SBPRF35
0.175648
Curr Bio
172765
B35
315268
F35
0.66919
FOFL
0.203274
OFL
10647
Bzero
50185.1
#pred survey bio
 10076.5 7689.91 5481.23 5840.47 8948.76 14312.7 22498.3 31171.3 42694.2 61274.2 81153.4 108816 156519 156192 146491 154355 160696 178814 192417 205897 174778 177878 187778 234208 244381 251348 235694 236607 165429 3.478e+06 3.65852e+06 2.27375e+06 1.35568e+06 871818 638895 528671 474964 447362 432351 423803 418784 415782 413970 412871 412189 411783 411540 411395 411308 411255 411224 411205 411194 411187 411183 411180 411179 411178 411177 411177 411177 411177 411177 411177 411177 411177 411177 411177 411177 411177 411177 411177 411177 411177 411177 411177 411177 411177 411177 411177 411177 411177 411177 411177 411177 411177 411177 411177 411177 411177 411177 411177 411177 411177 411177 411177 411177 411177 411177 411177 411177 411177 411177 411177 411177 411177 411177 411177 411177 411177 411177 411177 411177 411177 411177 411177 411177 411177 411177 411177 411177 411177 411177 411177 411177 411177 411177 411177 411177 0 0 0 0 0 0 0 0 0 0 0 0 0 0 0 0 0 0 0 0 0 0 0 0 0
#obs survey bio
 9019.62 5997.75 5545.67 7035.55 11761.9 13768.5 24429.2 32984.5 41638.9 47571.8 89468.7 88784.1 121204 164651 125724 206501 185603 156022 207074 205925 128472 277230 145295 252344 250226 249724 242020 283597 96336.7
#pred catch bio
 5544.3 4573.89 3395.67 3339.4 5048.27 8027.9 13908.7 20146.8 27148.9 43770.7 60082 75369.3 127509 128014 115782 124888 129784 147263 154223 184899 153559 157561 154683 206799 214656 230672 214167 232786 194481 10647 66196.3 37624.5 20196.2 11916.8 8481.79 7171.67 6699.33 6535.62 6480.47 6462.27 6456.37 6454.47 6453.87 6453.68 6453.62 6453.6 6453.59 6453.59 6453.59 6453.59 6453.59 6453.59 6453.59 6453.59 6453.59 6453.59 6453.59 6453.59 6453.59 6453.59 6453.59 6453.59 6453.59 6453.59 6453.59 6453.59 6453.59 6453.59 6453.59 6453.59 6453.59 6453.59 6453.59 6453.59 6453.59 6453.59 6453.59 6453.59 6453.59 6453.59 6453.59 6453.59 6453.59 6453.59 6453.59 6453.59 6453.59 6453.59 6453.59 6453.59 6453.59 6453.59 6453.59 6453.59 6453.59 6453.59 6453.59 6453.59 6453.59 6453.59 6453.59 6453.59 6453.59 6453.59 6453.59 6453.59 6453.59 6453.59 6453.59 6453.59 6453.59 6453.59 6453.59 6453.59 6453.59 6453.59 6453.59 6453.59 6453.59 6453.59 6453.59 6453.59 6453.59 6453.59 6453.59 6453.59 6453.59 6453.59 6453.59 0 0 0 0 0 0 0 0 0 0 0 0 0 0 0 0 0 0 0 0 0 0 0 0 0
#obs catch bio
 4202.28 4784.22 3881.42 3135.63 4625.3 7474.51 12788.8 18170.9 24240.7 44522.5 57502.8 68294.2 127262 123942 119688 114651 119119 150069 141475 173987 158754 147814 142262 186737 194222 210277 194320 203850 217667
#pred cpue bio
 9164.65 7132.04 4926.89 4901.24 7531.89 11956 18983.5 26253.7 35683.9 51222.8 66736.6 89359.1 129467 130665 122488 128129 133243 146574 159004 171157 142910 144477 151758 190199 198262 205179 190215 191575 135972 2.44701e+06 3.63097e+06 2.2462e+06 1.32813e+06 844268 611345 501121 447414 419812 404801 396254 391234 388232 386420 385321 384639 384233 383991 383845 383758 383706 383674 383656 383644 383637 383633 383631 383629 383628 383628 383628 383627 383627 383627 383627 383627 383627 383627 383627 383627 383627 383627 383627 383627 383627 383627 383627 383627 383627 383627 383627 383627 383627 383627 383627 383627 383627 383627 383627 383627 383627 383627 383627 383627 383627 383627 383627 383627 383627 383627 383627 383627 383627 383627 383627 383627 383627 383627 383627 383627 383627 383627 383627 383627 383627 383627 383627 383627 383627 383627 383627 383627 383627 383627 383627 383627 383627 383627 383627 383627 0 0 0 0 0 0 0 0 0 0 0 0 0 0 0 0 0 0 0 0 0 0 0 0 0
#obs cpue bio
 10107.8 6432.93 3134.06 7052.57 8985.46 14382 25780.4 39381.6 54119.7 45800.2 91087 157726 155188 139976 114566 167178 156632 133311 240412 221850 141794 145661 259301 281816 282393 294446 274981 271360 137448
#pred surv len freq
 1.33385e-11 1.4484e-09 9.27278e-08 3.50001e-06 7.78878e-05 0.00102193 0.00790603 0.0360829 0.097395 0.157446 0.161756 0.130532 0.112881 0.0969313 0.0681855 0.0429343 0.0274795 0.0178103 0.0118473 0.00831667 0.00629007 0.00520416 0.00447045 0.00343105 0.00199714
 1.04635e-11 1.13621e-09 7.27414e-08 2.74563e-06 6.11004e-05 0.000801688 0.00620302 0.02833 0.0767368 0.126216 0.13981 0.138797 0.149195 0.136217 0.08992 0.0480044 0.025368 0.0139369 0.00782722 0.0045577 0.00283509 0.00196419 0.00149516 0.0010903 0.00063144
 1.32264e-11 1.43623e-09 9.19487e-08 3.4706e-06 7.72335e-05 0.00101334 0.00783976 0.0357834 0.0966278 0.156537 0.162377 0.135064 0.121603 0.106695 0.0757795 0.0469541 0.0271535 0.013861 0.00642694 0.00298522 0.00146197 0.00078725 0.000484054 0.000312238 0.000172379
 1.70972e-11 1.85655e-09 1.18858e-07 4.4863e-06 9.98362e-05 0.00130988 0.0101332 0.0462344 0.124614 0.199977 0.198543 0.142305 0.101645 0.0765994 0.0478814 0.0249548 0.0129321 0.00684452 0.00339919 0.00149945 0.000598271 0.000238492 0.000106424 5.40521e-05 2.64368e-05
 1.66211e-11 1.80485e-09 1.15548e-07 4.36138e-06 9.70561e-05 0.00127341 0.00985125 0.0449519 0.121212 0.194957 0.195631 0.145668 0.110741 0.085295 0.0509228 0.0230214 0.00947886 0.00400448 0.00171548 0.00073099 0.000290765 0.000102694 3.39039e-05 1.19182e-05 4.51034e-06
 1.70106e-11 1.84715e-09 1.18256e-07 4.46359e-06 9.93306e-05 0.00130325 0.010082 0.0460027 0.124016 0.199229 0.198797 0.145101 0.106795 0.0811204 0.0489963 0.0229397 0.00967242 0.0038173 0.00135202 0.000453018 0.000151479 4.90876e-05 1.44969e-05 3.889e-06 1.02254e-06
 1.64692e-11 1.78836e-09 1.14492e-07 4.32152e-06 9.61692e-05 0.00126178 0.00976126 0.0445419 0.120115 0.193263 0.194262 0.145531 0.111793 0.0868266 0.0523829 0.0241383 0.0100129 0.00397093 0.00141895 0.000450078 0.000127182 3.28203e-05 8.00401e-06 1.81219e-06 3.69106e-07
 1.65554e-11 1.79771e-09 1.15091e-07 4.34412e-06 9.66721e-05 0.00126837 0.00981229 0.0447744 0.120737 0.194224 0.195037 0.14561 0.111227 0.0860887 0.0518235 0.0237786 0.00977496 0.0038223 0.00134517 0.000423183 0.000117861 2.82493e-05 5.80927e-06 1.04891e-06 1.69271e-07
 1.6921e-11 1.83742e-09 1.17633e-07 4.44008e-06 9.88074e-05 0.00129639 0.0100289 0.0457614 0.123377 0.198297 0.19831 0.145897 0.108731 0.0828155 0.0492896 0.0221705 0.00885985 0.00339077 0.00117694 0.000365141 0.000100178 2.36106e-05 4.6714e-06 7.61591e-07 1.02025e-07
 1.68945e-11 1.83454e-09 1.17449e-07 4.43312e-06 9.86527e-05 0.00129436 0.0100133 0.04569 0.123188 0.198018 0.198151 0.146093 0.109248 0.0832975 0.0494345 0.0220315 0.00865527 0.00324141 0.00109631 0.000331231 8.89973e-05 2.06225e-05 4.00721e-06 6.34911e-07 7.98883e-08
 1.76359e-11 1.91505e-09 1.22603e-07 4.62765e-06 0.000102982 0.00135115 0.0104525 0.047691 0.128539 0.206268 0.204742 0.146555 0.104001 0.0765274 0.0443223 0.0189142 0.00694559 0.00246072 0.000805762 0.000237227 6.20266e-05 1.39836e-05 2.65243e-06 4.11513e-07 5.05299e-08
 1.7649e-11 1.91647e-09 1.22694e-07 4.6311e-06 0.000103058 0.00135216 0.0104603 0.0477269 0.12864 0.20646 0.205079 0.14717 0.104839 0.0770547 0.0440453 0.0180715 0.00615696 0.0020068 0.000609602 0.000167604 4.163e-05 9.05531e-06 1.6664e-06 2.51333e-07 3.00812e-08
 1.73298e-11 1.88181e-09 1.20475e-07 4.54734e-06 0.000101194 0.00132771 0.0102712 0.0468653 0.126335 0.202907 0.202234 0.146953 0.107081 0.0799902 0.0463294 0.0195072 0.00691415 0.00228943 0.000670482 0.000170634 3.88241e-05 7.81223e-06 1.35248e-06 1.95122e-07 2.25713e-08
 1.67037e-11 1.81382e-09 1.16122e-07 4.38304e-06 9.75383e-05 0.00127974 0.00990025 0.0451764 0.12183 0.196059 0.197233 0.148122 0.113889 0.0872918 0.0500057 0.0199712 0.00642155 0.00196506 0.000566875 0.000145899 3.26868e-05 6.19712e-06 9.85955e-07 1.30974e-07 1.41772e-08
 1.67437e-11 1.81816e-09 1.164e-07 4.39353e-06 9.77717e-05 0.0012828 0.00992392 0.0452841 0.122116 0.196482 0.197484 0.147861 0.113178 0.0866674 0.0499094 0.0202552 0.00667858 0.00204641 0.000561072 0.000133399 2.82927e-05 5.26672e-06 8.22176e-07 1.03987e-07 1.04443e-08
 1.71291e-11 1.86002e-09 1.1908e-07 4.49468e-06 0.000100023 0.00131233 0.0101523 0.0463241 0.124892 0.200717 0.200657 0.147399 0.109375 0.0824157 0.0475043 0.0195809 0.00666844 0.00211908 0.000597689 0.000143824 2.97824e-05 5.22932e-06 7.68672e-07 9.34647e-08 9.09773e-09
 1.7159e-11 1.86326e-09 1.19288e-07 4.50252e-06 0.000100197 0.00131462 0.01017 0.0464049 0.125111 0.201074 0.201039 0.147737 0.109647 0.0824532 0.0471382 0.0189842 0.00620224 0.00191004 0.000540456 0.000133765 2.85927e-05 5.1042e-06 7.41047e-07 8.63711e-08 7.96669e-09
 1.77049e-11 1.92254e-09 1.23083e-07 4.64575e-06 0.000103384 0.00135644 0.0104934 0.0478778 0.129045 0.2071 0.205664 0.147449 0.104824 0.076823 0.043619 0.0175504 0.00572293 0.00174237 0.000479975 0.00011494 2.41889e-05 4.36868e-06 6.50218e-07 7.70824e-08 7.06961e-09
 1.72959e-11 1.87813e-09 1.2024e-07 4.53845e-06 0.000100997 0.00132511 0.0102511 0.0467746 0.126101 0.202613 0.202327 0.148018 0.108977 0.081404 0.0461182 0.0181395 0.00564045 0.00163593 0.000439423 0.000103714 2.13806e-05 3.75884e-06 5.48966e-07 6.51123e-08 6.06109e-09
 1.70298e-11 1.84923e-09 1.1839e-07 4.46862e-06 9.94426e-05 0.00130472 0.0100934 0.0460563 0.12418 0.199649 0.199947 0.147815 0.110809 0.083822 0.0480212 0.0193585 0.00629926 0.00189425 0.000505636 0.000114873 2.27485e-05 3.89117e-06 5.55733e-07 6.44106e-08 5.88955e-09
 1.77667e-11 1.92925e-09 1.23513e-07 4.66198e-06 0.000103746 0.00136118 0.01053 0.0480452 0.129497 0.207834 0.206431 0.148084 0.105294 0.0768536 0.0429248 0.0164392 0.00483797 0.00131851 0.000341967 7.92063e-05 1.59061e-05 2.6761e-06 3.69124e-07 4.13655e-08 3.68212e-09
 1.80633e-11 1.96146e-09 1.25575e-07 4.73981e-06 0.000105478 0.0013839 0.0107058 0.0488455 0.131635 0.21111 0.208952 0.14795 0.102709 0.0738246 0.0410189 0.0156426 0.00454794 0.00119876 0.000290805 6.14337e-05 1.14837e-05 1.89128e-06 2.61792e-07 2.91476e-08 2.53229e-09
 1.82745e-11 1.98439e-09 1.27042e-07 4.79521e-06 0.00010671 0.00140007 0.0108308 0.0494153 0.133158 0.213448 0.210774 0.14793 0.100981 0.0717335 0.0396074 0.0149498 0.0042506 0.00108823 0.00025783 5.295e-05 9.39413e-06 1.43238e-06 1.83778e-07 1.95466e-08 1.67112e-09
 1.80843e-11 1.96374e-09 1.25721e-07 4.74533e-06 0.0001056 0.00138551 0.0107182 0.0489021 0.131785 0.211328 0.209063 0.147755 0.102244 0.0734292 0.0409758 0.0158589 0.00475859 0.00129473 0.000314488 6.39014e-05 1.10408e-05 1.62907e-06 1.99451e-07 1.98603e-08 1.58172e-09
 1.81067e-11 1.96618e-09 1.25876e-07 4.7512e-06 0.000105731 0.00138723 0.0107315 0.0489627 0.131949 0.211597 0.209357 0.14803 0.10248 0.0734749 0.0406843 0.0153749 0.00438391 0.00113242 0.000273594 5.77539e-05 1.04185e-05 1.56122e-06 1.88586e-07 1.82035e-08 1.38677e-09
 1.7829e-11 1.93602e-09 1.23946e-07 4.67833e-06 0.00010411 0.00136595 0.010567 0.0482134 0.129948 0.208533 0.207009 0.14819 0.104958 0.0763663 0.042495 0.0161077 0.00460715 0.00118423 0.000278844 5.63771e-05 9.85365e-06 1.4845e-06 1.8482e-07 1.82831e-08 1.39441e-09
 1.8325e-11 1.98988e-09 1.27394e-07 4.80848e-06 0.000107006 0.00140395 0.0108608 0.0495518 0.133523 0.214016 0.211247 0.148025 0.10072 0.0713331 0.0392257 0.0146421 0.00405437 0.00100007 0.000229763 4.59528e-05 7.90077e-06 1.15464e-06 1.39311e-07 1.36229e-08 1.05186e-09
 1.81778e-11 1.9739e-09 1.26371e-07 4.76986e-06 0.000106146 0.00139267 0.0107736 0.0491547 0.132463 0.212396 0.210027 0.148178 0.102135 0.0729322 0.0401538 0.0149331 0.00408909 0.000988508 0.000221057 4.26959e-05 7.08294e-06 1.0092e-06 1.194e-07 1.13978e-08 8.5701e-10
 1.7461e-11 1.89606e-09 1.21387e-07 4.58176e-06 0.000101961 0.00133776 0.0103489 0.0472208 0.127301 0.204522 0.204138 0.149066 0.109248 0.0808496 0.0445762 0.0161142 0.00407953 0.000873235 0.000177802 3.27556e-05 5.26458e-06 7.25768e-07 8.28944e-08 7.66624e-09 5.61839e-10
#obs surv len freq
 1.25792e-11 1.36595e-09 8.74491e-08 3.30077e-06 7.34542e-05 0.000963759 0.00745625 0.0340353 0.0919386 0.1492 0.156027 0.133255 0.124786 0.113085 0.0823929 0.0513954 0.0296616 0.0153027 0.00681412 0.00257779 0.000800414 0.000193178 3.41529e-05 4.20511e-06 3.46992e-07
 5.99932e-12 6.51456e-10 4.17068e-08 1.57423e-06 3.50331e-05 0.000459701 0.00355838 0.016285 0.044558 0.0768051 0.100931 0.137293 0.182107 0.179288 0.124442 0.0695444 0.0361469 0.0175075 0.00744408 0.00264807 0.000752607 0.000163415 2.59133e-05 2.86996e-06 2.13499e-07
 1.76852e-11 1.9204e-09 1.22946e-07 4.64059e-06 0.00010327 0.00135493 0.0104814 0.0478173 0.128791 0.205912 0.200634 0.133562 0.0835762 0.0634215 0.0503494 0.0363002 0.0217202 0.010296 0.00397935 0.00128521 0.000335138 6.64574e-05 9.51323e-06 9.43936e-07 6.28238e-08
 1.56789e-11 1.70254e-09 1.08998e-07 4.11414e-06 9.15546e-05 0.00120125 0.00929363 0.0424207 0.114545 0.185342 0.190408 0.151278 0.123263 0.0946649 0.0531524 0.0214343 0.00783602 0.00322958 0.00129639 0.000417341 0.000101226 1.81542e-05 2.34133e-06 2.09172e-07 1.25049e-08
 1.72165e-11 1.86951e-09 1.19688e-07 4.51763e-06 0.000100534 0.00131905 0.0102047 0.0465711 0.125639 0.202368 0.203528 0.150416 0.109444 0.0791392 0.0445372 0.0183516 0.00606989 0.00173414 0.000441061 0.0001052 2.25788e-05 3.79652e-06 4.53075e-07 3.67287e-08 1.97486e-09
 1.62142e-11 1.76067e-09 1.1272e-07 4.25461e-06 9.46807e-05 0.00124227 0.00961127 0.0438744 0.118502 0.191845 0.196922 0.154458 0.121261 0.0892635 0.0481772 0.0180058 0.00514926 0.00126592 0.000268681 4.72035e-05 6.87497e-06 8.37809e-07 8.17645e-08 5.86101e-09 2.8603e-10
 1.56457e-11 1.69894e-09 1.08768e-07 4.10544e-06 9.13615e-05 0.00119873 0.00927485 0.0423472 0.114473 0.185954 0.193251 0.156331 0.126662 0.0938699 0.0505649 0.0189761 0.00543137 0.00128332 0.000245314 3.64797e-05 4.21678e-06 3.79808e-07 2.63032e-08 1.37226e-09 5.22695e-11
 1.6857e-11 1.83047e-09 1.17188e-07 4.42329e-06 9.84347e-05 0.00129153 0.00999259 0.0456176 0.123221 0.19941 0.20371 0.155851 0.115822 0.0810195 0.0424841 0.015736 0.00446846 0.0010451 0.000195946 2.79659e-05 2.97318e-06 2.32267e-07 1.31029e-08 5.26273e-10 1.48889e-11
 1.60304e-11 1.74072e-09 1.11442e-07 4.2064e-06 9.36084e-05 0.00122823 0.00950356 0.0433991 0.117384 0.190987 0.198944 0.159963 0.12547 0.0883471 0.0446499 0.0152714 0.00382134 0.000781108 0.000133267 1.79822e-05 1.83053e-06 1.35831e-07 7.11296e-09 2.5613e-10 6.22949e-12
 1.49405e-11 1.62236e-09 1.03865e-07 3.92041e-06 8.72447e-05 0.00114477 0.00885877 0.040474 0.109687 0.179844 0.192439 0.164749 0.137328 0.0976856 0.0480502 0.0154754 0.00347016 0.000604901 8.66461e-05 9.8918e-06 8.66585e-07 5.6949e-08 2.72026e-09 9.08321e-11 2.05006e-12
 1.7569e-11 1.90779e-09 1.22138e-07 4.61013e-06 0.000102593 0.00134612 0.0104156 0.0475584 0.12854 0.208289 0.212755 0.159963 0.111816 0.0715838 0.0338588 0.0108247 0.00244956 0.000427213 5.85551e-05 6.03005e-06 4.53279e-07 2.48894e-08 9.94656e-10 2.83189e-11 5.58337e-13
 1.59444e-11 1.73138e-09 1.10844e-07 4.18385e-06 9.31076e-05 0.00122171 0.00945452 0.0431989 0.117067 0.191653 0.202882 0.166645 0.129002 0.085399 0.0392273 0.0115518 0.00224443 0.000316636 3.57429e-05 3.26038e-06 2.27559e-07 1.15839e-08 4.1654e-10 1.03235e-11 1.7335e-13
 1.61288e-11 1.7514e-09 1.12126e-07 4.23223e-06 9.41846e-05 0.00123586 0.00956444 0.0437072 0.118492 0.194151 0.205618 0.167869 0.1274 0.0821911 0.0368267 0.0105693 0.00198447 0.000263849 2.68401e-05 2.10024e-06 1.21326e-07 5.0691e-09 1.53194e-10 3.3105e-12 4.96638e-14
 1.31201e-11 1.42469e-09 9.121e-08 3.44277e-06 7.66183e-05 0.00100548 0.00778503 0.0356387 0.0972764 0.163417 0.187195 0.179232 0.157506 0.107039 0.04776 0.0133428 0.0023951 0.000297537 2.77776e-05 1.98903e-06 1.04837e-07 3.92086e-09 1.02772e-10 1.87292e-12 2.33977e-14
 1.4895e-11 1.61742e-09 1.03549e-07 3.90851e-06 8.69826e-05 0.00114145 0.00883647 0.0404244 0.110012 0.182582 0.200588 0.175188 0.139537 0.0895592 0.0389451 0.0108299 0.00198109 0.000256304 2.48134e-05 1.77559e-06 8.95641e-08 3.10398e-09 7.38902e-11 1.20936e-12 1.34573e-14
 1.5148e-11 1.6449e-09 1.05308e-07 3.97491e-06 8.8461e-05 0.00116088 0.00898753 0.0411239 0.111971 0.185969 0.204069 0.176281 0.136959 0.085435 0.0361744 0.00979693 0.00174063 0.000217908 2.04533e-05 1.43561e-06 7.21007e-08 2.50788e-09 5.95225e-11 9.51133e-13 1.00601e-14
 1.56441e-11 1.69877e-09 1.08757e-07 4.10511e-06 9.13591e-05 0.00119893 0.00928252 0.042477 0.115654 0.191875 0.209107 0.17654 0.132021 0.0793044 0.0324209 0.00843051 0.00141417 0.000163022 1.3869e-05 8.88526e-07 4.14534e-08 1.35892e-09 3.0728e-11 4.72329e-13 4.84288e-15
 1.48933e-11 1.61724e-09 1.03538e-07 3.90814e-06 8.69775e-05 0.00114152 0.00884045 0.0404907 0.110571 0.185099 0.206439 0.18102 0.138903 0.0833818 0.0336931 0.00868495 0.00145873 0.000169785 1.4464e-05 9.02376e-07 3.97153e-08 1.19964e-09 2.47013e-11 3.45696e-13 3.25187e-15
 1.45233e-11 1.57706e-09 1.00966e-07 3.81107e-06 8.48192e-05 0.00111328 0.00862385 0.0395286 0.108189 0.182242 0.206042 0.183761 0.141631 0.0843316 0.03388 0.00882323 0.00153754 0.00019008 1.71758e-05 1.10936e-06 4.93126e-08 1.47851e-09 2.97316e-11 3.98567e-13 3.51968e-15
 1.55313e-11 1.68652e-09 1.07974e-07 4.0756e-06 9.07067e-05 0.00119055 0.00922178 0.0422547 0.115465 0.193218 0.213627 0.181148 0.131177 0.0745725 0.0291126 0.00745446 0.00128923 0.000159373 1.44765e-05 9.45613e-07 4.2845e-08 1.31559e-09 2.69905e-11 3.64661e-13 3.1949e-15
 1.41622e-11 1.53786e-09 9.84563e-08 3.71643e-06 8.27179e-05 0.00108591 0.00841651 0.0386415 0.106242 0.180982 0.208904 0.18945 0.143959 0.0821258 0.0311726 0.00757696 0.00121072 0.00013513 1.10872e-05 6.70225e-07 2.88951e-08 8.60785e-10 1.73273e-11 2.31167e-13 2.00674e-15
 1.59262e-11 1.72941e-09 1.1072e-07 4.17931e-06 9.30185e-05 0.00122102 0.00946058 0.0433802 0.118722 0.199096 0.219718 0.182531 0.126033 0.0676156 0.0249702 0.00605101 0.000982291 0.000111906 9.16881e-06 5.31998e-07 2.1258e-08 5.76226e-10 1.05431e-11 1.29269e-13 1.04716e-15
 1.60855e-11 1.74671e-09 1.11828e-07 4.22118e-06 9.39528e-05 0.00123338 0.0095582 0.0438494 0.120138 0.20185 0.222945 0.183802 0.123924 0.0640831 0.0225627 0.00511734 0.000755659 7.63593e-05 5.56187e-06 2.96009e-07 1.12172e-08 2.9263e-10 5.12524e-12 5.91639e-14 4.43461e-16
 1.53211e-11 1.6637e-09 1.06514e-07 4.0207e-06 8.94967e-05 0.00117511 0.00911184 0.0418691 0.115224 0.19581 0.22157 0.188928 0.130058 0.0670259 0.0231862 0.00513617 0.000736306 7.12891e-05 4.86397e-06 2.36376e-07 8.02572e-09 1.86213e-10 2.91609e-12 3.05436e-14 2.11218e-16
 1.57376e-11 1.70893e-09 1.09411e-07 4.13008e-06 9.1934e-05 0.0012072 0.00936189 0.0430278 0.118422 0.200946 0.225585 0.188126 0.125053 0.0621756 0.0208352 0.00447938 0.000621892 5.79411e-05 3.77068e-06 1.73345e-07 5.52483e-09 1.19132e-10 1.71121e-12 1.62199e-14 1.00502e-16
 1.41225e-11 1.53356e-09 9.81846e-08 3.70653e-06 8.25193e-05 0.00108407 0.00841799 0.0388299 0.107919 0.187653 0.221536 0.198024 0.138416 0.0695869 0.0229588 0.00478937 0.000637404 5.61539e-05 3.41481e-06 1.46054e-07 4.33925e-09 8.74165e-11 1.17231e-12 1.03407e-14 5.93478e-17
 1.64262e-11 1.78371e-09 1.142e-07 4.31098e-06 9.59678e-05 0.00126037 0.0097777 0.0449664 0.123826 0.209722 0.232458 0.1866 0.116349 0.0539869 0.017005 0.00345475 0.000452574 3.93777e-05 2.35039e-06 9.71879e-08 2.74213e-09 5.16844e-11 6.41925e-13 5.21592e-15 2.75376e-17
 1.41223e-11 1.53356e-09 9.81877e-08 3.70693e-06 8.25441e-05 0.00108491 0.00843415 0.0390051 0.10898 0.191127 0.227133 0.200808 0.135064 0.0641538 0.0198061 0.00382045 0.000460075 3.55012e-05 1.83008e-06 6.54209e-08 1.63903e-09 2.83032e-11 3.28462e-13 2.50858e-15 1.24114e-17
 1.18386e-11 1.2856e-09 8.23171e-08 3.1083e-06 6.92464e-05 0.00091125 0.00710681 0.0331382 0.0944778 0.173217 0.222269 0.214404 0.152655 0.0739243 0.0228409 0.00440386 0.000534583 4.19906e-05 2.20073e-06 7.81622e-08 1.86823e-09 2.95263e-11 3.04514e-13 2.0403e-15 8.87599e-18
#pred catch len freq
 1.25465e-11 1.3624e-09 8.7222e-08 3.2922e-06 7.32632e-05 0.000961252 0.00743679 0.0339449 0.0916739 0.148598 0.154544 0.129558 0.117671 0.103305 0.0730523 0.04604 0.0294702 0.0191007 0.0127057 0.00891921 0.00674578 0.0055812 0.00479434 0.00367963 0.00214183
 9.86385e-12 1.0711e-09 6.85726e-08 2.58828e-06 5.75988e-05 0.000755749 0.00584775 0.0267115 0.0724097 0.119555 0.134533 0.138572 0.153643 0.141744 0.0937816 0.0500865 0.0264697 0.0145422 0.00816718 0.00475566 0.00295823 0.0020495 0.0015601 0.00113765 0.000658866
 1.27464e-11 1.38411e-09 8.8612e-08 3.34466e-06 7.44308e-05 0.000976573 0.0075554 0.0344879 0.0931624 0.15119 0.158078 0.134677 0.124856 0.110943 0.079029 0.0489918 0.0283335 0.0144634 0.00670626 0.00311496 0.00152551 0.000821465 0.000505092 0.000325808 0.000179871
 1.65455e-11 1.79665e-09 1.15023e-07 4.34154e-06 9.66148e-05 0.00126762 0.00980638 0.0447456 0.120634 0.193855 0.193716 0.142176 0.105866 0.0818018 0.0514863 0.0268689 0.0139265 0.00737095 0.00366063 0.00161477 0.000644285 0.000256835 0.00011461 5.82094e-05 2.84701e-05
 1.60203e-11 1.73962e-09 1.11372e-07 4.20373e-06 9.35481e-05 0.00122739 0.00949534 0.0433307 0.11688 0.188311 0.190473 0.145801 0.115765 0.0912907 0.054843 0.0248243 0.0102232 0.004319 0.00185022 0.000788404 0.000313603 0.00011076 3.65668e-05 1.28543e-05 4.8646e-06
 1.64186e-11 1.78287e-09 1.14141e-07 4.30824e-06 9.58737e-05 0.0012579 0.00973127 0.0444051 0.119747 0.192677 0.1937 0.145192 0.11169 0.0870054 0.0529096 0.024805 0.010461 0.00412861 0.00146228 0.000489963 0.000163833 5.30909e-05 1.56792e-05 4.20616e-06 1.10594e-06
 1.60681e-11 1.7448e-09 1.11704e-07 4.21626e-06 9.38267e-05 0.00123104 0.0095236 0.0434593 0.117222 0.188825 0.190815 0.145611 0.115136 0.090831 0.0550247 0.0253762 0.0105277 0.00417514 0.00149192 0.000473224 0.000133722 3.45081e-05 8.41562e-06 1.90538e-06 3.88087e-07
 1.62675e-11 1.76645e-09 1.1309e-07 4.26858e-06 9.49911e-05 0.00124632 0.00964174 0.0439975 0.118661 0.191039 0.192564 0.145671 0.113632 0.088967 0.0537196 0.0246634 0.0101396 0.00396494 0.00139536 0.000438975 0.000122259 2.93035e-05 6.02606e-06 1.08805e-06 1.75587e-07
 1.66032e-11 1.80291e-09 1.15424e-07 4.35667e-06 9.69514e-05 0.00127204 0.00984064 0.0449037 0.121085 0.194782 0.195586 0.14598 0.111411 0.08601 0.0513777 0.0231265 0.00924295 0.00353743 0.00122785 0.000380934 0.000104511 2.46318e-05 4.87345e-06 7.94531e-07 1.06438e-07
 1.68832e-11 1.83332e-09 1.17371e-07 4.43016e-06 9.85868e-05 0.00129349 0.0100066 0.0456596 0.123106 0.197894 0.198054 0.146096 0.109343 0.0834113 0.0495086 0.0220651 0.00866851 0.00324637 0.00109799 0.000331738 8.91335e-05 2.06541e-05 4.01334e-06 6.35883e-07 8.00106e-08
 1.77221e-11 1.92441e-09 1.23202e-07 4.65028e-06 0.000103485 0.00135776 0.0105036 0.0479237 0.129161 0.20722 0.205477 0.146522 0.103257 0.0756493 0.0437594 0.0186693 0.00685536 0.00242874 0.00079529 0.000234144 6.12205e-05 1.38019e-05 2.61796e-06 4.06165e-07 4.98732e-08
 1.75592e-11 1.90672e-09 1.2207e-07 4.60754e-06 0.000102534 0.00134528 0.0104071 0.0474846 0.127992 0.205469 0.204317 0.147213 0.105627 0.0779783 0.044629 0.0183157 0.00624043 0.00203402 0.000617871 0.000169877 4.21946e-05 9.17813e-06 1.68901e-06 2.54741e-07 3.04892e-08
 1.77124e-11 1.92336e-09 1.23135e-07 4.64773e-06 0.000103429 0.00135702 0.0104978 0.0478977 0.129093 0.207133 0.20549 0.146789 0.103756 0.0760742 0.0438311 0.0184355 0.00653312 0.00216321 0.000633518 0.000161227 3.66837e-05 7.38154e-06 1.27792e-06 1.84365e-07 2.13269e-08
 1.71356e-11 1.86072e-09 1.19125e-07 4.49638e-06 0.00010006 0.00131283 0.0101561 0.0463419 0.124943 0.200826 0.20089 0.147885 0.110058 0.0828201 0.0472088 0.018835 0.00605512 0.00185289 0.000534515 0.00013757 3.08209e-05 5.84335e-06 9.29672e-07 1.23497e-07 1.33679e-08
 1.70486e-11 1.85127e-09 1.1852e-07 4.47354e-06 9.95521e-05 0.00130616 0.0101045 0.0461068 0.124314 0.199848 0.200069 0.147704 0.110488 0.0835194 0.0479286 0.0194373 0.00640814 0.00196351 0.000538343 0.000127995 2.71466e-05 5.05336e-06 7.88869e-07 9.97743e-08 1.00212e-08
 1.74979e-11 1.90007e-09 1.21644e-07 4.59145e-06 0.000102176 0.00134059 0.0103708 0.0473192 0.12755 0.20479 0.203788 0.147223 0.106142 0.078622 0.0451032 0.0185732 0.00632418 0.00200964 0.000566821 0.000136396 2.82443e-05 4.95925e-06 7.28974e-07 8.86377e-08 8.62787e-09
 1.75202e-11 1.90249e-09 1.21799e-07 4.59731e-06 0.000102306 0.00134229 0.010384 0.0473796 0.127714 0.205062 0.2041 0.147546 0.106454 0.0787199 0.044795 0.0180233 0.00588732 0.00181302 0.000513002 0.00012697 2.71403e-05 4.84492e-06 7.03404e-07 8.19837e-08 7.56201e-09
 1.81028e-11 1.96574e-09 1.25849e-07 4.75016e-06 0.000105708 0.00138692 0.0107291 0.0489514 0.131913 0.211492 0.209035 0.147239 0.101306 0.07271 0.0410368 0.0164908 0.00537625 0.00163678 0.000450886 0.000107974 2.2723e-05 4.10391e-06 6.10812e-07 7.24109e-08 6.64116e-09
 1.76264e-11 1.91401e-09 1.22537e-07 4.62516e-06 0.000102926 0.00135043 0.0104469 0.0476663 0.128482 0.206259 0.205121 0.147827 0.10603 0.0779714 0.043981 0.0172832 0.00537332 0.00155842 0.000418603 9.87993e-05 2.03675e-05 3.58074e-06 5.22955e-07 6.20272e-08 5.7739e-09
 1.77784e-11 1.93053e-09 1.23594e-07 4.66506e-06 0.000103814 0.00136207 0.010537 0.0480763 0.129575 0.207913 0.20629 0.147418 0.104188 0.0760812 0.0431605 0.0173638 0.0056482 0.00169839 0.000453354 0.000102995 2.03963e-05 3.48882e-06 4.98271e-07 5.77506e-08 5.28057e-09
 1.83698e-11 1.99474e-09 1.27705e-07 4.82022e-06 0.000107267 0.00140737 0.0108873 0.0496723 0.133843 0.214487 0.211518 0.147704 0.0998674 0.0705578 0.0390383 0.0149211 0.00438959 0.00119625 0.000310257 7.18616e-05 1.44312e-05 2.42795e-06 3.34896e-07 3.75297e-08 3.34068e-09
 1.86671e-11 2.02703e-09 1.29772e-07 4.89825e-06 0.000109003 0.00143015 0.0110635 0.0504747 0.135986 0.21777 0.214044 0.147563 0.0972671 0.0675142 0.0371269 0.0141274 0.00410576 0.00108215 0.000262515 5.54573e-05 1.03665e-05 1.70729e-06 2.36324e-07 2.6312e-08 2.28594e-09
 1.86413e-11 2.02422e-09 1.29592e-07 4.89146e-06 0.000108852 0.00142817 0.0110481 0.050405 0.135801 0.217493 0.213865 0.147688 0.0976648 0.067893 0.0372462 0.0140393 0.00399071 0.00102166 0.000242056 4.97106e-05 8.81941e-06 1.34474e-06 1.72535e-07 1.83508e-08 1.56888e-09
 1.86763e-11 2.02803e-09 1.29836e-07 4.90067e-06 0.000109057 0.00143086 0.0110689 0.0504994 0.136051 0.217859 0.214062 0.147393 0.0969356 0.067259 0.037151 0.0143476 0.00430342 0.00117082 0.00028439 5.77856e-05 9.98417e-06 1.47316e-06 1.80363e-07 1.79595e-08 1.43034e-09
 1.86796e-11 2.02838e-09 1.29859e-07 4.90152e-06 0.000109076 0.00143111 0.0110708 0.0505084 0.136077 0.217915 0.214184 0.147653 0.0973027 0.0674785 0.036997 0.0139522 0.0039767 0.00102718 0.000248165 5.2386e-05 9.45017e-06 1.41612e-06 1.71058e-07 1.65116e-08 1.25787e-09
 1.85751e-11 2.01703e-09 1.29132e-07 4.87409e-06 0.000108466 0.0014231 0.0110089 0.0502264 0.135324 0.216761 0.213296 0.147702 0.0982187 0.0685587 0.0376901 0.0142498 0.00407382 0.00104707 0.000246546 4.98471e-05 8.71232e-06 1.31256e-06 1.63413e-07 1.61654e-08 1.2329e-09
 1.89846e-11 2.0615e-09 1.31979e-07 4.98154e-06 0.000110857 0.00145447 0.0112515 0.0513314 0.138276 0.221288 0.216799 0.147576 0.094735 0.0644133 0.0349863 0.0130252 0.00360487 0.000889131 0.000204273 4.08548e-05 7.02426e-06 1.02655e-06 1.23855e-07 1.21116e-08 9.35167e-10
 1.91218e-11 2.0764e-09 1.32933e-07 5.01756e-06 0.000111658 0.00146499 0.0113328 0.0517017 0.139265 0.222805 0.21797 0.147527 0.093557 0.0630194 0.0340886 0.0126296 0.00345588 0.000835347 0.000186804 3.60801e-05 5.98542e-06 8.5282e-07 1.00898e-07 9.6317e-09 7.24215e-10
 1.92463e-11 2.08992e-09 1.33799e-07 5.05023e-06 0.000112385 0.00147453 0.0114066 0.0520379 0.140165 0.224201 0.219124 0.147732 0.0928671 0.0619996 0.0331535 0.0119067 0.00301056 0.000644286 0.000131182 2.4167e-05 3.88419e-06 5.35469e-07 6.11592e-08 5.65612e-09 4.14523e-10
#obs catch len freq
 1.14263e-11 1.24076e-09 7.94346e-08 2.99826e-06 6.67224e-05 0.00087544 0.0067732 0.030923 0.083609 0.136308 0.14548 0.131744 0.131804 0.122907 0.090456 0.0566221 0.0326654 0.0170947 0.00800084 0.0032557 0.00107972 0.000273921 5.05022e-05 6.4657e-06 5.52473e-07
 1.22748e-11 1.3329e-09 8.53334e-08 3.22091e-06 7.16772e-05 0.000940448 0.00727611 0.033217 0.089777 0.146032 0.154056 0.134315 0.127796 0.115731 0.0839238 0.0520604 0.0297332 0.0151087 0.00659765 0.00243161 0.000729097 0.000168285 2.82031e-05 3.26783e-06 2.52288e-07
 5.85347e-12 6.35618e-10 4.06928e-08 1.53596e-06 3.41816e-05 0.000448537 0.00347229 0.0158976 0.0435741 0.0756066 0.101055 0.139605 0.18473 0.180125 0.123999 0.0688448 0.0354292 0.016893 0.0070288 0.002429 0.000665255 0.000138015 2.07372e-05 2.16057e-06 1.50343e-07
 1.75839e-11 1.9094e-09 1.22241e-07 4.614e-06 0.000102678 0.00134717 0.0104215 0.0475457 0.12808 0.204905 0.200126 0.13416 0.0848347 0.0645579 0.051005 0.0363371 0.0213583 0.00992646 0.00375115 0.0011763 0.000295148 5.58338e-05 7.56667e-06 7.06121e-07 4.39596e-08
 1.56591e-11 1.7004e-09 1.08861e-07 4.10896e-06 9.14395e-05 0.00119974 0.00928217 0.0423719 0.11445 0.185405 0.191135 0.15268 0.124086 0.0940753 0.0520918 0.0208097 0.00756645 0.00307373 0.00120031 0.000373199 8.6906e-05 1.48571e-05 1.81293e-06 1.52262e-07 8.51354e-09
 1.72831e-11 1.87674e-09 1.20151e-07 4.53509e-06 0.000100922 0.00132416 0.0102443 0.0467547 0.12616 0.203342 0.204839 0.151529 0.109407 0.0778534 0.0431276 0.0175146 0.00569533 0.00159385 0.000396698 9.20444e-05 1.89755e-05 3.03396e-06 3.4206e-07 2.60572e-08 1.31036e-09
 1.63307e-11 1.77332e-09 1.13529e-07 4.28517e-06 9.53611e-05 0.0012512 0.00968056 0.0441938 0.119393 0.193427 0.198811 0.155719 0.120753 0.087212 0.0462408 0.0170083 0.0047795 0.00114781 0.000236648 4.02405e-05 5.64531e-06 6.57229e-07 6.06791e-08 4.08385e-09 1.8624e-10
 1.57975e-11 1.71542e-09 1.09823e-07 4.14527e-06 9.22479e-05 0.00121037 0.00936511 0.0427628 0.115627 0.187965 0.195532 0.157671 0.125843 0.0913761 0.0483217 0.0178284 0.00500308 0.00115149 0.000213297 3.06218e-05 3.40003e-06 2.92332e-07 1.91986e-08 9.43122e-10 3.35958e-11
 1.70392e-11 1.85026e-09 1.18455e-07 4.4711e-06 9.94988e-05 0.0013055 0.0101009 0.0461149 0.124589 0.201717 0.206107 0.156929 0.114594 0.0783355 0.0402636 0.0146468 0.00407305 0.000926604 0.000168039 2.31002e-05 2.35395e-06 1.75321e-07 9.38084e-09 3.55488e-10 9.43679e-12
 1.62772e-11 1.76751e-09 1.13157e-07 4.27114e-06 9.50494e-05 0.00124715 0.00965015 0.0440717 0.119228 0.194052 0.201981 0.16105 0.123545 0.0848024 0.0419421 0.0140698 0.00344681 0.0006854 0.000113 1.46618e-05 1.42798e-06 1.00855e-07 5.00392e-09 1.70011e-10 3.88599e-12
 1.52141e-11 1.65207e-09 1.05767e-07 3.99221e-06 8.88428e-05 0.00116575 0.00902141 0.0412212 0.111741 0.183282 0.195874 0.165959 0.135065 0.0936164 0.045029 0.0142072 0.00311596 0.000528067 7.30204e-05 8.00934e-06 6.71065e-07 4.19414e-08 1.89539e-09 5.9628e-11 1.26365e-12
 1.78175e-11 1.93477e-09 1.23866e-07 4.67533e-06 0.000104044 0.00136517 0.0105632 0.0482355 0.130391 0.211325 0.215614 0.160686 0.109642 0.0681737 0.0314607 0.00983976 0.00217407 0.000367794 4.85789e-05 4.80249e-06 3.45271e-07 1.80378e-08 6.82013e-10 1.82845e-11 3.38134e-13
 1.62445e-11 1.76396e-09 1.1293e-07 4.26258e-06 9.48601e-05 0.00124472 0.00963289 0.0440181 0.119313 0.195359 0.206389 0.167488 0.12621 0.0811407 0.0363501 0.0104643 0.00198587 0.000272217 2.96095e-05 2.58596e-06 1.72125e-07 8.32326e-09 2.8316e-10 6.61482e-12 1.04312e-13
 1.64341e-11 1.78455e-09 1.14248e-07 4.31235e-06 9.59679e-05 0.00125927 0.00974601 0.0445414 0.120779 0.197921 0.209142 0.168604 0.124459 0.0779029 0.0340128 0.00953458 0.0017468 0.000225419 2.20777e-05 1.65374e-06 9.11617e-08 3.61996e-09 1.03408e-10 2.10197e-12 2.95631e-14
 1.34707e-11 1.46276e-09 9.36474e-08 3.53478e-06 7.86665e-05 0.00103238 0.0079939 0.0366018 0.0999429 0.167913 0.191598 0.180374 0.154005 0.101722 0.044263 0.0120765 0.00211451 0.000254911 2.29023e-05 1.56784e-06 7.87514e-08 2.79832e-09 6.9393e-11 1.19121e-12 1.39658e-14
 1.52263e-11 1.6534e-09 1.05852e-07 3.99546e-06 8.89181e-05 0.00116688 0.00903384 0.0413338 0.112522 0.186766 0.204538 0.175964 0.136155 0.0847926 0.0359149 0.00974464 0.00173618 0.000217457 2.02204e-05 1.38276e-06 6.64979e-08 2.19069e-09 4.93495e-11 7.60786e-13 7.94575e-15
 1.54816e-11 1.68112e-09 1.07627e-07 4.06246e-06 9.04099e-05 0.00118648 0.00918635 0.0420406 0.114503 0.190181 0.207985 0.176908 0.133447 0.0807056 0.0332591 0.00878267 0.00151883 0.000183949 1.65663e-05 1.1094e-06 5.30069e-08 1.74884e-09 3.92254e-11 5.90339e-13 5.8656e-15
 1.59659e-11 1.73371e-09 1.10994e-07 4.18957e-06 9.32395e-05 0.00122364 0.00947448 0.0433629 0.118104 0.195947 0.212845 0.177007 0.128516 0.0747827 0.0297288 0.00753251 0.00122957 0.000137165 1.11957e-05 6.83473e-07 3.02809e-08 9.39937e-10 2.00502e-11 2.89706e-13 2.78482e-15
 1.52234e-11 1.65309e-09 1.05833e-07 3.99478e-06 8.89069e-05 0.00116689 0.00903769 0.0414033 0.113108 0.189354 0.210382 0.181513 0.135199 0.0786539 0.0309079 0.00775949 0.00126679 0.000142428 1.16247e-05 6.90902e-07 2.88892e-08 8.26694e-10 1.60591e-11 2.11111e-13 1.85916e-15
 1.48588e-11 1.6135e-09 1.03299e-07 3.89915e-06 8.67809e-05 0.00113908 0.00882465 0.0404595 0.110786 0.186616 0.210092 0.184221 0.1378 0.0795275 0.0310663 0.00787378 0.00133111 0.00015852 1.36968e-05 8.42289e-07 3.55597e-08 1.00946e-09 1.9144e-11 2.41135e-13 1.99525e-15
 1.58553e-11 1.72171e-09 1.10226e-07 4.16066e-06 9.2601e-05 0.00121546 0.00941574 0.0431537 0.117967 0.19739 0.217365 0.181358 0.127439 0.0701337 0.0265925 0.00662041 0.0011095 0.000131937 1.14429e-05 7.10466e-07 3.05082e-08 8.8497e-10 1.70934e-11 2.16815e-13 1.77953e-15
 1.45035e-11 1.57492e-09 1.00829e-07 3.80603e-06 8.47142e-05 0.00111218 0.00862147 0.0395957 0.108921 0.185513 0.213023 0.189673 0.139796 0.0772623 0.0284933 0.00673482 0.00104346 0.000112123 8.77985e-06 5.03432e-07 2.05157e-08 5.75925e-10 1.08902e-11 1.36111e-13 1.10467e-15
 1.62435e-11 1.76387e-09 1.12926e-07 4.26262e-06 9.48746e-05 0.00124545 0.00965108 0.0442654 0.121192 0.203196 0.223266 0.182457 0.122218 0.0634124 0.0227144 0.00534408 0.00083939 9.18618e-05 7.1777e-06 3.95372e-07 1.49531e-08 3.82227e-10 6.56623e-12 7.52932e-14 5.6885e-16
 1.63981e-11 1.78065e-09 1.14001e-07 4.30324e-06 9.57817e-05 0.00125746 0.00974621 0.0447245 0.122585 0.205902 0.226381 0.183555 0.120041 0.0600046 0.020481 0.00451016 0.000645125 6.2719e-05 4.35533e-06 2.19439e-07 7.84298e-09 1.92479e-10 3.163e-12 3.41716e-14 2.39174e-16
 1.56477e-11 1.69917e-09 1.08786e-07 4.1065e-06 9.14096e-05 0.00120033 0.009309 0.0427901 0.117812 0.200119 0.225212 0.188594 0.125878 0.062734 0.0210411 0.00452424 0.000627931 5.84729e-05 3.80454e-06 1.75167e-07 5.61389e-09 1.22568e-10 1.79935e-12 1.76013e-14 1.13359e-16
 1.60562e-11 1.74354e-09 1.11627e-07 4.21379e-06 9.38008e-05 0.00123181 0.0095546 0.043929 0.120955 0.205138 0.229032 0.18763 0.120936 0.0581139 0.0188677 0.00393476 0.000528595 4.73454e-05 2.93698e-06 1.27848e-07 3.84447e-09 7.80114e-11 1.05123e-12 9.31628e-15 5.38151e-17
 1.44629e-11 1.57053e-09 1.00553e-07 3.79602e-06 8.45165e-05 0.00111045 0.00862526 0.039806 0.110693 0.192313 0.225419 0.197465 0.133781 0.0650749 0.0208184 0.00421407 0.000542821 4.59912e-05 2.66636e-06 1.07919e-07 3.02146e-09 5.72155e-11 7.19294e-13 5.93007e-15 3.1728e-17
 1.67298e-11 1.81669e-09 1.16312e-07 4.39081e-06 9.77492e-05 0.0012839 0.00996227 0.0458318 0.126256 0.213694 0.235548 0.185826 0.112373 0.0503458 0.0153411 0.00301885 0.00038215 3.19303e-05 1.8154e-06 7.10393e-08 1.89003e-09 3.35099e-11 3.9035e-13 2.96462e-15 1.45847e-17
 1.44586e-11 1.57008e-09 1.00528e-07 3.7954e-06 8.45211e-05 0.00111109 0.0086407 0.0399837 0.111775 0.195794 0.230843 0.199903 0.130309 0.0598667 0.0179116 0.00335188 0.000390984 2.9074e-05 1.43181e-06 4.84225e-08 1.13974e-09 1.84292e-11 1.99919e-13 1.42484e-15 6.56728e-18
#spawning biomass
 10303 7827.45 5618.8 6074.49 9301.44 14899.6 23373.1 32395.3 44439.8 63776.8 84745.4 113664 163257 162544 152465 160885 167532 186846 200738 214546 182717 186202 196757 245177 255875 262851 247031 247830 172765 106741 169386 96820.6 52507 31455.6 22721.7 19390.6 18189.6 17773.4 17633.1 17586.9 17571.9 17567 17565.5 17565 17564.9 17564.8 17564.8 17564.8 17564.8 17564.8 17564.8 17564.8 17564.8 17564.8 17564.8 17564.8 17564.8 17564.8 17564.8 17564.8 17564.8 17564.8 17564.8 17564.8 17564.8 17564.8 17564.8 17564.8 17564.8 17564.8 17564.8 17564.8 17564.8 17564.8 17564.8 17564.8 17564.8 17564.8 17564.8 17564.8 17564.8 17564.8 17564.8 17564.8 17564.8 17564.8 17564.8 17564.8 17564.8 17564.8 17564.8 17564.8 17564.8 17564.8 17564.8 17564.8 17564.8 17564.8 17564.8 17564.8 17564.8 17564.8 17564.8 17564.8 17564.8 17564.8 17564.8 17564.8 17564.8 17564.8 17564.8 17564.8 17564.8 17564.8 17564.8 17564.8 17564.8 17564.8 17564.8 17564.8 17564.8 17564.8 17564.8 17564.8 17564.8 17564.8 17564.8 17564.8 17564.8 0 0 0 0 0 0 0 0 0 0 0 0 0 0 0 0 0 0 0 0 0 0 0 0 0
