SBPRF35
0.178135
Curr Bio
208149
B35
461037
F35
0.581952
FOFL
0.31928
OFL
54407.5
Bzero
50895.7
#pred survey bio
 28583 34847 23966 15930.5 25641.6 40450.7 68905.5 110788 148479 175338 163553 176941 210783 240056 195115 228673 231549 203987 204973 217077 203494 196163 186239 218666 231441 235655 204100 222124 9.70729e+06 7.38568e+06 4.63992e+06 2.67738e+06 1.5684e+06 1.00292e+06 724728 586976 516502 478830 457820 445700 438543 434255 431659 430057 429101 428528 428184 427977 427852 427777 427732 427704 427688 427678 427672 427668 427666 427665 427664 427663 427663 427663 427663 427663 427663 427663 427663 427663 427663 427663 427663 427663 427663 427663 427663 427663 427663 427663 427663 427663 427663 427663 427663 427663 427663 427663 427663 427663 427663 427663 427663 427663 427663 427663 427663 427663 427663 427663 427663 427663 427663 427663 427663 427663 427663 427663 427663 427663 427663 427663 427663 427663 427663 427663 427663 427663 427663 427663 427663 427663 427663 427663 427663 427663 427663 427663 427663 427663 0 0 0 0 0 0 0 0 0 0 0 0 0 0 0 0 0 0 0 0 0 0 0 0 0
#obs survey bio
 22504.2 21284.2 14398.4 13995.6 33928.3 54464.4 63984.4 168970 131486 144445 173129 144041 211173 244039 191867 166552 245920 184719 222399 195536 191754 260857 194704 251129 239799 286937 247416 264444
#pred catch bio
 8351.63 15529 11863 8132.21 14541.4 21775.9 39566.7 69480.1 96559.2 131020 124668 141976 172202 215718 161245 205762 217145 187872 193477 218532 212814 211913 198242 236797 254999 267324 230751 212600 54407.5 120317 70186 36821.9 19498.2 11635.4 8352.96 7057.25 6565.43 6383.95 6318.37 6295.04 6286.84 6283.98 6282.99 6282.65 6282.54 6282.5 6282.48 6282.48 6282.48 6282.48 6282.48 6282.48 6282.48 6282.48 6282.48 6282.48 6282.48 6282.48 6282.48 6282.48 6282.48 6282.48 6282.48 6282.48 6282.48 6282.48 6282.48 6282.48 6282.48 6282.48 6282.48 6282.48 6282.48 6282.48 6282.48 6282.48 6282.48 6282.48 6282.48 6282.48 6282.48 6282.48 6282.48 6282.48 6282.48 6282.48 6282.48 6282.48 6282.48 6282.48 6282.48 6282.48 6282.48 6282.48 6282.48 6282.48 6282.48 6282.48 6282.48 6282.48 6282.48 6282.48 6282.48 6282.48 6282.48 6282.48 6282.48 6282.48 6282.48 6282.48 6282.48 6282.48 6282.48 6282.48 6282.48 6282.48 6282.48 6282.48 6282.48 6282.48 6282.48 6282.48 6282.48 6282.48 6282.48 6282.48 6282.48 6282.48 0 0 0 0 0 0 0 0 0 0 0 0 0 0 0 0 0 0 0 0 0 0 0 0 0
#obs catch bio
 21150.3 18308.8 14729.1 9134.25 14945.4 20940.7 39232 65200.7 95208.6 134193 120488 153140 174435 218782 166396 223191 205886 170872 176121 206099 209662 202465 188103 203062 233404 236456 198393 204611
#pred cpue bio
 26450.5 33386.3 23457.2 14953.6 22529.6 36499.4 61345.7 99098.1 133442 158350 146806 156572 184575 211359 171644 199891 201158 177519 177505 186619 173629 165872 156737 183671 194434 197247 170515 184624 8.39476e+06 7.36738e+06 4.62169e+06 2.65915e+06 1.55017e+06 984691 706499 568748 498273 460602 439592 427471 420314 416026 413430 411828 410873 410300 409956 409749 409624 409549 409503 409476 409459 409449 409443 409440 409437 409436 409435 409435 409434 409434 409434 409434 409434 409434 409434 409434 409434 409434 409434 409434 409434 409434 409434 409434 409434 409434 409434 409434 409434 409434 409434 409434 409434 409434 409434 409434 409434 409434 409434 409434 409434 409434 409434 409434 409434 409434 409434 409434 409434 409434 409434 409434 409434 409434 409434 409434 409434 409434 409434 409434 409434 409434 409434 409434 409434 409434 409434 409434 409434 409434 409434 409434 409434 409434 409434 409434 0 0 0 0 0 0 0 0 0 0 0 0 0 0 0 0 0 0 0 0 0 0 0 0 0
#obs cpue bio
 30697.3 18233.9 14524.7 17103.4 18307.7 41410 57965.2 102186 133322 174205 171737 119498 193980 210803 134875 205004 273315 283681 234745 255626 188998 153738 178845 314244 255429 272104 255418 168768
#pred surv len freq
 1.59439e-11 1.73056e-09 1.10755e-07 4.17956e-06 9.30004e-05 0.00122021 0.00944073 0.0430876 0.116211 0.186893 0.18715 0.138236 0.104229 0.0819602 0.0535382 0.0301302 0.017163 0.0101806 0.00631139 0.00419461 0.00304062 0.00243313 0.00204177 0.00154628 0.000894277
 1.06552e-11 1.15652e-09 7.40174e-08 2.79319e-06 6.21524e-05 0.000815492 0.00631045 0.0288241 0.0780592 0.128104 0.140397 0.135778 0.143157 0.131874 0.0911668 0.0529579 0.0294385 0.0153797 0.00768866 0.00398504 0.00226405 0.00146822 0.00106983 0.000761527 0.000436004
 6.72394e-12 7.29819e-10 4.67083e-08 1.76263e-06 3.92213e-05 0.000514633 0.00398301 0.0182087 0.049525 0.0829983 0.0989644 0.115465 0.143323 0.147687 0.121691 0.0908506 0.0610688 0.0345398 0.0169429 0.00761541 0.00332257 0.00156613 0.000872128 0.000533189 0.00028748
 1.52086e-11 1.65075e-09 1.05647e-07 3.98681e-06 8.87113e-05 0.00116392 0.00900498 0.0410919 0.110734 0.177323 0.174005 0.119454 0.0806516 0.0664244 0.0590193 0.0528114 0.0433941 0.0307993 0.0185495 0.00924194 0.00385662 0.00145071 0.00056329 0.000252252 0.000115838
 2.01819e-11 2.19055e-09 1.40195e-07 5.29051e-06 0.00011772 0.00154452 0.0119492 0.0545187 0.146801 0.234136 0.225253 0.142014 0.0761023 0.0451961 0.0257398 0.01325 0.008019 0.00601498 0.00442545 0.00274841 0.00136794 0.000541627 0.000179304 5.65235e-05 1.88032e-05
 1.74062e-11 1.88927e-09 1.20913e-07 4.56289e-06 0.00010153 0.00133212 0.0103065 0.0470367 0.126833 0.20373 0.202848 0.146641 0.105814 0.0785185 0.0452724 0.0189767 0.00689924 0.00272271 0.00133763 0.000809206 0.000476318 0.000227055 8.29521e-05 2.38444e-05 5.91709e-06
 1.872e-11 2.03187e-09 1.30039e-07 4.90728e-06 0.000109193 0.00143265 0.011084 0.0505775 0.136277 0.218064 0.213182 0.14374 0.0908793 0.062966 0.0382825 0.0192744 0.00881568 0.00351548 0.00116563 0.000374397 0.000148057 6.86495e-05 2.85162e-05 9.08183e-06 2.16575e-06
 1.8236e-11 1.97935e-09 1.26678e-07 4.78043e-06 0.00010637 0.00139562 0.0107976 0.0492736 0.132801 0.21281 0.209495 0.145135 0.0968622 0.0689603 0.0406122 0.0186896 0.00790571 0.00330518 0.00126739 0.000417635 0.00011666 3.13406e-05 9.64447e-06 3.0321e-06 7.70834e-07
 1.7824e-11 1.93463e-09 1.23816e-07 4.67242e-06 0.000103967 0.00136409 0.0105537 0.0481624 0.12983 0.20824 0.205905 0.145089 0.100128 0.0730432 0.0435613 0.0202816 0.00854154 0.00340567 0.00122585 0.000402895 0.000118942 2.98021e-05 6.39025e-06 1.31889e-06 2.76257e-07
 1.74008e-11 1.88869e-09 1.20876e-07 4.56149e-06 0.000101499 0.00133171 0.0103033 0.0470211 0.126778 0.203539 0.202178 0.144928 0.103285 0.0770131 0.0464268 0.0219106 0.00940347 0.00380646 0.00136986 0.000437402 0.000123759 3.04558e-05 6.35652e-06 1.09957e-06 1.62614e-07
 1.79189e-11 1.94493e-09 1.24475e-07 4.6973e-06 0.000104521 0.00137135 0.0106099 0.0484185 0.130516 0.209307 0.206797 0.14528 0.0996525 0.0722913 0.0428185 0.0196765 0.00817826 0.00326577 0.00118415 0.0003831 0.000108462 2.6135e-05 5.27602e-06 8.75445e-07 1.16758e-07
 1.90602e-11 2.0688e-09 1.32403e-07 4.99647e-06 0.000111177 0.00145869 0.0112854 0.0514962 0.138746 0.221967 0.216766 0.145486 0.0907935 0.061353 0.0351856 0.0156215 0.00618354 0.00235955 0.00082518 0.000260877 7.35639e-05 1.78234e-05 3.59e-06 5.843e-07 7.50158e-08
 1.97776e-11 2.14667e-09 1.37387e-07 5.18454e-06 0.000115362 0.00151359 0.0117101 0.0534313 0.143924 0.229958 0.223184 0.14603 0.0858592 0.0549053 0.0302292 0.0125066 0.00441531 0.00151873 0.000494657 0.000147781 3.98734e-05 9.39848e-06 1.87316e-06 3.04228e-07 3.87739e-08
 1.93332e-11 2.09844e-09 1.343e-07 5.06805e-06 0.00011277 0.00147958 0.0114471 0.0522334 0.140725 0.225079 0.219542 0.146611 0.0903285 0.0598869 0.0330294 0.0132543 0.00436373 0.00136502 0.000398549 0.000105765 2.58197e-05 5.66263e-06 1.07339e-06 1.69055e-07 2.12255e-08
 1.93793e-11 2.10344e-09 1.3462e-07 5.08013e-06 0.000113039 0.00148311 0.0114743 0.0523577 0.141059 0.225603 0.220004 0.146785 0.0902249 0.0596224 0.0326717 0.0128776 0.00407827 0.00120912 0.000330629 8.00467e-05 1.73921e-05 3.36755e-06 5.70927e-07 8.27044e-08 9.8243e-09
 1.98756e-11 2.15731e-09 1.38067e-07 5.21023e-06 0.000115934 0.00152109 0.0117681 0.0536957 0.144632 0.231059 0.224101 0.146219 0.0853691 0.0541848 0.0295947 0.0120043 0.00403089 0.00125541 0.000344151 8.01051e-05 1.62628e-05 2.86922e-06 4.3246e-07 5.51454e-08 5.83902e-09
 2.0275e-11 2.20065e-09 1.40842e-07 5.31492e-06 0.000118263 0.00155165 0.0120044 0.0547728 0.147513 0.235501 0.227647 0.146446 0.0824983 0.0504813 0.026792 0.0103078 0.00314288 0.000900375 0.000244157 5.88665e-05 1.22488e-05 2.12328e-06 3.01525e-07 3.50475e-08 3.30373e-09
 2.01326e-11 2.1852e-09 1.39852e-07 5.27759e-06 0.000117433 0.00154075 0.0119202 0.054389 0.14649 0.233947 0.226526 0.146761 0.0841269 0.052207 0.0276319 0.0103624 0.00296312 0.000771251 0.000189122 4.14811e-05 8.15662e-06 1.40934e-06 2.03223e-07 2.34339e-08 2.10517e-09
 2.0479e-11 2.2228e-09 1.42259e-07 5.3684e-06 0.000119453 0.00156726 0.0121252 0.055323 0.148984 0.237762 0.229419 0.146456 0.0808741 0.0485022 0.0254462 0.00962674 0.00281796 0.000747426 0.000179699 3.67898e-05 6.53408e-06 1.01942e-06 1.36606e-07 1.52735e-08 1.36627e-09
 2.09516e-11 2.27409e-09 1.45542e-07 5.49229e-06 0.00012221 0.00160343 0.0124049 0.0565973 0.15239 0.242986 0.233456 0.146289 0.076814 0.0436874 0.0223324 0.00824847 0.00230981 0.000582604 0.000137352 2.82891e-05 5.00717e-06 7.48237e-07 9.21853e-08 9.33458e-09 7.69584e-10
 2.1408e-11 2.32363e-09 1.48712e-07 5.61192e-06 0.000124872 0.00163835 0.012675 0.057828 0.155679 0.248034 0.237372 0.146176 0.0729677 0.0390894 0.0193101 0.00685373 0.00175762 0.000388033 8.18824e-05 1.56918e-05 2.65424e-06 3.89201e-07 4.74533e-08 4.6564e-09 3.59534e-10
 2.19381e-11 2.38117e-09 1.52394e-07 5.75088e-06 0.000127964 0.00167892 0.0129888 0.0592572 0.159498 0.253885 0.241862 0.145883 0.0682547 0.0335876 0.0158718 0.00546415 0.00131772 0.00025956 4.80519e-05 8.09129e-06 1.19805e-06 1.57414e-07 1.78827e-08 1.68751e-09 1.27274e-10
 2.22033e-11 2.40995e-09 1.54236e-07 5.8204e-06 0.000129511 0.00169921 0.0131457 0.0599723 0.161409 0.256813 0.244111 0.145746 0.0659109 0.0308436 0.0141458 0.00475407 0.00108615 0.000191266 3.08748e-05 4.5967e-06 5.96563e-07 6.77685e-08 6.66869e-09 5.54043e-10 3.79973e-11
 2.23118e-11 2.42173e-09 1.5499e-07 5.84884e-06 0.000130144 0.00170751 0.0132099 0.0602648 0.16219 0.258009 0.245022 0.145663 0.0649105 0.0296941 0.0134528 0.00450351 0.00102535 0.000178756 2.80572e-05 3.92589e-06 4.57093e-07 4.51286e-08 3.83719e-09 2.74433e-10 1.6177e-11
 2.23007e-11 2.42053e-09 1.54913e-07 5.84594e-06 0.000130079 0.00170667 0.0132034 0.060235 0.162111 0.257888 0.244936 0.145691 0.0650415 0.02983 0.0135142 0.00450114 0.00100778 0.000169152 2.53299e-05 3.43454e-06 3.90443e-07 3.70131e-08 2.91582e-09 1.85559e-10 9.46363e-12
 2.25035e-11 2.44254e-09 1.56322e-07 5.8991e-06 0.000131262 0.00172219 0.0133234 0.0607818 0.163571 0.260124 0.246639 0.145538 0.0631763 0.0276839 0.0122162 0.00402704 0.00089052 0.000145487 2.09389e-05 2.7312e-06 2.98044e-07 2.70405e-08 2.05109e-09 1.25759e-10 6.06524e-12
 2.26029e-11 2.45333e-09 1.57013e-07 5.92516e-06 0.000131842 0.00172979 0.0133822 0.0610498 0.164287 0.261221 0.24748 0.145481 0.0622898 0.0266499 0.011571 0.00376772 0.000810264 0.000123631 1.60644e-05 1.93252e-06 2.00379e-07 1.73953e-08 1.26306e-09 7.41479e-11 3.42596e-12
 2.28762e-11 2.48299e-09 1.58911e-07 5.99681e-06 0.000133436 0.00175071 0.013544 0.0617867 0.166256 0.264232 0.249768 0.145257 0.0597472 0.0237389 0.00983068 0.00315635 0.000675746 0.000102493 1.31168e-05 1.52586e-06 1.48589e-07 1.18026e-08 7.87046e-10 4.33703e-11 1.90659e-12
#obs surv len freq
 4.51159e-11 4.18119e-09 2.28484e-07 7.36208e-06 0.000139873 0.00156702 0.0103537 0.0403842 0.0934594 0.131749 0.127538 0.117614 0.124355 0.118649 0.0941446 0.0665946 0.0408801 0.0205325 0.00837427 0.00276617 0.000723259 0.000144024 2.08169e-05 2.08636e-06 1.39936e-07
 3.07417e-11 2.74787e-09 1.44827e-07 4.50084e-06 8.24773e-05 0.000891285 0.00568299 0.0214425 0.0486096 0.0712817 0.0872575 0.120483 0.1589 0.162301 0.134223 0.0954434 0.0552227 0.0251164 0.00932577 0.00287664 0.000706322 0.000130374 1.72878e-05 1.5872e-06 9.77004e-08
 1.50347e-11 1.29394e-09 6.56627e-08 1.96479e-06 3.46676e-05 0.000360779 0.0022172 0.00809923 0.0181821 0.0290086 0.0464708 0.0836137 0.131383 0.169778 0.185333 0.158516 0.0989217 0.0456828 0.0164336 0.00470692 0.00105429 0.000177943 2.16523e-05 1.82107e-06 1.02357e-07
 2.66109e-10 2.20152e-08 1.07392e-06 3.08895e-05 0.000523885 0.005239 0.0308923 0.107412 0.220255 0.266577 0.191331 0.0838812 0.0275639 0.0150737 0.0158947 0.0152174 0.0109163 0.00589234 0.00239435 0.000719288 0.000157303 2.47341e-05 2.74447e-06 2.09428e-07 1.06918e-08
 1.78766e-10 1.41948e-08 6.64602e-07 1.83477e-05 0.000298675 0.00286715 0.0162386 0.0543991 0.109227 0.140174 0.144641 0.162597 0.170363 0.122564 0.0547507 0.0158286 0.00389957 0.00133945 0.000555913 0.000186178 4.39868e-05 7.07823e-06 7.63552e-07 5.45731e-08 2.55425e-09
 4.36207e-10 3.31964e-08 1.48963e-06 3.94141e-05 0.000614913 0.00565682 0.0306879 0.0982234 0.185972 0.211152 0.15383 0.0928117 0.0685975 0.0592222 0.0471594 0.0294687 0.0125377 0.00336813 0.000574962 7.15664e-05 8.79531e-06 1.14781e-06 1.20601e-07 8.54578e-09 3.87624e-10
 5.33036e-10 3.88259e-08 1.66753e-06 4.22292e-05 0.000630586 0.00555256 0.0288392 0.0884862 0.161662 0.182972 0.15101 0.127123 0.112348 0.0778176 0.0391977 0.0161449 0.00590255 0.00178876 0.000407326 6.53273e-05 7.11411e-06 5.32952e-07 2.99522e-08 1.39128e-09 5.17251e-11
 7.73049e-10 5.38249e-08 2.20976e-06 5.3493e-05 0.000763556 0.00642692 0.0319093 0.0936021 0.163588 0.177608 0.142067 0.118144 0.105706 0.079005 0.0472335 0.0230146 0.00839049 0.00208714 0.000351143 4.28716e-05 4.1234e-06 3.10397e-07 1.68554e-08 6.19475e-10 1.52145e-11
 1.08025e-09 7.18111e-08 2.81479e-06 6.50563e-05 0.000886599 0.00712518 0.0337814 0.0946955 0.158738 0.168162 0.138566 0.123704 0.112273 0.0816043 0.0472286 0.0224886 0.00816937 0.00208845 0.000370847 4.67266e-05 4.21912e-06 2.71016e-07 1.2326e-08 3.96255e-10 8.8617e-12
 1.34589e-09 8.5326e-08 3.18963e-06 7.03054e-05 0.000913774 0.00700408 0.0316841 0.0849086 0.13741 0.146727 0.136033 0.140751 0.132507 0.0945322 0.0530478 0.024079 0.00812185 0.00187593 0.000294701 3.29534e-05 2.73513e-06 1.67635e-07 7.29249e-09 2.167e-10 4.29507e-12
 2.51721e-09 1.52034e-07 5.41436e-06 0.000113695 0.00140778 0.0102794 0.0442853 0.112861 0.172429 0.168326 0.131901 0.11454 0.100581 0.0726431 0.0427348 0.0197955 0.00648141 0.00139714 0.000197829 1.92242e-05 1.35177e-06 7.02777e-08 2.65564e-09 7.06951e-11 1.28687e-12
 3.41338e-09 1.96213e-07 6.65056e-06 0.000132917 0.0015664 0.0108869 0.0446629 0.108623 0.160069 0.157674 0.138123 0.133896 0.114616 0.0732049 0.0364514 0.0146492 0.00439323 0.000905063 0.000126086 1.22109e-05 8.4202e-07 4.11201e-08 1.39221e-09 3.21611e-11 5.02528e-13
 5.61427e-09 3.06876e-07 9.89054e-06 0.000187961 0.00210629 0.0139199 0.0542953 0.125495 0.175352 0.162205 0.130938 0.118294 0.0988461 0.0649636 0.0342812 0.0141288 0.00409454 0.000777341 9.61947e-05 8.08096e-06 4.85664e-07 2.13579e-08 6.73513e-10 1.4678e-11 2.14315e-13
 7.06233e-09 3.66756e-07 1.12304e-05 0.000202771 0.0021589 0.0135582 0.0502967 0.111031 0.151182 0.147074 0.140951 0.143156 0.117681 0.07144 0.0341338 0.0128935 0.0035075 0.000638618 7.71699e-05 6.38153e-06 3.71859e-07 1.52818e-08 4.34337e-10 8.38546e-12 1.08816e-13
 1.07084e-08 5.27937e-07 1.53471e-05 0.000263066 0.00265903 0.0158541 0.0558511 0.117209 0.152474 0.144112 0.137009 0.137528 0.11288 0.0709462 0.0355442 0.0135059 0.00350032 0.000581449 6.16272e-05 4.32026e-06 2.11547e-07 7.51116e-09 1.92326e-10 3.43426e-12 4.13355e-14
 1.66016e-08 7.76487e-07 2.14144e-05 0.000348235 0.00333938 0.0188907 0.0631587 0.125982 0.156808 0.144816 0.137102 0.134304 0.105908 0.0640009 0.0308266 0.011213 0.00278338 0.00044698 4.65464e-05 3.24935e-06 1.57199e-07 5.30817e-09 1.23011e-10 1.91992e-12 1.99959e-14
 2.68668e-08 1.19142e-06 3.11533e-05 0.000480327 0.00436717 0.023424 0.0742635 0.140537 0.166283 0.146763 0.133246 0.124709 0.0941994 0.0549163 0.025488 0.00885208 0.0020861 0.000318478 3.17526e-05 2.14432e-06 1.01291e-07 3.35437e-09 7.61407e-11 1.15524e-12 1.15136e-14
 3.66713e-08 1.54107e-06 3.81862e-05 0.000557944 0.00480757 0.0244437 0.0735517 0.132887 0.154014 0.143116 0.142446 0.135595 0.0989468 0.0550988 0.0243537 0.00804098 0.00180779 0.000266012 2.59501e-05 1.73639e-06 8.1351e-08 2.64513e-09 5.8276e-11 8.52435e-13 8.17074e-15
 6.24279e-08 2.48507e-06 5.83293e-05 0.000807298 0.00658908 0.0317312 0.0903955 0.154289 0.167315 0.141761 0.127809 0.115392 0.0841873 0.0485969 0.0220531 0.00720398 0.00156452 0.000221346 2.08894e-05 1.36334e-06 6.2532e-08 1.9886e-09 4.27456e-11 6.08242e-13 5.64614e-15
 8.06697e-08 3.04084e-06 6.75879e-05 0.000885832 0.00684737 0.0312458 0.0845589 0.138755 0.151883 0.145062 0.149038 0.134093 0.0888658 0.0446182 0.0176824 0.0052023 0.0010422 0.000137644 1.2199e-05 7.50901e-07 3.26221e-08 9.86959e-10 2.02639e-11 2.76192e-13 2.45857e-15
 1.24721e-07 4.45087e-06 9.36575e-05 0.00116212 0.00850458 0.0367438 0.0941788 0.146566 0.152905 0.140583 0.140102 0.124371 0.0846896 0.0451174 0.0185166 0.00533293 0.000999304 0.000119369 9.29329e-06 4.92983e-07 1.85071e-08 4.94436e-10 9.18786e-12 1.15354e-13 9.55738e-16
 1.88355e-07 6.36273e-06 0.000126736 0.00148859 0.0103126 0.04219 0.102529 0.152156 0.154551 0.143046 0.141406 0.119606 0.0760421 0.0375486 0.0143351 0.00387888 0.000691102 7.95902e-05 6.04999e-06 3.13616e-07 1.12694e-08 2.78119e-10 4.6215e-12 5.09586e-14 3.69898e-16
 2.79811e-07 8.94666e-06 0.000168675 0.00187525 0.0122974 0.0476355 0.109741 0.155217 0.153069 0.141354 0.138385 0.114583 0.0722676 0.0357282 0.0134577 0.00352975 0.000607733 6.8342e-05 5.15485e-06 2.67942e-07 9.63008e-09 2.34871e-10 3.80046e-12 4.01623e-14 2.74373e-16
 4.0518e-07 1.22624e-05 0.000218825 0.00230276 0.0142953 0.0524466 0.114704 0.155587 0.152072 0.144515 0.141153 0.111769 0.0663425 0.030683 0.0107868 0.0026396 0.000423996 4.44992e-05 3.14067e-06 1.53813e-07 5.2652e-09 1.23692e-10 1.94386e-12 2.00187e-14 1.33046e-16
 5.45304e-07 1.56214e-05 0.000263876 0.00262862 0.01545 0.0537153 0.111785 0.146803 0.146246 0.148007 0.147422 0.115169 0.0677887 0.0311191 0.0106631 0.00249975 0.000382393 3.8282e-05 2.58354e-06 1.20677e-07 3.90878e-09 8.6185e-11 1.26629e-12 1.22044e-14 7.62328e-17
 7.90543e-07 2.14388e-05 0.000342829 0.00323305 0.0179919 0.0592583 0.117119 0.147556 0.144815 0.146774 0.143953 0.110838 0.0653731 0.0300113 0.0100658 0.00227524 0.000335405 3.26306e-05 2.15767e-06 9.8718e-08 3.10262e-09 6.5579e-11 9.14242e-13 8.29523e-15 4.84811e-17
 1.0629e-06 2.72908e-05 0.000413186 0.00368947 0.0194469 0.0607554 0.114655 0.141537 0.144445 0.154493 0.150287 0.11077 0.0619917 0.026895 0.00850141 0.00181225 0.00025301 2.34661e-05 1.48904e-06 6.56342e-08 1.98924e-09 4.05174e-11 5.43237e-13 4.72237e-15 2.62975e-17
 1.51659e-06 3.68715e-05 0.000528601 0.00446965 0.0223142 0.0660938 0.118754 0.141749 0.144213 0.154218 0.147014 0.106602 0.0592941 0.0252835 0.00766872 0.00154098 0.000200842 1.72985e-05 1.01764e-06 4.16854e-08 1.18042e-09 2.25922e-11 2.85865e-13 2.35129e-15 1.24025e-17
#pred catch len freq
 1.52684e-11 1.65724e-09 1.06063e-07 4.00249e-06 8.90605e-05 0.00116852 0.00904093 0.0412658 0.111337 0.179373 0.181123 0.137759 0.108889 0.0878869 0.0578038 0.0325718 0.0185568 0.0110074 0.006824 0.0045353 0.00328758 0.00263076 0.0022076 0.00167187 0.000966911
 1.02686e-11 1.11456e-09 7.13314e-08 2.69183e-06 5.9897e-05 0.000785902 0.00608158 0.0277812 0.0752693 0.123802 0.136959 0.135541 0.145893 0.135366 0.0937288 0.0544612 0.0302752 0.0158169 0.00790721 0.00409832 0.00232841 0.00150996 0.00110024 0.000783175 0.000448397
 6.50781e-12 7.06361e-10 4.5207e-08 1.70598e-06 3.79606e-05 0.000498094 0.00385508 0.0176256 0.0479635 0.0805768 0.096963 0.115112 0.144511 0.149396 0.123178 0.0919696 0.0618217 0.0349656 0.0171518 0.0077093 0.00336353 0.00158544 0.00088288 0.000539763 0.000291025
 1.50025e-11 1.62838e-09 1.04216e-07 3.93278e-06 8.75091e-05 0.00114815 0.00888297 0.0405358 0.109243 0.174996 0.172016 0.118892 0.081421 0.0677321 0.0603399 0.0540123 0.0443821 0.0315006 0.0189719 0.00945239 0.00394444 0.00148374 0.000576117 0.000257997 0.000118476
 2.01497e-11 2.18706e-09 1.39971e-07 5.28208e-06 0.000117533 0.00154206 0.0119302 0.054432 0.146569 0.233779 0.224968 0.141997 0.0763329 0.0454816 0.0259348 0.0133539 0.00808225 0.00606244 0.00446037 0.0027701 0.00137874 0.000545901 0.000180718 5.69696e-05 1.89516e-05
 1.72946e-11 1.87716e-09 1.20138e-07 4.53364e-06 0.000100879 0.00132358 0.0102404 0.0467359 0.126028 0.202497 0.201896 0.146682 0.106774 0.0796503 0.0459928 0.0192845 0.00701152 0.00276704 0.00135941 0.000822383 0.000484074 0.000230752 8.43029e-05 2.42327e-05 6.01344e-06
 1.86925e-11 2.02889e-09 1.29849e-07 4.90008e-06 0.000109033 0.00143055 0.0110677 0.0505034 0.136079 0.217759 0.212943 0.143738 0.0910975 0.0632335 0.0384673 0.0193696 0.00885941 0.00353292 0.00117142 0.000376255 0.000148792 6.89902e-05 2.86577e-05 9.1269e-06 2.17649e-06
 1.83172e-11 1.98816e-09 1.27242e-07 4.8017e-06 0.000106844 0.00140183 0.0108456 0.0494924 0.133386 0.213708 0.210194 0.145121 0.0961886 0.0681526 0.0400789 0.0184389 0.0077993 0.00326069 0.00125033 0.000412013 0.00011509 3.09187e-05 9.51464e-06 2.99128e-06 7.60457e-07
 1.79616e-11 1.94956e-09 1.24772e-07 4.70849e-06 0.00010477 0.00137462 0.0106352 0.0485335 0.130822 0.209763 0.20709 0.145068 0.0989893 0.0716738 0.0426519 0.0198495 0.00835905 0.00333289 0.00119966 0.000394285 0.000116401 2.91652e-05 6.25369e-06 1.29071e-06 2.70354e-07
 1.77864e-11 1.93054e-09 1.23554e-07 4.66256e-06 0.000103748 0.00136121 0.0105315 0.0480608 0.129557 0.207808 0.205504 0.144883 0.100113 0.0731897 0.0438746 0.020683 0.00887515 0.00359254 0.00129288 0.000412821 0.000116804 2.87443e-05 5.9993e-06 1.03778e-06 1.53475e-07
 1.83178e-11 1.98822e-09 1.27246e-07 4.80187e-06 0.000106848 0.00140188 0.010846 0.0494941 0.133391 0.213721 0.210229 0.145206 0.0963315 0.0683093 0.0401892 0.0184432 0.00766406 0.00306037 0.00110967 0.000359006 0.000101641 2.44913e-05 4.9442e-06 8.20385e-07 1.09415e-07
 1.9481e-11 2.11448e-09 1.35326e-07 5.10679e-06 0.000113632 0.00149089 0.0115345 0.0526311 0.141779 0.226622 0.220375 0.145374 0.0872378 0.057115 0.0324204 0.0143628 0.00568338 0.00216862 0.000758407 0.000239767 6.76112e-05 1.63811e-05 3.2995e-06 5.37019e-07 6.89455e-08
 2.01722e-11 2.1895e-09 1.40127e-07 5.28797e-06 0.000117664 0.00154378 0.0119436 0.0544952 0.146767 0.234317 0.226544 0.145861 0.0824266 0.0508639 0.0276583 0.011412 0.00402699 0.00138509 0.000451128 0.000134776 3.63645e-05 8.57142e-06 1.70833e-06 2.77456e-07 3.53618e-08
 1.99298e-11 2.16319e-09 1.38444e-07 5.22443e-06 0.00011625 0.00152523 0.0118001 0.0538418 0.145023 0.231666 0.224604 0.146309 0.0850657 0.0537246 0.029154 0.011658 0.00383581 0.00119979 0.000350304 9.29622e-05 2.26942e-05 4.97716e-06 9.43453e-07 1.4859e-07 1.86561e-08
 1.98236e-11 2.15166e-09 1.37706e-07 5.19659e-06 0.00011563 0.00151711 0.0117373 0.0535556 0.14426 0.230506 0.223767 0.146541 0.0862781 0.0550141 0.029791 0.0117119 0.00370739 0.0010991 0.000300543 7.27628e-05 1.58095e-05 3.06111e-06 5.18974e-07 7.51786e-08 8.93032e-09
 2.04132e-11 2.21566e-09 1.41802e-07 5.35116e-06 0.00011907 0.00156223 0.0120862 0.0551453 0.148505 0.236995 0.228669 0.14596 0.0806477 0.0486437 0.0260913 0.0105411 0.0035371 0.00110153 0.000301965 7.02858e-05 1.42693e-05 2.51751e-06 3.79449e-07 4.83856e-08 5.12327e-09
 2.083e-11 2.2609e-09 1.44697e-07 5.46042e-06 0.000121501 0.00159412 0.0123329 0.0562694 0.151512 0.241626 0.232341 0.146121 0.077535 0.0447029 0.0232028 0.00888194 0.00270563 0.000775014 0.00021016 5.06699e-05 1.05433e-05 1.82763e-06 2.5954e-07 3.01675e-08 2.84371e-09
 2.06766e-11 2.24425e-09 1.43631e-07 5.4202e-06 0.000120606 0.00158238 0.0122422 0.0558558 0.150408 0.239948 0.231116 0.146412 0.0792153 0.0465111 0.0241245 0.00900582 0.00257301 0.00066963 0.000164201 3.60151e-05 7.08182e-06 1.22363e-06 1.76444e-07 2.0346e-08 1.82777e-09
 2.10163e-11 2.28112e-09 1.45991e-07 5.50926e-06 0.000122588 0.00160838 0.0124432 0.0567718 0.152855 0.243691 0.233957 0.146123 0.0760406 0.0428873 0.0219751 0.00826861 0.00241797 0.000641244 0.000154168 3.15629e-05 5.60575e-06 8.74583e-07 1.17197e-07 1.31035e-08 1.17215e-09
 2.15121e-11 2.33494e-09 1.49436e-07 5.63923e-06 0.00012548 0.00164632 0.0127367 0.0581087 0.156428 0.249169 0.238182 0.14592 0.0717395 0.0378092 0.0187218 0.00686285 0.00191904 0.000483937 0.000114089 2.34977e-05 4.15909e-06 6.21506e-07 7.65716e-08 7.75355e-09 6.39237e-10
 2.19389e-11 2.38126e-09 1.524e-07 5.75111e-06 0.000127969 0.00167898 0.0129893 0.0592595 0.159503 0.253888 0.241836 0.145792 0.068108 0.0334866 0.0159055 0.00559087 0.00143103 0.000315833 6.66446e-05 1.27716e-05 2.1603e-06 3.16773e-07 3.86225e-08 3.78987e-09 2.92627e-10
 2.24036e-11 2.4317e-09 1.55628e-07 5.87293e-06 0.00013068 0.00171455 0.0132643 0.0605125 0.162851 0.259017 0.24577 0.145528 0.0639655 0.0286561 0.0128942 0.00438257 0.00105415 0.00020755 3.84214e-05 6.46961e-06 9.57934e-07 1.25865e-07 1.42986e-08 1.34929e-09 1.01766e-10
 2.26019e-11 2.45322e-09 1.57006e-07 5.92491e-06 0.000131836 0.00172972 0.0133817 0.0610471 0.16428 0.261206 0.247453 0.14543 0.062219 0.0266083 0.011602 0.00384617 0.000876245 0.000154224 2.48936e-05 3.70618e-06 4.80991e-07 5.46397e-08 5.37676e-09 4.46708e-10 3.06361e-11
 2.27041e-11 2.46432e-09 1.57716e-07 5.9517e-06 0.000132432 0.00173754 0.0134422 0.0613227 0.165016 0.262333 0.24831 0.145351 0.0612759 0.025525 0.0109493 0.00361063 0.000819498 0.000142787 2.24098e-05 3.13566e-06 3.65087e-07 3.60448e-08 3.06481e-09 2.19194e-10 1.29208e-11
 2.27104e-11 2.465e-09 1.57759e-07 5.95334e-06 0.000132469 0.00173802 0.0134459 0.0613396 0.165061 0.262403 0.248368 0.145361 0.0612404 0.025473 0.0109021 0.00357459 0.000797717 0.000133814 2.00364e-05 2.71676e-06 3.08845e-07 2.92778e-08 2.30645e-09 1.4678e-10 7.48584e-12
 2.28936e-11 2.48488e-09 1.59032e-07 6.00136e-06 0.000133537 0.00175204 0.0135543 0.0618335 0.16638 0.264422 0.249906 0.145221 0.0595538 0.0235334 0.00973039 0.00314833 0.000693475 0.000113213 1.6292e-05 2.12506e-06 2.31899e-07 2.10394e-08 1.59589e-09 9.78492e-11 4.71917e-12
 2.29682e-11 2.49297e-09 1.5955e-07 6.02092e-06 0.000133972 0.00175775 0.0135984 0.0620346 0.166918 0.265245 0.250538 0.14518 0.0588895 0.0227579 0.00924568 0.00295265 0.000632359 9.64106e-05 1.25258e-05 1.50681e-06 1.56238e-07 1.35634e-08 9.84828e-10 5.78141e-11 2.67127e-12
 2.30831e-11 2.50545e-09 1.60349e-07 6.05105e-06 0.000134643 0.00176654 0.0136665 0.0623446 0.167746 0.266512 0.2515 0.145086 0.0578207 0.021534 0.00851348 0.00269484 0.000575173 8.71881e-05 1.1157e-05 1.29787e-06 1.26387e-07 1.00391e-08 6.69448e-10 3.689e-11 1.62171e-12
#obs catch len freq
 4.87205e-11 4.51525e-09 2.46739e-07 7.95028e-06 0.000151048 0.0016922 0.0111801 0.0435949 0.100732 0.140868 0.131723 0.111945 0.112198 0.109472 0.0927036 0.0688001 0.0420865 0.0205907 0.00839343 0.00288099 0.000790393 0.000162965 2.40933e-05 2.46001e-06 1.67988e-07
 6.22326e-11 5.56269e-09 2.93184e-07 9.11133e-06 0.000166961 0.00180408 0.0114972 0.0432609 0.0966675 0.132156 0.126238 0.118124 0.125429 0.118056 0.0926247 0.0647988 0.0390814 0.019217 0.00765488 0.00245798 0.00062048 0.000118325 1.62484e-05 1.53689e-06 9.67709e-08
 4.31667e-11 3.71507e-09 1.88527e-07 5.64115e-06 9.95316e-05 0.00103563 0.00635868 0.0231147 0.0506145 0.0725082 0.0891311 0.124105 0.161131 0.16137 0.131634 0.0920575 0.0520577 0.0231406 0.00840089 0.00251948 0.000596245 0.000105215 1.32431e-05 1.14686e-06 6.62404e-08
 2.18295e-11 1.80596e-09 8.80968e-08 2.53398e-06 4.29795e-05 0.000429976 0.00254072 0.00893252 0.0193923 0.0304472 0.0490704 0.0877191 0.13545 0.172559 0.184902 0.153818 0.0931282 0.0418237 0.0146401 0.00406466 0.000876722 0.000141411 1.63221e-05 1.29398e-06 6.82109e-08
 3.83409e-10 3.04444e-08 1.42541e-06 3.93512e-05 0.000640565 0.00614832 0.0347968 0.116125 0.228554 0.265537 0.183062 0.0774208 0.0252834 0.0145676 0.0154127 0.0143673 0.0100081 0.00523929 0.00205682 0.000594297 0.000124465 1.86487e-05 1.96062e-06 1.40969e-07 6.74784e-09
 2.6551e-10 2.0206e-08 9.06706e-07 2.39907e-05 0.000374296 0.00344373 0.0186946 0.0600483 0.115804 0.143819 0.146418 0.163115 0.165761 0.114416 0.0490295 0.0137496 0.00341324 0.00120092 0.000488654 0.00015691 3.52825e-05 5.37926e-06 5.47638e-07 3.67996e-08 1.61341e-09
 6.48019e-10 4.72011e-08 2.02723e-06 5.13384e-05 0.000766602 0.00674986 0.0350479 0.107376 0.194657 0.211942 0.149111 0.0886862 0.0655273 0.056025 0.0436981 0.0263699 0.0107287 0.00274891 0.000449898 5.46776e-05 6.65833e-06 8.41153e-07 8.35963e-08 5.55587e-09 2.35528e-10
 8.05714e-10 5.60992e-08 2.30314e-06 5.57533e-05 0.00079582 0.00669851 0.0332582 0.0975655 0.170573 0.185479 0.148995 0.12355 0.106208 0.0710142 0.0348002 0.0140915 0.0050493 0.00148338 0.000324686 4.97617e-05 5.16485e-06 3.69461e-07 1.98944e-08 8.81425e-10 3.08778e-11
 1.17776e-09 7.8293e-08 3.06886e-06 7.09284e-05 0.00096662 0.00776808 0.0368248 0.103158 0.172334 0.179618 0.139864 0.114708 0.100167 0.0728053 0.0425296 0.0201403 0.00705761 0.00167943 0.000271021 3.19195e-05 2.96114e-06 2.13178e-07 1.0975e-08 3.80623e-10 8.8006e-12
 1.67484e-09 1.06181e-07 3.9692e-06 8.74885e-05 0.00113709 0.00871507 0.0394075 0.105377 0.168667 0.171332 0.136973 0.119407 0.10495 0.0740007 0.0418293 0.019366 0.00677072 0.00165836 0.000282148 3.40515e-05 2.93766e-06 1.79741e-07 7.76461e-09 2.36242e-10 4.97719e-12
 2.13077e-09 1.28694e-07 4.58316e-06 9.62414e-05 0.00119169 0.00870219 0.037506 0.0957888 0.147931 0.15152 0.136127 0.136402 0.123653 0.0854252 0.0467318 0.0205581 0.00665 0.00146695 0.000220474 2.36486e-05 1.88056e-06 1.09849e-07 4.52825e-09 1.26948e-10 2.36607e-12
 3.95876e-09 2.27563e-07 7.71316e-06 0.000154153 0.00181664 0.0126249 0.0517683 0.125595 0.182826 0.170659 0.129053 0.108634 0.0921987 0.0646944 0.0370475 0.0165382 0.00516649 0.00105931 0.000142929 1.32792e-05 8.93615e-07 4.43287e-08 1.59036e-09 4.00004e-11 6.85037e-13
 5.43871e-09 2.9728e-07 9.58127e-06 0.000182084 0.00204044 0.0134852 0.0526089 0.121705 0.170803 0.160943 0.135885 0.126731 0.104032 0.0641603 0.0310767 0.0120862 0.00347084 0.000681492 9.05369e-05 8.37167e-06 5.50375e-07 2.55304e-08 8.1805e-10 1.78316e-11 2.6217e-13
 8.94611e-09 4.64583e-07 1.42259e-05 0.000256855 0.00273463 0.0171705 0.0636346 0.139776 0.185774 0.164002 0.127129 0.110336 0.0886057 0.0564092 0.0289033 0.0114523 0.00315914 0.000569045 6.69247e-05 5.36155e-06 3.07719e-07 1.28863e-08 3.84976e-10 7.91064e-12 1.0851e-13
 1.15351e-08 5.68694e-07 1.65319e-05 0.000283374 0.00286428 0.0170771 0.060146 0.12608 0.163134 0.151065 0.137911 0.133291 0.104734 0.0613849 0.0284595 0.0103483 0.00268287 0.00046385 5.3284e-05 4.19634e-06 2.32713e-07 9.07193e-09 2.43697e-10 4.43378e-12 5.40779e-14
 1.75662e-08 8.21604e-07 2.26587e-05 0.000368468 0.00353335 0.0199866 0.0668003 0.133021 0.164272 0.147501 0.133198 0.127161 0.100021 0.0608327 0.0294785 0.0107134 0.00263199 0.000413325 4.14783e-05 2.76288e-06 1.28884e-07 4.35431e-09 1.05617e-10 1.77783e-12 2.00936e-14
 2.72679e-08 1.20921e-06 3.16184e-05 0.000487498 0.00443235 0.0237731 0.0753624 0.142543 0.168255 0.147278 0.131961 0.122685 0.0926613 0.0541603 0.0252021 0.00875876 0.00206045 0.000312967 3.08772e-05 2.04677e-06 9.40309e-08 3.00711e-09 6.57693e-11 9.66161e-13 9.4507e-15
 4.38502e-08 1.84275e-06 4.56615e-05 0.000667158 0.00574828 0.0292179 0.0877856 0.157442 0.176538 0.147508 0.126555 0.112337 0.0812775 0.0458126 0.0205102 0.00679539 0.00151639 0.000218913 2.06814e-05 1.32644e-06 5.94876e-08 1.86432e-09 3.98909e-11 5.68717e-13 5.31291e-15
 6.04062e-08 2.40459e-06 5.64404e-05 0.000781159 0.00637588 0.030708 0.0875294 0.149802 0.164391 0.144305 0.135408 0.122146 0.0853442 0.0459207 0.0195604 0.00615756 0.00131097 0.000182531 1.68836e-05 1.07268e-06 4.76447e-08 1.46337e-09 3.03463e-11 4.1668e-13 3.74063e-15
 1.02524e-07 3.86464e-06 8.58976e-05 0.00112578 0.00870093 0.0396776 0.107027 0.172891 0.177038 0.140596 0.118296 0.100891 0.0705998 0.0393621 0.0171377 0.00531663 0.00109158 0.000146086 1.30741e-05 8.10031e-07 3.51969e-08 1.05628e-09 2.13499e-11 2.84869e-13 2.47385e-15
 1.3516e-07 4.8234e-06 0.000101496 0.00125937 0.00921607 0.0398122 0.101973 0.158177 0.162783 0.144383 0.137677 0.116698 0.0738882 0.0357659 0.0136239 0.0038145 0.000723062 9.03424e-05 7.59176e-06 4.4353e-07 1.82501e-08 5.20914e-10 1.00531e-11 1.28418e-13 1.06872e-15
 2.09177e-07 7.06608e-06 0.000140746 0.0016531 0.0114513 0.0468287 0.113566 0.16692 0.163203 0.138378 0.12736 0.106627 0.0695902 0.0357029 0.0139992 0.00381543 0.000673827 7.59e-05 5.5883e-06 2.81127e-07 1.0008e-08 2.52725e-10 4.42003e-12 5.20366e-14 4.03088e-16
 3.12816e-07 1.00019e-05 0.000188569 0.00209639 0.0137464 0.0532258 0.12237 0.171459 0.163085 0.139231 0.127436 0.101736 0.0619521 0.0294484 0.0107451 0.00275326 0.000462731 5.02944e-05 3.61587e-06 1.77446e-07 6.02612e-09 1.40098e-10 2.18652e-12 2.25935e-14 1.53384e-16
 4.68153e-07 1.41682e-05 0.000252832 0.00266054 0.0165136 0.0605359 0.131886 0.175799 0.161267 0.135712 0.122166 0.0954135 0.0576673 0.027396 0.00983471 0.00243939 0.000396269 4.2098e-05 3.00526e-06 1.47805e-07 5.0125e-09 1.14946e-10 1.74373e-12 1.7238e-14 1.09955e-16
 6.76474e-07 1.9379e-05 0.000327345 0.00326067 0.0191596 0.0665215 0.137549 0.175598 0.158999 0.137243 0.123438 0.0922553 0.0524414 0.023284 0.00779618 0.00180341 0.000273225 2.70847e-05 1.80937e-06 8.38809e-08 2.71065e-09 5.98871e-11 8.82154e-13 8.49298e-15 5.26532e-17
 9.19933e-07 2.49477e-05 0.000398936 0.00376199 0.0209306 0.0688623 0.135412 0.166915 0.152917 0.139943 0.128718 0.095165 0.0536803 0.0236119 0.00768718 0.00170145 0.000245423 2.32054e-05 1.48162e-06 6.54398e-08 1.99852e-09 4.14048e-11 5.69967e-13 5.1346e-15 2.99152e-17
 1.34287e-06 3.4479e-05 0.000522004 0.00466063 0.0245531 0.0765215 0.142801 0.168289 0.150453 0.136601 0.123468 0.0900483 0.0508821 0.0223226 0.00709658 0.00151334 0.000210425 1.93438e-05 1.20982e-06 5.22758e-08 1.54666e-09 3.06747e-11 4.00226e-13 3.39141e-15 1.84753e-17
 1.83133e-06 4.45233e-05 0.000638285 0.00539657 0.0269292 0.0795917 0.141613 0.162532 0.149198 0.142244 0.127745 0.0892134 0.0477814 0.0197847 0.00592367 0.00119121 0.0001569 1.37537e-05 8.25441e-07 3.43489e-08 9.79464e-10 1.87073e-11 2.34567e-13 1.90278e-15 9.86852e-18
#spawning biomass
 27783.7 34294 23771.3 15565.1 24479.8 38970.5 66078.8 106414 142850 168976 157284 169326 200991 229329 186341 217919 220198 194100 194716 205708 192351 184866 175238 205618 217643 221337 191581 208149 263347 338877 197817 103837 55039.6 32891.6 23645.6 19995.9 18610.5 18099.3 17914.6 17848.9 17825.8 17817.7 17814.9 17814 17813.7 17813.5 17813.5 17813.5 17813.5 17813.5 17813.5 17813.5 17813.5 17813.5 17813.5 17813.5 17813.5 17813.5 17813.5 17813.5 17813.5 17813.5 17813.5 17813.5 17813.5 17813.5 17813.5 17813.5 17813.5 17813.5 17813.5 17813.5 17813.5 17813.5 17813.5 17813.5 17813.5 17813.5 17813.5 17813.5 17813.5 17813.5 17813.5 17813.5 17813.5 17813.5 17813.5 17813.5 17813.5 17813.5 17813.5 17813.5 17813.5 17813.5 17813.5 17813.5 17813.5 17813.5 17813.5 17813.5 17813.5 17813.5 17813.5 17813.5 17813.5 17813.5 17813.5 17813.5 17813.5 17813.5 17813.5 17813.5 17813.5 17813.5 17813.5 17813.5 17813.5 17813.5 17813.5 17813.5 17813.5 17813.5 17813.5 17813.5 17813.5 17813.5 17813.5 17813.5 0 0 0 0 0 0 0 0 0 0 0 0 0 0 0 0 0 0 0 0 0 0 0 0 0
