SBPRF35
0.256306
Curr Bio
82070
B35
188221
F35
0.46521
FOFL
0.124017
OFL
7469.13
Bzero
73230.3
#pred survey bio
 4776.4 5636.49 8936.14 10659.2 14545.4 20839.9 22981.7 29870.8 44152.4 62545.4 73056.6 106812 158557 174278 176859 150551 147191 140796 153441 160035 146074 163711 167631 196145 227878 216213 192996 136094 3.86823e+06 2.52853e+06 1.96202e+06 1.46014e+06 1.13842e+06 957173 860958 810919 784760 770763 763011 758546 755874 754220 753169 752484 752036 751740 751543 751411 751322 751263 751222 751195 751177 751164 751156 751150 751146 751144 751142 751141 751140 751139 751139 751139 751139 751138 751138 751138 751138 751138 751138 751138 751138 751138 751138 751138 751138 751138 751138 751138 751138 751138 751138 751138 751138 751138 751138 751138 751138 751138 751138 751138 751138 751138 751138 751138 751138 751138 751138 751138 751138 751138 751138 751138 751138 751138 751138 751138 751138 751138 751138 751138 751138 751138 751138 751138 751138 751138 751138 751138 751138 751138 751138 751138 751138 751138 751138 751138 0 0 0 0 0 0 0 0 0 0 0 0 0 0 0 0 0 0 0 0 0 0 0 0 0
#obs survey bio
 4331.68 7739.55 11646.4 11108 18785.6 21814 23528.4 30921.1 50386.7 60166.3 90932 129284 188279 150651 155103 146411 126173 114766 150135 162767 173789 147885 169269 227516 222070 195501 150628 104487
#pred catch bio
 2551.88 2595.51 5000.82 5882.39 7136.12 12454.1 12937.3 16198.5 23684.6 37609.3 38600.3 52459.2 89168.7 95092.7 106780 87229.9 86886.4 76353.4 86462.9 100549 78429.6 92267 85947 95739 127036 120540 122022 88654.9 7469.13 35137.1 26248 18490.8 13756.1 11244 10011.8 9435.88 9174.89 9059 9008.25 8986.22 8976.73 8972.65 8970.91 8970.16 8969.85 8969.71 8969.65 8969.63 8969.62 8969.62 8969.61 8969.61 8969.61 8969.61 8969.61 8969.61 8969.61 8969.61 8969.61 8969.61 8969.61 8969.61 8969.61 8969.61 8969.61 8969.61 8969.61 8969.61 8969.61 8969.61 8969.61 8969.61 8969.61 8969.61 8969.61 8969.61 8969.61 8969.61 8969.61 8969.61 8969.61 8969.61 8969.61 8969.61 8969.61 8969.61 8969.61 8969.61 8969.61 8969.61 8969.61 8969.61 8969.61 8969.61 8969.61 8969.61 8969.61 8969.61 8969.61 8969.61 8969.61 8969.61 8969.61 8969.61 8969.61 8969.61 8969.61 8969.61 8969.61 8969.61 8969.61 8969.61 8969.61 8969.61 8969.61 8969.61 8969.61 8969.61 8969.61 8969.61 8969.61 8969.61 8969.61 8969.61 8969.61 8969.61 8969.61 8969.61 0 0 0 0 0 0 0 0 0 0 0 0 0 0 0 0 0 0 0 0 0 0 0 0 0
#obs catch bio
 2744.43 2445.08 4523.54 5681.39 6521.19 12359.8 13322.1 16177 22656.9 37836.7 37044.2 49964.6 86809.1 94203.9 112239 88473.1 90756.9 78084.1 91893.6 107577 77691.4 94016.1 83268.1 91458.3 122993 120565 128975 90146.2
#pred cpue bio
 3820.25 3744.23 5993.25 7251.6 9516.56 14201.4 15426.5 19694 28528.1 41264.6 48171.4 70057.6 106690 121654 128534 108726 103905 99457.6 108640 112652 100510 115919 118811 139013 165537 157786 144113 101235 2.66345e+06 2.39689e+06 1.86283e+06 1.36135e+06 1.03964e+06 858393 762178 712139 685980 671983 664231 659766 657094 655440 654389 653704 653256 652960 652763 652631 652542 652482 652442 652415 652397 652384 652376 652370 652366 652364 652362 652361 652360 652359 652359 652359 652358 652358 652358 652358 652358 652358 652358 652358 652358 652358 652358 652358 652358 652358 652358 652358 652358 652358 652358 652358 652358 652358 652358 652358 652358 652358 652358 652358 652358 652358 652358 652358 652358 652358 652358 652358 652358 652358 652358 652358 652358 652358 652358 652358 652358 652358 652358 652358 652358 652358 652358 652358 652358 652358 652358 652358 652358 652358 652358 652358 652358 652358 652358 652358 0 0 0 0 0 0 0 0 0 0 0 0 0 0 0 0 0 0 0 0 0 0 0 0 0
#obs cpue bio
 3542.98 4465.53 6965.33 7071.53 11348.5 12421.3 11733.5 20683.7 32437.8 39351.4 48448.2 69697.4 102432 130658 116637 111095 97770.4 106693 83326.2 97449.3 87105.1 118803 144761 145346 196553 156282 147205 128409
#pred surv len freq
 3.77043e-11 1.77343e-09 5.77594e-08 1.30262e-06 2.03423e-05 0.000219973 0.00164714 0.00854086 0.0306725 0.0763403 0.132007 0.160153 0.141413 0.102043 0.0749357 0.0616699 0.0501523 0.0382794 0.0291175 0.0229823 0.0190115 0.0165903 0.0146251 0.0117718 0.0078051
 4.64938e-11 2.18685e-09 7.12242e-08 1.60628e-06 2.50844e-05 0.000271252 0.0020311 0.0105315 0.0378179 0.0940878 0.162447 0.195902 0.169135 0.113647 0.0720823 0.0504725 0.0352532 0.0218379 0.0125692 0.0075313 0.00494764 0.00354893 0.00268209 0.00195288 0.00122447
 4.48482e-11 2.10944e-09 6.87032e-08 1.54943e-06 2.41965e-05 0.000261651 0.00195922 0.010159 0.0364823 0.0907865 0.156894 0.189903 0.166211 0.116565 0.0803875 0.0603326 0.0423681 0.024631 0.012159 0.00562467 0.00262573 0.00129167 0.000700373 0.000407203 0.000224671
 4.38996e-11 2.06483e-09 6.72501e-08 1.51666e-06 2.36848e-05 0.000256117 0.00191779 0.0099442 0.0357118 0.0888783 0.153658 0.186274 0.163968 0.117001 0.0832997 0.0642207 0.0456346 0.0266125 0.0130286 0.00577463 0.00238718 0.00090971 0.000328848 0.000121873 4.7683e-05
 4.60419e-11 2.16559e-09 7.05319e-08 1.59067e-06 2.48406e-05 0.000268615 0.00201136 0.0104293 0.0374519 0.0931887 0.160973 0.194496 0.169119 0.116231 0.0771401 0.0561144 0.0391687 0.0230656 0.0116041 0.00530779 0.00222438 0.000822553 0.000263858 7.46393e-05 1.93247e-05
 4.3831e-11 2.0616e-09 6.7145e-08 1.51429e-06 2.36478e-05 0.000255717 0.00191479 0.00992866 0.035656 0.0887395 0.153419 0.185989 0.163733 0.116872 0.0832728 0.0642889 0.0458085 0.0268795 0.0133238 0.00601468 0.00252292 0.000945955 0.000306425 8.4359e-05 1.95143e-05
 4.46235e-11 2.09888e-09 6.83591e-08 1.54167e-06 2.40753e-05 0.000260341 0.00194941 0.0101081 0.0362999 0.0903354 0.156134 0.189071 0.165769 0.116874 0.0814107 0.061644 0.04348 0.0253045 0.012389 0.00549524 0.00226096 0.000833261 0.000266745 7.30327e-05 1.67699e-05
 4.55795e-11 2.14384e-09 6.98236e-08 1.57469e-06 2.45911e-05 0.000265918 0.00199117 0.0103246 0.0370764 0.0922593 0.159401 0.192753 0.168112 0.116628 0.0788033 0.0581444 0.0406098 0.0236222 0.0116037 0.00516135 0.00211896 0.000773982 0.000244229 6.57727e-05 1.48758e-05
 4.65588e-11 2.1899e-09 7.13237e-08 1.60853e-06 2.51194e-05 0.000271631 0.00203394 0.0105463 0.0378719 0.0942308 0.162753 0.19655 0.170593 0.116553 0.0763858 0.0547617 0.0376767 0.0217041 0.0105418 0.0046339 0.00188844 0.000688206 0.00021693 5.81932e-05 1.30516e-05
 4.54525e-11 2.13787e-09 6.9629e-08 1.57031e-06 2.45226e-05 0.000265177 0.00198562 0.0102958 0.0369734 0.0920054 0.158978 0.192317 0.167974 0.117042 0.0797012 0.0590703 0.0410589 0.0234862 0.0111802 0.00478031 0.00189964 0.000679798 0.000211576 5.62746e-05 1.25526e-05
 4.54411e-11 2.13733e-09 6.96115e-08 1.56991e-06 2.45164e-05 0.00026511 0.00198512 0.0102933 0.0369642 0.0919831 0.158944 0.192296 0.168018 0.117204 0.0799651 0.0593143 0.0411409 0.0233778 0.0109779 0.00459607 0.00178146 0.000620792 0.000187954 4.87188e-05 1.06454e-05
 4.58362e-11 2.15592e-09 7.02168e-08 1.58356e-06 2.47296e-05 0.000267415 0.00200238 0.0103827 0.0372849 0.092776 0.160278 0.193743 0.168744 0.11657 0.0781213 0.0572379 0.0398865 0.0232138 0.0114031 0.00503928 0.00202818 0.000714428 0.000214272 5.4412e-05 1.15968e-05
 4.45401e-11 2.09495e-09 6.82313e-08 1.53878e-06 2.40303e-05 0.000259854 0.00194576 0.0100892 0.036232 0.0901665 0.155842 0.188718 0.165462 0.116671 0.0813156 0.0616848 0.0437047 0.0256814 0.012782 0.00577517 0.00240054 0.000880525 0.000275528 7.2337e-05 1.56645e-05
 4.24028e-11 1.99443e-09 6.49572e-08 1.46495e-06 2.28772e-05 0.000247385 0.0018524 0.00960527 0.034496 0.0858653 0.148537 0.180485 0.160224 0.117222 0.0871488 0.069518 0.0501367 0.0294576 0.0145421 0.0065114 0.00270128 0.000999898 0.000319355 8.63785e-05 1.93611e-05
 4.00429e-11 1.88343e-09 6.1342e-08 1.38341e-06 2.1604e-05 0.000233617 0.00174932 0.00907086 0.0325785 0.0811101 0.140432 0.171208 0.153834 0.116496 0.0916704 0.076587 0.0570631 0.0349529 0.018362 0.00878324 0.00380301 0.00143102 0.00045885 0.000124643 2.82513e-05
 4.05594e-11 1.90772e-09 6.21333e-08 1.40126e-06 2.18827e-05 0.000236631 0.00177188 0.00918781 0.032998 0.0821486 0.142191 0.173164 0.154989 0.116114 0.0898797 0.0743122 0.0553051 0.0341009 0.0182145 0.00897341 0.00405303 0.00160578 0.000542257 0.000153394 3.56416e-05
 4.20598e-11 1.97829e-09 6.44318e-08 1.4531e-06 2.26922e-05 0.000245384 0.00183742 0.00952756 0.0342167 0.0851686 0.147321 0.178957 0.158711 0.115825 0.0859195 0.0689067 0.0507561 0.0312946 0.0168042 0.00835781 0.0038311 0.00155328 0.000542443 0.00016006 3.89129e-05
 4.1849e-11 1.96838e-09 6.41088e-08 1.44581e-06 2.25784e-05 0.000244154 0.00182821 0.00947984 0.0340458 0.0847475 0.146623 0.17825 0.158535 0.11663 0.0875785 0.0705844 0.0515218 0.0309571 0.0159359 0.0075906 0.00339255 0.00136844 0.000482104 0.000144904 3.6167e-05
 4.18374e-11 1.96783e-09 6.4091e-08 1.44541e-06 2.25722e-05 0.000244086 0.0018277 0.00947719 0.0340361 0.0847212 0.146563 0.178111 0.1582 0.115961 0.0866524 0.0698641 0.0515323 0.0317139 0.0169143 0.0082901 0.00371391 0.00146657 0.000502335 0.000148055 3.67725e-05
 4.21578e-11 1.9829e-09 6.45818e-08 1.45648e-06 2.2745e-05 0.000245956 0.0018417 0.00954976 0.0342965 0.0853673 0.147667 0.179386 0.159117 0.116164 0.0861781 0.068989 0.0505309 0.0307863 0.0162263 0.00791856 0.00358405 0.00144273 0.000501617 0.000147992 3.63269e-05
 4.33097e-11 2.03708e-09 6.63465e-08 1.49628e-06 2.33665e-05 0.000252676 0.00189202 0.00981063 0.0352326 0.08769 0.151634 0.183965 0.162402 0.116887 0.0845143 0.0660211 0.0472869 0.0278321 0.0138764 0.00635314 0.00274042 0.0010755 0.000371142 0.000109966 2.72282e-05
 4.16929e-11 1.96103e-09 6.38696e-08 1.44042e-06 2.24942e-05 0.000243243 0.00182139 0.00944449 0.033919 0.0844329 0.146086 0.177634 0.158106 0.116572 0.087885 0.0711213 0.0521382 0.0315071 0.0162755 0.00766801 0.00330476 0.00125653 0.000414226 0.000117857 2.84613e-05
 4.17282e-11 1.96269e-09 6.39237e-08 1.44164e-06 2.25133e-05 0.000243449 0.00182293 0.00945247 0.0339475 0.0845022 0.146195 0.177715 0.158014 0.116167 0.0872069 0.0704755 0.0518868 0.0317392 0.0167712 0.00814885 0.00362753 0.00141847 0.000475068 0.000134618 3.1773e-05
 4.18752e-11 1.96961e-09 6.41489e-08 1.44672e-06 2.25926e-05 0.000244307 0.00182935 0.00948574 0.0340666 0.0847956 0.14668 0.1782 0.158108 0.115542 0.0859475 0.0691932 0.0512728 0.0319563 0.017427 0.00878391 0.00404369 0.00163167 0.000564077 0.000164584 3.96771e-05
 4.03382e-11 1.89732e-09 6.17943e-08 1.39362e-06 2.17633e-05 0.00023534 0.00176221 0.00913769 0.0328179 0.0817001 0.141413 0.172209 0.154113 0.115431 0.089395 0.0741574 0.0556958 0.0350234 0.0193392 0.00993425 0.00469243 0.00195519 0.000700614 0.000211832 5.27644e-05
 4.00036e-11 1.88158e-09 6.12818e-08 1.38206e-06 2.15828e-05 0.000233388 0.0017476 0.00906194 0.0325462 0.0810272 0.140272 0.170931 0.153327 0.115592 0.0904113 0.0754565 0.0566807 0.0355008 0.0194843 0.00997274 0.00472645 0.00199306 0.000728846 0.000226402 5.81709e-05
 3.83997e-11 1.80614e-09 5.88247e-08 1.32664e-06 2.07175e-05 0.00022403 0.00167754 0.00869873 0.0312432 0.0777972 0.134776 0.164687 0.149184 0.115538 0.0941149 0.0807733 0.0614286 0.0387772 0.0214486 0.0110388 0.00523737 0.00220625 0.000807991 0.000252883 6.59293e-05
 3.85913e-11 1.81515e-09 5.91182e-08 1.33326e-06 2.08208e-05 0.000225148 0.00168591 0.00874213 0.031399 0.0781849 0.135445 0.165493 0.149874 0.115975 0.0942936 0.0806557 0.0609341 0.0379777 0.0206201 0.0104363 0.00491161 0.00206668 0.000757796 0.000237503 6.20698e-05
#obs surv len freq
 4.09878e-11 1.92787e-09 6.27895e-08 1.41606e-06 2.21138e-05 0.00023913 0.00179059 0.00928482 0.0333461 0.0830108 0.143655 0.174817 0.156048 0.116022 0.0887336 0.0727493 0.0539856 0.0332807 0.0177996 0.0088003 0.00401027 0.00162102 0.000568583 0.000170672 4.29062e-05
 4.92842e-11 2.31809e-09 7.54987e-08 1.70269e-06 2.65899e-05 0.000287531 0.00215299 0.0111634 0.0400855 0.0997127 0.172046 0.206948 0.176948 0.115133 0.0678974 0.0438583 0.0292519 0.0174551 0.00923631 0.00453496 0.00205039 0.000820528 0.000284337 8.42432e-05 2.09099e-05
 4.17213e-11 1.96237e-09 6.39131e-08 1.4414e-06 2.25096e-05 0.000243409 0.00182264 0.00945099 0.0339432 0.0845001 0.146252 0.178067 0.159224 0.118872 0.0911296 0.0737585 0.052373 0.0291859 0.0130232 0.00513555 0.00195359 0.000715101 0.00023893 6.95929e-05 1.70578e-05
 4.731e-11 2.22523e-09 7.24744e-08 1.63448e-06 2.55247e-05 0.000276013 0.00206675 0.0107164 0.0384819 0.0957393 0.165297 0.199337 0.17209 0.115606 0.0732681 0.0511771 0.0354348 0.0212511 0.0110246 0.00512458 0.00209216 0.000718974 0.000207236 5.16288e-05 1.13027e-05
 4.45684e-11 2.09628e-09 6.82745e-08 1.53976e-06 2.40456e-05 0.000260019 0.001947 0.0100956 0.0362555 0.0902272 0.155964 0.18895 0.16593 0.117539 0.0824959 0.0626072 0.0437122 0.0247388 0.0115233 0.00482649 0.0019155 0.000696773 0.000219317 5.74463e-05 1.22459e-05
 4.37026e-11 2.05556e-09 6.69483e-08 1.50985e-06 2.35785e-05 0.000254968 0.00190918 0.00989959 0.035552 0.0884819 0.152985 0.185517 0.16349 0.117066 0.0838753 0.0650235 0.0463576 0.027099 0.0132589 0.00580006 0.00229934 0.000796643 0.000236293 6.00931e-05 1.29704e-05
 4.34438e-11 2.04339e-09 6.65518e-08 1.50091e-06 2.34389e-05 0.000253458 0.00189788 0.00984098 0.0353416 0.0879598 0.152091 0.184479 0.162722 0.116836 0.0841455 0.0655863 0.0470317 0.0277835 0.0138715 0.00626051 0.00257733 0.000927159 0.000282467 7.2081e-05 1.52425e-05
 4.59849e-11 2.16291e-09 7.04444e-08 1.5887e-06 2.48098e-05 0.000268283 0.00200887 0.0104164 0.0374057 0.093074 0.160779 0.194282 0.169 0.116291 0.0773614 0.0563783 0.039349 0.0231262 0.0115941 0.00528397 0.00220799 0.000811574 0.000254515 6.71305e-05 1.46268e-05
 4.69281e-11 2.20727e-09 7.18894e-08 1.62129e-06 2.53187e-05 0.000273786 0.00205008 0.01063 0.0381721 0.0949752 0.164022 0.198005 0.171602 0.116685 0.075704 0.0536762 0.0365939 0.0208248 0.0099179 0.00425918 0.00170692 0.00061788 0.00019449 5.2068e-05 1.15939e-05
 4.41511e-11 2.07666e-09 6.76353e-08 1.52535e-06 2.38205e-05 0.000257585 0.00192877 0.0100012 0.0359166 0.0893871 0.154535 0.187329 0.164865 0.117556 0.0835168 0.0640785 0.045053 0.025669 0.0120271 0.0050062 0.00192337 0.00066313 0.000198714 5.11536e-05 1.11523e-05
 4.53937e-11 2.1351e-09 6.95388e-08 1.56828e-06 2.44909e-05 0.000264834 0.00198305 0.0102825 0.0369256 0.091885 0.158763 0.192025 0.167616 0.116589 0.0791969 0.058762 0.0412335 0.0241206 0.0119137 0.00528112 0.00211619 0.000735195 0.000215813 5.34705e-05 1.11428e-05
 4.55378e-11 2.14188e-09 6.97596e-08 1.57326e-06 2.45686e-05 0.000265675 0.00198935 0.0103152 0.0370428 0.0921764 0.159264 0.192622 0.168105 0.116848 0.0792203 0.0585522 0.0407769 0.0235057 0.0113557 0.00494554 0.00199074 0.000712529 0.000218146 5.5985e-05 1.18326e-05
 4.33612e-11 2.0395e-09 6.64253e-08 1.49806e-06 2.33943e-05 0.000252976 0.00189427 0.00982229 0.0352747 0.0877956 0.151823 0.184228 0.162739 0.117342 0.0850715 0.066475 0.0473666 0.0274704 0.0132628 0.00574182 0.00228513 0.000806971 0.000245048 6.31881e-05 1.36107e-05
 4.04232e-11 1.90131e-09 6.19244e-08 1.39655e-06 2.18092e-05 0.000235836 0.00176593 0.00915698 0.0328879 0.081879 0.141756 0.172787 0.155137 0.117219 0.0918264 0.076213 0.0561199 0.0335699 0.0169404 0.0077093 0.00317926 0.0011395 0.000346126 8.86397e-05 1.8948e-05
 3.76637e-11 1.77152e-09 5.76972e-08 1.30122e-06 2.03204e-05 0.000219736 0.00164539 0.00853208 0.0306457 0.0763183 0.132276 0.161927 0.147625 0.116279 0.0969676 0.0843163 0.0641013 0.0399735 0.0214974 0.0105322 0.00463315 0.00175139 0.000556821 0.000147722 3.22489e-05
 4.17818e-11 1.96522e-09 6.40058e-08 1.44349e-06 2.25422e-05 0.000243762 0.00182527 0.00946456 0.0339905 0.084604 0.146336 0.177723 0.1575 0.114731 0.0849963 0.0685275 0.0514074 0.0329148 0.0186723 0.0097603 0.00458007 0.00184952 0.000629733 0.000178303 4.11493e-05
 4.11027e-11 1.93327e-09 6.29654e-08 1.42003e-06 2.21758e-05 0.0002398 0.00179561 0.00931083 0.0334396 0.083244 0.144062 0.175326 0.156545 0.116464 0.0890838 0.0728334 0.0535987 0.0324988 0.0170042 0.00831013 0.00383365 0.0015956 0.000574905 0.000173832 4.28487e-05
 4.01344e-11 1.88773e-09 6.14821e-08 1.38658e-06 2.16534e-05 0.000234151 0.00175331 0.00909157 0.0326529 0.0812932 0.140738 0.171527 0.153947 0.116226 0.0910514 0.0759035 0.0566406 0.0348994 0.018557 0.00905642 0.00404609 0.00160032 0.000552708 0.000165196 4.16186e-05
 4.01021e-11 1.88621e-09 6.14326e-08 1.38546e-06 2.1636e-05 0.000233962 0.0017519 0.00908423 0.0326264 0.0812261 0.140613 0.171336 0.153652 0.115757 0.0904427 0.075419 0.0566044 0.035361 0.0192425 0.00964653 0.00440265 0.0017574 0.000601961 0.000175458 4.28675e-05
 4.28933e-11 2.01749e-09 6.57084e-08 1.48189e-06 2.31419e-05 0.000250246 0.00187383 0.00971627 0.0348938 0.0868452 0.150165 0.182147 0.160686 0.115461 0.0834279 0.0656674 0.0482128 0.0299533 0.0163204 0.00824146 0.00381543 0.00155401 0.000543793 0.000160949 3.94656e-05
 4.16258e-11 1.95788e-09 6.37668e-08 1.4381e-06 2.2458e-05 0.000242852 0.00181846 0.00942929 0.0338646 0.0842979 0.145858 0.177379 0.15795 0.116604 0.0880682 0.0713036 0.0521812 0.0314325 0.0162359 0.0077593 0.00347338 0.00140053 0.000492659 0.000147805 3.6847e-05
 4.06565e-11 1.91229e-09 6.22819e-08 1.40461e-06 2.19351e-05 0.000237197 0.00177612 0.00920979 0.033077 0.0823443 0.142525 0.173551 0.155269 0.116185 0.0897652 0.0741159 0.0551125 0.0339216 0.0180182 0.00876707 0.00388807 0.00151598 0.000512108 0.000149066 3.66783e-05
 4.15453e-11 1.95409e-09 6.36434e-08 1.43532e-06 2.24146e-05 0.000242382 0.00181494 0.00941104 0.0337988 0.0841319 0.145555 0.176941 0.157338 0.115712 0.0869762 0.0705239 0.0523176 0.0325012 0.017601 0.00878622 0.00399802 0.0015911 0.000541993 0.000156354 3.75991e-05
 4.08355e-11 1.9207e-09 6.25561e-08 1.4108e-06 2.20316e-05 0.000238241 0.00178394 0.00925031 0.0332223 0.0827042 0.143135 0.174231 0.155679 0.116071 0.0891614 0.0733126 0.0544339 0.033531 0.0179146 0.00885749 0.00404114 0.00163252 0.000568412 0.000167518 4.08588e-05
 4.00112e-11 1.88193e-09 6.12933e-08 1.38232e-06 2.15869e-05 0.000233432 0.00174793 0.00906365 0.0325526 0.0810433 0.140304 0.170991 0.153448 0.11582 0.0907464 0.0757927 0.0568684 0.0354618 0.0192457 0.00963363 0.00440739 0.00177386 0.000616171 0.000182466 4.50527e-05
 3.93498e-11 1.85082e-09 6.02801e-08 1.35947e-06 2.12301e-05 0.000229573 0.00171904 0.00891386 0.0320151 0.0797099 0.138027 0.168368 0.151582 0.11545 0.0917621 0.0775338 0.0587052 0.0370783 0.0205176 0.0105002 0.00489877 0.0020025 0.000703107 0.000209355 5.1815e-05
 3.73274e-11 1.7557e-09 5.71821e-08 1.2896e-06 2.0139e-05 0.000217775 0.0016307 0.00845592 0.0303721 0.0756371 0.131096 0.160486 0.146325 0.115306 0.0963095 0.0840998 0.0645882 0.0411828 0.0230618 0.011981 0.00568658 0.00237028 0.000849547 0.000257737 6.47249e-05
 4.03753e-11 1.89906e-09 6.18512e-08 1.3949e-06 2.17834e-05 0.000235556 0.00176383 0.00914606 0.0328477 0.0817694 0.141502 0.172175 0.153631 0.114159 0.0874608 0.0724642 0.0552944 0.0360699 0.0210135 0.0113514 0.00554055 0.00235694 0.000860733 0.000266204 6.81548e-05
#pred catch len freq
 3.05623e-11 1.43751e-09 4.68186e-08 1.05588e-06 1.64891e-05 0.000178306 0.00133516 0.00692348 0.0248687 0.0619409 0.107419 0.131795 0.121139 0.0976712 0.0849735 0.0784855 0.0665947 0.0514935 0.039364 0.0311377 0.0257776 0.0224992 0.0198349 0.0159652 0.0105855
 4.09247e-11 1.9249e-09 6.26929e-08 1.41388e-06 2.20798e-05 0.000238762 0.00178783 0.00927045 0.0332936 0.0828727 0.143364 0.174215 0.154715 0.113357 0.0846699 0.06834 0.0507377 0.0320359 0.0185707 0.0111699 0.00735107 0.00527577 0.00398759 0.0029035 0.00182052
 3.98186e-11 1.87288e-09 6.09984e-08 1.37567e-06 2.1483e-05 0.000232309 0.00173952 0.0090201 0.0323967 0.0806628 0.139693 0.170473 0.153698 0.11745 0.0935079 0.0782208 0.0573266 0.033762 0.0167487 0.00777231 0.00363564 0.0017901 0.000970894 0.000564518 0.000311471
 3.8537e-11 1.8126e-09 5.90351e-08 1.33139e-06 2.07915e-05 0.000224832 0.00168354 0.0087299 0.0313558 0.0780845 0.13532 0.16557 0.15067 0.118044 0.0974504 0.0834855 0.0617539 0.0364522 0.01793 0.00797156 0.00330202 0.00125958 0.000455495 0.000168829 6.60568e-05
 4.06824e-11 1.91351e-09 6.23217e-08 1.40551e-06 2.19491e-05 0.000237348 0.00177725 0.0092157 0.0330983 0.0824006 0.142642 0.173782 0.15576 0.117121 0.0910648 0.0751918 0.0552679 0.0330655 0.016733 0.00768052 0.00322553 0.00119396 0.000383143 0.000108396 2.80659e-05
 3.89588e-11 1.83243e-09 5.96812e-08 1.34596e-06 2.10191e-05 0.000227292 0.00170196 0.0088254 0.0316983 0.0789326 0.136757 0.167172 0.151629 0.117771 0.0960601 0.0817324 0.0604428 0.0358664 0.017855 0.00808213 0.00339597 0.00127434 0.000412926 0.00011369 2.63002e-05
 3.95786e-11 1.86159e-09 6.06308e-08 1.36737e-06 2.13535e-05 0.000230909 0.00172904 0.00896577 0.032202 0.0801812 0.138883 0.169595 0.153262 0.117863 0.0947362 0.0797807 0.058653 0.0345656 0.0170037 0.0075647 0.00311843 0.00115035 0.000368384 0.000100873 2.31635e-05
 4.0593e-11 1.9093e-09 6.21847e-08 1.40242e-06 2.19008e-05 0.000236826 0.00177335 0.00919546 0.0330259 0.0822225 0.142349 0.1735 0.155741 0.117585 0.0919458 0.0760496 0.0556098 0.0328025 0.0161967 0.00722702 0.00297292 0.00108695 0.000343112 9.24141e-05 2.09021e-05
 4.1821e-11 1.96706e-09 6.40659e-08 1.44485e-06 2.25634e-05 0.000243991 0.00182699 0.00947354 0.0340235 0.084695 0.146553 0.178264 0.158863 0.117514 0.0889459 0.0718335 0.0519341 0.0303748 0.0148339 0.00654168 0.00267138 0.000974508 0.000307293 8.24444e-05 1.84914e-05
 4.10601e-11 1.93127e-09 6.29003e-08 1.41856e-06 2.21528e-05 0.000239552 0.00179375 0.00930125 0.0334056 0.0831651 0.143962 0.175377 0.15714 0.118025 0.0914784 0.0750094 0.0542954 0.0314408 0.0150333 0.00644527 0.00256594 0.000919075 0.000286149 7.61185e-05 1.69796e-05
 4.02808e-11 1.89461e-09 6.17064e-08 1.39163e-06 2.17324e-05 0.000235005 0.00175971 0.00912478 0.0327726 0.0815975 0.141304 0.172403 0.155318 0.118421 0.0938933 0.0781202 0.0567109 0.0326728 0.0154213 0.00647757 0.00251647 0.000877967 0.000265944 6.89455e-05 1.50659e-05
 4.04208e-11 1.9012e-09 6.19209e-08 1.39647e-06 2.18079e-05 0.000235822 0.00176583 0.00915646 0.032886 0.0818758 0.14176 0.172832 0.155306 0.117605 0.09239 0.0766886 0.0561985 0.0332138 0.016409 0.00727689 0.00293527 0.00103508 0.000310575 7.88792e-05 1.68124e-05
 3.94624e-11 1.85612e-09 6.04527e-08 1.36336e-06 2.12908e-05 0.00023023 0.00172396 0.00893943 0.0321074 0.0799459 0.138476 0.169103 0.152836 0.117583 0.0946075 0.0798408 0.0589664 0.0350881 0.0175475 0.00795184 0.00331144 0.00121572 0.000380541 9.99187e-05 2.16382e-05
 3.65932e-11 1.72117e-09 5.60573e-08 1.26423e-06 1.97428e-05 0.000213491 0.00159863 0.00828975 0.0297768 0.0741716 0.12867 0.158051 0.145802 0.118318 0.102431 0.0903504 0.0675997 0.0401613 0.0199165 0.00894567 0.00371871 0.00137786 0.000440236 0.000119089 2.6694e-05
 3.43974e-11 1.61789e-09 5.26936e-08 1.18837e-06 1.85582e-05 0.000200681 0.00150271 0.00779249 0.0279925 0.0697452 0.121115 0.149354 0.139647 0.117182 0.105975 0.0963791 0.0739784 0.045726 0.0241151 0.0115647 0.005015 0.0018884 0.000605664 0.000164539 3.72952e-05
 3.47124e-11 1.6327e-09 5.31761e-08 1.19925e-06 1.87281e-05 0.000202519 0.00151647 0.0078638 0.0282482 0.0703774 0.122181 0.150515 0.140248 0.116717 0.104532 0.0946544 0.0727528 0.0453028 0.0243003 0.0120043 0.00543056 0.00215304 0.000727243 0.00020574 4.78057e-05
 3.66564e-11 1.72414e-09 5.61541e-08 1.26642e-06 1.97769e-05 0.00021386 0.00160139 0.008304 0.0298273 0.0742903 0.128829 0.158022 0.145072 0.116346 0.0994052 0.0876532 0.0668572 0.0416613 0.0224673 0.011204 0.00514338 0.00208667 0.000728882 0.000215089 5.22925e-05
 3.58603e-11 1.6867e-09 5.49347e-08 1.23891e-06 1.93474e-05 0.000209216 0.00156662 0.00812378 0.0291811 0.0726924 0.126136 0.155088 0.14355 0.117495 0.102942 0.0917097 0.0694171 0.0421729 0.0218107 0.0104213 0.00466657 0.00188393 0.000663911 0.000199567 4.98122e-05
 3.60751e-11 1.6968e-09 5.52636e-08 1.24633e-06 1.94633e-05 0.000210469 0.00157599 0.00817237 0.0293552 0.0731207 0.126843 0.15579 0.143672 0.116553 0.101093 0.0899184 0.0687429 0.0427695 0.0229138 0.0112623 0.00505361 0.00199703 0.000684209 0.000201677 5.00922e-05
 3.72412e-11 1.75165e-09 5.70501e-08 1.28662e-06 2.00925e-05 0.000217272 0.00162693 0.00843644 0.0303026 0.0754697 0.130844 0.160352 0.146757 0.116749 0.0986103 0.086182 0.0652027 0.0401159 0.0212264 0.0103836 0.0047063 0.00189564 0.000659228 0.000194505 4.77453e-05
 3.7626e-11 1.76975e-09 5.76395e-08 1.29991e-06 2.03001e-05 0.000219517 0.00164374 0.00852361 0.0306157 0.0762495 0.132196 0.162009 0.148266 0.117899 0.0993738 0.0863108 0.0643236 0.0383177 0.0191968 0.00881724 0.00381108 0.00149711 0.000516811 0.000153143 3.79203e-05
 3.59098e-11 1.68903e-09 5.50105e-08 1.24062e-06 1.93741e-05 0.000209505 0.00156878 0.00813497 0.0292213 0.0727914 0.126302 0.155262 0.143621 0.11738 0.102688 0.0915176 0.0694735 0.0424301 0.0220149 0.010402 0.0044909 0.0017089 0.000563526 0.000160353 3.87249e-05
 3.53819e-11 1.66419e-09 5.42017e-08 1.22238e-06 1.90893e-05 0.000206425 0.00154572 0.00801541 0.0287922 0.0717263 0.124479 0.153142 0.142046 0.116892 0.103215 0.0926478 0.070852 0.0438471 0.023284 0.0113496 0.00506188 0.00198099 0.000663669 0.00018808 4.4393e-05
 3.5293e-11 1.66001e-09 5.40655e-08 1.21931e-06 1.90413e-05 0.000205906 0.00154183 0.00799525 0.0287196 0.0715436 0.124149 0.152678 0.141432 0.116041 0.102182 0.0918711 0.0708707 0.0447205 0.0245162 0.0123977 0.00571778 0.00230899 0.000798456 0.000232992 5.61704e-05
 3.41793e-11 1.60763e-09 5.23595e-08 1.18084e-06 1.84405e-05 0.000199409 0.00149318 0.00774306 0.0278147 0.0693001 0.120328 0.148317 0.138471 0.115814 0.104457 0.095254 0.0739779 0.0470014 0.0260696 0.0134292 0.00635312 0.00264887 0.0009494 0.000287074 7.15079e-05
 3.37824e-11 1.58896e-09 5.17515e-08 1.16712e-06 1.82263e-05 0.000197093 0.00147584 0.00765319 0.0274924 0.0685018 0.118975 0.146804 0.137549 0.116025 0.105692 0.0968174 0.0751444 0.0475414 0.0262087 0.0134527 0.00638588 0.00269461 0.000985622 0.000306186 7.86723e-05
 3.28163e-11 1.54352e-09 5.02715e-08 1.13375e-06 1.77051e-05 0.000191457 0.00143364 0.00743442 0.0267075 0.0665559 0.115662 0.143027 0.135 0.115877 0.107757 0.0998856 0.077995 0.0496354 0.0275539 0.014214 0.00675249 0.00284604 0.00104249 0.000326295 8.50704e-05
 3.32981e-11 1.56618e-09 5.10096e-08 1.15039e-06 1.79651e-05 0.000194268 0.00145469 0.00754354 0.0270992 0.0675284 0.117328 0.144976 0.136485 0.116422 0.107409 0.0989264 0.0766604 0.0481512 0.0262335 0.0133071 0.00627063 0.00263994 0.000968173 0.000303455 7.93074e-05
#obs catch len freq
 3.57674e-11 1.68233e-09 5.47923e-08 1.23571e-06 1.92973e-05 0.000208674 0.00156255 0.00810269 0.0291052 0.0724997 0.125779 0.154546 0.142727 0.116209 0.101299 0.0904556 0.0694396 0.0435426 0.0236839 0.0119221 0.00552122 0.00226394 0.000804702 0.000244457 6.21161e-05
 3.60023e-11 1.69337e-09 5.51521e-08 1.24382e-06 1.9424e-05 0.000210044 0.00157282 0.00815589 0.0292961 0.0729736 0.126591 0.155491 0.143432 0.116433 0.101076 0.0899631 0.0688309 0.0429124 0.0231196 0.0115004 0.00526146 0.00213118 0.00074833 0.000224764 5.65251e-05
 4.60417e-11 2.16558e-09 7.05315e-08 1.59066e-06 2.48405e-05 0.000268614 0.00201136 0.0104292 0.0374515 0.0931848 0.160948 0.194383 0.168757 0.115431 0.075971 0.0550948 0.0389184 0.0236964 0.012656 0.00625335 0.00283841 0.00113818 0.00039483 0.000117051 2.90634e-05
 3.69653e-11 1.73867e-09 5.66273e-08 1.27709e-06 1.99436e-05 0.000215662 0.00161488 0.00837406 0.0300801 0.074929 0.13 0.159759 0.147604 0.120178 0.104227 0.0912928 0.0667158 0.0375349 0.0168448 0.00668442 0.00255758 0.000939532 0.000314449 9.1661e-05 2.24758e-05
 4.35595e-11 2.04883e-09 6.6729e-08 1.50491e-06 2.35013e-05 0.000254133 0.00190293 0.00986715 0.0354352 0.0881891 0.152464 0.184815 0.162653 0.116038 0.082743 0.0643239 0.0467218 0.0284893 0.0149018 0.00696792 0.00285552 0.000983322 0.000283767 7.0753e-05 1.54984e-05
 4.03719e-11 1.8989e-09 6.18458e-08 1.39478e-06 2.17815e-05 0.000235536 0.00176369 0.00914541 0.0328468 0.0817813 0.141619 0.172772 0.155602 0.118527 0.0938164 0.0778843 0.0563465 0.0322707 0.0151306 0.00637708 0.00254369 0.000927942 0.000292481 7.66625e-05 1.63485e-05
 3.93161e-11 1.84924e-09 6.02285e-08 1.35831e-06 2.12119e-05 0.000229377 0.00171757 0.00890632 0.0319888 0.0796526 0.137983 0.168575 0.152591 0.117874 0.0953901 0.0807473 0.0595761 0.0352394 0.0173592 0.0076389 0.0030415 0.00105636 0.000313742 7.98527e-05 1.72438e-05
 3.8996e-11 1.83418e-09 5.97382e-08 1.34725e-06 2.10392e-05 0.00022751 0.00170359 0.00883383 0.0317286 0.0790067 0.136878 0.167287 0.151629 0.117563 0.0956855 0.0814088 0.0603998 0.0361054 0.0181521 0.00824166 0.00340735 0.0012286 0.000374752 9.56973e-05 2.02454e-05
 4.19923e-11 1.97511e-09 6.43282e-08 1.45076e-06 2.26557e-05 0.00024499 0.00183447 0.00951228 0.0341624 0.0850372 0.147122 0.178847 0.159033 0.116921 0.0876877 0.0705509 0.0513366 0.0306073 0.015462 0.00709036 0.0029755 0.00109622 0.000344192 9.08454e-05 1.98021e-05
 4.31249e-11 2.02839e-09 6.60632e-08 1.48989e-06 2.32668e-05 0.000251597 0.00188394 0.00976877 0.0350828 0.0873203 0.151018 0.18333 0.1622 0.117489 0.0858332 0.0674186 0.0480422 0.0277518 0.0133175 0.00575608 0.0023181 0.000841432 0.000265223 7.10571e-05 1.58289e-05
 3.98467e-11 1.8742e-09 6.10414e-08 1.37664e-06 2.14982e-05 0.000232473 0.00174075 0.00902649 0.0324202 0.080724 0.139821 0.170731 0.154257 0.118539 0.0950899 0.0797295 0.0580398 0.0334574 0.0157791 0.00660801 0.00255112 0.000882071 0.000264711 6.81984e-05 1.48755e-05
 4.12732e-11 1.94129e-09 6.32266e-08 1.42592e-06 2.22678e-05 0.000240795 0.00180306 0.00934947 0.0335785 0.083591 0.14467 0.176104 0.157359 0.117305 0.0899515 0.0734802 0.0536424 0.0318081 0.0158264 0.00705831 0.00284055 0.000989214 0.000290749 7.20918e-05 1.50308e-05
 4.14287e-11 1.9486e-09 6.34648e-08 1.43129e-06 2.23517e-05 0.000241702 0.00180985 0.00938468 0.0337049 0.0839055 0.145213 0.176759 0.157921 0.117661 0.0900847 0.0733362 0.0531437 0.0310513 0.0151107 0.00662262 0.00267836 0.000961154 0.000294655 7.56752e-05 1.60012e-05
 3.88738e-11 1.82844e-09 5.9551e-08 1.34303e-06 2.09733e-05 0.000226797 0.00169825 0.00880617 0.0316296 0.0787635 0.136479 0.166906 0.15162 0.118234 0.0969429 0.0826295 0.0608818 0.0357165 0.0173604 0.00756198 0.00302346 0.0010705 0.000325515 8.40013e-05 1.81022e-05
 3.54259e-11 1.66626e-09 5.42691e-08 1.22391e-06 1.91131e-05 0.000206681 0.00154764 0.00802541 0.0288285 0.0718196 0.124661 0.153463 0.142646 0.117972 0.104702 0.0939184 0.0711377 0.0429896 0.0218402 0.00999937 0.00414127 0.00148778 0.000452476 0.00011596 2.47997e-05
 3.23445e-11 1.52133e-09 4.95488e-08 1.11745e-06 1.74506e-05 0.000188705 0.00141304 0.00732762 0.0263247 0.0656093 0.114069 0.141301 0.134144 0.116673 0.11008 0.102659 0.0799937 0.050363 0.0272707 0.0134383 0.00593376 0.00224748 0.000715304 0.00018989 4.14715e-05
 3.69581e-11 1.73833e-09 5.66162e-08 1.27684e-06 1.99397e-05 0.00021562 0.00161456 0.00837226 0.0300718 0.0748909 0.129814 0.158972 0.145125 0.114757 0.0964012 0.0847339 0.0657061 0.0425881 0.0243414 0.0127945 0.00602386 0.0024367 0.000830425 0.000235257 5.43119e-05
 3.61266e-11 1.69922e-09 5.53426e-08 1.24812e-06 1.94911e-05 0.00021077 0.00157825 0.00818406 0.0293974 0.0732266 0.127034 0.156057 0.144018 0.117015 0.101601 0.0901647 0.0684011 0.0419361 0.022103 0.0108713 0.00503668 0.00210091 0.000757779 0.000229255 5.6528e-05
 3.49773e-11 1.64516e-09 5.35819e-08 1.20841e-06 1.8871e-05 0.000204064 0.00152804 0.00792379 0.0284635 0.0709107 0.123087 0.151539 0.14091 0.116679 0.103864 0.0937587 0.0720297 0.0448649 0.0240298 0.0117995 0.00529296 0.00209801 0.00072543 0.000216965 5.46824e-05
 3.4909e-11 1.64195e-09 5.34772e-08 1.20605e-06 1.88342e-05 0.000203665 0.00152505 0.00790829 0.0284077 0.0707704 0.122835 0.151188 0.140457 0.116067 0.103131 0.0932139 0.0720595 0.0455194 0.0249554 0.0125867 0.00576676 0.00230655 0.000790911 0.000230678 5.63807e-05
 3.80721e-11 1.79073e-09 5.83228e-08 1.31533e-06 2.05407e-05 0.000222119 0.00166323 0.00862455 0.0309772 0.0771384 0.13366 0.163442 0.148435 0.115745 0.095199 0.0821726 0.0625399 0.0393651 0.0216197 0.0109858 0.00510592 0.00208383 0.000729963 0.000216182 5.30283e-05
 3.6566e-11 1.71989e-09 5.60156e-08 1.26329e-06 1.97282e-05 0.000213333 0.00159744 0.00828355 0.0297544 0.0741121 0.128545 0.157794 0.145243 0.117233 0.1009 0.0890273 0.0672799 0.0410021 0.0213401 0.0102668 0.00461681 0.00186605 0.000657202 0.000197298 4.92036e-05
 3.54643e-11 1.66807e-09 5.4328e-08 1.22523e-06 1.91338e-05 0.000206905 0.00154932 0.00803407 0.0288591 0.0718912 0.124754 0.153428 0.142146 0.116648 0.102675 0.092105 0.070617 0.0439607 0.0235267 0.0115197 0.00513001 0.00200464 0.000677986 0.000197489 4.86133e-05
 3.64099e-11 1.71254e-09 5.57764e-08 1.2579e-06 1.96439e-05 0.000212422 0.00159062 0.00824816 0.029627 0.0737926 0.127975 0.157021 0.144304 0.116051 0.0995693 0.0881595 0.0676074 0.0425183 0.0232082 0.0116593 0.00532695 0.00212447 0.000724491 0.000209138 5.03125e-05
 3.55721e-11 1.67314e-09 5.4493e-08 1.22896e-06 1.91919e-05 0.000207534 0.00155402 0.00805846 0.0289466 0.0721076 0.125119 0.153829 0.142362 0.116509 0.102197 0.0914882 0.0701031 0.0436922 0.0235264 0.0117088 0.00536494 0.00217214 0.000757165 0.000223291 5.44829e-05
 3.45949e-11 1.62717e-09 5.2996e-08 1.1952e-06 1.86647e-05 0.000201833 0.00151133 0.00783717 0.0281526 0.0701384 0.121761 0.149979 0.139691 0.116156 0.103997 0.0943641 0.0729841 0.0460379 0.0251819 0.012687 0.00582839 0.00235087 0.000817544 0.00024226 5.98403e-05
 3.38856e-11 1.59382e-09 5.19096e-08 1.17069e-06 1.82821e-05 0.000197695 0.00148035 0.00767656 0.0275762 0.0687081 0.119317 0.147152 0.137642 0.115652 0.104929 0.096094 0.0749199 0.0478566 0.0266886 0.0137447 0.00643775 0.00263697 0.000926884 0.00027616 6.83753e-05
 3.16325e-11 1.48784e-09 4.84579e-08 1.09285e-06 1.70664e-05 0.00018455 0.00138193 0.00716633 0.0257457 0.06417 0.111593 0.13836 0.131752 0.11542 0.109889 0.103314 0.0814456 0.0524792 0.0296146 0.0154823 0.00737715 0.00308113 0.0011055 0.000335593 8.43075e-05
#spawning biomass
 3292.41 2695.3 4365.62 5368.77 6732.2 10533.5 11249.2 14062.1 19874.5 29490.4 34403.8 49713.1 78012.3 92619.2 101929 85683.7 80020.9 76658 83925.9 86506.3 75347.3 89563.1 91884.7 107491 131193 125611 117241 82070 57078.9 108527 80911.5 56088.6 40942.5 32906.2 28964.6 27122.2 26287.3 25916.6 25754.2 25683.8 25653.4 25640.3 25634.8 25632.4 25631.4 25630.9 25630.8 25630.7 25630.6 25630.6 25630.6 25630.6 25630.6 25630.6 25630.6 25630.6 25630.6 25630.6 25630.6 25630.6 25630.6 25630.6 25630.6 25630.6 25630.6 25630.6 25630.6 25630.6 25630.6 25630.6 25630.6 25630.6 25630.6 25630.6 25630.6 25630.6 25630.6 25630.6 25630.6 25630.6 25630.6 25630.6 25630.6 25630.6 25630.6 25630.6 25630.6 25630.6 25630.6 25630.6 25630.6 25630.6 25630.6 25630.6 25630.6 25630.6 25630.6 25630.6 25630.6 25630.6 25630.6 25630.6 25630.6 25630.6 25630.6 25630.6 25630.6 25630.6 25630.6 25630.6 25630.6 25630.6 25630.6 25630.6 25630.6 25630.6 25630.6 25630.6 25630.6 25630.6 25630.6 25630.6 25630.6 25630.6 25630.6 25630.6 25630.6 25630.6 0 0 0 0 0 0 0 0 0 0 0 0 0 0 0 0 0 0 0 0 0 0 0 0 0
