SBPRF35
0.129243
Curr Bio
162893
B35
155613
F35
1.35077
FOFL
1.2914
OFL
59164.6
Bzero
36926.5
#pred survey bio
 4884.97 5870.98 9527.82 17222.8 31625.2 38887.9 31538.9 36924.4 59515.9 86827.5 109799 133419 186733 234611 211352 179842 155007 151154 152704 172231 157038 176026 194107 204961 213307 224353 211731 191618 6.22657e+06 3.09554e+06 1.50411e+06 766696 527947 439933 400020 379417 368193 361971 358510 356587 355521 354932 354606 354425 354327 354274 354245 354230 354221 354217 354214 354213 354212 354212 354212 354212 354212 354212 354211 354211 354211 354211 354211 354211 354211 354211 354211 354211 354211 354211 354211 354211 354211 354211 354211 354211 354211 354211 354211 354211 354211 354211 354211 354211 354211 354211 354211 354211 354211 354211 354211 354211 354211 354211 354211 354211 354211 354211 354211 354211 354211 354211 354211 354211 354211 354211 354211 354211 354211 354211 354211 354211 354211 354211 354211 354211 354211 354211 354211 354211 354211 354211 354211 354211 354211 354211 354211 354211 0 0 0 0 0 0 0 0 0 0 0 0 0 0 0 0 0 0 0 0 0 0 0 0 0
#obs survey bio
 3989.24 5403.88 8581.6 17454.5 29445.6 19492.6 22113.8 30460.6 64239.8 77590.9 111258 112696 173381 136780 120380 138010 130800 147055 89950.5 115483 97095.8 148362 192183 200157 123260 199830 147669 120613
#pred catch bio
 1754.72 2054.67 2706.64 4890.96 10168.3 18471 15178.1 15033.3 23227.4 35572.1 48625.3 53323.5 73107.6 118521 111129 97811.3 80308.3 80536.9 74397.9 103403 85858 92595.7 102080 109717 118069 131104 122714 114523 59164.6 66913.8 28964.6 10829.5 6741.79 5984.36 5855.07 5834.09 5830.8 5830.29 5830.22 5830.21 5830.21 5830.2 5830.2 5830.2 5830.2 5830.2 5830.2 5830.2 5830.2 5830.2 5830.2 5830.2 5830.2 5830.2 5830.2 5830.2 5830.2 5830.2 5830.2 5830.2 5830.2 5830.2 5830.2 5830.2 5830.2 5830.2 5830.2 5830.2 5830.2 5830.2 5830.2 5830.2 5830.2 5830.2 5830.2 5830.2 5830.2 5830.2 5830.2 5830.2 5830.2 5830.2 5830.2 5830.2 5830.2 5830.2 5830.2 5830.2 5830.2 5830.2 5830.2 5830.2 5830.2 5830.2 5830.2 5830.2 5830.2 5830.2 5830.2 5830.2 5830.2 5830.2 5830.2 5830.2 5830.2 5830.2 5830.2 5830.2 5830.2 5830.2 5830.2 5830.2 5830.2 5830.2 5830.2 5830.2 5830.2 5830.2 5830.2 5830.2 5830.2 5830.2 5830.2 5830.2 5830.2 5830.2 5830.2 5830.2 0 0 0 0 0 0 0 0 0 0 0 0 0 0 0 0 0 0 0 0 0 0 0 0 0
#obs catch bio
 2236.85 2148.22 2590.61 4653.54 9231.04 18933.2 17356.9 15014.2 21545.3 34476.5 46484.7 50114.4 64038 114082 113841 96655.8 75188.2 77537 73971.9 103605 91716.9 90010.9 88607.1 94872 108582 125652 119954 110993
#pred cpue bio
 3192.96 3139.63 4558.95 8370.96 15262.2 22127.6 18438.6 17760.2 27282.7 42392.9 56031.9 66687.9 91654.2 122475 112883 95745.3 79879.4 76337.1 74492.4 84858.5 73106.8 81016.8 92469 99303 102637 104963 99856.3 92586.1 2.88948e+06 2.3016e+06 1.32185e+06 631774 395254 307356 267451 246849 235624 229402 225941 224018 222952 222363 222037 221856 221758 221705 221677 221661 221653 221648 221646 221644 221644 221643 221643 221643 221643 221643 221643 221643 221643 221643 221643 221643 221643 221643 221643 221643 221643 221643 221643 221643 221643 221643 221643 221643 221643 221643 221643 221643 221643 221643 221643 221643 221643 221643 221643 221643 221643 221643 221643 221643 221643 221643 221643 221643 221643 221643 221643 221643 221643 221643 221643 221643 221643 221643 221643 221643 221643 221643 221643 221643 221643 221643 221643 221643 221643 221643 221643 221643 221643 221643 221643 221643 221643 221643 221643 221643 0 0 0 0 0 0 0 0 0 0 0 0 0 0 0 0 0 0 0 0 0 0 0 0 0
#obs cpue bio
 2018.69 2881.9 7472.84 11317.5 27118.8 20523.7 15821.9 29442.2 41196.7 42815.7 75122.6 107612 199782 167589 157874 155705 129104 89894.6 105011 149364 72008.4 140325 205508 176606 202862 137583 148360 182014
#pred surv len freq
 1.59755e-11 1.73398e-09 1.10975e-07 4.18784e-06 9.31846e-05 0.00122262 0.00945926 0.0431689 0.116385 0.186803 0.185328 0.132377 0.0944977 0.0732842 0.0505688 0.0322461 0.0212535 0.0144001 0.0101122 0.00749893 0.00596594 0.00514681 0.00454986 0.00354933 0.00208414
 1.78572e-11 1.93823e-09 1.24046e-07 4.68112e-06 0.000104161 0.00136663 0.0105732 0.0482489 0.130029 0.208283 0.204648 0.140793 0.0930559 0.0672325 0.0427443 0.0235528 0.0127088 0.00676289 0.00363128 0.00211148 0.00137265 0.00100925 0.000806628 0.000605419 0.000355819
 1.88593e-11 2.04699e-09 1.31007e-07 4.9438e-06 0.000110006 0.00144331 0.0111664 0.0509531 0.13728 0.219596 0.214336 0.14358 0.0894499 0.0611493 0.0368229 0.0184413 0.00870075 0.00391449 0.00164425 0.000690039 0.0003158 0.000171229 0.000111348 7.54347e-05 4.27693e-05
 1.83997e-11 1.99711e-09 1.27815e-07 4.82333e-06 0.000107325 0.00140814 0.0108944 0.0497141 0.133971 0.21454 0.210521 0.144054 0.0939059 0.0662951 0.0400338 0.0196859 0.00894256 0.00377139 0.00140845 0.000482924 0.000160193 5.61706e-05 2.40604e-05 1.2664e-05 6.4571e-06
 1.86286e-11 2.02195e-09 1.29405e-07 4.88333e-06 0.00010866 0.00142566 0.0110299 0.050331 0.135616 0.217036 0.212313 0.143525 0.0912628 0.063538 0.0387757 0.0197158 0.00928588 0.00395272 0.00143916 0.000460329 0.000131991 3.46217e-05 9.13196e-06 2.87811e-06 1.08872e-06
 1.48674e-11 1.61371e-09 1.03277e-07 3.89736e-06 8.67212e-05 0.00113783 0.00880374 0.0401886 0.108506 0.175416 0.179965 0.144244 0.12261 0.101088 0.0635113 0.0312719 0.0141145 0.00592309 0.00217661 0.000699821 0.000195111 4.65115e-05 9.64961e-06 1.87916e-06 4.0213e-07
 1.49325e-11 1.62078e-09 1.0373e-07 3.91443e-06 8.7101e-05 0.00114281 0.00884217 0.0403617 0.10894 0.175853 0.179181 0.140535 0.11645 0.0967763 0.0648054 0.0364061 0.0186244 0.00804666 0.0028094 0.000843041 0.00022564 5.24783e-05 1.02677e-05 1.6715e-06 2.3563e-07
 1.90002e-11 2.06229e-09 1.31986e-07 4.98076e-06 0.000110828 0.0014541 0.0112498 0.0513323 0.138283 0.221057 0.215078 0.142261 0.0863164 0.0584872 0.0365716 0.0200242 0.0103387 0.00476228 0.00185186 0.000606589 0.000164197 3.65422e-05 6.79062e-06 1.04554e-06 1.30095e-07
 1.9049e-11 2.06759e-09 1.32325e-07 4.99354e-06 0.000111112 0.00145783 0.0112788 0.051466 0.138664 0.221835 0.216627 0.145368 0.0906906 0.0612875 0.0351986 0.0157226 0.00634914 0.0025365 0.000953909 0.000324655 9.54619e-05 2.30426e-05 4.42371e-06 6.66608e-07 7.86327e-08
 1.79386e-11 1.94706e-09 1.24612e-07 4.70245e-06 0.000104635 0.00137286 0.0106215 0.0484716 0.13066 0.20954 0.207044 0.145496 0.0998546 0.0724514 0.0428639 0.0195466 0.00786173 0.00287761 0.000896683 0.000247483 6.47903e-05 1.55871e-05 3.17336e-06 5.10293e-07 6.21426e-08
 1.73168e-11 1.87957e-09 1.20292e-07 4.53945e-06 0.000101008 0.00132527 0.0102535 0.0467941 0.126168 0.202576 0.2013 0.144524 0.103376 0.0775632 0.0474333 0.023016 0.0100405 0.00388355 0.00122792 0.000322557 7.31987e-05 1.4559e-05 2.58547e-06 4.01139e-07 5.04356e-08
 1.78035e-11 1.9324e-09 1.23673e-07 4.66705e-06 0.000103848 0.00136252 0.0105416 0.0481065 0.129674 0.207947 0.205415 0.144231 0.0989997 0.0724372 0.0441878 0.021687 0.00967578 0.00387233 0.00129009 0.000359977 8.43745e-05 1.62218e-05 2.55829e-06 3.36803e-07 3.72189e-08
 1.81602e-11 1.97111e-09 1.26151e-07 4.76054e-06 0.000105928 0.00138981 0.0107527 0.0490683 0.132245 0.211896 0.208491 0.144185 0.096052 0.0688625 0.0417603 0.0204928 0.00918916 0.0037326 0.00128199 0.000374975 9.31577e-05 1.89972e-05 3.10125e-06 3.98356e-07 3.994e-08
 1.68603e-11 1.83003e-09 1.17122e-07 4.4198e-06 9.83461e-05 0.00129034 0.00998335 0.0455633 0.122877 0.197523 0.19736 0.144569 0.107096 0.0819954 0.0502893 0.0243279 0.0106811 0.00428987 0.00147452 0.000436767 0.000111523 2.37565e-05 4.09738e-06 5.54859e-07 5.72338e-08
 1.62772e-11 1.76673e-09 1.1307e-07 4.26693e-06 9.49444e-05 0.00124572 0.00963818 0.0439908 0.118675 0.19108 0.192395 0.144821 0.112189 0.0880388 0.0542227 0.0260624 0.011243 0.00436442 0.00141878 0.000394523 9.66482e-05 2.03827e-05 3.57282e-06 5.01518e-07 5.42117e-08
 1.64305e-11 1.78337e-09 1.14135e-07 4.30712e-06 9.58388e-05 0.00125745 0.00972892 0.044404 0.119777 0.19275 0.19359 0.144451 0.110395 0.0861749 0.053382 0.0260945 0.0114774 0.00448171 0.00143809 0.000386511 8.97113e-05 1.7776e-05 2.96615e-06 4.08059e-07 4.45021e-08
 1.70189e-11 1.84724e-09 1.18223e-07 4.46138e-06 9.92712e-05 0.00130248 0.0100772 0.0459913 0.124025 0.199311 0.198881 0.144974 0.106455 0.080925 0.0492077 0.0233624 0.00993331 0.00381083 0.00122025 0.000328095 7.5336e-05 1.44745e-05 2.29542e-06 2.97681e-07 3.09336e-08
 1.73856e-11 1.88704e-09 1.2077e-07 4.55749e-06 0.00010141 0.00133054 0.0102942 0.0469801 0.126669 0.203385 0.202118 0.145133 0.103751 0.0775051 0.0467156 0.0219269 0.00917325 0.0034596 0.00108628 0.000286285 6.49544e-05 1.24168e-05 1.9486e-06 2.45967e-07 2.44436e-08
 1.79154e-11 1.94454e-09 1.2445e-07 4.69637e-06 0.0001045 0.00137108 0.0106078 0.0484092 0.130494 0.209295 0.206899 0.145648 0.100275 0.0728404 0.0429717 0.0194335 0.00772363 0.00279624 0.00085103 0.000217125 4.76997e-05 8.87265e-06 1.36519e-06 1.70042e-07 1.66472e-08
 1.77519e-11 1.92679e-09 1.23315e-07 4.65351e-06 0.000103546 0.00135857 0.010511 0.0479681 0.129314 0.207476 0.205447 0.145556 0.101453 0.0743652 0.0441344 0.0201413 0.00808623 0.00292804 0.00087805 0.000218074 4.64429e-05 8.374e-06 1.2492e-06 1.51305e-07 1.44897e-08
 1.84692e-11 2.00466e-09 1.28298e-07 4.84156e-06 0.000107731 0.00141347 0.0109357 0.0499034 0.134497 0.21551 0.212074 0.146677 0.0973907 0.068466 0.0388617 0.0161468 0.00559392 0.00178539 0.000491789 0.000113187 2.24446e-05 3.81198e-06 5.40413e-07 6.26368e-08 5.77823e-09
 1.86906e-11 2.02869e-09 1.29836e-07 4.8996e-06 0.000109022 0.00143041 0.0110667 0.0505004 0.136091 0.217947 0.213915 0.146462 0.0952856 0.0660964 0.0375098 0.0157369 0.00552251 0.00174867 0.000457648 9.5487e-05 1.68405e-05 2.58168e-06 3.3662e-07 3.63913e-08 3.16953e-09
 1.80903e-11 1.96352e-09 1.25665e-07 4.74221e-06 0.00010552 0.00138446 0.0107114 0.0488814 0.131764 0.211309 0.208779 0.146653 0.10041 0.0721851 0.0414612 0.0175065 0.00619744 0.00198494 0.000527035 0.000111404 1.9438e-05 2.81199e-06 3.31767e-07 3.20564e-08 2.52852e-09
 1.78953e-11 1.94237e-09 1.24311e-07 4.69112e-06 0.000104383 0.00136955 0.010596 0.0483555 0.130355 0.209116 0.20693 0.146214 0.10131 0.073661 0.0429699 0.0187986 0.00704186 0.00236253 0.000643537 0.000138655 2.46776e-05 3.6281e-06 4.27725e-07 3.98662e-08 2.91076e-09
 1.80411e-11 1.95819e-09 1.25324e-07 4.72933e-06 0.000105233 0.0013807 0.0106823 0.0487486 0.131405 0.210724 0.208159 0.146119 0.0999886 0.0721188 0.0420024 0.0184125 0.0069425 0.00236299 0.000662158 0.000149122 2.78043e-05 4.23198e-06 5.11225e-07 4.84644e-08 3.54913e-09
 1.84671e-11 2.00443e-09 1.28283e-07 4.841e-06 0.000107718 0.0014133 0.0109344 0.0498974 0.134478 0.215459 0.211925 0.146318 0.096862 0.0681335 0.0390492 0.0166791 0.00604609 0.00199343 0.000549466 0.000123002 2.31212e-05 3.6139e-06 4.53985e-07 4.47525e-08 3.37851e-09
 1.81567e-11 1.97073e-09 1.26127e-07 4.75962e-06 0.000105907 0.00138955 0.0107507 0.0490608 0.132247 0.212081 0.209523 0.147116 0.100579 0.0719936 0.0408047 0.0166171 0.00551885 0.0016692 0.00043052 9.01884e-05 1.59294e-05 2.39418e-06 2.97145e-07 2.96175e-08 2.29878e-09
 1.77604e-11 1.92772e-09 1.23374e-07 4.65574e-06 0.000103596 0.00135922 0.0105161 0.0479921 0.129389 0.207682 0.206052 0.14702 0.103627 0.0758088 0.0435482 0.0181335 0.00623688 0.00192491 0.000486878 9.58983e-05 1.5514e-05 2.13724e-06 2.46331e-07 2.32546e-08 1.75543e-09
#obs surv len freq
 1.28848e-11 1.39853e-09 8.95054e-08 3.37766e-06 7.51575e-05 0.000986119 0.0076303 0.0348405 0.0941707 0.152998 0.160152 0.135928 0.124897 0.111788 0.0817023 0.0504821 0.027019 0.0118265 0.00410292 0.00112105 0.000235651 3.68198e-05 4.13813e-06 3.24429e-07 1.7253e-08
 1.83717e-11 1.99407e-09 1.2762e-07 4.816e-06 0.000107162 0.00140601 0.010878 0.0496398 0.13377 0.214138 0.209415 0.140682 0.0879385 0.0623224 0.0424641 0.025616 0.0134003 0.00569772 0.00190662 0.000498475 9.94897e-05 1.46565e-05 1.54349e-06 1.12808e-07 5.56937e-09
 1.56222e-11 1.69564e-09 1.08521e-07 4.09524e-06 9.11246e-05 0.00119562 0.00925117 0.0422368 0.114085 0.18463 0.189398 0.149334 0.120444 0.0935079 0.0556026 0.0252295 0.0099572 0.00358898 0.00110871 0.000274727 5.19853e-05 7.21857e-06 7.12131e-07 4.85021e-08 2.22228e-09
 1.80746e-11 1.96183e-09 1.25557e-07 4.73812e-06 0.000105429 0.00138328 0.0107025 0.0488464 0.131716 0.211421 0.208997 0.145254 0.095534 0.0675649 0.0425955 0.0222371 0.00953343 0.00315056 0.000778212 0.000149776 2.33532e-05 2.86631e-06 2.59384e-07 1.63799e-08 6.95967e-10
 1.66013e-11 1.80192e-09 1.15323e-07 4.35193e-06 9.68362e-05 0.00127056 0.00983107 0.0448834 0.121206 0.195813 0.198839 0.150515 0.112599 0.0827627 0.0483223 0.0219115 0.00839033 0.00271257 0.000690744 0.000131877 1.84112e-05 1.86182e-06 1.3658e-07 7.22292e-09 2.68096e-10
 7.2307e-12 7.84825e-10 5.02288e-08 1.8955e-06 4.2179e-05 0.000553516 0.00428634 0.0196413 0.0539276 0.0935396 0.122038 0.155969 0.188169 0.170141 0.108885 0.0533234 0.0211414 0.00653334 0.00150851 0.00026138 3.41711e-05 3.28068e-06 2.22268e-07 1.03243e-08 3.23801e-10
 1.60087e-11 1.7376e-09 1.11206e-07 4.19658e-06 9.33794e-05 0.00122519 0.0094797 0.0432707 0.11673 0.187623 0.186223 0.131242 0.0920692 0.0792134 0.0686484 0.048454 0.024622 0.00860205 0.00208883 0.00036168 4.49813e-05 3.97271e-06 2.45362e-07 1.04305e-08 2.99315e-10
 1.80174e-11 1.95562e-09 1.25159e-07 4.72313e-06 0.000105096 0.00137894 0.0106697 0.0487107 0.131494 0.211894 0.21206 0.151184 0.0998437 0.0658413 0.0368464 0.017569 0.00795969 0.00321477 0.000985194 0.000207797 2.90995e-05 2.68627e-06 1.63805e-07 6.60254e-09 1.75149e-10
 1.59407e-11 1.73021e-09 1.10733e-07 4.17875e-06 9.29837e-05 0.00122005 0.00944162 0.043129 0.116709 0.189951 0.197405 0.156683 0.120619 0.0863069 0.0480829 0.0205464 0.00715205 0.00205891 0.000488589 9.47238e-05 1.40501e-05 1.45458e-06 9.87094e-08 4.26355e-09 1.15931e-10
 1.46862e-11 1.59405e-09 1.02019e-07 3.8499e-06 8.56669e-05 0.00112408 0.00869979 0.0397566 0.107756 0.176455 0.187254 0.156387 0.128206 0.0965461 0.0575443 0.0268868 0.00990246 0.00274464 0.000554687 8.29796e-05 9.4418e-06 8.15087e-07 5.12302e-08 2.21214e-09 6.23828e-11
 1.42403e-11 1.54566e-09 9.8922e-08 3.73303e-06 8.30667e-05 0.00108998 0.00843652 0.038564 0.104624 0.171879 0.184089 0.156433 0.130151 0.0991669 0.0605992 0.0294703 0.0113356 0.00327687 0.000684529 0.000101802 1.06624e-05 7.78381e-07 3.94339e-08 1.38291e-09 3.3196e-11
 1.67049e-11 1.81316e-09 1.16042e-07 4.37909e-06 9.74419e-05 0.00127857 0.00989478 0.0452015 0.122299 0.198636 0.203745 0.153909 0.109265 0.0761251 0.045513 0.0222243 0.00863603 0.00253631 0.000542589 8.28428e-05 8.82678e-06 6.40256e-07 3.09949e-08 9.88287e-10 2.05804e-11
 1.5282e-11 1.65872e-09 1.06158e-07 4.0061e-06 8.91436e-05 0.00116975 0.00905463 0.0413982 0.112366 0.184647 0.196826 0.162598 0.126452 0.0878068 0.04775 0.0203631 0.00706108 0.00194338 0.00040387 6.09705e-05 6.47057e-06 4.68343e-07 2.25502e-08 7.0836e-10 1.42961e-11
 1.29279e-11 1.40321e-09 8.98055e-08 3.38903e-06 7.54146e-05 0.000989689 0.00766352 0.035084 0.0956896 0.159971 0.179829 0.165977 0.144882 0.108021 0.0620503 0.027496 0.00938253 0.00238058 0.000439882 5.92013e-05 5.75324e-06 3.92477e-07 1.81551e-08 5.52991e-10 1.08505e-11
 1.22401e-11 1.32854e-09 8.50271e-08 3.20872e-06 7.14031e-05 0.000937086 0.00725729 0.0332403 0.0907982 0.152459 0.173212 0.162764 0.145583 0.113444 0.0701913 0.0338308 0.0122984 0.0032272 0.000597612 7.75011e-05 6.97507e-06 4.29985e-07 1.79044e-08 4.961e-10 8.99273e-12
 1.36752e-11 1.48432e-09 9.49964e-08 3.58494e-06 7.97745e-05 0.00104692 0.00810687 0.0371104 0.101122 0.168138 0.184769 0.161205 0.133036 0.099505 0.0611233 0.0298473 0.0111699 0.00305716 0.00059234 7.94021e-05 7.20837e-06 4.35106e-07 1.72252e-08 4.42668e-10 7.31937e-12
 1.35443e-11 1.4701e-09 9.40871e-08 3.55064e-06 7.9013e-05 0.001037 0.00803187 0.0367943 0.100495 0.168243 0.187932 0.167504 0.137719 0.0984468 0.0562197 0.0254826 0.00905467 0.00242028 0.000467864 6.33487e-05 5.83163e-06 3.55585e-07 1.40724e-08 3.56039e-10 5.69404e-12
 1.40009e-11 1.51966e-09 9.7259e-08 3.67035e-06 8.16776e-05 0.001072 0.00830336 0.0380411 0.103893 0.173686 0.192569 0.168019 0.134233 0.0940605 0.0528174 0.0231539 0.0077527 0.00192083 0.000344535 4.39206e-05 3.87729e-06 2.30047e-07 8.93211e-09 2.22275e-10 3.49001e-12
 1.4234e-11 1.54497e-09 9.8879e-08 3.73151e-06 8.304e-05 0.00108993 0.00844352 0.0386985 0.105792 0.177205 0.196803 0.170698 0.133385 0.0903203 0.0486939 0.0204216 0.00653142 0.00153804 0.000259271 3.06805e-05 2.49877e-06 1.37111e-07 4.9643e-09 1.16356e-10 1.73593e-12
 1.41742e-11 1.53848e-09 9.84639e-08 3.71587e-06 8.26941e-05 0.00108547 0.00841071 0.0385707 0.105607 0.177544 0.198459 0.172934 0.134263 0.089422 0.0471026 0.0191186 0.00585497 0.0013094 0.000208353 2.31379e-05 1.75711e-06 8.93083e-08 2.9797e-09 6.42063e-11 8.81387e-13
 1.43234e-11 1.55468e-09 9.95006e-08 3.75503e-06 8.35673e-05 0.001097 0.00850143 0.0390026 0.106883 0.179937 0.201148 0.174035 0.132891 0.0869166 0.0449998 0.0178665 0.00530412 0.00113921 0.000172524 1.8078e-05 1.28596e-06 6.0876e-08 1.88319e-09 3.74816e-11 4.73734e-13
 1.47717e-11 1.60333e-09 1.02615e-07 3.87259e-06 8.61852e-05 0.00113142 0.00876917 0.0402397 0.110298 0.185552 0.206225 0.175031 0.12928 0.0815593 0.0407465 0.0155765 0.00444136 0.000913987 0.000132088 1.31299e-05 8.80148e-07 3.90217e-08 1.1246e-09 2.07644e-11 2.42655e-13
 1.45302e-11 1.57712e-09 1.00938e-07 3.80937e-06 8.47824e-05 0.00111316 0.00863091 0.039646 0.108963 0.184485 0.207575 0.178538 0.131674 0.0812198 0.0390854 0.0142563 0.00385942 0.000752478 0.000102853 9.64862e-06 6.08824e-07 2.53334e-08 6.82971e-10 1.17557e-11 1.27651e-13
 1.44985e-11 1.57369e-09 1.00719e-07 3.80116e-06 8.46033e-05 0.00111093 0.00861616 0.0396063 0.109026 0.185148 0.209104 0.179847 0.131584 0.0801633 0.0379648 0.0134927 0.00350845 0.000648745 8.33703e-05 7.31618e-06 4.3077e-07 1.67054e-08 4.19386e-10 6.71593e-12 6.77709e-14
 1.44412e-11 1.56748e-09 1.00322e-07 3.78627e-06 8.42768e-05 0.00110681 0.00858744 0.0395106 0.108991 0.185855 0.211117 0.181895 0.13173 0.0786104 0.0362594 0.0124891 0.00313085 0.000554794 6.78049e-05 5.60956e-06 3.08892e-07 1.11372e-08 2.59013e-10 3.83532e-12 3.57595e-14
 1.32296e-11 1.43598e-09 9.1908e-08 3.4689e-06 7.72245e-05 0.00101462 0.00788105 0.0363703 0.101119 0.175744 0.207462 0.188448 0.141709 0.0850566 0.0385573 0.0128695 0.00309736 0.000523654 6.07685e-05 4.75215e-06 2.46199e-07 8.3118e-09 1.80159e-10 2.47588e-12 2.13517e-14
 1.33463e-11 1.44864e-09 9.27194e-08 3.49961e-06 7.79121e-05 0.00102377 0.00795379 0.0367174 0.102097 0.177195 0.207952 0.186873 0.13975 0.0846204 0.0389633 0.0130892 0.0031116 0.000510261 5.66711e-05 4.20245e-06 2.05143e-07 6.49593e-09 1.31603e-10 1.68553e-12 1.35114e-14
 1.34585e-11 1.46084e-09 9.35016e-08 3.52928e-06 7.85804e-05 0.00103278 0.00802795 0.0371001 0.103372 0.179934 0.211384 0.188409 0.137878 0.0811412 0.0363706 0.0119636 0.00279988 0.00045237 4.92223e-05 3.53894e-06 1.65524e-07 4.96983e-09 9.4711e-11 1.13466e-12 8.47518e-15
#pred catch len freq
 1.08176e-11 1.17415e-09 7.51453e-08 2.83575e-06 6.30993e-05 0.000827906 0.00640611 0.0292518 0.0790901 0.128772 0.13641 0.12065 0.117104 0.107457 0.0803433 0.055185 0.0384142 0.0267109 0.0189702 0.014132 0.0112602 0.00971823 0.00859188 0.0067026 0.00393572
 1.34607e-11 1.46103e-09 9.35058e-08 3.52862e-06 7.85164e-05 0.00103018 0.00797094 0.0363898 0.0982889 0.159218 0.164855 0.136136 0.12106 0.104417 0.071555 0.0421052 0.0240406 0.0131834 0.00718041 0.00420306 0.00273892 0.00201514 0.0016108 0.00120903 0.000710575
 1.4655e-11 1.59065e-09 1.01802e-07 3.84168e-06 8.54823e-05 0.00112157 0.00867794 0.0396139 0.106948 0.172851 0.177116 0.141454 0.119961 0.0998831 0.0651379 0.0348683 0.017545 0.00819348 0.00350387 0.00148459 0.000682438 0.000370582 0.000241073 0.000163329 9.26038e-05
 1.40286e-11 1.52267e-09 9.74508e-08 3.67749e-06 8.1829e-05 0.00107364 0.00830726 0.0379255 0.102441 0.165976 0.171996 0.142322 0.126403 0.10725 0.0696897 0.0365418 0.0177057 0.00775712 0.00295042 0.00102207 0.000340886 0.000119815 5.13649e-05 2.70408e-05 1.37879e-05
 1.45268e-11 1.57674e-09 1.00911e-07 3.80809e-06 8.47348e-05 0.00111177 0.00860209 0.0392684 0.106025 0.171432 0.176013 0.141492 0.121141 0.101582 0.0668314 0.0361699 0.0180515 0.00793726 0.00293528 0.000947449 0.000273041 7.17915e-05 1.89561e-05 5.97672e-06 2.26107e-06
 1.07178e-11 1.16331e-09 7.44519e-08 2.80959e-06 6.25172e-05 0.000820283 0.00634767 0.0289975 0.078575 0.129322 0.143439 0.142729 0.15366 0.140115 0.0916514 0.0471481 0.0223168 0.00963766 0.00358913 0.00116212 0.000325196 7.76563e-05 1.61241e-05 3.14114e-06 6.72285e-07
 1.07285e-11 1.16448e-09 7.45264e-08 2.8124e-06 6.25798e-05 0.0008211 0.00635384 0.0290223 0.0785963 0.128988 0.141379 0.136805 0.144573 0.134146 0.0943482 0.0556684 0.0296615 0.0130815 0.00461446 0.00139437 0.000374804 8.73461e-05 1.71043e-05 2.78547e-06 3.92726e-07
 1.54876e-11 1.68103e-09 1.07586e-07 4.05995e-06 9.03391e-05 0.00118529 0.00917071 0.0418581 0.112934 0.181936 0.183667 0.139621 0.110505 0.0900419 0.0607521 0.0351867 0.0190048 0.00895904 0.00352233 0.00116094 0.000315304 7.02898e-05 1.30732e-05 2.0137e-06 2.50608e-07
 1.55985e-11 1.69306e-09 1.08356e-07 4.08901e-06 9.09857e-05 0.00119378 0.0092365 0.042161 0.113788 0.183604 0.186717 0.145383 0.118457 0.0950458 0.0580872 0.0271544 0.0115701 0.00479965 0.00183659 0.000630016 0.000185922 4.49487e-05 8.63534e-06 1.30169e-06 1.53571e-07
 1.41508e-11 1.53593e-09 9.82992e-08 3.70951e-06 8.25414e-05 0.00108299 0.00837963 0.0382569 0.10335 0.16756 0.174152 0.145357 0.13013 0.109489 0.0683314 0.0325639 0.0137757 0.00521516 0.0016515 0.000460087 0.000121133 2.92163e-05 5.95366e-06 9.57708e-07 1.16644e-07
 1.34862e-11 1.46379e-09 9.36826e-08 3.53529e-06 7.86649e-05 0.00103213 0.00798623 0.0364635 0.0985416 0.16006 0.167742 0.143572 0.132754 0.11419 0.0735172 0.0373158 0.0170528 0.00678143 0.00217203 0.000574934 0.000131112 2.61464e-05 4.64899e-06 7.2168e-07 9.07552e-08
 1.38586e-11 1.50422e-09 9.62699e-08 3.63293e-06 8.08374e-05 0.00106064 0.00820665 0.0374675 0.101221 0.164143 0.170764 0.142996 0.128855 0.109852 0.0710645 0.0366894 0.0172241 0.00710265 0.00239965 0.000674998 0.000158969 3.06379e-05 4.83769e-06 6.3728e-07 7.0444e-08
 1.42935e-11 1.55142e-09 9.92906e-08 3.74692e-06 8.33738e-05 0.00109391 0.00846403 0.0386401 0.104356 0.168958 0.174521 0.142958 0.125286 0.105493 0.0680568 0.0351689 0.0166051 0.00695288 0.00242228 0.000714242 0.00017826 3.64333e-05 5.95397e-06 7.65183e-07 7.67379e-08
 1.32973e-11 1.4433e-09 9.23709e-08 3.48579e-06 7.75635e-05 0.00101768 0.00787447 0.0359544 0.0971822 0.157983 0.166178 0.143766 0.134534 0.116085 0.074391 0.0373976 0.0171016 0.00704147 0.00244842 0.000729819 0.000187001 3.99011e-05 6.88715e-06 9.32969e-07 9.62515e-08
 1.2717e-11 1.3803e-09 8.83393e-08 3.33365e-06 7.41782e-05 0.000973271 0.00753097 0.0343896 0.0930014 0.15158 0.161278 0.144136 0.139794 0.122264 0.0783451 0.0390372 0.0175067 0.00696035 0.00228803 0.000640289 0.000157451 3.32673e-05 5.83603e-06 8.19493e-07 8.85966e-08
 1.30208e-11 1.41328e-09 9.04499e-08 3.4133e-06 7.59504e-05 0.000996521 0.00771079 0.0352086 0.0951872 0.154909 0.163733 0.143641 0.1366 0.118807 0.0765689 0.0387562 0.0176717 0.00705029 0.00228489 0.000617655 0.000143875 2.85609e-05 4.76983e-06 6.56446e-07 7.16023e-08
 1.36013e-11 1.47629e-09 9.44823e-08 3.56547e-06 7.93364e-05 0.00104094 0.00805439 0.0367746 0.0993804 0.161406 0.169077 0.144498 0.133233 0.113972 0.0723028 0.0355783 0.0157241 0.00618012 0.00200119 0.000541435 0.000124788 2.40217e-05 3.81291e-06 4.9469e-07 5.14159e-08
 1.41822e-11 1.53934e-09 9.85174e-08 3.71774e-06 8.27246e-05 0.0010854 0.0083982 0.0383413 0.103572 0.16787 0.174244 0.144859 0.129115 0.108666 0.0683134 0.0331558 0.014384 0.00555151 0.00176184 0.000467095 0.000106362 2.03701e-05 3.19947e-06 4.04023e-07 4.01582e-08
 1.46018e-11 1.58488e-09 1.01432e-07 3.82774e-06 8.51723e-05 0.00111751 0.0086466 0.0394735 0.106605 0.172586 0.1782 0.145735 0.127078 0.105458 0.0651772 0.0305474 0.0126503 0.00470966 0.00145225 0.000373143 8.23297e-05 1.53486e-05 2.36409e-06 2.94604e-07 2.88482e-08
 1.51551e-11 1.64494e-09 1.05276e-07 3.97278e-06 8.83995e-05 0.00115985 0.00897408 0.0409655 0.110594 0.178712 0.182974 0.145671 0.122532 0.099982 0.0615309 0.0287976 0.0118873 0.00438501 0.00132628 0.000330924 7.06809e-05 1.27639e-05 1.90545e-06 2.30869e-07 2.21125e-08
 1.57823e-11 1.71302e-09 1.09633e-07 4.1372e-06 9.2058e-05 0.00120785 0.00934536 0.0426582 0.115133 0.185803 0.189085 0.147525 0.120313 0.0957169 0.0565692 0.0240929 0.00861597 0.00282378 0.000788171 0.000182582 3.63465e-05 6.1861e-06 8.77853e-07 1.01794e-07 9.39238e-09
 1.59486e-11 1.73106e-09 1.10788e-07 4.18079e-06 9.30278e-05 0.00122057 0.00944376 0.0431063 0.116329 0.187624 0.190424 0.147245 0.118557 0.0938388 0.0556454 0.0239878 0.00870636 0.00283207 0.000750953 0.000157721 2.79418e-05 4.29549e-06 5.60841e-07 6.06682e-08 5.28537e-09
 1.51266e-11 1.64184e-09 1.05078e-07 3.96531e-06 8.82332e-05 0.00115767 0.00895725 0.0408898 0.110405 0.178531 0.183368 0.147438 0.125468 0.102105 0.0610836 0.0265067 0.00971681 0.00319963 0.000861031 0.00018323 3.21123e-05 4.65806e-06 5.50336e-07 5.32129e-08 4.19877e-09
 1.49115e-11 1.6185e-09 1.03584e-07 3.90894e-06 8.69789e-05 0.00114121 0.00882995 0.0403094 0.108847 0.176091 0.181231 0.14669 0.126061 0.103469 0.0628647 0.0283074 0.0109775 0.00377656 0.00104084 0.000225636 4.03278e-05 5.94414e-06 7.01674e-07 6.54418e-08 4.7797e-09
 1.52276e-11 1.6528e-09 1.05779e-07 3.99178e-06 8.88223e-05 0.0011654 0.009017 0.0411616 0.111125 0.179583 0.183926 0.146564 0.12332 0.100214 0.0607464 0.0273686 0.0106596 0.00371428 0.00105232 0.000238345 4.46054e-05 6.80368e-06 8.22771e-07 7.80419e-08 5.71678e-09
 1.60199e-11 1.73881e-09 1.11283e-07 4.19949e-06 9.3444e-05 0.00122603 0.00948599 0.0432985 0.116841 0.18839 0.190927 0.146923 0.117487 0.0927901 0.0552576 0.0241594 0.00900564 0.00303366 0.00084485 0.000190109 3.58532e-05 5.6144e-06 7.05935e-07 6.96198e-08 5.25698e-09
 1.55918e-11 1.69234e-09 1.08309e-07 4.08726e-06 9.09468e-05 0.00119327 0.00923262 0.0421448 0.113765 0.183736 0.187642 0.148099 0.122728 0.0981914 0.0576495 0.0239703 0.00818412 0.00253693 0.000662632 0.000139656 2.476e-05 3.72975e-06 4.63412e-07 4.62134e-08 3.58775e-09
 1.51891e-11 1.64863e-09 1.05512e-07 3.9817e-06 8.8598e-05 0.00116245 0.00899428 0.0410588 0.11086 0.179256 0.184064 0.147862 0.125615 0.101936 0.0605151 0.0257246 0.00908721 0.00286737 0.000733158 0.00014517 2.35705e-05 3.25498e-06 3.7563e-07 3.54819e-08 2.67917e-09
#obs catch len freq
 1.09121e-11 1.1844e-09 7.58018e-08 2.86053e-06 6.36508e-05 0.000835154 0.00646265 0.0295196 0.0799316 0.130988 0.142258 0.133589 0.137076 0.128739 0.0959989 0.0603146 0.0327697 0.0145449 0.00512375 0.00142345 0.000304339 4.83637e-05 5.52683e-06 4.40406e-07 2.37953e-08
 1.11962e-11 1.21524e-09 7.77755e-08 2.93501e-06 6.53082e-05 0.000856905 0.00663106 0.0302904 0.0820314 0.134466 0.145906 0.135927 0.13716 0.126779 0.0931512 0.0574074 0.030383 0.0130619 0.00442801 0.00117494 0.000238228 3.56683e-05 3.81734e-06 2.83374e-07 1.41988e-08
 1.72164e-11 1.86868e-09 1.19595e-07 4.51315e-06 0.000100423 0.0013176 0.0101943 0.0465269 0.125466 0.201466 0.199694 0.140743 0.0964225 0.0726432 0.0502551 0.0302461 0.0156219 0.00651344 0.00212637 0.00053901 0.000103608 1.46049e-05 1.46278e-06 1.01118e-07 4.69946e-09
 1.4398e-11 1.56277e-09 1.00017e-07 3.77434e-06 8.39844e-05 0.00110195 0.00852698 0.0389422 0.105329 0.171479 0.18011 0.151456 0.131497 0.104744 0.062236 0.0280917 0.0109896 0.00389461 0.00117344 0.00028153 5.12276e-05 6.79699e-06 6.36935e-07 4.09877e-08 1.7663e-09
 1.71722e-11 1.86388e-09 1.19288e-07 4.50158e-06 0.000100166 0.00131424 0.0101687 0.0464178 0.125259 0.201698 0.201994 0.146385 0.103145 0.075789 0.0480123 0.024865 0.0104754 0.00338073 0.000813303 0.000151868 2.28056e-05 2.67359e-06 2.29543e-07 1.368e-08 5.46189e-10
 1.57255e-11 1.70685e-09 1.09238e-07 4.12233e-06 9.17276e-05 0.00120354 0.00931307 0.0425289 0.114967 0.186545 0.192596 0.152572 0.120685 0.0905047 0.0526926 0.0236883 0.00893804 0.00282353 0.000697863 0.000128605 1.72436e-05 1.66644e-06 1.16147e-07 5.79841e-09 2.02048e-10
 6.56183e-12 7.12226e-10 4.55825e-08 1.72016e-06 3.82781e-05 0.000502356 0.00389124 0.0178513 0.049242 0.0868854 0.118487 0.159219 0.19501 0.175273 0.111057 0.0537049 0.020877 0.00628425 0.00140765 0.000235493 2.95342e-05 2.70334e-06 1.73743e-07 7.62219e-09 2.24792e-10
 1.53559e-11 1.66674e-09 1.06671e-07 4.02544e-06 8.95716e-05 0.00117524 0.00909356 0.0415145 0.112062 0.180569 0.180928 0.131334 0.0968029 0.0855099 0.0737709 0.0510075 0.0252115 0.00854272 0.00200631 0.000334491 3.98423e-05 3.35292e-06 1.96344e-07 7.8761e-09 2.12382e-10
 1.75511e-11 1.90501e-09 1.2192e-07 4.6009e-06 0.000102377 0.00134327 0.0103942 0.0474613 0.128209 0.207146 0.209223 0.152851 0.1042 0.0694595 0.0387144 0.0183378 0.00818152 0.00320792 0.000945405 0.000190801 2.54801e-05 2.23569e-06 1.29101e-07 4.90845e-09 1.22356e-10
 1.5501e-11 1.68249e-09 1.07679e-07 4.06349e-06 9.04194e-05 0.00118643 0.00918205 0.0419547 0.113648 0.185658 0.195235 0.158944 0.125044 0.0894393 0.0492697 0.0207364 0.00707028 0.00198295 0.000456044 8.49355e-05 1.19901e-05 1.17444e-06 7.51587e-08 3.05423e-09 7.79576e-11
 1.43162e-11 1.55389e-09 9.94491e-08 3.75293e-06 8.35094e-05 0.00109579 0.00848162 0.0387721 0.10521 0.172982 0.185767 0.158677 0.132052 0.0990521 0.0583081 0.0267525 0.00960018 0.00257746 0.000502799 7.23006e-05 7.85806e-06 6.4312e-07 3.80659e-08 1.54088e-09 4.06298e-11
 1.39306e-11 1.51204e-09 9.67704e-08 3.65184e-06 8.12607e-05 0.00106631 0.00825412 0.0377433 0.102522 0.169104 0.183167 0.15872 0.133495 0.101123 0.0609871 0.0290918 0.0108881 0.00304339 0.000611788 8.7121e-05 8.69423e-06 6.01926e-07 2.8778e-08 9.47352e-10 2.12412e-11
 1.65103e-11 1.79204e-09 1.1469e-07 4.32808e-06 9.63074e-05 0.0012637 0.00978036 0.0446886 0.121001 0.196994 0.203407 0.155623 0.111456 0.0772287 0.0455441 0.0217899 0.00823023 0.00233478 0.000479907 7.00124e-05 7.09061e-06 4.86714e-07 2.22119e-08 6.65281e-10 1.29686e-11
 1.51418e-11 1.6435e-09 1.05184e-07 3.96937e-06 8.8327e-05 0.00115907 0.00897277 0.0410369 0.111498 0.183777 0.197345 0.164681 0.128112 0.0878724 0.0470053 0.0196476 0.00662973 0.00176239 0.000351548 5.0637e-05 5.0994e-06 3.48634e-07 1.57951e-08 4.65364e-10 8.78513e-12
 1.28295e-11 1.39252e-09 8.91216e-08 3.36323e-06 7.48415e-05 0.000982211 0.00760672 0.0348402 0.0951611 0.159721 0.181058 0.168449 0.146382 0.107562 0.0606664 0.0262527 0.00868546 0.00212502 0.000376931 4.8423e-05 4.46357e-06 2.87238e-07 1.24809e-08 3.55933e-10 6.5221e-12
 1.22002e-11 1.32422e-09 8.47503e-08 3.19829e-06 7.1172e-05 0.0009341 0.0072353 0.0331559 0.0906978 0.152864 0.17493 0.165258 0.146862 0.11274 0.0684145 0.0321194 0.0112913 0.00285021 0.000505375 6.24387e-05 5.32653e-06 3.09776e-07 1.21155e-08 3.14069e-10 5.30918e-12
 1.36841e-11 1.48529e-09 9.50588e-08 3.58731e-06 7.98283e-05 0.00104767 0.00811375 0.0371565 0.10136 0.168999 0.186655 0.163345 0.133784 0.0985042 0.0593115 0.0281977 0.0101966 0.00268025 0.000496031 6.31819e-05 5.42547e-06 3.08552e-07 1.14681e-08 2.75786e-10 4.2544e-12
 1.35983e-11 1.47597e-09 9.44627e-08 3.56483e-06 7.93301e-05 0.00104122 0.00806577 0.0369658 0.101082 0.16968 0.190301 0.16957 0.137794 0.0967096 0.054087 0.0238751 0.0081986 0.00210347 0.000387901 4.98169e-05 4.32863e-06 2.48157e-07 9.20432e-09 2.17673e-10 3.24654e-12
 1.40952e-11 1.52991e-09 9.79147e-08 3.69512e-06 8.22302e-05 0.00107931 0.00836124 0.0383222 0.104771 0.175548 0.195182 0.169916 0.13391 0.0919613 0.0504584 0.021491 0.00694375 0.00165047 0.000282367 3.41231e-05 2.83989e-06 1.58152e-07 5.74431e-09 1.33375e-10 1.94997e-12
 1.43537e-11 1.55796e-09 9.97106e-08 3.76292e-06 8.37406e-05 0.00109919 0.00851664 0.0390505 0.106865 0.179368 0.199601 0.172433 0.132657 0.0878979 0.0462508 0.0188261 0.0058026 0.00130884 0.000210164 2.35574e-05 1.80794e-06 9.30601e-08 3.14887e-09 6.87695e-11 9.53809e-13
 1.432e-11 1.55431e-09 9.94772e-08 3.75415e-06 8.35478e-05 0.00109675 0.00849963 0.0389964 0.106884 0.180026 0.20148 0.174574 0.133207 0.0866897 0.0445026 0.0175064 0.00516026 0.00110418 0.000167177 1.75673e-05 1.25602e-06 5.98495e-08 1.86541e-09 3.74391e-11 4.77533e-13
 1.44987e-11 1.57371e-09 1.00719e-07 3.80104e-06 8.45935e-05 0.00111055 0.00860807 0.0395099 0.10838 0.182743 0.20435 0.175523 0.131504 0.0839197 0.0422806 0.0162449 0.00463556 0.000951383 0.000136932 1.35639e-05 9.07672e-07 4.02565e-08 1.16277e-09 2.15479e-11 2.5299e-13
 1.49661e-11 1.62444e-09 1.03966e-07 3.92362e-06 8.73234e-05 0.00114645 0.00888736 0.0408002 0.111936 0.188547 0.209465 0.176284 0.127576 0.0784105 0.0380685 0.0140666 0.00385084 0.000756346 0.000103759 9.73954e-06 6.13655e-07 2.54725e-08 6.85101e-10 1.17733e-11 1.27771e-13
 1.47455e-11 1.6005e-09 1.02435e-07 3.8659e-06 8.60436e-05 0.00112982 0.00876202 0.0402681 0.110776 0.187762 0.211002 0.179654 0.129606 0.0777869 0.0363369 0.012798 0.00332317 0.000617763 8.0072e-05 7.0863e-06 4.19898e-07 1.63455e-08 4.10982e-10 6.58093e-12 6.63405e-14
 1.47334e-11 1.5992e-09 1.02352e-07 3.86286e-06 8.59801e-05 0.00112913 0.00875935 0.0402849 0.110994 0.188656 0.212656 0.180851 0.12928 0.0765362 0.0351296 0.0120368 0.00299841 0.000528135 6.43106e-05 5.32023e-06 2.93951e-07 1.06569e-08 2.4935e-10 3.71245e-12 3.47612e-14
 1.46925e-11 1.59476e-09 1.02069e-07 3.85228e-06 8.57502e-05 0.00112629 0.00874087 0.040238 0.111095 0.189567 0.214766 0.182748 0.12916 0.0748188 0.0334072 0.0110803 0.00265779 0.000448087 5.18363e-05 4.03958e-06 2.08624e-07 7.02908e-09 1.52302e-10 2.09591e-12 1.8125e-14
 1.34999e-11 1.46533e-09 9.37873e-08 3.53994e-06 7.88115e-05 0.00103564 0.00804712 0.0371621 0.103428 0.179848 0.211503 0.189347 0.138792 0.0808343 0.0354478 0.0113824 0.00261862 0.000420795 4.61773e-05 3.39852e-06 1.6501e-07 5.20283e-09 1.05026e-10 1.3411e-12 1.07255e-14
 1.36286e-11 1.47931e-09 9.46831e-08 3.57384e-06 7.95709e-05 0.00104574 0.00812742 0.0375441 0.104496 0.181421 0.212066 0.18781 0.136845 0.0802932 0.0356909 0.011512 0.00261242 0.000406818 4.26943e-05 2.9776e-06 1.36136e-07 4.0238e-09 7.58831e-11 9.02682e-13 6.70857e-15
#spawning biomass
 4401.26 5049.1 7980.6 14533.8 26586.9 34707.9 28199.6 30881.4 49474.8 73728.2 94380.8 113765 158213 203234 184714 156855 133847 129683 129691 146726 131770 147086 164076 173987 180608 188356 178635 162893 149115 135045 52978.9 21395 14464.6 13184.7 12966.3 12930.9 12925.3 12924.5 12924.3 12924.3 12924.3 12924.3 12924.3 12924.3 12924.3 12924.3 12924.3 12924.3 12924.3 12924.3 12924.3 12924.3 12924.3 12924.3 12924.3 12924.3 12924.3 12924.3 12924.3 12924.3 12924.3 12924.3 12924.3 12924.3 12924.3 12924.3 12924.3 12924.3 12924.3 12924.3 12924.3 12924.3 12924.3 12924.3 12924.3 12924.3 12924.3 12924.3 12924.3 12924.3 12924.3 12924.3 12924.3 12924.3 12924.3 12924.3 12924.3 12924.3 12924.3 12924.3 12924.3 12924.3 12924.3 12924.3 12924.3 12924.3 12924.3 12924.3 12924.3 12924.3 12924.3 12924.3 12924.3 12924.3 12924.3 12924.3 12924.3 12924.3 12924.3 12924.3 12924.3 12924.3 12924.3 12924.3 12924.3 12924.3 12924.3 12924.3 12924.3 12924.3 12924.3 12924.3 12924.3 12924.3 12924.3 12924.3 12924.3 12924.3 0 0 0 0 0 0 0 0 0 0 0 0 0 0 0 0 0 0 0 0 0 0 0 0 0
