SBPRF35
0.18548
Curr Bio
152997
B35
184239
F35
0.86254
FOFL
0.691667
OFL
35939.5
Bzero
52994.1
#pred survey bio
 12515.2 13116.8 13996.7 15828.7 17157.1 21841.9 23609.9 27906.5 38966.1 53371.9 66116.3 74605.9 104430 131163 120240 100161 94270 96162.2 91129.6 88617 89103.7 95030.7 88802.4 96796.3 107317 109726 102661 95651 3.24194e+06 2.66582e+06 1.61117e+06 939015 629560 492911 429395 397183 379457 369139 362946 359173 356863 355447 354575 354035 353711 353516 353399 353328 353286 353260 353244 353235 353229 353226 353224 353223 353222 353221 353221 353221 353221 353221 353221 353221 353221 353221 353221 353221 353221 353221 353221 353221 353221 353221 353221 353221 353221 353221 353221 353221 353221 353221 353221 353221 353221 353221 353221 353221 353221 353221 353221 353221 353221 353221 353221 353221 353221 353221 353221 353221 353221 353221 353221 353221 353221 353221 353221 353221 353221 353221 353221 353221 353221 353221 353221 353221 353221 353221 353221 353221 353221 353221 353221 353221 353221 353221 353221 353221 0 0 0 0 0 0 0 0 0 0 0 0 0 0 0 0 0 0 0 0 0 0 0 0 0
#obs survey bio
 11331.3 11902.4 10290.2 14407.4 16905.3 15225.2 21830.9 32608.9 44815.8 43860.8 104032 63788.4 115471 152284 79539.7 93092.6 96350.6 94388.8 93113.3 94746.8 89295.5 156764 95480.4 130196 112102 127060 63209.4 91110.9
#pred catch bio
 5580.07 6668.88 7215.96 9427.76 9292.35 14149.2 15821.2 18248.5 26063.8 36665.5 50681.3 55748.5 81692.2 109432 101788 86329.6 81505.1 86404.7 82024.1 80731.2 79881.6 92382.9 83987.2 93142.5 105890 110062 104052 97397.3 35939.5 62959.5 30397.1 15282.5 9564.69 7643.41 7045.09 6868.17 6817.73 6803.73 6799.92 6798.9 6798.63 6798.56 6798.54 6798.54 6798.54 6798.54 6798.54 6798.54 6798.54 6798.54 6798.54 6798.54 6798.54 6798.54 6798.54 6798.54 6798.54 6798.54 6798.54 6798.54 6798.54 6798.54 6798.54 6798.54 6798.54 6798.54 6798.54 6798.54 6798.54 6798.54 6798.54 6798.54 6798.54 6798.54 6798.54 6798.54 6798.54 6798.54 6798.54 6798.54 6798.54 6798.54 6798.54 6798.54 6798.54 6798.54 6798.54 6798.54 6798.54 6798.54 6798.54 6798.54 6798.54 6798.54 6798.54 6798.54 6798.54 6798.54 6798.54 6798.54 6798.54 6798.54 6798.54 6798.54 6798.54 6798.54 6798.54 6798.54 6798.54 6798.54 6798.54 6798.54 6798.54 6798.54 6798.54 6798.54 6798.54 6798.54 6798.54 6798.54 6798.54 6798.54 6798.54 6798.54 6798.54 6798.54 6798.54 6798.54 0 0 0 0 0 0 0 0 0 0 0 0 0 0 0 0 0 0 0 0 0 0 0 0 0
#obs catch bio
 7274.94 6829.23 7360.71 9680.24 9268.75 14567 16233.5 18188.4 25473.4 36160.4 49721.7 54762.5 80248.3 109372 104312 88494.1 80605 86213.1 80711.7 78575.3 77350.9 88820.4 81420.4 90330.7 102332 105309 104058 97734.8
#pred cpue bio
 12455 12772.6 13552.2 15399.7 16283.4 20996.7 22592.1 25865.2 35948.1 49825.9 62698.3 68512.5 93949.1 123860 116734 94989.2 87552.6 89898.5 84990.9 82222.2 81719.8 87670.1 80795.9 87027.8 96289.7 99966.7 93475.5 86593.9 2.91069e+06 2.94415e+06 1.6259e+06 937225 626917 490223 426705 394493 376766 366449 360255 356483 354173 352757 351885 351344 351020 350826 350708 350638 350595 350570 350554 350545 350539 350536 350534 350532 350532 350531 350531 350531 350531 350531 350531 350530 350530 350530 350530 350530 350530 350530 350530 350530 350530 350530 350530 350530 350530 350530 350530 350530 350530 350530 350530 350530 350530 350530 350530 350530 350530 350530 350530 350530 350530 350530 350530 350530 350530 350530 350530 350530 350530 350530 350530 350530 350530 350530 350530 350530 350530 350530 350530 350530 350530 350530 350530 350530 350530 350530 350530 350530 350530 350530 350530 350530 350530 350530 350530 350530 0 0 0 0 0 0 0 0 0 0 0 0 0 0 0 0 0 0 0 0 0 0 0 0 0
#obs cpue bio
 10138.4 8310.11 11192.6 15466.6 18259.6 14921.2 19251.6 29153.4 51490.7 63126.8 61926.4 104362 94465.1 99738 102903 80035.8 107038 94286.1 113201 129407 128796 111394 108318 108223 157532 169943 123490 98052.6
#pred surv len freq
 2.5615e-27 2.58367e-27 2.88416e-26 5.54438e-20 1.35914e-14 4.02737e-10 1.44254e-06 0.000624563 0.0326874 0.20679 0.158576 0.0424648 0.21181 0.195485 0.0414247 0.0455948 0.0188961 0.0136543 0.00821656 0.00614615 0.00476652 0.00408761 0.00407499 0.00360101 0.00109803
 2.56253e-27 2.58683e-27 3.19148e-26 6.19278e-20 1.51809e-14 4.49836e-10 1.61124e-06 0.000697604 0.0365101 0.230973 0.176991 0.0392577 0.174468 0.161851 0.050576 0.0748385 0.0262873 0.0123505 0.00561255 0.00320686 0.00202961 0.00148843 0.00131303 0.00115966 0.000387397
 2.56338e-27 2.58892e-27 3.3514e-26 6.53007e-20 1.60077e-14 4.74336e-10 1.69899e-06 0.000735599 0.0384986 0.243553 0.186627 0.0411478 0.182081 0.168268 0.0406626 0.0507943 0.0217792 0.0159206 0.00565363 0.00207906 0.000905766 0.000508374 0.000370575 0.000307131 0.000106206
 2.56319e-27 2.58833e-27 3.29177e-26 6.40424e-20 1.56992e-14 4.65196e-10 1.66625e-06 0.000721424 0.0377568 0.23886 0.183054 0.0418602 0.190013 0.175579 0.0418698 0.0515284 0.0192593 0.0109026 0.00517708 0.0023351 0.000638657 0.000219432 0.000113985 8.11577e-05 2.77688e-05
 2.56491e-27 2.59287e-27 3.68113e-26 7.22558e-20 1.77126e-14 5.24857e-10 1.87995e-06 0.000813946 0.042599 0.269493 0.206443 0.0417151 0.172476 0.159223 0.0358679 0.041906 0.0155467 0.008503 0.00330298 0.0014111 0.000516567 0.000122915 3.424e-05 1.76103e-05 5.6445e-06
 2.56426e-27 2.59105e-27 3.51403e-26 6.87304e-20 1.68484e-14 4.99249e-10 1.78823e-06 0.000774234 0.0405206 0.256345 0.196419 0.0426794 0.186858 0.172417 0.0368107 0.0407018 0.0146729 0.00742994 0.00282617 0.00108287 0.000341428 9.60398e-05 1.77064e-05 4.66542e-06 1.25403e-06
 2.56466e-27 2.59205e-27 3.59421e-26 7.04216e-20 1.7263e-14 5.11534e-10 1.83223e-06 0.000793285 0.0415177 0.262653 0.201241 0.0430366 0.186188 0.171693 0.0347851 0.0362254 0.0127181 0.00594075 0.00214699 0.000770716 0.000222346 5.48273e-05 1.02685e-05 1.43367e-06 2.44907e-07
 2.56645e-27 2.59683e-27 4.01097e-26 7.92132e-20 1.94182e-14 5.75395e-10 2.06097e-06 0.000892321 0.0467008 0.295443 0.226268 0.0423323 0.163245 0.150426 0.029308 0.0290486 0.00994614 0.00426944 0.00146808 0.000486751 0.000129841 2.89155e-05 4.82429e-06 5.38044e-07 4.7266e-08
 2.56679e-27 2.59767e-27 4.07616e-26 8.05881e-20 1.97552e-14 5.85382e-10 2.09674e-06 0.000907809 0.0475114 0.300571 0.230191 0.0428155 0.164166 0.151136 0.0269047 0.0233642 0.00784383 0.00314577 0.00103159 0.000315022 7.71752e-05 1.5645e-05 2.31095e-06 2.21516e-07 1.23251e-08
 2.56625e-27 2.59617e-27 3.94127e-26 7.77425e-20 1.90576e-14 5.64712e-10 2.0227e-06 0.000875754 0.0458338 0.289957 0.222096 0.0434127 0.174397 0.160548 0.0280409 0.0235664 0.00760121 0.00257227 0.000804406 0.0002292 5.161e-05 9.47606e-06 1.24842e-06 1.03636e-07 4.49835e-09
 2.56542e-27 2.59394e-27 3.74508e-26 7.36039e-20 1.80431e-14 5.34649e-10 1.91502e-06 0.000829132 0.0433938 0.274521 0.210317 0.0438722 0.186171 0.171445 0.0305634 0.0265757 0.00850721 0.00275741 0.000800585 0.000196645 4.09392e-05 6.84803e-06 8.02954e-07 5.82667e-08 2.12477e-09
 2.56705e-27 2.59835e-27 4.13209e-26 8.1768e-20 2.00444e-14 5.93953e-10 2.12744e-06 0.0009211 0.0482071 0.304971 0.233554 0.0429896 0.163128 0.150117 0.025638 0.020708 0.00667869 0.0022555 0.000647847 0.00014998 2.72215e-05 4.0297e-06 4.23565e-07 2.69376e-08 8.44579e-10
 2.56801e-27 2.60089e-27 4.35323e-26 8.64329e-20 2.1188e-14 6.27838e-10 2.24881e-06 0.000973649 0.0509573 0.32237 0.246834 0.0426835 0.151468 0.139282 0.0223478 0.0159193 0.00503093 0.00155456 0.000448905 0.00010692 1.86448e-05 2.43965e-06 2.20444e-07 1.23206e-08 3.3472e-10
 2.56588e-27 2.59504e-27 3.82752e-26 7.53423e-20 1.84693e-14 5.47277e-10 1.96025e-06 0.000848715 0.0444187 0.281005 0.215284 0.0448773 0.190329 0.175003 0.0261474 0.0155828 0.00478256 0.00127541 0.000349931 7.78192e-05 1.37868e-05 1.77123e-06 1.41881e-07 6.73563e-09 1.58331e-10
 2.56433e-27 2.59086e-27 3.46001e-26 6.75895e-20 1.65688e-14 4.90962e-10 1.75854e-06 0.000761382 0.039848 0.25209 0.193218 0.0457512 0.212483 0.195508 0.0308993 0.0212496 0.00636107 0.00139376 0.00035379 6.87464e-05 1.12754e-05 1.41611e-06 1.11561e-07 4.69982e-09 9.34686e-11
 2.56552e-27 2.59415e-27 3.75709e-26 7.38569e-20 1.81051e-14 5.36487e-10 1.92161e-06 0.000831983 0.043543 0.275465 0.211046 0.0443745 0.189481 0.174391 0.02913 0.0225408 0.00691251 0.0017653 0.000435526 7.04259e-05 1.01143e-05 1.13159e-06 8.51123e-08 3.47789e-09 6.13994e-11
 2.56665e-27 2.59716e-27 4.01848e-26 7.93709e-20 1.94568e-14 5.7654e-10 2.06507e-06 0.000894097 0.0467938 0.296031 0.226744 0.0440626 0.176078 0.161906 0.0248077 0.0158302 0.00494591 0.00144745 0.000378977 6.88745e-05 8.93405e-06 8.33533e-07 5.45511e-08 2.08969e-09 3.52233e-11
 2.56639e-27 2.59642e-27 3.94877e-26 7.79002e-20 1.90963e-14 5.65857e-10 2.02681e-06 0.000877529 0.0459267 0.290545 0.222564 0.0445745 0.182911 0.168147 0.0247512 0.0141187 0.00425052 0.00100297 0.000265484 5.47777e-05 7.86072e-06 7.32859e-07 3.9918e-08 1.30509e-09 2.03354e-11
 2.56653e-27 2.59677e-27 3.97884e-26 7.85344e-20 1.92518e-14 5.70464e-10 2.04331e-06 0.000884674 0.0463006 0.292911 0.22437 0.0446096 0.181908 0.167195 0.0241028 0.0128754 0.00381052 0.000796541 0.000193739 3.36931e-05 5.14857e-06 5.42187e-07 3.0561e-08 8.55828e-10 1.12822e-11
 2.56677e-27 2.59744e-27 4.03744e-26 7.97707e-20 1.95548e-14 5.79444e-10 2.07547e-06 0.0008986 0.0470295 0.297522 0.227889 0.0444354 0.178111 0.163692 0.0235006 0.0123819 0.00363434 0.000709612 0.000165336 2.53808e-05 3.34115e-06 3.35645e-07 2.12148e-08 6.21745e-10 7.22423e-12
 2.56731e-27 2.59889e-27 4.16531e-26 8.24682e-20 2.02161e-14 5.99039e-10 2.14566e-06 0.000928987 0.0486199 0.307583 0.235566 0.0440918 0.170102 0.156292 0.0220133 0.0108531 0.00317498 0.00061104 0.000139792 2.00369e-05 2.4055e-06 2.06406e-07 1.19184e-08 3.78153e-10 4.60439e-12
 2.56705e-27 2.59818e-27 4.10256e-26 8.11443e-20 1.98916e-14 5.89422e-10 2.11121e-06 0.000914074 0.0478393 0.302645 0.231799 0.0443316 0.174573 0.160407 0.0225415 0.0110201 0.00320023 0.000576521 0.000129659 1.82667e-05 2.09827e-06 1.63686e-07 8.097e-09 2.3129e-10 2.94676e-12
 2.5677e-27 2.59992e-27 4.2534e-26 8.43263e-20 2.06716e-14 6.12536e-10 2.194e-06 0.000949918 0.0497153 0.314513 0.240857 0.0441065 0.166496 0.152898 0.0202059 0.0075854 0.00218225 0.000389695 8.62713e-05 1.14528e-05 1.28478e-06 9.6643e-08 4.36108e-09 1.07154e-10 1.22434e-12
 2.56818e-27 2.60123e-27 4.37087e-26 8.68045e-20 2.12791e-14 6.30537e-10 2.25848e-06 0.000977835 0.0511763 0.323756 0.247908 0.0436324 0.157935 0.145029 0.0193763 0.00767125 0.00216246 0.000301841 6.25503e-05 8.19905e-06 8.86686e-07 6.35043e-08 2.75904e-09 6.20916e-11 6.1429e-13
 2.56828e-27 2.60148e-27 4.39213e-26 8.7253e-20 2.1389e-14 6.33795e-10 2.27015e-06 0.000982887 0.0514408 0.325428 0.249186 0.0436704 0.157326 0.144442 0.0188136 0.00653692 0.00184088 0.00026913 5.41111e-05 5.6816e-06 5.72488e-07 3.98227e-08 1.64313e-09 3.52696e-11 3.20645e-13
 2.56767e-27 2.59982e-27 4.24237e-26 8.40936e-20 2.06145e-14 6.10846e-10 2.18795e-06 0.000947298 0.0495781 0.313645 0.240198 0.0443196 0.168581 0.154781 0.0197936 0.00616834 0.00171357 0.000223253 4.36468e-05 4.72444e-06 4.2958e-07 2.49978e-08 9.79798e-10 2.00273e-11 1.72526e-13
 2.5677e-27 2.59988e-27 4.24822e-26 8.42171e-20 2.06448e-14 6.11742e-10 2.19116e-06 0.000948688 0.0496509 0.314105 0.240549 0.0442961 0.168155 0.15439 0.01976 0.0061894 0.0017088 0.000202945 3.77115e-05 3.681e-06 3.28212e-07 1.84686e-08 6.10692e-10 1.13e-11 9.24885e-14
 2.56794e-27 2.60054e-27 4.30639e-26 8.54443e-20 2.09456e-14 6.20657e-10 2.22309e-06 0.000962512 0.0503744 0.318683 0.244042 0.0441163 0.164334 0.150864 0.0191489 0.0056839 0.00156583 0.000186684 3.42925e-05 3.06323e-06 2.51561e-07 1.30601e-08 4.18466e-10 6.77178e-12 4.8814e-14
#obs surv len freq
 1.24814e-41 1.73234e-33 2.90636e-26 5.89404e-20 1.44485e-14 4.28136e-10 1.53352e-06 0.000663959 0.034749 0.219833 0.168595 0.0417282 0.170246 0.142531 0.0892724 0.084496 0.0332065 0.011971 0.00242347 0.000270881 1.22897e-05 1.66182e-07 5.08466e-10 2.87434e-13 2.62294e-17
 1.56263e-41 2.16883e-33 3.63866e-26 7.37913e-20 1.80891e-14 5.36012e-10 1.91991e-06 0.000831254 0.0435045 0.275223 0.210925 0.0427065 0.142138 0.113224 0.073834 0.0642696 0.0240291 0.00778936 0.00138705 0.000131662 4.87115e-06 5.11096e-08 1.1632e-10 4.76242e-14 3.10253e-18
 1.29144e-41 1.79244e-33 3.00718e-26 6.09851e-20 1.49498e-14 4.42989e-10 1.58671e-06 0.000686993 0.0359545 0.22746 0.174694 0.0517379 0.204007 0.149986 0.0733564 0.0554714 0.0198796 0.00579364 0.000898491 7.06489e-05 2.08071e-06 1.67727e-08 2.84134e-11 8.45211e-15 3.93886e-19
 1.55926e-41 2.16415e-33 3.63082e-26 7.36322e-20 1.80501e-14 5.34857e-10 1.91577e-06 0.000829462 0.0434108 0.27463 0.210645 0.0474127 0.149809 0.109593 0.0846167 0.0594131 0.0154782 0.00364094 0.000487371 3.13341e-05 7.18269e-07 4.36183e-09 5.45182e-12 1.17792e-15 3.93895e-20
 1.54299e-41 2.14157e-33 3.59293e-26 7.28638e-20 1.78617e-14 5.29275e-10 1.89578e-06 0.000820806 0.0429577 0.271765 0.208699 0.0553686 0.179987 0.118641 0.0635134 0.0412773 0.0138627 0.00282712 0.000265187 1.31972e-05 2.32339e-07 1.04542e-09 9.4961e-13 1.47707e-16 3.53437e-21
 1.35009e-41 1.87384e-33 3.14375e-26 6.37546e-20 1.56287e-14 4.63107e-10 1.65877e-06 0.000718192 0.0375873 0.237791 0.183004 0.0612766 0.205601 0.131151 0.0832197 0.0464367 0.0109202 0.00209353 0.000191726 6.77344e-06 8.36797e-08 2.73146e-10 1.78225e-13 1.973e-17 3.34771e-22
 1.56398e-41 2.17069e-33 3.64179e-26 7.38548e-20 1.81046e-14 5.36473e-10 1.92156e-06 0.000831969 0.043542 0.275462 0.211739 0.0580884 0.165634 0.105056 0.0833756 0.0440176 0.0105669 0.0015717 0.000109587 3.36227e-06 3.02574e-08 6.64285e-11 3.00007e-14 2.33326e-18 2.78326e-23
 1.73134e-41 2.40299e-33 4.03152e-26 8.17583e-20 2.00421e-14 5.93884e-10 2.1272e-06 0.000921002 0.0482016 0.304941 0.234452 0.0627805 0.16326 0.0927248 0.0566177 0.0277352 0.00728477 0.00101979 5.81766e-05 1.29123e-06 8.92143e-09 1.42795e-11 4.3508e-15 2.2717e-19 1.8566e-24
 1.656e-41 2.29842e-33 3.85608e-26 7.82005e-20 1.91699e-14 5.6804e-10 2.03463e-06 0.000880923 0.046104 0.291673 0.224729 0.0713472 0.185136 0.0980976 0.0549388 0.0221733 0.0043378 0.000550015 2.9586e-05 5.27466e-07 2.59465e-09 2.9624e-12 6.47933e-16 2.3432e-20 1.28998e-25
 1.53196e-41 2.12626e-33 3.56724e-26 7.2343e-20 1.7734e-14 5.25492e-10 1.88223e-06 0.000814939 0.0426507 0.269829 0.208482 0.0784006 0.199402 0.104824 0.0671455 0.0241061 0.00395375 0.000372983 1.5461e-05 2.35702e-07 9.19582e-10 7.50701e-13 1.13583e-16 2.86859e-21 1.10625e-26
 1.46443e-41 2.03253e-33 3.41e-26 6.9154e-20 1.69523e-14 5.02328e-10 1.79926e-06 0.000779016 0.0407706 0.257938 0.199841 0.0841516 0.203794 0.107487 0.0754204 0.025355 0.00413057 0.000321388 9.5943e-06 1.03819e-07 3.10689e-10 1.9567e-13 2.15916e-17 3.80141e-22 1.00793e-27
 1.88443e-41 2.61546e-33 4.38797e-26 8.89872e-20 2.18142e-14 6.46394e-10 2.31528e-06 0.00100244 0.0524635 0.331909 0.255941 0.0729677 0.140667 0.0735378 0.0523567 0.0163635 0.00260151 0.000182569 4.54169e-06 3.50947e-08 7.10304e-11 3.15858e-14 2.56305e-18 3.31433e-23 6.29852e-29
 1.56801e-41 2.17629e-33 3.65118e-26 7.40451e-20 1.81513e-14 5.37856e-10 1.92651e-06 0.000834113 0.0436542 0.276191 0.215098 0.102315 0.213962 0.0903807 0.0432181 0.0123252 0.00189624 0.000121236 2.67309e-06 1.67524e-08 2.4622e-11 7.38143e-15 4.02789e-19 3.61572e-24 4.89913e-30
 1.27529e-41 1.77002e-33 2.96958e-26 6.02225e-20 1.47628e-14 4.3745e-10 1.56687e-06 0.000678403 0.0355049 0.224646 0.176838 0.113883 0.233655 0.118977 0.0772765 0.0167569 0.00169082 9.04973e-05 1.74331e-06 9.16315e-09 1.06864e-11 2.37025e-15 8.99218e-20 5.42823e-25 4.93609e-31
 1.14719e-41 1.59222e-33 2.67129e-26 5.41731e-20 1.32799e-14 3.93508e-10 1.40948e-06 0.000610257 0.0319384 0.202091 0.160374 0.117427 0.227373 0.135359 0.0980968 0.0238523 0.00276863 0.000105786 1.40129e-06 5.82274e-09 5.4422e-12 9.38792e-16 2.67003e-20 1.16325e-25 7.38625e-32
 1.56047e-41 2.16582e-33 3.63362e-26 7.3689e-20 1.8064e-14 5.35269e-10 1.91725e-06 0.000830102 0.0434443 0.274879 0.215265 0.100876 0.165551 0.104053 0.0736442 0.0189679 0.00239106 9.62335e-05 1.09961e-06 3.10121e-09 2.02766e-12 2.62103e-16 5.65305e-21 1.84483e-26 8.62258e-33
 1.40673e-41 1.95244e-33 3.27563e-26 6.64291e-20 1.62843e-14 4.82534e-10 1.72836e-06 0.000748319 0.0391641 0.247831 0.197628 0.135932 0.21517 0.097254 0.0516412 0.0129542 0.00160856 6.62257e-05 7.56315e-07 1.90089e-09 9.25271e-13 8.10161e-17 1.20595e-21 2.82787e-27 9.68352e-34
 1.46242e-41 2.02974e-33 3.40532e-26 6.90591e-20 1.6929e-14 5.01638e-10 1.79679e-06 0.000777946 0.0407147 0.25765 0.205449 0.129864 0.189838 0.107755 0.0571551 0.00984345 0.000916444 3.44479e-05 3.69635e-07 8.63308e-10 3.6934e-13 2.591e-17 2.80307e-22 4.51129e-28 1.05222e-34
 1.44261e-41 2.00225e-33 3.35919e-26 6.81238e-20 1.66997e-14 4.94844e-10 1.77245e-06 0.00076741 0.0401633 0.254191 0.204937 0.144773 0.196074 0.100922 0.0485666 0.00889076 0.000695454 1.76743e-05 1.46728e-07 2.92763e-10 1.0801e-13 6.41589e-18 5.67331e-23 7.11615e-29 1.22912e-35
 1.56045e-41 2.1658e-33 3.63358e-26 7.36883e-20 1.80638e-14 5.35264e-10 1.91723e-06 0.000830094 0.043444 0.274965 0.22147 0.141406 0.174972 0.0946631 0.0413239 0.00646034 0.000453688 1.00861e-05 5.99956e-08 8.34823e-11 2.34571e-14 1.11354e-18 7.93469e-24 7.96343e-30 1.0849e-36
 1.50834e-41 2.09348e-33 3.51224e-26 7.12276e-20 1.74606e-14 5.17389e-10 1.8532e-06 0.000802374 0.0419933 0.26584 0.21767 0.160453 0.184517 0.0891871 0.0342408 0.00499192 0.000297537 5.43303e-06 2.64935e-08 2.7618e-11 5.35929e-15 1.77345e-19 9.22893e-25 6.99871e-31 7.31128e-38
 1.55041e-41 2.15186e-33 3.61019e-26 7.3214e-20 1.79475e-14 5.31819e-10 1.90489e-06 0.000824751 0.0431645 0.273289 0.224814 0.160566 0.172823 0.0896809 0.0309038 0.00374205 0.000186902 2.8319e-06 1.08773e-08 8.77424e-12 1.28438e-15 3.05074e-20 1.09797e-25 5.73696e-32 4.20787e-39
 1.55675e-41 2.16067e-33 3.62497e-26 7.35137e-20 1.8021e-14 5.33996e-10 1.91269e-06 0.000828127 0.0433414 0.274476 0.228661 0.170885 0.170222 0.0827327 0.0258073 0.00292185 0.000120893 1.42955e-06 4.27676e-09 2.63795e-12 2.89147e-16 5.09049e-21 1.34098e-26 5.02461e-33 2.58692e-40
 1.5948e-41 2.21348e-33 3.71357e-26 7.53104e-20 1.84614e-14 5.47047e-10 1.95943e-06 0.000848367 0.0444009 0.281249 0.236183 0.174128 0.161968 0.0777155 0.0213458 0.00208376 7.37144e-05 7.16374e-07 1.63561e-09 7.49119e-13 6.07755e-17 7.86897e-22 1.51249e-27 4.11416e-34 1.53173e-41
 1.5886e-41 2.20487e-33 3.69913e-26 7.50176e-20 1.83897e-14 5.4492e-10 1.95181e-06 0.000845069 0.0442286 0.28027 0.239193 0.184214 0.159846 0.0722252 0.0176177 0.00151472 4.41279e-05 3.44042e-07 6.17921e-10 2.14251e-13 1.27165e-17 1.18885e-22 1.64783e-28 3.23224e-35 8.66376e-43
 1.37318e-41 1.90588e-33 3.19751e-26 6.48448e-20 1.58959e-14 4.71026e-10 1.68714e-06 0.000730473 0.0382318 0.242561 0.218841 0.216919 0.183123 0.0809028 0.0173776 0.0012811 3.08764e-05 1.92086e-07 2.6541e-10 6.95978e-14 3.08189e-18 2.11158e-23 2.11007e-29 2.95552e-36 5.63929e-44
 1.40309e-41 1.9474e-33 3.26717e-26 6.62575e-20 1.62422e-14 4.81287e-10 1.72389e-06 0.000746387 0.0390652 0.247932 0.223928 0.205376 0.176483 0.0880251 0.0173144 0.00110596 2.16886e-05 1.06079e-07 1.12368e-10 2.20869e-14 7.21597e-19 3.61912e-24 2.63363e-30 2.66991e-37 3.66093e-45
 1.46918e-41 2.03912e-33 3.42104e-26 6.93781e-20 1.70072e-14 5.03955e-10 1.80509e-06 0.00078154 0.0409049 0.259559 0.232298 0.203204 0.168897 0.0776882 0.0156216 0.00102647 1.84328e-05 7.72973e-08 6.80425e-11 1.09621e-14 2.91433e-19 1.18267e-24 6.93275e-31 5.64823e-38 6.2187e-46
#pred catch len freq
 2.5591e-27 2.57713e-27 2.30224e-26 4.31677e-20 1.0582e-14 3.13565e-10 1.12314e-06 0.000486275 0.0254499 0.161004 0.123646 0.0444421 0.251398 0.231941 0.0465071 0.048019 0.0197892 0.0141728 0.00851696 0.00636714 0.00493734 0.00423403 0.00422094 0.00372998 0.00113735
 2.56036e-27 2.58095e-27 2.67064e-26 5.09404e-20 1.24874e-14 3.70025e-10 1.32537e-06 0.000573833 0.0300324 0.189994 0.145724 0.0408076 0.20823 0.192999 0.0559381 0.0792342 0.0277329 0.0128967 0.00585157 0.00334097 0.0021142 0.00155043 0.00136772 0.00120796 0.000403533
 2.56118e-27 2.58293e-27 2.81973e-26 5.40846e-20 1.32582e-14 3.92864e-10 1.40717e-06 0.000609252 0.0318861 0.20172 0.154712 0.042877 0.217663 0.201057 0.0456236 0.0538712 0.0229667 0.0166454 0.00590519 0.00216957 0.000945028 0.000530392 0.000386624 0.000320433 0.000110805
 2.56138e-27 2.58339e-27 2.85135e-26 5.47512e-20 1.34216e-14 3.97706e-10 1.42452e-06 0.000616761 0.032279 0.204207 0.156619 0.0434505 0.220688 0.20382 0.0456739 0.0530965 0.0197573 0.0110761 0.00525201 0.00236731 0.000647372 0.000222415 0.000115534 8.22604e-05 2.81461e-05
 2.56281e-27 2.58713e-27 3.17095e-26 6.14931e-20 1.50743e-14 4.46678e-10 1.59993e-06 0.000692707 0.0362538 0.229352 0.175819 0.0434317 0.207055 0.191082 0.0405804 0.044641 0.0164877 0.00893005 0.00346436 0.0014788 0.000541268 0.000128788 3.58757e-05 1.84516e-05 5.91413e-06
 2.5627e-27 2.58677e-27 3.13135e-26 6.06574e-20 1.48694e-14 4.40608e-10 1.57818e-06 0.000683293 0.0357611 0.226235 0.173451 0.0441498 0.214185 0.197558 0.0398919 0.0413983 0.0148607 0.00745023 0.00283004 0.00108345 0.000341552 9.60708e-05 1.7712e-05 4.66689e-06 1.25443e-06
 2.56321e-27 2.58808e-27 3.23866e-26 6.29208e-20 1.54243e-14 4.57049e-10 1.63707e-06 0.000708789 0.0370955 0.234677 0.179901 0.0444395 0.211857 0.195302 0.0375473 0.0365795 0.0127903 0.00591386 0.00213429 0.00076549 0.0002208 5.44437e-05 1.01965e-05 1.42363e-06 2.43191e-07
 2.56496e-27 2.59275e-27 3.64591e-26 7.1512e-20 1.75303e-14 5.19454e-10 1.8606e-06 0.000805567 0.0421605 0.266719 0.204357 0.043713 0.189146 0.17426 0.0323008 0.0298737 0.010189 0.00432855 0.00148626 0.000492331 0.000131305 2.92403e-05 4.87844e-06 5.44082e-07 4.77964e-08
 2.56537e-27 2.59378e-27 3.7283e-26 7.32496e-20 1.79563e-14 5.32076e-10 1.90581e-06 0.000825141 0.0431849 0.2732 0.209313 0.0441625 0.189085 0.17406 0.0296665 0.0238911 0.00798925 0.00317063 0.0010382 0.000316745 7.75825e-05 1.57267e-05 2.323e-06 2.22672e-07 1.23894e-08
 2.56489e-27 2.59245e-27 3.60857e-26 7.07237e-20 1.73371e-14 5.13729e-10 1.84009e-06 0.000796688 0.0416958 0.263779 0.202128 0.0447325 0.198471 0.182687 0.0305925 0.0238109 0.00765292 0.0025621 0.000799887 0.000227694 5.12608e-05 9.41142e-06 1.23989e-06 1.02928e-07 4.46761e-09
 2.56453e-27 2.59148e-27 3.52335e-26 6.8926e-20 1.68964e-14 5.0067e-10 1.79331e-06 0.000776437 0.0406359 0.257074 0.19701 0.0448714 0.203123 0.187011 0.0319158 0.0257388 0.00821152 0.00263306 0.000763211 0.000187275 3.898e-05 6.51992e-06 7.64474e-07 5.54743e-08 2.02294e-09
 2.56609e-27 2.5957e-27 3.89401e-26 7.67453e-20 1.88132e-14 5.57468e-10 1.99676e-06 0.00086452 0.0452459 0.286238 0.219265 0.0439943 0.180813 0.166369 0.0272885 0.0203792 0.0065488 0.00218804 0.000627476 0.000145117 2.63329e-05 3.8979e-06 4.09705e-07 2.60561e-08 8.16942e-10
 2.56728e-27 2.59889e-27 4.17274e-26 8.26252e-20 2.02546e-14 6.00179e-10 2.14974e-06 0.000930756 0.0487124 0.308168 0.236003 0.043475 0.165101 0.151804 0.0235077 0.0154105 0.00485216 0.00148319 0.000427555 0.000101732 1.77364e-05 2.32063e-06 2.09686e-07 1.17193e-08 3.18385e-10
 2.56538e-27 2.59365e-27 3.70149e-26 7.26835e-20 1.78175e-14 5.27964e-10 1.89108e-06 0.000818765 0.0428512 0.271089 0.207722 0.0455044 0.200415 0.184252 0.0267283 0.0145779 0.00445689 0.0011757 0.000321948 7.1522e-05 1.26683e-05 1.62742e-06 1.30359e-07 6.18864e-09 1.45474e-10
 2.56392e-27 2.58968e-27 3.35274e-26 6.53265e-20 1.6014e-14 4.74523e-10 1.69966e-06 0.000735889 0.0385138 0.243649 0.186783 0.0463638 0.221666 0.203913 0.0311422 0.0196867 0.00587483 0.00127334 0.000322489 6.25972e-05 1.02642e-05 1.28902e-06 1.01547e-07 4.27796e-09 8.50788e-11
 2.56525e-27 2.59338e-27 3.68551e-26 7.23466e-20 1.77349e-14 5.25517e-10 1.88231e-06 0.00081497 0.0426526 0.269832 0.206752 0.0448737 0.196296 0.180613 0.0290244 0.0207318 0.00633791 0.00160106 0.000394257 6.36834e-05 9.14332e-06 1.02287e-06 7.69338e-08 3.14369e-09 5.54994e-11
 2.56638e-27 2.5964e-27 3.94823e-26 7.78887e-20 1.90935e-14 5.65774e-10 2.02651e-06 0.000877401 0.04592 0.290503 0.22253 0.0444962 0.182338 0.167631 0.024884 0.0145609 0.00453175 0.00131194 0.000342913 6.22544e-05 8.07329e-06 7.53159e-07 4.929e-08 1.88814e-09 3.18262e-11
 2.56633e-27 2.59623e-27 3.93041e-26 7.75128e-20 1.90013e-14 5.63043e-10 2.01673e-06 0.000873166 0.0456983 0.289101 0.221464 0.0448096 0.185472 0.170469 0.0243945 0.01272 0.00381503 0.000890466 0.000235199 4.84785e-05 6.95516e-06 6.48382e-07 3.5316e-08 1.15463e-09 1.7991e-11
 2.56647e-27 2.5966e-27 3.96119e-26 7.81621e-20 1.91605e-14 5.6776e-10 2.03362e-06 0.00088048 0.0460811 0.291522 0.223314 0.0448268 0.184303 0.169367 0.0237802 0.0115927 0.00341797 0.000706797 0.000171511 2.9795e-05 4.55165e-06 4.79292e-07 2.70154e-08 7.56534e-10 9.9732e-12
 2.56679e-27 2.59746e-27 4.03774e-26 7.9777e-20 1.95564e-14 5.7949e-10 2.07564e-06 0.000898671 0.0470332 0.297545 0.227909 0.0445822 0.179214 0.164675 0.0230347 0.011072 0.0032378 0.000625421 0.000145364 2.22904e-05 2.93344e-06 2.94663e-07 1.86242e-08 5.45819e-10 6.34202e-12
 2.56722e-27 2.59863e-27 4.14074e-26 8.19499e-20 2.0089e-14 5.95274e-10 2.13217e-06 0.000923148 0.0483143 0.305649 0.234093 0.04431 0.172797 0.158745 0.0218224 0.0098004 0.00285581 0.000543741 0.00012409 1.77667e-05 2.13229e-06 1.82946e-07 1.05636e-08 3.35166e-10 4.08097e-12
 2.56748e-27 2.59933e-27 4.20273e-26 8.32577e-20 2.04096e-14 6.04773e-10 2.1662e-06 0.00093788 0.0490853 0.310527 0.237814 0.0441018 0.168598 0.154876 0.0212466 0.00945996 0.00273658 0.000487764 0.00010941 1.53971e-05 1.76809e-06 1.37915e-07 6.82205e-09 1.9487e-10 2.48276e-12
 2.56791e-27 2.60047e-27 4.30185e-26 8.53484e-20 2.09221e-14 6.1996e-10 2.22059e-06 0.000961433 0.0503179 0.318325 0.243767 0.0440168 0.163769 0.150368 0.0195117 0.00663918 0.00190068 0.000335817 7.41484e-05 9.83259e-06 1.10267e-06 8.29359e-08 3.74246e-09 9.1954e-11 1.05066e-12
 2.56848e-27 2.60205e-27 4.44278e-26 8.83215e-20 2.1651e-14 6.41556e-10 2.29795e-06 0.000994923 0.0520707 0.329414 0.252225 0.0434564 0.153562 0.140984 0.0184752 0.00663536 0.00186229 0.000257302 5.31419e-05 6.95803e-06 7.52226e-07 5.3869e-08 2.34037e-09 5.26692e-11 5.21071e-13
 2.56872e-27 2.60268e-27 4.49852e-26 8.94973e-20 2.19392e-14 6.50098e-10 2.32854e-06 0.00100817 0.0527639 0.333799 0.255572 0.0433485 0.150389 0.138041 0.0176791 0.00556193 0.00155845 0.000225503 4.51971e-05 4.74046e-06 4.77461e-07 3.32091e-08 1.37022e-09 2.94114e-11 2.67386e-13
 2.56824e-27 2.60137e-27 4.37981e-26 8.69931e-20 2.13253e-14 6.31907e-10 2.26338e-06 0.000979959 0.0512875 0.324459 0.248449 0.0438716 0.159375 0.146293 0.0184288 0.00519346 0.00143487 0.000185075 3.60549e-05 3.89837e-06 3.54331e-07 2.06167e-08 8.08056e-10 1.65168e-11 1.42284e-13
 2.56833e-27 2.60162e-27 4.4022e-26 8.74655e-20 2.14411e-14 6.35338e-10 2.27567e-06 0.00098528 0.051566 0.326221 0.249792 0.0437855 0.157775 0.144822 0.0182571 0.00517172 0.0014202 0.00016703 3.0918e-05 3.01458e-06 2.68676e-07 1.51168e-08 4.99847e-10 9.2489e-12 7.57006e-14
 2.56859e-27 2.60231e-27 4.46375e-26 8.87638e-20 2.17594e-14 6.4477e-10 2.30946e-06 0.000999906 0.0523315 0.331063 0.253487 0.0435846 0.153651 0.14102 0.0176453 0.00473412 0.00129681 0.000153105 2.8017e-05 2.49997e-06 2.05209e-07 1.06525e-08 3.41311e-10 5.52319e-12 3.98136e-14
#obs catch len freq
 5.98929e-42 8.31274e-34 1.39463e-26 2.82829e-20 6.93322e-15 2.05444e-10 7.35867e-07 0.000318605 0.0166745 0.105489 0.081317 0.0423405 0.226644 0.191394 0.131738 0.127482 0.0523879 0.0195872 0.00412695 0.000476521 2.24744e-05 3.18348e-07 1.01988e-09 6.00185e-13 5.66638e-17
 6.86457e-42 9.52757e-34 1.59845e-26 3.24162e-20 7.94645e-15 2.35468e-10 8.43408e-07 0.000365166 0.0191114 0.120905 0.0932025 0.0462031 0.229957 0.184615 0.128836 0.114063 0.044523 0.0150723 0.00284978 0.000284257 1.09434e-05 1.19258e-07 2.8228e-10 1.19986e-13 8.08145e-18
 1.0339e-41 1.43499e-33 2.40749e-26 4.88234e-20 1.19685e-14 3.54648e-10 1.27029e-06 0.000549993 0.0287844 0.1821 0.140001 0.0482588 0.202515 0.154494 0.109924 0.0888466 0.0328205 0.00992304 0.00163861 0.00013769 4.28249e-06 3.5919e-08 6.29048e-11 1.93077e-14 9.26873e-19
 8.8405e-42 1.227e-33 2.05855e-26 4.1747e-20 1.02338e-14 3.03246e-10 1.08618e-06 0.000470278 0.0246125 0.155708 0.120181 0.0600686 0.262051 0.182878 0.095634 0.0673137 0.0237068 0.00639841 0.000912401 6.29634e-05 1.54629e-06 9.8956e-09 1.28361e-11 2.85414e-15 9.78588e-20
 1.21963e-41 1.69277e-33 2.83997e-26 5.75941e-20 1.41185e-14 4.18358e-10 1.49849e-06 0.000648794 0.0339553 0.214813 0.165213 0.0540085 0.19339 0.135644 0.109917 0.0701893 0.0178122 0.00390416 0.000476566 2.66361e-05 5.05099e-07 2.42108e-09 2.30764e-12 3.71677e-16 9.12962e-21
 1.28782e-41 1.78742e-33 2.99876e-26 6.08143e-20 1.49079e-14 4.41749e-10 1.58227e-06 0.000685069 0.0358538 0.226825 0.174701 0.0636745 0.220171 0.137598 0.0765995 0.0460012 0.0149056 0.00273932 0.000234518 1.01195e-05 1.46233e-07 5.16553e-10 3.56599e-13 4.12542e-17 7.24e-22
 1.17142e-41 1.62586e-33 2.72772e-26 5.53175e-20 1.35604e-14 4.01821e-10 1.43926e-06 0.000623148 0.0326131 0.206325 0.159332 0.0696045 0.235639 0.14309 0.092979 0.0470598 0.0106977 0.0018785 0.000152143 4.59995e-06 4.66575e-08 1.19132e-10 5.88995e-14 4.84054e-18 6.01624e-23
 1.45316e-41 2.01689e-33 3.38376e-26 6.86219e-20 1.68219e-14 4.98463e-10 1.78541e-06 0.000773022 0.0404569 0.255947 0.197148 0.0646573 0.184611 0.112408 0.0897667 0.0429904 0.0098403 0.00131507 8.20656e-05 2.12455e-06 1.54641e-08 2.65316e-11 9.07307e-15 5.23167e-19 4.56695e-24
 1.67808e-41 2.32906e-33 3.90748e-26 7.92429e-20 1.94255e-14 5.75612e-10 2.06175e-06 0.000892666 0.0467186 0.295561 0.227607 0.0687752 0.17484 0.0944899 0.0578621 0.0259669 0.00644247 0.00080118 4.00934e-05 7.50141e-07 4.17412e-09 5.17626e-12 1.1919e-15 4.61443e-20 2.75858e-25
 1.6413e-41 2.27802e-33 3.82185e-26 7.75064e-20 1.89998e-14 5.62999e-10 2.01657e-06 0.000873105 0.0456948 0.289087 0.223119 0.077277 0.190868 0.0960854 0.0534256 0.0195207 0.00361785 0.000410432 1.90763e-05 2.82009e-07 1.11099e-09 9.81346e-13 1.61711e-16 4.33111e-21 1.74501e-26
 1.55546e-41 2.15888e-33 3.62197e-26 7.34528e-20 1.80061e-14 5.33554e-10 1.9111e-06 0.000827441 0.043305 0.273971 0.212047 0.0839046 0.199269 0.100266 0.0627483 0.0202785 0.00311132 0.000260363 9.38703e-06 1.17843e-07 3.63776e-10 2.2848e-13 2.6012e-17 4.86055e-22 1.37105e-27
 1.51851e-41 2.10759e-33 3.53592e-26 7.17078e-20 1.75783e-14 5.20878e-10 1.8657e-06 0.000807784 0.0422762 0.267467 0.207549 0.0890948 0.199082 0.10126 0.068362 0.0207597 0.00312199 0.000212149 5.45226e-06 4.86455e-08 1.15023e-10 5.54002e-14 4.58211e-18 5.96239e-23 1.15604e-28
 1.92982e-41 2.67846e-33 4.49367e-26 9.11308e-20 2.23396e-14 6.61964e-10 2.37105e-06 0.00102658 0.0537272 0.339907 0.262383 0.0762188 0.135908 0.0689055 0.0466606 0.0132191 0.00192193 0.000116994 2.46521e-06 1.55379e-08 2.48205e-11 8.44156e-15 5.12288e-19 4.88516e-24 6.78406e-30
 1.62394e-41 2.25392e-33 3.78141e-26 7.66863e-20 1.87988e-14 5.57041e-10 1.99523e-06 0.000863866 0.0452113 0.286048 0.223226 0.107196 0.205418 0.0827272 0.0379786 0.00987617 0.00137605 7.59732e-05 1.40415e-06 7.09564e-09 8.16063e-12 1.86678e-15 7.61796e-20 5.03826e-25 4.98023e-31
 1.33893e-41 1.85834e-33 3.11775e-26 6.32274e-20 1.54995e-14 4.59277e-10 1.64506e-06 0.000712252 0.0372765 0.235862 0.186222 0.120197 0.225817 0.112137 0.0674573 0.0130565 0.00120451 5.58662e-05 8.95237e-07 3.76475e-09 3.40934e-12 5.73978e-16 1.6253e-20 7.22918e-26 4.79611e-32
 1.21865e-41 1.6914e-33 2.83767e-26 5.75474e-20 1.41071e-14 4.18018e-10 1.49727e-06 0.000648268 0.0339278 0.214688 0.170947 0.124116 0.220148 0.129258 0.0854515 0.018826 0.00192422 6.25899e-05 6.94727e-07 2.3061e-09 1.66434e-12 2.16882e-16 4.58938e-21 1.47138e-26 6.81891e-33
 1.63727e-41 2.27242e-33 3.81245e-26 7.73157e-20 1.8953e-14 5.61613e-10 2.01161e-06 0.000870956 0.0455824 0.288415 0.226323 0.104695 0.157319 0.0976574 0.0627202 0.014738 0.00162127 5.49792e-05 5.12743e-07 1.15004e-09 5.8157e-13 5.66579e-17 9.06406e-22 2.17191e-27 7.40029e-34
 1.48472e-41 2.06069e-33 3.45723e-26 7.0112e-20 1.71871e-14 5.09286e-10 1.82418e-06 0.000789807 0.0413355 0.261584 0.209252 0.140575 0.202672 0.0891092 0.0435781 0.00998644 0.00107857 3.72798e-05 3.43466e-07 6.76204e-10 2.52276e-13 1.6632e-17 1.8351e-22 3.15294e-28 7.85379e-35
 1.54675e-41 2.14679e-33 3.60169e-26 7.30415e-20 1.79053e-14 5.30566e-10 1.9004e-06 0.000822808 0.0430626 0.272523 0.217907 0.13353 0.178383 0.0989603 0.0468874 0.00730262 0.000599914 1.89156e-05 1.62816e-07 2.95402e-10 9.60041e-14 5.03956e-18 4.03378e-23 4.75838e-29 8.07029e-36
 1.52899e-41 2.12214e-33 3.56032e-26 7.22027e-20 1.76996e-14 5.24473e-10 1.87858e-06 0.000813358 0.0425681 0.269431 0.217891 0.148062 0.183036 0.0916182 0.039621 0.00651265 0.000436438 9.31892e-06 6.23795e-08 9.63166e-11 2.68387e-14 1.18627e-18 7.72823e-24 7.09138e-30 8.91066e-37
 1.64843e-41 2.28791e-33 3.83845e-26 7.7843e-20 1.90823e-14 5.65443e-10 2.02533e-06 0.000876896 0.0458935 0.29049 0.234595 0.143315 0.162088 0.0848621 0.0329746 0.00461934 0.000277626 5.0921e-06 2.41801e-08 2.6091e-11 5.53156e-15 1.94658e-19 1.01782e-24 7.44718e-31 7.36282e-38
 1.59791e-41 2.21779e-33 3.7208e-26 7.5457e-20 1.84974e-14 5.48112e-10 1.96325e-06 0.000850019 0.044487 0.281656 0.231312 0.16188 0.170028 0.0790489 0.0270512 0.00350599 0.000177186 2.66037e-06 1.02684e-08 8.23149e-12 1.20313e-15 2.94988e-20 1.12379e-25 6.19249e-32 4.67978e-39
 1.64195e-41 2.27891e-33 3.82335e-26 7.75368e-20 1.90072e-14 5.63219e-10 2.01736e-06 0.000873447 0.0457132 0.28946 0.238764 0.161046 0.158854 0.0786765 0.0239367 0.00256454 0.000108225 1.33713e-06 4.04279e-09 2.49696e-12 2.74122e-16 4.81494e-21 1.26848e-26 4.81329e-33 2.54876e-40
 1.64899e-41 2.2887e-33 3.83976e-26 7.78696e-20 1.90888e-14 5.65637e-10 2.02602e-06 0.000877196 0.0459097 0.290785 0.242889 0.170411 0.155601 0.0717325 0.0197653 0.00195957 6.77982e-05 6.50844e-07 1.52547e-09 7.17262e-13 5.87874e-17 7.63543e-22 1.47005e-27 3.99951e-34 1.48785e-41
 1.6873e-41 2.34186e-33 3.92895e-26 7.96784e-20 1.95322e-14 5.78776e-10 2.07308e-06 0.000897572 0.0469763 0.297616 0.250517 0.172606 0.147417 0.0665037 0.016058 0.00136571 4.01705e-05 3.13999e-07 5.58562e-10 1.94426e-13 1.17629e-17 1.1212e-22 1.57261e-28 3.10213e-35 8.33752e-43
 1.68145e-41 2.33374e-33 3.91533e-26 7.94022e-20 1.94645e-14 5.76769e-10 2.06589e-06 0.000894461 0.0468139 0.296719 0.253781 0.181743 0.144894 0.0610918 0.0130671 0.0009702 2.33473e-05 1.45648e-07 2.02673e-10 5.318e-14 2.34853e-18 1.61384e-23 1.62988e-29 2.31548e-36 4.47613e-44
 1.46883e-41 2.03864e-33 3.42024e-26 6.93617e-20 1.70032e-14 5.03836e-10 1.80466e-06 0.000781356 0.0408954 0.259555 0.234721 0.214828 0.16727 0.0683124 0.0128089 0.000809818 1.60208e-05 7.92291e-08 8.4437e-11 1.66988e-14 5.4871e-19 2.75896e-24 2.00735e-30 2.03523e-37 2.79871e-45
 1.50107e-41 2.08339e-33 3.49531e-26 7.08842e-20 1.73764e-14 5.14895e-10 1.84427e-06 0.000798507 0.0417928 0.265146 0.235328 0.197241 0.166759 0.0779093 0.0141915 0.000817735 1.40695e-05 5.89836e-08 5.24759e-11 8.54057e-15 2.28673e-19 9.3327e-25 5.4989e-31 4.49807e-38 4.96403e-46
#spawning biomass
 16287.9 17530.8 19258 21797.8 24696.1 31071.5 34014.8 42143.9 59614.2 80643.5 97790.4 115244 165954 197620 174169 149003 144719 146886 139814 136854 139652 147952 140940 155618 173124 174208 163097 152997 149565 137969 68728.3 36588.4 24430 20344.5 19072.3 18696 18588.8 18559 18550.9 18548.8 18548.2 18548 18548 18548 18548 18548 18548 18548 18548 18548 18548 18548 18548 18548 18548 18548 18548 18548 18548 18548 18548 18548 18548 18548 18548 18548 18548 18548 18548 18548 18548 18548 18548 18548 18548 18548 18548 18548 18548 18548 18548 18548 18548 18548 18548 18548 18548 18548 18548 18548 18548 18548 18548 18548 18548 18548 18548 18548 18548 18548 18548 18548 18548 18548 18548 18548 18548 18548 18548 18548 18548 18548 18548 18548 18548 18548 18548 18548 18548 18548 18548 18548 18548 18548 18548 18548 18548 18548 0 0 0 0 0 0 0 0 0 0 0 0 0 0 0 0 0 0 0 0 0 0 0 0 0
