SBPRF35
0.127839
Curr Bio
270180
B35
336756
F35
2.04528
FOFL
1.8463
OFL
90296
Bzero
36470.5
#pred survey bio
 29139.7 25578.6 17791.3 14801.3 31001.3 60212.2 94062.7 133146 168986 181410 159156 180779 219858 265004 261217 236294 230869 285146 307774 285112 289811 380773 385937 415021 390375 360450 312694 350583 1.35056e+07 8.3197e+06 2.41855e+06 1.1216e+06 730883 558994 468957 419284 391549 376055 367425 362637 359989 358530 357727 357282 357042 356914 356844 356806 356786 356775 356769 356766 356764 356763 356763 356763 356762 356762 356762 356762 356762 356762 356762 356762 356762 356762 356762 356762 356762 356762 356762 356762 356762 356762 356762 356762 356762 356762 356762 356762 356762 356762 356762 356762 356762 356762 356762 356762 356762 356762 356762 356762 356762 356762 356762 356762 356762 356762 356762 356762 356762 356762 356762 356762 356762 356762 356762 356762 356762 356762 356762 356762 356762 356762 356762 356762 356762 356762 356762 356762 356762 356762 356762 356762 356762 356762 356762 356762 0 0 0 0 0 0 0 0 0 0 0 0 0 0 0 0 0 0 0 0 0 0 0 0 0
#obs survey bio
 27054 16140.4 7439.41 13747.2 28410.4 55208.2 94890.4 155827 161221 131995 161232 160161 172391 318346 163358 171375 140331 236347 216480 207444 235583 270495 255536 339761 224522 209353 177398 276066
#pred catch bio
 17380.6 16547.8 12230.6 6527.83 16242.9 29513.3 54938.3 84949 119453 145490 120962 137855 169197 211166 218881 198897 180659 224305 249774 226204 185236 244480 246191 259703 295131 293709 254873 259343 90296 264582 38011.5 9667.77 6798.48 6537.33 6515.16 6513.37 6513.23 6513.22 6513.22 6513.22 6513.22 6513.22 6513.22 6513.22 6513.22 6513.22 6513.22 6513.22 6513.22 6513.22 6513.22 6513.22 6513.22 6513.22 6513.22 6513.22 6513.22 6513.22 6513.22 6513.22 6513.22 6513.22 6513.22 6513.22 6513.22 6513.22 6513.22 6513.22 6513.22 6513.22 6513.22 6513.22 6513.22 6513.22 6513.22 6513.22 6513.22 6513.22 6513.22 6513.22 6513.22 6513.22 6513.22 6513.22 6513.22 6513.22 6513.22 6513.22 6513.22 6513.22 6513.22 6513.22 6513.22 6513.22 6513.22 6513.22 6513.22 6513.22 6513.22 6513.22 6513.22 6513.22 6513.22 6513.22 6513.22 6513.22 6513.22 6513.22 6513.22 6513.22 6513.22 6513.22 6513.22 6513.22 6513.22 6513.22 6513.22 6513.22 6513.22 6513.22 6513.22 6513.22 6513.22 6513.22 6513.22 6513.22 6513.22 6513.22 0 0 0 0 0 0 0 0 0 0 0 0 0 0 0 0 0 0 0 0 0 0 0 0 0
#obs catch bio
 13895.8 17533.4 14642.9 6776.35 11881.9 23700.1 45130.7 67189.4 100178 129854 108504 117897 152224 179923 201380 181613 166918 187714 224312 208630 162564 202950 207325 221103 260022 271405 232349 233233
#pred cpue bio
 23045.4 20733.1 15979.4 8188.52 10750.1 23810.1 33684.3 55717 75382.3 95083.1 76763.4 78178.1 90110.2 112396 116365 98430 86832.6 110181 113175 98276.3 82045.5 117528 116057 110628 118583 104013 90492.5 83746.2 4.15547e+06 8.134e+06 2.29937e+06 1.00204e+06 611317 439428 349391 299718 271983 256489 247860 243071 240423 238965 238162 237716 237477 237348 237278 237241 237220 237209 237203 237200 237199 237198 237197 237197 237197 237197 237197 237197 237196 237196 237196 237196 237196 237196 237196 237196 237196 237196 237196 237196 237196 237196 237196 237196 237196 237196 237196 237196 237196 237196 237196 237196 237196 237196 237196 237196 237196 237196 237196 237196 237196 237196 237196 237196 237196 237196 237196 237196 237196 237196 237196 237196 237196 237196 237196 237196 237196 237196 237196 237196 237196 237196 237196 237196 237196 237196 237196 237196 237196 237196 237196 237196 237196 237196 237196 237196 0 0 0 0 0 0 0 0 0 0 0 0 0 0 0 0 0 0 0 0 0 0 0 0 0
#obs cpue bio
 22516.2 26617.1 13012.1 13598.3 27320.5 75933.3 68730.3 128027 147562 199660 128820 162349 159522 202463 236791 202840 173985 303604 240422 187594 161641 362492 338152 266273 328637 245260 223232 166765
#pred surv len freq
 1.16087e-11 1.26002e-09 8.06409e-08 3.04314e-06 6.77139e-05 0.000888452 0.00687457 0.0313902 0.0848618 0.138089 0.145895 0.128013 0.12278 0.110802 0.0797908 0.0512237 0.0328752 0.0208663 0.0134501 0.00918293 0.00681099 0.0055739 0.00476902 0.00365956 0.00213277
 9.74411e-12 1.05763e-09 6.76882e-08 2.55434e-06 5.68378e-05 0.000745769 0.00577124 0.0263687 0.0715123 0.118186 0.133338 0.138066 0.153802 0.142354 0.0946818 0.0511161 0.0274138 0.0152219 0.00851466 0.00483753 0.00290576 0.00195601 0.00146663 0.00106451 0.000616401
 5.71367e-12 6.20164e-10 3.96904e-08 1.4978e-06 3.33287e-05 0.000437336 0.00338561 0.0154972 0.0424184 0.0732364 0.0970111 0.134296 0.180706 0.179044 0.125324 0.0722876 0.0392388 0.0195307 0.00903166 0.00419697 0.0020262 0.00105492 0.0006266 0.000396956 0.000218008
 1.76667e-11 1.91755e-09 1.22723e-07 4.63117e-06 0.000103049 0.00135204 0.0104603 0.0477299 0.128583 0.205586 0.200214 0.133123 0.0828341 0.0610812 0.0468371 0.034929 0.0234808 0.0131 0.0062164 0.00262789 0.00103008 0.000404762 0.00017506 8.58393e-05 4.11994e-05
 2.02858e-11 2.20183e-09 1.40916e-07 5.31775e-06 0.000118326 0.00155248 0.0120108 0.054802 0.147593 0.235633 0.2278 0.146603 0.082607 0.0503424 0.026263 0.00968018 0.00290459 0.0011019 0.000557682 0.000266373 0.000106046 3.62195e-05 1.16004e-05 3.93974e-06 1.44148e-06
 1.93223e-11 2.09725e-09 1.34223e-07 5.06517e-06 0.000112706 0.00147875 0.0114406 0.052205 0.140663 0.225094 0.220094 0.148393 0.0931347 0.0618013 0.0323551 0.0107919 0.00215751 0.00025523 1.78416e-05 7.44445e-07 2.17763e-08 1.64462e-09 4.18297e-10 1.08495e-10 2.73941e-11
 1.99702e-11 2.16757e-09 1.38724e-07 5.23503e-06 0.000116486 0.00152833 0.0118241 0.0539519 0.145329 0.23223 0.225507 0.14783 0.0870607 0.0548704 0.0282442 0.00938712 0.00187661 0.000222543 1.56948e-05 6.7078e-07 1.8465e-08 3.77383e-10 6.70114e-12 1.15177e-13 5.15558e-15
 1.89041e-11 2.05186e-09 1.31319e-07 4.95556e-06 0.000110267 0.00144675 0.0111931 0.0510776 0.137652 0.220488 0.2166 0.148756 0.0970536 0.0662737 0.0350084 0.0116996 0.00233963 0.00027668 1.93044e-05 7.94358e-07 1.92822e-08 2.76375e-10 2.34809e-12 1.19979e-14 3.90058e-17
 1.83826e-11 1.99526e-09 1.27696e-07 4.81885e-06 0.000107225 0.00140684 0.0108845 0.0496716 0.133896 0.214744 0.212243 0.149208 0.10194 0.0718508 0.0383175 0.0128319 0.00256712 0.000303606 2.11833e-05 8.71652e-07 2.11563e-08 3.03123e-10 2.57155e-12 1.30556e-14 4.10957e-17
 1.67788e-11 1.82118e-09 1.16555e-07 4.39844e-06 9.78708e-05 0.00128411 0.00993528 0.0453477 0.122347 0.197081 0.198842 0.150599 0.116969 0.0890028 0.0484944 0.0163142 0.00326676 0.000386416 2.69612e-05 1.10929e-06 2.69134e-08 3.85056e-10 3.24985e-12 1.62002e-14 4.78959e-17
 1.76633e-11 1.91718e-09 1.22699e-07 4.63029e-06 0.00010303 0.00135179 0.0104588 0.0477323 0.128716 0.206822 0.206232 0.149832 0.108681 0.0795437 0.042882 0.0143938 0.00288091 0.000340745 2.37741e-05 9.78143e-07 2.37304e-08 3.39458e-10 2.86322e-12 1.42409e-14 4.17663e-17
 1.86428e-11 2.0235e-09 1.29504e-07 4.88707e-06 0.000108743 0.00142675 0.0110385 0.0503732 0.13577 0.217611 0.214417 0.148983 0.0995019 0.0690678 0.0366663 0.0122668 0.00245359 0.000290166 2.02446e-05 8.32925e-07 2.02074e-08 2.89065e-10 2.43828e-12 1.21291e-14 3.5592e-17
 1.90621e-11 2.06901e-09 1.32416e-07 4.99698e-06 0.000111189 0.00145884 0.0112867 0.0515036 0.13879 0.222229 0.21792 0.148619 0.0955727 0.0645835 0.0340056 0.0113564 0.00227067 0.000268515 1.87338e-05 7.70762e-07 1.86992e-08 2.67487e-10 2.25616e-12 1.12214e-14 3.29088e-17
 1.8799e-11 2.04045e-09 1.30588e-07 4.928e-06 0.000109654 0.0014387 0.0111309 0.0507942 0.136895 0.21933 0.215721 0.148847 0.0980387 0.0673979 0.0356754 0.0119278 0.00238547 0.000282103 1.9682e-05 8.09775e-07 1.96457e-08 2.81026e-10 2.37035e-12 1.17892e-14 3.45726e-17
 1.83944e-11 1.99654e-09 1.27778e-07 4.82196e-06 0.000107294 0.00140774 0.0108915 0.0497035 0.133981 0.214875 0.212341 0.149198 0.101829 0.0717242 0.0382424 0.0128062 0.00256195 0.000302991 2.11396e-05 8.69748e-07 2.11006e-08 3.01839e-10 2.5459e-12 1.26622e-14 3.71321e-17
 1.89393e-11 2.05568e-09 1.31563e-07 4.96478e-06 0.000110472 0.00144944 0.0112139 0.0511724 0.137905 0.220876 0.216894 0.148726 0.0967239 0.0658973 0.0347851 0.0116231 0.00232427 0.000274858 1.91764e-05 7.88974e-07 1.9141e-08 2.73807e-10 2.30946e-12 1.14863e-14 3.36835e-17
 1.96621e-11 2.13413e-09 1.36584e-07 5.15425e-06 0.000114688 0.00150475 0.0116417 0.0531211 0.14311 0.228836 0.222933 0.148099 0.0899506 0.0581673 0.0301986 0.0100537 0.00200895 0.000237536 1.65721e-05 6.81819e-07 1.65413e-08 2.36619e-10 1.99579e-12 9.92622e-15 2.91087e-17
 1.94823e-11 2.11462e-09 1.35335e-07 5.10713e-06 0.00011364 0.00149099 0.0115353 0.0526365 0.141816 0.226857 0.221431 0.148255 0.0916351 0.0600897 0.0313392 0.010444 0.00208737 0.000246818 1.72198e-05 7.08468e-07 1.71879e-08 2.45868e-10 2.0738e-12 1.03142e-14 3.02465e-17
 1.98066e-11 2.14981e-09 1.37588e-07 5.19213e-06 0.000115531 0.00151581 0.0117273 0.0535107 0.144151 0.230428 0.22414 0.147974 0.0885965 0.0566218 0.0292816 0.00973993 0.00194591 0.000230074 1.60514e-05 6.60395e-07 1.60216e-08 2.29184e-10 1.93308e-12 9.61433e-15 2.81941e-17
 2.01942e-11 2.19188e-09 1.4028e-07 5.29374e-06 0.000117792 0.00154547 0.0119566 0.0545557 0.146942 0.234697 0.227379 0.147638 0.0849644 0.0524767 0.0268222 0.00889834 0.00177683 0.000210061 1.46548e-05 6.02935e-07 1.46275e-08 2.09243e-10 1.76488e-12 8.77778e-15 2.57409e-17
 2.11698e-11 2.29778e-09 1.47057e-07 5.54948e-06 0.000123483 0.00162013 0.0125341 0.057186 0.153968 0.245442 0.235531 0.146792 0.0758221 0.0420428 0.0206314 0.00677996 0.00135122 0.000159684 1.11395e-05 4.58299e-07 1.11186e-08 1.59048e-10 1.34151e-12 6.67209e-15 1.95659e-17
 2.07753e-11 2.25496e-09 1.44317e-07 5.44608e-06 0.000121182 0.00158994 0.0123006 0.0561226 0.151127 0.241098 0.232235 0.147134 0.0795184 0.0462613 0.0231344 0.00763644 0.0015233 0.000180052 1.25608e-05 5.16777e-07 1.25373e-08 1.79342e-10 1.51269e-12 7.52347e-15 2.20628e-17
 2.08994e-11 2.26843e-09 1.45179e-07 5.47861e-06 0.000121906 0.00159944 0.012374 0.0564571 0.152021 0.242464 0.233272 0.147026 0.0783556 0.0449342 0.022347 0.007367 0.00146917 0.000173644 1.21136e-05 4.9838e-07 1.2091e-08 1.72958e-10 1.45883e-12 7.25562e-15 2.12772e-17
 2.14177e-11 2.32468e-09 1.48779e-07 5.61447e-06 0.000124929 0.0016391 0.0126808 0.0578544 0.155753 0.248172 0.237602 0.146577 0.073499 0.0393915 0.0190583 0.00624166 0.00124308 0.000146883 1.02462e-05 4.21546e-07 1.02269e-08 1.46293e-10 1.23392e-12 6.13702e-15 1.79969e-17
 2.08519e-11 2.26327e-09 1.44849e-07 5.46616e-06 0.000121629 0.0015958 0.0123459 0.056329 0.151679 0.241941 0.232875 0.147067 0.0788009 0.0454424 0.0226485 0.00747017 0.00148989 0.000176098 1.22848e-05 5.05424e-07 1.22619e-08 1.75402e-10 1.47945e-12 7.35816e-15 2.15779e-17
 2.10866e-11 2.28875e-09 1.4648e-07 5.52768e-06 0.000122998 0.00161376 0.0124848 0.0569618 0.153369 0.244526 0.234836 0.146864 0.0766014 0.0429322 0.0211591 0.00696053 0.0013875 0.000163978 1.14391e-05 4.70628e-07 1.14177e-08 1.63326e-10 1.3776e-12 6.85158e-15 2.00923e-17
 2.10739e-11 2.28737e-09 1.46391e-07 5.52435e-06 0.000122923 0.00161279 0.0124773 0.0569276 0.153277 0.244386 0.234729 0.146875 0.0767205 0.0430681 0.0212397 0.00698813 0.00139305 0.000164635 1.14849e-05 4.72512e-07 1.14634e-08 1.6398e-10 1.38311e-12 6.87901e-15 2.01727e-17
 2.18202e-11 2.36837e-09 1.51575e-07 5.71998e-06 0.000127276 0.0016699 0.012919 0.0589396 0.158651 0.252605 0.240965 0.146228 0.0697272 0.0350869 0.0165042 0.0053677 0.00106749 0.0001261 8.79593e-06 3.61875e-07 8.77924e-09 1.25584e-10 1.05926e-12 5.26829e-15 1.54493e-17
#obs surv len freq
 4.63759e-11 4.29795e-09 2.34865e-07 7.56768e-06 0.000143779 0.00161077 0.0106425 0.0415051 0.0959852 0.134819 0.128506 0.114455 0.118681 0.115086 0.0948506 0.0689143 0.0420599 0.020686 0.00836658 0.00278467 0.000729851 0.000143311 2.0263e-05 1.99447e-06 1.32487e-07
 2.89408e-11 2.58689e-09 1.36343e-07 4.23717e-06 7.76458e-05 0.000839089 0.00535068 0.0201987 0.045908 0.0681253 0.0863407 0.123615 0.164253 0.165497 0.133562 0.0935138 0.0543718 0.0251325 0.00943569 0.00291111 0.000713091 0.00013151 1.73738e-05 1.57967e-06 9.59192e-08
 1.57393e-11 1.35457e-09 6.87399e-08 2.05687e-06 3.62921e-05 0.000377678 0.00232084 0.00847358 0.018975 0.029972 0.0470813 0.0838546 0.132298 0.17257 0.188669 0.15876 0.0954528 0.0417957 0.0143121 0.0039919 0.000887305 0.000149516 1.81672e-05 1.52447e-06 8.53529e-08
 2.68099e-10 2.21799e-08 1.08196e-06 3.11206e-05 0.000527804 0.00527819 0.0311233 0.108216 0.221901 0.268561 0.192716 0.0843537 0.0273418 0.0142577 0.0145696 0.0137328 0.00966047 0.0050557 0.00196982 0.000564878 0.000118599 1.81463e-05 1.98595e-06 1.50699e-07 7.67431e-09
 1.80297e-10 1.43163e-08 6.70293e-07 1.85048e-05 0.000301232 0.0028917 0.0163774 0.054861 0.110121 0.141122 0.144967 0.16204 0.169363 0.121782 0.0544124 0.0157526 0.00389357 0.00133117 0.00054142 0.000175974 4.01338e-05 6.22965e-06 6.50874e-07 4.53925e-08 2.09022e-09
 4.5773e-10 3.48344e-08 1.56313e-06 4.13588e-05 0.000645253 0.0059359 0.0322012 0.103054 0.194995 0.220665 0.158222 0.090457 0.0621063 0.0517175 0.0406147 0.025219 0.0107 0.00286914 0.000487627 5.9701e-05 7.05387e-06 8.81501e-07 8.95471e-08 6.16701e-09 2.7276e-10
 5.09194e-10 3.70893e-08 1.59294e-06 4.03404e-05 0.000602383 0.00530427 0.0275512 0.0845599 0.154731 0.176468 0.149804 0.132253 0.119782 0.08288 0.0410625 0.0165474 0.00602836 0.00186566 0.000437404 7.17836e-05 7.90706e-06 5.90673e-07 3.24842e-08 1.45388e-09 5.21058e-11
 7.80678e-10 5.4356e-08 2.23157e-06 5.40208e-05 0.000771089 0.0064903 0.0322231 0.0945083 0.165044 0.178518 0.140855 0.114681 0.102436 0.0785175 0.0490314 0.0248382 0.00925156 0.00232794 0.000396852 4.96509e-05 4.94629e-06 3.84733e-07 2.13425e-08 7.91549e-10 1.93807e-11
 1.02863e-09 6.83797e-08 2.68029e-06 6.19476e-05 0.000844236 0.00678483 0.0321704 0.0902182 0.151563 0.162211 0.138211 0.129003 0.11907 0.0861556 0.0492394 0.0232706 0.00850714 0.00222109 0.000407672 5.33496e-05 4.98708e-06 3.30168e-07 1.54633e-08 5.12012e-10 1.17554e-11
 1.21168e-09 7.68173e-08 2.87156e-06 6.32947e-05 0.00082266 0.00630592 0.0285314 0.0765357 0.124479 0.135841 0.133329 0.146021 0.141745 0.104292 0.0609211 0.0285905 0.00981905 0.00229067 0.000363833 4.14546e-05 3.54033e-06 2.24524e-07 1.01065e-08 3.09834e-10 6.31513e-12
 2.46296e-09 1.48757e-07 5.29767e-06 0.000111245 0.00137744 0.0100579 0.0433305 0.110424 0.168681 0.164571 0.128889 0.112656 0.101434 0.0770087 0.0481493 0.0233611 0.00789476 0.00175871 0.000261113 2.70648e-05 2.03907e-06 1.12243e-07 4.42282e-09 1.21705e-10 2.28258e-12
 3.7016e-09 2.12781e-07 7.21212e-06 0.00014414 0.00169865 0.0118055 0.048421 0.117631 0.172378 0.165742 0.136251 0.124209 0.104026 0.0661904 0.033036 0.0133785 0.00407569 0.000864297 0.000126246 1.30426e-05 9.66621e-07 5.06454e-08 1.83178e-09 4.49827e-11 7.41739e-13
 4.93529e-09 2.69763e-07 8.6944e-06 0.00016523 0.00185159 0.0122378 0.0477558 0.110636 0.15636 0.151695 0.137268 0.136191 0.115479 0.0735616 0.0369948 0.0147035 0.0041908 0.000792486 9.85367e-05 8.40784e-06 5.21183e-07 2.40132e-08 8.01519e-10 1.85565e-11 2.87561e-13
 7.47567e-09 3.88222e-07 1.18877e-05 0.000214638 0.00228522 0.0143505 0.0532186 0.117286 0.158431 0.149493 0.135157 0.133052 0.11096 0.0707524 0.0359877 0.0141516 0.00387312 0.000688937 7.90997e-05 6.06753e-06 3.2602e-07 1.26022e-08 3.48238e-10 6.73765e-12 8.95346e-14
 1.09482e-08 5.3976e-07 1.56908e-05 0.000268957 0.00271857 0.0162089 0.0570976 0.11979 0.155611 0.146287 0.137582 0.13658 0.110476 0.0678365 0.0331841 0.012474 0.00325188 0.00055264 6.11084e-05 4.54749e-06 2.36212e-07 8.64708e-09 2.19193e-10 3.76323e-12 4.31653e-14
 1.79073e-08 8.37555e-07 2.30986e-05 0.000375621 0.00360194 0.0203742 0.0680889 0.135521 0.16697 0.14865 0.132175 0.124897 0.097786 0.0592759 0.0286994 0.0104813 0.00261043 0.000421216 4.42698e-05 3.14464e-06 1.56522e-07 5.49683e-09 1.33421e-10 2.18193e-12 2.36052e-14
 2.51981e-08 1.11742e-06 2.92183e-05 0.000450496 0.00409601 0.0219719 0.0696954 0.132227 0.158274 0.145229 0.139651 0.133935 0.10035 0.0570301 0.0257801 0.00883673 0.00208513 0.000322657 3.29995e-05 2.3085e-06 1.1324e-07 3.87565e-09 9.04116e-11 1.40742e-12 1.44216e-14
 4.08899e-08 1.71835e-06 4.2579e-05 0.000622123 0.00536035 0.0272488 0.0819104 0.147266 0.166991 0.14493 0.131881 0.121137 0.0890322 0.050872 0.0230378 0.00767875 0.00171622 0.000247611 2.33806e-05 1.50454e-06 6.83059e-08 2.19401e-09 4.87016e-11 7.26952e-13 7.14638e-15
 5.38459e-08 2.14345e-06 5.0311e-05 0.000696332 0.00568382 0.027382 0.0781512 0.134598 0.151776 0.143892 0.147205 0.13689 0.0950195 0.0499522 0.0207476 0.00641013 0.00134341 0.0001834 1.64991e-05 1.01333e-06 4.35988e-08 1.30983e-09 2.6886e-11 3.69364e-13 3.34892e-15
 8.56089e-08 3.22703e-06 7.17259e-05 0.000940056 0.00726611 0.0331477 0.0895861 0.146075 0.155775 0.139408 0.135772 0.1238 0.088434 0.0497484 0.0217169 0.00670483 0.00135755 0.00017697 1.52004e-05 8.93686e-07 3.67968e-08 1.0534e-09 2.04775e-11 2.64615e-13 2.24016e-15
 1.36901e-07 4.88554e-06 0.000102804 0.00127559 0.00933455 0.0403197 0.103219 0.159715 0.162728 0.140891 0.132112 0.113642 0.0755432 0.0393463 0.016023 0.00469183 0.00092059 0.000119446 1.04835e-05 6.36642e-07 2.67124e-08 7.58638e-10 1.42848e-11 1.76097e-13 1.40987e-15
 1.82607e-07 6.16854e-06 0.000122869 0.00144317 0.00999828 0.0409109 0.0995005 0.148215 0.152703 0.145555 0.146666 0.123484 0.076718 0.0366612 0.0136372 0.00364706 0.000649794 7.56664e-05 5.90953e-06 3.22124e-07 1.24887e-08 3.39233e-10 6.25722e-12 7.61813e-14 5.99589e-16
 2.73774e-07 8.75361e-06 0.000165035 0.0018348 0.0120324 0.0466142 0.107446 0.152344 0.151608 0.142534 0.141243 0.11712 0.0735226 0.0360316 0.0134048 0.00344986 0.0005753 6.14139e-05 4.30565e-06 2.06501e-07 6.96644e-09 1.64998e-10 2.68588e-12 2.93792e-14 2.12033e-16
 4.10042e-07 1.24095e-05 0.00022145 0.00233038 0.0144665 0.0530698 0.116017 0.157062 0.152484 0.143257 0.139165 0.110556 0.0662421 0.0309786 0.0109691 0.00268889 0.00043052 4.47549e-05 3.09844e-06 1.46915e-07 4.80374e-09 1.06687e-10 1.57788e-12 1.53423e-14 9.73815e-17
 5.64705e-07 1.61772e-05 0.000273264 0.00272212 0.015999 0.0556147 0.115647 0.151355 0.149098 0.148166 0.145307 0.111489 0.0638417 0.0284163 0.00950508 0.00218705 0.000327639 3.18487e-05 2.0666e-06 9.24237e-08 2.87687e-09 6.13344e-11 8.73784e-13 8.15183e-15 4.90899e-17
 7.86383e-07 2.1326e-05 0.000341025 0.00321607 0.0178981 0.0589606 0.116633 0.147476 0.146229 0.14981 0.146476 0.110581 0.0630527 0.0279149 0.00908564 0.00199396 0.000282327 2.58747e-05 1.58164e-06 6.64773e-08 1.93675e-09 3.85169e-11 5.11501e-13 4.45806e-15 2.51789e-17
 1.05866e-06 2.71818e-05 0.000411536 0.00367473 0.0193692 0.0605129 0.114199 0.140985 0.143936 0.154135 0.15036 0.111431 0.0628206 0.0273891 0.00864682 0.00182685 0.000250284 2.24833e-05 1.36241e-06 5.67203e-08 1.61353e-09 3.07462e-11 3.85271e-13 3.13709e-15 1.64577e-17
 1.60834e-06 3.91023e-05 0.000560577 0.00473988 0.0236598 0.0700311 0.125436 0.147893 0.145898 0.151068 0.141597 0.101409 0.0556246 0.0234184 0.0070311 0.00139785 0.000179391 1.50897e-05 8.59366e-07 3.3882e-08 9.21305e-10 1.69074e-11 2.04676e-13 1.60657e-15 8.071e-18
#pred catch len freq
 1.73148e-12 1.87936e-10 1.20279e-08 4.53903e-07 1.01008e-05 0.000132585 0.0010281 0.00474575 0.0135339 0.0276987 0.05574 0.115402 0.181985 0.190237 0.141289 0.0912012 0.0585831 0.0371874 0.0239696 0.0163647 0.0121376 0.00993303 0.00849868 0.00652156 0.00380073
 1.38403e-12 1.50223e-10 9.6143e-09 3.62823e-07 8.07433e-06 0.00010601 0.000823012 0.00382177 0.0112074 0.0252938 0.0596078 0.134571 0.21537 0.219144 0.148626 0.080531 0.0432163 0.0239983 0.0134234 0.00762617 0.00458077 0.00308352 0.00231205 0.00167813 0.000971718
 6.37325e-13 6.91757e-11 4.42729e-09 1.67082e-07 3.71887e-06 4.88663e-05 0.000380966 0.00180602 0.00579479 0.0167841 0.0520207 0.131584 0.217303 0.225563 0.159355 0.0920857 0.0500074 0.0248929 0.011511 0.00534889 0.00258226 0.00134443 0.00079856 0.000505894 0.000277836
 5.18197e-12 5.62453e-10 3.5997e-08 1.35842e-06 3.02271e-05 0.000396631 0.00307026 0.0140483 0.0383783 0.0656725 0.0844536 0.112325 0.150962 0.159724 0.133589 0.100925 0.0679235 0.0378952 0.0179816 0.00760115 0.00297945 0.00117074 0.000506346 0.000248283 0.000119166
 1.52479e-11 1.65501e-09 1.05921e-07 3.99711e-06 8.89409e-05 0.00116695 0.00902913 0.0412186 0.111302 0.180056 0.185273 0.149769 0.127931 0.102769 0.058259 0.0218529 0.00657114 0.00248965 0.00125917 0.000601359 0.000239403 8.17667e-05 2.61884e-05 8.89407e-06 3.25418e-06
 1.21726e-11 1.32122e-09 8.45578e-08 3.19095e-06 7.10031e-05 0.000931621 0.00720908 0.0329288 0.0891756 0.146348 0.160355 0.154592 0.160133 0.138265 0.0777239 0.0263169 0.00527697 0.000624622 4.36683e-05 1.82202e-06 5.32627e-08 4.01225e-09 1.01989e-09 2.64527e-10 6.67908e-11
 1.58793e-11 1.72355e-09 1.10307e-07 4.16264e-06 9.26242e-05 0.00121528 0.00940292 0.0429226 0.115869 0.187174 0.191326 0.151375 0.125393 0.0986194 0.0542038 0.0182721 0.00366318 0.000434645 3.06552e-05 1.30999e-06 3.60435e-08 7.35849e-10 1.30489e-11 2.2408e-13 1.00257e-14
 1.46148e-11 1.58629e-09 1.01522e-07 3.83114e-06 8.52479e-05 0.00111851 0.00865447 0.0395131 0.106763 0.173246 0.18076 0.152475 0.137249 0.112147 0.0622268 0.0210132 0.00421084 0.000498168 3.47607e-05 1.43039e-06 3.47213e-08 4.97662e-10 4.22802e-12 2.16011e-14 7.01969e-17
 1.48686e-11 1.61384e-09 1.03286e-07 3.89768e-06 8.67285e-05 0.00113793 0.0088047 0.0401975 0.10859 0.176041 0.182881 0.152255 0.13487 0.109432 0.0606161 0.0204621 0.0041001 0.00048506 3.38457e-05 1.3927e-06 3.3803e-08 4.84319e-10 4.10863e-12 2.08573e-14 6.56334e-17
 1.39979e-11 1.51934e-09 9.72375e-08 3.66944e-06 8.165e-05 0.0010713 0.0082894 0.0378501 0.10232 0.166452 0.175607 0.15301 0.143029 0.118744 0.0661409 0.0223526 0.00447992 0.000530012 3.69815e-05 1.52157e-06 3.69162e-08 5.28168e-10 4.4577e-12 2.22209e-14 6.56938e-17
 1.46125e-11 1.58604e-09 1.01507e-07 3.83054e-06 8.52346e-05 0.00111833 0.00865312 0.0395069 0.106746 0.173221 0.180741 0.152477 0.13727 0.112171 0.0622413 0.0210182 0.00421182 0.000498278 3.47669e-05 1.43043e-06 3.47034e-08 4.96424e-10 4.18718e-12 2.08259e-14 6.1079e-17
 1.62091e-11 1.75934e-09 1.12598e-07 4.24909e-06 9.45477e-05 0.00124051 0.0095981 0.0438117 0.118244 0.190806 0.194082 0.151093 0.122308 0.0950957 0.0521096 0.0175513 0.00351529 0.000415833 2.90138e-05 1.19373e-06 2.89608e-08 4.14282e-10 3.49449e-12 1.73832e-14 5.10096e-17
 1.69399e-11 1.83866e-09 1.17674e-07 4.44066e-06 9.88102e-05 0.00129644 0.0100306 0.0457819 0.123507 0.198855 0.200188 0.150459 0.11546 0.0872803 0.0474724 0.0159645 0.00319649 0.000378099 2.63807e-05 1.08539e-06 2.63323e-08 3.76676e-10 3.17714e-12 1.5802e-14 4.63423e-17
 1.68997e-11 1.8343e-09 1.17395e-07 4.43012e-06 9.85757e-05 0.00129336 0.0100068 0.0456735 0.123217 0.198412 0.199852 0.150494 0.115837 0.0877103 0.0477276 0.0160518 0.00321403 0.000380175 2.65256e-05 1.09135e-06 2.64769e-08 3.78745e-10 3.19457e-12 1.58885e-14 4.65942e-17
 1.68323e-11 1.82699e-09 1.16927e-07 4.41246e-06 9.81828e-05 0.0012882 0.00996694 0.0454919 0.122732 0.19767 0.199289 0.150552 0.116468 0.0884307 0.048155 0.0161981 0.00324342 0.000383653 2.67683e-05 1.10134e-06 2.67191e-08 3.8221e-10 3.2238e-12 1.60338e-14 4.70194e-17
 1.76026e-11 1.91059e-09 1.22278e-07 4.61438e-06 0.000102676 0.00134715 0.0104228 0.0475686 0.128279 0.206153 0.205725 0.149885 0.10925 0.080193 0.0432673 0.0145256 0.0029074 0.00034388 2.39929e-05 9.87143e-07 2.39488e-08 3.4258e-10 2.88954e-12 1.43713e-14 4.2144e-17
 1.79893e-11 1.95256e-09 1.24964e-07 4.71575e-06 0.000104931 0.00137674 0.0106517 0.0486111 0.131064 0.210412 0.208956 0.149549 0.105626 0.0760574 0.0408134 0.0136859 0.0027387 0.000323913 2.25995e-05 9.29814e-07 2.25579e-08 3.22685e-10 2.72172e-12 1.35367e-14 3.96964e-17
 1.77956e-11 1.93154e-09 1.23618e-07 4.66498e-06 0.000103802 0.00136192 0.0105371 0.048089 0.129669 0.208279 0.207338 0.149717 0.107441 0.0781286 0.0420424 0.0141064 0.00282319 0.000333913 2.32974e-05 9.58526e-07 2.32545e-08 3.32649e-10 2.80577e-12 1.39547e-14 4.09223e-17
 1.85026e-11 2.00828e-09 1.2853e-07 4.85031e-06 0.000107925 0.00141602 0.0109555 0.0499951 0.13476 0.216066 0.213245 0.149104 0.100816 0.0705675 0.0375561 0.0125713 0.00251476 0.000297406 2.07499e-05 8.53712e-07 2.07116e-08 2.96274e-10 2.49896e-12 1.24288e-14 3.64474e-17
 1.88954e-11 2.05091e-09 1.31258e-07 4.95327e-06 0.000110216 0.00144608 0.0111879 0.051054 0.137589 0.220392 0.216527 0.148764 0.0971354 0.0663671 0.0350638 0.0117185 0.00234343 0.000277126 1.93347e-05 7.95486e-07 1.9299e-08 2.76067e-10 2.32852e-12 1.15811e-14 3.39615e-17
 1.90901e-11 2.07205e-09 1.32611e-07 5.00431e-06 0.000111352 0.00146098 0.0113032 0.051579 0.138991 0.222537 0.218154 0.148595 0.0953106 0.0642844 0.0338281 0.0112957 0.00225848 0.000267071 1.8633e-05 7.66616e-07 1.85986e-08 2.66048e-10 2.24401e-12 1.11607e-14 3.2729e-17
 1.84329e-11 2.00071e-09 1.28045e-07 4.83204e-06 0.000107519 0.00141069 0.0109142 0.0498072 0.134258 0.215298 0.212663 0.149165 0.101469 0.071313 0.0379984 0.0127227 0.00254517 0.000301006 2.10011e-05 8.64046e-07 2.09623e-08 2.9986e-10 2.52921e-12 1.25792e-14 3.68891e-17
 1.86225e-11 2.0213e-09 1.29363e-07 4.88175e-06 0.000108625 0.0014252 0.0110265 0.0503185 0.135624 0.217387 0.214247 0.149 0.0996921 0.0692848 0.0367951 0.0123109 0.00246244 0.000291214 2.03178e-05 8.35932e-07 2.02803e-08 2.90103e-10 2.44691e-12 1.21699e-14 3.56884e-17
 1.94491e-11 2.11101e-09 1.35105e-07 5.09843e-06 0.000113446 0.00148845 0.0115157 0.052547 0.141577 0.226491 0.221154 0.148284 0.0919463 0.0604448 0.03155 0.0105161 0.00210186 0.000248532 1.73394e-05 7.13391e-07 1.73073e-08 2.47576e-10 2.08821e-12 1.03859e-14 3.04567e-17
 1.95516e-11 2.12213e-09 1.35816e-07 5.12528e-06 0.000114044 0.00149629 0.0115763 0.0528232 0.142314 0.227619 0.22201 0.148195 0.0909863 0.0593493 0.0308999 0.0102937 0.00205717 0.000243243 1.69703e-05 6.98204e-07 1.69389e-08 2.42306e-10 2.04376e-12 1.01648e-14 2.98083e-17
 2.02469e-11 2.19761e-09 1.40646e-07 5.30756e-06 0.0001181 0.0015495 0.0119878 0.0546979 0.147322 0.235277 0.227819 0.147592 0.0844704 0.0519129 0.0264876 0.00878387 0.00175383 0.000207339 1.44649e-05 5.95119e-07 1.44379e-08 2.0653e-10 1.74201e-12 8.664e-15 2.54072e-17
 2.02308e-11 2.19586e-09 1.40535e-07 5.30334e-06 0.000118006 0.00154827 0.0119783 0.0546544 0.147206 0.2351 0.227685 0.147606 0.0846213 0.0520851 0.0265898 0.00881884 0.00176086 0.00020817 1.45229e-05 5.97506e-07 1.44958e-08 2.07359e-10 1.749e-12 8.69875e-15 2.55092e-17
 2.08501e-11 2.26308e-09 1.44837e-07 5.46569e-06 0.000121618 0.00159566 0.0123449 0.0563242 0.151666 0.241921 0.23286 0.147069 0.0788177 0.0454616 0.0226599 0.00747407 0.00149068 0.000176191 1.22913e-05 5.0569e-07 1.22683e-08 1.75495e-10 1.48023e-12 7.36204e-15 2.15892e-17
#obs catch len freq
 4.58023e-11 4.2448e-09 2.31961e-07 7.47409e-06 0.000142001 0.00159085 0.010511 0.0409944 0.0948302 0.133383 0.127897 0.115441 0.120474 0.115743 0.0938181 0.0679822 0.0424984 0.0216898 0.00899554 0.00301616 0.000797847 0.000160707 2.3587e-05 2.4114e-06 1.6536e-07
 6.4006e-11 5.72121e-09 3.01538e-07 9.37097e-06 0.000171718 0.00185547 0.0118244 0.0444852 0.099322 0.135224 0.126978 0.114666 0.119713 0.114768 0.0935529 0.067068 0.0401404 0.0193358 0.00764961 0.00247518 0.000625594 0.000117561 1.57973e-05 1.46831e-06 9.15946e-08
 4.09688e-11 3.52592e-09 1.78928e-07 5.35393e-06 9.44642e-05 0.00098292 0.00603564 0.0219517 0.0481945 0.0698686 0.0887483 0.127456 0.166184 0.163931 0.130486 0.0899847 0.0512 0.0231296 0.00848246 0.0025433 0.000600532 0.000105873 1.3273e-05 1.13827e-06 6.48655e-08
 2.29237e-11 1.89649e-09 9.25128e-08 2.661e-06 4.51336e-05 0.000451518 0.00266771 0.00937339 0.0202894 0.0314915 0.0496983 0.0879693 0.136455 0.175421 0.187996 0.15359 0.0894491 0.0380775 0.0127086 0.00344251 0.000737427 0.000118761 1.36879e-05 1.08267e-06 5.68517e-08
 3.86052e-10 3.06542e-08 1.43523e-06 3.96224e-05 0.00064498 0.00619069 0.0350366 0.116925 0.230128 0.267358 0.184281 0.0778067 0.025041 0.0137708 0.0141556 0.0129918 0.0088665 0.00449556 0.00169134 0.00046669 9.39464e-05 1.37144e-05 1.42324e-06 1.01791e-07 4.86078e-09
 2.68079e-10 2.04015e-08 9.15479e-07 2.42228e-05 0.000377917 0.00347703 0.0188751 0.0606238 0.11687 0.144887 0.146713 0.162401 0.164601 0.113555 0.0486721 0.0136703 0.00340392 0.00119018 0.000474066 0.00014767 3.20558e-05 4.71691e-06 4.65464e-07 3.05426e-08 1.31813e-09
 6.77318e-10 4.93352e-08 2.11889e-06 5.36596e-05 0.000801262 0.00705501 0.0366315 0.112213 0.20329 0.220576 0.15265 0.086026 0.0592816 0.0490364 0.0377559 0.0226509 0.00919188 0.00235064 0.000382811 4.56849e-05 5.3422e-06 6.46866e-07 6.2208e-08 4.0206e-09 1.66286e-10
 7.69693e-10 5.35912e-08 2.20017e-06 5.32608e-05 0.000760243 0.00639913 0.0317739 0.0932431 0.163305 0.179097 0.148346 0.129194 0.11373 0.0758933 0.0365513 0.0144931 0.0051875 0.00155834 0.000351074 5.50048e-05 5.76858e-06 4.10997e-07 2.16335e-08 9.23566e-10 3.12149e-11
 1.18873e-09 7.90222e-08 3.09744e-06 7.1589e-05 0.000975622 0.00784037 0.0371663 0.104098 0.173758 0.180378 0.138479 0.11128 0.0972123 0.0726102 0.0443242 0.0217899 0.00779113 0.00187498 0.000306801 3.70653e-05 3.56195e-06 2.64729e-07 1.39093e-08 4.86431e-10 1.12069e-11
 1.59722e-09 1.0126e-07 3.78525e-06 8.34338e-05 0.00108439 0.00831134 0.0375854 0.100551 0.161326 0.165692 0.1372 0.125066 0.111685 0.0783403 0.043733 0.0201192 0.00708853 0.00177522 0.000312383 3.91475e-05 3.49443e-06 2.20284e-07 9.79761e-09 3.06927e-10 6.63506e-12
 1.92361e-09 1.16182e-07 4.13757e-06 8.68846e-05 0.00107584 0.00785653 0.0338684 0.0865927 0.134457 0.140975 0.134432 0.142716 0.133524 0.095276 0.0542653 0.0246475 0.00810926 0.00180645 0.000274634 3.00401e-05 2.45926e-06 1.48636e-07 6.33732e-09 1.83203e-10 3.50988e-12
 3.87848e-09 2.22948e-07 7.55674e-06 0.000151027 0.0017798 0.0123689 0.050718 0.123043 0.179086 0.167085 0.126346 0.107211 0.0935248 0.0691285 0.0420478 0.019625 0.00632483 0.00134138 0.000190051 1.88476e-05 1.35783e-06 7.12068e-08 2.66094e-09 6.91412e-11 1.21951e-12
 5.86408e-09 3.20531e-07 1.03306e-05 0.000196324 0.0022 0.0145391 0.0567073 0.131032 0.182826 0.168028 0.133056 0.116821 0.0938946 0.0577089 0.028029 0.0109918 0.0032099 0.000649743 9.0649e-05 8.94888e-06 6.32154e-07 3.14386e-08 1.07531e-09 2.4895e-11 3.85887e-13
 7.96431e-09 4.13598e-07 1.26647e-05 0.000228667 0.00243457 0.0152878 0.0566837 0.124801 0.16779 0.15535 0.134699 0.127841 0.103844 0.0639367 0.0312289 0.0119557 0.00324835 0.000583298 6.89841e-05 5.61985e-06 3.33096e-07 1.46258e-08 4.62525e-10 1.00922e-11 1.46824e-13
 1.21308e-08 5.98062e-07 1.73856e-05 0.000298007 0.00301215 0.0179576 0.0632262 0.132319 0.169865 0.152679 0.131795 0.123808 0.0989707 0.0610689 0.0301113 0.0113603 0.00295438 0.00049777 5.42065e-05 3.95575e-06 2.0253e-07 7.4468e-09 1.94997e-10 3.56134e-12 4.4516e-14
 1.78901e-08 8.36749e-07 2.30763e-05 0.00037526 0.00359848 0.0203548 0.0680275 0.135432 0.16705 0.149319 0.133581 0.126176 0.0977371 0.0580447 0.02749 0.00990029 0.00245044 0.000394352 4.13559e-05 2.92589e-06 1.44529e-07 5.01757e-09 1.20164e-10 1.94297e-12 2.0937e-14
 2.91411e-08 1.29228e-06 3.37905e-05 0.000520985 0.00473674 0.0254035 0.0804965 0.151931 0.177571 0.150026 0.126543 0.113647 0.085273 0.0500111 0.0233922 0.00816187 0.00192658 0.000294125 2.93049e-05 1.97835e-06 9.35924e-08 3.11457e-09 7.13488e-11 1.09755e-12 1.11393e-14
 4.14694e-08 1.7427e-06 4.31824e-05 0.00063094 0.00543633 0.027635 0.0830713 0.149353 0.169347 0.146875 0.133143 0.120908 0.086646 0.0475767 0.0207651 0.00680018 0.00152122 0.000222839 2.16166e-05 1.43674e-06 6.68853e-08 2.16487e-09 4.7585e-11 6.9596e-13 6.68454e-15
 6.71208e-08 2.67188e-06 6.27141e-05 0.000867981 0.00708423 0.0341122 0.0971294 0.165373 0.177344 0.144843 0.123524 0.10722 0.075462 0.0416612 0.018155 0.00575938 0.00121727 0.000165968 1.48465e-05 9.07384e-07 3.91145e-08 1.18893e-09 2.48705e-11 3.48621e-13 3.2095e-15
 8.94356e-08 3.37127e-06 7.49321e-05 0.000982076 0.00759089 0.0346288 0.0935836 0.152547 0.162427 0.144449 0.138326 0.121535 0.080669 0.040924 0.0163583 0.00481296 0.000954176 0.000123116 1.04903e-05 6.11327e-07 2.49328e-08 7.07673e-10 1.36743e-11 1.76337e-13 1.49713e-15
 1.41569e-07 5.05214e-06 0.000106309 0.00131908 0.00965253 0.0416875 0.106649 0.1645 0.165405 0.138391 0.125844 0.10862 0.0744884 0.0404279 0.0168916 0.00494242 0.000944487 0.000116277 9.45645e-06 5.27275e-07 2.05611e-08 5.55486e-10 1.01541e-11 1.23038e-13 9.74435e-16
 2.26182e-07 7.64052e-06 0.000152187 0.00178747 0.0123815 0.0506212 0.122629 0.179305 0.171574 0.137491 0.119131 0.0965292 0.061457 0.0308545 0.0120322 0.00334334 0.000620291 7.61629e-05 6.33541e-06 3.64385e-07 1.44356e-08 3.85737e-10 6.81538e-12 7.86741e-14 5.88703e-16
 3.06932e-07 9.8138e-06 0.000185023 0.00205697 0.0134883 0.0522327 0.120158 0.168819 0.162257 0.14162 0.131441 0.104189 0.0618953 0.0284653 0.0101305 0.00256833 0.000432043 4.75393e-05 3.51797e-06 1.81931e-07 6.67741e-09 1.7097e-10 2.96017e-12 3.37198e-14 2.47692e-16
 4.59558e-07 1.3908e-05 0.000248191 0.0026117 0.0162108 0.0594322 0.129545 0.173061 0.160087 0.137072 0.124941 0.09773 0.058775 0.0276686 0.00980495 0.00238384 0.000374439 3.76877e-05 2.49796e-06 1.13471e-07 3.62225e-09 8.09142e-11 1.23772e-12 1.26825e-14 8.5512e-17
 6.88365e-07 1.97196e-05 0.000333099 0.00331797 0.0194957 0.0676801 0.139862 0.178076 0.159722 0.135486 0.120639 0.0903398 0.0518219 0.0232525 0.00783601 0.00181477 0.000273905 2.68732e-05 1.75907e-06 7.88616e-08 2.43219e-09 5.07847e-11 7.04251e-13 6.40754e-15 3.79859e-17
 9.564e-07 2.59366e-05 0.000414748 0.00391106 0.021759 0.0715722 0.140596 0.172528 0.155682 0.138827 0.125002 0.0905148 0.0496012 0.0211525 0.00672473 0.00146066 0.000206186 1.89121e-05 1.16035e-06 4.90803e-08 1.44137e-09 2.88883e-11 3.85638e-13 3.36273e-15 1.88882e-17
 1.33723e-06 3.4334e-05 0.000519811 0.00464109 0.0244509 0.0762153 0.142335 0.168259 0.151801 0.139242 0.125415 0.0895846 0.0489033 0.020697 0.00638629 0.00132126 0.00017618 1.52306e-05 8.79864e-07 3.49501e-08 9.5997e-10 1.79379e-11 2.23157e-13 1.81768e-15 9.57443e-18
 1.83615e-06 4.46407e-05 0.000639968 0.00541078 0.0269998 0.0797949 0.141933 0.162705 0.148887 0.141524 0.127228 0.0893008 0.0481614 0.0200263 0.00598384 0.00119157 0.000153847 1.3046e-05 7.46954e-07 2.93441e-08 7.85318e-10 1.40351e-11 1.64551e-13 1.2512e-15 6.11855e-18
#spawning biomass
 27369.6 24208.5 17318.9 12822.7 24926.2 49333.8 75976.8 110044 141117 155893 134700 150198 181122 219490 218087 195154 187771 232828 249517 229104 227330 301706 304845 323411 308721 283352 245892 270180 305633 375471 56843.3 17196.4 13182.9 12817.6 12786.6 12784.1 12783.9 12783.9 12783.9 12783.9 12783.9 12783.9 12783.9 12783.9 12783.9 12783.9 12783.9 12783.9 12783.9 12783.9 12783.9 12783.9 12783.9 12783.9 12783.9 12783.9 12783.9 12783.9 12783.9 12783.9 12783.9 12783.9 12783.9 12783.9 12783.9 12783.9 12783.9 12783.9 12783.9 12783.9 12783.9 12783.9 12783.9 12783.9 12783.9 12783.9 12783.9 12783.9 12783.9 12783.9 12783.9 12783.9 12783.9 12783.9 12783.9 12783.9 12783.9 12783.9 12783.9 12783.9 12783.9 12783.9 12783.9 12783.9 12783.9 12783.9 12783.9 12783.9 12783.9 12783.9 12783.9 12783.9 12783.9 12783.9 12783.9 12783.9 12783.9 12783.9 12783.9 12783.9 12783.9 12783.9 12783.9 12783.9 12783.9 12783.9 12783.9 12783.9 12783.9 12783.9 12783.9 12783.9 12783.9 12783.9 12783.9 12783.9 12783.9 12783.9 0 0 0 0 0 0 0 0 0 0 0 0 0 0 0 0 0 0 0 0 0 0 0 0 0
