SBPRF35
0.0418769
Curr Bio
2.26467e+06
B35
1.3013e+06
F35
1.03862e+08
FOFL
1.03862e+08
OFL
3.5802e+06
Bzero
4548.07
#pred survey bio
 23801.3 17259.4 14574.4 18421.6 28110.9 50140.6 107467 136781 183428 182030 168952 158628 187930 210918 185570 204042 193173 191110 217485 231520 254554 256263 280664 270257 249060 232034 233650 233909 5.55254e+06 269111 25023.1 9792.12 9332.24 9320.88 9320.61 9320.61 9320.61 9320.61 9320.61 9320.61 9320.61 9320.61 9320.61 9320.61 9320.61 9320.61 9320.61 9320.61 9320.61 9320.61 9320.61 9320.61 9320.61 9320.61 9320.61 9320.61 9320.61 9320.61 9320.61 9320.61 9320.61 9320.61 9320.61 9320.61 9320.61 9320.61 9320.61 9320.61 9320.61 9320.61 9320.61 9320.61 9320.61 9320.61 9320.61 9320.61 9320.61 9320.61 9320.61 9320.61 9320.61 9320.61 9320.61 9320.61 9320.61 9320.61 9320.61 9320.61 9320.61 9320.61 9320.61 9320.61 9320.61 9320.61 9320.61 9320.61 9320.61 9320.61 9320.61 9320.61 9320.61 9320.61 9320.61 9320.61 9320.61 9320.61 9320.61 9320.61 9320.61 9320.61 9320.61 9320.61 9320.61 9320.61 9320.61 9320.61 9320.61 9320.61 9320.61 9320.61 9320.61 9320.61 9320.61 9320.61 9320.61 9320.61 9320.61 9320.61 0 0 0 0 0 0 0 0 0 0 0 0 0 0 0 0 0 0 0 0 0 0 0 0 0
#obs survey bio
 20087.3 22024.2 9919.11 19831.8 31216.3 46310.5 121385 150599 208925 166798 194128 146622 173771 183696 189900 194490 167063 169002 291813 259716 259513 233304 250223 214124 225347 251055 230715 260297
#pred catch bio
 24363.4 16286.5 14301.6 7003.43 11441.5 26703.3 42168.4 70802.1 108721 163812 142380 137971 142518 214715 205873 193032 206379 183214 185484 183052 215149 193657 210270 193762 215170 206113 177210 220316 3.5802e+06 6611.8 6611.8 6611.8 6611.8 6611.8 6611.8 6611.8 6611.8 6611.8 6611.8 6611.8 6611.8 6611.8 6611.8 6611.8 6611.8 6611.8 6611.8 6611.8 6611.8 6611.8 6611.8 6611.8 6611.8 6611.8 6611.8 6611.8 6611.8 6611.8 6611.8 6611.8 6611.8 6611.8 6611.8 6611.8 6611.8 6611.8 6611.8 6611.8 6611.8 6611.8 6611.8 6611.8 6611.8 6611.8 6611.8 6611.8 6611.8 6611.8 6611.8 6611.8 6611.8 6611.8 6611.8 6611.8 6611.8 6611.8 6611.8 6611.8 6611.8 6611.8 6611.8 6611.8 6611.8 6611.8 6611.8 6611.8 6611.8 6611.8 6611.8 6611.8 6611.8 6611.8 6611.8 6611.8 6611.8 6611.8 6611.8 6611.8 6611.8 6611.8 6611.8 6611.8 6611.8 6611.8 6611.8 6611.8 6611.8 6611.8 6611.8 6611.8 6611.8 6611.8 6611.8 6611.8 6611.8 6611.8 6611.8 6611.8 0 0 0 0 0 0 0 0 0 0 0 0 0 0 0 0 0 0 0 0 0 0 0 0 0
#obs catch bio
 16028 15942.8 14885.1 7143.81 11264.5 27145.6 41664.1 70777.2 106845 164953 142680 138572 139436 215123 207139 190468 207290 182897 185025 181127 216487 192710 209763 192075 216251 207079 175906 221007
#pred cpue bio
 24505.1 18001.2 15366.4 18786.1 26919.9 48783.2 103046 131117 177870 179203 165131 152317 179240 202370 177121 193181 182529 179324 202077 214883 235686 235186 256698 247308 226285 209643 210158 209751 5.00761e+06 284393 25386 8857.02 8383.9 8372.47 8372.2 8372.19 8372.19 8372.19 8372.19 8372.19 8372.19 8372.19 8372.19 8372.19 8372.19 8372.19 8372.19 8372.19 8372.19 8372.19 8372.19 8372.19 8372.19 8372.19 8372.19 8372.19 8372.19 8372.19 8372.19 8372.19 8372.19 8372.19 8372.19 8372.19 8372.19 8372.19 8372.19 8372.19 8372.19 8372.19 8372.19 8372.19 8372.19 8372.19 8372.19 8372.19 8372.19 8372.19 8372.19 8372.19 8372.19 8372.19 8372.19 8372.19 8372.19 8372.19 8372.19 8372.19 8372.19 8372.19 8372.19 8372.19 8372.19 8372.19 8372.19 8372.19 8372.19 8372.19 8372.19 8372.19 8372.19 8372.19 8372.19 8372.19 8372.19 8372.19 8372.19 8372.19 8372.19 8372.19 8372.19 8372.19 8372.19 8372.19 8372.19 8372.19 8372.19 8372.19 8372.19 8372.19 8372.19 8372.19 8372.19 8372.19 8372.19 8372.19 8372.19 8372.19 0 0 0 0 0 0 0 0 0 0 0 0 0 0 0 0 0 0 0 0 0 0 0 0 0
#obs cpue bio
 27372 21773.4 12186.4 19118.1 27240.3 46920.2 103898 119191 172756 189742 140481 159785 209724 242712 162400 217144 208123 199166 154615 196738 231103 258782 296510 321872 247625 188542 218556 186702
#pred surv len freq
 5.15863e-12 5.5992e-10 3.58348e-08 1.3523e-06 3.00907e-05 0.000394827 0.00305574 0.0139688 0.0379824 0.0635693 0.0754314 0.0873792 0.109092 0.116706 0.105543 0.0913426 0.0751867 0.0578056 0.0432805 0.0325382 0.0254024 0.0211999 0.0181634 0.013875 0.00805084
 7.40302e-12 8.03527e-10 5.14256e-08 1.94065e-06 4.31823e-05 0.000566602 0.00438501 0.0200417 0.0544451 0.0907185 0.10579 0.118135 0.142447 0.145992 0.120535 0.0887871 0.0562032 0.0280068 0.0117987 0.00509959 0.00263163 0.00168758 0.0012544 0.000906808 0.000522857
 4.90298e-12 5.32171e-10 3.40589e-08 1.28528e-06 2.85998e-05 0.000375284 0.00290525 0.0132987 0.0364053 0.0628922 0.0835234 0.116552 0.160427 0.170147 0.140639 0.102679 0.0639073 0.0303946 0.0110945 0.00334499 0.000899051 0.00026408 0.000115624 6.79911e-05 3.68689e-05
 1.34251e-11 1.45717e-09 9.32587e-08 3.51929e-06 7.83087e-05 0.00102744 0.00794935 0.0362813 0.097859 0.157421 0.157896 0.117887 0.0938951 0.0879603 0.0831363 0.0721949 0.0494125 0.024427 0.00906595 0.00269959 0.000648343 0.000126001 2.28451e-05 5.73415e-06 2.19703e-06
 1.95133e-11 2.11798e-09 1.3555e-07 5.11525e-06 0.00011382 0.00149336 0.0115535 0.0527159 0.141982 0.226738 0.219505 0.142185 0.0819677 0.0529277 0.0322724 0.0176115 0.00974409 0.00533269 0.00255541 0.00096309 0.000268542 5.55304e-05 8.83124e-06 1.16564e-06 1.66042e-07
 1.76024e-11 1.91057e-09 1.22277e-07 4.61433e-06 0.000102675 0.00134713 0.0104226 0.0475657 0.128244 0.205876 0.204415 0.146281 0.103756 0.0765409 0.0447762 0.0195662 0.00738018 0.00258843 0.0008089 0.000236721 6.74075e-05 1.66808e-05 3.16562e-06 4.38589e-07 4.53515e-08
 1.92204e-11 2.08619e-09 1.33516e-07 5.03848e-06 0.000112112 0.00147095 0.0113802 0.0519276 0.139891 0.223659 0.217756 0.14439 0.0878754 0.0588529 0.0349386 0.0169501 0.00729588 0.00262928 0.000700776 0.000138378 2.27995e-05 3.5691e-06 5.56616e-07 7.97574e-08 9.09234e-09
 1.91171e-11 2.07498e-09 1.32798e-07 5.0114e-06 0.00011151 0.00146304 0.0113191 0.0516498 0.139157 0.222602 0.217278 0.145539 0.0904441 0.0609704 0.0350289 0.0155837 0.00603353 0.00208459 0.000579736 0.00012599 2.17849e-05 2.92556e-06 3.02187e-07 2.61105e-08 2.12512e-09
 1.7986e-11 1.95221e-09 1.24941e-07 4.71489e-06 0.000104912 0.00137649 0.0106497 0.0485999 0.131006 0.210101 0.207619 0.145949 0.100184 0.0725348 0.0425369 0.0189193 0.00722828 0.00241492 0.000626546 0.000121998 1.89929e-05 2.44687e-06 2.52897e-07 2.02843e-08 1.25059e-09
 1.63945e-11 1.77946e-09 1.13885e-07 4.29769e-06 9.56289e-05 0.0012547 0.00970765 0.0443077 0.119528 0.192435 0.193674 0.145549 0.112397 0.0878098 0.0535003 0.0249776 0.0101386 0.00350954 0.000910396 0.000171703 2.50626e-05 2.94051e-06 2.71444e-07 1.95243e-08 1.10792e-09
 1.72442e-11 1.8717e-09 1.19788e-07 4.52044e-06 0.000100585 0.00131972 0.0102106 0.046599 0.125651 0.201826 0.200925 0.145228 0.105069 0.0791482 0.0479439 0.0225579 0.00924645 0.00319427 0.000809855 0.000144836 1.9437e-05 2.07016e-06 1.72224e-07 1.0901e-08 5.30215e-10
 1.89735e-11 2.05939e-09 1.318e-07 4.97374e-06 0.000110672 0.00145205 0.0112341 0.0512624 0.138121 0.221006 0.216013 0.145489 0.0915369 0.0623823 0.0361169 0.0162296 0.0063008 0.0021034 0.000527443 9.43604e-05 1.26797e-05 1.33636e-06 1.07362e-07 6.35174e-09 2.79262e-10
 1.94856e-11 2.11497e-09 1.35358e-07 5.10799e-06 0.000113659 0.00149124 0.0115372 0.0526439 0.14182 0.226736 0.220717 0.146212 0.0885093 0.0580551 0.0323116 0.0134214 0.00462403 0.00140338 0.000333734 5.71657e-05 7.29502e-06 7.32942e-07 5.71915e-08 3.33034e-09 1.43714e-10
 1.89365e-11 2.05537e-09 1.31544e-07 4.96405e-06 0.000110456 0.00144922 0.0112122 0.0511633 0.137863 0.220671 0.216047 0.146463 0.0933149 0.063711 0.0359125 0.0149486 0.00514215 0.0015523 0.000364377 6.06792e-05 7.38223e-06 7.01877e-07 5.23254e-08 2.94035e-09 1.23066e-10
 1.93834e-11 2.10388e-09 1.34648e-07 5.0812e-06 0.000113063 0.00148342 0.0114767 0.0523686 0.141086 0.225631 0.219959 0.146564 0.0898691 0.059415 0.0328484 0.0132719 0.00433819 0.0012431 0.000278679 4.33752e-05 4.68787e-06 3.80006e-07 2.43197e-08 1.20009e-09 4.43788e-11
 2.00638e-11 2.17773e-09 1.39375e-07 5.25956e-06 0.000117032 0.00153549 0.0118795 0.0542034 0.145991 0.233161 0.225816 0.146449 0.0842128 0.0526024 0.028298 0.0110987 0.00345118 0.000940552 0.00020411 3.08209e-05 3.16673e-06 2.36572e-07 1.36899e-08 6.04196e-10 1.94544e-11
 2.02194e-11 2.19462e-09 1.40456e-07 5.30036e-06 0.000117939 0.0015474 0.0119716 0.054623 0.147113 0.234885 0.227165 0.146448 0.082958 0.0510689 0.0272435 0.010563 0.00321649 0.000858022 0.000184193 2.7741e-05 2.85431e-06 2.13726e-07 1.23403e-08 5.37049e-10 1.67209e-11
 2.07641e-11 2.25374e-09 1.44239e-07 5.44314e-06 0.000121116 0.00158908 0.0122939 0.0560917 0.151038 0.240909 0.231834 0.1463 0.0783455 0.0455604 0.0236273 0.0089041 0.00257576 0.000648055 0.000133749 1.95152e-05 1.91278e-06 1.32446e-07 6.99839e-09 2.84823e-10 8.49605e-12
 2.15042e-11 2.33408e-09 1.49381e-07 5.63716e-06 0.000125434 0.00164572 0.012732 0.0580874 0.15637 0.249078 0.2381 0.145884 0.0717514 0.0378643 0.018818 0.00696474 0.00197287 0.000484837 9.86437e-05 1.43022e-05 1.39544e-06 9.59447e-08 5.00818e-09 1.99833e-10 5.77244e-12
 2.15707e-11 2.34129e-09 1.49842e-07 5.65458e-06 0.000125821 0.00165081 0.0127713 0.0582666 0.15685 0.249819 0.238698 0.145943 0.0713062 0.0372675 0.0183375 0.00664747 0.0017983 0.000416605 8.17166e-05 1.17188e-05 1.14776e-06 8.00019e-08 4.25229e-09 1.72239e-10 5.02445e-12
 2.17488e-11 2.36062e-09 1.5108e-07 5.70127e-06 0.00012686 0.00166444 0.0128767 0.0587468 0.158133 0.251782 0.240192 0.145805 0.0696617 0.0353786 0.0171994 0.00623709 0.00170051 0.000398276 7.85922e-05 1.12569e-05 1.09314e-06 7.49661e-08 3.91283e-09 1.57019e-10 4.6011e-12
 2.23475e-11 2.42561e-09 1.55239e-07 5.85822e-06 0.000130352 0.00171025 0.0132311 0.0603611 0.162446 0.25839 0.245262 0.14547 0.0643301 0.0291548 0.0133086 0.00466617 0.00121084 0.000265211 4.98228e-05 6.9404e-06 6.55492e-07 4.3027e-08 2.12053e-09 8.07222e-11 2.2677e-12
 2.25674e-11 2.44947e-09 1.56766e-07 5.91585e-06 0.000131635 0.00172708 0.0133612 0.0609539 0.16403 0.260818 0.247129 0.145363 0.0623957 0.0268843 0.0118718 0.00406616 0.00101167 0.000207828 3.71297e-05 5.05344e-06 4.71924e-07 3.06373e-08 1.48825e-09 5.57375e-11 1.53695e-12
 2.25296e-11 2.44537e-09 1.56503e-07 5.90595e-06 0.000131414 0.00172419 0.0133389 0.0608521 0.163758 0.260404 0.246822 0.14542 0.062787 0.0273122 0.0120993 0.00411194 0.000997523 0.000196013 3.36298e-05 4.4615e-06 4.06042e-07 2.52674e-08 1.15599e-09 4.09252e-11 1.08738e-12
 2.2988e-11 2.49513e-09 1.59688e-07 6.02612e-06 0.000134088 0.00175926 0.0136102 0.0620881 0.16706 0.265457 0.250671 0.145073 0.0585682 0.0224591 0.00916512 0.0030419 0.000734637 0.000144299 2.47278e-05 3.26404e-06 2.93128e-07 1.77211e-08 7.73231e-10 2.59461e-11 6.57206e-13
 2.33229e-11 2.53148e-09 1.62014e-07 6.11391e-06 0.000136042 0.00178489 0.0138084 0.0629911 0.169473 0.269152 0.2535 0.144866 0.0555561 0.0189584 0.00699803 0.00219155 0.000484916 8.0903e-05 1.16623e-05 1.39108e-06 1.17904e-07 6.66298e-09 2.61376e-10 7.70752e-12 1.74718e-13
 2.35871e-11 2.56015e-09 1.63849e-07 6.18316e-06 0.000137583 0.00180511 0.0139647 0.0637033 0.171375 0.272064 0.255718 0.144668 0.053127 0.0161629 0.00530636 0.00157278 0.000331673 5.03759e-05 6.38126e-06 6.92127e-07 5.53507e-08 2.92159e-09 1.01317e-10 2.47493e-12 4.60488e-14
 2.37628e-11 2.57922e-09 1.6507e-07 6.22921e-06 0.000138607 0.00181855 0.0140687 0.064177 0.172641 0.273999 0.25719 0.144527 0.0514981 0.0142953 0.00418583 0.00117441 0.00024082 3.50007e-05 4.14109e-06 4.24775e-07 3.30403e-08 1.71438e-09 5.80415e-11 1.35915e-12 2.38481e-14
#obs surv len freq
 4.47495e-11 4.14723e-09 2.26629e-07 7.30229e-06 0.000138737 0.00155429 0.0102696 0.0400556 0.0926926 0.130624 0.126277 0.116186 0.123099 0.118744 0.0959968 0.0687992 0.0421438 0.0210132 0.00859222 0.00287501 0.00075851 0.000150333 2.13774e-05 2.09719e-06 1.37622e-07
 3.17954e-11 2.84205e-09 1.49791e-07 4.65511e-06 8.53042e-05 0.000921827 0.00587753 0.0221724 0.0502157 0.073305 0.0885037 0.120248 0.157493 0.160439 0.132542 0.0944924 0.0550909 0.0253169 0.00947597 0.00293654 0.000724927 0.000134676 1.79108e-05 1.63781e-06 9.9755e-08
 1.67018e-11 1.43741e-09 7.29435e-08 2.18265e-06 3.85114e-05 0.000400775 0.00246277 0.00899185 0.0201361 0.0318017 0.0498514 0.0880121 0.13592 0.171435 0.182463 0.15282 0.0933579 0.0421025 0.0148557 0.00422051 0.000946035 0.000160331 1.96004e-05 1.65486e-06 9.31654e-08
 2.65833e-10 2.19924e-08 1.07281e-06 3.08575e-05 0.000523342 0.00523357 0.0308603 0.107301 0.220032 0.266339 0.191281 0.0841438 0.028064 0.0156123 0.0162542 0.015218 0.0106015 0.00553052 0.00217538 0.00063645 0.000136673 2.12885e-05 2.3566e-06 1.80123e-07 9.22348e-09
 1.96608e-10 1.56116e-08 7.30934e-07 2.0179e-05 0.000328483 0.00315323 0.0178567 0.0597828 0.119651 0.151228 0.148434 0.156074 0.158674 0.113417 0.0507424 0.0148246 0.00375318 0.0013081 0.000532216 0.000173212 3.98484e-05 6.27485e-06 6.66363e-07 4.71647e-08 2.19704e-09
 4.28038e-10 3.25748e-08 1.46173e-06 3.8676e-05 0.000603398 0.00555091 0.0301141 0.0963978 0.182626 0.208003 0.153722 0.0966437 0.0736769 0.061867 0.0468415 0.0282752 0.011852 0.00316926 0.000540839 6.72253e-05 8.14873e-06 1.03764e-06 1.06601e-07 7.41999e-09 3.3195e-10
 5.65895e-10 4.12193e-08 1.77032e-06 4.48323e-05 0.000669456 0.00589474 0.0306143 0.0938975 0.171217 0.191947 0.152702 0.120101 0.10212 0.0707796 0.0365366 0.0155585 0.0057576 0.00171457 0.000378852 5.91654e-05 6.3308e-06 4.68768e-07 2.60024e-08 1.18504e-09 4.31648e-11
 8.15288e-10 5.67658e-08 2.3305e-06 5.64158e-05 0.000805274 0.006778 0.0336507 0.0986845 0.172236 0.185757 0.144854 0.114896 0.099249 0.072182 0.0417339 0.0197851 0.00716213 0.00180711 0.000314749 4.03045e-05 4.02403e-06 3.06322e-07 1.65287e-08 6.00485e-10 1.45669e-11
 9.72909e-10 6.46755e-08 2.5351e-06 5.85919e-05 0.000798507 0.00641746 0.0304318 0.0853903 0.143863 0.156016 0.138503 0.135855 0.127376 0.0911611 0.0506287 0.0230455 0.00807346 0.00199341 0.000340187 4.12964e-05 3.6588e-06 2.36515e-07 1.1008e-08 3.62496e-10 8.22059e-12
 1.30174e-09 8.25266e-08 3.08499e-06 6.79989e-05 0.000883795 0.00677429 0.0306446 0.0821217 0.132893 0.141892 0.131717 0.137456 0.132757 0.100052 0.0606303 0.0292352 0.0101253 0.00234307 0.000362423 3.92745e-05 3.12403e-06 1.83395e-07 7.71403e-09 2.24942e-10 4.44344e-12
 2.40956e-09 1.45532e-07 5.18282e-06 0.000108833 0.00134759 0.00984 0.0423955 0.108088 0.165469 0.16303 0.131489 0.118432 0.105907 0.0772683 0.0459653 0.0215808 0.00720331 0.00160396 0.000239329 2.49105e-05 1.86702e-06 1.00555e-07 3.80689e-09 9.92634e-11 1.75422e-12
 3.64583e-09 2.09575e-07 7.10346e-06 0.000141968 0.00167306 0.0116277 0.0476929 0.115876 0.169909 0.16381 0.135715 0.124961 0.105703 0.0683404 0.034848 0.0143074 0.00434405 0.000902078 0.000127018 1.25511e-05 8.95347e-07 4.58193e-08 1.63654e-09 3.97659e-11 6.45302e-13
 5.24511e-09 2.86698e-07 9.24021e-06 0.000175602 0.00196781 0.0130054 0.0507413 0.117434 0.165147 0.156975 0.135484 0.129308 0.108222 0.0686718 0.0344585 0.0136737 0.00389277 0.000734779 9.09219e-05 7.66547e-06 4.64133e-07 2.06663e-08 6.64104e-10 1.48578e-11 2.24255e-13
 6.95529e-09 3.61198e-07 1.10602e-05 0.000199698 0.00212618 0.0133526 0.0495328 0.10933 0.148778 0.144446 0.138178 0.14125 0.118812 0.0755725 0.0382998 0.0150839 0.00417038 0.000758566 9.05903e-05 7.35486e-06 4.2055e-07 1.70552e-08 4.82147e-10 9.32336e-12 1.21852e-13
 1.20298e-08 5.93083e-07 1.72409e-05 0.000295526 0.00298707 0.0178082 0.0627012 0.131232 0.168545 0.151767 0.131558 0.124204 0.0999627 0.062355 0.0311038 0.0118126 0.00307468 0.000516161 5.57776e-05 4.02591e-06 2.0373e-07 7.41147e-09 1.91388e-10 3.40422e-12 4.06175e-14
 1.62912e-08 7.61968e-07 2.1014e-05 0.000341725 0.00327698 0.0185387 0.0619982 0.123829 0.155062 0.146159 0.142476 0.140165 0.107363 0.0610807 0.0274503 0.00952367 0.00230819 0.000365676 3.76299e-05 2.59533e-06 1.24505e-07 4.20746e-09 9.86427e-11 1.56942e-12 1.66909e-14
 2.56604e-08 1.13792e-06 2.97544e-05 0.00045876 0.00417111 0.0223735 0.0709505 0.134431 0.159957 0.143965 0.134962 0.129205 0.0994343 0.0593615 0.0281411 0.0098601 0.002314 0.000347418 3.35722e-05 2.16624e-06 9.71855e-08 3.07717e-09 6.76812e-11 1.00766e-12 9.95321e-15
 3.98518e-08 1.67472e-06 4.1498e-05 0.00060633 0.00522433 0.0265586 0.0798544 0.143736 0.163837 0.144598 0.134655 0.124775 0.0913405 0.0516984 0.0232557 0.00776963 0.00176007 0.000260738 2.56042e-05 1.71912e-06 8.01415e-08 2.56269e-09 5.49188e-11 7.75738e-13 7.16576e-15
 5.99166e-08 2.3851e-06 5.59829e-05 0.000774828 0.00632423 0.0304598 0.0868304 0.148675 0.163487 0.14438 0.136452 0.123359 0.0860301 0.0460793 0.0195115 0.00609925 0.00128574 0.000176314 1.59787e-05 9.95463e-07 4.3845e-08 1.3583e-09 2.87983e-11 4.06331e-13 3.73665e-15
 7.83125e-08 2.95199e-06 6.56129e-05 0.000859948 0.00664732 0.0303337 0.0820992 0.13479 0.147884 0.142211 0.147815 0.135653 0.0934616 0.0497118 0.0207442 0.00627282 0.00126657 0.000166567 1.45586e-05 8.75551e-07 3.68737e-08 1.07619e-09 2.12819e-11 2.7996e-13 2.41873e-15
 1.31199e-07 4.68204e-06 9.85218e-05 0.00122246 0.00894593 0.0386443 0.0989702 0.153438 0.157613 0.1395 0.134308 0.11818 0.0809315 0.0436095 0.0181109 0.00528121 0.00100732 0.000123871 1.00765e-05 5.63932e-07 2.2201e-08 6.09492e-10 1.138e-11 1.4122e-13 1.14546e-15
 1.92873e-07 6.51534e-06 0.000129776 0.00152428 0.0105597 0.0431977 0.104939 0.155465 0.156848 0.142974 0.139399 0.116945 0.0737148 0.0360734 0.0137237 0.00373584 0.000677508 8.0629e-05 6.44363e-06 3.55651e-07 1.36396e-08 3.574e-10 6.26253e-12 7.22926e-14 5.44252e-16
 2.54295e-07 8.1308e-06 0.000153294 0.00170429 0.0111774 0.0433183 0.100031 0.143007 0.146629 0.145738 0.149683 0.124822 0.0777356 0.0377033 0.0139761 0.00362262 0.000616446 6.83321e-05 5.0768e-06 2.61694e-07 9.46902e-09 2.36621e-10 3.97818e-12 4.40307e-14 3.15758e-16
 3.84113e-07 1.16248e-05 0.000207448 0.00218304 0.0135524 0.0497271 0.108818 0.147985 0.146045 0.141699 0.142211 0.117517 0.0747344 0.0373046 0.0138533 0.00350503 0.000578336 6.25947e-05 4.57855e-06 2.31726e-07 8.10215e-09 1.91947e-10 3.02119e-12 3.11777e-14 2.08836e-16
 5.65135e-07 1.61895e-05 0.000273472 0.00272418 0.0160111 0.0556551 0.115716 0.15136 0.148844 0.147592 0.144782 0.11149 0.0642975 0.0288695 0.00973297 0.0022574 0.000342099 3.38993e-05 2.2668e-06 1.0559e-07 3.44741e-09 7.73649e-11 1.16226e-12 1.14416e-14 7.2645e-17
 8.28021e-07 2.24552e-05 0.000359081 0.00338628 0.0188435 0.0620473 0.122483 0.15351 0.148233 0.146599 0.140848 0.105823 0.0602666 0.0266783 0.00869045 0.00191141 0.000271821 2.51079e-05 1.55417e-06 6.6481e-08 1.97989e-09 4.04112e-11 5.53084e-13 4.98792e-15 2.92395e-17
 1.20613e-06 3.09682e-05 0.000468857 0.00418635 0.0220603 0.0688385 0.129204 0.155978 0.149692 0.148705 0.138622 0.0988313 0.0530388 0.0220391 0.00672117 0.00138238 0.000183722 1.5841e-05 9.13043e-07 3.62269e-08 9.96106e-10 1.86824e-11 2.33868e-13 1.92113e-15 1.02285e-17
 1.40068e-06 3.40538e-05 0.000488213 0.00412847 0.0206183 0.0611732 0.11074 0.136002 0.147498 0.165881 0.157651 0.109132 0.0563757 0.0224015 0.00646188 0.00124616 0.000154405 1.23507e-05 6.57131e-07 2.39767e-08 6.05368e-10 1.04259e-11 1.19823e-13 9.02719e-16 4.40049e-18
#pred catch len freq
 6.57408e-12 7.13553e-10 4.56673e-08 1.72335e-06 3.8347e-05 0.000503158 0.00389404 0.0177984 0.0483605 0.0806565 0.0943962 0.106105 0.128062 0.129848 0.105359 0.0795196 0.0587148 0.0414484 0.0291219 0.021118 0.0162171 0.0134511 0.0115041 0.00878448 0.00509671
 8.06891e-12 8.75803e-10 5.60513e-08 2.11521e-06 4.70665e-05 0.000617566 0.00477939 0.0218434 0.0593277 0.0987588 0.11471 0.126832 0.150564 0.149215 0.114385 0.0763916 0.044991 0.0212599 0.00841463 0.00340898 0.00169094 0.00106866 0.000791446 0.000571733 0.000329615
 5.35094e-12 5.80793e-10 3.71707e-08 1.40271e-06 3.12128e-05 0.000409571 0.00317065 0.0145129 0.0397194 0.0685389 0.0906522 0.125507 0.170597 0.175351 0.134921 0.0895362 0.0519908 0.0235964 0.00819938 0.00234669 0.000604607 0.000172203 7.41974e-05 4.34692e-05 2.35605e-05
 1.32026e-11 1.43302e-09 9.17131e-08 3.46097e-06 7.70109e-05 0.00101042 0.00781771 0.0356825 0.096272 0.155094 0.156623 0.119702 0.0985108 0.0922327 0.0843631 0.07084 0.0474388 0.0229636 0.0082826 0.002392 0.000561362 0.000107375 1.9217e-05 4.77849e-06 1.82553e-06
 1.92661e-11 2.09115e-09 1.33834e-07 5.05046e-06 0.000112379 0.00147445 0.0114072 0.0520498 0.140206 0.22405 0.217604 0.142855 0.0850088 0.0561614 0.0339054 0.017736 0.00926299 0.0048261 0.0022317 0.00082252 0.0002262 4.62892e-05 7.29851e-06 9.56955e-07 1.3565e-07
 1.73376e-11 1.88183e-09 1.20437e-07 4.54491e-06 0.00010113 0.00132687 0.0102659 0.0468519 0.12634 0.202991 0.202354 0.146928 0.106878 0.0798128 0.0463148 0.019588 0.00697875 0.00231519 0.000688997 0.000191573 5.24905e-05 1.27505e-05 2.40077e-06 3.31316e-07 3.41732e-08
 1.89135e-11 2.05288e-09 1.31384e-07 4.95802e-06 0.000110322 0.00144746 0.0111986 0.0511002 0.137683 0.220295 0.215274 0.144886 0.0911011 0.0623682 0.0367907 0.0172955 0.00714329 0.0025006 0.000652445 0.0001253 1.98854e-05 3.00654e-06 4.58811e-07 6.50954e-08 7.3933e-09
 1.89099e-11 2.05249e-09 1.31359e-07 4.95707e-06 0.000110301 0.00144719 0.0111965 0.0510913 0.137668 0.220346 0.215671 0.146063 0.092912 0.0635386 0.0362046 0.0155543 0.00569174 0.00187309 0.000502473 0.000105296 1.75909e-05 2.30532e-06 2.34182e-07 1.99527e-08 1.60658e-09
 1.78369e-11 1.93602e-09 1.23905e-07 4.67579e-06 0.000104042 0.00136508 0.0105614 0.0481981 0.129937 0.208498 0.206565 0.146607 0.102385 0.0746576 0.0432463 0.0184881 0.0066341 0.00210442 0.000527686 9.92253e-05 1.48301e-05 1.84578e-06 1.86628e-07 1.47709e-08 9.02982e-10
 1.66616e-11 1.80846e-09 1.15741e-07 4.36771e-06 9.7187e-05 0.00127514 0.00986579 0.0450289 0.121465 0.195484 0.196415 0.146718 0.112023 0.0863412 0.0511543 0.0223756 0.00827572 0.00267231 0.000665271 0.000120627 1.6797e-05 1.88973e-06 1.69641e-07 1.19837e-08 6.71669e-10
 1.7448e-11 1.89381e-09 1.21204e-07 4.57386e-06 0.000101774 0.00133532 0.0103312 0.0471493 0.12713 0.204164 0.203071 0.146271 0.105013 0.0781729 0.0460722 0.0203433 0.00763698 0.00247675 0.000606162 0.000104887 1.34839e-05 1.37586e-06 1.11066e-07 6.89722e-09 3.31001e-10
 1.91462e-11 2.07814e-09 1.33e-07 5.01902e-06 0.000111679 0.00146527 0.0113363 0.0517286 0.139372 0.222971 0.217754 0.146159 0.0911621 0.0613433 0.0346331 0.0146659 0.00520497 0.00161954 0.000390204 6.74031e-05 8.6727e-06 8.76504e-07 6.84237e-08 3.97587e-09 1.72508e-10
 1.95149e-11 2.11816e-09 1.35562e-07 5.11568e-06 0.00011383 0.00149349 0.0115546 0.0527234 0.142035 0.227093 0.221122 0.146626 0.0889014 0.0581739 0.0319155 0.0127184 0.00406397 0.00114881 0.000261926 4.34227e-05 5.32483e-06 5.13286e-07 3.88635e-08 2.22104e-09 9.46085e-11
 1.92415e-11 2.08848e-09 1.33663e-07 5.04401e-06 0.000112235 0.00147257 0.0113928 0.0519863 0.140067 0.224084 0.218849 0.146894 0.0915116 0.061131 0.0336397 0.0132701 0.00414357 0.00114074 0.000254057 4.08056e-05 4.7551e-06 4.30812e-07 3.09361e-08 1.69832e-09 6.99919e-11
 1.97321e-11 2.14173e-09 1.37071e-07 5.17262e-06 0.000115097 0.00151011 0.0116831 0.0533092 0.143603 0.229517 0.223087 0.146853 0.0874973 0.0562627 0.030344 0.0116469 0.00345141 0.000893763 0.000189121 2.84937e-05 2.97191e-06 2.29667e-07 1.40322e-08 6.70853e-10 2.43212e-11
 2.02463e-11 2.19754e-09 1.40642e-07 5.30739e-06 0.000118096 0.00154945 0.0119875 0.0546955 0.147308 0.235199 0.227476 0.146663 0.0830681 0.0510148 0.0269555 0.0101544 0.00290834 0.000723018 0.000148544 2.17934e-05 2.17555e-06 1.5601e-07 8.63696e-09 3.69041e-10 1.16489e-11
 2.0489e-11 2.22388e-09 1.42328e-07 5.37102e-06 0.000119512 0.00156803 0.0121311 0.05535 0.149058 0.237883 0.229556 0.146594 0.0810074 0.0485563 0.0253448 0.0094195 0.00262726 0.000632267 0.000127363 1.85588e-05 1.85073e-06 1.32735e-07 7.32058e-09 3.08268e-10 9.41109e-12
 2.09259e-11 2.2713e-09 1.45363e-07 5.48555e-06 0.00012206 0.00160146 0.0123897 0.0565281 0.152206 0.24271 0.233276 0.146407 0.0772035 0.0440706 0.0224777 0.00818935 0.00219857 0.000502503 9.73403e-05 1.37669e-05 1.31509e-06 8.77726e-08 4.43323e-09 1.7388e-10 5.0694e-12
 2.15785e-11 2.34214e-09 1.49897e-07 5.65663e-06 0.000125867 0.0016514 0.012776 0.0582877 0.156907 0.249909 0.238779 0.14598 0.0712981 0.037226 0.018267 0.00656774 0.00174158 0.000391995 7.5127e-05 1.05735e-05 1.0069e-06 6.68792e-08 3.34576e-09 1.2893e-10 3.64562e-12
 2.16064e-11 2.34517e-09 1.50091e-07 5.66395e-06 0.00012603 0.00165354 0.0127925 0.058363 0.157109 0.250222 0.23904 0.146031 0.0711514 0.0370012 0.0180517 0.0063951 0.00163517 0.000348661 6.42747e-05 8.92606e-06 8.52243e-07 5.73726e-08 2.92627e-09 1.14705e-10 3.28028e-12
 2.18171e-11 2.36804e-09 1.51554e-07 5.71918e-06 0.000127258 0.00166966 0.0129172 0.0589311 0.158626 0.252544 0.240809 0.145872 0.0692123 0.0347706 0.0167033 0.00590352 0.00151443 0.000324819 6.00871e-05 8.3299e-06 7.88809e-07 5.22523e-08 2.61333e-09 1.01237e-10 2.90247e-12
 2.23628e-11 2.42727e-09 1.55345e-07 5.86222e-06 0.000130441 0.00171142 0.0132401 0.0604024 0.162557 0.258564 0.245414 0.145525 0.0642905 0.0290579 0.0131774 0.00453217 0.0011192 0.000226461 3.98974e-05 5.37773e-06 4.96491e-07 3.16147e-08 1.49679e-09 5.49596e-11 1.50855e-12
 2.25782e-11 2.45064e-09 1.56841e-07 5.91868e-06 0.000131698 0.0017279 0.0133676 0.0609831 0.164108 0.260941 0.247237 0.145402 0.0623691 0.0268167 0.0117788 0.00397033 0.000945941 0.000180019 3.0012e-05 3.93559e-06 3.58838e-07 2.26058e-08 1.05533e-09 3.81175e-11 1.02677e-12
 2.25301e-11 2.44543e-09 1.56507e-07 5.90608e-06 0.000131417 0.00172422 0.0133392 0.0608535 0.163762 0.260413 0.246842 0.145461 0.0628451 0.0273472 0.0120753 0.00404967 0.000945778 0.000173015 2.76868e-05 3.53495e-06 3.14578e-07 1.90633e-08 8.40022e-10 2.86312e-11 7.41024e-13
 2.30302e-11 2.49971e-09 1.59981e-07 6.03718e-06 0.000134334 0.00176249 0.0136352 0.0622019 0.167364 0.265925 0.251037 0.145075 0.0582309 0.0220451 0.00887804 0.00289355 0.000668495 0.000120872 1.91027e-05 2.41327e-06 2.11673e-07 1.24692e-08 5.23678e-10 1.68513e-11 4.13956e-13
 2.33582e-11 2.53531e-09 1.62259e-07 6.12315e-06 0.000136247 0.00178759 0.0138293 0.0630861 0.169727 0.269541 0.2538 0.144852 0.0552506 0.0185973 0.00676607 0.00209077 0.000449156 7.00283e-05 9.21542e-06 1.03285e-06 8.49503e-08 4.69239e-09 1.7818e-10 5.03487e-12 1.09941e-13
 2.35937e-11 2.56087e-09 1.63896e-07 6.1849e-06 0.000137621 0.00180562 0.0139687 0.0637213 0.171423 0.272137 0.255776 0.144669 0.0530746 0.0160982 0.00526082 0.0015486 0.000320592 4.64044e-05 5.43177e-06 5.51939e-07 4.27643e-08 2.21914e-09 7.54019e-11 1.78201e-12 3.1847e-14
 2.37864e-11 2.58179e-09 1.65234e-07 6.23541e-06 0.000138745 0.00182036 0.0140827 0.0642407 0.172811 0.27426 0.257389 0.144511 0.0512841 0.0140473 0.00403334 0.00111576 0.000224356 3.10522e-05 3.3607e-06 3.1698e-07 2.36083e-08 1.19974e-09 3.97902e-11 9.01573e-13 1.51548e-14
#obs catch len freq
 4.74311e-11 4.39575e-09 2.40209e-07 7.73987e-06 0.000147051 0.00164742 0.0108845 0.0424461 0.0981272 0.137582 0.13012 0.113687 0.116041 0.112118 0.0927107 0.0680223 0.0422602 0.021316 0.00886021 0.00302305 0.000810952 0.000162744 2.34218e-05 2.33358e-06 1.56274e-07
 6.17329e-11 5.51803e-09 2.90829e-07 9.03817e-06 0.00016562 0.00178959 0.0114048 0.0429127 0.0958819 0.13103 0.124974 0.11668 0.124219 0.118285 0.0945612 0.0669514 0.0402619 0.0196631 0.00786046 0.00255678 0.00065063 0.00012339 1.66672e-05 1.54357e-06 9.51323e-08
 4.48695e-11 3.86162e-09 1.95963e-07 5.86367e-06 0.000103458 0.00107647 0.00660914 0.0240194 0.0525295 0.0748199 0.0904568 0.123724 0.159477 0.159281 0.12981 0.0910503 0.051898 0.0233078 0.00852701 0.00256905 0.000611324 0.000108555 1.36985e-05 1.1813e-06 6.75173e-08
 2.42702e-11 2.00788e-09 9.79465e-08 2.8173e-06 4.77846e-05 0.000478038 0.00282442 0.00992434 0.021485 0.0333561 0.052559 0.0921917 0.139828 0.173787 0.181618 0.14797 0.0876804 0.038459 0.013216 0.00364276 0.000786593 0.000127402 1.47729e-05 1.17555e-06 6.20632e-08
 3.82952e-10 3.04081e-08 1.42371e-06 3.93043e-05 0.000639801 0.00614099 0.0347553 0.115987 0.228289 0.265264 0.183005 0.0776947 0.025793 0.0151089 0.0157681 0.0143658 0.00971259 0.00491414 0.00186843 0.000526181 0.000108297 1.60843e-05 1.6876e-06 1.21547e-07 5.83557e-09
 2.91741e-10 2.22022e-08 9.96284e-07 2.63608e-05 0.000411272 0.00378383 0.0205382 0.0659241 0.126681 0.154711 0.149398 0.155772 0.153869 0.105587 0.045336 0.0128622 0.0032833 0.00116813 0.000465264 0.00014521 3.18121e-05 4.74926e-06 4.76249e-07 3.17048e-08 1.38375e-09
 6.36219e-10 4.63416e-08 1.99032e-06 5.04036e-05 0.000752644 0.006627 0.0344107 0.105437 0.191271 0.208969 0.149307 0.0926419 0.0703772 0.0583456 0.0432968 0.0252904 0.0101495 0.00258979 0.000423767 5.13974e-05 6.16571e-06 7.60069e-07 7.39001e-08 4.82677e-09 2.01889e-10
 8.51531e-10 5.92893e-08 2.43411e-06 5.89237e-05 0.000841071 0.00707929 0.0351461 0.103063 0.179816 0.19359 0.149801 0.116333 0.0965916 0.0647725 0.0325763 0.0136268 0.00492878 0.00142047 0.000301708 4.50633e-05 4.5989e-06 3.25222e-07 1.72804e-08 7.51157e-10 2.57909e-11
 1.24112e-09 8.25054e-08 3.23397e-06 7.47444e-05 0.00101862 0.00818591 0.0388033 0.108668 0.18126 0.187518 0.142013 0.11086 0.0934082 0.0659952 0.0372715 0.0171994 0.00599602 0.00144977 0.000242548 2.99561e-05 2.87891e-06 2.09222e-07 1.06974e-08 3.6674e-10 8.37649e-12
 1.5147e-09 9.60279e-08 3.58968e-06 7.91232e-05 0.00102837 0.00788215 0.0356486 0.0954275 0.153575 0.159949 0.138143 0.132193 0.11971 0.0829295 0.0449356 0.0199018 0.00671377 0.00158774 0.000259595 3.02202e-05 2.56347e-06 1.5809e-07 6.9911e-09 2.17753e-10 4.64873e-12
 2.06226e-09 1.24555e-07 4.43578e-06 9.31467e-05 0.00115337 0.00842237 0.0362999 0.0927088 0.143177 0.146691 0.132107 0.133769 0.124739 0.0913073 0.0539381 0.0251273 0.00832347 0.00183649 0.000271396 2.81814e-05 2.1472e-06 1.2022e-07 4.79723e-09 1.32121e-10 2.45606e-12
 3.80144e-09 2.1852e-07 7.40664e-06 0.000148027 0.00174445 0.0121234 0.049716 0.120666 0.176021 0.165889 0.129176 0.112737 0.0974092 0.0690626 0.0400029 0.0181065 0.00577178 0.00122436 0.000174363 1.73547e-05 1.24234e-06 6.36626e-08 2.28375e-09 5.62213e-11 9.34882e-13
 5.78836e-09 3.16392e-07 1.01972e-05 0.000193789 0.0021716 0.0143514 0.0559766 0.129358 0.18059 0.166383 0.132687 0.117585 0.0954787 0.05967 0.0296029 0.0117516 0.00341443 0.000675771 9.07954e-05 8.57517e-06 5.83805e-07 2.83929e-08 9.595e-10 2.19786e-11 3.35178e-13
 8.39045e-09 4.35728e-07 1.33424e-05 0.000240902 0.00256481 0.0161051 0.0597024 0.13132 0.17572 0.159578 0.132424 0.121316 0.0973838 0.0597446 0.029121 0.0111327 0.00302131 0.000541451 6.36978e-05 5.1229e-06 2.96321e-07 1.25692e-08 3.82799e-10 8.07732e-12 1.14538e-13
 1.13794e-08 5.61018e-07 1.63088e-05 0.000279549 0.00282561 0.0168465 0.0593321 0.124357 0.160802 0.148594 0.13542 0.131852 0.106225 0.0653665 0.0321227 0.0121465 0.0031942 0.000551083 6.25187e-05 4.83292e-06 2.631e-07 1.01283e-08 2.70778e-10 4.93627e-12 6.06511e-14
 1.95521e-08 9.14488e-07 2.52202e-05 0.000410122 0.0039327 0.0222431 0.0743013 0.147553 0.179859 0.15377 0.126517 0.113542 0.0875464 0.0528405 0.0255002 0.00926676 0.00228762 0.000363308 3.72039e-05 2.55289e-06 1.23019e-07 4.25287e-09 1.03912e-10 1.74141e-12 1.95107e-14
 2.67855e-08 1.18782e-06 3.1059e-05 0.000478875 0.00435399 0.0233541 0.0740541 0.140256 0.166567 0.148818 0.137253 0.127981 0.0936453 0.0514259 0.0223577 0.00743101 0.00170928 0.000256223 2.49797e-05 1.63623e-06 7.45898e-08 2.38936e-09 5.29033e-11 7.92362e-13 7.91244e-15
 4.20901e-08 1.76879e-06 4.38287e-05 0.000640381 0.00551762 0.0280469 0.0842878 0.151352 0.170653 0.145358 0.128739 0.116947 0.0862873 0.0498213 0.0227592 0.00759698 0.00168621 0.000239096 2.18643e-05 1.33882e-06 5.70477e-08 1.71146e-09 3.55271e-11 4.97461e-13 4.60863e-15
 6.55401e-08 2.60895e-06 6.12372e-05 0.000847542 0.00691747 0.0333109 0.0948705 0.161716 0.174338 0.144837 0.126489 0.110792 0.0776475 0.0424669 0.0183974 0.00585636 0.00125604 0.000176059 1.63899e-05 1.04423e-06 4.61057e-08 1.3914e-09 2.80509e-11 3.71902e-13 3.21856e-15
 9.83724e-08 3.70814e-06 8.24194e-05 0.0010802 0.00834889 0.0380776 0.102782 0.166588 0.173088 0.143595 0.12708 0.108553 0.0724412 0.0374561 0.0152542 0.00453779 0.000904642 0.000117265 1.00706e-05 5.95759e-07 2.48905e-08 7.28658e-10 1.45374e-11 1.92366e-13 1.65472e-15
 1.31464e-07 4.69153e-06 9.87215e-05 0.00122494 0.00896417 0.038725 0.0992013 0.153974 0.158886 0.142067 0.137317 0.118984 0.0785112 0.0402847 0.0161249 0.0046302 0.000883443 0.000109814 9.093e-06 5.18659e-07 2.06799e-08 5.69386e-10 1.05866e-11 1.3059e-13 1.0555e-15
 2.17637e-07 7.35185e-06 0.000146438 0.00171995 0.011914 0.0487138 0.118057 0.172958 0.166875 0.136827 0.122018 0.101361 0.0665761 0.0345596 0.013714 0.00378593 0.000681204 7.9095e-05 6.09162e-06 3.23273e-07 1.20493e-08 3.12032e-10 5.47513e-12 6.36619e-14 4.82661e-16
 3.20132e-07 1.02359e-05 0.00019298 0.00214542 0.0140676 0.054465 0.12517 0.175057 0.165295 0.138733 0.124955 0.0988181 0.059628 0.0280945 0.0102231 0.00263801 0.000451863 5.08301e-05 3.84692e-06 2.01078e-07 7.28397e-09 1.79645e-10 2.95411e-12 3.19293e-14 2.24602e-16
 4.27106e-07 1.29259e-05 0.000230666 0.00242733 0.0150677 0.0552632 0.120687 0.162624 0.155273 0.141451 0.13455 0.106089 0.0633326 0.0295328 0.0104407 0.00255984 0.00041092 4.30251e-05 3.02663e-06 1.47798e-07 5.05384e-09 1.18885e-10 1.87493e-12 1.94126e-14 1.29935e-16
 6.53743e-07 1.87278e-05 0.000316346 0.00315112 0.018516 0.0642898 0.132962 0.169909 0.154488 0.134945 0.124216 0.0969827 0.0591358 0.0282907 0.00998108 0.00238456 0.000371156 3.79605e-05 2.62796e-06 1.25776e-07 4.14621e-09 9.23006e-11 1.36147e-12 1.3138e-14 8.2122e-17
 9.56621e-07 2.59426e-05 0.000414844 0.00391196 0.0217639 0.0715868 0.140611 0.172472 0.155423 0.138355 0.124643 0.0906107 0.0500206 0.0215183 0.00689497 0.00150999 0.000215747 2.01907e-05 1.2778e-06 5.63286e-08 1.73545e-09 3.66096e-11 5.15245e-13 4.73906e-15 2.80519e-17
 1.40971e-06 3.61952e-05 0.000547986 0.00489253 0.025773 0.0802984 0.149631 0.17523 0.153482 0.134798 0.11857 0.0841147 0.0458287 0.0193866 0.00598624 0.00124128 0.000166273 1.4492e-05 8.48083e-07 3.4295e-08 9.63091e-10 1.84727e-11 2.36868e-13 1.99634e-15 1.09124e-17
 2.05484e-06 4.99573e-05 0.000716179 0.00605484 0.0302068 0.0891787 0.157858 0.177345 0.152891 0.133986 0.114269 0.0768799 0.0394209 0.0156322 0.00451506 0.000875082 0.000109508 8.90501e-06 4.84924e-07 1.81745e-08 4.70864e-10 8.2934e-12 9.72109e-14 7.45975e-16 3.70265e-18
#spawning biomass
 50904.9 57973.8 45047.8 80265.7 201259 338343 780841 998398 1.26183e+06 1.14618e+06 1.1096e+06 1.14853e+06 1.41105e+06 1.53803e+06 1.38988e+06 1.58893e+06 1.51834e+06 1.55034e+06 1.83967e+06 1.96785e+06 2.18515e+06 2.27855e+06 2.52895e+06 2.4306e+06 2.30077e+06 2.1877e+06 2.23832e+06 2.26467e+06 2.29118e+06 4187.69 4187.69 4187.69 4187.69 4187.69 4187.69 4187.69 4187.69 4187.69 4187.69 4187.69 4187.69 4187.69 4187.69 4187.69 4187.69 4187.69 4187.69 4187.69 4187.69 4187.69 4187.69 4187.69 4187.69 4187.69 4187.69 4187.69 4187.69 4187.69 4187.69 4187.69 4187.69 4187.69 4187.69 4187.69 4187.69 4187.69 4187.69 4187.69 4187.69 4187.69 4187.69 4187.69 4187.69 4187.69 4187.69 4187.69 4187.69 4187.69 4187.69 4187.69 4187.69 4187.69 4187.69 4187.69 4187.69 4187.69 4187.69 4187.69 4187.69 4187.69 4187.69 4187.69 4187.69 4187.69 4187.69 4187.69 4187.69 4187.69 4187.69 4187.69 4187.69 4187.69 4187.69 4187.69 4187.69 4187.69 4187.69 4187.69 4187.69 4187.69 4187.69 4187.69 4187.69 4187.69 4187.69 4187.69 4187.69 4187.69 4187.69 4187.69 4187.69 4187.69 4187.69 4187.69 4187.69 4187.69 4187.69 4187.69 0 0 0 0 0 0 0 0 0 0 0 0 0 0 0 0 0 0 0 0 0 0 0 0 0
