SBPRF35
0.178135
Curr Bio
138851
B35
197955
F35
0.612964
FOFL
0.483663
OFL
44832.9
Bzero
50895.7
#pred survey bio
 8065.94 8025.16 10266.9 11365.6 18399.1 30364.5 30064.6 36772.6 46948.5 56022.9 68840.5 93410.1 126515 153017 140674 123441 118796 112499 103903 98140.9 101237 114004 119383 119938 138662 151083 143604 145162 5.76117e+06 3.85382e+06 2.41736e+06 1.46007e+06 941761 685104 561131 500226 469034 452249 442805 437312 434048 432083 430888 430151 429711 429448 429289 429193 429136 429101 429080 429067 429060 429055 429052 429051 429050 429049 429049 429049 429048 429048 429048 429048 429048 429048 429048 429048 429048 429048 429048 429048 429048 429048 429048 429048 429048 429048 429048 429048 429048 429048 429048 429048 429048 429048 429048 429048 429048 429048 429048 429048 429048 429048 429048 429048 429048 429048 429048 429048 429048 429048 429048 429048 429048 429048 429048 429048 429048 429048 429048 429048 429048 429048 429048 429048 429048 429048 429048 429048 429048 429048 429048 429048 429048 429048 429048 429048 0 0 0 0 0 0 0 0 0 0 0 0 0 0 0 0 0 0 0 0 0 0 0 0 0
#obs survey bio
 7306.62 8803.75 11379 7328.31 21148.8 25458.8 24382.9 42440.8 47129.6 51611.5 61295.7 157168 176066 139064 109280 149456 115947 104824 139884 89913.1 129419 119818 88963.3 131166 174742 303019 146587 164919
#pred catch bio
 4493.16 4434.98 6343.95 6818.27 9071.18 19599 19080.4 23703.1 31312.6 37784 44776.5 58336.9 81306.6 111250 105306 91690.9 89195.5 84892 79714.1 76127 77130.5 89257.4 95358.4 91702.4 108757 122355 114102 103037 44832.9 64822.9 37559.1 20675.8 12333.9 8701.47 7240.93 6684.44 6480.28 6407.41 6381.92 6373.14 6370.15 6369.14 6368.8 6368.69 6368.65 6368.64 6368.63 6368.63 6368.63 6368.63 6368.63 6368.63 6368.63 6368.63 6368.63 6368.63 6368.63 6368.63 6368.63 6368.63 6368.63 6368.63 6368.63 6368.63 6368.63 6368.63 6368.63 6368.63 6368.63 6368.63 6368.63 6368.63 6368.63 6368.63 6368.63 6368.63 6368.63 6368.63 6368.63 6368.63 6368.63 6368.63 6368.63 6368.63 6368.63 6368.63 6368.63 6368.63 6368.63 6368.63 6368.63 6368.63 6368.63 6368.63 6368.63 6368.63 6368.63 6368.63 6368.63 6368.63 6368.63 6368.63 6368.63 6368.63 6368.63 6368.63 6368.63 6368.63 6368.63 6368.63 6368.63 6368.63 6368.63 6368.63 6368.63 6368.63 6368.63 6368.63 6368.63 6368.63 6368.63 6368.63 6368.63 6368.63 6368.63 6368.63 6368.63 6368.63 0 0 0 0 0 0 0 0 0 0 0 0 0 0 0 0 0 0 0 0 0 0 0 0 0
#obs catch bio
 4242.3 4390.47 6190.89 6807.11 8894.99 19245.5 19192.4 23079 30872 37374.2 43939.5 56141.1 77436.5 109690 106153 92057 88242.2 83835 77629.9 75696.6 75605.6 87164 93203 88003.1 105442 116350 110062 102558
#pred cpue bio
 7329.74 6887.47 8824.8 9782.68 14977 26146.6 26087.6 30714.9 39632 47139.6 57569.4 77858 106701 129827 120040 104567 99871.6 94932.3 87661.7 81959.9 83573.3 94105.5 98678.6 98914.4 113938 124378 119067 119633 4.86766e+06 3.8253e+06 2.38884e+06 1.43154e+06 913239 656582 532609 471704 440513 423727 414283 408791 405527 403562 402366 401630 401190 400926 400767 400672 400614 400579 400559 400546 400538 400534 400531 400529 400528 400528 400527 400527 400527 400527 400527 400527 400527 400527 400527 400527 400527 400527 400527 400527 400527 400527 400527 400527 400527 400527 400527 400527 400527 400527 400527 400527 400527 400527 400527 400527 400527 400527 400527 400527 400527 400527 400527 400527 400527 400527 400527 400527 400527 400527 400527 400527 400527 400527 400527 400527 400527 400527 400527 400527 400527 400527 400527 400527 400527 400527 400527 400527 400527 400527 400527 400527 400527 400527 400527 400527 0 0 0 0 0 0 0 0 0 0 0 0 0 0 0 0 0 0 0 0 0 0 0 0 0
#obs cpue bio
 5609.87 8902.65 12022.1 13361.4 21147.1 33791.5 30019.1 48378.6 44319.2 58941.4 94724.8 102064 169737 129981 118534 87419.6 129720 124397 108065 86458.2 97214.4 133968 187286 190965 137975 153620 186172 100644
#pred surv len freq
 2.56698e-27 2.59864e-27 4.22363e-26 8.37018e-20 2.05185e-14 6.07999e-10 2.17775e-06 0.000942883 0.0493471 0.312183 0.238963 0.0368024 0.112239 0.103715 0.0270884 0.0360718 0.0171151 0.0153982 0.0105926 0.0088504 0.00751862 0.00694423 0.00737332 0.00676353 0.00208896
 2.56982e-27 2.60598e-27 4.82358e-26 9.63562e-20 2.36206e-14 6.99919e-10 2.50699e-06 0.00108543 0.0568076 0.359381 0.275045 0.0395123 0.107514 0.0989479 0.0192165 0.0190388 0.00763373 0.00516374 0.00293808 0.00208903 0.00155278 0.00128003 0.00123929 0.0011587 0.000394643
 2.56922e-27 2.60428e-27 4.66253e-26 9.29582e-20 2.27876e-14 6.75237e-10 2.41858e-06 0.00104715 0.0548043 0.346707 0.26539 0.0409397 0.12516 0.11515 0.0206727 0.018207 0.00623681 0.0027406 0.00118648 0.00063369 0.000373887 0.000259405 0.000219283 0.000198514 7.06718e-05
 2.56905e-27 2.60383e-27 4.62277e-26 9.21195e-20 2.2582e-14 6.69144e-10 2.39676e-06 0.00103771 0.0543098 0.343579 0.263003 0.0410583 0.12774 0.117559 0.0216327 0.019778 0.00652796 0.00243905 0.000804273 0.000277204 0.000111353 5.72582e-05 3.90335e-05 3.21649e-05 1.15155e-05
 2.5722e-27 2.61237e-27 5.37881e-26 1.08069e-19 2.64917e-14 7.84997e-10 2.81173e-06 0.00121737 0.0637128 0.403064 0.30839 0.0388249 0.0788561 0.0724518 0.0136933 0.0130175 0.00434913 0.00169685 0.000523955 0.000142952 3.52767e-05 1.09336e-05 5.08964e-06 3.46674e-06 1.20069e-06
 2.56893e-27 2.6034e-27 4.57682e-26 9.11498e-20 2.23443e-14 6.62101e-10 2.37153e-06 0.00102678 0.0537381 0.339962 0.260255 0.0419191 0.136221 0.12522 0.0199994 0.0141204 0.0047546 0.00195035 0.000616778 0.000169754 3.44222e-05 6.28945e-06 1.5119e-06 6.99162e-07 2.21113e-07
 2.56848e-27 2.60227e-27 4.48491e-26 8.92111e-20 2.1869e-14 6.48018e-10 2.32109e-06 0.00100494 0.0525952 0.332732 0.254727 0.0414406 0.136465 0.125637 0.023549 0.0220949 0.00691868 0.00199176 0.000620417 0.000178747 3.6928e-05 5.67023e-06 7.0336e-07 1.51136e-07 3.82494e-08
 2.57088e-27 2.60879e-27 5.06351e-26 1.01417e-19 2.48612e-14 7.36683e-10 2.63868e-06 0.00114245 0.0597915 0.378257 0.289461 0.0396474 0.0984146 0.0905235 0.0173124 0.0167332 0.00564086 0.00226441 0.000636724 0.000138561 2.88324e-05 4.52338e-06 4.46205e-07 3.84183e-08 5.46431e-09
 2.57017e-27 2.6068e-27 4.87823e-26 9.75084e-20 2.3903e-14 7.08289e-10 2.53697e-06 0.00109841 0.0574869 0.363678 0.278349 0.040931 0.11599 0.106573 0.0170976 0.0121939 0.00413025 0.00173169 0.000556328 0.000151581 2.53996e-05 3.54611e-06 3.4894e-07 1.96073e-08 1.04706e-09
 2.57037e-27 2.60734e-27 4.92779e-26 9.85538e-20 2.41593e-14 7.15883e-10 2.56417e-06 0.00111019 0.0581032 0.367577 0.281321 0.0406314 0.111622 0.102593 0.0173134 0.0136686 0.0042769 0.00124585 0.000392568 0.000115599 2.39509e-05 3.19458e-06 2.66071e-07 1.37024e-08 3.69899e-10
 2.57071e-27 2.60826e-27 5.00839e-26 1.00254e-19 2.45761e-14 7.28234e-10 2.60841e-06 0.00112934 0.0591057 0.373919 0.286161 0.0404579 0.106901 0.0982181 0.0162082 0.012254 0.00391862 0.001275 0.000352423 7.77112e-05 1.65107e-05 2.6e-06 2.23026e-07 9.84173e-09 2.12752e-10
 2.57089e-27 2.60875e-27 5.05148e-26 1.01163e-19 2.47989e-14 7.34837e-10 2.63206e-06 0.00113958 0.0596417 0.377309 0.288748 0.0403382 0.104173 0.0956999 0.0157559 0.0118533 0.00375225 0.00116286 0.000332572 7.6597e-05 1.27046e-05 1.81024e-06 1.77559e-07 8.14583e-09 1.52619e-10
 2.57022e-27 2.60694e-27 4.89116e-26 9.77812e-20 2.39699e-14 7.1027e-10 2.54407e-06 0.00110148 0.0576478 0.364695 0.279124 0.0408187 0.114591 0.105313 0.017449 0.0132958 0.00420544 0.00129492 0.000363528 8.14485e-05 1.40992e-05 1.73639e-06 1.4645e-07 7.36621e-09 1.42039e-10
 2.56988e-27 2.60603e-27 4.81267e-26 9.61254e-20 2.3564e-14 6.98243e-10 2.50099e-06 0.00108283 0.0566716 0.35852 0.27441 0.04092 0.118674 0.109111 0.0186641 0.0151139 0.00479913 0.00149957 0.000420822 9.32479e-05 1.57034e-05 1.9483e-06 1.4823e-07 6.48867e-09 1.31984e-10
 2.56951e-27 2.60498e-27 4.71675e-26 9.41017e-20 2.30679e-14 6.83543e-10 2.44834e-06 0.00106004 0.0554785 0.350972 0.268655 0.0414375 0.126655 0.116419 0.0189312 0.0138857 0.00446534 0.00149866 0.000426142 9.55241e-05 1.59928e-05 1.94111e-06 1.45646e-07 5.80345e-09 1.05389e-10
 2.56995e-27 2.6062e-27 4.82523e-26 9.63903e-20 2.36289e-14 7.00167e-10 2.50788e-06 0.00108582 0.0568278 0.359508 0.275167 0.0410762 0.119331 0.109674 0.0179789 0.013405 0.00421509 0.0012623 0.000363627 8.65758e-05 1.47462e-05 1.79154e-06 1.31918e-07 5.11926e-09 8.49319e-11
 2.57039e-27 2.60738e-27 4.92856e-26 9.85701e-20 2.41633e-14 7.16001e-10 2.5646e-06 0.00111037 0.0581129 0.367638 0.281371 0.0408334 0.113124 0.103931 0.0166847 0.0118986 0.0037517 0.0011428 0.000316629 6.92059e-05 1.22453e-05 1.54595e-06 1.1446e-07 4.36839e-09 6.99965e-11
 2.57015e-27 2.60672e-27 4.86837e-26 9.73002e-20 2.3852e-14 7.06777e-10 2.53156e-06 0.00109607 0.0573642 0.362901 0.277759 0.0411571 0.118124 0.108513 0.0169174 0.0112728 0.00351691 0.00101867 0.000282215 6.17325e-05 1.01671e-05 1.2656e-06 9.787e-08 3.77488e-09 5.95517e-11
 2.57017e-27 2.60676e-27 4.87293e-26 9.73964e-20 2.38755e-14 7.07475e-10 2.53406e-06 0.00109715 0.0574209 0.36326 0.278032 0.0410979 0.117482 0.107934 0.0170493 0.0117169 0.00361123 0.000969163 0.000261334 5.4907e-05 9.02615e-06 1.07394e-06 8.01924e-08 3.19606e-09 5.11094e-11
 2.57075e-27 2.60833e-27 5.01197e-26 1.0033e-19 2.45946e-14 7.28782e-10 2.61037e-06 0.00113019 0.0591502 0.3742 0.28638 0.0406895 0.10851 0.0996517 0.0155391 0.0103582 0.00320874 0.000890205 0.000235434 4.61368e-05 7.26889e-06 8.45615e-07 6.09617e-08 2.34697e-09 3.83162e-11
 2.57135e-27 2.60997e-27 5.1557e-26 1.03362e-19 2.53379e-14 7.50807e-10 2.68926e-06 0.00116435 0.0609378 0.385509 0.295009 0.040344 0.0998175 0.0916115 0.0137721 0.00835003 0.00256696 0.000688814 0.000183245 3.66541e-05 5.50385e-06 6.02228e-07 4.19129e-08 1.55804e-09 2.46935e-11
 2.57135e-27 2.60994e-27 5.15234e-26 1.03291e-19 2.53205e-14 7.50291e-10 2.68742e-06 0.00116355 0.060896 0.385244 0.294809 0.0404239 0.100567 0.0922881 0.013628 0.00784843 0.0023724 0.000574358 0.000148956 2.90534e-05 4.41896e-06 4.73503e-07 3.08467e-08 1.09649e-09 1.67601e-11
 2.57127e-27 2.60972e-27 5.13198e-26 1.02861e-19 2.52152e-14 7.47171e-10 2.67624e-06 0.00115871 0.0606427 0.383642 0.293587 0.0405427 0.102329 0.0939019 0.013683 0.00756618 0.00226766 0.000519459 0.000129632 2.30793e-05 3.39163e-06 3.61269e-07 2.32293e-08 7.77415e-10 1.13e-11
 2.57138e-27 2.61003e-27 5.15918e-26 1.03435e-19 2.53559e-14 7.5134e-10 2.69117e-06 0.00116518 0.0609811 0.385783 0.29522 0.0404737 0.100656 0.0923553 0.0133661 0.00723208 0.00215432 0.000472885 0.000115461 1.94216e-05 2.64981e-06 2.63692e-07 1.6643e-08 5.4804e-10 7.55174e-12
 2.57158e-27 2.61058e-27 5.20883e-26 1.04483e-19 2.56126e-14 7.58948e-10 2.71842e-06 0.00117697 0.0615986 0.389689 0.2982 0.0402387 0.0967745 0.0887944 0.013112 0.00754856 0.00224564 0.000481884 0.000115933 1.87095e-05 2.44134e-06 2.25147e-07 1.31123e-08 4.18137e-10 5.64124e-12
 2.57147e-27 2.61028e-27 5.18095e-26 1.03894e-19 2.54684e-14 7.54674e-10 2.70312e-06 0.00117035 0.0612517 0.387495 0.296527 0.0404136 0.0992813 0.0910851 0.0131089 0.0069659 0.00208563 0.000477041 0.000115399 1.82054e-05 2.30337e-06 2.01973e-07 1.08977e-08 3.19661e-10 4.13393e-12
 2.57109e-27 2.60922e-27 5.08669e-26 1.01906e-19 2.4981e-14 7.4023e-10 2.65138e-06 0.00114795 0.0600794 0.380079 0.29087 0.0407863 0.106092 0.0973498 0.0138508 0.00707925 0.00209486 0.000441501 0.000106993 1.78092e-05 2.24523e-06 1.90846e-07 9.77465e-09 2.65397e-10 3.15856e-12
 2.57142e-27 2.61015e-27 5.17001e-26 1.03664e-19 2.54119e-14 7.53e-10 2.69712e-06 0.00116775 0.0611158 0.386635 0.29587 0.040396 0.0996085 0.0914007 0.0134122 0.00757603 0.00223699 0.000452984 0.00010675 1.66218e-05 2.14181e-06 1.86996e-07 9.33317e-09 2.40388e-10 2.64926e-12
#obs surv len freq
 1.76217e-41 2.44577e-33 4.10329e-26 8.32138e-20 2.03989e-14 6.04457e-10 2.16507e-06 0.000937399 0.0490597 0.310366 0.237727 0.0440482 0.152439 0.129157 0.0365418 0.0281043 0.00843549 0.00261774 0.000503063 5.75782e-05 2.88581e-06 4.63554e-08 1.77082e-10 1.29041e-13 1.55158e-17
 2.16808e-41 3.00915e-33 5.04846e-26 1.02382e-19 2.50977e-14 7.43691e-10 2.66378e-06 0.00115332 0.0603604 0.381857 0.292289 0.0420119 0.0977906 0.0783359 0.0228991 0.0166998 0.0048905 0.00143152 0.000252212 2.52254e-05 1.04117e-06 1.30082e-08 3.71808e-11 1.97813e-14 1.70945e-18
 1.72201e-41 2.39004e-33 4.00978e-26 8.13176e-20 1.9934e-14 5.90682e-10 2.11573e-06 0.000916037 0.0479417 0.303294 0.23252 0.0512076 0.181787 0.135799 0.02678 0.0143565 0.00407461 0.00112238 0.000182231 1.58558e-05 5.37404e-07 5.21407e-09 1.11115e-11 4.30301e-15 2.67017e-19
 2.08912e-41 2.89956e-33 4.86461e-26 9.86534e-20 2.41837e-14 7.16608e-10 2.56677e-06 0.00111132 0.0581623 0.367951 0.281794 0.0458174 0.113478 0.0814095 0.0281555 0.0179131 0.00341643 0.000681082 0.000100081 7.57734e-06 2.10392e-07 1.58374e-09 2.51849e-12 7.09789e-16 3.15949e-20
 2.3707e-41 3.29038e-33 5.5203e-26 1.1195e-19 2.74433e-14 8.13196e-10 2.91274e-06 0.00126111 0.0660017 0.417546 0.319635 0.0443032 0.0792184 0.0521638 0.0116528 0.00608377 0.00174299 0.000352812 3.34554e-05 1.99307e-06 4.50638e-08 2.63269e-10 3.12862e-13 6.43264e-17 2.058e-21
 1.33235e-41 1.84921e-33 3.10244e-26 6.29169e-20 1.54233e-14 4.57021e-10 1.63698e-06 0.000708754 0.0370934 0.234667 0.180774 0.0710094 0.270443 0.165214 0.0273317 0.0103731 0.00196024 0.000381564 4.13456e-05 1.72925e-06 2.74849e-08 1.21824e-10 1.08287e-13 1.62903e-17 3.75766e-22
 2.21227e-41 3.07049e-33 5.15139e-26 1.04469e-19 2.56094e-14 7.58852e-10 2.71809e-06 0.00117684 0.0615909 0.389643 0.298468 0.046845 0.0894679 0.0567696 0.035252 0.0180546 0.00241439 0.000289744 2.4294e-05 9.86321e-07 1.16869e-08 3.4813e-11 2.20311e-14 2.40857e-18 4.01487e-23
 1.98131e-41 2.74992e-33 4.61357e-26 9.35622e-20 2.29357e-14 6.79626e-10 2.43431e-06 0.00105397 0.0551607 0.348965 0.267886 0.0611129 0.155894 0.0830715 0.0162127 0.00750244 0.00273265 0.000385304 1.93325e-05 5.32064e-07 5.2361e-09 1.17906e-11 5.04459e-15 3.74736e-19 4.38174e-24
 2.02126e-41 2.80537e-33 4.7066e-26 9.54489e-20 2.33982e-14 6.9333e-10 2.4834e-06 0.00107522 0.056273 0.356003 0.273351 0.061542 0.143856 0.0740954 0.0234163 0.00876109 0.00134826 0.000257262 1.99334e-05 3.92199e-07 2.40225e-09 3.9711e-12 1.27219e-15 6.63237e-20 5.24162e-25
 1.97874e-41 2.74635e-33 4.60758e-26 9.34408e-20 2.29059e-14 6.78744e-10 2.43115e-06 0.0010526 0.0550891 0.348514 0.267918 0.0669976 0.154352 0.0738859 0.0222979 0.00818161 0.00152448 0.000172271 1.14638e-05 2.87566e-07 1.48768e-09 1.56156e-12 3.3248e-16 1.2398e-20 7.04702e-26
 2.09182e-41 2.90331e-33 4.8709e-26 9.87808e-20 2.4215e-14 7.17533e-10 2.57009e-06 0.00111276 0.0582374 0.368432 0.283186 0.0660267 0.134063 0.060739 0.0201409 0.00673956 0.00117983 0.000133815 6.57084e-06 1.24599e-07 6.51353e-10 6.16766e-13 9.33486e-17 2.25734e-21 8.54876e-27
 2.04809e-41 2.84262e-33 4.76908e-26 9.6716e-20 2.37088e-14 7.02534e-10 2.51636e-06 0.0010895 0.05702 0.360733 0.277725 0.0730236 0.146134 0.0606328 0.0173518 0.00527764 0.000912756 9.29771e-05 4.09652e-06 5.90035e-08 2.2264e-10 1.77672e-13 2.36129e-17 4.56308e-22 1.23004e-27
 1.99133e-41 2.76384e-33 4.63691e-26 9.40356e-20 2.30517e-14 6.83065e-10 2.44663e-06 0.00105931 0.0554398 0.35074 0.270577 0.0797958 0.154977 0.0615351 0.0197367 0.0052935 0.000770408 7.04016e-05 2.70965e-06 3.22715e-08 9.17988e-11 5.18661e-14 5.12835e-18 7.90274e-23 1.72763e-28
 1.8742e-41 2.60126e-33 4.36415e-26 8.85042e-20 2.16958e-14 6.42885e-10 2.30271e-06 0.000996994 0.0521787 0.330115 0.255628 0.0911004 0.174632 0.06624 0.0224843 0.00574576 0.000814312 6.10886e-05 1.9256e-06 1.88033e-08 4.20749e-11 1.77646e-14 1.25099e-18 1.35792e-23 2.14833e-29
 1.69076e-41 2.34666e-33 3.93701e-26 7.98418e-20 1.95723e-14 5.79962e-10 2.07733e-06 0.000899413 0.0470717 0.297816 0.232143 0.106431 0.201216 0.0761355 0.0298984 0.007299 0.00101597 6.95144e-05 1.78257e-06 1.33861e-08 2.31046e-11 7.42117e-15 3.8786e-19 3.0429e-24 3.40437e-30
 1.91143e-41 2.65294e-33 4.45086e-26 9.02625e-20 2.21268e-14 6.55658e-10 2.34846e-06 0.0010168 0.0532154 0.336683 0.26152 0.0954744 0.154768 0.0611004 0.0281505 0.00699844 0.00100529 6.37758e-05 1.41632e-06 8.38821e-09 1.077e-11 2.55147e-15 9.85111e-20 5.6779e-25 4.61891e-31
 1.85662e-41 2.57686e-33 4.32322e-26 8.7674e-20 2.14922e-14 6.36855e-10 2.28111e-06 0.000987642 0.0516893 0.327041 0.255488 0.109827 0.169862 0.0575592 0.0211495 0.0054982 0.00084246 5.22157e-05 1.03272e-06 5.03456e-09 4.98472e-12 8.68579e-16 2.41836e-20 1.00351e-25 5.89306e-32
 1.83522e-41 2.54716e-33 4.27339e-26 8.66636e-20 2.12446e-14 6.29515e-10 2.25482e-06 0.00097626 0.0510936 0.323286 0.25367 0.116994 0.168488 0.0582737 0.0220039 0.00455677 0.000617151 3.81239e-05 6.96411e-07 2.88493e-09 2.27593e-12 3.02091e-16 6.19822e-21 1.854e-26 7.76249e-33
 1.86329e-41 2.58613e-33 4.33876e-26 8.79892e-20 2.15695e-14 6.39144e-10 2.28931e-06 0.000991192 0.0518752 0.328245 0.258416 0.121232 0.160001 0.0544394 0.0202175 0.00408679 0.000469514 2.36603e-05 3.85278e-07 1.38729e-09 8.96905e-13 9.31832e-17 1.44876e-21 3.20884e-27 9.77873e-34
 1.94321e-41 2.69704e-33 4.52485e-26 9.17629e-20 2.24946e-14 6.66556e-10 2.3875e-06 0.0010337 0.0541 0.342334 0.269877 0.121262 0.144294 0.0471991 0.016411 0.00313966 0.000332683 1.38722e-05 1.75967e-07 5.13837e-10 2.71933e-13 2.25438e-17 2.71578e-22 4.5528e-28 1.03189e-34
 1.94256e-41 2.69615e-33 4.52335e-26 9.17326e-20 2.24872e-14 6.66336e-10 2.38671e-06 0.00103336 0.0540822 0.342248 0.271433 0.129686 0.142411 0.0431859 0.0133742 0.00231727 0.00021913 7.86746e-06 7.90401e-08 1.73547e-10 6.96556e-14 4.46237e-18 4.1621e-23 5.34715e-29 9.16193e-36
 1.98325e-41 2.75262e-33 4.6181e-26 9.36541e-20 2.29582e-14 6.80293e-10 2.4367e-06 0.00105501 0.0552151 0.349441 0.278085 0.13147 0.131671 0.0396979 0.0114992 0.00172067 0.000137715 4.1291e-06 3.343e-08 5.62455e-11 1.66431e-14 7.78364e-19 5.34547e-24 5.11148e-30 6.55378e-37
 1.91334e-41 2.65559e-33 4.45531e-26 9.03528e-20 2.21489e-14 6.56313e-10 2.35081e-06 0.00101782 0.0532689 0.337184 0.271706 0.14697 0.138202 0.0395909 0.0105173 0.00144146 9.63588e-05 2.29414e-06 1.45389e-08 1.87974e-11 4.16984e-15 1.42805e-19 7.07467e-25 4.85766e-31 4.48502e-38
 1.95715e-41 2.7164e-33 4.55733e-26 9.24216e-20 2.26561e-14 6.71341e-10 2.40463e-06 0.00104112 0.0544887 0.344941 0.278883 0.145753 0.125773 0.0381019 0.00975627 0.00119057 6.7974e-05 1.2901e-06 6.18802e-09 5.97591e-12 9.84958e-16 2.48591e-20 8.98317e-26 4.45421e-32 2.94655e-39
 1.9403e-41 2.69301e-33 4.51808e-26 9.16258e-20 2.2461e-14 6.6556e-10 2.38393e-06 0.00103216 0.0540197 0.34205 0.279664 0.155544 0.123764 0.0347022 0.00821338 0.000959606 4.70392e-05 7.16206e-07 2.62163e-09 1.86333e-12 2.22969e-16 4.07819e-21 1.06785e-26 3.83045e-33 1.82751e-40
 1.87651e-41 2.60447e-33 4.36955e-26 8.86135e-20 2.17226e-14 6.43679e-10 2.30555e-06 0.000998226 0.0522441 0.330929 0.275295 0.169279 0.126881 0.0358142 0.00772707 0.00079544 3.42627e-05 4.28976e-07 1.20808e-09 6.37567e-13 5.53982e-17 7.26504e-22 1.35781e-27 3.47631e-34 1.1853e-41
 1.79254e-41 2.48792e-33 4.17401e-26 8.4648e-20 2.07505e-14 6.14874e-10 2.20238e-06 0.000953555 0.0499067 0.316294 0.269203 0.184585 0.131674 0.0386602 0.00795623 0.000738393 2.65925e-05 2.71585e-07 6.01589e-10 2.39239e-13 1.52361e-17 1.44232e-22 1.92772e-28 3.50902e-35 8.48161e-43
 1.82065e-41 2.52694e-33 4.23946e-26 8.59755e-20 2.10759e-14 6.24517e-10 2.23692e-06 0.000968509 0.0506898 0.321367 0.275486 0.182535 0.122612 0.038028 0.00762641 0.000664143 2.0428e-05 1.66425e-07 2.85154e-10 8.6197e-14 4.08902e-18 2.82987e-23 2.7291e-29 3.5556e-36 6.11997e-44
#pred catch len freq
 2.56623e-27 2.59663e-27 4.05024e-26 8.0044e-20 1.96218e-14 5.8143e-10 2.08258e-06 0.000901679 0.0471906 0.298541 0.228547 0.0369045 0.120334 0.111221 0.0290489 0.0386824 0.0183538 0.0165126 0.0113593 0.00949093 0.00806277 0.00744681 0.00790695 0.00725303 0.00224015
 2.5692e-27 2.60431e-27 4.67693e-26 9.32625e-20 2.28622e-14 6.77447e-10 2.4265e-06 0.00105058 0.0549837 0.347842 0.266239 0.0398488 0.116261 0.107028 0.0207857 0.0205935 0.0082571 0.00558541 0.00317801 0.00225963 0.00167958 0.00138456 0.00134049 0.00125332 0.000426869
 2.5688e-27 2.60314e-27 4.56235e-26 9.08448e-20 2.22695e-14 6.59885e-10 2.3636e-06 0.00102335 0.0535583 0.338825 0.259376 0.0412237 0.131547 0.121045 0.021731 0.019139 0.00655609 0.0028809 0.00124722 0.00066613 0.000393027 0.000272684 0.000230509 0.000208676 7.42897e-05
 2.56856e-27 2.60251e-27 4.50607e-26 8.96576e-20 2.19785e-14 6.51261e-10 2.33271e-06 0.00100997 0.0528584 0.334397 0.255997 0.0413895 0.135183 0.12443 0.0228971 0.020934 0.0069095 0.0025816 0.000851281 0.000293406 0.000117862 6.06047e-05 4.13149e-05 3.40448e-05 1.21886e-05
 2.5716e-27 2.61074e-27 5.23467e-26 1.05028e-19 2.57463e-14 7.6291e-10 2.73262e-06 0.00118312 0.0619201 0.391724 0.299737 0.0392238 0.0879715 0.080869 0.0152841 0.0145298 0.0048544 0.00189399 0.000584828 0.000159559 3.93751e-05 1.22039e-05 5.68095e-06 3.8695e-06 1.34019e-06
 2.5686e-27 2.60252e-27 4.49837e-26 8.94949e-20 2.19386e-14 6.5008e-10 2.32848e-06 0.00100814 0.0527625 0.33379 0.255546 0.0421698 0.141437 0.130029 0.0207674 0.0146627 0.0049372 0.00202525 0.000640465 0.000176273 3.57442e-05 6.53098e-06 1.56997e-06 7.26012e-07 2.29604e-07
 2.5681e-27 2.60124e-27 4.39418e-26 8.72973e-20 2.13999e-14 6.34116e-10 2.2713e-06 0.000983386 0.0514669 0.325593 0.24928 0.0416978 0.142248 0.130976 0.0245499 0.023034 0.00721273 0.00207641 0.000646786 0.000186344 3.84975e-05 5.91122e-06 7.33254e-07 1.57559e-07 3.98751e-08
 2.5706e-27 2.60806e-27 4.99839e-26 1.00043e-19 2.45244e-14 7.26703e-10 2.60293e-06 0.00112697 0.0589815 0.373133 0.285551 0.0398255 0.102517 0.0943125 0.0180371 0.0174336 0.00587697 0.00235919 0.000663376 0.000144361 3.00392e-05 4.71272e-06 4.64882e-07 4.00264e-08 5.69304e-09
 2.56996e-27 2.6062e-27 4.82549e-26 9.63957e-20 2.36302e-14 7.00206e-10 2.50802e-06 0.00108588 0.0568309 0.359528 0.275182 0.0410989 0.119492 0.109802 0.0176156 0.0125633 0.00425537 0.00178415 0.000573181 0.000156173 2.6169e-05 3.65354e-06 3.5951e-07 2.02013e-08 1.07878e-09
 2.57018e-27 2.60683e-27 4.88215e-26 9.75911e-20 2.39233e-14 7.0889e-10 2.53912e-06 0.00109934 0.0575357 0.363986 0.278582 0.0407728 0.114622 0.10536 0.0177804 0.0140373 0.00439227 0.00127946 0.000403158 0.000118717 2.4597e-05 3.28075e-06 2.73248e-07 1.4072e-08 3.79877e-10
 2.57045e-27 2.60756e-27 4.94611e-26 9.89403e-20 2.4254e-14 7.1869e-10 2.57423e-06 0.00111454 0.0583311 0.369018 0.282422 0.0406538 0.111018 0.102015 0.0168348 0.0127277 0.00407011 0.00132429 0.000366047 8.07154e-05 1.7149e-05 2.70052e-06 2.31648e-07 1.02222e-08 2.20977e-10
 2.57056e-27 2.60785e-27 4.9714e-26 9.94738e-20 2.43848e-14 7.22565e-10 2.58811e-06 0.00112055 0.0586456 0.371008 0.283941 0.0405909 0.109473 0.100588 0.0165606 0.0124587 0.00394389 0.00122226 0.000349558 8.05091e-05 1.33535e-05 1.90269e-06 1.86628e-07 8.56187e-09 1.60414e-10
 2.56992e-27 2.60613e-27 4.81923e-26 9.62637e-20 2.35979e-14 6.99248e-10 2.50459e-06 0.00108439 0.0567531 0.359036 0.274806 0.0410446 0.119344 0.109696 0.0181752 0.0138492 0.00438047 0.00134882 0.000378658 8.48384e-05 1.4686e-05 1.80866e-06 1.52545e-07 7.6728e-09 1.47951e-10
 2.56987e-27 2.606e-27 4.80986e-26 9.60661e-20 2.35494e-14 6.97812e-10 2.49945e-06 0.00108216 0.0566366 0.358299 0.274241 0.0409286 0.118858 0.109281 0.0186932 0.0151374 0.0048066 0.0015019 0.000421477 9.3393e-05 1.57278e-05 1.95134e-06 1.4846e-07 6.49877e-09 1.32189e-10
 2.56958e-27 2.60517e-27 4.73363e-26 9.44577e-20 2.31552e-14 6.86129e-10 2.4576e-06 0.00106405 0.0556884 0.3523 0.269668 0.0413838 0.125535 0.115387 0.0187633 0.0137625 0.00442573 0.00148537 0.000422362 9.46767e-05 1.5851e-05 1.92389e-06 1.44354e-07 5.75197e-09 1.04454e-10
 2.57e-27 2.60633e-27 4.83624e-26 9.66225e-20 2.36858e-14 7.01854e-10 2.51392e-06 0.00108843 0.0569646 0.360374 0.275827 0.0410414 0.118601 0.109001 0.0178686 0.0133228 0.00418923 0.00125456 0.000361397 8.60448e-05 1.46558e-05 1.78055e-06 1.31109e-07 5.08787e-09 8.4411e-11
 2.57046e-27 2.60757e-27 4.94583e-26 9.89344e-20 2.42526e-14 7.18647e-10 2.57407e-06 0.00111448 0.0583276 0.368996 0.282407 0.0407778 0.111973 0.10287 0.0165143 0.0117771 0.00371339 0.00113113 0.000313396 6.84993e-05 1.21203e-05 1.53016e-06 1.13291e-07 4.32378e-09 6.92818e-11
 2.57024e-27 2.60695e-27 4.8894e-26 9.77439e-20 2.39607e-14 7.09999e-10 2.5431e-06 0.00110106 0.0576258 0.364556 0.279022 0.0410878 0.11671 0.10721 0.0167142 0.0111375 0.00347467 0.00100643 0.000278825 6.09911e-05 1.0045e-05 1.2504e-06 9.66946e-08 3.72954e-09 5.88365e-11
 2.5703e-27 2.60712e-27 4.90492e-26 9.80713e-20 2.4041e-14 7.12378e-10 2.55162e-06 0.00110475 0.0578188 0.365777 0.279953 0.0409934 0.115337 0.105957 0.016737 0.0115022 0.00354508 0.00095141 0.000256547 5.39012e-05 8.8608e-06 1.05427e-06 7.87234e-08 3.13752e-09 5.01732e-11
 2.5709e-27 2.60875e-27 5.0488e-26 1.01107e-19 2.4785e-14 7.34425e-10 2.63059e-06 0.00113894 0.0596082 0.377098 0.28859 0.0405681 0.106033 0.0973688 0.0151831 0.0101209 0.00313523 0.000869811 0.00023004 4.50798e-05 7.10236e-06 8.26242e-07 5.95651e-08 2.2932e-09 3.74384e-11
 2.57145e-27 2.61023e-27 5.17924e-26 1.03858e-19 2.54596e-14 7.54414e-10 2.70219e-06 0.00116994 0.0612306 0.387361 0.296422 0.0402643 0.0982185 0.0901381 0.0135506 0.00821574 0.00252567 0.000677736 0.000180298 3.60646e-05 5.41533e-06 5.92542e-07 4.12388e-08 1.53299e-09 2.42963e-11
 2.57151e-27 2.61039e-27 5.19183e-26 1.04124e-19 2.55247e-14 7.56343e-10 2.70909e-06 0.00117293 0.0613871 0.388351 0.297179 0.0402884 0.0978704 0.0898041 0.0132612 0.00763719 0.00230855 0.000558899 0.000144947 2.82714e-05 4.30002e-06 4.60758e-07 3.00164e-08 1.06698e-09 1.6309e-11
 2.57148e-27 2.61031e-27 5.18416e-26 1.03962e-19 2.54851e-14 7.55168e-10 2.70488e-06 0.00117111 0.0612918 0.387748 0.296719 0.040362 0.0987531 0.0906076 0.0132029 0.00730074 0.00218811 0.000501235 0.000125084 2.22696e-05 3.27265e-06 3.48595e-07 2.24144e-08 7.50142e-10 1.09036e-11
 2.57149e-27 2.61032e-27 5.18467e-26 1.03973e-19 2.54877e-14 7.55246e-10 2.70516e-06 0.00117123 0.0612981 0.387788 0.29675 0.0403849 0.0989058 0.0907433 0.0131328 0.00710584 0.00211672 0.000464631 0.000113445 1.90826e-05 2.60356e-06 2.5909e-07 1.63525e-08 5.38474e-10 7.41993e-12
 2.57174e-27 2.61102e-27 5.248e-26 1.05309e-19 2.58152e-14 7.6495e-10 2.73992e-06 0.00118628 0.0620857 0.392771 0.300551 0.0401041 0.0940983 0.0863289 0.0127479 0.00733896 0.00218329 0.000468504 0.000112713 1.819e-05 2.37355e-06 2.18896e-07 1.27482e-08 4.06527e-10 5.4846e-12
 2.57172e-27 2.61094e-27 5.23996e-26 1.05139e-19 2.57736e-14 7.63718e-10 2.73551e-06 0.00118437 0.0619857 0.392138 0.300069 0.0402076 0.0952245 0.0873484 0.0125711 0.00668012 0.00200006 0.000457471 0.000110665 1.74585e-05 2.20888e-06 1.93687e-07 1.04506e-08 3.06547e-10 3.96434e-12
 2.5713e-27 2.60979e-27 5.13689e-26 1.02965e-19 2.52406e-14 7.47923e-10 2.67893e-06 0.00115988 0.0607037 0.384028 0.293883 0.0406097 0.10263 0.0941616 0.0133972 0.0068474 0.00202625 0.000427042 0.000103489 1.72259e-05 2.1717e-06 1.84596e-07 9.45453e-09 2.56705e-10 3.05512e-12
 2.57136e-27 2.60998e-27 5.15515e-26 1.0335e-19 2.5335e-14 7.50722e-10 2.68896e-06 0.00116422 0.0609309 0.385465 0.294978 0.0404473 0.100626 0.092338 0.0135497 0.00765372 0.00225993 0.000457629 0.000107845 1.67923e-05 2.16377e-06 1.88913e-07 9.42889e-09 2.42853e-10 2.67643e-12
#obs catch len freq
 1.75248e-41 2.43233e-33 4.08073e-26 8.27565e-20 2.02868e-14 6.01134e-10 2.15316e-06 0.000932246 0.0487901 0.30866 0.236426 0.044142 0.153913 0.130385 0.0366774 0.0281608 0.00858796 0.00271806 0.000536833 6.39899e-05 3.37164e-06 5.675e-08 2.25993e-10 1.70984e-13 2.12575e-17
 1.76376e-41 2.44798e-33 4.107e-26 8.32891e-20 2.04174e-14 6.05003e-10 2.16702e-06 0.000938247 0.0491041 0.310647 0.238001 0.0460109 0.156363 0.125419 0.0364438 0.02651 0.00779082 0.00230714 0.000417431 4.3142e-05 1.85927e-06 2.43322e-08 7.2477e-11 3.99377e-14 3.55871e-18
 2.17609e-41 3.02027e-33 5.06712e-26 1.0276e-19 2.51905e-14 7.46439e-10 2.67362e-06 0.00115759 0.0605835 0.383269 0.29341 0.043311 0.0992334 0.0750708 0.0225804 0.0154837 0.00444343 0.00123323 0.00020332 1.81958e-05 6.39155e-07 6.45325e-09 1.43041e-11 5.73518e-15 3.66556e-19
 1.73822e-41 2.41253e-33 4.04752e-26 8.20828e-20 2.01216e-14 5.96241e-10 2.13564e-06 0.000924657 0.0483929 0.306148 0.234792 0.0537311 0.183557 0.128833 0.025692 0.0131583 0.0036623 0.00095134 0.000143509 1.1068e-05 3.16079e-07 2.45834e-09 4.04159e-12 1.17584e-15 5.38654e-20
 2.10858e-41 2.92657e-33 4.90993e-26 9.95724e-20 2.4409e-14 7.23283e-10 2.59068e-06 0.00112168 0.0587041 0.371379 0.284476 0.0474392 0.113358 0.0765926 0.0273558 0.015992 0.00293384 0.000563095 7.65105e-05 5.08558e-06 1.17797e-07 7.05374e-10 8.60954e-13 1.81747e-16 5.96218e-21
 2.38797e-41 3.31434e-33 5.56049e-26 1.12766e-19 2.76432e-14 8.19118e-10 2.93395e-06 0.0012703 0.0664823 0.420587 0.322006 0.0453739 0.0780344 0.048096 0.010948 0.00539304 0.00150376 0.000276814 2.43672e-05 1.28007e-06 2.39337e-08 1.104e-10 1.00208e-13 1.53871e-17 3.62186e-22
 1.36666e-41 1.89683e-33 3.18233e-26 6.45371e-20 1.58205e-14 4.6879e-10 1.67913e-06 0.000727006 0.0380486 0.240711 0.185601 0.0754144 0.26945 0.153428 0.0254918 0.0091172 0.00167212 0.000306735 2.95945e-05 1.07154e-06 1.41602e-08 4.93522e-11 3.33544e-14 3.73645e-18 6.3302e-23
 2.24118e-41 3.11061e-33 5.21869e-26 1.05834e-19 2.59439e-14 7.68766e-10 2.7536e-06 0.00119221 0.0623956 0.394734 0.302431 0.0482371 0.087335 0.0527054 0.0334752 0.0153127 0.00194229 0.000219819 1.68332e-05 5.80608e-07 5.60099e-09 1.3131e-11 6.31385e-15 5.12809e-19 6.2673e-24
 2.01795e-41 2.80078e-33 4.69889e-26 9.52926e-20 2.33599e-14 6.92195e-10 2.47933e-06 0.00107347 0.0561809 0.35542 0.272966 0.0634931 0.151612 0.0751554 0.014888 0.00664107 0.00227449 0.00028036 1.26933e-05 3.02348e-07 2.40833e-09 4.21347e-12 1.36669e-15 7.54233e-20 6.45826e-25
 2.0606e-41 2.85998e-33 4.79821e-26 9.73068e-20 2.38536e-14 7.06826e-10 2.53174e-06 0.00109615 0.0573683 0.362933 0.278803 0.0637647 0.138921 0.0670118 0.0215152 0.00727778 0.00109981 0.000194456 1.27163e-05 2.09112e-07 1.04669e-09 1.34617e-12 3.25266e-16 1.25732e-20 7.27874e-26
 2.02203e-41 2.80645e-33 4.7084e-26 9.54853e-20 2.34071e-14 6.93595e-10 2.48435e-06 0.00107564 0.0562945 0.356141 0.273941 0.0694155 0.14826 0.0664088 0.0202951 0.00682945 0.00120516 0.000123733 7.36264e-06 1.50008e-07 6.12526e-10 4.99122e-13 8.03648e-17 2.21907e-21 9.22952e-27
 2.13483e-41 2.96301e-33 4.97106e-26 1.00812e-19 2.47129e-14 7.32288e-10 2.62294e-06 0.00113564 0.0594349 0.37601 0.289167 0.0679869 0.12745 0.0541927 0.0180798 0.00552489 0.000919207 9.33709e-05 3.98777e-06 6.30642e-08 2.58543e-10 1.86364e-13 2.11873e-17 3.79696e-22 1.05191e-27
 2.09389e-41 2.90618e-33 4.87572e-26 9.88787e-20 2.4239e-14 7.18244e-10 2.57263e-06 0.00111386 0.0582951 0.368802 0.284136 0.0751702 0.138311 0.0537077 0.0153943 0.00430145 0.000700112 6.36453e-05 2.40766e-06 2.8419e-08 8.46362e-11 5.14203e-14 5.09179e-18 7.25661e-23 1.43199e-28
 2.04216e-41 2.83439e-33 4.75528e-26 9.64361e-20 2.36402e-14 7.00501e-10 2.50908e-06 0.00108635 0.056855 0.359696 0.277724 0.082044 0.145908 0.0544917 0.0173312 0.0042332 0.000579543 4.71341e-05 1.54265e-06 1.49041e-08 3.31245e-11 1.42294e-14 1.04784e-18 1.1861e-23 1.89042e-29
 1.93043e-41 2.67931e-33 4.49511e-26 9.11599e-20 2.23468e-14 6.62175e-10 2.3718e-06 0.00102691 0.0537444 0.340024 0.263614 0.0937767 0.164142 0.0588162 0.0196277 0.00458385 0.000601097 3.98056e-05 1.06408e-06 8.36748e-09 1.45266e-11 4.63816e-15 2.4269e-19 1.93308e-24 2.2242e-30
 1.75375e-41 2.43408e-33 4.08368e-26 8.28162e-20 2.03014e-14 6.01568e-10 2.15472e-06 0.000932919 0.0488253 0.308917 0.241213 0.109864 0.189307 0.0683216 0.0260133 0.00581536 0.000742701 4.43418e-05 9.52269e-07 5.7362e-09 7.65006e-12 1.85053e-15 7.16531e-20 4.11897e-25 3.3502e-31
 1.9708e-41 2.73534e-33 4.5891e-26 9.30659e-20 2.2814e-14 6.76021e-10 2.4214e-06 0.00104838 0.0548681 0.347145 0.270012 0.0976081 0.143976 0.0549062 0.0241448 0.00552952 0.000718724 3.94532e-05 7.24886e-07 3.41006e-09 3.3686e-12 5.99579e-16 1.71115e-20 7.21347e-26 4.26152e-32
 1.91821e-41 2.66235e-33 4.46664e-26 9.05826e-20 2.22053e-14 6.57983e-10 2.35679e-06 0.00102041 0.0534041 0.3379 0.264434 0.112012 0.157232 0.0509781 0.0180305 0.00435761 0.000596767 3.16614e-05 5.11907e-07 1.96394e-09 1.48612e-12 1.93884e-16 3.98345e-21 1.20732e-26 5.14222e-33
 1.89903e-41 2.63573e-33 4.42198e-26 8.96768e-20 2.19832e-14 6.51403e-10 2.33322e-06 0.0010102 0.0528701 0.334537 0.263023 0.118952 0.155386 0.0517987 0.0184334 0.00353238 0.000432984 2.26968e-05 3.34751e-07 1.08065e-09 6.47266e-13 6.40546e-17 9.67501e-22 2.11133e-27 6.40709e-34
 1.92731e-41 2.67498e-33 4.48783e-26 9.10123e-20 2.23106e-14 6.61104e-10 2.36797e-06 0.00102525 0.0536575 0.339536 0.267871 0.122678 0.146742 0.0482508 0.0167828 0.00312056 0.000319075 1.37124e-05 1.79445e-07 4.98846e-10 2.43163e-13 1.87503e-17 2.14e-22 3.45234e-28 7.61926e-35
 2.0051e-41 2.78295e-33 4.66898e-26 9.46859e-20 2.32111e-14 6.87788e-10 2.46355e-06 0.00106663 0.0558233 0.353254 0.279062 0.121924 0.13133 0.041503 0.0134439 0.00236218 0.000220262 7.72548e-06 7.86168e-08 1.76795e-10 7.01683e-14 4.29745e-18 3.78838e-23 4.61647e-29 7.56823e-36
 2.00471e-41 2.78241e-33 4.66807e-26 9.46674e-20 2.32066e-14 6.87654e-10 2.46307e-06 0.00106642 0.0558125 0.353218 0.280781 0.129831 0.128948 0.0376562 0.0108218 0.00171588 0.000141919 4.23912e-06 3.38281e-08 5.69998e-11 1.71247e-14 8.08094e-19 5.49862e-24 5.12273e-30 6.33866e-37
 2.04424e-41 2.83727e-33 4.76012e-26 9.65342e-20 2.36642e-14 7.01214e-10 2.51163e-06 0.00108745 0.0569131 0.360212 0.287326 0.130936 0.11861 0.0344218 0.00915585 0.00124636 8.67787e-05 2.14935e-06 1.37134e-08 1.75965e-11 3.88539e-15 1.33623e-19 6.68231e-25 4.62348e-31 4.27192e-38
 1.97722e-41 2.74426e-33 4.60406e-26 9.33695e-20 2.28884e-14 6.78226e-10 2.42929e-06 0.0010518 0.0550475 0.348476 0.281595 0.146002 0.124264 0.034169 0.00830597 0.00102638 5.90542e-05 1.15456e-06 5.73632e-09 5.6295e-12 9.28554e-16 2.33353e-20 8.40833e-26 4.17327e-32 2.77309e-39
 2.02011e-41 2.80378e-33 4.70392e-26 9.53945e-20 2.33848e-14 6.92936e-10 2.48198e-06 0.00107461 0.0562415 0.356077 0.288664 0.144046 0.1127 0.032732 0.00759103 0.000829934 4.03982e-05 6.23539e-07 2.33302e-09 1.70467e-12 2.0835e-16 3.85061e-21 1.01065e-26 3.61951e-33 1.72253e-40
 2.00374e-41 2.78106e-33 4.6658e-26 9.46215e-20 2.31954e-14 6.87321e-10 2.46187e-06 0.00106591 0.0557861 0.353285 0.289698 0.15311 0.110449 0.0295727 0.00634552 0.000657096 2.71633e-05 3.33579e-07 9.46447e-10 5.07159e-13 4.49104e-17 6.00517e-22 1.14047e-27 2.95155e-34 1.01229e-41
 1.94245e-41 2.69599e-33 4.52309e-26 9.17273e-20 2.24859e-14 6.66297e-10 2.38657e-06 0.0010333 0.0540802 0.342626 0.285963 0.166229 0.113249 0.0303664 0.00589546 0.000535849 1.92983e-05 1.92918e-07 4.18589e-10 1.65931e-13 1.0646e-17 1.01936e-22 1.38044e-28 2.54753e-35 6.23848e-43
 1.86136e-41 2.58344e-33 4.33426e-26 8.78979e-20 2.15471e-14 6.38481e-10 2.28694e-06 0.000990165 0.0518232 0.32853 0.280644 0.180998 0.117802 0.0326897 0.00601804 0.000487843 1.4587e-05 1.18156e-07 2.00363e-10 5.96122e-14 2.79714e-18 1.93078e-23 1.86841e-29 2.45036e-36 4.25203e-44
#spawning biomass
 7883.61 7743.69 9909.69 10973.5 17554 29319.1 29078.7 35275 45137.7 53825 66052.7 89564.1 121611 147276 135563 118769 114113 108151 99883.1 94138.3 96869.9 109085 114264 114741 132551 144481 137536 138851 158285 176072 102293 56564.5 33970.5 24132 20176.1 18668.8 18115.9 17918.5 17849.5 17825.7 17817.6 17814.9 17813.9 17813.6 17813.5 17813.5 17813.5 17813.5 17813.5 17813.5 17813.5 17813.5 17813.5 17813.5 17813.5 17813.5 17813.5 17813.5 17813.5 17813.5 17813.5 17813.5 17813.5 17813.5 17813.5 17813.5 17813.5 17813.5 17813.5 17813.5 17813.5 17813.5 17813.5 17813.5 17813.5 17813.5 17813.5 17813.5 17813.5 17813.5 17813.5 17813.5 17813.5 17813.5 17813.5 17813.5 17813.5 17813.5 17813.5 17813.5 17813.5 17813.5 17813.5 17813.5 17813.5 17813.5 17813.5 17813.5 17813.5 17813.5 17813.5 17813.5 17813.5 17813.5 17813.5 17813.5 17813.5 17813.5 17813.5 17813.5 17813.5 17813.5 17813.5 17813.5 17813.5 17813.5 17813.5 17813.5 17813.5 17813.5 17813.5 17813.5 17813.5 17813.5 17813.5 17813.5 17813.5 17813.5 0 0 0 0 0 0 0 0 0 0 0 0 0 0 0 0 0 0 0 0 0 0 0 0 0
