SBPRF35
0.819782
Curr Bio
134365
B35
646298
F35
0.239133
FOFL
0
OFL
0
Bzero
234224
#pred survey bio
 11317.9 12259.3 13211.6 18204.7 20462.4 23762.6 28277.9 38080.4 50646.8 66871.2 86332.9 106977 137277 148491 148544 129688 122578 120285 117630 132116 130064 134345 154145 190107 198316 189204 176187 153927 4.34449e+06 5.7352e+06 6.32999e+06 6.02073e+06 5.35143e+06 4.61447e+06 3.94947e+06 3.40665e+06 2.98912e+06 2.67974e+06 2.45589e+06 2.29623e+06 2.18321e+06 2.10325e+06 2.04588e+06 2.00408e+06 1.9747e+06 1.95377e+06 1.93864e+06 1.92753e+06 1.91927e+06 1.91304e+06 1.90829e+06 1.90461e+06 1.90174e+06 1.89949e+06 1.8977e+06 1.89627e+06 1.89513e+06 1.8942e+06 1.89346e+06 1.89286e+06 1.89237e+06 1.89197e+06 1.89165e+06 1.89138e+06 1.89117e+06 1.89099e+06 1.89085e+06 1.89073e+06 1.89063e+06 1.89055e+06 1.89049e+06 1.89044e+06 1.89039e+06 1.89036e+06 1.89033e+06 1.89031e+06 1.89029e+06 1.89027e+06 1.89026e+06 1.89025e+06 1.89024e+06 1.89023e+06 1.89023e+06 1.89022e+06 1.89022e+06 1.89021e+06 1.89021e+06 1.89021e+06 1.89021e+06 1.89021e+06 1.89021e+06 1.8902e+06 1.8902e+06 1.8902e+06 1.8902e+06 1.8902e+06 1.8902e+06 1.8902e+06 1.8902e+06 1.8902e+06 1.8902e+06 1.8902e+06 1.8902e+06 1.8902e+06 1.8902e+06 1.8902e+06 1.8902e+06 1.8902e+06 1.8902e+06 1.8902e+06 1.8902e+06 1.8902e+06 1.8902e+06 1.8902e+06 1.8902e+06 1.8902e+06 1.8902e+06 1.8902e+06 1.8902e+06 1.8902e+06 1.8902e+06 1.8902e+06 1.8902e+06 1.8902e+06 1.8902e+06 1.8902e+06 1.8902e+06 1.8902e+06 0 0 0 0 0 0 0 0 0 0 0 0 0 0 0 0 0 0 0 0 0 0 0 0 0
#obs survey bio
 9344.19 11252.8 12189.8 21858.3 23222.7 24668.2 35974.5 32139.1 48851.6 54349.7 105039 90346.9 118148 109093 96230.9 91522.2 75998.7 97917.8 147093 107629 103043 156013 116004 148131 164752 162995 191407 133480
#pred catch bio
 5569.63 6986.08 6689.19 10132.5 11388.1 14094 16433.2 22222.3 30090.8 40108.6 52051.3 63370.6 89093.2 93483.5 98951.4 87035.2 83235.1 83677.3 74471.9 92105 89957 89645.8 98749 133688 144907 135975 130729 92544.1 0 43689 54925.2 52563.1 45984.3 38812.2 32440 27321.9 23457.4 20657.5 18687.2 17329.5 16408.4 15790.1 15375.9 15098.9 14920.3 14805.3 14731.1 14683.2 14652.4 14632.5 14619.7 14611.5 14606.2 14602.7 14600.5 14599.1 14598.2 14597.6 14597.2 14597 14596.8 14596.7 14596.6 14596.6 14596.6 14596.5 14596.5 14596.5 14596.5 14596.5 14596.5 14596.5 14596.5 14596.5 14596.5 14596.5 14596.5 14596.5 14596.5 14596.5 14596.5 14596.5 14596.5 14596.5 14596.5 14596.5 14596.5 14596.5 14596.5 14596.5 14596.5 14596.5 14596.5 14596.5 14596.5 14596.5 14596.5 14596.5 14596.5 14596.5 14596.5 14596.5 14596.5 14596.5 14596.5 14596.5 14596.5 14596.5 14596.5 14596.5 14596.5 14596.5 14596.5 14596.5 14596.5 14596.5 14596.5 14596.5 14596.5 14596.5 14596.5 14596.5 14596.5 14596.5 14596.5 14596.5 14596.5 14596.5 0 0 0 0 0 0 0 0 0 0 0 0 0 0 0 0 0 0 0 0 0 0 0 0 0
#obs catch bio
 7779.77 6938.86 6437.48 8645.8 10263.6 13513.1 14513.4 19824 28039.8 37616.7 47279.7 55894.1 81015.3 85406.4 93847.4 84210.8 85958.6 80137.6 64885.6 83673.1 87224.7 73461.1 90608.5 120390 138290 127710 112765 86216.8
#pred cpue bio
 7412.56 7992.96 7786.67 10249.9 12234.6 13834.3 15410 19803.6 26562.1 34639.2 44988.6 56748 72366.3 79059.8 85402.8 74930.3 66925.3 63899.1 60847.9 70754.1 66762.5 68269.5 77213.3 95802.6 98403.5 93617.8 90465.2 77502.6 2.38847e+06 4.67685e+06 6.00352e+06 5.824e+06 5.16826e+06 4.43252e+06 3.76762e+06 3.22482e+06 2.80728e+06 2.49791e+06 2.27406e+06 2.1144e+06 2.00138e+06 1.92142e+06 1.86405e+06 1.82225e+06 1.79287e+06 1.77194e+06 1.7568e+06 1.7457e+06 1.73744e+06 1.73121e+06 1.72645e+06 1.72278e+06 1.71991e+06 1.71765e+06 1.71586e+06 1.71444e+06 1.71329e+06 1.71237e+06 1.71163e+06 1.71102e+06 1.71054e+06 1.71014e+06 1.70981e+06 1.70955e+06 1.70933e+06 1.70916e+06 1.70901e+06 1.7089e+06 1.7088e+06 1.70872e+06 1.70866e+06 1.7086e+06 1.70856e+06 1.70853e+06 1.7085e+06 1.70847e+06 1.70845e+06 1.70844e+06 1.70843e+06 1.70842e+06 1.70841e+06 1.7084e+06 1.70839e+06 1.70839e+06 1.70839e+06 1.70838e+06 1.70838e+06 1.70838e+06 1.70838e+06 1.70837e+06 1.70837e+06 1.70837e+06 1.70837e+06 1.70837e+06 1.70837e+06 1.70837e+06 1.70837e+06 1.70837e+06 1.70837e+06 1.70837e+06 1.70837e+06 1.70837e+06 1.70837e+06 1.70837e+06 1.70837e+06 1.70837e+06 1.70837e+06 1.70837e+06 1.70837e+06 1.70837e+06 1.70837e+06 1.70837e+06 1.70837e+06 1.70837e+06 1.70837e+06 1.70837e+06 1.70837e+06 1.70837e+06 1.70837e+06 1.70837e+06 1.70837e+06 1.70837e+06 1.70837e+06 1.70837e+06 1.70837e+06 1.70837e+06 1.70837e+06 1.70837e+06 0 0 0 0 0 0 0 0 0 0 0 0 0 0 0 0 0 0 0 0 0 0 0 0 0
#obs cpue bio
 12554.8 9107.94 12693.8 16491.2 16746.2 12965.9 26789.3 29492.8 35422.7 52542.8 59130.8 112902 117611 138461 149935 125342 85849.9 109974 90845.7 119172 90302.5 160103 114474 196526 136248 137765 172864 111043
#pred surv len freq
 1.48914e-11 1.61631e-09 1.03444e-07 3.90365e-06 8.68612e-05 0.00113966 0.0088176 0.0402453 0.108569 0.174788 0.175915 0.132346 0.103219 0.0840898 0.0582994 0.0365524 0.0234299 0.0153106 0.0103183 0.00735429 0.00564808 0.00473592 0.00410758 0.00317119 0.0018526
 1.20032e-11 1.30283e-09 8.33809e-08 3.14654e-06 7.00147e-05 0.000918643 0.00710831 0.0324603 0.0877945 0.143179 0.152749 0.137618 0.135162 0.120722 0.0817705 0.046154 0.0249752 0.0129114 0.00655313 0.0035726 0.00218842 0.00153098 0.00118169 0.000870033 0.000506674
 1.54002e-11 1.67154e-09 1.06978e-07 4.03703e-06 8.9829e-05 0.0011786 0.00911885 0.0416197 0.112268 0.180677 0.181532 0.135817 0.105335 0.0867182 0.0622315 0.0400018 0.0234512 0.0115169 0.004818 0.00191854 0.000809919 0.000402211 0.000244102 0.000158992 8.85229e-05
 1.53716e-11 1.66844e-09 1.0678e-07 4.02954e-06 8.96623e-05 0.00117641 0.00910209 0.0415463 0.112113 0.180776 0.183259 0.141251 0.113836 0.092438 0.0600366 0.0325074 0.0170479 0.00858691 0.00388963 0.00152969 0.000523459 0.000172563 6.62219e-05 3.18771e-05 1.55628e-05
 1.32861e-11 1.44208e-09 9.22927e-08 3.48284e-06 7.74979e-05 0.00101682 0.00786776 0.035923 0.0970858 0.157735 0.165493 0.142143 0.132101 0.114337 0.0747026 0.0392464 0.0190117 0.00832975 0.00321546 0.00116005 0.000390844 0.000116414 3.13736e-05 9.03645e-06 3.08993e-06
 1.49902e-11 1.62704e-09 1.04131e-07 3.92957e-06 8.74378e-05 0.00114723 0.00887628 0.0405158 0.109335 0.176317 0.178844 0.13822 0.112406 0.0936502 0.0649628 0.0390677 0.0214302 0.00982116 0.00366463 0.00118523 0.000345934 9.19424e-05 2.19971e-05 4.71455e-06 9.87942e-07
 1.568e-11 1.70191e-09 1.08922e-07 4.11039e-06 9.14614e-05 0.00120002 0.00928469 0.0423792 0.114352 0.184316 0.186515 0.142871 0.113927 0.0915083 0.058213 0.0300662 0.0146187 0.00667744 0.00269054 0.0009325 0.000270223 6.54108e-05 1.3593e-05 2.46275e-06 3.90755e-07
 1.64423e-11 1.78465e-09 1.14217e-07 4.31021e-06 9.59076e-05 0.00125835 0.00973588 0.0444354 0.119856 0.19283 0.19345 0.14378 0.109252 0.0852678 0.0533557 0.0267706 0.0122638 0.0050627 0.00179276 0.000570616 0.000166091 4.1777e-05 8.60141e-06 1.4249e-06 1.91936e-07
 1.59686e-11 1.73324e-09 1.10927e-07 4.18604e-06 9.31447e-05 0.0012221 0.00945556 0.0431589 0.116452 0.187674 0.189782 0.144992 0.114926 0.0912097 0.0561595 0.0268122 0.0115001 0.00449352 0.00149376 0.000429663 0.000110237 2.51792e-05 5.02231e-06 8.32337e-07 1.08591e-07
 1.63185e-11 1.77122e-09 1.13358e-07 4.27778e-06 9.51859e-05 0.00124888 0.00966267 0.0441022 0.118971 0.191516 0.192648 0.144531 0.11142 0.0873669 0.0541237 0.0263815 0.0115417 0.00447284 0.00142158 0.00038026 8.93507e-05 1.83235e-05 3.24163e-06 4.88695e-07 6.07298e-08
 1.60511e-11 1.7422e-09 1.115e-07 4.20768e-06 9.36262e-05 0.00122842 0.00950442 0.0433816 0.117049 0.188603 0.190563 0.145173 0.114549 0.090629 0.0556215 0.0263654 0.0111549 0.00425916 0.00135676 0.000362368 8.26904e-05 1.58855e-05 2.556e-06 3.43899e-07 3.81045e-08
 1.57194e-11 1.70619e-09 1.09196e-07 4.12071e-06 9.1691e-05 0.00120303 0.00930805 0.0424867 0.114655 0.184906 0.187587 0.1449 0.116809 0.0936366 0.058018 0.0279215 0.0119938 0.00457612 0.00142979 0.000371963 8.34102e-05 1.58301e-05 2.47605e-06 3.13575e-07 3.16894e-08
 1.60354e-11 1.74049e-09 1.11391e-07 4.20356e-06 9.35346e-05 0.00122722 0.0094951 0.0433385 0.116926 0.188349 0.19005 0.144137 0.113096 0.0897365 0.0561702 0.0278812 0.0124747 0.00491347 0.00157448 0.000417586 9.38856e-05 1.75667e-05 2.695e-06 3.34383e-07 3.27085e-08
 1.53845e-11 1.66984e-09 1.0687e-07 4.03294e-06 8.9738e-05 0.00117741 0.0091099 0.0415846 0.112252 0.181283 0.185098 0.14604 0.121238 0.098058 0.0597441 0.0274193 0.011083 0.00409911 0.00128547 0.000340396 7.71407e-05 1.45754e-05 2.24088e-06 2.75271e-07 2.64325e-08
 1.37382e-11 1.49114e-09 9.5433e-08 3.60135e-06 8.01347e-05 0.00105142 0.0081354 0.0371438 0.100369 0.162936 0.170327 0.144675 0.132426 0.112913 0.0715191 0.0350502 0.0152755 0.00579451 0.00175318 0.000433956 9.31189e-05 1.72148e-05 2.64768e-06 3.27558e-07 3.15437e-08
 1.40534e-11 1.52536e-09 9.76227e-08 3.68398e-06 8.19733e-05 0.00107554 0.00832191 0.0379925 0.102623 0.166284 0.172372 0.142778 0.126979 0.107822 0.0700536 0.0365197 0.0171912 0.0069423 0.00222672 0.000580826 0.000126278 2.25275e-05 3.28707e-06 3.92273e-07 3.73182e-08
 1.53636e-11 1.66757e-09 1.06724e-07 4.02744e-06 8.96156e-05 0.0011758 0.00909741 0.0415263 0.112078 0.180867 0.184043 0.143633 0.117718 0.0957475 0.0607447 0.0307367 0.0141383 0.00576456 0.00193865 0.000543656 0.000127246 2.40694e-05 3.61215e-06 4.25962e-07 3.90439e-08
 1.54758e-11 1.67975e-09 1.07504e-07 4.05686e-06 9.02702e-05 0.00118439 0.00916391 0.0418305 0.112908 0.182281 0.185828 0.14587 0.120243 0.0969828 0.0591879 0.0273326 0.0111523 0.00416112 0.00131953 0.000357198 8.40872e-05 1.66748e-05 2.67346e-06 3.34477e-07 3.17194e-08
 1.59168e-11 1.72761e-09 1.10567e-07 4.17246e-06 9.28425e-05 0.00121814 0.00942493 0.0430201 0.116092 0.187205 0.189832 0.146372 0.117476 0.0932398 0.0561734 0.0252738 0.00984682 0.00344433 0.000990433 0.00023479 4.88957e-05 9.00862e-06 1.41734e-06 1.82099e-07 1.81844e-08
 1.53519e-11 1.6663e-09 1.06643e-07 4.02437e-06 8.95473e-05 0.00117491 0.00909054 0.041496 0.112011 0.180879 0.184618 0.145501 0.120697 0.097916 0.060359 0.0284396 0.0117982 0.00430691 0.00125666 0.000294061 5.79154e-05 9.63237e-06 1.34619e-06 1.58251e-07 1.52386e-08
 1.61139e-11 1.74901e-09 1.11936e-07 4.22413e-06 9.39921e-05 0.00123322 0.00954158 0.0435515 0.117511 0.189377 0.191483 0.146211 0.115642 0.0911308 0.0548961 0.0248142 0.00975604 0.00345314 0.00100588 0.000238509 4.74506e-05 7.80404e-06 1.03941e-06 1.11761e-07 9.65617e-09
 1.61483e-11 1.75274e-09 1.12175e-07 4.23315e-06 9.41929e-05 0.00123586 0.00956198 0.0436448 0.117766 0.189814 0.192047 0.146944 0.116485 0.0915514 0.054389 0.0236962 0.00878327 0.00294167 0.000815183 0.000183214 3.49785e-05 5.66963e-06 7.54899e-07 8.03574e-08 6.67556e-09
 1.65616e-11 1.7976e-09 1.15046e-07 4.34148e-06 9.66034e-05 0.00126748 0.00980656 0.0447588 0.12074 0.194346 0.195406 0.146327 0.112223 0.0868869 0.0519087 0.0231915 0.00892375 0.00305241 0.000839048 0.000182339 3.31169e-05 5.08706e-06 6.46602e-07 6.68621e-08 5.48059e-09
 1.64617e-11 1.78676e-09 1.14353e-07 4.31531e-06 9.60211e-05 0.00125984 0.00974747 0.0444896 0.12002 0.193236 0.194521 0.146274 0.112941 0.0877949 0.0525661 0.0235749 0.00914738 0.00317919 0.000899619 0.000203686 3.81726e-05 5.85942e-06 7.2121e-07 7.10504e-08 5.55237e-09
 1.65061e-11 1.79157e-09 1.14661e-07 4.32693e-06 9.62797e-05 0.00126323 0.00977374 0.0446099 0.12035 0.193813 0.195315 0.147401 0.114302 0.0884986 0.0517882 0.0218353 0.00766966 0.00244932 0.000656993 0.000142838 2.61579e-05 4.03084e-06 5.04867e-07 5.00497e-08 3.84e-09
 1.64178e-11 1.782e-09 1.14048e-07 4.30381e-06 9.57651e-05 0.00125648 0.00972154 0.0443724 0.11972 0.192883 0.194773 0.148016 0.115954 0.0900027 0.0521498 0.0212946 0.00703092 0.00208846 0.000517236 0.000100767 1.6268e-05 2.2701e-06 2.68505e-07 2.60422e-08 1.99901e-09
 1.56836e-11 1.70231e-09 1.08947e-07 4.11133e-06 9.14824e-05 0.0012003 0.00928697 0.0423924 0.114427 0.18475 0.188418 0.148047 0.121916 0.0972647 0.0571105 0.0237812 0.00810484 0.00246412 0.000607821 0.000114253 1.71893e-05 2.1677e-06 2.27187e-07 1.96045e-08 1.38225e-09
 1.61621e-11 1.75425e-09 1.12271e-07 4.23678e-06 9.42737e-05 0.00123692 0.00957019 0.0436826 0.117873 0.190022 0.192426 0.147657 0.117469 0.092168 0.0540552 0.0227001 0.00786619 0.00243176 0.000607874 0.000115833 1.75833e-05 2.1902e-06 2.18915e-07 1.73411e-08 1.09194e-09
#obs surv len freq
 1.1646e-11 1.26406e-09 8.08996e-08 3.0529e-06 6.79313e-05 0.000891312 0.00689694 0.031497 0.0852021 0.138967 0.147949 0.131876 0.128718 0.119886 0.0913983 0.0596427 0.0336823 0.0155301 0.00570225 0.00165349 0.000368581 6.09833e-05 7.24407e-06 5.98709e-07 3.34642e-08
 8.34407e-12 9.05671e-10 5.79629e-08 2.18734e-06 4.86719e-05 0.000638642 0.00494286 0.0225966 0.0614313 0.102526 0.119428 0.130793 0.152028 0.149437 0.114408 0.0738186 0.0408263 0.0183135 0.00650081 0.0018093 0.000384207 6.00994e-05 6.70082e-06 5.16578e-07 2.67977e-08
 1.8512e-11 2.0093e-09 1.28595e-07 4.85278e-06 0.00010798 0.00141674 0.0109609 0.0500144 0.134728 0.215255 0.208532 0.134946 0.0784477 0.0562439 0.0447935 0.0326449 0.0192517 0.00866877 0.00299506 0.000799554 0.000161465 2.38576e-05 2.4974e-06 1.79785e-07 8.66887e-09
 8.4301e-12 9.15009e-10 5.85605e-08 2.20991e-06 4.91745e-05 0.000645271 0.00499539 0.0228617 0.0624487 0.10627 0.131576 0.157403 0.184374 0.1625 0.0967745 0.0426681 0.0172018 0.00693984 0.00246132 0.000673397 0.000134075 1.89661e-05 1.8709e-06 1.25886e-07 5.64577e-09
 1.41023e-11 1.53067e-09 9.79627e-08 3.69681e-06 8.2259e-05 0.00107929 0.00835108 0.0381256 0.102944 0.166231 0.168654 0.128765 0.103984 0.0961222 0.083399 0.0586741 0.0298566 0.0104506 0.00263724 0.000534957 9.1444e-05 1.22378e-05 1.16655e-06 7.49958e-08 3.16656e-09
 1.19734e-11 1.2996e-09 8.31743e-08 3.13875e-06 6.98422e-05 0.000916425 0.00709256 0.0324145 0.0879434 0.145006 0.159462 0.149122 0.143333 0.120432 0.077846 0.0423477 0.0212673 0.00909153 0.00290026 0.00064259 9.76268e-05 1.04344e-05 8.08045e-07 4.50943e-08 1.74055e-09
 1.64747e-11 1.78817e-09 1.14443e-07 4.31873e-06 9.60976e-05 0.00126087 0.00975615 0.0445408 0.120257 0.193993 0.195343 0.143333 0.102991 0.0789612 0.0548951 0.0321167 0.0150682 0.00544628 0.00153521 0.000339638 5.58951e-05 6.374e-06 4.82866e-07 2.40118e-08 7.86135e-10
 1.34815e-11 1.46329e-09 9.36505e-08 3.53409e-06 7.86395e-05 0.00103186 0.0079861 0.036498 0.0989882 0.16275 0.176114 0.156164 0.138713 0.108649 0.0645964 0.0304 0.0123457 0.00425087 0.00115508 0.000236047 3.535e-05 3.79327e-06 2.82771e-07 1.41105e-08 4.56394e-10
 1.42552e-11 1.54727e-09 9.90249e-08 3.73691e-06 8.31522e-05 0.00109107 0.00844383 0.0385794 0.104495 0.170747 0.180238 0.149891 0.125234 0.0999962 0.0658985 0.0349745 0.0145526 0.00452026 0.00104245 0.000183128 2.44736e-05 2.39192e-06 1.63382e-07 7.5412e-09 2.29444e-10
 1.42011e-11 1.5414e-09 9.86494e-08 3.72274e-06 8.28374e-05 0.00108695 0.00841259 0.0384466 0.104233 0.170873 0.182082 0.15384 0.128556 0.0994777 0.0623334 0.0317858 0.0132634 0.00429472 0.00102736 0.000176866 2.15662e-05 1.84479e-06 1.09809e-07 4.48014e-09 1.22426e-10
 1.28609e-11 1.39593e-09 8.93398e-08 3.37144e-06 7.50211e-05 0.000984437 0.00762054 0.0348518 0.0947503 0.156954 0.173026 0.157187 0.140498 0.111087 0.0692649 0.0344992 0.0137896 0.00424588 0.000976712 0.000164935 1.98999e-05 1.65958e-06 9.3152e-08 3.45912e-09 8.40326e-11
 1.41612e-11 1.53706e-09 9.83719e-08 3.71228e-06 8.26052e-05 0.00108394 0.00839005 0.0383556 0.104084 0.171034 0.18294 0.154321 0.127427 0.0985583 0.0630621 0.0325205 0.0131357 0.00396725 0.000876116 0.000140345 1.6037e-05 1.27382e-06 6.84922e-08 2.4349e-09 5.61055e-11
 1.36054e-11 1.47674e-09 9.45113e-08 3.5666e-06 7.93646e-05 0.00104146 0.00806268 0.0368825 0.100318 0.166176 0.182033 0.160563 0.136047 0.102326 0.0613099 0.0294755 0.0114048 0.00339794 0.000746975 0.000117758 1.2984e-05 9.78838e-07 4.9503e-08 1.65115e-09 3.57382e-11
 1.13448e-11 1.23137e-09 7.88078e-08 2.97402e-06 6.61803e-05 0.00086855 0.00672688 0.0308205 0.084317 0.142534 0.165834 0.163925 0.153748 0.121637 0.0749021 0.036228 0.0136224 0.0038401 0.000794357 0.000119026 1.26185e-05 9.17679e-07 4.45249e-08 1.41103e-09 2.87478e-11
 9.22065e-12 1.00082e-09 6.40527e-08 2.41722e-06 5.37922e-05 0.000706073 0.00547144 0.0251169 0.0691837 0.119624 0.147885 0.161387 0.164903 0.139739 0.092755 0.0479526 0.0186889 0.00529053 0.00107021 0.00015327 1.52966e-05 1.04221e-06 4.7483e-08 1.41861e-09 2.73003e-11
 1.21123e-11 1.31468e-09 8.41399e-08 3.17524e-06 7.06582e-05 0.000927308 0.00718129 0.0328848 0.0897242 0.149905 0.167479 0.152757 0.136505 0.113954 0.0797519 0.0440096 0.0181527 0.00538775 0.00112684 0.00016311 1.60262e-05 1.05025e-06 4.52418e-08 1.26464e-09 2.26605e-11
 1.17225e-11 1.27237e-09 8.14321e-08 3.07309e-06 6.83876e-05 0.000897631 0.0069547 0.0318977 0.0874914 0.148595 0.172999 0.166857 0.148715 0.112949 0.0690622 0.0344787 0.0137992 0.00417724 0.000905965 0.000135351 1.35396e-05 8.88311e-07 3.7637e-08 1.01729e-09 1.73665e-11
 1.24838e-11 1.355e-09 8.67207e-08 3.27268e-06 7.28294e-05 0.00095593 0.00740612 0.0339592 0.0930198 0.157065 0.17932 0.166292 0.143229 0.107743 0.0651558 0.0308626 0.0111847 0.00303133 0.000604371 8.6315e-05 8.49358e-06 5.54628e-07 2.33719e-08 6.23791e-10 1.04133e-11
 1.16945e-11 1.26934e-09 8.12386e-08 3.06584e-06 6.82297e-05 0.000895696 0.0069429 0.0318858 0.0877716 0.150327 0.177457 0.172416 0.151645 0.112038 0.065283 0.0297186 0.0103368 0.00265206 0.000489073 6.3586e-05 5.70671e-06 3.45149e-07 1.37243e-08 3.50707e-10 5.65133e-12
 1.20702e-11 1.31011e-09 8.38483e-08 3.16434e-06 7.04228e-05 0.000924515 0.0071667 0.0329144 0.0905634 0.154654 0.180526 0.171352 0.147753 0.108989 0.0638252 0.0287648 0.00967379 0.00235755 0.000408433 4.94136e-05 4.08518e-06 2.25703e-07 8.17189e-09 1.90694e-10 2.82676e-12
 1.28438e-11 1.39408e-09 8.92226e-08 3.36718e-06 7.49381e-05 0.000983824 0.00762688 0.0350286 0.096333 0.16397 0.188861 0.173313 0.142425 0.10026 0.0563338 0.0245234 0.0080135 0.00189536 0.000315536 3.61673e-05 2.79607e-06 1.43037e-07 4.76088e-09 1.01601e-10 1.37274e-12
 1.21408e-11 1.31778e-09 8.43401e-08 3.183e-06 7.08444e-05 0.000930288 0.00721667 0.0332092 0.0918358 0.158602 0.188391 0.179796 0.149944 0.103199 0.0552946 0.0226918 0.00698152 0.00156035 0.000246342 2.68001e-05 1.96087e-06 9.43708e-08 2.9335e-09 5.80552e-11 7.23147e-13
 1.28359e-11 1.39323e-09 8.91689e-08 3.36525e-06 7.49014e-05 0.000983564 0.00762945 0.0350943 0.0968655 0.166101 0.19327 0.177717 0.143481 0.0977123 0.0522325 0.0210816 0.00622813 0.00131107 0.000193003 1.95289e-05 1.33068e-06 5.9756e-08 1.73451e-09 3.2026e-11 3.71366e-13
 1.20392e-11 1.30676e-09 8.3636e-08 3.15656e-06 7.02645e-05 0.00092297 0.00716591 0.0330451 0.09183 0.160131 0.192622 0.184239 0.150707 0.100416 0.0516671 0.0200835 0.00574528 0.00117029 0.000165111 1.57903e-05 1.00457e-06 4.18023e-08 1.12083e-09 1.91096e-11 2.04776e-13
 1.21543e-11 1.31925e-09 8.44363e-08 3.18683e-06 7.09417e-05 0.000931971 0.00723758 0.033391 0.0928461 0.161861 0.193915 0.183726 0.149202 0.099502 0.0511582 0.0195557 0.00539674 0.00104774 0.000140252 1.27041e-05 7.63317e-07 2.98449e-08 7.47119e-10 1.18212e-11 1.17015e-13
 1.08372e-11 1.17631e-09 7.52897e-08 2.84184e-06 6.32759e-05 0.000831771 0.00647009 0.0299823 0.0843266 0.151029 0.190326 0.191297 0.160113 0.106112 0.0532419 0.0197752 0.00529679 0.000993606 0.000127397 1.09456e-05 6.19045e-07 2.26761e-08 5.30389e-10 7.82506e-12 7.20699e-14
 1.0919e-11 1.18519e-09 7.58589e-08 2.86341e-06 6.37599e-05 0.000838231 0.00652164 0.0302268 0.0849795 0.151757 0.189711 0.188922 0.158606 0.107019 0.054637 0.0202961 0.00532486 0.000964118 0.00011834 9.68246e-06 5.18946e-07 1.79211e-08 3.93163e-10 5.41695e-12 4.64379e-14
 1.12416e-11 1.22022e-09 7.81022e-08 2.94822e-06 6.56552e-05 0.000863351 0.00672041 0.0311772 0.0877695 0.156802 0.194905 0.190422 0.155059 0.101429 0.0505498 0.0184806 0.00478977 0.000853568 0.000102108 8.04521e-06 4.10913e-07 1.34199e-08 2.76979e-10 3.5767e-12 2.8651e-14
#pred catch len freq
 9.40754e-12 1.0211e-09 6.53502e-08 2.46612e-06 5.48745e-05 0.000720001 0.00557155 0.0254498 0.0689309 0.113203 0.124448 0.121402 0.129766 0.122807 0.091128 0.0609175 0.0409639 0.0273648 0.0186069 0.0133069 0.0102305 0.00858059 0.00744257 0.00574596 0.00335677
 7.26224e-12 7.88246e-10 5.04477e-08 1.90374e-06 4.23613e-05 0.000555839 0.0043021 0.0196717 0.0535629 0.0902324 0.109663 0.13212 0.164672 0.160507 0.113406 0.0672532 0.0380194 0.0201013 0.010306 0.0056447 0.00346339 0.00242394 0.00187108 0.00137763 0.000802279
 1.02797e-11 1.11576e-09 7.14087e-08 2.69475e-06 5.99618e-05 0.000786748 0.00608794 0.027806 0.0752779 0.123347 0.134313 0.128018 0.134502 0.128395 0.0984614 0.0668911 0.0406769 0.0203129 0.00857193 0.00343219 0.00145291 0.000722221 0.000438417 0.000285567 0.000158997
 1.0749e-11 1.1667e-09 7.4669e-08 2.81778e-06 6.26995e-05 0.000822671 0.00636602 0.0290785 0.0787553 0.129304 0.141976 0.137912 0.1458 0.133773 0.0911317 0.051629 0.0282192 0.0145218 0.00663558 0.00261955 0.000897964 0.000296262 0.00011373 5.47511e-05 2.67306e-05
 8.53343e-12 9.26222e-10 5.92781e-08 2.23698e-06 4.97761e-05 0.000653122 0.0050547 0.0231045 0.0627935 0.10485 0.123222 0.139201 0.165811 0.157755 0.107308 0.0589666 0.0298286 0.0133817 0.00522181 0.00189481 0.000640141 0.000190862 5.14558e-05 1.48227e-05 5.06867e-06
 1.0495e-11 1.13914e-09 7.29045e-08 2.75119e-06 6.12178e-05 0.00080323 0.00621555 0.0283903 0.0768802 0.126136 0.138098 0.133332 0.141077 0.132573 0.0966786 0.060696 0.0343562 0.0159779 0.0060038 0.00195025 0.000570621 0.000151826 3.63396e-05 7.78967e-06 1.63242e-06
 1.13532e-11 1.23228e-09 7.88657e-08 2.97615e-06 6.62234e-05 0.000868906 0.00672369 0.0307097 0.0831385 0.136221 0.148276 0.140865 0.145622 0.131634 0.087461 0.0469741 0.0237199 0.0110626 0.00449669 0.00156475 0.000454292 0.000110062 2.28811e-05 4.14628e-06 6.57916e-07
 1.2358e-11 1.34134e-09 8.58455e-08 3.23954e-06 7.20842e-05 0.000945797 0.00731844 0.0334204 0.090398 0.147479 0.157582 0.142523 0.140188 0.123991 0.0810967 0.0421876 0.0200179 0.00843081 0.00301221 0.000963284 0.000281065 7.07658e-05 1.45751e-05 2.41484e-06 3.25301e-07
 1.18817e-11 1.28965e-09 8.25373e-08 3.1147e-06 6.93064e-05 0.000909355 0.00703663 0.0321375 0.0869829 0.142352 0.154161 0.144477 0.147025 0.130758 0.0837048 0.0412966 0.018352 0.00732966 0.00246025 0.000711116 0.000182931 4.18338e-05 8.34834e-06 1.3838e-06 1.80549e-07
 1.23541e-11 1.34092e-09 8.58187e-08 3.23853e-06 7.20617e-05 0.000945503 0.00731619 0.0334109 0.0903823 0.147535 0.158015 0.143816 0.142237 0.12555 0.0810102 0.0408038 0.0184563 0.00729467 0.00233856 0.000628447 0.000148073 3.04066e-05 5.38228e-06 8.11594e-07 1.00865e-07
 1.20601e-11 1.309e-09 8.37761e-08 3.16145e-06 7.03466e-05 0.000923002 0.00714219 0.0326186 0.0882719 0.144354 0.15583 0.144818 0.146127 0.129429 0.0825191 0.0403602 0.0176664 0.0068898 0.00221531 0.000594458 0.000136012 2.61632e-05 4.21217e-06 5.66876e-07 6.28175e-08
 1.15595e-11 1.25467e-09 8.02986e-08 3.03022e-06 6.74266e-05 0.000884692 0.00684587 0.0312682 0.0846575 0.138765 0.151292 0.144275 0.149338 0.133838 0.0861966 0.0428977 0.0190952 0.00744447 0.00234818 0.000613962 0.00013809 2.62469e-05 4.10804e-06 5.20401e-07 5.25973e-08
 1.23868e-11 1.34446e-09 8.60455e-08 3.24709e-06 7.22521e-05 0.000948001 0.0073355 0.0334986 0.0906132 0.147861 0.158128 0.143346 0.141254 0.124738 0.0809616 0.0413351 0.0190107 0.00760713 0.0024544 0.000653319 0.000147198 2.75712e-05 4.23188e-06 5.25186e-07 5.13773e-08
 1.14745e-11 1.24544e-09 7.97083e-08 3.00795e-06 6.6931e-05 0.000878191 0.00679564 0.0310404 0.0840625 0.137965 0.151229 0.146129 0.152842 0.136519 0.0859233 0.0405271 0.0169159 0.00639225 0.00202384 0.000538398 0.00012232 2.31399e-05 3.55954e-06 4.37361e-07 4.20014e-08
 9.83377e-12 1.06736e-09 6.8311e-08 2.57785e-06 5.73609e-05 0.000752634 0.00582447 0.0266144 0.0722123 0.119613 0.136185 0.143879 0.162644 0.15046 0.0981086 0.0494484 0.022198 0.00856891 0.00261237 0.000649321 0.000139705 2.58629e-05 3.98017e-06 4.92527e-07 4.7435e-08
 1.01776e-11 1.10469e-09 7.06997e-08 2.66799e-06 5.93666e-05 0.000778947 0.00602792 0.0275398 0.0746656 0.123214 0.138172 0.141138 0.15567 0.144193 0.0967299 0.0519411 0.025137 0.0103034 0.00332619 0.000870768 0.000189739 3.3888e-05 4.94743e-06 5.90572e-07 5.61895e-08
 1.18015e-11 1.28094e-09 8.19803e-08 3.09369e-06 6.88387e-05 0.000903218 0.00698912 0.03192 0.0863874 0.141322 0.152794 0.142626 0.144842 0.129644 0.0849721 0.0441345 0.0208175 0.00860849 0.00291275 0.000819383 0.000192113 3.63699e-05 5.46022e-06 6.44014e-07 5.90359e-08
 1.2153e-11 1.31909e-09 8.44218e-08 3.18582e-06 7.08888e-05 0.000930116 0.00719724 0.0328701 0.0889532 0.145474 0.157068 0.146007 0.147193 0.129727 0.0814037 0.0383791 0.0160299 0.00607399 0.00193928 0.000526672 0.000124198 2.46489e-05 3.95328e-06 4.94667e-07 4.69137e-08
 1.21719e-11 1.32114e-09 8.4553e-08 3.19077e-06 7.0999e-05 0.000931562 0.00720844 0.0329215 0.0890965 0.145741 0.157503 0.14676 0.148217 0.130425 0.0812019 0.0374746 0.0150462 0.00537339 0.00155962 0.000371443 7.7576e-05 1.43141e-05 2.25348e-06 2.89597e-07 2.89219e-08
 1.2007e-11 1.30324e-09 8.34073e-08 3.14754e-06 7.0037e-05 0.00091894 0.00711079 0.0324759 0.0878951 0.143814 0.155599 0.145454 0.147557 0.130735 0.082887 0.0398972 0.0169358 0.00627212 0.00184153 0.000432287 8.53105e-05 1.42044e-05 1.9862e-06 2.33542e-07 2.24909e-08
 1.29282e-11 1.40323e-09 8.98066e-08 3.38902e-06 7.54103e-05 0.000989437 0.00765606 0.0349609 0.0945474 0.154108 0.164001 0.146596 0.141875 0.122813 0.0761532 0.0351079 0.0141148 0.00507261 0.00148763 0.000353882 7.05372e-05 1.16127e-05 1.54739e-06 1.66418e-07 1.438e-08
 1.27733e-11 1.38642e-09 8.87307e-08 3.34842e-06 7.45069e-05 0.000977585 0.00756442 0.034544 0.0934411 0.152476 0.163056 0.14769 0.144796 0.125469 0.076785 0.0341414 0.0129748 0.00442691 0.00123726 0.000279192 5.34302e-05 8.6718e-06 1.15532e-06 1.23013e-07 1.02203e-08
 1.30602e-11 1.41756e-09 9.07238e-08 3.42364e-06 7.61805e-05 0.000999541 0.00773422 0.0353171 0.0955014 0.155588 0.165226 0.146819 0.141164 0.121798 0.0752853 0.0344463 0.0136249 0.00475046 0.00131698 0.000287392 5.23377e-05 8.05223e-06 1.02426e-06 1.05949e-07 8.6858e-09
 1.34863e-11 1.4638e-09 9.36833e-08 3.53532e-06 7.86655e-05 0.00103214 0.00798638 0.036466 0.0985723 0.160303 0.168891 0.146737 0.137603 0.1175 0.0723925 0.0330573 0.0130874 0.00461215 0.00131317 0.000298187 5.59813e-05 8.60135e-06 1.0592e-06 1.04371e-07 8.15715e-09
 1.38357e-11 1.50173e-09 9.61106e-08 3.62692e-06 8.07037e-05 0.00105889 0.00819324 0.0374094 0.101106 0.164295 0.172494 0.148314 0.137193 0.11566 0.0693701 0.0296444 0.0105833 0.00342448 0.000924325 0.000201519 3.69625e-05 5.70073e-06 7.14307e-07 7.0825e-08 5.4344e-09
 1.36214e-11 1.47848e-09 9.46223e-08 3.57075e-06 7.9454e-05 0.00104249 0.00806646 0.0368322 0.0995701 0.161989 0.170958 0.149203 0.140278 0.118686 0.0704772 0.02916 0.00979279 0.00295317 0.000736959 0.000144049 2.33011e-05 3.25546e-06 3.85283e-07 3.73778e-08 2.86945e-09
 1.29189e-11 1.40222e-09 8.97419e-08 3.38659e-06 7.53561e-05 0.000988727 0.00765063 0.0349375 0.094504 0.154196 0.164827 0.149094 0.145773 0.125501 0.0752963 0.0317467 0.0109928 0.00338705 0.000840863 0.000158499 2.38875e-05 3.0159e-06 3.16281e-07 2.73005e-08 1.92513e-09
 1.22691e-11 1.33169e-09 8.52281e-08 3.21625e-06 7.15659e-05 0.000939001 0.00726602 0.0331851 0.0898169 0.146977 0.159105 0.148852 0.150638 0.131651 0.0797906 0.0343178 0.0122814 0.00389764 0.000986508 0.000189042 2.88015e-05 3.59637e-06 3.59938e-07 2.85303e-08 1.79708e-09
#obs catch len freq
 9.77452e-12 1.06093e-09 6.78995e-08 2.56232e-06 5.70154e-05 0.000748099 0.00578923 0.0264489 0.0716892 0.118049 0.130794 0.129178 0.139561 0.135493 0.105088 0.0695116 0.0396926 0.0184803 0.00685997 0.00201496 0.000455775 7.66257e-05 9.25534e-06 7.77829e-07 4.4191e-08
 1.0029e-11 1.08855e-09 6.96674e-08 2.62904e-06 5.84999e-05 0.00076758 0.0059401 0.0271399 0.0735766 0.121205 0.134209 0.13156 0.139956 0.133956 0.102583 0.0667362 0.0372515 0.0168698 0.00605239 0.00170388 0.000366208 5.80276e-05 6.55909e-06 5.12857e-07 2.69848e-08
 7.11164e-12 7.71902e-10 4.94016e-08 1.86427e-06 4.14834e-05 0.000544339 0.00421371 0.0192785 0.0526008 0.0891659 0.10952 0.131465 0.161228 0.160162 0.122577 0.0786666 0.0429274 0.0188832 0.00653923 0.00176409 0.000360605 5.394e-05 5.71525e-06 4.1638e-07 2.03157e-08
 1.75466e-11 1.90452e-09 1.21889e-07 4.59972e-06 0.000102349 0.00134287 0.0103896 0.0474127 0.12778 0.204588 0.200036 0.134022 0.0842698 0.0644439 0.0521577 0.0377185 0.0218489 0.00962141 0.00323696 0.000836243 0.000162313 2.2901e-05 2.27523e-06 1.54621e-07 7.00602e-09
 7.46935e-12 8.10728e-10 5.18866e-08 1.95806e-06 4.35709e-05 0.000571769 0.00442737 0.0202822 0.0556407 0.0963131 0.125406 0.160737 0.193761 0.170332 0.100546 0.0440765 0.0176636 0.00700676 0.00241477 0.000637087 0.00012161 1.63997e-05 1.53349e-06 9.73055e-08 4.09735e-09
 1.31883e-11 1.43146e-09 9.16134e-08 3.45721e-06 7.69278e-05 0.00100936 0.00781035 0.0356649 0.0963916 0.156277 0.161045 0.128629 0.110343 0.104691 0.0905889 0.0626053 0.0310645 0.0105885 0.00260303 0.000512367 8.41445e-05 1.07171e-05 9.66298e-07 5.85008e-08 2.31723e-09
 1.11867e-11 1.21421e-09 7.77092e-08 2.93252e-06 6.52536e-05 0.000856239 0.0066275 0.0303033 0.0823738 0.136853 0.154288 0.151391 0.150409 0.126807 0.0815716 0.0440985 0.021806 0.009066 0.00279031 0.000593945 8.6443e-05 8.81434e-06 6.46968e-07 3.3982e-08 1.22824e-09
 1.58889e-11 1.72459e-09 1.10373e-07 4.16516e-06 9.26807e-05 0.00121605 0.00940978 0.0429677 0.116097 0.187842 0.191204 0.144513 0.107994 0.0841082 0.0582516 0.0335938 0.0154178 0.0054304 0.00148493 0.000316045 4.96256e-05 5.37043e-06 3.84703e-07 1.80256e-08 5.53729e-10
 1.29457e-11 1.40513e-09 8.99283e-08 3.39363e-06 7.55144e-05 0.000990883 0.00766968 0.0350654 0.095244 0.157451 0.173304 0.158714 0.144029 0.112598 0.0662945 0.0308273 0.0122888 0.00411775 0.00108134 0.000212288 3.03596e-05 3.09168e-06 2.1748e-07 1.01971e-08 3.08991e-10
 1.38095e-11 1.4989e-09 9.59292e-08 3.62009e-06 8.05532e-05 0.00105699 0.00818074 0.0373888 0.101386 0.166353 0.177885 0.151918 0.129654 0.10357 0.0675614 0.0352238 0.0142863 0.00430589 0.000960285 0.000162206 2.06892e-05 1.91703e-06 1.23487e-07 5.3515e-09 1.52311e-10
 1.38631e-11 1.50471e-09 9.63015e-08 3.63414e-06 8.08664e-05 0.00106112 0.00821333 0.0375479 0.101914 0.16773 0.180798 0.156015 0.132113 0.101809 0.0630776 0.0316282 0.0128708 0.0040357 0.000929639 0.000153308 1.7818e-05 1.44547e-06 8.11634e-08 3.10803e-09 7.93891e-11
 1.25994e-11 1.36755e-09 8.75234e-08 3.30289e-06 7.34966e-05 0.000964462 0.00746676 0.0341623 0.0930058 0.15476 0.172641 0.159635 0.143545 0.112549 0.0692323 0.0338368 0.0131715 0.00392556 0.000869337 0.000140452 1.61155e-05 1.27176e-06 6.72686e-08 2.34512e-09 5.32938e-11
 1.39802e-11 1.51742e-09 9.71151e-08 3.66486e-06 8.15506e-05 0.00107013 0.0082839 0.0378822 0.102907 0.169652 0.183003 0.156426 0.129768 0.0995299 0.0627574 0.0316772 0.0124295 0.00362668 0.000769935 0.000117884 1.27992e-05 9.60931e-07 4.86196e-08 1.62045e-09 3.49022e-11
 1.34711e-11 1.46216e-09 9.35786e-08 3.53141e-06 7.85824e-05 0.00103123 0.0079844 0.0365384 0.0995042 0.16542 0.182733 0.162857 0.137899 0.102497 0.0604548 0.0284635 0.0107012 0.00307673 0.000648855 9.7565e-05 1.02061e-05 7.26531e-07 3.45475e-08 1.07941e-09 2.1817e-11
 1.12736e-11 1.22365e-09 7.83138e-08 2.95539e-06 6.57668e-05 0.000863168 0.00668634 0.0306515 0.0839944 0.142628 0.167411 0.166601 0.155297 0.121101 0.07326 0.0346046 0.0126159 0.00342877 0.000680158 9.71319e-05 9.75602e-06 6.6889e-07 3.04747e-08 9.03875e-10 1.71868e-11
 9.20216e-12 9.9881e-10 6.39244e-08 2.4124e-06 5.36861e-05 0.000704733 0.00546235 0.0250936 0.0692661 0.120398 0.150139 0.164427 0.166517 0.138991 0.0904937 0.0455604 0.0171721 0.00467667 0.000905486 0.000123426 1.16607e-05 7.48449e-07 3.19893e-08 8.93461e-10 1.60296e-11
 1.21394e-11 1.31762e-09 8.4328e-08 3.18235e-06 7.08174e-05 0.00092944 0.00719883 0.032979 0.0900875 0.150955 0.169563 0.1552 0.137795 0.113376 0.0777301 0.0416934 0.0166016 0.00473006 0.000944429 0.000129808 1.20529e-05 7.43304e-07 3.00189e-08 7.84085e-10 1.30914e-11
 1.18007e-11 1.28086e-09 8.1976e-08 3.09364e-06 6.88464e-05 0.00090371 0.00700314 0.0321372 0.0882734 0.150389 0.175797 0.169244 0.148895 0.111128 0.0666576 0.0324434 0.0125467 0.00364107 0.000752074 0.000106424 1.0038e-05 6.18616e-07 2.45401e-08 6.19308e-10 9.84775e-12
 1.25919e-11 1.36674e-09 8.74722e-08 3.30106e-06 7.34625e-05 0.000964301 0.0074723 0.0342794 0.0940125 0.159148 0.18225 0.168548 0.143188 0.105642 0.0624425 0.028736 0.0100537 0.002615 0.00049698 6.71852e-05 6.22216e-06 3.80822e-07 1.49959e-08 3.73125e-10 5.7956e-12
 1.18376e-11 1.28486e-09 8.22325e-08 3.10338e-06 6.90671e-05 0.000906763 0.00703029 0.0323063 0.0890539 0.152919 0.180866 0.174707 0.151122 0.109354 0.0622347 0.0274969 0.00921554 0.00226415 0.000397499 4.89095e-05 4.13116e-06 2.3403e-07 8.68353e-09 2.06489e-10 3.09037e-12
 1.22458e-11 1.32917e-09 8.50684e-08 3.21042e-06 7.14505e-05 0.000938083 0.00727349 0.0334235 0.0920792 0.157576 0.184116 0.173551 0.14703 0.106072 0.0605368 0.0264204 0.008548 0.00199252 0.000328243 3.75419e-05 2.9189e-06 1.51004e-07 5.10071e-09 1.10713e-10 1.52287e-12
 1.30435e-11 1.41576e-09 9.06106e-08 3.4196e-06 7.61071e-05 0.000999256 0.00774821 0.0356045 0.0980255 0.167132 0.192502 0.175192 0.141229 0.0970993 0.0531224 0.0223756 0.00702481 0.0015865 0.000250748 2.71393e-05 1.97172e-06 9.44014e-08 2.93059e-09 5.81656e-11 7.29211e-13
 1.23617e-11 1.34176e-09 8.5875e-08 3.24098e-06 7.21379e-05 0.000947379 0.00735127 0.0338501 0.0937253 0.162125 0.192364 0.181632 0.148296 0.0995603 0.051891 0.0205888 0.00608146 0.00129666 0.000194136 1.99193e-05 1.36809e-06 6.15716e-08 1.78425e-09 3.28338e-11 3.79482e-13
 1.30733e-11 1.419e-09 9.08192e-08 3.42759e-06 7.62921e-05 0.00100193 0.00777396 0.0357795 0.0988642 0.169742 0.197222 0.179411 0.141735 0.0940068 0.0487698 0.0189901 0.00537838 0.00107919 0.000150568 1.43591e-05 9.17718e-07 3.85051e-08 1.04108e-09 1.78622e-11 1.921e-13
 1.2294e-11 1.33442e-09 8.54071e-08 3.22348e-06 7.17583e-05 0.000942727 0.00732174 0.0337874 0.0940077 0.164107 0.196874 0.185861 0.148537 0.0963387 0.0480921 0.0180226 0.00493607 0.000956778 0.000127752 1.15049e-05 6.86215e-07 2.66713e-08 6.6588e-10 1.05443e-11 1.04735e-13
 1.24276e-11 1.34892e-09 8.63362e-08 3.25862e-06 7.25443e-05 0.00095317 0.00740473 0.0341858 0.0951635 0.166036 0.198285 0.18533 0.146925 0.0952294 0.047403 0.0174387 0.0046025 0.000849623 0.000107539 9.16315e-06 5.15663e-07 1.88187e-08 4.38492e-10 6.44304e-12 5.91159e-14
 1.11182e-11 1.20682e-09 7.72437e-08 2.91571e-06 6.49269e-05 0.000853657 0.00664346 0.0308137 0.0867824 0.15552 0.195068 0.192987 0.15754 0.101457 0.0492656 0.0175938 0.00450069 0.000801595 9.70673e-05 7.83868e-06 4.14974e-07 1.41801e-08 3.0854e-10 4.22515e-12 3.60561e-14
 1.12136e-11 1.21718e-09 7.79081e-08 2.94089e-06 6.54917e-05 0.000861192 0.00670345 0.0310969 0.0875358 0.156391 0.194586 0.190761 0.156114 0.102188 0.0503731 0.0179578 0.00449428 0.000771894 8.93948e-05 6.86794e-06 3.44256e-07 1.10829e-08 2.26087e-10 2.89044e-12 2.29534e-14
#spawning biomass
 10305.6 11382.7 11799.7 16193.3 18652.1 21273.3 24994.5 33238.3 44468 58421.9 75687.2 94268.5 120494 131358 134407 117047 108698 106285 103205 116965 113791 117387 133889 165403 172221 164431 154873 134365 161540 271124 296487 278769 244211 207103 174175 147730 127762 113295 103115 96099.4 91339.9 88145.3 86005.3 84574 83651.5 83056.8 82673.5 82426.4 82267.1 82164.4 82098.3 82055.6 82028.1 82010.4 81999 81991.6 81986.8 81983.8 81981.8 81980.5 81979.7 81979.2 81978.9 81978.6 81978.5 81978.4 81978.3 81978.3 81978.3 81978.3 81978.3 81978.3 81978.2 81978.2 81978.2 81978.2 81978.2 81978.2 81978.2 81978.2 81978.2 81978.2 81978.2 81978.2 81978.2 81978.2 81978.2 81978.2 81978.2 81978.2 81978.2 81978.2 81978.2 81978.2 81978.2 81978.2 81978.2 81978.2 81978.2 81978.2 81978.2 81978.2 81978.2 81978.2 81978.2 81978.2 81978.2 81978.2 81978.2 81978.2 81978.2 81978.2 81978.2 81978.2 81978.2 81978.2 81978.2 81978.2 81978.2 81978.2 81978.2 81978.2 81978.2 81978.2 81978.2 81978.2 81978.2 81978.2 0 0 0 0 0 0 0 0 0 0 0 0 0 0 0 0 0 0 0 0 0 0 0 0 0
