SBPRF35
0.175648
Curr Bio
283523
B35
336517
F35
0.670688
FOFL
0.537685
OFL
74412.4
Bzero
50185.1
#pred survey bio
 7099.88 6449.5 5143.13 5798.84 8818.93 12474.1 18255.8 24281.7 35324.8 50519.3 65162.8 97116.9 134303 170512 157427 153816 173969 172256 159355 132622 166192 202043 201880 222277 250076 264756 246344 266959 269964 9.08441e+06 7.36878e+06 4.30969e+06 2.3701e+06 1.36518e+06 884163 656315 544765 487090 455558 437539 426935 420588 416755 414425 412989 412133 411621 411315 411131 411021 410954 410915 410891 410876 410868 410862 410859 410857 410856 410856 410855 410855 410855 410855 410855 410855 410855 410855 410855 410855 410855 410855 410855 410855 410855 410855 410855 410855 410855 410855 410855 410855 410855 410855 410855 410855 410855 410855 410855 410855 410855 410855 410855 410855 410855 410855 410855 410855 410855 410855 410855 410855 410855 410855 410855 410855 410855 410855 410855 410855 410855 410855 410855 410855 410855 410855 410855 410855 410855 410855 410855 410855 410855 410855 410855 410855 410855 410855 410855 0 0 0 0 0 0 0 0 0 0 0 0 0 0 0 0 0 0 0 0 0 0 0 0 0
#obs survey bio
 6172.06 4094.83 3596 7373.17 11743.3 14043.9 22959.8 28533.2 37958.5 48583.4 63049.8 137529 118084 182301 165418 138842 133379 183312 146768 143473 161898 206264 163358 184080 285664 203546 205550 257563 297612
#pred catch bio
 3493.5 3751.52 3116.69 3090.64 4981.81 7030.26 11859.2 15549 22736.4 35842.1 43490.3 71803.4 98649.8 134738 121072 117601 145205 143818 143258 108683 137896 182094 179967 199441 226423 255850 237896 253213 252990 74412.4 132896 70678.3 34343.2 17434.2 10504.1 7882.56 6943.05 6618.92 6510.14 6474.36 6462.78 6459.07 6457.89 6457.52 6457.4 6457.37 6457.35 6457.35 6457.35 6457.35 6457.35 6457.35 6457.35 6457.35 6457.35 6457.35 6457.35 6457.35 6457.35 6457.35 6457.35 6457.35 6457.35 6457.35 6457.35 6457.35 6457.35 6457.35 6457.35 6457.35 6457.35 6457.35 6457.35 6457.35 6457.35 6457.35 6457.35 6457.35 6457.35 6457.35 6457.35 6457.35 6457.35 6457.35 6457.35 6457.35 6457.35 6457.35 6457.35 6457.35 6457.35 6457.35 6457.35 6457.35 6457.35 6457.35 6457.35 6457.35 6457.35 6457.35 6457.35 6457.35 6457.35 6457.35 6457.35 6457.35 6457.35 6457.35 6457.35 6457.35 6457.35 6457.35 6457.35 6457.35 6457.35 6457.35 6457.35 6457.35 6457.35 6457.35 6457.35 6457.35 6457.35 6457.35 6457.35 6457.35 6457.35 6457.35 6457.35 0 0 0 0 0 0 0 0 0 0 0 0 0 0 0 0 0 0 0 0 0 0 0 0 0
#obs catch bio
 4120.39 4194.46 3575.31 2813.6 4289.16 6158.77 11173 14314.1 20776.2 33017.6 41586.4 64463.3 96839.1 119264 111034 107596 143916 129976 137075 108637 129098 177685 170976 195611 204094 262380 242900 253047 251053
#pred cpue bio
 6414.73 5930.65 4584.38 4881.94 7525.47 10589.5 15449 20314.8 29372.2 42294.6 53931.2 80124.7 109424 142995 134151 128929 143960 142720 133763 107713 134644 164125 163433 178283 200698 213791 195263 209769 218369 7.27851e+06 7.34121e+06 4.28215e+06 2.34256e+06 1.33764e+06 856621 628773 517224 459548 428016 409997 399393 393046 389214 386883 385447 384591 384080 383773 383589 383479 383413 383373 383349 383335 383326 383321 383318 383316 383315 383314 383313 383313 383313 383313 383313 383313 383313 383313 383313 383313 383313 383313 383313 383313 383313 383313 383313 383313 383313 383313 383313 383313 383313 383313 383313 383313 383313 383313 383313 383313 383313 383313 383313 383313 383313 383313 383313 383313 383313 383313 383313 383313 383313 383313 383313 383313 383313 383313 383313 383313 383313 383313 383313 383313 383313 383313 383313 383313 383313 383313 383313 383313 383313 383313 383313 383313 383313 383313 383313 0 0 0 0 0 0 0 0 0 0 0 0 0 0 0 0 0 0 0 0 0 0 0 0 0
#obs cpue bio
 7685.67 4421.05 4716.87 8713.24 12815.2 12772.2 13481.2 24350.8 39903.1 57178 60850.2 102184 109286 254249 173786 196354 183892 218914 167343 88125.6 198982 175689 246453 226136 292980 220630 217824 221313 209529
#pred surv len freq
 1.37641e-11 1.49462e-09 9.56868e-08 3.6117e-06 8.03732e-05 0.00105453 0.00815823 0.0372323 0.100475 0.162245 0.165839 0.131636 0.11124 0.0943053 0.0657802 0.0409735 0.0259636 0.0167088 0.0110481 0.00771058 0.00579551 0.00476357 0.00406862 0.00311061 0.00180658
 1.12433e-11 1.22088e-09 7.81622e-08 2.95023e-06 6.56535e-05 0.000861422 0.00666497 0.0304341 0.0823592 0.134843 0.146511 0.138651 0.142746 0.128604 0.0851244 0.0459626 0.0245172 0.0134346 0.00747146 0.00430823 0.00265699 0.00182517 0.00137844 0.000999552 0.000576986
 1.37216e-11 1.49001e-09 9.53915e-08 3.60055e-06 8.01253e-05 0.00105128 0.00813321 0.0371211 0.100217 0.162164 0.167331 0.136892 0.120437 0.103817 0.071955 0.0430017 0.0242397 0.0123259 0.00574679 0.00266812 0.00129453 0.00068856 0.000418517 0.000267664 0.000147026
 1.68467e-11 1.82935e-09 1.17116e-07 4.42056e-06 9.83731e-05 0.00129069 0.00998479 0.0455585 0.12281 0.197228 0.196499 0.142661 0.104229 0.0795332 0.0496481 0.0255226 0.0128692 0.00657609 0.00317028 0.00138014 0.000549545 0.000217985 9.6027e-05 4.81099e-05 2.33267e-05
 1.58784e-11 1.7242e-09 1.10385e-07 4.16648e-06 9.27191e-05 0.00121651 0.00941121 0.0429472 0.11585 0.186692 0.189023 0.145194 0.115977 0.0920537 0.056024 0.0261378 0.0112074 0.00481495 0.00202862 0.000835919 0.000322809 0.000112145 3.66752e-05 1.27297e-05 4.75197e-06
 1.61843e-11 1.75742e-09 1.12512e-07 4.24676e-06 9.45056e-05 0.00123995 0.00959245 0.0437723 0.11805 0.190027 0.191417 0.144494 0.112492 0.0885274 0.0546398 0.0264564 0.0116908 0.0048214 0.0017774 0.000610936 0.00020294 6.39195e-05 1.83589e-05 4.82955e-06 1.2498e-06
 1.63342e-11 1.7737e-09 1.13554e-07 4.2861e-06 9.5381e-05 0.00125144 0.00968128 0.0441771 0.119134 0.191711 0.192824 0.144788 0.111728 0.0873208 0.0534444 0.0254931 0.0111426 0.00464702 0.00174392 0.000581712 0.000171752 4.54521e-05 1.10367e-05 2.4382e-06 4.83548e-07
 1.68436e-11 1.82901e-09 1.17095e-07 4.41975e-06 9.83551e-05 0.00129045 0.00998305 0.0455523 0.122817 0.197432 0.197607 0.145808 0.109205 0.0834312 0.0497388 0.0224566 0.00908267 0.00357881 0.00130898 0.000435122 0.000128242 3.24237e-05 6.96583e-06 1.28561e-06 2.06303e-07
 1.71192e-11 1.85894e-09 1.19011e-07 4.49208e-06 9.99646e-05 0.00131157 0.0101464 0.0462963 0.124808 0.200504 0.20008 0.146046 0.107369 0.0810446 0.0479396 0.0213236 0.00836306 0.0031363 0.00107126 0.00033247 9.3886e-05 2.32958e-05 4.88719e-06 8.41029e-07 1.17295e-07
 1.67554e-11 1.81943e-09 1.16482e-07 4.39661e-06 9.78402e-05 0.0012837 0.00993083 0.0453147 0.122187 0.1965 0.197057 0.146402 0.11084 0.0849881 0.0502668 0.0220983 0.00848367 0.00310709 0.00102983 0.000304631 8.05441e-05 1.86768e-05 3.72543e-06 6.19052e-07 8.23476e-08
 1.72946e-11 1.87799e-09 1.2023e-07 4.53809e-06 0.000100989 0.00132501 0.0102503 0.04677 0.126078 0.202489 0.201796 0.146587 0.106794 0.0799126 0.0466145 0.0200448 0.00742816 0.00263204 0.000849481 0.000244332 6.23552e-05 1.37558e-05 2.57307e-06 4.00467e-07 5.04461e-08
 1.74452e-11 1.89434e-09 1.21278e-07 4.57762e-06 0.000101868 0.00133655 0.0103395 0.0471765 0.127163 0.204151 0.203071 0.146503 0.10546 0.0783695 0.0456752 0.0196828 0.00730104 0.00256286 0.000806682 0.000224016 5.52192e-05 1.17739e-05 2.11479e-06 3.1231e-07 3.69675e-08
 1.79717e-11 1.95152e-09 1.24938e-07 4.71578e-06 0.000104943 0.00137688 0.0106515 0.0485976 0.130965 0.210018 0.207791 0.146938 0.101892 0.0736537 0.0419706 0.0172937 0.00595565 0.00196765 0.000603982 0.000165592 3.99749e-05 8.25366e-06 1.42815e-06 2.02772e-07 2.29559e-08
 1.65573e-11 1.79793e-09 1.15105e-07 4.34464e-06 9.66837e-05 0.00126853 0.00981353 0.0447813 0.120772 0.194418 0.195874 0.147872 0.114688 0.0884846 0.0511142 0.0208365 0.0069516 0.00218696 0.000630066 0.000161239 3.70296e-05 7.43424e-06 1.25571e-06 1.72853e-07 1.8853e-08
 1.57115e-11 1.70608e-09 1.09225e-07 4.12269e-06 9.17446e-05 0.00120373 0.00931242 0.0424987 0.114673 0.185056 0.188591 0.148 0.121682 0.0969159 0.0567612 0.023559 0.00808858 0.0025934 0.000739621 0.00018194 3.93197e-05 7.37576e-06 1.17568e-06 1.55446e-07 1.64419e-08
 1.66562e-11 1.80867e-09 1.15793e-07 4.37059e-06 9.72612e-05 0.0012761 0.0098721 0.0450475 0.121476 0.195434 0.19635 0.146824 0.112296 0.0864582 0.0508994 0.0219788 0.00811193 0.00278201 0.000828443 0.000209356 4.54217e-05 8.2904e-06 1.25231e-06 1.55169e-07 1.54645e-08
 1.72633e-11 1.87459e-09 1.20013e-07 4.5299e-06 0.000100806 0.00132261 0.0102318 0.046686 0.125857 0.202179 0.201701 0.147071 0.107787 0.0807284 0.0466617 0.0195128 0.00687781 0.00231702 0.000713866 0.000192362 4.42693e-05 8.38276e-06 1.2799e-06 1.5563e-07 1.4829e-08
 1.7131e-11 1.86023e-09 1.19093e-07 4.49518e-06 0.000100034 0.00131248 0.0101534 0.0463297 0.124912 0.200789 0.200911 0.148052 0.11035 0.0830367 0.0471743 0.0186195 0.00585043 0.00174402 0.000495877 0.000128425 2.97404e-05 5.88995e-06 9.50855e-07 1.20536e-07 1.16731e-08
 1.64724e-11 1.7887e-09 1.14514e-07 4.32235e-06 9.61876e-05 0.00126202 0.00976321 0.0445523 0.120164 0.193515 0.19532 0.148373 0.116139 0.0898465 0.0515182 0.0204635 0.00645491 0.00188421 0.000498756 0.000115226 2.39386e-05 4.45155e-06 7.10359e-07 9.25955e-08 9.37849e-09
 1.80359e-11 1.95848e-09 1.25384e-07 4.73261e-06 0.000105317 0.0013818 0.0106895 0.0487714 0.131436 0.210795 0.208661 0.147802 0.102702 0.0739359 0.0412503 0.0159309 0.00477707 0.00132267 0.000340729 7.70487e-05 1.51895e-05 2.57109e-06 3.69048e-07 4.46077e-08 4.39788e-09
 1.81529e-11 1.97119e-09 1.26197e-07 4.76332e-06 0.000106001 0.00139076 0.0107588 0.0490871 0.132278 0.212078 0.209611 0.147626 0.101495 0.0726203 0.0405578 0.0157958 0.00481528 0.00134538 0.000339972 7.35752e-05 1.38594e-05 2.25858e-06 3.08028e-07 3.43508e-08 3.08131e-09
 1.80277e-11 1.9576e-09 1.25327e-07 4.73047e-06 0.00010527 0.00138117 0.0106847 0.0487494 0.131377 0.210704 0.20859 0.147802 0.102769 0.0740215 0.0413156 0.0159678 0.00478856 0.00131785 0.000332772 7.2513e-05 1.3588e-05 2.15213e-06 2.81067e-07 2.98981e-08 2.53767e-09
 1.81482e-11 1.97068e-09 1.26164e-07 4.76208e-06 0.000105973 0.0013904 0.010756 0.0490746 0.132249 0.212062 0.209744 0.148107 0.102265 0.0731452 0.0403706 0.0151226 0.0042239 0.00106173 0.000252348 5.33452e-05 9.86582e-06 1.55874e-06 2.02612e-07 2.11289e-08 1.72938e-09
 1.85495e-11 2.01425e-09 1.28954e-07 4.86738e-06 0.000108316 0.00142114 0.0109938 0.0501574 0.13514 0.216486 0.213114 0.14781 0.0985887 0.0689187 0.0378166 0.0141858 0.00397834 0.000994511 0.000228148 4.49635e-05 7.68005e-06 1.14727e-06 1.44985e-07 1.4942e-08 1.21269e-09
 1.85153e-11 2.01054e-09 1.28717e-07 4.85841e-06 0.000108117 0.00141853 0.0109735 0.0500653 0.134895 0.216118 0.212868 0.147948 0.0990723 0.0693897 0.0379819 0.0141038 0.00385981 0.000934427 0.00021029 4.10492e-05 6.85859e-06 9.74318e-07 1.1474e-07 1.10727e-08 8.60576e-10
 1.82483e-11 1.98155e-09 1.2686e-07 4.78835e-06 0.000106558 0.00139807 0.0108153 0.0493448 0.132971 0.213176 0.210633 0.148164 0.101549 0.0722279 0.0396866 0.0147122 0.00399807 0.000954848 0.000210753 4.00723e-05 6.5113e-06 9.05203e-07 1.04178e-07 9.66325e-09 7.08434e-10
 1.90057e-11 2.06379e-09 1.32126e-07 4.98708e-06 0.00011098 0.00145609 0.011264 0.0513885 0.138431 0.221544 0.217083 0.147854 0.0949882 0.0644844 0.0347212 0.0125577 0.00322604 0.00070785 0.000146537 2.69864e-05 4.29015e-06 5.8227e-07 6.52279e-08 5.89171e-09 4.20424e-10
 1.93413e-11 2.10023e-09 1.34459e-07 5.07515e-06 0.00011294 0.0014818 0.0114629 0.0522941 0.14085 0.225249 0.219931 0.147689 0.09204 0.0610282 0.0325382 0.0116465 0.00291751 0.000610188 0.000118929 2.04075e-05 3.00087e-06 3.82983e-07 4.13045e-08 3.62972e-09 2.52261e-10
 1.81463e-11 1.97047e-09 1.26151e-07 4.76158e-06 0.000105962 0.00139026 0.0107549 0.0490698 0.132239 0.212077 0.209898 0.148574 0.102991 0.0736385 0.0401921 0.0144792 0.00364367 0.000764866 0.000148096 2.474e-05 3.45866e-06 4.12316e-07 4.1222e-08 3.37386e-09 2.22093e-10
#obs surv len freq
 1.26667e-11 1.37546e-09 8.8058e-08 3.32376e-06 7.39656e-05 0.000970468 0.00750811 0.0342708 0.0925589 0.150078 0.156349 0.132073 0.122368 0.111309 0.0826082 0.0526798 0.0305577 0.0156543 0.00702977 0.00275174 0.00089024 0.000220998 3.94726e-05 4.84061e-06 3.94419e-07
 6.80505e-12 7.38949e-10 4.73081e-08 1.78565e-06 3.9738e-05 0.000521426 0.00403575 0.0184597 0.0503747 0.0857795 0.108152 0.137973 0.176632 0.171858 0.118424 0.0658073 0.0343336 0.0168315 0.00722919 0.00259597 0.000751736 0.000167937 2.73935e-05 3.09364e-06 2.32126e-07
 1.7622e-11 1.91354e-09 1.22507e-07 4.62402e-06 0.000102901 0.00135009 0.0104441 0.0476482 0.128353 0.205353 0.200731 0.135255 0.0865036 0.0654397 0.0499255 0.0343636 0.0199776 0.00936261 0.00362104 0.00117937 0.000311218 6.26429e-05 9.1399e-06 9.2668e-07 6.29372e-08
 1.51331e-11 1.64328e-09 1.05204e-07 3.97094e-06 8.8368e-05 0.00115944 0.00897038 0.0409492 0.110624 0.179401 0.186111 0.152284 0.128935 0.100714 0.0564468 0.0222342 0.00762101 0.00289695 0.00110795 0.000349967 8.46652e-05 1.52814e-05 1.9927e-06 1.80468e-07 1.09551e-08
 1.74167e-11 1.89124e-09 1.21079e-07 4.57014e-06 0.000101702 0.00133438 0.0103232 0.047111 0.127081 0.204581 0.205264 0.150477 0.107997 0.077315 0.0431606 0.0175432 0.00566853 0.0015621 0.000374157 8.24561e-05 1.6662e-05 2.72524e-06 3.22859e-07 2.62412e-08 1.4215e-09
 1.52342e-11 1.65426e-09 1.05907e-07 3.99747e-06 8.89586e-05 0.0011672 0.00903084 0.0412327 0.111467 0.181201 0.189213 0.156033 0.130713 0.0991969 0.0536967 0.0198148 0.005513 0.00130837 0.00026809 4.51631e-05 6.20125e-06 7.04522e-07 6.47943e-08 4.48168e-09 2.15258e-10
 1.64476e-11 1.78602e-09 1.14343e-07 4.31587e-06 9.60442e-05 0.00126017 0.00974983 0.0445088 0.120229 0.194671 0.199627 0.155302 0.119386 0.0860359 0.0458721 0.017074 0.00482338 0.00111826 0.000208462 2.9977e-05 3.32341e-06 2.8534e-07 1.87128e-08 9.19866e-10 3.31277e-11
 1.59951e-11 1.73688e-09 1.11197e-07 4.19714e-06 9.34021e-05 0.00122551 0.00948218 0.0432954 0.117044 0.190102 0.197065 0.15735 0.123992 0.0894424 0.0472097 0.0174189 0.00489932 0.00113287 0.000209982 2.95536e-05 3.08161e-06 2.34526e-07 1.28004e-08 4.9424e-10 1.33711e-11
 1.71015e-11 1.85703e-09 1.18888e-07 4.48746e-06 9.98628e-05 0.00131028 0.0101378 0.0462836 0.125045 0.202456 0.206857 0.157446 0.114735 0.0779101 0.0393692 0.0137988 0.00361569 0.000775785 0.000135895 1.84104e-05 1.86046e-06 1.36425e-07 7.03948e-09 2.48908e-10 5.92008e-12
 1.4973e-11 1.62589e-09 1.04091e-07 3.92893e-06 8.74342e-05 0.00114725 0.00887798 0.0405614 0.109919 0.180194 0.19269 0.164701 0.137036 0.0973699 0.0478523 0.0153955 0.00345421 0.000607501 8.92185e-05 1.05925e-05 9.66889e-07 6.54204e-08 3.16383e-09 1.05609e-10 2.36607e-12
 1.68447e-11 1.82913e-09 1.17103e-07 4.42006e-06 9.83635e-05 0.00129064 0.00998675 0.0456095 0.123378 0.200629 0.207689 0.162082 0.119259 0.0783959 0.0370392 0.011573 0.00249755 0.00040926 5.3356e-05 5.36307e-06 4.02338e-07 2.24354e-08 9.21279e-10 2.70363e-11 5.46714e-13
 1.60465e-11 1.74246e-09 1.11554e-07 4.21064e-06 9.37037e-05 0.00122953 0.00951496 0.0434736 0.117795 0.192733 0.203604 0.166381 0.128009 0.0844668 0.0387492 0.0113956 0.00220547 0.000307559 3.38289e-05 2.95936e-06 1.96244e-07 9.51705e-09 3.30708e-10 8.07168e-12 1.35749e-13
 1.7485e-11 1.89867e-09 1.21554e-07 4.5881e-06 0.000102104 0.00133973 0.0103671 0.0473531 0.128133 0.208383 0.214898 0.163901 0.113979 0.0699907 0.0308489 0.00880856 0.00164891 0.000218397 2.21035e-05 1.71782e-06 9.81053e-08 4.01564e-09 1.17562e-10 2.44166e-12 3.51733e-14
 1.26765e-11 1.37652e-09 8.81266e-08 3.32639e-06 7.40286e-05 0.00097151 0.00752258 0.0344472 0.0941308 0.158799 0.184255 0.180651 0.161925 0.110938 0.0496035 0.013856 0.00248353 0.000307667 2.86288e-05 2.04515e-06 1.07673e-07 4.02289e-09 1.05167e-10 1.90449e-12 2.35127e-14
 1.48378e-11 1.61121e-09 1.03151e-07 3.8935e-06 8.66486e-05 0.00113707 0.00880255 0.0402693 0.109591 0.181891 0.199868 0.174713 0.139541 0.0901716 0.0398429 0.0114796 0.00224637 0.000319795 3.39143e-05 2.57406e-06 1.33686e-07 4.69407e-09 1.12439e-10 1.84637e-12 2.0578e-14
 1.46869e-11 1.59482e-09 1.02102e-07 3.85392e-06 8.57686e-05 0.00112557 0.00871478 0.0398868 0.108714 0.181228 0.201143 0.177853 0.141466 0.0893084 0.0380089 0.0103434 0.00185591 0.000237347 2.31461e-05 1.71781e-06 9.24991e-08 3.46791e-09 8.8081e-11 1.48147e-12 1.61994e-14
 1.59112e-11 1.72778e-09 1.10614e-07 4.1752e-06 9.29186e-05 0.00121939 0.0094405 0.0431934 0.11754 0.194626 0.210838 0.175736 0.129532 0.0770625 0.031243 0.00801 0.00130604 0.000143395 1.14873e-05 7.02456e-07 3.22048e-08 1.06645e-09 2.4883e-11 4.00564e-13 4.33587e-15
 1.43628e-11 1.55964e-09 9.98501e-08 3.76894e-06 8.38803e-05 0.00110091 0.00852685 0.0390698 0.106842 0.179714 0.203207 0.182898 0.143969 0.0876771 0.0357626 0.00933429 0.00160132 0.000191875 1.67609e-05 1.05311e-06 4.56895e-08 1.3386e-09 2.65646e-11 3.60359e-13 3.33518e-15
 1.44359e-11 1.56757e-09 1.00358e-07 3.78815e-06 8.43091e-05 0.0011066 0.00857223 0.0392951 0.107578 0.181372 0.205554 0.184129 0.142486 0.0849989 0.0341616 0.00889521 0.00155043 0.000192132 1.74806e-05 1.14301e-06 5.16561e-08 1.57565e-09 3.20814e-11 4.313e-13 3.77716e-15
 1.58456e-11 1.72066e-09 1.10159e-07 4.15807e-06 9.25416e-05 0.00121461 0.00940744 0.0430946 0.117659 0.196346 0.215407 0.179915 0.128201 0.0721617 0.0279982 0.00711845 0.00121796 0.00014852 1.33259e-05 8.63958e-07 3.90547e-08 1.20187e-09 2.48115e-11 3.3841e-13 2.9987e-15
 1.52938e-11 1.66074e-09 1.06323e-07 4.01334e-06 8.93236e-05 0.0011725 0.00908446 0.0416587 0.114091 0.192016 0.214755 0.184339 0.133069 0.0739464 0.027816 0.00674818 0.00107902 0.00012054 9.87815e-06 5.94287e-07 2.54226e-08 7.50677e-10 1.49948e-11 1.99031e-13 1.72434e-15
 1.56583e-11 1.70031e-09 1.08857e-07 4.10901e-06 9.14545e-05 0.00120053 0.00930274 0.0426705 0.116904 0.196677 0.218851 0.184446 0.12888 0.0690836 0.0250705 0.00583669 0.000882805 9.12274e-05 6.77551e-06 3.66019e-07 1.40447e-08 3.72882e-10 6.74186e-12 8.1925e-14 6.58321e-16
 1.53493e-11 1.66676e-09 1.0671e-07 4.02802e-06 8.9656e-05 0.00117707 0.00912435 0.0418954 0.115097 0.19494 0.219722 0.187699 0.130989 0.0688371 0.0241933 0.00538886 0.000764723 7.21307e-05 4.77404e-06 2.28179e-07 7.77992e-09 1.84007e-10 2.95832e-12 3.19123e-14 2.28003e-16
 1.59757e-11 1.73479e-09 1.11065e-07 4.19245e-06 9.3317e-05 0.00122517 0.00949731 0.0436029 0.119682 0.201869 0.224296 0.185404 0.123894 0.0629544 0.021794 0.00488869 0.000717622 7.16416e-05 5.00942e-06 2.44169e-07 8.07954e-09 1.77771e-10 2.58459e-12 2.48343e-14 1.57209e-16
 1.56511e-11 1.69954e-09 1.08809e-07 4.10738e-06 9.14292e-05 0.00120058 0.00931096 0.0427988 0.117833 0.20014 0.225199 0.188542 0.125836 0.0627377 0.0210671 0.00454198 0.000633948 5.96544e-05 3.9448e-06 1.85284e-07 6.05032e-09 1.33466e-10 1.94717e-12 1.85071e-14 1.13134e-16
 1.41945e-11 1.54138e-09 9.86855e-08 3.72542e-06 8.29394e-05 0.00108957 0.00846012 0.0390169 0.108381 0.1882 0.221557 0.197332 0.137712 0.0694198 0.0231013 0.0049041 0.000672864 6.19804e-05 3.96869e-06 1.77819e-07 5.47233e-09 1.13196e-10 1.55269e-12 1.39948e-14 8.20133e-17
 1.60268e-11 1.74035e-09 1.11423e-07 4.20622e-06 9.36375e-05 0.00122984 0.00954253 0.043907 0.121081 0.205863 0.230276 0.187973 0.11981 0.0570083 0.0185885 0.00399265 0.000570288 5.56423e-05 3.75311e-06 1.72726e-07 5.30352e-09 1.0696e-10 1.40663e-12 1.2003e-14 6.59928e-17
 1.48399e-11 1.61148e-09 1.03175e-07 3.89512e-06 8.67282e-05 0.00113966 0.00885454 0.0408821 0.113723 0.197289 0.229338 0.196566 0.12881 0.0604643 0.0186935 0.00365645 0.000454179 3.70845e-05 2.08796e-06 8.36962e-08 2.37732e-09 4.64216e-11 6.0319e-13 5.08765e-15 2.73755e-17
 1.20625e-11 1.30991e-09 8.38734e-08 3.16702e-06 7.05516e-05 0.000928325 0.00723784 0.0337226 0.0959514 0.175128 0.222961 0.213124 0.150746 0.0727642 0.0224597 0.00433236 0.000527088 4.16341e-05 2.20786e-06 8.0122e-08 1.98327e-09 3.30128e-11 3.65433e-13 2.6742e-15 1.28528e-17
#pred catch len freq
 1.2741e-11 1.38352e-09 8.85744e-08 3.34324e-06 7.43992e-05 0.000976156 0.00755207 0.0344705 0.0930852 0.15082 0.156544 0.130434 0.117518 0.102616 0.0720874 0.044957 0.0284918 0.0183359 0.012124 0.00846147 0.00635989 0.00522746 0.00446483 0.00341353 0.00198251
 1.0577e-11 1.14854e-09 7.35306e-08 2.77542e-06 6.17633e-05 0.000810384 0.00627026 0.028636 0.0775515 0.127442 0.140641 0.138379 0.147654 0.134723 0.0894262 0.0483099 0.025771 0.0141217 0.00785359 0.00452858 0.00279288 0.00191852 0.00144894 0.00105067 0.000606496
 1.31854e-11 1.43177e-09 9.16635e-08 3.45984e-06 7.6994e-05 0.0010102 0.0078155 0.0356737 0.0963458 0.156195 0.162554 0.136532 0.124182 0.108639 0.0755616 0.0451844 0.0254719 0.0129526 0.00603896 0.00280376 0.00136035 0.000723566 0.000439794 0.000281272 0.000154501
 1.61375e-11 1.75234e-09 1.12186e-07 4.23448e-06 9.42322e-05 0.00123636 0.00956465 0.0436447 0.117694 0.189361 0.19031 0.142536 0.109718 0.0862752 0.0542944 0.0279544 0.0140983 0.00720431 0.00347314 0.00151199 0.000602044 0.000238809 0.000105201 5.27059e-05 2.55552e-05
 1.52411e-11 1.655e-09 1.05955e-07 3.99926e-06 8.89978e-05 0.00116769 0.00903365 0.0412274 0.111255 0.179638 0.183534 0.145287 0.121233 0.0983644 0.0602019 0.0281178 0.0120583 0.00518062 0.00218269 0.000899405 0.000347325 0.000120662 3.94606e-05 1.36965e-05 5.11287e-06
 1.55557e-11 1.68916e-09 1.08141e-07 4.0818e-06 9.08347e-05 0.00119179 0.00922 0.0420758 0.113516 0.183065 0.185984 0.144534 0.117602 0.094714 0.0588095 0.0285082 0.0125996 0.00519627 0.0019156 0.000658439 0.000218719 6.88895e-05 1.97864e-05 5.20507e-06 1.34698e-06
 1.60514e-11 1.74299e-09 1.11588e-07 4.21188e-06 9.37293e-05 0.00122977 0.0095137 0.0434138 0.117095 0.188579 0.190383 0.144817 0.114043 0.0901139 0.0553133 0.0263994 0.0115397 0.00481266 0.00180608 0.000602447 0.000177874 4.70723e-05 1.14301e-05 2.52511e-06 5.00785e-07
 1.65381e-11 1.79585e-09 1.14972e-07 4.33961e-06 9.65717e-05 0.00126706 0.00980211 0.0447281 0.120615 0.194054 0.194988 0.145883 0.111773 0.0864941 0.0517428 0.0233774 0.00945612 0.00372601 0.00136282 0.000453018 0.000133517 3.37573e-05 7.25233e-06 1.33849e-06 2.14789e-07
 1.68346e-11 1.82804e-09 1.17033e-07 4.41739e-06 9.83027e-05 0.00128977 0.00997774 0.0455283 0.122756 0.197357 0.197644 0.146128 0.109781 0.0839137 0.0498074 0.0221697 0.00869583 0.00326113 0.0011139 0.000345703 9.76231e-05 2.4223e-05 5.08172e-06 8.74505e-07 1.21964e-07
 1.67231e-11 1.81593e-09 1.16258e-07 4.38815e-06 9.76519e-05 0.00128123 0.00991172 0.0452277 0.121955 0.196144 0.196781 0.146412 0.111115 0.0853144 0.0504781 0.0221929 0.00852008 0.00312043 0.00103425 0.000305938 8.08899e-05 1.8757e-05 3.74142e-06 6.2171e-07 8.27011e-08
 1.71042e-11 1.85731e-09 1.18907e-07 4.48813e-06 9.98769e-05 0.00131042 0.0101375 0.0462562 0.124705 0.200384 0.200172 0.146658 0.108432 0.0818493 0.0478593 0.0205901 0.00763085 0.00270388 0.000872669 0.000251001 6.40574e-05 1.41313e-05 2.64331e-06 4.11398e-07 5.18231e-08
 1.75292e-11 1.90346e-09 1.21861e-07 4.59966e-06 0.000102359 0.00134298 0.0103893 0.0474031 0.127769 0.205079 0.203787 0.146472 0.104738 0.0775154 0.0451257 0.0194414 0.00721125 0.00253133 0.000796759 0.00022126 5.45399e-05 1.16291e-05 2.08877e-06 3.08468e-07 3.65128e-08
 1.80329e-11 1.95816e-09 1.25363e-07 4.73183e-06 0.0001053 0.00138157 0.0106877 0.0487627 0.131406 0.210694 0.208311 0.146909 0.101356 0.0730252 0.0415727 0.0171264 0.00589782 0.00194854 0.000598116 0.000163984 3.95866e-05 8.17349e-06 1.41428e-06 2.00803e-07 2.2733e-08
 1.6868e-11 1.83166e-09 1.17264e-07 4.42615e-06 9.84975e-05 0.00129232 0.00999755 0.0456194 0.123011 0.197848 0.198509 0.147715 0.111952 0.0852818 0.0490963 0.02 0.00667174 0.00209888 0.000604691 0.000154745 3.55383e-05 7.13484e-06 1.20514e-06 1.65892e-07 1.80937e-08
 1.59485e-11 1.73181e-09 1.10872e-07 4.18488e-06 9.31284e-05 0.00122188 0.00945282 0.0431382 0.116381 0.187673 0.190604 0.147888 0.119608 0.0944803 0.0552175 0.0229085 0.00786468 0.00252159 0.000719141 0.000176902 3.8231e-05 7.17154e-06 1.14312e-06 1.51142e-07 1.59866e-08
 1.68543e-11 1.83018e-09 1.1717e-07 4.42257e-06 9.8418e-05 0.00129128 0.00998945 0.045582 0.122904 0.197623 0.19804 0.14675 0.110591 0.0844418 0.0496014 0.0214087 0.00790095 0.00270963 0.00080689 0.000203909 4.424e-05 8.07471e-06 1.21973e-06 1.51132e-07 1.50621e-08
 1.77313e-11 1.92541e-09 1.23266e-07 4.65269e-06 0.000103539 0.00135846 0.010509 0.0479488 0.12923 0.207349 0.205681 0.146864 0.103712 0.0759349 0.0436127 0.0182141 0.00641863 0.00216228 0.000666188 0.000179514 4.13126e-05 7.82289e-06 1.19442e-06 1.45236e-07 1.38386e-08
 1.76064e-11 1.91185e-09 1.22398e-07 4.61993e-06 0.00010281 0.0013489 0.0104351 0.0476124 0.128338 0.206035 0.204932 0.147781 0.106116 0.0781036 0.0441002 0.0173841 0.00546101 0.00162789 0.000462855 0.000119873 2.77599e-05 5.49772e-06 8.87536e-07 1.12509e-07 1.08958e-08
 1.72778e-11 1.87616e-09 1.20113e-07 4.53368e-06 0.000100891 0.00132372 0.0102404 0.0467255 0.125969 0.202404 0.202134 0.147919 0.108974 0.0814917 0.0463014 0.0183568 0.00578846 0.0016896 0.00044724 0.000103324 2.1466e-05 3.99176e-06 6.36987e-07 8.30315e-08 8.4098e-09
 1.84013e-11 1.99816e-09 1.27924e-07 4.82849e-06 0.000107451 0.00140979 0.010906 0.0497573 0.134069 0.214826 0.211745 0.147578 0.0994235 0.0701274 0.0388918 0.0150011 0.00449723 0.00124515 0.000320758 7.25328e-05 1.42993e-05 2.4204e-06 3.47418e-07 4.19932e-08 4.14011e-09
 1.85489e-11 2.01419e-09 1.2895e-07 4.86722e-06 0.000108313 0.0014211 0.0109934 0.0501555 0.135132 0.216447 0.212956 0.14739 0.0979531 0.0684996 0.037998 0.0147777 0.00450377 0.0012583 0.000317966 6.88129e-05 1.29623e-05 2.11238e-06 2.8809e-07 3.21274e-08 2.88187e-09
 1.86936e-11 2.0299e-09 1.29956e-07 4.90519e-06 0.000109158 0.00143218 0.0110791 0.0505459 0.136175 0.21805 0.214211 0.147394 0.096796 0.0670815 0.0370166 0.0142717 0.00427807 0.00117729 0.000297277 6.47784e-05 1.21387e-05 1.92258e-06 2.51087e-07 2.6709e-08 2.26699e-09
 1.87658e-11 2.03774e-09 1.30458e-07 4.92413e-06 0.000109579 0.00143771 0.0111219 0.050741 0.136699 0.218873 0.214945 0.14769 0.0966664 0.0666699 0.0363999 0.0136038 0.00379805 0.000954628 0.00022689 4.79636e-05 8.87054e-06 1.40149e-06 1.82172e-07 1.89974e-08 1.55492e-09
 1.91485e-11 2.07929e-09 1.33118e-07 5.02455e-06 0.000111814 0.00146703 0.0113486 0.0517735 0.139456 0.223092 0.218158 0.147409 0.0931632 0.0626404 0.0339628 0.0127075 0.00356205 0.000890385 0.000204259 4.02555e-05 6.87589e-06 1.02714e-06 1.29804e-07 1.33774e-08 1.08571e-09
 1.91451e-11 2.07893e-09 1.33095e-07 5.02366e-06 0.000111794 0.00146677 0.0113466 0.0517645 0.139433 0.223062 0.218167 0.147513 0.0933489 0.0627763 0.033936 0.0125677 0.00343769 0.000832174 0.000187277 3.65569e-05 6.10801e-06 8.67693e-07 1.02183e-07 9.86098e-09 7.66398e-10
 1.91218e-11 2.0764e-09 1.32933e-07 5.01756e-06 0.000111658 0.00146499 0.0113328 0.0517018 0.139266 0.222808 0.217981 0.147557 0.0936026 0.0630498 0.0340762 0.0125878 0.00341848 0.000816342 0.000180181 3.42592e-05 5.56674e-06 7.73891e-07 8.90658e-08 8.26146e-09 6.05666e-10
 1.97686e-11 2.14663e-09 1.37429e-07 5.18727e-06 0.000115435 0.00151453 0.011716 0.0534469 0.143928 0.229953 0.22349 0.147292 0.0880009 0.0564376 0.0298359 0.0107476 0.0027589 0.000605277 0.000125301 2.30755e-05 3.66842e-06 4.97887e-07 5.5775e-08 5.03788e-09 3.59496e-10
 2.00067e-11 2.17249e-09 1.39085e-07 5.24976e-06 0.000116826 0.00153278 0.0118571 0.0540895 0.145644 0.232584 0.225515 0.147188 0.0859283 0.0539981 0.0282817 0.0100832 0.00252396 0.000527813 0.000102872 1.76522e-05 2.59572e-06 3.31275e-07 3.57279e-08 3.13966e-09 2.18202e-10
 1.89278e-11 2.05534e-09 1.31585e-07 4.96666e-06 0.000110526 0.00145013 0.0112179 0.0511786 0.137871 0.220692 0.216457 0.147987 0.0958164 0.0653835 0.0351916 0.0126398 0.00317897 0.000667256 0.000129195 2.15825e-05 3.01724e-06 3.59693e-07 3.5961e-08 2.94327e-09 1.93748e-10
#obs catch len freq
 1.07792e-11 1.17049e-09 7.49358e-08 2.82846e-06 6.29437e-05 0.000825866 0.00638985 0.0291773 0.078951 0.129213 0.140225 0.132683 0.138244 0.129465 0.0931667 0.0566681 0.0327807 0.0179116 0.00884831 0.00374011 0.00126006 0.000318427 5.76815e-05 7.21624e-06 6.03336e-07
 1.23644e-11 1.34262e-09 8.59559e-08 3.24441e-06 7.22e-05 0.000947308 0.00732911 0.0334577 0.09041 0.146923 0.154362 0.13307 0.125324 0.113982 0.0842089 0.0533681 0.0306177 0.0154619 0.00681989 0.00260196 0.000812121 0.000192587 3.25882e-05 3.76085e-06 2.86822e-07
 6.6462e-12 7.21699e-10 4.62038e-08 1.74397e-06 3.88105e-05 0.000509266 0.00394194 0.018037 0.0492944 0.0844206 0.108107 0.140187 0.179279 0.17281 0.118111 0.0652293 0.0337094 0.0162668 0.00683655 0.0023863 0.000666234 0.000142165 2.19568e-05 2.33147e-06 1.63625e-07
 1.75532e-11 1.90607e-09 1.22028e-07 4.60596e-06 0.000102499 0.00134482 0.0104034 0.0474645 0.127879 0.204721 0.200559 0.135964 0.0875966 0.0662281 0.05023 0.0341827 0.0195349 0.00898041 0.00339718 0.00107446 0.000272845 5.23944e-05 7.2359e-06 6.89679e-07 4.37953e-08
 1.51463e-11 1.64471e-09 1.05296e-07 3.97439e-06 8.84449e-05 0.00116046 0.00897841 0.0409894 0.110769 0.179844 0.18717 0.153752 0.129503 0.0997252 0.0550823 0.0214668 0.00730847 0.00274025 0.00102085 0.000311679 7.24199e-05 1.24609e-05 1.53725e-06 1.30847e-07 7.42626e-09
 1.749e-11 1.89921e-09 1.21589e-07 4.58939e-06 0.000102131 0.00134001 0.0103669 0.0473128 0.12765 0.205622 0.20661 0.151551 0.107876 0.0759639 0.0417286 0.0167121 0.00530688 0.00143111 0.000335057 7.18727e-05 1.39717e-05 2.17479e-06 2.43458e-07 1.85927e-08 9.41751e-10
 1.53848e-11 1.6706e-09 1.06954e-07 4.03697e-06 8.98379e-05 0.00117875 0.00912035 0.0416446 0.11261 0.183192 0.191491 0.157418 0.129945 0.0966781 0.0514012 0.0186633 0.00510186 0.00118267 0.000235304 3.83414e-05 5.06964e-06 5.50634e-07 4.79585e-08 3.11603e-09 1.3985e-10
 1.65793e-11 1.80031e-09 1.15258e-07 4.35041e-06 9.68129e-05 0.00127026 0.00982812 0.0448695 0.121233 0.19643 0.20165 0.156526 0.118693 0.0838238 0.0438677 0.0160502 0.00444511 0.00100374 0.000181289 2.51669e-05 2.68032e-06 2.19703e-07 1.36692e-08 6.33218e-10 2.13437e-11
 1.61854e-11 1.75755e-09 1.1252e-07 4.24707e-06 9.45134e-05 0.0012401 0.00959528 0.0438152 0.118477 0.192536 0.199641 0.158574 0.122737 0.0865631 0.0448001 0.0162354 0.0044722 0.00100589 0.000180323 2.4443e-05 2.44297e-06 1.77287e-07 9.18109e-09 3.3466e-10 8.50213e-12
 1.73193e-11 1.88067e-09 1.20402e-07 4.5446e-06 0.000101135 0.00132697 0.0102672 0.0468772 0.12667 0.205154 0.209521 0.158395 0.11306 0.0748303 0.036999 0.0127194 0.00326159 0.000680326 0.000115139 1.50014e-05 1.45066e-06 1.01263e-07 4.9514e-09 1.6524e-10 3.69526e-12
 1.5258e-11 1.65684e-09 1.06073e-07 4.00373e-06 8.90992e-05 0.00116911 0.00904741 0.0413394 0.112055 0.183752 0.196202 0.165876 0.134659 0.0931973 0.0447824 0.0141148 0.00309802 0.000529857 7.51228e-05 8.56591e-06 7.47371e-07 4.80802e-08 2.20028e-09 6.92225e-11 1.45674e-12
 1.71145e-11 1.85843e-09 1.18978e-07 4.49086e-06 9.99394e-05 0.00131133 0.0101471 0.0463451 0.12539 0.203937 0.210817 0.162885 0.116871 0.0746395 0.0344133 0.0105195 0.00221757 0.00035278 4.43356e-05 4.27726e-06 3.06808e-07 1.62701e-08 6.31739e-10 1.7449e-11 3.30919e-13
 1.63446e-11 1.77483e-09 1.13626e-07 4.28886e-06 9.54447e-05 0.00125239 0.00969216 0.0442873 0.120025 0.196411 0.207081 0.167208 0.125234 0.0802442 0.0358995 0.01032 0.00195069 0.000264298 2.80139e-05 2.34723e-06 1.48533e-07 6.84594e-09 2.25056e-10 5.17454e-12 8.16556e-14
 1.77546e-11 1.92794e-09 1.23429e-07 4.65885e-06 0.000103678 0.00136041 0.0105274 0.0480891 0.130147 0.211683 0.217936 0.164465 0.111377 0.0662828 0.0284403 0.00792885 0.00144812 0.000186168 1.81411e-05 1.3496e-06 7.35558e-08 2.86261e-09 7.92742e-11 1.54993e-12 2.09431e-14
 1.30215e-11 1.41398e-09 9.05245e-08 3.41691e-06 7.60436e-05 0.00099798 0.00772814 0.0353958 0.0967644 0.163271 0.188707 0.181904 0.158479 0.105578 0.0460465 0.0125624 0.00219644 0.000264074 2.36491e-05 1.61513e-06 8.10316e-08 2.8764e-09 7.11464e-11 1.21394e-12 1.40725e-14
 1.51694e-11 1.64723e-09 1.05457e-07 3.98054e-06 8.85862e-05 0.00116252 0.00900011 0.0411797 0.112104 0.18608 0.203833 0.175525 0.13621 0.0854277 0.0367772 0.0103387 0.00196854 0.00027083 2.75644e-05 2.00065e-06 9.91584e-08 3.31168e-09 7.50883e-11 1.16156e-12 1.21518e-14
 1.50319e-11 1.63229e-09 1.04501e-07 3.94448e-06 8.77849e-05 0.00115206 0.0089205 0.0408355 0.111336 0.185598 0.205226 0.178535 0.137834 0.084387 0.0349642 0.00927871 0.00162052 0.000200457 1.8748e-05 1.32654e-06 6.78804e-08 2.41125e-09 5.78505e-11 9.16808e-13 9.42586e-15
 1.62245e-11 1.76179e-09 1.12792e-07 4.2574e-06 9.47489e-05 0.00124343 0.00962732 0.0440556 0.119924 0.198586 0.214467 0.176173 0.126104 0.0726606 0.0286393 0.00715431 0.00113571 0.000120814 9.29589e-06 5.41553e-07 2.35487e-08 7.37302e-10 1.6204e-11 2.44828e-13 2.48127e-15
 1.47016e-11 1.59642e-09 1.02205e-07 3.85786e-06 8.58603e-05 0.00112694 0.00872931 0.0400071 0.109452 0.184108 0.207319 0.18347 0.140172 0.0827679 0.0328419 0.00834889 0.00139158 0.000160953 1.34665e-05 8.06591e-07 3.32869e-08 9.25119e-10 1.73353e-11 2.20859e-13 1.91134e-15
 1.47738e-11 1.60427e-09 1.02708e-07 3.87685e-06 8.62848e-05 0.00113257 0.00877446 0.0402326 0.110194 0.185779 0.209637 0.184596 0.138626 0.0801562 0.0313257 0.00793862 0.00134243 0.000160251 1.39395e-05 8.67543e-07 3.72211e-08 1.07464e-09 2.06382e-11 2.60899e-13 2.14342e-15
 1.6163e-11 1.75511e-09 1.12365e-07 4.24137e-06 9.43968e-05 0.001239 0.00959736 0.0439745 0.120106 0.200416 0.219035 0.180089 0.12454 0.0678434 0.02556 0.00631818 0.00104773 0.000122934 1.05327e-05 6.48984e-07 2.77975e-08 8.079e-10 1.56968e-11 2.00914e-13 1.66724e-15
 1.5624e-11 1.69659e-09 1.08619e-07 4.10002e-06 9.12545e-05 0.00119791 0.00928246 0.0425782 0.116658 0.1963 0.218548 0.184412 0.129116 0.0694383 0.025359 0.00598037 0.000927025 9.96923e-05 7.79738e-06 4.45051e-07 1.80004e-08 5.00958e-10 9.40002e-12 1.1687e-13 9.46361e-16
 1.59839e-11 1.73567e-09 1.11121e-07 4.1945e-06 9.33595e-05 0.0012256 0.00949829 0.0435795 0.119442 0.200893 0.222494 0.184334 0.1249 0.064748 0.0227949 0.00515606 0.00075596 7.52297e-05 5.33395e-06 2.73259e-07 9.90707e-09 2.4774e-10 4.20328e-12 4.7763e-14 3.57976e-16
 1.56739e-11 1.70202e-09 1.08967e-07 4.11327e-06 9.1556e-05 0.0012021 0.00931984 0.042807 0.117655 0.199209 0.22339 0.187488 0.126879 0.0644921 0.0219864 0.00475779 0.000654799 5.95507e-05 3.7665e-06 1.70664e-07 5.4918e-09 1.2225e-10 1.84405e-12 1.85998e-14 1.23896e-16
 1.62896e-11 1.76888e-09 1.13248e-07 4.27489e-06 9.51549e-05 0.00124938 0.0096866 0.0444859 0.122156 0.205965 0.227722 0.185055 0.119939 0.0589065 0.0197611 0.00430005 0.000610567 5.85672e-05 3.90498e-06 1.8058e-07 5.6546e-09 1.17439e-10 1.60562e-12 1.44442e-14 8.52823e-17
 1.5969e-11 1.73407e-09 1.1102e-07 4.19091e-06 9.32919e-05 0.00122515 0.00950331 0.0436987 0.120364 0.204338 0.228666 0.188065 0.121716 0.0586585 0.0190858 0.0039915 0.000539016 4.87452e-05 3.07099e-06 1.365e-07 4.20325e-09 8.72395e-11 1.1947e-12 1.06337e-14 6.07524e-17
 1.45283e-11 1.57764e-09 1.01008e-07 3.81318e-06 8.48978e-05 0.00111544 0.00866342 0.0399748 0.111107 0.192788 0.225404 0.196825 0.133172 0.0649603 0.0209593 0.00431546 0.000572464 5.06351e-05 3.08759e-06 1.30922e-07 3.79975e-09 7.39231e-11 9.50624e-13 8.00635e-15 4.37295e-17
 1.63376e-11 1.77411e-09 1.13586e-07 4.28792e-06 9.5461e-05 0.00125393 0.00973155 0.044794 0.123578 0.209965 0.23352 0.18728 0.115771 0.053208 0.0167833 0.00348745 0.00047999 4.48148e-05 2.87339e-06 1.25177e-07 3.62865e-09 6.88955e-11 8.50044e-13 6.78191e-15 3.47661e-17
 1.51669e-11 1.647e-09 1.05451e-07 3.98116e-06 8.86504e-05 0.00116511 0.00905501 0.0418294 0.116416 0.20175 0.232839 0.195662 0.124286 0.0563986 0.0168875 0.00320216 0.000384711 3.01878e-05 1.61736e-06 6.11103e-08 1.62712e-09 2.97206e-11 3.60876e-13 2.84151e-15 1.42571e-17
#spawning biomass
 7279.44 6584.71 5289.44 6039.66 9158.18 12968.6 18992.4 25323.2 36888.1 52678.3 68112.6 101580 140841 177732 163528 160347 181849 180011 166069 139168 174483 212008 211983 233843 263057 278151 259778 282004 283523 273120 338381 180588 88352.4 45429.3 27837.4 21182.7 18797.7 17974.9 17698.8 17608 17578.6 17569.2 17566.2 17565.2 17564.9 17564.8 17564.8 17564.8 17564.8 17564.8 17564.8 17564.8 17564.8 17564.8 17564.8 17564.8 17564.8 17564.8 17564.8 17564.8 17564.8 17564.8 17564.8 17564.8 17564.8 17564.8 17564.8 17564.8 17564.8 17564.8 17564.8 17564.8 17564.8 17564.8 17564.8 17564.8 17564.8 17564.8 17564.8 17564.8 17564.8 17564.8 17564.8 17564.8 17564.8 17564.8 17564.8 17564.8 17564.8 17564.8 17564.8 17564.8 17564.8 17564.8 17564.8 17564.8 17564.8 17564.8 17564.8 17564.8 17564.8 17564.8 17564.8 17564.8 17564.8 17564.8 17564.8 17564.8 17564.8 17564.8 17564.8 17564.8 17564.8 17564.8 17564.8 17564.8 17564.8 17564.8 17564.8 17564.8 17564.8 17564.8 17564.8 17564.8 17564.8 17564.8 17564.8 17564.8 17564.8 0 0 0 0 0 0 0 0 0 0 0 0 0 0 0 0 0 0 0 0 0 0 0 0 0
