SBPRF35
0.0431078
Curr Bio
41696.5
B35
28191.9
F35
2.47544
FOFL
2.47544
OFL
70650.6
Bzero
12316.4
#pred survey bio
 8499.96 7466.88 8743.42 11006.6 14423.5 16407.1 15613.7 15142.9 24292.5 35376.5 35583 44715.4 71564.6 79462.3 68173.7 57338 56347 59497.2 55768 58095.4 58214 65031.3 71029.6 71197.1 75357.2 77526.4 68035.7 69537.8 93428.1 2.79008e+06 1.88848e+06 692698 307985 233212 209795 201089 197738 196435 195925 195725 195646 195615 195603 195598 195596 195595 195595 195595 195594 195594 195594 195594 195594 195594 195594 195594 195594 195594 195594 195594 195594 195594 195594 195594 195594 195594 195594 195594 195594 195594 195594 195594 195594 195594 195594 195594 195594 195594 195594 195594 195594 195594 195594 195594 195594 195594 195594 195594 195594 195594 195594 195594 195594 195594 195594 195594 195594 195594 195594 195594 195594 195594 195594 195594 195594 195594 195594 195594 195594 195594 195594 195594 195594 195594 195594 195594 195594 195594 195594 195594 195594 195594 195594 195594 195594 195594 195594 195594 195594 0 0 0 0 0 0 0 0 0 0 0 0 0 0 0 0 0 0 0 0 0 0 0 0 0
#obs survey bio
 6594.3 8507.27 5828.01 10793.6 12424.3 14627.5 15321.2 15084.1 31114.6 30136 24595.2 51489.9 69276.2 102649 65223.1 45910.8 65436 57712.1 59871.6 79561.5 49191.6 89673.6 57368.7 76324.7 88145.1 71835.6 52420.4 87911.7 108507
#pred catch bio
 3813.88 3373.75 4135.3 4786.89 6662.71 7972.48 8806.27 7446.21 8129.78 17647 21845.7 17870.9 37591 48256.7 43175.4 36452.3 30131.6 37284.7 30517.8 35658.7 34102.3 34695.1 43336.5 42778.9 40897.4 49729 42107.7 40113 46193.4 70650.6 61298.8 15966 5467.08 4916.6 4894.31 4893.47 4893.44 4893.44 4893.44 4893.44 4893.44 4893.44 4893.44 4893.44 4893.44 4893.44 4893.44 4893.44 4893.44 4893.44 4893.44 4893.44 4893.44 4893.44 4893.44 4893.44 4893.44 4893.44 4893.44 4893.44 4893.44 4893.44 4893.44 4893.44 4893.44 4893.44 4893.44 4893.44 4893.44 4893.44 4893.44 4893.44 4893.44 4893.44 4893.44 4893.44 4893.44 4893.44 4893.44 4893.44 4893.44 4893.44 4893.44 4893.44 4893.44 4893.44 4893.44 4893.44 4893.44 4893.44 4893.44 4893.44 4893.44 4893.44 4893.44 4893.44 4893.44 4893.44 4893.44 4893.44 4893.44 4893.44 4893.44 4893.44 4893.44 4893.44 4893.44 4893.44 4893.44 4893.44 4893.44 4893.44 4893.44 4893.44 4893.44 4893.44 4893.44 4893.44 4893.44 4893.44 4893.44 4893.44 4893.44 4893.44 4893.44 4893.44 4893.44 4893.44 4893.44 0 0 0 0 0 0 0 0 0 0 0 0 0 0 0 0 0 0 0 0 0 0 0 0 0
#obs catch bio
 3600.66 3429.69 4194.51 4832.77 6667.46 7852.43 8936.96 7547.58 7892.85 17057.9 22540.1 17602.2 36964 48291.9 43019.9 37903.7 29615.1 37402.1 30319.9 34921.3 35113.6 34011.5 43464.9 42928.6 40446.2 50946.8 42262.9 40218.7 46025.4
#pred cpue bio
 6226.32 4591.03 5048.94 6156.42 8208.59 9995.41 10237.8 8720.12 11494.8 21261.4 22332.6 21364.5 38549.9 47828.8 43125.3 34713.8 31517.3 36182.5 32350.3 34671.9 33056 36171.9 42352.4 40575.9 42819.3 47317.1 40614.3 38781.3 46861.6 1.59124e+06 1.54969e+06 653409 239558 161718 137986 129246 125891 124587 124077 123877 123798 123767 123755 123750 123748 123747 123747 123747 123747 123747 123747 123747 123747 123747 123747 123747 123747 123747 123747 123747 123747 123747 123747 123747 123747 123747 123747 123747 123747 123747 123747 123747 123747 123747 123747 123747 123747 123747 123747 123747 123747 123747 123747 123747 123747 123747 123747 123747 123747 123747 123747 123747 123747 123747 123747 123747 123747 123747 123747 123747 123747 123747 123747 123747 123747 123747 123747 123747 123747 123747 123747 123747 123747 123747 123747 123747 123747 123747 123747 123747 123747 123747 123747 123747 123747 123747 123747 123747 123747 0 0 0 0 0 0 0 0 0 0 0 0 0 0 0 0 0 0 0 0 0 0 0 0 0
#obs cpue bio
 4447.68 3462.21 5049.68 5992.98 11005.4 15292.3 6799.69 10816.4 17796.9 27744.9 21769.2 23023.8 45131.2 40670.4 39681 24170.1 40005.8 37598.8 32671.4 38864.5 16581 51444.2 45368.7 36569.6 37918.2 33491.7 56827.7 34255.7 36884.1
#pred surv len freq
 2.1421e-27 2.16441e-27 5.7008e-27 1.20983e-21 7.19535e-17 9.83836e-13 3.0927e-09 2.2351e-06 0.000371359 0.0141857 0.124579 0.251531 0.117339 0.0280594 0.0955799 0.134553 0.0554863 0.0466331 0.0409566 0.0256491 0.0198616 0.0152367 0.0137298 0.0115795 0.00466715
 2.14361e-27 2.16913e-27 6.24077e-27 1.39303e-21 8.28485e-17 1.13281e-12 3.56099e-09 2.57354e-06 0.00042759 0.0163336 0.143443 0.289616 0.135062 0.031122 0.102804 0.144395 0.055096 0.0338137 0.0261349 0.00985772 0.00501102 0.00286783 0.00199924 0.00144964 0.000563361
 2.14425e-27 2.17079e-27 6.41555e-27 1.45229e-21 8.63731e-17 1.181e-12 3.71248e-09 2.68302e-06 0.00044578 0.0170285 0.149545 0.301937 0.140778 0.0316569 0.102358 0.143654 0.0534396 0.0286795 0.0211376 0.00625912 0.00201486 0.000625909 0.000253788 0.000136412 4.78781e-05
 2.14467e-27 2.17179e-27 6.51683e-27 1.48662e-21 8.84148e-17 1.20892e-12 3.80024e-09 2.74644e-06 0.000456318 0.017431 0.15308 0.309074 0.144083 0.0317937 0.101042 0.141728 0.0518214 0.0250629 0.0179824 0.00484642 0.00126269 0.000268286 4.90639e-05 1.26986e-05 3.40272e-06
 2.14432e-27 2.17095e-27 6.42867e-27 1.45672e-21 8.66366e-17 1.1846e-12 3.72381e-09 2.69121e-06 0.00044714 0.0170804 0.150001 0.302858 0.141217 0.0319989 0.104168 0.146156 0.0536703 0.0266621 0.0191783 0.00505491 0.00124044 0.000232706 2.87411e-05 2.97503e-06 3.61125e-07
 2.14264e-27 2.16683e-27 5.99263e-27 1.30881e-21 7.78398e-17 1.06432e-12 3.34571e-09 2.41795e-06 0.000401739 0.0153462 0.134771 0.272109 0.127052 0.0333747 0.121835 0.171083 0.0628175 0.0311852 0.0224207 0.00588534 0.00142624 0.000259167 2.8784e-05 2.06231e-06 9.6749e-08
 2.14102e-27 2.16294e-27 5.59282e-27 1.17324e-21 6.97771e-17 9.54077e-13 2.99915e-09 2.1675e-06 0.000360126 0.0137566 0.120811 0.243924 0.114031 0.0336263 0.131866 0.185424 0.0706401 0.042914 0.0318259 0.00837333 0.00203376 0.000367839 3.99738e-05 2.64621e-06 8.99513e-08
 2.14458e-27 2.17167e-27 6.51593e-27 1.48637e-21 8.84e-17 1.20871e-12 3.7996e-09 2.74599e-06 0.000456241 0.0174281 0.153055 0.309022 0.144021 0.0307904 0.0949328 0.133294 0.0512488 0.03253 0.024378 0.00671267 0.00176753 0.00032357 3.49135e-05 2.27406e-06 7.29215e-08
 2.14751e-27 2.17876e-27 7.25099e-27 1.73564e-21 1.03225e-16 1.41142e-12 4.43682e-09 3.20651e-06 0.000532756 0.0203509 0.178723 0.360845 0.167939 0.0297052 0.072688 0.101679 0.036536 0.0156986 0.0110764 0.00314843 0.000882554 0.000170539 1.96956e-05 1.30873e-06 4.15684e-08
 2.14244e-27 2.16624e-27 5.92004e-27 1.28413e-21 7.63722e-17 1.04425e-12 3.28263e-09 2.37236e-06 0.000394165 0.0150568 0.13223 0.266979 0.124726 0.0345892 0.130795 0.183542 0.0648866 0.0245234 0.0166662 0.0043293 0.00104742 0.000205714 2.57009e-05 1.83209e-06 6.11638e-08
 2.14239e-27 2.16629e-27 5.94759e-27 1.29358e-21 7.69343e-17 1.05194e-12 3.30679e-09 2.38982e-06 0.000397066 0.0151676 0.133203 0.268943 0.125555 0.0324777 0.117313 0.164911 0.0634089 0.0402228 0.029716 0.0070608 0.00136091 0.000232237 2.57393e-05 1.85355e-06 6.62218e-08
 2.14744e-27 2.17858e-27 7.23373e-27 1.72979e-21 1.02878e-16 1.40667e-12 4.42188e-09 3.1957e-06 0.000530961 0.0202824 0.178121 0.35963 0.167374 0.0296248 0.0725633 0.101533 0.0368962 0.01714 0.0121844 0.00321155 0.000769252 0.000124993 1.10389e-05 6.63702e-07 2.20029e-08
 2.14488e-27 2.17222e-27 6.55118e-27 1.49822e-21 8.91047e-17 1.21835e-12 3.82989e-09 2.76787e-06 0.000459878 0.017567 0.154275 0.311486 0.145231 0.0326873 0.10577 0.148217 0.0517212 0.0173888 0.0114529 0.00292957 0.000677182 0.00012101 1.25733e-05 7.19807e-07 1.9677e-08
 2.14254e-27 2.16653e-27 5.95258e-27 1.29518e-21 7.70294e-17 1.05324e-12 3.31087e-09 2.39278e-06 0.000397556 0.0151864 0.133368 0.269276 0.125774 0.0342066 0.127767 0.179335 0.0642619 0.0270133 0.0185374 0.004116 0.000646841 0.000101246 1.03373e-05 6.47351e-07 1.90748e-08
 2.1415e-27 2.16402e-27 5.69424e-27 1.20758e-21 7.18197e-17 9.82006e-13 3.08695e-09 2.23095e-06 0.000370668 0.0141593 0.124348 0.251065 0.117362 0.0344055 0.13447 0.18891 0.0693565 0.0343863 0.0244229 0.00562481 0.000970161 0.000136536 1.01507e-05 5.31583e-07 1.56695e-08
 2.14293e-27 2.16755e-27 6.07127e-27 1.3355e-21 7.9427e-17 1.08602e-12 3.41393e-09 2.46725e-06 0.000409931 0.0156591 0.137519 0.277657 0.129599 0.0328975 0.117249 0.164666 0.061202 0.0326395 0.0235514 0.0056647 0.00110473 0.000165506 1.27545e-05 5.84237e-07 1.34102e-08
 2.14437e-27 2.17102e-27 6.42955e-27 1.45698e-21 8.66524e-17 1.18482e-12 3.72449e-09 2.6917e-06 0.000447222 0.0170836 0.150029 0.302914 0.141264 0.0325736 0.10766 0.150981 0.0540763 0.0226619 0.015654 0.00377687 0.000748916 0.000117027 9.93258e-06 4.89195e-07 1.1078e-08
 2.14236e-27 2.16609e-27 5.90802e-27 1.28007e-21 7.61309e-17 1.04095e-12 3.27225e-09 2.36487e-06 0.000392919 0.0150092 0.131812 0.266135 0.124321 0.0341967 0.128653 0.180611 0.0650533 0.0284045 0.0197435 0.00465056 0.000867311 0.000134875 1.18672e-05 6.22846e-07 1.5318e-08
 2.14378e-27 2.1696e-27 6.28328e-27 1.40739e-21 8.37028e-17 1.14449e-12 3.59771e-09 2.60007e-06 0.000431998 0.016502 0.144922 0.292603 0.136499 0.0326181 0.111039 0.155833 0.0569994 0.0276066 0.0195292 0.00450227 0.000785502 0.000116742 9.71254e-06 5.03741e-07 1.28673e-08
 2.14298e-27 2.16763e-27 6.07383e-27 1.33633e-21 7.94768e-17 1.0867e-12 3.41607e-09 2.4688e-06 0.000410188 0.0156689 0.137605 0.277831 0.129701 0.0334566 0.12061 0.169298 0.0614002 0.0281341 0.0198201 0.00488328 0.0010117 0.000154803 1.23043e-05 6.04499e-07 1.48334e-08
 2.14414e-27 2.17047e-27 6.37339e-27 1.43794e-21 8.55201e-17 1.16933e-12 3.67582e-09 2.65652e-06 0.000441378 0.0168603 0.148068 0.298956 0.139434 0.0325643 0.108796 0.152622 0.0551976 0.0248047 0.0173283 0.00405401 0.000743517 0.000116568 1.04223e-05 5.33669e-07 1.26234e-08
 2.14441e-27 2.17111e-27 6.43692e-27 1.45948e-21 8.68007e-17 1.18684e-12 3.73086e-09 2.6963e-06 0.000447987 0.0171128 0.150285 0.303432 0.141508 0.0326904 0.108216 0.151743 0.0540264 0.021623 0.0147458 0.0034417 0.000623284 9.3169e-05 7.69418e-06 4.01228e-07 1.02627e-08
 2.14289e-27 2.16739e-27 6.04639e-27 1.32701e-21 7.89225e-17 1.07912e-12 3.39224e-09 2.45158e-06 0.000407327 0.0155596 0.136645 0.275893 0.128815 0.0337343 0.122889 0.172484 0.0621502 0.0272108 0.0189023 0.00439345 0.000785467 0.000117004 9.53501e-06 4.73759e-07 1.16155e-08
 2.14411e-27 2.1704e-27 6.367e-27 1.43578e-21 8.53913e-17 1.16757e-12 3.67028e-09 2.65253e-06 0.000440713 0.0168349 0.147845 0.298506 0.139223 0.032492 0.10849 0.15221 0.0553002 0.0256338 0.017998 0.00416962 0.00073698 0.000108569 8.68134e-06 4.24756e-07 1.01549e-08
 2.14386e-27 2.16976e-27 6.29254e-27 1.41049e-21 8.38875e-17 1.14701e-12 3.60565e-09 2.60581e-06 0.000432951 0.0165385 0.145242 0.293249 0.136822 0.0332846 0.114913 0.161165 0.057131 0.0220745 0.0149334 0.00348281 0.00062868 9.27657e-05 7.32276e-06 3.52396e-07 8.2746e-09
 2.14241e-27 2.16623e-27 5.9263e-27 1.28629e-21 7.65005e-17 1.04601e-12 3.28814e-09 2.37635e-06 0.000394827 0.0150821 0.132452 0.267427 0.124907 0.0338751 0.1263 0.177343 0.0645719 0.030365 0.0213656 0.00492116 0.000856 0.000126373 1.02318e-05 4.97085e-07 1.15556e-08
 2.14295e-27 2.16756e-27 6.06637e-27 1.3338e-21 7.93262e-17 1.08464e-12 3.40959e-09 2.46412e-06 0.00040941 0.0156392 0.137344 0.277305 0.129459 0.0335057 0.121068 0.169945 0.0616467 0.0282755 0.0198232 0.00461763 0.000827803 0.000121201 9.44865e-06 4.54219e-07 1.07081e-08
 2.14453e-27 2.17143e-27 6.47436e-27 1.47219e-21 8.7557e-17 1.19719e-12 3.76337e-09 2.7198e-06 0.00045189 0.0172619 0.151595 0.306076 0.142714 0.0322547 0.104759 0.146926 0.0530845 0.0236907 0.016524 0.0038539 0.000694818 0.000102993 8.20215e-06 3.92161e-07 9.02418e-09
 2.14639e-27 2.17597e-27 6.95118e-27 1.63392e-21 9.71758e-17 1.32871e-12 4.1768e-09 3.01859e-06 0.000501534 0.0191582 0.168249 0.339699 0.158212 0.0310211 0.0870944 0.121948 0.0431923 0.0165734 0.0111932 0.00260893 0.000470752 6.99771e-05 5.62551e-06 2.73215e-07 6.36426e-09
#obs surv len freq
 8.70208e-40 4.25906e-33 4.79237e-27 1.23974e-21 7.37319e-17 1.00815e-12 3.16913e-09 2.29034e-06 0.000380543 0.0145363 0.127657 0.257748 0.120371 0.0322424 0.11925 0.167688 0.0648936 0.0425246 0.0331745 0.0123669 0.00520486 0.0015683 0.000343694 4.61848e-05 3.17601e-06
 1.03436e-39 5.06248e-33 5.69639e-27 1.4736e-21 8.76406e-17 1.19833e-12 3.76695e-09 2.72238e-06 0.000452328 0.0172783 0.151738 0.306366 0.142785 0.030566 0.0943628 0.132505 0.051089 0.0329192 0.0255346 0.00927019 0.00377129 0.001095 0.000231724 3.02636e-05 2.01463e-06
 9.71625e-40 4.75543e-33 5.35089e-27 1.38422e-21 8.2325e-17 1.12565e-12 3.53848e-09 2.55726e-06 0.000424893 0.0162304 0.142535 0.287786 0.134279 0.0328236 0.113745 0.159605 0.0576791 0.0258537 0.0188676 0.00665421 0.00261462 0.000732146 0.000148031 1.85457e-05 1.19361e-06
 1.04974e-39 5.13776e-33 5.78109e-27 1.49551e-21 8.89437e-17 1.21614e-12 3.82296e-09 2.76286e-06 0.000459054 0.0175353 0.153995 0.310922 0.144921 0.031361 0.0978429 0.137272 0.0509408 0.0269572 0.0197717 0.00571194 0.00174942 0.000459428 8.87229e-05 1.06028e-05 6.52682e-07
 9.85473e-40 4.82321e-33 5.42715e-27 1.40395e-21 8.34983e-17 1.14169e-12 3.58891e-09 2.59371e-06 0.000430949 0.0164617 0.144566 0.291887 0.136178 0.0328748 0.112821 0.158278 0.0568946 0.0245257 0.0174825 0.00541472 0.00173868 0.000378201 5.86538e-05 6.43202e-06 3.76239e-07
 8.15661e-40 3.99209e-33 4.49197e-27 1.16203e-21 6.91102e-17 9.44958e-13 2.97048e-09 2.14677e-06 0.00035669 0.0136251 0.119656 0.241593 0.112998 0.0348146 0.139821 0.196439 0.0717898 0.0346159 0.0249055 0.00693871 0.00194173 0.000432781 6.41967e-05 5.77235e-06 2.89083e-07
 7.8977e-40 3.86538e-33 4.34938e-27 1.12514e-21 6.69166e-17 9.14963e-13 2.87619e-09 2.07863e-06 0.000345368 0.0131926 0.115857 0.233924 0.109406 0.0335581 0.134463 0.189164 0.0730093 0.0471809 0.0356677 0.0104387 0.00307243 0.00062721 8.41362e-05 7.27452e-06 3.21941e-07
 1.33099e-39 6.51428e-33 7.32997e-27 1.89619e-21 1.12774e-16 1.54198e-12 4.84722e-09 3.5031e-06 0.000582045 0.0222333 0.195253 0.394221 0.183285 0.027464 0.0489471 0.0683087 0.0260105 0.0157946 0.0120448 0.00405886 0.00143609 0.000311931 4.2043e-05 3.34255e-06 1.36434e-07
 1.10607e-39 5.41346e-33 6.09131e-27 1.57576e-21 9.37166e-17 1.28141e-12 4.02811e-09 2.91112e-06 0.000483687 0.0184762 0.162258 0.327606 0.152683 0.0326471 0.100665 0.140881 0.0471788 0.00947508 0.00520885 0.00167545 0.000588216 0.000145793 2.30585e-05 1.93587e-06 7.65612e-08
 6.39269e-40 3.12878e-33 3.52055e-27 9.10734e-22 5.41648e-17 7.40606e-13 2.3281e-09 1.68252e-06 0.000279554 0.0106786 0.0937794 0.189351 0.0889928 0.0387327 0.179486 0.252136 0.0886077 0.0317723 0.0209469 0.00446261 0.000628593 0.000122509 2.00296e-05 1.92232e-06 8.45285e-08
 1.22756e-39 6.00803e-33 6.76034e-27 1.74883e-21 1.0401e-16 1.42215e-12 4.47053e-09 3.23086e-06 0.000536812 0.0205055 0.180079 0.363585 0.169136 0.0278459 0.0605126 0.0848338 0.0349245 0.0289177 0.0221352 0.00558754 0.00120497 0.000176691 1.36807e-05 9.95248e-07 4.62178e-08
 1.18028e-39 5.77667e-33 6.5e-27 1.68149e-21 1.00004e-16 1.36738e-12 4.29837e-09 3.10644e-06 0.00051614 0.0197159 0.173145 0.349585 0.162792 0.031266 0.08561 0.119707 0.0403528 0.00900625 0.00534986 0.00201818 0.000773002 0.000144452 1.38017e-05 7.11204e-07 1.93096e-08
 8.82646e-40 4.31994e-33 4.86086e-27 1.25746e-21 7.47858e-17 1.02256e-12 3.21443e-09 2.32308e-06 0.000385982 0.014744 0.129482 0.261433 0.122204 0.0356904 0.139188 0.195235 0.0671403 0.0193683 0.011999 0.0026059 0.000413216 9.36847e-05 1.47193e-05 1.00369e-06 2.7597e-08
 9.22722e-40 4.51609e-33 5.08157e-27 1.31455e-21 7.81815e-17 1.06899e-12 3.36038e-09 2.42856e-06 0.000403508 0.0154135 0.135361 0.273302 0.1276 0.0332579 0.120762 0.169595 0.0626339 0.0321869 0.0230205 0.00535982 0.000953051 0.000136647 1.19144e-05 9.36975e-07 3.6808e-08
 7.35828e-40 3.60137e-33 4.05232e-27 1.0483e-21 6.23461e-17 8.5247e-13 2.67975e-09 1.93666e-06 0.000321779 0.0122915 0.107944 0.217949 0.102119 0.0361926 0.15536 0.2183 0.0789385 0.0354805 0.0253199 0.0073459 0.00206269 0.000342403 2.8348e-05 1.43042e-06 4.22768e-08
 1.12488e-39 5.5055e-33 6.19488e-27 1.60256e-21 9.531e-17 1.30319e-12 4.0966e-09 2.96062e-06 0.000491911 0.0187904 0.165017 0.333175 0.155154 0.029885 0.0821259 0.115193 0.0441841 0.0277364 0.0207346 0.00566218 0.0015042 0.00030496 3.6531e-05 2.13979e-06 5.33172e-08
 8.74271e-40 4.27895e-33 4.81474e-27 1.24553e-21 7.40762e-17 1.01286e-12 3.18393e-09 2.30103e-06 0.00038232 0.0146041 0.128253 0.258952 0.121057 0.0356988 0.139987 0.196358 0.0674654 0.0193018 0.0123924 0.00395056 0.00129892 0.000260827 3.20319e-05 2.34332e-06 7.58245e-08
 9.54736e-40 4.67277e-33 5.25788e-27 1.36016e-21 8.0894e-17 1.10608e-12 3.47697e-09 2.51281e-06 0.000417508 0.0159482 0.140058 0.282783 0.131966 0.0327984 0.115099 0.16161 0.0597712 0.0309776 0.0221809 0.00516567 0.000984811 0.000205079 2.95245e-05 2.26032e-06 8.10358e-08
 1.0135e-39 4.96038e-33 5.58151e-27 1.44388e-21 8.58731e-17 1.17416e-12 3.69098e-09 2.66748e-06 0.000443205 0.0169299 0.148678 0.300188 0.140007 0.0326622 0.109022 0.152896 0.0546497 0.0225744 0.015834 0.00458691 0.00128625 0.000216873 2.10816e-05 1.59664e-06 6.32419e-08
 8.68188e-40 4.24918e-33 4.78124e-27 1.23686e-21 7.35608e-17 1.00581e-12 3.16178e-09 2.28502e-06 0.00037966 0.0145025 0.127361 0.25715 0.1202 0.0350509 0.136575 0.191693 0.0678017 0.0257339 0.0175279 0.004612 0.00114957 0.000230147 2.77539e-05 1.74162e-06 5.53425e-08
 1.11551e-39 5.45966e-33 6.1433e-27 1.58921e-21 9.45165e-17 1.29234e-12 4.06249e-09 2.93597e-06 0.000487815 0.0186339 0.163643 0.330401 0.153902 0.0307021 0.0879497 0.123288 0.0454906 0.0232638 0.0167647 0.00428289 0.000985083 0.000179844 2.09256e-05 1.51241e-06 5.05932e-08
 8.90061e-40 4.35623e-33 4.9017e-27 1.26802e-21 7.54141e-17 1.03115e-12 3.24143e-09 2.34259e-06 0.000389225 0.0148679 0.13057 0.263629 0.123205 0.0353333 0.136346 0.191257 0.0661009 0.0201732 0.0130739 0.00376559 0.00106802 0.000195767 2.08966e-05 1.4037e-06 4.81996e-08
 1.0058e-39 4.92271e-33 5.53912e-27 1.43292e-21 8.52209e-17 1.16524e-12 3.66295e-09 2.64722e-06 0.00043984 0.0168013 0.147549 0.297908 0.13894 0.0322944 0.107463 0.150801 0.0553304 0.0273299 0.0194418 0.00460344 0.000900393 0.000171038 2.12753e-05 1.43779e-06 4.60412e-08
 1.03527e-39 5.06691e-33 5.70137e-27 1.47489e-21 8.77172e-17 1.19937e-12 3.77024e-09 2.72476e-06 0.000452723 0.0172934 0.151871 0.306635 0.142984 0.0325693 0.106512 0.14932 0.0528757 0.0202749 0.013957 0.00396571 0.00108412 0.000184207 1.76753e-05 1.20097e-06 4.16377e-08
 8.71975e-40 4.26771e-33 4.8021e-27 1.24226e-21 7.38817e-17 1.0102e-12 3.17557e-09 2.29499e-06 0.000381316 0.0145658 0.127917 0.258272 0.120718 0.0350343 0.136136 0.191068 0.0675203 0.0254311 0.017249 0.00442803 0.00104743 0.00020431 2.42187e-05 1.50831e-06 4.54334e-08
 9.23868e-40 4.52169e-33 5.08788e-27 1.31619e-21 7.82785e-17 1.07032e-12 3.36455e-09 2.43157e-06 0.000404009 0.0154326 0.135529 0.273641 0.127755 0.033233 0.120508 0.169228 0.062375 0.0316927 0.0228077 0.00580773 0.00132063 0.000234587 2.6018e-05 1.82464e-06 6.00572e-08
 9.73609e-40 4.76514e-33 5.36181e-27 1.38705e-21 8.24931e-17 1.12794e-12 3.5457e-09 2.56249e-06 0.000425761 0.0162635 0.142826 0.288373 0.134559 0.0330302 0.114829 0.161119 0.0580624 0.0254764 0.0180753 0.00519719 0.0014643 0.000266871 2.79821e-05 1.81341e-06 5.98063e-08
 1.12851e-39 5.52326e-33 6.21486e-27 1.60772e-21 9.56174e-17 1.3074e-12 4.10981e-09 2.97017e-06 0.000493498 0.018851 0.165549 0.33425 0.155695 0.0310673 0.0890191 0.124692 0.0445707 0.0184097 0.0128158 0.00346831 0.000908174 0.000183322 2.27297e-05 1.51911e-06 4.74627e-08
 1.12851e-39 5.52326e-33 6.21486e-27 1.60772e-21 9.56174e-17 1.3074e-12 4.10981e-09 2.97017e-06 0.000493498 0.018851 0.165549 0.33425 0.155695 0.0310673 0.0890191 0.124692 0.0445707 0.0184097 0.0128158 0.00346831 0.000908174 0.000183322 2.27297e-05 1.51911e-06 4.74627e-08
#pred catch len freq
 2.13506e-27 2.14658e-27 3.80702e-27 5.67503e-22 3.37515e-17 4.61492e-13 1.45071e-09 1.04843e-06 0.000174195 0.00665413 0.0584369 0.117992 0.0556574 0.0295399 0.144863 0.204545 0.0868389 0.0797997 0.0700521 0.0422919 0.0319667 0.0241289 0.0215787 0.0181622 0.00731778
 2.13619e-27 2.15094e-27 4.32804e-27 7.44266e-22 4.42643e-17 6.05235e-13 1.90256e-09 1.37499e-06 0.000228452 0.00872672 0.0766385 0.154742 0.0728741 0.0355747 0.170638 0.240326 0.0931861 0.0615727 0.047851 0.0175149 0.0086023 0.0048328 0.00333826 0.00241422 0.000937799
 2.13702e-27 2.15309e-27 4.55147e-27 8.2e-22 4.87685e-17 6.66822e-13 2.09616e-09 1.5149e-06 0.000251699 0.00961473 0.0844371 0.170488 0.0802023 0.0368777 0.173848 0.244636 0.0919879 0.0523348 0.0388164 0.0112309 0.00348187 0.00106063 0.000424008 0.000226962 7.96045e-05
 2.13729e-27 2.15371e-27 4.60972e-27 8.39722e-22 4.99414e-17 6.8286e-13 2.14658e-09 1.55134e-06 0.000257753 0.00984598 0.0864679 0.174588 0.082119 0.0374383 0.176034 0.247609 0.0915977 0.0475648 0.0344758 0.00911819 0.00228913 0.000478335 8.61169e-05 2.21127e-05 5.91543e-06
 2.13707e-27 2.15317e-27 4.55344e-27 8.20635e-22 4.88063e-17 6.67339e-13 2.09779e-09 1.51608e-06 0.000251894 0.00962218 0.0845025 0.17062 0.0802879 0.0375299 0.17779 0.250107 0.0928068 0.0490545 0.0355844 0.00920878 0.00217605 0.000401953 4.89379e-05 5.0213e-06 6.06995e-07
 2.13552e-27 2.14939e-27 4.15377e-27 6.85064e-22 4.07433e-17 5.57092e-13 1.75123e-09 1.26562e-06 0.00021028 0.00803256 0.0705424 0.142435 0.0673036 0.0387552 0.193765 0.272655 0.101183 0.0535078 0.0388042 0.0100032 0.00233473 0.000417921 4.57823e-05 3.25454e-06 1.51988e-07
 2.13442e-27 2.1468e-27 3.89672e-27 5.97947e-22 3.55621e-17 4.86249e-13 1.52853e-09 1.10467e-06 0.00018354 0.00701109 0.0615718 0.124324 0.0589071 0.0381356 0.195442 0.275288 0.105799 0.0669965 0.0498665 0.0128711 0.00300584 0.000535385 5.73897e-05 3.77037e-06 1.27651e-07
 2.13745e-27 2.15424e-27 4.68417e-27 8.65068e-22 5.14488e-17 7.03471e-13 2.21137e-09 1.59816e-06 0.000265533 0.0101432 0.0890778 0.179857 0.0844831 0.0355242 0.162762 0.229192 0.0890689 0.0593078 0.0446184 0.0120338 0.0030519 0.000550816 5.86318e-05 3.79018e-06 1.21068e-07
 2.14028e-27 2.16102e-27 5.37734e-27 1.10008e-21 6.54261e-17 8.94585e-13 2.81214e-09 2.03234e-06 0.00033767 0.0128988 0.113278 0.228716 0.107071 0.035505 0.147918 0.207842 0.0756936 0.0356848 0.025578 0.00712927 0.00193285 0.000368487 4.20084e-05 2.77221e-06 8.77223e-08
 2.1355e-27 2.14919e-27 4.11423e-27 6.71558e-22 3.99401e-17 5.46109e-13 1.7167e-09 1.24066e-06 0.000206135 0.0078742 0.0691517 0.139628 0.0660737 0.0405658 0.205664 0.289129 0.102933 0.041188 0.028312 0.00722409 0.00168126 0.000324805 4.005e-05 2.83619e-06 9.43533e-08
 2.13595e-27 2.15054e-27 4.28977e-27 7.31263e-22 4.34909e-17 5.94661e-13 1.86933e-09 1.35097e-06 0.000224461 0.00857426 0.0752996 0.15204 0.0716796 0.037044 0.180425 0.254093 0.0979639 0.0629093 0.0464868 0.010877 0.0020072 0.00033601 3.67012e-05 2.62222e-06 9.33485e-08
 2.14059e-27 2.1618e-27 5.46104e-27 1.12848e-21 6.71152e-17 9.1768e-13 2.88474e-09 2.08481e-06 0.000346388 0.0132318 0.116202 0.23462 0.109784 0.0350748 0.143512 0.201667 0.0740092 0.0366214 0.0262809 0.00680197 0.00157044 0.000251865 2.19384e-05 1.30669e-06 4.31312e-08
 2.13819e-27 2.15577e-27 4.8038e-27 9.05445e-22 5.38502e-17 7.36306e-13 2.31459e-09 1.67276e-06 0.000277926 0.0106166 0.0932355 0.188252 0.088489 0.0388469 0.180515 0.253561 0.0887444 0.0306792 0.0203237 0.00510365 0.00113243 0.000199125 2.04179e-05 1.16058e-06 3.15921e-08
 2.13618e-27 2.15087e-27 4.29362e-27 7.32421e-22 4.35598e-17 5.95603e-13 1.87229e-09 1.35311e-06 0.000224817 0.00858784 0.0754189 0.152281 0.0718927 0.0397469 0.196851 0.276762 0.099347 0.042303 0.0290792 0.00638094 0.000960206 0.000146981 1.47903e-05 9.18943e-07 2.6976e-08
 2.13531e-27 2.14881e-27 4.08663e-27 6.62261e-22 3.93871e-17 5.38549e-13 1.69293e-09 1.22349e-06 0.000203281 0.00776519 0.0681943 0.137695 0.0651382 0.0394527 0.199452 0.28061 0.103189 0.0516638 0.0367122 0.00833906 0.001378 0.00019054 1.39689e-05 7.23557e-07 2.12281e-08
 2.13669e-27 2.15225e-27 4.45513e-27 7.87284e-22 4.68227e-17 6.40217e-13 2.01253e-09 1.45446e-06 0.000241657 0.00923112 0.0810682 0.163686 0.0770952 0.0378712 0.181963 0.256006 0.0951348 0.0506822 0.0365105 0.00863858 0.00161299 0.000237708 1.8076e-05 8.20276e-07 1.87359e-08
 2.13763e-27 2.15446e-27 4.67545e-27 8.61955e-22 5.12637e-17 7.0094e-13 2.20341e-09 1.59241e-06 0.000264577 0.0101067 0.0887573 0.17921 0.0842901 0.0383457 0.180181 0.253268 0.0910754 0.0393048 0.0272767 0.00647917 0.00123276 0.000189512 1.58698e-05 7.75032e-07 1.74762e-08
 2.1361e-27 2.15071e-27 4.27964e-27 7.27691e-22 4.32785e-17 5.91756e-13 1.86019e-09 1.34437e-06 0.000223365 0.00853238 0.0749318 0.151298 0.071432 0.0395852 0.19616 0.27582 0.0994368 0.0436951 0.03037 0.00704597 0.00125811 0.000192137 1.66721e-05 8.67607e-07 2.12484e-08
 2.13702e-27 2.15303e-27 4.53221e-27 8.13405e-22 4.83763e-17 6.6146e-13 2.07931e-09 1.50272e-06 0.000249675 0.00953741 0.083758 0.169117 0.0796132 0.0380643 0.181505 0.255282 0.0938174 0.0467942 0.0332339 0.0075604 0.00126525 0.000184674 1.51525e-05 7.78735e-07 1.98051e-08
 2.13663e-27 2.15204e-27 4.4235e-27 7.76508e-22 4.61818e-17 6.31454e-13 1.98498e-09 1.43455e-06 0.000238349 0.00910477 0.0799586 0.161446 0.0760948 0.0388077 0.188355 0.264863 0.0961649 0.0443855 0.0312617 0.00756936 0.00150295 0.000226438 1.77561e-05 8.6412e-07 2.11068e-08
 2.1377e-27 2.15464e-27 4.69716e-27 8.69332e-22 5.17025e-17 7.06939e-13 2.22227e-09 1.60604e-06 0.000266842 0.0101932 0.0895169 0.180744 0.0849876 0.0380396 0.17785 0.250027 0.0905575 0.0411015 0.0287312 0.00662373 0.00116324 0.000179017 1.57879e-05 8.01878e-07 1.8887e-08
 2.13768e-27 2.15455e-27 4.683e-27 8.64502e-22 5.14152e-17 7.03011e-13 2.20993e-09 1.59712e-06 0.000265359 0.0101365 0.0890196 0.17974 0.0845432 0.0385645 0.181357 0.254884 0.0910934 0.037543 0.0257352 0.00592339 0.00102909 0.000151184 1.23132e-05 6.36164e-07 1.62022e-08
 2.13653e-27 2.15176e-27 4.39045e-27 7.65282e-22 4.55142e-17 6.22326e-13 1.95629e-09 1.41382e-06 0.000234903 0.00897315 0.0788027 0.159113 0.0750305 0.0391967 0.191433 0.269159 0.0971143 0.0429183 0.029832 0.00683497 0.00117035 0.000171214 1.3762e-05 6.77548e-07 1.65367e-08
 2.13776e-27 2.1548e-27 4.71582e-27 8.75668e-22 5.20793e-17 7.12092e-13 2.23847e-09 1.61775e-06 0.000268786 0.0102675 0.0901694 0.182061 0.0855897 0.037856 0.176332 0.247911 0.0901257 0.0419435 0.0294349 0.00672219 0.00113753 0.000164549 1.29776e-05 6.29071e-07 1.4972e-08
 2.13715e-27 2.15324e-27 4.54135e-27 8.16443e-22 4.8557e-17 6.6393e-13 2.08707e-09 1.50833e-06 0.000250607 0.00957303 0.0840708 0.169749 0.0799484 0.0392136 0.188331 0.264687 0.0941722 0.0374745 0.0254909 0.00586296 0.00101537 0.000147283 1.14701e-05 5.46869e-07 1.2783e-08
 2.13623e-27 2.15106e-27 4.32002e-27 7.41408e-22 4.40943e-17 6.02911e-13 1.89526e-09 1.36971e-06 0.000227575 0.00869322 0.0763443 0.154149 0.0727317 0.0390869 0.192259 0.270389 0.0984547 0.0463053 0.0325432 0.00739058 0.00123033 0.000178259 1.42351e-05 6.85325e-07 1.58606e-08
 2.13664e-27 2.15205e-27 4.42423e-27 7.76755e-22 4.61966e-17 6.31656e-13 1.98562e-09 1.43501e-06 0.000238425 0.00910767 0.0799841 0.161498 0.0761202 0.0388518 0.188609 0.265219 0.0962856 0.0444017 0.0311211 0.00714443 0.00122647 0.000176418 1.35665e-05 6.45975e-07 1.51596e-08
 2.13808e-27 2.15558e-27 4.79652e-27 9.03037e-22 5.3707e-17 7.34348e-13 2.30843e-09 1.66831e-06 0.000277187 0.0105884 0.0929876 0.187751 0.0882162 0.0377484 0.173961 0.244536 0.0884866 0.0399068 0.0278561 0.00640334 0.00110586 0.000161042 1.26517e-05 5.99382e-07 1.37304e-08
 2.13985e-27 2.15988e-27 5.24511e-27 1.05518e-21 6.27553e-17 8.58067e-13 2.69735e-09 1.94938e-06 0.000323886 0.0123722 0.108654 0.21938 0.102804 0.0368303 0.158822 0.223079 0.0792923 0.0313117 0.021261 0.00488714 0.000845943 0.000123592 9.80179e-06 4.7173e-07 1.09398e-08
#obs catch len freq
 4.11145e-40 2.01227e-33 2.26424e-27 5.85736e-22 3.48359e-17 4.76319e-13 1.49731e-09 1.08211e-06 0.000179794 0.00686791 0.060314 0.121784 0.0576523 0.0359817 0.183055 0.258069 0.102755 0.0757842 0.0602508 0.0232719 0.0101273 0.00310529 0.000697063 9.6711e-05 6.90453e-06
 4.2057e-40 2.0584e-33 2.31614e-27 5.99165e-22 3.56346e-17 4.87238e-13 1.53164e-09 1.10692e-06 0.000183916 0.00702535 0.0616967 0.124576 0.0589568 0.0363501 0.184463 0.259986 0.102561 0.0728979 0.0574346 0.0214425 0.00902979 0.00271628 0.000594065 7.96974e-05 5.47379e-06
 5.74118e-40 2.80991e-33 3.16176e-27 8.17916e-22 4.86445e-17 6.65126e-13 2.09083e-09 1.51105e-06 0.000251063 0.00959028 0.0842218 0.170053 0.0799328 0.0350438 0.162782 0.229292 0.0899382 0.0624365 0.0488773 0.0177579 0.00722406 0.00209363 0.00044208 5.76375e-05 3.83201e-06
 5.21253e-40 2.55117e-33 2.87062e-27 7.42602e-22 4.41653e-17 6.03881e-13 1.89831e-09 1.37191e-06 0.000227945 0.0087072 0.0764666 0.154397 0.072821 0.0384145 0.188078 0.264525 0.0966522 0.0466216 0.0344918 0.0121725 0.00478198 0.00133656 0.000269628 3.37205e-05 2.16743e-06
 6.01616e-40 2.94449e-33 3.31319e-27 8.57091e-22 5.09744e-17 6.96983e-13 2.19097e-09 1.58342e-06 0.000263087 0.0100496 0.0882556 0.178198 0.0837571 0.0366119 0.1699 0.239058 0.0898401 0.0509628 0.0377782 0.0109163 0.0033416 0.000875854 0.000168747 2.01298e-05 1.23748e-06
 5.47662e-40 2.68043e-33 3.01606e-27 7.80226e-22 4.64029e-17 6.34476e-13 1.99448e-09 1.44142e-06 0.000239493 0.00914834 0.0803407 0.162218 0.0764421 0.0385463 0.186525 0.262281 0.095158 0.0437732 0.0315996 0.00978649 0.00313996 0.000681829 0.000105454 1.15408e-05 6.74131e-07
 4.0677e-40 1.99086e-33 2.24014e-27 5.79504e-22 3.44653e-17 4.7125e-13 1.48138e-09 1.0706e-06 0.000177881 0.00679483 0.0596722 0.12049 0.0571973 0.0398061 0.206793 0.291006 0.107467 0.0552607 0.0401973 0.0111978 0.00313046 0.000696462 0.000103067 9.24974e-06 4.62477e-07
 3.94589e-40 1.93124e-33 2.17306e-27 5.62151e-22 3.34332e-17 4.57139e-13 1.43702e-09 1.03854e-06 0.000172554 0.00659136 0.0578853 0.116881 0.0554439 0.0375357 0.194021 0.27342 0.10693 0.0731937 0.05572 0.0162963 0.00478917 0.000975908 0.00013056 1.12662e-05 4.97854e-07
 9.83997e-40 4.81598e-33 5.41902e-27 1.40185e-21 8.33732e-17 1.13998e-12 3.58353e-09 2.58983e-06 0.000430303 0.016437 0.14435 0.291449 0.135914 0.0312472 0.103017 0.144728 0.055767 0.0358093 0.0275056 0.0092594 0.00327078 0.000709127 9.5338e-05 7.56532e-06 3.08313e-07
 6.95866e-40 3.40578e-33 3.83224e-27 9.91365e-22 5.89602e-17 8.06174e-13 2.53421e-09 1.83148e-06 0.000304303 0.011624 0.102082 0.206114 0.0967646 0.0393199 0.178018 0.249784 0.0838718 0.0175922 0.0099029 0.00318307 0.00111507 0.000275753 4.35088e-05 3.64656e-06 1.44009e-07
 3.01194e-40 1.47414e-33 1.65872e-27 4.29095e-22 2.55199e-17 3.48939e-13 1.09689e-09 7.92726e-07 0.000131713 0.00503125 0.0441845 0.0892215 0.0428792 0.0434803 0.238647 0.335567 0.118639 0.0448158 0.0299264 0.00637475 0.00089576 0.000174063 2.83818e-05 2.71908e-06 1.19412e-07
 8.49256e-40 4.15652e-33 4.67698e-27 1.20989e-21 7.19567e-17 9.83877e-13 3.09283e-09 2.23519e-06 0.000371381 0.0141863 0.124584 0.251542 0.117461 0.0311657 0.114549 0.161397 0.0673851 0.0583659 0.0448609 0.0113118 0.00243298 0.000356261 2.74995e-05 1.99404e-06 9.24506e-08
 7.93509e-40 3.88367e-33 4.36997e-27 1.13047e-21 6.72333e-17 9.19294e-13 2.88981e-09 2.08847e-06 0.000347003 0.0132551 0.116406 0.235033 0.110063 0.0374226 0.157719 0.221246 0.0747909 0.0173925 0.0105293 0.00396577 0.00151586 0.000282843 2.6958e-05 1.38658e-06 3.75671e-08
 4.86424e-40 2.38071e-33 2.67881e-27 6.92983e-22 4.12143e-17 5.63531e-13 1.77146e-09 1.28024e-06 0.000212714 0.00812539 0.0713572 0.144082 0.0681763 0.0417203 0.211368 0.296937 0.102536 0.0309533 0.0194618 0.00422546 0.000667845 0.000150926 2.36637e-05 1.61151e-06 4.42516e-08
 5.18574e-40 2.53806e-33 2.85586e-27 7.38785e-22 4.39383e-17 6.00777e-13 1.88855e-09 1.36486e-06 0.000226773 0.00866244 0.0760735 0.153603 0.0724476 0.0382426 0.187269 0.263511 0.0981448 0.0529517 0.0381654 0.00887982 0.00157483 0.000225418 1.95895e-05 1.53629e-06 6.02829e-08
 3.73913e-40 1.83004e-33 2.0592e-27 5.32695e-22 3.16813e-17 4.33185e-13 1.36172e-09 9.84118e-07 0.000163513 0.00624597 0.0548522 0.110758 0.0527366 0.0408247 0.215944 0.303805 0.11062 0.0520961 0.0374978 0.0108635 0.00304258 0.000504327 4.1648e-05 2.09675e-06 6.18375e-08
 7.26382e-40 3.55514e-33 4.00029e-27 1.03484e-21 6.15457e-17 8.41527e-13 2.64535e-09 1.9118e-06 0.000317648 0.0121337 0.106558 0.21515 0.100752 0.0342493 0.144341 0.203142 0.0787055 0.0517159 0.0388808 0.0106029 0.00280827 0.000568087 6.78857e-05 3.97033e-06 9.87831e-08
 4.79732e-40 2.34795e-33 2.64196e-27 6.83449e-22 4.06473e-17 5.55778e-13 1.74709e-09 1.26263e-06 0.000209787 0.0080136 0.0703755 0.1421 0.0672565 0.0416292 0.211408 0.296991 0.102453 0.0306636 0.0199786 0.00636016 0.00208613 0.000418092 5.12021e-05 3.73869e-06 1.20826e-07
 5.51146e-40 2.69748e-33 3.03524e-27 7.85189e-22 4.66981e-17 6.38513e-13 2.00717e-09 1.45059e-06 0.000241017 0.00920654 0.0808518 0.16325 0.07689 0.037772 0.181488 0.255359 0.0952187 0.0517045 0.0372939 0.00867833 0.00164905 0.000342431 4.91733e-05 3.75795e-06 1.34529e-07
 6.0807e-40 2.97608e-33 3.34873e-27 8.66286e-22 5.15213e-17 7.0446e-13 2.21448e-09 1.60041e-06 0.00026591 0.0101574 0.0892024 0.18011 0.0846982 0.0381367 0.178632 0.251088 0.0903085 0.0390735 0.0276668 0.00800349 0.00223851 0.000376837 3.65157e-05 2.75849e-06 1.09107e-07
 4.74114e-40 2.32046e-33 2.61101e-27 6.75445e-22 4.01712e-17 5.49269e-13 1.72663e-09 1.24784e-06 0.00020733 0.00791976 0.0695513 0.140436 0.0664458 0.0405306 0.205204 0.288476 0.102627 0.0408403 0.0281184 0.00739099 0.001837 0.000366964 4.41448e-05 2.76532e-06 8.77099e-08
 7.14591e-40 3.49743e-33 3.93536e-27 1.01804e-21 6.05467e-17 8.27867e-13 2.60241e-09 1.88077e-06 0.000312492 0.0119368 0.104829 0.211659 0.0991918 0.0356842 0.154153 0.21676 0.080634 0.0432287 0.0313863 0.00800971 0.00183695 0.000334654 3.88261e-05 2.80059e-06 9.35584e-08
 4.95183e-40 2.42358e-33 2.72705e-27 7.05462e-22 4.19564e-17 5.73679e-13 1.80336e-09 1.30329e-06 0.000216544 0.00827171 0.0726422 0.146676 0.0693562 0.0412019 0.207421 0.291418 0.101149 0.0322743 0.0211975 0.00609763 0.00172482 0.000315579 3.35912e-05 2.25158e-06 7.71899e-08
 5.97385e-40 2.92379e-33 3.28989e-27 8.51064e-22 5.0616e-17 6.92082e-13 2.17557e-09 1.57229e-06 0.000261237 0.00997893 0.087635 0.176945 0.0832095 0.0374534 0.175416 0.246732 0.0912508 0.0472866 0.0339074 0.00802231 0.00156441 0.000296443 3.67792e-05 2.48114e-06 7.93264e-08
 6.25897e-40 3.06333e-33 3.44691e-27 8.91683e-22 5.30317e-17 7.25113e-13 2.2794e-09 1.64733e-06 0.000273706 0.0104552 0.0918176 0.18539 0.0871437 0.0382563 0.177771 0.24981 0.0889909 0.0358097 0.0249188 0.00707215 0.00192869 0.000327198 3.13042e-05 2.12198e-06 7.34628e-08
 4.77405e-40 2.33657e-33 2.62914e-27 6.80135e-22 4.04502e-17 5.53083e-13 1.73862e-09 1.25651e-06 0.00020877 0.00797475 0.0700342 0.141411 0.0668971 0.0405449 0.204998 0.288178 0.102423 0.0404428 0.0277303 0.00711191 0.00167745 0.00032648 3.86044e-05 2.40006e-06 7.21709e-08
 5.22988e-40 2.55966e-33 2.88018e-27 7.45074e-22 4.43124e-17 6.05891e-13 1.90462e-09 1.37648e-06 0.000228703 0.00873618 0.0767211 0.15491 0.0730498 0.0381829 0.18651 0.262424 0.0975031 0.0519152 0.0376416 0.00957466 0.00217086 0.000384821 4.25567e-05 2.97836e-06 9.78966e-08
 5.66522e-40 2.77273e-33 3.11992e-27 8.07095e-22 4.80009e-17 6.56326e-13 2.06317e-09 1.49106e-06 0.000247741 0.00946338 0.0831075 0.167804 0.0790181 0.0383762 0.183803 0.258441 0.0937818 0.0431708 0.0309092 0.00887578 0.00249438 0.000453798 4.74516e-05 3.0687e-06 1.01042e-07
 7.74777e-40 3.792e-33 4.26682e-27 1.10378e-21 6.56462e-17 8.97593e-13 2.82159e-09 2.03917e-06 0.000338811 0.0129421 0.113658 0.229484 0.107443 0.035952 0.150415 0.211279 0.0757934 0.0321615 0.0225103 0.0060768 0.00158316 0.000318653 3.93914e-05 2.62749e-06 8.19553e-08
#spawning biomass
 5798.55 4133.11 4500.59 5471.88 7290.19 8832.58 9068.36 7807.25 10328.8 18646.9 19845.7 19207.8 33996.9 42017.1 37956.3 30734 27859.5 31812.4 28629.1 30583.3 29237.9 31938.6 37290 35909.3 37706.3 41679.3 35808 34341.8 41696.5 60704.9 56427 18590.1 5116.08 4343.62 4312.02 4310.82 4310.78 4310.78 4310.78 4310.78 4310.78 4310.78 4310.78 4310.78 4310.78 4310.78 4310.78 4310.78 4310.78 4310.78 4310.78 4310.78 4310.78 4310.78 4310.78 4310.78 4310.78 4310.78 4310.78 4310.78 4310.78 4310.78 4310.78 4310.78 4310.78 4310.78 4310.78 4310.78 4310.78 4310.78 4310.78 4310.78 4310.78 4310.78 4310.78 4310.78 4310.78 4310.78 4310.78 4310.78 4310.78 4310.78 4310.78 4310.78 4310.78 4310.78 4310.78 4310.78 4310.78 4310.78 4310.78 4310.78 4310.78 4310.78 4310.78 4310.78 4310.78 4310.78 4310.78 4310.78 4310.78 4310.78 4310.78 4310.78 4310.78 4310.78 4310.78 4310.78 4310.78 4310.78 4310.78 4310.78 4310.78 4310.78 4310.78 4310.78 4310.78 4310.78 4310.78 4310.78 4310.78 4310.78 4310.78 4310.78 4310.78 4310.78 4310.78 4310.78 4310.78 0 0 0 0 0 0 0 0 0 0 0 0 0 0 0 0 0 0 0 0 0 0 0 0 0
