SBPRF35
0.256306
Curr Bio
94405
B35
189610
F35
0.488183
FOFL
0.209196
OFL
16773.6
Bzero
73230.3
#pred survey bio
 5210.09 5384.74 8591.67 11329.4 15101.2 20441.5 24011.1 28884.2 43740.3 58697 76747.1 100585 150289 164567 172161 151147 143335 147170 137334 136358 157299 160476 173709 188354 202480 201043 192925 158314 5.26453e+06 3.38129e+06 2.51254e+06 1.75587e+06 1.28695e+06 1.02922e+06 894724 825490 789416 770050 759233 752928 749108 746716 745180 744174 743512 743072 742778 742581 742449 742359 742299 742258 742231 742212 742200 742191 742185 742181 742179 742177 742176 742175 742174 742174 742174 742174 742173 742173 742173 742173 742173 742173 742173 742173 742173 742173 742173 742173 742173 742173 742173 742173 742173 742173 742173 742173 742173 742173 742173 742173 742173 742173 742173 742173 742173 742173 742173 742173 742173 742173 742173 742173 742173 742173 742173 742173 742173 742173 742173 742173 742173 742173 742173 742173 742173 742173 742173 742173 742173 742173 742173 742173 742173 742173 742173 742173 742173 742173 0 0 0 0 0 0 0 0 0 0 0 0 0 0 0 0 0 0 0 0 0 0 0 0 0
#obs survey bio
 4718.57 7345.78 13248.1 12547 20375.9 18053.8 22852.8 34720.8 61710.6 81107.9 80554.1 133261 169378 190321 133884 129083 143073 115583 176080 188672 221122 109084 208195 193450 216029 192209 181160 185350
#pred catch bio
 3113.09 2724.32 4515.07 6155.94 7953.28 11924.2 14691.2 15926 24774.1 32587.5 44016.1 46673.9 85785.9 90790.9 106760 93769.8 83395.9 89145.8 81023.4 72365.9 90797.7 92071 97939.8 102524 114572 112153 120161 93957.9 16773.6 47905.4 34935.2 22935.9 15847.6 12202.4 10463.7 9671.9 9321.91 9170.23 9105.36 9077.88 9066.3 9061.44 9059.41 9058.56 9058.21 9058.07 9058 9057.98 9057.97 9057.96 9057.96 9057.96 9057.96 9057.96 9057.96 9057.96 9057.96 9057.96 9057.96 9057.96 9057.96 9057.96 9057.96 9057.96 9057.96 9057.96 9057.96 9057.96 9057.96 9057.96 9057.96 9057.96 9057.96 9057.96 9057.96 9057.96 9057.96 9057.96 9057.96 9057.96 9057.96 9057.96 9057.96 9057.96 9057.96 9057.96 9057.96 9057.96 9057.96 9057.96 9057.96 9057.96 9057.96 9057.96 9057.96 9057.96 9057.96 9057.96 9057.96 9057.96 9057.96 9057.96 9057.96 9057.96 9057.96 9057.96 9057.96 9057.96 9057.96 9057.96 9057.96 9057.96 9057.96 9057.96 9057.96 9057.96 9057.96 9057.96 9057.96 9057.96 9057.96 9057.96 9057.96 9057.96 9057.96 9057.96 9057.96 9057.96 0 0 0 0 0 0 0 0 0 0 0 0 0 0 0 0 0 0 0 0 0 0 0 0 0
#obs catch bio
 2689.97 2638.83 4093.44 5341.24 6931.72 11773.3 14521.5 15815.1 22710.9 28459.5 42482 40967.3 74701.1 84722.4 111128 99792.2 83070.3 92527.5 77684.4 65602.3 79842.7 93517.7 98518 98794.1 108820 110604 121648 94644.8
#pred cpue bio
 4165.25 3448.46 5472.88 7600.8 9844.44 13517.7 15815 18375.5 27420.5 37885.1 50216.3 64542.4 101156 112111 121292 104904 97005.5 101430 95223.6 93814.1 108646 110857 117785 129460 141875 141487 138610 111789 3.65158e+06 3.13085e+06 2.39866e+06 1.64756e+06 1.17881e+06 921083 786586 717353 681278 661913 651096 644791 640970 638579 637043 636036 635374 634935 634641 634444 634311 634222 634162 634121 634093 634075 634062 634054 634048 634044 634041 634040 634038 634038 634037 634037 634036 634036 634036 634036 634036 634036 634036 634036 634036 634036 634036 634036 634036 634036 634036 634036 634036 634036 634036 634036 634036 634036 634036 634036 634036 634036 634036 634036 634036 634036 634036 634036 634036 634036 634036 634036 634036 634036 634036 634036 634036 634036 634036 634036 634036 634036 634036 634036 634036 634036 634036 634036 634036 634036 634036 634036 634036 634036 634036 634036 634036 634036 634036 634036 0 0 0 0 0 0 0 0 0 0 0 0 0 0 0 0 0 0 0 0 0 0 0 0 0
#obs cpue bio
 4551.33 3488.01 5793.57 13935.2 11585.5 11982.6 18143.7 14778.8 35199.3 49146.9 45746.5 104554 152650 102426 112810 96711.1 104845 106004 104805 110896 136510 104927 105833 155135 172137 138584 144043 90608
#pred surv len freq
 3.58346e-11 1.68549e-09 5.48953e-08 1.23803e-06 1.93336e-05 0.000209065 0.00156547 0.00811744 0.0291529 0.0725681 0.125552 0.152644 0.135825 0.100266 0.0765901 0.0650784 0.0538559 0.0416814 0.0321435 0.0256582 0.0214017 0.0187828 0.0166119 0.0133914 0.00888464
 4.62647e-11 2.17607e-09 7.08731e-08 1.59837e-06 2.49608e-05 0.000269915 0.00202109 0.0104797 0.0376319 0.093628 0.161673 0.195064 0.168716 0.114026 0.0731895 0.0517734 0.0361548 0.022138 0.0124534 0.00726164 0.00467597 0.00332485 0.00251071 0.00183132 0.00114996
 4.51154e-11 2.12201e-09 6.91125e-08 1.55866e-06 2.43407e-05 0.00026321 0.00197089 0.0102195 0.0366995 0.0913262 0.157821 0.190996 0.167071 0.116953 0.0803344 0.0599681 0.041777 0.0238964 0.0114254 0.00502942 0.00221081 0.00102198 0.000527485 0.000299426 0.000164137
 4.21089e-11 1.9806e-09 6.45069e-08 1.45479e-06 2.27187e-05 0.00024567 0.00183957 0.00953872 0.0342573 0.0852742 0.147535 0.179365 0.159541 0.117383 0.0880843 0.0707353 0.0511059 0.0299631 0.0146697 0.00644423 0.00259531 0.000939786 0.00031383 0.000106045 3.86735e-05
 4.40764e-11 2.07314e-09 6.7521e-08 1.52277e-06 2.37802e-05 0.000257149 0.00192551 0.00998421 0.0358551 0.0892304 0.154236 0.186834 0.164009 0.116094 0.0815828 0.062573 0.045035 0.0272211 0.0141523 0.00667804 0.00283696 0.00103961 0.000323256 8.65509e-05 2.06758e-05
 4.31087e-11 2.02763e-09 6.60385e-08 1.48933e-06 2.32581e-05 0.000251503 0.00188324 0.0097651 0.0350692 0.0872848 0.150943 0.183172 0.161849 0.116806 0.0848787 0.0666246 0.0479229 0.0283786 0.0142654 0.00655771 0.00279842 0.00106269 0.000346124 9.46977e-05 2.14145e-05
 4.3271e-11 2.03526e-09 6.62872e-08 1.49494e-06 2.33456e-05 0.00025245 0.00189033 0.00980186 0.0352012 0.0876124 0.151504 0.183826 0.162341 0.116975 0.0847477 0.066315 0.0475324 0.0279567 0.0138583 0.00622468 0.00257906 0.000951131 0.000303903 8.30813e-05 1.90434e-05
 4.50956e-11 2.12108e-09 6.90822e-08 1.55797e-06 2.433e-05 0.000263095 0.00197003 0.010215 0.0366834 0.0912861 0.157752 0.190913 0.167004 0.116925 0.080375 0.0601334 0.0421112 0.0243313 0.0117713 0.00512918 0.00206452 0.000741412 0.000230357 6.11816e-05 1.36858e-05
 4.5842e-11 2.15619e-09 7.02257e-08 1.58376e-06 2.47327e-05 0.000267449 0.00200263 0.010384 0.0372897 0.0927886 0.160305 0.193798 0.168864 0.116801 0.078439 0.0574868 0.0398885 0.0229597 0.0110654 0.00478818 0.0019045 0.000671952 0.00020398 5.27466e-05 1.14772e-05
 4.41896e-11 2.07847e-09 6.76943e-08 1.52667e-06 2.38412e-05 0.000257809 0.00193045 0.0100099 0.0359476 0.0894643 0.154666 0.187472 0.164942 0.117508 0.0833565 0.0638887 0.0449245 0.0256309 0.0120476 0.005041 0.00194837 0.000674462 0.000201736 5.1332e-05 1.09525e-05
 4.36013e-11 2.0508e-09 6.67931e-08 1.50635e-06 2.35238e-05 0.000254377 0.00190475 0.00987665 0.0354695 0.0882776 0.152636 0.185116 0.163209 0.117021 0.0840479 0.065306 0.0466456 0.0273431 0.0134455 0.0059232 0.00236359 0.000820415 0.000241227 5.99208e-05 1.24982e-05
 4.47065e-11 2.10278e-09 6.84862e-08 1.54453e-06 2.41201e-05 0.000260825 0.00195303 0.0101269 0.0363672 0.090502 0.156415 0.189379 0.165933 0.116768 0.081068 0.0612578 0.0432545 0.0252832 0.0124616 0.00554692 0.00226249 0.000811304 0.00024729 6.31455e-05 1.33116e-05
 4.21206e-11 1.98115e-09 6.45248e-08 1.45519e-06 2.2725e-05 0.000245738 0.00184007 0.00954134 0.0342665 0.0852945 0.147554 0.17931 0.159246 0.116666 0.0870182 0.0698213 0.0509301 0.0306112 0.0156722 0.00728336 0.00307622 0.00113207 0.000353793 9.2991e-05 2.0233e-05
 4.13687e-11 1.94579e-09 6.33731e-08 1.42922e-06 2.23193e-05 0.000241352 0.00180723 0.0093711 0.0336557 0.0837812 0.144983 0.176406 0.157376 0.116798 0.0889737 0.0724758 0.0531305 0.0319423 0.0163562 0.00764095 0.0032744 0.0012343 0.000397471 0.000107725 2.41148e-05
 3.9276e-11 1.84736e-09 6.01672e-08 1.35692e-06 2.11903e-05 0.000229143 0.00171582 0.0088972 0.0319555 0.0795659 0.137806 0.168229 0.151872 0.116513 0.0934977 0.0791614 0.0593033 0.0364394 0.019229 0.00926965 0.00406129 0.00155245 0.000506645 0.000139804 3.20332e-05
 4.03175e-11 1.89634e-09 6.17626e-08 1.3929e-06 2.17522e-05 0.000235219 0.00176131 0.00913303 0.0328015 0.0816626 0.14137 0.172263 0.154496 0.116399 0.0908691 0.0754955 0.0561265 0.034376 0.0181251 0.00877464 0.00389081 0.00151563 0.000505538 0.000142369 3.31993e-05
 4.18271e-11 1.96735e-09 6.40753e-08 1.44506e-06 2.25666e-05 0.000244026 0.00182726 0.00947489 0.034028 0.0847034 0.146548 0.178164 0.158475 0.116625 0.0876367 0.0707026 0.0516861 0.0311191 0.0160204 0.00756396 0.00329949 0.0012785 0.000428171 0.000121973 2.89147e-05
 4.06101e-11 1.91011e-09 6.2211e-08 1.40301e-06 2.19101e-05 0.000236926 0.0017741 0.00919932 0.0330395 0.0822542 0.142388 0.173475 0.155488 0.11693 0.0909528 0.0751781 0.0553974 0.0333335 0.0170583 0.00796691 0.00342329 0.00130287 0.000428703 0.000120608 2.84689e-05
 4.02605e-11 1.89366e-09 6.16754e-08 1.39093e-06 2.17214e-05 0.000234887 0.00175882 0.00912015 0.0327555 0.0815496 0.141187 0.172095 0.154524 0.116785 0.0915698 0.0761868 0.0564314 0.0342008 0.0176865 0.00834128 0.00359548 0.0013614 0.000442649 0.000122554 2.84492e-05
 4.08951e-11 1.92351e-09 6.26475e-08 1.41286e-06 2.20638e-05 0.000238589 0.00178654 0.00926383 0.0332708 0.0828254 0.143346 0.174497 0.155943 0.11632 0.0893979 0.0734823 0.0544401 0.0333335 0.0175702 0.00847593 0.00372462 0.0014307 0.000469648 0.000130462 3.0172e-05
 4.07966e-11 1.91888e-09 6.24966e-08 1.40945e-06 2.20107e-05 0.000238014 0.00178224 0.00924152 0.0331905 0.0826249 0.142994 0.174046 0.155467 0.115827 0.0889106 0.0731876 0.0545846 0.0339289 0.0183403 0.00911917 0.00412453 0.00162794 0.00054852 0.000155853 3.66419e-05
 4.06315e-11 1.91111e-09 6.22437e-08 1.40375e-06 2.19216e-05 0.000237051 0.00177503 0.00920415 0.0330567 0.0822951 0.142446 0.173485 0.155307 0.116407 0.09013 0.074414 0.0551225 0.0336527 0.0177042 0.00860106 0.00386787 0.00154503 0.000532554 0.00015539 3.74935e-05
 4.18551e-11 1.96867e-09 6.41182e-08 1.44602e-06 2.25818e-05 0.00024419 0.00182848 0.00948122 0.0340506 0.0847577 0.146629 0.178205 0.158326 0.116137 0.0868658 0.0700178 0.0515115 0.031514 0.0166534 0.00808626 0.00359916 0.00141395 0.000480558 0.00013974 3.40236e-05
 4.08682e-11 1.92224e-09 6.26062e-08 1.41193e-06 2.20493e-05 0.000238432 0.00178537 0.00925774 0.033249 0.0827727 0.143265 0.174442 0.156034 0.116671 0.089961 0.0739668 0.0545224 0.0329885 0.0170839 0.0081273 0.00357413 0.00139676 0.000472287 0.000136171 3.28279e-05
 3.97678e-11 1.87049e-09 6.09206e-08 1.37391e-06 2.14556e-05 0.000232012 0.0017373 0.00900855 0.0323549 0.0805545 0.139479 0.170084 0.15295 0.116104 0.0917433 0.0770016 0.0577396 0.0357961 0.0191916 0.00942463 0.00420114 0.00163536 0.000546538 0.000155768 3.72165e-05
 3.95493e-11 1.86021e-09 6.05858e-08 1.36636e-06 2.13377e-05 0.000230737 0.00172775 0.00895906 0.0321772 0.0801135 0.138724 0.169204 0.152289 0.115882 0.0919235 0.0774162 0.0582515 0.0363417 0.0197212 0.00986946 0.00450775 0.00180224 0.000616344 0.000177931 4.25717e-05
 3.81297e-11 1.79344e-09 5.84111e-08 1.31732e-06 2.05718e-05 0.000222455 0.00166574 0.0086376 0.0310239 0.0772544 0.133858 0.163668 0.148592 0.115765 0.0950952 0.0820147 0.0623941 0.039253 0.0215313 0.0109134 0.00505361 0.00205432 0.000717451 0.00021209 5.18999e-05
 3.92933e-11 1.84817e-09 6.01937e-08 1.35752e-06 2.11996e-05 0.000229244 0.00171657 0.00890111 0.0319694 0.0795987 0.137851 0.168228 0.151694 0.116016 0.0927137 0.07841 0.0589794 0.0366644 0.0198009 0.00989775 0.00455508 0.00185514 0.000653077 0.000195526 4.86386e-05
#obs surv len freq
 4.07515e-11 1.91676e-09 6.24275e-08 1.4079e-06 2.19863e-05 0.000237751 0.00178027 0.0092313 0.0331541 0.0825347 0.142844 0.173888 0.155408 0.11595 0.0891869 0.0734579 0.05468 0.033832 0.0181831 0.0090281 0.00411981 0.00166269 0.000581199 0.000173743 4.35116e-05
 4.93241e-11 2.31997e-09 7.55597e-08 1.70406e-06 2.66114e-05 0.000287764 0.00215473 0.0111725 0.0401179 0.0997928 0.172181 0.207099 0.177036 0.115101 0.0677562 0.0436825 0.0291213 0.017398 0.00923106 0.00454959 0.00206557 0.000829853 0.00028839 8.55169e-05 2.1199e-05
 4.1449e-11 1.94956e-09 6.34959e-08 1.43199e-06 2.23626e-05 0.00024182 0.00181074 0.00938932 0.033722 0.0839519 0.14532 0.177012 0.158538 0.1189 0.0918114 0.0747037 0.0531814 0.0297028 0.0133042 0.00527836 0.00202208 0.000744874 0.000250251 7.32373e-05 1.80165e-05
 4.73275e-11 2.22606e-09 7.25013e-08 1.63509e-06 2.55342e-05 0.000276116 0.00206752 0.0107204 0.0384961 0.0957744 0.165356 0.199398 0.17211 0.11555 0.0731456 0.0510501 0.0353718 0.0212674 0.0110807 0.00517621 0.00212282 0.000732839 0.000212422 5.32811e-05 1.17448e-05
 4.44701e-11 2.09166e-09 6.8124e-08 1.53637e-06 2.39926e-05 0.000259446 0.00194271 0.0100734 0.0361757 0.0900294 0.155628 0.188569 0.165683 0.11755 0.0827414 0.0629464 0.0440003 0.0249214 0.0116234 0.00488033 0.00194402 0.000710375 0.000224721 5.91675e-05 1.26808e-05
 4.35531e-11 2.04853e-09 6.67191e-08 1.50469e-06 2.34978e-05 0.000254096 0.00190265 0.00986572 0.0354305 0.0881805 0.152471 0.184929 0.163085 0.117021 0.0841635 0.0654731 0.0467971 0.0274464 0.0134992 0.00594226 0.00236812 0.000823701 0.000245234 6.26384e-05 1.35858e-05
 4.32993e-11 2.03659e-09 6.63304e-08 1.49592e-06 2.33609e-05 0.000252615 0.00189156 0.00980825 0.0352242 0.0876684 0.151595 0.183909 0.162326 0.116782 0.0844067 0.066003 0.0474462 0.0281211 0.0141166 0.00641586 0.00265955 0.000962848 0.000295154 7.5756e-05 1.61021e-05
 4.5999e-11 2.16357e-09 7.04661e-08 1.58919e-06 2.48174e-05 0.000268365 0.00200949 0.0104196 0.0374172 0.0931024 0.160827 0.194333 0.169024 0.116263 0.0772872 0.0562941 0.0392954 0.0231164 0.0116124 0.00530922 0.00222793 0.000823276 0.000259838 6.9005e-05 1.51349e-05
 4.70684e-11 2.21387e-09 7.21043e-08 1.62613e-06 2.53944e-05 0.000274604 0.0020562 0.0106617 0.0382861 0.0952576 0.164502 0.19855 0.17196 0.116681 0.075367 0.0531991 0.0361739 0.0205427 0.00975592 0.00417639 0.00167075 0.000605092 0.000190955 5.13334e-05 1.14899e-05
 4.42013e-11 2.07902e-09 6.77122e-08 1.52708e-06 2.38476e-05 0.000257877 0.00193097 0.0100125 0.0359573 0.0894883 0.154709 0.18753 0.165013 0.117599 0.0834608 0.0639623 0.0449119 0.0255275 0.011908 0.00492614 0.00188129 0.00064563 0.000192838 4.95552e-05 1.08061e-05
 4.53574e-11 2.13339e-09 6.94832e-08 1.56702e-06 2.44713e-05 0.000264622 0.00198146 0.0102743 0.0368961 0.0918119 0.158639 0.191885 0.167526 0.116596 0.0792928 0.0588946 0.0413479 0.0241934 0.0119498 0.00529364 0.00211714 0.000732969 0.000214119 5.27667e-05 1.09442e-05
 4.56299e-11 2.14621e-09 6.99007e-08 1.57644e-06 2.46183e-05 0.000266212 0.00199337 0.010336 0.0371176 0.0923618 0.15958 0.19298 0.168342 0.116849 0.079005 0.0582443 0.040503 0.0233181 0.0112447 0.00488649 0.00196334 0.000701707 0.000214477 5.49079e-05 1.15651e-05
 4.34079e-11 2.0417e-09 6.64968e-08 1.49967e-06 2.34195e-05 0.000253249 0.00189631 0.00983286 0.0353127 0.0878898 0.151984 0.184414 0.162873 0.117373 0.0850057 0.0663555 0.0472339 0.027348 0.0131654 0.00567783 0.00225157 0.000792826 0.000240158 6.17877e-05 1.32811e-05
 4.04671e-11 1.90338e-09 6.19918e-08 1.39807e-06 2.18329e-05 0.000236092 0.00176785 0.00916694 0.0329236 0.0819675 0.141907 0.17296 0.155257 0.117234 0.0917452 0.0760859 0.0559962 0.0334716 0.0168691 0.00766241 0.00315247 0.00112665 0.00034106 8.7032e-05 1.8544e-05
 3.78405e-11 1.77984e-09 5.79681e-08 1.30733e-06 2.04158e-05 0.000220768 0.00165311 0.00857214 0.0307894 0.0766747 0.132884 0.162626 0.148116 0.11636 0.0966681 0.0838216 0.0635925 0.0395425 0.0211764 0.010329 0.00452807 0.00170707 0.00054131 0.000143195 3.11631e-05
 4.19726e-11 1.97419e-09 6.42981e-08 1.45008e-06 2.26451e-05 0.000244875 0.00183361 0.00950777 0.0341456 0.0849887 0.146993 0.178482 0.158046 0.114853 0.0847255 0.0680432 0.0508789 0.0324326 0.018284 0.0094943 0.00442998 0.00178002 0.000603311 0.000170142 3.91341e-05
 4.09489e-11 1.92604e-09 6.27298e-08 1.41472e-06 2.20928e-05 0.000238903 0.00178889 0.009276 0.0333146 0.0829344 0.143536 0.174731 0.156161 0.116489 0.0894846 0.0733872 0.0540743 0.0328017 0.0171591 0.00837254 0.00384868 0.00159354 0.000570812 0.000171632 4.2099e-05
 4.01608e-11 1.88897e-09 6.15226e-08 1.38749e-06 2.16676e-05 0.000234305 0.00175447 0.00909754 0.0326743 0.0813462 0.140827 0.171624 0.153996 0.116184 0.0909293 0.0757653 0.0565561 0.0348873 0.0185852 0.00908691 0.00406316 0.00160604 0.000553367 0.000164736 4.12976e-05
 4.01724e-11 1.88952e-09 6.15403e-08 1.38789e-06 2.16739e-05 0.000234373 0.00175497 0.00910016 0.0326836 0.0813679 0.140855 0.171615 0.153851 0.115796 0.0903332 0.0752284 0.0563981 0.0351772 0.0191029 0.00956082 0.00436195 0.00174231 0.000597275 0.0001741 4.24822e-05
 4.29257e-11 2.01902e-09 6.5758e-08 1.48301e-06 2.31593e-05 0.000250435 0.00187524 0.0097236 0.0349201 0.0869105 0.150277 0.182276 0.160781 0.115487 0.0833901 0.0655935 0.0481276 0.0298703 0.0162484 0.00818814 0.00378289 0.00153795 0.000537477 0.000158992 3.89844e-05
 4.17571e-11 1.96405e-09 6.39679e-08 1.44264e-06 2.25289e-05 0.000243618 0.0018242 0.00945903 0.0339713 0.0845625 0.146308 0.177895 0.158306 0.116646 0.0878198 0.0709165 0.0518054 0.031136 0.0160264 0.00762708 0.00340167 0.00136753 0.000479792 0.000143618 3.57403e-05
 4.08507e-11 1.92142e-09 6.25793e-08 1.41132e-06 2.20398e-05 0.00023833 0.0017846 0.00925376 0.0332347 0.0827356 0.143192 0.174317 0.155807 0.116271 0.089433 0.0735724 0.0545596 0.0334586 0.0176737 0.00854491 0.00376829 0.00146208 0.000491612 0.000142498 3.49399e-05
 4.14374e-11 1.94902e-09 6.34782e-08 1.43159e-06 2.23564e-05 0.000241753 0.00181023 0.00938662 0.0337112 0.0839149 0.145187 0.176527 0.15708 0.115755 0.0872943 0.0709449 0.0526598 0.0326943 0.0176765 0.00879951 0.00398851 0.0015794 0.00053494 0.000153437 3.67055e-05
 4.05603e-11 1.90776e-09 6.21345e-08 1.40129e-06 2.18832e-05 0.000236636 0.00177192 0.00918801 0.0329987 0.0821497 0.142189 0.173145 0.154919 0.115953 0.0896386 0.0740925 0.0552291 0.0341973 0.0184054 0.00916506 0.00419775 0.0016965 0.000589486 0.000173096 4.20245e-05
 3.99617e-11 1.87961e-09 6.12175e-08 1.38061e-06 2.15602e-05 0.000233143 0.00174577 0.00905244 0.0325123 0.0809432 0.140131 0.170783 0.153271 0.115711 0.0907016 0.0758144 0.0569721 0.0356386 0.0194455 0.00980007 0.00451538 0.00182981 0.000639287 0.000189964 4.69345e-05
 3.93886e-11 1.85265e-09 6.03396e-08 1.36081e-06 2.1251e-05 0.0002298 0.00172074 0.00892267 0.0320466 0.0797881 0.13816 0.168516 0.151671 0.115427 0.0916344 0.0773659 0.0585669 0.0370002 0.0204931 0.0105094 0.00492091 0.00202235 0.000714813 0.000214319 5.33686e-05
 3.73968e-11 1.75896e-09 5.72883e-08 1.292e-06 2.01764e-05 0.000218179 0.00163373 0.00847162 0.0304285 0.0757768 0.131334 0.160758 0.146513 0.115328 0.096177 0.083892 0.0643836 0.0410188 0.0229464 0.011912 0.00565451 0.00236005 0.000848231 0.000258431 6.52485e-05
 4.04801e-11 1.90399e-09 6.20116e-08 1.39852e-06 2.18399e-05 0.000236167 0.00176841 0.00916978 0.0329328 0.0819808 0.141864 0.172599 0.153952 0.114272 0.0873796 0.0722554 0.0550144 0.0357635 0.0207369 0.0111526 0.00542702 0.00230453 0.000840968 0.000260207 6.67364e-05
#pred catch len freq
 2.922e-11 1.37437e-09 4.47623e-08 1.0095e-06 1.57648e-05 0.000170475 0.00127652 0.00661946 0.0237773 0.0592293 0.102763 0.126299 0.116786 0.0956308 0.0849954 0.0797693 0.0686063 0.0539729 0.0420418 0.0337465 0.0282118 0.0247772 0.0219177 0.0176693 0.011723
 4.11817e-11 1.93699e-09 6.30866e-08 1.42276e-06 2.22184e-05 0.000240261 0.00179906 0.00932866 0.0335025 0.0833921 0.144256 0.175272 0.155565 0.113785 0.0847154 0.0681232 0.0503206 0.031459 0.0179205 0.0105527 0.00683199 0.00486719 0.0036772 0.00268245 0.00168445
 3.99937e-11 1.88111e-09 6.12667e-08 1.38172e-06 2.15775e-05 0.00023333 0.00174717 0.00905977 0.0325392 0.0810175 0.140308 0.171222 0.154371 0.117946 0.0938338 0.0783164 0.0570697 0.0331628 0.0160087 0.00711243 0.00314884 0.00146101 0.000755143 0.000428824 0.000235089
 3.64024e-11 1.71219e-09 5.5765e-08 1.25764e-06 1.96399e-05 0.000212378 0.00159029 0.00824654 0.0296218 0.0737877 0.128019 0.157319 0.145346 0.118395 0.103006 0.0911348 0.068275 0.0405637 0.0200393 0.00887829 0.00359792 0.00130719 0.000437194 0.000147836 5.39301e-05
 3.86501e-11 1.81792e-09 5.92084e-08 1.3353e-06 2.08526e-05 0.000225492 0.00168848 0.00875548 0.0314471 0.0783064 0.135667 0.16582 0.150344 0.116691 0.0952448 0.0815316 0.0613015 0.0376556 0.0197774 0.00941132 0.00402001 0.00147714 0.00045986 0.000123199 2.94395e-05
 3.80809e-11 1.79114e-09 5.83364e-08 1.31563e-06 2.05455e-05 0.000222171 0.00166361 0.00862661 0.0309851 0.0771641 0.133744 0.163731 0.149286 0.117574 0.0978408 0.0844271 0.0629888 0.0377968 0.0191623 0.00887627 0.00380781 0.0014498 0.000472731 0.000129398 2.92679e-05
 3.86217e-11 1.81658e-09 5.91649e-08 1.33432e-06 2.08373e-05 0.000225326 0.00168724 0.00874908 0.0314245 0.0782539 0.135602 0.165859 0.150756 0.117757 0.096841 0.0828752 0.061498 0.03662 0.0182931 0.00827363 0.00344479 0.0012736 0.000407383 0.000111424 2.55456e-05
 4.02432e-11 1.89285e-09 6.16488e-08 1.39033e-06 2.17121e-05 0.000234786 0.00175807 0.00911625 0.0327418 0.0815193 0.141159 0.172177 0.154966 0.117858 0.0931663 0.0775609 0.0567132 0.0332694 0.0162418 0.00713539 0.00288937 0.00104094 0.000323872 8.6071e-05 1.92588e-05
 4.13613e-11 1.94544e-09 6.33617e-08 1.42896e-06 2.23153e-05 0.000241309 0.00180691 0.00936945 0.0336501 0.0837701 0.144984 0.1765 0.157757 0.117682 0.0902785 0.0736058 0.0533829 0.031204 0.0151711 0.0066159 0.00264652 0.000936587 0.000284697 7.3663e-05 1.6033e-05
 3.91427e-11 1.84108e-09 5.99629e-08 1.35231e-06 2.11183e-05 0.000228365 0.00171 0.00886707 0.0318481 0.0793067 0.137412 0.168006 0.152489 0.118628 0.0968778 0.0821988 0.0601445 0.0347932 0.0164932 0.00695784 0.00270653 0.000940228 0.000281673 7.1721e-05 1.53076e-05
 3.85908e-11 1.81513e-09 5.91176e-08 1.33325e-06 2.08206e-05 0.000225146 0.00168589 0.00874209 0.0313995 0.0781923 0.1355 0.165758 0.15074 0.117899 0.0971364 0.0832121 0.0617353 0.0366829 0.0181921 0.00807577 0.00324023 0.00112794 0.000332081 8.25393e-05 1.72212e-05
 3.88404e-11 1.82687e-09 5.94999e-08 1.34187e-06 2.09553e-05 0.000226602 0.00169679 0.00879861 0.0316022 0.0786943 0.136351 0.16671 0.151321 0.117765 0.0963434 0.0821714 0.0608905 0.0362204 0.0180525 0.00811724 0.00333478 0.00120027 0.000366447 9.36408e-05 1.97473e-05
 3.67119e-11 1.72675e-09 5.62392e-08 1.26833e-06 1.98069e-05 0.000214184 0.00160381 0.0083166 0.0298729 0.0744065 0.129049 0.158379 0.145675 0.117369 0.10079 0.0888428 0.067152 0.0408983 0.0211252 0.00989404 0.0042007 0.00154992 0.000484937 0.000127528 2.77549e-05
 3.55743e-11 1.67324e-09 5.44965e-08 1.22903e-06 1.91931e-05 0.000207547 0.00155412 0.008059 0.0289488 0.0721166 0.125158 0.153981 0.142836 0.117547 0.103719 0.0928375 0.0704858 0.0429417 0.0221937 0.0104547 0.0045054 0.00170306 0.000549084 0.000148896 3.33395e-05
 3.39048e-11 1.59472e-09 5.1939e-08 1.17135e-06 1.82924e-05 0.000197807 0.00148119 0.00768094 0.0275923 0.0687525 0.119423 0.147417 0.13831 0.117021 0.106897 0.0978115 0.0753589 0.0468114 0.0248968 0.0120837 0.00531744 0.00203696 0.000665386 0.000183686 4.20963e-05
 3.51325e-11 1.65247e-09 5.38198e-08 1.21377e-06 1.89548e-05 0.00020497 0.00153482 0.00795895 0.0285896 0.0712243 0.123625 0.152174 0.141409 0.116901 0.103817 0.0935027 0.0716077 0.044356 0.023572 0.011489 0.00511662 0.00199731 0.000666805 0.000187859 4.38156e-05
 3.648e-11 1.71585e-09 5.5884e-08 1.26032e-06 1.96818e-05 0.000212831 0.00159369 0.00826409 0.0296845 0.0739393 0.128252 0.157467 0.145046 0.11729 0.101203 0.0894509 0.0676782 0.0412726 0.0214328 0.0101971 0.00447082 0.00173671 0.000582245 0.00016594 3.93458e-05
 3.53097e-11 1.6608e-09 5.40912e-08 1.21989e-06 1.90504e-05 0.000206004 0.00154257 0.0079991 0.0287339 0.0715842 0.124254 0.152964 0.142193 0.117627 0.104457 0.0938161 0.0712712 0.0433787 0.0223772 0.0105265 0.00454517 0.00173404 0.000571173 0.000160763 3.79555e-05
 3.46945e-11 1.63186e-09 5.31488e-08 1.19864e-06 1.87185e-05 0.000202415 0.00151569 0.00785978 0.028234 0.0703446 0.122141 0.150546 0.140529 0.117443 0.105645 0.0956735 0.0730949 0.0448271 0.023378 0.0111085 0.00481221 0.0018266 0.000594545 0.000164688 3.82389e-05
 3.47475e-11 1.63435e-09 5.32299e-08 1.20047e-06 1.8747e-05 0.000202723 0.001518 0.00787175 0.0282768 0.0704488 0.122306 0.150675 0.140415 0.116892 0.104719 0.0948134 0.0728084 0.0452068 0.0240679 0.0117111 0.00517494 0.00199317 0.000655053 0.000182062 4.21163e-05
 3.51562e-11 1.65358e-09 5.38561e-08 1.21459e-06 1.89676e-05 0.000205108 0.00153586 0.00796429 0.0286085 0.0712689 0.123685 0.152166 0.141145 0.116186 0.102724 0.0925463 0.0713859 0.0449552 0.0245223 0.0122848 0.00558219 0.00220814 0.000744718 0.000211691 4.97799e-05
 3.49305e-11 1.64296e-09 5.35103e-08 1.20679e-06 1.88458e-05 0.000203791 0.001526 0.00791321 0.0284255 0.0708178 0.122935 0.151398 0.140921 0.116965 0.104373 0.0942077 0.0721193 0.0445903 0.0236708 0.0115906 0.00523882 0.00209775 0.000723804 0.000211286 5.09904e-05
 3.62897e-11 1.70689e-09 5.55924e-08 1.25375e-06 1.95791e-05 0.000211721 0.00158537 0.00822097 0.0295295 0.0735532 0.127581 0.156637 0.144265 0.116647 0.100722 0.0893106 0.0681222 0.0422509 0.022536 0.011029 0.00493373 0.00194295 0.000661038 0.000192311 4.68333e-05
 3.48784e-11 1.64051e-09 5.34304e-08 1.20499e-06 1.88176e-05 0.000203487 0.00152372 0.00790141 0.0283833 0.0707145 0.122768 0.15125 0.140966 0.117362 0.10508 0.0949007 0.0724198 0.0444043 0.0232168 0.0111398 0.00492677 0.00193069 0.000653591 0.00018854 4.54637e-05
 3.38003e-11 1.5898e-09 5.17789e-08 1.16774e-06 1.8236e-05 0.000197197 0.00147663 0.00765726 0.0275072 0.06854 0.119051 0.146942 0.137821 0.116535 0.106435 0.0975548 0.0755431 0.0474333 0.0256671 0.0127038 0.00569092 0.00222055 0.00074288 0.000211827 5.06221e-05
 3.34408e-11 1.5729e-09 5.12283e-08 1.15532e-06 1.80421e-05 0.000195101 0.00146093 0.00757586 0.027215 0.067815 0.117811 0.145503 0.136761 0.11623 0.106824 0.0983253 0.0764234 0.0483019 0.0264632 0.0133502 0.00612783 0.00245569 0.000840656 0.000242796 5.81034e-05
 3.25913e-11 1.53294e-09 4.99268e-08 1.12597e-06 1.75837e-05 0.000190144 0.00142381 0.00738347 0.0265247 0.0661033 0.114895 0.14217 0.134483 0.116015 0.108507 0.100885 0.0788444 0.050143 0.0277268 0.014148 0.00657827 0.00267921 0.000936447 0.000276929 6.77778e-05
 3.3574e-11 1.57916e-09 5.14323e-08 1.15993e-06 1.81139e-05 0.000195878 0.00146674 0.00760602 0.0273233 0.0680839 0.118272 0.146043 0.137176 0.116387 0.106727 0.0980317 0.0759833 0.047799 0.0260396 0.0131125 0.00606235 0.00247433 0.000871845 0.000261126 6.49689e-05
#obs catch len freq
 3.5695e-11 1.67892e-09 5.46813e-08 1.2332e-06 1.92582e-05 0.000208251 0.00155939 0.00808629 0.0290464 0.0723542 0.125534 0.154278 0.142584 0.116302 0.101608 0.090822 0.0696908 0.0436217 0.0236484 0.0118525 0.00546373 0.00223042 0.000789849 0.000239385 6.07677e-05
 3.57674e-11 1.68233e-09 5.47923e-08 1.2357e-06 1.92973e-05 0.000208674 0.00156255 0.00810269 0.0291052 0.0725002 0.125783 0.154563 0.142782 0.11633 0.101482 0.0906313 0.0695179 0.0434919 0.0235447 0.0117604 0.00538742 0.00217869 0.000762371 0.000228041 5.71302e-05
 4.60161e-11 2.16437e-09 7.04923e-08 1.58978e-06 2.48267e-05 0.000268465 0.00201023 0.0104234 0.0374307 0.0931331 0.160859 0.194278 0.168674 0.115393 0.0759751 0.05513 0.0389783 0.0237738 0.0127354 0.0063177 0.00287986 0.00115941 0.000403352 0.000119681 2.96788e-05
 3.66705e-11 1.72481e-09 5.61758e-08 1.26691e-06 1.97846e-05 0.000213943 0.00160201 0.00830732 0.0298406 0.0743356 0.128991 0.158615 0.146855 0.120196 0.104947 0.0923006 0.0675874 0.0381044 0.017165 0.00685293 0.00264038 0.000976052 0.000328462 9.62001e-05 2.36747e-05
 4.35541e-11 2.04857e-09 6.67207e-08 1.50472e-06 2.34984e-05 0.000254102 0.00190269 0.00986592 0.0354308 0.088178 0.152443 0.184784 0.162606 0.115964 0.0826495 0.064253 0.0467241 0.0285685 0.0150091 0.00705323 0.00290359 0.00100444 0.000291494 7.31748e-05 1.61393e-05
 4.0202e-11 1.89091e-09 6.15857e-08 1.38891e-06 2.16899e-05 0.000234546 0.00175627 0.00910695 0.0327088 0.0814395 0.141038 0.172115 0.155176 0.118549 0.0942465 0.0784762 0.0568471 0.0325851 0.0152993 0.00646471 0.00258839 0.000948603 0.0003005 7.91737e-05 1.69751e-05
 3.91015e-11 1.83915e-09 5.98999e-08 1.35089e-06 2.10961e-05 0.000228125 0.0017082 0.00885773 0.0318145 0.0792203 0.137247 0.167732 0.152013 0.117816 0.0958124 0.0813995 0.0602074 0.0357319 0.0176955 0.00783623 0.00313651 0.00109364 0.000326032 8.33422e-05 1.80853e-05
 3.88415e-11 1.82692e-09 5.95014e-08 1.34191e-06 2.09558e-05 0.000226608 0.00169684 0.00879883 0.0316031 0.0786951 0.136346 0.166675 0.151196 0.117484 0.0959347 0.0818285 0.0608377 0.0364843 0.0184422 0.00843181 0.00350984 0.00127358 0.000390866 0.00010039 2.13474e-05
 4.20486e-11 1.97776e-09 6.44144e-08 1.45271e-06 2.26861e-05 0.000245318 0.00183693 0.00952503 0.0342082 0.0851504 0.147314 0.17906 0.159158 0.116879 0.0874926 0.0703062 0.0511528 0.0305235 0.0154495 0.00710669 0.00299476 0.00110916 0.000350476 9.31375e-05 2.04362e-05
 4.3321e-11 2.03761e-09 6.63637e-08 1.49667e-06 2.33726e-05 0.000252742 0.00189251 0.00981319 0.0352421 0.0877152 0.15169 0.184092 0.162701 0.117483 0.0853624 0.0667517 0.0474551 0.0273571 0.0130906 0.00563993 0.00226724 0.00082339 0.000260204 7.00008e-05 1.56748e-05
 3.98893e-11 1.8762e-09 6.11067e-08 1.37811e-06 2.15212e-05 0.000232721 0.00174261 0.00903614 0.0324548 0.08081 0.139969 0.170906 0.154395 0.118602 0.0950805 0.0796629 0.0579251 0.0333126 0.0156415 0.0065103 0.00249854 0.000859956 0.00025724 6.61601e-05 1.44341e-05
 4.12715e-11 1.94121e-09 6.3224e-08 1.42586e-06 2.22669e-05 0.000240785 0.00180298 0.00934908 0.0335771 0.0835875 0.144664 0.176098 0.157355 0.117306 0.0899581 0.0734907 0.0536544 0.0318178 0.0158298 0.00705452 0.00283337 0.000983247 0.000287592 7.09267e-05 1.4718e-05
 4.15561e-11 1.9546e-09 6.366e-08 1.43569e-06 2.24204e-05 0.000242445 0.00181542 0.00941355 0.0338084 0.0841622 0.14565 0.177255 0.158249 0.117663 0.0897871 0.0729104 0.0527647 0.0307915 0.0149568 0.00654065 0.0026403 0.000946129 0.000289567 7.41852e-05 1.56323e-05
 3.89339e-11 1.83126e-09 5.96431e-08 1.3451e-06 2.10057e-05 0.000227147 0.00170088 0.00881979 0.0316785 0.0788848 0.136686 0.167145 0.151793 0.118275 0.0968609 0.082478 0.0607114 0.0355572 0.0172323 0.00747741 0.002979 0.00105174 0.000319021 8.21407e-05 1.7664e-05
 3.55314e-11 1.67123e-09 5.44308e-08 1.22755e-06 1.917e-05 0.000207297 0.00155225 0.00804931 0.0289143 0.0720322 0.125023 0.153875 0.142923 0.117986 0.104474 0.0935834 0.0708316 0.042769 0.0216981 0.00991461 0.00409622 0.00146732 0.000444728 0.000113569 2.42094e-05
 3.25838e-11 1.53258e-09 4.99152e-08 1.12572e-06 1.75797e-05 0.0001901 0.00142349 0.00738179 0.0265191 0.0660914 0.114891 0.142246 0.134806 0.116779 0.109669 0.101985 0.0793047 0.0497833 0.0268415 0.0131676 0.00579404 0.00218865 0.000694753 0.000183904 4.00387e-05
 3.71181e-11 1.74585e-09 5.68614e-08 1.28237e-06 2.0026e-05 0.000216553 0.00162155 0.0084085 0.0302019 0.0752138 0.130367 0.159617 0.14561 0.11492 0.0962624 0.0844045 0.0652811 0.042135 0.0239354 0.0124999 0.00585242 0.00235573 0.0007992 0.000225514 5.18883e-05
 3.59725e-11 1.69197e-09 5.51065e-08 1.24279e-06 1.9408e-05 0.00020987 0.00157152 0.00814916 0.0292722 0.0729163 0.126507 0.155461 0.143634 0.117041 0.102005 0.0907235 0.068883 0.0422443 0.0222594 0.0109302 0.00504575 0.00209375 0.000750786 0.000225873 5.54213e-05
 3.50336e-11 1.64781e-09 5.36682e-08 1.21035e-06 1.89014e-05 0.000204393 0.0015305 0.00793654 0.0285092 0.0710239 0.123278 0.15175 0.141029 0.116624 0.103652 0.0935039 0.0718545 0.0448061 0.0240422 0.0118267 0.00530936 0.00210309 0.000725451 0.000216108 5.4197e-05
 3.49916e-11 1.64584e-09 5.36038e-08 1.2089e-06 1.88787e-05 0.000204148 0.00152866 0.00792701 0.0284749 0.0709371 0.123119 0.151517 0.140694 0.116121 0.103012 0.0929979 0.0718178 0.0452964 0.0247816 0.0124788 0.00571534 0.00228753 0.000785022 0.000228971 5.58928e-05
 3.81579e-11 1.79476e-09 5.84542e-08 1.31829e-06 2.0587e-05 0.00022262 0.00166697 0.00864398 0.031047 0.0773113 0.133955 0.16378 0.14867 0.115779 0.0950466 0.0819299 0.0623 0.03917 0.0214749 0.0108888 0.00505011 0.00205726 0.000719717 0.000213028 5.22527e-05
 3.67665e-11 1.72932e-09 5.63227e-08 1.27022e-06 1.98363e-05 0.000214502 0.0016062 0.00832895 0.0299173 0.0745161 0.129233 0.158581 0.145782 0.117287 0.100508 0.0884246 0.0667034 0.0405569 0.0210322 0.0100755 0.00451404 0.00181906 0.000638971 0.000191389 4.76459e-05
 3.56471e-11 1.67667e-09 5.4608e-08 1.23155e-06 1.92324e-05 0.000207972 0.0015573 0.00807547 0.0290077 0.0722599 0.125384 0.154156 0.14267 0.11677 0.102422 0.0916445 0.0701071 0.0434898 0.0231473 0.0112631 0.00498811 0.00193975 0.000653019 0.000189418 4.64647e-05
 3.61983e-11 1.70259e-09 5.54524e-08 1.25059e-06 1.95298e-05 0.000211188 0.00158138 0.00820026 0.0294552 0.0733669 0.127252 0.156207 0.143787 0.116109 0.100154 0.0889492 0.0682646 0.0429113 0.0233876 0.0117188 0.00533389 0.00211677 0.000717772 0.000206019 4.93049e-05
 3.52633e-11 1.65862e-09 5.40201e-08 1.21829e-06 1.90253e-05 0.000205733 0.00154053 0.00798854 0.0286957 0.0714852 0.124057 0.152605 0.141494 0.116344 0.102686 0.0923247 0.0709898 0.0444701 0.0241217 0.0120899 0.00556064 0.00225221 0.000783463 0.000230203 5.59103e-05
 3.45397e-11 1.62458e-09 5.29115e-08 1.19329e-06 1.86349e-05 0.000201511 0.00150892 0.00782467 0.0281077 0.0700266 0.121568 0.149745 0.139484 0.11601 0.103912 0.0943571 0.0730905 0.046252 0.0254353 0.0129018 0.00596892 0.00242403 0.000847849 0.000252103 6.23116e-05
 3.39322e-11 1.59601e-09 5.1981e-08 1.1723e-06 1.83072e-05 0.000197967 0.00148239 0.00768711 0.0276141 0.0688018 0.119476 0.147329 0.137749 0.115622 0.104773 0.0958894 0.0747515 0.0477621 0.0266604 0.0137586 0.00646774 0.00266347 0.000942436 0.000282743 7.04336e-05
 3.17659e-11 1.49412e-09 4.86624e-08 1.09746e-06 1.71384e-05 0.000185329 0.00138776 0.00719656 0.0258541 0.0644389 0.112051 0.138883 0.132109 0.115449 0.109617 0.102901 0.0810519 0.0521778 0.0294111 0.0153631 0.00732083 0.0030616 0.00110153 0.000335806 8.48145e-05
#spawning biomass
 3758.66 2618.13 4181.45 6139.52 7694.18 10744.2 12525.8 14025.2 20579.4 29426.5 39511 49702.8 81810.1 91765.9 102358 87296.1 78858.2 83970.2 79248.8 77416.1 89869.8 91843.2 95800.7 106823 119016 119093 118802 94405 86669.3 148084 105495 68361 46533.3 35311 29958.3 27520.7 26443.2 25976.2 25776.6 25691.9 25656.3 25641.3 25635.1 25632.5 25631.4 25630.9 25630.7 25630.7 25630.6 25630.6 25630.6 25630.6 25630.6 25630.6 25630.6 25630.6 25630.6 25630.6 25630.6 25630.6 25630.6 25630.6 25630.6 25630.6 25630.6 25630.6 25630.6 25630.6 25630.6 25630.6 25630.6 25630.6 25630.6 25630.6 25630.6 25630.6 25630.6 25630.6 25630.6 25630.6 25630.6 25630.6 25630.6 25630.6 25630.6 25630.6 25630.6 25630.6 25630.6 25630.6 25630.6 25630.6 25630.6 25630.6 25630.6 25630.6 25630.6 25630.6 25630.6 25630.6 25630.6 25630.6 25630.6 25630.6 25630.6 25630.6 25630.6 25630.6 25630.6 25630.6 25630.6 25630.6 25630.6 25630.6 25630.6 25630.6 25630.6 25630.6 25630.6 25630.6 25630.6 25630.6 25630.6 25630.6 25630.6 25630.6 25630.6 25630.6 0 0 0 0 0 0 0 0 0 0 0 0 0 0 0 0 0 0 0 0 0 0 0 0 0
