SBPRF35
0.819782
Curr Bio
150658
B35
693046
F35
0.211937
FOFL
0.060163
OFL
9857.37
Bzero
234224
#pred survey bio
 5313.38 6694.9 8029.53 11462.1 16214.1 18217.6 16688 22867.1 35846.1 52605.9 63922.3 81799.6 104384 129716 130574 112566 103878 98944.8 103485 106164 109203 107351 115006 123483 127637 124557 136166 161622 8.04188e+06 7.48504e+06 8.30104e+06 7.94174e+06 7.05938e+06 6.04003e+06 5.0872e+06 4.28515e+06 3.65047e+06 3.16753e+06 2.80928e+06 2.54781e+06 2.3588e+06 2.22263e+06 2.12356e+06 2.05059e+06 1.99886e+06 1.96179e+06 1.93493e+06 1.91524e+06 1.90065e+06 1.88971e+06 1.88142e+06 1.87507e+06 1.87017e+06 1.86634e+06 1.86334e+06 1.86096e+06 1.85907e+06 1.85756e+06 1.85635e+06 1.85537e+06 1.85458e+06 1.85394e+06 1.85342e+06 1.853e+06 1.85266e+06 1.85238e+06 1.85215e+06 1.85197e+06 1.85181e+06 1.85169e+06 1.85159e+06 1.8515e+06 1.85144e+06 1.85138e+06 1.85134e+06 1.8513e+06 1.85127e+06 1.85124e+06 1.85122e+06 1.85121e+06 1.85119e+06 1.85118e+06 1.85117e+06 1.85117e+06 1.85116e+06 1.85115e+06 1.85115e+06 1.85115e+06 1.85114e+06 1.85114e+06 1.85114e+06 1.85114e+06 1.85114e+06 1.85114e+06 1.85114e+06 1.85113e+06 1.85113e+06 1.85113e+06 1.85113e+06 1.85113e+06 1.85113e+06 1.85113e+06 1.85113e+06 1.85113e+06 1.85113e+06 1.85113e+06 1.85113e+06 1.85113e+06 1.85113e+06 1.85113e+06 1.85113e+06 1.85113e+06 1.85113e+06 1.85113e+06 1.85113e+06 1.85113e+06 1.85113e+06 1.85113e+06 1.85113e+06 1.85113e+06 1.85113e+06 1.85113e+06 1.85113e+06 1.85113e+06 1.85113e+06 1.85113e+06 1.85113e+06 1.85113e+06 0 0 0 0 0 0 0 0 0 0 0 0 0 0 0 0 0 0 0 0 0 0 0 0 0
#obs survey bio
 4499.93 6840.52 8508.1 12149.1 19365.9 10661.5 16108.3 30668.8 37491.9 68688.3 80830.8 121209 96815.8 137080 96407.3 95987.7 70125.6 74700.6 148729 112972 128579 120515 140017 138734 111155 120105 192680 155628
#pred catch bio
 3147.03 4826.88 5597.58 7824.7 11412.7 14268.6 12057 15791.3 24092.1 38354.2 46222 60063.8 76916.5 99733.5 105709 91603.6 85437.7 78983.5 82736.5 85360.4 90869.1 88327.2 95716.1 104196 110757 103910 109807 98473.1 9857.37 60595.6 67683.5 63973.3 56077.6 47211.2 39056.4 32293.9 27031.3 23105.7 20263 18248.2 16842.5 15872.3 15204.2 14744.5 14440.1 14238.4 14104.8 14016.3 13957.7 13918.9 13893.2 13876.1 13864.8 13857.4 13852.4 13849.1 13847 13845.5 13844.6 13844 13843.5 13843.3 13843.1 13843 13842.9 13842.8 13842.8 13842.8 13842.7 13842.7 13842.7 13842.7 13842.7 13842.7 13842.7 13842.7 13842.7 13842.7 13842.7 13842.7 13842.7 13842.7 13842.7 13842.7 13842.7 13842.7 13842.7 13842.7 13842.7 13842.7 13842.7 13842.7 13842.7 13842.7 13842.7 13842.7 13842.7 13842.7 13842.7 13842.7 13842.7 13842.7 13842.7 13842.7 13842.7 13842.7 13842.7 13842.7 13842.7 13842.7 13842.7 13842.7 13842.7 13842.7 13842.7 13842.7 13842.7 13842.7 13842.7 13842.7 13842.7 13842.7 13842.7 13842.7 13842.7 13842.7 13842.7 13842.7 0 0 0 0 0 0 0 0 0 0 0 0 0 0 0 0 0 0 0 0 0 0 0 0 0
#obs catch bio
 5262.17 4815.61 5528.16 7652.37 11044.4 14307.8 11856 15161.8 23147.2 36463.5 43618.2 56303.2 73585.7 96824.5 105310 91993.7 85306.1 77929.2 80151.1 81265.5 86871.7 85063.5 93131.2 100670 107174 102517 105516 97436.4
#pred cpue bio
 4399.75 5283.25 6066.91 8556.41 12330 14580.3 12916.5 16794.1 26444.5 40038.3 48815.2 61667.3 78501.7 98273 102535 87442.5 79080.6 74762.6 78181.2 80587.4 82266.7 80012.1 84834.6 90645.5 93877.7 90761.6 99846.4 118429 6.4758e+06 7.31811e+06 8.26419e+06 7.89107e+06 7.00403e+06 5.98386e+06 5.03091e+06 4.22885e+06 3.59417e+06 3.11123e+06 2.75298e+06 2.49151e+06 2.3025e+06 2.16632e+06 2.06726e+06 1.99429e+06 1.94255e+06 1.90548e+06 1.87863e+06 1.85894e+06 1.84435e+06 1.83341e+06 1.82512e+06 1.81877e+06 1.81386e+06 1.81004e+06 1.80703e+06 1.80466e+06 1.80277e+06 1.80126e+06 1.80004e+06 1.79907e+06 1.79828e+06 1.79764e+06 1.79712e+06 1.7967e+06 1.79636e+06 1.79608e+06 1.79585e+06 1.79566e+06 1.79551e+06 1.79539e+06 1.79529e+06 1.7952e+06 1.79513e+06 1.79508e+06 1.79503e+06 1.795e+06 1.79497e+06 1.79494e+06 1.79492e+06 1.7949e+06 1.79489e+06 1.79488e+06 1.79487e+06 1.79486e+06 1.79486e+06 1.79485e+06 1.79485e+06 1.79484e+06 1.79484e+06 1.79484e+06 1.79484e+06 1.79484e+06 1.79483e+06 1.79483e+06 1.79483e+06 1.79483e+06 1.79483e+06 1.79483e+06 1.79483e+06 1.79483e+06 1.79483e+06 1.79483e+06 1.79483e+06 1.79483e+06 1.79483e+06 1.79483e+06 1.79483e+06 1.79483e+06 1.79483e+06 1.79483e+06 1.79483e+06 1.79483e+06 1.79483e+06 1.79483e+06 1.79483e+06 1.79483e+06 1.79483e+06 1.79483e+06 1.79483e+06 1.79483e+06 1.79483e+06 1.79483e+06 1.79483e+06 1.79483e+06 1.79483e+06 1.79483e+06 1.79483e+06 1.79483e+06 0 0 0 0 0 0 0 0 0 0 0 0 0 0 0 0 0 0 0 0 0 0 0 0 0
#obs cpue bio
 3680.33 6513.8 6691.98 12432.8 17795.7 18726.5 22250.4 26249.4 47006.2 68589.3 109214 110486 144575 126862 129976 99224.5 120364 125989 101628 177524 136708 122998 103291 144202 176095 104865 160144 129602
#pred surv len freq
 2.56785e-27 2.60096e-27 4.41974e-26 8.78385e-20 2.15326e-14 6.38048e-10 2.28538e-06 0.000989483 0.051786 0.327612 0.25075 0.0371852 0.106871 0.0987034 0.0252321 0.033039 0.0152569 0.0131945 0.00881517 0.0071751 0.00594042 0.00535317 0.00554772 0.00500848 0.00153791
 2.56845e-27 2.6023e-27 4.50124e-26 8.95561e-20 2.19536e-14 6.50525e-10 2.33007e-06 0.00100883 0.0527986 0.334018 0.25569 0.0402284 0.126562 0.116591 0.0235248 0.0244263 0.00931577 0.00562254 0.00303826 0.00206347 0.00147709 0.00117793 0.00110423 0.00100911 0.000340803
 2.56966e-27 2.6055e-27 4.77332e-26 9.52956e-20 2.33606e-14 6.92216e-10 2.4794e-06 0.00107349 0.0561824 0.355425 0.272039 0.0404252 0.116574 0.10728 0.0202651 0.0192543 0.0064891 0.0026587 0.0010491 0.000501025 0.000276388 0.000182477 0.0001476 0.000129362 4.55055e-05
 2.56998e-27 2.60632e-27 4.84193e-26 9.67427e-20 2.37153e-14 7.02727e-10 2.51705e-06 0.00108979 0.0570355 0.360822 0.276162 0.0405396 0.114548 0.105361 0.0190273 0.0168991 0.00553599 0.00200255 0.000634608 0.00019765 6.88971e-05 3.21529e-05 2.0506e-05 1.61259e-05 5.67516e-06
 2.56927e-27 2.60441e-27 4.6723e-26 9.31643e-20 2.28381e-14 6.76734e-10 2.42395e-06 0.00104948 0.0549258 0.347476 0.265979 0.0410744 0.125771 0.115717 0.0208529 0.0184509 0.00593619 0.00197215 0.000588951 0.000153027 3.42977e-05 9.00743e-06 3.67767e-06 2.32647e-06 7.85333e-07
 2.56714e-27 2.59864e-27 4.16505e-26 8.24634e-20 2.02149e-14 5.99004e-10 2.14553e-06 0.000928933 0.048617 0.307565 0.235524 0.0423279 0.156708 0.144324 0.0269843 0.0252411 0.0081133 0.00266798 0.000770401 0.00018332 3.50668e-05 5.76929e-06 1.12957e-06 4.50172e-07 1.36282e-07
 2.56868e-27 2.60289e-27 4.54438e-26 9.0466e-20 2.21767e-14 6.57134e-10 2.35374e-06 0.00101908 0.053335 0.337412 0.258291 0.0408649 0.129579 0.119363 0.0238981 0.0244913 0.00796745 0.00275568 0.000796891 0.00018579 3.29815e-05 4.54366e-06 4.90538e-07 8.1433e-08 1.86334e-08
 2.57058e-27 2.60798e-27 4.9907e-26 9.98812e-20 2.44847e-14 7.25525e-10 2.59871e-06 0.00112514 0.0588858 0.372528 0.28509 0.0399032 0.103432 0.0951444 0.0179631 0.0170529 0.00572465 0.00227153 0.000678729 0.000164868 2.89967e-05 3.73981e-06 3.18122e-07 2.1993e-08 2.46529e-09
 2.57032e-27 2.60722e-27 4.91825e-26 9.83527e-20 2.411e-14 7.14422e-10 2.55894e-06 0.00110792 0.0579847 0.366827 0.280748 0.040597 0.111762 0.102728 0.0174352 0.0139252 0.00455254 0.00164387 0.000515307 0.000140733 2.59729e-05 3.38353e-06 2.67598e-07 1.24072e-08 4.93273e-10
 2.56922e-27 2.60425e-27 4.65705e-26 9.28424e-20 2.27592e-14 6.74396e-10 2.41557e-06 0.00104585 0.0547361 0.346275 0.265065 0.0411957 0.127337 0.117152 0.0209186 0.01823 0.00572116 0.00167273 0.000491817 0.000126995 2.5805e-05 3.64846e-06 2.94044e-07 1.22561e-08 2.58332e-10
 2.56912e-27 2.604e-27 4.63706e-26 9.24208e-20 2.26558e-14 6.71333e-10 2.4046e-06 0.0010411 0.0544875 0.344703 0.263862 0.0411017 0.127467 0.117303 0.0215174 0.019566 0.00625417 0.00200021 0.000550681 0.000117737 2.20731e-05 3.25661e-06 2.88889e-07 1.22809e-08 2.16559e-10
 2.56962e-27 2.60538e-27 4.75914e-26 9.49964e-20 2.32872e-14 6.90042e-10 2.47161e-06 0.00107011 0.0560059 0.354309 0.271191 0.0406901 0.119186 0.109669 0.0203048 0.0187258 0.00605513 0.0020494 0.000585808 0.000131661 2.13434e-05 2.74656e-06 2.46708e-07 1.14352e-08 2.03542e-10
 2.56967e-27 2.60546e-27 4.76406e-26 9.51e-20 2.33126e-14 6.90794e-10 2.47431e-06 0.00107128 0.056067 0.354695 0.271489 0.0409172 0.120705 0.111014 0.0195225 0.0166008 0.00537675 0.00184628 0.00053946 0.000128272 2.19134e-05 2.61744e-06 2.01322e-07 9.26809e-09 1.76875e-10
 2.56938e-27 2.60469e-27 4.69578e-26 9.36596e-20 2.29595e-14 6.80331e-10 2.43683e-06 0.00105506 0.0552178 0.349323 0.267391 0.041138 0.125264 0.115222 0.0202882 0.0172812 0.00548135 0.00169901 0.000493404 0.000119503 2.1378e-05 2.69914e-06 1.98271e-07 7.93808e-09 1.48688e-10
 2.56791e-27 2.60069e-27 4.34077e-26 8.61703e-20 2.11236e-14 6.25931e-10 2.24198e-06 0.000970691 0.0508025 0.32139 0.24608 0.0422732 0.148875 0.136993 0.0238273 0.0198737 0.00629306 0.00193301 0.000540103 0.00012037 2.16016e-05 2.8375e-06 2.19952e-07 8.47366e-09 1.41212e-10
 2.56843e-27 2.60213e-27 4.472e-26 8.89387e-20 2.18023e-14 6.4604e-10 2.31401e-06 0.00100188 0.0524346 0.331716 0.253953 0.0415701 0.137994 0.127026 0.0234143 0.02144 0.0067521 0.00199807 0.000554067 0.000120979 2.02077e-05 2.56424e-06 2.05789e-07 8.30139e-09 1.33486e-10
 2.5692e-27 2.60419e-27 4.65115e-26 9.27181e-20 2.27287e-14 6.73493e-10 2.41234e-06 0.00104445 0.0546627 0.345811 0.264712 0.0412819 0.128241 0.117965 0.0206742 0.0174762 0.00562013 0.00186235 0.000516741 0.000109256 1.79248e-05 2.14975e-06 1.64137e-07 6.79017e-09 1.13231e-10
 2.56942e-27 2.60476e-27 4.69829e-26 9.37123e-20 2.29724e-14 6.80715e-10 2.43821e-06 0.00105565 0.0552489 0.34952 0.267546 0.0414287 0.127368 0.117097 0.0194038 0.0147871 0.00464987 0.0013891 0.000396182 9.16007e-05 1.48353e-05 1.72883e-06 1.25413e-07 4.94088e-09 8.37129e-11
 2.56944e-27 2.60482e-27 4.70372e-26 9.38269e-20 2.30005e-14 6.81547e-10 2.44119e-06 0.00105694 0.0553165 0.349947 0.26787 0.0413341 0.126419 0.116244 0.0196712 0.0156063 0.00481525 0.0012803 0.000346728 7.45244e-05 1.28514e-05 1.54811e-06 1.08938e-07 4.07933e-09 6.61636e-11
 2.56926e-27 2.60432e-27 4.65968e-26 9.28978e-20 2.27728e-14 6.74798e-10 2.41701e-06 0.00104647 0.0547687 0.346482 0.265227 0.0414862 0.129434 0.11902 0.0200501 0.0157741 0.00490441 0.00136467 0.000358601 6.90477e-05 1.10118e-05 1.33402e-06 9.84192e-08 3.60534e-09 5.56538e-11
 2.56955e-27 2.60512e-27 4.73082e-26 9.43986e-20 2.31407e-14 6.857e-10 2.45606e-06 0.00106338 0.0556535 0.352079 0.269497 0.0412315 0.124496 0.114473 0.0194298 0.0155035 0.00481219 0.00132477 0.000352526 6.97445e-05 1.03103e-05 1.12738e-06 8.13029e-08 3.09057e-09 4.70409e-11
 2.56989e-27 2.60602e-27 4.80784e-26 9.60233e-20 2.35389e-14 6.97501e-10 2.49833e-06 0.00108168 0.0566113 0.358139 0.274124 0.0412252 0.121197 0.111377 0.0179304 0.0128618 0.00398785 0.00110297 0.000292622 5.75803e-05 8.69451e-06 9.17256e-07 5.94706e-08 2.1773e-09 3.39035e-11
 2.57024e-27 2.60697e-27 4.89202e-26 9.77991e-20 2.39743e-14 7.10401e-10 2.54454e-06 0.00110169 0.0576583 0.364762 0.279178 0.0409895 0.115853 0.106444 0.0170505 0.0120917 0.00367783 0.000901551 0.00023544 4.64565e-05 6.98334e-06 7.43139e-07 4.70946e-08 1.56858e-09 2.33475e-11
 2.57038e-27 2.60734e-27 4.92275e-26 9.84474e-20 2.41332e-14 7.1511e-10 2.5614e-06 0.00110899 0.0580405 0.36718 0.281024 0.0410171 0.114765 0.105414 0.0163657 0.0107884 0.00326843 0.000786098 0.000197614 3.51792e-05 5.21168e-06 5.53928e-07 3.51945e-08 1.14532e-09 1.57213e-11
 2.5703e-27 2.6071e-27 4.9007e-26 9.79821e-20 2.40191e-14 7.1173e-10 2.5493e-06 0.00110375 0.0577662 0.365445 0.279702 0.0411679 0.116842 0.107312 0.0163707 0.0103193 0.00308671 0.000680807 0.00016787 2.90745e-05 3.98332e-06 3.97936e-07 2.51445e-08 8.17854e-10 1.0943e-11
 2.5706e-27 2.6079e-27 4.97069e-26 9.94588e-20 2.43811e-14 7.22456e-10 2.58772e-06 0.00112038 0.0586368 0.370952 0.283904 0.0410109 0.112694 0.103472 0.0154796 0.00925212 0.00274378 0.000569912 0.000135938 2.17907e-05 2.89333e-06 2.71519e-07 1.5875e-08 5.06742e-10 6.7556e-12
 2.5704e-27 2.60737e-27 4.92486e-26 9.84919e-20 2.41441e-14 7.15433e-10 2.56256e-06 0.00110949 0.0580668 0.367346 0.281152 0.041091 0.115238 0.105834 0.0161626 0.0102142 0.00301779 0.000600769 0.000140163 2.11966e-05 2.64426e-06 2.33149e-07 1.28351e-08 3.79289e-10 4.90682e-12
 2.57046e-27 2.60754e-27 4.94205e-26 9.88545e-20 2.4233e-14 7.18067e-10 2.572e-06 0.00111358 0.0582805 0.368699 0.282182 0.0408773 0.112888 0.103703 0.0164656 0.0114434 0.00341669 0.000729795 0.000170911 2.48234e-05 2.96289e-06 2.43665e-07 1.24603e-08 3.44199e-10 4.1379e-12
#obs surv len freq
 1.64641e-41 2.2851e-33 3.83374e-26 7.77474e-20 1.90588e-14 5.64749e-10 2.02284e-06 0.000875819 0.0458369 0.289977 0.222165 0.0442602 0.163809 0.139214 0.0429758 0.0348062 0.0113086 0.00383804 0.000820145 0.000105995 6.00956e-06 1.07573e-07 4.50833e-10 3.55617e-13 4.57579e-17
 1.90857e-41 2.64897e-33 4.4442e-26 9.01275e-20 2.20937e-14 6.54676e-10 2.34495e-06 0.00101528 0.0531357 0.336152 0.257436 0.0440705 0.132091 0.106214 0.0333854 0.0253551 0.00801549 0.00256198 0.000505202 5.70094e-05 2.67413e-06 3.75152e-08 1.1801e-10 6.79249e-14 6.27101e-18
 1.92846e-41 2.67657e-33 4.49051e-26 9.10666e-20 2.23239e-14 6.61498e-10 2.36938e-06 0.00102586 0.0536894 0.339655 0.260193 0.0470924 0.141057 0.106133 0.0269072 0.0171501 0.00522525 0.00155773 0.000282459 2.77984e-05 1.06995e-06 1.16811e-08 2.75316e-11 1.15747e-14 7.68178e-19
 1.96826e-41 2.73181e-33 4.58318e-26 9.29459e-20 2.27846e-14 6.75149e-10 2.41828e-06 0.00104703 0.0547974 0.346664 0.265609 0.0487215 0.13863 0.0982549 0.0261214 0.0154097 0.00367576 0.000905735 0.000148242 1.26332e-05 3.97648e-07 3.36265e-09 5.91733e-12 1.81623e-15 8.67758e-20
 1.76291e-41 2.44681e-33 4.10503e-26 8.32491e-20 2.04076e-14 6.04713e-10 2.16598e-06 0.000937796 0.0490805 0.310499 0.238187 0.0549411 0.176266 0.117262 0.0310663 0.0169256 0.00391961 0.000805693 9.94184e-05 6.97177e-06 1.7778e-07 1.16203e-09 1.52477e-12 3.41297e-16 1.17386e-20
 1.45873e-41 2.02462e-33 3.39672e-26 6.88848e-20 1.68863e-14 5.00372e-10 1.79225e-06 0.000775983 0.0406118 0.256925 0.197549 0.0624847 0.220435 0.1397 0.048383 0.0262473 0.00570754 0.0010646 0.000108485 5.52312e-06 1.06184e-07 5.29276e-10 5.17319e-13 8.45077e-17 2.09348e-21
 2.09623e-41 2.90943e-33 4.88118e-26 9.89893e-20 2.42661e-14 7.19048e-10 2.57551e-06 0.00111511 0.0583603 0.369205 0.282967 0.0502912 0.111977 0.068676 0.0333922 0.0183759 0.00470488 0.000853971 7.54903e-05 2.98818e-06 4.03345e-08 1.4277e-10 1.01603e-13 1.20712e-17 2.15593e-22
 1.98007e-41 2.7482e-33 4.61068e-26 9.35037e-20 2.29213e-14 6.79201e-10 2.43279e-06 0.00105331 0.0551262 0.348747 0.267698 0.0603586 0.152768 0.0823117 0.0194329 0.00895945 0.0029112 0.000577847 5.12936e-05 1.69019e-06 1.68834e-08 4.10831e-11 2.00361e-14 1.67081e-18 2.12388e-23
 2.0148e-41 2.7964e-33 4.69155e-26 9.51436e-20 2.33233e-14 6.91113e-10 2.47546e-06 0.00107179 0.056093 0.354864 0.27249 0.0618087 0.145219 0.074627 0.023089 0.00886096 0.00155096 0.000293332 2.85636e-05 8.91783e-07 7.20844e-09 1.27188e-11 4.2531e-15 2.39663e-19 2.0811e-24
 1.71995e-41 2.38717e-33 4.00498e-26 8.12201e-20 1.99102e-14 5.89974e-10 2.11319e-06 0.00091494 0.0478843 0.302937 0.233482 0.07636 0.200093 0.0959804 0.0293398 0.0107416 0.00200355 0.00024417 1.774e-05 5.38976e-07 3.9033e-09 5.47968e-12 1.33753e-15 5.24026e-20 3.09506e-25
 2.01891e-41 2.80212e-33 4.70114e-26 9.53381e-20 2.3371e-14 6.92526e-10 2.48052e-06 0.00107398 0.0562077 0.355592 0.273422 0.0666302 0.139265 0.0663218 0.0292471 0.0102225 0.0017995 0.000205289 1.0669e-05 2.24804e-07 1.37719e-09 1.64087e-12 3.17349e-16 9.26304e-21 3.90581e-26
 1.84839e-41 2.56544e-33 4.30406e-26 8.72854e-20 2.1397e-14 6.34032e-10 2.271e-06 0.000983264 0.0514601 0.325562 0.25127 0.081727 0.180482 0.0755688 0.0231086 0.00794215 0.0017044 0.000181493 8.10397e-06 1.22343e-07 5.04906e-10 4.53877e-13 7.00103e-17 1.60641e-21 5.14584e-27
 1.92536e-41 2.67227e-33 4.48329e-26 9.09202e-20 2.2288e-14 6.60434e-10 2.36557e-06 0.00102421 0.0536031 0.33912 0.261774 0.0808923 0.160581 0.0670983 0.0269064 0.00760523 0.00124848 0.000138396 5.89772e-06 7.21332e-08 2.1248e-10 1.27668e-13 1.36934e-17 2.31979e-22 5.64277e-28
 1.62008e-41 2.24857e-33 3.77244e-26 7.65042e-20 1.87541e-14 5.55719e-10 1.99049e-06 0.000861815 0.045104 0.285363 0.222184 0.104492 0.217295 0.0837885 0.0305479 0.00874493 0.00148561 0.000126773 4.76106e-06 5.22187e-08 1.22175e-10 5.29626e-14 3.86446e-18 4.40328e-23 7.38414e-29
 1.47331e-41 2.04486e-33 3.43068e-26 6.95735e-20 1.70551e-14 5.05374e-10 1.81017e-06 0.000783741 0.0410179 0.259521 0.203355 0.113364 0.224772 0.0949215 0.0477713 0.0123857 0.00194329 0.000158157 4.75021e-06 4.1508e-08 8.04281e-11 2.74878e-14 1.48129e-18 1.18808e-23 1.36269e-29
 1.71426e-41 2.37928e-33 3.99173e-26 8.09515e-20 1.98443e-14 5.88023e-10 2.1062e-06 0.000911913 0.0477259 0.301959 0.235531 0.103009 0.176998 0.0767624 0.0420869 0.0126673 0.00218531 0.000157105 4.09063e-06 2.81919e-08 4.12617e-11 1.08865e-14 4.53379e-19 2.73766e-24 2.28965e-30
 1.67346e-41 2.32265e-33 3.89673e-26 7.90248e-20 1.9372e-14 5.74028e-10 2.05608e-06 0.00089021 0.0465901 0.294788 0.231531 0.118921 0.192813 0.0712289 0.0314917 0.00974396 0.00185679 0.000140509 3.20426e-06 1.78885e-08 2.01533e-11 3.9294e-15 1.20386e-19 5.40549e-25 3.37446e-31
 1.69322e-41 2.35007e-33 3.94274e-26 7.99579e-20 1.96007e-14 5.80806e-10 2.08035e-06 0.00090072 0.0471402 0.298281 0.235141 0.123892 0.184866 0.0701451 0.030734 0.00751315 0.00128336 9.92462e-05 2.18476e-06 1.0393e-08 9.18005e-12 1.35182e-15 3.04762e-20 9.90675e-26 4.46132e-32
 1.65901e-41 2.3026e-33 3.86309e-26 7.83426e-20 1.92048e-14 5.69073e-10 2.03833e-06 0.000882525 0.0461879 0.292277 0.232167 0.135322 0.187919 0.0688424 0.0286536 0.00673672 0.000947138 6.08545e-05 1.225e-06 5.19697e-09 3.80447e-12 4.35763e-16 7.36486e-21 1.76003e-26 5.75237e-33
 1.74414e-41 2.42075e-33 4.06131e-26 8.23626e-20 2.01902e-14 5.98274e-10 2.14292e-06 0.00092781 0.048558 0.307286 0.244343 0.134031 0.168658 0.0637279 0.0260412 0.00567332 0.000713645 3.68366e-05 5.83497e-07 2.05455e-09 1.25445e-12 1.16188e-16 1.52897e-21 2.75731e-27 6.65726e-34
 1.71144e-41 2.37537e-33 3.98517e-26 8.08184e-20 1.98117e-14 5.87056e-10 2.10274e-06 0.000910414 0.0476476 0.301563 0.242256 0.147876 0.172566 0.0598476 0.0221184 0.00466468 0.000525434 2.25632e-05 2.74823e-07 7.27389e-10 3.42616e-13 2.49417e-17 2.575e-22 3.59341e-28 6.59736e-35
 1.72213e-41 2.39021e-33 4.01007e-26 8.13234e-20 1.99355e-14 5.90725e-10 2.11588e-06 0.000916103 0.0479454 0.303483 0.245468 0.153157 0.16505 0.059219 0.0205818 0.00378575 0.000378058 1.37273e-05 1.31177e-07 2.5862e-10 8.88568e-14 4.75072e-18 3.65864e-23 3.85047e-29 5.34901e-36
 1.71856e-41 2.38525e-33 4.00176e-26 8.11549e-20 1.98942e-14 5.895e-10 2.11149e-06 0.000914204 0.0478461 0.302905 0.247371 0.161397 0.160679 0.0567123 0.0186652 0.00322747 0.000272276 8.10266e-06 6.14554e-08 9.17921e-11 2.31066e-14 8.89204e-19 4.9068e-24 3.71684e-30 3.74699e-37
 1.74512e-41 2.42212e-33 4.06361e-26 8.24091e-20 2.02016e-14 5.98611e-10 2.14413e-06 0.000928333 0.0485858 0.30764 0.25315 0.165687 0.151868 0.0531183 0.0162369 0.00258815 0.000191076 4.58728e-06 2.68863e-08 3.04703e-11 5.69555e-15 1.59574e-19 6.32404e-25 3.41349e-31 2.44441e-38
 1.68058e-41 2.33253e-33 3.9133e-26 7.93609e-20 1.94544e-14 5.76469e-10 2.06482e-06 0.000893996 0.0467889 0.296373 0.248692 0.181312 0.155522 0.0530891 0.015003 0.00218197 0.000139162 2.73321e-06 1.23595e-08 1.04501e-11 1.43964e-15 2.95035e-20 8.4809e-26 3.29323e-32 1.68529e-39
 1.60238e-41 2.224e-33 3.73123e-26 7.56686e-20 1.85493e-14 5.49648e-10 1.96875e-06 0.000852402 0.0446125 0.282734 0.242979 0.196107 0.159482 0.0563218 0.0148651 0.00193744 0.000105327 1.67794e-06 5.89215e-09 3.7362e-12 3.77257e-16 5.60469e-21 1.16298e-26 3.25242e-33 1.19571e-40
 1.59419e-41 2.21263e-33 3.71214e-26 7.52815e-20 1.84544e-14 5.46837e-10 1.95868e-06 0.000848042 0.0443847 0.281421 0.245429 0.199964 0.154124 0.0573347 0.0146493 0.00176167 8.08603e-05 1.03175e-06 2.7971e-09 1.33373e-12 9.9341e-17 1.07343e-21 1.60485e-27 3.2166e-34 8.45411e-42
 1.63936e-41 2.27533e-33 3.81733e-26 7.74148e-20 1.89773e-14 5.62333e-10 2.01418e-06 0.000872073 0.045643 0.289518 0.254546 0.19922 0.143036 0.0526046 0.0130148 0.0014838 5.89002e-05 6.01993e-07 1.25014e-09 4.46075e-13 2.45017e-17 1.93223e-22 2.09179e-28 3.01714e-35 5.67965e-43
#pred catch len freq
 2.56561e-27 2.59497e-27 3.90231e-26 7.69234e-20 1.88568e-14 5.58762e-10 2.00139e-06 0.000866526 0.0453508 0.286902 0.219671 0.0376215 0.132027 0.122023 0.0311999 0.0408575 0.0188307 0.0162399 0.0108412 0.00882058 0.00730185 0.00657982 0.00681892 0.00615611 0.0018903
 2.56695e-27 2.59824e-27 4.14408e-26 8.20217e-20 2.01066e-14 5.95795e-10 2.13404e-06 0.000923957 0.0483566 0.305917 0.234246 0.0410903 0.148187 0.136567 0.0274173 0.0282939 0.0107729 0.00647756 0.00349727 0.00237404 0.00169917 0.00135499 0.0012702 0.00116078 0.000392028
 2.5682e-27 2.60155e-27 4.42368e-26 8.79195e-20 2.15524e-14 6.38637e-10 2.28749e-06 0.000990395 0.0518337 0.327914 0.251048 0.0414059 0.138785 0.127785 0.0240379 0.0227041 0.00764302 0.00311876 0.00122957 0.00058685 0.000323681 0.000213692 0.000172848 0.00015149 5.32894e-05
 2.5685e-27 2.60231e-27 4.48698e-26 8.92548e-20 2.18797e-14 6.48336e-10 2.32223e-06 0.00100544 0.0526209 0.332895 0.254853 0.0415887 0.137502 0.126542 0.0227718 0.0201115 0.00658166 0.00237112 0.00075082 0.000233678 8.14395e-05 3.80041e-05 2.42374e-05 1.90603e-05 6.70786e-06
 2.5678e-27 2.6004e-27 4.31772e-26 8.56841e-20 2.10044e-14 6.22399e-10 2.22933e-06 0.000965214 0.0505158 0.319577 0.244693 0.0421343 0.148793 0.13696 0.0245818 0.0216112 0.00694629 0.00229813 0.000685749 0.000178049 3.98978e-05 1.04773e-05 4.27775e-06 2.70608e-06 9.13474e-07
 2.56587e-27 2.5952e-27 3.85994e-26 7.60269e-20 1.86371e-14 5.5225e-10 1.97807e-06 0.000856427 0.0448223 0.283559 0.217207 0.0432385 0.176507 0.162594 0.030203 0.0279853 0.008986 0.0029419 0.000848805 0.000201825 3.85986e-05 6.34982e-06 1.24321e-06 4.95457e-07 1.49992e-07
 2.56723e-27 2.59894e-27 4.19601e-26 8.31168e-20 2.03751e-14 6.0375e-10 2.16253e-06 0.000936294 0.0490023 0.310002 0.237377 0.0418192 0.151536 0.139643 0.0278138 0.0283215 0.00920427 0.00317011 0.000916044 0.000213412 3.78773e-05 5.21767e-06 5.63291e-07 9.35101e-08 2.13969e-08
 2.56922e-27 2.6043e-27 4.66575e-26 9.30263e-20 2.28043e-14 6.75732e-10 2.42036e-06 0.00104792 0.0548445 0.346961 0.265582 0.0408268 0.124166 0.114285 0.021486 0.0202755 0.0067988 0.00268682 0.00080226 0.000194734 3.42428e-05 4.41603e-06 3.75635e-07 2.5969e-08 2.91097e-09
 2.56885e-27 2.60323e-27 4.56408e-26 9.08812e-20 2.22784e-14 6.6015e-10 2.36455e-06 0.00102376 0.0535798 0.338961 0.259487 0.0416973 0.135073 0.124227 0.0210214 0.0166961 0.00545288 0.00196103 0.000614249 0.000167639 3.09329e-05 4.02935e-06 3.18667e-07 1.4775e-08 5.87406e-10
 2.56786e-27 2.60055e-27 4.32912e-26 8.59245e-20 2.10634e-14 6.24145e-10 2.23558e-06 0.000967922 0.0506575 0.320474 0.245379 0.0421942 0.148767 0.136922 0.024333 0.0210418 0.00659776 0.00192074 0.000564234 0.000145588 2.95772e-05 4.18148e-06 3.36995e-07 1.40463e-08 2.96065e-10
 2.56772e-27 2.60019e-27 4.29992e-26 8.53086e-20 2.09124e-14 6.19671e-10 2.21956e-06 0.000960984 0.0502944 0.318176 0.243623 0.0421024 0.149302 0.137452 0.0250945 0.0226547 0.0072346 0.00230397 0.000633821 0.000135409 2.53806e-05 3.74428e-06 3.32144e-07 1.41196e-08 2.48982e-10
 2.56833e-27 2.60187e-27 4.44913e-26 8.84564e-20 2.1684e-14 6.42536e-10 2.30146e-06 0.000996443 0.0521502 0.329917 0.25258 0.0416043 0.139218 0.128156 0.0236024 0.0215959 0.00697606 0.002351 0.000671501 0.000150808 2.44424e-05 3.14506e-06 2.82497e-07 1.30939e-08 2.33067e-10
 2.56839e-27 2.602e-27 4.45758e-26 8.86344e-20 2.17277e-14 6.43829e-10 2.30609e-06 0.000998448 0.0522552 0.330581 0.253091 0.0418586 0.140795 0.129546 0.0226686 0.0191138 0.00618411 0.00211441 0.000617325 0.000146678 2.50529e-05 2.99219e-06 2.3014e-07 1.05947e-08 2.02192e-10
 2.56823e-27 2.60157e-27 4.4186e-26 8.78121e-20 2.15261e-14 6.37856e-10 2.28469e-06 0.000989185 0.0517704 0.327514 0.250751 0.0419999 0.143514 0.132055 0.0231151 0.0194926 0.00617657 0.00190599 0.000553039 0.000133847 2.39393e-05 3.02227e-06 2.22002e-07 8.88813e-09 1.66483e-10
 2.56685e-27 2.5978e-27 4.08384e-26 8.075e-20 1.97949e-14 5.86558e-10 2.10095e-06 0.000909632 0.0476069 0.301174 0.230656 0.0430934 0.165954 0.152741 0.0263869 0.0217484 0.00687942 0.00210346 0.000587228 0.000130771 2.34633e-05 3.08178e-06 2.38882e-07 9.20292e-09 1.53365e-10
 2.56743e-27 2.59942e-27 4.23109e-26 8.38566e-20 2.05564e-14 6.09124e-10 2.18178e-06 0.000944627 0.0494384 0.312761 0.239491 0.0423115 0.153796 0.141604 0.0259014 0.0234436 0.00737566 0.00217253 0.000601917 0.000131326 2.19314e-05 2.78271e-06 2.23317e-07 9.0084e-09 1.44855e-10
 2.56831e-27 2.60177e-27 4.43616e-26 8.81827e-20 2.16169e-14 6.40548e-10 2.29434e-06 0.00099336 0.0519889 0.328896 0.251806 0.0419679 0.142529 0.131139 0.0228115 0.0190356 0.0061145 0.00201681 0.00055915 0.00011813 1.93766e-05 2.32366e-06 1.77411e-07 7.33926e-09 1.22387e-10
 2.56843e-27 2.60204e-27 4.45678e-26 8.86174e-20 2.17235e-14 6.43706e-10 2.30565e-06 0.000998256 0.0522451 0.330517 0.253048 0.0422209 0.143582 0.132042 0.0217472 0.0163702 0.00514223 0.00152917 0.000435742 0.000100672 1.63011e-05 1.89947e-06 1.37789e-07 5.42842e-09 9.1973e-11
 2.56845e-27 2.60212e-27 4.46433e-26 8.87768e-20 2.17625e-14 6.44863e-10 2.30979e-06 0.00100005 0.0523391 0.331112 0.2535 0.0421112 0.14243 0.131004 0.0220275 0.0172647 0.00532194 0.00140853 0.000381093 8.18473e-05 1.41112e-05 1.69971e-06 1.19603e-07 4.47868e-09 7.26406e-11
 2.56827e-27 2.60164e-27 4.42177e-26 8.7879e-20 2.15425e-14 6.38342e-10 2.28643e-06 0.000989938 0.0518098 0.327763 0.250946 0.0422616 0.145368 0.133709 0.0223799 0.0173903 0.00540156 0.00149609 0.00039279 7.55709e-05 1.20493e-05 1.45958e-06 1.0768e-07 3.94457e-09 6.08901e-11
 2.56874e-27 2.60291e-27 4.53463e-26 9.02598e-20 2.21261e-14 6.55636e-10 2.34838e-06 0.00101676 0.0532134 0.336643 0.25772 0.0418769 0.137681 0.126627 0.0213341 0.0167872 0.0052053 0.00142623 0.000379176 7.49582e-05 1.10786e-05 1.21127e-06 8.73506e-08 3.32043e-09 5.05396e-11
 2.56906e-27 2.60375e-27 4.60649e-26 9.17756e-20 2.24977e-14 6.66646e-10 2.38782e-06 0.00103383 0.0541071 0.342296 0.262038 0.0419054 0.134865 0.123971 0.0198296 0.0140229 0.00434327 0.00119564 0.000316921 6.23125e-05 9.40698e-06 9.92327e-07 6.43361e-08 2.35542e-09 3.66769e-11
 2.56949e-27 2.60492e-27 4.70963e-26 9.39515e-20 2.30311e-14 6.82452e-10 2.44443e-06 0.00105834 0.0553899 0.350412 0.26823 0.0416113 0.128276 0.117891 0.0187585 0.0131052 0.00398222 0.000971538 0.000253462 4.99729e-05 7.51026e-06 7.99136e-07 5.0642e-08 1.68672e-09 2.51059e-11
 2.5697e-27 2.60547e-27 4.75655e-26 9.49413e-20 2.32737e-14 6.89642e-10 2.47018e-06 0.00106949 0.0559735 0.354104 0.271048 0.0415968 0.126185 0.115933 0.0178826 0.0115995 0.0035106 0.000840304 0.000211029 3.7537e-05 5.55964e-06 5.90855e-07 3.75397e-08 1.22163e-09 1.67688e-11
 2.56973e-27 2.60554e-27 4.76149e-26 9.50454e-20 2.32992e-14 6.90398e-10 2.47289e-06 0.00107067 0.0560348 0.354492 0.271346 0.0416648 0.126494 0.1162 0.0176081 0.0109034 0.00325813 0.000715122 0.000176138 3.04819e-05 4.17513e-06 4.17055e-07 2.63518e-08 8.57118e-10 1.14684e-11
 2.56988e-27 2.60595e-27 4.79731e-26 9.5801e-20 2.34845e-14 6.95887e-10 2.49255e-06 0.00107918 0.0564803 0.35731 0.273497 0.0416256 0.124684 0.114514 0.0170343 0.0100178 0.00296803 0.000613578 0.000146192 2.34153e-05 3.10826e-06 2.91659e-07 1.70521e-08 5.44309e-10 7.25642e-12
 2.56954e-27 2.60502e-27 4.71531e-26 9.40712e-20 2.30604e-14 6.83322e-10 2.44754e-06 0.00105969 0.0554605 0.350858 0.268574 0.0418195 0.129619 0.119082 0.0180882 0.0112703 0.00332701 0.000659282 0.000153643 2.32164e-05 2.89549e-06 2.55273e-07 1.40527e-08 4.15265e-10 5.37222e-12
 2.56876e-27 2.60292e-27 4.53147e-26 9.01929e-20 2.21097e-14 6.5515e-10 2.34664e-06 0.001016 0.053174 0.336393 0.257535 0.0422259 0.140468 0.129127 0.0204792 0.0141963 0.00423637 0.000901378 0.000210907 3.0609e-05 3.65254e-06 3.00348e-07 1.53584e-08 4.24251e-10 5.10027e-12
#obs catch len freq
 1.63206e-41 2.26519e-33 3.80034e-26 7.707e-20 1.88928e-14 5.59828e-10 2.00521e-06 0.000868189 0.0454375 0.287451 0.220238 0.0443493 0.165649 0.140782 0.0434594 0.0352256 0.0115455 0.00398777 0.000880302 0.000117615 6.92331e-06 1.29122e-07 5.63522e-10 4.61499e-13 6.14135e-17
 1.65416e-41 2.29586e-33 3.85178e-26 7.81134e-20 1.91486e-14 5.67407e-10 2.03236e-06 0.000879942 0.0460527 0.291343 0.223271 0.0463309 0.167288 0.134663 0.0428272 0.0327269 0.010461 0.00338685 0.000683341 7.9847e-05 3.88685e-06 5.65381e-08 1.84237e-10 1.09603e-13 1.04272e-17
 1.92165e-41 2.66712e-33 4.47465e-26 9.07451e-20 2.22451e-14 6.59162e-10 2.36101e-06 0.00102224 0.0534998 0.338455 0.259253 0.0458186 0.133821 0.101674 0.0329621 0.0235064 0.00731376 0.00221853 0.000410246 4.14775e-05 1.65387e-06 1.86941e-08 4.54608e-11 1.96673e-14 1.33996e-18
 1.94721e-41 2.7026e-33 4.53417e-26 9.19521e-20 2.2541e-14 6.6793e-10 2.39242e-06 0.00103583 0.0542114 0.342958 0.262785 0.0489986 0.141705 0.100336 0.0260383 0.015666 0.00469634 0.00132261 0.000223363 1.95049e-05 6.31749e-07 5.51339e-09 9.99244e-12 3.1474e-15 1.5387e-19
 1.99162e-41 2.76424e-33 4.63759e-26 9.40494e-20 2.30551e-14 6.83165e-10 2.44699e-06 0.00105946 0.0554479 0.35078 0.268829 0.0506523 0.138228 0.0920269 0.0250839 0.0138013 0.00321157 0.000753327 0.000114143 8.55089e-06 2.24221e-07 1.50412e-09 2.02528e-12 4.6433e-16 1.63134e-20
 1.79474e-41 2.49098e-33 4.17914e-26 8.47521e-20 2.0776e-14 6.1563e-10 2.20509e-06 0.000954727 0.0499666 0.316105 0.242583 0.0575213 0.174994 0.109142 0.0296253 0.0150023 0.00337687 0.000648313 7.41974e-05 4.55876e-06 9.59747e-08 4.94008e-10 4.93644e-13 8.23001e-17 2.07798e-21
 1.49912e-41 2.08068e-33 3.49077e-26 7.07922e-20 1.73539e-14 5.14227e-10 1.84188e-06 0.000797469 0.0417363 0.26404 0.203152 0.0660294 0.21875 0.130218 0.0463937 0.0230888 0.00486943 0.000842362 7.81415e-05 3.46967e-06 5.49838e-08 2.14632e-10 1.59056e-13 1.92995e-17 3.50397e-22
 2.13013e-41 2.95648e-33 4.9601e-26 1.0059e-19 2.46584e-14 7.30674e-10 2.61716e-06 0.00113314 0.0593039 0.375175 0.287619 0.0519984 0.109248 0.063306 0.0316191 0.0159355 0.00395048 0.000653932 5.20482e-05 1.76874e-06 1.9572e-08 5.42146e-11 2.91806e-14 2.56889e-18 3.3571e-23
 2.01967e-41 2.80317e-33 4.7029e-26 9.53739e-20 2.33798e-14 6.92786e-10 2.48145e-06 0.00107438 0.0562288 0.355723 0.27317 0.0626233 0.148133 0.0744179 0.0179004 0.00780775 0.00244355 0.000439486 3.44191e-05 9.58701e-07 7.7632e-09 1.47253e-11 5.42936e-15 3.35158e-19 3.11316e-24
 2.05622e-41 2.85389e-33 4.788e-26 9.70996e-20 2.38028e-14 7.05322e-10 2.52635e-06 0.00109382 0.0572462 0.36216 0.278221 0.0639877 0.139922 0.0673092 0.021163 0.00738754 0.00126397 0.000222955 1.88489e-05 4.88345e-07 3.15411e-09 4.30731e-12 1.08646e-15 4.53137e-20 2.87434e-25
 1.7724e-41 2.45997e-33 4.12711e-26 8.36969e-20 2.05173e-14 6.07966e-10 2.17763e-06 0.00094284 0.0493445 0.312176 0.240802 0.0796598 0.192893 0.0866055 0.0268 0.0089902 0.00159459 0.000177332 1.15552e-05 2.88964e-07 1.64718e-09 1.77202e-12 3.24793e-16 9.40779e-21 4.06039e-26
 2.06709e-41 2.86898e-33 4.81331e-26 9.76129e-20 2.39287e-14 7.0905e-10 2.5397e-06 0.0010996 0.0575488 0.364078 0.280104 0.0687089 0.132439 0.0597117 0.0263736 0.00838206 0.00140163 0.000143588 6.52355e-06 1.14944e-07 5.53905e-10 5.01221e-13 7.23325e-17 1.55643e-21 4.79321e-27
 1.90295e-41 2.64117e-33 4.43111e-26 8.98619e-20 2.20286e-14 6.52747e-10 2.33803e-06 0.00101229 0.0529792 0.335174 0.258926 0.0845543 0.171388 0.0672653 0.0206466 0.00660253 0.00131951 0.000124708 4.78913e-06 5.94453e-08 1.93815e-10 1.32526e-13 1.51897e-17 2.5591e-22 5.97482e-28
 1.98042e-41 2.74869e-33 4.6115e-26 9.35203e-20 2.29254e-14 6.79322e-10 2.43322e-06 0.0010535 0.055136 0.348821 0.269503 0.083288 0.151341 0.0599634 0.0237244 0.00611618 0.000953587 9.38726e-05 3.36847e-06 3.33918e-08 7.69392e-11 3.51443e-14 2.803e-18 3.47939e-23 6.15012e-29
 1.68375e-41 2.33693e-33 3.92068e-26 7.95106e-20 1.94911e-14 5.77557e-10 2.06872e-06 0.000895682 0.0468765 0.296582 0.231302 0.108331 0.205644 0.0750943 0.0269491 0.00712391 0.00111366 8.43482e-05 2.68025e-06 2.34907e-08 4.2519e-11 1.3934e-14 7.55032e-19 6.30465e-24 7.67472e-30
 1.54191e-41 2.14007e-33 3.59041e-26 7.28129e-20 1.78492e-14 5.28905e-10 1.89445e-06 0.000820232 0.0429277 0.271611 0.213283 0.117802 0.213064 0.0869758 0.0419641 0.00999679 0.00144821 0.000102922 2.58462e-06 1.80663e-08 2.69073e-11 6.90505e-15 2.75404e-19 1.61759e-24 1.34764e-30
 1.78153e-41 2.47265e-33 4.14838e-26 8.41284e-20 2.06231e-14 6.111e-10 2.18886e-06 0.000947701 0.0495989 0.313816 0.245188 0.105935 0.165816 0.0701424 0.0366182 0.010248 0.00158578 9.90021e-05 2.13196e-06 1.16331e-08 1.30574e-11 2.57972e-15 7.92312e-20 3.4957e-25 2.12252e-31
 1.74217e-41 2.41802e-33 4.05672e-26 8.22695e-20 2.01674e-14 5.97597e-10 2.1405e-06 0.000926761 0.048503 0.306901 0.241556 0.121908 0.179585 0.0640697 0.0272143 0.00789913 0.00134641 8.67426e-05 1.61283e-06 7.07386e-09 6.07221e-12 8.83861e-16 1.99336e-20 6.52575e-26 2.95174e-32
 1.76309e-41 2.44706e-33 4.10545e-26 8.32576e-20 2.04096e-14 6.04775e-10 2.1662e-06 0.000937892 0.0490856 0.310602 0.245411 0.126446 0.171369 0.0631781 0.0260316 0.0059539 0.000922069 6.03554e-05 1.06645e-06 3.93603e-09 2.6327e-12 2.88331e-16 4.77416e-21 1.13002e-26 3.68267e-33
 1.73002e-41 2.40115e-33 4.02842e-26 8.16956e-20 2.00267e-14 5.93428e-10 2.12556e-06 0.000920296 0.0481647 0.304802 0.242768 0.137743 0.17368 0.0618453 0.0241206 0.00525563 0.00066114 3.62088e-05 5.82245e-07 1.8965e-09 1.04259e-12 8.83984e-17 1.09453e-21 1.90172e-27 4.49411e-34
 1.81453e-41 2.51845e-33 4.22523e-26 8.56867e-20 2.10051e-14 6.22419e-10 2.22941e-06 0.000965255 0.0505178 0.319706 0.254874 0.135533 0.154887 0.0570418 0.0216166 0.00435058 0.000483702 2.104e-05 2.6637e-07 7.17969e-10 3.2725e-13 2.23211e-17 2.14477e-22 2.80703e-28 4.89568e-35
 1.78277e-41 2.47437e-33 4.15127e-26 8.41869e-20 2.06374e-14 6.11525e-10 2.19038e-06 0.00094836 0.0496336 0.314156 0.253136 0.149008 0.157832 0.053147 0.0182446 0.00353219 0.000347877 1.24406e-05 1.2015e-07 2.42992e-10 8.52741e-14 4.55629e-18 3.42323e-23 3.45825e-29 4.57942e-36
 1.79381e-41 2.48969e-33 4.17697e-26 8.47081e-20 2.07652e-14 6.15311e-10 2.20394e-06 0.000954231 0.049941 0.316144 0.256523 0.153672 0.150558 0.0524123 0.0167251 0.00281678 0.000244461 7.30668e-06 5.4884e-08 8.2271e-11 2.10167e-14 8.23448e-19 4.60517e-24 3.5e-30 3.49898e-37
 1.79079e-41 2.4855e-33 4.16994e-26 8.45655e-20 2.07302e-14 6.14275e-10 2.20023e-06 0.000952625 0.0498571 0.315674 0.258675 0.161256 0.146098 0.0499072 0.0150474 0.002355 0.000171123 4.16493e-06 2.46403e-08 2.78321e-11 5.19365e-15 1.46244e-19 5.85418e-25 3.19828e-31 2.3164e-38
 1.8167e-41 2.52146e-33 4.23027e-26 8.5789e-20 2.10302e-14 6.23163e-10 2.23207e-06 0.000966408 0.0505786 0.320305 0.264484 0.164747 0.137603 0.0463985 0.0129407 0.00185496 0.000116626 2.26834e-06 1.03172e-08 8.80462e-12 1.21627e-15 2.48896e-20 7.14873e-26 2.78145e-32 1.43028e-39
 1.754e-41 2.43443e-33 4.08427e-26 8.28282e-20 2.03043e-14 6.01655e-10 2.15503e-06 0.000933054 0.0488333 0.309385 0.260622 0.179823 0.140807 0.0461209 0.0118522 0.00153718 8.27609e-05 1.30438e-06 4.54725e-09 2.88486e-12 2.93007e-16 4.37797e-21 9.10969e-27 2.54823e-33 9.36133e-41
 1.67753e-41 2.3283e-33 3.90621e-26 7.92171e-20 1.94192e-14 5.75425e-10 2.06108e-06 0.000892377 0.046705 0.296077 0.255551 0.194231 0.144748 0.0487601 0.0116323 0.00134098 6.09998e-05 7.73537e-07 2.08136e-09 9.8635e-13 7.32585e-17 7.92331e-22 1.18874e-27 2.39261e-34 6.31033e-42
 1.6697e-41 2.31743e-33 3.88797e-26 7.88471e-20 1.93285e-14 5.72737e-10 2.05145e-06 0.000888209 0.0464874 0.294852 0.258254 0.197474 0.140046 0.0493975 0.0113585 0.00119391 4.54193e-05 4.57901e-07 9.46165e-10 3.35969e-13 1.83642e-17 1.44255e-22 1.55799e-28 2.2459e-35 4.23218e-43
#spawning biomass
 5090.8 6370.57 7546.78 10737 15297.7 17520.2 15826.7 21278.4 33459.3 49661.5 60395.7 76896.3 98102 122259 124798 107051 98088.1 93241.9 97496.7 100206 102767 100683 107455 115208 119201 115944 127023 150658 221552 365267 392940 370624 325117 274073 227127 188197 157902 135303 118938 107339 99247 93662.3 89816.2 87169.8 85417 84255.9 83486.9 82977.5 82640.1 82416.7 82268.6 82170.6 82105.6 82062.6 82034.1 82015.3 82002.8 81994.5 81989 81985.4 81983 81981.4 81980.3 81979.6 81979.1 81978.8 81978.6 81978.5 81978.4 81978.4 81978.3 81978.3 81978.3 81978.3 81978.3 81978.3 81978.2 81978.2 81978.2 81978.2 81978.2 81978.2 81978.2 81978.2 81978.2 81978.2 81978.2 81978.2 81978.2 81978.2 81978.2 81978.2 81978.2 81978.2 81978.2 81978.2 81978.2 81978.2 81978.2 81978.2 81978.2 81978.2 81978.2 81978.2 81978.2 81978.2 81978.2 81978.2 81978.2 81978.2 81978.2 81978.2 81978.2 81978.2 81978.2 81978.2 81978.2 81978.2 81978.2 81978.2 81978.2 81978.2 81978.2 81978.2 81978.2 81978.2 81978.2 81978.2 0 0 0 0 0 0 0 0 0 0 0 0 0 0 0 0 0 0 0 0 0 0 0 0 0
