SBPRF35
0.359729
Curr Bio
214725
B35
562287
F35
0.381018
FOFL
0.117847
OFL
12853.5
Bzero
102780
#pred survey bio
 7236 6357.62 4923.49 6328.4 8867.79 14004.1 19278.6 29014.6 44636.5 62638.2 92034.2 110216 149339 204622 188496 183468 172911 173069 181130 205343 206924 194957 232692 291552 323722 301495 275307 312953 260308 8.36494e+06 7.04225e+06 6.11098e+06 4.65324e+06 3.37436e+06 2.44862e+06 1.84126e+06 1.46357e+06 1.23485e+06 1.09741e+06 1.01434e+06 963321 931296 910694 897048 887629 881302 876977 873980 871884 870406 869359 868614 868084 867705 867434 867240 867101 867001 866930 866879 866842 866816 866797 866784 866774 866767 866762 866758 866756 866754 866753 866752 866751 866751 866750 866750 866750 866750 866750 866750 866750 866749 866749 866749 866749 866749 866749 866749 866749 866749 866749 866749 866749 866749 866749 866749 866749 866749 866749 866749 866749 866749 866749 866749 866749 866749 866749 866749 866749 866749 866749 866749 866749 866749 866749 866749 866749 866749 866749 866749 866749 866749 866749 866749 866749 866749 866749 866749 866749 0 0 0 0 0 0 0 0 0 0 0 0 0 0 0 0 0 0 0 0 0 0 0 0 0
#obs survey bio
 6268.88 4535.5 5874.22 5574.61 6096.85 13816.2 21925.7 28495.2 37670.2 59446.6 89178.4 77379.8 95324.2 136868 145737 151498 142114 131047 124560 166402 197916 190543 281779 249345 215125 205472 189646 195015 261870
#pred catch bio
 3556.51 3759 2686.7 3574.63 4714.41 8340.51 11045.7 15965.8 26714.7 36618.7 60092 70551.1 90231.1 146126 135623 135319 126891 123962 125820 145936 155230 142306 162380 213086 245345 231524 198013 246076 206903 12853.5 88059.1 75104.4 54898.6 37886.7 26059.7 18667 14347 11935.3 10631.7 9943.39 9586.28 9403.41 9310.68 9263.94 9240.32 9228.75 9223.09 9220.31 9218.95 9218.28 9217.96 9217.79 9217.72 9217.68 9217.66 9217.65 9217.65 9217.64 9217.64 9217.64 9217.64 9217.64 9217.64 9217.64 9217.64 9217.64 9217.64 9217.64 9217.64 9217.64 9217.64 9217.64 9217.64 9217.64 9217.64 9217.64 9217.64 9217.64 9217.64 9217.64 9217.64 9217.64 9217.64 9217.64 9217.64 9217.64 9217.64 9217.64 9217.64 9217.64 9217.64 9217.64 9217.64 9217.64 9217.64 9217.64 9217.64 9217.64 9217.64 9217.64 9217.64 9217.64 9217.64 9217.64 9217.64 9217.64 9217.64 9217.64 9217.64 9217.64 9217.64 9217.64 9217.64 9217.64 9217.64 9217.64 9217.64 9217.64 9217.64 9217.64 9217.64 9217.64 9217.64 9217.64 9217.64 9217.64 9217.64 9217.64 9217.64 0 0 0 0 0 0 0 0 0 0 0 0 0 0 0 0 0 0 0 0 0 0 0 0 0
#obs catch bio
 5042.22 4059.98 2780.17 3406 4388.93 7865.97 10263.2 14610.5 23983.7 33193.5 53578 66114.6 85575.6 151748 136477 140089 132104 125188 127847 143294 136869 134604 151157 199326 247768 225691 176464 243910 203448
#pred cpue bio
 5562.7 5252.73 3716.16 4085.53 5660 8798.9 12072.1 17919.6 28044.4 38759.4 56859.4 68659 89424 128386 120289 112696 105347 103548 109816 124002 128512 115887 130862 170077 187789 180002 161806 182867 154118 4.66427e+06 6.84009e+06 6.02383e+06 4.56675e+06 3.28786e+06 2.36212e+06 1.75476e+06 1.37707e+06 1.14835e+06 1.01092e+06 927841 876823 844798 824196 810550 801131 794804 790479 787482 785386 783908 782861 782116 781586 781207 780936 780742 780603 780503 780432 780381 780344 780318 780299 780286 780276 780269 780264 780260 780258 780256 780255 780254 780253 780253 780252 780252 780252 780252 780252 780251 780251 780251 780251 780251 780251 780251 780251 780251 780251 780251 780251 780251 780251 780251 780251 780251 780251 780251 780251 780251 780251 780251 780251 780251 780251 780251 780251 780251 780251 780251 780251 780251 780251 780251 780251 780251 780251 780251 780251 780251 780251 780251 780251 780251 780251 780251 780251 780251 780251 0 0 0 0 0 0 0 0 0 0 0 0 0 0 0 0 0 0 0 0 0 0 0 0 0
#obs cpue bio
 7072.36 4321.94 3695.67 5968.44 10442.5 11807.1 13970.7 27488.5 49648.9 60964.5 94632.7 110546 165804 153572 168558 113298 112835 130068 141718 185210 243868 138989 143512 259045 254808 305660 390412 283132 170888
#pred surv len freq
 1.53609e-11 1.66801e-09 1.06788e-07 4.0307e-06 8.96975e-05 0.00117686 0.0091043 0.0415425 0.112005 0.180044 0.180183 0.133057 0.100727 0.0807838 0.0559405 0.0351921 0.0225056 0.0145177 0.0095854 0.00667308 0.00500501 0.00410946 0.00350972 0.00268423 0.00155948
 1.16017e-11 1.25981e-09 8.06539e-08 3.04428e-06 6.77465e-05 0.000888881 0.00687733 0.0314015 0.0849461 0.13883 0.149688 0.138848 0.140183 0.125369 0.0828023 0.044648 0.0237973 0.0130431 0.00725443 0.00417722 0.00256912 0.00176008 0.00132748 0.000962415 0.000555671
 1.49374e-11 1.62203e-09 1.03844e-07 3.91958e-06 8.72245e-05 0.00114442 0.00885346 0.0404011 0.108972 0.175523 0.177339 0.135445 0.108473 0.0904848 0.0645025 0.0409847 0.0241888 0.0124321 0.0057488 0.00264469 0.00127729 0.000677184 0.000410384 0.000262065 0.000143905
 1.81619e-11 1.97216e-09 1.2626e-07 4.76568e-06 0.000106053 0.00139145 0.010764 0.0491075 0.132291 0.211757 0.207692 0.142098 0.092786 0.0660073 0.040931 0.0217268 0.0115763 0.00626504 0.00315535 0.00139901 0.000555814 0.000218622 9.57013e-05 4.77713e-05 2.31252e-05
 1.79316e-11 1.94716e-09 1.24659e-07 4.70524e-06 0.000104708 0.00137381 0.0106276 0.0484887 0.130667 0.209507 0.207131 0.146071 0.100844 0.0729528 0.0421547 0.0181913 0.0070029 0.00283157 0.00120684 0.000520339 0.000209278 7.41162e-05 2.42417e-05 8.35421e-06 3.10287e-06
 1.82353e-11 1.98013e-09 1.2677e-07 4.78493e-06 0.000106482 0.00139707 0.0108076 0.0493078 0.132852 0.212823 0.20953 0.145438 0.0974862 0.0695399 0.0408008 0.0184552 0.00738738 0.00274455 0.000903799 0.00028213 9.12983e-05 2.95973e-05 8.79175e-06 2.34861e-06 6.07358e-07
 1.82007e-11 1.97637e-09 1.26529e-07 4.77585e-06 0.000106279 0.00139442 0.0107871 0.0492151 0.132612 0.21252 0.209613 0.146491 0.0993651 0.070931 0.0405684 0.0170928 0.00616514 0.00215763 0.000702706 0.000204508 5.30292e-05 1.26928e-05 2.96885e-06 6.65541e-07 1.35092e-07
 1.84637e-11 2.00494e-09 1.28358e-07 4.84487e-06 0.000107815 0.00141457 0.0109429 0.0499247 0.134505 0.215406 0.211755 0.146116 0.0966898 0.0680181 0.0390502 0.0168018 0.00622129 0.00215387 0.000657759 0.000176688 4.29231e-05 9.22412e-06 1.72467e-06 2.88381e-07 4.45241e-08
 1.81651e-11 1.97251e-09 1.26282e-07 4.76652e-06 0.000106072 0.0013917 0.010766 0.049119 0.132352 0.212103 0.209193 0.146183 0.0991887 0.0709984 0.0409976 0.017701 0.00660218 0.00232005 0.00072246 0.000194704 4.55322e-05 9.0977e-06 1.54571e-06 2.21983e-07 2.68278e-08
 1.84081e-11 1.9989e-09 1.27971e-07 4.83027e-06 0.000107491 0.00141031 0.0109099 0.0497747 0.134107 0.214811 0.211376 0.146397 0.0975628 0.0688352 0.0392798 0.0165758 0.00596166 0.00203717 0.000629322 0.000170716 4.04166e-05 8.08251e-06 1.33136e-06 1.78122e-07 1.91615e-08
 1.84307e-11 2.00135e-09 1.28128e-07 4.8362e-06 0.000107623 0.00141204 0.0109233 0.0498358 0.13427 0.215063 0.21158 0.146422 0.097422 0.0686515 0.039143 0.0164865 0.00589373 0.00198457 0.000597228 0.000157092 3.64748e-05 7.27565e-06 1.2045e-06 1.60423e-07 1.67085e-08
 1.82138e-11 1.9778e-09 1.26621e-07 4.7793e-06 0.000106356 0.00139543 0.0107949 0.0492511 0.132714 0.212726 0.210014 0.147283 0.100478 0.0716499 0.040239 0.0160202 0.00515269 0.00157249 0.000450115 0.000115262 2.60566e-05 5.0492e-06 8.17559e-07 1.07865e-07 1.12046e-08
 1.89088e-11 2.05327e-09 1.31452e-07 4.96167e-06 0.000110415 0.00144867 0.0112066 0.0511264 0.137721 0.22038 0.215812 0.146665 0.0939562 0.0642374 0.0358844 0.0145653 0.00485514 0.00149871 0.000408402 9.53609e-05 1.98145e-05 3.64536e-06 5.70576e-07 7.31687e-08 7.43354e-09
 1.8099e-11 1.96533e-09 1.25822e-07 4.74917e-06 0.000105686 0.00138663 0.0107269 0.0489412 0.131885 0.211444 0.208974 0.147159 0.101214 0.0726656 0.041095 0.016616 0.00548375 0.00169132 0.000468889 0.000111471 2.27571e-05 3.92235e-06 5.65158e-07 6.77916e-08 6.58744e-09
 1.77192e-11 1.92409e-09 1.23182e-07 4.6495e-06 0.000103468 0.00135753 0.0105019 0.0479168 0.129154 0.207306 0.206012 0.148066 0.105649 0.0773038 0.0432568 0.0166309 0.00493238 0.00135324 0.00035067 8.11403e-05 1.65159e-05 2.86361e-06 4.07705e-07 4.66451e-08 4.22411e-09
 1.84254e-11 2.00078e-09 1.28092e-07 4.83483e-06 0.000107592 0.00141164 0.0109203 0.0498224 0.134243 0.215088 0.21193 0.14751 0.0991288 0.069835 0.0387843 0.0150368 0.00454196 0.0012489 0.000308134 6.46108e-05 1.18801e-05 1.93678e-06 2.69524e-07 3.0644e-08 2.73687e-09
 1.85232e-11 2.0114e-09 1.28772e-07 4.86048e-06 0.000108163 0.00141913 0.0109782 0.0500865 0.134952 0.216203 0.212926 0.14792 0.0989659 0.0692805 0.0379326 0.0141087 0.00388305 0.00095454 0.000221805 4.56684e-05 8.15087e-06 1.23802e-06 1.5684e-07 1.64988e-08 1.41133e-09
 1.88256e-11 2.04424e-09 1.30874e-07 4.93984e-06 0.000109929 0.0014423 0.0111574 0.0509026 0.137131 0.219539 0.215474 0.14772 0.0962328 0.0661212 0.0360008 0.0133713 0.00366711 0.000885445 0.000195657 3.68976e-05 5.98973e-06 8.54102e-07 1.03598e-07 1.02791e-08 8.12325e-10
 1.86075e-11 2.02055e-09 1.29357e-07 4.88259e-06 0.000108655 0.00142558 0.0110281 0.0503138 0.135558 0.21713 0.213627 0.147841 0.0981702 0.0683831 0.0374173 0.0139477 0.00385112 0.000938194 0.000208205 3.89788e-05 6.13301e-06 8.19536e-07 9.11468e-08 8.33997e-09 6.18532e-10
 1.86993e-11 2.03052e-09 1.29995e-07 4.90668e-06 0.000109191 0.00143262 0.0110825 0.0505614 0.136217 0.218122 0.214303 0.147512 0.096932 0.067156 0.0369515 0.0141075 0.00412052 0.0010792 0.000251133 4.80922e-05 7.65394e-06 1.02267e-06 1.11458e-07 9.71508e-09 6.69776e-10
 1.81973e-11 1.97601e-09 1.26506e-07 4.77498e-06 0.00010626 0.00139417 0.0107852 0.0492072 0.132602 0.2126 0.210138 0.148017 0.101733 0.0725781 0.0400908 0.0150929 0.0042607 0.00107813 0.000251545 5.03318e-05 8.5017e-06 1.18834e-06 1.32605e-07 1.16323e-08 7.92311e-10
 1.893e-11 2.05557e-09 1.316e-07 4.96723e-06 0.000110538 0.00145029 0.0112192 0.0511842 0.137883 0.220691 0.21636 0.147669 0.095315 0.0650435 0.0353169 0.0130839 0.00357218 0.000860135 0.000191543 3.68223e-05 6.07505e-06 8.58884e-07 9.9917e-08 9.19639e-09 6.48608e-10
 1.9763e-11 2.14602e-09 1.3739e-07 5.18579e-06 0.000115402 0.0015141 0.0117127 0.0534317 0.143886 0.229881 0.223395 0.147165 0.087853 0.0563681 0.0299356 0.0109526 0.00292554 0.000680745 0.000146212 2.69783e-05 4.23539e-06 5.71022e-07 6.43142e-08 5.88214e-09 4.24055e-10
 1.92135e-11 2.08635e-09 1.3357e-07 5.04161e-06 0.000112194 0.00147201 0.0113871 0.0519492 0.139927 0.223828 0.218797 0.147616 0.0929556 0.0622102 0.0334347 0.0121919 0.0032047 0.000725876 0.00015175 2.7228e-05 4.12568e-06 5.33281e-07 5.72925e-08 4.99431e-09 3.46637e-10
 1.9297e-11 2.09542e-09 1.34151e-07 5.06352e-06 0.000112681 0.00147841 0.0114366 0.0521745 0.140529 0.224751 0.219509 0.147582 0.0922339 0.0613581 0.0328882 0.0119541 0.00311812 0.000696653 0.000143197 2.51333e-05 3.69759e-06 4.62418e-07 4.79423e-08 4.01218e-09 2.66073e-10
 1.8824e-11 2.04406e-09 1.30863e-07 4.93941e-06 0.000109919 0.00144217 0.0111564 0.0508984 0.137123 0.21955 0.215602 0.148112 0.0968406 0.0665255 0.0358319 0.0128149 0.00318298 0.000655177 0.000125703 2.12645e-05 3.05353e-06 3.7282e-07 3.7599e-08 3.0466e-09 1.94924e-10
 1.90817e-11 2.07204e-09 1.32654e-07 5.00702e-06 0.000111424 0.00146191 0.0113091 0.0515936 0.138979 0.222386 0.217745 0.147864 0.0943931 0.0637526 0.0342133 0.0122907 0.00309654 0.000650157 0.000124685 2.02728e-05 2.71555e-06 3.09998e-07 2.98835e-08 2.3479e-09 1.46067e-10
 1.91948e-11 2.08433e-09 1.33441e-07 5.03672e-06 0.000112085 0.00147058 0.0113761 0.0518988 0.139792 0.223616 0.21861 0.147546 0.0930008 0.0623282 0.0336004 0.0123627 0.00331888 0.000770177 0.000160162 2.72148e-05 3.7255e-06 4.22648e-07 3.91027e-08 2.88833e-09 1.69493e-10
 1.89479e-11 2.05752e-09 1.31724e-07 4.97193e-06 0.000110643 0.00145167 0.0112298 0.0512329 0.138017 0.220926 0.216689 0.148146 0.0958964 0.0653409 0.0349757 0.0123356 0.00295055 0.000567987 0.00010342 1.73983e-05 2.53652e-06 3.08507e-07 2.98178e-08 2.23295e-09 1.28809e-10
#obs surv len freq
 1.10157e-11 1.19617e-09 7.658e-08 2.89052e-06 6.43248e-05 0.000843986 0.00653003 0.0298171 0.0806779 0.132005 0.143084 0.134911 0.139774 0.12967 0.0914557 0.0538661 0.0301477 0.0158306 0.00732629 0.00284932 0.00088968 0.000213004 3.73186e-05 4.57487e-06 3.77413e-07
 6.72884e-12 7.30673e-10 4.67783e-08 1.76566e-06 3.92929e-05 0.000515582 0.00399039 0.0182493 0.0497611 0.0844263 0.105123 0.131645 0.168175 0.167736 0.123043 0.0746568 0.0407639 0.0196324 0.00821752 0.00294481 0.000855542 0.000188962 3.0122e-05 3.32709e-06 2.46318e-07
 1.75077e-11 1.90113e-09 1.21712e-07 4.59401e-06 0.000102233 0.00134133 0.0103763 0.0473394 0.127525 0.20406 0.199608 0.134852 0.0866392 0.0655488 0.0499397 0.0348787 0.0211586 0.0105202 0.00425348 0.00140073 0.000367183 7.34152e-05 1.06425e-05 1.06744e-06 7.1435e-08
 1.60474e-11 1.74255e-09 1.1156e-07 4.21083e-06 9.37064e-05 0.00122948 0.0095119 0.0434143 0.117193 0.189353 0.193309 0.150605 0.119496 0.090768 0.0511702 0.0209509 0.00778787 0.00322972 0.00131609 0.000436811 0.000109325 2.00266e-05 2.61442e-06 2.35678e-07 1.42116e-08
 1.65625e-11 1.79849e-09 1.15141e-07 4.346e-06 9.67144e-05 0.00126894 0.00981722 0.0448068 0.120931 0.195172 0.198008 0.150599 0.114699 0.0853847 0.0488489 0.0205665 0.00701654 0.00207022 0.000542034 0.00013276 2.92264e-05 5.04083e-06 6.15776e-07 5.08495e-08 2.7705e-09
 1.62527e-11 1.76485e-09 1.12987e-07 4.2647e-06 9.49054e-05 0.00124522 0.00963404 0.0439778 0.118775 0.192239 0.197121 0.154137 0.120552 0.0887254 0.0481403 0.0182547 0.00536753 0.00136764 0.000300789 5.47632e-05 8.26893e-06 1.04189e-06 1.04599e-07 7.67527e-09 3.81955e-10
 1.55723e-11 1.69097e-09 1.08257e-07 4.08618e-06 9.09329e-05 0.00119311 0.00923139 0.0421497 0.113951 0.185194 0.192824 0.156802 0.127793 0.0947338 0.0506677 0.0186848 0.00520605 0.00120481 0.000230375 3.49727e-05 4.17855e-06 3.90759e-07 2.80892e-08 1.51673e-09 5.9498e-11
 1.73325e-11 1.88211e-09 1.20494e-07 4.54807e-06 0.000101211 0.00132796 0.0102742 0.0468992 0.126632 0.204566 0.207459 0.15522 0.111553 0.0764543 0.0397251 0.0145763 0.00407577 0.00093367 0.000171104 2.39016e-05 2.50771e-06 1.96242e-07 1.12613e-08 4.64958e-10 1.35846e-11
 1.53708e-11 1.66909e-09 1.06856e-07 4.03331e-06 8.97568e-05 0.00117771 0.00911296 0.0416225 0.112665 0.183911 0.19402 0.161398 0.131951 0.0947496 0.0480102 0.01631 0.00401862 0.00080434 0.000134442 1.77892e-05 1.77443e-06 1.29082e-07 6.652e-09 2.37435e-10 5.77886e-12
 1.72573e-11 1.87394e-09 1.19972e-07 4.52834e-06 0.000100773 0.00132223 0.0102305 0.046711 0.126235 0.204545 0.209275 0.159005 0.114197 0.0755451 0.0369112 0.0122952 0.00296152 0.000563853 8.588e-05 1.0012e-05 8.73163e-07 5.65305e-08 2.65315e-09 8.70642e-11 1.9341e-12
 1.61148e-11 1.74988e-09 1.12029e-07 4.22855e-06 9.4102e-05 0.00123474 0.00955472 0.0436464 0.118182 0.192951 0.202736 0.164542 0.127096 0.0852855 0.0399269 0.0119834 0.00237381 0.000343905 4.06667e-05 3.99104e-06 3.07166e-07 1.75989e-08 7.24146e-10 2.0806e-11 4.08235e-13
 1.58287e-11 1.71881e-09 1.1004e-07 4.15349e-06 9.2432e-05 0.00121285 0.009386 0.0428871 0.116237 0.190386 0.201901 0.166608 0.129798 0.0864641 0.0401109 0.0120651 0.00244045 0.000361778 4.14591e-05 3.57844e-06 2.2333e-07 1.00625e-08 3.32233e-10 7.97478e-12 1.34685e-13
 1.69709e-11 1.84284e-09 1.1798e-07 4.4532e-06 9.91017e-05 0.00130036 0.0100629 0.045971 0.124478 0.202985 0.21137 0.165383 0.119044 0.0746134 0.0331348 0.00949886 0.00178917 0.000240168 2.49069e-05 2.00472e-06 1.1922e-07 5.04862e-09 1.49521e-10 3.04908e-12 4.21996e-14
 1.26925e-11 1.37826e-09 8.82377e-08 3.33059e-06 7.41219e-05 0.000972734 0.00753201 0.0344897 0.0942393 0.158935 0.184251 0.180382 0.16157 0.110822 0.0497529 0.0140384 0.00257182 0.000330881 3.22328e-05 2.3924e-06 1.29496e-07 4.96126e-09 1.33457e-10 2.49481e-12 3.17397e-14
 1.5868e-11 1.72308e-09 1.10313e-07 4.16381e-06 9.26634e-05 0.00121596 0.00941202 0.0430352 0.116885 0.192563 0.206589 0.171379 0.129427 0.0812946 0.0355768 0.010214 0.0019947 0.000284019 3.02861e-05 2.32989e-06 1.23789e-07 4.48409e-09 1.11275e-10 1.89011e-12 2.16932e-14
 1.40335e-11 1.52387e-09 9.75599e-08 3.68247e-06 8.19538e-05 0.00107554 0.00832839 0.0381353 0.104113 0.17459 0.197274 0.18059 0.148262 0.0946854 0.040105 0.0106864 0.00183124 0.000217026 1.94083e-05 1.35143e-06 7.05056e-08 2.61805e-09 6.67025e-11 1.13486e-12 1.2633e-14
 1.5731e-11 1.70821e-09 1.09361e-07 4.12792e-06 9.18665e-05 0.00120559 0.00933391 0.0427098 0.116265 0.192753 0.209615 0.176179 0.13114 0.0786082 0.0321381 0.00837037 0.00140812 0.00016266 1.37718e-05 8.66435e-07 3.9176e-08 1.23879e-09 2.72855e-11 4.17935e-13 4.38007e-15
 1.49631e-11 1.62482e-09 1.04023e-07 3.92644e-06 8.73846e-05 0.00114686 0.00888162 0.0406766 0.111052 0.185758 0.206705 0.180502 0.138053 0.0829187 0.0336937 0.00880282 0.00151755 0.000183708 1.63224e-05 1.05087e-06 4.70677e-08 1.43047e-09 2.93423e-11 4.05244e-13 3.73517e-15
 1.42179e-11 1.5439e-09 9.88428e-08 3.73095e-06 8.30366e-05 0.00108991 0.0084435 0.0387132 0.106064 0.179254 0.204499 0.185316 0.144793 0.0865556 0.0345996 0.0088807 0.00150776 0.000180315 1.5878e-05 1.01874e-06 4.58401e-08 1.40754e-09 2.90794e-11 3.99026e-13 3.58083e-15
 1.57107e-11 1.706e-09 1.0922e-07 4.12265e-06 9.17535e-05 0.00120427 0.00932762 0.0427326 0.116705 0.19494 0.214454 0.180149 0.129313 0.0733473 0.0287736 0.00745954 0.00131612 0.000166245 1.52844e-05 9.95468e-07 4.44656e-08 1.34155e-09 2.71679e-11 3.65737e-13 3.22435e-15
 1.43587e-11 1.55919e-09 9.98222e-08 3.76798e-06 8.38649e-05 0.00110094 0.0085325 0.0391657 0.107608 0.182916 0.209971 0.18864 0.142106 0.0806597 0.0305122 0.00738578 0.00117314 0.000130131 1.06602e-05 6.48411e-07 2.82739e-08 8.51315e-10 1.7225e-11 2.29351e-13 1.97613e-15
 1.64449e-11 1.78573e-09 1.14325e-07 4.31538e-06 9.60458e-05 0.00126071 0.00976679 0.0447648 0.12234 0.204273 0.222794 0.180845 0.121423 0.0635337 0.0227783 0.00525159 0.000783369 7.92786e-05 5.74062e-06 3.02928e-07 1.14246e-08 3.0031e-10 5.41761e-12 6.61663e-14 5.37026e-16
 1.55333e-11 1.68674e-09 1.07989e-07 4.07629e-06 9.07295e-05 0.00119113 0.00923246 0.0423792 0.116319 0.196478 0.220013 0.186018 0.128957 0.0681298 0.0244819 0.00571989 0.000883948 9.43315e-05 7.13963e-06 3.78961e-07 1.37106e-08 3.31995e-10 5.35592e-12 5.74783e-14 4.07745e-16
 1.59271e-11 1.72951e-09 1.10727e-07 4.1797e-06 9.30336e-05 0.00122146 0.00946881 0.0434756 0.119363 0.201474 0.224238 0.185852 0.124403 0.0631113 0.0217145 0.0048127 0.000693903 6.80849e-05 4.75629e-06 2.38955e-07 8.42511e-09 2.02138e-10 3.2263e-12 3.36918e-14 2.26999e-16
 1.49607e-11 1.62458e-09 1.0401e-07 3.92628e-06 8.7401e-05 0.00114782 0.00890487 0.0409752 0.113163 0.193861 0.222522 0.192379 0.132237 0.0668354 0.0224133 0.00476311 0.000645238 5.79007e-05 3.6097e-06 1.60335e-07 5.0251e-09 1.0844e-10 1.57982e-12 1.53169e-14 9.74032e-17
 1.40923e-11 1.53029e-09 9.7975e-08 3.69861e-06 8.23427e-05 0.00108174 0.00839962 0.0387416 0.107647 0.187073 0.220664 0.197298 0.138539 0.0705307 0.0238826 0.00522646 0.000751844 7.34777e-05 4.9642e-06 2.29246e-07 7.06605e-09 1.43071e-10 1.89551e-12 1.64441e-14 9.31906e-17
 1.6597e-11 1.80227e-09 1.15387e-07 4.3558e-06 9.69645e-05 0.00127342 0.00987803 0.0454158 0.12497 0.211244 0.233087 0.185669 0.114826 0.0530014 0.0166596 0.00338657 0.000445845 3.93514e-05 2.42184e-06 1.05377e-07 3.18479e-09 6.49281e-11 8.71043e-13 7.5516e-15 4.17324e-17
 1.36349e-11 1.48063e-09 9.47995e-08 3.57907e-06 7.97013e-05 0.0010477 0.00814821 0.0377255 0.105726 0.186804 0.225323 0.203361 0.139302 0.0669793 0.0208791 0.00407728 0.000500888 3.98873e-05 2.1461e-06 8.0434e-08 2.10594e-09 3.78503e-11 4.57636e-13 3.66212e-15 1.91127e-17
 1.28578e-11 1.39627e-09 8.94014e-08 3.37559e-06 7.51876e-05 0.000988954 0.00770269 0.0357908 0.101132 0.181698 0.224945 0.208116 0.144011 0.0691412 0.0215468 0.0042604 0.000540721 4.52892e-05 2.56063e-06 9.79009e-08 2.49182e-09 4.15122e-11 4.4887e-13 3.14671e-15 1.42996e-17
#pred catch len freq
 1.09494e-11 1.18897e-09 7.61189e-08 2.87311e-06 6.39372e-05 0.000838898 0.00649052 0.0296334 0.0801351 0.130743 0.139947 0.127445 0.127123 0.116096 0.0831237 0.0527573 0.0338512 0.0218595 0.0144358 0.01005 0.00753784 0.00618909 0.00528584 0.00404261 0.00234866
 7.73335e-12 8.39749e-10 5.37616e-08 2.02924e-06 4.51583e-05 0.000592534 0.0045855 0.020961 0.0570302 0.0958414 0.115556 0.137137 0.16848 0.160746 0.107791 0.0584144 0.0312267 0.0171367 0.00953399 0.00549003 0.00337654 0.00231324 0.00174467 0.00126488 0.000730306
 1.08567e-11 1.17891e-09 7.54747e-08 2.8488e-06 6.33962e-05 0.000831803 0.00643574 0.029386 0.0795035 0.130015 0.140575 0.131561 0.135214 0.125965 0.0923044 0.0590665 0.0349493 0.0179779 0.00831495 0.00382534 0.00184751 0.000979494 0.000593589 0.000379057 0.000208148
 1.50562e-11 1.63493e-09 1.0467e-07 3.95075e-06 8.79184e-05 0.00115353 0.00892401 0.0407257 0.109882 0.177272 0.18042 0.141085 0.116093 0.0949495 0.0612377 0.0328057 0.0175307 0.00949693 0.00478409 0.0021212 0.000842736 0.000331479 0.000145104 7.24316e-05 3.50628e-05
 1.45754e-11 1.58272e-09 1.01327e-07 3.82459e-06 8.51108e-05 0.0011167 0.00863933 0.0394323 0.106471 0.172405 0.178441 0.147144 0.12942 0.106799 0.06395 0.027833 0.0107531 0.00435654 0.00185798 0.000801169 0.000322229 0.000114118 3.73253e-05 1.28631e-05 4.77753e-06
 1.5418e-11 1.67421e-09 1.07185e-07 4.04569e-06 9.00311e-05 0.00118125 0.00913851 0.0417055 0.112539 0.181659 0.185357 0.146095 0.121122 0.0977959 0.0593865 0.0270749 0.0108665 0.00404195 0.00133157 0.000415693 0.00013452 4.36088e-05 1.29538e-05 3.46044e-06 8.94882e-07
 1.52269e-11 1.65346e-09 1.05856e-07 3.99555e-06 8.89153e-05 0.00116661 0.00902535 0.0411909 0.111176 0.179665 0.184284 0.1477 0.125099 0.101272 0.0599584 0.0254654 0.00921251 0.00322939 0.00105239 0.000306316 7.9429e-05 1.90116e-05 4.44683e-06 9.96865e-07 2.02345e-07
 1.54366e-11 1.67623e-09 1.07314e-07 4.05056e-06 9.01394e-05 0.00118267 0.00914954 0.0417563 0.112683 0.18195 0.18592 0.147204 0.122673 0.098782 0.0588927 0.0255633 0.00949627 0.00329326 0.00100634 0.000270363 6.56806e-05 1.41146e-05 2.63906e-06 4.41276e-07 6.813e-08
 1.53515e-11 1.66699e-09 1.06722e-07 4.02823e-06 8.96425e-05 0.00117615 0.00909911 0.0415266 0.112069 0.181005 0.185174 0.147179 0.123314 0.0995704 0.0594352 0.0258573 0.00966995 0.00340257 0.00106005 0.000285714 6.68155e-05 1.33502e-05 2.26821e-06 3.25742e-07 3.93676e-08
 1.55916e-11 1.69306e-09 1.08391e-07 4.09122e-06 9.10443e-05 0.00119454 0.00924136 0.0421748 0.113804 0.183693 0.187385 0.14754 0.121936 0.0975844 0.0576748 0.0245351 0.00884932 0.0030284 0.000936047 0.000253952 6.01231e-05 1.20234e-05 1.98049e-06 2.6497e-07 2.85042e-08
 1.61037e-11 1.74867e-09 1.11951e-07 4.2256e-06 9.40348e-05 0.00123378 0.00954476 0.0435567 0.117496 0.189355 0.191767 0.147386 0.11759 0.0924289 0.054343 0.0230441 0.0082543 0.00278188 0.000837428 0.000220285 5.11473e-05 1.02023e-05 1.68901e-06 2.24952e-07 2.34295e-08
 1.57272e-11 1.70779e-09 1.09334e-07 4.12681e-06 9.18364e-05 0.00120493 0.00932175 0.0425416 0.114792 0.185279 0.188957 0.148632 0.122514 0.097381 0.0563495 0.0225835 0.00727894 0.00222396 0.000636901 0.000163111 3.68738e-05 7.14529e-06 1.15695e-06 1.52642e-07 1.5856e-08
 1.64255e-11 1.78361e-09 1.14189e-07 4.31005e-06 9.59139e-05 0.00125843 0.00973543 0.0444255 0.119822 0.192959 0.194741 0.147899 0.115794 0.0898313 0.0520432 0.0212979 0.00711763 0.00220006 0.000599845 0.000140082 2.91071e-05 5.35492e-06 8.38154e-07 1.07482e-07 1.09196e-08
 1.6133e-11 1.75185e-09 1.12155e-07 4.2333e-06 9.4206e-05 0.00123602 0.00956215 0.0436364 0.117715 0.189739 0.192305 0.148169 0.118553 0.0929582 0.0538664 0.021893 0.00723416 0.00223218 0.000618924 0.000147142 3.00388e-05 5.17736e-06 7.45983e-07 8.94818e-08 8.69511e-09
 1.56941e-11 1.70419e-09 1.09104e-07 4.11813e-06 9.16431e-05 0.0012024 0.00930216 0.0424527 0.11456 0.184965 0.188923 0.149328 0.123845 0.098429 0.0563172 0.0217548 0.00645944 0.00177306 0.000459552 0.000106338 2.16445e-05 3.75277e-06 5.34297e-07 6.11282e-08 5.53567e-09
 1.67398e-11 1.81774e-09 1.16374e-07 4.39252e-06 9.77493e-05 0.00128251 0.00992167 0.0452742 0.122095 0.19649 0.197693 0.148528 0.114228 0.0873917 0.0496787 0.0193552 0.00585208 0.00160951 0.000397128 8.32705e-05 1.53106e-05 2.49601e-06 3.47344e-07 3.94917e-08 3.52708e-09
 1.68413e-11 1.82877e-09 1.17079e-07 4.41916e-06 9.83421e-05 0.00129029 0.00998183 0.0455486 0.122832 0.197657 0.198771 0.149073 0.11424 0.0869337 0.0487382 0.0182189 0.00501944 0.00123422 0.000286819 5.90546e-05 1.05398e-05 1.60084e-06 2.02802e-07 2.13336e-08 1.82492e-09
 1.71044e-11 1.85733e-09 1.18908e-07 4.48818e-06 9.98779e-05 0.00131043 0.0101376 0.0462582 0.124728 0.200558 0.200988 0.148903 0.111869 0.0841929 0.0470636 0.0175791 0.00482699 0.00116598 0.00025769 4.85977e-05 7.8889e-06 1.12489e-06 1.36441e-07 1.35378e-08 1.06985e-09
 1.66605e-11 1.80913e-09 1.15822e-07 4.3717e-06 9.7286e-05 0.00127643 0.00987467 0.0450605 0.121529 0.19566 0.197238 0.149167 0.115839 0.0888131 0.0499359 0.0187235 0.00517711 0.00126203 0.00028016 5.24545e-05 8.2533e-06 1.10285e-06 1.22655e-07 1.12229e-08 8.32343e-10
 1.68959e-11 1.83469e-09 1.17459e-07 4.43348e-06 9.86607e-05 0.00129447 0.0100141 0.0456955 0.123222 0.198229 0.199091 0.148654 0.113167 0.0859941 0.0485869 0.0186551 0.00545576 0.00142956 0.000332723 6.37192e-05 1.01408e-05 1.35493e-06 1.47669e-07 1.28712e-08 8.87366e-10
 1.65504e-11 1.79718e-09 1.15057e-07 4.34282e-06 9.66433e-05 0.001268 0.00980946 0.0447634 0.120734 0.194436 0.196264 0.149112 0.116639 0.0898321 0.0506895 0.0191683 0.00541573 0.0013706 0.000319789 6.39855e-05 1.08077e-05 1.51063e-06 1.68567e-07 1.47869e-08 1.00718e-09
 1.73381e-11 1.88271e-09 1.20533e-07 4.54951e-06 0.000101243 0.00132834 0.0102761 0.0468889 0.126412 0.203137 0.202965 0.148769 0.109785 0.081763 0.0455442 0.016965 0.00463691 0.00111681 0.00024872 4.78142e-05 7.88832e-06 1.11522e-06 1.29736e-07 1.19409e-08 8.42172e-10
 1.82236e-11 1.97886e-09 1.26689e-07 4.78186e-06 0.000106413 0.00139618 0.0108007 0.0492782 0.132794 0.212909 0.210451 0.148253 0.101882 0.0725599 0.039815 0.0146718 0.00392495 0.000913743 0.000196296 3.62213e-05 5.6864e-06 7.66634e-07 8.63451e-08 7.89704e-09 5.69312e-10
 1.77136e-11 1.92348e-09 1.23143e-07 4.64803e-06 0.000103435 0.00135711 0.0104986 0.0479021 0.129119 0.207292 0.206192 0.148695 0.106654 0.078006 0.0430526 0.0157887 0.00415481 0.000941304 0.000196798 3.53108e-05 5.35026e-06 6.91552e-07 7.42951e-08 6.47643e-09 4.49505e-10
 1.80033e-11 1.95494e-09 1.25157e-07 4.72406e-06 0.000105127 0.0013793 0.0106702 0.0486839 0.131207 0.210489 0.208639 0.148521 0.104061 0.0749902 0.0411807 0.0150458 0.00392804 0.000877603 0.000180371 3.16558e-05 4.65695e-06 5.82377e-07 6.03785e-08 5.05291e-09 3.3509e-10
 1.74779e-11 1.89789e-09 1.21505e-07 4.5862e-06 0.000102059 0.00133905 0.010359 0.0472665 0.127424 0.204715 0.20431 0.149134 0.109216 0.0807545 0.0444381 0.0159649 0.00396847 0.000816831 0.000156695 2.65049e-05 3.80582e-06 4.64656e-07 4.68599e-08 3.79698e-09 2.42934e-10
 1.74634e-11 1.89631e-09 1.21404e-07 4.58238e-06 0.000101974 0.00133794 0.0103503 0.0472271 0.127318 0.204549 0.204162 0.149076 0.109246 0.0808433 0.0445697 0.0161041 0.00406221 0.00085322 0.000163654 2.66101e-05 3.56439e-06 4.06889e-07 3.92231e-08 3.08167e-09 1.91715e-10
 1.80656e-11 1.96171e-09 1.2559e-07 4.7404e-06 0.000105491 0.00138407 0.0107071 0.0488518 0.131655 0.211165 0.209114 0.148342 0.103289 0.0742047 0.0408512 0.0150969 0.00405533 0.000940868 0.000195611 3.32345e-05 4.54928e-06 5.16085e-07 4.77464e-08 3.52677e-09 2.06958e-10
 1.78238e-11 1.93545e-09 1.23909e-07 4.67695e-06 0.000104079 0.00136555 0.0105639 0.0481997 0.129917 0.208538 0.207268 0.149028 0.106274 0.0772515 0.0421497 0.0149259 0.00357232 0.000687518 0.00012514 2.10481e-05 3.06838e-06 3.7318e-07 3.6068e-08 2.70099e-09 1.55807e-10
#obs catch len freq
 1.21893e-11 1.32362e-09 8.47391e-08 3.19848e-06 7.11779e-05 0.000933893 0.00722521 0.0329811 0.0890975 0.144642 0.151516 0.130137 0.12311 0.113365 0.0852737 0.0558619 0.0338805 0.0183469 0.00863083 0.00345286 0.00112629 0.00028416 5.24818e-05 6.74156e-06 5.77447e-07
 1.07055e-11 1.16249e-09 7.44236e-08 2.80913e-06 6.25136e-05 0.000820228 0.00634645 0.0289837 0.0784815 0.128819 0.141228 0.136266 0.143029 0.132253 0.0927424 0.0543682 0.0301766 0.0156242 0.00708687 0.00268171 0.000807991 0.000185021 3.07387e-05 3.5466e-06 2.73733e-07
 6.56886e-12 7.13301e-10 4.56662e-08 1.72368e-06 3.83589e-05 0.000503336 0.0038959 0.0178232 0.0486679 0.0830248 0.104967 0.133703 0.170829 0.169011 0.12308 0.07411 0.0399739 0.018947 0.00777186 0.0027079 0.000757774 0.000159796 2.41292e-05 2.50742e-06 1.73666e-07
 1.7392e-11 1.88856e-09 1.20907e-07 4.56365e-06 0.000101558 0.00133247 0.0103079 0.0470292 0.126713 0.202906 0.199012 0.135499 0.0879958 0.0667121 0.0506057 0.0350028 0.0208947 0.0101838 0.00402001 0.00128445 0.000324071 6.18222e-05 8.48207e-06 7.99892e-07 5.00686e-08
 1.59937e-11 1.73673e-09 1.11187e-07 4.19676e-06 9.33932e-05 0.00122537 0.00948035 0.0432738 0.116851 0.189031 0.193714 0.151973 0.120598 0.0905666 0.050378 0.0204351 0.00755324 0.00309001 0.00122627 0.000393048 9.43715e-05 1.64697e-05 2.03395e-06 1.72346e-07 9.71829e-09
 1.66378e-11 1.80667e-09 1.15664e-07 4.36576e-06 9.71541e-05 0.00127472 0.00986206 0.0450143 0.121518 0.196261 0.199457 0.151811 0.11465 0.0839829 0.0473099 0.0196362 0.00658609 0.00190353 0.000487795 0.000116244 2.4581e-05 4.03015e-06 4.64877e-07 3.60601e-08 1.83715e-09
 1.63818e-11 1.77888e-09 1.13885e-07 4.29861e-06 9.56599e-05 0.00125513 0.00971086 0.0443315 0.119757 0.193956 0.199102 0.155374 0.119935 0.0865727 0.0461464 0.0172245 0.00497696 0.00123876 0.000264685 4.66456e-05 6.78361e-06 8.16364e-07 7.75081e-08 5.33805e-09 2.48154e-10
 1.57314e-11 1.70825e-09 1.09363e-07 4.12794e-06 9.18622e-05 0.00120531 0.00932602 0.0425852 0.115159 0.187288 0.195174 0.158142 0.126891 0.0921325 0.0483637 0.0175327 0.00479117 0.00108068 0.0002003 2.93562e-05 3.36854e-06 3.00625e-07 2.04861e-08 1.04117e-09 3.81825e-11
 1.75051e-11 1.90085e-09 1.21694e-07 4.59335e-06 0.000102219 0.00134119 0.0103768 0.0473701 0.127927 0.206747 0.209719 0.156223 0.110377 0.0739125 0.037633 0.013559 0.00371251 0.000827226 0.000146645 1.97374e-05 1.98558e-06 1.48145e-07 8.06054e-09 3.13823e-10 8.59815e-12
 1.5612e-11 1.69528e-09 1.08533e-07 4.09661e-06 9.11657e-05 0.0011962 0.00925632 0.042281 0.114476 0.186952 0.197114 0.162624 0.130104 0.091149 0.0452138 0.015066 0.00363454 0.00070778 0.000114318 1.45451e-05 1.38831e-06 9.61508e-08 4.69554e-09 1.58134e-10 3.61579e-12
 1.75089e-11 1.90126e-09 1.2172e-07 4.59435e-06 0.000102242 0.00134151 0.01038 0.0473961 0.128106 0.207615 0.212188 0.15982 0.112094 0.0721011 0.034412 0.0112265 0.00264283 0.000488566 7.18041e-05 8.04547e-06 6.7135e-07 4.135e-08 1.83648e-09 5.67911e-11 1.1848e-12
 1.63921e-11 1.77999e-09 1.13956e-07 4.30131e-06 9.57214e-05 0.001256 0.00971951 0.0444031 0.120256 0.196384 0.206037 0.165455 0.124609 0.0812865 0.0371413 0.0109052 0.00211201 0.00029769 3.39668e-05 3.19547e-06 2.34739e-07 1.27813e-08 4.97584e-10 1.34704e-11 2.4807e-13
 1.6131e-11 1.75164e-09 1.12142e-07 4.23282e-06 9.41977e-05 0.00123603 0.00956573 0.0437125 0.1185 0.194123 0.205445 0.16748 0.127014 0.0821873 0.0371935 0.0109371 0.0021594 0.000310594 3.42788e-05 2.83688e-06 1.69277e-07 7.25879e-09 2.26677e-10 5.11851e-12 8.10254e-14
 1.72509e-11 1.87324e-09 1.19927e-07 4.52667e-06 0.000100737 0.00132183 0.0102293 0.0467358 0.126573 0.20643 0.214571 0.166022 0.116347 0.0707149 0.0305856 0.00856262 0.00157371 0.000205027 2.0468e-05 1.57638e-06 8.94113e-08 3.59884e-09 1.00895e-10 1.94022e-12 2.5232e-14
 1.30377e-11 1.41575e-09 9.06377e-08 3.42118e-06 7.61387e-05 0.000999226 0.00773775 0.0354391 0.0968745 0.163408 0.188702 0.181638 0.158138 0.105476 0.0461923 0.0127301 0.00227434 0.000283772 2.6589e-05 1.88697e-06 9.73641e-08 3.54393e-09 9.01576e-11 1.58711e-12 1.8955e-14
 1.61863e-11 1.75764e-09 1.12526e-07 4.24735e-06 9.45229e-05 0.00124038 0.00960153 0.0439074 0.119284 0.19653 0.210265 0.172022 0.126234 0.0768755 0.0327573 0.00917377 0.00174322 0.000239886 2.45483e-05 1.80548e-06 9.14966e-08 3.15024e-09 7.39534e-11 1.18306e-12 1.27451e-14
 1.43835e-11 1.56188e-09 9.99931e-08 3.77433e-06 8.39988e-05 0.00110241 0.00853713 0.0390988 0.106784 0.17907 0.201521 0.18137 0.14453 0.0895581 0.0369375 0.00959968 0.00160238 0.000183976 1.57968e-05 1.04819e-06 5.19103e-08 1.82473e-09 4.38862e-11 7.03083e-13 7.35346e-15
 1.60478e-11 1.7426e-09 1.11563e-07 4.21104e-06 9.37172e-05 0.0012299 0.00952284 0.0435819 0.118677 0.196766 0.213304 0.17665 0.127691 0.074148 0.0294777 0.00748058 0.00122447 0.000136858 1.11183e-05 6.66937e-07 2.86634e-08 8.58855e-10 1.7841e-11 2.56465e-13 2.514e-15
 1.52952e-11 1.66089e-09 1.06332e-07 4.01362e-06 8.93259e-05 0.00117238 0.00908006 0.0415944 0.113602 0.190025 0.210646 0.180984 0.134353 0.0782012 0.030902 0.00786228 0.00131677 0.000153842 1.30886e-05 8.02959e-07 3.41861e-08 9.84822e-10 1.90711e-11 2.47628e-13 2.13865e-15
 1.45554e-11 1.58055e-09 1.01189e-07 3.81955e-06 8.50098e-05 0.00111586 0.00864555 0.0396506 0.108684 0.183681 0.208627 0.185811 0.140898 0.0816541 0.0317418 0.00793084 0.00130709 0.000150698 1.26904e-05 7.74658e-07 3.30692e-08 9.60447e-10 1.87029e-11 2.41146e-13 2.02862e-15
 1.60319e-11 1.74088e-09 1.11454e-07 4.20699e-06 9.36318e-05 0.00122897 0.00951991 0.0436235 0.119182 0.199063 0.218138 0.18035 0.125636 0.0689775 0.0262783 0.0066222 0.0011316 0.000137433 1.20661e-05 7.47499e-07 3.16698e-08 9.03074e-10 1.72154e-11 2.17414e-13 1.79374e-15
 1.47047e-11 1.59677e-09 1.02228e-07 3.85882e-06 8.58887e-05 0.00112758 0.0087402 0.0401317 0.110314 0.187468 0.214066 0.188801 0.137909 0.0758097 0.0278579 0.00655734 0.00101006 0.000107883 8.43332e-06 4.86336e-07 2.0036e-08 5.68422e-10 1.08074e-11 1.34898e-13 1.08736e-15
 1.67453e-11 1.81835e-09 1.16414e-07 4.39428e-06 9.78035e-05 0.00128385 0.00994718 0.0456029 0.124677 0.208147 0.226124 0.180714 0.117755 0.0595618 0.0207054 0.00463722 0.00067069 6.54022e-05 4.52334e-06 2.26378e-07 8.06479e-09 1.99589e-10 3.37672e-12 3.85359e-14 2.91532e-16
 1.5857e-11 1.7219e-09 1.1024e-07 4.1613e-06 9.26242e-05 0.00121609 0.00942731 0.043287 0.118862 0.200711 0.223644 0.185837 0.124946 0.0638429 0.0222483 0.00504515 0.000754258 7.73235e-05 5.58034e-06 2.81115e-07 9.62732e-09 2.20004e-10 3.33581e-12 3.35022e-14 2.21633e-16
 1.62443e-11 1.76396e-09 1.12933e-07 4.26302e-06 9.48908e-05 0.00124593 0.00966007 0.0443678 0.121862 0.205609 0.227686 0.185478 0.120394 0.0590316 0.0196833 0.00423335 0.000590796 5.57274e-05 3.70959e-06 1.76399e-07 5.86603e-09 1.32423e-10 1.98373e-12 1.93966e-14 1.22113e-16
 1.52867e-11 1.65998e-09 1.06277e-07 4.01192e-06 8.93114e-05 0.00117302 0.00910241 0.0419015 0.11578 0.198238 0.226192 0.191935 0.127921 0.062535 0.0203326 0.00419421 0.000550338 4.75428e-05 2.82798e-06 1.18899e-07 3.5109e-09 7.11769e-11 9.71242e-13 8.7928e-15 5.20864e-17
 1.44338e-11 1.56737e-09 1.0035e-07 3.78837e-06 8.43459e-05 0.0011082 0.00860745 0.0397201 0.110427 0.191744 0.22458 0.19681 0.133964 0.0659933 0.0216616 0.00459414 0.000637936 5.97607e-05 3.84338e-06 1.68231e-07 4.90308e-09 9.3618e-11 1.16513e-12 9.45367e-15 4.99185e-17
 1.68953e-11 1.83466e-09 1.17462e-07 4.43421e-06 9.87142e-05 0.00129653 0.0100593 0.0462655 0.127356 0.215141 0.236113 0.184905 0.110927 0.0494338 0.0150299 0.00295913 0.000376387 3.18818e-05 1.86623e-06 7.66714e-08 2.17947e-09 4.17066e-11 5.24274e-13 4.25166e-15 2.19436e-17
 1.39733e-11 1.51739e-09 9.71545e-08 3.66813e-06 8.16917e-05 0.00107407 0.00835649 0.0387145 0.108562 0.191575 0.229174 0.202509 0.134453 0.0625536 0.0189017 0.00358038 0.000425724 3.26234e-05 1.67411e-06 5.93072e-08 1.45895e-09 2.45557e-11 2.77309e-13 2.06735e-15 1.00307e-17
#spawning biomass
 6527.16 5912.97 4415.28 5365.71 7497.89 11775.3 16196.4 24259.1 37539.8 52409.7 76965.1 92452.1 123595 172057 159464 153178 143985 143240 150579 170465 173432 161006 188724 239297 265215 249384 226532 256997 214725 193331 330810 277914 203678 141223 97804 70663.7 54804 45950 41164.1 38637.3 37326.3 36654.9 36314.5 36142.9 36056.2 36013.7 35992.9 35982.7 35977.7 35975.3 35974.1 35973.5 35973.2 35973.1 35973 35973 35973 35972.9 35972.9 35972.9 35972.9 35972.9 35972.9 35972.9 35972.9 35972.9 35972.9 35972.9 35972.9 35972.9 35972.9 35972.9 35972.9 35972.9 35972.9 35972.9 35972.9 35972.9 35972.9 35972.9 35972.9 35972.9 35972.9 35972.9 35972.9 35972.9 35972.9 35972.9 35972.9 35972.9 35972.9 35972.9 35972.9 35972.9 35972.9 35972.9 35972.9 35972.9 35972.9 35972.9 35972.9 35972.9 35972.9 35972.9 35972.9 35972.9 35972.9 35972.9 35972.9 35972.9 35972.9 35972.9 35972.9 35972.9 35972.9 35972.9 35972.9 35972.9 35972.9 35972.9 35972.9 35972.9 35972.9 35972.9 35972.9 35972.9 35972.9 35972.9 35972.9 0 0 0 0 0 0 0 0 0 0 0 0 0 0 0 0 0 0 0 0 0 0 0 0 0
