SBPRF35
0.157368
Curr Bio
373184
B35
288972
F35
0.988133
FOFL
0.988133
OFL
161176
Bzero
44962.1
#pred survey bio
 11115.9 11556.6 8250.8 8456.91 12097.9 18965.4 28329.4 38614.9 50686.1 68212.5 94710 110872 149050 170381 186980 167138 163604 165096 175058 157703 147151 187362 207738 235776 271320 264908 252658 247668 269727 7.33095e+06 7.85265e+06 4.06199e+06 1.90162e+06 1.03117e+06 673515 510721 427864 382202 355930 340523 331427 326050 322874 320993 319877 319233 318860 318644 318519 318446 318404 318380 318365 318357 318352 318350 318348 318347 318346 318346 318346 318346 318346 318346 318346 318346 318346 318346 318346 318346 318346 318346 318346 318346 318346 318346 318346 318346 318346 318346 318346 318346 318346 318346 318346 318346 318346 318346 318346 318346 318346 318346 318346 318346 318346 318346 318346 318346 318346 318346 318346 318346 318346 318346 318346 318346 318346 318346 318346 318346 318346 318346 318346 318346 318346 318346 318346 318346 318346 318346 318346 318346 318346 318346 318346 318346 318346 318346 318346 0 0 0 0 0 0 0 0 0 0 0 0 0 0 0 0 0 0 0 0 0 0 0 0 0
#obs survey bio
 7594.36 9827.12 9058.84 9439.75 12438.9 22224.6 31921.5 43786.4 49757.1 62896.4 64378.6 104604 122892 187472 206309 210969 131047 125843 179855 164177 133198 239303 255533 256090 313597 245761 246448 241903 228360
#pred catch bio
 2408.04 4794.65 3066.46 3188.2 4318.83 7741.3 14405.5 21170.8 28106.6 38002.8 66352 70488.6 108449 116268 141967 126439 128905 124628 144552 137249 110748 159376 179615 199514 239939 231231 227926 220590 209908 161176 186885 77511.8 28044.3 12421.5 8018.95 6864.12 6575.76 6506.24 6489.9 6486.13 6485.28 6485.09 6485.04 6485.03 6485.03 6485.03 6485.03 6485.03 6485.03 6485.03 6485.03 6485.03 6485.03 6485.03 6485.03 6485.03 6485.03 6485.03 6485.03 6485.03 6485.03 6485.03 6485.03 6485.03 6485.03 6485.03 6485.03 6485.03 6485.03 6485.03 6485.03 6485.03 6485.03 6485.03 6485.03 6485.03 6485.03 6485.03 6485.03 6485.03 6485.03 6485.03 6485.03 6485.03 6485.03 6485.03 6485.03 6485.03 6485.03 6485.03 6485.03 6485.03 6485.03 6485.03 6485.03 6485.03 6485.03 6485.03 6485.03 6485.03 6485.03 6485.03 6485.03 6485.03 6485.03 6485.03 6485.03 6485.03 6485.03 6485.03 6485.03 6485.03 6485.03 6485.03 6485.03 6485.03 6485.03 6485.03 6485.03 6485.03 6485.03 6485.03 6485.03 6485.03 6485.03 6485.03 6485.03 6485.03 6485.03 0 0 0 0 0 0 0 0 0 0 0 0 0 0 0 0 0 0 0 0 0 0 0 0 0
#obs catch bio
 3710.34 5262.37 3433.94 3309.22 4182.29 7526.8 13971.6 20067.7 26897.7 36019.1 65810.8 67106.4 113242 117016 145824 126895 134066 128901 144932 138263 106011 160799 170641 187227 223216 205870 216569 221334 205669
#pred cpue bio
 10833 11426.5 7956.27 7804.42 11118.4 17469.8 26008.1 35510 46580.8 62120.2 86642.6 100562 135411 156723 174781 154946 150155 151015 161849 144914 132271 168573 186233 210424 245564 242015 229470 221591 242141 6.7291e+06 8.0594e+06 4.07145e+06 1.88956e+06 1.01833e+06 660653 497858 415001 369339 343067 327660 318564 313187 310011 308130 307014 306370 305997 305781 305656 305584 305541 305517 305503 305494 305490 305487 305485 305484 305484 305483 305483 305483 305483 305483 305483 305483 305483 305483 305483 305483 305483 305483 305483 305483 305483 305483 305483 305483 305483 305483 305483 305483 305483 305483 305483 305483 305483 305483 305483 305483 305483 305483 305483 305483 305483 305483 305483 305483 305483 305483 305483 305483 305483 305483 305483 305483 305483 305483 305483 305483 305483 305483 305483 305483 305483 305483 305483 305483 305483 305483 305483 305483 305483 305483 305483 305483 305483 305483 305483 0 0 0 0 0 0 0 0 0 0 0 0 0 0 0 0 0 0 0 0 0 0 0 0 0
#obs cpue bio
 6460.34 8507.21 5418.89 7278.86 16439.2 16759.8 27913.3 40016.5 50681.1 81250.5 124325 127384 114544 137001 153620 122222 147205 159719 188862 142202 149932 136708 205914 234396 297126 419272 259221 206230 351888
#pred surv len freq
 6.62422e-12 7.19312e-10 4.6051e-08 1.7382e-06 3.86817e-05 0.000507554 0.00392791 0.0179564 0.048873 0.0822761 0.0998757 0.120304 0.150961 0.151128 0.115053 0.0780546 0.0512036 0.0314169 0.0185728 0.0110997 0.00693768 0.00470902 0.00343042 0.00236928 0.00130212
 4.65917e-12 5.05931e-10 3.23902e-08 1.22257e-06 2.72071e-05 0.000357002 0.00276317 0.0126404 0.0345227 0.0590682 0.0760275 0.101449 0.137514 0.14911 0.1318 0.107412 0.0784913 0.0491995 0.0277954 0.0148342 0.00777041 0.00425765 0.0025567 0.00157295 0.000828471
 7.80859e-12 8.47919e-10 5.42846e-08 2.04897e-06 4.55973e-05 0.000598274 0.00462911 0.0211417 0.0572658 0.0941909 0.10439 0.104287 0.115855 0.118168 0.10355 0.0873474 0.0704486 0.0511875 0.0327026 0.0180519 0.00879963 0.0040383 0.00190219 0.000951323 0.000447161
 1.16112e-11 1.26084e-09 8.07202e-08 3.04679e-06 6.78021e-05 0.000889603 0.00688262 0.0314188 0.0848986 0.137994 0.145289 0.126346 0.120034 0.108122 0.0786524 0.0526397 0.0373056 0.0272154 0.0191083 0.0120178 0.00642364 0.00289885 0.00116411 0.000454582 0.000174026
 1.14447e-11 1.24276e-09 7.95626e-08 3.00309e-06 6.68298e-05 0.000876853 0.00678428 0.0309768 0.0837992 0.136971 0.147762 0.137287 0.139025 0.125149 0.0841262 0.0469464 0.0258989 0.0146521 0.00869471 0.0053781 0.00313204 0.00155438 0.000632247 0.000216817 6.64183e-05
 1.12017e-11 1.21638e-09 7.78735e-08 2.93934e-06 6.5411e-05 0.000858239 0.00664029 0.0303202 0.0820338 0.134174 0.145163 0.135973 0.139259 0.127462 0.0889981 0.0526085 0.0291862 0.0145751 0.00668931 0.00314207 0.00157728 0.000783105 0.000338452 0.000117742 3.26845e-05
 1.13965e-11 1.23753e-09 7.92276e-08 2.99045e-06 6.65484e-05 0.000873161 0.00675571 0.0308464 0.0834463 0.136395 0.147147 0.136786 0.13892 0.126329 0.0873153 0.0509964 0.0284395 0.0145737 0.00664868 0.00274345 0.0010637 0.000416241 0.000163304 5.69779e-05 1.58129e-05
 1.12072e-11 1.21697e-09 7.79113e-08 2.94077e-06 6.54429e-05 0.000858659 0.00664363 0.0303375 0.082109 0.134525 0.14659 0.139781 0.145082 0.131551 0.0880068 0.0480748 0.0250246 0.0123129 0.00553471 0.00227389 0.000835634 0.000274642 8.4467e-05 2.48912e-05 6.50162e-06
 1.12199e-11 1.21835e-09 7.8e-08 2.94411e-06 6.55173e-05 0.000859636 0.0066512 0.0303723 0.0822062 0.134709 0.146904 0.140357 0.145939 0.132367 0.0884057 0.0479146 0.0243378 0.0113763 0.00476007 0.00183983 0.000652605 0.000205443 5.62258e-05 1.35217e-05 2.90669e-06
 1.17967e-11 1.28098e-09 8.20098e-08 3.09546e-06 6.88854e-05 0.000903824 0.00699293 0.0319291 0.0863694 0.141125 0.152022 0.140691 0.141835 0.127152 0.084608 0.0457179 0.0231276 0.0107193 0.00438087 0.00161181 0.000534075 0.000157537 4.05875e-05 8.87572e-06 1.62343e-06
 1.14791e-11 1.2465e-09 7.9802e-08 3.01213e-06 6.7031e-05 0.000879495 0.00680481 0.0310728 0.0840898 0.137694 0.149688 0.141841 0.146154 0.131487 0.0863768 0.0453054 0.022199 0.0101075 0.00409159 0.00148592 0.000478483 0.000134002 3.22432e-05 6.54373e-06 1.09143e-06
 1.19315e-11 1.29562e-09 8.2947e-08 3.13084e-06 6.96726e-05 0.000914154 0.00707292 0.0322959 0.0873823 0.142947 0.154748 0.14499 0.147381 0.130521 0.082588 0.0398839 0.0175929 0.00739227 0.00282102 0.000981425 0.000307781 8.41901e-05 1.95207e-05 3.74197e-06 5.79867e-07
 1.18466e-11 1.28639e-09 8.23562e-08 3.10854e-06 6.91764e-05 0.000907643 0.00702254 0.0320658 0.0867594 0.141924 0.15363 0.143945 0.146508 0.130456 0.0839192 0.041937 0.0190336 0.0078334 0.00277258 0.000876013 0.000253633 6.56979e-05 1.46799e-05 2.71929e-06 4.02647e-07
 1.10177e-11 1.19639e-09 7.65941e-08 2.89105e-06 6.43365e-05 0.000844149 0.00653157 0.0298306 0.0808034 0.132919 0.147292 0.14627 0.156707 0.140916 0.0884758 0.0414903 0.017444 0.00692924 0.00244831 0.000761911 0.000207805 4.91865e-05 1.00917e-05 1.75622e-06 2.48535e-07
 9.96024e-12 1.08156e-09 6.92427e-08 2.61357e-06 5.81617e-05 0.000763136 0.00590499 0.026975 0.0731506 0.120993 0.137134 0.143533 0.161053 0.148588 0.0968741 0.0490527 0.0224501 0.00913169 0.00310744 0.000918479 0.00024265 5.57464e-05 1.07971e-05 1.73029e-06 2.25693e-07
 1.05339e-11 1.14386e-09 7.3231e-08 2.76411e-06 6.15117e-05 0.000807087 0.0062449 0.0285237 0.0772957 0.127409 0.142388 0.144305 0.157584 0.143596 0.0924015 0.0457641 0.0206568 0.00859432 0.00308991 0.000955855 0.000251922 5.57526e-05 1.03525e-05 1.58668e-06 1.94745e-07
 1.1183e-11 1.21434e-09 7.77434e-08 2.93443e-06 6.53019e-05 0.000856813 0.00662947 0.0302759 0.0819847 0.134661 0.148301 0.145102 0.153601 0.138119 0.0878642 0.0425645 0.0186339 0.00754865 0.00266839 0.000830411 0.000226497 5.20265e-05 9.73869e-06 1.45576e-06 1.71347e-07
 1.13571e-11 1.23325e-09 7.89538e-08 2.98012e-06 6.63186e-05 0.000870152 0.00673268 0.030747 0.0832574 0.136728 0.15046 0.146895 0.154954 0.138313 0.086118 0.0396219 0.0161324 0.00617039 0.00209044 0.000626807 0.000166926 3.83383e-05 7.33913e-06 1.12602e-06 1.33486e-07
 1.06763e-11 1.15932e-09 7.42205e-08 2.80146e-06 6.23428e-05 0.000817992 0.00632928 0.0289092 0.0783405 0.129134 0.144322 0.146245 0.159452 0.144404 0.091111 0.0429866 0.0179806 0.00685445 0.00222415 0.000625126 0.000156843 3.44655e-05 6.43112e-06 9.83419e-07 1.18246e-07
 1.10551e-11 1.20045e-09 7.68538e-08 2.90085e-06 6.45547e-05 0.000847011 0.00655373 0.0299322 0.0810833 0.133418 0.148017 0.14738 0.158134 0.141824 0.0880633 0.0400875 0.0160015 0.00595322 0.00193161 0.000541444 0.000131803 2.73712e-05 4.80267e-06 7.00178e-07 8.1966e-08
 1.23499e-11 1.34105e-09 8.58556e-08 3.24062e-06 7.21157e-05 0.000946209 0.0073209 0.0334274 0.0904332 0.147852 0.159656 0.148533 0.149501 0.130367 0.079023 0.0341835 0.0125695 0.00433224 0.00132301 0.000353013 8.35198e-05 1.70535e-05 2.90601e-06 4.03269e-07 4.46322e-08
 1.23318e-11 1.33908e-09 8.57294e-08 3.23586e-06 7.20098e-05 0.000944818 0.00731011 0.0333774 0.0902883 0.147537 0.158959 0.14705 0.147397 0.129095 0.0798714 0.0364178 0.0144435 0.00518335 0.0015531 0.000390542 8.62276e-05 1.66177e-05 2.72029e-06 3.66719e-07 3.92728e-08
 1.24851e-11 1.35573e-09 8.6795e-08 3.27608e-06 7.29048e-05 0.000956561 0.00740097 0.0337924 0.0914131 0.149392 0.161029 0.149091 0.149264 0.129605 0.0778794 0.0329444 0.0116774 0.00391163 0.00117753 0.000306392 6.82137e-05 1.26686e-05 1.94736e-06 2.46826e-07 2.52068e-08
 1.27216e-11 1.38142e-09 8.84395e-08 3.33815e-06 7.42861e-05 0.000974684 0.00754113 0.034431 0.0931212 0.152028 0.163152 0.149293 0.147685 0.127554 0.0763331 0.0319655 0.0110473 0.00352371 0.000979909 0.000232494 4.9003e-05 9.05872e-06 1.3976e-06 1.72995e-07 1.67956e-08
 1.19293e-11 1.29538e-09 8.29316e-08 3.13026e-06 6.96597e-05 0.000913988 0.00707174 0.0322929 0.0874085 0.143263 0.156349 0.149465 0.154318 0.135507 0.0816039 0.0344454 0.012048 0.00386946 0.00106693 0.000244831 4.83402e-05 8.22164e-06 1.1858e-06 1.42256e-07 1.36456e-08
 1.13625e-11 1.23384e-09 7.89914e-08 2.98153e-06 6.63502e-05 0.000870568 0.00673597 0.0307637 0.0833247 0.137017 0.151594 0.149896 0.159529 0.141495 0.0852199 0.035765 0.01238 0.00394521 0.00108664 0.000249612 4.89469e-05 8.10206e-06 1.10622e-06 1.23313e-07 1.10563e-08
 1.17354e-11 1.27433e-09 8.15837e-08 3.07938e-06 6.85276e-05 0.000899134 0.00695686 0.0317694 0.0860055 0.141078 0.154493 0.148983 0.155143 0.136929 0.0831284 0.0358005 0.0129465 0.00427083 0.00118917 0.000272481 5.31963e-05 8.78003e-06 1.1894e-06 1.29464e-07 1.10826e-08
 1.25774e-11 1.36575e-09 8.74368e-08 3.30031e-06 7.34439e-05 0.000963634 0.00745569 0.0340419 0.0920838 0.150453 0.162012 0.149594 0.149301 0.129262 0.0771537 0.0320182 0.0109001 0.00344465 0.000958735 0.000225442 4.51376e-05 7.52669e-06 1.01913e-06 1.1043e-07 9.36254e-09
 1.23803e-11 1.34435e-09 8.60667e-08 3.24859e-06 7.22931e-05 0.000948536 0.00733893 0.0335103 0.090666 0.1483 0.160445 0.149983 0.151483 0.131609 0.0783554 0.0321801 0.0107103 0.00327733 0.000875329 0.000196234 3.80903e-05 6.35716e-06 8.7673e-07 9.64794e-08 8.22292e-09
#obs surv len freq
 8.50538e-12 9.23584e-10 5.91286e-08 2.23181e-06 4.9666e-05 0.000651647 0.00504166 0.0230159 0.0622051 0.10122 0.107218 0.0958749 0.0989194 0.106755 0.10576 0.0960257 0.0771506 0.0546757 0.034671 0.0189466 0.00832361 0.00274352 0.000638865 0.000100124 1.01836e-05
 1.25299e-12 1.3606e-10 8.71069e-09 3.28792e-07 7.31746e-06 9.60523e-05 0.000744807 0.00343847 0.00981192 0.0200964 0.0403992 0.0842242 0.138852 0.165687 0.159121 0.13605 0.102556 0.0676019 0.0396826 0.0201848 0.00828106 0.00253623 0.000544267 7.81063e-05 7.25013e-06
 1.52254e-11 1.6533e-09 1.05845e-07 3.99514e-06 8.89059e-05 0.00116646 0.00902297 0.0411524 0.11069 0.175802 0.166042 0.0978275 0.0499713 0.0510192 0.0740946 0.0820903 0.064965 0.0401619 0.0212677 0.0097484 0.00363655 0.00101963 0.000200719 2.63887e-05 2.23897e-06
 1.3837e-11 1.50254e-09 9.61938e-08 3.63084e-06 8.07997e-05 0.00106014 0.00820226 0.0374458 0.101198 0.164416 0.171904 0.14393 0.125537 0.100371 0.0601818 0.0320398 0.0218677 0.0161194 0.00951669 0.00424822 0.0014414 0.00036282 6.44497e-05 7.69107e-06 5.94214e-07
 1.15249e-11 1.25147e-09 8.01202e-08 3.02415e-06 6.72986e-05 0.000883012 0.00683215 0.0311979 0.0843985 0.137723 0.146555 0.129483 0.125236 0.120224 0.0980566 0.0653464 0.0334798 0.0132365 0.00479141 0.00176738 0.000563554 0.000132029 2.12832e-05 2.28534e-06 1.5914e-07
 1.20253e-11 1.30581e-09 8.3599e-08 3.15545e-06 7.02206e-05 0.000921349 0.00712865 0.0325484 0.0879998 0.143141 0.150053 0.126652 0.116194 0.111039 0.094673 0.068196 0.0384998 0.0161411 0.00509427 0.00129584 0.000286318 5.38206e-05 7.66192e-06 7.45776e-07 4.70499e-08
 1.2461e-11 1.35311e-09 8.66275e-08 3.26977e-06 7.27646e-05 0.000954735 0.00738718 0.0337325 0.091238 0.148609 0.156313 0.132193 0.119352 0.109484 0.0880866 0.0600651 0.0329192 0.0138383 0.00443714 0.00108345 0.000199789 2.79105e-05 2.95999e-06 2.3095e-07 1.24866e-08
 1.1885e-11 1.29057e-09 8.26235e-08 3.11864e-06 6.94018e-05 0.000910627 0.00704639 0.032186 0.0871632 0.142679 0.152743 0.1346 0.126225 0.116487 0.0921355 0.0603093 0.0309444 0.0119764 0.00354509 0.000814344 0.000141634 1.78786e-05 1.58832e-06 9.77753e-08 4.12541e-09
 1.15742e-11 1.25682e-09 8.04626e-08 3.03708e-06 6.75869e-05 0.000886825 0.00686254 0.031352 0.0849618 0.139399 0.150244 0.134087 0.127311 0.119233 0.0959383 0.0628494 0.0313902 0.0115033 0.00314053 0.000654293 0.000103195 1.18966e-05 9.62809e-07 5.28694e-08 1.92172e-09
 1.24508e-11 1.35201e-09 8.65571e-08 3.26711e-06 7.27061e-05 0.000953996 0.00738228 0.0337242 0.0913498 0.149501 0.159219 0.137026 0.123987 0.112836 0.0889317 0.0563794 0.026743 0.00912399 0.00227356 0.000426141 6.00948e-05 6.19272e-06 4.49431e-07 2.22171e-08 7.27485e-10
 1.14097e-11 1.23896e-09 7.93195e-08 2.99394e-06 6.66275e-05 0.000874272 0.00676648 0.0309319 0.0840124 0.138934 0.153254 0.142245 0.136711 0.123583 0.0928431 0.0553271 0.0245692 0.0077758 0.00176633 0.000296449 3.70576e-05 3.37653e-06 2.16932e-07 9.52142e-09 2.7788e-10
 1.21855e-11 1.3232e-09 8.47124e-08 3.19749e-06 7.11575e-05 0.000933705 0.00722614 0.0330252 0.0895905 0.147333 0.158984 0.139891 0.128367 0.116937 0.0907423 0.05464 0.0235738 0.00699568 0.00144504 0.000215439 2.36539e-05 1.88909e-06 1.06512e-07 4.11171e-09 1.05857e-10
 1.03982e-11 1.12912e-09 7.22874e-08 2.72852e-06 6.07222e-05 0.000796845 0.00616901 0.0282311 0.0769799 0.129051 0.148062 0.14707 0.147553 0.133261 0.0974266 0.0549943 0.0225062 0.00638508 0.0012555 0.000175021 1.75154e-05 1.24675e-06 6.18218e-08 2.08886e-09 4.70964e-11
 9.33878e-12 1.01408e-09 6.49226e-08 2.45054e-06 5.45365e-05 0.0007157 0.0055416 0.0253726 0.0693035 0.116822 0.13614 0.139793 0.147818 0.143614 0.112934 0.0661352 0.0268646 0.00733293 0.00136069 0.000176907 1.63964e-05 1.07371e-06 4.85041e-08 1.47536e-09 2.96255e-11
 8.85363e-12 9.61401e-10 6.155e-08 2.32325e-06 5.17046e-05 0.000678577 0.00525531 0.0240802 0.065944 0.112081 0.133434 0.141477 0.152451 0.148289 0.115379 0.0662215 0.026243 0.0069817 0.00125922 0.000157626 1.3849e-05 8.4639e-07 3.52861e-08 9.83559e-10 1.80053e-11
 1.02134e-11 1.10906e-09 7.1003e-08 2.68006e-06 5.96449e-05 0.000782761 0.0060612 0.027753 0.0757676 0.127183 0.14532 0.142134 0.143319 0.13638 0.105242 0.0595584 0.0231631 0.00605306 0.00107478 0.000132189 1.13151e-05 6.652e-07 2.63145e-08 6.87329e-10 1.16695e-11
 9.72739e-12 1.05628e-09 6.76245e-08 2.55256e-06 5.68094e-05 0.000745637 0.00577618 0.026487 0.0726769 0.12398 0.147665 0.152934 0.15527 0.139231 0.0988442 0.0518213 0.0189289 0.00468766 0.000792277 9.30493e-05 7.6304e-06 4.30536e-07 1.63253e-08 4.06855e-10 6.54638e-12
 9.4636e-12 1.02764e-09 6.57908e-08 2.48336e-06 5.527e-05 0.000725464 0.00562058 0.0257815 0.0707904 0.120893 0.14409 0.149582 0.154316 0.142819 0.104272 0.0551943 0.0200433 0.00489915 0.000813362 9.30596e-05 7.34866e-06 3.95214e-07 1.41984e-08 3.34461e-10 5.08276e-12
 9.53816e-12 1.03573e-09 6.63094e-08 2.50295e-06 5.57074e-05 0.000731261 0.00566683 0.0260118 0.0715612 0.122791 0.147539 0.153648 0.156387 0.14101 0.0998423 0.0513342 0.0182215 0.00438768 0.000721213 8.1574e-05 6.31761e-06 3.29549e-07 1.13575e-08 2.54254e-10 3.64581e-12
 1.07945e-11 1.17216e-09 7.50434e-08 2.83263e-06 6.30447e-05 0.000827554 0.00641217 0.0294145 0.0807071 0.137067 0.159476 0.155967 0.149329 0.129492 0.0886317 0.04378 0.0148364 0.00339961 0.000531922 5.74942e-05 4.27757e-06 2.15055e-07 7.13976e-09 1.53395e-10 2.09921e-12
 1.00327e-11 1.08944e-09 6.97479e-08 2.6328e-06 5.86013e-05 0.0007694 0.00596581 0.0274286 0.0757822 0.131286 0.159851 0.165586 0.16035 0.132831 0.0849926 0.0393362 0.0125823 0.0027301 0.000403684 4.10567e-05 2.86611e-06 1.35246e-07 4.22527e-09 8.56821e-11 1.10915e-12
 1.08696e-11 1.18032e-09 7.55662e-08 2.85242e-06 6.34891e-05 0.000833535 0.00646174 0.0296825 0.0817303 0.139927 0.165023 0.162735 0.153407 0.127615 0.0817722 0.0369412 0.0112142 0.00225647 0.000304373 2.80368e-05 1.77635e-06 7.66025e-08 2.2017e-09 4.12677e-11 4.95334e-13
 1.12685e-11 1.22363e-09 7.83399e-08 2.95717e-06 6.58235e-05 0.000864295 0.00670262 0.0308189 0.085066 0.146387 0.173668 0.169751 0.153356 0.119538 0.0718283 0.030864 0.00905485 0.00177783 0.000233593 2.06571e-05 1.22928e-06 4.8812e-08 1.27679e-09 2.17036e-11 2.36643e-13
 1.04225e-11 1.13177e-09 7.24593e-08 2.73528e-06 6.089e-05 0.000799731 0.00620674 0.0286023 0.0794377 0.138914 0.170513 0.174363 0.16161 0.125387 0.073445 0.0303581 0.00849917 0.00158612 0.000197917 1.66378e-05 9.41438e-07 3.5432e-08 8.7192e-10 1.38034e-11 1.38758e-13
 9.6349e-12 1.04625e-09 6.69851e-08 2.52872e-06 5.62975e-05 0.000739618 0.00574462 0.026528 0.0740843 0.131328 0.165756 0.176126 0.168367 0.13249 0.0773134 0.0312958 0.00846436 0.00151052 0.00017871 1.41429e-05 7.49815e-07 2.63925e-08 6.07441e-10 8.99658e-12 8.4547e-14
 9.20295e-12 9.99353e-10 6.39833e-08 2.41549e-06 5.37823e-05 0.000706768 0.00549339 0.025414 0.0712891 0.12763 0.163968 0.177798 0.172061 0.135615 0.0785647 0.0313881 0.00836171 0.00146895 0.000170529 1.31287e-05 6.68533e-07 2.23061e-08 4.81642e-10 6.64815e-12 5.8026e-14
 9.20222e-12 9.99279e-10 6.39796e-08 2.41545e-06 5.37867e-05 0.000707005 0.00549861 0.0254744 0.0716779 0.129048 0.166925 0.181227 0.173525 0.133706 0.0748831 0.0286534 0.00726476 0.00121075 0.000133298 9.75068e-06 4.72837e-07 1.50317e-08 3.08527e-10 4.02896e-12 3.30734e-14
 9.32794e-12 1.01294e-09 6.48553e-08 2.44862e-06 5.45316e-05 0.000716992 0.0055798 0.0258865 0.0730386 0.132067 0.171337 0.184854 0.173555 0.129817 0.0700753 0.0257032 0.00621872 0.000984251 0.000102326 7.02922e-06 3.18918e-07 9.47519e-09 1.81908e-10 2.22538e-12 1.71336e-14
 9.35806e-12 1.01622e-09 6.5067e-08 2.45677e-06 5.47213e-05 0.000719745 0.00560593 0.0260565 0.073803 0.134339 0.175489 0.18889 0.174095 0.126227 0.0655313 0.0230005 0.00530485 0.000797232 7.83122e-05 5.05424e-06 2.14288e-07 5.92435e-09 1.05544e-10 1.19639e-12 8.53117e-15
#pred catch len freq
 4.62851e-12 5.02601e-10 3.2177e-08 1.21453e-06 2.70282e-05 0.000354665 0.00274552 0.0125697 0.0344666 0.0600634 0.082102 0.118964 0.164846 0.168838 0.127973 0.0856192 0.0555395 0.033882 0.0199703 0.0119182 0.00744564 0.00505317 0.00368103 0.00254236 0.00139724
 3.51819e-12 3.82034e-10 2.44582e-08 9.23179e-07 2.05446e-05 0.000269593 0.00208719 0.00956102 0.0262895 0.0463941 0.0659862 0.101019 0.145993 0.159705 0.139322 0.111575 0.0806922 0.0503291 0.028354 0.0151104 0.00791064 0.00433372 0.00260227 0.00160098 0.000843232
 6.03466e-12 6.55292e-10 4.19524e-08 1.5835e-06 3.52389e-05 0.000462375 0.00357809 0.0163528 0.0444481 0.074347 0.0881164 0.101774 0.126092 0.132181 0.114802 0.095215 0.0760022 0.0549652 0.0350389 0.0193225 0.00941525 0.00432015 0.00203485 0.00101766 0.000478339
 9.47735e-12 1.02913e-09 6.58857e-08 2.48686e-06 5.53418e-05 0.000726129 0.00561836 0.0256591 0.0694928 0.114227 0.126203 0.124678 0.134453 0.126518 0.0919415 0.060448 0.0421732 0.0305473 0.0213903 0.0134402 0.00718169 0.0032406 0.0013013 0.000508149 0.000194533
 9.19509e-12 9.98477e-10 6.39234e-08 2.41279e-06 5.36937e-05 0.000704515 0.00545149 0.0249057 0.0675718 0.112029 0.128184 0.137042 0.156658 0.14663 0.0986549 0.05423 0.0294049 0.0164745 0.00973452 0.00601148 0.00349925 0.00173642 0.000706269 0.000242199 7.41935e-05
 9.16211e-12 9.94896e-10 6.36942e-08 2.40414e-06 5.35012e-05 0.000701987 0.00543192 0.0248157 0.067321 0.111559 0.127407 0.135744 0.155269 0.147082 0.102493 0.0595741 0.0325167 0.0160999 0.00735749 0.00344796 0.00172926 0.000858357 0.000370957 0.000129048 3.58231e-05
 9.76923e-12 1.06082e-09 6.79148e-08 2.56345e-06 5.70463e-05 0.000748498 0.00579164 0.026455 0.0717113 0.118378 0.133108 0.136956 0.152235 0.142359 0.0979811 0.0561218 0.0307046 0.0155795 0.00707632 0.00291372 0.00112866 0.00044151 0.000173201 6.04297e-05 1.67708e-05
 9.74697e-12 1.0584e-09 6.77601e-08 2.55761e-06 5.69164e-05 0.000746796 0.00577855 0.0263972 0.0715822 0.118386 0.134123 0.140294 0.157587 0.146334 0.0974929 0.0522316 0.0266117 0.0129394 0.00578655 0.00237187 0.000870814 0.000286107 8.79832e-05 2.59265e-05 6.77198e-06
 9.78502e-12 1.06254e-09 6.80246e-08 2.56759e-06 5.71385e-05 0.000749711 0.00580111 0.0265003 0.0718623 0.118853 0.134673 0.140913 0.15831 0.146962 0.0977393 0.051959 0.0258355 0.0119335 0.00496666 0.00191469 0.000678392 0.000213476 5.84171e-05 1.40482e-05 3.01982e-06
 1.03683e-11 1.12587e-09 7.20793e-08 2.72064e-06 6.05443e-05 0.000794393 0.00614666 0.0280745 0.0760719 0.125339 0.139839 0.141225 0.154121 0.141663 0.0939097 0.0497738 0.0246452 0.0112867 0.00458828 0.00168372 0.000557241 0.000164297 4.23228e-05 9.25477e-06 1.69274e-06
 1.07914e-11 1.17182e-09 7.50208e-08 2.83166e-06 6.3015e-05 0.000826808 0.00639738 0.0292174 0.0791373 0.130138 0.144033 0.142683 0.152967 0.139098 0.0906758 0.0465012 0.0222036 0.00996075 0.00400686 0.001451 0.000466654 0.000130629 3.14263e-05 6.3776e-06 1.06371e-06
 1.0865e-11 1.17981e-09 7.55324e-08 2.85098e-06 6.34448e-05 0.000832449 0.00644107 0.0294181 0.0796974 0.13119 0.145794 0.145781 0.157158 0.141774 0.089408 0.0423994 0.0182381 0.0075375 0.00285564 0.000990286 0.000310128 8.47886e-05 1.96561e-05 3.7677e-06 5.83844e-07
 1.12968e-11 1.2267e-09 7.85346e-08 2.96429e-06 6.59664e-05 0.000865531 0.00669689 0.0305828 0.0828023 0.135896 0.149161 0.144758 0.152166 0.136676 0.0872864 0.0426871 0.0188624 0.00763647 0.00268348 0.000844883 0.0002442 6.32122e-05 1.41213e-05 2.61565e-06 3.87293e-07
 1.01879e-11 1.10628e-09 7.08251e-08 2.6733e-06 5.94909e-05 0.000780576 0.00603995 0.0275917 0.0748261 0.123789 0.140406 0.147107 0.164653 0.149902 0.093703 0.0431499 0.0176699 0.00689178 0.00241548 0.000749018 0.000203954 4.82424e-05 9.89553e-06 1.72193e-06 2.43675e-07
 9.60326e-12 1.0428e-09 6.6761e-08 2.5199e-06 5.60772e-05 0.000735789 0.00569353 0.0260122 0.0705849 0.117111 0.134389 0.144494 0.165388 0.15307 0.0988885 0.0489416 0.0217986 0.00872358 0.00294757 0.000868101 0.000228912 5.25491e-05 1.0175e-05 1.63045e-06 2.12662e-07
 1.01512e-11 1.1023e-09 7.05705e-08 2.66369e-06 5.9277e-05 0.000777769 0.0060182 0.0274916 0.074544 0.123237 0.139397 0.145201 0.16203 0.148272 0.0946304 0.045844 0.0201231 0.00822779 0.00293618 0.000905236 0.000238198 5.26795e-05 9.77922e-06 1.49866e-06 1.83935e-07
 1.0988e-11 1.19316e-09 7.63873e-08 2.88324e-06 6.41629e-05 0.00084187 0.00651393 0.0297501 0.0805856 0.132563 0.146909 0.145924 0.156425 0.14088 0.0888636 0.0421094 0.0179075 0.00711938 0.00249627 0.000774001 0.000210751 4.83765e-05 9.05321e-06 1.35316e-06 1.59266e-07
 1.09372e-11 1.18765e-09 7.60346e-08 2.86993e-06 6.38666e-05 0.000837984 0.00648392 0.0296143 0.0802359 0.132133 0.147094 0.147648 0.159477 0.143199 0.0886365 0.0400115 0.0158365 0.00593514 0.00199254 0.000595066 0.00015818 3.63024e-05 6.94754e-06 1.06584e-06 1.26348e-07
 1.07157e-11 1.16359e-09 7.44944e-08 2.8118e-06 6.25729e-05 0.000821011 0.00635265 0.029016 0.0786319 0.129629 0.144942 0.14701 0.160302 0.144799 0.0905408 0.0417953 0.0169669 0.00633811 0.00203831 0.00057052 0.000142842 3.13607e-05 5.84993e-06 8.94448e-07 1.07544e-07
 1.13853e-11 1.2363e-09 7.91492e-08 2.98749e-06 6.64827e-05 0.000872307 0.00674937 0.0308236 0.0834703 0.137121 0.151093 0.147969 0.156381 0.139195 0.0856218 0.0381576 0.0147597 0.0053661 0.00172334 0.000480937 0.00011683 2.42401e-05 4.25182e-06 6.19791e-07 7.25524e-08
 1.19019e-11 1.2924e-09 8.27409e-08 3.12306e-06 6.94995e-05 0.000911886 0.00705548 0.0322187 0.0872079 0.142938 0.156008 0.149178 0.154084 0.135412 0.0817607 0.0348064 0.0124515 0.0041943 0.00126695 0.000336449 7.94191e-05 1.62004e-05 2.75963e-06 3.82906e-07 4.23765e-08
 1.25159e-11 1.35907e-09 8.70092e-08 3.28416e-06 7.30847e-05 0.00095892 0.00741918 0.0338745 0.0916213 0.14962 0.160756 0.147605 0.146764 0.127851 0.0783982 0.0350089 0.0134693 0.00472865 0.00140295 0.000351178 7.73445e-05 1.48884e-05 2.43614e-06 3.28362e-07 3.51631e-08
 1.273e-11 1.38233e-09 8.84978e-08 3.34035e-06 7.4335e-05 0.000975325 0.00754609 0.0344537 0.0931829 0.152132 0.163273 0.149424 0.147805 0.127545 0.076101 0.0316479 0.0108853 0.00355011 0.00105492 0.00027304 6.06438e-05 1.1251e-05 1.72873e-06 2.19077e-07 2.23716e-08
 1.28399e-11 1.39426e-09 8.92616e-08 3.36918e-06 7.49766e-05 0.000983743 0.0076112 0.0347503 0.0939774 0.153365 0.164304 0.149643 0.147267 0.126745 0.0753844 0.0310656 0.0104305 0.00324067 0.000889435 0.00020983 4.40993e-05 8.14149e-06 1.25547e-06 1.55375e-07 1.5084e-08
 1.23116e-11 1.33689e-09 8.5589e-08 3.23056e-06 7.18918e-05 0.000943272 0.00729822 0.0333247 0.0901682 0.14752 0.159764 0.149747 0.151675 0.13204 0.0789076 0.032738 0.0111116 0.00347472 0.000945616 0.000215773 4.24796e-05 7.21462e-06 1.03995e-06 1.24732e-07 1.19637e-08
 1.16691e-11 1.26712e-09 8.11222e-08 3.06196e-06 6.814e-05 0.00089405 0.00691757 0.0315911 0.0855384 0.140437 0.154366 0.150214 0.157548 0.138807 0.0830181 0.0342665 0.011515 0.00357241 0.00097094 0.000221769 4.33624e-05 7.16766e-06 9.78069e-07 1.09003e-07 9.77241e-09
 1.22541e-11 1.33065e-09 8.51895e-08 3.21548e-06 7.15563e-05 0.000938869 0.00726416 0.0331693 0.0897493 0.146848 0.159096 0.149281 0.151428 0.13214 0.0795063 0.0336024 0.0117803 0.00378674 0.00104147 0.000237361 4.62081e-05 7.61582e-06 1.03108e-06 1.12205e-07 9.60433e-09
 1.29856e-11 1.41008e-09 9.02746e-08 3.40742e-06 7.58275e-05 0.000994906 0.00769753 0.0351437 0.0950298 0.154992 0.165621 0.149793 0.146324 0.125459 0.0743235 0.0303435 0.0100268 0.00308134 0.000845603 0.000197671 3.94663e-05 6.57234e-06 8.89425e-07 9.63541e-08 8.1684e-09
 1.20679e-11 1.31043e-09 8.38952e-08 3.16663e-06 7.04691e-05 0.000924608 0.0071539 0.0326677 0.0884181 0.144879 0.157928 0.150506 0.15479 0.135196 0.0802242 0.0325032 0.0105365 0.00314272 0.000828276 0.000184615 3.57291e-05 5.95443e-06 8.20704e-07 9.02941e-08 7.6951e-09
#obs catch len freq
 6.0575e-12 6.57773e-10 4.21112e-08 1.58949e-06 3.53722e-05 0.000464116 0.00359124 0.0164054 0.0444892 0.0736071 0.0836674 0.0893146 0.107789 0.120533 0.117737 0.106927 0.0886375 0.0653348 0.0425297 0.0236772 0.0106404 0.00360333 0.000861754 0.000138228 1.43284e-05
 5.90323e-12 6.41021e-10 4.10388e-08 1.54901e-06 3.44714e-05 0.000452301 0.00349994 0.0159909 0.0433944 0.071987 0.0825217 0.0893882 0.109213 0.124332 0.12401 0.111893 0.0890359 0.0624174 0.0389251 0.0207069 0.00875287 0.00274477 0.000602283 8.82964e-05 8.35692e-06
 5.89438e-13 6.40061e-11 4.09776e-09 1.54678e-07 3.44294e-06 4.52253e-05 0.000351891 0.00165147 0.0050638 0.0129497 0.0351919 0.0847155 0.143881 0.171899 0.164484 0.139471 0.103947 0.0676704 0.0390316 0.0193078 0.00760937 0.00221359 0.000447126 5.99875e-05 5.18007e-06
 7.95491e-12 8.6381e-10 5.53018e-08 2.08737e-06 4.64514e-05 0.000609453 0.00471454 0.0215067 0.0579055 0.0924343 0.0896995 0.0614838 0.0545186 0.0881888 0.135602 0.147977 0.115044 0.0700104 0.0363779 0.0162058 0.00580392 0.00154447 0.000285948 3.51253e-05 2.77157e-06
 1.04678e-11 1.13667e-09 7.27709e-08 2.74675e-06 6.11259e-05 0.000802046 0.00620663 0.0283621 0.0769912 0.127623 0.144311 0.145934 0.15203 0.129073 0.0781581 0.0420163 0.0286859 0.0206714 0.0118375 0.00510374 0.00165963 0.000396385 6.6212e-05 7.38052e-06 5.30157e-07
 1.0826e-11 1.17557e-09 7.52611e-08 2.84074e-06 6.32174e-05 0.000829476 0.00641835 0.029317 0.079411 0.130273 0.141336 0.130556 0.131198 0.126872 0.102652 0.0672283 0.033712 0.0131138 0.00468887 0.00168261 0.000512773 0.000113686 1.72208e-05 1.72725e-06 1.11828e-07
 1.16842e-11 1.26877e-09 8.12275e-08 3.06594e-06 6.82289e-05 0.000895225 0.00692684 0.0316331 0.0855915 0.13965 0.147946 0.127894 0.119742 0.114642 0.0969263 0.0686213 0.0378185 0.0154337 0.00473733 0.00117067 0.000249469 4.45957e-05 5.96679e-06 5.42172e-07 3.17985e-08
 1.20589e-11 1.30945e-09 8.38323e-08 3.16426e-06 7.0417e-05 0.000923945 0.00714933 0.0326539 0.0884015 0.1445 0.153831 0.133612 0.123362 0.113383 0.0904377 0.0606385 0.032464 0.0132784 0.00412392 0.000969938 0.000171376 2.28004e-05 2.28333e-06 1.66725e-07 8.38143e-09
 1.17114e-11 1.27172e-09 8.14168e-08 3.07309e-06 6.83884e-05 0.000897343 0.00694398 0.0317251 0.085985 0.141159 0.152438 0.13645 0.128954 0.118385 0.0925574 0.0594439 0.0297438 0.0111933 0.00320953 0.000709423 0.000117841 1.41156e-05 1.18326e-06 6.83371e-08 2.68908e-09
 1.15874e-11 1.25826e-09 8.05547e-08 3.04056e-06 6.76646e-05 0.000887856 0.00687087 0.0313958 0.0851351 0.139968 0.15163 0.136156 0.12896 0.119617 0.094917 0.0608659 0.0295805 0.0105181 0.00277699 0.000556247 8.3744e-05 9.15218e-06 6.98043e-07 3.59476e-08 1.22034e-09
 1.25573e-11 1.36358e-09 8.72976e-08 3.29507e-06 7.33285e-05 0.000962174 0.00744589 0.03402 0.0921965 0.151101 0.161395 0.139084 0.124928 0.112286 0.0871001 0.0539488 0.0248562 0.0082144 0.00197669 0.000355829 4.78611e-05 4.67312e-06 3.19489e-07 1.48059e-08 4.52701e-10
 1.15572e-11 1.25498e-09 8.03448e-08 3.03264e-06 6.74892e-05 0.000885595 0.00685452 0.0313405 0.0851742 0.141079 0.15601 0.144563 0.137363 0.122358 0.0903647 0.0525658 0.0226454 0.00693128 0.00151821 0.000244452 2.91249e-05 2.51321e-06 1.52063e-07 6.25577e-09 1.70458e-10
 1.23823e-11 1.34457e-09 8.60808e-08 3.24915e-06 7.23073e-05 0.000948808 0.00734339 0.0335666 0.0911025 0.149989 0.16207 0.142154 0.128816 0.115488 0.0878725 0.0514928 0.0215014 0.00615988 0.0012253 0.000175111 1.83142e-05 1.38459e-06 7.35021e-08 2.65931e-09 6.39222e-11
 1.05979e-11 1.15081e-09 7.36763e-08 2.78095e-06 6.18895e-05 0.000812184 0.0062883 0.0287846 0.078547 0.131891 0.151522 0.149676 0.147922 0.131343 0.0941402 0.0517186 0.020475 0.00560116 0.00105882 0.000141254 1.34508e-05 9.05936e-07 4.22946e-08 1.33955e-09 2.82027e-11
 9.57415e-12 1.03964e-09 6.6559e-08 2.51231e-06 5.59117e-05 0.000733769 0.00568205 0.0260229 0.0711317 0.120075 0.139998 0.142765 0.148659 0.141896 0.109059 0.0619489 0.0242912 0.00638521 0.00113798 0.000141459 1.24629e-05 7.71481e-07 3.27926e-08 9.34894e-10 1.7536e-11
 9.08567e-12 9.86598e-10 6.31632e-08 2.38415e-06 5.30605e-05 0.0006964 0.00539396 0.0247238 0.0677644 0.115359 0.1374 0.144619 0.15342 0.146508 0.111282 0.0618879 0.0236536 0.00605349 0.00104715 0.00012514 1.0439e-05 6.02616e-07 2.36267e-08 6.17012e-10 1.05485e-11
 1.04776e-11 1.13775e-09 7.284e-08 2.74941e-06 6.11889e-05 0.00080305 0.00621892 0.0284829 0.0778125 0.130769 0.149419 0.145086 0.143932 0.134244 0.100954 0.0552907 0.020721 0.00520398 0.000885062 0.000103759 8.41995e-06 4.66999e-07 1.73592e-08 4.24607e-10 6.73102e-12
 9.95705e-12 1.08122e-09 6.92213e-08 2.61285e-06 5.81521e-05 0.000763298 0.00591386 0.0271292 0.074512 0.127331 0.151712 0.155898 0.155613 0.136739 0.0946429 0.0480342 0.0169022 0.00402004 0.000650261 7.27242e-05 5.64696e-06 3.00205e-07 1.0683e-08 2.49071e-10 3.73935e-12
 9.70539e-12 1.05389e-09 6.74719e-08 2.54683e-06 5.66836e-05 0.000744059 0.00576555 0.0264575 0.0727172 0.124389 0.14829 0.152761 0.154964 0.140387 0.0997162 0.0510073 0.0178226 0.00417905 0.000663074 7.21389e-05 5.38785e-06 2.72765e-07 9.18867e-09 2.02309e-10 2.86595e-12
 9.78936e-12 1.06301e-09 6.80559e-08 2.56889e-06 5.71764e-05 0.000750592 0.00581766 0.0267162 0.0735742 0.126446 0.151891 0.156807 0.156771 0.138239 0.0951624 0.0472601 0.0161315 0.00372257 0.000583924 6.26989e-05 4.5858e-06 2.24916e-07 7.26205e-09 1.5185e-10 2.02869e-12
 1.10592e-11 1.2009e-09 7.68839e-08 2.90212e-06 6.45928e-05 0.000847926 0.00657108 0.0301557 0.0828136 0.140831 0.163796 0.158848 0.149293 0.126399 0.083983 0.0400266 0.0130339 0.0028603 0.000426787 4.37509e-05 3.07016e-06 1.44922e-07 4.50168e-09 9.02427e-11 1.14973e-12
 1.02988e-11 1.11833e-09 7.15983e-08 2.70268e-06 6.01585e-05 0.000789913 0.00612625 0.0281815 0.0779488 0.135231 0.164425 0.168466 0.159841 0.129199 0.0802506 0.0358317 0.0110064 0.00228512 0.000321914 3.1025e-05 2.04115e-06 9.03539e-08 2.63838e-09 4.98654e-11 6.0028e-13
 1.11409e-11 1.20978e-09 7.74527e-08 2.92366e-06 6.50768e-05 0.000854448 0.00662523 0.0304483 0.083921 0.143867 0.169528 0.1656 0.152979 0.123923 0.0768752 0.0334369 0.00973663 0.00187371 0.000240774 2.10146e-05 1.25424e-06 5.0697e-08 1.36068e-09 2.37492e-11 2.64865e-13
 1.15339e-11 1.25246e-09 8.01857e-08 3.02689e-06 6.7378e-05 0.000884791 0.00686321 0.0315746 0.0872445 0.15033 0.178116 0.172282 0.15238 0.115634 0.0672867 0.0278376 0.00782851 0.00146798 0.000183443 1.53526e-05 8.60322e-07 3.2027e-08 7.82478e-10 1.23849e-11 1.25418e-13
 1.06884e-11 1.16065e-09 7.4309e-08 2.80515e-06 6.24487e-05 0.000820308 0.0063684 0.0293672 0.0816647 0.143006 0.175209 0.177076 0.160539 0.121148 0.0686463 0.0272965 0.0073208 0.00130408 0.000154654 1.22919e-05 6.54211e-07 2.30606e-08 5.2977e-10 7.80943e-12 7.29421e-14
 9.89273e-12 1.07425e-09 6.87786e-08 2.59649e-06 5.78101e-05 0.000759614 0.00590215 0.0272777 0.0762902 0.135454 0.170645 0.179174 0.167485 0.128048 0.0721761 0.0280731 0.00726738 0.00123704 0.000139006 1.03947e-05 5.18046e-07 1.7066e-08 3.66385e-10 5.04873e-12 4.40561e-14
 9.47028e-12 1.02839e-09 6.5843e-08 2.48578e-06 5.53517e-05 0.000727531 0.0056572 0.0261952 0.0735931 0.131948 0.169096 0.181017 0.171124 0.130886 0.0731572 0.0280568 0.00714664 0.00119598 0.000131679 9.56768e-06 4.57656e-07 1.42875e-08 2.87732e-10 3.69465e-12 2.99349e-14
 9.46971e-12 1.02833e-09 6.58408e-08 2.48581e-06 5.53588e-05 0.000727828 0.00566328 0.0262627 0.0740147 0.133448 0.172149 0.184417 0.172335 0.128697 0.0694647 0.0254959 0.00617757 0.000980254 0.000102285 7.05452e-06 3.20959e-07 9.53558e-09 1.82376e-10 2.21438e-12 1.68714e-14
 9.5968e-12 1.04214e-09 6.67265e-08 2.51939e-06 5.61137e-05 0.000737977 0.00574616 0.0266859 0.075419 0.136558 0.176622 0.187914 0.172033 0.124579 0.0647486 0.022763 0.00525933 0.00079199 7.79898e-05 5.04856e-06 2.14783e-07 5.9593e-09 1.06516e-10 1.21041e-12 8.64139e-15
#spawning biomass
 12965.7 12904 9551.2 10716.4 15782.7 24684.3 37095.6 50748.9 66775.6 90978 125876 149887 200753 226879 242590 219490 218005 221718 231624 210767 202665 257033 287365 328095 371241 358513 343885 343798 373184 427183 389039 156289 58349.1 27470 18768.5 16486 15916.1 15778.7 15746.4 15738.9 15737.2 15736.9 15736.8 15736.8 15736.8 15736.8 15736.8 15736.8 15736.8 15736.8 15736.8 15736.8 15736.8 15736.8 15736.8 15736.8 15736.8 15736.8 15736.8 15736.8 15736.8 15736.8 15736.8 15736.8 15736.8 15736.8 15736.8 15736.8 15736.8 15736.8 15736.8 15736.8 15736.8 15736.8 15736.8 15736.8 15736.8 15736.8 15736.8 15736.8 15736.8 15736.8 15736.8 15736.8 15736.8 15736.8 15736.8 15736.8 15736.8 15736.8 15736.8 15736.8 15736.8 15736.8 15736.8 15736.8 15736.8 15736.8 15736.8 15736.8 15736.8 15736.8 15736.8 15736.8 15736.8 15736.8 15736.8 15736.8 15736.8 15736.8 15736.8 15736.8 15736.8 15736.8 15736.8 15736.8 15736.8 15736.8 15736.8 15736.8 15736.8 15736.8 15736.8 15736.8 15736.8 15736.8 15736.8 15736.8 15736.8 0 0 0 0 0 0 0 0 0 0 0 0 0 0 0 0 0 0 0 0 0 0 0 0 0
