SBPRF35
19.1302
Curr Bio
122020
B35
1.49691e+07
F35
0.0298565
FOFL
0
OFL
0
Bzero
5.46577e+06
#pred survey bio
 12835.3 6511.4 5599.91 6510.63 9700.91 14554.5 20512.4 27622.3 33806.6 48624.4 56256.9 74213.2 99095.4 117658 120423 121715 117932 98384.6 131003 115607 99741.4 127343 127575 137917 164859 160386 143073 119149 148767 4.64803e+06 8.59221e+06 1.32697e+07 1.7811e+07 2.19278e+07 2.54875e+07 2.84692e+07 3.09132e+07 3.28876e+07 3.44675e+07 3.57251e+07 3.67239e+07 3.75179e+07 3.81512e+07 3.85619e+07 3.86563e+07 3.87502e+07 3.8843e+07 3.89345e+07 3.90244e+07 3.91127e+07 3.91991e+07 3.92837e+07 3.93664e+07 3.94473e+07 3.95263e+07 3.96035e+07 3.9679e+07 3.97527e+07 3.98248e+07 3.98952e+07 3.9964e+07 4.00312e+07 4.00969e+07 4.01612e+07 4.0224e+07 4.02855e+07 4.03456e+07 4.04044e+07 4.04619e+07 4.05182e+07 4.05733e+07 4.06273e+07 4.06801e+07 4.07318e+07 4.07824e+07 4.0832e+07 4.08806e+07 4.09282e+07 4.09749e+07 4.10206e+07 4.10654e+07 4.11094e+07 4.11525e+07 4.11947e+07 4.12361e+07 4.12768e+07 4.13167e+07 4.13558e+07 4.13942e+07 4.14319e+07 4.14688e+07 4.15051e+07 4.15408e+07 4.15758e+07 4.16101e+07 4.16439e+07 4.1677e+07 4.17096e+07 4.17415e+07 4.1773e+07 4.18038e+07 4.18342e+07 4.1864e+07 4.18933e+07 4.19221e+07 4.19504e+07 4.19783e+07 4.20056e+07 4.20326e+07 4.2059e+07 4.20851e+07 4.21107e+07 4.21359e+07 4.21606e+07 4.2185e+07 4.2209e+07 4.22326e+07 4.22558e+07 4.22786e+07 4.23011e+07 4.23232e+07 4.2345e+07 4.23664e+07 4.23875e+07 4.24083e+07 4.24288e+07 4.24489e+07 4.24687e+07 4.24882e+07 0 0 0 0 0 0 0 0 0 0 0 0 0 0 0 0 0 0 0 0 0 0 0 0 0
#obs survey bio
 14392.8 7919.57 7487.62 9684.8 14857.1 14121.5 19621.8 29056.7 34006.6 52412.9 62499 71485.9 119580 95713.2 96145 81811.1 107660 96842.5 124605 87834.4 70527.1 168590 134351 138006 103667 125067 123770 95187.4 162568
#pred catch bio
 9427.54 3654.67 3056.72 3137.47 5662.26 10343.6 14509.1 21180.8 23874.5 38372.2 42692.6 56094.2 76505.5 93607.8 96682.8 100170 103009 73555.3 110940 100959 79063.9 108934 109986 116046 144000 143034 131676 105293 118532 0 11801.9 18511.8 25042.9 30991.4 36140.8 40446.6 43960.4 46778.6 49011.2 50764.6 52133.8 53199.2 54027.1 54532.8 54586.8 54638.5 54688 54735.5 54780.9 54824.4 54866.1 54905.9 54944.1 54980.7 55015.8 55049.3 55081.4 55112.2 55141.6 55169.8 55196.9 55222.7 55247.5 55271.2 55293.9 55315.7 55336.5 55356.5 55375.6 55393.9 55411.4 55428.1 55444.2 55459.6 55474.3 55488.4 55501.9 55514.9 55527.3 55539.1 55550.5 55561.4 55571.8 55581.8 55591.3 55600.5 55609.2 55617.6 55625.6 55633.3 55640.7 55647.8 55654.5 55661 55667.2 55673.1 55678.8 55684.2 55689.4 55694.4 55699.2 55703.8 55708.2 55712.3 55716.4 55720.2 55723.9 55727.4 55730.8 55734 55737.1 55740.1 55742.9 55745.7 55748.3 55750.8 55753.2 55755.4 55757.6 55759.7 55761.7 55763.7 55765.5 55767.3 55769 55770.6 55772.1 55773.6 55775 0 0 0 0 0 0 0 0 0 0 0 0 0 0 0 0 0 0 0 0 0 0 0 0 0
#obs catch bio
 4561.98 3172.05 3417.47 2770.81 4615.26 7908.66 12324.2 18089.4 18771.1 36603.4 34421.2 45425.1 63428.8 81461.9 87030.7 105109 100554 54395.8 106684 89582.3 64152 90224.4 88177 99375.3 138825 123697 117375 94474.4 102811
#pred cpue bio
 11843.1 5985.17 4734.39 4596.21 7067 8997.29 11409.4 16605.9 18323.9 27653.7 30236 39420.1 52654.6 66457.6 71287.8 70086.9 65884.6 50957.9 71943.1 64762.7 50017.1 63376.6 62704.9 61375.8 74768.7 76566.7 66670.3 50774.1 54265.5 2.3749e+06 8.44905e+06 1.31511e+07 1.76901e+07 2.18068e+07 2.53665e+07 2.83482e+07 3.07922e+07 3.27665e+07 3.43465e+07 3.56041e+07 3.66029e+07 3.73969e+07 3.80302e+07 3.84408e+07 3.85353e+07 3.86291e+07 3.8722e+07 3.88135e+07 3.89034e+07 3.89917e+07 3.90781e+07 3.91627e+07 3.92454e+07 3.93263e+07 3.94053e+07 3.94825e+07 3.9558e+07 3.96317e+07 3.97038e+07 3.97742e+07 3.9843e+07 3.99102e+07 3.99759e+07 4.00402e+07 4.0103e+07 4.01645e+07 4.02246e+07 4.02834e+07 4.03409e+07 4.03972e+07 4.04523e+07 4.05062e+07 4.05591e+07 4.06108e+07 4.06614e+07 4.0711e+07 4.07596e+07 4.08072e+07 4.08539e+07 4.08996e+07 4.09444e+07 4.09884e+07 4.10314e+07 4.10737e+07 4.11151e+07 4.11558e+07 4.11956e+07 4.12348e+07 4.12732e+07 4.13108e+07 4.13478e+07 4.13841e+07 4.14198e+07 4.14547e+07 4.14891e+07 4.15228e+07 4.1556e+07 4.15885e+07 4.16205e+07 4.16519e+07 4.16828e+07 4.17132e+07 4.1743e+07 4.17723e+07 4.18011e+07 4.18294e+07 4.18573e+07 4.18846e+07 4.19115e+07 4.1938e+07 4.19641e+07 4.19897e+07 4.20148e+07 4.20396e+07 4.2064e+07 4.2088e+07 4.21116e+07 4.21348e+07 4.21576e+07 4.21801e+07 4.22022e+07 4.2224e+07 4.22454e+07 4.22665e+07 4.22873e+07 4.23078e+07 4.23279e+07 4.23477e+07 4.23672e+07 0 0 0 0 0 0 0 0 0 0 0 0 0 0 0 0 0 0 0 0 0 0 0 0 0
#obs cpue bio
 7586.79 7232.09 3866.33 4790.64 9921.66 16981.3 18807.1 36059.1 35809.4 41407.8 59766.9 88654.9 98947.9 123873 130304 95372.4 94422.3 129636 109101 142470 135056 126586 138282 105195 132538 184438 126726 92030 89569.3
#pred surv len freq
 5.39302e-12 5.85618e-10 3.74918e-08 1.41513e-06 3.14923e-05 0.000413225 0.00319814 0.0146256 0.0398807 0.0677265 0.0848896 0.108341 0.142134 0.148913 0.123766 0.0941036 0.066191 0.0414097 0.0244668 0.0146013 0.00917681 0.00632013 0.00469174 0.003291 0.00182639
 5.54062e-12 6.01645e-10 3.85179e-08 1.45386e-06 3.23542e-05 0.000424535 0.00328566 0.0150256 0.0409688 0.0695515 0.0870607 0.110721 0.144122 0.14793 0.118065 0.0876355 0.065125 0.045616 0.0288477 0.0163154 0.00869862 0.00481149 0.00293719 0.00184123 0.000983074
 9.9573e-12 1.08124e-09 6.92222e-08 2.61279e-06 5.81441e-05 0.000762882 0.00590211 0.0269405 0.0727651 0.118014 0.123088 0.104545 0.0992205 0.0983682 0.0907541 0.0802769 0.064434 0.0460897 0.0307072 0.0187744 0.0101417 0.00494731 0.00239795 0.00122405 0.000585305
 1.41043e-11 1.53156e-09 9.80519e-08 3.70097e-06 8.23598e-05 0.0010806 0.00835978 0.0381503 0.102927 0.165998 0.168701 0.131343 0.107729 0.0892571 0.0609282 0.0383972 0.0277091 0.0217976 0.0160756 0.0104595 0.00597803 0.00297243 0.00130237 0.000536973 0.000211596
 1.23689e-11 1.34312e-09 8.59876e-08 3.24561e-06 7.22266e-05 0.000947658 0.00733192 0.0334733 0.0904964 0.147465 0.156976 0.140624 0.136799 0.119969 0.0775227 0.0400111 0.0202447 0.0111048 0.00690927 0.00463171 0.00288018 0.00152581 0.000675529 0.000253664 8.32614e-05
 1.5131e-11 1.64304e-09 1.05189e-07 3.97037e-06 8.83549e-05 0.00115926 0.00896835 0.0409285 0.110436 0.178216 0.181619 0.142631 0.118017 0.0965171 0.0615475 0.0316419 0.0152575 0.00699648 0.00306343 0.00143923 0.000768016 0.000413784 0.000193367 7.30732e-05 2.21122e-05
 1.58619e-11 1.72241e-09 1.1027e-07 4.16216e-06 9.26229e-05 0.00121525 0.00940162 0.0429069 0.11579 0.186981 0.191119 0.15137 0.125604 0.098828 0.0542864 0.0182797 0.00365785 0.000432239 3.01386e-05 1.24562e-06 3.30007e-08 1.63668e-09 5.1435e-10 1.9417e-10 5.85941e-11
 1.47972e-11 1.6068e-09 1.02869e-07 3.88278e-06 8.64059e-05 0.00113369 0.00877088 0.0400343 0.10812 0.175256 0.182233 0.152306 0.135586 0.110208 0.0610325 0.0205858 0.00412059 0.000486905 3.39299e-05 1.39406e-06 3.37696e-08 4.82302e-10 4.06146e-12 2.0171e-14 5.95222e-17
 1.61817e-11 1.75713e-09 1.12493e-07 4.24606e-06 9.44901e-05 0.00123975 0.00959106 0.0437697 0.118093 0.190502 0.193788 0.151089 0.122606 0.0954102 0.0522603 0.017587 0.00351875 0.000415752 2.89711e-05 1.19031e-06 2.88338e-08 4.11797e-10 3.46739e-12 1.72132e-14 5.03805e-17
 1.55741e-11 1.69116e-09 1.08269e-07 4.08663e-06 9.09422e-05 0.0011932 0.00923111 0.0421303 0.113716 0.183811 0.188717 0.151623 0.128303 0.101904 0.0561101 0.0189031 0.00378288 0.000446979 3.11474e-05 1.27973e-06 3.09999e-08 4.42736e-10 3.728e-12 1.85088e-14 5.41916e-17
 1.62828e-11 1.76811e-09 1.13196e-07 4.27259e-06 9.50805e-05 0.0012475 0.00965096 0.0440425 0.118822 0.191616 0.194632 0.151 0.121658 0.0943295 0.0516197 0.017368 0.0034748 0.000410555 2.86089e-05 1.17543e-06 2.84734e-08 4.06649e-10 3.42404e-12 1.69979e-14 4.97499e-17
 1.6421e-11 1.78312e-09 1.14157e-07 4.30886e-06 9.58875e-05 0.00125808 0.00973283 0.0444153 0.119817 0.193138 0.195785 0.150879 0.120362 0.0928524 0.050744 0.0170686 0.00341472 0.000403453 2.81139e-05 1.1551e-06 2.79807e-08 3.99613e-10 3.36479e-12 1.67038e-14 4.88891e-17
 1.6417e-11 1.78269e-09 1.1413e-07 4.30783e-06 9.58646e-05 0.00125778 0.00973051 0.0444048 0.119789 0.193094 0.195752 0.150882 0.120399 0.0928943 0.0507689 0.0170771 0.00341642 0.000403654 2.8128e-05 1.15567e-06 2.79947e-08 3.99812e-10 3.36647e-12 1.67122e-14 4.89135e-17
 1.56641e-11 1.70094e-09 1.08895e-07 4.11026e-06 9.1468e-05 0.0012001 0.00928446 0.0423733 0.114365 0.184803 0.189468 0.151544 0.127458 0.100942 0.0555395 0.018708 0.00374373 0.00044235 3.08248e-05 1.26648e-06 3.06788e-08 4.38146e-10 3.68925e-12 1.83145e-14 5.36033e-17
 1.50218e-11 1.63118e-09 1.0443e-07 3.94171e-06 8.77172e-05 0.00115089 0.00890391 0.0406402 0.109737 0.177729 0.184107 0.152109 0.133481 0.107808 0.0596096 0.0200994 0.00402297 0.000475364 3.31256e-05 1.36101e-06 3.29687e-08 4.7085e-10 3.96462e-12 1.96815e-14 5.76044e-17
 1.54076e-11 1.67308e-09 1.07112e-07 4.04295e-06 8.99702e-05 0.00118045 0.00913249 0.0416812 0.112517 0.181978 0.187328 0.15177 0.129863 0.103684 0.0571648 0.0192636 0.00385524 0.000455534 3.17436e-05 1.30423e-06 3.15932e-08 4.51206e-10 3.79921e-12 1.88604e-14 5.52011e-17
 1.58061e-11 1.71635e-09 1.09882e-07 4.14751e-06 9.22971e-05 0.00121098 0.00936857 0.0427564 0.115388 0.186366 0.190653 0.151419 0.126127 0.0994245 0.05464 0.0184005 0.00368201 0.000435054 3.03163e-05 1.24558e-06 3.01727e-08 4.30918e-10 3.62838e-12 1.80124e-14 5.2719e-17
 1.6707e-11 1.81418e-09 1.16145e-07 4.3839e-06 9.75575e-05 0.00127999 0.00990227 0.045187 0.121878 0.196287 0.198172 0.150627 0.117681 0.0897954 0.0489318 0.0164491 0.00329039 0.000388754 2.70895e-05 1.11301e-06 2.69611e-08 3.85051e-10 3.24218e-12 1.60952e-14 4.71077e-17
 1.60216e-11 1.73975e-09 1.11381e-07 4.20406e-06 9.35555e-05 0.00122749 0.00949624 0.0433378 0.11694 0.18874 0.192452 0.15123 0.124107 0.0971209 0.0532744 0.0179337 0.00358833 0.000423978 2.95444e-05 1.21387e-06 2.94044e-08 4.19945e-10 3.536e-12 1.75537e-14 5.13766e-17
 1.5771e-11 1.71254e-09 1.09639e-07 4.13831e-06 9.20922e-05 0.00120829 0.00934778 0.0426617 0.115135 0.18598 0.19036 0.15145 0.126456 0.0997995 0.0548623 0.0184765 0.00369727 0.000436857 3.0442e-05 1.25075e-06 3.02978e-08 4.32704e-10 3.64343e-12 1.8087e-14 5.29375e-17
 1.70548e-11 1.85194e-09 1.18563e-07 4.47517e-06 9.95884e-05 0.00130664 0.0101083 0.0461254 0.124383 0.200117 0.201075 0.150321 0.11442 0.086078 0.0467281 0.0156958 0.00313919 0.000370879 2.58438e-05 1.06182e-06 2.57213e-08 3.67344e-10 3.09309e-12 1.5355e-14 4.49413e-17
 1.71333e-11 1.86047e-09 1.19109e-07 4.49578e-06 0.000100047 0.00131265 0.0101548 0.0463373 0.124949 0.200982 0.20173 0.150252 0.113684 0.0852385 0.0462305 0.0155257 0.00310505 0.000366843 2.55625e-05 1.05027e-06 2.54413e-08 3.63345e-10 3.05942e-12 1.51879e-14 4.44521e-17
 1.72604e-11 1.87428e-09 1.19993e-07 4.52914e-06 0.000100789 0.00132239 0.0102302 0.0466803 0.125865 0.202382 0.202791 0.15014 0.112492 0.0838796 0.0454249 0.0152503 0.00304978 0.000360308 2.51071e-05 1.03155e-06 2.49881e-08 3.56872e-10 3.00491e-12 1.49173e-14 4.36602e-17
 1.81794e-11 1.97406e-09 1.26381e-07 4.77026e-06 0.000106155 0.00139279 0.0107745 0.0491596 0.132485 0.212502 0.21046 0.149332 0.103876 0.0740576 0.0396025 0.0132598 0.00265031 0.000313081 2.18158e-05 8.96321e-07 2.17122e-08 3.10087e-10 2.61098e-12 1.29617e-14 3.79365e-17
 1.80161e-11 1.95633e-09 1.25246e-07 4.72741e-06 0.000105202 0.00138028 0.0106778 0.048719 0.131309 0.210703 0.209097 0.149476 0.105408 0.0758033 0.0406373 0.0136136 0.00272131 0.000321475 2.24007e-05 9.20357e-07 2.22944e-08 3.18403e-10 2.68099e-12 1.33092e-14 3.89538e-17
 1.75467e-11 1.90536e-09 1.21983e-07 4.60424e-06 0.000102461 0.00134432 0.0103997 0.0474525 0.127927 0.205534 0.20518 0.149889 0.109808 0.0808204 0.0436115 0.0146303 0.00292536 0.000345599 2.4082e-05 9.89435e-07 2.39678e-08 3.42301e-10 2.88222e-12 1.43082e-14 4.18775e-17
 1.77732e-11 1.92996e-09 1.23558e-07 4.66369e-06 0.000103784 0.00136168 0.0105339 0.0480638 0.129559 0.208029 0.207071 0.14969 0.107684 0.0783989 0.042176 0.0141396 0.00282687 0.000333955 2.32705e-05 9.56094e-07 2.31601e-08 3.30766e-10 2.78509e-12 1.3826e-14 4.04663e-17
 1.8534e-11 2.01257e-09 1.28847e-07 4.86331e-06 0.000108226 0.00141996 0.0109846 0.0501164 0.13504 0.216407 0.21342 0.149021 0.100552 0.0702675 0.0373556 0.0124917 0.00249616 0.000294856 2.05457e-05 8.44136e-07 2.04481e-08 2.92033e-10 2.45896e-12 1.2207e-14 3.57277e-17
 1.96198e-11 2.13048e-09 1.36395e-07 5.14824e-06 0.000114566 0.00150314 0.0116279 0.0530461 0.142862 0.228365 0.222482 0.148066 0.090371 0.0586612 0.0304754 0.0101397 0.00202412 0.000239049 1.66564e-05 6.84336e-07 1.65771e-08 2.36749e-10 1.99346e-12 9.89613e-15 2.89642e-17
#obs surv len freq
 2.48143e-11 2.39737e-09 1.36555e-07 4.58585e-06 9.0797e-05 0.00105993 0.00729614 0.0296381 0.0713376 0.103964 0.10171 0.091739 0.0989084 0.105135 0.101317 0.0923608 0.0762752 0.0549988 0.0344255 0.0183673 0.00799137 0.0026487 0.000622982 9.83642e-05 1.00391e-05
 5.28028e-12 4.92046e-10 2.70329e-08 8.75637e-07 1.67233e-05 0.000188372 0.00125342 0.00496895 0.0122598 0.0225496 0.0438586 0.0890224 0.13935 0.15934 0.151737 0.131379 0.10085 0.0685215 0.0414578 0.0212886 0.00866994 0.00263373 0.000564425 8.13226e-05 7.59054e-06
 9.22358e-11 8.27577e-09 4.3778e-07 1.36534e-05 0.000251053 0.00272164 0.0173955 0.065556 0.145708 0.191332 0.149978 0.0755774 0.0395444 0.0475403 0.0690251 0.0732856 0.0560138 0.0343281 0.0185373 0.00873558 0.00331414 0.000932626 0.000183115 2.40135e-05 2.03733e-06
 1.08221e-10 9.33405e-09 4.74644e-07 1.423e-05 0.000251526 0.00262131 0.0161098 0.0584428 0.12582 0.165256 0.150031 0.130337 0.124424 0.09636 0.053279 0.0278749 0.0199513 0.0148453 0.00870994 0.0039083 0.00134774 0.000344722 6.18028e-05 7.39739e-06 5.71439e-07
 1.33995e-10 1.10924e-08 5.41383e-07 1.55783e-05 0.00026429 0.00264361 0.0155943 0.0543084 0.112328 0.142321 0.12689 0.113195 0.117826 0.113042 0.0919519 0.0611588 0.0304019 0.0115908 0.00420704 0.00159623 0.000518553 0.000123035 2.00689e-05 2.17641e-06 1.52559e-07
 2.04212e-10 1.6202e-08 7.57869e-07 2.09006e-05 0.000339833 0.00325786 0.0184184 0.0614773 0.121884 0.148094 0.126815 0.108944 0.109699 0.103383 0.0852797 0.060096 0.0330605 0.0135791 0.00425802 0.00109076 0.000245654 4.72233e-05 6.839e-06 6.73743e-07 4.29015e-08
 2.87532e-10 2.18337e-08 9.77477e-07 2.58003e-05 0.000401502 0.00368398 0.019936 0.0637249 0.121291 0.143216 0.124598 0.114585 0.117699 0.106772 0.0830528 0.055195 0.0291111 0.0118348 0.00375332 0.000920997 0.000171581 2.43031e-05 2.62276e-06 2.08298e-07 1.14287e-08
 4.37755e-10 3.17736e-08 1.35969e-06 3.43047e-05 0.000510283 0.00447546 0.0231509 0.0707466 0.12882 0.145977 0.123265 0.11177 0.113905 0.104088 0.0817065 0.0527711 0.0258247 0.00947804 0.0027276 0.000624222 0.00010923 1.3909e-05 1.2486e-06 7.7811e-08 3.32852e-09
 5.90815e-10 4.09408e-08 1.67263e-06 4.02888e-05 0.000572157 0.00479103 0.0236657 0.06912 0.12084 0.134337 0.119066 0.118645 0.123613 0.11 0.0837032 0.0529853 0.0258091 0.00947257 0.00266233 0.000572059 9.17817e-05 1.06657e-05 8.68591e-07 4.80346e-08 1.76023e-09
 9.8574e-10 6.51397e-08 2.53786e-06 5.82947e-05 0.000789474 0.00630414 0.0296942 0.0826822 0.137639 0.144843 0.11953 0.110969 0.112716 0.101825 0.0779149 0.0466847 0.0201763 0.00631185 0.00152044 0.000291748 4.31137e-05 4.62881e-06 3.4503e-07 1.7317e-08 5.72055e-10
 1.43025e-09 9.00353e-08 3.34158e-06 7.31195e-05 0.000943329 0.00717612 0.0322078 0.0855419 0.136543 0.141089 0.121912 0.120554 0.119804 0.100274 0.0707297 0.0400028 0.0167057 0.00506714 0.00114815 0.000197406 2.54445e-05 2.39649e-06 1.59658e-07 7.25866e-09 2.18099e-10
 2.08151e-09 1.247e-07 4.40449e-06 9.17202e-05 0.00112612 0.008153 0.0348306 0.0881242 0.134531 0.13526 0.118677 0.120911 0.121575 0.103466 0.0731589 0.0396914 0.0152599 0.00415317 0.000840395 0.000130445 1.52415e-05 1.28629e-06 7.56806e-08 3.02364e-09 8.02561e-11
 2.97441e-09 1.69425e-07 5.68975e-06 0.000112655 0.00131512 0.00905344 0.0367871 0.0886526 0.129822 0.128928 0.118636 0.126277 0.126538 0.105911 0.0727651 0.0376016 0.0135178 0.00337266 0.000611231 8.34768e-05 8.55064e-06 6.36769e-07 3.33032e-08 1.18563e-09 2.79797e-11
 3.55519e-09 1.92379e-07 6.13747e-06 0.000115443 0.00128031 0.00837454 0.0323581 0.0744487 0.106118 0.110293 0.11804 0.139306 0.143246 0.121386 0.083358 0.0423372 0.0149185 0.00366803 0.000651607 8.49113e-05 7.99729e-06 5.31806e-07 2.44743e-08 7.64775e-10 1.59023e-11
 5.0203e-09 2.57871e-07 7.80935e-06 0.000139435 0.00146793 0.0091152 0.0334455 0.0731873 0.0999427 0.102092 0.111234 0.134899 0.14604 0.131817 0.0923471 0.0453335 0.0149295 0.00337677 0.000552185 6.71377e-05 5.96921e-06 3.73979e-07 1.59805e-08 4.54893e-10 8.47814e-12
 9.91503e-09 4.83107e-07 1.38782e-05 0.000235053 0.00234728 0.0138247 0.0480899 0.0995255 0.127055 0.116513 0.10929 0.119736 0.123821 0.109217 0.0757337 0.0376901 0.0130653 0.00320389 0.000562243 6.97769e-05 6.00377e-06 3.53061e-07 1.40237e-08 3.70588e-10 6.39954e-12
 1.31638e-08 6.08053e-07 1.65593e-05 0.000265885 0.00251731 0.0140603 0.0464516 0.0919723 0.116124 0.116672 0.128597 0.144098 0.133937 0.102243 0.0627043 0.0284806 0.00923917 0.00218421 0.000383103 4.884e-05 4.34162e-06 2.59578e-07 1.01887e-08 2.58511e-10 4.19615e-12
 1.92517e-08 8.42596e-07 2.17425e-05 0.000330788 0.00296747 0.0157058 0.0491791 0.0923901 0.111216 0.108218 0.118461 0.136348 0.136558 0.113022 0.0713419 0.0317513 0.00985992 0.00221221 0.000367924 4.4809e-05 3.86009e-06 2.27007e-07 8.8447e-09 2.22865e-10 3.56569e-12
 2.82654e-08 1.17168e-06 2.86355e-05 0.000412625 0.00350609 0.0175804 0.0522144 0.0935667 0.110013 0.110676 0.126331 0.142351 0.135261 0.105935 0.0638803 0.027583 0.00844112 0.00187516 0.00030497 3.56201e-05 2.90398e-06 1.61074e-07 5.9413e-09 1.42712e-10 2.19188e-12
 4.79813e-08 1.88316e-06 4.35757e-05 0.000594504 0.0047828 0.022706 0.0638414 0.108228 0.120009 0.113155 0.122103 0.133826 0.126241 0.0972534 0.0562026 0.0228451 0.00655291 0.00137433 0.000213623 2.40244e-05 1.88242e-06 9.95197e-08 3.46605e-09 7.80857e-11 1.12166e-12
 6.43675e-08 2.39133e-06 5.2379e-05 0.000676453 0.00515208 0.0231684 0.0618693 0.100881 0.113028 0.118083 0.137803 0.146503 0.127656 0.0906345 0.049058 0.01898 0.0052296 0.00105176 0.000155233 1.64425e-05 1.21163e-06 6.03758e-08 1.98512e-09 4.21795e-11 5.69635e-13
 1.05409e-07 3.70634e-06 7.68341e-05 0.000939132 0.00676951 0.0288089 0.0727775 0.112045 0.117687 0.114453 0.127876 0.137066 0.123941 0.0890995 0.0465358 0.0167835 0.00424 0.000781141 0.000106612 1.0536e-05 7.26197e-07 3.37874e-08 1.035e-09 2.0474e-11 2.57555e-13
 1.50259e-07 4.99999e-06 9.80942e-05 0.00113473 0.00774203 0.0312051 0.0748848 0.111012 0.117747 0.123145 0.140706 0.14187 0.117136 0.0776618 0.0383355 0.0133537 0.00329293 0.000587179 7.57889e-05 6.93702e-06 4.38941e-07 1.87545e-08 5.29317e-10 9.67167e-12 1.12492e-13
 2.02424e-07 6.37461e-06 0.000118356 0.00129574 0.00836788 0.0319454 0.0728372 0.104013 0.111115 0.122921 0.145018 0.148068 0.123148 0.0796751 0.0368121 0.0116335 0.00256219 0.000410142 4.84871e-05 4.13241e-06 2.44172e-07 9.67908e-09 2.51435e-10 4.20751e-12 4.47535e-14
 2.85483e-07 8.50852e-06 0.000149513 0.00154918 0.00947025 0.0342452 0.0741853 0.101973 0.108899 0.124072 0.147174 0.149403 0.123221 0.0778689 0.034682 0.0105174 0.00221046 0.00033215 3.60169e-05 2.7731e-06 1.47857e-07 5.32794e-09 1.26817e-10 1.95272e-12 1.91171e-14
 3.74851e-07 1.05744e-05 0.000175877 0.00172499 0.00998428 0.0342286 0.0707196 0.0950168 0.105514 0.128211 0.153707 0.153704 0.124291 0.0766621 0.0334622 0.010091 0.00213725 0.000322588 3.43782e-05 2.52763e-06 1.25471e-07 4.13449e-09 8.91158e-11 1.23919e-12 1.09763e-14
 5.5215e-07 1.47444e-05 0.000232144 0.00215537 0.0118113 0.0383586 0.0752703 0.0970125 0.105771 0.127749 0.152102 0.15231 0.122397 0.0732961 0.0305987 0.00882215 0.00180349 0.000265888 2.78733e-05 2.01351e-06 9.73096e-08 3.07699e-09 6.26193e-11 8.09995e-13 6.59578e-15
 7.72318e-07 1.95252e-05 0.000291046 0.00255857 0.01328 0.0409176 0.0767414 0.0971873 0.109709 0.136304 0.158178 0.150806 0.114679 0.0649387 0.0257182 0.00707044 0.00138301 0.000195129 1.95643e-05 1.35333e-06 6.27719e-08 1.90712e-09 3.72361e-11 4.60154e-13 3.55701e-15
 1.09618e-06 2.62403e-05 0.000370363 0.00308307 0.0151577 0.0442986 0.0792723 0.0978192 0.111448 0.139447 0.160116 0.15041 0.110876 0.0593358 0.0217586 0.00546737 0.00097372 0.000125905 1.17005e-05 7.56899e-07 3.29864e-08 9.43682e-10 1.73726e-11 2.02638e-13 1.47955e-15
#pred catch len freq
 2.86446e-13 3.11048e-11 1.99139e-09 7.51724e-08 1.67368e-06 2.20148e-05 0.000172499 0.00083814 0.00296048 0.0104227 0.0371926 0.098765 0.168031 0.186851 0.156976 0.119483 0.0840273 0.0525596 0.0310515 0.0185299 0.0116458 0.00802049 0.00595399 0.0041764 0.00231776
 2.31963e-13 2.51886e-11 1.61263e-09 6.08764e-08 1.35557e-06 1.78429e-05 0.000140299 0.000692939 0.00259262 0.0100213 0.03767 0.101276 0.171686 0.1873 0.151248 0.112479 0.0836058 0.0585583 0.0370303 0.0209425 0.0111654 0.00617594 0.00377012 0.00236336 0.00126185
 5.58831e-13 6.06825e-11 3.88498e-09 1.46644e-07 3.26398e-06 4.28668e-05 0.000333286 0.00155957 0.00473766 0.0119246 0.0323351 0.078647 0.133653 0.157077 0.149692 0.13296 0.106751 0.0763544 0.0508673 0.0310993 0.0167992 0.00819495 0.00397207 0.00202757 0.000969527
 1.132e-12 1.22922e-10 7.86964e-09 2.97047e-07 6.61128e-06 8.68036e-05 0.000673938 0.0031315 0.00921667 0.021065 0.0505503 0.11523 0.185529 0.19174 0.137394 0.0873076 0.0630564 0.0496015 0.0365788 0.0237992 0.0136021 0.00676331 0.00296334 0.0012218 0.000481454
 1.00834e-12 1.09493e-10 7.00992e-09 2.64599e-07 5.88939e-06 7.73459e-05 0.000601314 0.00281274 0.00853028 0.0213587 0.0574118 0.137459 0.222792 0.225981 0.150559 0.0781063 0.039529 0.0216766 0.0134848 0.00903922 0.00562087 0.00297772 0.00131834 0.00049504 0.00016249
 7.04638e-12 7.65153e-10 4.89858e-08 1.84898e-06 4.1147e-05 0.00053991 0.00417864 0.0191101 0.0521162 0.0885589 0.111171 0.141532 0.181183 0.174074 0.115075 0.0594592 0.0286419 0.0131211 0.00574292 0.00269774 0.00143954 0.000775575 0.000362437 0.000136964 4.14459e-05
 9.51405e-12 1.03311e-09 6.61408e-08 2.49649e-06 5.55564e-05 0.000728964 0.00564105 0.0257801 0.0700595 0.117076 0.138141 0.156952 0.185119 0.166676 0.0945072 0.0320295 0.00641742 0.000758519 5.28914e-05 2.18592e-06 5.78812e-08 2.85874e-09 8.96925e-10 3.38579e-10 1.02172e-10
 9.51096e-12 1.03278e-09 6.61193e-08 2.49568e-06 5.55384e-05 0.000728728 0.00563922 0.0257717 0.0700372 0.117042 0.138115 0.156955 0.185148 0.16671 0.0945268 0.032036 0.0064186 0.000758586 5.28639e-05 2.17201e-06 5.26146e-08 7.51448e-10 6.32793e-12 3.14273e-14 9.27331e-17
 1.01601e-11 1.10327e-09 7.06321e-08 2.66601e-06 5.93289e-05 0.000778456 0.00602378 0.0275232 0.0747137 0.124191 0.143533 0.156384 0.179062 0.159771 0.0904138 0.03063 0.00613641 0.000725224 5.05388e-05 2.07647e-06 5.02999e-08 7.18369e-10 6.04877e-12 3.0028e-14 8.78876e-17
 1.15589e-11 1.25516e-09 8.03567e-08 3.03307e-06 6.74971e-05 0.000885618 0.00685248 0.0312973 0.0847911 0.139595 0.155207 0.155154 0.165947 0.14482 0.0815505 0.0276 0.00552831 0.000653331 4.55285e-05 1.87061e-06 4.53133e-08 6.47157e-10 5.4493e-12 2.70547e-14 7.9213e-17
 1.19705e-11 1.29985e-09 8.32175e-08 3.14105e-06 6.99e-05 0.000917143 0.00709627 0.0324076 0.0877556 0.144127 0.158642 0.154792 0.162089 0.140421 0.0789431 0.0267086 0.00534942 0.000632182 4.40545e-05 1.81005e-06 4.38462e-08 6.26199e-10 5.27268e-12 2.61752e-14 7.661e-17
 1.21372e-11 1.31795e-09 8.43766e-08 3.1848e-06 7.08735e-05 0.000929915 0.00719504 0.0328575 0.0889567 0.145963 0.160033 0.154645 0.160525 0.138639 0.0778867 0.0263475 0.00527694 0.000623613 4.34574e-05 1.78551e-06 4.32519e-08 6.17711e-10 5.20121e-12 2.58203e-14 7.55715e-17
 1.25436e-11 1.36208e-09 8.72018e-08 3.29143e-06 7.32465e-05 0.000961048 0.00743579 0.0339539 0.0918844 0.150438 0.163425 0.154288 0.156715 0.134296 0.0753117 0.0254672 0.00510028 0.000602727 4.20018e-05 1.72571e-06 4.18031e-08 5.9702e-10 5.02699e-12 2.49555e-14 7.30402e-17
 1.18783e-11 1.28984e-09 8.25765e-08 3.11686e-06 6.93616e-05 0.000910079 0.00704165 0.0321588 0.0870914 0.143112 0.157872 0.154873 0.162953 0.141407 0.0795273 0.0269083 0.0053895 0.000636921 4.43848e-05 1.82362e-06 4.41749e-08 6.30894e-10 5.31221e-12 2.63714e-14 7.71843e-17
 1.10225e-11 1.19692e-09 7.66277e-08 2.89232e-06 6.43648e-05 0.000844525 0.0065347 0.0298501 0.0809267 0.133688 0.150731 0.155626 0.170976 0.150553 0.0849492 0.0287619 0.00576149 0.0006809 4.74497e-05 1.94955e-06 4.72254e-08 6.7446e-10 5.67905e-12 2.81925e-14 8.25143e-17
 1.2158e-11 1.32021e-09 8.4521e-08 3.19025e-06 7.09948e-05 0.000931507 0.00720735 0.0329135 0.0891064 0.146192 0.160207 0.154627 0.160331 0.138417 0.077755 0.0263025 0.00526791 0.000622545 4.33829e-05 1.78246e-06 4.31778e-08 6.16653e-10 5.1923e-12 2.57761e-14 7.54421e-17
 1.37993e-11 1.49844e-09 9.59317e-08 3.62095e-06 8.05792e-05 0.00105725 0.00817973 0.0373421 0.100931 0.164267 0.173905 0.153184 0.144942 0.120873 0.067355 0.0227472 0.00455438 0.000538188 3.75039e-05 1.5409e-06 3.73265e-08 5.33086e-10 4.48866e-12 2.2283e-14 6.52184e-17
 1.2439e-11 1.35072e-09 8.64746e-08 3.26399e-06 7.26357e-05 0.000953035 0.00737383 0.0336717 0.0911309 0.149287 0.162552 0.15438 0.157696 0.135414 0.0759745 0.0256938 0.00514575 0.000608103 4.23764e-05 1.7411e-06 4.2176e-08 6.02346e-10 5.07183e-12 2.51781e-14 7.36917e-17
 1.35827e-11 1.47492e-09 9.44257e-08 3.5641e-06 7.93142e-05 0.00104065 0.00805139 0.0367575 0.0993703 0.161882 0.172097 0.153374 0.146973 0.123189 0.0687277 0.0232164 0.00464855 0.000549323 3.82799e-05 1.57279e-06 3.80988e-08 5.44116e-10 4.58153e-12 2.27441e-14 6.65678e-17
 1.37495e-11 1.49303e-09 9.55855e-08 3.60788e-06 8.02884e-05 0.00105343 0.00815022 0.0372077 0.100572 0.163719 0.17349 0.153228 0.145409 0.121406 0.0676706 0.0228551 0.00457603 0.000540748 3.76823e-05 1.54823e-06 3.7504e-08 5.35622e-10 4.51001e-12 2.2389e-14 6.55287e-17
 1.405e-11 1.52566e-09 9.76742e-08 3.68671e-06 8.20427e-05 0.00107645 0.00832821 0.0380183 0.102737 0.167028 0.175997 0.152963 0.142592 0.118195 0.0657669 0.0222043 0.00444542 0.000525307 3.66062e-05 1.50402e-06 3.6433e-08 5.20326e-10 4.38121e-12 2.17496e-14 6.36573e-17
 1.52699e-11 1.65812e-09 1.06155e-07 4.00681e-06 8.91659e-05 0.0011699 0.00905089 0.0413096 0.111525 0.180461 0.186178 0.151891 0.131155 0.105156 0.0580376 0.019562 0.00391512 0.000462613 3.22369e-05 1.3245e-06 3.20843e-08 4.58218e-10 3.85826e-12 1.91535e-14 5.6059e-17
 1.55419e-11 1.68767e-09 1.08046e-07 4.0782e-06 9.07545e-05 0.00119074 0.00921207 0.0420436 0.113485 0.183457 0.188449 0.151652 0.128604 0.102248 0.0563138 0.0189727 0.00379685 0.00044863 3.12625e-05 1.28446e-06 3.11144e-08 4.44367e-10 3.74163e-12 1.85746e-14 5.43644e-17
 1.64901e-11 1.79062e-09 1.14637e-07 4.32699e-06 9.62909e-05 0.00126338 0.00977376 0.0446018 0.120315 0.193899 0.196362 0.150818 0.119715 0.0921138 0.0503062 0.016919 0.00338468 0.000399902 2.78665e-05 1.14493e-06 2.77344e-08 3.96095e-10 3.33517e-12 1.65568e-14 4.84587e-17
 1.66795e-11 1.81119e-09 1.15954e-07 4.37669e-06 9.73971e-05 0.00127789 0.00988599 0.0451129 0.12168 0.195985 0.197943 0.150651 0.117939 0.0900891 0.049106 0.0165087 0.00330233 0.000390166 2.7188e-05 1.11705e-06 2.70591e-08 3.8645e-10 3.25396e-12 1.61536e-14 4.72788e-17
 1.63169e-11 1.77182e-09 1.13433e-07 4.28154e-06 9.52796e-05 0.00125011 0.00967116 0.0441345 0.119067 0.191991 0.194916 0.15097 0.121338 0.0939651 0.0514036 0.0172941 0.00345997 0.000408803 2.84868e-05 1.17042e-06 2.83518e-08 4.04913e-10 3.40942e-12 1.69254e-14 4.95375e-17
 1.69283e-11 1.83821e-09 1.17684e-07 4.44198e-06 9.88499e-05 0.00129695 0.0100334 0.0457842 0.123472 0.198725 0.200019 0.150432 0.115606 0.0874297 0.0475295 0.0159697 0.00319417 0.000377379 2.62968e-05 1.08043e-06 2.61721e-08 3.73783e-10 3.1473e-12 1.56241e-14 4.5729e-17
 1.74483e-11 1.89468e-09 1.21299e-07 4.57844e-06 0.000101886 0.00133679 0.0103415 0.0471872 0.127219 0.204451 0.204359 0.149975 0.11073 0.0818715 0.0442345 0.0148433 0.00296811 0.000350653 2.44342e-05 1.00391e-06 2.43183e-08 3.47307e-10 2.92437e-12 1.45175e-14 4.249e-17
 1.79867e-11 1.95315e-09 1.25042e-07 4.71972e-06 0.00010503 0.00137803 0.0106604 0.0486399 0.131097 0.210381 0.208853 0.149502 0.105682 0.0761166 0.040823 0.0136771 0.00273405 0.000322981 2.25057e-05 9.2467e-07 2.23989e-08 3.19895e-10 2.69356e-12 1.33716e-14 3.91363e-17
#obs catch len freq
 1.59008e-11 1.53621e-09 8.75033e-08 2.93857e-06 5.81822e-05 0.000679212 0.00467606 0.0190087 0.0459315 0.0683032 0.0728894 0.0803325 0.10249 0.120076 0.125299 0.117821 0.0949775 0.0664381 0.0420041 0.0234986 0.010764 0.00370091 0.000890884 0.000142976 1.47906e-05
 1.70877e-11 1.59232e-09 8.74818e-08 2.83364e-06 5.41148e-05 0.00060935 0.00404736 0.0158921 0.037323 0.0556061 0.0658114 0.0873236 0.118686 0.132504 0.128168 0.11614 0.0947852 0.0673871 0.0414426 0.0215688 0.00905248 0.00285857 0.000633933 9.36696e-05 8.90023e-06
 1.60113e-12 1.4366e-10 7.5996e-09 2.37035e-07 4.3605e-06 4.73882e-05 0.000306912 0.00123862 0.00373817 0.0119011 0.0387594 0.093164 0.147857 0.166991 0.157646 0.135118 0.102429 0.0687351 0.040847 0.0203907 0.00798481 0.00230759 0.000466073 6.28273e-05 5.45817e-06
 2.01533e-11 1.73822e-09 8.839e-08 2.64996e-06 4.68402e-05 0.000488153 0.00300011 0.0108851 0.023452 0.0309798 0.0295369 0.0339645 0.0635174 0.124336 0.184841 0.190667 0.142136 0.0856904 0.0455145 0.0208755 0.00760716 0.00203311 0.000375813 4.60907e-05 3.63915e-06
 5.08889e-11 4.21271e-09 2.05608e-07 5.91645e-06 0.000100379 0.00100433 0.00593307 0.0208241 0.0448491 0.0682552 0.10248 0.16494 0.204833 0.164497 0.0902227 0.0481635 0.0350012 0.0254736 0.0144708 0.00627136 0.00207447 0.000503893 8.50183e-05 9.51304e-06 6.83758e-07
 1.56072e-10 1.23826e-08 5.79211e-07 1.59736e-05 0.000259724 0.00248998 0.0140802 0.0470515 0.093855 0.117565 0.113157 0.119704 0.135846 0.131025 0.105038 0.0680605 0.0328006 0.0122852 0.00445335 0.00165903 0.000516564 0.000116077 1.78021e-05 1.80455e-06 1.17696e-07
 2.65081e-10 2.01288e-08 9.01152e-07 2.37857e-05 0.000370152 0.00339635 0.0183802 0.0587644 0.111975 0.13296 0.118208 0.1132 0.120405 0.11342 0.0923942 0.0636448 0.0339478 0.0135004 0.00411019 0.00102693 0.000224874 4.13821e-05 5.65092e-06 5.20393e-07 3.08269e-08
 3.52693e-10 2.55996e-08 1.09548e-06 2.76389e-05 0.000411132 0.00360602 0.0186579 0.0570893 0.104647 0.122463 0.115596 0.122948 0.133472 0.120654 0.092557 0.0601316 0.0307982 0.0121467 0.00372931 0.00088168 0.000157622 2.13436e-05 2.18682e-06 1.63338e-07 8.36094e-09
 5.78955e-10 4.0119e-08 1.63906e-06 3.94801e-05 0.000560672 0.00469487 0.0231909 0.0677364 0.11845 0.13184 0.117388 0.118051 0.124643 0.11305 0.0872104 0.0547665 0.0259151 0.00921369 0.00257097 0.000567491 9.50092e-05 1.14963e-05 9.75502e-07 5.71872e-08 2.2895e-09
 8.47089e-10 5.59774e-08 2.18089e-06 5.00953e-05 0.000678436 0.00541772 0.0255251 0.071163 0.119235 0.129352 0.1175 0.122213 0.127268 0.111446 0.0832646 0.0512754 0.0241535 0.00856889 0.00232463 0.000479979 7.35737e-05 8.11885e-06 6.24167e-07 3.24192e-08 1.11114e-09
 1.45165e-09 9.13823e-08 3.39158e-06 7.42134e-05 0.000957438 0.00728332 0.0326857 0.0867664 0.138134 0.141031 0.117707 0.113012 0.114715 0.10197 0.0761887 0.0440708 0.0183105 0.00552643 0.00128851 0.000238352 3.36674e-05 3.42837e-06 2.4097e-07 1.13518e-08 3.5063e-10
 2.15191e-09 1.28918e-07 4.55345e-06 9.48221e-05 0.00116421 0.00842869 0.0360078 0.0910946 0.139001 0.139443 0.12139 0.121745 0.119247 0.097813 0.0674274 0.0368828 0.0148125 0.00432322 0.000943075 0.000155656 1.91641e-05 1.71412e-06 1.07797e-07 4.60124e-09 1.29246e-10
 3.21603e-09 1.83188e-07 6.15194e-06 0.000121806 0.00142194 0.00978844 0.0397664 0.095741 0.139533 0.135746 0.11863 0.120606 0.118848 0.0989572 0.0680522 0.0355101 0.0130759 0.00341757 0.000665879 9.92553e-05 1.10654e-05 8.8539e-07 4.91332e-08 1.84331e-09 4.57663e-11
 4.62921e-09 2.50496e-07 7.99159e-06 0.000150317 0.00166703 0.0109025 0.0420936 0.0964682 0.134884 0.129918 0.119148 0.125772 0.123162 0.100724 0.0671314 0.0332725 0.0114258 0.00272944 0.000475015 6.22191e-05 6.08147e-06 4.29601e-07 2.11966e-08 7.08545e-10 1.56389e-11
 5.70661e-09 2.93123e-07 8.87693e-06 0.000158497 0.0016686 0.010361 0.0380114 0.083122 0.113123 0.113953 0.120069 0.138254 0.138275 0.114281 0.0759036 0.0369069 0.012417 0.00292088 0.000496912 6.18427e-05 5.53771e-06 3.48599e-07 1.51259e-08 4.43887e-10 8.63643e-12
 8.03366e-09 3.91438e-07 1.12448e-05 0.000190453 0.00190197 0.0112039 0.0390088 0.0811045 0.105845 0.105246 0.113538 0.134966 0.142631 0.125202 0.08426 0.0393981 0.0123518 0.0026697 0.000418274 4.86119e-05 4.10808e-06 2.43269e-07 9.78175e-09 2.61084e-10 4.5492e-12
 1.59775e-08 7.38023e-07 2.00988e-05 0.000322713 0.00305515 0.017059 0.0562669 0.110504 0.134347 0.118791 0.109246 0.117118 0.118292 0.1015 0.0676874 0.0321752 0.0106496 0.00249487 0.000417352 4.91813e-05 4.00387e-06 2.22101e-07 8.29531e-09 2.0544e-10 3.31459e-12
 2.11061e-08 9.23757e-07 2.38368e-05 0.000362651 0.00325333 0.0172193 0.0539262 0.101381 0.122387 0.119714 0.129504 0.140808 0.127144 0.0944818 0.0559041 0.0243091 0.00754677 0.00170982 0.000286653 3.47174e-05 2.9144e-06 1.63813e-07 6.02526e-09 1.42901e-10 2.16373e-12
 3.14833e-08 1.30507e-06 3.18955e-05 0.000459595 0.00390502 0.0195763 0.0580765 0.103494 0.118761 0.111582 0.118853 0.132791 0.12945 0.103763 0.0627392 0.0266204 0.00789548 0.00169598 0.000269564 3.12081e-05 2.54074e-06 1.405e-07 5.12649e-09 1.20584e-10 1.79661e-12
 4.6659e-08 1.83126e-06 4.23748e-05 0.000578123 0.0046511 0.0220829 0.0621192 0.105554 0.118205 0.114343 0.125947 0.137096 0.1266 0.0960262 0.055515 0.0228807 0.00669086 0.001421 0.000220262 2.43978e-05 1.87742e-06 9.78779e-08 3.38068e-09 7.57965e-11 1.08376e-12
 7.91962e-08 2.94223e-06 6.44454e-05 0.000832265 0.006338 0.0284834 0.0758254 0.1218 0.128338 0.115726 0.120014 0.127065 0.116393 0.0865406 0.0477982 0.0185171 0.00507481 0.00101831 0.000150935 1.60901e-05 1.18842e-06 5.89659e-08 1.92068e-09 4.0355e-11 5.39372e-13
 1.07605e-07 3.78356e-06 7.84351e-05 0.000958704 0.00691079 0.0294142 0.074357 0.114838 0.122052 0.121193 0.134793 0.137754 0.116362 0.0797945 0.0413325 0.0152524 0.00401408 0.000771253 0.000108369 1.08707e-05 7.54839e-07 3.52906e-08 1.08465e-09 2.1479e-11 2.69707e-13
 1.76635e-07 5.87765e-06 0.000115312 0.00133386 0.00909923 0.0366472 0.0876157 0.127638 0.126724 0.116315 0.123453 0.127401 0.111492 0.0769588 0.0382723 0.0131279 0.00316432 0.00055712 7.24354e-05 6.77948e-06 4.40082e-07 1.9198e-08 5.49446e-10 1.01259e-11 1.18399e-13
 2.55347e-07 8.04119e-06 0.000149299 0.00163442 0.0105532 0.0402526 0.0913867 0.127978 0.127486 0.124317 0.133757 0.12929 0.103219 0.0658133 0.0309932 0.0102796 0.00241682 0.000410708 5.03451e-05 4.35636e-06 2.59465e-07 1.0394e-08 2.74069e-10 4.6646e-12 5.04156e-14
 3.49467e-07 1.04155e-05 0.000183021 0.0018963 0.0115899 0.0418689 0.0902782 0.121537 0.121132 0.123952 0.137538 0.134735 0.108059 0.0668865 0.0293566 0.00881006 0.00184888 0.000282467 3.17675e-05 2.5604e-06 1.42284e-07 5.28223e-09 1.28093e-10 1.99578e-12 1.9723e-14
 4.93044e-07 1.39085e-05 0.000231328 0.00226866 0.0131261 0.0449168 0.0919999 0.11908 0.11829 0.124562 0.139313 0.135875 0.107921 0.0651201 0.0275257 0.00792155 0.00158375 0.000226489 2.33076e-05 1.69566e-06 8.50574e-08 2.8721e-09 6.38334e-11 9.15076e-13 8.32091e-15
 6.58684e-07 1.75892e-05 0.000276931 0.00257108 0.0140859 0.0456937 0.089185 0.112388 0.11498 0.128333 0.145056 0.139369 0.108415 0.063817 0.0264602 0.00758232 0.00152745 0.000218902 2.20628e-05 1.52789e-06 7.11911e-08 2.19532e-09 4.41599e-11 5.71662e-13 4.70386e-15
 9.78358e-07 2.47341e-05 0.000368681 0.00324066 0.0168107 0.0516561 0.0956822 0.115265 0.114817 0.126588 0.142023 0.136544 0.105239 0.0599904 0.02377 0.00651492 0.00126783 0.000177554 1.75961e-05 1.19574e-06 5.4146e-08 1.59924e-09 3.03241e-11 3.6473e-13 2.75693e-15
 1.3928e-06 3.33405e-05 0.000470565 0.00391671 0.0192449 0.0560868 0.0991056 0.116433 0.118367 0.133232 0.145423 0.132906 0.096804 0.0521533 0.0196045 0.00512353 0.000953649 0.000127733 1.21015e-05 7.87242e-07 3.42014e-08 9.70035e-10 1.76333e-11 2.02443e-13 1.45138e-15
#spawning biomass
 12585.3 6378.63 5361.43 5977.27 8980.5 13007.8 17981.1 24579.5 29493.4 42803.1 49003.9 64507.7 86141.1 103437 106831 107398 103464 85134.7 114565 101476 85824.7 109433 109401 116381 139529 136870 121615 99880.4 122020 167187 410554 637768 861289 1.06487e+06 1.24111e+06 1.38847e+06 1.50872e+06 1.60517e+06 1.68158e+06 1.74159e+06 1.78845e+06 1.82491e+06 1.85325e+06 1.87055e+06 1.8724e+06 1.87417e+06 1.87587e+06 1.87749e+06 1.87905e+06 1.88053e+06 1.88196e+06 1.88333e+06 1.88463e+06 1.88588e+06 1.88708e+06 1.88823e+06 1.88933e+06 1.89038e+06 1.89139e+06 1.89236e+06 1.89328e+06 1.89417e+06 1.89501e+06 1.89583e+06 1.8966e+06 1.89735e+06 1.89806e+06 1.89874e+06 1.8994e+06 1.90002e+06 1.90062e+06 1.9012e+06 1.90175e+06 1.90227e+06 1.90278e+06 1.90326e+06 1.90372e+06 1.90417e+06 1.90459e+06 1.905e+06 1.90538e+06 1.90576e+06 1.90611e+06 1.90645e+06 1.90678e+06 1.90709e+06 1.90739e+06 1.90768e+06 1.90796e+06 1.90822e+06 1.90847e+06 1.90871e+06 1.90894e+06 1.90917e+06 1.90938e+06 1.90958e+06 1.90978e+06 1.90996e+06 1.91014e+06 1.91031e+06 1.91047e+06 1.91063e+06 1.91078e+06 1.91092e+06 1.91106e+06 1.91119e+06 1.91132e+06 1.91144e+06 1.91156e+06 1.91167e+06 1.91177e+06 1.91187e+06 1.91197e+06 1.91206e+06 1.91215e+06 1.91224e+06 1.91232e+06 1.9124e+06 1.91247e+06 1.91255e+06 1.91261e+06 1.91268e+06 1.91274e+06 1.9128e+06 1.91286e+06 1.91292e+06 1.91297e+06 1.91302e+06 1.91307e+06 0 0 0 0 0 0 0 0 0 0 0 0 0 0 0 0 0 0 0 0 0 0 0 0 0
