SBPRF35
0.224663
Curr Bio
28457.3
B35
69448.5
F35
0.490766
FOFL
0.464648
OFL
28478.4
Bzero
64189.3
#pred survey bio
 5975.35 6813.72 7852.28 9717.89 12150.9 14252.4 13755.3 13717.2 22111.2 33545.5 34383.6 42649.6 65800.9 77803.2 65642.8 56457.1 56905.7 59588.5 54614.1 56913 56761.6 63397.7 68029.1 70405.1 74909.5 76637.4 68004.8 66399.8 70327.8 4.18976e+06 2.56956e+06 2.04465e+06 1.49595e+06 1.14672e+06 957558 860915 812273 787512 774533 767447 763401 760990 759500 758552 757936 757532 757265 757087 756968 756887 756833 756797 756772 756756 756744 756737 756732 756728 756726 756724 756723 756722 756722 756721 756721 756721 756721 756721 756721 756721 756721 756721 756721 756721 756721 756721 756721 756721 756721 756721 756721 756721 756721 756721 756721 756721 756721 756721 756721 756721 756721 756721 756721 756721 756721 756721 756721 756721 756721 756721 756721 756721 756721 756721 756721 756721 756721 756721 756721 756721 756721 756721 756721 756721 756721 756721 756721 756721 756721 756721 756721 756721 756721 756721 756721 756721 756721 756721 756721 0 0 0 0 0 0 0 0 0 0 0 0 0 0 0 0 0 0 0 0 0 0 0 0 0
#obs survey bio
 4896.31 8448.75 9571.21 9035.22 9471.19 12186.9 14902.9 22161.7 31670.4 41861.9 44067.6 74016.8 119651 97554.7 57204.9 68514.2 81649.2 52527.6 66371 48180.8 55836.5 73786.2 73087.9 77163.8 60546.7 80261.1 66320.5 67350.3 97228.4
#pred catch bio
 2798.62 3462.15 3801.78 4870.5 6135.29 7834.97 8185.32 7220.81 8721.74 18476 20457.6 19387.1 33323.5 48819.6 41935.1 34859.8 32489.4 38449 31701.4 35592.5 33799.1 37186.6 41901.7 42098.7 43059.6 48846.6 42925.4 40948.7 6379.08 28478.4 34355.9 28016.8 19460.8 14087.9 11341 10046.4 9462.51 9206.33 9095.96 9048.98 9029.15 9020.83 9017.35 9015.9 9015.3 9015.05 9014.95 9014.9 9014.88 9014.88 9014.87 9014.87 9014.87 9014.87 9014.87 9014.87 9014.87 9014.87 9014.87 9014.87 9014.87 9014.87 9014.87 9014.87 9014.87 9014.87 9014.87 9014.87 9014.87 9014.87 9014.87 9014.87 9014.87 9014.87 9014.87 9014.87 9014.87 9014.87 9014.87 9014.87 9014.87 9014.87 9014.87 9014.87 9014.87 9014.87 9014.87 9014.87 9014.87 9014.87 9014.87 9014.87 9014.87 9014.87 9014.87 9014.87 9014.87 9014.87 9014.87 9014.87 9014.87 9014.87 9014.87 9014.87 9014.87 9014.87 9014.87 9014.87 9014.87 9014.87 9014.87 9014.87 9014.87 9014.87 9014.87 9014.87 9014.87 9014.87 9014.87 9014.87 9014.87 9014.87 9014.87 9014.87 9014.87 9014.87 9014.87 9014.87 9014.87 0 0 0 0 0 0 0 0 0 0 0 0 0 0 0 0 0 0 0 0 0 0 0 0 0
#obs catch bio
 3284.23 3478.62 3751.32 4835.95 6143.93 7856.23 8352.67 7250.54 8517.44 17948.5 20520.1 18890 32005.8 48532.5 41903 35648.8 31917.7 38976 31545.8 35425.2 34764.4 37002.2 42236.3 42294.7 42936.8 49330.4 43044.9 41954.4 6265.78
#pred cpue bio
 4087.09 4459.09 5032.7 6185.93 7600.67 9202.26 9303.11 8583.93 12186 21391.3 22637.7 24425.9 39629.1 50473.9 43612.5 36344.9 35176.3 38375.4 34238.9 36254.2 35086.1 38685.8 42809.9 43371.3 46681.5 49622.4 43605.7 41107.9 43044.8 3.02035e+06 2.18256e+06 1.87099e+06 1.35179e+06 1.00334e+06 813867 717141 668483 643720 630740 623653 619608 617197 615707 614758 614142 613739 613472 613294 613174 613094 613040 613003 612979 612962 612951 612943 612938 612935 612932 612931 612930 612929 612928 612928 612928 612928 612928 612927 612927 612927 612927 612927 612927 612927 612927 612927 612927 612927 612927 612927 612927 612927 612927 612927 612927 612927 612927 612927 612927 612927 612927 612927 612927 612927 612927 612927 612927 612927 612927 612927 612927 612927 612927 612927 612927 612927 612927 612927 612927 612927 612927 612927 612927 612927 612927 612927 612927 612927 612927 612927 612927 612927 612927 612927 612927 612927 612927 612927 612927 0 0 0 0 0 0 0 0 0 0 0 0 0 0 0 0 0 0 0 0 0 0 0 0 0
#obs cpue bio
 4060.9 3669.68 5424.45 6942.38 7529.05 9859.69 6102.5 8126.14 12342.5 22416 20581.2 23797.2 39510.6 31848.2 41950.5 23359.6 36116.8 30956.9 33636.5 41729 19526.5 42820.6 35773.9 36989.4 53958.4 44227.9 45618 33736.4 40966.2
#pred surv len freq
 2.14422e-27 2.1699e-27 6.28845e-27 1.40915e-21 8.38074e-17 1.14592e-12 3.6022e-09 2.60332e-06 0.000432538 0.0165227 0.145103 0.292967 0.136508 0.0283728 0.085007 0.119431 0.0474549 0.034906 0.029976 0.0180857 0.0137521 0.0105174 0.00954618 0.00812469 0.00329006
 2.14285e-27 2.16724e-27 6.04141e-27 1.32541e-21 7.8827e-17 1.07782e-12 3.38814e-09 2.44862e-06 0.000406834 0.0155408 0.13648 0.275559 0.128574 0.0314319 0.108933 0.153062 0.058485 0.0361702 0.0283761 0.0117491 0.00640613 0.00365919 0.00255778 0.00187442 0.000733326
 2.14341e-27 2.16886e-27 6.23012e-27 1.38948e-21 8.26377e-17 1.12992e-12 3.55193e-09 2.56699e-06 0.000426501 0.0162921 0.143078 0.288879 0.134699 0.030531 0.0994192 0.139772 0.0555369 0.0405981 0.0318591 0.0113188 0.0046606 0.00166814 0.00072487 0.000394877 0.000139789
 2.14345e-27 2.16895e-27 6.2389e-27 1.39245e-21 8.28142e-17 1.13234e-12 3.55952e-09 2.57247e-06 0.000427412 0.0163269 0.143383 0.289496 0.134996 0.0308498 0.101179 0.14218 0.055394 0.0374096 0.0295859 0.0117591 0.00508287 0.00143681 0.000354644 0.000105868 2.916e-05
 2.14396e-27 2.1702e-27 6.36873e-27 1.43648e-21 8.54328e-17 1.16814e-12 3.67207e-09 2.65381e-06 0.000440927 0.0168431 0.147917 0.29865 0.139221 0.0306526 0.097217 0.136568 0.0530522 0.0353557 0.0276558 0.0103595 0.00440136 0.00133018 0.000282531 4.41561e-05 6.73459e-06
 2.14256e-27 2.16676e-27 6.00287e-27 1.31237e-21 7.80514e-17 1.06721e-12 3.3548e-09 2.42452e-06 0.000402831 0.0153879 0.135137 0.272848 0.127341 0.0319654 0.113008 0.158819 0.0608168 0.0379672 0.0293958 0.0108404 0.00446474 0.00129255 0.000272786 3.58641e-05 2.93017e-06
 2.14094e-27 2.16287e-27 5.6022e-27 1.1765e-21 6.99711e-17 9.5673e-13 3.00749e-09 2.17352e-06 0.000361128 0.0137948 0.121147 0.244602 0.114295 0.0323027 0.12358 0.173906 0.06866 0.048933 0.0382002 0.0132923 0.00515063 0.00144259 0.000291383 3.64625e-05 2.41469e-06
 2.14439e-27 2.17132e-27 6.49487e-27 1.47931e-21 8.798e-17 1.20297e-12 3.78155e-09 2.73294e-06 0.000454074 0.0173453 0.152327 0.307554 0.143294 0.0295187 0.0876109 0.123148 0.0499608 0.0394653 0.0314337 0.0116578 0.00471232 0.00124887 0.000235973 2.80912e-05 1.73475e-06
 2.14727e-27 2.17823e-27 7.2055e-27 1.72026e-21 1.0231e-16 1.39891e-12 4.3975e-09 3.17809e-06 0.000528034 0.0201706 0.177139 0.357647 0.166436 0.029057 0.0696941 0.0975606 0.03641 0.0199509 0.0153927 0.00626798 0.00278664 0.000787556 0.000150714 1.69426e-05 9.83881e-07
 2.14215e-27 2.16564e-27 5.86751e-27 1.26637e-21 7.53158e-17 1.02981e-12 3.23722e-09 2.33955e-06 0.000388712 0.0148485 0.130401 0.263286 0.122989 0.0338038 0.127113 0.178486 0.0648626 0.0301878 0.0220694 0.00749978 0.00293767 0.000908354 0.000193061 2.26585e-05 1.285e-06
 2.14228e-27 2.16615e-27 5.95079e-27 1.29476e-21 7.70041e-17 1.05289e-12 3.30978e-09 2.39199e-06 0.000397426 0.0151814 0.133324 0.269186 0.125612 0.0309958 0.108193 0.152275 0.0618803 0.0490728 0.0380018 0.0112515 0.00352217 0.00090124 0.00017928 2.28015e-05 1.37779e-06
 2.14658e-27 2.17661e-27 7.04036e-27 1.66428e-21 9.89809e-17 1.35339e-12 4.25439e-09 3.07466e-06 0.00051085 0.0195141 0.171374 0.346008 0.161052 0.0289692 0.0726665 0.101862 0.0394483 0.0259513 0.0204431 0.00804608 0.00328195 0.000740801 0.000114518 1.26465e-05 7.70881e-07
 2.14434e-27 2.17102e-27 6.43674e-27 1.45946e-21 8.67997e-17 1.18683e-12 3.73082e-09 2.69627e-06 0.000447982 0.0171126 0.150284 0.303428 0.141479 0.0319684 0.103809 0.145609 0.0528615 0.0244548 0.0180688 0.0066879 0.00280562 0.000818282 0.000148089 1.39871e-05 7.09273e-07
 2.14219e-27 2.16583e-27 5.90263e-27 1.27835e-21 7.60286e-17 1.03955e-12 3.26785e-09 2.36169e-06 0.000392391 0.0149891 0.131635 0.265777 0.124087 0.0323684 0.1176 0.165322 0.0636003 0.0404993 0.0306107 0.00914158 0.00296714 0.000821799 0.000166665 1.89121e-05 9.55829e-07
 2.14142e-27 2.16397e-27 5.71204e-27 1.21373e-21 7.21851e-17 9.87002e-13 3.10265e-09 2.2423e-06 0.000372554 0.0142313 0.12498 0.252342 0.117882 0.0325239 0.122598 0.172435 0.0669845 0.0445955 0.0343884 0.0115235 0.00406183 0.000912954 0.000148566 1.70686e-05 9.79825e-07
 2.14296e-27 2.16778e-27 6.11645e-27 1.35092e-21 8.03443e-17 1.09857e-12 3.45335e-09 2.49575e-06 0.000414665 0.0158399 0.139107 0.280863 0.131014 0.0310912 0.105255 0.14799 0.0583584 0.0413891 0.0322559 0.0110983 0.0041291 0.00101459 0.000161509 1.52605e-05 8.00546e-07
 2.14399e-27 2.17023e-27 6.36439e-27 1.43497e-21 8.53432e-17 1.16692e-12 3.66821e-09 2.65103e-06 0.000440465 0.0168254 0.147762 0.298337 0.139098 0.0312581 0.101008 0.141825 0.0537568 0.0319238 0.024472 0.00879917 0.00344367 0.000882136 0.00015072 1.46418e-05 6.92931e-07
 2.14231e-27 2.16611e-27 5.92827e-27 1.28703e-21 7.65446e-17 1.04661e-12 3.29004e-09 2.37772e-06 0.000395055 0.0150908 0.132528 0.267581 0.124932 0.0326625 0.118851 0.167004 0.0630439 0.0366463 0.0276953 0.00916 0.00333794 0.000889721 0.000161839 1.67085e-05 8.23416e-07
 2.14358e-27 2.16924e-27 6.26238e-27 1.40038e-21 8.3286e-17 1.13879e-12 3.57979e-09 2.58713e-06 0.000429847 0.0164199 0.1442 0.291146 0.135775 0.031293 0.103389 0.145256 0.0560236 0.0361094 0.0275153 0.00867308 0.00291815 0.000711874 0.000123579 1.32974e-05 6.95052e-07
 2.14286e-27 2.16745e-27 6.07176e-27 1.33571e-21 7.94399e-17 1.0862e-12 3.41448e-09 2.46766e-06 0.000409997 0.0156616 0.137541 0.277702 0.12959 0.0320897 0.112304 0.157783 0.0598948 0.0358216 0.027339 0.00942903 0.00347128 0.000817417 0.00013008 1.30729e-05 6.82696e-07
 2.14399e-27 2.17024e-27 6.36568e-27 1.43541e-21 8.53692e-17 1.16727e-12 3.66933e-09 2.65184e-06 0.000440599 0.0168306 0.147807 0.298428 0.139138 0.0311808 0.100508 0.14115 0.0539437 0.0333236 0.0253286 0.00819105 0.00287198 0.000722566 0.000120556 1.14924e-05 5.57477e-07
 2.1442e-27 2.17071e-27 6.41075e-27 1.45067e-21 8.62771e-17 1.17969e-12 3.70836e-09 2.68004e-06 0.000445285 0.0170096 0.149379 0.301601 0.140616 0.0314702 0.101319 0.142214 0.0532434 0.0296299 0.0222728 0.00740655 0.00264014 0.000634974 0.000104804 1.04525e-05 5.05211e-07
 2.14307e-27 2.16793e-27 6.117e-27 1.35103e-21 8.0351e-17 1.09866e-12 3.45364e-09 2.49596e-06 0.0004147 0.0158412 0.139119 0.280886 0.131072 0.0323435 0.112893 0.158559 0.0594397 0.033295 0.0248845 0.00784207 0.00264588 0.000644769 0.000106204 1.03646e-05 5.07412e-07
 2.14409e-27 2.17047e-27 6.38982e-27 1.4436e-21 8.58563e-17 1.17393e-12 3.69027e-09 2.66697e-06 0.000443113 0.0169266 0.14865 0.30013 0.139923 0.0311234 0.0996451 0.139935 0.053547 0.0332704 0.0252113 0.00788595 0.00259995 0.000601336 9.49903e-05 9.23582e-06 4.47764e-07
 2.14341e-27 2.16877e-27 6.20572e-27 1.38112e-21 8.21407e-17 1.12313e-12 3.53057e-09 2.55155e-06 0.000423936 0.0161941 0.142217 0.287142 0.133956 0.0321417 0.109776 0.15414 0.0575319 0.0314839 0.0236096 0.00785406 0.00277775 0.000641249 9.77316e-05 9.06112e-06 4.28526e-07
 2.14231e-27 2.16612e-27 5.9341e-27 1.28903e-21 7.66635e-17 1.04824e-12 3.29515e-09 2.38141e-06 0.000395668 0.0151142 0.132734 0.267996 0.125108 0.0322411 0.116154 0.163279 0.0628011 0.0399691 0.0304138 0.00960729 0.00325151 0.000791999 0.000127662 1.17306e-05 5.33605e-07
 2.14278e-27 2.16728e-27 6.05747e-27 1.33088e-21 7.91525e-17 1.08227e-12 3.40213e-09 2.45873e-06 0.000408514 0.015605 0.137044 0.276697 0.129114 0.0318022 0.110852 0.1558 0.0600608 0.0386426 0.029643 0.0098708 0.00349884 0.000817446 0.000129034 1.23682e-05 5.74959e-07
 2.14393e-27 2.17009e-27 6.34996e-27 1.43008e-21 8.50521e-17 1.16294e-12 3.6557e-09 2.64199e-06 0.000438962 0.0167681 0.147258 0.297319 0.138628 0.0312548 0.101294 0.142249 0.0542023 0.0330172 0.0251705 0.00845296 0.00306286 0.000748936 0.000120865 1.13414e-05 5.3155e-07
 2.14402e-27 2.17026e-27 6.36147e-27 1.43395e-21 8.52825e-17 1.16609e-12 3.66561e-09 2.64915e-06 0.000440152 0.0168135 0.147657 0.298125 0.139018 0.0317358 0.103988 0.145962 0.0543809 0.0294571 0.0219943 0.0071688 0.0025206 0.000622212 0.000103828 1.00784e-05 4.7438e-07
#obs surv len freq
 8.64234e-40 4.22983e-33 4.75947e-27 1.23123e-21 7.32258e-17 1.00123e-12 3.14738e-09 2.27462e-06 0.000377931 0.0144365 0.126781 0.255978 0.119549 0.0321449 0.119188 0.167625 0.0651989 0.0436943 0.034268 0.0130074 0.00558933 0.0017183 0.000384847 5.26017e-05 3.65222e-06
 1.04005e-39 5.09035e-33 5.72774e-27 1.48171e-21 8.8123e-17 1.20492e-12 3.78768e-09 2.73737e-06 0.000454818 0.0173734 0.152574 0.308052 0.143566 0.0305984 0.0940523 0.132047 0.0506511 0.0318732 0.0246682 0.00901255 0.00370625 0.00109665 0.000237739 3.17759e-05 2.1552e-06
 9.69758e-40 4.7463e-33 5.34061e-27 1.38156e-21 8.21668e-17 1.12348e-12 3.53168e-09 2.55235e-06 0.000424077 0.0161992 0.142261 0.287233 0.134025 0.0328464 0.11405 0.160037 0.057861 0.0260127 0.0189648 0.00661215 0.00257429 0.000726505 0.000149541 1.91967e-05 1.26563e-06
 1.05072e-39 5.14255e-33 5.78648e-27 1.49691e-21 8.90268e-17 1.21728e-12 3.82653e-09 2.76544e-06 0.000459482 0.0175516 0.154138 0.311212 0.145055 0.0313619 0.0977613 0.137154 0.0508653 0.0268204 0.0196598 0.00567762 0.00173261 0.000450309 8.67061e-05 1.05065e-05 6.61267e-07
 9.83972e-40 4.81586e-33 5.41889e-27 1.40181e-21 8.33712e-17 1.13995e-12 3.58344e-09 2.58976e-06 0.000430293 0.0164366 0.144346 0.291443 0.135972 0.0328728 0.112943 0.158453 0.057012 0.0247472 0.0176653 0.00547206 0.00175726 0.0003818 5.88436e-05 6.41745e-06 3.78136e-07
 8.1396e-40 3.98377e-33 4.4826e-27 1.15961e-21 6.89662e-17 9.42988e-13 2.96429e-09 2.1423e-06 0.000355946 0.0135967 0.119406 0.241089 0.112765 0.034792 0.139835 0.196466 0.0719034 0.0349913 0.0252286 0.00706107 0.00199087 0.000444451 6.59124e-05 5.90573e-06 2.9431e-07
 7.92277e-40 3.87765e-33 4.36319e-27 1.12872e-21 6.7129e-17 9.17867e-13 2.88532e-09 2.08523e-06 0.000346464 0.0132345 0.116225 0.234667 0.10975 0.0335829 0.134391 0.189051 0.0728174 0.046624 0.035213 0.0103267 0.00305123 0.000625794 8.44239e-05 7.30934e-06 3.22853e-07
 1.3302e-39 6.51039e-33 7.32559e-27 1.89506e-21 1.12706e-16 1.54106e-12 4.84432e-09 3.501e-06 0.000581697 0.0222201 0.195137 0.393985 0.183176 0.0274623 0.0490079 0.0683967 0.0260749 0.015925 0.0121488 0.00408147 0.00144022 0.000313533 4.24731e-05 3.39567e-06 1.39129e-07
 1.10601e-39 5.41317e-33 6.09099e-27 1.57568e-21 9.37116e-17 1.28134e-12 4.02789e-09 2.91097e-06 0.000483662 0.0184752 0.16225 0.327589 0.152675 0.032649 0.100682 0.140904 0.0471836 0.00946614 0.00520245 0.00167745 0.000590088 0.00014591 2.30483e-05 1.94094e-06 7.71549e-08
 6.36952e-40 3.11744e-33 3.50779e-27 9.07432e-22 5.39684e-17 7.3792e-13 2.31966e-09 1.67642e-06 0.00027854 0.0106399 0.0934394 0.188664 0.0886747 0.0387132 0.179574 0.25227 0.0887885 0.0322652 0.0213451 0.00455209 0.000644151 0.00012609 2.06454e-05 1.9794e-06 8.71216e-08
 1.23246e-39 6.03203e-33 6.78734e-27 1.75582e-21 1.04425e-16 1.42783e-12 4.48838e-09 3.24377e-06 0.000538956 0.0205874 0.180799 0.365038 0.169809 0.0278748 0.0602515 0.0844476 0.0345403 0.0279836 0.0213762 0.00539927 0.00116613 0.000171166 1.32921e-05 9.70059e-07 4.50649e-08
 1.17911e-39 5.77094e-33 6.49355e-27 1.67982e-21 9.99052e-17 1.36602e-12 4.29411e-09 3.10336e-06 0.000515628 0.0196963 0.172973 0.349238 0.162632 0.0312822 0.0858133 0.119995 0.0404614 0.00906937 0.00538957 0.0020106 0.000763018 0.000142569 1.36479e-05 7.04774e-07 1.91987e-08
 8.81656e-40 4.31509e-33 4.85541e-27 1.25605e-21 7.4702e-17 1.02141e-12 3.21082e-09 2.32047e-06 0.000385549 0.0147275 0.129337 0.261139 0.122068 0.035679 0.139207 0.195266 0.0672151 0.0196002 0.0121883 0.00265212 0.000422471 9.50747e-05 1.48359e-05 1.01122e-06 2.7854e-08
 9.21952e-40 4.51231e-33 5.07733e-27 1.31346e-21 7.81162e-17 1.0681e-12 3.35757e-09 2.42653e-06 0.000403171 0.0154006 0.135248 0.273073 0.127494 0.0332492 0.120777 0.16962 0.062687 0.0323482 0.0231591 0.0054119 0.000972543 0.00014008 1.22267e-05 9.55903e-07 3.74104e-08
 7.36878e-40 3.60651e-33 4.0581e-27 1.04979e-21 6.24351e-17 8.53687e-13 2.68357e-09 1.93942e-06 0.000322238 0.0123091 0.108098 0.21826 0.102264 0.0362272 0.155477 0.218456 0.0788756 0.03508 0.0249815 0.0072442 0.00203405 0.000338775 2.82702e-05 1.43365e-06 4.23167e-08
 1.12313e-39 5.49694e-33 6.18525e-27 1.60006e-21 9.51618e-17 1.30117e-12 4.09023e-09 2.95602e-06 0.000491146 0.0187612 0.16476 0.332657 0.154913 0.0298588 0.0821219 0.115197 0.0443128 0.0281909 0.0211071 0.00575392 0.00152392 0.000308887 3.70627e-05 2.18066e-06 5.4687e-08
 8.70831e-40 4.26211e-33 4.7958e-27 1.24063e-21 7.37848e-17 1.00887e-12 3.1714e-09 2.29198e-06 0.000380816 0.0145467 0.127749 0.257933 0.120586 0.0356903 0.140242 0.196727 0.0677165 0.0197839 0.0128117 0.00413685 0.00137987 0.000277371 3.40272e-05 2.49096e-06 8.08196e-08
 9.54038e-40 4.66936e-33 5.25404e-27 1.35917e-21 8.08349e-17 1.10527e-12 3.47443e-09 2.51098e-06 0.000417202 0.0159366 0.139955 0.282577 0.13187 0.0327923 0.115124 0.161647 0.0598145 0.031091 0.0222845 0.00522248 0.00101641 0.000215234 3.13507e-05 2.40525e-06 8.62306e-08
 1.00966e-39 4.94156e-33 5.56033e-27 1.4384e-21 8.55473e-17 1.1697e-12 3.67698e-09 2.65736e-06 0.000441524 0.0168656 0.148114 0.299049 0.13948 0.0326281 0.109157 0.153101 0.0549262 0.0233307 0.016474 0.00480844 0.00136463 0.000232341 2.3098e-05 1.78386e-06 7.12516e-08
 8.6651e-40 4.24097e-33 4.772e-27 1.23447e-21 7.34187e-17 1.00387e-12 3.15567e-09 2.28061e-06 0.000378926 0.0144745 0.127115 0.256654 0.11997 0.0350484 0.136709 0.191886 0.0679189 0.0259366 0.017712 0.00471573 0.00120352 0.000243817 2.9779e-05 1.89785e-06 6.16332e-08
 1.11514e-39 5.45783e-33 6.14124e-27 1.58868e-21 9.44848e-17 1.29191e-12 4.06113e-09 2.93499e-06 0.000487652 0.0186277 0.163588 0.330291 0.153851 0.0306964 0.0879487 0.123288 0.045514 0.0233473 0.0168373 0.00431251 0.000999444 0.000184942 2.19987e-05 1.61523e-06 5.47988e-08
 8.90314e-40 4.35747e-33 4.9031e-27 1.26838e-21 7.54356e-17 1.03145e-12 3.24236e-09 2.34326e-06 0.000389336 0.0148721 0.130607 0.263704 0.12324 0.0353348 0.136333 0.191238 0.0660805 0.0201223 0.0130331 0.0037572 0.00106761 0.000196352 2.11705e-05 1.44728e-06 5.06761e-08
 1.00618e-39 4.92454e-33 5.54117e-27 1.43345e-21 8.52526e-17 1.16567e-12 3.66431e-09 2.6482e-06 0.000440003 0.0168075 0.147604 0.298019 0.138991 0.0322916 0.107413 0.150731 0.0552995 0.0272995 0.0194171 0.00459428 0.000897019 0.000170492 2.12636e-05 1.44595e-06 4.69075e-08
 1.03474e-39 5.06434e-33 5.69848e-27 1.47414e-21 8.76728e-17 1.19877e-12 3.76834e-09 2.72338e-06 0.000452494 0.0172847 0.151794 0.306479 0.142913 0.032593 0.106703 0.149587 0.052933 0.0201785 0.0138695 0.00393534 0.00107339 0.000182165 1.74556e-05 1.18723e-06 4.13311e-08
 8.73872e-40 4.27699e-33 4.81254e-27 1.24496e-21 7.40424e-17 1.0124e-12 3.18248e-09 2.29998e-06 0.000382145 0.0145975 0.128195 0.258834 0.120977 0.0350186 0.135871 0.190693 0.0673624 0.0252908 0.0171357 0.00438539 0.00103049 0.00020043 2.3702e-05 1.47383e-06 4.43752e-08
 9.25579e-40 4.53007e-33 5.0973e-27 1.31862e-21 7.84235e-17 1.0723e-12 3.37079e-09 2.43607e-06 0.000404757 0.0154612 0.13578 0.274148 0.12799 0.033248 0.120447 0.169135 0.0622481 0.0313449 0.0225188 0.00572138 0.00129421 0.00022889 2.52268e-05 1.76229e-06 5.78777e-08
 9.7264e-40 4.7604e-33 5.35648e-27 1.38567e-21 8.2411e-17 1.12682e-12 3.54217e-09 2.55993e-06 0.000425337 0.0162473 0.142684 0.288086 0.134427 0.0330464 0.115014 0.16138 0.0581554 0.0255128 0.018093 0.00518223 0.00145103 0.000263587 2.74932e-05 1.77147e-06 5.8109e-08
 1.13115e-39 5.53619e-33 6.22941e-27 1.61149e-21 9.58413e-17 1.31046e-12 4.11943e-09 2.97712e-06 0.000494653 0.0188951 0.165937 0.335033 0.156057 0.0310639 0.0887624 0.124324 0.0443595 0.0180707 0.0125384 0.00338232 0.000879899 0.000176641 2.17549e-05 1.44651e-06 4.4939e-08
 1.13115e-39 5.53619e-33 6.22941e-27 1.61149e-21 9.58413e-17 1.31046e-12 4.11943e-09 2.97712e-06 0.000494653 0.0188951 0.165937 0.335033 0.156057 0.0310639 0.0887624 0.124324 0.0443595 0.0180707 0.0125384 0.00338232 0.000879899 0.000176641 2.17549e-05 1.44651e-06 4.4939e-08
#pred catch len freq
 2.14028e-27 2.15984e-27 5.21286e-27 1.04431e-21 6.21092e-17 8.49233e-13 2.66957e-09 1.92931e-06 0.000320552 0.0122449 0.107535 0.217119 0.101473 0.0291918 0.112864 0.158975 0.0648616 0.0525639 0.0456734 0.0277495 0.0211431 0.0161476 0.0146393 0.012454 0.00504276
 2.139e-27 2.15779e-27 5.04895e-27 9.88802e-22 5.88078e-17 8.04092e-13 2.52767e-09 1.82676e-06 0.000303513 0.011594 0.101819 0.20558 0.0962913 0.0332808 0.141311 0.198913 0.0774791 0.0522818 0.0414997 0.0172573 0.00943057 0.00537817 0.00375391 0.00274942 0.00107554
 2.1394e-27 2.15911e-27 5.21526e-27 1.04531e-21 6.21683e-17 8.5004e-13 2.67211e-09 1.93114e-06 0.000320857 0.0122565 0.107637 0.217327 0.101683 0.0322427 0.131435 0.185183 0.0753909 0.0602582 0.047761 0.0170437 0.0070434 0.00251831 0.00109246 0.000594663 0.00021048
 2.13954e-27 2.15947e-27 5.25118e-27 1.05747e-21 6.28919e-17 8.59935e-13 2.70322e-09 1.95362e-06 0.000324591 0.0123992 0.10889 0.219856 0.102869 0.0326904 0.133405 0.187845 0.0747424 0.0549974 0.0439545 0.0175426 0.00760342 0.00214722 0.000529098 0.000157762 4.34389e-05
 2.14013e-27 2.16091e-27 5.40026e-27 1.10802e-21 6.58985e-17 9.01044e-13 2.83244e-09 2.04701e-06 0.000340108 0.0129919 0.114096 0.230366 0.107723 0.0325472 0.129363 0.182106 0.0721833 0.0522967 0.0413298 0.0155382 0.00661842 0.00199819 0.000423843 6.61682e-05 1.00855e-05
 2.13889e-27 2.15783e-27 5.07029e-27 9.96076e-22 5.92404e-17 8.10007e-13 2.54627e-09 1.84019e-06 0.000305746 0.0116793 0.102568 0.207092 0.0970147 0.0339273 0.144803 0.203835 0.0793797 0.0534653 0.0418082 0.0154562 0.00637588 0.00184345 0.00038844 5.10202e-05 4.16587e-06
 2.13743e-27 2.15435e-27 4.71602e-27 8.75965e-22 5.20969e-17 7.12333e-13 2.23923e-09 1.6183e-06 0.000268877 0.0102709 0.0901999 0.182122 0.0854697 0.0339118 0.152235 0.214532 0.0861965 0.0657115 0.051687 0.0180098 0.00698385 0.00195311 0.000393826 4.92312e-05 3.25841e-06
 2.14066e-27 2.16229e-27 5.55738e-27 1.16138e-21 6.90717e-17 9.44432e-13 2.96883e-09 2.14558e-06 0.000356486 0.0136175 0.11959 0.241458 0.112794 0.0310357 0.116793 0.164557 0.0682801 0.05817 0.0466917 0.0173644 0.00703262 0.00186175 0.00035122 4.17693e-05 2.57798e-06
 2.14363e-27 2.16937e-27 6.27769e-27 1.40558e-21 8.35952e-17 1.14301e-12 3.59308e-09 2.59673e-06 0.000431443 0.0164808 0.144735 0.292226 0.136273 0.0312393 0.102734 0.144283 0.054925 0.0333639 0.0261538 0.0107212 0.00478767 0.00135255 0.000258577 2.90448e-05 1.68577e-06
 2.13858e-27 2.15691e-27 4.95041e-27 9.55301e-22 5.68154e-17 7.76849e-13 2.44203e-09 1.76486e-06 0.00029323 0.0112012 0.0983693 0.198616 0.093184 0.0362729 0.161678 0.227317 0.0836005 0.0419906 0.0311239 0.0106016 0.00415942 0.00128445 0.000272609 3.1966e-05 1.81184e-06
 2.13877e-27 2.15763e-27 5.06454e-27 9.94198e-22 5.91287e-17 8.0848e-13 2.54147e-09 1.83673e-06 0.000305169 0.0116573 0.102375 0.206702 0.0967813 0.0325191 0.136325 0.192195 0.079589 0.0672403 0.0523974 0.0155268 0.00486337 0.00124254 0.000246698 3.13439e-05 1.893e-06
 2.14298e-27 2.16786e-27 6.12798e-27 1.35484e-21 8.05777e-17 1.10176e-12 3.46339e-09 2.503e-06 0.00041587 0.0158859 0.139511 0.281679 0.131381 0.0308254 0.103387 0.145364 0.0575009 0.0413471 0.0329383 0.0130235 0.00532921 0.00120223 0.000185575 2.04722e-05 1.24719e-06
 2.1407e-27 2.16212e-27 5.50198e-27 1.1424e-21 6.79431e-17 9.29001e-13 2.92033e-09 2.11053e-06 0.000350661 0.013395 0.117636 0.237514 0.111101 0.034501 0.139136 0.19551 0.0718937 0.0361103 0.0270854 0.0100589 0.00422921 0.00123222 0.000222731 2.10181e-05 1.06506e-06
 2.13894e-27 2.15791e-27 5.07403e-27 9.97322e-22 5.93145e-17 8.11021e-13 2.54945e-09 1.8425e-06 0.000306128 0.0116939 0.102696 0.207352 0.0971464 0.034241 0.146641 0.206427 0.0804246 0.0541748 0.0412348 0.0123132 0.00399309 0.00110377 0.000223425 2.53282e-05 1.2794e-06
 2.13818e-27 2.15611e-27 4.89079e-27 9.35197e-22 5.56197e-17 7.60501e-13 2.39064e-09 1.72772e-06 0.000287059 0.0109655 0.0962992 0.194436 0.0911757 0.0342541 0.150614 0.212107 0.0834794 0.058725 0.0455797 0.0152703 0.00537855 0.00120693 0.000195953 2.24844e-05 1.28997e-06
 2.13965e-27 2.15974e-27 5.27766e-27 1.06644e-21 6.34255e-17 8.67231e-13 2.72615e-09 1.9702e-06 0.000327345 0.0125044 0.109814 0.221722 0.103734 0.032761 0.133275 0.187686 0.0750985 0.0563713 0.0442084 0.015211 0.00565606 0.0013875 0.000220455 2.08054e-05 1.09059e-06
 2.14057e-27 2.1619e-27 5.49273e-27 1.13933e-21 6.77604e-17 9.26503e-13 2.91247e-09 2.10485e-06 0.000349718 0.013359 0.117319 0.236875 0.11076 0.0332837 0.131898 0.185523 0.0713016 0.0452677 0.0350192 0.0126066 0.00493635 0.0012627 0.000215371 2.0901e-05 9.88516e-07
 2.13919e-27 2.15849e-27 5.13013e-27 1.01632e-21 6.04445e-17 8.26471e-13 2.59802e-09 1.8776e-06 0.00031196 0.0119167 0.104653 0.211302 0.0989863 0.0346093 0.147698 0.207799 0.0792565 0.0484983 0.0369109 0.0121991 0.00443868 0.00118072 0.000214347 2.2105e-05 1.08867e-06
 2.14015e-27 2.1609e-27 5.39045e-27 1.10466e-21 6.56982e-17 8.98306e-13 2.82384e-09 2.04079e-06 0.000339075 0.0129524 0.113749 0.229666 0.107424 0.033219 0.133676 0.188131 0.073651 0.0506609 0.0389163 0.012278 0.0041332 0.00100685 0.000174457 1.87518e-05 9.79575e-07
 2.13964e-27 2.15962e-27 5.2512e-27 1.0574e-21 6.28877e-17 8.59878e-13 2.70304e-09 1.95349e-06 0.00032457 0.0123983 0.108883 0.219842 0.102913 0.0340281 0.141576 0.19919 0.0764882 0.0483479 0.0371721 0.0128171 0.0047147 0.00110835 0.000176008 1.76669e-05 9.21979e-07
 2.14071e-27 2.16224e-27 5.52813e-27 1.15134e-21 6.84746e-17 9.36268e-13 2.94317e-09 2.12704e-06 0.000353404 0.0134998 0.118556 0.239371 0.111908 0.0331275 0.130192 0.183149 0.0709141 0.0465207 0.0356356 0.011528 0.00404096 0.00101503 0.000169042 1.60969e-05 7.80287e-07
 2.14092e-27 2.16271e-27 5.57135e-27 1.16597e-21 6.93446e-17 9.48164e-13 2.98057e-09 2.15406e-06 0.000357895 0.0136713 0.120062 0.242413 0.113331 0.0335808 0.132043 0.185651 0.070336 0.0416444 0.0315883 0.0105099 0.0037463 0.000899644 0.000148201 1.47643e-05 7.13169e-07
 2.13984e-27 2.16005e-27 5.29057e-27 1.07073e-21 6.36801e-17 8.70712e-13 2.73709e-09 1.97811e-06 0.000328659 0.0125546 0.110255 0.222612 0.104208 0.0344239 0.143158 0.201349 0.0763171 0.0452653 0.0341109 0.0107494 0.00362434 0.000881701 0.000144945 1.41293e-05 6.91247e-07
 2.14083e-27 2.16254e-27 5.559e-27 1.16181e-21 6.90972e-17 9.44781e-13 2.96993e-09 2.14638e-06 0.000356617 0.0136225 0.119634 0.241548 0.112912 0.0330643 0.129151 0.181682 0.0704259 0.0464222 0.0354454 0.0110895 0.00365504 0.000844058 0.000133064 1.29227e-05 6.26091e-07
 2.13999e-27 2.16042e-27 5.32964e-27 1.08398e-21 6.44685e-17 8.81491e-13 2.77098e-09 2.00259e-06 0.000332728 0.01271 0.11162 0.225368 0.105479 0.0343326 0.14177 0.199375 0.0753639 0.0441101 0.0334117 0.0111279 0.00393836 0.000908034 0.00013814 1.27932e-05 6.04617e-07
 2.13911e-27 2.15835e-27 5.12076e-27 1.01317e-21 6.02574e-17 8.23912e-13 2.58998e-09 1.87178e-06 0.000310994 0.0118798 0.104329 0.210647 0.0986641 0.0340839 0.144689 0.203664 0.0792771 0.05322 0.0407657 0.0128718 0.00435141 0.00105798 0.000170198 1.56213e-05 7.10082e-07
 2.13957e-27 2.15948e-27 5.24103e-27 1.05398e-21 6.2684e-17 8.57092e-13 2.69428e-09 1.94716e-06 0.000323518 0.0123582 0.10853 0.21913 0.102568 0.0336263 0.139338 0.196118 0.076534 0.051965 0.0401264 0.0133564 0.00472972 0.00110312 0.00017376 1.66355e-05 7.72825e-07
 2.14077e-27 2.16237e-27 5.54176e-27 1.15596e-21 6.87494e-17 9.40025e-13 2.95498e-09 2.13557e-06 0.000354822 0.013554 0.119032 0.240332 0.112353 0.0331676 0.130148 0.183064 0.0705703 0.045404 0.0348612 0.0117036 0.00423665 0.00103413 0.00016656 1.56111e-05 7.31153e-07
 2.13864e-27 2.15718e-27 4.99576e-27 9.70766e-22 5.77351e-17 7.89425e-13 2.48157e-09 1.79344e-06 0.000297977 0.0113825 0.0999618 0.201831 0.0946079 0.0346127 0.150574 0.21193 0.0817834 0.0528608 0.0405355 0.013417 0.00479739 0.00118775 0.000198333 1.9248e-05 9.0568e-07
#obs catch len freq
 4.05004e-40 1.98221e-33 2.23042e-27 5.76989e-22 3.43157e-17 4.69205e-13 1.47495e-09 1.06595e-06 0.000177109 0.00676533 0.0594132 0.119965 0.0568042 0.035788 0.182421 0.257211 0.10294 0.0774264 0.0618333 0.0242734 0.0107519 0.00335139 0.000763054 0.000106578 7.61191e-06
 4.20458e-40 2.05785e-33 2.31553e-27 5.99005e-22 3.56251e-17 4.87109e-13 1.53123e-09 1.10662e-06 0.000183867 0.00702349 0.0616803 0.124543 0.0589326 0.0361142 0.183033 0.258001 0.102257 0.0740645 0.0586237 0.0222773 0.0095748 0.00293822 0.000656694 8.96085e-05 6.21392e-06
 5.78073e-40 2.82927e-33 3.18354e-27 8.23552e-22 4.89797e-17 6.69709e-13 2.10524e-09 1.52146e-06 0.000252792 0.00965634 0.084802 0.171225 0.0804792 0.0351726 0.163215 0.22987 0.0896847 0.0608816 0.0475739 0.0173963 0.00715432 0.00211302 0.000457074 6.09882e-05 4.13134e-06
 5.20805e-40 2.54898e-33 2.86816e-27 7.41965e-22 4.41274e-17 6.03363e-13 1.89668e-09 1.37073e-06 0.000227749 0.00869972 0.076401 0.154264 0.0727599 0.0384215 0.18816 0.264643 0.09673 0.0467615 0.0345542 0.0120543 0.0046918 0.00132157 0.000271406 3.47793e-05 2.29e-06
 6.01083e-40 2.94189e-33 3.31026e-27 8.56332e-22 5.09293e-17 6.96366e-13 2.18903e-09 1.58202e-06 0.000262855 0.0100407 0.0881775 0.17804 0.0836851 0.0366376 0.170105 0.239343 0.0899017 0.0508607 0.0376875 0.0108871 0.00332097 0.000861483 0.000165487 2.00165e-05 1.25812e-06
 5.44971e-40 2.66725e-33 3.00124e-27 7.76392e-22 4.61749e-17 6.31359e-13 1.98468e-09 1.43433e-06 0.000238317 0.00910339 0.079946 0.161422 0.0760733 0.0385373 0.186711 0.26255 0.095365 0.0442082 0.0319603 0.00990011 0.00317696 0.000689088 0.000105917 1.15278e-05 6.78292e-07
 4.07056e-40 1.99226e-33 2.24172e-27 5.79912e-22 3.44896e-17 4.71582e-13 1.48242e-09 1.07135e-06 0.000178006 0.00679961 0.0597142 0.120574 0.057234 0.0397389 0.206357 0.290402 0.10739 0.0556685 0.0405666 0.0113516 0.00319698 0.000712384 0.000105397 9.42541e-06 4.68939e-07
 3.95255e-40 1.9345e-33 2.17673e-27 5.631e-22 3.34896e-17 4.5791e-13 1.43945e-09 1.04029e-06 0.000172846 0.00660248 0.057983 0.117078 0.0555376 0.0376028 0.194371 0.2739 0.106907 0.0725688 0.0552019 0.0161788 0.00477346 0.000977273 0.00013149 1.13621e-05 5.01122e-07
 9.83193e-40 4.81205e-33 5.4146e-27 1.4007e-21 8.33051e-17 1.13905e-12 3.58061e-09 2.58771e-06 0.000429952 0.0164236 0.144232 0.291211 0.135804 0.0312329 0.103001 0.144711 0.0558278 0.0360449 0.0276946 0.00929448 0.00327427 0.000711474 9.61374e-05 7.6715e-06 3.13829e-07
 6.93411e-40 3.39377e-33 3.81872e-27 9.87867e-22 5.87522e-17 8.03329e-13 2.52527e-09 1.82502e-06 0.00030323 0.011583 0.101722 0.205387 0.09643 0.0393593 0.178477 0.250431 0.0840889 0.0176374 0.00993143 0.00320037 0.0011235 0.000277193 4.36821e-05 3.67231e-06 1.4577e-07
 3.02548e-40 1.48076e-33 1.66618e-27 4.31025e-22 2.56347e-17 3.50508e-13 1.10182e-09 7.9629e-07 0.000132305 0.00505387 0.0443831 0.0896225 0.0430615 0.0433974 0.23802 0.334696 0.118488 0.0452586 0.0303037 0.00646111 0.000911804 0.000177928 2.90531e-05 2.78049e-06 1.22224e-07
 8.53877e-40 4.17914e-33 4.70243e-27 1.21647e-21 7.23483e-17 9.89232e-13 3.10966e-09 2.24736e-06 0.000373402 0.0142635 0.125262 0.252911 0.118098 0.031269 0.114767 0.161674 0.0670614 0.0569004 0.043654 0.0110149 0.00237296 0.000347831 2.69287e-05 1.95892e-06 9.08574e-08
 7.90451e-40 3.86871e-33 4.35313e-27 1.12611e-21 6.69742e-17 9.15752e-13 2.87867e-09 2.08042e-06 0.000345665 0.013204 0.115957 0.234127 0.109646 0.0374646 0.158248 0.221993 0.0750702 0.017546 0.0106291 0.00395934 0.00149955 0.000279768 2.67166e-05 1.37709e-06 3.74343e-08
 4.8509e-40 2.37418e-33 2.67146e-27 6.91083e-22 4.11013e-17 5.61986e-13 1.76661e-09 1.27673e-06 0.000212131 0.00810312 0.0711616 0.143687 0.0679927 0.0416965 0.211341 0.296908 0.102632 0.0313306 0.0197714 0.00430092 0.000682919 0.000153197 2.38559e-05 1.6239e-06 4.4672e-08
 5.19659e-40 2.54337e-33 2.86184e-27 7.40332e-22 4.40303e-17 6.02035e-13 1.8925e-09 1.36772e-06 0.000227248 0.00868058 0.0762328 0.153925 0.0725948 0.0382045 0.186939 0.263049 0.098028 0.053056 0.0382713 0.00893667 0.00160157 0.000230288 2.00336e-05 1.5619e-06 6.10566e-08
 3.72912e-40 1.82515e-33 2.05369e-27 5.31269e-22 3.15965e-17 4.32026e-13 1.35808e-09 9.81485e-07 0.000163075 0.00622926 0.0547054 0.110462 0.0526024 0.0409017 0.216503 0.304583 0.110746 0.0516698 0.0371255 0.0107514 0.00301144 0.000500838 4.16892e-05 2.10941e-06 6.21309e-08
 7.20463e-40 3.52617e-33 3.9677e-27 1.02641e-21 6.10443e-17 8.3467e-13 2.62379e-09 1.89622e-06 0.00031506 0.0120349 0.10569 0.213397 0.0999406 0.0342175 0.144675 0.203635 0.0791687 0.0528117 0.039772 0.0108284 0.00285986 0.000578423 6.92378e-05 4.06759e-06 1.01859e-07
 4.77021e-40 2.33469e-33 2.62703e-27 6.79587e-22 4.04176e-17 5.52637e-13 1.73722e-09 1.25549e-06 0.000208602 0.00796832 0.0699779 0.141297 0.0668832 0.0415724 0.211304 0.296858 0.102607 0.0313634 0.0206033 0.00664322 0.00221055 0.000443495 5.42546e-05 3.96422e-06 1.2846e-07
 5.46053e-40 2.67255e-33 3.0072e-27 7.77934e-22 4.62666e-17 6.32613e-13 1.98862e-09 1.43718e-06 0.00023879 0.00912146 0.0801047 0.161742 0.0761935 0.0377959 0.182089 0.256214 0.0956286 0.0522042 0.0377054 0.00883009 0.00171337 0.000361838 5.25748e-05 4.02664e-06 1.44148e-07
 6.03759e-40 2.95498e-33 3.32499e-27 8.60143e-22 5.11559e-17 6.99465e-13 2.19877e-09 1.58906e-06 0.000264024 0.0100854 0.0885699 0.178833 0.0841044 0.0380427 0.178444 0.250848 0.0905792 0.0403115 0.028727 0.00837298 0.00237016 0.000402896 3.99266e-05 3.07575e-06 1.22682e-07
 4.72574e-40 2.31292e-33 2.60254e-27 6.73251e-22 4.00408e-17 5.47485e-13 1.72103e-09 1.24379e-06 0.000206657 0.00789404 0.0693255 0.13998 0.0662342 0.0405094 0.205212 0.288494 0.102713 0.0411298 0.0283897 0.00755059 0.00192157 0.000388427 4.73255e-05 3.01078e-06 9.75951e-08
 7.14613e-40 3.49753e-33 3.93548e-27 1.01807e-21 6.05485e-17 8.27891e-13 2.60248e-09 1.88082e-06 0.000312501 0.0119371 0.104832 0.211665 0.099194 0.0356658 0.154038 0.216602 0.0806153 0.0433416 0.0314895 0.00805657 0.00186169 0.000343749 4.07707e-05 2.98763e-06 1.01222e-07
 4.95444e-40 2.42485e-33 2.72848e-27 7.05833e-22 4.19785e-17 5.73981e-13 1.80431e-09 1.30398e-06 0.000216658 0.00827607 0.0726805 0.146753 0.069392 0.0412068 0.207428 0.291426 0.101129 0.0321951 0.0211334 0.00608461 0.00172431 0.000316546 3.40334e-05 2.32159e-06 8.11605e-08
 5.98648e-40 2.92997e-33 3.29684e-27 8.52863e-22 5.07229e-17 6.93545e-13 2.18016e-09 1.57561e-06 0.00026179 0.01 0.0878202 0.177319 0.083382 0.0374435 0.175243 0.246487 0.0911444 0.0471834 0.0338256 0.00799703 0.00155664 0.000295128 3.67127e-05 2.49203e-06 8.07146e-08
 6.26229e-40 3.06496e-33 3.44874e-27 8.92156e-22 5.30598e-17 7.25498e-13 2.28061e-09 1.6482e-06 0.000273851 0.0104607 0.0918663 0.185488 0.0871902 0.0382821 0.177899 0.249985 0.0889822 0.0355809 0.0247213 0.00700607 0.00190627 0.000323004 3.08604e-05 2.09397e-06 7.27912e-08
 4.79873e-40 2.34865e-33 2.64273e-27 6.8365e-22 4.06592e-17 5.55941e-13 1.74761e-09 1.263e-06 0.000209849 0.00801597 0.0703962 0.142141 0.0672345 0.0405312 0.204694 0.287746 0.102222 0.0402138 0.027542 0.0070417 0.00164981 0.000320175 3.77679e-05 2.34437e-06 7.04648e-08
 5.24288e-40 2.56603e-33 2.88733e-27 7.46926e-22 4.44225e-17 6.07397e-13 1.90936e-09 1.3799e-06 0.000229272 0.00875789 0.0769118 0.155296 0.0732295 0.0382265 0.18666 0.262625 0.0974272 0.0514174 0.0372207 0.00944669 0.00213072 0.000376058 4.13267e-05 2.88104e-06 9.44899e-08
 5.68211e-40 2.781e-33 3.12922e-27 8.095e-22 4.8144e-17 6.58282e-13 2.06932e-09 1.4955e-06 0.000248479 0.00949159 0.0833552 0.168304 0.079249 0.038366 0.18359 0.258139 0.093651 0.0430437 0.030796 0.0088084 0.00245972 0.00044601 4.63922e-05 2.98285e-06 9.7686e-08
 5.33792e-40 2.61254e-33 2.93967e-27 7.60465e-22 4.52277e-17 6.18407e-13 1.94397e-09 1.40491e-06 0.000233428 0.00891664 0.078306 0.15811 0.0745418 0.0385188 0.187596 0.263854 0.0966151 0.0471583 0.0339244 0.00923263 0.00243613 0.000490585 6.04639e-05 4.01979e-06 1.24817e-07
#spawning biomass
 3117.01 3158.12 3522.41 4290.01 5200.77 6378.86 6681.4 5953.22 7548.73 14360.9 16087.1 15750 25730.3 34934.1 30781.8 25349.8 23627.6 26320.9 23266.6 24780.4 23572.8 25589.2 28838.2 29060.4 31241.5 34340.9 30069.1 27639.1 28457.3 65937.3 86603.7 78908.4 54449.7 38023.2 29598.4 25628.8 23838.6 23053.2 22714.9 22570.8 22510 22484.5 22473.9 22469.4 22467.6 22466.8 22466.5 22466.4 22466.3 22466.3 22466.3 22466.3 22466.3 22466.3 22466.3 22466.3 22466.3 22466.3 22466.3 22466.3 22466.3 22466.3 22466.3 22466.3 22466.3 22466.3 22466.3 22466.3 22466.3 22466.3 22466.3 22466.3 22466.3 22466.3 22466.3 22466.3 22466.3 22466.3 22466.3 22466.3 22466.3 22466.3 22466.3 22466.3 22466.3 22466.3 22466.3 22466.3 22466.3 22466.3 22466.3 22466.3 22466.3 22466.3 22466.3 22466.3 22466.3 22466.3 22466.3 22466.3 22466.3 22466.3 22466.3 22466.3 22466.3 22466.3 22466.3 22466.3 22466.3 22466.3 22466.3 22466.3 22466.3 22466.3 22466.3 22466.3 22466.3 22466.3 22466.3 22466.3 22466.3 22466.3 22466.3 22466.3 22466.3 22466.3 22466.3 22466.3 22466.3 0 0 0 0 0 0 0 0 0 0 0 0 0 0 0 0 0 0 0 0 0 0 0 0 0
