SBPRF35
0.18548
Curr Bio
152414
B35
190021
F35
0.861046
FOFL
0.861046
OFL
74134.3
Bzero
52994.1
#pred survey bio
 13022.8 14511.5 15202.2 16289.7 18457.2 22396.4 25834.7 30048.7 38887 53399.5 65277.2 74953.4 103078 132181 124508 105184 101734 93755 92510.3 90456.6 84908.1 96253.1 101338 108194 106475 110615 110302 101782 95210.9 3.64146e+06 3.52818e+06 1.99179e+06 1.11332e+06 716918 541763 459752 417829 394633 381096 372963 368010 364979 363121 361976 361271 360848 360593 360440 360348 360292 360259 360239 360226 360219 360215 360212 360210 360209 360209 360208 360208 360208 360208 360208 360208 360208 360208 360208 360208 360208 360208 360208 360208 360208 360208 360208 360208 360208 360208 360208 360208 360208 360208 360208 360208 360208 360208 360208 360208 360208 360208 360208 360208 360208 360208 360208 360208 360208 360208 360208 360208 360208 360208 360208 360208 360208 360208 360208 360208 360208 360208 360208 360208 360208 360208 360208 360208 360208 360208 360208 360208 360208 360208 360208 360208 360208 360208 360208 360208 0 0 0 0 0 0 0 0 0 0 0 0 0 0 0 0 0 0 0 0 0 0 0 0 0
#obs survey bio
 11460.4 11970.4 18145.1 11687.2 19513.3 24832.7 20290.3 44801.5 46579.7 69318.7 73214.2 106012 137470 127543 125834 71339.4 51984.9 76192.1 90880.3 100180 83105.7 120883 108415 114835 105176 74272 136025 109354 76498.8
#pred catch bio
 5171.63 7069.2 7808.52 8889.8 10271.6 12974 16274.9 20082.6 25235.8 36056 48452.2 55769.5 75667.3 102240 100443 87574.7 93122.1 82547.3 80670.8 83688.3 74727.5 88706.7 92797.9 106796 105693 108334 108338 103176 51497.2 74134.3 78914.4 36377.2 17295.3 10193.9 7829.11 7096.51 6880.55 6819.09 6802.05 6797.41 6796.17 6795.84 6795.75 6795.73 6795.72 6795.72 6795.72 6795.72 6795.72 6795.72 6795.72 6795.72 6795.72 6795.72 6795.72 6795.72 6795.72 6795.72 6795.72 6795.72 6795.72 6795.72 6795.72 6795.72 6795.72 6795.72 6795.72 6795.72 6795.72 6795.72 6795.72 6795.72 6795.72 6795.72 6795.72 6795.72 6795.72 6795.72 6795.72 6795.72 6795.72 6795.72 6795.72 6795.72 6795.72 6795.72 6795.72 6795.72 6795.72 6795.72 6795.72 6795.72 6795.72 6795.72 6795.72 6795.72 6795.72 6795.72 6795.72 6795.72 6795.72 6795.72 6795.72 6795.72 6795.72 6795.72 6795.72 6795.72 6795.72 6795.72 6795.72 6795.72 6795.72 6795.72 6795.72 6795.72 6795.72 6795.72 6795.72 6795.72 6795.72 6795.72 6795.72 6795.72 6795.72 6795.72 6795.72 6795.72 6795.72 0 0 0 0 0 0 0 0 0 0 0 0 0 0 0 0 0 0 0 0 0 0 0 0 0
#obs catch bio
 6676.45 7228.37 7805.53 9082.48 10387.5 13031 16495.8 19896.7 24732.3 35207.5 47777.2 54953.1 73642.2 99635.7 101067 90285.5 96190.3 83822.5 78981.6 82399.6 73103 87654.4 89417.3 103992 104068 107492 106200 102528 50604.9
#pred cpue bio
 12635.6 13866.1 14504.1 15468 17106.9 21018 24203.7 27351.8 34934 48610.5 60244.7 66816.9 90429.3 122250 117743 96837.9 91549.4 84357.7 83915 81687.4 75265.6 84917.2 89703.3 95441.3 92133.3 96343.2 97574.5 90233.7 81669.3 3.44792e+06 3.74778e+06 1.9927e+06 1.10421e+06 707423 532253 450240 408318 385122 371585 363452 358499 355468 353610 352465 351759 351336 351082 350929 350837 350781 350748 350727 350715 350708 350703 350701 350699 350698 350697 350697 350697 350697 350697 350697 350697 350697 350697 350697 350697 350697 350697 350697 350697 350697 350697 350697 350697 350697 350697 350697 350697 350697 350697 350697 350697 350697 350697 350697 350697 350697 350697 350697 350697 350697 350697 350697 350697 350697 350697 350697 350697 350697 350697 350697 350697 350697 350697 350697 350697 350697 350697 350697 350697 350697 350697 350697 350697 350697 350697 350697 350697 350697 350697 350697 350697 350697 350697 350697 350697 0 0 0 0 0 0 0 0 0 0 0 0 0 0 0 0 0 0 0 0 0 0 0 0 0
#obs cpue bio
 5731.67 10896.4 14628.3 13026.1 14486.2 18615.8 25847.8 27754.3 38401.1 55442.9 61463.3 65689.4 93032.7 184510 86814.2 83309.4 104852 86474.8 144644 97223.4 99619.3 83175.4 166219 133352 108573 144869 123254 98844 124295
#pred surv len freq
 2.56178e-27 2.5844e-27 2.94559e-26 5.67396e-20 1.3909e-14 4.12149e-10 1.47625e-06 0.00063916 0.0334513 0.211623 0.162267 0.0425341 0.209744 0.193544 0.0404688 0.0438885 0.018149 0.0130659 0.00785913 0.00587916 0.00456165 0.00391433 0.00390484 0.00345216 0.0010528
 2.56233e-27 2.58628e-27 3.14319e-26 6.09091e-20 1.49311e-14 4.42436e-10 1.58473e-06 0.000686129 0.0359095 0.227174 0.174091 0.039366 0.177329 0.1645 0.0511938 0.0755807 0.0265112 0.0124003 0.00563138 0.0032171 0.00203694 0.00149484 0.00131979 0.00116637 0.000389731
 2.56273e-27 2.58719e-27 3.2022e-26 6.21533e-20 1.52361e-14 4.51474e-10 1.6171e-06 0.000700144 0.036643 0.231814 0.177665 0.0412885 0.189448 0.175112 0.0426845 0.0537155 0.0231666 0.0170958 0.00607157 0.00223168 0.000972433 0.000546134 0.000398496 0.000330564 0.000114347
 2.56314e-27 2.58823e-27 3.28601e-26 6.3921e-20 1.56695e-14 4.64314e-10 1.6631e-06 0.000720057 0.0376852 0.238407 0.182705 0.0416339 0.188536 0.174254 0.0423009 0.0528651 0.0199711 0.0116157 0.00558548 0.00254076 0.000695254 0.000238959 0.000124253 8.85725e-05 3.03206e-05
 2.56481e-27 2.59263e-27 3.66291e-26 7.18716e-20 1.76184e-14 5.22066e-10 1.86995e-06 0.000809618 0.0423725 0.26806 0.205346 0.0415192 0.171756 0.158597 0.0364277 0.0433628 0.0163347 0.00929166 0.00368865 0.00162002 0.000601319 0.000143527 4.00135e-05 2.06092e-05 6.61041e-06
 2.56421e-27 2.59087e-27 3.49375e-26 6.83024e-20 1.67435e-14 4.9614e-10 1.77709e-06 0.000769413 0.0402683 0.254749 0.195206 0.043098 0.190895 0.176054 0.0358489 0.0375938 0.0137501 0.00727647 0.00285062 0.0011364 0.000370568 0.000106303 1.97064e-05 5.20147e-06 1.39958e-06
 2.56427e-27 2.59105e-27 3.5118e-26 6.86833e-20 1.68369e-14 4.98907e-10 1.787e-06 0.000773703 0.0404928 0.256169 0.196286 0.0427756 0.187683 0.173191 0.0371821 0.0413155 0.0142672 0.00630516 0.00233145 0.000876934 0.000265024 6.80683e-05 1.30564e-05 1.83574e-06 3.14174e-07
 2.56599e-27 2.59563e-27 3.90869e-26 7.70558e-20 1.88893e-14 5.59723e-10 2.00484e-06 0.000868017 0.0454289 0.287396 0.220123 0.0423397 0.167619 0.154511 0.0308998 0.0316808 0.0112061 0.00533727 0.00180145 0.000580221 0.000161919 3.80738e-05 6.66257e-06 7.61809e-07 6.73972e-08
 2.56678e-27 2.59762e-27 4.07102e-26 8.04797e-20 1.97286e-14 5.84595e-10 2.09392e-06 0.000906588 0.0474475 0.300166 0.229885 0.0429644 0.165514 0.152343 0.0264442 0.0220147 0.00750764 0.00320981 0.00111836 0.000367597 8.77339e-05 1.82684e-05 2.87192e-06 2.89468e-07 1.6487e-08
 2.56613e-27 2.59585e-27 3.91185e-26 7.71218e-20 1.89055e-14 5.60203e-10 2.00655e-06 0.000868761 0.0454678 0.287642 0.220331 0.0435624 0.176777 0.162731 0.0282021 0.0233804 0.00748491 0.00244998 0.000787111 0.000241455 5.92575e-05 1.10088e-05 1.48259e-06 1.31274e-07 5.97927e-09
 2.56539e-27 2.59386e-27 3.7371e-26 7.34354e-20 1.80018e-14 5.33425e-10 1.91064e-06 0.000827234 0.0432945 0.273893 0.209839 0.0439896 0.1874 0.172557 0.0303727 0.0258599 0.0082762 0.00268224 0.000770074 0.000186692 4.13957e-05 7.57837e-06 9.22574e-07 6.9083e-08 2.68137e-09
 2.56716e-27 2.59863e-27 4.15635e-26 8.22796e-20 2.01699e-14 5.97669e-10 2.14075e-06 0.000926863 0.0485087 0.306879 0.23501 0.0429497 0.161801 0.148886 0.0252978 0.0202407 0.00651451 0.00218051 0.000626651 0.000145018 2.5977e-05 4.0141e-06 4.63145e-07 3.09679e-08 1.01274e-09
 2.56792e-27 2.60063e-27 4.32775e-26 8.58953e-20 2.10562e-14 6.23933e-10 2.23482e-06 0.000967593 0.0506403 0.320365 0.245307 0.0429415 0.154504 0.142041 0.0220699 0.0145893 0.00460883 0.00143214 0.000413049 9.80347e-05 1.71067e-05 2.22459e-06 2.08716e-07 1.27599e-08 3.66875e-10
 2.56543e-27 2.59381e-27 3.72021e-26 7.30785e-20 1.79143e-14 5.30833e-10 1.90136e-06 0.000823214 0.0430841 0.272562 0.20884 0.0451035 0.196578 0.180794 0.0276218 0.017485 0.00531878 0.00132784 0.000362058 8.11063e-05 1.43446e-05 1.84072e-06 1.47321e-07 7.28943e-09 1.86336e-10
 2.56408e-27 2.59021e-27 3.40802e-26 6.64929e-20 1.62999e-14 4.82996e-10 1.73001e-06 0.000749028 0.0392014 0.248 0.190091 0.0454858 0.21266 0.195768 0.0326975 0.0252907 0.0076714 0.00182214 0.000460461 8.49647e-05 1.39073e-05 1.75106e-06 1.37714e-07 5.82572e-09 1.21315e-10
 2.56557e-27 2.59428e-27 3.77099e-26 7.41503e-20 1.8177e-14 5.38618e-10 1.92924e-06 0.000835287 0.0437159 0.276559 0.211878 0.0441847 0.187452 0.172545 0.0292742 0.0233467 0.00734781 0.0021846 0.00056223 9.73685e-05 1.36524e-05 1.48658e-06 1.1199e-07 4.57352e-09 8.14919e-11
 2.5668e-27 2.59755e-27 4.05221e-26 8.00825e-20 1.96313e-14 5.81709e-10 2.08359e-06 0.000902113 0.0472133 0.298685 0.228769 0.043983 0.174049 0.160026 0.0243379 0.0152344 0.00480395 0.00148458 0.000410614 8.56859e-05 1.18962e-05 1.13598e-06 7.21033e-08 2.74906e-09 4.63782e-11
 2.56688e-27 2.5977e-27 4.05686e-26 8.01803e-20 1.96552e-14 5.8242e-10 2.08613e-06 0.000903214 0.047271 0.299049 0.229059 0.0446941 0.179257 0.16467 0.022229 0.00924045 0.00275559 0.000648299 0.000174871 3.84636e-05 6.16133e-06 6.41065e-07 3.64802e-08 1.17072e-09 1.80695e-11
 2.56648e-27 2.59661e-27 3.96218e-26 7.81829e-20 1.91656e-14 5.67911e-10 2.03416e-06 0.000880715 0.0460934 0.2916 0.223373 0.04483 0.184286 0.169354 0.0238373 0.0117196 0.00335634 0.000523384 0.000119313 2.08739e-05 3.34702e-06 3.89651e-07 2.4856e-08 7.38532e-10 9.67799e-12
 2.56667e-27 2.59716e-27 4.01299e-26 7.9255e-20 1.94284e-14 5.75698e-10 2.06205e-06 0.000892791 0.0467254 0.295598 0.226421 0.0445287 0.179852 0.165296 0.0237259 0.0124905 0.00363995 0.000664098 0.000143816 1.70575e-05 2.11622e-06 2.2024e-07 1.53431e-08 5.07786e-10 6.32184e-12
 2.56755e-27 2.59952e-27 4.21912e-26 8.36033e-20 2.04943e-14 6.07284e-10 2.17519e-06 0.000941773 0.049289 0.311816 0.238799 0.0441223 0.168063 0.154364 0.0208284 0.00863717 0.00251804 0.000492221 0.000111464 1.48617e-05 1.51756e-06 1.07956e-07 6.28611e-09 2.18869e-10 2.99008e-12
 2.56774e-27 2.60006e-27 4.26844e-26 8.46438e-20 2.07494e-14 6.14842e-10 2.20226e-06 0.000953495 0.0499025 0.315697 0.241757 0.0438483 0.163899 0.150554 0.0207526 0.00941902 0.00269076 0.000418029 9.10956e-05 1.3001e-05 1.44042e-06 9.85328e-08 3.97274e-09 1.08944e-10 1.50949e-12
 2.56762e-27 2.5997e-27 4.234e-26 8.39171e-20 2.05713e-14 6.09563e-10 2.18335e-06 0.000945309 0.049474 0.312987 0.239693 0.0441809 0.16788 0.154172 0.0203737 0.00764647 0.00218774 0.000369395 7.85562e-05 9.17332e-06 1.00277e-06 7.43528e-08 3.00593e-09 6.09285e-11 6.45519e-13
 2.56777e-27 2.6001e-27 4.26986e-26 8.46737e-20 2.07567e-14 6.15059e-10 2.20304e-06 0.000953832 0.0499201 0.315809 0.241845 0.0440036 0.165019 0.15155 0.0202414 0.00800225 0.00225851 0.000320178 6.59907e-05 8.19992e-06 8.17075e-07 5.32787e-08 2.26189e-09 4.63899e-11 3.85168e-13
 2.56857e-27 2.60228e-27 4.46141e-26 8.87145e-20 2.17473e-14 6.44411e-10 2.30817e-06 0.00099935 0.0523024 0.330879 0.253346 0.0435631 0.153587 0.140966 0.0177428 0.00497124 0.00138826 0.000206018 4.17274e-05 4.44804e-06 4.38058e-07 2.82498e-08 1.05225e-09 2.14498e-11 1.79471e-13
 2.56832e-27 2.60158e-27 4.39804e-26 8.73776e-20 2.14196e-14 6.347e-10 2.27339e-06 0.000984291 0.0515142 0.325893 0.249544 0.0438687 0.158584 0.145551 0.0180752 0.0045737 0.00124365 0.000137587 2.53871e-05 2.79357e-06 2.57376e-07 1.49458e-08 5.50014e-10 1.01772e-11 8.16002e-14
 2.56768e-27 2.59982e-27 4.24127e-26 8.40705e-20 2.06089e-14 6.10677e-10 2.18734e-06 0.000947036 0.0495645 0.313559 0.240134 0.0444063 0.169286 0.155412 0.0195558 0.00546609 0.00148712 0.000151707 2.58755e-05 2.1798e-06 1.84705e-07 1.05617e-08 3.50647e-10 6.17829e-12 4.60687e-14
 2.56758e-27 2.59956e-27 4.2184e-26 8.35879e-20 2.04906e-14 6.07172e-10 2.17479e-06 0.0009416 0.04928 0.311759 0.23876 0.0444515 0.170595 0.156626 0.0198739 0.00588593 0.00161328 0.000177886 3.10994e-05 2.41061e-06 1.74562e-07 7.9667e-09 2.51811e-10 4.1018e-12 2.84706e-14
 2.56891e-27 2.6032e-27 4.54336e-26 9.04433e-20 2.21711e-14 6.56969e-10 2.35315e-06 0.00101883 0.0533216 0.337327 0.258266 0.0433143 0.148237 0.13603 0.01689 0.00426819 0.0011638 0.000134495 2.41914e-05 2.01089e-06 1.45949e-07 5.83731e-09 1.47755e-10 2.12358e-12 1.37411e-14
#obs surv len freq
 1.2459e-41 1.72923e-33 2.90115e-26 5.88347e-20 1.44226e-14 4.27369e-10 1.53077e-06 0.000662769 0.0346867 0.219439 0.168294 0.0417398 0.170502 0.142737 0.0893331 0.084567 0.033302 0.0120183 0.00243235 0.000271595 1.23555e-05 1.68216e-07 5.17931e-10 2.93774e-13 2.68371e-17
 1.55926e-41 2.16415e-33 3.63082e-26 7.36322e-20 1.80501e-14 5.34857e-10 1.91577e-06 0.000829462 0.0434108 0.274629 0.210471 0.0426416 0.141998 0.113178 0.0742461 0.0647495 0.0243533 0.00793247 0.00141905 0.000134866 4.9907e-06 5.25037e-08 1.2011e-10 4.94322e-14 3.23227e-18
 1.2892e-41 1.78932e-33 3.00196e-26 6.08792e-20 1.49238e-14 4.4222e-10 1.58396e-06 0.0006858 0.035892 0.227065 0.17439 0.0516635 0.203742 0.149845 0.0736242 0.0558521 0.0202674 0.00596129 0.000933631 7.38718e-05 2.18083e-06 1.7595e-08 2.98656e-11 8.91497e-15 4.17123e-19
 1.55746e-41 2.16165e-33 3.62662e-26 7.35471e-20 1.80292e-14 5.34238e-10 1.91356e-06 0.000828503 0.0433606 0.274313 0.210401 0.0473231 0.149452 0.109422 0.0849552 0.0598114 0.0158056 0.00377744 0.000514685 3.35056e-05 7.73755e-07 4.71321e-09 5.8982e-12 1.276e-15 4.27552e-20
 1.53986e-41 2.13722e-33 3.58563e-26 7.27158e-20 1.78254e-14 5.282e-10 1.89193e-06 0.000819139 0.0428705 0.271213 0.208277 0.0553125 0.179903 0.118647 0.0638168 0.0416756 0.0142258 0.00294108 0.000282664 1.43752e-05 2.56682e-07 1.16397e-09 1.06124e-12 1.65343e-16 3.96029e-21
 1.34795e-41 1.87086e-33 3.13876e-26 6.36534e-20 1.56039e-14 4.62372e-10 1.65614e-06 0.000717052 0.0375276 0.237414 0.182716 0.0612536 0.205619 0.131216 0.083471 0.0466504 0.0110579 0.00214875 0.00020059 7.25463e-06 9.16965e-08 3.03688e-10 1.99796e-13 2.22187e-17 3.77908e-22
 1.56608e-41 2.17361e-33 3.64668e-26 7.3954e-20 1.81289e-14 5.37194e-10 1.92414e-06 0.000833087 0.0436005 0.275832 0.212022 0.0581032 0.165584 0.104965 0.0831094 0.0438093 0.010468 0.00155899 0.000109905 3.43364e-06 3.15632e-08 7.07423e-11 3.24279e-14 2.54546e-18 3.05373e-23
 1.73132e-41 2.40295e-33 4.03146e-26 8.17571e-20 2.00418e-14 5.93875e-10 2.12716e-06 0.000920988 0.0482008 0.304937 0.234449 0.0628175 0.163406 0.0927707 0.0565348 0.0276558 0.00723694 0.00100943 5.75024e-05 1.28696e-06 9.03294e-09 1.47163e-11 4.56251e-15 2.41743e-19 1.997e-24
 1.65714e-41 2.30001e-33 3.85874e-26 7.82545e-20 1.91832e-14 5.68432e-10 2.03603e-06 0.000881531 0.0461358 0.291875 0.224881 0.0713101 0.184949 0.0980086 0.054911 0.0221484 0.00432174 0.000546175 2.92579e-05 5.2072e-07 2.5744e-09 2.97306e-12 6.59226e-16 2.41697e-20 1.34781e-25
 1.53571e-41 2.13147e-33 3.57598e-26 7.25201e-20 1.77774e-14 5.26778e-10 1.88683e-06 0.000816934 0.0427551 0.27049 0.208991 0.0785482 0.199723 0.104625 0.0662691 0.0236177 0.00379467 0.000353351 1.44758e-05 2.19131e-07 8.52158e-10 6.96619e-13 1.0605e-16 2.70281e-21 1.05286e-26
 1.46743e-41 2.0367e-33 3.41699e-26 6.92959e-20 1.69871e-14 5.03358e-10 1.80295e-06 0.000780613 0.0408542 0.258467 0.20025 0.0843194 0.204177 0.107339 0.0747103 0.024849 0.00394166 0.000300073 8.73466e-06 9.29762e-08 2.75599e-10 1.72754e-13 1.90363e-17 3.35691e-22 8.93813e-28
 1.884e-41 2.61487e-33 4.38699e-26 8.89673e-20 2.18093e-14 6.46249e-10 2.31476e-06 0.00100221 0.0524517 0.331835 0.255885 0.0729907 0.140749 0.0735975 0.0524051 0.0163284 0.00257166 0.00017723 4.29416e-06 3.23757e-08 6.42669e-11 2.82442e-14 2.27692e-18 2.93424e-23 5.56859e-29
 1.57168e-41 2.18139e-33 3.65973e-26 7.42187e-20 1.81938e-14 5.39117e-10 1.93103e-06 0.000836068 0.0437565 0.276838 0.215589 0.102273 0.213721 0.0900901 0.0428182 0.012118 0.00184038 0.000116187 2.51259e-06 1.5375e-08 2.2064e-11 6.48431e-15 3.48749e-19 3.10147e-24 4.17806e-30
 1.27502e-41 1.76965e-33 2.96895e-26 6.02098e-20 1.47597e-14 4.37357e-10 1.56654e-06 0.000678259 0.0354974 0.224598 0.1768 0.113849 0.23359 0.119026 0.0773793 0.016795 0.00169439 9.00059e-05 1.71337e-06 8.86896e-09 1.01516e-11 2.20779e-15 8.22474e-20 4.88946e-25 4.39308e-31
 1.14774e-41 1.59299e-33 2.67258e-26 5.41993e-20 1.32863e-14 3.93698e-10 1.41016e-06 0.000610552 0.0319539 0.202189 0.160463 0.117684 0.227871 0.135173 0.0976245 0.0236027 0.00272206 0.000103623 1.36193e-06 5.59693e-09 5.16667e-12 8.79098e-16 2.46375e-20 1.05768e-25 6.62328e-32
 1.55949e-41 2.16447e-33 3.63134e-26 7.36429e-20 1.80527e-14 5.34934e-10 1.91605e-06 0.000829582 0.043417 0.274706 0.215122 0.100679 0.165234 0.104312 0.0740569 0.01913 0.00241317 9.68286e-05 1.10265e-06 3.09474e-09 2.00761e-12 2.57126e-16 5.49224e-21 1.77432e-26 8.20665e-33
 1.40911e-41 1.95576e-33 3.28119e-26 6.65419e-20 1.6312e-14 4.83353e-10 1.73129e-06 0.00074959 0.0392306 0.248251 0.197965 0.136175 0.215472 0.0968043 0.0510333 0.0126868 0.00156519 6.41753e-05 7.29774e-07 1.82656e-09 8.85448e-13 7.7138e-17 1.14096e-21 2.65698e-27 9.03444e-34
 1.4643e-41 2.03235e-33 3.4097e-26 6.91479e-20 1.69508e-14 5.02283e-10 1.7991e-06 0.000778947 0.0407671 0.257981 0.205716 0.130064 0.190054 0.107405 0.0566976 0.00962327 0.000879217 3.26188e-05 3.47427e-07 8.07648e-10 3.44197e-13 2.4063e-17 2.59453e-22 4.1603e-28 9.66228e-35
 1.44083e-41 1.99978e-33 3.35504e-26 6.80395e-20 1.66791e-14 4.94232e-10 1.77026e-06 0.000766461 0.0401136 0.253877 0.204669 0.144431 0.195732 0.101467 0.0491369 0.00907703 0.000710477 1.78579e-05 1.46427e-07 2.89857e-10 1.06434e-13 6.30123e-18 5.55638e-23 6.95193e-29 1.19788e-35
 1.55753e-41 2.16174e-33 3.62677e-26 7.35502e-20 1.803e-14 5.34261e-10 1.91364e-06 0.000828538 0.0433626 0.27445 0.221089 0.141509 0.1752 0.0949224 0.0415844 0.00657479 0.00046704 1.04486e-05 6.19135e-08 8.53024e-11 2.37614e-14 1.12159e-18 7.96238e-24 7.96967e-30 1.08337e-36
 1.5105e-41 2.09647e-33 3.51727e-26 7.13295e-20 1.74856e-14 5.1813e-10 1.85586e-06 0.000803523 0.0420534 0.266221 0.217967 0.160539 0.184489 0.0888085 0.0339194 0.00490009 0.000291779 5.36265e-06 2.63033e-08 2.74324e-11 5.29614e-15 1.73956e-19 8.99211e-25 6.78522e-31 7.06313e-38
 1.54891e-41 2.14979e-33 3.60672e-26 7.31436e-20 1.79303e-14 5.31307e-10 1.90306e-06 0.000823958 0.043123 0.273025 0.224557 0.160057 0.172538 0.0903978 0.0314177 0.00386077 0.000194165 2.9515e-06 1.14063e-08 9.2636e-12 1.36159e-15 3.23532e-20 1.16113e-25 6.03893e-32 4.407e-39
 1.55329e-41 2.15587e-33 3.61692e-26 7.33503e-20 1.7981e-14 5.32809e-10 1.90843e-06 0.000826287 0.0432451 0.273867 0.228212 0.170979 0.170468 0.0831236 0.026136 0.00301248 0.000126797 1.52132e-06 4.58571e-09 2.84256e-12 3.13243e-16 5.54223e-21 1.46509e-26 5.49824e-33 2.82991e-40
 1.59559e-41 2.21458e-33 3.71541e-26 7.53477e-20 1.84706e-14 5.47318e-10 1.9604e-06 0.000848787 0.0444229 0.281389 0.236272 0.174006 0.161854 0.0776986 0.0213427 0.00208924 7.47149e-05 7.38032e-07 1.7099e-09 7.91125e-13 6.45664e-17 8.39443e-22 1.61971e-27 4.42225e-34 1.65183e-41
 1.58739e-41 2.20319e-33 3.69631e-26 7.49603e-20 1.83756e-14 5.44504e-10 1.95032e-06 0.000844424 0.0441948 0.280056 0.239042 0.184282 0.159964 0.0723556 0.0176871 0.00152633 4.46394e-05 3.50854e-07 6.38114e-10 2.24213e-13 1.34564e-17 1.26825e-22 1.76749e-28 3.48007e-35 9.35611e-43
 1.37314e-41 1.90583e-33 3.19742e-26 6.48431e-20 1.58955e-14 4.71013e-10 1.68709e-06 0.000730454 0.0382308 0.242555 0.21889 0.21722 0.183193 0.0806407 0.0172436 0.00126357 3.03966e-05 1.89304e-07 2.62613e-10 6.93711e-14 3.10088e-18 2.14519e-23 2.16227e-29 3.05027e-36 5.85247e-44
 1.40174e-41 1.94552e-33 3.26401e-26 6.61935e-20 1.62265e-14 4.80822e-10 1.72223e-06 0.000745666 0.0390274 0.247692 0.223711 0.205209 0.176654 0.0884047 0.0174187 0.00111333 2.17854e-05 1.06315e-07 1.12611e-10 2.21757e-14 7.27097e-19 3.66567e-24 2.68444e-30 2.74003e-37 3.7824e-45
 1.46836e-41 2.03798e-33 3.41914e-26 6.93395e-20 1.69978e-14 5.03675e-10 1.80408e-06 0.000781106 0.0408821 0.259414 0.232181 0.203169 0.168956 0.0778484 0.0157103 0.00103684 1.86626e-05 7.82823e-08 6.88173e-11 1.10738e-14 2.94388e-19 1.19595e-24 7.02474e-31 5.73952e-38 6.34189e-46
 1.46837e-41 2.038e-33 3.41917e-26 6.93401e-20 1.69979e-14 5.0368e-10 1.8041e-06 0.000781113 0.0408825 0.259417 0.232184 0.203174 0.16904 0.0780174 0.0155155 0.000970684 1.62207e-05 6.18456e-08 4.86074e-11 6.91651e-15 1.61343e-19 5.72284e-25 2.92447e-31 2.07338e-38 1.9842e-46
#pred catch len freq
 2.55925e-27 2.57754e-27 2.33762e-26 4.39141e-20 1.0765e-14 3.18986e-10 1.14256e-06 0.000494683 0.0258899 0.163787 0.12577 0.0443652 0.249321 0.230022 0.0461217 0.0476204 0.0196263 0.0140583 0.00845066 0.00632014 0.00490362 0.00420775 0.00419755 0.00371094 0.00113172
 2.56016e-27 2.58042e-27 2.62676e-26 5.00149e-20 1.22605e-14 3.63302e-10 1.30129e-06 0.000563407 0.0294867 0.186541 0.143086 0.0406976 0.209246 0.193985 0.0569876 0.0813861 0.0284881 0.0132478 0.00601155 0.00343322 0.00217368 0.00159518 0.00140838 0.00124466 0.00041589
 2.56065e-27 2.58155e-27 2.70372e-26 5.16374e-20 1.26583e-14 3.75087e-10 1.3435e-06 0.000581684 0.0304433 0.192593 0.14774 0.04278 0.221822 0.204966 0.0475844 0.0574004 0.024672 0.0181192 0.00643196 0.00236322 0.00102969 0.000578282 0.000421953 0.000350023 0.000121078
 2.56121e-27 2.58298e-27 2.82084e-26 5.41078e-20 1.32639e-14 3.93032e-10 1.40778e-06 0.000609513 0.0318997 0.201807 0.154781 0.0430863 0.219208 0.202532 0.0468339 0.056097 0.0211351 0.0122256 0.0058748 0.00267162 0.000731025 0.000251249 0.000130643 9.3128e-05 3.18801e-05
 2.56293e-27 2.58751e-27 3.20918e-26 6.22997e-20 1.5272e-14 4.52537e-10 1.62091e-06 0.000701793 0.0367293 0.23236 0.178108 0.0429442 0.201737 0.186237 0.0408439 0.0464886 0.0174643 0.00988014 0.0039198 0.00172094 0.000638744 0.000152458 4.25033e-05 2.18916e-05 7.02175e-06
 2.56242e-27 2.58598e-27 3.05877e-26 5.91261e-20 1.4494e-14 4.29484e-10 1.53834e-06 0.000666043 0.0348583 0.220524 0.169097 0.0445934 0.220619 0.203432 0.0397746 0.0396607 0.0144667 0.00761301 0.00298049 0.00118776 0.000387293 0.0001111 2.05956e-05 5.43616e-06 1.46273e-06
 2.56277e-27 2.58695e-27 3.14675e-26 6.09821e-20 1.4949e-14 4.42967e-10 1.58663e-06 0.000686951 0.0359525 0.227446 0.174374 0.0440732 0.212953 0.196459 0.0403955 0.0427884 0.014742 0.00647697 0.0023932 0.000899831 0.000271928 6.98404e-05 1.33963e-05 1.88353e-06 3.22353e-07
 2.56476e-27 2.59225e-27 3.60679e-26 7.06869e-20 1.7328e-14 5.1346e-10 1.83913e-06 0.000796273 0.041674 0.263642 0.202003 0.043452 0.188814 0.174019 0.0334457 0.0325771 0.0114938 0.00544301 0.00183592 0.00059109 0.000164941 3.87838e-05 6.7868e-06 7.76014e-07 6.86539e-08
 2.56543e-27 2.59393e-27 3.74145e-26 7.3527e-20 1.80243e-14 5.34091e-10 1.91302e-06 0.000828266 0.0433485 0.274235 0.210103 0.0441875 0.18872 0.1737 0.0291989 0.0229216 0.00779637 0.00331369 0.00115369 0.000379068 9.04658e-05 1.8837e-05 2.96129e-06 2.98475e-07 1.7e-08
 2.5649e-27 2.59247e-27 3.61011e-26 7.07563e-20 1.73451e-14 5.13965e-10 1.84094e-06 0.000797055 0.041715 0.263901 0.202221 0.0447171 0.198288 0.182522 0.0306354 0.0239473 0.00764937 0.00248855 0.000798772 0.000244933 6.01071e-05 1.11665e-05 1.50382e-06 1.33154e-07 6.06488e-09
 2.56456e-27 2.59157e-27 3.53125e-26 6.90927e-20 1.69372e-14 5.01881e-10 1.79765e-06 0.000778315 0.0407342 0.257696 0.197485 0.0448617 0.202716 0.186631 0.0317867 0.0255403 0.00815611 0.00262723 0.000753623 0.000182624 4.04902e-05 7.41247e-06 9.02375e-07 6.75705e-08 2.62266e-09
 2.56639e-27 2.59651e-27 3.96668e-26 7.82784e-20 1.9189e-14 5.68604e-10 2.03665e-06 0.00088179 0.0461497 0.291956 0.223627 0.0437372 0.175791 0.161745 0.0266475 0.0200807 0.00644803 0.00214516 0.000615971 0.000142484 2.55211e-05 3.94356e-06 4.55004e-07 3.04235e-08 9.94939e-10
 2.56711e-27 2.59839e-27 4.12723e-26 8.16651e-20 2.00192e-14 5.93205e-10 2.12476e-06 0.00091994 0.0481464 0.304587 0.233273 0.0437533 0.169137 0.155495 0.0235551 0.0145892 0.00459703 0.00141974 0.000409099 9.70555e-05 1.69344e-05 2.20214e-06 2.06609e-07 1.26311e-08 3.63171e-10
 2.56476e-27 2.59198e-27 3.55495e-26 6.95923e-20 1.70597e-14 5.0551e-10 1.81065e-06 0.000783943 0.0410287 0.259559 0.198923 0.0458296 0.209071 0.192269 0.0286704 0.0169871 0.00515501 0.00127902 0.000348361 7.80035e-05 1.37946e-05 1.77011e-06 1.4167e-07 7.00978e-09 1.79187e-10
 2.56365e-27 2.58902e-27 3.29966e-26 6.42068e-20 1.57395e-14 4.6639e-10 1.67053e-06 0.000723276 0.0378536 0.239473 0.183589 0.0460647 0.221634 0.203989 0.0330689 0.0240671 0.00728589 0.00171993 0.000434143 8.00713e-05 1.3105e-05 1.65e-06 1.29766e-07 5.48947e-09 1.14313e-10
 2.56535e-27 2.59367e-27 3.71379e-26 7.29433e-20 1.78812e-14 5.29851e-10 1.89784e-06 0.000821691 0.0430044 0.272058 0.208447 0.0445822 0.192887 0.177508 0.0292036 0.0219342 0.00688826 0.00203544 0.000523373 9.05976e-05 1.27017e-05 1.38302e-06 1.04188e-07 4.25489e-09 7.58145e-11
 2.56713e-27 2.59845e-27 4.13119e-26 8.17485e-20 2.00397e-14 5.93811e-10 2.12693e-06 0.00092088 0.0481956 0.304899 0.233512 0.0438596 0.169778 0.15606 0.0231723 0.0135725 0.00426853 0.00131105 0.000362294 7.55693e-05 1.04907e-05 1.00175e-06 6.35827e-08 2.4242e-09 4.08976e-11
 2.56694e-27 2.59783e-27 4.06777e-26 8.04104e-20 1.97116e-14 5.84091e-10 2.09212e-06 0.000905807 0.0474067 0.299908 0.229715 0.0447414 0.179156 0.164558 0.0218676 0.0084442 0.0025096 0.000586788 0.000158094 3.47579e-05 5.56725e-06 5.79239e-07 3.29619e-08 1.05781e-09 1.63268e-11
 2.56648e-27 2.59661e-27 3.96104e-26 7.81588e-20 1.91597e-14 5.67735e-10 2.03353e-06 0.000880442 0.0460792 0.29151 0.223306 0.0449412 0.185179 0.170152 0.0235056 0.0107627 0.00307435 0.000476576 0.000108457 1.89656e-05 3.0407e-06 3.53982e-07 2.25806e-08 6.70924e-10 8.79203e-12
 2.56706e-27 2.59821e-27 4.10501e-26 8.11961e-20 1.99042e-14 5.89798e-10 2.11256e-06 0.000914657 0.0478699 0.302838 0.231946 0.0443168 0.174358 0.16021 0.0225387 0.0110637 0.00321604 0.000583211 0.000126122 1.49517e-05 1.85469e-06 1.93016e-07 1.34465e-08 4.45016e-10 5.54037e-12
 2.5676e-27 2.59964e-27 4.2286e-26 8.38032e-20 2.05433e-14 6.08736e-10 2.18039e-06 0.000944026 0.0494069 0.312562 0.239369 0.0441677 0.168008 0.154295 0.0204954 0.00789487 0.00229419 0.000445731 0.000100802 1.34339e-05 1.37158e-06 9.75677e-08 5.6812e-09 1.97807e-10 2.70234e-12
 2.56807e-27 2.60093e-27 4.34473e-26 8.62532e-20 2.11439e-14 6.26533e-10 2.24413e-06 0.000971624 0.0508513 0.3217 0.246338 0.0436572 0.159227 0.146233 0.0198127 0.00836402 0.00238269 0.000367982 8.00544e-05 1.14198e-05 1.26508e-06 8.65353e-08 3.48899e-09 9.56778e-11 1.32568e-12
 2.5679e-27 2.60044e-27 4.2993e-26 8.52948e-20 2.0909e-14 6.19571e-10 2.2192e-06 0.000960828 0.0502863 0.318125 0.243614 0.0440087 0.163815 0.150415 0.0195983 0.00682418 0.00194574 0.000326567 6.93426e-05 8.09356e-06 8.84605e-07 6.55889e-08 2.65161e-09 5.37465e-11 5.69428e-13
 2.56851e-27 2.60212e-27 4.44977e-26 8.84691e-20 2.16871e-14 6.42629e-10 2.30179e-06 0.000996586 0.0521577 0.329964 0.252645 0.0434116 0.152926 0.140402 0.0184746 0.0067805 0.00190764 0.000268869 5.53142e-05 6.86996e-06 6.84456e-07 4.46295e-08 1.89469e-09 3.88587e-11 3.22638e-13
 2.56928e-27 2.6042e-27 4.63285e-26 9.23313e-20 2.26339e-14 6.70683e-10 2.40227e-06 0.00104009 0.0544347 0.344369 0.263637 0.0429556 0.141734 0.13005 0.0161993 0.00420012 0.00116761 0.000172258 3.48293e-05 3.71095e-06 3.65407e-07 2.35638e-08 8.777e-10 1.78916e-11 1.49699e-13
 2.56896e-27 2.60332e-27 4.553e-26 9.06466e-20 2.22209e-14 6.58446e-10 2.35844e-06 0.00102112 0.0534415 0.338086 0.258845 0.0433156 0.14784 0.135657 0.0166898 0.00390579 0.00105688 0.000116292 2.14077e-05 2.35451e-06 2.16891e-07 1.25944e-08 4.63477e-10 8.57594e-12 6.87614e-14
 2.56838e-27 2.60173e-27 4.41129e-26 8.76572e-20 2.14881e-14 6.36731e-10 2.28066e-06 0.00098744 0.0516791 0.326936 0.250339 0.0438074 0.157558 0.14461 0.0180086 0.00465799 0.00126176 0.000128044 2.17847e-05 1.83431e-06 1.55398e-07 8.88549e-09 2.94996e-10 5.19772e-12 3.8757e-14
 2.5685e-27 2.60207e-27 4.44244e-26 8.83143e-20 2.16492e-14 6.41504e-10 2.29776e-06 0.000994842 0.0520664 0.329387 0.252208 0.0436542 0.15508 0.142337 0.0178625 0.0048974 0.00133681 0.000146606 2.55715e-05 1.98122e-06 1.43437e-07 6.54592e-09 2.06901e-10 3.37025e-12 2.33929e-14
 2.56712e-27 2.59827e-27 4.10136e-26 8.11188e-20 1.98853e-14 5.89237e-10 2.11055e-06 0.000913787 0.0478243 0.30255 0.231738 0.0450476 0.180065 0.165306 0.0203343 0.00475241 0.0012895 0.000148204 2.65984e-05 2.20994e-06 1.60363e-07 6.41356e-09 1.62339e-10 2.33319e-12 1.50974e-14
#obs catch len freq
 5.99821e-42 8.32511e-34 1.39671e-26 2.8325e-20 6.94354e-15 2.0575e-10 7.36963e-07 0.000319079 0.0166993 0.105646 0.0814374 0.0423703 0.226765 0.191473 0.131612 0.127314 0.052259 0.0195056 0.0041011 0.000474798 2.25796e-05 3.22113e-07 1.03477e-09 6.09061e-13 5.74811e-17
 6.82429e-42 9.47166e-34 1.58907e-26 3.2226e-20 7.89982e-15 2.34086e-10 8.38458e-07 0.000363024 0.0189992 0.120196 0.0926611 0.0462114 0.230313 0.184902 0.129043 0.11429 0.0447093 0.0151509 0.00286354 0.000285387 1.10212e-05 1.20925e-07 2.87954e-10 1.22792e-13 8.27924e-18
 1.02754e-41 1.42616e-33 2.39268e-26 4.8523e-20 1.18948e-14 3.52466e-10 1.26248e-06 0.000546608 0.0286073 0.18098 0.139144 0.0481601 0.202406 0.154535 0.110695 0.0896515 0.0333247 0.0101244 0.00167929 0.000141258 4.39485e-06 3.6966e-08 6.50679e-11 2.00724e-14 9.67059e-19
 8.7833e-42 1.21906e-33 2.04523e-26 4.14769e-20 1.01676e-14 3.01284e-10 1.07915e-06 0.000467235 0.0244532 0.154701 0.11941 0.0599902 0.262014 0.182948 0.0961939 0.0679566 0.0242422 0.00660381 0.0009509 6.60102e-05 1.62462e-06 1.04061e-08 1.35254e-11 3.01763e-15 1.03866e-19
 1.21355e-41 1.68433e-33 2.82582e-26 5.7307e-20 1.40481e-14 4.16272e-10 1.49102e-06 0.000645559 0.033786 0.213742 0.164393 0.0539186 0.193322 0.135749 0.11068 0.0708959 0.0182629 0.0040683 0.000505376 2.85898e-05 5.45934e-07 2.62426e-09 2.50424e-12 4.03846e-16 9.93902e-21
 1.28385e-41 1.7819e-33 2.98951e-26 6.06267e-20 1.48619e-14 4.40386e-10 1.57739e-06 0.000682956 0.0357432 0.226125 0.174166 0.0636097 0.220102 0.137643 0.0769995 0.0464959 0.0153143 0.00285505 0.000250537 1.10413e-05 1.61717e-07 5.75472e-10 3.98674e-13 4.6195e-17 8.11486e-22
 1.17158e-41 1.62608e-33 2.72808e-26 5.53249e-20 1.35623e-14 4.01875e-10 1.43945e-06 0.000623232 0.0326175 0.206352 0.159352 0.0695338 0.23533 0.142963 0.0931064 0.0472072 0.0108218 0.00192734 0.000159158 4.9275e-06 5.10972e-08 1.32285e-10 6.59213e-14 5.44139e-18 6.77902e-23
 1.45561e-41 2.02029e-33 3.38946e-26 6.87375e-20 1.68502e-14 4.99302e-10 1.78842e-06 0.000774323 0.040525 0.256377 0.197477 0.0646678 0.184529 0.112284 0.0894598 0.0427687 0.00974532 0.0013049 8.23961e-05 2.17259e-06 1.61515e-08 2.82731e-11 9.80809e-15 5.70636e-19 5.00916e-24
 1.67813e-41 2.32914e-33 3.90761e-26 7.92456e-20 1.94261e-14 5.75632e-10 2.06182e-06 0.000892697 0.0467202 0.295571 0.227616 0.0688145 0.174979 0.0945208 0.0577684 0.0258844 0.00639794 0.000792733 3.96384e-05 7.48357e-07 4.23048e-09 5.33837e-12 1.25023e-15 4.90971e-20 2.96603e-25
 1.64607e-41 2.28464e-33 3.83295e-26 7.77315e-20 1.9055e-14 5.64633e-10 2.02242e-06 0.00087564 0.0458275 0.289926 0.223753 0.0771128 0.190119 0.0957119 0.0532235 0.0194319 0.0035917 0.000406069 1.87968e-05 2.77512e-07 1.09926e-09 9.82135e-13 1.64024e-16 4.45215e-21 1.81638e-26
 1.56123e-41 2.16689e-33 3.6354e-26 7.37253e-20 1.80729e-14 5.35533e-10 1.91819e-06 0.00083051 0.0434656 0.274988 0.212824 0.0839734 0.199238 0.0998447 0.0617952 0.0198072 0.00297725 0.00024594 8.76583e-06 1.09307e-07 3.36431e-10 2.11641e-13 2.42427e-17 4.57028e-22 1.30184e-27
 1.52127e-41 2.11142e-33 3.54234e-26 7.18379e-20 1.76102e-14 5.21823e-10 1.86909e-06 0.000809249 0.0423529 0.267952 0.207926 0.0892632 0.199438 0.101073 0.0676946 0.0203122 0.00297482 0.000197694 4.95659e-06 4.35288e-08 1.01993e-10 4.8905e-14 4.03968e-18 5.26477e-23 1.02489e-28
 1.93061e-41 2.67956e-33 4.49552e-26 9.11682e-20 2.23488e-14 6.62236e-10 2.37202e-06 0.001027 0.0537493 0.340047 0.262488 0.0761915 0.135812 0.0688712 0.0466347 0.0131657 0.00189535 0.0001132 2.32344e-06 1.42938e-08 2.24091e-11 7.53576e-15 4.54428e-19 4.31887e-24 5.98937e-30
 1.62683e-41 2.25793e-33 3.78814e-26 7.68228e-20 1.88322e-14 5.58033e-10 1.99878e-06 0.000865404 0.0452918 0.286557 0.223612 0.107176 0.205269 0.0824754 0.0376358 0.00970598 0.00133516 7.27531e-05 1.31843e-06 6.50576e-09 7.30908e-12 1.63993e-15 6.59866e-20 4.32435e-25 4.25013e-31
 1.3395e-41 1.85913e-33 3.11908e-26 6.32543e-20 1.5506e-14 4.59473e-10 1.64576e-06 0.000712556 0.0372924 0.235962 0.186294 0.120118 0.225639 0.112129 0.0675095 0.0130795 0.0012059 5.5485e-05 8.78499e-07 3.63785e-09 3.23393e-12 5.34052e-16 1.48559e-20 6.50945e-26 4.2679e-32
 1.21853e-41 1.69123e-33 2.83739e-26 5.75418e-20 1.41057e-14 4.17977e-10 1.49713e-06 0.000648204 0.0339245 0.214667 0.17095 0.124409 0.220681 0.129089 0.0850511 0.0186252 0.00189211 6.13056e-05 6.74983e-07 2.21593e-09 1.57974e-12 2.03093e-16 4.23617e-21 1.33874e-26 6.1205e-33
 1.6374e-41 2.27261e-33 3.81277e-26 7.73222e-20 1.89546e-14 5.6166e-10 2.01177e-06 0.000871029 0.0455862 0.288439 0.226324 0.104444 0.156915 0.0978465 0.0630281 0.014854 0.0016346 5.52593e-05 5.13606e-07 1.14626e-09 5.75134e-13 5.55243e-17 8.79888e-22 2.08768e-27 7.04111e-34
 1.48764e-41 2.06475e-33 3.46404e-26 7.02501e-20 1.7221e-14 5.10289e-10 1.82777e-06 0.000791363 0.0414169 0.262099 0.209657 0.140755 0.202811 0.0885993 0.0430163 0.00976755 0.00104846 3.60896e-05 3.31097e-07 6.49186e-10 2.41214e-13 1.58234e-17 1.73508e-22 2.96098e-28 7.32511e-35
 1.54764e-41 2.14802e-33 3.60375e-26 7.30833e-20 1.79155e-14 5.30869e-10 1.90149e-06 0.000823278 0.0430872 0.272679 0.218047 0.133782 0.178665 0.0986724 0.0465148 0.00713377 0.000575285 1.79109e-05 1.53081e-07 2.76476e-10 8.95151e-14 4.68311e-18 3.73618e-23 4.39152e-29 7.41741e-36
 1.5271e-41 2.11951e-33 3.55593e-26 7.21134e-20 1.76778e-14 5.23824e-10 1.87625e-06 0.000812353 0.0425155 0.269098 0.21761 0.147754 0.182802 0.0921777 0.0401199 0.00665364 0.000445752 9.4103e-06 6.22375e-08 9.53688e-11 2.64534e-14 1.16544e-18 7.5718e-24 6.93073e-30 8.68848e-37
 1.64614e-41 2.28473e-33 3.83311e-26 7.77347e-20 1.90558e-14 5.64657e-10 2.02251e-06 0.000875677 0.0458297 0.290086 0.234297 0.143391 0.162257 0.0850772 0.033189 0.00470355 0.000285868 5.27303e-06 2.49312e-08 2.66397e-11 5.60052e-15 1.95995e-19 1.02108e-24 7.45122e-31 7.35087e-38
 1.59915e-41 2.21951e-33 3.7237e-26 7.55158e-20 1.85118e-14 5.48539e-10 1.96478e-06 0.000850681 0.0445216 0.281876 0.231495 0.162026 0.170073 0.0787395 0.0267984 0.00344253 0.000173926 2.62861e-06 1.02018e-08 8.17971e-12 1.18948e-15 2.89529e-20 1.09578e-25 6.00849e-32 4.5247e-39
 1.64032e-41 2.27666e-33 3.81957e-26 7.74601e-20 1.89884e-14 5.62662e-10 2.01536e-06 0.000872583 0.045668 0.289173 0.23849 0.160596 0.158701 0.07937 0.0243648 0.00264869 0.000112495 1.39462e-06 4.24264e-09 2.63772e-12 2.9072e-16 5.1083e-21 1.34215e-26 5.07017e-33 2.67157e-40
 1.64574e-41 2.28418e-33 3.83219e-26 7.77162e-20 1.90512e-14 5.64522e-10 2.02202e-06 0.000875467 0.0458192 0.290213 0.242472 0.170527 0.155858 0.0721008 0.0200389 0.0020228 7.11865e-05 6.93036e-07 1.63618e-09 7.73095e-13 6.36958e-17 8.31329e-22 1.60611e-27 4.37677e-34 1.62793e-41
 1.68799e-41 2.34282e-33 3.93057e-26 7.97112e-20 1.95403e-14 5.79014e-10 2.07393e-06 0.000897942 0.0469957 0.297738 0.250591 0.172492 0.147323 0.0664924 0.0160574 0.00137009 4.0756e-05 3.23762e-07 5.84201e-10 2.05361e-13 1.2497e-17 1.19603e-22 1.68388e-28 3.33374e-35 8.98908e-43
 1.68045e-41 2.33236e-33 3.91301e-26 7.9355e-20 1.9453e-14 5.76427e-10 2.06467e-06 0.00089393 0.0467862 0.296543 0.253658 0.1818 0.144994 0.0612013 0.0131201 0.00097773 2.36242e-05 1.486e-07 2.09369e-10 5.56557e-14 2.4847e-18 1.72105e-23 1.74761e-29 2.49209e-36 4.83186e-44
 1.46865e-41 2.03838e-33 3.41981e-26 6.93531e-20 1.70011e-14 5.03773e-10 1.80443e-06 0.000781259 0.0408903 0.259524 0.234757 0.215125 0.167318 0.0680817 0.0127061 0.000798657 1.5773e-05 7.80963e-08 8.35677e-11 1.66468e-14 5.52045e-19 2.80201e-24 2.05605e-30 2.09935e-37 2.90296e-45
 1.49974e-41 2.08154e-33 3.49221e-26 7.08213e-20 1.7361e-14 5.14439e-10 1.84264e-06 0.000797798 0.0417557 0.264911 0.235121 0.197105 0.166939 0.0782531 0.0142786 0.000823246 1.41343e-05 5.91252e-08 5.25957e-11 8.57509e-15 2.30381e-19 9.44901e-25 5.60139e-31 4.61229e-38 5.12368e-46
 1.55618e-41 2.15987e-33 3.62363e-26 7.34865e-20 1.80144e-14 5.33798e-10 1.91198e-06 0.000827822 0.043327 0.274843 0.242326 0.194959 0.158168 0.0707942 0.0138812 0.000858455 1.42392e-05 5.39776e-08 4.22474e-11 5.9941e-15 1.39537e-19 4.94194e-25 2.52258e-31 1.78689e-38 1.70886e-46
#spawning biomass
 16672.5 18886.3 20118.6 21839.3 25814.2 31057.2 35868.4 43633.6 57964.8 78357.7 93982.7 113100 159295 191412 174020 152320 152582 141494 138013 135566 130498 148661 156156 167346 168718 174096 170461 156839 152414 220654 172079 81522.9 40900.1 25782.3 20747.9 19188.3 18728.6 18597.7 18561.5 18551.6 18548.9 18548.2 18548 18548 18548 18548 18548 18548 18548 18548 18548 18548 18548 18548 18548 18548 18548 18548 18548 18548 18548 18548 18548 18548 18548 18548 18548 18548 18548 18548 18548 18548 18548 18548 18548 18548 18548 18548 18548 18548 18548 18548 18548 18548 18548 18548 18548 18548 18548 18548 18548 18548 18548 18548 18548 18548 18548 18548 18548 18548 18548 18548 18548 18548 18548 18548 18548 18548 18548 18548 18548 18548 18548 18548 18548 18548 18548 18548 18548 18548 18548 18548 18548 18548 18548 18548 18548 18548 18548 0 0 0 0 0 0 0 0 0 0 0 0 0 0 0 0 0 0 0 0 0 0 0 0 0
