SBPRF35
0.0628122
Curr Bio
392723
B35
208512
F35
29369.2
FOFL
29369.2
OFL
408912
Bzero
11199.4
#pred survey bio
 10655.4 11131 12681 18268.1 20130.8 23710.5 27361.2 30368.2 43910.9 55530.6 74684.1 82985 98219.8 132232 123900 104093 98837.2 78865.9 77844.8 92509.1 88400.6 107261 123204 139939 124268 106104 108277 100208 93646.4 2.16263e+06 493567 176629 62922.6 35753.4 29533.1 28123 27806.1 27735.5 27719.9 27716.4 27715.7 27715.5 27715.5 27715.5 27715.5 27715.5 27715.5 27715.5 27715.5 27715.5 27715.5 27715.5 27715.5 27715.5 27715.5 27715.5 27715.5 27715.5 27715.5 27715.5 27715.5 27715.5 27715.5 27715.5 27715.5 27715.5 27715.5 27715.5 27715.5 27715.5 27715.5 27715.5 27715.5 27715.5 27715.5 27715.5 27715.5 27715.5 27715.5 27715.5 27715.5 27715.5 27715.5 27715.5 27715.5 27715.5 27715.5 27715.5 27715.5 27715.5 27715.5 27715.5 27715.5 27715.5 27715.5 27715.5 27715.5 27715.5 27715.5 27715.5 27715.5 27715.5 27715.5 27715.5 27715.5 27715.5 27715.5 27715.5 27715.5 27715.5 27715.5 27715.5 27715.5 27715.5 27715.5 27715.5 27715.5 27715.5 27715.5 27715.5 27715.5 27715.5 27715.5 27715.5 27715.5 27715.5 27715.5 27715.5 27715.5 0 0 0 0 0 0 0 0 0 0 0 0 0 0 0 0 0 0 0 0 0 0 0 0 0
#obs survey bio
 9135.99 13933.2 13346.3 15803.5 19667.3 27123.9 28872.5 26441.3 33608.3 39862.4 74058.5 85057.4 112290 130465 144116 88366 79764.9 73734.6 68991.6 105182 76316.6 141442 149124 127494 125322 91043.9 127018 105094 88811.5
#pred catch bio
 7154.06 5840.85 6640.61 11016.4 14848.8 18190 21037.1 26734 29194 38600.4 49305 56309.4 80260.5 93652.1 108537 94005.5 81975.6 77769.5 88713.4 86413.6 80589.4 88543.4 86215.3 90721.2 98816.1 116453 118039 101521 107162 408912 6604.38 6604.38 6604.38 6604.38 6604.38 6604.38 6604.38 6604.38 6604.38 6604.38 6604.38 6604.38 6604.38 6604.38 6604.38 6604.38 6604.38 6604.38 6604.38 6604.38 6604.38 6604.38 6604.38 6604.38 6604.38 6604.38 6604.38 6604.38 6604.38 6604.38 6604.38 6604.38 6604.38 6604.38 6604.38 6604.38 6604.38 6604.38 6604.38 6604.38 6604.38 6604.38 6604.38 6604.38 6604.38 6604.38 6604.38 6604.38 6604.38 6604.38 6604.38 6604.38 6604.38 6604.38 6604.38 6604.38 6604.38 6604.38 6604.38 6604.38 6604.38 6604.38 6604.38 6604.38 6604.38 6604.38 6604.38 6604.38 6604.38 6604.38 6604.38 6604.38 6604.38 6604.38 6604.38 6604.38 6604.38 6604.38 6604.38 6604.38 6604.38 6604.38 6604.38 6604.38 6604.38 6604.38 6604.38 6604.38 6604.38 6604.38 6604.38 6604.38 6604.38 6604.38 6604.38 6604.38 6604.38 6604.38 6604.38 0 0 0 0 0 0 0 0 0 0 0 0 0 0 0 0 0 0 0 0 0 0 0 0 0
#obs catch bio
 5891.63 5935.02 6685 11036.2 15196 18405.5 21306 27191.2 29321.8 38718 48984.6 56594.9 80182 92552.2 108100 94921.9 80717.2 78069.7 87901 85836.9 80102.8 87218.3 85316 89485.3 97076.6 114686 116195 100210 107197
#pred cpue bio
 10735.9 10941.8 12101.8 17796.9 19651.1 22923.4 26447.6 29244.8 41633.2 51425.9 70191.8 77271.9 90010.9 124496 120016 99512.8 93352.6 74313.4 73076.6 86915 80857.5 97692.6 111975 125313 112177 97962.3 100678 92102.2 85778.4 1.98188e+06 511582 179123 58656.6 31171.2 24940 23529.6 23212.7 23142.1 23126.5 23123.1 23122.3 23122.1 23122.1 23122.1 23122.1 23122.1 23122.1 23122.1 23122.1 23122.1 23122.1 23122.1 23122.1 23122.1 23122.1 23122.1 23122.1 23122.1 23122.1 23122.1 23122.1 23122.1 23122.1 23122.1 23122.1 23122.1 23122.1 23122.1 23122.1 23122.1 23122.1 23122.1 23122.1 23122.1 23122.1 23122.1 23122.1 23122.1 23122.1 23122.1 23122.1 23122.1 23122.1 23122.1 23122.1 23122.1 23122.1 23122.1 23122.1 23122.1 23122.1 23122.1 23122.1 23122.1 23122.1 23122.1 23122.1 23122.1 23122.1 23122.1 23122.1 23122.1 23122.1 23122.1 23122.1 23122.1 23122.1 23122.1 23122.1 23122.1 23122.1 23122.1 23122.1 23122.1 23122.1 23122.1 23122.1 23122.1 23122.1 23122.1 23122.1 23122.1 23122.1 23122.1 23122.1 23122.1 23122.1 23122.1 23122.1 0 0 0 0 0 0 0 0 0 0 0 0 0 0 0 0 0 0 0 0 0 0 0 0 0
#obs cpue bio
 7724.76 8560.69 9564.85 20695.1 14202.6 16704 20978.2 22929.4 52888.8 67699.9 77350.5 70686.2 79123.5 157997 106973 101360 148086 74439.9 87255.7 89788.1 99559.1 93091.8 108326 181228 147521 135588 111513 109920 95076.3
#pred surv len freq
 2.55539e-27 2.56806e-27 1.60702e-26 2.85056e-20 6.9878e-15 2.07061e-10 7.41657e-07 0.000321109 0.0168057 0.106318 0.0817802 0.0376093 0.228812 0.212412 0.0664457 0.0988918 0.0426468 0.0328173 0.0197314 0.0146504 0.0112289 0.00950727 0.00934992 0.0081843 0.00248659
 2.55989e-27 2.58018e-27 2.65263e-26 5.05624e-20 1.23948e-14 3.67279e-10 1.31553e-06 0.000569575 0.0298095 0.188583 0.144581 0.0366464 0.177368 0.165487 0.0685972 0.115055 0.038946 0.0159785 0.00702235 0.00390525 0.00242509 0.00174878 0.00151599 0.00132115 0.00043907
 2.56289e-27 2.58757e-27 3.22971e-26 6.27333e-20 1.53783e-14 4.55687e-10 1.63219e-06 0.000706677 0.0369849 0.233977 0.179322 0.0415713 0.190437 0.176104 0.0443856 0.0571678 0.0214785 0.0119283 0.00373631 0.00111861 0.000458531 0.00024987 0.000177912 0.000144746 4.96901e-05
 2.56086e-27 2.58192e-27 2.71695e-26 5.19158e-20 1.27265e-14 3.7711e-10 1.35075e-06 0.000584821 0.0306074 0.193632 0.148553 0.0440094 0.23061 0.213115 0.0499296 0.0602925 0.0193121 0.00621315 0.00217249 0.000719939 0.000156192 4.68951e-05 2.33198e-05 1.61664e-05 5.47437e-06
 2.56071e-27 2.58169e-27 2.71281e-26 5.18291e-20 1.27053e-14 3.7648e-10 1.34849e-06 0.000583844 0.0305563 0.193308 0.148283 0.0425369 0.219594 0.20334 0.0552978 0.0749651 0.0232735 0.00614857 0.00163929 0.000363621 8.71007e-05 1.55482e-05 3.58181e-06 1.7451e-06 5.50509e-07
 2.56167e-27 2.58412e-27 2.91226e-26 5.60361e-20 1.37366e-14 4.07039e-10 1.45795e-06 0.000631235 0.0330366 0.208999 0.160276 0.0433077 0.217033 0.200645 0.0487891 0.060812 0.0191818 0.00558007 0.00142042 0.000242025 3.78442e-05 5.85819e-06 7.45242e-07 1.58639e-07 4.10944e-08
 2.56167e-27 2.584e-27 2.88982e-26 5.55623e-20 1.36204e-14 4.03598e-10 1.44562e-06 0.000625898 0.0327573 0.207232 0.158943 0.0443178 0.225657 0.208407 0.0466238 0.0538781 0.016443 0.00391533 0.00099295 0.000179454 2.38541e-05 2.42092e-06 2.17869e-07 1.91545e-08 2.76073e-09
 2.56204e-27 2.58501e-27 2.97998e-26 5.74643e-20 1.40867e-14 4.17414e-10 1.49511e-06 0.000647323 0.0338786 0.214326 0.164355 0.0440105 0.219516 0.202763 0.0460521 0.0539764 0.0161863 0.00336011 0.000790104 0.000120668 1.62098e-05 1.51697e-06 9.04345e-08 4.32696e-09 2.33521e-10
 2.56342e-27 2.58866e-27 3.29307e-26 6.40688e-20 1.57057e-14 4.65388e-10 1.66694e-06 0.000721722 0.0377723 0.238959 0.183162 0.0438994 0.205456 0.189593 0.0401673 0.0438682 0.0130916 0.00262485 0.000594522 7.88146e-05 9.17465e-06 7.84033e-07 4.32964e-08 1.3459e-09 2.96727e-11
 2.56529e-27 2.59373e-27 3.73925e-26 7.34813e-20 1.80131e-14 5.33759e-10 1.91184e-06 0.000827752 0.0433215 0.274064 0.20995 0.0427649 0.178002 0.164207 0.0347451 0.0378954 0.0113257 0.00229911 0.000520192 6.73342e-05 7.197e-06 5.21606e-07 2.52599e-08 6.9573e-10 9.18665e-12
 2.56407e-27 2.59028e-27 3.42193e-26 6.67867e-20 1.63719e-14 4.8513e-10 1.73765e-06 0.000752338 0.0393746 0.249095 0.190916 0.0447769 0.206686 0.190425 0.0348364 0.0315005 0.00934558 0.00182076 0.000409223 5.3237e-05 5.62795e-06 3.82864e-07 1.58525e-08 3.73698e-10 4.14203e-12
 2.56486e-27 2.59252e-27 3.62839e-26 7.11424e-20 1.74397e-14 5.1677e-10 1.85098e-06 0.000801405 0.0419426 0.265341 0.203299 0.0433878 0.187415 0.172839 0.0352856 0.0369347 0.0107187 0.00163956 0.000345594 4.33887e-05 4.55918e-06 3.08961e-07 1.21479e-08 2.48229e-10 2.32248e-12
 2.56597e-27 2.59545e-27 3.87996e-26 7.64492e-20 1.87406e-14 5.55317e-10 1.98905e-06 0.000861184 0.0450713 0.285133 0.218411 0.0433139 0.176235 0.162349 0.0302923 0.0282017 0.00829617 0.00148598 0.000312464 3.15185e-05 3.03775e-06 2.00333e-07 7.82519e-09 1.52869e-10 1.25621e-12
 2.56389e-27 2.58969e-27 3.36021e-26 6.54843e-20 1.60527e-14 4.7567e-10 1.70377e-06 0.000737667 0.0386068 0.244238 0.187222 0.0457023 0.216324 0.199153 0.0333723 0.0259495 0.00743466 0.00102696 0.000206342 2.3345e-05 2.09951e-06 1.14831e-07 4.2324e-09 8.13758e-11 6.41629e-13
 2.56144e-27 2.58324e-27 2.80913e-26 5.38595e-20 1.3203e-14 3.91229e-10 1.40132e-06 0.000606716 0.0317533 0.200881 0.154115 0.0456621 0.239279 0.220759 0.0448895 0.0467514 0.0133361 0.00163175 0.000303347 2.77192e-05 2.44634e-06 1.39232e-07 4.38276e-09 7.56573e-11 5.79484e-13
 2.56269e-27 2.58665e-27 3.11308e-26 6.02716e-20 1.47749e-14 4.37805e-10 1.56815e-06 0.000678947 0.0355336 0.224796 0.172359 0.044585 0.218264 0.201397 0.0419871 0.0450208 0.0130371 0.00193216 0.000375278 3.00326e-05 2.26619e-06 1.10177e-07 3.52511e-09 5.52449e-11 3.7161e-13
 2.56368e-27 2.58922e-27 3.32851e-26 6.48158e-20 1.58888e-14 4.70814e-10 1.68638e-06 0.000730137 0.0382127 0.241745 0.185307 0.044968 0.212082 0.195439 0.0363503 0.0336736 0.009732 0.00144388 0.000287147 2.69445e-05 2.06873e-06 8.5171e-08 2.27723e-09 3.38041e-11 2.13461e-13
 2.56386e-27 2.58966e-27 3.36424e-26 6.55696e-20 1.60736e-14 4.7629e-10 1.70599e-06 0.000738628 0.0386571 0.244556 0.187456 0.0451649 0.212069 0.195358 0.0350912 0.0308162 0.00877688 0.00108771 0.000204383 1.92921e-05 1.58284e-06 7.35417e-08 1.79669e-09 2.20631e-11 1.25704e-13
 2.56412e-27 2.59032e-27 3.41585e-26 6.6658e-20 1.63404e-14 4.84195e-10 1.73431e-06 0.000750888 0.0392988 0.248615 0.190562 0.0455617 0.212907 0.196 0.0328112 0.0254549 0.00715495 0.000743359 0.000126951 1.00744e-05 7.68393e-07 3.6824e-08 9.98314e-10 1.21685e-11 5.86609e-14
 2.56403e-27 2.59001e-27 3.38287e-26 6.59622e-20 1.61698e-14 4.79141e-10 1.7162e-06 0.00074305 0.0388886 0.24602 0.188589 0.0461062 0.218436 0.200996 0.0317676 0.0218169 0.00604961 0.000504445 7.50325e-05 5.01105e-06 3.24523e-07 1.323e-08 3.52036e-10 4.63256e-12 2.30773e-14
 2.56605e-27 2.59557e-27 3.88278e-26 7.65085e-20 1.87551e-14 5.55748e-10 1.9906e-06 0.000861852 0.0451062 0.285355 0.218591 0.0439748 0.181138 0.166728 0.0284354 0.0228434 0.00635278 0.000530061 7.75552e-05 4.3415e-06 2.32748e-07 7.7297e-09 1.71359e-10 2.07926e-12 1.08398e-14
 2.56629e-27 2.59616e-27 3.92865e-26 7.74759e-20 1.89923e-14 5.62775e-10 2.01577e-06 0.00087275 0.0456766 0.288963 0.221352 0.0443577 0.182112 0.167495 0.0261799 0.0175166 0.00489944 0.00048971 7.9242e-05 4.45546e-06 2.27127e-07 6.09412e-09 1.08398e-10 1.06216e-12 4.90166e-15
 2.56644e-27 2.59661e-27 3.97111e-26 7.83716e-20 1.92119e-14 5.69282e-10 2.03907e-06 0.00088284 0.0462047 0.292304 0.223898 0.0440315 0.177841 0.163604 0.0263984 0.0189908 0.0052895 0.000475201 7.38806e-05 4.87639e-06 2.80843e-07 7.47029e-09 1.16144e-10 8.90941e-13 3.26528e-15
 2.56741e-27 2.59927e-27 4.21079e-26 8.34281e-20 2.04514e-14 6.06012e-10 2.17063e-06 0.000939801 0.0491858 0.311163 0.238282 0.0429865 0.159783 0.147016 0.0248325 0.0195984 0.00551877 0.000587812 9.8693e-05 6.04396e-06 3.46254e-07 1.09274e-08 1.81881e-10 1.29147e-12 3.8163e-15
 2.56688e-27 2.59778e-27 4.07444e-26 8.05515e-20 1.97462e-14 5.85116e-10 2.09579e-06 0.000907396 0.0474898 0.300434 0.230102 0.0437634 0.171442 0.157684 0.0250794 0.0174795 0.00493642 0.000571864 0.000100975 7.15311e-06 4.40199e-07 1.31233e-08 2.36489e-10 1.91056e-12 5.55186e-15
 2.56533e-27 2.59355e-27 3.69509e-26 7.25487e-20 1.77844e-14 5.26984e-10 1.88757e-06 0.000817246 0.0427717 0.270586 0.207334 0.0452608 0.198833 0.182879 0.0280663 0.0179433 0.0049849 0.00044622 7.02046e-05 5.25908e-06 3.50076e-07 1.2014e-08 2.19113e-10 1.79346e-12 5.84758e-15
 2.5648e-27 2.59204e-27 3.55853e-26 6.96676e-20 1.70782e-14 5.06057e-10 1.81261e-06 0.000784791 0.0410731 0.25984 0.19914 0.0459838 0.210092 0.193195 0.0285596 0.0164697 0.00451172 0.000307269 3.86389e-05 2.2475e-06 1.2966e-07 4.749e-09 9.70966e-11 8.62113e-13 2.83299e-15
 2.56564e-27 2.59436e-27 3.76573e-26 7.40388e-20 1.81497e-14 5.37809e-10 1.92634e-06 0.000834032 0.0436502 0.276144 0.211577 0.0451866 0.195288 0.179575 0.026905 0.0161245 0.00440727 0.000274731 3.10462e-05 1.42832e-06 6.03135e-08 1.6927e-09 3.30441e-11 3.22811e-13 1.17304e-15
 2.56587e-27 2.59499e-27 3.82156e-26 7.52165e-20 1.84384e-14 5.46363e-10 1.95698e-06 0.000847298 0.0443445 0.280536 0.214928 0.0450309 0.191749 0.176305 0.0262495 0.0154546 0.00423345 0.000284043 3.44211e-05 1.48358e-06 5.38357e-08 1.10981e-09 1.56315e-11 1.29144e-13 4.90873e-16
#obs surv len freq
 1.08543e-41 1.5065e-33 2.52747e-26 5.12565e-20 1.25649e-14 3.72322e-10 1.3336e-06 0.000577401 0.0302189 0.191174 0.146688 0.0401734 0.173304 0.14663 0.103684 0.101603 0.044146 0.0173471 0.00393161 0.000494124 2.53708e-05 3.86794e-07 1.31686e-09 8.14503e-13 8.00943e-17
 1.60705e-41 2.23048e-33 3.7421e-26 7.5889e-20 1.86033e-14 5.5125e-10 1.97449e-06 0.000854884 0.0447412 0.283046 0.216858 0.0407529 0.126866 0.10234 0.075702 0.068263 0.0282917 0.0100351 0.00202007 0.000217606 9.12613e-06 1.07493e-07 2.71193e-10 1.21364e-13 8.52575e-18
 1.53554e-41 2.13123e-33 3.57558e-26 7.2512e-20 1.77755e-14 5.26719e-10 1.88662e-06 0.000816842 0.0427503 0.270452 0.207469 0.0500192 0.176827 0.128899 0.0565605 0.0426497 0.0170537 0.00545219 0.000959991 8.6382e-05 2.90353e-06 2.62871e-08 4.91897e-11 1.59394e-14 7.99724e-19
 1.07767e-41 1.49573e-33 2.5094e-26 5.08901e-20 1.24751e-14 3.6966e-10 1.32406e-06 0.000573273 0.0300028 0.189809 0.146124 0.056536 0.2304 0.163144 0.0977341 0.0655444 0.0157306 0.00378308 0.000574426 4.2366e-05 1.11437e-06 7.63665e-09 1.05544e-11 2.47968e-15 8.90507e-20
 1.50305e-41 2.08613e-33 3.49991e-26 7.09775e-20 1.73993e-14 5.15573e-10 1.8467e-06 0.000799558 0.0418457 0.264729 0.203133 0.0472075 0.142129 0.10413 0.104059 0.0691213 0.0189812 0.00352038 0.000323444 1.79422e-05 3.62491e-07 1.8472e-09 1.86303e-12 3.15859e-16 8.11965e-21
 1.20072e-41 1.66652e-33 2.79594e-26 5.67011e-20 1.38996e-14 4.11871e-10 1.47525e-06 0.000638734 0.0334288 0.211484 0.163034 0.0650396 0.231455 0.144108 0.0782867 0.04958 0.0189446 0.00369967 0.000289926 9.81485e-06 1.31131e-07 4.81614e-10 3.49638e-13 4.23413e-17 7.74374e-22
 1.37943e-41 1.91456e-33 3.21208e-26 6.51402e-20 1.59684e-14 4.73172e-10 1.69482e-06 0.0007338 0.0384042 0.242959 0.186946 0.0580059 0.175266 0.116579 0.10932 0.0565458 0.0125916 0.00242411 0.000215572 6.14856e-06 5.1865e-08 1.18218e-10 5.82234e-14 4.94649e-18 6.3754e-23
 1.19495e-41 1.65851e-33 2.78249e-26 5.64284e-20 1.38328e-14 4.0989e-10 1.46816e-06 0.000635662 0.033268 0.210469 0.1627 0.0721925 0.226965 0.133256 0.0939351 0.0495579 0.0148146 0.00206607 0.000134239 3.74424e-06 2.66271e-08 4.03985e-11 1.22268e-14 6.67209e-19 5.81374e-24
 1.50927e-41 2.09477e-33 3.5144e-26 7.12714e-20 1.74713e-14 5.17708e-10 1.85435e-06 0.000802868 0.0420189 0.265829 0.204792 0.0643186 0.166818 0.104183 0.0970522 0.0427978 0.00986834 0.00143151 8.3603e-05 1.65119e-06 9.69107e-09 1.2104e-11 2.6246e-15 9.23911e-20 5.07565e-25
 1.51959e-41 2.1091e-33 3.53845e-26 7.1759e-20 1.75909e-14 5.2125e-10 1.86703e-06 0.000808361 0.0423064 0.267651 0.206803 0.0778721 0.198113 0.103572 0.0662719 0.0285918 0.00715371 0.000814093 3.98933e-05 6.7839e-07 2.9031e-09 2.68654e-12 4.54035e-16 1.20531e-20 4.65331e-26
 1.0947e-41 1.51937e-33 2.54905e-26 5.16943e-20 1.26722e-14 3.75502e-10 1.34499e-06 0.000582332 0.030477 0.192821 0.150736 0.0971128 0.257995 0.136224 0.0956835 0.0321338 0.0056174 0.00059004 2.46301e-05 3.24198e-07 1.0996e-09 7.54864e-13 9.07727e-17 1.75384e-21 5.03823e-27
 1.66523e-41 2.31123e-33 3.87757e-26 7.86363e-20 1.92768e-14 5.71206e-10 2.04597e-06 0.000885833 0.046361 0.293304 0.22646 0.0712218 0.144649 0.0940408 0.0895886 0.0285514 0.00458705 0.000338324 1.04689e-05 1.10967e-07 2.84263e-10 1.45658e-13 1.29423e-17 1.79209e-22 3.6315e-28
 1.33772e-41 1.85666e-33 3.11494e-26 6.31703e-20 1.54854e-14 4.58862e-10 1.64357e-06 0.000711609 0.0372428 0.235633 0.184605 0.110539 0.242868 0.106606 0.0573112 0.0202592 0.00395388 0.000263042 6.04467e-06 4.38879e-08 8.24382e-11 3.12402e-14 2.01604e-18 2.02039e-23 2.95167e-29
 1.12128e-41 1.55626e-33 2.61095e-26 5.29496e-20 1.298e-14 3.8462e-10 1.37765e-06 0.000596474 0.0312171 0.197519 0.156102 0.112121 0.235601 0.137328 0.102889 0.0235722 0.00285166 0.00019626 4.37433e-06 2.42851e-08 3.09524e-11 8.02939e-15 3.67907e-19 2.64288e-24 2.75761e-30
 8.76903e-42 1.21708e-33 2.04191e-26 4.14095e-20 1.01511e-14 3.00794e-10 1.0774e-06 0.000466476 0.0244135 0.154491 0.124526 0.123837 0.250033 0.159679 0.123815 0.0340223 0.00451625 0.000195918 3.27643e-06 1.63862e-08 1.67522e-11 3.06589e-15 9.45319e-20 4.61136e-25 3.34161e-31
 1.41991e-41 1.97074e-33 3.30632e-26 6.70515e-20 1.64369e-14 4.87055e-10 1.74455e-06 0.000755331 0.039531 0.25012 0.196059 0.0947785 0.160009 0.126012 0.1007 0.0279485 0.00390248 0.000179744 2.36198e-06 7.95985e-09 6.28255e-12 9.20929e-16 2.13279e-20 7.31782e-26 3.60798e-32
 9.76576e-42 1.35542e-33 2.274e-26 4.61163e-20 1.13049e-14 3.34984e-10 1.19986e-06 0.000519497 0.0271885 0.172088 0.141894 0.162507 0.273374 0.125986 0.0715433 0.0216943 0.00306405 0.000139321 1.78734e-06 5.08542e-09 2.82834e-12 2.87372e-16 4.91531e-21 1.27817e-26 4.68796e-33
 1.43328e-41 1.98929e-33 3.33746e-26 6.76829e-20 1.65917e-14 4.91642e-10 1.76098e-06 0.000762444 0.0399033 0.252502 0.199877 0.108004 0.161585 0.13629 0.0841734 0.0151998 0.0016278 7.25146e-05 8.73728e-07 2.25241e-09 1.06316e-12 8.23382e-17 9.87228e-22 1.77007e-27 4.59137e-34
 1.00347e-41 1.39275e-33 2.33663e-26 4.73864e-20 1.16162e-14 3.4421e-10 1.2329e-06 0.000533805 0.0279374 0.176884 0.149477 0.183181 0.260687 0.121364 0.0625096 0.0159072 0.00147395 4.24692e-05 4.14616e-07 9.37139e-10 3.78208e-13 2.42674e-17 2.30938e-22 3.11337e-28 5.78154e-35
 1.28873e-41 1.78868e-33 3.00088e-26 6.08572e-20 1.49184e-14 4.4206e-10 1.58339e-06 0.000685552 0.0358793 0.227102 0.184327 0.132556 0.181502 0.151941 0.0737752 0.0112602 0.000943673 2.68637e-05 1.87263e-07 2.99326e-10 9.49975e-14 4.9378e-18 3.76995e-23 4.01113e-29 5.76638e-36
 1.41163e-41 1.95925e-33 3.28705e-26 6.66607e-20 1.63411e-14 4.84217e-10 1.73439e-06 0.000750929 0.0393009 0.248807 0.204623 0.159142 0.18727 0.101742 0.0479378 0.00975887 0.00065277 1.32233e-05 7.8674e-08 9.76624e-11 2.15711e-14 7.95881e-19 4.5413e-24 3.70643e-30 4.10404e-37
 1.13193e-41 1.57105e-33 2.63576e-26 5.34527e-20 1.31033e-14 3.88275e-10 1.39074e-06 0.000602142 0.0315142 0.199649 0.17315 0.19691 0.225333 0.122018 0.0441197 0.00628202 0.000412169 7.80426e-06 3.3903e-08 3.1303e-11 5.32588e-15 1.4388e-19 5.73765e-25 3.26606e-31 2.58064e-38
 1.37467e-41 1.90794e-33 3.20097e-26 6.49151e-20 1.59132e-14 4.71536e-10 1.68897e-06 0.000731264 0.038272 0.242388 0.202998 0.16045 0.179253 0.126482 0.0438916 0.00528158 0.000246417 3.66162e-06 1.37795e-08 9.9168e-12 1.21234e-15 2.3734e-20 6.96867e-26 2.88596e-32 1.61947e-39
 1.3533e-41 1.87829e-33 3.15121e-26 6.3906e-20 1.56658e-14 4.64206e-10 1.66271e-06 0.000719897 0.0376774 0.238767 0.206774 0.193746 0.18812 0.097378 0.0324187 0.00422483 0.000170352 1.84265e-06 4.96188e-09 2.76037e-12 2.64219e-16 3.85663e-21 8.108e-27 2.38479e-33 9.58354e-41
 1.18502e-41 1.64473e-33 2.75938e-26 5.59596e-20 1.37178e-14 4.06485e-10 1.45596e-06 0.000630382 0.032993 0.209285 0.189993 0.213757 0.206852 0.113444 0.0299568 0.00297593 0.000110321 1.06177e-06 2.1631e-09 8.41599e-13 5.72293e-17 6.16851e-22 9.71384e-28 2.11357e-34 6.14727e-42
 1.0632e-41 1.47566e-33 2.47572e-26 5.02071e-20 1.23077e-14 3.64699e-10 1.30629e-06 0.00056558 0.029602 0.187986 0.178071 0.221125 0.217403 0.129843 0.0325078 0.00281829 7.78746e-05 5.86419e-07 9.90958e-10 3.02079e-13 1.48558e-17 1.11492e-22 1.22537e-28 1.8968e-35 3.9939e-43
 1.0512e-41 1.459e-33 2.44778e-26 4.96405e-20 1.21688e-14 3.60583e-10 1.29155e-06 0.000559198 0.0292686 0.186034 0.179954 0.221496 0.216666 0.131556 0.0317793 0.00262413 6.16235e-05 3.51974e-07 4.34085e-10 1.00232e-13 3.79887e-18 2.14452e-23 1.70698e-29 1.86025e-36 2.72452e-44
 1.26986e-41 1.76248e-33 2.95693e-26 5.99659e-20 1.46999e-14 4.35586e-10 1.5602e-06 0.000675512 0.0353558 0.22444 0.204922 0.200456 0.192486 0.112584 0.0268407 0.00218796 4.95329e-05 2.58122e-07 2.67531e-10 4.92042e-14 1.47833e-18 6.75966e-24 4.43608e-30 3.99436e-37 4.78362e-45
 1.26988e-41 1.76251e-33 2.95698e-26 5.9967e-20 1.47002e-14 4.35594e-10 1.56023e-06 0.000675525 0.0353565 0.224445 0.204926 0.200465 0.19265 0.112927 0.0264695 0.0020415 4.27883e-05 2.02309e-07 1.87418e-10 3.04465e-14 8.01047e-19 3.1906e-24 1.81899e-30 1.42104e-37 1.47517e-45
#pred catch len freq
 2.55503e-27 2.56684e-27 1.47293e-26 2.56757e-20 6.29408e-15 1.86505e-10 6.68029e-07 0.000289231 0.0151373 0.0957636 0.0737614 0.0401627 0.253877 0.235255 0.0653909 0.0906036 0.0381011 0.0281012 0.0167526 0.0123857 0.00948375 0.00802808 0.007895 0.00691075 0.00209966
 2.55884e-27 2.57722e-27 2.38001e-26 4.48108e-20 1.09848e-14 3.255e-10 1.16589e-06 0.000504785 0.0264186 0.167132 0.128228 0.0383399 0.201744 0.187818 0.0696084 0.111701 0.0373413 0.0145975 0.00635364 0.00351477 0.00218011 0.00157176 0.00136249 0.00118738 0.000394613
 2.56154e-27 2.58382e-27 2.88966e-26 5.55594e-20 1.36197e-14 4.03576e-10 1.44554e-06 0.000625865 0.0327555 0.207221 0.158917 0.0432097 0.217241 0.200716 0.0465293 0.0558306 0.0206033 0.0109497 0.00340891 0.00101345 0.000414746 0.000225937 0.000160865 0.000130876 4.49287e-05
 2.55982e-27 2.57898e-27 2.44573e-26 4.61937e-20 1.13238e-14 3.35545e-10 1.20187e-06 0.000520363 0.0272339 0.17229 0.132284 0.0457036 0.254933 0.235365 0.0503466 0.0556244 0.0176245 0.00538517 0.00186353 0.000613847 0.000132986 3.99045e-05 1.98421e-05 1.37554e-05 4.65795e-06
 2.56015e-27 2.58002e-27 2.54981e-26 4.839e-20 1.18622e-14 3.51499e-10 1.25901e-06 0.000545103 0.0285287 0.180481 0.138516 0.0443174 0.240005 0.22188 0.053235 0.0655761 0.020165 0.0050396 0.00132914 0.000292537 6.99368e-05 1.24784e-05 2.87428e-06 1.40037e-06 4.4176e-07
 2.56117e-27 2.58263e-27 2.76624e-26 5.29551e-20 1.29813e-14 3.84659e-10 1.37779e-06 0.000596528 0.0312201 0.197508 0.151527 0.0449316 0.235537 0.21745 0.0468842 0.052218 0.0162904 0.0044795 0.00112937 0.000190926 2.97871e-05 4.60766e-06 5.86085e-07 1.24757e-07 3.23173e-08
 2.56114e-27 2.58243e-27 2.73848e-26 5.23692e-20 1.28377e-14 3.80403e-10 1.36254e-06 0.000589928 0.0308747 0.195322 0.149873 0.0458512 0.243698 0.224804 0.0449875 0.0460087 0.013912 0.00313076 0.00078471 0.000140723 1.86683e-05 1.8931e-06 1.70338e-07 1.49752e-08 2.15837e-09
 2.56181e-27 2.58423e-27 2.89666e-26 5.5706e-20 1.36557e-14 4.04641e-10 1.44936e-06 0.000627517 0.032842 0.207768 0.15937 0.0454621 0.234064 0.215905 0.0432489 0.0442693 0.0131623 0.00257716 0.000597972 9.0584e-05 1.21392e-05 1.13518e-06 6.76612e-08 3.23719e-09 1.74707e-10
 2.56253e-27 2.58614e-27 3.06076e-26 5.91676e-20 1.45042e-14 4.29786e-10 1.53942e-06 0.000666511 0.0348828 0.220679 0.169227 0.0453663 0.22641 0.208748 0.0402849 0.03931 0.0116431 0.00221309 0.000495092 6.51252e-05 7.56187e-06 6.45668e-07 3.56486e-08 1.10812e-09 2.44301e-11
 2.56452e-27 2.59153e-27 3.53658e-26 6.92053e-20 1.69649e-14 5.02699e-10 1.80058e-06 0.000779584 0.0408006 0.258116 0.197793 0.044077 0.196528 0.181138 0.0347481 0.033636 0.00997414 0.0019175 0.000428496 5.50337e-05 5.86734e-06 4.24859e-07 2.05701e-08 5.6653e-10 7.48058e-12
 2.56314e-27 2.58768e-27 3.18353e-26 6.17572e-20 1.5139e-14 4.48597e-10 1.6068e-06 0.000695682 0.0364095 0.230337 0.176614 0.0461319 0.227046 0.209062 0.0354068 0.0281068 0.00827262 0.00152803 0.000339088 4.37725e-05 4.61587e-06 3.13736e-07 1.29872e-08 3.06136e-10 3.39314e-12
 2.56407e-27 2.59027e-27 3.42113e-26 6.67698e-20 1.63678e-14 4.85008e-10 1.73722e-06 0.000752148 0.0393647 0.249033 0.190867 0.0447024 0.206154 0.189965 0.0353234 0.0327091 0.00943474 0.00136984 0.000284104 3.53891e-05 3.70894e-06 2.51121e-07 9.87145e-09 2.017e-10 1.88712e-12
 2.56556e-27 2.59426e-27 3.7672e-26 7.40703e-20 1.81574e-14 5.38037e-10 1.92716e-06 0.000834386 0.0436688 0.276261 0.211652 0.0443135 0.18859 0.173593 0.0294303 0.0234041 0.00682874 0.00115573 0.000239576 2.39774e-05 2.30339e-06 1.51761e-07 5.92651e-09 1.1577e-10 9.51337e-13
 2.56308e-27 2.58741e-27 3.15169e-26 6.10851e-20 1.49743e-14 4.43715e-10 1.58931e-06 0.000688111 0.0360133 0.22783 0.174713 0.0469266 0.234429 0.215717 0.0337036 0.022536 0.00641323 0.000841454 0.000166079 1.86428e-05 1.67203e-06 9.13603e-08 3.36636e-09 6.47205e-11 5.10299e-13
 2.56134e-27 2.58282e-27 2.75919e-26 5.28055e-20 1.29446e-14 3.83573e-10 1.37389e-06 0.000594843 0.031132 0.19695 0.151133 0.0469085 0.250858 0.231178 0.0418926 0.0373004 0.0105789 0.00122693 0.0002233 2.02431e-05 1.78018e-06 1.01218e-07 3.18531e-09 5.49821e-11 4.21119e-13
 2.56271e-27 2.58657e-27 3.09312e-26 5.98501e-20 1.46715e-14 4.34744e-10 1.55718e-06 0.000674199 0.0352851 0.223224 0.171177 0.0457356 0.227851 0.209979 0.0387283 0.0354316 0.0101904 0.00142666 0.000272277 2.16255e-05 1.62536e-06 7.89339e-08 2.52469e-09 3.95637e-11 2.66125e-13
 2.56344e-27 2.58848e-27 3.25335e-26 6.32299e-20 1.55001e-14 4.59294e-10 1.64511e-06 0.000712272 0.0372777 0.23583 0.180806 0.0459964 0.22307 0.205385 0.034603 0.027187 0.00780116 0.00109492 0.000214009 1.99256e-05 1.52484e-06 6.27119e-08 1.67614e-09 2.4879e-11 1.57099e-13
 2.56409e-27 2.5902e-27 3.402e-26 6.63657e-20 1.62687e-14 4.82072e-10 1.7267e-06 0.000747596 0.0391265 0.247525 0.189735 0.0458606 0.215763 0.198569 0.0320744 0.0231336 0.0065419 0.000766642 0.000140936 1.31953e-05 1.07893e-06 5.0077e-08 1.22304e-09 1.50174e-11 8.55596e-14
 2.56476e-27 2.59197e-27 3.55421e-26 6.95766e-20 1.70559e-14 5.05395e-10 1.81024e-06 0.000783766 0.0410195 0.259501 0.198879 0.045837 0.209159 0.19237 0.0290649 0.0178329 0.00497402 0.000489241 8.13334e-05 6.40232e-06 4.86296e-07 2.32793e-08 6.30916e-10 7.68959e-12 3.70687e-14
 2.56403e-27 2.58993e-27 3.36986e-26 6.56873e-20 1.61025e-14 4.77145e-10 1.70905e-06 0.000739954 0.0387265 0.244995 0.187816 0.0467123 0.223592 0.205613 0.0300434 0.0167287 0.00460777 0.00036697 5.29076e-05 3.50698e-06 2.26063e-07 9.20516e-09 2.4485e-10 3.22179e-12 1.60491e-14
 2.56599e-27 2.59535e-27 3.85637e-26 7.59509e-20 1.86185e-14 5.51698e-10 1.97609e-06 0.000855572 0.0447775 0.283275 0.217013 0.0446324 0.187251 0.172226 0.0268194 0.0177799 0.00491686 0.000391961 5.56129e-05 3.09232e-06 1.64884e-07 5.46889e-09 1.21186e-10 1.47032e-12 7.66502e-15
 2.56591e-27 2.59509e-27 3.82905e-26 7.53745e-20 1.84771e-14 5.47511e-10 1.96109e-06 0.000849078 0.0444377 0.281125 0.215379 0.045118 0.192094 0.176594 0.0257512 0.0142513 0.00395874 0.00037689 5.94901e-05 3.32357e-06 1.68541e-07 4.51659e-09 8.02964e-11 7.86702e-13 3.63038e-15
 2.5657e-27 2.59452e-27 3.78086e-26 7.43579e-20 1.82279e-14 5.40127e-10 1.93464e-06 0.000837626 0.0438383 0.277334 0.212483 0.0450717 0.193777 0.178195 0.0269203 0.0165101 0.00457377 0.000393261 5.95459e-05 3.90284e-06 2.23799e-07 5.94632e-09 9.24043e-11 7.08736e-13 2.59741e-15
 2.56661e-27 2.59706e-27 4.00942e-26 7.91798e-20 1.941e-14 5.75152e-10 2.0601e-06 0.000891944 0.0466811 0.295318 0.226199 0.0440415 0.1763 0.162149 0.0255442 0.0174131 0.00487686 0.000495718 8.14335e-05 4.95474e-06 2.82512e-07 8.90544e-09 1.48166e-10 1.05194e-12 3.10837e-15
 2.56651e-27 2.59674e-27 3.9768e-26 7.84915e-20 1.92412e-14 5.70152e-10 2.04219e-06 0.00088419 0.0462753 0.292751 0.224247 0.0445092 0.181231 0.166607 0.0246671 0.0142952 0.00400817 0.000441132 7.62345e-05 5.36191e-06 3.28593e-07 9.78509e-09 1.76251e-10 1.42374e-12 4.13708e-15
 2.56587e-27 2.59496e-27 3.81505e-26 7.50792e-20 1.84048e-14 5.45366e-10 1.95341e-06 0.000845751 0.0442636 0.280024 0.214542 0.0453549 0.194485 0.178753 0.0252775 0.0126282 0.00347896 0.000296138 4.51812e-05 3.35755e-06 2.22563e-07 7.62929e-09 1.39088e-10 1.13831e-12 3.71135e-15
 2.56533e-27 2.59345e-27 3.67834e-26 7.21949e-20 1.76977e-14 5.24415e-10 1.87837e-06 0.000813261 0.0425631 0.269267 0.206339 0.0460258 0.205354 0.188722 0.0259283 0.0116019 0.00315176 0.000205977 2.48922e-05 1.437e-06 8.24549e-08 3.01626e-09 6.16461e-11 5.47292e-13 1.7984e-15
 2.56593e-27 2.5951e-27 3.82634e-26 7.53172e-20 1.84631e-14 5.47095e-10 1.9596e-06 0.000848433 0.0444039 0.280912 0.215221 0.0454108 0.194433 0.178685 0.0248976 0.0117772 0.00319556 0.000191987 2.08015e-05 9.50858e-07 3.98909e-08 1.1179e-09 2.18122e-11 2.13061e-13 7.74207e-16
 2.56659e-27 2.5969e-27 3.98593e-26 7.86839e-20 1.92884e-14 5.7155e-10 2.0472e-06 0.000886358 0.0463888 0.293469 0.224801 0.0448972 0.183794 0.168873 0.023273 0.0105448 0.00286421 0.000184418 2.14598e-05 9.19493e-07 3.31359e-08 6.82063e-10 9.60036e-12 7.93036e-14 3.01421e-16
#obs catch len freq
 5.01364e-42 6.9586e-34 1.16745e-26 2.36756e-20 5.80381e-15 1.71977e-10 6.15995e-07 0.000266704 0.0139583 0.0883051 0.0681522 0.039827 0.218224 0.18629 0.143705 0.143463 0.0646988 0.0261568 0.00611668 0.000792624 4.2437e-05 6.78141e-07 2.4097e-09 1.54539e-12 1.56682e-16
 5.76566e-42 8.00235e-34 1.34256e-26 2.72269e-20 6.67434e-15 1.97773e-10 7.08391e-07 0.000306709 0.0160519 0.101551 0.0783793 0.0437058 0.223087 0.181444 0.142585 0.130575 0.0565035 0.020868 0.00442393 0.000496682 2.16244e-05 2.65034e-07 6.95723e-10 3.22573e-13 2.3354e-17
 1.08482e-41 1.50566e-33 2.52606e-26 5.1228e-20 1.25579e-14 3.72115e-10 1.33285e-06 0.00057708 0.0302021 0.191068 0.146783 0.0452922 0.181973 0.141004 0.113483 0.0950249 0.0390078 0.0129275 0.00241721 0.000230622 8.11865e-06 7.62437e-08 1.47559e-10 4.93596e-14 2.54886e-18
 1.11897e-41 1.55306e-33 2.60559e-26 5.28408e-20 1.29533e-14 3.8383e-10 1.37482e-06 0.000595248 0.0311529 0.197085 0.151718 0.0583954 0.2375 0.163994 0.076645 0.0541557 0.0213225 0.00632644 0.00102615 8.10797e-05 2.26774e-06 1.625e-08 2.32129e-11 5.60697e-15 2.06483e-19
 7.85899e-42 1.09078e-33 1.83e-26 3.71121e-20 9.09759e-15 2.69578e-10 9.65585e-07 0.000418065 0.0218799 0.138422 0.107191 0.0649006 0.274227 0.184759 0.116263 0.0710208 0.0165987 0.0037631 0.000522176 3.35032e-05 7.27445e-07 3.9217e-09 4.1201e-12 7.19657e-16 1.8942e-20
 1.26052e-41 1.74952e-33 2.93519e-26 5.9525e-20 1.45919e-14 4.32383e-10 1.54873e-06 0.000670545 0.0350937 0.222015 0.17075 0.0528845 0.172307 0.122095 0.1251 0.0754458 0.0199819 0.00335652 0.000284348 1.37488e-05 2.27568e-07 9.07404e-10 6.93253e-13 8.71806e-17 1.64019e-21
 1.04078e-41 1.44453e-33 2.4235e-26 4.91482e-20 1.20481e-14 3.57007e-10 1.27874e-06 0.000553651 0.0289759 0.183315 0.1419 0.0737406 0.260139 0.153429 0.0856217 0.0504852 0.0184018 0.00320592 0.000223504 6.5421e-06 7.2101e-08 2.06678e-10 1.13331e-13 1.01608e-17 1.35829e-22
 1.2784e-41 1.77433e-33 2.97681e-26 6.03691e-20 1.47988e-14 4.38515e-10 1.57069e-06 0.000680054 0.0355913 0.225166 0.17367 0.0644554 0.192642 0.123881 0.11599 0.0540613 0.0116451 0.00205376 0.000158701 3.79581e-06 2.6103e-08 4.66575e-11 1.73735e-14 1.09154e-18 1.0273e-23
 1.14696e-41 1.5919e-33 2.67075e-26 5.41622e-20 1.32772e-14 3.93428e-10 1.4092e-06 0.000610133 0.031932 0.202019 0.15666 0.0797988 0.239282 0.134344 0.0946895 0.0460639 0.0129036 0.00160028 9.28829e-05 2.15481e-06 1.22079e-08 1.43815e-11 3.29622e-15 1.33245e-19 8.47539e-25
 1.5102e-41 2.09606e-33 3.51657e-26 7.13154e-20 1.74821e-14 5.18028e-10 1.85549e-06 0.000803363 0.0420448 0.265995 0.205239 0.0695217 0.171176 0.103882 0.0942241 0.0377321 0.00825597 0.00106951 5.37804e-05 8.87551e-07 4.15323e-09 3.98227e-12 6.49793e-16 1.69533e-20 6.81201e-26
 1.55083e-41 2.15245e-33 3.61119e-26 7.32341e-20 1.79525e-14 5.31965e-10 1.90541e-06 0.000824978 0.0431761 0.273156 0.211395 0.0831389 0.197047 0.0985163 0.0618625 0.0245957 0.00568848 0.000572659 2.43294e-05 3.39322e-07 1.14978e-09 8.1733e-13 1.03533e-16 2.03046e-21 5.73721e-27
 1.15165e-41 1.59841e-33 2.68166e-26 5.43835e-20 1.33315e-14 3.95036e-10 1.41496e-06 0.000612627 0.0320625 0.202856 0.158972 0.103865 0.253826 0.129238 0.0872962 0.026511 0.00434113 0.000403516 1.43285e-05 1.54432e-07 4.11869e-10 2.15785e-13 1.94181e-17 2.76658e-22 5.80273e-28
 1.72624e-41 2.3959e-33 4.01962e-26 8.15171e-20 1.9983e-14 5.92132e-10 2.12092e-06 0.000918285 0.0480594 0.304051 0.235016 0.0748015 0.140266 0.0901437 0.0800278 0.0230941 0.0033953 0.000219313 5.81812e-06 5.00456e-08 1.00247e-10 3.90855e-14 2.59042e-18 2.64069e-23 3.90351e-29
 1.40128e-41 1.94489e-33 3.26295e-26 6.6172e-20 1.62213e-14 4.80666e-10 1.72167e-06 0.000745423 0.0390125 0.246836 0.193859 0.11644 0.234097 0.0984012 0.0509019 0.0166459 0.00289166 0.000165592 3.20767e-06 1.8914e-08 2.77479e-11 7.97082e-15 3.82824e-19 2.81968e-24 3.00143e-30
 1.1916e-41 1.65387e-33 2.7747e-26 5.62705e-20 1.3794e-14 4.08743e-10 1.46405e-06 0.000633883 0.0331749 0.209914 0.166407 0.118858 0.228791 0.131255 0.0902021 0.0185641 0.00207302 0.000123278 2.26106e-06 1.00413e-08 9.96123e-12 1.95923e-15 6.67269e-20 3.51778e-25 2.67167e-31
 9.46923e-42 1.31427e-33 2.20496e-26 4.47161e-20 1.09616e-14 3.24813e-10 1.16343e-06 0.000503724 0.0263629 0.166836 0.135063 0.132145 0.244546 0.154555 0.10929 0.0273904 0.00318588 0.000118639 1.66284e-06 6.5872e-09 5.17895e-12 7.15503e-16 1.63922e-20 5.86663e-26 3.09124e-32
 1.50714e-41 2.09181e-33 3.50945e-26 7.11709e-20 1.74467e-14 5.16978e-10 1.85173e-06 0.000801736 0.0419597 0.265494 0.208504 0.098886 0.153326 0.119989 0.0863168 0.0219377 0.00267829 0.000104011 1.11586e-06 2.99282e-09 1.81778e-12 1.99978e-16 3.42934e-21 8.63047e-27 3.09651e-33
 1.05289e-41 1.46134e-33 2.4517e-26 4.972e-20 1.21883e-14 3.61161e-10 1.29362e-06 0.000560092 0.0293131 0.185552 0.153776 0.170524 0.261537 0.117461 0.0619084 0.0171865 0.00209981 8.02576e-05 8.3035e-07 1.84813e-09 7.86693e-13 6.00189e-17 7.58534e-22 1.44275e-27 3.8473e-34
 1.52641e-41 2.11856e-33 3.55433e-26 7.2081e-20 1.76698e-14 5.23589e-10 1.87541e-06 0.000811988 0.0424963 0.268921 0.213326 0.11155 0.153818 0.127268 0.0693008 0.0113824 0.00108259 4.02794e-05 3.88077e-07 7.76033e-10 2.77765e-13 1.60654e-17 1.42194e-22 1.86377e-28 3.50722e-35
 1.08696e-41 1.50863e-33 2.53105e-26 5.13291e-20 1.25827e-14 3.72849e-10 1.33549e-06 0.000578219 0.0302619 0.191628 0.162775 0.190125 0.246886 0.111842 0.0528906 0.0120428 0.000947044 2.30268e-05 1.80773e-07 3.14876e-10 9.57581e-14 4.56414e-18 3.19463e-23 3.14515e-29 4.24096e-36
 1.38635e-41 1.92417e-33 3.22819e-26 6.54671e-20 1.60485e-14 4.75546e-10 1.70333e-06 0.000737482 0.0385971 0.244326 0.198861 0.136356 0.173054 0.139706 0.0595271 0.00822236 0.000597069 1.39121e-05 7.71283e-08 9.54028e-11 2.27713e-14 8.7541e-19 4.89734e-24 3.79416e-30 3.95354e-37
 1.50753e-41 2.09235e-33 3.51035e-26 7.11891e-20 1.74512e-14 5.1711e-10 1.85221e-06 0.000801941 0.0419708 0.265738 0.219172 0.161173 0.173663 0.091255 0.0388678 0.00695783 0.000391568 6.57498e-06 3.09027e-08 2.9349e-11 4.86827e-15 1.32771e-19 5.5355e-25 3.27897e-31 2.6246e-38
 1.22521e-41 1.70051e-33 2.85296e-26 5.78574e-20 1.4183e-14 4.2027e-10 1.50534e-06 0.000651759 0.0341111 0.216147 0.188234 0.200633 0.211234 0.109237 0.0350381 0.00446161 0.000247392 3.78222e-06 1.29105e-08 9.11957e-12 1.1597e-15 2.31007e-20 6.73019e-26 2.77794e-32 1.58271e-39
 1.47549e-41 2.04789e-33 3.43576e-26 6.96765e-20 1.70804e-14 5.06123e-10 1.81285e-06 0.000784901 0.0410793 0.260209 0.218479 0.161891 0.168102 0.111652 0.0340582 0.00359886 0.000141415 1.70815e-06 5.00292e-09 2.73177e-12 2.49202e-16 3.59088e-21 7.68582e-27 2.30663e-33 9.34137e-41
 1.45133e-41 2.01434e-33 3.37948e-26 6.85352e-20 1.68006e-14 4.97832e-10 1.78315e-06 0.000772044 0.0404069 0.256124 0.22242 0.193859 0.173466 0.0848882 0.0251397 0.00282736 9.43525e-05 8.22819e-07 1.72641e-09 7.26968e-13 5.16817e-17 5.5412e-22 8.48928e-28 1.80777e-34 5.23397e-42
 1.28264e-41 1.78023e-33 2.9867e-26 6.05696e-20 1.48479e-14 4.39971e-10 1.57591e-06 0.000682313 0.0357113 0.226608 0.206313 0.214736 0.192839 0.0982718 0.0228034 0.00197166 6.03548e-05 4.61339e-07 7.26218e-10 2.13529e-13 1.07723e-17 8.50554e-23 9.73632e-29 1.53261e-35 3.21349e-43
 1.15995e-41 1.60993e-33 2.70099e-26 5.47755e-20 1.34276e-14 3.97883e-10 1.42515e-06 0.000617043 0.032296 0.205192 0.19487 0.223106 0.20501 0.112416 0.0246233 0.00182625 4.15109e-05 2.48447e-07 3.22247e-10 7.37997e-14 2.68803e-18 1.47751e-23 1.17911e-29 1.3174e-36 1.99462e-44
 1.14862e-41 1.59421e-33 2.67461e-26 5.42407e-20 1.32965e-14 3.93998e-10 1.41124e-06 0.000611018 0.0319806 0.203162 0.191821 0.216344 0.208652 0.118795 0.0266157 0.00197754 4.07346e-05 1.99162e-07 2.05842e-10 3.92257e-14 1.21589e-18 5.58355e-24 3.59949e-30 3.16417e-37 3.72497e-45
 1.37915e-41 1.91417e-33 3.21141e-26 6.51269e-20 1.59651e-14 4.73074e-10 1.69448e-06 0.00073365 0.0383984 0.243651 0.217986 0.192411 0.179328 0.102064 0.0235895 0.00179836 3.74161e-05 1.75983e-07 1.62438e-10 2.6318e-14 6.91058e-19 2.74854e-24 1.56533e-30 1.22195e-37 1.26778e-45
#spawning biomass
 20614.2 29331 42079.1 55481.5 59970.8 75199.6 87678.9 99293 155888 218747 278487 320541 406354 492348 397386 356155 360576 291543 293794 349040 370559 458419 530079 633480 548119 430871 428232 414718 392723 394599 6281.22 6281.22 6281.22 6281.22 6281.22 6281.22 6281.22 6281.22 6281.22 6281.22 6281.22 6281.22 6281.22 6281.22 6281.22 6281.22 6281.22 6281.22 6281.22 6281.22 6281.22 6281.22 6281.22 6281.22 6281.22 6281.22 6281.22 6281.22 6281.22 6281.22 6281.22 6281.22 6281.22 6281.22 6281.22 6281.22 6281.22 6281.22 6281.22 6281.22 6281.22 6281.22 6281.22 6281.22 6281.22 6281.22 6281.22 6281.22 6281.22 6281.22 6281.22 6281.22 6281.22 6281.22 6281.22 6281.22 6281.22 6281.22 6281.22 6281.22 6281.22 6281.22 6281.22 6281.22 6281.22 6281.22 6281.22 6281.22 6281.22 6281.22 6281.22 6281.22 6281.22 6281.22 6281.22 6281.22 6281.22 6281.22 6281.22 6281.22 6281.22 6281.22 6281.22 6281.22 6281.22 6281.22 6281.22 6281.22 6281.22 6281.22 6281.22 6281.22 6281.22 6281.22 6281.22 6281.22 6281.22 6281.22 6281.22 0 0 0 0 0 0 0 0 0 0 0 0 0 0 0 0 0 0 0 0 0 0 0 0 0
