SBPRF35
0.112871
Curr Bio
147.241
B35
375.84
F35
1.62049
FOFL
1.50014
OFL
43.9485
Bzero
32247.4
#pred survey bio
 1506.24 1198.55 928.375 750.849 636.992 568.164 525.591 502.28 482.235 470.383 463.835 459.613 457.883 463.577 463.224 464.723 462.045 455.057 455.297 454.644 454.762 453.78 459.517 465.14 469.226 467.303 469.303 469.158 469.238 466.752 460.936 457.458 457.184 452.646 450.122 447.545 445.847 442.217 437.589 432.07 422.638 413.069 396.593 377.347 352.558 332.805 319.496 300.633 283.781 271.414 254.017 245.107 238.416 236.59 227.617 220.852 219.41 217.965 216.735 209.155 207.563 208.407 206.215 203.441 200.407 196.649 185.487 177.342 181.814 189.111 193.788 197.865 195.912 190.071 185.54 195.668 192.023 197.167 202.337 204.606 203.492 217.197 215.819 223.571 210.884 213.878 213.096 221.663 219.73 216.644 219.821 211.847 215.253 219.109 209.991 186.412 145.619 22.8804 23.7258 24.5403 25.1405 22.0912 21.739 24.4229 24.0197 23.6577 21.7808 60.4472 5546.54 20716.5 58200.2 103317 132937 146177 152596 156333 158715 160278 161311 161992 162440 162735 162929 163055 163137 163190 163224 163246 163260 163270 163276 163280 163282 163284 163285 163286 163286 163286 163286 163287 163287 163287 163287 163287 163287 163287 163287 163287 163287 163287 163287 163287 163287 163287 163287 163287 163287 163287 163287 163287 163287 163287 163287 163287 163287 163287 163287 163287 163287 163287 163287 163287 163287 163287 163287 163287 163287 163287 163287 163287 163287 163287 163287 163287 163287 163287 163287 163287 163287 163287 163287 163287 163287 163287 163287 163287 163287 163287 163287 163287 163287 163287 163287 163287 163287 163287 163287 163287 0 0 0 0 0 0 0 0 0 0 0 0 0 0 0 0 0 0 0 0 0 0 0 0 0
#obs survey bio
 742.355 820.004 631.391 865.509 693.171 359.853 436.686 839.279 456.078 481.258 372.469 271.373 435.022 459.103 436.376 513 389.428 465.248 298.394 518.914 394.306 309.986 508.856 425.07 592.598 337.079 430.499 377.063 355.35 298.691 362.22 545.877 356.517 486.875 363.533 328.079 433.269 276.861 485.408 551.033 375.332 320.392 393.724 348.144 345.454 213.514 287.839 362.983 244.705 269.298 248.444 216.412 221.155 244.919 237.167 228.375 216.177 222.647 222.043 266.529 134.805 158.97 225.084 165.037 164.335 194.544 195.206 141.721 172.664 213.53 201.8 208.163 267.459 250.296 192.802 203.209 278.132 167.265 240.81 251.372 242.024 303.418 191.395 222.916 223.95 277.396 204.272 276.498 188.944 221.656 259.174 303.785 182.747 288.625 202.492 181.677 220.954 41.9857 35.8754 26.8981 28.4679 36.1201 40.5223 34.8765 42.1457 29.1172 30.4281 35.5626
#pred catch bio
 129.994 169.6 135.736 112.241 92.6027 82.1801 71.7979 74.7939 69.6779 66.4245 66.243 65.4533 57.4749 63.4535 59.8766 63.4088 68.3774 60.7453 62.262 62.2553 65.243 59.5099 60.7463 62.5611 68.8616 63.3732 64.3219 62.3075 63.4886 66.2318 63.0791 58.9763 63.8731 62.1511 62.6843 61.6852 63.155 62.7846 61.8184 64.7502 64.3086 72.8132 78.0878 88.1514 86.8465 83.1937 92.7529 92.8812 89.265 97.058 89.5032 89.6293 86.3592 97.4862 97.5681 94.0518 96.6265 97.67 105.469 97.8892 95.3335 99.9113 101.481 102.043 102.125 110.39 108.009 97.8088 102.767 114.166 120.396 130.566 137.185 139.069 126.523 151.349 146.448 154.545 167.399 179.514 166.318 190.502 179.621 205.675 183.088 189.596 179.995 196.974 198.68 190.606 206.868 194.861 196.792 208.938 207.407 194.848 270.36 43.9529 45.9199 48.2769 50.2913 43.6403 41.4079 47.1335 46.1232 47.2621 42.1315 40.4386 43.9485 233.158 940.714 2460.79 3446.76 3699.53 3743.67 3750.42 3751.4 3751.54 3751.56 3751.56 3751.56 3751.56 3751.56 3751.56 3751.56 3751.56 3751.56 3751.56 3751.56 3751.56 3751.56 3751.56 3751.56 3751.56 3751.56 3751.56 3751.56 3751.56 3751.56 3751.56 3751.56 3751.56 3751.56 3751.56 3751.56 3751.56 3751.56 3751.56 3751.56 3751.56 3751.56 3751.56 3751.56 3751.56 3751.56 3751.56 3751.56 3751.56 3751.56 3751.56 3751.56 3751.56 3751.56 3751.56 3751.56 3751.56 3751.56 3751.56 3751.56 3751.56 3751.56 3751.56 3751.56 3751.56 3751.56 3751.56 3751.56 3751.56 3751.56 3751.56 3751.56 3751.56 3751.56 3751.56 3751.56 3751.56 3751.56 3751.56 3751.56 3751.56 3751.56 3751.56 3751.56 3751.56 3751.56 3751.56 3751.56 3751.56 3751.56 3751.56 3751.56 3751.56 3751.56 3751.56 3751.56 3751.56 3751.56 3751.56 0 0 0 0 0 0 0 0 0 0 0 0 0 0 0 0 0 0 0 0 0 0 0 0 0
#obs catch bio
 0 172.856 139.191 115.527 95.0915 84.802 73.9838 77.0759 71.9271 68.4357 68.1904 67.7106 59.2706 65.5708 61.5189 65.0618 70.4985 62.3027 64.2315 64.1069 67.3618 61.1619 62.6801 64.7265 71.323 65.4354 66.2447 64.0908 65.3457 68.3991 64.8312 60.3848 65.8056 63.7718 64.5354 63.7007 65.1502 64.9204 63.7867 66.5365 65.9255 75.007 80.6656 91.0696 89.1557 85.6354 95.8344 95.2699 91.1443 99.5543 90.7946 91.5701 88.1215 99.9035 99.8146 96.9775 98.8152 100.185 108.856 99.483 96.1204 101.222 102.231 102.606 102.622 111.346 108.541 98.4324 103.37 114.137 120.123 128.632 133.083 133.153 121.853 147.965 140.045 148.746 159.843 169.977 159.705 181.528 172.812 198.198 175.277 179.45 172.827 185.571 189.335 182.779 194.19 183.689 190.25 201.478 196.781 183.756 241.843 37.9033 39.0417 42.6356 44.5354 37.4567 35.7406 40.692 39.1023 40.7675 37.0484 39.4402
#pred cpue bio
 1565.5 1231.12 937.207 745.979 625.527 553.676 509.261 485.252 464.466 452.511 445.5 439.944 437.199 444.067 445.007 447.966 445.384 437.072 436.823 435.831 435.549 433.172 437.986 443.48 448.516 447.354 450.553 451.107 452.077 450.285 444.325 440.621 440.503 435.354 432.257 429.361 428.075 425.211 421.796 417.552 408.248 398.011 379.72 358.371 330.425 307.861 292.92 272.203 254.082 241.068 221.656 210.776 201.959 198.837 187.741 178.764 175.534 172.491 170.736 163.141 161.844 162.245 158.955 155.376 152.129 148.956 137.656 127.195 126.922 128.228 128.079 129.634 126.774 119.725 111.862 117.191 109.746 110.409 110.6 107.498 101.936 111.265 109.238 115.701 105.602 108.043 106.494 112.642 109.887 106.818 109.476 101.633 101.602 104.072 100.373 90.873 74.0349 3.44899 3.87117 3.83191 3.83535 3.43275 3.33394 3.91567 3.87725 3.85693 3.25655 7.29463 1400.02 4558.43 18523 55157.5 90395 106943 114609 118848 121446 123104 124177 124877 125334 125632 125827 125954 126036 126089 126123 126146 126160 126170 126176 126180 126182 126184 126185 126186 126186 126186 126187 126187 126187 126187 126187 126187 126187 126187 126187 126187 126187 126187 126187 126187 126187 126187 126187 126187 126187 126187 126187 126187 126187 126187 126187 126187 126187 126187 126187 126187 126187 126187 126187 126187 126187 126187 126187 126187 126187 126187 126187 126187 126187 126187 126187 126187 126187 126187 126187 126187 126187 126187 126187 126187 126187 126187 126187 126187 126187 126187 126187 126187 126187 126187 126187 126187 126187 126187 126187 126187 0 0 0 0 0 0 0 0 0 0 0 0 0 0 0 0 0 0 0 0 0 0 0 0 0
#obs cpue bio
 1438.87 716.51 381.498 309.511 364.885 307.214 293.199 307.245 194.805 296.371 383.479 270.843 192.576 449.508 368.211 399.052 296.928 263.742 265.679 292.898 313.077 363.74 183.232 229.279 338.669 291.227 470.965 330.133 388.242 393.486 501.764 277.77 287.418 347.355 253.845 239.545 368.863 310.163 287.877 429.494 317.715 337.534 243.582 387.568 309.894 225.984 248.367 229.35 228.466 177.111 223.262 133.664 151.518 147.384 134.994 86.5575 158.97 104.663 109.551 138.407 218.899 158.625 161.682 178.459 171.989 144.111 127.81 115.787 126.099 138.657 136.524 199.17 196.948 199.148 158.918 147.141 209.424 203.762 223.301 218.42 140.88 192.149 192.698 222.383 211.854 221.97 183.508 288.186 228.646 205.035 296.099 167.922 152.17 173.501 264.692 231.818 204.448 21.6551 32.0352 22.5489 23.0407 24.5589 18.7533 27.0078 30.7082 29.0244 17.4866 14.5998
#pred surv len freq
 5.92649e-027 6.10636e-021 1.3111e-015 3.84026e-011 1.53445e-007 8.36411e-005 0.00621949 0.0630901 0.087306 0.0168375 0.0144055 0.0748001 0.0552123 0.0231754 0.0688328 0.0454948 0.0559359 0.0572099 0.0614882 0.0631438 0.06663 0.0697868 0.0774985 0.070322 0.0225274
 6.46795e-027 7.06379e-021 1.51666e-015 4.44237e-011 1.77504e-007 9.67553e-005 0.00719465 0.0729821 0.100995 0.0194574 0.0158794 0.0823294 0.0607475 0.0248729 0.0732802 0.0476604 0.0550557 0.0551001 0.0566978 0.057222 0.0598513 0.061764 0.0661873 0.0613185 0.0213077
 6.95228e-027 7.92086e-021 1.70069e-015 4.98138e-011 1.99041e-007 0.000108495 0.0080676 0.0818372 0.113249 0.0218288 0.0182199 0.0945326 0.0697082 0.0273225 0.0793351 0.051053 0.0564109 0.0547263 0.0520946 0.0499162 0.0503051 0.0510363 0.0532861 0.049217 0.0177452
 7.32889e-027 8.58783e-021 1.84389e-015 5.40084e-011 2.15801e-007 0.000117631 0.00874692 0.0887283 0.122785 0.0236641 0.019644 0.101904 0.0751615 0.0299553 0.0874525 0.0556654 0.0586257 0.0558429 0.0505581 0.0451758 0.0421777 0.0407978 0.0414784 0.0377536 0.0137652
 7.61115e-027 9.08799e-021 1.95128e-015 5.71538e-011 2.2837e-007 0.000124482 0.00925635 0.0938959 0.129936 0.0250387 0.0206482 0.10709 0.0789811 0.0313221 0.0912972 0.0583156 0.0623303 0.0585422 0.0504972 0.043106 0.0371216 0.0327349 0.0315415 0.0280339 0.0101866
 7.81395e-027 9.44749e-021 2.02847e-015 5.94147e-011 2.37404e-007 0.000129406 0.00962251 0.0976102 0.135076 0.0260247 0.0212882 0.110381 0.0814025 0.032127 0.093491 0.0596593 0.063513 0.0599226 0.0521578 0.0429942 0.0347913 0.0277521 0.0241657 0.0205257 0.007366
 7.94739e-027 9.68411e-021 2.07927e-015 6.09028e-011 2.4335e-007 0.000132647 0.00986351 0.100055 0.138459 0.0266752 0.021772 0.112881 0.0832389 0.0326445 0.0947925 0.0604197 0.0639937 0.0602786 0.0523575 0.0434387 0.0342815 0.0251714 0.019269 0.0150139 0.00526192
 7.98807e-027 9.75646e-021 2.09481e-015 6.13578e-011 2.45168e-007 0.000133638 0.0099372 0.100802 0.139493 0.0268778 0.0220617 0.114404 0.0843611 0.0330587 0.0959685 0.0611141 0.0644698 0.0606683 0.0525774 0.0435685 0.0344436 0.0244119 0.0165428 0.0113132 0.00379186
 8.02478e-027 9.82169e-021 2.10881e-015 6.1768e-011 2.46807e-007 0.000134531 0.0100036 0.101476 0.140426 0.0270586 0.0222554 0.115416 0.0851106 0.0334449 0.0971789 0.0618116 0.0648536 0.0608441 0.0523 0.0431599 0.0340169 0.0239447 0.0150185 0.00880879 0.00273696
 8.08856e-027 9.93477e-021 2.13309e-015 6.24792e-011 2.49648e-007 0.00013608 0.0101188 0.102645 0.142043 0.0273629 0.0222271 0.115223 0.0849706 0.0334604 0.0972946 0.0619455 0.0652727 0.0611878 0.0523807 0.042961 0.0336382 0.0235621 0.0142517 0.00728538 0.00203408
 8.18221e-027 1.01006e-020 2.1687e-015 6.35223e-011 2.53816e-007 0.000138352 0.0102878 0.104358 0.144414 0.0278117 0.0222832 0.115461 0.0851354 0.0332156 0.0962805 0.0613447 0.0648585 0.0609138 0.052381 0.0428733 0.0333576 0.0231795 0.0137558 0.00637186 0.00157734
 8.23739e-027 1.01983e-020 2.18968e-015 6.41366e-011 2.56271e-007 0.00013969 0.0103872 0.105368 0.145811 0.028082 0.0225517 0.116861 0.0861545 0.0332489 0.0960136 0.0610323 0.0638688 0.0599867 0.051728 0.0424869 0.0330588 0.022805 0.013335 0.0057944 0.00128673
 8.19931e-027 1.01309e-020 2.17521e-015 6.37128e-011 2.54578e-007 0.000138767 0.0103186 0.104671 0.144847 0.0279062 0.0227844 0.118131 0.0870932 0.0336709 0.097288 0.0616863 0.0638118 0.0597 0.0510334 0.0419524 0.0327623 0.0225921 0.0130592 0.00544031 0.00111213
 8.10068e-027 9.95645e-021 2.13775e-015 6.26155e-011 2.50193e-007 0.000136377 0.0101409 0.102869 0.142353 0.0274308 0.0225971 0.117194 0.0864203 0.0339152 0.0984998 0.0625633 0.0652186 0.0609605 0.0518452 0.0423935 0.0330551 0.0228773 0.0131683 0.00533249 0.00102942
 8.06244e-027 9.88885e-021 2.12323e-015 6.21904e-011 2.48495e-007 0.000135451 0.0100721 0.10217 0.141386 0.027244 0.0224189 0.116266 0.0857423 0.0338363 0.0984585 0.0627024 0.0661406 0.0619386 0.0528027 0.0429782 0.0332666 0.0229655 0.0132277 0.00526878 0.000979105
 8.05213e-027 9.87067e-021 2.11933e-015 6.20761e-011 2.48038e-007 0.000135202 0.0100535 0.101982 0.141126 0.02719 0.0222237 0.115228 0.0849774 0.0335406 0.0976069 0.062281 0.0662748 0.0623776 0.053895 0.0440624 0.0340485 0.0233334 0.0134039 0.00529766 0.00096127
 8.10047e-027 9.95625e-021 2.1377e-015 6.26143e-011 2.50188e-007 0.000136374 0.0101407 0.102867 0.14235 0.0274204 0.0222072 0.115108 0.0848815 0.0332979 0.0967 0.0616711 0.0654877 0.06174 0.0536986 0.0443446 0.0345621 0.023646 0.0134909 0.00530142 0.000948787
 8.16145e-027 1.00641e-020 2.16086e-015 6.32926e-011 2.52898e-007 0.000137852 0.0102505 0.103981 0.143892 0.0277167 0.0224223 0.116219 0.0856901 0.0333264 0.0964953 0.0613945 0.0645094 0.0606508 0.0524695 0.0434554 0.0341889 0.0236022 0.0134291 0.00523934 0.000929771
 8.15759e-027 1.00573e-020 2.15939e-015 6.32495e-011 2.52727e-007 0.000137758 0.0102436 0.10391 0.143794 0.0276999 0.0224847 0.116555 0.0859393 0.0334548 0.096897 0.0615948 0.0644561 0.0604912 0.0520786 0.0429993 0.0338872 0.0236414 0.0135472 0.00526057 0.000927039
 8.16445e-027 1.00694e-020 2.162e-015 6.33258e-011 2.53031e-007 0.000137924 0.0102559 0.104036 0.143967 0.0277327 0.0224912 0.116585 0.0859643 0.0335381 0.0972108 0.0617915 0.0646431 0.0605692 0.051874 0.0426317 0.0334431 0.0233867 0.0135434 0.00527357 0.000924487
 8.22601e-027 1.01783e-020 2.18539e-015 6.4011e-011 2.55769e-007 0.000139416 0.0103669 0.105161 0.145525 0.028025 0.0224278 0.116206 0.0856833 0.0334039 0.0967986 0.0615594 0.0645412 0.0604768 0.051751 0.0423609 0.0330293 0.022992 0.0133797 0.00525243 0.000920137
 8.3171e-027 1.03395e-020 2.21999e-015 6.50245e-011 2.59819e-007 0.000141624 0.010531 0.106826 0.147829 0.0284637 0.022586 0.116992 0.0862499 0.0332511 0.0959849 0.0609981 0.063752 0.0597163 0.0510745 0.0417479 0.0324105 0.0224008 0.0130014 0.00513843 0.000903919
 8.28776e-027 1.02875e-020 2.20883e-015 6.46976e-011 2.58513e-007 0.000140912 0.0104781 0.106289 0.147086 0.0283293 0.0228143 0.118233 0.0871586 0.0334323 0.0963364 0.0611199 0.063406 0.0593859 0.0508652 0.0416236 0.0323043 0.0222209 0.0128105 0.0050687 0.00089676
 8.21382e-027 1.01567e-020 2.18074e-015 6.38747e-011 2.55224e-007 0.00013912 0.0103448 0.104937 0.145215 0.0279765 0.0228177 0.1183 0.0872217 0.0338363 0.0978806 0.0620224 0.0639674 0.0597466 0.0508282 0.0415933 0.032322 0.0222135 0.0127298 0.00501639 0.000890528
 8.14328e-027 1.00319e-020 2.15394e-015 6.30898e-011 2.52088e-007 0.00013741 0.0102177 0.103648 0.143431 0.0276362 0.0226745 0.11758 0.0867026 0.0339581 0.0985578 0.0626046 0.0652789 0.0609023 0.0514708 0.0418611 0.0324187 0.0222965 0.0127445 0.00499305 0.000885825
 8.12716e-027 1.00034e-020 2.14782e-015 6.29106e-011 2.51372e-007 0.00013702 0.0101887 0.103353 0.143023 0.0275569 0.0225764 0.117066 0.0863271 0.0339151 0.0985375 0.0626719 0.065729 0.0614612 0.0521873 0.0422123 0.0324017 0.0221766 0.0126647 0.00494021 0.000873253
 8.11187e-027 9.97635e-021 2.14202e-015 6.27407e-011 2.50693e-007 0.00013665 0.0101612 0.103074 0.142637 0.0274802 0.0224274 0.116279 0.0857469 0.0336986 0.0979221 0.0623821 0.06591 0.0618487 0.053026 0.0431487 0.0330913 0.0224426 0.0127533 0.00496073 0.000873086
 8.07446e-027 9.91016e-021 2.12781e-015 6.23244e-011 2.4903e-007 0.000135743 0.0100938 0.10239 0.141691 0.0273022 0.02245 0.116424 0.0858505 0.033634 0.0976311 0.0621961 0.0657174 0.0617949 0.0533507 0.0437569 0.0338435 0.0229372 0.0129216 0.00500164 0.000877003
 8.03036e-027 9.83215e-021 2.11106e-015 6.18338e-011 2.4707e-007 0.000134674 0.0100143 0.101584 0.140575 0.0270889 0.0223355 0.115841 0.0854278 0.0336838 0.0979869 0.0623997 0.0658232 0.061919 0.0535786 0.0442054 0.0345288 0.0236148 0.0132711 0.00509703 0.000889852
 8.03349e-027 9.83773e-021 2.11226e-015 6.18689e-011 2.4721e-007 0.000134751 0.01002 0.101642 0.140655 0.0271006 0.0222046 0.115138 0.084912 0.0335421 0.0976372 0.0622597 0.0660603 0.0621212 0.0536428 0.0443092 0.0348071 0.0240732 0.013627 0.00520868 0.000903913
 8.07465e-027 9.91056e-021 2.12789e-015 6.2327e-011 2.4904e-007 0.000135749 0.0100942 0.102395 0.141697 0.0272979 0.0222362 0.11528 0.08501 0.0333885 0.097002 0.0618491 0.065604 0.0617529 0.053463 0.0440777 0.0346116 0.0241002 0.0138011 0.00529081 0.000913428
 8.08002e-027 9.92005e-021 2.12993e-015 6.23866e-011 2.49278e-007 0.000135879 0.0101038 0.102493 0.141832 0.0273257 0.0223254 0.115754 0.0853544 0.0333933 0.0968864 0.0617162 0.0651886 0.0613722 0.0532276 0.0440029 0.0345697 0.0240865 0.0139186 0.00538497 0.000929077
 8.08232e-027 9.92412e-021 2.1308e-015 6.24122e-011 2.49381e-007 0.000135934 0.010108 0.102535 0.14189 0.0273349 0.0222564 0.115383 0.0850853 0.0333987 0.0970107 0.0617774 0.0651669 0.0613238 0.0531449 0.0440248 0.0347088 0.0242223 0.0140497 0.00549092 0.000951942
 8.13387e-027 1.00153e-020 2.15039e-015 6.29859e-011 2.51673e-007 0.000137184 0.0102009 0.103477 0.143195 0.0275823 0.0223086 0.115629 0.0852612 0.0333326 0.0966861 0.0615657 0.0649176 0.0609882 0.0525885 0.0434584 0.0342685 0.023994 0.013956 0.00549365 0.000959975
 8.13965e-027 1.00255e-020 2.15258e-015 6.30499e-011 2.51929e-007 0.000137323 0.0102112 0.103582 0.14334 0.0276136 0.0224575 0.116421 0.0858399 0.0333948 0.0967035 0.0615287 0.0646559 0.0607357 0.052366 0.0431235 0.0338755 0.0237226 0.0138464 0.00547893 0.000964897
 8.11909e-027 9.98911e-021 2.14476e-015 6.2821e-011 2.51014e-007 0.000136825 0.0101742 0.103206 0.14282 0.027517 0.0225204 0.116772 0.0861031 0.0336317 0.0975209 0.0619678 0.0647321 0.0607039 0.0521442 0.0429067 0.0336057 0.0234378 0.0136923 0.0054429 0.000964757
 8.08262e-027 9.92457e-021 2.1309e-015 6.24151e-011 2.49392e-007 0.000135941 0.0101084 0.102539 0.141897 0.0273418 0.0224765 0.116561 0.0859536 0.0337441 0.0980167 0.062348 0.0654281 0.0612794 0.0523712 0.0429511 0.0335575 0.0233265 0.0135853 0.00541418 0.000964665
 8.02515e-027 9.82288e-021 2.10907e-015 6.17755e-011 2.46837e-007 0.000134548 0.0100049 0.101489 0.140443 0.0270672 0.0224649 0.116536 0.0859392 0.0338389 0.0983923 0.0626428 0.0660013 0.061892 0.0530103 0.043308 0.0336581 0.0233091 0.0135216 0.00538408 0.000962635
 7.96399e-027 9.71467e-021 2.08583e-015 6.1095e-011 2.44118e-007 0.000133065 0.00989464 0.100371 0.138896 0.0267723 0.0223443 0.115931 0.0855021 0.0339187 0.098872 0.0629922 0.0665755 0.0625172 0.0537459 0.0440016 0.0341295 0.0234933 0.0135627 0.0053834 0.000963408
 7.96166e-027 9.71062e-021 2.08496e-015 6.10695e-011 2.44016e-007 0.00013301 0.00989051 0.100329 0.138838 0.0267557 0.0221221 0.114744 0.084632 0.0337246 0.0984561 0.062843 0.0669608 0.062981 0.0543309 0.0446281 0.0347244 0.0238535 0.0136826 0.00540457 0.000965775
 8.01929e-027 9.81261e-021 2.10686e-015 6.17109e-011 2.46579e-007 0.000134407 0.00999439 0.101383 0.140296 0.0270311 0.0221372 0.114787 0.0846534 0.0334513 0.097386 0.0621836 0.0663765 0.0625312 0.0541859 0.0446083 0.034823 0.0239872 0.0137114 0.00538115 0.000958238
 8.06327e-027 9.89038e-021 2.12356e-015 6.22001e-011 2.48533e-007 0.000135472 0.0100736 0.102186 0.141408 0.0272454 0.0223133 0.1157 0.0853177 0.0334532 0.097134 0.0618878 0.0654346 0.061617 0.0534554 0.0441491 0.0345922 0.0239166 0.0136882 0.00534457 0.00094682
 8.12545e-027 1.00003e-020 2.14717e-015 6.28915e-011 2.51296e-007 0.000136978 0.0101856 0.103322 0.14298 0.0275502 0.022637 0.117391 0.0865608 0.0338316 0.0981196 0.0622785 0.0647224 0.0605228 0.0516142 0.0424484 0.0332707 0.0230874 0.0132593 0.00516947 0.000911072
 8.24784e-027 1.02168e-020 2.19365e-015 6.42531e-011 2.56736e-007 0.000139944 0.0104061 0.105559 0.146076 0.0281405 0.0228862 0.118644 0.0874839 0.0341783 0.0991073 0.0627463 0.0644405 0.0597542 0.0497025 0.0401243 0.0310231 0.0215023 0.0123948 0.00484064 0.000850451
 8.44235e-027 1.05609e-020 2.26752e-015 6.64168e-011 2.65382e-007 0.000144656 0.0107565 0.109114 0.150994 0.029082 0.0234161 0.121351 0.0894634 0.0344873 0.09954 0.0628087 0.0634937 0.0583431 0.0472045 0.0371106 0.0278312 0.0189416 0.0108985 0.00426902 0.000749741
 8.55997e-027 1.07689e-020 2.31218e-015 6.77247e-011 2.70608e-007 0.000147505 0.0109684 0.111262 0.153968 0.0296582 0.024016 0.124483 0.0917599 0.0350198 0.100717 0.0632765 0.0626562 0.0571278 0.0451892 0.0346565 0.0250712 0.0164526 0.0092925 0.0036369 0.000639687
 8.60858e-027 1.08548e-020 2.33063e-015 6.8265e-011 2.72767e-007 0.000148682 0.0110559 0.11215 0.155196 0.0298981 0.0243342 0.126153 0.0929954 0.0356125 0.10254 0.0642443 0.0627559 0.0568 0.043921 0.0330196 0.0231444 0.0145442 0.00790097 0.00304866 0.000536265
 8.69952e-027 1.10156e-020 2.36515e-015 6.92762e-011 2.76807e-007 0.000150884 0.0112196 0.113811 0.157495 0.030343 0.0247743 0.128448 0.0946838 0.0361623 0.104021 0.0649742 0.0625067 0.0560153 0.0419397 0.0307255 0.020836 0.012566 0.00648599 0.0024182 0.000421952
 8.77915e-027 1.11564e-020 2.39538e-015 7.01617e-011 2.80346e-007 0.000152813 0.011363 0.115266 0.159509 0.0307316 0.025121 0.130251 0.096011 0.0366281 0.105315 0.0656137 0.0623007 0.0554095 0.0404261 0.0287847 0.0187664 0.0108447 0.00530692 0.00187854 0.000320282
 8.8767e-027 1.1329e-020 2.43244e-015 7.12471e-011 2.84682e-007 0.000155177 0.0115388 0.117049 0.161976 0.0312004 0.0252511 0.130883 0.096476 0.0367867 0.105751 0.0658174 0.0621611 0.0550276 0.0394579 0.0275158 0.0173018 0.00953087 0.00441166 0.00146832 0.000240425
 9.11118e-027 1.17438e-020 2.52151e-015 7.3856e-011 2.95107e-007 0.000160859 0.0119614 0.121335 0.167907 0.0323297 0.0256593 0.132912 0.0979512 0.0367724 0.105119 0.065132 0.0601068 0.0527335 0.0367654 0.0250836 0.0152707 0.00803774 0.00350324 0.0010896 0.000168946
 9.27364e-027 1.20312e-020 2.58321e-015 7.56634e-011 3.02329e-007 0.000164795 0.0122541 0.124304 0.172016 0.0331147 0.0260457 0.134873 0.0993764 0.0367547 0.104496 0.0645391 0.0585626 0.0510328 0.0347947 0.023233 0.0137072 0.0069342 0.00285205 0.000824762 0.000119868
 9.35836e-027 1.2181e-020 2.61537e-015 7.66054e-011 3.06093e-007 0.000166847 0.0124066 0.125852 0.174158 0.0335314 0.0265412 0.137468 0.101275 0.0370791 0.105017 0.0645546 0.0570921 0.0493406 0.032792 0.0214465 0.0122678 0.00596998 0.00232989 0.000626505 8.47226e-005
 9.39238e-027 1.22411e-020 2.62829e-015 7.69837e-011 3.07604e-007 0.000167671 0.0124679 0.126474 0.175018 0.0336968 0.0266655 0.138111 0.101755 0.0374282 0.106185 0.0651364 0.0569327 0.0488715 0.0316865 0.0203098 0.0112816 0.00529171 0.00196553 0.000493729 6.19431e-005
 9.5668e-027 1.25497e-020 2.69454e-015 7.89242e-011 3.15358e-007 0.000171898 0.0127822 0.129662 0.179429 0.0345379 0.0270107 0.139842 0.103017 0.0375006 0.105973 0.0647243 0.0551918 0.0468382 0.0291502 0.0181364 0.00969729 0.00437688 0.00154999 0.000365355 4.25985e-005
 9.68744e-027 1.2763e-020 2.74035e-015 8.0266e-011 3.20719e-007 0.00017482 0.0129995 0.131866 0.18248 0.0351256 0.0274913 0.142334 0.104834 0.0376451 0.105827 0.0643548 0.0535034 0.0449407 0.026938 0.016195 0.00824692 0.00355125 0.00119695 0.000265632 2.88917e-005
 9.787e-027 1.29392e-020 2.77817e-015 8.13737e-011 3.25145e-007 0.000177233 0.0131789 0.133686 0.184998 0.0356032 0.027592 0.142808 0.105183 0.0377647 0.106153 0.0643671 0.0525952 0.043871 0.0256139 0.014991 0.00728949 0.00296733 0.000943792 0.000197098 2.00697e-005
 9.781e-027 1.29284e-020 2.77586e-015 8.13062e-011 3.24876e-007 0.000177086 0.0131679 0.133575 0.184845 0.0355865 0.0280714 0.145376 0.107059 0.0380029 0.106352 0.0643606 0.0519632 0.0430515 0.0244445 0.0139831 0.00654562 0.00252633 0.000751582 0.000146634 1.39863e-005
 9.68191e-027 1.2753e-020 2.73819e-015 8.02029e-011 3.20467e-007 0.000174683 0.0129893 0.131762 0.182336 0.0351193 0.0283066 0.1467 0.108048 0.0387713 0.10895 0.0657205 0.0520053 0.0428457 0.0238687 0.0133757 0.00604747 0.00223276 0.000622935 0.000112605 1.00088e-005
 9.75058e-027 1.28745e-020 2.76428e-015 8.0967e-011 3.2352e-007 0.000176347 0.013113 0.133018 0.184074 0.0354469 0.0283003 0.146621 0.108 0.0390283 0.109963 0.0661743 0.05157 0.0420549 0.022404 0.012234 0.00534256 0.00189086 0.000498601 8.35485e-005 6.868e-006
 9.85295e-027 1.30557e-020 2.80319e-015 8.21067e-011 3.28074e-007 0.000178829 0.0132976 0.13489 0.186665 0.0359297 0.0280683 0.145312 0.107031 0.0385426 0.108455 0.0654595 0.0519647 0.0424298 0.0224934 0.0120228 0.0050414 0.00171563 0.000429876 6.72592e-005 5.10386e-006
 9.89237e-027 1.31255e-020 2.81817e-015 8.25453e-011 3.29827e-007 0.000179784 0.0133686 0.135611 0.187662 0.0361216 0.0282172 0.146083 0.107579 0.0381857 0.106858 0.0645141 0.0513222 0.0420944 0.0228036 0.0122354 0.00505687 0.00165136 0.000393927 5.7957e-005 4.07999e-006
 9.91548e-027 1.31663e-020 2.82693e-015 8.2802e-011 3.30852e-007 0.000180343 0.0134102 0.136032 0.188245 0.0362396 0.028527 0.147725 0.108782 0.0384215 0.107303 0.0644694 0.0497441 0.0405784 0.0217358 0.0117227 0.00489452 0.00157573 0.000359595 4.98992e-005 3.28137e-006
 9.95529e-027 1.32367e-020 2.84205e-015 8.32448e-011 3.32622e-007 0.000181308 0.0134819 0.13676 0.189252 0.0364325 0.028643 0.14832 0.109222 0.0386462 0.108002 0.0647173 0.0490723 0.039669 0.020447 0.0108392 0.00448845 0.00145432 0.000326504 4.31175e-005 2.66133e-006
 9.91163e-027 1.31594e-020 2.82544e-015 8.27584e-011 3.30678e-007 0.000180248 0.0134031 0.135961 0.188146 0.036232 0.0289612 0.150051 0.110491 0.0389363 0.108637 0.065026 0.0489426 0.0393587 0.0197723 0.0102032 0.00406757 0.00129911 0.000291514 3.76218e-005 2.20228e-006
 9.86576e-027 1.30781e-020 2.80801e-015 8.22477e-011 3.28638e-007 0.000179136 0.0133204 0.135122 0.186985 0.0360139 0.0289963 0.150269 0.110666 0.0393863 0.110315 0.0659122 0.0490145 0.0392705 0.0194426 0.00986097 0.0037938 0.00116274 0.000255438 3.27069e-005 1.85829e-006
 1.01397e-026 1.3563e-020 2.91211e-015 8.5297e-011 3.40821e-007 0.000185777 0.0138143 0.140131 0.193917 0.0373197 0.0289186 0.149673 0.110215 0.0388952 0.108575 0.064586 0.0465979 0.0368935 0.0173701 0.00856791 0.00318249 0.00093512 0.000196131 2.45048e-005 1.37167e-006
 1.06331e-026 1.44362e-020 3.09959e-015 9.07884e-011 3.62763e-007 0.000197738 0.0147036 0.149153 0.206402 0.0396745 0.0289078 0.14929 0.109883 0.0373759 0.102796 0.0608483 0.0424142 0.0331813 0.0148418 0.00702462 0.00245991 0.000691113 0.000137834 1.64235e-005 8.96493e-007
 1.09219e-026 1.49472e-020 3.20931e-015 9.4002e-011 3.75604e-007 0.000204737 0.0152241 0.154432 0.213707 0.0410616 0.0292533 0.150949 0.11105 0.0362711 0.0980512 0.0578156 0.0391994 0.0304887 0.0133952 0.0061855 0.00205366 0.000542455 0.000102119 1.15089e-005 6.00796e-007
 1.09646e-026 1.50225e-020 3.22549e-015 9.44759e-011 3.77498e-007 0.000205769 0.0153008 0.155211 0.214785 0.0412859 0.0300794 0.15534 0.11425 0.036446 0.0974853 0.0569672 0.0360437 0.0276097 0.0115948 0.00522175 0.00167404 0.00041824 7.32906e-005 7.72771e-006 3.8117e-007
 1.09295e-026 1.49603e-020 3.21213e-015 9.40845e-011 3.75934e-007 0.000204917 0.0152375 0.154568 0.213895 0.0411336 0.0306858 0.158607 0.116654 0.0372431 0.0996409 0.0577088 0.0338692 0.0253213 0.00959425 0.00406742 0.0012239 0.000291631 4.7901e-005 4.66905e-006 2.14885e-007
 1.08395e-026 1.48008e-020 3.17788e-015 9.30814e-011 3.71926e-007 0.000202732 0.015075 0.15292 0.211615 0.0407109 0.0309847 0.160266 0.117885 0.0379553 0.101927 0.0588633 0.0336615 0.0248032 0.00860698 0.00338325 0.00090708 0.000199244 3.06392e-005 2.77545e-006 1.17912e-007
 1.08509e-026 1.48209e-020 3.1822e-015 9.3208e-011 3.72432e-007 0.000203008 0.0150955 0.153128 0.211903 0.0407703 0.0311805 0.161306 0.118651 0.0382126 0.102626 0.0590487 0.032642 0.0237686 0.00776002 0.00286989 0.000683166 0.000132163 1.81848e-005 1.51969e-006 5.96799e-008
 1.11659e-026 1.53785e-020 3.30191e-015 9.67143e-011 3.86442e-007 0.000210645 0.0156634 0.158888 0.219874 0.0422677 0.0309306 0.159762 0.117497 0.0373425 0.0996856 0.05705 0.0299599 0.0214788 0.00652565 0.00227621 0.00049293 8.43578e-005 9.96551e-006 7.32906e-007 2.62974e-008
 1.15161e-026 1.59981e-020 3.43495e-015 1.00611e-010 4.02013e-007 0.000219132 0.0162945 0.16529 0.228733 0.0439477 0.0312702 0.161348 0.1186 0.0358966 0.0936409 0.0532214 0.0260666 0.0183202 0.00511062 0.00166023 0.000324735 4.99735e-005 5.11541e-006 3.18633e-007 9.98516e-009
 1.14741e-026 1.59238e-020 3.419e-015 1.00144e-010 4.00146e-007 0.000218114 0.0162188 0.164523 0.227671 0.0437558 0.0316066 0.163175 0.119933 0.036029 0.0936389 0.0531254 0.02553 0.0178494 0.00487241 0.00153442 0.000276674 3.86171e-005 3.48547e-006 1.85772e-007 4.90682e-009
 1.17165e-026 1.63526e-020 3.51107e-015 1.02841e-010 4.10921e-007 0.000223988 0.0166556 0.168953 0.233802 0.0449221 0.0319887 0.16506 0.12128 0.0353701 0.0905491 0.0507785 0.0213217 0.0143883 0.00350511 0.00100961 0.000168445 2.14412e-005 1.71301e-006 7.92282e-008 1.77283e-009
 1.18551e-026 1.65979e-020 3.56374e-015 1.04384e-010 4.17086e-007 0.000227348 0.0169054 0.171488 0.237309 0.0455845 0.0320175 0.165123 0.12131 0.0349047 0.0887277 0.0495766 0.0198707 0.0131748 0.00290257 0.000753934 0.000110701 1.26465e-005 9.07739e-007 3.68436e-008 7.08595e-010
 1.1979e-026 1.68171e-020 3.6108e-015 1.05762e-010 4.22593e-007 0.00023035 0.0171286 0.173752 0.240443 0.0461818 0.0322601 0.166339 0.122174 0.0343408 0.0862021 0.0479506 0.018098 0.0117872 0.00244168 0.000587061 7.57055e-005 7.44818e-006 4.61685e-007 1.65413e-008 2.77421e-010
 1.22495e-026 1.7296e-020 3.71361e-015 1.08773e-010 4.34626e-007 0.000236909 0.0176164 0.1787 0.247289 0.0474743 0.032294 0.166342 0.12214 0.0332889 0.0821262 0.0453353 0.0152835 0.00961843 0.00181527 0.000390274 4.5362e-005 3.87728e-006 2.0102e-007 6.07762e-009 8.83392e-011
 1.23262e-026 1.74314e-020 3.74269e-015 1.09625e-010 4.38029e-007 0.000238764 0.0177543 0.180099 0.249225 0.0478653 0.0333044 0.171697 0.126007 0.0325261 0.0776697 0.0424914 0.0123106 0.00735254 0.00121893 0.000216597 2.17391e-005 1.56809e-006 6.89812e-008 1.72271e-009 2.0755e-011
 1.21176e-026 1.70622e-020 3.66343e-015 1.07303e-010 4.28753e-007 0.000233708 0.0173783 0.176285 0.243947 0.0468688 0.0332697 0.171649 0.126017 0.0338082 0.0826394 0.0452412 0.0132422 0.00792037 0.00126922 0.000210402 1.86778e-005 1.11583e-006 4.07461e-008 8.45727e-010 8.3631e-012
 1.21515e-026 1.71222e-020 3.67631e-015 1.07681e-010 4.3026e-007 0.000234529 0.0174394 0.176904 0.244805 0.0470359 0.0334807 0.172755 0.126813 0.0335486 0.0813241 0.0444292 0.0125189 0.00738027 0.00113918 0.000175618 1.46091e-005 7.6793e-007 2.31921e-008 3.8798e-010 3.12229e-012
 1.19703e-026 1.68015e-020 3.60744e-015 1.05664e-010 4.222e-007 0.000230136 0.0171127 0.173591 0.240219 0.0461713 0.0334997 0.172977 0.127005 0.0344414 0.0847162 0.0464198 0.0138026 0.00828805 0.0013019 0.000206582 1.68232e-005 8.36207e-007 2.28945e-008 3.22526e-010 2.07732e-012
 1.21496e-026 1.71187e-020 3.67556e-015 1.07659e-010 4.30172e-007 0.000234481 0.0174359 0.176868 0.244755 0.0470329 0.0337307 0.174094 0.127785 0.0335211 0.0808401 0.0440365 0.0117223 0.00676523 0.00101668 0.000148297 1.18169e-005 5.68652e-007 1.47293e-008 1.88976e-010 1.04373e-012
 1.21937e-026 1.71969e-020 3.69233e-015 1.0815e-010 4.32136e-007 0.000235552 0.0175154 0.177676 0.245872 0.047232 0.033275 0.171627 0.125993 0.0335759 0.0817439 0.0446041 0.0122679 0.00715799 0.00106115 0.000149964 1.15665e-005 5.28285e-007 1.333e-008 1.64016e-010 8.36918e-013
 1.22378e-026 1.72749e-020 3.7091e-015 1.08641e-010 4.34098e-007 0.000236621 0.017595 0.178482 0.246989 0.0474486 0.0335091 0.172851 0.126867 0.033113 0.0796119 0.0434165 0.0118266 0.00687763 0.00102057 0.000144246 1.09032e-005 4.75474e-007 1.14056e-008 1.34001e-010 6.58301e-013
 1.21695e-026 1.71541e-020 3.68316e-015 1.07881e-010 4.31062e-007 0.000234967 0.0174719 0.177234 0.245262 0.0471162 0.0332524 0.171522 0.125919 0.0336304 0.0819858 0.0448094 0.0127198 0.00751229 0.00114458 0.0001708 1.31629e-005 5.85215e-007 1.37245e-008 1.53912e-010 7.19017e-013
 1.22434e-026 1.72848e-020 3.71122e-015 1.08703e-010 4.34347e-007 0.000236757 0.0176051 0.178585 0.24713 0.0474743 0.0334691 0.172633 0.126708 0.033106 0.0796458 0.0434399 0.011859 0.0069063 0.00103839 0.000151224 1.17845e-005 5.38255e-007 1.2836e-008 1.4345e-010 6.45516e-013
 1.22424e-026 1.7283e-020 3.71083e-015 1.08692e-010 4.34301e-007 0.000236732 0.0176032 0.178566 0.247104 0.0474784 0.0338253 0.174539 0.12809 0.032989 0.0786569 0.0427598 0.0109233 0.00619718 0.000899516 0.000121354 9.17978e-006 4.05273e-007 9.75866e-009 1.11309e-010 5.04273e-013
 1.22361e-026 1.72719e-020 3.70846e-015 1.08622e-010 4.34022e-007 0.00023658 0.0175919 0.178451 0.246946 0.0474401 0.0334954 0.172778 0.12682 0.0332857 0.0802974 0.0436961 0.0113876 0.00650648 0.000934692 0.000122765 9.00074e-006 3.74491e-007 8.69638e-009 9.78268e-011 4.50259e-013
 1.25662e-026 1.78562e-020 3.83389e-015 1.12296e-010 4.48703e-007 0.000244582 0.018187 0.184487 0.255298 0.0490107 0.0332915 0.17147 0.125812 0.0316699 0.074415 0.0403288 0.00964129 0.00531357 0.000735283 8.78779e-005 6.17423e-006 2.38563e-007 5.1949e-009 5.49171e-011 2.449e-013
 1.26508e-026 1.80059e-020 3.86604e-015 1.13238e-010 4.52466e-007 0.000246633 0.0183395 0.186035 0.257439 0.0494181 0.0334298 0.172155 0.12629 0.0311029 0.0720307 0.0389685 0.00896307 0.00485166 0.000653411 7.22476e-005 4.85068e-006 1.7159e-007 3.4931e-009 3.42419e-011 1.42619e-013
 1.23123e-026 1.74065e-020 3.73735e-015 1.09469e-010 4.37404e-007 0.000238423 0.017729 0.179842 0.24887 0.0478314 0.0346047 0.178663 0.13106 0.0321673 0.074322 0.0401627 0.00899317 0.00480591 0.000638315 6.75736e-005 4.3886e-006 1.43661e-007 2.71727e-009 2.44152e-011 9.41114e-014
 1.21613e-026 1.71393e-020 3.67997e-015 1.07788e-010 4.30689e-007 0.000234763 0.0174568 0.177081 0.245049 0.0471162 0.0348255 0.179943 0.132024 0.0330815 0.0774938 0.0417707 0.00875592 0.00452507 0.000583092 5.58725e-005 3.4909e-006 1.06439e-007 1.88275e-009 1.54898e-011 5.46434e-014
 1.12383e-026 1.55052e-020 3.32912e-015 9.75114e-011 3.89627e-007 0.000212381 0.0157925 0.160198 0.221687 0.0427878 0.0379228 0.197121 0.144619 0.0360081 0.0839957 0.0452169 0.0091642 0.00464599 0.000577694 4.82295e-005 2.8361e-006 7.7003e-008 1.25989e-009 9.55327e-012 3.09701e-014
 1.06161e-026 1.44038e-020 3.09263e-015 9.05845e-011 3.61949e-007 0.000197294 0.0146706 0.148818 0.205939 0.0398273 0.0383298 0.199708 0.146636 0.0398617 0.0981589 0.0526987 0.00981024 0.00472999 0.000570579 4.16092e-005 2.281e-006 5.28453e-008 7.64751e-010 5.13723e-012 1.51931e-014
 2.05559e-026 3.20009e-020 6.87091e-015 2.01252e-010 8.04144e-007 0.000438329 0.0325938 0.330629 0.457529 0.0865852 0.0106701 0.0451913 0.0329752 0.0032913 7.71785e-005 1.72583e-005 1.23478e-006 1.21096e-008 1.62054e-011 3.02706e-015 2.10065e-019 3.64074e-023 3.78266e-027 2.47326e-027 2.47192e-027
 2.00333e-026 3.10754e-020 6.6722e-015 1.95432e-010 7.80887e-007 0.000425651 0.0316511 0.321067 0.444297 0.0841502 0.0130739 0.0583947 0.042611 0.00424629 7.34306e-005 8.44112e-006 5.99182e-007 5.87607e-009 7.86127e-012 1.43634e-015 3.87745e-020 9.33073e-025 2.50482e-027 2.47349e-027 2.47208e-027
 2.03324e-026 3.16051e-020 6.78593e-015 1.98763e-010 7.94198e-007 0.000432907 0.0321906 0.32654 0.45187 0.0855439 0.0116997 0.0508463 0.0371022 0.00369794 6.63851e-005 8.63983e-006 6.14456e-007 6.0259e-009 8.06164e-012 1.47178e-015 3.7483e-020 3.52651e-025 2.48351e-027 2.47336e-027 2.47199e-027
 2.0478e-026 3.18629e-020 6.84127e-015 2.00384e-010 8.00674e-007 0.000436437 0.0324532 0.329203 0.455555 0.0862221 0.0110323 0.0471803 0.0344266 0.0034297 5.5492e-005 4.79898e-006 3.38819e-007 3.32267e-009 4.44517e-012 8.11407e-016 2.04093e-020 1.26989e-025 2.47725e-027 2.47329e-027 2.47194e-027
 2.03615e-026 3.16567e-020 6.79701e-015 1.99087e-010 7.95494e-007 0.000433614 0.0322432 0.327073 0.452608 0.0856797 0.0115676 0.0501205 0.0365724 0.00364253 5.5326e-005 3.18791e-006 2.22615e-007 2.18301e-009 2.92049e-012 5.33042e-016 1.32992e-020 5.51919e-026 2.47559e-027 2.47334e-027 2.47198e-027
 2.04451e-026 3.18047e-020 6.82878e-015 2.00018e-010 7.99213e-007 0.000435641 0.0323939 0.328602 0.454724 0.0860691 0.0111833 0.0480099 0.035032 0.00348976 5.55052e-005 4.37608e-006 3.08308e-007 3.02344e-009 4.04483e-012 7.38262e-016 1.8434e-020 7.94221e-026 2.47578e-027 2.4733e-027 2.47195e-027
 2.01567e-026 3.1294e-020 6.71912e-015 1.96806e-010 7.86379e-007 0.000428645 0.0318737 0.323325 0.447421 0.0847252 0.0125064 0.0552777 0.0403362 0.00402061 7.34398e-005 1.00612e-005 7.1606e-007 7.02233e-009 9.39471e-012 1.71533e-015 4.40194e-020 5.00174e-025 2.48823e-027 2.47344e-027 2.47204e-027
 2.01095e-026 3.12104e-020 6.70119e-015 1.96281e-010 7.8428e-007 0.000427501 0.0317886 0.322462 0.446227 0.0845055 0.0127232 0.0564687 0.0412055 0.00410688 7.35767e-005 9.51613e-006 6.76717e-007 6.63648e-009 8.87851e-012 1.62113e-015 4.1707e-020 5.0101e-025 2.48858e-027 2.47346e-027 2.47206e-027
 2.00401e-026 3.10876e-020 6.67482e-015 1.95508e-010 7.81193e-007 0.000425819 0.0316635 0.321193 0.444471 0.0841823 0.0130413 0.0582162 0.0424808 0.00423464 7.83685e-005 1.11358e-005 7.92926e-007 7.77617e-009 1.04032e-011 1.89971e-015 4.92171e-020 6.78754e-025 2.49421e-027 2.47349e-027 2.47208e-027
 2.05991e-026 3.20774e-020 6.88732e-015 2.01733e-010 8.06064e-007 0.000439375 0.0326716 0.331419 0.458622 0.0867864 0.0104763 0.0441262 0.0321976 0.00320719 5.0175e-005 3.57972e-006 2.51566e-007 2.46698e-009 3.30039e-012 6.02396e-016 1.50608e-020 7.04439e-026 2.47576e-027 2.47323e-027 2.4719e-027
 2.16305e-026 3.39036e-020 7.27944e-015 2.13218e-010 8.51956e-007 0.00046439 0.0345317 0.350288 0.484732 0.0915914 0.00573927 0.0181053 0.0132073 0.00131594 2.20255e-005 2.22935e-006 1.57897e-007 1.54846e-009 2.07157e-012 3.78148e-016 9.53021e-021 6.55149e-026 2.47551e-027 2.47275e-027 2.47157e-027
#obs surv len freq
 nan nan nan nan nan nan nan nan nan nan nan nan nan nan nan nan nan nan nan nan nan nan nan nan nan
 4.91192e-027 7.73098e-021 1.65992e-015 4.86198e-011 1.94271e-007 0.000105894 0.00787423 0.0798756 0.110534 0.0213224 0.0184383 0.0957712 0.0706245 0.0277633 0.0806865 0.0515445 0.0551994 0.0534574 0.0510494 0.0495172 0.0502951 0.0512794 0.0542133 0.0512704 0.0191779
 5.27452e-027 8.30168e-021 1.78246e-015 5.22089e-011 2.08612e-007 0.000113711 0.0084555 0.085772 0.118694 0.0228978 0.019857 0.103149 0.0760643 0.0298747 0.0867915 0.0552509 0.0582008 0.0549021 0.0484752 0.0439788 0.0424664 0.0424764 0.0446477 0.0421645 0.0157676
 5.53139e-027 8.70598e-021 1.86927e-015 5.47515e-011 2.18771e-007 0.000119249 0.00886729 0.0899491 0.124474 0.0240119 0.0207812 0.107943 0.0796017 0.0313308 0.0910867 0.0579676 0.0609666 0.0572224 0.0493796 0.0420203 0.0371254 0.0348755 0.0359004 0.0337602 0.0126168
 5.67917e-027 8.93858e-021 1.91921e-015 5.62143e-011 2.24616e-007 0.000122435 0.0091042 0.0923523 0.1278 0.0246548 0.0213906 0.111117 0.081941 0.0322099 0.0936029 0.0596186 0.0629368 0.0590876 0.0509046 0.0425753 0.0352636 0.0298281 0.0288205 0.0267068 0.00996283
 5.80709e-027 9.13992e-021 1.96244e-015 5.74805e-011 2.29676e-007 0.000125193 0.00930927 0.0944325 0.130678 0.0252069 0.0217431 0.112928 0.0832783 0.0327885 0.0953353 0.0606806 0.0638643 0.0599812 0.0517622 0.0432263 0.0351094 0.0273389 0.0235691 0.0208944 0.00774772
 5.85862e-027 9.22102e-021 1.97985e-015 5.79905e-011 2.31714e-007 0.000126304 0.00939187 0.0952704 0.131838 0.0254334 0.0220488 0.114533 0.0844569 0.0331108 0.0961345 0.0612298 0.0646329 0.0606845 0.0523019 0.0437345 0.0354552 0.0266525 0.0204235 0.0165247 0.00601602
 5.89008e-027 9.27053e-021 1.99048e-015 5.83019e-011 2.32958e-007 0.000126982 0.00944229 0.0957819 0.132546 0.0255704 0.0221833 0.115234 0.0849785 0.0334402 0.0972121 0.061843 0.0649377 0.0609858 0.0526483 0.043984 0.0356555 0.0265599 0.0187894 0.0134032 0.0046771
 5.92906e-027 9.33188e-021 2.00366e-015 5.86877e-011 2.34499e-007 0.000127822 0.00950479 0.0964158 0.133423 0.0257372 0.0222375 0.115502 0.0851761 0.0335341 0.0975022 0.0620764 0.065407 0.0613391 0.0527036 0.0440533 0.0357142 0.0265377 0.018004 0.0113251 0.0036789
 5.94134e-027 9.35121e-021 2.00781e-015 5.88093e-011 2.34985e-007 0.000128087 0.00952448 0.0966155 0.133699 0.0257915 0.0223221 0.115947 0.085501 0.0335617 0.0974846 0.0620853 0.0655157 0.0615281 0.0530418 0.0442078 0.035779 0.026575 0.0176638 0.010049 0.00297899
 5.94474e-027 9.35657e-021 2.00896e-015 5.8843e-011 2.3512e-007 0.000128161 0.00952993 0.0966709 0.133776 0.0258068 0.0223557 0.116125 0.0856335 0.0336575 0.0978048 0.0622449 0.065477 0.0615036 0.053109 0.0443834 0.0359011 0.0266032 0.0175017 0.00928073 0.00250721
