SBPRF35
0.272374
Curr Bio
225670
B35
469091
F35
0.477001
FOFL
0.155158
OFL
13498.1
Bzero
77821.2
#pred survey bio
 8893.32 8596.21 5705.5 6367.9 9081.88 14347 22460.4 35284.3 57100 81886.2 107903 133219 166651 210385 201835 210880 222019 226532 210451 206586 222490 224355 248227 283100 345099 341982 303982 305185 270041 7.45755e+06 6.01885e+06 4.67973e+06 3.22074e+06 2.17308e+06 1.52618e+06 1.15525e+06 949178 835030 770713 733390 710971 697053 688169 682357 678419 675838 674131 672993 672231 671720 671376 671144 670988 670883 670812 670764 670731 670709 670694 670684 670678 670673 670670 670668 670667 670666 670665 670665 670664 670664 670664 670664 670664 670664 670664 670664 670664 670664 670664 670664 670664 670664 670664 670664 670664 670664 670664 670664 670664 670664 670664 670664 670664 670664 670664 670664 670664 670664 670664 670664 670664 670664 670664 670664 670664 670664 670664 670664 670664 670664 670664 670664 670664 670664 670664 670664 670664 670664 670664 670664 670664 670664 670664 670664 670664 670664 670664 670664 670664 0 0 0 0 0 0 0 0 0 0 0 0 0 0 0 0 0 0 0 0 0 0 0 0 0
#obs survey bio
 7168.62 5997.91 4582.85 5766.06 9942.64 15564.9 16887.1 32286.7 49479.5 84342.3 89247.7 120547 111523 214685 168241 275494 244668 219207 166058 148685 209952 175828 198271 307417 366714 248633 260280 224304 189616
#pred catch bio
 3879.7 5342.02 3330.93 3484.08 4576.49 7218.87 12450.2 19063 33592.6 50467.5 68168 81977.9 100865 143509 135864 141858 147761 156270 148713 142272 161129 162604 178842 195867 244311 254310 222618 225374 228006 13498.1 86985.6 65684 42380.8 26524.6 17344.4 12508.6 10113.5 8976.58 8453.04 8217.24 8112.8 8067.1 8047.3 8038.78 8035.1 8033.56 8032.92 8032.64 8032.53 8032.48 8032.46 8032.46 8032.45 8032.45 8032.45 8032.45 8032.45 8032.45 8032.45 8032.45 8032.45 8032.45 8032.45 8032.45 8032.45 8032.45 8032.45 8032.45 8032.45 8032.45 8032.45 8032.45 8032.45 8032.45 8032.45 8032.45 8032.45 8032.45 8032.45 8032.45 8032.45 8032.45 8032.45 8032.45 8032.45 8032.45 8032.45 8032.45 8032.45 8032.45 8032.45 8032.45 8032.45 8032.45 8032.45 8032.45 8032.45 8032.45 8032.45 8032.45 8032.45 8032.45 8032.45 8032.45 8032.45 8032.45 8032.45 8032.45 8032.45 8032.45 8032.45 8032.45 8032.45 8032.45 8032.45 8032.45 8032.45 8032.45 8032.45 8032.45 8032.45 8032.45 8032.45 8032.45 8032.45 8032.45 8032.45 8032.45 8032.45 0 0 0 0 0 0 0 0 0 0 0 0 0 0 0 0 0 0 0 0 0 0 0 0 0
#obs catch bio
 4588.3 6033.42 3780.92 3353.82 4310.82 6502.64 11684.9 18735.4 32730.1 47769.4 68604.2 76723 93900.4 139154 135517 132798 131201 136671 147674 142414 144163 167257 184150 182829 222442 234010 199280 212767 232618
#pred cpue bio
 6616.63 6972.22 4315.49 4082.94 5724.99 9069.38 14256.2 21268.2 34813.5 49881.1 65986.7 82126 104061 132087 128792 130906 138305 144412 134132 125322 134829 132435 141931 161883 200234 210227 182307 178530 165348 3.85103e+06 5.78542e+06 4.59332e+06 3.13574e+06 2.08807e+06 1.44117e+06 1.07025e+06 864173 750025 685709 648385 625967 612049 603165 597353 593414 590834 589126 587988 587227 586716 586372 586140 585984 585878 585807 585759 585727 585705 585690 585680 585673 585669 585666 585663 585662 585661 585660 585660 585660 585660 585659 585659 585659 585659 585659 585659 585659 585659 585659 585659 585659 585659 585659 585659 585659 585659 585659 585659 585659 585659 585659 585659 585659 585659 585659 585659 585659 585659 585659 585659 585659 585659 585659 585659 585659 585659 585659 585659 585659 585659 585659 585659 585659 585659 585659 585659 585659 585659 585659 585659 585659 585659 585659 585659 585659 585659 585659 585659 585659 0 0 0 0 0 0 0 0 0 0 0 0 0 0 0 0 0 0 0 0 0 0 0 0 0
#obs cpue bio
 10609.6 5231.9 3846.6 6295.22 6967.73 13598.4 21926.6 20983.6 49853.9 61602.6 71406.7 130432 199478 145890 146128 151665 209899 248169 149360 177087 252435 128978 159846 220858 282587 382072 354044 269688 228342
#pred surv len freq
 1.64326e-11 1.78439e-09 1.14238e-07 4.31192e-06 9.59554e-05 0.00125896 0.00973926 0.0444355 0.119747 0.192013 0.189922 0.134318 0.0941345 0.071989 0.0491353 0.0307834 0.0197188 0.0128156 0.00854796 0.00600616 0.0045356 0.00373833 0.00319684 0.00244495 0.00142001
 1.22507e-11 1.33027e-09 8.51654e-08 3.21457e-06 7.15359e-05 0.000938597 0.00726184 0.0331538 0.0896402 0.146129 0.155832 0.140293 0.137243 0.120792 0.0785084 0.041107 0.0212023 0.0114133 0.00632539 0.0036657 0.00227928 0.00157642 0.00119506 0.00086781 0.000501133
 1.47164e-11 1.59803e-09 1.02307e-07 3.86158e-06 8.59341e-05 0.00112749 0.0087226 0.0398066 0.107403 0.173278 0.176389 0.138115 0.114397 0.0957042 0.0655913 0.0387286 0.0213584 0.0104478 0.004622 0.00206081 0.000986997 0.000527284 0.000322988 0.000207488 0.000114152
 1.83688e-11 1.99463e-09 1.27698e-07 4.81996e-06 0.000107261 0.0014073 0.0108866 0.0496662 0.133788 0.214093 0.20969 0.142673 0.0920671 0.0648553 0.0398987 0.0207882 0.0105957 0.00533307 0.00247542 0.00102437 0.0003861 0.000147162 6.41094e-05 3.2261e-05 1.5709e-05
 1.83224e-11 1.98959e-09 1.27375e-07 4.80778e-06 0.00010699 0.00140374 0.0108592 0.0495431 0.133484 0.213824 0.210455 0.145902 0.0974562 0.068996 0.0396978 0.017202 0.00665514 0.00265911 0.00108274 0.000432274 0.000159614 5.24516e-05 1.62519e-05 5.4694e-06 2.03133e-06
 1.82885e-11 1.98591e-09 1.2714e-07 4.7989e-06 0.000106792 0.00140115 0.0108391 0.0494515 0.133235 0.213413 0.209991 0.145437 0.0970559 0.0690172 0.0404464 0.018281 0.00731461 0.00271905 0.000894038 0.000274294 8.43022e-05 2.51865e-05 6.85157e-06 1.69909e-06 4.20137e-07
 1.82177e-11 1.97823e-09 1.26648e-07 4.78033e-06 0.000106379 0.00139573 0.0107972 0.0492604 0.132725 0.212627 0.209368 0.14541 0.0975777 0.0696553 0.0408782 0.0185223 0.00748802 0.00285167 0.00095808 0.000280471 7.23552e-05 1.68765e-05 3.71161e-06 7.62156e-07 1.4171e-07
 1.90836e-11 2.07225e-09 1.32667e-07 5.00752e-06 0.000111435 0.00146205 0.0113101 0.0515972 0.138972 0.222239 0.216962 0.14566 0.091005 0.0614392 0.0349958 0.0152538 0.00584609 0.0021462 0.000714929 0.000211367 5.47032e-05 1.2021e-05 2.2333e-06 3.59859e-07 5.169e-08
 1.88357e-11 2.04533e-09 1.30944e-07 4.94248e-06 0.000109987 0.00144307 0.0111633 0.0509287 0.13719 0.219539 0.215034 0.146268 0.0939282 0.0645082 0.0364543 0.0152912 0.00546533 0.00186852 0.000586331 0.000165083 4.16378e-05 9.0933e-06 1.65848e-06 2.46126e-07 2.95457e-08
 1.8821e-11 2.04374e-09 1.30842e-07 4.93864e-06 0.000109902 0.00144195 0.0111546 0.0508894 0.137087 0.219398 0.215007 0.146543 0.0944705 0.0649526 0.0364815 0.0149961 0.00514371 0.00166602 0.000489657 0.000127347 2.97618e-05 6.13218e-06 1.07899e-06 1.56473e-07 1.80094e-08
 1.87267e-11 2.0335e-09 1.30187e-07 4.91389e-06 0.000109351 0.00143472 0.0110988 0.0506351 0.136409 0.218376 0.214298 0.146841 0.0956844 0.0661871 0.0370069 0.0149161 0.00491722 0.00152113 0.00042737 0.000105049 2.28582e-05 4.34162e-06 7.05143e-07 9.58838e-08 1.05529e-08
 1.85744e-11 2.01695e-09 1.29127e-07 4.87391e-06 0.000108462 0.00142305 0.0110085 0.050224 0.135312 0.2167 0.213039 0.147011 0.0971701 0.0678605 0.0379733 0.0152099 0.00493758 0.00149204 0.000405801 9.52925e-05 1.96315e-05 3.50464e-06 5.28853e-07 6.62373e-08 6.7303e-09
 1.83661e-11 1.99434e-09 1.2768e-07 4.81927e-06 0.000107246 0.0014071 0.0108851 0.0496619 0.133809 0.214382 0.21118 0.14686 0.0986141 0.0697543 0.0394466 0.0161421 0.00544509 0.0017011 0.000466412 0.000108047 2.16124e-05 3.6952e-06 5.27493e-07 6.18666e-08 5.83381e-09
 1.82911e-11 1.9862e-09 1.27158e-07 4.79959e-06 0.000106808 0.00140135 0.0108407 0.0494593 0.133266 0.213534 0.210449 0.146638 0.0988769 0.0702576 0.0400291 0.0166963 0.00583905 0.00189923 0.000540633 0.000129988 2.66492e-05 4.55779e-06 6.36062e-07 7.16487e-08 6.40064e-09
 1.7905e-11 1.94427e-09 1.24474e-07 4.69826e-06 0.000104553 0.00137177 0.0106119 0.048418 0.13049 0.209332 0.207468 0.14764 0.103504 0.0750438 0.042174 0.016583 0.00518115 0.00152339 0.000420279 0.000102864 2.1848e-05 3.87543e-06 5.55891e-07 6.31407e-08 5.55861e-09
 1.8453e-11 2.00377e-09 1.28283e-07 4.84206e-06 0.000107753 0.00141375 0.0109366 0.0498964 0.134437 0.215356 0.211991 0.147022 0.0981644 0.0690729 0.0388073 0.0156291 0.00510768 0.00153578 0.000405465 9.06225e-05 1.78717e-05 3.10946e-06 4.55146e-07 5.34073e-08 4.83182e-09
 1.83607e-11 1.99375e-09 1.27642e-07 4.81784e-06 0.000107214 0.00140668 0.0108819 0.0496476 0.133774 0.214361 0.21132 0.147374 0.0994399 0.070321 0.0392531 0.0154278 0.00481363 0.0013946 0.000368904 8.41146e-05 1.64375e-05 2.70139e-06 3.68558e-07 4.15637e-08 3.76097e-09
 1.79335e-11 1.94736e-09 1.24672e-07 4.70574e-06 0.000104719 0.00137395 0.0106288 0.0484948 0.130694 0.209636 0.20766 0.14749 0.103052 0.0746362 0.0420938 0.016739 0.00532094 0.00155686 0.000405123 8.93321e-05 1.70644e-05 2.79836e-06 3.79105e-07 4.12333e-08 3.5321e-09
 1.79359e-11 1.94763e-09 1.24689e-07 4.70639e-06 0.000104734 0.00137414 0.0106303 0.0485014 0.130712 0.209665 0.207689 0.147511 0.103063 0.0746299 0.0420611 0.0166949 0.00529228 0.00154947 0.00040634 9.04602e-05 1.72342e-05 2.77004e-06 3.66376e-07 3.9246e-08 3.31636e-09
 1.88251e-11 2.04418e-09 1.3087e-07 4.93969e-06 0.000109926 0.00144225 0.011157 0.0509007 0.137122 0.219491 0.215275 0.147186 0.0954223 0.065583 0.0362233 0.0141174 0.004336 0.0012275 0.000315829 6.98095e-05 1.33103e-05 2.14977e-06 2.84335e-07 3.01061e-08 2.49551e-09
 1.88192e-11 2.04354e-09 1.3083e-07 4.93816e-06 0.000109891 0.00144181 0.0111536 0.0508851 0.137082 0.219445 0.215312 0.147426 0.0958351 0.0658831 0.0361614 0.0138005 0.00404506 0.00108001 0.000265398 5.64987e-05 1.04474e-05 1.65809e-06 2.18098e-07 2.31068e-08 1.91417e-09
 1.92321e-11 2.08838e-09 1.337e-07 5.04651e-06 0.000112303 0.00147344 0.0113982 0.0519994 0.14006 0.22402 0.218889 0.147422 0.0925109 0.0618309 0.0333892 0.0123979 0.00341745 0.000837549 0.000191146 3.80975e-05 6.60814e-06 9.94987e-07 1.25929e-07 1.30141e-08 1.06505e-09
 1.97185e-11 2.14119e-09 1.37081e-07 5.17413e-06 0.000115143 0.0015107 0.0116863 0.0533118 0.143566 0.229392 0.223026 0.14721 0.0882784 0.0568487 0.0302144 0.0110405 0.00293774 0.000679833 0.000145585 2.69314e-05 4.27775e-06 5.91895e-07 6.96054e-08 6.76513e-09 5.28534e-10
 1.97066e-11 2.1399e-09 1.36998e-07 5.171e-06 0.000115073 0.00150978 0.0116793 0.0532796 0.143481 0.229269 0.222963 0.147322 0.0885448 0.0570779 0.030245 0.0109219 0.00281641 0.000618813 0.000125878 2.21262e-05 3.29467e-06 4.21696e-07 4.54478e-08 4.03724e-09 2.90573e-10
 1.94969e-11 2.11713e-09 1.35541e-07 5.11598e-06 0.000113849 0.00149372 0.011555 0.0527138 0.141969 0.226946 0.221147 0.147324 0.0902342 0.0591412 0.0316637 0.0116437 0.00313398 0.000731706 0.000153872 2.67321e-05 3.81379e-06 4.61496e-07 4.66643e-08 3.8451e-09 2.54078e-10
 1.85252e-11 2.01162e-09 1.28785e-07 4.86101e-06 0.000108175 0.00141928 0.0109794 0.050092 0.134967 0.216234 0.212985 0.148034 0.0991256 0.0693833 0.0378846 0.0139534 0.00373592 0.000869015 0.00018506 3.33086e-05 4.96999e-06 6.15424e-07 6.13089e-08 4.83169e-09 3.00358e-10
 1.89632e-11 2.05918e-09 1.3183e-07 4.97593e-06 0.000110732 0.00145284 0.0112389 0.0512737 0.138122 0.221058 0.216643 0.147657 0.0950313 0.0647102 0.0351068 0.0129942 0.00353552 0.000840855 0.000181275 3.2651e-05 4.88195e-06 6.14982e-07 6.32693e-08 5.13782e-09 3.21546e-10
 1.93668e-11 2.103e-09 1.34636e-07 5.08183e-06 0.000113089 0.00148375 0.011478 0.0523627 0.141031 0.225512 0.220058 0.147429 0.0914397 0.0605203 0.0324872 0.0119342 0.00320263 0.000748876 0.000160619 2.92396e-05 4.44864e-06 5.67391e-07 5.87712e-08 4.8253e-09 3.08485e-10
 1.85808e-11 2.01765e-09 1.29172e-07 4.87559e-06 0.000108499 0.00142354 0.0110123 0.050242 0.135369 0.216859 0.213509 0.148152 0.098857 0.0689533 0.037454 0.0135923 0.00350484 0.000769479 0.000156801 2.7705e-05 4.14237e-06 5.26288e-07 5.49958e-08 4.57581e-09 2.95894e-10
#obs surv len freq
 1.28946e-11 1.4002e-09 8.96421e-08 3.38355e-06 7.52962e-05 0.000987926 0.0076432 0.0348879 0.0942316 0.152839 0.159437 0.135091 0.124931 0.111492 0.0790838 0.0476541 0.0271379 0.0142833 0.00659188 0.00257406 0.000815937 0.000199489 3.55707e-05 4.39528e-06 3.61649e-07
 6.29819e-12 6.83909e-10 4.37845e-08 1.65265e-06 3.67783e-05 0.000482597 0.00373547 0.017092 0.0467207 0.0801748 0.103803 0.138092 0.181008 0.177493 0.122672 0.0677679 0.0344282 0.0162601 0.00684873 0.00247108 0.00072155 0.000160759 2.59693e-05 2.91028e-06 2.17974e-07
 1.75659e-11 1.90745e-09 1.22117e-07 4.6093e-06 0.000102573 0.00134579 0.0104108 0.0474961 0.127939 0.204654 0.199887 0.134305 0.0855964 0.0652492 0.0508978 0.0358806 0.0211041 0.00983982 0.00372568 0.00118234 0.000307218 6.16326e-05 8.99469e-06 9.09893e-07 6.15014e-08
 1.5765e-11 1.71189e-09 1.09597e-07 4.13674e-06 9.20576e-05 0.00120785 0.00934466 0.042653 0.115165 0.186287 0.191118 0.151205 0.122515 0.0938705 0.0527256 0.0212674 0.00771326 0.00311382 0.00122234 0.000385793 9.198e-05 1.63142e-05 2.10087e-06 1.89087e-07 1.14477e-08
 1.69065e-11 1.83585e-09 1.17533e-07 4.43627e-06 9.87232e-05 0.0012953 0.010021 0.0457347 0.123405 0.198943 0.200849 0.150344 0.111728 0.0820197 0.0467155 0.0196134 0.00665199 0.00193651 0.000493929 0.000116239 2.44503e-05 4.03724e-06 4.75212e-07 3.81957e-08 2.04815e-09
 1.59261e-11 1.72938e-09 1.10717e-07 4.17901e-06 9.29984e-05 0.0012202 0.0094406 0.0430975 0.11643 0.188691 0.194551 0.154661 0.1237 0.0920326 0.0499777 0.018859 0.00549266 0.00138477 0.000301562 5.41163e-05 7.96126e-06 9.65505e-07 9.29113e-08 6.5606e-09 3.16302e-10
 1.72886e-11 1.87733e-09 1.20189e-07 4.53653e-06 0.000100954 0.00132458 0.0102479 0.046775 0.126259 0.203767 0.206121 0.153757 0.111168 0.0775964 0.041302 0.0156439 0.00457314 0.00110689 0.000216307 3.29199e-05 3.90361e-06 3.59871e-07 2.53021e-08 1.32547e-09 5.0224e-11
 1.59052e-11 1.72712e-09 1.10572e-07 4.17354e-06 9.2877e-05 0.00121863 0.00942896 0.043054 0.11641 0.189209 0.196697 0.158269 0.125754 0.0905709 0.0470301 0.0166853 0.00440789 0.000964103 0.000175655 2.51762e-05 2.72824e-06 2.18107e-07 1.25946e-08 5.17123e-10 1.49017e-11
 1.70502e-11 1.85145e-09 1.18531e-07 4.47398e-06 9.95629e-05 0.00130634 0.0101074 0.046145 0.124674 0.201881 0.206379 0.157343 0.115 0.0783742 0.0398463 0.0141256 0.00375147 0.000805172 0.000137663 1.79081e-05 1.74507e-06 1.26094e-07 6.57267e-09 2.39082e-10 5.91348e-12
 1.58538e-11 1.72154e-09 1.10215e-07 4.16007e-06 9.25777e-05 0.00121473 0.00939956 0.0429333 0.116217 0.189627 0.199258 0.162888 0.128649 0.0890183 0.0432728 0.0137774 0.00303847 0.000523165 7.57533e-05 8.93445e-06 8.0709e-07 5.34759e-08 2.51611e-09 8.19631e-11 1.81197e-12
 1.62977e-11 1.76974e-09 1.133e-07 4.27654e-06 9.51698e-05 0.00124874 0.00966296 0.0441381 0.119481 0.194857 0.20391 0.163782 0.124984 0.0835514 0.0393469 0.0120319 0.00247733 0.000378355 4.60654e-05 4.4145e-06 3.21065e-07 1.75236e-08 7.08321e-10 2.04904e-11 4.0761e-13
 1.53587e-11 1.66778e-09 1.06773e-07 4.03016e-06 8.96876e-05 0.00117685 0.00910778 0.0416228 0.112889 0.185423 0.198603 0.167885 0.134435 0.0907755 0.0422679 0.0127175 0.00257215 0.000382633 4.44148e-05 3.92881e-06 2.52962e-07 1.16747e-08 3.86001e-10 9.05785e-12 1.48139e-13
 1.62591e-11 1.76555e-09 1.13032e-07 4.26642e-06 9.49456e-05 0.00124584 0.00964154 0.044057 0.119412 0.195477 0.206359 0.167181 0.125818 0.0810276 0.0365507 0.0106984 0.00209657 0.000299464 3.31374e-05 2.78861e-06 1.70102e-07 7.34103e-09 2.21925e-10 4.62982e-12 6.54131e-14
 1.39452e-11 1.51429e-09 9.69464e-08 3.65929e-06 8.14362e-05 0.00106867 0.00827327 0.0378549 0.103123 0.171973 0.192533 0.176336 0.149051 0.0998078 0.0445822 0.0126266 0.00234182 0.000308616 3.11441e-05 2.41217e-06 1.37067e-07 5.5346e-09 1.56402e-10 3.0402e-12 3.97832e-14
 1.44684e-11 1.5711e-09 1.00583e-07 3.79657e-06 8.44917e-05 0.00110878 0.00858407 0.0392789 0.10699 0.178149 0.197756 0.176476 0.143645 0.0932475 0.040802 0.0114376 0.00212458 0.000282082 2.82616e-05 2.10432e-06 1.11403e-07 4.10418e-09 1.0499e-10 1.85313e-12 2.21791e-14
 1.52453e-11 1.65546e-09 1.05984e-07 4.00045e-06 8.90292e-05 0.00116833 0.00904513 0.0413858 0.112667 0.18702 0.204857 0.176264 0.136256 0.0845385 0.03547 0.00941964 0.00160829 0.000188783 1.65006e-05 1.10372e-06 5.45858e-08 1.91574e-09 4.65744e-11 7.69928e-13 8.49117e-15
 1.55865e-11 1.69252e-09 1.08357e-07 4.09e-06 9.10229e-05 0.00119452 0.00924847 0.0423227 0.115249 0.191289 0.208755 0.176751 0.132587 0.0797786 0.0326382 0.00848999 0.0014236 0.000163532 1.37491e-05 8.58937e-07 3.85137e-08 1.2011e-09 2.58366e-11 3.82371e-13 3.84575e-15
 1.43011e-11 1.55293e-09 9.94209e-08 3.75274e-06 8.35199e-05 0.00109618 0.00849036 0.0389047 0.106409 0.179098 0.202866 0.183175 0.144596 0.0881517 0.0359433 0.00936792 0.00160363 0.000191987 1.68504e-05 1.07373e-06 4.7699e-08 1.43884e-09 2.92862e-11 4.0104e-13 3.65913e-15
 1.38314e-11 1.50193e-09 9.61556e-08 3.62953e-06 8.07799e-05 0.00106032 0.00821498 0.0376776 0.103342 0.175291 0.20199 0.186371 0.148229 0.089772 0.0364266 0.00959864 0.00170445 0.000216261 2.00925e-05 1.33147e-06 6.0641e-08 1.86222e-09 3.82766e-11 5.21781e-13 4.65183e-15
 1.6391e-11 1.77987e-09 1.1395e-07 4.30115e-06 9.5725e-05 0.00125635 0.00972955 0.0445517 0.121466 0.201771 0.218492 0.177769 0.123031 0.0679796 0.0260707 0.00654157 0.00109757 0.000130716 1.15199e-05 7.43054e-07 3.37937e-08 1.05205e-09 2.19816e-11 3.02825e-13 2.70461e-15
 1.49548e-11 1.62392e-09 1.03966e-07 3.92438e-06 8.73446e-05 0.00114656 0.00888438 0.0407554 0.111745 0.188738 0.213083 0.185993 0.136397 0.0763317 0.0286996 0.0069159 0.00109001 0.00011898 9.4764e-06 5.54451e-07 2.31564e-08 6.71037e-10 1.32434e-11 1.74986e-13 1.51885e-15
 1.58338e-11 1.71937e-09 1.10077e-07 4.15506e-06 9.24791e-05 0.00121396 0.00940632 0.0431382 0.11812 0.198389 0.219778 0.183711 0.127247 0.0678041 0.0244914 0.00566432 0.000846752 8.58654e-05 6.22255e-06 3.27441e-07 1.22401e-08 3.16408e-10 5.56831e-12 6.59646e-14 5.18627e-16
 1.51128e-11 1.64109e-09 1.05066e-07 3.96598e-06 8.82759e-05 0.00115899 0.00898498 0.0412676 0.113477 0.192713 0.218664 0.188919 0.133245 0.0703841 0.0247482 0.00549511 0.000774003 7.2046e-05 4.67946e-06 2.1889e-07 7.30235e-09 1.68934e-10 2.6537e-12 2.79471e-14 1.94951e-16
 1.60305e-11 1.74073e-09 1.11446e-07 4.20681e-06 9.36367e-05 0.00122936 0.00952978 0.0437511 0.120082 0.202501 0.224853 0.185541 0.123513 0.0622956 0.0212552 0.00463732 0.000648608 6.03586e-05 3.89911e-06 1.77482e-07 5.58949e-09 1.18714e-10 1.67733e-12 1.5704e-14 9.70237e-17
 1.56149e-11 1.69561e-09 1.08557e-07 4.09788e-06 9.12179e-05 0.00119782 0.00928977 0.0427047 0.117601 0.199871 0.225215 0.188939 0.126224 0.0628009 0.0209469 0.00445141 0.000604653 5.44227e-05 3.38787e-06 1.48591e-07 4.52384e-09 9.30913e-11 1.27019e-12 1.13638e-14 6.60327e-17
 1.33268e-11 1.44716e-09 9.26538e-08 3.49781e-06 7.78773e-05 0.00102327 0.00795019 0.03673 0.102541 0.180395 0.218295 0.202116 0.145579 0.0744681 0.0248209 0.0052282 0.000704986 6.31572e-05 3.89997e-06 1.67786e-07 4.94424e-09 9.74911e-11 1.26743e-12 1.07784e-14 5.95078e-17
 1.66947e-11 1.81287e-09 1.16066e-07 4.38142e-06 9.7534e-05 0.00128088 0.00993527 0.0456714 0.125616 0.212075 0.233356 0.18504 0.113956 0.0525363 0.016554 0.00338489 0.000449221 3.98637e-05 2.43695e-06 1.03178e-07 2.97108e-09 5.69188e-11 7.151e-13 5.8411e-15 3.07672e-17
 1.34476e-11 1.46029e-09 9.34975e-08 3.52995e-06 7.86093e-05 0.00103342 0.00803861 0.0372374 0.104501 0.185252 0.224877 0.204602 0.140934 0.0678081 0.0210412 0.00406391 0.000489176 3.77117e-05 1.94466e-06 6.98021e-08 1.7659e-09 3.09577e-11 3.65958e-13 2.84956e-15 1.4357e-17
 1.34793e-11 1.46375e-09 9.37206e-08 3.53855e-06 7.88106e-05 0.00103636 0.00806663 0.037416 0.105246 0.187098 0.227078 0.204776 0.138707 0.0657047 0.0202813 0.00396802 0.000496042 4.06716e-05 2.23983e-06 8.32035e-08 2.05487e-09 3.31517e-11 3.46317e-13 2.343e-15 1.02931e-17
#pred catch len freq
 1.21982e-11 1.32458e-09 8.48006e-08 3.2008e-06 7.12294e-05 0.000934569 0.00723042 0.0330045 0.0891548 0.144683 0.151258 0.128809 0.119265 0.105679 0.0751081 0.047619 0.030657 0.0199579 0.0133166 0.00935724 0.00706622 0.00582412 0.0049805 0.00380909 0.0022123
 8.79456e-12 9.54985e-10 6.1139e-08 2.3077e-06 5.1355e-05 0.000673833 0.00521427 0.0238262 0.0647023 0.107746 0.125451 0.139079 0.163016 0.152768 0.100807 0.0530706 0.0274717 0.0148124 0.00821249 0.00475956 0.00295944 0.00204684 0.00155168 0.00112677 0.000650676
 1.11462e-11 1.21034e-09 7.7487e-08 2.92475e-06 6.50864e-05 0.000853981 0.00660735 0.03017 0.0816308 0.133541 0.144602 0.135761 0.139418 0.127947 0.0897715 0.0533813 0.0295352 0.0144657 0.00640161 0.00285444 0.00136711 0.00073035 0.000447375 0.000287396 0.000158114
 1.54656e-11 1.67938e-09 1.07516e-07 4.05818e-06 9.0309e-05 0.00118489 0.00916659 0.0418311 0.112843 0.181873 0.184276 0.141953 0.114228 0.0922671 0.0590479 0.0310786 0.0159047 0.00801788 0.00372308 0.00154077 0.000580741 0.000221349 9.64281e-05 4.85243e-05 2.36282e-05
 1.51803e-11 1.6484e-09 1.05532e-07 3.98331e-06 8.8643e-05 0.00116304 0.0089977 0.0410645 0.110831 0.179085 0.18358 0.146865 0.12415 0.100656 0.0601512 0.0263224 0.0102351 0.00410178 0.00167186 0.000667602 0.000246512 8.10077e-05 2.50999e-05 8.44709e-06 3.13724e-06
 1.51272e-11 1.64264e-09 1.05163e-07 3.96938e-06 8.8333e-05 0.00115897 0.00896622 0.0409207 0.110442 0.178441 0.182856 0.146147 0.123538 0.100697 0.0613128 0.0279912 0.0112544 0.00419464 0.00138052 0.000423643 0.000130208 3.89015e-05 1.05825e-05 2.62431e-06 6.48919e-07
 1.5343e-11 1.66607e-09 1.06663e-07 4.02601e-06 8.95931e-05 0.0011755 0.00909407 0.041503 0.111997 0.180824 0.184688 0.146043 0.121635 0.0984356 0.059833 0.0273545 0.0111037 0.00423769 0.00142478 0.00041716 0.00010762 2.51019e-05 5.5206e-06 1.13362e-06 2.10778e-07
 1.64558e-11 1.7869e-09 1.14399e-07 4.318e-06 9.60909e-05 0.00126075 0.00975335 0.0445064 0.120027 0.193187 0.194488 0.146477 0.113359 0.0879912 0.0522285 0.0229985 0.00885247 0.00325752 0.00108603 0.000321141 8.31156e-05 1.82646e-05 3.39325e-06 5.46766e-07 7.85372e-08
 1.64097e-11 1.7819e-09 1.14079e-07 4.3059e-06 9.58216e-05 0.00125722 0.00972604 0.0443824 0.119702 0.192736 0.194375 0.147266 0.114942 0.0892822 0.0522865 0.0221212 0.00793423 0.00271812 0.000853596 0.000240376 6.06294e-05 1.32409e-05 2.41492e-06 3.58386e-07 4.30218e-08
 1.65702e-11 1.79932e-09 1.15194e-07 4.34801e-06 9.67588e-05 0.00126951 0.00982114 0.0448158 0.120862 0.194539 0.195881 0.147585 0.114147 0.0880649 0.051141 0.0211878 0.00728942 0.0023652 0.000695648 0.000180951 4.229e-05 8.71348e-06 1.53318e-06 2.22338e-07 2.55902e-08
 1.65457e-11 1.79667e-09 1.15024e-07 4.34159e-06 9.66158e-05 0.00126764 0.00980664 0.0447499 0.120689 0.194296 0.195803 0.147954 0.114907 0.0886899 0.0511757 0.0207786 0.00686863 0.00212834 0.000598393 0.000147113 3.20116e-05 6.08016e-06 9.87503e-07 1.34278e-07 1.47785e-08
 1.62354e-11 1.76297e-09 1.12867e-07 4.26016e-06 9.48038e-05 0.00124386 0.00962281 0.0439127 0.118454 0.190879 0.193218 0.148241 0.117841 0.092033 0.0531593 0.0214516 0.00698454 0.00211467 0.000575631 0.000135204 2.78545e-05 4.97261e-06 7.50368e-07 9.39813e-08 9.54933e-09
 1.58874e-11 1.72518e-09 1.10448e-07 4.16886e-06 9.2772e-05 0.00121721 0.00941665 0.0429735 0.115942 0.187009 0.190133 0.148049 0.120347 0.0952582 0.0555929 0.0229209 0.00775628 0.002428 0.000666279 0.000154382 3.08818e-05 5.28003e-06 7.53725e-07 8.84e-08 8.33581e-09
 1.63098e-11 1.77105e-09 1.13384e-07 4.27968e-06 9.52382e-05 0.00124956 0.00966686 0.0441129 0.118984 0.191647 0.193596 0.147508 0.116126 0.0905603 0.0529642 0.0222232 0.00778744 0.00253558 0.000722058 0.000173623 3.55947e-05 6.08767e-06 8.49559e-07 9.56977e-08 8.549e-09
 1.57552e-11 1.71083e-09 1.09529e-07 4.13417e-06 9.2e-05 0.00120708 0.00933836 0.0426173 0.114997 0.185607 0.189285 0.148867 0.12265 0.0973538 0.056081 0.0221755 0.00694287 0.00204417 0.000564304 0.000138135 2.93398e-05 5.20428e-06 7.46498e-07 8.47906e-08 7.46456e-09
 1.64589e-11 1.78724e-09 1.14421e-07 4.31882e-06 9.61091e-05 0.00126099 0.00975523 0.0445158 0.120064 0.193342 0.195087 0.148056 0.115766 0.0896701 0.0517682 0.020978 0.00687013 0.00206818 0.000546305 0.000122115 2.40825e-05 4.19002e-06 6.13308e-07 7.19659e-08 6.51083e-09
 1.62919e-11 1.7691e-09 1.1326e-07 4.27498e-06 9.51336e-05 0.00124819 0.00965628 0.0440653 0.118864 0.191529 0.193821 0.148554 0.117864 0.0917944 0.0526458 0.0208192 0.00650995 0.00188865 0.000499904 0.000114003 2.22785e-05 3.66128e-06 4.99515e-07 5.63319e-08 5.0973e-09
 1.5912e-11 1.72785e-09 1.10618e-07 4.1753e-06 9.29153e-05 0.00121909 0.00943121 0.0430401 0.116125 0.187323 0.190546 0.148601 0.120993 0.0955807 0.0552043 0.0220704 0.00702857 0.00205876 0.000535987 0.000118202 2.25793e-05 3.70269e-06 5.01614e-07 5.45578e-08 4.67348e-09
 1.60388e-11 1.74162e-09 1.115e-07 4.20857e-06 9.36557e-05 0.0012288 0.00950633 0.0433823 0.117039 0.188726 0.191631 0.148562 0.119913 0.094293 0.0543594 0.0216849 0.00688508 0.00201762 0.000529311 0.000117846 2.24516e-05 3.60857e-06 4.77279e-07 5.11257e-08 4.32021e-09
 1.7056e-11 1.85207e-09 1.18571e-07 4.47548e-06 9.95953e-05 0.00130673 0.010109 0.0461272 0.124372 0.19997 0.200322 0.148223 0.11122 0.083975 0.0476665 0.0186906 0.00575114 0.00162977 0.000419517 9.27384e-05 1.7682e-05 2.85581e-06 3.77715e-07 3.99932e-08 3.31506e-09
 1.7289e-11 1.87738e-09 1.20192e-07 4.53663e-06 0.000100956 0.00132458 0.010247 0.0467562 0.126055 0.202565 0.202403 0.148392 0.109605 0.0818614 0.0460304 0.0176594 0.00518299 0.00138465 0.000340347 7.24577e-05 1.33982e-05 2.12635e-06 2.7969e-07 2.9632e-08 2.45473e-09
 1.78209e-11 1.93514e-09 1.2389e-07 4.67621e-06 0.000104062 0.00136533 0.0105622 0.0481917 0.129891 0.208458 0.20701 0.148386 0.105321 0.0766401 0.0424596 0.0158542 0.00437591 0.00107304 0.000244951 4.88243e-05 8.46856e-06 1.27508e-06 1.61377e-07 1.66774e-08 1.36484e-09
 1.84193e-11 2.00012e-09 1.28049e-07 4.83323e-06 0.000107556 0.00141117 0.0109167 0.0498064 0.134204 0.215068 0.212103 0.148131 0.100124 0.0705175 0.0385506 0.0141743 0.00377691 0.000874503 0.000187322 3.46545e-05 5.50438e-06 7.61598e-07 8.95607e-08 8.70458e-09 6.80054e-10
 1.82373e-11 1.98036e-09 1.26784e-07 4.78547e-06 0.000106494 0.00139723 0.0108088 0.0493154 0.132894 0.213072 0.210622 0.148397 0.101991 0.0725687 0.039658 0.0144194 0.00372469 0.000819113 0.000166714 2.93095e-05 4.36436e-06 5.58599e-07 6.02015e-08 5.34782e-09 3.84899e-10
 1.8058e-11 1.96089e-09 1.25538e-07 4.73842e-06 0.000105447 0.00138349 0.0107026 0.0488315 0.1316 0.211081 0.209044 0.148331 0.103333 0.0742671 0.0409049 0.0151362 0.00408024 0.000953319 0.000200551 3.48458e-05 4.97135e-06 6.01553e-07 6.08251e-08 5.0119e-09 3.31178e-10
 1.70559e-11 1.85207e-09 1.18571e-07 4.47547e-06 9.95951e-05 0.00130672 0.010109 0.0461276 0.12438 0.200034 0.20063 0.149071 0.112514 0.0848364 0.0473157 0.0175065 0.00469212 0.00109189 0.000232568 4.18615e-05 6.24603e-06 7.7341e-07 7.70463e-08 6.07188e-09 3.77453e-10
 1.75287e-11 1.90341e-09 1.21858e-07 4.59952e-06 0.000102356 0.00134294 0.010389 0.0474032 0.127786 0.20524 0.204574 0.148651 0.108074 0.0797794 0.0443239 0.0164905 0.00449218 0.00106891 0.000230494 4.15186e-05 6.2077e-06 7.81966e-07 8.04471e-08 6.5327e-09 4.08843e-10
 1.80789e-11 1.96315e-09 1.25683e-07 4.7439e-06 0.000105569 0.00138509 0.010715 0.0488878 0.131751 0.211312 0.209227 0.148335 0.103171 0.0740627 0.0407548 0.0150521 0.00404404 0.000945976 0.000202924 3.69418e-05 5.62033e-06 7.16809e-07 7.42469e-08 6.09586e-09 3.89712e-10
 1.78262e-11 1.93571e-09 1.23926e-07 4.67759e-06 0.000104093 0.00136573 0.0105653 0.0482061 0.129932 0.208541 0.207173 0.148707 0.105768 0.0769124 0.0422864 0.0153832 0.00396684 0.000870367 0.000177263 3.13123e-05 4.6812e-06 5.94715e-07 6.21447e-08 5.17057e-09 3.34353e-10
#obs catch len freq
 1.12077e-11 1.21703e-09 7.79151e-08 2.94091e-06 6.5446e-05 0.000858693 0.00664364 0.0303315 0.0820094 0.1337 0.142698 0.129293 0.12975 0.122176 0.092064 0.0599735 0.036117 0.0195249 0.00929647 0.00381825 0.00128068 0.000328007 6.04133e-05 7.63537e-06 6.39638e-07
 1.25852e-11 1.36661e-09 8.74913e-08 3.30237e-06 7.34898e-05 0.00096423 0.00746007 0.034056 0.0920341 0.149618 0.157437 0.13618 0.127993 0.114127 0.0805511 0.0483055 0.0272642 0.014146 0.00640123 0.00243368 0.000744604 0.000174054 2.94115e-05 3.41943e-06 2.63276e-07
 6.15241e-12 6.68079e-10 4.2771e-08 1.6144e-06 3.59272e-05 0.000471439 0.00364942 0.0167048 0.0457368 0.0789737 0.103916 0.140387 0.183621 0.178326 0.122207 0.0670364 0.0337096 0.0156836 0.00647276 0.00227038 0.000638694 0.000135881 2.07893e-05 2.19113e-06 1.53495e-07
 1.74691e-11 1.89694e-09 1.21443e-07 4.58389e-06 0.000102008 0.00133837 0.0103535 0.0472367 0.127262 0.203706 0.199447 0.134955 0.0868543 0.0663183 0.051464 0.035857 0.0207174 0.00946788 0.00350539 0.00108095 0.000270473 5.17727e-05 7.15076e-06 6.80025e-07 4.29817e-08
 1.57239e-11 1.70743e-09 1.09311e-07 4.12595e-06 9.18176e-05 0.0012047 0.00932053 0.0425465 0.114916 0.186112 0.191661 0.152615 0.123525 0.0935021 0.0518027 0.0206955 0.00746104 0.0029682 0.00113366 0.000345631 7.91466e-05 1.33881e-05 1.63163e-06 1.38037e-07 7.81347e-09
 1.69754e-11 1.84333e-09 1.18012e-07 4.45436e-06 9.91257e-05 0.00130058 0.0100621 0.0459247 0.123944 0.199951 0.202208 0.151505 0.111707 0.0807078 0.0452611 0.0187313 0.00624413 0.00177978 0.000443989 0.000101615 2.05345e-05 3.22524e-06 3.58766e-07 2.71025e-08 1.35917e-09
 1.60415e-11 1.74192e-09 1.11519e-07 4.2093e-06 9.36725e-05 0.00122905 0.00950928 0.0434142 0.117316 0.190272 0.196464 0.155975 0.123229 0.0899715 0.0480084 0.0178326 0.0051042 0.00125709 0.000265908 4.61691e-05 6.53938e-06 7.57549e-07 6.89814e-08 4.57464e-09 2.06139e-10
 1.7422e-11 1.89182e-09 1.21116e-07 4.57154e-06 0.000101734 0.00133481 0.0103272 0.0471399 0.127269 0.205508 0.208047 0.154825 0.110417 0.0754913 0.0394325 0.014683 0.00420785 0.00099201 0.000187872 2.76047e-05 3.14364e-06 2.76561e-07 1.84357e-08 9.09434e-10 3.22369e-11
 1.60906e-11 1.74725e-09 1.1186e-07 4.22218e-06 9.39596e-05 0.00123284 0.00953915 0.0435607 0.11781 0.191597 0.199253 0.15951 0.124506 0.0876689 0.0446214 0.0155459 0.00402498 0.000857289 0.00015113 2.08597e-05 2.16602e-06 1.65051e-07 9.03763e-09 3.50019e-10 9.46269e-12
 1.72749e-11 1.87585e-09 1.20094e-07 4.53296e-06 0.000100875 0.00132357 0.0102409 0.0467574 0.12635 0.204657 0.209102 0.158292 0.113277 0.0752356 0.0374289 0.0130131 0.0033803 0.000704879 0.000116433 1.45762e-05 1.36023e-06 9.35796e-08 4.6201e-09 1.58485e-10 3.68226e-12
 1.61312e-11 1.75166e-09 1.12143e-07 4.23285e-06 9.41976e-05 0.00123599 0.00956436 0.0436895 0.118288 0.193054 0.202577 0.163901 0.126297 0.0850495 0.040401 0.0125988 0.00271842 0.000455305 6.36435e-05 7.2064e-06 6.22129e-07 3.92051e-08 1.74647e-09 5.36369e-11 1.11352e-12
 1.65709e-11 1.79941e-09 1.152e-07 4.34824e-06 9.67658e-05 0.0012697 0.00982536 0.0448836 0.121525 0.198236 0.207152 0.164677 0.122553 0.079643 0.0366088 0.0109519 0.00220353 0.00032702 3.83975e-05 3.531e-06 2.45495e-07 1.27414e-08 4.8695e-10 1.32592e-11 2.47454e-13
 1.56632e-11 1.70084e-09 1.08889e-07 4.11006e-06 9.14661e-05 0.0012002 0.00928884 0.0424548 0.115174 0.189213 0.202243 0.168847 0.13164 0.0863915 0.0392542 0.0115479 0.00228008 0.000329144 3.67936e-05 3.11953e-06 1.9192e-07 8.42761e-09 2.63745e-10 5.82993e-12 8.94421e-14
 1.65554e-11 1.79772e-09 1.15092e-07 4.34419e-06 9.66764e-05 0.00126857 0.00981778 0.0448668 0.121634 0.199144 0.209801 0.167929 0.12299 0.076864 0.0337916 0.00966157 0.00184681 0.000255763 2.7227e-05 2.19325e-06 1.27669e-07 5.23766e-09 1.49845e-10 2.94674e-12 3.91157e-14
 1.42849e-11 1.55117e-09 9.93076e-08 3.74842e-06 8.34203e-05 0.00109473 0.00847554 0.0387868 0.105698 0.17629 0.196708 0.177353 0.145684 0.0947741 0.0412766 0.0114162 0.00206456 0.000263775 2.55943e-05 1.8949e-06 1.02592e-07 3.933e-09 1.05072e-10 1.92363e-12 2.36384e-14
 1.48123e-11 1.60844e-09 1.02974e-07 3.88683e-06 8.65009e-05 0.00113517 0.00878895 0.0402229 0.109597 0.182497 0.201871 0.177301 0.140144 0.0882925 0.0376391 0.0102956 0.00186243 0.0002393 2.30201e-05 1.63767e-06 8.26103e-08 2.88977e-09 6.98634e-11 1.16033e-12 1.30255e-14
 1.55768e-11 1.69146e-09 1.08289e-07 4.08745e-06 9.09661e-05 0.00119378 0.00924273 0.0422968 0.115183 0.191203 0.20874 0.176865 0.132739 0.0798303 0.032594 0.00844003 0.00140352 0.000159608 1.33987e-05 8.54647e-07 4.01598e-08 1.33528e-09 3.06459e-11 4.76659e-13 4.93256e-15
 1.59072e-11 1.72733e-09 1.10586e-07 4.17416e-06 9.28965e-05 0.00121914 0.00943976 0.0432056 0.117692 0.195354 0.212498 0.177234 0.129091 0.0752531 0.029939 0.00758845 0.00123817 0.000137637 1.11046e-05 6.61429e-07 2.8191e-08 8.33377e-10 1.69209e-11 2.35287e-13 2.21565e-15
 1.46387e-11 1.58959e-09 1.01768e-07 3.84135e-06 8.54931e-05 0.00112212 0.00869216 0.0398391 0.109013 0.183487 0.206984 0.183763 0.140805 0.083236 0.0330174 0.0083818 0.0013942 0.000161133 1.35442e-05 8.22366e-07 3.47248e-08 9.92916e-10 1.90815e-11 2.45701e-13 2.10121e-15
 1.41794e-11 1.53972e-09 9.85754e-08 3.72089e-06 8.28146e-05 0.00108708 0.00842334 0.0386442 0.106044 0.179862 0.206267 0.186923 0.144254 0.08472 0.0334383 0.00857576 0.0014769 0.000180428 1.6025e-05 1.01101e-06 4.37247e-08 1.27095e-09 2.46329e-11 3.15575e-13 2.63762e-15
 1.66973e-11 1.81314e-09 1.1608e-07 4.38158e-06 9.75161e-05 0.0012799 0.00991285 0.0454003 0.123822 0.205673 0.221933 0.177879 0.119499 0.0638663 0.0237727 0.00579909 0.000943374 0.000108162 9.10248e-06 5.57691e-07 2.40163e-08 7.05781e-10 1.38762e-11 1.79403e-13 1.50063e-15
 1.52917e-11 1.66051e-09 1.06309e-07 4.01284e-06 8.93152e-05 0.00117249 0.0090865 0.0416945 0.114369 0.19313 0.216989 0.186088 0.132337 0.0716898 0.0261739 0.00613229 0.000937299 9.85442e-05 7.49436e-06 4.16055e-07 1.64287e-08 4.48659e-10 8.31495e-12 1.0285e-13 8.33849e-16
 1.61565e-11 1.75442e-09 1.12321e-07 4.2398e-06 9.43671e-05 0.00123881 0.00960009 0.0440387 0.120632 0.202555 0.223363 0.183577 0.123305 0.0635301 0.0222586 0.00500167 0.000724969 7.08327e-05 4.90273e-06 2.44716e-07 8.64468e-09 2.10545e-10 3.47824e-12 3.8538e-14 2.82575e-16
 1.54456e-11 1.67723e-09 1.0738e-07 4.05338e-06 9.02238e-05 0.00118465 0.00918542 0.0422023 0.116099 0.197091 0.222427 0.1887 0.129024 0.0659259 0.0224881 0.00485168 0.000662919 5.95232e-05 3.69641e-06 1.63965e-07 5.16324e-09 1.12449e-10 1.65794e-12 1.63325e-14 1.06256e-16
 1.6345e-11 1.77489e-09 1.13633e-07 4.28942e-06 9.54781e-05 0.00125363 0.0097194 0.0446355 0.122558 0.206596 0.22826 0.18515 0.119524 0.0582579 0.0192621 0.0040789 0.000552659 4.95248e-05 3.0552e-06 1.3191e-07 3.92681e-09 7.86567e-11 1.04482e-12 9.15946e-15 5.27894e-17
 1.59346e-11 1.73033e-09 1.10781e-07 4.18189e-06 9.30914e-05 0.00122253 0.00948323 0.0436099 0.120147 0.204092 0.228694 0.188441 0.122063 0.0587025 0.0189731 0.00391235 0.00051461 4.45823e-05 2.6485e-06 1.10053e-07 3.16208e-09 6.1274e-11 7.85327e-13 6.58029e-15 3.57163e-17
 1.36743e-11 1.4849e-09 9.50711e-08 3.58916e-06 7.99165e-05 0.00105023 0.00816217 0.0377309 0.105401 0.185245 0.222413 0.201632 0.140766 0.0697128 0.0225403 0.00460718 0.000601068 5.1758e-05 3.04654e-06 1.24123e-07 3.45176e-09 6.40844e-11 7.82222e-13 6.2252e-15 3.20704e-17
 1.69925e-11 1.84521e-09 1.18138e-07 4.4597e-06 9.92807e-05 0.00130394 0.0101162 0.0465189 0.127993 0.215951 0.236359 0.184278 0.110086 0.0489926 0.0149293 0.00295572 0.000378841 3.22593e-05 1.8773e-06 7.52034e-08 2.04222e-09 3.68107e-11 4.33937e-13 3.31574e-15 1.62951e-17
 1.37883e-11 1.49731e-09 9.58689e-08 3.61963e-06 8.06136e-05 0.00105998 0.00824846 0.0382345 0.107365 0.190077 0.228778 0.203737 0.136014 0.063329 0.0190529 0.00357102 0.000416433 3.09407e-05 1.52411e-06 5.1733e-08 1.22865e-09 2.0152e-11 2.22525e-13 1.61628e-15 7.5856e-18
#spawning biomass
 7932.76 7958.1 5134.41 5395.11 7658.86 12109.2 18984 29299.3 47611.2 68265.8 90086.4 111537 140138 177233 171063 176981 186581 191920 178284 172027 185223 185132 202668 231157 283134 286163 252201 251076 225670 168410 281553 208231 135021 85264.8 56457.7 41283.3 33767.6 30200.1 28557.2 27817.3 27489.5 27346.2 27284 27257.3 27245.7 27240.9 27238.9 27238 27237.7 27237.5 27237.5 27237.4 27237.4 27237.4 27237.4 27237.4 27237.4 27237.4 27237.4 27237.4 27237.4 27237.4 27237.4 27237.4 27237.4 27237.4 27237.4 27237.4 27237.4 27237.4 27237.4 27237.4 27237.4 27237.4 27237.4 27237.4 27237.4 27237.4 27237.4 27237.4 27237.4 27237.4 27237.4 27237.4 27237.4 27237.4 27237.4 27237.4 27237.4 27237.4 27237.4 27237.4 27237.4 27237.4 27237.4 27237.4 27237.4 27237.4 27237.4 27237.4 27237.4 27237.4 27237.4 27237.4 27237.4 27237.4 27237.4 27237.4 27237.4 27237.4 27237.4 27237.4 27237.4 27237.4 27237.4 27237.4 27237.4 27237.4 27237.4 27237.4 27237.4 27237.4 27237.4 27237.4 27237.4 27237.4 27237.4 27237.4 27237.4 0 0 0 0 0 0 0 0 0 0 0 0 0 0 0 0 0 0 0 0 0 0 0 0 0
