SBPRF35
0.208809
Curr Bio
151977
B35
165700
F35
0.443456
FOFL
0.441983
OFL
66467.9
Bzero
59659.9
#pred survey bio
 30988.2 24496.2 17674.3 15209.3 22809.2 34715.9 46761.1 61023.1 87466.2 116646 147814 155203 186463 206602 211388 218195 233018 194618 197935 209775 214805 241896 271516 254574 255090 244338 239977 224295 225697 8.37189e+06 4.23597e+06 2.84469e+06 1.84282e+06 1.25812e+06 948042 790682 711805 671899 651216 640137 633984 630449 628357 627089 626306 625819 625513 625320 625197 625119 625069 625037 625017 625004 624995 624990 624987 624984 624983 624982 624981 624981 624981 624981 624981 624981 624980 624980 624980 624980 624980 624980 624980 624980 624980 624980 624980 624980 624980 624980 624980 624980 624980 624980 624980 624980 624980 624980 624980 624980 624980 624980 624980 624980 624980 624980 624980 624980 624980 624980 624980 624980 624980 624980 624980 624980 624980 624980 624980 624980 624980 624980 624980 624980 624980 624980 624980 624980 624980 624980 624980 624980 624980 624980 624980 624980 624980 624980 624980 0 0 0 0 0 0 0 0 0 0 0 0 0 0 0 0 0 0 0 0 0 0 0 0 0
#obs survey bio
 30891.5 21867.1 14399.6 22606.3 23946.2 41535 45355.9 61604.6 115799 147452 164362 226198 144638 201896 163634 180606 309172 165173 270986 140002 202421 334991 266608 382024 246708 198377 240706 205580 259151
#pred catch bio
 5658.12 4407.75 3040.61 2640.37 4753.73 7447.12 10408.4 14495.9 22665.3 31853.3 57330.7 51009.3 70974.3 82791.1 82542.8 80152.3 112355 76975 74167.1 85612.6 75780.4 79921.6 111783 95074 100338 88651.3 95632.6 88418.5 81955.2 66467.9 57090.2 36816.7 22734.4 14902.8 11001.9 9181.95 8367.16 8012.09 7860.11 7795.84 7768.89 7757.66 7752.99 7751.06 7750.26 7749.93 7749.79 7749.74 7749.72 7749.71 7749.7 7749.7 7749.7 7749.7 7749.7 7749.7 7749.7 7749.7 7749.7 7749.7 7749.7 7749.7 7749.7 7749.7 7749.7 7749.7 7749.7 7749.7 7749.7 7749.7 7749.7 7749.7 7749.7 7749.7 7749.7 7749.7 7749.7 7749.7 7749.7 7749.7 7749.7 7749.7 7749.7 7749.7 7749.7 7749.7 7749.7 7749.7 7749.7 7749.7 7749.7 7749.7 7749.7 7749.7 7749.7 7749.7 7749.7 7749.7 7749.7 7749.7 7749.7 7749.7 7749.7 7749.7 7749.7 7749.7 7749.7 7749.7 7749.7 7749.7 7749.7 7749.7 7749.7 7749.7 7749.7 7749.7 7749.7 7749.7 7749.7 7749.7 7749.7 7749.7 7749.7 7749.7 7749.7 7749.7 7749.7 7749.7 7749.7 0 0 0 0 0 0 0 0 0 0 0 0 0 0 0 0 0 0 0 0 0 0 0 0 0
#obs catch bio
 4719.11 4575.99 3214.8 2711.14 4764.07 7259.34 10293 14560.4 22196.9 29878.9 54696.1 47371.1 69686.6 77851.3 83979.8 81486.2 114587 80246.5 74037.6 94316.9 79549.5 78743.8 111562 89893.8 95698.9 83705.8 94931.5 92703.7 81616.2
#pred cpue bio
 30022.2 24146.5 17501.2 14534.8 20710.2 32078.6 43732.6 56935 80468.2 108346 137417 143861 172550 190961 196451 202662 216707 180908 183890 194907 198792 224565 253177 237604 238260 228279 225179 209482 209453 7.80007e+06 4.18969e+06 2.81368e+06 1.81215e+06 1.22745e+06 917373 760013 681137 641231 620548 609468 603316 599781 597689 596421 595638 595151 594845 594652 594529 594451 594401 594369 594349 594335 594327 594322 594318 594316 594315 594314 594313 594313 594313 594312 594312 594312 594312 594312 594312 594312 594312 594312 594312 594312 594312 594312 594312 594312 594312 594312 594312 594312 594312 594312 594312 594312 594312 594312 594312 594312 594312 594312 594312 594312 594312 594312 594312 594312 594312 594312 594312 594312 594312 594312 594312 594312 594312 594312 594312 594312 594312 594312 594312 594312 594312 594312 594312 594312 594312 594312 594312 594312 594312 594312 594312 594312 594312 594312 594312 0 0 0 0 0 0 0 0 0 0 0 0 0 0 0 0 0 0 0 0 0 0 0 0 0
#obs cpue bio
 21179.8 13661.7 10758.1 14316.7 33883.4 38812 35586.3 50228.9 86428 137282 140623 132821 184757 307949 157373 209596 194409 133528 167340 138957 189740 237051 282016 232890 298402 353289 184582 147167 229051
#pred surv len freq
 2.37273e-11 1.11602e-09 3.6348e-08 8.19738e-07 1.28014e-05 0.00013843 0.00103657 0.00537532 0.0193102 0.0481195 0.0836101 0.103341 0.0974504 0.0838901 0.0800588 0.0804735 0.075432 0.0667319 0.058279 0.0502295 0.0427245 0.0363044 0.030175 0.0228547 0.0144518
 1.16054e-11 5.45863e-10 1.77784e-08 4.00948e-07 6.26142e-06 6.77099e-05 0.000507051 0.00263012 0.00945859 0.0236711 0.0418195 0.054934 0.0621502 0.0745078 0.0942639 0.106711 0.103385 0.0922985 0.08106 0.069862 0.0582599 0.04705 0.0363518 0.0256392 0.0153665
 9.729e-12 4.57606e-10 1.49039e-08 3.36121e-07 5.24903e-06 5.67615e-05 0.000425047 0.00220441 0.00792272 0.0197791 0.0346158 0.0439702 0.0453766 0.0477973 0.0585025 0.0746195 0.0914596 0.105165 0.109372 0.101515 0.0861159 0.0683303 0.0504372 0.0334509 0.0188793
 3.37518e-11 1.58752e-09 5.17045e-08 1.16607e-06 1.82098e-05 0.000196913 0.00147445 0.00764513 0.0274514 0.0682814 0.117785 0.141548 0.120649 0.0779624 0.0465206 0.0345814 0.0344034 0.0403375 0.0490758 0.0557289 0.0557383 0.0483013 0.0362735 0.0234095 0.0126164
 4.4505e-11 2.0933e-09 6.81775e-08 1.53757e-06 2.40114e-05 0.000259649 0.00194422 0.010081 0.0361997 0.0900589 0.155469 0.187385 0.161445 0.107731 0.0672577 0.0462309 0.0320405 0.0206367 0.0146207 0.013765 0.014842 0.014768 0.0123385 0.00837307 0.00452737
 3.6899e-11 1.73555e-09 5.65258e-08 1.2748e-06 1.99078e-05 0.000215275 0.00161198 0.00835884 0.0300231 0.0747663 0.129574 0.15856 0.144367 0.113333 0.0941115 0.0817376 0.0623801 0.0394239 0.0221405 0.0125444 0.0082599 0.00665452 0.0055824 0.004038 0.00229695
 3.3738e-11 1.58687e-09 5.16835e-08 1.16559e-06 1.82024e-05 0.000196834 0.00147389 0.00764285 0.0274522 0.0683717 0.118545 0.145317 0.133169 0.106587 0.0919827 0.084875 0.0721074 0.0544711 0.0375239 0.0232346 0.0127708 0.00672429 0.00385644 0.00236562 0.00131314
 3.51792e-11 1.65466e-09 5.38913e-08 1.21538e-06 1.89799e-05 0.000205242 0.00153684 0.00796913 0.028622 0.071264 0.123414 0.150605 0.135831 0.104214 0.0848104 0.0758897 0.0649574 0.0513247 0.0386412 0.0271791 0.0169904 0.00922639 0.0044384 0.00199743 0.000864011
 3.91918e-11 1.84339e-09 6.00382e-08 1.35401e-06 2.11448e-05 0.000228651 0.00171213 0.00887784 0.031883 0.0793559 0.137241 0.166595 0.147399 0.107002 0.0793947 0.065828 0.0535486 0.0404533 0.0296807 0.0212716 0.0142065 0.0084381 0.00431012 0.00186365 0.000686128
 3.57408e-11 1.68108e-09 5.47516e-08 1.23478e-06 1.92829e-05 0.000208518 0.00156138 0.00809646 0.0290805 0.0724165 0.125486 0.153486 0.139538 0.109226 0.090817 0.0803708 0.0647099 0.0458262 0.0307491 0.0204707 0.0132051 0.00791262 0.00421187 0.00190277 0.000704735
 3.58663e-11 1.68698e-09 5.49438e-08 1.23912e-06 1.93506e-05 0.00020925 0.00156686 0.00812479 0.0291812 0.0726573 0.125835 0.153592 0.138626 0.106527 0.0866995 0.0769873 0.0644599 0.0488241 0.0347024 0.0231618 0.0142059 0.00799111 0.00409352 0.00184182 0.000692819
 3.66819e-11 1.72534e-09 5.61933e-08 1.2673e-06 1.97907e-05 0.000214009 0.00160249 0.00830952 0.0298443 0.0743043 0.12866 0.156912 0.1412 0.10756 0.0861872 0.0751935 0.0616547 0.0456711 0.0322794 0.0220506 0.0139897 0.0079714 0.0040021 0.00173723 0.000635284
 3.7099e-11 1.74496e-09 5.68322e-08 1.28171e-06 2.00157e-05 0.000216442 0.00162071 0.00840397 0.0301832 0.0751458 0.1301 0.158588 0.142449 0.107966 0.0858386 0.074462 0.0608199 0.0447629 0.0312598 0.0210637 0.0132869 0.00762748 0.0038799 0.00169192 0.000612481
 3.72897e-11 1.75393e-09 5.71244e-08 1.2883e-06 2.01186e-05 0.000217555 0.00162904 0.00844718 0.0303385 0.0755328 0.130774 0.159425 0.143249 0.108656 0.0864203 0.0747868 0.0606491 0.044067 0.0302889 0.020112 0.0125243 0.00711569 0.00360218 0.00157291 0.000571268
 3.55769e-11 1.67337e-09 5.45005e-08 1.22912e-06 1.91945e-05 0.000207562 0.00155422 0.00805932 0.028947 0.0720832 0.124903 0.152745 0.138786 0.108516 0.0902603 0.0803832 0.065744 0.0476956 0.0325401 0.0213472 0.0130901 0.00731658 0.00365173 0.00157887 0.000570484
 3.60215e-11 1.69428e-09 5.51816e-08 1.24448e-06 1.94344e-05 0.000210156 0.00157364 0.00815996 0.0293076 0.0729727 0.126386 0.154287 0.139321 0.107176 0.0872597 0.0772139 0.0640737 0.047944 0.0338332 0.0226404 0.0139202 0.00771259 0.0037951 0.00161633 0.000576545
 3.56535e-11 1.67697e-09 5.46178e-08 1.23177e-06 1.92358e-05 0.000208009 0.00155756 0.00807662 0.0290086 0.072232 0.125128 0.152869 0.138416 0.107247 0.0881629 0.0782786 0.0646678 0.0480392 0.0339044 0.0230279 0.0145098 0.00821559 0.00408252 0.00173456 0.000612772
 3.56945e-11 1.6789e-09 5.46806e-08 1.23318e-06 1.92579e-05 0.000208248 0.00155936 0.00808592 0.0290422 0.072317 0.125285 0.153107 0.138777 0.107818 0.088917 0.0789256 0.0648234 0.0475814 0.033069 0.0221929 0.0139428 0.00795874 0.00401686 0.00173308 0.000617781
 3.59658e-11 1.69166e-09 5.50963e-08 1.24256e-06 1.94043e-05 0.000209831 0.00157121 0.00814735 0.0292624 0.072861 0.126198 0.154086 0.139228 0.107278 0.0875086 0.0774069 0.0640109 0.0476456 0.0335408 0.0225728 0.0140896 0.00797761 0.00401599 0.00174135 0.000626826
 3.59472e-11 1.69078e-09 5.50678e-08 1.24191e-06 1.93943e-05 0.000209722 0.0015704 0.00814314 0.0292473 0.0728239 0.126137 0.154024 0.139212 0.107342 0.0876181 0.0774485 0.063888 0.047421 0.0334061 0.0226306 0.0142537 0.00811578 0.00408571 0.0017674 0.000635897
 3.7086e-11 1.74435e-09 5.68123e-08 1.28126e-06 2.00087e-05 0.000216366 0.00162014 0.00840103 0.0301727 0.0751194 0.130054 0.158527 0.142382 0.107892 0.085761 0.0744139 0.0608481 0.0448792 0.0314179 0.0211885 0.0133349 0.00761724 0.00385492 0.00167475 0.000603775
 3.60357e-11 1.69495e-09 5.52034e-08 1.24497e-06 1.94421e-05 0.000210239 0.00157426 0.00816321 0.0293196 0.0730056 0.126463 0.154478 0.139798 0.108141 0.0885998 0.0782498 0.06403 0.0467837 0.0323243 0.0215574 0.0134629 0.0076554 0.00386938 0.00168381 0.000608946
 3.48426e-11 1.63883e-09 5.33755e-08 1.20375e-06 1.87983e-05 0.000203278 0.00152214 0.00789298 0.0283497 0.0705971 0.122336 0.14965 0.136119 0.10678 0.0894214 0.0805141 0.0671328 0.0502327 0.0354807 0.0238755 0.0148496 0.00836321 0.00419043 0.00181387 0.000654714
 3.46696e-11 1.63069e-09 5.31106e-08 1.19778e-06 1.8705e-05 0.000202269 0.00151459 0.0078538 0.0282089 0.0702466 0.121729 0.148907 0.135443 0.106255 0.0890068 0.0802228 0.0670832 0.0505477 0.0361753 0.0247901 0.0157056 0.00895417 0.00449896 0.00193954 0.000695894
 3.45545e-11 1.62528e-09 5.29342e-08 1.1938e-06 1.86429e-05 0.000201597 0.00150956 0.00782772 0.0281152 0.0700128 0.121321 0.148393 0.13493 0.105767 0.0885346 0.0798699 0.0670232 0.0508364 0.0367106 0.02543 0.0163333 0.00946668 0.00483231 0.00210641 0.000759315
 3.44872e-11 1.62211e-09 5.28311e-08 1.19147e-06 1.86066e-05 0.000201204 0.00150662 0.00781247 0.0280605 0.0698773 0.121091 0.148134 0.134767 0.105784 0.0886956 0.0800324 0.0670515 0.0507329 0.0366079 0.025448 0.0164801 0.00966755 0.00500653 0.002215 0.000808913
 3.31066e-11 1.55718e-09 5.07162e-08 1.14378e-06 1.78617e-05 0.00019315 0.00144631 0.00749983 0.0269386 0.067094 0.116339 0.142659 0.13087 0.104999 0.0907742 0.0835574 0.0706774 0.0538365 0.0390477 0.0272168 0.0176611 0.0104062 0.00543391 0.00243178 0.00089956
 3.48612e-11 1.6397e-09 5.34041e-08 1.2044e-06 1.88084e-05 0.000203386 0.00152295 0.00789714 0.0283639 0.0706258 0.12234 0.149437 0.135233 0.104685 0.0861846 0.0772914 0.0654177 0.0506039 0.0374127 0.0264581 0.0173219 0.0102649 0.00538693 0.0024257 0.000904664
 3.65933e-11 1.72117e-09 5.60575e-08 1.26424e-06 1.97429e-05 0.000213491 0.00159862 0.00828942 0.0297719 0.0741224 0.128333 0.156458 0.140615 0.106752 0.0851369 0.0741592 0.0610183 0.045618 0.0327689 0.0229726 0.0151682 0.00911573 0.00484174 0.00219921 0.000825891
#obs surv len freq
 2.32425e-11 1.09322e-09 3.56054e-08 8.02991e-07 1.25399e-05 0.000135602 0.0010154 0.00526551 0.0189159 0.0471384 0.0819156 0.101295 0.0956758 0.0826775 0.0792657 0.079973 0.0754953 0.0680984 0.0617489 0.0556651 0.0483277 0.0393758 0.0291605 0.0188006 0.0100407
 9.32549e-16 4.39333e-14 1.44002e-12 3.32946e-11 5.70717e-10 8.35233e-09 1.27404e-07 1.99648e-06 2.62218e-05 0.000253429 0.001725 0.00817815 0.0269952 0.0624354 0.103001 0.12652 0.126106 0.114734 0.102867 0.0910996 0.0782918 0.0638388 0.0474009 0.0304409 0.0160842
 1.33435e-11 6.27615e-10 2.0441e-08 4.60997e-07 7.19911e-06 7.78479e-05 0.000582908 0.00302232 0.0108509 0.0269763 0.0464424 0.0554054 0.0461197 0.0286792 0.0210524 0.0343457 0.0667148 0.102175 0.121592 0.119973 0.105467 0.0856278 0.0631904 0.0404282 0.0212702
 5.03461e-11 2.36804e-09 7.71255e-08 1.73937e-06 2.71628e-05 0.000293726 0.00219936 0.0114036 0.0409434 0.101803 0.175356 0.209526 0.174579 0.103497 0.0468649 0.0196248 0.0102678 0.00887651 0.0120858 0.016853 0.0194398 0.018217 0.0141648 0.0091619 0.00481297
 3.42061e-11 1.60889e-09 5.24005e-08 1.18176e-06 1.84549e-05 0.000199565 0.00149435 0.00774919 0.0278376 0.0693642 0.120489 0.148746 0.139573 0.117956 0.106926 0.0955127 0.0693495 0.037957 0.0168674 0.00870932 0.00765995 0.00812048 0.0073596 0.00523555 0.00287268
 4.0669e-11 1.91287e-09 6.23011e-08 1.40505e-06 2.19418e-05 0.000237269 0.00177665 0.00921234 0.0330831 0.0823293 0.142293 0.172304 0.151103 0.106939 0.0763709 0.0628547 0.0531776 0.0418568 0.029396 0.0174711 0.00882757 0.00454789 0.00294953 0.00205221 0.00119342
 2.64977e-11 1.24633e-09 4.0592e-08 9.15454e-07 1.42961e-05 0.000154594 0.00115763 0.0060034 0.0215714 0.0538017 0.0938071 0.117459 0.115504 0.108522 0.111401 0.109869 0.0908461 0.0642048 0.0430067 0.0284673 0.017461 0.00932595 0.00442536 0.00204738 0.000949697
 4.26797e-11 2.00745e-09 6.53812e-08 1.47451e-06 2.30266e-05 0.000249 0.00186448 0.00966752 0.0347148 0.0863616 0.149068 0.17959 0.154529 0.103023 0.0656079 0.0500138 0.04386 0.0386915 0.0317005 0.0228378 0.0142833 0.00787077 0.00382413 0.00161901 0.00059995
 3.61306e-11 1.69941e-09 5.53486e-08 1.24825e-06 1.94932e-05 0.000210792 0.00157841 0.0081848 0.0293984 0.0732133 0.126903 0.155387 0.141783 0.11193 0.093663 0.0818033 0.0630532 0.0415623 0.0264727 0.0181194 0.0125186 0.00776168 0.0040577 0.00175452 0.000624529
 3.75152e-11 1.76453e-09 5.74697e-08 1.29609e-06 2.02403e-05 0.00021887 0.00163889 0.00849819 0.0305212 0.0759809 0.131506 0.160114 0.143229 0.107375 0.0841877 0.0730332 0.0607821 0.0458157 0.0319244 0.020516 0.0121315 0.00676605 0.00352722 0.00160988 0.000601955
 3.80104e-11 1.78783e-09 5.82284e-08 1.3132e-06 2.05075e-05 0.000221759 0.00166052 0.00861038 0.0309241 0.0769844 0.133245 0.162239 0.145139 0.108739 0.0848245 0.0724161 0.0584649 0.042586 0.0295621 0.0198533 0.0123401 0.00684893 0.00335561 0.00143827 0.000525277
 3.78203e-11 1.77889e-09 5.79372e-08 1.30663e-06 2.04049e-05 0.00022065 0.00165222 0.00856734 0.0307698 0.0766029 0.132602 0.16154 0.144784 0.109045 0.0857711 0.0736236 0.0594385 0.0429792 0.0293234 0.0192889 0.0118864 0.00666381 0.00330854 0.00140959 0.000500583
 3.89835e-11 1.8336e-09 5.97191e-08 1.34682e-06 2.10325e-05 0.000227436 0.00170303 0.00883075 0.0317149 0.0789462 0.136594 0.166098 0.147886 0.109307 0.0834406 0.0701675 0.0563087 0.0407377 0.0278083 0.0182081 0.0110964 0.00613937 0.00302304 0.00128563 0.000455863
 3.70193e-11 1.74121e-09 5.671e-08 1.27895e-06 1.99727e-05 0.000215977 0.00161723 0.00838597 0.0301194 0.0749934 0.129883 0.158543 0.143108 0.109891 0.0889085 0.0774386 0.0621928 0.0440976 0.0293217 0.0188465 0.0113774 0.00625029 0.0030508 0.00128525 0.00045223
 3.47891e-11 1.63631e-09 5.32935e-08 1.2019e-06 1.87695e-05 0.000202966 0.00151981 0.00788089 0.0283068 0.0704944 0.122188 0.149606 0.136517 0.107984 0.0913899 0.0825401 0.0683069 0.0501767 0.0344568 0.022396 0.0133835 0.00721833 0.00346632 0.00144288 0.000502926
 3.56684e-11 1.67767e-09 5.46406e-08 1.23228e-06 1.92439e-05 0.000208096 0.00155821 0.00807996 0.0290204 0.0722571 0.125145 0.152768 0.137938 0.106116 0.0865172 0.0769577 0.0646249 0.0493383 0.0356428 0.0242869 0.0150433 0.0082795 0.00398795 0.00164509 0.000565937
 3.51992e-11 1.6556e-09 5.39219e-08 1.21608e-06 1.89908e-05 0.000205359 0.00153772 0.00797374 0.0286395 0.0713154 0.123559 0.151041 0.137045 0.106781 0.0884995 0.079009 0.0654663 0.0488457 0.0348014 0.0240112 0.0154189 0.00887075 0.00443663 0.00187331 0.000650046
 3.5491e-11 1.66933e-09 5.43689e-08 1.22616e-06 1.91482e-05 0.000207061 0.00155047 0.0080398 0.0288764 0.0719007 0.124543 0.152104 0.137563 0.10628 0.0871135 0.0775159 0.0646656 0.0488287 0.0350388 0.0240978 0.0154098 0.00894205 0.00458511 0.00200134 0.000716195
 3.44834e-11 1.62193e-09 5.28253e-08 1.19134e-06 1.86046e-05 0.000201182 0.00150645 0.00781163 0.0280577 0.0698712 0.121088 0.148168 0.134916 0.106137 0.0892359 0.0805533 0.067295 0.0506199 0.0362585 0.0250254 0.0160949 0.00938274 0.00483938 0.00213814 0.000780414
 3.61886e-11 1.70214e-09 5.54374e-08 1.25025e-06 1.95245e-05 0.00021113 0.00158094 0.00819774 0.0294429 0.0733038 0.126922 0.154766 0.139194 0.105921 0.0849298 0.0746642 0.0623778 0.0475836 0.0346127 0.0240886 0.0155363 0.0090798 0.00470415 0.00209213 0.000770651
 3.4732e-11 1.63362e-09 5.32061e-08 1.19993e-06 1.87387e-05 0.000202632 0.00151731 0.00786793 0.0282599 0.0703744 0.121958 0.149221 0.135833 0.10675 0.0895296 0.0804327 0.066608 0.0494647 0.0350594 0.0241799 0.0156818 0.0092519 0.00482891 0.0021594 0.000799835
 3.57332e-11 1.68072e-09 5.47399e-08 1.23452e-06 1.92789e-05 0.000208474 0.00156105 0.00809464 0.0290729 0.0723867 0.125361 0.152991 0.138008 0.10589 0.085975 0.0762177 0.0638423 0.0486442 0.0352035 0.0242947 0.0155449 0.00906084 0.00471564 0.00211742 0.000789243
 3.49114e-11 1.64207e-09 5.3481e-08 1.20613e-06 1.88355e-05 0.000203679 0.00152515 0.00790857 0.0284057 0.0707352 0.122569 0.149902 0.136241 0.106634 0.0889442 0.0797138 0.066109 0.0492919 0.0350774 0.0242111 0.015648 0.00917694 0.00476513 0.00212812 0.000791035
 3.54654e-11 1.66812e-09 5.43297e-08 1.22527e-06 1.91344e-05 0.000206911 0.00154935 0.008034 0.0288554 0.0718479 0.124446 0.151961 0.137358 0.105969 0.0867123 0.0771788 0.0645859 0.0490391 0.0353883 0.0244207 0.0156502 0.00912656 0.00474025 0.00212113 0.000788517
 3.59727e-11 1.69198e-09 5.51067e-08 1.2428e-06 1.94081e-05 0.000209871 0.00157151 0.00814888 0.0292678 0.0728722 0.126204 0.154028 0.138966 0.10664 0.0864737 0.0762448 0.06313 0.0473434 0.0339116 0.023473 0.0151676 0.00888894 0.00461415 0.00205943 0.0007644
 3.50112e-11 1.64676e-09 5.36338e-08 1.20958e-06 1.88893e-05 0.000204261 0.00152951 0.00793115 0.0284867 0.0709359 0.122909 0.150284 0.136479 0.106603 0.0886954 0.0794563 0.0660254 0.0493419 0.0350588 0.0240321 0.0154168 0.00901786 0.004692 0.00210012 0.000780335
 3.19925e-11 1.50477e-09 4.90094e-08 1.10529e-06 1.72606e-05 0.00018665 0.00139764 0.00724753 0.0260335 0.0648493 0.112514 0.138288 0.127884 0.104727 0.0930206 0.0870171 0.0740381 0.0564651 0.0408218 0.0281995 0.0180542 0.010491 0.00542554 0.00242132 0.000899529
 3.69814e-11 1.73943e-09 5.6652e-08 1.27765e-06 1.99523e-05 0.000215756 0.00161557 0.00837723 0.0300863 0.0748932 0.129589 0.157622 0.14049 0.104277 0.0806216 0.0697769 0.0592498 0.0469771 0.0356672 0.0255984 0.0167887 0.00987892 0.00512589 0.00228252 0.000844899
 3.48162e-11 1.63759e-09 5.33351e-08 1.20284e-06 1.87841e-05 0.000203124 0.00152099 0.00788703 0.0283286 0.070547 0.122267 0.149644 0.136358 0.107412 0.0902168 0.0806817 0.0659335 0.0480289 0.0336908 0.0235554 0.015769 0.00961287 0.00513372 0.00232439 0.000866312
#pred catch len freq
 2.13761e-11 1.00543e-09 3.27462e-08 7.38509e-07 1.15329e-05 0.000124713 0.000933865 0.00484285 0.0173992 0.0433759 0.0754938 0.0939017 0.0904395 0.081697 0.0822227 0.0849011 0.0803014 0.07128 0.0623558 0.0537845 0.0457609 0.0388877 0.0323228 0.0244815 0.0154805
 1.00968e-11 4.74904e-10 1.54673e-08 3.48827e-07 5.44748e-06 5.89084e-05 0.000441149 0.00228845 0.00823239 0.0206272 0.03661 0.0488697 0.0576265 0.0730454 0.0955739 0.109491 0.10652 0.0953187 0.0838402 0.0723124 0.0603197 0.0487174 0.0376409 0.0265486 0.0159115
 8.39861e-12 3.95031e-10 1.28659e-08 2.90158e-07 4.53126e-06 4.89999e-05 0.00036693 0.00190309 0.0068411 0.0170919 0.0300025 0.0385313 0.0410905 0.0458449 0.0586621 0.0761251 0.0938038 0.108073 0.11249 0.104443 0.0886113 0.0703137 0.0519021 0.0344226 0.0194278
 3.12644e-11 1.47053e-09 4.78942e-08 1.08013e-06 1.68678e-05 0.000182401 0.0013658 0.00708178 0.0254292 0.0632574 0.109159 0.131376 0.112617 0.0742353 0.0465579 0.0367285 0.0375901 0.0443927 0.0540939 0.0614501 0.0614664 0.0532664 0.0400025 0.0258161 0.0139135
 4.27264e-11 2.00964e-09 6.54528e-08 1.47612e-06 2.30518e-05 0.000249272 0.00186652 0.00967823 0.0347545 0.0864739 0.149352 0.180355 0.156498 0.106857 0.0700249 0.0505112 0.0358157 0.0232502 0.0165315 0.0155919 0.0168206 0.0167382 0.0139848 0.0094903 0.00513147
 3.46844e-11 1.63139e-09 5.31332e-08 1.19829e-06 1.8713e-05 0.000202355 0.00151524 0.00785736 0.028224 0.0703064 0.121985 0.149932 0.138624 0.113201 0.0990981 0.0888429 0.0685656 0.0434978 0.0244812 0.0138937 0.00915713 0.00737975 0.00619119 0.00447841 0.00254747
 3.14405e-11 1.47881e-09 4.81639e-08 1.08622e-06 1.69628e-05 0.00018343 0.00137353 0.00712257 0.0255854 0.063742 0.110652 0.136276 0.126915 0.105804 0.0962449 0.0915554 0.0786109 0.0596042 0.0411361 0.0254969 0.0140208 0.00738398 0.00423512 0.00259798 0.00144213
 3.29537e-11 1.54998e-09 5.0482e-08 1.13849e-06 1.77792e-05 0.000192258 0.00143963 0.00746515 0.0268136 0.0667782 0.115761 0.14181 0.129653 0.103181 0.0885083 0.0818973 0.0709526 0.0562925 0.0424615 0.0298937 0.0186943 0.010153 0.00488439 0.00219818 0.000950855
 3.71875e-11 1.74912e-09 5.69677e-08 1.28476e-06 2.00634e-05 0.000216958 0.00162457 0.00842395 0.0302544 0.0753165 0.130353 0.158692 0.141892 0.106195 0.082893 0.0713507 0.0588913 0.044704 0.0328684 0.0235803 0.0157548 0.00935893 0.00478067 0.00206713 0.000761048
 3.36426e-11 1.58239e-09 5.15373e-08 1.16229e-06 1.81509e-05 0.000196277 0.00146973 0.00762131 0.0273757 0.0681892 0.118284 0.145257 0.13392 0.108708 0.0949692 0.0866099 0.0704831 0.0501014 0.0336847 0.0224514 0.0144903 0.00868421 0.00462281 0.00208845 0.00077351
 3.41173e-11 1.60471e-09 5.22645e-08 1.17869e-06 1.8407e-05 0.000199046 0.00149046 0.00772871 0.02776 0.0691326 0.119825 0.146703 0.133845 0.105881 0.089857 0.0819531 0.069283 0.0526475 0.0374763 0.0250326 0.0153585 0.00864054 0.00442638 0.00199161 0.000749168
 3.47748e-11 1.63564e-09 5.32718e-08 1.20141e-06 1.87618e-05 0.000202883 0.00151918 0.00787765 0.0282947 0.0704614 0.122109 0.14941 0.136018 0.106924 0.0897191 0.0806567 0.0668627 0.0497137 0.0351995 0.0240681 0.0152757 0.00870536 0.00437077 0.00189729 0.000693819
 3.53668e-11 1.66348e-09 5.41786e-08 1.22186e-06 1.90811e-05 0.000206336 0.00154504 0.0080117 0.0287758 0.0716554 0.124151 0.151777 0.137754 0.107413 0.0890866 0.0794672 0.0655775 0.0484309 0.0338764 0.0228465 0.0144167 0.00827716 0.00421054 0.00183613 0.000664688
 3.5629e-11 1.67582e-09 5.45803e-08 1.23092e-06 1.92226e-05 0.000207866 0.0015565 0.00807111 0.0289892 0.0721868 0.125071 0.152902 0.138771 0.108178 0.089612 0.079658 0.0652394 0.0475595 0.0327408 0.0217586 0.0135547 0.00770209 0.00389919 0.00170263 0.000618381
 3.3832e-11 1.5913e-09 5.18275e-08 1.16884e-06 1.82531e-05 0.000197382 0.001478 0.00766419 0.0275293 0.0685676 0.118912 0.145895 0.13409 0.108035 0.0936473 0.0855377 0.0705931 0.051372 0.035103 0.0230486 0.0141388 0.00790382 0.00394499 0.00170569 0.00061631
 3.42126e-11 1.6092e-09 5.24105e-08 1.18199e-06 1.84584e-05 0.000199602 0.00149462 0.00775032 0.0278378 0.0693276 0.120172 0.147169 0.134398 0.106557 0.090595 0.082405 0.0690652 0.0518533 0.0366506 0.0245463 0.0150975 0.00836599 0.00411679 0.00175337 0.000625428
 3.42204e-11 1.60956e-09 5.24225e-08 1.18226e-06 1.84627e-05 0.000199648 0.00149496 0.0077521 0.0278442 0.0693443 0.120206 0.147232 0.134523 0.106772 0.0908223 0.0823937 0.068595 0.051089 0.0361013 0.024536 0.0154642 0.00875685 0.00435161 0.00184891 0.00065317
 3.39677e-11 1.59768e-09 5.20354e-08 1.17353e-06 1.83263e-05 0.000198174 0.00148393 0.0076949 0.0276392 0.0688378 0.119355 0.146321 0.134105 0.107286 0.0921822 0.0839402 0.0695753 0.0512291 0.0356591 0.0239513 0.0150529 0.0085935 0.0043374 0.0018714 0.00066709
 3.41787e-11 1.6076e-09 5.23586e-08 1.18082e-06 1.84402e-05 0.000199405 0.00149314 0.00774265 0.0278103 0.0692599 0.12006 0.147055 0.134369 0.106676 0.0908155 0.0825378 0.0689241 0.0514731 0.0362929 0.0244456 0.0152641 0.00864372 0.0043515 0.00188686 0.000679205
 3.42676e-11 1.61179e-09 5.24948e-08 1.18389e-06 1.84881e-05 0.000199924 0.00149703 0.00776279 0.0278826 0.0694395 0.120368 0.147417 0.134649 0.106782 0.0907329 0.0822707 0.0684922 0.0509969 0.0359789 0.0243929 0.0153688 0.00875173 0.00440603 0.00190599 0.000685762
 3.52667e-11 1.65878e-09 5.40253e-08 1.2184e-06 1.90271e-05 0.000205752 0.00154067 0.00798904 0.0286944 0.0714534 0.123805 0.151373 0.137448 0.107304 0.0891622 0.0796624 0.065844 0.0487402 0.0341794 0.0230717 0.0145258 0.0082986 0.00419992 0.00182466 0.000657823
 3.41145e-11 1.60458e-09 5.22602e-08 1.1786e-06 1.84055e-05 0.00019903 0.00149034 0.00772814 0.0277585 0.0691344 0.119866 0.14693 0.134608 0.107567 0.0922613 0.0838566 0.0693301 0.0508359 0.0351861 0.0234887 0.0146753 0.00834599 0.00421863 0.00183582 0.000663922
 3.31468e-11 1.55906e-09 5.07777e-08 1.14516e-06 1.78834e-05 0.000193384 0.00144806 0.00750896 0.0269718 0.0671799 0.116511 0.142977 0.131503 0.106197 0.0925422 0.0853699 0.0717963 0.0538803 0.0381119 0.0256657 0.0159682 0.0089943 0.00450681 0.00195084 0.000704157
 3.28437e-11 1.54481e-09 5.03135e-08 1.1347e-06 1.77199e-05 0.000191616 0.00143483 0.00744032 0.0267253 0.0665672 0.115456 0.141716 0.130456 0.105588 0.0923061 0.0853859 0.0720614 0.0544712 0.0390441 0.0267781 0.016971 0.00967677 0.00486221 0.00209617 0.000752094
 3.27898e-11 1.54227e-09 5.02309e-08 1.13283e-06 1.76908e-05 0.000191302 0.00143247 0.00742809 0.0266813 0.0664564 0.115256 0.141439 0.130095 0.105089 0.0916718 0.0848085 0.071806 0.0546312 0.0395098 0.0273903 0.0175982 0.0102009 0.00520728 0.00226989 0.000818248
 3.26223e-11 1.5344e-09 4.99743e-08 1.12705e-06 1.76004e-05 0.000190324 0.00142515 0.00739016 0.0265452 0.0661191 0.114682 0.140786 0.129659 0.105069 0.0920122 0.0852475 0.0720926 0.0547237 0.0395505 0.0275166 0.0178259 0.0104583 0.00541624 0.00239629 0.000875125
 3.13314e-11 1.47368e-09 4.79967e-08 1.08245e-06 1.6904e-05 0.000182793 0.00136876 0.00709782 0.0254962 0.0635164 0.110238 0.13566 0.125997 0.104295 0.0938972 0.0884912 0.0754665 0.0576493 0.0418735 0.0292087 0.0189597 0.0111726 0.00583429 0.00261098 0.000965855
 3.31042e-11 1.55706e-09 5.07125e-08 1.14369e-06 1.78604e-05 0.000193136 0.0014462 0.00749925 0.0269362 0.0670845 0.116299 0.1425 0.130379 0.103919 0.0891723 0.0820786 0.0701206 0.0544132 0.0402884 0.0285129 0.0186728 0.0110665 0.00580783 0.00261525 0.000975362
 3.47872e-11 1.63622e-09 5.32907e-08 1.20184e-06 1.87685e-05 0.000202955 0.00151972 0.00788042 0.0283044 0.0704828 0.122128 0.149345 0.135679 0.106084 0.088379 0.0792237 0.0658751 0.0494243 0.0355628 0.0249529 0.0164816 0.00990624 0.0052618 0.00239004 0.000897557
#obs catch len freq
 2.08152e-11 9.79048e-10 3.18869e-08 7.19132e-07 1.12303e-05 0.00012144 0.000909359 0.00471573 0.0169422 0.0422327 0.0734782 0.0912756 0.0875476 0.078453 0.0786692 0.0821871 0.0802038 0.07468 0.0686458 0.0613311 0.0523742 0.0423866 0.031682 0.0208179 0.0113344
 2.09872e-11 9.87138e-10 3.21505e-08 7.25074e-07 1.13231e-05 0.000122444 0.000916876 0.00475475 0.0170828 0.042588 0.0741287 0.0922333 0.0889259 0.0805165 0.0812482 0.0841141 0.0800943 0.0724862 0.0658381 0.0593981 0.0515845 0.0420342 0.0311306 0.020071 0.0107193
 7.95352e-16 3.74799e-14 1.2298e-12 2.85508e-11 4.96459e-10 7.54167e-09 1.21106e-07 1.95913e-06 2.60208e-05 0.000252268 0.00171849 0.00814906 0.0269018 0.0622267 0.102686 0.126211 0.125951 0.114778 0.103045 0.0913231 0.0785073 0.0640218 0.0475388 0.0305299 0.0161314
 1.17848e-11 5.54302e-10 1.80533e-08 4.07146e-07 6.35817e-06 6.87542e-05 0.000514817 0.00266927 0.0095834 0.0238251 0.0410179 0.0489409 0.0407971 0.0257169 0.020214 0.0351002 0.068933 0.105691 0.125796 0.124133 0.109134 0.0886115 0.0653945 0.0418389 0.0220125
 4.92409e-11 2.31605e-09 7.54323e-08 1.70119e-06 2.65665e-05 0.000287278 0.00215108 0.0111533 0.0400449 0.0995715 0.171528 0.20503 0.171087 0.102 0.0470642 0.0205916 0.0113404 0.0100605 0.0137755 0.0192238 0.022177 0.0207825 0.0161597 0.0104523 0.00549087
 3.21569e-11 1.51251e-09 4.92613e-08 1.11097e-06 1.73494e-05 0.00018761 0.00140484 0.00728518 0.0261731 0.0652394 0.11348 0.140823 0.13445 0.11825 0.112127 0.10253 0.0750148 0.0411534 0.0183142 0.00947754 0.00834952 0.00885489 0.0080256 0.00570938 0.00313267
 3.88377e-11 1.82674e-09 5.94956e-08 1.34178e-06 2.09538e-05 0.000226585 0.00169665 0.00879762 0.031595 0.0786382 0.135996 0.165072 0.146038 0.106142 0.0795354 0.0680334 0.0584478 0.0462218 0.0325173 0.0193411 0.00977616 0.00503788 0.00326784 0.0022738 0.0013223
 2.44479e-11 1.14991e-09 3.74518e-08 8.44634e-07 1.31902e-05 0.000142635 0.00106808 0.00553921 0.0199059 0.0496722 0.0867732 0.10943 0.110045 0.108082 0.115553 0.116045 0.096515 0.0683757 0.0458786 0.0304025 0.0186577 0.0099671 0.00472998 0.0021884 0.00101513
 4.10529e-11 1.93093e-09 6.28891e-08 1.41831e-06 2.21489e-05 0.000239509 0.00179341 0.00929911 0.0333927 0.0830806 0.14346 0.173099 0.14981 0.101821 0.0676672 0.0538718 0.0481671 0.0427253 0.0350613 0.0252737 0.0158107 0.00871354 0.00423388 0.00179254 0.000664264
 3.42845e-11 1.61258e-09 5.25206e-08 1.18447e-06 1.84973e-05 0.000200022 0.00149777 0.00776676 0.0278986 0.0694951 0.120573 0.14818 0.136945 0.111703 0.097633 0.0875195 0.0680814 0.0450198 0.0287287 0.0196881 0.0136099 0.00843981 0.00441245 0.00190794 0.000679147
 3.58326e-11 1.68539e-09 5.48922e-08 1.23796e-06 1.93325e-05 0.000209054 0.00156539 0.00811717 0.0291541 0.0725904 0.125725 0.153491 0.138642 0.106784 0.0872787 0.077884 0.0654981 0.0495362 0.0345665 0.0222302 0.0131497 0.0073351 0.00382412 0.00174543 0.000652646
 3.63309e-11 1.70883e-09 5.56555e-08 1.25517e-06 1.96013e-05 0.000211961 0.00158716 0.00823005 0.0295595 0.0736004 0.127478 0.155642 0.140608 0.10825 0.0880419 0.077327 0.0630923 0.0461169 0.0320642 0.0215518 0.0134008 0.00743873 0.00364479 0.00156225 0.000570563
 3.61921e-11 1.7023e-09 5.54429e-08 1.25038e-06 1.95265e-05 0.000211151 0.0015811 0.00819864 0.0294469 0.0733224 0.127012 0.155149 0.140404 0.108602 0.0889384 0.0784383 0.0639618 0.0464017 0.0317059 0.0208729 0.0128673 0.00721474 0.00358227 0.00152625 0.000542013
 3.74874e-11 1.76323e-09 5.74271e-08 1.29513e-06 2.02252e-05 0.000218708 0.00163767 0.00849194 0.0304993 0.0759318 0.131457 0.160225 0.143862 0.1089 0.0863533 0.0745974 0.0604755 0.0438955 0.0300062 0.0196616 0.0119861 0.00663246 0.00326599 0.00138898 0.00049251
 3.55358e-11 1.67143e-09 5.44374e-08 1.2277e-06 1.91723e-05 0.000207322 0.00155243 0.00805003 0.0289141 0.0720049 0.124792 0.15273 0.139152 0.109563 0.0919079 0.0819296 0.0663523 0.0471755 0.0314081 0.0202017 0.0121995 0.00670273 0.00327177 0.00137836 0.000484994
 3.31457e-11 1.55901e-09 5.0776e-08 1.14513e-06 1.78828e-05 0.000193378 0.00144802 0.00750875 0.0269716 0.0671833 0.116545 0.143151 0.132085 0.107512 0.0945551 0.0873861 0.0729018 0.0536965 0.0369219 0.0240154 0.0143559 0.00774385 0.00371887 0.00154804 0.000539583
 3.40915e-11 1.6035e-09 5.22249e-08 1.1778e-06 1.83931e-05 0.000198896 0.00148933 0.00772286 0.0277391 0.0690792 0.119726 0.146554 0.133619 0.105515 0.089334 0.0813999 0.0689479 0.0527866 0.0381812 0.0260327 0.016129 0.00887799 0.00427639 0.0017641 0.000606883
 3.35185e-11 1.57655e-09 5.13472e-08 1.15801e-06 1.8084e-05 0.000195553 0.0014643 0.00759314 0.0272739 0.0679286 0.117785 0.144426 0.132469 0.1062 0.0915807 0.083792 0.0700381 0.0524097 0.0373925 0.0258179 0.0165844 0.00954247 0.0047728 0.00201529 0.000699317
 3.37964e-11 1.58962e-09 5.17729e-08 1.16761e-06 1.82339e-05 0.000197174 0.00147644 0.00765605 0.0274994 0.0684858 0.11872 0.145428 0.132929 0.105649 0.0901567 0.0822893 0.0692752 0.0524675 0.0377024 0.0259484 0.0165985 0.00963306 0.00493967 0.00215614 0.000771596
 3.27854e-11 1.54207e-09 5.02241e-08 1.13268e-06 1.76884e-05 0.000191276 0.00143228 0.00742711 0.026678 0.0664495 0.115254 0.141481 0.130279 0.105518 0.0923029 0.0853461 0.0719042 0.0542407 0.038905 0.0268713 0.0172876 0.0100792 0.00519885 0.002297 0.000838403
 3.44814e-11 1.62184e-09 5.28222e-08 1.19127e-06 1.86035e-05 0.00020117 0.00150636 0.00781115 0.0280557 0.0698633 0.121055 0.148035 0.134505 0.105239 0.0879253 0.0794058 0.0669915 0.0512676 0.0373461 0.0260099 0.0167807 0.00980832 0.00508183 0.00226014 0.000832545
 3.30033e-11 1.55232e-09 5.05579e-08 1.14021e-06 1.7806e-05 0.000192547 0.0014418 0.00747647 0.0268553 0.066891 0.116019 0.142419 0.13113 0.106159 0.0927076 0.0853556 0.0712991 0.0531036 0.0376925 0.026016 0.0168784 0.00995915 0.0051983 0.00232462 0.000861038
 3.41106e-11 1.6044e-09 5.22542e-08 1.17847e-06 1.84034e-05 0.000199007 0.00149017 0.00772719 0.0277545 0.0691167 0.119785 0.146595 0.133556 0.105252 0.0888408 0.0807463 0.0682452 0.0521515 0.037791 0.0260977 0.0167033 0.00973716 0.00506784 0.0022756 0.000848206
 3.31985e-11 1.5615e-09 5.08569e-08 1.14695e-06 1.79113e-05 0.000193686 0.00145032 0.00752066 0.0270138 0.0672835 0.116684 0.14316 0.131575 0.106036 0.0920757 0.0845778 0.0707571 0.0529126 0.0377073 0.026046 0.0168395 0.00987698 0.00512887 0.00229061 0.000851437
 3.37844e-11 1.58905e-09 5.17544e-08 1.16719e-06 1.82274e-05 0.000197104 0.00147591 0.00765331 0.0274895 0.0684601 0.118669 0.145336 0.132751 0.105321 0.0896979 0.0818837 0.0691476 0.0526602 0.0380534 0.0262784 0.0168459 0.00982504 0.00510326 0.00228361 0.000848922
 3.42332e-11 1.61017e-09 5.24421e-08 1.1827e-06 1.84696e-05 0.000199723 0.00149552 0.00775498 0.0278544 0.069367 0.120227 0.147178 0.134217 0.106007 0.0896161 0.0811518 0.0678435 0.0510417 0.0366153 0.0253643 0.0163954 0.00960973 0.00498856 0.00222658 0.000826448
 3.32597e-11 1.56438e-09 5.09507e-08 1.14907e-06 1.79444e-05 0.000194043 0.001453 0.00753453 0.0270636 0.0674065 0.116892 0.14339 0.131706 0.105986 0.0918916 0.0844311 0.0707924 0.0530646 0.0377587 0.025903 0.0166227 0.00972458 0.00505997 0.00226486 0.000841555
 3.02915e-11 1.42477e-09 4.64037e-08 1.04652e-06 1.63429e-05 0.000176726 0.00132334 0.00686233 0.0246514 0.0614214 0.106669 0.131584 0.12322 0.104065 0.0960336 0.0917701 0.0786508 0.0601331 0.043528 0.030089 0.0192696 0.0111986 0.00579171 0.00258478 0.00096026
 3.52861e-11 1.65969e-09 5.40549e-08 1.21908e-06 1.90376e-05 0.000205865 0.00154151 0.00799331 0.0287086 0.0714759 0.123758 0.150916 0.135764 0.103444 0.0833651 0.0742725 0.0637528 0.0507224 0.0385656 0.0276971 0.0181703 0.0106931 0.00554858 0.00247079 0.000914593
#spawning biomass
 26636.8 22967.1 16908.8 12127.4 13227 22765.5 33056.7 42482.5 55640 79035.7 100664 103741 123317 135618 143702 147755 159075 132473 134245 142356 142126 163320 188434 177697 178841 171589 173020 157143 151977 165177 186946 119782 71860.9 45216.7 31945.4 25753.6 22981.6 21773.6 21256.6 21037.9 20946.3 20908 20892.1 20885.6 20882.9 20881.7 20881.3 20881.1 20881 20881 20881 20881 20880.9 20880.9 20880.9 20880.9 20880.9 20880.9 20880.9 20880.9 20880.9 20880.9 20880.9 20880.9 20880.9 20880.9 20880.9 20880.9 20880.9 20880.9 20880.9 20880.9 20880.9 20880.9 20880.9 20880.9 20880.9 20880.9 20880.9 20880.9 20880.9 20880.9 20880.9 20880.9 20880.9 20880.9 20880.9 20880.9 20880.9 20880.9 20880.9 20880.9 20880.9 20880.9 20880.9 20880.9 20880.9 20880.9 20880.9 20880.9 20880.9 20880.9 20880.9 20880.9 20880.9 20880.9 20880.9 20880.9 20880.9 20880.9 20880.9 20880.9 20880.9 20880.9 20880.9 20880.9 20880.9 20880.9 20880.9 20880.9 20880.9 20880.9 20880.9 20880.9 20880.9 20880.9 20880.9 20880.9 20880.9 0 0 0 0 0 0 0 0 0 0 0 0 0 0 0 0 0 0 0 0 0 0 0 0 0
