SBPRF35
0.122079
Curr Bio
186397
B35
152148
F35
1.25083
FOFL
1.25083
OFL
89439.7
Bzero
34879.6
#pred survey bio
 16109.6 15199.3 13842.3 17230.5 20073.3 20739.9 25456.3 37742.1 50085.7 71145.5 89082.8 104852 138948 161777 160553 130303 110297 107508 114775 108098 112934 121572 121915 145837 151431 136612 144007 156949 3.92657e+06 3.66398e+06 1.45251e+06 716908 467806 369272 323276 299544 286770 279803 275995 273918 272790 272178 271846 271666 271571 271520 271494 271479 271472 271468 271466 271465 271464 271464 271463 271463 271463 271463 271463 271463 271463 271463 271463 271463 271463 271463 271463 271463 271463 271463 271463 271463 271463 271463 271463 271463 271463 271463 271463 271463 271463 271463 271463 271463 271463 271463 271463 271463 271463 271463 271463 271463 271463 271463 271463 271463 271463 271463 271463 271463 271463 271463 271463 271463 271463 271463 271463 271463 271463 271463 271463 271463 271463 271463 271463 271463 271463 271463 271463 271463 271463 271463 271463 271463 271463 271463 271463 271463 0 0 0 0 0 0 0 0 0 0 0 0 0 0 0 0 0 0 0 0 0 0 0 0 0
#obs survey bio
 13510.2 8629.76 22539.5 21536.9 18192.7 25197.1 23249.7 45296.1 51885.9 73886.5 88659.8 107255 124500 186957 144947 117347 72157.6 117501 96722.1 109382 113559 162483 116418 163003 157476 180216 121682 133366
#pred catch bio
 6917.75 8663.33 7737.35 9332.3 11139.9 12119.9 14348.4 24303.8 28788.1 46622.5 60003.1 63097.8 93429.4 108679 109223 93498.2 81599.4 77662.8 91029.6 80786.1 85014.8 99094 91233.4 115526 126311 104861 108344 115329 89439.7 89609.8 26773.1 10285 6658.06 5941.16 5809.07 5785.89 5781.96 5781.31 5781.2 5781.19 5781.18 5781.18 5781.18 5781.18 5781.18 5781.18 5781.18 5781.18 5781.18 5781.18 5781.18 5781.18 5781.18 5781.18 5781.18 5781.18 5781.18 5781.18 5781.18 5781.18 5781.18 5781.18 5781.18 5781.18 5781.18 5781.18 5781.18 5781.18 5781.18 5781.18 5781.18 5781.18 5781.18 5781.18 5781.18 5781.18 5781.18 5781.18 5781.18 5781.18 5781.18 5781.18 5781.18 5781.18 5781.18 5781.18 5781.18 5781.18 5781.18 5781.18 5781.18 5781.18 5781.18 5781.18 5781.18 5781.18 5781.18 5781.18 5781.18 5781.18 5781.18 5781.18 5781.18 5781.18 5781.18 5781.18 5781.18 5781.18 5781.18 5781.18 5781.18 5781.18 5781.18 5781.18 5781.18 5781.18 5781.18 5781.18 5781.18 5781.18 5781.18 5781.18 5781.18 5781.18 5781.18 5781.18 5781.18 5781.18 0 0 0 0 0 0 0 0 0 0 0 0 0 0 0 0 0 0 0 0 0 0 0 0 0
#obs catch bio
 8052.49 10265.1 8514.33 8927.95 11501.3 12273.5 14655.3 23910.6 27779 46784.3 59841.1 59233.8 90648.6 107458 103227 97238.3 86350 76205.9 97496.1 78638.1 82438.4 96450 89043.3 109495 115606 94456.7 103708 114629
#pred cpue bio
 14626.4 13741.9 11816.4 14641.1 17773.9 17844.8 21224 31112 41815.8 59127.5 74635.1 87884.8 116104 136687 141418 114032 93724.5 90378 96205.3 90775.3 94068.9 101136 99970.4 120058 126605 113593 119872 130191 3.31113e+06 3.63754e+06 1.42608e+06 690472 441371 342837 296841 273109 260335 253367 249559 247483 246354 245743 245411 245231 245135 245085 245058 245044 245036 245032 245030 245029 245028 245028 245028 245028 245028 245028 245028 245028 245028 245028 245028 245028 245028 245028 245028 245028 245028 245028 245028 245028 245028 245028 245028 245028 245028 245028 245028 245028 245028 245028 245028 245028 245028 245028 245028 245028 245028 245028 245028 245028 245028 245028 245028 245028 245028 245028 245028 245028 245028 245028 245028 245028 245028 245028 245028 245028 245028 245028 245028 245028 245028 245028 245028 245028 245028 245028 245028 245028 245028 245028 245028 245028 245028 245028 245028 245028 0 0 0 0 0 0 0 0 0 0 0 0 0 0 0 0 0 0 0 0 0 0 0 0 0
#obs cpue bio
 9093.5 9340.34 7774.07 13703.1 18540.6 12847 21264.5 30940 44543.1 55057.1 75755.9 123362 137390 114332 212150 99646.3 103823 100405 78530.4 112470 105543 88237.8 103245 147111 188314 122862 151072 162319
#pred surv len freq
 1.09753e-11 1.19127e-09 7.62409e-08 2.8771e-06 6.40193e-05 0.000839982 0.00649975 0.029684 0.0803221 0.131288 0.14144 0.130885 0.132361 0.120388 0.0838013 0.0503922 0.0306817 0.0191411 0.0123659 0.00850751 0.00634728 0.00519832 0.0044328 0.00338779 0.00196841
 1.04913e-11 1.13873e-09 7.28784e-08 2.75021e-06 6.1196e-05 0.000802945 0.00621344 0.0283829 0.0768901 0.126393 0.139475 0.137142 0.146467 0.134472 0.0908622 0.0506902 0.0276064 0.0148771 0.00794553 0.00440512 0.00264383 0.00178962 0.00134344 0.000972437 0.000561325
 1.35944e-11 1.47554e-09 9.44342e-08 3.56366e-06 7.9296e-05 0.00104041 0.00805022 0.0367541 0.0993059 0.161131 0.168071 0.141855 0.129031 0.110359 0.0713859 0.0372131 0.0185547 0.00907016 0.00424026 0.00194312 0.000906415 0.000462596 0.000274273 0.000173811 9.52773e-05
 1.35029e-11 1.46561e-09 9.37988e-08 3.53968e-06 7.87625e-05 0.00103342 0.0079962 0.0365103 0.0986858 0.160436 0.168791 0.146044 0.136287 0.116085 0.0714518 0.032893 0.0138061 0.00585997 0.00243506 0.000976435 0.000377158 0.000145236 6.12014e-05 2.96593e-05 1.42006e-05
 1.11708e-11 1.21249e-09 7.75989e-08 2.92835e-06 6.51598e-05 0.000854954 0.0066159 0.0302214 0.0818716 0.134588 0.148535 0.145953 0.15497 0.139112 0.087604 0.0413731 0.0175168 0.00697317 0.00250292 0.000841536 0.000274143 8.5893e-05 2.64955e-05 8.75508e-06 3.14967e-06
 1.30171e-11 1.41288e-09 9.04244e-08 3.41234e-06 7.5929e-05 0.000996239 0.00770858 0.035198 0.0951507 0.154787 0.163315 0.142569 0.134931 0.117476 0.0764762 0.0397484 0.0190113 0.00819732 0.00301716 0.000969006 0.000276414 7.12224e-05 1.714e-05 4.00338e-06 9.61215e-07
 1.44191e-11 1.56506e-09 1.00163e-07 3.77986e-06 8.41067e-05 0.00110353 0.00853848 0.0389809 0.105289 0.170565 0.176627 0.145749 0.128481 0.106875 0.0656094 0.0304265 0.0129245 0.00548808 0.00218736 0.000770194 0.000228416 5.61976e-05 1.1671e-05 2.11459e-06 3.5144e-07
 1.48457e-11 1.61136e-09 1.03127e-07 3.89169e-06 8.65952e-05 0.00113618 0.00879102 0.040132 0.108373 0.175365 0.180676 0.146722 0.126585 0.103908 0.0628057 0.0280263 0.0110141 0.00418924 0.00148848 0.00049546 0.000151815 3.99532e-05 8.52222e-06 1.44316e-06 1.96911e-07
 1.41532e-11 1.53619e-09 9.83163e-08 3.71015e-06 8.25558e-05 0.00108318 0.00838118 0.0382658 0.103398 0.167831 0.175332 0.148545 0.134956 0.112631 0.0668463 0.0279721 0.00981415 0.00334168 0.00107847 0.000321211 8.81295e-05 2.18253e-05 4.69111e-06 8.22699e-07 1.11582e-07
 1.4463e-11 1.56982e-09 1.00468e-07 3.79135e-06 8.43625e-05 0.00110689 0.00856446 0.0390998 0.105614 0.171128 0.177374 0.146774 0.129778 0.107864 0.0656506 0.029535 0.0115525 0.00414931 0.00127707 0.000340702 8.26025e-05 1.8113e-05 3.50589e-06 5.80099e-07 7.80324e-08
 1.39931e-11 1.51882e-09 9.72042e-08 3.66819e-06 8.1622e-05 0.00107093 0.00828643 0.037834 0.102243 0.166054 0.173928 0.1485 0.136174 0.114152 0.0679322 0.0285798 0.0101338 0.00348882 0.00112279 0.000319116 7.72427e-05 1.5593e-05 2.66285e-06 3.88204e-07 4.72758e-08
 1.39693e-11 1.51624e-09 9.70389e-08 3.66195e-06 8.14831e-05 0.00106911 0.00827234 0.0377698 0.102071 0.165787 0.173705 0.148457 0.136317 0.11441 0.0682433 0.0288343 0.0102024 0.00340022 0.00102147 0.000272608 6.55969e-05 1.36715e-05 2.34051e-06 3.2006e-07 3.48397e-08
 1.41934e-11 1.54056e-09 9.85953e-08 3.72068e-06 8.27901e-05 0.00108626 0.00840491 0.0383731 0.103674 0.168168 0.175166 0.147131 0.132491 0.110864 0.0672925 0.0299357 0.0115266 0.00410904 0.00126448 0.00033248 7.61975e-05 1.5037e-05 2.51231e-06 3.44772e-07 3.71665e-08
 1.35762e-11 1.47357e-09 9.43083e-08 3.5589e-06 7.91903e-05 0.00103903 0.00803969 0.03671 0.0992401 0.161454 0.170405 0.148753 0.139919 0.118511 0.0706446 0.0296555 0.0104479 0.00355791 0.00112919 0.000317015 7.60386e-05 1.50466e-05 2.43199e-06 3.1935e-07 3.3424e-08
 1.13136e-11 1.22798e-09 7.85906e-08 2.96577e-06 6.59925e-05 0.000865881 0.00670049 0.0306086 0.0829308 0.136412 0.150925 0.149133 0.158724 0.141167 0.085787 0.0368909 0.0133915 0.00455045 0.0013726 0.00036371 8.64051e-05 1.77637e-05 2.99577e-06 3.98558e-07 4.09176e-08
 1.18219e-11 1.28315e-09 8.21216e-08 3.09902e-06 6.89574e-05 0.000904777 0.00700127 0.0319776 0.086572 0.141854 0.154428 0.146642 0.150826 0.133617 0.0833528 0.0386073 0.0157465 0.00588244 0.00186853 0.000503408 0.000116865 2.3039e-05 3.80976e-06 5.15296e-07 5.44876e-08
 1.33564e-11 1.44971e-09 9.27814e-08 3.50129e-06 7.79082e-05 0.00102221 0.00790957 0.0361166 0.0976464 0.158946 0.168155 0.147802 0.140223 0.119638 0.0723833 0.0316132 0.0119778 0.00440745 0.00149475 0.000444569 0.000111386 2.27008e-05 3.73098e-06 4.9163e-07 5.10823e-08
 1.37869e-11 1.49643e-09 9.57715e-08 3.61412e-06 8.0419e-05 0.00105515 0.00816438 0.0372783 0.100763 0.163825 0.172409 0.149242 0.138975 0.116962 0.0690697 0.0282888 0.009501 0.00307551 0.000948673 0.000269695 6.92947e-05 1.5215e-05 2.69645e-06 3.7107e-07 3.88419e-08
 1.39236e-11 1.51127e-09 9.67211e-08 3.64996e-06 8.12163e-05 0.00106561 0.00824528 0.0376469 0.101748 0.165333 0.17356 0.14915 0.137747 0.115585 0.0683071 0.0280609 0.00940633 0.00295143 0.000837646 0.000210123 4.8062e-05 9.91324e-06 1.76357e-06 2.55555e-07 2.84809e-08
 1.37628e-11 1.49382e-09 9.56041e-08 3.6078e-06 8.02784e-05 0.00105331 0.00815015 0.0372142 0.100601 0.163648 0.172623 0.150409 0.140959 0.118432 0.0688435 0.026829 0.00808477 0.00227421 0.00060965 0.000147231 3.14437e-05 5.81602e-06 9.23946e-07 1.2478e-07 1.37566e-08
 1.41935e-11 1.54057e-09 9.85964e-08 3.72072e-06 8.2791e-05 0.00108627 0.00840507 0.0383751 0.103697 0.168343 0.175991 0.149401 0.135965 0.113223 0.0664582 0.0268561 0.00868176 0.00257497 0.000672299 0.000148461 2.88912e-05 4.9846e-06 7.35407e-07 9.00218e-08 8.96403e-09
 1.42358e-11 1.54516e-09 9.88902e-08 3.73181e-06 8.30377e-05 0.00108951 0.00843012 0.0384893 0.104004 0.168833 0.176461 0.149682 0.136047 0.113065 0.0660016 0.0262713 0.00827459 0.00242629 0.000651431 0.000151 2.98337e-05 4.90411e-06 6.64154e-07 7.44925e-08 6.80962e-09
 1.48325e-11 1.60993e-09 1.03035e-07 3.88822e-06 8.6518e-05 0.00113517 0.00878328 0.0400987 0.10831 0.17548 0.181802 0.150146 0.131951 0.107675 0.0617968 0.0235916 0.00678618 0.00178312 0.000445576 9.99969e-05 1.97989e-05 3.34407e-06 4.61186e-07 5.04897e-08 4.31853e-09
 1.46931e-11 1.59479e-09 1.02066e-07 3.85167e-06 8.57046e-05 0.0011245 0.00870073 0.0397223 0.1073 0.173898 0.180419 0.149669 0.132352 0.10859 0.0629923 0.0247868 0.00758956 0.00211165 0.000521902 0.000108372 1.95445e-05 3.1066e-06 4.20433e-07 4.64372e-08 4.01376e-09
 1.39541e-11 1.51458e-09 9.69328e-08 3.65795e-06 8.13941e-05 0.00106794 0.00826337 0.0377301 0.101981 0.165781 0.174347 0.150589 0.139699 0.116757 0.0675249 0.0259647 0.00756757 0.00201158 0.000498667 0.000107796 1.9904e-05 3.05911e-06 3.84195e-07 3.95544e-08 3.29261e-09
 1.41933e-11 1.54055e-09 9.85948e-08 3.72066e-06 8.27896e-05 0.00108625 0.00840497 0.0383754 0.103707 0.16844 0.176461 0.1507 0.137944 0.114526 0.0658832 0.0250069 0.00706324 0.00178897 0.000421355 8.67621e-05 1.55922e-05 2.41588e-06 3.08837e-07 3.14324e-08 2.49016e-09
 1.41908e-11 1.54027e-09 9.85773e-08 3.72e-06 8.2775e-05 0.00108606 0.00840346 0.038368 0.103682 0.168352 0.176154 0.149916 0.136773 0.113779 0.0662745 0.0261563 0.00804362 0.002242 0.000549679 0.000111295 1.90916e-05 2.8116e-06 3.46567e-07 3.48547e-08 2.76991e-09
 1.43677e-11 1.55947e-09 9.9806e-08 3.76637e-06 8.38066e-05 0.00109959 0.00850814 0.0388448 0.104954 0.170288 0.177574 0.149602 0.134867 0.111705 0.0651804 0.0259634 0.00817213 0.00237106 0.000617337 0.000135647 2.50154e-05 3.77597e-06 4.55255e-07 4.38371e-08 3.34795e-09
#obs surv len freq
 1.16495e-11 1.26445e-09 8.09246e-08 3.05385e-06 6.79523e-05 0.000891587 0.00689906 0.0315067 0.0852276 0.139004 0.147969 0.131849 0.128656 0.119852 0.0914269 0.0596926 0.0336982 0.0155106 0.00567666 0.00163861 0.000363336 5.97935e-05 7.06787e-06 5.8166e-07 3.23928e-08
 8.34092e-12 9.05328e-10 5.79409e-08 2.18652e-06 4.86535e-05 0.0006384 0.00494099 0.0225881 0.0614081 0.102488 0.119387 0.130754 0.151993 0.149422 0.114431 0.0738747 0.0408891 0.0183557 0.00651695 0.0018118 0.000383729 5.97945e-05 6.63694e-06 5.09313e-07 2.63075e-08
 1.84807e-11 2.00591e-09 1.28378e-07 4.84458e-06 0.000107798 0.00141434 0.0109423 0.0499299 0.134501 0.214896 0.208203 0.134789 0.0784664 0.0564044 0.0450653 0.0329436 0.0194798 0.00879581 0.00304783 0.000815593 0.000164905 2.43606e-05 2.54604e-06 1.82806e-07 8.78583e-09
 8.43376e-12 9.15405e-10 5.85859e-08 2.21086e-06 4.91958e-05 0.000645551 0.00499755 0.0228715 0.0624748 0.106309 0.131602 0.157389 0.184324 0.162444 0.096739 0.0426624 0.0172182 0.00696094 0.00247487 0.00067879 0.000135467 1.92001e-05 1.89617e-06 1.27611e-07 5.71881e-09
 1.41691e-11 1.53792e-09 9.84267e-08 3.71432e-06 8.26486e-05 0.00108441 0.00839064 0.038306 0.10343 0.167006 0.169395 0.129188 0.104023 0.095722 0.0826277 0.0578974 0.0293816 0.010258 0.00257985 0.000521447 8.89711e-05 1.19093e-05 1.13651e-06 7.31561e-08 3.09184e-09
 1.19745e-11 1.29972e-09 8.3182e-08 3.13904e-06 6.98487e-05 0.000916509 0.00709321 0.0324175 0.0879505 0.145012 0.159446 0.149062 0.143257 0.120414 0.0779064 0.0424199 0.0212974 0.00909117 0.00289492 0.000640194 9.70608e-05 1.03518e-05 8.0037e-07 4.46405e-08 1.72361e-09
 1.64608e-11 1.78667e-09 1.14347e-07 4.31509e-06 9.60167e-05 0.00125981 0.00974794 0.0445034 0.120157 0.193838 0.195212 0.1433 0.103051 0.0790641 0.055005 0.0322094 0.0151282 0.00547467 0.00154461 0.000341715 5.6187e-05 6.39852e-06 4.83963e-07 2.40275e-08 7.85503e-10
 1.34521e-11 1.4601e-09 9.34461e-08 3.52638e-06 7.84678e-05 0.00102961 0.00796868 0.0364186 0.0987753 0.162418 0.175827 0.156071 0.138809 0.10886 0.0648522 0.0306254 0.0124892 0.00431672 0.00117677 0.000241123 3.61803e-05 3.88642e-06 2.89765e-07 1.44525e-08 4.67047e-10
 1.42291e-11 1.54443e-09 9.88436e-08 3.73007e-06 8.29999e-05 0.00108907 0.00842837 0.0385088 0.104303 0.17043 0.179896 0.149612 0.125102 0.100138 0.0662918 0.035386 0.0148079 0.00462752 0.00107507 0.000190372 2.56165e-05 2.51594e-06 1.72413e-07 7.97421e-09 2.42891e-10
 1.42034e-11 1.54165e-09 9.86654e-08 3.72335e-06 8.28508e-05 0.00108713 0.00841396 0.0384529 0.10425 0.170905 0.182127 0.153893 0.128588 0.0994418 0.0622468 0.0317212 0.0132483 0.00430159 0.0010333 0.000178811 2.19336e-05 1.88836e-06 1.13111e-07 4.63977e-09 1.2731e-10
 1.28608e-11 1.39592e-09 8.93387e-08 3.37139e-06 7.50201e-05 0.000984425 0.00762045 0.0348514 0.0947498 0.156957 0.173041 0.157224 0.140541 0.111103 0.0692416 0.0344583 0.0137585 0.00423243 0.000973445 0.000164572 1.99078e-05 1.66647e-06 9.39631e-08 3.50664e-09 8.56236e-11
 1.41485e-11 1.53569e-09 9.82839e-08 3.70896e-06 8.25313e-05 0.00108297 0.00838255 0.0383214 0.103992 0.170891 0.182817 0.154283 0.127477 0.098668 0.0631868 0.0326128 0.0131804 0.00398147 0.000879175 0.000140811 1.60918e-05 1.27909e-06 6.88803e-08 2.45437e-09 5.6721e-11
 1.35465e-11 1.47035e-09 9.41023e-08 3.55117e-06 7.90212e-05 0.00103696 0.00802782 0.0367235 0.0998903 0.165495 0.181398 0.160255 0.136143 0.102796 0.0619707 0.0300351 0.0117156 0.00351524 0.000777322 0.000123093 1.36139e-05 1.02837e-06 5.20797e-08 1.73913e-09 3.76891e-11
 1.13223e-11 1.22894e-09 7.86521e-08 2.96814e-06 6.60496e-05 0.000866835 0.00671361 0.0307598 0.0841531 0.14227 0.165572 0.163766 0.153732 0.121783 0.075165 0.0364893 0.0137921 0.00391451 0.000816271 0.000123297 1.31624e-05 9.62437e-07 4.68838e-08 1.49005e-09 3.04193e-11
 9.23164e-12 1.00201e-09 6.4129e-08 2.4201e-06 5.38563e-05 0.000706914 0.00547794 0.0251465 0.0692627 0.119746 0.147984 0.161401 0.164827 0.139614 0.0926435 0.0479006 0.0186862 0.005301 0.0010762 0.000154914 1.55564e-05 1.06691e-06 4.89155e-08 1.4695e-09 2.84083e-11
 1.21524e-11 1.31903e-09 8.44184e-08 3.18575e-06 7.0892e-05 0.000930376 0.00720502 0.032993 0.090014 0.150358 0.167874 0.152888 0.13635 0.113602 0.0793535 0.0437144 0.0180067 0.00534 0.00111678 0.000161811 1.59324e-05 1.04748e-06 4.5309e-08 1.27248e-09 2.29128e-11
 1.17907e-11 1.27977e-09 8.19058e-08 3.09097e-06 6.87855e-05 0.000902852 0.00699513 0.0320826 0.0879932 0.149416 0.173836 0.167382 0.148724 0.112368 0.0681508 0.033691 0.0133619 0.00401573 0.000866324 0.000128969 1.28747e-05 8.44016e-07 3.57702e-08 9.67991e-10 1.65574e-11
 1.24593e-11 1.35234e-09 8.65505e-08 3.26625e-06 7.26865e-05 0.000954057 0.00739165 0.0338936 0.0928472 0.156814 0.179164 0.166378 0.1435 0.108016 0.0652912 0.0308585 0.0111325 0.00299708 0.000592997 8.40981e-05 8.22991e-06 5.35299e-07 2.24982e-08 5.99518e-10 1.00004e-11
 1.17287e-11 1.27305e-09 8.14758e-08 3.07479e-06 6.84289e-05 0.000898309 0.00696311 0.0319778 0.0880175 0.150708 0.177776 0.172495 0.151481 0.11174 0.0649785 0.0295043 0.0102291 0.00261321 0.000479238 6.18951e-05 5.51586e-06 3.31376e-07 1.31008e-08 3.33237e-10 5.35115e-12
 1.21012e-11 1.31348e-09 8.40638e-08 3.17247e-06 7.06038e-05 0.00092689 0.00718509 0.0329987 0.0907926 0.155031 0.180908 0.171567 0.14769 0.108655 0.0634075 0.028465 0.0095343 0.00231358 0.000398942 4.80219e-05 3.94879e-06 2.16936e-07 7.80921e-09 1.81204e-10 2.67199e-12
 1.27962e-11 1.38891e-09 8.88918e-08 3.35469e-06 7.46603e-05 0.000980179 0.00759868 0.0348998 0.0959856 0.163417 0.188354 0.173127 0.142654 0.100783 0.0568606 0.0248414 0.00813532 0.00192559 0.000320397 3.66656e-05 2.82761e-06 1.442e-07 4.7825e-09 1.01668e-10 1.36808e-12
 1.20899e-11 1.31226e-09 8.39864e-08 3.16965e-06 7.05474e-05 0.00092639 0.00718647 0.0330709 0.0914591 0.157984 0.187773 0.179475 0.150096 0.10377 0.0559608 0.0231439 0.0071773 0.00161574 0.000256576 2.80244e-05 2.05476e-06 9.89467e-08 3.07405e-09 6.07555e-11 7.55351e-13
 1.28105e-11 1.39047e-09 8.89923e-08 3.35859e-06 7.47531e-05 0.000981618 0.00761439 0.0350254 0.0966793 0.165802 0.192987 0.177591 0.143563 0.0979632 0.0525283 0.0212954 0.00632845 0.00134173 0.000199055 2.02919e-05 1.39153e-06 6.27994e-08 1.82924e-09 3.38497e-11 3.92958e-13
 1.20866e-11 1.31191e-09 8.39654e-08 3.169e-06 7.05411e-05 0.0009266 0.007194 0.0331734 0.0921754 0.160677 0.193106 0.184372 0.150414 0.099878 0.0511886 0.0198278 0.00566028 0.00115271 0.000162906 1.56317e-05 9.98988e-07 4.17819e-08 1.12597e-09 1.92858e-11 2.07477e-13
 1.21994e-11 1.32416e-09 8.475e-08 3.19867e-06 7.12051e-05 0.00093543 0.00726439 0.033514 0.0931822 0.162414 0.19446 0.183968 0.148985 0.0989438 0.0505972 0.0192235 0.00527225 0.00101771 0.000135599 1.22458e-05 7.34933e-07 2.87498e-08 7.21008e-10 1.14389e-11 1.13596e-13
 1.08099e-11 1.17334e-09 7.50996e-08 2.83467e-06 6.31163e-05 0.000829675 0.00645387 0.0299081 0.0841254 0.150707 0.190041 0.191238 0.160334 0.106461 0.0535009 0.0198812 0.00531985 0.000995581 0.000127234 1.0892e-05 6.13892e-07 2.24233e-08 5.2343e-10 7.71427e-12 7.10391e-14
 1.09739e-11 1.19115e-09 7.62406e-08 2.87781e-06 6.40805e-05 0.000842441 0.00655428 0.0303766 0.085388 0.152423 0.190335 0.189118 0.158229 0.106323 0.0540485 0.0199983 0.00522817 0.00094341 0.000115398 9.40793e-06 5.02398e-07 1.72875e-08 3.77977e-10 5.19169e-12 4.43885e-14
 1.12555e-11 1.22173e-09 7.81993e-08 2.95188e-06 6.57369e-05 0.000864426 0.0067288 0.0312164 0.0878815 0.157006 0.195151 0.190593 0.155029 0.101197 0.0502787 0.0183115 0.00472633 0.000838804 9.99536e-05 7.84749e-06 3.995e-07 1.30069e-08 2.67659e-10 3.44646e-12 2.75318e-14
#pred catch len freq
 9.07925e-12 9.85466e-10 6.30697e-08 2.38006e-06 5.29597e-05 0.000694884 0.00537746 0.0245696 0.0666347 0.110138 0.124326 0.128998 0.144565 0.136287 0.0956161 0.0575742 0.03506 0.0218727 0.0141307 0.00972166 0.00725312 0.00594019 0.00506542 0.00387127 0.00224933
 9.34481e-12 1.01429e-09 6.49144e-08 2.44967e-06 5.45087e-05 0.000715211 0.00553486 0.0252908 0.0686192 0.113646 0.129327 0.136561 0.154761 0.144921 0.0983428 0.054905 0.0299047 0.0161158 0.00860707 0.00477189 0.00286396 0.00193862 0.00145529 0.0010534 0.000608061
 1.24192e-11 1.34799e-09 8.6271e-08 3.2556e-06 7.24415e-05 0.000950485 0.00735467 0.033585 0.0908314 0.148091 0.157793 0.141606 0.138085 0.121527 0.0791386 0.0413054 0.0205986 0.0100694 0.00470741 0.00215719 0.00100627 0.00051356 0.000304489 0.000192959 0.000105774
 1.22316e-11 1.32762e-09 8.49678e-08 3.20642e-06 7.13473e-05 0.000936131 0.00724377 0.0330822 0.0895226 0.146367 0.157852 0.146272 0.146855 0.128741 0.0797752 0.036772 0.0154372 0.00655243 0.0027228 0.00109182 0.000421726 0.000162398 6.84335e-05 3.31641e-05 1.58787e-05
 9.9429e-12 1.07921e-09 6.90691e-08 2.60646e-06 5.79975e-05 0.000760987 0.00588913 0.0269102 0.0730205 0.120996 0.137952 0.146125 0.165112 0.151319 0.0957264 0.0452477 0.0191597 0.00762728 0.0027377 0.000920475 0.000299859 9.39501e-05 2.89809e-05 9.57633e-06 3.44512e-06
 1.19787e-11 1.30017e-09 8.32106e-08 3.14011e-06 6.98718e-05 0.000916771 0.00709394 0.0323975 0.0876625 0.14327 0.15426 0.142427 0.143065 0.127496 0.0834456 0.0434132 0.0207669 0.0089544 0.00329582 0.0010585 0.000301942 7.78004e-05 1.8723e-05 4.37312e-06 1.04999e-06
 1.3315e-11 1.44521e-09 9.24933e-08 3.49041e-06 7.76663e-05 0.00101903 0.00788496 0.0360035 0.0973298 0.158345 0.167121 0.145933 0.137638 0.117857 0.0728562 0.0338324 0.0143741 0.00610377 0.00243276 0.000856601 0.000254042 6.25024e-05 1.29803e-05 2.35182e-06 3.90868e-07
 1.42405e-11 1.54567e-09 9.89227e-08 3.73304e-06 8.3065e-05 0.00108986 0.0084328 0.0385 0.104012 0.168672 0.175489 0.14689 0.13171 0.11001 0.0667776 0.0298235 0.0117219 0.00445853 0.00158416 0.000527309 0.000161574 4.25214e-05 9.07003e-06 1.53593e-06 2.09568e-07
 1.31058e-11 1.42251e-09 9.10406e-08 3.43559e-06 7.64465e-05 0.00100303 0.00776127 0.0354416 0.095851 0.156261 0.166418 0.149005 0.144086 0.123371 0.0736677 0.0308636 0.0108308 0.00368794 0.00119022 0.000354495 9.72615e-05 2.40868e-05 5.1772e-06 9.07948e-07 1.23144e-07
 1.39152e-11 1.51036e-09 9.6663e-08 3.64776e-06 8.11675e-05 0.00106497 0.00824026 0.0376228 0.101667 0.16507 0.172679 0.146922 0.134413 0.113392 0.069264 0.0311823 0.0121982 0.00438128 0.00134847 0.000359748 8.72203e-05 1.91256e-05 3.70188e-06 6.12529e-07 8.23947e-08
 1.35506e-11 1.47079e-09 9.41305e-08 3.5522e-06 7.90411e-05 0.00103707 0.00802454 0.0366409 0.099055 0.161166 0.17016 0.148689 0.140023 0.118684 0.0708158 0.0298084 0.0105704 0.00363916 0.00117118 0.000332868 8.05714e-05 1.6265e-05 2.7776e-06 4.04933e-07 4.9313e-08
 1.30752e-11 1.41919e-09 9.0828e-08 3.42757e-06 7.6268e-05 0.00100069 0.00774316 0.035359 0.0956288 0.155909 0.16609 0.148835 0.144089 0.123569 0.0740837 0.0313334 0.0110885 0.00369561 0.00111021 0.000296291 7.12955e-05 1.48592e-05 2.54384e-06 3.47865e-07 3.78664e-08
 1.37471e-11 1.49212e-09 9.54955e-08 3.60371e-06 8.01872e-05 0.00105211 0.0081408 0.0371698 0.100458 0.163234 0.171346 0.147265 0.136286 0.115379 0.0702301 0.0312596 0.0120374 0.00429116 0.00132053 0.000347216 7.95748e-05 1.57034e-05 2.62366e-06 3.60053e-07 3.88138e-08
 1.31132e-11 1.42331e-09 9.10914e-08 3.43751e-06 7.64892e-05 0.00100359 0.00776561 0.0354613 0.0959033 0.156339 0.166463 0.148954 0.143952 0.123258 0.0736624 0.0309378 0.0109006 0.00371211 0.00117813 0.000330754 7.93342e-05 1.56987e-05 2.53739e-06 3.33191e-07 3.48727e-08
 1.088e-11 1.18092e-09 7.55789e-08 2.85212e-06 6.34636e-05 0.000832703 0.00644388 0.0294395 0.0798067 0.131621 0.147227 0.149301 0.16247 0.145594 0.0886256 0.038124 0.0138399 0.00470282 0.00141856 0.000375889 8.92984e-05 1.83586e-05 3.09608e-06 4.11904e-07 4.22878e-08
 1.16569e-11 1.26524e-09 8.09755e-08 3.05577e-06 6.7995e-05 0.000892152 0.00690362 0.0315327 0.0853828 0.140029 0.153009 0.146676 0.152205 0.13527 0.0844449 0.0391184 0.0159553 0.00596046 0.00189331 0.000510085 0.000118415 2.33446e-05 3.86029e-06 5.22131e-07 5.52102e-08
 1.33579e-11 1.44987e-09 9.27913e-08 3.50166e-06 7.79165e-05 0.00102232 0.00791041 0.0361204 0.0976567 0.158962 0.168167 0.147802 0.14021 0.119623 0.072374 0.0316091 0.0119762 0.00440688 0.00149455 0.000444511 0.000111371 2.26979e-05 3.73049e-06 4.91565e-07 5.10756e-08
 1.36679e-11 1.48351e-09 9.49448e-08 3.58292e-06 7.97248e-05 0.00104604 0.00809394 0.0369574 0.0999058 0.162511 0.171398 0.149301 0.140021 0.118189 0.069843 0.0286095 0.00960893 0.00311045 0.000959452 0.00027276 7.00821e-05 1.53879e-05 2.72709e-06 3.75287e-07 3.92833e-08
 1.43006e-11 1.5522e-09 9.93404e-08 3.7488e-06 8.34157e-05 0.00109447 0.00846845 0.0386636 0.104465 0.169497 0.176763 0.148967 0.134432 0.111697 0.0658527 0.0270399 0.00906333 0.00284378 0.000807093 0.000202459 4.63089e-05 9.55166e-06 1.69924e-06 2.46234e-07 2.74421e-08
 1.38167e-11 1.49967e-09 9.59787e-08 3.62194e-06 8.0593e-05 0.00105743 0.00818206 0.0373596 0.100989 0.164243 0.173079 0.150377 0.140476 0.11787 0.0684951 0.0266915 0.00804326 0.00226253 0.000606518 0.000146475 3.12822e-05 5.78615e-06 9.192e-07 1.24139e-07 1.36859e-08
 1.42834e-11 1.55032e-09 9.92203e-08 3.74427e-06 8.33149e-05 0.00109314 0.00845823 0.0386173 0.104344 0.169335 0.176753 0.149354 0.13517 0.112293 0.0658743 0.0266171 0.00860433 0.002552 0.000666301 0.000147136 2.86335e-05 4.94012e-06 7.28845e-07 8.92186e-08 8.88406e-09
 1.47592e-11 1.60197e-09 1.02526e-07 3.86901e-06 8.60904e-05 0.00112956 0.00873987 0.0399005 0.107775 0.17461 0.180893 0.149392 0.13139 0.107632 0.062609 0.0249034 0.00784276 0.00229963 0.000617423 0.000143117 2.82763e-05 4.64809e-06 6.29482e-07 7.06037e-08 6.45413e-09
 1.48892e-11 1.61608e-09 1.03429e-07 3.90309e-06 8.68487e-05 0.00113951 0.00881684 0.0402516 0.108719 0.176106 0.182281 0.15011 0.131439 0.107082 0.0614313 0.0234502 0.00674539 0.0017724 0.000442897 9.93956e-05 1.96798e-05 3.32397e-06 4.58412e-07 5.01861e-08 4.29256e-09
 1.50426e-11 1.63273e-09 1.04495e-07 3.94331e-06 8.77437e-05 0.00115125 0.00890764 0.0406649 0.109819 0.177756 0.183377 0.149466 0.129228 0.104951 0.0607279 0.0238837 0.00731236 0.00203449 0.000502834 0.000104412 1.88304e-05 2.9931e-06 4.05072e-07 4.47405e-08 3.8671e-09
 1.46249e-11 1.5874e-09 1.01593e-07 3.83381e-06 8.53073e-05 0.00111928 0.00866043 0.039539 0.106814 0.173182 0.18001 0.150168 0.133656 0.109742 0.0631958 0.024279 0.00707517 0.00188065 0.000466209 0.00010078 1.86085e-05 2.85999e-06 3.59188e-07 3.69798e-08 3.0783e-09
 1.43845e-11 1.5613e-09 9.9923e-08 3.77078e-06 8.39049e-05 0.00110088 0.00851814 0.0388909 0.105085 0.170549 0.178073 0.150575 0.136214 0.112522 0.0646513 0.0245333 0.00692915 0.00175499 0.000413353 8.51144e-05 1.52961e-05 2.37e-06 3.02971e-07 3.08354e-08 2.44287e-09
 1.42776e-11 1.5497e-09 9.91804e-08 3.74276e-06 8.32814e-05 0.0010927 0.00845484 0.0386021 0.104307 0.16931 0.176889 0.149866 0.135998 0.112875 0.0657119 0.0259314 0.00797431 0.00222268 0.000544941 0.000110335 1.8927e-05 2.78736e-06 3.4358e-07 3.45542e-08 2.74603e-09
 1.43355e-11 1.55598e-09 9.95827e-08 3.75794e-06 8.36192e-05 0.00109714 0.00848912 0.0387581 0.104722 0.169933 0.177302 0.14962 0.135153 0.112039 0.0653888 0.0260476 0.00819866 0.00237876 0.000619342 0.000136088 2.50967e-05 3.78823e-06 4.56734e-07 4.39795e-08 3.35882e-09
#obs catch len freq
 9.78595e-12 1.06217e-09 6.79789e-08 2.56532e-06 5.70821e-05 0.000748973 0.005796 0.0264799 0.0717739 0.118194 0.130978 0.129409 0.139823 0.135646 0.105003 0.0692377 0.0393796 0.0182447 0.00673379 0.00196666 0.000442605 7.40858e-05 8.9142e-06 7.46585e-07 4.22832e-08
 1.00288e-11 1.08853e-09 6.96658e-08 2.62898e-06 5.84986e-05 0.000767563 0.00593996 0.0271393 0.0735746 0.121199 0.134192 0.131523 0.139914 0.133957 0.102649 0.0668125 0.0372784 0.0168518 0.00602604 0.00168875 0.000361052 5.6908e-05 6.40143e-06 4.98433e-07 2.61319e-08
 7.09554e-12 7.70154e-10 4.92898e-08 1.86005e-06 4.13895e-05 0.000543107 0.00420418 0.0192351 0.0524842 0.0889834 0.10936 0.131407 0.161268 0.160255 0.122697 0.0787943 0.0430326 0.0189438 0.00656107 0.00176793 0.000360435 5.37093e-05 5.66566e-06 4.10912e-07 1.99644e-08
 1.75167e-11 1.90127e-09 1.21681e-07 4.59186e-06 0.000102175 0.00134057 0.0103718 0.0473317 0.127563 0.204243 0.199713 0.13385 0.0842598 0.064585 0.0524311 0.0380295 0.0220875 0.00975346 0.00329086 0.000852148 0.000165591 2.33576e-05 2.31697e-06 1.57052e-07 7.09354e-09
 7.49445e-12 8.13453e-10 5.2061e-08 1.96464e-06 4.37173e-05 0.00057369 0.00444222 0.0203498 0.0558208 0.0965863 0.125606 0.160704 0.193526 0.170071 0.100382 0.0440119 0.0176557 0.00701788 0.00242446 0.000641215 0.000122682 1.65754e-05 1.55166e-06 9.84768e-08 4.14369e-09
 1.32425e-11 1.43734e-09 9.19899e-08 3.47142e-06 7.72439e-05 0.0010135 0.00784245 0.0358114 0.0967872 0.156915 0.161684 0.129059 0.110474 0.104389 0.0898872 0.0618796 0.0306227 0.0104111 0.00255076 0.000500328 8.20234e-05 1.04491e-05 9.43184e-07 5.71711e-08 2.2667e-09
 1.11842e-11 1.21394e-09 7.7692e-08 2.93187e-06 6.52393e-05 0.00085605 0.00662603 0.0302965 0.0823551 0.136819 0.15424 0.151328 0.150358 0.126824 0.0816611 0.044186 0.0218418 0.00906765 0.00278583 0.000591877 8.59647e-05 8.74723e-06 6.41038e-07 3.36513e-08 1.21665e-09
 1.58658e-11 1.72208e-09 1.10213e-07 4.15911e-06 9.25461e-05 0.00121428 0.00939613 0.0429054 0.115931 0.187586 0.190996 0.144479 0.108117 0.0842932 0.0584277 0.033727 0.0154963 0.00546469 0.00149559 0.000318304 4.99359e-05 5.39671e-06 3.8599e-07 1.80573e-08 5.53905e-10
 1.28998e-11 1.40015e-09 8.96094e-08 3.3816e-06 7.52467e-05 0.00098737 0.00764251 0.0349416 0.0949132 0.156941 0.172886 0.158635 0.14426 0.112961 0.0666542 0.0311045 0.0124518 0.00418832 0.00110342 0.000217194 3.11203e-05 3.17238e-06 2.23195e-07 1.04602e-08 3.16695e-10
 1.37888e-11 1.49665e-09 9.57855e-08 3.61467e-06 8.04326e-05 0.0010554 0.00816848 0.0373327 0.101233 0.166093 0.177578 0.151624 0.129475 0.103677 0.0679382 0.0356228 0.0145304 0.00440621 0.000989903 0.000168534 2.16417e-05 2.01502e-06 1.30216e-07 5.65453e-09 1.61117e-10
 1.38672e-11 1.50516e-09 9.63299e-08 3.63522e-06 8.08903e-05 0.00106143 0.00821575 0.037559 0.101944 0.167782 0.180859 0.156068 0.132129 0.101752 0.0629779 0.0315599 0.0128556 0.00404215 0.000935018 0.000154992 1.81205e-05 1.47939e-06 8.3584e-08 3.21777e-09 8.25283e-11
 1.25971e-11 1.36729e-09 8.75068e-08 3.30227e-06 7.34826e-05 0.00096428 0.00746535 0.0341559 0.0929894 0.154739 0.17264 0.159675 0.143606 0.112583 0.0692198 0.0338021 0.0131441 0.00391396 0.000866665 0.000140187 1.61268e-05 1.27737e-06 6.7867e-08 2.37757e-09 5.43029e-11
 1.39519e-11 1.51435e-09 9.69182e-08 3.65743e-06 8.13853e-05 0.00106796 0.00826714 0.0378059 0.102703 0.169341 0.182759 0.156404 0.129944 0.0997804 0.0629796 0.0318184 0.0124921 0.00364568 0.000773904 0.000118474 1.28648e-05 9.66554e-07 4.89774e-08 1.63607e-09 3.53399e-11
 1.34108e-11 1.45562e-09 9.31599e-08 3.51561e-06 7.82308e-05 0.00102662 0.00794871 0.0363756 0.0990659 0.164724 0.182086 0.162554 0.138021 0.103 0.0611313 0.0290154 0.0109966 0.00318383 0.000675348 0.000101998 1.07021e-05 7.63341e-07 3.63478e-08 1.13698e-09 2.30084e-11
 1.12533e-11 1.22144e-09 7.81725e-08 2.95006e-06 6.56481e-05 0.000861611 0.00667429 0.0305964 0.0838451 0.142385 0.167164 0.16644 0.155271 0.12124 0.0735167 0.0348559 0.0127744 0.00349562 0.000698958 0.000100612 1.01749e-05 7.01348e-07 3.20803e-08 9.54213e-10 1.81808e-11
 9.2152e-12 1.00023e-09 6.4015e-08 2.41581e-06 5.37621e-05 0.000705731 0.00547007 0.0251287 0.0693597 0.120541 0.150252 0.164436 0.166422 0.138847 0.0903729 0.0455066 0.0171687 0.00468591 0.000910571 0.000124748 1.18576e-05 7.66037e-07 3.29447e-08 9.25176e-10 1.66735e-11
 1.21892e-11 1.32302e-09 8.46739e-08 3.19541e-06 7.11079e-05 0.00093325 0.00722829 0.0331132 0.0904462 0.151511 0.17003 0.155317 0.137557 0.112931 0.0772702 0.0413748 0.0164529 0.00468397 0.000935198 0.000128666 1.19721e-05 7.40671e-07 3.00336e-08 7.88075e-10 1.32213e-11
 1.18663e-11 1.28798e-09 8.24315e-08 3.11082e-06 6.92289e-05 0.000908729 0.007042 0.0323151 0.088757 0.151183 0.176614 0.169757 0.148887 0.110532 0.0657589 0.0316947 0.0121477 0.00350027 0.000719241 0.000101424 9.54716e-06 5.87901e-07 2.33276e-08 5.89379e-10 9.38953e-12
 1.25712e-11 1.36449e-09 8.73281e-08 3.29562e-06 7.33416e-05 0.000962715 0.00746005 0.0342239 0.093867 0.158938 0.182125 0.168634 0.143431 0.105876 0.062545 0.0287159 0.0100002 0.00258379 0.00048736 6.54319e-05 6.027e-06 3.67446e-07 1.44315e-08 3.58508e-10 5.56411e-12
 1.18742e-11 1.28883e-09 8.24866e-08 3.11297e-06 6.92805e-05 0.000909562 0.00705192 0.0324047 0.0893165 0.153323 0.181197 0.174771 0.150927 0.10903 0.0619227 0.027288 0.00911548 0.00222994 0.000389327 4.75905e-05 3.9919e-06 2.24655e-07 8.28837e-09 1.96195e-10 2.92611e-12
 1.22716e-11 1.33197e-09 8.52478e-08 3.21719e-06 7.16011e-05 0.000940061 0.00728882 0.0334939 0.0922721 0.1579 0.18446 0.173764 0.146988 0.105769 0.0601549 0.0261519 0.00842709 0.00195594 0.000320721 3.64985e-05 2.82272e-06 1.45218e-07 4.87751e-09 1.05282e-10 1.44068e-12
 1.29922e-11 1.41019e-09 9.02541e-08 3.40615e-06 7.58078e-05 0.000995328 0.00771782 0.0354658 0.0976526 0.166543 0.191981 0.175036 0.141514 0.0976586 0.0536486 0.022677 0.00713477 0.00161247 0.000254714 2.75249e-05 1.9949e-06 9.52206e-08 2.94573e-09 5.82452e-11 7.27322e-13
 1.23103e-11 1.33618e-09 8.5518e-08 3.2275e-06 7.1838e-05 0.000943442 0.00732078 0.0337104 0.0933452 0.161503 0.191753 0.181339 0.14849 0.100152 0.0525394 0.0210077 0.00625415 0.00134301 0.00020223 2.08309e-05 1.43371e-06 6.45645e-08 1.87007e-09 3.43695e-11 3.96513e-13
 1.30514e-11 1.41662e-09 9.06665e-08 3.42183e-06 7.61639e-05 0.00100025 0.00776093 0.0357199 0.098702 0.169478 0.196965 0.179287 0.141804 0.0942387 0.0490423 0.0191817 0.00546469 0.00110428 0.00015525 1.49146e-05 9.5924e-07 4.04457e-08 1.0974e-09 1.88708e-11 2.03189e-13
 1.23433e-11 1.33977e-09 8.57496e-08 3.2364e-06 7.20458e-05 0.000946499 0.00735092 0.0339206 0.0943655 0.164669 0.197357 0.185963 0.148205 0.0957868 0.0476299 0.0177882 0.00486197 0.00094223 0.00012602 1.13861e-05 6.82134e-07 2.66445e-08 6.68518e-10 1.06344e-11 1.06043e-13
 1.24706e-11 1.35359e-09 8.6635e-08 3.2699e-06 7.27955e-05 0.000956468 0.0074303 0.0343032 0.0954849 0.166566 0.198806 0.185549 0.146693 0.0946821 0.0468773 0.0171411 0.00449631 0.000825341 0.000103989 8.83443e-06 4.96574e-07 1.81297e-08 4.23153e-10 6.23367e-12 5.73727e-14
 1.10933e-11 1.20412e-09 7.70707e-08 2.90919e-06 6.47816e-05 0.00085175 0.00662868 0.0307459 0.0865984 0.155224 0.194805 0.192937 0.157753 0.101781 0.0494967 0.0176838 0.00451912 0.000803009 9.69277e-05 7.79968e-06 4.11514e-07 1.40222e-08 3.0449e-10 4.16504e-12 3.55345e-14
 1.12688e-11 1.22317e-09 7.8291e-08 2.95534e-06 6.58134e-05 0.000865417 0.0067362 0.0312471 0.0879452 0.157054 0.195192 0.190919 0.155703 0.101497 0.049819 0.0176908 0.00441188 0.000755198 8.71629e-05 6.67289e-06 3.33286e-07 1.0692e-08 2.17387e-10 2.77076e-12 2.19447e-14
#spawning biomass
 17741.1 16801.7 16071.8 20079.7 22601.3 23925.3 30114.5 45039.9 59186.5 84372.8 104981 123523 164089 189384 181589 148198 128532 126357 135208 127157 133695 144061 146068 174209 178750 161942 170566 186397 200162 160887 49455.7 20199.5 13763.9 12491.8 12257.4 12216.3 12209.3 12208.2 12208 12208 12207.9 12207.9 12207.9 12207.9 12207.9 12207.9 12207.9 12207.9 12207.9 12207.9 12207.9 12207.9 12207.9 12207.9 12207.9 12207.9 12207.9 12207.9 12207.9 12207.9 12207.9 12207.9 12207.9 12207.9 12207.9 12207.9 12207.9 12207.9 12207.9 12207.9 12207.9 12207.9 12207.9 12207.9 12207.9 12207.9 12207.9 12207.9 12207.9 12207.9 12207.9 12207.9 12207.9 12207.9 12207.9 12207.9 12207.9 12207.9 12207.9 12207.9 12207.9 12207.9 12207.9 12207.9 12207.9 12207.9 12207.9 12207.9 12207.9 12207.9 12207.9 12207.9 12207.9 12207.9 12207.9 12207.9 12207.9 12207.9 12207.9 12207.9 12207.9 12207.9 12207.9 12207.9 12207.9 12207.9 12207.9 12207.9 12207.9 12207.9 12207.9 12207.9 12207.9 12207.9 12207.9 12207.9 12207.9 12207.9 0 0 0 0 0 0 0 0 0 0 0 0 0 0 0 0 0 0 0 0 0 0 0 0 0
