SBPRF35
0.116565
Curr Bio
53870.3
B35
109349
F35
0.458623
FOFL
0.227559
OFL
26828.3
Bzero
33304.2
#pred survey bio
 7147.3 8185.94 8580.94 8095.38 10966.5 15695 16282.5 19854.7 32671.5 49886.9 69557.3 90409.1 116291 140977 147608 140462 121884 119486 121560 131050 130941 134565 147919 152529 169853 188305 191397 175715 6.3224e+06 3.59177e+06 2.30873e+06 1.39739e+06 914711 685795 582101 535617 514513 504662 499898 497508 496269 495608 495249 495049 494938 494876 494841 494821 494810 494804 494800 494798 494797 494796 494796 494795 494795 494795 494795 494795 494795 494795 494795 494795 494795 494795 494795 494795 494795 494795 494795 494795 494795 494795 494795 494795 494795 494795 494795 494795 494795 494795 494795 494795 494795 494795 494795 494795 494795 494795 494795 494795 494795 494795 494795 494795 494795 494795 494795 494795 494795 494795 494795 494795 494795 494795 494795 494795 494795 494795 494795 494795 494795 494795 494795 494795 494795 494795 494795 494795 494795 494795 494795 494795 494795 494795 494795 494795 0 0 0 0 0 0 0 0 0 0 0 0 0 0 0 0 0 0 0 0 0 0 0 0 0
#obs survey bio
 6395.75 7381.32 10099.4 8999.68 15376.2 16583.6 13441.4 35926.4 44815.4 56332.8 54350.4 93511.7 136754 110454 165891 100122 115903 109143 96223.3 142864 134555 116980 201270 134802 112523 170182 220840 140942
#pred catch bio
 3847.49 5306.79 5883.03 5143.9 6249.52 10185.4 10719.5 12021.1 20397.2 31284.8 45957.6 61042.2 78858.9 94648.6 100175 102455 85405.9 82023.6 79545.8 88124.4 86494 86219.3 98808.5 100348 109123 117614 123818 104235 26828.3 48764.6 29601 17090.1 10858.6 8107.49 6975.03 6528.81 6357.91 6293.67 6269.84 6261.07 6257.86 6256.69 6256.27 6256.12 6256.06 6256.04 6256.03 6256.03 6256.03 6256.03 6256.03 6256.03 6256.03 6256.03 6256.03 6256.03 6256.03 6256.03 6256.03 6256.03 6256.03 6256.03 6256.03 6256.03 6256.03 6256.03 6256.03 6256.03 6256.03 6256.03 6256.03 6256.03 6256.03 6256.03 6256.03 6256.03 6256.03 6256.03 6256.03 6256.03 6256.03 6256.03 6256.03 6256.03 6256.03 6256.03 6256.03 6256.03 6256.03 6256.03 6256.03 6256.03 6256.03 6256.03 6256.03 6256.03 6256.03 6256.03 6256.03 6256.03 6256.03 6256.03 6256.03 6256.03 6256.03 6256.03 6256.03 6256.03 6256.03 6256.03 6256.03 6256.03 6256.03 6256.03 6256.03 6256.03 6256.03 6256.03 6256.03 6256.03 6256.03 6256.03 6256.03 6256.03 6256.03 6256.03 6256.03 6256.03 0 0 0 0 0 0 0 0 0 0 0 0 0 0 0 0 0 0 0 0 0 0 0 0 0
#obs catch bio
 4363.56 5429.16 5902.13 5114.93 6057.65 9764.35 10741.7 11636.1 19778 30808.6 45921 60537.7 78920.6 95727.7 101901 106976 87677.5 83076.2 80476.9 88539 85685.6 86292.2 98611.7 101937 112298 118298 123191 104070
#pred cpue bio
 6749.02 7470.63 7865.91 7418.95 9887.8 14337.1 14962.1 17937.2 29351 44980.8 63026.5 81678.2 104932 127723 135272 128915 111106 109006 110938 119917 119919 123255 135340 139465 154769 172459 176996 162363 5.85814e+06 3.6386e+06 2.30197e+06 1.38174e+06 898274 669300 565602 519117 498013 488162 483398 481008 479769 479108 478749 478549 478439 478376 478341 478321 478310 478304 478300 478298 478297 478296 478296 478295 478295 478295 478295 478295 478295 478295 478295 478295 478295 478295 478295 478295 478295 478295 478295 478295 478295 478295 478295 478295 478295 478295 478295 478295 478295 478295 478295 478295 478295 478295 478295 478295 478295 478295 478295 478295 478295 478295 478295 478295 478295 478295 478295 478295 478295 478295 478295 478295 478295 478295 478295 478295 478295 478295 478295 478295 478295 478295 478295 478295 478295 478295 478295 478295 478295 478295 478295 478295 478295 478295 478295 478295 0 0 0 0 0 0 0 0 0 0 0 0 0 0 0 0 0 0 0 0 0 0 0 0 0
#obs cpue bio
 6865.07 5521.42 7385.25 7616.48 14783.4 27691.3 11856.8 23011.1 33382.6 42900.4 73562.6 97123.1 81859.9 127830 87715.6 86540.3 79864 108007 111246 113437 148467 124268 109601 103900 134154 212169 190029 191511
#pred surv len freq
 2.14654e-27 2.17506e-27 6.7987e-27 1.58213e-21 9.40951e-17 1.28658e-12 4.04439e-09 2.92289e-06 0.000485634 0.0185509 0.162915 0.328928 0.153063 0.0265055 0.0627678 0.0880344 0.0355954 0.0279937 0.0247885 0.0165753 0.0138494 0.0118833 0.0121534 0.0112123 0.00469496
 2.14892e-27 2.18202e-27 7.5873e-27 1.84972e-21 1.1001e-16 1.50419e-12 4.72844e-09 3.41725e-06 0.000567772 0.0216885 0.190469 0.384561 0.178829 0.0277187 0.0534114 0.0745447 0.0273005 0.0134193 0.0105859 0.00555788 0.0037991 0.00265205 0.0022439 0.00187409 0.000773963
 2.14814e-27 2.18025e-27 7.40403e-27 1.78754e-21 1.06312e-16 1.45363e-12 4.56949e-09 3.30238e-06 0.000548686 0.0209594 0.184067 0.371635 0.172915 0.0293892 0.0675065 0.0943132 0.0330506 0.0115901 0.00803686 0.00296341 0.00141758 0.00072176 0.000450373 0.000310878 0.000121169
 2.14812e-27 2.18024e-27 7.4069e-27 1.78853e-21 1.06371e-16 1.45443e-12 4.57202e-09 3.30421e-06 0.00054899 0.020971 0.184169 0.37184 0.173005 0.0292335 0.0664941 0.0929308 0.0331976 0.0136573 0.00960132 0.00288572 0.00096352 0.000308592 0.000115769 5.5766e-05 1.89822e-05
 2.14959e-27 2.18387e-27 7.79281e-27 1.91945e-21 1.14157e-16 1.56089e-12 4.90668e-09 3.54607e-06 0.000589175 0.0225061 0.197649 0.399057 0.185536 0.0278766 0.0500077 0.069695 0.0250289 0.0107205 0.00768002 0.00250827 0.000873999 0.000211088 4.31056e-05 1.06449e-05 2.63022e-06
 2.14841e-27 2.18095e-27 7.47967e-27 1.8132e-21 1.07838e-16 1.47449e-12 4.63509e-09 3.34979e-06 0.000556563 0.0212603 0.186709 0.376969 0.175376 0.0292371 0.0649701 0.0907354 0.0317758 0.0110689 0.00758094 0.00254027 0.000931149 0.000238024 4.15258e-05 5.17758e-06 6.30512e-07
 2.14784e-27 2.17957e-27 7.33665e-27 1.7647e-21 1.04953e-16 1.43505e-12 4.5111e-09 3.26019e-06 0.000541675 0.0206916 0.181715 0.366886 0.170724 0.0294825 0.0695075 0.097179 0.0347109 0.0142662 0.0100248 0.00300036 0.000965541 0.000250959 4.57461e-05 4.93507e-06 3.12659e-07
 2.14942e-27 2.18346e-27 7.74991e-27 1.90489e-21 1.13291e-16 1.54906e-12 4.86948e-09 3.51919e-06 0.000584708 0.0223354 0.196151 0.396032 0.184142 0.0279877 0.0515978 0.0719428 0.0259094 0.0113277 0.00814735 0.00265753 0.000923178 0.000217756 3.64372e-05 3.93594e-06 2.16279e-07
 2.14988e-27 2.18455e-27 7.86231e-27 1.94301e-21 1.15558e-16 1.58005e-12 4.96691e-09 3.5896e-06 0.000596406 0.0227823 0.200075 0.403955 0.187802 0.0278973 0.0486578 0.0677469 0.0237225 0.0082563 0.00566119 0.00191751 0.000710608 0.000181386 3.08292e-05 3.07526e-06 1.60029e-07
 2.14956e-27 2.18377e-27 7.77776e-27 1.91432e-21 1.13852e-16 1.55672e-12 4.89357e-09 3.5366e-06 0.000587601 0.0224459 0.197121 0.397991 0.18506 0.0283069 0.0529558 0.0737889 0.0256416 0.00828299 0.00547982 0.00163835 0.000529156 0.000138989 2.54747e-05 2.66082e-06 1.34302e-07
 2.14914e-27 2.18274e-27 7.66886e-27 1.87738e-21 1.11655e-16 1.52668e-12 4.79915e-09 3.46836e-06 0.000576262 0.0220128 0.193318 0.390312 0.181521 0.0286221 0.0571947 0.079776 0.0279238 0.00967238 0.00649752 0.00186781 0.000551429 0.000127242 2.14193e-05 2.32545e-06 1.23727e-07
 2.1494e-27 2.18339e-27 7.73824e-27 1.90092e-21 1.13055e-16 1.54582e-12 4.85931e-09 3.51184e-06 0.000583487 0.0222888 0.195741 0.395205 0.183772 0.0283221 0.0538884 0.0751251 0.0264088 0.00951344 0.00648019 0.00192593 0.000590371 0.00012988 1.94185e-05 1.88713e-06 9.82489e-08
 2.1495e-27 2.18363e-27 7.763e-27 1.90931e-21 1.13554e-16 1.55265e-12 4.88078e-09 3.52735e-06 0.000586065 0.0223873 0.196606 0.396951 0.184579 0.0283115 0.0532975 0.0742785 0.0259219 0.00873232 0.00585685 0.00177551 0.000563894 0.000128303 1.92699e-05 1.72737e-06 8.05124e-08
 2.14915e-27 2.18276e-27 7.67056e-27 1.87795e-21 1.11689e-16 1.52715e-12 4.80061e-09 3.46942e-06 0.000576439 0.0220196 0.193377 0.390431 0.181578 0.0286648 0.0574189 0.080083 0.0279069 0.009267 0.00616686 0.00180712 0.000550648 0.000127426 1.98682e-05 1.81331e-06 8.12349e-08
 2.1481e-27 2.18018e-27 7.39764e-27 1.78537e-21 1.06183e-16 1.45186e-12 4.56395e-09 3.29838e-06 0.000548021 0.020934 0.183844 0.371184 0.172712 0.0295292 0.0684971 0.0957123 0.0336159 0.0120113 0.00814516 0.0023701 0.000708423 0.000158422 2.41481e-05 2.25095e-06 1.03253e-07
 2.14797e-27 2.17987e-27 7.36867e-27 1.77556e-21 1.056e-16 1.44389e-12 4.53887e-09 3.28026e-06 0.00054501 0.020819 0.182834 0.369145 0.171762 0.029338 0.0679445 0.094982 0.0340178 0.0142717 0.0100864 0.00304729 0.00095679 0.00021325 3.16433e-05 2.86753e-06 1.31303e-07
 2.14861e-27 2.18146e-27 7.53623e-27 1.8324e-21 1.0898e-16 1.4901e-12 4.68416e-09 3.38526e-06 0.000562455 0.0214854 0.188686 0.38096 0.177207 0.0288534 0.0614249 0.0857717 0.0304794 0.0120402 0.00848465 0.00279125 0.000981351 0.00023019 3.5346e-05 3.17354e-06 1.4169e-07
 2.14853e-27 2.18126e-27 7.51348e-27 1.82468e-21 1.08521e-16 1.48382e-12 4.66442e-09 3.37099e-06 0.000560085 0.0213949 0.187891 0.379355 0.176471 0.0290397 0.0630463 0.0880399 0.0310477 0.0115069 0.00795647 0.00253825 0.000881817 0.000225198 3.83092e-05 3.62405e-06 1.64071e-07
 2.1485e-27 2.18118e-27 7.50613e-27 1.82218e-21 1.08372e-16 1.4818e-12 4.65805e-09 3.36639e-06 0.00055932 0.0213657 0.187634 0.378837 0.176231 0.0290162 0.0630589 0.0880677 0.0311979 0.0120087 0.00834513 0.00257255 0.000849815 0.000211567 3.70033e-05 3.82812e-06 1.86807e-07
 2.14825e-27 2.18058e-27 7.44266e-27 1.80066e-21 1.07092e-16 1.46429e-12 4.60302e-09 3.32662e-06 0.000552713 0.0211132 0.185418 0.374362 0.174168 0.029168 0.0653342 0.0912855 0.0324753 0.0129401 0.00908649 0.00285985 0.000960442 0.000230974 3.86594e-05 4.00687e-06 2.06944e-07
 2.14818e-27 2.18039e-27 7.42287e-27 1.79395e-21 1.06693e-16 1.45883e-12 4.58587e-09 3.31422e-06 0.000550652 0.0210345 0.184726 0.372966 0.173524 0.0291978 0.0659368 0.0921402 0.0328487 0.0133107 0.00940216 0.0030153 0.00104101 0.000255323 4.26011e-05 4.26213e-06 2.16625e-07
 2.14816e-27 2.18036e-27 7.42093e-27 1.79329e-21 1.06654e-16 1.4583e-12 4.58419e-09 3.31301e-06 0.000550451 0.0210269 0.184659 0.37283 0.173459 0.02916 0.0657469 0.0918795 0.0328489 0.0136065 0.00966831 0.00313257 0.00109983 0.000275916 4.73009e-05 4.77282e-06 2.38286e-07
 2.14827e-27 2.18063e-27 7.44937e-27 1.80294e-21 1.07228e-16 1.46615e-12 4.60886e-09 3.33084e-06 0.000553414 0.02114 0.185653 0.374836 0.174382 0.0290276 0.0643341 0.089893 0.0322148 0.0135853 0.00970546 0.0031867 0.00113888 0.000289894 5.08218e-05 5.26151e-06 2.66882e-07
 2.14833e-27 2.18077e-27 7.46347e-27 1.80772e-21 1.07512e-16 1.47004e-12 4.62108e-09 3.33967e-06 0.00055488 0.0211961 0.186145 0.37583 0.174843 0.029062 0.064245 0.0897528 0.0319655 0.0128544 0.00910064 0.00301594 0.00109324 0.000282735 5.05615e-05 5.34592e-06 2.77663e-07
 2.14865e-27 2.18156e-27 7.54754e-27 1.83624e-21 1.09208e-16 1.49323e-12 4.69398e-09 3.39235e-06 0.000563634 0.0215304 0.189081 0.381759 0.177573 0.0287773 0.0607199 0.0847848 0.0302246 0.012242 0.00865235 0.00279359 0.000985993 0.000256913 4.67537e-05 5.04287e-06 2.67511e-07
 2.14817e-27 2.18037e-27 7.42045e-27 1.79312e-21 1.06644e-16 1.45816e-12 4.58376e-09 3.3127e-06 0.000550399 0.0210249 0.184642 0.372795 0.173447 0.0292696 0.0664267 0.0928192 0.0329302 0.0128361 0.00899962 0.00291641 0.0010266 0.000261105 4.67909e-05 5.10213e-06 2.75807e-07
 2.1472e-27 2.17801e-27 7.17215e-27 1.7089e-21 1.01635e-16 1.38968e-12 4.36847e-09 3.15711e-06 0.000524549 0.0200374 0.17597 0.355287 0.165377 0.0299049 0.0755821 0.105762 0.0380216 0.0164062 0.0117282 0.00372575 0.00128171 0.000325163 5.75733e-05 6.16452e-06 3.32891e-07
 2.1473e-27 2.17826e-27 7.20259e-27 1.71925e-21 1.0225e-16 1.39809e-12 4.39491e-09 3.17621e-06 0.000527723 0.0201587 0.177034 0.357436 0.166356 0.0295234 0.0726051 0.101609 0.03713 0.0179173 0.0131753 0.00442766 0.00161315 0.00040435 7.02906e-05 7.4467e-06 3.96482e-07
#obs surv len freq
 1.235e-39 6.04449e-33 6.80136e-27 1.75945e-21 1.04641e-16 1.43078e-12 4.49765e-09 3.25046e-06 0.000540069 0.02063 0.181172 0.365792 0.17021 0.0292694 0.0685365 0.0958437 0.0346716 0.0156519 0.0114438 0.00405357 0.00161036 0.00046255 9.63166e-05 1.23457e-05 8.0931e-07
 1.31252e-39 6.42389e-33 7.22827e-27 1.86989e-21 1.11209e-16 1.52058e-12 4.77997e-09 3.45449e-06 0.000573969 0.0219249 0.192544 0.388751 0.180787 0.0282608 0.05546 0.077396 0.0279521 0.0124736 0.00907458 0.00314799 0.00122277 0.000347261 7.11022e-05 8.89137e-06 5.66056e-07
 1.16226e-39 5.68844e-33 6.40072e-27 1.65581e-21 9.8477e-17 1.3465e-12 4.23272e-09 3.059e-06 0.000508257 0.0194147 0.1705 0.344246 0.160305 0.0307798 0.0842512 0.117919 0.0414439 0.0149166 0.0103349 0.00355281 0.00136061 0.000377781 7.56477e-05 9.29076e-06 5.78234e-07
 1.3467e-39 6.59116e-33 7.41648e-27 1.91857e-21 1.14105e-16 1.56018e-12 4.90443e-09 3.54444e-06 0.000588913 0.0224957 0.197558 0.398873 0.185439 0.0275377 0.0479948 0.0669205 0.0249042 0.0133996 0.00991532 0.00303006 0.00100832 0.000271997 5.33071e-05 6.38884e-06 3.89294e-07
 1.39274e-39 6.81649e-33 7.67003e-27 1.98416e-21 1.18006e-16 1.61351e-12 5.0721e-09 3.66561e-06 0.000609047 0.0232648 0.204312 0.412509 0.191743 0.0275398 0.0438978 0.061024 0.0211605 0.0067021 0.00455646 0.00175056 0.000716405 0.000176256 3.08097e-05 3.54922e-06 2.11014e-07
 1.26788e-39 6.20539e-33 6.9824e-27 1.80628e-21 1.07426e-16 1.46886e-12 4.61738e-09 3.33699e-06 0.000554445 0.0211791 0.185995 0.375529 0.174724 0.0296082 0.0676707 0.0944965 0.0324912 0.0093688 0.00595157 0.00170286 0.00053597 0.000156054 3.03668e-05 3.21932e-06 1.77777e-07
 1.2717e-39 6.22408e-33 7.00343e-27 1.81172e-21 1.0775e-16 1.47329e-12 4.63129e-09 3.34704e-06 0.000556115 0.0212429 0.186555 0.37666 0.175224 0.0289904 0.0635582 0.0888011 0.0318674 0.0135605 0.009507 0.00259507 0.000696298 0.000153424 2.64247e-05 3.09226e-06 1.7178e-07
 1.42064e-39 6.95306e-33 7.8237e-27 2.02392e-21 1.2037e-16 1.64584e-12 5.17372e-09 3.73906e-06 0.00062125 0.0237309 0.208405 0.420773 0.195541 0.0269314 0.0376931 0.0523179 0.0186344 0.00749998 0.00531616 0.00176844 0.000613647 0.000129628 1.77908e-05 1.69441e-06 9.24052e-08
 1.41901e-39 6.94505e-33 7.81468e-27 2.02158e-21 1.20231e-16 1.64394e-12 5.16775e-09 3.73475e-06 0.000620533 0.0237036 0.208165 0.420289 0.195332 0.0273359 0.0403083 0.0559398 0.0190399 0.00485867 0.00299358 0.000965764 0.000341984 8.73675e-05 1.41125e-05 1.2094e-06 5.3643e-08
 1.34453e-39 6.58052e-33 7.40451e-27 1.91548e-21 1.13921e-16 1.55766e-12 4.89651e-09 3.53872e-06 0.000587963 0.0224594 0.197239 0.39823 0.185178 0.0285025 0.0540786 0.0753393 0.0257527 0.00692621 0.00425058 0.00109806 0.000275556 6.64323e-05 1.17055e-05 1.17698e-06 5.36504e-08
 1.31788e-39 6.45009e-33 7.25775e-27 1.87751e-21 1.11663e-16 1.52678e-12 4.79946e-09 3.46858e-06 0.000576309 0.0220143 0.193329 0.390337 0.181534 0.0286524 0.0573726 0.0800246 0.027984 0.00960234 0.00637883 0.00168335 0.000416207 7.96583e-05 1.0722e-05 1.0584e-06 5.36827e-08
 1.35836e-39 6.64825e-33 7.48072e-27 1.93519e-21 1.15093e-16 1.57369e-12 4.94691e-09 3.57514e-06 0.000594015 0.0226906 0.199269 0.402328 0.187052 0.0279646 0.0495599 0.0690258 0.0242815 0.00880156 0.0060028 0.00177668 0.000530562 0.000105147 1.2799e-05 9.90332e-07 4.35935e-08
 1.33463e-39 6.5321e-33 7.35002e-27 1.90138e-21 1.13082e-16 1.5462e-12 4.86048e-09 3.51268e-06 0.000583636 0.0222942 0.195787 0.395299 0.183821 0.0284556 0.0546757 0.0762101 0.0264524 0.00844716 0.00558369 0.00170185 0.000543805 0.000122162 1.72069e-05 1.32081e-06 4.94413e-08
 1.29051e-39 6.31614e-33 7.10702e-27 1.83852e-21 1.09344e-16 1.49508e-12 4.69979e-09 3.39655e-06 0.000564341 0.0215571 0.189314 0.382231 0.177801 0.0290277 0.0621066 0.0866982 0.0303473 0.0105134 0.00705918 0.00202068 0.000595218 0.000137532 2.13392e-05 1.86647e-06 7.49313e-08
 1.16753e-39 5.71423e-33 6.42974e-27 1.66331e-21 9.89235e-17 1.3526e-12 4.25191e-09 3.07286e-06 0.000510561 0.0195028 0.171273 0.345806 0.16102 0.0305955 0.082656 0.115699 0.0410714 0.0160757 0.0111735 0.00332948 0.00102238 0.000224086 3.32497e-05 3.0667e-06 1.36768e-07
 1.27142e-39 6.22272e-33 7.0019e-27 1.81133e-21 1.07726e-16 1.47296e-12 4.63027e-09 3.34631e-06 0.000555994 0.0212382 0.186514 0.376577 0.175169 0.0285457 0.0608686 0.0850786 0.0314729 0.0163666 0.0121084 0.00385515 0.00129878 0.000298211 4.47316e-05 3.97215e-06 1.78116e-07
 1.23144e-39 6.02706e-33 6.78175e-27 1.75437e-21 1.04339e-16 1.42665e-12 4.48469e-09 3.24109e-06 0.000538512 0.0205705 0.18065 0.364737 0.169734 0.0295815 0.0707596 0.0989306 0.0351251 0.0137941 0.00988696 0.00372561 0.00151445 0.000380647 6.21911e-05 5.72813e-06 2.54826e-07
 1.28441e-39 6.28627e-33 7.07341e-27 1.82983e-21 1.08827e-16 1.48801e-12 4.67756e-09 3.38048e-06 0.000561672 0.0214552 0.188419 0.380423 0.176952 0.028667 0.0604499 0.0844338 0.0305012 0.0136252 0.00981356 0.00314621 0.00114249 0.000334626 6.50099e-05 6.63304e-06 3.13539e-07
 1.24572e-39 6.09696e-33 6.86039e-27 1.77472e-21 1.05549e-16 1.44319e-12 4.53669e-09 3.27868e-06 0.000544757 0.020809 0.182745 0.368967 0.171684 0.0294294 0.0685567 0.0958227 0.033998 0.0132659 0.00937269 0.00321907 0.00120423 0.00031136 5.97946e-05 7.08331e-06 3.81931e-07
 1.25991e-39 6.16637e-33 6.9385e-27 1.79492e-21 1.06751e-16 1.45963e-12 4.58835e-09 3.31601e-06 0.000550959 0.0210459 0.184825 0.373168 0.173611 0.0290418 0.0649244 0.0907381 0.0326901 0.0143259 0.0102757 0.00327613 0.00114995 0.000308785 5.77524e-05 6.52014e-06 3.77404e-07
 1.26925e-39 6.2121e-33 6.98996e-27 1.80824e-21 1.07543e-16 1.47045e-12 4.62237e-09 3.3406e-06 0.000555045 0.021202 0.186196 0.375935 0.174888 0.0289589 0.0635842 0.0888367 0.0318453 0.0134621 0.0096655 0.00328537 0.00121325 0.000307625 5.55822e-05 6.24496e-06 3.51952e-07
 1.26138e-39 6.17361e-33 6.94664e-27 1.79703e-21 1.06876e-16 1.46134e-12 4.59373e-09 3.3199e-06 0.000551606 0.0210706 0.185042 0.373605 0.173817 0.0291207 0.0652739 0.091211 0.0325854 0.0134232 0.00955916 0.00318655 0.0011733 0.000313365 5.73852e-05 6.19791e-06 3.41766e-07
 1.26591e-39 6.19575e-33 6.97156e-27 1.80348e-21 1.07259e-16 1.46658e-12 4.61021e-09 3.33181e-06 0.000553584 0.0211462 0.185706 0.374945 0.174432 0.0290204 0.064258 0.0897859 0.0321781 0.0135754 0.00969848 0.00318456 0.00114712 0.000302375 5.63599e-05 6.25744e-06 3.40723e-07
 1.26019e-39 6.16776e-33 6.94006e-27 1.79533e-21 1.06775e-16 1.45995e-12 4.58938e-09 3.31675e-06 0.000551083 0.0210507 0.184867 0.373251 0.173652 0.029103 0.0652731 0.091216 0.0326709 0.0137229 0.00981207 0.00326575 0.00118892 0.000308608 5.64223e-05 6.27941e-06 3.48455e-07
 1.26536e-39 6.19304e-33 6.96851e-27 1.80269e-21 1.07213e-16 1.46594e-12 4.60819e-09 3.33035e-06 0.000553342 0.021137 0.185625 0.374781 0.174356 0.0289976 0.0641684 0.0896643 0.0321953 0.0137754 0.00988438 0.00328343 0.00119716 0.000314213 5.74808e-05 6.30023e-06 3.47475e-07
 1.19882e-39 5.86741e-33 6.6021e-27 1.7079e-21 1.01575e-16 1.38886e-12 4.36589e-09 3.15524e-06 0.000524247 0.0200256 0.175864 0.355076 0.165281 0.0299396 0.0758583 0.106144 0.0380361 0.0160352 0.0114863 0.00385581 0.00142122 0.000373433 6.86741e-05 7.56055e-06 4.14055e-07
 1.20302e-39 5.88797e-33 6.62523e-27 1.71389e-21 1.01931e-16 1.39372e-12 4.38119e-09 3.16629e-06 0.000526084 0.0200957 0.176481 0.35632 0.165839 0.0294954 0.0727716 0.101858 0.0374099 0.0186351 0.0137615 0.00458535 0.00168031 0.00044559 8.26624e-05 9.14057e-06 5.02516e-07
 1.22894e-39 6.01482e-33 6.76797e-27 1.75081e-21 1.04127e-16 1.42375e-12 4.47558e-09 3.23451e-06 0.000537418 0.0205287 0.180283 0.363996 0.169376 0.029158 0.0683976 0.0956781 0.0350188 0.0170859 0.0127431 0.00469229 0.00189272 0.000504473 9.36135e-05 1.04386e-05 5.77634e-07
#pred catch len freq
 2.14629e-27 2.17444e-27 6.73195e-27 1.55948e-21 9.27483e-17 1.26817e-12 3.9865e-09 2.88106e-06 0.000478683 0.0182854 0.160583 0.324221 0.150895 0.0267144 0.0654616 0.0918314 0.0369294 0.0284737 0.0251385 0.0167484 0.0139707 0.0119806 0.0122511 0.0113021 0.00473255
 2.14887e-27 2.1819e-27 7.57463e-27 1.84542e-21 1.09754e-16 1.50069e-12 4.71745e-09 3.40932e-06 0.000566453 0.0216381 0.190027 0.383668 0.178419 0.0278105 0.0542412 0.0757082 0.0276312 0.0132855 0.0104326 0.00545811 0.00372322 0.00259743 0.00219725 0.00183508 0.000757849
 2.14814e-27 2.18024e-27 7.40279e-27 1.78712e-21 1.06287e-16 1.45328e-12 4.56841e-09 3.30161e-06 0.000548557 0.0209545 0.184024 0.371547 0.172876 0.0294321 0.0677947 0.0947135 0.033113 0.0113607 0.0078291 0.00287823 0.00137299 0.000698507 0.000435748 0.000300769 0.000117229
 2.14803e-27 2.18002e-27 7.3831e-27 1.78045e-21 1.0589e-16 1.44786e-12 4.55137e-09 3.28929e-06 0.00054651 0.0208763 0.183337 0.370161 0.172233 0.0293534 0.0677323 0.0946696 0.033725 0.013578 0.00949848 0.00284815 0.000947952 0.000303322 0.000113746 5.47872e-05 1.86489e-05
 2.14943e-27 2.18348e-27 7.75109e-27 1.90529e-21 1.13315e-16 1.54938e-12 4.8705e-09 3.51992e-06 0.00058483 0.0223401 0.196192 0.396114 0.184182 0.0280449 0.0519219 0.0723891 0.0259238 0.0108757 0.00775536 0.00252643 0.000877819 0.000211848 4.32401e-05 1.06765e-05 2.63796e-06
 2.14835e-27 2.18078e-27 7.46177e-27 1.80713e-21 1.07477e-16 1.46955e-12 4.61956e-09 3.33857e-06 0.000554699 0.0211891 0.186084 0.375707 0.174796 0.0293329 0.0659356 0.0920907 0.0321772 0.0109722 0.0074695 0.0024962 0.000912404 0.000233057 4.06425e-05 5.06666e-06 6.16973e-07
 2.14779e-27 2.17945e-27 7.3227e-27 1.75996e-21 1.04672e-16 1.4312e-12 4.499e-09 3.25144e-06 0.000540222 0.0206361 0.181227 0.365902 0.170272 0.0295714 0.0703469 0.0983553 0.0350323 0.0140862 0.00984871 0.00294081 0.00094339 0.000244989 4.46397e-05 4.81505e-06 3.0504e-07
 2.14931e-27 2.18318e-27 7.71974e-27 1.89466e-21 1.12683e-16 1.54073e-12 4.84332e-09 3.50028e-06 0.000581566 0.0222154 0.195097 0.393904 0.183163 0.0281196 0.0530442 0.0739769 0.026564 0.0113693 0.00813969 0.00264826 0.000917323 0.000216212 3.61624e-05 3.90565e-06 2.14604e-07
 2.14979e-27 2.18435e-27 7.83985e-27 1.93538e-21 1.15105e-16 1.57385e-12 4.94743e-09 3.57552e-06 0.000594067 0.022693 0.199291 0.402371 0.187073 0.0280006 0.0497655 0.0693039 0.0242134 0.00825206 0.00562469 0.0019 0.000702148 0.000179094 3.04272e-05 3.03473e-06 1.57912e-07
 2.14947e-27 2.18355e-27 7.75448e-27 1.90642e-21 1.13382e-16 1.5503e-12 4.87338e-09 3.522e-06 0.000585176 0.0223533 0.196308 0.396349 0.184304 0.0284142 0.0541055 0.0754049 0.0261498 0.00827377 0.00543904 0.00162232 0.000522329 0.000137077 2.51142e-05 2.62282e-06 1.32378e-07
 2.1491e-27 2.18263e-27 7.65721e-27 1.87342e-21 1.1142e-16 1.52347e-12 4.78904e-09 3.46105e-06 0.000575048 0.0219665 0.192911 0.38949 0.181144 0.0286911 0.0578638 0.0807143 0.0281879 0.00955646 0.0063812 0.00183029 0.000538612 0.000124173 2.08932e-05 2.26798e-06 1.20664e-07
 2.14938e-27 2.18334e-27 7.73278e-27 1.89906e-21 1.12945e-16 1.54432e-12 4.85458e-09 3.50842e-06 0.000582919 0.0222671 0.195551 0.39482 0.183596 0.028369 0.0542909 0.0756876 0.0265422 0.00935523 0.00633533 0.00187849 0.00057403 0.00012618 1.88565e-05 1.8322e-06 9.53838e-08
 2.14949e-27 2.18359e-27 7.75848e-27 1.90778e-21 1.13463e-16 1.5514e-12 4.87685e-09 3.52452e-06 0.000585593 0.0223693 0.196448 0.396631 0.184433 0.0283531 0.0536479 0.0747679 0.0260348 0.00858282 0.00572047 0.00172999 0.000547743 0.000124527 1.86944e-05 1.6755e-06 7.80903e-08
 2.14912e-27 2.18269e-27 7.66298e-27 1.87538e-21 1.11536e-16 1.52506e-12 4.79403e-09 3.46466e-06 0.000575648 0.0219894 0.193112 0.389896 0.181333 0.0287186 0.0579089 0.0807689 0.0280848 0.00912807 0.00603604 0.00176471 0.000536017 0.000123933 1.93151e-05 1.76255e-06 7.89567e-08
 2.14808e-27 2.18013e-27 7.39259e-27 1.78366e-21 1.06081e-16 1.45047e-12 4.55957e-09 3.29521e-06 0.000547495 0.0209139 0.183667 0.370828 0.17255 0.0295819 0.0689262 0.096311 0.0337451 0.0117971 0.00795295 0.00230893 0.000687938 0.000153709 2.34189e-05 2.18262e-06 1.00113e-07
 2.14805e-27 2.18007e-27 7.38914e-27 1.7825e-21 1.06012e-16 1.44953e-12 4.55662e-09 3.29308e-06 0.00054714 0.0209004 0.183548 0.370588 0.172428 0.0293133 0.0673592 0.0941491 0.0336176 0.0137829 0.00969094 0.00292086 0.000914244 0.000203601 3.01977e-05 2.73606e-06 1.25276e-07
 2.14864e-27 2.18152e-27 7.54188e-27 1.83431e-21 1.09094e-16 1.49166e-12 4.68906e-09 3.38879e-06 0.000563043 0.0215079 0.188883 0.381358 0.177391 0.0288713 0.0614144 0.0857506 0.0303881 0.0117376 0.00822643 0.00269918 0.000946254 0.000221792 3.40416e-05 3.05595e-06 1.36432e-07
 2.14853e-27 2.18125e-27 7.51247e-27 1.82433e-21 1.085e-16 1.48355e-12 4.66354e-09 3.37036e-06 0.00055998 0.0213908 0.187856 0.379284 0.17644 0.0290779 0.063301 0.0883932 0.0310938 0.0112724 0.00774964 0.00246596 0.000854146 0.000217958 3.70626e-05 3.50563e-06 1.58701e-07
 2.14845e-27 2.18105e-27 7.49123e-27 1.81713e-21 1.08072e-16 1.47769e-12 4.64512e-09 3.35704e-06 0.000557768 0.0213064 0.187114 0.377786 0.175748 0.0291026 0.0639034 0.0892522 0.0315357 0.011878 0.00820995 0.00252474 0.000831472 0.000206829 3.61593e-05 3.74028e-06 1.82512e-07
 2.14823e-27 2.18052e-27 7.43562e-27 1.79827e-21 1.0695e-16 1.46235e-12 4.59692e-09 3.32221e-06 0.00055198 0.0210852 0.185172 0.373865 0.173941 0.0292306 0.065866 0.0920286 0.0326503 0.012726 0.00888915 0.00279078 0.000934439 0.000224542 3.75663e-05 3.89299e-06 2.01052e-07
 2.14813e-27 2.18027e-27 7.41047e-27 1.78974e-21 1.06443e-16 1.45541e-12 4.57511e-09 3.30645e-06 0.000549361 0.0209852 0.184293 0.372092 0.173123 0.0292794 0.0666983 0.0932071 0.0331372 0.0131364 0.00923136 0.00295302 0.0010165 0.000249117 4.1548e-05 4.15616e-06 2.11228e-07
 2.14809e-27 2.18017e-27 7.39975e-27 1.7861e-21 1.06226e-16 1.45246e-12 4.56582e-09 3.29973e-06 0.000548245 0.0209426 0.183919 0.371336 0.172773 0.0292711 0.066876 0.0934646 0.0333219 0.0135064 0.00954951 0.00308617 0.00108038 0.000270825 4.64089e-05 4.68213e-06 2.33747e-07
 2.14824e-27 2.18055e-27 7.44077e-27 1.80002e-21 1.07054e-16 1.46377e-12 4.6014e-09 3.32544e-06 0.000552517 0.0211058 0.185352 0.374229 0.174104 0.0290974 0.064943 0.0907447 0.0324251 0.013375 0.00950772 0.00311365 0.00110955 0.000282211 4.94543e-05 5.11922e-06 2.59652e-07
 2.14828e-27 2.18065e-27 7.45016e-27 1.8032e-21 1.07243e-16 1.46636e-12 4.60952e-09 3.33132e-06 0.000553493 0.0211431 0.185679 0.37489 0.174411 0.0291457 0.0650389 0.0908656 0.0322734 0.0126974 0.0089428 0.00295583 0.00106838 0.000276093 4.93533e-05 5.21746e-06 2.70978e-07
 2.14858e-27 2.18139e-27 7.5283e-27 1.82971e-21 1.0882e-16 1.48792e-12 4.67729e-09 3.38029e-06 0.00056163 0.0214539 0.188409 0.380401 0.176949 0.0288785 0.0617465 0.0862259 0.0306543 0.01215 0.00854361 0.00275144 0.000968263 0.000252094 4.58579e-05 4.94558e-06 2.62338e-07
 2.14806e-27 2.1801e-27 7.39175e-27 1.78338e-21 1.06065e-16 1.45025e-12 4.55886e-09 3.2947e-06 0.00054741 0.0209107 0.183639 0.37077 0.172516 0.029405 0.0678636 0.0948385 0.0335599 0.0128057 0.00893122 0.00288683 0.00101323 0.000257503 4.61261e-05 5.02893e-06 2.71838e-07
 2.14713e-27 2.17782e-27 7.15188e-27 1.70203e-21 1.01226e-16 1.38409e-12 4.35089e-09 3.1444e-06 0.000522438 0.0199568 0.175261 0.353857 0.16472 0.0300204 0.0767184 0.107357 0.0384804 0.0162456 0.0115581 0.00366255 0.00125621 0.000318441 5.63596e-05 6.03371e-06 3.25811e-07
 2.14713e-27 2.17784e-27 7.15751e-27 1.70395e-21 1.0134e-16 1.38565e-12 4.35581e-09 3.14796e-06 0.000523028 0.0199793 0.175459 0.354257 0.164893 0.0297173 0.0747476 0.104623 0.0381065 0.0180031 0.0131838 0.00441893 0.00160546 0.000402123 6.98739e-05 7.40149e-06 3.94056e-07
#obs catch len freq
 1.21964e-39 5.96931e-33 6.71677e-27 1.73756e-21 1.03339e-16 1.41298e-12 4.44172e-09 3.21004e-06 0.000533352 0.0203734 0.178919 0.361243 0.168113 0.0294284 0.0708786 0.0991547 0.0359701 0.0165529 0.0121525 0.00432139 0.00172959 0.00050462 0.000107671 1.42105e-05 9.60796e-07
 1.22499e-39 5.99549e-33 6.74622e-27 1.74518e-21 1.03793e-16 1.41918e-12 4.46119e-09 3.22411e-06 0.000535691 0.0204627 0.179704 0.362827 0.168845 0.0294377 0.0704578 0.0985479 0.0355737 0.0158211 0.0115295 0.00407139 0.00161223 0.000462388 9.61679e-05 1.23179e-05 8.07124e-07
 1.30512e-39 6.38767e-33 7.18751e-27 1.85934e-21 1.10582e-16 1.51201e-12 4.75301e-09 3.43501e-06 0.000570732 0.0218013 0.191459 0.386559 0.179778 0.028388 0.0568967 0.0794178 0.0286212 0.0125805 0.00912166 0.00315477 0.00122137 0.000346337 7.08282e-05 8.85082e-06 5.6322e-07
 1.15233e-39 5.63987e-33 6.34608e-27 1.64167e-21 9.76363e-17 1.335e-12 4.19658e-09 3.03288e-06 0.000503917 0.019249 0.169045 0.341307 0.158953 0.0309561 0.0862133 0.120679 0.0423445 0.0150171 0.0103613 0.00355115 0.00135549 0.000375792 7.51582e-05 9.22407e-06 5.73824e-07
 1.34049e-39 6.56078e-33 7.38229e-27 1.90973e-21 1.13579e-16 1.55298e-12 4.88182e-09 3.5281e-06 0.000586199 0.022392 0.196647 0.397034 0.184593 0.0276438 0.0491969 0.0686122 0.0254654 0.0134943 0.00995856 0.00303536 0.00100639 0.000271037 5.30544e-05 6.35399e-06 3.86994e-07
 1.38735e-39 6.79014e-33 7.64037e-27 1.97649e-21 1.17549e-16 1.60728e-12 5.05249e-09 3.65144e-06 0.000606692 0.0231749 0.203522 0.410914 0.19101 0.0276353 0.0449613 0.0625201 0.0216489 0.00675736 0.00457168 0.00175055 0.000714331 0.000175512 3.06389e-05 3.52684e-06 2.09585e-07
 1.25975e-39 6.16559e-33 6.93763e-27 1.7947e-21 1.06737e-16 1.45944e-12 4.58777e-09 3.31559e-06 0.00055089 0.0210433 0.184802 0.373121 0.173616 0.0297529 0.0692794 0.0967594 0.0332281 0.00944631 0.00597044 0.00170407 0.000534238 0.000155284 3.01852e-05 3.19787e-06 1.76503e-07
 1.26473e-39 6.18996e-33 6.96504e-27 1.80179e-21 1.07159e-16 1.46521e-12 4.60589e-09 3.32869e-06 0.000553067 0.0211264 0.185532 0.374595 0.174274 0.0291155 0.0649444 0.090751 0.0325006 0.0136208 0.00951702 0.00259211 0.000692823 0.000152404 2.62111e-05 3.06498e-06 1.70193e-07
 1.41615e-39 6.93107e-33 7.79895e-27 2.01751e-21 1.19989e-16 1.64063e-12 5.15735e-09 3.72723e-06 0.000619284 0.0236559 0.207746 0.419442 0.194929 0.0270109 0.0385793 0.0535647 0.0190421 0.00754847 0.00533053 0.00176808 0.000611539 0.000129019 1.76831e-05 1.68265e-06 9.17145e-08
 1.41376e-39 6.91936e-33 7.78577e-27 2.01411e-21 1.19786e-16 1.63786e-12 5.14864e-09 3.72093e-06 0.000618238 0.0236159 0.207395 0.418734 0.194617 0.0274287 0.0413434 0.057396 0.0195151 0.0049121 0.00300884 0.000967874 0.000341549 8.71289e-05 1.40584e-05 1.20394e-06 5.33707e-08
 1.33818e-39 6.54947e-33 7.36957e-27 1.90644e-21 1.13383e-16 1.55031e-12 4.87341e-09 3.52202e-06 0.000585189 0.0223535 0.196308 0.396351 0.184313 0.0286158 0.0553366 0.0771088 0.0263278 0.00698246 0.00426196 0.00109875 0.000274602 6.60806e-05 1.16291e-05 1.16852e-06 5.32421e-08
 1.31157e-39 6.41924e-33 7.22303e-27 1.86853e-21 1.11128e-16 1.51948e-12 4.7765e-09 3.45199e-06 0.000573553 0.021909 0.192405 0.38847 0.180675 0.0287657 0.0586269 0.0817888 0.0285561 0.00965404 0.0063861 0.00168177 0.000414207 7.91525e-05 1.06382e-05 1.04919e-06 5.31913e-08
 1.35262e-39 6.62013e-33 7.44908e-27 1.92701e-21 1.14606e-16 1.56703e-12 4.92598e-09 3.56002e-06 0.000591502 0.0225946 0.198426 0.400626 0.18627 0.0280669 0.0506973 0.0706258 0.0248027 0.00885681 0.00601597 0.00177608 0.0005285 0.000104599 1.27156e-05 9.83031e-07 4.32458e-08
 1.32861e-39 6.50263e-33 7.31686e-27 1.8928e-21 1.12572e-16 1.53922e-12 4.83855e-09 3.49683e-06 0.000581003 0.0221936 0.194904 0.393516 0.183001 0.028564 0.0558751 0.0778971 0.0269993 0.00849613 0.00558993 0.00169922 0.00054104 0.000121367 1.70746e-05 1.30974e-06 4.90003e-08
 1.28356e-39 6.28211e-33 7.06873e-27 1.82861e-21 1.08755e-16 1.48702e-12 4.67447e-09 3.37825e-06 0.0005613 0.021441 0.188294 0.380171 0.176853 0.0291523 0.0634881 0.0886415 0.0309785 0.0105738 0.00706976 0.00201883 0.000592438 0.000136675 2.11802e-05 1.85129e-06 7.4288e-08
 1.15966e-39 5.67572e-33 6.38641e-27 1.6521e-21 9.82568e-17 1.34349e-12 4.22326e-09 3.05216e-06 0.00050712 0.0193713 0.170119 0.343476 0.159948 0.0307415 0.0842497 0.11794 0.0417894 0.0161103 0.0111554 0.00331564 0.00101446 0.000222028 3.29008e-05 3.0322e-06 1.35167e-07
 1.26405e-39 6.18666e-33 6.96133e-27 1.80083e-21 1.07102e-16 1.46443e-12 4.60344e-09 3.32692e-06 0.000552772 0.0211152 0.185433 0.374395 0.174165 0.0286743 0.0623113 0.0871085 0.032141 0.0164608 0.0121438 0.00385585 0.00129457 0.000296828 4.44687e-05 3.94584e-06 1.76847e-07
 1.22388e-39 5.99006e-33 6.74011e-27 1.7436e-21 1.03699e-16 1.41789e-12 4.45715e-09 3.22119e-06 0.000535206 0.0204442 0.179541 0.362498 0.168704 0.0297188 0.0722726 0.101059 0.0358145 0.0138535 0.00989053 0.0037148 0.00150557 0.000377909 6.16705e-05 5.67622e-06 2.52395e-07
 1.27639e-39 6.24703e-33 7.02926e-27 1.8184e-21 1.08147e-16 1.47872e-12 4.64836e-09 3.35938e-06 0.000558166 0.0213212 0.187243 0.378048 0.175859 0.0288049 0.0620072 0.0866253 0.0312261 0.01374 0.0098638 0.00315352 0.00114105 0.000333678 6.47571e-05 6.60307e-06 3.11984e-07
 1.23694e-39 6.05398e-33 6.81203e-27 1.76221e-21 1.04805e-16 1.43302e-12 4.50471e-09 3.25557e-06 0.000540917 0.0206623 0.181457 0.366366 0.170487 0.0295826 0.0702756 0.0982412 0.034793 0.013375 0.00941361 0.00322343 0.00120196 0.000310314 5.95164e-05 7.04553e-06 3.79746e-07
 1.25012e-39 6.11849e-33 6.88462e-27 1.78099e-21 1.05922e-16 1.44829e-12 4.55272e-09 3.29026e-06 0.000546681 0.0208825 0.18339 0.37027 0.172278 0.0292057 0.0667986 0.0933762 0.0335713 0.0144947 0.0103625 0.00329473 0.00115242 0.000308974 5.77194e-05 6.51164e-06 3.76738e-07
 1.26011e-39 6.16734e-33 6.93959e-27 1.79521e-21 1.06768e-16 1.45985e-12 4.58907e-09 3.31653e-06 0.000551046 0.0210492 0.184854 0.373226 0.173641 0.029114 0.0653478 0.0913187 0.0326702 0.0136063 0.00973489 0.0032992 0.00121439 0.000307468 5.54833e-05 6.22931e-06 3.50908e-07
 1.25209e-39 6.12813e-33 6.89547e-27 1.78379e-21 1.06089e-16 1.45057e-12 4.55989e-09 3.29544e-06 0.000547542 0.0209154 0.183679 0.370853 0.17255 0.0292789 0.0670694 0.0937379 0.0334239 0.0135651 0.00962573 0.00319945 0.00117408 0.000313108 5.72706e-05 6.1811e-06 3.40676e-07
 1.25568e-39 6.14568e-33 6.91522e-27 1.7889e-21 1.06393e-16 1.45473e-12 4.57295e-09 3.30488e-06 0.000549111 0.0209753 0.184205 0.371915 0.173038 0.0291907 0.0662105 0.0925345 0.0330983 0.013759 0.00979581 0.0032074 0.00115144 0.000303056 5.64182e-05 6.25953e-06 3.40683e-07
 1.24948e-39 6.11533e-33 6.88107e-27 1.78007e-21 1.05867e-16 1.44754e-12 4.55037e-09 3.28856e-06 0.000546399 0.0208717 0.183296 0.370079 0.172192 0.0292804 0.0673119 0.0940862 0.0336336 0.0139211 0.00991935 0.00329197 0.00119448 0.000309593 5.65328e-05 6.28717e-06 3.48728e-07
 1.25467e-39 6.14075e-33 6.90967e-27 1.78747e-21 1.06307e-16 1.45356e-12 4.56928e-09 3.30223e-06 0.00054867 0.0209585 0.184057 0.371617 0.172899 0.0291738 0.0661974 0.0925206 0.0331551 0.0139789 0.00999643 0.00331113 0.00120322 0.000315337 5.76169e-05 6.31062e-06 3.47886e-07
 1.18672e-39 5.80819e-33 6.53546e-27 1.69066e-21 1.0055e-16 1.37484e-12 4.32182e-09 3.12339e-06 0.000518956 0.0198234 0.174089 0.351492 0.163632 0.0301408 0.0781662 0.109392 0.0391242 0.0162536 0.0116027 0.00388359 0.00142672 0.000374326 6.8755e-05 7.56408e-06 4.14058e-07
 1.18973e-39 5.8229e-33 6.55202e-27 1.69494e-21 1.00805e-16 1.37832e-12 4.33277e-09 3.1313e-06 0.00052027 0.0198736 0.17453 0.352382 0.164027 0.0297062 0.075245 0.105341 0.0385988 0.0189487 0.0139531 0.00463596 0.0016932 0.000448341 8.30731e-05 9.17949e-06 5.04425e-07
#spawning biomass
 3529.7 2503.93 2391.3 2257.15 2680.26 4171.83 4626.37 4954.02 7517.49 11701.3 17149.9 21856.5 27596.9 34556.1 40142.8 39643.6 32385.5 31628.6 32393.6 35902.7 36249 37445.3 40948.3 41708.9 45129.4 51869.8 57729.8 53870.3 57011.3 95236.8 85409.9 48938 27644.8 18094.3 14156.8 12605.1 12010.8 11787.4 11704.5 11674 11662.9 11658.8 11657.3 11656.8 11656.6 11656.5 11656.5 11656.5 11656.5 11656.5 11656.5 11656.5 11656.5 11656.5 11656.5 11656.5 11656.5 11656.5 11656.5 11656.5 11656.5 11656.5 11656.5 11656.5 11656.5 11656.5 11656.5 11656.5 11656.5 11656.5 11656.5 11656.5 11656.5 11656.5 11656.5 11656.5 11656.5 11656.5 11656.5 11656.5 11656.5 11656.5 11656.5 11656.5 11656.5 11656.5 11656.5 11656.5 11656.5 11656.5 11656.5 11656.5 11656.5 11656.5 11656.5 11656.5 11656.5 11656.5 11656.5 11656.5 11656.5 11656.5 11656.5 11656.5 11656.5 11656.5 11656.5 11656.5 11656.5 11656.5 11656.5 11656.5 11656.5 11656.5 11656.5 11656.5 11656.5 11656.5 11656.5 11656.5 11656.5 11656.5 11656.5 11656.5 11656.5 11656.5 11656.5 11656.5 0 0 0 0 0 0 0 0 0 0 0 0 0 0 0 0 0 0 0 0 0 0 0 0 0
