SBPRF35
0.819782
Curr Bio
132054
B35
698613
F35
0.206579
FOFL
0.0452207
OFL
6379.24
Bzero
234224
#pred survey bio
 5665.66 6507.62 7728.28 10761.5 15146.3 18086.1 17192.3 21669.6 33052.9 49043.8 60521.3 79898.2 102923 125859 123444 108610 99739 105074 100591 98619.5 100896 104530 105321 118952 131596 124652 124846 138069 6.51869e+06 6.50378e+06 7.10319e+06 6.86364e+06 6.18396e+06 5.36718e+06 4.58764e+06 3.92249e+06 3.39084e+06 2.98308e+06 2.67863e+06 2.45523e+06 2.29302e+06 2.17579e+06 2.0903e+06 2.02704e+06 1.98217e+06 1.95002e+06 1.92675e+06 1.90972e+06 1.89712e+06 1.88771e+06 1.88059e+06 1.87515e+06 1.87097e+06 1.86772e+06 1.86517e+06 1.86316e+06 1.86157e+06 1.8603e+06 1.85928e+06 1.85846e+06 1.8578e+06 1.85727e+06 1.85683e+06 1.85648e+06 1.8562e+06 1.85597e+06 1.85578e+06 1.85562e+06 1.8555e+06 1.85539e+06 1.85531e+06 1.85524e+06 1.85518e+06 1.85514e+06 1.8551e+06 1.85507e+06 1.85504e+06 1.85502e+06 1.85501e+06 1.85499e+06 1.85498e+06 1.85497e+06 1.85496e+06 1.85496e+06 1.85495e+06 1.85495e+06 1.85495e+06 1.85494e+06 1.85494e+06 1.85494e+06 1.85494e+06 1.85494e+06 1.85494e+06 1.85493e+06 1.85493e+06 1.85493e+06 1.85493e+06 1.85493e+06 1.85493e+06 1.85493e+06 1.85493e+06 1.85493e+06 1.85493e+06 1.85493e+06 1.85493e+06 1.85493e+06 1.85493e+06 1.85493e+06 1.85493e+06 1.85493e+06 1.85493e+06 1.85493e+06 1.85493e+06 1.85493e+06 1.85493e+06 1.85493e+06 1.85493e+06 1.85493e+06 1.85493e+06 1.85493e+06 1.85493e+06 1.85493e+06 1.85493e+06 1.85493e+06 1.85493e+06 1.85493e+06 1.85493e+06 1.85493e+06 0 0 0 0 0 0 0 0 0 0 0 0 0 0 0 0 0 0 0 0 0 0 0 0 0
#obs survey bio
 4968.02 5759.12 7520.11 14719.7 19518.8 14423 19607.2 31198.8 63165.3 43438.4 72655.9 74613.9 158138 187005 115569 108001 78387.1 107245 103021 105406 93898.3 127140 101918 168906 147359 98028.5 177035 109151
#pred catch bio
 3594.99 4812.42 5611.08 7633.76 10782.3 14213.8 13232 15960.4 23304.8 37750.2 46362.4 62266.3 80077.7 101704 101314 91701 82383 89990.6 86601.3 85138.8 87357 91873.3 90430 103744 119828 111181 108369 97170.8 6379.24 52107.8 56538.6 54108.2 48150.3 41183.1 34640.6 29140 24814 21558.6 19182.9 17487.1 16296.2 15469.3 14896.4 14499 14234.4 14058.1 13940.8 13862.6 13810.6 13775.9 13752.9 13737.5 13727.3 13720.4 13715.9 13712.9 13710.9 13709.5 13708.6 13708 13707.6 13707.4 13707.2 13707.1 13707 13707 13706.9 13706.9 13706.9 13706.9 13706.9 13706.9 13706.9 13706.9 13706.9 13706.9 13706.9 13706.9 13706.9 13706.9 13706.9 13706.9 13706.9 13706.9 13706.9 13706.9 13706.9 13706.9 13706.9 13706.9 13706.9 13706.9 13706.9 13706.9 13706.9 13706.9 13706.9 13706.9 13706.9 13706.9 13706.9 13706.9 13706.9 13706.9 13706.9 13706.9 13706.9 13706.9 13706.9 13706.9 13706.9 13706.9 13706.9 13706.9 13706.9 13706.9 13706.9 13706.9 13706.9 13706.9 13706.9 13706.9 13706.9 13706.9 13706.9 13706.9 13706.9 13706.9 0 0 0 0 0 0 0 0 0 0 0 0 0 0 0 0 0 0 0 0 0 0 0 0 0
#obs catch bio
 5080.82 4812.26 5517.18 7358.98 10405.9 14315.6 12938.1 15308.9 22025.5 36638.8 44814.9 60201.8 75952.9 98621.2 99600.4 91194 82659.5 87679.4 85887.9 83654.1 85776.3 89132.7 87913.5 100417 117232 108724 105365 96328.3
#pred cpue bio
 5008.6 5518.14 6353.47 8785.17 12516.4 15472.4 14408.6 17405.1 26629.6 40426.2 49494.1 64768.9 83745.9 103589 104437 91272.5 81684.9 86336.3 82379.6 80215.1 81525 84493.4 84754.9 95028.4 105124 100023 100121 110342 5.54824e+06 6.46644e+06 7.06586e+06 6.82631e+06 6.14663e+06 5.32984e+06 4.55031e+06 3.88515e+06 3.3535e+06 2.94575e+06 2.6413e+06 2.41789e+06 2.25569e+06 2.13845e+06 2.05297e+06 1.98971e+06 1.94483e+06 1.91269e+06 1.88941e+06 1.87239e+06 1.85979e+06 1.85037e+06 1.84325e+06 1.83782e+06 1.83363e+06 1.83038e+06 1.82783e+06 1.82583e+06 1.82423e+06 1.82296e+06 1.82194e+06 1.82113e+06 1.82047e+06 1.81993e+06 1.8195e+06 1.81915e+06 1.81886e+06 1.81863e+06 1.81844e+06 1.81829e+06 1.81816e+06 1.81806e+06 1.81798e+06 1.81791e+06 1.81785e+06 1.8178e+06 1.81777e+06 1.81774e+06 1.81771e+06 1.81769e+06 1.81767e+06 1.81766e+06 1.81765e+06 1.81764e+06 1.81763e+06 1.81763e+06 1.81762e+06 1.81762e+06 1.81761e+06 1.81761e+06 1.81761e+06 1.81761e+06 1.8176e+06 1.8176e+06 1.8176e+06 1.8176e+06 1.8176e+06 1.8176e+06 1.8176e+06 1.8176e+06 1.8176e+06 1.8176e+06 1.8176e+06 1.8176e+06 1.8176e+06 1.8176e+06 1.8176e+06 1.8176e+06 1.8176e+06 1.8176e+06 1.8176e+06 1.8176e+06 1.8176e+06 1.8176e+06 1.8176e+06 1.8176e+06 1.8176e+06 1.8176e+06 1.8176e+06 1.8176e+06 1.8176e+06 1.8176e+06 1.8176e+06 1.8176e+06 1.8176e+06 1.8176e+06 1.8176e+06 1.8176e+06 1.8176e+06 1.8176e+06 0 0 0 0 0 0 0 0 0 0 0 0 0 0 0 0 0 0 0 0 0 0 0 0 0
#obs cpue bio
 5701.25 7415.21 8674.23 13501.2 15469 13247.4 24868.9 23761.2 39233.3 52800 80679.1 107498 146368 91243.1 135365 102656 87918 151653 82633.9 105788 114496 120290 131028 116124 127548 174570 118249 151537
#pred surv len freq
 2.56648e-27 2.59726e-27 4.09776e-26 8.10463e-20 1.98675e-14 5.8871e-10 2.10866e-06 0.00091297 0.0477815 0.302279 0.231414 0.0376812 0.124231 0.114754 0.0285994 0.0367131 0.0169085 0.0145774 0.00976348 0.00797651 0.00663937 0.00602125 0.0062857 0.00570441 0.0017551
 2.5678e-27 2.60054e-27 4.34537e-26 8.62679e-20 2.11475e-14 6.2664e-10 2.24452e-06 0.00097179 0.05086 0.321754 0.246333 0.0406779 0.136557 0.125792 0.0247394 0.0248977 0.00972778 0.00620677 0.00337642 0.00230341 0.00165798 0.00133156 0.0012593 0.00115909 0.000392562
 2.56897e-27 2.60359e-27 4.6018e-26 9.16771e-20 2.24735e-14 6.65931e-10 2.38525e-06 0.00103272 0.054049 0.341929 0.261745 0.0411447 0.129282 0.118948 0.0212591 0.0185917 0.00640704 0.00286649 0.00119221 0.000598186 0.000333099 0.000221593 0.000181082 0.000160217 5.65775e-05
 2.5692e-27 2.6042e-27 4.65141e-26 9.27235e-20 2.27301e-14 6.73532e-10 2.41248e-06 0.00104451 0.054666 0.345832 0.264728 0.0413071 0.128422 0.118115 0.0203958 0.0168105 0.00552794 0.00204859 0.000681548 0.000233907 8.74975e-05 4.17972e-05 2.69742e-05 2.14715e-05 7.59614e-06
 2.56859e-27 2.60254e-27 4.50453e-26 8.96249e-20 2.19705e-14 6.51024e-10 2.33186e-06 0.00100961 0.0528391 0.334275 0.25591 0.0417435 0.137938 0.126903 0.0220774 0.0184301 0.00596586 0.00205035 0.000623071 0.000169419 4.18313e-05 1.20858e-05 5.11955e-06 3.29096e-06 1.11888e-06
 2.56671e-27 2.59745e-27 4.05708e-26 8.01857e-20 1.96566e-14 5.82459e-10 2.08627e-06 0.000903275 0.0472742 0.29907 0.229045 0.0428297 0.165079 0.152002 0.0274986 0.0244861 0.00796137 0.00277485 0.000820024 0.000203502 4.06099e-05 7.36155e-06 1.62008e-06 6.74133e-07 2.06268e-07
 2.56791e-27 2.60075e-27 4.35198e-26 8.64069e-20 2.11816e-14 6.27649e-10 2.24813e-06 0.000973356 0.050942 0.322273 0.246745 0.0417148 0.144159 0.132746 0.0249681 0.0235705 0.007811 0.00294584 0.000882454 0.000219278 4.06489e-05 5.90452e-06 7.1224e-07 1.34692e-07 3.17679e-08
 2.56996e-27 2.60626e-27 4.83531e-26 9.6603e-20 2.36811e-14 7.01712e-10 2.51341e-06 0.00108821 0.0569531 0.360301 0.275766 0.0406484 0.115655 0.106357 0.0187402 0.016002 0.00539361 0.00219154 0.000682593 0.000181098 3.39416e-05 4.64638e-06 4.22516e-07 3.36959e-08 4.22846e-09
 2.56976e-27 2.60566e-27 4.7774e-26 9.53812e-20 2.33816e-14 6.92837e-10 2.48163e-06 0.00107445 0.0562328 0.355744 0.272296 0.0412577 0.122728 0.112792 0.0182134 0.0131645 0.00429047 0.0015416 0.000490363 0.000139549 2.79068e-05 3.94785e-06 3.35593e-07 1.70022e-08 8.01185e-10
 2.56869e-27 2.60278e-27 4.52431e-26 9.00422e-20 2.20728e-14 6.54055e-10 2.34272e-06 0.00101431 0.0530852 0.335831 0.2571 0.0418506 0.137917 0.126854 0.0215371 0.0171974 0.00539743 0.00159132 0.000469385 0.000122459 2.58045e-05 3.92723e-06 3.47902e-07 1.57584e-08 3.73719e-10
 2.56909e-27 2.60386e-27 4.62053e-26 9.2072e-20 2.25703e-14 6.68799e-10 2.39553e-06 0.00103717 0.0542818 0.343402 0.262875 0.0415132 0.131292 0.120747 0.0205856 0.0165719 0.00531972 0.00175454 0.00048792 0.000106201 2.01325e-05 3.0704e-06 2.93453e-07 1.37481e-08 2.66303e-10
 2.56949e-27 2.60495e-27 4.71531e-26 9.40715e-20 2.30605e-14 6.83323e-10 2.44755e-06 0.0010597 0.0554606 0.350859 0.268567 0.0413223 0.125841 0.115696 0.0193001 0.0149103 0.00479205 0.00159848 0.000463272 0.00010805 1.78596e-05 2.34034e-06 2.17819e-07 1.08909e-08 2.1343e-10
 2.56929e-27 2.60439e-27 4.6639e-26 9.29868e-20 2.27946e-14 6.75444e-10 2.41933e-06 0.00104748 0.0548212 0.346814 0.265483 0.041656 0.130547 0.119999 0.0193461 0.0139274 0.00442668 0.00140716 0.000407205 9.71022e-05 1.71127e-05 2.10742e-06 1.66017e-07 7.96244e-09 1.63879e-10
 2.56874e-27 2.6029e-27 4.53281e-26 9.02213e-20 2.21167e-14 6.55356e-10 2.34738e-06 0.00101632 0.0531907 0.336499 0.257613 0.0420065 0.138743 0.127575 0.0209182 0.0156028 0.00488753 0.00143171 0.000403067 9.2496e-05 1.64662e-05 2.12656e-06 1.61904e-07 6.6794e-09 1.3098e-10
 2.56729e-27 2.59894e-27 4.18108e-26 8.28012e-20 2.02977e-14 6.01458e-10 2.15432e-06 0.000932739 0.0488162 0.308825 0.236498 0.0431142 0.162007 0.149027 0.0244361 0.0182301 0.00575344 0.00175285 0.000482175 0.000102784 1.75442e-05 2.24509e-06 1.77134e-07 7.07277e-09 1.22058e-10
 2.5677e-27 2.60012e-27 4.29058e-26 8.51115e-20 2.08641e-14 6.18239e-10 2.21443e-06 0.000958763 0.0501782 0.317441 0.243066 0.0423605 0.151657 0.139576 0.0245538 0.020881 0.00660491 0.00201384 0.000561527 0.00012257 1.982e-05 2.38455e-06 1.84574e-07 7.53671e-09 1.25415e-10
 2.569e-27 2.60362e-27 4.59719e-26 9.15796e-20 2.24496e-14 6.65223e-10 2.38272e-06 0.00103163 0.0539916 0.341565 0.261477 0.0417294 0.13392 0.123135 0.0203273 0.0153853 0.0050145 0.00178404 0.000506057 0.000111033 1.83409e-05 2.1527e-06 1.55727e-07 6.19956e-09 1.04175e-10
 2.56881e-27 2.60307e-27 4.54537e-26 9.04863e-20 2.21816e-14 6.57282e-10 2.35427e-06 0.00101931 0.053347 0.337488 0.258369 0.0421297 0.139149 0.12791 0.020253 0.0140027 0.00442638 0.00137556 0.000407207 0.000101376 1.70694e-05 2.03334e-06 1.45048e-07 5.43168e-09 8.86579e-11
 2.56896e-27 2.60345e-27 4.57791e-26 9.11726e-20 2.23499e-14 6.62267e-10 2.37213e-06 0.00102704 0.0537516 0.340048 0.260324 0.0421321 0.137794 0.12664 0.019687 0.0130256 0.00403866 0.00113012 0.000313694 7.12384e-05 1.31744e-05 1.68346e-06 1.22016e-07 4.50937e-09 6.98403e-11
 2.56927e-27 2.60431e-27 4.65362e-26 9.27698e-20 2.27414e-14 6.73868e-10 2.41368e-06 0.00104503 0.0546932 0.346004 0.264869 0.0419357 0.133106 0.122309 0.0188261 0.0121501 0.0037353 0.000994226 0.000264822 5.41648e-05 9.09344e-06 1.18595e-06 9.38865e-08 3.55862e-09 5.43703e-11
 2.56957e-27 2.60511e-27 4.72368e-26 9.42478e-20 2.31037e-14 6.84604e-10 2.45214e-06 0.00106168 0.0555646 0.351517 0.269076 0.0417798 0.128964 0.118475 0.0179338 0.0110787 0.00338818 0.000877161 0.000229217 4.44442e-05 6.84714e-06 7.99536e-07 6.23727e-08 2.55266e-09 4.02881e-11
 2.56954e-27 2.60503e-27 4.71546e-26 9.40744e-20 2.30612e-14 6.83345e-10 2.44763e-06 0.00105973 0.0554624 0.35087 0.268584 0.0418781 0.130058 0.119468 0.0178164 0.0105592 0.00320332 0.000790833 0.000203547 3.83597e-05 5.66634e-06 6.08364e-07 4.23144e-08 1.6839e-09 2.82118e-11
 2.56974e-27 2.60555e-27 4.76144e-26 9.50443e-20 2.3299e-14 6.9039e-10 2.47286e-06 0.00107065 0.0560342 0.354488 0.271344 0.0417719 0.12731 0.116926 0.0172483 0.00990198 0.00298277 0.000704302 0.000177599 3.20536e-05 4.60914e-06 4.74143e-07 3.02865e-08 1.07839e-09 1.74762e-11
 2.57006e-27 2.60645e-27 4.84197e-26 9.67432e-20 2.37154e-14 7.02731e-10 2.51706e-06 0.00108979 0.0570358 0.360824 0.276178 0.0414472 0.121444 0.111533 0.0166628 0.00992355 0.00297814 0.000679804 0.000168427 2.91334e-05 4.03516e-06 3.98878e-07 2.4326e-08 7.94389e-10 1.15986e-11
 2.57005e-27 2.6064e-27 4.83673e-26 9.66326e-20 2.36883e-14 7.01927e-10 2.51418e-06 0.00108855 0.0569706 0.360411 0.275865 0.0415788 0.122665 0.112632 0.0163468 0.00892712 0.00268785 0.000637418 0.000157513 2.63673e-05 3.52861e-06 3.33216e-07 1.94021e-08 6.01203e-10 8.0522e-12
 2.56984e-27 2.6058e-27 4.78097e-26 9.54563e-20 2.34e-14 6.93383e-10 2.48358e-06 0.0010753 0.0562771 0.356024 0.27252 0.0419186 0.127601 0.117147 0.0164293 0.00797641 0.00236524 0.000512743 0.000126077 2.17507e-05 2.86549e-06 2.60321e-07 1.44331e-08 4.25004e-10 5.37388e-12
 2.56988e-27 2.60591e-27 4.79255e-26 9.57006e-20 2.34598e-14 6.95157e-10 2.48994e-06 0.00107805 0.0564211 0.356935 0.273213 0.0417666 0.125957 0.11566 0.0167063 0.00897999 0.00263275 0.00050671 0.000119023 1.90446e-05 2.52516e-06 2.30816e-07 1.23378e-08 3.45276e-10 4.13669e-12
 2.57004e-27 2.60637e-27 4.83443e-26 9.6584e-20 2.36764e-14 7.01574e-10 2.51292e-06 0.001088 0.0569419 0.36023 0.275726 0.0415343 0.122424 0.112423 0.016568 0.0094816 0.00281801 0.000599999 0.000139799 2.00224e-05 2.46726e-06 2.17137e-07 1.16839e-08 3.1747e-10 3.61467e-12
#obs surv len freq
 1.64451e-41 2.28247e-33 3.82931e-26 7.76577e-20 1.90369e-14 5.64098e-10 2.02051e-06 0.000874809 0.045784 0.289643 0.22191 0.0442829 0.164127 0.139476 0.042973 0.0347848 0.0113439 0.0038609 0.000824958 0.000106507 6.055e-06 1.09004e-07 4.59627e-10 3.64331e-13 4.70036e-17
 1.90648e-41 2.64607e-33 4.43933e-26 9.00288e-20 2.20695e-14 6.53959e-10 2.34238e-06 0.00101417 0.0530775 0.335784 0.257154 0.0440429 0.132081 0.10624 0.0336672 0.0256561 0.00810878 0.00259661 0.000514044 5.80467e-05 2.72251e-06 3.82908e-08 1.20998e-10 6.99825e-14 6.48817e-18
 1.92733e-41 2.67501e-33 4.48788e-26 9.10132e-20 2.23108e-14 6.61111e-10 2.36799e-06 0.00102526 0.0536579 0.339456 0.260042 0.0471011 0.141196 0.106238 0.0269337 0.0171828 0.00527187 0.0015772 0.000286476 2.82864e-05 1.09006e-06 1.19058e-08 2.8114e-11 1.18574e-14 7.89805e-19
 1.96462e-41 2.72677e-33 4.57472e-26 9.27744e-20 2.27426e-14 6.73903e-10 2.41381e-06 0.0010451 0.0546962 0.346025 0.265121 0.0487409 0.138999 0.0985468 0.0263853 0.0156171 0.0037317 0.000924169 0.000152188 1.30065e-05 4.10509e-07 3.47619e-09 6.12085e-12 1.88083e-15 9.0036e-20
 1.76086e-41 2.44395e-33 4.10024e-26 8.3152e-20 2.03837e-14 6.04007e-10 2.16346e-06 0.000936702 0.0490233 0.310137 0.23791 0.0549261 0.176323 0.117343 0.0313269 0.0171382 0.00399781 0.000825908 0.000102449 7.22864e-06 1.84985e-07 1.21195e-09 1.5925e-12 3.56709e-16 1.22765e-20
 1.45644e-41 2.02145e-33 3.39139e-26 6.87768e-20 1.68598e-14 4.99587e-10 1.78944e-06 0.000774766 0.0405482 0.256522 0.197242 0.0624782 0.220545 0.139814 0.0486306 0.0264418 0.00579523 0.00108946 0.000111863 5.73032e-06 1.10804e-07 5.54287e-10 5.42934e-13 8.88171e-17 2.20213e-21
 2.08768e-41 2.89756e-33 4.86126e-26 9.85854e-20 2.41671e-14 7.16114e-10 2.565e-06 0.00111056 0.0581222 0.367699 0.281819 0.0503207 0.112607 0.0692189 0.0342826 0.0189511 0.0048893 0.000893967 7.98132e-05 3.1859e-06 4.32901e-08 1.54031e-10 1.10003e-13 1.30978e-17 2.3427e-22
 1.98342e-41 2.75285e-33 4.61848e-26 9.36619e-20 2.29601e-14 6.8035e-10 2.4369e-06 0.00105509 0.0552195 0.349337 0.268145 0.0602461 0.15211 0.0819565 0.019355 0.00897034 0.00295651 0.000591532 5.29693e-05 1.762e-06 1.77498e-08 4.34667e-11 2.12999e-14 1.78236e-18 2.27113e-23
 2.01043e-41 2.79034e-33 4.68138e-26 9.49375e-20 2.32728e-14 6.89616e-10 2.47009e-06 0.00106946 0.0559715 0.354095 0.271908 0.0619265 0.145899 0.0750009 0.0232783 0.00894358 0.00157322 0.000301495 2.96837e-05 9.34892e-07 7.62167e-09 1.35502e-11 4.55814e-15 2.58013e-19 2.2482e-24
 1.72015e-41 2.38745e-33 4.00545e-26 8.12297e-20 1.99125e-14 5.90044e-10 2.11344e-06 0.000915047 0.0478899 0.302972 0.233508 0.0763331 0.199987 0.0959514 0.0293909 0.0107716 0.00201383 0.000246571 1.81436e-05 5.5748e-07 4.07032e-09 5.75516e-12 1.41381e-15 5.56925e-20 3.30381e-25
 2.02219e-41 2.80667e-33 4.70877e-26 9.54928e-20 2.34089e-14 6.9365e-10 2.48454e-06 0.00107572 0.0562989 0.356169 0.273858 0.06654 0.138824 0.0660606 0.029024 0.0101436 0.00178812 0.000204432 1.06828e-05 2.27623e-07 1.40906e-09 1.6912e-12 3.29018e-16 9.65406e-21 4.08983e-26
 1.83755e-41 2.5504e-33 4.27883e-26 8.67738e-20 2.12716e-14 6.30315e-10 2.25769e-06 0.000977501 0.0511585 0.323654 0.24983 0.082077 0.18198 0.0764023 0.0237658 0.00819551 0.00176097 0.000187835 8.41093e-06 1.27663e-07 5.31595e-10 4.82209e-13 7.48903e-17 1.72731e-21 5.55719e-27
 1.92205e-41 2.66768e-33 4.47559e-26 9.07641e-20 2.22497e-14 6.593e-10 2.36151e-06 0.00102245 0.053511 0.338538 0.261332 0.0809198 0.160786 0.0673651 0.0273045 0.00777485 0.00129389 0.000143952 6.14555e-06 7.53662e-08 2.22965e-10 1.34825e-13 1.45654e-17 2.48331e-22 6.07125e-28
 1.62155e-41 2.2506e-33 3.77585e-26 7.65734e-20 1.87711e-14 5.56221e-10 1.99229e-06 0.000862594 0.0451448 0.285621 0.222373 0.104343 0.216872 0.0836914 0.0306195 0.00881909 0.00151562 0.000130954 4.95354e-06 5.44553e-08 1.27683e-10 5.55147e-14 4.067e-18 4.65681e-23 7.84983e-29
 1.47879e-41 2.05246e-33 3.44343e-26 6.98321e-20 1.71185e-14 5.07253e-10 1.8169e-06 0.000786654 0.0411704 0.260486 0.204087 0.11333 0.224488 0.0943316 0.0470355 0.0121973 0.00192308 0.000158201 4.8086e-06 4.23542e-08 8.23367e-11 2.81908e-14 1.52202e-18 1.22356e-23 1.40733e-29
 1.71741e-41 2.38366e-33 3.99908e-26 8.11004e-20 1.98808e-14 5.89105e-10 2.11008e-06 0.000913591 0.0478138 0.302515 0.235955 0.103026 0.176924 0.0764626 0.0416594 0.0124356 0.00213495 0.000154101 4.05021e-06 2.8205e-08 4.16064e-11 1.10257e-14 4.60188e-19 2.78275e-24 2.33049e-30
 1.69436e-41 2.35166e-33 3.94539e-26 8.00118e-20 1.9614e-14 5.81197e-10 2.08175e-06 0.000901328 0.0471719 0.298469 0.23429 0.118293 0.19092 0.0693245 0.0297231 0.00906768 0.00170707 0.000128383 2.93357e-06 1.64934e-08 1.87357e-11 3.6794e-15 1.13317e-19 5.105e-25 3.19328e-31
 1.70135e-41 2.36137e-33 3.96168e-26 8.03421e-20 1.96949e-14 5.83596e-10 2.09035e-06 0.000905048 0.0473667 0.299713 0.236236 0.123981 0.184709 0.0691504 0.0296426 0.00703266 0.00116935 8.92111e-05 1.95187e-06 9.28641e-09 8.23742e-12 1.22017e-15 2.76722e-20 9.0424e-26 4.08922e-32
 1.66022e-41 2.30428e-33 3.8659e-26 7.83997e-20 1.92188e-14 5.69487e-10 2.03981e-06 0.000883167 0.0462215 0.29249 0.232338 0.135449 0.188072 0.0687048 0.0283742 0.00652138 0.000887583 5.53691e-05 1.09837e-06 4.63051e-09 3.38422e-12 3.88186e-16 6.58218e-21 1.57941e-26 5.18392e-33
 1.7537e-41 2.43402e-33 4.08357e-26 8.28139e-20 2.03009e-14 6.01552e-10 2.15466e-06 0.000932894 0.0488241 0.308969 0.245592 0.133695 0.167825 0.0626832 0.0253196 0.00545213 0.000669856 3.34629e-05 5.15783e-07 1.78876e-09 1.08431e-12 1.00102e-16 1.3161e-21 2.3751e-27 5.74468e-34
 1.71797e-41 2.38443e-33 4.00038e-26 8.1127e-20 1.98873e-14 5.89298e-10 2.11077e-06 0.000913889 0.0478295 0.302713 0.243121 0.147784 0.172163 0.0590119 0.0214901 0.00445668 0.000493826 2.07106e-05 2.45224e-07 6.33687e-10 2.9385e-13 2.12007e-17 2.17784e-22 3.03076e-28 5.55682e-35
 1.7261e-41 2.39572e-33 4.01932e-26 8.15109e-20 1.99814e-14 5.92087e-10 2.12076e-06 0.000918215 0.048056 0.304182 0.245987 0.153047 0.164759 0.0587773 0.0202443 0.00365711 0.000358262 1.27705e-05 1.19534e-07 2.30439e-10 7.75867e-14 4.08359e-18 3.11051e-23 3.24975e-29 4.49287e-36
 1.72261e-41 2.39087e-33 4.01117e-26 8.13458e-20 1.9941e-14 5.90887e-10 2.11646e-06 0.000916355 0.0479587 0.303617 0.247904 0.161335 0.160392 0.0561469 0.0183297 0.00313127 0.000259415 7.57051e-06 5.64444e-08 8.29238e-11 2.05263e-14 7.77233e-19 4.22769e-24 3.16439e-30 3.16008e-37
 1.74901e-41 2.42751e-33 4.07264e-26 8.25924e-20 2.02466e-14 5.99943e-10 2.1489e-06 0.000930398 0.0486938 0.308323 0.253641 0.165483 0.151499 0.0527178 0.0160004 0.00252141 0.000183649 4.33482e-06 2.49788e-08 2.78975e-11 5.14763e-15 1.42458e-19 5.57821e-25 2.97625e-31 2.1084e-38
 1.69179e-41 2.3481e-33 3.93942e-26 7.98907e-20 1.95843e-14 5.80318e-10 2.0786e-06 0.000899963 0.0471013 0.298347 0.250105 0.180723 0.154367 0.0517869 0.0144565 0.00207817 0.000130885 2.5363e-06 1.13083e-08 9.4312e-12 1.2836e-15 2.60306e-20 7.41249e-26 2.85306e-32 1.44766e-39
 1.59661e-41 2.21599e-33 3.71778e-26 7.53959e-20 1.84824e-14 5.47668e-10 1.96166e-06 0.00084933 0.0444517 0.281719 0.242322 0.196829 0.160298 0.0566855 0.0148348 0.00190358 0.000102184 1.60866e-06 5.58497e-09 3.50265e-12 3.49963e-16 5.14858e-21 1.05898e-26 2.93839e-33 1.07264e-40
 1.59992e-41 2.22059e-33 3.7255e-26 7.55524e-20 1.85208e-14 5.48805e-10 1.96573e-06 0.000851093 0.0445444 0.282429 0.246088 0.199365 0.153444 0.0569431 0.0145228 0.00173196 7.83671e-05 9.8742e-07 2.64954e-09 1.25189e-12 9.24623e-17 9.91178e-22 1.47074e-27 2.92693e-34 7.64203e-42
 1.64833e-41 2.28778e-33 3.83822e-26 7.78383e-20 1.90811e-14 5.65409e-10 2.0252e-06 0.000876844 0.0458927 0.291097 0.255708 0.199006 0.142002 0.0513324 0.0125978 0.00142849 5.62317e-05 5.68028e-07 1.16683e-09 4.12698e-13 2.25012e-17 1.7628e-22 1.8968e-28 2.72026e-35 5.09295e-43
#pred catch len freq
 2.56522e-27 2.59388e-27 3.80495e-26 7.48695e-20 1.83534e-14 5.43843e-10 1.94795e-06 0.00084339 0.04414 0.279242 0.213827 0.0379471 0.13861 0.128079 0.0319202 0.040976 0.0188718 0.0162701 0.0108972 0.00890271 0.0074103 0.00672042 0.00701557 0.00636678 0.00195889
 2.56715e-27 2.59877e-27 4.19016e-26 8.29937e-20 2.03449e-14 6.02856e-10 2.15933e-06 0.000934907 0.0489296 0.309542 0.237013 0.0410387 0.14585 0.134377 0.0264279 0.026597 0.0103917 0.00663039 0.00360686 0.00246062 0.00177113 0.00142245 0.00134525 0.0012382 0.000419355
 2.56832e-27 2.60183e-27 4.44566e-26 8.83831e-20 2.1666e-14 6.42004e-10 2.29955e-06 0.000995617 0.052107 0.329643 0.252371 0.04159 0.139256 0.128154 0.0229043 0.0200305 0.00690288 0.00308833 0.00128447 0.000644479 0.000358878 0.000238742 0.000195096 0.000172616 6.0956e-05
 2.56849e-27 2.60227e-27 4.48077e-26 8.91237e-20 2.18476e-14 6.47384e-10 2.31882e-06 0.00100396 0.0525437 0.332406 0.254484 0.0418201 0.139523 0.128356 0.0221642 0.018268 0.00600724 0.00222621 0.000740642 0.000254188 9.50839e-05 4.54212e-05 2.9313e-05 2.33332e-05 8.25476e-06
 2.56786e-27 2.60054e-27 4.32811e-26 8.59032e-20 2.10581e-14 6.2399e-10 2.23503e-06 0.000967682 0.050645 0.320394 0.245319 0.0422734 0.149411 0.137488 0.023919 0.0199674 0.0064635 0.00222138 0.000675045 0.000183551 4.53207e-05 1.3094e-05 5.54659e-06 3.56548e-06 1.21222e-06
 2.56627e-27 2.59627e-27 3.95337e-26 7.79978e-20 1.91202e-14 5.66566e-10 2.02935e-06 0.000878629 0.0459843 0.290909 0.222819 0.0431308 0.171745 0.158155 0.0286116 0.0254771 0.0082836 0.00288716 0.000853214 0.000211739 4.22535e-05 7.6595e-06 1.68566e-06 7.01418e-07 2.14617e-07
 2.56742e-27 2.59943e-27 4.23554e-26 8.39505e-20 2.05795e-14 6.09806e-10 2.18422e-06 0.000945685 0.0494937 0.313111 0.239754 0.0420395 0.151542 0.139563 0.0262503 0.0247809 0.00821212 0.00309712 0.000927771 0.000230538 4.27363e-05 6.20774e-06 7.48815e-07 1.41609e-07 3.33993e-08
 2.56941e-27 2.60477e-27 4.70373e-26 9.38273e-20 2.30006e-14 6.8155e-10 2.4412e-06 0.00105694 0.0553167 0.349948 0.267867 0.0410361 0.124155 0.1142 0.0201222 0.017182 0.00579136 0.00235316 0.000732931 0.000194454 3.64447e-05 4.98904e-06 4.53676e-07 3.61809e-08 4.5403e-09
 2.56907e-27 2.60379e-27 4.61078e-26 9.18663e-20 2.25199e-14 6.67305e-10 2.39017e-06 0.00103485 0.0541605 0.342634 0.262294 0.0417883 0.133794 0.122994 0.0198608 0.0143553 0.00467855 0.00168104 0.000534717 0.000152171 3.0431e-05 4.30494e-06 3.65948e-07 1.85401e-08 8.73653e-10
 2.56823e-27 2.60155e-27 4.41454e-26 8.77264e-20 2.15051e-14 6.37234e-10 2.28246e-06 0.00098822 0.0517199 0.327194 0.25051 0.042189 0.145122 0.1335 0.0226655 0.0180985 0.00568023 0.0016747 0.000493978 0.000128875 2.71565e-05 4.13299e-06 3.6613e-07 1.65841e-08 3.933e-10
 2.56863e-27 2.60262e-27 4.51027e-26 8.9746e-20 2.20001e-14 6.51904e-10 2.33501e-06 0.00101097 0.0529105 0.334726 0.256256 0.0418509 0.138512 0.127407 0.021721 0.0174859 0.00561315 0.00185132 0.000514833 0.000112058 2.1243e-05 3.23976e-06 3.09639e-07 1.45064e-08 2.80992e-10
 2.56911e-27 2.60391e-27 4.62367e-26 9.21383e-20 2.25866e-14 6.69281e-10 2.39725e-06 0.00103792 0.0543209 0.343649 0.263066 0.0416078 0.131878 0.121263 0.0202289 0.0156279 0.00502267 0.00167541 0.000485567 0.00011325 1.87191e-05 2.45297e-06 2.28301e-07 1.1415e-08 2.23701e-10
 2.5689e-27 2.60332e-27 4.56901e-26 9.09851e-20 2.23039e-14 6.60904e-10 2.36725e-06 0.00102493 0.053641 0.339348 0.259787 0.04196 0.136862 0.125821 0.0202848 0.0146032 0.00464147 0.00147543 0.000426963 0.000101814 1.79431e-05 2.20967e-06 1.74072e-07 8.34878e-09 1.7183e-10
 2.56848e-27 2.60219e-27 4.46913e-26 8.88779e-20 2.17874e-14 6.45598e-10 2.31242e-06 0.00100119 0.0523988 0.331489 0.25379 0.0422083 0.142965 0.131468 0.0215566 0.0160789 0.00503668 0.0014754 0.000415368 9.53187e-05 1.69687e-05 2.19145e-06 1.66844e-07 6.88324e-09 1.34977e-10
 2.56706e-27 2.59833e-27 4.12725e-26 8.16657e-20 2.00194e-14 5.9321e-10 2.12478e-06 0.000919947 0.0481467 0.30459 0.233267 0.0432846 0.165575 0.152317 0.0249755 0.0186325 0.00588044 0.00179154 0.000492818 0.000105053 1.79315e-05 2.29465e-06 1.81045e-07 7.22889e-09 1.24752e-10
 2.56762e-27 2.59989e-27 4.27031e-26 8.46839e-20 2.07592e-14 6.15133e-10 2.2033e-06 0.000953947 0.0499261 0.315846 0.241849 0.0424211 0.152974 0.14079 0.0247675 0.0210628 0.00666239 0.00203137 0.000566414 0.000123637 1.99925e-05 2.4053e-06 1.8618e-07 7.60231e-09 1.26506e-10
 2.56883e-27 2.60316e-27 4.55652e-26 9.07217e-20 2.22393e-14 6.58991e-10 2.36039e-06 0.00102196 0.0534857 0.338365 0.259035 0.0418568 0.136605 0.125611 0.0207361 0.0156947 0.00511534 0.00181992 0.000516234 0.000113266 1.87098e-05 2.19599e-06 1.58859e-07 6.32423e-09 1.0627e-10
 2.5688e-27 2.60303e-27 4.54232e-26 9.04219e-20 2.21658e-14 6.56814e-10 2.3526e-06 0.00101858 0.053309 0.337248 0.258186 0.0421396 0.139353 0.128098 0.0202828 0.0140233 0.00443289 0.00137759 0.000407807 0.000101526 1.70945e-05 2.03633e-06 1.45261e-07 5.43967e-09 8.87884e-11
 2.56897e-27 2.60348e-27 4.58057e-26 9.12287e-20 2.23636e-14 6.62674e-10 2.37359e-06 0.00102767 0.0537847 0.340257 0.260483 0.0421233 0.137615 0.126475 0.0196614 0.0130086 0.0040334 0.00112865 0.000313285 7.11457e-05 1.31572e-05 1.68127e-06 1.21857e-07 4.5035e-09 6.97494e-11
 2.5693e-27 2.60437e-27 4.65912e-26 9.28859e-20 2.27699e-14 6.74712e-10 2.4167e-06 0.00104634 0.0547617 0.346437 0.2652 0.0419174 0.132734 0.121966 0.0187734 0.0121161 0.00372484 0.000991442 0.00026408 5.40131e-05 9.06797e-06 1.18263e-06 9.36236e-08 3.54865e-09 5.4218e-11
 2.5696e-27 2.6052e-27 4.73201e-26 9.44236e-20 2.31468e-14 6.85881e-10 2.45671e-06 0.00106366 0.0556682 0.352173 0.269576 0.0417517 0.128399 0.117954 0.017855 0.01103 0.00337329 0.000873305 0.000228209 4.42488e-05 6.81705e-06 7.96022e-07 6.20986e-08 2.54144e-09 4.01111e-11
 2.56964e-27 2.6053e-27 4.73968e-26 9.45854e-20 2.31865e-14 6.87056e-10 2.46092e-06 0.00106548 0.0557636 0.352776 0.270038 0.0417955 0.128408 0.117948 0.0175898 0.0104249 0.00316257 0.000780772 0.000200957 3.78717e-05 5.59426e-06 6.00625e-07 4.17761e-08 1.66247e-09 2.78529e-11
 2.56974e-27 2.60555e-27 4.76118e-26 9.50389e-20 2.32976e-14 6.90351e-10 2.47272e-06 0.00107059 0.056031 0.354468 0.271329 0.0417728 0.127328 0.116942 0.0172507 0.00990334 0.00298318 0.000704398 0.000177624 3.2058e-05 4.60977e-06 4.74208e-07 3.02907e-08 1.07854e-09 1.74786e-11
 2.57013e-27 2.60662e-27 4.85704e-26 9.70612e-20 2.37934e-14 7.0504e-10 2.52534e-06 0.00109337 0.0572232 0.36201 0.277082 0.0413959 0.120417 0.110587 0.0165215 0.0098394 0.00295289 0.00067404 0.000166999 2.88863e-05 4.00095e-06 3.95496e-07 2.41197e-08 7.87653e-10 1.15002e-11
 2.5703e-27 2.60707e-27 4.89635e-26 9.78904e-20 2.39967e-14 7.11064e-10 2.54691e-06 0.00110272 0.0577121 0.365103 0.279444 0.0413719 0.118576 0.108865 0.0158001 0.00862855 0.00259795 0.000616099 0.000152245 2.54854e-05 3.4106e-06 3.22072e-07 1.87532e-08 5.81096e-10 7.7829e-12
 2.57e-27 2.60623e-27 4.81983e-26 9.6276e-20 2.36009e-14 6.99337e-10 2.50491e-06 0.00108453 0.0567604 0.359082 0.274853 0.0417807 0.124912 0.114671 0.0160821 0.00780782 0.00231525 0.000501906 0.000123412 2.1291e-05 2.80492e-06 2.54819e-07 1.4128e-08 4.16021e-10 5.2603e-12
 2.56992e-27 2.60603e-27 4.80317e-26 9.59245e-20 2.35147e-14 6.96784e-10 2.49576e-06 0.00108057 0.0565531 0.357771 0.273851 0.0417296 0.125227 0.114987 0.0166092 0.00892781 0.00261745 0.000503766 0.000118331 1.89339e-05 2.51048e-06 2.29474e-07 1.22661e-08 3.4327e-10 4.11265e-12
 2.56937e-27 2.60453e-27 4.6709e-26 9.31344e-20 2.28308e-14 6.76516e-10 2.42317e-06 0.00104914 0.0549082 0.347364 0.26591 0.042097 0.133602 0.122722 0.0180858 0.0103502 0.00307616 0.000654962 0.000152606 2.18565e-05 2.69327e-06 2.37028e-07 1.27542e-08 3.46552e-10 3.9458e-12
#obs catch len freq
 1.63043e-41 2.26292e-33 3.79652e-26 7.69927e-20 1.88739e-14 5.59267e-10 2.0032e-06 0.000867318 0.045392 0.287163 0.220017 0.0443238 0.165614 0.140777 0.0436789 0.0354922 0.0116432 0.00401839 0.000885493 0.000118681 7.02958e-06 1.32049e-07 5.79491e-10 4.75425e-13 6.31806e-17
 1.65156e-41 2.29225e-33 3.84573e-26 7.79906e-20 1.91185e-14 5.66515e-10 2.02917e-06 0.000878559 0.0459802 0.290885 0.222922 0.0463637 0.167711 0.134994 0.0428479 0.0327306 0.0105035 0.0034094 0.000687722 8.02921e-05 3.92039e-06 5.73508e-08 1.87997e-10 1.12367e-13 1.07179e-17
 1.91967e-41 2.66438e-33 4.47004e-26 9.06516e-20 2.22222e-14 6.58483e-10 2.35858e-06 0.00102118 0.0534447 0.338107 0.258986 0.0457912 0.133804 0.1017 0.0332496 0.023784 0.0073987 0.00224907 0.000417465 4.2228e-05 1.6839e-06 1.90845e-08 4.66184e-11 2.02629e-14 1.38617e-18
 1.94555e-41 2.7003e-33 4.53031e-26 9.18737e-20 2.25218e-14 6.67361e-10 2.39038e-06 0.00103495 0.0541652 0.342665 0.262563 0.0490177 0.141932 0.100498 0.0260812 0.0157096 0.00474347 0.00134013 0.000226755 1.98643e-05 6.44067e-07 5.62368e-09 1.02118e-11 3.22654e-15 1.58294e-19
 1.9877e-41 2.75879e-33 4.62845e-26 9.3864e-20 2.30097e-14 6.81818e-10 2.44216e-06 0.00105737 0.0553386 0.350089 0.268303 0.0506849 0.138663 0.0923506 0.0253579 0.0139948 0.00326291 0.000769485 0.000117274 8.8103e-06 2.31629e-07 1.55577e-09 2.09609e-12 4.81098e-16 1.6934e-20
 1.7925e-41 2.48787e-33 4.17391e-26 8.46461e-20 2.075e-14 6.1486e-10 2.20233e-06 0.000953532 0.0499041 0.31571 0.242281 0.057514 0.175097 0.109255 0.029892 0.0151986 0.00344692 0.000664966 7.65248e-05 4.72984e-06 9.99136e-08 5.15433e-10 5.15737e-13 8.60416e-17 2.17376e-21
 1.49566e-41 2.07588e-33 3.48272e-26 7.06289e-20 1.73138e-14 5.13041e-10 1.83763e-06 0.00079563 0.0416401 0.263431 0.202688 0.0660538 0.219062 0.130453 0.0466847 0.0232898 0.00495235 0.000863454 8.06992e-05 3.60548e-06 5.74544e-08 2.25041e-10 1.67115e-13 2.0305e-17 3.6896e-22
 2.12227e-41 2.94558e-33 4.94181e-26 1.00219e-19 2.45675e-14 7.2798e-10 2.60751e-06 0.00112896 0.0590853 0.373792 0.286565 0.0520359 0.109831 0.0638145 0.0324628 0.016434 0.00410593 0.000684819 5.50496e-05 1.88618e-06 2.10072e-08 5.84828e-11 3.1584e-14 2.78636e-18 3.64648e-23
 2.02254e-41 2.80715e-33 4.70957e-26 9.55091e-20 2.34129e-14 6.93768e-10 2.48496e-06 0.0010759 0.0563085 0.356227 0.273552 0.0625126 0.147556 0.0741276 0.0178384 0.00782799 0.00248439 0.000450414 3.55872e-05 1.00062e-06 8.16926e-09 1.55911e-11 5.77513e-15 3.577e-19 3.33033e-24
 2.05214e-41 2.84824e-33 4.77851e-26 9.69073e-20 2.37557e-14 7.03924e-10 2.52134e-06 0.00109165 0.0571328 0.361443 0.277678 0.064114 0.140567 0.0676454 0.0213364 0.00745657 0.0012831 0.000229394 1.96011e-05 5.12253e-07 3.3364e-09 4.58991e-12 1.16442e-15 4.87782e-20 3.10454e-25
 1.77277e-41 2.46048e-33 4.12797e-26 8.37144e-20 2.05216e-14 6.08093e-10 2.17809e-06 0.000943037 0.0493548 0.312241 0.240851 0.0796247 0.192761 0.0865697 0.0268437 0.00901476 0.00160282 0.0001792 1.18296e-05 2.99044e-07 1.7182e-09 1.86136e-12 3.43303e-16 9.99652e-21 4.33294e-26
 2.0694e-41 2.8722e-33 4.81871e-26 9.77224e-20 2.39555e-14 7.09845e-10 2.54255e-06 0.00110084 0.0576134 0.364486 0.280412 0.0686431 0.132145 0.0595264 0.0261986 0.00832674 0.00139442 0.000143184 6.54428e-06 1.16619e-07 5.67633e-10 5.17292e-13 7.50811e-17 1.62382e-21 5.02366e-27
 1.89244e-41 2.62659e-33 4.40665e-26 8.93659e-20 2.1907e-14 6.49145e-10 2.32513e-06 0.0010067 0.0526867 0.333325 0.257534 0.084947 0.172873 0.0680639 0.0212481 0.00681605 0.00136391 0.000129135 4.97388e-06 6.20883e-08 2.04253e-10 1.40892e-13 1.62558e-17 2.75254e-22 6.45368e-28
 1.97723e-41 2.74426e-33 4.60407e-26 9.33697e-20 2.28885e-14 6.78227e-10 2.4293e-06 0.0010518 0.0550472 0.34826 0.269077 0.0833281 0.15156 0.0602375 0.0240861 0.00625973 0.000988892 9.76706e-05 3.51121e-06 3.49031e-08 8.07758e-11 3.71309e-14 2.98229e-18 3.725e-23 6.617e-29
 1.68556e-41 2.33945e-33 3.92491e-26 7.95964e-20 1.95121e-14 5.7818e-10 2.07094e-06 0.000896648 0.046927 0.296901 0.231536 0.108151 0.205174 0.0749906 0.0270077 0.00718739 0.00113679 8.71723e-05 2.78819e-06 2.44908e-08 4.4425e-11 1.46017e-14 7.94343e-19 6.6646e-24 8.15383e-30
 1.54741e-41 2.14771e-33 3.60322e-26 7.30726e-20 1.79129e-14 5.30792e-10 1.90121e-06 0.000823158 0.0430809 0.27258 0.214016 0.117735 0.212721 0.0863562 0.0413028 0.00984371 0.00143377 0.000103026 2.61768e-06 1.84346e-08 2.75402e-11 7.07987e-15 2.82894e-19 1.66531e-24 1.39117e-30
 1.78566e-41 2.47838e-33 4.158e-26 8.43234e-20 2.06709e-14 6.12516e-10 2.19393e-06 0.000949898 0.0497139 0.314543 0.245737 0.10587 0.165552 0.069758 0.0361865 0.0100412 0.00154747 9.70524e-05 2.11e-06 1.16308e-08 1.31533e-11 2.60956e-15 8.0319e-20 3.54865e-25 2.15748e-31
 1.76268e-41 2.44649e-33 4.10449e-26 8.32383e-20 2.04049e-14 6.04634e-10 2.1657e-06 0.000937674 0.0490742 0.310513 0.24425 0.121154 0.177607 0.0621718 0.0256385 0.00733489 0.00123563 7.9171e-05 1.47576e-06 6.51902e-09 5.64138e-12 8.26904e-16 1.87439e-20 6.15626e-26 2.79015e-32
 1.77093e-41 2.45794e-33 4.1237e-26 8.36279e-20 2.05004e-14 6.07464e-10 2.17584e-06 0.000942063 0.0493039 0.311983 0.246464 0.126491 0.171127 0.0621756 0.0250621 0.00555596 0.000838613 5.41919e-05 9.52283e-07 3.51636e-09 2.36209e-12 2.60191e-16 4.33327e-21 1.03092e-26 3.3736e-33
 1.73159e-41 2.40333e-33 4.03208e-26 8.17697e-20 2.00449e-14 5.93967e-10 2.12749e-06 0.000921131 0.0482084 0.305078 0.242985 0.137824 0.173737 0.0616728 0.0238477 0.00507262 0.000617422 3.28734e-05 5.21458e-07 1.68863e-09 9.26988e-13 7.87122e-17 9.77706e-22 1.70548e-27 4.04699e-34
 1.82396e-41 2.53153e-33 4.24717e-26 8.61318e-20 2.11142e-14 6.25652e-10 2.24099e-06 0.000970269 0.0507802 0.321366 0.256095 0.135126 0.153998 0.0560251 0.0209932 0.00417193 0.000452497 1.90504e-05 2.34972e-07 6.24362e-10 2.82642e-13 1.92184e-17 1.84502e-22 2.41632e-28 4.22138e-35
 1.78913e-41 2.48319e-33 4.16607e-26 8.4487e-20 2.0711e-14 6.13705e-10 2.19819e-06 0.00095174 0.0498105 0.315275 0.25397 0.148868 0.157374 0.0523395 0.0177014 0.00336917 0.000326256 1.13884e-05 1.06965e-07 2.11397e-10 7.30837e-14 3.8713e-18 2.89438e-23 2.91596e-29 3.85599e-36
 1.79778e-41 2.4952e-33 4.18621e-26 8.48955e-20 2.08111e-14 6.16671e-10 2.20882e-06 0.000956341 0.0500514 0.316842 0.257035 0.153521 0.150227 0.0519818 0.0164285 0.00271584 0.000231223 6.78443e-06 4.99187e-08 7.32006e-11 1.83355e-14 7.07533e-19 3.91465e-24 2.95379e-30 2.93882e-37
 1.79474e-41 2.49098e-33 4.17913e-26 8.47519e-20 2.07759e-14 6.15629e-10 2.20508e-06 0.000954724 0.049967 0.316368 0.259189 0.16116 0.145774 0.0493738 0.0147633 0.00228126 0.000162726 3.88508e-06 2.26014e-08 2.51171e-11 4.61061e-15 1.27796e-19 5.04439e-25 2.72375e-31 1.95438e-38
 1.82072e-41 2.52704e-33 4.23963e-26 8.59788e-20 2.10767e-14 6.24541e-10 2.237e-06 0.000968545 0.0506905 0.321012 0.264983 0.164486 0.137191 0.0460115 0.0127369 0.00180448 0.000111891 2.13968e-06 9.57178e-09 8.0529e-12 1.09847e-15 2.22107e-20 6.30492e-26 2.42559e-32 1.23418e-39
 1.76468e-41 2.44927e-33 4.10915e-26 8.33328e-20 2.0428e-14 6.0532e-10 2.16816e-06 0.000938738 0.0491309 0.311265 0.261947 0.17918 0.139646 0.0449411 0.0114083 0.00146222 7.77346e-05 1.20886e-06 4.15605e-09 2.60167e-12 2.61138e-16 3.862e-21 7.96254e-27 2.20825e-33 8.04537e-41
 1.67197e-41 2.32059e-33 3.89327e-26 7.89548e-20 1.93548e-14 5.73519e-10 2.05425e-06 0.000889421 0.0465503 0.295101 0.254938 0.194965 0.145516 0.0490657 0.0115966 0.00131633 5.913e-05 7.41092e-07 1.97191e-09 9.2448e-13 6.79603e-17 7.28049e-22 1.08294e-27 2.16298e-34 5.66527e-42
 1.6755e-41 2.32549e-33 3.90148e-26 7.91213e-20 1.93957e-14 5.74729e-10 2.05859e-06 0.000891297 0.0466491 0.295872 0.258901 0.196819 0.139361 0.049037 0.0112515 0.00117204 4.39567e-05 4.3775e-07 8.95502e-10 3.1516e-13 1.70857e-17 1.33174e-22 1.42778e-28 2.04396e-35 3.82679e-43
#spawning biomass
 5522.95 6292.66 7429.82 10332.5 14575.1 17517.1 16587.4 20744.6 31659.2 47172 58127.2 76614.7 98759.9 121022 119308 104840 95818.7 101004 96635.5 94623.7 96691.7 100181 100857 113762 125853 119307 119481 132054 180213 308122 334314 319996 284896 243850 205306 172900 147414 128235 114239 104249 97232.7 92361.2 88986.1 86644.9 85085.9 84047.7 83356.4 82896 82589.4 82385.2 82249.2 82158.7 82098.4 82058.3 82031.5 82013.7 82001.9 81994 81988.7 81985.2 81982.9 81981.3 81980.3 81979.6 81979.2 81978.8 81978.6 81978.5 81978.4 81978.4 81978.3 81978.3 81978.3 81978.3 81978.3 81978.3 81978.2 81978.2 81978.2 81978.2 81978.2 81978.2 81978.2 81978.2 81978.2 81978.2 81978.2 81978.2 81978.2 81978.2 81978.2 81978.2 81978.2 81978.2 81978.2 81978.2 81978.2 81978.2 81978.2 81978.2 81978.2 81978.2 81978.2 81978.2 81978.2 81978.2 81978.2 81978.2 81978.2 81978.2 81978.2 81978.2 81978.2 81978.2 81978.2 81978.2 81978.2 81978.2 81978.2 81978.2 81978.2 81978.2 81978.2 81978.2 81978.2 81978.2 81978.2 81978.2 0 0 0 0 0 0 0 0 0 0 0 0 0 0 0 0 0 0 0 0 0 0 0 0 0
