SBPRF35
0.0713553
Curr Bio
76068.3
B35
90253.9
F35
2.56527
FOFL
2.12178
OFL
41591.3
Bzero
20386.1
#pred survey bio
 9308.85 8462.9 6249.14 7044.08 9774.23 15762.5 21429.7 27327.5 37083.8 47393.2 67032.7 99313.4 126548 137356 147750 129852 137402 127762 135341 124708 111136 114398 105933 100206 143865 137478 141733 119819 105843 3.68227e+06 1.35625e+06 444142 298681 253509 234452 226011 222277 220639 219928 219621 219489 219433 219409 219399 219395 219393 219392 219392 219392 219392 219392 219392 219392 219392 219392 219392 219392 219392 219392 219392 219392 219392 219392 219392 219392 219392 219392 219392 219392 219392 219392 219392 219392 219392 219392 219392 219392 219392 219392 219392 219392 219392 219392 219392 219392 219392 219392 219392 219392 219392 219392 219392 219392 219392 219392 219392 219392 219392 219392 219392 219392 219392 219392 219392 219392 219392 219392 219392 219392 219392 219392 219392 219392 219392 219392 219392 219392 219392 219392 219392 219392 219392 219392 219392 219392 219392 219392 219392 219392 0 0 0 0 0 0 0 0 0 0 0 0 0 0 0 0 0 0 0 0 0 0 0 0 0
#obs survey bio
 6292.01 4351 4962.67 5825.4 7469.97 13514.9 19932.9 15281.4 31484.2 30962.4 48955.8 65292.5 109368 100458 140756 96460.5 76584.3 139996 86932.8 87786.1 86153.8 118956 119072 84808.7 135758 117814 110135 120855 64407
#pred catch bio
 1995.67 3341.48 2756.22 2929.89 3532.72 6330.56 9939.19 12750.1 18696.9 24636.9 34041.3 55282 74463.2 83430 100537 88779.7 98427.5 78657.5 97772 95549.4 84990.8 90231.6 82976.1 73438.9 117593 115305 122835 103980 92031 41591.3 36563 6629.26 4809.59 4725.73 4722.25 4722.12 4722.11 4722.11 4722.11 4722.11 4722.11 4722.11 4722.11 4722.11 4722.11 4722.11 4722.11 4722.11 4722.11 4722.11 4722.11 4722.11 4722.11 4722.11 4722.11 4722.11 4722.11 4722.11 4722.11 4722.11 4722.11 4722.11 4722.11 4722.11 4722.11 4722.11 4722.11 4722.11 4722.11 4722.11 4722.11 4722.11 4722.11 4722.11 4722.11 4722.11 4722.11 4722.11 4722.11 4722.11 4722.11 4722.11 4722.11 4722.11 4722.11 4722.11 4722.11 4722.11 4722.11 4722.11 4722.11 4722.11 4722.11 4722.11 4722.11 4722.11 4722.11 4722.11 4722.11 4722.11 4722.11 4722.11 4722.11 4722.11 4722.11 4722.11 4722.11 4722.11 4722.11 4722.11 4722.11 4722.11 4722.11 4722.11 4722.11 4722.11 4722.11 4722.11 4722.11 4722.11 4722.11 4722.11 4722.11 4722.11 4722.11 4722.11 4722.11 4722.11 4722.11 0 0 0 0 0 0 0 0 0 0 0 0 0 0 0 0 0 0 0 0 0 0 0 0 0
#obs catch bio
 4218.48 3948.36 3315.12 3060.41 3630.31 6007.88 9687.71 12686.8 18297.4 24531.7 32815 53900.3 67191.7 79740.3 94758.2 90202.6 99134.9 65324.8 88681.6 91085.6 76288.3 78834 69862.1 61429.9 101312 102984 109532 85334.9 91257.2
#pred cpue bio
 6433.79 6526.19 4322.9 4007.26 5461.25 8754.19 12259.2 15061.2 20037.2 25257.8 34137 50598.6 64350 70831.3 74668.5 63366.3 63852.4 58734.3 68417.5 56839.2 48210.3 48575.4 44390.8 42154.3 60114.8 55424.2 55431.8 46245.4 40680.1 1.40225e+06 1.2385e+06 361792 216440 171269 152211 143770 140036 138399 137687 137380 137248 137192 137169 137159 137154 137152 137152 137151 137151 137151 137151 137151 137151 137151 137151 137151 137151 137151 137151 137151 137151 137151 137151 137151 137151 137151 137151 137151 137151 137151 137151 137151 137151 137151 137151 137151 137151 137151 137151 137151 137151 137151 137151 137151 137151 137151 137151 137151 137151 137151 137151 137151 137151 137151 137151 137151 137151 137151 137151 137151 137151 137151 137151 137151 137151 137151 137151 137151 137151 137151 137151 137151 137151 137151 137151 137151 137151 137151 137151 137151 137151 137151 137151 137151 137151 137151 137151 137151 137151 0 0 0 0 0 0 0 0 0 0 0 0 0 0 0 0 0 0 0 0 0 0 0 0 0
#obs cpue bio
 8324.41 4317.22 3941.56 4832.46 6294.83 16682.5 14194.6 23534.7 29207 36899.7 56694.2 86293.9 128623 100477 108940 70436.5 121075 131015 136880 96385.8 96200.1 82135 79805.8 95655.5 116302 97047 114769 101552 64320.3
#pred surv len freq
 1.79737e-11 1.95173e-09 1.24952e-07 4.7163e-06 0.000104954 0.00137703 0.0106524 0.0485965 0.13089 0.209316 0.204366 0.13736 0.0866528 0.0611477 0.0400393 0.0241058 0.0149079 0.00945796 0.00619109 0.00427989 0.00318181 0.00258207 0.00217906 0.00165186 0.000954494
 1.40715e-11 1.528e-09 9.78239e-08 3.69236e-06 8.21684e-05 0.00107809 0.00834061 0.038068 0.102777 0.166336 0.171766 0.14074 0.123404 0.103899 0.0671579 0.0354247 0.0182967 0.00966341 0.00518732 0.00291689 0.00176895 0.00119653 0.000889973 0.000637825 0.000365534
 1.71491e-11 1.86218e-09 1.19219e-07 4.49991e-06 0.000100139 0.00131385 0.0101638 0.046372 0.124955 0.200289 0.197744 0.138876 0.0960442 0.0727925 0.0492879 0.0297626 0.0168504 0.00840541 0.00375615 0.00165589 0.000768157 0.000395583 0.000234877 0.000147701 8.02852e-05
 2.01697e-11 2.19019e-09 1.40218e-07 5.29251e-06 0.000117777 0.00154526 0.0119535 0.0545273 0.146792 0.234164 0.225855 0.144222 0.0800161 0.049035 0.0276944 0.0129889 0.00593487 0.00287096 0.00135062 0.00057114 0.000216902 8.11222e-05 3.39196e-05 1.64219e-05 7.81734e-06
 2.01904e-11 2.19243e-09 1.40362e-07 5.29795e-06 0.000117898 0.00154685 0.0119659 0.0545843 0.146958 0.234527 0.226672 0.145988 0.082608 0.0509175 0.0274183 0.011006 0.00371606 0.00126471 0.000449622 0.000166068 6.04816e-05 2.00637e-05 6.17873e-06 2.00684e-06 7.15832e-07
 2.02927e-11 2.20354e-09 1.41073e-07 5.32479e-06 0.000118495 0.00155468 0.0120265 0.0548602 0.147692 0.235634 0.227433 0.145646 0.0812797 0.0496335 0.0270077 0.011266 0.00400309 0.00132092 0.000383252 9.98617e-05 2.60534e-05 7.04373e-06 1.85415e-06 4.54716e-07 1.09435e-07
 1.98381e-11 2.15418e-09 1.37913e-07 5.20551e-06 0.000115841 0.00151986 0.0117572 0.0536338 0.144419 0.230637 0.223682 0.146164 0.0857188 0.0545999 0.0298157 0.0120684 0.00406324 0.00129796 0.000378957 9.65972e-05 2.14511e-05 4.21043e-06 7.80367e-07 1.4328e-07 2.53383e-08
 2.03525e-11 2.21004e-09 1.41489e-07 5.34049e-06 0.000118845 0.00155927 0.0120619 0.0550219 0.148127 0.236328 0.228097 0.146047 0.08141 0.049451 0.0264339 0.0104995 0.00341795 0.00104297 0.000289279 7.02294e-05 1.50961e-05 2.80836e-06 4.40257e-07 5.89851e-08 7.12887e-09
 2.05926e-11 2.23611e-09 1.43158e-07 5.40348e-06 0.000120246 0.00157766 0.0122041 0.0556699 0.14986 0.238996 0.230215 0.14615 0.0796382 0.0472037 0.0247824 0.00954084 0.00292211 0.000832267 0.000219137 5.06684e-05 1.03144e-05 1.81821e-06 2.70246e-07 3.31461e-08 3.2984e-09
 2.07438e-11 2.25252e-09 1.44209e-07 5.44315e-06 0.000121129 0.00158924 0.0122937 0.0560779 0.150952 0.240683 0.231582 0.146308 0.0786637 0.045883 0.0237049 0.00880843 0.0024939 0.000640033 0.000154167 3.29029e-05 6.21476e-06 1.02751e-06 1.43933e-07 1.66316e-08 1.54315e-09
 2.12892e-11 2.31175e-09 1.48e-07 5.58627e-06 0.000124314 0.00163102 0.0126168 0.0575497 0.154883 0.246705 0.23621 0.146037 0.0738681 0.0402644 0.0201609 0.007334 0.0019962 0.000481052 0.00010754 2.08984e-05 3.54046e-06 5.28836e-07 6.78627e-08 7.27103e-09 6.30954e-10
 2.12738e-11 2.31008e-09 1.47894e-07 5.58224e-06 0.000124224 0.00162985 0.0126077 0.0575083 0.154773 0.246543 0.236115 0.146141 0.0741499 0.0405193 0.0202185 0.00723894 0.00189024 0.000426745 8.97491e-05 1.64453e-05 2.58533e-06 3.51653e-07 4.05126e-08 3.8882e-09 3.05637e-10
 2.12839e-11 2.31118e-09 1.47964e-07 5.58488e-06 0.000124283 0.00163062 0.0126137 0.0575355 0.154847 0.246663 0.236241 0.146249 0.0742326 0.0405275 0.0201016 0.00705009 0.00174072 0.000356736 6.83098e-05 1.16025e-05 1.69076e-06 2.13131e-07 2.2691e-08 1.98674e-09 1.4055e-10
 2.11091e-11 2.2922e-09 1.46749e-07 5.53903e-06 0.000123263 0.00161723 0.0125102 0.0570641 0.153588 0.244742 0.234802 0.146455 0.0759518 0.0424485 0.0211854 0.00735314 0.0017504 0.00033326 5.84704e-05 9.0971e-06 1.19743e-06 1.35992e-07 1.32002e-08 1.06132e-09 6.89602e-11
 2.13467e-11 2.31799e-09 1.484e-07 5.60136e-06 0.00012465 0.00163543 0.0126509 0.057705 0.1553 0.247361 0.236798 0.146283 0.073781 0.0399464 0.0196635 0.0067856 0.00160109 0.000299052 5.0877e-05 7.55266e-06 9.22954e-07 9.51405e-08 8.30984e-09 5.99252e-10 3.50643e-11
 2.17251e-11 2.35909e-09 1.51031e-07 5.70066e-06 0.00012686 0.00166442 0.0128751 0.0587262 0.158028 0.251541 0.240013 0.146107 0.0704695 0.0360539 0.017189 0.00573729 0.00124258 0.000191399 2.54705e-05 3.21814e-06 3.63225e-07 3.53274e-08 2.8867e-09 1.91105e-10 1.00947e-11
 2.2228e-11 2.4137e-09 1.54527e-07 5.83263e-06 0.000129796 0.00170295 0.013173 0.0600831 0.161651 0.257082 0.244225 0.145705 0.0658152 0.030718 0.0139834 0.00458976 0.000974162 0.000142519 1.71231e-05 1.87805e-06 1.75778e-07 1.36471e-08 9.22443e-10 5.42768e-11 2.6464e-12
 2.23299e-11 2.42476e-09 1.55235e-07 5.85935e-06 0.000130391 0.00171075 0.0132334 0.0603579 0.162385 0.258206 0.245088 0.14565 0.0649137 0.0296638 0.0133207 0.00431756 0.000886331 0.00011775 1.16178e-05 1.02231e-06 8.20246e-08 5.57225e-09 3.18448e-10 1.52532e-11 5.9923e-13
 2.13278e-11 2.31595e-09 1.48269e-07 5.59641e-06 0.00012454 0.00163398 0.0126397 0.0576542 0.155166 0.247164 0.236692 0.146441 0.0741716 0.0402865 0.0197154 0.00662144 0.00143398 0.000218971 2.79297e-05 3.10285e-06 2.65139e-07 1.6415e-08 7.83316e-10 3.11036e-11 1.02963e-12
 2.24144e-11 2.43393e-09 1.55823e-07 5.88152e-06 0.000130884 0.00171722 0.0132834 0.0605859 0.162994 0.259135 0.245787 0.145559 0.0640951 0.0287435 0.0127937 0.0041599 0.000871046 0.000123043 1.38591e-05 1.42782e-06 1.27793e-07 9.2654e-09 5.36133e-10 2.36631e-11 7.57722e-13
 2.28591e-11 2.48223e-09 1.58914e-07 5.99822e-06 0.000133481 0.00175129 0.0135469 0.0617858 0.166198 0.264036 0.249513 0.145207 0.0599851 0.0240284 0.00995637 0.00313889 0.000629045 7.83956e-05 6.55889e-06 4.42118e-07 2.8231e-08 1.67094e-09 8.68034e-11 3.83608e-12 1.36077e-13
 2.30404e-11 2.50191e-09 1.60175e-07 6.04579e-06 0.00013454 0.00176518 0.0136543 0.062275 0.167504 0.266033 0.251027 0.145051 0.0582913 0.0220944 0.00880554 0.00274023 0.00054522 6.68303e-05 5.31711e-06 3.18307e-07 1.68417e-08 7.70928e-10 2.80275e-11 8.38508e-13 2.21871e-14
 2.31488e-11 2.51368e-09 1.60928e-07 6.07423e-06 0.000135173 0.00177348 0.0137185 0.0625674 0.168285 0.267226 0.251933 0.144959 0.05728 0.0209391 0.00811733 0.00250087 0.000494223 5.95367e-05 4.48854e-06 2.35749e-07 1.03391e-08 4.06588e-10 1.30428e-11 3.27769e-13 6.66857e-15
 2.31171e-11 2.51024e-09 1.60708e-07 6.06592e-06 0.000134988 0.00177106 0.0136998 0.062482 0.168057 0.266878 0.251669 0.144987 0.0575768 0.0212774 0.00831791 0.00256947 0.000508009 6.11736e-05 4.60374e-06 2.40392e-07 1.03816e-08 3.94708e-10 1.18001e-11 2.60902e-13 4.47452e-15
 2.31723e-11 2.51623e-09 1.61092e-07 6.0804e-06 0.00013531 0.00177528 0.0137324 0.0626308 0.168454 0.267485 0.252128 0.144935 0.0570541 0.0206843 0.00797025 0.00245537 0.000488543 6.03367e-05 4.91419e-06 3.08137e-07 1.6915e-08 7.52799e-10 2.39322e-11 5.37619e-13 9.13218e-15
 2.34524e-11 2.54665e-09 1.63039e-07 6.15389e-06 0.000136945 0.00179674 0.0138984 0.0633864 0.170472 0.27057 0.254467 0.144694 0.054437 0.0176964 0.00619275 0.00184016 0.000359611 4.27644e-05 3.10334e-06 1.46463e-07 5.26755e-09 1.7261e-10 5.15225e-12 1.28964e-13 2.59157e-15
 2.36764e-11 2.57097e-09 1.64596e-07 6.21268e-06 0.000138254 0.0018139 0.0140311 0.0639909 0.172086 0.273037 0.256337 0.144498 0.0523377 0.0153025 0.00477271 0.00135361 0.000261162 3.07834e-05 2.18189e-06 9.55576e-08 2.83757e-09 6.8095e-11 1.46548e-12 2.60677e-14 3.63527e-16
 2.37704e-11 2.58118e-09 1.65249e-07 6.23734e-06 0.000138802 0.0018211 0.0140868 0.0642445 0.172763 0.274072 0.257122 0.144416 0.0514571 0.0142983 0.00417712 0.00114963 0.000219956 2.57971e-05 1.80554e-06 7.58062e-08 1.98069e-09 3.58004e-11 5.3576e-13 7.16508e-15 7.77446e-17
 2.37998e-11 2.58437e-09 1.65454e-07 6.24506e-06 0.000138974 0.00182336 0.0141042 0.0643239 0.172975 0.274396 0.257367 0.14439 0.0511813 0.0139839 0.00399068 0.00108586 0.000207131 2.42699e-05 1.69635e-06 7.09087e-08 1.82577e-09 3.16634e-11 4.37759e-13 5.31209e-15 5.09007e-17
#obs surv len freq
 3.49602e-11 3.3776e-09 1.92389e-07 6.46089e-06 0.000127922 0.00149331 0.0102794 0.0417572 0.100516 0.146543 0.143463 0.128355 0.13094 0.117912 0.0807165 0.0471975 0.0265756 0.0139881 0.00650236 0.00256379 0.00081899 0.000201434 3.61637e-05 4.5096e-06 3.75104e-07
 2.69979e-11 2.51581e-09 1.38218e-07 4.47705e-06 8.54996e-05 0.000962755 0.00639481 0.0251116 0.0590003 0.0880677 0.104644 0.137508 0.175918 0.16526 0.11246 0.0643089 0.0340078 0.0161665 0.00675894 0.00243581 0.000715285 0.000160586 2.61256e-05 2.94661e-06 2.22144e-07
 1.04672e-10 9.39158e-09 4.96805e-07 1.54943e-05 0.000284903 0.00308863 0.0197423 0.0744231 0.165692 0.219507 0.179931 0.108207 0.0702935 0.055248 0.0426229 0.0299592 0.0177905 0.00847898 0.00330308 0.00106752 0.000278938 5.61011e-05 8.22316e-06 8.36593e-07 5.68762e-08
 1.17053e-10 1.00958e-08 5.13381e-07 1.53913e-05 0.000272054 0.00283524 0.0174243 0.0632066 0.13602 0.178279 0.160414 0.136554 0.128188 0.0976756 0.0500002 0.0183887 0.00648686 0.00269528 0.00108855 0.000351832 8.57274e-05 1.5448e-05 2.00701e-06 1.81526e-07 1.10333e-08
 2.09322e-10 1.73282e-08 8.45729e-07 2.43359e-05 0.000412861 0.00412961 0.024356 0.0847488 0.174485 0.215857 0.172954 0.11622 0.0881784 0.0630636 0.0340196 0.0143564 0.00514914 0.00153976 0.000389138 9.1849e-05 1.97657e-05 3.34208e-06 4.00829e-07 3.26651e-08 1.76818e-09
 2.54489e-10 2.0191e-08 9.44457e-07 2.60464e-05 0.000423501 0.00405996 0.0229532 0.0766163 0.151925 0.184717 0.158187 0.133051 0.120793 0.0862509 0.0413634 0.0141421 0.00408531 0.0010948 0.000254908 4.81093e-05 7.29401e-06 9.00562e-07 8.81943e-08 6.3437e-09 3.1088e-10
 4.18627e-10 3.17883e-08 1.42314e-06 3.75634e-05 0.000584554 0.00536342 0.0290197 0.0926832 0.175628 0.202756 0.160707 0.120219 0.0991604 0.0672716 0.0316149 0.0108933 0.00312413 0.000760914 0.000148193 2.28772e-05 2.84086e-06 2.77001e-07 2.037e-08 1.09983e-09 4.25507e-11
 5.82457e-10 4.22765e-08 1.80914e-06 4.56443e-05 0.000678958 0.00595476 0.0308009 0.094089 0.170983 0.191793 0.155152 0.126649 0.108757 0.0713475 0.0311284 0.00957163 0.00240394 0.000530513 9.69519e-05 1.3833e-05 1.50353e-06 1.21885e-07 7.22939e-09 3.08471e-10 9.27226e-12
 8.57447e-10 5.94172e-08 2.42748e-06 5.84709e-05 0.000830362 0.00695288 0.0343374 0.100182 0.174173 0.188417 0.151085 0.125693 0.107245 0.0686603 0.0297543 0.00946557 0.00249338 0.00054503 9.18916e-05 1.16837e-05 1.13134e-06 8.21781e-08 4.31406e-09 1.58319e-10 3.97115e-12
 1.32907e-09 8.78274e-08 3.42178e-06 7.85983e-05 0.00106444 0.00849963 0.0400314 0.111406 0.184926 0.191837 0.149513 0.121909 0.099801 0.0597282 0.0232964 0.00626282 0.00134372 0.000253358 4.0054e-05 4.93538e-06 4.54911e-07 3.03459e-08 1.42606e-09 4.63747e-11 1.02705e-12
 1.94669e-09 1.22545e-07 4.54817e-06 9.95215e-05 0.00128394 0.00976684 0.0438268 0.116281 0.184616 0.185926 0.147118 0.125082 0.101435 0.0577265 0.0208449 0.00495909 0.000880273 0.000132045 1.66921e-05 1.67204e-06 1.29861e-07 7.68227e-09 3.31648e-10 9.97417e-12 2.02042e-13
 3.00594e-09 1.80082e-07 6.36059e-06 0.000132454 0.00162623 0.011773 0.0502798 0.127003 0.192254 0.185811 0.143566 0.119899 0.0937387 0.0510552 0.0177953 0.0041826 0.000750798 0.000111398 1.29759e-05 1.10857e-06 6.92445e-08 3.22822e-09 1.11801e-10 2.79567e-12 4.88838e-14
 4.33575e-09 2.46968e-07 8.29385e-06 0.000164215 0.001917 0.0131958 0.0535985 0.128908 0.186862 0.177278 0.142922 0.125961 0.097368 0.0506738 0.0167174 0.0037023 0.000624835 8.77166e-05 9.798e-06 8.09701e-07 4.841e-08 2.08036e-09 6.29862e-11 1.31394e-12 1.86621e-14
 5.88486e-09 3.18441e-07 1.01592e-05 0.000191089 0.0021192 0.0138597 0.0535114 0.122637 0.171452 0.164694 0.147457 0.141543 0.108431 0.0536613 0.0165301 0.00333717 0.000497651 6.12213e-05 6.11711e-06 4.60598e-07 2.5346e-08 1.01211e-09 2.86959e-11 5.59941e-13 7.3354e-15
 9.04927e-09 4.64821e-07 1.40766e-05 0.000251335 0.00264589 0.0164269 0.0602201 0.131177 0.175156 0.16356 0.145959 0.137576 0.101099 0.047959 0.0144383 0.00297512 0.000473886 6.12507e-05 5.98814e-06 4.14413e-07 2.02281e-08 7.09593e-10 1.78349e-11 3.12995e-13 3.73197e-15
 1.30524e-08 6.35975e-07 1.82696e-05 0.00030943 0.00309008 0.0182007 0.0633348 0.131309 0.168985 0.158825 0.149937 0.143337 0.101404 0.0454994 0.0128636 0.00247094 0.000365993 4.46789e-05 4.2468e-06 2.93562e-07 1.44541e-08 5.01911e-10 1.20098e-11 1.93178e-13 2.05995e-15
 2.38333e-08 1.10089e-06 2.99809e-05 0.000481381 0.0045572 0.0254437 0.0838851 0.164363 0.197522 0.16606 0.132887 0.11155 0.0728242 0.0306172 0.00811005 0.00144796 0.000196987 2.19665e-05 1.91061e-06 1.21159e-07 5.50985e-09 1.79476e-10 4.1064e-12 6.40089e-14 6.62736e-16
 2.99528e-08 1.31095e-06 3.3828e-05 0.000514653 0.00461681 0.0244323 0.076459 0.143208 0.169884 0.156285 0.150502 0.13756 0.0886826 0.0361747 0.00954615 0.00179744 0.000268581 3.17666e-05 2.7389e-06 1.64558e-07 6.93061e-09 2.06849e-10 4.3216e-12 6.16144e-14 5.8681e-16
 4.35374e-08 1.80475e-06 4.41074e-05 0.000635562 0.0054002 0.0270731 0.0803351 0.143305 0.16498 0.154628 0.154315 0.138899 0.0858382 0.0337205 0.00880728 0.0017112 0.000268922 3.29361e-05 2.91231e-06 1.80656e-07 7.85396e-09 2.36537e-10 4.81352e-12 6.47926e-14 5.70741e-16
 7.42484e-08 2.91409e-06 6.74308e-05 0.000919952 0.00740069 0.0351261 0.0986475 0.166266 0.179474 0.154432 0.140096 0.116849 0.0678369 0.025213 0.00628516 0.00117909 0.000180438 2.16715e-05 1.90453e-06 1.19257e-07 5.27173e-09 1.61022e-10 3.30492e-12 4.46256e-14 3.91179e-16
 1.04332e-07 3.87606e-06 8.48997e-05 0.00109642 0.0083498 0.0375281 0.0999494 0.160886 0.170699 0.154171 0.148046 0.121866 0.0672616 0.0234933 0.00546352 0.000949331 0.000134576 1.51132e-05 1.25603e-06 7.51444e-08 3.20291e-09 9.5109e-11 1.9116e-12 2.54123e-14 2.19809e-16
 1.63131e-07 5.73589e-06 0.000118907 0.00145337 0.0104756 0.0445659 0.112398 0.171657 0.174009 0.152029 0.140698 0.110137 0.0577417 0.0193766 0.00443533 0.000775936 0.000109506 1.18014e-05 9.14346e-07 5.03363e-08 1.97357e-09 5.42877e-11 1.01975e-12 1.27702e-14 1.04738e-16
 2.40085e-07 7.98902e-06 0.000156734 0.00181301 0.0123679 0.0498124 0.119095 0.173477 0.171578 0.152112 0.141133 0.106031 0.0522216 0.0162276 0.0033682 0.000524263 6.65251e-05 6.6682e-06 4.93635e-07 2.6179e-08 9.79617e-10 2.52769e-11 4.38847e-13 5.03992e-15 3.78605e-17
 3.71084e-07 1.16859e-05 0.000216967 0.00237516 0.0153343 0.0584569 0.132361 0.183017 0.173168 0.148402 0.132125 0.0941815 0.0440409 0.0131495 0.00268388 0.000418235 5.21513e-05 4.91915e-06 3.31347e-07 1.57901e-08 5.34846e-10 1.27059e-11 2.05951e-13 2.21967e-15 1.5607e-17
 4.64991e-07 1.38585e-05 0.000243523 0.00252318 0.0154216 0.0557184 0.120207 0.162132 0.16163 0.159459 0.152816 0.106656 0.0471662 0.0131431 0.00247307 0.000352279 4.05226e-05 3.60125e-06 2.3214e-07 1.0597e-08 3.38902e-10 7.44246e-12 1.0968e-13 1.06727e-15 6.78787e-18
 6.6342e-07 1.87147e-05 0.000311265 0.00305266 0.0176629 0.0604538 0.123935 0.160905 0.160024 0.161128 0.151992 0.101879 0.0435903 0.0121778 0.00243755 0.000381992 4.63019e-05 4.035e-06 2.43476e-07 1.02236e-08 3.0114e-10 6.14478e-12 8.47045e-14 7.71101e-16 4.561e-18
 1.08443e-06 2.89581e-05 0.00045592 0.00423258 0.0231815 0.0750882 0.145533 0.177773 0.163878 0.150998 0.131841 0.0827928 0.0333772 0.0088358 0.0016921 0.00025725 3.07876e-05 2.70811e-06 1.681e-07 7.25942e-09 2.14401e-10 4.23057e-12 5.47502e-14 4.60251e-16 2.50014e-18
 1.33954e-06 3.38651e-05 0.00050479 0.00443718 0.0230208 0.0707859 0.131499 0.160016 0.161177 0.167232 0.149041 0.0893678 0.0334173 0.00796086 0.00131618 0.00016918 1.76041e-05 1.40589e-06 8.17433e-08 3.37967e-09 9.72319e-11 1.89234e-12 2.42847e-14 2.01744e-16 1.07046e-18
 1.50214e-06 3.59582e-05 0.000507533 0.00422528 0.0207814 0.0608421 0.109713 0.138748 0.162283 0.189754 0.170218 0.0980805 0.0351249 0.00814864 0.00134506 0.000172743 1.71809e-05 1.23896e-06 6.25513e-08 2.22042e-09 5.56911e-11 9.71505e-13 1.14684e-14 8.93342e-17 4.50372e-19
#pred catch len freq
 1.32843e-11 1.44251e-09 9.2351e-08 3.48579e-06 7.75713e-05 0.00101777 0.00787396 0.0359376 0.0970184 0.156962 0.161839 0.132073 0.115788 0.09957 0.0690791 0.0423148 0.0263683 0.0167733 0.0109863 0.00759554 0.00564686 0.00458248 0.00386725 0.00293161 0.00169397
 9.68318e-12 1.05148e-09 6.73166e-08 2.54087e-06 5.65439e-05 0.000741908 0.00574072 0.0262243 0.0711113 0.117591 0.13315 0.13909 0.155978 0.144454 0.0956512 0.0509168 0.0264599 0.0140145 0.00752866 0.00423402 0.00256778 0.00173687 0.00129188 0.000925859 0.000530605
 1.34808e-11 1.46385e-09 9.37172e-08 3.53736e-06 7.87189e-05 0.00103283 0.0079905 0.0364706 0.0984718 0.159431 0.164939 0.136058 0.121132 0.10547 0.0742095 0.0452989 0.0257602 0.0128708 0.00575423 0.00253703 0.00117694 0.000606097 0.00035987 0.000226302 0.00012301
 1.75981e-11 1.91094e-09 1.2234e-07 4.61773e-06 0.000102761 0.00134825 0.01043 0.0475874 0.128245 0.205679 0.203607 0.144313 0.100766 0.0740984 0.0444423 0.0211696 0.00973439 0.00472231 0.0022233 0.000940304 0.000357108 0.00013356 5.58456e-05 2.70372e-05 1.28705e-05
 1.73673e-11 1.88588e-09 1.20736e-07 4.55718e-06 0.000101413 0.00133058 0.0102934 0.0469668 0.126609 0.203352 0.202701 0.14734 0.107346 0.079912 0.0457055 0.0186276 0.00633396 0.00216613 0.000771635 0.00028514 0.000103855 3.44523e-05 1.06098e-05 3.44606e-06 1.22919e-06
 1.77326e-11 1.92555e-09 1.23276e-07 4.65303e-06 0.000103546 0.00135856 0.0105098 0.0479522 0.129238 0.207349 0.205626 0.146682 0.103432 0.0757761 0.0437572 0.0185284 0.00662566 0.00219454 0.0006377 0.000166236 4.33748e-05 1.17269e-05 3.08694e-06 7.57048e-07 1.82197e-07
 1.73951e-11 1.8889e-09 1.20929e-07 4.56448e-06 0.000101576 0.00133271 0.0103099 0.0470418 0.12681 0.20366 0.202941 0.147341 0.107144 0.0797303 0.0457053 0.0187234 0.00633676 0.00203108 0.00059386 0.000151438 3.36324e-05 6.60151e-06 1.22354e-06 2.2465e-07 3.9728e-08
 1.81703e-11 1.97308e-09 1.26318e-07 4.76789e-06 0.000106102 0.0013921 0.0107691 0.0491337 0.132399 0.212237 0.209599 0.147178 0.100671 0.0719849 0.0406046 0.0163414 0.00534756 0.00163726 0.000454797 0.000110461 2.37465e-05 4.4177e-06 6.92549e-07 9.2787e-08 1.12141e-08
 1.87228e-11 2.03307e-09 1.30159e-07 4.91285e-06 0.000109328 0.00143442 0.0110964 0.0506247 0.136385 0.218363 0.214409 0.147242 0.0963276 0.0666359 0.0368749 0.0143772 0.00442361 0.00126373 0.000333228 7.70826e-05 1.5693e-05 2.76641e-06 4.1118e-07 5.0432e-08 5.01854e-09
 1.90246e-11 2.06584e-09 1.32257e-07 4.99204e-06 0.00011109 0.00145754 0.0112752 0.0514392 0.138563 0.221721 0.217094 0.147435 0.0941977 0.0638761 0.0347729 0.0130831 0.00371979 0.00095746 0.000231002 4.93279e-05 9.31833e-06 1.54068e-06 2.15817e-07 2.49379e-08 2.31385e-09
 1.97724e-11 2.14704e-09 1.37456e-07 5.18826e-06 0.000115457 0.00151482 0.0117182 0.053457 0.143953 0.229979 0.223445 0.147078 0.0876456 0.0561882 0.0299085 0.0110416 0.0030191 0.000729782 0.000163438 3.17814e-05 5.38506e-06 8.0439e-07 1.03224e-07 1.10597e-08 9.59726e-10
 1.99604e-11 2.16746e-09 1.38763e-07 5.23761e-06 0.000116555 0.00152923 0.0118297 0.0539646 0.14531 0.232063 0.225077 0.147085 0.0861441 0.0543499 0.0286399 0.0103888 0.00272294 0.000616237 0.000129802 2.37984e-05 3.74187e-06 5.0898e-07 5.86379e-08 5.62777e-09 4.42379e-10
 2.01088e-11 2.18358e-09 1.39795e-07 5.27654e-06 0.000117422 0.0015406 0.0119176 0.054365 0.14638 0.233711 0.226383 0.14714 0.0850344 0.0529479 0.027615 0.00980164 0.00242786 0.000498562 9.56073e-05 1.62491e-05 2.36827e-06 2.98546e-07 3.17848e-08 2.78297e-09 1.96878e-10
 1.99486e-11 2.16618e-09 1.38681e-07 5.23452e-06 0.000116486 0.00152833 0.0118227 0.0539329 0.145227 0.231954 0.225076 0.147363 0.0866617 0.0547424 0.0285931 0.0100309 0.00239448 0.000456688 8.02396e-05 1.24924e-05 1.64467e-06 1.86793e-07 1.81313e-08 1.45779e-09 9.47214e-11
 2.05543e-11 2.23195e-09 1.42891e-07 5.39343e-06 0.000120023 0.00157472 0.0121815 0.055567 0.149591 0.238629 0.230158 0.146908 0.0811005 0.0483453 0.0247197 0.0086079 0.00203541 0.000380571 6.47963e-05 9.62256e-06 1.17603e-06 1.2123e-07 1.05886e-08 7.63577e-10 4.46794e-11
 2.10487e-11 2.28563e-09 1.46328e-07 5.52316e-06 0.00012291 0.0016126 0.0124744 0.0569011 0.153154 0.244089 0.234357 0.146673 0.0767679 0.043256 0.0214894 0.00724492 0.00157256 0.000242437 3.22886e-05 4.08186e-06 4.60806e-07 4.482e-08 3.66236e-09 2.42455e-10 1.28071e-11
 2.17705e-11 2.36402e-09 1.51347e-07 5.71258e-06 0.000127125 0.0016679 0.012902 0.0588487 0.158355 0.252043 0.240401 0.146092 0.0700814 0.0355931 0.0168898 0.00560319 0.00119198 0.000174503 2.09767e-05 2.30161e-06 2.15456e-07 1.67283e-08 1.1307e-09 6.65305e-11 3.24385e-12
 2.16436e-11 2.35023e-09 1.50464e-07 5.67926e-06 0.000126383 0.00165817 0.0128268 0.0585062 0.157441 0.250647 0.239356 0.146242 0.0713306 0.036988 0.0176751 0.00582132 0.00119915 0.000159476 1.57515e-05 1.38778e-06 1.11431e-07 7.57185e-09 4.32748e-10 2.07281e-11 8.14317e-13
 2.06823e-11 2.24585e-09 1.43781e-07 5.42702e-06 0.00012077 0.00158453 0.0122573 0.0559125 0.150515 0.240053 0.231295 0.146981 0.0801827 0.0471598 0.0238192 0.00805979 0.00174832 0.00026713 3.40905e-05 3.7887e-06 3.23793e-07 2.00471e-08 9.56641e-10 3.79856e-11 1.25744e-12
 2.21058e-11 2.40042e-09 1.53677e-07 5.80054e-06 0.000129082 0.00169358 0.0131006 0.0597532 0.160771 0.255736 0.243208 0.145822 0.0669759 0.0320341 0.0147533 0.0048406 0.00101551 0.000143513 1.61681e-05 1.66594e-06 1.49114e-07 1.08113e-08 6.25581e-10 2.76108e-11 8.84127e-13
 2.26243e-11 2.45673e-09 1.57282e-07 5.93661e-06 0.00013211 0.0017333 0.0134078 0.0611523 0.164507 0.26145 0.247552 0.145412 0.0621837 0.0265362 0.0114449 0.00365006 0.000733296 9.14348e-05 7.65103e-06 5.15812e-07 3.29407e-08 1.94978e-09 1.01289e-10 4.4762e-12 1.58782e-13
 2.28678e-11 2.48317e-09 1.58975e-07 6.0005e-06 0.000133532 0.00175196 0.0135521 0.0618093 0.166261 0.264132 0.249586 0.145202 0.0599081 0.0239382 0.00989959 0.00311543 0.000621383 7.6203e-05 6.06341e-06 3.62994e-07 1.92064e-08 8.79174e-10 3.19625e-11 9.56214e-13 2.53012e-14
 2.29854e-11 2.49594e-09 1.59793e-07 6.03136e-06 0.000134219 0.00176097 0.0136217 0.0621266 0.167108 0.265427 0.250569 0.145102 0.0588108 0.0226847 0.00915262 0.00285543 0.000565846 6.82025e-05 5.14245e-06 2.70105e-07 1.18463e-08 4.65869e-10 1.49444e-11 3.75554e-13 7.64064e-15
 2.28853e-11 2.48507e-09 1.59097e-07 6.0051e-06 0.000133634 0.0017533 0.0135624 0.0618566 0.166387 0.264325 0.249734 0.14519 0.0597489 0.0237542 0.00978688 0.00307254 0.00060962 7.34626e-05 5.52971e-06 2.88801e-07 1.24758e-08 4.74437e-10 1.4185e-11 3.13638e-13 5.37891e-15
 2.30501e-11 2.50296e-09 1.60242e-07 6.04833e-06 0.000134596 0.00176592 0.01366 0.0623011 0.167574 0.266139 0.251108 0.145042 0.0581985 0.0219896 0.00874486 0.00272119 0.000542629 6.70449e-05 5.46074e-06 3.42377e-07 1.87926e-08 8.3631e-10 2.65863e-11 5.97231e-13 1.01445e-14
 2.33784e-11 2.53861e-09 1.62524e-07 6.13447e-06 0.000136513 0.00179107 0.0138545 0.0631868 0.169939 0.269755 0.25385 0.144759 0.0551307 0.0184873 0.00666169 0.00200062 0.000391919 4.6629e-05 3.38402e-06 1.597e-07 5.74258e-09 1.88135e-10 5.61493e-12 1.40537e-13 2.82406e-15
 2.36377e-11 2.56677e-09 1.64327e-07 6.20252e-06 0.000138027 0.00181094 0.0140081 0.0638864 0.171807 0.27261 0.256014 0.144532 0.0527007 0.0157164 0.00501809 0.00143753 0.000278028 3.27875e-05 2.32413e-06 1.01783e-07 3.0219e-09 7.24959e-11 1.55975e-12 2.77407e-14 3.86835e-16
 2.37384e-11 2.5777e-09 1.65027e-07 6.22893e-06 0.000138615 0.00181865 0.0140678 0.0641581 0.172532 0.273719 0.256854 0.144444 0.0517574 0.0146407 0.00438008 0.00121902 0.000233889 2.74471e-05 1.92124e-06 8.06637e-08 2.10746e-09 3.80842e-11 5.6975e-13 7.6176e-15 8.26443e-17
 2.37704e-11 2.58118e-09 1.65249e-07 6.23733e-06 0.000138802 0.0018211 0.0140867 0.0642444 0.172763 0.274072 0.257122 0.144416 0.0514573 0.0142986 0.00417725 0.00114965 0.000219938 2.57861e-05 1.80252e-06 7.53473e-08 1.93994e-09 3.36376e-11 4.64906e-13 5.63985e-15 5.40334e-17
#obs catch len freq
 3.49432e-11 3.37596e-09 1.92296e-07 6.45774e-06 0.000127859 0.00149257 0.0102742 0.0417318 0.100402 0.14597 0.141147 0.122481 0.122605 0.112814 0.0828421 0.053767 0.032725 0.0178965 0.0085973 0.00354832 0.00119652 0.000309744 5.79241e-05 7.43775e-06 6.31499e-07
 4.67654e-11 4.35785e-09 2.39419e-07 7.75505e-06 0.000148099 0.00166753 0.011072 0.0433926 0.100884 0.14285 0.139015 0.128981 0.134721 0.119849 0.080798 0.046998 0.0263264 0.0136897 0.0062485 0.00240181 0.000741574 0.000174647 2.97544e-05 3.49445e-06 2.72158e-07
 3.64178e-11 3.26756e-09 1.72851e-07 5.39087e-06 9.91275e-05 0.00107478 0.00687462 0.0260114 0.059063 0.0863904 0.104514 0.141677 0.179808 0.164767 0.110054 0.0623946 0.0326755 0.0153108 0.00628729 0.00220899 0.000626203 0.000134441 2.07411e-05 2.20261e-06 1.55459e-07
 1.47671e-10 1.27367e-08 6.47669e-07 1.94173e-05 0.000343214 0.00357672 0.0219773 0.0796464 0.170525 0.217626 0.173319 0.104396 0.0702219 0.0559067 0.0429203 0.029789 0.0173246 0.00807143 0.00307266 0.000966061 0.000243618 4.68559e-05 6.51137e-06 6.23577e-07 3.96853e-08
 1.6679e-10 1.38073e-08 6.73888e-07 1.93912e-05 0.000328975 0.00329064 0.019411 0.0676006 0.139821 0.177122 0.157415 0.136759 0.128665 0.0953107 0.0472123 0.0170622 0.00606651 0.00252243 0.000995063 0.000310573 7.26648e-05 1.24987e-05 1.53926e-06 1.31086e-07 7.46018e-09
 3.04391e-10 2.41501e-08 1.12965e-06 3.11536e-05 0.000506539 0.00485588 0.0274489 0.09155 0.180774 0.215102 0.167878 0.113248 0.0865185 0.0606124 0.0318535 0.0131888 0.00464071 0.00135643 0.000336907 7.82062e-05 1.62916e-05 2.62671e-06 2.97921e-07 2.28356e-08 1.15731e-09
 3.77279e-10 2.86486e-08 1.28257e-06 3.38533e-05 0.000526821 0.00483379 0.0261567 0.0835828 0.158822 0.185928 0.155996 0.131328 0.117327 0.0808462 0.0373977 0.0124714 0.0035546 0.000936762 0.00021246 3.88624e-05 5.6972e-06 6.76756e-07 6.31305e-08 4.28151e-09 1.96478e-10
 6.2621e-10 4.54522e-08 1.94504e-06 4.90729e-05 0.000729957 0.00640194 0.0331111 0.101102 0.1833 0.203232 0.156954 0.116914 0.0949061 0.0621695 0.0282108 0.00948006 0.00266547 0.000632574 0.000119472 1.78703e-05 2.14186e-06 2.00174e-07 1.40176e-08 7.16396e-10 2.60683e-11
 8.80137e-10 6.09895e-08 2.49172e-06 6.00182e-05 0.000852334 0.00713683 0.0352449 0.102815 0.178616 0.192507 0.152225 0.123552 0.103591 0.0652889 0.0273869 0.0081816 0.00201568 0.000434777 7.70203e-05 1.05993e-05 1.10633e-06 8.57225e-08 4.83744e-09 1.95414e-10 5.53236e-12
 1.31866e-09 8.71396e-08 3.39498e-06 7.79829e-05 0.0010561 0.00843306 0.0397179 0.110532 0.183467 0.190286 0.148238 0.121009 0.099858 0.061283 0.0255709 0.00791764 0.00203795 0.000432056 7.02448e-05 8.60136e-06 7.999e-07 5.54932e-08 2.76645e-09 9.59571e-11 2.26587e-12
 2.0633e-09 1.29887e-07 4.82063e-06 0.000105483 0.00136084 0.0103517 0.0464458 0.123157 0.194938 0.193507 0.145811 0.115649 0.0909797 0.0519604 0.0193987 0.00504401 0.00105847 0.000194916 2.98304e-05 3.53569e-06 3.11856e-07 1.98082e-08 8.82673e-10 2.71175e-11 5.65261e-13
 3.04673e-09 1.82525e-07 6.44691e-06 0.000134252 0.0016483 0.0119327 0.0509605 0.128705 0.19469 0.187541 0.143366 0.118053 0.0915975 0.049599 0.0170765 0.00390479 0.000673859 9.85736e-05 1.20681e-05 1.16491e-06 8.69027e-08 4.91046e-09 2.01158e-10 5.71003e-12 1.08737e-13
 4.73122e-09 2.69495e-07 9.05035e-06 0.000179193 0.00209183 0.0143987 0.0584705 0.140456 0.202367 0.186775 0.138897 0.11171 0.0832896 0.0431194 0.0143356 0.00324309 0.00056551 8.13357e-05 9.10494e-06 7.44804e-07 4.45419e-08 1.98463e-09 6.53929e-11 1.54771e-12 2.54939e-14
 6.91549e-09 3.74211e-07 1.19385e-05 0.000224554 0.00249027 0.0162848 0.0628396 0.143602 0.197917 0.178937 0.137993 0.11603 0.0851091 0.0420159 0.0132029 0.00281069 0.000460455 6.26685e-05 6.72841e-06 5.3186e-07 3.03511e-08 1.24092e-09 3.56013e-11 7.01395e-13 9.38311e-15
 9.52984e-09 4.89506e-07 1.48242e-05 0.000264682 0.00278637 0.0172984 0.0634016 0.137958 0.183243 0.167537 0.142915 0.130169 0.0943515 0.044209 0.0129402 0.0025024 0.00036122 4.30956e-05 4.14344e-06 2.98506e-07 1.56801e-08 5.95772e-10 1.60001e-11 2.94509e-13 3.62779e-15
 1.47412e-08 7.18262e-07 2.06334e-05 0.000349465 0.00348979 0.0205525 0.0714724 0.147698 0.187125 0.16576 0.139987 0.124548 0.086445 0.0388296 0.0111301 0.00220469 0.000340019 4.23539e-05 3.95619e-06 2.6076e-07 1.21245e-08 4.0467e-10 9.64118e-12 1.59699e-13 1.79084e-15
 2.15335e-08 9.94664e-07 2.7088e-05 0.000434934 0.00411758 0.0229919 0.0758466 0.149058 0.181702 0.161211 0.142815 0.128196 0.0854851 0.0362739 0.00975079 0.00179796 0.000257793 3.03724e-05 2.76317e-06 1.82044e-07 8.52472e-09 2.80611e-10 6.34024e-12 9.60026e-14 9.61598e-16
 3.84394e-08 1.68239e-06 4.34125e-05 0.00066046 0.0059244 0.0313411 0.0979055 0.181757 0.206852 0.164264 0.123435 0.0972001 0.0597459 0.0237301 0.00596868 0.00102112 0.000134255 1.4437e-05 1.20121e-06 7.25777e-08 3.1405e-09 9.70664e-11 2.09831e-12 3.07807e-14 2.99012e-16
 4.96545e-08 2.05832e-06 5.03045e-05 0.000724852 0.00615858 0.0308676 0.0914823 0.162206 0.181752 0.15672 0.140418 0.120059 0.072875 0.0281231 0.00707198 0.00128119 0.000184737 2.09264e-05 1.71625e-06 9.79383e-08 3.91781e-09 1.10841e-10 2.18693e-12 2.93386e-14 2.62176e-16
 7.28863e-08 2.86063e-06 6.61938e-05 0.000903078 0.007265 0.0344834 0.0968622 0.163418 0.17717 0.154447 0.142383 0.119625 0.0695975 0.0258973 0.00646278 0.00121062 0.000183314 2.14554e-05 1.80394e-06 1.06255e-07 4.37815e-09 1.24531e-10 2.38492e-12 3.01344e-14 2.48715e-16
 1.22579e-07 4.55395e-06 9.97474e-05 0.00128815 0.00980906 0.044068 0.11712 0.186607 0.189446 0.151011 0.125712 0.0974864 0.0532154 0.0187299 0.00446181 0.000806986 0.000118952 1.36571e-05 1.14217e-06 6.79289e-08 2.84356e-09 8.19177e-11 1.58016e-12 2.00007e-14 1.64003e-16
 1.743e-07 6.12864e-06 0.000127049 0.00155287 0.0111923 0.0476052 0.119942 0.182288 0.181067 0.150023 0.131524 0.100635 0.0522122 0.0172565 0.00382994 0.00064074 8.74518e-05 9.39001e-06 7.42871e-07 4.22221e-08 1.70439e-09 4.77318e-11 9.01403e-13 1.12267e-14 9.07639e-17
 2.71851e-07 9.04603e-06 0.000177471 0.00205283 0.0140026 0.0563688 0.134452 0.193667 0.183041 0.14529 0.121707 0.0882936 0.0435018 0.0138272 0.00302484 0.000509087 6.89033e-05 7.07317e-06 5.20537e-07 2.72007e-08 1.01001e-09 2.62093e-11 4.62664e-13 5.42822e-15 4.16054e-17
 4.00988e-07 1.26276e-05 0.000234451 0.00256652 0.0165686 0.0631402 0.142724 0.195797 0.179586 0.143326 0.119955 0.0834961 0.0386189 0.0113479 0.00224535 0.000335796 4.0924e-05 3.91478e-06 2.7544e-07 1.3851e-08 4.89881e-10 1.19019e-11 1.93954e-13 2.08571e-15 1.46396e-17
 6.16414e-07 1.83715e-05 0.00032282 0.00334455 0.0204349 0.0737081 0.157749 0.205155 0.179103 0.13677 0.109038 0.071854 0.0315532 0.00891703 0.00173665 0.000259616 3.09535e-05 2.775e-06 1.77267e-07 8.008e-09 2.56617e-10 5.7455e-12 8.74329e-14 8.81955e-16 5.78969e-18
 7.9608e-07 2.2457e-05 0.000373502 0.00366281 0.0211874 0.0724187 0.147513 0.18617 0.168621 0.146478 0.126547 0.0820529 0.0341068 0.00898898 0.00161146 0.000219992 2.42071e-05 2.04622e-06 1.25075e-07 5.4046e-09 1.63152e-10 3.3702e-12 4.65796e-14 4.24117e-16 2.51887e-18
 1.14603e-06 3.06029e-05 0.000481814 0.00447287 0.0244951 0.0793047 0.153356 0.185482 0.165586 0.145299 0.123457 0.0769657 0.0310117 0.00822042 0.0015717 0.000235437 2.71256e-05 2.23752e-06 1.27727e-07 5.07377e-09 1.41105e-10 2.70901e-12 3.50147e-14 2.98068e-16 1.645e-18
 1.83758e-06 4.64559e-05 0.000692445 0.00608576 0.0315507 0.0966768 0.176715 0.200871 0.165374 0.131116 0.102067 0.059407 0.0225341 0.00565815 0.00103469 0.000150369 1.71211e-05 1.42731e-06 8.38179e-08 3.41664e-09 9.4938e-11 1.75715e-12 2.12828e-14 1.67162e-16 8.47031e-19
 2.35842e-06 5.6455e-05 0.000796781 0.00663121 0.0325655 0.0946713 0.165352 0.18493 0.162198 0.144026 0.115587 0.0644827 0.0226775 0.00511041 0.000804148 9.87261e-05 9.78811e-06 7.41991e-07 4.08611e-08 1.59606e-09 4.32244e-11 7.89036e-13 9.47022e-15 7.34148e-17 3.6283e-19
#spawning biomass
 8035.95 7644.12 5403.98 5686.33 7848.99 12630.8 17347.3 21846 29454.2 37477.3 52239.4 77410.6 98584.2 107487 114881 99872.6 104124 96509.7 105249 93962.7 82548.4 84460.4 77923.2 73790.2 105742 100063 102328 86206.7 76068.3 75430.6 51783.1 9779.24 7256.77 7140.54 7135.72 7135.54 7135.53 7135.53 7135.53 7135.53 7135.53 7135.53 7135.53 7135.53 7135.53 7135.53 7135.53 7135.53 7135.53 7135.53 7135.53 7135.53 7135.53 7135.53 7135.53 7135.53 7135.53 7135.53 7135.53 7135.53 7135.53 7135.53 7135.53 7135.53 7135.53 7135.53 7135.53 7135.53 7135.53 7135.53 7135.53 7135.53 7135.53 7135.53 7135.53 7135.53 7135.53 7135.53 7135.53 7135.53 7135.53 7135.53 7135.53 7135.53 7135.53 7135.53 7135.53 7135.53 7135.53 7135.53 7135.53 7135.53 7135.53 7135.53 7135.53 7135.53 7135.53 7135.53 7135.53 7135.53 7135.53 7135.53 7135.53 7135.53 7135.53 7135.53 7135.53 7135.53 7135.53 7135.53 7135.53 7135.53 7135.53 7135.53 7135.53 7135.53 7135.53 7135.53 7135.53 7135.53 7135.53 7135.53 7135.53 7135.53 7135.53 7135.53 7135.53 7135.53 7135.53 0 0 0 0 0 0 0 0 0 0 0 0 0 0 0 0 0 0 0 0 0 0 0 0 0
