SBPRF35
0.0419854
Curr Bio
399386
B35
146608
F35
29.5744
FOFL
29.5744
OFL
424152
Bzero
11373.5
#pred survey bio
 8339.77 6817.53 4844.21 5407.75 8117.58 12147.8 17457.8 25904.6 44544.9 63059.6 70419.7 97973.8 144998 158525 135881 132820 162980 168735 159366 151435 161518 178443 205482 219276 223621 226741 240372 250383 231301 4.40906e+06 1.17009e+06 344314 148676 88630.9 70514.8 65147.7 63583.2 63133.2 63005.2 62969 62958.9 62956.1 62955.3 62955.1 62955 62955 62955 62955 62955 62955 62955 62955 62955 62955 62955 62955 62955 62955 62955 62955 62955 62955 62955 62955 62955 62955 62955 62955 62955 62955 62955 62955 62955 62955 62955 62955 62955 62955 62955 62955 62955 62955 62955 62955 62955 62955 62955 62955 62955 62955 62955 62955 62955 62955 62955 62955 62955 62955 62955 62955 62955 62955 62955 62955 62955 62955 62955 62955 62955 62955 62955 62955 62955 62955 62955 62955 62955 62955 62955 62955 62955 62955 62955 62955 62955 62955 62955 62955 62955 0 0 0 0 0 0 0 0 0 0 0 0 0 0 0 0 0 0 0 0 0 0 0 0 0
#obs survey bio
 5644.88 3991.78 3897.05 6375.53 6431.91 16905.1 16874.3 21777.2 44058.3 82777 68574.6 106460 196024 143228 146354 113332 169729 196152 114801 153366 182893 175842 269560 220105 299471 236135 244964 256562 158124
#pred catch bio
 2170.11 3278.61 2607.83 3082.27 4733.57 6622.02 9041.2 12332.5 26059.5 45770.5 44581.9 61924.4 110931 138624 125067 109817 146088 150608 145884 135800 142167 149342 183068 212029 217344 207937 230523 250619 268046 424152 6053.26 5432.45 5432.45 5432.45 5432.45 5432.45 5432.45 5432.45 5432.45 5432.45 5432.45 5432.45 5432.45 5432.45 5432.45 5432.45 5432.45 5432.45 5432.45 5432.45 5432.45 5432.45 5432.45 5432.45 5432.45 5432.45 5432.45 5432.45 5432.45 5432.45 5432.45 5432.45 5432.45 5432.45 5432.45 5432.45 5432.45 5432.45 5432.45 5432.45 5432.45 5432.45 5432.45 5432.45 5432.45 5432.45 5432.45 5432.45 5432.45 5432.45 5432.45 5432.45 5432.45 5432.45 5432.45 5432.45 5432.45 5432.45 5432.45 5432.45 5432.45 5432.45 5432.45 5432.45 5432.45 5432.45 5432.45 5432.45 5432.45 5432.45 5432.45 5432.45 5432.45 5432.45 5432.45 5432.45 5432.45 5432.45 5432.45 5432.45 5432.45 5432.45 5432.45 5432.45 5432.45 5432.45 5432.45 5432.45 5432.45 5432.45 5432.45 5432.45 5432.45 5432.45 5432.45 5432.45 5432.45 5432.45 5432.45 0 0 0 0 0 0 0 0 0 0 0 0 0 0 0 0 0 0 0 0 0 0 0 0 0
#obs catch bio
 3967.47 3868.96 3009.91 3110.19 4976.95 6416.15 8891.05 11705.6 26462.5 42333.1 42421.2 59715.4 108503 136546 131116 112486 145587 144929 146024 134845 135719 142103 165547 203456 199719 195702 214830 227407 268074
#pred cpue bio
 8562.88 7292.23 5020.75 5245.86 7909.59 11876.2 17350.8 25311.4 42842.5 63000.8 70134.2 94919.4 141257 161032 136767 128719 159277 167379 159927 148699 158365 174575 201820 215159 217072 222555 235022 243329 229998 4.15016e+06 1.42838e+06 345168 142775 82512.8 64389.8 59022.4 57457.9 57008 56879.9 56843.8 56833.7 56830.9 56830.1 56829.9 56829.8 56829.8 56829.8 56829.8 56829.8 56829.8 56829.8 56829.8 56829.8 56829.8 56829.8 56829.8 56829.8 56829.8 56829.8 56829.8 56829.8 56829.8 56829.8 56829.8 56829.8 56829.8 56829.8 56829.8 56829.8 56829.8 56829.8 56829.8 56829.8 56829.8 56829.8 56829.8 56829.8 56829.8 56829.8 56829.8 56829.8 56829.8 56829.8 56829.8 56829.8 56829.8 56829.8 56829.8 56829.8 56829.8 56829.8 56829.8 56829.8 56829.8 56829.8 56829.8 56829.8 56829.8 56829.8 56829.8 56829.8 56829.8 56829.8 56829.8 56829.8 56829.8 56829.8 56829.8 56829.8 56829.8 56829.8 56829.8 56829.8 56829.8 56829.8 56829.8 56829.8 56829.8 56829.8 56829.8 56829.8 56829.8 56829.8 56829.8 56829.8 56829.8 56829.8 56829.8 56829.8 0 0 0 0 0 0 0 0 0 0 0 0 0 0 0 0 0 0 0 0 0 0 0 0 0
#obs cpue bio
 6263.11 4373.82 5635.76 5146.43 7170.56 13479 17900.6 40789.5 29194.3 115143 65203.9 97261.4 115856 178632 104188 118585 194502 172533 197047 165488 172506 225271 252971 226553 250510 233642 350844 336724 289632
#pred surv len freq
 1.32476e-11 1.43853e-09 9.20962e-08 3.47617e-06 7.73573e-05 0.00101497 0.00785223 0.0358384 0.0967493 0.156517 0.161336 0.131571 0.115351 0.0995749 0.0698806 0.0435872 0.0273932 0.0172501 0.0110613 0.00746479 0.00541661 0.00429696 0.00356167 0.00266934 0.00153269
 1.16481e-11 1.26484e-09 8.09763e-08 3.05645e-06 6.80172e-05 0.000892433 0.00690481 0.031527 0.0852851 0.13938 0.150268 0.13936 0.140714 0.125981 0.0834365 0.045039 0.0236086 0.0123287 0.0064064 0.00346187 0.00201808 0.00131661 0.000951489 0.000669452 0.00037983
 1.41248e-11 1.53378e-09 9.81942e-08 3.70634e-06 8.24794e-05 0.00108217 0.00837221 0.0382126 0.103173 0.167023 0.17269 0.142052 0.125215 0.105769 0.0685026 0.0358776 0.0176251 0.00812529 0.00345948 0.00145154 0.000636193 0.000308957 0.000174415 0.000106086 5.66603e-05
 1.76092e-11 1.91215e-09 1.22418e-07 4.62066e-06 0.000102826 0.00134911 0.0104367 0.0476184 0.128337 0.205892 0.204132 0.145506 0.102582 0.0755775 0.0446368 0.0201816 0.00826306 0.00335841 0.00129836 0.000470013 0.000161244 5.55597e-05 2.14228e-05 9.7146e-06 4.45782e-06
 1.761e-11 1.91223e-09 1.22423e-07 4.62085e-06 0.00010283 0.00134917 0.0104372 0.0476218 0.128362 0.206064 0.204915 0.14765 0.105884 0.0779132 0.0440825 0.0175063 0.00560938 0.00174074 0.000534108 0.000158926 4.58741e-05 1.25866e-05 3.36287e-06 9.73019e-07 3.19656e-07
 1.74877e-11 1.89896e-09 1.21573e-07 4.58878e-06 0.000102117 0.0013398 0.0103647 0.047292 0.127482 0.204718 0.203895 0.147758 0.107044 0.0792784 0.0449739 0.0178791 0.00566437 0.00165027 0.000429964 9.76491e-05 2.08166e-05 4.35737e-06 8.84563e-07 1.74004e-07 3.52964e-08
 1.68153e-11 1.82594e-09 1.16898e-07 4.41233e-06 9.819e-05 0.00128829 0.00996636 0.0454774 0.122632 0.197272 0.198088 0.147814 0.112535 0.0859343 0.0494805 0.0201065 0.00662735 0.00200556 0.000528127 0.00011551 2.16263e-05 3.53062e-06 5.15534e-07 7.06083e-08 9.32521e-09
 1.74418e-11 1.89397e-09 1.21254e-07 4.57672e-06 0.000101848 0.00133628 0.0103375 0.0471674 0.127143 0.204146 0.203201 0.146944 0.106174 0.0789099 0.045635 0.0191884 0.00675523 0.0021841 0.000603441 0.000137494 2.63973e-05 4.21334e-06 5.48829e-07 5.90162e-08 5.41303e-09
 1.80359e-11 1.95848e-09 1.25384e-07 4.73261e-06 0.000105317 0.0013818 0.0106895 0.0487706 0.131426 0.210715 0.208283 0.146762 0.101116 0.0728813 0.0416833 0.0173857 0.00607667 0.00198103 0.000567785 0.000137569 2.81779e-05 4.73258e-06 6.34233e-07 6.69795e-08 5.51396e-09
 1.66496e-11 1.80794e-09 1.15746e-07 4.36884e-06 9.72222e-05 0.00127559 0.00986818 0.0450306 0.121443 0.195485 0.196887 0.14846 0.114844 0.0881831 0.0502631 0.0197132 0.00607922 0.00175193 0.000472425 0.000112963 2.36042e-05 4.15494e-06 5.91313e-07 6.59209e-08 5.59525e-09
 1.68021e-11 1.82451e-09 1.16807e-07 4.40886e-06 9.81129e-05 0.00128728 0.00995856 0.0454423 0.122545 0.197189 0.198275 0.148643 0.113901 0.0868926 0.0492025 0.0189733 0.0056141 0.00150918 0.00036967 7.82139e-05 1.46606e-05 2.44584e-06 3.47707e-07 4.00759e-08 3.57648e-09
 1.78201e-11 1.93505e-09 1.23884e-07 4.676e-06 0.000104057 0.00136527 0.0105617 0.0481889 0.129877 0.208382 0.206687 0.147516 0.104006 0.0757882 0.042871 0.0171121 0.0054593 0.00158291 0.000396119 8.07865e-05 1.39173e-05 2.0704e-06 2.62625e-07 2.80348e-08 2.44136e-09
 1.76477e-11 1.91633e-09 1.22685e-07 4.63075e-06 0.000103051 0.00135206 0.0104595 0.0477239 0.128638 0.20651 0.205376 0.14802 0.106155 0.0779682 0.0437781 0.0169597 0.00509977 0.00140639 0.000354299 7.62699e-05 1.38558e-05 2.07046e-06 2.48397e-07 2.40166e-08 1.87511e-09
 1.60248e-11 1.74011e-09 1.11403e-07 4.20492e-06 9.35744e-05 0.00122774 0.00949812 0.0433455 0.116949 0.188659 0.191927 0.14971 0.121772 0.095584 0.0539563 0.0201103 0.00547424 0.00131718 0.00029812 5.97242e-05 1.0475e-05 1.58543e-06 1.97623e-07 1.94849e-08 1.47847e-09
 1.64309e-11 1.7842e-09 1.14226e-07 4.31147e-06 9.59456e-05 0.00125885 0.00973869 0.0444413 0.119877 0.193149 0.195402 0.149588 0.118324 0.0914854 0.051292 0.0189077 0.00500332 0.00114139 0.000239479 4.30647e-05 6.62519e-06 8.97703e-07 1.04935e-07 1.01744e-08 7.83806e-10
 1.79085e-11 1.94465e-09 1.24498e-07 4.69919e-06 0.000104574 0.00137204 0.0106141 0.0484282 0.130526 0.209458 0.20791 0.148774 0.105207 0.0761703 0.0417015 0.0150061 0.00375857 0.00078388 0.000151877 2.57404e-05 3.69408e-06 4.54106e-07 4.70138e-08 4.03928e-09 2.84898e-10
 1.75976e-11 1.91089e-09 1.22337e-07 4.61761e-06 0.000102758 0.00134822 0.0104299 0.0475894 0.128285 0.206023 0.205262 0.148899 0.107898 0.0793509 0.0437479 0.0158994 0.00407657 0.000879031 0.000171841 2.80259e-05 3.72442e-06 4.20064e-07 4.00786e-08 3.14072e-09 1.98195e-10
 1.70493e-11 1.85135e-09 1.18525e-07 4.47374e-06 9.95566e-05 0.00130622 0.0101051 0.0461101 0.124336 0.199994 0.200729 0.149501 0.11322 0.0853275 0.0471617 0.0169104 0.00416666 0.000841422 0.000156915 2.54638e-05 3.43281e-06 3.85887e-07 3.52734e-08 2.56463e-09 1.48202e-10
 1.65788e-11 1.80026e-09 1.15254e-07 4.35027e-06 9.68091e-05 0.00127017 0.00982631 0.0448405 0.120945 0.1948 0.196743 0.149752 0.117385 0.0901994 0.0502261 0.0181706 0.00457278 0.000954193 0.000180695 2.86728e-05 3.68258e-06 3.97076e-07 3.57685e-08 2.59137e-09 1.46664e-10
 1.74301e-11 1.8927e-09 1.21172e-07 4.57365e-06 0.00010178 0.00133539 0.0103306 0.0471374 0.127079 0.204185 0.203894 0.149131 0.109597 0.0812245 0.0447678 0.016138 0.00404418 0.000839978 0.000159494 2.57028e-05 3.37454e-06 3.66769e-07 3.23729e-08 2.25922e-09 1.23842e-10
 1.74895e-11 1.89916e-09 1.21586e-07 4.58925e-06 0.000102127 0.00133994 0.0103659 0.0472979 0.127508 0.204844 0.204412 0.14914 0.109133 0.0806491 0.0443618 0.0159204 0.00394235 0.000801865 0.000149396 2.38263e-05 3.11664e-06 3.40362e-07 3.04468e-08 2.15221e-09 1.17782e-10
 1.75671e-11 1.90758e-09 1.22125e-07 4.60961e-06 0.00010258 0.00134589 0.0104118 0.0475072 0.128066 0.205695 0.205046 0.149034 0.108348 0.079783 0.0438899 0.015809 0.00395592 0.000818535 0.000154172 2.44834e-05 3.1523e-06 3.38209e-07 2.99194e-08 2.11018e-09 1.16167e-10
 1.74097e-11 1.89049e-09 1.21031e-07 4.56831e-06 0.000101661 0.00133383 0.0103186 0.0470824 0.126931 0.20395 0.203673 0.149009 0.109576 0.0813049 0.0449654 0.0163874 0.0042272 0.000920148 0.000181097 2.95178e-05 3.86766e-06 4.18739e-07 3.69121e-08 2.57e-09 1.39518e-10
 1.74596e-11 1.8959e-09 1.21377e-07 4.58139e-06 0.000101952 0.00133765 0.0103481 0.047217 0.127292 0.204512 0.204154 0.149142 0.109376 0.0809441 0.0445609 0.0160187 0.00398616 0.00081985 0.000155646 2.55682e-05 3.47928e-06 3.93019e-07 3.57173e-08 2.53102e-09 1.38244e-10
 1.78691e-11 1.94037e-09 1.24224e-07 4.68884e-06 0.000104343 0.00136902 0.0105907 0.0483221 0.130245 0.209042 0.20767 0.149054 0.105949 0.0768346 0.0418371 0.0147376 0.00347015 0.000641605 0.000108944 1.65549e-05 2.12752e-06 2.32808e-07 2.12574e-08 1.5527e-09 8.78531e-11
 1.74704e-11 1.89707e-09 1.21452e-07 4.58422e-06 0.000102015 0.00133847 0.0103545 0.0472463 0.127372 0.204653 0.204348 0.149419 0.10971 0.0811123 0.0443593 0.0155822 0.00362475 0.000650876 0.000105455 1.49938e-05 1.74882e-06 1.71365e-07 1.43086e-08 9.87528e-10 5.45957e-11
 1.75979e-11 1.91092e-09 1.22339e-07 4.61768e-06 0.00010276 0.00134824 0.01043 0.0475902 0.128289 0.206043 0.205345 0.149124 0.108237 0.0795711 0.0436425 0.0155753 0.00379665 0.000746411 0.000131942 1.93909e-05 2.22897e-06 2.07915e-07 1.60655e-08 1.00445e-09 5.01607e-11
 1.78278e-11 1.93588e-09 1.23937e-07 4.678e-06 0.000104102 0.00136586 0.0105662 0.0482106 0.129947 0.208587 0.207321 0.149078 0.106319 0.0772651 0.0421058 0.0148453 0.00350268 0.00064934 0.000109881 1.63627e-05 2.0038e-06 2.0123e-07 1.61579e-08 9.99784e-10 4.74352e-11
 1.69827e-11 1.84412e-09 1.18062e-07 4.45627e-06 9.91678e-05 0.00130112 0.0100656 0.0459307 0.12386 0.199285 0.200289 0.149878 0.114328 0.0863537 0.0474338 0.0165939 0.00379905 0.000658992 0.0001027 1.43049e-05 1.65647e-06 1.60633e-07 1.3022e-08 8.45677e-10 4.23593e-11
#obs surv len freq
 1.19429e-11 1.29686e-09 8.3026e-08 3.13382e-06 6.9739e-05 0.000915018 0.00707931 0.0323183 0.0873497 0.14215 0.150511 0.133252 0.129884 0.119236 0.0864493 0.0533411 0.0306444 0.015905 0.007139 0.00269431 0.000824086 0.000195333 3.41124e-05 4.17469e-06 3.43276e-07
 6.58971e-12 7.15565e-10 4.58111e-08 1.72915e-06 3.84805e-05 0.000504928 0.00390811 0.0178772 0.0488026 0.0832414 0.105573 0.136063 0.175637 0.172579 0.121249 0.0691931 0.0364961 0.0176985 0.0075099 0.00267439 0.000760184 0.000164081 2.57274e-05 2.81504e-06 2.07411e-07
 1.79266e-11 1.94662e-09 1.24624e-07 4.70395e-06 0.00010468 0.00137342 0.0106245 0.04847 0.130548 0.20871 0.203302 0.135107 0.0838494 0.0622264 0.0477133 0.0333927 0.019809 0.00946845 0.00370454 0.00120468 0.000314682 6.23705e-05 8.90459e-06 8.78666e-07 5.80239e-08
 1.51066e-11 1.6404e-09 1.0502e-07 3.96399e-06 8.82133e-05 0.00115741 0.00895468 0.0408778 0.110434 0.179114 0.185907 0.152345 0.129215 0.100971 0.0565288 0.0222168 0.0076253 0.00293819 0.00114636 0.000368141 8.98149e-05 1.6194e-05 2.09339e-06 1.86968e-07 1.11528e-08
 1.73687e-11 1.88603e-09 1.20745e-07 4.55754e-06 0.000101422 0.0013307 0.0102948 0.0469816 0.126737 0.204068 0.204925 0.15066 0.108607 0.0778729 0.0433537 0.0174883 0.00558555 0.00152398 0.000364226 8.09973e-05 1.66246e-05 2.75468e-06 3.28502e-07 2.67015e-08 1.43879e-09
 1.51643e-11 1.64666e-09 1.05421e-07 3.97911e-06 8.85501e-05 0.00116184 0.00898937 0.0410433 0.110955 0.180369 0.188351 0.155376 0.130399 0.0995217 0.054698 0.0209151 0.0061798 0.00155529 0.000328293 5.57071e-05 7.66362e-06 8.76366e-07 8.14994e-08 5.69701e-09 2.75497e-10
 1.65877e-11 1.80123e-09 1.15316e-07 4.35262e-06 9.68619e-05 0.00127089 0.00983276 0.044886 0.121231 0.196166 0.200624 0.15484 0.117756 0.0845219 0.0452536 0.0170826 0.00496175 0.001197 0.00023415 3.55348e-05 4.13718e-06 3.66809e-07 2.44422e-08 1.21201e-09 4.39986e-11
 1.67646e-11 1.82043e-09 1.16546e-07 4.39903e-06 9.78948e-05 0.00128445 0.00993787 0.0453692 0.122566 0.198466 0.203224 0.156545 0.117334 0.0821012 0.0425261 0.0152824 0.00413645 0.000926492 0.000170694 2.44868e-05 2.64646e-06 2.10539e-07 1.20233e-08 4.82933e-10 1.34541e-11
 1.64774e-11 1.78925e-09 1.14549e-07 4.32368e-06 9.62183e-05 0.00126247 0.00976822 0.0446025 0.120577 0.195749 0.202149 0.158691 0.12074 0.0839477 0.0426599 0.0149111 0.00386813 0.000814706 0.000139128 1.83456e-05 1.81875e-06 1.32996e-07 6.96346e-09 2.53013e-10 6.22476e-12
 1.58611e-11 1.72233e-09 1.10265e-07 4.16197e-06 9.26201e-05 0.00121528 0.00940386 0.0429529 0.11627 0.189714 0.199349 0.162955 0.128673 0.0889713 0.0431654 0.0136725 0.00297906 0.000501826 7.06669e-05 8.11944e-06 7.2036e-07 4.74437e-08 2.24254e-09 7.37532e-11 1.64528e-12
 1.63897e-11 1.77972e-09 1.1394e-07 4.30067e-06 9.57068e-05 0.00125579 0.00971737 0.0443849 0.12013 0.195788 0.204391 0.163163 0.123672 0.0826513 0.0392773 0.0123078 0.00266284 0.000436307 5.64231e-05 5.56089e-06 4.04619e-07 2.17611e-08 8.63168e-10 2.4593e-11 4.85243e-13
 1.66196e-11 1.80469e-09 1.15538e-07 4.36101e-06 9.70498e-05 0.00127342 0.00985415 0.0450143 0.12187 0.198741 0.207458 0.16447 0.121997 0.0791924 0.0364569 0.0109615 0.00222981 0.000336678 4.01749e-05 3.70361e-06 2.51165e-07 1.22161e-08 4.20116e-10 1.00486e-11 1.64593e-13
 1.58241e-11 1.71831e-09 1.10008e-07 4.15227e-06 9.24054e-05 0.00121252 0.0093841 0.0428882 0.116327 0.190962 0.203567 0.16883 0.130479 0.0849258 0.0380996 0.0108996 0.00203148 0.000267718 2.72449e-05 2.17713e-06 1.30882e-07 5.71403e-09 1.77676e-10 3.84927e-12 5.66447e-14
 1.30026e-11 1.41193e-09 9.03935e-08 3.41196e-06 7.59325e-05 0.000996481 0.00771548 0.0353222 0.0964326 0.162127 0.186172 0.179127 0.158245 0.108126 0.0487264 0.0139221 0.00261909 0.000351308 3.57045e-05 2.71535e-06 1.47555e-07 5.61152e-09 1.49767e-10 2.80088e-12 3.61021e-14
 1.54762e-11 1.68054e-09 1.0759e-07 4.06103e-06 9.03763e-05 0.00118596 0.00918031 0.0419843 0.11412 0.188557 0.204215 0.172993 0.133564 0.0846039 0.0368503 0.010393 0.0019616 0.000267111 2.75118e-05 2.09528e-06 1.12676e-07 4.18123e-09 1.0638e-10 1.83848e-12 2.12539e-14
 1.53142e-11 1.66294e-09 1.06463e-07 4.01852e-06 8.94312e-05 0.00117361 0.00908584 0.0415701 0.113149 0.187703 0.205209 0.175873 0.135458 0.0839954 0.0353515 0.00947012 0.00164796 0.000200098 1.82855e-05 1.27716e-06 6.55334e-08 2.37556e-09 5.94103e-11 1.00435e-12 1.12421e-14
 1.55423e-11 1.68771e-09 1.08049e-07 4.07839e-06 9.07644e-05 0.00119113 0.00922228 0.0422038 0.114935 0.190824 0.208439 0.176833 0.132961 0.0801649 0.0328844 0.00860089 0.00145862 0.000170932 1.47678e-05 9.50533e-07 4.39914e-08 1.42193e-09 3.18254e-11 4.9004e-13 5.1071e-15
 1.489e-11 1.61688e-09 1.03515e-07 3.90726e-06 8.69579e-05 0.00114127 0.00883846 0.0404816 0.110546 0.185055 0.206386 0.180977 0.138897 0.0834286 0.0337615 0.00873124 0.00147627 0.000173738 1.50125e-05 9.50453e-07 4.24251e-08 1.29814e-09 2.69872e-11 3.79106e-13 3.55746e-15
 1.3751e-11 1.4932e-09 9.5597e-08 3.60844e-06 8.03109e-05 0.00105417 0.00816769 0.0374657 0.102808 0.174643 0.202015 0.187488 0.149505 0.090053 0.0359078 0.00910912 0.00150994 0.000174005 1.46823e-05 9.06274e-07 3.94682e-08 1.17813e-09 2.37843e-11 3.21314e-13 2.86327e-15
 1.61905e-11 1.75811e-09 1.12556e-07 4.24857e-06 9.45551e-05 0.00124101 0.0096112 0.0440167 0.120072 0.199803 0.217437 0.178684 0.125008 0.069462 0.026655 0.00666355 0.00110658 0.000128938 1.09409e-05 6.67997e-07 2.834e-08 8.16714e-10 1.58464e-11 2.05294e-13 1.75204e-15
 1.43244e-11 1.55547e-09 9.9584e-08 3.75899e-06 8.36649e-05 0.00109832 0.00851227 0.0390742 0.107369 0.182576 0.209777 0.18877 0.142428 0.0809289 0.0306401 0.00742149 0.00117743 0.000129567 1.03789e-05 6.06035e-07 2.49807e-08 7.05619e-10 1.34086e-11 1.68842e-13 1.38722e-15
 1.64964e-11 1.79132e-09 1.14683e-07 4.32891e-06 9.63466e-05 0.00126465 0.00979701 0.0448991 0.12267 0.20464 0.222684 0.180078 0.120698 0.0634963 0.0231536 0.00553262 0.00087979 9.7576e-05 7.78218e-06 4.41479e-07 1.72947e-08 4.58756e-10 8.17172e-12 9.69549e-14 7.56137e-16
 1.48955e-11 1.61749e-09 1.03555e-07 3.90896e-06 8.70072e-05 0.00114236 0.00885667 0.0406875 0.111961 0.190538 0.217343 0.189557 0.13513 0.0721249 0.0257322 0.00587086 0.000870379 8.81786e-05 6.41301e-06 3.38452e-07 1.2634e-08 3.23375e-10 5.55125e-12 6.28553e-14 4.62479e-16
 1.61309e-11 1.75163e-09 1.12143e-07 4.23315e-06 9.42225e-05 0.00123704 0.00958887 0.0440168 0.120764 0.203423 0.225254 0.184977 0.122558 0.0616853 0.0210652 0.00461493 0.000651553 6.17412e-05 4.11168e-06 1.9575e-07 6.55171e-09 1.50431e-10 2.33208e-12 2.41398e-14 1.6464e-16
 1.5656e-11 1.70007e-09 1.08843e-07 4.10867e-06 9.14579e-05 0.00120096 0.00931401 0.0428141 0.117886 0.200276 0.225452 0.188807 0.125866 0.0624795 0.0207727 0.00438958 0.000590468 5.23858e-05 3.20958e-06 1.39263e-07 4.23902e-09 8.8296e-11 1.23455e-12 1.14533e-14 6.97832e-17
 1.35185e-11 1.46797e-09 9.39859e-08 3.54808e-06 7.89954e-05 0.00103792 0.00806292 0.0372365 0.103842 0.182169 0.219138 0.201205 0.143868 0.0732296 0.0242999 0.00508577 0.00067851 5.98112e-05 3.61935e-06 1.52514e-07 4.4107e-09 8.55624e-11 1.09729e-12 9.24293e-15 5.08489e-17
 1.64756e-11 1.78908e-09 1.14543e-07 4.32394e-06 9.62555e-05 0.00126413 0.00980628 0.0450906 0.124113 0.209972 0.232191 0.185831 0.115862 0.054163 0.0173864 0.00366078 0.000508052 4.77444e-05 3.08903e-06 1.36329e-07 4.01105e-09 7.72582e-11 9.66106e-13 7.81379e-15 4.06725e-17
 1.49603e-11 1.62455e-09 1.04012e-07 3.92669e-06 8.74302e-05 0.00114885 0.00892514 0.0411979 0.114525 0.198351 0.229772 0.195923 0.127766 0.059781 0.0184399 0.00359663 0.000444429 3.59248e-05 1.98761e-06 7.76641e-08 2.13736e-09 4.03074e-11 5.05224e-13 4.11018e-15 2.13329e-17
 1.18744e-11 1.28949e-09 8.2566e-08 3.11769e-06 6.94548e-05 0.000913969 0.00712753 0.0332287 0.0946928 0.173439 0.222196 0.214019 0.152361 0.0739286 0.0229546 0.00446799 0.000551411 4.44394e-05 2.41112e-06 8.92202e-08 2.23298e-09 3.72066e-11 4.08457e-13 2.94157e-15 1.38339e-17
#pred catch len freq
 1.12932e-11 1.22631e-09 7.85096e-08 2.96335e-06 6.59453e-05 0.000865247 0.00669442 0.0305652 0.082668 0.13498 0.144956 0.1331 0.133397 0.120319 0.082441 0.0481901 0.0285171 0.0174322 0.0110447 0.00741959 0.005376 0.00426315 0.00353337 0.00264809 0.00152049
 1.04678e-11 1.13668e-09 7.27712e-08 2.74675e-06 6.11255e-05 0.000802018 0.00620565 0.0283435 0.0767945 0.12648 0.14088 0.141678 0.153777 0.140098 0.0908083 0.0462549 0.0226717 0.0113893 0.00582274 0.00312577 0.00181795 0.00118529 0.000856465 0.000602581 0.000341887
 1.32051e-11 1.43392e-09 9.18006e-08 3.46502e-06 7.71092e-05 0.00101172 0.0078274 0.0357319 0.0965565 0.156967 0.165354 0.143798 0.135284 0.116625 0.0740954 0.0367157 0.0168884 0.00748518 0.00313104 0.00130268 0.000568913 0.000275961 0.000155742 9.47234e-05 5.05911e-05
 1.69261e-11 1.83797e-09 1.17668e-07 4.44139e-06 9.88368e-05 0.00129677 0.0100319 0.0457754 0.123419 0.198398 0.198567 0.146484 0.109567 0.0832851 0.0488563 0.0211797 0.008093 0.00311877 0.00117697 0.000421853 0.000144118 4.95774e-05 1.91055e-05 8.6626e-06 3.97499e-06
 1.69158e-11 1.83685e-09 1.17597e-07 4.4387e-06 9.87769e-05 0.00129599 0.0100259 0.0457491 0.123364 0.198435 0.199196 0.148464 0.112702 0.0855424 0.0484045 0.0187342 0.00565917 0.00164249 0.000485025 0.000142037 4.07339e-05 1.11494e-05 2.97644e-06 8.60987e-07 2.82833e-07
 1.66323e-11 1.80607e-09 1.15626e-07 4.36431e-06 9.71214e-05 0.00127427 0.00985796 0.0449841 0.121321 0.19531 0.196814 0.148672 0.11531 0.088584 0.0503233 0.0195029 0.00583491 0.0015955 0.000400772 8.94939e-05 1.89058e-05 3.94006e-06 7.98564e-07 1.57008e-07 3.18444e-08
 1.57987e-11 1.71555e-09 1.09831e-07 4.14557e-06 9.22537e-05 0.00121041 0.0093641 0.0427346 0.11531 0.18609 0.189667 0.148884 0.122333 0.0969765 0.0558453 0.0220599 0.00685048 0.00195023 0.000496745 0.000107013 1.98693e-05 3.22922e-06 4.70532e-07 6.43869e-08 8.50076e-09
 1.63329e-11 1.77356e-09 1.13545e-07 4.28575e-06 9.53733e-05 0.00125134 0.00968058 0.0441757 0.119155 0.191945 0.193991 0.148044 0.11676 0.0908885 0.0526091 0.0214158 0.00708136 0.00216211 0.000580199 0.000130424 2.48513e-05 3.95076e-06 5.13663e-07 5.51865e-08 5.05968e-09
 1.7401e-11 1.88954e-09 1.2097e-07 4.56602e-06 0.00010161 0.00133316 0.0103134 0.0470579 0.126855 0.203743 0.203074 0.147567 0.107445 0.0799172 0.0456025 0.0184149 0.00604416 0.00185787 0.000516611 0.000123473 2.51132e-05 4.20321e-06 5.62395e-07 5.93485e-08 4.88401e-09
 1.64914e-11 1.79077e-09 1.14647e-07 4.32735e-06 9.6299e-05 0.00126348 0.00977453 0.0446042 0.120307 0.193771 0.195698 0.148958 0.116873 0.0902347 0.0511113 0.0195503 0.00570053 0.00153727 0.000398382 9.3626e-05 1.94091e-05 3.40416e-06 4.83717e-07 5.38897e-08 4.57268e-09
 1.62446e-11 1.76397e-09 1.12931e-07 4.26257e-06 9.48574e-05 0.00124457 0.00962828 0.0439382 0.118531 0.191067 0.193703 0.149357 0.119469 0.0930752 0.0526337 0.0198603 0.00557713 0.00140332 0.000329592 6.84158e-05 1.27014e-05 2.10878e-06 2.9918e-07 3.44555e-08 3.07394e-09
 1.73299e-11 1.88182e-09 1.20476e-07 4.54737e-06 0.000101195 0.00132771 0.0102713 0.0468664 0.126348 0.203003 0.202685 0.148192 0.108975 0.0812711 0.0458648 0.0178222 0.00536732 0.00146261 0.000353439 7.09451e-05 1.21125e-05 1.79267e-06 2.26839e-07 2.41894e-08 2.10557e-09
 1.76521e-11 1.91681e-09 1.22716e-07 4.63191e-06 0.000103076 0.0013524 0.0104621 0.0477361 0.128673 0.206584 0.205529 0.148335 0.106599 0.07824 0.0436069 0.016494 0.00469917 0.00121301 0.000293346 6.20168e-05 1.11685e-05 1.66158e-06 1.98932e-07 1.92149e-08 1.49948e-09
 1.65089e-11 1.79266e-09 1.14768e-07 4.33192e-06 9.64007e-05 0.00126482 0.00978487 0.0446517 0.12044 0.194016 0.196093 0.149632 0.117762 0.0907552 0.0507298 0.018563 0.00483157 0.00108666 0.000233862 4.57679e-05 7.94145e-06 1.19571e-06 1.48705e-07 1.46477e-08 1.11096e-09
 1.70881e-11 1.85557e-09 1.18795e-07 4.48392e-06 9.97832e-05 0.00130919 0.010128 0.0462147 0.124615 0.200411 0.201003 0.149331 0.112649 0.0847761 0.0469759 0.01702 0.00431965 0.000922536 0.00018374 3.2227e-05 4.89858e-06 6.59407e-07 7.68404e-08 7.44083e-09 5.72921e-10
 1.8112e-11 1.96674e-09 1.25913e-07 4.75257e-06 0.000105762 0.00138763 0.0107346 0.0489773 0.131994 0.211711 0.209668 0.148761 0.103551 0.0741587 0.040333 0.0143244 0.00346392 0.000677966 0.000123943 2.03929e-05 2.88737e-06 3.52426e-07 3.63585e-08 3.11886e-09 2.19824e-10
 1.80745e-11 1.96268e-09 1.25652e-07 4.74275e-06 0.000105543 0.00138476 0.0107124 0.0488762 0.131723 0.211292 0.209324 0.148707 0.103771 0.0744759 0.0406164 0.0145356 0.00358762 0.000725551 0.000134333 2.13304e-05 2.79858e-06 3.13238e-07 2.97621e-08 2.32785e-09 1.46776e-10
 1.75394e-11 1.90457e-09 1.21932e-07 4.60233e-06 0.000102418 0.00134376 0.0103954 0.0474324 0.127869 0.205406 0.20489 0.149266 0.108923 0.080282 0.0439622 0.0155634 0.00370995 0.000704151 0.000123723 1.94605e-05 2.58677e-06 2.88612e-07 2.62795e-08 1.90719e-09 1.10111e-10
 1.71957e-11 1.86725e-09 1.19543e-07 4.51216e-06 0.000100412 0.00131744 0.0101918 0.0465052 0.125392 0.201613 0.201981 0.149454 0.111971 0.0838444 0.0461981 0.0164774 0.00400106 0.00078392 0.000140318 2.16416e-05 2.74264e-06 2.93392e-07 2.63125e-08 1.90238e-09 1.07569e-10
 1.79158e-11 1.94544e-09 1.24549e-07 4.70109e-06 0.000104616 0.0013726 0.0106184 0.0484479 0.13058 0.209549 0.208023 0.148911 0.105357 0.0762356 0.0415906 0.0147851 0.0035767 0.000697523 0.000125088 1.95813e-05 2.53659e-06 2.73616e-07 2.4052e-08 1.67522e-09 9.17407e-11
 1.79072e-11 1.94451e-09 1.24489e-07 4.69885e-06 0.000104566 0.00137194 0.0106133 0.048425 0.130519 0.209458 0.207966 0.148959 0.105498 0.0763665 0.0416252 0.0147448 0.00353013 0.000674754 0.000118569 1.83444e-05 2.36637e-06 2.56426e-07 2.28432e-08 1.61157e-09 8.81132e-11
 1.78185e-11 1.93488e-09 1.23873e-07 4.67557e-06 0.000104048 0.00136515 0.0105607 0.0481856 0.129879 0.208477 0.207209 0.148991 0.10626 0.0772702 0.0422106 0.0150048 0.00362567 0.000704593 0.000125352 1.93371e-05 2.45629e-06 2.61477e-07 2.30315e-08 1.62105e-09 8.91542e-11
 1.78787e-11 1.94142e-09 1.24291e-07 4.69137e-06 0.0001044 0.00136976 0.0105964 0.0483479 0.130312 0.209132 0.207674 0.148834 0.105539 0.0765248 0.0418788 0.0150252 0.00372841 0.000761001 0.000141954 2.25413e-05 2.917e-06 3.13473e-07 2.75188e-08 1.91218e-09 1.03707e-10
 1.82038e-11 1.97672e-09 1.26551e-07 4.77668e-06 0.000106298 0.00139466 0.010789 0.0492252 0.132656 0.212725 0.210446 0.148711 0.102737 0.0732085 0.0397377 0.0140813 0.00338495 0.000653785 0.000117072 1.86619e-05 2.50503e-06 2.80907e-07 2.54327e-08 1.799e-09 9.8175e-11
 1.85821e-11 2.01779e-09 1.29181e-07 4.87593e-06 0.000108507 0.00142364 0.0110131 0.0502458 0.135382 0.216906 0.213675 0.148578 0.0994936 0.0693618 0.0372462 0.0129728 0.00297266 0.000519209 8.26817e-05 1.21031e-05 1.52962e-06 1.65961e-07 1.50878e-08 1.09987e-09 6.21768e-11
 1.80199e-11 1.95675e-09 1.25273e-07 4.72842e-06 0.000105224 0.00138057 0.0106801 0.0487291 0.131332 0.210715 0.208983 0.149069 0.10476 0.0753689 0.0408116 0.0141962 0.00322003 0.000547507 8.31892e-05 1.13788e-05 1.30415e-06 1.26587e-07 1.05129e-08 7.23695e-10 3.99645e-11
 1.82969e-11 1.98683e-09 1.27199e-07 4.80111e-06 0.000106842 0.0014018 0.0108442 0.0494765 0.133327 0.213756 0.21125 0.148702 0.101975 0.0722872 0.039118 0.0137784 0.00325341 0.000602275 0.000100363 1.42961e-05 1.62009e-06 1.49817e-07 1.15134e-08 7.17829e-10 3.57997e-11
 1.86447e-11 2.0246e-09 1.29617e-07 4.89237e-06 0.000108873 0.00142844 0.0110502 0.0504149 0.135834 0.217596 0.214198 0.148521 0.0989038 0.0686908 0.0368507 0.01284 0.00294721 0.000516087 8.19574e-05 1.17652e-05 1.41743e-06 1.41137e-07 1.12808e-08 6.96429e-10 3.30046e-11
 1.84739e-11 2.00605e-09 1.28429e-07 4.84755e-06 0.000107875 0.00141535 0.010949 0.0499541 0.134604 0.21572 0.212799 0.148744 0.100616 0.0705886 0.0378984 0.0131041 0.00293068 0.000482644 7.04381e-05 9.40857e-06 1.06906e-06 1.02666e-07 8.27835e-09 5.36239e-10 2.68288e-11
#obs catch len freq
 1.1421e-11 1.24019e-09 7.93977e-08 2.99687e-06 6.66914e-05 0.000875033 0.00677004 0.0309083 0.0835655 0.136207 0.145231 0.13118 0.130946 0.122231 0.0904964 0.0574125 0.0336748 0.0177073 0.0081361 0.00321812 0.0010497 0.000265344 4.88575e-05 6.2276e-06 5.28766e-07
 1.16499e-11 1.26504e-09 8.09891e-08 3.05694e-06 6.80282e-05 0.000892576 0.0069059 0.0315308 0.0852724 0.139124 0.148696 0.134418 0.132887 0.121758 0.08783 0.0539021 0.0306589 0.0156748 0.00689557 0.00253345 0.000748208 0.000169689 2.81021e-05 3.2368e-06 2.4903e-07
 6.43149e-12 6.98384e-10 4.47111e-08 1.68763e-06 3.75567e-05 0.000492816 0.00381468 0.0174561 0.0477261 0.0818851 0.105519 0.138257 0.178298 0.173616 0.121015 0.0685968 0.0358047 0.0170916 0.00709853 0.00245564 0.000672399 0.000138643 2.06016e-05 2.12121e-06 1.46222e-07
 1.78489e-11 1.93818e-09 1.24084e-07 4.68356e-06 0.000104226 0.00136747 0.0105786 0.0482622 0.130008 0.20797 0.203019 0.13575 0.0849543 0.0630968 0.0481275 0.0333105 0.0194257 0.0091047 0.00348181 0.00109904 0.000276215 5.22226e-05 7.05819e-06 6.55087e-07 4.04729e-08
 1.51283e-11 1.64275e-09 1.05171e-07 3.96967e-06 8.83399e-05 0.00115908 0.00896777 0.040941 0.11064 0.179651 0.187039 0.153808 0.129706 0.0998915 0.0551089 0.021431 0.00730968 0.00277934 0.00105611 0.000327664 7.67387e-05 1.31867e-05 1.6127e-06 1.35407e-07 7.555e-09
 1.74107e-11 1.8906e-09 1.21038e-07 4.56857e-06 0.000101667 0.00133393 0.0103199 0.047099 0.127081 0.204769 0.206025 0.151776 0.108767 0.0768174 0.0420982 0.0167342 0.00525354 0.00140311 0.000327922 7.1004e-05 1.40174e-05 2.20964e-06 2.48932e-07 1.90118e-08 9.58079e-10
 1.53065e-11 1.6621e-09 1.06409e-07 4.01643e-06 8.93808e-05 0.00117275 0.00907395 0.0414328 0.112038 0.18227 0.190565 0.156788 0.129747 0.097132 0.0524608 0.019745 0.00573001 0.00140749 0.000288412 4.7346e-05 6.27396e-06 6.85968e-07 6.04028e-08 3.96545e-09 1.79176e-10
 1.67326e-11 1.81696e-09 1.16323e-07 4.39064e-06 9.77081e-05 0.001282 0.0099189 0.0452823 0.122328 0.198061 0.20273 0.156019 0.116942 0.0822168 0.0432055 0.0160348 0.00456656 0.00107313 0.000203393 2.97861e-05 3.32929e-06 2.81738e-07 1.7812e-08 8.32401e-10 2.82793e-11
 1.69346e-11 1.8389e-09 1.17728e-07 4.44365e-06 9.8888e-05 0.00129749 0.0100389 0.0458338 0.123848 0.200649 0.205544 0.157655 0.116194 0.0794809 0.0403487 0.014239 0.00377627 0.000823363 0.000146766 2.02774e-05 2.10001e-06 1.59227e-07 8.6228e-09 3.26834e-10 8.54971e-12
 1.67214e-11 1.81575e-09 1.16246e-07 4.38771e-06 9.76434e-05 0.00128118 0.00991316 0.0452673 0.122397 0.19876 0.205099 0.159706 0.118846 0.0805249 0.0400435 0.0137275 0.00348435 0.00071334 0.0001177 1.49315e-05 1.4171e-06 9.86502e-08 4.89255e-09 1.67667e-10 3.87572e-12
 1.61252e-11 1.75101e-09 1.12101e-07 4.23128e-06 9.41627e-05 0.00123553 0.00956083 0.0436736 0.118247 0.193 0.202571 0.163997 0.126444 0.0851209 0.0403588 0.0125203 0.00266895 0.000437381 5.94673e-05 6.5612e-06 5.56424e-07 3.48528e-08 1.55927e-09 4.83334e-11 1.01243e-12
 1.66596e-11 1.80904e-09 1.15817e-07 4.37152e-06 9.72838e-05 0.00127649 0.00987784 0.0451216 0.122149 0.199126 0.207595 0.164059 0.121301 0.0788169 0.0365662 0.0112114 0.00236928 0.000376833 4.69735e-05 4.44414e-06 3.09299e-07 1.58264e-08 5.93751e-10 1.59243e-11 2.94713e-13
 1.69051e-11 1.8357e-09 1.17523e-07 4.43594e-06 9.87176e-05 0.00129532 0.0100239 0.0457935 0.124003 0.202248 0.210749 0.165227 0.119362 0.0752139 0.0337622 0.00992305 0.00197053 0.000288724 3.3176e-05 2.93039e-06 1.89754e-07 8.7756e-09 2.85661e-10 6.44051e-12 9.90487e-14
 1.61274e-11 1.75125e-09 1.12117e-07 4.23189e-06 9.41776e-05 0.00123579 0.00956457 0.0437178 0.118606 0.194735 0.207134 0.169632 0.127555 0.0805904 0.0352388 0.00984764 0.00179129 0.000229205 2.24606e-05 1.71725e-06 9.84193e-08 4.08074e-09 1.19973e-10 2.4479e-12 3.38213e-14
 1.33503e-11 1.44969e-09 9.28108e-08 3.50321e-06 7.79638e-05 0.00102316 0.00792264 0.0362776 0.09908 0.1666 0.190579 0.180318 0.15481 0.10284 0.0452066 0.0126151 0.00231352 0.000300697 2.93796e-05 2.13715e-06 1.10791e-07 4.00537e-09 1.01114e-10 1.77988e-12 2.15151e-14
 1.58e-11 1.71569e-09 1.09841e-07 4.14599e-06 9.22676e-05 0.0012108 0.00937311 0.042872 0.116566 0.192613 0.208003 0.173685 0.130285 0.080039 0.0339489 0.00934112 0.00171651 0.0002261 2.23543e-05 1.62665e-06 8.33556e-08 2.93755e-09 7.06788e-11 1.15074e-12 1.2495e-14
 1.5643e-11 1.69865e-09 1.08749e-07 4.10482e-06 9.13526e-05 0.00119885 0.00928185 0.0424738 0.115644 0.191852 0.209062 0.176476 0.131981 0.0793318 0.0324921 0.008487 0.00143805 0.00016905 1.48278e-05 9.87517e-07 4.81494e-08 1.6534e-09 3.90316e-11 6.20889e-13 6.52354e-15
 1.58654e-11 1.7228e-09 1.10296e-07 4.1632e-06 9.26526e-05 0.00121594 0.00941505 0.0430935 0.117396 0.194919 0.212207 0.177319 0.129447 0.0756134 0.0301646 0.00768747 0.0012684 0.000143779 1.19151e-05 7.31079e-07 3.21539e-08 9.84637e-10 2.07879e-11 3.00618e-13 2.93311e-15
 1.52259e-11 1.65335e-09 1.0585e-07 3.99542e-06 8.89211e-05 0.00116707 0.00903912 0.0414096 0.113123 0.189368 0.210363 0.181449 0.135141 0.0786578 0.0309538 0.00779634 0.00128112 0.000145607 1.20514e-05 7.26781e-07 3.08178e-08 8.93246e-10 1.75209e-11 2.3129e-13 2.03307e-15
 1.41002e-11 1.53112e-09 9.80246e-08 3.7001e-06 8.23522e-05 0.00108102 0.00837675 0.0384358 0.105521 0.179237 0.206311 0.188012 0.145447 0.0849446 0.0329429 0.00813644 0.00130987 0.000145638 1.17582e-05 6.90523e-07 2.85283e-08 8.05544e-10 1.53275e-11 1.94488e-13 1.62352e-15
 1.65008e-11 1.7918e-09 1.14714e-07 4.33002e-06 9.63692e-05 0.00126486 0.00979688 0.0448766 0.12246 0.203766 0.220946 0.178811 0.121418 0.0652697 0.0243127 0.00590927 0.000951544 0.000106775 8.65759e-06 5.02619e-07 2.02204e-08 5.5086e-10 1.00645e-11 1.22337e-13 9.76974e-16
 1.46653e-11 1.59248e-09 1.01954e-07 3.84848e-06 8.56586e-05 0.00112456 0.00871693 0.0400266 0.110041 0.187082 0.213854 0.188963 0.13828 0.0761065 0.0279922 0.00659295 0.00101428 0.000107482 8.22088e-06 4.55623e-07 1.77688e-08 4.73502e-10 8.4611e-12 9.98948e-14 7.67762e-16
 1.68004e-11 1.82434e-09 1.16797e-07 4.40873e-06 9.8125e-05 0.00128805 0.00997946 0.0457462 0.125029 0.20854 0.226027 0.179956 0.117049 0.0595207 0.0210421 0.00488144 0.000751361 8.00979e-05 6.09353e-06 3.28131e-07 1.2166e-08 3.04434e-10 5.0954e-12 5.65974e-14 4.12131e-16
 1.52315e-11 1.65398e-09 1.05892e-07 3.9972e-06 8.89741e-05 0.00116827 0.0090591 0.0416318 0.114613 0.194975 0.221181 0.189387 0.13089 0.0675956 0.0233991 0.00518533 0.000744695 7.25837e-05 5.03351e-06 2.51603e-07 8.86349e-09 2.13534e-10 3.4405e-12 3.64654e-14 2.50598e-16
 1.64441e-11 1.78565e-09 1.14322e-07 4.31543e-06 9.60566e-05 0.0012612 0.00977771 0.0448972 0.123228 0.207492 0.228631 0.184581 0.118598 0.057681 0.0190861 0.00405793 0.000554843 5.05995e-05 3.21484e-06 1.44984e-07 4.57853e-09 9.88995e-11 1.43746e-12 1.39014e-14 8.83421e-17
 1.59757e-11 1.73479e-09 1.11067e-07 4.19267e-06 9.33311e-05 0.00122567 0.00950743 0.043719 0.12043 0.20449 0.228918 0.188297 0.121705 0.0583925 0.0188119 0.00385774 0.000502671 4.29481e-05 2.51202e-06 1.03232e-07 2.96269e-09 5.80323e-11 7.60881e-13 6.59776e-15 3.74624e-17
 1.38612e-11 1.5052e-09 9.63703e-08 3.63818e-06 8.10067e-05 0.0010645 0.00827198 0.0382235 0.106661 0.186946 0.223187 0.200714 0.139118 0.0685511 0.0220654 0.00448176 0.000578713 4.90636e-05 2.83165e-06 1.13025e-07 3.08474e-09 5.63413e-11 6.78326e-13 5.34481e-15 2.74128e-17
 1.67768e-11 1.82179e-09 1.16638e-07 4.40311e-06 9.80223e-05 0.00128746 0.00998931 0.0459486 0.126523 0.213914 0.235276 0.185113 0.111958 0.0505349 0.0156881 0.00319623 0.000427761 3.85065e-05 2.36995e-06 9.90523e-08 2.75313e-09 4.99778e-11 5.87156e-13 4.44609e-15 2.16025e-17
 1.52844e-11 1.65976e-09 1.06268e-07 4.01198e-06 8.93355e-05 0.00117407 0.00912382 0.0421366 0.117192 0.202766 0.233232 0.195021 0.123286 0.0557608 0.0166571 0.00314958 0.000376495 2.92605e-05 1.54177e-06 5.68412e-08 1.46772e-09 2.59116e-11 3.0371e-13 2.30807e-15 1.11784e-17
#spawning biomass
 11852.3 9793.88 7476.22 9318.44 14140.6 21099.8 29725.6 44768.4 78331.1 107134 120286 171755 253393 265922 230520 234836 285535 291461 271732 264209 282330 312517 358089 382934 395397 396596 421555 442191 399386 349856 4847.76 4198.54 4198.54 4198.54 4198.54 4198.54 4198.54 4198.54 4198.54 4198.54 4198.54 4198.54 4198.54 4198.54 4198.54 4198.54 4198.54 4198.54 4198.54 4198.54 4198.54 4198.54 4198.54 4198.54 4198.54 4198.54 4198.54 4198.54 4198.54 4198.54 4198.54 4198.54 4198.54 4198.54 4198.54 4198.54 4198.54 4198.54 4198.54 4198.54 4198.54 4198.54 4198.54 4198.54 4198.54 4198.54 4198.54 4198.54 4198.54 4198.54 4198.54 4198.54 4198.54 4198.54 4198.54 4198.54 4198.54 4198.54 4198.54 4198.54 4198.54 4198.54 4198.54 4198.54 4198.54 4198.54 4198.54 4198.54 4198.54 4198.54 4198.54 4198.54 4198.54 4198.54 4198.54 4198.54 4198.54 4198.54 4198.54 4198.54 4198.54 4198.54 4198.54 4198.54 4198.54 4198.54 4198.54 4198.54 4198.54 4198.54 4198.54 4198.54 4198.54 4198.54 4198.54 4198.54 4198.54 4198.54 4198.54 0 0 0 0 0 0 0 0 0 0 0 0 0 0 0 0 0 0 0 0 0 0 0 0 0
