SBPRF35
0.819782
Curr Bio
132292
B35
669401
F35
0.213111
FOFL
0
OFL
0
Bzero
234224
#pred survey bio
 15446.8 13412.8 13320.6 16171.4 18293 20065.2 23869.9 29483.5 42577.2 59668.7 80174.2 96957.9 107176 142319 154364 120894 104610 99321.1 97563.4 103481 106752 104670 114042 124484 128281 154640 132370 128563 2.97675e+06 4.89899e+06 5.43766e+06 5.32796e+06 4.87285e+06 4.30398e+06 3.75499e+06 3.28534e+06 2.91037e+06 2.62366e+06 2.41047e+06 2.25476e+06 2.14226e+06 2.0614e+06 2.00271e+06 1.95928e+06 1.92861e+06 1.90673e+06 1.89094e+06 1.87942e+06 1.87091e+06 1.86456e+06 1.85976e+06 1.8561e+06 1.85328e+06 1.85109e+06 1.84937e+06 1.84801e+06 1.84693e+06 1.84607e+06 1.84538e+06 1.84483e+06 1.84438e+06 1.84402e+06 1.84372e+06 1.84348e+06 1.84329e+06 1.84313e+06 1.843e+06 1.8429e+06 1.84281e+06 1.84274e+06 1.84268e+06 1.84263e+06 1.8426e+06 1.84256e+06 1.84254e+06 1.84252e+06 1.8425e+06 1.84249e+06 1.84247e+06 1.84247e+06 1.84246e+06 1.84245e+06 1.84245e+06 1.84244e+06 1.84244e+06 1.84244e+06 1.84243e+06 1.84243e+06 1.84243e+06 1.84243e+06 1.84243e+06 1.84243e+06 1.84243e+06 1.84243e+06 1.84243e+06 1.84242e+06 1.84242e+06 1.84242e+06 1.84242e+06 1.84242e+06 1.84242e+06 1.84242e+06 1.84242e+06 1.84242e+06 1.84242e+06 1.84242e+06 1.84242e+06 1.84242e+06 1.84242e+06 1.84242e+06 1.84242e+06 1.84242e+06 1.84242e+06 1.84242e+06 1.84242e+06 1.84242e+06 1.84242e+06 1.84242e+06 1.84242e+06 1.84242e+06 1.84242e+06 1.84242e+06 1.84242e+06 1.84242e+06 1.84242e+06 1.84242e+06 1.84242e+06 1.84242e+06 0 0 0 0 0 0 0 0 0 0 0 0 0 0 0 0 0 0 0 0 0 0 0 0 0
#obs survey bio
 14322.5 12852.5 17733.7 13231 18656.3 18290.4 27623.9 33800 45380.8 79510.7 76137.9 119329 95696.7 116398 146985 103515 103696 103933 123310 123850 95838.4 131574 136352 144659 111823 154249 160652 107368
#pred catch bio
 10100.7 8913.8 9097.83 11324.4 12683.5 14364.6 17983.1 20368.7 29502 42578.3 60200.8 76792.6 75963.7 106020 127053 98949.8 87110.7 83060.6 77534.7 83638.5 91838.6 88952.7 97289.7 110434 105473 142282 115510 112929 0 40291.6 44433.6 43116.6 38948.6 33911.7 29137.2 25115.1 21956 19586.1 17863.8 16640.4 15785.7 15195.8 14789.6 14508.8 14323 14200.1 14118.8 14065 14029.4 14005.9 13990.3 13980 13973.2 13968.7 13965.7 13963.7 13962.4 13961.5 13961 13960.6 13960.3 13960.2 13960.1 13960 13959.9 13959.9 13959.9 13959.9 13959.9 13959.8 13959.8 13959.8 13959.8 13959.8 13959.8 13959.8 13959.8 13959.8 13959.8 13959.8 13959.8 13959.8 13959.8 13959.8 13959.8 13959.8 13959.8 13959.8 13959.8 13959.8 13959.8 13959.8 13959.8 13959.8 13959.8 13959.8 13959.8 13959.8 13959.8 13959.8 13959.8 13959.8 13959.8 13959.8 13959.8 13959.8 13959.8 13959.8 13959.8 13959.8 13959.8 13959.8 13959.8 13959.8 13959.8 13959.8 13959.8 13959.8 13959.8 13959.8 13959.8 13959.8 13959.8 13959.8 13959.8 13959.8 13959.8 13959.8 0 0 0 0 0 0 0 0 0 0 0 0 0 0 0 0 0 0 0 0 0 0 0 0 0
#obs catch bio
 6874.03 9262.14 9366.91 10919.8 13591.9 14583 17166.4 17891.9 27559 37700.6 57471.6 70398.2 63800.2 100883 126020 102486 85021.5 83479.6 66743.8 72207.9 84279.5 82358.3 88272.4 101949 97145.9 136481 103772 112619
#pred cpue bio
 13901.8 12068.1 11347.4 13594.9 15895.2 17005.3 19882.1 24024 35147 49079.5 66238.2 80581.5 88329.8 118322 133439 103863 87815.6 82177.7 81070.5 86455.4 88338.6 84916.9 92377.3 100654 102616 125888 108070 105298 2.41838e+06 4.85983e+06 5.3985e+06 5.28881e+06 4.83369e+06 4.26482e+06 3.71583e+06 3.24618e+06 2.87122e+06 2.58451e+06 2.37131e+06 2.2156e+06 2.1031e+06 2.02224e+06 1.96356e+06 1.92012e+06 1.88945e+06 1.86757e+06 1.85179e+06 1.84026e+06 1.83176e+06 1.82541e+06 1.82061e+06 1.81695e+06 1.81413e+06 1.81193e+06 1.81021e+06 1.80885e+06 1.80778e+06 1.80692e+06 1.80623e+06 1.80567e+06 1.80522e+06 1.80486e+06 1.80457e+06 1.80433e+06 1.80413e+06 1.80397e+06 1.80385e+06 1.80374e+06 1.80365e+06 1.80358e+06 1.80353e+06 1.80348e+06 1.80344e+06 1.80341e+06 1.80338e+06 1.80336e+06 1.80335e+06 1.80333e+06 1.80332e+06 1.80331e+06 1.8033e+06 1.8033e+06 1.80329e+06 1.80329e+06 1.80328e+06 1.80328e+06 1.80328e+06 1.80328e+06 1.80327e+06 1.80327e+06 1.80327e+06 1.80327e+06 1.80327e+06 1.80327e+06 1.80327e+06 1.80327e+06 1.80327e+06 1.80327e+06 1.80327e+06 1.80327e+06 1.80327e+06 1.80327e+06 1.80327e+06 1.80327e+06 1.80327e+06 1.80327e+06 1.80327e+06 1.80327e+06 1.80327e+06 1.80327e+06 1.80327e+06 1.80327e+06 1.80327e+06 1.80327e+06 1.80327e+06 1.80327e+06 1.80327e+06 1.80327e+06 1.80327e+06 1.80327e+06 1.80327e+06 1.80327e+06 1.80327e+06 1.80327e+06 1.80327e+06 1.80327e+06 1.80327e+06 1.80327e+06 0 0 0 0 0 0 0 0 0 0 0 0 0 0 0 0 0 0 0 0 0 0 0 0 0
#obs cpue bio
 8630.17 9551.42 10237.7 15471.8 12308.2 17339.1 27287.5 34248.2 39252.7 66757.9 68346.8 109900 208150 132677 148499 103256 102290 75268.6 136763 126720 130082 88125.8 117317 117081 149008 157624 138425 124783
#pred surv len freq
 1.13166e-11 1.2283e-09 7.86113e-08 2.96655e-06 6.60097e-05 0.000866094 0.00670167 0.030603 0.0827654 0.134933 0.143748 0.12907 0.12671 0.114586 0.0809563 0.0502617 0.0316059 0.0201812 0.0132903 0.00930801 0.00707185 0.00590077 0.00511317 0.00395005 0.00230945
 1.03895e-11 1.12768e-09 7.21715e-08 2.72353e-06 6.06024e-05 0.000795157 0.0061532 0.0281084 0.0761549 0.125253 0.138531 0.136959 0.146929 0.134941 0.0908918 0.0504945 0.0276591 0.0152756 0.0084514 0.00483945 0.00298456 0.00207248 0.00159135 0.00117024 0.00068173
 1.34503e-11 1.45991e-09 9.34338e-08 3.5259e-06 7.84559e-05 0.00102939 0.00796484 0.0363625 0.0982224 0.159169 0.165081 0.137045 0.122751 0.106434 0.0734054 0.0434369 0.0244636 0.0126458 0.00604238 0.00284483 0.00137989 0.00073376 0.000450815 0.000292933 0.000162895
 1.3657e-11 1.48234e-09 9.48696e-08 3.58008e-06 7.96616e-05 0.00104521 0.00808736 0.0369242 0.0997728 0.161947 0.169192 0.143447 0.130956 0.111369 0.0703482 0.0349122 0.0167258 0.0082759 0.00395787 0.00174221 0.000707531 0.000284472 0.000126191 6.39541e-05 3.14377e-05
 1.18535e-11 1.28658e-09 8.23409e-08 3.10729e-06 6.91415e-05 0.000907191 0.00701989 0.0320611 0.0867775 0.142025 0.153852 0.144285 0.146871 0.130447 0.0831555 0.0408245 0.018438 0.00798306 0.00324628 0.00128721 0.000490275 0.000171774 5.71556e-05 2.01554e-05 7.62923e-06
 1.33276e-11 1.44659e-09 9.25813e-08 3.49373e-06 7.77402e-05 0.00102 0.00789232 0.0360343 0.0973754 0.158115 0.165474 0.141092 0.130137 0.112744 0.0746303 0.0403939 0.0203279 0.00920666 0.00361045 0.00127404 0.000416363 0.000127328 3.61529e-05 9.60129e-06 2.53044e-06
 1.39862e-11 1.51807e-09 9.71565e-08 3.66638e-06 8.15818e-05 0.0010704 0.00828223 0.0378125 0.102153 0.165647 0.172297 0.144153 0.129479 0.10928 0.0687263 0.0337033 0.0155562 0.00711588 0.00301897 0.00113025 0.000360879 9.87769e-05 2.38585e-05 5.18019e-06 1.02371e-06
 1.48051e-11 1.60695e-09 1.02844e-07 3.88103e-06 8.63579e-05 0.00113306 0.00876692 0.0400217 0.108071 0.174843 0.179981 0.145775 0.125438 0.103219 0.0632167 0.0292441 0.012235 0.00500707 0.00193484 0.000704282 0.000233657 6.62657e-05 1.5449e-05 2.95899e-06 4.76101e-07
 1.42576e-11 1.54752e-09 9.90411e-08 3.73751e-06 8.31643e-05 0.00109117 0.00844285 0.0385451 0.104122 0.16876 0.175159 0.145572 0.129557 0.108481 0.0671653 0.0315718 0.0133501 0.00532211 0.00190148 0.000619151 0.000186805 5.09925e-05 1.20038e-05 2.3004e-06 3.46214e-07
 1.44547e-11 1.56892e-09 1.00411e-07 3.78919e-06 8.43144e-05 0.00110625 0.00855953 0.0390763 0.105537 0.170894 0.176627 0.144907 0.126948 0.105837 0.0660565 0.0317878 0.0139072 0.0057003 0.00206315 0.000659331 0.000185901 4.5879e-05 9.89724e-06 1.81777e-06 2.69714e-07
 1.42253e-11 1.54402e-09 9.88173e-08 3.72906e-06 8.29764e-05 0.0010887 0.00842378 0.0384582 0.10389 0.168405 0.174887 0.145591 0.12983 0.10875 0.067244 0.0315459 0.0134024 0.00546456 0.00202009 0.000664239 0.000189832 4.58821e-05 9.28011e-06 1.55935e-06 2.14347e-07
 1.3924e-11 1.51132e-09 9.67243e-08 3.65008e-06 8.1219e-05 0.00106564 0.00824547 0.0376461 0.101723 0.165111 0.172484 0.146168 0.133148 0.112347 0.0691315 0.031851 0.0131263 0.00517947 0.00185883 0.000602139 0.000173582 4.27982e-05 8.71725e-06 1.42759e-06 1.8462e-07
 1.4254e-11 1.54714e-09 9.90166e-08 3.73658e-06 8.31438e-05 0.0010909 0.00844079 0.0385363 0.104107 0.168806 0.175533 0.146688 0.131297 0.109687 0.0668051 0.0301039 0.0119815 0.00457106 0.00158798 0.000496564 0.000138762 3.36487e-05 6.8669e-06 1.13562e-06 1.46516e-07
 1.39539e-11 1.51457e-09 9.6932e-08 3.65791e-06 8.13934e-05 0.00106793 0.00826314 0.0377261 0.10193 0.165375 0.172426 0.145296 0.131591 0.111229 0.069418 0.0330882 0.0141769 0.00561193 0.00193014 0.000583822 0.000157061 3.67044e-05 7.26576e-06 1.18164e-06 1.52036e-07
 1.20157e-11 1.30419e-09 8.34681e-08 3.14983e-06 7.0088e-05 0.00091961 0.00711598 0.0324999 0.0879636 0.143954 0.155882 0.146009 0.148248 0.130842 0.081853 0.0384148 0.0162536 0.00656704 0.00238266 0.000757826 0.000206476 4.71978e-05 9.00459e-06 1.4114e-06 1.76453e-07
 1.23544e-11 1.34095e-09 8.58205e-08 3.2386e-06 7.20633e-05 0.000945525 0.00731641 0.0334129 0.0904024 0.147685 0.158713 0.145723 0.145093 0.127261 0.079765 0.0377167 0.0160699 0.00646969 0.00232928 0.00074836 0.000211566 5.04429e-05 9.80075e-06 1.51636e-06 1.8378e-07
 1.34894e-11 1.46415e-09 9.37052e-08 3.53615e-06 7.86839e-05 0.00103238 0.00798822 0.0364739 0.0985865 0.160269 0.168593 0.145829 0.136122 0.116241 0.0721349 0.0337537 0.014221 0.00570652 0.00206116 0.000663017 0.000187374 4.51701e-05 9.02924e-06 1.44245e-06 1.77577e-07
 1.40496e-11 1.52495e-09 9.75968e-08 3.683e-06 8.19516e-05 0.00107526 0.00831984 0.0379856 0.102639 0.166588 0.173978 0.147285 0.133849 0.112286 0.0679009 0.0299359 0.0115476 0.00434068 0.00152138 0.000483923 0.000136522 3.29611e-05 6.61782e-06 1.07128e-06 1.34983e-07
 1.38126e-11 1.49923e-09 9.59504e-08 3.62087e-06 8.05692e-05 0.00105712 0.00817958 0.0373469 0.100937 0.164012 0.172165 0.147955 0.136798 0.11538 0.069387 0.0299604 0.0110662 0.00390731 0.00126479 0.000371452 9.94807e-05 2.34804e-05 4.68461e-06 7.59215e-07 9.6304e-08
 1.36343e-11 1.47988e-09 9.47118e-08 3.57413e-06 7.95292e-05 0.00104347 0.00807402 0.0368653 0.0996405 0.161949 0.170202 0.146808 0.136489 0.115988 0.0711089 0.0322174 0.0127763 0.0047017 0.00150345 0.000418259 0.000103586 2.25639e-05 4.24109e-06 6.66225e-07 8.36007e-08
 1.40654e-11 1.52666e-09 9.77062e-08 3.68713e-06 8.20435e-05 0.00107646 0.00832915 0.0380278 0.102748 0.166727 0.173949 0.14683 0.133038 0.111714 0.0680784 0.0306139 0.0121098 0.00455364 0.0015305 0.000447859 0.000112184 2.35075e-05 4.11297e-06 5.98224e-07 7.07161e-08
 1.48093e-11 1.6074e-09 1.02874e-07 3.88213e-06 8.63824e-05 0.00113339 0.00876946 0.0400346 0.108123 0.175066 0.180856 0.148091 0.128982 0.105728 0.0626309 0.026386 0.00939247 0.00324726 0.00105668 0.000311306 8.07485e-05 1.7628e-05 3.13075e-06 4.42708e-07 4.9233e-08
 1.48454e-11 1.61133e-09 1.03125e-07 3.89161e-06 8.65933e-05 0.00113615 0.00879087 0.0401323 0.108387 0.175488 0.181273 0.148379 0.129146 0.105729 0.0623932 0.0259717 0.00896989 0.0029315 0.00087555 0.000234538 5.72431e-05 1.2352e-05 2.24232e-06 3.26598e-07 3.67151e-08
 1.49114e-11 1.61849e-09 1.03583e-07 3.9089e-06 8.69781e-05 0.0011412 0.00882992 0.0403102 0.108863 0.176223 0.181863 0.148431 0.128696 0.105145 0.0619536 0.0257006 0.00881004 0.00284268 0.000828587 0.000211359 4.77098e-05 9.41297e-06 1.59732e-06 2.2689e-07 2.5722e-08
 1.52959e-11 1.66022e-09 1.06254e-07 4.00969e-06 8.92207e-05 0.00117062 0.00905749 0.0413473 0.111639 0.180515 0.185347 0.148845 0.126233 0.101792 0.0592017 0.0238189 0.00770989 0.00235337 0.000665695 0.000166668 3.66671e-05 6.90509e-06 1.09028e-06 1.42627e-07 1.51468e-08
 1.46451e-11 1.58958e-09 1.01733e-07 3.83909e-06 8.54246e-05 0.00112082 0.00867228 0.039592 0.106942 0.173265 0.179519 0.148334 0.1307 0.107692 0.0638422 0.0267932 0.0093316 0.00300747 0.000845978 0.000202439 4.25073e-05 7.74523e-06 1.1844e-06 1.47814e-07 1.46899e-08
 1.44438e-11 1.56773e-09 1.00335e-07 3.78632e-06 8.42505e-05 0.00110542 0.00855318 0.0390501 0.105504 0.171142 0.178285 0.149742 0.134458 0.111058 0.064529 0.0254363 0.00788759 0.00231225 0.000646057 0.000161385 3.47444e-05 6.21556e-06 9.12055e-07 1.09227e-07 1.04344e-08
 1.43669e-11 1.55939e-09 9.98009e-08 3.76618e-06 8.38024e-05 0.00109954 0.00850768 0.0388423 0.104941 0.170218 0.177274 0.148792 0.13364 0.110902 0.0655457 0.0271185 0.00917834 0.00285752 0.000774506 0.000177838 3.61786e-05 6.47841e-06 9.68676e-07 1.15621e-07 1.07298e-08
#obs surv len freq
 1.16269e-11 1.262e-09 8.07676e-08 3.04792e-06 6.78205e-05 0.000889858 0.00688569 0.0314456 0.0850634 0.138743 0.147722 0.131707 0.128623 0.119922 0.0916011 0.0599165 0.0338947 0.0156459 0.00575339 0.00167253 0.000374169 6.21663e-05 7.41364e-06 6.14552e-07 3.44074e-08
 8.3646e-12 9.07899e-10 5.81055e-08 2.19273e-06 4.87916e-05 0.000640213 0.00495501 0.0226521 0.0615808 0.102766 0.119663 0.130945 0.152081 0.149355 0.114179 0.0735477 0.0406368 0.0182252 0.00647105 0.00180204 0.000383097 6.00421e-05 6.71263e-06 5.19116e-07 2.70127e-08
 1.84673e-11 2.00445e-09 1.28284e-07 4.84105e-06 0.000107719 0.00141332 0.0109344 0.0498937 0.134404 0.214743 0.208067 0.134734 0.0784952 0.0564945 0.0451923 0.0330636 0.0195552 0.00882808 0.00305805 0.000818328 0.000165589 2.45101e-05 2.57025e-06 1.85395e-07 8.95943e-09
 8.42169e-12 9.14096e-10 5.85021e-08 2.2077e-06 4.91254e-05 0.000644628 0.0049904 0.0228388 0.0623855 0.106157 0.131417 0.157179 0.184119 0.16237 0.0968848 0.0429446 0.0174837 0.00712598 0.00254614 0.000700208 0.000139958 1.98608e-05 1.96417e-06 1.3244e-07 5.95056e-09
 1.4085e-11 1.52879e-09 9.78427e-08 3.69228e-06 8.21583e-05 0.00107797 0.00834087 0.038079 0.102819 0.166038 0.168492 0.128726 0.104055 0.0962327 0.0835058 0.0587711 0.0299405 0.010511 0.00266949 0.000546938 9.44274e-05 1.27269e-05 1.21881e-06 7.86141e-08 3.32778e-09
 1.19828e-11 1.30062e-09 8.32398e-08 3.14122e-06 6.98972e-05 0.000917147 0.00709813 0.0324399 0.0880105 0.145105 0.15952 0.149069 0.143195 0.120315 0.0778114 0.042369 0.0212978 0.00911244 0.00291087 0.000646627 9.87068e-05 1.06266e-05 8.30039e-07 4.66841e-08 1.81241e-09
 1.65134e-11 1.79237e-09 1.14712e-07 4.32887e-06 9.63233e-05 0.00126383 0.00977905 0.0446454 0.120538 0.194443 0.195777 0.143587 0.103019 0.0787282 0.0544516 0.0316728 0.0147873 0.00532178 0.00149391 0.000329505 5.4173e-05 6.18356e-06 4.69712e-07 2.34593e-08 7.72392e-10
 1.3459e-11 1.46085e-09 9.3494e-08 3.52819e-06 7.8508e-05 0.00103014 0.00797276 0.0364371 0.0988244 0.16249 0.175871 0.156041 0.138732 0.108812 0.0648549 0.0306338 0.0124769 0.00429859 0.00116666 0.000237936 3.55556e-05 3.8087e-06 2.83687e-07 1.41602e-08 4.58623e-10
 1.42246e-11 1.54395e-09 9.88126e-08 3.7289e-06 8.29739e-05 0.00108873 0.00842573 0.0384968 0.104272 0.17039 0.179895 0.149693 0.125224 0.100197 0.0662552 0.035318 0.0147632 0.00460863 0.00106875 0.000188665 2.52815e-05 2.4721e-06 1.68736e-07 7.78004e-09 2.36509e-10
 1.4184e-11 1.53954e-09 9.85305e-08 3.71826e-06 8.27375e-05 0.00108564 0.00840246 0.0384004 0.104109 0.170677 0.181902 0.153755 0.128573 0.0995798 0.0624949 0.0319516 0.0133804 0.00435179 0.00104636 0.000181128 2.2207e-05 1.90908e-06 1.14075e-07 4.66507e-09 1.27598e-10
 1.28642e-11 1.39629e-09 8.93624e-08 3.37229e-06 7.504e-05 0.000984685 0.00762246 0.0348604 0.094773 0.156986 0.17304 0.157159 0.140441 0.111042 0.0692552 0.0345147 0.0138109 0.00426045 0.000982919 0.000166625 2.01937e-05 1.69205e-06 9.54234e-08 3.55929e-09 8.68072e-11
 1.41394e-11 1.5347e-09 9.82206e-08 3.70657e-06 8.24781e-05 0.00108227 0.00837716 0.0382968 0.103926 0.170788 0.182727 0.154252 0.127506 0.0987339 0.0632674 0.0326832 0.0132251 0.00400206 0.00088587 0.000142302 1.63123e-05 1.3003e-06 7.01831e-08 2.50487e-09 5.79443e-11
 1.35459e-11 1.47028e-09 9.40979e-08 3.551e-06 7.90175e-05 0.00103691 0.00802745 0.0367218 0.0998862 0.165491 0.181403 0.160275 0.136166 0.1028 0.0619556 0.0300179 0.011707 0.00351324 0.000777352 0.000123238 1.36526e-05 1.03346e-06 5.24602e-08 1.75598e-09 3.81369e-11
 1.14017e-11 1.23755e-09 7.92035e-08 2.98895e-06 6.65126e-05 0.00087291 0.00676061 0.0309744 0.0847316 0.143195 0.166451 0.164214 0.153608 0.121101 0.0742193 0.0357254 0.0133931 0.0037729 0.00078145 0.000117408 1.24906e-05 9.11768e-07 4.43967e-08 1.4116e-09 2.88461e-11
 9.23352e-12 1.00221e-09 6.41421e-08 2.42059e-06 5.38673e-05 0.000707059 0.00547908 0.025152 0.0692805 0.119792 0.148092 0.161589 0.165021 0.13967 0.0925141 0.0476872 0.0185188 0.00522179 0.00105256 0.000150397 1.50014e-05 1.0231e-06 4.67083e-08 1.39912e-09 2.7001e-11
 1.21393e-11 1.31761e-09 8.43272e-08 3.18231e-06 7.08154e-05 0.00092937 0.00719724 0.0329573 0.0899168 0.150196 0.167701 0.152769 0.13635 0.113754 0.079573 0.0438715 0.0180671 0.00534974 0.00111556 0.000160951 1.57653e-05 1.03058e-06 4.43248e-08 1.23833e-09 2.21975e-11
 1.17485e-11 1.27519e-09 8.16126e-08 3.0799e-06 6.85393e-05 0.000899621 0.00697014 0.0319686 0.0876874 0.148935 0.173407 0.167217 0.14885 0.112712 0.0685775 0.034039 0.0135525 0.00408492 0.000882637 0.000131413 1.31026e-05 8.56937e-07 3.62015e-08 9.75966e-10 1.66258e-11
 1.24311e-11 1.34928e-09 8.63548e-08 3.25887e-06 7.25222e-05 0.0009519 0.00737493 0.0338169 0.0926372 0.15646 0.178774 0.166093 0.143462 0.108294 0.0657335 0.0312244 0.0113272 0.00306774 0.000610495 8.69824e-05 8.53786e-06 5.56149e-07 2.338e-08 6.22568e-10 1.03698e-11
 1.17027e-11 1.27022e-09 8.1295e-08 3.06797e-06 6.82771e-05 0.000896316 0.00694768 0.0319072 0.0878253 0.150392 0.177452 0.172292 0.151484 0.111971 0.0653307 0.0298031 0.010392 0.0026722 0.000493478 6.41717e-05 5.75417e-06 3.47464e-07 1.37899e-08 3.51686e-10 5.65621e-12
 1.2041e-11 1.30695e-09 8.36458e-08 3.1567e-06 7.02528e-05 0.000922284 0.00714945 0.0328359 0.0903534 0.154328 0.18025 0.17128 0.147891 0.10925 0.0640938 0.028952 0.00976391 0.00238725 0.000414992 5.03613e-05 4.17309e-06 2.30869e-07 8.36246e-09 1.95078e-10 2.88929e-12
 1.27869e-11 1.3879e-09 8.8827e-08 3.35225e-06 7.46059e-05 0.000979465 0.00759313 0.0348742 0.0959136 0.163288 0.18819 0.172978 0.142599 0.100879 0.0570529 0.0250154 0.00823096 0.00195939 0.000328146 3.78146e-05 2.93704e-06 1.50834e-07 5.03604e-09 1.07724e-10 1.45779e-12
 1.21048e-11 1.31388e-09 8.409e-08 3.17356e-06 7.06344e-05 0.000927533 0.00719533 0.0331116 0.0915711 0.158173 0.187974 0.17959 0.150042 0.103562 0.0557366 0.0230142 0.00713378 0.00160753 0.000255891 2.80516e-05 2.06609e-06 9.99983e-08 3.12334e-09 6.20626e-11 7.75687e-13
 1.2815e-11 1.39096e-09 8.90235e-08 3.35977e-06 7.47793e-05 0.000981961 0.00761702 0.0350371 0.0967084 0.165837 0.192989 0.177549 0.143524 0.0979594 0.0525366 0.0212956 0.00632525 0.00134031 0.000198814 2.028e-05 1.39283e-06 6.30053e-08 1.84073e-09 3.41797e-11 3.98268e-13
 1.20604e-11 1.30906e-09 8.37831e-08 3.16211e-06 7.0388e-05 0.00092459 0.00717843 0.0331021 0.0919817 0.160363 0.192804 0.184246 0.150539 0.100188 0.0515013 0.0200149 0.00573115 0.00117005 0.000165658 1.59159e-05 1.0181e-06 4.26192e-08 1.14978e-09 1.97212e-11 2.12529e-13
 1.21542e-11 1.31925e-09 8.44361e-08 3.18682e-06 7.09415e-05 0.00093197 0.00723759 0.0333914 0.0928495 0.161878 0.193958 0.183783 0.149227 0.0994694 0.0511022 0.0195176 0.00538251 0.00104472 0.000139914 1.26904e-05 7.64189e-07 2.99684e-08 7.52915e-10 1.19611e-11 1.18911e-13
 1.08333e-11 1.17588e-09 7.52622e-08 2.84081e-06 6.32529e-05 0.000831469 0.00646777 0.0299719 0.0842994 0.150991 0.190307 0.191317 0.160155 0.106146 0.0532523 0.0197721 0.00529295 0.000992216 0.000127141 1.09195e-05 6.17581e-07 2.2634e-08 5.29943e-10 7.83029e-12 7.22582e-14
 1.09289e-11 1.18627e-09 7.59279e-08 2.86601e-06 6.38178e-05 0.000838993 0.00652757 0.0302544 0.0850569 0.151893 0.189862 0.189005 0.158555 0.106864 0.0544845 0.0202115 0.00529547 0.000957524 0.000117382 9.59308e-06 5.13664e-07 1.77258e-08 3.88698e-10 5.35445e-12 4.59072e-14
 1.1225e-11 1.21842e-09 7.79871e-08 2.94387e-06 6.55585e-05 0.000862082 0.00671057 0.0311322 0.0876471 0.156606 0.194731 0.190386 0.155191 0.101634 0.0507051 0.0185499 0.00480877 0.000856811 0.00010245 8.06724e-06 4.11746e-07 1.34372e-08 2.77138e-10 3.57645e-12 2.86334e-14
#pred catch len freq
 9.73216e-12 1.05633e-09 6.76052e-08 2.55121e-06 5.6768e-05 0.000744846 0.00576385 0.0263291 0.0713255 0.117239 0.129352 0.127229 0.136484 0.127512 0.090741 0.0564054 0.0354742 0.0226514 0.014917 0.0104473 0.00793744 0.00662302 0.00573902 0.00443354 0.00259213
 8.90147e-12 9.6617e-10 6.18347e-08 2.33346e-06 5.19228e-05 0.000681285 0.00527245 0.0240951 0.0654197 0.108707 0.125355 0.136191 0.157665 0.148453 0.100533 0.0559039 0.0306259 0.0169142 0.00935801 0.00535859 0.00330473 0.0022948 0.00176206 0.00129577 0.000754861
 1.20911e-11 1.31238e-09 8.39919e-08 3.16959e-06 7.05277e-05 0.000925373 0.00716032 0.0326965 0.0884146 0.144041 0.152976 0.136156 0.132293 0.118687 0.0825069 0.0488897 0.027539 0.0142357 0.00680208 0.0032025 0.00155338 0.000826015 0.000507495 0.000329764 0.000183376
 1.24207e-11 1.34815e-09 8.62814e-08 3.256e-06 7.24503e-05 0.0009506 0.00735561 0.0335902 0.0908588 0.148243 0.158446 0.143369 0.140761 0.123307 0.0784317 0.0389746 0.0186756 0.00924078 0.00441931 0.00194533 0.000790021 0.000317638 0.000140904 7.14105e-05 3.5103e-05
 1.05285e-11 1.14277e-09 7.3137e-08 2.75997e-06 6.14132e-05 0.000805799 0.00623568 0.0284882 0.0772254 0.127346 0.142372 0.144304 0.157551 0.143418 0.0919268 0.0451768 0.0204066 0.00883552 0.00359294 0.00142467 0.000542629 0.000190117 6.32589e-05 2.23077e-05 8.44392e-06
 1.21691e-11 1.32084e-09 8.45333e-08 3.19003e-06 7.09824e-05 0.000931341 0.00720658 0.0329098 0.0890197 0.145254 0.155313 0.140772 0.138962 0.123739 0.0824309 0.0446671 0.0224816 0.0101822 0.00399303 0.00140904 0.000460483 0.00014082 3.99838e-05 1.06187e-05 2.79858e-06
 1.30931e-11 1.42113e-09 9.09521e-08 3.43225e-06 7.63722e-05 0.00100205 0.0077536 0.035404 0.0957136 0.155751 0.164555 0.144156 0.136662 0.117998 0.0746121 0.0366271 0.0169082 0.00773443 0.00328139 0.0012285 0.000392249 0.000107363 2.59325e-05 5.63048e-06 1.1127e-06
 1.35869e-11 1.47473e-09 9.43827e-08 3.56171e-06 7.92528e-05 0.00103985 0.00804595 0.036737 0.0992912 0.161362 0.169498 0.145989 0.135562 0.115359 0.0712294 0.0330026 0.0138107 0.00565207 0.00218409 0.000795008 0.000263757 7.4802e-05 1.74392e-05 3.34017e-06 5.37432e-07
 1.30165e-11 1.41281e-09 9.04197e-08 3.41216e-06 7.59251e-05 0.000996191 0.00770828 0.0351984 0.0951759 0.155023 0.164464 0.145753 0.139818 0.120825 0.0753723 0.0354804 0.0150061 0.0059824 0.00213739 0.000695967 0.000209981 5.7319e-05 1.34931e-05 2.5858e-06 3.89168e-07
 1.33444e-11 1.4484e-09 9.26975e-08 3.49812e-06 7.78378e-05 0.00102128 0.00790233 0.0360821 0.0975328 0.158598 0.167033 0.144997 0.136017 0.116804 0.0734211 0.0353795 0.0154815 0.00634574 0.00229676 0.000733986 0.00020695 5.10738e-05 1.10179e-05 2.02359e-06 3.00254e-07
 1.33307e-11 1.44692e-09 9.26028e-08 3.49455e-06 7.77583e-05 0.00102024 0.00789429 0.0360458 0.0974414 0.158503 0.167179 0.145723 0.137227 0.117644 0.0731477 0.034352 0.0145969 0.00595168 0.00220016 0.000723451 0.000206754 4.99722e-05 1.01074e-05 1.69835e-06 2.33454e-07
 1.32853e-11 1.44199e-09 9.2287e-08 3.48263e-06 7.74931e-05 0.00101676 0.0078674 0.0359236 0.0971191 0.158043 0.166992 0.146295 0.138481 0.118735 0.0733407 0.0338151 0.0139373 0.00549953 0.00197369 0.000639348 0.000184309 4.5443e-05 9.25593e-06 1.51581e-06 1.96028e-07
 1.31074e-11 1.42269e-09 9.10517e-08 3.43601e-06 7.64558e-05 0.00100315 0.00776216 0.0354445 0.0958434 0.156125 0.165699 0.146983 0.140972 0.121226 0.0743433 0.0335454 0.0133541 0.0050948 0.00176993 0.00055346 0.000154661 3.75041e-05 7.6537e-06 1.26573e-06 1.63304e-07
 1.30093e-11 1.41203e-09 9.037e-08 3.41028e-06 7.58834e-05 0.000995642 0.00770403 0.0351788 0.095121 0.154916 0.164275 0.145404 0.139357 0.1206 0.0756871 0.0361146 0.015476 0.00612626 0.00210703 0.000637329 0.000171456 4.00683e-05 7.93167e-06 1.28994e-06 1.6597e-07
 1.15538e-11 1.25405e-09 8.02592e-08 3.02874e-06 6.73935e-05 0.00088426 0.00684257 0.0312542 0.0846338 0.138841 0.151903 0.146081 0.152073 0.135439 0.0849025 0.0398615 0.0168667 0.00681478 0.00247254 0.000786415 0.000214265 4.89783e-05 9.34428e-06 1.46464e-06 1.8311e-07
 1.18629e-11 1.28761e-09 8.24068e-08 3.10978e-06 6.91969e-05 0.000907919 0.00702555 0.0320877 0.08686 0.142245 0.154477 0.145789 0.149148 0.132143 0.0830153 0.0392706 0.016733 0.00673671 0.00242542 0.000779247 0.000220298 5.25249e-05 1.02053e-05 1.57894e-06 1.91365e-07
 1.31244e-11 1.42453e-09 9.11695e-08 3.44046e-06 7.65547e-05 0.00100445 0.00777217 0.0354895 0.0959554 0.156229 0.165449 0.145887 0.139147 0.119876 0.074545 0.0348953 0.0147029 0.0058999 0.00213101 0.000685486 0.000193723 4.67009e-05 9.33522e-06 1.49133e-06 1.83595e-07
 1.37231e-11 1.48951e-09 9.53283e-08 3.5974e-06 8.00468e-05 0.00105027 0.00812656 0.037105 0.100286 0.162977 0.171184 0.147387 0.136632 0.11559 0.0700399 0.0308911 0.0119169 0.00447949 0.00157004 0.000499399 0.000140888 3.40152e-05 6.82946e-06 1.10554e-06 1.393e-07
 1.31908e-11 1.43174e-09 9.1631e-08 3.45787e-06 7.69422e-05 0.00100954 0.00781155 0.0356702 0.096456 0.15714 0.166857 0.148183 0.142151 0.121711 0.073456 0.0317393 0.0117246 0.00413983 0.00134006 0.000393558 0.000105401 2.48778e-05 4.9634e-06 8.04398e-07 1.02035e-07
 1.30989e-11 1.42176e-09 9.09922e-08 3.43377e-06 7.64059e-05 0.0010025 0.0077571 0.0354214 0.0957813 0.156026 0.165609 0.146944 0.141006 0.12138 0.0746407 0.0338374 0.01342 0.0049386 0.0015792 0.000439334 0.000108805 2.37009e-05 4.45479e-06 6.99795e-07 8.78132e-08
 1.39135e-11 1.51018e-09 9.66511e-08 3.64732e-06 8.11576e-05 0.00106484 0.00823925 0.0376182 0.101654 0.165047 0.172646 0.14687 0.134322 0.113245 0.0690774 0.0310689 0.0122902 0.00462147 0.0015533 0.000454531 0.000113855 2.38577e-05 4.17424e-06 6.07136e-07 7.17696e-08
 1.45934e-11 1.58397e-09 1.01374e-07 3.82555e-06 8.51234e-05 0.00111687 0.00864171 0.0394526 0.106568 0.172681 0.179017 0.148182 0.130858 0.107937 0.064038 0.026987 0.0096069 0.00332141 0.00108081 0.000318416 8.25926e-05 1.80305e-05 3.20224e-06 4.52818e-07 5.03574e-08
 1.4653e-11 1.59044e-09 1.01788e-07 3.84116e-06 8.54707e-05 0.00112143 0.00867697 0.0396134 0.107 0.173362 0.179636 0.148466 0.130828 0.107706 0.0636478 0.0265012 0.00915318 0.00299142 0.000893447 0.000239332 5.84132e-05 1.26045e-05 2.28815e-06 3.33274e-07 3.74656e-08
 1.49584e-11 1.62359e-09 1.0391e-07 3.92122e-06 8.72523e-05 0.0011448 0.00885774 0.040437 0.109201 0.176742 0.182263 0.148409 0.128285 0.104662 0.0616472 0.0255717 0.00876576 0.00282838 0.000824421 0.000210297 4.74699e-05 9.36564e-06 1.58929e-06 2.2575e-07 2.55926e-08
 1.49085e-11 1.61817e-09 1.03563e-07 3.90814e-06 8.69612e-05 0.00114098 0.00882822 0.0403028 0.108848 0.176238 0.182063 0.149049 0.129663 0.105802 0.0617157 0.0248451 0.0080429 0.00245505 0.000694458 0.00017387 3.82514e-05 7.20344e-06 1.13738e-06 1.4879e-07 1.58013e-08
 1.49382e-11 1.6214e-09 1.03769e-07 3.91593e-06 8.71345e-05 0.00114325 0.00884578 0.0403824 0.109054 0.176503 0.182014 0.148206 0.128144 0.104683 0.0619269 0.0259785 0.00904722 0.00291579 0.000820189 0.000196267 4.12115e-05 7.50913e-06 1.1483e-06 1.43308e-07 1.42421e-08
 1.43861e-11 1.56147e-09 9.99339e-08 3.7712e-06 8.39141e-05 0.001101 0.00851904 0.0388946 0.105088 0.170505 0.177797 0.149775 0.134972 0.111658 0.0649021 0.0255853 0.00793391 0.00232583 0.000649853 0.000162333 3.49485e-05 6.25207e-06 9.17413e-07 1.09869e-07 1.04957e-08
 1.43511e-11 1.55768e-09 9.96911e-08 3.76204e-06 8.37102e-05 0.00109833 0.00849833 0.0387997 0.104827 0.170043 0.177139 0.1488 0.133779 0.111064 0.0656488 0.0271618 0.00919299 0.00286208 0.000775743 0.000178122 3.62364e-05 6.48876e-06 9.70223e-07 1.15806e-07 1.0747e-08
#obs catch len freq
 9.76606e-12 1.06001e-09 6.78408e-08 2.5601e-06 5.6966e-05 0.000747451 0.00578423 0.0264262 0.0716293 0.117964 0.130761 0.129283 0.139771 0.135634 0.105043 0.069372 0.0396022 0.0184678 0.00687816 0.0020291 0.000460927 7.77278e-05 9.39992e-06 7.89512e-07 4.47647e-08
 1.00232e-11 1.08792e-09 6.96268e-08 2.62751e-06 5.84659e-05 0.000767134 0.00593664 0.0271241 0.0735327 0.121126 0.134092 0.131386 0.139755 0.133869 0.102707 0.066968 0.0374419 0.0169754 0.0060996 0.00172156 0.000371341 5.90834e-05 6.70419e-06 5.25739e-07 2.77089e-08
 7.10865e-12 7.71577e-10 4.93808e-08 1.86349e-06 4.14659e-05 0.00054411 0.00421194 0.0192706 0.0525808 0.089145 0.109548 0.131602 0.161438 0.160281 0.122506 0.0785018 0.0428009 0.0188253 0.00652098 0.00176022 0.000360232 5.39893e-05 5.73586e-06 4.19172e-07 2.0514e-08
 1.74823e-11 1.89754e-09 1.21442e-07 4.58285e-06 0.000101974 0.00133794 0.0103515 0.047239 0.127314 0.203855 0.199381 0.133754 0.0843935 0.0648445 0.0527261 0.0382784 0.0222378 0.00981798 0.00331169 0.000857581 0.000166787 2.35734e-05 2.34615e-06 1.59751e-07 7.25438e-09
 7.46115e-12 8.09838e-10 5.18297e-08 1.95591e-06 4.3523e-05 0.000571142 0.00442251 0.0202599 0.0555786 0.0962004 0.125239 0.160493 0.193483 0.170196 0.100672 0.0443757 0.0179602 0.00719682 0.00249843 0.000662515 0.000126952 1.71732e-05 1.60987e-06 1.02363e-07 4.31809e-09
 1.31701e-11 1.42949e-09 9.1487e-08 3.45244e-06 7.68217e-05 0.00100796 0.00779959 0.0356158 0.0962603 0.156073 0.160875 0.128589 0.110417 0.104807 0.0907015 0.0627087 0.031154 0.0106517 0.0026357 0.000523994 8.69019e-05 1.11456e-05 1.00955e-06 6.1318e-08 2.43492e-09
 1.12181e-11 1.21762e-09 7.79275e-08 2.94076e-06 6.5437e-05 0.000858644 0.00664609 0.0303879 0.0825987 0.137191 0.154525 0.151325 0.150098 0.126495 0.0814036 0.0440446 0.0217979 0.00907035 0.00279553 0.000596646 8.7251e-05 8.96089e-06 6.63317e-07 3.51091e-08 1.27629e-09
 1.59116e-11 1.72706e-09 1.10532e-07 4.17112e-06 9.28135e-05 0.00121779 0.00942327 0.0430293 0.116265 0.188121 0.191513 0.144783 0.10815 0.08401 0.0578972 0.0332013 0.0151646 0.00531838 0.00144839 0.000307374 4.82192e-05 5.22337e-06 3.75174e-07 1.76541e-08 5.45308e-10
 1.29109e-11 1.40136e-09 8.96868e-08 3.38452e-06 7.53117e-05 0.000988222 0.0076491 0.0349716 0.0949925 0.157058 0.172961 0.158598 0.144148 0.112878 0.0666346 0.0310999 0.0124329 0.00416828 0.0010933 0.000214209 3.05692e-05 3.10775e-06 2.18435e-07 1.02446e-08 3.10835e-10
 1.37754e-11 1.49519e-09 9.5692e-08 3.61114e-06 8.03541e-05 0.00105437 0.00816052 0.0372966 0.101138 0.165956 0.177508 0.151715 0.129669 0.103813 0.0679545 0.0355846 0.0144993 0.004392 0.000984889 0.000167157 2.13766e-05 1.98169e-06 1.27563e-07 5.52242e-09 1.57043e-10
 1.38464e-11 1.50289e-09 9.61851e-08 3.62975e-06 8.07687e-05 0.00105983 0.0082034 0.0375027 0.101792 0.167537 0.180619 0.155927 0.132127 0.101911 0.0632425 0.0317951 0.0129856 0.00408978 0.000946912 0.00015701 1.83471e-05 1.4957e-06 8.43034e-08 3.23579e-09 8.2732e-11
 1.2598e-11 1.3674e-09 8.75134e-08 3.30252e-06 7.34881e-05 0.000964352 0.0074659 0.0341584 0.092995 0.154741 0.172618 0.15961 0.143526 0.112548 0.069253 0.0338684 0.0131988 0.0039413 0.000875387 0.000141975 1.63624e-05 1.29727e-06 6.89376e-08 2.41388e-09 5.50699e-11
 1.39444e-11 1.51353e-09 9.68659e-08 3.65545e-06 8.13413e-05 0.00106738 0.00826268 0.0377856 0.102649 0.169255 0.182682 0.156372 0.129961 0.0998342 0.0630515 0.0318831 0.0125332 0.00366421 0.00077973 0.000119715 1.30391e-05 9.82385e-07 4.98923e-08 1.66933e-09 3.60936e-11
 1.34276e-11 1.45744e-09 9.32766e-08 3.52002e-06 7.83288e-05 0.00102791 0.00795865 0.0364208 0.0991859 0.164905 0.182221 0.162549 0.137901 0.102852 0.0610158 0.028949 0.0109693 0.00317643 0.000674188 0.000101938 1.07134e-05 7.65732e-07 3.65456e-08 1.14582e-09 2.3237e-11
 1.13306e-11 1.22984e-09 7.87099e-08 2.97034e-06 6.60994e-05 0.000867532 0.00672011 0.0308056 0.0844095 0.143289 0.168028 0.166882 0.155135 0.120545 0.072579 0.0341219 0.0124039 0.00336909 0.000669188 9.58221e-05 9.65778e-06 6.64586e-07 3.03855e-08 9.04156e-10 1.72432e-11
 9.21487e-12 1.00019e-09 6.40127e-08 2.41573e-06 5.37602e-05 0.000705706 0.0054699 0.0251283 0.0693622 0.120566 0.150348 0.164629 0.166627 0.138908 0.0902464 0.045301 0.0170131 0.0046154 0.000890524 0.000121117 1.14364e-05 7.34756e-07 3.14668e-08 8.81115e-10 1.58516e-11
 1.21722e-11 1.32118e-09 8.4556e-08 3.19096e-06 7.10089e-05 0.000931952 0.00721823 0.0330672 0.0903215 0.151308 0.169827 0.155204 0.137594 0.113124 0.0775126 0.0415369 0.0165124 0.00469354 0.000934362 0.000128012 1.18501e-05 7.29015e-07 2.93958e-08 7.67367e-10 1.28165e-11
 1.18203e-11 1.28299e-09 8.21118e-08 3.09876e-06 6.89604e-05 0.000905207 0.00701477 0.032191 0.0884245 0.150664 0.176162 0.169608 0.149058 0.110919 0.0662059 0.0320394 0.012327 0.00356207 0.000733042 0.000103379 9.7193e-06 5.97123e-07 2.36194e-08 5.94554e-10 9.4343e-12
 1.25402e-11 1.36112e-09 8.71126e-08 3.28749e-06 7.31606e-05 0.00096034 0.00744165 0.0341396 0.0936365 0.158554 0.181716 0.168365 0.143438 0.106196 0.0630008 0.0290721 0.0101808 0.00264607 0.000501955 6.76986e-05 6.25426e-06 3.8186e-07 1.50015e-08 3.72419e-10 5.77204e-12
 1.18434e-11 1.2855e-09 8.2273e-08 3.1049e-06 6.91011e-05 0.000907208 0.0070337 0.0323214 0.089091 0.152958 0.180842 0.174587 0.150986 0.109314 0.0622982 0.0275836 0.00926733 0.00228188 0.000401151 4.9368e-05 4.16626e-06 2.35651e-07 8.72734e-09 2.07129e-10 3.0941e-12
 1.22115e-11 1.32545e-09 8.48304e-08 3.20144e-06 7.12506e-05 0.000935462 0.00725323 0.0333314 0.0918336 0.1572 0.18381 0.173499 0.14722 0.10638 0.060827 0.0266088 0.00863317 0.00201889 0.000333707 3.8282e-05 2.98317e-06 1.54535e-07 5.2223e-09 1.1332e-10 1.55749e-12
 1.29851e-11 1.40942e-09 9.02044e-08 3.40427e-06 7.5766e-05 0.000994779 0.00771354 0.0354459 0.0975955 0.166435 0.191831 0.174888 0.141453 0.0977468 0.0538293 0.0228362 0.00721885 0.00164077 0.000260859 2.83832e-05 2.07156e-06 9.95635e-08 3.1004e-09 6.16794e-11 7.74509e-13
 1.23244e-11 1.33771e-09 8.5616e-08 3.2312e-06 7.19204e-05 0.000944525 0.00732917 0.033749 0.0934519 0.161684 0.191946 0.181447 0.148429 0.0999461 0.0523286 0.0208912 0.00621694 0.00133638 0.000201718 2.08529e-05 1.44162e-06 6.52442e-08 1.89964e-09 3.50976e-11 4.07017e-13
 1.30538e-11 1.41688e-09 9.06833e-08 3.42246e-06 7.6178e-05 0.00100044 0.00776233 0.035726 0.0987165 0.169492 0.196954 0.179252 0.141785 0.0942512 0.0490584 0.019185 0.00546293 0.00110335 0.0001551 1.49094e-05 9.60333e-07 4.0584e-08 1.10434e-09 1.90538e-11 2.05904e-13
 1.23151e-11 1.33671e-09 8.55536e-08 3.22901e-06 7.18812e-05 0.000944339 0.0073342 0.0338441 0.0941583 0.164336 0.19705 0.185859 0.148364 0.0961144 0.047937 0.0179617 0.00492424 0.000956641 0.000128179 1.15958e-05 6.95345e-07 2.71846e-08 6.82788e-10 1.0876e-11 1.08633e-13
 1.24275e-11 1.34892e-09 8.63359e-08 3.25861e-06 7.25442e-05 0.00095317 0.00740475 0.0341862 0.0951672 0.166053 0.198328 0.185384 0.146945 0.0951946 0.0473495 0.0174044 0.0045904 0.0008472 0.000107283 9.15333e-06 5.16223e-07 1.88938e-08 4.4178e-10 6.51682e-12 6.00439e-14
 1.11149e-11 1.20646e-09 7.72209e-08 2.91485e-06 6.49077e-05 0.000853406 0.00664153 0.030805 0.08676 0.155489 0.195053 0.193006 0.157576 0.101484 0.0492719 0.0175897 0.00449712 0.000800431 9.68682e-05 7.81973e-06 4.13975e-07 1.41527e-08 3.0824e-10 4.22709e-12 3.61394e-14
 1.12229e-11 1.21819e-09 7.79727e-08 2.94332e-06 6.5546e-05 0.000861907 0.00670902 0.0311228 0.0876091 0.156521 0.19473 0.190837 0.156058 0.102037 0.0502317 0.017883 0.00446953 0.000766637 8.86754e-05 6.805e-06 3.40778e-07 1.0963e-08 2.23535e-10 2.85722e-12 2.26912e-14
#spawning biomass
 15693.7 13626.9 13637 16584.2 18675.6 20555.4 24509 30359.5 43768.4 61367 82408.1 99581.4 110197 146164 157704 123614 107299 102068 100204 106207 109703 107838 117516 128306 132400 159250 136264 132292 127762 232739 256537 248993 225118 196266 168917 145877 127782 114207 104341 97332.7 92436.8 89057.8 86731.1 85122.7 84058.6 83354.6 82888.8 82580.7 82376.8 82241.9 82152.7 82093.7 82054.6 82028.8 82011.7 82000.4 81992.9 81987.9 81984.6 81982.5 81981 81980.1 81979.5 81979.1 81978.8 81978.6 81978.5 81978.4 81978.3 81978.3 81978.3 81978.3 81978.3 81978.3 81978.2 81978.2 81978.2 81978.2 81978.2 81978.2 81978.2 81978.2 81978.2 81978.2 81978.2 81978.2 81978.2 81978.2 81978.2 81978.2 81978.2 81978.2 81978.2 81978.2 81978.2 81978.2 81978.2 81978.2 81978.2 81978.2 81978.2 81978.2 81978.2 81978.2 81978.2 81978.2 81978.2 81978.2 81978.2 81978.2 81978.2 81978.2 81978.2 81978.2 81978.2 81978.2 81978.2 81978.2 81978.2 81978.2 81978.2 81978.2 81978.2 81978.2 81978.2 81978.2 81978.2 81978.2 0 0 0 0 0 0 0 0 0 0 0 0 0 0 0 0 0 0 0 0 0 0 0 0 0
