SBPRF35
0.336372
Curr Bio
33082.4
B35
95353.5
F35
0.389585
FOFL
0.166766
OFL
8395.1
Bzero
96106.3
#pred survey bio
 5005.32 5952.82 7005.61 9167.35 11329.8 14063.8 13576.6 13123.1 20776.7 31693.8 33843.2 38742.2 60240.9 72753.4 65625 54759.9 49160.7 54262.5 50753.9 51978.3 52302 57024.9 61914.4 62781.9 69514 70955.3 67336.2 80167.9 3.39452e+06 2.65953e+06 2.50613e+06 2.04905e+06 1.65936e+06 1.3999e+06 1.24278e+06 1.15171e+06 1.09983e+06 1.0703e+06 1.05329e+06 1.04327e+06 1.03721e+06 1.03343e+06 1.03098e+06 1.02935e+06 1.02825e+06 1.02748e+06 1.02694e+06 1.02656e+06 1.02629e+06 1.02609e+06 1.02594e+06 1.02583e+06 1.02576e+06 1.0257e+06 1.02566e+06 1.02563e+06 1.02561e+06 1.02559e+06 1.02558e+06 1.02557e+06 1.02556e+06 1.02556e+06 1.02555e+06 1.02555e+06 1.02555e+06 1.02555e+06 1.02555e+06 1.02555e+06 1.02554e+06 1.02554e+06 1.02554e+06 1.02554e+06 1.02554e+06 1.02554e+06 1.02554e+06 1.02554e+06 1.02554e+06 1.02554e+06 1.02554e+06 1.02554e+06 1.02554e+06 1.02554e+06 1.02554e+06 1.02554e+06 1.02554e+06 1.02554e+06 1.02554e+06 1.02554e+06 1.02554e+06 1.02554e+06 1.02554e+06 1.02554e+06 1.02554e+06 1.02554e+06 1.02554e+06 1.02554e+06 1.02554e+06 1.02554e+06 1.02554e+06 1.02554e+06 1.02554e+06 1.02554e+06 1.02554e+06 1.02554e+06 1.02554e+06 1.02554e+06 1.02554e+06 1.02554e+06 1.02554e+06 1.02554e+06 1.02554e+06 1.02554e+06 1.02554e+06 1.02554e+06 1.02554e+06 1.02554e+06 1.02554e+06 1.02554e+06 1.02554e+06 1.02554e+06 1.02554e+06 1.02554e+06 1.02554e+06 1.02554e+06 1.02554e+06 1.02554e+06 1.02554e+06 1.02554e+06 0 0 0 0 0 0 0 0 0 0 0 0 0 0 0 0 0 0 0 0 0 0 0 0 0
#obs survey bio
 4047.6 5493.96 7153.08 11015.1 18548.1 13438.1 15349 17721.2 34470.8 35524.6 29570.4 54343.3 77166.9 64139.5 65963.5 54525.4 37149.5 45836.7 60409 46749.7 53689.4 82808.7 51625 83868.3 43917.2 52749.7 70801 108955
#pred catch bio
 2456.91 3344.15 3600.09 5098.1 5744.32 8310.19 8922.49 7529.74 9421.22 18535.4 23157.5 19837.2 33483.2 47035.9 45239.4 39623 30352.9 37990.7 33332.1 34827.3 33873.2 35570.6 41979 40126.3 44751.7 48796.1 40974.8 43986.4 8395.1 30020 30390.5 24141.4 18734.7 15258.5 13240.1 12129.1 11537.2 11228.7 11070.1 10989.3 10948.5 10928 10917.7 10912.5 10909.9 10908.6 10908 10907.7 10907.5 10907.4 10907.4 10907.4 10907.4 10907.4 10907.4 10907.4 10907.4 10907.4 10907.4 10907.4 10907.4 10907.4 10907.4 10907.4 10907.4 10907.4 10907.4 10907.4 10907.4 10907.4 10907.4 10907.4 10907.4 10907.4 10907.4 10907.4 10907.4 10907.4 10907.4 10907.4 10907.4 10907.4 10907.4 10907.4 10907.4 10907.4 10907.4 10907.4 10907.4 10907.4 10907.4 10907.4 10907.4 10907.4 10907.4 10907.4 10907.4 10907.4 10907.4 10907.4 10907.4 10907.4 10907.4 10907.4 10907.4 10907.4 10907.4 10907.4 10907.4 10907.4 10907.4 10907.4 10907.4 10907.4 10907.4 10907.4 10907.4 10907.4 10907.4 10907.4 10907.4 10907.4 10907.4 10907.4 10907.4 10907.4 10907.4 10907.4 0 0 0 0 0 0 0 0 0 0 0 0 0 0 0 0 0 0 0 0 0 0 0 0 0
#obs catch bio
 3593.12 3352.41 3584.64 5044.28 5493.94 8086.65 9019.1 7612.86 8976.99 17850.5 23914.7 19113.8 32044.3 46318.8 44220.3 40896.9 30143.1 39205.6 33359 35201.7 34134.7 34418.1 42248.9 39826.9 45343.6 50043.4 41331.2 44353.5
#pred cpue bio
 3413.11 3847.16 4350.95 5712.24 6982.59 9100.86 9125.65 8018.97 11192.2 19781.4 21920.5 21353.7 35328.3 46190.8 43145.9 35017 29203.2 33789.1 30765.3 32012.6 31821.2 34305.4 38478.8 37556.7 42108.1 44453.6 41071.6 48063.4 2.1553e+06 2.19856e+06 2.31704e+06 1.89502e+06 1.50453e+06 1.24414e+06 1.0868e+06 995677 943793 914261 897249 887236 881176 877389 874942 873311 872207 871443 870905 870522 870247 870047 869902 869796 869719 869662 869620 869590 869567 869551 869539 869530 869523 869518 869515 869512 869510 869509 869508 869507 869506 869506 869506 869505 869505 869505 869505 869505 869505 869505 869505 869505 869505 869505 869505 869505 869505 869505 869505 869505 869505 869505 869505 869505 869505 869505 869505 869505 869505 869505 869505 869505 869505 869505 869505 869505 869505 869505 869505 869505 869505 869505 869505 869505 869505 869505 869505 869505 869505 869505 869505 869505 869505 869505 869505 869505 869505 869505 869505 869505 0 0 0 0 0 0 0 0 0 0 0 0 0 0 0 0 0 0 0 0 0 0 0 0 0
#obs cpue bio
 3234.61 4849.56 3890.25 7368.88 11631.7 9274.99 5715.14 6847.54 22786.4 16573.4 17174.4 38673.9 44592.7 53711.9 58255.1 22013.1 34142 25175 30285 24939.4 34659.4 44711.8 34350.2 34301.8 37494.8 45770.7 35493.8 40677.3
#pred surv len freq
 2.14376e-27 2.16869e-27 6.15678e-27 1.36448e-21 8.11509e-17 1.10959e-12 3.48802e-09 2.5208e-06 0.000418828 0.0159989 0.140503 0.283681 0.132217 0.0284434 0.0882361 0.124016 0.0494713 0.03695 0.031828 0.0193222 0.0147651 0.0113511 0.0103579 0.0088482 0.00358871
 2.14253e-27 2.16646e-27 5.9595e-27 1.29763e-21 7.71748e-17 1.05523e-12 3.31712e-09 2.39729e-06 0.000398307 0.0152151 0.133619 0.269784 0.125909 0.0315438 0.111356 0.156501 0.0600121 0.0377424 0.0296543 0.0122292 0.00667432 0.00384995 0.00271807 0.00200485 0.000786415
 2.14342e-27 2.16885e-27 6.22535e-27 1.38784e-21 8.25403e-17 1.12859e-12 3.54774e-09 2.56396e-06 0.000425999 0.0162729 0.142909 0.288539 0.134555 0.0308803 0.101654 0.142873 0.0559761 0.0386568 0.0300415 0.0104126 0.00417674 0.00148615 0.000651557 0.00035931 0.000127846
 2.14309e-27 2.16805e-27 6.14041e-27 1.35902e-21 8.08263e-17 1.10516e-12 3.47407e-09 2.51072e-06 0.000417153 0.0159349 0.139942 0.282548 0.131805 0.031413 0.106712 0.149957 0.057851 0.0373829 0.0291277 0.0108621 0.0044257 0.00121365 0.000293604 8.83319e-05 2.45791e-05
 2.14336e-27 2.16871e-27 6.20803e-27 1.38195e-21 8.219e-17 1.1238e-12 3.53269e-09 2.55308e-06 0.000424191 0.0162038 0.142303 0.287315 0.134006 0.0313475 0.104876 0.147353 0.0567503 0.0363676 0.0280514 0.00982085 0.00384368 0.00108151 0.000216217 3.28338e-05 5.01519e-06
 2.14175e-27 2.16481e-27 5.80117e-27 1.24397e-21 7.39834e-17 1.01159e-12 3.17995e-09 2.29816e-06 0.000381836 0.0145859 0.128094 0.258628 0.120775 0.032174 0.118567 0.166743 0.0648143 0.0432918 0.0336616 0.0120174 0.00471727 0.00126963 0.000244784 2.99378e-05 2.34475e-06
 2.14043e-27 2.16162e-27 5.47145e-27 1.13216e-21 6.73338e-17 9.2067e-13 2.89414e-09 2.0916e-06 0.000347517 0.0132749 0.116581 0.235383 0.110043 0.0325763 0.128029 0.180203 0.071237 0.0510361 0.0399404 0.0140816 0.00547641 0.0014768 0.000278032 3.18184e-05 1.94184e-06
 2.14405e-27 2.17046e-27 6.40096e-27 1.44743e-21 8.60845e-17 1.17705e-12 3.70008e-09 2.67406e-06 0.00044429 0.0169716 0.149045 0.300928 0.140253 0.0301035 0.0931786 0.130962 0.0522616 0.0388465 0.0305593 0.0108584 0.00423145 0.0011218 0.000208031 2.33317e-05 1.32651e-06
 2.1467e-27 2.17683e-27 7.05553e-27 1.66938e-21 9.92845e-17 1.35754e-12 4.26744e-09 3.08409e-06 0.000512417 0.019574 0.1719 0.34707 0.161568 0.0296537 0.0765249 0.107185 0.0397637 0.02105 0.015955 0.00598195 0.00245879 0.000662665 0.000122925 1.35807e-05 7.54605e-07
 2.14196e-27 2.16515e-27 5.81453e-27 1.24839e-21 7.42466e-17 1.01519e-12 3.19126e-09 2.30634e-06 0.000383194 0.0146378 0.12855 0.259548 0.121271 0.0340469 0.129724 0.182164 0.0661633 0.0306677 0.0222526 0.00714752 0.0025624 0.000721655 0.00014138 1.58522e-05 8.7455e-07
 2.14189e-27 2.16518e-27 5.84518e-27 1.25892e-21 7.48726e-17 1.02375e-12 3.21817e-09 2.32578e-06 0.000386425 0.0147612 0.129633 0.261736 0.122188 0.0315584 0.113873 0.160254 0.0643253 0.0487907 0.0375114 0.0108337 0.00322494 0.000767391 0.000136798 1.5825e-05 8.99725e-07
 2.14627e-27 2.17578e-27 6.94765e-27 1.6328e-21 9.71089e-17 1.32779e-12 4.17393e-09 3.01651e-06 0.000501189 0.0191451 0.168133 0.339465 0.158056 0.0297366 0.0793232 0.111185 0.0419476 0.0243265 0.0185592 0.00657839 0.00243426 0.000524183 7.47458e-05 7.41722e-06 4.07754e-07
 2.14403e-27 2.17021e-27 6.34916e-27 1.42974e-21 8.5032e-17 1.16266e-12 3.65484e-09 2.64136e-06 0.000438859 0.0167641 0.147223 0.297249 0.138641 0.0324543 0.108638 0.1524 0.0550751 0.0246703 0.017835 0.00585118 0.00211072 0.000548063 8.99081e-05 7.85991e-06 3.6021e-07
 2.14193e-27 2.16518e-27 5.83e-27 1.2537e-21 7.45622e-17 1.01951e-12 3.20483e-09 2.31614e-06 0.000384823 0.0147 0.129096 0.260651 0.121736 0.0328721 0.12222 0.171801 0.0654389 0.0397411 0.0297039 0.00846174 0.0024814 0.000595968 0.00010237 1.03091e-05 4.76021e-07
 2.14089e-27 2.16267e-27 5.57271e-27 1.16646e-21 6.93739e-17 9.48564e-13 2.98182e-09 2.15497e-06 0.000358045 0.0136771 0.120113 0.242515 0.113358 0.0330448 0.12874 0.181096 0.0701101 0.0459641 0.0351678 0.011234 0.00371464 0.000782855 0.000110977 1.07568e-05 5.36708e-07
 2.14212e-27 2.16571e-27 5.8948e-27 1.27572e-21 7.58719e-17 1.03741e-12 3.26112e-09 2.35682e-06 0.000391583 0.0149582 0.131364 0.265229 0.123819 0.0319783 0.115383 0.162255 0.063274 0.0428247 0.032979 0.0107806 0.00375145 0.000870134 0.000127933 1.07973e-05 4.82463e-07
 2.14394e-27 2.17005e-27 6.33849e-27 1.42615e-21 8.48185e-17 1.15974e-12 3.64566e-09 2.63473e-06 0.000437757 0.016722 0.146854 0.296503 0.138276 0.031939 0.105717 0.148381 0.0549884 0.0288922 0.021426 0.00686494 0.00234551 0.000555398 8.7002e-05 7.79658e-06 3.33261e-07
 2.14235e-27 2.16616e-27 5.92762e-27 1.28678e-21 7.65299e-17 1.04641e-12 3.2894e-09 2.37726e-06 0.000394978 0.0150879 0.132503 0.267529 0.124926 0.0331297 0.121719 0.170985 0.0636459 0.0342764 0.0252981 0.00752821 0.0023366 0.000543723 8.5932e-05 8.04148e-06 3.63464e-07
 2.14339e-27 2.16871e-27 6.19864e-27 1.37872e-21 8.1998e-17 1.12118e-12 3.52443e-09 2.54712e-06 0.0004232 0.0161659 0.14197 0.286643 0.133725 0.0321335 0.109877 0.154308 0.0579743 0.0328394 0.0243465 0.00703237 0.00205153 0.000437494 6.30995e-05 5.79322e-06 2.68111e-07
 2.14273e-27 2.16708e-27 6.02441e-27 1.31961e-21 7.84823e-17 1.07311e-12 3.37332e-09 2.43791e-06 0.000405055 0.0154728 0.135883 0.274354 0.128071 0.0328706 0.11808 0.165842 0.0616368 0.032912 0.0243067 0.00734662 0.00227273 0.000474395 6.34973e-05 5.3147e-06 2.32553e-07
 2.14331e-27 2.16853e-27 6.18054e-27 1.37259e-21 8.16329e-17 1.11619e-12 3.50874e-09 2.53578e-06 0.000421316 0.016094 0.141338 0.285368 0.133135 0.0321131 0.110137 0.154687 0.0582767 0.033494 0.0249201 0.00729462 0.00217862 0.000470321 6.51487e-05 5.24698e-06 2.11635e-07
 2.1436e-27 2.16922e-27 6.25165e-27 1.3967e-21 8.30671e-17 1.13579e-12 3.57039e-09 2.58033e-06 0.000428718 0.0163767 0.143821 0.290381 0.135451 0.0320708 0.108367 0.152152 0.0568107 0.0311331 0.0231238 0.00709097 0.0022426 0.000476678 6.52088e-05 5.38546e-06 2.17004e-07
 2.14252e-27 2.16658e-27 5.97341e-27 1.30232e-21 7.74541e-17 1.05905e-12 3.32913e-09 2.40597e-06 0.000399748 0.0152701 0.134103 0.27076 0.126409 0.0328407 0.118981 0.167146 0.0625648 0.034753 0.0258305 0.00783633 0.00247034 0.000548066 7.82226e-05 6.44575e-06 2.6074e-07
 2.14388e-27 2.16993e-27 6.32879e-27 1.42287e-21 8.46238e-17 1.15708e-12 3.63729e-09 2.62868e-06 0.000436752 0.0166836 0.146516 0.295822 0.137951 0.0316498 0.104157 0.146248 0.0551487 0.0318541 0.023759 0.00706602 0.00215995 0.000471696 6.77217e-05 5.78725e-06 2.39364e-07
 2.14322e-27 2.16827e-27 6.14841e-27 1.36167e-21 8.09835e-17 1.10731e-12 3.48083e-09 2.5156e-06 0.000417964 0.0159659 0.140214 0.283098 0.132105 0.0326426 0.114053 0.160128 0.0591104 0.0303443 0.0223145 0.00686789 0.0021907 0.00047346 6.63322e-05 5.63066e-06 2.37248e-07
 2.14226e-27 2.16595e-27 5.90821e-27 1.28021e-21 7.61391e-17 1.04107e-12 3.2726e-09 2.36512e-06 0.000392961 0.0150109 0.131826 0.266163 0.124288 0.0329487 0.121026 0.170055 0.0639617 0.0364465 0.0270641 0.00787498 0.00234279 0.000516683 7.44897e-05 6.26291e-06 2.60191e-07
 2.14328e-27 2.16847e-27 6.17545e-27 1.37087e-21 8.15306e-17 1.11479e-12 3.50434e-09 2.5326e-06 0.000420788 0.0160738 0.141161 0.28501 0.132966 0.0320395 0.109795 0.154219 0.0582818 0.0340465 0.0254588 0.00762823 0.00233397 0.000490038 6.70704e-05 5.69278e-06 2.38729e-07
 2.14391e-27 2.17002e-27 6.3401e-27 1.42672e-21 8.48526e-17 1.16021e-12 3.64713e-09 2.63579e-06 0.000437933 0.0167287 0.146913 0.296622 0.138314 0.0314759 0.102854 0.144426 0.054686 0.0322731 0.0243305 0.00772397 0.00256541 0.000562093 7.81513e-05 6.3862e-06 2.61763e-07
#obs surv len freq
 8.69627e-40 4.25622e-33 4.78917e-27 1.23891e-21 7.36827e-17 1.00748e-12 3.16702e-09 2.28881e-06 0.000380289 0.0145266 0.127572 0.257576 0.12029 0.0322219 0.119177 0.167588 0.0648971 0.042653 0.0333198 0.0125064 0.00529424 0.0015957 0.000349897 4.72003e-05 3.2696e-06
 1.03562e-39 5.06863e-33 5.7033e-27 1.47539e-21 8.7747e-17 1.19978e-12 3.77152e-09 2.72569e-06 0.000452877 0.0172993 0.151923 0.306738 0.142958 0.0305997 0.0944561 0.132628 0.0510182 0.0325269 0.0251919 0.00913634 0.00372026 0.00108637 0.000230832 3.01821e-05 2.01514e-06
 9.68438e-40 4.73983e-33 5.33333e-27 1.37968e-21 8.20549e-17 1.12195e-12 3.52687e-09 2.54887e-06 0.000423499 0.0161771 0.142068 0.286842 0.133842 0.0327966 0.113864 0.159785 0.0579083 0.0264685 0.019386 0.00683073 0.00268144 0.000751487 0.000152563 1.92137e-05 1.2402e-06
 1.04897e-39 5.13396e-33 5.77682e-27 1.49441e-21 8.8878e-17 1.21525e-12 3.82014e-09 2.76082e-06 0.000458714 0.0175223 0.153881 0.310692 0.144815 0.0313603 0.0979083 0.137365 0.050987 0.0270183 0.0198399 0.00578239 0.0017938 0.000471551 9.1058e-05 1.09122e-05 6.74812e-07
 9.85e-40 4.82089e-33 5.42454e-27 1.40328e-21 8.34582e-17 1.14114e-12 3.58718e-09 2.59247e-06 0.000430742 0.0164538 0.144497 0.291747 0.136112 0.0328548 0.112741 0.158169 0.0569145 0.0247194 0.0176521 0.00548061 0.0017688 0.000388438 6.08807e-05 6.69273e-06 3.92252e-07
 8.13548e-40 3.98175e-33 4.48033e-27 1.15902e-21 6.89312e-17 9.4251e-13 2.96279e-09 2.14121e-06 0.000355766 0.0135898 0.119346 0.240967 0.112708 0.034791 0.139866 0.196511 0.0719334 0.035048 0.0252773 0.00708163 0.002001 0.000448289 6.70395e-05 6.09268e-06 3.07299e-07
 7.93572e-40 3.88398e-33 4.37032e-27 1.13056e-21 6.72387e-17 9.19368e-13 2.89004e-09 2.08864e-06 0.00034703 0.0132561 0.116415 0.23505 0.109928 0.0336063 0.134417 0.189082 0.0727308 0.0462803 0.034922 0.0102319 0.00301977 0.000619802 8.38544e-05 7.30649e-06 3.26377e-07
 1.32891e-39 6.50407e-33 7.31849e-27 1.89322e-21 1.12597e-16 1.53956e-12 4.83963e-09 3.49761e-06 0.000581132 0.0221985 0.194947 0.393603 0.183 0.0274575 0.0490935 0.0685214 0.0261736 0.0161368 0.0123247 0.00413723 0.00145844 0.000317339 4.29894e-05 3.44375e-06 1.41806e-07
 1.10431e-39 5.40484e-33 6.08161e-27 1.57326e-21 9.35675e-17 1.27937e-12 4.0217e-09 2.90649e-06 0.000482917 0.0184468 0.162 0.327085 0.152442 0.0326623 0.100915 0.141234 0.0473223 0.00958863 0.00530447 0.00172406 0.000611809 0.000151401 2.39056e-05 2.01298e-06 8.01109e-08
 6.38856e-40 3.12676e-33 3.51828e-27 9.10145e-22 5.41298e-17 7.40127e-13 2.32659e-09 1.68143e-06 0.000279373 0.0106717 0.0937187 0.189228 0.0889356 0.0387176 0.17943 0.252062 0.0886313 0.0319405 0.0210882 0.00450312 0.000641824 0.000126837 2.0906e-05 2.00642e-06 8.82954e-08
 1.23124e-39 6.02609e-33 6.78065e-27 1.75409e-21 1.04322e-16 1.42642e-12 4.48396e-09 3.24057e-06 0.000538425 0.0205671 0.180621 0.364678 0.169642 0.0278722 0.0603438 0.0845817 0.0346403 0.0281887 0.0215385 0.00543046 0.00116857 0.000171694 1.34443e-05 9.91933e-07 4.62896e-08
 1.18099e-39 5.7801e-33 6.50386e-27 1.68249e-21 1.00064e-16 1.36819e-12 4.30093e-09 3.10829e-06 0.000516447 0.0197276 0.173248 0.349793 0.162889 0.0312733 0.0855918 0.119679 0.040312 0.00889097 0.0052398 0.00194817 0.000737006 0.000137351 1.31039e-05 6.77901e-07 1.86342e-08
 8.8361e-40 4.32466e-33 4.86618e-27 1.25883e-21 7.48675e-17 1.02368e-12 3.21794e-09 2.32561e-06 0.000386404 0.0147601 0.129624 0.261718 0.122335 0.0356786 0.13903 0.195012 0.0670583 0.019327 0.011967 0.00259104 0.000404611 9.01251e-05 1.40078e-05 9.51986e-07 2.61852e-08
 9.24405e-40 4.52432e-33 5.09084e-27 1.31695e-21 7.8324e-17 1.07094e-12 3.36651e-09 2.43298e-06 0.000404244 0.0154416 0.135608 0.2738 0.127831 0.0332834 0.120767 0.169593 0.0625112 0.0317508 0.0226616 0.00526779 0.000932077 0.000132897 1.13856e-05 8.78733e-07 3.42485e-08
 7.38692e-40 3.61539e-33 4.06809e-27 1.05238e-21 6.25888e-17 8.55789e-13 2.69018e-09 1.9442e-06 0.000323031 0.0123394 0.108364 0.218797 0.102512 0.0362252 0.155304 0.218208 0.0787458 0.0348949 0.0248107 0.00713848 0.00197951 0.000327276 2.69373e-05 1.34465e-06 3.89917e-08
 1.1215e-39 5.48898e-33 6.17629e-27 1.59775e-21 9.50241e-17 1.29928e-12 4.08431e-09 2.95174e-06 0.000490435 0.018734 0.164522 0.332175 0.154692 0.0298837 0.0824192 0.115616 0.0444608 0.0282459 0.0211417 0.00575525 0.00151806 0.000305191 3.6193e-05 2.10754e-06 5.21237e-08
 8.74873e-40 4.2819e-33 4.81806e-27 1.24639e-21 7.41273e-17 1.01356e-12 3.18612e-09 2.30262e-06 0.000382584 0.0146142 0.128342 0.259131 0.121139 0.0356716 0.139767 0.19605 0.0673926 0.0193902 0.0124836 0.00400691 0.001327 0.000265795 3.2376e-05 2.34606e-06 7.52991e-08
 9.55798e-40 4.67797e-33 5.26373e-27 1.36168e-21 8.0984e-17 1.10731e-12 3.48084e-09 2.51561e-06 0.000417972 0.015966 0.140213 0.283098 0.132111 0.0327969 0.114995 0.16146 0.0596808 0.0308244 0.0220616 0.0051457 0.000986781 0.000207004 2.99377e-05 2.2832e-06 8.11749e-08
 1.01038e-39 4.94511e-33 5.56431e-27 1.43943e-21 8.56086e-17 1.17054e-12 3.67961e-09 2.65926e-06 0.00044184 0.0168777 0.14822 0.299264 0.139579 0.0326451 0.109196 0.153152 0.0548848 0.0231252 0.0162937 0.00473486 0.00133411 0.000225672 2.21138e-05 1.68789e-06 6.69371e-08
 8.61768e-40 4.21776e-33 4.74589e-27 1.22772e-21 7.30169e-17 9.98374e-13 3.1384e-09 2.26813e-06 0.000376852 0.0143953 0.126419 0.255249 0.119321 0.0350536 0.137165 0.192539 0.068304 0.0265742 0.0182266 0.00485425 0.00123838 0.000249956 3.03249e-05 1.91438e-06 6.13379e-08
 1.11541e-39 5.45918e-33 6.14275e-27 1.58907e-21 9.45081e-17 1.29223e-12 4.06213e-09 2.93571e-06 0.000487772 0.0186323 0.163629 0.330372 0.153887 0.0306662 0.0877396 0.122997 0.0454664 0.0235057 0.0169852 0.00438222 0.00103081 0.00019134 2.27275e-05 1.66066e-06 5.59124e-08
 8.90026e-40 4.35606e-33 4.90151e-27 1.26797e-21 7.54111e-17 1.03111e-12 3.24131e-09 2.3425e-06 0.000389209 0.0148673 0.130565 0.263618 0.123201 0.0353425 0.136405 0.191339 0.0661036 0.0200911 0.0130104 0.00376472 0.0010772 0.000199734 2.17959e-05 1.49572e-06 5.22425e-08
 1.00793e-39 4.93312e-33 5.55082e-27 1.43595e-21 8.5401e-17 1.1677e-12 3.67069e-09 2.65282e-06 0.000440769 0.0168368 0.147861 0.298538 0.139231 0.0322958 0.107282 0.15054 0.0551605 0.0270186 0.0191884 0.00453232 0.00088146 0.000167973 2.11076e-05 1.44922e-06 4.74141e-08
 1.03403e-39 5.06087e-33 5.69458e-27 1.47313e-21 8.76128e-17 1.19795e-12 3.76575e-09 2.72152e-06 0.000452184 0.0172729 0.15169 0.306269 0.142816 0.0325865 0.106727 0.149623 0.052988 0.0203332 0.013995 0.00396424 0.00107811 0.000182638 1.74769e-05 1.19364e-06 4.18909e-08
 8.74975e-40 4.2824e-33 4.81862e-27 1.24653e-21 7.41359e-17 1.01367e-12 3.1865e-09 2.30289e-06 0.000382628 0.0146159 0.128357 0.259161 0.121129 0.0350512 0.135971 0.190826 0.0672909 0.0248866 0.0168001 0.00429801 0.00100894 0.000195761 2.30677e-05 1.43128e-06 4.31224e-08
 9.24502e-40 4.5248e-33 5.09137e-27 1.31709e-21 7.83323e-17 1.07105e-12 3.36686e-09 2.43324e-06 0.000404286 0.0154432 0.135622 0.273829 0.127842 0.0332279 0.12042 0.169104 0.0623314 0.0316761 0.0227832 0.00576595 0.00129338 0.0002283 2.51329e-05 1.75115e-06 5.73565e-08
 9.70372e-40 4.7493e-33 5.34398e-27 1.38244e-21 8.22188e-17 1.12419e-12 3.53391e-09 2.55397e-06 0.000424345 0.0162094 0.142351 0.287414 0.134115 0.0330226 0.115071 0.16147 0.058312 0.0259715 0.018488 0.00533452 0.00150907 0.000273675 2.83765e-05 1.82326e-06 5.97002e-08
 1.13258e-39 5.5432e-33 6.23729e-27 1.61353e-21 9.59626e-17 1.31212e-12 4.12465e-09 2.98089e-06 0.000495279 0.018919 0.166147 0.335457 0.156253 0.0310699 0.0886713 0.124191 0.0442437 0.0178086 0.0123287 0.00333785 0.000875265 0.000177026 2.19465e-05 1.45686e-06 4.50571e-08
#pred catch len freq
 2.13917e-27 2.15696e-27 4.90346e-27 9.3936e-22 5.58673e-17 7.63886e-13 2.40129e-09 1.73542e-06 0.000288337 0.0110143 0.0967279 0.1953 0.0913928 0.0293917 0.12066 0.170043 0.0697501 0.0575664 0.0501425 0.0305578 0.0233534 0.0179104 0.0163174 0.0139319 0.00565004
 2.13823e-27 2.15588e-27 4.84767e-27 9.20529e-22 5.47474e-17 7.48573e-13 2.35315e-09 1.70063e-06 0.000282557 0.0107935 0.0947888 0.191386 0.0897446 0.0336871 0.148069 0.208479 0.0813929 0.0554628 0.04402 0.0181633 0.00990245 0.00569526 0.00401287 0.00295788 0.0011601
 2.13885e-27 2.15773e-27 5.06427e-27 9.94066e-22 5.91209e-17 8.08372e-13 2.54113e-09 1.83648e-06 0.000305129 0.0116557 0.102361 0.206674 0.0967906 0.0331046 0.139907 0.197077 0.0789612 0.0595679 0.0467622 0.0162343 0.00651652 0.00231322 0.00101167 0.000557364 0.000198278
 2.13874e-27 2.15749e-27 5.03743e-27 9.84946e-22 5.85785e-17 8.00956e-13 2.51782e-09 1.81963e-06 0.000302329 0.0115488 0.101422 0.204779 0.0959374 0.0337255 0.144268 0.20313 0.0797976 0.0557614 0.0438643 0.0163643 0.00666503 0.00182381 0.000440045 0.000132187 3.67678e-05
 2.13877e-27 2.15755e-27 5.04371e-27 9.87073e-22 5.8705e-17 8.02686e-13 2.52325e-09 1.82356e-06 0.000302982 0.0115737 0.101641 0.205221 0.096144 0.033783 0.144487 0.203443 0.0800113 0.0561377 0.0437907 0.0153592 0.00601728 0.00169016 0.000337229 5.11371e-05 7.805e-06
 2.13754e-27 2.15458e-27 4.7341e-27 8.82073e-22 5.24602e-17 7.173e-13 2.25484e-09 1.62958e-06 0.000270752 0.0103426 0.0908288 0.183392 0.086073 0.0343423 0.15448 0.217609 0.0860736 0.0618128 0.0484707 0.0173002 0.00678427 0.00182193 0.000350453 4.28059e-05 3.34997e-06
 2.1366e-27 2.15231e-27 4.50188e-27 8.03337e-22 4.77775e-17 6.53272e-13 2.05357e-09 1.48412e-06 0.000246584 0.00941935 0.0827212 0.167023 0.0785091 0.0344433 0.160031 0.225552 0.0905061 0.0686719 0.0540665 0.0190261 0.00738002 0.00198498 0.000372786 4.26049e-05 2.5982e-06
 2.13986e-27 2.16029e-27 5.34135e-27 1.08808e-21 6.47121e-17 8.84823e-13 2.78145e-09 2.01016e-06 0.000333986 0.012758 0.112042 0.226219 0.105789 0.0320989 0.127877 0.18014 0.0732682 0.0583685 0.0462464 0.0164241 0.00639268 0.001691 0.000312859 3.50437e-05 1.99099e-06
 2.1425e-27 2.16659e-27 5.98109e-27 1.30496e-21 7.76107e-17 1.06119e-12 3.33586e-09 2.41083e-06 0.000400557 0.015301 0.134374 0.271307 0.126644 0.0323714 0.11595 0.16291 0.0614926 0.0357677 0.0275068 0.0103366 0.00425372 0.00114455 0.000211899 2.33832e-05 1.29841e-06
 2.13787e-27 2.15515e-27 4.76313e-27 8.91764e-22 5.30366e-17 7.2518e-13 2.27961e-09 1.64748e-06 0.000273727 0.0104562 0.0918268 0.185407 0.0871035 0.0369744 0.169941 0.238969 0.0877885 0.0437767 0.0321796 0.0103344 0.0037005 0.00103978 0.000203266 2.27637e-05 1.25499e-06
 2.13825e-27 2.15632e-27 4.9202e-27 9.45209e-22 5.62151e-17 7.68642e-13 2.41624e-09 1.74622e-06 0.000290132 0.0110828 0.0973301 0.196517 0.092107 0.0334302 0.144957 0.2043 0.0830325 0.065863 0.050858 0.014652 0.00434221 0.00103013 0.000183097 2.11504e-05 1.20167e-06
 2.14225e-27 2.166e-27 5.92167e-27 1.28482e-21 7.64129e-17 1.04481e-12 3.28438e-09 2.37363e-06 0.000394375 0.0150648 0.1323 0.26712 0.124703 0.0322356 0.116384 0.163592 0.0627214 0.0393711 0.0303662 0.0107686 0.00398433 0.000856604 0.000121843 1.20725e-05 6.63155e-07
 2.13992e-27 2.16017e-27 5.29108e-27 1.07084e-21 6.3687e-17 8.70807e-13 2.73739e-09 1.97832e-06 0.000328695 0.0125559 0.110267 0.222637 0.10426 0.035501 0.149726 0.210414 0.0768925 0.0371027 0.0271945 0.00892175 0.00321537 0.000833163 0.000136398 1.19094e-05 5.4531e-07
 2.13812e-27 2.15588e-27 4.8559e-27 9.23311e-22 5.49128e-17 7.50835e-13 2.36026e-09 1.70577e-06 0.00028341 0.0108261 0.0950752 0.191965 0.0900703 0.0352376 0.157362 0.221512 0.0853839 0.0548419 0.041287 0.011743 0.00343251 0.000822167 0.000140853 1.41658e-05 6.53646e-07
 2.1373e-27 2.15393e-27 4.6582e-27 8.5629e-22 5.09268e-17 6.96333e-13 2.18893e-09 1.58195e-06 0.000262838 0.0100402 0.0881739 0.178032 0.083624 0.0351164 0.160822 0.226501 0.0886449 0.0609012 0.0468462 0.0149237 0.00491595 0.00103348 0.000146059 1.41335e-05 7.04628e-07
 2.1388e-27 2.15762e-27 5.04762e-27 9.88384e-22 5.8783e-17 8.03752e-13 2.52661e-09 1.82598e-06 0.000303385 0.0115891 0.101776 0.205493 0.096276 0.0339415 0.145372 0.204689 0.0804504 0.0562667 0.0434762 0.0141527 0.00489832 0.00113275 0.000166072 1.39942e-05 6.24704e-07
 2.14015e-27 2.16079e-27 5.36427e-27 1.09571e-21 6.51659e-17 8.91027e-13 2.80096e-09 2.02426e-06 0.000336328 0.0128475 0.112827 0.227806 0.106615 0.0345637 0.142446 0.200275 0.0749884 0.0417387 0.0312241 0.00998698 0.00340264 0.000803755 0.000125585 1.12388e-05 4.80015e-07
 2.13895e-27 2.15783e-27 5.05173e-27 9.89688e-22 5.88605e-17 8.04812e-13 2.52994e-09 1.82839e-06 0.000303785 0.0116044 0.10191 0.205765 0.0964611 0.0355297 0.154986 0.217985 0.0817169 0.0457516 0.0339558 0.0100723 0.00310997 0.000721458 0.000113694 1.06236e-05 4.79784e-07
 2.13977e-27 2.15987e-27 5.26977e-27 1.06367e-21 6.32602e-17 8.64971e-13 2.71905e-09 1.96506e-06 0.000326492 0.0124718 0.109528 0.221144 0.103536 0.0345785 0.144544 0.203308 0.0771024 0.0458294 0.0342034 0.00985714 0.00286392 0.000609121 8.75969e-05 8.02962e-06 3.71306e-07
 2.13915e-27 2.15833e-27 5.10438e-27 1.00755e-21 5.99228e-17 8.19337e-13 2.5756e-09 1.86139e-06 0.000309267 0.0118138 0.103749 0.209478 0.0981719 0.0353712 0.1529 0.215039 0.0805967 0.0450833 0.0335237 0.0101063 0.00311364 0.000648278 8.65194e-05 7.22974e-06 3.1606e-07
 2.13962e-27 2.15951e-27 5.23379e-27 1.05147e-21 6.25348e-17 8.55052e-13 2.68787e-09 1.94253e-06 0.000322748 0.0123288 0.108272 0.218609 0.102363 0.0345605 0.145199 0.204253 0.0777335 0.0470199 0.0352275 0.0102906 0.00306208 0.000659374 9.10893e-05 7.32518e-06 2.95191e-07
 2.1398e-27 2.15993e-27 5.27569e-27 1.06567e-21 6.33794e-17 8.666e-13 2.72417e-09 1.96876e-06 0.000327107 0.0124953 0.109734 0.221561 0.10373 0.0346407 0.144798 0.203641 0.0768548 0.0445905 0.033393 0.010223 0.003224 0.000683741 9.32813e-05 7.69231e-06 3.09695e-07
 2.13896e-27 2.1579e-27 5.06122e-27 9.9292e-22 5.90527e-17 8.07441e-13 2.5382e-09 1.83437e-06 0.000304777 0.0116423 0.102243 0.206437 0.0967616 0.0352592 0.153133 0.21541 0.0813202 0.0472464 0.0353371 0.010691 0.00335558 0.000742442 0.000105671 8.69446e-06 3.51392e-07
 2.1402e-27 2.16094e-27 5.38461e-27 1.10263e-21 6.55774e-17 8.96654e-13 2.81864e-09 2.03704e-06 0.000338452 0.0129286 0.11354 0.229244 0.107262 0.0340855 0.139093 0.195635 0.0745351 0.0453308 0.0340473 0.0101048 0.00307778 0.000670435 9.59901e-05 8.19074e-06 3.38492e-07
 2.13952e-27 2.15923e-27 5.19733e-27 1.03907e-21 6.17972e-17 8.44967e-13 2.65616e-09 1.91962e-06 0.000318942 0.0121834 0.106995 0.216031 0.101197 0.0352662 0.150283 0.21131 0.078716 0.0425836 0.0315706 0.00969624 0.00308238 0.00066456 9.28481e-05 7.86941e-06 3.31296e-07
 2.13875e-27 2.15738e-27 5.00761e-27 9.7474e-22 5.79715e-17 7.92657e-13 2.49173e-09 1.80078e-06 0.000299197 0.0114291 0.100371 0.202657 0.0950162 0.0353129 0.154599 0.217509 0.0824987 0.04907 0.0366503 0.0106351 0.00314896 0.000692496 9.9555e-05 8.35759e-06 3.46907e-07
 2.13933e-27 2.15883e-27 5.16457e-27 1.028e-21 6.1139e-17 8.35966e-13 2.62787e-09 1.89917e-06 0.000315544 0.0120536 0.105855 0.213729 0.100107 0.0345565 0.146645 0.206329 0.078974 0.0491134 0.0370368 0.0110851 0.00338432 0.00070909 9.67934e-05 8.20326e-06 3.43724e-07
 2.13966e-27 2.15966e-27 5.2549e-27 1.05865e-21 6.29622e-17 8.60896e-13 2.70624e-09 1.95581e-06 0.000324954 0.012413 0.109012 0.220102 0.103035 0.0340748 0.141783 0.199492 0.076761 0.0489488 0.0372891 0.0118412 0.00393159 0.000859981 0.000119295 9.73498e-06 3.98689e-07
#obs catch len freq
 4.10311e-40 2.00819e-33 2.25964e-27 5.84549e-22 3.47653e-17 4.75353e-13 1.49427e-09 1.07992e-06 0.000179429 0.00685397 0.0601916 0.121537 0.057535 0.0358983 0.18262 0.257471 0.102757 0.0764627 0.0608435 0.0234865 0.0102151 0.00313456 0.000707041 9.8977e-05 7.11446e-06
 4.2185e-40 2.06466e-33 2.32319e-27 6.00988e-22 3.5743e-17 4.88721e-13 1.5363e-09 1.11029e-06 0.000184476 0.00704673 0.0618844 0.124955 0.0591303 0.0363048 0.184072 0.259438 0.102385 0.0728938 0.057498 0.0216108 0.00915249 0.00275387 0.000602611 8.11552e-05 5.61465e-06
 5.71666e-40 2.79791e-33 3.14825e-27 8.14423e-22 4.84368e-17 6.62286e-13 2.0819e-09 1.50459e-06 0.00024999 0.00954931 0.0838621 0.169327 0.0796007 0.0351394 0.163584 0.230414 0.0901994 0.0621027 0.0485622 0.0176294 0.00717991 0.00209291 0.000443748 5.79234e-05 3.86241e-06
 5.1861e-40 2.53824e-33 2.85607e-27 7.38837e-22 4.39414e-17 6.00819e-13 1.88868e-09 1.36495e-06 0.000226789 0.00866305 0.0760789 0.153614 0.0724557 0.0383249 0.187767 0.264108 0.0967953 0.0476035 0.0353333 0.0124575 0.00488923 0.00136767 0.00027703 3.48277e-05 2.24512e-06
 5.99596e-40 2.93461e-33 3.30207e-27 8.54214e-22 5.08033e-17 6.94644e-13 2.18362e-09 1.57811e-06 0.000262204 0.0100159 0.0879594 0.1776 0.0834806 0.0366121 0.170082 0.239317 0.0899718 0.0511431 0.0379601 0.0110666 0.0034315 0.000900338 0.000173455 2.07491e-05 1.28141e-06
 5.45342e-40 2.66907e-33 3.00328e-27 7.76921e-22 4.62064e-17 6.31789e-13 1.98603e-09 1.43531e-06 0.000238479 0.00910959 0.0800004 0.161531 0.0761235 0.0385234 0.186592 0.262385 0.095318 0.044228 0.0319884 0.00993206 0.00320324 0.000702243 0.000109769 1.2043e-05 7.0484e-07
 4.07733e-40 1.99557e-33 2.24545e-27 5.80876e-22 3.45468e-17 4.72366e-13 1.48489e-09 1.07313e-06 0.000178302 0.00681091 0.0598134 0.120775 0.057326 0.0397251 0.206213 0.290199 0.107324 0.0556623 0.0405692 0.0113629 0.00320682 0.000717074 0.000106978 9.70359e-06 4.88626e-07
 3.94728e-40 1.93192e-33 2.17383e-27 5.62348e-22 3.3445e-17 4.573e-13 1.43753e-09 1.0389e-06 0.000172615 0.00659368 0.0579057 0.116922 0.0554675 0.0376578 0.194754 0.274432 0.106985 0.0722504 0.0549206 0.0160828 0.00474028 0.000971229 0.000131053 1.13968e-05 5.08338e-07
 9.79235e-40 4.79268e-33 5.3928e-27 1.39507e-21 8.29698e-17 1.13446e-12 3.56619e-09 2.57729e-06 0.000428221 0.0163575 0.143651 0.290039 0.135261 0.0312279 0.103325 0.145177 0.0561366 0.0366211 0.0281714 0.00944772 0.00332526 0.000722204 9.75909e-05 7.80294e-06 3.20805e-07
 6.93508e-40 3.39424e-33 3.81926e-27 9.88005e-22 5.87604e-17 8.03442e-13 2.52563e-09 1.82528e-06 0.000303272 0.0115846 0.101736 0.205415 0.0964422 0.039332 0.178302 0.250187 0.0840556 0.0177943 0.0100784 0.00327333 0.0011591 0.000286192 4.50805e-05 3.78956e-06 1.50595e-07
 3.02955e-40 1.48276e-33 1.66842e-27 4.31604e-22 2.56691e-17 3.50979e-13 1.10331e-09 7.97361e-07 0.000132483 0.00506067 0.0444428 0.0897431 0.0431186 0.0434337 0.238205 0.334949 0.118467 0.0449024 0.0300134 0.00640766 0.000910856 0.00017945 2.9498e-05 2.82596e-06 1.24201e-07
 8.56076e-40 4.1899e-33 4.71454e-27 1.21961e-21 7.25346e-17 9.9178e-13 3.11767e-09 2.25315e-06 0.000374363 0.0143002 0.125584 0.253562 0.118398 0.0312315 0.114342 0.161076 0.066869 0.0568877 0.0436471 0.0109923 0.00235892 0.000346091 2.70155e-05 1.98676e-06 9.25658e-08
 7.9448e-40 3.88843e-33 4.37532e-27 1.13185e-21 6.73156e-17 9.2042e-13 2.89335e-09 2.09103e-06 0.000347427 0.0132713 0.116548 0.23532 0.110197 0.0374436 0.157761 0.2213 0.074747 0.0171732 0.0103171 0.00382998 0.0014459 0.000269055 2.56061e-05 1.32219e-06 3.62674e-08
 4.88731e-40 2.392e-33 2.69152e-27 6.9627e-22 4.14098e-17 5.66204e-13 1.77987e-09 1.28631e-06 0.000213723 0.00816393 0.0716957 0.144765 0.0684911 0.0416931 0.210996 0.296412 0.102338 0.0308396 0.019375 0.00419372 0.000652694 0.000144908 2.24749e-05 1.52541e-06 4.19028e-08
 5.22139e-40 2.55551e-33 2.8755e-27 7.43865e-22 4.42405e-17 6.04908e-13 1.90153e-09 1.37424e-06 0.000228332 0.008722 0.0765966 0.154659 0.0729373 0.0382823 0.187193 0.263387 0.0978765 0.0521352 0.0374964 0.00870979 0.00153687 0.000218756 1.86793e-05 1.43759e-06 5.59649e-08
 3.74055e-40 1.83074e-33 2.05998e-27 5.32897e-22 3.16934e-17 4.3335e-13 1.36224e-09 9.84493e-07 0.000163575 0.00624835 0.054873 0.110801 0.0527596 0.0409193 0.216509 0.304586 0.11069 0.0514608 0.0369196 0.0106087 0.00293461 0.000484492 3.97777e-05 1.98116e-06 5.73271e-08
 7.22244e-40 3.53488e-33 3.97751e-27 1.02894e-21 6.11951e-17 8.36733e-13 2.63028e-09 1.90091e-06 0.000315838 0.0120646 0.105951 0.213925 0.100185 0.0342204 0.144534 0.203431 0.0790331 0.052558 0.0395602 0.0107545 0.00282822 0.000567338 6.71176e-05 3.90233e-06 9.63712e-08
 4.80479e-40 2.35161e-33 2.64607e-27 6.84514e-22 4.07106e-17 5.56644e-13 1.74982e-09 1.2646e-06 0.000210114 0.0080261 0.0704852 0.142321 0.0673574 0.0415896 0.2111 0.29656 0.102357 0.0308056 0.0201238 0.00645009 0.00213098 0.000426009 5.17468e-05 3.74266e-06 1.19975e-07
 5.48659e-40 2.68531e-33 3.02155e-27 7.81646e-22 4.64874e-17 6.35631e-13 1.99811e-09 1.44404e-06 0.000239929 0.00916499 0.080487 0.162514 0.0765509 0.0378122 0.181955 0.256017 0.0954369 0.0517417 0.0373167 0.00869754 0.0016628 0.000347862 5.01841e-05 3.8207e-06 1.35639e-07
 6.01284e-40 2.94287e-33 3.31136e-27 8.56618e-22 5.09463e-17 6.96598e-13 2.18976e-09 1.58255e-06 0.000262942 0.0100441 0.0882069 0.1781 0.0837682 0.0381147 0.179104 0.251773 0.0908304 0.0401634 0.0285721 0.00829232 0.00233089 0.000393678 3.84565e-05 2.9279e-06 1.15951e-07
 4.68439e-40 2.29268e-33 2.57976e-27 6.67361e-22 3.96904e-17 5.42695e-13 1.70597e-09 1.23291e-06 0.000204849 0.00782497 0.0687189 0.138755 0.0656664 0.0404671 0.205323 0.288668 0.103023 0.0420378 0.0291373 0.00775183 0.00197203 0.000397166 4.80672e-05 3.02911e-06 9.68751e-08
 7.14897e-40 3.49893e-33 3.93705e-27 1.01848e-21 6.05726e-17 8.28221e-13 2.60352e-09 1.88157e-06 0.000312625 0.0119419 0.104874 0.211749 0.0992309 0.0356128 0.15369 0.216118 0.0805468 0.043644 0.0317699 0.00818752 0.00192031 0.000355682 4.21266e-05 3.07205e-06 1.03292e-07
 4.96467e-40 2.42986e-33 2.73412e-27 7.07291e-22 4.20652e-17 5.75166e-13 1.80804e-09 1.30667e-06 0.000217106 0.00829316 0.0728305 0.147056 0.0695318 0.0411995 0.207292 0.291232 0.101036 0.0320814 0.0210508 0.00608316 0.00173577 0.000321242 3.49561e-05 2.39367e-06 8.34731e-08
 5.98898e-40 2.93119e-33 3.29822e-27 8.53219e-22 5.07441e-17 6.93834e-13 2.18107e-09 1.57627e-06 0.000261899 0.0100042 0.0878569 0.177393 0.0834177 0.0374831 0.175462 0.246789 0.0911473 0.0468537 0.0335454 0.00791746 0.00153526 0.000291843 3.65785e-05 2.50694e-06 8.18905e-08
 6.28208e-40 3.07464e-33 3.45963e-27 8.94975e-22 5.32275e-17 7.2779e-13 2.28781e-09 1.65341e-06 0.000274716 0.0104938 0.0921566 0.186074 0.0874592 0.038231 0.17741 0.249301 0.0887976 0.0356938 0.0248238 0.00702257 0.00190489 0.000322178 3.07381e-05 2.0943e-06 7.33915e-08
 4.7941e-40 2.34638e-33 2.64018e-27 6.82991e-22 4.062e-17 5.55405e-13 1.74592e-09 1.26178e-06 0.000209647 0.00800824 0.0703283 0.142004 0.0671742 0.0406115 0.205225 0.288481 0.102303 0.039674 0.0270832 0.00692239 0.0016204 0.00031371 3.68746e-05 2.28398e-06 6.86946e-08
 5.21021e-40 2.55003e-33 2.86934e-27 7.42271e-22 4.41456e-17 6.03612e-13 1.89746e-09 1.3713e-06 0.000227843 0.00870331 0.0764325 0.154328 0.0727812 0.0382039 0.186814 0.262855 0.097691 0.0520972 0.0377614 0.00954725 0.00213568 0.000376221 4.12985e-05 2.87161e-06 9.39267e-08
 5.68335e-40 2.78161e-33 3.12991e-27 8.09678e-22 4.81545e-17 6.58426e-13 2.06977e-09 1.49583e-06 0.000248534 0.00949367 0.0833734 0.168341 0.0792627 0.0382788 0.183047 0.257387 0.0935717 0.0436108 0.0313077 0.00901994 0.00254448 0.000460605 4.76254e-05 3.05348e-06 9.98184e-08
#spawning biomass
 2686.53 2808.26 3098.5 4051.67 4915.68 6566.66 6724.13 5695.79 7287.19 13616.2 15894.6 14134.5 23611.2 32589.6 31156.5 25091.1 19846.4 23444.8 21163.5 22096.4 21957.6 23491.6 26750.3 25740.3 28783.4 31040.8 28422.3 33082.4 43543.8 85336.9 100065 80650.7 61533.2 49146.3 41951.9 37991.8 35882.3 34782.5 34217.2 33929.4 33784 33710.7 33673.9 33655.5 33646.3 33641.7 33639.5 33638.3 33637.8 33637.5 33637.3 33637.3 33637.2 33637.2 33637.2 33637.2 33637.2 33637.2 33637.2 33637.2 33637.2 33637.2 33637.2 33637.2 33637.2 33637.2 33637.2 33637.2 33637.2 33637.2 33637.2 33637.2 33637.2 33637.2 33637.2 33637.2 33637.2 33637.2 33637.2 33637.2 33637.2 33637.2 33637.2 33637.2 33637.2 33637.2 33637.2 33637.2 33637.2 33637.2 33637.2 33637.2 33637.2 33637.2 33637.2 33637.2 33637.2 33637.2 33637.2 33637.2 33637.2 33637.2 33637.2 33637.2 33637.2 33637.2 33637.2 33637.2 33637.2 33637.2 33637.2 33637.2 33637.2 33637.2 33637.2 33637.2 33637.2 33637.2 33637.2 33637.2 33637.2 33637.2 33637.2 33637.2 33637.2 33637.2 33637.2 33637.2 0 0 0 0 0 0 0 0 0 0 0 0 0 0 0 0 0 0 0 0 0 0 0 0 0
