SBPRF35
0.0628122
Curr Bio
439360
B35
196586
F35
19520.4
FOFL
19520.4
OFL
462428
Bzero
11501.5
#pred survey bio
 10636.7 8835.69 13778.7 18170.8 20533.3 26352.5 31902 37139.7 49794.2 48187.8 56428.4 93285 124433 106994 102351 95732.5 83988.8 90052.7 76658.4 81674.4 80594.5 94938.5 106135 101000 115937 103227 96935.2 93199.5 103371 2.45487e+06 577431 211367 73339 38999.8 30826.8 28900.3 28450 28345.6 28321.6 28316.1 28314.8 28314.6 28314.5 28314.5 28314.5 28314.5 28314.5 28314.5 28314.5 28314.5 28314.5 28314.5 28314.5 28314.5 28314.5 28314.5 28314.5 28314.5 28314.5 28314.5 28314.5 28314.5 28314.5 28314.5 28314.5 28314.5 28314.5 28314.5 28314.5 28314.5 28314.5 28314.5 28314.5 28314.5 28314.5 28314.5 28314.5 28314.5 28314.5 28314.5 28314.5 28314.5 28314.5 28314.5 28314.5 28314.5 28314.5 28314.5 28314.5 28314.5 28314.5 28314.5 28314.5 28314.5 28314.5 28314.5 28314.5 28314.5 28314.5 28314.5 28314.5 28314.5 28314.5 28314.5 28314.5 28314.5 28314.5 28314.5 28314.5 28314.5 28314.5 28314.5 28314.5 28314.5 28314.5 28314.5 28314.5 28314.5 28314.5 28314.5 28314.5 28314.5 28314.5 28314.5 28314.5 28314.5 28314.5 28314.5 28314.5 0 0 0 0 0 0 0 0 0 0 0 0 0 0 0 0 0 0 0 0 0 0 0 0 0
#obs survey bio
 9531.74 7805.75 14562.1 22059.7 24880.1 22119.6 33456.8 27984.1 49706.4 49618.3 58051.1 77813.7 148600 96336 87255.9 97819.2 90870 81716.7 62926.6 82662.2 70354.8 77016.4 94966.2 83382 144821 114702 112326 140510 91882.4
#pred catch bio
 8564.25 5260.49 6856.39 10042.2 13088.5 16265.1 23508.9 27506.6 33975.3 35099.6 52087.1 57179.1 78555.6 93963.8 112786 83237.5 90497 81201.9 83483.5 80149.7 82452.3 84688.9 92476.3 98132.7 108947 123887 109014 93358.7 107859 462428 6600.86 6600.86 6600.86 6600.86 6600.86 6600.86 6600.86 6600.86 6600.86 6600.86 6600.86 6600.86 6600.86 6600.86 6600.86 6600.86 6600.86 6600.86 6600.86 6600.86 6600.86 6600.86 6600.86 6600.86 6600.86 6600.86 6600.86 6600.86 6600.86 6600.86 6600.86 6600.86 6600.86 6600.86 6600.86 6600.86 6600.86 6600.86 6600.86 6600.86 6600.86 6600.86 6600.86 6600.86 6600.86 6600.86 6600.86 6600.86 6600.86 6600.86 6600.86 6600.86 6600.86 6600.86 6600.86 6600.86 6600.86 6600.86 6600.86 6600.86 6600.86 6600.86 6600.86 6600.86 6600.86 6600.86 6600.86 6600.86 6600.86 6600.86 6600.86 6600.86 6600.86 6600.86 6600.86 6600.86 6600.86 6600.86 6600.86 6600.86 6600.86 6600.86 6600.86 6600.86 6600.86 6600.86 6600.86 6600.86 6600.86 6600.86 6600.86 6600.86 6600.86 6600.86 6600.86 6600.86 6600.86 6600.86 6600.86 0 0 0 0 0 0 0 0 0 0 0 0 0 0 0 0 0 0 0 0 0 0 0 0 0
#obs catch bio
 5682.47 5356.56 6887.76 10048.8 13300.8 16296.2 23844.2 27668.9 34294.1 35175.9 52334.6 57107.6 77972 93512.8 113713 83262.3 90239.5 80881.1 82577.6 79629.5 82218.7 83116.3 91566.9 97203.7 106797 122220 107266 92184.7 107638
#pred cpue bio
 10726.3 8631.65 13037.9 17514.5 19812.7 25158.1 30552.9 35341.3 46863.9 44119.5 52556 85658.4 112723 100198 98720.7 90564.2 78857 83845.6 71144.9 75921.5 73108.6 85746.7 96172.9 89976.4 103649 94423.3 89001.7 84237.1 93489.9 2.2304e+06 595738 215545 68950.7 34178.1 25989.3 24062.3 23612 23507.6 23483.6 23478.1 23476.8 23476.5 23476.5 23476.5 23476.5 23476.5 23476.5 23476.5 23476.5 23476.5 23476.5 23476.5 23476.5 23476.5 23476.5 23476.5 23476.5 23476.5 23476.5 23476.5 23476.5 23476.5 23476.5 23476.5 23476.5 23476.5 23476.5 23476.5 23476.5 23476.5 23476.5 23476.5 23476.5 23476.5 23476.5 23476.5 23476.5 23476.5 23476.5 23476.5 23476.5 23476.5 23476.5 23476.5 23476.5 23476.5 23476.5 23476.5 23476.5 23476.5 23476.5 23476.5 23476.5 23476.5 23476.5 23476.5 23476.5 23476.5 23476.5 23476.5 23476.5 23476.5 23476.5 23476.5 23476.5 23476.5 23476.5 23476.5 23476.5 23476.5 23476.5 23476.5 23476.5 23476.5 23476.5 23476.5 23476.5 23476.5 23476.5 23476.5 23476.5 23476.5 23476.5 23476.5 23476.5 23476.5 23476.5 23476.5 23476.5 0 0 0 0 0 0 0 0 0 0 0 0 0 0 0 0 0 0 0 0 0 0 0 0 0
#obs cpue bio
 6486.12 7991.43 12360.1 13792.6 12531.3 29349.2 24210.8 38601.4 45021.2 40844.5 40914 111523 119032 115831 97396.8 91862.2 70601.4 105272 94518.5 84803 87151.8 136922 131363 123107 118225 101452 97248.4 68097.6 118125
#pred surv len freq
 2.55426e-27 2.56524e-27 1.38809e-26 2.38881e-20 5.85588e-15 1.7352e-10 6.2152e-07 0.000269095 0.0140834 0.0890964 0.0685986 0.0356394 0.223081 0.20745 0.0713199 0.111418 0.0489187 0.0387662 0.0235931 0.017693 0.01367 0.0116532 0.0115318 0.0101344 0.0030835
 2.56001e-27 2.58048e-27 2.67762e-26 5.10893e-20 1.25239e-14 3.71107e-10 1.32924e-06 0.000575511 0.0301202 0.190549 0.146082 0.0366645 0.176451 0.164636 0.0683689 0.114727 0.038517 0.0153114 0.00676019 0.00380297 0.00239051 0.00174119 0.00152265 0.00133476 0.000444535
 2.56293e-27 2.58766e-27 3.23668e-26 6.28804e-20 1.54144e-14 4.56756e-10 1.63602e-06 0.000708335 0.0370717 0.234526 0.179741 0.0415737 0.190161 0.175852 0.0443937 0.0572415 0.0213742 0.0116779 0.00359689 0.00104574 0.00043269 0.000239359 0.000172658 0.000141703 4.87974e-05
 2.56114e-27 2.5827e-27 2.78719e-26 5.33977e-20 1.30898e-14 3.87874e-10 1.3893e-06 0.000601514 0.0314811 0.199159 0.152768 0.0436951 0.225256 0.208201 0.049537 0.0606333 0.0194012 0.00619948 0.00213989 0.000693602 0.000146037 4.3763e-05 2.21817e-05 1.55893e-05 5.30395e-06
 2.56114e-27 2.58288e-27 2.81995e-26 5.40893e-20 1.32593e-14 3.92898e-10 1.40729e-06 0.000609305 0.0318888 0.201738 0.154713 0.0421147 0.211864 0.196223 0.0543205 0.0745394 0.0233207 0.00645276 0.00172701 0.000378688 8.86123e-05 1.53585e-05 3.52438e-06 1.75382e-06 5.57593e-07
 2.56212e-27 2.5854e-27 3.0306e-26 5.85327e-20 1.43486e-14 4.25174e-10 1.5229e-06 0.000659359 0.0345085 0.218311 0.167374 0.0425367 0.206179 0.190709 0.0484702 0.0626122 0.0201296 0.00646515 0.00168841 0.000300683 4.70084e-05 7.10661e-06 8.7669e-07 1.87494e-07 4.92401e-08
 2.56178e-27 2.58439e-27 2.93365e-26 5.64872e-20 1.38472e-14 4.10316e-10 1.46968e-06 0.000636317 0.0333025 0.210682 0.161563 0.0434633 0.217313 0.200853 0.0479231 0.0587782 0.0184667 0.00527281 0.00141877 0.000282961 3.9374e-05 4.08944e-06 3.59952e-07 3.07751e-08 4.47619e-09
 2.56235e-27 2.58588e-27 3.05819e-26 5.91142e-20 1.44911e-14 4.29398e-10 1.53803e-06 0.000665909 0.0348513 0.220479 0.169048 0.0436508 0.213481 0.197212 0.0453866 0.0538714 0.0163901 0.00380738 0.000954909 0.000171916 2.5536e-05 2.584e-06 1.59369e-07 7.48913e-09 3.95905e-10
 2.56329e-27 2.58839e-27 3.27609e-26 6.37109e-20 1.5618e-14 4.62788e-10 1.65763e-06 0.00071769 0.0375613 0.237624 0.182135 0.0433885 0.202291 0.186797 0.0419487 0.0486463 0.0147132 0.00327022 0.000773718 0.000115222 1.5298e-05 1.52264e-06 9.27273e-08 3.01194e-09 6.54704e-11
 2.56534e-27 2.59382e-27 3.74406e-26 7.35827e-20 1.80379e-14 5.34495e-10 1.91447e-06 0.000828894 0.0433813 0.274442 0.210244 0.0430608 0.180047 0.16602 0.0337205 0.035102 0.0104757 0.00211298 0.000485641 6.8068e-05 7.90832e-06 6.6267e-07 3.8016e-08 1.17797e-09 1.63779e-11
 2.56397e-27 2.58997e-27 3.39201e-26 6.61553e-20 1.62172e-14 4.80544e-10 1.72123e-06 0.000745225 0.0390024 0.24674 0.189123 0.0450603 0.210103 0.193538 0.0346696 0.0303272 0.00884861 0.00147619 0.000319031 4.07526e-05 4.47538e-06 3.34401e-07 1.59769e-08 4.50149e-10 5.68952e-12
 2.56508e-27 2.59303e-27 3.66739e-26 7.1965e-20 1.76413e-14 5.22745e-10 1.87238e-06 0.000810671 0.0424276 0.268409 0.205649 0.0438408 0.189212 0.174364 0.033167 0.0317126 0.00904379 0.00112191 0.000214613 2.28053e-05 2.25543e-06 1.5387e-07 6.58516e-09 1.55389e-10 1.74065e-12
 2.56605e-27 2.59572e-27 3.9092e-26 7.70662e-20 1.88918e-14 5.59799e-10 2.00511e-06 0.000868135 0.045435 0.287435 0.22016 0.0428073 0.171151 0.157761 0.0313599 0.0317867 0.00930985 0.00157613 0.000318364 2.65685e-05 2.18471e-06 1.25137e-07 4.78465e-09 1.002e-10 9.47896e-13
 2.56352e-27 2.58872e-27 3.27881e-26 6.37672e-20 1.56317e-14 4.63197e-10 1.65909e-06 0.000718324 0.0375945 0.237834 0.18233 0.0455932 0.218931 0.201639 0.0352799 0.0296792 0.0086443 0.00142317 0.000297557 3.19617e-05 2.61441e-06 1.15768e-07 3.59717e-09 6.5021e-11 5.40511e-13
 2.56095e-27 2.58183e-27 2.67683e-26 5.10683e-20 1.25188e-14 3.70954e-10 1.32869e-06 0.000575274 0.0301078 0.190471 0.146182 0.0467213 0.252913 0.233182 0.0442179 0.0420924 0.0119243 0.00133856 0.000245669 2.54001e-05 2.28713e-06 1.19993e-07 3.15993e-09 4.44677e-11 3.10116e-13
 2.56275e-27 2.58674e-27 3.11363e-26 6.02829e-20 1.47776e-14 4.37888e-10 1.56844e-06 0.000679075 0.0355403 0.224838 0.172401 0.0452261 0.223113 0.205727 0.04014 0.0397046 0.0112175 0.00119207 0.000203157 1.46263e-05 1.10121e-06 5.85392e-08 1.79094e-09 2.41082e-11 1.31623e-13
 2.56338e-27 2.58843e-27 3.26196e-26 6.34121e-20 1.55447e-14 4.60617e-10 1.64985e-06 0.000714324 0.0373851 0.236509 0.181307 0.0448892 0.214292 0.197551 0.0380508 0.0370113 0.0106075 0.00140237 0.00025892 1.80141e-05 1.1527e-06 4.35589e-08 1.22909e-09 1.82667e-11 1.01731e-13
 2.56394e-27 2.58981e-27 3.37062e-26 6.57038e-20 1.61065e-14 4.77265e-10 1.70948e-06 0.00074014 0.0387363 0.245057 0.187848 0.0457361 0.216141 0.198975 0.0331632 0.0255095 0.00718075 0.000766896 0.000133271 1.09004e-05 7.5183e-07 2.58372e-08 5.45116e-10 6.6476e-12 3.86003e-14
 2.56422e-27 2.59063e-27 3.44742e-26 6.73242e-20 1.65037e-14 4.89035e-10 1.75164e-06 0.000758394 0.0396916 0.2511 0.192453 0.0451343 0.208326 0.191856 0.0336044 0.0283007 0.00791608 0.000732641 0.000116285 8.04335e-06 5.38198e-07 2.14766e-08 4.4838e-10 4.35247e-12 1.97504e-14
 2.56403e-27 2.59002e-27 3.38451e-26 6.59968e-20 1.61783e-14 4.79392e-10 1.7171e-06 0.00074344 0.038909 0.246149 0.188687 0.0460494 0.217936 0.200546 0.0319069 0.0222484 0.00618786 0.000546258 8.3233e-05 4.98803e-06 2.85354e-07 9.86208e-09 2.19541e-10 2.26666e-12 8.79205e-15
 2.56583e-27 2.59498e-27 3.82937e-26 7.53817e-20 1.84789e-14 5.47563e-10 1.96128e-06 0.000849159 0.0444419 0.281152 0.215385 0.0442085 0.185169 0.17043 0.0287826 0.0227024 0.00629863 0.000502079 7.14998e-05 4.1369e-06 2.20675e-07 6.40285e-09 1.20649e-10 1.20568e-12 5.0053e-15
 2.56604e-27 2.59546e-27 3.86386e-26 7.6109e-20 1.86572e-14 5.52846e-10 1.9802e-06 0.000857352 0.0448707 0.283865 0.217466 0.0447892 0.188126 0.172988 0.0261333 0.0160266 0.00443816 0.000378388 5.5857e-05 2.95609e-06 1.44159e-07 3.94328e-09 6.5261e-11 5.4014e-13 2.04817e-15
 2.56587e-27 2.59503e-27 3.83044e-26 7.54041e-20 1.84844e-14 5.47726e-10 1.96186e-06 0.000849411 0.0444551 0.281236 0.215454 0.0445289 0.187559 0.172556 0.0277065 0.019717 0.00545291 0.000421476 5.86223e-05 3.31734e-06 1.68046e-07 4.1597e-09 6.34328e-11 4.7216e-13 1.50299e-15
 2.56694e-27 2.59794e-27 4.08801e-26 8.08378e-20 1.98164e-14 5.87195e-10 2.10324e-06 0.000910621 0.0476586 0.301502 0.230917 0.0437806 0.171 0.157266 0.0248157 0.0169785 0.00471022 0.000397225 5.81621e-05 3.02716e-06 1.4443e-07 3.80947e-09 5.68037e-11 3.82036e-13 1.10124e-15
 2.56667e-27 2.59714e-27 4.01166e-26 7.92269e-20 1.94215e-14 5.75495e-10 2.06133e-06 0.000892475 0.0467089 0.295494 0.226341 0.0444807 0.179543 0.165034 0.0241017 0.0133984 0.00368317 0.000280186 3.84404e-05 2.12605e-06 1.05147e-07 2.5419e-09 3.75719e-11 2.59061e-13 6.94498e-16
 2.56516e-27 2.59305e-27 3.64769e-26 7.15486e-20 1.75393e-14 5.1972e-10 1.86155e-06 0.000805981 0.0421821 0.266856 0.204492 0.0456681 0.20393 0.187519 0.0277578 0.0160701 0.00439525 0.000285709 3.39716e-05 1.71789e-06 7.95988e-08 2.03888e-09 2.9636e-11 1.93232e-13 5.25293e-16
 2.56487e-27 2.5922e-27 3.5695e-26 6.98989e-20 1.71349e-14 5.07737e-10 1.81863e-06 0.000787396 0.0412095 0.260703 0.199802 0.0462093 0.211343 0.194286 0.0276036 0.0140168 0.00380243 0.00021311 2.10573e-05 9.10404e-07 3.42882e-08 7.86433e-10 1.12421e-11 7.51724e-14 1.95652e-16
 2.56598e-27 2.59529e-27 3.84812e-26 7.57768e-20 1.85758e-14 5.50434e-10 1.97156e-06 0.00085361 0.0446749 0.282626 0.216522 0.0449237 0.189812 0.174526 0.0260758 0.0155046 0.00422116 0.000233856 2.25802e-05 8.75579e-07 2.65909e-08 4.94213e-10 5.887e-12 3.64173e-14 9.57504e-17
 2.56595e-27 2.59523e-27 3.84427e-26 7.56957e-20 1.85559e-14 5.49844e-10 1.96945e-06 0.000852697 0.0446271 0.282323 0.216289 0.0448149 0.189148 0.173942 0.0264919 0.016601 0.00455691 0.000311275 3.81176e-05 1.49381e-06 4.45415e-08 7.1182e-10 6.73969e-12 3.32306e-14 7.65233e-17
#obs surv len freq
 1.08342e-41 1.50372e-33 2.5228e-26 5.11618e-20 1.25417e-14 3.71634e-10 1.33113e-06 0.000576334 0.030163 0.190821 0.146416 0.0400625 0.172748 0.146238 0.104017 0.102136 0.044685 0.0176122 0.00399484 0.000503183 2.59512e-05 3.9575e-07 1.34075e-09 8.23946e-13 8.05735e-17
 1.60532e-41 2.22808e-33 3.73806e-26 7.58072e-20 1.85832e-14 5.50655e-10 1.97236e-06 0.000853963 0.044693 0.282741 0.216625 0.0407171 0.126779 0.10228 0.0757354 0.0684137 0.02862 0.0102311 0.00207493 0.00022413 9.42625e-06 1.11389e-07 2.81161e-10 1.25474e-13 8.77551e-18
 1.53807e-41 2.13475e-33 3.58148e-26 7.26316e-20 1.78048e-14 5.27589e-10 1.88974e-06 0.000818191 0.0428208 0.270898 0.207811 0.0500627 0.176894 0.128906 0.0562949 0.0423194 0.016772 0.00536191 0.000950229 8.60527e-05 2.9021e-06 2.63399e-08 4.94066e-11 1.60262e-14 8.03382e-19
 1.07381e-41 1.49037e-33 2.50041e-26 5.07078e-20 1.24304e-14 3.68336e-10 1.31932e-06 0.00057122 0.0298954 0.189129 0.145602 0.0564221 0.230051 0.163044 0.0984514 0.0662171 0.016085 0.00389227 0.000593082 4.40887e-05 1.16783e-06 8.03388e-09 1.11299e-11 2.62004e-15 9.42247e-20
 1.49764e-41 2.07863e-33 3.48734e-26 7.07225e-20 1.73368e-14 5.1372e-10 1.84006e-06 0.000796684 0.0416953 0.263778 0.202403 0.0470759 0.141813 0.104085 0.104809 0.0699288 0.0195685 0.0036814 0.00034406 1.92567e-05 3.92045e-07 2.0107e-09 2.03598e-12 3.46001e-16 8.90989e-21
 1.20022e-41 1.66583e-33 2.79478e-26 5.66775e-20 1.38938e-14 4.117e-10 1.47464e-06 0.000638469 0.0334149 0.211396 0.162964 0.0649339 0.230996 0.143885 0.0784352 0.0499007 0.0192982 0.00381946 0.000305746 1.05475e-05 1.42685e-07 5.27927e-10 3.85432e-13 4.68631e-17 8.59327e-22
 1.37587e-41 1.90961e-33 3.20377e-26 6.49718e-20 1.59271e-14 4.71948e-10 1.69044e-06 0.000731903 0.0383049 0.242331 0.186465 0.0579144 0.175069 0.116609 0.109854 0.0570311 0.0129189 0.0025329 0.00022954 6.68458e-06 5.75338e-08 1.32984e-10 6.60228e-14 5.63872e-18 7.29654e-23
 1.19387e-41 1.65701e-33 2.77998e-26 5.63774e-20 1.38203e-14 4.0952e-10 1.46683e-06 0.000635088 0.033238 0.210279 0.162554 0.0721426 0.226822 0.133231 0.0940966 0.049769 0.0149749 0.00211204 0.000140431 3.99817e-06 2.89691e-08 4.47474e-11 1.37387e-14 7.56842e-19 6.63412e-24
 1.51175e-41 2.09821e-33 3.52018e-26 7.13886e-20 1.75001e-14 5.18559e-10 1.85739e-06 0.000804187 0.042088 0.266266 0.205127 0.0643488 0.166811 0.104057 0.0966713 0.0425484 0.0097708 0.00142026 8.37256e-05 1.68584e-06 1.00961e-08 1.28167e-11 2.82022e-15 1.00594e-19 5.58545e-25
 1.51865e-41 2.10779e-33 3.53626e-26 7.17146e-20 1.758e-14 5.20928e-10 1.86588e-06 0.000807861 0.0422802 0.267486 0.206679 0.0779306 0.198348 0.103665 0.0662665 0.0285579 0.00712839 0.000809003 3.96516e-05 6.79517e-07 2.95147e-09 2.77899e-12 4.76608e-16 1.28072e-20 4.99866e-26
 1.09587e-41 1.52099e-33 2.55178e-26 5.17495e-20 1.26858e-14 3.75903e-10 1.34642e-06 0.000582955 0.0305095 0.193027 0.150894 0.0971323 0.258006 0.136165 0.0955211 0.0319983 0.00555659 0.000580748 2.41413e-05 3.17457e-07 1.08181e-09 7.49977e-13 9.13371e-17 1.7873e-21 5.19126e-27
 1.66415e-41 2.30973e-33 3.87505e-26 7.85852e-20 1.92642e-14 5.70834e-10 2.04464e-06 0.000885256 0.0463308 0.293113 0.226314 0.0712065 0.144649 0.0941227 0.0897624 0.0286519 0.00461276 0.000339324 1.04465e-05 1.10295e-07 2.82093e-10 1.44813e-13 1.29349e-17 1.80491e-22 3.69077e-28
 1.33539e-41 1.85344e-33 3.10952e-26 6.30605e-20 1.54585e-14 4.58065e-10 1.64071e-06 0.000710372 0.0371781 0.235224 0.184287 0.110409 0.242626 0.106771 0.0578037 0.0206397 0.00407076 0.000272606 6.28558e-06 4.55362e-08 8.52532e-11 3.22403e-14 2.08002e-18 2.08806e-23 3.06114e-29
 1.11562e-41 1.54841e-33 2.59779e-26 5.26826e-20 1.29145e-14 3.82681e-10 1.3707e-06 0.000593466 0.0310596 0.196524 0.155324 0.111744 0.234962 0.138025 0.104282 0.0242344 0.00303147 0.000213635 4.8272e-06 2.6986e-08 3.44529e-11 8.92369e-15 4.08062e-19 2.92739e-24 3.05322e-30
 8.7652e-42 1.21655e-33 2.04102e-26 4.13914e-20 1.01466e-14 3.00663e-10 1.07693e-06 0.000466272 0.0244028 0.154423 0.124457 0.123542 0.249431 0.159689 0.124236 0.0344942 0.00464701 0.000206909 3.57587e-06 1.82102e-08 1.87855e-11 3.4528e-15 1.06574e-19 5.19466e-25 3.75915e-31
 1.41286e-41 1.96096e-33 3.28991e-26 6.67187e-20 1.63553e-14 4.84638e-10 1.73589e-06 0.000751582 0.0393348 0.248879 0.195109 0.0946701 0.16004 0.126631 0.101689 0.0286354 0.0040651 0.000190891 2.57088e-06 8.93041e-09 7.21602e-12 1.07122e-15 2.49782e-20 8.60244e-26 4.24862e-32
 9.70791e-42 1.34739e-33 2.26053e-26 4.58431e-20 1.12379e-14 3.33e-10 1.19275e-06 0.00051642 0.0270274 0.171068 0.141051 0.161513 0.271927 0.126923 0.0734805 0.0229974 0.00333679 0.000156014 2.04999e-06 5.96596e-09 3.40003e-12 3.53721e-16 6.15803e-21 1.61909e-26 5.97848e-33
 1.43568e-41 1.99263e-33 3.34305e-26 6.77964e-20 1.66195e-14 4.92466e-10 1.76393e-06 0.000763722 0.0399702 0.252925 0.200201 0.10803 0.161482 0.13573 0.0838518 0.0152881 0.00167821 7.69885e-05 9.5188e-07 2.50918e-09 1.2071e-12 9.51955e-17 1.16253e-21 2.12146e-27 5.58613e-34
 1.00543e-41 1.39547e-33 2.34119e-26 4.74788e-20 1.16389e-14 3.44881e-10 1.23531e-06 0.000534846 0.0279919 0.177229 0.149795 0.183843 0.261474 0.120777 0.0614868 0.0154023 0.00142325 4.15792e-05 4.16047e-07 9.62055e-10 3.95772e-13 2.5811e-17 2.49155e-22 3.40396e-28 6.40439e-35
 1.28688e-41 1.78611e-33 2.99657e-26 6.07699e-20 1.4897e-14 4.41426e-10 1.58112e-06 0.000684568 0.0358277 0.226776 0.184055 0.132294 0.181351 0.152583 0.0741689 0.0112937 0.0009382 2.65761e-05 1.86713e-07 3.0403e-10 9.84218e-14 5.20277e-18 4.02919e-23 4.34012e-29 6.30784e-36
 1.41421e-41 1.96284e-33 3.29306e-26 6.67827e-20 1.6371e-14 4.85102e-10 1.73756e-06 0.000752303 0.0393728 0.249262 0.204982 0.159271 0.18726 0.101265 0.0475402 0.00963921 0.00064174 1.2876e-05 7.60414e-08 9.44985e-11 2.10702e-14 7.88455e-19 4.56435e-24 3.77329e-30 4.22481e-37
 1.13097e-41 1.56971e-33 2.63351e-26 5.34071e-20 1.30921e-14 3.87943e-10 1.38955e-06 0.000601627 0.0314872 0.199479 0.173036 0.197042 0.225504 0.122082 0.0440929 0.00625667 0.000408942 7.70906e-06 3.32656e-08 3.04926e-11 5.17042e-15 1.39924e-19 5.61432e-25 3.22492e-31 2.57423e-38
 1.37553e-41 1.90915e-33 3.203e-26 6.49561e-20 1.59232e-14 4.71834e-10 1.69003e-06 0.000731727 0.0382962 0.242541 0.203126 0.160541 0.179272 0.126296 0.0437166 0.00523161 0.000242713 3.58529e-06 1.3427e-08 9.61553e-12 1.16892e-15 2.27686e-20 6.6655e-26 2.75955e-32 1.55189e-39
 1.35412e-41 1.87942e-33 3.15312e-26 6.39447e-20 1.56753e-14 4.64488e-10 1.66372e-06 0.000720334 0.0377002 0.238911 0.206877 0.1937 0.18805 0.0973054 0.0323574 0.00420622 0.000168887 1.81609e-06 4.86248e-09 2.69225e-12 2.56687e-16 3.73249e-21 7.81591e-27 2.29004e-33 9.17343e-41
 1.1858e-41 1.64582e-33 2.7612e-26 5.59966e-20 1.37269e-14 4.06753e-10 1.45692e-06 0.000630798 0.0330147 0.209424 0.190135 0.213996 0.206869 0.113106 0.0297723 0.00294132 0.000108514 1.03943e-06 2.1067e-09 8.15379e-13 5.51929e-17 5.92684e-22 9.30443e-28 2.01885e-34 5.85582e-42
 1.06503e-41 1.47819e-33 2.47997e-26 5.02933e-20 1.23288e-14 3.65325e-10 1.30854e-06 0.000566551 0.0296528 0.188307 0.178276 0.220909 0.217212 0.129754 0.0324409 0.00280393 7.71381e-05 5.77903e-07 9.72285e-10 2.95195e-13 1.44591e-17 1.08094e-22 1.18383e-28 1.82693e-35 3.83681e-43
 1.05089e-41 1.45857e-33 2.44705e-26 4.96257e-20 1.21652e-14 3.60476e-10 1.29117e-06 0.000559031 0.0292599 0.18598 0.179993 0.221896 0.216724 0.131259 0.0316571 0.00260808 6.10508e-05 3.47218e-07 4.2626e-10 9.8016e-14 3.70194e-18 2.08337e-23 1.65346e-29 1.79682e-36 2.62447e-44
 1.26449e-41 1.75502e-33 2.94442e-26 5.97122e-20 1.46377e-14 4.33743e-10 1.5536e-06 0.000672654 0.0352062 0.223491 0.204042 0.199664 0.192912 0.114126 0.0275591 0.00227405 5.17994e-05 2.70517e-07 2.8013e-10 5.13971e-14 1.53971e-18 7.02008e-24 4.59507e-30 4.128e-37 4.9332e-45
 1.26451e-41 1.75506e-33 2.94448e-26 5.97134e-20 1.4638e-14 4.33752e-10 1.55363e-06 0.000672668 0.0352069 0.223495 0.204047 0.199673 0.193082 0.114482 0.0271739 0.00212141 4.474e-05 2.12012e-07 1.9626e-10 3.18096e-14 8.34536e-19 3.3146e-24 1.88484e-30 1.46913e-37 1.52191e-45
#pred catch len freq
 2.55435e-27 2.56514e-27 1.34131e-26 2.28999e-20 5.61364e-15 1.66342e-10 5.9581e-07 0.000257963 0.0135008 0.0854109 0.0658369 0.0389405 0.250143 0.232011 0.0683695 0.0983097 0.0419156 0.0316748 0.0190948 0.0142518 0.0109991 0.00937426 0.00927635 0.00815221 0.0024804
 2.55895e-27 2.57749e-27 2.40128e-26 4.52595e-20 1.10948e-14 3.28759e-10 1.17756e-06 0.000509838 0.0266831 0.168805 0.129507 0.0384231 0.201479 0.187557 0.0692815 0.111 0.0367892 0.013885 0.00606537 0.00339263 0.0021299 0.00155097 0.00135625 0.00118889 0.000395956
 2.56138e-27 2.5834e-27 2.85338e-26 5.47941e-20 1.34321e-14 3.98017e-10 1.42563e-06 0.000617244 0.0323043 0.204366 0.156738 0.0432357 0.21897 0.202335 0.0472513 0.0570662 0.0209273 0.0109251 0.00334371 0.00096476 0.000398456 0.000220343 0.000158934 0.000130439 4.49185e-05
 2.55981e-27 2.579e-27 2.45063e-26 4.62972e-20 1.13492e-14 3.36297e-10 1.20456e-06 0.000521529 0.0272949 0.172676 0.132574 0.0454228 0.252592 0.233268 0.0511207 0.0579187 0.0183344 0.00556044 0.0018989 0.000611533 0.000128558 3.84996e-05 1.95123e-05 1.37132e-05 4.66565e-06
 2.5601e-27 2.57992e-27 2.54622e-26 4.83143e-20 1.18437e-14 3.50949e-10 1.25704e-06 0.000544251 0.0284841 0.180199 0.138294 0.0438826 0.236852 0.219069 0.0545093 0.0692015 0.0214416 0.00561652 0.00148762 0.000323544 7.55505e-05 1.30878e-05 3.00288e-06 1.49429e-06 4.7508e-07
 2.56098e-27 2.58221e-27 2.73872e-26 5.23749e-20 1.28391e-14 3.80445e-10 1.36269e-06 0.000589993 0.0308781 0.195344 0.149864 0.0442406 0.231448 0.213842 0.0492382 0.0585212 0.0186008 0.00565992 0.00146522 0.000258836 4.03741e-05 6.0989e-06 7.52272e-07 1.60881e-07 4.22509e-08
 2.56104e-27 2.58225e-27 2.73146e-26 5.22214e-20 1.28014e-14 3.79329e-10 1.35869e-06 0.000588263 0.0307875 0.194771 0.149441 0.0451383 0.238576 0.220232 0.0469635 0.0516942 0.016063 0.00432788 0.00115213 0.000227928 3.16524e-05 3.2847e-06 2.89061e-07 2.47132e-08 3.59448e-09
 2.56156e-27 2.5836e-27 2.84469e-26 5.46099e-20 1.33869e-14 3.96679e-10 1.42084e-06 0.000615169 0.0321957 0.20368 0.156245 0.045262 0.234737 0.216602 0.0447431 0.0475134 0.0143254 0.00314049 0.000777971 0.000138894 2.05846e-05 2.08137e-06 1.28344e-07 6.03093e-09 3.18817e-10
 2.56246e-27 2.58601e-27 3.05471e-26 5.90403e-20 1.4473e-14 4.28861e-10 1.53611e-06 0.000665076 0.0348077 0.220204 0.168857 0.0449151 0.223236 0.205925 0.0416985 0.0432532 0.0129695 0.00272258 0.000636317 9.3964e-05 1.24434e-05 1.23748e-06 7.53466e-08 2.44727e-09 5.31958e-11
 2.56458e-27 2.59166e-27 3.54436e-26 6.93694e-20 1.70051e-14 5.03891e-10 1.80485e-06 0.000781432 0.0408973 0.258728 0.198265 0.0443676 0.198408 0.182797 0.0336784 0.0307787 0.00910855 0.00173382 0.000393138 5.4636e-05 6.33103e-06 5.30003e-07 3.03983e-08 9.41883e-10 1.30953e-11
 2.5636e-27 2.58888e-27 3.28627e-26 6.39243e-20 1.56703e-14 4.64338e-10 1.66318e-06 0.000720094 0.0376871 0.23842 0.182786 0.0461442 0.222803 0.205075 0.033389 0.0245026 0.0070881 0.00111307 0.000236481 2.99418e-05 3.27857e-06 2.44736e-07 1.169e-08 3.29346e-10 4.16263e-12
 2.56386e-27 2.58965e-27 3.36148e-26 6.55112e-20 1.60593e-14 4.75865e-10 1.70447e-06 0.00073797 0.0386227 0.244338 0.187293 0.0453162 0.213336 0.196493 0.0346785 0.0295887 0.0083954 0.000990994 0.000185879 1.95894e-05 1.93115e-06 1.31615e-07 5.63126e-09 1.32871e-10 1.48839e-12
 2.56505e-27 2.59294e-27 3.65563e-26 7.17168e-20 1.75805e-14 5.20942e-10 1.86593e-06 0.000807875 0.0422813 0.267483 0.204947 0.0441462 0.192029 0.17689 0.0322704 0.0290456 0.00844895 0.0013545 0.000269681 2.23322e-05 1.82906e-06 1.04648e-07 4.00005e-09 8.37631e-11 7.9239e-13
 2.56315e-27 2.58764e-27 3.17429e-26 6.1562e-20 1.50912e-14 4.47179e-10 1.60172e-06 0.000693483 0.0362944 0.229609 0.176067 0.0466571 0.231427 0.212991 0.0340342 0.0239808 0.00692476 0.00107383 0.000220772 2.35111e-05 1.91718e-06 8.47958e-08 2.63378e-09 4.7603e-11 3.95711e-13
 2.56139e-27 2.58289e-27 2.75658e-26 5.27501e-20 1.29311e-14 3.8317e-10 1.37245e-06 0.000594219 0.0310993 0.196743 0.150987 0.0476561 0.25665 0.236343 0.0395481 0.0306569 0.00862587 0.000913166 0.000163224 1.67219e-05 1.50044e-06 7.86338e-08 2.07013e-09 2.91285e-11 2.03136e-13
 2.56248e-27 2.58589e-27 3.0271e-26 5.84571e-20 1.433e-14 4.24625e-10 1.52093e-06 0.000658507 0.0344639 0.218028 0.16722 0.0464209 0.235845 0.217247 0.0380362 0.0320133 0.00899534 0.000906527 0.000150656 1.07605e-05 8.0629e-07 4.28104e-08 1.30933e-09 1.76237e-11 9.62174e-14
 2.56381e-27 2.58948e-27 3.34259e-26 6.51127e-20 1.59616e-14 4.7297e-10 1.6941e-06 0.000733481 0.0383877 0.242852 0.186163 0.045673 0.216844 0.199656 0.0338849 0.026987 0.00767664 0.000954535 0.000172457 1.19036e-05 7.57974e-07 2.86048e-08 8.06768e-10 1.19891e-11 6.67681e-14
 2.56373e-27 2.58917e-27 3.30576e-26 6.43352e-20 1.5771e-14 4.67323e-10 1.67387e-06 0.000724723 0.0379294 0.239952 0.183964 0.046593 0.225391 0.207348 0.0317109 0.0200944 0.00561757 0.000568505 9.63012e-05 7.81087e-06 5.36579e-07 1.84177e-08 3.88399e-10 4.73587e-12 2.74988e-14
 2.56464e-27 2.59167e-27 3.52973e-26 6.90602e-20 1.69293e-14 5.01645e-10 1.79681e-06 0.000777949 0.040715 0.257575 0.197405 0.0456619 0.208862 0.192159 0.0301758 0.0204142 0.00567248 0.000497632 7.65691e-05 5.25258e-06 3.49712e-07 1.39375e-08 2.90868e-10 2.82314e-12 1.28103e-14
 2.56404e-27 2.58998e-27 3.37452e-26 6.57856e-20 1.61265e-14 4.77859e-10 1.71161e-06 0.000741061 0.0387845 0.245362 0.188096 0.0466759 0.223119 0.205181 0.0300578 0.0168706 0.00465881 0.000391056 5.77528e-05 3.43498e-06 1.95421e-07 6.74471e-09 1.50075e-10 1.54928e-12 6.00929e-15
 2.56602e-27 2.59542e-27 3.86161e-26 7.60616e-20 1.86456e-14 5.52502e-10 1.97897e-06 0.000856818 0.0448428 0.283688 0.21733 0.044716 0.187665 0.172584 0.026442 0.0168299 0.00464062 0.000352589 4.84834e-05 2.78394e-06 1.47661e-07 4.27848e-09 8.0576e-11 8.0511e-13 3.34226e-15
 2.56573e-27 2.59455e-27 3.77876e-26 7.43134e-20 1.8217e-14 5.39803e-10 1.93348e-06 0.000837125 0.0438121 0.277168 0.212363 0.0454902 0.197045 0.18111 0.0255909 0.012749 0.00350466 0.000284827 4.07549e-05 2.14217e-06 1.03835e-07 2.83629e-09 4.69147e-11 3.88238e-13 1.47211e-15
 2.5656e-27 2.59423e-27 3.75375e-26 7.37861e-20 1.80878e-14 5.35973e-10 1.91976e-06 0.000831185 0.0435012 0.275201 0.210858 0.0452759 0.196472 0.180654 0.0268337 0.0156929 0.00431404 0.000318867 4.28549e-05 2.40736e-06 1.21267e-07 2.99778e-09 4.56867e-11 3.40015e-13 1.08229e-15
 2.56696e-27 2.59795e-27 4.08294e-26 8.07306e-20 1.97901e-14 5.86417e-10 2.10045e-06 0.000909413 0.0475954 0.301102 0.230619 0.0442493 0.174776 0.160638 0.0233796 0.0128595 0.00354233 0.00028446 4.03211e-05 2.08424e-06 9.8824e-08 2.60286e-09 3.87901e-11 2.60845e-13 7.51863e-16
 2.56658e-27 2.59687e-27 3.98349e-26 7.86324e-20 1.92758e-14 5.71176e-10 2.04586e-06 0.000885777 0.0463584 0.293276 0.224655 0.0449335 0.184173 0.169216 0.0231919 0.0102747 0.00280162 0.000203707 2.69697e-05 1.48072e-06 7.28085e-08 1.75775e-09 2.59654e-11 1.79005e-13 4.7986e-16
 2.56593e-27 2.59509e-27 3.82469e-26 7.52824e-20 1.84546e-14 5.46842e-10 1.9587e-06 0.000848041 0.0443834 0.280782 0.215123 0.0455209 0.19534 0.179495 0.0245616 0.0108087 0.00292993 0.000182563 2.07593e-05 1.04185e-06 4.79585e-08 1.22663e-09 1.78192e-11 1.16166e-13 3.15776e-16
 2.56534e-27 2.59345e-27 3.67604e-26 7.21464e-20 1.76858e-14 5.24063e-10 1.8771e-06 0.000812714 0.0425345 0.269086 0.206204 0.0462294 0.206998 0.190191 0.0253132 0.00983095 0.00264204 0.000143024 1.34398e-05 5.76976e-07 2.15696e-08 4.93906e-10 7.05581e-12 4.71725e-14 1.22771e-16
 2.56603e-27 2.59538e-27 3.85125e-26 7.58426e-20 1.85919e-14 5.50912e-10 1.97327e-06 0.000854352 0.0447137 0.282871 0.216716 0.0453298 0.192767 0.177149 0.0246572 0.0116154 0.00314021 0.000168331 1.54779e-05 5.9652e-07 1.79731e-08 3.33449e-10 3.96892e-12 2.45473e-14 6.45377e-17
 2.56619e-27 2.59581e-27 3.89031e-26 7.66667e-20 1.87939e-14 5.56897e-10 1.99471e-06 0.000863634 0.0451995 0.285945 0.219059 0.0451137 0.189476 0.174135 0.0245444 0.0121172 0.00330147 0.000216106 2.54123e-05 9.90542e-07 2.93031e-08 4.675e-10 4.42254e-12 2.18007e-14 5.01993e-17
#obs catch len freq
 4.9831e-42 6.91621e-34 1.16034e-26 2.35314e-20 5.76845e-15 1.7093e-10 6.12242e-07 0.00026508 0.0138732 0.0877672 0.0677417 0.0398357 0.218527 0.186562 0.144006 0.143721 0.0646589 0.0260931 0.00610903 0.000796045 4.26268e-05 6.76429e-07 2.38399e-09 1.51964e-12 1.5347e-16
 5.73786e-42 7.96378e-34 1.33609e-26 2.70956e-20 6.64217e-15 1.9682e-10 7.04976e-07 0.00030523 0.0159745 0.101061 0.0780024 0.0435406 0.222292 0.180933 0.1431 0.131332 0.0572353 0.0211972 0.00449732 0.000506196 2.21329e-05 2.71226e-07 7.08473e-10 3.26436e-13 2.35067e-17
 1.0879e-41 1.50993e-33 2.53322e-26 5.13731e-20 1.25935e-14 3.73169e-10 1.33663e-06 0.000578714 0.0302876 0.191609 0.147195 0.0452269 0.18138 0.140543 0.113109 0.0948935 0.0393229 0.0131343 0.00247334 0.000236596 8.35311e-06 7.86872e-08 1.52336e-10 5.08176e-14 2.61295e-18
 1.1139e-41 1.54602e-33 2.59377e-26 5.26011e-20 1.28946e-14 3.82089e-10 1.36858e-06 0.000592548 0.0310116 0.196191 0.151039 0.0585458 0.238638 0.164733 0.0767249 0.0540515 0.0210994 0.0062648 0.00102298 8.13301e-05 2.28195e-06 1.63922e-08 2.34702e-11 5.67464e-15 2.08806e-19
 7.78594e-42 1.08064e-33 1.81299e-26 3.67671e-20 9.01303e-15 2.67072e-10 9.5661e-07 0.000414179 0.0216765 0.137135 0.106207 0.064785 0.274108 0.184901 0.117367 0.0719256 0.0170219 0.00388085 0.00054065 3.49673e-05 7.64326e-07 4.13556e-09 4.35478e-12 7.62106e-16 2.00872e-20
 1.25365e-41 1.73998e-33 2.91917e-26 5.92003e-20 1.45122e-14 4.30024e-10 1.54028e-06 0.000666887 0.0349022 0.220804 0.169822 0.0527255 0.171974 0.122122 0.126086 0.076428 0.0206338 0.00351642 0.000302923 1.47739e-05 2.46398e-07 9.88567e-10 7.58119e-13 9.55566e-17 1.80079e-21
 1.0367e-41 1.43888e-33 2.41402e-26 4.89558e-20 1.20009e-14 3.5561e-10 1.27374e-06 0.000551484 0.0288625 0.182598 0.141351 0.0736822 0.260109 0.153501 0.0859989 0.0509719 0.018806 0.00332306 0.000236653 7.05654e-06 7.86974e-08 2.27199e-10 1.25265e-13 1.12743e-17 1.511e-22
 1.27455e-41 1.76899e-33 2.96784e-26 6.01873e-20 1.47542e-14 4.37194e-10 1.56596e-06 0.000678005 0.0354841 0.224488 0.17315 0.0643563 0.192446 0.123953 0.116585 0.0545702 0.0119652 0.00214953 0.000169273 4.13392e-06 2.89916e-08 5.25183e-11 1.97069e-14 1.24448e-18 1.17578e-23
 1.14739e-41 1.5925e-33 2.67175e-26 5.41826e-20 1.32822e-14 3.93576e-10 1.40973e-06 0.000610363 0.031944 0.202095 0.156715 0.0797092 0.238939 0.134214 0.0947669 0.0462322 0.0130369 0.00163684 9.72436e-05 2.30188e-06 1.32836e-08 1.59252e-11 3.70102e-15 1.50989e-19 9.66006e-25
 1.51252e-41 2.09928e-33 3.52198e-26 7.14251e-20 1.7509e-14 5.18825e-10 1.85835e-06 0.000804599 0.0421095 0.266404 0.205552 0.0695528 0.171177 0.103747 0.0938554 0.0375043 0.00817482 0.0010617 5.39313e-05 9.07692e-07 4.33173e-09 4.21979e-12 6.98476e-16 1.84587e-20 7.49446e-26
 1.55064e-41 2.15219e-33 3.61074e-26 7.32251e-20 1.79503e-14 5.31899e-10 1.90518e-06 0.000824876 0.0431707 0.273122 0.211371 0.0831767 0.197169 0.0985435 0.0618164 0.0245473 0.0056637 0.000568623 2.41761e-05 3.39977e-07 1.1694e-09 8.45462e-13 1.08636e-16 2.15594e-21 6.15679e-27
 1.15235e-41 1.59939e-33 2.68331e-26 5.4417e-20 1.33397e-14 3.95279e-10 1.41583e-06 0.000613004 0.0320822 0.202981 0.159068 0.103898 0.25389 0.129202 0.087164 0.0263956 0.0042936 0.000397116 1.40451e-05 1.51288e-07 4.05502e-10 2.14543e-13 1.95479e-17 2.81976e-22 5.97827e-28
 1.72391e-41 2.39267e-33 4.01421e-26 8.14073e-20 1.9956e-14 5.91334e-10 2.11806e-06 0.000917048 0.0479946 0.303642 0.234705 0.0748316 0.140428 0.0903383 0.0802881 0.0232093 0.00341843 0.000220161 5.8112e-06 4.97979e-08 9.96127e-11 3.89146e-14 2.5925e-18 2.66273e-23 3.97083e-29
 1.39681e-41 1.93868e-33 3.25254e-26 6.59608e-20 1.61695e-14 4.79132e-10 1.71617e-06 0.000743044 0.038888 0.246048 0.19326 0.116438 0.23425 0.0987524 0.051453 0.017006 0.00298409 0.000172002 3.34148e-06 1.96565e-08 2.87452e-11 8.24111e-15 3.95716e-19 2.91944e-24 3.11798e-30
 1.1857e-41 1.64568e-33 2.76097e-26 5.59919e-20 1.37257e-14 4.06719e-10 1.4568e-06 0.000630744 0.0330107 0.208875 0.165596 0.118513 0.228311 0.132072 0.0915084 0.0191346 0.00220933 0.000134438 2.498e-06 1.11662e-08 1.10932e-11 2.17849e-15 7.40493e-20 3.89864e-25 2.95964e-31
 9.45607e-42 1.31244e-33 2.20189e-26 4.46539e-20 1.09464e-14 3.24361e-10 1.16181e-06 0.000503023 0.0263263 0.166604 0.13487 0.131888 0.244108 0.154692 0.109778 0.0278179 0.00328476 0.000125703 1.81891e-06 7.33015e-09 5.81285e-12 8.0638e-16 1.84929e-20 6.61339e-26 3.4801e-32
 1.49816e-41 2.07934e-33 3.48853e-26 7.07467e-20 1.73427e-14 5.13896e-10 1.84069e-06 0.000796957 0.0417096 0.263912 0.207302 0.0989023 0.15366 0.120852 0.0873992 0.0225523 0.00279928 0.000110869 1.21942e-06 3.36985e-09 2.09347e-12 2.33132e-16 4.02456e-21 1.01659e-26 3.65373e-33
 1.04764e-41 1.45406e-33 2.43949e-26 4.94723e-20 1.21276e-14 3.59362e-10 1.28718e-06 0.000557303 0.0291671 0.184628 0.152999 0.169535 0.26027 0.118483 0.0637131 0.0182631 0.00229203 9.00622e-05 9.53944e-07 2.17126e-09 9.4674e-13 7.39147e-17 9.50411e-22 1.82747e-27 4.90599e-34
 1.5297e-41 2.12312e-33 3.56197e-26 7.2236e-20 1.77078e-14 5.24715e-10 1.87944e-06 0.000813734 0.0425877 0.269499 0.213762 0.111513 0.153581 0.126628 0.068997 0.011455 0.00111775 4.28138e-05 4.2307e-07 8.64602e-10 3.1528e-13 1.8562e-17 1.67266e-22 2.23052e-28 4.25996e-35
 1.08842e-41 1.51066e-33 2.53445e-26 5.13981e-20 1.25996e-14 3.7335e-10 1.33728e-06 0.000578996 0.0303026 0.191886 0.163033 0.190801 0.247596 0.11124 0.0519688 0.0116545 0.000915045 2.25838e-05 1.81688e-07 3.23586e-10 1.00261e-13 4.85528e-18 3.4461e-23 3.43713e-29 4.69412e-36
 1.38497e-41 1.92224e-33 3.22496e-26 6.54016e-20 1.60324e-14 4.7507e-10 1.70162e-06 0.000736745 0.0385585 0.244081 0.198647 0.136081 0.172923 0.14029 0.0598327 0.00824115 0.000593143 1.37642e-05 7.69644e-08 9.69769e-11 2.35993e-14 9.22289e-19 5.23188e-24 4.10255e-30 4.3209e-37
 1.50997e-41 2.09574e-33 3.51604e-26 7.13045e-20 1.74795e-14 5.17949e-10 1.85521e-06 0.000803241 0.0420388 0.266169 0.21951 0.161281 0.173608 0.0907964 0.0385298 0.00686986 0.000384686 6.39747e-06 2.98625e-08 2.84037e-11 4.75611e-15 1.31516e-19 5.56102e-25 3.33572e-31 2.69936e-38
 1.22439e-41 1.69937e-33 2.85105e-26 5.78187e-20 1.41736e-14 4.19989e-10 1.50433e-06 0.000651324 0.0340884 0.216003 0.18814 0.200756 0.211379 0.109281 0.0350077 0.00444202 0.000245365 3.73439e-06 1.26616e-08 8.88131e-12 1.12579e-15 2.24639e-20 6.58353e-26 2.74123e-32 1.57731e-39
 1.47634e-41 2.04906e-33 3.43773e-26 6.97165e-20 1.70902e-14 5.06413e-10 1.81389e-06 0.000785352 0.0411029 0.260358 0.218604 0.16197 0.168096 0.111468 0.0339094 0.00356328 0.000139224 1.67191e-06 4.87348e-09 2.64815e-12 2.40248e-16 3.44481e-21 7.35149e-27 2.20533e-33 8.94837e-41
 1.45227e-41 2.01565e-33 3.38167e-26 6.85796e-20 1.68115e-14 4.98155e-10 1.78431e-06 0.000772545 0.040433 0.256289 0.222535 0.193791 0.173375 0.084809 0.025085 0.00281383 9.3495e-05 8.10583e-07 1.69123e-09 7.08856e-13 5.02006e-17 5.36244e-22 8.18372e-28 1.73614e-34 5.01061e-42
 1.28338e-41 1.78125e-33 2.98842e-26 6.06045e-20 1.48565e-14 4.40224e-10 1.57681e-06 0.000682706 0.0357318 0.226739 0.206451 0.214956 0.192816 0.0979595 0.0226542 0.00194798 5.93452e-05 4.51489e-07 7.07102e-10 2.06846e-13 1.03885e-17 8.17255e-23 9.32677e-29 1.46414e-35 3.06181e-43
 1.16187e-41 1.6126e-33 2.70546e-26 5.48662e-20 1.34498e-14 3.98543e-10 1.42752e-06 0.000618065 0.0323495 0.20553 0.195079 0.222868 0.204811 0.11232 0.0245657 0.0018163 4.11014e-05 2.44759e-07 3.16099e-10 7.21063e-14 2.61607e-18 1.4325e-23 1.13924e-29 1.26904e-36 1.91649e-44
 1.14796e-41 1.5933e-33 2.67308e-26 5.42096e-20 1.32888e-14 3.93773e-10 1.41043e-06 0.000610668 0.0319623 0.203048 0.191816 0.216753 0.208741 0.118545 0.026517 0.00196571 4.0362e-05 1.96512e-07 2.02189e-10 3.83713e-14 1.18532e-18 5.42671e-24 3.48839e-30 3.05799e-37 3.59038e-45
 1.37393e-41 1.90693e-33 3.19927e-26 6.48806e-20 1.59047e-14 4.71285e-10 1.68807e-06 0.000730876 0.0382532 0.24273 0.217149 0.191731 0.179772 0.1035 0.0242236 0.0018694 3.91386e-05 1.84505e-07 1.7018e-10 2.75092e-14 7.20288e-19 2.8567e-24 1.62276e-30 1.26389e-37 1.30855e-45
#spawning biomass
 19146.7 23680 46314.3 56580.3 63165.4 86079.4 103105 124580 176373 193011 212009 370995 520068 393061 325621 334685 303915 340276 293078 311412 337615 405546 447146 452139 513965 421001 390229 397325 439360 446503 6281.22 6281.22 6281.22 6281.22 6281.22 6281.22 6281.22 6281.22 6281.22 6281.22 6281.22 6281.22 6281.22 6281.22 6281.22 6281.22 6281.22 6281.22 6281.22 6281.22 6281.22 6281.22 6281.22 6281.22 6281.22 6281.22 6281.22 6281.22 6281.22 6281.22 6281.22 6281.22 6281.22 6281.22 6281.22 6281.22 6281.22 6281.22 6281.22 6281.22 6281.22 6281.22 6281.22 6281.22 6281.22 6281.22 6281.22 6281.22 6281.22 6281.22 6281.22 6281.22 6281.22 6281.22 6281.22 6281.22 6281.22 6281.22 6281.22 6281.22 6281.22 6281.22 6281.22 6281.22 6281.22 6281.22 6281.22 6281.22 6281.22 6281.22 6281.22 6281.22 6281.22 6281.22 6281.22 6281.22 6281.22 6281.22 6281.22 6281.22 6281.22 6281.22 6281.22 6281.22 6281.22 6281.22 6281.22 6281.22 6281.22 6281.22 6281.22 6281.22 6281.22 6281.22 6281.22 6281.22 6281.22 6281.22 6281.22 0 0 0 0 0 0 0 0 0 0 0 0 0 0 0 0 0 0 0 0 0 0 0 0 0
