SBPRF35
0.819782
Curr Bio
95998.9
B35
688636
F35
0.203718
FOFL
0.0677569
OFL
14335.4
Bzero
234224
#pred survey bio
 7721.69 6977.24 8049.31 10888.6 14809.2 17076.3 17070.2 21400.1 33342.2 45764 59230.7 79438.9 107098 130581 134160 112018 106615 100693 96502.7 99149.4 102367 106657 111112 121336 125044 133789 126705 119920 100030 8.96361e+06 7.37861e+06 7.67165e+06 7.20624e+06 6.3817e+06 5.47913e+06 4.65116e+06 3.95931e+06 3.41299e+06 2.99702e+06 2.68777e+06 2.46139e+06 2.29717e+06 2.17815e+06 2.09105e+06 2.02745e+06 1.98225e+06 1.94981e+06 1.9263e+06 1.90907e+06 1.89632e+06 1.88678e+06 1.87957e+06 1.87407e+06 1.86983e+06 1.86653e+06 1.86395e+06 1.86192e+06 1.86031e+06 1.85903e+06 1.858e+06 1.85717e+06 1.85651e+06 1.85597e+06 1.85553e+06 1.85518e+06 1.85489e+06 1.85466e+06 1.85447e+06 1.85431e+06 1.85419e+06 1.85408e+06 1.854e+06 1.85393e+06 1.85387e+06 1.85383e+06 1.85379e+06 1.85376e+06 1.85373e+06 1.85371e+06 1.85369e+06 1.85368e+06 1.85367e+06 1.85366e+06 1.85365e+06 1.85365e+06 1.85364e+06 1.85364e+06 1.85363e+06 1.85363e+06 1.85363e+06 1.85363e+06 1.85362e+06 1.85362e+06 1.85362e+06 1.85362e+06 1.85362e+06 1.85362e+06 1.85362e+06 1.85362e+06 1.85362e+06 1.85362e+06 1.85362e+06 1.85362e+06 1.85362e+06 1.85362e+06 1.85362e+06 1.85362e+06 1.85362e+06 1.85362e+06 1.85362e+06 1.85362e+06 1.85362e+06 1.85362e+06 1.85362e+06 1.85362e+06 1.85362e+06 1.85362e+06 1.85362e+06 1.85362e+06 1.85362e+06 1.85362e+06 1.85362e+06 1.85362e+06 1.85362e+06 1.85362e+06 1.85362e+06 1.85362e+06 1.85362e+06 1.85362e+06 0 0 0 0 0 0 0 0 0 0 0 0 0 0 0 0 0 0 0 0 0 0 0 0 0
#obs survey bio
 7070.21 7572.04 7445.09 11881.8 19708.8 16801.2 16818.3 23497.2 44241.7 46462.1 57839.1 120672 117889 98956.3 172235 99253.4 206347 134753 70189.6 98186.1 107272 105126 102721 97447.2 127579 157895 150491 119003 115355
#pred catch bio
 5472.1 5135.39 5871.39 7780.46 10527.2 12795.8 12967.4 15497.3 24943 34575.8 44896.2 60399.8 84080.3 103958 111789 90872.5 88028.8 83885.2 80838.6 84834.3 87570.1 91762.1 95980.8 108849 109235 120005 111118 109569 1.29678 14335.4 58435.1 60331.9 56119 49086.4 41537.7 34709.1 29081.7 24707.5 21438.8 19063.2 17371.2 16183.8 15357.4 14783.2 14388.6 14125 13949 13831.5 13753 13700.6 13665.6 13642.2 13626.6 13616.1 13609.2 13604.5 13601.4 13599.3 13598 13597 13596.4 13596 13595.7 13595.5 13595.4 13595.3 13595.3 13595.2 13595.2 13595.2 13595.2 13595.2 13595.2 13595.2 13595.2 13595.2 13595.2 13595.2 13595.2 13595.2 13595.2 13595.2 13595.2 13595.2 13595.2 13595.2 13595.2 13595.2 13595.2 13595.2 13595.2 13595.2 13595.2 13595.2 13595.2 13595.2 13595.2 13595.2 13595.2 13595.2 13595.2 13595.2 13595.2 13595.2 13595.2 13595.2 13595.2 13595.2 13595.2 13595.2 13595.2 13595.2 13595.2 13595.2 13595.2 13595.2 13595.2 13595.2 13595.2 13595.2 13595.2 13595.2 13595.2 13595.2 13595.2 13595.2 13595.2 13595.2 13595.2 0 0 0 0 0 0 0 0 0 0 0 0 0 0 0 0 0 0 0 0 0 0 0 0 0
#obs catch bio
 4678.07 5049.4 5795.72 7541.08 10090.3 12473.2 12739.5 15005.1 23930 33713.9 43515.1 57857.5 81064.3 103062 109730 89994.7 83177.9 79822.6 80018.4 83661.8 85424.9 88418.1 93214 107908 106247 114873 109208 111927 1.18573
#pred cpue bio
 7064.69 6164.03 6939.14 9321.07 12818.8 15204.1 14968.2 18087.4 28238.1 39240.1 50744.8 67557.4 91360.4 111931 117853 98008.7 92515.9 87392.1 83115.7 84606.2 87023.6 90822.8 94207.5 102158 104829 113436 107189 103030 84484 8.41949e+06 7.34929e+06 7.64233e+06 7.17692e+06 6.35238e+06 5.44981e+06 4.62184e+06 3.92999e+06 3.38367e+06 2.9677e+06 2.65845e+06 2.43207e+06 2.26785e+06 2.14883e+06 2.06173e+06 1.99813e+06 1.95293e+06 1.92049e+06 1.89697e+06 1.87975e+06 1.867e+06 1.85746e+06 1.85025e+06 1.84475e+06 1.84051e+06 1.83721e+06 1.83463e+06 1.8326e+06 1.83099e+06 1.82971e+06 1.82868e+06 1.82785e+06 1.82719e+06 1.82665e+06 1.82621e+06 1.82586e+06 1.82557e+06 1.82534e+06 1.82515e+06 1.82499e+06 1.82487e+06 1.82476e+06 1.82468e+06 1.82461e+06 1.82455e+06 1.8245e+06 1.82447e+06 1.82444e+06 1.82441e+06 1.82439e+06 1.82437e+06 1.82436e+06 1.82435e+06 1.82434e+06 1.82433e+06 1.82432e+06 1.82432e+06 1.82432e+06 1.82431e+06 1.82431e+06 1.82431e+06 1.8243e+06 1.8243e+06 1.8243e+06 1.8243e+06 1.8243e+06 1.8243e+06 1.8243e+06 1.8243e+06 1.8243e+06 1.8243e+06 1.8243e+06 1.8243e+06 1.8243e+06 1.8243e+06 1.8243e+06 1.8243e+06 1.8243e+06 1.8243e+06 1.8243e+06 1.8243e+06 1.8243e+06 1.8243e+06 1.8243e+06 1.8243e+06 1.8243e+06 1.8243e+06 1.8243e+06 1.8243e+06 1.8243e+06 1.8243e+06 1.8243e+06 1.8243e+06 1.8243e+06 1.8243e+06 1.8243e+06 1.8243e+06 1.8243e+06 1.8243e+06 1.8243e+06 0 0 0 0 0 0 0 0 0 0 0 0 0 0 0 0 0 0 0 0 0 0 0 0 0
#obs cpue bio
 8061.75 9077.73 8347.32 16439.7 19487.2 19073.6 22119.8 27411.2 44797.7 46862.2 97173.1 88828.7 140473 132910 137611 125432 149198 130976 107934 114019 127204 175178 152186 137000 170190 203475 106543 165005 137149
#pred surv len freq
 2.56591e-27 2.59574e-27 3.96791e-26 7.83072e-20 1.91961e-14 5.68814e-10 2.0374e-06 0.000882114 0.0461667 0.292063 0.223611 0.0375584 0.128778 0.11899 0.0300171 0.0389101 0.0180379 0.0157074 0.0106213 0.00876233 0.00737552 0.00677046 0.00716157 0.00655938 0.00202521
 2.56756e-27 2.59989e-27 4.28922e-26 8.50835e-20 2.08572e-14 6.18036e-10 2.2137e-06 0.000958448 0.0501617 0.317337 0.242959 0.0406813 0.138952 0.12802 0.0254461 0.0259592 0.0102126 0.00661626 0.00363615 0.00250965 0.0018304 0.0014914 0.00143384 0.00133669 0.000454957
 2.56885e-27 2.60332e-27 4.58308e-26 9.12823e-20 2.23768e-14 6.63063e-10 2.37498e-06 0.00102828 0.0538163 0.340457 0.260615 0.0407613 0.127158 0.117078 0.0225382 0.0219923 0.00763096 0.00347757 0.001464 0.000746123 0.00042192 0.000285516 0.000238072 0.000214303 7.61942e-05
 2.56918e-27 2.60417e-27 4.65256e-26 9.27478e-20 2.2736e-14 6.73709e-10 2.41311e-06 0.00104479 0.0546803 0.345922 0.264792 0.0410041 0.126071 0.116001 0.0210255 0.0187972 0.00641194 0.00272784 0.000927246 0.000324362 0.000123725 6.03332e-05 3.99038e-05 3.25004e-05 1.16061e-05
 2.56842e-27 2.60211e-27 4.47054e-26 8.89079e-20 2.17947e-14 6.45816e-10 2.3132e-06 0.00100153 0.0524164 0.331601 0.253865 0.0415694 0.13805 0.12706 0.0230765 0.0206827 0.00685516 0.00260808 0.000851441 0.000259236 6.59453e-05 1.95457e-05 8.53481e-06 5.65673e-06 1.94861e-06
 2.56635e-27 2.59655e-27 3.98347e-26 7.86331e-20 1.9276e-14 5.71181e-10 2.04588e-06 0.000885786 0.0463588 0.293279 0.224619 0.0425723 0.16623 0.153162 0.0294742 0.0287189 0.0095391 0.00363211 0.00112772 0.000310534 6.96979e-05 1.35436e-05 3.09676e-06 1.34382e-06 4.19213e-07
 2.56762e-27 2.60007e-27 4.30283e-26 8.53706e-20 2.09276e-14 6.20121e-10 2.22117e-06 0.000961682 0.050331 0.318408 0.243782 0.0409934 0.140751 0.129781 0.0276927 0.0305649 0.0104538 0.00442357 0.00138769 0.0003756 7.66478e-05 1.26619e-05 1.6866e-06 3.39175e-07 8.2608e-08
 2.56999e-27 2.60641e-27 4.85389e-26 9.69953e-20 2.37772e-14 7.04562e-10 2.52362e-06 0.00109263 0.0571844 0.361764 0.276876 0.0401804 0.111313 0.102422 0.0193425 0.018398 0.0066118 0.00330857 0.00110281 0.000324544 6.60995e-05 1.00683e-05 1.05491e-06 9.5291e-08 1.27606e-08
 2.56978e-27 2.60576e-27 4.78901e-26 9.56263e-20 2.34416e-14 6.94617e-10 2.488e-06 0.00107721 0.0563773 0.356658 0.272989 0.0409583 0.119963 0.110291 0.018676 0.0148628 0.00501395 0.00207056 0.000741512 0.000252363 5.63508e-05 8.83324e-06 8.47612e-07 5.02226e-08 2.7241e-09
 2.569e-27 2.60363e-27 4.60058e-26 9.16512e-20 2.24672e-14 6.65743e-10 2.38458e-06 0.00103243 0.0540337 0.341832 0.261677 0.0415324 0.13228 0.121667 0.0208788 0.0170093 0.00545504 0.00180218 0.000571372 0.000173284 4.41615e-05 7.79677e-06 7.80669e-07 4.04867e-08 1.14269e-09
 2.56908e-27 2.60388e-27 4.62493e-26 9.21649e-20 2.25931e-14 6.69474e-10 2.39794e-06 0.00103822 0.0543366 0.343748 0.263135 0.0412257 0.128921 0.118621 0.0213113 0.0187674 0.00606279 0.00205098 0.000594948 0.000145313 3.1775e-05 5.93154e-06 6.79033e-07 3.65152e-08 8.20441e-10
 2.56954e-27 2.60512e-27 4.73486e-26 9.4484e-20 2.31616e-14 6.8632e-10 2.45828e-06 0.00106434 0.0557039 0.352398 0.269736 0.040947 0.122163 0.112368 0.019908 0.0171464 0.00565586 0.00210307 0.000622014 0.000150087 2.72429e-05 4.19047e-06 4.85434e-07 2.94588e-08 6.69289e-10
 2.56933e-27 2.60454e-27 4.68088e-26 9.33451e-20 2.28824e-14 6.78048e-10 2.42865e-06 0.00105151 0.0550324 0.34815 0.266497 0.0412639 0.12685 0.116659 0.0200415 0.016367 0.00535921 0.00194256 0.000595151 0.000155492 2.84135e-05 3.79816e-06 3.57064e-07 2.15631e-08 5.39377e-10
 2.56902e-27 2.60368e-27 4.60485e-26 9.17413e-20 2.24893e-14 6.66398e-10 2.38692e-06 0.00103345 0.0540869 0.342168 0.261934 0.0415274 0.132061 0.121462 0.0208011 0.0168858 0.00545067 0.00185221 0.000557565 0.000144557 2.82562e-05 3.90196e-06 3.24023e-07 1.6127e-08 3.9899e-10
 2.56732e-27 2.59909e-27 4.19894e-26 8.31783e-20 2.03902e-14 6.04197e-10 2.16413e-06 0.000936986 0.0490385 0.310231 0.237566 0.0427034 0.158132 0.145527 0.0251863 0.0208336 0.00671736 0.00226395 0.000663833 0.000162721 3.12654e-05 4.50241e-06 3.88178e-07 1.71631e-08 3.59355e-10
 2.56766e-27 2.60005e-27 4.28871e-26 8.50722e-20 2.08544e-14 6.17954e-10 2.21341e-06 0.00095832 0.050155 0.317295 0.242949 0.0420394 0.149296 0.137463 0.0253779 0.0233069 0.00756339 0.00260657 0.000763897 0.000184405 3.37204e-05 4.69483e-06 4.16441e-07 1.88602e-08 3.52773e-10
 2.56825e-27 2.60167e-27 4.43169e-26 8.80885e-20 2.15938e-14 6.39864e-10 2.29189e-06 0.000992299 0.0519334 0.328545 0.251533 0.0416201 0.140075 0.128942 0.0236665 0.0215601 0.00720975 0.00282506 0.000845605 0.000207696 3.76503e-05 5.03361e-06 4.28961e-07 1.97961e-08 3.72733e-10
 2.56821e-27 2.60151e-27 4.41444e-26 8.77244e-20 2.15046e-14 6.37219e-10 2.28241e-06 0.000988198 0.0517187 0.327187 0.250501 0.0419695 0.143458 0.131998 0.0229898 0.0192411 0.00640826 0.00249164 0.000785981 0.00021464 3.99744e-05 5.34661e-06 4.39272e-07 1.95293e-08 3.71437e-10
 2.56872e-27 2.60289e-27 4.53625e-26 9.0294e-20 2.21345e-14 6.55884e-10 2.34927e-06 0.00101714 0.0532336 0.33677 0.257814 0.0416253 0.135701 0.124843 0.0217922 0.0182994 0.00594761 0.00208402 0.000648148 0.000179171 3.66972e-05 5.22803e-06 4.32303e-07 1.85961e-08 3.42439e-10
 2.5693e-27 2.60443e-27 4.6705e-26 9.31262e-20 2.28288e-14 6.76457e-10 2.42296e-06 0.00104905 0.0549034 0.347334 0.265876 0.0413932 0.12827 0.117949 0.0199008 0.0157177 0.00510841 0.00179367 0.00053437 0.000135688 2.76838e-05 4.23118e-06 3.79137e-07 1.65264e-08 2.95678e-10
 2.5695e-27 2.60495e-27 4.71367e-26 9.40368e-20 2.3052e-14 6.83072e-10 2.44665e-06 0.00105931 0.0554402 0.35073 0.268471 0.0414903 0.127187 0.116901 0.0188481 0.0135727 0.00433612 0.00141559 0.000419004 0.000104988 1.98276e-05 2.92612e-06 2.77842e-07 1.30965e-08 2.38562e-10
 2.56938e-27 2.60464e-27 4.68523e-26 9.34367e-20 2.29049e-14 6.78713e-10 2.43104e-06 0.00105255 0.0550864 0.348492 0.266764 0.0416253 0.129413 0.118948 0.0190811 0.0135831 0.00425133 0.00124622 0.000354223 8.36429e-05 1.55654e-05 2.16627e-06 1.9616e-07 9.70473e-09 1.89571e-10
 2.56965e-27 2.60536e-27 4.74923e-26 9.4787e-20 2.32359e-14 6.88521e-10 2.46617e-06 0.00106776 0.0558825 0.353528 0.270606 0.0414117 0.125088 0.114963 0.0184865 0.0132294 0.00413175 0.00119367 0.000326259 6.98002e-05 1.21857e-05 1.63086e-06 1.40109e-07 6.64057e-09 1.35037e-10
 2.57005e-27 2.60645e-27 4.84548e-26 9.68173e-20 2.37336e-14 7.03269e-10 2.51899e-06 0.00109063 0.0570795 0.3611 0.276384 0.0411756 0.119231 0.109547 0.0173103 0.0119096 0.00372067 0.00108113 0.000294392 6.14724e-05 9.90005e-06 1.21244e-06 9.84538e-08 4.42135e-09 8.68929e-11
 2.57027e-27 2.60702e-27 4.89365e-26 9.78334e-20 2.39827e-14 7.1065e-10 2.54543e-06 0.00110207 0.0576786 0.36489 0.279279 0.0412243 0.117568 0.107968 0.0162401 0.00986272 0.00304965 0.000847961 0.000230025 4.81888e-05 7.63985e-06 8.76106e-07 6.435e-08 2.69711e-09 5.01866e-11
 2.56961e-27 2.60523e-27 4.73472e-26 9.44806e-20 2.31608e-14 6.86295e-10 2.4582e-06 0.0010643 0.0557019 0.352385 0.269738 0.0417109 0.127975 0.117572 0.0179546 0.0113515 0.00343937 0.000834501 0.000218861 4.41967e-05 6.98855e-06 7.92958e-07 5.48018e-08 2.07699e-09 3.58052e-11
 2.56975e-27 2.60562e-27 4.76973e-26 9.52192e-20 2.33418e-14 6.91661e-10 2.47741e-06 0.00107263 0.0561373 0.35514 0.271839 0.0415494 0.12527 0.115088 0.017742 0.0114934 0.0035067 0.000886918 0.000224916 4.02631e-05 6.07122e-06 6.75039e-07 4.60781e-08 1.64537e-09 2.574e-11
 2.5688e-27 2.60302e-27 4.53933e-26 9.03588e-20 2.21504e-14 6.56355e-10 2.35095e-06 0.00101787 0.0532718 0.337012 0.258008 0.0422561 0.140365 0.129013 0.0201218 0.0134168 0.00411261 0.00106846 0.000275266 5.04506e-05 7.01023e-06 7.11653e-07 4.69774e-08 1.64504e-09 2.42617e-11
 2.56986e-27 2.60593e-27 4.79818e-26 9.58195e-20 2.3489e-14 6.96021e-10 2.49303e-06 0.00107939 0.0564912 0.357379 0.273546 0.041371 0.122712 0.112749 0.0176954 0.0119785 0.00369137 0.000990086 0.000258206 4.85937e-05 6.90901e-06 6.74777e-07 4.02298e-08 1.34156e-09 1.92563e-11
#obs surv len freq
 1.64041e-41 2.27678e-33 3.81977e-26 7.74642e-20 1.89894e-14 5.62691e-10 2.01547e-06 0.000872629 0.0456699 0.288921 0.221359 0.0442771 0.164438 0.139768 0.0433075 0.0351355 0.0114145 0.00388525 0.000835512 0.000108149 6.12045e-06 1.0917e-07 4.56725e-10 3.6061e-13 4.64994e-17
 1.90106e-41 2.63855e-33 4.42672e-26 8.97729e-20 2.20068e-14 6.52101e-10 2.33572e-06 0.00101129 0.0529267 0.33483 0.256426 0.0440445 0.132529 0.106633 0.034041 0.0260384 0.00827629 0.0026542 0.000524952 5.95658e-05 2.79967e-06 3.92161e-08 1.23037e-10 7.06956e-14 6.52601e-18
 1.93148e-41 2.68077e-33 4.49754e-26 9.12092e-20 2.23589e-14 6.62534e-10 2.37309e-06 0.00102747 0.0537735 0.340187 0.260599 0.047044 0.140533 0.105737 0.0268006 0.0171085 0.00527999 0.00158887 0.000289661 2.86216e-05 1.10671e-06 1.21057e-08 2.85093e-11 1.19638e-14 7.92675e-19
 1.9618e-41 2.72285e-33 4.56814e-26 9.2641e-20 2.27099e-14 6.72934e-10 2.41034e-06 0.00104359 0.0546176 0.345527 0.264742 0.0487718 0.139376 0.0988241 0.0265176 0.0157129 0.00376047 0.000935543 0.000155199 1.33209e-05 4.21231e-07 3.57564e-09 6.30456e-12 1.9352e-15 9.23678e-20
 1.7592e-41 2.44165e-33 4.09638e-26 8.30737e-20 2.03645e-14 6.03438e-10 2.16142e-06 0.000935819 0.0489771 0.309844 0.237688 0.054939 0.176502 0.117476 0.0314418 0.0172232 0.00402548 0.000833327 0.000103863 7.38034e-06 1.89726e-07 1.24577e-09 1.63996e-12 3.67853e-16 1.26631e-20
 1.44657e-41 2.00775e-33 3.36841e-26 6.83107e-20 1.67456e-14 4.96202e-10 1.77731e-06 0.000769515 0.0402734 0.254784 0.195916 0.0625013 0.221273 0.140446 0.0496649 0.0271408 0.00597993 0.00112848 0.000116247 5.98548e-06 1.16481e-07 5.85225e-10 5.74581e-13 9.41412e-17 2.33715e-21
 2.07426e-41 2.87894e-33 4.83001e-26 9.79517e-20 2.40117e-14 7.11511e-10 2.54852e-06 0.00110342 0.0577486 0.365335 0.280016 0.0503209 0.113386 0.069982 0.0358081 0.0199819 0.0052553 0.000969956 8.71186e-05 3.49229e-06 4.76914e-08 1.70614e-10 1.22345e-13 1.46045e-17 2.61637e-22
 1.98277e-41 2.75196e-33 4.61698e-26 9.36315e-20 2.29527e-14 6.80129e-10 2.43611e-06 0.00105475 0.0552015 0.349224 0.268057 0.0601973 0.151937 0.0818991 0.0194879 0.0091474 0.00310093 0.000631772 5.73968e-05 1.92305e-06 1.94639e-08 4.78722e-11 2.35621e-14 1.97909e-18 2.52883e-23
 2.01268e-41 2.79347e-33 4.68663e-26 9.50439e-20 2.32989e-14 6.90389e-10 2.47286e-06 0.00107066 0.0560343 0.354492 0.272209 0.0618698 0.145563 0.0748016 0.0231354 0.00889341 0.00158382 0.000311821 3.14004e-05 1.00347e-06 8.24772e-09 1.47338e-11 4.97475e-15 2.8257e-19 2.47012e-24
 1.73098e-41 2.40249e-33 4.03067e-26 8.17412e-20 2.00379e-14 5.9376e-10 2.12675e-06 0.000920809 0.0481915 0.30488 0.234955 0.0761216 0.198719 0.0951144 0.0285213 0.010386 0.00193104 0.000238307 1.80098e-05 5.65908e-07 4.18942e-09 5.97324e-12 1.4748e-15 5.8297e-20 3.46811e-25
 2.01529e-41 2.79709e-33 4.69269e-26 9.51668e-20 2.3329e-14 6.91282e-10 2.47606e-06 0.00107205 0.0561067 0.354953 0.272941 0.066807 0.140006 0.0666413 0.0293032 0.0101884 0.00176702 0.000200631 1.05509e-05 2.29997e-07 1.45361e-09 1.76773e-12 3.46821e-16 1.02333e-20 4.35176e-26
 1.84891e-41 2.56616e-33 4.30527e-26 8.73101e-20 2.1403e-14 6.34211e-10 2.27164e-06 0.000983542 0.0514747 0.325654 0.251337 0.0816426 0.180208 0.0755398 0.0232663 0.00799677 0.00170771 0.000179821 7.97086e-06 1.21496e-07 5.14513e-10 4.75208e-13 7.47651e-17 1.73968e-21 5.63203e-27
 1.92398e-41 2.67036e-33 4.48009e-26 9.08552e-20 2.22721e-14 6.59963e-10 2.36388e-06 0.00102348 0.0535648 0.338878 0.261594 0.080995 0.160914 0.0671761 0.0268494 0.00760434 0.00125357 0.000138433 5.84566e-06 7.10192e-08 2.10197e-10 1.28383e-13 1.4063e-17 2.42786e-22 5.993e-28
 1.62305e-41 2.25269e-33 3.77936e-26 7.66446e-20 1.87885e-14 5.56739e-10 1.99415e-06 0.000863397 0.0451868 0.285887 0.222575 0.104328 0.216778 0.0835918 0.030473 0.00870716 0.00147752 0.000126418 4.73743e-06 5.16013e-08 1.20015e-10 5.20204e-14 3.82329e-18 4.41209e-23 7.50979e-29
 1.47149e-41 2.04233e-33 3.42643e-26 6.94873e-20 1.7034e-14 5.04749e-10 1.80793e-06 0.00078277 0.0409671 0.2592 0.203118 0.1135 0.225141 0.0950241 0.047774 0.0123872 0.00194188 0.000157871 4.74642e-06 4.14258e-08 7.99045e-11 2.71724e-14 1.45994e-18 1.17156e-23 1.34955e-29
 1.71251e-41 2.37684e-33 3.98765e-26 8.08687e-20 1.9824e-14 5.87422e-10 2.10405e-06 0.000910981 0.0476771 0.30165 0.235297 0.103012 0.177071 0.0769657 0.0423223 0.0127338 0.00219602 0.000157781 4.1051e-06 2.82971e-08 4.1397e-11 1.08964e-14 4.52207e-19 2.72127e-24 2.27039e-30
 1.68388e-41 2.33711e-33 3.92099e-26 7.95168e-20 1.94926e-14 5.77602e-10 2.06888e-06 0.000895752 0.0468801 0.296622 0.232899 0.118497 0.191666 0.0703223 0.030753 0.00951087 0.00181159 0.000136988 3.12193e-06 1.7418e-08 1.96198e-11 3.82502e-15 1.17097e-19 5.249e-25 3.26929e-31
 1.68824e-41 2.34317e-33 3.93116e-26 7.97231e-20 1.95432e-14 5.791e-10 2.07424e-06 0.000898075 0.0470017 0.297405 0.234499 0.124233 0.185609 0.0705514 0.0309229 0.00750082 0.00127561 9.86019e-05 2.16939e-06 1.03142e-08 9.10589e-12 1.34047e-15 3.02166e-20 9.82109e-26 4.42098e-32
 1.65782e-41 2.30095e-33 3.86032e-26 7.82865e-20 1.9191e-14 5.68665e-10 2.03686e-06 0.000881892 0.0461548 0.292068 0.232006 0.1353 0.187939 0.069031 0.028825 0.00678126 0.000948446 6.06155e-05 1.21865e-06 5.16769e-09 3.78139e-12 4.32945e-16 7.31474e-21 1.74763e-26 5.71103e-33
 1.7516e-41 2.4311e-33 4.07868e-26 8.27148e-20 2.02766e-14 6.00831e-10 2.15208e-06 0.000931776 0.0487656 0.308599 0.245316 0.133749 0.167971 0.0628708 0.0255003 0.00555818 0.000698947 3.59231e-05 5.66396e-07 1.99056e-09 1.21466e-12 1.12463e-16 1.47949e-21 2.66732e-27 6.43829e-34
 1.70522e-41 2.36673e-33 3.97068e-26 8.05246e-20 1.97396e-14 5.84922e-10 2.09509e-06 0.000907104 0.0474744 0.300468 0.241474 0.148407 0.173443 0.060335 0.0222803 0.00466241 0.000524071 2.24892e-05 2.73056e-07 7.20034e-10 3.38373e-13 2.46076e-17 2.53935e-22 3.54269e-28 6.50274e-35
 1.73187e-41 2.40373e-33 4.03275e-26 8.17833e-20 2.00482e-14 5.94065e-10 2.12785e-06 0.000921284 0.0482166 0.305197 0.246684 0.152336 0.163788 0.0584826 0.0202695 0.00372058 0.000369204 1.33571e-05 1.27475e-07 2.50793e-10 8.59315e-14 4.58343e-18 3.52421e-23 3.70561e-29 5.14519e-36
 1.71817e-41 2.38471e-33 4.00084e-26 8.11362e-20 1.98896e-14 5.89365e-10 2.11101e-06 0.000913994 0.0478352 0.302836 0.247364 0.161793 0.160987 0.0563833 0.0184374 0.00317308 0.000266759 7.89871e-06 5.969e-08 8.90057e-11 2.23746e-14 8.59552e-19 4.73417e-24 3.57982e-30 3.60381e-37
 1.74357e-41 2.41996e-33 4.05998e-26 8.23356e-20 2.01836e-14 5.98077e-10 2.14221e-06 0.000927504 0.0485424 0.307366 0.252944 0.165704 0.152022 0.0534164 0.0163032 0.00257854 0.000189312 4.52667e-06 2.64253e-08 2.98489e-11 5.56812e-15 1.55814e-19 6.16858e-25 3.32578e-31 2.3786e-38
 1.68998e-41 2.34558e-33 3.93519e-26 7.98049e-20 1.95632e-14 5.79694e-10 2.07637e-06 0.000898997 0.0470507 0.298028 0.249867 0.180751 0.154496 0.0520259 0.0146234 0.00212067 0.000134303 2.62208e-06 1.18102e-08 9.95326e-12 1.36733e-15 2.79598e-20 8.02477e-26 3.11281e-32 1.59167e-39
 1.59814e-41 2.21811e-33 3.72134e-26 7.54679e-20 1.85001e-14 5.48191e-10 1.96353e-06 0.000850142 0.0444942 0.281987 0.242504 0.196687 0.160095 0.0565374 0.0148221 0.00191494 0.000103646 1.64197e-06 5.73577e-09 3.62349e-12 3.6486e-16 5.40785e-21 1.11985e-26 3.12638e-33 1.14778e-40
 1.59372e-41 2.21198e-33 3.71106e-26 7.52595e-20 1.8449e-14 5.46677e-10 1.95811e-06 0.000847794 0.0443718 0.281337 0.245307 0.199636 0.154142 0.0577315 0.0147754 0.00176806 8.05225e-05 1.02204e-06 2.75855e-09 1.3098e-12 9.7221e-17 1.04772e-21 1.56313e-27 3.1274e-34 8.20672e-42
 1.64192e-41 2.27888e-33 3.82329e-26 7.75355e-20 1.90069e-14 5.6321e-10 2.01733e-06 0.000873433 0.0457142 0.289969 0.254888 0.199204 0.142687 0.0521866 0.0129396 0.00147806 5.84392e-05 5.93544e-07 1.22642e-09 4.35979e-13 2.38689e-17 1.87673e-22 2.02649e-28 2.91668e-35 5.48079e-43
 1.64202e-41 2.27901e-33 3.82351e-26 7.75401e-20 1.9008e-14 5.63243e-10 2.01744e-06 0.000873484 0.0457169 0.289986 0.25491 0.199583 0.144087 0.0514806 0.0120562 0.00126021 4.39208e-05 3.80914e-07 6.56748e-10 1.91903e-13 8.55503e-18 5.44419e-23 4.7386e-29 5.48198e-36 8.2631e-44
#pred catch len freq
 2.56552e-27 2.5947e-27 3.87757e-26 7.64015e-20 1.87289e-14 5.54971e-10 1.98781e-06 0.000860647 0.0450431 0.284955 0.218185 0.0376323 0.133152 0.123044 0.0310398 0.0402358 0.0186525 0.0162426 0.0109832 0.00906087 0.00762681 0.00700114 0.00740558 0.00678287 0.00209421
 2.56732e-27 2.59925e-27 4.23332e-26 8.39043e-20 2.05681e-14 6.0947e-10 2.18302e-06 0.000945164 0.0494665 0.312939 0.239603 0.0408082 0.142276 0.131091 0.0260566 0.026582 0.0104576 0.00677498 0.00372338 0.00256986 0.00187431 0.00152718 0.00146823 0.00136876 0.000465871
 2.56861e-27 2.60268e-27 4.52636e-26 9.00858e-20 2.20834e-14 6.54372e-10 2.34385e-06 0.0010148 0.0531108 0.335994 0.257209 0.0409108 0.130689 0.120339 0.0231659 0.0226049 0.00784351 0.00357443 0.00150477 0.000766905 0.000433672 0.000293469 0.000244703 0.000220272 7.83165e-05
 2.56889e-27 2.6034e-27 4.58442e-26 9.13105e-20 2.23837e-14 6.63268e-10 2.37571e-06 0.00102859 0.0538329 0.340562 0.260702 0.0411985 0.130424 0.120019 0.0217538 0.0194484 0.00663406 0.00282234 0.000959366 0.000335598 0.000128011 6.24232e-05 4.12861e-05 3.36262e-05 1.20082e-05
 2.56811e-27 2.60126e-27 4.39491e-26 8.73125e-20 2.14036e-14 6.34227e-10 2.2717e-06 0.000983557 0.0514758 0.32565 0.249325 0.0417868 0.142894 0.131531 0.0238887 0.0214106 0.00709641 0.00269987 0.000881407 0.000268359 6.82662e-05 2.02336e-05 8.83518e-06 5.85581e-06 2.01719e-06
 2.56616e-27 2.59604e-27 3.93851e-26 7.76846e-20 1.90434e-14 5.64291e-10 2.0212e-06 0.0008751 0.0457996 0.289741 0.22192 0.0426948 0.169059 0.155775 0.029977 0.0292088 0.00970182 0.00369407 0.00114696 0.000315831 7.08869e-05 1.37747e-05 3.14959e-06 1.36675e-06 4.26364e-07
 2.56749e-27 2.59971e-27 4.27119e-26 8.4703e-20 2.07639e-14 6.15272e-10 2.2038e-06 0.000954162 0.0499374 0.315918 0.241882 0.04107 0.142668 0.131554 0.028071 0.0309825 0.0105966 0.004484 0.00140665 0.000380731 7.76949e-05 1.28349e-05 1.70964e-06 3.43808e-07 8.37365e-08
 2.56976e-27 2.60578e-27 4.7986e-26 9.58289e-20 2.34913e-14 6.96089e-10 2.49327e-06 0.00107949 0.0564967 0.357414 0.273556 0.0403303 0.114786 0.10563 0.0199483 0.0189742 0.00681887 0.00341219 0.00113735 0.000334708 6.81696e-05 1.03837e-05 1.08795e-06 9.82753e-08 1.31603e-08
 2.56963e-27 2.60534e-27 4.75245e-26 9.48549e-20 2.32525e-14 6.89014e-10 2.46793e-06 0.00106852 0.0559225 0.353781 0.270794 0.0410695 0.122352 0.112494 0.0190491 0.0151597 0.00511411 0.00211192 0.000756323 0.000257403 5.74764e-05 9.00968e-06 8.64543e-07 5.12258e-08 2.77851e-09
 2.56886e-27 2.60327e-27 4.5681e-26 9.09659e-20 2.22992e-14 6.60765e-10 2.36675e-06 0.00102471 0.0536298 0.339277 0.259727 0.0416313 0.134402 0.123624 0.0212147 0.017283 0.00554281 0.00183118 0.000580565 0.000176072 4.48721e-05 7.92222e-06 7.9323e-07 4.11381e-08 1.16108e-09
 2.56895e-27 2.60354e-27 4.59494e-26 9.15322e-20 2.2438e-14 6.64879e-10 2.38148e-06 0.00103109 0.0539636 0.341389 0.261335 0.0413134 0.130854 0.120404 0.0216317 0.0190496 0.00615396 0.00208182 0.000603894 0.000147498 3.22528e-05 6.02073e-06 6.89244e-07 3.70643e-08 8.32778e-10
 2.56943e-27 2.60482e-27 4.70815e-26 9.39205e-20 2.30235e-14 6.82227e-10 2.44362e-06 0.001058 0.0553717 0.350296 0.268132 0.0410257 0.123889 0.113961 0.0201901 0.0173895 0.00573602 0.00213288 0.000630831 0.000152214 2.76291e-05 4.24986e-06 4.92314e-07 2.98763e-08 6.78775e-10
 2.56931e-27 2.60448e-27 4.67608e-26 9.32438e-20 2.28576e-14 6.77312e-10 2.42602e-06 0.00105037 0.0549727 0.347772 0.266209 0.0412785 0.127163 0.116948 0.0200912 0.0164076 0.00537249 0.00194737 0.000596626 0.000155877 2.84839e-05 3.80757e-06 3.57948e-07 2.16165e-08 5.40713e-10
 2.56904e-27 2.60374e-27 4.61042e-26 9.18587e-20 2.25181e-14 6.6725e-10 2.38998e-06 0.00103477 0.0541561 0.342606 0.262268 0.0415104 0.131697 0.121127 0.0207437 0.0168392 0.00543562 0.00184709 0.000556025 0.000144158 2.81781e-05 3.89118e-06 3.23128e-07 1.60825e-08 3.97888e-10
 2.56752e-27 2.59963e-27 4.24669e-26 8.41855e-20 2.0637e-14 6.11513e-10 2.19034e-06 0.000948332 0.0496323 0.313987 0.240432 0.0425592 0.15502 0.142656 0.0246895 0.0204227 0.00658486 0.0022193 0.00065074 0.000159511 3.06487e-05 4.41361e-06 3.80522e-07 1.68246e-08 3.52267e-10
 2.56775e-27 2.6003e-27 4.31111e-26 8.55447e-20 2.09702e-14 6.21386e-10 2.2257e-06 0.000963643 0.0504336 0.319057 0.244293 0.0419755 0.147866 0.136142 0.025134 0.0230829 0.0074907 0.00258152 0.000756557 0.000182633 3.33963e-05 4.64971e-06 4.12439e-07 1.8679e-08 3.49383e-10
 2.56841e-27 2.60208e-27 4.46828e-26 8.88605e-20 2.17831e-14 6.45471e-10 2.31197e-06 0.00100099 0.0523884 0.331424 0.253729 0.0415159 0.137738 0.126786 0.0232707 0.0211995 0.00708917 0.00277781 0.000831462 0.000204222 3.70206e-05 4.94942e-06 4.21786e-07 1.9465e-08 3.66499e-10
 2.5684e-27 2.60202e-27 4.45909e-26 8.86663e-20 2.17355e-14 6.44061e-10 2.30692e-06 0.000998808 0.052274 0.3307 0.253181 0.0418363 0.140562 0.129325 0.0225243 0.0188515 0.0062785 0.00244119 0.000770067 0.000210294 3.9165e-05 5.23835e-06 4.30377e-07 1.91339e-08 3.63916e-10
 2.56892e-27 2.60343e-27 4.5838e-26 9.12973e-20 2.23804e-14 6.63172e-10 2.37537e-06 0.00102845 0.0538251 0.340512 0.260669 0.041483 0.132612 0.121993 0.0212947 0.0178817 0.00581183 0.00203644 0.000633351 0.000175081 3.58594e-05 5.10868e-06 4.22434e-07 1.81716e-08 3.34621e-10
 2.56956e-27 2.60514e-27 4.73334e-26 9.44518e-20 2.31537e-14 6.86086e-10 2.45745e-06 0.00106398 0.0556849 0.352278 0.269648 0.0411997 0.124148 0.114146 0.0192592 0.0152109 0.00494371 0.00173583 0.000517141 0.000131313 2.67913e-05 4.09476e-06 3.66913e-07 1.59936e-08 2.86145e-10
 2.56975e-27 2.60564e-27 4.77512e-26 9.53332e-20 2.33698e-14 6.92488e-10 2.48038e-06 0.00107391 0.0562045 0.355565 0.27216 0.0412937 0.123098 0.113132 0.0182404 0.013135 0.00419631 0.00136995 0.000405494 0.000101602 1.91883e-05 2.83177e-06 2.68883e-07 1.26742e-08 2.3087e-10
 2.56966e-27 2.60539e-27 4.75225e-26 9.48505e-20 2.32515e-14 6.88982e-10 2.46782e-06 0.00106847 0.0559199 0.353765 0.270787 0.0414093 0.124942 0.114826 0.01842 0.0131125 0.00410403 0.00120304 0.00034195 8.07448e-05 1.50261e-05 2.09121e-06 1.89363e-07 9.36848e-09 1.83003e-10
 2.56993e-27 2.60613e-27 4.8178e-26 9.62334e-20 2.35905e-14 6.99027e-10 2.5038e-06 0.00108405 0.0567352 0.358923 0.274722 0.0411909 0.120516 0.110748 0.0178088 0.0127444 0.00398028 0.00114991 0.000314298 6.72413e-05 1.1739e-05 1.57107e-06 1.34972e-07 6.39712e-09 1.30087e-10
 2.57045e-27 2.60754e-27 4.94229e-26 9.88597e-20 2.42343e-14 7.18104e-10 2.57213e-06 0.00111363 0.0582836 0.368718 0.282196 0.0408599 0.112746 0.103568 0.0163657 0.0112597 0.00351762 0.00102213 0.000278326 5.81177e-05 9.35978e-06 1.14627e-06 9.30809e-08 4.18007e-09 8.21509e-11
 2.57057e-27 2.60784e-27 4.96642e-26 9.93686e-20 2.4359e-14 7.21801e-10 2.58537e-06 0.00111937 0.0585836 0.370616 0.283647 0.0409783 0.112627 0.103415 0.0155553 0.00944685 0.00292106 0.000812206 0.000220326 4.61569e-05 7.31771e-06 8.39164e-07 6.16366e-08 2.58338e-09 4.80705e-11
 2.57003e-27 2.60637e-27 4.83644e-26 9.66266e-20 2.36869e-14 7.01884e-10 2.51403e-06 0.00108848 0.0569671 0.360389 0.275845 0.0413698 0.121089 0.111226 0.0169855 0.0107388 0.00325373 0.00078946 0.000207049 4.18113e-05 6.61135e-06 7.50159e-07 5.18439e-08 1.96489e-09 3.38727e-11
 2.57009e-27 2.60652e-27 4.85026e-26 9.69182e-20 2.37583e-14 7.04001e-10 2.52161e-06 0.00109176 0.0571389 0.361476 0.276673 0.0412813 0.119833 0.110078 0.0169696 0.010993 0.00335403 0.000848304 0.000215124 3.85102e-05 5.80689e-06 6.4565e-07 4.4072e-08 1.57374e-09 2.46194e-11
 2.56933e-27 2.60447e-27 4.66846e-26 9.30828e-20 2.28181e-14 6.76142e-10 2.42183e-06 0.00104856 0.0548778 0.347172 0.265759 0.04183 0.131676 0.121005 0.0188727 0.0125839 0.00385732 0.00100213 0.000258179 4.73189e-05 6.57507e-06 6.67477e-07 4.40612e-08 1.54292e-09 2.27557e-11
 2.56775e-27 2.60017e-27 4.28705e-26 8.50368e-20 2.08457e-14 6.17696e-10 2.21248e-06 0.000957921 0.0501342 0.317163 0.242864 0.0430491 0.15704 0.144391 0.0226615 0.0153402 0.00472733 0.00126795 0.00033067 6.22312e-05 8.84798e-06 8.64149e-07 5.15201e-08 1.71806e-09 2.46604e-11
#obs catch len freq
 1.63422e-41 2.26818e-33 3.80535e-26 7.71717e-20 1.89177e-14 5.60567e-10 2.00786e-06 0.000869334 0.0454975 0.287831 0.220527 0.0443384 0.16539 0.140551 0.0433048 0.0350906 0.0115732 0.00401387 0.000886351 0.000118218 6.92701e-06 1.28964e-07 5.64044e-10 4.63285e-13 6.17386e-17
 1.64697e-41 2.28589e-33 3.83506e-26 7.77742e-20 1.90654e-14 5.64943e-10 2.02354e-06 0.000876121 0.0458527 0.290078 0.222306 0.046367 0.168103 0.135342 0.0432121 0.0330737 0.0105717 0.00343399 0.000697117 8.15571e-05 3.96201e-06 5.74323e-08 1.86859e-10 1.11271e-13 1.06078e-17
 1.91476e-41 2.65756e-33 4.45861e-26 9.04197e-20 2.21653e-14 6.56799e-10 2.35255e-06 0.00101857 0.053308 0.337242 0.258326 0.0457955 0.134203 0.10204 0.033614 0.0241312 0.00755055 0.00229747 0.000426253 4.33286e-05 1.73053e-06 1.95283e-08 4.73682e-11 2.04587e-14 1.3937e-18
 1.94904e-41 2.70514e-33 4.53843e-26 9.20385e-20 2.25622e-14 6.68558e-10 2.39467e-06 0.00103681 0.0542624 0.34328 0.263031 0.0489603 0.141356 0.100088 0.02597 0.0156552 0.00475627 0.00135154 0.000229448 2.01186e-05 6.54524e-07 5.7217e-09 1.0361e-11 3.25765e-15 1.59002e-19
 1.98495e-41 2.75498e-33 4.62205e-26 9.37341e-20 2.29778e-14 6.80875e-10 2.43878e-06 0.00105591 0.0552621 0.349605 0.267934 0.0507214 0.139041 0.0926131 0.0254877 0.0140812 0.00328878 0.000779397 0.000119652 9.02497e-06 2.37721e-07 1.6005e-09 2.15901e-12 4.95005e-16 1.73744e-20
 1.78973e-41 2.48403e-33 4.16747e-26 8.45154e-20 2.0718e-14 6.13911e-10 2.19893e-06 0.000952061 0.0498271 0.315222 0.24191 0.057554 0.175467 0.109503 0.0300399 0.0152932 0.00347548 0.000671911 7.77215e-05 4.83735e-06 1.02619e-07 5.30518e-10 5.31786e-13 8.88383e-17 2.245e-21
 1.48409e-41 2.05981e-33 3.45577e-26 7.00823e-20 1.71798e-14 5.0907e-10 1.82341e-06 0.000789472 0.0413178 0.261392 0.201135 0.0661378 0.220118 0.131275 0.0477787 0.0239498 0.00512056 0.000896088 8.40314e-05 3.77445e-06 6.05239e-08 2.38041e-10 1.77164e-13 2.15586e-17 3.92232e-22
 2.1095e-41 2.92785e-33 4.91207e-26 9.96159e-20 2.44197e-14 7.23599e-10 2.59181e-06 0.00112217 0.0587297 0.371543 0.28485 0.0520572 0.11061 0.0645801 0.0339352 0.0173463 0.00441817 0.000743518 6.0119e-05 2.06863e-06 2.31557e-08 6.48052e-11 3.51362e-14 3.10735e-18 4.07289e-23
 2.02209e-41 2.80653e-33 4.70854e-26 9.54882e-20 2.34078e-14 6.93616e-10 2.48442e-06 0.00107567 0.0562962 0.356149 0.27349 0.0624583 0.147365 0.0740709 0.0179659 0.00799552 0.00260908 0.000481661 3.85828e-05 1.09233e-06 8.95923e-09 1.71722e-11 6.38809e-15 3.97113e-19 3.70731e-24
 2.0552e-41 2.85248e-33 4.78563e-26 9.70516e-20 2.37911e-14 7.04973e-10 2.5251e-06 0.00109328 0.0572179 0.361981 0.278085 0.064019 0.140082 0.0673821 0.0211777 0.00740788 0.00129247 0.000237494 2.07388e-05 5.49569e-07 3.60718e-09 4.98542e-12 1.26934e-15 5.33524e-20 3.40633e-25
 1.78281e-41 2.47442e-33 4.15135e-26 8.41885e-20 2.06378e-14 6.11537e-10 2.19042e-06 0.000948378 0.0496343 0.314009 0.24219 0.0793973 0.191572 0.0857904 0.0260417 0.00869103 0.00153739 0.000173564 1.17725e-05 3.0404e-07 1.77007e-09 1.9329e-12 3.58234e-16 1.04665e-20 4.54913e-26
 2.0635e-41 2.864e-33 4.80496e-26 9.74436e-20 2.38871e-14 7.0782e-10 2.53529e-06 0.0010977 0.057449 0.363446 0.27963 0.0689025 0.133169 0.0600056 0.0264257 0.00834848 0.00137571 0.000140399 6.46833e-06 1.17958e-07 5.85666e-10 5.40469e-13 7.9086e-17 1.71973e-21 5.3402e-27
 1.90357e-41 2.64202e-33 4.43254e-26 8.98911e-20 2.20357e-14 6.52959e-10 2.33879e-06 0.00101262 0.0529964 0.335283 0.259005 0.0844612 0.171111 0.0672463 0.0207874 0.00664567 0.00132099 0.000123426 4.71104e-06 5.91239e-08 1.9784e-10 1.38872e-13 1.62242e-17 2.77083e-22 6.53637e-28
 1.97915e-41 2.74694e-33 4.60856e-26 9.34606e-20 2.29108e-14 6.78888e-10 2.43167e-06 0.00105283 0.0551008 0.348599 0.269339 0.0833931 0.151647 0.0600214 0.0236734 0.00611734 0.000957341 9.38289e-05 3.33604e-06 3.28748e-08 7.61673e-11 3.53682e-14 2.87944e-18 3.64064e-23 6.52829e-29
 1.6866e-41 2.34089e-33 3.92733e-26 7.96455e-20 1.95241e-14 5.78536e-10 2.07222e-06 0.000897201 0.0469559 0.297084 0.231675 0.108155 0.205147 0.0749159 0.0268807 0.00709155 0.00110778 8.41129e-05 2.66552e-06 2.32004e-08 4.17601e-11 1.36881e-14 7.47078e-19 6.31586e-24 7.80025e-30
 1.54002e-41 2.13744e-33 3.58601e-26 7.27235e-20 1.78273e-14 5.28256e-10 1.89213e-06 0.000819225 0.042875 0.271278 0.213038 0.117954 0.213437 0.0870739 0.0419715 0.00999907 0.00144714 0.000102754 2.58293e-06 1.80279e-08 2.67277e-11 6.82573e-15 2.71464e-19 1.59522e-24 1.33444e-30
 1.78033e-41 2.47098e-33 4.14558e-26 8.40715e-20 2.06091e-14 6.10686e-10 2.18738e-06 0.000947059 0.0495654 0.313604 0.245026 0.105915 0.165827 0.0703165 0.0368071 0.0102969 0.00159282 9.93763e-05 2.13855e-06 1.16715e-08 1.30932e-11 2.58066e-15 7.89896e-20 3.47343e-25 2.10389e-31
 1.75196e-41 2.4316e-33 4.07951e-26 8.27317e-20 2.02807e-14 6.00954e-10 2.15252e-06 0.000931967 0.0487755 0.308624 0.242835 0.121456 0.17849 0.0632029 0.0265733 0.00770989 0.00131352 8.45629e-05 1.57127e-06 6.88751e-09 5.91136e-12 8.60353e-16 1.93885e-20 6.33698e-26 2.86002e-32
 1.75826e-41 2.44035e-33 4.09419e-26 8.30293e-20 2.03537e-14 6.03116e-10 2.16026e-06 0.00093532 0.048951 0.30975 0.244793 0.126812 0.172089 0.0635625 0.0261859 0.00594153 0.000916596 5.99702e-05 1.05906e-06 3.90666e-09 2.61179e-12 2.85953e-16 4.73424e-21 1.12043e-26 3.65005e-33
 1.72923e-41 2.40006e-33 4.0266e-26 8.16586e-20 2.00176e-14 5.93159e-10 2.1246e-06 0.000919879 0.0481429 0.304664 0.24266 0.137695 0.17366 0.0620111 0.0242598 0.0052874 0.000661439 3.60488e-05 5.79024e-07 1.88517e-09 1.03592e-12 8.77983e-17 1.08674e-21 1.88773e-27 4.46042e-34
 1.8215e-41 2.52812e-33 4.24144e-26 8.60156e-20 2.10857e-14 6.24808e-10 2.23796e-06 0.00096896 0.0507117 0.320932 0.255777 0.135234 0.154217 0.0562344 0.0211667 0.00426233 0.000473593 2.05078e-05 2.585e-07 6.95547e-10 3.16851e-13 2.16045e-17 2.07528e-22 2.71532e-28 4.73452e-35
 1.77697e-41 2.46632e-33 4.13777e-26 8.39131e-20 2.05703e-14 6.09536e-10 2.18326e-06 0.000945276 0.0494722 0.313136 0.252417 0.149545 0.158642 0.0535848 0.0183674 0.00352911 0.000346956 1.23966e-05 1.19336e-07 2.40484e-10 8.42099e-14 4.495e-18 3.37569e-23 3.40929e-29 4.51358e-36
 1.80327e-41 2.50282e-33 4.19901e-26 8.5155e-20 2.08747e-14 6.18557e-10 2.21557e-06 0.000959265 0.0502045 0.317809 0.257685 0.152801 0.149334 0.0517282 0.0164646 0.00276594 0.000238541 7.10623e-06 5.33087e-08 7.97396e-11 2.03155e-14 7.94145e-19 4.43442e-24 3.36717e-30 3.36448e-37
 1.79029e-41 2.4848e-33 4.16877e-26 8.45419e-20 2.07244e-14 6.14103e-10 2.19962e-06 0.000952359 0.0498431 0.315586 0.258659 0.161654 0.146358 0.0495992 0.0148595 0.00231487 0.0001676 4.05893e-06 2.39309e-08 2.69874e-11 5.02925e-15 1.41376e-19 5.64884e-25 3.08083e-31 2.22824e-38
 1.81548e-41 2.51977e-33 4.22744e-26 8.57316e-20 2.10161e-14 6.22746e-10 2.23057e-06 0.000965761 0.0505448 0.320091 0.264321 0.164742 0.137733 0.0466517 0.0129835 0.00184667 0.000115481 2.23715e-06 1.01355e-08 8.62209e-12 1.18874e-15 2.42972e-20 6.97149e-26 2.70949e-32 1.39158e-39
 1.76298e-41 2.4469e-33 4.10519e-26 8.32524e-20 2.04083e-14 6.04736e-10 2.16607e-06 0.000937832 0.0490834 0.310965 0.261726 0.179217 0.139782 0.0451644 0.0115483 0.00149285 7.9808e-05 1.25065e-06 4.34324e-09 2.74673e-12 2.78211e-16 4.14796e-21 8.618e-27 2.40816e-33 8.8397e-41
 1.6733e-41 2.32243e-33 3.89636e-26 7.90174e-20 1.93702e-14 5.73974e-10 2.05588e-06 0.000890126 0.0465872 0.295334 0.255092 0.194836 0.145336 0.0489439 0.0115924 0.00132522 6.00138e-05 7.56818e-07 2.02611e-09 9.56707e-13 7.08645e-17 7.64691e-22 1.14498e-27 2.30062e-34 6.05935e-42
 1.66937e-41 2.31697e-33 3.8872e-26 7.88317e-20 1.93247e-14 5.72625e-10 2.05105e-06 0.000888034 0.0464783 0.294793 0.258145 0.197156 0.140096 0.0497462 0.0114534 0.00119743 4.52078e-05 4.53445e-07 9.32896e-10 3.299e-13 1.79716e-17 1.40803e-22 1.51758e-28 2.18383e-35 4.10884e-43
 1.70354e-41 2.36439e-33 3.96676e-26 8.04451e-20 1.97202e-14 5.84345e-10 2.09303e-06 0.00090621 0.0474295 0.300786 0.261696 0.192295 0.136741 0.0478692 0.0110847 0.00115056 3.99415e-05 3.456e-07 5.95036e-10 1.7372e-13 7.74004e-18 4.92361e-23 4.28426e-29 4.95527e-36 7.4679e-44
#spawning biomass
 7551.06 6766.05 7761.3 10482 14292.5 16589 16524.3 20541.6 32018.9 44071.2 57029.2 76358 103016 125742 129920 108377 102954 97239 93028.1 95376.8 98387.6 102549 106728 116364 119804 128510 121644 115535 95998.9 252021 349437 360815 335680 293723 248687 207946 174373 148276 128774 114601 104507 97422.2 92492 89066.4 86712 85139.6 84089.5 83388.2 82919.9 82607.1 82398.2 82258.7 82165.5 82103.3 82061.8 82034 82015.5 82003.1 81994.9 81989.3 81985.7 81983.2 81981.5 81980.4 81979.7 81979.2 81978.9 81978.7 81978.5 81978.4 81978.4 81978.3 81978.3 81978.3 81978.3 81978.3 81978.3 81978.2 81978.2 81978.2 81978.2 81978.2 81978.2 81978.2 81978.2 81978.2 81978.2 81978.2 81978.2 81978.2 81978.2 81978.2 81978.2 81978.2 81978.2 81978.2 81978.2 81978.2 81978.2 81978.2 81978.2 81978.2 81978.2 81978.2 81978.2 81978.2 81978.2 81978.2 81978.2 81978.2 81978.2 81978.2 81978.2 81978.2 81978.2 81978.2 81978.2 81978.2 81978.2 81978.2 81978.2 81978.2 81978.2 81978.2 81978.2 81978.2 81978.2 81978.2 81978.2 0 0 0 0 0 0 0 0 0 0 0 0 0 0 0 0 0 0 0 0 0 0 0 0 0
