SBPRF35
0.256306
Curr Bio
297517
B35
413512
F35
0.386986
FOFL
0.318839
OFL
111607
Bzero
73230.3
#pred survey bio
 90311 78074.2 57372.5 44985.5 66798.9 109036 166376 214543 252069 281198 309052 306127 320989 341161 373590 364997 335124 392306 414919 431031 428029 406856 408557 398161 430652 428324 430729 474861 1.82893e+07 9.93692e+06 7.02507e+06 4.5435e+06 2.90271e+06 1.93516e+06 1.39631e+06 1.10371e+06 945528 859137 810983 783416 767168 757313 751177 747268 744752 743109 742026 741305 740824 740501 740284 740137 740039 739972 739927 739896 739876 739862 739852 739846 739842 739839 739837 739835 739835 739834 739833 739833 739833 739833 739833 739833 739833 739833 739833 739833 739833 739833 739833 739833 739833 739833 739833 739833 739833 739833 739833 739833 739833 739833 739833 739833 739833 739833 739833 739833 739833 739833 739833 739833 739833 739833 739833 739833 739833 739833 739833 739833 739833 739833 739833 739833 739833 739833 739833 739833 739833 739833 739833 739833 739833 739833 739833 739833 739833 739833 739833 739833 0 0 0 0 0 0 0 0 0 0 0 0 0 0 0 0 0 0 0 0 0 0 0 0 0
#obs survey bio
 84936.6 50733.2 51011.5 46126.3 77367.5 151123 159311 233472 216234 292980 397781 443180 281608 321730 254296 415482 242166 332703 420853 483921 559148 381299 435243 315882 489353 407440 372869 466465
#pred catch bio
 17912.1 17089.4 13546.3 11334.5 15159 24923.7 50157 73396.3 94098.6 109071 134122 130846 147531 146696 180788 193645 152971 180958 176373 197899 207129 180892 190711 171613 199517 199577 186392 192119 111607 122233 84537.5 52435.3 31917.5 20357.3 14291.5 11246 9759.92 9048.42 8712.09 8554.49 8481.08 8447.03 8431.27 8423.99 8420.65 8419.11 8418.41 8418.08 8417.93 8417.86 8417.83 8417.82 8417.81 8417.81 8417.81 8417.81 8417.81 8417.81 8417.81 8417.81 8417.81 8417.81 8417.81 8417.81 8417.81 8417.81 8417.81 8417.81 8417.81 8417.81 8417.81 8417.81 8417.81 8417.81 8417.81 8417.81 8417.81 8417.81 8417.81 8417.81 8417.81 8417.81 8417.81 8417.81 8417.81 8417.81 8417.81 8417.81 8417.81 8417.81 8417.81 8417.81 8417.81 8417.81 8417.81 8417.81 8417.81 8417.81 8417.81 8417.81 8417.81 8417.81 8417.81 8417.81 8417.81 8417.81 8417.81 8417.81 8417.81 8417.81 8417.81 8417.81 8417.81 8417.81 8417.81 8417.81 8417.81 8417.81 8417.81 8417.81 8417.81 8417.81 8417.81 8417.81 8417.81 8417.81 8417.81 8417.81 0 0 0 0 0 0 0 0 0 0 0 0 0 0 0 0 0 0 0 0 0 0 0 0 0
#obs catch bio
 14997 17904.9 14568 11998.4 15489.5 23797.8 46768.9 68596.2 92195 105202 130751 121629 148669 143654 192796 198244 166034 188440 180257 205213 199608 174955 181789 174155 198200 194317 186451 191316
#pred cpue bio
 86674.3 76050.5 56678.6 43420.1 60404.7 99907.1 153434 198579 233556 260243 285689 283293 295733 312123 343536 335012 306103 356858 380870 398681 393903 374253 377236 366560 395818 394282 395728 435753 1.68878e+07 9.73849e+06 6.97674e+06 4.50806e+06 2.86817e+06 1.90068e+06 1.36184e+06 1.06924e+06 911059 824668 776513 748947 732699 722844 716707 712799 710283 708640 707556 706836 706354 706031 705814 705668 705569 705502 705457 705427 705406 705392 705383 705376 705372 705369 705367 705366 705365 705364 705364 705364 705363 705363 705363 705363 705363 705363 705363 705363 705363 705363 705363 705363 705363 705363 705363 705363 705363 705363 705363 705363 705363 705363 705363 705363 705363 705363 705363 705363 705363 705363 705363 705363 705363 705363 705363 705363 705363 705363 705363 705363 705363 705363 705363 705363 705363 705363 705363 705363 705363 705363 705363 705363 705363 705363 705363 705363 705363 705363 705363 705363 0 0 0 0 0 0 0 0 0 0 0 0 0 0 0 0 0 0 0 0 0 0 0 0 0
#obs cpue bio
 56475.9 66741.6 28826.9 50352.9 60422.6 171069 249813 207092 217635 304872 242715 297531 246664 377446 304411 331710 212976 465765 336729 307290 475046 420236 473324 319501 419256 492570 400418 460589
#pred surv len freq
 2.65144e-11 1.24711e-09 4.06176e-08 9.16029e-07 1.43051e-05 0.00015469 0.00115833 0.00600659 0.0215764 0.0537516 0.0932925 0.114819 0.10671 0.0886407 0.0808634 0.0788447 0.0722248 0.0622457 0.0528717 0.0443737 0.0367744 0.0305045 0.0248791 0.0186105 0.0116825
 1.55605e-11 7.31891e-10 2.38372e-08 5.37589e-07 8.39526e-06 9.07842e-05 0.000679827 0.00352593 0.0126746 0.0316647 0.0555689 0.0712681 0.075439 0.081591 0.0959523 0.105011 0.0992895 0.0860502 0.0730711 0.0608541 0.0489888 0.0382081 0.0286393 0.0197531 0.0116709
 6.96161e-12 3.27441e-10 1.06645e-08 2.40512e-07 3.75597e-06 4.06166e-05 0.000304168 0.00157787 0.00567632 0.0142241 0.0252567 0.0337787 0.0401367 0.0520593 0.071819 0.0915344 0.105747 0.113905 0.112658 0.100305 0.0815705 0.0619406 0.043865 0.028115 0.0154819
 2.99955e-11 1.41084e-09 4.59503e-08 1.03629e-06 1.61832e-05 0.000174998 0.00131036 0.00679426 0.0243959 0.0606786 0.104652 0.125684 0.106901 0.0688187 0.0417116 0.0344379 0.0405362 0.0526906 0.0644902 0.0700789 0.0663703 0.0545771 0.0390272 0.0241101 0.0125428
 4.7111e-11 2.21587e-09 7.21696e-08 1.6276e-06 2.54174e-05 0.000274852 0.00205805 0.0106711 0.0383165 0.0953036 0.164376 0.197426 0.167841 0.107069 0.0601176 0.0365533 0.0239988 0.0160173 0.0129658 0.0137828 0.0152334 0.0147053 0.0117279 0.0075946 0.00394015
 3.82567e-11 1.79941e-09 5.86058e-08 1.32171e-06 2.06403e-05 0.000223196 0.00167129 0.00866635 0.0311268 0.077507 0.13427 0.164054 0.148552 0.114872 0.0931353 0.0790456 0.058641 0.0352838 0.0185126 0.010165 0.00711076 0.00616212 0.00524077 0.00370301 0.00203558
 3.72877e-11 1.75384e-09 5.71213e-08 1.28823e-06 2.01175e-05 0.000217543 0.00162895 0.00844671 0.0303366 0.0755263 0.13075 0.15934 0.143006 0.108203 0.0860553 0.0753165 0.0626658 0.0467357 0.031591 0.0189757 0.0100445 0.00517784 0.00301956 0.00189265 0.00104931
 3.63697e-11 1.71066e-09 5.5715e-08 1.25651e-06 1.96223e-05 0.000212187 0.00158885 0.00823882 0.0295905 0.0736746 0.127584 0.155665 0.140291 0.107336 0.0866462 0.076163 0.0629879 0.0471866 0.0335879 0.0226671 0.0137495 0.00725636 0.00339788 0.00150551 0.000650293
 3.62613e-11 1.70556e-09 5.55489e-08 1.25277e-06 1.95638e-05 0.000211555 0.00158411 0.00821424 0.0295022 0.0734536 0.127194 0.155159 0.139738 0.106721 0.0859659 0.0755896 0.0627382 0.0472651 0.033893 0.0232791 0.014746 0.00832559 0.00407917 0.00170689 0.000613087
 3.67104e-11 1.72668e-09 5.62369e-08 1.26828e-06 1.98061e-05 0.000214175 0.00160373 0.00831595 0.0298671 0.0743589 0.128739 0.156934 0.140986 0.106925 0.085188 0.0742728 0.0613184 0.0459907 0.0329051 0.0226719 0.014531 0.00840405 0.00426398 0.00183643 0.000652741
 3.69895e-11 1.73981e-09 5.66644e-08 1.27792e-06 1.99566e-05 0.000215803 0.00161592 0.00837916 0.0300941 0.0749231 0.12971 0.158092 0.141937 0.107448 0.0853086 0.0740506 0.0607422 0.0451035 0.0318995 0.0217907 0.0139246 0.0080903 0.00416092 0.00182929 0.000663012
 3.64225e-11 1.71314e-09 5.57958e-08 1.25833e-06 1.96507e-05 0.000212495 0.00159116 0.00825077 0.0296336 0.0737826 0.127777 0.155928 0.140616 0.107749 0.0871022 0.0764019 0.0626506 0.0461638 0.032257 0.0217431 0.0137221 0.0079002 0.00405188 0.00179009 0.000656024
 3.80787e-11 1.79104e-09 5.8333e-08 1.31555e-06 2.05443e-05 0.000222157 0.0016635 0.00862581 0.030979 0.0771177 0.13345 0.16237 0.144877 0.107777 0.0832797 0.071035 0.0580626 0.0431954 0.0305014 0.0206061 0.0129138 0.00734691 0.00372456 0.00163305 0.000597345
 3.99207e-11 1.87768e-09 6.11547e-08 1.37919e-06 2.15381e-05 0.000232904 0.00174397 0.00904297 0.0324762 0.0808346 0.139813 0.169786 0.150437 0.109617 0.0816518 0.0672891 0.0533623 0.0382952 0.026124 0.0173315 0.0108266 0.00615931 0.00310951 0.00135236 0.000490508
 3.77919e-11 1.77755e-09 5.78936e-08 1.30564e-06 2.03895e-05 0.000220484 0.00165098 0.00856094 0.0307471 0.0765511 0.132543 0.161609 0.145293 0.11034 0.0877599 0.0754785 0.060152 0.0422911 0.0278199 0.0177158 0.0106691 0.00591071 0.00293985 0.00126901 0.000457735
 3.87455e-11 1.8224e-09 5.93545e-08 1.33859e-06 2.0904e-05 0.000226048 0.00169263 0.00877686 0.0315214 0.0784668 0.135777 0.165167 0.147259 0.109284 0.0840203 0.0711368 0.0574131 0.0417147 0.028382 0.0182581 0.0107896 0.00576546 0.00276106 0.00115701 0.000409335
 4.00484e-11 1.88369e-09 6.13505e-08 1.38361e-06 2.1607e-05 0.000233649 0.00174955 0.00907193 0.0325804 0.0810955 0.140275 0.170397 0.151137 0.110454 0.0826326 0.0681546 0.0537232 0.0379949 0.0253137 0.0162714 0.00975324 0.00526414 0.00250134 0.00102316 0.000351284
 4.11039e-11 1.93333e-09 6.29673e-08 1.42007e-06 2.21764e-05 0.000239807 0.00179566 0.00931095 0.0334381 0.0832236 0.14391 0.174594 0.154152 0.111139 0.0811896 0.0656464 0.0511173 0.0356708 0.0233056 0.0146428 0.008611 0.00460382 0.00218639 0.000894452 0.000304882
 3.79346e-11 1.78426e-09 5.81123e-08 1.31058e-06 2.04666e-05 0.000221317 0.00165722 0.0085933 0.0308636 0.0768431 0.133062 0.162307 0.146128 0.11139 0.0890188 0.0765683 0.0605385 0.041795 0.0267112 0.0163905 0.0094235 0.00492833 0.00229662 0.000927635 0.000313901
 3.60711e-11 1.69661e-09 5.52576e-08 1.2462e-06 1.94612e-05 0.000210445 0.00157581 0.00817123 0.0293484 0.0730778 0.126591 0.154648 0.14 0.108425 0.089088 0.0790913 0.0652415 0.0479904 0.0328338 0.0209804 0.0121265 0.00624122 0.00284173 0.00112231 0.000372826
 3.83794e-11 1.80518e-09 5.87937e-08 1.32594e-06 2.07065e-05 0.000223912 0.00167664 0.00869391 0.0312234 0.0777232 0.13448 0.163538 0.14565 0.107786 0.082621 0.070187 0.0575147 0.0430961 0.0306357 0.0206347 0.0126319 0.00681561 0.00317847 0.0012557 0.000411428
 3.80286e-11 1.78868e-09 5.82562e-08 1.31382e-06 2.05172e-05 0.000221865 0.00166132 0.00861452 0.0309391 0.0770243 0.13333 0.162416 0.145531 0.109506 0.0859228 0.0733966 0.0587493 0.0419946 0.0284657 0.018835 0.011744 0.00660812 0.00323659 0.00133332 0.000448468
 3.67972e-11 1.73077e-09 5.63699e-08 1.27128e-06 1.98529e-05 0.000214681 0.00160753 0.00833566 0.0299384 0.0745414 0.129089 0.157522 0.142025 0.10876 0.0877888 0.076782 0.0625641 0.0454673 0.0309953 0.0201744 0.0122165 0.00674252 0.00331983 0.00140478 0.000489762
 3.80843e-11 1.7913e-09 5.83415e-08 1.31575e-06 2.05473e-05 0.00022219 0.00166375 0.00862709 0.0309838 0.077131 0.133483 0.162459 0.145113 0.108278 0.0840413 0.0718225 0.0585607 0.0432632 0.0301962 0.0200509 0.0122463 0.00672276 0.00326572 0.00136896 0.000478905
 3.84374e-11 1.80791e-09 5.88825e-08 1.32795e-06 2.07378e-05 0.00022425 0.00167917 0.00870708 0.031271 0.0778457 0.134718 0.163951 0.146406 0.109125 0.0844245 0.071626 0.0575916 0.0416693 0.0285662 0.0189225 0.0117013 0.00653018 0.00320518 0.00134514 0.000468674
 3.77453e-11 1.77536e-09 5.78222e-08 1.30404e-06 2.03644e-05 0.000220212 0.00164894 0.00855036 0.0307089 0.0764532 0.132355 0.161296 0.144746 0.109391 0.0864712 0.0743843 0.0599136 0.0430445 0.0290859 0.018912 0.0115028 0.00636863 0.00313399 0.0013262 0.000465542
 3.85238e-11 1.81198e-09 5.90149e-08 1.33093e-06 2.07844e-05 0.000224754 0.00168295 0.00872665 0.0313412 0.0780195 0.135013 0.16428 0.146606 0.10909 0.0842198 0.0714806 0.0577015 0.0419536 0.0287127 0.0187407 0.0113134 0.00617523 0.00299696 0.00125797 0.000441033
 3.88087e-11 1.82538e-09 5.94513e-08 1.34078e-06 2.09381e-05 0.000226417 0.0016954 0.00879118 0.0315729 0.0785952 0.136002 0.165452 0.147546 0.109548 0.084203 0.0710545 0.0568976 0.0409196 0.027763 0.0181173 0.0110032 0.00603217 0.00292006 0.00121548 0.000422094
#obs surv len freq
 2.62874e-11 1.23643e-09 4.02697e-08 9.08185e-07 1.41826e-05 0.000153365 0.0011484 0.0059551 0.021391 0.0532848 0.0924495 0.113629 0.105125 0.0864032 0.0780447 0.0764892 0.0718787 0.0647998 0.0580831 0.0509807 0.0426058 0.0331425 0.0232492 0.0141038 0.00706816
 5.12282e-12 2.40953e-10 7.84768e-09 1.76986e-07 2.76394e-06 2.98902e-05 0.000223877 0.00116214 0.00419181 0.010613 0.0195831 0.0295782 0.0450034 0.0733556 0.107665 0.12627 0.120888 0.105001 0.0906528 0.0783685 0.0657083 0.0516768 0.0366011 0.0222829 0.0111408
 1.64373e-14 7.73147e-13 2.5183e-11 5.68128e-10 8.88383e-09 9.6568e-08 7.38028e-07 4.1346e-06 1.92427e-05 9.14333e-05 0.000458388 0.00200758 0.00675878 0.0173117 0.0358179 0.064474 0.102474 0.137622 0.152088 0.142277 0.119422 0.0929593 0.0657807 0.0402361 0.0201962
 5.21341e-11 2.45214e-09 7.98645e-08 1.80115e-06 2.81274e-05 0.000304157 0.00227746 0.0118084 0.0423953 0.105397 0.181438 0.21628 0.178535 0.102128 0.040801 0.0124877 0.00586157 0.00820189 0.0133787 0.0179411 0.0193406 0.0170803 0.0126126 0.00778497 0.00391584
 3.48244e-11 1.63797e-09 5.33476e-08 1.20312e-06 1.87885e-05 0.000203172 0.00152136 0.00788924 0.0283405 0.0706147 0.122644 0.151325 0.141725 0.119187 0.107201 0.0947668 0.067476 0.0354279 0.0147593 0.00769163 0.00738423 0.00786992 0.00685487 0.00465386 0.00244437
 4.0553e-11 1.90742e-09 6.21233e-08 1.40104e-06 2.18792e-05 0.000236593 0.00177158 0.00918607 0.0329889 0.0820963 0.1419 0.171873 0.150873 0.107101 0.0769284 0.0636245 0.0539024 0.0422977 0.0294136 0.0171615 0.00847243 0.00432034 0.00280971 0.00192859 0.0010901
 3.79486e-11 1.78492e-09 5.81336e-08 1.31106e-06 2.04741e-05 0.000221399 0.00165782 0.00859642 0.0308746 0.0768667 0.133079 0.162217 0.145687 0.110291 0.0872024 0.0744745 0.0589478 0.0414628 0.0279333 0.0185421 0.0113183 0.00597377 0.00278829 0.00126719 0.000577135
 3.80608e-11 1.79019e-09 5.83055e-08 1.31494e-06 2.05346e-05 0.000222053 0.00166272 0.00862177 0.0309649 0.0770846 0.133409 0.162397 0.14515 0.108506 0.0844775 0.072363 0.0590151 0.0434251 0.029966 0.0195758 0.0118049 0.00644232 0.00311176 0.0013035 0.000475249
 3.60271e-11 1.69454e-09 5.51901e-08 1.24468e-06 1.94374e-05 0.000210188 0.00157389 0.00816124 0.0293126 0.0729879 0.126432 0.154438 0.139754 0.108096 0.0885679 0.0782792 0.064184 0.0470733 0.0326535 0.0217574 0.013424 0.0074302 0.0036117 0.001506 0.000526428
 3.75091e-11 1.76425e-09 5.74603e-08 1.29588e-06 2.0237e-05 0.000218834 0.00163862 0.0084968 0.0305161 0.0759678 0.131479 0.160062 0.143113 0.10711 0.0836481 0.072101 0.0595596 0.0449037 0.0321114 0.0218236 0.0136362 0.00765566 0.00378242 0.00159643 0.000557989
 3.73893e-11 1.75861e-09 5.72769e-08 1.29174e-06 2.01724e-05 0.000218136 0.00163339 0.00846972 0.0304193 0.0757311 0.131099 0.159739 0.143267 0.10812 0.085353 0.0735872 0.0598279 0.0438934 0.0307152 0.0208796 0.0132917 0.00764083 0.00385349 0.00165343 0.000585155
 3.5948e-11 1.69082e-09 5.50689e-08 1.24194e-06 1.93948e-05 0.000209727 0.00157043 0.00814333 0.0292482 0.072827 0.12615 0.154075 0.139372 0.107696 0.0881545 0.0779712 0.0641305 0.0472598 0.0329338 0.0220768 0.0138378 0.00791157 0.00402379 0.0017559 0.000632783
 4.11505e-11 1.93552e-09 6.30387e-08 1.42168e-06 2.22016e-05 0.000240079 0.00179769 0.00932143 0.033475 0.0833064 0.143993 0.174416 0.153101 0.10853 0.0771806 0.061844 0.0495064 0.0368189 0.0261446 0.0177477 0.0111415 0.00632724 0.00319175 0.00138899 0.000503146
 3.78924e-11 1.78228e-09 5.80475e-08 1.30912e-06 2.04438e-05 0.000221071 0.00165537 0.00858373 0.0308293 0.0767575 0.132914 0.162127 0.145963 0.111237 0.0887807 0.076078 0.0597233 0.0409231 0.0263281 0.0168022 0.0103757 0.00591313 0.00299388 0.00130151 0.00047019
 3.66669e-11 1.72464e-09 5.61703e-08 1.26678e-06 1.97826e-05 0.000213921 0.00160184 0.00830615 0.0298326 0.0742782 0.128637 0.156988 0.141606 0.108591 0.0879187 0.0772676 0.0634228 0.0464582 0.0316429 0.0202073 0.0118312 0.0063219 0.00306897 0.001312 0.000472093
 3.86688e-11 1.8188e-09 5.9237e-08 1.33594e-06 2.08627e-05 0.000225601 0.00168928 0.00875947 0.0314589 0.0783084 0.135488 0.164741 0.146644 0.108341 0.0827517 0.0699274 0.0568332 0.0420681 0.0295295 0.0197362 0.0120675 0.00655824 0.00312274 0.00128306 0.00044493
 3.95464e-11 1.86007e-09 6.05813e-08 1.36626e-06 2.13361e-05 0.00023072 0.00172762 0.00895822 0.0321724 0.0800821 0.138538 0.168366 0.149588 0.109868 0.0829083 0.0688929 0.0546142 0.0389485 0.0263441 0.0173479 0.0107502 0.00602506 0.00295737 0.00123238 0.000424262
 3.94882e-11 1.85733e-09 6.04922e-08 1.36425e-06 2.13047e-05 0.000230381 0.00172508 0.00894506 0.0321253 0.0799668 0.138353 0.168203 0.149646 0.110338 0.0837855 0.0698851 0.0553233 0.039126 0.0259702 0.0166162 0.00999184 0.00549942 0.00270286 0.00114408 0.000400961
 3.46631e-11 1.63039e-09 5.31007e-08 1.19755e-06 1.87015e-05 0.000202231 0.00151431 0.00785243 0.0282051 0.0702466 0.121796 0.149303 0.1368 0.109325 0.0936455 0.0846671 0.0690971 0.0493908 0.0328939 0.0209495 0.0124117 0.00667477 0.00320355 0.00133546 0.000466564
 3.55531e-11 1.67225e-09 5.4464e-08 1.2283e-06 1.91817e-05 0.000207423 0.00155318 0.00805384 0.0289265 0.0720222 0.124731 0.152228 0.137346 0.105475 0.0859073 0.0767358 0.0651797 0.05054 0.0368276 0.0249204 0.0151476 0.00816744 0.00387729 0.00158806 0.000545119
 4.07735e-11 1.91779e-09 6.24612e-08 1.40866e-06 2.19982e-05 0.000237879 0.00178122 0.00923604 0.0331685 0.0825453 0.142689 0.172888 0.151929 0.108056 0.0772914 0.0621877 0.0498605 0.0372941 0.0269981 0.0189557 0.0123075 0.00708209 0.0035078 0.00146043 0.000500396
 3.61311e-11 1.69943e-09 5.53494e-08 1.24827e-06 1.94935e-05 0.000210795 0.00157843 0.00818487 0.0293982 0.0732083 0.126863 0.155196 0.141167 0.110623 0.0919878 0.0810249 0.0643745 0.0444495 0.0288466 0.0186355 0.0117297 0.00685415 0.00354505 0.00155016 0.000551918
 3.77358e-11 1.77491e-09 5.78077e-08 1.30371e-06 2.03593e-05 0.000220157 0.00164853 0.00854816 0.0307005 0.076426 0.132267 0.160996 0.143869 0.107522 0.0838268 0.0722857 0.0598459 0.0450416 0.0316732 0.0207316 0.0123553 0.00671732 0.00332649 0.00145001 0.000528592
 3.85899e-11 1.81508e-09 5.91161e-08 1.33322e-06 2.08201e-05 0.00022514 0.00168584 0.0087416 0.031395 0.0781519 0.135234 0.164513 0.146695 0.10889 0.0836892 0.0706972 0.0568473 0.041339 0.0286678 0.0192778 0.0120478 0.0067274 0.00328531 0.00138005 0.000487899
 3.71301e-11 1.74642e-09 5.68798e-08 1.28278e-06 2.00325e-05 0.000216624 0.00162207 0.00841105 0.0302092 0.0752137 0.130242 0.158876 0.143075 0.109183 0.0875903 0.0760806 0.0614599 0.0441772 0.0299098 0.0195777 0.0120529 0.0067703 0.00337034 0.00143525 0.000505774
 3.85449e-11 1.81297e-09 5.90471e-08 1.33166e-06 2.07958e-05 0.000224877 0.00168387 0.0087314 0.0313582 0.0780593 0.135066 0.164275 0.146379 0.108464 0.0832417 0.0705625 0.0573387 0.0422643 0.0293979 0.0194435 0.0118629 0.00654897 0.00322032 0.00136962 0.000485482
 3.84785e-11 1.80985e-09 5.89455e-08 1.32937e-06 2.076e-05 0.00022449 0.00168097 0.00871641 0.0313047 0.0779302 0.13487 0.16416 0.146671 0.109479 0.0848464 0.0719424 0.0575873 0.0413205 0.0280673 0.0184831 0.0114049 0.00636579 0.00313317 0.00132344 0.000465712
 3.83299e-11 1.80285e-09 5.87177e-08 1.32423e-06 2.06798e-05 0.000223623 0.00167448 0.00868273 0.031184 0.0776307 0.13436 0.163583 0.146293 0.109497 0.0852631 0.0726141 0.0583245 0.041914 0.0283222 0.0183773 0.0111369 0.00614591 0.00302041 0.00127966 0.000450882
#pred catch len freq
 2.44733e-11 1.1511e-09 3.74907e-08 8.4551e-07 1.32039e-05 0.000142782 0.00106916 0.00554431 0.0199173 0.0496324 0.0862391 0.106591 0.100513 0.0864906 0.0823757 0.0823507 0.0763248 0.0663224 0.0566841 0.0477413 0.0396306 0.0328973 0.0268383 0.0200779 0.012604
 1.4024e-11 6.5962e-10 2.14834e-08 4.84505e-07 7.56628e-06 8.182e-05 0.000612706 0.00317794 0.0114256 0.028563 0.050253 0.0650442 0.0706772 0.0797577 0.096774 0.107368 0.1023 0.0893017 0.0762866 0.0637519 0.0514042 0.0401203 0.0300815 0.0207501 0.0122604
 6.13688e-12 2.88649e-10 9.40113e-09 2.12019e-07 3.31101e-06 3.58051e-05 0.000268139 0.00139107 0.00500563 0.0125565 0.0223844 0.0303484 0.0372888 0.0504228 0.0712786 0.0918626 0.106939 0.115881 0.115038 0.102623 0.0835422 0.0634736 0.0449629 0.0288219 0.0158718
 2.79077e-11 1.31264e-09 4.2752e-08 9.64164e-07 1.50568e-05 0.000162818 0.00121915 0.0063214 0.0226984 0.0564598 0.0973992 0.117086 0.0999671 0.0652658 0.0411275 0.0357219 0.0431366 0.0565313 0.0693901 0.0754944 0.0715407 0.0588462 0.0420862 0.0260018 0.0135273
 4.58415e-11 2.15617e-09 7.02249e-08 1.58375e-06 2.47325e-05 0.000267446 0.0020026 0.0103836 0.0372848 0.0927433 0.16 0.19236 0.164149 0.106079 0.0615174 0.0389843 0.0262505 0.0177574 0.0145333 0.015543 0.0172083 0.016618 0.0132546 0.00858356 0.0044533
 3.65494e-11 1.71911e-09 5.59902e-08 1.26272e-06 1.97192e-05 0.000213236 0.00159671 0.00827972 0.0297397 0.0740686 0.128419 0.157401 0.14412 0.114757 0.0969524 0.0844697 0.0633222 0.0383178 0.0202352 0.0111943 0.00787203 0.00683504 0.00581572 0.00410965 0.00225917
 3.5653e-11 1.67695e-09 5.46171e-08 1.23175e-06 1.92356e-05 0.000208006 0.00155755 0.00807653 0.0290083 0.0722316 0.12513 0.152885 0.138486 0.10749 0.0888674 0.079896 0.0672907 0.0505554 0.0343694 0.0207221 0.0109922 0.0056741 0.00331183 0.0020766 0.00115141
 3.47944e-11 1.63656e-09 5.33018e-08 1.20209e-06 1.87724e-05 0.000202997 0.00152004 0.00788208 0.0283105 0.0704994 0.122166 0.149437 0.13591 0.106587 0.0892372 0.0803957 0.0672359 0.0507336 0.0363319 0.0246157 0.0149608 0.0079029 0.00370242 0.0016409 0.000708867
 3.47524e-11 1.63459e-09 5.32374e-08 1.20064e-06 1.87497e-05 0.000202752 0.0015182 0.00787254 0.0282761 0.070412 0.122004 0.149187 0.13552 0.105955 0.0883744 0.0795698 0.0667602 0.0506476 0.0365307 0.0251865 0.0159848 0.00903309 0.00442771 0.00185312 0.000665678
 3.52485e-11 1.65792e-09 5.39975e-08 1.21778e-06 1.90174e-05 0.000205646 0.00153988 0.0079849 0.0286792 0.0714121 0.12371 0.151149 0.136901 0.106188 0.087527 0.0781276 0.0651996 0.0492408 0.0354348 0.0245078 0.0157377 0.00911 0.00462408 0.00199191 0.000708068
 3.56514e-11 1.67687e-09 5.46146e-08 1.2317e-06 1.92347e-05 0.000207996 0.00155747 0.00807614 0.0290068 0.0722259 0.125108 0.1528 0.138211 0.1068 0.0874887 0.0776145 0.0643064 0.0480601 0.0341785 0.0234335 0.0150023 0.00872401 0.00448865 0.00197373 0.000715425
 3.50566e-11 1.64889e-09 5.37034e-08 1.21115e-06 1.89138e-05 0.000204526 0.00153149 0.00794146 0.0285237 0.0710296 0.12308 0.150531 0.136825 0.107118 0.0893743 0.0800865 0.066314 0.0491762 0.0345532 0.023379 0.0147831 0.00851866 0.00437092 0.00193142 0.000707876
 3.68357e-11 1.73257e-09 5.64289e-08 1.27261e-06 1.98737e-05 0.000214906 0.00160921 0.00834433 0.029969 0.0746122 0.129175 0.157454 0.141416 0.107178 0.085312 0.074361 0.0613984 0.0459688 0.0326318 0.0221226 0.013889 0.00790846 0.00401089 0.00175892 0.000643444
 3.86739e-11 1.81904e-09 5.92448e-08 1.33612e-06 2.08654e-05 0.00022563 0.00168951 0.00876064 0.0314632 0.078322 0.135529 0.164871 0.147014 0.109124 0.0838476 0.070762 0.0567416 0.0409941 0.0281253 0.0187332 0.0117261 0.00667719 0.0033724 0.00146698 0.000532129
 3.66203e-11 1.72244e-09 5.60988e-08 1.26517e-06 1.97574e-05 0.000213649 0.0015998 0.00829563 0.0297952 0.0741903 0.128518 0.156999 0.142106 0.109941 0.0899227 0.0788416 0.0633815 0.0448148 0.0296351 0.0189446 0.0114327 0.0063398 0.00315467 0.00136202 0.000491326
 3.77161e-11 1.77399e-09 5.77776e-08 1.30303e-06 2.03487e-05 0.000220042 0.00164767 0.00854375 0.030685 0.0763921 0.132239 0.161106 0.144424 0.108858 0.0858134 0.0740064 0.0602491 0.0440184 0.0300917 0.0194212 0.0114968 0.00614858 0.00294579 0.00123468 0.000436854
 3.88752e-11 1.82851e-09 5.95532e-08 1.34307e-06 2.0974e-05 0.000226805 0.0016983 0.00880626 0.0316271 0.0787313 0.136245 0.16578 0.147941 0.110046 0.0847863 0.0715125 0.0569578 0.0405375 0.0271566 0.0175243 0.0105258 0.0056865 0.00270325 0.00110599 0.000379761
 3.99843e-11 1.88067e-09 6.12523e-08 1.38139e-06 2.15724e-05 0.000233275 0.00174675 0.00905742 0.0325285 0.0809678 0.140065 0.170193 0.15112 0.110789 0.0833045 0.0689098 0.0542343 0.0380855 0.0250195 0.0157818 0.00930057 0.00497748 0.00236497 0.000967726 0.000329893
 3.66257e-11 1.7227e-09 5.61072e-08 1.26536e-06 1.97604e-05 0.000213681 0.00160004 0.00829689 0.0298001 0.0742058 0.128568 0.157168 0.142605 0.111029 0.0915635 0.080452 0.0642121 0.0445984 0.0286642 0.0176641 0.0101796 0.00532966 0.00248496 0.00100396 0.000339768
 3.47841e-11 1.63608e-09 5.3286e-08 1.20173e-06 1.87668e-05 0.000202937 0.00151959 0.00787978 0.0283026 0.0704839 0.122167 0.149569 0.136449 0.107877 0.0913098 0.0826714 0.0688083 0.0509161 0.0350149 0.0224527 0.0130016 0.00669787 0.00305114 0.00120532 0.000400449
 3.72073e-11 1.75005e-09 5.69981e-08 1.28545e-06 2.00742e-05 0.000217074 0.00162544 0.00842848 0.0302709 0.0753606 0.130449 0.158903 0.142383 0.107215 0.0845299 0.0733245 0.0606807 0.0457513 0.0326885 0.0220901 0.0135455 0.00731436 0.00341242 0.0013484 0.000441844
 3.67575e-11 1.7289e-09 5.63091e-08 1.26991e-06 1.98315e-05 0.00021445 0.00160579 0.00832668 0.0299063 0.0744627 0.128962 0.157407 0.142048 0.109017 0.0881811 0.0769543 0.0621993 0.0447386 0.0304961 0.0202586 0.0126573 0.00712853 0.00349292 0.00143919 0.000484123
 3.55475e-11 1.67198e-09 5.44554e-08 1.2281e-06 1.91786e-05 0.00020739 0.00155293 0.00805264 0.0289229 0.0720227 0.124793 0.152591 0.138582 0.10824 0.0899575 0.0802499 0.0659822 0.0482368 0.0330558 0.0215941 0.0131013 0.00723753 0.00356515 0.00150889 0.00052611
 3.67734e-11 1.72964e-09 5.63334e-08 1.27046e-06 1.984e-05 0.000214542 0.00160649 0.00833023 0.0299186 0.0744889 0.128976 0.157281 0.141481 0.107685 0.0862464 0.0753947 0.0621205 0.0461953 0.0324197 0.0216062 0.0132211 0.00726449 0.00353046 0.00148026 0.000517891
 3.72222e-11 1.75076e-09 5.7021e-08 1.28597e-06 2.00822e-05 0.000217161 0.00162609 0.0084319 0.0302837 0.0753968 0.130542 0.159158 0.143061 0.108625 0.0865373 0.0749907 0.0608894 0.0443292 0.030554 0.0203147 0.0125863 0.00703028 0.00345208 0.00144904 0.000504921
 3.65201e-11 1.71773e-09 5.59454e-08 1.26171e-06 1.97034e-05 0.000213065 0.00159542 0.00827291 0.0297134 0.0739841 0.128145 0.156467 0.141385 0.108913 0.0886421 0.0778197 0.0632659 0.0457263 0.0310631 0.0202735 0.0123553 0.00684695 0.00337085 0.00142672 0.000500875
 3.72353e-11 1.75137e-09 5.70411e-08 1.28642e-06 2.00893e-05 0.000217237 0.00162667 0.00843486 0.0302943 0.0754228 0.130584 0.159197 0.14306 0.10856 0.0864652 0.0750645 0.0612291 0.0448081 0.0308358 0.0202026 0.01222 0.00667639 0.00324168 0.00136099 0.0004772
 3.74646e-11 1.76215e-09 5.73922e-08 1.29434e-06 2.0213e-05 0.000218575 0.00163668 0.00848679 0.0304807 0.0758864 0.131383 0.160155 0.143862 0.109029 0.0865936 0.0748311 0.0605777 0.04386 0.0299309 0.0196108 0.0119353 0.00654958 0.00317201 0.00132065 0.000458664
#obs catch len freq
 2.27793e-11 1.07143e-09 3.48957e-08 7.86987e-07 1.229e-05 0.000132899 0.000995162 0.00516065 0.0185401 0.0462103 0.0803609 0.0996465 0.0949973 0.0839015 0.082542 0.084636 0.0805995 0.0726613 0.064599 0.0558779 0.0459613 0.0354124 0.024858 0.015201 0.00769316
 2.51511e-11 1.18299e-09 3.85291e-08 8.68929e-07 1.35696e-05 0.000146736 0.00109877 0.00569778 0.0204676 0.050993 0.0885308 0.109085 0.101794 0.085474 0.0792944 0.0788468 0.0743913 0.0670827 0.0601006 0.052731 0.0440583 0.0342677 0.0240367 0.0145809 0.00730707
 4.77492e-12 2.24589e-10 7.31474e-09 1.64967e-07 2.57624e-06 2.78605e-05 0.00020868 0.00108336 0.00390911 0.00991169 0.0183864 0.0282017 0.0440318 0.0731786 0.108211 0.127151 0.121737 0.105675 0.0911733 0.0787829 0.066039 0.0519295 0.0367772 0.0223892 0.0111937
 1.52878e-14 7.19081e-13 2.34221e-11 5.28417e-10 8.2637e-09 8.98636e-08 6.87866e-07 3.87532e-06 1.83234e-05 8.92616e-05 0.000455428 0.00200775 0.00677104 0.0173463 0.0358755 0.0645385 0.102523 0.137642 0.152078 0.142241 0.119372 0.0929077 0.0657389 0.0402088 0.0201821
 5.17458e-11 2.43387e-09 7.92696e-08 1.78773e-06 2.79179e-05 0.000301892 0.0022605 0.0117205 0.0420795 0.104612 0.180087 0.21467 0.177206 0.101374 0.0405269 0.0124955 0.0060843 0.00870116 0.0142218 0.0190725 0.0205592 0.0181556 0.0134061 0.00827445 0.00416196
 3.38452e-11 1.59192e-09 5.18477e-08 1.1693e-06 1.82603e-05 0.00019746 0.0014786 0.00766754 0.0275452 0.0686442 0.119298 0.147551 0.139317 0.119416 0.109816 0.0982322 0.0702135 0.0369014 0.0153705 0.0079988 0.00767045 0.00817303 0.00711859 0.00483282 0.00253835
 3.97321e-11 1.86881e-09 6.08658e-08 1.37268e-06 2.14363e-05 0.000231804 0.00173573 0.00900018 0.0323219 0.0804421 0.139079 0.16864 0.148631 0.106806 0.0784383 0.0660293 0.0562937 0.0442171 0.0307392 0.0179289 0.00884891 0.00451081 0.00293274 0.00201281 0.00113767
 3.71106e-11 1.74551e-09 5.685e-08 1.28211e-06 2.0022e-05 0.00021651 0.00162122 0.00840667 0.0301938 0.0751788 0.130205 0.158942 0.143479 0.110164 0.0889776 0.077072 0.0612932 0.0431404 0.0290466 0.019269 0.0117578 0.00620458 0.00289565 0.00131584 0.000599249
 3.72687e-11 1.75294e-09 5.70921e-08 1.28757e-06 2.01073e-05 0.000217432 0.00162812 0.00844241 0.0303214 0.0754889 0.130691 0.159292 0.143033 0.108319 0.0860633 0.0747529 0.0612463 0.0450922 0.0310995 0.0203049 0.0122402 0.00667842 0.00322536 0.00135098 0.000492532
 3.52952e-11 1.66012e-09 5.40689e-08 1.21939e-06 1.90425e-05 0.000205918 0.00154192 0.00799551 0.028718 0.0715135 0.123921 0.15157 0.137803 0.107935 0.0900483 0.0804938 0.0662326 0.0485878 0.033682 0.0224289 0.0138332 0.00765508 0.00372052 0.00155126 0.00054222
 3.67602e-11 1.72902e-09 5.63132e-08 1.27e-06 1.9833e-05 0.000214466 0.00160591 0.00832723 0.0299077 0.074459 0.128908 0.157121 0.141093 0.106894 0.0850865 0.0742995 0.0616365 0.0464888 0.0332255 0.0225682 0.0140965 0.00791248 0.0039088 0.00164964 0.000576563
 3.66691e-11 1.72474e-09 5.61736e-08 1.26686e-06 1.97838e-05 0.000213934 0.00160193 0.00830662 0.0298341 0.0742802 0.128627 0.156916 0.141342 0.107949 0.0867892 0.075743 0.0618248 0.0453748 0.0317315 0.0215573 0.013718 0.00788424 0.00397576 0.00170577 0.000603651
 3.5358e-11 1.66307e-09 5.41651e-08 1.22156e-06 1.90764e-05 0.000206285 0.00154466 0.00800973 0.0287689 0.0716384 0.124125 0.151764 0.137799 0.107566 0.0893478 0.0797557 0.0657796 0.0484756 0.033756 0.0226132 0.0141684 0.00809879 0.00411845 0.00179707 0.000647592
 4.05966e-11 1.90947e-09 6.21902e-08 1.40255e-06 2.19028e-05 0.000236847 0.00177349 0.00919599 0.033025 0.0821904 0.142092 0.172242 0.151612 0.108381 0.0782604 0.0634834 0.0510439 0.03798 0.026952 0.0182848 0.0114744 0.0065149 0.00328598 0.00142989 0.000517937
 3.72881e-11 1.75385e-09 5.71218e-08 1.28824e-06 2.01178e-05 0.000217545 0.00162897 0.00844689 0.0303384 0.0755405 0.130843 0.15977 0.144388 0.111184 0.0901186 0.0780065 0.0614371 0.0421078 0.0270704 0.0172629 0.0106553 0.00607098 0.00307339 0.00133597 0.000482617
 3.61249e-11 1.69914e-09 5.534e-08 1.24806e-06 1.94902e-05 0.000210759 0.00157816 0.00818341 0.0293923 0.0731865 0.126778 0.154867 0.140169 0.10849 0.0890449 0.0789422 0.0649673 0.0475888 0.0323893 0.0206707 0.0120976 0.00646267 0.00313681 0.00134088 0.00048246
 3.81081e-11 1.79242e-09 5.8378e-08 1.31657e-06 2.05601e-05 0.000222329 0.00166479 0.00863247 0.0310032 0.0771787 0.133563 0.162543 0.145146 0.108212 0.0838769 0.0716179 0.058405 0.0432392 0.0303302 0.0202587 0.0123823 0.00672788 0.00320309 0.00131596 0.000456315
 3.89291e-11 1.83104e-09 5.96357e-08 1.34494e-06 2.10031e-05 0.000227119 0.00170065 0.00881844 0.0316709 0.0788386 0.136421 0.165951 0.147955 0.10976 0.0841963 0.0707946 0.056349 0.0402021 0.0271741 0.0178826 0.011077 0.00620688 0.00304622 0.00126931 0.000436954
 3.88652e-11 1.82803e-09 5.95378e-08 1.34273e-06 2.09686e-05 0.000226746 0.00169786 0.00880399 0.0316192 0.0787119 0.136216 0.165767 0.148004 0.110244 0.0851088 0.0718294 0.0570907 0.0403928 0.0267937 0.0171319 0.0102976 0.00566636 0.00278451 0.00117854 0.00041302
 3.39821e-11 1.59836e-09 5.20574e-08 1.17403e-06 1.83341e-05 0.000198258 0.00148456 0.00769821 0.0276518 0.0688749 0.11946 0.146641 0.135006 0.109224 0.0950974 0.0867992 0.0710357 0.0507806 0.0337956 0.0215096 0.0127383 0.00684879 0.00328659 0.00136995 0.000478591
 3.49244e-11 1.64268e-09 5.35009e-08 1.20658e-06 1.88425e-05 0.000203755 0.00152572 0.00791147 0.0284156 0.0707553 0.122572 0.149756 0.135643 0.105278 0.0870949 0.0785699 0.0669338 0.0519014 0.0377942 0.0255603 0.0155313 0.00837255 0.00397411 0.00162758 0.000558654
 4.0184e-11 1.89006e-09 6.1558e-08 1.38829e-06 2.16801e-05 0.00023444 0.00175547 0.00910254 0.0326895 0.0813574 0.140665 0.170572 0.150338 0.107885 0.0784195 0.0639068 0.0514749 0.0385209 0.0278685 0.0195551 0.0126921 0.00730201 0.00361631 0.0015055 0.000515816
 3.55018e-11 1.66983e-09 5.43854e-08 1.22653e-06 1.9154e-05 0.000207124 0.00155094 0.00804237 0.028887 0.0719409 0.124706 0.15274 0.139523 0.110559 0.0933682 0.0830204 0.0661521 0.0456832 0.029625 0.0191239 0.0120316 0.00702887 0.00363494 0.00158935 0.000565851
 3.71207e-11 1.74598e-09 5.68654e-08 1.28246e-06 2.00274e-05 0.000216568 0.00162166 0.00840886 0.0302007 0.0751867 0.130155 0.158582 0.142217 0.107361 0.0850366 0.0741252 0.0615803 0.0463557 0.0325762 0.0213104 0.0126956 0.00690072 0.00341679 0.00148924 0.000542867
 3.79862e-11 1.78669e-09 5.81913e-08 1.31236e-06 2.04944e-05 0.000221618 0.00165947 0.0086049 0.0309045 0.0769358 0.133163 0.162149 0.145088 0.108764 0.0849194 0.0725292 0.0585325 0.0425759 0.029505 0.0198278 0.0123868 0.00691521 0.00337659 0.00141829 0.000501391
 3.65047e-11 1.717e-09 5.59217e-08 1.26118e-06 1.96951e-05 0.000212975 0.00159475 0.00826942 0.029701 0.0739538 0.128097 0.15643 0.141419 0.109073 0.0888957 0.0780097 0.0632222 0.0454521 0.0307511 0.020115 0.0123786 0.00695167 0.00346016 0.00147339 0.000519188
 3.7952e-11 1.78508e-09 5.81389e-08 1.31118e-06 2.04759e-05 0.000221418 0.00165797 0.00859714 0.0308765 0.0768649 0.133032 0.161952 0.144796 0.108329 0.0844352 0.0723545 0.059004 0.043502 0.0302384 0.019987 0.0121898 0.00672794 0.00330786 0.00140673 0.000498614
 3.79253e-11 1.78382e-09 5.80979e-08 1.31025e-06 2.04615e-05 0.000221262 0.0016568 0.00859112 0.0308552 0.0768156 0.132972 0.161996 0.145208 0.109384 0.0860042 0.0736505 0.0591447 0.0424449 0.0288099 0.0189592 0.0116939 0.00652557 0.00321138 0.00135637 0.000477276
#spawning biomass
 74883.9 70954.1 55388.5 37487 35643.5 68370.7 108329 143326 169413 187289 204221 204307 206653 208219 238815 229027 202427 229107 262476 287620 273146 259989 268818 255305 273013 275347 272228 297517 344335 448084 309108 189305 112995 70017.3 47466.8 36144.7 30620.1 27975 26724.7 26138.8 25865.9 25739.3 25680.7 25653.6 25641.2 25635.5 25632.8 25631.6 25631.1 25630.8 25630.7 25630.7 25630.6 25630.6 25630.6 25630.6 25630.6 25630.6 25630.6 25630.6 25630.6 25630.6 25630.6 25630.6 25630.6 25630.6 25630.6 25630.6 25630.6 25630.6 25630.6 25630.6 25630.6 25630.6 25630.6 25630.6 25630.6 25630.6 25630.6 25630.6 25630.6 25630.6 25630.6 25630.6 25630.6 25630.6 25630.6 25630.6 25630.6 25630.6 25630.6 25630.6 25630.6 25630.6 25630.6 25630.6 25630.6 25630.6 25630.6 25630.6 25630.6 25630.6 25630.6 25630.6 25630.6 25630.6 25630.6 25630.6 25630.6 25630.6 25630.6 25630.6 25630.6 25630.6 25630.6 25630.6 25630.6 25630.6 25630.6 25630.6 25630.6 25630.6 25630.6 25630.6 25630.6 25630.6 25630.6 25630.6 0 0 0 0 0 0 0 0 0 0 0 0 0 0 0 0 0 0 0 0 0 0 0 0 0
