SBPRF35
0.18548
Curr Bio
190727
B35
195410
F35
0.859049
FOFL
0.859049
OFL
109012
Bzero
52994.1
#pred survey bio
 13488.1 15091.3 15698.4 17718.7 19663.1 23424.2 27010 31649.2 41958.8 57306.8 68527.2 77518.2 103107 134334 140185 107497 94560.8 93205.8 98028.7 95051.6 100667 91696.2 99486.4 115894 118298 120676 114989 113564 123957 5.56367e+06 4.96961e+06 2.64732e+06 1.4177e+06 868219 625167 511012 452494 420059 401117 389735 382805 378565 375966 374365 373381 372790 372435 372221 372093 372015 371968 371940 371923 371912 371906 371902 371900 371899 371898 371897 371897 371897 371897 371897 371897 371897 371897 371897 371897 371897 371897 371897 371897 371897 371897 371897 371897 371897 371897 371897 371897 371897 371897 371897 371897 371897 371897 371897 371897 371897 371897 371897 371897 371897 371897 371897 371897 371897 371897 371897 371897 371897 371897 371897 371897 371897 371897 371897 371897 371897 371897 371897 371897 371897 371897 371897 371897 371897 371897 371897 371897 371897 371897 371897 371897 371897 371897 371897 371897 0 0 0 0 0 0 0 0 0 0 0 0 0 0 0 0 0 0 0 0 0 0 0 0 0
#obs survey bio
 11695.1 12732 13016.3 15192.3 16565.7 35057.4 21089.9 34642.1 58542.1 65029.4 70842.2 109680 69886.7 165962 120146 79088.8 92627.8 89497 126862 121278 100997 90472.2 137902 129924 122348 132067 76703.5 101793 101378
#pred catch bio
 5063.8 7292.29 7543.42 9601.16 10701.5 12805.8 16166.3 19971 25873.8 37544 49191.4 56132.1 74267.4 95506.6 111909 87619.9 77957.5 74016.6 82054.9 77342.5 90215.2 79699.5 83993 105793 109741 114889 108614 106373 41659.9 109012 106390 47373.4 21154.1 11435.4 8203.97 7203.19 6908.04 6823.97 6800.63 6794.27 6792.56 6792.11 6791.99 6791.96 6791.95 6791.95 6791.95 6791.95 6791.95 6791.95 6791.95 6791.95 6791.95 6791.95 6791.95 6791.95 6791.95 6791.95 6791.95 6791.95 6791.95 6791.95 6791.95 6791.95 6791.95 6791.95 6791.95 6791.95 6791.95 6791.95 6791.95 6791.95 6791.95 6791.95 6791.95 6791.95 6791.95 6791.95 6791.95 6791.95 6791.95 6791.95 6791.95 6791.95 6791.95 6791.95 6791.95 6791.95 6791.95 6791.95 6791.95 6791.95 6791.95 6791.95 6791.95 6791.95 6791.95 6791.95 6791.95 6791.95 6791.95 6791.95 6791.95 6791.95 6791.95 6791.95 6791.95 6791.95 6791.95 6791.95 6791.95 6791.95 6791.95 6791.95 6791.95 6791.95 6791.95 6791.95 6791.95 6791.95 6791.95 6791.95 6791.95 6791.95 6791.95 6791.95 6791.95 6791.95 6791.95 0 0 0 0 0 0 0 0 0 0 0 0 0 0 0 0 0 0 0 0 0 0 0 0 0
#obs catch bio
 6866.99 7445.76 7681.06 9853.64 10881.3 12724.4 16380.5 19982.4 25339 36599.9 49264.9 54757.5 73572.1 94875 114172 89820.9 77404.7 74043.7 80322.4 75519.2 87304.6 78459.1 81374.8 102287 106662 112272 110855 107168 40898.3
#pred cpue bio
 12622.3 13948.2 14325.3 16170.1 17513.9 21115.2 24296.3 27523.1 36012.9 50042.7 60210.2 66318 86229.1 116620 126808 95225.2 81713.4 80131.4 84900.5 81233 86546.3 77416.4 83111.8 97443.5 98211.4 100922 95574.9 94678.8 100269 5.11202e+06 5.08496e+06 2.6292e+06 1.39678e+06 847244 604190 490036 431517 399082 380141 368759 361829 357589 354990 353389 352404 351813 351458 351245 351116 351038 350991 350963 350946 350936 350930 350926 350924 350922 350921 350921 350921 350920 350920 350920 350920 350920 350920 350920 350920 350920 350920 350920 350920 350920 350920 350920 350920 350920 350920 350920 350920 350920 350920 350920 350920 350920 350920 350920 350920 350920 350920 350920 350920 350920 350920 350920 350920 350920 350920 350920 350920 350920 350920 350920 350920 350920 350920 350920 350920 350920 350920 350920 350920 350920 350920 350920 350920 350920 350920 350920 350920 350920 350920 350920 350920 350920 350920 350920 350920 0 0 0 0 0 0 0 0 0 0 0 0 0 0 0 0 0 0 0 0 0 0 0 0 0
#obs cpue bio
 7284.97 11791.7 10089.2 15867.4 15658.8 20473.7 21986.2 28984.4 40722.9 65346.2 45422.7 96113.6 96194.3 105214 106690 92846.6 97038.8 75471.7 112850 89960.1 154681 87646.2 108326 153079 139130 123737 84200.2 121398 158312
#pred surv len freq
 2.56182e-27 2.58449e-27 2.94947e-26 5.68213e-20 1.39291e-14 4.12743e-10 1.47838e-06 0.000640081 0.0334995 0.211928 0.162505 0.0428315 0.21184 0.195431 0.0399641 0.0422477 0.0174246 0.0124904 0.00750558 0.00561038 0.0043498 0.00372941 0.00371687 0.00328381 0.00100121
 2.56229e-27 2.58616e-27 3.12953e-26 6.06209e-20 1.48605e-14 4.40343e-10 1.57723e-06 0.000682882 0.0357396 0.226099 0.173275 0.0396171 0.179814 0.166751 0.0508486 0.0742198 0.0259945 0.0121025 0.00549089 0.00313442 0.0019831 0.00145397 0.00128223 0.00113213 0.000378154
 2.56329e-27 2.58864e-27 3.32467e-26 6.47367e-20 1.58694e-14 4.70239e-10 1.68432e-06 0.000729245 0.0381661 0.241449 0.185024 0.041407 0.185179 0.171084 0.0403734 0.0494273 0.0213871 0.0158744 0.00563775 0.00207105 0.000901852 0.000506021 0.000368734 0.000305497 0.000105623
 2.56326e-27 2.58848e-27 3.30225e-26 6.42633e-20 1.57534e-14 4.668e-10 1.672e-06 0.000723913 0.037887 0.239684 0.183687 0.042108 0.191454 0.176845 0.0409359 0.0490746 0.018435 0.0105949 0.00513212 0.00234882 0.000642829 0.000220779 0.000114637 8.15858e-05 2.79093e-05
 2.56482e-27 2.59261e-27 3.65576e-26 7.17205e-20 1.75814e-14 5.20968e-10 1.86602e-06 0.000807916 0.0422834 0.267497 0.204923 0.0419565 0.175382 0.161867 0.0356443 0.040727 0.0151355 0.00832873 0.00328144 0.00143814 0.000538412 0.000128761 3.58584e-05 1.84322e-05 5.90625e-06
 2.56411e-27 2.59055e-27 3.46198e-26 6.76322e-20 1.65792e-14 4.91272e-10 1.75965e-06 0.000761863 0.0398732 0.252249 0.193303 0.0434288 0.19475 0.179569 0.0357126 0.0363837 0.0131629 0.00675672 0.00259338 0.00100974 0.000327375 9.4506e-05 1.75732e-05 4.63017e-06 1.24404e-06
 2.5642e-27 2.59086e-27 3.49484e-26 6.83256e-20 1.67492e-14 4.96309e-10 1.7777e-06 0.000769674 0.040282 0.254835 0.195268 0.0428281 0.188798 0.174221 0.0374044 0.0415618 0.0143191 0.00627153 0.00228245 0.000835457 0.000245484 6.23421e-05 1.20088e-05 1.69243e-06 2.89147e-07
 2.56615e-27 2.59605e-27 3.94495e-26 7.78207e-20 1.90768e-14 5.6528e-10 2.02474e-06 0.000876634 0.0458799 0.290249 0.222301 0.0423079 0.165846 0.152854 0.030234 0.0305827 0.0109228 0.00535872 0.00180868 0.000576926 0.000156596 3.56939e-05 6.15447e-06 7.05647e-07 6.24908e-08
 2.56681e-27 2.5977e-27 4.07638e-26 8.05928e-20 1.97564e-14 5.85416e-10 2.09686e-06 0.000907861 0.0475142 0.300588 0.230208 0.0430495 0.165934 0.152707 0.026076 0.0210824 0.00721144 0.00312534 0.00111038 0.000374107 8.88073e-05 1.80124e-05 2.73698e-06 2.71885e-07 1.55087e-08
 2.56593e-27 2.59529e-27 3.86113e-26 7.60519e-20 1.86432e-14 5.52431e-10 1.97872e-06 0.000856708 0.044837 0.283652 0.217288 0.0438146 0.180835 0.166452 0.0284386 0.0229822 0.00734934 0.00239873 0.00077679 0.000243318 6.14464e-05 1.1457e-05 1.50155e-06 1.28537e-07 5.78238e-09
 2.5656e-27 2.5944e-27 3.78345e-26 7.44132e-20 1.82415e-14 5.40528e-10 1.93608e-06 0.000838249 0.0438709 0.27754 0.212623 0.0439637 0.185246 0.170545 0.0295493 0.0244869 0.00783529 0.0025425 0.000730379 0.000177826 4.01881e-05 7.57166e-06 9.28702e-07 6.76118e-08 2.54482e-09
 2.56695e-27 2.59803e-27 4.10077e-26 8.11071e-20 1.98824e-14 5.89152e-10 2.11024e-06 0.000913655 0.0478174 0.302506 0.231677 0.0433479 0.167173 0.15379 0.0251983 0.0187768 0.00603439 0.00201778 0.000580989 0.000135093 2.42924e-05 3.81868e-06 4.53504e-07 3.04881e-08 9.69564e-10
 2.56797e-27 2.60075e-27 4.33748e-26 8.61006e-20 2.11065e-14 6.25424e-10 2.24016e-06 0.000969905 0.0507613 0.32113 0.245893 0.0429924 0.15448 0.142003 0.0217648 0.0138998 0.00434622 0.00128332 0.000368296 8.77026e-05 1.53748e-05 2.01085e-06 1.92039e-07 1.20607e-08 3.47183e-10
 2.56624e-27 2.596e-27 3.91252e-26 7.71356e-20 1.89089e-14 5.60303e-10 2.00691e-06 0.000868916 0.0454759 0.287694 0.220388 0.0446592 0.185084 0.170157 0.0251808 0.0145946 0.00442728 0.00109856 0.000294542 6.34864e-05 1.12017e-05 1.44433e-06 1.16471e-07 5.87601e-09 1.5373e-10
 2.56394e-27 2.58983e-27 3.37138e-26 6.57198e-20 1.61104e-14 4.7738e-10 1.7099e-06 0.00074032 0.0387457 0.245116 0.187894 0.0457982 0.216581 0.199342 0.0325132 0.0239664 0.0072027 0.00160879 0.000402286 7.37414e-05 1.1697e-05 1.44452e-06 1.14008e-07 4.86795e-09 1.03457e-10
 2.56516e-27 2.59315e-27 3.66625e-26 7.19405e-20 1.76353e-14 5.22567e-10 1.87175e-06 0.000810395 0.0424131 0.268318 0.205596 0.0448691 0.197074 0.181339 0.0292911 0.0211674 0.00662187 0.0019216 0.000485774 8.00511e-05 1.10834e-05 1.1789e-06 8.65084e-08 3.53235e-09 6.36161e-11
 2.56647e-27 2.59664e-27 3.97029e-26 7.83542e-20 1.92076e-14 5.69155e-10 2.03862e-06 0.000882644 0.0461944 0.292239 0.223854 0.0443738 0.180477 0.165927 0.0248273 0.0148599 0.00461147 0.00131213 0.000356903 7.29122e-05 9.76699e-06 9.00687e-07 5.58618e-08 2.07457e-09 3.48884e-11
 2.56672e-27 2.59728e-27 4.023e-26 7.9466e-20 1.94801e-14 5.77231e-10 2.06754e-06 0.000895168 0.0468499 0.296385 0.227022 0.0445247 0.179399 0.164866 0.0234366 0.0119453 0.00357642 0.000827553 0.000216893 4.45928e-05 6.96945e-06 7.02464e-07 3.83584e-08 1.19587e-09 1.80058e-11
 2.56636e-27 2.59631e-27 3.93824e-26 7.7678e-20 1.90418e-14 5.64243e-10 2.02103e-06 0.000875027 0.0457957 0.289717 0.221933 0.0446752 0.18412 0.169252 0.0247399 0.0138085 0.0040596 0.000794628 0.000190294 3.2705e-05 4.96267e-06 5.50424e-07 3.39579e-08 9.68194e-10 1.2269e-11
 2.567e-27 2.59804e-27 4.08985e-26 8.08762e-20 1.98258e-14 5.87475e-10 2.10424e-06 0.000911054 0.0476813 0.301645 0.231036 0.0443379 0.175158 0.160951 0.0227205 0.0112957 0.00334778 0.0007175 0.00016794 2.44979e-05 3.1679e-06 3.15623e-07 2.07319e-08 6.59785e-10 7.88981e-12
 2.56672e-27 2.59727e-27 4.02162e-26 7.94368e-20 1.9473e-14 5.77019e-10 2.06679e-06 0.00089484 0.0468327 0.296277 0.22694 0.0445595 0.179722 0.165161 0.0234353 0.0118628 0.00346922 0.000662035 0.000154789 2.41642e-05 2.86605e-06 2.36589e-07 1.3519e-08 4.43503e-10 5.79946e-12
 2.56755e-27 2.5995e-27 4.21614e-26 8.35403e-20 2.04789e-14 6.06827e-10 2.17355e-06 0.000941065 0.0492519 0.311581 0.238621 0.0442466 0.169134 0.155324 0.020497 0.00763943 0.00221692 0.000430259 9.82847e-05 1.39385e-05 1.69085e-06 1.37624e-07 6.58063e-09 1.85024e-10 2.42868e-12
 2.568e-27 2.60074e-27 4.32724e-26 8.58841e-20 2.10534e-14 6.23851e-10 2.23453e-06 0.000967466 0.0506337 0.320323 0.245289 0.0438081 0.161111 0.147949 0.0196948 0.00766274 0.00216568 0.000314817 6.73081e-05 9.60588e-06 1.10021e-06 8.57259e-08 4.08192e-09 9.89011e-11 1.11017e-12
 2.56773e-27 2.6e-27 4.26117e-26 8.44903e-20 2.07118e-14 6.13727e-10 2.19827e-06 0.000951765 0.049812 0.315124 0.241323 0.044007 0.165412 0.151917 0.0203986 0.00826887 0.00234804 0.000354186 7.24007e-05 7.98495e-06 8.58041e-07 6.49161e-08 2.91729e-09 6.89804e-11 6.83872e-13
 2.56826e-27 2.60143e-27 4.38641e-26 8.71324e-20 2.13595e-14 6.32919e-10 2.26701e-06 0.000981529 0.0513697 0.324979 0.248844 0.0437749 0.158361 0.145375 0.0185851 0.00578205 0.00163029 0.000255361 5.30692e-05 5.96933e-06 5.62087e-07 3.501e-08 1.50077e-09 3.36502e-11 3.19845e-13
 2.56796e-27 2.60058e-27 4.30953e-26 8.55104e-20 2.09619e-14 6.21137e-10 2.22481e-06 0.000963257 0.0504134 0.318929 0.244231 0.0441536 0.164484 0.150992 0.0189589 0.0052193 0.00143632 0.000178255 3.47257e-05 4.04154e-06 3.88869e-07 2.28923e-08 8.06017e-10 1.63609e-11 1.47607e-13
 2.56821e-27 2.60128e-27 4.37116e-26 8.68106e-20 2.12806e-14 6.30581e-10 2.25864e-06 0.000977903 0.0511799 0.323778 0.24793 0.0439722 0.160504 0.147318 0.0182905 0.00461988 0.00125719 0.000140958 2.54565e-05 2.39993e-06 2.18965e-07 1.32826e-08 4.5451e-10 7.83509e-12 6.1877e-14
 2.56809e-27 2.60093e-27 4.34036e-26 8.61607e-20 2.11213e-14 6.25861e-10 2.24173e-06 0.000970583 0.0507968 0.321355 0.246081 0.0440826 0.162643 0.149288 0.0185694 0.00475943 0.00129091 0.000135172 2.33854e-05 1.99011e-06 1.57784e-07 8.09548e-09 2.75542e-10 4.678e-12 3.23909e-14
 2.56927e-27 2.60419e-27 4.63191e-26 9.23115e-20 2.2629e-14 6.70539e-10 2.40176e-06 0.00103987 0.054423 0.344295 0.26358 0.0429422 0.141671 0.129997 0.0162867 0.0044104 0.00120057 0.000127126 2.19178e-05 1.74638e-06 1.28817e-07 5.74405e-09 1.63738e-10 2.5992e-12 1.77049e-14
#obs surv len freq
 1.24832e-41 1.73259e-33 2.90678e-26 5.89488e-20 1.44506e-14 4.28198e-10 1.53374e-06 0.000664055 0.034754 0.219864 0.168619 0.0417357 0.17028 0.142559 0.0892787 0.084487 0.0331595 0.0119191 0.00239865 0.000267174 1.21632e-05 1.65617e-07 5.09028e-10 2.88093e-13 2.62786e-17
 1.56082e-41 2.16631e-33 3.63443e-26 7.37056e-20 1.80681e-14 5.3539e-10 1.91768e-06 0.000830288 0.043454 0.274903 0.210679 0.0426306 0.141813 0.113022 0.0740911 0.0646506 0.0244115 0.0079559 0.00141849 0.000134155 4.95179e-06 5.20997e-08 1.19198e-10 4.901e-14 3.19974e-18
 1.29105e-41 1.7919e-33 3.00628e-26 6.09667e-20 1.49453e-14 4.42856e-10 1.58624e-06 0.000686786 0.0359436 0.227391 0.174642 0.0517743 0.204242 0.150125 0.0732151 0.0553366 0.0198498 0.00581083 0.000907597 7.14787e-05 2.09954e-06 1.6893e-08 2.86584e-11 8.55494e-15 4.00147e-19
 1.55757e-41 2.16181e-33 3.62688e-26 7.35524e-20 1.80305e-14 5.34277e-10 1.91369e-06 0.000828562 0.0433637 0.274332 0.210416 0.0473251 0.149455 0.109441 0.0850457 0.0598271 0.015708 0.0037205 0.000502209 3.25503e-05 7.48355e-07 4.53875e-09 5.66436e-12 1.22406e-15 4.1005e-20
 1.54138e-41 2.13933e-33 3.58918e-26 7.27878e-20 1.78431e-14 5.28723e-10 1.8938e-06 0.00081995 0.0429129 0.271481 0.208483 0.0553951 0.180218 0.118775 0.0635061 0.0413165 0.0139469 0.00285847 0.00027061 1.35928e-05 2.41137e-07 1.08877e-09 9.88978e-13 1.53659e-16 3.67431e-21
 1.35054e-41 1.87446e-33 3.1448e-26 6.37758e-20 1.56339e-14 4.63261e-10 1.65932e-06 0.00071843 0.0375998 0.23787 0.183065 0.0612808 0.205594 0.131145 0.0832025 0.0463818 0.0108599 0.00208299 0.000191677 6.827e-06 8.5128e-08 2.79835e-10 1.83318e-13 2.03206e-17 3.44717e-22
 1.56335e-41 2.16983e-33 3.64034e-26 7.38254e-20 1.80974e-14 5.3626e-10 1.9208e-06 0.000831638 0.0435246 0.275353 0.211653 0.0580132 0.165348 0.104971 0.083627 0.0442591 0.0107068 0.00159588 0.000111478 3.43798e-06 3.11724e-08 6.90084e-11 3.13767e-14 2.45135e-18 2.93172e-23
 1.72909e-41 2.39987e-33 4.02627e-26 8.1652e-20 2.0016e-14 5.93112e-10 2.12443e-06 0.000919805 0.0481389 0.304545 0.234149 0.0627627 0.163302 0.0928072 0.0568511 0.0279744 0.00743583 0.00105035 6.0436e-05 1.34698e-06 9.35132e-09 1.50593e-11 4.61923e-15 2.42677e-19 1.99307e-24
 1.65521e-41 2.29733e-33 3.85424e-26 7.81633e-20 1.91608e-14 5.6777e-10 2.03366e-06 0.000880504 0.0460821 0.291535 0.224618 0.0711895 0.184605 0.0980236 0.0554245 0.022525 0.0045012 0.000581387 3.18204e-05 5.73784e-07 2.84161e-09 3.25942e-12 7.16251e-16 2.60323e-20 1.44034e-25
 1.53185e-41 2.12611e-33 3.567e-26 7.23379e-20 1.77328e-14 5.25455e-10 1.88209e-06 0.000814882 0.0426477 0.26981 0.208473 0.0785491 0.199894 0.104856 0.0667202 0.0239222 0.00392133 0.000373473 1.57808e-05 2.44717e-07 9.66166e-10 7.94632e-13 1.20802e-16 3.06216e-21 1.18508e-26
 1.4676e-41 2.03693e-33 3.41737e-26 6.93036e-20 1.6989e-14 5.03414e-10 1.80315e-06 0.000780701 0.0408588 0.258496 0.200269 0.0842309 0.203904 0.107314 0.0748862 0.0249573 0.00398432 0.000307309 9.17387e-06 1.0058e-07 3.05767e-10 1.94861e-13 2.16763e-17 3.83709e-22 1.02125e-27
 1.88431e-41 2.6153e-33 4.38771e-26 8.8982e-20 2.18129e-14 6.46356e-10 2.31514e-06 0.00100238 0.0524604 0.33189 0.255926 0.0729796 0.140705 0.0735574 0.0523646 0.0163443 0.00258452 0.000179039 4.38887e-06 3.37767e-08 6.883e-11 3.09876e-14 2.54359e-18 3.3181e-23 6.34622e-29
 1.57331e-41 2.18365e-33 3.66353e-26 7.42957e-20 1.82127e-14 5.39676e-10 1.93303e-06 0.000836936 0.0438019 0.277125 0.215813 0.102391 0.213954 0.0899252 0.0423798 0.0118784 0.00177884 0.000111803 2.4181e-06 1.48968e-08 2.16749e-11 6.49329e-15 3.56465e-19 3.22809e-24 4.41154e-30
 1.27116e-41 1.76429e-33 2.95997e-26 6.00275e-20 1.4715e-14 4.36033e-10 1.5618e-06 0.000676206 0.0353899 0.223918 0.176282 0.113828 0.233691 0.119471 0.0779829 0.0169555 0.00171211 9.03091e-05 1.70836e-06 8.83506e-09 1.01491e-11 2.22495e-15 8.38745e-20 5.0585e-25 4.61439e-31
 1.14746e-41 1.5926e-33 2.67191e-26 5.41859e-20 1.3283e-14 3.936e-10 1.40981e-06 0.0006104 0.0319459 0.202139 0.160416 0.117522 0.227554 0.135278 0.0979109 0.0237629 0.00275324 0.000104995 1.37623e-06 5.62233e-09 5.17373e-12 8.80667e-16 2.47622e-20 1.06912e-25 6.74731e-32
 1.55836e-41 2.16289e-33 3.6287e-26 7.35894e-20 1.80396e-14 5.34546e-10 1.91466e-06 0.00082898 0.0433855 0.274507 0.214973 0.100713 0.165331 0.104365 0.0741416 0.0192196 0.00243511 9.81919e-05 1.1222e-06 3.14957e-09 2.03612e-12 2.59754e-16 5.53668e-21 1.78855e-26 8.28556e-33
 1.41033e-41 1.95745e-33 3.28403e-26 6.65994e-20 1.63261e-14 4.83771e-10 1.73279e-06 0.000750238 0.0392645 0.248466 0.198124 0.136116 0.215334 0.096722 0.0509544 0.0126433 0.00156026 6.41806e-05 7.32788e-07 1.84067e-09 8.93841e-13 7.78159e-17 1.14814e-21 2.66607e-27 9.04589e-34
 1.46271e-41 2.03015e-33 3.406e-26 6.9073e-20 1.69324e-14 5.01739e-10 1.79715e-06 0.000778103 0.0407229 0.257702 0.2055 0.130021 0.190057 0.107637 0.0569386 0.00971571 0.000892157 3.31844e-05 3.54612e-07 8.27431e-10 3.53826e-13 2.47999e-17 2.67765e-22 4.29369e-28 9.96095e-35
 1.4437e-41 2.00376e-33 3.36172e-26 6.81751e-20 1.67123e-14 4.95217e-10 1.77379e-06 0.000767988 0.0401936 0.254383 0.205063 0.144546 0.195753 0.100992 0.0486725 0.00891594 0.000694982 1.74723e-05 1.43405e-07 2.84369e-10 1.04673e-13 6.21302e-18 5.49167e-23 6.88451e-29 1.18795e-35
 1.55852e-41 2.16312e-33 3.62908e-26 7.3597e-20 1.80414e-14 5.34601e-10 1.91485e-06 0.000829065 0.0433901 0.274624 0.221207 0.141362 0.175002 0.0949299 0.0416063 0.00657247 0.000465116 1.03584e-05 6.13006e-08 8.45244e-11 2.35748e-14 1.11452e-18 7.92626e-24 7.94827e-30 1.0824e-36
 1.50425e-41 2.0878e-33 3.50271e-26 7.10344e-20 1.74132e-14 5.15986e-10 1.84818e-06 0.000800197 0.0418794 0.26512 0.217148 0.160693 0.184946 0.0895736 0.0344727 0.00505567 0.000303991 5.60773e-06 2.74873e-08 2.86298e-11 5.52743e-15 1.8171e-19 9.40328e-25 7.10375e-31 7.40379e-38
 1.55185e-41 2.15386e-33 3.61355e-26 7.3282e-20 1.79642e-14 5.32313e-10 1.90666e-06 0.000825517 0.0432046 0.273542 0.224951 0.160085 0.172388 0.0899218 0.0310977 0.00378938 0.000190663 2.91593e-06 1.13097e-08 9.18923e-12 1.34915e-15 3.20238e-20 1.14893e-25 5.97711e-32 4.36449e-39
 1.5572e-41 2.16129e-33 3.62602e-26 7.35349e-20 1.80262e-14 5.3415e-10 1.91324e-06 0.000828366 0.0433539 0.274556 0.228753 0.171133 0.170307 0.0823738 0.0256627 0.00290811 0.000120672 1.43491e-06 4.32409e-09 2.68823e-12 2.96763e-16 5.25177e-21 1.38739e-26 5.20215e-33 2.67579e-40
 1.59323e-41 2.2113e-33 3.70991e-26 7.52363e-20 1.84433e-14 5.46508e-10 1.9575e-06 0.000847532 0.0443572 0.280972 0.235922 0.173768 0.161941 0.0783282 0.0216507 0.00213446 7.61096e-05 7.44864e-07 1.71169e-09 7.89078e-13 6.44351e-17 8.3946e-22 1.62247e-27 4.43349e-34 1.65621e-41
 1.58798e-41 2.20401e-33 3.69768e-26 7.49882e-20 1.83825e-14 5.44706e-10 1.95105e-06 0.000844737 0.0442113 0.280161 0.239158 0.184509 0.159963 0.0720291 0.0175648 0.00151369 4.43247e-05 3.47965e-07 6.28878e-10 2.19244e-13 1.30786e-17 1.22869e-22 1.71117e-28 3.37186e-35 9.07685e-43
 1.37524e-41 1.90875e-33 3.20232e-26 6.49423e-20 1.59198e-14 4.71734e-10 1.68968e-06 0.000731571 0.0382893 0.242925 0.219126 0.216969 0.182962 0.0805318 0.0171802 0.00125341 3.00734e-05 1.87175e-07 2.5959e-10 6.84018e-14 3.04276e-18 2.09328e-23 2.09962e-29 2.9513e-36 5.65054e-44
 1.39837e-41 1.94084e-33 3.25616e-26 6.60343e-20 1.61875e-14 4.79666e-10 1.71809e-06 0.000743873 0.0389336 0.247099 0.223254 0.205184 0.176993 0.0889746 0.0176551 0.00113887 2.23592e-05 1.09171e-07 1.15654e-10 2.27816e-14 7.46825e-19 3.75982e-24 2.74592e-30 2.79286e-37 3.84086e-45
 1.46622e-41 2.03502e-33 3.41417e-26 6.92387e-20 1.6973e-14 5.02942e-10 1.80146e-06 0.000779969 0.0408227 0.259037 0.231856 0.202978 0.169157 0.0783571 0.0159286 0.00106228 1.932e-05 8.17248e-08 7.21174e-11 1.16184e-14 3.09006e-19 1.2557e-24 7.37652e-31 6.02499e-38 6.65112e-46
 1.46624e-41 2.03504e-33 3.4142e-26 6.92394e-20 1.69732e-14 5.02947e-10 1.80148e-06 0.000779977 0.0408231 0.25904 0.231858 0.202982 0.169243 0.0785301 0.0157297 0.000994297 1.67869e-05 6.45454e-08 5.09308e-11 7.25631e-15 1.69349e-19 6.00862e-25 3.07093e-31 2.1767e-38 2.08142e-46
#pred catch len freq
 2.55926e-27 2.57755e-27 2.33868e-26 4.39364e-20 1.07705e-14 3.19149e-10 1.14314e-06 0.000494935 0.0259031 0.163871 0.125834 0.0443685 0.249301 0.230003 0.0461154 0.0476105 0.0196185 0.0140472 0.00844029 0.00630891 0.00489137 0.00419373 0.00417964 0.00369266 0.00112586
 2.56015e-27 2.58041e-27 2.62735e-26 5.00274e-20 1.22636e-14 3.63393e-10 1.30161e-06 0.000563548 0.0294941 0.186588 0.14312 0.0405736 0.208279 0.193118 0.0572969 0.0823127 0.0288133 0.0133975 0.00607762 0.00346923 0.00219493 0.00160927 0.00141919 0.00125306 0.000418546
 2.56111e-27 2.58277e-27 2.80949e-26 5.38687e-20 1.32053e-14 3.91296e-10 1.40155e-06 0.00060682 0.0317588 0.200915 0.154093 0.0426315 0.216229 0.199772 0.0460786 0.0552648 0.0238918 0.0177145 0.00629078 0.00231084 0.00100627 0.000564608 0.000411426 0.000340867 0.000117852
 2.56141e-27 2.58349e-27 2.8624e-26 5.49845e-20 1.34788e-14 3.99401e-10 1.43059e-06 0.000619389 0.0324166 0.205077 0.15728 0.0432592 0.218767 0.202069 0.0457362 0.0536935 0.0201554 0.0115695 0.00560358 0.00256452 0.000701859 0.000241053 0.000125164 8.90777e-05 3.04722e-05
 2.563e-27 2.58767e-27 3.22033e-26 6.25349e-20 1.53297e-14 4.54246e-10 1.62703e-06 0.000704443 0.036868 0.233237 0.178782 0.0431394 0.20275 0.187134 0.0403362 0.0450855 0.0167428 0.00920189 0.00362506 0.00158868 0.000594768 0.000142238 3.96117e-05 2.03615e-05 6.52446e-06
 2.56228e-27 2.5856e-27 3.0243e-26 5.83988e-20 1.43158e-14 4.24202e-10 1.51942e-06 0.000657851 0.0344295 0.217811 0.167028 0.0447394 0.223184 0.205797 0.0401562 0.0399283 0.0144341 0.00739995 0.00283994 0.0011057 0.000358484 0.000103486 1.92431e-05 5.07015e-06 1.36226e-06
 2.56268e-27 2.58674e-27 3.13045e-26 6.06386e-20 1.48648e-14 4.40471e-10 1.57769e-06 0.000683081 0.03575 0.226165 0.173393 0.0439028 0.212345 0.195948 0.0412017 0.0447606 0.0154111 0.00674099 0.00245297 0.00089784 0.000263813 6.69967e-05 1.29054e-05 1.8188e-06 3.10735e-07
 2.56489e-27 2.59262e-27 3.64083e-26 7.14049e-20 1.7504e-14 5.18676e-10 1.85781e-06 0.000804361 0.0420974 0.26632 0.204044 0.0432534 0.185868 0.171317 0.0332506 0.032822 0.0117137 0.00573945 0.00193695 0.000617817 0.000167694 3.82235e-05 6.59064e-06 7.55657e-07 6.69196e-08
 2.56548e-27 2.59408e-27 3.75468e-26 7.38061e-20 1.80927e-14 5.36118e-10 1.92029e-06 0.000831411 0.043513 0.275276 0.210897 0.0441315 0.187736 0.172794 0.0290643 0.0228452 0.00780776 0.00337935 0.00120046 0.000404441 9.60076e-05 1.94728e-05 2.95889e-06 2.93929e-07 1.67662e-08
 2.5648e-27 2.59219e-27 3.5857e-26 7.02413e-20 1.72188e-14 5.10224e-10 1.82754e-06 0.000791254 0.0414114 0.26198 0.200755 0.044771 0.199728 0.183855 0.0309413 0.0243099 0.00776807 0.00253194 0.000819782 0.000256773 6.48441e-05 1.20905e-05 1.58457e-06 1.35644e-07 6.10211e-09
 2.56487e-27 2.59241e-27 3.6057e-26 7.06632e-20 1.73222e-14 5.13289e-10 1.83851e-06 0.000796006 0.0416601 0.263554 0.201954 0.0446187 0.197727 0.182033 0.0310549 0.0250291 0.00800289 0.00259335 0.000744857 0.000181343 4.09825e-05 7.72133e-06 9.4706e-07 6.89483e-08 2.59513e-09
 2.5663e-27 2.59625e-27 3.94208e-26 7.77594e-20 1.90618e-14 5.64835e-10 2.02314e-06 0.000875944 0.0458437 0.29002 0.222153 0.043941 0.178378 0.164102 0.0265169 0.0191883 0.00616151 0.00205748 0.000592323 0.000137722 2.47649e-05 3.89296e-06 4.62325e-07 3.10811e-08 9.88423e-10
 2.56733e-27 2.599e-27 4.18102e-26 8.27998e-20 2.02974e-14 6.01447e-10 2.15428e-06 0.000932722 0.0488153 0.308819 0.236502 0.043582 0.165565 0.152203 0.0230528 0.0142695 0.0044577 0.00131443 0.000377152 8.98073e-05 1.57437e-05 2.05909e-06 1.96645e-07 1.23501e-08 3.55512e-10
 2.56547e-27 2.59389e-27 3.72325e-26 7.31426e-20 1.793e-14 5.31299e-10 1.90302e-06 0.000823936 0.0431218 0.272801 0.209027 0.0453783 0.198538 0.182536 0.0267238 0.014997 0.0045449 0.00112619 0.000301881 6.50652e-05 1.14802e-05 1.48024e-06 1.19367e-07 6.02208e-09 1.57552e-10
 2.56378e-27 2.58937e-27 3.32917e-26 6.48294e-20 1.58921e-14 4.70913e-10 1.68673e-06 0.00073029 0.0382207 0.241795 0.185362 0.0460408 0.220206 0.202659 0.0326025 0.0233347 0.00700771 0.00156308 0.00039076 7.16248e-05 1.13611e-05 1.40305e-06 1.10735e-07 4.72818e-09 1.00486e-10
 2.56514e-27 2.59306e-27 3.65708e-26 7.1747e-20 1.75879e-14 5.21161e-10 1.86671e-06 0.000808215 0.042299 0.267596 0.205046 0.0449947 0.198415 0.182554 0.0290927 0.0204082 0.00637918 0.00184863 0.00046724 7.6993e-05 1.06599e-05 1.13385e-06 8.32026e-08 3.39737e-09 6.11851e-11
 2.5665e-27 2.59671e-27 3.97568e-26 7.8468e-20 1.92355e-14 5.69982e-10 2.04158e-06 0.000883926 0.0462615 0.292663 0.224178 0.0444237 0.180628 0.166052 0.0245713 0.0142443 0.00441611 0.00125482 0.000341246 6.97102e-05 9.33798e-06 8.61124e-07 5.34081e-08 1.98344e-09 3.33559e-11
 2.56652e-27 2.59674e-27 3.97401e-26 7.84325e-20 1.92268e-14 5.69724e-10 2.04066e-06 0.000883526 0.0462406 0.292531 0.224083 0.0447524 0.183197 0.168352 0.0237076 0.0116857 0.00349482 0.000807556 0.0002116 4.35025e-05 6.799e-06 6.85282e-07 3.74202e-08 1.16662e-09 1.75654e-11
 2.56647e-27 2.59662e-27 3.96542e-26 7.82514e-20 1.91824e-14 5.68409e-10 2.03594e-06 0.000881486 0.0461338 0.291855 0.223565 0.0446422 0.182722 0.16795 0.0242968 0.0131257 0.00385513 0.000753574 0.000180411 3.10048e-05 4.70464e-06 5.21804e-07 3.21922e-08 9.17851e-10 1.16311e-11
 2.56694e-27 2.59787e-27 4.07463e-26 8.05552e-20 1.97471e-14 5.85143e-10 2.09588e-06 0.000907438 0.047492 0.300448 0.230123 0.0444432 0.1766 0.162268 0.0226968 0.0109102 0.00322991 0.000691286 0.000161762 2.35955e-05 3.05117e-06 3.03993e-07 1.9968e-08 6.35474e-10 7.59909e-12
 2.56726e-27 2.59876e-27 4.15403e-26 8.22303e-20 2.01578e-14 5.9731e-10 2.13947e-06 0.000926307 0.0484796 0.306695 0.234889 0.0441427 0.170965 0.157085 0.0220816 0.010809 0.00315765 0.000601757 0.000140655 2.19565e-05 2.60417e-06 2.1497e-07 1.22837e-08 4.02978e-10 5.26953e-12
 2.56786e-27 2.60036e-27 4.29216e-26 8.5144e-20 2.0872e-14 6.18476e-10 2.21528e-06 0.00095913 0.0501974 0.317563 0.243185 0.044 0.16405 0.150638 0.0197433 0.00710074 0.0020575 0.000398773 9.10663e-05 1.29141e-05 1.56657e-06 1.27508e-07 6.09691e-09 1.71424e-10 2.25016e-12
 2.56814e-27 2.60112e-27 4.36025e-26 8.65806e-20 2.12242e-14 6.28911e-10 2.25265e-06 0.000975313 0.0510443 0.322921 0.247271 0.0437204 0.159051 0.146045 0.0193031 0.00724902 0.00204591 0.000297017 6.34778e-05 9.05875e-06 1.03753e-06 8.0842e-08 3.84937e-09 9.32666e-11 1.04692e-12
 2.56834e-27 2.60167e-27 4.40966e-26 8.76229e-20 2.14797e-14 6.36482e-10 2.27977e-06 0.000987054 0.0516588 0.326808 0.250236 0.0434989 0.155283 0.142585 0.0190034 0.00743716 0.00210906 0.000317718 6.49219e-05 7.15974e-06 7.69354e-07 5.82063e-08 2.61576e-09 6.18504e-11 6.13186e-13
 2.56893e-27 2.60327e-27 4.55017e-26 9.05871e-20 2.22063e-14 6.58014e-10 2.35689e-06 0.00102045 0.0534064 0.337864 0.258673 0.043184 0.146958 0.134876 0.0171456 0.00514292 0.0014475 0.000226428 4.70395e-05 5.29081e-06 4.98188e-07 3.103e-08 1.33015e-09 2.98247e-11 2.83484e-13
 2.56881e-27 2.60292e-27 4.51796e-26 8.99075e-20 2.20397e-14 6.53077e-10 2.33921e-06 0.00101279 0.0530058 0.335329 0.256741 0.0433838 0.149837 0.137509 0.0171803 0.00455808 0.00125184 0.000155164 3.02136e-05 3.5162e-06 3.38317e-07 1.99163e-08 7.01235e-10 1.4234e-11 1.28418e-13
 2.56899e-27 2.60342e-27 4.56209e-26 9.08384e-20 2.22679e-14 6.59839e-10 2.36343e-06 0.00102328 0.0535546 0.338801 0.25939 0.043262 0.147048 0.134933 0.0166769 0.00405853 0.00110202 0.000123408 2.22759e-05 2.09996e-06 1.91592e-07 1.16221e-08 3.97691e-10 6.85561e-12 5.41416e-14
 2.56882e-27 2.60296e-27 4.52087e-26 8.9969e-20 2.20548e-14 6.53523e-10 2.34081e-06 0.00101348 0.053042 0.335558 0.256916 0.0434133 0.149938 0.137593 0.017036 0.00420715 0.00113866 0.000119088 2.05917e-05 1.75226e-06 1.38924e-07 7.1278e-09 2.42605e-10 4.11882e-12 2.85191e-14
 2.56676e-27 2.59729e-27 4.01508e-26 7.92986e-20 1.94391e-14 5.76015e-10 2.06319e-06 0.000893282 0.0467512 0.295761 0.226558 0.0453109 0.185708 0.170513 0.0212585 0.00554765 0.00150708 0.000159392 2.74661e-05 2.18834e-06 1.61414e-07 7.19753e-09 2.05171e-10 3.25689e-12 2.21849e-14
#obs catch len freq
 5.99596e-42 8.322e-34 1.39619e-26 2.83144e-20 6.94094e-15 2.05673e-10 7.36686e-07 0.00031896 0.0166931 0.105607 0.0814075 0.0423825 0.226862 0.191564 0.131738 0.127376 0.0520939 0.01939 0.00407175 0.000472329 2.24669e-05 3.19675e-07 1.02422e-09 6.0212e-13 5.68157e-17
 6.82897e-42 9.47816e-34 1.59016e-26 3.22481e-20 7.90524e-15 2.34247e-10 8.39033e-07 0.000363273 0.0190122 0.120278 0.092724 0.0462081 0.230258 0.184879 0.129169 0.114359 0.0445828 0.0150457 0.00282793 0.000281236 1.08694e-05 1.19257e-07 2.83478e-10 1.20627e-13 8.1214e-18
 1.0339e-41 1.43499e-33 2.40749e-26 4.88235e-20 1.19685e-14 3.54649e-10 1.27029e-06 0.000549993 0.0287845 0.1821 0.139998 0.0481321 0.201792 0.154031 0.110132 0.0892435 0.0332994 0.0101183 0.00167227 0.000139988 4.34552e-06 3.65568e-08 6.43512e-11 1.98325e-14 9.54083e-19
 8.79846e-42 1.22117e-33 2.04876e-26 4.15485e-20 1.01851e-14 3.01804e-10 1.08101e-06 0.000468041 0.0244954 0.154968 0.119618 0.0601517 0.262773 0.183345 0.0956804 0.06733 0.0237407 0.00643913 0.000924531 6.38737e-05 1.56437e-06 9.99501e-09 1.29849e-11 2.89714e-15 9.96883e-20
 1.21821e-41 1.69079e-33 2.83666e-26 5.75269e-20 1.4102e-14 4.17869e-10 1.49674e-06 0.000648036 0.0339156 0.214562 0.165018 0.0538828 0.192855 0.135427 0.110437 0.070664 0.018078 0.00398986 0.000491204 2.76687e-05 5.25994e-07 2.51783e-09 2.39644e-12 3.86056e-16 9.49897e-21
 1.28758e-41 1.78707e-33 2.99819e-26 6.08026e-20 1.49051e-14 4.41664e-10 1.58197e-06 0.000684938 0.0358469 0.226781 0.174668 0.0636845 0.22023 0.137607 0.0764977 0.0459989 0.0149816 0.0027678 0.000239191 1.04168e-05 1.51631e-07 5.37313e-10 3.70896e-13 4.28615e-17 7.51703e-22
 1.16932e-41 1.62294e-33 2.72283e-26 5.52184e-20 1.35361e-14 4.011e-10 1.43668e-06 0.000622031 0.0325546 0.205955 0.159052 0.0696559 0.235971 0.143297 0.0931239 0.0470808 0.010657 0.00187308 0.000152471 4.64847e-06 4.75805e-08 1.22311e-10 6.07003e-14 4.99481e-18 6.20676e-23
 1.45039e-41 2.01305e-33 3.37731e-26 6.84912e-20 1.67898e-14 4.97513e-10 1.78201e-06 0.000771549 0.0403798 0.255459 0.196775 0.0646097 0.184563 0.112507 0.0901995 0.0433187 0.00999103 0.00133775 8.36573e-05 2.17738e-06 1.5969e-08 2.76213e-11 9.50747e-15 5.50625e-19 4.81891e-24
 1.67229e-41 2.32103e-33 3.89401e-26 7.89697e-20 1.93585e-14 5.73627e-10 2.05464e-06 0.000889588 0.0465575 0.294542 0.226833 0.0688535 0.175391 0.0948649 0.0582978 0.026296 0.0066022 0.000828579 4.18059e-05 7.85402e-07 4.39158e-09 5.47901e-12 1.26989e-15 4.94595e-20 2.97092e-25
 1.64247e-41 2.27964e-33 3.82457e-26 7.75615e-20 1.90133e-14 5.63398e-10 2.018e-06 0.000873725 0.0457273 0.289292 0.223267 0.0770431 0.190046 0.0959017 0.0538215 0.0198185 0.00375279 0.000433755 2.05029e-05 3.06432e-07 1.21503e-09 1.07813e-12 1.78478e-16 4.80349e-21 1.9448e-26
 1.55737e-41 2.16152e-33 3.6264e-26 7.35427e-20 1.80281e-14 5.34206e-10 1.91344e-06 0.000828453 0.043358 0.274307 0.212306 0.0839879 0.199439 0.1001 0.0622353 0.0200854 0.00308127 0.000260578 9.57736e-06 1.22245e-07 3.81697e-10 2.41461e-13 2.76166e-17 5.17895e-22 1.46589e-27
 1.52134e-41 2.11151e-33 3.5425e-26 7.18413e-20 1.7611e-14 5.21848e-10 1.86917e-06 0.000809287 0.0423549 0.267965 0.207932 0.0891754 0.199195 0.101074 0.0678662 0.0204094 0.00300928 0.000202805 5.21739e-06 4.71838e-08 1.13292e-10 5.51936e-14 4.60082e-18 6.01849e-23 1.17126e-28
 1.93236e-41 2.68199e-33 4.4996e-26 9.12509e-20 2.23691e-14 6.62837e-10 2.37417e-06 0.00102794 0.0537981 0.340355 0.26272 0.0761166 0.135559 0.068721 0.0465215 0.0131593 0.00190207 0.000114232 2.37345e-06 1.49106e-08 2.39903e-11 8.25904e-15 5.06853e-19 4.87481e-24 6.81241e-30
 1.62733e-41 2.25862e-33 3.78931e-26 7.68464e-20 1.8838e-14 5.58204e-10 1.9994e-06 0.00086567 0.0453057 0.286645 0.223688 0.107351 0.205642 0.0823576 0.0372698 0.00951165 0.00129107 7.00597e-05 1.27032e-06 6.31324e-09 7.19247e-12 1.64464e-15 6.75156e-20 4.50362e-25 4.48918e-31
 1.33558e-41 1.8537e-33 3.10997e-26 6.30696e-20 1.54608e-14 4.58131e-10 1.64095e-06 0.000710475 0.0371835 0.235273 0.18577 0.120121 0.225794 0.112606 0.0680555 0.0132097 0.00121835 5.56516e-05 8.7598e-07 3.62522e-09 3.23482e-12 5.3848e-16 1.51543e-20 6.73412e-26 4.48093e-32
 1.21815e-41 1.69072e-33 2.83653e-26 5.75242e-20 1.41014e-14 4.1785e-10 1.49667e-06 0.000648006 0.0339141 0.214601 0.17089 0.12425 0.220408 0.129226 0.0853236 0.0187611 0.00191434 6.21233e-05 6.81886e-07 2.22572e-09 1.58208e-12 2.03495e-16 4.25825e-21 1.35321e-26 6.23338e-33
 1.63647e-41 2.27131e-33 3.81059e-26 7.7278e-20 1.89438e-14 5.61339e-10 2.01063e-06 0.000870532 0.0455602 0.288274 0.226201 0.104475 0.156993 0.097888 0.0631032 0.014927 0.00164983 5.60493e-05 5.22698e-07 1.16628e-09 5.83144e-13 5.60833e-17 8.86927e-22 2.10416e-27 7.10726e-34
 1.4884e-41 2.0658e-33 3.4658e-26 7.02857e-20 1.72297e-14 5.10548e-10 1.8287e-06 0.000791764 0.0414379 0.262232 0.209755 0.14072 0.202735 0.088548 0.0429588 0.00973641 0.00104569 3.61144e-05 3.32651e-07 6.54489e-10 2.43577e-13 1.59669e-17 1.74657e-22 2.97229e-28 7.3374e-35
 1.54679e-41 2.14684e-33 3.60177e-26 7.30432e-20 1.79057e-14 5.30578e-10 1.90045e-06 0.000822827 0.0430636 0.272529 0.217927 0.133701 0.1786 0.0988517 0.0466998 0.00720193 0.000583571 1.82164e-05 1.56207e-07 2.83158e-10 9.1982e-14 4.82419e-18 3.8539e-23 4.53015e-29 7.64357e-36
 1.52964e-41 2.12304e-33 3.56184e-26 7.22334e-20 1.77072e-14 5.24695e-10 1.87937e-06 0.000813704 0.0425862 0.269545 0.217959 0.147865 0.182803 0.091723 0.0397238 0.0065328 0.000436036 9.20781e-06 6.096e-08 9.3576e-11 2.60182e-14 1.14917e-18 7.48355e-24 6.86322e-30 8.61602e-37
 1.64647e-41 2.28519e-33 3.83387e-26 7.77502e-20 1.90595e-14 5.64769e-10 2.02291e-06 0.000875851 0.0458388 0.290144 0.234331 0.143296 0.16216 0.0851338 0.0332245 0.00470366 0.000284751 5.2297e-06 2.46992e-08 2.64131e-11 5.55991e-15 1.94872e-19 1.017e-24 7.43484e-31 7.34759e-38
 1.59373e-41 2.212e-33 3.71108e-26 7.526e-20 1.84491e-14 5.46681e-10 1.95812e-06 0.000847799 0.0443708 0.280922 0.230788 0.162166 0.170488 0.0794269 0.0272514 0.00355386 0.00018122 2.74806e-06 1.06574e-08 8.53451e-12 1.24114e-15 3.02358e-20 1.14556e-25 6.28858e-32 4.74127e-39
 1.64358e-41 2.28118e-33 3.82714e-26 7.76137e-20 1.90261e-14 5.63778e-10 2.01936e-06 0.000874313 0.0457586 0.289746 0.238918 0.160552 0.158457 0.0788908 0.0240907 0.00259777 0.000110447 1.3774e-06 4.20451e-09 2.61495e-12 2.87895e-16 5.05347e-21 1.32729e-26 5.01527e-33 2.64415e-40
 1.64896e-41 2.28865e-33 3.83969e-26 7.78681e-20 1.90885e-14 5.65626e-10 2.02598e-06 0.00087718 0.0459088 0.29078 0.242925 0.170691 0.155698 0.0714364 0.0196616 0.00195126 6.77167e-05 6.53749e-07 1.54339e-09 7.31323e-13 6.03575e-17 7.87932e-22 1.52131e-27 4.1422e-34 1.53968e-41
 1.68601e-41 2.34007e-33 3.92596e-26 7.96176e-20 1.95173e-14 5.78334e-10 2.0715e-06 0.000896887 0.0469405 0.297388 0.250289 0.172261 0.147437 0.0670474 0.0162963 0.00139965 4.14927e-05 3.26591e-07 5.84679e-10 2.04823e-13 1.24711e-17 1.19593e-22 1.68655e-28 3.3419e-35 9.01249e-43
 1.68099e-41 2.3331e-33 3.91426e-26 7.93804e-20 1.94592e-14 5.76611e-10 2.06533e-06 0.000894215 0.0468011 0.296638 0.253767 0.182006 0.144958 0.0609133 0.0130269 0.000969626 2.34563e-05 1.47327e-07 2.06268e-10 5.44138e-14 2.41491e-18 1.66738e-23 1.69181e-29 2.41421e-36 4.68665e-44
 1.47053e-41 2.041e-33 3.42419e-26 6.94419e-20 1.70229e-14 5.04419e-10 1.80675e-06 0.00078226 0.0409427 0.259855 0.234961 0.214887 0.167118 0.0679887 0.0126571 0.000792156 1.56057e-05 7.72241e-08 8.26067e-11 1.64144e-14 5.41775e-19 2.73498e-24 1.99718e-30 2.03193e-37 2.80353e-45
 1.49636e-41 2.07685e-33 3.48434e-26 7.06618e-20 1.73219e-14 5.13279e-10 1.83848e-06 0.000796001 0.0416616 0.264316 0.234672 0.19713 0.167305 0.0787831 0.0144775 0.000842304 1.45102e-05 6.07306e-08 5.40319e-11 8.81175e-15 2.36707e-19 9.69615e-25 5.73337e-31 4.70503e-38 5.20762e-46
 1.55297e-41 2.15541e-33 3.61615e-26 7.33349e-20 1.79772e-14 5.32697e-10 1.90803e-06 0.000826113 0.0432376 0.274277 0.241891 0.19494 0.158512 0.0713325 0.014087 0.00088023 1.47514e-05 5.63946e-08 4.43162e-11 6.2957e-15 1.46627e-19 5.19462e-25 2.65193e-31 1.87808e-38 1.79465e-46
#spawning biomass
 16636.7 18898.7 20203.1 22869.2 26379.2 31004.9 35804.8 44085.2 59723.1 79797.9 94608.2 110983 152064 189274 186242 147080 133982 133109 138611 136796 143786 134155 147387 170354 176677 178752 171603 168869 190727 312720 230906 105074 49170.4 28448.5 21558.6 19424.8 18795.5 18616.3 18566.5 18552.9 18549.3 18548.3 18548.1 18548 18548 18548 18548 18548 18548 18548 18548 18548 18548 18548 18548 18548 18548 18548 18548 18548 18548 18548 18548 18548 18548 18548 18548 18548 18548 18548 18548 18548 18548 18548 18548 18548 18548 18548 18548 18548 18548 18548 18548 18548 18548 18548 18548 18548 18548 18548 18548 18548 18548 18548 18548 18548 18548 18548 18548 18548 18548 18548 18548 18548 18548 18548 18548 18548 18548 18548 18548 18548 18548 18548 18548 18548 18548 18548 18548 18548 18548 18548 18548 18548 18548 18548 18548 18548 18548 0 0 0 0 0 0 0 0 0 0 0 0 0 0 0 0 0 0 0 0 0 0 0 0 0
