SBPRF35
0.175648
Curr Bio
205080
B35
307164
F35
0.720414
FOFL
0.275252
OFL
15420.9
Bzero
50185.1
#pred survey bio
 8630.1 7092.43 6086.65 7433.49 10372 16631.7 26828 38318.5 55597.5 75643.9 106563 145031 194293 217267 206904 237848 221886 194404 195233 194991 215677 230248 253569 288910 325171 299192 304672 328173 245797 5.87579e+06 4.1584e+06 2.53198e+06 1.47348e+06 941917 694524 579476 523490 494417 478367 469103 463605 460295 458289 457068 456311 455860 455590 455429 455332 455273 455238 455217 455205 455197 455193 455190 455188 455187 455187 455186 455186 455186 455186 455186 455186 455186 455186 455186 455186 455186 455186 455186 455186 455186 455186 455186 455186 455186 455186 455186 455186 455186 455186 455186 455186 455186 455186 455186 455186 455186 455186 455186 455186 455186 455186 455186 455186 455186 455186 455186 455186 455186 455186 455186 455186 455186 455186 455186 455186 455186 455186 455186 455186 455186 455186 455186 455186 455186 455186 455186 455186 455186 455186 455186 455186 455186 455186 455186 455186 0 0 0 0 0 0 0 0 0 0 0 0 0 0 0 0 0 0 0 0 0 0 0 0 0
#obs survey bio
 7611.86 6781.88 4402.16 7242.58 7875.49 12590.2 20045.8 36462.4 33544.5 63277.6 84476.6 107825 127580 161130 169192 140908 172670 138287 143970 169620 124823 195737 268504 229316 295948 207942 226549 296420 159849
#pred catch bio
 3794.5 3320.81 3023.31 3447.65 4623.67 7089.63 13253.2 18942.8 30486.5 41693.7 58608.9 81882.5 114694 139787 125140 154052 149575 123099 131462 124578 140337 152876 166985 189639 227342 206859 208490 235253 214951 15420.9 77017.4 42790.4 21688.5 12257.8 8562.96 7229.07 6773.31 6623.49 6575.59 6560.59 6555.97 6554.56 6554.14 6554.01 6553.97 6553.96 6553.95 6553.95 6553.95 6553.95 6553.95 6553.95 6553.95 6553.95 6553.95 6553.95 6553.95 6553.95 6553.95 6553.95 6553.95 6553.95 6553.95 6553.95 6553.95 6553.95 6553.95 6553.95 6553.95 6553.95 6553.95 6553.95 6553.95 6553.95 6553.95 6553.95 6553.95 6553.95 6553.95 6553.95 6553.95 6553.95 6553.95 6553.95 6553.95 6553.95 6553.95 6553.95 6553.95 6553.95 6553.95 6553.95 6553.95 6553.95 6553.95 6553.95 6553.95 6553.95 6553.95 6553.95 6553.95 6553.95 6553.95 6553.95 6553.95 6553.95 6553.95 6553.95 6553.95 6553.95 6553.95 6553.95 6553.95 6553.95 6553.95 6553.95 6553.95 6553.95 6553.95 6553.95 6553.95 6553.95 6553.95 6553.95 6553.95 6553.95 6553.95 6553.95 6553.95 0 0 0 0 0 0 0 0 0 0 0 0 0 0 0 0 0 0 0 0 0 0 0 0 0
#obs catch bio
 4633.66 3541.79 3434.82 3256.78 4355.22 6903.43 12541.1 17865.2 30317 41681.2 58601.4 78762.7 112278 144484 134868 162288 147082 127144 130178 131588 141676 146336 162103 186842 212870 212697 208269 219654 224765
#pred cpue bio
 6550.26 5694 4545.84 4678.19 6673.92 10213.7 16864.5 23746.2 34311.4 45429.8 63223 87546.3 115864 135851 127953 143448 138536 118976 120262 113614 127782 135822 145240 165273 187453 175033 173118 185261 152236 2.67226e+06 3.97774e+06 2.44715e+06 1.38929e+06 857722 610328 495280 439294 410221 394172 384907 379409 376099 374093 372872 372115 371664 371394 371233 371136 371078 371043 371022 371009 371001 370997 370994 370992 370991 370991 370990 370990 370990 370990 370990 370990 370990 370990 370990 370990 370990 370990 370990 370990 370990 370990 370990 370990 370990 370990 370990 370990 370990 370990 370990 370990 370990 370990 370990 370990 370990 370990 370990 370990 370990 370990 370990 370990 370990 370990 370990 370990 370990 370990 370990 370990 370990 370990 370990 370990 370990 370990 370990 370990 370990 370990 370990 370990 370990 370990 370990 370990 370990 370990 370990 370990 370990 370990 370990 370990 0 0 0 0 0 0 0 0 0 0 0 0 0 0 0 0 0 0 0 0 0 0 0 0 0
#obs cpue bio
 9098.47 3110.82 4675.88 8689.34 10372.6 13154.1 31485.5 32038.6 48629.7 57278.8 77450.6 151606 185066 143761 111780 216024 211285 129794 190256 94934.7 222124 213159 150350 213461 300220 187174 259024 282932 194457
#pred surv len freq
 1.58661e-11 1.72287e-09 1.103e-07 4.16326e-06 9.26473e-05 0.00121556 0.00940361 0.0429064 0.115657 0.185706 0.184873 0.133926 0.0980599 0.0770081 0.0528115 0.0329456 0.0209506 0.0134999 0.00892612 0.00622767 0.00467999 0.00384685 0.00328628 0.00251296 0.00145966
 1.27971e-11 1.38961e-09 8.8964e-08 3.35795e-06 7.47265e-05 0.000980456 0.00758554 0.034628 0.0935752 0.152135 0.160337 0.139663 0.131895 0.114819 0.0751525 0.0401916 0.0211997 0.0114989 0.00634412 0.00364203 0.00224237 0.00153958 0.00116273 0.000843269 0.000486845
 1.54306e-11 1.67558e-09 1.07272e-07 4.04898e-06 9.01042e-05 0.0011822 0.00914562 0.041732 0.112528 0.180983 0.181594 0.135396 0.104451 0.0856727 0.0613616 0.0395304 0.0235428 0.0120927 0.00554718 0.00252413 0.00120913 0.000639527 0.000388066 0.000248133 0.00013631
 1.8806e-11 2.04211e-09 1.30738e-07 4.93469e-06 0.000109814 0.00144079 0.0111456 0.050846 0.13694 0.218918 0.21339 0.142421 0.0881211 0.0601041 0.036642 0.0192464 0.0102088 0.00555731 0.00282075 0.00125185 0.000493812 0.000192212 8.35985e-05 4.16955e-05 2.01997e-05
 1.80105e-11 1.95573e-09 1.25207e-07 4.72595e-06 0.000105169 0.00137985 0.0106744 0.0487014 0.131233 0.210353 0.207676 0.145686 0.0996213 0.071777 0.0417581 0.0184299 0.00734902 0.00303928 0.00130213 0.000563542 0.000227694 8.05744e-05 2.61537e-05 8.93707e-06 3.30834e-06
 1.8912e-11 2.05361e-09 1.31474e-07 4.96249e-06 0.000110433 0.00144891 0.0112084 0.0511334 0.137724 0.220256 0.215085 0.144588 0.0907477 0.0620252 0.0365721 0.017302 0.00740985 0.00290859 0.000998276 0.000322206 0.000106155 3.46505e-05 1.03122e-05 2.74425e-06 7.04397e-07
 1.84429e-11 2.00268e-09 1.28213e-07 4.83941e-06 0.000107694 0.00141298 0.0109306 0.049868 0.134348 0.215115 0.211291 0.14533 0.095635 0.0673207 0.0393081 0.0177846 0.00724666 0.00284785 0.00101464 0.000318281 8.74967e-05 2.18398e-05 5.23394e-06 1.18393e-06 2.40268e-07
 1.86649e-11 2.02679e-09 1.29757e-07 4.89767e-06 0.00010899 0.00142998 0.0110621 0.0504673 0.135951 0.217593 0.213299 0.145565 0.0942211 0.0654335 0.0378197 0.0167858 0.00659974 0.00247324 0.000838457 0.000255801 6.98654e-05 1.64516e-05 3.29646e-06 5.78588e-07 9.17583e-08
 1.87159e-11 2.03232e-09 1.30111e-07 4.91104e-06 0.000109288 0.00143389 0.0110923 0.050605 0.136321 0.218172 0.213807 0.145748 0.0940952 0.0651383 0.037439 0.0163926 0.00629718 0.00229823 0.000753675 0.000219582 5.70784e-05 1.29335e-05 2.48915e-06 3.96297e-07 5.17233e-08
 1.91196e-11 2.07616e-09 1.32918e-07 5.01698e-06 0.000111646 0.00146482 0.0113315 0.0516949 0.139237 0.222677 0.217459 0.14617 0.0914981 0.0616268 0.03459 0.0144622 0.00515331 0.00176038 0.000553133 0.000155413 3.88288e-05 8.39743e-06 1.53758e-06 2.32903e-07 2.83571e-08
 1.92862e-11 2.09426e-09 1.34076e-07 5.0607e-06 0.000112618 0.00147758 0.0114302 0.0521447 0.14044 0.22454 0.21898 0.146383 0.090489 0.060232 0.0334277 0.0136377 0.00463059 0.00148701 0.000435704 0.000113405 2.65478e-05 5.46261e-06 9.55428e-07 1.37835e-07 1.59233e-08
 1.89914e-11 2.06224e-09 1.32026e-07 4.98333e-06 0.000110897 0.00145499 0.0112555 0.0513491 0.138316 0.221291 0.216513 0.146625 0.0932287 0.063376 0.0353245 0.0143208 0.00478123 0.00149573 0.000421581 0.00010345 2.24694e-05 4.26829e-06 6.93744e-07 9.42127e-08 1.03305e-08
 1.91973e-11 2.0846e-09 1.33458e-07 5.03737e-06 0.000112099 0.00147077 0.0113775 0.0519048 0.1398 0.223561 0.21824 0.146467 0.0913336 0.0612014 0.0340167 0.0138489 0.00466346 0.00146534 0.000409799 9.83187e-05 2.05475e-05 3.68759e-06 5.56648e-07 6.96983e-08 7.08085e-09
 1.83432e-11 1.99185e-09 1.2752e-07 4.81325e-06 0.000107112 0.00140534 0.0108716 0.0496004 0.133647 0.214159 0.211129 0.147267 0.0994158 0.0703783 0.0394041 0.0156269 0.00497415 0.00148214 0.000405544 9.69305e-05 2.01444e-05 3.54813e-06 5.16407e-07 6.11776e-08 5.78839e-09
 1.85397e-11 2.01319e-09 1.28886e-07 4.86481e-06 0.000108259 0.00142039 0.010988 0.0501306 0.135064 0.216329 0.212801 0.147182 0.0977091 0.0683769 0.0381431 0.015097 0.00477754 0.00139788 0.000368004 8.32836e-05 1.65281e-05 2.84466e-06 4.08992e-07 4.75653e-08 4.34997e-09
 1.89995e-11 2.06312e-09 1.32083e-07 4.98547e-06 0.000110944 0.00145562 0.0112604 0.0513711 0.138375 0.221385 0.216598 0.146666 0.0932285 0.0633511 0.0352801 0.0142609 0.00471726 0.00144146 0.000386696 8.7146e-05 1.68471e-05 2.77358e-06 3.80355e-07 4.27372e-08 3.82416e-09
 1.83304e-11 1.99046e-09 1.27431e-07 4.80989e-06 0.000107037 0.00140436 0.010864 0.049566 0.133559 0.214049 0.211171 0.147687 0.100159 0.0709291 0.0393135 0.0150819 0.00447027 0.00122667 0.000317783 7.3005e-05 1.45075e-05 2.4084e-06 3.24941e-07 3.52282e-08 3.01945e-09
 1.8694e-11 2.02995e-09 1.29959e-07 4.9053e-06 0.00010916 0.00143221 0.0110794 0.0505471 0.136178 0.218055 0.214215 0.147393 0.0967928 0.0670836 0.0370284 0.0142839 0.00427629 0.0011636 0.000284983 5.94435e-05 1.0873e-05 1.75637e-06 2.39382e-07 2.62359e-08 2.23183e-09
 1.85995e-11 2.01968e-09 1.29302e-07 4.8805e-06 0.000108608 0.00142497 0.0110234 0.0502919 0.135495 0.216996 0.21334 0.147241 0.0973212 0.0678586 0.0377317 0.0148236 0.00461151 0.001312 0.000330633 6.94901e-05 1.23733e-05 1.86751e-06 2.3497e-07 2.44589e-08 2.05198e-09
 1.9496e-11 2.11703e-09 1.35534e-07 5.11574e-06 0.000113843 0.00149365 0.0115545 0.0527112 0.141959 0.226911 0.22102 0.146997 0.0897416 0.0588125 0.0317942 0.0120939 0.00354515 0.000950067 0.000235583 5.06419e-05 9.3206e-06 1.43225e-06 1.77973e-07 1.76658e-08 1.38662e-09
 1.92199e-11 2.08705e-09 1.33615e-07 5.04329e-06 0.000112231 0.0014725 0.0113909 0.0519662 0.13997 0.223873 0.218729 0.147277 0.092389 0.0618069 0.0335378 0.0126477 0.00361682 0.000931181 0.000219991 4.47442e-05 7.89105e-06 1.20342e-06 1.52375e-07 1.54131e-08 1.20682e-09
 1.92924e-11 2.09492e-09 1.34119e-07 5.06232e-06 0.000112654 0.00147805 0.0114339 0.0521618 0.140492 0.22467 0.219331 0.147202 0.0916927 0.061023 0.0330878 0.0125106 0.00359889 0.000930092 0.000217757 4.30696e-05 7.25572e-06 1.04833e-06 1.26612e-07 1.24994e-08 9.79853e-10
 1.97382e-11 2.14333e-09 1.37218e-07 5.1793e-06 0.000115258 0.00151221 0.011698 0.0533648 0.143706 0.229596 0.223128 0.14702 0.0878311 0.0564648 0.0301645 0.0112419 0.00314457 0.000785244 0.00018039 3.55072e-05 5.94883e-06 8.43364e-07 9.81816e-08 9.23077e-09 6.90197e-10
 1.97459e-11 2.14417e-09 1.37272e-07 5.18133e-06 0.000115303 0.0015128 0.0117026 0.0533857 0.143763 0.22969 0.223233 0.147125 0.0879292 0.0564947 0.0300667 0.0110665 0.00300137 0.000715903 0.000157857 2.99913e-05 4.87092e-06 6.77225e-07 7.79441e-08 7.21194e-09 5.23807e-10
 1.96302e-11 2.13161e-09 1.36467e-07 5.15096e-06 0.000114627 0.00150393 0.011634 0.0530735 0.142929 0.228413 0.222256 0.147197 0.0889694 0.0577041 0.0308176 0.0113633 0.00308825 0.000735756 0.000160127 2.95035e-05 4.58566e-06 6.1007e-07 6.76798e-08 6.09291e-09 4.34216e-10
 1.93821e-11 2.10466e-09 1.34742e-07 5.08585e-06 0.000113178 0.00148493 0.011487 0.0524041 0.141143 0.225693 0.220242 0.14757 0.0915312 0.0605089 0.0323162 0.011676 0.0030033 0.000658732 0.000135019 2.42428e-05 3.70798e-06 4.8157e-07 5.15e-08 4.43882e-09 3.03671e-10
 1.98383e-11 2.1542e-09 1.37914e-07 5.20555e-06 0.000115842 0.00151987 0.0117573 0.0536349 0.144429 0.230713 0.224036 0.147135 0.0872027 0.055602 0.0294474 0.0107424 0.00284719 0.000650321 0.00013464 2.32597e-05 3.32818e-06 4.08143e-07 4.2166e-08 3.54068e-09 2.34768e-10
 1.9926e-11 2.16372e-09 1.38524e-07 5.22857e-06 0.000116354 0.00152659 0.0118093 0.0538716 0.145062 0.231687 0.224803 0.147152 0.0865227 0.0547554 0.0288437 0.0104131 0.00269242 0.000594398 0.00012134 2.12862e-05 3.11768e-06 3.81472e-07 3.78928e-08 3.00702e-09 1.89806e-10
 1.83948e-11 1.99745e-09 1.27879e-07 4.82678e-06 0.000107413 0.00140929 0.0109021 0.0497403 0.134031 0.214823 0.212019 0.148485 0.100859 0.07111 0.0385542 0.0137508 0.00337404 0.000678443 0.000127011 2.10705e-05 2.9755e-06 3.59079e-07 3.59094e-08 2.86546e-09 1.7783e-10
#obs surv len freq
 1.19625e-11 1.29899e-09 8.31625e-08 3.13898e-06 6.98537e-05 0.000916523 0.00709099 0.0323723 0.087506 0.142487 0.151247 0.134804 0.13208 0.12063 0.0858175 0.0513056 0.0286627 0.0147104 0.0066579 0.00258046 0.000817383 0.000199725 3.55848e-05 4.40662e-06 3.65217e-07
 6.58581e-12 7.15141e-10 4.5784e-08 1.72812e-06 3.84577e-05 0.000504627 0.00390572 0.017865 0.0487517 0.0830177 0.1047 0.133821 0.172456 0.170898 0.122765 0.07233 0.0387991 0.0186367 0.00776604 0.00274774 0.000790014 0.000174632 2.81308e-05 3.15034e-06 2.36102e-07
 1.78821e-11 1.94179e-09 1.24315e-07 4.69228e-06 0.00010442 0.00137001 0.0105981 0.0483493 0.130219 0.208154 0.202622 0.134308 0.0829841 0.0617474 0.0480578 0.0344116 0.0209509 0.0102758 0.00408768 0.00133094 0.000345797 6.85784e-05 9.89636e-06 9.93945e-07 6.69439e-08
 1.58647e-11 1.72272e-09 1.1029e-07 4.16291e-06 9.264e-05 0.00121549 0.00940375 0.0429224 0.115888 0.187421 0.192125 0.151601 0.122307 0.0932662 0.0518803 0.0203985 0.00707691 0.00279679 0.00112217 0.000368438 9.10839e-05 1.65011e-05 2.13559e-06 1.91336e-07 1.15002e-08
 1.62765e-11 1.76744e-09 1.13153e-07 4.27096e-06 9.50445e-05 0.00124704 0.00964784 0.0440358 0.118876 0.192061 0.19575 0.151075 0.117541 0.0884073 0.0505289 0.0210638 0.00703238 0.00199783 0.00049375 0.000113786 2.41234e-05 4.0855e-06 4.93392e-07 4.03709e-08 2.1833e-09
 1.6916e-11 1.83688e-09 1.17598e-07 4.43876e-06 9.87786e-05 0.00129603 0.0100269 0.0457658 0.123535 0.199436 0.202305 0.152989 0.114055 0.0819773 0.044491 0.0171418 0.00517673 0.00134556 0.000294951 5.21735e-05 7.49416e-06 8.92764e-07 8.58426e-08 6.14054e-09 3.01232e-10
 1.54584e-11 1.6786e-09 1.07465e-07 4.05629e-06 9.02678e-05 0.00118439 0.00916393 0.0418426 0.113133 0.183951 0.191899 0.1569 0.128761 0.095812 0.0513578 0.0190122 0.00534368 0.00125625 0.000245453 3.8078e-05 4.59613e-06 4.24974e-07 2.95665e-08 1.52753e-09 5.74396e-11
 1.71169e-11 1.85869e-09 1.18995e-07 4.49148e-06 9.99521e-05 0.00131144 0.0101465 0.0463183 0.125088 0.202253 0.205865 0.155755 0.113788 0.0786141 0.0407662 0.0148064 0.00407112 0.000918768 0.000167537 2.35337e-05 2.50252e-06 1.99111e-07 1.15728e-08 4.78814e-10 1.38202e-11
 1.56811e-11 1.70278e-09 1.09014e-07 4.11473e-06 9.15686e-05 0.00120147 0.0092967 0.0424584 0.114887 0.187252 0.196387 0.16084 0.12904 0.0917779 0.0463345 0.0156872 0.0038397 0.0007598 0.000125111 1.62988e-05 1.6063e-06 1.16299e-07 6.01292e-09 2.16558e-10 5.32843e-12
 1.66508e-11 1.80808e-09 1.15755e-07 4.36918e-06 9.72311e-05 0.00127577 0.00987144 0.0450791 0.121915 0.198159 0.205189 0.161225 0.121042 0.0814763 0.0391678 0.0123362 0.00265867 0.000437052 5.90138e-05 6.41936e-06 5.38811e-07 3.40049e-08 1.56684e-09 5.08042e-11 1.1221e-12
 1.59905e-11 1.73638e-09 1.11165e-07 4.19593e-06 9.3376e-05 0.00122522 0.00948111 0.0433118 0.117296 0.191635 0.201862 0.164897 0.128368 0.086464 0.0404902 0.0121193 0.00237738 0.000334821 3.7213e-05 3.30723e-06 2.2524e-07 1.1457e-08 4.29993e-10 1.16397e-11 2.20321e-13
 1.66e-11 1.80256e-09 1.15402e-07 4.35586e-06 9.69353e-05 0.00127192 0.00984255 0.0449617 0.121731 0.198539 0.207341 0.164567 0.122239 0.0793839 0.0365126 0.0109413 0.00220361 0.000324491 3.68398e-05 3.13401e-06 1.90311e-07 8.15001e-09 2.48663e-10 5.40855e-12 8.25224e-14
 1.686e-11 1.8308e-09 1.1721e-07 4.4241e-06 9.84543e-05 0.00129186 0.00999723 0.0456731 0.123691 0.201833 0.210654 0.165795 0.120225 0.0756076 0.0335377 0.00955794 0.00177609 0.00023292 2.35085e-05 1.85288e-06 1.08713e-07 4.5528e-09 1.32967e-10 2.65405e-12 3.55279e-14
 1.22001e-11 1.32478e-09 8.48142e-08 3.20137e-06 7.12465e-05 0.00093502 0.00724065 0.0331676 0.0907556 0.153863 0.181189 0.182356 0.166836 0.115108 0.0514049 0.0142401 0.00250215 0.000298744 2.64709e-05 1.81005e-06 9.25848e-08 3.40698e-09 8.87857e-11 1.61951e-12 2.02329e-14
 1.5624e-11 1.69658e-09 1.08617e-07 4.0998e-06 9.12389e-05 0.00119727 0.00926768 0.0423802 0.115158 0.190038 0.205005 0.172184 0.131837 0.0833988 0.0365748 0.0104985 0.00204482 0.000288885 3.02868e-05 2.26084e-06 1.14611e-07 3.8937e-09 8.97384e-11 1.42042e-12 1.539e-14
 1.51976e-11 1.65028e-09 1.05653e-07 3.98792e-06 8.87505e-05 0.00116468 0.00901692 0.0412581 0.112334 0.186553 0.204635 0.176574 0.136838 0.0849012 0.0355112 0.0093546 0.00157079 0.000179624 1.53317e-05 1.0242e-06 5.1886e-08 1.88102e-09 4.66738e-11 7.682e-13 8.20568e-15
 1.41347e-11 1.53487e-09 9.82642e-08 3.70907e-06 8.25467e-05 0.00108337 0.00839009 0.0384327 0.105037 0.176563 0.200089 0.182439 0.147089 0.0915553 0.0377167 0.0097329 0.00159484 0.00017568 1.3973e-05 8.2787e-07 3.56265e-08 1.07841e-09 2.2777e-11 3.35748e-13 3.40774e-15
 1.49576e-11 1.62422e-09 1.03985e-07 3.92499e-06 8.73524e-05 0.00114643 0.00887824 0.0406597 0.110992 0.18558 0.206281 0.179856 0.137654 0.0832166 0.0343856 0.0093057 0.0017062 0.000223736 2.12808e-05 1.4154e-06 6.31909e-08 1.86609e-09 3.66552e-11 4.82522e-13 4.24829e-15
 1.45164e-11 1.57631e-09 1.00918e-07 3.80927e-06 8.47792e-05 0.00111276 0.00861994 0.0395127 0.108164 0.182301 0.206398 0.184435 0.142096 0.0840941 0.0332521 0.00837621 0.00137709 0.000158027 1.35154e-05 8.69756e-07 4.04432e-08 1.29951e-09 2.79413e-11 3.92424e-13 3.53497e-15
 1.56794e-11 1.7026e-09 1.09003e-07 4.11444e-06 9.15709e-05 0.00120188 0.00930927 0.0426513 0.116508 0.194743 0.214624 0.180819 0.129924 0.0733215 0.0283387 0.00712112 0.00119008 0.0001397 1.19255e-05 7.30671e-07 3.113e-08 9.07161e-10 1.80269e-11 2.42662e-13 2.17438e-15
 1.49404e-11 1.62236e-09 1.03866e-07 3.9206e-06 8.72604e-05 0.00114545 0.00887583 0.0407162 0.111638 0.188564 0.212911 0.185911 0.13646 0.0765175 0.028889 0.00702034 0.00112331 0.000125261 1.01848e-05 6.02335e-07 2.5064e-08 7.12892e-10 1.36198e-11 1.72369e-13 1.42556e-15
 1.58243e-11 1.71834e-09 1.10011e-07 4.15256e-06 9.24235e-05 0.00121323 0.00940061 0.0431115 0.118042 0.198235 0.219557 0.183504 0.127225 0.0680241 0.0247672 0.00582316 0.000897378 9.53307e-05 7.29498e-06 4.03089e-07 1.56445e-08 4.15872e-10 7.46351e-12 8.93236e-14 7.02073e-16
 1.54107e-11 1.67343e-09 1.07136e-07 4.04412e-06 9.0014e-05 0.00118176 0.00916043 0.0420573 0.115509 0.195476 0.219881 0.187222 0.130342 0.0685425 0.0242068 0.00545301 0.00079097 7.73507e-05 5.36777e-06 2.693e-07 9.57805e-09 2.34698e-10 3.88558e-12 4.28635e-14 3.10656e-16
 1.59511e-11 1.73211e-09 1.10894e-07 4.18598e-06 9.31732e-05 0.00122329 0.00948292 0.0435395 0.11953 0.201714 0.224387 0.185791 0.124204 0.0629192 0.0215982 0.00476363 0.000679565 6.52762e-05 4.39772e-06 2.09778e-07 6.93904e-09 1.5542e-10 2.32798e-12 2.31699e-14 1.51907e-16
 1.5769e-11 1.71234e-09 1.09629e-07 4.13831e-06 9.21172e-05 0.0012096 0.0093805 0.0431129 0.118652 0.201312 0.225911 0.188205 0.124824 0.0617882 0.0205275 0.00434069 0.000585146 5.21353e-05 3.21645e-06 1.40865e-07 4.33275e-09 9.11324e-11 1.2827e-12 1.19107e-14 7.20915e-17
 1.3087e-11 1.42112e-09 9.09867e-08 3.43489e-06 7.64782e-05 0.00100495 0.00780922 0.0360976 0.100924 0.178224 0.21736 0.2034 0.147747 0.0758966 0.0253336 0.00533628 0.000718817 6.42484e-05 3.95194e-06 1.69093e-07 4.95034e-09 9.69821e-11 1.25506e-12 1.06692e-14 5.92356e-17
 1.70971e-11 1.85656e-09 1.18863e-07 4.48696e-06 9.98805e-05 0.00131158 0.0101711 0.046724 0.128269 0.215478 0.234409 0.18238 0.110342 0.0506626 0.0161909 0.00342683 0.000481487 4.60297e-05 3.03328e-06 1.36136e-07 4.06547e-09 7.94061e-11 1.00651e-12 8.24601e-15 4.34226e-17
 1.42438e-11 1.54675e-09 9.9032e-08 3.73878e-06 8.32522e-05 0.00109417 0.00850507 0.0393197 0.10976 0.192073 0.227285 0.199855 0.133996 0.0637549 0.0198445 0.00389781 0.000486099 3.9862e-05 2.25096e-06 9.01063e-08 2.54065e-09 4.89865e-11 6.26153e-13 5.18179e-15 2.72976e-17
 1.23592e-11 1.34213e-09 8.5936e-08 3.24484e-06 7.22816e-05 0.000950957 0.0074115 0.034497 0.0979039 0.177658 0.223872 0.211423 0.14822 0.0712342 0.0219578 0.00423714 0.000516368 4.09068e-05 2.17787e-06 7.93744e-08 1.97235e-09 3.29194e-11 3.64688e-13 2.66376e-15 1.27385e-17
#pred catch len freq
 1.15938e-11 1.25895e-09 8.05994e-08 3.04222e-06 6.77005e-05 0.000888272 0.00687238 0.0313734 0.0847938 0.137968 0.145929 0.128554 0.123717 0.111273 0.0791219 0.0498805 0.0318607 0.0205605 0.0135989 0.00948823 0.00713028 0.00586093 0.00500686 0.00382867 0.00222389
 8.56397e-12 9.29945e-10 5.95359e-08 2.24719e-06 5.00085e-05 0.000656167 0.00507761 0.0232031 0.0630275 0.105097 0.123006 0.137843 0.162947 0.153612 0.10253 0.0552371 0.029277 0.0159144 0.00878502 0.00504373 0.00310541 0.00213214 0.00161025 0.00116783 0.000674223
 1.14682e-11 1.24531e-09 7.97256e-08 3.00925e-06 6.69667e-05 0.000878645 0.00679799 0.031036 0.0839116 0.136772 0.145793 0.131341 0.129984 0.119834 0.0884697 0.05748 0.0343471 0.0176625 0.00810466 0.00368808 0.00176672 0.000934444 0.000567022 0.000362559 0.00019917
 1.56307e-11 1.69731e-09 1.08663e-07 4.10149e-06 9.12729e-05 0.00119754 0.00926437 0.0422762 0.114029 0.183662 0.185519 0.141422 0.112003 0.0897185 0.0573629 0.0305011 0.0162564 0.00886543 0.00450178 0.00199803 0.000788161 0.000306785 0.000133429 6.65492e-05 3.22402e-05
 1.4468e-11 1.57105e-09 1.0058e-07 3.79639e-06 8.44834e-05 0.00110847 0.00857567 0.0391419 0.105691 0.171172 0.177308 0.146587 0.129428 0.107257 0.0648375 0.0289067 0.0115882 0.00480726 0.00206169 0.000892438 0.00036059 0.000127603 4.14187e-05 1.41533e-05 5.2393e-06
 1.56025e-11 1.69424e-09 1.08467e-07 4.09409e-06 9.11082e-05 0.00119538 0.00924776 0.0422024 0.113858 0.183611 0.186519 0.144892 0.117797 0.0947272 0.0585657 0.0280486 0.0120765 0.00475256 0.00163256 0.000527039 0.000173647 5.6681e-05 1.68687e-05 4.48902e-06 1.15225e-06
 1.53439e-11 1.66617e-09 1.0667e-07 4.02625e-06 8.95984e-05 0.00117557 0.00909461 0.0415054 0.112003 0.180831 0.18468 0.145996 0.121539 0.0983037 0.0596944 0.027279 0.0111657 0.00439838 0.0015683 0.000492045 0.000135269 3.37643e-05 8.09165e-06 1.83035e-06 3.71454e-07
 1.56571e-11 1.70017e-09 1.08847e-07 4.10842e-06 9.1427e-05 0.00119956 0.00928015 0.0423508 0.114265 0.184329 0.187529 0.14637 0.119611 0.0956912 0.05759 0.0258215 0.0101983 0.00383108 0.00129989 0.000396657 0.00010834 2.55116e-05 5.11184e-06 8.97217e-07 1.4229e-07
 1.60619e-11 1.74413e-09 1.11661e-07 4.21464e-06 9.37908e-05 0.00123057 0.00951998 0.0434434 0.117187 0.188829 0.191106 0.146562 0.116657 0.0919492 0.0548585 0.024239 0.00934618 0.00341777 0.00112161 0.000326833 8.49595e-05 1.92512e-05 3.70502e-06 5.89876e-07 7.69887e-08
 1.66462e-11 1.80757e-09 1.15723e-07 4.36795e-06 9.72024e-05 0.00127533 0.00986613 0.0450205 0.121407 0.195351 0.1964 0.1472 0.112941 0.0868966 0.0507258 0.0214086 0.00765678 0.00262111 0.000824258 0.000231637 5.78743e-05 1.25164e-05 2.29177e-06 3.47141e-07 4.22663e-08
 1.68761e-11 1.83254e-09 1.17321e-07 4.42827e-06 9.85448e-05 0.00129294 0.0100023 0.0456412 0.123068 0.197923 0.198511 0.147527 0.1116 0.085008 0.0491131 0.0202288 0.00689393 0.00221872 0.000650695 0.000169403 3.96583e-05 8.16033e-06 1.42727e-06 2.05905e-07 2.37871e-08
 1.65554e-11 1.79771e-09 1.15091e-07 4.34412e-06 9.66722e-05 0.00126838 0.00981236 0.0447759 0.120758 0.194393 0.195841 0.147828 0.114638 0.08847 0.0511679 0.0209257 0.00701039 0.00219773 0.000620006 0.000152177 3.30545e-05 6.27906e-06 1.02056e-06 1.38595e-07 1.51971e-08
 1.69992e-11 1.84591e-09 1.18177e-07 4.46059e-06 9.9264e-05 0.00130238 0.0100753 0.0459735 0.123956 0.199288 0.199579 0.14753 0.110619 0.0838239 0.0483255 0.0198429 0.00670251 0.0021098 0.000590465 0.000141692 2.96129e-05 5.31453e-06 8.02235e-07 1.00448e-07 1.02048e-08
 1.62049e-11 1.75966e-09 1.12655e-07 4.25217e-06 9.4626e-05 0.00124153 0.00960477 0.0438307 0.118236 0.190557 0.193028 0.148443 0.118392 0.0925267 0.0532603 0.021256 0.00678137 0.00202351 0.000554029 0.000132442 2.75252e-05 4.84813e-06 7.05613e-07 8.35923e-08 7.90917e-09
 1.62033e-11 1.75948e-09 1.12644e-07 4.25174e-06 9.46164e-05 0.00124141 0.0096038 0.0438263 0.118225 0.190542 0.193025 0.148474 0.118456 0.0925896 0.0532891 0.0212451 0.00674187 0.00197625 0.000520704 0.00011787 2.33928e-05 4.02615e-06 5.78861e-07 6.73209e-08 6.15666e-09
 1.70978e-11 1.85662e-09 1.18862e-07 4.48646e-06 9.98396e-05 0.00130993 0.0101337 0.0462396 0.124668 0.200387 0.200468 0.147626 0.109976 0.0829681 0.0476497 0.0193962 0.00643046 0.00196735 0.000528044 0.000119016 2.30086e-05 3.78795e-06 5.19458e-07 5.83669e-08 5.22271e-09
 1.64077e-11 1.78168e-09 1.14065e-07 4.30538e-06 9.58101e-05 0.00125707 0.00972493 0.0443782 0.119703 0.192838 0.194944 0.148882 0.117431 0.0909827 0.0517146 0.019951 0.00592426 0.00162754 0.000421871 9.69325e-05 1.92627e-05 3.19779e-06 4.31444e-07 4.67747e-08 4.0091e-09
 1.66017e-11 1.80275e-09 1.15414e-07 4.35629e-06 9.69429e-05 0.00127193 0.00983985 0.0449016 0.1211 0.194971 0.196547 0.148666 0.115548 0.0888852 0.0505472 0.0196312 0.00589096 0.00160544 0.0003935 8.20976e-05 1.50174e-05 2.42583e-06 3.30622e-07 3.62357e-08 3.08249e-09
 1.6748e-11 1.81863e-09 1.1643e-07 4.39467e-06 9.7797e-05 0.00128313 0.0099265 0.0452961 0.122152 0.196563 0.197681 0.1483 0.113815 0.0870835 0.0497244 0.0196516 0.00612493 0.00174443 0.000439822 9.2451e-05 1.64619e-05 2.48459e-06 3.1261e-07 3.25407e-08 2.72999e-09
 1.77131e-11 1.92344e-09 1.2314e-07 4.64792e-06 0.000103433 0.00135707 0.0104983 0.0479006 0.129111 0.207243 0.205979 0.148119 0.105779 0.0774248 0.0432928 0.0165939 0.0048756 0.00130844 0.000324672 6.9807e-05 1.28483e-05 1.97432e-06 2.45332e-07 2.43519e-08 1.91141e-09
 1.74173e-11 1.89131e-09 1.21083e-07 4.57029e-06 0.000101705 0.00133441 0.010323 0.0471023 0.12698 0.20399 0.203535 0.14845 0.108663 0.0806656 0.0451503 0.017146 0.00491356 0.0012667 0.000299463 6.0921e-05 1.07443e-05 1.63856e-06 2.0747e-07 2.09861e-08 1.64317e-09
 1.7597e-11 1.91083e-09 1.22333e-07 4.61745e-06 0.000102755 0.00134818 0.0104295 0.0475873 0.128275 0.20597 0.205037 0.148296 0.106985 0.0787518 0.0440152 0.0167554 0.00482953 0.00124956 0.000292724 5.79073e-05 9.7556e-06 1.40951e-06 1.70233e-07 1.68058e-08 1.31743e-09
 1.81576e-11 1.9717e-09 1.2623e-07 4.76454e-06 0.000106028 0.00139112 0.0107616 0.0490999 0.132316 0.212164 0.209815 0.148078 0.102146 0.0730307 0.0403344 0.0151448 0.00424508 0.00106129 0.000243955 4.80283e-05 8.04685e-06 1.14079e-06 1.32807e-07 1.24861e-08 9.336e-10
 1.81564e-11 1.97157e-09 1.26222e-07 4.76423e-06 0.000106021 0.00139103 0.0107609 0.0490968 0.132309 0.212162 0.209859 0.148228 0.102384 0.0731935 0.040277 0.014936 0.00405918 0.000969381 0.000213895 4.06471e-05 6.6018e-06 9.17872e-07 1.0564e-07 9.77458e-09 7.09932e-10
 1.82564e-11 1.98243e-09 1.26917e-07 4.79047e-06 0.000106605 0.00139869 0.0108201 0.0493666 0.133029 0.213264 0.210697 0.148149 0.101461 0.0721357 0.039644 0.0147109 0.0040043 0.000954709 0.00020786 3.83031e-05 5.95341e-06 7.92023e-07 8.78646e-08 7.91002e-09 5.63713e-10
 1.78896e-11 1.94259e-09 1.24367e-07 4.69421e-06 0.000104463 0.00137059 0.0106028 0.0483771 0.130389 0.20924 0.207706 0.148666 0.105195 0.0762481 0.0418761 0.0152235 0.00392195 0.000860966 0.000176565 3.17085e-05 4.85003e-06 6.29886e-07 6.73607e-08 5.80584e-09 3.97192e-10
 1.84413e-11 2.00251e-09 1.28202e-07 4.839e-06 0.000107685 0.00141286 0.0109297 0.0498657 0.134363 0.215312 0.212292 0.148128 0.0999435 0.0703025 0.0384117 0.0141102 0.00374634 0.000856449 0.000177404 3.06528e-05 4.38615e-06 5.37879e-07 5.55687e-08 4.66609e-09 3.09389e-10
 1.87399e-11 2.03493e-09 1.30278e-07 4.91734e-06 0.000109428 0.00143573 0.0111066 0.0506714 0.136515 0.218612 0.21484 0.148018 0.0973745 0.0672588 0.0364433 0.0132392 0.00342797 0.000757195 0.000154617 2.71263e-05 3.97306e-06 4.86127e-07 4.8288e-08 3.83192e-09 2.41874e-10
 1.78961e-11 1.9433e-09 1.24412e-07 4.69592e-06 0.000104501 0.00137109 0.0106067 0.0483948 0.130437 0.209327 0.207837 0.148869 0.105452 0.0763868 0.0417402 0.0149102 0.00365845 0.000735215 0.000137562 2.28147e-05 3.22146e-06 3.88743e-07 3.88752e-08 3.1021e-09 1.92516e-10
#obs catch len freq
 1.1647e-11 1.26473e-09 8.09691e-08 3.05618e-06 6.80113e-05 0.000892349 0.00690397 0.0315186 0.0851991 0.138738 0.147314 0.131505 0.129546 0.12005 0.0883335 0.0557579 0.0328984 0.0177492 0.00849969 0.0034949 0.00116645 0.000297989 5.5261e-05 7.09901e-06 6.07746e-07
 1.16298e-11 1.26286e-09 8.08491e-08 3.05165e-06 6.79106e-05 0.000891034 0.00689401 0.0314776 0.0851429 0.139027 0.149109 0.136003 0.1354 0.123473 0.0873753 0.0519641 0.0287618 0.0145544 0.00646305 0.0024398 0.000745918 0.000174255 2.9426e-05 3.4287e-06 2.65844e-07
 6.41013e-12 6.96066e-10 4.45627e-08 1.68203e-06 3.74321e-05 0.000491178 0.00380195 0.0173967 0.0475476 0.0814563 0.104453 0.135945 0.175235 0.172204 0.122778 0.0718209 0.0380834 0.018 0.00734649 0.00252761 0.000700481 0.000147899 2.25658e-05 2.37675e-06 1.66596e-07
 1.78027e-11 1.93317e-09 1.23763e-07 4.67143e-06 0.000103956 0.00136393 0.0105512 0.0481369 0.129666 0.207391 0.202311 0.134929 0.0840906 0.0626553 0.0485301 0.034374 0.0205751 0.00989106 0.00384263 0.00121405 0.000303605 5.74615e-05 7.85009e-06 7.41312e-07 4.669e-08
 1.58288e-11 1.71882e-09 1.1004e-07 4.15348e-06 9.24301e-05 0.00121274 0.00938268 0.0428298 0.115676 0.187303 0.192708 0.153 0.12326 0.0928302 0.0509123 0.0198159 0.00683787 0.00266819 0.00104248 0.000330501 7.8395e-05 1.35334e-05 1.65721e-06 1.39582e-07 7.8454e-09
 1.63456e-11 1.77494e-09 1.13633e-07 4.2891e-06 9.54482e-05 0.00125234 0.00968903 0.0442268 0.119421 0.193094 0.197182 0.152342 0.117563 0.087027 0.0489761 0.0201225 0.00660165 0.00183568 0.000443852 9.96057e-05 2.0301e-05 3.26917e-06 3.72867e-07 2.86635e-08 1.44969e-09
 1.70214e-11 1.84832e-09 1.18331e-07 4.46641e-06 9.93942e-05 0.00130411 0.0100896 0.0460549 0.124342 0.200867 0.204016 0.154143 0.113622 0.0801539 0.0427467 0.0162138 0.00481029 0.00122059 0.000259781 4.44571e-05 6.15052e-06 7.00327e-07 6.37312e-08 4.28014e-09 1.96161e-10
 1.56281e-11 1.69703e-09 1.08645e-07 4.10084e-06 9.12591e-05 0.0011974 0.00926484 0.0423068 0.114417 0.186165 0.194345 0.158243 0.127772 0.0930989 0.048979 0.0178256 0.00491452 0.00112619 0.000213272 3.19277e-05 3.69902e-06 3.26345e-07 2.15329e-08 1.04793e-09 3.68622e-11
 1.7298e-11 1.87835e-09 1.20254e-07 4.539e-06 0.00010101 0.00132532 0.0102541 0.0468123 0.126446 0.204537 0.208219 0.156781 0.112534 0.0759491 0.0385897 0.0137618 0.00370593 0.000813731 0.000143558 1.94301e-05 1.98084e-06 1.50221e-07 8.27655e-09 3.2294e-10 8.74631e-12
 1.59472e-11 1.73168e-09 1.10864e-07 4.18457e-06 9.31231e-05 0.00122188 0.00945481 0.0431837 0.116873 0.190544 0.19962 0.161951 0.126934 0.0879825 0.043464 0.0144307 0.00345783 0.000665643 0.000105913 1.32693e-05 1.2516e-06 8.62769e-08 4.22648e-09 1.43581e-10 3.31823e-12
 1.69206e-11 1.83738e-09 1.17631e-07 4.44e-06 9.88072e-05 0.00129646 0.0100317 0.0458143 0.123923 0.201461 0.208329 0.162093 0.11872 0.077698 0.0364765 0.0112483 0.00237112 0.000379121 4.94238e-05 5.16429e-06 4.14573e-07 2.48902e-08 1.08536e-09 3.31629e-11 6.87768e-13
 1.62716e-11 1.76691e-09 1.13119e-07 4.2697e-06 9.5018e-05 0.00124677 0.00964821 0.0440791 0.119399 0.195117 0.20521 0.165824 0.125843 0.082404 0.0376632 0.0110273 0.00211451 0.00028968 3.10689e-05 2.64856e-06 1.72388e-07 8.34249e-09 2.96282e-10 7.55286e-12 1.34108e-13
 1.68865e-11 1.83367e-09 1.17393e-07 4.43104e-06 9.86086e-05 0.00129389 0.0100128 0.0457434 0.123871 0.202058 0.210641 0.165324 0.119591 0.0753898 0.0338099 0.00990271 0.00194669 0.000278142 3.04105e-05 2.48039e-06 1.44037e-07 5.87579e-09 1.69846e-10 3.48165e-12 4.98556e-14
 1.71512e-11 1.86242e-09 1.19234e-07 4.50052e-06 0.000100155 0.0013142 0.0101704 0.0464682 0.125868 0.205404 0.21395 0.166419 0.11741 0.071583 0.0309228 0.00860592 0.00156059 0.00019871 1.93116e-05 1.45627e-06 8.14722e-08 3.24283e-09 8.96711e-11 1.68885e-12 2.12679e-14
 1.25483e-11 1.3626e-09 8.72354e-08 3.29277e-06 7.32813e-05 0.00096175 0.00744827 0.0341262 0.0934211 0.158408 0.185755 0.183691 0.16334 0.109609 0.0477496 0.0129194 0.00221495 0.000256839 2.19194e-05 1.43297e-06 6.98195e-08 2.44001e-09 6.01303e-11 1.03272e-12 1.21095e-14
 1.59504e-11 1.73202e-09 1.10886e-07 4.18545e-06 9.31456e-05 0.00122232 0.00946201 0.0432746 0.117619 0.194108 0.208781 0.172849 0.128562 0.0788602 0.0336775 0.00942984 0.00178703 0.000243989 2.45506e-05 1.75282e-06 8.48368e-08 2.74353e-09 5.98972e-11 8.93355e-13 9.08251e-15
 1.55331e-11 1.68671e-09 1.07985e-07 4.07597e-06 9.07106e-05 0.00119043 0.00921688 0.04218 0.114879 0.190781 0.208551 0.177164 0.133268 0.080143 0.0326181 0.00837849 0.00137071 0.000151965 1.24628e-05 7.93297e-07 3.81312e-08 1.30847e-09 3.06607e-11 4.75596e-13 4.77898e-15
 1.44715e-11 1.57144e-09 1.00605e-07 3.79745e-06 8.45147e-05 0.00110923 0.0085912 0.0393629 0.107626 0.180932 0.204238 0.183144 0.14336 0.0865604 0.034705 0.00872973 0.00139268 0.000148611 1.13544e-05 6.41511e-07 2.62326e-08 7.52464e-10 1.49936e-11 2.07447e-13 1.96905e-15
 1.52941e-11 1.66076e-09 1.06324e-07 4.01331e-06 8.9319e-05 0.00117228 0.00907922 0.0415889 0.113571 0.189888 0.210252 0.180355 0.133971 0.0784914 0.0315439 0.00831091 0.00147852 0.000186794 1.70048e-05 1.07893e-06 4.58695e-08 1.2863e-09 2.38886e-11 2.9591e-13 2.44203e-15
 1.48548e-11 1.61306e-09 1.03271e-07 3.8981e-06 8.67577e-05 0.00113878 0.00882246 0.0404515 0.110783 0.186706 0.210461 0.184851 0.13818 0.0792443 0.030464 0.00747097 0.00119321 0.000132147 1.08094e-05 6.60881e-07 2.90983e-08 8.83191e-10 1.78963e-11 2.36415e-13 1.99986e-15
 1.59998e-11 1.7374e-09 1.11231e-07 4.19857e-06 9.34445e-05 0.00122652 0.00950112 0.0435403 0.118982 0.198864 0.218305 0.181 0.126204 0.0689343 0.0258727 0.00632178 0.00102435 0.000115784 9.44472e-06 5.50337e-07 2.22346e-08 6.12219e-10 1.14422e-11 1.44265e-13 1.20761e-15
 1.52749e-11 1.65869e-09 1.06192e-07 4.00844e-06 8.92171e-05 0.0011712 0.00907655 0.041649 0.114247 0.192934 0.216811 0.186028 0.132435 0.0718922 0.0263581 0.00622702 0.00096591 0.000103686 8.04803e-06 4.51783e-07 1.77884e-08 4.77363e-10 8.57652e-12 1.01765e-13 7.87082e-16
 1.61448e-11 1.75314e-09 1.12239e-07 4.23671e-06 9.42984e-05 0.00123791 0.00959306 0.0440059 0.120539 0.202381 0.223138 0.183399 0.123325 0.0637668 0.0225211 0.00514348 0.000767947 7.85029e-05 5.73234e-06 3.00461e-07 1.10252e-08 2.76239e-10 4.65582e-12 5.21548e-14 3.82751e-16
 1.57368e-11 1.70885e-09 1.09404e-07 4.12978e-06 9.19232e-05 0.00120691 0.00935682 0.0429726 0.118075 0.19975 0.223543 0.187006 0.12624 0.0642045 0.0219928 0.00481207 0.000676503 6.37122e-05 4.22026e-06 2.00646e-07 6.73631e-09 1.55385e-10 2.41405e-12 2.49108e-14 1.68451e-16
 1.6268e-11 1.76653e-09 1.13098e-07 4.26923e-06 9.5029e-05 0.00124774 0.00967404 0.0444308 0.122026 0.205843 0.227827 0.185409 0.120195 0.0588462 0.0195754 0.0041898 0.000578672 5.34707e-05 3.4365e-06 1.55383e-07 4.85539e-09 1.0246e-10 1.44087e-12 1.34123e-14 8.198e-17
 1.60858e-11 1.74675e-09 1.11832e-07 4.22154e-06 9.39733e-05 0.00123408 0.00957213 0.0440092 0.121171 0.205482 0.229337 0.187695 0.120708 0.0577472 0.0185886 0.00381426 0.00049803 4.2726e-05 2.51577e-06 1.04325e-07 3.02483e-09 5.98267e-11 7.89842e-13 6.86004e-15 3.87406e-17
 1.34324e-11 1.45864e-09 9.33897e-08 3.52571e-06 7.85056e-05 0.00103175 0.00802016 0.0370949 0.103781 0.183094 0.221533 0.202957 0.142914 0.0710926 0.0230235 0.00470644 0.000613431 5.27072e-05 3.09087e-06 1.25266e-07 3.46153e-09 6.38574e-11 7.75769e-13 6.16781e-15 3.19205e-17
 1.73829e-11 1.88761e-09 1.20851e-07 4.56209e-06 0.000101557 0.00133372 0.0103446 0.0475363 0.130544 0.219182 0.237282 0.181682 0.106683 0.0472727 0.0146005 0.00298838 0.000404666 3.70363e-05 2.32101e-06 9.8646e-08 2.78294e-09 5.1222e-11 6.09872e-13 4.67735e-15 2.29912e-17
 1.45787e-11 1.58313e-09 1.01362e-07 3.8269e-06 8.5221e-05 0.00112024 0.00871069 0.0402934 0.112538 0.196706 0.230968 0.198971 0.129298 0.0594979 0.0179434 0.00341718 0.000412176 3.24785e-05 1.7453e-06 6.5882e-08 1.74256e-09 3.14525e-11 3.75954e-13 2.90648e-15 1.42883e-17
#spawning biomass
 7731.17 6514.84 5424.8 6223.19 8763.14 13816.3 22476.4 31944.3 46284.7 62389.8 87531.6 119850 159878 181806 172459 196495 185602 161463 162511 159223 177132 188814 205873 234477 264592 244695 246716 265176 205080 126850 191138 104960 54054 31316.8 22408.5 19192.5 18093.7 17732.4 17617 17580.8 17569.7 17566.3 17565.2 17564.9 17564.8 17564.8 17564.8 17564.8 17564.8 17564.8 17564.8 17564.8 17564.8 17564.8 17564.8 17564.8 17564.8 17564.8 17564.8 17564.8 17564.8 17564.8 17564.8 17564.8 17564.8 17564.8 17564.8 17564.8 17564.8 17564.8 17564.8 17564.8 17564.8 17564.8 17564.8 17564.8 17564.8 17564.8 17564.8 17564.8 17564.8 17564.8 17564.8 17564.8 17564.8 17564.8 17564.8 17564.8 17564.8 17564.8 17564.8 17564.8 17564.8 17564.8 17564.8 17564.8 17564.8 17564.8 17564.8 17564.8 17564.8 17564.8 17564.8 17564.8 17564.8 17564.8 17564.8 17564.8 17564.8 17564.8 17564.8 17564.8 17564.8 17564.8 17564.8 17564.8 17564.8 17564.8 17564.8 17564.8 17564.8 17564.8 17564.8 17564.8 17564.8 17564.8 17564.8 17564.8 17564.8 0 0 0 0 0 0 0 0 0 0 0 0 0 0 0 0 0 0 0 0 0 0 0 0 0
