SBPRF35
0.175648
Curr Bio
58237.2
B35
184181
F35
0.517074
FOFL
0.14404
OFL
7450.94
Bzero
50185.1
#pred survey bio
 6564.06 7408.7 5261.57 5212.74 8000.65 11561 15621.4 23798.3 32314 44366.5 54484 83006.2 94005.2 106599 105029 98979.5 97591.6 84553.9 93079.3 91418.7 81516.1 78876.2 92152.9 101775 92664.1 108092 89025.4 102106 77618.1 2.70659e+06 1.97075e+06 1.45044e+06 1.01218e+06 741599 595465 521056 483733 464759 454818 449420 446388 444638 443609 442996 442620 442397 442264 442185 442138 442110 442093 442082 442076 442073 442070 442069 442068 442068 442067 442067 442067 442067 442067 442067 442067 442067 442067 442067 442067 442067 442067 442067 442067 442067 442067 442067 442067 442067 442067 442067 442067 442067 442067 442067 442067 442067 442067 442067 442067 442067 442067 442067 442067 442067 442067 442067 442067 442067 442067 442067 442067 442067 442067 442067 442067 442067 442067 442067 442067 442067 442067 442067 442067 442067 442067 442067 442067 442067 442067 442067 442067 442067 442067 442067 442067 442067 442067 442067 442067 0 0 0 0 0 0 0 0 0 0 0 0 0 0 0 0 0 0 0 0 0 0 0 0 0
#obs survey bio
 5011.59 7099.97 4435.38 4793.73 9286.66 13782.1 17295.6 29786.2 28020.3 45709.2 68375.2 97332.9 110176 99486.1 86901.4 79618.8 103331 101862 93883.7 115335 79648.6 81121.7 104938 101749 111188 96673.4 81757.8 129953 66290.9
#pred catch bio
 1892.42 3816.53 3089.68 2792.51 4407.59 6553.05 8638.35 15226.9 21473.4 32111.6 36493.1 62902.9 70841.1 86079.5 89912.8 88218.5 89308.7 74828.3 88483.8 89147.2 81099.6 81216.6 95340.1 107783 98053.6 115993 95876.5 109914 83850.8 7450.94 29234.5 20396.9 13478.8 9501.12 7540.15 6658.6 6285.59 6134.23 6074.63 6051.67 6042.98 6039.72 6038.51 6038.07 6037.91 6037.85 6037.83 6037.82 6037.82 6037.81 6037.81 6037.81 6037.81 6037.81 6037.81 6037.81 6037.81 6037.81 6037.81 6037.81 6037.81 6037.81 6037.81 6037.81 6037.81 6037.81 6037.81 6037.81 6037.81 6037.81 6037.81 6037.81 6037.81 6037.81 6037.81 6037.81 6037.81 6037.81 6037.81 6037.81 6037.81 6037.81 6037.81 6037.81 6037.81 6037.81 6037.81 6037.81 6037.81 6037.81 6037.81 6037.81 6037.81 6037.81 6037.81 6037.81 6037.81 6037.81 6037.81 6037.81 6037.81 6037.81 6037.81 6037.81 6037.81 6037.81 6037.81 6037.81 6037.81 6037.81 6037.81 6037.81 6037.81 6037.81 6037.81 6037.81 6037.81 6037.81 6037.81 6037.81 6037.81 6037.81 6037.81 6037.81 6037.81 6037.81 6037.81 6037.81 6037.81 0 0 0 0 0 0 0 0 0 0 0 0 0 0 0 0 0 0 0 0 0 0 0 0 0
#obs catch bio
 4718.51 4508.68 3672.43 3030.08 4550.45 6472.84 8202.06 15383.9 21878 31910.7 34078 59012.6 64200.8 84990.9 93525.1 91589.3 92010 68357.5 89150 83197.2 75261.3 82079.9 84578.9 105691 89801.5 105089 88546.2 90292.1 84921.9
#pred cpue bio
 6245.17 7208.32 5063.51 4887.75 7472.25 10822.7 14631.8 22210.1 30027.7 41138 50367.8 76752.9 86789.2 98505.9 96678.2 90632.4 88937.4 77035.3 84826.9 82744.5 73714 71125.8 82799.6 91460.5 83165.2 96988.8 79854.3 91547.4 69619.6 2.42665e+06 1.9583e+06 1.4382e+06 999939 729354 583220 508811 471488 452514 442574 437175 434143 432393 431364 430752 430375 430152 430020 429941 429893 429865 429848 429838 429832 429828 429826 429824 429823 429823 429823 429823 429822 429822 429822 429822 429822 429822 429822 429822 429822 429822 429822 429822 429822 429822 429822 429822 429822 429822 429822 429822 429822 429822 429822 429822 429822 429822 429822 429822 429822 429822 429822 429822 429822 429822 429822 429822 429822 429822 429822 429822 429822 429822 429822 429822 429822 429822 429822 429822 429822 429822 429822 429822 429822 429822 429822 429822 429822 429822 429822 429822 429822 429822 429822 429822 429822 429822 429822 429822 429822 0 0 0 0 0 0 0 0 0 0 0 0 0 0 0 0 0 0 0 0 0 0 0 0 0
#obs cpue bio
 6993.3 3163.23 3426.17 3956.83 6936.55 10675.8 17072.9 15445.6 31202.1 44719.3 54113.7 87528.9 110849 102098 97888.5 97502.1 77426.6 92226.5 79854.9 89098.2 99562.2 64173.9 118985 100296 95195.6 167376 114071 165115 74072.9
#pred surv len freq
 1.79357e-11 1.9476e-09 1.24687e-07 4.70631e-06 0.000104732 0.00137411 0.0106298 0.0484939 0.130616 0.208903 0.204074 0.137465 0.0871232 0.061652 0.0403056 0.0241483 0.0148576 0.00939086 0.00613027 0.0042318 0.0031483 0.00256317 0.00217284 0.00165339 0.000957753
 1.20779e-11 1.31151e-09 8.39641e-08 3.16923e-06 7.05269e-05 0.000925357 0.00715939 0.0326857 0.0883683 0.144008 0.153353 0.137584 0.134456 0.119536 0.0803756 0.0450525 0.0247371 0.0134628 0.00728629 0.00409813 0.00248205 0.00168009 0.0012541 0.000902555 0.00051886
 1.55512e-11 1.68867e-09 1.0811e-07 4.08063e-06 9.08084e-05 0.00119143 0.00921687 0.0420527 0.113332 0.181788 0.180112 0.128407 0.0926187 0.0764871 0.0615807 0.0470382 0.0317652 0.0176705 0.0085975 0.00400933 0.0019006 0.000982853 0.000584617 0.000368913 0.00020122
 1.97683e-11 2.1466e-09 1.37427e-07 5.18719e-06 0.000115433 0.00151451 0.0117156 0.0534413 0.143858 0.229407 0.220902 0.140113 0.0766803 0.0474993 0.0294466 0.0175707 0.0114567 0.00771122 0.00462872 0.00229582 0.000968199 0.000385777 0.000165561 8.07474e-05 3.85763e-05
 1.98542e-11 2.15593e-09 1.38025e-07 5.20974e-06 0.000115935 0.00152109 0.0117666 0.0536758 0.144515 0.230656 0.223063 0.144057 0.0822708 0.0518326 0.029594 0.0139191 0.00636162 0.0031862 0.0017452 0.000965096 0.00046842 0.000186532 6.44287e-05 2.22498e-05 8.10902e-06
 1.94412e-11 2.11108e-09 1.35153e-07 5.10137e-06 0.000113523 0.00148945 0.011522 0.0525614 0.141538 0.226091 0.219535 0.144208 0.0858904 0.0563462 0.0329584 0.0158045 0.00700927 0.00294936 0.00116394 0.000475469 0.000209122 8.81898e-05 3.1422e-05 9.30859e-06 2.49446e-06
 1.93827e-11 2.10472e-09 1.34746e-07 5.086e-06 0.000113181 0.00148497 0.0114873 0.0524031 0.141112 0.225415 0.218897 0.14385 0.085815 0.0565556 0.033506 0.0165434 0.00763056 0.00328925 0.00125535 0.000431789 0.000139977 4.56769e-05 1.48951e-05 4.32147e-06 1.02999e-06
 1.9914e-11 2.16242e-09 1.3844e-07 5.22542e-06 0.000116284 0.00152567 0.011802 0.053837 0.144943 0.231296 0.223474 0.143773 0.0814247 0.0512571 0.0299477 0.0148232 0.00692211 0.00305391 0.00120388 0.000421212 0.000128798 3.4508e-05 8.51209e-06 2.00892e-06 4.2998e-07
 2.04415e-11 2.2197e-09 1.42107e-07 5.36383e-06 0.000119364 0.00156608 0.0121146 0.0552609 0.148754 0.237189 0.228275 0.144409 0.0781661 0.0467754 0.0262286 0.0122158 0.00531729 0.00226209 0.000890945 0.000317717 9.94361e-05 2.6429e-05 5.8912e-06 1.11846e-06 1.87258e-07
 2.06804e-11 2.24565e-09 1.43769e-07 5.42654e-06 0.000120759 0.00158439 0.0122562 0.055906 0.150481 0.239865 0.230484 0.144792 0.0768425 0.0448836 0.0245929 0.010985 0.00447345 0.00176923 0.000648647 0.000219429 6.75416e-05 1.81141e-05 4.05818e-06 7.36017e-07 1.07071e-07
 2.10338e-11 2.28402e-09 1.46225e-07 5.51925e-06 0.000122823 0.00161146 0.0124655 0.0568597 0.153031 0.243794 0.23361 0.144969 0.0742814 0.0416362 0.0222213 0.00960486 0.00371739 0.00138889 0.000476721 0.000149013 4.24605e-05 1.07679e-05 2.35407e-06 4.24461e-07 6.03932e-08
 2.09933e-11 2.27962e-09 1.45943e-07 5.50862e-06 0.000122586 0.00160835 0.0124415 0.0567504 0.15274 0.243353 0.233299 0.14508 0.0747802 0.0421611 0.022477 0.00961574 0.00364264 0.00131935 0.000432987 0.000127261 3.36724e-05 7.86438e-06 1.59097e-06 2.71334e-07 3.74492e-08
 2.11723e-11 2.29906e-09 1.47188e-07 5.5556e-06 0.000123632 0.00162207 0.0125476 0.0572336 0.154032 0.245343 0.234878 0.145156 0.0734584 0.0404906 0.0212597 0.00891579 0.00327569 0.00115259 0.000368751 0.000104895 2.64833e-05 5.80138e-06 1.08481e-06 1.70164e-07 2.18024e-08
 2.10495e-11 2.28572e-09 1.46334e-07 5.52338e-06 0.000122914 0.00161266 0.0124748 0.0569023 0.153147 0.243992 0.233861 0.145287 0.0746469 0.0418335 0.0220413 0.00916121 0.00329963 0.00113274 0.000352329 9.70226e-05 2.36951e-05 4.99787e-06 8.88328e-07 1.30309e-07 1.54262e-08
 2.15223e-11 2.33706e-09 1.49621e-07 5.64743e-06 0.000125675 0.00164888 0.0127549 0.0581781 0.156556 0.249219 0.237904 0.14514 0.0706255 0.0370571 0.0189418 0.00776853 0.00275878 0.000932088 0.000284543 7.64255e-05 1.81075e-05 3.69114e-06 6.31892e-07 8.87586e-08 9.952e-09
 2.21086e-11 2.40073e-09 1.53697e-07 5.80128e-06 0.000129099 0.00169379 0.0131022 0.0597603 0.160784 0.255713 0.242975 0.145113 0.0658734 0.031287 0.0150264 0.00581858 0.00189491 0.000591485 0.000173086 4.53906e-05 1.05234e-05 2.09079e-06 3.46918e-07 4.70154e-08 5.0647e-09
 2.26135e-11 2.45555e-09 1.57207e-07 5.93376e-06 0.000132047 0.00173247 0.0134014 0.0611227 0.164425 0.261299 0.247313 0.145011 0.0616616 0.0262408 0.0116926 0.00425393 0.00124863 0.000343102 8.99794e-05 2.1465e-05 4.63657e-06 8.83008e-07 1.42364e-07 1.87629e-08 1.95816e-09
 2.26297e-11 2.45731e-09 1.57319e-07 5.93801e-06 0.000132141 0.00173371 0.013411 0.0611665 0.164542 0.261487 0.247493 0.14512 0.0616972 0.0261937 0.0115419 0.00404995 0.00108837 0.00026219 6.04052e-05 1.26307e-05 2.38613e-06 4.05029e-07 5.9881e-08 7.449e-09 7.48284e-10
 2.26005e-11 2.45414e-09 1.57116e-07 5.93035e-06 0.000131971 0.00173148 0.0133937 0.0610878 0.164332 0.261163 0.247239 0.145119 0.0619312 0.0264816 0.0117434 0.00415508 0.00113359 0.000275256 6.12896e-05 1.16687e-05 1.92029e-06 2.80519e-07 3.58361e-08 3.9177e-09 3.56233e-10
 2.33103e-11 2.53121e-09 1.62051e-07 6.1166e-06 0.000136116 0.00178585 0.0138142 0.0630029 0.169447 0.268993 0.253224 0.144663 0.0555323 0.0190611 0.00716633 0.00237356 0.000615637 0.00014125 3.04609e-05 5.7596e-06 9.31883e-07 1.27844e-07 1.45299e-08 1.36642e-09 1.06446e-10
 2.33943e-11 2.54034e-09 1.62635e-07 6.13865e-06 0.000136606 0.00179229 0.013864 0.0632298 0.170053 0.269925 0.253956 0.144672 0.0548693 0.0182442 0.00659561 0.00207294 0.000476635 8.84555e-05 1.56378e-05 2.63213e-06 3.99038e-07 5.28828e-08 5.85991e-09 5.24446e-10 3.71438e-11
 2.3671e-11 2.57039e-09 1.64559e-07 6.21126e-06 0.000138222 0.00181349 0.0140279 0.0639764 0.172047 0.272974 0.256277 0.144461 0.0523241 0.0153188 0.00482752 0.00142709 0.000315958 5.48905e-05 8.68888e-06 1.2493e-06 1.54566e-07 1.69435e-08 1.65964e-09 1.38878e-10 9.42926e-12
 2.40119e-11 2.60741e-09 1.66929e-07 6.30072e-06 0.000140213 0.00183961 0.0142299 0.0648962 0.174503 0.276731 0.259134 0.144194 0.0491771 0.0117067 0.00265151 0.000641089 0.000127382 1.90068e-05 2.45359e-06 3.01056e-07 3.3118e-08 3.1599e-09 2.58424e-10 1.77446e-11 1.01894e-12
 2.39954e-11 2.60561e-09 1.66814e-07 6.29638e-06 0.000140116 0.00183834 0.0142201 0.0648516 0.174384 0.276549 0.258998 0.144214 0.0493408 0.011889 0.00275368 0.000668804 0.00012766 1.67043e-05 1.64795e-06 1.47854e-07 1.26102e-08 9.66455e-10 6.5681e-11 3.8519e-12 1.87118e-13
 2.41161e-11 2.61872e-09 1.67653e-07 6.32806e-06 0.000140821 0.00184759 0.0142916 0.0651773 0.175254 0.277879 0.260007 0.14411 0.0482124 0.0106009 0.00198743 0.000403711 7.21629e-05 9.14346e-06 8.54448e-07 6.93154e-08 5.05363e-09 3.04107e-10 1.51806e-11 6.62764e-13 2.52088e-14
 2.41374e-11 2.62103e-09 1.67801e-07 6.33363e-06 0.000140945 0.00184922 0.0143042 0.0652346 0.175407 0.278113 0.260184 0.144092 0.0480149 0.0103749 0.0018523 0.000356111 6.15924e-05 7.4571e-06 6.25011e-07 4.23929e-08 2.64312e-09 1.43436e-10 6.40875e-12 2.36729e-13 7.08314e-15
 2.41684e-11 2.62439e-09 1.68016e-07 6.34176e-06 0.000141126 0.00185159 0.0143225 0.0653182 0.17563 0.278454 0.260443 0.144066 0.0477251 0.0100442 0.00165575 0.000288291 4.7526e-05 5.59849e-06 4.45277e-07 2.71341e-08 1.47931e-09 7.03943e-11 2.69687e-12 8.43402e-14 2.18791e-15
 2.42085e-11 2.62876e-09 1.68295e-07 6.35231e-06 0.000141361 0.00185467 0.0143463 0.0654267 0.17592 0.278897 0.260779 0.144031 0.0473489 0.00961496 0.00140096 0.000200771 2.96572e-05 3.35598e-06 2.56008e-07 1.43362e-08 6.97646e-10 3.01225e-11 1.0471e-12 2.89113e-14 6.50115e-16
 2.41717e-11 2.62475e-09 1.68039e-07 6.34263e-06 0.000141146 0.00185184 0.0143245 0.0653272 0.175654 0.278491 0.260471 0.144063 0.0476945 0.010009 0.00163456 0.000280622 4.56787e-05 5.24828e-06 3.87379e-07 1.96412e-08 8.13752e-10 3.05211e-11 9.57814e-13 2.38358e-14 4.79814e-16
#obs surv len freq
 3.54943e-11 3.4292e-09 1.95328e-07 6.55958e-06 0.000129876 0.00151611 0.0104362 0.0423904 0.10199 0.148312 0.143543 0.124764 0.124568 0.113032 0.0804016 0.0501668 0.0300023 0.0164353 0.00784265 0.00314437 0.00101537 0.000251886 4.55997e-05 5.73467e-06 4.81083e-07
 2.5863e-11 2.41005e-09 1.32408e-07 4.28884e-06 8.19055e-05 0.00092229 0.00612624 0.0240613 0.0565875 0.0848629 0.102408 0.137294 0.177076 0.166435 0.11317 0.0652412 0.0356274 0.0179334 0.00798657 0.00302024 0.000913541 0.000208715 3.43398e-05 3.90594e-06 2.96637e-07
 1.0186e-10 9.1393e-09 4.8346e-07 1.50781e-05 0.00027725 0.00300567 0.0192121 0.0724267 0.161275 0.213848 0.176102 0.107873 0.0726182 0.0587245 0.0463011 0.0330991 0.0198855 0.00964773 0.00389976 0.00133072 0.000367466 7.71258e-05 1.1624e-05 1.20312e-06 8.27113e-08
 1.27129e-10 1.09649e-08 5.57572e-07 1.67162e-05 0.000295471 0.00307925 0.0189229 0.0686237 0.147456 0.191776 0.166827 0.130851 0.114865 0.0858851 0.0441587 0.016684 0.00622037 0.00271526 0.00112934 0.000375834 9.52592e-05 1.79858e-05 2.44324e-06 2.29022e-07 1.42815e-08
 2.00457e-10 1.65943e-08 8.09911e-07 2.33052e-05 0.000395376 0.00395474 0.0233254 0.0811755 0.167271 0.207853 0.169981 0.121084 0.0973157 0.070114 0.036519 0.0143396 0.00478126 0.00139134 0.000360422 8.95305e-05 2.01535e-05 3.53381e-06 4.39296e-07 3.71439e-08 2.08227e-09
 2.57417e-10 2.04232e-08 9.55322e-07 2.6346e-05 0.000428373 0.00410665 0.0232169 0.077492 0.153613 0.186471 0.158656 0.131693 0.118606 0.0847845 0.0410416 0.0142937 0.00418006 0.00109547 0.000242468 4.3836e-05 6.60709e-06 8.40434e-07 8.57725e-08 6.40213e-09 3.23911e-10
 4.17074e-10 3.16704e-08 1.41786e-06 3.7424e-05 0.000582386 0.00534352 0.0289121 0.0923404 0.174987 0.202066 0.160332 0.120258 0.0994916 0.067779 0.0321725 0.0113227 0.00334394 0.000835738 0.000165374 2.5504e-05 3.09747e-06 2.93003e-07 2.11833e-08 1.1514e-09 4.56505e-11
 5.92099e-10 4.29763e-08 1.83909e-06 4.63998e-05 0.000690196 0.0060533 0.0313099 0.095634 0.173695 0.194302 0.155511 0.124433 0.105639 0.0693152 0.0305361 0.00961966 0.00251091 0.000575969 0.000108779 1.59844e-05 1.77739e-06 1.45589e-07 8.59835e-09 3.61355e-10 1.068e-11
 8.89282e-10 6.16233e-08 2.51761e-06 6.06418e-05 0.00086119 0.00721096 0.0356104 0.103872 0.180373 0.193979 0.152145 0.121781 0.10146 0.0641888 0.0273408 0.00842343 0.0021404 0.000460788 7.85516e-05 1.02792e-05 1.031e-06 7.73641e-08 4.16794e-09 1.55708e-10 3.93995e-12
 1.26328e-09 8.34803e-08 3.25241e-06 7.47081e-05 0.00101176 0.00807908 0.038054 0.105949 0.176272 0.184884 0.14974 0.129342 0.108794 0.0651032 0.0248815 0.00633421 0.00123233 0.000209359 3.07955e-05 3.6369e-06 3.29023e-07 2.20136e-08 1.05391e-09 3.51715e-11 7.9964e-13
 2.0533e-09 1.29257e-07 4.79726e-06 0.000104972 0.00135425 0.0103015 0.0462213 0.122569 0.19407 0.192939 0.146151 0.116802 0.0920919 0.052344 0.0192083 0.00476629 0.000907234 0.000143952 1.81715e-05 1.7204e-06 1.22887e-07 6.73142e-09 2.76184e-10 8.10123e-12 1.63158e-13
 2.83651e-09 1.69931e-07 6.00208e-06 0.000124989 0.00153458 0.0111098 0.0474536 0.119947 0.182215 0.178989 0.145332 0.128838 0.103201 0.0563619 0.0194912 0.00448719 0.000780235 0.000113432 1.33537e-05 1.18237e-06 7.67826e-08 3.63226e-09 1.22942e-10 2.92046e-12 4.80885e-14
 4.46121e-09 2.54114e-07 8.53384e-06 0.000168967 0.00197246 0.0135774 0.0551438 0.132568 0.191758 0.180192 0.141405 0.121137 0.0927912 0.0484755 0.0162671 0.00375009 0.00067328 9.94458e-05 1.13005e-05 9.27994e-07 5.48828e-08 2.35802e-09 7.24474e-11 1.54498e-12 2.23164e-14
 5.59431e-09 3.02719e-07 9.65768e-06 0.000181655 0.00201459 0.013176 0.0508816 0.116724 0.163979 0.160629 0.150013 0.148603 0.114968 0.0570388 0.0176003 0.00356753 0.000537573 6.75306e-05 6.97327e-06 5.48401e-07 3.15813e-08 1.30431e-09 3.7569e-11 7.35422e-13 9.63351e-15
 9.23766e-09 4.74498e-07 1.43697e-05 0.000256567 0.00270096 0.0167686 0.061467 0.133831 0.178302 0.165026 0.144567 0.134463 0.0984256 0.0466719 0.0140664 0.00290676 0.000465077 6.03888e-05 5.93155e-06 4.13628e-07 2.0487e-08 7.36337e-10 1.91166e-11 3.4758e-13 4.28108e-15
 1.33364e-08 6.49814e-07 1.86671e-05 0.000316163 0.0031573 0.0185962 0.0647033 0.134064 0.172027 0.159959 0.1482 0.140116 0.0988864 0.0444368 0.0126359 0.00245977 0.00037196 4.62842e-05 4.45321e-06 3.10338e-07 1.5389e-08 5.38178e-10 1.29804e-11 2.1098e-13 2.28309e-15
 2.2333e-08 1.03159e-06 2.80937e-05 0.000451081 0.00427041 0.0238442 0.0786408 0.154375 0.187181 0.162825 0.13923 0.122296 0.0811004 0.0344363 0.00930261 0.00173381 0.00025203 2.98927e-05 2.70698e-06 1.76527e-07 8.22351e-09 2.73381e-10 6.34933e-12 1.00001e-13 1.04343e-15
 2.95227e-08 1.29213e-06 3.33422e-05 0.000507263 0.00455053 0.0240819 0.0753679 0.141216 0.167801 0.155224 0.15074 0.138747 0.0904226 0.0379128 0.0106878 0.00226515 0.000386451 5.0313e-05 4.62677e-06 2.94539e-07 1.31669e-08 4.14907e-10 9.04122e-12 1.32901e-13 1.29494e-15
 4.75508e-08 1.97111e-06 4.81733e-05 0.000694145 0.00589777 0.0295626 0.0876476 0.155696 0.175936 0.155857 0.144964 0.126376 0.0773968 0.0302659 0.00785875 0.00152132 0.000242343 3.10329e-05 2.96343e-06 2.02785e-07 9.72669e-09 3.18085e-10 6.90935e-12 9.82201e-14 9.08285e-16
 7.5801e-08 2.97502e-06 6.88408e-05 0.000939186 0.00755536 0.0358587 0.100683 0.16952 0.182139 0.154519 0.137645 0.113774 0.0657667 0.0242842 0.00596686 0.00109244 0.000163067 1.93051e-05 1.69432e-06 1.07637e-07 4.9244e-09 1.58778e-10 3.48923e-12 5.07472e-14 4.78173e-16
 1.00273e-07 3.72526e-06 8.15966e-05 0.00105377 0.00802517 0.0360732 0.0961299 0.155165 0.166537 0.154895 0.153043 0.127304 0.0703722 0.0245255 0.00566614 0.000972266 0.000135592 1.49666e-05 1.22064e-06 7.16097e-08 3.00497e-09 8.86487e-11 1.79088e-12 2.42288e-14 2.15865e-16
 1.60885e-07 5.65694e-06 0.000117271 0.00143337 0.0103315 0.0439552 0.110885 0.169543 0.172692 0.152677 0.142843 0.112146 0.0586444 0.0195005 0.00437243 0.000740608 0.000101284 1.06749e-05 8.12622e-07 4.393e-08 1.68922e-09 4.55862e-11 8.41469e-13 1.03836e-14 8.427e-17
 2.56187e-07 8.52481e-06 0.000167246 0.00193457 0.0131965 0.0531359 0.126881 0.183724 0.177437 0.148764 0.131409 0.0970655 0.0477026 0.0148863 0.00312346 0.000493895 6.33019e-05 6.31588e-06 4.59343e-07 2.37694e-08 8.67751e-10 2.19198e-11 3.73747e-13 4.2221e-15 3.12202e-17
 3.24487e-07 1.02185e-05 0.000189724 0.00207699 0.0134112 0.0511611 0.116232 0.163221 0.163605 0.157227 0.152011 0.110885 0.0516173 0.0150088 0.00288275 0.000408747 4.67358e-05 4.21178e-06 2.79831e-07 1.33131e-08 4.49757e-10 1.05898e-11 1.69126e-13 1.79025e-15 1.23572e-17
 5.21401e-07 1.55398e-05 0.000273063 0.00282916 0.0172891 0.062418 0.13417 0.178025 0.167668 0.150097 0.135689 0.0937679 0.0422366 0.0124288 0.00260648 0.000426601 5.40221e-05 4.90346e-06 3.0567e-07 1.31623e-08 3.9778e-10 8.40105e-12 1.21266e-13 1.16864e-15 7.38815e-18
 6.17086e-07 1.74077e-05 0.000289528 0.00283956 0.0164321 0.0562783 0.115732 0.152266 0.157626 0.167326 0.16173 0.108559 0.0458278 0.0123634 0.00232488 0.000341812 4.07204e-05 3.699e-06 2.41689e-07 1.10467e-08 3.45052e-10 7.17854e-12 9.76092e-14 8.60241e-16 4.90105e-18
 1.16212e-06 3.10325e-05 0.000488578 0.00453564 0.0248383 0.080407 0.155407 0.187536 0.166155 0.144013 0.121402 0.0753683 0.0301889 0.00790324 0.00148033 0.000217595 2.49994e-05 2.0998e-06 1.24496e-07 5.21656e-09 1.54077e-10 3.13555e-12 4.26478e-14 3.78013e-16 2.14403e-18
 1.19876e-06 3.03063e-05 0.000451748 0.0039712 0.0206098 0.0634682 0.118724 0.148496 0.16007 0.177562 0.16239 0.0977832 0.0363737 0.00852344 0.00136081 0.000166213 1.64805e-05 1.26843e-06 7.13235e-08 2.84367e-09 7.87048e-11 1.47591e-12 1.83708e-14 1.49773e-16 7.91925e-19
 1.70091e-06 4.07163e-05 0.000574678 0.00478377 0.0235166 0.0686904 0.12259 0.149289 0.161786 0.178473 0.15723 0.0906648 0.0329018 0.00787947 0.00137181 0.000185983 1.90122e-05 1.36653e-06 6.72432e-08 2.29634e-09 5.52367e-11 9.27404e-13 1.05827e-14 7.9887e-17 3.90859e-19
#pred catch len freq
 1.76401e-11 1.9155e-09 1.22632e-07 4.62875e-06 0.000103006 0.00135147 0.0104547 0.047696 0.128482 0.205605 0.201404 0.13716 0.0890047 0.0641098 0.0421392 0.0252727 0.0155516 0.00982972 0.00641676 0.00442957 0.00329543 0.00268296 0.00227439 0.00173066 0.00100251
 1.19812e-11 1.30102e-09 8.32924e-08 3.14387e-06 6.99626e-05 0.000917955 0.00710214 0.0324248 0.0876709 0.142934 0.152497 0.137533 0.135149 0.120412 0.0810047 0.0454102 0.0249343 0.0135703 0.00734446 0.00413085 0.00250186 0.00169351 0.00126411 0.000909761 0.000523002
 1.55615e-11 1.68979e-09 1.08182e-07 4.08332e-06 9.08684e-05 0.00119222 0.00922296 0.0420804 0.113407 0.181903 0.180208 0.128424 0.0925633 0.0764065 0.0615095 0.0469839 0.0317288 0.0176503 0.00858769 0.00400476 0.00189844 0.000981732 0.00058395 0.000368492 0.000200991
 1.97294e-11 2.14238e-09 1.37157e-07 5.177e-06 0.000115206 0.00151153 0.0116926 0.0533364 0.143578 0.228974 0.220553 0.140079 0.0769377 0.0478313 0.0296919 0.0177221 0.011556 0.00777814 0.0046689 0.00231575 0.000976603 0.000389126 0.000166999 8.14483e-05 3.89111e-05
 1.98291e-11 2.1532e-09 1.3785e-07 5.20314e-06 0.000115788 0.00151917 0.0117517 0.053608 0.144334 0.230378 0.222845 0.144057 0.0824727 0.0520766 0.0297568 0.0139983 0.0063981 0.00320452 0.00175524 0.00097065 0.000471115 0.000187605 6.47995e-05 2.23778e-05 8.15569e-06
 1.94289e-11 2.10975e-09 1.35068e-07 5.09815e-06 0.000113452 0.00148851 0.0115147 0.0525283 0.141449 0.225955 0.219428 0.144208 0.0859895 0.0564663 0.0330396 0.0158448 0.00702736 0.00295701 0.00116697 0.000476704 0.000209665 8.84191e-05 3.15036e-05 9.33279e-06 2.50094e-06
 1.93573e-11 2.10197e-09 1.3457e-07 5.07935e-06 0.000113033 0.00148303 0.0114723 0.0523347 0.140929 0.225134 0.218677 0.143849 0.0860169 0.056802 0.0336745 0.0166291 0.00767042 0.00330648 0.00126193 0.000434053 0.000140711 4.59164e-05 1.49732e-05 4.34413e-06 1.03539e-06
 1.99676e-11 2.16824e-09 1.38813e-07 5.23949e-06 0.000116597 0.00152978 0.0118338 0.0539816 0.14533 0.23189 0.223939 0.143775 0.080998 0.0507364 0.0295917 0.0146419 0.00683721 0.00301647 0.00118912 0.000416049 0.000127219 3.4085e-05 8.40776e-06 1.9843e-06 4.2471e-07
 2.05101e-11 2.22715e-09 1.42584e-07 5.38184e-06 0.000119765 0.00157134 0.0121552 0.0554461 0.149249 0.237948 0.228867 0.144402 0.077603 0.0460972 0.0257765 0.0119981 0.00522217 0.00222163 0.000875013 0.000312035 9.76579e-05 2.59564e-05 5.78585e-06 1.09846e-06 1.83909e-07
 2.0794e-11 2.25798e-09 1.44558e-07 5.45634e-06 0.000121423 0.00159309 0.0123234 0.0562125 0.1513 0.241122 0.231459 0.144766 0.075891 0.0437469 0.0238468 0.0106397 0.00433212 0.00171332 0.00062815 0.000212495 6.54075e-05 1.75417e-05 3.92995e-06 7.12761e-07 1.03688e-07
 2.10968e-11 2.29086e-09 1.46663e-07 5.5358e-06 0.000123191 0.00161629 0.0125028 0.0570298 0.153485 0.244491 0.234149 0.144949 0.0737454 0.0409995 0.0218081 0.00941918 0.00364513 0.00136189 0.000467456 0.000146118 4.16354e-05 1.05587e-05 2.30832e-06 4.16213e-07 5.92197e-08
 2.11249e-11 2.29391e-09 1.46858e-07 5.54316e-06 0.000123355 0.00161844 0.0125195 0.0571056 0.153689 0.244808 0.234423 0.145036 0.0736549 0.0408271 0.0216147 0.00923222 0.00349649 0.00126639 0.000415608 0.000122153 3.23209e-05 7.54873e-06 1.52711e-06 2.60443e-07 3.59461e-08
 2.12942e-11 2.31229e-09 1.48035e-07 5.58758e-06 0.000124343 0.0016314 0.0126198 0.0575625 0.15491 0.246689 0.235917 0.145109 0.0724084 0.0392499 0.020463 0.00856774 0.003147 0.00110728 0.000354257 0.000100772 2.54424e-05 5.57337e-06 1.04217e-06 1.63476e-07 2.09455e-08
 2.12195e-11 2.30419e-09 1.47516e-07 5.568e-06 0.000123907 0.00162569 0.0125755 0.0573612 0.154373 0.245871 0.235309 0.145218 0.073175 0.0400976 0.0209309 0.00868111 0.00312561 0.00107296 0.000333737 9.19029e-05 2.24447e-05 4.73415e-06 8.41452e-07 1.23433e-07 1.46122e-08
 2.1705e-11 2.3569e-09 1.50891e-07 5.69539e-06 0.000126742 0.00166288 0.0128632 0.0586712 0.157873 0.251238 0.23946 0.145063 0.069039 0.0351882 0.0177493 0.00725639 0.00257552 0.000870122 0.000265627 7.13447e-05 1.69037e-05 3.44575e-06 5.89883e-07 8.28578e-08 9.29038e-09
 2.22755e-11 2.41886e-09 1.54858e-07 5.84509e-06 0.000130074 0.00170659 0.0132012 0.0602108 0.161988 0.257556 0.24439 0.145026 0.0643978 0.029562 0.0139437 0.00537429 0.00174874 0.000545805 0.000159718 4.1885e-05 9.71069e-06 1.92931e-06 3.20124e-07 4.33843e-08 4.67354e-09
 2.2754e-11 2.47081e-09 1.58184e-07 5.97064e-06 0.000132868 0.00174324 0.0134846 0.061502 0.165437 0.26285 0.248499 0.144923 0.0603983 0.0247744 0.0107863 0.0038987 0.00114292 0.000314 8.23465e-05 1.96441e-05 4.24325e-06 8.08103e-07 1.30287e-07 1.71713e-08 1.79205e-09
 2.27546e-11 2.47088e-09 1.58188e-07 5.9708e-06 0.000132871 0.00174329 0.013485 0.0615037 0.165443 0.262865 0.248544 0.145033 0.0605604 0.0248808 0.0107398 0.00374658 0.00100567 0.000242227 5.58053e-05 1.16689e-05 2.20442e-06 3.74186e-07 5.53211e-08 6.88176e-09 6.91302e-10
 2.27595e-11 2.47141e-09 1.58222e-07 5.97209e-06 0.0001329 0.00174366 0.0134879 0.0615169 0.165478 0.262917 0.248578 0.14501 0.0604872 0.0248122 0.010721 0.00376566 0.00102585 0.000249042 5.54517e-05 1.05572e-05 1.73739e-06 2.53799e-07 3.24227e-08 3.54454e-09 3.22302e-10
 2.34096e-11 2.542e-09 1.62741e-07 6.14267e-06 0.000136696 0.00179346 0.013873 0.063271 0.170163 0.270088 0.25406 0.144592 0.0546254 0.0180152 0.00652912 0.0021348 0.000552176 0.000126633 2.73078e-05 5.16339e-06 8.35418e-07 1.1461e-07 1.30258e-08 1.22498e-09 9.54269e-11
 2.34902e-11 2.55075e-09 1.63302e-07 6.16381e-06 0.000137166 0.00179964 0.0139208 0.0634885 0.170744 0.270981 0.254759 0.144596 0.0539827 0.0172274 0.00598414 0.00185332 0.000424732 7.87765e-05 1.39257e-05 2.34394e-06 3.55347e-07 4.70926e-08 5.21831e-09 4.67024e-10 3.30769e-11
 2.37429e-11 2.5782e-09 1.65059e-07 6.23013e-06 0.000138642 0.001819 0.0140705 0.0641704 0.172565 0.273766 0.256879 0.144403 0.0516579 0.0145553 0.00436949 0.00126388 0.000278351 4.83094e-05 7.64609e-06 1.09936e-06 1.36014e-07 1.49099e-08 1.46044e-09 1.22209e-10 8.29754e-12
 2.40434e-11 2.61082e-09 1.67147e-07 6.30897e-06 0.000140396 0.00184201 0.0142485 0.064981 0.17473 0.277077 0.259397 0.144167 0.0488843 0.0113719 0.00245174 0.000571195 0.000112186 1.66989e-05 2.1548e-06 2.64384e-07 2.90838e-08 2.77498e-09 2.26945e-10 1.5583e-11 8.94821e-13
 2.40307e-11 2.60944e-09 1.67059e-07 6.30564e-06 0.000140322 0.00184104 0.014241 0.0649468 0.174638 0.276938 0.259293 0.144183 0.0490108 0.0115124 0.00252975 0.00059149 0.00011159 1.45649e-05 1.43622e-06 1.2885e-07 1.09893e-08 8.4223e-10 5.72386e-11 3.35679e-12 1.63066e-13
 2.41359e-11 2.62087e-09 1.6779e-07 6.33325e-06 0.000140937 0.0018491 0.0143033 0.0652306 0.175396 0.278097 0.260172 0.144093 0.0480275 0.0103899 0.00186208 0.0003605 6.3232e-05 7.9767e-06 7.4479e-07 6.04119e-08 4.40445e-09 2.65042e-10 1.32305e-11 5.77627e-13 2.19705e-14
 2.41549e-11 2.62294e-09 1.67923e-07 6.33824e-06 0.000141048 0.00185056 0.0143146 0.065282 0.175533 0.278306 0.260331 0.144077 0.0478506 0.0101874 0.00174105 0.000317897 5.37913e-05 6.47834e-06 5.4241e-07 3.67838e-08 2.29336e-09 1.24455e-10 5.56068e-12 2.05403e-13 6.14583e-15
 2.41819e-11 2.62587e-09 1.6811e-07 6.34532e-06 0.000141205 0.00185263 0.0143306 0.0653548 0.175728 0.278604 0.260556 0.144054 0.0475982 0.00989944 0.00156987 0.000258834 4.15419e-05 4.86022e-06 3.86021e-07 2.35174e-08 1.28209e-09 6.10093e-11 2.33732e-12 7.3096e-14 1.89622e-15
 2.42167e-11 2.62965e-09 1.68352e-07 6.35446e-06 0.000141409 0.00185529 0.0143512 0.0654487 0.175979 0.278987 0.260847 0.144023 0.0472722 0.00952749 0.00134908 0.000182991 2.60572e-05 2.91689e-06 2.22002e-07 1.24266e-08 6.0468e-10 2.61084e-11 9.07564e-13 2.50586e-14 5.63481e-16
 2.41849e-11 2.62619e-09 1.68131e-07 6.34609e-06 0.000141223 0.00185285 0.0143323 0.0653628 0.175749 0.278636 0.260581 0.144051 0.047571 0.00986813 0.00155101 0.000252016 3.99063e-05 4.55252e-06 3.35532e-07 1.70076e-08 7.04609e-10 2.64275e-11 8.29347e-13 2.06388e-14 4.15459e-16
#obs catch len freq
 3.37655e-11 3.26217e-09 1.85814e-07 6.24009e-06 0.00012355 0.00144227 0.00992798 0.0403277 0.0970487 0.141288 0.13747 0.121306 0.123514 0.114955 0.0857672 0.0568927 0.035274 0.019522 0.00944998 0.00392649 0.001335 0.000348885 6.58964e-05 8.54964e-06 7.33661e-07
 4.73948e-11 4.4165e-09 2.42641e-07 7.85942e-06 0.000150092 0.00168997 0.0112208 0.0439709 0.10217 0.144249 0.138625 0.12501 0.128325 0.115388 0.0810464 0.0503511 0.0299151 0.0161694 0.00756974 0.00295694 0.000922618 0.000219132 3.76411e-05 4.45762e-06 3.50071e-07
 3.48462e-11 3.12654e-09 1.65391e-07 5.15822e-06 9.48497e-05 0.0010284 0.00657827 0.0248957 0.0565963 0.0832444 0.102437 0.141582 0.180952 0.165845 0.110718 0.0633822 0.0343585 0.0170692 0.00746037 0.0027457 0.000800687 0.000174809 2.7264e-05 2.91922e-06 2.07517e-07
 1.43514e-10 1.23781e-08 6.29434e-07 1.88706e-05 0.000333551 0.00347602 0.0213587 0.0774077 0.165766 0.211786 0.169601 0.104323 0.0727923 0.0595749 0.0467273 0.0329663 0.0193997 0.00921362 0.00364601 0.00121091 0.000322365 6.46052e-05 9.22099e-06 8.9783e-07 5.7759e-08
 1.81658e-10 1.50381e-08 7.33956e-07 2.11196e-05 0.000358298 0.00358391 0.0211396 0.0735957 0.151947 0.19072 0.163061 0.130001 0.114821 0.0836847 0.0416992 0.0155188 0.00583847 0.0025455 0.0010335 0.000332359 8.09355e-05 1.45816e-05 1.87577e-06 1.65382e-07 9.64886e-09
 2.9174e-10 2.31464e-08 1.0827e-06 2.98588e-05 0.000485488 0.00465411 0.0263092 0.0877649 0.173468 0.207446 0.165591 0.118612 0.0955536 0.0671521 0.0339587 0.0130594 0.0042833 0.00122391 0.000312649 7.63953e-05 1.66281e-05 2.77875e-06 3.26554e-07 2.5955e-08 1.36128e-09
 3.80833e-10 2.89185e-08 1.29466e-06 3.41722e-05 0.000531783 0.00487931 0.0264027 0.0843642 0.160257 0.187321 0.15622 0.130033 0.115473 0.0797346 0.0372607 0.0126617 0.00364565 0.000936647 0.000201852 3.54601e-05 5.18509e-06 6.3544e-07 6.1743e-08 4.34157e-09 2.05547e-10
 6.23134e-10 4.52289e-08 1.93549e-06 4.88319e-05 0.000726371 0.00637049 0.0329486 0.100607 0.18242 0.20235 0.156574 0.117141 0.0954915 0.0628566 0.0288338 0.00990693 0.00286878 0.000698144 0.000133813 1.99601e-05 2.33711e-06 2.12028e-07 1.46204e-08 7.53059e-10 2.80848e-11
 8.9541e-10 6.20479e-08 2.53496e-06 6.10597e-05 0.000867124 0.00726063 0.0358554 0.104583 0.181567 0.195054 0.152361 0.121043 0.100338 0.0632799 0.0268274 0.0082223 0.00210639 0.000472012 8.63789e-05 1.22367e-05 1.30543e-06 1.02088e-07 5.73137e-09 2.27986e-10 6.34847e-12
 1.36769e-09 9.03799e-08 3.52123e-06 8.08826e-05 0.00109537 0.00874654 0.0411922 0.114605 0.189966 0.19571 0.14877 0.116581 0.0938887 0.0569044 0.0233086 0.00698168 0.0017353 0.00036318 5.98117e-05 7.54379e-06 7.26574e-07 5.20395e-08 2.66047e-09 9.38772e-11 2.23501e-12
 1.96511e-09 1.23705e-07 4.59121e-06 0.000100463 0.00129609 0.00985922 0.0442405 0.117366 0.186238 0.187086 0.146808 0.123437 0.0996881 0.0568692 0.0207601 0.00509276 0.000966759 0.000160736 2.29553e-05 2.61351e-06 2.26693e-07 1.44622e-08 6.56943e-10 2.07111e-11 4.43028e-13
 3.20135e-09 1.91788e-07 6.77407e-06 0.000141064 0.00173193 0.0125379 0.0535394 0.135142 0.203839 0.193711 0.141612 0.109701 0.0828726 0.0448638 0.0157234 0.00375992 0.000696265 0.000107292 1.3048e-05 1.18659e-06 8.13985e-08 4.26778e-09 1.66546e-10 4.61838e-12 8.75206e-14
 4.48157e-09 2.55274e-07 8.57279e-06 0.000169738 0.00198146 0.0136394 0.055395 0.133167 0.192585 0.180803 0.141494 0.120777 0.0922008 0.0478395 0.0157673 0.00348969 0.000589488 8.32764e-05 9.44629e-06 8.01657e-07 4.9777e-08 2.24405e-09 7.20926e-11 1.61968e-12 2.5139e-14
 7.09362e-09 3.83849e-07 1.2246e-05 0.000230338 0.00255441 0.016704 0.0644515 0.147222 0.202469 0.181311 0.136158 0.111389 0.0810197 0.0401802 0.0128634 0.00285705 0.000498104 7.11344e-05 7.7494e-06 6.08143e-07 3.43483e-08 1.40575e-09 4.09583e-11 8.24819e-13 1.12126e-14
 9.10453e-09 4.6766e-07 1.41626e-05 0.00025287 0.00266204 0.0165272 0.0605866 0.131964 0.176136 0.164207 0.146013 0.137151 0.100378 0.0471507 0.0138265 0.00268564 0.000392047 4.78134e-05 4.75576e-06 3.58021e-07 1.96668e-08 7.71654e-10 2.10261e-11 3.88057e-13 4.78008e-15
 1.50061e-08 7.31167e-07 2.10041e-05 0.000355743 0.00355247 0.0209213 0.0727487 0.150269 0.189973 0.166858 0.138448 0.121621 0.0840985 0.0377635 0.0108378 0.0021533 0.000333613 4.17468e-05 3.91834e-06 2.60356e-07 1.22929e-08 4.20656e-10 1.03545e-11 1.77651e-13 2.05664e-15
 2.19147e-08 1.01227e-06 2.75675e-05 0.000442632 0.00419044 0.0233982 0.0771786 0.151591 0.184305 0.161949 0.141049 0.125333 0.0834006 0.0354524 0.00959023 0.00179348 0.000262599 3.15193e-05 2.90124e-06 1.92668e-07 9.08622e-09 3.01226e-10 6.86091e-12 1.04996e-13 1.06747e-15
 3.61939e-08 1.58411e-06 4.08765e-05 0.000621881 0.00557842 0.0295131 0.0922308 0.171556 0.197062 0.162126 0.13055 0.107843 0.0674123 0.0270674 0.00695501 0.00124513 0.00017506 1.99895e-05 1.72914e-06 1.07387e-07 4.7586e-09 1.50031e-10 3.29061e-12 4.87581e-14 4.7725e-16
 4.906e-08 2.03367e-06 4.97022e-05 0.000716174 0.00608486 0.0304985 0.0903943 0.160329 0.179917 0.155912 0.140802 0.121259 0.0744824 0.0296205 0.00799283 0.00163516 0.000268632 3.33788e-05 2.91625e-06 1.76344e-07 7.48526e-09 2.23342e-10 4.59052e-12 6.34397e-14 5.7967e-16
 7.86634e-08 3.08736e-06 7.14404e-05 0.000974649 0.00784053 0.0372091 0.104434 0.175497 0.186942 0.154373 0.132675 0.107851 0.0621522 0.0230146 0.00570934 0.00106667 0.000164154 2.01525e-05 1.83429e-06 1.19245e-07 5.41314e-09 1.66862e-10 3.40622e-12 4.5414e-14 3.93232e-16
 1.24758e-07 4.63492e-06 0.000101521 0.00131105 0.00998337 0.0448493 0.119172 0.189692 0.191739 0.150774 0.123234 0.0946582 0.0514283 0.0179725 0.00421623 0.000743851 0.00010702 1.21251e-05 1.01402e-06 6.12874e-08 2.65981e-09 8.09811e-11 1.67311e-12 2.28008e-14 2.00795e-16
 1.68823e-07 5.93604e-06 0.000123057 0.00150407 0.0108408 0.046115 0.116245 0.177094 0.177687 0.151203 0.136265 0.105374 0.0547554 0.0180529 0.00397848 0.000656963 8.81914e-05 9.30556e-06 7.2233e-07 4.02659e-08 1.60138e-09 4.45967e-11 8.47304e-13 1.07481e-14 8.95507e-17
 2.68616e-07 8.93838e-06 0.000175359 0.00202841 0.0138361 0.0557012 0.13289 0.191624 0.181926 0.146103 0.123818 0.0901278 0.044284 0.013938 0.00298359 0.00048598 6.37808e-05 6.40644e-06 4.63243e-07 2.37675e-08 8.65564e-10 2.20397e-11 3.82422e-13 4.42271e-15 3.35565e-17
 4.23758e-07 1.33446e-05 0.000247763 0.00271222 0.0175084 0.0667056 0.150609 0.205493 0.184343 0.139189 0.110416 0.075347 0.0347517 0.0102568 0.00205239 0.000311761 3.83327e-05 3.64531e-06 2.51779e-07 1.23524e-08 4.26359e-10 1.01449e-11 1.62403e-13 1.71813e-15 1.18725e-17
 5.50726e-07 1.64137e-05 0.00028842 0.00298823 0.0182601 0.0659048 0.141471 0.186539 0.17169 0.146936 0.128321 0.0869266 0.0380135 0.0104443 0.001909 0.000259479 2.84465e-05 2.44369e-06 1.5418e-07 6.95426e-09 2.22157e-10 4.92745e-12 7.38632e-14 7.31791e-16 4.71684e-18
 8.7435e-07 2.46649e-05 0.000410222 0.0040228 0.0232665 0.0794734 0.16138 0.200827 0.17288 0.136379 0.110383 0.0706705 0.0299473 0.0083613 0.00167608 0.000262535 3.16243e-05 2.71692e-06 1.60187e-07 6.5276e-09 1.86471e-10 3.71081e-12 5.02917e-14 4.53708e-16 2.67869e-18
 1.08354e-06 2.89344e-05 0.000455547 0.00422912 0.0231627 0.0750296 0.145441 0.177775 0.164199 0.151652 0.132355 0.0826872 0.0328461 0.0083932 0.0015061 0.000212195 2.41412e-05 2.08336e-06 1.2892e-07 5.56455e-09 1.63566e-10 3.19231e-12 4.06347e-14 3.34741e-16 1.78006e-18
 1.93803e-06 4.89955e-05 0.000730294 0.00641828 0.0332713 0.1019 0.185848 0.20918 0.166417 0.124132 0.0927695 0.0532362 0.0200443 0.0049733 0.000888669 0.000124763 1.36272e-05 1.08441e-06 6.0878e-08 2.41334e-09 6.7239e-11 1.28559e-12 1.63702e-14 1.35473e-16 7.15908e-19
 2.15794e-06 5.16561e-05 0.00072906 0.00606792 0.0298067 0.0867534 0.152346 0.174211 0.162468 0.155081 0.12854 0.0721507 0.0252435 0.00559135 0.000848695 9.89765e-05 9.35478e-06 6.8351e-07 3.63902e-08 1.37038e-09 3.57079e-11 6.28387e-13 7.32142e-15 5.57561e-17 2.74839e-19
#spawning biomass
 5790.92 6922.27 4781.29 4424.97 6719.74 9771.21 13222.3 19948.3 26772.1 36541 44507.2 67849.1 76515.1 86982.9 84789 78749.8 76618.7 66333.1 73080 70398.7 62609.8 60095.5 69488.9 76782.1 69647.6 81188.9 66803.1 76521.7 58237.2 57950.5 89245.7 61958 40569.6 28272.1 22209.5 19484.1 18330.8 17862.9 17678.6 17607.6 17580.8 17570.7 17567 17565.6 17565.1 17564.9 17564.8 17564.8 17564.8 17564.8 17564.8 17564.8 17564.8 17564.8 17564.8 17564.8 17564.8 17564.8 17564.8 17564.8 17564.8 17564.8 17564.8 17564.8 17564.8 17564.8 17564.8 17564.8 17564.8 17564.8 17564.8 17564.8 17564.8 17564.8 17564.8 17564.8 17564.8 17564.8 17564.8 17564.8 17564.8 17564.8 17564.8 17564.8 17564.8 17564.8 17564.8 17564.8 17564.8 17564.8 17564.8 17564.8 17564.8 17564.8 17564.8 17564.8 17564.8 17564.8 17564.8 17564.8 17564.8 17564.8 17564.8 17564.8 17564.8 17564.8 17564.8 17564.8 17564.8 17564.8 17564.8 17564.8 17564.8 17564.8 17564.8 17564.8 17564.8 17564.8 17564.8 17564.8 17564.8 17564.8 17564.8 17564.8 17564.8 17564.8 17564.8 17564.8 17564.8 0 0 0 0 0 0 0 0 0 0 0 0 0 0 0 0 0 0 0 0 0 0 0 0 0
