SBPRF35
0.915582
Curr Bio
134430
B35
649769
F35
0.240418
FOFL
0
OFL
0
Bzero
261595
#pred survey bio
 13835.1 10581.3 13426.1 17390.6 22884.8 27869.1 32569.9 38354.8 44277.8 57520 74184.4 88326.7 107835 132415 140231 112150 107596 99708.2 103303 97012.5 95950.3 111277 118011 120536 127651 130712 124139 111774 107956 1.96204e+06 3.25564e+06 4.15549e+06 4.27347e+06 4.01368e+06 3.63341e+06 3.25666e+06 2.9342e+06 2.67877e+06 2.48565e+06 2.34388e+06 2.24172e+06 2.16889e+06 2.11722e+06 2.08009e+06 2.05261e+06 2.03337e+06 2.01972e+06 2.0099e+06 2.00273e+06 1.99742e+06 1.99343e+06 1.99039e+06 1.98805e+06 1.98621e+06 1.98477e+06 1.98362e+06 1.98269e+06 1.98195e+06 1.98134e+06 1.98085e+06 1.98045e+06 1.98012e+06 1.97984e+06 1.97962e+06 1.97944e+06 1.97928e+06 1.97916e+06 1.97905e+06 1.97897e+06 1.9789e+06 1.97884e+06 1.97879e+06 1.97875e+06 1.97871e+06 1.97868e+06 1.97866e+06 1.97864e+06 1.97863e+06 1.97861e+06 1.9786e+06 1.97859e+06 1.97859e+06 1.97858e+06 1.97857e+06 1.97857e+06 1.97857e+06 1.97856e+06 1.97856e+06 1.97856e+06 1.97856e+06 1.97856e+06 1.97856e+06 1.97855e+06 1.97855e+06 1.97855e+06 1.97855e+06 1.97855e+06 1.97855e+06 1.97855e+06 1.97855e+06 1.97855e+06 1.97855e+06 1.97855e+06 1.97855e+06 1.97855e+06 1.97855e+06 1.97855e+06 1.97855e+06 1.97855e+06 1.97855e+06 1.97855e+06 1.97855e+06 1.97855e+06 1.97855e+06 1.97855e+06 1.97855e+06 1.97855e+06 1.97855e+06 1.97855e+06 1.97855e+06 1.97855e+06 1.97855e+06 1.97855e+06 1.97855e+06 1.97855e+06 1.97855e+06 1.97855e+06 1.97855e+06 1.97855e+06 0 0 0 0 0 0 0 0 0 0 0 0 0 0 0 0 0 0 0 0 0 0 0 0 0
#obs survey bio
 12710.2 11874.7 15417.9 14039 20872.6 32521.5 28310.4 38076.3 46438.2 61949.6 91684.4 70071.4 95232.6 110089 150854 95465.8 76010.1 72469.5 68195 70037.6 70736.8 98374.9 115370 120294 123947 112944 106035 109229 73883.1
#pred catch bio
 9612.58 5995.97 7688.54 9428.67 13854.4 18069.9 21120.3 25997.7 29901.9 38224.5 51438.5 64693.4 77785.8 95054.3 115970 89040.2 89038.9 79441.6 85543.6 81770.2 76822.1 92073.5 101478 103745 109625 112290 109803 95219.4 106196 0 24159.9 36800.2 38056.8 35122.1 31185.9 27414.7 24249 21782.8 19951.7 18636.5 17713.8 17077.6 16644.4 16350.3 16149.3 16018.2 15932.7 15876.9 15840.6 15816.9 15801.4 15791.4 15784.8 15780.5 15777.7 15775.9 15774.7 15773.9 15773.4 15773.1 15772.9 15772.7 15772.7 15772.6 15772.6 15772.5 15772.5 15772.5 15772.5 15772.5 15772.5 15772.5 15772.5 15772.5 15772.5 15772.5 15772.5 15772.5 15772.5 15772.5 15772.5 15772.5 15772.5 15772.5 15772.5 15772.5 15772.5 15772.5 15772.5 15772.5 15772.5 15772.5 15772.5 15772.5 15772.5 15772.5 15772.5 15772.5 15772.5 15772.5 15772.5 15772.5 15772.5 15772.5 15772.5 15772.5 15772.5 15772.5 15772.5 15772.5 15772.5 15772.5 15772.5 15772.5 15772.5 15772.5 15772.5 15772.5 15772.5 15772.5 15772.5 15772.5 15772.5 15772.5 15772.5 15772.5 15772.5 15772.5 15772.5 0 0 0 0 0 0 0 0 0 0 0 0 0 0 0 0 0 0 0 0 0 0 0 0 0
#obs catch bio
 5624.88 6027.65 7556.47 9186.52 13762.5 17777.7 21217.2 25576.4 29469.1 36969.3 48416.2 63063 74579.9 91564.7 116023 88799 89444.9 78306.3 84338.6 81143.4 75330.1 88339.8 99182.9 99260.6 105078 109078 105808 92584.8 104664
#pred cpue bio
 10377.5 7139.37 8266.44 10770 14630.6 17149.1 19639 23204.3 26020.8 31755 42390 50707.9 57522.9 73026.2 84645.2 65002.2 60185.1 54485.8 56068.8 53183 49433.9 57274.2 61403.6 60462.9 63572 66738.5 65555.2 57303.1 57075.7 901009 2.52538e+06 3.95315e+06 4.1475e+06 3.87685e+06 3.48975e+06 3.11086e+06 2.78784e+06 2.53226e+06 2.33911e+06 2.19733e+06 2.09517e+06 2.02234e+06 1.97067e+06 1.93354e+06 1.90606e+06 1.88682e+06 1.87317e+06 1.86335e+06 1.85618e+06 1.85087e+06 1.84688e+06 1.84384e+06 1.84149e+06 1.83966e+06 1.83822e+06 1.83706e+06 1.83614e+06 1.8354e+06 1.83479e+06 1.8343e+06 1.83389e+06 1.83356e+06 1.83329e+06 1.83307e+06 1.83288e+06 1.83273e+06 1.83261e+06 1.8325e+06 1.83242e+06 1.83234e+06 1.83228e+06 1.83224e+06 1.83219e+06 1.83216e+06 1.83213e+06 1.83211e+06 1.83209e+06 1.83208e+06 1.83206e+06 1.83205e+06 1.83204e+06 1.83203e+06 1.83203e+06 1.83202e+06 1.83202e+06 1.83202e+06 1.83201e+06 1.83201e+06 1.83201e+06 1.83201e+06 1.832e+06 1.832e+06 1.832e+06 1.832e+06 1.832e+06 1.832e+06 1.832e+06 1.832e+06 1.832e+06 1.832e+06 1.832e+06 1.832e+06 1.832e+06 1.832e+06 1.832e+06 1.832e+06 1.832e+06 1.832e+06 1.832e+06 1.832e+06 1.832e+06 1.832e+06 1.832e+06 1.832e+06 1.832e+06 1.832e+06 1.832e+06 1.832e+06 1.832e+06 1.832e+06 1.832e+06 1.832e+06 1.832e+06 1.832e+06 1.832e+06 1.832e+06 1.832e+06 1.832e+06 1.832e+06 0 0 0 0 0 0 0 0 0 0 0 0 0 0 0 0 0 0 0 0 0 0 0 0 0
#obs cpue bio
 7809.41 5695.47 11402.5 16196.6 18590.8 19136.8 18646.5 35099.8 34383.9 54891.2 93287.5 88666.2 113635 134270 73325.5 85568.7 67295.5 112549 89146.4 94518 92331.1 124339 96860.1 127809 114130 110319 146033 93868.1 122622
#pred surv len freq
 2.56034e-27 2.5809e-27 2.68115e-26 5.11628e-20 1.25419e-14 3.7164e-10 1.33115e-06 0.000576339 0.0301635 0.190823 0.146337 0.0394991 0.197839 0.183081 0.047898 0.063679 0.027429 0.0211502 0.0129754 0.00984018 0.0077014 0.00664691 0.0066589 0.00590059 0.00180088
 2.56371e-27 2.59008e-27 3.48275e-26 6.80727e-20 1.66872e-14 4.94471e-10 1.77111e-06 0.000766825 0.0401328 0.253892 0.194471 0.0380031 0.152639 0.141858 0.0497903 0.0780257 0.0264217 0.0108877 0.00483494 0.00273938 0.00174448 0.00128957 0.00114553 0.00101599 0.000339882
 2.5658e-27 2.59548e-27 3.93201e-26 7.75491e-20 1.90102e-14 5.63307e-10 2.01767e-06 0.000873575 0.0457198 0.289236 0.22148 0.0392871 0.143435 0.132748 0.0370133 0.0512967 0.0201362 0.0123608 0.00394778 0.00121911 0.000510791 0.000286753 0.000210905 0.000175926 6.09654e-05
 2.56437e-27 2.59144e-27 3.55859e-26 6.96708e-20 1.7079e-14 5.0608e-10 1.81269e-06 0.000784828 0.041075 0.259852 0.199081 0.0416786 0.177371 0.16387 0.0390612 0.047983 0.0168339 0.00783948 0.00305213 0.00111073 0.00024917 7.72835e-05 4.00149e-05 2.87514e-05 9.87046e-06
 2.56423e-27 2.5913e-27 3.56784e-26 6.98667e-20 1.7127e-14 5.07503e-10 1.81779e-06 0.000787034 0.0411905 0.260583 0.199608 0.0397366 0.162223 0.150365 0.0452573 0.0655064 0.0220181 0.00865922 0.00283809 0.000908327 0.000250965 4.75495e-05 1.15106e-05 5.90291e-06 1.90171e-06
 2.56514e-27 2.59362e-27 3.76049e-26 7.39303e-20 1.81231e-14 5.37021e-10 1.92352e-06 0.00083281 0.0435863 0.275739 0.21119 0.0403322 0.158617 0.146728 0.0389903 0.0521794 0.0187575 0.00924044 0.00285192 0.000743698 0.000169068 3.40176e-05 4.75253e-06 1.09111e-06 2.92943e-07
 2.565e-27 2.59309e-27 3.69862e-26 7.26247e-20 1.78031e-14 5.27537e-10 1.88955e-06 0.000818102 0.0428165 0.270869 0.207494 0.0416858 0.171516 0.158419 0.0372586 0.0451917 0.0151784 0.00600253 0.00200672 0.000603257 0.000117092 1.89577e-05 2.39857e-06 2.43421e-07 3.77697e-08
 2.56497e-27 2.59305e-27 3.69742e-26 7.25996e-20 1.77969e-14 5.27354e-10 1.88889e-06 0.000817819 0.0428017 0.270776 0.207418 0.0414279 0.169607 0.15675 0.0386439 0.0487385 0.0157456 0.00521849 0.00154814 0.000402408 8.85652e-05 1.34928e-05 1.35894e-06 9.67605e-08 6.24468e-09
 2.56568e-27 2.5949e-27 3.85487e-26 7.59207e-20 1.86111e-14 5.51479e-10 1.9753e-06 0.000855231 0.0447597 0.283163 0.216877 0.0414823 0.163374 0.150879 0.0354394 0.042904 0.0139182 0.00469799 0.00130632 0.000280959 5.20936e-05 8.08702e-06 7.91786e-07 4.36509e-08 1.49459e-09
 2.5672e-27 2.59894e-27 4.20441e-26 8.32943e-20 2.04186e-14 6.05039e-10 2.16715e-06 0.000938293 0.0491069 0.310664 0.237871 0.0411229 0.14589 0.134597 0.029908 0.0343629 0.0109542 0.00340296 0.000942885 0.000201082 3.21534e-05 4.08598e-06 3.81815e-07 1.99191e-08 4.85035e-10
 2.56565e-27 2.59464e-27 3.81511e-26 7.50814e-20 1.84053e-14 5.45382e-10 1.95347e-06 0.000845777 0.0442649 0.280032 0.214511 0.0429759 0.176403 0.162604 0.032138 0.032382 0.010106 0.00281323 0.000747278 0.000148135 2.33764e-05 2.66938e-06 2.02487e-07 9.71526e-09 2.12995e-10
 2.566e-27 2.5957e-27 3.91875e-26 7.72681e-20 1.89413e-14 5.61266e-10 2.01036e-06 0.000870409 0.0455541 0.288188 0.22072 0.0418513 0.163483 0.15089 0.033848 0.0392122 0.011884 0.00268835 0.000670064 0.000119537 1.75358e-05 1.90639e-06 1.31019e-07 5.15843e-09 1.01403e-10
 2.56759e-27 2.59991e-27 4.28063e-26 8.49019e-20 2.08127e-14 6.16717e-10 2.20898e-06 0.000956403 0.0500547 0.31666 0.242458 0.0416853 0.146946 0.135405 0.0270196 0.027546 0.00848678 0.00217088 0.000522284 7.60427e-05 9.95458e-06 9.76921e-07 6.25017e-08 2.20651e-09 3.61067e-11
 2.56619e-27 2.59602e-27 3.92771e-26 7.74565e-20 1.89875e-14 5.62634e-10 2.01526e-06 0.000872531 0.0456651 0.28889 0.221282 0.0434194 0.175021 0.161163 0.0288802 0.0252877 0.00754006 0.00154319 0.000367635 5.83105e-05 6.84318e-06 5.58827e-07 3.15842e-08 1.01857e-09 1.47838e-11
 2.56388e-27 2.58988e-27 3.39792e-26 6.62806e-20 1.62479e-14 4.81454e-10 1.72449e-06 0.000746637 0.0390763 0.247208 0.18946 0.0438181 0.200413 0.184891 0.038462 0.041152 0.0121036 0.00212902 0.000468721 6.21121e-05 7.3997e-06 5.95371e-07 2.79645e-08 7.75293e-10 1.01207e-11
 2.56528e-27 2.59367e-27 3.73224e-26 7.33332e-20 1.79767e-14 5.32683e-10 1.90798e-06 0.000826083 0.0432342 0.273512 0.209532 0.0429664 0.179829 0.165853 0.0343088 0.0364823 0.0108419 0.00209938 0.000456511 5.08423e-05 5.17764e-06 3.75774e-07 1.75197e-08 4.16416e-10 4.59881e-12
 2.56611e-27 2.59586e-27 3.91959e-26 7.72855e-20 1.89456e-14 5.61392e-10 2.01081e-06 0.000870605 0.0455643 0.288253 0.220787 0.042911 0.1715 0.158043 0.030676 0.0301666 0.0089845 0.00179028 0.000398597 4.82132e-05 4.60989e-06 2.75734e-07 1.11248e-08 2.52756e-10 2.45457e-12
 2.56622e-27 2.59606e-27 3.92762e-26 7.74544e-20 1.8987e-14 5.62619e-10 2.01521e-06 0.000872508 0.0456639 0.288883 0.221281 0.0437527 0.177558 0.163433 0.0279959 0.0226883 0.00657924 0.00104077 0.000220154 2.68323e-05 2.67785e-06 1.62999e-07 5.58977e-09 1.06913e-10 9.58192e-13
 2.56666e-27 2.59729e-27 4.04037e-26 7.9833e-20 1.95701e-14 5.79897e-10 2.07709e-06 0.000899302 0.0470662 0.297754 0.228044 0.0430292 0.167301 0.154065 0.0281078 0.0252941 0.00725026 0.000976214 0.000190283 1.91694e-05 1.81122e-06 1.13126e-07 3.99864e-09 6.82228e-11 5.114e-13
 2.56596e-27 2.59531e-27 3.8577e-26 7.59793e-20 1.86254e-14 5.51904e-10 1.97683e-06 0.000855891 0.0447942 0.283381 0.217087 0.0442171 0.184039 0.169355 0.0279958 0.0211934 0.00606859 0.000835824 0.000160199 1.36752e-05 1.10395e-06 5.89576e-08 2.06454e-09 3.61155e-11 2.50066e-13
 2.5678e-27 2.60035e-27 4.30696e-26 8.5457e-20 2.09487e-14 6.20749e-10 2.22342e-06 0.000962655 0.0503819 0.31873 0.244053 0.042582 0.15265 0.14046 0.0241562 0.0197075 0.00556928 0.000623944 0.000111379 9.60819e-06 7.28436e-07 3.20988e-08 9.39244e-10 1.54182e-11 1.08062e-13
 2.56757e-27 2.59967e-27 4.24233e-26 8.40934e-20 2.06145e-14 6.10844e-10 2.18794e-06 0.000947295 0.049578 0.313644 0.24018 0.0431871 0.159976 0.147118 0.02348 0.0164949 0.00468604 0.000591057 0.000107904 7.84567e-06 5.49085e-07 2.36276e-08 5.94783e-10 7.98573e-12 5.05218e-14
 2.5672e-27 2.59866e-27 4.1517e-26 8.21813e-20 2.01457e-14 5.96955e-10 2.13819e-06 0.000925755 0.0484507 0.306512 0.23474 0.0435969 0.166916 0.153492 0.0240626 0.016215 0.00454013 0.000461705 7.8136e-05 6.18946e-06 4.25844e-07 1.56001e-08 3.70676e-10 4.44967e-12 2.31182e-14
 2.56804e-27 2.60093e-27 4.35121e-26 8.63901e-20 2.11775e-14 6.27527e-10 2.2477e-06 0.000973167 0.050932 0.32221 0.246719 0.0430682 0.154477 0.141995 0.0216955 0.0137125 0.00381157 0.000346408 5.40888e-05 3.51997e-06 2.23195e-07 8.6023e-09 1.84811e-10 1.98136e-12 9.33212e-15
 2.56804e-27 2.60089e-27 4.34453e-26 8.62492e-20 2.11429e-14 6.26503e-10 2.24403e-06 0.000971579 0.0508489 0.321684 0.246322 0.0433553 0.15694 0.144203 0.0208999 0.0113445 0.00312849 0.00025952 3.79875e-05 2.2236e-06 1.2231e-07 3.9083e-09 8.2452e-11 8.51018e-13 3.55431e-15
 2.56743e-27 2.59923e-27 4.19737e-26 8.31446e-20 2.03819e-14 6.03952e-10 2.16325e-06 0.000936607 0.0490186 0.310105 0.237488 0.0438379 0.166819 0.153312 0.022374 0.0124105 0.0034077 0.00025248 3.38806e-05 1.83316e-06 9.16115e-08 2.54042e-09 4.46807e-11 4.14622e-13 1.68519e-15
 2.56666e-27 2.59715e-27 4.01468e-26 7.92907e-20 1.94372e-14 5.75958e-10 2.06298e-06 0.000893193 0.0467465 0.295732 0.226519 0.044257 0.177716 0.163401 0.0247787 0.0153507 0.00423257 0.000325673 4.46424e-05 2.20947e-06 9.88209e-08 2.47311e-09 3.83086e-11 2.96593e-13 1.04038e-15
 2.56748e-27 2.59939e-27 4.21441e-26 8.35041e-20 2.047e-14 6.06563e-10 2.17261e-06 0.000940656 0.0492306 0.311446 0.238507 0.0435507 0.163918 0.150692 0.0229597 0.0144039 0.00398066 0.000320973 4.55601e-05 2.31151e-06 1.03677e-07 2.32296e-09 3.20065e-11 2.17665e-13 6.45868e-16
 2.56665e-27 2.59713e-27 4.01319e-26 7.92592e-20 1.94294e-14 5.75729e-10 2.06217e-06 0.000892839 0.046728 0.295614 0.226429 0.0442307 0.177579 0.163281 0.0248776 0.0156076 0.00432681 0.000373479 5.55861e-05 2.96028e-06 1.40041e-07 3.21873e-09 4.24174e-11 2.54117e-13 6.61932e-16
#obs surv len freq
 1.0835e-41 1.50382e-33 2.52297e-26 5.11653e-20 1.25426e-14 3.71659e-10 1.33122e-06 0.000576374 0.0301651 0.190834 0.146427 0.0400948 0.172951 0.146396 0.104024 0.102074 0.0445056 0.0174828 0.00394645 0.000495633 2.55723e-05 3.90377e-07 1.32301e-09 8.13183e-13 7.95371e-17
 1.60525e-41 2.22798e-33 3.7379e-26 7.5804e-20 1.85825e-14 5.50632e-10 1.97227e-06 0.000853927 0.0446911 0.282729 0.216615 0.04071 0.126741 0.102261 0.0757984 0.0684728 0.0286223 0.0102103 0.00206154 0.000221608 9.29425e-06 1.09825e-07 2.77418e-10 1.23858e-13 8.66417e-18
 1.53619e-41 2.13213e-33 3.57708e-26 7.25425e-20 1.77829e-14 5.26941e-10 1.88742e-06 0.000817187 0.0427683 0.270566 0.207556 0.0500091 0.176723 0.12882 0.0565092 0.0426159 0.0170657 0.0054837 0.000973358 8.78836e-05 2.95184e-06 2.67283e-08 5.01146e-11 1.62628e-14 8.15617e-19
 1.07296e-41 1.4892e-33 2.49844e-26 5.06679e-20 1.24206e-14 3.68047e-10 1.31828e-06 0.000570771 0.0298719 0.18898 0.145489 0.0564228 0.23011 0.163084 0.0984678 0.0662556 0.0161548 0.00393938 0.000605394 4.5104e-05 1.19197e-06 8.17265e-09 1.1297e-11 2.65707e-15 9.55532e-20
 1.50371e-41 2.08704e-33 3.50145e-26 7.10087e-20 1.74069e-14 5.158e-10 1.84751e-06 0.000799908 0.041864 0.264845 0.203221 0.0471837 0.14197 0.104026 0.104006 0.0691261 0.0190453 0.00355912 0.000332731 1.87267e-05 3.82046e-07 1.95627e-09 1.97568e-12 3.35032e-16 8.61609e-21
 1.20288e-41 1.66952e-33 2.80097e-26 5.68031e-20 1.39246e-14 4.12612e-10 1.47791e-06 0.000639884 0.033489 0.211865 0.163326 0.0650881 0.231553 0.144095 0.0779738 0.0492685 0.0187434 0.00365975 0.000288343 9.90613e-06 1.34421e-07 4.98416e-10 3.63703e-13 4.41452e-17 8.07988e-22
 1.37764e-41 1.91208e-33 3.20791e-26 6.50557e-20 1.59477e-14 4.72558e-10 1.69263e-06 0.000732849 0.0383544 0.242644 0.186707 0.0580424 0.175518 0.116741 0.109452 0.0565948 0.0125772 0.00241392 0.000214425 6.14418e-06 5.24584e-08 1.21282e-10 6.03288e-14 5.15559e-18 6.66737e-23
 1.19556e-41 1.65936e-33 2.78392e-26 5.64573e-20 1.38399e-14 4.101e-10 1.46891e-06 0.000635988 0.0332851 0.210577 0.162781 0.0721435 0.226743 0.133182 0.0940376 0.0496003 0.0148126 0.00206261 0.000133564 3.72012e-06 2.65382e-08 4.0601e-11 1.24274e-14 6.85e-19 6.01124e-24
 1.51108e-41 2.09728e-33 3.51863e-26 7.1357e-20 1.74923e-14 5.1833e-10 1.85657e-06 0.000803832 0.0420694 0.266149 0.205038 0.0643952 0.167009 0.10413 0.0966317 0.0425269 0.00975323 0.0014092 8.20051e-05 1.61377e-06 9.45191e-09 1.18198e-11 2.57455e-15 9.12818e-20 5.05635e-25
 1.51881e-41 2.10801e-33 3.53663e-26 7.17221e-20 1.75818e-14 5.20982e-10 1.86607e-06 0.000807945 0.0422846 0.267514 0.206698 0.0778667 0.19813 0.103631 0.0664065 0.0286464 0.00716079 0.000812702 3.9658e-05 6.7201e-07 2.86679e-09 2.64701e-12 4.4718e-16 1.18898e-20 4.60553e-26
 1.09741e-41 1.52314e-33 2.55538e-26 5.18226e-20 1.27037e-14 3.76434e-10 1.34832e-06 0.000583778 0.0305526 0.1933 0.151104 0.0971992 0.258143 0.136048 0.0951371 0.0318231 0.00550884 0.000574965 2.38699e-05 3.12613e-07 1.05603e-09 7.22772e-13 8.67107e-17 1.67291e-21 4.80395e-27
 1.66372e-41 2.30913e-33 3.87404e-26 7.85647e-20 1.92592e-14 5.70686e-10 2.0441e-06 0.000885027 0.0463188 0.293037 0.226256 0.0712017 0.144653 0.0941667 0.0898436 0.0286734 0.00461347 0.000338926 1.04178e-05 1.09847e-07 2.80158e-10 1.43025e-13 1.26722e-17 1.75081e-22 3.54164e-28
 1.33824e-41 1.85739e-33 3.11615e-26 6.3195e-20 1.54915e-14 4.59042e-10 1.64421e-06 0.000711887 0.0372574 0.235726 0.184678 0.110611 0.243026 0.106563 0.0571259 0.0201194 0.00391346 0.000259982 5.95171e-06 4.29372e-08 8.01863e-11 3.0258e-14 1.94604e-18 1.94484e-23 2.83493e-29
 1.11685e-41 1.55011e-33 2.60064e-26 5.27404e-20 1.29287e-14 3.831e-10 1.3722e-06 0.000594117 0.0310937 0.196739 0.155502 0.111998 0.235491 0.13785 0.103728 0.0238816 0.0029157 0.000201164 4.48508e-06 2.48606e-08 3.15594e-11 8.14709e-15 3.7176e-19 2.66202e-24 2.77035e-30
 8.75877e-42 1.21566e-33 2.03952e-26 4.13611e-20 1.01392e-14 3.00442e-10 1.07614e-06 0.00046593 0.0243849 0.15431 0.124358 0.123307 0.248987 0.159929 0.124718 0.0346716 0.00466011 0.000204475 3.45362e-06 1.73187e-08 1.77031e-11 3.23399e-15 9.94069e-20 4.83223e-25 3.49048e-31
 1.41363e-41 1.96203e-33 3.29171e-26 6.67552e-20 1.63643e-14 4.84903e-10 1.73684e-06 0.000751993 0.0393564 0.249015 0.195215 0.0947147 0.160085 0.126458 0.101514 0.028627 0.00406787 0.000190657 2.54311e-06 8.67246e-09 6.88902e-12 1.0117e-15 2.34278e-20 8.02916e-26 3.95122e-32
 9.7851e-42 1.35811e-33 2.27851e-26 4.62077e-20 1.13273e-14 3.35648e-10 1.20223e-06 0.000520526 0.0272424 0.172429 0.142149 0.162455 0.273228 0.125856 0.0713435 0.0215689 0.00306391 0.000141428 1.84326e-06 5.31814e-09 2.99158e-12 3.06494e-16 5.26715e-21 1.37235e-26 5.03582e-33
 1.43844e-41 1.99646e-33 3.34948e-26 6.79267e-20 1.66514e-14 4.93413e-10 1.76732e-06 0.00076519 0.0400471 0.253411 0.200564 0.107948 0.161288 0.135615 0.0836343 0.0150492 0.00160407 7.15863e-05 8.71468e-07 2.27654e-09 1.08767e-12 8.51124e-17 1.02926e-21 1.85782e-27 4.84169e-34
 9.99393e-42 1.38709e-33 2.32713e-26 4.71938e-20 1.1569e-14 3.42811e-10 1.22789e-06 0.000531635 0.0278239 0.176166 0.148957 0.183474 0.261204 0.121591 0.0627142 0.0160092 0.0014842 4.27084e-05 4.1746e-07 9.49616e-10 3.86886e-13 2.50706e-17 2.40737e-22 3.27117e-28 6.11631e-35
 1.28787e-41 1.78748e-33 2.99886e-26 6.08163e-20 1.49084e-14 4.41763e-10 1.58232e-06 0.000685091 0.0358551 0.226949 0.184188 0.132307 0.181305 0.152379 0.0740474 0.0113057 0.000949453 2.70688e-05 1.88647e-07 3.01616e-10 9.60064e-14 5.01729e-18 3.85643e-23 4.13202e-29 5.98021e-36
 1.40948e-41 1.95626e-33 3.28204e-26 6.65591e-20 1.63162e-14 4.83478e-10 1.73174e-06 0.000749784 0.039241 0.248428 0.204338 0.159158 0.187356 0.101936 0.0482333 0.00988149 0.000662965 1.34714e-05 8.03417e-08 9.98118e-11 2.20492e-14 8.1418e-19 4.65572e-24 3.81271e-30 4.23962e-37
 1.1297e-41 1.56795e-33 2.63056e-26 5.33473e-20 1.30775e-14 3.87509e-10 1.38799e-06 0.000600954 0.031452 0.199255 0.172799 0.196456 0.225112 0.122745 0.0446847 0.00645639 0.0004292 8.19161e-06 3.57542e-08 3.31225e-11 5.64596e-15 1.52645e-19 6.08925e-25 3.46786e-31 2.74279e-38
 1.37535e-41 1.90889e-33 3.20256e-26 6.49472e-20 1.5921e-14 4.7177e-10 1.6898e-06 0.000731626 0.0382909 0.242508 0.203087 0.160434 0.179155 0.126313 0.0439092 0.00531571 0.000250689 3.77686e-06 1.43481e-08 1.03823e-11 1.27373e-15 2.49972e-20 7.35104e-26 3.04698e-32 1.71062e-39
 1.35158e-41 1.87591e-33 3.14722e-26 6.3825e-20 1.5646e-14 4.63618e-10 1.66061e-06 0.000718985 0.0376297 0.238465 0.206529 0.193632 0.188167 0.0977232 0.0326738 0.00428461 0.000174035 1.90369e-06 5.19226e-09 2.91914e-12 2.81332e-16 4.12413e-21 8.69606e-27 2.56333e-33 1.03178e-40
 1.18488e-41 1.64454e-33 2.75905e-26 5.59531e-20 1.37162e-14 4.06437e-10 1.45579e-06 0.000630308 0.0329891 0.209262 0.190021 0.214049 0.206959 0.113198 0.0298233 0.00295675 0.000109847 1.06261e-06 2.18145e-09 8.56924e-13 5.88279e-17 6.39031e-22 1.01202e-27 2.21076e-34 6.44845e-42
 1.06725e-41 1.48128e-33 2.48515e-26 5.03983e-20 1.23546e-14 3.66088e-10 1.31127e-06 0.000567734 0.0297147 0.188699 0.178623 0.221188 0.2171 0.129161 0.0321136 0.00275645 7.56635e-05 5.68305e-07 9.62153e-10 2.94594e-13 1.45744e-17 1.10134e-22 1.21886e-28 1.89859e-35 4.0187e-43
 1.04746e-41 1.45381e-33 2.43906e-26 4.94637e-20 1.21254e-14 3.59299e-10 1.28695e-06 0.000557206 0.0291644 0.185374 0.179452 0.221488 0.217003 0.132169 0.032074 0.00265457 6.21093e-05 3.52929e-07 4.3389e-10 1.00151e-13 3.80274e-18 2.15346e-23 1.72091e-29 1.88395e-36 2.77258e-44
 1.27084e-41 1.76385e-33 2.95922e-26 6.00124e-20 1.47113e-14 4.35923e-10 1.56141e-06 0.000676036 0.0353832 0.224611 0.204954 0.199957 0.192308 0.112846 0.0270003 0.00221204 5.02724e-05 2.62007e-07 2.70718e-10 4.96164e-14 1.48735e-18 6.79621e-24 4.46286e-30 4.02469e-37 4.83031e-45
 1.27087e-41 1.76388e-33 2.95928e-26 6.00136e-20 1.47116e-14 4.35932e-10 1.56144e-06 0.000676049 0.0353839 0.224616 0.204958 0.199966 0.192474 0.113191 0.0266262 0.0020638 4.34227e-05 2.05359e-07 1.89687e-10 3.07088e-14 8.06061e-19 3.2079e-24 1.8297e-30 1.43139e-37 1.48889e-45
#pred catch len freq
 2.55547e-27 2.56804e-27 1.58193e-26 2.79754e-20 6.85784e-15 2.0321e-10 7.27864e-07 0.000315137 0.0164931 0.104341 0.0802999 0.0394681 0.243997 0.226119 0.0633695 0.0883285 0.0379527 0.0291069 0.017764 0.0134179 0.0104782 0.00903509 0.0090486 0.00801767 0.002447
 2.55745e-27 2.57363e-27 2.08099e-26 3.85034e-20 9.43865e-15 2.79684e-10 1.00178e-06 0.000433733 0.0227 0.143607 0.110254 0.0376257 0.208937 0.194752 0.0761698 0.124983 0.0423246 0.017413 0.0077024 0.00434499 0.00276049 0.00203856 0.00181026 0.00160545 0.000537069
 2.55971e-27 2.57936e-27 2.54504e-26 4.82912e-20 1.1838e-14 3.50781e-10 1.25644e-06 0.000543991 0.0284705 0.180113 0.13817 0.0402159 0.209035 0.193893 0.0588233 0.085845 0.033665 0.0205977 0.00656101 0.00201488 0.000841854 0.000472028 0.000347037 0.000289458 0.000100308
 2.55836e-27 2.57544e-27 2.17213e-26 4.04234e-20 9.9093e-15 2.9363e-10 1.05173e-06 0.000455361 0.0238319 0.150768 0.115813 0.0433891 0.248891 0.230367 0.0598376 0.0787239 0.0276276 0.0128462 0.00498461 0.0018067 0.00040435 0.000125197 6.47882e-05 4.65467e-05 1.59795e-05
 2.55838e-27 2.57582e-27 2.23644e-26 4.17812e-20 1.02422e-14 3.03494e-10 1.08706e-06 0.000470657 0.0246325 0.155832 0.119635 0.0405165 0.224346 0.208393 0.0682094 0.103325 0.0347056 0.0135871 0.00443899 0.00141335 0.00038956 7.37152e-05 1.78304e-05 9.14227e-06 2.94528e-06
 2.55966e-27 2.57905e-27 2.49968e-26 4.73336e-20 1.16033e-14 3.43825e-10 1.23152e-06 0.000533203 0.0279059 0.176541 0.135467 0.0417616 0.222697 0.206344 0.0582687 0.0812428 0.0291449 0.0142516 0.00438506 0.0011371 0.000257811 5.17966e-05 7.23194e-06 1.65985e-06 4.45625e-07
 2.55966e-27 2.5788e-27 2.4543e-26 4.63754e-20 1.13684e-14 3.36865e-10 1.20659e-06 0.000522409 0.027341 0.172967 0.132769 0.0437187 0.239486 0.221506 0.0550171 0.0698622 0.0234296 0.00919179 0.00306131 0.000915601 0.000177296 2.8658e-05 3.62336e-06 3.67621e-07 5.70364e-08
 2.55982e-27 2.57927e-27 2.49752e-26 4.72874e-20 1.15919e-14 3.4349e-10 1.23032e-06 0.000532683 0.0278787 0.176369 0.135361 0.0433385 0.234772 0.217263 0.0562317 0.0736472 0.0237551 0.00779667 0.00230452 0.000595528 0.000130727 1.98886e-05 2.00162e-06 1.42479e-07 9.19436e-09
 2.56058e-27 2.58123e-27 2.66213e-26 5.07596e-20 1.24431e-14 3.68711e-10 1.32066e-06 0.000571796 0.0299258 0.189319 0.145254 0.0436208 0.22997 0.212655 0.0522113 0.0656333 0.021255 0.00710172 0.00196817 0.000420769 7.78023e-05 1.20584e-05 1.17984e-06 6.50251e-08 2.22618e-09
 2.56225e-27 2.58564e-27 3.04006e-26 5.87319e-20 1.43974e-14 4.26621e-10 1.52808e-06 0.000661602 0.0346259 0.219053 0.167957 0.0435134 0.213202 0.196962 0.0454732 0.0541808 0.0172428 0.00529738 0.00146253 0.000310041 4.94478e-05 6.27253e-06 5.85687e-07 3.05464e-08 7.43735e-10
 2.56082e-27 2.5816e-27 2.66886e-26 5.09005e-20 1.24776e-14 3.69735e-10 1.32433e-06 0.000573383 0.0300088 0.189845 0.145689 0.0457499 0.245867 0.226858 0.0462901 0.0484917 0.0151121 0.00415836 0.00110055 0.000216828 3.41254e-05 3.89019e-06 2.94854e-07 1.41422e-08 3.10018e-10
 2.56145e-27 2.58344e-27 2.84421e-26 5.46002e-20 1.33846e-14 3.96609e-10 1.42059e-06 0.00061506 0.03219 0.203643 0.1562 0.044165 0.22642 0.209187 0.0481418 0.0571347 0.0172889 0.00385718 0.000957252 0.000169671 2.48206e-05 2.6935e-06 1.84967e-07 7.27993e-09 1.43088e-10
 2.56327e-27 2.58823e-27 3.25192e-26 6.32005e-20 1.54928e-14 4.5908e-10 1.64435e-06 0.00071194 0.0372604 0.23572 0.180695 0.0442934 0.210187 0.193876 0.0394213 0.0411136 0.0126423 0.00318655 0.000763773 0.000110471 1.44175e-05 1.41222e-06 9.02756e-08 3.18589e-09 5.21258e-11
 2.56167e-27 2.58375e-27 2.84406e-26 5.45961e-20 1.33836e-14 3.96579e-10 1.42048e-06 0.000615014 0.0321876 0.203628 0.156225 0.0464604 0.243871 0.224751 0.0411225 0.0371965 0.0110789 0.00223732 0.000530706 8.36408e-05 9.78999e-06 7.97839e-07 4.50521e-08 1.45234e-09 2.10767e-11
 2.56006e-27 2.57956e-27 2.48908e-26 4.7108e-20 1.15479e-14 3.42186e-10 1.22565e-06 0.000530661 0.0277729 0.1757 0.134894 0.0461189 0.256259 0.236534 0.0495798 0.0534989 0.0157102 0.00271714 0.000595004 7.83076e-05 9.29955e-06 7.46805e-07 3.50457e-08 9.71191e-10 1.2676e-11
 2.56124e-27 2.58276e-27 2.77154e-26 5.30666e-20 1.30086e-14 3.85469e-10 1.38069e-06 0.000597784 0.0312859 0.197924 0.151852 0.045382 0.238737 0.22033 0.0460797 0.0496075 0.0147179 0.00280366 0.000606902 6.71456e-05 6.81515e-06 4.93563e-07 2.29903e-08 5.46218e-10 6.03123e-12
 2.56252e-27 2.58614e-27 3.06124e-26 5.91779e-20 1.45067e-14 4.29861e-10 1.53969e-06 0.000666626 0.0348888 0.220717 0.169255 0.0453036 0.225913 0.208303 0.0404445 0.0397884 0.011825 0.00231302 0.000512391 6.15543e-05 5.86774e-06 3.50194e-07 1.41144e-08 3.20535e-10 3.11223e-12
 2.5624e-27 2.58566e-27 3.00577e-26 5.80072e-20 1.42198e-14 4.21357e-10 1.50923e-06 0.000653439 0.0341986 0.216351 0.165942 0.0465753 0.237919 0.219126 0.0377262 0.0308522 0.00893459 0.00138984 0.000292302 3.53852e-05 3.52069e-06 2.13858e-07 7.32682e-09 1.40066e-10 1.25506e-12
 2.56319e-27 2.58786e-27 3.20586e-26 6.22284e-20 1.52545e-14 4.52019e-10 1.61906e-06 0.00070099 0.0366873 0.232094 0.177946 0.0455144 0.221411 0.204009 0.0371686 0.0333766 0.00955399 0.0012638 0.00024467 2.44814e-05 2.30483e-06 1.4365e-07 5.07277e-09 8.65084e-11 6.48327e-13
 2.56254e-27 2.58601e-27 3.03267e-26 5.85745e-20 1.43588e-14 4.25478e-10 1.52399e-06 0.00065983 0.0345331 0.218467 0.167562 0.0468722 0.23904 0.220073 0.0363085 0.0273771 0.00782777 0.00105887 0.000201632 1.71005e-05 1.37514e-06 7.3271e-08 2.56305e-09 4.48152e-11 3.10241e-13
 2.56431e-27 2.59085e-27 3.46528e-26 6.77009e-20 1.6596e-14 4.91771e-10 1.76144e-06 0.000762636 0.0399136 0.252505 0.193527 0.0451985 0.208061 0.191579 0.0329574 0.0269015 0.00759463 0.000837 0.000148268 1.27078e-05 9.59947e-07 4.22027e-08 1.23347e-09 2.02371e-11 1.41806e-13
 2.5643e-27 2.59076e-27 3.45048e-26 6.73884e-20 1.65195e-14 4.89501e-10 1.75331e-06 0.000759117 0.0397294 0.25134 0.192647 0.045807 0.213309 0.196281 0.0312332 0.0217941 0.00618293 0.000766029 0.000138874 1.00356e-05 6.99364e-07 3.00249e-08 7.54988e-10 1.01307e-11 6.40758e-14
 2.56419e-27 2.59044e-27 3.41993e-26 6.67439e-20 1.63615e-14 4.84819e-10 1.73654e-06 0.000751856 0.0393494 0.248936 0.190815 0.0460761 0.216643 0.199318 0.0310519 0.020612 0.00576391 0.000576036 9.66013e-05 7.60262e-06 5.21079e-07 1.90443e-08 4.51953e-10 5.42221e-12 2.81637e-14
 2.56522e-27 2.59322e-27 3.66535e-26 7.19211e-20 1.76306e-14 5.22426e-10 1.87124e-06 0.000810176 0.0424017 0.268245 0.205549 0.0454379 0.201435 0.185258 0.0280996 0.0174207 0.00483623 0.000432192 6.68051e-05 4.32144e-06 2.72739e-07 1.04872e-08 2.25053e-10 2.41125e-12 1.13538e-14
 2.5652e-27 2.59313e-27 3.65299e-26 7.16603e-20 1.75667e-14 5.20531e-10 1.86446e-06 0.000807238 0.0422479 0.267272 0.204813 0.0458154 0.204825 0.188303 0.0271261 0.0144369 0.00397642 0.000324643 4.70047e-05 2.73594e-06 1.49754e-07 4.77364e-09 1.00575e-10 1.03745e-12 4.33177e-15
 2.56446e-27 2.59111e-27 3.4739e-26 6.78821e-20 1.66405e-14 4.93087e-10 1.76616e-06 0.000764678 0.0400205 0.253181 0.194062 0.0463976 0.216809 0.199354 0.0289373 0.015782 0.0043291 0.000316118 4.1917e-05 2.25587e-06 1.12159e-07 3.10279e-09 5.44953e-11 5.05349e-13 2.05334e-15
 2.5638e-27 2.58935e-27 3.31999e-26 6.46355e-20 1.58446e-14 4.69504e-10 1.68169e-06 0.000728106 0.0381064 0.241072 0.18482 0.0466771 0.225429 0.207356 0.0312056 0.0189365 0.00521551 0.000395215 5.35455e-05 2.63706e-06 1.17295e-07 2.92839e-09 4.52951e-11 3.50433e-13 1.22883e-15
 2.56444e-27 2.5911e-27 3.47633e-26 6.79337e-20 1.66531e-14 4.93462e-10 1.7675e-06 0.000765259 0.0400509 0.253373 0.194204 0.0460924 0.214387 0.197192 0.0298837 0.0184821 0.00510267 0.000405208 5.68979e-05 2.87243e-06 1.28157e-07 2.86491e-09 3.94126e-11 2.67833e-13 7.9445e-16
 2.56495e-27 2.59249e-27 3.59906e-26 7.05227e-20 1.72878e-14 5.12268e-10 1.83486e-06 0.000794423 0.0415773 0.26303 0.201572 0.0457475 0.206586 0.189985 0.0284635 0.0170602 0.00472065 0.000400085 5.88566e-05 3.11756e-06 1.46705e-07 3.36419e-09 4.42687e-11 2.65009e-13 6.90042e-16
#obs catch len freq
 4.99416e-42 6.93156e-34 1.16291e-26 2.35836e-20 5.78125e-15 1.71309e-10 6.13601e-07 0.000265668 0.013904 0.087962 0.0678912 0.0398799 0.218725 0.186706 0.14393 0.143552 0.064393 0.025907 0.00605119 0.000789597 4.23347e-05 6.7193e-07 2.36866e-09 1.51026e-12 1.52519e-16
 5.73763e-42 7.96346e-34 1.33604e-26 2.70945e-20 6.64191e-15 1.96812e-10 7.04948e-07 0.000305218 0.0159739 0.101057 0.0780002 0.0435857 0.222568 0.181137 0.143121 0.131252 0.0569993 0.0210368 0.00444192 0.00049864 2.18145e-05 2.67585e-07 6.99191e-10 3.22211e-13 2.32071e-17
 1.08346e-41 1.50377e-33 2.52289e-26 5.11637e-20 1.25422e-14 3.71648e-10 1.33118e-06 0.000576356 0.0301642 0.190829 0.146598 0.0452227 0.181672 0.140808 0.113548 0.0952734 0.0394516 0.0131475 0.00246463 0.000234645 8.26345e-06 7.78482e-08 1.50819e-10 5.03326e-14 2.5885e-18
 1.11234e-41 1.54386e-33 2.59014e-26 5.25275e-20 1.28765e-14 3.81554e-10 1.36667e-06 0.000591719 0.0309682 0.195916 0.150828 0.0584588 0.238279 0.164547 0.0769848 0.0544215 0.0214667 0.00640471 0.00104708 8.29798e-05 2.31907e-06 1.66228e-08 2.37922e-11 5.7549e-15 2.11854e-19
 7.83212e-42 1.08705e-33 1.82375e-26 3.69852e-20 9.06649e-15 2.68657e-10 9.62285e-07 0.000416636 0.0218051 0.137949 0.106826 0.0647293 0.273546 0.184492 0.11698 0.0717142 0.017039 0.00391592 0.000549965 3.56319e-05 7.7693e-07 4.19019e-09 4.40302e-12 7.6991e-16 2.0292e-20
 1.26311e-41 1.75311e-33 2.94121e-26 5.96471e-20 1.46218e-14 4.3327e-10 1.5519e-06 0.00067192 0.0351656 0.22247 0.171096 0.0528382 0.171945 0.121845 0.124877 0.0753608 0.0200292 0.00339254 0.000292507 1.43439e-05 2.39634e-07 9.59794e-10 7.34176e-13 9.23469e-17 1.73806e-21
 1.04227e-41 1.4466e-33 2.42697e-26 4.92185e-20 1.20653e-14 3.57518e-10 1.28057e-06 0.000554443 0.0290173 0.183578 0.142102 0.0738113 0.26036 0.153467 0.0853136 0.0501789 0.0182137 0.00317359 0.000222599 6.61528e-06 7.40083e-08 2.14074e-10 1.17962e-13 1.05993e-17 1.41797e-22
 1.27683e-41 1.77215e-33 2.97315e-26 6.02949e-20 1.47806e-14 4.37976e-10 1.56876e-06 0.000679218 0.0355476 0.224889 0.173461 0.0644953 0.192877 0.124024 0.116101 0.0540913 0.0116265 0.00204422 0.000157845 3.79489e-06 2.64209e-08 4.7883e-11 1.80008e-14 1.13739e-18 1.074e-23
 1.14901e-41 1.59475e-33 2.67553e-26 5.42591e-20 1.3301e-14 3.94133e-10 1.41172e-06 0.000611225 0.0319891 0.202381 0.156933 0.079709 0.238864 0.13417 0.0947057 0.0460569 0.0128886 0.00159571 9.23071e-05 2.13909e-06 1.21604e-08 1.44468e-11 3.34792e-15 1.36663e-19 8.75325e-25
 1.51135e-41 2.09766e-33 3.51925e-26 7.13698e-20 1.74955e-14 5.18422e-10 1.8569e-06 0.000803976 0.0420769 0.266198 0.205397 0.0696164 0.171437 0.103849 0.0938527 0.0374991 0.00816096 0.00105302 5.27626e-05 8.67648e-07 4.05265e-09 3.89115e-12 6.37788e-16 1.67569e-20 6.7874e-26
 1.55159e-41 2.1535e-33 3.61295e-26 7.32698e-20 1.79612e-14 5.32224e-10 1.90634e-06 0.00082538 0.0431971 0.273289 0.211494 0.0830816 0.196844 0.0984644 0.0619106 0.0246104 0.00568608 0.000570762 2.41477e-05 3.3562e-07 1.13376e-09 8.04232e-13 1.01841e-16 2.00034e-21 5.67013e-27
 1.1536e-41 1.60112e-33 2.68622e-26 5.4476e-20 1.33541e-14 3.95707e-10 1.41736e-06 0.000613668 0.0321169 0.203201 0.159239 0.103972 0.254043 0.129081 0.086819 0.0262489 0.00425665 0.000393177 1.3886e-05 1.48922e-07 3.95623e-10 2.06668e-13 1.85556e-17 2.63993e-22 5.53491e-28
 1.72548e-41 2.39485e-33 4.01786e-26 8.14814e-20 1.99742e-14 5.91872e-10 2.11999e-06 0.000917883 0.0480383 0.303918 0.234912 0.0747619 0.140196 0.0902229 0.0802104 0.0231824 0.00341225 0.000219457 5.7837e-06 4.94946e-08 9.87166e-11 3.8351e-14 2.53472e-18 2.57834e-23 3.80478e-29
 1.40055e-41 1.94387e-33 3.26125e-26 6.61375e-20 1.62128e-14 4.80416e-10 1.72077e-06 0.000745034 0.0389921 0.246707 0.193768 0.116577 0.234432 0.0984304 0.0507752 0.0165404 0.00286445 0.000163784 3.1599e-06 1.85136e-08 2.70083e-11 7.7264e-15 3.69861e-19 2.71682e-24 2.88561e-30
 1.18629e-41 1.64649e-33 2.76232e-26 5.60194e-20 1.37325e-14 4.06919e-10 1.45752e-06 0.000631054 0.0330269 0.208978 0.165691 0.118796 0.228865 0.131901 0.091024 0.0188352 0.00212192 0.000126471 2.32009e-06 1.02856e-08 1.01626e-11 1.98934e-15 6.74802e-20 3.54636e-25 2.68652e-31
 9.45125e-42 1.31177e-33 2.20077e-26 4.46312e-20 1.09408e-14 3.24196e-10 1.16122e-06 0.000502767 0.0263129 0.166519 0.13479 0.131642 0.243688 0.154955 0.110211 0.027961 0.00329182 0.000124015 1.75446e-06 6.96694e-09 5.47629e-12 7.55189e-16 1.7249e-20 6.15223e-26 3.2316e-32
 1.50159e-41 2.08411e-33 3.49653e-26 7.09089e-20 1.73825e-14 5.15075e-10 1.84491e-06 0.000798784 0.0418052 0.264517 0.207757 0.0988263 0.153398 0.120425 0.0870656 0.0224989 0.00279495 0.00011044 1.20228e-06 3.26183e-09 1.9932e-12 2.1966e-16 3.76649e-21 9.46852e-27 3.39101e-33
 1.05506e-41 1.46435e-33 2.45675e-26 4.98224e-20 1.22134e-14 3.61905e-10 1.29628e-06 0.000561246 0.0293735 0.185934 0.15406 0.17044 0.261344 0.117309 0.0617076 0.0170857 0.00210141 8.15514e-05 8.5696e-07 1.9335e-09 8.32189e-13 6.40039e-17 8.12629e-22 1.54867e-27 4.13187e-34
 1.5311e-41 2.12506e-33 3.56523e-26 7.23022e-20 1.7724e-14 5.25196e-10 1.88117e-06 0.00081448 0.0426267 0.269746 0.213947 0.111485 0.153523 0.12663 0.0688516 0.0112658 0.00106676 3.97907e-05 3.87431e-07 7.84898e-10 2.84286e-13 1.66094e-17 1.48244e-22 1.95588e-28 3.69781e-35
 1.08277e-41 1.50281e-33 2.52127e-26 5.11309e-20 1.25342e-14 3.7141e-10 1.33033e-06 0.000575987 0.0301451 0.190889 0.162245 0.190461 0.247421 0.112075 0.0530855 0.0121235 0.000953728 2.31601e-05 1.82105e-07 3.19271e-10 9.80035e-14 4.71644e-18 3.33037e-23 3.30422e-29 4.4855e-36
 1.38534e-41 1.92276e-33 3.22583e-26 6.54193e-20 1.60368e-14 4.75199e-10 1.70208e-06 0.000736944 0.0385689 0.244147 0.198702 0.136126 0.172932 0.140152 0.0597601 0.00825847 0.000600957 1.40216e-05 7.77144e-08 9.61639e-11 2.30216e-14 8.89744e-19 5.01018e-24 3.90821e-30 4.09923e-37
 1.50496e-41 2.08879e-33 3.50437e-26 7.1068e-20 1.74215e-14 5.1623e-10 1.84905e-06 0.000800576 0.0418993 0.265287 0.218838 0.161251 0.17383 0.0914903 0.0391462 0.00705059 0.000397964 6.70302e-06 3.15759e-08 3.00104e-11 4.97878e-15 1.35894e-19 5.67753e-25 3.37409e-31 2.71178e-38
 1.2231e-41 1.69758e-33 2.84804e-26 5.77576e-20 1.41586e-14 4.19545e-10 1.50274e-06 0.000650636 0.0340523 0.215774 0.187897 0.200207 0.211107 0.109938 0.0355196 0.0045909 0.000257823 3.97182e-06 1.362e-08 9.65183e-12 1.22959e-15 2.45115e-20 7.14363e-26 2.94992e-32 1.68224e-39
 1.47596e-41 2.04854e-33 3.43684e-26 6.96985e-20 1.70858e-14 5.06283e-10 1.81342e-06 0.000785149 0.0410923 0.260291 0.218542 0.161888 0.168021 0.111522 0.0340863 0.00362473 0.00014402 1.76331e-06 5.21154e-09 2.86069e-12 2.61862e-16 3.78238e-21 8.10824e-27 2.43555e-33 9.86811e-41
 1.44983e-41 2.01227e-33 3.37601e-26 6.84648e-20 1.67833e-14 4.97321e-10 1.78132e-06 0.000771251 0.0403654 0.255861 0.222204 0.19375 0.173528 0.0852049 0.0253474 0.00286852 9.6451e-05 8.50653e-07 1.80741e-09 7.689e-13 5.50278e-17 5.92496e-22 9.10377e-28 1.94282e-34 5.63409e-42
 1.28265e-41 1.78023e-33 2.98671e-26 6.05699e-20 1.4848e-14 4.39974e-10 1.57591e-06 0.000682317 0.0357115 0.22661 0.206361 0.214998 0.192888 0.0980334 0.0226944 0.00195879 6.01023e-05 4.61794e-07 7.32508e-10 2.17418e-13 1.10708e-17 8.80818e-23 1.01393e-28 1.60239e-35 3.36947e-43
 1.16387e-41 1.61537e-33 2.71012e-26 5.49607e-20 1.3473e-14 3.99229e-10 1.42997e-06 0.00061913 0.0324053 0.205883 0.195399 0.223127 0.204658 0.111776 0.0243058 0.00178514 4.03179e-05 2.40753e-07 3.12877e-10 7.19659e-14 2.63654e-18 1.45893e-23 1.17219e-29 1.31777e-36 2.0056e-44
 1.14478e-41 1.58888e-33 2.66568e-26 5.40594e-20 1.3252e-14 3.92682e-10 1.40652e-06 0.000608976 0.0318738 0.202486 0.191315 0.216387 0.209032 0.119384 0.0268696 0.0020008 4.10655e-05 1.99769e-07 2.05819e-10 3.92035e-14 1.21725e-18 5.60654e-24 3.62806e-30 3.20318e-37 3.78854e-45
 1.3774e-41 1.91174e-33 3.20734e-26 6.50441e-20 1.59448e-14 4.72474e-10 1.69232e-06 0.000732718 0.0383496 0.243342 0.217713 0.192223 0.179495 0.102507 0.0237767 0.00182168 3.80489e-05 1.79011e-07 1.64752e-10 2.66008e-14 6.96845e-19 2.76922e-24 1.57783e-30 1.23341e-37 1.28222e-45
#spawning biomass
 15725.6 12472 16204.8 20928.6 27361 33627.7 39460.8 46446.3 53989.2 71151.9 90937.6 108262 134310 163539 169632 137047 132535 123356 128066 119895 120269 139434 147501 151810 160951 163956 154613 140123 134430 104672 174228 207100 206393 190561 170359 151073 134890 122282 112922 106199 101482 98229.8 96015.7 94512.1 93484.3 92814.2 92377.2 92092.2 91906.4 91785.3 91706.3 91654.8 91621.2 91599.3 91585 91575.7 91569.6 91565.7 91563.1 91561.4 91560.3 91559.6 91559.1 91558.8 91558.6 91558.5 91558.4 91558.3 91558.3 91558.3 91558.3 91558.3 91558.2 91558.2 91558.2 91558.2 91558.2 91558.2 91558.2 91558.2 91558.2 91558.2 91558.2 91558.2 91558.2 91558.2 91558.2 91558.2 91558.2 91558.2 91558.2 91558.2 91558.2 91558.2 91558.2 91558.2 91558.2 91558.2 91558.2 91558.2 91558.2 91558.2 91558.2 91558.2 91558.2 91558.2 91558.2 91558.2 91558.2 91558.2 91558.2 91558.2 91558.2 91558.2 91558.2 91558.2 91558.2 91558.2 91558.2 91558.2 91558.2 91558.2 91558.2 91558.2 91558.2 91558.2 91558.2 91558.2 91558.2 0 0 0 0 0 0 0 0 0 0 0 0 0 0 0 0 0 0 0 0 0 0 0 0 0
