SBPRF35
0.213455
Curr Bio
266815
B35
304312
F35
0.637349
FOFL
0.44837
OFL
46346.2
Bzero
60987.2
#pred survey bio
 11832 11174.8 8165.92 8294.36 13269.2 19373.1 26107.7 36069 50144.6 71330.8 86829.1 112146 140046 170474 173444 175603 164208 164429 165704 163594 162030 192783 183565 205495 220120 221960 250820 245880 226325 6.23279e+06 5.92816e+06 3.73885e+06 2.21942e+06 1.36995e+06 936858 721553 612481 554655 522282 503251 491648 484407 479825 476889 474984 473787 473032 472555 472252 472061 471939 471862 471813 471781 471762 471749 471741 471736 471733 471731 471729 471729 471728 471728 471727 471727 471727 471727 471727 471727 471727 471727 471727 471727 471727 471727 471727 471727 471727 471727 471727 471727 471727 471727 471727 471727 471727 471727 471727 471727 471727 471727 471727 471727 471727 471727 471727 471727 471727 471727 471727 471727 471727 471727 471727 471727 471727 471727 471727 471727 471727 471727 471727 471727 471727 471727 471727 471727 471727 471727 471727 471727 471727 471727 471727 471727 471727 471727 471727 0 0 0 0 0 0 0 0 0 0 0 0 0 0 0 0 0 0 0 0 0 0 0 0 0
#obs survey bio
 10096.9 9313.77 6394.15 7655.4 26940.6 17780.2 22390 35686.4 69495.4 58968.8 118764 90025.6 123046 158660 86382 175809 95496.9 161756 127646 185520 181405 253931 249211 175445 204040 244814 193072 230524 150174
#pred catch bio
 3176.09 4369.74 3381.87 2896.67 5469.1 9217.11 13452.4 18995.8 24926.1 43419.1 52798.4 72135.5 90023.5 121602 118114 126834 123920 120880 118756 123474 114573 154222 138905 164208 183682 171216 210686 210688 213790 46346.2 106084 61571.5 32918.1 18302.1 11747.3 9035.95 7973.84 7573.38 7426.52 7373.74 7355.07 7348.54 7346.27 7345.49 7345.22 7345.13 7345.1 7345.09 7345.09 7345.09 7345.09 7345.09 7345.09 7345.09 7345.09 7345.09 7345.09 7345.09 7345.09 7345.09 7345.09 7345.09 7345.09 7345.09 7345.09 7345.09 7345.09 7345.09 7345.09 7345.09 7345.09 7345.09 7345.09 7345.09 7345.09 7345.09 7345.09 7345.09 7345.09 7345.09 7345.09 7345.09 7345.09 7345.09 7345.09 7345.09 7345.09 7345.09 7345.09 7345.09 7345.09 7345.09 7345.09 7345.09 7345.09 7345.09 7345.09 7345.09 7345.09 7345.09 7345.09 7345.09 7345.09 7345.09 7345.09 7345.09 7345.09 7345.09 7345.09 7345.09 7345.09 7345.09 7345.09 7345.09 7345.09 7345.09 7345.09 7345.09 7345.09 7345.09 7345.09 7345.09 7345.09 7345.09 7345.09 7345.09 7345.09 7345.09 7345.09 0 0 0 0 0 0 0 0 0 0 0 0 0 0 0 0 0 0 0 0 0 0 0 0 0
#obs catch bio
 3225.52 4574.69 3943.15 3056.16 5288.83 8825.2 13108 18778.3 23245.7 43101.8 50765.2 69810.1 85681.6 120577 130450 144052 139105 117145 116054 122688 108890 134322 129836 160432 179923 155891 208699 197036 221021
#pred cpue bio
 11367.2 10890.2 7754.26 7393.4 11876.9 17477 23257.9 32009.5 44509.8 63653.4 76813.3 98872.7 123539 151704 155274 158572 145435 145756 148192 146120 141346 170708 160811 179139 191782 193242 218822 214731 199270 5.28589e+06 5.90493e+06 3.71561e+06 2.19618e+06 1.34672e+06 913621 698315 589244 531417 499045 480013 468411 461170 456588 453652 451747 450550 449795 449317 449015 448823 448702 448624 448575 448544 448524 448512 448504 448499 448495 448493 448492 448491 448491 448490 448490 448490 448490 448490 448490 448490 448490 448490 448490 448490 448490 448490 448490 448490 448490 448490 448490 448490 448490 448490 448490 448490 448490 448490 448490 448490 448490 448490 448490 448490 448490 448490 448490 448490 448490 448490 448490 448490 448490 448490 448490 448490 448490 448490 448490 448490 448490 448490 448490 448490 448490 448490 448490 448490 448490 448490 448490 448490 448490 448490 448490 448490 448490 448490 448490 0 0 0 0 0 0 0 0 0 0 0 0 0 0 0 0 0 0 0 0 0 0 0 0 0
#obs cpue bio
 10081.7 8941.36 5827.09 5274.53 14325.2 22547.3 26282.9 32251 48527 67054 70394.3 133141 168072 164541 135754 112326 163738 209911 192212 143082 152653 276560 124539 222201 226751 263832 264800 329830 264008
#pred surv len freq
 5.73547e-12 6.22804e-10 3.98725e-08 1.50499e-06 3.34921e-05 0.000439469 0.0034014 0.0155585 0.042471 0.0724943 0.0924844 0.121162 0.15944 0.160833 0.120927 0.0801755 0.0516274 0.0313359 0.018382 0.0109171 0.00679088 0.00459618 0.00334564 0.00231175 0.00127135
 4.2573e-12 4.62292e-10 2.95964e-08 1.11712e-06 2.48604e-05 0.000326213 0.00252501 0.0115541 0.0315989 0.0544107 0.0715688 0.0987207 0.136335 0.149185 0.133377 0.110362 0.0821116 0.0526289 0.0303287 0.0163278 0.00854516 0.00466147 0.00278948 0.00171424 0.00090306
 7.91585e-12 8.59567e-10 5.50303e-08 2.07712e-06 4.62236e-05 0.000606489 0.00469259 0.0214295 0.0580166 0.095194 0.10443 0.10174 0.110504 0.111858 0.0983416 0.08489 0.0721178 0.0560995 0.0380246 0.0218708 0.0109333 0.00506823 0.00238595 0.00118956 0.00055837
 1.25196e-11 1.35947e-09 8.70348e-08 3.28513e-06 7.3106e-05 0.00095919 0.00742085 0.0338726 0.0914847 0.14834 0.154499 0.130034 0.118359 0.102954 0.070919 0.0439655 0.0304895 0.0236321 0.0181517 0.0123879 0.0070445 0.00331189 0.00135935 0.000534223 0.000204342
 1.12814e-11 1.22503e-09 7.84275e-08 2.96025e-06 6.58765e-05 0.000864348 0.00668762 0.0305379 0.0826446 0.135348 0.147228 0.139721 0.144105 0.129459 0.0846707 0.0444244 0.0228393 0.0124899 0.00762657 0.00513148 0.00328499 0.00176081 0.000756176 0.000267981 8.32713e-05
 1.06116e-11 1.15229e-09 7.37708e-08 2.78448e-06 6.1965e-05 0.000813031 0.00629073 0.0287292 0.0777997 0.127816 0.140908 0.138343 0.147647 0.135793 0.0922635 0.0515802 0.0271409 0.013156 0.00594285 0.00281776 0.00150354 0.00081941 0.000385819 0.000143045 4.13836e-05
 1.1437e-11 1.24192e-09 7.9509e-08 3.00107e-06 6.67848e-05 0.000876264 0.00677975 0.0309571 0.0837583 0.137005 0.148265 0.138906 0.141863 0.128243 0.0864903 0.0482079 0.0257565 0.0129536 0.00587647 0.00241719 0.000943151 0.000385365 0.000164337 6.25756e-05 1.86011e-05
 1.1525e-11 1.25148e-09 8.01207e-08 3.02416e-06 6.72986e-05 0.000883007 0.00683197 0.0311965 0.0844203 0.138202 0.150081 0.141814 0.145647 0.130588 0.0852117 0.0443294 0.0220226 0.0107025 0.00486447 0.00202535 0.000750198 0.000249017 7.92565e-05 2.50921e-05 7.1283e-06
 1.14597e-11 1.24438e-09 7.96666e-08 3.00702e-06 6.69173e-05 0.000878004 0.00679329 0.0310206 0.0839538 0.137515 0.149692 0.142314 0.147006 0.132048 0.0860782 0.0444504 0.0215263 0.00991424 0.00420335 0.0016659 0.000605964 0.000194508 5.41495e-05 1.3437e-05 3.06906e-06
 1.11519e-11 1.21096e-09 7.7527e-08 2.92626e-06 6.51201e-05 0.000854425 0.00661092 0.0301893 0.0817247 0.13403 0.146668 0.141331 0.147977 0.134053 0.0885291 0.0468797 0.0232945 0.0107985 0.00448627 0.00169259 0.000577749 0.00017586 4.66056e-05 1.04489e-05 1.9729e-06
 1.15856e-11 1.25806e-09 8.05419e-08 3.04006e-06 6.76525e-05 0.00088765 0.00686793 0.0313615 0.0848774 0.139035 0.151377 0.143952 0.148506 0.132541 0.0846964 0.0419101 0.0193986 0.00878071 0.00368732 0.00140165 0.000469291 0.000136152 3.39233e-05 7.11862e-06 1.22472e-06
 1.17431e-11 1.27516e-09 8.16372e-08 3.0814e-06 6.85725e-05 0.000899721 0.0069613 0.0317872 0.0860203 0.140834 0.152995 0.144656 0.148371 0.13196 0.0838447 0.0408415 0.0182622 0.00780908 0.00306453 0.00111399 0.000369056 0.000106606 2.59055e-05 5.17109e-06 8.31549e-07
 1.16395e-11 1.26391e-09 8.09164e-08 3.05419e-06 6.79671e-05 0.000891779 0.0068999 0.0315082 0.0852838 0.139776 0.152529 0.14585 0.151044 0.13428 0.0842393 0.0397264 0.0169796 0.00699137 0.00263902 0.000907679 0.000282271 7.77725e-05 1.84597e-05 3.61755e-06 5.62411e-07
 1.10834e-11 1.20352e-09 7.70505e-08 2.90827e-06 6.47199e-05 0.000849177 0.00657044 0.0300074 0.0812722 0.133609 0.147682 0.145775 0.155415 0.139722 0.0881377 0.0418497 0.0179292 0.00726348 0.00264164 0.000867082 0.000256452 6.66636e-05 1.49051e-05 2.78902e-06 4.20455e-07
 1.06239e-11 1.15363e-09 7.38564e-08 2.78771e-06 6.2037e-05 0.00081398 0.00629828 0.0287684 0.0779715 0.128624 0.144205 0.147162 0.161224 0.145644 0.0906726 0.0415095 0.0169227 0.00665589 0.00239663 0.000775378 0.000221932 5.49713e-05 1.16128e-05 2.04565e-06 2.91524e-07
 1.01037e-11 1.09714e-09 7.02398e-08 2.65121e-06 5.89993e-05 0.000774126 0.00599003 0.0273634 0.0742036 0.122732 0.13909 0.145494 0.162871 0.149095 0.0949444 0.0456859 0.0197873 0.0079375 0.00278582 0.000868619 0.000242381 5.87028e-05 1.19784e-05 2.00835e-06 2.70102e-07
 1.13786e-11 1.23557e-09 7.91027e-08 2.98573e-06 6.64436e-05 0.000871792 0.00674534 0.0308042 0.083403 0.136893 0.150304 0.14595 0.153303 0.136981 0.0860397 0.0405765 0.0172979 0.00704667 0.00258269 0.000833337 0.000231862 5.46069e-05 1.08032e-05 1.7564e-06 2.27261e-07
 1.11895e-11 1.21505e-09 7.77887e-08 2.93614e-06 6.534e-05 0.000857314 0.00663344 0.0302959 0.0820646 0.135 0.14962 0.148579 0.158852 0.1416 0.0864156 0.0377209 0.0142853 0.00531265 0.00186924 0.000602249 0.000172086 4.16762e-05 8.27982e-06 1.31978e-06 1.65658e-07
 1.06405e-11 1.15543e-09 7.39719e-08 2.79207e-06 6.2134e-05 0.000815254 0.00630815 0.0288139 0.0780991 0.12887 0.144643 0.14798 0.16238 0.146498 0.0905971 0.04065 0.0158619 0.00579977 0.00188162 0.000547241 0.000146251 3.48034e-05 7.00993e-06 1.13825e-06 1.43354e-07
 1.07889e-11 1.17154e-09 7.50031e-08 2.831e-06 6.30002e-05 0.000826616 0.00639599 0.0292132 0.0791562 0.130411 0.145441 0.146636 0.159127 0.143624 0.090049 0.0419331 0.0173406 0.00667769 0.00224146 0.000651896 0.000164982 3.59874e-05 6.75596e-06 1.06607e-06 1.34549e-07
 1.21966e-11 1.3244e-09 8.47896e-08 3.20039e-06 7.12203e-05 0.000934461 0.00723003 0.033013 0.0893189 0.146085 0.158003 0.147635 0.149329 0.130807 0.0801188 0.035684 0.0139396 0.00526314 0.00182051 0.000557438 0.00014677 3.21526e-05 5.78795e-06 8.50801e-07 1.00847e-07
 1.12673e-11 1.2235e-09 7.83295e-08 2.95655e-06 6.57942e-05 0.000863274 0.00667951 0.0305056 0.0826219 0.135831 0.150149 0.148183 0.157646 0.140533 0.0862532 0.0381887 0.0146595 0.00535074 0.00176635 0.0005229 0.000138534 3.14737e-05 5.86225e-06 8.65432e-07 9.91736e-08
 1.18487e-11 1.28663e-09 8.23713e-08 3.10911e-06 6.91891e-05 0.000907813 0.00702399 0.0320754 0.086827 0.142369 0.155645 0.149444 0.154904 0.136145 0.0818922 0.0345119 0.0122056 0.00415843 0.00131985 0.000377276 9.59403e-05 2.11218e-05 3.92278e-06 5.92116e-07 6.94642e-08
 1.2165e-11 1.32097e-09 8.45699e-08 3.19209e-06 7.10358e-05 0.000932041 0.00721134 0.0329284 0.0891012 0.145818 0.158124 0.148729 0.151287 0.132385 0.0801952 0.034549 0.0126047 0.00430558 0.00130389 0.000346508 8.27529e-05 1.73847e-05 3.10282e-06 4.55575e-07 5.31229e-08
 1.21339e-11 1.31759e-09 8.43535e-08 3.18393e-06 7.08541e-05 0.000929657 0.00719293 0.0328452 0.0888883 0.145567 0.1583 0.149953 0.153398 0.133906 0.0798458 0.032904 0.0111374 0.00360254 0.00108335 0.000289161 6.73026e-05 1.33296e-05 2.22618e-06 3.0932e-07 3.46204e-08
 1.21341e-11 1.31762e-09 8.43554e-08 3.184e-06 7.08556e-05 0.000929678 0.00719311 0.0328465 0.0888971 0.145625 0.158565 0.150677 0.154508 0.134677 0.0796212 0.0319599 0.0102254 0.00307226 0.000857029 0.000213673 4.78154e-05 9.32289e-06 1.51935e-06 2.01059e-07 2.11749e-08
 1.20826e-11 1.31203e-09 8.39974e-08 3.17049e-06 7.0555e-05 0.000925733 0.00716257 0.0327066 0.0885131 0.144953 0.157634 0.149346 0.152902 0.133873 0.080604 0.0340713 0.0119616 0.00387014 0.0010832 0.000255931 5.29713e-05 9.59226e-06 1.4824e-06 1.89817e-07 1.9378e-08
 1.195e-11 1.29763e-09 8.30753e-08 3.13568e-06 6.97804e-05 0.000915572 0.00708403 0.0323497 0.0875709 0.1436 0.157038 0.150866 0.156271 0.136653 0.0807379 0.0322896 0.010282 0.00310568 0.000884111 0.000222743 4.79444e-05 8.50575e-06 1.23353e-06 1.46798e-07 1.41159e-08
 1.14425e-11 1.24252e-09 7.95474e-08 3.00252e-06 6.68173e-05 0.000876697 0.0067834 0.0309806 0.0839162 0.138021 0.152848 0.151438 0.16123 0.142247 0.0839865 0.0332863 0.0103329 0.00296972 0.000784513 0.000182677 3.8052e-05 6.91713e-06 1.0382e-06 1.23332e-07 1.13484e-08
#obs surv len freq
 7.50632e-12 8.15098e-10 5.21833e-08 1.96966e-06 4.38323e-05 0.000575109 0.00444967 0.0203172 0.0549653 0.0898742 0.0972494 0.0922524 0.101275 0.112017 0.111804 0.101893 0.0824181 0.0592076 0.0379997 0.0207757 0.00907317 0.00298582 0.000699231 0.000110589 1.13428e-05
 1.25963e-12 1.36781e-10 8.75685e-09 3.30533e-07 7.35615e-06 9.65552e-05 0.000748516 0.00345125 0.0097902 0.0196152 0.0378607 0.0771651 0.128021 0.157687 0.159464 0.14267 0.110288 0.0737959 0.0439031 0.0225736 0.00930424 0.0028494 0.000611234 8.78994e-05 8.19672e-06
 1.57128e-11 1.70622e-09 1.09234e-07 4.12303e-06 9.17518e-05 0.00120379 0.00931179 0.0424695 0.114231 0.18141 0.171238 0.100389 0.0494537 0.0471516 0.0674249 0.0758107 0.0620184 0.0400702 0.0220678 0.0103728 0.00392374 0.00110785 0.000218701 2.87825e-05 2.44455e-06
 1.40018e-11 1.52043e-09 9.7339e-08 3.67407e-06 8.17616e-05 0.00107276 0.00829988 0.037891 0.102395 0.166312 0.173673 0.144887 0.125772 0.100128 0.0593276 0.0304124 0.0199462 0.0147636 0.00897866 0.00415421 0.00145231 0.00037271 6.6918e-05 8.02937e-06 6.22045e-07
 1.13629e-11 1.23388e-09 7.8994e-08 2.98164e-06 6.63527e-05 0.000870602 0.00673619 0.0307611 0.0832344 0.135956 0.14526 0.129721 0.126853 0.122094 0.099314 0.0658517 0.0334253 0.0129396 0.00454965 0.00166769 0.000541985 0.000130148 2.14151e-05 2.33253e-06 1.63886e-07
 1.24045e-11 1.34698e-09 8.6235e-08 3.25495e-06 7.24347e-05 0.000950396 0.00735326 0.0335712 0.0907294 0.147317 0.153285 0.126674 0.11343 0.107777 0.092393 0.0668261 0.0376294 0.0156235 0.00484546 0.00120315 0.000260687 4.89178e-05 7.05031e-06 6.97463e-07 4.46525e-08
 1.21912e-11 1.32382e-09 8.47521e-08 3.19898e-06 7.11894e-05 0.000934072 0.00722747 0.033007 0.0893214 0.145822 0.154794 0.134099 0.123974 0.113516 0.0892986 0.0590227 0.0312633 0.0126458 0.00389396 0.000917174 0.000164193 2.23992e-05 2.34018e-06 1.81969e-07 9.89419e-09
 1.20608e-11 1.30966e-09 8.38459e-08 3.16478e-06 7.04284e-05 0.000924094 0.00715047 0.0326587 0.0884104 0.144486 0.153721 0.133444 0.12369 0.114935 0.0924721 0.0611294 0.0310864 0.011674 0.00329431 0.000716815 0.000118743 1.44155e-05 1.24248e-06 7.4759e-08 3.10583e-09
 1.17151e-11 1.27212e-09 8.14422e-08 3.07405e-06 6.84097e-05 0.000897621 0.00694607 0.0317334 0.085992 0.141065 0.151922 0.135206 0.127539 0.118175 0.0939047 0.0610539 0.0305019 0.0112135 0.00304987 0.000622946 9.47754e-05 1.04566e-05 8.10827e-07 4.29164e-08 1.51421e-09
 1.13802e-11 1.23576e-09 7.91145e-08 2.9862e-06 6.64549e-05 0.000871987 0.00674821 0.0308382 0.0836566 0.137769 0.150179 0.136896 0.131683 0.122753 0.096846 0.0609038 0.0284745 0.00951138 0.00231071 0.000422846 5.84015e-05 5.88625e-06 4.1561e-07 1.98941e-08 6.29865e-10
 1.21681e-11 1.32132e-09 8.45919e-08 3.19294e-06 7.10559e-05 0.000932359 0.00721534 0.03297 0.0893903 0.14677 0.157845 0.13849 0.127326 0.116351 0.0910436 0.0561851 0.0253139 0.0079817 0.00178174 0.00029117 3.53356e-05 3.13288e-06 1.96604e-07 8.44809e-09 2.41384e-10
 1.18451e-11 1.28623e-09 8.23459e-08 3.10817e-06 6.917e-05 0.000907642 0.00702492 0.032115 0.0872263 0.144133 0.158086 0.143935 0.134806 0.120056 0.0892047 0.0519813 0.0221921 0.00663236 0.00139173 0.000210319 2.31369e-05 1.82686e-06 1.0097e-07 3.8103e-09 9.59802e-11
 1.13069e-11 1.2278e-09 7.86048e-08 2.96697e-06 6.60281e-05 0.000866442 0.00670681 0.0306735 0.0834343 0.138553 0.154163 0.14422 0.138549 0.125491 0.0939064 0.0538696 0.0220119 0.00613559 0.00117371 0.000159258 1.56755e-05 1.11005e-06 5.50065e-08 1.85255e-09 4.14088e-11
 1.06721e-11 1.15886e-09 7.41917e-08 2.80041e-06 6.23221e-05 0.000817846 0.00633167 0.0289746 0.0789744 0.132048 0.149802 0.145073 0.143227 0.131107 0.0981288 0.0557033 0.0223526 0.00609788 0.0011346 0.000147261 1.35082e-05 8.69796e-07 3.86185e-08 1.15954e-09 2.3108e-11
 7.34908e-12 7.98025e-10 5.10906e-08 1.92847e-06 4.292e-05 0.000563359 0.00436517 0.0200402 0.0552876 0.096467 0.123532 0.146219 0.167233 0.161526 0.121888 0.0680699 0.0264488 0.00692197 0.00122889 0.000151681 1.31904e-05 8.00376e-07 3.31341e-08 9.15133e-10 1.65626e-11
 9.69133e-12 1.05237e-09 6.73736e-08 2.54306e-06 5.65957e-05 0.000742725 0.00575066 0.026322 0.07177 0.119968 0.135713 0.132243 0.1389 0.143078 0.118727 0.0701802 0.0278013 0.00728768 0.00128634 0.000156412 1.32031e-05 7.65528e-07 2.99229e-08 7.74162e-10 1.30449e-11
 1.06845e-11 1.16021e-09 7.4278e-08 2.80369e-06 6.23977e-05 0.000818946 0.00634291 0.0290659 0.0795534 0.134523 0.156119 0.153963 0.148994 0.129526 0.0904684 0.0474582 0.0176663 0.00452959 0.00079955 9.77809e-05 8.23977e-06 4.70317e-07 1.78301e-08 4.41436e-10 7.03908e-12
 9.79753e-12 1.0639e-09 6.81123e-08 2.57099e-06 5.72203e-05 0.000751065 0.00581897 0.0266923 0.0732961 0.125177 0.14901 0.153427 0.15483 0.138721 0.0980974 0.0507239 0.018158 0.00440961 0.000734216 8.52698e-05 6.91006e-06 3.83244e-07 1.41666e-08 3.40959e-10 5.24924e-12
 8.93938e-12 9.70715e-10 6.21467e-08 2.34584e-06 5.22114e-05 0.00068541 0.00531261 0.0244037 0.0673085 0.116459 0.143067 0.154392 0.161348 0.146719 0.103696 0.0528864 0.0185111 0.00437014 0.000702045 7.77976e-05 5.95252e-06 3.10188e-07 1.07899e-08 2.45596e-10 3.59395e-12
 1.03419e-11 1.12301e-09 7.18968e-08 2.71386e-06 6.04014e-05 0.000792862 0.0061435 0.0281843 0.0773548 0.131528 0.153732 0.152452 0.149886 0.134411 0.095173 0.0485419 0.0169872 0.00402355 0.000648721 7.15306e-05 5.357e-06 2.68331e-07 8.83995e-09 1.88711e-10 2.57712e-12
 1.123e-11 1.21946e-09 7.80717e-08 2.94697e-06 6.55914e-05 0.000861059 0.00667345 0.0306347 0.0842089 0.143585 0.167846 0.162812 0.149931 0.122343 0.078702 0.0370004 0.0121344 0.00272848 0.000421983 4.50256e-05 3.2805e-06 1.59852e-07 5.0958e-09 1.04356e-10 1.35405e-12
 1.00924e-11 1.09592e-09 7.01633e-08 2.64852e-06 5.89534e-05 0.000774112 0.00600424 0.0276285 0.0764923 0.133089 0.162994 0.168923 0.161782 0.131234 0.0813691 0.0360878 0.0109655 0.00224864 0.000314024 3.02952e-05 2.02012e-06 9.15277e-08 2.748e-09 5.34022e-11 6.59342e-13
 1.01948e-11 1.10705e-09 7.08759e-08 2.67544e-06 5.95539e-05 0.000782031 0.00606613 0.0279142 0.0772459 0.134015 0.162687 0.16673 0.160206 0.132148 0.0827272 0.0363176 0.0107069 0.0020923 0.000273239 2.41744e-05 1.45622e-06 5.92479e-08 1.60197e-09 2.82661e-11 3.19973e-13
 1.06603e-11 1.15759e-09 7.41122e-08 2.79764e-06 6.22767e-05 0.000817872 0.00634582 0.0292187 0.0809461 0.140578 0.170026 0.170925 0.158187 0.124859 0.0750084 0.0318482 0.0091668 0.0017607 0.000225876 1.94238e-05 1.1162e-06 4.24282e-08 1.05307e-09 1.68562e-11 1.72098e-13
 9.69058e-12 1.0523e-09 6.73724e-08 2.54335e-06 5.66238e-05 0.000743931 0.0057787 0.0266934 0.074608 0.13251 0.167685 0.177927 0.168311 0.1304 0.0751332 0.0302572 0.00821342 0.00148404 0.000179216 1.45621e-05 7.94214e-07 2.86953e-08 6.74726e-10 1.01555e-11 9.65668e-14
 9.88525e-12 1.07344e-09 6.87264e-08 2.5945e-06 5.77645e-05 0.000758963 0.00589595 0.0272337 0.0760506 0.134542 0.168544 0.176765 0.167111 0.130165 0.0745576 0.0292668 0.00759878 0.00129263 0.000145099 1.0867e-05 5.4491e-07 1.81505e-08 3.95508e-10 5.54414e-12 4.92532e-14
 9.13654e-12 9.92148e-10 6.35233e-08 2.39825e-06 5.34059e-05 0.000702078 0.00546203 0.0253275 0.0714326 0.129298 0.168618 0.183632 0.174097 0.131999 0.0730705 0.0278773 0.0070966 0.00119031 0.000131477 9.57924e-06 4.59064e-07 1.43542e-08 2.89765e-10 3.73614e-12 3.04632e-14
 9.87459e-12 1.0723e-09 6.86552e-08 2.59201e-06 5.77204e-05 0.000758748 0.00590104 0.027329 0.0767463 0.137179 0.174076 0.183059 0.169477 0.126253 0.0677955 0.0245571 0.00581739 0.000895162 9.01835e-05 6.01474e-06 2.66493e-07 7.78084e-09 1.47396e-10 1.78182e-12 1.35565e-14
 8.69625e-12 9.4436e-10 6.04674e-08 2.28324e-06 5.08653e-05 0.000669353 0.00522035 0.0243508 0.0696046 0.129358 0.17504 0.194643 0.180409 0.128365 0.0647075 0.0219494 0.00486467 0.000696621 6.46304e-05 3.91961e-06 1.56403e-07 4.10131e-09 7.00569e-11 7.69594e-13 5.36476e-15
#pred catch len freq
 4.06039e-12 4.4091e-10 2.82275e-08 1.06545e-06 2.37108e-05 0.000311143 0.00240895 0.0110366 0.0303704 0.0537792 0.0772283 0.1191 0.169622 0.174559 0.131764 0.0874154 0.0562931 0.034168 0.0200433 0.0119038 0.00740462 0.00501157 0.00364801 0.00252068 0.00138625
 3.15523e-12 3.4262e-10 2.19349e-08 8.27937e-07 1.84251e-05 0.000241784 0.00187202 0.00857824 0.0236269 0.0420113 0.061121 0.0962285 0.141267 0.156907 0.140666 0.116436 0.0866333 0.0555271 0.0319989 0.0172269 0.00901573 0.00491817 0.00294309 0.00180865 0.000952791
 6.25906e-12 6.79659e-10 4.35124e-08 1.64238e-06 3.65491e-05 0.000479562 0.00371091 0.0169555 0.0460273 0.076515 0.0885392 0.0974609 0.116961 0.122283 0.108202 0.0934832 0.0794236 0.0617828 0.0418767 0.0240865 0.0120409 0.00558168 0.00262767 0.00131007 0.000614937
 1.03066e-11 1.11917e-09 7.16506e-08 2.70446e-06 6.01841e-05 0.000789659 0.00610973 0.0278989 0.0754998 0.123625 0.134387 0.127408 0.13184 0.120656 0.0840846 0.0522328 0.0362311 0.0280827 0.0215702 0.0147209 0.00837119 0.00393562 0.00161536 0.000634833 0.000242826
 9.37863e-12 1.01841e-09 6.51994e-08 2.46096e-06 5.47655e-05 0.000718577 0.0055603 0.0254024 0.068915 0.114219 0.130518 0.139098 0.158363 0.147112 0.0969267 0.0509227 0.0261849 0.0143197 0.00874386 0.00588324 0.00376623 0.00201876 0.000866955 0.00030724 9.54704e-05
 9.02158e-12 9.79636e-10 6.27172e-08 2.36727e-06 5.26806e-05 0.000691223 0.00534872 0.0244378 0.0663258 0.11015 0.126894 0.137688 0.159391 0.150558 0.102886 0.0575769 0.0303002 0.0146876 0.00663467 0.00314578 0.00167857 0.0009148 0.000430733 0.000159697 4.62012e-05
 1.00242e-11 1.08851e-09 6.96873e-08 2.63035e-06 5.85351e-05 0.000768032 0.00594273 0.027144 0.0735634 0.121309 0.135822 0.138348 0.152332 0.141375 0.0959007 0.0535078 0.0285918 0.0143797 0.00652342 0.0026833 0.00104698 0.000427791 0.00018243 6.94646e-05 2.0649e-05
 1.01736e-11 1.10473e-09 7.07258e-08 2.66955e-06 5.94074e-05 0.000779478 0.00603132 0.0275494 0.0746712 0.123211 0.138288 0.141584 0.156132 0.143485 0.0941399 0.0490227 0.0243575 0.0118373 0.00538028 0.00224011 0.000829745 0.000275421 8.76605e-05 2.77528e-05 7.88416e-06
 9.95836e-12 1.08136e-09 6.92296e-08 2.61308e-06 5.81507e-05 0.000762991 0.00590384 0.0269689 0.0731239 0.120866 0.136613 0.142119 0.158753 0.146474 0.0960477 0.0496519 0.0240488 0.0110761 0.00469597 0.00186114 0.000676981 0.000217304 6.04956e-05 1.50118e-05 3.42874e-06
 1.02578e-11 1.11388e-09 7.13115e-08 2.69166e-06 5.98994e-05 0.000785932 0.00608123 0.0277764 0.0752746 0.12411 0.138856 0.141151 0.154875 0.142579 0.0944939 0.0500702 0.024882 0.0115345 0.00479203 0.00180794 0.000617125 0.000187846 4.9782e-05 1.1161e-05 2.10736e-06
 1.06905e-11 1.16086e-09 7.43193e-08 2.80519e-06 6.24258e-05 0.000819079 0.00633764 0.028946 0.0784216 0.129118 0.143621 0.14395 0.155685 0.141262 0.0906017 0.0448628 0.0207673 0.00940033 0.00394752 0.00150056 0.000502407 0.00014576 3.63171e-05 7.62096e-06 1.31114e-06
 1.1064e-11 1.20142e-09 7.69159e-08 2.90319e-06 6.46068e-05 0.000847693 0.00655894 0.0299544 0.0811224 0.133312 0.147124 0.144693 0.153879 0.138628 0.0883355 0.0430521 0.0192522 0.00823245 0.00323067 0.00117439 0.000389065 0.000112386 2.731e-05 5.45144e-06 8.76632e-07
 1.0958e-11 1.1899e-09 7.61788e-08 2.87537e-06 6.39877e-05 0.000839572 0.00649616 0.0296692 0.0803696 0.132233 0.146661 0.145951 0.15667 0.141042 0.0887299 0.0418662 0.0178956 0.00736859 0.00278141 0.000956654 0.000297501 8.19688e-05 1.94557e-05 3.81273e-06 5.92756e-07
 1.08651e-11 1.17982e-09 7.55335e-08 2.85101e-06 6.34456e-05 0.00083246 0.00644116 0.0294185 0.0796986 0.131193 0.145802 0.145805 0.157213 0.141886 0.0895795 0.0425411 0.0182259 0.00738367 0.00268536 0.00088143 0.000260695 6.77668e-05 1.51518e-05 2.83518e-06 4.27413e-07
 1.01857e-11 1.10605e-09 7.081e-08 2.67273e-06 5.94782e-05 0.000780411 0.00603867 0.027586 0.074812 0.123777 0.140445 0.147264 0.164899 0.150033 0.0935518 0.0428403 0.017466 0.00686962 0.00247359 0.000800277 0.000229059 5.67365e-05 1.19857e-05 2.11134e-06 3.00885e-07
 9.94804e-12 1.08024e-09 6.91579e-08 2.61037e-06 5.80905e-05 0.000762203 0.00589783 0.0269434 0.0730813 0.121009 0.137747 0.14551 0.164147 0.150634 0.0959763 0.046187 0.0200046 0.0080247 0.00281643 0.000878162 0.000245044 5.93477e-05 1.211e-05 2.03041e-06 2.7307e-07
 1.14594e-11 1.24436e-09 7.96649e-08 3.00695e-06 6.69158e-05 0.000877987 0.00679325 0.0310224 0.0839861 0.137788 0.151 0.145937 0.152634 0.136178 0.0855063 0.0403224 0.0171894 0.00700246 0.00256649 0.000828109 0.000230407 5.42643e-05 1.07354e-05 1.74538e-06 2.25835e-07
 1.11273e-11 1.20829e-09 7.7356e-08 2.91981e-06 6.49765e-05 0.000852546 0.00659656 0.030128 0.0816159 0.134312 0.149088 0.1486 0.159386 0.142231 0.086822 0.0379 0.0143533 0.00533793 0.00187813 0.000605115 0.000172905 4.18745e-05 8.31922e-06 1.32606e-06 1.66446e-07
 1.04458e-11 1.13429e-09 7.26185e-08 2.74099e-06 6.09973e-05 0.00080034 0.00619282 0.0282885 0.0766955 0.126718 0.142977 0.148037 0.164032 0.148463 0.0918767 0.0412297 0.0160884 0.00588261 0.0019085 0.000555058 0.00014834 3.53005e-05 7.11006e-06 1.1545e-06 1.45401e-07
 1.08711e-11 1.18048e-09 7.55752e-08 2.85259e-06 6.34807e-05 0.00083292 0.00644474 0.0294353 0.0797496 0.131322 0.146148 0.14662 0.158441 0.142802 0.0895055 0.0416776 0.0172347 0.00663693 0.00222777 0.000647917 0.000163975 3.57677e-05 6.71473e-06 1.05957e-06 1.33728e-07
 1.1941e-11 1.29665e-09 8.30125e-08 3.13331e-06 6.97277e-05 0.000914878 0.00707859 0.0323232 0.0874759 0.143259 0.155816 0.147713 0.151501 0.133387 0.0817937 0.0364381 0.0142347 0.00537457 0.00185906 0.000569241 0.000149878 3.28334e-05 5.9105e-06 8.68815e-07 1.02982e-07
 1.16978e-11 1.27024e-09 8.13219e-08 3.0695e-06 6.83077e-05 0.000896249 0.00693452 0.0316671 0.0857251 0.14059 0.153828 0.148044 0.153976 0.136178 0.0834313 0.0369267 0.0141743 0.00517361 0.00170788 0.00050559 0.000133948 3.04318e-05 5.66819e-06 8.36782e-07 9.58905e-08
 1.19433e-11 1.2969e-09 8.30287e-08 3.13392e-06 6.97413e-05 0.000915057 0.00708001 0.0323306 0.0875087 0.143414 0.156449 0.149402 0.15408 0.135177 0.0812764 0.0342496 0.0121127 0.00412677 0.0013098 0.000374404 9.52099e-05 2.0961e-05 3.89291e-06 5.87609e-07 6.89354e-08
 1.25756e-11 1.36557e-09 8.74248e-08 3.29985e-06 7.34337e-05 0.0009635 0.00745463 0.0340365 0.0920615 0.150356 0.161624 0.148568 0.147742 0.128198 0.0775089 0.0333792 0.0121772 0.00415951 0.00125965 0.000334753 7.99455e-05 1.6795e-05 2.99756e-06 4.4012e-07 5.13207e-08
 1.28214e-11 1.39225e-09 8.91333e-08 3.36434e-06 7.48688e-05 0.000982329 0.00760026 0.0347005 0.093844 0.153159 0.164135 0.149615 0.147357 0.126828 0.0753796 0.0310437 0.0105066 0.00339844 0.00102197 0.000272779 6.34897e-05 1.25745e-05 2.10006e-06 2.91796e-07 3.2659e-08
 1.23352e-11 1.33945e-09 8.5753e-08 3.23675e-06 7.20295e-05 0.000945079 0.00731221 0.0333889 0.090346 0.147844 0.160266 0.150566 0.152723 0.132594 0.078319 0.0314316 0.010056 0.00302136 0.000842832 0.000210133 4.70233e-05 9.16845e-06 1.49418e-06 1.97728e-07 2.08241e-08
 1.2817e-11 1.39177e-09 8.91024e-08 3.36317e-06 7.48428e-05 0.000981987 0.0075976 0.0346881 0.0938063 0.153064 0.16388 0.149022 0.146507 0.126347 0.0758083 0.0320224 0.011241 0.00363695 0.00101794 0.00024051 4.97796e-05 9.0143e-06 1.39308e-06 1.7838e-07 1.82105e-08
 1.28248e-11 1.39262e-09 8.91566e-08 3.36522e-06 7.48884e-05 0.000982586 0.00760227 0.0347101 0.0938754 0.153254 0.16444 0.150377 0.148496 0.127586 0.075077 0.0300017 0.00955213 0.00288517 0.000821336 0.000206927 4.45402e-05 7.9018e-06 1.14594e-06 1.36374e-07 1.31136e-08
 1.31194e-11 1.42461e-09 9.12046e-08 3.44252e-06 7.66086e-05 0.00100515 0.0077768 0.0355051 0.0960009 0.156525 0.167024 0.150463 0.146268 0.124824 0.0731398 0.0289439 0.00898248 0.00258152 0.00068196 0.000158797 3.30778e-05 6.01291e-06 9.02484e-07 1.0721e-07 9.86496e-09
#obs catch len freq
 5.95755e-12 6.4692e-10 4.14164e-08 1.56327e-06 3.47886e-05 0.000456459 0.003532 0.0161352 0.0437619 0.0724471 0.0825435 0.0885356 0.10704 0.119343 0.116582 0.107461 0.0912277 0.0678787 0.0436054 0.0239089 0.0107565 0.00369235 0.000895703 0.000144943 1.50686e-05
 5.10426e-12 5.54263e-10 3.54844e-08 1.33936e-06 2.9806e-05 0.000391091 0.00302651 0.0138327 0.0376036 0.0629053 0.0745028 0.086343 0.110836 0.128287 0.128696 0.116553 0.0934174 0.0663892 0.0418684 0.022271 0.00936174 0.00293251 0.000647157 9.57199e-05 9.13383e-06
 5.94928e-13 6.46023e-11 4.13592e-09 1.56117e-07 3.4749e-06 4.56393e-05 0.000354889 0.00166053 0.00502666 0.0124083 0.0324667 0.0773037 0.132752 0.163974 0.165216 0.146471 0.111906 0.0739576 0.0432311 0.0216069 0.00855179 0.00248752 0.000502325 6.75335e-05 5.85767e-06
 8.43982e-12 9.16465e-10 5.86728e-08 2.21461e-06 4.92829e-05 0.000646602 0.00500191 0.0228173 0.0614305 0.0980276 0.0949178 0.0640567 0.0535621 0.082736 0.12657 0.140426 0.112942 0.0718236 0.0387805 0.0177023 0.00642526 0.00172122 0.000319532 3.92902e-05 3.10324e-06
 1.0651e-11 1.15657e-09 7.40446e-08 2.79483e-06 6.21957e-05 0.000816083 0.00631521 0.0288574 0.0783247 0.129749 0.146356 0.1472 0.152591 0.12901 0.0771429 0.0399016 0.0262407 0.0190243 0.011227 0.0050142 0.00167844 0.000408417 6.89291e-05 7.72429e-06 5.56335e-07
 1.06794e-11 1.15966e-09 7.42422e-08 2.80228e-06 6.23615e-05 0.000818248 0.00633154 0.0289219 0.0783595 0.128686 0.140206 0.130864 0.13277 0.128618 0.103761 0.0676003 0.0335661 0.0127775 0.00444264 0.00158715 0.000493072 0.00011198 1.73034e-05 1.75977e-06 1.14938e-07
 1.21286e-11 1.31703e-09 8.43172e-08 3.18256e-06 7.0824e-05 0.000929271 0.0071901 0.0328317 0.0887896 0.144537 0.151723 0.12793 0.116557 0.110847 0.09419 0.0669291 0.0367784 0.0148591 0.00448052 0.00108099 0.000226115 4.03774e-05 5.46854e-06 5.04805e-07 3.0034e-08
 1.18053e-11 1.28191e-09 8.20691e-08 3.09771e-06 6.89361e-05 0.000904518 0.00699921 0.0319723 0.0866058 0.141919 0.152543 0.135684 0.127983 0.117216 0.0913596 0.0593645 0.0307082 0.012085 0.00360567 0.000818381 0.000140425 1.82521e-05 1.80146e-06 1.311e-07 6.62609e-09
 1.18896e-11 1.29108e-09 8.26558e-08 3.11986e-06 6.94291e-05 0.000910993 0.00704946 0.032204 0.0872465 0.142977 0.15339 0.135235 0.126412 0.116908 0.0929399 0.0602223 0.0298361 0.0108867 0.00297561 0.000623339 9.86858e-05 1.13754e-05 9.25556e-07 5.22646e-08 2.02531e-09
 1.17457e-11 1.27544e-09 8.16548e-08 3.08208e-06 6.85886e-05 0.000899979 0.00696466 0.0318239 0.0862904 0.141827 0.153461 0.137273 0.12902 0.118332 0.0927421 0.0590465 0.0287072 0.010236 0.00269025 0.000528005 7.66858e-05 8.0255e-06 5.86896e-07 2.91495e-08 9.60923e-10
 1.14933e-11 1.24803e-09 7.99002e-08 3.01585e-06 6.71152e-05 0.000880664 0.00681571 0.0311523 0.0845578 0.139482 0.152534 0.139147 0.132724 0.122148 0.0948278 0.0582484 0.0264452 0.00855604 0.00200776 0.000352944 4.6495e-05 4.44028e-06 2.95437e-07 1.32653e-08 3.92438e-10
 1.23255e-11 1.33841e-09 8.5686e-08 3.23424e-06 7.19752e-05 0.000944435 0.00730915 0.033404 0.0906117 0.148967 0.160546 0.140685 0.128007 0.115307 0.0886315 0.0533268 0.0232893 0.00709892 0.00152781 0.000239563 2.77187e-05 2.32818e-06 1.3763e-07 5.54462e-09 1.47968e-10
 1.20416e-11 1.30758e-09 8.37125e-08 3.15976e-06 7.03183e-05 0.000922726 0.00714208 0.0326566 0.0887452 0.146826 0.161256 0.146227 0.135068 0.11833 0.0862844 0.0489937 0.0202584 0.00584561 0.00118082 0.000170961 1.79103e-05 1.33893e-06 6.97031e-08 2.46633e-09 5.80239e-11
 1.1515e-11 1.25039e-09 8.00514e-08 3.02158e-06 6.72439e-05 0.000882414 0.00683092 0.0312478 0.0850476 0.14142 0.15754 0.14668 0.138904 0.12368 0.0906593 0.050564 0.0199747 0.00536828 0.000987681 0.000128329 1.2022e-05 8.0542e-07 3.75695e-08 1.18613e-09 2.47666e-11
 1.0906e-11 1.18426e-09 7.58178e-08 2.86179e-06 6.36887e-05 0.000835802 0.00647121 0.0296204 0.0807875 0.135255 0.153527 0.147714 0.143546 0.129047 0.0944869 0.0520812 0.0201833 0.00530216 0.00094725 0.000117523 1.02484e-05 6.2403e-07 2.60783e-08 7.33952e-10 1.36614e-11
 7.54999e-12 8.19841e-10 5.24874e-08 1.9812e-06 4.40944e-05 0.000578805 0.0044856 0.0206032 0.0569108 0.0995231 0.127509 0.149625 0.168381 0.159729 0.117764 0.0637674 0.0239017 0.00601813 0.00102494 0.000120803 9.97492e-06 5.71696e-07 2.22584e-08 5.76089e-10 9.74006e-12
 9.96068e-12 1.08161e-09 6.92462e-08 2.61375e-06 5.81694e-05 0.000763401 0.00591127 0.0270638 0.0738377 0.123563 0.139832 0.135482 0.14023 0.1415 0.114189 0.0652241 0.0248826 0.0062675 0.00105965 0.000122835 9.83195e-06 5.37929e-07 1.97604e-08 4.78777e-10 7.53283e-12
 1.09186e-11 1.18564e-09 7.5906e-08 2.86516e-06 6.37665e-05 0.000836947 0.00648317 0.0297191 0.0814111 0.137875 0.160061 0.156665 0.149033 0.12696 0.0865179 0.0439735 0.0157753 0.00388384 0.000655627 7.62886e-05 6.08498e-06 3.2729e-07 1.16489e-08 2.69907e-10 4.01692e-12
 1.00395e-11 1.09018e-09 6.97949e-08 2.63451e-06 5.86353e-05 0.000769679 0.00596413 0.0273695 0.0752292 0.128687 0.153197 0.156448 0.155146 0.136064 0.0936659 0.0468303 0.0161365 0.00376055 0.000598576 6.60991e-05 5.06373e-06 2.64202e-07 9.15367e-09 2.05902e-10 2.95578e-12
 9.16592e-12 9.95315e-10 6.37219e-08 2.40531e-06 5.35365e-05 0.000702857 0.00544895 0.0250432 0.069156 0.119894 0.147332 0.157707 0.161995 0.144107 0.0990201 0.0487733 0.0164154 0.0037146 0.00056972 5.99634e-05 4.33378e-06 2.12301e-07 6.91523e-09 1.46929e-10 2.00207e-12
 1.06023e-11 1.15129e-09 7.37079e-08 2.78224e-06 6.19247e-05 0.000812908 0.00629985 0.0289136 0.0794287 0.135247 0.158065 0.155535 0.150225 0.131567 0.0904214 0.0444914 0.0149574 0.00339124 0.000521063 5.44686e-05 3.84791e-06 1.8104e-07 5.5822e-09 1.11196e-10 1.41336e-12
 1.14945e-11 1.24817e-09 7.99104e-08 3.0164e-06 6.71385e-05 0.000881431 0.00683261 0.0313794 0.0863367 0.147404 0.172168 0.165425 0.149358 0.118917 0.0742674 0.0336925 0.0106129 0.00228302 0.000336193 3.39646e-05 2.33069e-06 1.06513e-07 3.17413e-09 6.06082e-11 7.31664e-13
 1.03515e-11 1.12406e-09 7.19651e-08 2.71657e-06 6.04705e-05 0.000794113 0.00616096 0.0283668 0.0786311 0.137018 0.167581 0.171785 0.161145 0.12742 0.0765989 0.0327425 0.00954767 0.00187244 0.000248989 2.27425e-05 1.42735e-06 6.05754e-08 1.69757e-09 3.07136e-11 3.52373e-13
 1.04575e-11 1.13557e-09 7.27027e-08 2.74444e-06 6.10923e-05 0.000802317 0.00622512 0.0286631 0.0794123 0.137982 0.167333 0.16976 0.15977 0.12826 0.07768 0.0328116 0.00927171 0.00173101 0.000215088 1.80114e-05 1.02125e-06 3.89203e-08 9.81904e-10 1.61169e-11 1.69329e-13
 1.09318e-11 1.18708e-09 7.6001e-08 2.86899e-06 6.3868e-05 0.000838868 0.00651056 0.0299959 0.0831957 0.144675 0.174701 0.173688 0.157283 0.12073 0.0701399 0.0286424 0.00789528 0.00144684 0.000176314 1.43307e-05 7.74632e-07 2.75824e-08 6.39078e-10 9.5215e-12 9.0257e-14
 9.96016e-12 1.08158e-09 6.92475e-08 2.6142e-06 5.82052e-05 0.000764831 0.0059433 0.0274759 0.0769036 0.136772 0.172636 0.180828 0.167167 0.125846 0.0700681 0.0271217 0.00704741 0.00121438 0.000139227 1.0683e-05 5.47384e-07 1.85034e-08 4.05808e-10 5.6836e-12 5.01921e-14
 1.015e-11 1.1022e-09 7.05684e-08 2.66411e-06 5.93187e-05 0.000779518 0.00605798 0.028005 0.0783169 0.138763 0.173509 0.179819 0.166094 0.12549 0.0693242 0.0261202 0.00648663 0.00105188 0.000112076 7.92531e-06 3.73217e-07 1.16223e-08 2.35976e-10 3.07458e-12 2.5341e-14
 9.41109e-12 1.02197e-09 6.54337e-08 2.47048e-06 5.50198e-05 0.000723459 0.00563117 0.0261376 0.0738344 0.133804 0.173883 0.186662 0.17267 0.12694 0.0677561 0.0247985 0.00603144 0.000962838 0.000100779 6.92477e-06 3.11549e-07 9.10986e-09 1.71419e-10 2.05469e-12 1.55401e-14
 1.01672e-11 1.10408e-09 7.06915e-08 2.669e-06 5.94406e-05 0.00078153 0.00608102 0.0281875 0.0792681 0.141834 0.179394 0.185976 0.16774 0.120857 0.0624461 0.0216765 0.00490517 0.000718608 6.86238e-05 4.31496e-06 1.79274e-07 4.8872e-09 8.61832e-11 9.67855e-13 6.82995e-15
#spawning biomass
 12526.1 11599.5 8782.1 9643.86 15353.5 22211.1 30374.1 42146.3 58579.8 82822.9 101823 132016 164756 198568 200633 201085 192307 192374 191909 189744 192996 225821 217625 244952 262542 264950 298720 292506 266815 218592 275661 161071 87239.6 49578.4 32688.6 25702.4 22965.6 21933.8 21555.3 21419.4 21371.2 21354.4 21348.6 21346.6 21345.9 21345.6 21345.6 21345.5 21345.5 21345.5 21345.5 21345.5 21345.5 21345.5 21345.5 21345.5 21345.5 21345.5 21345.5 21345.5 21345.5 21345.5 21345.5 21345.5 21345.5 21345.5 21345.5 21345.5 21345.5 21345.5 21345.5 21345.5 21345.5 21345.5 21345.5 21345.5 21345.5 21345.5 21345.5 21345.5 21345.5 21345.5 21345.5 21345.5 21345.5 21345.5 21345.5 21345.5 21345.5 21345.5 21345.5 21345.5 21345.5 21345.5 21345.5 21345.5 21345.5 21345.5 21345.5 21345.5 21345.5 21345.5 21345.5 21345.5 21345.5 21345.5 21345.5 21345.5 21345.5 21345.5 21345.5 21345.5 21345.5 21345.5 21345.5 21345.5 21345.5 21345.5 21345.5 21345.5 21345.5 21345.5 21345.5 21345.5 21345.5 21345.5 21345.5 21345.5 21345.5 0 0 0 0 0 0 0 0 0 0 0 0 0 0 0 0 0 0 0 0 0 0 0 0 0
