SBPRF35
0.100235
Curr Bio
157989
B35
135679
F35
1.7254
FOFL
1.7254
OFL
80633.1
Bzero
28637.4
#pred survey bio
 19585.4 21152.3 24223.4 29949.7 38129.2 47141.6 53328.7 59627.4 63926.7 70324.3 85974 103747 120508 134348 146643 126680 120395 124658 123527 125218 129507 137005 123036 135357 133627 121713 125762 124039 2.81518e+06 2.46038e+06 836803 436172 313319 262050 237166 224544 218095 214808 213140 212298 211875 211663 211557 211504 211478 211466 211459 211456 211455 211454 211454 211454 211453 211453 211453 211453 211453 211453 211453 211453 211453 211453 211453 211453 211453 211453 211453 211453 211453 211453 211453 211453 211453 211453 211453 211453 211453 211453 211453 211453 211453 211453 211453 211453 211453 211453 211453 211453 211453 211453 211453 211453 211453 211453 211453 211453 211453 211453 211453 211453 211453 211453 211453 211453 211453 211453 211453 211453 211453 211453 211453 211453 211453 211453 211453 211453 211453 211453 211453 211453 211453 211453 211453 211453 211453 211453 211453 211453 0 0 0 0 0 0 0 0 0 0 0 0 0 0 0 0 0 0 0 0 0 0 0 0 0
#obs survey bio
 15865.8 22983.8 22773.6 28572 45323.1 60379.7 49927.4 63120.8 56510.1 80519.7 74818.8 100231 133506 150966 127450 95802.8 114042 124247 189075 154311 129584 141564 97080.5 148008 105845 117416 142208 106361
#pred catch bio
 7869.04 11654.9 12304.2 15209.7 20217.2 27520.1 32367.6 37522.1 41322.2 43965.4 53182.1 64138.6 79153.9 87724.9 107959 91376.6 83484 90112 88395.7 94764.4 99013.7 118127 94166.2 105490 109737 96265.7 103984 103890 80633.1 69025.6 14643.7 6530.59 5510.57 5395.08 5382.88 5381.65 5381.53 5381.52 5381.52 5381.52 5381.52 5381.52 5381.52 5381.52 5381.52 5381.52 5381.52 5381.52 5381.52 5381.52 5381.52 5381.52 5381.52 5381.52 5381.52 5381.52 5381.52 5381.52 5381.52 5381.52 5381.52 5381.52 5381.52 5381.52 5381.52 5381.52 5381.52 5381.52 5381.52 5381.52 5381.52 5381.52 5381.52 5381.52 5381.52 5381.52 5381.52 5381.52 5381.52 5381.52 5381.52 5381.52 5381.52 5381.52 5381.52 5381.52 5381.52 5381.52 5381.52 5381.52 5381.52 5381.52 5381.52 5381.52 5381.52 5381.52 5381.52 5381.52 5381.52 5381.52 5381.52 5381.52 5381.52 5381.52 5381.52 5381.52 5381.52 5381.52 5381.52 5381.52 5381.52 5381.52 5381.52 5381.52 5381.52 5381.52 5381.52 5381.52 5381.52 5381.52 5381.52 5381.52 5381.52 5381.52 5381.52 5381.52 5381.52 5381.52 0 0 0 0 0 0 0 0 0 0 0 0 0 0 0 0 0 0 0 0 0 0 0 0 0
#obs catch bio
 10500.6 12492 12634.1 15485.1 20658.6 27182.7 32685.1 37308.8 42623.6 45765 52709.4 63759.3 80409.5 88570.4 106006 93431.5 84598.3 91012.6 79804.9 92606.2 97112.1 121370 91509.8 100981 102524 87960.3 94658 102924
#pred cpue bio
 18326.5 19032.9 21946.3 27020.3 34225.2 42660.9 47991.4 53813.5 57692.6 62461.6 76442.1 92820.5 108140 119372 133591 114358 108136 111500 111085 111339 114048 121356 107662 119796 119209 107311 110640 108929 2.4663e+06 2.53484e+06 821758 420407 297548 246278 221394 208773 202323 199036 197369 196527 196104 195892 195786 195733 195707 195694 195688 195685 195683 195682 195682 195682 195682 195682 195682 195682 195682 195682 195682 195682 195682 195682 195682 195682 195682 195682 195682 195682 195682 195682 195682 195682 195682 195682 195682 195682 195682 195682 195682 195682 195682 195682 195682 195682 195682 195682 195682 195682 195682 195682 195682 195682 195682 195682 195682 195682 195682 195682 195682 195682 195682 195682 195682 195682 195682 195682 195682 195682 195682 195682 195682 195682 195682 195682 195682 195682 195682 195682 195682 195682 195682 195682 195682 195682 195682 195682 195682 195682 0 0 0 0 0 0 0 0 0 0 0 0 0 0 0 0 0 0 0 0 0 0 0 0 0
#obs cpue bio
 16600.8 15067.4 20904.9 27105.7 26471.1 41566.2 44091.2 53815.2 54119.1 41904.6 108260 87529 100505 89272.3 206234 114606 107794 116773 131267 86495.3 109455 118743 136259 144264 209837 157968 147174 116604
#pred surv len freq
 1.14569e-11 1.24408e-09 7.96474e-08 3.00629e-06 6.69009e-05 0.000877781 0.00679123 0.0310033 0.0837989 0.136392 0.144465 0.127772 0.123518 0.111336 0.0793094 0.0501848 0.0322926 0.0211059 0.0142124 0.0101247 0.00776958 0.00650205 0.00562297 0.00432836 0.00252218
 1.35714e-11 1.4737e-09 9.43474e-08 3.56114e-06 7.92483e-05 0.00103978 0.0080443 0.0367174 0.099155 0.160672 0.166844 0.139101 0.124802 0.106597 0.0700507 0.0381642 0.0205809 0.0113407 0.00634676 0.00371266 0.00234298 0.00165221 0.00127474 0.000935991 0.000543572
 1.28287e-11 1.39305e-09 8.9184e-08 3.36625e-06 7.49114e-05 0.000982885 0.00760447 0.0347176 0.0938608 0.15295 0.162819 0.145795 0.141329 0.122235 0.0755718 0.0349629 0.0148661 0.00651128 0.00290602 0.00134131 0.000657112 0.000357985 0.000224279 0.000146693 8.1517e-05
 1.30601e-11 1.41817e-09 9.07925e-08 3.42696e-06 7.62624e-05 0.00100061 0.00774148 0.0353406 0.0955104 0.155359 0.164095 0.143805 0.136535 0.118388 0.0757583 0.037898 0.0172592 0.00716091 0.00261133 0.000905338 0.000324602 0.000126342 5.68211e-05 2.93693e-05 1.45495e-05
 1.33531e-11 1.44999e-09 9.28297e-08 3.50386e-06 7.79736e-05 0.00102306 0.00791511 0.0361316 0.0976274 0.158633 0.166762 0.144151 0.134676 0.11573 0.0733874 0.0362323 0.0165139 0.00711634 0.00272639 0.000916301 0.00027103 7.46387e-05 2.16451e-05 7.40005e-06 2.8299e-06
 1.28605e-11 1.3965e-09 8.94053e-08 3.37461e-06 7.50973e-05 0.000985323 0.00762331 0.034803 0.0940833 0.153245 0.162822 0.145057 0.140025 0.121517 0.0763949 0.0367005 0.0161067 0.00675472 0.00257089 0.000880819 0.000265218 6.80108e-05 1.50836e-05 3.19906e-06 7.51867e-07
 1.31745e-11 1.43059e-09 9.15878e-08 3.45698e-06 7.69305e-05 0.00100937 0.00780931 0.0356505 0.0963517 0.156757 0.165704 0.145505 0.138205 0.118981 0.0742775 0.035169 0.0150689 0.00613521 0.00225396 0.000747955 0.000222272 5.71501e-05 1.23105e-05 2.19358e-06 3.39933e-07
 1.29908e-11 1.41064e-09 9.03106e-08 3.40878e-06 7.58577e-05 0.0009953 0.00770049 0.0351553 0.0950352 0.154791 0.16444 0.14641 0.141073 0.12175 0.0752354 0.0346264 0.0142309 0.00559619 0.00199751 0.000641646 0.000183957 4.58532e-05 9.68813e-06 1.67948e-06 2.32636e-07
 1.29837e-11 1.40988e-09 9.02618e-08 3.40693e-06 7.58167e-05 0.000994762 0.00769634 0.0351365 0.094987 0.154732 0.164472 0.146668 0.141536 0.122139 0.0752933 0.0343991 0.013921 0.00533915 0.00183754 0.000566061 0.000156142 3.75122e-05 7.64375e-06 1.28337e-06 1.71798e-07
 1.3867e-11 1.50579e-09 9.64021e-08 3.6387e-06 8.09742e-05 0.00106243 0.00821962 0.0375202 0.101358 0.164527 0.172168 0.146785 0.134622 0.113632 0.0693827 0.0312937 0.0124305 0.00468773 0.00158637 0.000476653 0.000126861 2.92046e-05 5.70047e-06 9.19377e-07 1.18566e-07
 1.37992e-11 1.49843e-09 9.59306e-08 3.6209e-06 8.05782e-05 0.00105723 0.00817946 0.0373375 0.100874 0.163813 0.171755 0.147266 0.135906 0.114808 0.0696839 0.0308944 0.0119341 0.00438569 0.00145276 0.000427447 0.000111296 2.49275e-05 4.69141e-06 7.24928e-07 8.94947e-08
 1.34609e-11 1.46169e-09 9.35789e-08 3.53214e-06 7.86029e-05 0.00103132 0.00797904 0.0364246 0.0984332 0.160058 0.168793 0.147184 0.138504 0.11806 0.0720288 0.0321976 0.0125538 0.00460523 0.00149817 0.000428846 0.000108662 2.37377e-05 4.35367e-06 6.52571e-07 7.7636e-08
 1.33003e-11 1.44425e-09 9.24625e-08 3.49e-06 7.76652e-05 0.00101901 0.00788389 0.035991 0.097272 0.158255 0.167289 0.146873 0.139317 0.119304 0.0732068 0.0331544 0.0131933 0.00492696 0.00162149 0.000465448 0.000116598 2.48725e-05 4.43416e-06 6.4623e-07 7.47146e-08
 1.3835e-11 1.50231e-09 9.61795e-08 3.6303e-06 8.07873e-05 0.00105997 0.00820067 0.0374342 0.101132 0.164211 0.172075 0.147292 0.135658 0.114481 0.0694286 0.0307344 0.011852 0.00435588 0.00144319 0.000421481 0.000107136 2.29605e-05 4.05787e-06 5.79279e-07 6.51862e-08
 1.24014e-11 1.34664e-09 8.62134e-08 3.25413e-06 7.24162e-05 0.000950151 0.00735138 0.033566 0.0908014 0.148398 0.159985 0.14821 0.148583 0.129484 0.0787079 0.0343646 0.0128954 0.0045949 0.00147684 0.000421196 0.000106452 2.30393e-05 4.12338e-06 5.9146e-07 6.60804e-08
 1.29342e-11 1.4045e-09 8.99175e-08 3.39394e-06 7.55275e-05 0.00099097 0.00766706 0.0350041 0.0946463 0.154317 0.164676 0.148413 0.144617 0.124494 0.0751023 0.0323184 0.0118274 0.00410224 0.00128271 0.00035414 8.65911e-05 1.82705e-05 3.23511e-06 4.65587e-07 5.24441e-08
 1.32195e-11 1.43548e-09 9.19007e-08 3.4688e-06 7.71933e-05 0.00101282 0.00783607 0.035774 0.0967039 0.157478 0.167151 0.148423 0.142344 0.121727 0.0732222 0.0313691 0.0113781 0.00389259 0.00119249 0.000320121 7.58129e-05 1.54626e-05 2.64856e-06 3.71528e-07 4.13144e-08
 1.34559e-11 1.46116e-09 9.35445e-08 3.53084e-06 7.8574e-05 0.00103094 0.00797614 0.0364118 0.0984055 0.160068 0.169056 0.148026 0.13984 0.119014 0.0718141 0.0311319 0.011512 0.00399091 0.00122245 0.000324555 7.53606e-05 1.4955e-05 2.47872e-06 3.35835e-07 3.61614e-08
 1.31428e-11 1.42715e-09 9.13677e-08 3.44868e-06 7.67456e-05 0.00100695 0.00779065 0.0355674 0.0961553 0.156665 0.166658 0.148895 0.143677 0.122949 0.073525 0.0309581 0.0109113 0.00365736 0.00111695 0.000299867 7.00477e-05 1.38099e-05 2.24798e-06 2.96557e-07 3.09257e-08
 1.37705e-11 1.49531e-09 9.57314e-08 3.61339e-06 8.04109e-05 0.00105504 0.00816252 0.0372609 0.100676 0.16357 0.171863 0.148251 0.137658 0.116177 0.0696477 0.0297814 0.0107469 0.0036259 0.0010812 0.000279856 6.39848e-05 1.25976e-05 2.05786e-06 2.70257e-07 2.77455e-08
 1.42515e-11 1.54754e-09 9.90752e-08 3.73959e-06 8.32195e-05 0.00109188 0.00844749 0.0385595 0.104154 0.168967 0.17635 0.149128 0.135127 0.112337 0.0660234 0.0268916 0.00892161 0.00281513 0.000825483 0.000214522 4.86058e-05 9.32728e-06 1.48774e-06 1.93372e-07 1.98048e-08
 1.39405e-11 1.51377e-09 9.6913e-08 3.65798e-06 8.14034e-05 0.00106806 0.00826325 0.0377205 0.101916 0.165561 0.173847 0.149659 0.138443 0.115955 0.0679535 0.027264 0.00872878 0.00260673 0.000712364 0.000171558 3.69476e-05 6.95993e-06 1.09815e-06 1.4013e-07 1.40612e-08
 1.45328e-11 1.57809e-09 1.01031e-07 3.81341e-06 8.48621e-05 0.00111344 0.00861419 0.0393195 0.106195 0.172181 0.179253 0.15041 0.134826 0.110906 0.0636567 0.0241913 0.00688794 0.00178823 0.000444524 0.000100046 2.00541e-05 3.50391e-06 5.2029e-07 6.40885e-08 6.30737e-09
 1.39774e-11 1.51778e-09 9.71698e-08 3.66768e-06 8.16191e-05 0.00107089 0.00828514 0.0378203 0.102183 0.16598 0.174212 0.149783 0.138346 0.115762 0.0677388 0.0270403 0.00851173 0.00242978 0.000602726 0.00012321 2.17789e-05 3.43067e-06 4.68296e-07 5.34328e-08 4.93442e-09
 1.35595e-11 1.4724e-09 9.42644e-08 3.55801e-06 7.91787e-05 0.00103887 0.00803755 0.0366926 0.0991704 0.161361 0.170644 0.149931 0.141923 0.11998 0.0704282 0.0282106 0.00897653 0.00263959 0.000695472 0.000154571 2.87897e-05 4.39289e-06 5.42877e-07 5.52253e-08 4.61716e-09
 1.41696e-11 1.53865e-09 9.85058e-08 3.7181e-06 8.27412e-05 0.00108561 0.008399 0.038339 0.103571 0.168125 0.175951 0.149986 0.137103 0.114048 0.0662923 0.0260391 0.00797175 0.00225402 0.00058573 0.000132126 2.57079e-05 4.18466e-06 5.46194e-07 5.56719e-08 4.36899e-09
 1.42826e-11 1.55092e-09 9.92916e-08 3.74776e-06 8.34013e-05 0.00109427 0.00846596 0.038644 0.104384 0.169361 0.176853 0.149772 0.135871 0.112736 0.0656489 0.0259765 0.00806305 0.00229722 0.00058843 0.000128529 2.43336e-05 3.95612e-06 5.31624e-07 5.69533e-08 4.68636e-09
 1.43619e-11 1.55953e-09 9.98425e-08 3.76856e-06 8.3864e-05 0.00110034 0.00851292 0.0388581 0.10496 0.170273 0.177701 0.150217 0.135909 0.112398 0.0649065 0.0250627 0.00738936 0.00199253 0.000498525 0.000108772 2.05025e-05 3.26889e-06 4.28869e-07 4.55382e-08 3.80821e-09
#obs surv len freq
 1.44759e-11 1.57191e-09 1.00635e-07 3.79847e-06 8.45297e-05 0.00110907 0.00858002 0.0391549 0.105626 0.170222 0.172271 0.132213 0.107541 0.0938021 0.0724205 0.0488913 0.0283263 0.0131875 0.00482648 0.00138293 0.000303192 4.92937e-05 5.7663e-06 4.71198e-07 2.61652e-08
 1.29769e-11 1.40914e-09 9.02143e-08 3.40515e-06 7.5777e-05 0.000994244 0.0076924 0.0351188 0.0949272 0.154428 0.162704 0.140457 0.130331 0.113845 0.0779059 0.0440935 0.0224993 0.0100028 0.00363206 0.0010313 0.000220333 3.42664e-05 3.77336e-06 2.86659e-07 1.46629e-08
 1.32164e-11 1.43514e-09 9.1879e-08 3.46798e-06 7.71754e-05 0.00101259 0.00783434 0.035766 0.0966577 0.157036 0.164265 0.138405 0.124862 0.109928 0.0793143 0.0476165 0.0238853 0.0094776 0.00295028 0.000738314 0.00014614 2.16536e-05 2.27733e-06 1.63715e-07 7.8366e-09
 1.32917e-11 1.44333e-09 9.2403e-08 3.48776e-06 7.76156e-05 0.00101837 0.00787924 0.035974 0.0972506 0.158169 0.165901 0.140075 0.125371 0.108623 0.0771441 0.0459689 0.0233014 0.00945637 0.0029484 0.000697242 0.000123533 1.61552e-05 1.52671e-06 1.00959e-07 4.50624e-09
 1.33749e-11 1.45236e-09 9.29814e-08 3.5096e-06 7.81016e-05 0.00102476 0.00792887 0.0362048 0.0979188 0.159515 0.168114 0.142971 0.127579 0.108618 0.0750118 0.0429733 0.0208247 0.00811018 0.0024497 0.000565017 9.67778e-05 1.19033e-05 1.02429e-06 6.04781e-08 2.40646e-09
 1.32534e-11 1.43916e-09 9.21361e-08 3.47769e-06 7.73918e-05 0.00101545 0.00785711 0.0358816 0.0970893 0.158414 0.167695 0.143554 0.128167 0.108947 0.075708 0.0436713 0.0209996 0.00798211 0.00232701 0.000514867 8.44531e-05 9.93376e-06 8.12119e-07 4.49372e-08 1.64669e-09
 1.35818e-11 1.47482e-09 9.44193e-08 3.56387e-06 7.93098e-05 0.00104062 0.00805209 0.0367753 0.0995362 0.162524 0.172154 0.146614 0.128471 0.106326 0.0715039 0.039626 0.0182829 0.00668021 0.00186728 0.000393442 6.10365e-05 6.76067e-06 5.19473e-07 2.69848e-08 9.26112e-10
 1.24989e-11 1.35724e-09 8.68916e-08 3.27974e-06 7.29873e-05 0.000957694 0.00741127 0.0338653 0.0918485 0.151213 0.164865 0.149849 0.139139 0.116321 0.0768401 0.0411653 0.018139 0.00627786 0.0016528 0.000327095 4.76153e-05 4.94055e-06 3.54608e-07 1.71604e-08 5.47689e-10
 1.32778e-11 1.44182e-09 9.23064e-08 3.48412e-06 7.75356e-05 0.00101737 0.00787283 0.0359683 0.0974641 0.159738 0.170876 0.147584 0.129768 0.107687 0.0737582 0.0413555 0.0185541 0.0063256 0.00160303 0.000300489 4.09796e-05 3.95836e-06 2.63672e-07 1.18243e-08 3.49358e-10
 1.29897e-11 1.41053e-09 9.03035e-08 3.40853e-06 7.58538e-05 0.000995324 0.00770293 0.0352043 0.0955186 0.157285 0.170669 0.151325 0.134655 0.109583 0.0723476 0.0392562 0.0174538 0.00603439 0.00155623 0.000291558 3.86867e-05 3.55276e-06 2.21525e-07 9.21462e-09 2.5132e-10
 1.37494e-11 1.49302e-09 9.55846e-08 3.60787e-06 8.02899e-05 0.00105354 0.00815346 0.0372618 0.101065 0.166053 0.178288 0.153079 0.130226 0.102708 0.0662719 0.0348039 0.0147239 0.00480586 0.00117818 0.000213067 2.75966e-05 2.47241e-06 1.48823e-07 5.89021e-09 1.50828e-10
 1.13916e-11 1.237e-09 7.91936e-08 2.9892e-06 6.65236e-05 0.000872976 0.00675845 0.0309294 0.0843453 0.141417 0.161999 0.158596 0.151112 0.122939 0.0781922 0.0398643 0.0163194 0.00514264 0.00120801 0.000207373 2.53914e-05 2.15608e-06 1.23618e-07 4.67323e-09 1.14141e-10
 1.36508e-11 1.48232e-09 9.48996e-08 3.58202e-06 7.97154e-05 0.00104603 0.00809608 0.0370096 0.100453 0.165265 0.177425 0.150954 0.126982 0.10225 0.0696957 0.0382571 0.0161258 0.00501384 0.00113536 0.000185791 2.1534e-05 1.72108e-06 9.25166e-08 3.27471e-09 7.49541e-11
 1.15358e-11 1.25266e-09 8.01965e-08 3.02707e-06 6.73676e-05 0.00088411 0.00684614 0.0313524 0.0856736 0.144376 0.166656 0.162569 0.15071 0.118539 0.0735911 0.0371929 0.0153213 0.00487431 0.00113523 0.000186603 2.10951e-05 1.60891e-06 8.14724e-08 2.69731e-09 5.75154e-11
 1.21243e-11 1.31656e-09 8.42875e-08 3.18149e-06 7.08041e-05 0.0009292 0.00719481 0.0329377 0.0898567 0.150355 0.169408 0.157575 0.14184 0.114464 0.0751698 0.0390046 0.0154691 0.00455902 0.000989272 0.000155719 1.721e-05 1.28702e-06 6.32654e-08 2.00432e-09 4.03766e-11
 1.13629e-11 1.23389e-09 7.89949e-08 2.98174e-06 6.63607e-05 0.000870978 0.00674647 0.0309246 0.0847302 0.143741 0.167843 0.164718 0.151505 0.118657 0.0739198 0.0367707 0.0143128 0.00416825 0.000877722 0.000130598 1.3451e-05 9.39362e-07 4.35471e-08 1.31214e-09 2.52152e-11
 1.14775e-11 1.24633e-09 7.97915e-08 3.01182e-06 6.7031e-05 0.000879805 0.00681547 0.0312475 0.0856439 0.145255 0.168897 0.163768 0.149306 0.11791 0.074571 0.0369534 0.0139222 0.00386385 0.000775165 0.000110254 1.08256e-05 7.14142e-07 3.09614e-08 8.67325e-10 1.54845e-11
 1.24026e-11 1.34678e-09 8.62224e-08 3.25457e-06 7.24339e-05 0.000950723 0.00736468 0.0337586 0.0924185 0.155901 0.17777 0.164854 0.142594 0.108456 0.0669615 0.0326638 0.0121635 0.00332352 0.000648077 8.82313e-05 8.2034e-06 5.09818e-07 2.07687e-08 5.45095e-10 9.0824e-12
 1.14393e-11 1.24218e-09 7.95264e-08 3.00187e-06 6.68134e-05 0.000877111 0.00679845 0.0312224 0.0859903 0.147646 0.175635 0.172984 0.153861 0.114086 0.0664735 0.0303395 0.0106503 0.0027732 0.000518835 6.78273e-05 6.02924e-06 3.55647e-07 1.36492e-08 3.35522e-10 5.2159e-12
 1.31451e-11 1.42741e-09 9.13853e-08 3.44949e-06 7.67744e-05 0.00100779 0.00780858 0.0358132 0.098141 0.165619 0.187569 0.169032 0.139146 0.100371 0.0582107 0.0260254 0.00867252 0.00209513 0.000361068 4.36672e-05 3.61929e-06 2.00232e-07 7.2229e-09 1.6674e-10 2.42794e-12
 1.12203e-11 1.2184e-09 7.80049e-08 2.94453e-06 6.55428e-05 0.000860653 0.0066759 0.0307246 0.0850971 0.148049 0.180047 0.17986 0.157388 0.112096 0.0618665 0.0263729 0.00851476 0.00200437 0.000332849 3.80508e-05 2.93412e-06 1.49856e-07 4.98571e-09 1.06403e-10 1.43649e-12
 1.3088e-11 1.42121e-09 9.09889e-08 3.4346e-06 7.64477e-05 0.00100367 0.00778035 0.0357278 0.0982019 0.166772 0.190625 0.172331 0.140108 0.0988841 0.0555903 0.0236482 0.00734308 0.00162377 0.000251987 2.70104e-05 1.95638e-06 9.3544e-08 2.89466e-09 5.70882e-11 7.09145e-13
 1.13842e-11 1.2362e-09 7.91454e-08 2.98769e-06 6.65103e-05 0.000873599 0.00678126 0.0312661 0.0869498 0.152365 0.186376 0.184251 0.156177 0.106876 0.0564805 0.0228557 0.0069186 0.0015061 0.000227796 2.33503e-05 1.59146e-06 7.09711e-08 2.0413e-09 3.73712e-11 4.30334e-13
 1.15447e-11 1.25363e-09 8.02619e-08 3.02986e-06 6.74507e-05 0.000885985 0.00687762 0.0317052 0.0880669 0.153577 0.185465 0.180443 0.153424 0.108119 0.0589029 0.023843 0.00696093 0.00143374 0.000204993 1.99758e-05 1.29724e-06 5.49153e-08 1.48829e-09 2.54752e-11 2.72622e-13
 1.17931e-11 1.28061e-09 8.19899e-08 3.09518e-06 6.89099e-05 0.000905324 0.00703104 0.0324484 0.0903427 0.158146 0.191329 0.184028 0.151518 0.102239 0.0534972 0.0210369 0.00601562 0.00120929 0.000166457 1.53776e-05 9.37191e-07 3.70961e-08 9.40082e-10 1.50567e-11 1.507e-13
 1.19246e-11 1.2949e-09 8.29056e-08 3.12985e-06 6.96874e-05 0.000915723 0.00711522 0.0328723 0.091722 0.161106 0.195319 0.186689 0.150834 0.0988552 0.0497317 0.0186192 0.00504592 0.000962563 0.000126141 1.11054e-05 6.43084e-07 2.4041e-08 5.71559e-10 8.54085e-12 7.94772e-14
 1.19228e-11 1.29472e-09 8.28957e-08 3.12962e-06 6.96904e-05 0.000916024 0.00712247 0.0329583 0.0922763 0.163079 0.199105 0.190139 0.150981 0.0958156 0.046144 0.0163749 0.00417234 0.000743907 9.08131e-05 7.44466e-06 4.02069e-07 1.40478e-08 3.12497e-10 4.36811e-12 3.79633e-14
 1.10938e-11 1.2047e-09 7.71349e-08 2.91237e-06 6.4866e-05 0.000853057 0.00664149 0.0308301 0.0869609 0.156143 0.195959 0.193336 0.157269 0.10105 0.0487425 0.0170924 0.00423894 0.000725345 8.39609e-05 6.46306e-06 3.25482e-07 1.05599e-08 2.17726e-10 2.81984e-12 2.27166e-14
#pred catch len freq
 9.77419e-12 1.06136e-09 6.79493e-08 2.56475e-06 5.70751e-05 0.000748871 0.00579428 0.0264614 0.0716516 0.11766 0.129463 0.126591 0.135093 0.125979 0.0897054 0.0560108 0.0356184 0.0231688 0.0155822 0.0110976 0.00851574 0.00712642 0.00616293 0.004744 0.00276438
 1.26158e-11 1.36992e-09 8.77038e-08 3.31038e-06 7.36681e-05 0.000966569 0.00747814 0.0341385 0.0922636 0.150093 0.158607 0.139218 0.132634 0.115967 0.0761751 0.040996 0.0218047 0.0119335 0.00666547 0.00389739 0.00245935 0.00173424 0.00133802 0.000982461 0.000570559
 1.15992e-11 1.25954e-09 8.06368e-08 3.04364e-06 6.77322e-05 0.000888698 0.00687609 0.0314 0.0849986 0.13937 0.152367 0.146349 0.152044 0.134802 0.0834966 0.0382752 0.0160334 0.00695166 0.00309166 0.0014258 0.000698383 0.000380457 0.000238356 0.000155901 8.66338e-05
 1.18436e-11 1.28608e-09 8.23358e-08 3.10777e-06 6.91592e-05 0.000907419 0.00702081 0.032058 0.0867407 0.141912 0.153701 0.144209 0.146923 0.130702 0.0837143 0.0414333 0.0186095 0.00765883 0.00278474 0.000964563 0.000345736 0.000134558 6.05155e-05 3.12788e-05 1.54955e-05
 1.22591e-11 1.33119e-09 8.52241e-08 3.21679e-06 7.15853e-05 0.000939247 0.00726697 0.0331795 0.0897407 0.146543 0.157433 0.144565 0.144094 0.126848 0.0805074 0.0393309 0.0176728 0.00755165 0.00288472 0.000968705 0.000286459 7.88817e-05 2.28751e-05 7.82053e-06 2.99069e-06
 1.2042e-11 1.30762e-09 8.37151e-08 3.15983e-06 7.03178e-05 0.000922619 0.0071384 0.0325944 0.0881841 0.14421 0.155893 0.145506 0.147285 0.129983 0.0816761 0.0388346 0.0167987 0.00698138 0.00264861 0.000906622 0.000272917 6.99802e-05 1.55201e-05 3.29162e-06 7.73619e-07
 1.24909e-11 1.35637e-09 8.68359e-08 3.27762e-06 7.29391e-05 0.00095701 0.00740437 0.0338061 0.0914259 0.149217 0.159939 0.14594 0.14436 0.126115 0.0786697 0.0368739 0.0155725 0.00628123 0.00229975 0.000762396 0.000226499 5.82324e-05 1.25433e-05 2.23507e-06 3.46361e-07
 1.24288e-11 1.34962e-09 8.64041e-08 3.26133e-06 7.25764e-05 0.000952252 0.0073676 0.0336391 0.0909864 0.148598 0.159728 0.146842 0.146246 0.127693 0.07882 0.0359289 0.0145526 0.00566569 0.00201469 0.000646463 0.000185281 4.6179e-05 9.75675e-06 1.69136e-06 2.34282e-07
 1.25218e-11 1.35972e-09 8.70504e-08 3.28572e-06 7.31193e-05 0.000959374 0.00742268 0.0338902 0.0916591 0.149646 0.160618 0.147077 0.145871 0.12708 0.0782203 0.0353971 0.0141185 0.00536022 0.00183759 0.000565422 0.000155913 3.74533e-05 7.63155e-06 1.28132e-06 1.71523e-07
 1.32957e-11 1.44376e-09 9.24307e-08 3.4888e-06 7.76385e-05 0.00101866 0.0078812 0.0359789 0.0972422 0.15823 0.167371 0.147205 0.139854 0.119654 0.0730348 0.0326438 0.0127805 0.00476969 0.00160752 0.000482424 0.000128351 2.95444e-05 5.76664e-06 9.30042e-07 1.19941e-07
 1.31862e-11 1.43186e-09 9.16693e-08 3.46006e-06 7.69989e-05 0.00101027 0.00781632 0.0356836 0.0964571 0.157055 0.166604 0.14771 0.141508 0.121262 0.073606 0.0323537 0.012319 0.00447822 0.00147694 0.000433997 0.000112959 2.52969e-05 4.76079e-06 7.35644e-07 9.08174e-08
 1.2839e-11 1.39416e-09 8.92553e-08 3.36895e-06 7.49713e-05 0.000983672 0.0076106 0.0347465 0.0939519 0.153202 0.163568 0.147635 0.144189 0.12461 0.0760088 0.0336781 0.0129436 0.00469808 0.00152188 0.000435068 0.000110194 2.40696e-05 4.41438e-06 6.61665e-07 7.87179e-08
 1.29037e-11 1.40119e-09 8.97055e-08 3.38594e-06 7.53495e-05 0.000988633 0.00764896 0.034921 0.0944154 0.153891 0.163992 0.147256 0.143088 0.123578 0.0757067 0.0339666 0.0133227 0.00492429 0.00161406 0.000462745 0.000115876 2.47157e-05 4.40604e-06 6.42126e-07 7.42399e-08
 1.34209e-11 1.45735e-09 9.33011e-08 3.52165e-06 7.83695e-05 0.00102825 0.00795538 0.036317 0.0981496 0.159653 0.168623 0.147669 0.139559 0.11892 0.0720482 0.0316153 0.0120168 0.0043685 0.00144104 0.000420306 0.000106797 2.28851e-05 4.04442e-06 5.77354e-07 6.49694e-08
 1.24959e-11 1.35691e-09 8.68707e-08 3.27894e-06 7.29684e-05 0.000957395 0.0074074 0.0338214 0.0914854 0.149462 0.160883 0.148425 0.148151 0.128777 0.0779897 0.0337478 0.0124827 0.00439791 0.00140692 0.000400687 0.000101227 2.19057e-05 3.92036e-06 5.62333e-07 6.28261e-08
 1.29273e-11 1.40375e-09 8.98695e-08 3.39213e-06 7.54872e-05 0.000990441 0.00766297 0.0349856 0.0945986 0.154258 0.164699 0.148641 0.145019 0.124793 0.075056 0.0320258 0.0115543 0.00396114 0.00123245 0.000339749 8.30349e-05 1.75178e-05 3.1017e-06 4.46383e-07 5.02808e-08
 1.30362e-11 1.41557e-09 9.06264e-08 3.4207e-06 7.6123e-05 0.000998782 0.00772748 0.0352795 0.0953846 0.15547 0.165669 0.148715 0.144261 0.123819 0.0743299 0.0315842 0.011295 0.00381916 0.00116409 0.000312006 7.38561e-05 1.50613e-05 2.57971e-06 3.61865e-07 4.02398e-08
 1.346e-11 1.4616e-09 9.35727e-08 3.5319e-06 7.85977e-05 0.00103125 0.00797855 0.0364229 0.0984369 0.16013 0.169171 0.148246 0.140142 0.119197 0.0716956 0.0308114 0.011232 0.00384983 0.00117356 0.000311108 7.22044e-05 1.43265e-05 2.37444e-06 3.21703e-07 3.46395e-08
 1.30958e-11 1.42205e-09 9.10407e-08 3.43633e-06 7.64709e-05 0.00100335 0.00776279 0.0354406 0.0958182 0.156161 0.166331 0.149116 0.144392 0.123634 0.0737494 0.0308101 0.0107078 0.0035455 0.00107692 0.000288639 6.73925e-05 1.32844e-05 2.16236e-06 2.85258e-07 2.97473e-08
 1.39858e-11 1.51869e-09 9.7228e-08 3.66987e-06 8.16679e-05 0.00107153 0.00829005 0.0378419 0.10223 0.165964 0.173768 0.148361 0.136096 0.114178 0.0681568 0.0288947 0.0102802 0.00342811 0.00101702 0.000262817 6.00586e-05 1.18226e-05 1.93118e-06 2.53617e-07 2.6037e-08
 1.45006e-11 1.57459e-09 1.00807e-07 3.80496e-06 8.46741e-05 0.00111097 0.00859508 0.0392318 0.105951 0.171728 0.178516 0.149148 0.133155 0.109916 0.0643454 0.0260182 0.00851563 0.00265196 0.000772766 0.00020043 4.53879e-05 8.70834e-06 1.38895e-06 1.80529e-07 1.84894e-08
 1.48263e-11 1.60996e-09 1.03071e-07 3.89043e-06 8.6576e-05 0.00113592 0.00878805 0.0401109 0.108301 0.175349 0.181393 0.149301 0.130778 0.106909 0.0621562 0.0247485 0.00781936 0.00230402 0.000625368 0.000150269 3.2341e-05 6.09094e-06 9.60981e-07 1.22625e-07 1.23046e-08
 1.47713e-11 1.60398e-09 1.02689e-07 3.87598e-06 8.62545e-05 0.0011317 0.00875546 0.039963 0.107914 0.174818 0.181294 0.15034 0.132804 0.108497 0.0620836 0.0234755 0.0066099 0.00169117 0.000416604 9.34633e-05 1.87178e-05 3.26959e-06 4.85461e-07 5.97972e-08 5.885e-09
 1.43205e-11 1.55504e-09 9.95549e-08 3.7577e-06 8.36225e-05 0.00109717 0.0084884 0.0387461 0.104657 0.169776 0.177162 0.14972 0.135492 0.112331 0.0654538 0.025953 0.00806562 0.00227211 0.000559714 0.000114137 2.01583e-05 3.17439e-06 4.33269e-07 4.94347e-08 4.56517e-09
 1.41895e-11 1.54081e-09 9.86438e-08 3.72331e-06 8.28572e-05 0.00108713 0.00841075 0.0383924 0.103712 0.168324 0.176025 0.149716 0.136533 0.113586 0.0662848 0.0263618 0.00827956 0.00240229 0.000628626 0.000139393 2.59441e-05 3.95773e-06 4.89058e-07 4.9749e-08 4.15927e-09
 1.45791e-11 1.58312e-09 1.01353e-07 3.82555e-06 8.51323e-05 0.00111698 0.00864159 0.039444 0.106523 0.172652 0.179453 0.149858 0.133616 0.109903 0.0635943 0.0248218 0.00750489 0.00209276 0.000539731 0.000121438 2.36102e-05 3.84227e-06 5.01466e-07 5.11117e-08 4.01109e-09
 1.4917e-11 1.61981e-09 1.03702e-07 3.91422e-06 8.71054e-05 0.00114287 0.00884177 0.0403557 0.108957 0.17637 0.182259 0.149521 0.130389 0.106261 0.0614905 0.0241638 0.00740561 0.00208137 0.000529281 0.00011532 2.18157e-05 3.54583e-06 4.76449e-07 5.10411e-08 4.19985e-09
 1.50563e-11 1.63493e-09 1.0467e-07 3.95076e-06 8.79187e-05 0.00115354 0.0089243 0.0407318 0.109965 0.17794 0.183595 0.149876 0.129809 0.105245 0.0603851 0.0231728 0.00675114 0.0017947 0.000445331 9.68849e-05 1.82463e-05 2.90838e-06 3.81539e-07 4.05116e-08 3.38782e-09
#obs catch len freq
 9.03123e-12 9.80686e-10 6.27843e-08 2.3698e-06 5.2737e-05 0.00069196 0.00535425 0.0244587 0.0663142 0.10953 0.123243 0.126917 0.14317 0.142165 0.111655 0.0744409 0.0425458 0.0196447 0.00718562 0.00207827 0.000463933 7.72445e-05 9.29302e-06 7.83481e-07 4.49222e-08
 1.29081e-11 1.40167e-09 8.97359e-08 3.38709e-06 7.53751e-05 0.000988964 0.00765131 0.0349259 0.0943349 0.152913 0.158656 0.131357 0.117939 0.107372 0.0836029 0.0562488 0.0321683 0.0146923 0.00524961 0.00145946 0.000308398 4.80105e-05 5.3435e-06 4.13024e-07 2.15835e-08
 1.16455e-11 1.26456e-09 8.09585e-08 3.05579e-06 6.80028e-05 0.000892256 0.00690387 0.0315307 0.0853758 0.13997 0.152034 0.141554 0.141022 0.125729 0.0860714 0.0485464 0.0245192 0.0107012 0.00378787 0.00104125 0.000213949 3.18018e-05 3.3272e-06 2.38846e-07 1.14897e-08
 1.19676e-11 1.29954e-09 8.31975e-08 3.1403e-06 6.98835e-05 0.000916932 0.00709478 0.0324011 0.0877034 0.143489 0.154242 0.139263 0.134603 0.12111 0.0874122 0.0520771 0.0257038 0.00998259 0.00303101 0.00073535 0.000139954 1.97896e-05 1.97409e-06 1.33924e-07 6.02353e-09
 1.2299e-11 1.33553e-09 8.55015e-08 3.22727e-06 7.18189e-05 0.000942332 0.00729143 0.033301 0.0901525 0.147513 0.158281 0.141295 0.133437 0.117376 0.0832145 0.0491679 0.0245018 0.0097089 0.00294047 0.000671757 0.000114312 1.42694e-05 1.27879e-06 7.97221e-08 3.33929e-09
 1.24256e-11 1.34928e-09 8.63818e-08 3.26049e-06 7.25585e-05 0.000952045 0.00736686 0.0336503 0.0911469 0.149412 0.16109 0.144553 0.135574 0.116925 0.0804996 0.0456803 0.0217467 0.00826498 0.00242307 0.000538983 8.84527e-05 1.03633e-05 8.44968e-07 4.70327e-08 1.75605e-09
 1.2554e-11 1.36322e-09 8.72744e-08 3.29419e-06 7.33085e-05 0.000961892 0.00744326 0.0340024 0.0921261 0.151108 0.162911 0.145277 0.134364 0.114967 0.0794464 0.0452825 0.0213404 0.00790141 0.0022324 0.000475735 7.46674e-05 8.35337e-06 6.4608e-07 3.36657e-08 1.15716e-09
 1.30163e-11 1.41342e-09 9.04884e-08 3.4155e-06 7.60084e-05 0.000997325 0.00771763 0.0352586 0.0955479 0.156747 0.168661 0.148552 0.13378 0.111026 0.0741102 0.0405311 0.0183081 0.0065076 0.00176026 0.000356707 5.28822e-05 5.5648e-06 4.04082e-07 1.97459e-08 6.3506e-10
 1.19814e-11 1.30104e-09 8.32935e-08 3.14393e-06 6.99655e-05 0.000918066 0.00710531 0.03248 0.0882262 0.14607 0.162067 0.15217 0.144256 0.120417 0.0788011 0.0415987 0.0179208 0.00602609 0.00153351 0.000291562 4.0513e-05 3.98906e-06 2.70304e-07 1.22943e-08 3.67415e-10
 1.28163e-11 1.3917e-09 8.90978e-08 3.36302e-06 7.4841e-05 0.000982034 0.00760008 0.0347342 0.0942428 0.155185 0.168433 0.149669 0.13434 0.111449 0.0755931 0.0416647 0.0182269 0.0060253 0.00147343 0.000264961 3.44513e-05 3.15484e-06 1.98226e-07 8.34827e-09 2.30796e-10
 1.268e-11 1.3769e-09 8.81505e-08 3.32727e-06 7.40459e-05 0.000971626 0.00752025 0.0343816 0.0934054 0.154471 0.169679 0.153589 0.138101 0.11176 0.0729429 0.0389041 0.0168638 0.00564573 0.00140157 0.000251263 3.17261e-05 2.7586e-06 1.62107e-07 6.32851e-09 1.61418e-10
 1.34745e-11 1.46318e-09 9.36739e-08 3.53575e-06 7.86856e-05 0.00103251 0.0079915 0.036534 0.0992088 0.163639 0.177604 0.155305 0.133347 0.104514 0.0665792 0.0343075 0.0141316 0.00446406 0.00105317 0.000182095 2.24078e-05 1.89736e-06 1.07476e-07 3.98847e-09 9.54631e-11
 1.1175e-11 1.21347e-09 7.76877e-08 2.93237e-06 6.52596e-05 0.000856425 0.00663132 0.0303636 0.0829485 0.139828 0.162255 0.161332 0.153928 0.123901 0.077665 0.0388085 0.0154508 0.00470509 0.00106197 0.00017409 2.02341e-05 1.62225e-06 8.74214e-08 3.09466e-09 7.05688e-11
 1.34874e-11 1.46457e-09 9.37633e-08 3.53914e-06 7.87617e-05 0.00103354 0.00800026 0.036584 0.0994072 0.164092 0.177663 0.153114 0.12937 0.103303 0.0693058 0.0371489 0.0151812 0.00455292 0.000989286 0.000154399 1.69666e-05 1.27904e-06 6.45665e-08 2.13825e-09 4.56524e-11
 1.14592e-11 1.24434e-09 7.9664e-08 3.00699e-06 6.69216e-05 0.000878301 0.00680227 0.0311681 0.0853084 0.144399 0.168165 0.165207 0.152264 0.118107 0.0721543 0.0356938 0.0142686 0.00437091 0.000973892 0.000152283 1.62945e-05 1.17096e-06 5.56396e-08 1.7223e-09 3.4236e-11
 1.21257e-11 1.31671e-09 8.42972e-08 3.18187e-06 7.08135e-05 0.000929364 0.0071971 0.0329625 0.090039 0.151156 0.171365 0.160039 0.143035 0.113717 0.0732425 0.0370221 0.014211 0.00403287 0.000837669 0.000125352 1.30896e-05 9.20536e-07 4.23988e-08 1.25485e-09 2.3555e-11
 1.14042e-11 1.23837e-09 7.92819e-08 2.99259e-06 6.66034e-05 0.000874216 0.0067728 0.0310622 0.0852359 0.145115 0.17038 0.167291 0.152156 0.11718 0.0715933 0.034706 0.0130619 0.00365396 0.000734768 0.000103809 1.00978e-05 6.62772e-07 2.87571e-08 8.08348e-10 1.44561e-11
 1.15533e-11 1.25455e-09 8.03183e-08 3.03173e-06 6.74753e-05 0.000885693 0.00686237 0.0314795 0.0864028 0.147009 0.171696 0.166325 0.149806 0.116208 0.0719178 0.0346422 0.0126005 0.00335684 0.000642582 8.6667e-05 8.02508e-06 4.97027e-07 2.0156e-08 5.265e-10 8.7421e-12
 1.25249e-11 1.36007e-09 8.70735e-08 3.28672e-06 7.31508e-05 0.000960191 0.00743931 0.0341169 0.0935107 0.158131 0.180808 0.16713 0.142531 0.106333 0.0641817 0.0304037 0.010915 0.00285739 0.000530698 6.84251e-05 5.99413e-06 3.49436e-07 1.33037e-08 3.25347e-10 5.03908e-12
 1.16038e-11 1.26004e-09 8.06705e-08 3.04509e-06 6.77772e-05 0.000889837 0.00689867 0.0317016 0.0874309 0.150488 0.179255 0.175296 0.153165 0.11118 0.0632709 0.0280323 0.00948183 0.00236337 0.00042062 5.2003e-05 4.34971e-06 2.40433e-07 8.61742e-09 1.9727e-10 2.84927e-12
 1.33121e-11 1.44554e-09 9.2546e-08 3.49333e-06 7.77522e-05 0.00102069 0.00791006 0.0362959 0.0995721 0.168358 0.1909 0.171034 0.13842 0.0976263 0.0551579 0.0238758 0.00765399 0.00176882 0.000289886 3.31376e-05 2.58217e-06 1.33728e-07 4.50056e-09 9.6675e-11 1.30712e-12
 1.14273e-11 1.24088e-09 7.94444e-08 2.99891e-06 6.67561e-05 0.000876683 0.00680221 0.0313276 0.0868922 0.151478 0.184104 0.181993 0.15601 0.10854 0.058369 0.02409 0.00747343 0.00167949 0.00026473 2.85744e-05 2.07051e-06 9.89594e-08 3.0702e-09 6.09281e-11 7.63202e-13
 1.33048e-11 1.44476e-09 9.24968e-08 3.49156e-06 7.77182e-05 0.00102044 0.00791207 0.0363513 0.10002 0.17011 0.194371 0.174204 0.138845 0.095546 0.0521662 0.0214234 0.00638343 0.00134702 0.000198326 2.00531e-05 1.36336e-06 6.09519e-08 1.75807e-09 3.22362e-11 3.71503e-13
 1.16191e-11 1.26171e-09 8.07796e-08 3.04944e-06 6.78888e-05 0.000891832 0.00692516 0.0319538 0.0889875 0.156174 0.190641 0.186127 0.154289 0.102948 0.0528888 0.0206679 0.00599575 0.00124279 0.000178001 1.71937e-05 1.09945e-06 4.58258e-08 1.22797e-09 2.08903e-11 2.23078e-13
 1.1809e-11 1.28234e-09 8.21008e-08 3.09935e-06 6.90015e-05 0.000906483 0.00703903 0.0324718 0.0903061 0.15766 0.18992 0.182445 0.151609 0.103959 0.0548837 0.0213991 0.00598135 0.00117275 0.000158684 1.45537e-05 8.85543e-07 3.50026e-08 8.83332e-10 1.40477e-11 1.39401e-13
 1.20707e-11 1.31076e-09 8.39212e-08 3.16818e-06 7.05397e-05 0.000926882 0.00720102 0.0332568 0.0927019 0.162405 0.195807 0.185712 0.149274 0.0979504 0.049648 0.0187883 0.00513505 0.000980793 0.000127592 1.10863e-05 6.32793e-07 2.33742e-08 5.51161e-10 8.19492e-12 7.60094e-14
 1.22184e-11 1.32681e-09 8.495e-08 3.20713e-06 7.14136e-05 0.00093857 0.00729551 0.0337301 0.094219 0.165567 0.199875 0.188166 0.148226 0.0943278 0.0459031 0.0165223 0.0042765 0.00077443 9.58033e-05 7.92299e-06 4.29232e-07 1.49642e-08 3.30909e-10 4.58946e-12 3.95676e-14
 1.22138e-11 1.32632e-09 8.49203e-08 3.20619e-06 7.14019e-05 0.000938715 0.00730207 0.0338168 0.0947896 0.167579 0.203647 0.191444 0.14813 0.0911951 0.0424355 0.0144619 0.00351604 0.000594648 6.84821e-05 5.26991e-06 2.6606e-07 8.66117e-09 1.79056e-10 2.32139e-12 1.8683e-14
#spawning biomass
 22563.5 25847.2 29688.2 36802.7 47119.9 57829 65842.5 73484.2 78813 88155.5 107725 129156 149500 168460 179354 156488 149518 155402 153299 157099 164255 172872 157307 170969 167449 154365 159806 157989 156290 108428 24351.2 11801 10223.2 10044.5 10025.6 10023.7 10023.5 10023.5 10023.5 10023.5 10023.5 10023.5 10023.5 10023.5 10023.5 10023.5 10023.5 10023.5 10023.5 10023.5 10023.5 10023.5 10023.5 10023.5 10023.5 10023.5 10023.5 10023.5 10023.5 10023.5 10023.5 10023.5 10023.5 10023.5 10023.5 10023.5 10023.5 10023.5 10023.5 10023.5 10023.5 10023.5 10023.5 10023.5 10023.5 10023.5 10023.5 10023.5 10023.5 10023.5 10023.5 10023.5 10023.5 10023.5 10023.5 10023.5 10023.5 10023.5 10023.5 10023.5 10023.5 10023.5 10023.5 10023.5 10023.5 10023.5 10023.5 10023.5 10023.5 10023.5 10023.5 10023.5 10023.5 10023.5 10023.5 10023.5 10023.5 10023.5 10023.5 10023.5 10023.5 10023.5 10023.5 10023.5 10023.5 10023.5 10023.5 10023.5 10023.5 10023.5 10023.5 10023.5 10023.5 10023.5 10023.5 10023.5 10023.5 10023.5 0 0 0 0 0 0 0 0 0 0 0 0 0 0 0 0 0 0 0 0 0 0 0 0 0
