SBPRF35
28.1505
Curr Bio
201921
B35
4.82884e+07
F35
0.0239979
FOFL
0
OFL
0
Bzero
8.04299e+06
#pred survey bio
 28121.7 21383.9 17929.9 19558.6 34311.7 48244.6 61117.3 84536.2 113921 155208 169335 188793 248579 269990 260202 254765 294765 292926 298646 284779 272549 294220 293579 249474 253296 259352 275856 246992 5.09231e+06 1.0339e+07 1.65957e+07 2.28421e+07 2.86313e+07 3.37363e+07 3.80918e+07 4.17266e+07 4.47158e+07 4.71515e+07 4.91263e+07 5.07252e+07 5.20216e+07 5.30772e+07 5.38748e+07 5.40742e+07 5.42723e+07 5.44683e+07 5.46617e+07 5.48522e+07 5.50395e+07 5.52235e+07 5.54042e+07 5.55814e+07 5.57553e+07 5.59258e+07 5.6093e+07 5.62569e+07 5.64176e+07 5.65752e+07 5.67297e+07 5.68812e+07 5.70297e+07 5.71754e+07 5.73182e+07 5.74584e+07 5.75958e+07 5.77307e+07 5.78631e+07 5.7993e+07 5.81205e+07 5.82456e+07 5.83684e+07 5.84891e+07 5.86075e+07 5.87239e+07 5.88381e+07 5.89504e+07 5.90607e+07 5.9169e+07 5.92755e+07 5.93802e+07 5.94831e+07 5.95843e+07 5.96838e+07 5.97816e+07 5.98778e+07 5.99724e+07 6.00655e+07 6.01571e+07 6.02472e+07 6.03359e+07 6.04232e+07 6.05091e+07 6.05937e+07 6.0677e+07 6.0759e+07 6.08398e+07 6.09194e+07 6.09977e+07 6.1075e+07 6.1151e+07 6.1226e+07 6.12999e+07 6.13727e+07 6.14445e+07 6.15153e+07 6.15851e+07 6.16539e+07 6.17218e+07 6.17887e+07 6.18548e+07 6.19199e+07 6.19842e+07 6.20476e+07 6.21102e+07 6.2172e+07 6.22329e+07 6.22931e+07 6.23525e+07 6.24112e+07 6.24691e+07 6.25264e+07 6.25829e+07 6.26387e+07 6.26938e+07 6.27483e+07 6.28021e+07 6.28552e+07 6.29078e+07 0 0 0 0 0 0 0 0 0 0 0 0 0 0 0 0 0 0 0 0 0 0 0 0 0
#obs survey bio
 28588.8 18092.3 22198.7 33467.2 34812.3 74819.5 61736.9 71418.4 175661 142382 140391 152381 160911 325866 218902 156304 337149 226744 263238 152257 168811 255000 312518 165714 273864 137068 215828 201059
#pred catch bio
 18771.9 14342.2 11579 10057.5 23832.9 36787 45041.1 63884.9 84569.7 122289 135675 145550 198847 222137 214541 205999 248213 239899 254413 245237 230343 250382 262515 219456 224674 225592 253884 239883 0 11497.2 18743.2 26016.3 32794 38783.3 43890.2 48138.7 51613.5 54422.7 56676.8 58477.9 59915.1 61063 61904.9 62053 62196.7 62336 62471.1 62602 62729.1 62852.2 62971.7 63087.5 63199.9 63308.8 63414.4 63516.9 63616.2 63712.5 63805.9 63896.5 63984.4 64069.5 64152.1 64232.3 64309.9 64385.3 64458.3 64529.1 64597.8 64664.5 64729.1 64791.7 64852.4 64911.4 64968.5 65023.9 65077.6 65129.7 65180.2 65229.2 65276.7 65322.8 65367.4 65410.8 65452.8 65493.5 65533 65571.3 65608.5 65644.5 65679.4 65713.3 65746.2 65778 65808.9 65838.9 65867.9 65896.1 65923.4 65949.9 65975.6 66000.5 66024.7 66048.1 66070.8 66092.8 66114.2 66134.9 66155 66174.5 66193.4 66211.7 66229.5 66246.7 66263.4 66279.6 66295.3 66310.5 66325.3 66339.6 66353.5 66367 66380.1 66392.7 66405 66416.9 66428.5 66439.7 0 0 0 0 0 0 0 0 0 0 0 0 0 0 0 0 0 0 0 0 0 0 0 0 0
#obs catch bio
 13670.1 14634.1 13180.5 7371.49 18300.9 30668.8 35755.1 60437.2 72938.7 112638 117253 134226 205235 195983 205199 190473 235519 218845 224923 245644 203709 222962 207204 199126 191846 210011 220146 233966
#pred cpue bio
 23838.1 18386 13836.5 13868.3 20679.9 27778.8 32025.4 44957.5 58425.6 82706.9 95483.9 97864.9 124586 148168 143461 137126 144810 148222 161486 139756 130923 136236 144149 112792 106945 106348 119791 93908.5 1.42053e+06 1.01951e+07 1.64742e+07 2.27188e+07 2.85079e+07 3.36129e+07 3.79684e+07 4.16032e+07 4.45924e+07 4.70281e+07 4.90029e+07 5.06018e+07 5.18982e+07 5.29538e+07 5.37513e+07 5.39508e+07 5.41489e+07 5.43449e+07 5.45383e+07 5.47287e+07 5.4916e+07 5.51001e+07 5.52807e+07 5.5458e+07 5.56319e+07 5.58024e+07 5.59696e+07 5.61335e+07 5.62942e+07 5.64518e+07 5.66063e+07 5.67577e+07 5.69063e+07 5.70519e+07 5.71948e+07 5.73349e+07 5.74724e+07 5.76073e+07 5.77397e+07 5.78696e+07 5.7997e+07 5.81222e+07 5.8245e+07 5.83657e+07 5.84841e+07 5.86004e+07 5.87147e+07 5.8827e+07 5.89373e+07 5.90456e+07 5.91521e+07 5.92568e+07 5.93597e+07 5.94609e+07 5.95603e+07 5.96582e+07 5.97544e+07 5.9849e+07 5.99421e+07 6.00337e+07 6.01238e+07 6.02125e+07 6.02998e+07 6.03857e+07 6.04703e+07 6.05536e+07 6.06356e+07 6.07164e+07 6.0796e+07 6.08743e+07 6.09515e+07 6.10276e+07 6.11026e+07 6.11765e+07 6.12493e+07 6.13211e+07 6.13919e+07 6.14617e+07 6.15305e+07 6.15984e+07 6.16653e+07 6.17314e+07 6.17965e+07 6.18608e+07 6.19242e+07 6.19868e+07 6.20486e+07 6.21095e+07 6.21697e+07 6.22291e+07 6.22878e+07 6.23457e+07 6.24029e+07 6.24594e+07 6.25152e+07 6.25704e+07 6.26248e+07 6.26786e+07 6.27318e+07 6.27844e+07 0 0 0 0 0 0 0 0 0 0 0 0 0 0 0 0 0 0 0 0 0 0 0 0 0
#obs cpue bio
 18557.5 15204.6 18980.6 18440.6 33639.7 48042.5 57433.8 63367.4 80884.9 115618 203075 164145 160023 237757 191698 283662 190332 231331 339754 247098 333016 268719 380376 218906 205699 229693 294424 129631
#pred surv len freq
 8.84958e-12 9.60537e-10 6.14743e-08 2.31985e-06 5.162e-05 0.000677308 0.0052415 0.0239498 0.0649725 0.107541 0.122091 0.128345 0.145523 0.138352 0.0984531 0.0604687 0.0369106 0.0223747 0.013824 0.00913732 0.00663393 0.00536205 0.00456122 0.0034928 0.00203434
 7.86136e-12 8.53275e-10 5.46095e-08 2.0608e-06 4.58559e-05 0.000601685 0.00465666 0.0212862 0.057866 0.0967385 0.114227 0.130357 0.157001 0.152143 0.108739 0.0664815 0.0394789 0.0222278 0.0119285 0.00641555 0.00366744 0.0023842 0.0017557 0.00126552 0.000731192
 1.14001e-11 1.23737e-09 7.91914e-08 2.98844e-06 6.64968e-05 0.000872485 0.00675111 0.0308285 0.0833718 0.135893 0.144652 0.129679 0.127661 0.117512 0.0870159 0.0575617 0.0363401 0.0207741 0.0107922 0.0052413 0.00245304 0.00120245 0.000679874 0.000420528 0.000229097
 1.26814e-11 1.37644e-09 8.8092e-08 3.32432e-06 7.39706e-05 0.000970546 0.00750986 0.0342927 0.0927317 0.15108 0.160461 0.142673 0.137479 0.119501 0.0758561 0.0379396 0.0189124 0.0102526 0.00552447 0.00272009 0.00119454 0.00048572 0.000201741 9.3658e-05 4.36933e-05
 1.55627e-11 1.68918e-09 1.08107e-07 4.07963e-06 9.07769e-05 0.00119104 0.00921517 0.0420612 0.113486 0.182852 0.18472 0.140725 0.111571 0.090357 0.059601 0.033045 0.0171037 0.00800666 0.00344713 0.00149936 0.000644669 0.000251465 8.79689e-05 2.99507e-05 1.051e-05
 1.53551e-11 1.66665e-09 1.06666e-07 4.02523e-06 8.95665e-05 0.00117516 0.00909267 0.0415092 0.112094 0.1814 0.186947 0.151833 0.130311 0.104229 0.0575286 0.0194056 0.00388783 0.00045993 3.2091e-05 1.32035e-06 3.20396e-08 4.60733e-10 4.67053e-12 2.50717e-13 6.11103e-14
 1.6516e-11 1.79265e-09 1.1473e-07 4.32954e-06 9.63376e-05 0.001264 0.00977972 0.044639 0.120454 0.194186 0.196646 0.150827 0.119432 0.0918138 0.0501623 0.0168849 0.00338142 0.000399988 2.79081e-05 1.14823e-06 2.78569e-08 3.98486e-10 3.36108e-12 1.67166e-14 4.90214e-17
 1.63471e-11 1.77433e-09 1.13557e-07 4.28527e-06 9.53528e-05 0.00125108 0.00967979 0.0441838 0.119238 0.192326 0.195235 0.150973 0.121015 0.0936196 0.0512337 0.0172516 0.00345508 0.000408706 2.85165e-05 1.17326e-06 2.84642e-08 4.07173e-10 3.43435e-12 1.7081e-14 5.00901e-17
 1.6753e-11 1.81838e-09 1.16376e-07 4.39167e-06 9.77202e-05 0.00128214 0.00992 0.045278 0.122161 0.196796 0.198627 0.150621 0.117211 0.0892789 0.0486583 0.0163703 0.00327802 0.000387749 2.70541e-05 1.11309e-06 2.70044e-08 3.86291e-10 3.25822e-12 1.6205e-14 4.75212e-17
 1.6324e-11 1.77181e-09 1.13396e-07 4.27921e-06 9.52178e-05 0.00124931 0.00966609 0.0441214 0.119071 0.192071 0.195042 0.150993 0.121231 0.093867 0.0513806 0.0173018 0.00346517 0.000409901 2.85999e-05 1.1767e-06 2.85474e-08 4.08363e-10 3.44439e-12 1.71309e-14 5.02366e-17
 1.56312e-11 1.69661e-09 1.08583e-07 4.09758e-06 9.11765e-05 0.00119629 0.00925603 0.0422534 0.114082 0.18444 0.189253 0.151594 0.127724 0.101277 0.0557771 0.0188062 0.00376742 0.000445677 3.10964e-05 1.27941e-06 3.10394e-08 4.44011e-10 3.74506e-12 1.86263e-14 5.46219e-17
 1.66363e-11 1.80571e-09 1.15565e-07 4.36107e-06 9.70394e-05 0.0012732 0.00985093 0.0449634 0.12132 0.195511 0.197651 0.150722 0.118305 0.0905271 0.0493989 0.0166237 0.00332893 0.000393775 2.74746e-05 1.1304e-06 2.74242e-08 3.92295e-10 3.30887e-12 1.64569e-14 4.82599e-17
 1.69968e-11 1.84483e-09 1.18069e-07 4.45556e-06 9.91418e-05 0.00130079 0.0100643 0.0459352 0.123916 0.199481 0.200663 0.15041 0.114927 0.0866722 0.0471116 0.0158411 0.00317169 0.000375163 2.61758e-05 1.07696e-06 2.61278e-08 3.73751e-10 3.15245e-12 1.56789e-14 4.59785e-17
 1.59728e-11 1.73369e-09 1.10956e-07 4.18714e-06 9.31693e-05 0.00122243 0.00945824 0.0431745 0.116542 0.188203 0.192108 0.151298 0.124522 0.097623 0.0536091 0.0180644 0.00361838 0.000428036 2.98653e-05 1.22876e-06 2.98106e-08 4.26433e-10 3.5968e-12 1.78889e-14 5.24594e-17
 1.59156e-11 1.72748e-09 1.10559e-07 4.17214e-06 9.28354e-05 0.00121805 0.00942435 0.0430202 0.11613 0.187573 0.191629 0.151347 0.125059 0.0982353 0.0539724 0.0181887 0.00364335 0.000430992 3.00716e-05 1.23725e-06 3.00165e-08 4.29378e-10 3.62164e-12 1.80125e-14 5.28218e-17
 1.62066e-11 1.75907e-09 1.1258e-07 4.24843e-06 9.45329e-05 0.00124032 0.0095966 0.0438048 0.118226 0.190778 0.194061 0.151095 0.122332 0.0951229 0.0521257 0.0175568 0.0035164 0.000415964 2.9023e-05 1.1941e-06 2.89698e-08 4.14405e-10 3.49535e-12 1.73844e-14 5.09798e-17
 1.72004e-11 1.86694e-09 1.19484e-07 4.50895e-06 0.00010033 0.00131637 0.0101848 0.0464843 0.125383 0.201724 0.202365 0.150233 0.113019 0.0844941 0.0458192 0.0153988 0.00308284 0.000364647 2.5442e-05 1.04677e-06 2.53952e-08 3.63272e-10 3.06406e-12 1.52393e-14 4.46895e-17
 1.68968e-11 1.83399e-09 1.17375e-07 4.42937e-06 9.8559e-05 0.00129314 0.0100051 0.0456658 0.123197 0.19838 0.199828 0.150496 0.115864 0.087741 0.0477457 0.016058 0.00321528 0.000380323 2.65359e-05 1.09177e-06 2.64872e-08 3.78892e-10 3.19581e-12 1.58946e-14 4.6611e-17
 1.61519e-11 1.75313e-09 1.122e-07 4.2341e-06 9.4214e-05 0.00123614 0.00956424 0.0436574 0.117832 0.190176 0.193604 0.151142 0.122844 0.0957076 0.0524726 0.0176755 0.00354025 0.000418787 2.922e-05 1.20221e-06 2.91664e-08 4.17218e-10 3.51907e-12 1.75024e-14 5.13258e-17
 1.72111e-11 1.8681e-09 1.19558e-07 4.51175e-06 0.000100392 0.00131719 0.0101911 0.046513 0.12546 0.201841 0.202454 0.150224 0.112919 0.08438 0.0457516 0.0153757 0.00307819 0.000364096 2.54036e-05 1.04518e-06 2.53569e-08 3.62723e-10 3.05943e-12 1.52163e-14 4.46219e-17
 1.74208e-11 1.89086e-09 1.21015e-07 4.56671e-06 0.000101615 0.00133323 0.0103152 0.0470784 0.12697 0.204151 0.204206 0.150042 0.110954 0.0821376 0.044421 0.0149204 0.00298672 0.000353269 2.4648e-05 1.0141e-06 2.46027e-08 3.51935e-10 2.96844e-12 1.47638e-14 4.32948e-17
 1.77631e-11 1.92801e-09 1.23392e-07 4.65644e-06 0.000103612 0.00135943 0.0105178 0.0480012 0.129435 0.207921 0.207066 0.149745 0.107746 0.0784767 0.0422489 0.0141771 0.00283739 0.000335594 2.34146e-05 9.63352e-07 2.33716e-08 3.34324e-10 2.8199e-12 1.40249e-14 4.11283e-17
 1.72059e-11 1.86753e-09 1.19522e-07 4.51038e-06 0.000100362 0.00131679 0.010188 0.046499 0.125422 0.201784 0.20241 0.150229 0.112968 0.0844358 0.0457847 0.015387 0.00308046 0.000364365 2.54224e-05 1.04596e-06 2.53756e-08 3.62992e-10 3.0617e-12 1.52276e-14 4.4655e-17
 1.79742e-11 1.95092e-09 1.24859e-07 4.71179e-06 0.000104843 0.00137558 0.0106427 0.0485704 0.130955 0.210246 0.20883 0.149562 0.105768 0.0762189 0.0409093 0.0137187 0.00274529 0.000324692 2.26539e-05 9.32053e-07 2.26122e-08 3.23462e-10 2.72828e-12 1.35693e-14 3.9792e-17
 1.85345e-11 2.01174e-09 1.28751e-07 4.85867e-06 0.000108111 0.00141846 0.0109744 0.0500811 0.13499 0.216417 0.213512 0.149077 0.100517 0.0702264 0.0373537 0.0125021 0.00250085 0.00029576 2.0635e-05 8.48984e-07 2.05969e-08 2.94633e-10 2.48512e-12 1.23599e-14 3.62455e-17
 1.87552e-11 2.03569e-09 1.30284e-07 4.91652e-06 0.000109399 0.00143535 0.011105 0.0506761 0.136579 0.218848 0.215355 0.148885 0.0984492 0.0678664 0.0359534 0.0120229 0.00240458 0.000284365 1.98398e-05 8.16269e-07 1.98032e-08 2.83279e-10 2.38936e-12 1.18836e-14 3.48488e-17
 1.8312e-11 1.98759e-09 1.27206e-07 4.80034e-06 0.000106814 0.00140144 0.0108427 0.0494812 0.133388 0.213967 0.211653 0.149269 0.102602 0.072606 0.0387656 0.0129852 0.00259792 0.000307249 2.14367e-05 8.81971e-07 2.13972e-08 3.06081e-10 2.58168e-12 1.28402e-14 3.76539e-17
 1.92803e-11 2.09269e-09 1.33932e-07 5.05418e-06 0.000112462 0.00147554 0.0114158 0.0520919 0.140361 0.224632 0.219743 0.14843 0.0935279 0.0622499 0.032621 0.0108826 0.00217549 0.000257248 1.79476e-05 7.38413e-07 1.79144e-08 2.5626e-10 2.16146e-12 1.07502e-14 3.15249e-17
#obs surv len freq
 3.67874e-11 3.40933e-09 1.86305e-07 6.00302e-06 0.000114052 0.00127775 0.0084426 0.032934 0.076267 0.107877 0.106064 0.102336 0.116831 0.127033 0.121003 0.0973751 0.0603415 0.0280254 0.010212 0.00301401 0.000704724 0.000124722 1.59986e-05 1.43324e-06 8.69238e-08
 2.24235e-11 2.00434e-09 1.05639e-07 3.28299e-06 6.01608e-05 0.000650144 0.00414615 0.0156582 0.035667 0.0534763 0.069936 0.104647 0.146915 0.164164 0.15411 0.122176 0.0754528 0.0353407 0.0129068 0.00371407 0.000823364 0.000136072 1.61901e-05 1.33907e-06 7.46242e-08
 1.42676e-10 1.22792e-08 6.23125e-07 1.86452e-05 0.000328963 0.00342229 0.0209937 0.0759518 0.1622 0.205454 0.158485 0.0856553 0.0536173 0.0574846 0.0662563 0.0571366 0.0335033 0.0137631 0.00433591 0.00111926 0.000232146 3.6285e-05 4.04711e-06 3.10388e-07 1.59288e-08
 1.31597e-10 1.0887e-08 5.3108e-07 1.52756e-05 0.000259078 0.0025911 0.0152864 0.0532934 0.110835 0.14413 0.141259 0.146012 0.152858 0.119564 0.065332 0.0288913 0.012393 0.00504244 0.00170163 0.000438605 8.40041e-05 1.18457e-05 1.20468e-06 8.52594e-08 4.04948e-09
 1.91138e-10 1.51772e-08 7.10596e-07 1.96174e-05 0.00031934 0.0030653 0.0173539 0.0580144 0.11523 0.140359 0.120736 0.105259 0.111215 0.114742 0.101779 0.0690977 0.0316194 0.00918898 0.0017303 0.00023742 2.86936e-05 3.20959e-06 2.88168e-07 1.83819e-08 7.8994e-10
 3.25572e-10 2.47768e-08 1.11181e-06 2.94175e-05 0.000458957 0.00422228 0.0229105 0.073411 0.139801 0.163474 0.135353 0.112441 0.107912 0.0953591 0.0718557 0.0444022 0.0202717 0.00642915 0.00141957 0.000221622 2.4431e-05 1.90838e-06 1.09792e-07 4.87974e-09 1.65686e-10
 4.17524e-10 3.04121e-08 1.30616e-06 3.30779e-05 0.000493937 0.00434941 0.0225931 0.0693674 0.127171 0.1464 0.12892 0.123122 0.125246 0.107854 0.0766596 0.0437509 0.017988 0.00497204 0.000935322 0.000127564 1.32634e-05 1.03581e-06 5.7538e-08 2.1786e-09 5.54381e-11
 5.93524e-10 4.13252e-08 1.69659e-06 4.10704e-05 0.00058624 0.00493459 0.024504 0.0719417 0.126296 0.140145 0.121574 0.11736 0.122157 0.111072 0.0842618 0.0492072 0.0197422 0.00516395 0.00089338 0.000107863 9.58621e-06 6.37169e-07 3.10607e-08 1.07616e-09 2.56337e-11
 9.20967e-10 6.12225e-08 2.39975e-06 5.54637e-05 0.000755871 0.00607464 0.0288023 0.0807619 0.135588 0.144734 0.122842 0.11713 0.118709 0.104406 0.0763147 0.0426572 0.0163271 0.00407862 0.000675413 7.78114e-05 6.49167e-06 3.93376e-07 1.69402e-08 5.0761e-10 1.0424e-11
 1.235e-09 7.82959e-08 2.92683e-06 6.45128e-05 0.000838484 0.00642689 0.029071 0.0778773 0.125802 0.133336 0.121798 0.12757 0.130662 0.11113 0.0772381 0.0404008 0.0141702 0.0031352 0.000435317 3.93419e-05 2.4786e-06 1.16627e-07 4.17447e-09 1.0952e-10 2.00345e-12
 1.78897e-09 1.08049e-07 3.84795e-06 8.08029e-05 0.00100052 0.00730626 0.03149 0.0804296 0.124263 0.127642 0.116642 0.124111 0.129661 0.114668 0.0820258 0.0426069 0.0145051 0.00310459 0.000420542 3.74029e-05 2.28862e-06 9.90336e-08 3.01725e-09 6.36676e-11 9.23279e-13
 3.03735e-09 1.74598e-07 5.91791e-06 0.000118274 0.00139383 0.00968724 0.0397361 0.0965751 0.141848 0.137935 0.118208 0.118308 0.118213 0.100857 0.0692731 0.0342452 0.0110441 0.0022381 0.00028774 2.44129e-05 1.43494e-06 5.99887e-08 1.76517e-09 3.55629e-11 4.79577e-13
 3.66236e-09 2.00185e-07 6.45192e-06 0.000122614 0.00137406 0.00908266 0.0354642 0.0824046 0.118167 0.12157 0.125385 0.1422 0.139706 0.110701 0.0700445 0.0321065 0.00962967 0.00180662 0.000212372 1.61749e-05 8.40664e-07 3.11253e-08 8.26334e-10 1.53555e-11 1.94e-13
 5.46926e-09 2.84026e-07 8.69714e-06 0.000157032 0.00167192 0.0104999 0.0389521 0.0859972 0.117195 0.114792 0.114288 0.130385 0.136971 0.119822 0.0802526 0.0365261 0.0104467 0.00182507 0.000195276 1.31203e-05 5.79163e-07 1.77226e-08 3.88807e-10 6.0887e-12 6.62985e-14
 7.53455e-09 3.71461e-07 1.07984e-05 0.000185097 0.00187099 0.0111575 0.0393401 0.0829227 0.110146 0.112406 0.123506 0.144033 0.14374 0.116881 0.0728558 0.0310537 0.00835975 0.00138125 0.000140646 9.06342e-06 3.85557e-07 1.12741e-08 2.29884e-10 3.22025e-12 3.03077e-14
 1.3452e-08 6.29173e-07 1.73517e-05 0.000282168 0.00270583 0.0153065 0.0511724 0.102045 0.126914 0.117491 0.115362 0.128239 0.129897 0.108234 0.0668735 0.0273482 0.00693683 0.00106764 9.99992e-05 5.82235e-06 2.19065e-07 5.59155e-09 1.00265e-10 1.2638e-12 1.09269e-14
 1.87735e-08 8.32519e-07 2.17687e-05 0.000335639 0.00305183 0.016374 0.0519919 0.0991402 0.121458 0.120458 0.131708 0.144964 0.132468 0.097528 0.0543503 0.0205131 0.00486506 0.000705536 6.27239e-05 3.49797e-06 1.2717e-07 3.13826e-09 5.35878e-11 6.26231e-13 4.89133e-15
 2.32312e-08 9.76263e-07 2.4191e-05 0.000353463 0.0030459 0.0154931 0.0467156 0.0852615 0.103334 0.10971 0.131851 0.152831 0.146875 0.112618 0.062818 0.0230097 0.00525058 0.000739175 6.53336e-05 3.75455e-06 1.45595e-07 3.87328e-09 6.97835e-11 8.29933e-13 6.39393e-15
 4.15859e-08 1.65541e-06 3.88558e-05 0.000537786 0.00438964 0.0211463 0.0603411 0.10383 0.116809 0.11154 0.122442 0.138486 0.134927 0.103915 0.0566042 0.0199426 0.00438665 0.0006053 5.39752e-05 3.23363e-06 1.33382e-07 3.76824e-09 7.11884e-11 8.7962e-13 7.01865e-15
 6.36692e-08 2.40001e-06 5.33443e-05 0.000699154 0.0054045 0.0246648 0.0667897 0.109927 0.121979 0.121756 0.136521 0.143814 0.124351 0.0851223 0.0420997 0.0136581 0.00277489 0.000352198 2.86919e-05 1.56801e-06 5.97714e-08 1.60362e-09 2.96606e-11 3.67426e-13 2.97805e-15
 8.39237e-08 2.99496e-06 6.30219e-05 0.000782006 0.00572367 0.0247459 0.0636392 0.100617 0.111858 0.11982 0.142184 0.151828 0.131871 0.0890323 0.0422336 0.0128753 0.00242264 0.000280193 2.03277e-05 9.6235e-07 3.11618e-08 7.11388e-10 1.14187e-11 1.25846e-13 9.28948e-16
 1.31498e-07 4.44205e-06 8.84797e-05 0.00103926 0.00720048 0.029472 0.0717889 0.10772 0.114446 0.118683 0.137943 0.146728 0.127939 0.0850113 0.0386468 0.0111096 0.00195453 0.000209932 1.40116e-05 6.0139e-07 1.73223e-08 3.45446e-10 4.78291e-12 4.51403e-14 2.84649e-16
 1.75839e-07 5.62228e-06 0.000106 0.00117853 0.00773069 0.0299866 0.0695369 0.101333 0.111328 0.126726 0.151347 0.153955 0.125438 0.0776978 0.0330467 0.0089327 0.00148817 0.00015306 9.94433e-06 4.23068e-07 1.21829e-08 2.40026e-10 3.18973e-12 2.79736e-14 1.5955e-16
 2.57344e-07 7.78829e-06 0.000138985 0.00146266 0.00908221 0.0333597 0.0733674 0.102058 0.10914 0.123639 0.14801 0.153255 0.127181 0.0779263 0.0318288 0.00813701 0.00127544 0.000123407 7.56473e-06 3.05248e-07 8.39286e-09 1.58948e-10 2.04257e-12 1.73966e-14 9.64333e-17
 4.06211e-07 1.16368e-05 0.000196569 0.00195818 0.0115109 0.040043 0.0835624 0.111126 0.115821 0.128966 0.148543 0.145895 0.114203 0.0658 0.0252711 0.00609504 0.000907883 8.44985e-05 5.06405e-06 2.02641e-07 5.53911e-09 1.0308e-10 1.27981e-12 1.03967e-14 5.46285e-17
 4.91303e-07 1.33238e-05 0.000213067 0.00200958 0.0111899 0.0369584 0.0739998 0.0984168 0.112667 0.140285 0.163936 0.154827 0.114777 0.0622846 0.0225067 0.00512198 0.000724844 6.48237e-05 3.78715e-06 1.49531e-07 4.0483e-09 7.4327e-11 9.05224e-13 7.18082e-15 3.66794e-17
 6.20804e-07 1.59397e-05 0.000241336 0.00215526 0.0113674 0.0356215 0.0681636 0.0890131 0.105441 0.137522 0.166461 0.164154 0.124793 0.0665983 0.0228999 0.00486434 0.000633423 5.13335e-05 2.67486e-06 9.34189e-08 2.25597e-09 3.77906e-11 4.30391e-13 3.25006e-15 1.59517e-17
 8.79188e-07 2.13751e-05 0.000306451 0.00259169 0.0129492 0.0385012 0.0703782 0.0898579 0.107847 0.141551 0.168822 0.162916 0.119593 0.0606391 0.0196133 0.00390017 0.000474009 3.5718e-05 1.71921e-06 5.48902e-08 1.1966e-09 1.78963e-11 1.80795e-13 1.21006e-15 5.29132e-18
#pred catch len freq
 3.65436e-13 3.96647e-11 2.53858e-09 9.58071e-08 2.13283e-06 2.80513e-05 0.0002197 0.00106485 0.00372524 0.012886 0.0454368 0.119704 0.199903 0.20962 0.152096 0.0936859 0.0571889 0.0346623 0.0214144 0.014154 0.0102761 0.00830592 0.00706542 0.00541042 0.00315124
 3.02075e-13 3.27874e-11 2.09844e-09 7.91978e-08 1.7633e-06 2.32056e-05 0.000182321 0.000896864 0.00330793 0.0125041 0.0464195 0.124051 0.207827 0.218172 0.15839 0.0970579 0.0576357 0.0324462 0.017411 0.00936394 0.00535283 0.00347987 0.00256254 0.00184709 0.00106721
 6.10447e-13 6.62583e-11 4.24057e-09 1.60034e-07 3.56193e-06 4.67991e-05 0.00036465 0.00172402 0.00547037 0.0154293 0.0467595 0.117623 0.195535 0.208622 0.159158 0.105736 0.0667619 0.0381596 0.0198225 0.00962669 0.00450544 0.00220851 0.00124871 0.000772372 0.000420777
 6.24526e-13 6.77864e-11 4.33838e-09 1.63727e-07 3.64431e-06 4.7894e-05 0.000373676 0.00177815 0.00579381 0.0173803 0.0554094 0.141189 0.23186 0.234591 0.15378 0.0773573 0.0385844 0.0209151 0.011269 0.0055484 0.00243658 0.000990755 0.000411504 0.00019104 8.91241e-05
 7.18612e-12 7.79985e-10 4.9919e-08 1.88379e-06 4.19174e-05 0.000550018 0.00425721 0.0194701 0.0530644 0.0897959 0.110941 0.137533 0.174001 0.168795 0.115998 0.0647124 0.0334869 0.0156683 0.00674441 0.00293334 0.00126121 0.000491956 0.000172098 5.85942e-05 2.05613e-05
 1.04496e-11 1.1342e-09 7.25889e-08 2.73929e-06 6.09531e-05 0.00079977 0.00618933 0.0282835 0.0767677 0.127371 0.145959 0.156086 0.17628 0.156692 0.088657 0.0300572 0.00602785 0.000713232 4.97668e-05 2.04762e-06 4.96874e-08 7.14496e-10 7.23796e-12 3.87329e-13 9.43784e-14
 1.18444e-11 1.2856e-09 8.22782e-08 3.10493e-06 6.90889e-05 0.000906508 0.00701485 0.032044 0.0868124 0.142734 0.157613 0.154877 0.163209 0.141775 0.0798061 0.0270285 0.00541937 0.000641209 4.47408e-05 1.8408e-06 4.46592e-08 6.38838e-10 5.38836e-12 2.67994e-14 7.85895e-17
 1.2047e-11 1.30758e-09 8.36851e-08 3.15802e-06 7.02703e-05 0.000922007 0.00713472 0.0325901 0.0882709 0.144964 0.159305 0.154701 0.161311 0.139609 0.0785209 0.0265888 0.00533101 0.000630751 4.4011e-05 1.81078e-06 4.39308e-08 6.28418e-10 5.30047e-12 2.63623e-14 7.73075e-17
 1.2431e-11 1.34926e-09 8.63527e-08 3.25868e-06 7.25102e-05 0.000951393 0.007362 0.0336254 0.0910363 0.149194 0.162514 0.154368 0.157713 0.135502 0.0760841 0.0257549 0.00516349 0.000610922 4.26274e-05 1.75385e-06 4.25496e-08 6.0866e-10 5.13382e-12 2.55334e-14 7.4877e-17
 1.28125e-11 1.39067e-09 8.90029e-08 3.3587e-06 7.47356e-05 0.000980589 0.0075878 0.034654 0.0937838 0.153396 0.165702 0.154038 0.154138 0.131422 0.0736631 0.0249265 0.00499705 0.000591222 4.12527e-05 1.69729e-06 4.11774e-08 5.89031e-10 4.96826e-12 2.471e-14 7.24622e-17
 1.20148e-11 1.30409e-09 8.34616e-08 3.14959e-06 7.00827e-05 0.000919545 0.00711569 0.0325034 0.0880392 0.14461 0.159037 0.154729 0.161613 0.139953 0.078725 0.0266586 0.00534505 0.000632412 4.4127e-05 1.81555e-06 4.40465e-08 6.30073e-10 5.31443e-12 2.64317e-14 7.75112e-17
 1.29334e-11 1.4038e-09 8.9843e-08 3.3904e-06 7.5441e-05 0.000989843 0.00765938 0.0349801 0.0946547 0.154728 0.166712 0.153933 0.153004 0.130128 0.0728957 0.0246639 0.00494429 0.000584977 4.08169e-05 1.67936e-06 4.07424e-08 5.82809e-10 4.91578e-12 2.4449e-14 7.16968e-17
 1.41388e-11 1.53464e-09 9.82165e-08 3.70639e-06 8.2472e-05 0.00108209 0.0083728 0.03823 0.103335 0.168004 0.176784 0.152888 0.141708 0.117237 0.0652467 0.0220466 0.00441844 0.000522734 3.64735e-05 1.50065e-06 3.64069e-08 5.2079e-10 4.39267e-12 2.18473e-14 6.40673e-17
 1.30507e-11 1.41652e-09 9.06574e-08 3.42113e-06 7.61248e-05 0.000998815 0.00772877 0.0352962 0.0954989 0.156019 0.167692 0.153831 0.151906 0.128875 0.0721518 0.0244094 0.00489315 0.000578924 4.03945e-05 1.66198e-06 4.03207e-08 5.76777e-10 4.8649e-12 2.41959e-14 7.09547e-17
 1.30033e-11 1.41139e-09 9.03285e-08 3.40872e-06 7.58486e-05 0.000995192 0.00770074 0.0351685 0.095158 0.155498 0.167296 0.153872 0.152349 0.129381 0.0724522 0.0245122 0.00491381 0.000581368 4.05651e-05 1.66899e-06 4.0491e-08 5.79213e-10 4.88545e-12 2.42981e-14 7.12544e-17
 1.30959e-11 1.42144e-09 9.09719e-08 3.433e-06 7.63889e-05 0.00100228 0.00775556 0.0354182 0.095825 0.156518 0.16807 0.153792 0.151481 0.12839 0.0718645 0.0243111 0.0048734 0.000576586 4.02313e-05 1.65526e-06 4.01579e-08 5.74448e-10 4.84525e-12 2.40982e-14 7.06682e-17
 1.51819e-11 1.64785e-09 1.05462e-07 3.97981e-06 8.8556e-05 0.00116191 0.00899014 0.0410422 0.110847 0.179492 0.185499 0.151983 0.131934 0.106082 0.0586279 0.0197817 0.00396341 0.000468875 3.27152e-05 1.34602e-06 3.26553e-08 4.67125e-10 3.94002e-12 1.9596e-14 5.74654e-17
 1.43495e-11 1.5575e-09 9.96799e-08 3.76161e-06 8.37008e-05 0.00109821 0.00849749 0.038798 0.104852 0.170324 0.178544 0.152705 0.139734 0.114984 0.0639098 0.0215891 0.00432653 0.000511856 3.57144e-05 1.46942e-06 3.56491e-08 5.09951e-10 4.30125e-12 2.13926e-14 6.27338e-17
 1.38999e-11 1.5087e-09 9.65564e-08 3.64374e-06 8.10781e-05 0.0010638 0.00823137 0.0375857 0.101614 0.165372 0.174787 0.153095 0.143948 0.119793 0.0667631 0.0225655 0.00452269 0.000535074 3.73346e-05 1.53608e-06 3.72664e-08 5.33086e-10 4.49638e-12 2.23631e-14 6.55798e-17
 1.54916e-11 1.68147e-09 1.07614e-07 4.06101e-06 9.03628e-05 0.00118561 0.00917346 0.0418773 0.113077 0.182904 0.188087 0.151715 0.129031 0.102769 0.0566624 0.0191092 0.00382828 0.000452881 3.15991e-05 1.30009e-06 3.15412e-08 4.51188e-10 3.8056e-12 1.89274e-14 5.55049e-17
 1.55335e-11 1.68601e-09 1.07905e-07 4.07198e-06 9.06068e-05 0.00118881 0.00919823 0.0419901 0.113379 0.183365 0.188437 0.151679 0.128639 0.102321 0.0563968 0.0190183 0.00381003 0.00045072 3.14483e-05 1.29389e-06 3.13907e-08 4.49035e-10 3.78744e-12 1.88371e-14 5.524e-17
 1.60825e-11 1.7456e-09 1.11718e-07 4.2159e-06 9.38091e-05 0.00123082 0.00952315 0.0434703 0.117332 0.189411 0.193024 0.151203 0.123495 0.09645 0.0529131 0.0178262 0.00357053 0.000422372 2.94701e-05 1.2125e-06 2.94161e-08 4.20789e-10 3.5492e-12 1.76522e-14 5.17652e-17
 1.59531e-11 1.73155e-09 1.10819e-07 4.18197e-06 9.30542e-05 0.00122092 0.00944656 0.0431213 0.1164 0.187986 0.191943 0.151315 0.124707 0.0978341 0.0537343 0.0181072 0.00362699 0.000429054 2.99364e-05 1.23169e-06 2.98816e-08 4.27448e-10 3.60536e-12 1.79315e-14 5.25843e-17
 1.67264e-11 1.81549e-09 1.16191e-07 4.38468e-06 9.75647e-05 0.0012801 0.00990423 0.0452062 0.121969 0.196503 0.198404 0.150644 0.117461 0.0895639 0.0488274 0.0164281 0.00328964 0.000389125 2.71501e-05 1.11704e-06 2.71002e-08 3.87662e-10 3.26978e-12 1.62625e-14 4.76899e-17
 1.75051e-11 1.90001e-09 1.21601e-07 4.58883e-06 0.000102107 0.00133969 0.0103651 0.0473058 0.127577 0.20508 0.204911 0.149969 0.110163 0.0812352 0.0438856 0.0147372 0.00294991 0.000348912 2.4344e-05 1.00159e-06 2.42992e-08 3.47594e-10 2.93183e-12 1.45816e-14 4.27608e-17
 1.76024e-11 1.91057e-09 1.22277e-07 4.61434e-06 0.000102675 0.00134714 0.0104227 0.0475681 0.128278 0.206152 0.205724 0.149885 0.109251 0.0801947 0.0432682 0.0145259 0.00290746 0.000343888 2.39934e-05 9.87166e-07 2.39493e-08 3.42588e-10 2.8896e-12 1.43716e-14 4.2145e-17
 1.75769e-11 1.9078e-09 1.22099e-07 4.60765e-06 0.000102526 0.00134518 0.0104076 0.0474993 0.128094 0.205871 0.205511 0.149907 0.109491 0.0804676 0.0434302 0.0145813 0.0029186 0.000345206 2.40854e-05 9.90949e-07 2.40411e-08 3.43901e-10 2.90068e-12 1.44267e-14 4.23065e-17
 1.90647e-11 2.06929e-09 1.32434e-07 4.99765e-06 0.000111204 0.00145903 0.0112882 0.0515105 0.138808 0.222257 0.217942 0.148617 0.0955488 0.0645562 0.0339894 0.0113508 0.00226956 0.000268383 1.87246e-05 7.70383e-07 1.869e-08 2.67355e-10 2.25504e-12 1.12156e-14 3.28898e-17
#obs catch len freq
 2.9637e-11 2.74666e-09 1.50093e-07 4.83621e-06 9.18845e-05 0.00102942 0.00680275 0.0265564 0.061736 0.0890373 0.0946017 0.105987 0.131414 0.141747 0.129833 0.101897 0.0633246 0.030127 0.0113526 0.00345654 0.000829374 0.000150526 1.9852e-05 1.83187e-06 1.14329e-07
 4.35194e-11 3.89001e-09 2.05024e-07 6.37159e-06 0.000116757 0.00126163 0.00804111 0.0302746 0.0678625 0.094266 0.0961137 0.103406 0.125775 0.137481 0.129689 0.102337 0.0617989 0.0279879 0.00995555 0.00285759 0.000645172 0.000109428 1.33588e-05 1.13192e-06 6.45863e-08
 2.74137e-11 2.35932e-09 1.19727e-07 3.58252e-06 6.32103e-05 0.000657754 0.00404018 0.0147178 0.0325813 0.0490021 0.0685593 0.108783 0.152929 0.168644 0.156263 0.121403 0.0730456 0.0333249 0.011847 0.00330423 0.00070562 0.000111592 1.26223e-05 9.86517e-07 5.16878e-08
 2.0416e-18 8.97452e-16 2.32616e-13 3.55517e-11 3.20391e-09 1.70267e-07 5.33701e-06 9.87363e-05 0.00108039 0.00703859 0.0278538 0.0707265 0.129072 0.190337 0.223008 0.186358 0.105488 0.0420336 0.0129057 0.00323867 0.000647489 9.67151e-05 1.02386e-05 7.41173e-07 3.57342e-08
 1.4163e-10 1.12461e-08 5.26542e-07 1.45363e-05 0.000236633 0.00227167 0.0128689 0.0431629 0.0872075 0.115187 0.129695 0.161934 0.180108 0.138959 0.0741957 0.0324575 0.0138281 0.00552068 0.00180738 0.000449131 8.25869e-05 1.11258e-05 1.07417e-06 7.17297e-08 3.19847e-09
 2.71354e-10 2.06508e-08 9.26665e-07 2.45187e-05 0.000382528 0.0035192 0.0190965 0.061208 0.116741 0.137584 0.117803 0.106301 0.114133 0.116666 0.101287 0.0663943 0.0290916 0.00808413 0.00146297 0.000195161 2.30767e-05 2.49397e-06 2.13055e-07 1.28221e-08 5.17228e-10
 4.73517e-10 3.44906e-08 1.48133e-06 3.75138e-05 0.000560174 0.00493253 0.0256183 0.0785938 0.143499 0.161956 0.132621 0.112458 0.10831 0.0943003 0.0697572 0.0419086 0.0184355 0.0056193 0.00119236 0.00017861 1.88445e-05 1.40746e-06 7.73985e-08 3.27485e-09 1.04986e-10
 6.15275e-10 4.28395e-08 1.75877e-06 4.25755e-05 0.000607724 0.00511546 0.025403 0.0745928 0.131056 0.145966 0.127968 0.124 0.124901 0.10537 0.0733062 0.0405522 0.0160045 0.0042366 0.000765534 0.000100614 1.00615e-05 7.50736e-07 3.95881e-08 1.41694e-09 3.39844e-11
 8.98115e-10 5.97035e-08 2.34021e-06 5.40875e-05 0.000737117 0.00592394 0.0280884 0.0787687 0.132316 0.141621 0.121302 0.117311 0.120358 0.107271 0.0793787 0.0446671 0.0171267 0.00427539 0.000707751 8.20247e-05 6.9986e-06 4.4496e-07 2.06401e-08 6.76941e-10 1.51917e-11
 1.44056e-09 9.13275e-08 3.41398e-06 7.52502e-05 0.00097803 0.00749608 0.0338976 0.0906716 0.145367 0.148866 0.122793 0.114741 0.113439 0.0975085 0.0693936 0.0373147 0.0136327 0.003247 0.000513942 5.67313e-05 4.53133e-06 2.61879e-07 1.0709e-08 3.03554e-10 5.87563e-12
 1.94489e-09 1.17467e-07 4.18333e-06 8.78455e-05 0.00108772 0.00794293 0.0342317 0.0874021 0.134797 0.137354 0.122497 0.125628 0.125185 0.103877 0.0701439 0.0352005 0.0117426 0.00246471 0.000325078 2.80136e-05 1.69002e-06 7.61992e-08 2.60147e-09 6.46772e-11 1.11518e-12
 2.86232e-09 1.64536e-07 5.57688e-06 0.000111458 0.00131352 0.00912925 0.0374517 0.0910785 0.134182 0.132219 0.117361 0.121671 0.123689 0.106696 0.0738497 0.0366556 0.0118449 0.00240339 0.00030918 2.61896e-05 1.52853e-06 6.29943e-08 1.82169e-09 3.63712e-11 4.97737e-13
 4.9017e-09 2.67927e-07 8.63523e-06 0.000164105 0.00183896 0.0121532 0.0474054 0.109584 0.15323 0.142352 0.117465 0.113709 0.110295 0.0916562 0.0607957 0.0286713 0.00876581 0.00168251 0.000205297 1.65827e-05 9.29391e-07 3.69795e-08 1.03145e-09 1.96223e-11 2.4911e-13
 6.07661e-09 3.15566e-07 9.66292e-06 0.000174469 0.00185758 0.0116659 0.0432796 0.0955693 0.130337 0.127799 0.125944 0.136816 0.129783 0.0999478 0.0610488 0.0266834 0.00757842 0.0013442 0.000149622 1.08248e-05 5.35898e-07 1.88954e-08 4.7607e-10 8.35891e-12 9.9414e-14
 9.20349e-09 4.53742e-07 1.31902e-05 0.000226094 0.00228531 0.0136252 0.0479873 0.100585 0.130145 0.121006 0.114496 0.125193 0.12748 0.108114 0.0693655 0.0299263 0.00807604 0.00133015 0.000134333 8.54157e-06 3.58009e-07 1.04222e-08 2.17219e-10 3.21917e-12 3.30378e-14
 1.29099e-08 6.03818e-07 1.66525e-05 0.000270799 0.00259685 0.0146916 0.0491422 0.0982505 0.123657 0.119132 0.123414 0.137256 0.132422 0.10428 0.0622493 0.0251416 0.00638327 0.000993918 9.55025e-05 5.82259e-06 2.34953e-07 6.52065e-09 1.25907e-10 1.66434e-12 1.47385e-14
 2.29727e-08 1.01874e-06 2.66379e-05 0.000410707 0.00373414 0.0200276 0.0634785 0.119973 0.141182 0.122956 0.113227 0.119923 0.1175 0.0944814 0.0556405 0.0214942 0.00513152 0.000742924 6.55258e-05 3.60085e-06 1.28255e-07 3.10557e-09 5.27901e-11 6.28687e-13 5.11641e-15
 3.21862e-08 1.35258e-06 3.35158e-05 0.000489703 0.00421955 0.0214536 0.0645486 0.116575 0.134946 0.125596 0.128732 0.13481 0.118889 0.0845415 0.0449928 0.0160552 0.00358434 0.000488911 4.0929e-05 2.15441e-06 7.412e-08 1.73271e-09 2.79791e-11 3.0817e-13 2.26186e-15
 4.07051e-08 1.62035e-06 3.80329e-05 0.000526398 0.00429682 0.0207023 0.059118 0.102088 0.116565 0.115515 0.130051 0.143961 0.133704 0.098629 0.0522956 0.018069 0.00387977 0.000514249 4.28904e-05 2.33189e-06 8.56386e-08 2.15375e-09 3.65569e-11 4.08345e-13 2.9488e-15
 7.299e-08 2.75136e-06 6.11534e-05 0.000801486 0.0061949 0.0282577 0.0763293 0.124151 0.131185 0.1159 0.117993 0.127146 0.119529 0.0882138 0.0455391 0.0151191 0.00313096 0.000407443 3.43606e-05 1.95034e-06 7.61439e-08 2.02938e-09 3.60431e-11 4.17643e-13 3.11942e-15
 1.12405e-07 4.01137e-06 8.44093e-05 0.00104736 0.00766463 0.0331119 0.084833 0.131766 0.136544 0.12471 0.128761 0.128671 0.107153 0.0703616 0.0330159 0.0100937 0.00192924 0.000230671 1.77557e-05 9.19488e-07 3.32237e-08 8.4252e-10 1.46695e-11 1.70462e-13 1.29248e-15
 1.5211e-07 5.13833e-06 0.000102348 0.00120214 0.00832835 0.034076 0.0828562 0.123303 0.126881 0.122774 0.133844 0.135799 0.11347 0.0732258 0.0328551 0.00941974 0.0016644 0.000180931 1.23684e-05 5.53482e-07 1.69745e-08 3.66647e-10 5.54948e-12 5.74568e-14 3.97195e-16
 2.3847e-07 7.62482e-06 0.000143754 0.00159818 0.0104802 0.0405905 0.0934514 0.131825 0.129096 0.120093 0.127882 0.129296 0.108254 0.0685123 0.0293867 0.00793381 0.00130946 0.000132055 8.29292e-06 3.35816e-07 9.14351e-09 1.72276e-10 2.24735e-12 1.99194e-14 1.17654e-16
 3.24805e-07 9.82991e-06 0.000175417 0.00184599 0.0114603 0.0420553 0.0920834 0.125592 0.125596 0.127071 0.139368 0.134826 0.105396 0.0621543 0.0249411 0.00633306 0.000990356 9.57282e-05 5.85855e-06 2.35284e-07 6.39797e-09 1.18781e-10 1.48277e-12 1.21831e-14 6.49828e-17
 4.80159e-07 1.37552e-05 0.000232351 0.00231451 0.0136022 0.0472625 0.0980856 0.127349 0.122976 0.122845 0.135016 0.133064 0.105655 0.0613994 0.0236075 0.005664 0.000833059 7.57458e-05 4.3739e-06 1.66622e-07 4.32618e-09 7.71974e-11 9.31644e-13 7.43061e-15 3.8489e-17
 7.51414e-07 2.03776e-05 0.000325857 0.00307287 0.0170972 0.05626 0.110726 0.137089 0.128193 0.125265 0.132354 0.123612 0.0924699 0.0504956 0.0182534 0.00413295 0.000578071 5.06116e-05 2.85994e-06 1.08046e-07 2.78537e-09 4.87462e-11 5.67449e-13 4.31232e-15 2.116e-17
 9.46025e-07 2.42898e-05 0.000367749 0.00328366 0.0173057 0.0540352 0.101714 0.124386 0.124755 0.135624 0.146197 0.131379 0.0929523 0.0477611 0.0162399 0.00347044 0.000461461 3.88554e-05 2.14184e-06 7.98374e-08 2.0368e-09 3.51287e-11 4.00738e-13 2.97116e-15 1.41598e-17
 1.24202e-06 3.01961e-05 0.000432898 0.00366035 0.0182721 0.0540982 0.097028 0.115216 0.117346 0.133014 0.149052 0.139837 0.101035 0.0508565 0.0164185 0.00327027 0.000399579 3.04425e-05 1.49493e-06 4.92865e-08 1.12289e-09 1.76962e-11 1.88961e-13 1.334e-15 6.10707e-18
#spawning biomass
 26904.1 20541 16747.4 17913.5 30325.8 42286.2 52614.6 72974.6 97689.7 134031 147813 162208 212287 234447 226148 220416 250848 250585 258604 242305 231045 247880 249815 209360 210283 214360 230014 201921 166983 493012 797294 1.10505e+06 1.39184e+06 1.64527e+06 1.86136e+06 2.04114e+06 2.18817e+06 2.30703e+06 2.40241e+06 2.47863e+06 2.53944e+06 2.58801e+06 2.62364e+06 2.6299e+06 2.63598e+06 2.64188e+06 2.64759e+06 2.65313e+06 2.65851e+06 2.66372e+06 2.66878e+06 2.67368e+06 2.67843e+06 2.68304e+06 2.68751e+06 2.69184e+06 2.69605e+06 2.70012e+06 2.70408e+06 2.70791e+06 2.71163e+06 2.71523e+06 2.71873e+06 2.72211e+06 2.7254e+06 2.72859e+06 2.73168e+06 2.73468e+06 2.73758e+06 2.7404e+06 2.74314e+06 2.74579e+06 2.74836e+06 2.75085e+06 2.75327e+06 2.75561e+06 2.75788e+06 2.76009e+06 2.76223e+06 2.7643e+06 2.76631e+06 2.76826e+06 2.77015e+06 2.77198e+06 2.77376e+06 2.77548e+06 2.77715e+06 2.77878e+06 2.78035e+06 2.78187e+06 2.78335e+06 2.78478e+06 2.78617e+06 2.78752e+06 2.78883e+06 2.7901e+06 2.79133e+06 2.79252e+06 2.79367e+06 2.79479e+06 2.79588e+06 2.79694e+06 2.79796e+06 2.79895e+06 2.79991e+06 2.80084e+06 2.80175e+06 2.80262e+06 2.80347e+06 2.8043e+06 2.8051e+06 2.80587e+06 2.80662e+06 2.80735e+06 2.80806e+06 2.80875e+06 2.80941e+06 2.81006e+06 2.81068e+06 2.81129e+06 2.81187e+06 2.81244e+06 2.813e+06 2.81353e+06 2.81405e+06 2.81456e+06 2.81505e+06 2.81552e+06 0 0 0 0 0 0 0 0 0 0 0 0 0 0 0 0 0 0 0 0 0 0 0 0 0
