SBPRF35
0.0421146
Curr Bio
362026
B35
144239
F35
26.0112
FOFL
26.0112
OFL
407056
Bzero
11540.2
#pred survey bio
 10623.2 8358.9 5128.78 6167.55 9681.94 14979 23086.1 32712.4 50451.5 73852.9 91671.6 118311 169643 176854 166001 142327 150822 149485 137521 129135 159648 177476 183148 209549 221020 239622 222589 214433 208437 4.49148e+06 1.17784e+06 344683 150942 90861.3 72504.5 66994 65366.1 64891.5 64754.6 64715.5 64704.3 64701.2 64700.3 64700.1 64700 64700 64700 64700 64700 64700 64700 64700 64700 64700 64700 64700 64700 64700 64700 64700 64700 64700 64700 64700 64700 64700 64700 64700 64700 64700 64700 64700 64700 64700 64700 64700 64700 64700 64700 64700 64700 64700 64700 64700 64700 64700 64700 64700 64700 64700 64700 64700 64700 64700 64700 64700 64700 64700 64700 64700 64700 64700 64700 64700 64700 64700 64700 64700 64700 64700 64700 64700 64700 64700 64700 64700 64700 64700 64700 64700 64700 64700 64700 64700 64700 64700 64700 64700 64700 0 0 0 0 0 0 0 0 0 0 0 0 0 0 0 0 0 0 0 0 0 0 0 0 0
#obs survey bio
 7142.03 4648.47 3155.25 8169.94 12070.4 17699.1 24527.6 33326.6 50043.9 60639.1 81915.4 123927 235296 226083 147282 120584 116311 156249 111269 140075 134109 210822 212142 191485 234400 241251 261673 268065 236672
#pred catch bio
 2929.43 4414.32 2781.5 3157.44 4540.08 6441.99 12105.6 17014.8 28631.7 51532 69130 78078.7 135484 141605 150090 120901 140604 140588 134554 106596 142467 174024 166447 201588 196835 233407 224464 219220 226423 407056 6595 5310.42 5310.42 5310.42 5310.42 5310.42 5310.42 5310.42 5310.42 5310.42 5310.42 5310.42 5310.42 5310.42 5310.42 5310.42 5310.42 5310.42 5310.42 5310.42 5310.42 5310.42 5310.42 5310.42 5310.42 5310.42 5310.42 5310.42 5310.42 5310.42 5310.42 5310.42 5310.42 5310.42 5310.42 5310.42 5310.42 5310.42 5310.42 5310.42 5310.42 5310.42 5310.42 5310.42 5310.42 5310.42 5310.42 5310.42 5310.42 5310.42 5310.42 5310.42 5310.42 5310.42 5310.42 5310.42 5310.42 5310.42 5310.42 5310.42 5310.42 5310.42 5310.42 5310.42 5310.42 5310.42 5310.42 5310.42 5310.42 5310.42 5310.42 5310.42 5310.42 5310.42 5310.42 5310.42 5310.42 5310.42 5310.42 5310.42 5310.42 5310.42 5310.42 5310.42 5310.42 5310.42 5310.42 5310.42 5310.42 5310.42 5310.42 5310.42 5310.42 5310.42 5310.42 5310.42 5310.42 5310.42 5310.42 0 0 0 0 0 0 0 0 0 0 0 0 0 0 0 0 0 0 0 0 0 0 0 0 0
#obs catch bio
 4621.65 5237.79 3367.32 3144.47 4405.03 6217.18 11522.4 16439.9 27737.9 50939.5 67294.7 76616.2 127754 138486 155849 116195 151956 138006 143232 102413 141806 166915 157545 194008 181112 219854 206579 202997 227201
#pred cpue bio
 10756 8986.24 5236.83 5755.61 9418.24 14419 22542 31574.8 48203.7 71400.2 88885 111808 163427 175837 164949 139651 144743 145013 134601 122822 152620 169916 173521 200004 210236 232528 214446 203707 199320 4.20859e+06 1.42455e+06 343802 143731 83446 65082.7 59572 57944.1 57469.5 57332.6 57293.5 57282.4 57279.2 57278.3 57278.1 57278 57278 57278 57278 57278 57278 57278 57278 57278 57278 57278 57278 57278 57278 57278 57278 57278 57278 57278 57278 57278 57278 57278 57278 57278 57278 57278 57278 57278 57278 57278 57278 57278 57278 57278 57278 57278 57278 57278 57278 57278 57278 57278 57278 57278 57278 57278 57278 57278 57278 57278 57278 57278 57278 57278 57278 57278 57278 57278 57278 57278 57278 57278 57278 57278 57278 57278 57278 57278 57278 57278 57278 57278 57278 57278 57278 57278 57278 57278 57278 57278 57278 57278 57278 57278 0 0 0 0 0 0 0 0 0 0 0 0 0 0 0 0 0 0 0 0 0 0 0 0 0
#obs cpue bio
 9871.66 6635.3 4396.35 7626.37 8906.88 13493.6 30279.8 29861.1 50724.8 96556.2 114071 100665 195437 111780 182064 183367 122896 172681 121583 146867 169437 211179 165420 270672 283843 282440 283395 198968 156260
#pred surv len freq
 1.34783e-11 1.46358e-09 9.37e-08 3.53671e-06 7.87045e-05 0.00103264 0.00798892 0.0364612 0.0984166 0.1591 0.163466 0.131932 0.114068 0.0977698 0.0683695 0.0424925 0.0266475 0.016789 0.0107927 0.00731084 0.00532813 0.00424515 0.0035309 0.00265201 0.00152453
 1.05503e-11 1.14563e-09 7.33444e-08 2.76839e-06 6.16069e-05 0.000808333 0.00625444 0.0285648 0.0773726 0.12726 0.140956 0.139913 0.150367 0.137248 0.0904605 0.0478776 0.0245464 0.0126694 0.00656145 0.00354962 0.00207751 0.00136287 0.000990055 0.000699028 0.000397367
 1.41288e-11 1.53422e-09 9.82224e-08 3.70741e-06 8.25032e-05 0.00108248 0.0083746 0.0382233 0.103198 0.167031 0.172549 0.141571 0.124456 0.105275 0.0687451 0.0366006 0.0182186 0.00836739 0.0035023 0.00144584 0.000629749 0.000306511 0.000174095 0.000106477 5.70537e-05
 1.83007e-11 1.98724e-09 1.27225e-07 4.8021e-06 0.000106864 0.00140208 0.0108463 0.0494844 0.133324 0.213551 0.210108 0.145463 0.0969622 0.068767 0.0400369 0.0179134 0.00726751 0.00296137 0.00115787 0.00042074 0.00014286 4.85565e-05 1.86434e-05 8.49232e-06 3.91685e-06
 1.69578e-11 1.84141e-09 1.17889e-07 4.44972e-06 9.9022e-05 0.00129921 0.0100508 0.0458621 0.123662 0.19887 0.199414 0.148062 0.111752 0.0847223 0.0482857 0.0191469 0.00609192 0.00187126 0.000569151 0.000168999 4.90391e-05 1.34821e-05 3.57417e-06 1.02554e-06 3.36998e-07
 1.72692e-11 1.87523e-09 1.20054e-07 4.53145e-06 0.000100841 0.00132307 0.0102353 0.0467017 0.125897 0.202223 0.201648 0.146788 0.107325 0.0804577 0.0468885 0.0200187 0.00720552 0.0023526 0.000644097 0.000147543 3.1287e-05 6.52434e-06 1.32563e-06 2.60395e-07 5.25019e-08
 1.67184e-11 1.81542e-09 1.16225e-07 4.3869e-06 9.76241e-05 0.00128086 0.00990892 0.0452152 0.121925 0.19613 0.196927 0.146929 0.111957 0.0859568 0.0504404 0.0216233 0.00788898 0.00267941 0.000790725 0.000195531 4.04691e-05 6.94421e-06 1.02647e-06 1.40465e-07 1.85156e-08
 1.71904e-11 1.86667e-09 1.19506e-07 4.51075e-06 0.00010038 0.00131702 0.0101886 0.0464891 0.125331 0.201375 0.20109 0.14713 0.108469 0.0815295 0.04718 0.0197262 0.0069119 0.0022752 0.000668226 0.000169323 3.69721e-05 6.707e-06 9.76185e-07 1.13122e-07 1.07359e-08
 1.75773e-11 1.90869e-09 1.22196e-07 4.61228e-06 0.00010264 0.00134667 0.0104178 0.0475334 0.128122 0.205666 0.204461 0.147179 0.105437 0.0777986 0.0445861 0.0183609 0.00625531 0.00199047 0.000564152 0.000137879 2.95042e-05 5.40581e-06 8.16111e-07 9.79128e-08 9.03582e-09
 1.71847e-11 1.86605e-09 1.19466e-07 4.50925e-06 0.000100347 0.00131659 0.0101852 0.0464742 0.125297 0.20137 0.201316 0.147888 0.109674 0.0823673 0.0469283 0.0187081 0.00597235 0.00177631 0.000480837 0.000113073 2.32485e-05 4.1042e-06 6.05026e-07 7.25986e-08 6.84033e-09
 1.71221e-11 1.85925e-09 1.19031e-07 4.49282e-06 9.99812e-05 0.00131179 0.0101481 0.0463057 0.124852 0.200726 0.201011 0.148542 0.111175 0.0836471 0.0470813 0.0180109 0.00525099 0.00139555 0.000345039 7.502e-05 1.43871e-05 2.40482e-06 3.38867e-07 3.91401e-08 3.59594e-09
 1.80382e-11 1.95873e-09 1.254e-07 4.73322e-06 0.000105331 0.00138197 0.0106909 0.0487779 0.131456 0.210851 0.208825 0.148199 0.103291 0.074324 0.0410847 0.0153806 0.00427552 0.00105567 0.000240097 4.71284e-05 8.05226e-06 1.21355e-06 1.5717e-07 1.69771e-08 1.48046e-09
 1.7363e-11 1.88541e-09 1.20706e-07 4.55604e-06 0.000101388 0.00133025 0.0102909 0.0469559 0.126589 0.20339 0.203072 0.148468 0.10913 0.0812254 0.0455248 0.0173206 0.00497211 0.00127115 0.000289803 5.45542e-05 8.60691e-06 1.16921e-06 1.34743e-07 1.29757e-08 1.02609e-09
 1.61997e-11 1.75909e-09 1.12619e-07 4.25079e-06 9.45953e-05 0.00124113 0.0096017 0.0438174 0.118211 0.1906 0.193459 0.149755 0.120436 0.0939164 0.0527648 0.019453 0.00515056 0.00118375 0.000254759 4.79514e-05 7.67751e-06 1.03014e-06 1.12263e-07 9.85011e-09 6.95257e-10
 1.61976e-11 1.75887e-09 1.12604e-07 4.25025e-06 9.45833e-05 0.00124097 0.00960047 0.0438116 0.118193 0.190553 0.193327 0.149442 0.119979 0.0936357 0.0529433 0.0199284 0.00554152 0.00135126 0.000293708 5.22962e-05 7.71007e-06 9.80273e-07 1.05289e-07 9.15349e-09 6.22855e-10
 1.67382e-11 1.81757e-09 1.16362e-07 4.3921e-06 9.77399e-05 0.00128239 0.00992075 0.0452706 0.122094 0.196557 0.19808 0.14963 0.115916 0.0885061 0.0491933 0.017787 0.00448292 0.000949049 0.000189454 3.3708e-05 5.11135e-06 6.47098e-07 6.61228e-08 5.40367e-09 3.52731e-10
 1.75347e-11 1.90406e-09 1.219e-07 4.6011e-06 0.000102391 0.0013434 0.0103926 0.0474195 0.127831 0.205324 0.20471 0.148881 0.108377 0.0799516 0.0441817 0.0161421 0.004195 0.000924455 0.000184173 3.04899e-05 4.14296e-06 4.85395e-07 4.86455e-08 3.97211e-09 2.53542e-10
 1.71811e-11 1.86566e-09 1.19441e-07 4.5083e-06 0.000100326 0.00131631 0.0101831 0.0464657 0.125287 0.201459 0.201894 0.149566 0.11226 0.0840967 0.0462384 0.01636 0.0038844 0.000732386 0.000128591 2.05115e-05 2.79891e-06 3.21205e-07 3.00377e-08 2.25203e-09 1.35595e-10
 1.68518e-11 1.8299e-09 1.17152e-07 4.4219e-06 9.84031e-05 0.00129109 0.00998803 0.0455772 0.122914 0.197829 0.199128 0.149806 0.115271 0.0875701 0.0483557 0.0171524 0.00408912 0.000771586 0.000131969 1.9446e-05 2.3375e-06 2.38686e-07 2.10314e-08 1.53389e-09 8.85861e-11
 1.78728e-11 1.94077e-09 1.2425e-07 4.68981e-06 0.000104365 0.0013693 0.0105929 0.0483321 0.130271 0.209085 0.207711 0.149079 0.105957 0.0768236 0.0418023 0.0146906 0.00343348 0.000623401 0.000102576 1.48243e-05 1.75565e-06 1.72089e-07 1.39235e-08 9.07734e-10 4.75333e-11
 1.76768e-11 1.91949e-09 1.22888e-07 4.63839e-06 0.000103221 0.00135429 0.0104768 0.0478031 0.128856 0.206899 0.205943 0.148886 0.107241 0.0785626 0.0432251 0.0156514 0.0039718 0.000837347 0.000157392 2.38859e-05 2.79862e-06 2.65878e-07 2.09061e-08 1.3199e-09 6.53204e-11
 1.76382e-11 1.9153e-09 1.22619e-07 4.62827e-06 0.000102995 0.00135134 0.010454 0.0476992 0.12858 0.206489 0.205689 0.149106 0.107884 0.0791532 0.0433717 0.0154569 0.00375848 0.000740741 0.000134723 2.1414e-05 2.80589e-06 2.99707e-07 2.5088e-08 1.59344e-09 7.7104e-11
 1.80058e-11 1.95521e-09 1.25175e-07 4.72472e-06 0.000105142 0.00137949 0.0106717 0.048691 0.13123 0.210556 0.208849 0.149038 0.104827 0.0754764 0.0409209 0.0142892 0.00328042 0.000574191 9.12038e-05 1.31507e-05 1.61361e-06 1.68725e-07 1.47582e-08 1.02664e-09 5.44076e-11
 1.77497e-11 1.9274e-09 1.23394e-07 4.65751e-06 0.000103646 0.00135987 0.01052 0.0479998 0.129384 0.207723 0.206653 0.149102 0.106983 0.0780576 0.0426263 0.0150837 0.00359222 0.000675464 0.000114064 1.62578e-05 1.8267e-06 1.68465e-07 1.32342e-08 8.66021e-10 4.56049e-11
 1.78716e-11 1.94064e-09 1.24242e-07 4.68951e-06 0.000104358 0.00136921 0.0105922 0.0483289 0.130263 0.209075 0.207713 0.149113 0.106018 0.0768684 0.0417935 0.0146447 0.00339296 0.000604851 9.75253e-05 1.39248e-05 1.63359e-06 1.57052e-07 1.2184e-08 7.37967e-10 3.48897e-11
 1.71629e-11 1.86369e-09 1.19315e-07 4.50355e-06 0.00010022 0.00131492 0.0101724 0.0464167 0.125156 0.201252 0.20171 0.149491 0.112291 0.0842047 0.0464063 0.0165407 0.00400521 0.000777359 0.000135669 1.97768e-05 2.26087e-06 2.10376e-07 1.62676e-08 1.00976e-09 4.85736e-11
 1.74326e-11 1.89297e-09 1.21189e-07 4.5743e-06 0.000101794 0.00133558 0.0103321 0.0471443 0.1271 0.204236 0.204029 0.149445 0.110053 0.0815084 0.044601 0.0156737 0.00365062 0.00065849 0.000108045 1.57625e-05 1.90304e-06 1.88865e-07 1.50355e-08 9.25477e-10 4.37822e-11
 1.79199e-11 1.94588e-09 1.24577e-07 4.70216e-06 0.00010464 0.00137291 0.0106208 0.0484591 0.130612 0.209613 0.208146 0.149152 0.105691 0.0764335 0.0414484 0.0144206 0.0032698 0.000555241 8.4072e-05 1.14091e-05 1.28628e-06 1.21219e-07 9.5993e-09 6.13282e-10 3.03649e-11
 1.77014e-11 1.92216e-09 1.23059e-07 4.64485e-06 0.000103364 0.00135618 0.0104914 0.0478699 0.129039 0.207211 0.206339 0.149388 0.107804 0.0788106 0.0428118 0.0148311 0.00331098 0.00054138 7.75751e-05 9.97115e-06 1.0562e-06 9.19781e-08 6.7167e-09 4.01175e-10 1.90863e-11
#obs surv len freq
 1.15006e-11 1.24883e-09 7.99512e-08 3.01777e-06 6.71564e-05 0.000881137 0.00681737 0.0311268 0.0841888 0.137486 0.147799 0.136333 0.138131 0.126778 0.0884999 0.0510148 0.0275234 0.0138364 0.00618783 0.00237362 0.000741038 0.00017715 3.06996e-05 3.69245e-06 2.97939e-07
 6.01522e-12 6.53182e-10 4.18173e-08 1.5784e-06 3.51259e-05 0.000460915 0.00356767 0.0163248 0.0446311 0.0766503 0.0995322 0.13321 0.176228 0.176365 0.127628 0.0755136 0.0400874 0.0187174 0.00753426 0.00259371 0.000732196 0.000159404 2.52463e-05 2.7715e-06 2.03207e-07
 1.79799e-11 1.95241e-09 1.24995e-07 4.71793e-06 0.000104991 0.0013775 0.0106561 0.0486128 0.130919 0.209199 0.2033 0.133873 0.0815887 0.0604416 0.0476317 0.0346777 0.0213314 0.0104658 0.00410962 0.00130443 0.000329016 6.36068e-05 9.00149e-06 8.89698e-07 5.90167e-08
 1.63154e-11 1.77166e-09 1.13423e-07 4.28116e-06 9.52715e-05 0.00125001 0.00967072 0.0441381 0.119132 0.192379 0.195906 0.151379 0.118517 0.0888808 0.0490393 0.0190706 0.00651389 0.00255919 0.00102909 0.000336659 8.20969e-05 1.45589e-05 1.84011e-06 1.61341e-07 9.52521e-09
 1.61778e-11 1.75672e-09 1.12467e-07 4.24507e-06 9.44683e-05 0.00123948 0.00958941 0.0437703 0.118174 0.191037 0.195191 0.151792 0.119252 0.0897571 0.0506792 0.020518 0.00655931 0.00179005 0.000430182 9.74677e-05 2.04823e-05 3.44067e-06 4.10507e-07 3.30563e-08 1.75633e-09
 1.66466e-11 1.80762e-09 1.15725e-07 4.36806e-06 9.72054e-05 0.00127539 0.0098673 0.0450388 0.121591 0.196434 0.199862 0.152625 0.115633 0.0843269 0.0466604 0.0186516 0.00592518 0.00159109 0.0003474 5.97606e-05 8.30498e-06 9.64216e-07 9.12399e-08 6.45614e-09 3.1351e-10
 1.59362e-11 1.73049e-09 1.10787e-07 4.18168e-06 9.3058e-05 0.00122099 0.00944694 0.0431305 0.116561 0.189131 0.195637 0.156136 0.124228 0.0910461 0.0486451 0.0180578 0.0051317 0.00123572 0.000250042 4.0153e-05 4.93677e-06 4.54423e-07 3.09679e-08 1.56043e-09 5.74653e-11
 1.6993e-11 1.84524e-09 1.18134e-07 4.45898e-06 9.9229e-05 0.00130196 0.0100732 0.0459846 0.1242 0.200912 0.204893 0.15593 0.114912 0.0798068 0.0414756 0.0150951 0.00416516 0.000945529 0.000174179 2.49096e-05 2.72038e-06 2.23022e-07 1.32795e-08 5.55847e-10 1.6007e-11
 1.56569e-11 1.70016e-09 1.08846e-07 4.1084e-06 9.14276e-05 0.00119963 0.00928242 0.0423936 0.114717 0.187011 0.19628 0.16106 0.12947 0.0920569 0.0463078 0.0155326 0.00373564 0.000723802 0.000117543 1.52585e-05 1.51038e-06 1.10564e-07 5.81486e-09 2.1395e-10 5.382e-12
 1.66178e-11 1.8045e-09 1.15526e-07 4.36054e-06 9.70387e-05 0.00127325 0.00985191 0.04499 0.121675 0.197776 0.204824 0.161028 0.121066 0.0817426 0.0395863 0.0126887 0.00283177 0.000488016 6.82782e-05 7.50741e-06 6.26916e-07 3.9251e-08 1.80246e-09 5.8609e-11 1.30506e-12
 1.58652e-11 1.72277e-09 1.10294e-07 4.16305e-06 9.26445e-05 0.00121562 0.00940689 0.0429738 0.116392 0.19024 0.200714 0.164676 0.129037 0.0875766 0.041595 0.0128721 0.00271315 0.000429798 5.43335e-05 5.33585e-06 3.89629e-07 2.08045e-08 8.0343e-10 2.19906e-11 4.16667e-13
 1.70347e-11 1.84977e-09 1.18424e-07 4.46994e-06 9.94739e-05 0.00130522 0.0100999 0.0461316 0.124833 0.203166 0.210526 0.163665 0.118225 0.0753941 0.0342384 0.0100573 0.00195061 0.000272562 2.98481e-05 2.56978e-06 1.65981e-07 7.80204e-09 2.62745e-10 6.21224e-12 1.00749e-13
 1.57138e-11 1.70633e-09 1.09241e-07 4.12333e-06 9.17615e-05 0.00120408 0.00931882 0.0425915 0.115541 0.189794 0.202774 0.169075 0.131498 0.0859245 0.0386645 0.0111169 0.00209148 0.000278955 2.84753e-05 2.23019e-06 1.28027e-07 5.24386e-09 1.52508e-10 3.12041e-12 4.39977e-14
 1.24959e-11 1.35691e-09 8.68709e-08 3.279e-06 7.29739e-05 0.000957675 0.00741566 0.0339613 0.0928426 0.156874 0.182897 0.180912 0.163441 0.112562 0.0506688 0.0143573 0.00265227 0.000345804 3.41546e-05 2.55334e-06 1.37882e-07 5.21997e-09 1.37555e-10 2.5043e-12 3.09981e-14
 1.59213e-11 1.72887e-09 1.10684e-07 4.17781e-06 9.29748e-05 0.00122004 0.00944362 0.0431793 0.117272 0.193176 0.207147 0.171606 0.129241 0.0807629 0.0349565 0.00979803 0.00182963 0.000244928 2.47016e-05 1.83984e-06 9.66188e-08 3.49707e-09 8.69634e-11 1.47703e-12 1.68713e-14
 1.38289e-11 1.50166e-09 9.61381e-08 3.62881e-06 8.07597e-05 0.00105988 0.00820745 0.037587 0.102673 0.172513 0.196066 0.181452 0.150395 0.0963705 0.0407573 0.0107874 0.00181881 0.000208686 1.77474e-05 1.16422e-06 5.72115e-08 2.01134e-09 4.90325e-11 8.0968e-13 8.86553e-15
 1.61506e-11 1.75377e-09 1.12278e-07 4.23802e-06 9.43163e-05 0.00123771 0.00958196 0.0438335 0.119211 0.196975 0.212007 0.174337 0.126804 0.0752677 0.0308702 0.00816695 0.00141982 0.000172621 1.54249e-05 1.00361e-06 4.56001e-08 1.4135e-09 2.99706e-11 4.37487e-13 4.36295e-15
 1.34587e-11 1.46146e-09 9.35647e-08 3.53171e-06 7.86018e-05 0.00103169 0.00799241 0.036649 0.100493 0.170581 0.197843 0.18634 0.152759 0.094894 0.0390416 0.0102675 0.00178493 0.00021919 1.99052e-05 1.31967e-06 6.12992e-08 1.94041e-09 4.13365e-11 5.86046e-13 5.45263e-15
 1.49212e-11 1.62027e-09 1.03732e-07 3.91548e-06 8.71423e-05 0.00114374 0.00885899 0.0405931 0.110976 0.186235 0.208356 0.182231 0.137815 0.0812091 0.0324417 0.00840088 0.00145306 0.000178474 1.61497e-05 1.05864e-06 4.84492e-08 1.51336e-09 3.19184e-11 4.4908e-13 4.14593e-15
 1.56905e-11 1.70381e-09 1.0908e-07 4.11736e-06 9.16359e-05 0.00120273 0.00931584 0.0426808 0.116583 0.194841 0.214649 0.180714 0.129779 0.0732594 0.0283587 0.00715509 0.00120686 0.000144273 1.26866e-05 8.09598e-07 3.61995e-08 1.10672e-09 2.28095e-11 3.12444e-13 2.79901e-15
 1.46921e-11 1.5954e-09 1.0214e-07 3.85546e-06 8.5811e-05 0.00112645 0.00872922 0.0400534 0.109909 0.186106 0.211518 0.186867 0.138765 0.0784029 0.0297896 0.00730798 0.00118831 0.000135615 1.13135e-05 6.8512e-07 2.91658e-08 8.51242e-10 1.67762e-11 2.20022e-13 1.889e-15
 1.65107e-11 1.79288e-09 1.14783e-07 4.33266e-06 9.64302e-05 0.00126575 0.00980556 0.0449388 0.122784 0.204854 0.222969 0.18032 0.120697 0.0632045 0.022808 0.00533915 0.000819977 8.68865e-05 6.65459e-06 3.70256e-07 1.45629e-08 3.94194e-10 7.2214e-12 8.82754e-14 7.08775e-16
 1.51802e-11 1.6484e-09 1.05534e-07 3.98364e-06 8.86688e-05 0.00116414 0.0090246 0.0414455 0.113931 0.193312 0.218868 0.188437 0.132551 0.0700326 0.0247221 0.00554212 0.000795716 7.65523e-05 5.20853e-06 2.56863e-07 9.03831e-09 2.20557e-10 3.65663e-12 4.05868e-14 2.97134e-16
 1.59087e-11 1.72751e-09 1.10599e-07 4.17487e-06 9.29259e-05 0.00122004 0.00945778 0.0434243 0.119217 0.201204 0.223899 0.18561 0.124476 0.0634847 0.0220882 0.00499742 0.000744166 7.5805e-05 5.42243e-06 2.7012e-07 9.12581e-09 2.0525e-10 3.05872e-12 3.01965e-14 1.96557e-16
 1.5307e-11 1.66218e-09 1.06417e-07 4.01711e-06 8.94214e-05 0.00117428 0.00910846 0.0418885 0.115494 0.196958 0.223731 0.190287 0.128983 0.0649099 0.0219005 0.00473872 0.0006647 6.30521e-05 4.21849e-06 2.0108e-07 6.67818e-09 1.50059e-10 2.23167e-12 2.16202e-14 1.34656e-16
 1.36465e-11 1.48188e-09 9.4876e-08 3.58167e-06 7.97423e-05 0.0010477 0.00813805 0.0375724 0.104692 0.183265 0.219483 0.200336 0.142676 0.0726208 0.0242041 0.00511842 0.000696308 6.33571e-05 4.00512e-06 1.77828e-07 5.45539e-09 1.13126e-10 1.56252e-12 1.4227e-14 8.44036e-17
 1.64289e-11 1.78401e-09 1.14218e-07 4.31169e-06 9.59834e-05 0.00126057 0.00977915 0.0449717 0.12383 0.209685 0.232324 0.186424 0.116307 0.0541176 0.0171549 0.00352801 0.000471945 4.23523e-05 2.62518e-06 1.12841e-07 3.30273e-09 6.44756e-11 8.28845e-13 6.96213e-15 3.79081e-17
 1.42497e-11 1.54739e-09 9.90728e-08 3.74032e-06 8.32863e-05 0.00109462 0.00850848 0.0393347 0.109796 0.192112 0.227279 0.199798 0.13395 0.0637524 0.0198568 0.00390314 0.000486599 3.97153e-05 2.20976e-06 8.58893e-08 2.32031e-09 4.25936e-11 5.19478e-13 4.13892e-15 2.12565e-17
 1.27611e-11 1.38577e-09 8.87292e-08 3.35023e-06 7.46243e-05 0.0009816 0.00764654 0.035544 0.100535 0.181032 0.224994 0.209009 0.144807 0.069279 0.0213843 0.00415342 0.000512379 4.13283e-05 2.24738e-06 8.3471e-08 2.09848e-09 3.50936e-11 3.85486e-13 2.76322e-15 1.28553e-17
#pred catch len freq
 1.14015e-11 1.23806e-09 7.9262e-08 2.99175e-06 6.65773e-05 0.000873538 0.00675855 0.0308574 0.0834496 0.136186 0.145929 0.133195 0.132673 0.119358 0.0816784 0.0476803 0.0282011 0.0172625 0.0109696 0.00739831 0.00538449 0.00428854 0.00356674 0.00267889 0.00153998
 9.43465e-12 1.02449e-09 6.55888e-08 2.47565e-06 5.50926e-05 0.000722871 0.00559358 0.0255558 0.0693491 0.115083 0.132162 0.142324 0.163056 0.150844 0.0973965 0.048783 0.0234094 0.0116187 0.00592033 0.00318227 0.0018584 0.0012184 0.000884986 0.000624831 0.000355188
 1.30906e-11 1.42148e-09 9.10047e-08 3.43497e-06 7.64406e-05 0.00100295 0.00775955 0.0354226 0.0957258 0.155658 0.164172 0.143278 0.135416 0.11724 0.0751211 0.0378673 0.0177058 0.00784054 0.00322783 0.00132162 0.000573603 0.000278862 0.000158346 9.68403e-05 5.18897e-05
 1.73439e-11 1.88335e-09 1.20574e-07 4.55105e-06 0.000101277 0.00132879 0.0102795 0.0469031 0.126432 0.203024 0.20217 0.146434 0.106133 0.0791379 0.046071 0.0198285 0.00752234 0.0029078 0.00111034 0.000399701 0.000135191 4.58792e-05 1.76059e-05 8.01867e-06 3.69832e-06
 1.56114e-11 1.69521e-09 1.08529e-07 4.09642e-06 9.11601e-05 0.00119606 0.00925315 0.0422294 0.113963 0.184047 0.188195 0.149297 0.124454 0.0991677 0.0568013 0.0219977 0.00661406 0.00190371 0.000557674 0.000163015 4.70046e-05 1.28931e-05 3.41542e-06 9.7975e-07 3.21932e-07
 1.58284e-11 1.71878e-09 1.10038e-07 4.15338e-06 9.24275e-05 0.00121269 0.0093817 0.0428143 0.115517 0.186356 0.189622 0.14805 0.120826 0.0958547 0.0560238 0.0231502 0.0078378 0.00242614 0.000646784 0.00014624 3.07621e-05 6.38817e-06 1.29595e-06 2.54444e-07 5.12952e-08
 1.56172e-11 1.69584e-09 1.08569e-07 4.09795e-06 9.11941e-05 0.00119651 0.00925657 0.0422443 0.113994 0.184018 0.187802 0.148076 0.122555 0.0979098 0.0573468 0.0237615 0.00814379 0.00261941 0.000752511 0.00018383 3.78064e-05 6.46652e-06 9.5436e-07 1.305e-07 1.71968e-08
 1.61062e-11 1.74894e-09 1.11969e-07 4.22625e-06 9.40493e-05 0.00123397 0.00954625 0.043564 0.117522 0.189446 0.19209 0.148218 0.11884 0.0932566 0.0539972 0.0218893 0.00721463 0.00224242 0.000639464 0.00015992 3.46913e-05 6.27403e-06 9.11957e-07 1.05616e-07 1.00207e-08
 1.67214e-11 1.81575e-09 1.16246e-07 4.3877e-06 9.76419e-05 0.0012811 0.00991075 0.0452243 0.121958 0.196254 0.197381 0.148107 0.11373 0.0871253 0.0499364 0.0199694 0.00640795 0.00192303 0.000528434 0.000127366 2.70624e-05 4.94173e-06 7.4499e-07 8.93274e-08 8.24145e-09
 1.68339e-11 1.82796e-09 1.17028e-07 4.41722e-06 9.82988e-05 0.00128972 0.00997741 0.0455281 0.122773 0.197531 0.1985 0.148503 0.113429 0.0864245 0.0490183 0.0190351 0.00574267 0.00160508 0.000419393 9.70969e-05 1.9812e-05 3.48483e-06 5.12917e-07 6.1506e-08 5.79359e-09
 1.69921e-11 1.84513e-09 1.18127e-07 4.45871e-06 9.92222e-05 0.00130183 0.0100711 0.0459552 0.123918 0.199316 0.200026 0.148932 0.112812 0.0853111 0.0477821 0.0179005 0.00496504 0.0012363 0.000292955 6.2498e-05 1.18789e-05 1.97707e-06 2.78082e-07 3.20952e-08 2.94779e-09
 1.75513e-11 1.90586e-09 1.22015e-07 4.60545e-06 0.000102488 0.00134467 0.0104024 0.0474642 0.12795 0.205499 0.204812 0.148767 0.108068 0.0796672 0.0441056 0.0162345 0.00431331 0.000998081 0.000216795 4.16627e-05 7.0457e-06 1.05623e-06 1.36471e-07 1.4727e-08 1.28375e-09
 1.7418e-11 1.89139e-09 1.21089e-07 4.57049e-06 0.00010171 0.00133447 0.0103235 0.0471046 0.126988 0.204018 0.203635 0.148707 0.109049 0.0809201 0.0450409 0.0167864 0.00459125 0.00110124 0.000240701 4.44514e-05 6.94373e-06 9.37909e-07 1.07785e-07 1.0367e-08 8.19379e-10
 1.62568e-11 1.7653e-09 1.13016e-07 4.26579e-06 9.4929e-05 0.00124551 0.00963555 0.0439717 0.118625 0.191247 0.194023 0.149945 0.120265 0.0935432 0.0522909 0.0189828 0.00482684 0.00103986 0.000212629 3.90658e-05 6.18669e-06 8.25566e-07 8.97348e-08 7.864e-09 5.54751e-10
 1.67437e-11 1.81817e-09 1.16401e-07 4.39355e-06 9.77721e-05 0.00128281 0.009924 0.0452853 0.122131 0.196596 0.198022 0.149339 0.115431 0.0881698 0.0493026 0.018197 0.00483491 0.00110608 0.000229903 4.01027e-05 5.85007e-06 7.39071e-07 7.91276e-08 6.86959e-09 4.67172e-10
 1.69985e-11 1.84584e-09 1.18172e-07 4.46041e-06 9.926e-05 0.00130233 0.010075 0.0459731 0.123971 0.199439 0.200325 0.1496 0.113778 0.0859204 0.0474501 0.0169347 0.00412178 0.000819645 0.000154639 2.67462e-05 4.00577e-06 5.04076e-07 5.13599e-08 4.19152e-09 2.73425e-10
 1.80984e-11 1.96527e-09 1.25818e-07 4.749e-06 0.000105682 0.00138658 0.0107265 0.0489405 0.131894 0.211551 0.209505 0.148635 0.103471 0.0741715 0.0404893 0.014557 0.00363971 0.000753281 0.000142576 2.30254e-05 3.0912e-06 3.59554e-07 3.5896e-08 2.9262e-09 1.86652e-10
 1.77912e-11 1.93191e-09 1.23683e-07 4.6684e-06 0.000103888 0.00136305 0.0105446 0.0481119 0.129684 0.20819 0.207044 0.14919 0.106782 0.0777325 0.0422957 0.0148056 0.00342024 0.000609299 0.000100522 1.54781e-05 2.0799e-06 2.36935e-07 2.20776e-08 1.65244e-09 9.94115e-11
 1.76449e-11 1.91602e-09 1.22666e-07 4.63001e-06 0.000103034 0.00135184 0.0104579 0.0477172 0.12863 0.206577 0.205814 0.149293 0.108115 0.079273 0.04324 0.0151646 0.00351551 0.000627032 0.000100995 1.43887e-05 1.70328e-06 1.72419e-07 1.51178e-08 1.10011e-09 6.3474e-11
 1.79983e-11 1.9544e-09 1.25123e-07 4.72275e-06 0.000105098 0.00137892 0.0106673 0.0486708 0.131177 0.210475 0.208796 0.14907 0.104934 0.0755812 0.0409572 0.0142701 0.0032528 0.000559663 8.65461e-05 1.20564e-05 1.40459e-06 1.36487e-07 1.09895e-08 7.14745e-10 3.73848e-11
 1.80753e-11 1.96276e-09 1.25658e-07 4.74296e-06 0.000105548 0.00138482 0.0107129 0.0488784 0.131729 0.211303 0.209342 0.148736 0.10381 0.0744995 0.0406011 0.0144933 0.00354877 0.000703809 0.000125496 1.85587e-05 2.14824e-06 2.02487e-07 1.58418e-08 9.9761e-10 4.93117e-11
 1.83644e-11 1.99415e-09 1.27668e-07 4.81881e-06 0.000107236 0.00140696 0.0108841 0.0496585 0.133813 0.2145 0.211817 0.148655 0.101361 0.0715761 0.0386799 0.0136101 0.00320926 0.000596217 0.000102219 1.57423e-05 2.03401e-06 2.1569e-07 1.79872e-08 1.14034e-09 5.51257e-11
 1.84335e-11 2.00166e-09 1.28148e-07 4.83695e-06 0.000107639 0.00141226 0.0109251 0.0498451 0.134313 0.215274 0.212457 0.148767 0.100975 0.0710071 0.0381598 0.0132098 0.00296453 0.000493004 7.34479e-05 1.0171e-05 1.22564e-06 1.27019e-07 1.10596e-08 7.67761e-10 4.06512e-11
 1.83945e-11 1.99743e-09 1.27877e-07 4.82672e-06 0.000107412 0.00140927 0.010902 0.0497398 0.134031 0.214837 0.212092 0.148692 0.101176 0.0713186 0.0384625 0.0134557 0.00311637 0.000554103 8.81668e-05 1.21561e-05 1.34556e-06 1.22999e-07 9.60868e-09 6.27005e-10 3.29775e-11
 1.82413e-11 1.98079e-09 1.26812e-07 4.78651e-06 0.000106517 0.00139753 0.0108112 0.0493265 0.132928 0.213155 0.210839 0.148898 0.10272 0.073025 0.0393968 0.0136821 0.00309493 0.000523502 7.92662e-05 1.08928e-05 1.25632e-06 1.19729e-07 9.24385e-09 5.58542e-10 2.6375e-11
 1.79109e-11 1.94491e-09 1.24515e-07 4.6998e-06 0.000104587 0.00137222 0.0106155 0.0484348 0.130546 0.209503 0.208022 0.149027 0.105573 0.0763999 0.0415716 0.0146359 0.00343908 0.000630026 0.000103771 1.46642e-05 1.65298e-06 1.52518e-07 1.17316e-08 7.26259e-10 3.48932e-11
 1.82785e-11 1.98483e-09 1.27071e-07 4.79628e-06 0.000106734 0.00140039 0.0108333 0.0494269 0.133196 0.213564 0.211145 0.148853 0.102352 0.072615 0.0391663 0.0136187 0.00309388 0.000529005 8.152e-05 1.1454e-05 1.36e-06 1.33835e-07 1.06064e-08 6.51406e-10 3.07823e-11
 1.87537e-11 2.03643e-09 1.30374e-07 4.92096e-06 0.000109509 0.00143679 0.0111148 0.0507089 0.13662 0.218804 0.215147 0.148536 0.0980502 0.0676351 0.0361075 0.0124433 0.00276232 0.000446829 6.34637e-05 8.25608e-06 9.13158e-07 8.52227e-08 6.71234e-09 4.27722e-10 2.11528e-11
 1.87824e-11 2.03955e-09 1.30574e-07 4.9285e-06 0.000109677 0.00143899 0.0111318 0.0507865 0.136827 0.219124 0.215402 0.148552 0.0978426 0.0673679 0.0359057 0.0123216 0.00269901 0.000421872 5.67023e-05 6.96534e-06 7.2261e-07 6.22741e-08 4.52e-09 2.69133e-10 1.27859e-11
#obs catch len freq
 1.25709e-11 1.36506e-09 8.73921e-08 3.29862e-06 7.34063e-05 0.00096313 0.00745138 0.0340129 0.091876 0.149081 0.15582 0.132868 0.124186 0.11244 0.0819093 0.0512171 0.029973 0.0160864 0.00765009 0.0030917 0.00100108 0.000246626 4.42321e-05 5.53025e-06 4.63118e-07
 1.11923e-11 1.21535e-09 7.78077e-08 2.93686e-06 6.5356e-05 0.000857521 0.00663489 0.0302983 0.0820052 0.134318 0.145951 0.137683 0.141384 0.129357 0.0897507 0.0514575 0.0275155 0.0136419 0.00598575 0.00223576 0.000673437 0.000153904 2.52884e-05 2.8638e-06 2.16314e-07
 5.86479e-12 6.36848e-10 4.07716e-08 1.53893e-06 3.42477e-05 0.000449401 0.00347886 0.0159248 0.0436109 0.0753803 0.0995459 0.135416 0.178894 0.177471 0.127446 0.0748189 0.0392262 0.0180143 0.00710431 0.00237938 0.000647553 0.000134659 2.02033e-05 2.08669e-06 1.43172e-07
 1.79093e-11 1.94474e-09 1.24504e-07 4.6994e-06 0.000104578 0.0013721 0.0106143 0.048424 0.130428 0.208529 0.203052 0.134479 0.0826321 0.0613004 0.0480782 0.0346136 0.0209231 0.0100548 0.00385325 0.00118657 0.000288177 5.31931e-05 7.12895e-06 6.62694e-07 4.11215e-08
 1.62938e-11 1.76931e-09 1.13273e-07 4.27549e-06 9.51452e-05 0.00124836 0.00965812 0.0440839 0.119021 0.192403 0.196562 0.152694 0.119305 0.0883344 0.0480401 0.0184901 0.00628321 0.00243799 0.000954218 0.000301256 7.0468e-05 1.191e-05 1.42486e-06 1.17499e-07 6.48924e-09
 1.62181e-11 1.76109e-09 1.12747e-07 4.25563e-06 9.47035e-05 0.00124257 0.00961351 0.0438835 0.118513 0.191761 0.196408 0.153112 0.119521 0.0886099 0.0492617 0.0196549 0.00617642 0.0016503 0.000388059 8.56348e-05 1.72994e-05 2.76282e-06 3.11341e-07 2.35615e-08 1.1712e-09
 1.67582e-11 1.81974e-09 1.16502e-07 4.39736e-06 9.78576e-05 0.00128396 0.00993371 0.0453448 0.122444 0.197942 0.201648 0.153818 0.115194 0.0824641 0.044858 0.0176553 0.00550568 0.00144182 0.000305554 5.08615e-05 6.81037e-06 7.55984e-07 6.77119e-08 4.49877e-09 2.04134e-10
 1.60911e-11 1.74731e-09 1.11864e-07 4.22233e-06 9.39627e-05 0.00123287 0.00953905 0.0435543 0.117735 0.191163 0.197906 0.157416 0.123346 0.0885394 0.0464305 0.0169476 0.00472588 0.00110958 0.000217582 3.36958e-05 3.97423e-06 3.49054e-07 2.25692e-08 1.07173e-09 3.69291e-11
 1.71842e-11 1.866e-09 1.19463e-07 4.50913e-06 0.000100345 0.00131661 0.0101867 0.0465058 0.125631 0.203309 0.20734 0.156961 0.113574 0.0770316 0.0392247 0.0140173 0.00378815 0.000836768 0.000149159 2.05557e-05 2.15178e-06 1.6807e-07 9.48305e-09 3.74356e-10 1.01204e-11
 1.59134e-11 1.72801e-09 1.10629e-07 4.1757e-06 9.29255e-05 0.00121929 0.0094348 0.0430929 0.116634 0.190201 0.199445 0.162193 0.127447 0.0883367 0.0434821 0.0143021 0.00336779 0.000634989 9.96586e-05 1.24416e-05 1.17869e-06 8.2143e-08 4.09222e-09 1.41968e-10 3.35317e-12
 1.68698e-11 1.83187e-09 1.17278e-07 4.42667e-06 9.85106e-05 0.00129257 0.0100017 0.0456772 0.123556 0.200889 0.207841 0.161954 0.11894 0.0781459 0.0369735 0.0116058 0.00253279 0.000424275 5.72962e-05 6.05361e-06 4.83691e-07 2.88161e-08 1.25227e-09 3.83634e-11 8.01863e-13
 1.61588e-11 1.75465e-09 1.12334e-07 4.24009e-06 9.43591e-05 0.00123813 0.00958137 0.0437747 0.118585 0.19386 0.204171 0.165611 0.126435 0.0834187 0.0386808 0.0117123 0.00241206 0.000371117 4.52277e-05 4.26157e-06 2.97485e-07 1.51133e-08 5.5246e-10 1.42479e-11 2.53349e-13
 1.73066e-11 1.87929e-09 1.20314e-07 4.54128e-06 0.000101062 0.00132607 0.0102615 0.0468734 0.126863 0.206503 0.21365 0.164366 0.115689 0.071594 0.0316881 0.0090966 0.00172287 0.000233859 2.46781e-05 2.03546e-06 1.2551e-07 5.60921e-09 1.78752e-10 3.98257e-12 6.06468e-14
 1.60231e-11 1.73992e-09 1.11391e-07 4.20451e-06 9.35683e-05 0.0012278 0.00950281 0.0434373 0.117864 0.193637 0.206401 0.169884 0.128523 0.08152 0.0357555 0.0100424 0.00184359 0.00023865 2.34531e-05 1.75826e-06 9.63246e-08 3.7515e-09 1.03241e-10 1.98967e-12 2.63313e-14
 1.28485e-11 1.3952e-09 8.93223e-08 3.37154e-06 7.5034e-05 0.000984737 0.0076258 0.0349309 0.0955334 0.161438 0.187434 0.182186 0.159942 0.107117 0.0470393 0.0130185 0.00234508 0.000296436 2.81557e-05 2.01275e-06 1.0364e-07 3.72933e-09 9.29969e-11 1.59534e-12 1.85447e-14
 1.62405e-11 1.76353e-09 1.12903e-07 4.26157e-06 9.48396e-05 0.00124453 0.00963366 0.0440539 0.119678 0.197149 0.210816 0.172218 0.126005 0.0763249 0.0321586 0.00879272 0.00159865 0.00020706 2.00488e-05 1.42692e-06 7.14223e-08 2.45585e-09 5.77625e-11 9.24107e-13 9.91204e-15
 1.41773e-11 1.53949e-09 9.85597e-08 3.72022e-06 8.2795e-05 0.00108662 0.00841523 0.0385466 0.105336 0.176995 0.200345 0.182276 0.146664 0.0912043 0.0375626 0.00969693 0.00159289 0.000177166 1.44777e-05 9.0548e-07 4.22535e-08 1.40667e-09 3.23697e-11 5.03057e-13 5.17136e-15
 1.64574e-11 1.78709e-09 1.14411e-07 4.31854e-06 9.6109e-05 0.00126127 0.00976494 0.0446777 0.121543 0.200846 0.21555 0.174775 0.123491 0.0709938 0.0283085 0.00729577 0.00123332 0.000144908 1.2415e-05 7.70583e-07 3.33229e-08 9.80263e-10 1.96318e-11 2.69265e-13 2.51328e-15
 1.38094e-11 1.49955e-09 9.60033e-08 3.62378e-06 8.0652e-05 0.00105864 0.00820217 0.0376212 0.103209 0.175187 0.202223 0.187047 0.14881 0.0896881 0.035913 0.00920063 0.00155392 0.000184132 1.60068e-05 1.01077e-06 4.45991e-08 1.33717e-09 2.68843e-11 3.58556e-13 3.1303e-15
 1.52528e-11 1.65628e-09 1.06038e-07 4.00253e-06 8.90809e-05 0.00116923 0.00905736 0.0415121 0.113535 0.190527 0.212293 0.182626 0.134037 0.0765249 0.0297173 0.00748904 0.00125688 0.000148742 1.28684e-05 8.02678e-07 3.48555e-08 1.02965e-09 2.0459e-11 2.70287e-13 2.33748e-15
 1.60092e-11 1.73841e-09 1.11296e-07 4.20102e-06 9.34992e-05 0.00122724 0.00950664 0.0435651 0.119044 0.198944 0.218319 0.180904 0.126082 0.0688899 0.0258973 0.00635358 0.00103898 0.00011956 1.00411e-05 6.08931e-07 2.57948e-08 7.44678e-10 1.44402e-11 1.85526e-13 1.5552e-15
 1.5031e-11 1.6322e-09 1.04497e-07 3.94444e-06 8.77933e-05 0.00115254 0.0089326 0.0409989 0.112555 0.190548 0.2155 0.187018 0.13469 0.07369 0.027194 0.0064853 0.00102195 0.000112216 8.93411e-06 5.13554e-07 2.0685e-08 5.69342e-10 1.05434e-11 1.29527e-13 1.03922e-15
 1.6817e-11 1.82614e-09 1.16913e-07 4.41308e-06 9.82218e-05 0.00128933 0.00998934 0.0457921 0.125159 0.208774 0.226314 0.180163 0.117001 0.0592131 0.0207153 0.00470932 0.000700715 7.14512e-05 5.22138e-06 2.75477e-07 1.02386e-08 2.61075e-10 4.48962e-12 5.13519e-14 3.84842e-16
 1.55067e-11 1.68385e-09 1.07804e-07 4.06939e-06 9.05799e-05 0.00118931 0.00922129 0.042363 0.116508 0.197621 0.222589 0.18825 0.12841 0.0656337 0.0224772 0.0048952 0.000681423 6.31692e-05 4.10428e-06 1.91803e-07 6.36825e-09 1.46218e-10 2.27367e-12 2.35935e-14 1.61062e-16
 1.62238e-11 1.76173e-09 1.1279e-07 4.25763e-06 9.47708e-05 0.00124435 0.00964779 0.0443108 0.121701 0.205321 0.22735 0.185274 0.120512 0.0594127 0.0200319 0.004396 0.000632946 6.19164e-05 4.22166e-06 1.99504e-07 6.37741e-09 1.35336e-10 1.89536e-12 1.7507e-14 1.06235e-16
 1.5632e-11 1.69747e-09 1.08678e-07 4.1025e-06 9.13257e-05 0.0011994 0.00930518 0.0428095 0.118088 0.201273 0.227315 0.189824 0.124752 0.0607015 0.0198496 0.00416665 0.000565425 5.15331e-05 3.28369e-06 1.48071e-07 4.63577e-09 9.79711e-11 1.36717e-12 1.23998e-14 7.21582e-17
 1.39908e-11 1.51927e-09 9.72712e-08 3.67218e-06 8.17626e-05 0.00107439 0.00834792 0.0385623 0.107514 0.188035 0.223508 0.199835 0.137949 0.0679639 0.0219695 0.00450738 0.00059307 5.18398e-05 3.12136e-06 1.31126e-07 3.79169e-09 7.39047e-11 9.56414e-13 8.13264e-15 4.49455e-17
 1.673e-11 1.81671e-09 1.16313e-07 4.39085e-06 9.77499e-05 0.0012839 0.00996221 0.0458302 0.126243 0.213635 0.23541 0.185679 0.112368 0.0504874 0.0154816 0.00308294 0.000398223 3.42801e-05 2.02202e-06 8.22165e-08 2.26871e-09 4.16482e-11 5.01915e-13 3.93923e-15 1.99836e-17
 1.45837e-11 1.58367e-09 1.01397e-07 3.8282e-06 8.52499e-05 0.00112062 0.00871357 0.0403059 0.112568 0.196737 0.230959 0.198921 0.129262 0.0594999 0.0179555 0.00342185 0.000412592 3.23673e-05 1.71547e-06 6.29844e-08 1.59915e-09 2.75175e-11 3.13952e-13 2.33504e-15 1.1173e-17
#spawning biomass
 15035.3 11654.2 7813.43 10703.2 16343.1 25387.5 38524.2 55384.1 86429.8 125440 155866 206537 290450 294279 275865 240403 260042 255756 233239 225173 276467 307267 320624 364042 385438 409627 383534 374580 362026 345697 5561.51 4211.46 4211.46 4211.46 4211.46 4211.46 4211.46 4211.46 4211.46 4211.46 4211.46 4211.46 4211.46 4211.46 4211.46 4211.46 4211.46 4211.46 4211.46 4211.46 4211.46 4211.46 4211.46 4211.46 4211.46 4211.46 4211.46 4211.46 4211.46 4211.46 4211.46 4211.46 4211.46 4211.46 4211.46 4211.46 4211.46 4211.46 4211.46 4211.46 4211.46 4211.46 4211.46 4211.46 4211.46 4211.46 4211.46 4211.46 4211.46 4211.46 4211.46 4211.46 4211.46 4211.46 4211.46 4211.46 4211.46 4211.46 4211.46 4211.46 4211.46 4211.46 4211.46 4211.46 4211.46 4211.46 4211.46 4211.46 4211.46 4211.46 4211.46 4211.46 4211.46 4211.46 4211.46 4211.46 4211.46 4211.46 4211.46 4211.46 4211.46 4211.46 4211.46 4211.46 4211.46 4211.46 4211.46 4211.46 4211.46 4211.46 4211.46 4211.46 4211.46 4211.46 4211.46 4211.46 4211.46 4211.46 4211.46 0 0 0 0 0 0 0 0 0 0 0 0 0 0 0 0 0 0 0 0 0 0 0 0 0
