SBPRF35
0.178135
Curr Bio
155243
B35
208195
F35
0.615133
FOFL
0.615133
OFL
98052.4
Bzero
50895.7
#pred survey bio
 6484.96 7470.67 10133.4 12235.7 19909.2 31799.5 31828.1 35884.4 48401.9 57511.7 70271.9 88703.1 126952 142208 134218 112502 113959 106826 106411 102631 108142 120058 126654 134674 135762 143043 146887 131367 161402 6.53592e+06 5.60782e+06 3.3474e+06 1.91982e+06 1.16522e+06 795769 618034 530673 485805 461576 447906 439941 435203 432348 430608 429543 428906 428524 428294 428156 428073 428022 427992 427974 427963 427956 427952 427949 427948 427947 427947 427946 427946 427946 427946 427946 427946 427946 427946 427946 427946 427946 427946 427946 427946 427946 427946 427946 427946 427946 427946 427946 427946 427946 427946 427946 427946 427946 427946 427946 427946 427946 427946 427946 427946 427946 427946 427946 427946 427946 427946 427946 427946 427946 427946 427946 427946 427946 427946 427946 427946 427946 427946 427946 427946 427946 427946 427946 427946 427946 427946 427946 427946 427946 427946 427946 427946 427946 427946 427946 0 0 0 0 0 0 0 0 0 0 0 0 0 0 0 0 0 0 0 0 0 0 0 0 0
#obs survey bio
 5741.72 8128.19 10524.8 11083 26414.5 33193.5 34609.4 57653.8 61706.7 56167.2 92156.1 98583.6 171974 126733 114820 127491 91874.3 90583.8 99304.7 106890 121331 125418 133834 222916 126428 166501 117208 109853 160831
#pred catch bio
 3469.16 4270.73 6175.25 7094.82 9689.7 20016.7 20920.8 21280.9 31363 39406.2 50346.4 57347.2 90399.7 104908 103155 82673.4 89222.7 81503.4 82579 77306.2 80087.6 93298.2 100094 109175 107972 113107 123857 101442 52455 98052.4 94157.7 51709.4 26767.9 14767.3 9625.91 7581.56 6809 6527.4 6427.41 6392.6 6380.65 6376.6 6375.23 6374.77 6374.62 6374.57 6374.56 6374.55 6374.55 6374.55 6374.55 6374.55 6374.55 6374.55 6374.55 6374.55 6374.55 6374.55 6374.55 6374.55 6374.55 6374.55 6374.55 6374.55 6374.55 6374.55 6374.55 6374.55 6374.55 6374.55 6374.55 6374.55 6374.55 6374.55 6374.55 6374.55 6374.55 6374.55 6374.55 6374.55 6374.55 6374.55 6374.55 6374.55 6374.55 6374.55 6374.55 6374.55 6374.55 6374.55 6374.55 6374.55 6374.55 6374.55 6374.55 6374.55 6374.55 6374.55 6374.55 6374.55 6374.55 6374.55 6374.55 6374.55 6374.55 6374.55 6374.55 6374.55 6374.55 6374.55 6374.55 6374.55 6374.55 6374.55 6374.55 6374.55 6374.55 6374.55 6374.55 6374.55 6374.55 6374.55 6374.55 6374.55 6374.55 6374.55 6374.55 6374.55 6374.55 0 0 0 0 0 0 0 0 0 0 0 0 0 0 0 0 0 0 0 0 0 0 0 0 0
#obs catch bio
 4586.7 4313.62 6141.14 7033.24 9339.86 19382.8 21060 20303.5 30105.9 38950.2 49994.7 56545.7 87804.5 104644 104030 82289.6 90432.9 82292.1 82015.9 75301.6 76678.2 89720.6 97940.7 105150 104168 108258 120946 99926.6 51783.9
#pred cpue bio
 5847.21 6368.97 8635.13 10513.2 16383.7 27601.5 27756.8 30142.5 41362.5 48712.1 58658.2 73351.9 106236 119923 114602 95594.4 95762.9 89426.4 89336.4 85886.7 90405.5 100175 104866 111209 112090 118211 122066 108102 132011 5.85993e+06 5.57982e+06 3.3194e+06 1.89182e+06 1.13723e+06 767773 590038 502678 457809 433580 419910 411945 407207 404352 402613 401547 400910 400528 400299 400160 400077 400027 399996 399978 399967 399960 399956 399954 399952 399951 399951 399951 399950 399950 399950 399950 399950 399950 399950 399950 399950 399950 399950 399950 399950 399950 399950 399950 399950 399950 399950 399950 399950 399950 399950 399950 399950 399950 399950 399950 399950 399950 399950 399950 399950 399950 399950 399950 399950 399950 399950 399950 399950 399950 399950 399950 399950 399950 399950 399950 399950 399950 399950 399950 399950 399950 399950 399950 399950 399950 399950 399950 399950 399950 399950 399950 399950 399950 399950 399950 0 0 0 0 0 0 0 0 0 0 0 0 0 0 0 0 0 0 0 0 0 0 0 0 0
#obs cpue bio
 6788.62 4934.84 9783.59 15249.3 32401.7 28506.5 22548.4 57128.8 54663.9 44711.5 51687.1 79869.8 145781 111178 113737 97183.7 88260.7 90067.7 121847 139618 175430 169965 124083 136923 203546 209984 201864 169416 146918
#pred surv len freq
 2.56756e-27 2.60017e-27 4.35279e-26 8.64262e-20 2.11863e-14 6.27789e-10 2.24863e-06 0.000973573 0.0509533 0.322344 0.246726 0.0370774 0.108879 0.100567 0.0257375 0.0337455 0.0158281 0.0140033 0.00948508 0.00780455 0.0065176 0.00591172 0.00615729 0.00557385 0.00171302
 2.57021e-27 2.60703e-27 4.91386e-26 9.82606e-20 2.40874e-14 7.13753e-10 2.55654e-06 0.00110689 0.0579304 0.366484 0.280468 0.039466 0.103352 0.0950844 0.0181352 0.0175303 0.00694691 0.00458418 0.00256274 0.00178759 0.00130128 0.00104937 0.00099155 0.000910078 0.000307781
 2.56978e-27 2.60578e-27 4.79275e-26 9.57052e-20 2.3461e-14 6.95191e-10 2.49006e-06 0.0010781 0.0564239 0.356953 0.273211 0.0407968 0.118578 0.109031 0.0187845 0.0154305 0.00523365 0.00222554 0.000943788 0.000491202 0.000282492 0.000190788 0.000156451 0.000138104 4.86854e-05
 2.5692e-27 2.6042e-27 4.65336e-26 9.27647e-20 2.27401e-14 6.73831e-10 2.41355e-06 0.00104497 0.0546902 0.345985 0.264843 0.0411679 0.127282 0.117098 0.0208563 0.0181129 0.00586093 0.00201121 0.000647444 0.000215732 8.38581e-05 4.16844e-05 2.73569e-05 2.17895e-05 7.69546e-06
 2.57172e-27 2.61108e-27 5.26475e-26 1.05662e-19 2.59019e-14 7.67519e-10 2.74912e-06 0.00119027 0.0622942 0.39409 0.301542 0.0391415 0.0860764 0.0791227 0.0150233 0.0143695 0.00472818 0.00172867 0.000512728 0.000129811 3.07665e-05 9.12519e-06 4.0453e-06 2.63116e-06 8.93919e-07
 2.56847e-27 2.60219e-27 4.47103e-26 8.89182e-20 2.17972e-14 6.45891e-10 2.31347e-06 0.00100165 0.0524225 0.331639 0.253903 0.0420726 0.141853 0.130452 0.0215562 0.0163602 0.00552839 0.00228275 0.000702855 0.000181506 3.42489e-05 5.86415e-06 1.32337e-06 5.73323e-07 1.76191e-07
 2.56821e-27 2.60159e-27 4.42755e-26 8.80013e-20 2.15725e-14 6.3923e-10 2.28962e-06 0.000991316 0.0518819 0.328219 0.25128 0.0413764 0.138397 0.127469 0.0247578 0.0244 0.00776193 0.00242678 0.000766206 0.000219786 4.2979e-05 6.10257e-06 6.93539e-07 1.35629e-07 3.27054e-08
 2.57062e-27 2.60811e-27 5.00246e-26 1.00129e-19 2.45455e-14 7.27328e-10 2.60517e-06 0.00112794 0.0590322 0.373453 0.285796 0.0398612 0.102617 0.0943885 0.0177669 0.016803 0.00576084 0.00246553 0.00071675 0.000167345 3.51094e-05 5.2815e-06 4.7764e-07 3.6502e-08 4.72477e-09
 2.56952e-27 2.60504e-27 4.72526e-26 9.42813e-20 2.31119e-14 6.84848e-10 2.45301e-06 0.00106206 0.0555844 0.351642 0.269163 0.0411975 0.124472 0.114442 0.0192407 0.0151056 0.00508639 0.00207713 0.000685897 0.000198294 3.53456e-05 5.11604e-06 4.85083e-07 2.47057e-08 1.14085e-09
 2.57008e-27 2.60659e-27 4.86369e-26 9.72018e-20 2.38279e-14 7.06062e-10 2.529e-06 0.00109496 0.0573062 0.362535 0.27747 0.0405996 0.114085 0.104912 0.0185664 0.0159512 0.00510352 0.00165915 0.000522985 0.000152511 3.33061e-05 4.7407e-06 4.13661e-07 2.0557e-08 4.93825e-10
 2.57088e-27 2.60874e-27 5.05129e-26 1.01159e-19 2.4798e-14 7.34808e-10 2.63196e-06 0.00113954 0.0596393 0.377294 0.288736 0.0403099 0.103965 0.0955098 0.0157361 0.011864 0.00387726 0.00139783 0.00040575 9.76408e-05 2.07132e-05 3.37728e-06 3.1039e-07 1.43282e-08 2.97887e-10
 2.57135e-27 2.60998e-27 5.15782e-26 1.03407e-19 2.53489e-14 7.51132e-10 2.69043e-06 0.00116485 0.0609642 0.385676 0.295135 0.040226 0.098831 0.0907235 0.0140174 0.00913804 0.00288265 0.000891993 0.000265284 6.72517e-05 1.21272e-05 1.80066e-06 1.82187e-07 8.92652e-09 1.73874e-10
 2.57071e-27 2.60823e-27 5.00379e-26 1.00157e-19 2.45523e-14 7.27528e-10 2.60588e-06 0.00112825 0.0590485 0.373557 0.285888 0.0406562 0.108602 0.0997515 0.0158229 0.0109788 0.00337129 0.000884085 0.000242853 5.5046e-05 1.03232e-05 1.40194e-06 1.26176e-07 6.6017e-09 1.35102e-10
 2.57026e-27 2.60702e-27 4.89538e-26 9.787e-20 2.39916e-14 7.10915e-10 2.54638e-06 0.00110249 0.0577001 0.365027 0.27938 0.0410339 0.116048 0.106609 0.0167825 0.0114436 0.00355306 0.000996025 0.000261924 5.06828e-05 8.42105e-06 1.11003e-06 9.39159e-08 4.43829e-09 9.47028e-11
 2.56951e-27 2.60496e-27 4.7132e-26 9.40268e-20 2.30495e-14 6.82999e-10 2.44639e-06 0.00105919 0.0554343 0.350692 0.268444 0.0416038 0.128069 0.117695 0.0186448 0.0128998 0.0039931 0.00109884 0.000294306 5.92619e-05 8.81502e-06 9.95284e-07 7.83754e-08 3.46779e-09 6.83519e-11
 2.56982e-27 2.60582e-27 4.78987e-26 9.56442e-20 2.3446e-14 6.94747e-10 2.48847e-06 0.00107741 0.0563878 0.356725 0.273045 0.0412901 0.122449 0.112529 0.01808 0.0129133 0.00401074 0.00112142 0.000299204 5.96958e-05 9.16114e-06 9.80487e-07 6.56098e-08 2.63236e-09 4.82182e-11
 2.57049e-27 2.60764e-27 4.95268e-26 9.90789e-20 2.4288e-14 7.19697e-10 2.57783e-06 0.0011161 0.0584128 0.369535 0.282818 0.0407128 0.11119 0.102159 0.0166088 0.0121696 0.00380507 0.00110279 0.000297095 5.9972e-05 9.1429e-06 9.9055e-07 6.39696e-08 2.20929e-09 3.61615e-11
 2.57066e-27 2.60809e-27 4.98895e-26 9.98439e-20 2.44755e-14 7.25253e-10 2.59774e-06 0.00112472 0.0588638 0.372388 0.284999 0.0408978 0.111064 0.101975 0.0153255 0.0092877 0.00290784 0.00086792 0.000237397 4.94676e-05 7.64673e-06 8.30441e-07 5.38042e-08 1.78956e-09 2.56045e-11
 2.5705e-27 2.60765e-27 4.94968e-26 9.90154e-20 2.42724e-14 7.19236e-10 2.57618e-06 0.00111539 0.0583754 0.369299 0.282642 0.0409971 0.113477 0.10421 0.015884 0.00999268 0.00302627 0.000733305 0.000196767 4.21582e-05 6.70067e-06 7.45434e-07 4.86607e-08 1.61766e-09 2.21751e-11
 2.57068e-27 2.60814e-27 4.99369e-26 9.99438e-20 2.45e-14 7.2598e-10 2.60034e-06 0.00112585 0.0589227 0.372761 0.285284 0.0408575 0.110558 0.101518 0.015431 0.00963827 0.00293602 0.000738603 0.000187062 3.36876e-05 5.32105e-06 6.10478e-07 4.10072e-08 1.37893e-09 1.88422e-11
 2.57074e-27 2.60832e-27 5.00951e-26 1.00278e-19 2.45818e-14 7.28404e-10 2.60902e-06 0.00112961 0.0591195 0.374006 0.286233 0.0407714 0.109236 0.100307 0.0153845 0.0098369 0.00299451 0.000747854 0.000191262 3.48868e-05 4.85757e-06 5.09309e-07 3.50092e-08 1.21301e-09 1.6805e-11
 2.57085e-27 2.60862e-27 5.03675e-26 1.00852e-19 2.47227e-14 7.32579e-10 2.62398e-06 0.00113608 0.0594584 0.37615 0.287868 0.0406572 0.107218 0.0984519 0.0151855 0.00985095 0.00301125 0.000771205 0.000197548 3.59254e-05 5.06221e-06 4.9423e-07 3.02413e-08 1.0481e-09 1.49407e-11
 2.57126e-27 2.60971e-27 5.13192e-26 1.0286e-19 2.52149e-14 7.47162e-10 2.67621e-06 0.0011587 0.060642 0.383638 0.293582 0.0404588 0.101694 0.0933333 0.0139037 0.00821594 0.00251239 0.000653789 0.000169075 3.13973e-05 4.42712e-06 4.33564e-07 2.52153e-08 7.84309e-10 1.09696e-11
 2.57138e-27 2.61004e-27 5.16026e-26 1.03458e-19 2.53614e-14 7.51504e-10 2.69176e-06 0.00116543 0.0609944 0.385867 0.295284 0.0404596 0.100504 0.0922168 0.0133686 0.00727388 0.00218724 0.000515143 0.000131825 2.48635e-05 3.5676e-06 3.53419e-07 2.05355e-08 6.10112e-10 7.76852e-12
 2.57138e-27 2.61003e-27 5.1582e-26 1.03414e-19 2.53508e-14 7.51189e-10 2.69063e-06 0.00116494 0.0609688 0.385705 0.295162 0.0405331 0.101149 0.0927973 0.0132036 0.00674985 0.00200342 0.000432642 0.000106092 1.83909e-05 2.62914e-06 2.6527e-07 1.56539e-08 4.64343e-10 5.65902e-12
 2.57134e-27 2.60991e-27 5.14815e-26 1.03202e-19 2.52988e-14 7.49649e-10 2.68512e-06 0.00116255 0.0608439 0.384915 0.294558 0.0405306 0.101554 0.0931797 0.0134281 0.00716462 0.00211255 0.000427957 0.000101453 1.61728e-05 2.14573e-06 2.06726e-07 1.23589e-08 3.72625e-10 4.53258e-12
 2.57104e-27 2.6091e-27 5.07645e-26 1.0169e-19 2.4928e-14 7.38662e-10 2.64576e-06 0.00114551 0.0599521 0.379273 0.290254 0.0407628 0.106345 0.0975966 0.0141305 0.00765509 0.00226993 0.000479864 0.000112954 1.69199e-05 2.10086e-06 1.84886e-07 1.03732e-08 3.1268e-10 3.86094e-12
 2.57155e-27 2.61048e-27 5.19842e-26 1.04263e-19 2.55588e-14 7.57352e-10 2.71271e-06 0.0011745 0.061469 0.38887 0.297577 0.0404226 0.0986118 0.0904535 0.0127456 0.00629522 0.00186573 0.000400728 9.55553e-05 1.47957e-05 1.7812e-06 1.45464e-07 7.42297e-09 2.08162e-10 2.53966e-12
 2.57187e-27 2.61137e-27 5.27893e-26 1.05961e-19 2.59751e-14 7.6969e-10 2.7569e-06 0.00119363 0.0624704 0.395205 0.302408 0.0400493 0.0923763 0.0847317 0.0123187 0.0067608 0.00198698 0.000388941 9.14771e-05 1.43986e-05 1.77624e-06 1.45094e-07 6.90396e-09 1.75717e-10 1.9867e-12
#obs surv len freq
 1.76412e-41 2.44848e-33 4.10783e-26 8.33059e-20 2.04215e-14 6.05125e-10 2.16746e-06 0.000938435 0.049114 0.310709 0.237989 0.0440511 0.152292 0.129017 0.0363656 0.0279207 0.00840985 0.00262218 0.000507153 5.83559e-05 2.92646e-06 4.68794e-08 1.78811e-10 1.30339e-13 1.56886e-17
 2.173e-41 3.01598e-33 5.05993e-26 1.02614e-19 2.51547e-14 7.45381e-10 2.66983e-06 0.00115595 0.0604976 0.382725 0.292951 0.0420001 0.0973169 0.0779302 0.0225817 0.0163915 0.00477794 0.00139675 0.000247375 2.49057e-05 1.03322e-06 1.292e-08 3.68653e-11 1.95839e-14 1.69172e-18
 1.72031e-41 2.38768e-33 4.00583e-26 8.12374e-20 1.99144e-14 5.901e-10 2.11364e-06 0.000915134 0.0478945 0.302995 0.232293 0.0512329 0.18207 0.136014 0.026839 0.0143839 0.00405467 0.00111009 0.000179752 1.57051e-05 5.35719e-07 5.22131e-09 1.11424e-11 4.31182e-15 2.67226e-19
 2.09312e-41 2.90512e-33 4.87394e-26 9.88424e-20 2.42301e-14 7.17981e-10 2.57169e-06 0.00111345 0.0582737 0.368657 0.282332 0.0458098 0.113149 0.0811295 0.0277862 0.0176218 0.0033553 0.000665289 9.69765e-05 7.31969e-06 2.03866e-07 1.54279e-09 2.4634e-12 6.95653e-16 3.09757e-20
 2.37429e-41 3.29536e-33 5.52864e-26 1.1212e-19 2.74848e-14 8.14426e-10 2.91714e-06 0.00126302 0.0661015 0.418177 0.320116 0.0442617 0.078759 0.0518403 0.0114702 0.00594742 0.00168694 0.000339802 3.20451e-05 1.89413e-06 4.26845e-08 2.49825e-10 2.98055e-13 6.15047e-17 1.97262e-21
 1.32269e-41 1.8358e-33 3.07994e-26 6.24606e-20 1.53115e-14 4.53707e-10 1.62511e-06 0.000703614 0.0368244 0.232965 0.17948 0.0711919 0.271946 0.166179 0.0277186 0.0105779 0.00198638 0.000382964 4.11754e-05 1.71174e-06 2.70149e-08 1.19313e-10 1.0609e-13 1.59978e-17 3.70083e-22
 2.21791e-41 3.07832e-33 5.16451e-26 1.04735e-19 2.56746e-14 7.60786e-10 2.72501e-06 0.00117984 0.0617479 0.390636 0.299224 0.046771 0.0888012 0.0563032 0.0348025 0.0178248 0.00239504 0.000287497 2.3857e-05 9.6009e-07 1.1303e-08 3.34651e-11 2.10936e-14 2.3032e-18 3.84175e-23
 1.97669e-41 2.74352e-33 4.60282e-26 9.33443e-20 2.28823e-14 6.78043e-10 2.42864e-06 0.00105152 0.0550322 0.348153 0.26727 0.0612406 0.156685 0.0835046 0.0163375 0.00756307 0.0027517 0.000388757 1.95478e-05 5.34029e-07 5.20945e-09 1.16582e-11 4.96224e-15 3.67094e-19 4.28138e-24
 2.02623e-41 2.81228e-33 4.71818e-26 9.56837e-20 2.34557e-14 6.95036e-10 2.48951e-06 0.00107787 0.0564114 0.356878 0.274014 0.0613921 0.14302 0.0736529 0.0232426 0.00869458 0.00133868 0.000255266 1.97958e-05 3.89953e-07 2.37804e-09 3.90186e-12 1.24263e-15 6.44895e-20 5.07728e-25
 1.98222e-41 2.75119e-33 4.61569e-26 9.36053e-20 2.29462e-14 6.79939e-10 2.43543e-06 0.00105446 0.0551861 0.349128 0.268385 0.066974 0.154104 0.0736372 0.0218739 0.00799158 0.00148461 0.00016764 1.11518e-05 2.79857e-07 1.44868e-09 1.51764e-12 3.21509e-16 1.19246e-20 6.74841e-26
 2.09583e-41 2.90887e-33 4.88024e-26 9.89703e-20 2.42614e-14 7.1891e-10 2.57502e-06 0.00111489 0.0583491 0.369139 0.283721 0.0659248 0.133552 0.0604365 0.0198753 0.00660978 0.00114045 0.000128606 6.30292e-06 1.19464e-07 6.24616e-10 5.91672e-13 8.95131e-17 2.15996e-21 8.15073e-27
 2.0437e-41 2.83652e-33 4.75885e-26 9.65086e-20 2.36579e-14 7.01028e-10 2.51097e-06 0.00108716 0.0568978 0.35996 0.277144 0.073218 0.146899 0.0609763 0.0174962 0.00531186 0.000911299 9.17401e-05 4.00464e-06 5.75064e-08 2.16814e-10 1.73012e-13 2.29982e-17 4.44489e-22 1.19777e-27
 1.99238e-41 2.76529e-33 4.63934e-26 9.40849e-20 2.30638e-14 6.83423e-10 2.44791e-06 0.00105986 0.0554689 0.350924 0.270715 0.0797412 0.154787 0.061459 0.0197124 0.00528915 0.000769328 6.98288e-05 2.65774e-06 3.13573e-08 8.88063e-11 5.01005e-14 4.95167e-18 7.63026e-23 1.66825e-28
 1.8728e-41 2.59933e-33 4.36091e-26 8.84383e-20 2.16796e-14 6.42407e-10 2.301e-06 0.000996252 0.0521399 0.329869 0.25544 0.0910886 0.174656 0.0663854 0.022716 0.00581615 0.000825858 6.1937e-05 1.94181e-06 1.87864e-08 4.16794e-11 1.75026e-14 1.22929e-18 1.33286e-23 2.10776e-29
 1.68911e-41 2.34438e-33 3.93318e-26 7.97642e-20 1.95533e-14 5.79399e-10 2.07531e-06 0.000898538 0.0470259 0.297527 0.231928 0.106523 0.20148 0.076231 0.0299452 0.00733959 0.00102789 7.04945e-05 1.80763e-06 1.35213e-08 2.31783e-11 7.39166e-15 3.84099e-19 3.00166e-24 3.35038e-30
 1.90482e-41 2.64376e-33 4.43545e-26 8.99501e-20 2.20502e-14 6.53388e-10 2.34033e-06 0.00101328 0.0530312 0.335518 0.260648 0.0957249 0.155515 0.0616753 0.0286422 0.00713446 0.00102886 6.5654e-05 1.46313e-06 8.6698e-09 1.11078e-11 2.62019e-15 1.00632e-19 5.77034e-25 4.67343e-31
 1.85914e-41 2.58036e-33 4.32909e-26 8.7793e-20 2.15214e-14 6.37719e-10 2.28421e-06 0.000988983 0.0517594 0.327485 0.255807 0.109542 0.169257 0.0574654 0.0212259 0.00555651 0.000856087 5.32709e-05 1.05881e-06 5.18086e-09 5.13662e-12 8.94588e-16 2.48581e-20 1.02835e-25 6.01711e-32
 1.83921e-41 2.55271e-33 4.28269e-26 8.68522e-20 2.12908e-14 6.30885e-10 2.25973e-06 0.000978384 0.0512048 0.323989 0.254198 0.116887 0.168156 0.0578044 0.0216384 0.00449076 0.000612161 3.8049e-05 6.97974e-07 2.90301e-09 2.29803e-12 3.05669e-16 6.27663e-21 1.87698e-26 7.85025e-33
 1.86571e-41 2.58948e-33 4.34439e-26 8.81033e-20 2.15975e-14 6.39973e-10 2.29228e-06 0.000992478 0.0519424 0.32867 0.258736 0.121185 0.15984 0.0541689 0.0199779 0.0040024 0.000458467 2.32285e-05 3.80434e-07 1.37543e-09 8.92139e-13 9.29569e-17 1.44865e-21 3.21387e-27 9.80326e-34
 1.94828e-41 2.70409e-33 4.53666e-26 9.20027e-20 2.25534e-14 6.68297e-10 2.39373e-06 0.0010364 0.0542413 0.343228 0.270532 0.120982 0.143729 0.0467383 0.0161197 0.00305769 0.000320875 1.33213e-05 1.6949e-07 4.97293e-10 2.64166e-13 2.19621e-17 2.65201e-22 4.4553e-28 1.01165e-34
 1.94032e-41 2.69304e-33 4.51813e-26 9.16268e-20 2.24612e-14 6.65567e-10 2.38395e-06 0.00103217 0.0540198 0.341854 0.271158 0.129943 0.142794 0.043295 0.0133788 0.00229987 0.000215401 7.66248e-06 7.66153e-08 1.68331e-10 6.77776e-14 4.35634e-18 4.07409e-23 5.24536e-29 9.00392e-36
 1.98531e-41 2.75548e-33 4.62288e-26 9.37511e-20 2.2982e-14 6.80998e-10 2.43923e-06 0.0010561 0.0552723 0.349803 0.278343 0.131308 0.131414 0.039533 0.0114248 0.00170411 0.000135373 4.01985e-06 3.22771e-08 5.40286e-11 1.59628e-14 7.47316e-19 5.14333e-24 4.92964e-30 6.33389e-37
 1.90854e-41 2.64893e-33 4.44413e-26 9.0126e-20 2.20933e-14 6.54666e-10 2.34491e-06 0.00101526 0.0531352 0.336339 0.271109 0.147351 0.138788 0.0400167 0.0106804 0.00146294 9.75083e-05 2.30644e-06 1.44987e-08 1.86111e-11 4.10691e-15 1.40213e-19 6.93797e-25 4.76482e-31 4.40405e-38
 1.9578e-41 2.7173e-33 4.55883e-26 9.24522e-20 2.26636e-14 6.71563e-10 2.40543e-06 0.00104147 0.0545067 0.345055 0.278959 0.145679 0.125674 0.0380505 0.00976356 0.00119769 6.84423e-05 1.2955e-06 6.18264e-09 5.93365e-12 9.7217e-16 2.44138e-20 8.78833e-26 4.34581e-32 2.87005e-39
 1.92758e-41 2.67536e-33 4.48847e-26 9.10252e-20 2.23138e-14 6.61198e-10 2.3683e-06 0.00102539 0.0536656 0.339813 0.278108 0.156535 0.125243 0.0359146 0.00862704 0.00101499 5.00468e-05 7.63782e-07 2.79205e-09 1.97796e-12 2.35681e-16 4.29123e-21 1.11882e-26 3.99801e-33 1.9013e-40
 1.86626e-41 2.59024e-33 4.34567e-26 8.81292e-20 2.16038e-14 6.40162e-10 2.29295e-06 0.00099277 0.0519586 0.329124 0.27403 0.169938 0.128002 0.0369089 0.00814613 0.000858644 3.74112e-05 4.71201e-07 1.33095e-09 7.02587e-13 6.09556e-17 7.97429e-22 1.486e-27 3.79265e-34 1.28914e-41
 1.79844e-41 2.49612e-33 4.18776e-26 8.49269e-20 2.08188e-14 6.169e-10 2.20964e-06 0.000956696 0.0500711 0.317331 0.269844 0.18375 0.130869 0.0383964 0.0079904 0.000760153 2.80116e-05 2.90044e-07 6.46731e-10 2.58098e-13 1.64636e-17 1.55879e-22 2.08172e-28 3.78403e-35 9.1302e-43
 1.82707e-41 2.53586e-33 4.25443e-26 8.62789e-20 2.11503e-14 6.26721e-10 2.24481e-06 0.000971927 0.0508687 0.322497 0.27627 0.182141 0.121824 0.0373031 0.00744778 0.000653831 2.05278e-05 1.70772e-07 2.96784e-10 9.04338e-14 4.30915e-18 2.99009e-23 2.88799e-29 3.76515e-36 6.48091e-44
 1.82715e-41 2.53596e-33 4.2546e-26 8.62823e-20 2.11511e-14 6.26746e-10 2.2449e-06 0.000971965 0.0508707 0.32251 0.276287 0.18241 0.122789 0.0366987 0.0068918 0.000554076 1.53619e-05 1.09431e-07 1.59159e-10 3.99808e-14 1.55548e-18 8.7558e-24 6.82896e-30 7.16563e-37 9.90325e-45
#pred catch len freq
 2.56677e-27 2.59807e-27 4.17194e-26 8.26111e-20 2.02511e-14 6.00077e-10 2.14937e-06 0.000930597 0.0487041 0.308116 0.235863 0.037212 0.117534 0.108591 0.027791 0.036438 0.0170909 0.0151206 0.0102419 0.00842726 0.00703762 0.00638339 0.00664856 0.00601857 0.0018497
 2.5697e-27 2.60564e-27 4.79242e-26 9.56986e-20 2.34594e-14 6.95143e-10 2.48989e-06 0.00107803 0.05642 0.356928 0.273176 0.0397561 0.110683 0.101855 0.0194265 0.0187785 0.00744156 0.00491059 0.00274523 0.00191488 0.00139394 0.00112409 0.00106215 0.00097488 0.000329696
 2.56938e-27 2.60469e-27 4.69636e-26 9.36718e-20 2.29625e-14 6.80421e-10 2.43715e-06 0.00105519 0.055225 0.349369 0.267425 0.041082 0.124814 0.114784 0.0197757 0.0162448 0.00550981 0.00234297 0.000993588 0.000517121 0.000297398 0.000200855 0.000164707 0.000145392 5.12544e-05
 2.56867e-27 2.60278e-27 4.52743e-26 9.01081e-20 2.20889e-14 6.54534e-10 2.34443e-06 0.00101505 0.053124 0.336077 0.257283 0.0415379 0.135409 0.124598 0.0221922 0.019273 0.00623632 0.00214002 0.000688912 0.000229549 8.92291e-05 4.43543e-05 2.91091e-05 2.31851e-05 8.18835e-06
 2.57108e-27 2.60934e-27 5.11088e-26 1.02417e-19 2.51062e-14 7.43942e-10 2.66467e-06 0.0011537 0.0603806 0.381984 0.292305 0.0395674 0.0958075 0.088109 0.0167295 0.0160015 0.00526518 0.001925 0.000570961 0.000144554 3.42608e-05 1.01616e-05 4.50474e-06 2.93e-06 9.95445e-07
 2.5681e-27 2.60118e-27 4.38199e-26 8.70398e-20 2.13368e-14 6.32246e-10 2.2646e-06 0.000980485 0.0513151 0.324633 0.248557 0.0423495 0.147716 0.135859 0.0224496 0.0170383 0.00575751 0.00237736 0.000731984 0.000189029 3.56683e-05 6.10719e-06 1.37821e-06 5.97085e-07 1.83493e-07
 2.56794e-27 2.60086e-27 4.36307e-26 8.66409e-20 2.1239e-14 6.29349e-10 2.25422e-06 0.000975992 0.0510799 0.323146 0.247409 0.0415525 0.142457 0.131219 0.0254862 0.0251178 0.00799028 0.00249817 0.000788747 0.000226252 4.42434e-05 6.28211e-06 7.13942e-07 1.39619e-07 3.36676e-08
 2.5702e-27 2.60697e-27 4.90223e-26 9.80149e-20 2.40272e-14 7.11968e-10 2.55015e-06 0.00110412 0.0577855 0.365567 0.279779 0.0401383 0.108953 0.100239 0.0188682 0.0178446 0.00611794 0.00261836 0.000761179 0.000177719 3.72857e-05 5.60888e-06 5.07247e-07 3.87646e-08 5.01764e-09
 2.56924e-27 2.6043e-27 4.65892e-26 9.28818e-20 2.27689e-14 6.74682e-10 2.4166e-06 0.00104629 0.0547593 0.346422 0.26518 0.0414009 0.128818 0.11845 0.0199146 0.0156346 0.00526453 0.00214988 0.00070992 0.000205239 3.65835e-05 5.29522e-06 5.02072e-07 2.5571e-08 1.1808e-09
 2.56994e-27 2.60622e-27 4.83142e-26 9.65209e-20 2.36609e-14 7.01116e-10 2.51128e-06 0.00108729 0.0569047 0.359995 0.275533 0.0406954 0.116175 0.106841 0.0189077 0.0162444 0.00519734 0.00168965 0.0005326 0.000155315 3.39184e-05 4.82786e-06 4.21266e-07 2.09349e-08 5.02904e-10
 2.57086e-27 2.60868e-27 5.04586e-26 1.01045e-19 2.47699e-14 7.33975e-10 2.62898e-06 0.00113825 0.0595717 0.376867 0.28841 0.040327 0.104324 0.0958408 0.0157906 0.0119051 0.0038907 0.00140267 0.000407157 9.79792e-05 2.0785e-05 3.38899e-06 3.11466e-07 1.43779e-08 2.98919e-10
 2.57112e-27 2.60936e-27 5.10254e-26 1.0224e-19 2.5063e-14 7.4266e-10 2.66008e-06 0.00115171 0.0602766 0.381326 0.291816 0.0404089 0.102554 0.0941551 0.0145476 0.00948369 0.00299168 0.000925732 0.000275319 6.97954e-05 1.25859e-05 1.86877e-06 1.89078e-07 9.26416e-09 1.8045e-10
 2.57067e-27 2.60813e-27 4.99475e-26 9.99664e-20 2.45056e-14 7.26144e-10 2.60093e-06 0.0011261 0.0589361 0.372846 0.285345 0.0406856 0.109207 0.100309 0.0159114 0.0110402 0.00339014 0.000889029 0.000244212 5.53539e-05 1.0381e-05 1.40978e-06 1.26882e-07 6.63862e-09 1.35858e-10
 2.57031e-27 2.60715e-27 4.90745e-26 9.81247e-20 2.40541e-14 7.12766e-10 2.55301e-06 0.00110535 0.0578503 0.365977 0.280105 0.0409944 0.115238 0.105862 0.0166649 0.0113634 0.00352817 0.000989048 0.000260089 5.03278e-05 8.36207e-06 1.10225e-06 9.32581e-08 4.4072e-09 9.40395e-11
 2.56968e-27 2.60543e-27 4.755e-26 9.49087e-20 2.32657e-14 6.89405e-10 2.46933e-06 0.00106913 0.0559542 0.353982 0.270953 0.0414675 0.125269 0.115114 0.0182359 0.0126169 0.00390554 0.00107474 0.000287852 5.79623e-05 8.6217e-06 9.73457e-07 7.66566e-08 3.39174e-09 6.6853e-11
 2.56986e-27 2.60593e-27 4.79999e-26 9.58576e-20 2.34983e-14 6.96298e-10 2.49402e-06 0.00107982 0.0565137 0.357521 0.273653 0.0412575 0.121774 0.111906 0.01798 0.0128419 0.00398855 0.00111522 0.000297549 5.93657e-05 9.11048e-06 9.75064e-07 6.52469e-08 2.61781e-09 4.79516e-11
 2.57069e-27 2.6082e-27 5.00242e-26 1.00128e-19 2.45452e-14 7.27319e-10 2.60514e-06 0.00112792 0.0590315 0.373449 0.285804 0.040554 0.107883 0.0991104 0.0161131 0.0118064 0.00369151 0.00106988 0.000288229 5.81821e-05 8.87004e-06 9.60988e-07 6.20605e-08 2.14336e-09 3.50823e-11
 2.5708e-27 2.60845e-27 5.02111e-26 1.00522e-19 2.46419e-14 7.30183e-10 2.61539e-06 0.00113236 0.0592639 0.374919 0.28693 0.0407891 0.108881 0.0999628 0.0150231 0.00910447 0.00285048 0.000850797 0.000232714 4.84917e-05 7.49587e-06 8.14058e-07 5.27427e-08 1.75426e-09 2.50994e-11
 2.57068e-27 2.60814e-27 4.99354e-26 9.99408e-20 2.44993e-14 7.25957e-10 2.60026e-06 0.00112581 0.058921 0.37275 0.285275 0.0408498 0.110506 0.101472 0.0154667 0.00973018 0.00294677 0.000714042 0.000191598 4.10508e-05 6.52465e-06 7.25852e-07 4.73824e-08 1.57516e-09 2.15925e-11
 2.57078e-27 2.60842e-27 5.01781e-26 1.00453e-19 2.46248e-14 7.29677e-10 2.61358e-06 0.00113158 0.0592228 0.37466 0.286732 0.0407764 0.108923 0.100011 0.015202 0.00949523 0.00289244 0.000727642 0.000184286 3.31876e-05 5.24208e-06 6.01418e-07 4.03986e-08 1.35846e-09 1.85626e-11
 2.5708e-27 2.60847e-27 5.02322e-26 1.00567e-19 2.46527e-14 7.30505e-10 2.61655e-06 0.00113286 0.0592901 0.375085 0.287056 0.0407255 0.108309 0.0994525 0.0152534 0.00975313 0.00296901 0.000741485 0.000189633 3.45897e-05 4.8162e-06 5.04972e-07 3.4711e-08 1.20268e-09 1.66619e-11
 2.57103e-27 2.6091e-27 5.07956e-26 1.01755e-19 2.49441e-14 7.39139e-10 2.64747e-06 0.00114625 0.0599908 0.379518 0.290437 0.0405147 0.104329 0.0957891 0.0147748 0.00958452 0.0029298 0.000750346 0.000192205 3.49538e-05 4.92529e-06 4.80863e-07 2.94234e-08 1.01976e-09 1.45366e-11
 2.57147e-27 2.61028e-27 5.18261e-26 1.03929e-19 2.5477e-14 7.54929e-10 2.70403e-06 0.00117074 0.0612724 0.387626 0.296625 0.0402861 0.0982421 0.0901531 0.01343 0.00793599 0.00242678 0.000631512 0.000163314 3.03274e-05 4.27627e-06 4.18791e-07 2.43561e-08 7.57585e-10 1.05958e-11
 2.57165e-27 2.61077e-27 5.22556e-26 1.04835e-19 2.56991e-14 7.61511e-10 2.7276e-06 0.00118095 0.0618066 0.391005 0.299204 0.0402328 0.096024 0.08809 0.0127703 0.00694836 0.00208935 0.00049209 0.000125925 2.37508e-05 3.40794e-06 3.37602e-07 1.96165e-08 5.82808e-10 7.42086e-12
 2.5716e-27 2.61063e-27 5.21184e-26 1.04546e-19 2.56281e-14 7.59408e-10 2.72007e-06 0.00117769 0.0616359 0.389925 0.298382 0.0403444 0.0974509 0.0893911 0.0127189 0.00650209 0.00192989 0.000416761 0.000102197 1.77158e-05 2.53263e-06 2.55533e-07 1.50793e-08 4.47299e-10 5.45131e-12
 2.57155e-27 2.61047e-27 5.19863e-26 1.04267e-19 2.55599e-14 7.57384e-10 2.71282e-06 0.00117455 0.0614717 0.388886 0.297588 0.0403543 0.0980837 0.0899829 0.0129674 0.00691882 0.00204007 0.000413275 9.79726e-05 1.56179e-05 2.07212e-06 1.99634e-07 1.19349e-08 3.59841e-10 4.37708e-12
 2.57143e-27 2.61017e-27 5.17148e-26 1.03695e-19 2.54195e-14 7.53224e-10 2.69792e-06 0.0011681 0.061134 0.38675 0.295958 0.040432 0.0998202 0.0915859 0.0132602 0.00718363 0.00213013 0.00045031 0.000105997 1.58779e-05 1.97147e-06 1.73499e-07 9.73436e-09 2.93423e-10 3.62315e-12
 2.5717e-27 2.61088e-27 5.23372e-26 1.05008e-19 2.57413e-14 7.62762e-10 2.73208e-06 0.00118289 0.0619081 0.391647 0.299696 0.0402976 0.0961718 0.0882063 0.0124289 0.00613882 0.00181938 0.000390773 9.31813e-05 1.44281e-05 1.73694e-06 1.4185e-07 7.23856e-09 2.02991e-10 2.47657e-12
 2.57086e-27 2.60861e-27 5.03307e-26 1.00775e-19 2.47037e-14 7.32014e-10 2.62195e-06 0.00113521 0.0594125 0.37586 0.28765 0.0409036 0.109246 0.100272 0.014578 0.00800077 0.0023514 0.000460275 0.000108254 1.70393e-05 2.10202e-06 1.71705e-07 8.17018e-09 2.07945e-10 2.35107e-12
#obs catch len freq
 1.75023e-41 2.4292e-33 4.07549e-26 8.26501e-20 2.02607e-14 6.00361e-10 2.1504e-06 0.000931048 0.0487273 0.308263 0.236123 0.0441219 0.153968 0.130454 0.0368919 0.0284195 0.00870737 0.00277113 0.000550077 6.55491e-05 3.44051e-06 5.78336e-08 2.30529e-10 1.74697e-13 2.17679e-17
 1.76654e-41 2.45184e-33 4.11348e-26 8.34205e-20 2.04496e-14 6.05957e-10 2.17044e-06 0.000939726 0.0491815 0.311137 0.238375 0.0460036 0.156091 0.125182 0.0362318 0.0263162 0.00776295 0.00230994 0.000420667 4.36962e-05 1.88349e-06 2.45824e-08 7.31207e-11 4.0305e-14 3.59511e-18
 2.18051e-41 3.02641e-33 5.07743e-26 1.02969e-19 2.52417e-14 7.47957e-10 2.67906e-06 0.00115994 0.0607067 0.384048 0.294004 0.0432972 0.0988132 0.0747233 0.0222733 0.0152062 0.00434279 0.00120443 0.000199656 1.79865e-05 6.34816e-07 6.4133e-09 1.41912e-11 5.68171e-15 3.62998e-19
 1.73755e-41 2.4116e-33 4.04596e-26 8.20513e-20 2.01139e-14 5.96012e-10 2.13482e-06 0.000924302 0.0483743 0.306031 0.234703 0.0537439 0.183677 0.128921 0.0257249 0.0131679 0.00363885 0.000939679 0.000141438 1.09576e-05 3.14904e-07 2.45965e-09 4.04871e-12 1.17705e-15 5.38546e-20
 2.11298e-41 2.93268e-33 4.92018e-26 9.97802e-20 2.44599e-14 7.24793e-10 2.59609e-06 0.00112402 0.0588266 0.372154 0.285067 0.0474174 0.112949 0.0762655 0.0269678 0.0157193 0.00287842 0.000549271 7.40469e-05 4.90934e-06 1.141e-07 6.86796e-10 8.41549e-13 1.7799e-16 5.84085e-21
 2.39075e-41 3.3182e-33 5.56698e-26 1.12897e-19 2.76754e-14 8.20073e-10 2.93737e-06 0.00127178 0.0665598 0.421077 0.322379 0.0453398 0.0776929 0.0478628 0.0107874 0.00527825 0.0014569 0.000266953 2.3361e-05 1.21787e-06 2.27061e-08 1.04949e-10 9.56278e-14 1.47355e-17 3.47689e-22
 1.35798e-41 1.88479e-33 3.16213e-26 6.41273e-20 1.57201e-14 4.65814e-10 1.66847e-06 0.00072239 0.037807 0.239183 0.18444 0.0756022 0.270814 0.154257 0.0258515 0.00929041 0.0016923 0.000307457 2.94423e-05 1.05944e-06 1.39045e-08 4.83043e-11 3.26602e-14 3.66722e-18 6.2303e-23
 2.24615e-41 3.1175e-33 5.23026e-26 1.06069e-19 2.60015e-14 7.70471e-10 2.7597e-06 0.00119486 0.062534 0.395609 0.303096 0.0481601 0.0867397 0.0522992 0.0330697 0.0151305 0.00192872 0.00021813 1.65283e-05 5.65272e-07 5.41851e-09 1.26282e-11 6.04909e-15 4.90724e-19 6.0011e-24
 2.01381e-41 2.79504e-33 4.68925e-26 9.50971e-20 2.33119e-14 6.90775e-10 2.47424e-06 0.00107126 0.0560656 0.354691 0.272414 0.063624 0.152331 0.0755246 0.0149987 0.00669156 0.00228963 0.000282846 1.28256e-05 3.03119e-07 2.39409e-09 4.16349e-12 1.34372e-15 7.38577e-20 6.30829e-25
 2.06586e-41 2.86727e-33 4.81044e-26 9.75548e-20 2.39144e-14 7.08628e-10 2.53819e-06 0.00109895 0.0575146 0.363858 0.279502 0.063583 0.138022 0.066565 0.0213398 0.00721759 0.00109117 0.000192809 1.26213e-05 2.07735e-07 1.03489e-09 1.32133e-12 3.17441e-16 1.22168e-20 7.04617e-26
 2.02561e-41 2.81142e-33 4.71673e-26 9.56544e-20 2.34485e-14 6.94823e-10 2.48874e-06 0.00107754 0.0563942 0.356772 0.27442 0.0693732 0.147963 0.0661366 0.0198933 0.00666689 0.00117303 0.000120354 7.15933e-06 1.45935e-07 5.96197e-10 4.84791e-13 7.76708e-17 2.1335e-21 8.83585e-27
 2.13842e-41 2.96798e-33 4.97941e-26 1.00981e-19 2.47544e-14 7.33518e-10 2.62734e-06 0.00113755 0.0595347 0.376641 0.289644 0.0678841 0.126994 0.053924 0.0178415 0.00541534 0.000888199 8.97418e-05 3.82599e-06 6.04819e-08 2.48005e-10 1.78831e-13 2.03218e-17 3.63422e-22 1.00335e-27
 2.08986e-41 2.90059e-33 4.86634e-26 9.86883e-20 2.41923e-14 7.16861e-10 2.56768e-06 0.00111172 0.0581829 0.368092 0.283603 0.0753709 0.139018 0.0540088 0.0155201 0.00432686 0.000698333 6.27267e-05 2.35245e-06 2.76911e-08 8.24072e-11 5.0064e-14 4.95849e-18 7.06753e-23 1.39424e-28
 2.04285e-41 2.83535e-33 4.75688e-26 9.64686e-20 2.36481e-14 7.00738e-10 2.50993e-06 0.00108671 0.0568742 0.359817 0.277815 0.0820035 0.145781 0.0544443 0.0173168 0.00423158 0.00057877 4.67288e-05 1.51238e-06 1.44816e-08 3.20538e-11 1.37503e-14 1.01215e-18 1.14567e-23 1.82618e-29
 1.92913e-41 2.6775e-33 4.49207e-26 9.10982e-20 2.23317e-14 6.61728e-10 2.3702e-06 0.00102622 0.053708 0.339794 0.263439 0.0937679 0.164171 0.058966 0.019833 0.00464077 0.000609671 4.03484e-05 1.07232e-06 8.35458e-09 1.43851e-11 4.56932e-15 2.38481e-19 1.89746e-24 2.18227e-30
 1.75187e-41 2.43148e-33 4.0793e-26 8.27275e-20 2.02797e-14 6.00924e-10 2.15241e-06 0.00093192 0.048773 0.308586 0.240968 0.109983 0.189612 0.0684279 0.0260658 0.00585261 0.000751844 4.49856e-05 9.65788e-07 5.79357e-09 7.67401e-12 1.8434e-15 7.0979e-20 4.0647e-25 3.2984e-31
 1.96448e-41 2.72658e-33 4.5744e-26 9.27678e-20 2.27409e-14 6.73856e-10 2.41364e-06 0.00104502 0.0546924 0.346034 0.269184 0.0978832 0.144706 0.055463 0.0245736 0.00563932 0.000736054 4.06383e-05 7.49062e-07 3.5249e-09 3.47425e-12 6.15747e-16 1.74826e-20 7.33296e-26 4.31341e-32
 1.92089e-41 2.66607e-33 4.47288e-26 9.07091e-20 2.22363e-14 6.58901e-10 2.36008e-06 0.00102183 0.0534787 0.338371 0.264771 0.111697 0.156628 0.0508916 0.0180958 0.00440483 0.00060639 3.23033e-05 5.2484e-07 2.0206e-09 1.53089e-12 1.99614e-16 4.09311e-21 1.23688e-26 5.24964e-33
 1.90296e-41 2.64118e-33 4.43113e-26 8.98624e-20 2.20287e-14 6.52751e-10 2.33805e-06 0.00101229 0.0529795 0.335229 0.263538 0.118818 0.155028 0.0513364 0.0181229 0.00348177 0.000429622 2.26546e-05 3.35513e-07 1.08738e-09 6.53447e-13 6.47972e-17 9.7947e-22 2.13695e-27 6.47827e-34
 1.92979e-41 2.67842e-33 4.49361e-26 9.11294e-20 2.23393e-14 6.61954e-10 2.37101e-06 0.00102657 0.0537265 0.339972 0.268196 0.122604 0.146544 0.047978 0.0165709 0.00305353 0.000311577 1.34652e-05 1.77194e-07 4.94524e-10 2.41825e-13 1.86997e-17 2.13914e-22 3.45654e-28 7.63572e-35
 2.00986e-41 2.78955e-33 4.68005e-26 9.49105e-20 2.32662e-14 6.8942e-10 2.46939e-06 0.00106916 0.0559557 0.354091 0.27967 0.12163 0.130791 0.0410733 0.0131986 0.00229848 0.000212302 7.41889e-06 7.57441e-08 1.7113e-10 6.81664e-14 4.18639e-18 3.69905e-23 4.51693e-29 7.41842e-36
 2.00266e-41 2.77956e-33 4.66329e-26 9.45706e-20 2.31829e-14 6.86951e-10 2.46055e-06 0.00106533 0.0557554 0.352857 0.280534 0.130084 0.129289 0.0377473 0.0108205 0.00170163 0.000139381 4.12622e-06 3.27865e-08 5.52915e-11 1.66638e-14 7.88861e-19 5.38179e-24 5.02448e-30 6.22821e-37
 2.04602e-41 2.83974e-33 4.76426e-26 9.66181e-20 2.36848e-14 7.01824e-10 2.51382e-06 0.0010884 0.0569626 0.360525 0.287546 0.130787 0.118391 0.0342791 0.00909696 0.00123401 8.52518e-05 2.09139e-06 1.32373e-08 1.6904e-11 3.72732e-15 1.28318e-19 6.43047e-25 4.45932e-31 4.12873e-38
 1.97272e-41 2.738e-33 4.59356e-26 9.31565e-20 2.28362e-14 6.76679e-10 2.42375e-06 0.0010494 0.0549219 0.347683 0.281043 0.146393 0.124818 0.0345519 0.00843532 0.00104159 5.97377e-05 1.16015e-06 5.71812e-09 5.57265e-12 9.14535e-16 2.29138e-20 8.2466e-26 4.09368e-32 2.72294e-39
 2.02033e-41 2.80409e-33 4.70445e-26 9.54052e-20 2.33875e-14 6.93013e-10 2.48226e-06 0.00107473 0.0562478 0.356117 0.288691 0.144021 0.112661 0.0327053 0.0076033 0.000835487 4.06921e-05 6.26287e-07 2.33141e-09 1.6931e-12 2.05735e-16 3.78376e-21 9.89359e-27 3.53376e-33 1.67887e-40
 1.99146e-41 2.76401e-33 4.6372e-26 9.40415e-20 2.30532e-14 6.83108e-10 2.44678e-06 0.00105937 0.0554441 0.351126 0.288227 0.154174 0.11191 0.0306587 0.00667278 0.000695855 2.89288e-05 3.55983e-07 1.00855e-09 5.38675e-13 4.75027e-17 6.32385e-22 1.19596e-27 3.08363e-34 1.05422e-41
 1.93279e-41 2.68258e-33 4.50058e-26 9.12709e-20 2.2374e-14 6.62983e-10 2.3747e-06 0.00102816 0.0538112 0.340927 0.284794 0.166923 0.114348 0.031339 0.00622709 0.000579167 2.10872e-05 2.12012e-07 4.61296e-10 1.82892e-13 1.17168e-17 1.11922e-22 1.51137e-28 2.78071e-35 6.78888e-43
 1.86718e-41 2.59153e-33 4.34782e-26 8.8173e-20 2.16146e-14 6.40479e-10 2.29409e-06 0.000993264 0.0519854 0.329552 0.281253 0.180138 0.117039 0.032468 0.00605108 0.000502936 1.53778e-05 1.26201e-07 2.15362e-10 6.42923e-14 3.02145e-18 2.08602e-23 2.01713e-29 2.64188e-36 4.57664e-44
 1.88839e-41 2.62096e-33 4.3972e-26 8.91744e-20 2.186e-14 6.47753e-10 2.32015e-06 0.00100454 0.0525757 0.333258 0.282876 0.174332 0.115375 0.0337902 0.00627198 0.000500455 1.38149e-05 9.81573e-08 1.42544e-10 3.57729e-14 1.39089e-18 7.82584e-24 6.10162e-30 6.4008e-37 8.84443e-45
#spawning biomass
 6351.02 7239.57 9818.78 11873.7 19170.7 30916.2 30971.5 34680 46922.9 55664.5 67836 85484.6 122606 137529 130096 108951 110140 103175 102827 99117.8 104421 115887 122085 129754 130799 137836 141680 126489 155243 277961 254869 140279 72903.1 40485.3 26596.6 21074 18987.1 18226.4 17956.3 17862.2 17830 17819 17815.3 17814.1 17813.7 17813.6 17813.5 17813.5 17813.5 17813.5 17813.5 17813.5 17813.5 17813.5 17813.5 17813.5 17813.5 17813.5 17813.5 17813.5 17813.5 17813.5 17813.5 17813.5 17813.5 17813.5 17813.5 17813.5 17813.5 17813.5 17813.5 17813.5 17813.5 17813.5 17813.5 17813.5 17813.5 17813.5 17813.5 17813.5 17813.5 17813.5 17813.5 17813.5 17813.5 17813.5 17813.5 17813.5 17813.5 17813.5 17813.5 17813.5 17813.5 17813.5 17813.5 17813.5 17813.5 17813.5 17813.5 17813.5 17813.5 17813.5 17813.5 17813.5 17813.5 17813.5 17813.5 17813.5 17813.5 17813.5 17813.5 17813.5 17813.5 17813.5 17813.5 17813.5 17813.5 17813.5 17813.5 17813.5 17813.5 17813.5 17813.5 17813.5 17813.5 17813.5 17813.5 17813.5 17813.5 0 0 0 0 0 0 0 0 0 0 0 0 0 0 0 0 0 0 0 0 0 0 0 0 0
