SBPRF35
0.651535
Curr Bio
124844
B35
481769
F35
0.31845
FOFL
0
OFL
0
Bzero
186153
#pred survey bio
 13160.3 10687.9 13331.9 18993.2 24942.8 28647.8 33087.3 37927.6 44140.3 57313.4 75795.1 87273.5 109689 139274 142168 118001 109713 108974 115089 102165 101877 116902 124459 132075 147881 141028 125689 99715.3 1.77476e+06 2.74821e+06 3.25288e+06 3.09279e+06 2.72318e+06 2.35764e+06 2.0636e+06 1.84885e+06 1.70023e+06 1.60053e+06 1.53472e+06 1.49152e+06 1.46307e+06 1.44415e+06 1.4312e+06 1.42195e+06 1.41559e+06 1.41112e+06 1.40791e+06 1.40555e+06 1.40378e+06 1.40245e+06 1.40143e+06 1.40064e+06 1.40003e+06 1.39955e+06 1.39918e+06 1.39888e+06 1.39865e+06 1.39847e+06 1.39832e+06 1.39821e+06 1.39812e+06 1.39805e+06 1.39799e+06 1.39795e+06 1.39791e+06 1.39788e+06 1.39786e+06 1.39784e+06 1.39783e+06 1.39782e+06 1.39781e+06 1.3978e+06 1.3978e+06 1.39779e+06 1.39779e+06 1.39779e+06 1.39779e+06 1.39778e+06 1.39778e+06 1.39778e+06 1.39778e+06 1.39778e+06 1.39778e+06 1.39778e+06 1.39778e+06 1.39778e+06 1.39778e+06 1.39778e+06 1.39778e+06 1.39778e+06 1.39778e+06 1.39778e+06 1.39778e+06 1.39778e+06 1.39778e+06 1.39778e+06 1.39778e+06 1.39778e+06 1.39778e+06 1.39778e+06 1.39778e+06 1.39778e+06 1.39778e+06 1.39778e+06 1.39778e+06 1.39778e+06 1.39778e+06 1.39778e+06 1.39778e+06 1.39778e+06 1.39778e+06 1.39778e+06 1.39778e+06 1.39778e+06 1.39778e+06 1.39778e+06 1.39778e+06 1.39778e+06 1.39778e+06 1.39778e+06 1.39778e+06 1.39778e+06 1.39778e+06 1.39778e+06 1.39778e+06 1.39778e+06 1.39778e+06 1.39778e+06 0 0 0 0 0 0 0 0 0 0 0 0 0 0 0 0 0 0 0 0 0 0 0 0 0
#obs survey bio
 11850.6 11589.8 16141.4 24562 30352.4 24706.8 26532.7 36271.8 36922.2 57006.8 81654.3 84096.7 112976 103860 78926.9 93924.8 73512.9 120810 100603 99628.3 88207.3 80168.1 93991.7 120222 122830 97618.6 115030 64167.3
#pred catch bio
 8475.38 5974.27 6603.18 9707.28 15062.3 17821.5 21109.2 24969.6 29614.2 37012.2 53962.4 63162 75707.1 99984.2 112430 92069.6 85945.1 83395.7 95338.5 84011.2 80115.3 94492.8 103867 107515 127089 121730 110815 95604.8 0 25430 35615.8 33548 28606.9 23986.7 20401 17860.2 16159.1 15063.4 14376.7 13954.8 13699.5 13546.6 13455.5 13401 13369.5 13351.5 13341 13335 13331.6 13329.6 13328.4 13327.8 13327.4 13327.2 13327 13327 13326.9 13326.9 13326.9 13326.9 13326.9 13326.9 13326.9 13326.9 13326.9 13326.9 13326.9 13326.9 13326.9 13326.9 13326.9 13326.9 13326.9 13326.9 13326.9 13326.9 13326.9 13326.9 13326.9 13326.9 13326.9 13326.9 13326.9 13326.9 13326.9 13326.9 13326.9 13326.9 13326.9 13326.9 13326.9 13326.9 13326.9 13326.9 13326.9 13326.9 13326.9 13326.9 13326.9 13326.9 13326.9 13326.9 13326.9 13326.9 13326.9 13326.9 13326.9 13326.9 13326.9 13326.9 13326.9 13326.9 13326.9 13326.9 13326.9 13326.9 13326.9 13326.9 13326.9 13326.9 13326.9 13326.9 13326.9 13326.9 13326.9 13326.9 13326.9 13326.9 0 0 0 0 0 0 0 0 0 0 0 0 0 0 0 0 0 0 0 0 0 0 0 0 0
#obs catch bio
 5977.36 5951.65 6408.78 9478.39 14849 17306.5 21264.8 24417 29794.8 35943.3 52349.2 62422.9 73025.2 97426.6 114366 90722.4 83652.9 81834 93083.9 81443.1 78206.5 91365.1 101656 102918 121202 118786 106942 94880.6
#pred cpue bio
 9711.6 7164.14 7905.28 11461.4 15701 17354.8 19657.5 22311 25038.5 30032.8 41329.8 47121.7 55205.5 74247.8 82882.9 67649.6 59889.3 57694.3 60993.2 54240.2 50776.4 57985.7 62505.9 63361.1 72158.5 69882.2 64039 52076.6 805689 2.11035e+06 3.0749e+06 2.96775e+06 2.58638e+06 2.21519e+06 1.91955e+06 1.7044e+06 1.5557e+06 1.45597e+06 1.39015e+06 1.34695e+06 1.31851e+06 1.29958e+06 1.28663e+06 1.27738e+06 1.27103e+06 1.26656e+06 1.26334e+06 1.26098e+06 1.25922e+06 1.25789e+06 1.25687e+06 1.25608e+06 1.25547e+06 1.25499e+06 1.25461e+06 1.25432e+06 1.25409e+06 1.2539e+06 1.25376e+06 1.25365e+06 1.25356e+06 1.25348e+06 1.25343e+06 1.25338e+06 1.25335e+06 1.25332e+06 1.2533e+06 1.25328e+06 1.25327e+06 1.25325e+06 1.25325e+06 1.25324e+06 1.25323e+06 1.25323e+06 1.25323e+06 1.25322e+06 1.25322e+06 1.25322e+06 1.25322e+06 1.25322e+06 1.25322e+06 1.25322e+06 1.25321e+06 1.25321e+06 1.25321e+06 1.25321e+06 1.25321e+06 1.25321e+06 1.25321e+06 1.25321e+06 1.25321e+06 1.25321e+06 1.25321e+06 1.25321e+06 1.25321e+06 1.25321e+06 1.25321e+06 1.25321e+06 1.25321e+06 1.25321e+06 1.25321e+06 1.25321e+06 1.25321e+06 1.25321e+06 1.25321e+06 1.25321e+06 1.25321e+06 1.25321e+06 1.25321e+06 1.25321e+06 1.25321e+06 1.25321e+06 1.25321e+06 1.25321e+06 1.25321e+06 1.25321e+06 1.25321e+06 1.25321e+06 1.25321e+06 1.25321e+06 1.25321e+06 1.25321e+06 1.25321e+06 1.25321e+06 1.25321e+06 1.25321e+06 1.25321e+06 1.25321e+06 0 0 0 0 0 0 0 0 0 0 0 0 0 0 0 0 0 0 0 0 0 0 0 0 0
#obs cpue bio
 5762.46 8083.62 11811.9 9745.44 19872.3 28693.9 17725.2 39795 24816.2 57847.6 55186.6 65652 86930.4 125430 97368.6 150285 109572 82102.3 91374.4 103157 80434.9 130319 128808 147941 171136 126780 136377 108039
#pred surv len freq
 2.56069e-27 2.58182e-27 2.75958e-26 5.28173e-20 1.29475e-14 3.83658e-10 1.3742e-06 0.000594976 0.0311389 0.196994 0.151048 0.0394544 0.194188 0.179682 0.046751 0.0619063 0.0267005 0.0206421 0.0127077 0.00967312 0.00760185 0.00658914 0.00663124 0.00589485 0.00180128
 2.56362e-27 2.58987e-27 3.46808e-26 6.77634e-20 1.66114e-14 4.92225e-10 1.76307e-06 0.000763341 0.0399505 0.252738 0.193586 0.0377381 0.151245 0.140629 0.0506095 0.0802145 0.027254 0.0113739 0.00507895 0.0028947 0.00185304 0.00137684 0.00122998 0.00109574 0.000367189
 2.56636e-27 2.597e-27 4.06346e-26 8.03221e-20 1.969e-14 5.8345e-10 2.08982e-06 0.000904812 0.0473546 0.299578 0.229374 0.0391189 0.136608 0.126406 0.0351272 0.0485766 0.0190793 0.0117291 0.00375816 0.00116977 0.000493581 0.000278916 0.000206575 0.000173349 6.02164e-05
 2.56477e-27 2.59254e-27 3.65685e-26 7.17437e-20 1.75871e-14 5.21137e-10 1.86663e-06 0.000808178 0.0422971 0.267583 0.204978 0.0412676 0.1701 0.157178 0.0381859 0.0476833 0.0169242 0.00817298 0.00320792 0.00117607 0.000265989 8.33318e-05 4.3548e-05 3.15439e-05 1.08654e-05
 2.56408e-27 2.59088e-27 3.52905e-26 6.90485e-20 1.69264e-14 5.0156e-10 1.7965e-06 0.000777817 0.0407082 0.257531 0.197282 0.0400046 0.165896 0.153714 0.0451087 0.0643285 0.0217232 0.00871332 0.00291036 0.00095949 0.000267848 5.12059e-05 1.25669e-05 6.52102e-06 2.11106e-06
 2.565e-27 2.59324e-27 3.72673e-26 7.32183e-20 1.79486e-14 5.31849e-10 1.90499e-06 0.000824789 0.0431665 0.273083 0.209164 0.0404127 0.160654 0.14863 0.0397383 0.0533827 0.0187568 0.00861808 0.00265818 0.000703882 0.000164855 3.37973e-05 4.77957e-06 1.1179e-06 3.02594e-07
 2.56497e-27 2.59305e-27 3.69782e-26 7.2608e-20 1.7799e-14 5.27415e-10 1.88911e-06 0.000817914 0.0428066 0.270807 0.207442 0.041441 0.169689 0.156792 0.0380226 0.0473473 0.0158849 0.00623381 0.0020096 0.000571224 0.000111545 1.8577e-05 2.40959e-06 2.49321e-07 3.93395e-08
 2.56518e-27 2.59359e-27 3.74361e-26 7.35738e-20 1.80357e-14 5.34431e-10 1.91424e-06 0.000828793 0.0433761 0.274409 0.210192 0.0414235 0.167624 0.154889 0.0377638 0.0471981 0.0152561 0.00507022 0.00149621 0.000379272 7.87257e-05 1.17802e-05 1.21849e-06 8.92909e-08 5.90663e-09
 2.566e-27 2.59576e-27 3.92858e-26 7.74757e-20 1.89922e-14 5.62774e-10 2.01576e-06 0.000872747 0.0456764 0.288962 0.221305 0.0414441 0.159973 0.147705 0.0342517 0.040982 0.01315 0.00421175 0.00116285 0.000248724 4.52199e-05 6.66402e-06 6.33052e-07 3.57132e-08 1.26296e-09
 2.56766e-27 2.60015e-27 4.30632e-26 8.5444e-20 2.09456e-14 6.20655e-10 2.22308e-06 0.000962509 0.0503742 0.318681 0.243995 0.0412152 0.14229 0.131192 0.0277938 0.0303835 0.00951994 0.0026965 0.000722898 0.000145695 2.29894e-05 2.86606e-06 2.54972e-07 1.28999e-08 3.20583e-10
 2.56612e-27 2.59587e-27 3.92044e-26 7.73033e-20 1.895e-14 5.61521e-10 2.01127e-06 0.000870805 0.0455748 0.288319 0.220838 0.0429741 0.171944 0.158425 0.0302438 0.0290993 0.00888688 0.00216065 0.000546208 9.84266e-05 1.46412e-05 1.60948e-06 1.19244e-07 5.45923e-09 1.16516e-10
 2.56659e-27 2.5972e-27 4.04166e-26 7.98606e-20 1.95769e-14 5.80097e-10 2.07781e-06 0.000899613 0.0470825 0.297857 0.22811 0.042288 0.161613 0.148984 0.0302357 0.0314382 0.00929467 0.00172656 0.000398106 6.12017e-05 8.15466e-06 8.11098e-07 5.28659e-08 2.01449e-09 3.78928e-11
 2.56808e-27 2.60118e-27 4.38803e-26 8.71673e-20 2.1368e-14 6.33173e-10 2.26792e-06 0.000981922 0.0513903 0.325109 0.248911 0.0417614 0.142992 0.131673 0.0248713 0.023568 0.00700875 0.00138451 0.000305662 3.64164e-05 4.12106e-06 3.50227e-07 2.01378e-08 6.65648e-10 1.04582e-11
 2.5663e-27 2.5963e-27 3.95097e-26 7.79471e-20 1.91078e-14 5.66198e-10 2.02803e-06 0.000878058 0.0459544 0.29072 0.22268 0.0435053 0.174692 0.160827 0.0282492 0.023926 0.00701721 0.00123984 0.000270522 3.36041e-05 3.34469e-06 2.21635e-07 1.05599e-08 3.00383e-10 4.04236e-12
 2.56411e-27 2.59045e-27 3.44399e-26 6.72524e-20 1.64861e-14 4.88513e-10 1.74977e-06 0.000757584 0.0396492 0.250832 0.192231 0.0440511 0.200239 0.184647 0.0369093 0.0376648 0.0109362 0.00168766 0.000349239 3.94479e-05 3.91147e-06 2.47963e-07 9.31098e-09 2.1093e-10 2.39302e-12
 2.56501e-27 2.59295e-27 3.67034e-26 7.20275e-20 1.76567e-14 5.23199e-10 1.87401e-06 0.000811375 0.0424644 0.268642 0.205813 0.0429559 0.182362 0.168243 0.0356804 0.0390017 0.0114949 0.00205333 0.000430133 4.23182e-05 3.81481e-06 2.26174e-07 8.2019e-09 1.52198e-10 1.34667e-12
 2.56615e-27 2.59598e-27 3.93168e-26 7.75405e-20 1.90081e-14 5.63245e-10 2.01745e-06 0.000873478 0.0457147 0.289204 0.221511 0.0427989 0.170138 0.156805 0.030802 0.0307646 0.0091494 0.00179611 0.000392533 4.36552e-05 3.84912e-06 1.98576e-07 6.57245e-09 1.15239e-10 8.60841e-13
 2.56654e-27 2.59695e-27 4.00933e-26 7.91781e-20 1.94096e-14 5.7514e-10 2.06006e-06 0.000891925 0.0466802 0.295312 0.226182 0.0432555 0.170331 0.156823 0.0279102 0.0241573 0.00703215 0.00114639 0.000243833 2.92966e-05 2.79553e-06 1.5477e-07 4.63024e-09 7.22097e-11 4.99467e-13
 2.56654e-27 2.59695e-27 4.00983e-26 7.91887e-20 1.94122e-14 5.75217e-10 2.06033e-06 0.000892044 0.0466864 0.295351 0.226212 0.0432017 0.169901 0.156444 0.0281555 0.0248058 0.00712983 0.000998742 0.00019778 2.03411e-05 1.92184e-06 1.16178e-07 3.77405e-09 5.63646e-11 3.45611e-13
 2.56598e-27 2.59534e-27 3.85796e-26 7.59847e-20 1.86267e-14 5.51943e-10 1.97697e-06 0.000855952 0.0447974 0.283401 0.217106 0.0444098 0.185492 0.170651 0.0274166 0.0195436 0.00553203 0.000659752 0.000120655 1.04549e-05 8.56972e-07 4.63155e-08 1.58465e-09 2.57633e-11 1.57135e-13
 2.56789e-27 2.6006e-27 4.32971e-26 8.59368e-20 2.10664e-14 6.24234e-10 2.2359e-06 0.000968061 0.0506648 0.32052 0.245419 0.0425129 0.151164 0.139091 0.0239467 0.0195719 0.00549358 0.000547882 9.12442e-05 6.88123e-06 4.9215e-07 2.20105e-08 6.53455e-10 1.05781e-11 6.95978e-14
 2.56767e-27 2.59993e-27 4.26411e-26 8.45527e-20 2.07271e-14 6.1418e-10 2.19989e-06 0.000952468 0.0498488 0.315357 0.241488 0.0432316 0.159395 0.146556 0.0229094 0.0153345 0.00432802 0.00050276 8.7959e-05 5.69521e-06 3.53118e-07 1.33655e-08 3.28903e-10 4.48158e-12 2.81425e-14
 2.56731e-27 2.59895e-27 4.17602e-26 8.26944e-20 2.02715e-14 6.00682e-10 2.15154e-06 0.000931536 0.0487532 0.308426 0.236202 0.0435883 0.165824 0.152469 0.0236111 0.015442 0.00429487 0.000389507 6.15274e-05 4.47189e-06 2.8349e-07 9.01182e-09 1.86073e-10 2.07486e-12 1.08126e-14
 2.56834e-27 2.60175e-27 4.42414e-26 8.79286e-20 2.15546e-14 6.38702e-10 2.28772e-06 0.000990497 0.051839 0.327948 0.251096 0.0428369 0.149641 0.137536 0.0209589 0.0131553 0.00364223 0.000305787 4.50883e-05 2.63595e-06 1.50109e-07 5.2221e-09 9.9497e-11 9.11946e-13 3.86896e-15
 2.56782e-27 2.6003e-27 4.29311e-26 8.51644e-20 2.0877e-14 6.18623e-10 2.21581e-06 0.000959359 0.0502094 0.317639 0.243234 0.0434713 0.159993 0.14703 0.0215855 0.0121951 0.00336436 0.000275367 3.97199e-05 2.1725e-06 1.09389e-07 3.07122e-09 5.75993e-11 5.26511e-13 1.89224e-15
 2.56732e-27 2.59892e-27 4.16833e-26 8.2532e-20 2.02317e-14 5.99502e-10 2.14732e-06 0.000929706 0.0486574 0.307821 0.235747 0.0440734 0.169835 0.156059 0.0222052 0.011335 0.00309613 0.000211857 2.65262e-05 1.39074e-06 6.63369e-08 1.68014e-09 2.62576e-11 2.11804e-13 7.59108e-16
 2.5667e-27 2.59723e-27 4.01972e-26 7.93968e-20 1.94632e-14 5.76729e-10 2.06575e-06 0.000894389 0.0468091 0.296127 0.226824 0.0444507 0.178975 0.164512 0.0240537 0.0134187 0.00366615 0.000237073 2.78167e-05 1.26347e-06 5.08554e-08 1.20999e-09 1.74406e-11 1.20111e-13 3.66121e-16
 2.56604e-27 2.59543e-27 3.8594e-26 7.60148e-20 1.86341e-14 5.52162e-10 1.97775e-06 0.000856291 0.0448152 0.283514 0.217201 0.0449707 0.189693 0.174395 0.0256617 0.0145963 0.0039945 0.000266951 3.22398e-05 1.39573e-06 5.07413e-08 1.00854e-09 1.26678e-11 8.0371e-14 2.15196e-16
#obs surv len freq
 1.08402e-41 1.50455e-33 2.5242e-26 5.11902e-20 1.25487e-14 3.7184e-10 1.33187e-06 0.000576654 0.0301798 0.190927 0.146499 0.0401479 0.173253 0.146619 0.103921 0.101888 0.0442872 0.0173178 0.00387744 0.000481835 2.46233e-05 3.75898e-07 1.28304e-09 7.95058e-13 7.82819e-17
 1.60654e-41 2.22977e-33 3.74089e-26 7.58646e-20 1.85973e-14 5.51072e-10 1.97385e-06 0.000854609 0.0447268 0.282955 0.216788 0.0406933 0.126542 0.102117 0.075805 0.0684786 0.0285888 0.0101781 0.00204442 0.000217845 9.04055e-06 1.06016e-07 2.67546e-10 1.19946e-13 8.44019e-18
 1.53429e-41 2.12949e-33 3.57266e-26 7.24528e-20 1.7761e-14 5.2629e-10 1.88508e-06 0.000816177 0.0427154 0.270231 0.207302 0.050046 0.177069 0.129057 0.0565134 0.0426137 0.0170855 0.0054879 0.000971631 8.72275e-05 2.90417e-06 2.60578e-08 4.85403e-11 1.57141e-14 7.89033e-19
 1.07803e-41 1.49623e-33 2.51024e-26 5.09071e-20 1.24793e-14 3.69784e-10 1.32451e-06 0.000573465 0.0300129 0.189872 0.146169 0.0564115 0.229713 0.162773 0.0981206 0.0659237 0.0159312 0.00386112 0.000591373 4.38809e-05 1.15247e-06 7.84093e-09 1.07574e-11 2.51524e-15 9.01252e-20
 1.50399e-41 2.08744e-33 3.50212e-26 7.10223e-20 1.74103e-14 5.15898e-10 1.84786e-06 0.000800061 0.041872 0.264896 0.203263 0.0473188 0.142621 0.104325 0.103557 0.068705 0.018809 0.00348991 0.000322504 1.80341e-05 3.6621e-07 1.86491e-09 1.87191e-12 3.15538e-16 8.07234e-21
 1.19915e-41 1.66434e-33 2.79228e-26 5.66269e-20 1.38814e-14 4.11332e-10 1.47332e-06 0.000637898 0.0333851 0.211207 0.16282 0.0649244 0.231016 0.143974 0.0787791 0.0500147 0.0191832 0.00375214 0.000294859 1.00466e-05 1.35347e-07 4.99624e-10 3.63037e-13 4.38656e-17 7.99219e-22
 1.37408e-41 1.90714e-33 3.19962e-26 6.48877e-20 1.59064e-14 4.71337e-10 1.68825e-06 0.000730955 0.0382553 0.242017 0.186222 0.0577996 0.174677 0.116525 0.11033 0.0574567 0.0131637 0.0025817 0.000231817 6.64918e-06 5.64787e-08 1.29737e-10 6.42487e-14 5.4721e-18 7.05385e-23
 1.19325e-41 1.65616e-33 2.77855e-26 5.63484e-20 1.38131e-14 4.09309e-10 1.46608e-06 0.00063476 0.0332208 0.210171 0.162476 0.0722873 0.22742 0.133422 0.0937737 0.0494961 0.0148529 0.00210157 0.00013999 3.95446e-06 2.82979e-08 4.31773e-11 1.31495e-14 7.21508e-19 6.31063e-24
 1.51504e-41 2.10278e-33 3.52785e-26 7.1544e-20 1.75382e-14 5.19688e-10 1.86144e-06 0.000805939 0.0421796 0.266846 0.205567 0.0642943 0.166463 0.10386 0.0965081 0.042354 0.00964234 0.00139462 8.21619e-05 1.65563e-06 9.86469e-09 1.24095e-11 2.70366e-15 9.56112e-20 5.27689e-25
 1.51651e-41 2.10481e-33 3.53126e-26 7.16132e-20 1.75551e-14 5.20191e-10 1.86324e-06 0.000806718 0.0422204 0.267107 0.206393 0.0780178 0.198728 0.103817 0.0662829 0.028617 0.00715863 0.00080903 3.94133e-05 6.74161e-07 2.92825e-09 2.7504e-12 4.69093e-16 1.25178e-20 4.85083e-26
 1.09867e-41 1.52488e-33 2.5583e-26 5.18818e-20 1.27182e-14 3.76864e-10 1.34987e-06 0.000584445 0.0305875 0.193521 0.151268 0.0970952 0.257781 0.13599 0.0952839 0.0318105 0.00548121 0.000571493 2.36633e-05 3.09317e-07 1.05044e-09 7.27554e-13 8.85228e-17 1.72797e-21 4.9993e-27
 1.66304e-41 2.30819e-33 3.87247e-26 7.85329e-20 1.92514e-14 5.70455e-10 2.04328e-06 0.000884668 0.0463 0.292918 0.226169 0.0712819 0.144898 0.0941912 0.08974 0.0286559 0.00461166 0.000337693 1.03427e-05 1.08805e-07 2.7702e-10 1.41662e-13 1.26283e-17 1.76066e-22 3.59747e-28
 1.33712e-41 1.85584e-33 3.11355e-26 6.31421e-20 1.54786e-14 4.58658e-10 1.64284e-06 0.000711292 0.0372262 0.235528 0.184524 0.110526 0.242858 0.106676 0.0574308 0.0202889 0.00395961 0.000263686 6.03735e-06 4.34431e-08 8.09459e-11 3.04961e-14 1.96057e-18 1.96267e-23 2.87224e-29
 1.12141e-41 1.55644e-33 2.61126e-26 5.29558e-20 1.29815e-14 3.84665e-10 1.37781e-06 0.000596544 0.0312207 0.197543 0.156116 0.112055 0.235447 0.13734 0.102984 0.0236294 0.00286635 0.000197424 4.4029e-06 2.44035e-08 3.09262e-11 7.96544e-15 3.62816e-19 2.59484e-24 2.69911e-30
 8.75572e-42 1.21524e-33 2.03881e-26 4.13467e-20 1.01357e-14 3.00338e-10 1.07576e-06 0.000465768 0.0243765 0.154256 0.12433 0.12354 0.249469 0.159865 0.124409 0.0344683 0.00461387 0.000201429 3.38728e-06 1.69722e-08 1.73492e-11 3.16747e-15 9.72285e-20 4.7186e-25 3.40347e-31
 1.41396e-41 1.96249e-33 3.29248e-26 6.67708e-20 1.63681e-14 4.85016e-10 1.73725e-06 0.000752169 0.0393656 0.249073 0.195245 0.094487 0.159664 0.126582 0.101799 0.0287507 0.00408561 0.000191053 2.53924e-06 8.62455e-09 6.83649e-12 1.00354e-15 2.32365e-20 7.96058e-26 3.91442e-32
 9.77455e-42 1.35664e-33 2.27605e-26 4.61578e-20 1.13151e-14 3.35286e-10 1.20094e-06 0.000519965 0.027213 0.172243 0.142035 0.162853 0.273904 0.125682 0.0709701 0.0214013 0.00303517 0.000139863 1.81839e-06 5.22993e-09 2.93179e-12 2.99492e-16 5.13836e-21 1.33796e-26 4.90867e-33
 1.43367e-41 1.98984e-33 3.33837e-26 6.77016e-20 1.65962e-14 4.91777e-10 1.76146e-06 0.000762654 0.0399143 0.252571 0.199927 0.107959 0.161521 0.136361 0.0841717 0.0151276 0.00160986 7.17619e-05 8.72541e-07 2.27547e-09 1.08481e-12 8.46798e-17 1.02145e-21 1.83961e-27 4.78639e-34
 1.00217e-41 1.39094e-33 2.33359e-26 4.73248e-20 1.16011e-14 3.43762e-10 1.2313e-06 0.000533111 0.0279011 0.176654 0.149291 0.183036 0.260541 0.121563 0.0628586 0.0160869 0.00149153 4.28457e-05 4.18148e-07 9.50105e-10 3.86624e-13 2.50184e-17 2.39852e-22 3.25349e-28 6.07236e-35
 1.28946e-41 1.78969e-33 3.00257e-26 6.08916e-20 1.49269e-14 4.4231e-10 1.58428e-06 0.00068594 0.0358995 0.22723 0.184403 0.132323 0.181205 0.151989 0.0739245 0.0113528 0.000958967 2.74037e-05 1.90935e-07 3.04919e-10 9.69593e-14 5.06276e-18 3.88798e-23 4.16184e-29 6.01704e-36
 1.41088e-41 1.95821e-33 3.2853e-26 6.66252e-20 1.63324e-14 4.83958e-10 1.73346e-06 0.000750528 0.0392799 0.248675 0.204586 0.159747 0.18788 0.101372 0.0474571 0.0095968 0.000641376 1.30355e-05 7.78134e-08 9.66711e-11 2.13374e-14 7.87056e-19 4.49655e-24 3.67969e-30 4.08904e-37
 1.12915e-41 1.56718e-33 2.62927e-26 5.33211e-20 1.3071e-14 3.87319e-10 1.38731e-06 0.000600659 0.0314366 0.199157 0.172704 0.196273 0.225061 0.123122 0.0447901 0.00642421 0.000422476 8.00805e-06 3.48981e-08 3.23469e-11 5.51665e-15 1.49143e-19 5.94661e-25 3.38425e-31 2.67477e-38
 1.37767e-41 1.91211e-33 3.20796e-26 6.50569e-20 1.59479e-14 4.72566e-10 1.69265e-06 0.000732861 0.0383555 0.242917 0.203416 0.160584 0.179079 0.12579 0.0436209 0.00525391 0.00024567 3.65649e-06 1.37674e-08 9.92118e-12 1.2158e-15 2.38627e-20 7.01949e-26 2.90985e-32 1.63339e-39
 1.35693e-41 1.88332e-33 3.15966e-26 6.40774e-20 1.57078e-14 4.65451e-10 1.66717e-06 0.000721827 0.0377784 0.239407 0.207308 0.194102 0.188093 0.0965578 0.031778 0.00408593 0.000163736 1.76633e-06 4.75455e-09 2.64533e-12 2.53289e-16 3.70043e-21 7.79106e-27 2.29554e-33 9.23998e-41
 1.18509e-41 1.64483e-33 2.75955e-26 5.5963e-20 1.37187e-14 4.0651e-10 1.45605e-06 0.00063042 0.032995 0.209298 0.190004 0.213768 0.206896 0.113472 0.0298843 0.00294286 0.000107811 1.02854e-06 2.08663e-09 8.10589e-13 5.51043e-17 5.93996e-22 9.35607e-28 2.03662e-34 5.92771e-42
 1.06211e-41 1.47413e-33 2.47317e-26 5.01553e-20 1.2295e-14 3.64323e-10 1.30495e-06 0.000564997 0.0295715 0.187792 0.177898 0.220976 0.217459 0.130151 0.0326702 0.00283775 7.81046e-05 5.82936e-07 9.76636e-10 2.96045e-13 1.45154e-17 1.08788e-22 1.19505e-28 1.84971e-35 3.89503e-43
 1.05285e-41 1.46129e-33 2.45162e-26 4.97183e-20 1.21878e-14 3.61148e-10 1.29357e-06 0.000560074 0.0293145 0.186325 0.18024 0.221821 0.216557 0.131011 0.0315162 0.00259293 6.07965e-05 3.46104e-07 4.2412e-10 9.71949e-14 3.66026e-18 2.05691e-23 1.63244e-29 1.77585e-36 2.59827e-44
 1.27121e-41 1.76436e-33 2.96007e-26 6.00297e-20 1.47156e-14 4.36049e-10 1.56186e-06 0.000676231 0.0353934 0.224677 0.205029 0.200088 0.192317 0.112692 0.0268866 0.00219023 4.94866e-05 2.57463e-07 2.66388e-10 4.88386e-14 1.46045e-18 6.64242e-24 4.33748e-30 3.88946e-37 4.64306e-45
#pred catch len freq
 2.55517e-27 2.56725e-27 1.51679e-26 2.66013e-20 6.52098e-15 1.93228e-10 6.92112e-07 0.000299658 0.015683 0.0992159 0.0763828 0.0392383 0.245001 0.227096 0.0644559 0.0905828 0.0389856 0.0299851 0.0183482 0.0139005 0.0108943 0.00943162 0.00948798 0.00843364 0.00257702
 2.55691e-27 2.57226e-27 1.96984e-26 3.6159e-20 8.86395e-15 2.62655e-10 9.40785e-07 0.000407324 0.0213179 0.134863 0.103569 0.0371159 0.209754 0.195672 0.0793219 0.131965 0.0448202 0.0186434 0.00828397 0.00469598 0.00299734 0.00222419 0.00198606 0.00176912 0.000592838
 2.55939e-27 2.57854e-27 2.47831e-26 4.68837e-20 1.1493e-14 3.40558e-10 1.21982e-06 0.000528136 0.0276407 0.174863 0.134158 0.0399871 0.210112 0.19497 0.0604885 0.0893955 0.0351066 0.0215426 0.0068821 0.00212836 0.000895008 0.000504971 0.000373805 0.000313646 0.00010895
 2.55815e-27 2.57494e-27 2.13458e-26 3.96315e-20 9.71519e-15 2.87878e-10 1.03113e-06 0.000446441 0.0233651 0.147815 0.113551 0.0429459 0.247108 0.228824 0.0614077 0.0827275 0.0293667 0.0141495 0.00553088 0.00201784 0.000455045 0.000142249 7.4285e-05 5.38005e-05 1.85316e-05
 2.55789e-27 2.57448e-27 2.11784e-26 3.92794e-20 9.62886e-15 2.8532e-10 1.02197e-06 0.000442474 0.0231575 0.146501 0.112516 0.0409202 0.23242 0.215821 0.0691303 0.103565 0.034929 0.0139149 0.00462862 0.0015164 0.000422058 8.05582e-05 1.97498e-05 1.02459e-05 3.31685e-06
 2.55898e-27 2.57722e-27 2.34133e-26 4.39933e-20 1.07844e-14 3.19562e-10 1.14462e-06 0.000495575 0.0259366 0.164083 0.125956 0.0418973 0.230412 0.213563 0.0613693 0.0864702 0.0303183 0.0138123 0.00424456 0.00111646 0.00026063 5.33355e-05 7.53663e-06 1.76204e-06 4.76929e-07
 2.55918e-27 2.57757e-27 2.35217e-26 4.42212e-20 1.08403e-14 3.21217e-10 1.15055e-06 0.000498143 0.026071 0.164933 0.126631 0.0434772 0.241961 0.223917 0.0577303 0.0754526 0.0252648 0.0098165 0.00315074 0.000889914 0.000173258 2.87955e-05 3.73172e-06 3.85983e-07 6.08964e-08
 2.55955e-27 2.57854e-27 2.43285e-26 4.5923e-20 1.12575e-14 3.33579e-10 1.19482e-06 0.000517313 0.0270743 0.17128 0.131478 0.0435311 0.238966 0.221134 0.0569196 0.0742429 0.0239523 0.0078688 0.00231203 0.000582012 0.000120425 1.79871e-05 1.85873e-06 1.36155e-07 9.00547e-09
 2.56057e-27 2.58118e-27 2.6553e-26 5.06154e-20 1.24077e-14 3.67664e-10 1.31691e-06 0.000570172 0.0298407 0.188781 0.144846 0.0438254 0.231813 0.214325 0.0519419 0.0645817 0.0206778 0.0065363 0.00179715 0.000381602 6.91465e-05 1.01693e-05 9.65184e-07 5.44284e-08 1.92451e-09
 2.56235e-27 2.58585e-27 3.05199e-26 5.89832e-20 1.4459e-14 4.28447e-10 1.53462e-06 0.000664434 0.0347741 0.219991 0.16868 0.0440047 0.216432 0.199834 0.044014 0.0501081 0.0156717 0.00437911 0.0011689 0.000233873 3.67838e-05 4.57568e-06 4.06662e-07 2.05664e-08 5.11029e-10
 2.56118e-27 2.58253e-27 2.74439e-26 5.24937e-20 1.28682e-14 3.81308e-10 1.36578e-06 0.000591331 0.0309481 0.195787 0.150231 0.046042 0.244899 0.225857 0.0441783 0.043905 0.0133839 0.00320238 0.000805645 0.000144071 2.13584e-05 2.34272e-06 1.73386e-07 7.93443e-09 1.69318e-10
 2.5618e-27 2.58424e-27 2.901e-26 5.57978e-20 1.36782e-14 4.05308e-10 1.45175e-06 0.000628551 0.0328961 0.20811 0.159626 0.0451361 0.231403 0.21353 0.0442817 0.0472153 0.0139389 0.00254638 0.000583868 8.90603e-05 1.18243e-05 1.17335e-06 7.63957e-08 2.90972e-09 5.47222e-11
 2.56333e-27 2.58833e-27 3.25388e-26 6.32417e-20 1.5503e-14 4.5938e-10 1.64542e-06 0.000712405 0.0372847 0.235874 0.180821 0.0448243 0.214139 0.197414 0.0380818 0.0371414 0.011029 0.0021431 0.000470896 5.56735e-05 6.27554e-06 5.31998e-07 3.05548e-08 1.00947e-09 1.5857e-11
 2.5615e-27 2.58326e-27 2.7977e-26 5.3618e-20 1.31438e-14 3.89474e-10 1.39503e-06 0.000603995 0.0316109 0.19998 0.153446 0.0468369 0.248689 0.229149 0.0410302 0.0358679 0.0105077 0.00182678 0.000396495 4.8879e-05 4.84815e-06 3.20401e-07 1.52465e-08 4.33454e-10 5.83189e-12
 2.55971e-27 2.57855e-27 2.39601e-26 4.51445e-20 1.10666e-14 3.27924e-10 1.17457e-06 0.000508543 0.0266153 0.168377 0.129312 0.0467622 0.265076 0.244591 0.0495822 0.0514648 0.0149235 0.00226257 0.000465313 5.21519e-05 5.15132e-06 3.25735e-07 1.22162e-08 2.76566e-10 3.13689e-12
 2.56052e-27 2.58084e-27 2.60544e-26 4.95627e-20 1.21497e-14 3.60017e-10 1.28952e-06 0.000558314 0.0292201 0.184855 0.141876 0.0455386 0.246938 0.227987 0.0490631 0.0544734 0.0160281 0.00281156 0.000585865 5.72055e-05 5.13563e-06 3.03671e-07 1.09986e-08 2.0397e-10 1.80424e-12
 2.56186e-27 2.58437e-27 2.90707e-26 5.59255e-20 1.37095e-14 4.06236e-10 1.45507e-06 0.000629989 0.0329714 0.208587 0.159997 0.0455494 0.234289 0.216085 0.0428002 0.0431993 0.0128211 0.00246849 0.000536607 5.92158e-05 5.20231e-06 2.67657e-07 8.84701e-09 1.5502e-10 1.15769e-12
 2.56218e-27 2.58512e-27 2.96215e-26 5.70872e-20 1.39942e-14 4.14674e-10 1.48529e-06 0.000643075 0.0336562 0.212919 0.163317 0.0463315 0.237907 0.219205 0.0393758 0.0345937 0.0100554 0.0016092 0.000340144 4.05491e-05 3.8556e-06 2.12915e-07 6.36193e-09 9.91468e-11 6.85584e-13
 2.56281e-27 2.58681e-27 3.11198e-26 6.02479e-20 1.4769e-14 4.37633e-10 1.56753e-06 0.00067868 0.0355197 0.224708 0.172312 0.0459158 0.228424 0.210451 0.0377688 0.0331255 0.00950516 0.00130442 0.000256354 2.61549e-05 2.46081e-06 1.48375e-07 4.81433e-09 7.18562e-11 4.40466e-13
 2.56212e-27 2.58482e-27 2.92421e-26 5.62863e-20 1.37979e-14 4.08857e-10 1.46446e-06 0.000634054 0.0331841 0.209932 0.161055 0.0474625 0.248103 0.228376 0.0366848 0.0261408 0.00739004 0.000864644 0.000156817 1.34852e-05 1.10036e-06 5.93039e-08 2.02642e-09 3.29259e-11 2.00766e-13
 2.56404e-27 2.59013e-27 3.40126e-26 6.63503e-20 1.6265e-14 4.8196e-10 1.7263e-06 0.000747422 0.0391174 0.247468 0.189683 0.0453967 0.212269 0.195464 0.0336756 0.0275572 0.00772761 0.000757173 0.000124905 9.35153e-06 6.65611e-07 2.96831e-08 8.79981e-10 1.42353e-11 9.36345e-14
 2.564e-27 2.58993e-27 3.3756e-26 6.58087e-20 1.61322e-14 4.78026e-10 1.71221e-06 0.000741322 0.0387981 0.245448 0.188154 0.0462053 0.219497 0.201951 0.031505 0.0209853 0.00591494 0.000673888 0.000116921 7.51969e-06 4.63748e-07 1.75019e-08 4.30039e-10 5.85515e-12 3.6756e-14
 2.56384e-27 2.58946e-27 3.33248e-26 6.48991e-20 1.59092e-14 4.71419e-10 1.68854e-06 0.000731075 0.0382618 0.242055 0.185567 0.0464527 0.223197 0.20534 0.0316526 0.0204639 0.00568513 0.000506355 7.91041e-05 5.7076e-06 3.60139e-07 1.14162e-08 2.35331e-10 2.62196e-12 1.36586e-14
 2.56492e-27 2.5924e-27 3.5923e-26 7.038e-20 1.72528e-14 5.11232e-10 1.83115e-06 0.000792816 0.0414931 0.262497 0.201164 0.0456858 0.206402 0.189837 0.0288127 0.0178925 0.00494874 0.000408386 5.95224e-05 3.45733e-06 1.95739e-07 6.78997e-09 1.29185e-10 1.18304e-12 5.01705e-15
 2.56474e-27 2.59187e-27 3.54217e-26 6.93225e-20 1.69936e-14 5.0355e-10 1.80363e-06 0.000780903 0.0408697 0.258553 0.19816 0.0461291 0.211887 0.194826 0.0283924 0.0156806 0.00432012 0.000347349 4.94843e-05 2.68972e-06 1.34623e-07 3.76862e-09 7.05548e-11 6.44424e-13 2.31512e-15
 2.56417e-27 2.59029e-27 3.39838e-26 6.6289e-20 1.62499e-14 4.81515e-10 1.72471e-06 0.000746732 0.0390813 0.247239 0.189532 0.0468439 0.223388 0.205372 0.0290386 0.0144991 0.00395578 0.000266525 3.28849e-05 1.71353e-06 8.12353e-08 2.05162e-09 3.20061e-11 2.57934e-13 9.24053e-16
 2.56361e-27 2.5888e-27 3.26818e-26 6.35424e-20 1.55767e-14 4.61564e-10 1.65325e-06 0.000715792 0.037462 0.236995 0.181714 0.047126 0.231027 0.21245 0.0308217 0.0167795 0.00457923 0.000291763 3.37058e-05 1.52274e-06 6.08683e-08 1.44395e-09 2.07753e-11 1.42945e-13 4.35519e-16
 2.56377e-27 2.58922e-27 3.30547e-26 6.4329e-20 1.57695e-14 4.67278e-10 1.67371e-06 0.000724653 0.0379257 0.239929 0.183952 0.0469932 0.228445 0.210072 0.0304817 0.0166035 0.0045363 0.000298245 3.54465e-05 1.5267e-06 5.51052e-08 1.09214e-09 1.36893e-11 8.67679e-14 2.32215e-16
#obs catch len freq
 5.01876e-42 6.9657e-34 1.16864e-26 2.36998e-20 5.80973e-15 1.72153e-10 6.16624e-07 0.000266977 0.0139725 0.0883953 0.0682237 0.0399704 0.219113 0.18699 0.14378 0.143204 0.0638278 0.0255446 0.00590657 0.00076236 4.09152e-05 6.55857e-07 2.33494e-09 1.49956e-12 1.52284e-16
 5.73826e-42 7.96432e-34 1.33618e-26 2.70975e-20 6.64263e-15 1.96833e-10 7.05025e-07 0.000305251 0.0159756 0.101068 0.07801 0.0436598 0.223015 0.181451 0.143025 0.131055 0.0567303 0.0208364 0.00436287 0.0004845 2.10083e-05 2.5787e-07 6.78598e-10 3.15192e-13 2.28477e-17
 1.08464e-41 1.50541e-33 2.52564e-26 5.12194e-20 1.25558e-14 3.72052e-10 1.33263e-06 0.000576983 0.030197 0.191036 0.146756 0.0451983 0.18145 0.140665 0.113602 0.095312 0.0394158 0.013107 0.00244352 0.00023054 8.03485e-06 7.51598e-08 1.4552e-10 4.87626e-14 2.52208e-18
 1.11401e-41 1.54617e-33 2.59402e-26 5.26061e-20 1.28958e-14 3.82125e-10 1.36871e-06 0.000592604 0.0310146 0.196209 0.151052 0.0584696 0.238225 0.164475 0.0767641 0.0542564 0.0214252 0.00638857 0.00104154 8.20432e-05 2.27272e-06 1.61467e-08 2.2968e-11 5.54297e-15 2.04279e-19
 7.89065e-42 1.09517e-33 1.83738e-26 3.72616e-20 9.13425e-15 2.70665e-10 9.69476e-07 0.00041975 0.021968 0.13898 0.107612 0.064714 0.273106 0.184148 0.116537 0.0713175 0.0167884 0.00383594 0.000536904 3.46389e-05 7.50523e-07 4.017e-09 4.19041e-12 7.28562e-16 1.91341e-20
 1.25777e-41 1.74571e-33 2.92879e-26 5.93952e-20 1.456e-14 4.31441e-10 1.54535e-06 0.000669083 0.0350172 0.221531 0.170385 0.0530599 0.173272 0.122564 0.124823 0.0751871 0.0198541 0.00333779 0.00028451 1.38662e-05 2.30579e-07 9.18514e-10 6.98406e-13 8.73382e-17 1.63545e-21
 1.03293e-41 1.43364e-33 2.40523e-26 4.87775e-20 1.19572e-14 3.54315e-10 1.2691e-06 0.000549476 0.0287574 0.181933 0.140845 0.0737201 0.260475 0.153823 0.0865243 0.0511548 0.018716 0.00326589 0.000228376 6.73011e-06 7.47772e-08 2.15365e-10 1.18181e-13 1.05724e-17 1.40814e-22
 1.27518e-41 1.76987e-33 2.96932e-26 6.02172e-20 1.47615e-14 4.37412e-10 1.56674e-06 0.000678343 0.0355018 0.224599 0.17323 0.0641854 0.191745 0.123709 0.116901 0.0549122 0.0121754 0.00218594 0.000170465 4.10016e-06 2.83942e-08 5.1138e-11 1.91425e-14 1.20559e-18 1.13484e-23
 1.1476e-41 1.5928e-33 2.67225e-26 5.41926e-20 1.32847e-14 3.9365e-10 1.40999e-06 0.000610477 0.0319499 0.202133 0.156748 0.0798509 0.239438 0.134305 0.0943742 0.0459383 0.0129236 0.00162826 9.6834e-05 2.27325e-06 1.29567e-08 1.53495e-11 3.53956e-15 1.43848e-19 9.18372e-25
 1.51515e-41 2.10292e-33 3.52809e-26 7.1549e-20 1.75394e-14 5.19724e-10 1.86157e-06 0.000805994 0.0421825 0.266866 0.205902 0.0695022 0.170898 0.103602 0.0937401 0.0373341 0.00806799 0.00104288 5.29598e-05 8.91709e-07 4.2325e-09 4.08611e-12 6.69834e-16 1.75544e-20 7.0853e-26
 1.54953e-41 2.15065e-33 3.60816e-26 7.31728e-20 1.79374e-14 5.31519e-10 1.90382e-06 0.000824286 0.0431399 0.272927 0.211225 0.0832385 0.197399 0.0986056 0.0617823 0.0245831 0.00568199 0.000567853 2.40039e-05 3.3701e-07 1.15912e-09 8.35878e-13 1.06818e-16 2.1055e-21 5.97101e-27
 1.15497e-41 1.60302e-33 2.6894e-26 5.45406e-20 1.337e-14 3.96177e-10 1.41904e-06 0.000614396 0.032155 0.203442 0.159418 0.103855 0.253672 0.129032 0.0869432 0.0262283 0.0042345 0.000390721 1.37612e-05 1.47366e-07 3.93727e-10 2.08133e-13 1.89458e-17 2.72636e-22 5.75842e-28
 1.72419e-41 2.39307e-33 4.01486e-26 8.14206e-20 1.99593e-14 5.91431e-10 2.11841e-06 0.000917198 0.0480025 0.303691 0.234745 0.0748673 0.140504 0.0902851 0.0801653 0.0231833 0.0034124 0.000218717 5.74439e-06 4.90461e-08 9.76694e-11 3.80145e-14 2.52771e-18 2.59405e-23 3.86555e-29
 1.40053e-41 1.94385e-33 3.26121e-26 6.61367e-20 1.62126e-14 4.8041e-10 1.72075e-06 0.000745025 0.0389917 0.246704 0.193759 0.116437 0.23412 0.0984881 0.0510149 0.016672 0.00289656 0.000166009 3.20242e-06 1.87144e-08 2.72409e-11 7.78103e-15 3.72342e-19 2.73953e-24 2.92074e-30
 1.19086e-41 1.65284e-33 2.77298e-26 5.62355e-20 1.37855e-14 4.08489e-10 1.46314e-06 0.00063349 0.0331544 0.209784 0.166306 0.118831 0.228763 0.131349 0.0903429 0.018624 0.00208512 0.000124092 2.27716e-06 1.00936e-08 9.95553e-12 1.94446e-15 6.58422e-20 3.45619e-25 2.61687e-31
 9.4443e-42 1.31081e-33 2.19915e-26 4.45983e-20 1.09328e-14 3.23957e-10 1.16036e-06 0.000502397 0.0262935 0.166396 0.134713 0.1319 0.244183 0.154893 0.109941 0.0277929 0.00325876 0.000122139 1.72087e-06 6.82872e-09 5.36763e-12 7.39758e-16 1.68737e-20 6.00878e-26 3.15177e-32
 1.50242e-41 2.08526e-33 3.49846e-26 7.09481e-20 1.73921e-14 5.1536e-10 1.84593e-06 0.000799226 0.0418283 0.264663 0.207851 0.098573 0.152963 0.120525 0.087288 0.0225902 0.00280584 0.000110607 1.19972e-06 3.24222e-09 1.97729e-12 2.17815e-16 3.73448e-21 9.38465e-27 3.35847e-33
 1.05371e-41 1.46248e-33 2.45361e-26 4.97588e-20 1.21978e-14 3.61442e-10 1.29463e-06 0.000560529 0.029336 0.185697 0.153912 0.170869 0.261999 0.117127 0.0613821 0.0169523 0.00208171 8.06455e-05 8.45334e-07 1.9013e-09 8.15555e-13 6.2547e-17 7.92859e-22 1.51005e-27 4.02804e-34
 1.52644e-41 2.1186e-33 3.55439e-26 7.20823e-20 1.76701e-14 5.23598e-10 1.87544e-06 0.000812002 0.0424971 0.268926 0.213328 0.111521 0.1538 0.12737 0.0693066 0.0113257 0.00107075 3.98939e-05 3.87957e-07 7.84623e-10 2.8358e-13 1.65281e-17 1.47155e-22 1.93728e-28 3.65668e-35
 1.0855e-41 1.5066e-33 2.52764e-26 5.12601e-20 1.25658e-14 3.72348e-10 1.33369e-06 0.000577441 0.0302212 0.19137 0.162568 0.190007 0.246804 0.112067 0.0532187 0.0121834 0.00095836 2.32321e-05 1.82395e-07 3.19424e-10 9.79351e-14 4.70665e-18 3.31827e-23 3.28665e-29 4.45387e-36
 1.38761e-41 1.92591e-33 3.23111e-26 6.55263e-20 1.6063e-14 4.75976e-10 1.70487e-06 0.000738149 0.038632 0.244546 0.199001 0.136087 0.172728 0.139712 0.0596411 0.00829199 0.000606769 1.4187e-05 7.8605e-08 9.71547e-11 2.32357e-14 8.97269e-19 5.04826e-24 3.93425e-30 4.12234e-37
 1.50607e-41 2.09032e-33 3.50695e-26 7.11202e-20 1.74343e-14 5.16609e-10 1.85041e-06 0.000801164 0.0419301 0.265482 0.219052 0.161827 0.174265 0.0909306 0.0384748 0.00684413 0.000384973 6.48622e-06 3.05809e-08 2.90635e-11 4.81764e-15 1.31359e-19 5.48321e-25 3.25629e-31 2.61544e-38
 1.22281e-41 1.69718e-33 2.84736e-26 5.7744e-20 1.41552e-14 4.19446e-10 1.50239e-06 0.000650482 0.0340443 0.215723 0.187833 0.200009 0.211063 0.110268 0.0355878 0.00456395 0.000253595 3.88172e-06 1.32925e-08 9.42488e-12 1.20128e-15 2.39461e-20 6.97555e-26 2.87856e-32 1.64041e-39
 1.47881e-41 2.05249e-33 3.44348e-26 6.9833e-20 1.71187e-14 5.0726e-10 1.81692e-06 0.000786665 0.0411716 0.260793 0.218932 0.161959 0.167823 0.110979 0.0338325 0.00357869 0.000140936 1.70496e-06 4.99628e-09 2.73181e-12 2.49795e-16 3.60842e-21 7.73756e-27 2.32447e-33 9.41685e-41
 1.45477e-41 2.01912e-33 3.38749e-26 6.86976e-20 1.68404e-14 4.99012e-10 1.78738e-06 0.000773874 0.0405026 0.256731 0.222928 0.194165 0.173352 0.0841097 0.0246127 0.00273246 9.06487e-05 7.88537e-07 1.65391e-09 6.96519e-13 4.95332e-17 5.31547e-22 8.15503e-28 1.73951e-34 5.04446e-42
 1.28262e-41 1.78019e-33 2.98665e-26 6.05686e-20 1.48477e-14 4.39964e-10 1.57588e-06 0.000682301 0.0357107 0.226604 0.206313 0.214755 0.192892 0.0982932 0.02274 0.00194837 5.89484e-05 4.46818e-07 7.00541e-10 2.05672e-13 1.03729e-17 8.19083e-23 9.37809e-29 1.47683e-35 3.09861e-43
 1.15899e-41 1.6086e-33 2.69875e-26 5.47302e-20 1.34165e-14 3.97554e-10 1.42397e-06 0.000616533 0.0322693 0.205023 0.194713 0.222964 0.205085 0.112696 0.0247507 0.0018386 4.16138e-05 2.46864e-07 3.17531e-10 7.23244e-14 2.62654e-18 1.44172e-23 1.14995e-29 1.28469e-36 1.94521e-44
 1.15019e-41 1.59639e-33 2.67827e-26 5.43148e-20 1.33146e-14 3.94537e-10 1.41317e-06 0.000611853 0.0320243 0.203439 0.19209 0.216634 0.208526 0.118287 0.0263918 0.00195388 4.01828e-05 1.95823e-07 2.01131e-10 3.80456e-14 1.17185e-18 5.3568e-24 3.44294e-30 3.02092e-37 3.55248e-45
#spawning biomass
 15092.5 12675.3 16303.9 23100.8 30059.9 34839.6 40397.7 46420.3 54469.5 71929.3 94218.1 108777 138695 173864 174044 145125 136376 136260 143886 127552 128975 148032 157186 168326 187788 178484 158189 124844 95148.3 148017 162221 148345 127623 108705 94052.8 83673 76723.9 72247.6 69442.1 67718.7 66675.6 66051.2 65678.8 65456.2 65327.9 65254 65211.4 65186.9 65172.7 65164.6 65159.9 65157.2 65155.6 65154.7 65154.2 65153.9 65153.8 65153.7 65153.6 65153.6 65153.5 65153.5 65153.5 65153.5 65153.5 65153.5 65153.5 65153.5 65153.5 65153.5 65153.5 65153.5 65153.5 65153.5 65153.5 65153.5 65153.5 65153.5 65153.5 65153.5 65153.5 65153.5 65153.5 65153.5 65153.5 65153.5 65153.5 65153.5 65153.5 65153.5 65153.5 65153.5 65153.5 65153.5 65153.5 65153.5 65153.5 65153.5 65153.5 65153.5 65153.5 65153.5 65153.5 65153.5 65153.5 65153.5 65153.5 65153.5 65153.5 65153.5 65153.5 65153.5 65153.5 65153.5 65153.5 65153.5 65153.5 65153.5 65153.5 65153.5 65153.5 65153.5 65153.5 65153.5 65153.5 65153.5 65153.5 65153.5 0 0 0 0 0 0 0 0 0 0 0 0 0 0 0 0 0 0 0 0 0 0 0 0 0
