SBPRF35
0.256306
Curr Bio
207766
B35
202750
F35
0.390983
FOFL
0.390983
OFL
86103.6
Bzero
73230.3
#pred survey bio
 26741.8 22913.3 16850.4 14989.8 24305.3 39168.6 53853.4 63930.4 85102.9 111465 129166 157362 183097 209534 226757 212292 207513 191066 184097 202122 190254 197952 225942 253986 265157 293105 277679 293965 310489 7.78462e+06 6.27916e+06 4.44749e+06 2.9617e+06 1.99539e+06 1.4309e+06 1.11858e+06 949821 858924 809411 781857 766096 756807 751170 747657 745419 743977 743034 742412 741998 741722 741536 741412 741327 741271 741232 741206 741189 741177 741169 741164 741160 741157 741156 741155 741154 741153 741153 741153 741153 741153 741152 741152 741152 741152 741152 741152 741152 741152 741152 741152 741152 741152 741152 741152 741152 741152 741152 741152 741152 741152 741152 741152 741152 741152 741152 741152 741152 741152 741152 741152 741152 741152 741152 741152 741152 741152 741152 741152 741152 741152 741152 741152 741152 741152 741152 741152 741152 741152 741152 741152 741152 741152 741152 741152 741152 741152 741152 741152 741152 0 0 0 0 0 0 0 0 0 0 0 0 0 0 0 0 0 0 0 0 0 0 0 0 0
#obs survey bio
 23608.8 14739.9 15084.4 17858.2 29779.6 58079.7 48075.2 78905.8 83318.7 152156 121406 108185 235667 203112 197474 167349 229141 153491 117379 351512 224158 140875 220175 196953 317914 299759 243954 282966 326424
#pred catch bio
 4554.46 4756.95 3230.64 2536.41 5126.42 9032.41 15517.1 15839.4 22093.8 40734.5 47667.8 61332.3 69133.1 78825.3 97706.6 89103.6 91337.8 82646.9 71715.7 91295.1 76083.5 75190.5 88602.1 101209 87824.9 115814 99292.1 113963 110513 86103.6 78818.7 53896.9 34417.6 22218.6 15415.2 11871.5 10102.9 9244.53 8835.53 8643.09 8553.3 8511.66 8492.42 8483.56 8479.48 8477.62 8476.76 8476.37 8476.19 8476.11 8476.07 8476.06 8476.05 8476.05 8476.04 8476.04 8476.04 8476.04 8476.04 8476.04 8476.04 8476.04 8476.04 8476.04 8476.04 8476.04 8476.04 8476.04 8476.04 8476.04 8476.04 8476.04 8476.04 8476.04 8476.04 8476.04 8476.04 8476.04 8476.04 8476.04 8476.04 8476.04 8476.04 8476.04 8476.04 8476.04 8476.04 8476.04 8476.04 8476.04 8476.04 8476.04 8476.04 8476.04 8476.04 8476.04 8476.04 8476.04 8476.04 8476.04 8476.04 8476.04 8476.04 8476.04 8476.04 8476.04 8476.04 8476.04 8476.04 8476.04 8476.04 8476.04 8476.04 8476.04 8476.04 8476.04 8476.04 8476.04 8476.04 8476.04 8476.04 8476.04 8476.04 8476.04 8476.04 8476.04 8476.04 8476.04 8476.04 0 0 0 0 0 0 0 0 0 0 0 0 0 0 0 0 0 0 0 0 0 0 0 0 0
#obs catch bio
 4154.81 5004.1 3332.19 2537.63 5219.14 8878.61 15471.1 14861.5 21354.8 40090.5 46378.3 61649.5 66375.5 77110.7 97050.9 90821.2 93331.7 84223.9 75318.3 86615.3 72378.1 76137.1 90739.5 101766 85270.4 113575 97434.3 114094 109931
#pred cpue bio
 25726.9 22553.5 16675 14206.2 21639.3 35665.1 49889 59328.2 78225 102738 117941 143027 166913 192008 209198 196279 191051 176590 169198 184977 175038 182109 206179 232119 244534 272338 258350 271555 285143 7.20164e+06 6.24309e+06 4.41143e+06 2.92564e+06 1.95933e+06 1.39483e+06 1.08252e+06 913754 822857 773344 745790 730029 720739 715103 711590 709352 707909 706967 706345 705931 705655 705469 705344 705260 705203 705165 705139 705122 705110 705102 705096 705093 705090 705089 705087 705087 705086 705086 705086 705085 705085 705085 705085 705085 705085 705085 705085 705085 705085 705085 705085 705085 705085 705085 705085 705085 705085 705085 705085 705085 705085 705085 705085 705085 705085 705085 705085 705085 705085 705085 705085 705085 705085 705085 705085 705085 705085 705085 705085 705085 705085 705085 705085 705085 705085 705085 705085 705085 705085 705085 705085 705085 705085 705085 705085 705085 705085 705085 705085 705085 0 0 0 0 0 0 0 0 0 0 0 0 0 0 0 0 0 0 0 0 0 0 0 0 0
#obs cpue bio
 18782.5 19679.4 15791.5 15779.5 17312.6 36208.5 53845.8 97018.5 60848.6 82078.1 133830 178956 188760 191043 243846 197040 166424 202850 168703 241491 165595 175055 195136 337056 239303 317073 276691 281033 268642
#pred surv len freq
 2.53861e-11 1.19404e-09 3.88891e-08 8.77047e-07 1.36964e-05 0.000148107 0.00110903 0.005751 0.0206585 0.0514672 0.0893433 0.110033 0.102502 0.08566 0.0788122 0.0774502 0.0716476 0.0627058 0.0544163 0.0469543 0.0402939 0.034747 0.0293561 0.0225398 0.0143897
 1.25059e-11 5.88216e-10 1.91578e-08 4.32057e-07 6.74723e-06 7.29632e-05 0.000546388 0.00283409 0.0101912 0.025495 0.0449773 0.0587825 0.0655973 0.0770555 0.0960245 0.107538 0.102743 0.0899926 0.0775942 0.0660738 0.0548964 0.0445788 0.0348827 0.0249666 0.0151503
 9.71842e-12 4.57108e-10 1.48877e-08 3.35755e-07 5.24332e-06 5.66998e-05 0.000424586 0.00220205 0.00791465 0.019763 0.0346151 0.044098 0.0459074 0.0490876 0.0606485 0.077203 0.0937786 0.106559 0.109316 0.0998766 0.0834577 0.0656429 0.0484953 0.0324354 0.0185127
 3.39949e-11 1.59896e-09 5.20771e-08 1.17447e-06 1.8341e-05 0.000198331 0.00148507 0.00770019 0.027649 0.0687711 0.118618 0.142495 0.12128 0.0779951 0.0460734 0.0341217 0.0344032 0.0408756 0.0497587 0.0559928 0.0552649 0.0472576 0.0351609 0.022635 0.0122449
 4.51944e-11 2.12573e-09 6.92337e-08 1.56139e-06 2.43834e-05 0.000263671 0.00197433 0.0102371 0.0367599 0.0914475 0.157833 0.190076 0.163252 0.107817 0.0657834 0.0441294 0.0302555 0.0195369 0.0140649 0.0134592 0.0145396 0.0143576 0.0118786 0.00799893 0.00430932
 3.78536e-11 1.78045e-09 5.79881e-08 1.30778e-06 2.04228e-05 0.000220844 0.00165368 0.00857501 0.0307987 0.0766895 0.13285 0.162302 0.146918 0.113557 0.0921952 0.0788496 0.0596882 0.037439 0.0208512 0.0117867 0.00783705 0.00637889 0.00535378 0.00385362 0.00218048
 3.39188e-11 1.59538e-09 5.19605e-08 1.17184e-06 1.82999e-05 0.000197889 0.00148179 0.00768381 0.0275993 0.068738 0.119179 0.146091 0.133864 0.1071 0.0923109 0.0849391 0.0717647 0.0537421 0.0366611 0.0225175 0.0123131 0.00648262 0.0037367 0.00230068 0.00127635
 3.40537e-11 1.60172e-09 5.21671e-08 1.1765e-06 1.83727e-05 0.000198675 0.00148768 0.00771426 0.0277075 0.0689957 0.119546 0.146166 0.132737 0.103765 0.0868075 0.0790951 0.0681595 0.0539498 0.0405629 0.0284087 0.0176496 0.00952468 0.00456286 0.0020521 0.000889031
 3.67346e-11 1.72782e-09 5.6274e-08 1.26912e-06 1.98191e-05 0.000214316 0.00160479 0.00832136 0.0298859 0.0743984 0.128758 0.156728 0.140067 0.104722 0.0817684 0.0708517 0.0594942 0.0464502 0.0351657 0.0256966 0.0172855 0.0102659 0.00522545 0.00224974 0.000825588
 3.57123e-11 1.67974e-09 5.47079e-08 1.2338e-06 1.92676e-05 0.000208352 0.00156013 0.00808992 0.0290562 0.0723481 0.125314 0.153022 0.138314 0.106655 0.0870145 0.0767707 0.0631354 0.0468638 0.033515 0.0236794 0.0159677 0.00984435 0.00531606 0.0024125 0.000892973
 3.79256e-11 1.78384e-09 5.80985e-08 1.31027e-06 2.04617e-05 0.000221264 0.00165682 0.00859113 0.0308545 0.0768072 0.13291 0.161701 0.144245 0.107235 0.0827916 0.0706383 0.0578697 0.0432657 0.0308257 0.0211792 0.0137043 0.00820399 0.00442761 0.00206077 0.000789301
 3.86553e-11 1.81816e-09 5.92163e-08 1.33547e-06 2.08554e-05 0.000225521 0.00168869 0.00875642 0.031448 0.0782845 0.135465 0.164798 0.146964 0.109112 0.0838444 0.0706944 0.0565493 0.0407177 0.0279074 0.0186993 0.0118898 0.00695827 0.00365895 0.00167458 0.000641247
 3.77819e-11 1.77708e-09 5.78784e-08 1.3053e-06 2.03842e-05 0.000220426 0.00165054 0.00855866 0.0307387 0.0765279 0.132487 0.161467 0.144931 0.109591 0.0866654 0.0744713 0.0597658 0.0426585 0.0286206 0.0185603 0.0113621 0.00641641 0.00327485 0.00146245 0.000549623
 3.66334e-11 1.72306e-09 5.61189e-08 1.26562e-06 1.97645e-05 0.000213725 0.00160037 0.00829855 0.0298052 0.0742107 0.128523 0.15686 0.141525 0.108584 0.0879118 0.077087 0.0629626 0.0459179 0.0314408 0.0205192 0.0123996 0.00680367 0.00334766 0.00144196 0.000525623
 3.51268e-11 1.6522e-09 5.3811e-08 1.21357e-06 1.89517e-05 0.000204936 0.00153456 0.00795735 0.0285807 0.0711712 0.123322 0.150812 0.137036 0.107197 0.0893755 0.0801526 0.0665615 0.049551 0.0348195 0.0233117 0.0143652 0.00794384 0.00387548 0.00163113 0.000576576
 3.47539e-11 1.63466e-09 5.32397e-08 1.20069e-06 1.87505e-05 0.00020276 0.00151827 0.00787288 0.0282774 0.0704159 0.122015 0.149222 0.135618 0.106165 0.0886852 0.0798581 0.0668736 0.0505383 0.0362647 0.0248651 0.0157187 0.00890942 0.00442621 0.00187512 0.000658489
 3.5961e-11 1.69143e-09 5.50889e-08 1.24239e-06 1.94017e-05 0.000209802 0.001571 0.00814622 0.029258 0.0728466 0.12615 0.153915 0.138718 0.106158 0.0858025 0.0756922 0.063063 0.0478167 0.0346294 0.0241007 0.0155533 0.00903754 0.00460594 0.00199468 0.000710988
 3.48069e-11 1.63715e-09 5.3321e-08 1.20252e-06 1.87791e-05 0.00020307 0.00152059 0.00788492 0.0283208 0.0705262 0.122221 0.14954 0.136117 0.106956 0.0896646 0.0804849 0.0665317 0.0492442 0.0347483 0.0238714 0.0154468 0.00910123 0.00473431 0.00209817 0.000764643
 3.63562e-11 1.71002e-09 5.56943e-08 1.25604e-06 1.96149e-05 0.000212108 0.00158826 0.00823572 0.0295792 0.0736436 0.127512 0.155491 0.139861 0.106453 0.085344 0.0748999 0.062285 0.0470943 0.0338339 0.0232404 0.0148352 0.00863404 0.0044857 0.00200801 0.000744113
 3.72599e-11 1.75253e-09 5.70787e-08 1.28727e-06 2.01025e-05 0.00021738 0.00162774 0.00844039 0.0303138 0.0754685 0.130643 0.159174 0.142731 0.107664 0.0849681 0.0733501 0.0598763 0.0442504 0.0312468 0.0214305 0.0137875 0.00806052 0.00417654 0.00186181 0.000690346
 3.57374e-11 1.68092e-09 5.47464e-08 1.23467e-06 1.92811e-05 0.000208498 0.00156123 0.00809566 0.0290773 0.0724061 0.12545 0.153358 0.13916 0.108419 0.0896906 0.0795303 0.064839 0.0469413 0.0321284 0.0213779 0.01346 0.00778697 0.00402677 0.0017965 0.000666261
 3.59609e-11 1.69143e-09 5.50887e-08 1.24239e-06 1.94017e-05 0.000209802 0.00157099 0.00814621 0.0292582 0.0728492 0.126169 0.154009 0.139028 0.106868 0.0869376 0.0769635 0.0640183 0.0481031 0.0341119 0.0229529 0.0142456 0.00803314 0.00406022 0.0017861 0.000658223
 3.79616e-11 1.78553e-09 5.81537e-08 1.31151e-06 2.04811e-05 0.000221475 0.00165839 0.0085993 0.0308839 0.076881 0.133042 0.161882 0.144469 0.107528 0.0831463 0.0709433 0.058009 0.0432838 0.0308526 0.0211777 0.0134824 0.00772225 0.0038951 0.00168865 0.000611765
 3.73416e-11 1.75637e-09 5.72038e-08 1.29009e-06 2.01466e-05 0.000217857 0.00163131 0.00845893 0.0303807 0.0756385 0.13096 0.159669 0.14352 0.108954 0.0867035 0.0748742 0.0603448 0.043435 0.0296732 0.0198081 0.0125321 0.0072482 0.00371215 0.00162626 0.00058962
 3.51173e-11 1.65175e-09 5.37964e-08 1.21324e-06 1.89466e-05 0.000204881 0.00153415 0.00795523 0.0285734 0.0711554 0.123312 0.150881 0.137354 0.107959 0.0905273 0.0812045 0.0668996 0.0489854 0.0337051 0.0222029 0.0136486 0.00767869 0.00387845 0.0016993 0.000620172
 3.3509e-11 1.57611e-09 5.13327e-08 1.15768e-06 1.80789e-05 0.000195498 0.00146389 0.00759096 0.0272656 0.0679041 0.117716 0.144216 0.131882 0.104976 0.0898929 0.0825661 0.0702869 0.0540729 0.0393007 0.0269348 0.0168417 0.00944272 0.00468985 0.0020159 0.000726375
 3.3408e-11 1.57135e-09 5.1178e-08 1.15419e-06 1.80244e-05 0.000194909 0.00145947 0.00756806 0.027183 0.0676962 0.117339 0.143675 0.131136 0.103864 0.088362 0.0809464 0.0691481 0.0538707 0.0401984 0.0286839 0.0188036 0.0109866 0.00558894 0.00241438 0.000863453
 3.54733e-11 1.66849e-09 5.43418e-08 1.22554e-06 1.91386e-05 0.000206957 0.00154969 0.00803573 0.028861 0.0718568 0.124426 0.15177 0.136651 0.104328 0.0841563 0.0745379 0.0629892 0.0490492 0.0368166 0.0266522 0.0179353 0.0108751 0.00576233 0.00257745 0.000942681
 3.6658e-11 1.72422e-09 5.61567e-08 1.26647e-06 1.97778e-05 0.000213869 0.00160144 0.00830408 0.0298245 0.0742527 0.128555 0.156707 0.140771 0.106722 0.0849067 0.0737722 0.0605344 0.045131 0.0324327 0.0229232 0.0154018 0.00948078 0.00515901 0.00238471 0.000901481
#obs surv len freq
 2.47061e-11 1.16206e-09 3.78474e-08 8.53554e-07 1.33295e-05 0.00014414 0.00107933 0.00559696 0.0201055 0.0500914 0.0869691 0.107177 0.100065 0.0841186 0.0781094 0.0775982 0.0729727 0.0654874 0.0585585 0.0519022 0.0448836 0.037255 0.0285202 0.0189866 0.0103645
 8.63593e-16 4.06942e-14 1.33508e-12 3.09781e-11 5.37648e-10 8.12816e-09 1.29693e-07 2.09006e-06 2.77229e-05 0.000268662 0.00182979 0.00867417 0.0286137 0.0660595 0.108489 0.131877 0.128849 0.114098 0.0998834 0.0869839 0.0738518 0.0599932 0.045 0.0295215 0.0159776
 1.29542e-11 6.09304e-10 1.98446e-08 4.47547e-07 6.98907e-06 7.55765e-05 0.000565901 0.00293414 0.0105343 0.0261892 0.0450878 0.0537938 0.0448161 0.0280919 0.0214639 0.0362609 0.0705023 0.106961 0.125217 0.120779 0.103648 0.0826689 0.0606217 0.0389906 0.0207903
 5.17271e-11 2.43299e-09 7.9241e-08 1.78708e-06 2.79079e-05 0.000301782 0.00225969 0.0117163 0.0420659 0.104591 0.180134 0.215125 0.178882 0.105232 0.0464055 0.0182083 0.00884735 0.00755316 0.01037 0.0143544 0.0162912 0.0149762 0.0114541 0.00734347 0.00385821
 3.32223e-11 1.56262e-09 5.08935e-08 1.14778e-06 1.79242e-05 0.000193826 0.00145139 0.00752648 0.0270391 0.0673893 0.11716 0.145113 0.137671 0.119351 0.111342 0.100823 0.0732326 0.0396424 0.0170273 0.00816845 0.00676803 0.00701523 0.00626578 0.00440381 0.00239722
 4.07999e-11 1.91903e-09 6.25016e-08 1.40957e-06 2.20125e-05 0.000238033 0.00178237 0.00924197 0.0331892 0.0825901 0.142722 0.172723 0.15115 0.106312 0.0752024 0.0618384 0.0530542 0.0426636 0.0304564 0.0181363 0.00895773 0.0043356 0.00261843 0.00175753 0.00100719
 2.63495e-11 1.23935e-09 4.03649e-08 9.10331e-07 1.42162e-05 0.000153729 0.00115115 0.00596984 0.0214511 0.0535043 0.0933071 0.116919 0.11524 0.10877 0.112072 0.110528 0.0910799 0.0640531 0.0428834 0.0286172 0.0177239 0.0094499 0.00436337 0.00190947 0.000837772
 4.17978e-11 1.96597e-09 6.40302e-08 1.44404e-06 2.25508e-05 0.000243854 0.00182595 0.0094678 0.0339981 0.0845826 0.146026 0.176062 0.15194 0.102306 0.0666389 0.0520569 0.0462357 0.04098 0.0336005 0.0241821 0.0151226 0.00834888 0.00405385 0.00169522 0.00060916
 3.37514e-11 1.5875e-09 5.17039e-08 1.16605e-06 1.82096e-05 0.000196912 0.00147448 0.00764601 0.0274651 0.0684175 0.118719 0.145974 0.135143 0.110733 0.0974196 0.0878802 0.0689798 0.0464216 0.0304139 0.0213073 0.0148757 0.00925055 0.00483749 0.00208738 0.000737519
 3.75895e-11 1.76803e-09 5.75835e-08 1.29865e-06 2.02803e-05 0.000219303 0.00164213 0.00851496 0.0305807 0.0761229 0.131708 0.160156 0.142616 0.105588 0.0813609 0.0703577 0.0596867 0.0466487 0.0338479 0.022528 0.0137355 0.00786268 0.00416826 0.00191626 0.000717172
 3.89573e-11 1.83236e-09 5.96788e-08 1.34591e-06 2.10183e-05 0.000227283 0.00170188 0.00882479 0.0316935 0.0788927 0.1365 0.165976 0.147748 0.109118 0.0830929 0.0695158 0.055354 0.0398783 0.0276582 0.0189177 0.0121588 0.00701186 0.00355841 0.00156753 0.000582705
 3.87478e-11 1.82251e-09 5.93579e-08 1.33867e-06 2.09053e-05 0.000226061 0.00169273 0.00877739 0.0315237 0.0784748 0.135809 0.165288 0.147628 0.110075 0.085114 0.0719099 0.0571686 0.0404547 0.0268927 0.0173435 0.0106332 0.00603581 0.00307801 0.00135546 0.000496763
 3.63227e-11 1.70845e-09 5.5643e-08 1.25489e-06 1.95969e-05 0.000211913 0.0015868 0.00822823 0.0295533 0.0735885 0.127481 0.155758 0.14107 0.109347 0.0897787 0.0791745 0.0642702 0.0461194 0.030909 0.0197791 0.0117725 0.00639364 0.00312885 0.00134269 0.00048599
 3.74218e-11 1.76014e-09 5.73267e-08 1.29286e-06 2.01899e-05 0.000218325 0.00163481 0.00847706 0.0304456 0.0757951 0.1312 0.159818 0.143201 0.107815 0.0849413 0.0735145 0.0605028 0.0451076 0.0316709 0.0209832 0.0126814 0.00685568 0.00327916 0.00136071 0.000476405
 3.23176e-11 1.52006e-09 4.95075e-08 1.11652e-06 1.74361e-05 0.000188547 0.00141185 0.00732124 0.0262988 0.0655159 0.113709 0.139936 0.129967 0.1075 0.0963712 0.0896999 0.0744622 0.054368 0.0374683 0.0249775 0.0155285 0.00866904 0.00422797 0.00175525 0.000605056
 3.60575e-11 1.69597e-09 5.52366e-08 1.24573e-06 1.94538e-05 0.000210365 0.00157521 0.00816801 0.0293356 0.0730327 0.126424 0.154028 0.138117 0.104301 0.0829433 0.0733211 0.0628366 0.0498174 0.037302 0.0259617 0.0163137 0.00916254 0.00453677 0.00192088 0.000671543
 3.43458e-11 1.61546e-09 5.26145e-08 1.18659e-06 1.85303e-05 0.000200379 0.00150044 0.00778049 0.0279463 0.0695975 0.12064 0.147743 0.134916 0.106896 0.0905772 0.0816311 0.0672566 0.0495726 0.0351956 0.0246797 0.0163153 0.0096674 0.00495949 0.00214359 0.00076081
 3.40863e-11 1.60325e-09 5.2217e-08 1.17762e-06 1.83903e-05 0.000198865 0.0014891 0.00772167 0.0277346 0.0690666 0.119694 0.146463 0.133375 0.104992 0.0885265 0.080528 0.0682807 0.0524044 0.038065 0.0262895 0.0168682 0.0099083 0.00519428 0.00232754 0.000854277
 3.68445e-11 1.73299e-09 5.64423e-08 1.27292e-06 1.98784e-05 0.000214957 0.00160959 0.00834628 0.0299757 0.0746244 0.129167 0.15731 0.140856 0.105863 0.0832631 0.0722553 0.0601547 0.0460342 0.0338152 0.0238785 0.0156199 0.00921914 0.00481048 0.00215719 0.000802539
 3.66204e-11 1.72245e-09 5.6099e-08 1.26518e-06 1.97575e-05 0.00021365 0.0015998 0.0082956 0.0297946 0.0741824 0.128462 0.156734 0.141239 0.107989 0.0869205 0.0757911 0.06162 0.0449438 0.0313255 0.0214436 0.0139602 0.00832655 0.00440168 0.00199086 0.000744477
 3.60993e-11 1.69794e-09 5.53006e-08 1.24717e-06 1.94763e-05 0.000210609 0.00157704 0.00817758 0.0293711 0.0731314 0.126667 0.154659 0.139745 0.107664 0.0877612 0.077454 0.0637201 0.0469991 0.0327251 0.0218691 0.0136927 0.00789393 0.00410607 0.00185645 0.000698895
 3.54091e-11 1.66547e-09 5.42433e-08 1.22332e-06 1.9104e-05 0.000206583 0.00154689 0.00802126 0.02881 0.0717383 0.12428 0.151869 0.137627 0.106894 0.0882378 0.0787056 0.0653857 0.0488914 0.0346118 0.0234159 0.0146632 0.00831932 0.00421248 0.00185612 0.000687699
 3.86871e-11 1.81965e-09 5.92649e-08 1.33658e-06 2.08725e-05 0.000225707 0.00169008 0.00876357 0.0314734 0.078342 0.135529 0.164711 0.146362 0.107601 0.0815685 0.0686963 0.0560612 0.0419596 0.0299676 0.0205288 0.0130269 0.00745803 0.00377293 0.0016424 0.000597265
 3.521e-11 1.65611e-09 5.39383e-08 1.21645e-06 1.89965e-05 0.000205421 0.00153819 0.00797624 0.0286493 0.0713471 0.123665 0.151408 0.138132 0.109139 0.0919729 0.082166 0.0665363 0.0473651 0.0318477 0.0210118 0.0132088 0.00760793 0.00388507 0.00170041 0.000617257
 3.41461e-11 1.60607e-09 5.23087e-08 1.17969e-06 1.84226e-05 0.000199215 0.00149172 0.00773524 0.0277836 0.0691903 0.11992 0.146799 0.133868 0.105768 0.0896281 0.081731 0.069212 0.0527752 0.0377258 0.0252684 0.0154645 0.00858824 0.00428793 0.00186523 0.000678266
 3.31371e-11 1.55861e-09 5.07629e-08 1.14483e-06 1.78782e-05 0.000193328 0.00144764 0.00750671 0.0269632 0.0671521 0.116421 0.14267 0.130599 0.104225 0.0895693 0.0824723 0.0703967 0.0545665 0.040358 0.0284208 0.018294 0.0104647 0.00522684 0.00223545 0.000798758
 3.33858e-11 1.57031e-09 5.11438e-08 1.15342e-06 1.80124e-05 0.000194779 0.0014585 0.00756299 0.0271649 0.0676494 0.117249 0.143526 0.130876 0.103408 0.0877187 0.0803217 0.068806 0.0538913 0.0404848 0.0291443 0.0193782 0.0115539 0.00600545 0.00263677 0.000950179
 3.71626e-11 1.74795e-09 5.69296e-08 1.28391e-06 2.005e-05 0.000216813 0.00162348 0.0084183 0.030234 0.0752631 0.130244 0.158487 0.141474 0.10541 0.0817899 0.0703759 0.0585704 0.0450927 0.0335495 0.0242048 0.0163315 0.00998557 0.00536262 0.00243852 0.00090635
 3.56123e-11 1.67503e-09 5.45547e-08 1.23035e-06 1.92136e-05 0.000207769 0.00155577 0.00806733 0.0289757 0.0721524 0.125009 0.152812 0.138642 0.107959 0.0892115 0.0789744 0.0642592 0.0465439 0.0322071 0.0220609 0.0145375 0.00887037 0.00482772 0.00224734 0.000859143
#pred catch len freq
 2.23237e-11 1.05e-09 3.41979e-08 7.71247e-07 1.20441e-05 0.000130241 0.00097526 0.00505746 0.0181696 0.0452897 0.0787781 0.0977681 0.0934653 0.0830144 0.0819445 0.0835061 0.0780966 0.0685124 0.0594776 0.0513236 0.0440437 0.0379805 0.0320879 0.0246373 0.0157287
 1.05537e-11 4.96393e-10 1.61672e-08 3.64612e-07 5.69397e-06 6.15739e-05 0.00046111 0.00239198 0.00860458 0.0215574 0.0382452 0.050978 0.0598835 0.0754766 0.0981935 0.111595 0.107023 0.0938163 0.0809013 0.0688908 0.057237 0.0464795 0.03637 0.0260311 0.0157963
 8.10295e-12 3.81124e-10 1.2413e-08 2.79944e-07 4.37174e-06 4.7275e-05 0.000354016 0.00183617 0.00660135 0.0165009 0.0290193 0.037522 0.0407957 0.0469259 0.0611638 0.079359 0.0968193 0.110093 0.11295 0.103198 0.0862333 0.0678259 0.0501081 0.0335141 0.0191284
 3.08712e-11 1.45204e-09 4.72919e-08 1.06655e-06 1.66557e-05 0.000180107 0.00134862 0.00699272 0.0251094 0.0624619 0.107787 0.129725 0.111211 0.0733552 0.0461917 0.0369174 0.0385239 0.0460905 0.0561517 0.0631906 0.0623693 0.0533326 0.0396809 0.0255448 0.013819
 4.29689e-11 2.02105e-09 6.58244e-08 1.4845e-06 2.31826e-05 0.000250687 0.00187712 0.00973315 0.0349515 0.0869618 0.15018 0.181284 0.157074 0.106752 0.0692884 0.0495245 0.0349968 0.0228037 0.0164497 0.0157455 0.0170098 0.0167968 0.0138967 0.0093579 0.00504145
 3.50662e-11 1.64935e-09 5.37182e-08 1.21148e-06 1.8919e-05 0.000204583 0.00153192 0.00794383 0.0285343 0.0710765 0.123301 0.151457 0.139733 0.113484 0.0986101 0.0879145 0.0675074 0.0425023 0.0236908 0.0133938 0.00890575 0.00724875 0.00608384 0.00437912 0.00247782
 3.11406e-11 1.4647e-09 4.77045e-08 1.07586e-06 1.6801e-05 0.00018168 0.00136043 0.00705468 0.025342 0.0631403 0.10964 0.135179 0.126371 0.106303 0.0976859 0.0932099 0.0796767 0.0598323 0.0408365 0.0250838 0.0137165 0.00722149 0.0041626 0.00256291 0.00142182
 3.11587e-11 1.46556e-09 4.77323e-08 1.07648e-06 1.68108e-05 0.000181786 0.00136122 0.00705868 0.0253552 0.0631611 0.109594 0.134741 0.124751 0.102532 0.0917822 0.0870634 0.0760192 0.060356 0.0454038 0.0318013 0.0197574 0.0106622 0.00510779 0.00229718 0.000995206
 3.39702e-11 1.59779e-09 5.20391e-08 1.17361e-06 1.83277e-05 0.000198188 0.00148403 0.00769534 0.0276396 0.0688267 0.119255 0.145816 0.132432 0.103521 0.0864634 0.07835 0.0668217 0.0523667 0.0396712 0.0289913 0.0195019 0.0115822 0.00589548 0.00253821 0.000931449
 3.32281e-11 1.56289e-09 5.09024e-08 1.14798e-06 1.79273e-05 0.000193859 0.00145162 0.00752738 0.0270378 0.0673425 0.116781 0.143252 0.131571 0.105837 0.0916196 0.0838549 0.0698225 0.0519852 0.0371988 0.0262841 0.0177242 0.0109273 0.00590086 0.00267789 0.000991206
 3.55488e-11 1.67204e-09 5.44574e-08 1.22815e-06 1.91793e-05 0.000207398 0.00155299 0.00805289 0.0289232 0.0720178 0.124746 0.152351 0.137784 0.106435 0.0871837 0.0774373 0.0643486 0.0482785 0.0344195 0.0236505 0.0153035 0.00916133 0.00494428 0.00230125 0.000881406
 3.63832e-11 1.71129e-09 5.57357e-08 1.25698e-06 1.96295e-05 0.000212266 0.00158944 0.0082419 0.029602 0.073707 0.127666 0.155886 0.140873 0.108536 0.0883208 0.0774416 0.06282 0.0453927 0.0311328 0.0208625 0.0132654 0.00776329 0.00408226 0.00186832 0.000715435
 3.54269e-11 1.66631e-09 5.42706e-08 1.22394e-06 1.91136e-05 0.000206687 0.00154767 0.00802536 0.0288253 0.0717835 0.124405 0.15224 0.138653 0.109074 0.0914316 0.0816009 0.0663581 0.0475209 0.0319034 0.0206911 0.0126666 0.00715309 0.00365085 0.00163036 0.000612727
 3.42215e-11 1.60961e-09 5.24241e-08 1.18229e-06 1.84632e-05 0.000199654 0.00149501 0.00775237 0.0278456 0.0693515 0.120244 0.147399 0.135057 0.107971 0.092673 0.0842928 0.0697121 0.0509965 0.0349386 0.0228038 0.0137803 0.00756125 0.00372042 0.00160252 0.000584151
 3.28422e-11 1.54474e-09 5.03112e-08 1.13464e-06 1.77191e-05 0.000191607 0.00143476 0.00744 0.0267245 0.066568 0.115477 0.141837 0.130865 0.106517 0.0937365 0.0868364 0.0728938 0.0544069 0.0382504 0.0256103 0.0157818 0.00872721 0.00425765 0.00179198 0.000633435
 3.24189e-11 1.52483e-09 4.96628e-08 1.12002e-06 1.74907e-05 0.000189138 0.00141627 0.00734413 0.0263802 0.0657109 0.113994 0.140036 0.129271 0.105379 0.0930032 0.0865519 0.0732739 0.0555206 0.039859 0.0273313 0.0172778 0.00979315 0.00486525 0.00206111 0.000723805
 3.3735e-11 1.58674e-09 5.16789e-08 1.16549e-06 1.82008e-05 0.000196816 0.00147376 0.00764215 0.0274493 0.068361 0.118502 0.145152 0.132649 0.105368 0.089854 0.0820031 0.0691144 0.0525518 0.0380781 0.0265026 0.0171035 0.00993831 0.00506501 0.00219349 0.000781852
 3.25179e-11 1.52949e-09 4.98144e-08 1.12344e-06 1.75441e-05 0.000189716 0.0014206 0.00736657 0.026461 0.0659141 0.11436 0.140546 0.12993 0.106261 0.0940026 0.0871228 0.0727869 0.0540133 0.0381321 0.0261977 0.0169522 0.00998822 0.00519571 0.00230266 0.000839163
 3.39748e-11 1.59801e-09 5.20462e-08 1.17377e-06 1.83301e-05 0.000198215 0.00148423 0.00769644 0.0276442 0.0688448 0.119331 0.146118 0.133375 0.105624 0.0897068 0.0816872 0.0687913 0.052173 0.0375036 0.025763 0.0164456 0.00957129 0.00497263 0.00222598 0.000824889
 3.51254e-11 1.65213e-09 5.38089e-08 1.21352e-06 1.89509e-05 0.000204928 0.0015345 0.00795704 0.0285796 0.0711678 0.123313 0.150786 0.136959 0.107012 0.0890084 0.0795377 0.065714 0.0487094 0.0344148 0.0236049 0.0151865 0.00887847 0.00460036 0.00205074 0.0007604
 3.33683e-11 1.56948e-09 5.11171e-08 1.15282e-06 1.80029e-05 0.000194677 0.00145774 0.00755917 0.0271525 0.0676331 0.117318 0.144066 0.13281 0.107823 0.0943684 0.0865837 0.0714025 0.0518391 0.0354999 0.0236231 0.0148737 0.00860483 0.0044497 0.00198518 0.000736238
 3.35331e-11 1.57724e-09 5.13696e-08 1.15851e-06 1.80919e-05 0.000195638 0.00146494 0.00759644 0.0272856 0.0679573 0.117831 0.144462 0.132442 0.106083 0.0914799 0.0839848 0.0707222 0.0532986 0.037817 0.0254478 0.0157941 0.00890639 0.00450159 0.00198026 0.000729776
 3.56605e-11 1.6773e-09 5.46286e-08 1.23201e-06 1.92396e-05 0.00020805 0.00155787 0.00807821 0.0290142 0.0722443 0.125139 0.152834 0.138228 0.106786 0.0874462 0.0775719 0.0643084 0.0481476 0.0343412 0.0235743 0.0150082 0.00859621 0.00433593 0.00187976 0.000681002
 3.50326e-11 1.64777e-09 5.36667e-08 1.21032e-06 1.89009e-05 0.000204387 0.00153045 0.00793607 0.0285048 0.0709868 0.123035 0.150615 0.137339 0.108389 0.0912823 0.0817616 0.0667359 0.0481874 0.0329401 0.0219907 0.0139131 0.00804694 0.00412122 0.00180547 0.000654595
 3.25058e-11 1.52892e-09 4.97959e-08 1.12302e-06 1.75376e-05 0.000189645 0.00142007 0.00736385 0.0264515 0.0658938 0.114347 0.140633 0.130339 0.107269 0.09564 0.0889602 0.0741732 0.0544702 0.0374998 0.0247045 0.0151865 0.00854391 0.00431547 0.00189078 0.000690052
 3.10588e-11 1.46086e-09 4.75792e-08 1.07303e-06 1.67569e-05 0.000181203 0.00135686 0.00703609 0.0252746 0.0629664 0.109297 0.134565 0.125187 0.104075 0.0943159 0.0895053 0.0770034 0.0593881 0.0431833 0.0295974 0.0185067 0.0103762 0.0051535 0.00221519 0.000798185
 3.08316e-11 1.45017e-09 4.72311e-08 1.06518e-06 1.66343e-05 0.000179877 0.00134693 0.0069846 0.0250895 0.0625037 0.108483 0.133512 0.124047 0.102805 0.0928355 0.0880457 0.0760639 0.059416 0.0443573 0.0316534 0.0207503 0.012124 0.00616756 0.00266434 0.000952846
 3.30518e-11 1.5546e-09 5.06323e-08 1.14188e-06 1.78322e-05 0.00019283 0.00144391 0.00748737 0.0268934 0.0669765 0.116102 0.142213 0.12997 0.103292 0.088295 0.0811341 0.0694238 0.0542211 0.0407202 0.02948 0.0198384 0.012029 0.00637378 0.00285094 0.00104271
 3.41806e-11 1.60769e-09 5.23616e-08 1.18088e-06 1.84412e-05 0.000199416 0.00149323 0.00774307 0.0278116 0.0692607 0.120045 0.14696 0.134034 0.105878 0.0894586 0.0808024 0.0671968 0.0502632 0.0361431 0.0255477 0.0171653 0.0105663 0.00574973 0.00265776 0.0010047
#obs catch len freq
 2.09458e-11 9.85188e-10 3.20869e-08 7.23642e-07 1.13007e-05 0.000122202 0.000915064 0.00474533 0.0170488 0.0425008 0.0739614 0.0919524 0.0884277 0.0796301 0.0799586 0.08273 0.0789304 0.0714306 0.0646292 0.0583831 0.0517186 0.0438297 0.0339465 0.022703 0.0124245
 2.24222e-11 1.05463e-09 3.43487e-08 7.74649e-07 1.20973e-05 0.000130816 0.00097956 0.00507972 0.0182492 0.0454834 0.0790839 0.0980029 0.0932371 0.0819482 0.0801495 0.0818366 0.0776744 0.0699446 0.0626484 0.0555706 0.048071 0.0399054 0.0305506 0.0203386 0.0111026
 7.3542e-16 3.46653e-14 1.13869e-12 2.65461e-11 4.68253e-10 7.36987e-09 1.23781e-07 2.05458e-06 2.75268e-05 0.000267495 0.00182315 0.00864435 0.0285177 0.0658453 0.108164 0.131561 0.12869 0.114145 0.100067 0.0872127 0.0740701 0.0601779 0.0451406 0.0296143 0.0160278
 1.14411e-11 5.38135e-10 1.75267e-08 3.95271e-07 6.17272e-06 6.67489e-05 0.000499802 0.00259142 0.00930388 0.0231303 0.039822 0.0475185 0.0396501 0.0252213 0.0206707 0.0370507 0.072763 0.110503 0.129384 0.124811 0.107117 0.0854422 0.0626576 0.0403007 0.0214889
 5.07945e-11 2.38913e-09 7.78123e-08 1.75486e-06 2.74047e-05 0.000296342 0.00221895 0.0115051 0.0413078 0.102708 0.176904 0.21133 0.175929 0.103955 0.0465523 0.0190035 0.00974743 0.00857634 0.0118497 0.0164152 0.0186321 0.0171285 0.0131003 0.00839898 0.00441278
 3.11274e-11 1.46408e-09 4.76842e-08 1.0754e-06 1.67939e-05 0.000181604 0.00135987 0.00705209 0.0253373 0.0631727 0.109997 0.137027 0.132481 0.119759 0.116824 0.108164 0.0791247 0.0429233 0.0184606 0.00887583 0.00736807 0.00764072 0.00682487 0.0047968 0.00261114
 3.90247e-11 1.83554e-09 5.97822e-08 1.34824e-06 2.10547e-05 0.000227677 0.00170482 0.00883995 0.0317466 0.0790118 0.136617 0.165703 0.146208 0.10547 0.0781754 0.0667942 0.0581902 0.0470098 0.0336129 0.0200298 0.00989628 0.00479095 0.00289389 0.00194254 0.00111323
 2.43039e-11 1.14314e-09 3.72313e-08 8.3966e-07 1.31125e-05 0.000141795 0.00106179 0.00550662 0.0197891 0.0493835 0.0862885 0.108909 0.109801 0.108349 0.116238 0.116705 0.0967243 0.0681852 0.0457284 0.0305507 0.0189313 0.0100956 0.00466189 0.00204019 0.000895141
 4.00304e-11 1.88284e-09 6.13228e-08 1.38298e-06 2.15973e-05 0.000233544 0.00174875 0.00906755 0.0325617 0.0810182 0.139933 0.169007 0.146808 0.100988 0.0688589 0.056236 0.0509173 0.0453772 0.0372668 0.0268373 0.0167876 0.00926939 0.00450115 0.00188234 0.000676409
 3.18706e-11 1.49904e-09 4.88227e-08 1.10108e-06 1.71949e-05 0.000185939 0.00139233 0.00722011 0.0259371 0.0646291 0.112268 0.138621 0.130179 0.110422 0.101345 0.0935905 0.0740539 0.0499796 0.0328032 0.0230081 0.0160712 0.00999553 0.00522733 0.00225564 0.000796973
 3.59618e-11 1.69147e-09 5.509e-08 1.24242e-06 1.94021e-05 0.000209807 0.00157103 0.00814635 0.0292581 0.0728422 0.126112 0.153729 0.138114 0.104872 0.0841381 0.0748552 0.0641782 0.0503262 0.0365649 0.0243519 0.0148519 0.00850285 0.00450788 0.00207244 0.000775627
 3.7385e-11 1.75841e-09 5.72703e-08 1.29159e-06 2.01701e-05 0.000218111 0.0016332 0.00846876 0.0304161 0.075725 0.131102 0.159802 0.143513 0.108673 0.0861179 0.0741075 0.0596453 0.0431204 0.0299537 0.0205046 0.0131834 0.00760367 0.00385892 0.00169994 0.000631929
 3.71304e-11 1.74643e-09 5.68802e-08 1.28279e-06 2.00327e-05 0.000216625 0.00162208 0.00841113 0.0302096 0.0752164 0.130258 0.158949 0.143309 0.109702 0.0883612 0.0767833 0.0616889 0.043804 0.0291651 0.0188254 0.0115464 0.00655525 0.0033431 0.00147223 0.000539562
 3.46622e-11 1.63034e-09 5.30991e-08 1.19752e-06 1.8701e-05 0.000202225 0.00151426 0.00785219 0.0282041 0.070243 0.121781 0.149246 0.136626 0.108944 0.093087 0.0841662 0.0689342 0.0496132 0.0332981 0.021325 0.0126974 0.006897 0.00337537 0.00144851 0.000524299
 3.58754e-11 1.68741e-09 5.49577e-08 1.23944e-06 1.93556e-05 0.000209303 0.00156726 0.00812687 0.0291891 0.072679 0.125889 0.153736 0.139003 0.107309 0.0878292 0.0779912 0.0647964 0.048456 0.0340668 0.0225857 0.013654 0.00738233 0.00353123 0.00146533 0.000513038
 3.06816e-11 1.44311e-09 4.70012e-08 1.06e-06 1.65534e-05 0.000179002 0.00134038 0.00695075 0.0249696 0.0622196 0.108092 0.133511 0.125559 0.107037 0.0995258 0.0945061 0.0789843 0.0578051 0.0398861 0.0266079 0.0165475 0.00923897 0.00450612 0.00187075 0.000644875
 3.45187e-11 1.62359e-09 5.28793e-08 1.19256e-06 1.86236e-05 0.000201388 0.00150799 0.00781954 0.0280852 0.0699311 0.121132 0.147945 0.133841 0.103579 0.0854927 0.0774801 0.0670051 0.0532742 0.0399368 0.0278106 0.0174795 0.00981822 0.00486161 0.00205844 0.000719637
 3.26285e-11 1.53469e-09 4.99837e-08 1.12726e-06 1.76038e-05 0.000190361 0.00142542 0.0073916 0.0265509 0.0661371 0.114741 0.140989 0.130253 0.106329 0.0937573 0.0865269 0.0718863 0.0531361 0.0377796 0.0265124 0.0175327 0.01039 0.00533045 0.00230396 0.000817735
 3.23951e-11 1.52371e-09 4.96263e-08 1.1192e-06 1.74779e-05 0.000188999 0.00141523 0.0073387 0.0263604 0.0656583 0.113881 0.139793 0.128723 0.104303 0.0914782 0.0852188 0.0728646 0.0560784 0.0407864 0.0281879 0.0180916 0.0106282 0.00557192 0.0024968 0.000916405
 3.52192e-11 1.65654e-09 5.39525e-08 1.21676e-06 1.90015e-05 0.000205475 0.00153859 0.00797821 0.0286551 0.0713488 0.123581 0.150899 0.136383 0.105193 0.0860806 0.0767291 0.0645137 0.0495285 0.0364325 0.0257442 0.0168453 0.00994345 0.00518862 0.0023268 0.000865643
 3.49784e-11 1.64522e-09 5.35836e-08 1.20845e-06 1.88716e-05 0.00020407 0.00152808 0.00792376 0.0284605 0.0708738 0.122823 0.150281 0.136797 0.107481 0.0900175 0.0805346 0.0660899 0.0483531 0.0337508 0.0231219 0.015058 0.00898247 0.00474863 0.00214782 0.000803176
 3.43834e-11 1.61723e-09 5.2672e-08 1.18789e-06 1.85506e-05 0.000200599 0.00150208 0.007789 0.0279769 0.0696739 0.120773 0.147912 0.135094 0.107118 0.0909822 0.08242 0.0684448 0.0506418 0.0353134 0.0236175 0.0147927 0.00852933 0.00443682 0.00200603 0.000755214
 3.37717e-11 1.58846e-09 5.1735e-08 1.16676e-06 1.82206e-05 0.00019703 0.00147536 0.00765047 0.0274796 0.0684388 0.118655 0.145426 0.13317 0.106332 0.091251 0.0833893 0.0698768 0.052399 0.0371441 0.0251467 0.0157519 0.00893807 0.00452599 0.00199429 0.000738897
 3.71196e-11 1.74593e-09 5.68637e-08 1.28242e-06 2.00268e-05 0.000216562 0.00162161 0.0084086 0.0301997 0.0751833 0.130143 0.15854 0.142086 0.10704 0.0844175 0.0731431 0.0603377 0.0453172 0.0324128 0.0222199 0.0141044 0.0080759 0.00408568 0.00177858 0.00064679
 3.34902e-11 1.57522e-09 5.13038e-08 1.15703e-06 1.80687e-05 0.000195388 0.00146307 0.00758679 0.027252 0.0678823 0.117762 0.144665 0.133531 0.108723 0.0953906 0.0873022 0.071298 0.0509015 0.0342762 0.0226335 0.0142339 0.00819959 0.00418743 0.00183278 0.000665314
 3.23416e-11 1.52119e-09 4.95442e-08 1.11735e-06 1.7449e-05 0.000188687 0.00141289 0.00732659 0.0263172 0.0655536 0.113719 0.139689 0.128929 0.105088 0.0928665 0.0868383 0.0741871 0.0567369 0.0406152 0.027224 0.0166671 0.00925742 0.00462232 0.00201074 0.000731185
 3.13365e-11 1.47392e-09 4.80045e-08 1.08262e-06 1.69067e-05 0.000182823 0.00136898 0.00709894 0.0255 0.063523 0.110231 0.135563 0.125632 0.103458 0.0926582 0.0874082 0.0752409 0.0584893 0.0433194 0.0305281 0.0196566 0.0112455 0.00561712 0.00240242 0.000858425
 3.16809e-11 1.49012e-09 4.85321e-08 1.09452e-06 1.70926e-05 0.000184832 0.00138403 0.00717691 0.0257795 0.0642131 0.111387 0.136789 0.126146 0.102621 0.0905487 0.0848966 0.0733289 0.0575931 0.0433212 0.0312063 0.0207549 0.012376 0.00643302 0.00282454 0.00101785
 3.55454e-11 1.67189e-09 5.44522e-08 1.22804e-06 1.91775e-05 0.000207378 0.00155284 0.00805207 0.0289199 0.0720037 0.124684 0.152102 0.137004 0.104698 0.0845231 0.0747503 0.0628504 0.0485478 0.0361709 0.0261137 0.0176245 0.0107772 0.00578799 0.00263198 0.000978261
#spawning biomass
 22570.4 21307.5 16095.1 11877.1 13678.2 24926.8 37663.3 45201.4 57283.6 76011.7 83792.9 99422.9 117525 138389 155283 147105 140713 132097 123686 132686 128344 133624 146044 165340 181144 208361 198865 203065 207766 235157 280935 193038 121252 76285.8 51208.6 38146.2 31627.3 28463.3 26955.7 26246.3 25915.4 25761.9 25691 25658.3 25643.3 25636.4 25633.3 25631.8 25631.2 25630.9 25630.7 25630.7 25630.6 25630.6 25630.6 25630.6 25630.6 25630.6 25630.6 25630.6 25630.6 25630.6 25630.6 25630.6 25630.6 25630.6 25630.6 25630.6 25630.6 25630.6 25630.6 25630.6 25630.6 25630.6 25630.6 25630.6 25630.6 25630.6 25630.6 25630.6 25630.6 25630.6 25630.6 25630.6 25630.6 25630.6 25630.6 25630.6 25630.6 25630.6 25630.6 25630.6 25630.6 25630.6 25630.6 25630.6 25630.6 25630.6 25630.6 25630.6 25630.6 25630.6 25630.6 25630.6 25630.6 25630.6 25630.6 25630.6 25630.6 25630.6 25630.6 25630.6 25630.6 25630.6 25630.6 25630.6 25630.6 25630.6 25630.6 25630.6 25630.6 25630.6 25630.6 25630.6 25630.6 25630.6 25630.6 25630.6 25630.6 0 0 0 0 0 0 0 0 0 0 0 0 0 0 0 0 0 0 0 0 0 0 0 0 0
