SBPRF35
0.256306
Curr Bio
110958
B35
174479
F35
0.481447
FOFL
0.296412
OFL
30411.8
Bzero
73230.3
#pred survey bio
 44968.9 36290.5 40665.3 43705.1 42219.6 45552.5 49635.2 52509.9 56174.3 56706.6 66882.6 75980.2 77097.5 77375 88932.3 92196.7 94457 106231 136631 134246 143365 156537 157085 152609 172586 175919 189338 200303 7.00869e+06 4.46593e+06 3.23604e+06 2.17979e+06 1.5212e+06 1.15672e+06 965279 866164 814271 786314 770659 761525 755988 752523 750298 748841 747883 747247 746823 746538 746346 746217 746129 746070 746031 746004 745985 745973 745965 745959 745955 745953 745951 745950 745949 745948 745948 745948 745948 745948 745948 745947 745947 745947 745947 745947 745947 745947 745947 745947 745947 745947 745947 745947 745947 745947 745947 745947 745947 745947 745947 745947 745947 745947 745947 745947 745947 745947 745947 745947 745947 745947 745947 745947 745947 745947 745947 745947 745947 745947 745947 745947 745947 745947 745947 745947 745947 745947 745947 745947 745947 745947 745947 745947 745947 745947 745947 745947 745947 745947 0 0 0 0 0 0 0 0 0 0 0 0 0 0 0 0 0 0 0 0 0 0 0 0 0
#obs survey bio
 40327.4 27324.9 45812.3 29398.5 37555.1 58467.3 62365.2 65178.6 74623.5 41109.3 78224.2 77859.8 60144.4 92528.8 82301 87040.9 89191.2 130473 145141 121105 163371 199157 153484 139732 185669 233986 119252 263822
#pred catch bio
 28350.1 20998.2 23139 26209.8 23906.6 26392.7 29497.3 31136.4 35303.7 32773.9 36853.8 44577.1 48544 43902.4 51676.4 55622.5 52506.7 51493.8 80497.5 75326.5 78242.2 86674.6 93929.6 82466.2 97412.4 92940.9 106311 118192 30411.8 63379.5 44903.1 28369.6 18557.1 13474.8 11033.3 9913.68 9415.37 9197.93 9104.31 9064.36 9047.42 9040.27 9037.26 9035.99 9035.46 9035.24 9035.15 9035.11 9035.09 9035.09 9035.09 9035.08 9035.08 9035.08 9035.08 9035.08 9035.08 9035.08 9035.08 9035.08 9035.08 9035.08 9035.08 9035.08 9035.08 9035.08 9035.08 9035.08 9035.08 9035.08 9035.08 9035.08 9035.08 9035.08 9035.08 9035.08 9035.08 9035.08 9035.08 9035.08 9035.08 9035.08 9035.08 9035.08 9035.08 9035.08 9035.08 9035.08 9035.08 9035.08 9035.08 9035.08 9035.08 9035.08 9035.08 9035.08 9035.08 9035.08 9035.08 9035.08 9035.08 9035.08 9035.08 9035.08 9035.08 9035.08 9035.08 9035.08 9035.08 9035.08 9035.08 9035.08 9035.08 9035.08 9035.08 9035.08 9035.08 9035.08 9035.08 9035.08 9035.08 9035.08 9035.08 9035.08 9035.08 9035.08 9035.08 9035.08 0 0 0 0 0 0 0 0 0 0 0 0 0 0 0 0 0 0 0 0 0 0 0 0 0
#obs catch bio
 21210.6 23695 23604.9 28253.1 23720.2 24732.9 27818.3 30819.4 35438.2 34364.7 36044.9 41211 50283.5 42249 51349.5 56027.9 53611.6 47774.4 84087.8 72797 75666.2 80478.8 93019.2 85323.6 95154.7 85255 110713 119085
#pred cpue bio
 35350.6 24655.9 27174.1 30071 29080.9 31189.8 33457 35341.5 37721.1 37420.1 44218 52251.4 52891.4 50873.8 59990.1 63383.2 63436.9 72752.3 94566.7 92823.2 98960.1 108840 111757 104266 119295 123187 134214 137886 4.81563e+06 4.19856e+06 3.12462e+06 2.07323e+06 1.41476e+06 1.05028e+06 858842 759727 707834 679876 664222 655088 649551 646086 643861 642404 641446 640810 640385 640100 639909 639779 639692 639633 639593 639566 639548 639536 639528 639522 639518 639516 639514 639513 639512 639511 639511 639511 639510 639510 639510 639510 639510 639510 639510 639510 639510 639510 639510 639510 639510 639510 639510 639510 639510 639510 639510 639510 639510 639510 639510 639510 639510 639510 639510 639510 639510 639510 639510 639510 639510 639510 639510 639510 639510 639510 639510 639510 639510 639510 639510 639510 639510 639510 639510 639510 639510 639510 639510 639510 639510 639510 639510 639510 639510 639510 639510 639510 639510 639510 0 0 0 0 0 0 0 0 0 0 0 0 0 0 0 0 0 0 0 0 0 0 0 0 0
#obs cpue bio
 28942.9 17215 28169.2 30255.4 38250.6 36361.7 32632.4 26106.2 29722.5 35212.8 49723.4 76965.9 49130.8 55502.1 60149.8 68043 58210.4 92382.7 66004.9 125235 105539 117878 111720 80387.6 155819 139880 135385 115378
#pred surv len freq
 3.73816e-11 1.75825e-09 5.72651e-08 1.29147e-06 2.01682e-05 0.00021809 0.00163305 0.0084678 0.0304105 0.0756914 0.130907 0.158924 0.140668 0.102236 0.0760143 0.0631417 0.0514889 0.0392443 0.0297117 0.0232497 0.018975 0.0162778 0.014116 0.0112225 0.00738063
 4.31564e-11 2.02987e-09 6.61116e-08 1.49098e-06 2.32838e-05 0.000251782 0.00188532 0.00977586 0.0351073 0.087374 0.151058 0.18313 0.161224 0.115104 0.0820751 0.0635109 0.0455859 0.0274144 0.0146827 0.00806483 0.0049531 0.00340058 0.00249488 0.0017805 0.00110207
 4.3116e-11 2.02797e-09 6.60497e-08 1.48958e-06 2.3262e-05 0.000251546 0.00188356 0.00976676 0.0350752 0.0873 0.150971 0.183214 0.16191 0.116896 0.0849732 0.0666378 0.0477569 0.0280375 0.0138877 0.00631586 0.0027791 0.00123164 0.000596138 0.000321089 0.000170639
 4.1278e-11 1.94152e-09 6.32341e-08 1.42609e-06 2.22704e-05 0.000240823 0.00180327 0.00935057 0.0335822 0.0836001 0.144683 0.176103 0.157307 0.11716 0.0897144 0.0732316 0.0534889 0.0318018 0.0159471 0.00724515 0.00302708 0.00113332 0.000385149 0.00012778 4.43279e-05
 4.1303e-11 1.9427e-09 6.32724e-08 1.42695e-06 2.22839e-05 0.000240969 0.00180436 0.00935622 0.0336024 0.0836488 0.144757 0.176149 0.157203 0.116789 0.0891201 0.0727017 0.0533551 0.0321161 0.0164563 0.00767036 0.00326353 0.00121774 0.000390335 0.000108083 2.6404e-05
 4.18024e-11 1.96619e-09 6.40374e-08 1.4442e-06 2.25533e-05 0.000243882 0.00182618 0.00946929 0.0340078 0.0846523 0.146453 0.178021 0.158261 0.116293 0.0872198 0.0704037 0.0517401 0.0315286 0.0165339 0.00793602 0.0034744 0.00133028 0.000434682 0.000119978 2.76227e-05
 4.26658e-11 2.0068e-09 6.536e-08 1.47403e-06 2.30191e-05 0.000248919 0.00186389 0.0096648 0.0347093 0.0863918 0.149418 0.18141 0.160583 0.116522 0.0855091 0.0677575 0.0491666 0.0295141 0.0151679 0.00715909 0.00312768 0.0012141 0.000406139 0.000114943 2.69316e-05
 4.261e-11 2.00417e-09 6.52746e-08 1.4721e-06 2.2989e-05 0.000248594 0.00186145 0.00965218 0.0346642 0.0862817 0.149241 0.181264 0.160668 0.117027 0.0863757 0.0685743 0.04946 0.0291909 0.0145478 0.00660568 0.00278783 0.00105525 0.000347862 9.82252e-05 2.32284e-05
 4.27452e-11 2.01053e-09 6.54816e-08 1.47677e-06 2.3062e-05 0.000249382 0.00186736 0.00968279 0.034774 0.0865536 0.149703 0.181782 0.16099 0.116972 0.0859852 0.0680812 0.0491012 0.0290282 0.0144884 0.00655512 0.00272748 0.00100607 0.00032088 8.77488e-05 2.02616e-05
 4.36335e-11 2.05231e-09 6.68425e-08 1.50746e-06 2.35412e-05 0.000254565 0.00190616 0.00988395 0.0354958 0.0883434 0.152753 0.185271 0.163386 0.117226 0.0842556 0.0653995 0.0464968 0.0269864 0.0130835 0.00572148 0.00231908 0.000841421 0.000264437 7.09078e-05 1.59604e-05
 4.35826e-11 2.04992e-09 6.67645e-08 1.50571e-06 2.35138e-05 0.000254268 0.00190394 0.00987243 0.0354544 0.0882401 0.152572 0.185044 0.16316 0.117018 0.0840804 0.0653402 0.0466528 0.027331 0.0134498 0.00596283 0.00242053 0.000866559 0.000266316 6.97347e-05 1.53663e-05
 4.12995e-11 1.94253e-09 6.32669e-08 1.42683e-06 2.2282e-05 0.000240948 0.00180421 0.00935542 0.0335996 0.0836432 0.144756 0.176186 0.157358 0.117152 0.0896558 0.0731633 0.0534532 0.0318083 0.0159725 0.00726019 0.00301685 0.00110011 0.000342122 8.9795e-05 1.96235e-05
 4.16009e-11 1.95671e-09 6.37288e-08 1.43724e-06 2.24446e-05 0.000242707 0.00181738 0.00942367 0.0338443 0.0842478 0.145772 0.177278 0.157874 0.116583 0.0881201 0.0714529 0.0524341 0.0317106 0.0163919 0.00771691 0.00330721 0.00123704 0.00039375 0.00010555 2.34484e-05
 4.39478e-11 2.0671e-09 6.7324e-08 1.51832e-06 2.37108e-05 0.000256399 0.00191989 0.00995511 0.0357509 0.0889745 0.153817 0.186435 0.164004 0.116808 0.082904 0.0638157 0.0454426 0.0266955 0.01327 0.00601612 0.00253654 0.000956565 0.00031155 8.58408e-05 1.95705e-05
 4.24128e-11 1.99489e-09 6.49724e-08 1.46529e-06 2.28826e-05 0.000247443 0.00185284 0.00960752 0.0345041 0.0858854 0.148572 0.180528 0.160263 0.117253 0.0871739 0.0695346 0.0501359 0.0294319 0.014493 0.00645308 0.00265329 0.000972759 0.000309272 8.42302e-05 1.9281e-05
 4.13558e-11 1.94518e-09 6.33533e-08 1.42877e-06 2.23124e-05 0.000241277 0.00180667 0.00936818 0.0336454 0.0837561 0.144945 0.176385 0.157439 0.117011 0.08932 0.0728069 0.0532664 0.0318322 0.0161 0.00737548 0.00308153 0.0011284 0.00035347 9.41271e-05 2.1053e-05
 4.28348e-11 2.01474e-09 6.56189e-08 1.47987e-06 2.31103e-05 0.000249905 0.00187127 0.00970306 0.0348466 0.0867324 0.149999 0.18208 0.161059 0.116617 0.0852578 0.067342 0.0487552 0.0291666 0.0148732 0.0069113 0.00294244 0.00110089 0.000351864 9.48629e-05 2.1228e-05
 4.16457e-11 1.95881e-09 6.37973e-08 1.43879e-06 2.24687e-05 0.000242968 0.00181933 0.00943381 0.0338807 0.084339 0.145932 0.177487 0.158103 0.116832 0.0883691 0.0715829 0.0523045 0.0313394 0.0159731 0.00742967 0.00318039 0.00120343 0.000391163 0.000107599 2.45587e-05
 4.13471e-11 1.94477e-09 6.33399e-08 1.42847e-06 2.23076e-05 0.000241226 0.00180628 0.00936615 0.0336376 0.083732 0.144871 0.176142 0.15674 0.115519 0.0871771 0.0710033 0.0529651 0.0331858 0.0181453 0.00907798 0.00408133 0.00158392 0.000522291 0.000145488 3.36854e-05
 4.11272e-11 1.93443e-09 6.30031e-08 1.42088e-06 2.2189e-05 0.000239943 0.00179668 0.0093164 0.0334595 0.0832944 0.144152 0.175452 0.156707 0.116686 0.0893594 0.0730676 0.0536623 0.032351 0.0167203 0.00800375 0.00358757 0.00144076 0.000498906 0.000145164 3.46535e-05
 4.13388e-11 1.94438e-09 6.33272e-08 1.42818e-06 2.23032e-05 0.000241177 0.00180592 0.00936429 0.0336311 0.0837183 0.144863 0.176207 0.157032 0.116208 0.0881884 0.0718489 0.0530819 0.0325143 0.0171743 0.00831599 0.00368183 0.00143772 0.000486826 0.000141594 3.45515e-05
 4.09086e-11 1.92415e-09 6.26682e-08 1.41332e-06 2.20711e-05 0.000238668 0.00178713 0.00926689 0.0332817 0.0828519 0.143388 0.174527 0.155904 0.116154 0.0891159 0.0731958 0.0542893 0.0333714 0.0177438 0.00869184 0.00390713 0.00154682 0.000526514 0.000152164 3.66848e-05
 3.93906e-11 1.85275e-09 6.03428e-08 1.36088e-06 2.12521e-05 0.000229812 0.00172083 0.00892315 0.0320485 0.0797956 0.138191 0.168636 0.15204 0.116229 0.0928008 0.0783716 0.0587889 0.036336 0.0194227 0.00957164 0.00433136 0.00172938 0.000595115 0.000173953 4.22789e-05
 4.20646e-11 1.97852e-09 6.4439e-08 1.45326e-06 2.26947e-05 0.000245412 0.00183763 0.00952863 0.0342206 0.0851783 0.147339 0.17898 0.158739 0.115861 0.0859652 0.0689536 0.0507871 0.031294 0.0167658 0.00829299 0.00376584 0.00150893 0.000521666 0.000153462 3.75999e-05
 4.12253e-11 1.93904e-09 6.31533e-08 1.42426e-06 2.22419e-05 0.000240515 0.00180097 0.0093386 0.033539 0.0834905 0.144479 0.175789 0.156816 0.116372 0.0886793 0.0723788 0.0533532 0.032487 0.0170456 0.00826114 0.00371247 0.00148674 0.000516311 0.000152774 3.76516e-05
 4.03863e-11 1.89958e-09 6.18681e-08 1.39528e-06 2.17893e-05 0.000235621 0.00176432 0.00914863 0.0328575 0.0818013 0.141607 0.172533 0.15468 0.116414 0.090726 0.0752743 0.0559074 0.0341993 0.0180033 0.00871093 0.00387589 0.00152724 0.000521754 0.000152733 3.75101e-05
 3.98059e-11 1.87228e-09 6.09789e-08 1.37523e-06 2.14761e-05 0.000232234 0.00173896 0.00901716 0.0323856 0.0806288 0.139593 0.170157 0.152804 0.115564 0.0908637 0.0761858 0.0574604 0.0361508 0.0198627 0.0100409 0.00460003 0.00183663 0.000628375 0.000182711 4.43821e-05
 4.17023e-11 1.96148e-09 6.38841e-08 1.44075e-06 2.24993e-05 0.000243298 0.0018218 0.0094466 0.0339262 0.0844476 0.146089 0.177532 0.157678 0.115568 0.0863839 0.0697687 0.0517178 0.0321986 0.0175606 0.00890039 0.00415341 0.00171019 0.000604929 0.000180472 4.44409e-05
#obs surv len freq
 4.02078e-11 1.89118e-09 6.15946e-08 1.38911e-06 2.1693e-05 0.000234579 0.00175652 0.00910821 0.0327127 0.0814431 0.141003 0.171878 0.154349 0.116691 0.0915308 0.0761468 0.0563654 0.0341621 0.0177707 0.00857179 0.00387925 0.00158545 0.000568065 0.000174916 4.5215e-05
 4.20769e-11 1.97909e-09 6.44578e-08 1.45369e-06 2.27014e-05 0.000245483 0.00183816 0.00953141 0.0342307 0.0852023 0.147376 0.179005 0.158696 0.115699 0.0857136 0.0687569 0.0507983 0.0315023 0.0170007 0.0084158 0.00378085 0.00148827 0.00050766 0.000149636 3.74452e-05
 4.12693e-11 1.94111e-09 6.32207e-08 1.42579e-06 2.22657e-05 0.000240772 0.00180289 0.00934857 0.033575 0.08358 0.144636 0.175989 0.157024 0.11658 0.0888768 0.0724833 0.0532615 0.0322073 0.0167134 0.00800717 0.00356823 0.00141856 0.000487533 0.000142251 3.45983e-05
 4.06784e-11 1.91332e-09 6.23155e-08 1.40537e-06 2.19469e-05 0.000237325 0.00177708 0.00921476 0.0330949 0.0823892 0.142605 0.173659 0.155399 0.116347 0.0899461 0.0742349 0.0550718 0.0337221 0.0177705 0.0085793 0.00378653 0.00147186 0.000494644 0.000142462 3.44669e-05
 4.09282e-11 1.92507e-09 6.26981e-08 1.414e-06 2.20817e-05 0.000238782 0.00178799 0.00927131 0.0332976 0.0828905 0.143449 0.174577 0.155869 0.115967 0.0888034 0.0729171 0.0542221 0.0335346 0.0179903 0.00887592 0.00399346 0.00157284 0.000530752 0.000151868 3.62389e-05
 4.30567e-11 2.02518e-09 6.59588e-08 1.48754e-06 2.323e-05 0.0002512 0.00188096 0.0097533 0.0350268 0.0871769 0.150742 0.182865 0.161376 0.116057 0.0839115 0.0658655 0.0478854 0.02912 0.0153271 0.00744756 0.00334093 0.00132791 0.000455023 0.000132138 3.18256e-05
 4.31642e-11 2.03024e-09 6.61235e-08 1.49125e-06 2.3288e-05 0.000251827 0.00188566 0.00977767 0.0351146 0.0873979 0.151141 0.183428 0.162123 0.117096 0.0851645 0.066782 0.0477961 0.0279743 0.0137809 0.0061939 0.00261208 0.000999369 0.000335543 9.67912e-05 2.33944e-05
 4.13231e-11 1.94364e-09 6.33031e-08 1.42764e-06 2.22947e-05 0.000241086 0.00180524 0.00936077 0.0336189 0.0836906 0.144836 0.176273 0.157404 0.117119 0.0895549 0.0730505 0.0533866 0.0317975 0.0159838 0.00726625 0.00301795 0.00110448 0.000349201 9.51819e-05 2.20945e-05
 4.37578e-11 2.05816e-09 6.70328e-08 1.51176e-06 2.36083e-05 0.00025529 0.00191159 0.00991206 0.0355965 0.0885894 0.153149 0.185616 0.163258 0.116241 0.0825422 0.0638008 0.0459674 0.0276803 0.0143078 0.00673707 0.00288286 0.00107449 0.000340598 9.11919e-05 2.03999e-05
 4.28512e-11 2.01551e-09 6.56439e-08 1.48044e-06 2.31191e-05 0.000250001 0.00187199 0.00970678 0.0348603 0.0867676 0.15007 0.182214 0.161326 0.117113 0.085931 0.0678667 0.0487557 0.0286226 0.0141486 0.00636703 0.0026682 0.0010019 0.000325015 8.91355e-05 2.02246e-05
 4.25587e-11 2.00175e-09 6.51958e-08 1.47033e-06 2.29613e-05 0.000248294 0.00185921 0.00964054 0.0346225 0.0861772 0.149059 0.181032 0.160434 0.116804 0.0861859 0.0685183 0.0496524 0.0295927 0.0149539 0.00684598 0.00285984 0.00104935 0.000330845 8.91134e-05 2.01949e-05
 4.14012e-11 1.94731e-09 6.34227e-08 1.43034e-06 2.23368e-05 0.000241541 0.00180865 0.00937844 0.0336823 0.0838469 0.145097 0.176546 0.157507 0.116903 0.0890531 0.0725059 0.0530748 0.0318014 0.0161809 0.00749024 0.00317541 0.0011829 0.000376511 0.000101228 2.26546e-05
 4.29393e-11 2.01966e-09 6.57789e-08 1.48348e-06 2.31667e-05 0.000250515 0.00187584 0.00972672 0.0349315 0.0869414 0.150347 0.182439 0.161171 0.116274 0.0845166 0.0665783 0.0483851 0.029279 0.0152219 0.0072251 0.00312416 0.00118061 0.000380697 0.000103687 2.34558e-05
 4.43314e-11 2.08513e-09 6.79114e-08 1.53157e-06 2.39177e-05 0.000258636 0.00193665 0.010042 0.0360626 0.0897463 0.155127 0.18791 0.164939 0.116696 0.0818384 0.0623916 0.044279 0.026021 0.0129667 0.0059003 0.00249757 0.000945853 0.000309646 8.58794e-05 1.97455e-05
 4.01397e-11 1.88798e-09 6.14902e-08 1.38676e-06 2.16563e-05 0.000234182 0.00175355 0.00909282 0.0326579 0.0813107 0.140802 0.171766 0.15467 0.11779 0.0933107 0.0778195 0.0569936 0.033524 0.0164476 0.00728044 0.0029771 0.00108692 0.000344523 9.36758e-05 2.14476e-05
 4.24753e-11 1.99783e-09 6.50681e-08 1.46745e-06 2.29163e-05 0.000247808 0.00185557 0.00962163 0.0345544 0.0860051 0.148744 0.180571 0.159775 0.115825 0.084974 0.0676387 0.0497719 0.0307355 0.0164323 0.00797109 0.00344905 0.00127667 0.000398607 0.00010527 2.33532e-05
 4.2367e-11 1.99274e-09 6.49022e-08 1.46371e-06 2.28579e-05 0.000247176 0.00185084 0.00959714 0.0344668 0.0857907 0.148398 0.180268 0.159878 0.116659 0.0864067 0.0689092 0.0500474 0.0299581 0.0153286 0.00722156 0.00316484 0.00123316 0.000410857 0.000114222 2.5943e-05
 3.94214e-11 1.85419e-09 6.03898e-08 1.36194e-06 2.12687e-05 0.000229991 0.00172217 0.00893011 0.0320737 0.0798582 0.138301 0.16878 0.152202 0.116416 0.093014 0.0785535 0.0588477 0.0362266 0.0191793 0.00928103 0.00408466 0.00157399 0.000521543 0.000147268 3.46725e-05
 4.30363e-11 2.02422e-09 6.59275e-08 1.48683e-06 2.3219e-05 0.000251081 0.00188007 0.00974866 0.03501 0.0871339 0.15066 0.182727 0.161132 0.115637 0.0833563 0.0654418 0.0479024 0.0295935 0.0159516 0.00791755 0.00357774 0.00141141 0.000475433 0.000135207 3.19066e-05
 3.89597e-11 1.83247e-09 5.96825e-08 1.34599e-06 2.10196e-05 0.000227297 0.001702 0.00882558 0.0316989 0.0789315 0.13674 0.167081 0.151325 0.117092 0.0950607 0.0808498 0.060202 0.0363719 0.018734 0.00889518 0.00394178 0.00156542 0.000538795 0.000157143 3.78999e-05
 4.42764e-11 2.08255e-09 6.78273e-08 1.52968e-06 2.38881e-05 0.000258316 0.00193424 0.0100295 0.0360172 0.0896279 0.154886 0.187444 0.163978 0.114893 0.0793656 0.0604123 0.0441492 0.0278568 0.0155287 0.00792138 0.00360947 0.00141757 0.000476299 0.000136831 3.30408e-05
 3.77943e-11 1.77766e-09 5.78973e-08 1.30573e-06 2.03909e-05 0.000220499 0.0016511 0.00856171 0.0307524 0.0765871 0.132763 0.16262 0.14856 0.117589 0.0985119 0.0853077 0.0636456 0.0381411 0.0193871 0.00913908 0.00408631 0.00165731 0.000582563 0.000172202 4.18308e-05
 4.24186e-11 1.99516e-09 6.49812e-08 1.46549e-06 2.28857e-05 0.000247477 0.00185309 0.00960874 0.0345077 0.085885 0.14851 0.180163 0.15902 0.114483 0.0831609 0.0661794 0.049642 0.0320385 0.0183066 0.00951287 0.00436244 0.00171169 0.000575548 0.000166687 4.08204e-05
 4.02359e-11 1.8925e-09 6.16375e-08 1.39008e-06 2.17081e-05 0.000234743 0.00175775 0.00911455 0.0327354 0.0814987 0.141094 0.17196 0.154333 0.116492 0.0911614 0.0757518 0.0561304 0.0341748 0.0179861 0.00886538 0.00412276 0.00171984 0.000615555 0.000183792 4.49017e-05
 4.19081e-11 1.97116e-09 6.41992e-08 1.44786e-06 2.26103e-05 0.000244499 0.00183079 0.00949319 0.0340935 0.084862 0.146794 0.178333 0.15821 0.115581 0.0859373 0.0691667 0.0512491 0.0319171 0.017341 0.00866053 0.0039349 0.00157367 0.000547767 0.000164414 4.13984e-05
 3.88949e-11 1.82943e-09 5.95834e-08 1.34376e-06 2.09847e-05 0.00022692 0.00169917 0.00881091 0.0316461 0.0787994 0.136506 0.166771 0.150968 0.116672 0.0946017 0.0805441 0.0602895 0.0368656 0.019379 0.00942009 0.00425275 0.00171064 0.000595409 0.000176311 4.35819e-05
 4.16308e-11 1.95811e-09 6.37744e-08 1.43827e-06 2.24607e-05 0.000242881 0.00181868 0.00943037 0.0338678 0.0842997 0.145818 0.177131 0.157098 0.114701 0.0853184 0.069032 0.0519132 0.0333072 0.0188976 0.00983087 0.00457178 0.00183555 0.000631125 0.000185183 4.55335e-05
 3.9812e-11 1.87256e-09 6.09882e-08 1.37544e-06 2.14794e-05 0.00023227 0.00173923 0.00901856 0.032391 0.0806446 0.139637 0.17029 0.153174 0.116338 0.0919405 0.0769963 0.0573752 0.0351851 0.0186967 0.00928673 0.00432864 0.00180697 0.000650111 0.000196446 4.8768e-05
#pred catch len freq
 3.13211e-11 1.4732e-09 4.7981e-08 1.08209e-06 1.68984e-05 0.000182733 0.00136831 0.00709533 0.0254854 0.0634718 0.110039 0.134844 0.123412 0.0984129 0.0843718 0.0772872 0.0654525 0.050617 0.0386311 0.0303601 0.0248205 0.0213033 0.0184765 0.0146896 0.00966084
 3.79029e-11 1.78277e-09 5.80637e-08 1.30948e-06 2.04495e-05 0.000221132 0.00165584 0.00858624 0.0308396 0.0767963 0.13307 0.162735 0.147829 0.115296 0.0946501 0.0810375 0.060507 0.0368996 0.0199353 0.0110319 0.00680526 0.00467952 0.00343448 0.00245124 0.00151725
 3.78173e-11 1.77875e-09 5.79326e-08 1.30652e-06 2.04033e-05 0.000220633 0.0016521 0.00856693 0.0307711 0.0766342 0.132847 0.162734 0.148696 0.117759 0.0987058 0.0854386 0.0635836 0.0378199 0.0188797 0.00864602 0.00382332 0.00169867 0.000822985 0.000443397 0.000235654
 3.5933e-11 1.69012e-09 5.5046e-08 1.24143e-06 1.93867e-05 0.00020964 0.00156979 0.00814025 0.0292404 0.0728409 0.1264 0.15544 0.143963 0.118003 0.103537 0.0922027 0.0695336 0.0418105 0.0211155 0.00965385 0.00405104 0.00152002 0.000517052 0.000171609 5.95419e-05
 3.55501e-11 1.67211e-09 5.44594e-08 1.22819e-06 1.91801e-05 0.000207406 0.00155306 0.00805352 0.0289291 0.0720679 0.125075 0.153888 0.142778 0.117558 0.103797 0.0929535 0.070602 0.0430254 0.0222212 0.0104281 0.00445698 0.00166674 0.000534755 0.000148131 3.6194e-05
 3.63035e-11 1.70754e-09 5.56135e-08 1.25422e-06 1.95865e-05 0.000211801 0.00158597 0.0082241 0.0295409 0.073582 0.127635 0.156723 0.144407 0.116882 0.101037 0.0895778 0.0681842 0.0420765 0.0222394 0.0107437 0.00472301 0.00181189 0.000592535 0.000163603 3.76722e-05
 3.75489e-11 1.76612e-09 5.75215e-08 1.29725e-06 2.02585e-05 0.000219067 0.00164038 0.00850614 0.0305528 0.0760913 0.131911 0.16161 0.147749 0.117197 0.0985467 0.0857436 0.0644733 0.0391902 0.0202928 0.00963854 0.00422835 0.00164461 0.000550592 0.000155875 3.6527e-05
 3.74771e-11 1.76274e-09 5.74114e-08 1.29477e-06 2.02197e-05 0.000218648 0.00163724 0.00848988 0.0304947 0.0759495 0.131685 0.161426 0.147873 0.117879 0.0997079 0.0868345 0.0648594 0.0387477 0.0194523 0.00888956 0.00376846 0.0014296 0.000471695 0.00013324 3.15132e-05
 3.80761e-11 1.79092e-09 5.83291e-08 1.31547e-06 2.05429e-05 0.000222143 0.00166341 0.00862553 0.0309813 0.0771552 0.133733 0.163736 0.149349 0.117742 0.0981082 0.0846942 0.0631252 0.0377448 0.0189643 0.00862915 0.00360459 0.00133223 0.000425258 0.000116331 2.68654e-05
 3.85825e-11 1.81474e-09 5.91048e-08 1.33296e-06 2.08161e-05 0.000225097 0.00168553 0.00874022 0.0313929 0.0781769 0.135481 0.16577 0.150862 0.11821 0.0975881 0.0835525 0.0616921 0.036271 0.0177162 0.00779917 0.00317658 0.00115543 0.000363503 9.7513e-05 2.19528e-05
 3.82084e-11 1.79714e-09 5.85317e-08 1.32004e-06 2.06143e-05 0.000222915 0.00166919 0.0086555 0.0310889 0.0774226 0.134193 0.164282 0.149793 0.117975 0.0981387 0.084555 0.0628212 0.0373126 0.0185104 0.00826444 0.0033716 0.00121014 0.000372313 9.75344e-05 2.14965e-05
 3.58001e-11 1.68387e-09 5.48424e-08 1.23683e-06 1.9315e-05 0.000208865 0.00156399 0.00811015 0.0291324 0.0725733 0.125945 0.154925 0.143627 0.118016 0.103874 0.092683 0.069971 0.0421241 0.0213088 0.009749 0.00406921 0.00148718 0.000462937 0.000121553 2.65684e-05
 3.66874e-11 1.7256e-09 5.62017e-08 1.26749e-06 1.97937e-05 0.000214041 0.00160274 0.00831106 0.0298529 0.0743565 0.12896 0.15826 0.145536 0.1172 0.100598 0.0887016 0.0671575 0.0410663 0.0213718 0.010118 0.00435215 0.00163078 0.000519464 0.000139293 3.09489e-05
 3.88478e-11 1.82721e-09 5.95111e-08 1.34212e-06 2.09592e-05 0.000226645 0.00169711 0.00880026 0.0316081 0.0787087 0.136374 0.166726 0.151297 0.117667 0.0961691 0.0819735 0.060744 0.0361779 0.0181267 0.00827425 0.00350514 0.00132494 0.00043194 0.000119056 2.71475e-05
 3.7098e-11 1.74491e-09 5.68307e-08 1.28167e-06 2.00152e-05 0.000216437 0.00162068 0.00840407 0.0301869 0.0751877 0.130396 0.159997 0.147045 0.1182 0.101076 0.0885302 0.0661106 0.0392854 0.0194888 0.00873518 0.00360858 0.00132617 0.000422058 0.000114994 2.63277e-05
 3.60691e-11 1.69652e-09 5.52545e-08 1.24613e-06 1.94601e-05 0.000210434 0.00157573 0.00817105 0.0293508 0.073114 0.12686 0.15594 0.14422 0.1178 0.102929 0.0915231 0.0691403 0.0417899 0.0212871 0.00981199 0.00411673 0.00151062 0.000473617 0.000126168 2.82243e-05
 3.73129e-11 1.75502e-09 5.71599e-08 1.2891e-06 2.01311e-05 0.00021769 0.00163007 0.0084527 0.0303611 0.0756168 0.131108 0.160719 0.147228 0.117387 0.0993908 0.0868161 0.0653093 0.0396016 0.0203608 0.00952714 0.00407487 0.00152802 0.000488841 0.000131843 2.95083e-05
 3.50555e-11 1.64884e-09 5.37017e-08 1.21111e-06 1.89132e-05 0.00020452 0.00153146 0.00794152 0.0285274 0.0710727 0.123386 0.151991 0.141592 0.117741 0.105221 0.0948083 0.0720497 0.0437907 0.0225298 0.0105664 0.00454831 0.00172571 0.000561553 0.000154539 3.52795e-05
 3.58481e-11 1.68612e-09 5.49159e-08 1.23849e-06 1.93408e-05 0.000209144 0.00156608 0.00812095 0.0291704 0.0726604 0.126044 0.154804 0.142754 0.115818 0.100574 0.0898283 0.069361 0.0440106 0.0242532 0.0122071 0.00550802 0.00214118 0.000706545 0.000196873 4.55894e-05
 3.52713e-11 1.65899e-09 5.40324e-08 1.21856e-06 1.90297e-05 0.00020578 0.00154089 0.00799039 0.0287026 0.071506 0.124116 0.152787 0.142003 0.117418 0.104217 0.0935837 0.0711351 0.0434215 0.0226252 0.0109072 0.00491163 0.00197678 0.000685096 0.000199403 4.76079e-05
 3.53393e-11 1.66219e-09 5.41365e-08 1.22091e-06 1.90663e-05 0.000206176 0.00154385 0.00800577 0.0287575 0.0716401 0.12433 0.152962 0.141888 0.116787 0.103169 0.0926871 0.0710034 0.0440713 0.0234779 0.0114485 0.00509135 0.00199233 0.00067521 0.000196456 4.79463e-05
 3.49072e-11 1.64187e-09 5.34746e-08 1.20599e-06 1.88332e-05 0.000203655 0.00152498 0.00790793 0.0284065 0.0707697 0.122847 0.151269 0.140736 0.116692 0.104039 0.0939793 0.0721865 0.0449475 0.0241005 0.0118879 0.0053671 0.00212913 0.000725318 0.000209689 5.05608e-05
 3.36348e-11 1.58202e-09 5.15254e-08 1.16203e-06 1.81467e-05 0.000196232 0.0014694 0.0076198 0.0273728 0.0682076 0.11849 0.146325 0.137478 0.116712 0.107064 0.0982611 0.0759421 0.0474631 0.0255616 0.0126759 0.0057585 0.00230336 0.000793213 0.000231926 5.63762e-05
 3.61593e-11 1.70076e-09 5.53927e-08 1.24924e-06 1.95087e-05 0.00021096 0.00157967 0.00819144 0.0294235 0.0732893 0.127126 0.156087 0.143789 0.116333 0.100565 0.0893305 0.0683789 0.0427285 0.0230941 0.0115041 0.0052468 0.00210657 0.000728871 0.000214487 5.25593e-05
 3.54223e-11 1.6661e-09 5.42637e-08 1.22378e-06 1.91111e-05 0.00020666 0.00154748 0.00802457 0.0288251 0.0718082 0.124621 0.153313 0.142194 0.116989 0.103247 0.0925857 0.0706627 0.0435735 0.0230498 0.011248 0.00507693 0.00203735 0.0007081 0.000209591 5.16612e-05
 3.39909e-11 1.59877e-09 5.20709e-08 1.17433e-06 1.83389e-05 0.00019831 0.00148496 0.00770045 0.0276623 0.0689262 0.11972 0.147757 0.138548 0.117056 0.106729 0.0975094 0.0750004 0.0464792 0.0246832 0.0120323 0.00537928 0.0021244 0.000726428 0.000212727 5.22523e-05
 3.36637e-11 1.58338e-09 5.15696e-08 1.16302e-06 1.81623e-05 0.0001964 0.00147066 0.0076263 0.0273959 0.068262 0.118563 0.146316 0.137162 0.115852 0.105758 0.0971408 0.0757323 0.0482466 0.0267308 0.0136024 0.00625643 0.00250252 0.000856837 0.000249219 6.0546e-05
 3.62904e-11 1.70692e-09 5.55935e-08 1.25377e-06 1.95794e-05 0.000211725 0.0015854 0.0082211 0.0295298 0.0735513 0.127562 0.156535 0.143927 0.115892 0.0996021 0.0882953 0.0677884 0.0427453 0.0234976 0.0119833 0.00561278 0.00231495 0.000819383 0.000244516 6.02184e-05
#obs catch len freq
 3.71602e-11 1.74784e-09 5.69259e-08 1.28382e-06 2.00487e-05 0.000216799 0.00162339 0.00841805 0.0302363 0.0753011 0.130529 0.15986 0.145976 0.115485 0.0969624 0.0848787 0.0651175 0.0413446 0.0229923 0.0118633 0.00561621 0.00235509 0.00086067 0.000270607 7.15024e-05
 3.48177e-11 1.63766e-09 5.33375e-08 1.20289e-06 1.87849e-05 0.000203133 0.00152107 0.00788767 0.0283342 0.0705922 0.122559 0.151009 0.14079 0.117312 0.105129 0.0949635 0.0724301 0.044389 0.023268 0.0113005 0.00513804 0.00210507 0.000755169 0.000232683 6.01706e-05
 3.70173e-11 1.74111e-09 5.67069e-08 1.27888e-06 1.99716e-05 0.000215965 0.00161715 0.0083857 0.0301205 0.0750157 0.130055 0.159382 0.145862 0.116049 0.0981468 0.0861622 0.0658857 0.0413769 0.0225068 0.011212 0.00505747 0.00199507 0.000681331 0.000200967 5.03119e-05
 3.60939e-11 1.69768e-09 5.52924e-08 1.24698e-06 1.94735e-05 0.000210579 0.00157682 0.00817665 0.0293709 0.0731614 0.126927 0.155954 0.144013 0.117196 0.101964 0.0905834 0.0687098 0.042033 0.0219793 0.0106006 0.00474538 0.00189105 0.000650703 0.000189987 4.62271e-05
 3.53168e-11 1.66113e-09 5.41021e-08 1.22014e-06 1.90542e-05 0.000206045 0.00154287 0.00800068 0.0287394 0.0715953 0.124256 0.152887 0.14187 0.116876 0.103351 0.0928716 0.0710899 0.0440396 0.0233887 0.0113669 0.00503906 0.00196335 0.000660648 0.000190412 4.60882e-05
 3.58251e-11 1.68504e-09 5.48807e-08 1.2377e-06 1.93285e-05 0.000209011 0.00156508 0.00811577 0.0291521 0.0726166 0.125982 0.154792 0.142945 0.116367 0.101409 0.0905223 0.069436 0.0434394 0.0234788 0.0116554 0.00526489 0.00207794 0.000701971 0.00020099 4.79796e-05
 3.86824e-11 1.81943e-09 5.92577e-08 1.33641e-06 2.087e-05 0.00022568 0.00168989 0.00876277 0.0314734 0.0783706 0.135773 0.165922 0.15035 0.116512 0.0948785 0.0810872 0.0609359 0.0374922 0.0198706 0.00970961 0.00437174 0.00174098 0.000597154 0.000173509 4.18036e-05
 3.8456e-11 1.80879e-09 5.8911e-08 1.32859e-06 2.07479e-05 0.000224359 0.00168 0.00871156 0.0312901 0.077921 0.13504 0.16524 0.150411 0.117931 0.09747 0.0835908 0.0619197 0.0366769 0.0181992 0.00823369 0.0034891 0.00133845 0.00044999 0.000129897 3.14088e-05
 3.64495e-11 1.71441e-09 5.58372e-08 1.25927e-06 1.96653e-05 0.000212653 0.00159235 0.0082572 0.02966 0.0738804 0.128165 0.15743 0.145231 0.117875 0.102141 0.090338 0.0680251 0.0409501 0.0207249 0.00947887 0.00395392 0.00145046 0.00045917 0.000125249 2.90874e-05
 3.92301e-11 1.84519e-09 6.00968e-08 1.35533e-06 2.11655e-05 0.000228875 0.00171381 0.0088868 0.0319184 0.0794747 0.137657 0.16809 0.151885 0.116801 0.0940279 0.0796855 0.0595351 0.0363119 0.0189099 0.00895854 0.00384913 0.00143779 0.000456283 0.000122249 2.73594e-05
 3.80972e-11 1.79191e-09 5.83612e-08 1.31619e-06 2.05543e-05 0.000222266 0.00166433 0.0086303 0.0309986 0.0771985 0.133811 0.163846 0.149494 0.117941 0.098335 0.0848248 0.0630231 0.0374357 0.0186383 0.0084422 0.00355463 0.00133822 0.000434682 0.000119296 2.70791e-05
 3.7753e-11 1.77572e-09 5.78341e-08 1.30431e-06 2.03686e-05 0.000220258 0.00164929 0.00855237 0.0307188 0.0765037 0.132619 0.162448 0.148417 0.11752 0.0985535 0.0855285 0.0640809 0.0386452 0.0196704 0.00906207 0.0038023 0.00139854 0.000441504 0.000119009 2.69823e-05
 3.64218e-11 1.71311e-09 5.57948e-08 1.25831e-06 1.96504e-05 0.000212492 0.00159114 0.00825093 0.0296375 0.0738235 0.128062 0.157285 0.14504 0.117609 0.101815 0.0900814 0.0680058 0.0412015 0.0211137 0.00983527 0.00418785 0.00156374 0.000498346 0.000134079 3.00198e-05
 3.83894e-11 1.80565e-09 5.88089e-08 1.32629e-06 2.07119e-05 0.00022397 0.00167709 0.00869643 0.0312355 0.0777819 0.134778 0.164823 0.149729 0.116808 0.0960169 0.0825031 0.062007 0.037971 0.0198816 0.00949218 0.0041205 0.00156038 0.000503706 0.000137279 3.1067e-05
 3.98618e-11 1.87491e-09 6.10645e-08 1.37716e-06 2.15063e-05 0.000232561 0.00174141 0.00902988 0.0324319 0.0807495 0.13984 0.170636 0.153796 0.117435 0.0934422 0.0782857 0.0576835 0.0343421 0.0172418 0.00789669 0.00335809 0.00127493 0.000417905 0.000115985 2.66782e-05
 3.49311e-11 1.64299e-09 5.35112e-08 1.20681e-06 1.88461e-05 0.000203795 0.00152603 0.0079134 0.0284269 0.0708267 0.12299 0.151647 0.141722 0.118734 0.106957 0.0964541 0.0726523 0.0431668 0.0213229 0.00949994 0.00390361 0.00142907 0.000453613 0.000123435 2.82743e-05
 3.75848e-11 1.76781e-09 5.75763e-08 1.29849e-06 2.02778e-05 0.000219276 0.00164194 0.00851422 0.0305816 0.0761591 0.132004 0.161612 0.147395 0.116222 0.0970829 0.0845564 0.0644112 0.0402774 0.0216991 0.0105899 0.00460003 0.00170623 0.000533337 0.000140953 3.12841e-05
 3.69056e-11 1.73586e-09 5.65358e-08 1.27503e-06 1.99114e-05 0.000215314 0.00161227 0.00836045 0.0300303 0.0747966 0.129713 0.159137 0.146186 0.117392 0.100339 0.088115 0.0663741 0.0402609 0.0207789 0.00986459 0.00434609 0.00169817 0.000566578 0.000157634 3.58195e-05
 3.42216e-11 1.60962e-09 5.24242e-08 1.1823e-06 1.84633e-05 0.000199655 0.00149503 0.00775266 0.0278497 0.0693899 0.120505 0.148632 0.13907 0.116904 0.105979 0.096602 0.0743869 0.0462667 0.0246676 0.0120087 0.00530614 0.00204902 0.000679715 0.000192059 4.52365e-05
 3.79469e-11 1.78484e-09 5.8131e-08 1.311e-06 2.04732e-05 0.000221389 0.00165776 0.0085962 0.0308756 0.0768873 0.133238 0.16299 0.148227 0.116 0.0958767 0.0829559 0.0630678 0.0395042 0.0214752 0.0107315 0.00487017 0.00192559 0.00064941 0.000184814 4.36318e-05
 3.32538e-11 1.5641e-09 5.09417e-08 1.14886e-06 1.79412e-05 0.000194009 0.00145276 0.00753355 0.0270639 0.0674452 0.117217 0.144997 0.137 0.117812 0.109548 0.100855 0.0772412 0.0471661 0.0244822 0.0117078 0.00521386 0.00207605 0.00071549 0.000208828 5.03864e-05
 3.92177e-11 1.84461e-09 6.00778e-08 1.35491e-06 2.11588e-05 0.000228803 0.00171327 0.00888395 0.0319076 0.079442 0.137562 0.167792 0.151042 0.115014 0.0914682 0.0775441 0.0592037 0.0379567 0.0213558 0.0109682 0.00501847 0.00197524 0.000664493 0.000191042 4.61535e-05
 3.19331e-11 1.50198e-09 4.89184e-08 1.10324e-06 1.72286e-05 0.000186304 0.00139507 0.0072345 0.0259912 0.0647884 0.112712 0.139949 0.133887 0.118421 0.113523 0.105952 0.0811333 0.0491084 0.0251527 0.011945 0.00536905 0.00218356 0.000768561 0.000227338 5.52463e-05
 3.70683e-11 1.74351e-09 5.67851e-08 1.28065e-06 1.99992e-05 0.000216263 0.00161938 0.00839721 0.0301612 0.0751113 0.130182 0.159352 0.145251 0.114419 0.0956856 0.0840748 0.065546 0.0429177 0.0247389 0.0129374 0.00595537 0.00234144 0.000788232 0.00022846 5.59749e-05
 3.47176e-11 1.63295e-09 5.3184e-08 1.19943e-06 1.87309e-05 0.000202549 0.0015167 0.00786499 0.0282527 0.0703895 0.122209 0.150585 0.140421 0.117061 0.10498 0.0949135 0.0725254 0.0446684 0.0236987 0.0117649 0.00549724 0.00229876 0.000823714 0.000246095 6.0145e-05
 3.66723e-11 1.72489e-09 5.61784e-08 1.26696e-06 1.97855e-05 0.000213953 0.00160208 0.00830757 0.0298401 0.0743203 0.128869 0.158019 0.144905 0.115893 0.0987294 0.0871124 0.0668426 0.0421702 0.0231006 0.011613 0.00529842 0.00212368 0.000740111 0.000222305 5.59982e-05
 3.29159e-11 1.5482e-09 5.0424e-08 1.13719e-06 1.77589e-05 0.000192038 0.001438 0.00745701 0.0267891 0.0667624 0.116044 0.143609 0.135889 0.117275 0.109563 0.101319 0.0781071 0.0483074 0.0256069 0.0125413 0.00569051 0.00229504 0.0007999 0.000237044 5.86206e-05
 3.62589e-11 1.70544e-09 5.55452e-08 1.25268e-06 1.95625e-05 0.000211541 0.00158402 0.00821393 0.0295038 0.0734827 0.127418 0.156245 0.143304 0.114704 0.0979852 0.0870605 0.0678542 0.044125 0.0252484 0.0132182 0.00617055 0.00248242 0.000854509 0.000250903 6.17197e-05
#spawning biomass
 31178 19534.5 21284.6 24261.7 23471.7 25005.1 26422 27897 29704.5 28960.8 34274.4 42137.8 42508 39187.1 47483.1 51085.8 49925.9 58398.4 76498.4 75171 79945.6 88526.3 92858 83340.3 96524.8 100912 111025 110958 110774 197015 137440 85816.8 55269.8 39449.9 31850.4 28365.4 26814.3 26137.5 25846.1 25721.7 25669 25646.8 25637.4 25633.4 25631.8 25631.1 25630.8 25630.7 25630.7 25630.6 25630.6 25630.6 25630.6 25630.6 25630.6 25630.6 25630.6 25630.6 25630.6 25630.6 25630.6 25630.6 25630.6 25630.6 25630.6 25630.6 25630.6 25630.6 25630.6 25630.6 25630.6 25630.6 25630.6 25630.6 25630.6 25630.6 25630.6 25630.6 25630.6 25630.6 25630.6 25630.6 25630.6 25630.6 25630.6 25630.6 25630.6 25630.6 25630.6 25630.6 25630.6 25630.6 25630.6 25630.6 25630.6 25630.6 25630.6 25630.6 25630.6 25630.6 25630.6 25630.6 25630.6 25630.6 25630.6 25630.6 25630.6 25630.6 25630.6 25630.6 25630.6 25630.6 25630.6 25630.6 25630.6 25630.6 25630.6 25630.6 25630.6 25630.6 25630.6 25630.6 25630.6 25630.6 25630.6 25630.6 25630.6 25630.6 0 0 0 0 0 0 0 0 0 0 0 0 0 0 0 0 0 0 0 0 0 0 0 0 0
