SBPRF35
0.221865
Curr Bio
183577
B35
192181
F35
0.430143
FOFL
0.430143
OFL
79873.2
Bzero
63390.1
#pred survey bio
 33606.7 25574.8 19077.1 16485.4 27009.6 44741.6 62068.4 75129.8 96284.5 122661 147194 170759 213554 245202 223620 224920 227248 214157 220801 221767 228826 251535 262148 286433 278825 293927 290385 262090 279141 6.81077e+06 5.35742e+06 3.63332e+06 2.3365e+06 1.55328e+06 1.12559e+06 902927 788835 730045 699121 682358 672957 667504 664246 662251 661004 660218 659719 659398 659192 659058 658971 658915 658878 658854 658839 658829 658822 658818 658815 658813 658812 658811 658811 658810 658810 658810 658810 658810 658810 658810 658810 658810 658810 658810 658810 658810 658810 658810 658810 658810 658810 658810 658810 658810 658810 658810 658810 658810 658810 658810 658810 658810 658810 658810 658810 658810 658810 658810 658810 658810 658810 658810 658810 658810 658810 658810 658810 658810 658810 658810 658810 658810 658810 658810 658810 658810 658810 658810 658810 658810 658810 658810 658810 658810 658810 658810 658810 658810 658810 0 0 0 0 0 0 0 0 0 0 0 0 0 0 0 0 0 0 0 0 0 0 0 0 0
#obs survey bio
 37096.1 21261.4 15618.5 19417.5 40342.8 77286.2 62459 61055.7 112833 138151 110614 238434 184557 202327 225012 238817 217441 193510 184919 195143 219457 185766 313180 210145 318787 248963 321910 172520 312542
#pred catch bio
 7508.58 4410.04 3782.48 3544.99 4535.45 7879.03 14016.2 19338.7 26660.2 38746.4 51195.4 53001.9 75615.2 106338 85239.3 88473.4 95701.1 81164 84647 84508.2 81980.6 101554 101192 122063 101361 107643 121767 100107 106705 79873.2 70957 46341.6 28384.5 18019.6 12679.9 10107.4 8919.19 8385.23 8149.62 8046.93 8002.56 7983.49 7975.33 7971.85 7970.37 7969.74 7969.47 7969.36 7969.31 7969.29 7969.28 7969.28 7969.28 7969.28 7969.28 7969.28 7969.28 7969.28 7969.28 7969.28 7969.28 7969.28 7969.28 7969.28 7969.28 7969.28 7969.28 7969.28 7969.28 7969.28 7969.28 7969.28 7969.28 7969.28 7969.28 7969.28 7969.28 7969.28 7969.28 7969.28 7969.28 7969.28 7969.28 7969.28 7969.28 7969.28 7969.28 7969.28 7969.28 7969.28 7969.28 7969.28 7969.28 7969.28 7969.28 7969.28 7969.28 7969.28 7969.28 7969.28 7969.28 7969.28 7969.28 7969.28 7969.28 7969.28 7969.28 7969.28 7969.28 7969.28 7969.28 7969.28 7969.28 7969.28 7969.28 7969.28 7969.28 7969.28 7969.28 7969.28 7969.28 7969.28 7969.28 7969.28 7969.28 7969.28 7969.28 7969.28 7969.28 0 0 0 0 0 0 0 0 0 0 0 0 0 0 0 0 0 0 0 0 0 0 0 0 0
#obs catch bio
 3216.07 4488.87 4064.77 3834.99 4489.68 7638.94 13581.6 18728.4 25426.7 35841.2 48819.2 48915.2 73121.6 109102 84811 88578.8 95529.9 80826.6 85376.8 86125.2 83902.4 110000 104379 127186 99004.4 105945 119890 103674 106770
#pred cpue bio
 32323.3 25122 18857.1 15574.8 23802.8 40860.4 57688.8 69965.9 88069.5 112483 134886 156018 195118 224273 206549 207316 208615 197257 203063 204546 210149 230702 239379 261594 255876 271105 269609 241968 254922 6.24917e+06 5.29288e+06 3.59615e+06 2.30003e+06 1.51683e+06 1.08914e+06 866471 752379 693589 662665 645902 636501 631048 627790 625795 624548 623762 623263 622942 622736 622602 622515 622459 622422 622398 622383 622373 622366 622362 622359 622357 622356 622355 622355 622354 622354 622354 622354 622354 622354 622354 622354 622354 622354 622354 622354 622354 622354 622354 622354 622354 622354 622354 622354 622354 622354 622354 622354 622354 622354 622354 622354 622354 622354 622354 622354 622354 622354 622354 622354 622354 622354 622354 622354 622354 622354 622354 622354 622354 622354 622354 622354 622354 622354 622354 622354 622354 622354 622354 622354 622354 622354 622354 622354 622354 622354 622354 622354 622354 622354 0 0 0 0 0 0 0 0 0 0 0 0 0 0 0 0 0 0 0 0 0 0 0 0 0
#obs cpue bio
 22996.1 15095.2 10336.4 12219.3 37593.8 37656.8 62455.5 95711.8 95329.7 162374 174376 177921 187129 210983 205222 201100 231866 207788 228819 203267 182773 194774 209639 327027 298096 327948 275689 228936 283094
#pred surv len freq
 2.45471e-11 1.15458e-09 3.76039e-08 8.48061e-07 1.32437e-05 0.000143213 0.00107239 0.00556101 0.0199769 0.0497772 0.0864652 0.106751 0.100282 0.0855211 0.080615 0.0802009 0.0743438 0.0648681 0.0559434 0.0478477 0.0406244 0.034662 0.0290398 0.0221768 0.0141144
 1.1981e-11 5.63528e-10 1.83537e-08 4.13923e-07 6.46404e-06 6.9901e-05 0.000523459 0.00271522 0.00976451 0.0244354 0.0431609 0.0566541 0.0639662 0.0764365 0.096388 0.108639 0.104404 0.0920015 0.0795334 0.0674899 0.0555733 0.0445853 0.0344696 0.024441 0.0147421
 9.65891e-12 4.54309e-10 1.47966e-08 3.33699e-07 5.21121e-06 5.63526e-05 0.000421985 0.00218854 0.0078659 0.0196391 0.0343838 0.0437367 0.0453308 0.0481388 0.0593559 0.0760296 0.093367 0.1072 0.11078 0.101616 0.0848685 0.0663356 0.0484874 0.032062 0.0181307
 3.51646e-11 1.65397e-09 5.38689e-08 1.21488e-06 1.8972e-05 0.000205155 0.00153617 0.00796512 0.0286 0.0711344 0.12268 0.147303 0.125136 0.0799146 0.046269 0.0332063 0.0327138 0.038549 0.047046 0.0532749 0.0528397 0.0452225 0.0335103 0.0214022 0.0114721
 4.66354e-11 2.19351e-09 7.14411e-08 1.61117e-06 2.51608e-05 0.000272078 0.00203728 0.0105635 0.0379312 0.0943555 0.162812 0.195885 0.16763 0.109362 0.0648402 0.0420204 0.0280793 0.0175841 0.012062 0.0111217 0.0118991 0.0117553 0.00972766 0.00653312 0.00350112
 3.60764e-11 1.69686e-09 5.52657e-08 1.24638e-06 1.9464e-05 0.000210476 0.00157605 0.00817262 0.0293555 0.0731159 0.126797 0.155554 0.142883 0.114735 0.0981457 0.0864642 0.065661 0.0405733 0.0218733 0.0117565 0.00735664 0.00572871 0.00472566 0.00338418 0.00190927
 3.24065e-11 1.52425e-09 4.96438e-08 1.11959e-06 1.7484e-05 0.000189066 0.00141573 0.0073413 0.0263698 0.0656834 0.113935 0.139911 0.129007 0.104964 0.0928299 0.0875868 0.0761854 0.0591823 0.0416457 0.02582 0.0138499 0.00692808 0.00373778 0.00220083 0.00119821
 3.2725e-11 1.53923e-09 5.01316e-08 1.13059e-06 1.76558e-05 0.000190923 0.00142963 0.00741331 0.0266271 0.0663111 0.114933 0.140708 0.128372 0.101626 0.0866857 0.0803619 0.0705389 0.0573694 0.0446478 0.0323593 0.0206458 0.0112514 0.00529801 0.00227669 0.000935338
 3.77899e-11 1.77746e-09 5.78906e-08 1.30558e-06 2.03885e-05 0.000220473 0.00165088 0.00856032 0.0307431 0.0765223 0.132366 0.160798 0.142668 0.104467 0.0788554 0.0667806 0.0558509 0.043972 0.0338795 0.0253898 0.0176053 0.0107685 0.00559353 0.00241607 0.000870678
 3.62702e-11 1.70598e-09 5.55625e-08 1.25307e-06 1.95685e-05 0.000211606 0.0015845 0.00821629 0.02951 0.0734777 0.127267 0.155392 0.140401 0.108103 0.0878248 0.0767692 0.0619697 0.0446141 0.0309065 0.0215254 0.0146262 0.00921447 0.00510687 0.00237002 0.000888626
 3.64541e-11 1.71463e-09 5.58443e-08 1.25943e-06 1.96678e-05 0.00021268 0.00159254 0.00825792 0.029659 0.073844 0.127869 0.155977 0.140456 0.107222 0.0862842 0.0757175 0.0625393 0.0465692 0.0326927 0.0219154 0.013798 0.00811691 0.00438155 0.00206777 0.000806562
 3.71293e-11 1.74638e-09 5.68786e-08 1.28275e-06 2.00321e-05 0.000216619 0.00162203 0.00841083 0.0302078 0.0752059 0.130198 0.158678 0.142436 0.107761 0.0854547 0.0740515 0.0605809 0.0447878 0.0314794 0.0213088 0.0134355 0.00770417 0.00396425 0.00179025 0.000684531
 3.70486e-11 1.74259e-09 5.67549e-08 1.27996e-06 1.99885e-05 0.000216148 0.00161851 0.00839255 0.0301423 0.0750446 0.12993 0.158403 0.142355 0.108044 0.0860744 0.0747408 0.0610178 0.0448407 0.031251 0.0210027 0.0131964 0.00754567 0.00384174 0.0016942 0.000627715
 3.67157e-11 1.72693e-09 5.62451e-08 1.26847e-06 1.98089e-05 0.000214206 0.00160397 0.00831719 0.029872 0.0743749 0.128793 0.157124 0.141552 0.108161 0.0870405 0.0760493 0.0621316 0.045532 0.0315655 0.0210657 0.0131298 0.00744742 0.00376217 0.00164291 0.000599801
 3.40081e-11 1.59958e-09 5.20972e-08 1.17492e-06 1.83481e-05 0.000198409 0.00148569 0.00770405 0.0276722 0.068921 0.119507 0.14654 0.134412 0.107741 0.0927857 0.0845085 0.0698511 0.0511009 0.0352048 0.0233303 0.0144355 0.00812129 0.00406624 0.00175934 0.000635961
 3.5128e-11 1.65225e-09 5.38129e-08 1.21361e-06 1.89523e-05 0.000204943 0.00153461 0.00795758 0.0285809 0.0711656 0.123271 0.150557 0.136193 0.105322 0.0866126 0.0776889 0.0658166 0.050793 0.0370495 0.0254159 0.0158892 0.00891541 0.00443112 0.00190064 0.000680851
 3.61284e-11 1.69931e-09 5.53453e-08 1.24817e-06 1.9492e-05 0.000210779 0.00157831 0.00818414 0.0293942 0.0731859 0.126738 0.154638 0.139382 0.106669 0.0861262 0.0756775 0.0625313 0.0468901 0.0337405 0.0235651 0.0153263 0.00893618 0.00454308 0.00196155 0.000700638
 3.49953e-11 1.64601e-09 5.36095e-08 1.20903e-06 1.88807e-05 0.000204169 0.00152881 0.00792758 0.028474 0.0709073 0.122878 0.15033 0.136789 0.107381 0.0898771 0.0805265 0.0663636 0.0488125 0.0340834 0.023125 0.0148165 0.00869306 0.00452344 0.00200726 0.000731871
 3.56192e-11 1.67536e-09 5.45652e-08 1.23058e-06 1.92173e-05 0.000207808 0.00155606 0.00806882 0.0289804 0.0721589 0.124983 0.152605 0.137905 0.106315 0.0868922 0.077245 0.06453 0.0488186 0.0349781 0.0238599 0.0150618 0.00865414 0.00444881 0.00197931 0.000731786
 3.47617e-11 1.63502e-09 5.32517e-08 1.20096e-06 1.87547e-05 0.000202806 0.00151861 0.00787467 0.0282839 0.0704335 0.122054 0.149311 0.135828 0.106576 0.0892295 0.0802077 0.0666722 0.0498162 0.0354593 0.0243817 0.0156293 0.00906034 0.00464239 0.00204615 0.000751719
 3.60605e-11 1.69611e-09 5.52413e-08 1.24583e-06 1.94554e-05 0.000210383 0.00157534 0.00816876 0.0293389 0.0730474 0.126494 0.154317 0.139024 0.106276 0.0857666 0.0756068 0.0629912 0.047708 0.0343842 0.0237272 0.0151986 0.0088334 0.00455436 0.00201679 0.000740976
 3.62474e-11 1.7049e-09 5.55276e-08 1.25228e-06 1.95562e-05 0.000211473 0.00158351 0.0082111 0.0294911 0.0734279 0.127162 0.155178 0.139938 0.107233 0.0867073 0.0761307 0.0626051 0.0464511 0.0328913 0.022593 0.0145511 0.00851624 0.00441228 0.0019612 0.000723043
 3.72331e-11 1.75127e-09 5.70377e-08 1.28634e-06 2.00881e-05 0.000217225 0.00162657 0.00843435 0.0302923 0.0754161 0.130561 0.159115 0.142811 0.108002 0.0855695 0.0740343 0.0603804 0.0443864 0.0309745 0.0208864 0.0132242 0.00766233 0.0039633 0.00176749 0.000654541
 3.7027e-11 1.74157e-09 5.67219e-08 1.27922e-06 1.99769e-05 0.000216022 0.00161757 0.00838769 0.0301251 0.0750035 0.129872 0.158395 0.142547 0.108594 0.0869447 0.0755723 0.0613719 0.044593 0.0306351 0.0203319 0.0126648 0.00721267 0.00367409 0.00162235 0.000598482
 3.57214e-11 1.68016e-09 5.47219e-08 1.23411e-06 1.92725e-05 0.000208405 0.00156053 0.00809204 0.0290643 0.0723737 0.125394 0.15329 0.139101 0.108391 0.0897374 0.0797411 0.0652801 0.0475056 0.0325294 0.0213921 0.0131304 0.00734362 0.0036714 0.00159387 0.000580112
 3.46577e-11 1.63013e-09 5.30923e-08 1.19736e-06 1.86986e-05 0.000202199 0.00151406 0.0078511 0.0281993 0.0702236 0.121695 0.148894 0.135526 0.106521 0.0894886 0.0808492 0.0677011 0.0509491 0.0361548 0.0243218 0.0150234 0.00835478 0.00412215 0.00175965 0.000629565
 3.30359e-11 1.55385e-09 5.0608e-08 1.14134e-06 1.78236e-05 0.000192738 0.00144322 0.00748383 0.0268812 0.0669517 0.116097 0.142382 0.130683 0.104994 0.0909677 0.0839238 0.0711902 0.05443 0.039558 0.0274374 0.0175021 0.00998755 0.00499144 0.00212999 0.000755058
 3.49216e-11 1.64255e-09 5.34967e-08 1.20648e-06 1.8841e-05 0.000203739 0.00152559 0.00791082 0.028413 0.0707473 0.122546 0.149667 0.135376 0.104656 0.0860019 0.0770592 0.0652545 0.0505684 0.037491 0.0265797 0.0173882 0.0102167 0.00525616 0.00229458 0.000823919
 3.75642e-11 1.76684e-09 5.75449e-08 1.29778e-06 2.02667e-05 0.000219156 0.00164103 0.00850929 0.0305608 0.0760782 0.131664 0.160254 0.143175 0.106903 0.0830827 0.0711459 0.0582919 0.0436777 0.031515 0.0221876 0.0146952 0.00883686 0.00467263 0.00209708 0.000771839
#obs surv len freq
 2.37384e-11 1.11654e-09 3.6365e-08 8.20124e-07 1.28074e-05 0.000138495 0.00103706 0.00537785 0.0193194 0.0481436 0.0836593 0.103437 0.0976574 0.0843134 0.0807754 0.0814754 0.0766864 0.068248 0.0601055 0.0523437 0.0446047 0.0366359 0.0277905 0.0183259 0.00991098
 9.17072e-16 4.32065e-14 1.41651e-12 3.27788e-11 5.63556e-10 8.31329e-09 1.28253e-07 2.0244e-06 2.66575e-05 0.000257826 0.00175526 0.008322 0.0274705 0.0635352 0.104819 0.128762 0.128338 0.116605 0.103862 0.0904775 0.0758594 0.0605875 0.0447573 0.0290121 0.0155513
 1.25069e-11 5.88264e-10 1.91594e-08 4.32092e-07 6.74773e-06 7.29668e-05 0.00054636 0.00283282 0.0101706 0.0252849 0.0435309 0.0519365 0.0432705 0.0271353 0.0207956 0.035319 0.0690948 0.105858 0.125782 0.123458 0.10724 0.0855193 0.0620535 0.0393623 0.0207298
 5.18066e-11 2.43673e-09 7.93627e-08 1.78983e-06 2.79507e-05 0.000302246 0.00226316 0.0117343 0.0421305 0.104751 0.180406 0.215429 0.179069 0.105196 0.0461627 0.0178827 0.00855196 0.00730324 0.0101468 0.0142195 0.0163342 0.0151599 0.0116328 0.00742756 0.00386829
 3.2955e-11 1.55005e-09 5.0484e-08 1.13854e-06 1.778e-05 0.000192266 0.00143971 0.00746595 0.026822 0.0668514 0.116247 0.144085 0.137018 0.119422 0.112064 0.101761 0.0739371 0.0399665 0.0171022 0.00818055 0.00683146 0.00715604 0.00643647 0.00453649 0.00246602
 3.99756e-11 1.88026e-09 6.12387e-08 1.38109e-06 2.15677e-05 0.000233224 0.00174636 0.00905527 0.0325191 0.0809273 0.13988 0.169429 0.148744 0.105677 0.0762324 0.0638497 0.0554 0.0449036 0.0322271 0.0192374 0.00950815 0.00461402 0.00280691 0.0018964 0.00109
 2.53584e-11 1.19274e-09 3.88466e-08 8.76091e-07 1.36814e-05 0.000147947 0.00110786 0.00574537 0.0206454 0.0515032 0.0898755 0.112892 0.112128 0.107501 0.112494 0.11202 0.0932052 0.0665962 0.0455439 0.0309445 0.0193709 0.010389 0.00481856 0.00212048 0.000935994
 4.10546e-11 1.93101e-09 6.28917e-08 1.41837e-06 2.21498e-05 0.000239518 0.00179348 0.00929947 0.0333938 0.0830811 0.143446 0.17301 0.149503 0.101126 0.0666138 0.0528517 0.0476707 0.0429074 0.03571 0.0261073 0.0166239 0.00934639 0.00460439 0.00194474 0.000703994
 3.71845e-11 1.74898e-09 5.69632e-08 1.28466e-06 2.00619e-05 0.000216941 0.00162445 0.00842343 0.0302542 0.0753309 0.130481 0.159333 0.143996 0.110826 0.0895172 0.0766818 0.0592179 0.0398646 0.026395 0.0188067 0.0133678 0.00845985 0.00450119 0.00197425 0.000707394
 3.8503e-11 1.81099e-09 5.89829e-08 1.33021e-06 2.07732e-05 0.000224633 0.00168204 0.0087219 0.0313242 0.077975 0.134924 0.164118 0.146292 0.108527 0.0834997 0.0710161 0.0578632 0.042508 0.0290233 0.0186464 0.0112891 0.00653587 0.00352807 0.00165134 0.000628079
 3.815e-11 1.79439e-09 5.84422e-08 1.31802e-06 2.05828e-05 0.000222574 0.00166662 0.00864201 0.0310379 0.0772688 0.133745 0.162887 0.145841 0.109509 0.0856663 0.0730937 0.0586055 0.0420227 0.0284741 0.0186317 0.0113627 0.00628217 0.00312426 0.00137688 0.000517864
 3.81922e-11 1.79638e-09 5.85068e-08 1.31948e-06 2.06055e-05 0.00022282 0.00166846 0.00865155 0.031072 0.0773523 0.13388 0.163006 0.145804 0.109198 0.0851531 0.0727066 0.0586647 0.0424588 0.0288991 0.0188132 0.0113773 0.00624082 0.00304977 0.0012953 0.000464804
 3.82556e-11 1.79936e-09 5.86039e-08 1.32167e-06 2.06397e-05 0.000223189 0.00167123 0.00866591 0.0311236 0.0774811 0.134105 0.163292 0.146097 0.109483 0.0854109 0.0728226 0.0585061 0.0420647 0.02848 0.0185279 0.011219 0.00614236 0.00297845 0.00124642 0.000437054
 3.55173e-11 1.67056e-09 5.44092e-08 1.22707e-06 1.91624e-05 0.000207215 0.00155162 0.00804584 0.0288989 0.0719655 0.124713 0.152585 0.138865 0.109037 0.0911939 0.0813675 0.0663367 0.0477354 0.032174 0.0207998 0.012522 0.0068279 0.0033005 0.00137443 0.000477483
 3.10124e-11 1.45867e-09 4.7508e-08 1.07143e-06 1.67319e-05 0.000180932 0.00135483 0.00702561 0.0252375 0.0628776 0.109169 0.134534 0.125556 0.105174 0.096104 0.0913358 0.0780437 0.059297 0.0422185 0.0282524 0.017212 0.00937978 0.00451296 0.00186974 0.000646139
 3.84838e-11 1.81009e-09 5.89535e-08 1.32955e-06 2.07628e-05 0.000224521 0.00168119 0.00871743 0.0313067 0.0779181 0.134733 0.16345 0.14431 0.104204 0.0770263 0.0648493 0.0552169 0.0446246 0.0345005 0.0248739 0.0160972 0.00917007 0.004526 0.001893 0.000654316
 3.35613e-11 1.57856e-09 5.14128e-08 1.15949e-06 1.81071e-05 0.000195803 0.00146618 0.00760291 0.0273098 0.0680261 0.118009 0.144955 0.133751 0.108768 0.0951284 0.0865117 0.0698753 0.0492952 0.0334027 0.0230018 0.0154176 0.00938979 0.00493833 0.00216511 0.000770724
 3.58717e-11 1.68723e-09 5.49521e-08 1.23931e-06 1.93536e-05 0.000209282 0.00156709 0.00812597 0.0291851 0.0726619 0.12581 0.153408 0.137976 0.105057 0.0845321 0.0750686 0.063895 0.0497674 0.0363291 0.0246711 0.0153663 0.0088348 0.00462763 0.00210245 0.000784466
 3.47992e-11 1.63679e-09 5.33091e-08 1.20226e-06 1.8775e-05 0.000203025 0.00152025 0.00788316 0.0283145 0.0705092 0.122183 0.14946 0.135932 0.106577 0.089081 0.0798571 0.0661304 0.0492962 0.0352842 0.0246259 0.0160311 0.00936519 0.00480868 0.00212879 0.000789526
 3.34305e-11 1.57241e-09 5.12123e-08 1.15497e-06 1.80365e-05 0.00019504 0.00146046 0.00757317 0.0272019 0.0677466 0.117451 0.143931 0.131746 0.105107 0.0902114 0.082765 0.0700508 0.0534174 0.0386362 0.0267244 0.0172003 0.0100879 0.00525735 0.00234893 0.000868813
 3.68434e-11 1.73293e-09 5.64405e-08 1.27288e-06 1.98778e-05 0.00021495 0.00160954 0.008346 0.0299745 0.0746196 0.129146 0.157223 0.140584 0.105269 0.0824039 0.0715262 0.0600143 0.046533 0.0345726 0.024515 0.0160258 0.00944793 0.00492635 0.0022066 0.000820354
 3.32057e-11 1.56184e-09 5.0868e-08 1.1472e-06 1.79152e-05 0.000193728 0.00145064 0.00752233 0.0270201 0.0673017 0.116734 0.143306 0.131974 0.106867 0.0932332 0.0854537 0.0706619 0.0518238 0.0363367 0.025115 0.016523 0.0099279 0.00526433 0.00238185 0.000890207
 3.83488e-11 1.80374e-09 5.87468e-08 1.32489e-06 2.069e-05 0.000223733 0.0016753 0.00868692 0.0311977 0.0776526 0.134313 0.163126 0.144616 0.10566 0.0795276 0.0673508 0.0564075 0.0439968 0.0325898 0.0227002 0.0145225 0.00848136 0.00445533 0.00202853 0.000766672
 3.47886e-11 1.63629e-09 5.32928e-08 1.20189e-06 1.87692e-05 0.000202963 0.00151979 0.00788082 0.0283068 0.0704973 0.122212 0.149725 0.136901 0.108786 0.0923545 0.0827702 0.0669582 0.0476638 0.0323844 0.02193 0.0142539 0.00845933 0.00443196 0.001994 0.000747794
 3.58359e-11 1.68555e-09 5.48972e-08 1.23807e-06 1.93342e-05 0.000209073 0.00156553 0.00811789 0.0291564 0.072594 0.125716 0.153408 0.138333 0.106048 0.0860606 0.0764346 0.0642983 0.0491126 0.0352372 0.0237251 0.0146886 0.00833855 0.0042891 0.00192512 0.000721208
 3.39352e-11 1.59615e-09 5.19854e-08 1.1724e-06 1.83088e-05 0.000197984 0.0014825 0.00768748 0.0276123 0.068767 0.119208 0.146029 0.133481 0.106071 0.0904072 0.0822195 0.0687474 0.0516674 0.0370691 0.0256732 0.0164825 0.00949262 0.00481065 0.00210265 0.000771561
 3.19704e-11 1.50373e-09 4.89757e-08 1.10452e-06 1.72488e-05 0.000186521 0.00139668 0.00724251 0.0260152 0.0648011 0.112412 0.138077 0.12742 0.103821 0.0917278 0.0858573 0.0736522 0.0570045 0.0418896 0.0293154 0.0189482 0.0110683 0.00570862 0.00251731 0.000919181
 3.71365e-11 1.74672e-09 5.68897e-08 1.28301e-06 2.0036e-05 0.000216661 0.00162234 0.00841236 0.0302123 0.0752062 0.130125 0.158243 0.140947 0.104398 0.0803973 0.0692771 0.058558 0.0462508 0.0351497 0.0254402 0.0169124 0.01009 0.0052868 0.00236223 0.000871452
 3.61141e-11 1.69863e-09 5.53234e-08 1.24768e-06 1.94844e-05 0.000210696 0.00157769 0.00818096 0.0293834 0.0731641 0.126736 0.154805 0.140064 0.108248 0.0884206 0.0775447 0.0626441 0.0450938 0.0312112 0.021615 0.0144435 0.00885403 0.00477631 0.00218522 0.000820431
#pred catch len freq
 2.18307e-11 1.02681e-09 3.34425e-08 7.54213e-07 1.17781e-05 0.000127365 0.000953722 0.00494581 0.017769 0.0442968 0.0770893 0.0958515 0.0922025 0.0830338 0.0831856 0.0853845 0.0800013 0.0701045 0.0605979 0.0518849 0.0440697 0.0376062 0.0315074 0.0240614 0.0153139
 1.0147e-11 4.77267e-10 1.55443e-08 3.50563e-07 5.47458e-06 5.92015e-05 0.000443345 0.00229988 0.00827388 0.0207351 0.0368286 0.0492853 0.0584776 0.0746836 0.0980216 0.112069 0.108263 0.0957039 0.082915 0.0704375 0.0580245 0.0465579 0.0359959 0.0255235 0.015395
 8.13551e-12 3.82655e-10 1.24628e-08 2.81068e-07 4.38931e-06 4.74649e-05 0.000355437 0.00184351 0.00662735 0.016562 0.0291006 0.0375056 0.0404131 0.0458827 0.0595134 0.077746 0.0960849 0.110601 0.114422 0.105006 0.087716 0.0685664 0.0501194 0.0331414 0.0187411
 3.23525e-11 1.52171e-09 4.9561e-08 1.11772e-06 1.74549e-05 0.000188749 0.00141333 0.00732821 0.0263138 0.0654543 0.112927 0.135799 0.116044 0.0756749 0.0462742 0.0356056 0.0363258 0.0431965 0.0528241 0.0598476 0.0593665 0.0508104 0.0376514 0.0240472 0.0128898
 4.46465e-11 2.09996e-09 6.83943e-08 1.54246e-06 2.40877e-05 0.000260474 0.0019504 0.0101131 0.0363151 0.0903471 0.155975 0.188038 0.162143 0.108487 0.0680917 0.0469673 0.0323992 0.0205201 0.0141515 0.0130853 0.0140116 0.0138443 0.0114567 0.00769435 0.00412343
 3.32858e-11 1.56561e-09 5.09908e-08 1.14997e-06 1.79584e-05 0.000194196 0.00145415 0.00754071 0.0270885 0.0674968 0.117239 0.144707 0.135723 0.114739 0.104688 0.0956659 0.0735752 0.0456687 0.0246923 0.0133054 0.00833922 0.00649763 0.0053606 0.00383896 0.00216585
 2.96353e-11 1.3939e-09 4.53985e-08 1.02385e-06 1.59889e-05 0.000172898 0.00129467 0.00671373 0.024118 0.0600984 0.10441 0.128982 0.12139 0.103859 0.0977466 0.0954783 0.084057 0.0655927 0.0462677 0.0287231 0.0154167 0.00771402 0.00416236 0.00245094 0.0013344
 3.00435e-11 1.4131e-09 4.60239e-08 1.03795e-06 1.62092e-05 0.00017528 0.0013125 0.00680607 0.0244482 0.0609056 0.105707 0.130085 0.120841 0.100187 0.0908459 0.0873157 0.077634 0.0634411 0.0494929 0.0359139 0.0229248 0.0124956 0.00588428 0.00252869 0.00103888
 3.53351e-11 1.662e-09 5.41301e-08 1.22077e-06 1.90641e-05 0.000206151 0.00154365 0.00800441 0.0287483 0.071574 0.123921 0.151082 0.135803 0.103211 0.0827354 0.0731519 0.0622045 0.049258 0.0380546 0.0285558 0.0198108 0.0121195 0.00629564 0.00271939 0.000979992
 3.38798e-11 1.59355e-09 5.19007e-08 1.17049e-06 1.82789e-05 0.000197661 0.00148009 0.007675 0.0275678 0.0686614 0.119058 0.145998 0.133932 0.107359 0.0923162 0.08363 0.0683943 0.0494754 0.0343663 0.0239726 0.0163 0.0102712 0.00569291 0.00264204 0.000990624
 3.41703e-11 1.60721e-09 5.23457e-08 1.18053e-06 1.84356e-05 0.000199356 0.00149278 0.00774074 0.0278034 0.0692418 0.120023 0.146986 0.134228 0.106413 0.0904506 0.082221 0.068797 0.051468 0.0362193 0.024312 0.015316 0.00901188 0.00486502 0.00229599 0.000895588
 3.4756e-11 1.63476e-09 5.3243e-08 1.20076e-06 1.87516e-05 0.000202773 0.00151836 0.00787339 0.0282795 0.0704237 0.122046 0.149341 0.135983 0.106959 0.0898367 0.0808446 0.0670723 0.0498368 0.0351198 0.0238074 0.0150203 0.00861486 0.00443319 0.00200208 0.000765532
 3.48107e-11 1.63733e-09 5.33267e-08 1.20265e-06 1.87811e-05 0.000203092 0.00152075 0.00788578 0.028324 0.0705353 0.122244 0.149603 0.136285 0.107321 0.0902574 0.081196 0.0671625 0.0495891 0.0346457 0.0233163 0.014659 0.00838381 0.00426877 0.00188257 0.000697513
 3.47333e-11 1.63369e-09 5.32082e-08 1.19998e-06 1.87394e-05 0.00020264 0.00151737 0.00786826 0.0282612 0.0703804 0.121985 0.149332 0.136183 0.10754 0.0907768 0.0817991 0.0675937 0.0497381 0.0345566 0.0230901 0.0143994 0.00816916 0.00412704 0.00180228 0.000657992
 3.17628e-11 1.49397e-09 4.86577e-08 1.09735e-06 1.71367e-05 0.00018531 0.00138761 0.0071956 0.0258479 0.0643969 0.111796 0.137717 0.128342 0.107062 0.0970532 0.091056 0.0760555 0.05586 0.0385714 0.0255957 0.0158467 0.0089172 0.00446507 0.00193195 0.000698362
 3.2947e-11 1.54967e-09 5.04718e-08 1.13826e-06 1.77757e-05 0.000192219 0.00143934 0.00746368 0.0268087 0.06677 0.115774 0.141951 0.13018 0.104402 0.0903778 0.083715 0.0717555 0.0556106 0.0406513 0.0279187 0.0174624 0.00979994 0.00487107 0.0020894 0.000748475
 3.40775e-11 1.60284e-09 5.22035e-08 1.17732e-06 1.83856e-05 0.000198814 0.00148872 0.00771971 0.0277278 0.0690529 0.119691 0.146559 0.133771 0.105899 0.0897936 0.0814227 0.0680628 0.0512527 0.0369611 0.0258454 0.0168179 0.00980756 0.00498637 0.00215299 0.000769023
 3.27667e-11 1.54119e-09 5.01955e-08 1.13203e-06 1.76783e-05 0.000191167 0.00143146 0.00742291 0.0266632 0.0664166 0.115223 0.141565 0.130739 0.106648 0.0940205 0.0869243 0.0724481 0.0535107 0.0374511 0.025444 0.0163119 0.00957241 0.00498135 0.0022105 0.000805981
 3.34214e-11 1.57198e-09 5.11985e-08 1.15465e-06 1.80316e-05 0.000194987 0.00146006 0.00757113 0.0271946 0.0677298 0.11743 0.143944 0.131883 0.10547 0.0908029 0.083412 0.0705201 0.0535818 0.0384777 0.0262794 0.0165979 0.00953861 0.00490382 0.0021818 0.000806656
 3.25316e-11 1.53013e-09 4.98354e-08 1.12391e-06 1.75515e-05 0.000189796 0.00142119 0.00736966 0.0264719 0.0659396 0.114392 0.14053 0.129742 0.10577 0.0932678 0.0865111 0.0727279 0.0545685 0.0389312 0.0268033 0.0171911 0.00996768 0.00510764 0.00225125 0.000827078
 3.37938e-11 1.5895e-09 5.1769e-08 1.16752e-06 1.82325e-05 0.000197159 0.00147633 0.00765546 0.0274971 0.0684794 0.118704 0.145382 0.132804 0.105385 0.0897683 0.0819287 0.0691344 0.0526018 0.0380011 0.0262566 0.016828 0.0097823 0.00504393 0.00223364 0.000820653
 3.41419e-11 1.60587e-09 5.23022e-08 1.17954e-06 1.84203e-05 0.00019919 0.00149153 0.00773431 0.0277803 0.0691851 0.119929 0.146891 0.134202 0.106494 0.0905512 0.0821071 0.0683233 0.0509117 0.0361318 0.0248502 0.0160136 0.00937396 0.00485697 0.00215891 0.000795937
 3.51072e-11 1.65127e-09 5.37809e-08 1.21289e-06 1.89411e-05 0.000204821 0.0015337 0.00795291 0.0285649 0.0711322 0.123259 0.150754 0.13704 0.107306 0.0895288 0.0801505 0.0662047 0.0488896 0.0341978 0.0230904 0.0146281 0.00847752 0.00438525 0.00195571 0.000724248
 3.50309e-11 1.64769e-09 5.36641e-08 1.21026e-06 1.88999e-05 0.000204377 0.00153037 0.00793567 0.0285032 0.0709817 0.123018 0.150553 0.137157 0.108003 0.0907567 0.0814051 0.0668817 0.0488 0.0336 0.022328 0.013916 0.00792688 0.00403817 0.00178316 0.000657809
 3.34664e-11 1.5741e-09 5.12675e-08 1.15621e-06 1.80559e-05 0.000195249 0.00146203 0.00758139 0.0272321 0.0678302 0.117651 0.144432 0.133016 0.107734 0.094062 0.0863558 0.071533 0.0522814 0.0358854 0.0236318 0.0145143 0.00811945 0.00405959 0.00176244 0.000641472
 3.23751e-11 1.52277e-09 4.95956e-08 1.1185e-06 1.74671e-05 0.000188882 0.00141436 0.00733421 0.0263447 0.0656239 0.113853 0.139906 0.129293 0.105693 0.0936284 0.0873357 0.0739752 0.0559066 0.0397637 0.0267835 0.0165532 0.00920744 0.00454317 0.00193943 0.000693892
 3.08973e-11 1.45326e-09 4.73318e-08 1.06745e-06 1.66698e-05 0.000180261 0.0013498 0.00699952 0.0251435 0.0626415 0.108746 0.133948 0.124803 0.104127 0.0947042 0.0898538 0.076979 0.0590764 0.0430239 0.0298753 0.0190665 0.0108822 0.00543887 0.00232097 0.000822765
 3.2694e-11 1.53777e-09 5.00841e-08 1.12952e-06 1.76391e-05 0.000190743 0.00142828 0.00740635 0.0266029 0.0662574 0.114887 0.14087 0.129209 0.103659 0.0897503 0.0830936 0.0712075 0.0554208 0.0411801 0.0292292 0.0191309 0.0112426 0.00578426 0.00252518 0.000906726
 3.54363e-11 1.66675e-09 5.42851e-08 1.22426e-06 1.91186e-05 0.000206741 0.00154808 0.0080274 0.0288317 0.0717898 0.124351 0.151868 0.137344 0.106081 0.0868512 0.0770654 0.0639961 0.0481809 0.0348478 0.0245653 0.0162787 0.00979087 0.00517738 0.00232365 0.000855237
#obs catch len freq
 2.16022e-11 1.01606e-09 3.30925e-08 7.4632e-07 1.16549e-05 0.000126032 0.00094374 0.00489404 0.017583 0.0438321 0.0762746 0.0948111 0.0911126 0.0818631 0.081776 0.0837734 0.0785967 0.06976 0.0624089 0.0562504 0.0496771 0.04173 0.0319551 0.0211502 0.0114694
 2.14414e-11 1.0085e-09 3.28461e-08 7.40764e-07 1.15681e-05 0.000125093 0.000936715 0.00485763 0.0174524 0.0435092 0.0757303 0.0942184 0.0908171 0.0821933 0.0829302 0.0858612 0.0815241 0.0727946 0.0642185 0.0559714 0.0477121 0.0391933 0.0297319 0.0196064 0.0106036
 7.82701e-16 3.68861e-14 1.21062e-12 2.81327e-11 4.90824e-10 7.51915e-09 1.2208e-07 1.98771e-06 2.6459e-05 0.000256674 0.00174878 0.00829302 0.0273773 0.0633275 0.104505 0.128457 0.128187 0.116655 0.104045 0.0907018 0.0760702 0.060763 0.0448889 0.0290979 0.0155974
 1.10162e-11 5.1815e-10 1.68758e-08 3.80592e-07 5.94348e-06 6.427e-05 0.00048124 0.00249518 0.00895835 0.0222712 0.0383431 0.0457541 0.0381804 0.0243037 0.0199999 0.0360584 0.0712538 0.109278 0.129865 0.127478 0.110742 0.0883183 0.0640867 0.0406527 0.0214095
 5.08558e-11 2.39201e-09 7.79062e-08 1.75698e-06 2.74378e-05 0.000296699 0.00222163 0.011519 0.0413575 0.102831 0.177112 0.211557 0.17605 0.103872 0.0462793 0.0186563 0.00943793 0.00832238 0.0116404 0.0163257 0.0187556 0.0174077 0.0133577 0.00852896 0.00444192
 3.08061e-11 1.44897e-09 4.7192e-08 1.0643e-06 1.66206e-05 0.000179729 0.00134584 0.00697935 0.0250764 0.0625261 0.108899 0.13579 0.131696 0.119842 0.117688 0.109289 0.0799755 0.0433231 0.018563 0.00889996 0.007447 0.00780457 0.00702023 0.00494797 0.0026897
 3.81197e-11 1.79297e-09 5.83958e-08 1.31697e-06 2.05664e-05 0.000222397 0.00166529 0.008635 0.0310111 0.0771864 0.133496 0.162086 0.143565 0.104768 0.0792983 0.0689957 0.0607644 0.0494738 0.0355638 0.0212439 0.0105034 0.0050982 0.00310197 0.00209588 0.00120467
 2.3359e-11 1.0987e-09 3.57838e-08 8.07016e-07 1.26028e-05 0.000136282 0.00102052 0.00529262 0.0190209 0.0474752 0.0830134 0.105053 0.106779 0.107018 0.116458 0.117955 0.0986808 0.0706719 0.0484118 0.0329286 0.0206229 0.0110625 0.0051313 0.00225818 0.000996797
 3.93558e-11 1.85111e-09 6.02894e-08 1.35968e-06 2.12333e-05 0.000229608 0.00171928 0.00891476 0.0320132 0.0796548 0.137588 0.166221 0.144542 0.099796 0.0686512 0.0567716 0.0521166 0.0471415 0.0392909 0.0287407 0.0183051 0.0102928 0.00507092 0.00214185 0.000775357
 3.54138e-11 1.66569e-09 5.42505e-08 1.22349e-06 1.91065e-05 0.00020661 0.0015471 0.00802244 0.0288155 0.071764 0.124407 0.152406 0.13931 0.110506 0.0931691 0.0820101 0.0639598 0.0432026 0.0286585 0.020443 0.0145378 0.00920167 0.00489611 0.00214749 0.000769474
 3.6856e-11 1.73353e-09 5.64599e-08 1.27331e-06 1.98846e-05 0.000215024 0.00161009 0.00834894 0.029986 0.0746565 0.129268 0.157644 0.141835 0.10802 0.0866259 0.0758391 0.0624674 0.0460514 0.0314902 0.0202474 0.012263 0.00710086 0.0038333 0.00179425 0.000682438
 3.64493e-11 1.7144e-09 5.58368e-08 1.25926e-06 1.96652e-05 0.000212651 0.00159233 0.00825688 0.029656 0.0738422 0.127907 0.156215 0.141281 0.109077 0.0890204 0.0781608 0.0633373 0.0455753 0.0309318 0.020258 0.0123595 0.00683443 0.00339913 0.00149805 0.000563444
 3.66228e-11 1.72256e-09 5.61026e-08 1.26526e-06 1.97588e-05 0.000213664 0.00159991 0.00829616 0.0297969 0.0741903 0.128492 0.156846 0.141585 0.108776 0.0882175 0.0773649 0.0630465 0.0457776 0.0312028 0.0203284 0.0122979 0.00674675 0.00329718 0.00140041 0.000502524
 3.67475e-11 1.72842e-09 5.62936e-08 1.26956e-06 1.98261e-05 0.000214391 0.00160535 0.0083244 0.0298983 0.0744427 0.128929 0.157376 0.142053 0.1091 0.0883867 0.077324 0.0627185 0.045233 0.0306672 0.0199653 0.0120934 0.00662194 0.00321115 0.00134383 0.000471211
 3.38721e-11 1.59318e-09 5.18888e-08 1.17022e-06 1.82747e-05 0.000197616 0.00147975 0.00767327 0.0275621 0.0686507 0.119066 0.146132 0.134458 0.108628 0.0944549 0.0862938 0.0709424 0.0511924 0.0345513 0.0223539 0.0134624 0.00734173 0.00354906 0.00147797 0.000513458
 2.92895e-11 1.37764e-09 4.48688e-08 1.01191e-06 1.58024e-05 0.000170881 0.00127957 0.00663546 0.0238376 0.0594058 0.10325 0.12775 0.120854 0.104553 0.0992368 0.096247 0.0828024 0.063063 0.0449552 0.0301042 0.0183458 0.0099989 0.00481108 0.0019933 0.000688842
 3.69958e-11 1.7401e-09 5.6674e-08 1.27814e-06 1.996e-05 0.00021584 0.00161619 0.00838046 0.0300976 0.0749184 0.129613 0.157557 0.140137 0.10342 0.0793586 0.0687352 0.0591703 0.0479806 0.0371412 0.0267922 0.0173424 0.00988024 0.00487667 0.0020397 0.000705024
 3.18423e-11 1.49771e-09 4.87794e-08 1.1001e-06 1.71796e-05 0.000185774 0.00139109 0.00721364 0.0259131 0.0645629 0.112109 0.138215 0.129152 0.108348 0.098528 0.0915966 0.0745436 0.0527275 0.0357804 0.0246607 0.0165358 0.0100722 0.00529744 0.00232258 0.000826787
 3.41961e-11 1.60842e-09 5.23852e-08 1.18142e-06 1.84496e-05 0.000199506 0.0014939 0.00774652 0.0278235 0.0692847 0.120049 0.146794 0.133347 0.104331 0.0873998 0.0796871 0.0684749 0.0534987 0.0391043 0.026573 0.0165558 0.00951984 0.0049867 0.00226563 0.000845356
 3.30697e-11 1.55544e-09 5.06596e-08 1.1425e-06 1.78418e-05 0.000192934 0.0014447 0.00749149 0.0269092 0.0670239 0.116242 0.142652 0.13122 0.105971 0.0922366 0.0847538 0.0708016 0.0529348 0.0379432 0.0265021 0.0172583 0.0100834 0.00517768 0.00229218 0.00085013
 3.16959e-11 1.49082e-09 4.85552e-08 1.09504e-06 1.71007e-05 0.00018492 0.00138469 0.00718037 0.0257925 0.0642509 0.11149 0.137093 0.126986 0.104424 0.0932722 0.0876013 0.0747501 0.0571584 0.0413971 0.0286543 0.0184482 0.0108211 0.00563973 0.00251981 0.000932025
 3.51549e-11 1.65352e-09 5.38539e-08 1.21454e-06 1.89668e-05 0.0002051 0.00153578 0.00796363 0.0286025 0.0712164 0.123341 0.150556 0.135915 0.104524 0.08526 0.0761136 0.0645307 0.0502036 0.0373535 0.0265055 0.0173322 0.0102193 0.00532881 0.00238691 0.000887393
 3.14273e-11 1.47819e-09 4.81437e-08 1.08576e-06 1.69557e-05 0.000183353 0.00137296 0.0071196 0.0255751 0.0637183 0.110626 0.136314 0.127154 0.106299 0.0965581 0.0905581 0.0754781 0.0555089 0.038977 0.026962 0.0177446 0.0106633 0.00565457 0.00255846 0.000956221
 3.67896e-11 1.73041e-09 5.63582e-08 1.27102e-06 1.98488e-05 0.000214637 0.00160719 0.00833382 0.0299307 0.0745098 0.128952 0.156967 0.140296 0.104957 0.0821499 0.0715904 0.0606155 0.0474412 0.0351888 0.024526 0.0156948 0.00916699 0.0048157 0.00219264 0.000828702
 3.30834e-11 1.55608e-09 5.06806e-08 1.14298e-06 1.78492e-05 0.000193015 0.0014453 0.00749467 0.0269213 0.0670618 0.116359 0.143037 0.13233 0.108353 0.0957076 0.0878122 0.0716229 0.0511278 0.0347889 0.0235783 0.0153311 0.00909986 0.00476777 0.00214512 0.000804472
 3.40694e-11 1.60246e-09 5.21911e-08 1.17704e-06 1.83812e-05 0.000198767 0.00148837 0.00771786 0.0277211 0.0690341 0.119646 0.146445 0.133489 0.105361 0.089198 0.081402 0.0691501 0.052989 0.0380737 0.025654 0.0158882 0.00902086 0.00464034 0.00208282 0.000780294
 3.22257e-11 1.51574e-09 4.93666e-08 1.11334e-06 1.73865e-05 0.00018801 0.00140783 0.00730035 0.0262233 0.0653221 0.113335 0.139298 0.128816 0.105456 0.0935049 0.0870505 0.0733841 0.0553054 0.0397331 0.0275382 0.0176854 0.0101866 0.0051626 0.00225652 0.000828027
 3.03048e-11 1.42539e-09 4.6424e-08 1.04698e-06 1.63501e-05 0.000176804 0.00132392 0.00686531 0.0246618 0.0614441 0.106687 0.131504 0.122828 0.103116 0.0945936 0.0904339 0.0781405 0.0606273 0.044605 0.0312351 0.0201945 0.0117976 0.00608497 0.00268331 0.000979797
 3.56051e-11 1.67469e-09 5.45436e-08 1.2301e-06 1.92097e-05 0.000207726 0.00155545 0.00806555 0.0289679 0.0721193 0.124857 0.152187 0.136681 0.103652 0.0828831 0.0733366 0.0626066 0.0496032 0.0377447 0.027334 0.0181757 0.0108446 0.00568237 0.002539 0.00093667
#spawning biomass
 28595.7 23877.7 18240.7 12859.3 14250 29502.9 44898.5 54842.3 63829.6 82581.9 98702.8 112645 140890 162750 156603 155633 153850 147707 150969 154056 155254 169476 172384 188553 188539 204205 208841 182891 183577 200043 238001 155085 92883.4 56989.8 38499 29590.7 25476 23626.9 22811 22455.4 22301.8 22235.8 22207.5 22195.4 22190.3 22188.1 22187.2 22186.8 22186.6 22186.6 22186.5 22186.5 22186.5 22186.5 22186.5 22186.5 22186.5 22186.5 22186.5 22186.5 22186.5 22186.5 22186.5 22186.5 22186.5 22186.5 22186.5 22186.5 22186.5 22186.5 22186.5 22186.5 22186.5 22186.5 22186.5 22186.5 22186.5 22186.5 22186.5 22186.5 22186.5 22186.5 22186.5 22186.5 22186.5 22186.5 22186.5 22186.5 22186.5 22186.5 22186.5 22186.5 22186.5 22186.5 22186.5 22186.5 22186.5 22186.5 22186.5 22186.5 22186.5 22186.5 22186.5 22186.5 22186.5 22186.5 22186.5 22186.5 22186.5 22186.5 22186.5 22186.5 22186.5 22186.5 22186.5 22186.5 22186.5 22186.5 22186.5 22186.5 22186.5 22186.5 22186.5 22186.5 22186.5 22186.5 22186.5 22186.5 22186.5 0 0 0 0 0 0 0 0 0 0 0 0 0 0 0 0 0 0 0 0 0 0 0 0 0
