SBPRF35
0.819782
Curr Bio
111305
B35
633780
F35
0.234501
FOFL
0
OFL
0
Bzero
234224
#pred survey bio
 26500.4 25210.2 28157.1 33524.5 38262.6 43559.1 51330.3 61663.7 77818.4 82373 80351.7 109664 112725 129045 146234 132091 137090 135068 144671 152259 148035 148184 155131 146427 133631 152186 141728 126762 2.73123e+06 3.86559e+06 4.4468e+06 4.38444e+06 4.03514e+06 3.60569e+06 3.20037e+06 2.8612e+06 2.59621e+06 2.39784e+06 2.25332e+06 2.14982e+06 2.07641e+06 2.02452e+06 1.98742e+06 1.96022e+06 1.94122e+06 1.92778e+06 1.91815e+06 1.91115e+06 1.90598e+06 1.90212e+06 1.8992e+06 1.89696e+06 1.89523e+06 1.89387e+06 1.89281e+06 1.89196e+06 1.89128e+06 1.89074e+06 1.8903e+06 1.88995e+06 1.88966e+06 1.88943e+06 1.88924e+06 1.88909e+06 1.88896e+06 1.88886e+06 1.88878e+06 1.88871e+06 1.88865e+06 1.88861e+06 1.88857e+06 1.88854e+06 1.88851e+06 1.88849e+06 1.88848e+06 1.88846e+06 1.88845e+06 1.88844e+06 1.88843e+06 1.88843e+06 1.88842e+06 1.88842e+06 1.88842e+06 1.88841e+06 1.88841e+06 1.88841e+06 1.88841e+06 1.88841e+06 1.8884e+06 1.8884e+06 1.8884e+06 1.8884e+06 1.8884e+06 1.8884e+06 1.8884e+06 1.8884e+06 1.8884e+06 1.8884e+06 1.8884e+06 1.8884e+06 1.8884e+06 1.8884e+06 1.8884e+06 1.8884e+06 1.8884e+06 1.8884e+06 1.8884e+06 1.8884e+06 1.8884e+06 1.8884e+06 1.8884e+06 1.8884e+06 1.8884e+06 1.8884e+06 1.8884e+06 1.8884e+06 1.8884e+06 1.8884e+06 1.8884e+06 1.8884e+06 1.8884e+06 1.8884e+06 1.8884e+06 1.8884e+06 1.8884e+06 1.8884e+06 1.8884e+06 1.8884e+06 0 0 0 0 0 0 0 0 0 0 0 0 0 0 0 0 0 0 0 0 0 0 0 0 0
#obs survey bio
 23226 25269.3 29475.5 26980.8 30891.8 44268.9 35977.3 58169.2 59836 60894.8 75195.4 99655.7 89570.5 115273 138988 95150.5 97797.9 101754 164275 106199 149334 85079.9 117324 107084 100665 163629 127711 77497.9
#pred catch bio
 16048.8 14512.6 15494.7 19219.9 22392.5 25350.5 30224 35121.1 48812.1 56315.6 43977.3 71070.9 68188.6 77153.7 100711 85052.7 92737.8 88852.3 95235.1 104215 99811.6 98351.8 108273 108181 90815.9 111189 103262 95121.7 0 28320.4 37438.4 37346.9 33923.9 29751.9 25878.5 22687.7 20236.5 18437.4 17158 16268.6 15660.6 15249.8 14973.1 14785.9 14664.6 14586.1 14535.2 14502.3 14481 14467.2 14458.2 14452.4 14448.7 14446.3 14444.7 14443.7 14443 14442.6 14442.3 14442.1 14442 14441.9 14441.9 14441.9 14441.8 14441.8 14441.8 14441.8 14441.8 14441.8 14441.8 14441.8 14441.8 14441.8 14441.8 14441.8 14441.8 14441.8 14441.8 14441.8 14441.8 14441.8 14441.8 14441.8 14441.8 14441.8 14441.8 14441.8 14441.8 14441.8 14441.8 14441.8 14441.8 14441.8 14441.8 14441.8 14441.8 14441.8 14441.8 14441.8 14441.8 14441.8 14441.8 14441.8 14441.8 14441.8 14441.8 14441.8 14441.8 14441.8 14441.8 14441.8 14441.8 14441.8 14441.8 14441.8 14441.8 14441.8 14441.8 14441.8 14441.8 14441.8 14441.8 14441.8 14441.8 14441.8 14441.8 14441.8 0 0 0 0 0 0 0 0 0 0 0 0 0 0 0 0 0 0 0 0 0 0 0 0 0
#obs catch bio
 10720.2 14682.8 13926 18439.1 21325.2 24235.1 30555.3 32715 48336.6 55793.7 40909.6 72052.2 61966.2 70428.1 91571.9 79671.8 90951.6 85190.2 89134.9 100350 92554.2 91259.3 96111.6 98473.7 85652.1 105612 91171.3 90617.5
#pred cpue bio
 18969.8 15562.5 17143.2 20448.3 23173.1 26019.6 30296.2 35764.4 45199.1 48455.8 45041.3 63094.2 65358.3 75205 86490.3 76289.7 79486.8 76414.2 81098.4 86153.6 83496.1 83769.8 87158.3 82085.4 70861.4 80879.6 76278.4 69565.5 1.43313e+06 3.07659e+06 4.15417e+06 4.19822e+06 3.86263e+06 3.4347e+06 3.02953e+06 2.69038e+06 2.42539e+06 2.22702e+06 2.0825e+06 1.979e+06 1.90559e+06 1.8537e+06 1.8166e+06 1.78939e+06 1.7704e+06 1.75696e+06 1.74733e+06 1.74033e+06 1.73516e+06 1.7313e+06 1.72838e+06 1.72614e+06 1.72441e+06 1.72305e+06 1.72199e+06 1.72114e+06 1.72046e+06 1.71992e+06 1.71948e+06 1.71913e+06 1.71884e+06 1.71861e+06 1.71842e+06 1.71827e+06 1.71814e+06 1.71804e+06 1.71796e+06 1.71789e+06 1.71783e+06 1.71779e+06 1.71775e+06 1.71772e+06 1.71769e+06 1.71767e+06 1.71766e+06 1.71764e+06 1.71763e+06 1.71762e+06 1.71761e+06 1.71761e+06 1.7176e+06 1.7176e+06 1.71759e+06 1.71759e+06 1.71759e+06 1.71759e+06 1.71759e+06 1.71759e+06 1.71758e+06 1.71758e+06 1.71758e+06 1.71758e+06 1.71758e+06 1.71758e+06 1.71758e+06 1.71758e+06 1.71758e+06 1.71758e+06 1.71758e+06 1.71758e+06 1.71758e+06 1.71758e+06 1.71758e+06 1.71758e+06 1.71758e+06 1.71758e+06 1.71758e+06 1.71758e+06 1.71758e+06 1.71758e+06 1.71758e+06 1.71758e+06 1.71758e+06 1.71758e+06 1.71758e+06 1.71758e+06 1.71758e+06 1.71758e+06 1.71758e+06 1.71758e+06 1.71758e+06 1.71758e+06 1.71758e+06 1.71758e+06 1.71758e+06 1.71758e+06 1.71758e+06 1.71758e+06 0 0 0 0 0 0 0 0 0 0 0 0 0 0 0 0 0 0 0 0 0 0 0 0 0
#obs cpue bio
 12654 15215.6 32118.9 24875.7 34808.6 30755.5 35372 60798.3 53804 73089.3 61816.6 63103.7 137421 116594 142636 117206 118826 120133 99505.8 133976 119910 190617 198319 159979 105590 100339 148612 133520
#pred surv len freq
 1.41196e-11 1.53322e-09 9.81583e-08 3.70499e-06 8.24492e-05 0.00108177 0.00836875 0.0381892 0.103005 0.165909 0.167609 0.127965 0.102411 0.0854189 0.0612981 0.0406746 0.0276358 0.018991 0.0133961 0.00992581 0.00787391 0.00677631 0.00598301 0.00466419 0.00273674
 1.51178e-11 1.64161e-09 1.05097e-07 3.9669e-06 8.82777e-05 0.00115824 0.00896042 0.0408907 0.110311 0.177833 0.180377 0.139489 0.113094 0.0923931 0.0606677 0.0335344 0.0180166 0.00951708 0.0050653 0.0029227 0.00188799 0.00138085 0.00109989 0.000824125 0.00048383
 1.45974e-11 1.58511e-09 1.0148e-07 3.83036e-06 8.52393e-05 0.00111838 0.00865219 0.0394874 0.106571 0.172172 0.176368 0.140907 0.11969 0.100054 0.0659648 0.0360103 0.0183125 0.00839701 0.00343641 0.00138794 0.00061698 0.000328829 0.000211911 0.00014295 8.08782e-05
 1.47996e-11 1.60705e-09 1.02885e-07 3.8834e-06 8.64196e-05 0.00113386 0.0087719 0.0400318 0.108015 0.174295 0.17757 0.139396 0.115775 0.0966063 0.0653995 0.0376908 0.020164 0.00940096 0.00370535 0.0012924 0.000418431 0.000140006 5.77379e-05 2.98724e-05 1.5141e-05
 1.48017e-11 1.60729e-09 1.029e-07 3.88397e-06 8.64323e-05 0.00113403 0.00877322 0.0400384 0.10804 0.1744 0.177968 0.140438 0.117328 0.0975621 0.0647953 0.0361016 0.0189106 0.00893408 0.00364753 0.00129671 0.000396875 0.000105837 2.70935e-05 8.12067e-06 2.98211e-06
 1.51021e-11 1.63991e-09 1.04989e-07 3.9628e-06 8.81864e-05 0.00115704 0.0089512 0.0408494 0.110211 0.17776 0.180725 0.140865 0.115596 0.0951892 0.0628789 0.0347249 0.0178878 0.00822857 0.00326235 0.00114769 0.000355236 9.35809e-05 2.07499e-05 4.09071e-06 8.44116e-07
 1.53188e-11 1.66344e-09 1.06495e-07 4.01964e-06 8.94514e-05 0.00117364 0.00907957 0.0414344 0.111779 0.180203 0.182804 0.141422 0.114718 0.0936874 0.0613093 0.0333248 0.016882 0.00766478 0.00298923 0.00102581 0.000309217 8.01724e-05 1.74833e-05 3.1324e-06 4.68133e-07
 1.56535e-11 1.69978e-09 1.08822e-07 4.10747e-06 9.1406e-05 0.00119928 0.00927789 0.0423381 0.114199 0.18396 0.185936 0.142062 0.113022 0.0911367 0.05896 0.0314428 0.0155745 0.00692633 0.00264122 0.000885207 0.000260571 6.58143e-05 1.39814e-05 2.43417e-06 3.38011e-07
 1.5575e-11 1.69126e-09 1.08276e-07 4.08688e-06 9.09478e-05 0.00119327 0.0092314 0.0421265 0.113634 0.1831 0.1853 0.142187 0.11385 0.0920639 0.0594994 0.0315976 0.0155451 0.00684513 0.00257009 0.000843672 0.000242543 5.97219e-05 1.23537e-05 2.09186e-06 2.81258e-07
 1.49247e-11 1.62065e-09 1.03755e-07 3.91625e-06 8.71506e-05 0.00114346 0.00884618 0.0403724 0.108955 0.175985 0.180089 0.143356 0.120874 0.0996928 0.0635171 0.0323061 0.015084 0.00637954 0.00231114 0.000732226 0.000203884 4.8728e-05 9.78697e-06 1.60961e-06 2.10198e-07
 1.60903e-11 1.74721e-09 1.11858e-07 4.22209e-06 9.39566e-05 0.00123275 0.00953672 0.0435181 0.117366 0.188935 0.190364 0.143843 0.112281 0.0888994 0.0557685 0.0279121 0.0126891 0.00513895 0.00173912 0.000508125 0.000131983 2.99057e-05 5.75598e-06 9.13209e-07 1.15461e-07
 1.57263e-11 1.70769e-09 1.09328e-07 4.12658e-06 9.18312e-05 0.00120486 0.00932105 0.042535 0.114728 0.1848 0.186724 0.142501 0.113144 0.0910336 0.0586253 0.0309027 0.0149422 0.00634377 0.00222572 0.000660713 0.00016754 3.58172e-05 6.44786e-06 9.65706e-07 1.16627e-07
 1.51419e-11 1.64423e-09 1.05265e-07 3.97323e-06 8.84185e-05 0.00116009 0.00897485 0.0409589 0.110528 0.178451 0.18226 0.144153 0.120356 0.0984287 0.0618446 0.0305672 0.013773 0.00566185 0.00199089 0.000602417 0.000156059 3.3616e-05 5.92049e-06 8.42311e-07 9.54656e-08
 1.54451e-11 1.67715e-09 1.07373e-07 4.05278e-06 9.01889e-05 0.00118332 0.00915441 0.0417757 0.112696 0.181654 0.184147 0.142118 0.11483 0.0934451 0.0607588 0.0324677 0.0158328 0.00666669 0.00229008 0.00067018 0.000171569 3.73971e-05 6.71019e-06 9.60568e-07 1.06825e-07
 1.49923e-11 1.62799e-09 1.04225e-07 3.93399e-06 8.75453e-05 0.00114863 0.0088862 0.0405541 0.109433 0.17666 0.180326 0.142394 0.118853 0.0980035 0.0633647 0.0333449 0.0162169 0.00706031 0.00259126 0.000806252 0.000210302 4.52103e-05 8.00511e-06 1.14904e-06 1.29113e-07
 1.52614e-11 1.65721e-09 1.06096e-07 4.0046e-06 8.91167e-05 0.00116925 0.00904568 0.0412815 0.11139 0.17977 0.183268 0.144078 0.119288 0.0972085 0.0611257 0.0303059 0.0136673 0.00558059 0.00194124 0.00058778 0.000155951 3.48646e-05 6.32534e-06 9.07807e-07 1.01204e-07
 1.53134e-11 1.66285e-09 1.06457e-07 4.01823e-06 8.942e-05 0.00117323 0.00907643 0.0414212 0.111757 0.180286 0.183434 0.143297 0.117693 0.0959623 0.061214 0.0313256 0.014565 0.00594914 0.00199962 0.000572144 0.000143638 3.11148e-05 5.66094e-06 8.32807e-07 9.49095e-08
 1.57669e-11 1.7121e-09 1.0961e-07 4.13723e-06 9.20681e-05 0.00120797 0.00934513 0.0426456 0.115037 0.185382 0.187703 0.144231 0.11547 0.0924557 0.0577661 0.0284671 0.0127172 0.00511126 0.00172259 0.000492414 0.000120549 2.48357e-05 4.27659e-06 6.07234e-07 6.87625e-08
 1.5949e-11 1.73187e-09 1.10876e-07 4.18502e-06 9.31315e-05 0.00122192 0.00945303 0.0431372 0.116352 0.187414 0.189349 0.144421 0.114306 0.0909051 0.0565474 0.0276538 0.0121921 0.00480527 0.001575 0.000437926 0.000105629 2.15695e-05 3.63347e-06 4.95014e-07 5.34786e-08
 1.56404e-11 1.69836e-09 1.0873e-07 4.10402e-06 9.13292e-05 0.00119828 0.00927018 0.0423045 0.114129 0.184017 0.186781 0.144714 0.117235 0.0942373 0.0585178 0.0283154 0.0123023 0.00478957 0.00154934 0.000422269 9.91241e-05 1.96716e-05 3.23956e-06 4.33387e-07 4.56951e-08
 1.56739e-11 1.702e-09 1.08963e-07 4.11283e-06 9.15251e-05 0.00120085 0.00929005 0.0423951 0.114373 0.184403 0.18714 0.144903 0.117259 0.0941255 0.058264 0.0279816 0.012012 0.00460546 0.00145744 0.000386208 8.81795e-05 1.70354e-05 2.72465e-06 3.53881e-07 3.63576e-08
 1.56592e-11 1.7004e-09 1.08861e-07 4.10897e-06 9.14392e-05 0.00119972 0.00928133 0.0423553 0.114265 0.184224 0.186939 0.144702 0.117072 0.0940696 0.0584549 0.0283216 0.0122875 0.00473571 0.00149619 0.000392997 8.81982e-05 1.66194e-05 2.58207e-06 3.25521e-07 3.24614e-08
 1.58859e-11 1.72502e-09 1.10438e-07 4.16847e-06 9.27632e-05 0.00121709 0.00941566 0.042967 0.115897 0.186715 0.1888 0.144413 0.114806 0.0915398 0.0570247 0.0279287 0.0123039 0.00480932 0.00154195 0.000411174 9.30751e-05 1.74973e-05 2.68235e-06 3.3068e-07 3.20721e-08
 1.56834e-11 1.70303e-09 1.09029e-07 4.11532e-06 9.15805e-05 0.00120158 0.0092957 0.0424212 0.114447 0.184558 0.187462 0.145562 0.118186 0.0946961 0.0579174 0.0270211 0.0111777 0.00419305 0.00131911 0.000348864 7.89856e-05 1.4941e-05 2.30315e-06 2.83444e-07 2.71769e-08
 1.68719e-11 1.83209e-09 1.17292e-07 4.42719e-06 9.85207e-05 0.00129263 0.00999985 0.0456289 0.123024 0.19776 0.197916 0.14599 0.109299 0.0835312 0.0498633 0.0224665 0.00881487 0.00311918 0.000913766 0.000221759 4.67511e-05 8.50462e-06 1.29171e-06 1.58643e-07 1.52337e-08
 1.68035e-11 1.82466e-09 1.16816e-07 4.40923e-06 9.81211e-05 0.00128738 0.00995932 0.0454443 0.122531 0.197008 0.197353 0.146074 0.109979 0.0842937 0.050301 0.0225953 0.00881698 0.00309734 0.000895515 0.000211229 4.22883e-05 7.16164e-06 1.01129e-06 1.1787e-07 1.10252e-08
 1.62934e-11 1.76926e-09 1.1327e-07 4.27537e-06 9.51423e-05 0.0012483 0.00965712 0.0440684 0.118861 0.191435 0.193311 0.147115 0.115666 0.0903533 0.0532997 0.0228836 0.0082982 0.0027374 0.000756772 0.000170838 3.27054e-05 5.29305e-06 7.06683e-07 7.67822e-08 6.68041e-09
 1.59301e-11 1.72981e-09 1.10744e-07 4.18004e-06 9.30209e-05 0.00122047 0.00944187 0.0430876 0.116237 0.187377 0.190005 0.146682 0.117933 0.0935099 0.0559875 0.0247869 0.00938912 0.00316488 0.00085831 0.000183603 3.28609e-05 5.00498e-06 6.33437e-07 6.5299e-08 5.36217e-09
#obs surv len freq
 1.39908e-11 1.51924e-09 9.72629e-08 3.67119e-06 8.16973e-05 0.0010719 0.00829263 0.0378453 0.102119 0.164779 0.167738 0.131291 0.110019 0.0975726 0.07589 0.0515729 0.0301435 0.0142434 0.00533936 0.00157595 0.000354868 5.8679e-05 6.90681e-06 5.6387e-07 3.1179e-08
 1.31031e-11 1.42285e-09 9.10918e-08 3.43827e-06 7.65141e-05 0.00100391 0.00776717 0.0354593 0.0958353 0.155811 0.163733 0.140309 0.129149 0.112586 0.0772389 0.0438738 0.0223801 0.00990388 0.00358567 0.00102321 0.000221748 3.51826e-05 3.95237e-06 3.04908e-07 1.57376e-08
 1.33973e-11 1.45479e-09 9.3137e-08 3.51546e-06 7.8232e-05 0.00102645 0.00794157 0.036255 0.0979723 0.159118 0.166193 0.139375 0.124804 0.108915 0.077514 0.0457286 0.0226155 0.0088851 0.00273952 0.000678975 0.000133593 1.98141e-05 2.10077e-06 1.52977e-07 7.42926e-09
 1.35004e-11 1.46599e-09 9.38538e-08 3.54252e-06 7.88342e-05 0.00103436 0.00800289 0.0365377 0.0987625 0.160537 0.167985 0.140844 0.124864 0.107344 0.0754667 0.0442933 0.02205 0.00877235 0.00267874 0.00062155 0.000108439 1.40171e-05 1.31503e-06 8.6777e-08 3.88465e-09
 1.28628e-11 1.39674e-09 8.94207e-08 3.3752e-06 7.51108e-05 0.000985521 0.00762545 0.0348231 0.0942295 0.153859 0.163687 0.142809 0.131237 0.113269 0.078618 0.04516 0.0218895 0.00849429 0.00254432 0.00057931 9.76922e-05 1.1827e-05 1.0034e-06 5.85743e-08 2.31197e-09
 1.3473e-11 1.46301e-09 9.36629e-08 3.53532e-06 7.86742e-05 0.00103228 0.00798717 0.0364732 0.0986614 0.160769 0.169303 0.142942 0.125779 0.106708 0.074755 0.0435726 0.0210505 0.00797895 0.00230789 0.000505302 8.18863e-05 9.50251e-06 7.65747e-07 4.17687e-08 1.51042e-09
 1.29154e-11 1.40246e-09 8.97869e-08 3.38902e-06 7.54188e-05 0.00098958 0.00765743 0.0349792 0.094753 0.155274 0.16679 0.147227 0.134078 0.112483 0.0754374 0.0415575 0.0191688 0.00704843 0.00198572 0.000420043 6.50363e-05 7.15625e-06 5.44761e-07 2.79975e-08 9.50107e-10
 1.38697e-11 1.50609e-09 9.64211e-08 3.63943e-06 8.09914e-05 0.0010627 0.00822303 0.0375581 0.101667 0.165997 0.175425 0.14763 0.126598 0.103356 0.0693177 0.0381282 0.0170904 0.00594018 0.00156231 0.00030927 4.5146e-05 4.69779e-06 3.37357e-07 1.62826e-08 5.16924e-10
 1.30361e-11 1.41556e-09 9.06257e-08 3.42069e-06 7.61241e-05 0.000998859 0.00772997 0.035323 0.0958024 0.157608 0.170896 0.152159 0.136636 0.11094 0.0714592 0.0372953 0.0160083 0.00539496 0.0013728 0.000258723 3.5345e-05 3.41213e-06 2.27153e-07 1.01875e-08 3.01039e-10
 1.27434e-11 1.38378e-09 8.85911e-08 3.3439e-06 7.44155e-05 0.000976456 0.00755708 0.0345408 0.093754 0.154621 0.168728 0.151654 0.137067 0.112621 0.0745038 0.0398174 0.0169759 0.00550769 0.0013288 0.0002368 3.05846e-05 2.77896e-06 1.72688e-07 7.1727e-09 1.95392e-10
 1.36196e-11 1.47893e-09 9.46825e-08 3.57382e-06 7.95322e-05 0.0010436 0.00807661 0.036912 0.100132 0.164623 0.177152 0.152959 0.131035 0.103905 0.0673832 0.0355204 0.0149894 0.00481886 0.00114318 0.000196832 2.41073e-05 2.052e-06 1.18795e-07 4.58471e-09 1.15749e-10
 1.20935e-11 1.31322e-09 8.40733e-08 3.17338e-06 7.06222e-05 0.000926744 0.00717416 0.0328216 0.0893924 0.149151 0.168171 0.15939 0.147088 0.117026 0.072721 0.0360718 0.0143762 0.00441687 0.00101005 0.000168125 1.98465e-05 1.61499e-06 8.84179e-08 3.19406e-09 7.49141e-11
 1.26023e-11 1.36846e-09 8.76104e-08 3.30689e-06 7.35933e-05 0.000965729 0.00747569 0.0341939 0.093027 0.154413 0.170725 0.154852 0.138102 0.111828 0.073831 0.0388479 0.0157405 0.00471234 0.0010267 0.000161808 1.81114e-05 1.40061e-06 7.28547e-08 2.49267e-09 5.50863e-11
 1.23009e-11 1.33574e-09 8.55152e-08 3.22782e-06 7.18346e-05 0.000942696 0.00729867 0.0334047 0.0910713 0.15219 0.171272 0.159471 0.142979 0.112727 0.0715077 0.0365715 0.0148025 0.00451419 0.000998396 0.000156064 1.68617e-05 1.23511e-06 6.0321e-08 1.93307e-09 4.00105e-11
 1.24555e-11 1.35252e-09 8.65899e-08 3.2684e-06 7.27381e-05 0.000954577 0.00739119 0.0338348 0.0922836 0.154283 0.173283 0.159713 0.141204 0.11093 0.0706558 0.0359257 0.0142019 0.00420075 0.00090683 0.000139684 1.49113e-05 1.07135e-06 5.0617e-08 1.54594e-09 3.01317e-11
 1.16508e-11 1.26514e-09 8.09958e-08 3.05727e-06 6.80412e-05 0.00089302 0.0069168 0.0316983 0.08678 0.146808 0.170069 0.164576 0.149606 0.116488 0.0721459 0.0354958 0.0136027 0.00390197 0.000813349 0.000120346 1.2321e-05 8.50545e-07 3.86867e-08 1.13689e-09 2.12402e-11
 1.21347e-11 1.31769e-09 8.43602e-08 3.18427e-06 7.08681e-05 0.000930135 0.00720441 0.0330149 0.0903332 0.152318 0.17417 0.163677 0.144753 0.112132 0.06996 0.0342981 0.0128077 0.00352128 0.000698437 9.81318e-05 9.5303e-06 6.23211e-07 2.68187e-08 7.45325e-10 1.31727e-11
 1.21515e-11 1.31951e-09 8.4477e-08 3.1887e-06 7.09683e-05 0.000931518 0.00721673 0.0330937 0.0907238 0.153734 0.177426 0.167741 0.146454 0.110029 0.0661213 0.0313264 0.0113949 0.00305889 0.000588025 7.9067e-05 7.26744e-06 4.46778e-07 1.80189e-08 4.68733e-10 7.75006e-12
 1.19823e-11 1.30115e-09 8.33015e-08 3.14435e-06 6.99832e-05 0.000918659 0.00711875 0.0326661 0.0897139 0.152687 0.177616 0.169122 0.147721 0.110756 0.066278 0.0309417 0.0109483 0.00283825 0.000525671 6.79671e-05 5.98079e-06 3.49604e-07 1.33059e-08 3.24517e-10 5.00711e-12
 1.1839e-11 1.28558e-09 8.23054e-08 3.10678e-06 6.91494e-05 0.000907804 0.00703673 0.032317 0.0889576 0.152235 0.178855 0.171699 0.149372 0.110515 0.0650017 0.0297039 0.010238 0.00257032 0.000457728 5.65091e-05 4.72386e-06 2.61459e-07 9.39731e-09 2.15806e-10 3.12472e-12
 1.10783e-11 1.20299e-09 7.70178e-08 2.90726e-06 6.4713e-05 0.000849744 0.00659095 0.0303287 0.0839595 0.145887 0.177083 0.177185 0.157052 0.114821 0.0654575 0.0286531 0.00939901 0.00223896 0.000377644 4.40811e-05 3.47646e-06 1.81063e-07 6.10821e-09 1.31381e-10 1.7788e-12
 1.25929e-11 1.36745e-09 8.75469e-08 3.30469e-06 7.35575e-05 0.00096578 0.00748796 0.0344048 0.0947351 0.161742 0.187362 0.173261 0.14378 0.102627 0.0582589 0.025173 0.00799181 0.00181184 0.000287772 3.14526e-05 2.31676e-06 1.12578e-07 3.54097e-09 7.09611e-11 8.94392e-13
 1.1507e-11 1.24954e-09 7.99996e-08 3.01992e-06 6.72269e-05 0.000882975 0.00685314 0.0315847 0.0877296 0.15323 0.186158 0.182588 0.154589 0.106679 0.0571559 0.023446 0.00718094 0.00158239 0.000242948 2.53477e-05 1.76013e-06 7.99075e-08 2.33582e-09 4.33877e-11 5.0629e-13
 1.21234e-11 1.31648e-09 8.42852e-08 3.18172e-06 7.08292e-05 0.000930282 0.00721958 0.033255 0.0921512 0.159622 0.189714 0.179778 0.148812 0.102812 0.0553016 0.0222601 0.00650581 0.00134761 0.000194244 1.9108e-05 1.25416e-06 5.37255e-08 1.47483e-09 2.55814e-11 2.77359e-13
 1.23757e-11 1.34388e-09 8.60404e-08 3.24806e-06 7.23116e-05 0.000949939 0.00737578 0.0340154 0.0945103 0.1645 0.196334 0.184414 0.147464 0.09646 0.0488635 0.0186453 0.00520702 0.00103006 0.000140513 1.29409e-05 7.89783e-07 3.13988e-08 8.00692e-10 1.29196e-11 1.30375e-13
 1.13004e-11 1.22712e-09 7.85668e-08 2.96613e-06 6.60467e-05 0.00086806 0.00674885 0.0312321 0.0875509 0.155598 0.193187 0.1904 0.156704 0.102484 0.0507012 0.0185319 0.00489019 0.000908509 0.000116265 1.00437e-05 5.73877e-07 2.12797e-08 5.03948e-10 7.52552e-12 7.01442e-14
 1.22152e-11 1.32646e-09 8.49274e-08 3.20625e-06 7.13923e-05 0.00093823 0.00729154 0.033695 0.0940012 0.164714 0.19798 0.186189 0.148197 0.0963053 0.0478505 0.017389 0.00447452 0.000795578 9.60409e-05 7.75195e-06 4.1173e-07 1.41611e-08 3.10809e-10 4.29855e-12 3.70688e-14
 1.15061e-11 1.24947e-09 8.00012e-08 3.02056e-06 6.72736e-05 0.000884645 0.00688582 0.0319437 0.0899421 0.160744 0.199585 0.193262 0.15354 0.0964607 0.0458468 0.0160402 0.00401238 0.000695362 8.1302e-05 6.28188e-06 3.15453e-07 1.01537e-08 2.07073e-10 2.64938e-12 2.10856e-14
#pred catch len freq
 1.00764e-11 1.09417e-09 7.005e-08 2.64404e-06 5.88396e-05 0.000772015 0.00597307 0.0272714 0.0737552 0.120395 0.129159 0.118433 0.119547 0.111706 0.0845521 0.0589251 0.04145 0.0289476 0.0205636 0.0152801 0.0121331 0.0104446 0.0092224 0.00718961 0.00421855
 1.13618e-11 1.23376e-09 7.89865e-08 2.98135e-06 6.63459e-05 0.000870504 0.00673514 0.0307521 0.0831871 0.135936 0.14649 0.135763 0.137371 0.124424 0.0853056 0.0492201 0.0274855 0.0148227 0.00796574 0.00461681 0.00298714 0.00218571 0.00174116 0.00130463 0.000765931
 1.0711e-11 1.16309e-09 7.44621e-08 2.81057e-06 6.25457e-05 0.000820648 0.00634962 0.0289972 0.0785117 0.128876 0.14157 0.137808 0.146117 0.134648 0.0925989 0.0528154 0.0279356 0.0130817 0.00541005 0.0021987 0.000980377 0.000523058 0.000337164 0.000227452 0.000128689
 1.10325e-11 1.198e-09 7.66971e-08 2.89494e-06 6.4423e-05 0.000845276 0.00654003 0.0298633 0.0808104 0.132276 0.143587 0.135694 0.140335 0.129468 0.0915994 0.0551019 0.0305198 0.0144798 0.005757 0.00201864 0.000655475 0.000219625 9.06207e-05 4.68913e-05 2.37676e-05
 1.11298e-11 1.20856e-09 7.73733e-08 2.92046e-06 6.49909e-05 0.000852728 0.00659771 0.030127 0.0815279 0.133482 0.145042 0.137375 0.142089 0.130105 0.0900247 0.0522461 0.028353 0.0136439 0.00561928 0.00200726 0.000615863 0.000164429 4.21164e-05 1.26265e-05 4.63707e-06
 1.14602e-11 1.24444e-09 7.96703e-08 3.00716e-06 6.69203e-05 0.000878041 0.00679348 0.0310191 0.083917 0.137192 0.148138 0.138025 0.140473 0.127737 0.0879567 0.0505784 0.0269874 0.0126455 0.00505841 0.00178864 0.000555084 0.000146398 3.24777e-05 6.40422e-06 1.32164e-06
 1.1764e-11 1.27743e-09 8.17825e-08 3.08688e-06 6.86944e-05 0.000901317 0.0069735 0.0318396 0.086117 0.140629 0.151104 0.138945 0.139454 0.125782 0.0857218 0.0484455 0.0254084 0.0117504 0.00462309 0.00159441 0.000481877 0.000125088 2.72923e-05 4.89091e-06 7.31007e-07
 1.20537e-11 1.30889e-09 8.37965e-08 3.1629e-06 7.03861e-05 0.000923512 0.00714517 0.0326221 0.088215 0.143907 0.153938 0.139841 0.138518 0.123967 0.0836388 0.0464248 0.0238524 0.0108197 0.00416493 0.00140339 0.000414283 0.000104775 2.22708e-05 3.8783e-06 5.38598e-07
 1.23284e-11 1.33871e-09 8.57056e-08 3.23496e-06 7.19897e-05 0.00094455 0.00730788 0.0333635 0.0902006 0.14699 0.156511 0.140376 0.137144 0.121892 0.0817254 0.0448868 0.0227744 0.0101975 0.00385904 0.00127246 0.000366691 9.03913e-05 1.8707e-05 3.16832e-06 4.26029e-07
 1.19928e-11 1.30228e-09 8.3373e-08 3.14692e-06 7.00304e-05 0.000918847 0.00710915 0.0324594 0.0877987 0.143419 0.154301 0.1423 0.142802 0.127259 0.0834324 0.0435762 0.0208911 0.00897055 0.00327263 0.00104083 0.000290413 6.94747e-05 1.39598e-05 2.29631e-06 2.99895e-07
 1.24939e-11 1.35669e-09 8.68565e-08 3.2784e-06 7.29564e-05 0.000957234 0.00740602 0.0338118 0.0914155 0.148993 0.158747 0.142592 0.139261 0.122819 0.0803011 0.0417855 0.0197542 0.00818367 0.00279931 0.000823091 0.000214596 4.87121e-05 9.38292e-06 1.48912e-06 1.88301e-07
 1.26584e-11 1.37455e-09 8.8e-08 3.32156e-06 7.39168e-05 0.000969834 0.00750342 0.0342546 0.0925866 0.150693 0.159589 0.140983 0.135464 0.11948 0.0796795 0.0433168 0.0215433 0.009287 0.00328168 0.000978269 0.000248669 5.32256e-05 9.58729e-06 1.43628e-06 1.73478e-07
 1.17321e-11 1.27397e-09 8.15606e-08 3.07851e-06 6.85081e-05 0.000898876 0.00695472 0.0317564 0.0859264 0.140595 0.152347 0.143144 0.146198 0.130732 0.0849593 0.0434115 0.0202601 0.00850514 0.00301989 0.000918618 0.000238662 5.14806e-05 9.07273e-06 1.29118e-06 1.4636e-07
 1.19891e-11 1.30188e-09 8.33474e-08 3.14595e-06 7.00089e-05 0.000918563 0.0071069 0.0324479 0.0877512 0.143209 0.153463 0.140087 0.139491 0.125188 0.0846533 0.0469351 0.023657 0.010138 0.00351197 0.00103322 0.000265358 5.79307e-05 1.04017e-05 1.48946e-06 1.65666e-07
 1.20862e-11 1.31242e-09 8.40223e-08 3.17142e-06 7.05758e-05 0.000926001 0.00716444 0.0327105 0.0884599 0.144354 0.154633 0.140984 0.140029 0.124936 0.0832135 0.0449911 0.0224414 0.00990642 0.00365902 0.00114246 0.000298566 6.42456e-05 1.13809e-05 1.63396e-06 1.8362e-07
 1.21213e-11 1.31623e-09 8.4266e-08 3.18062e-06 7.07805e-05 0.000928688 0.00718528 0.0328066 0.0887337 0.144911 0.155741 0.143204 0.143174 0.127028 0.0824178 0.0420805 0.0195654 0.00813485 0.00285367 0.000868093 0.000230919 5.16866e-05 9.38221e-06 1.34684e-06 1.50165e-07
 1.23923e-11 1.34565e-09 8.61498e-08 3.25173e-06 7.23628e-05 0.000949446 0.00734579 0.0335372 0.0906789 0.147839 0.157734 0.14223 0.139532 0.12347 0.0811772 0.0426802 0.0203688 0.00844263 0.0028571 0.000820795 0.000206561 4.47985e-05 8.15479e-06 1.19996e-06 1.36764e-07
 1.2817e-11 1.39177e-09 8.91024e-08 3.36317e-06 7.48428e-05 0.000981983 0.00759744 0.0346843 0.0937545 0.152645 0.161892 0.143546 0.13812 0.120626 0.077752 0.039378 0.0180946 0.00739559 0.00251174 0.00072107 0.00017696 3.65024e-05 6.28918e-06 8.93243e-07 1.01162e-07
 1.30437e-11 1.41639e-09 9.06784e-08 3.42266e-06 7.61666e-05 0.000999351 0.00773176 0.0352963 0.0953924 0.15518 0.163966 0.143847 0.136772 0.118771 0.0762265 0.0382909 0.0173578 0.00695628 0.00229762 0.000641631 0.000155164 3.1725e-05 5.3473e-06 7.28695e-07 7.87337e-08
 1.28683e-11 1.39734e-09 8.94592e-08 3.37664e-06 7.51425e-05 0.000985917 0.00762788 0.0348233 0.0941319 0.153272 0.162611 0.144302 0.138878 0.120968 0.0772497 0.0382869 0.0170634 0.00674732 0.00219825 0.000601504 0.000141532 2.81211e-05 4.63361e-06 6.2004e-07 6.53827e-08
 1.28392e-11 1.39418e-09 8.92566e-08 3.36899e-06 7.49724e-05 0.000983684 0.00761062 0.0347449 0.093924 0.152967 0.162447 0.144547 0.139495 0.121538 0.0774141 0.0381066 0.0167978 0.0065466 0.00208735 0.000555458 0.00012715 2.45965e-05 3.9364e-06 5.11409e-07 5.25487e-08
 1.27425e-11 1.38368e-09 8.85845e-08 3.34363e-06 7.44079e-05 0.000976278 0.00755334 0.0344838 0.0932237 0.151872 0.161494 0.14423 0.139789 0.122169 0.0782061 0.0388908 0.0173446 0.00679769 0.00216419 0.00057094 0.00012848 2.42439e-05 3.76915e-06 4.75326e-07 4.7407e-08
 1.3255e-11 1.43933e-09 9.21475e-08 3.47811e-06 7.74005e-05 0.00101554 0.00785696 0.0358667 0.0969175 0.157529 0.165833 0.143949 0.135238 0.116842 0.0748448 0.0375052 0.0169144 0.00670447 0.0021633 0.000578931 0.000131336 2.47179e-05 3.79131e-06 4.67514e-07 4.5349e-08
 1.33551e-11 1.45021e-09 9.28438e-08 3.50439e-06 7.79854e-05 0.00102321 0.00791635 0.0361381 0.0976553 0.158764 0.167293 0.145579 0.136921 0.117524 0.0735155 0.0349032 0.0147229 0.00559378 0.00177004 0.00046956 0.000106503 2.01646e-05 3.10969e-06 3.82781e-07 3.67049e-08
 1.43663e-11 1.56001e-09 9.98734e-08 3.76972e-06 8.38899e-05 0.00110068 0.00851544 0.0388674 0.104955 0.170019 0.176301 0.146259 0.129847 0.108372 0.0665865 0.0306356 0.0123144 0.00443087 0.00130812 0.000318778 6.73812e-05 1.22747e-05 1.86551e-06 2.2918e-07 2.20098e-08
 1.46578e-11 1.59166e-09 1.019e-07 3.8462e-06 8.55919e-05 0.00112301 0.00868812 0.039654 0.107058 0.173257 0.178869 0.146374 0.127681 0.105639 0.0645975 0.0294981 0.011728 0.00417379 0.00121398 0.000287239 5.76194e-05 9.76869e-06 1.38016e-06 1.60905e-07 1.50522e-08
 1.40397e-11 1.52454e-09 9.76024e-08 3.684e-06 8.19824e-05 0.00107565 0.00832194 0.0379868 0.102613 0.166512 0.174003 0.147723 0.134707 0.113072 0.0681966 0.0297261 0.0109891 0.00367988 0.00102467 0.000232138 4.45394e-05 7.21725e-06 9.64166e-07 1.04788e-07 9.11827e-09
 1.37665e-11 1.49487e-09 9.57032e-08 3.61232e-06 8.03872e-05 0.00105473 0.00816008 0.0372491 0.100636 0.163436 0.171405 0.147092 0.13595 0.115154 0.0703826 0.0316182 0.012188 0.00416023 0.00113479 0.000243468 4.36651e-05 6.65892e-06 8.43288e-07 8.69572e-08 7.14165e-09
#obs catch len freq
 9.20607e-12 9.99671e-10 6.39998e-08 2.41568e-06 5.3758e-05 0.000705354 0.00545785 0.0249308 0.0675791 0.111498 0.124906 0.127296 0.142185 0.140262 0.109481 0.0729818 0.0423243 0.0200581 0.00750951 0.00219062 0.000487133 8.05334e-05 9.6266e-06 8.05589e-07 4.57235e-08
 1.25105e-11 1.3585e-09 8.69721e-08 3.28277e-06 7.30537e-05 0.000958508 0.00741576 0.0338526 0.0914609 0.148451 0.154926 0.130542 0.119853 0.110353 0.0864213 0.0585006 0.0337505 0.0156502 0.00572848 0.00164006 0.00035573 5.62952e-05 6.30343e-06 4.86795e-07 2.53345e-08
 1.18315e-11 1.28476e-09 8.22515e-08 3.10459e-06 6.90888e-05 0.000906504 0.00701405 0.0320323 0.086714 0.142009 0.153564 0.141389 0.139376 0.123935 0.0850365 0.0481149 0.0242826 0.0105486 0.00372433 0.0010293 0.000214556 3.25276e-05 3.4704e-06 2.52911e-07 1.22757e-08
 1.21852e-11 1.32317e-09 8.47106e-08 3.19741e-06 7.11544e-05 0.000933608 0.00722376 0.0329892 0.0892839 0.145987 0.156534 0.140353 0.134411 0.11979 0.0852497 0.049909 0.0242907 0.00934034 0.00280891 0.000675025 0.000127746 1.80849e-05 1.81858e-06 1.2494e-07 5.69954e-09
 1.24616e-11 1.35318e-09 8.66316e-08 3.26992e-06 7.27681e-05 0.000954785 0.00738776 0.0337403 0.0913325 0.149376 0.159986 0.142102 0.133327 0.116536 0.0818075 0.0476142 0.0233041 0.00905318 0.00268587 0.0006022 0.000100932 1.2456e-05 1.10836e-06 6.89536e-08 2.89632e-09
 1.19643e-11 1.29918e-09 8.31747e-08 3.13944e-06 6.98648e-05 0.000916705 0.00709359 0.0324061 0.0878262 0.144331 0.15714 0.144462 0.1389 0.121109 0.0837307 0.0476217 0.0226682 0.00858173 0.00249439 0.000547696 8.85033e-05 1.02086e-05 8.20812e-07 4.51782e-08 1.67337e-09
 1.27631e-11 1.38592e-09 8.8728e-08 3.34905e-06 7.45294e-05 0.000977909 0.00756707 0.0345654 0.0936198 0.153331 0.164379 0.144578 0.131997 0.112857 0.0786487 0.0452867 0.0214352 0.00791261 0.00221793 0.000467716 7.25282e-05 8.00609e-06 6.10484e-07 3.13659e-08 1.06414e-09
 1.23514e-11 1.34122e-09 8.58662e-08 3.24104e-06 7.2126e-05 0.000946394 0.00732387 0.033467 0.0907806 0.149542 0.1634 0.149301 0.139446 0.117113 0.077929 0.0423765 0.0191425 0.00684757 0.00186633 0.000379587 5.61583e-05 5.87084e-06 4.22402e-07 2.04255e-08 6.49696e-10
 1.33993e-11 1.45501e-09 9.31511e-08 3.51601e-06 7.82452e-05 0.00102668 0.00794494 0.0362986 0.0983697 0.161293 0.172791 0.149602 0.131195 0.107184 0.071247 0.0385916 0.0168993 0.00570556 0.00145062 0.000275903 3.84415e-05 3.79549e-06 2.57307e-07 1.16732e-08 3.47065e-10
 1.26375e-11 1.37228e-09 8.78547e-08 3.3161e-06 7.3797e-05 0.000968348 0.00749456 0.0342597 0.0930441 0.153803 0.169159 0.154493 0.1408 0.113852 0.0725451 0.0372652 0.0156197 0.00510645 0.00125362 0.000226593 2.95116e-05 2.70106e-06 1.69617e-07 7.14386e-09 1.97524e-10
 1.24534e-11 1.35229e-09 8.65749e-08 3.2678e-06 7.27225e-05 0.000954266 0.00738606 0.0337713 0.0917841 0.152032 0.167933 0.153969 0.140424 0.114633 0.074893 0.0392844 0.016312 0.00512561 0.00119184 0.000203483 2.50224e-05 2.15275e-06 1.26065e-07 4.91418e-09 1.25194e-10
 1.34204e-11 1.4573e-09 9.32976e-08 3.52155e-06 7.83695e-05 0.00102837 0.00795943 0.0363879 0.0988172 0.163027 0.177073 0.155138 0.133585 0.105056 0.0672107 0.0347401 0.0142622 0.00443356 0.00101161 0.000166561 1.93974e-05 1.5619e-06 8.51404e-08 3.08137e-09 7.27065e-11
 1.19104e-11 1.29333e-09 8.28006e-08 3.12535e-06 6.9554e-05 0.000912761 0.00706685 0.0323455 0.0882304 0.147899 0.168625 0.161998 0.149548 0.11764 0.0720134 0.0350081 0.013569 0.00402825 0.000885044 0.000140679 1.57665e-05 1.21199e-06 6.24142e-08 2.11292e-09 4.62936e-11
 1.24823e-11 1.35543e-09 8.67762e-08 3.27542e-06 7.28935e-05 0.000956579 0.00740574 0.0338874 0.092311 0.1538 0.171536 0.157249 0.140185 0.112246 0.0728889 0.0374559 0.0147147 0.00424932 0.000888594 0.000133614 1.41841e-05 1.03496e-06 5.0578e-08 1.62001e-09 3.34174e-11
 1.222e-11 1.32695e-09 8.49526e-08 3.2066e-06 7.13632e-05 0.00093655 0.00725211 0.0332068 0.0906595 0.152094 0.172579 0.161957 0.144623 0.112534 0.0701973 0.035082 0.013764 0.00404169 0.000855689 0.000127326 1.30286e-05 8.99676e-07 4.12502e-08 1.23653e-09 2.38692e-11
 1.24438e-11 1.35125e-09 8.65086e-08 3.26534e-06 7.26711e-05 0.00095374 0.00738576 0.0338247 0.0923746 0.15495 0.175139 0.162121 0.142328 0.11016 0.068865 0.0341441 0.0130665 0.00371913 0.000767943 0.00011244 1.13463e-05 7.67163e-07 3.39845e-08 9.702e-10 1.76288e-11
 1.16913e-11 1.26954e-09 8.12776e-08 3.06792e-06 6.82796e-05 0.000896199 0.00694265 0.0318334 0.0872762 0.148156 0.172557 0.167098 0.150235 0.115011 0.0698352 0.0334756 0.0124053 0.00341946 0.000680829 9.56466e-05 9.24665e-06 5.99962e-07 2.5552e-08 7.00966e-10 1.21956e-11
 1.22153e-11 1.32644e-09 8.49205e-08 3.20543e-06 7.13406e-05 0.000936389 0.00725408 0.0332587 0.0911172 0.154083 0.176902 0.16608 0.145102 0.110388 0.0673919 0.0321169 0.0115781 0.00305537 0.000578284 7.70609e-05 7.05914e-06 4.33429e-07 1.74475e-08 4.52205e-10 7.43531e-12
 1.22476e-11 1.32995e-09 8.51452e-08 3.21394e-06 7.15319e-05 0.000938977 0.00727594 0.0333831 0.0916421 0.155736 0.180361 0.170084 0.146468 0.107954 0.0634454 0.0292058 0.0102454 0.00263555 0.000482632 6.14673e-05 5.32393e-06 3.07068e-07 1.15758e-08 2.80617e-10 4.31326e-12
 1.21181e-11 1.31589e-09 8.42456e-08 3.18001e-06 7.07788e-05 0.000929172 0.00720174 0.0330654 0.0909318 0.155158 0.180907 0.171445 0.14742 0.108283 0.0632647 0.0286489 0.00976392 0.00242304 0.000426997 5.22226e-05 4.32472e-06 2.36923e-07 8.42215e-09 1.91312e-10 2.74291e-12
 1.20236e-11 1.30563e-09 8.3589e-08 3.15527e-06 7.02307e-05 0.000922079 0.00714899 0.0328513 0.0905434 0.155276 0.182559 0.173927 0.148582 0.107523 0.061662 0.0272963 0.00904949 0.00217177 0.000367502 4.28672e-05 3.36902e-06 1.74593e-07 5.85582e-09 1.25153e-10 1.68288e-12
 1.12862e-11 1.22556e-09 7.84636e-08 2.96188e-06 6.59314e-05 0.000865837 0.00671768 0.0309329 0.0857542 0.149309 0.18116 0.179456 0.155906 0.111354 0.0618218 0.0261858 0.00825374 0.00187755 0.000300608 3.31188e-05 2.45321e-06 1.19527e-07 3.75997e-09 7.52155e-11 9.45144e-13
 1.28137e-11 1.39143e-09 8.90831e-08 3.36272e-06 7.48519e-05 0.000982867 0.00762224 0.0350411 0.0965943 0.16517 0.191235 0.175228 0.142527 0.0992328 0.0547371 0.0228379 0.00695648 0.00150443 0.000226618 2.33596e-05 1.61486e-06 7.33537e-08 2.14993e-09 4.0045e-11 4.68174e-13
 1.17477e-11 1.27568e-09 8.16734e-08 3.08317e-06 6.86385e-05 0.000901637 0.00700027 0.0322861 0.089798 0.157069 0.190427 0.184479 0.152753 0.102768 0.0535138 0.0211953 0.00622148 0.00130548 0.000189778 1.86525e-05 1.21476e-06 5.15289e-08 1.40301e-09 2.42123e-11 2.6196e-13
 1.23919e-11 1.34564e-09 8.61529e-08 3.25229e-06 7.2404e-05 0.000951088 0.00738326 0.0340305 0.0944045 0.163688 0.194054 0.181581 0.146862 0.0987091 0.0514573 0.0199544 0.00558368 0.00110089 0.000150152 1.39001e-05 8.54665e-07 3.41764e-08 8.73344e-10 1.40696e-11 1.41418e-13
 1.26505e-11 1.37373e-09 8.79523e-08 3.32032e-06 7.39249e-05 0.000971278 0.00754399 0.0348147 0.0968381 0.168676 0.200645 0.18586 0.145051 0.0922358 0.0452651 0.0166284 0.00443998 0.000834712 0.000107623 9.32178e-06 5.32722e-07 1.97598e-08 4.68743e-10 7.01964e-12 6.56271e-14
 1.15858e-11 1.25812e-09 8.0553e-08 3.04122e-06 6.77247e-05 0.000890292 0.00692471 0.032073 0.090022 0.160077 0.197844 0.191951 0.154029 0.0978419 0.0468358 0.0164624 0.00415021 0.000732236 8.84939e-05 7.18277e-06 3.8398e-07 1.32764e-08 2.92384e-10 4.05138e-12 3.49762e-14
 1.25118e-11 1.35867e-09 8.69912e-08 3.28429e-06 7.31359e-05 0.000961323 0.00747393 0.0345632 0.0965256 0.169202 0.202523 0.187631 0.145548 0.0916982 0.0439806 0.0153382 0.00376524 0.000635159 7.23626e-05 5.48518e-06 2.72447e-07 8.73314e-09 1.78152e-10 2.28514e-12 1.82457e-14
#spawning biomass
 24470.7 22628.9 25330.1 30101.3 34330.9 38914.8 45703.2 54619.5 68992.8 73598.1 70590.9 96974.3 100355 114589 130640 117408 121831 119180 127286 134525 130704 130885 136610 129192 115701 131900 123707 111305 98286.7 182389 208064 203048 184478 162481 142109 125333 112445 102986 96259.3 91583.2 88386.3 86226.6 84771.7 83787.3 83149.7 82736.9 82469.5 82296.4 82184.3 82111.7 82064.6 82034.2 82014.5 82001.7 81993.4 81988.1 81984.6 81982.4 81980.9 81980 81979.4 81979 81978.7 81978.5 81978.4 81978.4 81978.3 81978.3 81978.3 81978.3 81978.3 81978.2 81978.2 81978.2 81978.2 81978.2 81978.2 81978.2 81978.2 81978.2 81978.2 81978.2 81978.2 81978.2 81978.2 81978.2 81978.2 81978.2 81978.2 81978.2 81978.2 81978.2 81978.2 81978.2 81978.2 81978.2 81978.2 81978.2 81978.2 81978.2 81978.2 81978.2 81978.2 81978.2 81978.2 81978.2 81978.2 81978.2 81978.2 81978.2 81978.2 81978.2 81978.2 81978.2 81978.2 81978.2 81978.2 81978.2 81978.2 81978.2 81978.2 81978.2 81978.2 81978.2 81978.2 81978.2 81978.2 81978.2 0 0 0 0 0 0 0 0 0 0 0 0 0 0 0 0 0 0 0 0 0 0 0 0 0
