SBPRF35
0.827133
Curr Bio
146809
B35
614050
F35
0.22187
FOFL
0
OFL
0
Bzero
236324
#pred survey bio
 10965.4 9784.93 12183.8 17624.6 21276.7 25235 28594.7 33084 39282.5 50123.6 65806.8 75179.5 88807.4 112412 116795 105551 96120.4 88137.3 90270.1 86111.5 86309.7 96203 97214.5 107869 108445 124351 109331 105545 2.55964e+06 4.44875e+06 5.07577e+06 4.95669e+06 4.5187e+06 3.98672e+06 3.48177e+06 3.05519e+06 2.7182e+06 2.46293e+06 2.2747e+06 2.13825e+06 2.04032e+06 1.97033e+06 1.91968e+06 1.88236e+06 1.85607e+06 1.83733e+06 1.82381e+06 1.81393e+06 1.80662e+06 1.80114e+06 1.797e+06 1.79382e+06 1.79136e+06 1.78944e+06 1.78793e+06 1.78673e+06 1.78578e+06 1.78501e+06 1.7844e+06 1.7839e+06 1.7835e+06 1.78318e+06 1.78291e+06 1.7827e+06 1.78252e+06 1.78238e+06 1.78226e+06 1.78217e+06 1.78209e+06 1.78203e+06 1.78198e+06 1.78193e+06 1.7819e+06 1.78187e+06 1.78185e+06 1.78183e+06 1.78181e+06 1.7818e+06 1.78179e+06 1.78178e+06 1.78177e+06 1.78177e+06 1.78176e+06 1.78176e+06 1.78176e+06 1.78175e+06 1.78175e+06 1.78175e+06 1.78175e+06 1.78175e+06 1.78175e+06 1.78175e+06 1.78175e+06 1.78174e+06 1.78174e+06 1.78174e+06 1.78174e+06 1.78174e+06 1.78174e+06 1.78174e+06 1.78174e+06 1.78174e+06 1.78174e+06 1.78174e+06 1.78174e+06 1.78174e+06 1.78174e+06 1.78174e+06 1.78174e+06 1.78174e+06 1.78174e+06 1.78174e+06 1.78174e+06 1.78174e+06 1.78174e+06 1.78174e+06 1.78174e+06 1.78174e+06 1.78174e+06 1.78174e+06 1.78174e+06 1.78174e+06 1.78174e+06 1.78174e+06 1.78174e+06 1.78174e+06 1.78174e+06 1.78174e+06 0 0 0 0 0 0 0 0 0 0 0 0 0 0 0 0 0 0 0 0 0 0 0 0 0
#obs survey bio
 10945.5 11256.8 14062.3 20522.7 19343.4 23702.5 21911.3 34226.3 44317.8 46757.3 83316.5 48928.7 111036 106320 102323 107512 97263.8 115950 85570.1 74831.8 86381.3 84468.8 69905 103893 178527 138620 111270 85814
#pred catch bio
 6858.87 5748.34 6803.36 10911.9 13657.7 17771.5 20216.8 23820.7 29776.3 38943.5 53647.4 64157.1 73913.1 93675.9 99123.1 92831.2 87857.5 78618.5 84288.4 79834.4 80421.6 93655.2 92902.6 110465 102214 125171 106438 100964 0 39593.6 43268.3 41725.3 37553.6 32660.2 28100.7 24310.3 21367.3 19182.7 17610.9 16505 15739.8 15216.5 14859.2 14614.8 14454.5 14349.4 14280.5 14235.3 14205.7 14186.2 14173.5 14165.1 14159.6 14156 14153.7 14152.1 14151.1 14150.4 14150 14149.7 14149.5 14149.4 14149.3 14149.3 14149.2 14149.2 14149.2 14149.2 14149.2 14149.2 14149.2 14149.2 14149.2 14149.2 14149.2 14149.2 14149.2 14149.2 14149.2 14149.2 14149.2 14149.2 14149.2 14149.2 14149.2 14149.2 14149.2 14149.2 14149.2 14149.2 14149.2 14149.2 14149.2 14149.2 14149.2 14149.2 14149.2 14149.2 14149.2 14149.2 14149.2 14149.2 14149.2 14149.2 14149.2 14149.2 14149.2 14149.2 14149.2 14149.2 14149.2 14149.2 14149.2 14149.2 14149.2 14149.2 14149.2 14149.2 14149.2 14149.2 14149.2 14149.2 14149.2 14149.2 14149.2 14149.2 14149.2 14149.2 0 0 0 0 0 0 0 0 0 0 0 0 0 0 0 0 0 0 0 0 0 0 0 0 0
#obs catch bio
 6427.73 5810.23 6732.48 10750.1 13568.1 17697.6 20461.7 23501.4 29950.4 38328.4 52438.2 65096.2 71152 92133.9 101155 93666.7 86624.4 77332.6 83367.2 79774 77904.8 91393.1 91468.6 109100 95822.7 122428 104340 101629
#pred cpue bio
 10752.4 9213.11 11111.1 16585.8 19990.5 23453.6 26604.4 30707.7 35932.3 44651.4 60248.3 68079.8 78458.1 102796 109354 97722.2 88035.2 80324.4 81524 78433.5 76535.9 85591.7 86360.4 94346 95094.4 111421 98057 94369.6 2.29243e+06 4.60755e+06 5.0754e+06 4.94514e+06 4.50653e+06 3.97451e+06 3.46956e+06 3.04298e+06 2.70599e+06 2.45072e+06 2.26249e+06 2.12604e+06 2.02811e+06 1.95812e+06 1.90747e+06 1.87015e+06 1.84386e+06 1.82512e+06 1.8116e+06 1.80172e+06 1.79441e+06 1.78893e+06 1.78478e+06 1.78161e+06 1.77915e+06 1.77723e+06 1.77572e+06 1.77452e+06 1.77357e+06 1.7728e+06 1.77219e+06 1.77169e+06 1.77129e+06 1.77097e+06 1.7707e+06 1.77049e+06 1.77031e+06 1.77017e+06 1.77005e+06 1.76996e+06 1.76988e+06 1.76982e+06 1.76977e+06 1.76972e+06 1.76969e+06 1.76966e+06 1.76964e+06 1.76962e+06 1.7696e+06 1.76959e+06 1.76958e+06 1.76957e+06 1.76956e+06 1.76956e+06 1.76955e+06 1.76955e+06 1.76955e+06 1.76954e+06 1.76954e+06 1.76954e+06 1.76954e+06 1.76954e+06 1.76954e+06 1.76954e+06 1.76953e+06 1.76953e+06 1.76953e+06 1.76953e+06 1.76953e+06 1.76953e+06 1.76953e+06 1.76953e+06 1.76953e+06 1.76953e+06 1.76953e+06 1.76953e+06 1.76953e+06 1.76953e+06 1.76953e+06 1.76953e+06 1.76953e+06 1.76953e+06 1.76953e+06 1.76953e+06 1.76953e+06 1.76953e+06 1.76953e+06 1.76953e+06 1.76953e+06 1.76953e+06 1.76953e+06 1.76953e+06 1.76953e+06 1.76953e+06 1.76953e+06 1.76953e+06 1.76953e+06 1.76953e+06 1.76953e+06 1.76953e+06 0 0 0 0 0 0 0 0 0 0 0 0 0 0 0 0 0 0 0 0 0 0 0 0 0
#obs cpue bio
 5609.1 7493.96 11668.6 17905.1 26765.2 22426.9 27395.7 41151.6 28071.9 65643.2 63367.9 83834.3 122915 118334 73404.8 111820 96212 91082.4 82083.3 98257.2 143178 123755 155993 127779 169225 120822 126646 120168
#pred surv len freq
 2.55822e-27 2.57487e-27 2.11646e-26 3.9249e-20 9.62143e-15 2.851e-10 1.02118e-06 0.000442132 0.0231396 0.146388 0.112474 0.0436886 0.253513 0.234098 0.0505487 0.0567494 0.0232914 0.0165147 0.00988289 0.00739387 0.00578005 0.00502408 0.00509976 0.00456995 0.00140119
 2.56109e-27 2.58317e-27 2.89291e-26 5.56303e-20 1.36371e-14 4.04092e-10 1.44739e-06 0.000626664 0.0327973 0.207485 0.159036 0.0379874 0.177416 0.164972 0.058339 0.0918542 0.0329265 0.0164324 0.00742206 0.00419425 0.00265138 0.00196472 0.00176782 0.00159054 0.000535445
 2.56367e-27 2.58973e-27 3.42615e-26 6.68777e-20 1.63943e-14 4.85791e-10 1.74002e-06 0.000753363 0.0394283 0.249435 0.191111 0.0407429 0.175848 0.162466 0.0386586 0.0477867 0.0224417 0.0188232 0.00697245 0.00268686 0.0011596 0.000650142 0.000482315 0.000409074 0.000142927
 2.56161e-27 2.58401e-27 2.90591e-26 5.59022e-20 1.37037e-14 4.06066e-10 1.45446e-06 0.000629726 0.0329576 0.208499 0.159896 0.0433839 0.217879 0.20118 0.0443232 0.0506802 0.0190208 0.0110455 0.00599755 0.00301428 0.000874713 0.000302971 0.000158294 0.000115608 4.0095e-05
 2.56155e-27 2.58399e-27 2.91925e-26 5.61843e-20 1.37729e-14 4.08116e-10 1.4618e-06 0.000632904 0.0331239 0.209552 0.160677 0.042004 0.206829 0.191339 0.0490472 0.0639363 0.0231039 0.0117365 0.00460906 0.00214611 0.000913086 0.000234428 6.68222e-05 3.50897e-05 1.14388e-05
 2.56237e-27 2.58616e-27 3.10482e-26 6.00988e-20 1.47325e-14 4.3655e-10 1.56365e-06 0.000677001 0.0354318 0.224152 0.171827 0.0420707 0.199503 0.184392 0.0444147 0.0551911 0.0215507 0.0132367 0.0048942 0.00179707 0.000607767 0.000198753 4.02791e-05 1.10144e-05 3.01823e-06
 2.56246e-27 2.58619e-27 3.08819e-26 5.97472e-20 1.46463e-14 4.33996e-10 1.5545e-06 0.000673039 0.0352244 0.22284 0.170851 0.0436607 0.212289 0.195894 0.0411026 0.0446436 0.0168457 0.00968729 0.0040317 0.00164874 0.000457615 0.000119322 2.5991e-05 4.02712e-06 7.12923e-07
 2.5626e-27 2.58656e-27 3.12048e-26 6.04283e-20 1.48133e-14 4.38944e-10 1.57222e-06 0.000680712 0.035626 0.22538 0.172788 0.0435357 0.209977 0.193825 0.0419428 0.0470155 0.0165596 0.00783456 0.00306746 0.00125697 0.000399554 9.07952e-05 1.61386e-05 2.09747e-06 2.02816e-07
 2.56355e-27 2.58909e-27 3.33849e-26 6.50272e-20 1.59406e-14 4.72349e-10 1.69188e-06 0.000732518 0.0383373 0.242533 0.185882 0.0432981 0.198969 0.183581 0.038577 0.0419157 0.0149805 0.00736109 0.00257981 0.000896453 0.000274882 6.83213e-05 1.08127e-05 1.13633e-06 7.33445e-08
 2.56511e-27 2.59319e-27 3.68708e-26 7.23804e-20 1.77432e-14 5.25763e-10 1.88319e-06 0.000815351 0.0426725 0.269958 0.206825 0.0434163 0.185154 0.170598 0.0320525 0.0302512 0.0106379 0.00501226 0.00179148 0.000612491 0.000157522 3.63512e-05 6.00605e-06 5.51481e-07 2.69446e-08
 2.56366e-27 2.58914e-27 3.31811e-26 6.45964e-20 1.5835e-14 4.6922e-10 1.68067e-06 0.000727665 0.0380833 0.240926 0.184689 0.045404 0.215833 0.198735 0.0338895 0.0273148 0.00908978 0.00354989 0.00122056 0.000407441 0.000104557 2.09465e-05 3.14945e-06 2.87358e-07 1.18433e-08
 2.56425e-27 2.59077e-27 3.46584e-26 6.77131e-20 1.6599e-14 4.91859e-10 1.76176e-06 0.000762774 0.0399208 0.25255 0.193552 0.0446009 0.203495 0.187454 0.0338068 0.029945 0.00955864 0.00306044 0.000942273 0.000269201 6.61036e-05 1.29651e-05 1.71964e-06 1.43105e-07 5.58896e-09
 2.56559e-27 2.59433e-27 3.77306e-26 7.41938e-20 1.81877e-14 5.38934e-10 1.93037e-06 0.000835777 0.0437416 0.276722 0.212004 0.0443514 0.188632 0.17358 0.0284812 0.021292 0.00694602 0.00248557 0.000716424 0.000168585 3.48285e-05 6.22588e-06 7.88607e-07 5.81747e-08 2.08172e-09
 2.56378e-27 2.58938e-27 3.33091e-26 6.4866e-20 1.59011e-14 4.71179e-10 1.68768e-06 0.000730702 0.0382423 0.241932 0.185466 0.0460319 0.220065 0.202515 0.0323097 0.0227216 0.00710584 0.00208031 0.000612054 0.000153545 2.71991e-05 3.94704e-06 4.39544e-07 3.01307e-08 9.61467e-10
 2.56226e-27 2.58535e-27 2.98338e-26 5.75349e-20 1.4104e-14 4.17926e-10 1.49694e-06 0.000648119 0.0339202 0.214589 0.164592 0.0462665 0.236517 0.21789 0.0385343 0.0330485 0.0102497 0.00279047 0.000755534 0.000162911 3.00801e-05 4.01483e-06 3.56193e-07 2.10238e-08 6.10713e-10
 2.56292e-27 2.5872e-27 3.15382e-26 6.11309e-20 1.49855e-14 4.44047e-10 1.5905e-06 0.000688627 0.0360403 0.228001 0.174816 0.0451974 0.221198 0.203862 0.0380102 0.0354191 0.0114956 0.00394517 0.00107378 0.000212735 3.41055e-05 4.34354e-06 3.60401e-07 1.70513e-08 4.22322e-10
 2.56365e-27 2.58909e-27 3.31139e-26 6.44545e-20 1.58002e-14 4.68189e-10 1.67697e-06 0.000726066 0.0379997 0.240397 0.184287 0.0455742 0.217411 0.200163 0.0336539 0.0264139 0.0087548 0.00334262 0.000996162 0.000237492 3.68219e-05 4.11029e-06 3.10606e-07 1.34377e-08 2.70338e-10
 2.56399e-27 2.58993e-27 3.37735e-26 6.58458e-20 1.61413e-14 4.78295e-10 1.71317e-06 0.000741739 0.0388199 0.245586 0.188257 0.0460425 0.218185 0.200742 0.0313009 0.0208701 0.00658809 0.00204351 0.000621827 0.000165797 3.02121e-05 3.59167e-06 2.41467e-07 9.32865e-09 1.67191e-10
 2.56447e-27 2.59125e-27 3.49675e-26 6.83646e-20 1.67588e-14 4.96592e-10 1.77871e-06 0.000770114 0.040305 0.254981 0.195421 0.0454757 0.208838 0.192176 0.0308804 0.0220547 0.00675405 0.00173429 0.000474805 0.000108418 2.12368e-05 2.93773e-06 2.18233e-07 7.71623e-09 1.22404e-10
 2.56406e-27 2.59006e-27 3.38358e-26 6.59768e-20 1.61734e-14 4.79248e-10 1.71658e-06 0.000743215 0.0388972 0.246075 0.188637 0.0464604 0.221098 0.203336 0.0300586 0.0173729 0.00536274 0.00148328 0.000386661 7.33048e-05 1.21897e-05 1.6603e-06 1.42345e-07 5.56897e-09 8.28455e-11
 2.56543e-27 2.59383e-27 3.72157e-26 7.31072e-20 1.79213e-14 5.31041e-10 1.9021e-06 0.000823537 0.043101 0.272669 0.208922 0.0451041 0.196525 0.180749 0.0276814 0.0176263 0.00527041 0.00115951 0.000298575 5.91485e-05 8.64855e-06 9.68146e-07 7.82487e-08 3.44864e-09 5.62575e-11
 2.5653e-27 2.59341e-27 3.67984e-26 7.22267e-20 1.77055e-14 5.24646e-10 1.87919e-06 0.000813618 0.0425819 0.269385 0.206423 0.0456425 0.202378 0.18605 0.0267925 0.0142682 0.00430923 0.00104822 0.000257404 4.21899e-05 6.18699e-06 6.49579e-07 4.29798e-08 1.75659e-09 3.14337e-11
 2.56539e-27 2.59363e-27 3.69594e-26 7.25662e-20 1.77887e-14 5.27112e-10 1.88803e-06 0.000817444 0.0427821 0.270651 0.207394 0.0458677 0.20341 0.186941 0.0258492 0.011886 0.00348844 0.000704519 0.000172046 3.01685e-05 3.92285e-06 3.72668e-07 2.33348e-08 7.96777e-10 1.31711e-11
 2.56612e-27 2.59564e-27 3.87594e-26 7.63637e-20 1.87196e-14 5.54697e-10 1.98683e-06 0.000860222 0.0450209 0.284815 0.218196 0.0450992 0.189971 0.174597 0.0246991 0.0123672 0.00358176 0.000624756 0.000141173 2.12067e-05 2.80827e-06 2.57303e-07 1.41758e-08 4.45678e-10 6.29577e-12
 2.56603e-27 2.59534e-27 3.84283e-26 7.56648e-20 1.85483e-14 5.4962e-10 1.96865e-06 0.000852349 0.0446089 0.282208 0.216216 0.0457632 0.196416 0.180406 0.0232414 0.00758332 0.00218317 0.000413345 9.21908e-05 1.2006e-05 1.39015e-06 1.17902e-07 6.36821e-09 1.78482e-10 2.2659e-12
 2.56495e-27 2.59245e-27 3.59143e-26 7.03616e-20 1.72483e-14 5.11098e-10 1.83067e-06 0.000792609 0.0414823 0.262429 0.201119 0.046122 0.209754 0.192817 0.0273005 0.0137054 0.003866 0.000494029 0.000100859 1.39822e-05 1.51683e-06 1.09591e-07 5.27635e-09 1.41691e-10 1.62789e-12
 2.56493e-27 2.59235e-27 3.57898e-26 7.00988e-20 1.71839e-14 5.09189e-10 1.82383e-06 0.000789649 0.0413274 0.261449 0.200376 0.0464853 0.21304 0.195765 0.0262861 0.0106595 0.00309537 0.000586574 0.000124099 1.2147e-05 1.23295e-06 8.88916e-08 3.70436e-09 8.67884e-11 9.32661e-13
 2.56506e-27 2.59274e-27 3.61768e-26 7.09154e-20 1.73841e-14 5.15121e-10 1.84508e-06 0.000798847 0.0418088 0.264494 0.202695 0.0460601 0.208175 0.191353 0.0269123 0.013193 0.00377647 0.000585038 0.000126643 1.7345e-05 1.62915e-06 9.10008e-08 3.67462e-09 7.68463e-11 7.15198e-13
#obs surv len freq
 1.08769e-41 1.50965e-33 2.53274e-26 5.13635e-20 1.25912e-14 3.73099e-10 1.33638e-06 0.000578607 0.030282 0.191573 0.146993 0.0402118 0.173371 0.146664 0.103534 0.101357 0.0438388 0.0171791 0.00389675 0.000493355 2.55082e-05 3.89334e-07 1.32123e-09 8.13578e-13 7.96781e-17
 1.60341e-41 2.22542e-33 3.7336e-26 7.57167e-20 1.85611e-14 5.49998e-10 1.97e-06 0.000852944 0.0446397 0.282404 0.216366 0.0406827 0.126715 0.102271 0.0760156 0.0687226 0.0287802 0.0102499 0.00206552 0.000223184 9.42653e-06 1.11689e-07 2.82241e-10 1.26107e-13 8.83269e-18
 1.53489e-41 2.13032e-33 3.57406e-26 7.24812e-20 1.77679e-14 5.26496e-10 1.88582e-06 0.000816496 0.0427322 0.270337 0.207382 0.0500336 0.176956 0.128983 0.0565372 0.0426226 0.0170564 0.00547997 0.000971196 8.75814e-05 2.95392e-06 2.68956e-08 5.0575e-11 1.64267e-14 8.24205e-19
 1.0772e-41 1.49508e-33 2.50831e-26 5.0868e-20 1.24697e-14 3.695e-10 1.32349e-06 0.000573025 0.0299898 0.189727 0.146058 0.0564139 0.229782 0.162823 0.098162 0.0659754 0.0159806 0.00387556 0.000593634 4.41269e-05 1.16535e-06 8.01344e-09 1.11234e-11 2.62414e-15 9.45119e-20
 1.50182e-41 2.08443e-33 3.49707e-26 7.09198e-20 1.73852e-14 5.15154e-10 1.8452e-06 0.000798907 0.0418116 0.264514 0.202968 0.0472046 0.14219 0.104162 0.104043 0.0692164 0.0191581 0.00357968 0.000333107 1.86822e-05 3.80379e-07 1.9469e-09 1.96957e-12 3.34973e-16 8.63889e-21
 1.19823e-41 1.66307e-33 2.79014e-26 5.65835e-20 1.38708e-14 4.11016e-10 1.47219e-06 0.000637409 0.0333594 0.211045 0.162695 0.0648809 0.230869 0.143895 0.0788053 0.0502114 0.0194479 0.00383672 0.000305133 1.04865e-05 1.41948e-07 5.25476e-10 3.8324e-13 4.6546e-17 8.53301e-22
 1.37464e-41 1.90791e-33 3.20091e-26 6.49138e-20 1.59128e-14 4.71527e-10 1.68893e-06 0.000731249 0.0382707 0.242115 0.186298 0.0578451 0.17484 0.11656 0.110131 0.0572946 0.0130921 0.00257999 0.000233748 6.77525e-06 5.80815e-08 1.34158e-10 6.66382e-14 5.69019e-18 7.35759e-23
 1.19017e-41 1.65188e-33 2.77138e-26 5.6203e-20 1.37775e-14 4.08252e-10 1.46229e-06 0.000633123 0.0331351 0.209628 0.162058 0.0721588 0.22707 0.133422 0.0943776 0.0500556 0.0151586 0.00215275 0.000144474 4.1211e-06 2.9776e-08 4.58308e-11 1.40456e-14 7.736e-19 6.78237e-24
 1.51436e-41 2.10183e-33 3.52626e-26 7.15119e-20 1.75303e-14 5.19455e-10 1.8606e-06 0.000805576 0.0421607 0.266726 0.205477 0.0643403 0.166659 0.103919 0.0964336 0.0423297 0.00965732 0.00140462 8.3221e-05 1.68789e-06 1.01421e-08 1.28614e-11 2.82275e-15 1.00447e-19 5.56978e-25
 1.51805e-41 2.10696e-33 3.53486e-26 7.16862e-20 1.7573e-14 5.20721e-10 1.86514e-06 0.00080754 0.0422634 0.26738 0.206597 0.077901 0.198275 0.103669 0.0663699 0.0286889 0.00719101 0.000814985 3.99419e-05 6.87513e-07 3.00453e-09 2.84129e-12 4.87816e-16 1.30956e-20 5.10227e-26
 1.09382e-41 1.51814e-33 2.547e-26 5.16527e-20 1.26621e-14 3.752e-10 1.3439e-06 0.000581864 0.0304525 0.192666 0.150613 0.0969756 0.257619 0.13627 0.0961133 0.0323765 0.00570392 0.000602284 2.51575e-05 3.31302e-07 1.13272e-09 7.88976e-13 9.65117e-17 1.8939e-21 5.50656e-27
 1.66455e-41 2.31029e-33 3.87599e-26 7.86043e-20 1.92689e-14 5.70974e-10 2.04514e-06 0.000885473 0.0463421 0.293184 0.22637 0.0712404 0.144724 0.0940636 0.0896026 0.028613 0.00461853 0.00034269 1.06802e-05 1.13515e-07 2.9105e-10 1.49721e-13 1.34134e-17 1.87815e-22 3.85289e-28
 1.33824e-41 1.85739e-33 3.11616e-26 6.3195e-20 1.54915e-14 4.59042e-10 1.64421e-06 0.000711888 0.0372574 0.235726 0.18467 0.110441 0.242604 0.106579 0.0574177 0.0203381 0.00398069 0.000266046 6.15622e-06 4.50171e-08 8.49333e-11 3.22401e-14 2.08395e-18 2.09557e-23 3.07846e-29
 1.11679e-41 1.55003e-33 2.6005e-26 5.27376e-20 1.2928e-14 3.8308e-10 1.37213e-06 0.000594085 0.0310921 0.196729 0.155503 0.112185 0.235905 0.137719 0.103373 0.0237862 0.00290627 0.000201376 4.51399e-06 2.52227e-08 3.23641e-11 8.43996e-15 3.87903e-19 2.7909e-24 2.91579e-30
 8.75558e-42 1.21522e-33 2.03878e-26 4.1346e-20 1.01355e-14 3.00333e-10 1.07574e-06 0.00046576 0.0243761 0.154253 0.124312 0.123245 0.248881 0.160074 0.124889 0.0346474 0.00464836 0.000204026 3.45717e-06 1.74195e-08 1.791e-11 3.29616e-15 1.02159e-19 5.00391e-25 3.63628e-31
 1.41546e-41 1.96457e-33 3.29598e-26 6.68417e-20 1.63855e-14 4.85531e-10 1.73909e-06 0.000752967 0.0394073 0.249338 0.195457 0.0946715 0.159938 0.126266 0.10134 0.0285783 0.00405616 0.000189669 2.52772e-06 8.6344e-09 6.88259e-12 1.01488e-15 2.3611e-20 8.13549e-26 4.02705e-32
 9.72523e-42 1.3498e-33 2.26457e-26 4.59249e-20 1.1258e-14 3.33594e-10 1.19488e-06 0.000517341 0.0270757 0.171374 0.141323 0.162102 0.272841 0.12652 0.0725233 0.0223544 0.00321571 0.000149549 1.95409e-06 5.64063e-09 3.17651e-12 3.26178e-16 5.6218e-21 1.46932e-26 5.40928e-33
 1.43486e-41 1.99149e-33 3.34114e-26 6.77576e-20 1.661e-14 4.92184e-10 1.76292e-06 0.000763285 0.0399474 0.25278 0.200072 0.107789 0.161198 0.13615 0.0842228 0.0153293 0.00166864 7.58251e-05 9.32227e-07 2.4462e-09 1.17052e-12 9.16584e-17 1.10949e-21 2.00566e-27 5.23712e-34
 1.0012e-41 1.3896e-33 2.33134e-26 4.72791e-20 1.15899e-14 3.4343e-10 1.23011e-06 0.000532596 0.0278741 0.176484 0.14918 0.183253 0.260841 0.121471 0.0627425 0.0160746 0.00150107 4.39871e-05 4.38362e-07 1.00879e-09 4.13481e-13 2.6873e-17 2.58387e-22 3.51335e-28 6.573e-35
 1.28383e-41 1.78187e-33 2.98946e-26 6.06257e-20 1.48617e-14 4.40379e-10 1.57736e-06 0.000682944 0.0357427 0.226238 0.183657 0.13239 0.181571 0.152832 0.074429 0.0114566 0.000971141 2.79429e-05 1.97543e-07 3.21486e-10 1.03712e-13 5.4639e-18 4.21962e-23 4.5337e-29 6.57201e-36
 1.41292e-41 1.96104e-33 3.29006e-26 6.67217e-20 1.6356e-14 4.84659e-10 1.73597e-06 0.000751616 0.0393368 0.249034 0.204788 0.159066 0.187133 0.101612 0.0478607 0.0097473 0.00065437 1.33747e-05 8.03814e-08 1.00841e-10 2.25576e-14 8.43619e-19 4.87286e-24 4.01849e-30 4.48947e-37
 1.12851e-41 1.5663e-33 2.62779e-26 5.3291e-20 1.30637e-14 3.871e-10 1.38653e-06 0.000600319 0.0314188 0.199046 0.172659 0.196622 0.225297 0.12276 0.0447022 0.00645672 0.000427835 8.15704e-06 3.57293e-08 3.33038e-11 5.71641e-15 1.55771e-19 6.26986e-25 3.60392e-31 2.87451e-38
 1.37493e-41 1.90832e-33 3.2016e-26 6.49277e-20 1.59163e-14 4.71628e-10 1.6893e-06 0.000731407 0.0382794 0.242435 0.203012 0.160282 0.179104 0.126539 0.0440238 0.00533573 0.000251795 3.78886e-06 1.4375e-08 1.04129e-11 1.28188e-15 2.52749e-20 7.47071e-26 3.11336e-32 1.7581e-39
 1.35419e-41 1.87952e-33 3.15328e-26 6.3948e-20 1.56761e-14 4.64511e-10 1.6638e-06 0.000720369 0.0377021 0.238924 0.206922 0.193954 0.188156 0.0970481 0.0322111 0.0041892 0.000169381 1.84685e-06 5.02565e-09 2.82031e-12 2.71608e-16 3.98456e-21 8.41885e-27 2.48881e-33 1.00513e-40
 1.18642e-41 1.64667e-33 2.76262e-26 5.60255e-20 1.3734e-14 4.06963e-10 1.45768e-06 0.000631124 0.0330318 0.209532 0.190226 0.21405 0.206873 0.11299 0.0296453 0.00291162 0.000107169 1.02982e-06 2.10571e-09 8.25005e-13 5.65302e-17 6.13243e-22 9.70468e-28 2.11995e-34 6.1878e-42
 1.06403e-41 1.47681e-33 2.47765e-26 5.02462e-20 1.23173e-14 3.64983e-10 1.30731e-06 0.000566021 0.0296251 0.188131 0.178133 0.220859 0.217294 0.129966 0.0325349 0.00281269 7.71528e-05 5.7636e-07 9.70331e-10 2.95891e-13 1.45985e-17 1.10103e-22 1.21675e-28 1.89315e-35 4.00377e-43
 1.04834e-41 1.45503e-33 2.44112e-26 4.95054e-20 1.21357e-14 3.59602e-10 1.28804e-06 0.000557676 0.029189 0.185529 0.17955 0.221382 0.216853 0.132095 0.0321108 0.00266875 6.27815e-05 3.576e-07 4.38558e-10 1.00779e-13 3.81077e-18 2.15113e-23 1.71499e-29 1.87414e-36 2.75436e-44
 1.27261e-41 1.7663e-33 2.96334e-26 6.00959e-20 1.47318e-14 4.3653e-10 1.56358e-06 0.000676977 0.0354324 0.224923 0.205204 0.200018 0.192123 0.112504 0.0268683 0.00219943 5.00805e-05 2.61981e-07 2.71575e-10 4.98135e-14 1.49071e-18 6.79133e-24 4.44576e-30 3.99826e-37 4.78773e-45
#pred catch len freq
 2.55658e-27 2.5704e-27 1.72054e-26 3.08967e-20 7.57396e-15 2.2443e-10 8.0387e-07 0.000348045 0.0182154 0.115237 0.0887068 0.0449467 0.279785 0.258303 0.0541178 0.0588075 0.0240955 0.0170435 0.0101968 0.0076281 0.0059631 0.00518319 0.00526126 0.00471467 0.00144557
 2.55896e-27 2.57745e-27 2.39368e-26 4.5099e-20 1.10555e-14 3.27593e-10 1.17338e-06 0.00050803 0.0265885 0.168207 0.129058 0.0389205 0.205579 0.191061 0.0647487 0.0999318 0.0357832 0.0178094 0.00804159 0.00454388 0.00287236 0.00212847 0.00191516 0.0017231 0.000580071
 2.56129e-27 2.58331e-27 2.86261e-26 5.49895e-20 1.348e-14 3.99437e-10 1.43072e-06 0.000619445 0.0324195 0.205095 0.157276 0.0421125 0.210043 0.194045 0.0446678 0.053602 0.0251244 0.0210287 0.00778804 0.00300077 0.00129505 0.000726087 0.000538655 0.000456858 0.000159622
 2.55962e-27 2.57859e-27 2.42632e-26 4.57848e-20 1.12236e-14 3.32575e-10 1.19123e-06 0.000515756 0.0269928 0.170765 0.131105 0.044816 0.249005 0.229887 0.0491113 0.0543889 0.0203835 0.0118058 0.00640857 0.00322059 0.000934569 0.000323702 0.000169125 0.000123519 4.28386e-05
 2.55968e-27 2.57892e-27 2.47177e-26 4.67444e-20 1.14588e-14 3.39545e-10 1.21619e-06 0.000526566 0.0275585 0.174344 0.133813 0.0432536 0.235213 0.21754 0.0538335 0.0682711 0.02464 0.0124831 0.00490085 0.00228171 0.000970764 0.000249236 7.1043e-05 3.73062e-05 1.21613e-05
 2.56084e-27 2.582e-27 2.73619e-26 5.23221e-20 1.28261e-14 3.80061e-10 1.36131e-06 0.000589397 0.0308469 0.195147 0.149697 0.0431779 0.223477 0.206503 0.0481023 0.0580493 0.0226334 0.0138666 0.00512592 0.00188192 0.000636452 0.000208133 4.21801e-05 1.15342e-05 3.16068e-06
 2.56092e-27 2.58202e-27 2.71747e-26 5.19266e-20 1.27292e-14 3.77188e-10 1.35102e-06 0.000584942 0.0306137 0.193672 0.148597 0.0448707 0.237132 0.218787 0.0445834 0.046828 0.0176437 0.0101198 0.0042106 0.00172172 0.000477862 0.000124601 2.71409e-05 4.20528e-06 7.44463e-07
 2.56114e-27 2.5826e-27 2.76888e-26 5.3011e-20 1.2995e-14 3.85066e-10 1.37924e-06 0.000597158 0.0312531 0.197716 0.151683 0.0446928 0.233611 0.215605 0.0452662 0.0491174 0.017278 0.00815197 0.00319076 0.00130735 0.000415561 9.44323e-05 1.67851e-05 2.18149e-06 2.1094e-07
 2.56234e-27 2.5858e-27 3.04623e-26 5.88617e-20 1.44292e-14 4.27564e-10 1.53146e-06 0.000663065 0.0347024 0.219538 0.168339 0.0443045 0.218953 0.201988 0.0412201 0.0433135 0.0154594 0.00757577 0.00265431 0.000922222 0.000282779 7.02837e-05 1.11232e-05 1.16897e-06 7.54511e-08
 2.56405e-27 2.59029e-27 3.42927e-26 6.69416e-20 1.64099e-14 4.86256e-10 1.74169e-06 0.000754083 0.039466 0.249673 0.191351 0.0443454 0.203097 0.187117 0.0342752 0.0311638 0.0109433 0.00514199 0.00183731 0.000628081 0.000161529 3.72756e-05 6.15879e-06 5.65506e-07 2.76299e-08
 2.56283e-27 2.58686e-27 3.11349e-26 6.02797e-20 1.47768e-14 4.37864e-10 1.56836e-06 0.000679038 0.0355384 0.224826 0.172408 0.04622 0.230671 0.21238 0.0354416 0.0274191 0.00911155 0.00354824 0.00121957 0.000407059 0.000104457 2.09264e-05 3.14642e-06 2.87082e-07 1.18319e-08
 2.56373e-27 2.58934e-27 3.33678e-26 6.49903e-20 1.59316e-14 4.72081e-10 1.69092e-06 0.000732102 0.0383156 0.242395 0.185807 0.0451786 0.213332 0.196487 0.0346014 0.0294817 0.00939965 0.00300075 0.000923521 0.000263806 6.47776e-05 1.2705e-05 1.68514e-06 1.40233e-07 5.47683e-09
 2.56491e-27 2.59248e-27 3.60714e-26 7.06935e-20 1.73296e-14 5.13509e-10 1.8393e-06 0.000796347 0.0416779 0.263666 0.202047 0.045024 0.200746 0.184718 0.0297078 0.0212849 0.00693366 0.002474 0.000712837 0.000167717 3.46482e-05 6.19361e-06 7.8452e-07 5.78732e-08 2.07093e-09
 2.56307e-27 2.58743e-27 3.15559e-26 6.11675e-20 1.49945e-14 4.44313e-10 1.59145e-06 0.000689039 0.0360618 0.228137 0.174945 0.0467561 0.232969 0.214375 0.033564 0.0225959 0.00705671 0.00205986 0.000605772 0.000151947 2.69155e-05 3.90585e-06 4.34958e-07 2.98163e-08 9.51434e-10
 2.56169e-27 2.58375e-27 2.83962e-26 5.45021e-20 1.33605e-14 3.95897e-10 1.41804e-06 0.000613955 0.0321322 0.203278 0.155965 0.0469144 0.247509 0.227982 0.0393993 0.0324798 0.0100621 0.00273132 0.000739179 0.000159361 2.94237e-05 3.9272e-06 3.48418e-07 2.05649e-08 5.97382e-10
 2.56261e-27 2.58635e-27 3.07599e-26 5.94888e-20 1.4583e-14 4.32119e-10 1.54778e-06 0.000670129 0.0350721 0.221876 0.170146 0.0456498 0.227921 0.210016 0.0381872 0.0342711 0.0111099 0.00380175 0.00103438 0.000204897 3.2848e-05 4.18336e-06 3.4711e-07 1.64225e-08 4.06748e-10
 2.56363e-27 2.58901e-27 3.30185e-26 6.42533e-20 1.57509e-14 4.66728e-10 1.67174e-06 0.0007238 0.0378811 0.239647 0.183717 0.0457809 0.219384 0.201944 0.0332463 0.0250325 0.00828503 0.00315422 0.000939704 0.000224 3.47292e-05 3.87667e-06 2.92952e-07 1.2674e-08 2.54972e-10
 2.56375e-27 2.58926e-27 3.31634e-26 6.45586e-20 1.58258e-14 4.68946e-10 1.67968e-06 0.000727239 0.0380611 0.240785 0.184596 0.046384 0.223356 0.205476 0.0314732 0.0200699 0.00632605 0.00195648 0.000595097 0.000158648 2.89087e-05 3.43671e-06 2.31049e-07 8.92616e-09 1.59977e-10
 2.5646e-27 2.59159e-27 3.52552e-26 6.89716e-20 1.69075e-14 5.01001e-10 1.7945e-06 0.00077695 0.0406628 0.257244 0.197151 0.0455238 0.207989 0.191362 0.0301666 0.0206311 0.00630989 0.00161546 0.000442057 0.000100925 1.97685e-05 2.73462e-06 2.03144e-07 7.18272e-09 1.13941e-10
 2.56411e-27 2.59018e-27 3.39356e-26 6.61874e-20 1.6225e-14 4.80777e-10 1.72206e-06 0.000745588 0.0390214 0.24686 0.189238 0.0465405 0.221286 0.203483 0.0296208 0.0163365 0.00503462 0.00138843 0.000361775 6.85761e-05 1.1403e-05 1.55314e-06 1.33158e-07 5.20954e-09 7.74985e-11
 2.56553e-27 2.59407e-27 3.74181e-26 7.35342e-20 1.8026e-14 5.34143e-10 1.91321e-06 0.000828347 0.0433527 0.274261 0.210139 0.0451487 0.19601 0.180249 0.0271389 0.016515 0.00493134 0.00108173 0.000278387 5.51409e-05 8.06233e-06 9.02517e-07 7.29443e-08 3.21486e-09 5.24438e-11
 2.56574e-27 2.59461e-27 3.78563e-26 7.44585e-20 1.82526e-14 5.40857e-10 1.93726e-06 0.00083876 0.0438977 0.277709 0.212775 0.0453636 0.195793 0.179963 0.0255518 0.0129703 0.00391062 0.000948457 0.000232789 3.81494e-05 5.59426e-06 5.87344e-07 3.88619e-08 1.5883e-09 2.84221e-11
 2.56566e-27 2.59437e-27 3.76047e-26 7.39275e-20 1.81224e-14 5.37e-10 1.92345e-06 0.000832778 0.0435846 0.275729 0.211268 0.0457119 0.199502 0.183325 0.0250426 0.0109568 0.00320973 0.000646337 0.000157741 2.76557e-05 3.596e-06 3.41615e-07 2.13903e-08 7.30384e-10 1.20736e-11
 2.56697e-27 2.59794e-27 4.08041e-26 8.0677e-20 1.9777e-14 5.86028e-10 2.09905e-06 0.00090881 0.0475638 0.300902 0.23047 0.044449 0.1764 0.162081 0.0226258 0.0107903 0.00311991 0.00054263 0.000122529 1.84031e-05 2.43691e-06 2.23276e-07 1.23011e-08 3.8674e-10 5.46319e-12
 2.56617e-27 2.5957e-27 3.87489e-26 7.63412e-20 1.87141e-14 5.54533e-10 1.98624e-06 0.000859967 0.0450076 0.284731 0.218141 0.0456919 0.194521 0.178652 0.0228201 0.00706439 0.00202844 0.000382932 8.53531e-05 1.11138e-05 1.28678e-06 1.09134e-07 5.89462e-09 1.65208e-10 2.09739e-12
 2.56571e-27 2.59449e-27 3.77279e-26 7.41875e-20 1.81862e-14 5.38889e-10 1.93021e-06 0.000835707 0.0437379 0.276698 0.212006 0.0455606 0.197832 0.181819 0.0254022 0.0121465 0.00342094 0.000435974 8.89207e-05 1.23251e-05 1.33701e-06 9.65983e-08 4.65081e-09 1.24893e-10 1.43489e-12
 2.56536e-27 2.59352e-27 3.68286e-26 7.22902e-20 1.77211e-14 5.25107e-10 1.88085e-06 0.000814334 0.0426193 0.269622 0.206612 0.0461729 0.206281 0.189528 0.025178 0.00970312 0.00281174 0.000531276 0.000112329 1.09933e-05 1.11578e-06 8.04431e-08 3.35229e-09 7.85397e-11 8.44018e-13
 2.56535e-27 2.59352e-27 3.68618e-26 7.23604e-20 1.77383e-14 5.25617e-10 1.88267e-06 0.000815125 0.0426607 0.269884 0.206808 0.0458987 0.204058 0.187543 0.0260355 0.0121532 0.00347309 0.000536518 0.000116048 1.58913e-05 1.49255e-06 8.33701e-08 3.36648e-09 7.04023e-11 6.55224e-13
#obs catch len freq
 5.02107e-42 6.96891e-34 1.16918e-26 2.37107e-20 5.8124e-15 1.72232e-10 6.16907e-07 0.0002671 0.0139789 0.0884359 0.0682518 0.0398119 0.218065 0.186161 0.143649 0.143406 0.0646828 0.0262453 0.00619145 0.00080843 4.33176e-05 6.89017e-07 2.43449e-09 1.55393e-12 1.56983e-16
 5.74132e-42 7.96857e-34 1.33689e-26 2.71119e-20 6.64617e-15 1.96938e-10 7.054e-07 0.000305414 0.0159841 0.101122 0.0780528 0.0437446 0.223509 0.181785 0.142834 0.130693 0.0563031 0.0207423 0.00440351 0.000498171 2.18311e-05 2.67766e-07 7.00611e-10 3.2344e-13 2.33247e-17
 1.08309e-41 1.50326e-33 2.52203e-26 5.11462e-20 1.25379e-14 3.71521e-10 1.33073e-06 0.000576158 0.0301539 0.190763 0.146548 0.0451756 0.18143 0.140667 0.113711 0.0954823 0.039607 0.0131739 0.00246599 0.000236091 8.37043e-06 7.90452e-08 1.53198e-10 5.11647e-14 2.63451e-18
 1.1138e-41 1.54589e-33 2.59354e-26 5.25966e-20 1.28934e-14 3.82056e-10 1.36846e-06 0.000592497 0.0310089 0.196174 0.151024 0.0584618 0.238197 0.164473 0.0768508 0.0543018 0.0214033 0.00638461 0.00104201 8.25099e-05 2.31613e-06 1.66901e-08 2.39534e-11 5.79875e-15 2.1356e-19
 7.84709e-42 1.08912e-33 1.82723e-26 3.70559e-20 9.08382e-15 2.6917e-10 9.64124e-07 0.000417432 0.0218467 0.138212 0.107028 0.0647521 0.273566 0.184478 0.116841 0.0715409 0.0168821 0.00385939 0.000540309 3.49281e-05 7.61281e-07 4.11824e-09 4.34504e-12 7.6198e-16 2.01127e-20
 1.25423e-41 1.74078e-33 2.92052e-26 5.92276e-20 1.4519e-14 4.30223e-10 1.54099e-06 0.000667195 0.0349183 0.220906 0.169905 0.0529229 0.172847 0.122481 0.12552 0.0758426 0.0202512 0.00342829 0.000294211 1.43793e-05 2.39774e-07 9.60083e-10 7.35674e-13 9.27984e-17 1.75136e-21
 1.0335e-41 1.43442e-33 2.40654e-26 4.88042e-20 1.19638e-14 3.54509e-10 1.26979e-06 0.000549776 0.0287731 0.182032 0.140918 0.0736411 0.260107 0.153618 0.086476 0.0513351 0.0189649 0.00333909 0.000236268 7.02099e-06 7.8359e-08 2.26314e-10 1.24645e-13 1.12068e-17 1.50157e-22
 1.27239e-41 1.766e-33 2.96283e-26 6.00856e-20 1.47293e-14 4.36455e-10 1.56331e-06 0.00067686 0.0354242 0.224109 0.172859 0.0642915 0.1923 0.123989 0.116962 0.0548789 0.01214 0.00219131 0.00017244 4.19129e-06 2.92843e-08 5.30193e-11 1.99043e-14 1.25669e-18 1.18645e-23
 1.1457e-41 1.59016e-33 2.66782e-26 5.41028e-20 1.32627e-14 3.92997e-10 1.40765e-06 0.000609464 0.0318969 0.201797 0.156487 0.0796852 0.238929 0.134256 0.0949296 0.0464544 0.0131837 0.00166739 9.9941e-05 2.36903e-06 1.36314e-08 1.62862e-11 3.7784e-15 1.54118e-19 9.86221e-25
 1.51385e-41 2.10112e-33 3.52507e-26 7.14877e-20 1.75244e-14 5.19279e-10 1.85997e-06 0.000805304 0.0421464 0.266638 0.205731 0.0695682 0.171171 0.103699 0.0937126 0.0373334 0.00808716 0.0010514 5.36918e-05 9.10095e-07 4.35591e-09 4.23843e-12 6.99784e-16 1.84508e-20 7.48131e-26
 1.54837e-41 2.14904e-33 3.60546e-26 7.31179e-20 1.7924e-14 5.31121e-10 1.90239e-06 0.000823669 0.0431075 0.272722 0.211068 0.0832071 0.197352 0.0986844 0.0620077 0.0247052 0.00572176 0.000573595 2.43952e-05 3.44634e-07 1.19256e-09 8.65767e-13 1.11354e-16 2.20775e-21 6.29409e-27
 1.15079e-41 1.59722e-33 2.67966e-26 5.4343e-20 1.33215e-14 3.94742e-10 1.4139e-06 0.00061217 0.0320385 0.202705 0.158851 0.103726 0.25348 0.12932 0.0877035 0.0267253 0.00441036 0.000412004 1.46353e-05 1.57886e-07 4.24616e-10 2.25701e-13 2.06529e-17 2.98736e-22 6.34021e-28
 1.72527e-41 2.39456e-33 4.01738e-26 8.14716e-20 1.99718e-14 5.91801e-10 2.11974e-06 0.000917772 0.0480325 0.303881 0.234888 0.0748331 0.140378 0.0901905 0.0800694 0.0231579 0.00342083 0.000222346 5.93935e-06 5.12129e-08 1.02686e-10 4.01986e-14 2.68593e-18 2.76798e-23 4.14079e-29
 1.40115e-41 1.9447e-33 3.26264e-26 6.61657e-20 1.62197e-14 4.80621e-10 1.72151e-06 0.000745352 0.0390088 0.246812 0.193838 0.116373 0.233952 0.0984339 0.0510271 0.016723 0.00291356 0.000167652 3.27032e-06 1.9418e-08 2.86061e-11 8.23064e-15 3.95942e-19 2.92595e-24 3.13116e-30
 1.18613e-41 1.64627e-33 2.76196e-26 5.60121e-20 1.37307e-14 4.06866e-10 1.45733e-06 0.000630972 0.0330226 0.208951 0.165681 0.118992 0.229258 0.131748 0.0907104 0.0187595 0.00211563 0.000126653 2.33617e-06 1.04418e-08 1.04271e-11 2.06132e-15 7.04124e-20 3.71777e-25 2.82705e-31
 9.44889e-42 1.31144e-33 2.20022e-26 4.462e-20 1.09381e-14 3.24115e-10 1.16093e-06 0.000502641 0.0263063 0.166477 0.134755 0.131574 0.243586 0.155103 0.11035 0.0279358 0.00328335 0.000123759 1.75678e-06 7.00949e-09 5.54179e-12 7.69842e-16 1.77264e-20 6.36968e-26 3.36566e-32
 1.50183e-41 2.08444e-33 3.49708e-26 7.09201e-20 1.73852e-14 5.15156e-10 1.84521e-06 0.000798911 0.0418118 0.264559 0.20779 0.0988431 0.153414 0.120375 0.0870189 0.0224862 0.00278973 0.000109985 1.19649e-06 3.25196e-09 1.99403e-12 2.20635e-16 3.80046e-21 9.60399e-27 3.45917e-33
 1.04883e-41 1.4557e-33 2.44224e-26 4.95281e-20 1.21412e-14 3.59767e-10 1.28863e-06 0.000557931 0.0292 0.184836 0.153204 0.170151 0.261131 0.118053 0.0628312 0.0177385 0.00220815 8.63049e-05 9.08992e-07 2.05189e-09 8.84157e-13 6.81532e-17 8.67787e-22 1.65881e-27 4.43979e-34
 1.52769e-41 2.12033e-33 3.5573e-26 7.21414e-20 1.76846e-14 5.24027e-10 1.87698e-06 0.000812668 0.0425319 0.269146 0.21348 0.111343 0.153487 0.127175 0.0693759 0.0114935 0.00111167 4.21927e-05 4.14671e-07 8.43623e-10 3.06e-13 1.78901e-17 1.59824e-22 2.11177e-28 4.00001e-35
 1.08427e-41 1.5049e-33 2.52478e-26 5.12021e-20 1.25516e-14 3.71927e-10 1.33218e-06 0.000576788 0.0301871 0.191154 0.162427 0.190253 0.247113 0.111988 0.0531297 0.0121796 0.000965745 2.38945e-05 1.91429e-07 3.39347e-10 1.0477e-13 5.05645e-18 3.57512e-23 3.5494e-29 4.82109e-36
 1.38175e-41 1.91779e-33 3.21748e-26 6.52499e-20 1.59952e-14 4.73968e-10 1.69768e-06 0.000735036 0.0384691 0.243515 0.198232 0.136211 0.173183 0.140567 0.060083 0.00837372 0.000615003 1.44849e-05 8.14563e-08 1.02559e-10 2.48725e-14 9.68849e-19 5.48102e-24 4.28726e-30 4.50402e-37
 1.50821e-41 2.0933e-33 3.51195e-26 7.12216e-20 1.74591e-14 5.17346e-10 1.85305e-06 0.000802306 0.0419899 0.265859 0.21926 0.161141 0.173597 0.0911737 0.0388213 0.00695356 0.000392897 6.65757e-06 3.16045e-08 3.03319e-11 5.09455e-15 1.40793e-19 5.94051e-25 3.55485e-31 2.87049e-38
 1.22181e-41 1.69579e-33 2.84504e-26 5.76969e-20 1.41437e-14 4.19104e-10 1.50116e-06 0.000649951 0.0340165 0.215548 0.187749 0.20039 0.211294 0.109962 0.035538 0.0045906 0.000256981 3.956e-06 1.36158e-08 9.70789e-12 1.24521e-15 2.50147e-20 7.35415e-26 3.0644e-32 1.76205e-39
 1.47595e-41 2.04852e-33 3.43681e-26 6.96979e-20 1.70856e-14 5.06278e-10 1.81341e-06 0.000785143 0.0410919 0.260288 0.218514 0.161712 0.167953 0.111701 0.034169 0.00363772 0.000144612 1.76827e-06 5.22009e-09 2.86868e-12 2.63484e-16 3.8232e-21 8.23659e-27 2.48712e-33 1.0134e-40
 1.45237e-41 2.0158e-33 3.38192e-26 6.85847e-20 1.68127e-14 4.98192e-10 1.78444e-06 0.000772603 0.0404361 0.256309 0.222587 0.194025 0.173437 0.0845669 0.0249676 0.00280306 9.38298e-05 8.2496e-07 1.74885e-09 7.42679e-13 5.31144e-17 5.72301e-22 8.81057e-28 1.88548e-34 5.48545e-42
 1.28392e-41 1.782e-33 2.98967e-26 6.06299e-20 1.48627e-14 4.40409e-10 1.57747e-06 0.000682993 0.0357468 0.226834 0.206532 0.215007 0.192812 0.0978469 0.0225494 0.00192785 5.86156e-05 4.47487e-07 7.07069e-10 2.09332e-13 1.06395e-17 8.45377e-23 9.72414e-29 1.53667e-35 3.23324e-43
 1.16069e-41 1.61096e-33 2.70272e-26 5.48105e-20 1.34362e-14 3.98138e-10 1.42607e-06 0.000617438 0.0323167 0.205322 0.194918 0.222852 0.204936 0.112531 0.024643 0.00182205 4.11086e-05 2.44149e-07 3.15562e-10 7.22967e-14 2.64156e-18 1.45893e-23 1.1705e-29 1.31439e-36 1.99874e-44
 1.14573e-41 1.5902e-33 2.6679e-26 5.41044e-20 1.32631e-14 3.93009e-10 1.40769e-06 0.000609483 0.0319003 0.202653 0.191421 0.216273 0.208875 0.119313 0.0269004 0.00201149 4.15055e-05 2.02387e-07 2.08036e-10 3.94545e-14 1.22005e-18 5.60154e-24 3.61622e-30 3.18702e-37 3.76419e-45
#spawning biomass
 12789.1 12044.3 15965.4 22275.8 26814.6 32368.2 36902.9 42860.8 52017.6 69097.6 87986.7 101823 124531 151111 151396 138556 128569 119102 123329 116731 120885 134474 136350 154031 154835 172493 151722 146809 147957 223281 243582 235057 212011 184978 159789 138848 122590 110521 101838 95728.4 91500.7 88609.7 86635.8 85285.7 84400.4 83819.7 83438.9 83189.2 83025.4 82918 82847.5 82801.3 82771 82751.2 82738.1 82729.6 82724 82720.3 82717.9 82716.3 82715.3 82714.6 82714.2 82713.9 82713.7 82713.6 82713.5 82713.4 82713.4 82713.4 82713.3 82713.3 82713.3 82713.3 82713.3 82713.3 82713.3 82713.3 82713.3 82713.3 82713.3 82713.3 82713.3 82713.3 82713.3 82713.3 82713.3 82713.3 82713.3 82713.3 82713.3 82713.3 82713.3 82713.3 82713.3 82713.3 82713.3 82713.3 82713.3 82713.3 82713.3 82713.3 82713.3 82713.3 82713.3 82713.3 82713.3 82713.3 82713.3 82713.3 82713.3 82713.3 82713.3 82713.3 82713.3 82713.3 82713.3 82713.3 82713.3 82713.3 82713.3 82713.3 82713.3 82713.3 82713.3 82713.3 82713.3 82713.3 0 0 0 0 0 0 0 0 0 0 0 0 0 0 0 0 0 0 0 0 0 0 0 0 0
