SBPRF35
0.103328
Curr Bio
252145
B35
271234
F35
5.20158
FOFL
4.5354
OFL
89848.6
Bzero
29049.9
#pred survey bio
 26964.1 25312.4 19133.4 17876.7 32623.9 50628 74905.3 105487 142445 179075 202202 222026 257079 293857 262836 230413 281278 287127 270150 319639 349097 386947 351505 330278 358204 327972 313904 320358 1.07281e+07 6.03014e+06 1.22522e+06 702475 503510 405811 355578 329576 316156 309266 305749 303963 303059 302604 302375 302260 302203 302175 302161 302154 302151 302149 302148 302148 302148 302147 302147 302147 302147 302147 302147 302147 302147 302147 302147 302147 302147 302147 302147 302147 302147 302147 302147 302147 302147 302147 302147 302147 302147 302147 302147 302147 302147 302147 302147 302147 302147 302147 302147 302147 302147 302147 302147 302147 302147 302147 302147 302147 302147 302147 302147 302147 302147 302147 302147 302147 302147 302147 302147 302147 302147 302147 302147 302147 302147 302147 302147 302147 302147 302147 302147 302147 302147 302147 302147 302147 302147 302147 302147 302147 0 0 0 0 0 0 0 0 0 0 0 0 0 0 0 0 0 0 0 0 0 0 0 0 0
#obs survey bio
 24938.7 20821.3 7813.91 17685.6 38688.6 48388.7 65757.7 94015.8 113561 195553 192761 214800 207667 231514 197010 150453 227779 288964 182058 295699 287255 289889 238954 200927 256026 260496 183543 200457
#pred catch bio
 15068.9 15253.2 12227.2 7380.34 15323.3 24318.5 44223.9 69616.9 102654 133561 154526 169853 197145 242223 223505 179271 224333 219012 199036 218943 214906 242375 236746 237864 273003 241904 242147 260507 89848.6 221156 7420.26 6282.05 6277.23 6277.21 6277.21 6277.21 6277.21 6277.21 6277.21 6277.21 6277.21 6277.21 6277.21 6277.21 6277.21 6277.21 6277.21 6277.21 6277.21 6277.21 6277.21 6277.21 6277.21 6277.21 6277.21 6277.21 6277.21 6277.21 6277.21 6277.21 6277.21 6277.21 6277.21 6277.21 6277.21 6277.21 6277.21 6277.21 6277.21 6277.21 6277.21 6277.21 6277.21 6277.21 6277.21 6277.21 6277.21 6277.21 6277.21 6277.21 6277.21 6277.21 6277.21 6277.21 6277.21 6277.21 6277.21 6277.21 6277.21 6277.21 6277.21 6277.21 6277.21 6277.21 6277.21 6277.21 6277.21 6277.21 6277.21 6277.21 6277.21 6277.21 6277.21 6277.21 6277.21 6277.21 6277.21 6277.21 6277.21 6277.21 6277.21 6277.21 6277.21 6277.21 6277.21 6277.21 6277.21 6277.21 6277.21 6277.21 6277.21 6277.21 6277.21 6277.21 6277.21 6277.21 6277.21 6277.21 0 0 0 0 0 0 0 0 0 0 0 0 0 0 0 0 0 0 0 0 0 0 0 0 0
#obs catch bio
 15401.5 15540.5 13869 7921.73 10847.8 19136.7 37393.7 54325 89417.6 119290 136152 143148 174252 217048 205081 164646 199171 191996 179566 197430 187954 206109 195088 216285 243789 216098 215615 233810
#pred cpue bio
 21124.1 20329.2 17040 9681.16 10706.2 20351.3 28015.3 44222.7 63385.4 81749.5 95041.1 94836.4 102980 130584 116949 89694.7 108066 103190 94605.3 99660.6 99742.8 113619 112473 96391.9 102766 84992 90396.4 90125.9 2.6729e+06 5.87931e+06 1.10723e+06 584263 385293 287594 237361 211359 197939 191050 187532 185746 184843 184388 184159 184043 183986 183958 183944 183937 183934 183932 183932 183931 183931 183931 183931 183931 183931 183931 183931 183931 183931 183931 183931 183931 183931 183931 183931 183931 183931 183931 183931 183931 183931 183931 183931 183931 183931 183931 183931 183931 183931 183931 183931 183931 183931 183931 183931 183931 183931 183931 183931 183931 183931 183931 183931 183931 183931 183931 183931 183931 183931 183931 183931 183931 183931 183931 183931 183931 183931 183931 183931 183931 183931 183931 183931 183931 183931 183931 183931 183931 183931 183931 183931 183931 183931 183931 183931 183931 0 0 0 0 0 0 0 0 0 0 0 0 0 0 0 0 0 0 0 0 0 0 0 0 0
#obs cpue bio
 31478.3 23773.6 16543.6 13394.7 28995.5 54484 63710.3 128159 130043 122788 176385 200243 185251 270770 225190 173965 230208 183052 186224 176272 201624 296108 352640 217369 240779 165989 234393 226603
#pred surv len freq
 1.18375e-11 1.28485e-09 8.22303e-08 3.10312e-06 6.90485e-05 0.000905962 0.00701003 0.0320079 0.0865212 0.140704 0.14826 0.129077 0.122659 0.110067 0.0787362 0.0500155 0.031748 0.0199435 0.0127149 0.00858489 0.00629859 0.0051039 0.00433441 0.00331112 0.00192507
 1.01558e-11 1.10232e-09 7.05483e-08 2.66228e-06 5.92394e-05 0.000777276 0.0060149 0.0274782 0.0744702 0.122663 0.136504 0.136951 0.148784 0.137164 0.0923553 0.051272 0.0282242 0.0157595 0.00874193 0.0049033 0.00290285 0.00192548 0.00142637 0.00102749 0.000592626
 6.25907e-12 6.79362e-10 4.34791e-08 1.64077e-06 3.65099e-05 0.000479072 0.00370836 0.0169667 0.0463337 0.0791432 0.101091 0.132496 0.173491 0.171512 0.121698 0.0722683 0.0405795 0.0208633 0.00993775 0.00468084 0.0022458 0.00114981 0.000670391 0.000419054 0.00022852
 1.79676e-11 1.95021e-09 1.24813e-07 4.71006e-06 0.000104804 0.00137507 0.0106384 0.0485415 0.130754 0.208933 0.202883 0.133282 0.0806205 0.0581381 0.0444396 0.0333718 0.022759 0.0130239 0.00640459 0.00281089 0.00113499 0.000450597 0.000192592 9.25954e-05 4.38456e-05
 2.05799e-11 2.23375e-09 1.4296e-07 5.39486e-06 0.000120042 0.00157499 0.0121849 0.0555953 0.149713 0.238889 0.230334 0.146559 0.0801814 0.0474478 0.024382 0.00881293 0.0025111 0.000889961 0.00044458 0.000217165 8.95345e-05 3.17193e-05 1.04032e-05 3.53001e-06 1.27148e-06
 1.92264e-11 2.08684e-09 1.33557e-07 5.04004e-06 0.000112147 0.00147141 0.0113839 0.0519465 0.139972 0.224037 0.219292 0.148476 0.0940329 0.0628266 0.0329636 0.0110004 0.00219954 0.000260271 1.82133e-05 7.64919e-07 2.40115e-08 2.33807e-09 6.45418e-10 1.72826e-10 4.41138e-11
 1.97178e-11 2.14017e-09 1.36971e-07 5.16885e-06 0.000115013 0.00150901 0.0116747 0.0532713 0.143511 0.229449 0.223397 0.148047 0.089424 0.0575686 0.0298468 0.0099375 0.00198862 0.000236414 1.6817e-05 7.39818e-07 2.21412e-08 5.33684e-10 1.13148e-11 2.33568e-13 1.4494e-14
 1.8913e-11 2.05283e-09 1.31381e-07 4.95789e-06 0.000110319 0.00144743 0.0111984 0.0511016 0.137716 0.220586 0.216674 0.148748 0.09697 0.0661783 0.0349518 0.0116802 0.00233574 0.00027622 1.92726e-05 7.93086e-07 1.92546e-08 2.76153e-10 2.35193e-12 1.21413e-14 4.13864e-17
 1.84293e-11 2.00033e-09 1.28021e-07 4.8311e-06 0.000107498 0.00141041 0.0109121 0.0497975 0.134233 0.215259 0.212633 0.149168 0.101503 0.0713513 0.0380212 0.0127305 0.00254674 0.000301193 2.10144e-05 8.64646e-07 2.09811e-08 3.0035e-10 2.54004e-12 1.27532e-14 3.86692e-17
 1.82064e-11 1.97613e-09 1.26472e-07 4.77267e-06 0.000106198 0.00139336 0.0107802 0.0491966 0.132628 0.212804 0.21077 0.149361 0.103591 0.073735 0.0394355 0.0132144 0.00264397 0.0003127 2.18171e-05 8.97629e-07 2.17775e-08 3.11544e-10 2.62846e-12 1.30854e-14 3.85053e-17
 1.79399e-11 1.9472e-09 1.2462e-07 4.70279e-06 0.000104643 0.00137296 0.0106224 0.0484779 0.130708 0.209868 0.208543 0.149592 0.106089 0.076586 0.0411271 0.0137933 0.00276026 0.000326465 2.27776e-05 9.37144e-07 2.27358e-08 3.25236e-10 2.74341e-12 1.36476e-14 4.00537e-17
 1.87664e-11 2.03691e-09 1.30362e-07 4.91945e-06 0.000109464 0.00143621 0.0111116 0.0507062 0.13666 0.218971 0.215449 0.148876 0.0983444 0.0677467 0.0358824 0.0119986 0.00239971 0.000283787 1.97995e-05 8.14611e-07 1.9763e-08 2.82705e-10 2.38454e-12 1.18602e-14 3.47859e-17
 1.92514e-11 2.08956e-09 1.33731e-07 5.0466e-06 0.000112293 0.00147332 0.0113987 0.052014 0.140153 0.224313 0.219502 0.148455 0.0937989 0.0625591 0.0328044 0.0109454 0.0021881 0.000258741 1.80517e-05 7.42699e-07 1.80183e-08 2.57747e-10 2.17401e-12 1.08126e-14 3.17087e-17
 1.84408e-11 2.00157e-09 1.281e-07 4.83411e-06 0.000107565 0.00141129 0.0109189 0.0498285 0.134315 0.215386 0.212729 0.149158 0.101395 0.0712283 0.0379482 0.0127055 0.00254172 0.000300597 2.09725e-05 8.62873e-07 2.09339e-08 2.99453e-10 2.52578e-12 1.25622e-14 3.68392e-17
 1.84299e-11 2.00039e-09 1.28025e-07 4.83125e-06 0.000107501 0.00141046 0.0109125 0.0497991 0.134237 0.215265 0.212638 0.149167 0.101497 0.0713451 0.0380175 0.0127292 0.00254649 0.000301161 2.10119e-05 8.64493e-07 2.09731e-08 3.00015e-10 2.53051e-12 1.25857e-14 3.69077e-17
 1.94519e-11 2.11132e-09 1.35124e-07 5.09916e-06 0.000113463 0.00148867 0.0115173 0.0525546 0.141597 0.226522 0.221177 0.148281 0.09192 0.0604148 0.0315321 0.01051 0.00210063 0.000248387 1.73293e-05 7.12974e-07 1.72972e-08 2.47431e-10 2.08699e-12 1.03798e-14 3.04388e-17
 1.9541e-11 2.12099e-09 1.35743e-07 5.12251e-06 0.000113982 0.00149548 0.0115701 0.0527946 0.142238 0.227502 0.221921 0.148204 0.0910855 0.0594624 0.0309671 0.0103167 0.00206178 0.000243789 1.70084e-05 6.99772e-07 1.69769e-08 2.4285e-10 2.04835e-12 1.01876e-14 2.98753e-17
 1.99662e-11 2.16714e-09 1.38697e-07 5.23399e-06 0.000116463 0.00152803 0.0118217 0.0539412 0.145301 0.232186 0.225474 0.147835 0.0871003 0.0549143 0.0282685 0.00939325 0.00187626 0.00022183 1.54761e-05 6.36726e-07 1.54473e-08 2.2097e-10 1.8638e-12 9.26973e-15 2.71836e-17
 2.01199e-11 2.18382e-09 1.39764e-07 5.27427e-06 0.000117359 0.00153978 0.0119127 0.0543555 0.146407 0.233879 0.226758 0.147702 0.0856603 0.0532709 0.0272934 0.00905959 0.00180922 0.000213895 1.49224e-05 6.13944e-07 1.48946e-08 2.13064e-10 1.79711e-12 8.93806e-15 2.62109e-17
 2.07403e-11 2.25116e-09 1.44074e-07 5.43691e-06 0.000120978 0.00158726 0.0122799 0.0560282 0.150875 0.240712 0.231942 0.147164 0.0798464 0.0466356 0.0233564 0.00771243 0.00153857 0.000181859 1.26869e-05 5.21965e-07 1.26631e-08 1.81143e-10 1.52787e-12 7.59897e-15 2.22841e-17
 2.11427e-11 2.29484e-09 1.46869e-07 5.54238e-06 0.000123325 0.00161805 0.012518 0.057113 0.153773 0.245144 0.235304 0.146815 0.076076 0.0423325 0.0208033 0.00683878 0.00136304 0.000161083 1.12371e-05 4.62315e-07 1.1216e-08 1.60442e-10 1.35326e-12 6.73055e-15 1.97374e-17
 2.10221e-11 2.28175e-09 1.46032e-07 5.51078e-06 0.000122621 0.00160883 0.0124467 0.056788 0.152904 0.243816 0.234297 0.14692 0.0772056 0.0436218 0.0215682 0.00710054 0.00141563 0.000167308 1.16715e-05 4.80187e-07 1.16496e-08 1.66644e-10 1.40558e-12 6.99076e-15 2.05006e-17
 2.0611e-11 2.23712e-09 1.43175e-07 5.40299e-06 0.000120223 0.00157736 0.0122033 0.0556794 0.149943 0.239287 0.230861 0.147276 0.0810588 0.0480193 0.0241774 0.00799335 0.00159501 0.00018854 1.3153e-05 5.41145e-07 1.31285e-08 1.87799e-10 1.58402e-12 7.87822e-15 2.3103e-17
 2.10493e-11 2.2847e-09 1.46221e-07 5.51791e-06 0.00012278 0.00161091 0.0124628 0.0568614 0.1531 0.244115 0.234524 0.146896 0.0769507 0.0433308 0.0213956 0.00704146 0.00140376 0.000165903 1.15734e-05 4.76153e-07 1.15517e-08 1.65244e-10 1.39377e-12 6.93202e-15 2.03282e-17
 2.11249e-11 2.2929e-09 1.46745e-07 5.53771e-06 0.000123221 0.00161669 0.0125075 0.057065 0.153644 0.244947 0.235155 0.146831 0.0762429 0.0425231 0.0209163 0.00687747 0.00137082 0.000162003 1.13013e-05 4.64956e-07 1.12801e-08 1.61358e-10 1.361e-12 6.76901e-15 1.98502e-17
 2.1538e-11 2.33774e-09 1.49615e-07 5.64601e-06 0.00012563 0.0016483 0.012752 0.0581788 0.156619 0.249497 0.238607 0.146472 0.0723715 0.0381047 0.0182948 0.00598041 0.00119059 0.00014067 9.81268e-06 4.03708e-07 9.79415e-09 1.40102e-10 1.18171e-12 5.87733e-15 1.72353e-17
 2.11084e-11 2.29112e-09 1.46631e-07 5.5334e-06 0.000123125 0.00161543 0.0124977 0.0570206 0.153526 0.244766 0.235018 0.146845 0.076397 0.042699 0.0210207 0.00691318 0.00137799 0.000162852 1.13606e-05 4.67394e-07 1.13392e-08 1.62204e-10 1.36813e-12 6.80451e-15 1.99543e-17
 2.1209e-11 2.30203e-09 1.4733e-07 5.55976e-06 0.000123711 0.00162312 0.0125573 0.0572917 0.15425 0.245874 0.235858 0.146758 0.0754549 0.0416237 0.0203827 0.00669487 0.00133413 0.000157661 1.09983e-05 4.52489e-07 1.09776e-08 1.57031e-10 1.3245e-12 6.5875e-15 1.93179e-17
#obs surv len freq
 4.47338e-11 4.14578e-09 2.26549e-07 7.29973e-06 0.000138689 0.00155375 0.010266 0.0400416 0.0926611 0.130584 0.126257 0.116176 0.122953 0.118223 0.0951935 0.0683521 0.0424752 0.0217526 0.00917736 0.00314825 0.000842897 0.000168595 2.42388e-05 2.41951e-06 1.62603e-07
 3.02459e-11 2.70355e-09 1.42492e-07 4.42826e-06 8.11472e-05 0.000876911 0.00559135 0.021097 0.0478296 0.0701608 0.0859747 0.118897 0.157114 0.161166 0.134506 0.0971205 0.0575479 0.0271076 0.0105002 0.00337661 0.000860493 0.000163614 2.21016e-05 2.04447e-06 1.2593e-07
 1.69122e-11 1.45552e-09 7.38626e-08 2.21015e-06 3.89966e-05 0.000405818 0.0024936 0.00910128 0.0203459 0.0319078 0.049315 0.0864 0.133857 0.170433 0.183087 0.15415 0.0944966 0.0428899 0.0153576 0.00447492 0.00103604 0.000181404 2.27981e-05 1.96576e-06 1.12385e-07
 2.66807e-10 2.20729e-08 1.07674e-06 3.09705e-05 0.000525259 0.00525274 0.0309733 0.107694 0.220836 0.267302 0.191926 0.084291 0.0278039 0.015007 0.0154291 0.0144815 0.0101686 0.00535691 0.0021284 0.000630268 0.000137699 2.19543e-05 2.49646e-06 1.95948e-07 1.02716e-08
 1.79022e-10 1.42151e-08 6.65553e-07 1.8374e-05 0.000299102 0.00287125 0.0162617 0.0544756 0.109369 0.140288 0.144536 0.162174 0.169823 0.122275 0.0548387 0.0161278 0.00420032 0.00153234 0.000640187 0.000211353 4.91979e-05 7.84714e-06 8.46378e-07 6.10228e-08 2.90111e-09
 4.21864e-10 3.21049e-08 1.44065e-06 3.81181e-05 0.000594695 0.00547084 0.0296796 0.0950058 0.179978 0.204921 0.151269 0.0950694 0.0735344 0.0641707 0.0508584 0.0316411 0.0134418 0.00361518 0.000620953 7.86488e-05 9.88699e-06 1.29708e-06 1.35456e-07 9.54313e-09 4.32145e-10
 5.67668e-10 4.13484e-08 1.77587e-06 4.49728e-05 0.000671554 0.00591321 0.0307101 0.0941898 0.171734 0.192443 0.15283 0.119774 0.101561 0.0702732 0.036243 0.015505 0.00583574 0.00178765 0.00040765 6.53887e-05 7.14197e-06 5.39663e-07 3.07695e-08 1.44739e-09 5.40242e-11
 7.79362e-10 5.42644e-08 2.22781e-06 5.39299e-05 0.000769792 0.00647941 0.0321701 0.0943695 0.16495 0.179194 0.143605 0.119533 0.106085 0.0774395 0.0445431 0.0209744 0.00755368 0.0018989 0.000330305 4.25423e-05 4.31811e-06 3.36173e-07 1.85408e-08 6.87253e-10 1.7022e-11
 1.04938e-09 6.97593e-08 2.73436e-06 6.31974e-05 0.000861268 0.00692166 0.032818 0.0920174 0.154441 0.16457 0.138265 0.126767 0.116383 0.0846024 0.0486927 0.0229503 0.00820289 0.00204421 0.000350629 4.27201e-05 3.79702e-06 2.46563e-07 1.1574e-08 3.86324e-10 8.9089e-12
 1.3938e-09 8.83633e-08 3.30317e-06 7.2808e-05 0.000946296 0.00725322 0.0328078 0.087873 0.141827 0.149665 0.134404 0.135035 0.126999 0.0926442 0.0539458 0.025335 0.00875131 0.00206401 0.000332055 3.79746e-05 3.18314e-06 1.93819e-07 8.31598e-09 2.44958e-10 4.8716e-12
 2.42427e-09 1.4642e-07 5.21446e-06 0.000109498 0.00135581 0.00990009 0.0426545 0.10875 0.166502 0.164122 0.132496 0.119205 0.105801 0.0759467 0.044238 0.0204301 0.00674841 0.00149004 0.000220579 2.28887e-05 1.73254e-06 9.58203e-08 3.76882e-09 1.02314e-10 1.87115e-12
 3.89132e-09 2.23687e-07 7.58177e-06 0.000151527 0.0017857 0.0124102 0.0508938 0.123548 0.180387 0.17065 0.134047 0.116638 0.0967124 0.0625056 0.0320515 0.0132246 0.00402259 0.000834504 0.000117085 1.14987e-05 8.14076e-07 4.14023e-08 1.47683e-09 3.61244e-11 5.95583e-13
 5.02494e-09 2.74663e-07 8.85234e-06 0.000168231 0.00188523 0.0124601 0.0486224 0.112635 0.159122 0.154105 0.138763 0.136533 0.113977 0.0703786 0.0338969 0.0130158 0.00364973 0.000686991 8.5378e-05 7.26001e-06 4.4363e-07 1.9862e-08 6.3845e-10 1.42387e-11 2.14076e-13
 7.27332e-09 3.77713e-07 1.15659e-05 0.000208828 0.00222338 0.0139625 0.051785 0.114188 0.154647 0.147416 0.136091 0.136003 0.114028 0.0728996 0.0371476 0.0146087 0.00398841 0.00070528 8.01054e-05 6.04407e-06 3.18392e-07 1.20843e-08 3.28913e-10 6.26701e-12 8.16671e-14
 1.08829e-08 5.3654e-07 1.55972e-05 0.000267352 0.00270236 0.0161124 0.0567597 0.119104 0.154859 0.146062 0.138163 0.137555 0.111161 0.0680064 0.0330856 0.0123575 0.0031931 0.000534527 5.75992e-05 4.12401e-06 2.04514e-07 7.16657e-09 1.75471e-10 2.93463e-12 3.29765e-14
 1.82549e-08 8.53814e-07 2.35469e-05 0.000382913 0.00367185 0.0207693 0.0694051 0.138096 0.169885 0.150374 0.132182 0.123553 0.0955308 0.0567964 0.0269024 0.00965055 0.00236348 0.000372398 3.76381e-05 2.5217e-06 1.16859e-07 3.82556e-09 8.74495e-11 1.36052e-12 1.41062e-14
 2.35713e-08 1.04528e-06 2.7332e-05 0.000421414 0.00383169 0.0205564 0.0652437 0.124139 0.150537 0.143962 0.146306 0.143303 0.106379 0.0587824 0.0256708 0.00854989 0.00196524 0.000293548 2.84168e-05 1.8403e-06 8.26054e-08 2.597e-09 5.62172e-11 8.18337e-13 7.88069e-15
 4.1188e-08 1.73087e-06 4.28893e-05 0.000626656 0.00539937 0.0274458 0.0824825 0.148119 0.167067 0.142568 0.127131 0.117459 0.0897112 0.0544988 0.0260874 0.0089855 0.0020449 0.000299223 2.86638e-05 1.86472e-06 8.44385e-08 2.64783e-09 5.61796e-11 7.89832e-13 7.26635e-15
 5.15939e-08 2.0538e-06 4.82068e-05 0.000667212 0.00544622 0.0262396 0.0749223 0.1293 0.147066 0.14269 0.149642 0.140926 0.0988488 0.0528102 0.0224314 0.00713915 0.00156571 0.000229868 2.29463e-05 1.58928e-06 7.61372e-08 2.46709e-09 5.28888e-11 7.40197e-13 6.7079e-15
 8.73942e-08 3.29432e-06 7.32217e-05 0.000959657 0.00741752 0.0338361 0.0914165 0.148825 0.157652 0.138581 0.132629 0.120797 0.0872911 0.0499403 0.022097 0.00687749 0.00140177 0.000184732 1.62313e-05 9.96209e-07 4.38596e-08 1.3682e-09 2.92267e-11 4.13763e-13 3.79006e-15
 1.3008e-07 4.64211e-06 9.76815e-05 0.00121204 0.00886983 0.0383191 0.0981817 0.152539 0.158027 0.142648 0.138962 0.120365 0.0789114 0.0401576 0.0160315 0.00464042 0.000904474 0.000116744 1.02014e-05 6.18675e-07 2.60953e-08 7.52458e-10 1.45665e-11 1.87183e-13 1.58229e-15
 1.92489e-07 6.50237e-06 0.000129518 0.00152125 0.0105387 0.043111 0.104721 0.155096 0.156303 0.142194 0.138696 0.117028 0.0746726 0.0370952 0.014238 0.00386887 0.000693137 8.07363e-05 6.28854e-06 3.41217e-07 1.31603e-08 3.55941e-10 6.55218e-12 7.98964e-14 6.3283e-16
 2.52595e-07 8.07645e-06 0.000152269 0.0016929 0.0111028 0.0430307 0.0993838 0.14219 0.146185 0.145996 0.150393 0.125479 0.0781109 0.0378742 0.014051 0.00365119 0.000624176 6.96445e-05 5.20816e-06 2.69055e-07 9.68229e-09 2.39168e-10 3.97434e-12 4.37771e-14 3.16091e-16
 4.06981e-07 1.23169e-05 0.000219797 0.00231298 0.0143584 0.0526716 0.11513 0.155764 0.150926 0.141524 0.138133 0.11153 0.068783 0.0331884 0.0119767 0.0029489 0.000469246 4.81281e-05 3.27975e-06 1.54215e-07 5.09013e-09 1.16509e-10 1.80294e-12 1.84432e-14 1.22687e-16
 5.27717e-07 1.51176e-05 0.000255367 0.00254389 0.0149531 0.0520054 0.108399 0.143336 0.145832 0.151792 0.152529 0.117799 0.067566 0.0301244 0.0101131 0.00234333 0.000355366 3.51985e-05 2.33849e-06 1.06904e-07 3.37223e-09 7.21613e-11 1.02708e-12 9.59452e-15 5.82824e-17
 8.12596e-07 2.20369e-05 0.000352391 0.00332319 0.0184924 0.0608894 0.120183 0.150566 0.145309 0.14414 0.140367 0.108712 0.0648749 0.0300577 0.0100896 0.00226079 0.000326915 3.08375e-05 1.95953e-06 8.6068e-08 2.61352e-09 5.37817e-11 7.33315e-13 6.51582e-15 3.72734e-17
 1.1163e-06 2.86617e-05 0.000433941 0.00387472 0.0204215 0.063774 0.120124 0.147147 0.147052 0.153335 0.146519 0.105868 0.0576573 0.0243652 0.00756463 0.00159238 0.000219354 1.99657e-05 1.23464e-06 5.27472e-08 1.54537e-09 3.04049e-11 3.94059e-13 3.31927e-15 1.79789e-17
 1.49779e-06 3.64147e-05 0.000522053 0.00441436 0.0220397 0.0653034 0.117514 0.1411 0.145505 0.157193 0.149289 0.106471 0.0577658 0.0240626 0.00716998 0.00141657 0.000180467 1.50396e-05 8.48351e-07 3.32547e-08 9.05557e-10 1.67714e-11 2.06159e-13 1.64996e-15 8.47319e-18
#pred catch len freq
 1.71116e-12 1.8573e-10 1.18867e-08 4.48576e-07 9.98226e-06 0.000131031 0.00101612 0.0046919 0.0134005 0.02758 0.0560713 0.116821 0.184444 0.19246 0.14209 0.0907341 0.0576275 0.0361996 0.0230774 0.015581 0.0114314 0.00926309 0.00786654 0.00600937 0.00349383
 1.38807e-12 1.50662e-10 9.64239e-09 3.63883e-07 8.0979e-06 0.000106318 0.000825345 0.00383126 0.0112172 0.0251816 0.0588971 0.132511 0.21216 0.216854 0.149133 0.0830921 0.0457558 0.0255466 0.0141697 0.00794735 0.00470493 0.0031208 0.00231184 0.00166535 0.000960521
 6.74931e-13 7.32574e-11 4.68851e-09 1.76939e-07 3.93818e-06 5.1742e-05 0.000403145 0.00190559 0.00604073 0.0169971 0.051378 0.128896 0.21278 0.221934 0.159134 0.0946614 0.0531616 0.0273306 0.0130173 0.00613103 0.00294151 0.00150599 0.000878061 0.000548866 0.00029931
 5.42812e-12 5.8917e-10 3.77068e-08 1.42294e-06 3.16628e-05 0.000415467 0.00321593 0.0147117 0.0401478 0.068358 0.086387 0.11175 0.147969 0.15613 0.130953 0.0996774 0.068045 0.0389363 0.0191455 0.00840229 0.00339263 0.00134688 0.000575678 0.000276777 0.000131059
 1.50133e-11 1.62955e-09 1.04291e-07 3.93562e-06 8.75727e-05 0.001149 0.00889031 0.0405864 0.109615 0.177495 0.18342 0.15027 0.130593 0.105626 0.0597172 0.0220289 0.00629382 0.00222738 0.00111171 0.000542954 0.000223848 7.93019e-05 2.60091e-05 8.82541e-06 3.17885e-06
 1.16326e-11 1.26261e-09 8.08067e-08 3.0494e-06 6.78534e-05 0.000890298 0.00688949 0.0314729 0.0852869 0.140401 0.155843 0.15506 0.165193 0.144039 0.0811507 0.02749 0.00551305 0.00065274 4.56821e-05 1.91841e-06 6.01591e-08 5.84019e-09 1.61135e-09 4.31471e-10 1.10133e-10
 1.54324e-11 1.67504e-09 1.07203e-07 4.04549e-06 9.00174e-05 0.00118108 0.00913842 0.0417176 0.112651 0.182251 0.18759 0.15176 0.129577 0.103396 0.0570412 0.0192468 0.00386177 0.000459329 3.26738e-05 1.43697e-06 4.2968e-08 1.03411e-09 2.1895e-11 4.5164e-13 2.80162e-14
 1.50115e-11 1.62935e-09 1.04278e-07 3.93513e-06 8.75619e-05 0.00114886 0.00888926 0.0405826 0.109619 0.177615 0.184075 0.152131 0.133531 0.107904 0.0597095 0.0201519 0.00403779 0.000477686 3.33318e-05 1.37166e-06 3.33012e-08 4.77605e-10 4.06744e-12 2.09932e-14 7.151e-17
 1.51795e-11 1.64759e-09 1.05445e-07 3.97918e-06 8.85419e-05 0.00116172 0.0089887 0.0410357 0.110829 0.179466 0.185479 0.151985 0.131957 0.106107 0.0586433 0.019787 0.00396447 0.000469003 3.27246e-05 1.34648e-06 3.26731e-08 4.67722e-10 3.95544e-12 1.98587e-14 6.02036e-17
 1.52356e-11 1.65368e-09 1.05835e-07 3.9939e-06 8.88693e-05 0.00116602 0.00902193 0.041187 0.111234 0.180084 0.185948 0.151937 0.131431 0.105507 0.0582871 0.0196651 0.00393998 0.000466102 3.25217e-05 1.33806e-06 3.2463e-08 4.64409e-10 3.91815e-12 1.95058e-14 5.73972e-17
 1.5137e-11 1.64298e-09 1.0515e-07 3.96805e-06 8.82943e-05 0.00115847 0.00896358 0.0409212 0.110524 0.178998 0.185124 0.152022 0.132355 0.106562 0.0589127 0.0198792 0.00398299 0.000471192 3.28769e-05 1.35267e-06 3.28169e-08 4.69445e-10 3.95983e-12 1.96989e-14 5.78132e-17
 1.64485e-11 1.78533e-09 1.14261e-07 4.31185e-06 9.59441e-05 0.00125883 0.00973979 0.0444571 0.119968 0.193443 0.196082 0.150885 0.120065 0.0925354 0.0505904 0.0170314 0.00341085 0.000403471 2.81512e-05 1.15824e-06 2.80996e-08 4.01959e-10 3.39041e-12 1.68632e-14 4.94595e-17
 1.71946e-11 1.86631e-09 1.19443e-07 4.50742e-06 0.000100296 0.00131593 0.0101813 0.0464685 0.125341 0.20166 0.202316 0.150238 0.113073 0.0845565 0.0458563 0.0154115 0.00308539 0.000364948 2.5463e-05 1.04763e-06 2.54162e-08 3.63573e-10 3.0666e-12 1.5252e-14 4.47276e-17
 1.67265e-11 1.8155e-09 1.16192e-07 4.38472e-06 9.75655e-05 0.00128011 0.0099043 0.0452065 0.12197 0.196504 0.198405 0.150644 0.11746 0.0895626 0.0488266 0.0164279 0.00328959 0.000389118 2.71496e-05 1.11703e-06 2.70998e-08 3.87655e-10 3.26973e-12 1.62623e-14 4.769e-17
 1.70273e-11 1.84815e-09 1.18281e-07 4.46357e-06 9.932e-05 0.00130312 0.0100823 0.0460175 0.124136 0.199817 0.200918 0.150383 0.114641 0.0863456 0.0469178 0.0157747 0.00315836 0.000373586 2.60658e-05 1.07243e-06 2.60179e-08 3.72179e-10 3.13919e-12 1.5613e-14 4.57852e-17
 1.76358e-11 1.9142e-09 1.22509e-07 4.62309e-06 0.00010287 0.00134969 0.0104425 0.0476582 0.128518 0.20652 0.206003 0.149856 0.108938 0.0798374 0.0430563 0.0144534 0.00289289 0.000342163 2.38731e-05 9.82214e-07 2.38292e-08 3.4087e-10 2.87511e-12 1.42996e-14 4.19335e-17
 1.79929e-11 1.95295e-09 1.24989e-07 4.71668e-06 0.000104952 0.00137701 0.0106538 0.0486208 0.13109 0.210452 0.208986 0.149546 0.105593 0.0760191 0.0407907 0.0136781 0.00273714 0.000323728 2.25866e-05 9.29283e-07 2.2545e-08 3.225e-10 2.72017e-12 1.3529e-14 3.96739e-17
 1.82895e-11 1.98515e-09 1.27049e-07 4.79444e-06 0.000106682 0.00139971 0.0108294 0.0494205 0.133226 0.213719 0.211464 0.149289 0.102813 0.0728469 0.0389086 0.0130341 0.00260774 0.000308412 2.15179e-05 8.8531e-07 2.14782e-08 3.0724e-10 2.59145e-12 1.28888e-14 3.77964e-17
 1.82656e-11 1.98256e-09 1.26884e-07 4.78819e-06 0.000106543 0.00139789 0.0108153 0.0493562 0.133054 0.213456 0.211265 0.14931 0.103036 0.0731017 0.0390598 0.0130858 0.00261814 0.000309642 2.16037e-05 8.88843e-07 2.15639e-08 3.08466e-10 2.60179e-12 1.29402e-14 3.79472e-17
 1.879e-11 2.03947e-09 1.30526e-07 4.92564e-06 0.000109601 0.00143801 0.0111256 0.0507699 0.13683 0.219231 0.215646 0.148855 0.0981231 0.0674943 0.0357326 0.0119474 0.00238941 0.000282568 1.97145e-05 8.11111e-07 1.96781e-08 2.81489e-10 2.37426e-12 1.18085e-14 3.46286e-17
 1.88335e-11 2.0442e-09 1.30828e-07 4.93705e-06 0.000109855 0.00144134 0.0111513 0.0508872 0.137143 0.21971 0.21601 0.148817 0.0977152 0.0670287 0.0354564 0.0118528 0.00237042 0.000280321 1.95576e-05 8.04658e-07 1.95215e-08 2.7925e-10 2.35537e-12 1.17146e-14 3.43531e-17
 1.87247e-11 2.03238e-09 1.30072e-07 4.90852e-06 0.000109221 0.00143301 0.0110869 0.0505938 0.13636 0.218512 0.215101 0.148912 0.098735 0.0681926 0.036147 0.0120891 0.00241789 0.00028594 1.99498e-05 8.20791e-07 1.99129e-08 2.84849e-10 2.40259e-12 1.19495e-14 3.50422e-17
 1.84716e-11 2.00492e-09 1.28314e-07 4.84218e-06 0.000107745 0.00141365 0.0109372 0.0499115 0.134537 0.215725 0.212986 0.149131 0.101106 0.070899 0.0377528 0.0126386 0.00252829 0.000299007 2.08616e-05 8.58308e-07 2.08231e-08 2.97869e-10 2.51241e-12 1.24957e-14 3.66437e-17
 1.95771e-11 2.12491e-09 1.35994e-07 5.13199e-06 0.000114193 0.00149825 0.0115915 0.0528921 0.142498 0.227901 0.222223 0.148173 0.0907466 0.0590757 0.0307376 0.0102381 0.00204601 0.000241922 1.68781e-05 6.94411e-07 1.68468e-08 2.40989e-10 2.03265e-12 1.01095e-14 2.96463e-17
 1.99888e-11 2.16959e-09 1.38854e-07 5.2399e-06 0.000116594 0.00152975 0.0118351 0.054002 0.145463 0.232435 0.225663 0.147816 0.086889 0.0546731 0.0281254 0.00934428 0.00186642 0.000220666 1.53948e-05 6.33382e-07 1.53662e-08 2.19809e-10 1.85401e-12 9.22105e-15 2.70408e-17
 2.04324e-11 2.21774e-09 1.41935e-07 5.35619e-06 0.000119182 0.0015637 0.0120976 0.055198 0.148658 0.237321 0.229369 0.147431 0.082732 0.0499288 0.0253104 0.00838105 0.0016729 0.000197759 1.37964e-05 5.67616e-07 1.37707e-08 1.96986e-10 1.6615e-12 8.26359e-15 2.4233e-17
 2.00152e-11 2.17245e-09 1.39037e-07 5.24681e-06 0.000116748 0.00153177 0.0118507 0.0540731 0.145653 0.232725 0.225883 0.147793 0.086642 0.0543912 0.0279581 0.00928704 0.00185492 0.000219304 1.52998e-05 6.29474e-07 1.52714e-08 2.18453e-10 1.84257e-12 9.16415e-15 2.6874e-17
 2.03987e-11 2.21408e-09 1.41701e-07 5.34734e-06 0.000118985 0.00156112 0.0120777 0.055107 0.148415 0.236949 0.229087 0.14746 0.0830482 0.0502898 0.0255246 0.00845433 0.00168762 0.000199502 1.3918e-05 5.72619e-07 1.38921e-08 1.98722e-10 1.67615e-12 8.33643e-15 2.44466e-17
#obs catch len freq
 4.78299e-11 4.43271e-09 2.42229e-07 7.80495e-06 0.000148287 0.00166126 0.0109759 0.0428007 0.0989238 0.138532 0.13033 0.112409 0.113671 0.110105 0.0921127 0.0687465 0.043543 0.0223636 0.009388 0.00320957 0.000865852 0.000177042 2.62931e-05 2.71947e-06 1.88764e-07
 6.15263e-11 5.49956e-09 2.89856e-07 9.00793e-06 0.000165066 0.0017836 0.0113667 0.0427697 0.0955675 0.130637 0.124736 0.116697 0.124264 0.117983 0.0939722 0.0667203 0.0407477 0.0204532 0.00843383 0.00281005 0.000725214 0.000138786 1.89564e-05 1.78623e-06 1.12701e-07
 4.27466e-11 3.67891e-09 1.86692e-07 5.58624e-06 9.85628e-05 0.00102555 0.00629675 0.022889 0.0501137 0.0717482 0.0880545 0.12245 0.159141 0.16007 0.131823 0.0936656 0.0542913 0.0250143 0.00947492 0.00296123 0.000726832 0.000131994 1.69097e-05 1.47474e-06 8.52217e-08
 2.45715e-11 2.03281e-09 9.91625e-08 2.85227e-06 4.83777e-05 0.000483965 0.00285923 0.0100428 0.0216998 0.0334367 0.0519474 0.090505 0.137799 0.172926 0.182347 0.149307 0.0887888 0.0392178 0.0136885 0.00387229 0.000863662 0.000144443 1.7206e-05 1.39743e-06 7.48898e-08
 3.84154e-10 3.05035e-08 1.42818e-06 3.94276e-05 0.000641809 0.00616026 0.0348644 0.116351 0.229003 0.266084 0.183529 0.0777936 0.0255434 0.0145552 0.0150389 0.0137457 0.0093697 0.00478743 0.00183881 0.000524293 0.000109828 1.66986e-05 1.7993e-06 1.33014e-07 6.534e-09
 2.66317e-10 2.02674e-08 9.09463e-07 2.40636e-05 0.000375433 0.00345419 0.0187513 0.0602283 0.116131 0.144106 0.146343 0.16256 0.165045 0.114019 0.0490787 0.014031 0.003694 0.00137464 0.000561305 0.000177624 3.93705e-05 5.95378e-06 6.06378e-07 4.11139e-08 1.83079e-09
 6.27522e-10 4.57081e-08 1.96311e-06 4.97146e-05 0.000742355 0.0065364 0.0339402 0.103994 0.188639 0.206021 0.147021 0.0912327 0.0704495 0.0607918 0.0471855 0.0283578 0.0115229 0.00295663 0.000487215 6.03083e-05 7.50535e-06 9.51914e-07 9.40177e-08 6.21395e-09 2.63034e-10
 8.54614e-10 5.95039e-08 2.44292e-06 5.9137e-05 0.000844116 0.00710492 0.0352732 0.103433 0.180441 0.194153 0.149903 0.115912 0.0959396 0.0642188 0.032276 0.0135762 0.00500011 0.00148312 0.000324997 4.98237e-05 5.18841e-06 3.74508e-07 2.04599e-08 9.1752e-10 3.22567e-11
 1.18815e-09 7.89836e-08 3.09593e-06 7.15539e-05 0.000975146 0.0078366 0.0371497 0.10407 0.173875 0.181307 0.141354 0.115858 0.100183 0.0709957 0.0398796 0.018281 0.00634143 0.00152788 0.000255391 3.17523e-05 3.10423e-06 2.30711e-07 1.20531e-08 4.21502e-10 9.82793e-12
 1.62517e-09 1.03032e-07 3.8515e-06 8.4894e-05 0.00110337 0.00845673 0.0382415 0.102288 0.16396 0.167679 0.137004 0.122899 0.109309 0.0770725 0.043311 0.01984 0.00682 0.00162699 0.000267316 3.12309e-05 2.65772e-06 1.64679e-07 7.34681e-09 2.31978e-10 5.03554e-12
 2.19806e-09 1.32758e-07 4.72788e-06 9.92804e-05 0.00122931 0.00897677 0.0386853 0.0987473 0.152088 0.153956 0.134121 0.130834 0.118737 0.0840239 0.047717 0.0216982 0.00718368 0.00161837 0.000249113 2.73067e-05 2.18987e-06 1.2697e-07 5.16293e-09 1.43575e-10 2.68671e-12
 3.82021e-09 2.19599e-07 7.44321e-06 0.000148758 0.00175306 0.0121833 0.0499618 0.121267 0.176925 0.166848 0.130109 0.113453 0.097247 0.0677895 0.0384534 0.0171322 0.00540634 0.00113726 0.000160722 1.5962e-05 1.15551e-06 6.08642e-08 2.26871e-09 5.81186e-11 9.99325e-13
 6.14629e-09 3.35956e-07 1.08278e-05 0.000205772 0.00230586 0.0152382 0.059425 0.137205 0.190698 0.172313 0.13024 0.109189 0.0869892 0.0543705 0.0271268 0.0108192 0.00314833 0.00062235 8.33012e-05 7.81788e-06 5.28251e-07 2.55397e-08 8.62373e-10 1.98957e-11 3.08369e-13
 8.0916e-09 4.20208e-07 1.28671e-05 0.000232322 0.00247348 0.0155321 0.0575887 0.126785 0.170398 0.157522 0.135961 0.127951 0.102203 0.0608999 0.0284887 0.0105557 0.00282556 0.00050535 5.9735e-05 4.84628e-06 2.82836e-07 1.20578e-08 3.67213e-10 7.72314e-12 1.09097e-13
 1.18599e-08 5.84705e-07 1.69973e-05 0.000291352 0.00294489 0.0175569 0.0618216 0.129443 0.166566 0.151095 0.132884 0.126518 0.10163 0.0628672 0.0310484 0.0117115 0.00303729 0.000508533 5.47567e-05 3.92903e-06 1.97227e-07 7.12286e-09 1.83754e-10 3.30473e-12 4.0502e-14
 1.78608e-08 8.35381e-07 2.30386e-05 0.000374647 0.0035926 0.0203216 0.0679178 0.135225 0.166865 0.149377 0.133964 0.126639 0.097929 0.0579219 0.027276 0.00975832 0.00239285 0.000379002 3.86908e-05 2.63147e-06 1.24106e-07 4.12769e-09 9.55685e-11 1.50625e-12 1.59078e-14
 2.97716e-08 1.32024e-06 3.45215e-05 0.000532256 0.00483919 0.0259525 0.0822288 0.155132 0.180931 0.151663 0.125961 0.111575 0.0825462 0.0474404 0.0217105 0.0074424 0.0017268 0.000257128 2.45958e-05 1.56403e-06 6.88806e-08 2.13887e-09 4.61991e-11 6.76699e-13 6.58684e-15
 3.88213e-08 1.63142e-06 4.04249e-05 0.000590653 0.00508933 0.0258744 0.0778282 0.140361 0.16138 0.14627 0.140651 0.130621 0.0926822 0.0494415 0.0208563 0.0066407 0.0014465 0.000204235 1.87153e-05 1.15006e-06 4.90035e-08 1.45871e-09 2.97866e-11 4.07724e-13 3.6832e-15
 6.71268e-08 2.67212e-06 6.27197e-05 0.000868057 0.00708479 0.0341137 0.0971154 0.1652 0.176451 0.142337 0.119792 0.105127 0.0771589 0.0453342 0.020843 0.00682063 0.00146693 0.000202849 1.84069e-05 1.13632e-06 4.87746e-08 1.44487e-09 2.88576e-11 3.80885e-13 3.28275e-15
 8.60923e-08 3.24525e-06 7.2131e-05 0.000945368 0.00730727 0.0333379 0.0901319 0.147211 0.158061 0.143783 0.141148 0.125652 0.0843375 0.0435134 0.0177992 0.00540129 0.00112313 0.000156304 1.48083e-05 9.72596e-07 4.404e-08 1.34387e-09 2.7055e-11 3.5485e-13 3.00805e-15
 1.44533e-07 5.1579e-06 0.000108535 0.00134669 0.00985442 0.0425563 0.108834 0.16759 0.167329 0.13734 0.122507 0.105574 0.0732643 0.0404314 0.0171116 0.00504568 0.000970819 0.000120925 1.00761e-05 5.87712e-07 2.45468e-08 7.23126e-10 1.45189e-11 1.92495e-13 1.64686e-15
 2.15931e-07 7.29424e-06 0.00014529 0.00170648 0.0118209 0.0483375 0.117195 0.172042 0.167337 0.139843 0.126119 0.102966 0.0646204 0.0317008 0.0121292 0.00333372 0.000614546 7.50696e-05 6.21834e-06 3.57346e-07 1.42422e-08 3.86739e-10 7.03132e-12 8.46668e-14 6.69123e-16
 3.19516e-07 1.02162e-05 0.000192609 0.00214129 0.0140405 0.0543594 0.12492 0.174663 0.164769 0.138065 0.124454 0.0990474 0.0605306 0.0289434 0.0106153 0.00273149 0.000461784 5.08121e-05 3.74943e-06 1.93003e-07 7.04756e-09 1.79706e-10 3.10597e-12 3.54461e-14 2.62107e-16
 4.29758e-07 1.30062e-05 0.000232098 0.0024424 0.0151611 0.0556041 0.121413 0.163494 0.155727 0.141208 0.133859 0.105376 0.0628309 0.0292777 0.0103572 0.00254584 0.000410608 4.32765e-05 3.06325e-06 1.49811e-07 5.09132e-09 1.18366e-10 1.84577e-12 1.90328e-14 1.2836e-16
 6.83599e-07 1.95831e-05 0.000330793 0.00329499 0.0193606 0.0672096 0.138875 0.176738 0.158299 0.134149 0.120137 0.0915513 0.0540987 0.0250272 0.00858379 0.00199461 0.000298982 2.89307e-05 1.86478e-06 8.30144e-08 2.589e-09 5.57857e-11 8.09771e-13 7.74828e-15 4.81012e-17
 8.96872e-07 2.43223e-05 0.000388936 0.00366774 0.0204074 0.0671602 0.132239 0.163935 0.15292 0.143579 0.133132 0.0972077 0.0533908 0.0228176 0.00728383 0.00159407 0.000227922 2.13133e-05 1.33896e-06 5.78549e-08 1.72034e-09 3.45881e-11 4.61305e-13 4.02934e-15 2.28411e-17
 1.38112e-06 3.5461e-05 0.000536871 0.00479331 0.0252504 0.078672 0.146616 0.171792 0.150841 0.133503 0.119456 0.087572 0.0500462 0.0221394 0.00703724 0.00148621 0.000202498 1.80329e-05 1.08353e-06 4.49701e-08 1.28651e-09 2.48552e-11 3.17268e-13 2.6331e-15 1.40414e-17
 1.91476e-06 4.65518e-05 0.000667363 0.00564232 0.0281532 0.0831763 0.147724 0.168283 0.151171 0.139998 0.123108 0.0841378 0.0438254 0.0176826 0.00520238 0.00103305 0.000134199 1.15376e-05 6.74457e-07 2.71973e-08 7.49708e-10 1.38342e-11 1.67734e-13 1.31898e-15 6.65672e-18
#spawning biomass
 25291 23915.8 18584.9 15458.8 26141.1 41717.6 61080.9 87478.4 119250 150547 170827 184660 211724 245953 220034 188965 230243 232850 218322 254560 275234 306013 280819 261017 282543 255912 247704 252145 238233 255741 11636.9 10338.3 10332.8 10332.8 10332.8 10332.8 10332.8 10332.8 10332.8 10332.8 10332.8 10332.8 10332.8 10332.8 10332.8 10332.8 10332.8 10332.8 10332.8 10332.8 10332.8 10332.8 10332.8 10332.8 10332.8 10332.8 10332.8 10332.8 10332.8 10332.8 10332.8 10332.8 10332.8 10332.8 10332.8 10332.8 10332.8 10332.8 10332.8 10332.8 10332.8 10332.8 10332.8 10332.8 10332.8 10332.8 10332.8 10332.8 10332.8 10332.8 10332.8 10332.8 10332.8 10332.8 10332.8 10332.8 10332.8 10332.8 10332.8 10332.8 10332.8 10332.8 10332.8 10332.8 10332.8 10332.8 10332.8 10332.8 10332.8 10332.8 10332.8 10332.8 10332.8 10332.8 10332.8 10332.8 10332.8 10332.8 10332.8 10332.8 10332.8 10332.8 10332.8 10332.8 10332.8 10332.8 10332.8 10332.8 10332.8 10332.8 10332.8 10332.8 10332.8 10332.8 10332.8 10332.8 10332.8 10332.8 0 0 0 0 0 0 0 0 0 0 0 0 0 0 0 0 0 0 0 0 0 0 0 0 0
