SBPRF35
0.0174374
Curr Bio
152.881
B35
36.9733
F35
31460.8
FOFL
31460.8
OFL
254.226
Bzero
2958.18
#pred survey bio
 861.561 760.086 851.253 566.595 381.897 350.546 251.279 228.83 335.142 421.791 430.388 405.949 576.935 628.471 521.055 424.68 467.403 408.526 412.983 395.72 382.694 373.45 354.381 362.098 529.244 596.75 481.818 436.098 424.75 480.92 402.788 465.438 359.848 325.13 341.74 271.935 304.136 450.644 524.867 378.332 284 319.886 437.902 503.603 548.998 683.453 677.537 534.418 488.521 452.718 570.612 688.536 724.598 618.507 514.862 603.011 582.598 576.522 568.589 576.762 569.043 531.771 495.687 483.298 512.798 577.199 563.842 630.192 632.338 647.102 666.889 705.807 706.504 728.102 710.936 713.1 699.823 703.832 666.636 647.557 653.669 679.01 649.852 659.371 631.594 626.347 608.914 597.477 597.348 610.263 639.905 660.828 675.742 620.629 627.197 196.12 0.638825 5.80444 0.526628 4.78992 82.172 297.394 419.833 153.312 166.097 172.93 153.677 5823.73 37473.1 40266.5 40781.2 40862.1 40874.4 40876.2 40876.5 40876.5 40876.5 40876.5 40876.5 40876.5 40876.5 40876.5 40876.5 40876.5 40876.5 40876.5 40876.5 40876.5 40876.5 40876.5 40876.5 40876.5 40876.5 40876.5 40876.5 40876.5 40876.5 40876.5 40876.5 40876.5 40876.5 40876.5 40876.5 40876.5 40876.5 40876.5 40876.5 40876.5 40876.5 40876.5 40876.5 40876.5 40876.5 40876.5 40876.5 40876.5 40876.5 40876.5 40876.5 40876.5 40876.5 40876.5 40876.5 40876.5 40876.5 40876.5 40876.5 40876.5 40876.5 40876.5 40876.5 40876.5 40876.5 40876.5 40876.5 40876.5 40876.5 40876.5 40876.5 40876.5 40876.5 40876.5 40876.5 40876.5 40876.5 40876.5 40876.5 40876.5 40876.5 40876.5 40876.5 40876.5 40876.5 40876.5 40876.5 40876.5 40876.5 40876.5 40876.5 40876.5 40876.5 40876.5 40876.5 40876.5 40876.5 40876.5 40876.5 0 0 0 0 0 0 0 0 0 0 0 0 0 0 0 0 0 0 0 0 0 0 0 0 0
#obs survey bio
 778.221 712.823 643.41 942.125 424.196 567.774 303.097 529.166 417.441 450.73 477.027 483.697 456.511 621.949 465.978 444.901 243.3 576.846 443.736 358.465 357.464 515.258 392.753 429.312 296.549 462.946 325.115 445.386 499.894 356.265 377.908 230.122 401.524 550.135 394.568 429.378 304.149 376.036 484.641 364.133 535.601 494.851 377.423 291.072 456.024 327.224 299.971 385.079 285.051 282.878 233.227 213.252 270.728 327.051 252.835 286.859 211.743 163.832 207.208 191.519 152.879 164.076 167.821 235.743 187.638 192.259 159 221.719 172.041 141.176 179.535 324.87 252.234 199.945 215.97 262.38 186.566 198.448 186.856 168.124 247.011 287.837 192.213 215.811 298.169 170.115 329.244 237.904 196.385 222.149 212.119 184.781 217.898 248.337 170.115 179.817 223.719 337.401 321.589 357.989 475.84 267.983 198.912 38.5759 29.896 34.1848 28.8041
#pred catch bio
 151.269 109.979 132.602 113.249 68.7169 58.1486 43.7461 41.3103 55.7519 63.8121 63.3992 67.9549 83.6166 88.6681 82.2976 66.567 68.6749 62.3193 68.5742 60.51 55.3097 58.2268 54.2703 51.3896 75.2098 84.453 69.3762 69.9151 60.8181 73.8603 68.6082 73.7917 58.7728 54.0566 45.2852 47.6221 44.908 60.0078 72.9886 53.6445 39.858 43.6125 60.5634 80.9456 82.154 105.258 118.502 84.6257 82.9957 71.513 100.949 134.831 135.255 125.629 101.313 109.517 113.066 119.572 114.943 116.244 118.955 116.679 102.703 104.316 102.537 121.915 119.658 139.601 133.189 144.435 143.06 165.458 152.254 174.735 164.575 169.55 161.891 176.342 161.227 158.017 148.517 177.041 157.306 176.973 156.92 161.92 149.185 149.408 152.375 152.782 161.039 155.095 177.442 155.276 196.091 187.389 0.00523747 0.00330623 0.000309351 0.002506 33.1227 18.1854 237.782 37.2711 44.9356 47.8157 37.0561 254.226 1835.08 1835.08 1835.08 1835.08 1835.08 1835.08 1835.08 1835.08 1835.08 1835.08 1835.08 1835.08 1835.08 1835.08 1835.08 1835.08 1835.08 1835.08 1835.08 1835.08 1835.08 1835.08 1835.08 1835.08 1835.08 1835.08 1835.08 1835.08 1835.08 1835.08 1835.08 1835.08 1835.08 1835.08 1835.08 1835.08 1835.08 1835.08 1835.08 1835.08 1835.08 1835.08 1835.08 1835.08 1835.08 1835.08 1835.08 1835.08 1835.08 1835.08 1835.08 1835.08 1835.08 1835.08 1835.08 1835.08 1835.08 1835.08 1835.08 1835.08 1835.08 1835.08 1835.08 1835.08 1835.08 1835.08 1835.08 1835.08 1835.08 1835.08 1835.08 1835.08 1835.08 1835.08 1835.08 1835.08 1835.08 1835.08 1835.08 1835.08 1835.08 1835.08 1835.08 1835.08 1835.08 1835.08 1835.08 1835.08 1835.08 1835.08 1835.08 1835.08 1835.08 1835.08 1835.08 1835.08 1835.08 1835.08 1835.08 0 0 0 0 0 0 0 0 0 0 0 0 0 0 0 0 0 0 0 0 0 0 0 0 0
#obs catch bio
 0 167.442 128.959 115.639 86.8552 76.7227 77.0427 77.1126 71.5122 66.4516 65.9244 72.0134 65.5854 64.891 69.3 66.7838 64.3704 64.856 68.8618 62.5517 60.873 67.5216 67.5212 63.0645 65.7259 63.846 63.5424 68.0686 59.8914 63.2856 65.261 63.1919 65.248 69.4994 61.9619 75.1111 63.4443 59.1713 61.9018 64.01 68.9921 73.6287 80.4094 97.2853 88.4448 92.2922 98.957 83.9652 95.4748 92.7916 102.323 95.3993 86.6665 97.4089 96.4838 90.0218 95.5098 101.679 96.9038 96.6015 101.972 106.231 101.111 106.018 99.5143 107.487 111.019 115.248 109.421 119.954 116.967 130.984 120.7 141.157 137.364 143.965 144.577 162.964 156.947 163.935 157.199 191.021 174.651 196.941 174.617 188.004 174.527 182.385 188.371 185.216 187.259 177.98 210.921 183.065 184.503 189.367 0.00186369 0.00247251 0.00293929 0.00332589 179.185 19.6338 280.044 38.8472 42.1791 42.4682 38.736
#pred cpue bio
 809.862 664.432 703.042 483.085 314.013 278.126 198.126 176.637 256.485 326.08 336.767 322.339 440.449 487.518 415.214 333.065 356.302 318.775 323.305 307.824 294.585 288.936 271.365 272.013 394.411 458.227 377.152 340.774 325.646 374.73 323.292 366.243 288.103 253.158 253.047 209.957 223.982 327.971 396.83 292.057 208.634 222.702 306.69 368.88 400.183 503.163 523.958 407.528 362.648 326.497 421.881 533.502 570.505 492.935 400.226 452.971 449.279 446.957 438.04 443.455 439.419 412.113 376.173 365.285 380.512 434.777 428.824 482.192 483.19 497.428 510.599 547.303 543.385 568.666 552.545 556.663 544.125 553.422 521.102 502.006 500.101 528.808 502.676 516.856 489.788 485.645 469.767 461.339 461.75 470.997 495.574 509.441 529.742 504.851 564.361 186.979 0.095797 0.0920068 0.536877 4.95025 42.8278 99.8757 345.688 116.604 123.418 128.763 107.684 4507.76 17170.4 19206.1 19680.2 19749.2 19759.3 19760.8 19761 19761 19761 19761 19761 19761 19761 19761 19761 19761 19761 19761 19761 19761 19761 19761 19761 19761 19761 19761 19761 19761 19761 19761 19761 19761 19761 19761 19761 19761 19761 19761 19761 19761 19761 19761 19761 19761 19761 19761 19761 19761 19761 19761 19761 19761 19761 19761 19761 19761 19761 19761 19761 19761 19761 19761 19761 19761 19761 19761 19761 19761 19761 19761 19761 19761 19761 19761 19761 19761 19761 19761 19761 19761 19761 19761 19761 19761 19761 19761 19761 19761 19761 19761 19761 19761 19761 19761 19761 19761 19761 19761 19761 0 0 0 0 0 0 0 0 0 0 0 0 0 0 0 0 0 0 0 0 0 0 0 0 0
#obs cpue bio
 589.717 417.764 489.943 314.803 386.286 432.075 328.783 311.84 336.26 279.438 286.59 302.728 305.79 268.937 332.521 239.321 256.575 304.989 244.939 326.78 388.739 394.207 333.489 383.014 312.046 421.26 278.508 228.575 274.595 262.977 213.352 277.807 299.769 289.025 272.496 276.061 259.206 227.996 306.468 437.138 324.998 326.952 349.804 213.493 244.741 151.905 209.78 268.61 212.693 227.031 161.114 179.684 243.353 177.774 200.344 142.605 176.605 146.588 142.706 153.935 126.764 147.418 99.6589 99.0963 91.6034 102.234 119.681 128.635 128.411 136.139 203.37 138.903 147.214 150.861 135.453 209.731 184.319 238.958 236.489 206.304 261.036 214.193 182.932 202.218 150.364 110.057 225.017 215.039 215.993 195.7 261.358 246.546 171.388 167.159 163.642 246.739 207.171 258.427 376.925 436.77 388.063 260.377 229.499 33.6592 25.6959 32.3682 27.3222
#pred surv len freq
 1.82172e-026 2.22725e-020 4.14022e-015 1.04991e-010 3.63202e-007 0.000171403 0.0110346 0.0969092 0.116106 0.019553 0.0187974 0.0797602 0.0484037 0.0296587 0.0774851 0.0436943 0.0545214 0.0508554 0.0569032 0.0521588 0.0513525 0.0566737 0.0661107 0.0549674 0.0148831
 2.60888e-026 3.34056e-020 6.20975e-015 1.57472e-010 5.44753e-007 0.00025708 0.0165503 0.14535 0.174139 0.0284606 0.000654439 0.00251443 0.0433071 0.101992 0.0400747 0.0481867 0.0475381 0.0467275 0.0465612 0.0446865 0.0458546 0.0446354 0.0484629 0.0513528 0.0226938
 2.45155e-026 3.09792e-020 5.75872e-015 1.46034e-010 5.05186e-007 0.000238408 0.0153482 0.134793 0.161491 0.0263934 0.000588494 2.95022e-005 0.00358397 0.063232 0.152186 0.050054 0.00783299 0.0494154 0.0653834 0.0423444 0.0405757 0.0398564 0.0388043 0.0431538 0.0646953
 2.31601e-026 2.92653e-020 5.4401e-015 1.37955e-010 4.77235e-007 0.000225217 0.0144991 0.127335 0.152564 0.0265119 0.0413819 0.144026 0.0693117 0.00478833 0.0122249 0.0850669 0.0818857 0.0271763 0.0479491 0.039914 0.0344434 0.0333905 0.0334116 0.0206442 0.00324921
 2.4331e-026 3.09208e-020 5.74785e-015 1.45759e-010 5.04232e-007 0.000237958 0.0153192 0.134539 0.161211 0.0296056 0.0583806 0.140056 0.0615651 0.0890307 0.0667792 0.0173317 0.0553207 0.0478172 0.0338402 0.03108 0.0274385 0.022615 0.00735069 0.000476226 4.81129e-006
 2.53549e-026 3.23717e-020 6.01757e-015 1.52598e-010 5.27893e-007 0.000249124 0.0160381 0.140852 0.16875 0.0276013 0.0035788 0.0556996 0.14333 0.0687078 0.0899608 0.0780115 0.061014 0.0313174 0.0381719 0.0297232 0.0237209 0.0174799 0.00544132 0.000348842 3.53445e-006
 2.62494e-026 3.3634e-020 6.2522e-015 1.58548e-010 5.48477e-007 0.000258838 0.0166635 0.146344 0.175405 0.0353743 0.0826798 0.136704 0.0353444 0.0532523 0.0951704 0.0691334 0.0577739 0.0345778 0.0265772 0.0202581 0.0117908 0.00258045 0.000111283 7.49898e-007 7.32069e-010
 2.79982e-026 3.61105e-020 6.71256e-015 1.70223e-010 5.88862e-007 0.000277896 0.0178904 0.15712 0.188239 0.0308812 0.00953602 0.0920089 0.133427 0.0688549 0.0878969 0.04534 0.058979 0.0489149 0.0299794 0.0182413 0.0100277 0.00227263 0.000111475 8.85463e-007 1.03299e-009
 3.08847e-026 4.0198e-020 7.47239e-015 1.89491e-010 6.55518e-007 0.000309353 0.0199155 0.174905 0.209547 0.0342475 0.000763579 2.39011e-006 5.09641e-005 0.00523184 0.0732677 0.14006 0.0423885 0.0566092 0.0819575 0.0557891 0.0388278 0.0337489 0.0203945 0.0094862 0.00249718
 4.09286e-026 4.30891e-020 8.00981e-015 2.03119e-010 7.02664e-007 0.000331602 0.0213479 0.187484 0.224618 0.0367106 0.000818497 2.48943e-006 6.43104e-008 4.88169e-005 0.00513741 0.0737555 0.144451 0.0385936 0.00143949 0.00312232 0.0402878 0.0730518 0.0404151 0.0475511 0.0608326
 1.16369e-021 4.46831e-020 8.08981e-015 2.05148e-010 7.09681e-007 0.000334913 0.0215611 0.189356 0.226861 0.0370772 0.000826671 2.51469e-006 1.07329e-006 0.000384723 0.0188303 0.125731 0.114524 0.0142308 0.000246716 0.00096183 0.0229501 0.0747461 0.0333529 0.00968388 0.108336
 2.19914e-018 2.24337e-018 8.20544e-015 2.08024e-010 7.19633e-007 0.00033961 0.0218634 0.192012 0.230042 0.0375971 0.000838263 2.56219e-006 1.47984e-005 0.00236033 0.0513591 0.152454 0.0617348 0.003411 0.000249041 0.0102945 0.0647311 0.0555265 0.00679328 0.0104149 0.0979611
 0.000381503 0.000381516 0.000381532 0.000381549 0.000382322 0.000737315 0.0232825 0.201505 0.24134 0.0397629 0.00125979 0.000384474 0.000381865 0.000381936 0.000382029 0.000389431 0.00183407 0.0397816 0.146245 0.0740494 0.00546076 0.000901652 0.0158921 0.0703026 0.133817
 0.000701758 0.000701781 0.000701807 0.000701836 0.000702617 0.00105539 0.0234585 0.200558 0.240142 0.0398351 0.00157468 0.000704909 0.000702352 0.000702468 0.000707019 0.00174231 0.0340937 0.147014 0.088161 0.00783578 0.000784124 0.000706852 0.00102792 0.0168499 0.188835
 0.000300146 0.000300157 0.000300169 0.000300182 0.000300909 0.000636353 0.0219403 0.19035 0.227992 0.0375133 0.00113004 0.000302916 0.000319229 0.00311963 0.057945 0.161096 0.0614875 0.00347713 0.000323703 0.000387748 0.00614133 0.0541185 0.0679601 0.0120377 0.0902196
 8.26205e-006 8.26237e-006 8.26271e-006 8.2633e-006 8.96038e-006 0.000337115 0.0211791 0.185937 0.222763 0.0364144 0.000819986 2.28126e-005 0.00208846 0.0488969 0.156747 0.0685602 0.00410225 0.000830197 0.0216221 0.0808162 0.0412227 0.00290733 0.00242822 0.0249056 0.0773571
 6.47631e-006 6.47655e-006 6.47683e-006 6.47733e-006 7.16312e-006 0.000330047 0.0208373 0.182949 0.219184 0.0358279 0.000805152 8.91369e-006 1.12463e-005 0.00110648 0.0346648 0.148977 0.0873567 0.00706103 0.00519394 0.0529012 0.0746833 0.0147821 0.0108246 0.0378736 0.0645889
 1.15507e-014 1.15513e-014 1.91239e-014 1.92031e-010 6.64265e-007 0.00031348 0.0201813 0.177238 0.212343 0.0347044 0.000773964 0.000116387 0.00904398 0.0978511 0.144423 0.0290794 0.000816124 0.00216639 0.036687 0.0848763 0.0276439 0.0168665 0.0392711 0.0182301 0.0473729
 3.66865e-017 3.67284e-017 7.50653e-015 1.89426e-010 6.55294e-007 0.000309247 0.0199087 0.174845 0.209475 0.0342358 0.000763321 5.91758e-006 0.000903368 0.0309595 0.144739 0.0923115 0.00825315 0.0108646 0.0713174 0.0644316 0.00863357 0.0145381 0.0410965 0.02335 0.0490578
 2.70846e-019 3.1181e-019 7.61258e-015 1.93039e-010 6.67793e-007 0.000315145 0.0202884 0.17818 0.213471 0.0348887 0.000777882 9.38414e-006 0.001425 0.0394716 0.149148 0.0768819 0.00545443 0.00421015 0.0489652 0.0787045 0.0204838 0.0291678 0.0348635 0.0142146 0.0490792
 6.34918e-021 4.82019e-020 7.77994e-015 1.9729e-010 6.82497e-007 0.000322085 0.0207352 0.182103 0.218171 0.035657 0.000795013 1.24647e-005 0.00181466 0.0447144 0.150302 0.0689218 0.00440544 0.00628304 0.0565647 0.0699004 0.0137391 0.0231201 0.0374358 0.0209507 0.0440513
 1.6196e-022 4.24311e-020 7.85739e-015 1.99254e-010 6.89293e-007 0.000325292 0.0209416 0.183916 0.220344 0.036012 0.000802945 2.57136e-005 0.00319504 0.0598422 0.152898 0.0532942 0.00276 0.010542 0.0668807 0.058045 0.0107978 0.0292572 0.030667 0.0174808 0.0419714
 3.06205e-024 4.20978e-020 7.82497e-015 1.98432e-010 6.86449e-007 0.000323949 0.0208552 0.183158 0.219434 0.0358634 0.000799722 7.83857e-005 0.00695179 0.0868009 0.147849 0.0343594 0.001964 0.022528 0.079091 0.0382099 0.0116649 0.035635 0.0220679 0.0182957 0.0340694
 1.82655e-024 4.29569e-020 7.9849e-015 2.02488e-010 7.00479e-007 0.00033057 0.0212815 0.186901 0.223919 0.0365964 0.000815966 1.85909e-005 0.00249718 0.0528088 0.152344 0.0599568 0.00372609 0.0167858 0.0755478 0.0466927 0.0117151 0.0342418 0.0232045 0.0175591 0.033056
 1.19431e-014 1.19437e-014 2.0029e-014 2.05031e-010 7.09237e-007 0.000334704 0.0215476 0.189238 0.226719 0.037054 0.000826153 2.5127e-006 2.01281e-009 2.09092e-006 0.000614695 0.0246523 0.134876 0.100665 0.0102892 0.00374464 0.0441472 0.0738422 0.0195 0.0270667 0.0848779
 1.02621e-009 1.02625e-009 1.02631e-009 1.22527e-009 6.89146e-007 0.000324739 0.020906 0.183603 0.219969 0.0359507 0.000801556 2.43898e-006 2.60925e-007 0.000139587 0.0102667 0.103014 0.141004 0.0263295 0.000670817 7.60938e-005 0.00534267 0.052789 0.0712312 0.0188534 0.108725
 2.50666e-018 2.54695e-018 7.46956e-015 1.89356e-010 6.5505e-007 0.000309132 0.0199013 0.17478 0.209397 0.034223 0.000764108 0.000391356 0.0192311 0.129688 0.119305 0.0149726 0.000269302 0.00179562 0.0338777 0.0872215 0.0306371 0.00201064 0.0124671 0.0401018 0.068656
 2.86166e-023 3.84999e-020 7.15142e-015 1.81351e-010 6.27361e-007 0.000296065 0.0190601 0.167392 0.200546 0.0327764 0.000733277 0.000705094 0.0269909 0.141396 0.101048 0.010237 0.0153227 0.0815882 0.0597774 0.00647669 0.0126571 0.042941 0.0205832 0.0115235 0.0479494
 3.26347e-025 3.82805e-020 7.11589e-015 1.80451e-010 6.24244e-007 0.000294594 0.0189654 0.16656 0.19955 0.0326136 0.000727742 0.000253984 0.0146035 0.115554 0.124733 0.0185823 0.0111222 0.073397 0.0686913 0.0193072 0.0437161 0.025221 0.0131551 0.021465 0.0314867
 7.36837e-024 3.7041e-020 6.88418e-015 1.74575e-010 6.03917e-007 0.000285001 0.0183478 0.161137 0.193052 0.0315516 0.000703473 3.80394e-006 0.000526621 0.0227317 0.133853 0.107523 0.0120062 0.0112235 0.0743987 0.0688287 0.0213208 0.0463693 0.0306281 0.0257744 0.0397358
 3.94165e-026 3.74396e-020 6.95963e-015 1.76488e-010 6.10536e-007 0.000288125 0.0185489 0.162903 0.195168 0.0318974 0.000722508 0.00196608 0.0464558 0.149911 0.065993 0.00401555 0.00455896 0.0532981 0.0856952 0.0234378 0.0362966 0.0407621 0.0264232 0.0241206 0.0275377
 9.6394e-023 3.89503e-020 7.22253e-015 1.83155e-010 6.33599e-007 0.000299009 0.0192496 0.169056 0.20254 0.0331023 0.000738047 2.25364e-006 1.13075e-005 0.00195819 0.0462631 0.149104 0.0655836 0.00681562 0.0422234 0.0842176 0.0236807 0.0165736 0.0455576 0.0296959 0.0633265
 6.58529e-026 4.04217e-020 7.51397e-015 1.90545e-010 6.59166e-007 0.000311074 0.0200264 0.175878 0.210713 0.0344381 0.000779758 0.00203113 0.0470668 0.14896 0.064312 0.00379082 0.000683142 0.0194922 0.0794292 0.0459106 0.0259366 0.0396541 0.0178655 0.0248645 0.0378566
 3.78659e-026 4.29778e-020 7.98912e-015 2.02595e-010 7.00849e-007 0.000330745 0.0212927 0.187 0.224038 0.0366158 0.000817123 0.000294313 0.0156954 0.115158 0.115263 0.0162337 0.0165867 0.0730578 0.0447059 0.00543885 0.0210828 0.0370225 0.0220218 0.0192772 0.0280668
 8.86391e-026 4.30587e-020 8.00415e-015 2.02976e-010 7.02167e-007 0.000331367 0.0213328 0.187352 0.224459 0.0366846 0.000817923 9.43741e-006 0.00142442 0.0398283 0.151917 0.0790518 0.00618633 0.01752 0.0723691 0.0423608 0.0220022 0.0330965 0.0119974 0.0182783 0.0329805
 3.16939e-026 4.1274e-020 7.67241e-015 1.94563e-010 6.73065e-007 0.000317634 0.0204486 0.179587 0.215156 0.0351689 0.00186648 0.0345568 0.150472 0.0893886 0.00729171 0.00420519 0.0487072 0.078523 0.0209982 0.0283409 0.0311653 0.0188178 0.0127125 0.0109691 0.0113062
 3.31853e-026 4.3021e-020 7.99716e-015 2.02798e-010 7.01554e-007 0.000331078 0.0213141 0.187188 0.224263 0.0366526 0.000817232 2.96315e-005 0.0035271 0.0625189 0.151176 0.0507858 0.0255184 0.0803223 0.0380995 0.0112582 0.0357972 0.0242502 0.0178709 0.0139639 0.0143152
 3.017e-021 4.7186e-020 8.21054e-015 2.08209e-010 7.20273e-007 0.000339912 0.0218829 0.192182 0.230247 0.0376306 0.000839009 2.5518e-006 1.71545e-008 1.76995e-005 0.00265501 0.0543307 0.151671 0.0577609 0.00329868 0.0121287 0.0671594 0.0541577 0.0321188 0.0314656 0.0501114
 2.93798e-016 2.93854e-016 8.2933e-015 2.02857e-010 7.01757e-007 0.000331174 0.0213203 0.187242 0.224328 0.0366632 0.000817441 2.4867e-006 1.25404e-006 0.000432205 0.0203366 0.13054 0.11431 0.0136551 0.000225542 0.00064888 0.0189636 0.0756627 0.0416433 0.0162042 0.0966714
 1.97563e-025 4.17897e-020 7.76824e-015 1.96993e-010 6.81472e-007 0.000321601 0.020704 0.18183 0.217844 0.0356059 0.0014808 0.0266227 0.140713 0.101468 0.00998163 0.000193102 0.00472648 0.051513 0.0765938 0.0155715 0.002943 0.0243174 0.0331424 0.0179464 0.0364812
 3.14553e-026 4.09947e-020 7.62049e-015 1.93247e-010 6.68511e-007 0.000315484 0.0203103 0.178371 0.213703 0.0356528 0.0281259 0.140426 0.0984848 0.0168466 0.0624234 0.0711006 0.011344 0.00893952 0.0375696 0.0225289 0.00891047 0.0180094 0.0130509 0.00927918 0.0046073
 3.13034e-026 4.07871e-020 7.5819e-015 1.92268e-010 6.65125e-007 0.000313886 0.0202074 0.177468 0.212618 0.0347508 0.00125254 0.0213779 0.130473 0.110489 0.0465558 0.0859656 0.0392712 0.0407022 0.0218067 0.0128813 0.0172695 0.00946957 0.00954194 0.00571399 0.00187026
 3.11608e-026 4.05832e-020 7.544e-015 1.91307e-010 6.618e-007 0.000312317 0.0201064 0.176581 0.211555 0.0345757 0.000772137 0.000428646 0.0199968 0.127963 0.111757 0.0176885 0.0507553 0.0838673 0.0498605 0.0382608 0.0230577 0.011965 0.00951932 0.00671072 0.00426685
 3.00284e-026 3.89822e-020 7.24639e-015 1.8376e-010 6.35692e-007 0.000299996 0.0193132 0.169615 0.203209 0.0332117 0.000772653 0.00400288 0.0678729 0.157087 0.0496153 0.00441706 0.0382886 0.0880011 0.0381476 0.0448117 0.0391196 0.022154 0.0106001 0.00602816 0.00343215
 2.92193e-026 3.78389e-020 7.03386e-015 1.7837e-010 6.17048e-007 0.000291198 0.0187468 0.16464 0.197249 0.0322378 0.000819828 0.00836088 0.0943089 0.145159 0.0308368 0.0154719 0.0812755 0.0622708 0.0196731 0.0447593 0.0337665 0.0272369 0.0148323 0.00581131 0.002251
 2.74994e-026 3.5403e-020 6.58104e-015 1.66887e-010 5.77325e-007 0.000272452 0.0175399 0.154041 0.184551 0.0301623 0.000675181 0.000742878 0.0278785 0.143119 0.100262 0.0130877 0.0494631 0.0947732 0.0332768 0.0448616 0.0360526 0.0265887 0.0238968 0.0137371 0.00501731
 2.60553e-026 3.33629e-020 6.20181e-015 1.57271e-010 5.44056e-007 0.000256752 0.0165292 0.145165 0.173916 0.0284275 0.00148905 0.0299292 0.142849 0.0930196 0.00907899 0.0244043 0.0987553 0.0588111 0.0413431 0.0500433 0.0317754 0.0253429 0.0180501 0.00886077 0.00195313
 2.59972e-026 3.3278e-020 6.18603e-015 1.5687e-010 5.42672e-007 0.000256098 0.0164871 0.144795 0.173508 0.0324542 0.0671785 0.14727 0.0456601 0.031529 0.0998874 0.0481119 0.03306 0.0572178 0.0372622 0.0307086 0.0200581 0.0111532 0.00312106 0.000274745 6.162e-006
 2.5777e-026 3.29655e-020 6.12794e-015 1.55397e-010 5.37576e-007 0.000253693 0.0163323 0.143435 0.171889 0.0329356 0.0722861 0.145564 0.0683492 0.0990981 0.0552818 0.0540634 0.0430839 0.0357007 0.0308462 0.0196039 0.00916147 0.00199447 0.000118056 1.46757e-006 3.36424e-009
 2.48838e-026 3.17e-020 5.8927e-015 1.49432e-010 5.16939e-007 0.000243954 0.0157053 0.13793 0.165456 0.039906 0.109894 0.130173 0.0728102 0.105704 0.0738088 0.051842 0.0381521 0.0283733 0.019876 0.00850017 0.00155075 7.3431e-005 6.70686e-007 1.04316e-009 2.59443e-013
 2.30391e-026 2.90942e-020 5.4083e-015 1.37148e-010 4.74445e-007 0.000223901 0.0144143 0.126591 0.151664 0.0248505 0.00665952 0.0806532 0.148941 0.0896571 0.115318 0.0839406 0.0687049 0.0422632 0.0264745 0.014928 0.00432255 0.000385018 7.33711e-006 2.4317e-008 1.27408e-011
 2.32025e-026 2.93273e-020 5.45164e-015 1.38247e-010 4.78247e-007 0.000225695 0.0145298 0.127605 0.152879 0.0249884 0.00122397 0.0250084 0.12792 0.0901492 0.0345475 0.108873 0.103403 0.0826998 0.0567757 0.0311888 0.0142293 0.00350397 0.000244719 3.4396e-006 8.19046e-009
 2.41191e-026 3.06243e-020 5.69274e-015 1.44361e-010 4.99398e-007 0.000235676 0.0151724 0.133249 0.159641 0.0260932 0.00120586 0.0240802 0.126718 0.0911134 0.0174751 0.0720278 0.0880817 0.0628959 0.0816757 0.0586053 0.0301295 0.0100614 0.00148413 5.45284e-005 3.67618e-007
 2.47083e-026 3.14558e-020 5.84731e-015 1.48281e-010 5.12958e-007 0.000242075 0.0155844 0.136867 0.163977 0.027372 0.023669 0.126832 0.0952283 0.0173335 0.068048 0.0848321 0.0430939 0.0637534 0.0581216 0.0488427 0.0215116 0.00439896 0.000287802 3.99877e-006 9.44361e-009
 2.49339e-026 3.17733e-020 5.90633e-015 1.49777e-010 5.18135e-007 0.000244519 0.0157416 0.138248 0.165651 0.0300519 0.0575296 0.148393 0.061403 0.0740577 0.0821318 0.0419225 0.0571591 0.0443056 0.0445175 0.0297354 0.00820523 0.000688127 1.32867e-005 4.66607e-008 2.61063e-011
 2.53287e-026 3.23351e-020 6.01075e-015 1.52425e-010 5.27295e-007 0.000248842 0.0160199 0.140692 0.168559 0.0275506 0.00122959 0.0243361 0.131351 0.102851 0.0734198 0.0953517 0.0618431 0.0507742 0.0396371 0.0348267 0.0241747 0.00666263 0.000465116 6.65512e-006 1.68362e-008
 2.51298e-026 3.20525e-020 5.95823e-015 1.51094e-010 5.22688e-007 0.000246667 0.01588 0.139463 0.167086 0.0274729 0.0117572 0.102662 0.128989 0.0251903 0.0476638 0.104266 0.0739742 0.0608239 0.040875 0.0294738 0.0189263 0.00494673 0.000298784 3.33073e-006 6.1945e-009
 2.50434e-026 3.19303e-020 5.93551e-015 1.50517e-010 5.20695e-007 0.000245727 0.0158194 0.138931 0.166449 0.0272947 0.0082913 0.0884589 0.139118 0.0411272 0.0807476 0.0795232 0.0447081 0.0670616 0.0497622 0.0305647 0.0168892 0.00468873 0.000314853 3.77186e-006 7.2299e-009
 2.54152e-026 3.24566e-020 6.03333e-015 1.52998e-010 5.29277e-007 0.000249777 0.0160801 0.141221 0.169192 0.0277175 0.006842 0.0807167 0.142866 0.0418276 0.0692436 0.0912789 0.0576207 0.0533823 0.04412 0.0352305 0.0172896 0.00474643 0.000369342 5.29551e-006 1.2014e-008
 2.57213e-026 3.28901e-020 6.11392e-015 1.55042e-010 5.36346e-007 0.000253113 0.0162949 0.143107 0.171452 0.028054 0.00459173 0.0657757 0.148813 0.0500961 0.0555403 0.0962544 0.0548486 0.0604329 0.044098 0.0333136 0.0204493 0.00603689 0.000575897 1.13799e-005 3.68684e-008
 2.57095e-026 3.2873e-020 6.11075e-015 1.54961e-010 5.36068e-007 0.000252981 0.0162865 0.143033 0.171363 0.0280701 0.00674789 0.0808298 0.145596 0.0404178 0.0573916 0.0950584 0.0529565 0.059009 0.0444903 0.032786 0.01923 0.00592827 0.00054239 1.04571e-005 3.42639e-008
 2.58627e-026 3.30887e-020 6.15085e-015 1.55978e-010 5.39585e-007 0.000254642 0.0163933 0.143972 0.172488 0.0284885 0.0166949 0.118192 0.118959 0.0311519 0.0860609 0.0745068 0.0532189 0.0531821 0.0403405 0.0283904 0.0142661 0.00324525 0.000192407 2.18826e-006 4.1147e-009
 2.62675e-026 3.36612e-020 6.25726e-015 1.58677e-010 5.48921e-007 0.000259047 0.016677 0.146463 0.175473 0.0291871 0.0227242 0.130797 0.107032 0.042854 0.0976599 0.0587158 0.057548 0.044987 0.0354414 0.0230802 0.00955657 0.00149051 5.41819e-005 3.53402e-007 3.67821e-010
 2.64397e-026 3.39046e-020 6.30252e-015 1.59824e-010 5.52891e-007 0.000260921 0.0167976 0.147522 0.176743 0.029493 0.0251475 0.134889 0.103418 0.0495011 0.0993241 0.0606228 0.0574832 0.0417533 0.0311264 0.0187797 0.0064068 0.000714477 1.71668e-005 7.13232e-008 4.62422e-011
 2.6748e-026 3.43417e-020 6.38377e-015 1.61885e-010 5.60019e-007 0.000264284 0.0170141 0.149424 0.179019 0.0293418 0.00800994 0.0882815 0.144936 0.0491463 0.088472 0.0760689 0.0595284 0.0473249 0.0332017 0.0204809 0.00822371 0.00122027 4.18903e-005 2.58119e-007 2.52569e-010
 2.67541e-026 3.43513e-020 6.38555e-015 1.6193e-010 5.60175e-007 0.000264358 0.0170189 0.149465 0.179069 0.0292807 0.00297989 0.0511779 0.15353 0.0655454 0.0474261 0.0994775 0.062134 0.0579389 0.0412875 0.0267969 0.0131494 0.00322984 0.000224098 3.06586e-006 6.96831e-009
 2.63808e-026 3.38218e-020 6.28713e-015 1.59434e-010 5.51541e-007 0.000260284 0.0167566 0.147162 0.176309 0.0290438 0.0144888 0.114428 0.129107 0.0272187 0.0679392 0.0886589 0.0527227 0.0569895 0.0404813 0.0252798 0.010906 0.00213481 0.000111366 1.10794e-006 1.79851e-009
 2.64751e-026 3.39569e-020 6.31223e-015 1.60071e-010 5.53743e-007 0.000261323 0.0168235 0.147749 0.177013 0.028938 0.00217521 0.0410522 0.150256 0.0780914 0.0520916 0.0985486 0.0483158 0.0569509 0.044548 0.0334429 0.0179446 0.00526515 0.000521178 1.1395e-005 4.35383e-008
 2.68653e-026 3.45083e-020 6.41474e-015 1.6267e-010 5.62735e-007 0.000265567 0.0170967 0.150149 0.179888 0.0294521 0.00608272 0.0771582 0.14965 0.0417545 0.0404836 0.0978851 0.0588787 0.0561094 0.0398237 0.0314942 0.0179864 0.00531958 0.000512284 1.09561e-005 4.14302e-008
 2.67506e-026 3.43456e-020 6.38449e-015 1.61903e-010 5.60082e-007 0.000264314 0.0170161 0.149441 0.179039 0.029345 0.0080266 0.0887379 0.145751 0.0390453 0.0644842 0.087612 0.0431906 0.0565739 0.0414532 0.0286263 0.0163249 0.00466111 0.000399459 7.29227e-006 2.32899e-008
 2.66251e-026 3.4168e-020 6.35147e-015 1.61066e-010 5.57186e-007 0.000262947 0.016928 0.148668 0.178113 0.0291932 0.0080124 0.0890349 0.146974 0.0407604 0.0693969 0.0866919 0.0497551 0.0509304 0.0374613 0.0283505 0.0149709 0.00415353 0.000336634 5.59154e-006 1.59811e-008
 2.62958e-026 3.37021e-020 6.26487e-015 1.5887e-010 5.49588e-007 0.000259362 0.0166972 0.146641 0.175685 0.0287839 0.00727931 0.0849896 0.148513 0.0424618 0.0680599 0.0901496 0.0526029 0.0538772 0.0377531 0.0269731 0.0148822 0.00405583 0.000329938 5.46994e-006 1.5392e-008
 2.64425e-026 3.39092e-020 6.30337e-015 1.59846e-010 5.52966e-007 0.000260956 0.0167999 0.147542 0.176765 0.0290562 0.0120154 0.105912 0.134771 0.0341777 0.0779167 0.0816204 0.0535972 0.0522295 0.0372697 0.0246671 0.0123269 0.00288488 0.000184836 2.33054e-006 4.88408e-009
 2.59847e-026 3.32613e-020 6.18292e-015 1.56791e-010 5.42399e-007 0.000255969 0.0164788 0.144722 0.173387 0.0285937 0.0154492 0.116943 0.126424 0.0371896 0.0913916 0.0709435 0.0563521 0.0499349 0.0367239 0.0231536 0.0100739 0.001891 9.03876e-005 8.13483e-007 1.19401e-009
 2.60757e-026 3.33896e-020 6.20677e-015 1.57396e-010 5.44492e-007 0.000256957 0.0165424 0.145281 0.174058 0.0291185 0.0267524 0.138587 0.101877 0.0436075 0.0995485 0.0614153 0.0591606 0.0443678 0.032991 0.0190741 0.00653537 0.000803872 2.25681e-005 1.12671e-007 8.9103e-011
 2.59985e-026 3.32801e-020 6.18643e-015 1.5688e-010 5.42707e-007 0.000256115 0.0164882 0.144804 0.173489 0.0292911 0.0321622 0.144704 0.0940755 0.0573699 0.0984831 0.0586949 0.0586624 0.0423561 0.0294169 0.0153588 0.0040546 0.000326844 5.52508e-006 1.59996e-008 7.19897e-012
 2.60228e-026 3.33138e-020 6.19269e-015 1.57039e-010 5.43256e-007 0.000256374 0.0165049 0.144951 0.173672 0.0303533 0.0477618 0.153848 0.0758773 0.0719722 0.0918688 0.0618223 0.0544403 0.0392412 0.024834 0.0106177 0.00189117 8.65141e-005 7.57708e-007 1.09258e-009 2.40285e-013
 2.56155e-026 3.27372e-020 6.0855e-015 1.54321e-010 5.33853e-007 0.000251936 0.0162192 0.142442 0.170671 0.0304442 0.0546186 0.156068 0.0742491 0.0858432 0.0853414 0.0644791 0.0530632 0.0370003 0.0211947 0.00722157 0.000868491 2.38486e-005 1.17844e-007 9.31865e-011 1.10939e-014
 2.59663e-026 3.32325e-020 6.17758e-015 1.56656e-010 5.41931e-007 0.000255748 0.0164646 0.144598 0.173307 0.0348678 0.0845548 0.147618 0.0620954 0.0992921 0.0757722 0.0644632 0.0474672 0.0312048 0.0146054 0.00323032 0.000201264 2.50769e-006 5.25837e-009 1.70537e-012 8.17894e-017
 2.6419e-026 3.38723e-020 6.2965e-015 1.59672e-010 5.52363e-007 0.000260672 0.0167815 0.147381 0.17671 0.0389512 0.100951 0.139249 0.0728396 0.0996518 0.0695 0.0606905 0.0423922 0.0247035 0.00875238 0.00114839 3.56161e-005 2.01621e-007 1.83578e-010 2.52348e-014 5.05909e-019
 2.6151e-026 3.34929e-020 6.22598e-015 1.57883e-010 5.46176e-007 0.000257752 0.0165936 0.14573 0.174722 0.0382228 0.100804 0.145407 0.080375 0.101235 0.0726305 0.0575645 0.0394174 0.0207202 0.00579165 0.000517193 9.97182e-006 3.36036e-008 1.78285e-011 1.41163e-015 1.61893e-020
 2.52254e-026 3.21832e-020 5.98253e-015 1.5171e-010 5.2482e-007 0.000247673 0.0159447 0.140032 0.167906 0.0376153 0.102964 0.14452 0.082331 0.107955 0.0786247 0.0601854 0.038661 0.0185045 0.00422632 0.000278339 3.73756e-006 8.53715e-009 3.03007e-012 1.5936e-016 1.20872e-021
 2.52792e-026 3.22585e-020 5.99652e-015 1.52065e-010 5.26047e-007 0.000248253 0.015982 0.14036 0.168469 0.0440383 0.12161 0.128316 0.0873313 0.104121 0.0786003 0.0593135 0.0352185 0.0140006 0.00229427 9.5406e-005 7.54486e-007 9.81529e-010 1.9514e-013 5.69827e-018 2.38782e-023
 2.4945e-026 3.17861e-020 5.9087e-015 1.49838e-010 5.18343e-007 0.000244617 0.015748 0.138304 0.165892 0.0396196 0.110297 0.138964 0.0935677 0.104045 0.0800702 0.061639 0.03645 0.0132276 0.00186583 6.43406e-005 4.12495e-007 4.30062e-010 6.81369e-014 1.58101e-018 5.25832e-024
 2.54916e-026 3.25592e-020 6.05241e-015 1.53482e-010 5.3095e-007 0.000250566 0.016131 0.141668 0.170013 0.0434719 0.118672 0.129189 0.0895146 0.104716 0.0797782 0.0593061 0.0346218 0.0113312 0.00130087 3.46584e-005 1.67531e-007 1.29975e-010 1.5212e-014 2.59668e-019 6.35965e-025
 2.55384e-026 3.26252e-020 6.06467e-015 1.53793e-010 5.32026e-007 0.000251074 0.0161637 0.141955 0.170378 0.0442597 0.121242 0.130573 0.093397 0.100084 0.0785785 0.0588598 0.0331506 0.0100922 0.000993893 2.16524e-005 8.40553e-008 5.19774e-011 4.82807e-015 6.52305e-020 1.28185e-025
 2.56795e-026 3.28243e-020 6.1017e-015 1.54732e-010 5.35274e-007 0.000252607 0.0162623 0.142823 0.171568 0.0489036 0.131168 0.124051 0.0972262 0.0985098 0.0757117 0.0550967 0.0298108 0.00797039 0.000635509 1.05736e-005 3.04716e-008 1.3823e-011 9.36938e-016 9.21102e-021 1.53575e-026
 2.54916e-026 3.2558e-020 6.05218e-015 1.53476e-010 5.3093e-007 0.000250557 0.0161304 0.141665 0.170404 0.0541093 0.139986 0.119448 0.104562 0.0955541 0.0746851 0.0514666 0.0256336 0.00575098 0.000350438 4.21678e-006 8.5252e-009 2.67102e-012 1.24087e-016 8.3295e-022 3.26367e-027
 2.55657e-026 3.2663e-020 6.07172e-015 1.53972e-010 5.32644e-007 0.000251366 0.0161824 0.142121 0.170777 0.050013 0.133109 0.126608 0.106808 0.0979478 0.0754212 0.0509558 0.024376 0.0051393 0.000285749 3.06987e-006 5.47133e-009 1.49946e-012 6.06522e-017 3.53607e-022 2.76426e-027
 2.58104e-026 3.301e-020 6.13621e-015 1.55607e-010 5.38301e-007 0.000254036 0.0163543 0.14363 0.172347 0.0433579 0.118058 0.135126 0.0995673 0.104152 0.0793232 0.054333 0.0268918 0.00620582 0.000394488 4.92987e-006 1.0274e-008 3.29738e-012 1.56233e-016 1.06674e-021 3.50032e-027
 2.6165e-026 3.35125e-020 6.22963e-015 1.57976e-010 5.46496e-007 0.000257903 0.0166033 0.145816 0.17483 0.0384119 0.100225 0.143001 0.0880221 0.106796 0.0826874 0.0608729 0.0326398 0.00905826 0.000764424 1.33745e-005 3.99406e-008 1.85536e-011 1.27837e-015 1.27239e-020 2.04526e-026
 2.62957e-026 3.36976e-020 6.26404e-015 1.58848e-010 5.49515e-007 0.000259328 0.016695 0.146621 0.175791 0.0384315 0.100225 0.143248 0.0796405 0.104663 0.0808505 0.0637475 0.0370033 0.0116131 0.00118453 2.62096e-005 1.01198e-007 6.1404e-011 5.55274e-015 7.27e-020 1.37877e-025
 2.53976e-026 3.24263e-020 6.02771e-015 1.52855e-010 5.28783e-007 0.000249544 0.0160651 0.14109 0.169274 0.0419248 0.117035 0.135482 0.083883 0.1037 0.0782654 0.0627503 0.0373612 0.0117305 0.00116367 2.48463e-005 9.25398e-008 5.41898e-011 4.73034e-015 5.97817e-020 1.09922e-025
 2.06542e-026 2.57134e-020 4.77986e-015 1.21211e-010 4.19315e-007 0.000197883 0.0127393 0.111883 0.134631 0.0472334 0.149049 0.133526 0.108177 0.108547 0.0844072 0.0633159 0.0357964 0.00972754 0.000756129 1.19425e-005 3.20821e-008 1.34018e-011 8.30068e-016 7.42123e-021 1.18783e-026
 1.11731e-026 1.23035e-020 2.28708e-015 5.79977e-011 2.00635e-007 9.4684e-005 0.00609557 0.0535333 0.0641417 0.0116982 0.0376163 0.158313 0.131188 0.161402 0.139916 0.112731 0.077457 0.0377569 0.00766196 0.000390649 3.75671e-006 5.92502e-009 1.42751e-012 5.05411e-017 2.56971e-022
 5.74251e-027 4.62773e-021 8.77629e-016 2.31971e-011 8.72032e-008 4.81643e-005 0.00406479 0.0537828 0.111109 0.0539947 0.139169 0.199649 0.193778 0.144307 0.0779433 0.0205996 0.00153248 2.25316e-005 5.53638e-008 2.09799e-011 1.17487e-015 9.48681e-021 1.33174e-026 2.48562e-027 2.47898e-027
 6.70919e-026 9.14234e-020 1.69947e-014 4.30964e-010 1.49086e-006 0.000703569 0.0452944 0.39779 0.476578 0.0778899 0.00173663 5.28187e-006 2.19159e-009 1.24043e-013 9.58122e-019 1.2936e-024 2.62119e-027 2.50843e-027 2.4909e-027 2.48302e-027 2.47858e-027 2.47575e-027 2.47381e-027 2.47241e-027 2.47135e-027
 6.65097e-026 9.05994e-020 1.68415e-014 4.2708e-010 1.47743e-006 0.000697228 0.0448862 0.394206 0.47235 0.078758 0.00675873 0.00221026 0.000131666 1.07244e-006 1.19171e-009 1.80653e-013 3.73558e-018 1.0541e-023 2.49451e-027 2.48342e-027 2.47874e-027 2.47585e-027 2.47387e-027 2.47245e-027 2.47138e-027
 5.87361e-026 7.9597e-020 1.47962e-014 3.75215e-010 1.29801e-006 0.000612556 0.0394352 0.346354 0.417266 0.102645 0.0723571 0.0200452 0.00120646 7.5432e-005 1.51032e-006 4.33084e-009 1.69688e-012 9.07087e-017 6.61435e-022 3.1429e-027 2.48062e-027 2.47688e-027 2.47452e-027 2.47289e-027 2.47169e-027
 6.70903e-026 9.14212e-020 1.69942e-014 4.30954e-010 1.49083e-006 0.000703552 0.0452933 0.397781 0.476567 0.0778887 0.00174376 1.6602e-005 3.88155e-006 1.06525e-006 9.39605e-008 2.10949e-009 1.98663e-011 4.07649e-014 1.2182e-017 4.99984e-022 5.27956e-027 2.47576e-027 2.47382e-027 2.47241e-027 2.47135e-027
 6.40991e-026 8.7189e-020 1.62075e-014 4.11004e-010 1.42181e-006 0.000670983 0.0431966 0.379366 0.454505 0.0742824 0.0016562 5.73451e-006 0.000167383 0.00548142 0.0244873 0.0149234 0.00124113 1.45006e-005 1.18445e-007 7.81801e-009 1.43878e-010 5.70744e-013 5.51045e-016 1.0114e-019 2.7958e-024
 4.19535e-026 5.58575e-020 1.03833e-014 2.63309e-010 9.10882e-007 0.000429864 0.0276738 0.243041 0.291178 0.0475889 0.00106104 3.29621e-006 5.71733e-005 0.00645199 0.0993261 0.208597 0.0597618 0.00235554 0.00093595 0.0058588 0.00507058 0.000598775 9.68973e-006 2.49441e-008 7.18941e-011
 2.26959e-026 2.86074e-020 5.31782e-015 1.34854e-010 4.66508e-007 0.000220155 0.0141731 0.124473 0.149127 0.0244991 0.0118833 0.138759 0.231615 0.0527411 0.00171723 0.00680231 0.0798577 0.128024 0.0281323 0.00282273 0.00400963 0.00110172 4.13489e-005 2.12745e-007 1.59399e-010
 3.82872e-026 5.06624e-020 9.4176e-015 2.38819e-010 8.26163e-007 0.000389883 0.0251 0.220477 0.268198 0.0985066 0.102912 0.0320495 0.0655444 0.0881656 0.0170467 0.0150311 0.0446935 0.0189351 0.00224982 0.000651308 4.74356e-005 4.77365e-007 6.56955e-010 1.25099e-013 3.55579e-018
 3.57197e-026 4.70312e-020 8.74261e-015 2.21702e-010 7.66948e-007 0.000361939 0.0233009 0.204637 0.245239 0.0469642 0.0911749 0.169132 0.0824875 0.0390418 0.0405479 0.0246242 0.0144545 0.0149328 0.00284736 0.00024225 1.05207e-005 7.71101e-008 7.81563e-011 1.08283e-014 2.05518e-019
 3.58024e-026 4.71481e-020 8.76435e-015 2.22253e-010 7.68856e-007 0.000362839 0.0233589 0.205146 0.245886 0.0489006 0.0968794 0.146002 0.0636803 0.0825836 0.0438795 0.0215152 0.0124052 0.00731749 0.00196596 0.000114806 2.12711e-006 9.31217e-009 6.31607e-012 5.95937e-016 7.6936e-021
 3.81672e-026 5.04884e-020 9.38527e-015 2.37999e-010 8.23327e-007 0.000388545 0.025014 0.219797 0.272154 0.135801 0.13445 0.0593988 0.0679935 0.0431892 0.0263966 0.0102142 0.00415679 0.000989484 5.55736e-005 6.09874e-007 1.41114e-009 6.01976e-013 3.94408e-017 3.65133e-022 2.9403e-027
#obs surv len freq
 nan nan nan nan nan nan nan nan nan nan nan nan nan nan nan nan nan nan nan nan nan nan nan nan nan
 4.90869e-027 7.7259e-021 1.65883e-015 4.85878e-011 1.94143e-007 0.000105825 0.00786905 0.0798231 0.110462 0.0213091 0.0184561 0.0958683 0.070696 0.0277888 0.080758 0.0515842 0.0552139 0.0534608 0.05103 0.0494902 0.0502632 0.0512451 0.0541764 0.0512353 0.0191648
 5.27573e-027 8.30359e-021 1.78287e-015 5.22208e-011 2.0866e-007 0.000113737 0.00845744 0.0857917 0.118721 0.0229028 0.0198489 0.103105 0.0760328 0.0298981 0.0868945 0.0553128 0.0582478 0.0549335 0.0484699 0.0439526 0.0424256 0.0424297 0.0445968 0.042116 0.0157494
 5.53961e-027 8.71891e-021 1.87204e-015 5.48328e-011 2.19096e-007 0.000119426 0.00888046 0.0900827 0.124659 0.0240475 0.0208082 0.108083 0.0797041 0.0313491 0.0911185 0.057989 0.0609937 0.0572236 0.0493131 0.0419244 0.0370064 0.034745 0.0357596 0.0336264 0.0125667
 5.69473e-027 8.96307e-021 1.92447e-015 5.63683e-011 2.25232e-007 0.000122771 0.00912915 0.0926054 0.12815 0.0247214 0.0214096 0.111209 0.0820089 0.0322298 0.0936538 0.0596362 0.0628857 0.0590298 0.050834 0.0424672 0.0351227 0.0296742 0.0286553 0.0265502 0.00990423
 5.80957e-027 9.14381e-021 1.96327e-015 5.7505e-011 2.29774e-007 0.000125246 0.00931323 0.0944727 0.130734 0.0252179 0.0217633 0.113034 0.0833554 0.0327792 0.0952696 0.0606502 0.0638868 0.0600053 0.0517811 0.043238 0.0350868 0.0272751 0.0234844 0.0208107 0.00771629
 5.86087e-027 9.22456e-021 1.98061e-015 5.80128e-011 2.31803e-007 0.000126352 0.00939548 0.095307 0.131889 0.0254435 0.0220713 0.114653 0.0845453 0.0331538 0.0962672 0.0612876 0.0645688 0.060619 0.0522521 0.0436863 0.0354054 0.0265837 0.020331 0.0164331 0.00598163
 5.8981e-027 9.28315e-021 1.99319e-015 5.83813e-011 2.33275e-007 0.000127155 0.00945515 0.0959124 0.132726 0.0256045 0.0221879 0.115254 0.0849936 0.0334604 0.0972847 0.0618883 0.0649791 0.0609834 0.0525429 0.0438856 0.0355708 0.0264819 0.0187009 0.013316 0.00464451
 5.9347e-027 9.34076e-021 2.00556e-015 5.87436e-011 2.34723e-007 0.000127944 0.00951384 0.0965076 0.13355 0.0257618 0.0222632 0.115636 0.0852739 0.0335415 0.0974934 0.0620733 0.0654156 0.0613419 0.0526784 0.0439621 0.0355993 0.0264438 0.017919 0.0112471 0.00365002
 5.93558e-027 9.34215e-021 2.00586e-015 5.87523e-011 2.34757e-007 0.000127963 0.00951525 0.0965219 0.13357 0.0257678 0.0223512 0.116106 0.0856184 0.0336118 0.0976336 0.0621642 0.0655235 0.0615303 0.0530415 0.0441884 0.0357106 0.0264858 0.0175892 0.00998644 0.00295613
 5.94973e-027 9.36441e-021 2.01064e-015 5.88923e-011 2.35317e-007 0.000128268 0.00953792 0.0967519 0.133888 0.0258276 0.0223414 0.116046 0.0855772 0.0336903 0.097954 0.0623346 0.0655441 0.0615345 0.0530579 0.0443257 0.0358343 0.0265102 0.0174125 0.00921744 0.0024859
