SBPRF35
0.0501417
Curr Bio
114583
B35
74609.1
F35
2.76942
FOFL
2.76942
OFL
79656
Bzero
14326.2
#pred survey bio
 4971.58 6614.21 9704.5 13298.9 17910.8 22905.3 27149.1 32889.2 46380.5 70276.3 93394.6 124870 165668 189886 185163 148595 151006 152724 161664 157073 167061 174536 197308 215381 225025 211647 185442 140115 2.67887e+06 1.24814e+06 418883 235011 193486 180052 175364 173713 173131 172925 172852 172826 172817 172814 172813 172812 172812 172812 172812 172812 172812 172812 172812 172812 172812 172812 172812 172812 172812 172812 172812 172812 172812 172812 172812 172812 172812 172812 172812 172812 172812 172812 172812 172812 172812 172812 172812 172812 172812 172812 172812 172812 172812 172812 172812 172812 172812 172812 172812 172812 172812 172812 172812 172812 172812 172812 172812 172812 172812 172812 172812 172812 172812 172812 172812 172812 172812 172812 172812 172812 172812 172812 172812 172812 172812 172812 172812 172812 172812 172812 172812 172812 172812 172812 172812 172812 172812 172812 172812 172812 0 0 0 0 0 0 0 0 0 0 0 0 0 0 0 0 0 0 0 0 0 0 0 0 0
#obs survey bio
 3607.99 8025.92 9140.2 17811.1 16813.1 25558.8 24091.9 35340.8 68676.9 58318.7 95248.9 134962 127921 216362 135934 122756 186548 136998 157052 166959 144103 135918 164830 315450 266979 180118 186790 161760
#pred catch bio
 1633.8 2844.63 4121.82 5948.34 7912.51 10599.9 13781.1 16455.3 19413.3 35136.8 46358.6 57203.8 78547.1 89787.9 113949 82232.1 83135 71844.5 85567.5 78994.6 88415.9 83940.3 101088 104801 114636 108520 110326 90946.1 79656 38476.9 8660.27 5045.93 4898.79 4894.59 4894.48 4894.48 4894.48 4894.48 4894.48 4894.48 4894.48 4894.48 4894.48 4894.48 4894.48 4894.48 4894.48 4894.48 4894.48 4894.48 4894.48 4894.48 4894.48 4894.48 4894.48 4894.48 4894.48 4894.48 4894.48 4894.48 4894.48 4894.48 4894.48 4894.48 4894.48 4894.48 4894.48 4894.48 4894.48 4894.48 4894.48 4894.48 4894.48 4894.48 4894.48 4894.48 4894.48 4894.48 4894.48 4894.48 4894.48 4894.48 4894.48 4894.48 4894.48 4894.48 4894.48 4894.48 4894.48 4894.48 4894.48 4894.48 4894.48 4894.48 4894.48 4894.48 4894.48 4894.48 4894.48 4894.48 4894.48 4894.48 4894.48 4894.48 4894.48 4894.48 4894.48 4894.48 4894.48 4894.48 4894.48 4894.48 4894.48 4894.48 4894.48 4894.48 4894.48 4894.48 4894.48 4894.48 4894.48 4894.48 4894.48 4894.48 4894.48 4894.48 4894.48 4894.48 0 0 0 0 0 0 0 0 0 0 0 0 0 0 0 0 0 0 0 0 0 0 0 0 0
#obs catch bio
 2539.14 2880.78 3990.05 5726.47 7608.71 10005.4 13654.6 16333.4 18473.3 35196.8 45844.2 54882.1 78492.2 84446.9 120101 86566.6 86621.7 72972.9 86465.1 78135.9 91225.1 86593.7 106669 105857 113836 110060 114246 93151.1
#pred cpue bio
 3764.62 4069.61 5916.87 8324.99 11104.3 14480.8 17328.2 20381.7 27830.9 42976.3 57130.7 76369.3 103197 122264 124768 97027.9 95820.1 98004.3 106200 102197 107364 111680 126332 137257 147487 140810 125568 94382 1.69487e+06 1.03443e+06 361388 176054 133396 119764 115047 113393 112809 112604 112531 112505 112496 112492 112491 112491 112491 112490 112490 112490 112490 112490 112490 112490 112490 112490 112490 112490 112490 112490 112490 112490 112490 112490 112490 112490 112490 112490 112490 112490 112490 112490 112490 112490 112490 112490 112490 112490 112490 112490 112490 112490 112490 112490 112490 112490 112490 112490 112490 112490 112490 112490 112490 112490 112490 112490 112490 112490 112490 112490 112490 112490 112490 112490 112490 112490 112490 112490 112490 112490 112490 112490 112490 112490 112490 112490 112490 112490 112490 112490 112490 112490 112490 112490 112490 112490 112490 112490 112490 112490 0 0 0 0 0 0 0 0 0 0 0 0 0 0 0 0 0 0 0 0 0 0 0 0 0
#obs cpue bio
 2839.84 4969.33 6605.81 8677.43 12403.2 18214.4 15950.1 20628.8 25679.5 40879.5 65212.7 92640.8 109426 176709 99865.7 88691.5 72992 95211.8 125934 102430 94506.9 113551 125425 106783 139818 134630 113542 78524.5
#pred surv len freq
 3.79425e-11 1.78464e-09 5.81244e-08 1.31085e-06 2.04708e-05 0.000221363 0.00165755 0.00859485 0.0308665 0.0768246 0.132855 0.161228 0.142511 0.103148 0.0761125 0.0627629 0.0508512 0.0384374 0.0288026 0.0222887 0.0179517 0.0151544 0.0129336 0.0101545 0.00662181
 4.68234e-11 2.20235e-09 7.17291e-08 1.61767e-06 2.52622e-05 0.000273175 0.0020455 0.0106062 0.0380856 0.0947508 0.163571 0.197163 0.169918 0.113529 0.0712265 0.0495793 0.0350031 0.0222637 0.0130922 0.00761475 0.00451285 0.00281421 0.00188583 0.00127266 0.000765447
 4.50349e-11 2.11823e-09 6.89893e-08 1.55588e-06 2.42973e-05 0.000262741 0.00196738 0.0102013 0.0366341 0.0911645 0.157548 0.190694 0.166903 0.117042 0.0806718 0.06042 0.0421897 0.0241848 0.0115636 0.00502061 0.00208891 0.000843426 0.000347037 0.000155184 7.23912e-05
 4.36578e-11 2.05345e-09 6.68797e-08 1.5083e-06 2.35543e-05 0.000254707 0.00190722 0.00988944 0.0355152 0.0883895 0.152816 0.185272 0.163146 0.116566 0.0832701 0.0646158 0.0464928 0.0277604 0.0140424 0.00633318 0.00252566 0.000854097 0.000244599 6.31656e-05 1.62568e-05
 4.44745e-11 2.09187e-09 6.81309e-08 1.53652e-06 2.3995e-05 0.000259471 0.0019429 0.0100744 0.0361785 0.0900321 0.155601 0.188384 0.165039 0.116115 0.0806854 0.0613032 0.0439382 0.0264905 0.0136936 0.00636624 0.00262385 0.000912394 0.000261079 6.15645e-05 1.20741e-05
 4.3043e-11 2.02454e-09 6.59378e-08 1.48706e-06 2.32226e-05 0.00025112 0.00188037 0.00975021 0.0350158 0.0871516 0.150712 0.182888 0.161587 0.116608 0.0847694 0.0666918 0.0482538 0.028888 0.0146968 0.00673154 0.0027641 0.000970928 0.000283679 6.84651e-05 1.35214e-05
 4.25997e-11 2.00369e-09 6.52588e-08 1.47175e-06 2.29835e-05 0.000248534 0.001861 0.00964982 0.0346555 0.0862575 0.149183 0.181116 0.160293 0.116266 0.0853282 0.0677954 0.0495651 0.0301646 0.0157179 0.00736082 0.00305032 0.00106665 0.00030817 7.36898e-05 1.45324e-05
 4.44747e-11 2.09188e-09 6.81311e-08 1.53653e-06 2.39951e-05 0.000259472 0.00194291 0.0100744 0.0361787 0.0900327 0.155603 0.188393 0.165066 0.116172 0.080766 0.0613639 0.0439315 0.0264172 0.0136049 0.00630943 0.00260517 0.000912899 0.00026478 6.33853e-05 1.24478e-05
 4.61609e-11 2.17119e-09 7.07141e-08 1.59478e-06 2.49048e-05 0.000269309 0.00201656 0.0104562 0.0375486 0.0934289 0.161385 0.194981 0.169501 0.116401 0.0771163 0.0559625 0.0389297 0.0227607 0.0112721 0.00500634 0.0019997 0.000686411 0.000196528 4.66699e-05 9.12944e-06
 4.49739e-11 2.11536e-09 6.88958e-08 1.55377e-06 2.42644e-05 0.000262385 0.00196471 0.0101875 0.0365845 0.0910401 0.157328 0.190407 0.166583 0.116689 0.0803352 0.0603083 0.0425311 0.0249108 0.0122899 0.00541893 0.00214376 0.00072705 0.000205192 4.8015e-05 9.27921e-06
 4.49131e-11 2.1125e-09 6.88027e-08 1.55167e-06 2.42316e-05 0.00026203 0.00196206 0.0101737 0.0365351 0.090918 0.157122 0.190181 0.166461 0.116766 0.080592 0.0606154 0.042746 0.0249839 0.0122647 0.00536008 0.00209217 0.000695995 0.0001914 4.34442e-05 8.14327e-06
 4.49472e-11 2.1141e-09 6.88549e-08 1.55285e-06 2.425e-05 0.000262229 0.00196355 0.0101814 0.0365628 0.0909865 0.157237 0.190307 0.166527 0.116718 0.0804434 0.060446 0.0426415 0.0249661 0.0122933 0.00538964 0.00210649 0.000699519 0.000191273 4.29533e-05 7.92114e-06
 4.3886e-11 2.06419e-09 6.72293e-08 1.51619e-06 2.36775e-05 0.000256038 0.00191719 0.00994112 0.0357007 0.0888497 0.153602 0.186179 0.163798 0.116709 0.0829335 0.0640041 0.0458066 0.0271333 0.0135723 0.00606316 0.00241052 0.000812261 0.000225195 5.12165e-05 9.53079e-06
 4.17416e-11 1.96332e-09 6.39442e-08 1.4421e-06 2.25205e-05 0.000243527 0.00182352 0.00945552 0.0339586 0.0845319 0.14626 0.177855 0.158333 0.116803 0.0881303 0.0713336 0.0522259 0.0314084 0.0159995 0.0072942 0.00295052 0.0010083 0.00028339 6.53909e-05 1.23453e-05
 3.8724e-11 1.82139e-09 5.93215e-08 1.33785e-06 2.08924e-05 0.000225923 0.0016917 0.00877219 0.0315069 0.0784532 0.135907 0.166046 0.150336 0.116259 0.0944666 0.0808387 0.061158 0.0380849 0.0203636 0.0097748 0.00411409 0.00144617 0.000416225 9.82222e-05 1.8929e-05
 4.11067e-11 1.93346e-09 6.29717e-08 1.42017e-06 2.2178e-05 0.000239823 0.00179579 0.00931175 0.0334426 0.0832508 0.144067 0.175298 0.156417 0.116176 0.0887219 0.072714 0.0540152 0.0332987 0.0176301 0.00839003 0.00351513 0.00123509 0.000356384 8.44924e-05 1.6384e-05
 4.2997e-11 2.02237e-09 6.58673e-08 1.48547e-06 2.31978e-05 0.000250851 0.00187836 0.00973978 0.0349782 0.0870573 0.150543 0.182656 0.161298 0.116231 0.0843378 0.0664071 0.0483546 0.0293701 0.015287 0.00716488 0.00298075 0.00104904 0.000304974 7.30513e-05 1.4319e-05
 4.18395e-11 1.96793e-09 6.40942e-08 1.44548e-06 2.25733e-05 0.000244098 0.0018278 0.0094777 0.0340383 0.0847302 0.146603 0.178272 0.158703 0.117064 0.0882713 0.0713013 0.0519448 0.0309243 0.0155049 0.00695973 0.00279675 0.000960691 0.00027428 6.48508e-05 1.26292e-05
 4.07376e-11 1.9161e-09 6.24061e-08 1.40741e-06 2.19788e-05 0.00023767 0.00177966 0.00922814 0.0331426 0.0825069 0.142798 0.173845 0.15541 0.116046 0.0894108 0.0738198 0.0551345 0.0342158 0.0182661 0.0087413 0.00365699 0.00127388 0.000362879 8.49979e-05 1.63774e-05
 4.14132e-11 1.94788e-09 6.34411e-08 1.43075e-06 2.23433e-05 0.000241611 0.00180917 0.00938114 0.0336915 0.0838675 0.145114 0.176478 0.157165 0.116087 0.0878645 0.0715535 0.0530415 0.0327128 0.0173719 0.00832492 0.00353063 0.00126261 0.000372072 8.99699e-05 1.76953e-05
 4.22867e-11 1.98896e-09 6.47793e-08 1.46093e-06 2.28146e-05 0.000246707 0.00184733 0.00957893 0.0344011 0.0856261 0.148104 0.179864 0.159376 0.116016 0.0857005 0.0685282 0.0504197 0.0309992 0.0164242 0.00785701 0.00333185 0.00119522 0.000355231 8.72792e-05 1.75703e-05
 4.22878e-11 1.98902e-09 6.4781e-08 1.46097e-06 2.28152e-05 0.000246714 0.00184738 0.00957921 0.0344023 0.0856308 0.148124 0.179946 0.159631 0.11657 0.0864976 0.0691903 0.0505078 0.0304664 0.015651 0.00723935 0.00299191 0.00105474 0.000309468 7.53368e-05 1.51045e-05
 4.24618e-11 1.9972e-09 6.50475e-08 1.46698e-06 2.2909e-05 0.000247729 0.00185498 0.00961859 0.0345434 0.0859792 0.148707 0.180561 0.159879 0.116134 0.0854637 0.0681007 0.0499538 0.0305699 0.0160653 0.00759409 0.0031707 0.00111503 0.00032369 7.77299e-05 1.53906e-05
 4.26148e-11 2.0044e-09 6.5282e-08 1.47227e-06 2.29916e-05 0.000248622 0.00186166 0.00965326 0.0346679 0.0862888 0.14924 0.1812 0.160413 0.116444 0.0855456 0.0679422 0.0495171 0.0299287 0.0154399 0.00717312 0.00297095 0.00104612 0.000305363 7.36136e-05 1.45506e-05
 4.06448e-11 1.91174e-09 6.22641e-08 1.40421e-06 2.19288e-05 0.000237129 0.00177561 0.00920717 0.0330675 0.0823224 0.142496 0.173557 0.155408 0.116565 0.0903707 0.0747255 0.0554383 0.0338435 0.017629 0.00825445 0.00342661 0.0012028 0.000349193 8.38415e-05 1.65662e-05
 3.98396e-11 1.87386e-09 6.10305e-08 1.37639e-06 2.14943e-05 0.000232431 0.00174043 0.0090248 0.0324131 0.0806985 0.139721 0.170347 0.153085 0.116003 0.0914619 0.0767681 0.0577668 0.0360395 0.0193807 0.00937337 0.00397816 0.00141283 0.000412348 9.9121e-05 1.95464e-05
 3.85956e-11 1.81535e-09 5.91249e-08 1.33341e-06 2.08232e-05 0.000225174 0.0016861 0.00874311 0.0314025 0.0781927 0.135454 0.165482 0.149798 0.115798 0.0940945 0.0806785 0.0613895 0.0387044 0.0211267 0.0104104 0.00451173 0.00164153 0.000492276 0.000121446 2.44299e-05
 3.88103e-11 1.82545e-09 5.94538e-08 1.34083e-06 2.0939e-05 0.000226426 0.00169547 0.00879174 0.031577 0.0786267 0.136201 0.166369 0.150518 0.116171 0.0941279 0.0804133 0.0608285 0.03793 0.0203565 0.00984837 0.00420351 0.0015113 0.000449396 0.000110541 2.23313e-05
#obs surv len freq
 4.08461e-11 1.9212e-09 6.25723e-08 1.41116e-06 2.20373e-05 0.000238303 0.0017844 0.00925271 0.0332309 0.0827252 0.143168 0.174259 0.155663 0.115977 0.0890015 0.0731693 0.0543975 0.033609 0.018031 0.00894169 0.0040818 0.00165052 0.000578623 0.000173539 4.36014e-05
 4.91768e-11 2.31304e-09 7.53342e-08 1.69898e-06 2.65319e-05 0.000286905 0.0021483 0.0111391 0.0399982 0.0994962 0.171676 0.206523 0.176646 0.115073 0.0680636 0.0441437 0.0295539 0.0177209 0.00944303 0.00467236 0.00212582 0.000854662 0.00029717 8.82305e-05 2.19186e-05
 4.14911e-11 1.95154e-09 6.35604e-08 1.43345e-06 2.23854e-05 0.000242066 0.00181258 0.00939886 0.0337562 0.0840366 0.145463 0.177171 0.15863 0.118864 0.0916592 0.0745162 0.053045 0.0296465 0.0133023 0.00529482 0.00203727 0.000753761 0.000254138 7.45548e-05 1.8369e-05
 4.71326e-11 2.21689e-09 7.22027e-08 1.62835e-06 2.5429e-05 0.000274979 0.00205901 0.0106762 0.0383377 0.0953818 0.164687 0.198635 0.171594 0.115517 0.0735573 0.0516663 0.0359494 0.0216971 0.0113595 0.00533355 0.00219643 0.000760989 0.00022149 5.58276e-05 1.23657e-05
 4.44724e-11 2.09177e-09 6.81275e-08 1.53645e-06 2.39938e-05 0.000259459 0.00194281 0.0100739 0.0361775 0.0900339 0.155635 0.188573 0.16567 0.117509 0.082677 0.0628871 0.0439807 0.0249488 0.0116743 0.00492716 0.00197433 0.00072548 0.000230659 6.10095e-05 1.31319e-05
 4.34751e-11 2.04486e-09 6.65998e-08 1.50199e-06 2.34558e-05 0.000253641 0.00189924 0.00984807 0.0353671 0.0880236 0.152204 0.184625 0.162881 0.117012 0.0843338 0.0657225 0.0470244 0.0276092 0.0136026 0.00600253 0.00239941 0.000837816 0.000250704 6.44176e-05 1.40546e-05
 4.3363e-11 2.03959e-09 6.6428e-08 1.49812e-06 2.33953e-05 0.000252987 0.00189435 0.00982268 0.035276 0.0877967 0.151812 0.184154 0.162479 0.116759 0.0842237 0.0657606 0.0472503 0.0280107 0.0140707 0.00640182 0.00265735 0.000963773 0.000296163 7.62636e-05 1.62765e-05
 4.5924e-11 2.16004e-09 7.03512e-08 1.5866e-06 2.4777e-05 0.000267928 0.00200621 0.0104026 0.0373563 0.0929515 0.16057 0.194043 0.168835 0.116271 0.0774751 0.0565548 0.0395186 0.0232592 0.0116899 0.00534816 0.00224611 0.000830862 0.000262593 6.98592e-05 1.53554e-05
 4.69275e-11 2.20724e-09 7.18885e-08 1.62127e-06 2.53184e-05 0.000273782 0.00205005 0.0106298 0.0381716 0.0949738 0.164019 0.198 0.171592 0.116668 0.0756802 0.0536563 0.0365904 0.0208397 0.00994121 0.00427968 0.00172016 0.00062481 0.000197538 5.31814e-05 1.19208e-05
 4.43232e-11 2.08475e-09 6.78989e-08 1.53129e-06 2.39133e-05 0.000258588 0.00193629 0.0100401 0.0360563 0.0897336 0.155125 0.187999 0.165308 0.117558 0.0831145 0.0635021 0.0445384 0.0253148 0.0118176 0.00489679 0.00187513 0.000645912 0.000193776 5.00108e-05 1.09427e-05
 4.53806e-11 2.13448e-09 6.95187e-08 1.56782e-06 2.44838e-05 0.000264757 0.00198248 0.0102795 0.0369149 0.0918587 0.158719 0.191979 0.167599 0.116626 0.0792817 0.058852 0.0412815 0.0241147 0.0118789 0.00524649 0.00209434 0.000724917 0.00021204 5.23883e-05 1.09037e-05
 4.57417e-11 2.15147e-09 7.00719e-08 1.5803e-06 2.46786e-05 0.000266864 0.00199825 0.0103613 0.0372084 0.0925868 0.159963 0.193416 0.168633 0.116857 0.0787533 0.0578798 0.0401745 0.0230872 0.0111018 0.00480576 0.00192325 0.000684976 0.000208753 5.33379e-05 1.12275e-05
 4.32916e-11 2.03623e-09 6.63187e-08 1.49565e-06 2.33568e-05 0.00025257 0.00189123 0.00980654 0.0352182 0.0876557 0.151587 0.183965 0.162584 0.117394 0.0853114 0.0667738 0.047587 0.0275668 0.0132753 0.0057252 0.00226838 0.000797162 0.000240757 6.17304e-05 1.3226e-05
 4.03058e-11 1.89579e-09 6.17446e-08 1.3925e-06 2.17458e-05 0.000235151 0.0017608 0.0091304 0.0327925 0.0816423 0.141352 0.172324 0.154813 0.117168 0.092031 0.0765499 0.0564676 0.0338635 0.0171536 0.00783609 0.00323737 0.00115946 0.00035121 8.95713e-05 1.90544e-05
 3.784e-11 1.77981e-09 5.79673e-08 1.30731e-06 2.04155e-05 0.000220766 0.00165309 0.00857202 0.030789 0.0766735 0.132881 0.162615 0.148086 0.116297 0.0965757 0.0837398 0.0635695 0.0395891 0.0212597 0.010408 0.00458185 0.00173531 0.000552847 0.000146822 3.20324e-05
 4.21407e-11 1.98209e-09 6.45555e-08 1.45589e-06 2.27358e-05 0.000245856 0.00184095 0.00954583 0.0342821 0.0853274 0.147571 0.179145 0.158509 0.114924 0.0844304 0.0675614 0.0503867 0.0320205 0.0179836 0.00931139 0.00434187 0.00174726 0.00059399 0.000168155 3.88345e-05
 4.10568e-11 1.93111e-09 6.2895e-08 1.41844e-06 2.2151e-05 0.000239532 0.0017936 0.00930044 0.0334023 0.083152 0.143908 0.175163 0.156479 0.11658 0.0893635 0.0731429 0.053786 0.0325159 0.0169122 0.00819395 0.00374318 0.00154288 0.000551207 0.00016563 4.06731e-05
 4.02282e-11 1.89214e-09 6.16258e-08 1.38982e-06 2.1704e-05 0.000234698 0.00175741 0.00911281 0.0327291 0.0814822 0.14106 0.171894 0.154196 0.116243 0.0908575 0.0756178 0.0563817 0.0347132 0.0184321 0.00897198 0.0039908 0.00156781 0.000536609 0.000158792 3.96387e-05
 4.02717e-11 1.89419e-09 6.16925e-08 1.39132e-06 2.17275e-05 0.000234952 0.00175931 0.00912265 0.0327642 0.081568 0.141197 0.172006 0.154123 0.115834 0.0901547 0.0749457 0.0561207 0.034954 0.0189395 0.00945206 0.00429832 0.00171011 0.000583336 0.00016905 4.09964e-05
 4.27866e-11 2.01248e-09 6.55451e-08 1.47821e-06 2.30843e-05 0.000249624 0.00186917 0.00969212 0.0348072 0.0866306 0.1498 0.181735 0.160423 0.115484 0.0837142 0.0660585 0.0485438 0.0301581 0.0164197 0.00827785 0.00382199 0.00155114 0.000540604 0.000159345 3.89034e-05
 4.14507e-11 1.94964e-09 6.34985e-08 1.43205e-06 2.23636e-05 0.00024183 0.00181081 0.00938964 0.0337223 0.0839451 0.145256 0.176687 0.157467 0.116529 0.0883718 0.0717992 0.0526857 0.0318546 0.0165475 0.00795574 0.00357465 0.0014427 0.000506919 0.000151705 3.76942e-05
 4.06125e-11 1.91022e-09 6.22145e-08 1.40309e-06 2.19113e-05 0.00023694 0.0017742 0.00919982 0.0330412 0.0822554 0.142372 0.17337 0.155124 0.116114 0.0897651 0.0741713 0.0552168 0.0340616 0.0181619 0.00888109 0.00395978 0.00155239 0.000527031 0.000153928 3.79169e-05
 4.14561e-11 1.9499e-09 6.35068e-08 1.43224e-06 2.23665e-05 0.000241862 0.00181105 0.00939084 0.0337263 0.0839522 0.145249 0.176588 0.157092 0.115673 0.0871292 0.0707708 0.0525639 0.032704 0.0177537 0.00889064 0.0040605 0.0016231 0.00055578 0.00016122 3.89691e-05
 4.08898e-11 1.92326e-09 6.26392e-08 1.41267e-06 2.20609e-05 0.000238558 0.00178631 0.0092626 0.0332664 0.0828135 0.14332 0.17444 0.15581 0.116053 0.0890066 0.0731056 0.0542632 0.0334311 0.0178713 0.00884554 0.00404257 0.00163717 0.000571941 0.000169247 4.14701e-05
 4.01425e-11 1.88811e-09 6.14945e-08 1.38686e-06 2.16578e-05 0.000234198 0.00175367 0.0090934 0.0326593 0.0813081 0.140756 0.171511 0.153814 0.115885 0.0905299 0.0754297 0.05649 0.0351362 0.0190006 0.00947824 0.00432786 0.00174123 0.00060536 0.000179595 4.44619e-05
 3.93651e-11 1.85154e-09 6.03036e-08 1.36e-06 2.12383e-05 0.000229663 0.00171971 0.00891734 0.0320276 0.0797411 0.138082 0.168436 0.151647 0.115506 0.0918089 0.0775569 0.0586827 0.0370089 0.0204273 0.0104206 0.00484525 0.00197409 0.000691186 0.000205453 5.08315e-05
 3.73687e-11 1.75764e-09 5.72453e-08 1.29103e-06 2.01612e-05 0.000218015 0.0016325 0.00846526 0.0304056 0.0757201 0.131237 0.160646 0.146432 0.11531 0.0962187 0.083971 0.0644774 0.0411092 0.0230146 0.0119467 0.00566101 0.00235368 0.00084094 0.000254288 6.36731e-05
 4.04284e-11 1.90156e-09 6.19324e-08 1.39673e-06 2.1812e-05 0.000235866 0.00176615 0.00915807 0.0328908 0.0818765 0.141685 0.17239 0.153794 0.114218 0.0874216 0.0723597 0.0551521 0.0359131 0.0208725 0.0112511 0.00548349 0.00232982 0.000849517 0.000262181 6.69502e-05
#pred catch len freq
 3.04236e-11 1.43098e-09 4.66062e-08 1.05108e-06 1.64142e-05 0.000177497 0.0013291 0.00689207 0.024756 0.0616612 0.106942 0.131244 0.12075 0.0976246 0.0853483 0.0793514 0.068009 0.0532807 0.0410201 0.0321232 0.0258269 0.0216385 0.0183399 0.0143386 0.00933061
 4.2379e-11 1.9933e-09 6.49206e-08 1.46412e-06 2.28644e-05 0.000247246 0.00185136 0.00959974 0.0344748 0.0857993 0.148333 0.179814 0.158279 0.113019 0.0809057 0.0636445 0.047613 0.03106 0.018571 0.0108959 0.00644115 0.00397416 0.00263256 0.00176323 0.00105656
 4.01721e-11 1.88951e-09 6.154e-08 1.38788e-06 2.16737e-05 0.000234371 0.00175496 0.00910017 0.0326841 0.0813765 0.140917 0.17191 0.154812 0.117915 0.0933978 0.0777945 0.0567773 0.0331528 0.0160896 0.00708797 0.00297231 0.0011972 0.000487457 0.000215303 9.96009e-05
 3.8611e-11 1.81608e-09 5.91485e-08 1.33395e-06 2.08315e-05 0.000225264 0.00168677 0.00874665 0.0314156 0.0782297 0.135547 0.165732 0.150452 0.117156 0.0960359 0.0823244 0.0616941 0.0375038 0.0192516 0.00879667 0.00353388 0.0011957 0.000340671 8.71176e-05 2.21473e-05
 3.95636e-11 1.86088e-09 6.06077e-08 1.36686e-06 2.13454e-05 0.000230821 0.00172838 0.00896232 0.0321892 0.0801452 0.138792 0.169353 0.15263 0.116563 0.0929234 0.0783754 0.0586941 0.0360777 0.0189368 0.00891819 0.00370041 0.00128722 0.000366946 8.60265e-05 1.67604e-05
 3.79845e-11 1.78661e-09 5.81888e-08 1.3123e-06 2.04935e-05 0.000221609 0.00165941 0.00860478 0.0309067 0.0769684 0.133402 0.163302 0.148861 0.117191 0.0975488 0.0844157 0.0634583 0.0386302 0.0199212 0.00923237 0.00381383 0.0013393 0.000389607 9.34631e-05 1.83465e-05
 3.78053e-11 1.77818e-09 5.79143e-08 1.30611e-06 2.03968e-05 0.000220563 0.00165158 0.00856419 0.0307609 0.0766055 0.132775 0.16254 0.148191 0.116732 0.0973169 0.0844976 0.0639776 0.0394989 0.0207969 0.00981815 0.00408149 0.00142445 0.00040928 9.71684e-05 1.90273e-05
 4.00195e-11 1.88232e-09 6.13061e-08 1.3826e-06 2.15914e-05 0.00023348 0.00174829 0.00906556 0.0325596 0.0810637 0.140357 0.171141 0.153852 0.116675 0.0920061 0.0769642 0.0573279 0.035016 0.0182249 0.00852071 0.00352946 0.00123439 0.000356081 8.465e-05 1.65102e-05
 4.15331e-11 1.95352e-09 6.36249e-08 1.4349e-06 2.2408e-05 0.000242311 0.00181441 0.00940833 0.0337894 0.0841132 0.145553 0.177079 0.157911 0.117053 0.0889783 0.0723203 0.0528612 0.0315625 0.0158878 0.00716136 0.00288554 0.000992013 0.00028309 6.68553e-05 1.30014e-05
 4.06451e-11 1.91175e-09 6.22645e-08 1.40422e-06 2.19289e-05 0.00023713 0.00177562 0.00920725 0.0330681 0.0823266 0.142522 0.173675 0.155786 0.117396 0.0915714 0.0757277 0.0555822 0.033055 0.0164737 0.00732478 0.00290933 0.000985426 0.000276677 6.42854e-05 1.23346e-05
 4.05441e-11 1.907e-09 6.21097e-08 1.40073e-06 2.18744e-05 0.000236541 0.00177121 0.00918437 0.0329861 0.0821236 0.142179 0.173296 0.155573 0.117498 0.0919598 0.0762034 0.0559281 0.0331936 0.0164647 0.00725943 0.00284651 0.00094629 0.000259014 5.83901e-05 1.08661e-05
 4.02963e-11 1.89535e-09 6.17302e-08 1.39217e-06 2.17408e-05 0.000235096 0.00176039 0.00912828 0.0327848 0.0816245 0.141328 0.172324 0.154909 0.117438 0.0924596 0.07697 0.0566674 0.0337657 0.0168482 0.00747578 0.00294237 0.000977967 0.000266466 5.94897e-05 1.09009e-05
 3.91055e-11 1.83934e-09 5.9906e-08 1.35103e-06 2.10983e-05 0.000228148 0.00170837 0.00885862 0.0318174 0.0792263 0.137247 0.167685 0.151822 0.117374 0.0951769 0.0808992 0.0602113 0.0362499 0.0183586 0.00829086 0.00331557 0.0011173 0.000308518 6.97414e-05 1.28954e-05
 3.65078e-11 1.71715e-09 5.59265e-08 1.26128e-06 1.96968e-05 0.000212993 0.0015949 0.00827038 0.029707 0.0739956 0.12835 0.157588 0.145161 0.117397 0.101341 0.0896702 0.0679765 0.0415206 0.0214277 0.00988132 0.00402121 0.00137428 0.000384701 8.82385e-05 1.65554e-05
 3.42731e-11 1.61204e-09 5.25032e-08 1.18408e-06 1.84911e-05 0.000199956 0.00149728 0.00776433 0.0278913 0.0694927 0.120675 0.148802 0.139107 0.116706 0.105618 0.0963651 0.0745478 0.0467454 0.0250628 0.0120368 0.00505503 0.00176792 0.000505055 0.000118177 2.2593e-05
 3.6431e-11 1.71354e-09 5.5809e-08 1.25863e-06 1.96553e-05 0.000212545 0.00159154 0.00825298 0.0296443 0.0738376 0.128064 0.157178 0.144601 0.116599 0.10037 0.0889672 0.0680693 0.0424356 0.0226286 0.0108198 0.00453638 0.00158857 0.000455498 0.000107173 2.06302e-05
 3.86372e-11 1.81731e-09 5.91886e-08 1.33485e-06 2.08456e-05 0.000225416 0.00168792 0.00875256 0.0314367 0.0782806 0.135624 0.165774 0.150326 0.116728 0.0953447 0.0816802 0.0614667 0.0377818 0.0198015 0.00932185 0.00387996 0.00136059 0.000392977 9.34058e-05 1.81744e-05
 3.66121e-11 1.72206e-09 5.60863e-08 1.26488e-06 1.9753e-05 0.000213602 0.00159945 0.00829401 0.0297919 0.0742071 0.128718 0.158044 0.145593 0.117758 0.10161 0.0897307 0.0676809 0.0409144 0.0207807 0.00943779 0.00381679 0.00131122 0.000372789 8.75967e-05 1.69499e-05
 3.5787e-11 1.68325e-09 5.48224e-08 1.23638e-06 1.93079e-05 0.000208788 0.00156341 0.00810714 0.0291211 0.0725398 0.125851 0.154644 0.142851 0.11639 0.101594 0.0909093 0.0700096 0.0440027 0.0237083 0.0114227 0.0047893 0.00166438 0.000471449 0.000109628 2.097e-05
 3.63524e-11 1.70984e-09 5.56885e-08 1.25591e-06 1.96129e-05 0.000212087 0.00158811 0.00823516 0.0295804 0.0736785 0.12779 0.15685 0.144328 0.116442 0.10032 0.0890142 0.068223 0.0426874 0.0229215 0.0110781 0.00471324 0.00168218 0.000493103 0.000118458 2.31509e-05
 3.76084e-11 1.76892e-09 5.76125e-08 1.29931e-06 2.02905e-05 0.000219414 0.00164297 0.00851957 0.0306007 0.0762074 0.132091 0.161729 0.147539 0.116408 0.0973068 0.0847453 0.0644629 0.040157 0.0214641 0.010331 0.00438738 0.00156889 0.000463377 0.000113007 2.25904e-05
 3.722e-11 1.75065e-09 5.70176e-08 1.28589e-06 2.0081e-05 0.000217148 0.00162601 0.00843165 0.0302855 0.0754285 0.130781 0.160318 0.146861 0.117112 0.09924 0.0868979 0.0657371 0.040271 0.020945 0.00978936 0.0040656 0.0014318 0.000418033 0.000101096 2.01365e-05
 3.76768e-11 1.77213e-09 5.77173e-08 1.30167e-06 2.03274e-05 0.000219813 0.00164596 0.00853506 0.0306563 0.0763458 0.132329 0.162015 0.14778 0.116555 0.0973642 0.0847166 0.0643312 0.0399294 0.0211972 0.0100966 0.00422716 0.00148325 0.00042815 0.000102073 2.00668e-05
 3.76552e-11 1.77112e-09 5.76842e-08 1.30092e-06 2.03158e-05 0.000219687 0.00164502 0.00853019 0.030639 0.0763041 0.132267 0.161988 0.14791 0.11696 0.0979945 0.0852549 0.064421 0.0395409 0.0206434 0.00968499 0.00402908 0.00141696 0.00041156 9.85662e-05 1.93564e-05
 3.55187e-11 1.67063e-09 5.44114e-08 1.22711e-06 1.91631e-05 0.000207223 0.00155169 0.0080464 0.0289034 0.0720025 0.124952 0.153694 0.142464 0.117052 0.103172 0.0925685 0.0708437 0.0438318 0.0230744 0.0108962 0.004539 0.00159043 0.000459252 0.0001095 2.14875e-05
 3.46018e-11 1.6275e-09 5.30067e-08 1.19543e-06 1.86684e-05 0.000201873 0.00151164 0.00783874 0.0281582 0.0701527 0.121788 0.150021 0.139757 0.116279 0.104223 0.0947375 0.0734793 0.0464666 0.0252572 0.0123151 0.00524202 0.0018578 0.000539278 0.000128741 2.52156e-05
 3.39321e-11 1.596e-09 5.19808e-08 1.1723e-06 1.83071e-05 0.000197967 0.00148239 0.0076871 0.0276141 0.0688035 0.119489 0.147393 0.13796 0.116106 0.105545 0.0967469 0.0753789 0.0479175 0.0262682 0.0129668 0.00561015 0.00203085 0.00060453 0.000147927 2.9535e-05
 3.46923e-11 1.63176e-09 5.31453e-08 1.19856e-06 1.87173e-05 0.000202401 0.00151559 0.00785925 0.0282318 0.0703366 0.122109 0.150423 0.140155 0.11664 0.104525 0.0948413 0.0732168 0.0458785 0.0246216 0.0118836 0.00504954 0.00180322 0.000531524 0.000129518 2.59428e-05
#obs catch len freq
 3.56903e-11 1.6787e-09 5.46741e-08 1.23304e-06 1.92557e-05 0.000208224 0.00155918 0.00808522 0.0290425 0.0723444 0.125516 0.154249 0.142538 0.116227 0.101509 0.0907414 0.0696802 0.043689 0.0237517 0.011944 0.00552349 0.00226179 0.000803483 0.000244268 6.21849e-05
 3.57728e-11 1.68258e-09 5.48005e-08 1.23589e-06 1.93002e-05 0.000208705 0.00156279 0.00810392 0.0291096 0.0725112 0.125803 0.15459 0.142815 0.116373 0.10153 0.0906602 0.0695002 0.0434301 0.0234741 0.0117132 0.00536844 0.00217534 0.000763443 0.000229112 5.75854e-05
 4.58535e-11 2.15673e-09 7.02432e-08 1.58416e-06 2.47389e-05 0.000267516 0.00200313 0.0103866 0.0372985 0.0928054 0.160301 0.19364 0.168237 0.11535 0.0762966 0.0556243 0.0394542 0.0241426 0.012987 0.00646711 0.00295398 0.00119004 0.000414221 0.000123058 3.05816e-05
 3.66245e-11 1.72264e-09 5.61052e-08 1.26531e-06 1.97597e-05 0.000213674 0.0016 0.00829689 0.0298032 0.0742427 0.128833 0.158433 0.146727 0.120175 0.105025 0.0924267 0.0677138 0.0382094 0.0172454 0.00690892 0.00267405 0.000992907 0.000335334 9.8452e-05 2.42665e-05
 4.33284e-11 2.03796e-09 6.63749e-08 1.49692e-06 2.33766e-05 0.000252785 0.00189283 0.0098148 0.0352474 0.0877232 0.151668 0.183899 0.162003 0.115912 0.0831076 0.064951 0.0473909 0.0290786 0.0153502 0.00724979 0.00299672 0.00104036 0.000303156 7.6474e-05 1.69485e-05
 4.01754e-11 1.88966e-09 6.15449e-08 1.38799e-06 2.16755e-05 0.00023439 0.00175511 0.00910092 0.0326872 0.0813857 0.140946 0.172005 0.155086 0.118502 0.09424 0.0785048 0.0569103 0.0326753 0.0153934 0.00653871 0.00263362 0.000970569 0.000309011 8.17894e-05 1.76115e-05
 3.90243e-11 1.83552e-09 5.97815e-08 1.34823e-06 2.10545e-05 0.000227675 0.00170482 0.00884024 0.0317517 0.0790647 0.136982 0.167429 0.151807 0.117799 0.0959692 0.0816363 0.0604301 0.0358996 0.0178086 0.00790551 0.00317377 0.0011109 0.000332855 8.55931e-05 1.86838e-05
 3.88872e-11 1.82907e-09 5.95716e-08 1.34349e-06 2.09805e-05 0.000226875 0.00169884 0.00880919 0.0316402 0.0787872 0.136502 0.16685 0.151303 0.117461 0.0957925 0.0816449 0.0606945 0.0364104 0.0184187 0.00843052 0.00351423 0.00127747 0.000393027 0.000101276 2.16242e-05
 4.19119e-11 1.97133e-09 6.4205e-08 1.44799e-06 2.26124e-05 0.000244521 0.00183096 0.00949408 0.0340971 0.0848752 0.146846 0.178531 0.158814 0.116894 0.0878359 0.0707822 0.0515603 0.0307841 0.0155905 0.00717692 0.00302704 0.00112232 0.000355132 9.45415e-05 2.07892e-05
 4.31836e-11 2.03115e-09 6.61531e-08 1.49192e-06 2.32985e-05 0.00025194 0.00188651 0.00978207 0.0351305 0.0874384 0.151218 0.183554 0.162334 0.117454 0.0856433 0.0671772 0.0478583 0.0276628 0.0132948 0.00575962 0.00232603 0.000847149 0.000268193 7.22549e-05 1.62029e-05
 4.00369e-11 1.88314e-09 6.13327e-08 1.38321e-06 2.16008e-05 0.000233582 0.00174906 0.00906956 0.0325747 0.0811069 0.140473 0.171473 0.154752 0.118553 0.0946603 0.0791048 0.0574721 0.0330552 0.0155326 0.00647565 0.00249194 0.00086087 0.000258651 6.68091e-05 1.46255e-05
 4.13369e-11 1.94429e-09 6.33241e-08 1.42812e-06 2.23021e-05 0.000241166 0.00180584 0.00936389 0.0336302 0.0837193 0.144889 0.176357 0.157539 0.117342 0.0898543 0.0733117 0.0534622 0.0316479 0.0157013 0.00697591 0.00279647 0.000970217 0.000284144 7.02557e-05 1.46297e-05
 4.16475e-11 1.9589e-09 6.38001e-08 1.43885e-06 2.24698e-05 0.000242979 0.00181941 0.00943425 0.0338827 0.0843464 0.145964 0.177614 0.158495 0.117686 0.089605 0.0726327 0.0525002 0.0305885 0.0148176 0.00645538 0.0025958 0.00092699 0.000282893 7.23347e-05 1.52331e-05
 3.87528e-11 1.82274e-09 5.93655e-08 1.33884e-06 2.0908e-05 0.00022609 0.00169296 0.00877876 0.0315313 0.0785201 0.136067 0.166445 0.151342 0.118308 0.0973356 0.0831281 0.0612607 0.0358983 0.0174048 0.00755281 0.00300661 0.00105942 0.000320407 8.22167e-05 1.76237e-05
 3.53571e-11 1.66303e-09 5.41637e-08 1.22153e-06 1.90759e-05 0.00020628 0.00154463 0.00800982 0.0287726 0.0716807 0.124423 0.153184 0.142433 0.117894 0.104752 0.0940597 0.0713379 0.0432132 0.0220351 0.0101257 0.00420062 0.00150786 0.000457291 0.00011671 2.48389e-05
 3.26454e-11 1.53548e-09 5.00097e-08 1.12784e-06 1.76129e-05 0.00019046 0.00142618 0.00739574 0.0265691 0.0662152 0.1151 0.142474 0.134926 0.116695 0.1094 0.101667 0.0790894 0.0497198 0.0268785 0.0132331 0.00584681 0.00221866 0.000707564 0.000188028 4.10384e-05
 3.73498e-11 1.75675e-09 5.72163e-08 1.29037e-06 2.0151e-05 0.000217905 0.00163167 0.00846097 0.0303901 0.0756808 0.131164 0.160531 0.146248 0.115016 0.0958537 0.0837389 0.0646027 0.0415686 0.0235233 0.012249 0.00573126 0.00231046 0.000786194 0.000222692 5.14473e-05
 3.61146e-11 1.69866e-09 5.53241e-08 1.2477e-06 1.94846e-05 0.000210699 0.00157772 0.00818133 0.0293876 0.0732029 0.126997 0.15603 0.144053 0.117162 0.101847 0.0904029 0.0685036 0.0418673 0.0219331 0.010694 0.00490618 0.00202672 0.00072484 0.000217927 5.35328e-05
 3.51247e-11 1.6521e-09 5.38077e-08 1.2135e-06 1.89506e-05 0.000204924 0.00153448 0.00795717 0.0285833 0.0712076 0.123592 0.152115 0.141298 0.116702 0.103552 0.0933021 0.0716178 0.0445719 0.0238375 0.0116736 0.00521327 0.00205244 0.000703285 0.000208253 5.20058e-05
 3.50561e-11 1.64887e-09 5.37026e-08 1.21113e-06 1.89135e-05 0.000204524 0.00153148 0.00794161 0.0285273 0.0710672 0.123342 0.151775 0.140884 0.116174 0.10294 0.0928531 0.0716497 0.0451319 0.0246391 0.0123727 0.00564876 0.00225204 0.000769033 0.000223008 5.41031e-05
 3.78899e-11 1.78216e-09 5.80437e-08 1.30903e-06 2.04424e-05 0.000221057 0.00165527 0.0085833 0.0308293 0.0767717 0.133037 0.162738 0.147981 0.115776 0.0956744 0.0828278 0.0630997 0.0397187 0.0217997 0.01106 0.00512694 0.00208505 0.000727466 0.000214557 5.24026e-05
 3.63603e-11 1.71021e-09 5.57005e-08 1.25619e-06 1.96172e-05 0.000212133 0.00158845 0.00823697 0.0295872 0.0736975 0.127837 0.15698 0.144667 0.117128 0.101233 0.0895889 0.0678693 0.0415137 0.0217294 0.0105166 0.00474661 0.00192022 0.000675506 0.000202288 5.02812e-05
 3.5388e-11 1.66448e-09 5.42111e-08 1.2226e-06 1.90926e-05 0.00020646 0.00154598 0.00801679 0.0287971 0.0717372 0.12449 0.153119 0.141908 0.116555 0.102719 0.0922397 0.0708086 0.0441815 0.0237371 0.0116811 0.00522983 0.00205483 0.00069843 0.000204129 5.0304e-05
 3.63279e-11 1.70869e-09 5.56509e-08 1.25507e-06 1.95997e-05 0.000211944 0.00158704 0.0082296 0.0295604 0.0736273 0.127693 0.156695 0.144069 0.115996 0.0996819 0.0883611 0.0678255 0.0427171 0.0233721 0.0117785 0.0054011 0.00216351 0.000741643 0.000215275 5.20553e-05
 3.56765e-11 1.67805e-09 5.4653e-08 1.23256e-06 1.92483e-05 0.000208143 0.00155858 0.00808211 0.0290314 0.0723178 0.125476 0.154231 0.142619 0.116484 0.101914 0.0911037 0.0697805 0.0434955 0.023432 0.0116735 0.00535758 0.00217451 0.000760519 0.000225193 5.51993e-05
 3.47409e-11 1.63404e-09 5.32197e-08 1.20024e-06 1.87435e-05 0.000202685 0.00151771 0.00787023 0.0282712 0.0704327 0.122264 0.15056 0.140106 0.116245 0.103781 0.0939813 0.0725666 0.04566 0.0248857 0.0124951 0.00572929 0.00231013 0.000804079 0.00023871 5.91205e-05
 3.3902e-11 1.59459e-09 5.19347e-08 1.17126e-06 1.82909e-05 0.000197791 0.00148107 0.00768027 0.0275896 0.0687414 0.119376 0.147226 0.137718 0.115726 0.105 0.0961373 0.0749018 0.0477729 0.0265742 0.0136421 0.00636834 0.00259998 0.000911322 0.000271061 6.70895e-05
 3.17054e-11 1.49127e-09 4.85697e-08 1.09537e-06 1.71058e-05 0.000184976 0.00138512 0.00718285 0.0258049 0.064317 0.111843 0.138644 0.131942 0.115425 0.109727 0.103083 0.0812446 0.0523438 0.0295288 0.0154242 0.00733714 0.00305665 0.00109325 0.000330786 8.28582e-05
#spawning biomass
 4145.37 4272.37 6631.85 9521.12 12488.3 16717.9 20086.6 22930.7 30419.4 48130 64092.5 85594.2 117719 143990 151733 114693 110398 115479 126017 120232 124764 130306 146589 159266 175824 168821 152399 114583 84745.1 60215.9 10496.9 5228.05 5020.22 5014.32 5014.17 5014.17 5014.17 5014.17 5014.17 5014.17 5014.17 5014.17 5014.17 5014.17 5014.17 5014.17 5014.17 5014.17 5014.17 5014.17 5014.17 5014.17 5014.17 5014.17 5014.17 5014.17 5014.17 5014.17 5014.17 5014.17 5014.17 5014.17 5014.17 5014.17 5014.17 5014.17 5014.17 5014.17 5014.17 5014.17 5014.17 5014.17 5014.17 5014.17 5014.17 5014.17 5014.17 5014.17 5014.17 5014.17 5014.17 5014.17 5014.17 5014.17 5014.17 5014.17 5014.17 5014.17 5014.17 5014.17 5014.17 5014.17 5014.17 5014.17 5014.17 5014.17 5014.17 5014.17 5014.17 5014.17 5014.17 5014.17 5014.17 5014.17 5014.17 5014.17 5014.17 5014.17 5014.17 5014.17 5014.17 5014.17 5014.17 5014.17 5014.17 5014.17 5014.17 5014.17 5014.17 5014.17 5014.17 5014.17 5014.17 5014.17 5014.17 5014.17 5014.17 5014.17 0 0 0 0 0 0 0 0 0 0 0 0 0 0 0 0 0 0 0 0 0 0 0 0 0
