SBPRF35
0.234484
Curr Bio
163136
B35
217247
F35
0.925366
FOFL
0.643508
OFL
24677
Bzero
66995.2
#pred survey bio
 17555.4 14149.4 16043.5 18040.2 21038.2 23696.1 26494.5 34376.6 48060.8 61954.2 75853.6 92668 132754 145762 136759 122628 106066 103602 108490 102682 108159 111514 118709 125885 139125 144389 142512 126075 4.14959e+06 3.155e+06 2.33254e+06 1.38923e+06 914538 705928 610901 563132 536473 520404 510274 503744 499493 496717 494891 493679 492903 492405 492085 491879 491747 491661 491606 491570 491547 491532 491523 491516 491512 491510 491508 491507 491506 491506 491506 491505 491505 491505 491505 491505 491505 491505 491505 491505 491505 491505 491505 491505 491505 491505 491505 491505 491505 491505 491505 491505 491505 491505 491505 491505 491505 491505 491505 491505 491505 491505 491505 491505 491505 491505 491505 491505 491505 491505 491505 491505 491505 491505 491505 491505 491505 491505 491505 491505 491505 491505 491505 491505 491505 491505 491505 491505 491505 491505 491505 491505 491505 491505 491505 491505 0 0 0 0 0 0 0 0 0 0 0 0 0 0 0 0 0 0 0 0 0 0 0 0 0
#obs survey bio
 15483.6 9130.17 20751.7 12848.3 22331.6 19719.2 22393.7 27719.2 71406 48876.5 59835 92500.5 131782 111625 80735.7 101707 86871.6 89233.7 102307 86545.3 85431.7 74311.7 92188.1 104991 116000 116914 102399 103423
#pred catch bio
 10114.4 6667.98 7938.43 9391.76 11585.6 13231.6 14370.5 19152.1 28528.9 36424.5 49802.6 55979.1 90552 101023 95689.7 93377.2 78288.7 72671.6 83447.5 77387.6 84386.7 85862.6 93231.6 98575.8 111280 114443 118433 105039 24677 62636.9 47716.4 23572.4 13067.9 9471.09 8344.39 8009.71 7913.88 7887.17 7879.87 7877.9 7877.38 7877.24 7877.21 7877.2 7877.19 7877.19 7877.19 7877.19 7877.19 7877.19 7877.19 7877.19 7877.19 7877.19 7877.19 7877.19 7877.19 7877.19 7877.19 7877.19 7877.19 7877.19 7877.19 7877.19 7877.19 7877.19 7877.19 7877.19 7877.19 7877.19 7877.19 7877.19 7877.19 7877.19 7877.19 7877.19 7877.19 7877.19 7877.19 7877.19 7877.19 7877.19 7877.19 7877.19 7877.19 7877.19 7877.19 7877.19 7877.19 7877.19 7877.19 7877.19 7877.19 7877.19 7877.19 7877.19 7877.19 7877.19 7877.19 7877.19 7877.19 7877.19 7877.19 7877.19 7877.19 7877.19 7877.19 7877.19 7877.19 7877.19 7877.19 7877.19 7877.19 7877.19 7877.19 7877.19 7877.19 7877.19 7877.19 7877.19 7877.19 7877.19 7877.19 7877.19 7877.19 7877.19 7877.19 7877.19 0 0 0 0 0 0 0 0 0 0 0 0 0 0 0 0 0 0 0 0 0 0 0 0 0
#obs catch bio
 6095.73 6777.23 7967 9475.14 11654.3 13201.4 14144.2 19025.5 27620.2 35310.4 48605.2 55244.3 86940.2 98264.2 96400.5 93328.6 76257.1 70160.2 80804 75169.5 82714.8 84563.3 89805.4 95193.3 107532 109464 114720 103288
#pred cpue bio
 12561.4 9087.81 9944.09 11061.5 12267.5 13770.1 15377.3 18533.6 24703.3 32405.6 41097.7 45763.7 65042.6 76066.9 76020.1 68097.5 54611.1 52836.3 56108.6 50829.2 52253.4 52899 56420.3 58631.2 63954.7 67356.4 68735.8 60242.7 1.91693e+06 2.43694e+06 2.20046e+06 1.28025e+06 797382 586836 491446 443606 416934 400861 390730 384200 379950 377174 375347 374135 373359 372862 372542 372336 372203 372117 372062 372026 372003 371988 371979 371973 371969 371966 371964 371963 371962 371962 371962 371962 371961 371961 371961 371961 371961 371961 371961 371961 371961 371961 371961 371961 371961 371961 371961 371961 371961 371961 371961 371961 371961 371961 371961 371961 371961 371961 371961 371961 371961 371961 371961 371961 371961 371961 371961 371961 371961 371961 371961 371961 371961 371961 371961 371961 371961 371961 371961 371961 371961 371961 371961 371961 371961 371961 371961 371961 371961 371961 371961 371961 371961 371961 371961 371961 0 0 0 0 0 0 0 0 0 0 0 0 0 0 0 0 0 0 0 0 0 0 0 0 0
#obs cpue bio
 11428.6 7360.69 9070.88 13686.3 11843.9 17194.6 27920.4 23126.3 38778.3 54382.6 73021.6 57133.8 138695 120490 89082.7 119551 96606.8 108503 101836 90890.4 85321.9 98071.1 150413 119565 132930 159454 153884 102299
#pred surv len freq
 2.56283e-27 2.58747e-27 3.23965e-26 6.29439e-20 1.54299e-14 4.57217e-10 1.63767e-06 0.000709051 0.0371091 0.234763 0.179893 0.0397499 0.176172 0.162821 0.0395779 0.0496953 0.0215206 0.0167732 0.0103841 0.00791768 0.00619703 0.00532712 0.00529928 0.00466811 0.00142129
 2.56519e-27 2.59384e-27 3.79085e-26 7.45714e-20 1.82803e-14 5.41678e-10 1.9402e-06 0.000840032 0.0439642 0.27813 0.212998 0.0391671 0.148481 0.137595 0.0413551 0.0598024 0.0200022 0.00788609 0.00355119 0.00205407 0.00132148 0.000976904 0.000861986 0.00075873 0.000252978
 2.56564e-27 2.59499e-27 3.88224e-26 7.64988e-20 1.87528e-14 5.55678e-10 1.99034e-06 0.000861743 0.0451005 0.285318 0.218499 0.0399346 0.150456 0.139172 0.0371752 0.0499708 0.0185332 0.00994822 0.00310378 0.000937935 0.000402456 0.000229013 0.000168016 0.000138935 4.79373e-05
 2.56554e-27 2.59465e-27 3.84458e-26 7.57042e-20 1.8558e-14 5.49906e-10 1.96967e-06 0.000852792 0.0446321 0.282355 0.216246 0.0405933 0.157052 0.145186 0.0369442 0.0478533 0.0167115 0.007611 0.00273762 0.000901535 0.000196336 6.17243e-05 3.23757e-05 2.31012e-05 7.88815e-06
 2.56687e-27 2.5982e-27 4.15318e-26 8.22141e-20 2.01538e-14 5.97193e-10 2.13904e-06 0.000926124 0.04847 0.306635 0.234779 0.0401539 0.140688 0.130008 0.0328989 0.0424056 0.0144088 0.00592857 0.00192855 0.000586395 0.000144532 2.58847e-05 6.31002e-06 3.25071e-06 1.04147e-06
 2.5662e-27 2.59623e-27 3.96492e-26 7.8242e-20 1.91801e-14 5.6834e-10 2.0357e-06 0.00088138 0.0461282 0.29182 0.223494 0.0418409 0.161455 0.148933 0.0319325 0.0354042 0.0117797 0.00448303 0.00137791 0.000369728 8.0976e-05 1.46579e-05 1.90051e-06 4.36584e-07 1.17061e-07
 2.56648e-27 2.59705e-27 4.04261e-26 7.98813e-20 1.95819e-14 5.80248e-10 2.07835e-06 0.000899846 0.0470947 0.297934 0.228151 0.0411358 0.152817 0.141102 0.033085 0.03997 0.0126361 0.00375336 0.00108824 0.000268868 5.24921e-05 8.32838e-06 9.50666e-07 8.93431e-08 1.37983e-08
 2.56834e-27 2.60205e-27 4.48014e-26 8.91112e-20 2.18445e-14 6.47292e-10 2.31849e-06 0.00100382 0.0525363 0.332359 0.254423 0.0402304 0.127469 0.117606 0.0270211 0.032069 0.0104558 0.00361112 0.00097918 0.000194981 3.45484e-05 4.85581e-06 4.77238e-07 3.06662e-08 1.84686e-09
 2.56874e-27 2.60298e-27 4.54864e-26 9.05557e-20 2.21986e-14 6.57786e-10 2.35608e-06 0.00102009 0.0533879 0.337747 0.258552 0.0411872 0.131849 0.121388 0.0229995 0.0219188 0.00698337 0.00219177 0.000615774 0.000134233 2.03466e-05 2.40701e-06 2.05667e-07 1.07843e-08 3.33031e-10
 2.56806e-27 2.6011e-27 4.3775e-26 8.69452e-20 2.13136e-14 6.31559e-10 2.26214e-06 0.000979419 0.0512593 0.32428 0.248283 0.0420699 0.14578 0.134177 0.0240564 0.0210819 0.00629919 0.00131546 0.000335283 6.74121e-05 1.08704e-05 1.21173e-06 8.4635e-08 3.73088e-09 8.40916e-11
 2.56745e-27 2.59949e-27 4.24043e-26 8.40537e-20 2.06048e-14 6.10556e-10 2.18691e-06 0.000946848 0.0495546 0.313496 0.240048 0.0420316 0.151275 0.139359 0.027009 0.0265058 0.00786141 0.00151228 0.000342298 4.79813e-05 6.77616e-06 7.50996e-07 5.09033e-08 1.84893e-09 3.36757e-11
 2.56938e-27 2.6047e-27 4.69719e-26 9.36892e-20 2.29668e-14 6.80547e-10 2.43761e-06 0.00105539 0.0552353 0.349434 0.267473 0.0410115 0.124244 0.114328 0.021001 0.019109 0.0056849 0.00113302 0.000253254 3.15609e-05 3.42575e-06 2.86708e-07 1.83295e-08 6.38361e-10 9.69171e-12
 2.56928e-27 2.60438e-27 4.66399e-26 9.29888e-20 2.27951e-14 6.75459e-10 2.41938e-06 0.0010475 0.0548224 0.346821 0.265487 0.041536 0.129631 0.119199 0.020044 0.0156985 0.00462569 0.000865211 0.000192457 2.47492e-05 2.54979e-06 1.70546e-07 7.9116e-09 2.44217e-10 3.48049e-12
 2.56756e-27 2.59962e-27 4.23623e-26 8.39646e-20 2.05829e-14 6.09908e-10 2.18459e-06 0.000945844 0.0495021 0.313164 0.239816 0.043371 0.161631 0.148604 0.0229919 0.0150099 0.00427154 0.000564464 0.000112569 1.33225e-05 1.36364e-06 8.98951e-08 3.4543e-09 7.73686e-11 9.32304e-13
 2.56633e-27 2.59638e-27 3.95742e-26 7.80832e-20 1.91411e-14 5.67186e-10 2.03157e-06 0.000879591 0.0460346 0.291228 0.223068 0.0435064 0.174428 0.160591 0.028332 0.0241582 0.00683941 0.000779591 0.000140116 1.22251e-05 1.07776e-06 6.70146e-08 2.53235e-09 4.8386e-11 4.29588e-13
 2.56672e-27 2.59751e-27 4.06393e-26 8.03303e-20 1.9692e-14 5.8351e-10 2.09003e-06 0.000904905 0.0473594 0.299609 0.229454 0.0426259 0.163242 0.150396 0.0288471 0.0279084 0.00811057 0.00127175 0.000249362 1.90368e-05 1.37432e-06 6.43777e-08 2.17872e-09 4.00197e-11 3.08951e-13
 2.56811e-27 2.60116e-27 4.37707e-26 8.69358e-20 2.13113e-14 6.31491e-10 2.2619e-06 0.000979314 0.0512538 0.324246 0.248265 0.0425678 0.149583 0.137575 0.0226542 0.0170188 0.00492074 0.000763464 0.000154825 1.5181e-05 1.162e-06 4.50396e-08 1.14728e-09 1.74793e-11 1.26199e-13
 2.56814e-27 2.60123e-27 4.37942e-26 8.69853e-20 2.13234e-14 6.3185e-10 2.26318e-06 0.000979871 0.0512829 0.32443 0.24841 0.0428444 0.151586 0.139359 0.0217975 0.0146115 0.00412276 0.000477399 8.79364e-05 8.59484e-06 7.26127e-07 3.45223e-08 8.1135e-10 9.39193e-12 5.37556e-14
 2.56799e-27 2.60085e-27 4.34973e-26 8.63591e-20 2.11699e-14 6.27302e-10 2.24689e-06 0.000972817 0.0509137 0.322094 0.246623 0.0426484 0.151349 0.139211 0.0230578 0.0175191 0.0049458 0.000555626 9.76922e-05 7.48782e-06 5.6842e-07 2.81654e-08 7.8378e-10 9.40076e-12 4.28905e-14
 2.5687e-27 2.60272e-27 4.51001e-26 8.97402e-20 2.19987e-14 6.51862e-10 2.33486e-06 0.00101091 0.0529071 0.334705 0.256252 0.0425962 0.144187 0.132495 0.0199325 0.0120878 0.0033894 0.000366944 6.31386e-05 4.56324e-06 3.04695e-07 1.20309e-08 3.24851e-10 4.39719e-12 2.18511e-14
 2.56916e-27 2.60398e-27 4.62087e-26 9.20788e-20 2.2572e-14 6.68849e-10 2.39571e-06 0.00103725 0.0542859 0.343427 0.262907 0.042302 0.137272 0.126105 0.0186368 0.0107409 0.00297551 0.000263545 4.08749e-05 2.85485e-06 1.8348e-07 6.55395e-09 1.44573e-10 1.74291e-12 9.30727e-15
 2.56937e-27 2.60451e-27 4.66509e-26 9.30116e-20 2.28007e-14 6.75625e-10 2.41998e-06 0.00104776 0.0548358 0.346906 0.265566 0.0424118 0.13624 0.125093 0.0173695 0.00810838 0.00222078 0.00017312 2.42682e-05 1.40484e-06 7.84586e-08 2.66735e-09 5.4463e-11 5.51575e-13 2.52309e-15
 2.56934e-27 2.60443e-27 4.65793e-26 9.28604e-20 2.27636e-14 6.74527e-10 2.41604e-06 0.00104605 0.0547467 0.346342 0.265135 0.0424225 0.136623 0.12545 0.0174937 0.00830053 0.00226235 0.000154211 1.92229e-05 9.96799e-07 4.78215e-08 1.32226e-09 2.42481e-11 2.28067e-13 9.0193e-16
 2.5697e-27 2.60541e-27 4.74459e-26 9.46888e-20 2.32118e-14 6.87807e-10 2.46361e-06 0.00106665 0.0558246 0.353162 0.270338 0.042179 0.131115 0.120362 0.0164988 0.00731385 0.00198771 0.000132441 1.60204e-05 7.39269e-07 3.02671e-08 7.18583e-10 1.08409e-11 8.5671e-14 3.09349e-16
 2.56992e-27 2.60599e-27 4.79548e-26 9.57622e-20 2.34749e-14 6.95605e-10 2.49154e-06 0.00107874 0.0564574 0.357165 0.273393 0.0420548 0.128023 0.117501 0.0158545 0.00656569 0.00177727 0.000112532 1.29161e-05 5.82787e-07 2.25953e-08 4.61273e-10 5.8704e-12 3.81256e-14 1.13103e-16
 2.56956e-27 2.605e-27 4.70586e-26 9.38717e-20 2.30115e-14 6.81872e-10 2.44235e-06 0.00105744 0.0553428 0.350114 0.268016 0.0424919 0.135128 0.124017 0.0162718 0.00587774 0.00157899 9.2077e-05 9.58135e-06 4.10904e-07 1.48366e-08 2.90647e-10 3.35159e-12 1.81671e-14 4.43681e-17
 2.56894e-27 2.6033e-27 4.55598e-26 9.07097e-20 2.22364e-14 6.58904e-10 2.36008e-06 0.00102183 0.0534787 0.338321 0.259018 0.0429371 0.144837 0.13298 0.0179189 0.00737518 0.00198784 0.00011092 1.08442e-05 4.36592e-07 1.41526e-08 2.58361e-10 2.79579e-12 1.40754e-14 2.96081e-17
 2.56909e-27 2.60373e-27 4.59304e-26 9.14915e-20 2.2428e-14 6.64583e-10 2.38042e-06 0.00103063 0.0539396 0.341237 0.261244 0.0428651 0.142726 0.131021 0.0173845 0.00665053 0.00178843 0.000100645 9.93025e-06 3.83398e-07 1.135e-08 1.8893e-10 1.84609e-12 8.59518e-15 1.68593e-17
#obs surv len freq
 1.2488e-41 1.73325e-33 2.90789e-26 5.89715e-20 1.44562e-14 4.28363e-10 1.53433e-06 0.00066431 0.0347673 0.219949 0.168684 0.0417745 0.170494 0.142708 0.0891446 0.0842853 0.0329879 0.0118634 0.00239656 0.000267398 1.21386e-05 1.64299e-07 5.01998e-10 2.82758e-13 2.56961e-17
 1.56079e-41 2.16627e-33 3.63437e-26 7.37042e-20 1.80677e-14 5.3538e-10 1.91764e-06 0.000830273 0.0434532 0.274898 0.210677 0.0426787 0.142108 0.113234 0.0740628 0.0645219 0.0241719 0.00783369 0.00139204 0.000131893 4.87355e-06 5.11493e-08 1.16483e-10 4.76639e-14 3.09901e-18
 1.29166e-41 1.79273e-33 3.00769e-26 6.09952e-20 1.49523e-14 4.43063e-10 1.58698e-06 0.000687107 0.0359605 0.227498 0.174722 0.0517353 0.203977 0.149962 0.0733338 0.0554594 0.0198898 0.00580109 0.000899598 7.05948e-05 2.07495e-06 1.67074e-08 2.83006e-11 8.42182e-15 3.92497e-19
 1.55796e-41 2.16235e-33 3.62779e-26 7.35709e-20 1.8035e-14 5.34411e-10 1.91417e-06 0.000828771 0.0433746 0.274401 0.210469 0.0473515 0.14957 0.109486 0.0848861 0.0597041 0.0156821 0.00371228 0.00049916 3.21364e-05 7.35876e-07 4.4617e-09 5.57091e-12 1.20323e-15 4.02402e-20
 1.53908e-41 2.13615e-33 3.58383e-26 7.26793e-20 1.78165e-14 5.27935e-10 1.89098e-06 0.000818728 0.042849 0.271077 0.208173 0.0553157 0.179966 0.118701 0.0638995 0.0417326 0.0142373 0.0029345 0.000279196 1.40067e-05 2.47244e-07 1.11225e-09 1.00923e-12 1.56831e-16 3.75052e-21
 1.34828e-41 1.87133e-33 3.13954e-26 6.36692e-20 1.56078e-14 4.62486e-10 1.65655e-06 0.000717229 0.0375369 0.237473 0.182759 0.0612126 0.205411 0.13112 0.0835562 0.0467337 0.0111083 0.00216098 0.000201302 7.21762e-06 9.00701e-08 2.95108e-10 1.92685e-13 2.13205e-17 3.61484e-22
 1.56633e-41 2.17396e-33 3.64727e-26 7.39659e-20 1.81319e-14 5.3728e-10 1.92445e-06 0.000833221 0.0436074 0.275876 0.212056 0.0581322 0.165693 0.104986 0.0829722 0.0437255 0.0104454 0.00155697 0.000109894 3.42634e-06 3.12754e-08 6.93672e-11 3.14899e-14 2.45368e-18 2.92795e-23
 1.73206e-41 2.40399e-33 4.03319e-26 8.17923e-20 2.00504e-14 5.94131e-10 2.12808e-06 0.000921385 0.0482216 0.305068 0.234548 0.0627548 0.163124 0.0926605 0.056616 0.0277312 0.00727721 0.00101675 5.80423e-05 1.3011e-06 9.12254e-09 1.47932e-11 4.55276e-15 2.39298e-19 1.96291e-24
 1.65489e-41 2.29688e-33 3.85349e-26 7.81481e-20 1.91571e-14 5.67659e-10 2.03326e-06 0.000880333 0.0460731 0.291478 0.224576 0.0712273 0.184757 0.0980684 0.0553628 0.0224889 0.00448177 0.00057373 3.1006e-05 5.54397e-07 2.74836e-09 3.1752e-12 7.02548e-16 2.56511e-20 1.4227e-25
 1.53061e-41 2.12439e-33 3.5641e-26 7.22792e-20 1.77184e-14 5.25029e-10 1.88057e-06 0.00081422 0.0426131 0.269591 0.208303 0.0784819 0.199728 0.10492 0.0670665 0.0241064 0.00397752 0.000379672 1.59732e-05 2.45213e-07 9.6007e-10 7.8764e-13 1.20105e-16 3.06086e-21 1.19054e-26
 1.46681e-41 2.03583e-33 3.41553e-26 6.92663e-20 1.69798e-14 5.03143e-10 1.80218e-06 0.00078028 0.0408368 0.258357 0.200163 0.0842422 0.20397 0.107356 0.0749386 0.0250198 0.0040141 0.000311129 9.33214e-06 1.02143e-07 3.08295e-10 1.94977e-13 2.15842e-17 3.81613e-22 1.01747e-27
 1.88317e-41 2.61371e-33 4.38505e-26 8.89279e-20 2.17996e-14 6.45963e-10 2.31373e-06 0.00100177 0.0524285 0.331688 0.255772 0.0729695 0.140722 0.0736487 0.0525401 0.016431 0.00260925 0.00018164 4.4822e-06 3.46789e-08 7.07597e-11 3.17426e-14 2.59068e-18 3.36143e-23 6.40462e-29
 1.56947e-41 2.17832e-33 3.65458e-26 7.41141e-20 1.81682e-14 5.38357e-10 1.92831e-06 0.00083489 0.0436948 0.276448 0.215291 0.10226 0.213772 0.0902707 0.0431262 0.0122888 0.00188821 0.00012049 2.64082e-06 1.64208e-08 2.40595e-11 7.236e-15 3.97398e-19 3.59008e-24 4.88767e-30
 1.27077e-41 1.76374e-33 2.95904e-26 6.00087e-20 1.47104e-14 4.35897e-10 1.56131e-06 0.000675994 0.0353788 0.223848 0.176228 0.113828 0.233701 0.119465 0.078002 0.0170303 0.00174472 9.40966e-05 1.81796e-06 9.53576e-09 1.10643e-11 2.44298e-15 9.25635e-20 5.59964e-25 5.11331e-31
 1.14543e-41 1.58978e-33 2.66719e-26 5.409e-20 1.32595e-14 3.92904e-10 1.40732e-06 0.00060932 0.0318894 0.201781 0.160123 0.11716 0.226895 0.135652 0.0987311 0.0242038 0.00284191 0.000110008 1.47916e-06 6.18717e-09 5.78815e-12 9.96176e-16 2.82299e-20 1.22591e-25 7.77058e-32
 1.55749e-41 2.16169e-33 3.62668e-26 7.35483e-20 1.80295e-14 5.34247e-10 1.91359e-06 0.000828517 0.0433613 0.274354 0.214853 0.100662 0.165256 0.104375 0.0742927 0.0194237 0.00248779 0.000101688 1.18046e-06 3.37983e-09 2.23456e-12 2.90224e-16 6.2648e-21 2.04198e-26 9.5229e-33
 1.41016e-41 1.95721e-33 3.28363e-26 6.65913e-20 1.63241e-14 4.83712e-10 1.73258e-06 0.000750147 0.0392598 0.248436 0.198097 0.136056 0.215241 0.0967626 0.0510436 0.0127078 0.00157891 6.5694e-05 7.59702e-07 1.93428e-09 9.53412e-13 8.44228e-17 1.26703e-21 2.98461e-27 1.02387e-33
 1.45901e-41 2.02501e-33 3.39737e-26 6.88981e-20 1.68895e-14 5.00468e-10 1.7926e-06 0.000776132 0.0406197 0.257049 0.204997 0.129922 0.190065 0.108196 0.0574948 0.00992005 0.000923522 3.47515e-05 3.75768e-07 8.87133e-10 3.83628e-13 2.71889e-17 2.96979e-22 4.82132e-28 1.13273e-34
 1.43999e-41 1.99861e-33 3.35308e-26 6.79998e-20 1.66693e-14 4.93943e-10 1.76923e-06 0.000766013 0.0400902 0.253729 0.204559 0.144459 0.195794 0.101522 0.049211 0.00912842 0.000721147 1.84456e-05 1.53786e-07 3.08499e-10 1.14689e-13 6.86958e-18 6.12364e-23 7.7397e-29 1.34647e-35
 1.55947e-41 2.16444e-33 3.6313e-26 7.3642e-20 1.80525e-14 5.34927e-10 1.91602e-06 0.000829572 0.0434167 0.274791 0.221322 0.141227 0.174807 0.0948869 0.0416322 0.00660334 0.000471293 1.06345e-05 6.38897e-08 8.94373e-11 2.52427e-14 1.20405e-18 8.62743e-24 8.70996e-30 1.19358e-36
 1.50502e-41 2.08887e-33 3.50451e-26 7.10707e-20 1.74222e-14 5.1625e-10 1.84912e-06 0.000800607 0.0419009 0.265256 0.217252 0.160695 0.184899 0.0894333 0.0344038 0.00504862 0.000304348 5.65246e-06 2.7999e-08 2.95223e-11 5.77166e-15 1.91923e-19 1.00244e-24 7.62817e-31 7.99804e-38
 1.55356e-41 2.15624e-33 3.61754e-26 7.3363e-20 1.79841e-14 5.32901e-10 1.90876e-06 0.000826429 0.0432524 0.273844 0.225214 0.160377 0.172505 0.089386 0.0307117 0.00369477 0.000184322 2.81042e-06 1.0924e-08 8.93187e-12 1.32244e-15 3.16788e-20 1.14704e-25 6.01924e-32 4.42916e-39
 1.55577e-41 2.15931e-33 3.62269e-26 7.34675e-20 1.80097e-14 5.3366e-10 1.91148e-06 0.000827607 0.0433142 0.274304 0.228532 0.170895 0.170281 0.08286 0.0259144 0.00294642 0.000121897 1.44013e-06 4.32357e-09 2.68777e-12 2.97581e-16 5.2923e-21 1.40653e-26 5.30813e-33 2.74832e-40
 1.59269e-41 2.21056e-33 3.70866e-26 7.5211e-20 1.84371e-14 5.46325e-10 1.95685e-06 0.000847247 0.0443423 0.280879 0.235907 0.174163 0.162146 0.0780272 0.0214988 0.00211161 7.51453e-05 7.3304e-07 1.67509e-09 7.68179e-13 6.25546e-17 8.1469e-22 1.57695e-27 4.32106e-34 1.62004e-41
 1.58519e-41 2.20014e-33 3.69119e-26 7.48566e-20 1.83502e-14 5.4375e-10 1.94763e-06 0.000843255 0.0441337 0.279669 0.238717 0.184086 0.160095 0.0729007 0.0179418 0.00156511 4.61379e-05 3.63436e-07 6.57231e-10 2.2865e-13 1.35913e-17 1.27243e-22 1.76783e-28 3.47965e-35 9.36714e-43
 1.37285e-41 1.90542e-33 3.19674e-26 6.48293e-20 1.58922e-14 4.70914e-10 1.68674e-06 0.000730299 0.0382227 0.242503 0.218809 0.216981 0.183142 0.0808849 0.0174029 0.0012902 3.14056e-05 1.97719e-07 2.75956e-10 7.29151e-14 3.24507e-18 2.22986e-23 2.23182e-29 3.12934e-36 5.97761e-44
 1.40359e-41 1.94809e-33 3.26833e-26 6.6281e-20 1.6248e-14 4.81458e-10 1.72451e-06 0.000746652 0.039079 0.24802 0.224001 0.205406 0.17644 0.0879176 0.0172655 0.00110122 2.1644e-05 1.06558e-07 1.13914e-10 2.2597e-14 7.43974e-19 3.75382e-24 2.74383e-30 2.7903e-37 3.83397e-45
 1.46852e-41 2.03821e-33 3.41952e-26 6.93473e-20 1.69997e-14 5.03731e-10 1.80428e-06 0.000781193 0.0408867 0.259442 0.232157 0.202943 0.16894 0.0780236 0.0157649 0.00104093 1.87348e-05 7.87615e-08 6.96356e-11 1.12891e-14 3.02285e-19 1.23535e-24 7.28701e-31 5.96835e-38 6.59982e-46
#pred catch len freq
 2.55693e-27 2.57181e-27 1.89556e-26 3.45909e-20 8.47954e-15 2.51264e-10 8.99985e-07 0.000389659 0.0203934 0.129015 0.0991528 0.0402515 0.236714 0.219137 0.0574977 0.0766084 0.0330778 0.0256133 0.0157535 0.0119512 0.0093268 0.00800727 0.00796188 0.00701293 0.00213518
 2.55846e-27 2.57604e-27 2.26205e-26 4.23218e-20 1.03747e-14 3.0742e-10 1.10113e-06 0.000476746 0.0249512 0.157849 0.121162 0.0397566 0.21749 0.2021 0.0676523 0.103628 0.0346465 0.0136029 0.00609255 0.00350407 0.00224737 0.00165907 0.0014632 0.00128779 0.000429373
 2.55915e-27 2.57777e-27 2.39652e-26 4.51579e-20 1.10699e-14 3.28021e-10 1.17492e-06 0.000508694 0.0266232 0.168426 0.129262 0.0412248 0.222971 0.206717 0.0604661 0.0862438 0.0319418 0.0170551 0.00530298 0.00159091 0.000680121 0.000386379 0.00028331 0.000234244 8.08211e-05
 2.5593e-27 2.57802e-27 2.40529e-26 4.53423e-20 1.11151e-14 3.29361e-10 1.17971e-06 0.000510771 0.0267319 0.169114 0.129804 0.0422868 0.230672 0.213666 0.0589073 0.0808013 0.0281759 0.0127418 0.0045621 0.00149353 0.000324215 0.000101681 5.32939e-05 3.80213e-05 1.29826e-05
 2.56094e-27 2.58237e-27 2.77829e-26 5.32106e-20 1.30439e-14 3.86515e-10 1.38443e-06 0.000599406 0.0313708 0.198461 0.15221 0.0420721 0.213297 0.197484 0.0533723 0.0721808 0.0244754 0.00997253 0.00322947 0.000975236 0.000239599 4.28316e-05 1.04292e-05 5.3714e-06 1.72087e-06
 2.56042e-27 2.58071e-27 2.60759e-26 4.96087e-20 1.2161e-14 3.60351e-10 1.29072e-06 0.000558832 0.0292472 0.185027 0.14199 0.0445171 0.239083 0.220868 0.0500885 0.0587465 0.0195122 0.00735166 0.00224999 0.000599525 0.000130864 2.36418e-05 3.06251e-06 7.03199e-07 1.88538e-07
 2.56055e-27 2.58117e-27 2.65761e-26 5.06643e-20 1.24198e-14 3.6802e-10 1.31818e-06 0.000570723 0.0298696 0.188964 0.144981 0.043507 0.229296 0.212085 0.0530511 0.0676595 0.0213663 0.00628632 0.00181492 0.000445275 8.66461e-05 1.37185e-05 1.56444e-06 1.46962e-07 2.26943e-08
 2.56283e-27 2.58727e-27 3.18923e-26 6.18788e-20 1.51688e-14 4.4948e-10 1.60996e-06 0.000697052 0.0364812 0.23079 0.176905 0.0426568 0.200396 0.185224 0.0448172 0.0556671 0.0181131 0.00618267 0.0016702 0.000330073 5.82774e-05 8.17333e-06 8.02478e-07 5.15436e-08 3.10368e-09
 2.56376e-27 2.58952e-27 3.36348e-26 6.5554e-20 1.60698e-14 4.76176e-10 1.70558e-06 0.000738452 0.0386479 0.244498 0.187397 0.0442447 0.205108 0.189101 0.0369657 0.0367388 0.0116796 0.00361306 0.00101036 0.000218611 3.30301e-05 3.89801e-06 3.3271e-07 1.74381e-08 5.38414e-10
 2.56292e-27 2.58716e-27 3.14676e-26 6.09818e-20 1.49489e-14 4.42964e-10 1.58662e-06 0.000686947 0.0359523 0.227445 0.174395 0.0454649 0.223529 0.205997 0.038128 0.0350903 0.0104754 0.00215792 0.000547158 0.000109173 1.75446e-05 1.95151e-06 1.36154e-07 5.99894e-09 1.35188e-10
 2.56269e-27 2.5866e-27 3.1045e-26 6.00905e-20 1.47305e-14 4.3649e-10 1.56343e-06 0.000676907 0.0354269 0.224121 0.17185 0.0449978 0.221763 0.204517 0.0405703 0.0410253 0.0121507 0.00229952 0.000517796 7.19916e-05 1.01255e-05 1.11956e-06 7.58055e-08 2.75208e-09 5.0115e-11
 2.56472e-27 2.59207e-27 3.58269e-26 7.01781e-20 1.72033e-14 5.09765e-10 1.82589e-06 0.000790541 0.0413741 0.261744 0.200564 0.0440835 0.194631 0.179351 0.0337795 0.0318787 0.00947198 0.00185867 0.000413517 5.11295e-05 5.52852e-06 4.61395e-07 2.94615e-08 1.02556e-09 1.55671e-11
 2.56529e-27 2.59352e-27 3.70163e-26 7.26869e-20 1.78183e-14 5.27988e-10 1.89117e-06 0.000818803 0.0428532 0.271101 0.207715 0.0445034 0.192802 0.177478 0.0301008 0.0239585 0.0070472 0.00129333 0.00028602 3.64805e-05 3.74456e-06 2.49772e-07 1.15711e-08 3.56956e-10 5.08612e-12
 2.56323e-27 2.58783e-27 3.18863e-26 6.18644e-20 1.51653e-14 4.49375e-10 1.60959e-06 0.00069689 0.0364727 0.230737 0.17693 0.0468061 0.231954 0.213435 0.0333404 0.0222819 0.0063361 0.000823083 0.000162964 1.91303e-05 1.95043e-06 1.28238e-07 4.92139e-09 1.10153e-10 1.32699e-12
 2.56181e-27 2.58409e-27 2.87052e-26 5.51541e-20 1.35204e-14 4.00633e-10 1.435e-06 0.0006213 0.0325166 0.20571 0.157818 0.0466852 0.244463 0.225249 0.0403478 0.0352709 0.0099795 0.00111975 0.00019977 1.72975e-05 1.51772e-06 9.41076e-08 3.55156e-09 6.78172e-11 6.01922e-13
 2.56279e-27 2.58683e-27 3.12097e-26 6.04379e-20 1.48156e-14 4.39013e-10 1.57247e-06 0.00068082 0.0356317 0.225416 0.172843 0.0452655 0.223102 0.205688 0.0396043 0.0385132 0.0111736 0.00171758 0.000334716 2.53642e-05 1.82203e-06 8.50882e-08 2.87524e-09 5.27781e-11 4.07329e-13
 2.56429e-27 2.59076e-27 3.4545e-26 6.74734e-20 1.65403e-14 4.90119e-10 1.75552e-06 0.000760074 0.0397796 0.251657 0.192884 0.045501 0.210814 0.194046 0.0320474 0.0242186 0.00699106 0.00106337 0.00021422 2.08379e-05 1.58887e-06 6.14064e-08 1.56165e-09 2.37729e-11 1.71582e-13
 2.56402e-27 2.58998e-27 3.38061e-26 6.59144e-20 1.61581e-14 4.78794e-10 1.71496e-06 0.000742512 0.0388604 0.245842 0.188453 0.0461155 0.218603 0.201144 0.031693 0.0216163 0.00609469 0.000693753 0.000126767 1.22921e-05 1.0342e-06 4.90356e-08 1.15096e-09 1.33119e-11 7.61614e-14
 2.56444e-27 2.59118e-27 3.49149e-26 6.82536e-20 1.67315e-14 4.95786e-10 1.77582e-06 0.000768863 0.0402395 0.254567 0.195104 0.0454029 0.208507 0.191921 0.0317498 0.0240645 0.00678526 0.000747824 0.000130332 9.91379e-06 7.48711e-07 3.69911e-08 1.028e-09 1.23216e-11 5.61962e-14
 2.56521e-27 2.59319e-27 3.66161e-26 7.18423e-20 1.76113e-14 5.21853e-10 1.86919e-06 0.000809289 0.0423552 0.267951 0.205326 0.045499 0.202057 0.185818 0.027937 0.0169125 0.00473671 0.000503264 8.5818e-05 6.15672e-06 4.09018e-07 1.61008e-08 4.34047e-10 5.87103e-12 2.91659e-14
 2.56606e-27 2.5955e-27 3.86575e-26 7.61488e-20 1.8667e-14 5.53135e-10 1.98124e-06 0.0008578 0.0448942 0.284013 0.217582 0.0449377 0.189175 0.173918 0.0255999 0.0145784 0.00403392 0.000350916 5.38093e-05 3.73036e-06 2.3851e-07 8.49417e-09 1.87069e-10 2.25327e-12 1.20283e-14
 2.56624e-27 2.59595e-27 3.90166e-26 7.69061e-20 1.88526e-14 5.58636e-10 2.00094e-06 0.000866331 0.0453406 0.286838 0.219742 0.0451703 0.189427 0.174066 0.0241033 0.0111313 0.00304561 0.000233539 3.233e-05 1.85902e-06 1.03197e-07 3.49765e-09 7.13018e-11 7.21485e-13 3.29896e-15
 2.56634e-27 2.59623e-27 3.92691e-26 7.74389e-20 1.89832e-14 5.62506e-10 2.0148e-06 0.000872333 0.0456547 0.288825 0.221258 0.0450652 0.187563 0.172354 0.0239401 0.0111892 0.00304663 0.000204562 2.51341e-05 1.29519e-06 6.17375e-08 1.70176e-09 3.11496e-11 2.92719e-13 1.15713e-15
 2.5668e-27 2.59746e-27 4.03567e-26 7.97332e-20 1.95456e-14 5.79172e-10 2.0745e-06 0.000898178 0.0470074 0.297382 0.227787 0.044767 0.180705 0.166017 0.0226677 0.00988435 0.00268348 0.000176166 2.09986e-05 9.63608e-07 3.91759e-08 9.27229e-10 1.39612e-11 1.10219e-13 3.97808e-16
 2.56724e-27 2.59865e-27 4.14026e-26 8.19397e-20 2.00865e-14 5.952e-10 2.13191e-06 0.000923034 0.0483082 0.305611 0.234066 0.0444736 0.174061 0.15988 0.0214669 0.0086925 0.00235003 0.000146667 1.65705e-05 7.43559e-07 2.86259e-08 5.82669e-10 7.39955e-12 4.80066e-14 1.42342e-16
 2.5667e-27 2.59717e-27 4.00675e-26 7.91229e-20 1.9396e-14 5.74739e-10 2.05862e-06 0.000891303 0.0466476 0.295106 0.226054 0.0451051 0.184495 0.169453 0.0221539 0.00785033 0.00210647 0.000121262 1.24081e-05 5.29335e-07 1.89738e-08 3.70599e-10 4.26459e-12 2.30915e-14 5.63628e-17
 2.56626e-27 2.59598e-27 3.90238e-26 7.69213e-20 1.88563e-14 5.58747e-10 2.00134e-06 0.000866503 0.0453496 0.286895 0.219788 0.0453593 0.190832 0.175317 0.0234881 0.00941386 0.00253408 0.000139639 1.34087e-05 5.37175e-07 1.72797e-08 3.14505e-10 3.39586e-12 1.70784e-14 3.59049e-17
 2.56648e-27 2.59658e-27 3.95449e-26 7.80205e-20 1.91258e-14 5.66731e-10 2.02994e-06 0.000878884 0.0459976 0.290994 0.222917 0.0452505 0.187806 0.172512 0.0227622 0.00846629 0.00227349 0.000126323 1.22428e-05 4.70519e-07 1.38195e-08 2.29358e-10 2.23592e-12 1.03987e-14 2.0385e-17
#obs catch len freq
 6.01074e-42 8.34252e-34 1.39963e-26 2.83842e-20 6.95806e-15 2.0618e-10 7.38503e-07 0.000319746 0.0167342 0.105867 0.0816061 0.042375 0.226694 0.1914 0.131461 0.127172 0.0522543 0.0195142 0.00410527 0.000474667 2.24233e-05 3.16922e-07 1.00999e-09 5.91357e-13 5.56402e-17
 6.85364e-42 9.51239e-34 1.5959e-26 3.23646e-20 7.93379e-15 2.35093e-10 8.42064e-07 0.000364584 0.0190809 0.120713 0.0930568 0.0462708 0.230452 0.184972 0.128809 0.113924 0.0442846 0.0149574 0.00282194 0.000281026 1.08267e-05 1.18086e-07 2.79087e-10 1.18212e-13 7.93011e-18
 1.03296e-41 1.43368e-33 2.4053e-26 4.8779e-20 1.19576e-14 3.54326e-10 1.26914e-06 0.000549492 0.0287582 0.181934 0.139873 0.0482092 0.2023 0.154382 0.110156 0.0891042 0.0329809 0.00996678 0.0016424 0.000137756 4.27966e-06 3.59077e-08 6.29212e-11 1.93017e-14 9.24836e-19
 8.81028e-42 1.22281e-33 2.05152e-26 4.16043e-20 1.01988e-14 3.02209e-10 1.08247e-06 0.00046867 0.0245283 0.155176 0.119775 0.060094 0.262387 0.183122 0.0958119 0.0674561 0.0237769 0.00642247 0.000915638 6.30577e-05 1.54562e-06 9.88099e-09 1.28167e-11 2.85091e-15 9.77548e-20
 1.21367e-41 1.68449e-33 2.82608e-26 5.73124e-20 1.40495e-14 4.16311e-10 1.49116e-06 0.00064562 0.0337892 0.213762 0.16441 0.053962 0.19353 0.135863 0.110625 0.0707814 0.0181169 0.00399563 0.000489849 2.741e-05 5.19178e-07 2.48476e-09 2.36604e-12 3.80955e-16 9.35851e-21
 1.28234e-41 1.7798e-33 2.98598e-26 6.0555e-20 1.48443e-14 4.39865e-10 1.57553e-06 0.000682148 0.0357009 0.225858 0.173962 0.0636243 0.220257 0.137758 0.077136 0.0465808 0.0153325 0.00284853 0.000247319 1.07525e-05 1.55746e-07 5.49994e-10 3.79284e-13 4.38381e-17 7.68914e-22
 1.17249e-41 1.62734e-33 2.73019e-26 5.53678e-20 1.35728e-14 4.02186e-10 1.44056e-06 0.000623714 0.0326427 0.206512 0.159472 0.069474 0.235027 0.142825 0.0931716 0.0472797 0.0108687 0.0019375 0.000159588 4.89579e-06 5.01308e-08 1.28442e-10 6.35404e-14 5.21944e-18 6.48241e-23
 1.45466e-41 2.01897e-33 3.38724e-26 6.86925e-20 1.68392e-14 4.98975e-10 1.78725e-06 0.000773817 0.0404985 0.25621 0.197351 0.0647251 0.184801 0.112393 0.0893956 0.0427273 0.00973404 0.00130465 8.24658e-05 2.16926e-06 1.60096e-08 2.77367e-11 9.53172e-15 5.50607e-19 4.80824e-24
 1.67503e-41 2.32483e-33 3.90038e-26 7.9099e-20 1.93902e-14 5.74566e-10 2.058e-06 0.000891044 0.0466337 0.295024 0.2272 0.068848 0.175245 0.0947327 0.0580668 0.0260559 0.00645852 0.000801612 4.01677e-05 7.59445e-07 4.28764e-09 5.38488e-12 1.25203e-15 4.87855e-20 2.92702e-25
 1.64073e-41 2.27722e-33 3.82051e-26 7.74792e-20 1.89931e-14 5.62801e-10 2.01586e-06 0.000872798 0.0456788 0.288985 0.223036 0.077132 0.190415 0.0960511 0.0538283 0.0198104 0.00373974 0.00042817 1.99875e-05 2.96411e-07 1.17713e-09 1.05198e-12 1.75311e-16 4.73922e-21 1.9234e-26
 1.55611e-41 2.15978e-33 3.62349e-26 7.34836e-20 1.80136e-14 5.33777e-10 1.9119e-06 0.000827788 0.0433231 0.274086 0.212135 0.083922 0.199293 0.100191 0.0625695 0.0202493 0.00312658 0.0002649 9.68818e-06 1.2242e-07 3.79223e-10 2.39375e-13 2.74627e-17 5.17706e-22 1.47256e-27
 1.52019e-41 2.10992e-33 3.53983e-26 7.17871e-20 1.75978e-14 5.21454e-10 1.86776e-06 0.000808677 0.0423229 0.267762 0.207779 0.0892045 0.199318 0.101146 0.067939 0.0204731 0.0030337 0.000205481 5.3095e-06 4.79131e-08 1.14215e-10 5.52325e-14 4.58267e-18 5.98761e-23 1.16719e-28
 1.92893e-41 2.67723e-33 4.49161e-26 9.10889e-20 2.23294e-14 6.6166e-10 2.36996e-06 0.00102611 0.0537026 0.339751 0.262264 0.0762107 0.135922 0.0689967 0.0468101 0.0132696 0.00192623 0.000116273 2.4318e-06 1.53551e-08 2.47297e-11 8.48259e-15 5.17659e-19 4.95273e-24 6.8953e-30
 1.62388e-41 2.25384e-33 3.78129e-26 7.66837e-20 1.87981e-14 5.57022e-10 1.99516e-06 0.000863837 0.0452098 0.286038 0.223219 0.10722 0.205472 0.082722 0.0379455 0.00985885 0.00137191 7.55811e-05 1.38823e-06 6.96207e-09 7.98533e-12 1.83275e-15 7.52637e-20 5.00868e-25 4.97431e-31
 1.3339e-41 1.85137e-33 3.10605e-26 6.29901e-20 1.54413e-14 4.57553e-10 1.63888e-06 0.000709579 0.0371366 0.234977 0.185548 0.120193 0.225995 0.112702 0.0681445 0.0132897 0.00124447 5.81425e-05 9.34095e-07 3.91913e-09 3.5312e-12 5.91912e-16 1.67409e-20 7.46152e-26 4.97028e-32
 1.21594e-41 1.68764e-33 2.83137e-26 5.74197e-20 1.40758e-14 4.1709e-10 1.49395e-06 0.000646829 0.0338525 0.214211 0.170572 0.123902 0.219859 0.129677 0.086099 0.0191352 0.0019782 6.52144e-05 7.34375e-07 2.45277e-09 1.77147e-12 2.30309e-16 4.85626e-21 1.55201e-26 7.17992e-33
 1.63549e-41 2.26995e-33 3.80832e-26 7.72319e-20 1.89325e-14 5.61004e-10 2.00943e-06 0.000870012 0.045533 0.288102 0.226067 0.104437 0.156952 0.0979226 0.0632667 0.0151005 0.00168732 5.81171e-05 5.50547e-07 1.25328e-09 6.40579e-13 6.26908e-17 1.00373e-21 2.40232e-27 8.16783e-34
 1.48745e-41 2.06448e-33 3.46359e-26 7.02409e-20 1.72187e-14 5.10223e-10 1.82753e-06 0.000791259 0.0414115 0.262065 0.209629 0.140721 0.202771 0.0886474 0.0430685 0.00979658 0.00105971 3.70245e-05 3.45388e-07 6.88726e-10 2.60129e-13 1.73387e-17 1.92852e-22 3.32838e-28 8.30618e-35
 1.54273e-41 2.14121e-33 3.59233e-26 7.28517e-20 1.78587e-14 5.29187e-10 1.89546e-06 0.000820669 0.0429507 0.271815 0.217381 0.13366 0.178727 0.0994504 0.0472047 0.00736537 0.000604959 1.91044e-05 1.6575e-07 3.03941e-10 9.9824e-14 5.29276e-18 4.27641e-23 5.08771e-29 8.69087e-36
 1.52613e-41 2.11817e-33 3.55368e-26 7.20678e-20 1.76666e-14 5.23493e-10 1.87507e-06 0.00081184 0.0424886 0.268928 0.217485 0.1478 0.182888 0.0922445 0.0401937 0.00669562 0.000452998 9.73352e-06 6.54308e-08 1.01579e-10 2.85193e-14 1.27086e-18 8.34481e-24 7.71434e-30 9.76184e-37
 1.64743e-41 2.28653e-33 3.83613e-26 7.77959e-20 1.90708e-14 5.65101e-10 2.0241e-06 0.000876366 0.0458657 0.290314 0.234446 0.143155 0.161975 0.0850949 0.0332491 0.00472776 0.000288759 5.37385e-06 2.57635e-08 2.79623e-11 5.95434e-15 2.10522e-19 1.10675e-24 8.1446e-31 8.09848e-38
 1.59497e-41 2.21371e-33 3.71395e-26 7.53182e-20 1.84634e-14 5.47104e-10 1.95964e-06 0.000848455 0.0444051 0.281139 0.230946 0.162114 0.170366 0.0792631 0.0271848 0.00354762 0.000181412 2.77034e-06 1.08574e-08 8.8005e-12 1.29565e-15 3.1919e-20 1.22038e-25 6.7474e-32 5.11723e-39
 1.64479e-41 2.28286e-33 3.82997e-26 7.7671e-20 1.90401e-14 5.64194e-10 2.02085e-06 0.000874959 0.0457923 0.28996 0.239119 0.160858 0.15856 0.078413 0.0237804 0.0025317 0.000106766 1.3279e-06 4.06307e-09 2.54294e-12 2.82289e-16 4.99969e-21 1.32501e-26 5.04931e-33 2.6823e-40
 1.64792e-41 2.28721e-33 3.83726e-26 7.78189e-20 1.90764e-14 5.65269e-10 2.0247e-06 0.000876626 0.0458798 0.290596 0.242751 0.170445 0.155686 0.0718626 0.0198564 0.00197653 6.83656e-05 6.55854e-07 1.54292e-09 7.3114e-13 6.05176e-17 7.93833e-22 1.54169e-27 4.22417e-34 1.58024e-41
 1.68497e-41 2.33863e-33 3.92354e-26 7.95686e-20 1.95053e-14 5.77978e-10 2.07022e-06 0.000896335 0.0469116 0.297207 0.25022 0.172695 0.14765 0.066806 0.016185 0.00138506 4.09783e-05 3.21453e-07 5.72294e-10 1.9947e-13 1.21125e-17 1.16112e-22 1.63976e-28 3.25777e-35 8.81603e-43
 1.67828e-41 2.32935e-33 3.90796e-26 7.92526e-20 1.94279e-14 5.75683e-10 2.062e-06 0.000892776 0.0467258 0.29616 0.25334 0.181651 0.145183 0.0616955 0.0133205 0.00100334 2.44289e-05 1.53935e-07 2.15624e-10 5.67632e-14 2.51046e-18 1.72747e-23 1.74859e-29 2.49232e-36 4.83789e-44
 1.46854e-41 2.03824e-33 3.41957e-26 6.93482e-20 1.69999e-14 5.03738e-10 1.80431e-06 0.000781204 0.0408875 0.259505 0.234695 0.214886 0.167281 0.0682995 0.0128304 0.000815967 1.63052e-05 8.1586e-08 8.78081e-11 1.74947e-14 5.77708e-19 2.91318e-24 2.12295e-30 2.15468e-37 2.96612e-45
 1.50144e-41 2.0839e-33 3.49617e-26 7.09016e-20 1.73807e-14 5.15022e-10 1.84472e-06 0.000798703 0.041803 0.265212 0.235385 0.197276 0.166726 0.0778177 0.0141521 0.000814323 1.4042e-05 5.92488e-08 5.31863e-11 8.73468e-15 2.35664e-19 9.67582e-25 5.72672e-31 4.69939e-38 5.19742e-46
#spawning biomass
 20562.1 17176.5 19657.8 22163.2 26168.7 29475 32983.1 43511.8 61394.3 78835 95832 119320 171132 185429 171707 154072 135355 132437 138324 132030 139727 144525 153797 163704 181346 187676 184086 163136 154384 166577 105369 54638.1 33723.9 26602.4 24372.8 23710.6 23521 23468.2 23453.7 23449.8 23448.8 23448.5 23448.4 23448.4 23448.4 23448.4 23448.4 23448.4 23448.4 23448.4 23448.4 23448.4 23448.4 23448.4 23448.4 23448.4 23448.4 23448.4 23448.4 23448.4 23448.4 23448.4 23448.4 23448.4 23448.4 23448.4 23448.4 23448.4 23448.4 23448.4 23448.4 23448.4 23448.4 23448.4 23448.4 23448.4 23448.4 23448.4 23448.4 23448.4 23448.4 23448.4 23448.4 23448.4 23448.4 23448.4 23448.4 23448.4 23448.4 23448.4 23448.4 23448.4 23448.4 23448.4 23448.4 23448.4 23448.4 23448.4 23448.4 23448.4 23448.4 23448.4 23448.4 23448.4 23448.4 23448.4 23448.4 23448.4 23448.4 23448.4 23448.4 23448.4 23448.4 23448.4 23448.4 23448.4 23448.4 23448.4 23448.4 23448.4 23448.4 23448.4 23448.4 23448.4 23448.4 23448.4 23448.4 23448.4 0 0 0 0 0 0 0 0 0 0 0 0 0 0 0 0 0 0 0 0 0 0 0 0 0
