SBPRF35
7.77023
Curr Bio
196.665
B35
10127.8
F35
0.0290677
FOFL
0
OFL
0
Bzero
2.22007e+006
#pred survey bio
 1364.28 854.701 639.853 518.256 458.632 425.865 397.078 403.284 399.532 389.169 389.774 390.343 398.063 405.642 420.237 424.568 412.042 402.524 393.12 400.452 400.917 384.933 376.764 372.673 371.09 379.342 398.108 411.442 415.368 384.255 372.942 372.126 385.365 388.846 390.072 387.567 378.712 364.075 363.18 365.903 367.925 370.752 352.141 338.021 334.297 326.514 311.693 293.743 288.514 275.845 261.329 248.795 243.709 241.355 237.085 235.799 231.549 223.413 224.912 231.049 223.152 218.409 207.729 205.84 208.713 213.623 214.318 208.258 207.37 208.691 205.92 211.152 216.301 213.489 240.452 239.048 257.372 277.514 261.715 247.839 263.787 281.128 281.427 286.39 287.547 289.243 284.499 278.726 279.83 279.35 287.456 298.54 323.565 342.48 354.081 196.211 2666.38 39993.7 158140 369404 661850 1.01512e+006 1.40928e+006 1.82813e+006 2.25963e+006 2.69526e+006 3.12925e+006 3.5578e+006 3.97846e+006 4.38974e+006 4.79075e+006 5.18101e+006 5.55922e+006 5.9258e+006 6.28116e+006 6.62568e+006 6.95972e+006 7.28363e+006 7.59776e+006 7.90241e+006 8.1979e+006 8.48452e+006 8.76257e+006 9.03232e+006 9.29404e+006 9.54799e+006 9.79441e+006 1.00336e+007 1.02657e+007 1.04909e+007 1.07096e+007 1.09219e+007 1.1128e+007 1.13282e+007 1.15225e+007 1.17112e+007 1.18945e+007 1.20725e+007 1.22455e+007 1.24135e+007 1.25768e+007 1.27354e+007 1.28896e+007 1.30394e+007 1.31851e+007 1.33267e+007 1.34644e+007 1.35982e+007 1.37284e+007 1.38551e+007 1.39782e+007 1.40981e+007 1.42147e+007 1.43281e+007 1.44386e+007 1.4546e+007 1.46507e+007 1.47526e+007 1.48518e+007 1.49484e+007 1.50426e+007 1.51343e+007 1.52236e+007 1.53107e+007 1.53956e+007 1.54783e+007 1.5559e+007 1.56376e+007 1.57143e+007 1.57892e+007 1.58622e+007 1.59335e+007 1.6003e+007 1.60709e+007 1.61371e+007 1.62019e+007 1.62651e+007 1.63268e+007 1.63871e+007 1.64461e+007 1.65037e+007 1.656e+007 1.66151e+007 1.6669e+007 1.67216e+007 1.67732e+007 1.68236e+007 1.6873e+007 1.69213e+007 1.69686e+007 1.7015e+007 1.70604e+007 1.71048e+007 1.71484e+007 1.71911e+007 1.7233e+007 0 0 0 0 0 0 0 0 0 0 0 0 0 0 0 0 0 0 0 0 0 0 0 0 0
#obs survey bio
 1442 859.351 768.376 436.024 585.366 389.796 309.943 604.839 410.964 523.762 456.03 305.303 508.545 379.637 467.62 511.285 424.096 432.949 389.024 400.746 675.256 403.921 429.883 346.539 435.589 351.18 417.364 573.622 576.072 309.735 299.073 355.257 484.834 465.793 454.477 411.508 392.368 291.564 357.872 381.324 541.124 353.915 311.802 297.71 420.129 421.616 312.526 290.797 280.576 264.53 287.928 199.484 318.243 263.024 258.041 241.13 221.888 247.55 244.66 258.417 209.34 250.505 202.294 245.199 165.726 190.397 231.063 201.036 236.42 201.631 204.166 304.309 170.983 186.149 191.371 158.914 228.833 231.052 224.487 169.294 237.168 225.385 247.919 181.715 193.386 245.178 193.381 177.141 279.712 272.862 183.556 234.961 173.155 224.894 195.03 210.245
#pred catch bio
 319.564 163.315 127.874 110.114 98.1082 91.4154 67.1873 70.4076 75.9105 65.448 66.513 65.3581 60.8081 64.559 65.7705 67.3988 72.5298 68.0412 66.0723 66.5795 62.4445 61.3475 59.7328 66.7098 64.997 63.5585 72.0234 64.565 65.1449 66.3389 68.7938 60.0779 60.7422 65.8299 65.3459 62.7068 67.4707 68.2865 62.4783 64.6494 62.0824 81.3043 77.2085 80.9261 85.155 88.5111 92.9886 89.7988 100.088 98.3826 95.135 93.5704 89.2849 92.9823 89.0495 92.6468 98.4164 95.0196 93.3233 106.906 104.737 107.871 99.1113 101.033 103.224 108.476 112.42 108.304 109.415 117.081 115.413 120.155 131.962 119.248 149.708 140.941 149.384 178.989 172.877 153.042 160.51 175.733 176.152 182.319 182.331 183.199 184.221 179.458 180.48 175.945 178.638 182.071 186.319 181.273 174.056 164.784 0 26.8553 127.601 357.898 719.333 1181.56 1711.36 2282.08 2874.48 3475.44 4076.22 4671.1 5256.35 5829.51 6388.85 6933.05 7459.39 7968.45 8460.8 8936.99 9397.55 9842.99 10273.8 10690.5 11093.5 11483.3 11860.2 12224.8 12577.5 12918.5 13248.4 13567.4 13876 14174.4 14463.1 14742.2 15012.2 15273.4 15525.9 15770.2 16006.5 16235 16456 16669.7 16876.5 17076.4 17269.8 17456.8 17637.7 17812.7 17981.9 18145.5 18303.8 18456.9 18605 18748.2 18886.7 19020.7 19150.2 19275.5 19396.7 19513.9 19627.3 19737 19843 19945.6 20044.8 20140.7 20233.5 20323.3 20410.1 20494 20575.2 20653.8 20729.7 20803.2 20874.2 20942.9 21009.4 21073.7 21135.9 21196 21254.1 21310.4 21364.8 21417.4 21468.3 21517.5 21565.1 21611.2 21655.7 21698.8 21740.4 21780.7 21819.7 21857.3 21893.8 21929 21963.1 21996.1 0 0 0 0 0 0 0 0 0 0 0 0 0 0 0 0 0 0 0 0 0 0 0 0 0
#obs catch bio
 0 163.502 128.338 110.916 98.9696 91.9811 67.4623 70.6905 76.4755 65.6944 66.8411 65.7632 60.8872 64.9962 66.0376 67.5192 73.0828 68.2298 66.5622 66.9855 62.5721 61.6529 59.896 67.1478 65.3544 63.8618 72.7646 64.8108 65.1853 66.7044 69.3855 60.3842 60.868 66.251 65.7061 62.866 67.7362 68.9224 62.6736 65.0031 62.1677 81.9233 77.3111 81.6335 85.7367 88.9283 93.4207 90.4461 101.521 99.0781 95.5334 94.8116 89.4527 93.7391 89.0701 92.7124 98.59 95.5754 92.9967 107.145 105.123 108.654 97.9791 101.643 103.44 108.892 112.521 107.81 108.434 116.871 115.193 118.409 131.93 119.252 151.913 141.599 147.617 177.517 174.374 154.146 161.582 173.878 175.433 184.208 185.312 180.673 185.104 181.86 180.688 175.793 176.122 185.152 192.868 188.907 180.824 168.663
#pred cpue bio
 1329.47 797.528 582.623 464.936 407.073 377.261 348.377 353.465 349.694 337.891 338.894 339.805 345.658 351.702 365.249 369.601 358.285 350.016 340.074 347.004 346.312 332.793 326.704 324.213 321.687 328.479 344.571 355.843 361.66 335.322 325.564 323.293 334.871 337.086 338.571 337.484 330.496 316.568 314.545 313.982 311.766 315.894 297.384 279.678 272.907 264.651 252.323 234.476 230.659 220.48 206.542 193.628 186.538 180.972 172.212 168.919 164.384 152.183 153.733 158.575 151.25 147.281 141.91 132.771 139.72 143.772 143.302 138.305 133.869 131.241 124.758 126.097 129.492 118.707 140.227 145.58 164.226 174.785 148.833 139.445 152.269 180.328 174.166 174.986 177.703 192.397 177.749 164.815 160.147 158.629 174.181 166.557 233.46 272.055 293.422 166.524 1973.63 19558.7 92795.6 259737 520682 853073 1.23287e+006 1.64111e+006 2.06436e+006 2.49352e+006 2.92261e+006 3.34777e+006 3.7665e+006 4.17715e+006 4.57855e+006 4.96981e+006 5.34898e+006 5.7165e+006 6.07276e+006 6.41816e+006 6.75305e+006 7.0778e+006 7.39272e+006 7.69815e+006 7.99439e+006 8.28175e+006 8.5605e+006 8.83094e+006 9.09333e+006 9.34793e+006 9.59498e+006 9.83474e+006 1.00674e+007 1.02933e+007 1.05125e+007 1.07254e+007 1.0932e+007 1.11326e+007 1.13275e+007 1.15167e+007 1.17004e+007 1.18789e+007 1.20523e+007 1.22208e+007 1.23844e+007 1.25435e+007 1.26981e+007 1.28483e+007 1.29943e+007 1.31363e+007 1.32743e+007 1.34085e+007 1.3539e+007 1.3666e+007 1.37895e+007 1.39096e+007 1.40265e+007 1.41403e+007 1.4251e+007 1.43587e+007 1.44637e+007 1.45658e+007 1.46653e+007 1.47622e+007 1.48565e+007 1.49485e+007 1.5038e+007 1.51253e+007 1.52104e+007 1.52934e+007 1.53742e+007 1.54531e+007 1.553e+007 1.56051e+007 1.56783e+007 1.57497e+007 1.58194e+007 1.58875e+007 1.59539e+007 1.60188e+007 1.60821e+007 1.6144e+007 1.62045e+007 1.62636e+007 1.63214e+007 1.63779e+007 1.64331e+007 1.64871e+007 1.65399e+007 1.65916e+007 1.66421e+007 1.66916e+007 1.67401e+007 1.67875e+007 1.6834e+007 1.68795e+007 1.6924e+007 1.69677e+007 1.70105e+007 1.70525e+007 0 0 0 0 0 0 0 0 0 0 0 0 0 0 0 0 0 0 0 0 0 0 0 0 0
#obs cpue bio
 553.674 747.177 508.406 420.597 267.769 467.655 309.198 281.22 296.525 235.602 271.059 345.503 326.315 254.348 358.822 351.115 251.018 374.958 225.801 349.863 253.488 247.202 291.502 295.261 252.226 298.168 254.877 283.518 349.802 286.096 328.578 299.496 327.7 221.321 272.426 332.489 314.974 258.922 363.128 263.326 217.709 295.054 357.529 212.331 224.357 211.439 238.108 183.13 182.617 235.876 184.029 156.245 168.314 132.972 166.031 160.863 165.283 117.498 157.159 139.178 143.745 120.819 185.821 90.365 159.802 155.378 143.419 154.815 143.445 131.034 125.838 127.585 139.216 120.465 141.261 192.025 251.913 241.578 140.721 161.528 157.143 298.16 200.345 208.172 199.89 350.578 207.898 195.144 180.227 165.888 343.724 122.794 217.718 211.972 260.094 226.59
#pred surv len freq
 1.49778e-026 1.71531e-020 3.11236e-015 7.70393e-011 2.60137e-007 0.00011983 0.00753 0.0645502 0.075489 0.012555 0.0160113 0.0660081 0.0388114 0.0255436 0.0649613 0.0375863 0.0520045 0.0467535 0.0510242 0.0477775 0.04389 0.0467888 0.104279 0.152687 0.0456289
 1.84246e-026 2.18889e-020 3.97167e-015 9.83093e-011 3.31959e-007 0.000152914 0.00960898 0.0823721 0.0963281 0.0153731 0.00142195 0.0268634 0.0905815 0.0461074 0.0429368 0.054006 0.0462795 0.0533842 0.052114 0.0529419 0.0509981 0.0557999 0.112612 0.0960822 0.0140357
 1.97494e-026 2.37071e-020 4.30157e-015 1.06475e-010 3.59532e-007 0.000165615 0.0104071 0.0892142 0.104329 0.0166493 0.00147421 0.0297611 0.108652 0.0546277 0.0204882 0.0756383 0.0619683 0.0513085 0.0508068 0.052878 0.0532601 0.060443 0.0973747 0.05541 0.00514355
 2.05417e-026 2.4794e-020 4.49879e-015 1.11357e-010 3.76016e-007 0.000173208 0.0108843 0.0933045 0.109113 0.0174127 0.00156286 0.0316798 0.115621 0.0581073 0.0225434 0.0876702 0.0638009 0.0535572 0.0604199 0.0508098 0.0518092 0.0602251 0.0772561 0.0319001 0.00214875
 2.05497e-026 2.48047e-020 4.50072e-015 1.11405e-010 3.76178e-007 0.000173283 0.010889 0.0933447 0.10916 0.017422 0.00181517 0.0358797 0.122273 0.0575143 0.0251654 0.0947231 0.0659572 0.0605598 0.0624724 0.0555425 0.0513733 0.0571948 0.0594239 0.0181993 0.000916978
 2.09981e-026 2.54199e-020 4.61234e-015 1.14168e-010 3.85507e-007 0.00017758 0.011159 0.0956596 0.111867 0.0178569 0.0021783 0.0400823 0.122441 0.0520041 0.0299024 0.101551 0.0640098 0.0659349 0.0649776 0.0589174 0.053018 0.0537138 0.044215 0.00996371 0.000369619
 2.14457e-026 2.60338e-020 4.72374e-015 1.16925e-010 3.94818e-007 0.000181869 0.0114285 0.09797 0.114569 0.0182959 0.00299321 0.0487742 0.125039 0.0453518 0.0369298 0.102342 0.0583169 0.0715373 0.0648451 0.0612718 0.0543627 0.0500148 0.0308424 0.00481131 0.0001225
 2.10752e-026 2.55253e-020 4.63148e-015 1.14641e-010 3.87107e-007 0.000178317 0.0112053 0.0960566 0.112331 0.0179429 0.00332358 0.0515307 0.123493 0.042727 0.0437603 0.102619 0.0571215 0.0754786 0.0668398 0.065046 0.0575815 0.0478032 0.0223843 0.00253039 4.67302e-005
 2.11725e-026 2.56589e-020 4.6557e-015 1.15241e-010 3.89132e-007 0.00017925 0.0112639 0.096559 0.112919 0.0180436 0.00387051 0.0554781 0.120726 0.0389088 0.0489222 0.101274 0.0579362 0.0770457 0.0677769 0.0670438 0.0598615 0.0448234 0.0160288 0.00132144 1.78439e-005
 2.1416e-026 2.59929e-020 4.71631e-015 1.16741e-010 3.94198e-007 0.000181583 0.0114106 0.097816 0.114389 0.0182785 0.00392686 0.0562731 0.122412 0.0397633 0.0512206 0.099652 0.0577405 0.0764568 0.067865 0.0670472 0.0605323 0.0419377 0.0122817 0.00080658 8.74714e-006
 2.14132e-026 2.5989e-020 4.71561e-015 1.16724e-010 3.94139e-007 0.000181557 0.0114089 0.0978015 0.114372 0.0182752 0.00386895 0.0556716 0.121805 0.0397678 0.0511474 0.100188 0.0592633 0.0771121 0.0684177 0.0677641 0.0614344 0.0405471 0.0103853 0.000582916 5.43964e-006
 2.16734e-026 2.63461e-020 4.78041e-015 1.18328e-010 3.99555e-007 0.000184051 0.0115656 0.0991453 0.115943 0.0185266 0.00392737 0.0560049 0.121416 0.0393222 0.050874 0.0992169 0.0589281 0.077271 0.0690268 0.0679682 0.0616554 0.0393635 0.00919671 0.000460037 3.82969e-006
 2.18936e-026 2.66482e-020 4.83522e-015 1.19684e-010 4.04136e-007 0.000186161 0.0116982 0.100282 0.117273 0.018737 0.00381295 0.0552901 0.12247 0.0402955 0.049867 0.0984497 0.0582236 0.0763595 0.0688272 0.0683123 0.0618547 0.0389251 0.0087201 0.000412528 3.24557e-006
 2.17954e-026 2.65134e-020 4.81076e-015 1.19079e-010 4.02092e-007 0.00018522 0.0116391 0.0997748 0.116679 0.018646 0.00409203 0.057441 0.122107 0.0388649 0.0508514 0.0982086 0.0583242 0.0763941 0.0687611 0.0687211 0.0624231 0.0383668 0.0081562 0.00036045 2.63656e-006
 2.16608e-026 2.63288e-020 4.77727e-015 1.1825e-010 3.99292e-007 0.00018393 0.011558 0.0990802 0.115867 0.0185122 0.00376113 0.0550055 0.122907 0.0408084 0.0504883 0.0991627 0.0582869 0.0763785 0.0687389 0.0687159 0.0629569 0.0389308 0.0082881 0.000366552 2.68475e-006
 2.15094e-026 2.61211e-020 4.73958e-015 1.17317e-010 3.96142e-007 0.000182479 0.0114668 0.0982985 0.114953 0.0183681 0.00388794 0.0558734 0.122091 0.0396748 0.050042 0.0996241 0.0592588 0.0770959 0.0690429 0.0690143 0.0633576 0.0391704 0.00823787 0.000357444 2.56187e-006
 2.13269e-026 2.58706e-020 4.69412e-015 1.16192e-010 3.92342e-007 0.000180729 0.0113569 0.0973556 0.11385 0.0181943 0.00404696 0.0570626 0.121668 0.0389243 0.0516942 0.0992256 0.0586891 0.0775768 0.0698444 0.06942 0.0635821 0.0389758 0.00801276 0.000336636 2.32666e-006
 2.15932e-026 2.6236e-020 4.76043e-015 1.17833e-010 3.97885e-007 0.000183282 0.0115173 0.0987309 0.115459 0.0184476 0.00380156 0.0551409 0.121994 0.0402421 0.0512036 0.099951 0.058736 0.0764638 0.0687826 0.068914 0.0630697 0.0389191 0.00809642 0.000344196 2.40531e-006
 2.16595e-026 2.6327e-020 4.77693e-015 1.18242e-010 3.99264e-007 0.000183917 0.0115572 0.0990732 0.115859 0.0185154 0.00410914 0.0576419 0.122301 0.0388999 0.0513744 0.0990279 0.0590486 0.0769441 0.0684902 0.0681999 0.062528 0.0381518 0.00777012 0.000321477 2.1792e-006
 2.17594e-026 2.64641e-020 4.80181e-015 1.18858e-010 4.01344e-007 0.000184875 0.0116174 0.0995893 0.116462 0.0186072 0.00377039 0.0550248 0.122731 0.0407267 0.0508908 0.0996932 0.0585204 0.0765967 0.0687438 0.067983 0.0621479 0.0383866 0.00798202 0.000338715 2.35846e-006
 2.17371e-026 2.64334e-020 4.79624e-015 1.1872e-010 4.00878e-007 0.000184661 0.0116039 0.0994738 0.116327 0.0185869 0.00387496 0.0559883 0.12322 0.0402383 0.0498229 0.0996638 0.059174 0.0767577 0.0684773 0.0680645 0.0619448 0.0382568 0.00799614 0.000341368 2.39209e-006
 2.16735e-026 2.63461e-020 4.7804e-015 1.18328e-010 3.99554e-007 0.000184051 0.0115656 0.0991452 0.115943 0.0185287 0.00409648 0.057466 0.121983 0.0388616 0.0517557 0.0993973 0.0586396 0.0772372 0.0691632 0.0683018 0.0619921 0.0377143 0.00770217 0.000319988 2.17754e-006
 2.14803e-026 2.60811e-020 4.73232e-015 1.17138e-010 3.95536e-007 0.0001822 0.0114493 0.098148 0.114777 0.01834 0.00389698 0.0560765 0.122644 0.0400927 0.0515823 0.0993983 0.0589844 0.0775024 0.0693684 0.0689776 0.0624521 0.0380069 0.00779243 0.00032595 2.2359e-006
 2.14113e-026 2.59865e-020 4.71515e-015 1.16712e-010 3.941e-007 0.000181539 0.0114077 0.0977918 0.11436 0.0182742 0.00393092 0.0560651 0.121366 0.0392845 0.0512218 0.0998022 0.0595723 0.0777448 0.0698743 0.0695598 0.0631516 0.038278 0.00780584 0.000324851 2.21802e-006
 2.15952e-026 2.62387e-020 4.76092e-015 1.17845e-010 3.97926e-007 0.000183301 0.0115185 0.0987412 0.115471 0.0184505 0.00388616 0.0559467 0.122539 0.0400185 0.0509351 0.0995004 0.0586778 0.0768139 0.0692013 0.06893 0.0628178 0.0382136 0.00782556 0.000327655 2.25346e-006
 2.17046e-026 2.63889e-020 4.78817e-015 1.1852e-010 4.00203e-007 0.00018435 0.0115844 0.0993063 0.116131 0.0185568 0.00395354 0.0565106 0.12273 0.0397816 0.0511114 0.0998651 0.0588371 0.0764633 0.0683911 0.0682492 0.0623181 0.0379471 0.00775287 0.000323494 2.21738e-006
 2.17073e-026 2.63925e-020 4.78882e-015 1.18536e-010 4.00258e-007 0.000184375 0.011586 0.0993199 0.116147 0.0185587 0.00390458 0.0560972 0.122633 0.0399782 0.0509686 0.0996171 0.0589062 0.0771048 0.0686803 0.0680334 0.0621539 0.0380018 0.00779552 0.000326458 2.24596e-006
 2.1645e-026 2.6307e-020 4.77331e-015 1.18152e-010 3.98962e-007 0.000183778 0.0115485 0.0989981 0.115771 0.0184969 0.00378255 0.0555105 0.124367 0.0412611 0.0501884 0.100595 0.0589409 0.0763527 0.068373 0.0676822 0.0615774 0.0380557 0.00797105 0.00034208 2.41492e-006
 2.13696e-026 2.59292e-020 4.70476e-015 1.16455e-010 3.93232e-007 0.000181138 0.0113826 0.0975763 0.114108 0.0182329 0.00385207 0.0556699 0.122358 0.0399696 0.0504603 0.10113 0.05977 0.0781026 0.069442 0.0686437 0.0623246 0.0384002 0.00804715 0.000345556 2.4397e-006
 2.12347e-026 2.5744e-020 4.67115e-015 1.15623e-010 3.90423e-007 0.000179845 0.0113013 0.0968794 0.113293 0.0181076 0.00419521 0.0580173 0.120808 0.0379955 0.0526491 0.0993891 0.0592609 0.0786881 0.0706686 0.0698056 0.0629143 0.0378945 0.00763725 0.000313012 2.10185e-006
 2.14756e-026 2.60747e-020 4.73116e-015 1.17109e-010 3.95438e-007 0.000182155 0.0114465 0.0981239 0.114749 0.0183355 0.00387924 0.0556277 0.121302 0.0396908 0.0522445 0.0992049 0.0587358 0.0771275 0.0699082 0.0700289 0.063267 0.0381092 0.00771598 0.000318633 2.15853e-006
 2.17344e-026 2.64297e-020 4.79557e-015 1.18703e-010 4.00822e-007 0.000184635 0.0116023 0.0994597 0.116311 0.0185848 0.00391216 0.0562765 0.123171 0.0401477 0.0506702 0.0994317 0.0589297 0.0759056 0.0681581 0.0685311 0.0627323 0.0379472 0.00772047 0.000321238 2.1958e-006
 2.1719e-026 2.64087e-020 4.79176e-015 1.18609e-010 4.00504e-007 0.000184488 0.0115931 0.0993808 0.116219 0.018569 0.00381746 0.0553753 0.122554 0.040297 0.0502559 0.0997766 0.0588273 0.0768407 0.0686653 0.0681403 0.062753 0.0384869 0.00792753 0.000334604 2.32413e-006
 2.15522e-026 2.61797e-020 4.75021e-015 1.1758e-010 3.97031e-007 0.000182889 0.0114926 0.0985191 0.115211 0.0184116 0.00407378 0.0573375 0.122103 0.0389457 0.051193 0.0989848 0.0588594 0.0773991 0.0693653 0.0688085 0.0627351 0.0382889 0.00776576 0.000320289 2.1688e-006
 2.1485e-026 2.60876e-020 4.7335e-015 1.17167e-010 3.95634e-007 0.000182245 0.0114521 0.0981724 0.114805 0.0183439 0.00384522 0.0556792 0.122731 0.0403591 0.0514318 0.0999599 0.0586783 0.076778 0.0691648 0.0689265 0.0627611 0.038475 0.00791985 0.000331846 2.28187e-006
 2.13528e-026 2.59061e-020 4.70057e-015 1.16352e-010 3.92882e-007 0.000180977 0.0113725 0.0974895 0.114007 0.0182167 0.00385716 0.0557443 0.122493 0.040054 0.0506847 0.10053 0.0596827 0.0775108 0.0691185 0.0689669 0.0630394 0.0386941 0.0080165 0.000338936 2.35112e-006
 2.12714e-026 2.57945e-020 4.68031e-015 1.1585e-010 3.91188e-007 0.000180197 0.0113235 0.0970693 0.113515 0.0181392 0.00390847 0.0559022 0.121331 0.0393399 0.0511037 0.100048 0.0593372 0.0782251 0.070253 0.0695507 0.0634968 0.0389147 0.00802138 0.000337439 2.32879e-006
 2.14279e-026 2.60092e-020 4.71927e-015 1.16814e-010 3.94445e-007 0.000181697 0.0114177 0.0978773 0.11446 0.0182916 0.00405018 0.0571183 0.12187 0.0390446 0.0520348 0.0995213 0.0587594 0.0769914 0.0695015 0.0694118 0.0630547 0.0383117 0.00777866 0.000321148 2.17307e-006
 2.18383e-026 2.65723e-020 4.82145e-015 1.19344e-010 4.02985e-007 0.000185631 0.0116649 0.0999965 0.116939 0.0186838 0.00382181 0.0554966 0.123026 0.0406177 0.0512036 0.100139 0.0585987 0.0757938 0.0677781 0.0678043 0.0620778 0.0379995 0.00784093 0.000330388 2.28533e-006
 2.22409e-026 2.71247e-020 4.92168e-015 1.21825e-010 4.11363e-007 0.00018949 0.0119074 0.102075 0.11937 0.0190767 0.00421353 0.0583776 0.1224 0.0385717 0.0516896 0.0986995 0.0586456 0.0761023 0.0672305 0.0664195 0.0606779 0.0366923 0.00735944 0.000299513 1.99612e-006
 2.22064e-026 2.70772e-020 4.91306e-015 1.21611e-010 4.10642e-007 0.000189158 0.0118866 0.101896 0.11916 0.0190457 0.00441795 0.0605432 0.12491 0.0391048 0.0542005 0.0983189 0.057822 0.0753376 0.0668518 0.0653289 0.0588612 0.0350353 0.00681992 0.000267205 1.70955e-006
 2.2131e-026 2.69738e-020 4.89429e-015 1.21147e-010 4.09073e-007 0.000188436 0.0118412 0.101507 0.118705 0.0189743 0.00449515 0.0608505 0.123751 0.0385549 0.0564006 0.100158 0.059571 0.076018 0.0664602 0.0648298 0.0576168 0.0335144 0.00632324 0.000238447 1.46354e-006
 2.3006e-026 2.81742e-020 5.11211e-015 1.26538e-010 4.27279e-007 0.000196822 0.0123681 0.106025 0.123988 0.0198226 0.00492819 0.0643789 0.125753 0.0381381 0.0586698 0.0995331 0.0587697 0.0737005 0.0638282 0.0609883 0.0534058 0.0299559 0.00535809 0.000189956 1.09149e-006
 2.36266e-026 2.90255e-020 5.26656e-015 1.30361e-010 4.40188e-007 0.000202769 0.0127418 0.109228 0.127734 0.0204306 0.00567048 0.0699893 0.127904 0.0373748 0.0630915 0.0982988 0.0586505 0.071857 0.0610941 0.0571134 0.0485614 0.0257121 0.00420894 0.000134687 6.94669e-007
 2.39999e-026 2.95376e-020 5.35948e-015 1.32661e-010 4.47955e-007 0.000206346 0.0129666 0.111155 0.129988 0.020791 0.00579573 0.0719427 0.132182 0.0391808 0.0668129 0.10025 0.0592883 0.070179 0.0580834 0.0526281 0.0432534 0.0218327 0.00336179 0.000100538 4.83442e-007
 2.41782e-026 2.9782e-020 5.40383e-015 1.33759e-010 4.51662e-007 0.000208054 0.0130739 0.112075 0.131064 0.0209705 0.00633761 0.0761136 0.134427 0.0390243 0.0705688 0.102718 0.0611045 0.0697601 0.0557645 0.0483477 0.0378714 0.0179427 0.00255694 7.03021e-005 3.09957e-007
 2.47578e-026 3.05772e-020 5.54812e-015 1.37331e-010 4.63721e-007 0.000213609 0.013423 0.115068 0.134563 0.0215331 0.00663841 0.0782579 0.135474 0.0393068 0.0741152 0.103314 0.0613857 0.0691158 0.0539985 0.0444938 0.032714 0.0144314 0.00190439 4.83679e-005 1.9679e-007
 2.52328e-026 3.12287e-020 5.66634e-015 1.40257e-010 4.73602e-007 0.00021816 0.013709 0.117519 0.13743 0.0219943 0.00695678 0.0817014 0.140633 0.0406329 0.0756463 0.103532 0.0606872 0.0664221 0.0512603 0.0408161 0.0279747 0.0114253 0.00140644 3.34702e-005 1.27831e-007
 2.51167e-026 3.10694e-020 5.63742e-015 1.39541e-010 4.71185e-007 0.000217047 0.0136391 0.11692 0.136729 0.0218791 0.00680986 0.0819776 0.144809 0.042507 0.0774106 0.107874 0.0611426 0.0655516 0.0491867 0.0380826 0.0247045 0.00942586 0.00110806 2.55834e-005 9.54532e-008
 2.56802e-026 3.18425e-020 5.7777e-015 1.43013e-010 4.8291e-007 0.000222448 0.0139785 0.119829 0.140131 0.0224195 0.00672169 0.0823241 0.148367 0.0437847 0.0772503 0.111147 0.0602304 0.063235 0.0460249 0.0344443 0.0213157 0.00768314 0.000870281 1.97888e-005 7.35543e-008
 2.64825e-026 3.29433e-020 5.97743e-015 1.47957e-010 4.99604e-007 0.000230138 0.0144617 0.123972 0.144976 0.0231923 0.00678583 0.0835227 0.151561 0.0445341 0.0757723 0.110888 0.0588042 0.0614101 0.0432916 0.0312255 0.0183876 0.00628502 0.000685051 1.52885e-005 5.65218e-008
 2.73436e-026 3.41248e-020 6.19181e-015 1.53264e-010 5.17522e-007 0.000238392 0.0149804 0.128418 0.150175 0.0240207 0.00678284 0.084365 0.155145 0.045698 0.0746028 0.110691 0.056595 0.0582069 0.0403699 0.0282324 0.0157923 0.00513258 0.000541123 1.18996e-005 4.3924e-008
 2.82001e-026 3.53e-020 6.40505e-015 1.58542e-010 5.35345e-007 0.000246602 0.0154963 0.13284 0.155347 0.0248383 0.0063612 0.0826446 0.160108 0.048394 0.0714125 0.111704 0.054882 0.0550572 0.0369981 0.0252888 0.0136363 0.00428492 0.000449835 1.01064e-005 3.87186e-008
 2.84556e-026 3.56504e-020 6.46863e-015 1.60116e-010 5.4066e-007 0.00024905 0.0156501 0.134159 0.156889 0.0250854 0.00647425 0.0841941 0.163141 0.048846 0.0697112 0.112659 0.0546017 0.0541791 0.0351177 0.0230738 0.0119688 0.00361943 0.000372048 8.36869e-006 3.25783e-008
 2.91711e-026 3.66323e-020 6.64679e-015 1.64526e-010 5.5555e-007 0.000255909 0.0160811 0.137854 0.16121 0.0257692 0.00612568 0.0821656 0.165516 0.0508612 0.06829 0.114014 0.0530759 0.0515912 0.0327991 0.0207643 0.0102867 0.00302242 0.000309318 7.09416e-006 2.86376e-008
 2.92401e-026 3.67269e-020 6.66396e-015 1.64951e-010 5.56985e-007 0.00025657 0.0161227 0.13821 0.161627 0.0258346 0.00608539 0.0824988 0.168114 0.0516805 0.0654016 0.113153 0.0542025 0.0533263 0.0320695 0.0193956 0.00916782 0.00258663 0.000261203 6.04915e-006 2.50394e-008
 2.97184e-026 3.73833e-020 6.78305e-015 1.67899e-010 5.6694e-007 0.000261155 0.0164108 0.14068 0.164515 0.0262909 0.00578128 0.0805234 0.16981 0.0534521 0.0636444 0.114157 0.0529876 0.0510871 0.0313893 0.0183816 0.00818068 0.0022192 0.000222022 5.24442e-006 2.25469e-008
 3.06039e-026 3.85982e-020 7.0035e-015 1.73355e-010 5.85365e-007 0.000269643 0.0169442 0.145252 0.169862 0.0271404 0.00557621 0.079865 0.174526 0.0560785 0.0597563 0.112778 0.0512242 0.0470855 0.028184 0.01634 0.00709063 0.00183986 0.000182288 4.41088e-006 1.98504e-008
 3.08346e-026 3.89147e-020 7.06093e-015 1.74777e-010 5.90165e-007 0.000271854 0.0170831 0.146443 0.171255 0.0273589 0.0053194 0.078532 0.178088 0.0587581 0.0577829 0.115084 0.0513483 0.044776 0.0259342 0.0142283 0.00604342 0.0015386 0.000150991 3.74238e-006 1.76943e-008
 3.03974e-026 3.83148e-020 6.95208e-015 1.72083e-010 5.81067e-007 0.000267663 0.0168198 0.144186 0.168615 0.0269366 0.00523446 0.0783789 0.180281 0.0599997 0.0564174 0.116468 0.0527062 0.0461988 0.0265069 0.013881 0.00557993 0.00138382 0.000134642 3.36501e-006 1.63826e-008
 3.06438e-026 3.86529e-020 7.01343e-015 1.73601e-010 5.86194e-007 0.000270025 0.0169682 0.145458 0.170102 0.0271712 0.00504601 0.0776976 0.184855 0.0631581 0.0546165 0.116842 0.051746 0.0423688 0.0246793 0.0128004 0.00493222 0.00117182 0.000113271 2.88682e-006 1.4565e-008
 3.05142e-026 3.84751e-020 6.98116e-015 1.72802e-010 5.83498e-007 0.000268783 0.0168901 0.144789 0.16932 0.0270438 0.00485189 0.0766593 0.188021 0.0657985 0.0529462 0.118658 0.0529417 0.0411308 0.0234032 0.0116768 0.00447057 0.00102998 9.78373e-005 2.5369e-006 1.3316e-008
 3.17738e-026 4.02035e-020 7.29477e-015 1.80565e-010 6.0971e-007 0.000280857 0.0176488 0.151293 0.176926 0.0282557 0.00473535 0.0751656 0.187032 0.0661263 0.0503284 0.116204 0.0516752 0.038002 0.0214721 0.0101792 0.00374569 0.000848078 7.9222e-005 2.05303e-006 1.10238e-008
 3.19348e-026 4.04244e-020 7.33485e-015 1.81557e-010 6.1306e-007 0.0002824 0.0177458 0.152124 0.177898 0.028411 0.00479197 0.0765388 0.191452 0.0677833 0.047756 0.11131 0.050234 0.0378676 0.0214837 0.00996715 0.00351678 0.000763635 6.9973e-005 1.79828e-006 9.68972e-009
 3.19976e-026 4.05105e-020 7.35049e-015 1.81944e-010 6.14366e-007 0.000283002 0.0177836 0.152449 0.178277 0.0284688 0.00454744 0.0743576 0.192002 0.0700154 0.0482252 0.115854 0.0513958 0.0342232 0.0194349 0.00889282 0.00308295 0.00064684 5.79985e-005 1.49646e-006 8.21895e-009
 3.18245e-026 4.0273e-020 7.30738e-015 1.80877e-010 6.10763e-007 0.000281342 0.0176793 0.151555 0.177232 0.0283017 0.00453817 0.0749052 0.195119 0.0715143 0.0457584 0.11261 0.0517841 0.0361375 0.0202067 0.00872172 0.0029857 0.000614759 5.37432e-005 1.37106e-006 7.58532e-009
 3.18724e-026 4.03386e-020 7.31929e-015 1.81172e-010 6.11759e-007 0.000281801 0.0177082 0.151802 0.177521 0.0283478 0.00454509 0.075203 0.196376 0.0721004 0.0455161 0.112762 0.0513064 0.0342831 0.0198713 0.00884184 0.00290223 0.000579996 4.97439e-005 1.2462e-006 6.83727e-009
 3.31348e-026 4.20708e-020 7.63358e-015 1.88952e-010 6.38028e-007 0.000293902 0.0184686 0.15832 0.185144 0.0295702 0.00513093 0.0799382 0.194234 0.0667751 0.0466815 0.10926 0.0471249 0.0312871 0.0172169 0.00754299 0.00249688 0.000475809 3.80753e-005 8.89877e-007 4.53812e-009
 3.41288e-026 4.34346e-020 7.88104e-015 1.95077e-010 6.58711e-007 0.000303429 0.0190673 0.163452 0.191145 0.0305358 0.00584182 0.0860653 0.195153 0.0631999 0.048618 0.10228 0.0414599 0.029151 0.0150133 0.00632043 0.00199729 0.000367404 2.7112e-005 5.68281e-007 2.58582e-009
 3.42829e-026 4.36458e-020 7.91937e-015 1.96025e-010 6.61915e-007 0.000304905 0.01916 0.164247 0.192075 0.0306956 0.0067805 0.0943404 0.198616 0.0605312 0.0524762 0.0989041 0.0372817 0.0255789 0.0122503 0.00502011 0.00147011 0.000250088 1.68604e-005 3.12008e-007 1.22642e-009
 3.49743e-026 4.45942e-020 8.09145e-015 2.00285e-010 6.76298e-007 0.00031153 0.0195763 0.167816 0.196249 0.0313747 0.00777024 0.101829 0.199579 0.0575931 0.0558955 0.0940979 0.0328398 0.0213922 0.00916621 0.00343046 0.000927589 0.000142056 8.47283e-006 1.36696e-007 4.59245e-010
 3.4777e-026 4.43233e-020 8.04229e-015 1.99068e-010 6.72189e-007 0.000309637 0.0194574 0.166797 0.195057 0.0312034 0.0090379 0.110629 0.199748 0.0545292 0.0612621 0.0914365 0.0304286 0.0195861 0.00742348 0.00244105 0.000573199 7.66888e-005 3.9227e-006 5.34241e-008 1.50076e-010
 3.50683e-026 4.47227e-020 8.11477e-015 2.00862e-010 6.78247e-007 0.000312428 0.0196327 0.1683 0.196814 0.0315146 0.0108131 0.119679 0.192983 0.0495219 0.068077 0.0869593 0.028379 0.01843 0.00632474 0.00185637 0.000360956 3.93689e-005 1.63605e-006 1.78833e-008 3.99103e-011
 3.69426e-026 4.72945e-020 8.5814e-015 2.12413e-010 7.17249e-007 0.000330394 0.0207617 0.177978 0.208132 0.0333503 0.0124197 0.126847 0.187787 0.0462177 0.0676441 0.0741006 0.0236224 0.0146438 0.00467976 0.00126016 0.000206881 1.77972e-005 5.73853e-007 4.89222e-009 8.52025e-012
 3.58711e-026 4.5824e-020 8.31459e-015 2.05808e-010 6.94948e-007 0.000320121 0.0201162 0.172444 0.201661 0.0323625 0.0145692 0.136849 0.184418 0.0448734 0.0765006 0.0729509 0.0238007 0.0139294 0.00406394 0.000989755 0.000141069 9.6756e-006 2.3479e-007 1.49579e-009 1.96637e-012
 3.72339e-026 4.76938e-020 8.65386e-015 2.14206e-010 7.23304e-007 0.000333183 0.020937 0.17948 0.20989 0.0337359 0.0171394 0.145511 0.176308 0.0420846 0.0759061 0.062043 0.0211152 0.0115661 0.00317232 0.000689081 8.38412e-005 4.64505e-006 8.49698e-008 3.92734e-010 3.7348e-013
 3.76726e-026 4.82957e-020 8.76307e-015 2.16909e-010 7.32433e-007 0.000337388 0.0212012 0.181745 0.212539 0.0342486 0.0203946 0.153856 0.164748 0.0404287 0.0786555 0.0547341 0.0218751 0.0113828 0.00315227 0.000631838 6.57573e-005 2.89564e-006 3.9832e-008 1.32241e-010 8.81908e-014
 3.72533e-026 4.77202e-020 8.65865e-015 2.14325e-010 7.23705e-007 0.000333368 0.0209486 0.17958 0.210007 0.0339796 0.0247 0.164121 0.154054 0.0411569 0.0827831 0.0492532 0.0235214 0.0114643 0.00338998 0.000646126 5.94308e-005 2.07898e-006 2.12064e-008 5.00855e-011 2.31428e-014
 3.83294e-026 4.91967e-020 8.92656e-015 2.20956e-010 7.46097e-007 0.000343683 0.0215968 0.185136 0.216505 0.0351379 0.0281664 0.171085 0.146718 0.0420094 0.0799661 0.0415042 0.0198938 0.00878872 0.00262106 0.000484839 4.11013e-005 1.19804e-006 9.38157e-009 1.61945e-011 5.33656e-015
 4.02268e-026 5.18001e-020 9.39894e-015 2.32649e-010 7.85579e-007 0.00036187 0.0227396 0.194933 0.227963 0.0371236 0.0319302 0.174678 0.135101 0.0422286 0.0760682 0.0344962 0.0151415 0.00555861 0.00141927 0.000237547 1.82852e-005 4.56312e-007 2.83533e-009 3.66672e-012 8.74826e-016
 3.98088e-026 5.12265e-020 9.29485e-015 2.30072e-010 7.7688e-007 0.000357862 0.0224878 0.192775 0.225438 0.036756 0.0327794 0.176275 0.134207 0.0448545 0.0770161 0.034105 0.0162178 0.00538393 0.00117203 0.00016316 1.10145e-005 2.45505e-007 1.32123e-009 1.41973e-012 2.72138e-016
 3.89511e-026 5.00495e-020 9.0813e-015 2.24786e-010 7.5903e-007 0.00034964 0.0219711 0.188345 0.220259 0.0359655 0.0336162 0.177781 0.133161 0.0468311 0.0804677 0.0360122 0.0178011 0.00598445 0.00129116 0.000153348 8.53111e-006 1.64108e-007 7.85242e-010 7.46309e-013 1.24214e-016
 3.95283e-026 5.08418e-020 9.22505e-015 2.28345e-010 7.71046e-007 0.000355175 0.0223189 0.191327 0.223746 0.0365639 0.034081 0.173867 0.125904 0.0468172 0.0795905 0.0364636 0.0200701 0.00707798 0.00161811 0.000189638 9.17434e-006 1.45365e-007 5.89978e-010 4.90416e-013 7.20957e-017
 3.97773e-026 5.11834e-020 9.28704e-015 2.29879e-010 7.76227e-007 0.000357562 0.0224689 0.192613 0.225249 0.0367517 0.0331065 0.174198 0.130032 0.0460236 0.0764515 0.0348518 0.0189104 0.00702113 0.00173713 0.000217037 1.05586e-005 1.53632e-007 5.47255e-010 4.04634e-013 5.44017e-017
 3.99594e-026 5.14332e-020 9.33236e-015 2.31001e-010 7.80015e-007 0.000359307 0.0225786 0.193553 0.226348 0.0368936 0.0324166 0.173903 0.132233 0.0450542 0.0760651 0.03466 0.0176179 0.00645295 0.00163167 0.000220934 1.15645e-005 1.72934e-007 5.96266e-010 4.10178e-013 5.09614e-017
 3.98264e-026 5.12508e-020 9.29926e-015 2.30181e-010 7.77248e-007 0.000358032 0.0224985 0.192866 0.225545 0.0367749 0.0325999 0.173894 0.131452 0.0450455 0.0769973 0.0353465 0.018235 0.00655509 0.00159914 0.000219574 1.22175e-005 1.94286e-007 6.90466e-010 4.71258e-013 5.62791e-017
 4.03564e-026 5.19781e-020 9.43123e-015 2.33448e-010 7.88279e-007 0.000363113 0.0228178 0.195603 0.228747 0.037372 0.0340003 0.170809 0.12191 0.0454882 0.0772575 0.0357503 0.0203096 0.00747108 0.00184462 0.000243278 1.32378e-005 2.11169e-007 7.52054e-010 5.04672e-013 5.78609e-017
 4.09309e-026 5.27664e-020 9.57426e-015 2.36989e-010 8.00234e-007 0.00036862 0.0231638 0.19857 0.232215 0.0378366 0.0322774 0.170643 0.128099 0.0442591 0.0723682 0.0330693 0.0182146 0.00688916 0.00177408 0.000238797 1.29491e-005 2.08879e-007 7.71777e-010 5.42897e-013 6.50534e-017
 4.10406e-026 5.2917e-020 9.60158e-015 2.37665e-010 8.02517e-007 0.000369672 0.0232299 0.199136 0.232878 0.0379171 0.0317388 0.170227 0.129529 0.0435762 0.0735018 0.0334272 0.0166815 0.00604026 0.00152328 0.000211426 1.17664e-005 1.92064e-007 7.21678e-010 5.24197e-013 6.55923e-017
 4.11405e-026 5.3054e-020 9.62645e-015 2.3828e-010 8.04595e-007 0.000370629 0.0232901 0.199652 0.233481 0.0380749 0.0330504 0.171201 0.125852 0.0437878 0.074095 0.0332082 0.0167715 0.00569618 0.00128981 0.000168712 9.28201e-006 1.5086e-007 5.58092e-010 3.97438e-013 4.89507e-017
 4.18512e-026 5.40293e-020 9.80342e-015 2.42661e-010 8.19387e-007 0.000377443 0.0237182 0.203322 0.237774 0.0388247 0.0339589 0.167666 0.117857 0.0447359 0.074098 0.0328061 0.0175642 0.0058708 0.00127129 0.000147103 7.3168e-006 1.1219e-007 3.96489e-010 2.684e-013 3.12344e-017
 4.34774e-026 5.6261e-020 1.02083e-014 2.52684e-010 8.53231e-007 0.000393033 0.0246979 0.21172 0.247595 0.0404819 0.0348629 0.160344 0.105603 0.0445163 0.0704646 0.0320805 0.0190637 0.00654929 0.00146113 0.000158645 6.87882e-006 9.12837e-008 2.86973e-010 1.75376e-013 1.84542e-017
 4.37991e-026 5.67024e-020 1.02884e-014 2.54666e-010 8.59925e-007 0.000396116 0.0248917 0.213381 0.249538 0.0407902 0.0349461 0.161324 0.106702 0.0440556 0.0665193 0.030543 0.0185354 0.00665342 0.00154799 0.000168024 6.81229e-006 8.00771e-008 2.21835e-010 1.22085e-013 1.18014e-017
 4.18664e-026 5.40505e-020 9.80726e-015 2.42756e-010 8.19708e-007 0.000377591 0.0237275 0.203402 0.237868 0.0390381 0.036022 0.1548 0.0962583 0.0510833 0.0780547 0.0392628 0.0264448 0.0105944 0.00273621 0.000316156 1.26378e-005 1.3584e-007 3.26154e-010 1.52521e-013 1.25754e-017
 2.91331e-026 3.65776e-020 6.63688e-015 1.6428e-010 5.54722e-007 0.000255527 0.0160571 0.137648 0.160972 0.0262964 0.0283094 0.170288 0.145147 0.0606457 0.105108 0.0632203 0.0508229 0.025425 0.00843757 0.00129689 6.85818e-005 9.48365e-007 2.83702e-009 1.61506e-012 1.60457e-016
 2.92371e-026 3.67004e-020 6.65915e-015 1.64832e-010 5.56601e-007 0.000256476 0.0161737 0.143977 0.236465 0.156816 0.0500029 0.11204 0.108939 0.0783127 0.0580229 0.0298265 0.008255 0.000885089 2.67578e-005 1.80716e-007 2.34493e-010 5.31869e-014 1.9823e-018 1.16455e-023 2.48792e-027
#obs surv len freq
 nan nan nan nan nan nan nan nan nan nan nan nan nan nan nan nan nan nan nan nan nan nan nan nan nan
 4.90406e-027 7.71862e-021 1.65727e-015 4.8542e-011 1.9396e-007 0.000105725 0.00786163 0.0797478 0.110357 0.0212888 0.0184299 0.0957306 0.0705947 0.0277543 0.0806632 0.0515358 0.0552197 0.0534882 0.0511029 0.0495776 0.0503613 0.0513486 0.0542872 0.0513405 0.0192041
 5.2764e-027 8.30465e-021 1.7831e-015 5.22275e-011 2.08686e-007 0.000113752 0.00845853 0.0858026 0.118736 0.0229051 0.0198287 0.102996 0.0759526 0.0298565 0.0867639 0.0552341 0.0581864 0.0548968 0.0484938 0.0440144 0.042515 0.0425303 0.0447061 0.0422201 0.0157884
 5.53495e-027 8.71158e-021 1.87047e-015 5.47867e-011 2.18912e-007 0.000119326 0.00887299 0.090007 0.124554 0.0240275 0.0208025 0.108055 0.0796827 0.0313165 0.0910001 0.057916 0.0609291 0.0571789 0.0493199 0.0419769 0.0371033 0.0348677 0.0358967 0.0337575 0.0126158
 5.70274e-027 8.97568e-021 1.92717e-015 5.64476e-011 2.25549e-007 0.000122943 0.00914198 0.0927356 0.12833 0.0247556 0.0214184 0.111252 0.0820405 0.0322489 0.0937151 0.0596481 0.0627703 0.058895 0.0506757 0.0423489 0.0350634 0.0296699 0.0286772 0.0265759 0.00991407
 5.80249e-027 9.13267e-021 1.96088e-015 5.74349e-011 2.29494e-007 0.000125094 0.00930189 0.0943577 0.130575 0.0251891 0.0218144 0.113312 0.0835592 0.0328307 0.0953913 0.060722 0.063934 0.0600005 0.0516515 0.0430836 0.0349549 0.0272078 0.0234657 0.0208075 0.00771571
 5.85806e-027 9.22013e-021 1.97966e-015 5.79849e-011 2.31691e-007 0.000126292 0.00939097 0.0952613 0.131825 0.0254312 0.0220585 0.114586 0.0844991 0.0332232 0.0965542 0.0614523 0.0646561 0.0606799 0.0522518 0.0435974 0.0352637 0.0264721 0.0202801 0.0164143 0.00597637
 5.905e-027 9.29401e-021 1.99552e-015 5.84496e-011 2.33548e-007 0.000127304 0.00946622 0.0960246 0.132882 0.0256329 0.0221537 0.115067 0.0848558 0.0334073 0.0971328 0.0618382 0.0651439 0.0611397 0.052641 0.0439357 0.0355427 0.0264045 0.0186535 0.0133067 0.00464422
 5.93653e-027 9.34364e-021 2.00618e-015 5.87617e-011 2.34795e-007 0.000127984 0.00951677 0.0965374 0.133591 0.0257704 0.0222951 0.115805 0.0853963 0.0335183 0.0973557 0.0619811 0.0653009 0.0612874 0.052765 0.0440234 0.0356106 0.0263936 0.0178559 0.0112218 0.00364569
 5.93508e-027 9.34135e-021 2.00569e-015 5.87473e-011 2.34738e-007 0.000127952 0.00951444 0.0965137 0.133559 0.0257654 0.0223424 0.11606 0.0855853 0.0336311 0.0977208 0.0621968 0.0654504 0.0614594 0.0530096 0.0442538 0.0358005 0.0265165 0.0175674 0.00997118 0.00295494
 5.94639e-027 9.35915e-021 2.00951e-015 5.88592e-011 2.35185e-007 0.000128196 0.00953256 0.0966976 0.133813 0.0258131 0.0223283 0.115977 0.0855267 0.0336665 0.0978813 0.0623108 0.0656241 0.061598 0.0530676 0.0443523 0.0359234 0.0266072 0.017445 0.00921935 0.00248759
 5.96193e-027 9.38361e-021 2.01476e-015 5.9013e-011 2.35799e-007 0.000128531 0.00955748 0.0969503 0.134163 0.0258805 0.0223853 0.116273 0.0857424 0.0336767 0.0978379 0.0622868 0.0656164 0.0615792 0.053009 0.0442465 0.035839 0.026574 0.0173316 0.00874358 0.00217855
 5.95318e-027 9.36984e-021 2.01181e-015 5.89265e-011 2.35453e-007 0.000128342 0.00954345 0.096808 0.133966 0.0258439 0.0224043 0.11638 0.0858211 0.033716 0.0979601 0.0623545 0.0656418 0.0616335 0.0531396 0.0443529 0.0358917 0.0266126 0.0173197 0.00848838 0.00199434
 5.96245e-027 9.38444e-021 2.01494e-015 5.90182e-011 2.3582e-007 0.000128542 0.00955832 0.0969589 0.134175 0.025883 0.0223965 0.116333 0.0857884 0.0337541 0.0981205 0.0624415 0.0656603 0.0616086 0.0530312 0.0442926 0.0358555 0.0265626 0.0172597 0.00831398 0.0018782
 5.96704e-027 9.39167e-021 2.01649e-015 5.90637e-011 2.36002e-007 0.000128641 0.00956568 0.0970335 0.134278 0.025903 0.0224137 0.116422 0.0858526 0.0337323 0.0980117 0.0623983 0.0657365 0.0616736 0.0530394 0.0442424 0.0358068 0.0265341 0.0172137 0.00820554 0.00180834
 5.9589e-027 9.37886e-021 2.01374e-015 5.89831e-011 2.3568e-007 0.000128466 0.00955264 0.0969012 0.134095 0.0258684 0.0224124 0.11642 0.0858511 0.0337381 0.0980345 0.0624068 0.0657197 0.0617086 0.0531996 0.0443704 0.0358704 0.02657 0.0172257 0.00815694 0.00177044
 5.95018e-027 9.36513e-021 2.01079e-015 5.88968e-011 2.35335e-007 0.000128278 0.00953865 0.0967593 0.133898 0.0258312 0.0224082 0.116403 0.0858395 0.0337641 0.0981398 0.06247 0.065767 0.0617355 0.0531962 0.0444413 0.0359589 0.0266079 0.0172361 0.00812886 0.00174786
 5.95942e-027 9.37967e-021 2.01392e-015 5.89883e-011 2.357e-007 0.000128477 0.00955346 0.0969096 0.134106 0.0258706 0.0224132 0.116424 0.0858558 0.0337921 0.0982424 0.0625234 0.0657656 0.0616925 0.0530563 0.0442801 0.0358508 0.0265492 0.017179 0.00807978 0.00172726
 5.97379e-027 9.40229e-021 2.01877e-015 5.91305e-011 2.36269e-007 0.000128787 0.0095765 0.0971433 0.13443 0.025931 0.022389 0.116286 0.0857533 0.0337266 0.098028 0.0624164 0.0657918 0.0617368 0.0531118 0.0442775 0.0358038 0.026527 0.0171681 0.0080579 0.00171625
 5.98212e-027 9.41539e-021 2.02159e-015 5.92129e-011 2.36598e-007 0.000128966 0.00958984 0.0972787 0.134617 0.0259682 0.022461 0.116666 0.0860301 0.0337378 0.097964 0.0623466 0.065584 0.0615479 0.0529888 0.0441788 0.0356896 0.0264084 0.0170955 0.00801568 0.00170296
 5.96527e-027 9.38886e-021 2.01589e-015 5.90461e-011 2.35931e-007 0.000128603 0.00956283 0.0970046 0.134238 0.0258961 0.0224404 0.116566 0.0859584 0.0337725 0.0981262 0.0624439 0.0656588 0.0616256 0.0530878 0.0443125 0.0358268 0.0264878 0.0171312 0.00802909 0.00170313
