SBPRF35
0.819782
Curr Bio
130807
B35
683793
F35
0.209814
FOFL
0
OFL
0
Bzero
234224
#pred survey bio
 7281.92 6956.17 8892.79 12322.9 15319.5 17898.4 17302.4 21828.9 34798.6 46891.5 59389 80754.7 107238 124897 124310 106733 104334 103612 112958 102284 105407 114314 117871 119622 126973 135973 140065 140018 3.8707e+06 5.56933e+06 6.3613e+06 6.21846e+06 5.6399e+06 4.92684e+06 4.24229e+06 3.65745e+06 3.19028e+06 2.83253e+06 2.56596e+06 2.37081e+06 2.22948e+06 2.12759e+06 2.05358e+06 1.99875e+06 1.95996e+06 1.93222e+06 1.91218e+06 1.89753e+06 1.88671e+06 1.87863e+06 1.87252e+06 1.86786e+06 1.86427e+06 1.86148e+06 1.85929e+06 1.85756e+06 1.8562e+06 1.8551e+06 1.85423e+06 1.85353e+06 1.85296e+06 1.8525e+06 1.85213e+06 1.85182e+06 1.85158e+06 1.85138e+06 1.85121e+06 1.85108e+06 1.85097e+06 1.85088e+06 1.85081e+06 1.85075e+06 1.8507e+06 1.85066e+06 1.85063e+06 1.8506e+06 1.85058e+06 1.85056e+06 1.85055e+06 1.85054e+06 1.85053e+06 1.85052e+06 1.85051e+06 1.85051e+06 1.8505e+06 1.8505e+06 1.8505e+06 1.85049e+06 1.85049e+06 1.85049e+06 1.85049e+06 1.85049e+06 1.85049e+06 1.85049e+06 1.85049e+06 1.85049e+06 1.85049e+06 1.85048e+06 1.85048e+06 1.85048e+06 1.85048e+06 1.85048e+06 1.85048e+06 1.85048e+06 1.85048e+06 1.85048e+06 1.85048e+06 1.85048e+06 1.85048e+06 1.85048e+06 1.85048e+06 1.85048e+06 1.85048e+06 1.85048e+06 1.85048e+06 1.85048e+06 1.85048e+06 1.85048e+06 1.85048e+06 1.85048e+06 1.85048e+06 1.85048e+06 1.85048e+06 1.85048e+06 1.85048e+06 1.85048e+06 1.85048e+06 1.85048e+06 0 0 0 0 0 0 0 0 0 0 0 0 0 0 0 0 0 0 0 0 0 0 0 0 0
#obs survey bio
 6597.38 6349.27 9482.02 15034.2 17327 15626.1 16480.4 23545.4 42231.2 44252.9 65843.8 121273 85227.4 126274 148372 95169.4 94683.6 93785.5 123166 100933 133012 90372 133271 151922 110912 153111 161118 140070
#pred catch bio
 5021.72 4725.07 5994.5 8782.32 10359.5 13450.4 12914.4 14919.8 24763.1 33551.2 41827.4 58991.1 83330.5 97729.8 100448 83990.1 83573.3 79673.9 94514.2 83498 85174.1 95102.9 100016 100667 106129 114330 119011 106542 0 44382.4 51321.1 49638.1 44435.8 38240.9 32396.6 27478.1 23612.2 20707.4 18591.7 17085.1 16029.7 15299 14794.7 14445.2 14213.3 14059.3 13957.1 13889.2 13844.2 13814.3 13794.4 13781.3 13772.5 13766.7 13762.9 13760.3 13758.6 13757.5 13756.7 13756.3 13755.9 13755.7 13755.6 13755.5 13755.4 13755.4 13755.3 13755.3 13755.3 13755.3 13755.3 13755.3 13755.3 13755.3 13755.3 13755.3 13755.3 13755.3 13755.3 13755.3 13755.3 13755.3 13755.3 13755.3 13755.3 13755.3 13755.3 13755.3 13755.3 13755.3 13755.3 13755.3 13755.3 13755.3 13755.3 13755.3 13755.3 13755.3 13755.3 13755.3 13755.3 13755.3 13755.3 13755.3 13755.3 13755.3 13755.3 13755.3 13755.3 13755.3 13755.3 13755.3 13755.3 13755.3 13755.3 13755.3 13755.3 13755.3 13755.3 13755.3 13755.3 13755.3 13755.3 13755.3 13755.3 13755.3 13755.3 13755.3 0 0 0 0 0 0 0 0 0 0 0 0 0 0 0 0 0 0 0 0 0 0 0 0 0
#obs catch bio
 4764.96 4700.76 5820.2 8390.82 9943.27 13258.4 12719.2 14472.1 23909.8 32181.2 39649.8 56294.8 82533.5 96542 99674.4 82762 82069.7 77737.9 91870.4 81263.7 81915.8 93993.2 96747.1 97706 103072 111149 115804 105894
#pred cpue bio
 6266.12 5649.33 7012.1 9691.93 12119.3 14726.6 13913 16649 26640.3 36784.4 46750 62760.6 82895.9 96873.1 99913.6 85661.4 82421.6 81247.6 89048.3 79712.5 81466.2 88188.8 90386.3 91086 96561.1 103734 107246 106983 3.06387e+06 5.40172e+06 6.3172e+06 6.17023e+06 5.58873e+06 4.87509e+06 4.19045e+06 3.6056e+06 3.13843e+06 2.78068e+06 2.51411e+06 2.31897e+06 2.17763e+06 2.07574e+06 2.00173e+06 1.9469e+06 1.90811e+06 1.88037e+06 1.86033e+06 1.84568e+06 1.83486e+06 1.82678e+06 1.82067e+06 1.81601e+06 1.81242e+06 1.80963e+06 1.80744e+06 1.80572e+06 1.80435e+06 1.80326e+06 1.80238e+06 1.80168e+06 1.80111e+06 1.80065e+06 1.80028e+06 1.79997e+06 1.79973e+06 1.79953e+06 1.79936e+06 1.79923e+06 1.79912e+06 1.79903e+06 1.79896e+06 1.7989e+06 1.79885e+06 1.79881e+06 1.79878e+06 1.79875e+06 1.79873e+06 1.79871e+06 1.7987e+06 1.79869e+06 1.79868e+06 1.79867e+06 1.79866e+06 1.79866e+06 1.79865e+06 1.79865e+06 1.79865e+06 1.79865e+06 1.79864e+06 1.79864e+06 1.79864e+06 1.79864e+06 1.79864e+06 1.79864e+06 1.79864e+06 1.79864e+06 1.79864e+06 1.79864e+06 1.79864e+06 1.79864e+06 1.79864e+06 1.79864e+06 1.79864e+06 1.79864e+06 1.79863e+06 1.79863e+06 1.79863e+06 1.79863e+06 1.79863e+06 1.79863e+06 1.79863e+06 1.79863e+06 1.79863e+06 1.79863e+06 1.79863e+06 1.79863e+06 1.79863e+06 1.79863e+06 1.79863e+06 1.79863e+06 1.79863e+06 1.79863e+06 1.79863e+06 1.79863e+06 1.79863e+06 1.79863e+06 1.79863e+06 1.79863e+06 0 0 0 0 0 0 0 0 0 0 0 0 0 0 0 0 0 0 0 0 0 0 0 0 0
#obs cpue bio
 6753.16 7243.14 12417.1 18399.2 18145.2 16875.4 21670.1 25169.5 41157.5 72853.3 115369 74997.2 95564.5 113935 94430.4 128219 122381 132027 135135 121974 125398 116593 152664 112420 170738 142502 146632 114775
#pred surv len freq
 2.56702e-27 2.59875e-27 4.23269e-26 8.38928e-20 2.05653e-14 6.09387e-10 2.18272e-06 0.000945035 0.0494597 0.312896 0.239509 0.0369699 0.11313 0.104545 0.0274084 0.0365791 0.0170569 0.0149654 0.0101187 0.00833289 0.00698782 0.00638214 0.00670927 0.00611703 0.00188523
 2.56844e-27 2.60229e-27 4.50107e-26 8.95526e-20 2.19527e-14 6.50499e-10 2.32998e-06 0.00100879 0.0527965 0.334005 0.255678 0.0401334 0.125847 0.115941 0.023588 0.0247387 0.00948226 0.0057947 0.00316989 0.00218377 0.00158802 0.00128736 0.0012288 0.00113852 0.00038654
 2.5694e-27 2.60484e-27 4.72071e-26 9.41859e-20 2.30885e-14 6.84154e-10 2.45053e-06 0.00106098 0.0555281 0.351286 0.268873 0.0400721 0.116111 0.106959 0.0221141 0.0235658 0.00800828 0.0033666 0.00134138 0.000649863 0.000365177 0.000246027 0.000203565 0.000181796 6.44209e-05
 2.56936e-27 2.60471e-27 4.70508e-26 9.38561e-20 2.30077e-14 6.81759e-10 2.44195e-06 0.00105727 0.0553337 0.350056 0.26794 0.0404917 0.11996 0.110442 0.021498 0.0212814 0.00727473 0.00309378 0.00100618 0.000320635 0.00011372 5.43375e-05 3.56552e-05 2.87614e-05 1.02257e-05
 2.56904e-27 2.60382e-27 4.62461e-26 9.21584e-20 2.25915e-14 6.69427e-10 2.39778e-06 0.00103815 0.0543328 0.343724 0.263111 0.0408555 0.126121 0.116111 0.0221988 0.0214394 0.00711832 0.00271456 0.000881499 0.000261278 6.06635e-05 1.63486e-05 6.90716e-06 4.52377e-06 1.54937e-06
 2.56708e-27 2.59857e-27 4.16592e-26 8.24822e-20 2.02195e-14 5.99141e-10 2.14602e-06 0.000929145 0.0486281 0.307635 0.235568 0.0417091 0.151969 0.140078 0.0285357 0.0298714 0.00987582 0.00367309 0.00113328 0.000308903 6.77376e-05 1.20883e-05 2.46711e-06 1.03116e-06 3.19069e-07
 2.56842e-27 2.60224e-27 4.4955e-26 8.94351e-20 2.19239e-14 6.49645e-10 2.32692e-06 0.00100747 0.0527272 0.333567 0.255348 0.0403775 0.127938 0.117974 0.0259086 0.029459 0.00997519 0.00406019 0.00124992 0.00032787 6.60156e-05 1.06225e-05 1.28632e-06 2.28968e-07 5.43714e-08
 2.57067e-27 2.60826e-27 5.01798e-26 1.00457e-19 2.46258e-14 7.29706e-10 2.61368e-06 0.00113163 0.0592252 0.374675 0.286725 0.0396284 0.100192 0.0921859 0.0179936 0.0178851 0.00624968 0.00286152 0.000925056 0.000259818 5.1163e-05 7.60585e-06 7.68923e-07 6.13798e-08 7.43287e-09
 2.57039e-27 2.60744e-27 4.93996e-26 9.88107e-20 2.42222e-14 7.17748e-10 2.57085e-06 0.00111308 0.0582547 0.368535 0.282048 0.0403445 0.108928 0.10015 0.0176625 0.0150998 0.00501693 0.00193733 0.000653441 0.000204136 4.3295e-05 6.50033e-06 6.03505e-07 3.38086e-08 1.58628e-09
 2.56933e-27 2.60456e-27 4.68494e-26 9.3431e-20 2.29035e-14 6.78671e-10 2.43089e-06 0.00105248 0.055083 0.34847 0.266739 0.0410717 0.125217 0.115201 0.0206662 0.0181506 0.00577554 0.00182001 0.000554272 0.000154504 3.57824e-05 5.89097e-06 5.60225e-07 2.78778e-08 7.23186e-10
 2.56926e-27 2.60441e-27 4.67704e-26 9.32645e-20 2.28627e-14 6.77462e-10 2.42655e-06 0.0010506 0.0549849 0.347849 0.266258 0.0406831 0.122598 0.112877 0.0219588 0.0216911 0.0069623 0.00226265 0.000639603 0.000146737 2.95533e-05 4.96195e-06 5.21371e-07 2.6479e-08 5.65123e-10
 2.56985e-27 2.60603e-27 4.82062e-26 9.62933e-20 2.36051e-14 6.99463e-10 2.50536e-06 0.00108472 0.0567706 0.359146 0.274877 0.0402353 0.113134 0.104139 0.0203068 0.0201358 0.00668966 0.00253769 0.000737461 0.000169136 2.90154e-05 4.07392e-06 4.19936e-07 2.32398e-08 4.96923e-10
 2.57001e-27 2.60642e-27 4.85081e-26 9.693e-20 2.37612e-14 7.04088e-10 2.52192e-06 0.0010919 0.0571459 0.361521 0.276695 0.0404874 0.113776 0.104654 0.0189913 0.0169993 0.00563411 0.00213648 0.000659421 0.000172049 3.01514e-05 3.78008e-06 3.21017e-07 1.7147e-08 3.91076e-10
 2.5698e-27 2.60583e-27 4.79568e-26 9.57671e-20 2.34761e-14 6.9564e-10 2.49167e-06 0.0010788 0.0564603 0.357183 0.273389 0.040885 0.119125 0.109544 0.0190424 0.0158712 0.00508484 0.00166457 0.00050542 0.000134404 2.63357e-05 3.52716e-06 2.72761e-07 1.21507e-08 2.65836e-10
 2.56813e-27 2.60129e-27 4.39493e-26 8.73128e-20 2.14037e-14 6.3423e-10 2.2717e-06 0.000983561 0.051476 0.325652 0.24933 0.0420233 0.14469 0.133153 0.0235436 0.0201916 0.0063614 0.00189889 0.000538434 0.000126942 2.4796e-05 3.60753e-06 3.02655e-07 1.24147e-08 2.31436e-10
 2.56832e-27 2.60186e-27 4.45131e-26 8.85024e-20 2.16953e-14 6.42871e-10 2.30266e-06 0.000996962 0.0521774 0.330088 0.252707 0.0413232 0.136991 0.12617 0.0245187 0.0241803 0.00767514 0.00235453 0.000648917 0.000138923 2.41484e-05 3.33805e-06 2.99425e-07 1.3193e-08 2.28405e-10
 2.5691e-27 2.604e-27 4.64059e-26 9.24954e-20 2.26741e-14 6.71875e-10 2.40654e-06 0.00104194 0.0545314 0.344981 0.264069 0.0407753 0.124838 0.114939 0.0222251 0.0217925 0.00719567 0.00265978 0.000755143 0.000163825 2.65239e-05 3.2427e-06 2.70209e-07 1.25277e-08 2.29096e-10
 2.56936e-27 2.60466e-27 4.69424e-26 9.36272e-20 2.29516e-14 6.80096e-10 2.43599e-06 0.00105469 0.0551987 0.349202 0.267296 0.0410051 0.124319 0.114372 0.0205293 0.0180589 0.00593296 0.00216953 0.000659774 0.000167192 2.79575e-05 3.27429e-06 2.41078e-07 1.03462e-08 1.96102e-10
 2.56913e-27 2.60404e-27 4.64045e-26 9.24925e-20 2.26734e-14 6.71854e-10 2.40647e-06 0.00104191 0.0545297 0.34497 0.264066 0.0410672 0.127062 0.116933 0.0215304 0.0196887 0.00629414 0.00202206 0.000603666 0.000155315 2.96002e-05 3.79104e-06 2.71237e-07 1.03731e-08 1.82691e-10
 2.56959e-27 2.60525e-27 4.74446e-26 9.46864e-20 2.32112e-14 6.8779e-10 2.46355e-06 0.00106662 0.0558232 0.353153 0.270314 0.0410468 0.122516 0.112672 0.0195649 0.0162764 0.00522262 0.00171657 0.000488698 0.000112734 2.13414e-05 3.00001e-06 2.39995e-07 9.03855e-09 1.43595e-10
 2.56994e-27 2.6062e-27 4.8282e-26 9.6453e-20 2.36443e-14 7.00622e-10 2.50951e-06 0.00108652 0.0568647 0.359742 0.275341 0.0408196 0.117256 0.107817 0.0187056 0.0155311 0.00487811 0.00143604 0.000407196 9.41744e-05 1.6267e-05 2.17775e-06 1.87659e-07 7.84942e-09 1.23993e-10
 2.57001e-27 2.60636e-27 4.84159e-26 9.67355e-20 2.37135e-14 7.02674e-10 2.51686e-06 0.0010897 0.0570312 0.360795 0.276146 0.0408476 0.116903 0.107476 0.0183665 0.0148428 0.00466037 0.00137004 0.000373882 7.91273e-05 1.35882e-05 1.71333e-06 1.38543e-07 6.14928e-09 1.06325e-10
 2.57023e-27 2.60696e-27 4.89302e-26 9.78203e-20 2.39795e-14 7.10554e-10 2.54509e-06 0.00110192 0.0576708 0.364841 0.279235 0.040809 0.114439 0.105178 0.0175037 0.0134504 0.0041885 0.00118083 0.000320399 6.68602e-05 1.06665e-05 1.28154e-06 9.85522e-08 4.13539e-09 7.49319e-11
 2.57049e-27 2.60765e-27 4.95234e-26 9.90718e-20 2.42862e-14 7.19645e-10 2.57765e-06 0.00111602 0.0584086 0.369509 0.282798 0.0407465 0.11146 0.102403 0.0165653 0.012005 0.00369345 0.000973383 0.000258171 5.19656e-05 8.17936e-06 9.30651e-07 6.68641e-08 2.65584e-09 4.60344e-11
 2.57053e-27 2.60776e-27 4.96169e-26 9.9269e-20 2.43346e-14 7.21077e-10 2.58278e-06 0.00111824 0.0585249 0.370244 0.28336 0.0407483 0.111079 0.102047 0.0164086 0.0117349 0.00357371 0.000881738 0.000226966 4.29628e-05 6.51692e-06 7.20875e-07 4.9336e-08 1.82437e-09 2.98038e-11
 2.5704e-27 2.60741e-27 4.93148e-26 9.86316e-20 2.41784e-14 7.16448e-10 2.5662e-06 0.00111107 0.0581491 0.367867 0.281546 0.0408328 0.112996 0.103818 0.0167563 0.0120818 0.00367311 0.000894121 0.000225463 4.00906e-05 5.75812e-06 6.03159e-07 3.97388e-08 1.39723e-09 2.12783e-11
 2.57026e-27 2.60701e-27 4.89618e-26 9.7887e-20 2.39958e-14 7.11039e-10 2.54682e-06 0.00110268 0.0577101 0.36509 0.279427 0.0409339 0.115255 0.105903 0.0171427 0.0124384 0.0037861 0.000928376 0.000233518 4.08114e-05 5.59934e-06 5.48564e-07 3.39252e-08 1.1383e-09 1.64387e-11
 2.57034e-27 2.60725e-27 4.91742e-26 9.83349e-20 2.41056e-14 7.14293e-10 2.55848e-06 0.00110772 0.0579742 0.366761 0.280702 0.0408647 0.113833 0.104592 0.0169324 0.0122888 0.0037426 0.000921164 0.000232285 4.0797e-05 5.54172e-06 5.2274e-07 3.01337e-08 9.43688e-10 1.2923e-11
#obs surv len freq
 1.63842e-41 2.27401e-33 3.81513e-26 7.73701e-20 1.89664e-14 5.62008e-10 2.01302e-06 0.000871569 0.0456144 0.28857 0.22109 0.044237 0.164333 0.139707 0.0435421 0.0354538 0.0116188 0.00398408 0.000858348 0.000110581 6.24377e-06 1.11929e-07 4.7184e-10 3.75139e-13 4.86471e-17
 1.90984e-41 2.65073e-33 4.44715e-26 9.01874e-20 2.21084e-14 6.55111e-10 2.3465e-06 0.00101595 0.053171 0.336375 0.257606 0.0440352 0.13176 0.105957 0.0333834 0.025402 0.00809639 0.00261217 0.000521436 5.9315e-05 2.77889e-06 3.88729e-08 1.22383e-10 7.07171e-14 6.56461e-18
 1.93411e-41 2.68441e-33 4.50366e-26 9.13333e-20 2.23893e-14 6.63436e-10 2.37632e-06 0.00102886 0.0538466 0.34065 0.260952 0.0470642 0.140457 0.105646 0.026538 0.0168325 0.00513307 0.00153803 0.000282129 2.81123e-05 1.09012e-06 1.19023e-08 2.79995e-11 1.17696e-14 7.826e-19
 1.96879e-41 2.73256e-33 4.58443e-26 9.29713e-20 2.27908e-14 6.75334e-10 2.41893e-06 0.00104732 0.0548123 0.346759 0.265681 0.0487494 0.138751 0.0983144 0.0259695 0.0152603 0.00360938 0.000885381 0.000145642 1.25544e-05 3.99824e-07 3.40382e-09 5.99779e-12 1.83908e-15 8.77954e-20
 1.75896e-41 2.44132e-33 4.09581e-26 8.30623e-20 2.03617e-14 6.03356e-10 2.16112e-06 0.000935691 0.0489703 0.309802 0.237656 0.0549736 0.176702 0.117592 0.0313736 0.0171316 0.00394837 0.000806044 9.88136e-05 6.95796e-06 1.79281e-07 1.18366e-09 1.56308e-12 3.50789e-16 1.20682e-20
 1.45464e-41 2.01894e-33 3.38719e-26 6.86915e-20 1.68389e-14 4.98968e-10 1.78722e-06 0.000773805 0.0404979 0.256204 0.196999 0.0624892 0.220712 0.139947 0.0488089 0.0265549 0.00581186 0.00108438 0.00010971 5.5532e-06 1.07064e-07 5.38046e-10 5.30246e-13 8.71557e-17 2.16722e-21
 2.09246e-41 2.90419e-33 4.87238e-26 9.88109e-20 2.42223e-14 7.17752e-10 2.57087e-06 0.0011131 0.0582551 0.36854 0.282459 0.0502663 0.112081 0.0688461 0.0339057 0.0187303 0.00483615 0.00088332 7.83048e-05 3.08358e-06 4.14133e-08 1.46747e-10 1.05005e-13 1.25556e-17 2.25522e-22
 1.98434e-41 2.75414e-33 4.62064e-26 9.37056e-20 2.29708e-14 6.80668e-10 2.43804e-06 0.00105559 0.0552452 0.3495 0.26827 0.0602619 0.152127 0.0819284 0.0192065 0.00886123 0.0029064 0.00058117 5.19783e-05 1.71785e-06 1.71083e-08 4.14558e-11 2.02e-14 1.68871e-18 2.15569e-23
 2.01765e-41 2.80036e-33 4.69818e-26 9.52782e-20 2.33563e-14 6.92091e-10 2.47896e-06 0.0010733 0.0561724 0.355366 0.272872 0.0617756 0.144946 0.0744188 0.0228115 0.00872401 0.00151901 0.000288887 2.83746e-05 8.92062e-07 7.23446e-09 1.27516e-11 4.2512e-15 2.39028e-19 2.07517e-24
 1.72788e-41 2.39819e-33 4.02346e-26 8.15949e-20 2.0002e-14 5.92697e-10 2.12294e-06 0.000919161 0.0481052 0.304334 0.234543 0.0762359 0.199275 0.0953896 0.0286233 0.0104044 0.00191834 0.000232356 1.69215e-05 5.18023e-07 3.77458e-09 5.31786e-12 1.299e-15 5.0827e-20 2.99586e-25
 2.01674e-41 2.7991e-33 4.69608e-26 9.52355e-20 2.33459e-14 6.9178e-10 2.47784e-06 0.00107282 0.0561472 0.355209 0.273135 0.0667639 0.1398 0.0665272 0.0292187 0.0101561 0.00175854 0.000198221 1.02173e-05 2.15434e-07 1.32728e-09 1.58971e-12 3.08587e-16 9.02569e-21 3.80778e-26
 1.84302e-41 2.55799e-33 4.29157e-26 8.70321e-20 2.13349e-14 6.32192e-10 2.26441e-06 0.000980411 0.0513108 0.324617 0.250554 0.081825 0.180998 0.0759922 0.023642 0.00814505 0.00174123 0.000183127 8.0597e-06 1.20637e-07 4.97158e-10 4.48411e-13 6.94579e-17 1.59938e-21 5.13694e-27
 1.92524e-41 2.6721e-33 4.483e-26 9.09144e-20 2.22866e-14 6.60392e-10 2.36542e-06 0.00102414 0.0535997 0.339099 0.261758 0.0808927 0.160586 0.0670852 0.0268923 0.007645 0.00127 0.000140544 5.92763e-06 7.15632e-08 2.08909e-10 1.25071e-13 1.34222e-17 2.27966e-22 5.56143e-28
 1.63016e-41 2.26256e-33 3.79592e-26 7.69804e-20 1.88708e-14 5.59178e-10 2.00288e-06 0.000867179 0.0453847 0.287139 0.22352 0.104143 0.216051 0.0829861 0.0298235 0.00850833 0.00144681 0.000124544 4.68393e-06 5.09809e-08 1.18059e-10 5.07319e-14 3.68148e-18 4.18502e-23 7.01798e-29
 1.47484e-41 2.04698e-33 3.43423e-26 6.96455e-20 1.70728e-14 5.05898e-10 1.81204e-06 0.000784552 0.0410604 0.25979 0.203568 0.113536 0.225101 0.0946931 0.0472659 0.0121545 0.0018865 0.000153455 4.63552e-06 4.06096e-08 7.8362e-11 2.65909e-14 1.42239e-18 1.13378e-23 1.29465e-29
 1.71531e-41 2.38074e-33 3.99418e-26 8.10012e-20 1.98565e-14 5.88385e-10 2.1075e-06 0.000912474 0.0477553 0.302145 0.235669 0.102938 0.176826 0.0767611 0.0420949 0.0125882 0.00215087 0.000153068 3.97412e-06 2.74798e-08 4.03377e-11 1.06343e-14 4.41214e-19 2.65077e-24 2.20534e-30
 1.67683e-41 2.32734e-33 3.90459e-26 7.91843e-20 1.94111e-14 5.75186e-10 2.06022e-06 0.000892005 0.0466841 0.295382 0.231977 0.118832 0.192527 0.0709022 0.0311931 0.00964156 0.00182742 0.000136971 3.09578e-06 1.72115e-08 1.94075e-11 3.7932e-15 1.16372e-19 5.2225e-25 3.25332e-31
 1.69192e-41 2.34827e-33 3.93971e-26 7.98966e-20 1.95857e-14 5.8036e-10 2.07876e-06 0.00090003 0.047104 0.298052 0.234979 0.124062 0.185189 0.0701904 0.0306841 0.00746686 0.0012705 9.77275e-05 2.1342e-06 1.00764e-08 8.8581e-12 1.30254e-15 2.93885e-20 9.56785e-26 4.314e-32
 1.66084e-41 2.30514e-33 3.86735e-26 7.84291e-20 1.9226e-14 5.69701e-10 2.04058e-06 0.000883499 0.0462389 0.2926 0.232403 0.135208 0.187688 0.068715 0.0285664 0.0066973 0.000937188 5.99144e-05 1.19987e-06 5.05923e-09 3.68144e-12 4.19654e-16 7.07102e-21 1.68758e-26 5.51551e-33
 1.75356e-41 2.43383e-33 4.08325e-26 8.28076e-20 2.02993e-14 6.01505e-10 2.15449e-06 0.000932822 0.0488203 0.308945 0.245569 0.13364 0.167756 0.0627181 0.0253834 0.00550686 0.000689784 3.54282e-05 5.58452e-07 1.95763e-09 1.1899e-12 1.09712e-16 1.43773e-21 2.58371e-27 6.22152e-34
 1.70651e-41 2.36852e-33 3.97369e-26 8.05856e-20 1.97546e-14 5.85365e-10 2.09668e-06 0.000907791 0.0475104 0.300695 0.241646 0.148397 0.173369 0.060155 0.0221549 0.00462297 0.000517304 2.21121e-05 2.68124e-07 7.06704e-10 3.31664e-13 2.4064e-17 2.47632e-22 3.44473e-28 6.30527e-35
 1.71968e-41 2.3868e-33 4.00435e-26 8.12074e-20 1.9907e-14 5.89882e-10 2.11286e-06 0.000914796 0.047877 0.30305 0.245134 0.153097 0.165148 0.0597031 0.0208533 0.00382808 0.000379021 1.36593e-05 1.29921e-07 2.55176e-10 8.73771e-14 4.65771e-18 3.57757e-23 3.75609e-29 5.20593e-36
 1.72214e-41 2.39021e-33 4.01007e-26 8.13235e-20 1.99355e-14 5.90725e-10 2.11588e-06 0.000916104 0.0479456 0.303533 0.247824 0.16119 0.160281 0.0562821 0.0185257 0.00322042 0.000271346 8.01856e-06 6.04069e-08 8.98184e-11 2.25359e-14 8.64863e-19 4.76084e-24 3.59839e-30 3.62042e-37
 1.74226e-41 2.41814e-33 4.05694e-26 8.22739e-20 2.01685e-14 5.97629e-10 2.14061e-06 0.00092681 0.0485061 0.307137 0.252805 0.165977 0.15225 0.0533274 0.0162805 0.00259243 0.000192017 4.60792e-06 2.68755e-08 3.02903e-11 5.63758e-15 1.57457e-19 6.22501e-25 3.35314e-31 2.39679e-38
 1.68373e-41 2.33691e-33 3.92065e-26 7.951e-20 1.94909e-14 5.77552e-10 2.0687e-06 0.000895675 0.0468768 0.296928 0.249057 0.180923 0.155101 0.0529365 0.0149632 0.00217458 0.000138608 2.72671e-06 1.23316e-08 1.03985e-11 1.42692e-15 2.91319e-20 8.34781e-26 3.23348e-32 1.6514e-39
 1.59538e-41 2.21428e-33 3.71491e-26 7.53376e-20 1.84681e-14 5.47245e-10 1.96014e-06 0.000848674 0.0444174 0.281502 0.242138 0.196701 0.160299 0.0569416 0.015075 0.00196797 0.000106988 1.70408e-06 5.98866e-09 3.79941e-12 3.83324e-16 5.6832e-21 1.17616e-26 3.28037e-33 1.20299e-40
 1.59955e-41 2.22007e-33 3.72462e-26 7.55346e-20 1.85164e-14 5.48675e-10 1.96527e-06 0.000850893 0.0445339 0.282362 0.246025 0.199289 0.153439 0.0570417 0.0146117 0.00176344 8.10726e-05 1.03476e-06 2.80504e-09 1.33791e-12 9.97032e-17 1.07756e-21 1.61036e-27 3.22427e-34 8.46151e-42
 1.64863e-41 2.28818e-33 3.8389e-26 7.78521e-20 1.90845e-14 5.6551e-10 2.02556e-06 0.000877 0.0459008 0.291148 0.25574 0.198972 0.141951 0.0513036 0.0126098 0.00143748 5.72062e-05 5.85631e-07 1.2168e-09 4.34204e-13 2.38507e-17 1.88128e-22 2.03728e-28 2.93926e-35 5.53332e-43
#pred catch len freq
 2.56563e-27 2.59504e-27 3.91183e-26 7.71243e-20 1.89061e-14 5.60221e-10 2.00662e-06 0.000868789 0.0454693 0.287651 0.220237 0.0372228 0.128595 0.118882 0.0310922 0.0414204 0.0192794 0.016873 0.0114003 0.00938484 0.00786908 0.00718682 0.00755516 0.00688824 0.00212292
 2.56716e-27 2.59881e-27 4.19522e-26 8.31006e-20 2.03711e-14 6.03632e-10 2.16211e-06 0.000936111 0.0489927 0.309941 0.237315 0.0408394 0.144122 0.132827 0.0269688 0.0282157 0.0108009 0.00658087 0.00359729 0.00247715 0.00180113 0.00146009 0.00139366 0.00129127 0.0004384
 2.56818e-27 2.60156e-27 4.43195e-26 8.80942e-20 2.15952e-14 6.39905e-10 2.29203e-06 0.000992363 0.0519367 0.328566 0.251536 0.0407995 0.133828 0.123332 0.0254444 0.0270475 0.00918308 0.00384787 0.00153201 0.000741816 0.000416788 0.000280787 0.000232325 0.00020748 7.35223e-05
 2.5683e-27 2.60183e-27 4.45057e-26 8.84869e-20 2.16915e-14 6.42758e-10 2.30225e-06 0.000996786 0.0521682 0.33003 0.25266 0.0411917 0.136022 0.125274 0.0243026 0.0239502 0.0081787 0.00346632 0.00112663 0.000358788 0.000127229 6.07893e-05 3.98885e-05 3.21762e-05 1.14398e-05
 2.5678e-27 2.60047e-27 4.3291e-26 8.59243e-20 2.10633e-14 6.24143e-10 2.23558e-06 0.000967919 0.0506574 0.320473 0.24537 0.0416785 0.144849 0.133403 0.0254547 0.0245172 0.00813337 0.00309142 0.00100322 0.000297177 6.89866e-05 1.85903e-05 7.85417e-06 5.144e-06 1.7618e-06
 2.56602e-27 2.5957e-27 3.91266e-26 7.71395e-20 1.89098e-14 5.60331e-10 2.00701e-06 0.00086896 0.0454782 0.287708 0.220363 0.0423976 0.167891 0.154785 0.0313849 0.032672 0.0107917 0.00399913 0.00123304 0.000335877 7.36395e-05 1.31406e-05 2.68183e-06 1.1209e-06 3.46837e-07
 2.56742e-27 2.59954e-27 4.25725e-26 8.44091e-20 2.06919e-14 6.13137e-10 2.19615e-06 0.000950851 0.0497641 0.314821 0.241043 0.0409729 0.142519 0.131453 0.0287217 0.0324879 0.0109897 0.00445707 0.00137123 0.000359458 7.23627e-05 1.1643e-05 1.40987e-06 2.50958e-07 5.95933e-08
 2.56963e-27 2.60545e-27 4.7703e-26 9.52318e-20 2.33449e-14 6.91752e-10 2.47774e-06 0.00107277 0.0561448 0.355187 0.271855 0.0402988 0.115741 0.106545 0.0207415 0.0205447 0.00717152 0.00327288 0.00105742 0.000296811 5.8438e-05 8.68672e-06 8.78177e-07 7.01008e-08 8.48894e-09
 2.56943e-27 2.60482e-27 4.70756e-26 9.39081e-20 2.30204e-14 6.82137e-10 2.4433e-06 0.00105786 0.0553643 0.35025 0.268097 0.0410463 0.12407 0.11412 0.0200641 0.0170636 0.00566405 0.00217954 0.000734619 0.00022936 4.86369e-05 7.30187e-06 6.77909e-07 3.79766e-08 1.78183e-09
 2.56828e-27 2.6017e-27 4.43148e-26 8.8084e-20 2.15927e-14 6.39831e-10 2.29177e-06 0.000992248 0.0519307 0.328528 0.251523 0.0418342 0.141711 0.130418 0.0233236 0.0203823 0.00648068 0.00203491 0.000619261 0.000172509 3.99452e-05 6.5759e-06 6.2535e-07 3.11184e-08 8.07251e-10
 2.56815e-27 2.60142e-27 4.41229e-26 8.76792e-20 2.14935e-14 6.36891e-10 2.28124e-06 0.000987688 0.051692 0.327018 0.250364 0.0414234 0.139399 0.128392 0.0249005 0.0244972 0.007857 0.00254448 0.000718794 0.000164795 3.31837e-05 5.57109e-06 5.85366e-07 2.9729e-08 6.34484e-10
 2.5689e-27 2.60346e-27 4.59334e-26 9.14987e-20 2.24298e-14 6.64635e-10 2.38061e-06 0.00103071 0.0539439 0.341264 0.261233 0.0408712 0.12756 0.117459 0.0228092 0.022494 0.007466 0.00282205 0.000819587 0.000187846 3.22192e-05 4.52337e-06 4.66256e-07 2.58031e-08 5.51732e-10
 2.56926e-27 2.60438e-27 4.66983e-26 9.31121e-20 2.28253e-14 6.76355e-10 2.42259e-06 0.00104889 0.054895 0.347281 0.26583 0.0410372 0.125593 0.115555 0.0208583 0.0185154 0.00613014 0.00231568 0.000714235 0.000186229 3.26309e-05 4.0906e-06 3.47379e-07 1.85551e-08 4.23189e-10
 2.56906e-27 2.6038e-27 4.61559e-26 9.19678e-20 2.25448e-14 6.68043e-10 2.39282e-06 0.001036 0.0542204 0.343013 0.262578 0.0414542 0.131052 0.120542 0.0208479 0.0172215 0.00551226 0.00179742 0.000545338 0.000144924 2.8392e-05 3.80228e-06 2.9403e-07 1.30981e-08 2.86563e-10
 2.56739e-27 2.59928e-27 4.21663e-26 8.35515e-20 2.04817e-14 6.06908e-10 2.17384e-06 0.000941191 0.0492585 0.311623 0.238627 0.0425912 0.156532 0.144073 0.025326 0.0215084 0.00677022 0.00201276 0.000570271 0.000134354 2.62387e-05 3.81716e-06 3.20236e-07 1.31358e-08 2.44878e-10
 2.56749e-27 2.59962e-27 4.25301e-26 8.43191e-20 2.06698e-14 6.12484e-10 2.19381e-06 0.000949837 0.0497111 0.314486 0.240802 0.0419039 0.149773 0.137969 0.0266525 0.0260781 0.00827047 0.00252722 0.000696 0.000148899 2.58772e-05 3.57673e-06 3.20829e-07 1.4136e-08 2.4473e-10
 2.56839e-27 2.60206e-27 4.46915e-26 8.88788e-20 2.17876e-14 6.45605e-10 2.31245e-06 0.0010012 0.0523993 0.331492 0.253778 0.0412808 0.135915 0.125162 0.0240435 0.0233683 0.00770789 0.00283791 0.000805184 0.00017456 2.82564e-05 3.45421e-06 2.87828e-07 1.33445e-08 2.44032e-10
 2.56853e-27 2.60239e-27 4.49326e-26 8.93872e-20 2.19122e-14 6.49297e-10 2.32567e-06 0.00100693 0.052699 0.333388 0.255231 0.0416191 0.137469 0.126502 0.0225966 0.0197225 0.00647302 0.00235805 0.000716605 0.000181475 3.03406e-05 3.55311e-06 2.61601e-07 1.12269e-08 2.12794e-10
 2.56858e-27 2.60254e-27 4.50745e-26 8.96867e-20 2.19856e-14 6.51473e-10 2.33347e-06 0.0010103 0.0528755 0.334505 0.256082 0.0414901 0.135889 0.125073 0.0228597 0.0206722 0.00660194 0.00211205 0.000630024 0.000161986 3.08659e-05 3.95285e-06 2.82808e-07 1.08155e-08 1.90483e-10
 2.56897e-27 2.60357e-27 4.59502e-26 9.1534e-20 2.24384e-14 6.64891e-10 2.38153e-06 0.00103111 0.0539646 0.341395 0.261343 0.0415297 0.132493 0.12187 0.0210331 0.0173104 0.00554878 0.00181633 0.000516715 0.000119113 2.25447e-05 3.16892e-06 2.53502e-07 9.5472e-09 1.51676e-10
 2.56931e-27 2.60448e-27 4.67567e-26 9.32352e-20 2.28555e-14 6.77249e-10 2.42579e-06 0.00105028 0.0549676 0.34774 0.266185 0.0413112 0.12743 0.117197 0.0202137 0.0166096 0.00521213 0.00152811 0.000432954 0.000100062 1.72807e-05 2.31328e-06 1.99333e-07 8.33768e-09 1.31705e-10
 2.56948e-27 2.60493e-27 4.71391e-26 9.40419e-20 2.30532e-14 6.83108e-10 2.44678e-06 0.00105936 0.0554432 0.350749 0.268482 0.0412707 0.125508 0.115407 0.0195948 0.0156479 0.00490845 0.00143691 0.000391817 8.28634e-05 1.42269e-05 1.79372e-06 1.45041e-07 6.43763e-09 1.11311e-10
 2.56978e-27 2.60574e-27 4.78484e-26 9.55382e-20 2.342e-14 6.93978e-10 2.48571e-06 0.00107622 0.0563254 0.35633 0.272742 0.0411788 0.121815 0.111974 0.0185114 0.0140379 0.0043672 0.00122592 0.000332354 6.93048e-05 1.10542e-05 1.32802e-06 1.02124e-07 4.28522e-09 7.76468e-11
 2.57003e-27 2.60639e-27 4.84023e-26 9.67067e-20 2.37065e-14 7.02466e-10 2.51611e-06 0.00108938 0.0570143 0.360688 0.276069 0.041133 0.119129 0.109469 0.0176008 0.0125878 0.00386915 0.00101533 0.000269063 5.41185e-05 8.51648e-06 9.68926e-07 6.96123e-08 2.76498e-09 4.79262e-11
 2.57005e-27 2.60644e-27 4.84452e-26 9.67971e-20 2.37286e-14 7.03122e-10 2.51846e-06 0.0010904 0.0570675 0.361025 0.276326 0.0411521 0.119093 0.10943 0.017493 0.0123491 0.00375748 0.000923141 0.000237411 4.4907e-05 6.81037e-06 7.5327e-07 5.15519e-08 1.9063e-09 3.11421e-11
 2.56993e-27 2.60613e-27 4.81746e-26 9.62262e-20 2.35887e-14 6.98975e-10 2.50361e-06 0.00108397 0.056731 0.358896 0.274702 0.0412266 0.120802 0.111009 0.0178092 0.0126726 0.00384938 0.000933031 0.000235065 4.1767e-05 5.99757e-06 6.28184e-07 4.13865e-08 1.45516e-09 2.21604e-11
 2.56982e-27 2.60581e-27 4.78912e-26 9.56285e-20 2.34422e-14 6.94633e-10 2.48806e-06 0.00107724 0.0563786 0.356666 0.273001 0.0413061 0.122602 0.112671 0.0181238 0.012972 0.00394502 0.000963173 0.000242055 4.22719e-05 5.79845e-06 5.68017e-07 3.51274e-08 1.17863e-09 1.70211e-11
 2.56956e-27 2.60511e-27 4.72662e-26 9.431e-20 2.31189e-14 6.85056e-10 2.45375e-06 0.00106238 0.0556013 0.351749 0.269249 0.0414964 0.126686 0.116439 0.0187765 0.0135122 0.00411219 0.00100823 0.000254033 4.45849e-05 6.05498e-06 5.71102e-07 3.29207e-08 1.03096e-09 1.41181e-11
#obs catch len freq
 1.62831e-41 2.25999e-33 3.79159e-26 7.68928e-20 1.88494e-14 5.58541e-10 2.0006e-06 0.000866192 0.045333 0.28679 0.219732 0.0443084 0.16569 0.140853 0.043815 0.035679 0.0118101 0.004096 0.00089859 0.000119531 7.0492e-06 1.3243e-07 5.83917e-10 4.82652e-13 6.46033e-17
 1.64659e-41 2.28536e-33 3.83416e-26 7.7756e-20 1.9061e-14 5.64811e-10 2.02306e-06 0.000875916 0.045842 0.29001 0.222253 0.046313 0.167784 0.135117 0.0433982 0.0333332 0.0107528 0.00351726 0.000714983 8.32396e-05 4.03705e-06 5.8829e-08 1.92828e-10 1.15598e-13 1.10807e-17
 1.92368e-41 2.66993e-33 4.47937e-26 9.08407e-20 2.22685e-14 6.59857e-10 2.3635e-06 0.00102331 0.0535562 0.338812 0.259524 0.0457712 0.133378 0.101347 0.0329353 0.023534 0.00738589 0.00226181 0.000423426 4.31221e-05 1.71664e-06 1.93527e-08 4.71089e-11 2.04585e-14 1.40124e-18
 1.95292e-41 2.71053e-33 4.54747e-26 9.22218e-20 2.26071e-14 6.69889e-10 2.39943e-06 0.00103887 0.0543704 0.343964 0.263552 0.0489584 0.141069 0.0998459 0.0256633 0.0153722 0.00461318 0.00130654 0.000223279 1.97373e-05 6.43603e-07 5.61567e-09 1.01593e-11 3.19961e-15 1.56706e-19
 1.9916e-41 2.76421e-33 4.63754e-26 9.40484e-20 2.30548e-14 6.83157e-10 2.44696e-06 0.00105945 0.0554473 0.350777 0.268827 0.0506903 0.138432 0.0921331 0.0249467 0.0136732 0.00315376 0.000737017 0.000112308 8.51237e-06 2.25753e-07 1.52381e-09 2.05413e-12 4.70478e-16 1.65159e-20
 1.79059e-41 2.48522e-33 4.16947e-26 8.45561e-20 2.07279e-14 6.14206e-10 2.19999e-06 0.000952518 0.049851 0.315374 0.242026 0.0575679 0.175482 0.109492 0.0299366 0.015188 0.00340132 0.000648406 7.37732e-05 4.55491e-06 9.6899e-08 5.03609e-10 5.06288e-13 8.46186e-17 2.13707e-21
 1.49438e-41 2.07411e-33 3.47975e-26 7.05685e-20 1.7299e-14 5.12602e-10 1.83606e-06 0.00079495 0.0416045 0.263205 0.202517 0.0660578 0.219154 0.130539 0.046842 0.02338 0.0049632 0.000858191 7.90253e-05 3.49074e-06 5.5506e-08 2.1844e-10 1.63176e-13 1.99178e-17 3.62954e-22
 2.12702e-41 2.95216e-33 4.95287e-26 1.00443e-19 2.46225e-14 7.29609e-10 2.61334e-06 0.00113149 0.0592175 0.374628 0.287201 0.0519675 0.109285 0.0634434 0.0320929 0.0162382 0.00406006 0.000676233 5.39385e-05 1.82302e-06 2.00802e-08 5.57011e-11 3.01432e-14 2.67021e-18 3.50884e-23
 2.02405e-41 2.80925e-33 4.71311e-26 9.55808e-20 2.34305e-14 6.94289e-10 2.48683e-06 0.00107671 0.0563508 0.356495 0.273755 0.0625063 0.147455 0.0740358 0.0176811 0.00772344 0.00243985 0.000442133 3.48788e-05 9.73889e-07 7.86076e-09 1.4851e-11 5.47173e-15 3.38608e-19 3.15801e-24
 2.05971e-41 2.85874e-33 4.79613e-26 9.72645e-20 2.38433e-14 7.06519e-10 2.53064e-06 0.00109568 0.0573435 0.362776 0.278688 0.0639203 0.139516 0.0670397 0.0208805 0.00726325 0.00123665 0.000219505 1.87156e-05 4.88138e-07 3.162e-09 4.31299e-12 1.08467e-15 4.51427e-20 2.86281e-25
 1.78e-41 2.47052e-33 4.14481e-26 8.4056e-20 2.06053e-14 6.10574e-10 2.18698e-06 0.000946885 0.0495562 0.313515 0.241818 0.0795147 0.192082 0.0860281 0.0261302 0.00870171 0.00152572 0.000168715 1.10284e-05 2.77859e-07 1.5932e-09 1.71967e-12 3.15404e-16 9.12413e-21 3.93012e-26
 2.06443e-41 2.86529e-33 4.80712e-26 9.74875e-20 2.38979e-14 7.08139e-10 2.53644e-06 0.00109819 0.0574749 0.36361 0.279754 0.0688744 0.133046 0.0599337 0.0263647 0.00832672 0.00136949 0.000138638 6.25121e-06 1.10288e-07 5.3447e-10 4.86083e-13 7.0397e-17 1.51778e-21 4.67678e-27
 1.89798e-41 2.63427e-33 4.41954e-26 8.96274e-20 2.19711e-14 6.51044e-10 2.33193e-06 0.00100965 0.0528409 0.3343 0.258264 0.0846604 0.171874 0.0676726 0.0211285 0.00676989 0.00134697 0.000125658 4.75844e-06 5.8595e-08 1.90856e-10 1.30944e-13 1.50699e-17 2.54766e-22 5.9636e-28
 1.98084e-41 2.74928e-33 4.61248e-26 9.35403e-20 2.29303e-14 6.79467e-10 2.43374e-06 0.00105372 0.0551478 0.348896 0.269559 0.0832595 0.151253 0.0599123 0.0236996 0.00614958 0.000969565 9.51993e-05 3.37958e-06 3.30793e-08 7.55711e-11 3.44051e-14 2.74573e-18 3.41676e-23 6.05667e-29
 1.69363e-41 2.35065e-33 3.9437e-26 7.99774e-20 1.96055e-14 5.80948e-10 2.08086e-06 0.00090094 0.0471516 0.298322 0.232606 0.107932 0.204388 0.0743039 0.0262945 0.00692776 0.00108486 8.28773e-05 2.63466e-06 2.29092e-08 4.10502e-11 1.33393e-14 7.19004e-19 5.99013e-24 7.29133e-30
 1.54333e-41 2.14204e-33 3.59371e-26 7.28798e-20 1.78656e-14 5.29391e-10 1.89619e-06 0.000820986 0.0429672 0.271861 0.213482 0.117974 0.213358 0.0867204 0.0415058 0.00980032 0.00140544 9.98977e-05 2.52316e-06 1.76717e-08 2.62056e-11 6.67781e-15 2.64427e-19 1.54374e-24 1.2805e-30
 1.78273e-41 2.47431e-33 4.15117e-26 8.41849e-20 2.06369e-14 6.1151e-10 2.19033e-06 0.000948338 0.0496322 0.314027 0.245343 0.105849 0.165626 0.0701331 0.0366079 0.0101744 0.00155908 9.6388e-05 2.07117e-06 1.13399e-08 1.27626e-11 2.51916e-15 7.7086e-20 3.38437e-25 2.04441e-31
 1.74543e-41 2.42254e-33 4.06431e-26 8.24235e-20 2.02051e-14 5.98715e-10 2.1445e-06 0.000928495 0.0485938 0.307475 0.241985 0.121802 0.179291 0.0637466 0.0269521 0.0078131 0.00132394 8.44779e-05 1.5573e-06 6.80527e-09 5.84756e-12 8.53176e-16 1.92668e-20 6.30432e-26 2.84584e-32
 1.76189e-41 2.44539e-33 4.10264e-26 8.32007e-20 2.03957e-14 6.04361e-10 2.16472e-06 0.000937251 0.0490521 0.31039 0.245263 0.126616 0.17166 0.0632092 0.0259825 0.00591475 0.000912456 5.93897e-05 1.04106e-06 3.81455e-09 2.54e-12 2.77811e-16 4.6036e-21 1.09128e-26 3.56076e-33
 1.73215e-41 2.40411e-33 4.03339e-26 8.17964e-20 2.00514e-14 5.9416e-10 2.12819e-06 0.000921431 0.0482241 0.305177 0.243041 0.137587 0.1734 0.0617026 0.0240342 0.00522091 0.000653618 3.56191e-05 5.69793e-07 1.84473e-09 1.00823e-12 8.50887e-17 1.05043e-21 1.8227e-27 4.30712e-34
 1.82344e-41 2.53082e-33 4.24597e-26 8.61074e-20 2.11082e-14 6.25475e-10 2.24035e-06 0.000969994 0.0507658 0.321275 0.256025 0.135109 0.153998 0.056085 0.0210617 0.00422079 0.000467258 2.02233e-05 2.54806e-07 6.83802e-10 3.10302e-13 2.10719e-17 2.01652e-22 2.63014e-28 4.5751e-35
 1.77786e-41 2.46755e-33 4.13983e-26 8.39549e-20 2.05806e-14 6.0984e-10 2.18435e-06 0.000945747 0.0494969 0.313292 0.252538 0.149563 0.15861 0.0534312 0.0182671 0.00349923 0.00034245 1.21907e-05 1.17216e-07 2.36097e-10 8.2561e-14 4.39698e-18 3.2931e-23 3.31649e-29 4.37874e-36
 1.79161e-41 2.48663e-33 4.17185e-26 8.46041e-20 2.07397e-14 6.14556e-10 2.20124e-06 0.000953061 0.0498797 0.315756 0.256222 0.153614 0.150669 0.0528608 0.016945 0.00284644 0.000244887 7.26707e-06 5.4341e-08 8.11563e-11 2.06637e-14 8.0727e-19 4.50312e-24 3.4144e-30 3.40578e-37
 1.79416e-41 2.49018e-33 4.17779e-26 8.47247e-20 2.07693e-14 6.15431e-10 2.20437e-06 0.000954418 0.0499509 0.316267 0.259097 0.161038 0.145708 0.049518 0.0149404 0.00235 0.000170443 4.11908e-06 2.42107e-08 2.72279e-11 5.06478e-15 1.42234e-19 5.68009e-25 3.09653e-31 2.23839e-38
 1.81397e-41 2.51767e-33 4.22392e-26 8.56602e-20 2.09986e-14 6.22227e-10 2.22871e-06 0.000964957 0.0505027 0.319826 0.264163 0.165044 0.137963 0.0465833 0.0129738 0.00185858 0.000117221 2.27795e-06 1.031e-08 8.75136e-12 1.20388e-15 2.45611e-20 7.03765e-26 2.73272e-32 1.40271e-39
 1.75693e-41 2.43851e-33 4.0911e-26 8.29667e-20 2.03383e-14 6.02661e-10 2.15863e-06 0.000934614 0.048915 0.3099 0.260953 0.17944 0.140428 0.0459903 0.011821 0.00153187 8.2444e-05 1.30144e-06 4.53667e-09 2.87035e-12 2.90415e-16 4.32322e-21 8.96812e-27 2.50248e-33 9.17505e-41
 1.67078e-41 2.31893e-33 3.89049e-26 7.88984e-20 1.9341e-14 5.73109e-10 2.05278e-06 0.000888785 0.046517 0.29489 0.254759 0.194855 0.145546 0.0493162 0.0118003 0.0013624 6.19703e-05 7.8576e-07 2.11592e-09 1.0032e-12 7.44483e-17 8.03605e-22 1.20257e-27 2.41407e-34 6.35138e-42
 1.67515e-41 2.325e-33 3.90067e-26 7.91049e-20 1.93916e-14 5.74609e-10 2.05816e-06 0.000891112 0.0466394 0.29581 0.258841 0.19675 0.139367 0.0491311 0.0113282 0.00119483 4.55224e-05 4.59051e-07 9.48485e-10 3.36894e-13 1.84238e-17 1.44752e-22 1.56278e-28 2.2506e-35 4.23499e-43
#spawning biomass
 7022.45 6625.15 8385.66 11623.4 14495.5 17222.2 16454.4 20311.2 32485.5 44256.1 56071.9 75792.7 100509 117328 118659 101662 98655.1 97754.7 106805 96294 98875.5 107166 110245 111576 118379 126946 130976 130807 152926 272509 301367 290514 260215 224222 190271 161698 139240 122365 110074 101322 95191.2 90946.4 88016.8 85986.5 84638.8 83744.2 83150.5 82756.3 82494.7 82321.1 82205.8 82129.3 82078.5 82044.8 82022.4 82007.6 81997.7 81991.2 81986.8 81983.9 81982 81980.7 81979.9 81979.3 81979 81978.7 81978.6 81978.5 81978.4 81978.3 81978.3 81978.3 81978.3 81978.3 81978.3 81978.2 81978.2 81978.2 81978.2 81978.2 81978.2 81978.2 81978.2 81978.2 81978.2 81978.2 81978.2 81978.2 81978.2 81978.2 81978.2 81978.2 81978.2 81978.2 81978.2 81978.2 81978.2 81978.2 81978.2 81978.2 81978.2 81978.2 81978.2 81978.2 81978.2 81978.2 81978.2 81978.2 81978.2 81978.2 81978.2 81978.2 81978.2 81978.2 81978.2 81978.2 81978.2 81978.2 81978.2 81978.2 81978.2 81978.2 81978.2 81978.2 81978.2 81978.2 81978.2 81978.2 0 0 0 0 0 0 0 0 0 0 0 0 0 0 0 0 0 0 0 0 0 0 0 0 0
