SBPRF35
0.112866
Curr Bio
273.463
B35
371.618
F35
0.755709
FOFL
0.21571
OFL
6.14004
Bzero
32247.4
#pred survey bio
 2132.95 1730.2 1359.35 1116.2 943.442 838.691 765.08 719.757 692.159 666.337 653.14 650.965 642.073 639.252 640.413 644.494 655.274 662.806 666.432 665.408 666.494 672.705 673.508 667.205 659.047 653.378 654.14 649.671 654.401 658.512 655.298 655.681 649.812 649.689 648.907 641.102 636.415 626.594 622.193 607.596 596.077 580.158 559.705 534.154 503.456 486.556 467.597 462.321 444.636 439.744 429.61 421.486 403.251 387.288 379.361 370.602 366.675 362.521 362.504 365.552 358.037 346.829 342.375 345.348 336.518 337.336 339.464 329.062 326.994 328.911 332.612 331.109 326.918 342.875 348.432 355.081 352.936 334.802 347.698 370.776 378.138 386.838 384.669 393.021 395.426 399.518 401.791 382.179 373.458 364.161 370.589 369.629 377.521 393.921 378.815 339.082 273.525 4179.49 41364.2 117354 186726 226609 246728 256862 262224 265252 267064 268193 268915 269382 269686 269884 270014 270097 270152 270187 270209 270224 270234 270240 270244 270247 270248 270249 270250 270251 270251 270251 270251 270251 270251 270251 270251 270251 270251 270251 270251 270251 270252 270252 270252 270252 270252 270252 270252 270252 270252 270252 270252 270252 270252 270252 270252 270252 270252 270252 270252 270252 270252 270252 270252 270252 270252 270252 270252 270252 270252 270252 270252 270252 270252 270252 270252 270252 270252 270252 270252 270252 270252 270252 270252 270252 270252 270252 270252 270252 270252 270252 270252 270252 270252 270252 270252 270252 270252 270252 270252 0 0 0 0 0 0 0 0 0 0 0 0 0 0 0 0 0 0 0 0 0 0 0 0 0
#obs survey bio
 750.917 732.664 632.777 439.518 412.662 587.79 429.762 333.891 367.545 497.134 404.514 380.106 419.714 410.61 410.11 417.467 451.939 477.455 442.183 401.002 576.385 422.181 489.501 398.338 393.544 544.433 529.553 398.624 512.949 351.644 354.229 416.349 439.748 584.789 300.592 491.595 472.745 321.73 298.625 331.406 344.913 538.44 311.19 255.709 345.936 284.127 329.962 338.482 314.86 377.803 249.586 211.11 246.29 183.266 271.527 289.194 302.476 266.503 186.224 155.18 193.585 241.412 222.968 200.378 239.389 202.98 203.214 175.327 190.876 310.813 199.205 257.08 186.594 154.212 214.066 270.219 253.917 231.922 243.148 271.488 256.778 249.873 208.874 215.804 196.658 344.42 279.804 274.781 171.681 200.408 278.112 216.584 337.553 300.184 246.642 282.119 205.59
#pred catch bio
 116.976 167.072 120.475 108.393 83.6436 79.6258 70.2204 64.3418 69.3566 63.7465 58.0821 66.6839 63.8808 62.4912 62.1779 57.9609 60.6916 62.812 65.0555 61.571 55.2025 57.7645 62.7698 64.5518 63.3161 58.6872 64.0663 57.2989 58.5125 65.4585 62.5158 67.1861 61.4196 60.8602 65.7921 61.4137 63.5058 56.7415 64.1425 61.3035 65.3311 70.4173 77.3398 86.0324 79.364 85.8321 77.8268 90.52 81.6647 86.9265 85.273 93.6187 92.8036 88.0812 90.3644 87.3432 88.4065 86.5285 85.8284 95.5611 98.9924 93.8904 88.3374 98.4285 91.4827 91.7435 104.26 101.722 103.762 107.177 115.908 123.226 113.48 127.905 131.663 140.382 154.438 137.252 141.32 162.713 166.357 177.005 170.554 176.309 175.842 177.187 190.455 177.344 177.047 166.779 173.762 170.182 168.135 189.898 188.739 179.684 224.771 6.14004 163.593 1082.9 2351.74 3047.8 3339.25 3449.37 3488.59 3502 3506.46 3507.91 3508.38 3508.52 3508.57 3508.58 3508.59 3508.59 3508.59 3508.59 3508.59 3508.59 3508.59 3508.59 3508.59 3508.59 3508.59 3508.59 3508.59 3508.59 3508.59 3508.59 3508.59 3508.59 3508.59 3508.59 3508.59 3508.59 3508.59 3508.59 3508.59 3508.59 3508.59 3508.59 3508.59 3508.59 3508.59 3508.59 3508.59 3508.59 3508.59 3508.59 3508.59 3508.59 3508.59 3508.59 3508.59 3508.59 3508.59 3508.59 3508.59 3508.59 3508.59 3508.59 3508.59 3508.59 3508.59 3508.59 3508.59 3508.59 3508.59 3508.59 3508.59 3508.59 3508.59 3508.59 3508.59 3508.59 3508.59 3508.59 3508.59 3508.59 3508.59 3508.59 3508.59 3508.59 3508.59 3508.59 3508.59 3508.59 3508.59 3508.59 3508.59 3508.59 3508.59 3508.59 3508.59 3508.59 3508.59 3508.59 3508.59 0 0 0 0 0 0 0 0 0 0 0 0 0 0 0 0 0 0 0 0 0 0 0 0 0
#obs catch bio
 0 171.172 123.856 113.003 87.4816 84.0969 74.1903 68.055 74.1803 67.889 61.5255 71.783 68.5598 66.9787 66.6561 61.84 64.98 67.2694 69.7994 65.7638 58.2363 61.1182 66.714 68.8621 67.6688 62.258 68.5189 60.8692 62.081 70.3744 66.9696 72.4805 65.5825 64.7227 70.7162 65.6327 68.0579 60.1134 68.8179 65.488 70.2688 75.666 83.7452 94.565 86.2295 94.4478 84.5058 99.6253 88.4045 94.1473 92.0815 102.049 100.469 95.8355 98.5742 94.2334 95.1617 92.3608 91.8069 103.415 107.811 101.207 94.1573 105.836 97.1672 97.7427 112.261 110.318 111.029 112.787 123.131 130.44 120.646 135.974 138.565 146.08 160.599 140.815 144.211 166.071 170.482 184.818 177.763 184.094 181.776 178.926 194.198 181.791 181.908 171.291 178.432 173.285 168.443 192.09 192.596 182.047 225.281
#pred cpue bio
 1980.52 1595.99 1234.51 994.562 823.464 719.59 647.259 602.812 575.72 550.396 536.678 533.251 523.756 520.39 520.481 522.655 531.561 538.657 543.047 543.356 545.454 552.324 554.007 548.518 540.738 535.038 535.397 530.67 534.472 537.656 534.154 534.873 530.315 531.147 531.127 524.615 522.024 514.993 512.624 499.843 489.591 475.147 456.078 431.49 401.093 383.151 363.329 357.183 340.137 335.092 325.626 318.77 302.432 287.077 278.424 269.441 265.562 261.246 259.948 261.238 253.618 243.279 239.011 241.432 232.922 232.824 233.697 221.929 215.96 213.048 212.398 207.193 198.503 207.137 207.195 209.236 206.232 188.288 191.444 201.097 200.421 204.447 201.12 206.774 208.53 211.6 214.038 200.406 195.662 187.256 190.061 188.578 192.275 202.973 193.674 177.543 145.491 1281.46 6220.27 43970.2 105767 145080 165166 175297 180659 183687 185499 186629 187350 187817 188121 188319 188449 188532 188587 188622 188644 188659 188669 188675 188679 188682 188683 188685 188685 188686 188686 188686 188686 188686 188686 188687 188687 188687 188687 188687 188687 188687 188687 188687 188687 188687 188687 188687 188687 188687 188687 188687 188687 188687 188687 188687 188687 188687 188687 188687 188687 188687 188687 188687 188687 188687 188687 188687 188687 188687 188687 188687 188687 188687 188687 188687 188687 188687 188687 188687 188687 188687 188687 188687 188687 188687 188687 188687 188687 188687 188687 188687 188687 188687 188687 188687 188687 188687 188687 188687 188687 0 0 0 0 0 0 0 0 0 0 0 0 0 0 0 0 0 0 0 0 0 0 0 0 0
#obs cpue bio
 867.627 567.495 311.506 519.196 275.361 308.502 345.747 349.33 367.189 281.543 287.824 225.036 250.023 274.511 270.205 221.195 260.685 302.268 307.633 321.443 408.77 350.878 353.286 289.525 250.707 290.288 255.69 223.555 365.234 215.357 279.974 297.504 345.399 323.387 255.941 235.764 309.325 448.844 343.018 342.263 282.697 397.919 300.66 241.014 239.863 168.689 172.719 178.089 180.59 173.005 172.725 198.575 212.216 118.017 126.06 148.562 122.284 157.111 144.361 179.319 134.61 137.792 149.636 150.221 149.113 127.685 139.14 99.813 194.917 157.751 124.244 139.696 98.2172 214.104 190.913 200.352 192.115 189.173 210.765 229.887 184.514 142.377 184.272 199.505 275.28 291.591 216.441 179.412 264.035 213.044 189.91 248.906 247.962 220.676 211.09 216.309 209.111
#pred surv len freq
 7.25635e-027 8.46049e-021 1.81655e-015 5.32076e-011 2.12602e-007 0.000115886 0.00861723 0.0874127 0.120964 0.0232886 0.01839 0.095242 0.0702155 0.0270813 0.0781969 0.0501143 0.0544484 0.0533395 0.052256 0.0502799 0.0497593 0.0492126 0.0517351 0.0451174 0.014213
 7.72299e-027 9.28585e-021 1.99376e-015 5.83981e-011 2.33342e-007 0.000127192 0.00945787 0.0959401 0.132764 0.0255203 0.0186077 0.0960998 0.0708272 0.0267387 0.0766312 0.0491881 0.0537915 0.0522983 0.0501165 0.0476806 0.0468156 0.0456176 0.0463991 0.0412877 0.0140902
 8.43069e-027 1.05381e-020 2.26264e-015 6.62737e-011 2.6481e-007 0.000144345 0.0107333 0.108878 0.150669 0.0289349 0.0200543 0.103373 0.0761113 0.0265884 0.0739977 0.0470418 0.0493555 0.0478774 0.0458271 0.0428008 0.0412428 0.0396629 0.0393704 0.0349607 0.0123754
 8.94681e-027 1.14515e-020 2.45875e-015 7.2018e-011 2.87763e-007 0.000156856 0.0116637 0.118316 0.163728 0.0314395 0.0216599 0.111624 0.0821507 0.0277108 0.0760116 0.0474992 0.0459581 0.0437294 0.0404239 0.0375626 0.0356285 0.0334812 0.0325321 0.0285125 0.0102116
 9.36226e-027 1.21869e-020 2.61666e-015 7.6643e-011 3.06243e-007 0.000166929 0.0124127 0.125914 0.174243 0.0334535 0.0228528 0.117732 0.0866374 0.0289723 0.0791739 0.049049 0.0453782 0.0419706 0.0359834 0.0321977 0.0299059 0.027546 0.0260354 0.0223789 0.00799588
 9.57786e-027 1.25687e-020 2.69863e-015 7.9044e-011 3.15837e-007 0.000172158 0.0128016 0.129858 0.179701 0.0345047 0.0236954 0.122098 0.0898465 0.0299419 0.0817026 0.0505528 0.0464454 0.0424089 0.0347167 0.0291312 0.0254066 0.0226695 0.0207941 0.0173984 0.00615309
 9.73579e-027 1.28485e-020 2.75869e-015 8.08033e-011 3.22866e-007 0.00017599 0.0130865 0.132749 0.183701 0.0352721 0.0241997 0.124693 0.091756 0.0305939 0.0834978 0.0515868 0.0470215 0.042816 0.0346704 0.0280647 0.0227516 0.018822 0.0165257 0.0133644 0.00465251
 9.85074e-027 1.30521e-020 2.80242e-015 8.20841e-011 3.27984e-007 0.00017878 0.0132939 0.134853 0.186613 0.0358276 0.0244427 0.125916 0.0926568 0.0308986 0.0843346 0.0521191 0.0475759 0.0432362 0.034754 0.0278759 0.0217748 0.0165158 0.0133384 0.0102872 0.00350711
 9.91273e-027 1.3162e-020 2.82601e-015 8.27752e-011 3.30745e-007 0.000180285 0.0134059 0.135988 0.188184 0.0361293 0.0246525 0.126998 0.093449 0.0310545 0.0846355 0.0523139 0.0477996 0.0434628 0.0349625 0.0278953 0.021503 0.0154829 0.0112354 0.0080127 0.00265399
 1.00143e-026 1.3342e-020 2.86466e-015 8.3907e-011 3.35268e-007 0.00018275 0.0135892 0.137848 0.190757 0.0366192 0.0248286 0.127873 0.0940873 0.0311104 0.0846042 0.052196 0.0472188 0.0428926 0.0344932 0.0275308 0.0211263 0.0148611 0.00988249 0.00630345 0.00199532
 1.01025e-026 1.34982e-020 2.89819e-015 8.48894e-011 3.39193e-007 0.00018489 0.0137483 0.139462 0.19299 0.0370425 0.0249062 0.128231 0.0943469 0.031106 0.0844862 0.0520879 0.0469475 0.0425241 0.0339163 0.0270324 0.0207374 0.0144654 0.00911125 0.00515248 0.0015215
 1.01314e-026 1.35493e-020 2.90916e-015 8.52105e-011 3.40476e-007 0.000185589 0.0138003 0.139989 0.193721 0.0371831 0.0250156 0.128797 0.0947601 0.0311396 0.0844572 0.0520704 0.0469335 0.0424792 0.0337686 0.0267447 0.0204166 0.0142063 0.00869703 0.00443699 0.00119802
 1.01631e-026 1.36054e-020 2.9212e-015 8.55633e-011 3.41886e-007 0.000186358 0.0138574 0.140569 0.194523 0.0373404 0.0252532 0.130047 0.0956731 0.0312566 0.0845575 0.0520236 0.0463695 0.0419089 0.0332558 0.0262653 0.0199219 0.0137749 0.0083133 0.00393644 0.000967202
 1.01751e-026 1.36268e-020 2.9258e-015 8.56979e-011 3.42423e-007 0.000186651 0.0138792 0.14079 0.194828 0.0373988 0.025279 0.130177 0.0957747 0.031446 0.0852531 0.0524017 0.0464563 0.0418472 0.0328909 0.0259074 0.0195851 0.0134445 0.00801995 0.00361585 0.000817638
 1.02308e-026 1.37253e-020 2.94696e-015 8.63176e-011 3.449e-007 0.000188 0.0139796 0.141808 0.196237 0.0376622 0.025185 0.129637 0.0953778 0.0313257 0.0849398 0.0522715 0.0466407 0.0419803 0.0328184 0.0256544 0.0192635 0.0131589 0.00776528 0.00338667 0.000719048
 1.02784e-026 1.38096e-020 2.96507e-015 8.6848e-011 3.47019e-007 0.000189156 0.0140655 0.142679 0.197443 0.0378914 0.0252514 0.129961 0.0956077 0.0311632 0.0842202 0.0518339 0.0462831 0.0417327 0.0327952 0.0255585 0.0190328 0.0128904 0.00753908 0.00320943 0.00065206
 1.02188e-026 1.3704e-020 2.94239e-015 8.61838e-011 3.44365e-007 0.000187709 0.0139579 0.141588 0.195933 0.0376101 0.0253946 0.130767 0.0962011 0.031378 0.084825 0.0521596 0.0463488 0.0417919 0.0329057 0.0257484 0.0191709 0.0128655 0.00744289 0.00311053 0.000612874
 1.01388e-026 1.35626e-020 2.91202e-015 8.52943e-011 3.40811e-007 0.000185772 0.0138138 0.140127 0.193911 0.037229 0.0254089 0.130896 0.0963053 0.0316754 0.0859402 0.0528398 0.0469192 0.0422457 0.0331182 0.0259328 0.0193776 0.0129941 0.00743521 0.00305635 0.000588885
 1.00709e-026 1.34424e-020 2.88621e-015 8.45382e-011 3.3779e-007 0.000184125 0.0136914 0.138885 0.192192 0.0369028 0.0253303 0.13052 0.0960369 0.0318077 0.0865596 0.053304 0.0477309 0.0429969 0.0336641 0.0262734 0.0196057 0.0131849 0.00751261 0.00304183 0.000575616
 1.00434e-026 1.33938e-020 2.87577e-015 8.42327e-011 3.36569e-007 0.000183459 0.0136419 0.138383 0.191497 0.0367689 0.0252219 0.129958 0.0956266 0.0317666 0.0865593 0.0533682 0.0481024 0.0434484 0.0342533 0.0267358 0.0198918 0.0133576 0.00761446 0.00305236 0.000568642
 1.00291e-026 1.33685e-020 2.87035e-015 8.40738e-011 3.35934e-007 0.000183113 0.0136162 0.138122 0.191136 0.0366973 0.0250862 0.129242 0.0951018 0.0316537 0.0863248 0.053286 0.0483323 0.0437633 0.0347423 0.02728 0.0203623 0.0136382 0.00776419 0.00309792 0.000570143
 9.97864e-027 1.32792e-020 2.85118e-015 8.35122e-011 3.3369e-007 0.00018189 0.0135252 0.137199 0.18986 0.0364539 0.0249854 0.128736 0.0947314 0.0315925 0.0862315 0.0533039 0.0487157 0.0442281 0.0353648 0.0279394 0.0210172 0.0141305 0.00802788 0.00319313 0.000583086
 9.96628e-027 1.32574e-020 2.84649e-015 8.33748e-011 3.33141e-007 0.000181591 0.013503 0.136973 0.189547 0.0363929 0.0249017 0.128296 0.0944086 0.0315062 0.0860208 0.0531812 0.0486436 0.0442515 0.0356281 0.028321 0.0214812 0.0145684 0.00830169 0.00329342 0.000598463
 1.00021e-026 1.33207e-020 2.86008e-015 8.3773e-011 3.34732e-007 0.000182458 0.0135675 0.137627 0.190452 0.0365639 0.0249126 0.128331 0.0944291 0.0313722 0.0854913 0.0528227 0.0481682 0.0438062 0.0352884 0.028191 0.0215571 0.0147676 0.00848787 0.00337062 0.000610525
 1.00537e-026 1.3412e-020 2.87968e-015 8.4347e-011 3.37026e-007 0.000183709 0.0136604 0.138571 0.191757 0.0368119 0.0249811 0.128664 0.0946688 0.0313025 0.0851265 0.0525277 0.0475639 0.0431897 0.0346853 0.0277069 0.0212784 0.0147213 0.00855978 0.00342089 0.000619243
 1.00856e-026 1.34685e-020 2.89182e-015 8.47027e-011 3.38447e-007 0.000184483 0.013718 0.139155 0.192566 0.0369666 0.0250666 0.1291 0.0949866 0.0313225 0.0850806 0.0524489 0.0472469 0.0428027 0.0341575 0.0272004 0.0208657 0.0145136 0.00854091 0.00345053 0.000626678
 1.0092e-026 1.34798e-020 2.89424e-015 8.47735e-011 3.3873e-007 0.000184637 0.0137295 0.139271 0.192727 0.0369966 0.0250537 0.129026 0.0949352 0.0313743 0.0853015 0.0525873 0.0473785 0.0428723 0.0340626 0.0269859 0.0205936 0.0143144 0.00849306 0.00347602 0.000636016
 1.01285e-026 1.35444e-020 2.90811e-015 8.51798e-011 3.40353e-007 0.000185522 0.0137953 0.139939 0.193651 0.0371728 0.0251315 0.129419 0.0952188 0.0313206 0.0849834 0.0523719 0.0470935 0.0425973 0.0338044 0.0266897 0.0202429 0.0139896 0.00831536 0.00344223 0.000636445
 1.01364e-026 1.35584e-020 2.91111e-015 8.52678e-011 3.40705e-007 0.000185714 0.0138095 0.140083 0.193851 0.0372092 0.0250752 0.129112 0.0949966 0.0313462 0.0851683 0.0524846 0.0471871 0.0426734 0.0338422 0.0266968 0.0201807 0.0138493 0.00819583 0.00341446 0.000638265
 1.01351e-026 1.3556e-020 2.9106e-015 8.52527e-011 3.40645e-007 0.000185681 0.0138071 0.140058 0.193816 0.0372038 0.0251207 0.129357 0.0951733 0.0313131 0.0849724 0.052392 0.0472408 0.042729 0.0338749 0.0267079 0.0201646 0.0137788 0.00809539 0.00337271 0.000635801
 1.01392e-026 1.35632e-020 2.91215e-015 8.52982e-011 3.40826e-007 0.00018578 0.0138145 0.140133 0.19392 0.037227 0.0252639 0.13012 0.0957311 0.0313977 0.0850841 0.0523756 0.0468169 0.042332 0.0336053 0.0264914 0.0199864 0.0136297 0.00796018 0.00330074 0.000624577
 1.00764e-026 1.34521e-020 2.88829e-015 8.45993e-011 3.38034e-007 0.000184258 0.0137013 0.138985 0.192331 0.036929 0.0253301 0.130516 0.0960286 0.0316679 0.0860189 0.0529372 0.0472448 0.0426202 0.0335992 0.0264857 0.0199923 0.0136198 0.00792514 0.00326602 0.000617366
 1.00621e-026 1.34268e-020 2.88286e-015 8.44402e-011 3.37398e-007 0.000183911 0.0136755 0.138724 0.191969 0.0368594 0.0252786 0.130249 0.0958377 0.0317501 0.0864122 0.0532032 0.0475943 0.0429165 0.0337367 0.0264491 0.0198962 0.0135566 0.00787265 0.00322711 0.000607507
 1.00476e-026 1.34012e-020 2.87736e-015 8.42791e-011 3.36754e-007 0.000183561 0.0136494 0.138459 0.191603 0.0367867 0.0251385 0.129509 0.0952974 0.0316842 0.0863669 0.0532701 0.0481124 0.0434585 0.0342569 0.026816 0.0200663 0.0136142 0.00789781 0.00322518 0.000604091
 1.00404e-026 1.33885e-020 2.87464e-015 8.41995e-011 3.36436e-007 0.000183387 0.0136365 0.138328 0.191422 0.0367515 0.0250957 0.129285 0.09513 0.03156 0.0859499 0.0530582 0.0481462 0.0436187 0.0346833 0.0272378 0.0203792 0.0137513 0.00794393 0.00323517 0.000603267
 1.00209e-026 1.3354e-020 2.86722e-015 8.39823e-011 3.35568e-007 0.000182914 0.0136013 0.137971 0.190928 0.0366618 0.0252308 0.130021 0.0956665 0.0316101 0.085936 0.052984 0.047766 0.0432926 0.0345623 0.0273254 0.0205741 0.0138791 0.00797271 0.00323337 0.00060081
 9.92475e-027 1.31838e-020 2.83068e-015 8.2912e-011 3.31292e-007 0.000180583 0.013428 0.136213 0.188495 0.0362035 0.0252592 0.130236 0.0958343 0.0319293 0.0871112 0.0536941 0.0483285 0.0437282 0.0347464 0.0275329 0.0208768 0.014181 0.00813436 0.00328055 0.000607327
 9.91528e-027 1.3167e-020 2.82709e-015 8.28068e-011 3.30872e-007 0.000180354 0.013411 0.13604 0.188256 0.0361529 0.0250456 0.129099 0.0950075 0.0319193 0.087393 0.0539425 0.048908 0.0442558 0.0350846 0.0276975 0.0209983 0.0143722 0.0082896 0.00333209 0.000614107
 9.90335e-027 1.3146e-020 2.82257e-015 8.26743e-011 3.30342e-007 0.000180065 0.0133895 0.135822 0.187955 0.0360923 0.0248949 0.128301 0.094419 0.0316928 0.086743 0.053688 0.0493902 0.0448492 0.0358127 0.0282586 0.0213484 0.0146167 0.00849523 0.00342226 0.000628373
 9.97054e-027 1.32649e-020 2.8481e-015 8.34221e-011 3.3333e-007 0.000181694 0.0135106 0.137051 0.189655 0.036414 0.0249339 0.128465 0.0945299 0.0314508 0.0857583 0.0530006 0.0483941 0.0440709 0.0356131 0.0282918 0.0214323 0.0146319 0.00852592 0.00345493 0.000634017
 9.99021e-027 1.32997e-020 2.85557e-015 8.36408e-011 3.34204e-007 0.00018217 0.013546 0.13741 0.190152 0.0365112 0.0250668 0.129163 0.0950387 0.0314805 0.0856753 0.0528608 0.047838 0.0434455 0.0349281 0.0279666 0.0214102 0.0146691 0.00853965 0.00347577 0.000639693
 1.00368e-026 1.33821e-020 2.87326e-015 8.4159e-011 3.36274e-007 0.000183299 0.01363 0.138262 0.19133 0.0367362 0.0251774 0.129724 0.0954489 0.0315483 0.0857786 0.0528273 0.0473346 0.0428358 0.0341169 0.0271767 0.0208822 0.01447 0.00845397 0.00344684 0.000636838
 1.01319e-026 1.35504e-020 2.90939e-015 8.52174e-011 3.40504e-007 0.000185604 0.0138014 0.14 0.193736 0.037194 0.0253291 0.130474 0.0959924 0.0315083 0.0854112 0.0525116 0.0466168 0.0420236 0.0331071 0.0261503 0.019938 0.0138666 0.00818411 0.00334861 0.000620565
 1.02911e-026 1.3832e-020 2.96986e-015 8.69886e-011 3.47581e-007 0.000189462 0.0140882 0.14291 0.197763 0.0379602 0.0255848 0.131737 0.096907 0.0313976 0.0846247 0.0518585 0.0452173 0.0405736 0.0316109 0.0247286 0.018631 0.0128558 0.0076298 0.00314729 0.00058521
 1.05219e-026 1.42403e-020 3.05754e-015 8.95566e-011 3.57842e-007 0.000195055 0.0145041 0.147129 0.203601 0.0390716 0.025982 0.13371 0.0983366 0.0312483 0.0834871 0.0508964 0.0430921 0.0383524 0.0293006 0.0226666 0.0168519 0.0114674 0.00676939 0.00281247 0.000525885
 1.06636e-026 1.44909e-020 3.11134e-015 9.11326e-011 3.64139e-007 0.000198487 0.0147594 0.149718 0.207184 0.0397559 0.0263101 0.135372 0.0995489 0.03135 0.0834105 0.0506612 0.0419653 0.0370021 0.0275124 0.0209037 0.0152585 0.0102121 0.00594412 0.00246848 0.000464429
 1.08017e-026 1.47353e-020 3.16382e-015 9.26696e-011 3.70281e-007 0.000201835 0.0150083 0.152243 0.210678 0.0404263 0.0267462 0.137614 0.101182 0.0314189 0.0830443 0.0502403 0.0406426 0.0355393 0.0257971 0.019157 0.0136055 0.00889664 0.00507643 0.00208733 0.00039375
 1.07804e-026 1.46975e-020 3.15571e-015 9.2432e-011 3.69331e-007 0.000201318 0.0149698 0.151853 0.210138 0.0403313 0.0270199 0.139093 0.102273 0.0318824 0.0844214 0.0509786 0.0407628 0.035415 0.0251618 0.0183186 0.0126308 0.00799044 0.004433 0.00178909 0.000336104
 1.08878e-026 1.48875e-020 3.19649e-015 9.36267e-011 3.74104e-007 0.00020392 0.0151633 0.153816 0.212854 0.0408492 0.0272362 0.140179 0.103064 0.0318912 0.0841481 0.0506863 0.0399004 0.034481 0.0241094 0.0172485 0.0115777 0.00706669 0.00377132 0.00147909 0.000274477
 1.09098e-026 1.49264e-020 3.20484e-015 9.38712e-011 3.75081e-007 0.000204452 0.0152029 0.154217 0.21341 0.0409554 0.0272878 0.140441 0.103259 0.0320259 0.0845957 0.0509425 0.0400298 0.0344767 0.0237881 0.0168026 0.0110362 0.00651647 0.00332728 0.00125311 0.000227539
 1.09293e-026 1.49608e-020 3.21222e-015 9.40874e-011 3.75945e-007 0.000204923 0.0152379 0.154573 0.213901 0.0410549 0.0275553 0.141859 0.104292 0.0320669 0.0843557 0.050738 0.0395766 0.0340292 0.0233701 0.0163476 0.0105551 0.00606616 0.0029668 0.0010631 0.000186823
 1.09042e-026 1.49164e-020 3.2027e-015 9.38084e-011 3.74831e-007 0.000204315 0.0151927 0.154114 0.213267 0.0409385 0.0276813 0.14255 0.104804 0.03236 0.0852942 0.0512109 0.0394874 0.0338545 0.0230886 0.0160812 0.010279 0.00578353 0.00272566 0.000926376 0.000155945
 1.10438e-026 1.51634e-020 3.25573e-015 9.53619e-011 3.81038e-007 0.000207699 0.0154443 0.156666 0.216799 0.0416059 0.0277257 0.142695 0.104901 0.03211 0.0842835 0.0505072 0.0384651 0.0328219 0.0220689 0.0152584 0.00967946 0.0053762 0.00246041 0.000795703 0.000127465
 1.1226e-026 1.54859e-020 3.32497e-015 9.73898e-011 3.89141e-007 0.000212116 0.0157728 0.159998 0.221409 0.0424788 0.0278502 0.143242 0.105285 0.0317125 0.0825889 0.0493581 0.0369328 0.0313597 0.0208056 0.0142182 0.00890345 0.00489352 0.00219492 0.000680595 0.000103636
 1.1333e-026 1.56752e-020 3.36561e-015 9.85801e-011 3.93897e-007 0.000214708 0.0159655 0.161954 0.224115 0.0429946 0.0280563 0.144274 0.106031 0.0315795 0.0817814 0.0487361 0.035776 0.0302013 0.0197138 0.0133179 0.00821071 0.00444272 0.00196089 0.000588805 8.55934e-005
 1.13625e-026 1.57273e-020 3.3768e-015 9.89079e-011 3.95207e-007 0.000215422 0.0160186 0.162492 0.224861 0.0431458 0.0284755 0.146497 0.107652 0.0317069 0.0816477 0.0484896 0.0347643 0.0291398 0.0186459 0.0124193 0.00752422 0.00399654 0.00173042 0.000506615 7.0873e-005
 1.13796e-026 1.57575e-020 3.38329e-015 9.90982e-011 3.95967e-007 0.000215837 0.0160494 0.162805 0.225293 0.0432274 0.0284735 0.146475 0.107645 0.0319666 0.0826567 0.0489989 0.034668 0.0288766 0.0180785 0.0118433 0.00702564 0.00365321 0.00154631 0.000441699 5.99198e-005
 1.14616e-026 1.59026e-020 3.41444e-015 1.0001e-010 3.99612e-007 0.000217823 0.0161972 0.164303 0.227367 0.0436175 0.0284318 0.146198 0.107436 0.031736 0.0818425 0.0485498 0.0345179 0.0286839 0.0177088 0.0114141 0.0066104 0.00335145 0.00138176 0.000384184 5.07209e-005
 1.15464e-026 1.60527e-020 3.44668e-015 1.00955e-010 4.03385e-007 0.00021988 0.0163501 0.165855 0.229514 0.0440219 0.0284076 0.146013 0.107292 0.0314905 0.0809439 0.0479797 0.0339326 0.0282102 0.0174791 0.0111788 0.00634915 0.00313014 0.00125129 0.000337383 4.33389e-005
 1.15563e-026 1.60703e-020 3.45044e-015 1.01065e-010 4.03825e-007 0.00022012 0.016368 0.166036 0.229764 0.0440735 0.0285762 0.146908 0.107943 0.0314777 0.0806424 0.0477524 0.0335314 0.0278255 0.017169 0.0109949 0.00621868 0.00299945 0.00115968 0.000301773 3.76137e-005
 1.15799e-026 1.61119e-020 3.45937e-015 1.01327e-010 4.04871e-007 0.00022069 0.0164103 0.166465 0.230359 0.0441965 0.0289981 0.14915 0.109575 0.0315361 0.0802358 0.0473217 0.0322822 0.0266359 0.0162559 0.0103578 0.00584531 0.0028023 0.001055 0.000264149 3.18087e-005
 1.16546e-026 1.6244e-020 3.48775e-015 1.02158e-010 4.08192e-007 0.0002225 0.0165449 0.167831 0.232248 0.0445571 0.0291627 0.149982 0.110182 0.0316032 0.0802576 0.0471398 0.0311722 0.0254644 0.0150965 0.0094975 0.0053077 0.00253338 0.000942206 0.000228134 2.64473e-005
 1.17088e-026 1.63399e-020 3.50834e-015 1.02761e-010 4.10602e-007 0.000223814 0.0166426 0.168822 0.23362 0.0448148 0.0291234 0.149736 0.110002 0.0315728 0.0802089 0.0471042 0.0311065 0.0252621 0.0145592 0.00895052 0.00487936 0.00229987 0.000848385 0.0002011 2.24919e-005
 1.1681e-026 1.62906e-020 3.49776e-015 1.02451e-010 4.09363e-007 0.000223139 0.0165924 0.168313 0.232915 0.0446814 0.029105 0.149656 0.109947 0.031652 0.0805393 0.0473668 0.0316247 0.0257221 0.0148143 0.00895907 0.0047319 0.00216678 0.000786464 0.00018377 2.00022e-005
 1.18068e-026 1.65133e-020 3.54557e-015 1.03851e-010 4.14959e-007 0.000226189 0.0168192 0.170613 0.236099 0.0452851 0.0292268 0.150224 0.110346 0.0312376 0.0787738 0.0462052 0.0302395 0.0245605 0.0142104 0.00859511 0.0044816 0.00198321 0.000697041 0.000159815 1.70584e-005
 1.18211e-026 1.65385e-020 3.55098e-015 1.0401e-010 4.15592e-007 0.000226534 0.0168449 0.170874 0.236459 0.0453541 0.029268 0.150435 0.110502 0.0313195 0.0790298 0.0462901 0.02996 0.0242213 0.0138047 0.00834578 0.00436061 0.00190223 0.00064439 0.000143017 1.49626e-005
 1.18701e-026 1.66254e-020 3.56963e-015 1.04556e-010 4.17775e-007 0.000227724 0.0169334 0.171771 0.237701 0.0455863 0.029186 0.149964 0.110155 0.0312018 0.0787068 0.0461054 0.0298616 0.0240946 0.0135859 0.00812395 0.00420739 0.00183446 0.000609257 0.000130065 1.32177e-005
 1.21485e-026 1.71179e-020 3.67538e-015 1.07654e-010 4.30152e-007 0.00023447 0.017435 0.17686 0.244743 0.0469167 0.0292599 0.150177 0.110277 0.0302782 0.0750693 0.0437811 0.0273959 0.0219806 0.0123067 0.00729902 0.0037272 0.0016075 0.000530258 0.00011013 1.07947e-005
 1.23678e-026 1.75061e-020 3.75873e-015 1.10095e-010 4.39907e-007 0.000239788 0.0178304 0.180871 0.250293 0.0479674 0.0294034 0.150799 0.11071 0.0297025 0.0726622 0.0421396 0.0251694 0.0199434 0.0108152 0.00634211 0.00320574 0.00136182 0.000443623 9.07624e-005 8.62326e-006
 1.24948e-026 1.77308e-020 3.80697e-015 1.11508e-010 4.45553e-007 0.000242865 0.0180593 0.183192 0.253506 0.0485823 0.0297519 0.152581 0.111994 0.0293942 0.0709659 0.0409495 0.0234114 0.0182844 0.00947745 0.00540057 0.00265821 0.00111361 0.000356774 7.18978e-005 6.68676e-006
 1.25408e-026 1.78121e-020 3.82442e-015 1.12019e-010 4.47595e-007 0.000243978 0.018142 0.184032 0.254668 0.0488105 0.0301064 0.154447 0.113352 0.0294092 0.0704967 0.040488 0.0221701 0.0170775 0.00847649 0.00466163 0.00219124 0.000888558 0.000279048 5.52184e-005 5.04567e-006
 1.27305e-026 1.81477e-020 3.89648e-015 1.1413e-010 4.56028e-007 0.000248575 0.0184839 0.187499 0.259466 0.0497165 0.0301361 0.154481 0.113359 0.028901 0.0685172 0.0391658 0.0204974 0.0155611 0.00737927 0.00391764 0.00175057 0.000673717 0.000203481 3.93217e-005 3.52676e-006
 1.29903e-026 1.86075e-020 3.99521e-015 1.17021e-010 4.67583e-007 0.000254874 0.0189522 0.19225 0.26604 0.0509609 0.0302989 0.155181 0.113835 0.027958 0.0646692 0.0367483 0.018125 0.0135231 0.00610853 0.00312422 0.00132477 0.000481197 0.000136888 2.53815e-005 2.223e-006
 1.2966e-026 1.85644e-020 3.98597e-015 1.16751e-010 4.66501e-007 0.000254284 0.0189084 0.191805 0.265425 0.0508495 0.0304849 0.156192 0.114579 0.0282152 0.0653784 0.0370526 0.0177548 0.013085 0.00562989 0.00277181 0.00111317 0.000380856 0.000101102 1.7599e-005 1.48338e-006
 1.30825e-026 1.87706e-020 4.03024e-015 1.18047e-010 4.71682e-007 0.000257108 0.0191184 0.193935 0.268372 0.0514087 0.030606 0.156763 0.114978 0.0277553 0.0634374 0.0358476 0.0166414 0.0121372 0.0050484 0.00240215 0.000912009 0.000293372 7.24064e-005 1.16671e-005 9.27107e-007
 1.30492e-026 1.87115e-020 4.01754e-015 1.17675e-010 4.70197e-007 0.000256298 0.0190581 0.193325 0.267527 0.0512612 0.0310774 0.159307 0.116831 0.0278269 0.0629993 0.0354767 0.0158316 0.0114133 0.00460272 0.00213423 0.000775497 0.000234738 5.37473e-005 7.96193e-006 5.8624e-007
 1.30191e-026 1.86582e-020 4.0061e-015 1.1734e-010 4.68858e-007 0.000255569 0.0190039 0.192774 0.266766 0.0511278 0.0314771 0.161465 0.118405 0.0279556 0.0628896 0.0352787 0.0150318 0.0106808 0.00413669 0.00186503 0.000652875 0.000188361 4.01663e-005 5.45384e-006 3.68134e-007
 1.34681e-026 1.94529e-020 4.17672e-015 1.22338e-010 4.88826e-007 0.000266453 0.0198132 0.200984 0.278127 0.0532568 0.0309154 0.158164 0.115947 0.0263341 0.0575394 0.0320719 0.0126089 0.00874718 0.00320816 0.00139203 0.000465492 0.000128636 2.58722e-005 3.23529e-006 1.99206e-007
 1.37441e-026 1.99415e-020 4.28163e-015 1.25411e-010 5.01105e-007 0.000273146 0.0203109 0.206033 0.285113 0.0545613 0.0303921 0.155183 0.113746 0.0253799 0.0546832 0.0304147 0.0116232 0.00795016 0.00273483 0.00113102 0.0003565 9.35035e-005 1.78086e-005 2.07621e-006 1.17012e-007
 1.37968e-026 2.00347e-020 4.30165e-015 1.25997e-010 5.03447e-007 0.000274423 0.0204059 0.206996 0.286446 0.0548207 0.0307053 0.156824 0.114923 0.0249469 0.0525484 0.0291618 0.0108171 0.00732622 0.00245431 0.000978295 0.000286988 7.04277e-005 1.25738e-005 1.37341e-006 7.16039e-008
 1.38054e-026 2.00497e-020 4.30487e-015 1.26092e-010 5.03825e-007 0.000274629 0.0204212 0.207151 0.28666 0.05488 0.0314418 0.160758 0.117772 0.0245964 0.0500877 0.0276065 0.00926174 0.00608984 0.00196383 0.000761408 0.000214228 4.89791e-005 8.0646e-006 8.17901e-007 3.96719e-008
 1.37346e-026 1.99243e-020 4.27795e-015 1.25303e-010 5.00674e-007 0.000272911 0.0202934 0.205856 0.284868 0.0545501 0.0317651 0.162535 0.119077 0.0249573 0.0509828 0.027986 0.00877372 0.00560899 0.00165987 0.000608447 0.000163846 3.57889e-005 5.45928e-006 5.06322e-007 2.2691e-008
 1.38049e-026 2.00488e-020 4.30467e-015 1.26086e-010 5.03801e-007 0.000274615 0.0204202 0.207141 0.286647 0.0548861 0.0317819 0.162578 0.119097 0.024626 0.0496894 0.0272296 0.00829745 0.00522802 0.00145261 0.000498918 0.000122422 2.52043e-005 3.62919e-006 3.09713e-007 1.26652e-008
 1.37315e-026 1.99189e-020 4.27679e-015 1.25269e-010 5.00538e-007 0.000272837 0.020288 0.2058 0.284791 0.0545385 0.0318828 0.163167 0.119537 0.0249821 0.0509011 0.0278974 0.00851088 0.00535484 0.00145841 0.000484873 0.000109858 2.05645e-005 2.7274e-006 2.17027e-007 8.13479e-009
 1.3698e-026 1.98596e-020 4.26406e-015 1.24896e-010 4.99048e-007 0.000272025 0.0202276 0.205187 0.283943 0.0543807 0.0319649 0.163628 0.119876 0.0250864 0.0511752 0.0280626 0.00864104 0.00545189 0.00148412 0.000490047 0.00010754 1.87508e-005 2.23563e-006 1.61843e-007 5.60328e-009
 1.36883e-026 1.98424e-020 4.26036e-015 1.24788e-010 4.98616e-007 0.000271789 0.02021 0.205009 0.283697 0.0543313 0.031849 0.163014 0.119435 0.0252186 0.0518586 0.0284561 0.0088551 0.0056093 0.0015409 0.00051144 0.000111817 1.89941e-005 2.10627e-006 1.3646e-007 4.2743e-009
 1.35883e-026 1.96653e-020 4.22234e-015 1.23674e-010 4.94166e-007 0.000269363 0.0200297 0.20318 0.281165 0.053861 0.0321377 0.164624 0.120616 0.0255059 0.0525192 0.0288474 0.0091309 0.00581801 0.00161351 0.000540053 0.000119189 2.02335e-005 2.18642e-006 1.31383e-007 3.68497e-009
 1.36665e-026 1.98037e-020 4.25204e-015 1.24544e-010 4.97641e-007 0.000271258 0.0201705 0.204609 0.283142 0.0542393 0.032341 0.165661 0.121351 0.0249863 0.0502187 0.0274979 0.00826602 0.00518787 0.00144338 0.000485339 0.000108166 1.8536e-005 2.00511e-006 1.17115e-007 3.04352e-009
 1.36858e-026 1.98379e-020 4.2594e-015 1.2476e-010 4.98503e-007 0.000271728 0.0202055 0.204963 0.283633 0.0543288 0.0322257 0.165031 0.120896 0.025055 0.0506596 0.0276992 0.00810323 0.0050238 0.00134409 0.000442216 9.89649e-005 1.71089e-005 1.87021e-006 1.09237e-007 2.75255e-009
 1.39754e-026 2.03506e-020 4.36947e-015 1.27984e-010 5.11385e-007 0.000278749 0.0207276 0.21026 0.290962 0.0556926 0.0314844 0.160875 0.117837 0.0240191 0.0478183 0.0261273 0.00755844 0.00465844 0.00121429 0.000388179 8.3432e-005 1.42979e-005 1.57603e-006 9.29799e-008 2.33831e-009
 1.39146e-026 2.02429e-020 4.34634e-015 1.27306e-010 5.08678e-007 0.000277274 0.0206179 0.209147 0.289422 0.0554125 0.0318934 0.163103 0.119457 0.0240246 0.0472158 0.0257891 0.00742447 0.00456646 0.00118347 0.000373951 7.77524e-005 1.28079e-005 1.38185e-006 8.1964e-008 2.07916e-009
 1.39309e-026 2.02718e-020 4.35255e-015 1.27488e-010 5.09405e-007 0.00027767 0.0206473 0.209445 0.289835 0.0554923 0.0319635 0.163467 0.119719 0.0239508 0.0468276 0.0255213 0.00705105 0.00427406 0.00109852 0.000344635 7.08709e-005 1.13551e-005 1.17416e-006 6.78826e-008 1.72414e-009
 1.40532e-026 2.04883e-020 4.39903e-015 1.2885e-010 5.14845e-007 0.000280635 0.0208678 0.211682 0.29293 0.0560617 0.0313984 0.160363 0.117454 0.0237258 0.0468267 0.0255307 0.00709722 0.0043001 0.00107291 0.000329244 6.70251e-005 1.06182e-005 1.06881e-006 5.92734e-008 1.46603e-009
 1.38619e-026 2.01497e-020 4.32634e-015 1.2672e-010 5.06337e-007 0.000275998 0.020523 0.208184 0.28809 0.0551632 0.0319719 0.163557 0.119796 0.0242696 0.0480357 0.026246 0.00759758 0.00466987 0.00117628 0.000360071 7.10194e-005 1.10507e-005 1.09681e-006 5.91872e-008 1.40792e-009
 1.37547e-026 1.99597e-020 4.28554e-015 1.25525e-010 5.01562e-007 0.000273395 0.0203294 0.206221 0.285373 0.054671 0.0327711 0.167903 0.122958 0.0243044 0.0469523 0.0255701 0.00697208 0.00420675 0.00108046 0.000335847 6.65319e-005 1.01372e-005 9.79691e-007 5.19266e-008 1.20172e-009
 1.29353e-026 1.85091e-020 3.97408e-015 1.16402e-010 4.6511e-007 0.000253525 0.0188519 0.191233 0.264633 0.0508376 0.0358747 0.185046 0.135506 0.0265916 0.0509925 0.0276729 0.00702438 0.00410866 0.00100027 0.000301637 6.09123e-005 9.37003e-006 8.92799e-007 4.60391e-008 1.0427e-009
 1.29369e-026 1.85119e-020 3.97469e-015 1.1642e-010 4.65181e-007 0.000253564 0.0188548 0.191262 0.264674 0.0508246 0.0350659 0.180718 0.13239 0.0274887 0.0556688 0.0301484 0.00725139 0.00412932 0.000943152 0.0002669 5.08984e-005 7.78471e-006 7.51445e-007 3.83478e-008 8.46698e-010
#obs surv len freq
 nan nan nan nan nan nan nan nan nan nan nan nan nan nan nan nan nan nan nan nan nan nan nan nan nan
 4.91074e-027 7.72912e-021 1.65953e-015 4.86081e-011 1.94224e-007 0.000105869 0.00787234 0.0798564 0.110508 0.0213176 0.0184473 0.0958196 0.0706602 0.0277759 0.0807218 0.0515639 0.0552054 0.0534576 0.0510376 0.0495014 0.0502767 0.0512597 0.0541922 0.0512503 0.0191704
 5.27869e-027 8.30825e-021 1.78387e-015 5.22501e-011 2.08777e-007 0.000113801 0.00846219 0.0858398 0.118788 0.0229157 0.0198609 0.103167 0.0760781 0.0298941 0.0868614 0.0552892 0.0582115 0.0548984 0.0484397 0.0439303 0.0424086 0.0424145 0.0445814 0.0421016 0.015744
 5.54072e-027 8.72067e-021 1.87242e-015 5.48438e-011 2.1914e-007 0.00011945 0.00888225 0.0901008 0.124684 0.0240515 0.0207802 0.107933 0.0795936 0.0313143 0.0910261 0.0579375 0.0609748 0.0572271 0.049366 0.041987 0.0370751 0.0348171 0.0358366 0.0336995 0.0125941
 5.6974e-027 8.96727e-021 1.92537e-015 5.63947e-011 2.25337e-007 0.000122828 0.00913342 0.0926487 0.12821 0.0247332 0.0214296 0.111315 0.082085 0.032218 0.0935784 0.0595833 0.0628077 0.0589539 0.0507705 0.0424408 0.0351247 0.0296883 0.0286751 0.0265699 0.00991165
 5.79744e-027 9.12473e-021 1.95918e-015 5.7385e-011 2.29294e-007 0.000124985 0.0092938 0.0942756 0.130461 0.0251677 0.0218158 0.113322 0.0835678 0.0328674 0.0955299 0.0607821 0.063866 0.0599486 0.0516636 0.0431235 0.0350039 0.0272307 0.0234568 0.0207894 0.00770853
 5.85758e-027 9.21937e-021 1.9795e-015 5.79802e-011 2.31672e-007 0.000126281 0.0093902 0.0952534 0.131815 0.0254284 0.0220282 0.114423 0.0843804 0.0332033 0.0965229 0.0614541 0.0647583 0.0607548 0.0522527 0.0436314 0.0353311 0.0265356 0.0203102 0.0164224 0.0059781
 5.90921e-027 9.30065e-021 1.99695e-015 5.84913e-011 2.33715e-007 0.000127395 0.00947298 0.0960931 0.132977 0.0256507 0.0221463 0.115025 0.0848235 0.0333623 0.0969705 0.0617476 0.0651104 0.0611424 0.0527112 0.0439627 0.0355672 0.0264549 0.0186909 0.0133182 0.00464605
 5.91689e-027 9.31273e-021 1.99954e-015 5.85673e-011 2.34018e-007 0.00012756 0.00948528 0.096218 0.133149 0.0256869 0.0222886 0.115782 0.0853786 0.0334956 0.0972747 0.0619402 0.0653099 0.0613487 0.0529536 0.0442546 0.0358149 0.0265515 0.0179803 0.0112934 0.00366637
 5.93394e-027 9.33957e-021 2.00531e-015 5.87361e-011 2.34693e-007 0.000127928 0.00951262 0.0964953 0.133533 0.0257596 0.0223027 0.115847 0.0854314 0.0336423 0.0978232 0.0622426 0.0654073 0.0614106 0.052975 0.0443023 0.0359193 0.026627 0.0176514 0.0100211 0.00296784
 5.94333e-027 9.35435e-021 2.00848e-015 5.8829e-011 2.35064e-007 0.00012813 0.00952767 0.0966479 0.133744 0.0258 0.0223215 0.115943 0.0854999 0.0336172 0.0977011 0.0622316 0.065707 0.0616675 0.0530782 0.0443634 0.0359875 0.0267201 0.0175385 0.0092739 0.00250171
 5.96276e-027 9.38492e-021 2.01504e-015 5.90213e-011 2.35832e-007 0.000128549 0.00955881 0.0969639 0.134181 0.0258841 0.0223856 0.116274 0.0857433 0.0336799 0.0978495 0.0622719 0.0654977 0.0614998 0.0530331 0.044243 0.0358245 0.0266092 0.0173962 0.0087855 0.00218941
 5.96804e-027 9.39324e-021 2.01683e-015 5.90736e-011 2.36041e-007 0.000128663 0.00956728 0.0970498 0.1343 0.0259081 0.0224491 0.116611 0.085991 0.0337647 0.098083 0.0624008 0.0655375 0.0614536 0.0528105 0.0440951 0.0356819 0.0264516 0.0172516 0.00847226 0.00199187
 5.97066e-027 9.39735e-021 2.01771e-015 5.90995e-011 2.36145e-007 0.000128719 0.00957148 0.0970923 0.134359 0.0259195 0.0224601 0.116668 0.0860349 0.0338316 0.0983261 0.0625494 0.0656633 0.0615424 0.0527961 0.0439584 0.0355309 0.026321 0.0171138 0.00826314 0.00186921
 5.96746e-027 9.39232e-021 2.01663e-015 5.90678e-011 2.36018e-007 0.00012865 0.00956635 0.0970403 0.134287 0.0259043 0.0223951 0.116322 0.0857807 0.0337516 0.0981148 0.0624782 0.0658872 0.0618183 0.0531456 0.0442326 0.035672 0.0263816 0.0171158 0.00817249 0.00180434
 5.97367e-027 9.4021e-021 2.01873e-015 5.91293e-011 2.36264e-007 0.000128784 0.00957631 0.0971413 0.134427 0.025931 0.0224102 0.116399 0.0858349 0.0337052 0.097913 0.0623421 0.0657116 0.0617133 0.0532234 0.0443759 0.0357986 0.0264137 0.0170927 0.0081003 0.0017612
 5.95685e-027 9.37561e-021 2.01305e-015 5.89628e-011 2.35598e-007 0.000128421 0.00954933 0.0968677 0.134048 0.0258603 0.0224389 0.116563 0.0859554 0.0337461 0.0980252 0.0623912 0.0656588 0.0616564 0.0531925 0.0444614 0.035969 0.0265467 0.0171309 0.00807229 0.00173776
 5.967e-027 9.3916e-021 2.01648e-015 5.90633e-011 2.36e-007 0.00012864 0.00956561 0.0970328 0.134277 0.0259024 0.0223986 0.116342 0.0857957 0.0337814 0.0982236 0.0624986 0.0656799 0.0616197 0.0530319 0.0443134 0.0359177 0.0265863 0.017145 0.00804088 0.00171913
 5.95998e-027 9.38054e-021 2.0141e-015 5.89938e-011 2.35722e-007 0.000128489 0.00955436 0.0969186 0.134119 0.0258736 0.0224396 0.116565 0.0859572 0.0337555 0.0980618 0.062439 0.0658206 0.061742 0.053063 0.0442518 0.0358263 0.0265731 0.017172 0.00803105 0.00170811
 5.96402e-027 9.38691e-021 2.01547e-015 5.90338e-011 2.35882e-007 0.000128576 0.00956084 0.0969844 0.13421 0.0258895 0.0223876 0.116284 0.0857531 0.033758 0.0981495 0.0624689 0.0657324 0.0617237 0.0532258 0.0443695 0.0358521 0.0265663 0.0172051 0.00804538 0.00170493
 5.96882e-027 9.39446e-021 2.01709e-015 5.90813e-011 2.36072e-007 0.00012868 0.00956853 0.0970624 0.134318 0.0259104 0.022409 0.116396 0.0858326 0.0337095 0.0979307 0.0623587 0.0657521 0.0617095 0.0531276 0.044385 0.0359016 0.0265528 0.017194 0.00804983 0.00170301
 5.94927e-027 9.3637e-021 2.01049e-015 5.88878e-011 2.35299e-007 0.000128258 0.00953719 0.0967446 0.133878 0.0258272 0.0224018 0.116369 0.0858133 0.0337173 0.0979684 0.0623741 0.0657309 0.0617586 0.053342 0.044546 0.0360745 0.0267116 0.0172742 0.00809134 0.00171169
 5.94914e-027 9.36348e-021 2.01044e-015 5.88865e-011 2.35294e-007 0.000128255 0.00953698 0.0967424 0.133875 0.025826 0.0223769 0.116236 0.0857173 0.0337459 0.0981161 0.0624533 0.0657422 0.0617254 0.0532328 0.0445398 0.0361082 0.0267624 0.0173141 0.00810587 0.00171539
 5.96077e-027 9.3818e-021 2.01437e-015 5.90016e-011 2.35754e-007 0.000128506 0.00955563 0.0969316 0.134137 0.0258757 0.0223874 0.116285 0.0857524 0.0337256 0.0980242 0.0624099 0.0657658 0.0617149 0.0531166 0.0443713 0.0359892 0.0267152 0.0173011 0.00809933 0.00171413
 5.95378e-027 9.37079e-021 2.01201e-015 5.89324e-011 2.35477e-007 0.000128355 0.00954442 0.0968178 0.133979 0.0258463 0.0223986 0.116349 0.0857986 0.0337144 0.0979629 0.0623757 0.0657551 0.0617516 0.0532535 0.0444437 0.0359863 0.0267223 0.0173334 0.0081201 0.00171855
