SBPRF35
0.303839
Curr Bio
33223.1
B35
88493.3
F35
0.41625
FOFL
0.193475
OFL
9507.42
Bzero
86811.1
#pred survey bio
 7880.89 6350.04 7410.85 9165.25 11848.6 14561.1 13632.9 12683.7 20055 31921.2 34466.1 38658.2 60554.3 71089.4 63150.7 54465.4 49356.4 52899.6 51758.1 56446.5 54818.7 59350 68584.3 68832.6 72626.9 77024.7 72765.3 80948.5 3.39374e+06 2.58757e+06 2.37006e+06 1.89131e+06 1.51031e+06 1.26925e+06 1.1295e+06 1.05151e+06 1.0085e+06 984641 971156 963315 958601 955663 953766 952505 951654 951068 950660 950372 950168 950023 949918 949844 949790 949751 949723 949703 949689 949678 949671 949665 949662 949659 949657 949655 949654 949653 949653 949652 949652 949652 949652 949652 949652 949652 949652 949652 949652 949652 949651 949651 949651 949651 949651 949651 949651 949651 949651 949651 949651 949651 949651 949651 949651 949651 949651 949651 949651 949651 949651 949651 949651 949651 949651 949651 949651 949651 949651 949651 949651 949651 949651 949651 949651 949651 949651 949651 949651 949651 949651 949651 949651 949651 949651 949651 949651 949651 949651 949651 0 0 0 0 0 0 0 0 0 0 0 0 0 0 0 0 0 0 0 0 0 0 0 0 0
#obs survey bio
 6981.47 7026.14 9218.79 11807 11100 18883.2 12733.1 14476 44572 26322.9 41840.7 62454.9 70211.4 92640.8 43219 64383.3 46397.6 56671.7 52850.2 61642.3 66542.6 56382.6 75297.2 110187 85301.1 37360.4 68972.3 105099
#pred catch bio
 5116.02 3516.93 3963.63 4757.15 5962.36 8649.25 9135.68 7666.04 8557.65 18217.1 23773.7 19091.3 34192.1 46516.3 42451.4 38222 30299.6 35253.9 30956.9 37152.9 34961.7 34190.3 44976.1 43636.8 43422.8 51397.9 45466 43616.5 9507.42 30384.6 29832 23016.6 17530.9 14193.1 12351.5 11386.3 10896.4 10652.7 10533.3 10475.2 10447.2 10433.8 10427.3 10424.2 10422.8 10422.1 10421.7 10421.6 10421.5 10421.5 10421.4 10421.4 10421.4 10421.4 10421.4 10421.4 10421.4 10421.4 10421.4 10421.4 10421.4 10421.4 10421.4 10421.4 10421.4 10421.4 10421.4 10421.4 10421.4 10421.4 10421.4 10421.4 10421.4 10421.4 10421.4 10421.4 10421.4 10421.4 10421.4 10421.4 10421.4 10421.4 10421.4 10421.4 10421.4 10421.4 10421.4 10421.4 10421.4 10421.4 10421.4 10421.4 10421.4 10421.4 10421.4 10421.4 10421.4 10421.4 10421.4 10421.4 10421.4 10421.4 10421.4 10421.4 10421.4 10421.4 10421.4 10421.4 10421.4 10421.4 10421.4 10421.4 10421.4 10421.4 10421.4 10421.4 10421.4 10421.4 10421.4 10421.4 10421.4 10421.4 10421.4 10421.4 10421.4 10421.4 10421.4 10421.4 0 0 0 0 0 0 0 0 0 0 0 0 0 0 0 0 0 0 0 0 0 0 0 0 0
#obs catch bio
 3368 3542.25 3944.18 4642.4 5813.65 8479.16 9223.83 7948.15 8248.26 17666.2 24514.9 18456.2 32752.9 46358.2 43111.6 39082.6 29675.7 35985.1 30658.8 36835.8 34548.7 33525.1 45049.8 42482.9 42014.3 52958.9 46243.5 43941.5
#pred cpue bio
 5718.51 4029.11 4577.61 5644.83 7245.94 9305.58 9089.62 7597.94 10344.8 19609.9 22082.1 20930.1 35256.8 44413.3 40579.6 34374 29386.6 32726.6 31206.8 35077.5 33468.6 35286.4 42465.3 41480.5 44133.9 48493.6 44366.8 48172.9 2.14004e+06 2.12283e+06 2.17812e+06 1.73552e+06 1.35431e+06 1.11251e+06 972579 894555 851538 827680 814194 806354 801639 798701 796804 795543 794692 794107 793699 793411 793207 793061 792957 792882 792828 792790 792762 792742 792727 792717 792709 792704 792700 792697 792695 792694 792693 792692 792691 792691 792691 792690 792690 792690 792690 792690 792690 792690 792690 792690 792690 792690 792690 792690 792690 792690 792690 792690 792690 792690 792690 792690 792690 792690 792690 792690 792690 792690 792690 792690 792690 792690 792690 792690 792690 792690 792690 792690 792690 792690 792690 792690 792690 792690 792690 792690 792690 792690 792690 792690 792690 792690 792690 792690 792690 792690 792690 792690 792690 792690 0 0 0 0 0 0 0 0 0 0 0 0 0 0 0 0 0 0 0 0 0 0 0 0 0
#obs cpue bio
 4503.48 3203.52 4210.66 8692.21 9498.12 8801.89 7108.07 4059.61 14688.6 20716.3 14832.4 28333.4 48270.2 27991.6 35007.3 31190.9 37557.7 20140.8 41548.4 35829.7 40989.6 39004.4 41525.2 49969.8 53093.2 40440.8 41674.3 44488.9
#pred surv len freq
 2.1421e-27 2.16425e-27 5.67296e-27 1.20036e-21 7.13898e-17 9.76128e-13 3.06847e-09 2.21759e-06 0.00036845 0.0140745 0.123603 0.24956 0.116433 0.0281965 0.097011 0.136549 0.0558898 0.0458158 0.0401706 0.0252611 0.0197681 0.015494 0.0143654 0.0123914 0.00504525
 2.14279e-27 2.16706e-27 6.01994e-27 1.31811e-21 7.83932e-17 1.07189e-12 3.36949e-09 2.43514e-06 0.000404595 0.0154553 0.135729 0.274042 0.127883 0.0316794 0.110901 0.155816 0.0592023 0.0356085 0.0276809 0.0110748 0.00593505 0.00346887 0.00250187 0.00187506 0.000740287
 2.14331e-27 2.16858e-27 6.1951e-27 1.37757e-21 8.19296e-17 1.12024e-12 3.52149e-09 2.54499e-06 0.000422847 0.0161525 0.141852 0.286404 0.133575 0.0310756 0.10349 0.145453 0.0567894 0.0386398 0.0298629 0.0100453 0.00386772 0.00133365 0.000585072 0.000330193 0.000118872
 2.14319e-27 2.16828e-27 6.16307e-27 1.3667e-21 8.12831e-17 1.1114e-12 3.49371e-09 2.52491e-06 0.00041951 0.016025 0.140732 0.284144 0.132545 0.0314744 0.106605 0.14979 0.0575804 0.0365947 0.0283455 0.010284 0.00405112 0.00106609 0.000245407 7.33341e-05 2.07426e-05
 2.14353e-27 2.16914e-27 6.25634e-27 1.39835e-21 8.31652e-17 1.13714e-12 3.5746e-09 2.58338e-06 0.000429224 0.0163961 0.143991 0.290723 0.135569 0.0310106 0.101791 0.143034 0.0556083 0.0371667 0.0288404 0.0101474 0.00396207 0.00108486 0.000207567 2.99246e-05 4.49957e-06
 2.14192e-27 2.1652e-27 5.84058e-27 1.25733e-21 7.47781e-17 1.02246e-12 3.21411e-09 2.32285e-06 0.000385937 0.0147425 0.12947 0.261406 0.122061 0.0322254 0.118044 0.165969 0.0640473 0.0414338 0.0321914 0.0117588 0.00471894 0.00127275 0.000241345 2.83225e-05 2.10476e-06
 2.14038e-27 2.16147e-27 5.453e-27 1.12589e-21 6.69609e-17 9.15571e-13 2.87811e-09 2.08002e-06 0.000345592 0.0132014 0.115935 0.23408 0.109451 0.0328411 0.130038 0.183008 0.0718743 0.0501319 0.0389644 0.0133579 0.00507994 0.00139129 0.000265563 3.01013e-05 1.77551e-06
 2.14438e-27 2.17126e-27 6.48277e-27 1.47517e-21 8.77342e-17 1.19961e-12 3.77098e-09 2.7253e-06 0.000452805 0.0172968 0.151902 0.306694 0.142917 0.0300386 0.0910443 0.127925 0.0508141 0.0370929 0.0289926 0.0099571 0.00372058 0.000954966 0.000174358 1.97331e-05 1.11983e-06
 2.14733e-27 2.17835e-27 7.21232e-27 1.72255e-21 1.02447e-16 1.40077e-12 4.40335e-09 3.18231e-06 0.000528737 0.0201974 0.177375 0.358123 0.166672 0.0294817 0.0721439 0.100955 0.036832 0.0176012 0.0130313 0.00467111 0.00182429 0.00046892 8.25747e-05 8.86109e-06 4.89849e-07
 2.14213e-27 2.16554e-27 5.85359e-27 1.26163e-21 7.50338e-17 1.02595e-12 3.2251e-09 2.33079e-06 0.000387257 0.0147929 0.129912 0.2623 0.122547 0.0341644 0.129611 0.18197 0.0656201 0.0289373 0.020675 0.00630957 0.00209679 0.000558625 0.000103092 1.09484e-05 5.80744e-07
 2.14205e-27 2.16557e-27 5.88576e-27 1.27268e-21 7.56911e-17 1.03494e-12 3.25335e-09 2.35121e-06 0.00039065 0.0149225 0.131051 0.264597 0.123508 0.0314729 0.112489 0.158299 0.0635867 0.0483529 0.0370969 0.0104723 0.002973 0.00066477 0.000108899 1.17631e-05 6.31602e-07
 2.14645e-27 2.17623e-27 6.99275e-27 1.64809e-21 9.80182e-17 1.34022e-12 4.21301e-09 3.04475e-06 0.000505881 0.0193243 0.169707 0.342643 0.159526 0.0297572 0.0784914 0.109985 0.0411552 0.0228474 0.0172885 0.00604522 0.00219549 0.000458059 6.10619e-05 5.56168e-06 2.82098e-07
 2.14403e-27 2.17023e-27 6.35038e-27 1.43015e-21 8.50566e-17 1.163e-12 3.6559e-09 2.64213e-06 0.000438985 0.0167689 0.147266 0.297335 0.13868 0.0324574 0.108631 0.152392 0.0550927 0.0247385 0.0178474 0.00573425 0.00201227 0.000513044 8.18536e-05 6.79651e-06 2.87409e-07
 2.14222e-27 2.16587e-27 5.90178e-27 1.27804e-21 7.60098e-17 1.0393e-12 3.26705e-09 2.3611e-06 0.000392294 0.0149854 0.131602 0.265711 0.124073 0.0327871 0.120176 0.168893 0.0640468 0.0380522 0.0283324 0.00800515 0.00230429 0.000538615 8.95235e-05 8.76093e-06 3.8828e-07
 2.14134e-27 2.16374e-27 5.68145e-27 1.20332e-21 7.15661e-17 9.78539e-13 3.07605e-09 2.22307e-06 0.00036936 0.0141093 0.123909 0.250178 0.116903 0.033114 0.126853 0.178365 0.0681928 0.0421922 0.0319415 0.00993871 0.00317569 0.000657223 9.03523e-05 8.45123e-06 4.08012e-07
 2.14228e-27 2.16608e-27 5.93167e-27 1.28822e-21 7.66152e-17 1.04758e-12 3.29307e-09 2.37991e-06 0.000395418 0.0151047 0.13265 0.267827 0.125022 0.0320302 0.114917 0.161574 0.0627184 0.0415989 0.0318359 0.0100867 0.00336338 0.000756117 0.000107336 8.79408e-06 3.79346e-07
 2.14372e-27 2.16951e-27 6.28206e-27 1.40701e-21 8.36805e-17 1.14418e-12 3.59675e-09 2.59938e-06 0.000431884 0.0164977 0.144883 0.292525 0.13644 0.0320145 0.107377 0.150742 0.0561084 0.0302261 0.0224958 0.00718247 0.00242592 0.0005564 8.33166e-05 7.18948e-06 2.97057e-07
 2.14243e-27 2.16636e-27 5.95001e-27 1.29438e-21 7.69819e-17 1.05259e-12 3.30883e-09 2.3913e-06 0.000397311 0.015177 0.133285 0.26911 0.125649 0.0329374 0.120069 0.168678 0.0630804 0.0348632 0.0258648 0.00777847 0.00244612 0.000565963 8.73784e-05 7.85753e-06 3.40616e-07
 2.14349e-27 2.16898e-27 6.23018e-27 1.38943e-21 8.2635e-17 1.12989e-12 3.55181e-09 2.56691e-06 0.000426488 0.0162915 0.143073 0.28887 0.134743 0.0318159 0.107267 0.150662 0.057121 0.0339138 0.0253918 0.00754496 0.00229866 0.000499218 7.27434e-05 6.59402e-06 2.95838e-07
 2.14244e-27 2.16641e-27 5.95888e-27 1.29741e-21 7.71617e-17 1.05505e-12 3.31656e-09 2.39689e-06 0.000398239 0.0152125 0.133597 0.269738 0.125929 0.0326506 0.118128 0.165978 0.0625934 0.036188 0.0272285 0.00871059 0.00291384 0.000635294 8.91313e-05 7.62704e-06 3.33659e-07
 2.14311e-27 2.16807e-27 6.13438e-27 1.35694e-21 8.07024e-17 1.10346e-12 3.46875e-09 2.50687e-06 0.000416513 0.0159105 0.139727 0.282115 0.131628 0.0320391 0.110665 0.155465 0.0589947 0.0351892 0.0264501 0.00809588 0.00260354 0.00060007 8.97941e-05 7.63233e-06 3.19222e-07
 2.14386e-27 2.16987e-27 6.32149e-27 1.4204e-21 8.44764e-17 1.15506e-12 3.63096e-09 2.6241e-06 0.000435991 0.0166546 0.146261 0.295307 0.137715 0.0317275 0.104787 0.147119 0.0552225 0.0311467 0.0232934 0.0073039 0.00239912 0.000536788 7.96959e-05 7.12285e-06 3.06821e-07
 2.14255e-27 2.16668e-27 5.98653e-27 1.30678e-21 7.77194e-17 1.06267e-12 3.34053e-09 2.41421e-06 0.000401118 0.0153224 0.134562 0.271688 0.126828 0.0326019 0.117243 0.164724 0.0620724 0.0357374 0.0268174 0.00844188 0.00280606 0.000645079 9.71939e-05 8.60284e-06 3.77544e-07
 2.14352e-27 2.16906e-27 6.23876e-27 1.39235e-21 8.28081e-17 1.13225e-12 3.55925e-09 2.57228e-06 0.000427381 0.0163257 0.143373 0.289475 0.135021 0.0317844 0.106892 0.150129 0.0568701 0.0336258 0.0252399 0.00771223 0.00246585 0.000562617 8.55069e-05 7.70192e-06 3.39552e-07
 2.14301e-27 2.16779e-27 6.0999e-27 1.34522e-21 8.00056e-17 1.09393e-12 3.43879e-09 2.48523e-06 0.000412917 0.0157731 0.138521 0.279679 0.130522 0.0325849 0.114731 0.161121 0.0599563 0.0322469 0.0239268 0.00746043 0.00243291 0.000542183 7.99322e-05 7.17295e-06 3.19877e-07
 2.14216e-27 2.16576e-27 5.89411e-27 1.27546e-21 7.58563e-17 1.0372e-12 3.26045e-09 2.35634e-06 0.000391502 0.0149551 0.131337 0.265175 0.123812 0.032466 0.118377 0.166405 0.0638101 0.0400336 0.0302841 0.00923339 0.00294148 0.000667581 9.96502e-05 8.76427e-06 3.84616e-07
 2.1432e-27 2.16828e-27 6.15786e-27 1.36491e-21 8.11763e-17 1.10994e-12 3.48912e-09 2.52159e-06 0.000418959 0.016004 0.140548 0.283771 0.13239 0.0319221 0.109452 0.153756 0.0583918 0.0349766 0.0264296 0.00840849 0.00280594 0.000624359 9.12855e-05 8.08279e-06 3.53351e-07
 2.14386e-27 2.16989e-27 6.32497e-27 1.42158e-21 8.45468e-17 1.15603e-12 3.63398e-09 2.62629e-06 0.000436354 0.0166684 0.146383 0.295553 0.137827 0.0316611 0.104307 0.14645 0.0550843 0.0314107 0.0235579 0.00746981 0.00251022 0.000582263 8.80801e-05 7.71955e-06 3.34893e-07
#obs surv len freq
 8.69557e-40 4.25588e-33 4.78878e-27 1.23881e-21 7.36769e-17 1.0074e-12 3.16676e-09 2.28863e-06 0.000380259 0.0145254 0.127562 0.257555 0.120281 0.0322268 0.119213 0.167637 0.0649005 0.0426097 0.0332882 0.0125121 0.00530437 0.00160049 0.000351311 4.73292e-05 3.26392e-06
 1.03843e-39 5.0824e-33 5.7188e-27 1.4794e-21 8.79854e-17 1.20304e-12 3.78177e-09 2.73309e-06 0.000454107 0.0173463 0.152335 0.307571 0.143344 0.0306206 0.0943327 0.132444 0.0508268 0.0320487 0.0247727 0.00894948 0.00363211 0.00106113 0.000225713 2.95357e-05 1.97037e-06
 9.68109e-40 4.73822e-33 5.33152e-27 1.37921e-21 8.2027e-17 1.12157e-12 3.52567e-09 2.54801e-06 0.000423355 0.0161716 0.142019 0.286744 0.133798 0.0328181 0.114025 0.160009 0.0579638 0.0264124 0.0193163 0.00676002 0.0026333 0.000734823 0.000148843 1.8755e-05 1.21149e-06
 1.05166e-39 5.14715e-33 5.79165e-27 1.49825e-21 8.91063e-17 1.21837e-12 3.82995e-09 2.76791e-06 0.000459892 0.0175673 0.154276 0.31149 0.145183 0.0313535 0.097626 0.136962 0.0507753 0.0267169 0.0195894 0.00568979 0.00175281 0.00045701 8.75407e-05 1.04489e-05 6.45601e-07
 9.84322e-40 4.81757e-33 5.42081e-27 1.40231e-21 8.34008e-17 1.14035e-12 3.58472e-09 2.59068e-06 0.000430445 0.0164425 0.144398 0.291546 0.13602 0.0328753 0.112927 0.158429 0.056987 0.0246846 0.0176107 0.00544917 0.00174978 0.000382425 5.94104e-05 6.47176e-06 3.77082e-07
 8.11666e-40 3.97254e-33 4.46997e-27 1.15634e-21 6.87718e-17 9.4033e-13 2.95593e-09 2.13626e-06 0.000354943 0.0135584 0.119069 0.24041 0.11245 0.0347831 0.139986 0.196686 0.0720803 0.0353744 0.0255447 0.00715582 0.00202002 0.000450999 6.70646e-05 6.04891e-06 3.02262e-07
 7.94365e-40 3.88787e-33 4.37469e-27 1.13169e-21 6.73059e-17 9.20286e-13 2.89293e-09 2.09073e-06 0.000347377 0.0132694 0.116531 0.235285 0.110036 0.0335942 0.134273 0.188878 0.0726516 0.0462289 0.0348946 0.010254 0.00303891 0.000623838 8.4212e-05 7.30215e-06 3.23924e-07
 1.32985e-39 6.5087e-33 7.32369e-27 1.89457e-21 1.12677e-16 1.54066e-12 4.84306e-09 3.50009e-06 0.000581545 0.0222143 0.195086 0.393882 0.183129 0.0274599 0.0490239 0.0684208 0.0261025 0.015996 0.0122054 0.00409244 0.00144181 0.000314503 4.27292e-05 3.42096e-06 1.40359e-07
 1.10526e-39 5.40949e-33 6.08684e-27 1.57461e-21 9.36478e-17 1.28046e-12 4.02515e-09 2.90899e-06 0.000483332 0.0184627 0.162139 0.327366 0.152572 0.0326558 0.100791 0.141058 0.0472459 0.0095149 0.00524249 0.00169542 0.000598123 0.00014775 2.33328e-05 1.96911e-06 7.84534e-08
 6.40077e-40 3.13274e-33 3.525e-27 9.11885e-22 5.42332e-17 7.41541e-13 2.33104e-09 1.68465e-06 0.000279907 0.0106921 0.0938979 0.18959 0.0891032 0.0387258 0.179372 0.251974 0.0885372 0.0317036 0.020895 0.00445339 0.000629077 0.000123271 2.0205e-05 1.93627e-06 8.52831e-08
 1.23454e-39 6.04224e-33 6.79882e-27 1.75879e-21 1.04602e-16 1.43024e-12 4.49598e-09 3.24925e-06 0.000539868 0.0206223 0.181105 0.365655 0.170095 0.0278994 0.0602155 0.0843877 0.0343939 0.0275282 0.0209897 0.00526646 0.00112107 0.000163907 1.27084e-05 9.27649e-07 4.31068e-08
 1.17959e-39 5.77328e-33 6.49619e-27 1.6805e-21 9.99458e-17 1.36658e-12 4.29585e-09 3.10462e-06 0.000515837 0.0197043 0.173043 0.34938 0.162698 0.0312885 0.0858092 0.119987 0.0404351 0.00898323 0.00530733 0.00195877 0.000735607 0.00013638 1.2899e-05 6.62095e-07 1.80049e-08
 8.81362e-40 4.31366e-33 4.8538e-27 1.25563e-21 7.46771e-17 1.02107e-12 3.20976e-09 2.3197e-06 0.000385421 0.0147226 0.129294 0.261053 0.122027 0.0356724 0.139193 0.195248 0.0672379 0.019701 0.0122689 0.00266509 0.00042065 9.34808e-05 1.44326e-05 9.74676e-07 2.66011e-08
 9.20028e-40 4.5029e-33 5.06673e-27 1.31072e-21 7.79532e-17 1.06587e-12 3.35057e-09 2.42146e-06 0.000402329 0.0153685 0.134966 0.272504 0.12723 0.0332474 0.120939 0.169852 0.0628402 0.0326326 0.0233914 0.00547852 0.000990398 0.000142575 1.23154e-05 9.49495e-07 3.68001e-08
 7.38596e-40 3.61492e-33 4.06756e-27 1.05224e-21 6.25806e-17 8.55677e-13 2.68983e-09 1.94394e-06 0.000322989 0.0123378 0.10835 0.218768 0.102499 0.0362273 0.155325 0.218237 0.0787357 0.0348282 0.0247793 0.00719455 0.00202461 0.000337969 2.83014e-05 1.43135e-06 4.17409e-08
 1.12424e-39 5.50236e-33 6.19134e-27 1.60164e-21 9.52556e-17 1.30245e-12 4.09426e-09 2.95893e-06 0.00049163 0.0187796 0.164923 0.332985 0.155065 0.0298776 0.0821378 0.115213 0.04424 0.027912 0.0208685 0.00566936 0.00149295 0.000302622 3.63847e-05 2.14593e-06 5.38703e-08
 8.70611e-40 4.26104e-33 4.79459e-27 1.24031e-21 7.37662e-17 1.00862e-12 3.1706e-09 2.2914e-06 0.00038072 0.014543 0.127717 0.257868 0.120556 0.0356877 0.140246 0.196733 0.0677366 0.0198486 0.0128605 0.00413735 0.00137326 0.00027501 3.35995e-05 2.45963e-06 7.99525e-08
 9.56575e-40 4.68177e-33 5.26801e-27 1.36278e-21 8.10498e-17 1.10821e-12 3.48367e-09 2.51765e-06 0.000418312 0.015979 0.140327 0.283328 0.132217 0.032786 0.114859 0.161268 0.0596044 0.0307697 0.0220294 0.00516225 0.00100363 0.000211643 3.066e-05 2.34211e-06 8.37607e-08
 1.01122e-39 4.94921e-33 5.56893e-27 1.44063e-21 8.56796e-17 1.17151e-12 3.68266e-09 2.66147e-06 0.000442207 0.0168917 0.148343 0.299512 0.139695 0.0326681 0.109261 0.153238 0.0548343 0.0228469 0.0160557 0.00465476 0.0013082 0.000222223 2.2019e-05 1.69112e-06 6.72112e-08
 8.61714e-40 4.21749e-33 4.74559e-27 1.22764e-21 7.30123e-17 9.98311e-13 3.1382e-09 2.26798e-06 0.000376829 0.0143944 0.126411 0.255233 0.119313 0.0350457 0.137121 0.192479 0.0683098 0.0266607 0.0182921 0.00485262 0.00122841 0.000247161 2.99726e-05 1.9032e-06 6.15414e-08
 1.11699e-39 5.46689e-33 6.15143e-27 1.59132e-21 9.46416e-17 1.29405e-12 4.06787e-09 2.93986e-06 0.000488461 0.0186586 0.16386 0.330839 0.154103 0.0306782 0.0876723 0.122896 0.0453464 0.0231918 0.0167276 0.00431272 0.00101227 0.000187012 2.20486e-05 1.60581e-06 5.4159e-08
 8.89161e-40 4.35183e-33 4.89674e-27 1.26674e-21 7.53379e-17 1.03011e-12 3.23816e-09 2.34022e-06 0.000388831 0.0148529 0.130438 0.263362 0.123083 0.0353428 0.136485 0.191453 0.0661767 0.020223 0.0131131 0.00378136 0.0010763 0.000199264 2.16829e-05 1.47955e-06 5.13971e-08
 1.00317e-39 4.90984e-33 5.52463e-27 1.42917e-21 8.4998e-17 1.16219e-12 3.65337e-09 2.6403e-06 0.000438689 0.0167574 0.147163 0.297129 0.138579 0.0322749 0.10758 0.150975 0.0555321 0.0278531 0.01987 0.00471595 0.000928444 0.000177061 2.21773e-05 1.51912e-06 4.95143e-08
 1.03872e-39 5.08384e-33 5.72041e-27 1.47982e-21 8.80103e-17 1.20338e-12 3.78284e-09 2.73387e-06 0.000454236 0.0173512 0.152378 0.307659 0.143458 0.0325715 0.106216 0.148894 0.0525975 0.0197627 0.0135422 0.00385561 0.0010578 0.000180169 1.73713e-05 1.18737e-06 4.15545e-08
 8.74577e-40 4.28045e-33 4.81643e-27 1.24596e-21 7.41021e-17 1.01321e-12 3.18504e-09 2.30184e-06 0.000382454 0.0146092 0.128298 0.259043 0.121075 0.0350659 0.136096 0.191002 0.0673394 0.0248605 0.016764 0.00425913 0.000986529 0.000191876 2.28014e-05 1.42474e-06 4.31449e-08
 9.25543e-40 4.52989e-33 5.09711e-27 1.31857e-21 7.84205e-17 1.07226e-12 3.37066e-09 2.43598e-06 0.000404741 0.0154606 0.135775 0.274137 0.127985 0.0332286 0.120331 0.168977 0.0622501 0.0315296 0.0226623 0.00572709 0.00127908 0.00022409 2.44396e-05 1.70629e-06 5.62824e-08
 9.68772e-40 4.74147e-33 5.33518e-27 1.38016e-21 8.20833e-17 1.12234e-12 3.52809e-09 2.54975e-06 0.000423645 0.0161827 0.142117 0.286941 0.133897 0.0330344 0.115287 0.161775 0.058448 0.0261121 0.018598 0.00536305 0.00151536 0.000274321 2.82935e-05 1.80324e-06 5.87662e-08
 1.1293e-39 5.52712e-33 6.2192e-27 1.60885e-21 9.56843e-17 1.30831e-12 4.11268e-09 2.97225e-06 0.000493843 0.0188642 0.165665 0.334484 0.155802 0.0310456 0.0888165 0.124408 0.0444877 0.0184348 0.0128513 0.00350233 0.000928837 0.000188305 2.33421e-05 1.54551e-06 4.75235e-08
#pred catch len freq
 2.13834e-27 2.1546e-27 4.63951e-27 8.49807e-22 5.05412e-17 6.91061e-13 2.17236e-09 1.56997e-06 0.000260848 0.00996423 0.0875064 0.176682 0.0827635 0.0288098 0.122718 0.173063 0.0722356 0.0631074 0.0556492 0.0349498 0.027287 0.0213229 0.0197364 0.0170155 0.00692737
 2.13849e-27 2.15651e-27 4.91064e-27 9.41868e-22 5.60165e-17 7.65925e-13 2.4077e-09 1.74005e-06 0.000289107 0.0110437 0.0969861 0.195823 0.0918049 0.0339348 0.148244 0.208668 0.0806955 0.0527379 0.0414534 0.0166056 0.00889534 0.00518522 0.00373287 0.00279589 0.00110371
 2.13888e-27 2.1578e-27 5.07012e-27 9.96038e-22 5.92382e-17 8.09976e-13 2.54617e-09 1.84013e-06 0.000305734 0.0116788 0.102564 0.207084 0.0969875 0.0333011 0.140983 0.19857 0.0791724 0.0586226 0.0457539 0.015413 0.00593845 0.00204307 0.000894122 0.00050415 0.000181466
 2.13868e-27 2.15732e-27 5.01899e-27 9.78683e-22 5.8206e-17 7.95863e-13 2.50181e-09 1.80806e-06 0.000300407 0.0114753 0.100777 0.203477 0.0953407 0.0338637 0.145505 0.20487 0.0803827 0.0558742 0.0437701 0.0159135 0.00627665 0.00164915 0.000378729 0.00011301 3.19535e-05
 2.13894e-27 2.158e-27 5.09403e-27 1.00416e-21 5.97211e-17 8.16579e-13 2.56693e-09 1.85513e-06 0.000308226 0.011774 0.1034 0.208773 0.0977687 0.0333208 0.140594 0.198004 0.0787348 0.0577228 0.0452884 0.0159735 0.00624725 0.00170811 0.000326218 4.69668e-05 7.05676e-06
 2.13777e-27 2.15511e-27 4.78789e-27 9.00305e-22 5.35445e-17 7.32126e-13 2.30145e-09 1.66326e-06 0.000276349 0.0105563 0.0927062 0.187182 0.0878286 0.0344279 0.15386 0.216682 0.0850309 0.0591452 0.0463587 0.0169346 0.00679145 0.00182801 0.000345889 4.05416e-05 3.0105e-06
 2.13667e-27 2.15246e-27 4.51411e-27 8.07465e-22 4.8023e-17 6.56628e-13 2.06412e-09 1.49175e-06 0.000247851 0.00946775 0.0831463 0.167881 0.0789166 0.034729 0.161516 0.2276 0.0906268 0.0667728 0.0522074 0.0178649 0.0067756 0.00185095 0.000352478 3.99027e-05 2.35198e-06
 2.14048e-27 2.16179e-27 5.49482e-27 1.14011e-21 6.78067e-17 9.27136e-13 2.91447e-09 2.10629e-06 0.000349957 0.0133681 0.1174 0.237036 0.110786 0.0320107 0.124078 0.174724 0.070537 0.0547094 0.0430333 0.014762 0.00550561 0.0014099 0.000256803 2.90269e-05 1.64615e-06
 2.14326e-27 2.16839e-27 6.16529e-27 1.36741e-21 8.13251e-17 1.11198e-12 3.49551e-09 2.52621e-06 0.000419727 0.0160333 0.140805 0.284291 0.132645 0.0323293 0.11178 0.156944 0.0582103 0.0307622 0.0231766 0.00833579 0.00326331 0.00083781 0.000147276 1.57867e-05 8.72133e-07
 2.13802e-27 2.15549e-27 4.79464e-27 9.02432e-22 5.36711e-17 7.33856e-13 2.30689e-09 1.66719e-06 0.000277002 0.0105813 0.0929253 0.187625 0.0881374 0.0371981 0.170638 0.239905 0.0875056 0.041695 0.0302295 0.00923098 0.00306701 0.00081555 0.000150206 1.59335e-05 8.44593e-07
 2.13849e-27 2.15691e-27 4.98196e-27 9.66153e-22 5.74608e-17 7.85674e-13 2.46978e-09 1.78491e-06 0.000296561 0.0113284 0.0994868 0.200871 0.0941157 0.0333142 0.142937 0.201442 0.0819012 0.0650398 0.0501107 0.0141137 0.0039897 0.000889602 0.00014531 1.56732e-05 8.40968e-07
 2.14243e-27 2.16641e-27 5.96303e-27 1.29883e-21 7.72465e-17 1.05621e-12 3.3202e-09 2.39952e-06 0.000398677 0.0152292 0.133744 0.270034 0.126054 0.0323342 0.116107 0.163165 0.0620693 0.0375193 0.0287448 0.0100659 0.00365894 0.000762456 0.000101415 9.22411e-06 4.67499e-07
 2.14001e-27 2.16039e-27 5.31366e-27 1.0785e-21 6.41425e-17 8.77035e-13 2.75697e-09 1.99247e-06 0.000331046 0.0126457 0.111055 0.224229 0.104994 0.0354472 0.148917 0.209275 0.0764918 0.0369526 0.027022 0.00868335 0.00304499 0.000774858 0.000123385 1.02331e-05 4.32368e-07
 2.13852e-27 2.15683e-27 4.95307e-27 9.5626e-22 5.68724e-17 7.77629e-13 2.44449e-09 1.76664e-06 0.000293524 0.0112124 0.0984681 0.198815 0.0932338 0.0351492 0.154759 0.2178 0.0835154 0.0523586 0.0392621 0.0110764 0.00317828 0.000740991 0.000122845 1.20063e-05 5.31758e-07
 2.1377e-27 2.15487e-27 4.75203e-27 8.8809e-22 5.28181e-17 7.22193e-13 2.27022e-09 1.6407e-06 0.000272599 0.0104131 0.0914485 0.184643 0.0866881 0.0353183 0.160062 0.225346 0.0871177 0.0567408 0.043231 0.0134247 0.0042765 0.000883106 0.000121062 1.13057e-05 5.45399e-07
 2.13886e-27 2.15774e-27 5.05837e-27 9.92024e-22 5.89994e-17 8.06712e-13 2.53591e-09 1.83271e-06 0.000304502 0.0116318 0.102151 0.20625 0.0966302 0.0340593 0.145863 0.205363 0.0804558 0.0555124 0.0426699 0.0134765 0.00447368 0.00100305 0.00014201 1.16176e-05 5.00677e-07
 2.1399e-27 2.16019e-27 5.30293e-27 1.07491e-21 6.39289e-17 8.74114e-13 2.74779e-09 1.98583e-06 0.000329943 0.0126036 0.110686 0.223482 0.104617 0.0345902 0.143911 0.202373 0.0761723 0.0435977 0.0327399 0.010441 0.00351916 0.000805418 0.000120315 1.03685e-05 4.28077e-07
 2.13883e-27 2.15757e-27 5.02672e-27 9.81217e-22 5.83567e-17 7.97924e-13 2.50828e-09 1.81274e-06 0.000301185 0.011505 0.101038 0.204004 0.0956408 0.0353672 0.154525 0.217376 0.0820554 0.0476499 0.0356006 0.0106841 0.00334791 0.000772627 0.000118979 1.06845e-05 4.62805e-07
 2.13953e-27 2.15931e-27 5.216e-27 1.04545e-21 6.21769e-17 8.50158e-13 2.67248e-09 1.93141e-06 0.000320901 0.0122582 0.107652 0.217357 0.101774 0.0342956 0.143958 0.202558 0.077857 0.0493775 0.0372963 0.0110763 0.00336976 0.000730433 0.000106175 9.61129e-06 4.30884e-07
 2.13877e-27 2.15746e-27 5.01953e-27 9.78802e-22 5.82131e-17 7.9596e-13 2.50211e-09 1.80828e-06 0.000300443 0.0114767 0.100789 0.203502 0.0953954 0.0350146 0.152524 0.214608 0.0817771 0.0498023 0.0377355 0.0120475 0.00401799 0.000874058 0.000122308 1.04506e-05 4.56798e-07
 2.13936e-27 2.1589e-27 5.17342e-27 1.03101e-21 6.13181e-17 8.38415e-13 2.63557e-09 1.90473e-06 0.000316469 0.0120889 0.106165 0.214355 0.100391 0.0344099 0.145561 0.204815 0.0786263 0.0495867 0.037545 0.011474 0.00367986 0.000846181 0.000126315 1.07222e-05 4.48089e-07
 2.13981e-27 2.15999e-27 5.28585e-27 1.06913e-21 6.35853e-17 8.69416e-13 2.73302e-09 1.97516e-06 0.00032817 0.0125359 0.110091 0.222281 0.104051 0.0343255 0.142657 0.200665 0.0763788 0.0462562 0.0349436 0.010956 0.00359591 0.000803125 0.000118963 1.06185e-05 4.57065e-07
 2.13888e-27 2.15771e-27 5.04529e-27 9.87537e-22 5.87326e-17 8.03063e-13 2.52444e-09 1.82442e-06 0.000303125 0.0115792 0.101689 0.205318 0.0962337 0.0349827 0.151782 0.213555 0.0813139 0.0493306 0.0372814 0.011713 0.0038814 0.000890159 0.000133781 1.18248e-05 5.18528e-07
 2.13979e-27 2.15995e-27 5.28255e-27 1.06802e-21 6.35193e-17 8.68513e-13 2.73018e-09 1.97311e-06 0.000327829 0.0125229 0.109976 0.22205 0.103939 0.0341707 0.141782 0.199465 0.0764244 0.0477622 0.0361147 0.0110177 0.00351303 0.000799684 0.000121231 1.09048e-05 4.80385e-07
 2.13904e-27 2.15807e-27 5.07934e-27 9.99068e-22 5.94184e-17 8.1244e-13 2.55392e-09 1.84572e-06 0.000306664 0.0117144 0.102876 0.207715 0.0973514 0.0352312 0.152576 0.214614 0.0808671 0.0465384 0.0348816 0.0108715 0.00354092 0.000787616 0.00011584 1.03813e-05 4.62601e-07
 2.13851e-27 2.15686e-27 4.96238e-27 9.59442e-22 5.70617e-17 7.80216e-13 2.45262e-09 1.77252e-06 0.000294501 0.0112497 0.0987957 0.199477 0.0935221 0.0346818 0.151706 0.213556 0.0827999 0.0546201 0.041573 0.0126494 0.00401617 0.000909247 0.000135375 1.18896e-05 5.21344e-07
 2.13936e-27 2.15893e-27 5.17733e-27 1.03234e-21 6.13973e-17 8.39499e-13 2.63898e-09 1.90719e-06 0.000316878 0.0121045 0.106302 0.214632 0.100515 0.0343045 0.144834 0.203798 0.0783618 0.0498051 0.0379274 0.012051 0.00401274 0.000891011 0.000129946 1.149e-05 5.0191e-07
 2.1396e-27 2.15948e-27 5.23386e-27 1.05151e-21 6.25371e-17 8.55083e-13 2.68796e-09 1.9426e-06 0.00032276 0.0123292 0.108276 0.218616 0.102357 0.0343183 0.143718 0.202189 0.0773024 0.047838 0.0362938 0.0115197 0.00387312 0.000897038 0.00013542 1.18542e-05 5.13877e-07
#obs catch len freq
 4.09305e-40 2.00326e-33 2.2541e-27 5.83115e-22 3.46801e-17 4.74187e-13 1.49061e-09 1.07727e-06 0.00017899 0.00683717 0.0600441 0.121239 0.0573962 0.0358693 0.182533 0.257355 0.102803 0.0767606 0.0611112 0.023612 0.0102832 0.00315897 0.00071093 9.89352e-05 7.07639e-06
 4.23672e-40 2.07358e-33 2.33322e-27 6.03583e-22 3.58973e-17 4.90831e-13 1.54293e-09 1.11508e-06 0.000185272 0.00707716 0.0621516 0.125494 0.0593798 0.0363068 0.183921 0.25922 0.102238 0.0726149 0.0572728 0.0215534 0.00914026 0.00275306 0.000603039 8.11063e-05 5.58623e-06
 5.74544e-40 2.812e-33 3.1641e-27 8.18524e-22 4.86807e-17 6.6562e-13 2.09238e-09 1.51217e-06 0.000251249 0.00959739 0.0842843 0.170179 0.0799974 0.0352078 0.163745 0.230623 0.0900479 0.0613222 0.0478636 0.0173084 0.0070259 0.00204897 0.000434903 5.68132e-05 3.78531e-06
 5.19806e-40 2.54409e-33 2.86265e-27 7.4054e-22 4.40427e-17 6.02204e-13 1.89303e-09 1.3681e-06 0.000227312 0.00868302 0.0762543 0.153968 0.0726202 0.0383463 0.187791 0.264137 0.0967448 0.0473875 0.0351163 0.012296 0.00478834 0.00133365 0.000269521 3.39013e-05 2.18702e-06
 6.02117e-40 2.94694e-33 3.31595e-27 8.57804e-22 5.10168e-17 6.97563e-13 2.1928e-09 1.58474e-06 0.000263306 0.010058 0.0883291 0.178346 0.0838264 0.0366318 0.169978 0.239161 0.0897965 0.0506929 0.0375745 0.0109167 0.00336161 0.000874803 0.00016718 1.99187e-05 1.22906e-06
 5.43771e-40 2.66138e-33 2.99463e-27 7.74683e-22 4.60733e-17 6.29969e-13 1.98031e-09 1.43118e-06 0.000237792 0.00908335 0.07977 0.161066 0.0759099 0.0385609 0.186962 0.262904 0.0954766 0.0442083 0.0319491 0.00988662 0.00317271 0.000692248 0.000107256 1.16604e-05 6.78449e-07
 4.06642e-40 1.99023e-33 2.23944e-27 5.79322e-22 3.44544e-17 4.71102e-13 1.48091e-09 1.07026e-06 0.000177825 0.00679269 0.0596534 0.120452 0.0571753 0.0396891 0.20609 0.290035 0.107391 0.0560878 0.0409253 0.0114612 0.00323138 0.00072009 0.000106822 9.61624e-06 4.79735e-07
 3.95955e-40 1.93793e-33 2.18059e-27 5.64097e-22 3.3549e-17 4.58722e-13 1.442e-09 1.04213e-06 0.000173152 0.00661418 0.0580857 0.117286 0.0556351 0.0376439 0.194559 0.274156 0.106866 0.0721359 0.0548483 0.0161083 0.00476738 0.000976939 0.000131528 1.13829e-05 5.04197e-07
 9.81849e-40 4.80547e-33 5.40719e-27 1.39879e-21 8.31912e-17 1.13749e-12 3.57571e-09 2.58417e-06 0.000429364 0.0164011 0.144035 0.290813 0.135619 0.0312315 0.103113 0.144872 0.0559369 0.036252 0.0278599 0.00933201 0.00328243 0.000714663 9.68523e-05 7.7395e-06 3.17048e-07
 6.9546e-40 3.40379e-33 3.83e-27 9.90785e-22 5.89257e-17 8.05703e-13 2.53273e-09 1.83041e-06 0.000304126 0.0116172 0.102022 0.205993 0.0967089 0.0393182 0.178044 0.249821 0.0838979 0.0176437 0.0099523 0.00321618 0.00113213 0.000279032 4.39589e-05 3.70344e-06 1.4734e-07
 3.05465e-40 1.49504e-33 1.68224e-27 4.3518e-22 2.58818e-17 3.53887e-13 1.11245e-09 8.03966e-07 0.00013358 0.00510259 0.044811 0.0904864 0.0434625 0.0434419 0.238031 0.334695 0.118268 0.044478 0.0296701 0.00632209 0.000890536 0.000173954 2.84337e-05 2.71991e-06 1.19644e-07
 8.58382e-40 4.20118e-33 4.72724e-27 1.22289e-21 7.273e-17 9.94451e-13 3.12607e-09 2.25921e-06 0.000375372 0.0143387 0.125923 0.254245 0.118717 0.0313221 0.114689 0.161544 0.0667437 0.0559129 0.0428177 0.010732 0.00227851 0.000332664 2.57135e-05 1.87087e-06 8.67976e-08
 7.90105e-40 3.86702e-33 4.35123e-27 1.12562e-21 6.69449e-17 9.15351e-13 2.87741e-09 2.07951e-06 0.000345514 0.0131982 0.115907 0.234025 0.1096 0.0374967 0.158475 0.22231 0.0751326 0.0174097 0.0104893 0.00386582 0.00144893 0.000268232 2.53082e-05 1.29663e-06 3.51862e-08
 4.83919e-40 2.36845e-33 2.66502e-27 6.89415e-22 4.10021e-17 5.6063e-13 1.76234e-09 1.27365e-06 0.000211619 0.00808356 0.0709899 0.14334 0.0678324 0.0416945 0.211434 0.297042 0.10273 0.031529 0.0199273 0.00432756 0.000680914 0.000150843 2.32403e-05 1.56745e-06 4.27234e-08
 5.19196e-40 2.54111e-33 2.85929e-27 7.39672e-22 4.3991e-17 6.01498e-13 1.89081e-09 1.3665e-06 0.000227045 0.00867284 0.0761649 0.153787 0.0725301 0.0381712 0.186777 0.262828 0.0980441 0.0533631 0.0385337 0.00901789 0.00162566 0.000233622 2.0113e-05 1.54633e-06 5.98624e-08
 3.74902e-40 1.83489e-33 2.06465e-27 5.34104e-22 3.17652e-17 4.34331e-13 1.36532e-09 9.86723e-07 0.000163945 0.0062625 0.0549973 0.111052 0.0528754 0.0409133 0.216397 0.304425 0.11059 0.0512905 0.0368173 0.0106751 0.00299656 0.000499488 4.17216e-05 2.10538e-06 6.1267e-08
 7.21097e-40 3.52927e-33 3.97119e-27 1.02731e-21 6.1098e-17 8.35404e-13 2.6261e-09 1.89789e-06 0.000315337 0.0120455 0.105783 0.213585 0.100029 0.0342671 0.144921 0.203972 0.0791561 0.0523862 0.0393994 0.0106905 0.00280742 0.000567839 6.81092e-05 4.01096e-06 1.00543e-07
 4.77875e-40 2.33887e-33 2.63173e-27 6.80804e-22 4.049e-17 5.53627e-13 1.74033e-09 1.25774e-06 0.000208976 0.0079826 0.0701032 0.14155 0.0669994 0.0415522 0.211104 0.296579 0.102534 0.0314168 0.0206445 0.00663176 0.00219577 0.000438876 5.34687e-05 3.9067e-06 1.26833e-07
 5.50959e-40 2.69656e-33 3.03422e-27 7.84923e-22 4.66823e-17 6.38296e-13 2.00649e-09 1.4501e-06 0.000240935 0.00920342 0.0808245 0.163195 0.076865 0.0377871 0.181597 0.255509 0.0952241 0.0515566 0.0371901 0.00870811 0.00168764 0.0003549 5.12847e-05 3.91082e-06 1.39656e-07
 6.0158e-40 2.94432e-33 3.31299e-27 8.5704e-22 5.09714e-17 6.96942e-13 2.19084e-09 1.58333e-06 0.000263072 0.010049 0.0882504 0.178188 0.0838108 0.0381695 0.179412 0.252197 0.090844 0.0397332 0.0281977 0.00816472 0.00228924 0.000388269 3.83517e-05 2.93818e-06 1.16612e-07
 4.69947e-40 2.30007e-33 2.58807e-27 6.6951e-22 3.98183e-17 5.44443e-13 1.71146e-09 1.23688e-06 0.000205509 0.00785017 0.0689402 0.139202 0.0658719 0.040437 0.205005 0.288221 0.102894 0.0420802 0.0291694 0.00772963 0.00195099 0.000391674 4.73802e-05 3.00319e-06 9.69307e-08
 7.15419e-40 3.50148e-33 3.93992e-27 1.01922e-21 6.06168e-17 8.28826e-13 2.60542e-09 1.88294e-06 0.000312854 0.0119506 0.10495 0.211904 0.0993043 0.0356629 0.153949 0.216473 0.0805334 0.0431959 0.0313923 0.00808487 0.00189228 0.000348849 4.10113e-05 2.98098e-06 1.00402e-07
 4.92343e-40 2.40968e-33 2.71141e-27 7.01416e-22 4.17158e-17 5.70389e-13 1.79302e-09 1.29582e-06 0.000215302 0.00822427 0.0722256 0.145835 0.0689685 0.0412331 0.207865 0.292045 0.101392 0.0324321 0.0213194 0.00614048 0.00174332 0.000322166 3.49589e-05 2.3804e-06 8.25598e-08
 5.98672e-40 2.93008e-33 3.29698e-27 8.52897e-22 5.0725e-17 6.93573e-13 2.18025e-09 1.57567e-06 0.0002618 0.0100004 0.0878238 0.177326 0.083382 0.0373553 0.174702 0.245741 0.0910913 0.0478355 0.0343815 0.00815283 0.00159988 0.000304331 3.80178e-05 2.59945e-06 8.45925e-08
 6.32188e-40 3.09413e-33 3.48156e-27 9.00646e-22 5.35648e-17 7.32402e-13 2.30231e-09 1.66389e-06 0.000276457 0.0105603 0.0927406 0.187253 0.0880057 0.0382655 0.177266 0.24908 0.0884881 0.0348398 0.0241314 0.0068618 0.00187776 0.000319315 3.06963e-05 2.09317e-06 7.31473e-08
 4.79734e-40 2.34796e-33 2.64197e-27 6.83452e-22 4.06474e-17 5.5578e-13 1.7471e-09 1.26263e-06 0.000209788 0.00801364 0.0703758 0.1421 0.0672189 0.0406229 0.205266 0.288537 0.102297 0.039586 0.0269916 0.00685128 0.00158234 0.000307072 3.63998e-05 2.27048e-06 6.86381e-08
 5.21247e-40 2.55115e-33 2.87059e-27 7.42594e-22 4.41649e-17 6.03875e-13 1.89829e-09 1.37189e-06 0.000227942 0.0087071 0.0764658 0.154395 0.0728129 0.038222 0.186904 0.262979 0.0976868 0.0519423 0.0376269 0.00949981 0.00211594 0.000369973 4.02339e-05 2.80319e-06 9.23373e-08
 5.62483e-40 2.75296e-33 3.09768e-27 8.0134e-22 4.76587e-17 6.51647e-13 2.04846e-09 1.48042e-06 0.000245975 0.00939591 0.0825149 0.166608 0.0784632 0.0383273 0.183865 0.258547 0.0940697 0.0440795 0.031674 0.00912154 0.00257075 0.000464556 4.77834e-05 3.03898e-06 9.88752e-08
#spawning biomass
 4687.76 2924.77 3268.35 4003.91 5140.09 6716.05 6703.61 5373.39 6577.38 13451.7 16048.9 13787.2 23672.2 31304.9 29092.4 24614.8 20187.2 22875.7 21679.7 24684.9 23408 24296.5 29819.5 28823.2 30571.5 34500.8 31049.2 33223.1 43500.2 82421.5 93683.4 73134.7 54587.8 43225.5 36955 33669 32000.8 31171.4 30764.6 30567.1 30471.7 30425.9 30403.9 30393.4 30388.4 30386.1 30384.9 30384.4 30384.1 30384 30383.9 30383.9 30383.9 30383.9 30383.9 30383.9 30383.9 30383.9 30383.9 30383.9 30383.9 30383.9 30383.9 30383.9 30383.9 30383.9 30383.9 30383.9 30383.9 30383.9 30383.9 30383.9 30383.9 30383.9 30383.9 30383.9 30383.9 30383.9 30383.9 30383.9 30383.9 30383.9 30383.9 30383.9 30383.9 30383.9 30383.9 30383.9 30383.9 30383.9 30383.9 30383.9 30383.9 30383.9 30383.9 30383.9 30383.9 30383.9 30383.9 30383.9 30383.9 30383.9 30383.9 30383.9 30383.9 30383.9 30383.9 30383.9 30383.9 30383.9 30383.9 30383.9 30383.9 30383.9 30383.9 30383.9 30383.9 30383.9 30383.9 30383.9 30383.9 30383.9 30383.9 30383.9 30383.9 30383.9 30383.9 30383.9 0 0 0 0 0 0 0 0 0 0 0 0 0 0 0 0 0 0 0 0 0 0 0 0 0
