SBPRF35
0.819782
Curr Bio
116754
B35
683249
F35
0.207285
FOFL
0
OFL
0
Bzero
234224
#pred survey bio
 10447.2 6808.68 7968.97 11554 15404 17904.1 16501.8 21461.3 34341.6 47731.9 60606.3 79835.1 102151 128145 125489 109416 104813 102633 94683.6 91277.6 98690.9 96977 106874 105918 122466 125040 123868 121174 2.86944e+06 4.7453e+06 5.35976e+06 5.31204e+06 4.8971e+06 4.34921e+06 3.80776e+06 3.33764e+06 2.95819e+06 2.6655e+06 2.44626e+06 2.28515e+06 2.16813e+06 2.08368e+06 2.02233e+06 1.9766e+06 1.94427e+06 1.92118e+06 1.90453e+06 1.89239e+06 1.88344e+06 1.87677e+06 1.87174e+06 1.86792e+06 1.86498e+06 1.8627e+06 1.86092e+06 1.85952e+06 1.85841e+06 1.85753e+06 1.85682e+06 1.85625e+06 1.85579e+06 1.85542e+06 1.85513e+06 1.85488e+06 1.85468e+06 1.85452e+06 1.85439e+06 1.85429e+06 1.8542e+06 1.85413e+06 1.85407e+06 1.85402e+06 1.85398e+06 1.85395e+06 1.85392e+06 1.8539e+06 1.85389e+06 1.85387e+06 1.85386e+06 1.85385e+06 1.85384e+06 1.85384e+06 1.85383e+06 1.85383e+06 1.85382e+06 1.85382e+06 1.85382e+06 1.85382e+06 1.85381e+06 1.85381e+06 1.85381e+06 1.85381e+06 1.85381e+06 1.85381e+06 1.85381e+06 1.85381e+06 1.85381e+06 1.85381e+06 1.85381e+06 1.85381e+06 1.85381e+06 1.85381e+06 1.85381e+06 1.85381e+06 1.85381e+06 1.85381e+06 1.85381e+06 1.85381e+06 1.85381e+06 1.85381e+06 1.85381e+06 1.85381e+06 1.85381e+06 1.85381e+06 1.85381e+06 1.85381e+06 1.85381e+06 1.85381e+06 1.85381e+06 1.85381e+06 1.85381e+06 1.85381e+06 1.85381e+06 1.85381e+06 1.85381e+06 1.85381e+06 1.85381e+06 1.85381e+06 0 0 0 0 0 0 0 0 0 0 0 0 0 0 0 0 0 0 0 0 0 0 0 0 0
#obs survey bio
 9824.31 7505.81 9906.71 16018.7 19702.4 10115.6 18694.4 24243.7 52050.5 59353.4 68268.6 85160.3 205150 137016 128450 118338 107839 85944.1 106769 115831 107389 87687.9 101494 98392.7 97649.1 120473 136481 114124
#pred catch bio
 8169.35 5059.35 5629.81 8455.88 11137.9 14362.1 12774.2 15734.2 25997.4 37066.8 47609.2 64144.1 79095 103950 104440 91215.9 88835.3 89804.8 82940.6 77700.8 88250.4 84075.7 97236 92746.9 110664 113145 112575 110480 0 38076.1 42751.7 41984.8 38252.1 33509.4 28909.3 24976.1 21851.8 19485.7 17751.8 16510.6 15637.4 15030.6 14610.7 14317.5 14122.4 13992.6 13906.2 13848.7 13810.4 13785 13768 13756.7 13749.2 13744.3 13740.9 13738.7 13737.2 13736.3 13735.6 13735.2 13734.9 13734.7 13734.6 13734.5 13734.4 13734.4 13734.4 13734.4 13734.3 13734.3 13734.3 13734.3 13734.3 13734.3 13734.3 13734.3 13734.3 13734.3 13734.3 13734.3 13734.3 13734.3 13734.3 13734.3 13734.3 13734.3 13734.3 13734.3 13734.3 13734.3 13734.3 13734.3 13734.3 13734.3 13734.3 13734.3 13734.3 13734.3 13734.3 13734.3 13734.3 13734.3 13734.3 13734.3 13734.3 13734.3 13734.3 13734.3 13734.3 13734.3 13734.3 13734.3 13734.3 13734.3 13734.3 13734.3 13734.3 13734.3 13734.3 13734.3 13734.3 13734.3 13734.3 13734.3 13734.3 13734.3 13734.3 13734.3 0 0 0 0 0 0 0 0 0 0 0 0 0 0 0 0 0 0 0 0 0 0 0 0 0
#obs catch bio
 5148.06 4990.68 5513.88 8090.27 10721.4 14419.2 12670.2 15118.4 25045.9 35658 46395.2 62506.6 74759.8 99607.4 103156 90334.8 88151.9 88660.9 82451.2 75021.9 86980.5 82907.2 95263.4 91372.7 109365 110496 110585 110480
#pred cpue bio
 9544.95 5784.05 6524.7 9430.54 12696 15321.1 13718.4 17087.6 27421.8 38898.1 49226 64002.5 82281 105491 105736 91413.6 85948.1 84134 76971.7 73875.7 79515.3 77465.1 85532.6 83753.3 96965.9 99614.4 98793.3 96502.2 2.27731e+06 4.70747e+06 5.32193e+06 5.27422e+06 4.85928e+06 4.31139e+06 3.76994e+06 3.29982e+06 2.92036e+06 2.62767e+06 2.40844e+06 2.24732e+06 2.13031e+06 2.04585e+06 1.98451e+06 1.93878e+06 1.90645e+06 1.88336e+06 1.86671e+06 1.85457e+06 1.84562e+06 1.83895e+06 1.83392e+06 1.8301e+06 1.82716e+06 1.82488e+06 1.8231e+06 1.8217e+06 1.82059e+06 1.8197e+06 1.819e+06 1.81843e+06 1.81797e+06 1.8176e+06 1.8173e+06 1.81706e+06 1.81686e+06 1.8167e+06 1.81657e+06 1.81646e+06 1.81638e+06 1.81631e+06 1.81625e+06 1.8162e+06 1.81616e+06 1.81613e+06 1.8161e+06 1.81608e+06 1.81606e+06 1.81605e+06 1.81604e+06 1.81603e+06 1.81602e+06 1.81601e+06 1.81601e+06 1.816e+06 1.816e+06 1.816e+06 1.816e+06 1.81599e+06 1.81599e+06 1.81599e+06 1.81599e+06 1.81599e+06 1.81599e+06 1.81599e+06 1.81599e+06 1.81599e+06 1.81599e+06 1.81599e+06 1.81599e+06 1.81599e+06 1.81599e+06 1.81599e+06 1.81599e+06 1.81599e+06 1.81599e+06 1.81599e+06 1.81599e+06 1.81599e+06 1.81599e+06 1.81599e+06 1.81599e+06 1.81599e+06 1.81599e+06 1.81599e+06 1.81599e+06 1.81599e+06 1.81599e+06 1.81599e+06 1.81599e+06 1.81599e+06 1.81599e+06 1.81599e+06 1.81599e+06 1.81599e+06 1.81599e+06 1.81599e+06 1.81599e+06 1.81599e+06 0 0 0 0 0 0 0 0 0 0 0 0 0 0 0 0 0 0 0 0 0 0 0 0 0
#obs cpue bio
 7626.71 7741.19 7088.63 16780.8 15622.9 19671.8 17027.6 30509 32683.5 52978.1 65875.6 84891.5 125741 156464 109861 103132 90321.1 126761 72844.6 114085 84167.5 103028 133342 106386 148103 155479 116890 104313
#pred surv len freq
 2.56378e-27 2.59007e-27 3.48182e-26 6.80533e-20 1.66824e-14 4.9433e-10 1.77061e-06 0.000766606 0.0401214 0.253819 0.194408 0.0375165 0.148976 0.137768 0.0357761 0.0474133 0.0220966 0.0193875 0.0131817 0.0109311 0.00925223 0.00854246 0.00909184 0.00836282 0.00258614
 2.56748e-27 2.59965e-27 4.26674e-26 8.46092e-20 2.07409e-14 6.1459e-10 2.20136e-06 0.000953105 0.0498821 0.315568 0.241612 0.0408914 0.141498 0.13033 0.0251363 0.0246736 0.00985956 0.00660862 0.00366505 0.00254936 0.00187274 0.00153685 0.0014891 0.00139646 0.000476378
 2.56889e-27 2.60337e-27 4.58242e-26 9.12682e-20 2.23733e-14 6.62961e-10 2.37461e-06 0.00102812 0.053808 0.340404 0.260581 0.0411916 0.130456 0.120035 0.0214988 0.0188615 0.00643885 0.00279473 0.00120163 0.000629528 0.000360131 0.000246011 0.000207167 0.000187996 6.70508e-05
 2.56893e-27 2.60346e-27 4.58661e-26 9.13565e-20 2.23949e-14 6.63602e-10 2.37691e-06 0.00102911 0.05386 0.340733 0.260837 0.0414595 0.132315 0.121716 0.0211848 0.0177056 0.00582933 0.00216709 0.000710047 0.000241698 9.51806e-05 4.72988e-05 3.17013e-05 2.61047e-05 9.36272e-06
 2.56843e-27 2.60208e-27 4.46289e-26 8.87465e-20 2.17551e-14 6.44644e-10 2.30901e-06 0.000999711 0.0523213 0.330999 0.253412 0.0419666 0.141391 0.130065 0.0222063 0.0179284 0.00582141 0.0020345 0.000620273 0.000168157 4.09629e-05 1.23702e-05 5.54596e-06 3.73444e-06 1.29438e-06
 2.56641e-27 2.59662e-27 3.98265e-26 7.86155e-20 1.92716e-14 5.71053e-10 2.04542e-06 0.000885587 0.0463484 0.293213 0.224578 0.0431486 0.170644 0.157119 0.0280531 0.024458 0.00788161 0.00264044 0.000782131 0.000196847 3.93137e-05 7.07955e-06 1.63929e-06 7.32579e-07 2.30751e-07
 2.56804e-27 2.60109e-27 4.38056e-26 8.70098e-20 2.13294e-14 6.32028e-10 2.26382e-06 0.000980148 0.0512974 0.324521 0.248463 0.0417559 0.143265 0.131895 0.0243505 0.0223709 0.00736504 0.00270469 0.000795863 0.000191897 3.587e-05 5.24266e-06 6.35429e-07 1.2982e-07 3.22385e-08
 2.57002e-27 2.60642e-27 4.8483e-26 9.6877e-20 2.37482e-14 7.03703e-10 2.52055e-06 0.0010913 0.0571147 0.361323 0.276548 0.040742 0.115817 0.106479 0.0182723 0.0148984 0.00497347 0.00195181 0.000599412 0.000154865 2.81869e-05 3.82884e-06 3.51019e-07 2.88871e-08 3.92615e-09
 2.56985e-27 2.6059e-27 4.79757e-26 9.58067e-20 2.34858e-14 6.95928e-10 2.4927e-06 0.00107924 0.0564836 0.357331 0.273507 0.0412572 0.121874 0.111993 0.0178765 0.0125931 0.00405263 0.00137661 0.000428645 0.000118213 2.3043e-05 3.16151e-06 2.64602e-07 1.35452e-08 6.77897e-10
 2.56892e-27 2.60337e-27 4.57213e-26 9.10509e-20 2.232e-14 6.61382e-10 2.36896e-06 0.00102567 0.0536798 0.339593 0.259975 0.0420213 0.137195 0.126117 0.0201156 0.0141368 0.00440407 0.00126013 0.000362265 8.97902e-05 1.82826e-05 2.69674e-06 2.31271e-07 1.02977e-08 2.4886e-10
 2.56909e-27 2.60387e-27 4.61848e-26 9.20288e-20 2.25597e-14 6.68485e-10 2.3944e-06 0.00103668 0.0542563 0.343241 0.262755 0.0416917 0.132735 0.122046 0.0202155 0.0153904 0.00480005 0.00136642 0.000369794 7.78966e-05 1.40786e-05 2.04866e-06 1.88643e-07 8.55065e-09 1.63085e-10
 2.56967e-27 2.60543e-27 4.75656e-26 9.49417e-20 2.32738e-14 6.89644e-10 2.47019e-06 0.0010695 0.0559737 0.354105 0.271045 0.0413481 0.124295 0.114239 0.0184849 0.0134121 0.00424986 0.00132519 0.000362244 7.45308e-05 1.18239e-05 1.47507e-06 1.29885e-07 6.22851e-09 1.18176e-10
 2.56944e-27 2.60476e-27 4.69396e-26 9.36209e-20 2.295e-14 6.8005e-10 2.43583e-06 0.00105462 0.055195 0.349179 0.267291 0.0417731 0.130168 0.119604 0.018464 0.0120094 0.00375792 0.00111034 0.000310942 6.89841e-05 1.09069e-05 1.23138e-06 9.17292e-08 4.14667e-09 8.16735e-11
 2.56843e-27 2.60205e-27 4.45554e-26 8.85912e-20 2.17171e-14 6.43516e-10 2.30496e-06 0.000997962 0.0522297 0.33042 0.252976 0.0423495 0.144612 0.132968 0.0214819 0.0155244 0.00476912 0.0012468 0.000337146 7.22108e-05 1.20516e-05 1.40252e-06 9.57867e-08 3.6877e-09 6.80748e-11
 2.56723e-27 2.5988e-27 4.1683e-26 8.25317e-20 2.02316e-14 5.995e-10 2.14731e-06 0.000929702 0.0486573 0.307819 0.235731 0.0431614 0.162905 0.149856 0.0245852 0.018359 0.00575622 0.00168919 0.000446458 8.57463e-05 1.36599e-05 1.61761e-06 1.14738e-07 4.08767e-09 6.51464e-11
 2.56772e-27 2.60014e-27 4.29063e-26 8.51125e-20 2.08643e-14 6.18246e-10 2.21445e-06 0.000958774 0.0501788 0.317445 0.243071 0.0425357 0.152987 0.140762 0.024031 0.0193884 0.00612892 0.00186985 0.000514998 0.000107746 1.60428e-05 1.75077e-06 1.23855e-07 4.53113e-09 6.72962e-11
 2.56865e-27 2.60266e-27 4.51168e-26 8.97756e-20 2.20074e-14 6.52119e-10 2.33578e-06 0.0010113 0.052928 0.334837 0.256343 0.0420143 0.139695 0.12846 0.0211982 0.0160274 0.00515228 0.00172112 0.000485153 0.000106061 1.69812e-05 1.85128e-06 1.20014e-07 4.31208e-09 6.48189e-11
 2.56863e-27 2.60255e-27 4.49835e-26 8.94944e-20 2.19385e-14 6.50076e-10 2.32846e-06 0.00100814 0.0527622 0.333788 0.255548 0.0423853 0.143076 0.131507 0.0204112 0.0134571 0.00424906 0.00131742 0.000380443 8.99932e-05 1.50279e-05 1.7482e-06 1.1606e-07 3.88791e-09 5.6816e-11
 2.569e-27 2.60356e-27 4.58611e-26 9.13455e-20 2.23923e-14 6.63522e-10 2.37663e-06 0.00102899 0.0538535 0.340692 0.260818 0.0422337 0.13822 0.127005 0.0192466 0.0119263 0.00366082 0.000971959 0.000267714 6.01805e-05 1.0638e-05 1.32053e-06 9.33949e-08 3.21655e-09 4.46452e-11
 2.56919e-27 2.60408e-27 4.63098e-26 9.22922e-20 2.26243e-14 6.70399e-10 2.40126e-06 0.00103965 0.0544117 0.344223 0.263513 0.0421618 0.135779 0.12474 0.018617 0.0110578 0.00335635 0.000831566 0.000215683 4.21765e-05 6.98887e-06 8.80209e-07 6.69897e-08 2.46137e-09 3.50915e-11
 2.56941e-27 2.60467e-27 4.68452e-26 9.34216e-20 2.29012e-14 6.78603e-10 2.43064e-06 0.00105237 0.0550775 0.348435 0.266725 0.0418988 0.131522 0.120837 0.0183864 0.0115134 0.00347616 0.000822732 0.000207739 3.76929e-05 5.5559e-06 6.28231e-07 4.74244e-08 1.86249e-09 2.83172e-11
 2.56976e-27 2.6056e-27 4.76444e-26 9.51076e-20 2.33145e-14 6.9085e-10 2.47451e-06 0.00107137 0.0560715 0.354724 0.271526 0.0418615 0.127865 0.117413 0.0168921 0.00896813 0.00271932 0.000680522 0.00017118 2.96851e-05 4.12726e-06 4.16473e-07 2.77397e-08 1.06419e-09 1.7118e-11
 2.56968e-27 2.60539e-27 4.74676e-26 9.47345e-20 2.3223e-14 6.8814e-10 2.4648e-06 0.00106716 0.0558515 0.353332 0.270464 0.0418656 0.128642 0.118145 0.0172883 0.00968328 0.00287176 0.00060523 0.000150269 2.72239e-05 3.70136e-06 3.51073e-07 2.0879e-08 7.0567e-10 1.09829e-11
 2.57017e-27 2.60672e-27 4.86291e-26 9.71849e-20 2.38237e-14 7.05939e-10 2.52856e-06 0.00109477 0.0572962 0.362472 0.277438 0.0416186 0.121862 0.111864 0.0157204 0.00769017 0.00228863 0.000508666 0.000121903 1.91209e-05 2.60995e-06 2.49566e-07 1.39777e-08 4.2165e-10 5.80874e-12
 2.57012e-27 2.60659e-27 4.85203e-26 9.69554e-20 2.37674e-14 7.04272e-10 2.52258e-06 0.00109218 0.0571609 0.361615 0.276784 0.0416024 0.122198 0.112187 0.0160234 0.00829714 0.00243222 0.000471725 0.000111686 1.8106e-05 2.2596e-06 2.00285e-07 1.12913e-08 3.2317e-10 3.98203e-12
 2.56985e-27 2.60584e-27 4.784e-26 9.552e-20 2.34156e-14 6.93846e-10 2.48524e-06 0.00107601 0.0563147 0.356262 0.272702 0.0419382 0.127622 0.11716 0.0163235 0.00773063 0.00227558 0.000466539 0.000108127 1.56172e-05 1.94715e-06 1.66746e-07 8.55882e-09 2.40582e-10 2.8261e-12
 2.56981e-27 2.60572e-27 4.7738e-26 9.5305e-20 2.33629e-14 6.92284e-10 2.47964e-06 0.00107359 0.0561879 0.35546 0.27209 0.0419373 0.128045 0.117559 0.0165518 0.00814908 0.00237719 0.00044631 0.00010294 1.54682e-05 1.81007e-06 1.44937e-07 7.2524e-09 1.87828e-10 2.12233e-12
 2.56987e-27 2.60589e-27 4.78878e-26 9.5621e-20 2.34403e-14 6.94579e-10 2.48786e-06 0.00107715 0.0563742 0.356638 0.272989 0.0418936 0.127081 0.116669 0.01638 0.00798222 0.00233779 0.000455665 0.000103846 1.44921e-05 1.71068e-06 1.35157e-07 6.25676e-09 1.55312e-10 1.63757e-12
#obs surv len freq
 1.63612e-41 2.27083e-33 3.80978e-26 7.72616e-20 1.89398e-14 5.6122e-10 2.0102e-06 0.000870347 0.0455505 0.288166 0.220781 0.0442173 0.164394 0.139776 0.0437158 0.0356795 0.0117787 0.0040662 0.000882299 0.000114623 6.48766e-06 1.15699e-07 4.83152e-10 3.80097e-13 4.88365e-17
 1.89167e-41 2.62551e-33 4.40484e-26 8.93293e-20 2.1898e-14 6.48879e-10 2.32418e-06 0.00100629 0.0526652 0.333175 0.255162 0.0440207 0.133134 0.10719 0.0347708 0.0268071 0.00862375 0.00280875 0.000566311 6.49837e-05 3.06768e-06 4.29979e-08 1.34863e-10 7.73988e-14 7.12862e-18
 1.92351e-41 2.66971e-33 4.47899e-26 9.08329e-20 2.22666e-14 6.59801e-10 2.3633e-06 0.00102323 0.0535516 0.338783 0.259527 0.0470462 0.141152 0.106266 0.0273833 0.0176719 0.00554885 0.00169619 0.000315207 3.17634e-05 1.24319e-06 1.36618e-08 3.22097e-11 1.3516e-14 8.94997e-19
 1.97114e-41 2.73581e-33 4.5899e-26 9.30821e-20 2.2818e-14 6.76139e-10 2.42182e-06 0.00104856 0.0548777 0.347173 0.265996 0.0486856 0.13822 0.0979469 0.025937 0.015298 0.00370495 0.000937741 0.000158856 1.39212e-05 4.48535e-07 3.85121e-09 6.82501e-12 2.09872e-15 1.00217e-19
 1.75609e-41 2.43733e-33 4.08913e-26 8.29268e-20 2.03285e-14 6.02371e-10 2.1576e-06 0.000934165 0.0488905 0.309296 0.237271 0.0550011 0.17704 0.117835 0.0315383 0.0172523 0.00399611 0.000829099 0.00010544 7.66751e-06 2.01251e-07 1.34345e-09 1.78764e-12 4.03326e-16 1.39235e-20
 1.44999e-41 2.01249e-33 3.37638e-26 6.84722e-20 1.67852e-14 4.97375e-10 1.78152e-06 0.000771335 0.0403686 0.255386 0.196375 0.0624749 0.220929 0.140188 0.0493878 0.0269573 0.00592672 0.00111216 0.000114459 5.99914e-06 1.19435e-07 6.11412e-10 6.0898e-13 1.00807e-16 2.51959e-21
 2.08718e-41 2.89687e-33 4.8601e-26 9.85619e-20 2.41613e-14 7.15943e-10 2.56439e-06 0.00111029 0.0581083 0.367611 0.281751 0.0502911 0.1125 0.0691837 0.0343955 0.0190727 0.00497451 0.00091408 8.16705e-05 3.2738e-06 4.53431e-08 1.65391e-10 1.20561e-13 1.45761e-17 2.6371e-22
 1.9805e-41 2.7488e-33 4.61169e-26 9.35241e-20 2.29263e-14 6.79349e-10 2.43332e-06 0.00105354 0.0551383 0.348823 0.267755 0.0602951 0.152475 0.0821828 0.0195197 0.00908034 0.00301083 0.00060752 5.48254e-05 1.82846e-06 1.85102e-08 4.59603e-11 2.2955e-14 1.95539e-18 2.52776e-23
 2.01559e-41 2.7975e-33 4.69339e-26 9.5181e-20 2.33325e-14 6.91384e-10 2.47643e-06 0.00107221 0.0561151 0.355003 0.272597 0.0618176 0.145214 0.0745766 0.0229257 0.00879385 0.00155251 0.000299397 2.97202e-05 9.42865e-07 7.71605e-09 1.37742e-11 4.67252e-15 2.67839e-19 2.36674e-24
 1.72992e-41 2.40102e-33 4.02821e-26 8.16912e-20 2.00256e-14 5.93396e-10 2.12545e-06 0.000920246 0.048162 0.304694 0.234815 0.0761836 0.198991 0.0952221 0.0284894 0.0103539 0.00191451 0.000234262 1.73529e-05 5.37235e-07 3.9472e-09 5.604e-12 1.38105e-15 5.464e-20 3.26303e-25
 2.01995e-41 2.80356e-33 4.70355e-26 9.53871e-20 2.3383e-14 6.92882e-10 2.48179e-06 0.00107453 0.0562366 0.355775 0.273563 0.066676 0.139371 0.0662767 0.0290094 0.0100701 0.0017396 0.000196466 1.02251e-05 2.18991e-07 1.36462e-09 1.64664e-12 3.2162e-16 9.46425e-21 4.01964e-26
 1.85137e-41 2.56958e-33 4.31101e-26 8.74264e-20 2.14315e-14 6.35056e-10 2.27467e-06 0.000984852 0.0515432 0.326088 0.251666 0.0816005 0.17998 0.0753555 0.0230318 0.00788809 0.001677 0.000175915 7.7508e-06 1.16961e-07 4.88206e-10 4.45126e-13 6.94493e-17 1.60771e-21 5.18735e-27
 1.92872e-41 2.67693e-33 4.49111e-26 9.10788e-20 2.23269e-14 6.61586e-10 2.36969e-06 0.001026 0.0536966 0.339712 0.262225 0.0808974 0.160461 0.0667938 0.0263937 0.00743867 0.00121481 0.00013338 5.6067e-06 6.7729e-08 1.9882e-10 1.20133e-13 1.30153e-17 2.22718e-22 5.46322e-28
 1.6215e-41 2.25053e-33 3.77574e-26 7.65712e-20 1.87705e-14 5.56205e-10 1.99224e-06 0.000862569 0.0451435 0.285612 0.222372 0.104452 0.217145 0.0837089 0.0304645 0.0086551 0.00145423 0.000123319 4.58735e-06 4.9732e-08 1.15125e-10 4.96094e-14 3.61976e-18 4.14336e-23 6.99619e-29
 1.48141e-41 2.0561e-33 3.44954e-26 6.99559e-20 1.71489e-14 5.08153e-10 1.82012e-06 0.000788049 0.0412434 0.260948 0.204436 0.113277 0.224275 0.0941145 0.0467907 0.0120882 0.00188093 0.000151381 4.50769e-06 3.90516e-08 7.49664e-11 2.53976e-14 1.35925e-18 1.08587e-23 1.24445e-29
 1.71484e-41 2.38009e-33 3.9931e-26 8.09792e-20 1.98511e-14 5.88224e-10 2.10692e-06 0.000912225 0.0477423 0.302063 0.235614 0.103075 0.177117 0.0767349 0.0419405 0.0125048 0.00213837 0.000152486 3.92983e-06 2.68494e-08 3.9008e-11 1.02182e-14 4.22617e-19 2.53597e-24 2.10987e-30
 1.67482e-41 2.32453e-33 3.89989e-26 7.9089e-20 1.93877e-14 5.74494e-10 2.05774e-06 0.000890932 0.0466279 0.295027 0.231707 0.118837 0.192614 0.071162 0.0314547 0.00970296 0.00183411 0.000137454 3.10855e-06 1.7204e-08 1.92331e-11 3.72625e-15 1.13524e-19 5.07053e-25 3.14952e-31
 1.69588e-41 2.35378e-33 3.94895e-26 8.00839e-20 1.96316e-14 5.81721e-10 2.08363e-06 0.000902139 0.0472144 0.29875 0.235497 0.123867 0.184722 0.0698133 0.0304393 0.0074295 0.00126411 9.70079e-05 2.11719e-06 9.99591e-09 8.76794e-12 1.28286e-15 2.87615e-20 9.30517e-26 4.17285e-32
 1.67011e-41 2.318e-33 3.88892e-26 7.88666e-20 1.93332e-14 5.72879e-10 2.05196e-06 0.000888427 0.0464968 0.294231 0.233622 0.134945 0.186938 0.0676806 0.0277632 0.006469 0.000904341 5.78169e-05 1.15601e-06 4.87014e-09 3.54303e-12 4.03575e-16 6.78621e-21 1.61418e-26 5.2536e-33
 1.75911e-41 2.44153e-33 4.09618e-26 8.30696e-20 2.03636e-14 6.03409e-10 2.16131e-06 0.000935775 0.0489748 0.309923 0.246311 0.133633 0.167511 0.0619821 0.0247564 0.00528218 0.000654596 3.35259e-05 5.28216e-07 1.84981e-09 1.12338e-12 1.03534e-16 1.3564e-21 2.43627e-27 5.86023e-34
 1.71112e-41 2.37492e-33 3.98441e-26 8.08031e-20 1.98079e-14 5.86945e-10 2.10234e-06 0.000910241 0.0476386 0.301506 0.242249 0.148267 0.173028 0.0596612 0.0217597 0.00446563 0.000490907 2.07314e-05 2.50337e-07 6.59158e-10 3.09152e-13 2.24148e-17 2.3053e-22 3.20566e-28 5.86628e-35
 1.72776e-41 2.39802e-33 4.02317e-26 8.15891e-20 2.00006e-14 5.92654e-10 2.12279e-06 0.000919095 0.048102 0.304473 0.246179 0.152772 0.164421 0.0587728 0.0203098 0.003678 0.000357702 1.2667e-05 1.19092e-07 2.32663e-10 7.95193e-14 4.23582e-18 3.25191e-23 3.41252e-29 4.72764e-36
 1.72531e-41 2.39461e-33 4.01746e-26 8.14732e-20 1.99722e-14 5.91813e-10 2.11978e-06 0.00091779 0.0480339 0.304092 0.248253 0.161235 0.160138 0.0557786 0.0181722 0.00311209 0.00025815 7.49702e-06 5.56164e-08 8.18002e-11 2.03932e-14 7.80101e-19 4.28782e-24 3.23856e-30 3.25699e-37
 1.73496e-41 2.408e-33 4.03993e-26 8.19289e-20 2.00839e-14 5.95123e-10 2.13163e-06 0.000922924 0.0483027 0.305851 0.251897 0.166501 0.153106 0.054092 0.0165259 0.00260504 0.000190159 4.49273e-06 2.58154e-08 2.87207e-11 5.29188e-15 1.46744e-19 5.77392e-25 3.10095e-31 2.21262e-38
 1.68108e-41 2.33323e-33 3.91448e-26 7.93849e-20 1.94603e-14 5.76643e-10 2.06544e-06 0.000894265 0.0468031 0.296461 0.248693 0.180849 0.155269 0.0534357 0.0152278 0.00222164 0.000140472 2.72708e-06 1.21698e-08 1.01378e-11 1.37631e-15 2.78455e-20 7.92072e-26 3.05037e-32 1.55102e-39
 1.60673e-41 2.23003e-33 3.74133e-26 7.58735e-20 1.85995e-14 5.51137e-10 1.97408e-06 0.00085471 0.0447333 0.283498 0.243533 0.19594 0.158981 0.0556976 0.0147205 0.00193416 0.000105435 1.66969e-06 5.80831e-09 3.64628e-12 3.64314e-16 5.35438e-21 1.09953e-26 3.04573e-33 1.11032e-40
 1.59702e-41 2.21656e-33 3.71874e-26 7.54152e-20 1.84871e-14 5.47808e-10 1.96216e-06 0.000849548 0.0444635 0.281919 0.245808 0.199971 0.153869 0.0568716 0.0144331 0.00173238 7.9952e-05 1.02289e-06 2.76447e-09 1.30991e-12 9.68704e-17 1.03909e-21 1.54202e-27 3.06762e-34 8.00306e-42
 1.6417e-41 2.27857e-33 3.82278e-26 7.75251e-20 1.90044e-14 5.63135e-10 2.01706e-06 0.000873316 0.045708 0.28993 0.254864 0.199245 0.142812 0.0522222 0.0128325 0.001452 5.75098e-05 5.89549e-07 1.22753e-09 4.37799e-13 2.39736e-17 1.88224e-22 2.02767e-28 2.9099e-35 5.45005e-43
#pred catch len freq
 2.5632e-27 2.5885e-27 3.34709e-26 6.52112e-20 1.59857e-14 4.73686e-10 1.69666e-06 0.00073459 0.0384458 0.243219 0.186315 0.0376078 0.155356 0.143684 0.0373123 0.0494493 0.0230454 0.02022 0.0137478 0.0114005 0.00964952 0.00890927 0.00948224 0.00872191 0.00269719
 2.56679e-27 2.59779e-27 4.1032e-26 8.11593e-20 1.98952e-14 5.89531e-10 2.1116e-06 0.000914243 0.0478482 0.302701 0.231793 0.0412737 0.151306 0.139389 0.0268835 0.0263886 0.0105449 0.00706798 0.0039198 0.00272657 0.00200291 0.00164368 0.0015926 0.00149353 0.00050949
 2.5681e-27 2.60125e-27 4.39455e-26 8.73049e-20 2.14018e-14 6.34172e-10 2.2715e-06 0.000983472 0.0514714 0.325622 0.249303 0.0417266 0.142451 0.131105 0.0234815 0.020601 0.00703268 0.00305247 0.00131246 0.000687587 0.000393345 0.0002687 0.000226274 0.000205334 7.32347e-05
 2.56827e-27 2.60167e-27 4.42799e-26 8.80103e-20 2.15747e-14 6.39296e-10 2.28985e-06 0.000991418 0.0518872 0.328253 0.251315 0.041933 0.142609 0.131213 0.0228378 0.0190871 0.00628417 0.00233618 0.00076545 0.000260557 0.000102607 5.09895e-05 3.41748e-05 2.81416e-05 1.00933e-05
 2.5677e-27 2.6001e-27 4.2876e-26 8.50486e-20 2.08486e-14 6.17783e-10 2.21279e-06 0.000958055 0.0501412 0.317207 0.242889 0.0425011 0.152851 0.140637 0.0240113 0.0193857 0.00629458 0.00219987 0.00067069 0.000181825 4.42925e-05 1.33756e-05 5.99675e-06 4.03798e-06 1.39959e-06
 2.56603e-27 2.5956e-27 3.89238e-26 7.67112e-20 1.88048e-14 5.57221e-10 1.99587e-06 0.000864136 0.0452257 0.286111 0.219159 0.0434142 0.176473 0.162497 0.0290134 0.0252953 0.00815142 0.00273083 0.000808906 0.000203586 4.06595e-05 7.3219e-06 1.69541e-06 7.57657e-07 2.38651e-07
 2.56755e-27 2.59976e-27 4.26303e-26 8.45304e-20 2.07216e-14 6.14018e-10 2.19931e-06 0.000952217 0.0498356 0.315274 0.241407 0.04209 0.150765 0.138819 0.0256288 0.0235452 0.00775167 0.00284667 0.000837641 0.000201971 3.7753e-05 5.51787e-06 6.68786e-07 1.36635e-07 3.39309e-08
 2.56943e-27 2.60482e-27 4.70664e-26 9.38886e-20 2.30157e-14 6.81995e-10 2.44279e-06 0.00105764 0.0553528 0.350177 0.268044 0.0411699 0.125048 0.114995 0.0197338 0.0160899 0.00537126 0.00210792 0.000647354 0.000167251 3.04413e-05 4.13508e-06 3.79094e-07 3.11976e-08 4.24017e-09
 2.56936e-27 2.60456e-27 4.67863e-26 9.32976e-20 2.28708e-14 6.77702e-10 2.42742e-06 0.00105098 0.0550044 0.347973 0.266368 0.0416402 0.129804 0.119304 0.0190435 0.0134152 0.00431719 0.00146648 0.000456628 0.00012593 2.45473e-05 3.3679e-06 2.81876e-07 1.44294e-08 7.22151e-10
 2.56848e-27 2.60216e-27 4.46532e-26 8.87976e-20 2.17676e-14 6.45014e-10 2.31033e-06 0.00100029 0.0523514 0.331189 0.253564 0.0423672 0.144333 0.132696 0.0211651 0.0148743 0.00463384 0.00132588 0.000381165 9.44748e-05 1.92364e-05 2.83743e-06 2.43337e-07 1.0835e-08 2.61843e-10
 2.5687e-27 2.6028e-27 4.52399e-26 9.00354e-20 2.20711e-14 6.54006e-10 2.34254e-06 0.00101423 0.0530811 0.335806 0.257083 0.0419893 0.138984 0.127809 0.0211701 0.0161172 0.00502672 0.00143095 0.000387256 8.15751e-05 1.47435e-05 2.1454e-06 1.97551e-07 8.95443e-09 1.70787e-10
 2.56939e-27 2.60466e-27 4.68762e-26 9.34873e-20 2.29173e-14 6.7908e-10 2.43235e-06 0.00105311 0.0551162 0.34868 0.266907 0.0415686 0.128881 0.118466 0.019169 0.0139084 0.00440714 0.00137423 0.000375649 7.7289e-05 1.22614e-05 1.52966e-06 1.34692e-07 6.45901e-09 1.22549e-10
 2.56901e-27 2.60358e-27 4.58951e-26 9.14175e-20 2.24099e-14 6.64045e-10 2.3785e-06 0.0010298 0.053896 0.340961 0.261021 0.0421193 0.137207 0.126092 0.0194656 0.0126609 0.00396176 0.00117057 0.000327809 7.2726e-05 1.14985e-05 1.29817e-06 9.67049e-08 4.37159e-09 8.61037e-11
 2.56815e-27 2.60129e-27 4.38805e-26 8.71676e-20 2.13681e-14 6.33174e-10 2.26792e-06 0.000981925 0.0513904 0.32511 0.248925 0.0425665 0.149109 0.137115 0.0221519 0.0160086 0.00491785 0.00128568 0.00034766 7.44628e-05 1.24275e-05 1.44626e-06 9.8774e-08 3.8027e-09 7.01977e-11
 2.56705e-27 2.5983e-27 4.12454e-26 8.16086e-20 2.00054e-14 5.92795e-10 2.12329e-06 0.000919304 0.0481131 0.304377 0.233105 0.0433001 0.165806 0.152531 0.0250241 0.0186867 0.00585898 0.00171935 0.000454428 8.7277e-05 1.39038e-05 1.64648e-06 1.16786e-07 4.16064e-09 6.63093e-11
 2.56755e-27 2.59969e-27 4.25029e-26 8.42614e-20 2.06557e-14 6.12064e-10 2.19231e-06 0.000949187 0.049677 0.314271 0.24065 0.0426595 0.15563 0.143201 0.0244473 0.0197243 0.00623509 0.00190224 0.00052392 0.000109613 1.63207e-05 1.78109e-06 1.26e-07 4.60963e-09 6.84619e-11
 2.56857e-27 2.60244e-27 4.49249e-26 8.93708e-20 2.19082e-14 6.49178e-10 2.32525e-06 0.00100674 0.0526893 0.333327 0.255191 0.0420746 0.140963 0.129629 0.0213912 0.0161733 0.00519919 0.00173679 0.00048957 0.000107027 1.71358e-05 1.86813e-06 1.21106e-07 4.35134e-09 6.54091e-11
 2.5687e-27 2.60275e-27 4.51607e-26 8.98681e-20 2.20301e-14 6.5279e-10 2.33819e-06 0.00101235 0.0529825 0.335182 0.256612 0.0423269 0.141885 0.130409 0.0202407 0.0133447 0.00421357 0.00130642 0.000377266 8.92417e-05 1.49024e-05 1.7336e-06 1.15091e-07 3.85544e-09 5.63415e-11
 2.56908e-27 2.60377e-27 4.60447e-26 9.17328e-20 2.24872e-14 6.66336e-10 2.3867e-06 0.00103335 0.0540819 0.342137 0.26192 0.0421719 0.136976 0.125859 0.0190728 0.0118187 0.00362777 0.000963183 0.000265297 5.96371e-05 1.05419e-05 1.3086e-06 9.25516e-08 3.18751e-09 4.42421e-11
 2.56914e-27 2.60392e-27 4.61741e-26 9.20058e-20 2.25541e-14 6.68319e-10 2.39381e-06 0.00103643 0.0542428 0.343155 0.262698 0.042208 0.136704 0.125592 0.0187441 0.0111333 0.00337926 0.000837243 0.000217156 4.24645e-05 7.03659e-06 8.86218e-07 6.74471e-08 2.47817e-09 3.53311e-11
 2.56958e-27 2.60513e-27 4.72536e-26 9.42832e-20 2.31124e-14 6.84861e-10 2.45306e-06 0.00106208 0.0555855 0.351649 0.269177 0.0417614 0.128754 0.118286 0.0179982 0.0112703 0.00340279 0.000805365 0.000203354 3.68972e-05 5.43863e-06 6.1497e-07 4.64233e-08 1.82318e-09 2.77194e-11
 2.56978e-27 2.60566e-27 4.77046e-26 9.52347e-20 2.33456e-14 6.91773e-10 2.47781e-06 0.0010728 0.0561464 0.355198 0.271888 0.0418405 0.127451 0.117032 0.0168372 0.00893901 0.00271049 0.000678313 0.000170625 2.95888e-05 4.11386e-06 4.15121e-07 2.76497e-08 1.06073e-09 1.70625e-11
 2.56992e-27 2.60606e-27 4.80595e-26 9.59832e-20 2.35291e-14 6.9721e-10 2.49729e-06 0.00108123 0.0565877 0.357989 0.274017 0.041661 0.124589 0.114411 0.0167418 0.00937723 0.00278099 0.000586101 0.000145519 2.63635e-05 3.58437e-06 3.39977e-07 2.02191e-08 6.83366e-10 1.06357e-11
 2.57024e-27 2.60689e-27 4.87865e-26 9.75168e-20 2.39051e-14 7.0835e-10 2.53719e-06 0.00109851 0.0574919 0.363709 0.278383 0.0415629 0.120774 0.110862 0.0155796 0.00762129 0.00226814 0.00050411 0.000120811 1.89497e-05 2.58658e-06 2.47331e-07 1.38525e-08 4.17874e-10 5.75672e-12
 2.57032e-27 2.60713e-27 4.90075e-26 9.79831e-20 2.40194e-14 7.11737e-10 2.54932e-06 0.00110376 0.0577668 0.365448 0.279709 0.0414312 0.118841 0.109095 0.0155818 0.00806844 0.00236518 0.000458722 0.000108607 1.7607e-05 2.19732e-06 1.94764e-07 1.098e-08 3.14262e-10 3.87227e-12
 2.57007e-27 2.60642e-27 4.83591e-26 9.66153e-20 2.36841e-14 7.01801e-10 2.51373e-06 0.00108835 0.0569604 0.360347 0.275818 0.041753 0.124023 0.113847 0.0158618 0.00751197 0.00221122 0.000453343 0.000105068 1.51755e-05 1.89208e-06 1.62029e-07 8.31673e-09 2.33777e-10 2.74617e-12
 2.57004e-27 2.60636e-27 4.83089e-26 9.65094e-20 2.36581e-14 7.01032e-10 2.51098e-06 0.00108716 0.0568979 0.359952 0.275516 0.0417348 0.124097 0.113923 0.0160398 0.00789701 0.00230366 0.000432505 9.97559e-05 1.49897e-05 1.75408e-06 1.40454e-07 7.02807e-09 1.82018e-10 2.05668e-12
 2.57012e-27 2.60656e-27 4.84904e-26 9.68923e-20 2.3752e-14 7.03814e-10 2.52094e-06 0.00109147 0.0571237 0.36138 0.276606 0.0416795 0.12291 0.112828 0.0158408 0.00771945 0.00226083 0.000440665 0.000100428 1.4015e-05 1.65437e-06 1.30708e-07 6.05079e-09 1.502e-10 1.58366e-12
#obs catch len freq
 1.6234e-41 2.25317e-33 3.78016e-26 7.66609e-20 1.87925e-14 5.56856e-10 1.99457e-06 0.000863579 0.0451963 0.285925 0.219071 0.0442762 0.165889 0.141064 0.0442471 0.0361846 0.0120245 0.00419695 0.000928799 0.000123777 7.2564e-06 1.34774e-07 5.86486e-10 4.79806e-13 6.38756e-17
 1.64105e-41 2.27767e-33 3.82126e-26 7.74945e-20 1.89969e-14 5.62912e-10 2.01626e-06 0.00087297 0.0456878 0.289035 0.221508 0.0463231 0.168296 0.135551 0.0437038 0.0336505 0.0109394 0.00360194 0.000737654 8.65807e-05 4.20635e-06 6.09595e-08 1.97957e-10 1.17464e-13 1.11592e-17
 1.9044e-41 2.64318e-33 4.43448e-26 8.99304e-20 2.20454e-14 6.53245e-10 2.33982e-06 0.00101306 0.0530195 0.335417 0.256933 0.0457945 0.134984 0.102715 0.0344025 0.0248848 0.0078862 0.00243797 0.000460994 4.736e-05 1.89899e-06 2.14407e-08 5.19908e-11 2.24289e-14 1.52458e-18
 1.94293e-41 2.69666e-33 4.52421e-26 9.17502e-20 2.24915e-14 6.66463e-10 2.38716e-06 0.00103356 0.0540924 0.342205 0.26221 0.0489488 0.141726 0.100421 0.0265058 0.0161474 0.00499481 0.00144179 0.000249616 2.23121e-05 7.34162e-07 6.44513e-09 1.16827e-11 3.67303e-15 1.79177e-19
 1.9934e-41 2.76671e-33 4.64172e-26 9.41332e-20 2.30757e-14 6.83774e-10 2.44917e-06 0.0010604 0.0554973 0.351093 0.269067 0.0506287 0.137984 0.0918457 0.0249347 0.0137242 0.00324644 0.000783069 0.000122781 9.45569e-06 2.5361e-07 1.72593e-09 2.33933e-12 5.37262e-16 1.88658e-20
 1.78721e-41 2.48053e-33 4.1616e-26 8.43964e-20 2.06888e-14 6.13046e-10 2.19583e-06 0.00095072 0.0497569 0.314778 0.241572 0.0576135 0.175918 0.109785 0.0301162 0.0153064 0.00344693 0.000668955 7.90153e-05 5.03229e-06 1.08947e-07 5.72243e-10 5.79514e-13 9.7356e-17 2.46704e-21
 1.48935e-41 2.06712e-33 3.46802e-26 7.03308e-20 1.72408e-14 5.10875e-10 1.82987e-06 0.000792272 0.0414644 0.262319 0.20184 0.0660619 0.219465 0.13084 0.0474333 0.023749 0.00506544 0.000881298 8.26892e-05 3.78441e-06 6.20536e-08 2.4852e-10 1.87543e-13 2.3049e-17 4.22116e-22
 2.12146e-41 2.94445e-33 4.93992e-26 1.00181e-19 2.45581e-14 7.27702e-10 2.60651e-06 0.00112853 0.0590627 0.373649 0.286456 0.0520136 0.10978 0.0638195 0.0325906 0.0165567 0.004182 0.000700711 5.63626e-05 1.94146e-06 2.20551e-08 6.29072e-11 3.46521e-14 3.1026e-18 4.10578e-23
 2.02037e-41 2.80414e-33 4.70452e-26 9.54068e-20 2.33878e-14 6.93025e-10 2.4823e-06 0.00107475 0.0562482 0.355846 0.273262 0.0625483 0.147804 0.0742843 0.0179806 0.00792031 0.00252937 0.000462591 3.68158e-05 1.03774e-06 8.51862e-09 1.64879e-11 6.22218e-15 3.92112e-19 3.70224e-24
 2.05796e-41 2.85632e-33 4.79206e-26 9.71821e-20 2.3823e-14 7.0592e-10 2.52849e-06 0.00109475 0.0572948 0.362468 0.278454 0.0639597 0.139739 0.0671688 0.0209817 0.00732315 0.00126509 0.000227656 1.96137e-05 5.16144e-07 3.37401e-09 4.66115e-12 1.19243e-15 5.05681e-20 3.2625e-25
 1.78207e-41 2.47339e-33 4.14963e-26 8.41536e-20 2.06293e-14 6.11283e-10 2.18952e-06 0.000947985 0.0496137 0.313879 0.242093 0.0794519 0.191784 0.0858607 0.0260029 0.00865918 0.00152316 0.000170321 1.13212e-05 2.88332e-07 1.66668e-09 1.81264e-12 3.35358e-16 9.80681e-21 4.27803e-26
 2.06808e-41 2.87035e-33 4.81561e-26 9.76596e-20 2.39401e-14 7.09389e-10 2.54092e-06 0.00110013 0.0575764 0.364252 0.280238 0.0687525 0.13253 0.0596519 0.0261515 0.00824769 0.00135354 0.00013736 6.25844e-06 1.12131e-07 5.49318e-10 5.03192e-13 7.33145e-17 1.59006e-21 4.93133e-27
 1.90633e-41 2.64587e-33 4.43899e-26 9.00218e-20 2.20678e-14 6.53909e-10 2.3422e-06 0.00101409 0.0530734 0.335771 0.259373 0.0843901 0.170809 0.067034 0.0205627 0.0065496 0.00129619 0.000120628 4.57543e-06 5.6828e-08 1.87453e-10 1.29955e-13 1.50607e-17 2.55931e-22 6.01757e-28
 1.98359e-41 2.7531e-33 4.61889e-26 9.36702e-20 2.29621e-14 6.8041e-10 2.43712e-06 0.00105519 0.0552244 0.34938 0.269929 0.0832843 0.15121 0.059649 0.0232654 0.00598024 0.000927211 9.03652e-05 3.19826e-06 3.13343e-08 7.19996e-11 3.30796e-14 2.66442e-18 3.33987e-23 5.95217e-29
 1.68565e-41 2.33957e-33 3.92511e-26 7.96005e-20 1.95131e-14 5.7821e-10 2.07105e-06 0.000896694 0.0469294 0.296917 0.231553 0.108252 0.205401 0.0749818 0.0268544 0.00704019 0.00108903 8.19472e-05 2.57863e-06 2.23411e-08 4.00256e-11 1.30437e-14 7.06865e-19 5.92872e-24 7.26524e-30
 1.54976e-41 2.15096e-33 3.60868e-26 7.31833e-20 1.794e-14 5.31596e-10 1.90409e-06 0.000824405 0.0431461 0.272993 0.214327 0.117684 0.212534 0.0861505 0.0410875 0.00975021 0.0014002 9.84139e-05 2.45058e-06 1.69827e-08 2.50628e-11 6.37709e-15 2.52652e-19 1.47819e-24 1.23041e-30
 1.78209e-41 2.47342e-33 4.14967e-26 8.41545e-20 2.06295e-14 6.11289e-10 2.18954e-06 0.000947995 0.0496143 0.313913 0.245267 0.106 0.16592 0.0701054 0.0364741 0.0101075 0.0015508 9.60053e-05 2.04655e-06 1.10731e-08 1.23392e-11 2.42074e-15 7.38495e-20 3.23841e-25 1.9562e-31
 1.74366e-41 2.42009e-33 4.0602e-26 8.23399e-20 2.01847e-14 5.98109e-10 2.14233e-06 0.000927554 0.0485445 0.307163 0.241749 0.121803 0.179366 0.0639969 0.0271736 0.00786008 0.00132849 8.47776e-05 1.56326e-06 6.79806e-09 5.79185e-12 8.37855e-16 1.87929e-20 6.12074e-26 2.75504e-32
 1.76614e-41 2.45128e-33 4.11253e-26 8.34014e-20 2.04449e-14 6.05819e-10 2.16994e-06 0.000939511 0.0491703 0.311138 0.245813 0.126369 0.171133 0.0628208 0.0257648 0.00588283 0.000907151 5.89128e-05 1.03221e-06 3.78166e-09 2.51225e-12 2.73422e-16 4.50288e-21 1.06089e-26 3.44321e-33
 1.74135e-41 2.41687e-33 4.05481e-26 8.22307e-20 2.01579e-14 5.97315e-10 2.13948e-06 0.000926323 0.0484802 0.306797 0.244242 0.137253 0.17258 0.0606804 0.0233354 0.00503871 0.000630392 3.43472e-05 5.4859e-07 1.77471e-09 9.69732e-13 8.17776e-17 1.00753e-21 1.74259e-27 4.1012e-34
 1.82889e-41 2.53838e-33 4.25865e-26 8.63647e-20 2.11713e-14 6.27344e-10 2.24704e-06 0.000972892 0.0509175 0.322234 0.256748 0.135058 0.153689 0.0553602 0.0205137 0.00404235 0.000443075 1.91293e-05 2.40901e-07 6.4585e-10 2.92835e-13 1.98776e-17 1.90171e-22 2.47916e-28 4.30813e-35
 1.78255e-41 2.47406e-33 4.15074e-26 8.41762e-20 2.06348e-14 6.11447e-10 2.1901e-06 0.000948239 0.0496273 0.314117 0.253144 0.149381 0.158213 0.0529421 0.0179161 0.00337358 0.000324409 1.14186e-05 1.0938e-07 2.20105e-10 7.692e-14 4.09375e-18 3.0643e-23 3.08495e-29 4.07209e-36
 1.79948e-41 2.49756e-33 4.19018e-26 8.4976e-20 2.08309e-14 6.17256e-10 2.21091e-06 0.000957249 0.0500989 0.317142 0.257229 0.153232 0.149907 0.0519795 0.0164842 0.00272997 0.000230649 6.72881e-06 4.97673e-08 7.39562e-11 1.87971e-14 7.33841e-19 4.09153e-24 3.10085e-30 3.09167e-37
 1.79697e-41 2.49408e-33 4.18434e-26 8.48575e-20 2.08018e-14 6.16396e-10 2.20783e-06 0.000955915 0.0500292 0.316762 0.259478 0.161085 0.145559 0.049052 0.0146425 0.00226844 0.000161937 3.84657e-06 2.22749e-08 2.47909e-11 4.58325e-15 1.28308e-19 5.11638e-25 2.78723e-31 2.01394e-38
 1.80685e-41 2.50779e-33 4.20734e-26 8.53241e-20 2.09162e-14 6.19785e-10 2.21997e-06 0.00096117 0.0503045 0.318574 0.263294 0.165615 0.13882 0.0472795 0.0131665 0.00186623 0.000115979 2.21926e-06 9.89846e-09 8.297e-12 1.13028e-15 2.2899e-20 6.53075e-26 2.52841e-32 1.29552e-39
 1.75466e-41 2.43535e-33 4.08581e-26 8.28594e-20 2.0312e-14 6.01882e-10 2.15584e-06 0.000933407 0.0488518 0.3095 0.260636 0.179357 0.140597 0.0464392 0.0120342 0.00156414 8.34545e-05 1.30015e-06 4.47329e-09 2.79681e-12 2.80036e-16 4.13208e-21 8.5101e-27 2.36118e-33 8.61911e-41
 1.6818e-41 2.33423e-33 3.91616e-26 7.94189e-20 1.94686e-14 5.7689e-10 2.06633e-06 0.000894649 0.0468239 0.296828 0.256085 0.194021 0.144217 0.0482041 0.011523 0.00133897 6.10289e-05 7.69078e-07 2.05022e-09 9.6208e-13 7.07234e-17 7.5692e-22 1.12414e-27 2.24153e-34 5.86305e-42
 1.67249e-41 2.3213e-33 3.89447e-26 7.8979e-20 1.93608e-14 5.73695e-10 2.05488e-06 0.000889694 0.0465652 0.295344 0.258622 0.197445 0.139758 0.0489706 0.0111848 0.00117429 4.49158e-05 4.53832e-07 9.34696e-10 3.29851e-13 1.79042e-17 1.39641e-22 1.49732e-28 2.1428e-35 4.00891e-43
#spawning biomass
 10284.9 6624.8 7710.1 11173.4 14918.2 17439.4 16002.4 20678.2 33102.2 46147.9 58566.4 76999 98590 124081 121939 106183 101429 99314.6 91507.6 88157.9 95254.3 93481.2 103050 101949 117899 120485 119376 116754 115141 224865 252404 247899 225976 198121 171104 148004 129654 115757 105574 98284 93155.2 89591.7 87125.5 85403.5 84257.6 83495.1 82987.6 82649.9 82425.2 82275.7 82176.2 82110 82065.9 82036.6 82017.1 82004.1 81995.4 81989.7 81985.9 81983.3 81981.6 81980.5 81979.7 81979.2 81978.9 81978.7 81978.5 81978.4 81978.4 81978.3 81978.3 81978.3 81978.3 81978.3 81978.3 81978.2 81978.2 81978.2 81978.2 81978.2 81978.2 81978.2 81978.2 81978.2 81978.2 81978.2 81978.2 81978.2 81978.2 81978.2 81978.2 81978.2 81978.2 81978.2 81978.2 81978.2 81978.2 81978.2 81978.2 81978.2 81978.2 81978.2 81978.2 81978.2 81978.2 81978.2 81978.2 81978.2 81978.2 81978.2 81978.2 81978.2 81978.2 81978.2 81978.2 81978.2 81978.2 81978.2 81978.2 81978.2 81978.2 81978.2 81978.2 81978.2 81978.2 81978.2 81978.2 81978.2 0 0 0 0 0 0 0 0 0 0 0 0 0 0 0 0 0 0 0 0 0 0 0 0 0
