SBPRF35
1.84125
Curr Bio
128285
B35
1.22817e+06
F35
0.146467
FOFL
0
OFL
0
Bzero
526071
#pred survey bio
 12067 10534.5 13306.9 17104.3 22518.3 27430.6 31408.4 37505.1 45013.3 55460.1 67594.4 74959.7 100583 116800 123826 107192 100422 95448 99678.6 93611.7 96142.1 109795 114950 118865 126482 123257 116756 105427 102515 1.79741e+06 3.2989e+06 4.77094e+06 5.61583e+06 5.97465e+06 6.02481e+06 5.89888e+06 5.68726e+06 5.44697e+06 5.21099e+06 4.99627e+06 4.80978e+06 4.65268e+06 4.52303e+06 4.41517e+06 4.32232e+06 4.25056e+06 4.19501e+06 4.15195e+06 4.11851e+06 4.09248e+06 4.07219e+06 4.05633e+06 4.0439e+06 4.03413e+06 4.02642e+06 4.02033e+06 4.01549e+06 4.01164e+06 4.00855e+06 4.00606e+06 4.00405e+06 4.00242e+06 4.00109e+06 4e+06 3.99909e+06 3.99834e+06 3.99772e+06 3.99719e+06 3.99675e+06 3.99638e+06 3.99606e+06 3.99578e+06 3.99555e+06 3.99535e+06 3.99517e+06 3.99502e+06 3.99489e+06 3.99477e+06 3.99467e+06 3.99458e+06 3.99451e+06 3.99444e+06 3.99438e+06 3.99432e+06 3.99428e+06 3.99424e+06 3.9942e+06 3.99417e+06 3.99414e+06 3.99411e+06 3.99409e+06 3.99407e+06 3.99405e+06 3.99403e+06 3.99402e+06 3.99401e+06 3.994e+06 3.99399e+06 3.99398e+06 3.99397e+06 3.99396e+06 3.99396e+06 3.99395e+06 3.99395e+06 3.99394e+06 3.99394e+06 3.99393e+06 3.99393e+06 3.99393e+06 3.99393e+06 3.99392e+06 3.99392e+06 3.99392e+06 3.99392e+06 3.99392e+06 3.99392e+06 3.99391e+06 3.99391e+06 3.99391e+06 3.99391e+06 3.99391e+06 3.99391e+06 3.99391e+06 3.99391e+06 3.99391e+06 3.99391e+06 3.99391e+06 3.99391e+06 3.99391e+06 0 0 0 0 0 0 0 0 0 0 0 0 0 0 0 0 0 0 0 0 0 0 0 0 0
#obs survey bio
 10954.8 9351.17 17392.1 20223.2 17518.6 26729.2 23558.7 40181 51681.2 46092.5 49941.6 84278.4 92385.8 98930.5 95121.1 66279.8 92543.2 87528.5 82931.6 88359.1 85438.8 121108 119934 103975 92108.5 122620 85642.9 120888 75533.1
#pred catch bio
 7804.78 5750.71 7019.53 9724.76 14360 17913.5 19924.6 24194.5 30628.9 39856 53937.9 56873.9 82657.1 94446.7 108475 93878.9 89528.3 82400.2 88546.5 81342.8 81371.5 95398.3 100244 104399 116321 111818 108304 94727.6 106532 0 16219.7 28132.3 33773.8 35783.8 35866.8 34884.1 33388 31732.5 30125.1 28672.6 27417.8 26366.2 25502.9 24793.1 24196.8 23738.2 23385.5 23114.3 22905.7 22745.4 22622 22527.1 22454.2 22398.1 22354.9 22321.8 22296.2 22276.6 22261.5 22249.9 22241 22234.1 22228.9 22224.8 22221.7 22219.3 22217.4 22216 22214.9 22214.1 22213.4 22212.9 22212.6 22212.3 22212 22211.9 22211.7 22211.6 22211.6 22211.5 22211.4 22211.4 22211.4 22211.4 22211.3 22211.3 22211.3 22211.3 22211.3 22211.3 22211.3 22211.3 22211.3 22211.3 22211.3 22211.3 22211.3 22211.3 22211.3 22211.3 22211.3 22211.3 22211.3 22211.3 22211.3 22211.3 22211.3 22211.3 22211.3 22211.3 22211.3 22211.3 22211.3 22211.3 22211.3 22211.3 22211.3 22211.3 22211.3 22211.3 22211.3 22211.3 22211.3 22211.3 22211.3 22211.3 22211.3 22211.3 22211.3 0 0 0 0 0 0 0 0 0 0 0 0 0 0 0 0 0 0 0 0 0 0 0 0 0
#obs catch bio
 6405.93 5741.63 6834.12 9614.91 14607.3 17493.3 19603.8 23778.8 30057.4 39304.2 52985.2 56318.2 80559.3 92667.6 108787 95023.6 87581.1 81184.4 86462.1 78681.3 78529.8 92963.1 96717.7 99765 113644 108818 103676 91861.8 105811
#pred cpue bio
 9001.26 7309.15 8410.07 10865.6 14710.9 17556.4 19823.8 23475.7 27539.1 31761.2 39642.8 42838.7 55897 66725.3 77011 65624.7 59104 54845.5 56917.5 53887.4 52675.3 58853.7 62532.9 62833 66403.9 65729.5 64851.4 56740 56663.4 856291 2.59539e+06 4.56126e+06 5.5002e+06 5.84738e+06 5.88689e+06 5.75681e+06 5.54385e+06 5.30317e+06 5.06708e+06 4.85233e+06 4.66582e+06 4.50872e+06 4.37907e+06 4.27121e+06 4.17836e+06 4.1066e+06 4.05105e+06 4.00799e+06 3.97455e+06 3.94852e+06 3.92823e+06 3.91237e+06 3.89994e+06 3.89017e+06 3.88246e+06 3.87637e+06 3.87153e+06 3.86768e+06 3.86459e+06 3.8621e+06 3.86009e+06 3.85846e+06 3.85713e+06 3.85604e+06 3.85513e+06 3.85438e+06 3.85376e+06 3.85323e+06 3.85279e+06 3.85242e+06 3.8521e+06 3.85182e+06 3.85159e+06 3.85139e+06 3.85121e+06 3.85106e+06 3.85093e+06 3.85081e+06 3.85071e+06 3.85062e+06 3.85055e+06 3.85048e+06 3.85042e+06 3.85036e+06 3.85032e+06 3.85028e+06 3.85024e+06 3.85021e+06 3.85018e+06 3.85015e+06 3.85013e+06 3.85011e+06 3.85009e+06 3.85007e+06 3.85006e+06 3.85005e+06 3.85004e+06 3.85003e+06 3.85002e+06 3.85001e+06 3.85e+06 3.85e+06 3.84999e+06 3.84999e+06 3.84998e+06 3.84998e+06 3.84997e+06 3.84997e+06 3.84997e+06 3.84997e+06 3.84996e+06 3.84996e+06 3.84996e+06 3.84996e+06 3.84996e+06 3.84996e+06 3.84995e+06 3.84995e+06 3.84995e+06 3.84995e+06 3.84995e+06 3.84995e+06 3.84995e+06 3.84995e+06 3.84995e+06 3.84995e+06 3.84995e+06 3.84995e+06 3.84995e+06 0 0 0 0 0 0 0 0 0 0 0 0 0 0 0 0 0 0 0 0 0 0 0 0 0
#obs cpue bio
 8616.08 8461.05 11886.1 7296.94 14656.2 34843.9 31184.1 28181 37991.3 42074.8 66140.8 50692.6 86646.9 91023.9 90453.9 97484.7 89612.8 81310.4 90047 110764 100874 72699.4 122899 143119 112173 101586 181740 83208.9 99142.2
#pred surv len freq
 2.56112e-27 2.58295e-27 2.8524e-26 5.47751e-20 1.34274e-14 3.97879e-10 1.42514e-06 0.00061703 0.0322931 0.204296 0.156629 0.0398138 0.193002 0.178514 0.0452543 0.0587477 0.025138 0.0191733 0.0117232 0.00887363 0.00694259 0.00599625 0.00601623 0.00533848 0.00163025
 2.56356e-27 2.58972e-27 3.45527e-26 6.7493e-20 1.65451e-14 4.90261e-10 1.75603e-06 0.000760295 0.0397911 0.25173 0.192816 0.0377096 0.151569 0.140934 0.0507676 0.0805109 0.0275375 0.0117706 0.00522446 0.00294549 0.00186896 0.0013804 0.0012276 0.0010906 0.000365124
 2.56609e-27 2.59632e-27 4.01124e-26 7.92208e-20 1.942e-14 5.7545e-10 2.06116e-06 0.000892405 0.0467053 0.295471 0.226231 0.0387012 0.135637 0.125597 0.0365333 0.0520474 0.021059 0.0137625 0.0044855 0.0014271 0.000595576 0.000332683 0.000244535 0.000204319 7.08737e-05
 2.56463e-27 2.59219e-27 3.62775e-26 7.113e-20 1.74367e-14 5.16679e-10 1.85066e-06 0.000801265 0.0419353 0.265295 0.20323 0.0412385 0.171107 0.158106 0.0383114 0.0477651 0.0173983 0.00909018 0.00373896 0.00143936 0.000333558 0.000104158 5.36567e-05 3.85758e-05 1.32578e-05
 2.56417e-27 2.59112e-27 3.54944e-26 6.94785e-20 1.70318e-14 5.04683e-10 1.80769e-06 0.000782661 0.0409616 0.259135 0.198507 0.0400204 0.165156 0.153007 0.0445495 0.0632326 0.0214176 0.00871293 0.00302964 0.00107727 0.000319561 6.31507e-05 1.54799e-05 7.91823e-06 2.55305e-06
 2.5647e-27 2.59248e-27 3.66258e-26 7.1865e-20 1.76168e-14 5.22018e-10 1.86978e-06 0.000809544 0.0423686 0.268036 0.205309 0.0403584 0.162949 0.150787 0.0408284 0.05535 0.0197241 0.00946966 0.00294973 0.000803304 0.000202681 4.47495e-05 6.59388e-06 1.53456e-06 4.11874e-07
 2.56474e-27 2.59248e-27 3.65308e-26 7.16644e-20 1.75677e-14 5.20561e-10 1.86456e-06 0.000807285 0.0422504 0.267288 0.20475 0.0411186 0.169127 0.156356 0.0394456 0.050733 0.0173838 0.00738468 0.00245285 0.000725767 0.000145242 2.59281e-05 3.66004e-06 3.94683e-07 6.19129e-08
 2.56515e-27 2.5936e-27 3.7536e-26 7.37849e-20 1.80875e-14 5.35964e-10 1.91973e-06 0.000831172 0.0435005 0.275196 0.210782 0.040672 0.16149 0.149362 0.0391776 0.0518627 0.01742 0.00683581 0.00213022 0.000587121 0.000127798 1.9837e-05 2.20612e-06 1.76584e-07 1.20949e-08
 2.56563e-27 2.59484e-27 3.85579e-26 7.59405e-20 1.86159e-14 5.51622e-10 1.97582e-06 0.000855454 0.0447714 0.283236 0.216926 0.0409975 0.159651 0.147522 0.0362548 0.0456537 0.0154416 0.00622494 0.00187884 0.000474079 9.46347e-05 1.49643e-05 1.49453e-06 9.13575e-08 3.52344e-09
 2.5672e-27 2.59897e-27 4.20889e-26 8.3389e-20 2.04418e-14 6.05727e-10 2.16961e-06 0.000939359 0.0491627 0.311017 0.238138 0.0409543 0.144419 0.133263 0.0300742 0.0350946 0.0114326 0.00395741 0.00118399 0.000298458 5.53337e-05 7.94933e-06 7.73298e-07 4.16998e-08 1.1308e-09
 2.56569e-27 2.59474e-27 3.82177e-26 7.52219e-20 1.84397e-14 5.46402e-10 1.95712e-06 0.000847359 0.0443477 0.280556 0.214913 0.0431417 0.177382 0.163463 0.0314797 0.0306641 0.00957838 0.00269165 0.000737734 0.000161651 2.94597e-05 4.00598e-06 3.52689e-07 1.79633e-08 4.1344e-10
 2.56665e-27 2.59737e-27 4.0575e-26 8.01948e-20 1.96588e-14 5.82525e-10 2.08651e-06 0.000903378 0.0472795 0.299103 0.229061 0.0421878 0.160183 0.147674 0.030178 0.03164 0.00940865 0.00184263 0.000444529 7.84365e-05 1.22863e-05 1.54079e-06 1.28349e-07 5.93656e-09 1.25776e-10
 2.5674e-27 2.59937e-27 4.23229e-26 8.3882e-20 2.05627e-14 6.09308e-10 2.18244e-06 0.000944913 0.0494534 0.312856 0.239556 0.0418484 0.150227 0.138434 0.0275947 0.0280864 0.00852183 0.00195992 0.000450147 5.74455e-05 7.21105e-06 7.33659e-07 5.41574e-08 2.33329e-09 4.50379e-11
 2.56596e-27 2.59536e-27 3.86608e-26 7.61563e-20 1.86688e-14 5.5319e-10 1.98143e-06 0.000857885 0.0448986 0.284041 0.217586 0.0438587 0.180961 0.166585 0.0287866 0.0237062 0.00701219 0.00134898 0.000308022 4.32068e-05 4.57757e-06 3.35719e-07 1.92657e-08 7.1392e-10 1.26387e-11
 2.5637e-27 2.58938e-27 3.3527e-26 6.53266e-20 1.6014e-14 4.74525e-10 1.69967e-06 0.000735891 0.0385139 0.24365 0.186747 0.0440514 0.204094 0.18827 0.0387393 0.0409263 0.0119197 0.00189514 0.000401078 4.91233e-05 5.31987e-06 3.75373e-07 1.56179e-08 4.28959e-10 6.39076e-12
 2.5647e-27 2.59216e-27 3.60481e-26 7.06452e-20 1.73178e-14 5.13158e-10 1.83805e-06 0.000795803 0.0416495 0.263486 0.201874 0.0427984 0.183931 0.169768 0.03735 0.0424363 0.0126984 0.00258868 0.000559742 5.68163e-05 5.38133e-06 3.51563e-07 1.42971e-08 2.98689e-10 3.21508e-12
 2.5656e-27 2.5945e-27 3.80201e-26 7.4805e-20 1.83375e-14 5.43374e-10 1.94627e-06 0.000842663 0.0441019 0.279001 0.213725 0.0430851 0.177786 0.163881 0.032386 0.0326045 0.00984034 0.00217794 0.000497927 6.20623e-05 5.72278e-06 3.08765e-07 1.1166e-08 2.20559e-10 1.87716e-12
 2.56593e-27 2.59531e-27 3.86468e-26 7.61269e-20 1.86616e-14 5.52976e-10 1.98067e-06 0.000857553 0.0448812 0.283931 0.217498 0.0436025 0.179073 0.16491 0.0297021 0.0262095 0.00767328 0.00132438 0.00029178 3.89034e-05 4.03139e-06 2.45022e-07 7.70439e-09 1.30457e-10 1.0159e-12
 2.56625e-27 2.5962e-27 3.94623e-26 7.78473e-20 1.90833e-14 5.65473e-10 2.02543e-06 0.000876934 0.0458955 0.290348 0.222391 0.0431557 0.172236 0.158654 0.0295527 0.0274378 0.00795205 0.00121939 0.000249894 2.71237e-05 2.74984e-06 1.84767e-07 6.62623e-09 1.06088e-10 7.03419e-13
 2.56564e-27 2.59447e-27 3.78675e-26 7.44826e-20 1.82585e-14 5.41033e-10 1.93789e-06 0.000839031 0.0439119 0.277799 0.212825 0.0441845 0.186786 0.171948 0.0295106 0.0239961 0.00692828 0.00104075 0.000207906 1.98352e-05 1.72981e-06 1.00543e-07 3.81765e-09 6.89756e-11 4.56596e-13
 2.56745e-27 2.59946e-27 4.23419e-26 8.39219e-20 2.05725e-14 6.09599e-10 2.18348e-06 0.000945363 0.0494769 0.313005 0.239678 0.0423294 0.153802 0.141635 0.0264028 0.0245356 0.00703718 0.00094894 0.000183339 1.72474e-05 1.41518e-06 6.99648e-08 2.24639e-09 4.0302e-11 2.95383e-13
 2.56762e-27 2.59983e-27 4.25909e-26 8.4447e-20 2.07012e-14 6.13412e-10 2.19714e-06 0.000951278 0.0497864 0.314963 0.241183 0.0429537 0.157495 0.144869 0.0238205 0.0178418 0.00515933 0.000801416 0.000159033 1.35827e-05 1.06444e-06 5.05022e-08 1.41836e-09 2.13098e-11 1.48135e-13
 2.56705e-27 2.59825e-27 4.11569e-26 8.14217e-20 1.99595e-14 5.91437e-10 2.11843e-06 0.000917198 0.0480028 0.303679 0.232578 0.0436457 0.168807 0.155251 0.0246178 0.0170394 0.0048049 0.000545574 9.93286e-05 9.42381e-06 7.41694e-07 3.2151e-08 8.58678e-10 1.15506e-11 6.76439e-14
 2.56793e-27 2.60068e-27 4.33337e-26 8.60138e-20 2.10852e-14 6.24794e-10 2.23791e-06 0.000968928 0.0507102 0.320807 0.245642 0.0427838 0.153069 0.140778 0.0229714 0.016927 0.00475453 0.000495647 8.38378e-05 6.07224e-06 4.40264e-07 2.05131e-08 5.20059e-10 6.4984e-12 3.4528e-14
 2.56788e-27 2.60049e-27 4.31256e-26 8.55747e-20 2.09776e-14 6.21604e-10 2.22648e-06 0.000963982 0.0504513 0.319169 0.244399 0.0432156 0.157229 0.144526 0.021982 0.013731 0.00384853 0.000409132 6.91953e-05 4.59401e-06 2.85291e-07 1.04937e-08 2.65785e-10 3.30923e-12 1.6329e-14
 2.56732e-27 2.59892e-27 4.17043e-26 8.25762e-20 2.02426e-14 5.99823e-10 2.14847e-06 0.000930204 0.0486835 0.307986 0.23587 0.0439085 0.168494 0.154859 0.0226827 0.012726 0.00351493 0.000296365 4.437e-05 2.93654e-06 1.77232e-07 5.70472e-09 1.15729e-10 1.29142e-12 6.38156e-15
 2.56634e-27 2.59631e-27 3.94229e-26 7.77635e-20 1.90628e-14 5.64864e-10 2.02325e-06 0.00087599 0.0458461 0.290036 0.222171 0.0443308 0.181333 0.166774 0.0260276 0.0173478 0.00480352 0.00039316 5.67364e-05 3.12612e-06 1.64244e-07 5.18964e-09 9.66268e-11 8.81756e-13 3.70137e-15
 2.56737e-27 2.59912e-27 4.19359e-26 8.30651e-20 2.03624e-14 6.03374e-10 2.16119e-06 0.000935711 0.0489717 0.309809 0.237254 0.0433583 0.163334 0.150216 0.0240021 0.0168996 0.00471176 0.000435132 6.73345e-05 3.60383e-06 1.74595e-07 4.51634e-09 7.66619e-11 6.57313e-13 2.33783e-15
 2.56651e-27 2.59678e-27 3.98366e-26 7.86363e-20 1.92767e-14 5.71204e-10 2.04596e-06 0.000885822 0.0463607 0.293291 0.224654 0.0441738 0.178393 0.164067 0.0256427 0.0171551 0.00480258 0.000487769 7.9969e-05 4.76782e-06 2.51136e-07 6.20209e-09 9.11401e-11 6.63609e-13 2.18691e-15
#obs surv len freq
 1.08159e-41 1.50117e-33 2.51853e-26 5.10753e-20 1.25205e-14 3.71005e-10 1.32888e-06 0.000575359 0.030112 0.190498 0.146171 0.0401012 0.173146 0.146547 0.104018 0.102086 0.0446146 0.0175821 0.00400806 0.000511964 2.68608e-05 4.15963e-07 1.42494e-09 8.81494e-13 8.64941e-17
 1.60264e-41 2.22436e-33 3.73183e-26 7.56807e-20 1.85522e-14 5.49737e-10 1.96907e-06 0.000852538 0.0446185 0.28227 0.216262 0.0405784 0.126137 0.101873 0.0761955 0.069069 0.0292329 0.0105201 0.00214562 0.000233694 9.97169e-06 1.19696e-07 3.0614e-10 1.37968e-13 9.71393e-18
 1.53628e-41 2.13226e-33 3.5773e-26 7.25469e-20 1.7784e-14 5.26973e-10 1.88753e-06 0.000817236 0.0427709 0.270582 0.20757 0.0500557 0.176982 0.128961 0.0562694 0.0423954 0.0170142 0.00550076 0.000987068 9.01253e-05 3.06875e-06 2.82083e-08 5.36e-11 1.75803e-14 8.89089e-19
 1.07506e-41 1.49211e-33 2.50333e-26 5.07671e-20 1.24449e-14 3.68767e-10 1.32086e-06 0.000571888 0.0299303 0.18935 0.145771 0.0564425 0.230076 0.163034 0.0982951 0.0660433 0.0159636 0.00387633 0.00059824 4.50333e-05 1.20407e-06 8.35721e-09 1.16943e-11 2.78097e-15 1.00936e-19
 1.50051e-41 2.08261e-33 3.494e-26 7.08577e-20 1.73699e-14 5.14703e-10 1.84358e-06 0.000798207 0.041775 0.264282 0.202791 0.0471795 0.142148 0.104188 0.104304 0.0693973 0.0191986 0.00358337 0.000333531 1.88446e-05 3.88178e-07 2.00871e-09 2.04925e-12 3.50874e-16 9.10427e-21
 1.19717e-41 1.6616e-33 2.78767e-26 5.65334e-20 1.38585e-14 4.10653e-10 1.47089e-06 0.000636845 0.0333299 0.210858 0.162553 0.0648942 0.230991 0.143972 0.0788527 0.0502638 0.0194876 0.00384339 0.000305314 1.04988e-05 1.43018e-07 5.34548e-10 3.93452e-13 4.81451e-17 8.8787e-22
 1.37774e-41 1.91222e-33 3.20814e-26 6.50604e-20 1.59488e-14 4.72592e-10 1.69275e-06 0.000732902 0.0383572 0.242662 0.186716 0.0578932 0.174878 0.116471 0.109694 0.056939 0.0128927 0.00252772 0.000228408 6.6084e-06 5.6653e-08 1.31412e-10 6.57354e-14 5.65439e-18 7.35919e-23
 1.19436e-41 1.65769e-33 2.78112e-26 5.64005e-20 1.38259e-14 4.09687e-10 1.46743e-06 0.000635348 0.0332516 0.210365 0.162623 0.0722631 0.22727 0.133348 0.0937578 0.0494556 0.0148038 0.00208256 0.000138082 3.91855e-06 2.82501e-08 4.3456e-11 1.3343e-14 7.38017e-19 6.50466e-24
 1.51363e-41 2.10082e-33 3.52456e-26 7.14775e-20 1.75219e-14 5.19205e-10 1.85971e-06 0.000805189 0.0421404 0.266598 0.205381 0.0643894 0.166871 0.104016 0.0964428 0.0422866 0.00960165 0.00138415 8.10942e-05 1.62626e-06 9.70489e-09 1.22733e-11 2.69062e-15 9.57579e-20 5.31817e-25
 1.51957e-41 2.10906e-33 3.53839e-26 7.17578e-20 1.75906e-14 5.21241e-10 1.867e-06 0.000808347 0.0423057 0.267647 0.206803 0.0779828 0.198481 0.103651 0.0660729 0.0283817 0.00703545 0.000790627 3.82635e-05 6.50655e-07 2.81283e-09 2.63939e-12 4.51313e-16 1.20924e-20 4.70723e-26
 1.10133e-41 1.52857e-33 2.56449e-26 5.20073e-20 1.2749e-14 3.77776e-10 1.35313e-06 0.000585859 0.0306615 0.193989 0.151634 0.0973305 0.258379 0.13583 0.0943955 0.0313186 0.00530622 0.000544916 2.22917e-05 2.88966e-07 9.75069e-10 6.72204e-13 8.15703e-17 1.59183e-21 4.61278e-27
 1.66336e-41 2.30863e-33 3.8732e-26 7.85478e-20 1.92551e-14 5.70563e-10 2.04366e-06 0.000884835 0.0463088 0.292973 0.22621 0.0712446 0.144786 0.0942129 0.089834 0.0286232 0.00457886 0.000331602 9.9823e-06 1.03628e-07 2.61525e-10 1.32908e-13 1.17938e-17 1.63886e-22 3.34158e-28
 1.33822e-41 1.85736e-33 3.11611e-26 6.3194e-20 1.54913e-14 4.59034e-10 1.64419e-06 0.000711876 0.0372568 0.235722 0.184672 0.110528 0.242823 0.106582 0.0572811 0.0202178 0.00393815 0.00026089 5.91026e-06 4.18859e-08 7.69631e-11 2.87227e-14 1.8347e-18 1.82802e-23 2.66554e-29
 1.11682e-41 1.55008e-33 2.60058e-26 5.27392e-20 1.29284e-14 3.83092e-10 1.37217e-06 0.000594103 0.031093 0.196735 0.155494 0.111922 0.235318 0.137862 0.103844 0.0239801 0.00294792 0.000204189 4.5504e-06 2.50553e-08 3.14055e-11 7.99161e-15 3.60399e-19 2.55908e-24 2.64801e-30
 8.75234e-42 1.21477e-33 2.03802e-26 4.13307e-20 1.01317e-14 3.00222e-10 1.07535e-06 0.000465588 0.0243671 0.154196 0.124271 0.123298 0.248986 0.159957 0.124796 0.034765 0.00468708 0.000206819 3.51531e-06 1.76538e-08 1.79904e-11 3.26289e-15 9.92925e-20 4.77578e-25 3.41766e-31
 1.40908e-41 1.95572e-33 3.28112e-26 6.65404e-20 1.63116e-14 4.83342e-10 1.73125e-06 0.000749573 0.0392297 0.248214 0.194582 0.0943372 0.159544 0.127004 0.102578 0.0293361 0.00422059 0.000199649 2.68501e-06 9.22578e-09 7.36042e-12 1.08127e-15 2.49741e-20 8.51743e-26 4.16411e-32
 9.73707e-42 1.35144e-33 2.26732e-26 4.59809e-20 1.12717e-14 3.34e-10 1.19633e-06 0.000517971 0.0271086 0.171582 0.141481 0.162096 0.272775 0.126307 0.0723597 0.0223722 0.00324303 0.00015273 2.01815e-06 5.87701e-09 3.33069e-12 3.43207e-16 5.91729e-21 1.54302e-26 5.65661e-33
 1.43418e-41 1.99055e-33 3.33956e-26 6.77256e-20 1.66021e-14 4.91951e-10 1.76209e-06 0.000762924 0.0399285 0.252661 0.199996 0.10798 0.161497 0.136102 0.0840819 0.0152534 0.00165889 7.58036e-05 9.41076e-07 2.49445e-09 1.20344e-12 9.48372e-17 1.1534e-21 2.0914e-27 5.4682e-34
 1.00388e-41 1.39332e-33 2.33759e-26 4.74059e-20 1.1621e-14 3.44351e-10 1.23341e-06 0.000534024 0.0279488 0.176957 0.149552 0.183414 0.260972 0.121174 0.0621881 0.0157554 0.0014606 4.25404e-05 4.24283e-07 9.82456e-10 4.0577e-13 2.65605e-17 2.5692e-22 3.5106e-28 6.59401e-35
 1.28408e-41 1.78222e-33 2.99005e-26 6.06375e-20 1.48646e-14 4.40464e-10 1.57767e-06 0.000683078 0.0357497 0.226282 0.183687 0.132354 0.181523 0.152843 0.0744448 0.0114415 0.000962925 2.74839e-05 1.93186e-07 3.13825e-10 1.01513e-13 5.37433e-18 4.17311e-23 4.50724e-29 6.56441e-36
 1.41015e-41 1.9572e-33 3.28361e-26 6.65909e-20 1.6324e-14 4.83709e-10 1.73257e-06 0.000750142 0.0392597 0.248546 0.204401 0.158899 0.187084 0.102059 0.0483805 0.00993672 0.000669467 1.36675e-05 8.17046e-08 1.01975e-10 2.27389e-14 8.49933e-19 4.91802e-24 4.06832e-30 4.56177e-37
 1.13012e-41 1.56853e-33 2.63154e-26 5.3367e-20 1.30823e-14 3.87652e-10 1.38851e-06 0.000601176 0.0314636 0.199329 0.172875 0.196626 0.225192 0.122477 0.0445574 0.00644073 0.000428746 8.20625e-06 3.59537e-08 3.34083e-11 5.7099e-15 1.55023e-19 6.22414e-25 3.57359e-31 2.85089e-38
 1.37635e-41 1.91029e-33 3.20491e-26 6.49948e-20 1.59327e-14 4.72116e-10 1.69104e-06 0.000732163 0.038319 0.242686 0.203244 0.160606 0.17922 0.126039 0.0436538 0.00524836 0.000246589 3.71143e-06 1.41166e-08 1.02394e-11 1.25951e-15 2.47739e-20 7.30055e-26 3.03376e-32 1.70911e-39
 1.35665e-41 1.88293e-33 3.15901e-26 6.40641e-20 1.57046e-14 4.65355e-10 1.66683e-06 0.000721678 0.0377706 0.239357 0.207204 0.193631 0.187852 0.0969878 0.0321419 0.00416374 0.000167401 1.81493e-06 4.92914e-09 2.76885e-12 2.67074e-16 3.92134e-21 8.28331e-27 2.44584e-33 9.85999e-41
 1.18477e-41 1.64438e-33 2.75878e-26 5.59476e-20 1.37149e-14 4.06397e-10 1.45565e-06 0.000630246 0.0329858 0.209241 0.190005 0.214048 0.206965 0.113222 0.0298394 0.00295102 0.000108766 1.04244e-06 2.12292e-09 8.29234e-13 5.67698e-17 6.16209e-22 9.76205e-28 2.1344e-34 6.2328e-42
 1.06453e-41 1.47749e-33 2.4788e-26 5.02696e-20 1.2323e-14 3.65153e-10 1.30792e-06 0.000566284 0.0296389 0.18822 0.178282 0.221322 0.21739 0.129488 0.0322428 0.00277287 7.60865e-05 5.68826e-07 9.56133e-10 2.90706e-13 1.42981e-17 1.07581e-22 1.18738e-28 1.847e-35 3.90765e-43
 1.04695e-41 1.4531e-33 2.43787e-26 4.94396e-20 1.21195e-14 3.59124e-10 1.28632e-06 0.000556934 0.0291502 0.185283 0.179313 0.221141 0.217025 0.132551 0.0322401 0.00267564 6.27504e-05 3.56949e-07 4.38032e-10 1.00668e-13 3.80215e-18 2.14213e-23 1.70413e-29 1.85856e-36 2.72712e-44
 1.26833e-41 1.76035e-33 2.95336e-26 5.98935e-20 1.46822e-14 4.3506e-10 1.55831e-06 0.000674697 0.0353131 0.224168 0.204602 0.199875 0.192473 0.113304 0.0272856 0.00225146 5.14296e-05 2.69069e-07 2.78658e-10 5.11006e-14 1.52987e-18 6.97141e-24 4.56196e-30 4.09898e-37 4.90212e-45
 1.26835e-41 1.76039e-33 2.95341e-26 5.98947e-20 1.46825e-14 4.35068e-10 1.55834e-06 0.00067471 0.0353138 0.224172 0.204606 0.199884 0.192641 0.113656 0.0269055 0.00210036 4.4417e-05 2.10867e-07 1.95231e-10 3.16274e-14 8.29251e-19 3.2918e-24 1.87129e-30 1.45871e-37 1.51204e-45
#pred catch len freq
 2.5563e-27 2.57019e-27 1.76145e-26 3.17621e-20 7.7861e-15 2.30716e-10 8.26386e-07 0.000357794 0.0187256 0.118464 0.0910908 0.0398827 0.239571 0.221913 0.0604833 0.0827462 0.0353606 0.0268717 0.0163446 0.0123199 0.00961512 0.00829548 0.00832004 0.0073822 0.00225434
 2.55773e-27 2.57442e-27 2.15464e-26 4.00572e-20 9.81953e-15 2.9097e-10 1.04221e-06 0.000451236 0.023616 0.149402 0.114671 0.0371444 0.202171 0.18854 0.0756388 0.125365 0.0428942 0.0183281 0.00810319 0.00454751 0.00287795 0.00212314 0.00188737 0.0016766 0.000561304
 2.56029e-27 2.581e-27 2.69798e-26 5.1518e-20 1.2629e-14 3.7422e-10 1.34039e-06 0.00058034 0.0303729 0.192148 0.147344 0.0392201 0.195011 0.181018 0.0576881 0.0865713 0.0350254 0.0228617 0.00743148 0.00235118 0.000978256 0.000545672 0.000400901 0.000334937 0.000116181
 2.55921e-27 2.57775e-27 2.3782e-26 4.47708e-20 1.0975e-14 3.25209e-10 1.16485e-06 0.000504334 0.026395 0.166983 0.128184 0.0427052 0.234995 0.217507 0.0568672 0.0752405 0.027401 0.0142799 0.00585087 0.00224285 0.000518404 0.000161563 8.31753e-05 5.97901e-05 2.05485e-05
 2.55901e-27 2.57744e-27 2.37085e-26 4.46164e-20 1.09372e-14 3.24088e-10 1.16083e-06 0.000502595 0.026304 0.166407 0.127715 0.0408926 0.221531 0.205603 0.0642412 0.0949744 0.0321341 0.0129973 0.00450208 0.00159207 0.000471025 9.29522e-05 2.27639e-05 1.16416e-05 3.7535e-06
 2.55973e-27 2.57925e-27 2.51879e-26 4.77369e-20 1.17021e-14 3.46755e-10 1.24202e-06 0.000537746 0.0281437 0.178045 0.136612 0.0415501 0.220283 0.204159 0.0586616 0.0826775 0.0294063 0.0140181 0.00435225 0.00117816 0.000296372 6.53316e-05 9.62002e-06 2.23803e-06 6.0066e-07
 2.55973e-27 2.57912e-27 2.49487e-26 4.72317e-20 1.15783e-14 3.43086e-10 1.22887e-06 0.000532056 0.0278459 0.176161 0.135191 0.0426285 0.229488 0.212474 0.0569207 0.0765255 0.026187 0.0110514 0.00365733 0.00107633 0.000214822 3.82778e-05 5.39921e-06 5.82049e-07 9.1296e-08
 2.5602e-27 2.58042e-27 2.61087e-26 4.96789e-20 1.21782e-14 3.60861e-10 1.29254e-06 0.000559622 0.0292886 0.185288 0.142152 0.0421047 0.220612 0.204353 0.0567638 0.0781818 0.0262214 0.010212 0.00317104 0.000868875 0.000188602 2.92281e-05 3.24769e-06 2.59869e-07 1.77974e-08
 2.56102e-27 2.58251e-27 2.7828e-26 5.33055e-20 1.30672e-14 3.87205e-10 1.3869e-06 0.000600476 0.0314267 0.198815 0.15249 0.0427058 0.217923 0.20162 0.0517139 0.0673388 0.022725 0.00906908 0.00272719 0.000683871 0.000136118 2.14859e-05 2.14419e-06 1.31023e-07 5.0526e-09
 2.56308e-27 2.58788e-27 3.23826e-26 6.29131e-20 1.54224e-14 4.56993e-10 1.63687e-06 0.000708703 0.037091 0.234648 0.179856 0.0429557 0.200597 0.185305 0.0429264 0.0513264 0.0166767 0.00569508 0.00169637 0.00042485 7.85394e-05 1.12621e-05 1.09463e-06 5.90076e-08 1.59994e-09
 2.56202e-27 2.58479e-27 2.94505e-26 5.67269e-20 1.39059e-14 4.12057e-10 1.47592e-06 0.000639016 0.0334438 0.211575 0.162278 0.0454756 0.232124 0.214046 0.0416647 0.0411633 0.0128243 0.00354392 0.000966567 0.000210285 3.82031e-05 5.18535e-06 4.56122e-07 2.3223e-08 5.34426e-10
 2.56274e-27 2.58679e-27 3.12649e-26 6.05545e-20 1.48442e-14 4.3986e-10 1.57551e-06 0.000682134 0.0357004 0.225851 0.173163 0.0444994 0.217047 0.200267 0.0416637 0.0445895 0.0132405 0.00255439 0.000613088 0.000107407 1.67693e-05 2.09873e-06 1.74673e-07 8.07618e-09 1.71084e-10
 2.5641e-27 2.59045e-27 3.44555e-26 6.72852e-20 1.64942e-14 4.88751e-10 1.75062e-06 0.000757954 0.0396686 0.250955 0.192323 0.04396 0.199481 0.183947 0.0367652 0.0375426 0.0113625 0.00256446 0.000586245 7.42511e-05 9.28543e-06 9.42561e-07 6.95091e-08 2.99351e-09 5.77732e-11
 2.56234e-27 2.58553e-27 2.99651e-26 5.78119e-20 1.41719e-14 4.19938e-10 1.50415e-06 0.000651239 0.0340835 0.215622 0.165384 0.0464658 0.237477 0.218743 0.0381054 0.0318244 0.00939815 0.00177767 0.000403796 5.62321e-05 5.93917e-06 4.34493e-07 2.49054e-08 9.22478e-10 1.63282e-11
 2.56042e-27 2.5805e-27 2.56999e-26 4.88147e-20 1.19663e-14 3.54584e-10 1.27006e-06 0.000549888 0.0287791 0.182065 0.139755 0.0461038 0.252729 0.233228 0.0481149 0.0509823 0.0148248 0.0023144 0.000486759 5.9172e-05 6.38524e-06 4.49528e-07 1.86824e-08 5.1283e-10 7.63874e-12
 2.56145e-27 2.58338e-27 2.83195e-26 5.43414e-20 1.33211e-14 3.94729e-10 1.41385e-06 0.000612145 0.0320375 0.202678 0.155472 0.0447028 0.231025 0.213329 0.0469391 0.0533349 0.0159231 0.00318381 0.000685054 6.90295e-05 6.51242e-06 4.24405e-07 1.72403e-08 3.59986e-10 3.87389e-12
 2.56262e-27 2.58643e-27 3.08889e-26 5.97612e-20 1.46497e-14 4.34098e-10 1.55487e-06 0.000673198 0.0352327 0.222893 0.170913 0.0450905 0.223127 0.205755 0.04043 0.0404062 0.012161 0.00263608 0.000599518 7.41598e-05 6.81649e-06 3.66834e-07 1.32496e-08 2.61566e-10 2.22564e-12
 2.56277e-27 2.58672e-27 3.10417e-26 6.00831e-20 1.47286e-14 4.36436e-10 1.56324e-06 0.000676823 0.0354225 0.224093 0.171843 0.0458827 0.228502 0.210528 0.0378759 0.0333616 0.0097484 0.00165031 0.000361322 4.78119e-05 4.93849e-06 2.99467e-07 9.40608e-09 1.5917e-10 1.23918e-12
 2.56338e-27 2.58842e-27 3.25697e-26 6.33068e-20 1.55189e-14 4.59853e-10 1.64712e-06 0.000713138 0.0373231 0.236116 0.181013 0.0452176 0.216998 0.199967 0.036995 0.0340043 0.00983649 0.00147809 0.000300841 3.2405e-05 3.27242e-06 2.19366e-07 7.85882e-09 1.25755e-10 8.33593e-13
 2.56258e-27 2.58614e-27 3.04767e-26 5.8891e-20 1.44364e-14 4.27777e-10 1.53223e-06 0.000663395 0.0347197 0.219647 0.168457 0.0465014 0.235589 0.216965 0.0371496 0.0300794 0.00867001 0.00127769 0.000253594 2.40183e-05 2.08628e-06 1.20951e-07 4.58715e-09 8.28358e-11 5.48219e-13
 2.56448e-27 2.59139e-27 3.52037e-26 6.88634e-20 1.6881e-14 5.00215e-10 1.79169e-06 0.000775732 0.040599 0.256841 0.196825 0.0444341 0.199926 0.184214 0.0342233 0.0316448 0.00906268 0.00119929 0.000230056 2.14855e-05 1.75612e-06 8.65963e-08 2.77685e-09 4.97884e-11 3.64825e-13
 2.56491e-27 2.59246e-27 3.60435e-26 7.06345e-20 1.73152e-14 5.1308e-10 1.83777e-06 0.000795683 0.0416432 0.263446 0.20188 0.0450982 0.201428 0.185372 0.0302878 0.0223906 0.00646159 0.00098341 0.000193893 1.64418e-05 1.28305e-06 6.07182e-08 1.70316e-09 2.55718e-11 1.77712e-13
 2.56432e-27 2.5908e-27 3.45298e-26 6.74412e-20 1.65324e-14 4.89885e-10 1.75468e-06 0.000759712 0.0397606 0.251537 0.192798 0.0458727 0.213703 0.196628 0.0310021 0.0211774 0.0059632 0.000664533 0.000119932 1.12946e-05 8.85609e-07 3.829e-08 1.02131e-09 1.37294e-11 8.03793e-14
 2.56541e-27 2.5938e-27 3.72185e-26 7.31134e-20 1.79229e-14 5.31086e-10 1.90226e-06 0.000823607 0.0431046 0.272692 0.208935 0.0448173 0.194334 0.178814 0.0289378 0.0209527 0.00587708 0.000601331 0.000100768 7.24841e-06 5.2298e-07 2.43043e-08 6.15438e-10 7.68498e-12 4.08203e-14
 2.56568e-27 2.59447e-27 3.77619e-26 7.42594e-20 1.82038e-14 5.39411e-10 1.93208e-06 0.000836517 0.0437803 0.276966 0.212203 0.0451031 0.194212 0.178591 0.0268739 0.0163079 0.0045625 0.000475445 7.96417e-05 5.2524e-06 3.24548e-07 1.19046e-08 3.01082e-10 3.74631e-12 1.84801e-14
 2.56487e-27 2.59224e-27 3.57435e-26 7.00014e-20 1.716e-14 5.08482e-10 1.8213e-06 0.000788551 0.0412699 0.261085 0.200092 0.0460328 0.209796 0.192896 0.0280374 0.0153577 0.00423593 0.000351031 5.19435e-05 3.41484e-06 2.05099e-07 6.58413e-09 1.33368e-10 1.4871e-12 7.3462e-15
 2.56395e-27 2.58976e-27 3.35928e-26 6.54645e-20 1.60478e-14 4.75526e-10 1.70325e-06 0.000737444 0.0385951 0.244164 0.187176 0.0463523 0.221303 0.203598 0.0314523 0.020444 0.00565356 0.000454838 6.4855e-05 3.5522e-06 1.85557e-07 5.847e-09 1.08709e-10 9.91234e-13 4.15937e-15
 2.56485e-27 2.59225e-27 3.58234e-26 7.01702e-20 1.72014e-14 5.09707e-10 1.82569e-06 0.000790452 0.0413694 0.261715 0.200563 0.045427 0.204856 0.18848 0.0298525 0.0206034 0.00573698 0.000520379 7.96967e-05 4.24128e-06 2.04315e-07 5.27093e-09 8.93194e-11 7.65239e-13 2.72069e-15
 2.56538e-27 2.59367e-27 3.70622e-26 7.27834e-20 1.7842e-14 5.28689e-10 1.89368e-06 0.00081989 0.0429101 0.271461 0.208002 0.0452351 0.198169 0.182263 0.0278977 0.0177161 0.00494823 0.000491773 7.97459e-05 4.72392e-06 2.47498e-07 6.09644e-09 8.94372e-11 6.50641e-13 2.14329e-15
#obs catch len freq
 4.99391e-42 6.93122e-34 1.16286e-26 2.35825e-20 5.78097e-15 1.71301e-10 6.13571e-07 0.000265655 0.0139033 0.0879578 0.0678871 0.0398336 0.218426 0.186462 0.143827 0.14352 0.0645937 0.0262255 0.00622747 0.000824952 4.49134e-05 7.21475e-07 2.55917e-09 1.63556e-12 1.6536e-16
 5.68127e-42 7.88522e-34 1.32291e-26 2.68283e-20 6.57665e-15 1.94878e-10 6.98022e-07 0.00030222 0.015817 0.100064 0.0772421 0.0435716 0.222911 0.181429 0.143439 0.131616 0.0573084 0.0212279 0.0045302 0.000517363 2.30095e-05 2.86195e-07 7.55541e-10 3.50334e-13 2.53109e-17
 1.08369e-41 1.50409e-33 2.52343e-26 5.11746e-20 1.25449e-14 3.71727e-10 1.33147e-06 0.000576479 0.0301706 0.190869 0.146625 0.045011 0.180448 0.140018 0.113861 0.0958806 0.0402061 0.0135168 0.00256004 0.000247068 8.85148e-06 8.46686e-08 1.66013e-10 5.5906e-14 2.89326e-18
 1.11457e-41 1.54695e-33 2.59534e-26 5.26329e-20 1.29023e-14 3.8232e-10 1.36941e-06 0.000592906 0.0310303 0.196309 0.151129 0.0585047 0.238374 0.16453 0.0765305 0.0540575 0.0213725 0.00641912 0.001061 8.50452e-05 2.40968e-06 1.75289e-08 2.54148e-11 6.21104e-15 2.30505e-19
 7.83035e-42 1.0868e-33 1.82333e-26 3.69768e-20 9.06444e-15 2.68596e-10 9.62067e-07 0.000416542 0.0218001 0.137918 0.106803 0.0647805 0.27381 0.184645 0.11695 0.0715792 0.0168557 0.00386011 0.000544785 3.56702e-05 7.86847e-07 4.29511e-09 4.56732e-12 8.07196e-16 2.1466e-20
 1.25324e-41 1.73942e-33 2.91823e-26 5.91812e-20 1.45076e-14 4.29886e-10 1.53978e-06 0.000666672 0.034891 0.220733 0.169772 0.0528871 0.17274 0.122482 0.125791 0.0760107 0.0202852 0.00343017 0.000294587 1.45119e-05 2.44808e-07 9.90689e-10 7.65307e-13 9.71668e-17 1.84464e-21
 1.03521e-41 1.4368e-33 2.41053e-26 4.8885e-20 1.19836e-14 3.55095e-10 1.27189e-06 0.000550686 0.0288207 0.182334 0.141147 0.0736052 0.259863 0.153466 0.0863691 0.0512946 0.018967 0.00333813 0.000235932 7.01775e-06 7.88467e-08 2.29889e-10 1.27746e-13 1.15691e-17 1.55907e-22
 1.27785e-41 1.77357e-33 2.97554e-26 6.03433e-20 1.47925e-14 4.38328e-10 1.57002e-06 0.000679763 0.0355761 0.22507 0.173593 0.0643075 0.192089 0.123705 0.116305 0.0544291 0.0119295 0.00214283 0.000168196 4.08099e-06 2.85218e-08 5.1865e-11 1.9606e-14 1.2467e-18 1.18451e-23
 1.14926e-41 1.59509e-33 2.6761e-26 5.42708e-20 1.33038e-14 3.94217e-10 1.41202e-06 0.000611357 0.031996 0.202424 0.156969 0.0798091 0.239211 0.134193 0.094324 0.0458787 0.0128725 0.001612 9.54991e-05 2.25297e-06 1.29366e-08 1.54486e-11 3.59102e-15 1.47081e-19 9.46012e-25
 1.51512e-41 2.10289e-33 3.52804e-26 7.15479e-20 1.75391e-14 5.19716e-10 1.86154e-06 0.000805982 0.0421819 0.266862 0.205902 0.0695751 0.171139 0.103633 0.0935643 0.0372256 0.0080228 0.00103343 5.2184e-05 8.748e-07 4.16017e-09 4.03751e-12 6.65893e-16 1.75596e-20 7.13064e-26
 1.5544e-41 2.15741e-33 3.6195e-26 7.34028e-20 1.79938e-14 5.3319e-10 1.9098e-06 0.000826877 0.0432755 0.273785 0.211874 0.0831265 0.196865 0.098294 0.0614778 0.0243241 0.00557278 0.000553726 2.3254e-05 3.2459e-07 1.11142e-09 8.00865e-13 1.02606e-16 2.03051e-21 5.78366e-27
 1.15722e-41 1.60614e-33 2.69464e-26 5.46468e-20 1.3396e-14 3.96948e-10 1.4218e-06 0.000615592 0.0322177 0.203838 0.15973 0.104103 0.254262 0.12883 0.0861221 0.0258005 0.00409502 0.000372168 1.29555e-05 1.37612e-07 3.65394e-10 1.92287e-13 1.74588e-17 2.51172e-22 5.31311e-28
 1.72475e-41 2.39384e-33 4.01616e-26 8.14469e-20 1.99657e-14 5.91621e-10 2.11909e-06 0.000917493 0.048018 0.303789 0.234817 0.0748195 0.140368 0.0902933 0.0802262 0.0231437 0.00338543 0.000214449 5.5366e-06 4.66697e-08 9.21504e-11 3.56507e-14 2.36e-18 2.41411e-23 3.58992e-29
 1.40018e-41 1.94336e-33 3.26039e-26 6.612e-20 1.62086e-14 4.80289e-10 1.72032e-06 0.000744838 0.0389819 0.246642 0.193716 0.116512 0.234301 0.0984874 0.0509333 0.0166294 0.00288318 0.000164319 3.13522e-06 1.80451e-08 2.59142e-11 7.33476e-15 3.48796e-19 2.55449e-24 2.71382e-30
 1.18614e-41 1.64629e-33 2.76199e-26 5.60126e-20 1.37308e-14 4.06869e-10 1.45734e-06 0.000630978 0.0330229 0.208952 0.165667 0.118724 0.228722 0.131935 0.091144 0.018923 0.00214641 0.0001284 2.35342e-06 1.03604e-08 1.01073e-11 1.95089e-15 6.5422e-20 3.41005e-25 2.56869e-31
 9.43272e-42 1.3092e-33 2.19645e-26 4.45436e-20 1.09193e-14 3.2356e-10 1.15894e-06 0.000501781 0.0262613 0.166193 0.134545 0.131691 0.24384 0.155092 0.11037 0.0280632 0.00331434 0.000125598 1.78753e-06 7.10639e-09 5.56791e-12 7.62334e-16 1.72417e-20 6.0863e-26 3.16784e-32
 1.4961e-41 2.07649e-33 3.48374e-26 7.06496e-20 1.73189e-14 5.13191e-10 1.83817e-06 0.000795863 0.0416523 0.26355 0.207 0.0985134 0.153077 0.121136 0.0881417 0.0231098 0.0029054 0.00011586 1.27157e-06 3.47528e-09 2.13229e-12 2.3504e-16 4.01995e-21 1.0058e-26 3.57936e-33
 1.05021e-41 1.45762e-33 2.44546e-26 4.95934e-20 1.21572e-14 3.60241e-10 1.29033e-06 0.000558666 0.0292385 0.18508 0.153387 0.170123 0.261023 0.117826 0.0626872 0.0177574 0.00222859 8.82053e-05 9.39221e-07 2.13831e-09 9.2706e-13 7.17003e-17 9.13239e-22 1.74188e-27 4.64331e-34
 1.52759e-41 2.12019e-33 3.55706e-26 7.21366e-20 1.76834e-14 5.23992e-10 1.87685e-06 0.000812613 0.042529 0.269129 0.21348 0.111505 0.153693 0.127058 0.0692162 0.0114286 0.00110495 4.21883e-05 4.18689e-07 8.60223e-10 3.14518e-13 1.85024e-17 1.66059e-22 2.20077e-28 4.1743e-35
 1.0868e-41 1.50841e-33 2.53067e-26 5.13214e-20 1.25808e-14 3.72793e-10 1.33528e-06 0.000578132 0.0302574 0.191599 0.162779 0.190399 0.247201 0.111676 0.0526163 0.0119298 0.000939172 2.31041e-05 1.85331e-07 3.30591e-10 1.02832e-13 4.99757e-18 3.55427e-23 3.54575e-29 4.83504e-36
 1.38156e-41 1.91751e-33 3.21702e-26 6.52405e-20 1.59929e-14 4.739e-10 1.69743e-06 0.00073493 0.0384635 0.24348 0.198204 0.136202 0.17319 0.140623 0.0601143 0.00836206 0.000609604 1.42453e-05 7.96707e-08 1.00156e-10 2.43564e-14 9.53312e-19 5.42186e-24 4.26271e-30 4.49891e-37
 1.50576e-41 2.0899e-33 3.50624e-26 7.11059e-20 1.74308e-14 5.16506e-10 1.85004e-06 0.000801003 0.0419217 0.265428 0.218915 0.160983 0.173578 0.0916035 0.0392685 0.0070912 0.000401983 6.80122e-06 3.2115e-08 3.06688e-11 5.13547e-15 1.4185e-19 5.9953e-25 3.59837e-31 2.91592e-38
 1.22368e-41 1.69839e-33 2.8494e-26 5.77852e-20 1.41654e-14 4.19746e-10 1.50346e-06 0.000650947 0.0340686 0.215877 0.187994 0.20035 0.211131 0.109673 0.0354128 0.00457929 0.000257548 3.97914e-06 1.36958e-08 9.7342e-12 1.24338e-15 2.48886e-20 7.29902e-26 3.03789e-32 1.747e-39
 1.47725e-41 2.05032e-33 3.43984e-26 6.97592e-20 1.71006e-14 5.06723e-10 1.815e-06 0.000785833 0.041128 0.260518 0.218731 0.162017 0.168011 0.111226 0.0338621 0.00357647 0.0001416 1.73224e-06 5.1262e-09 2.82056e-12 2.58853e-16 3.74717e-21 8.0491e-27 2.42371e-33 9.85253e-41
 1.45465e-41 2.01896e-33 3.38722e-26 6.86922e-20 1.68391e-14 4.98973e-10 1.78724e-06 0.000773813 0.0404994 0.256709 0.222839 0.193707 0.173168 0.0845136 0.0249092 0.0027852 9.27005e-05 8.10603e-07 1.7154e-09 7.29191e-13 5.22296e-17 5.63235e-22 8.6693e-28 1.85319e-34 5.38229e-42
 1.28249e-41 1.78001e-33 2.98633e-26 6.05622e-20 1.48461e-14 4.39917e-10 1.57571e-06 0.000682229 0.0357069 0.226581 0.20634 0.215004 0.192902 0.0980604 0.0227064 0.00195419 5.94788e-05 4.52856e-07 7.12727e-10 2.10394e-13 1.06843e-17 8.49407e-23 9.78059e-29 1.54698e-35 3.25651e-43
 1.16105e-41 1.61146e-33 2.70355e-26 5.48275e-20 1.34403e-14 3.98261e-10 1.42651e-06 0.000617629 0.0323267 0.205387 0.195055 0.223299 0.204979 0.112086 0.0244111 0.00179616 4.05423e-05 2.40936e-07 3.10906e-10 7.10248e-14 2.58723e-18 1.42556e-23 1.14227e-29 1.28229e-36 1.95057e-44
 1.14422e-41 1.5881e-33 2.66437e-26 5.40329e-20 1.32455e-14 3.92489e-10 1.40583e-06 0.000608678 0.0318581 0.202385 0.191176 0.216076 0.209076 0.119746 0.0270131 0.00201697 4.14941e-05 2.02063e-07 2.07821e-10 3.94189e-14 1.21765e-18 5.58021e-24 3.5949e-30 3.16196e-37 3.72856e-45
 1.37772e-41 1.91219e-33 3.20809e-26 6.50595e-20 1.59486e-14 4.72585e-10 1.69272e-06 0.000732892 0.0383587 0.243398 0.217691 0.191888 0.179332 0.102731 0.0239784 0.0018503 3.88443e-05 1.83457e-07 1.69241e-10 2.73442e-14 7.15533e-19 2.83628e-24 1.61065e-30 1.25458e-37 1.2997e-45
#spawning biomass
 13879.2 12457 16156.1 20713.7 27089.8 33177 38116.6 45631.2 55080.3 68978.2 83482.4 93215 125910 145094 150644 131032 123934 118431 123901 116060 120700 138436 144405 150340 160153 155479 145932 132779 128285 96729.6 178063 240326 275409 289682 290158 282509 270893 258040 245562 234286 224544 216380 209678 204168 199539 195979 193241 191135 189516 188271 187313 186577 186011 185575 185240 184982 184784 184632 184515 184425 184356 184302 184261 184230 184206 184187 184173 184162 184153 184147 184142 184138 184135 184132 184131 184129 184128 184128 184127 184126 184126 184126 184126 184125 184125 184125 184125 184125 184125 184125 184125 184125 184125 184125 184125 184125 184125 184125 184125 184125 184125 184125 184125 184125 184125 184125 184125 184125 184125 184125 184125 184125 184125 184125 184125 184125 184125 184125 184125 184125 184125 184125 184125 184125 184125 184125 184125 184125 184125 0 0 0 0 0 0 0 0 0 0 0 0 0 0 0 0 0 0 0 0 0 0 0 0 0
