SBPRF35
0.123862
Curr Bio
114601
B35
146096
F35
0.960702
FOFL
0.591452
OFL
26396.7
Bzero
35389.2
#pred survey bio
 6284.2 9234.86 11990 13533.6 21735.3 34908.7 32886.9 38157.4 51892 62565.1 82856.7 106178 144277 172753 170364 149120 136990 135759 124557 119448 120329 124752 139679 143438 145546 159508 162450 125908 3.67456e+06 2.08951e+06 1.12253e+06 637898 450488 377150 345577 330484 322720 318570 316315 315084 314413 314047 313847 313738 313680 313649 313632 313623 313619 313616 313615 313614 313614 313613 313613 313613 313613 313613 313613 313613 313613 313613 313613 313613 313613 313613 313613 313613 313613 313613 313613 313613 313613 313613 313613 313613 313613 313613 313613 313613 313613 313613 313613 313613 313613 313613 313613 313613 313613 313613 313613 313613 313613 313613 313613 313613 313613 313613 313613 313613 313613 313613 313613 313613 313613 313613 313613 313613 313613 313613 313613 313613 313613 313613 313613 313613 313613 313613 313613 313613 313613 313613 313613 313613 313613 313613 313613 313613 0 0 0 0 0 0 0 0 0 0 0 0 0 0 0 0 0 0 0 0 0 0 0 0 0
#obs survey bio
 4941.09 11153.4 14930.2 11229.7 14619 31992.2 26075.7 29159.2 60712.2 57895.1 72914.7 97186.6 166343 151413 139102 140058 114500 125584 106065 146356 102460 120761 170952 106778 113755 171884 119430 109708
#pred catch bio
 2173.74 4275.62 6229.29 7329.98 9090.33 20382.3 19529.5 20842.2 30423.5 34561.6 47755.6 56433.4 80111.6 103178 109311 97217.4 86165.7 88974.7 82026.7 78407.1 80616.7 80958 94117.6 100619 101561 110788 123113 103782 26396.7 43879.5 20296.7 9843.21 6646.18 5785.43 5570.55 5519.59 5507.93 5505.33 5504.76 5504.64 5504.62 5504.61 5504.61 5504.61 5504.61 5504.61 5504.61 5504.61 5504.61 5504.61 5504.61 5504.61 5504.61 5504.61 5504.61 5504.61 5504.61 5504.61 5504.61 5504.61 5504.61 5504.61 5504.61 5504.61 5504.61 5504.61 5504.61 5504.61 5504.61 5504.61 5504.61 5504.61 5504.61 5504.61 5504.61 5504.61 5504.61 5504.61 5504.61 5504.61 5504.61 5504.61 5504.61 5504.61 5504.61 5504.61 5504.61 5504.61 5504.61 5504.61 5504.61 5504.61 5504.61 5504.61 5504.61 5504.61 5504.61 5504.61 5504.61 5504.61 5504.61 5504.61 5504.61 5504.61 5504.61 5504.61 5504.61 5504.61 5504.61 5504.61 5504.61 5504.61 5504.61 5504.61 5504.61 5504.61 5504.61 5504.61 5504.61 5504.61 5504.61 5504.61 5504.61 5504.61 5504.61 5504.61 5504.61 5504.61 0 0 0 0 0 0 0 0 0 0 0 0 0 0 0 0 0 0 0 0 0 0 0 0 0
#obs catch bio
 4124.55 4278.42 6118.1 7398.84 9055.1 20731.2 19795.9 20903.6 30449.9 34426.3 47499.9 55104.7 78193.5 101266 109950 97149.2 85292.7 88547.9 81031.9 76592.2 79186.9 79180.6 91618.8 98867.7 100192 109759 121335 104016
#pred cpue bio
 5059.69 6963.47 9080.08 10308.7 15076.5 26188.7 25328.5 27478 37726.5 45640.9 60231.5 76811.6 105654 128285 128848 111931 101096 100550 92155.5 87280.4 87401.7 89371.7 100150 103107 102846 111756 116102 90428.4 2.45729e+06 1.97785e+06 1.07279e+06 586926 399257 325896 294320 279227 271464 267314 265059 263828 263156 262790 262591 262481 262423 262392 262376 262367 262362 262360 262358 262357 262357 262357 262357 262357 262357 262357 262357 262357 262357 262357 262357 262357 262357 262357 262357 262357 262357 262357 262357 262357 262357 262357 262357 262357 262357 262357 262357 262357 262357 262357 262357 262357 262357 262357 262357 262357 262357 262357 262357 262357 262357 262357 262357 262357 262357 262357 262357 262357 262357 262357 262357 262357 262357 262357 262357 262357 262357 262357 262357 262357 262357 262357 262357 262357 262357 262357 262357 262357 262357 262357 262357 262357 262357 262357 262357 262357 0 0 0 0 0 0 0 0 0 0 0 0 0 0 0 0 0 0 0 0 0 0 0 0 0
#obs cpue bio
 11106 7242.43 10066.5 8761.18 23255.5 17907.5 34516.5 30162.7 37144.9 50044 82052.6 139824 133201 177841 117890 137530 142360 116109 138387 113448 128643 134828 129193 170187 156939 117249 208574 99028.8
#pred surv len freq
 2.56982e-27 2.60624e-27 4.87629e-26 9.74693e-20 2.38934e-14 7.08005e-10 2.53595e-06 0.00109797 0.0574639 0.363532 0.278171 0.0367681 0.0844328 0.0779042 0.0199307 0.0261208 0.0121822 0.0106827 0.00716109 0.00582968 0.00480935 0.00430621 0.00442362 0.00396628 0.00121456
 2.57094e-27 2.60903e-27 5.09077e-26 1.01993e-19 2.50023e-14 7.40862e-10 2.65364e-06 0.00114893 0.0601306 0.380403 0.291088 0.0389658 0.0920836 0.0847068 0.0166831 0.0168153 0.00648549 0.00402633 0.00221222 0.00151949 0.0010894 0.000864725 0.000802969 0.000727203 0.000244668
 2.57031e-27 2.60726e-27 4.9263e-26 9.85228e-20 2.41517e-14 7.15657e-10 2.56336e-06 0.00110984 0.0580849 0.367461 0.281225 0.0401313 0.107883 0.0992278 0.0182374 0.0166505 0.00560324 0.00229112 0.00092199 0.000453352 0.000254594 0.000168523 0.000135208 0.000117197 4.102e-05
 2.57004e-27 2.60653e-27 4.86313e-26 9.71901e-20 2.3825e-14 7.05977e-10 2.52869e-06 0.00109483 0.0572993 0.362491 0.277431 0.0402369 0.111353 0.102468 0.0195301 0.0187748 0.00611703 0.00214871 0.000678315 0.000212808 7.67012e-05 3.6646e-05 2.33742e-05 1.81647e-05 6.35172e-06
 2.57312e-27 2.61488e-27 5.59975e-26 1.1273e-19 2.76343e-14 8.18855e-10 2.933e-06 0.00126988 0.0664608 0.420449 0.321655 0.0381969 0.0647579 0.0594394 0.0113442 0.0109291 0.00361222 0.00134564 0.000401914 0.000101974 2.29027e-05 6.21441e-06 2.60164e-06 1.63444e-06 5.47483e-07
 2.57045e-27 2.60754e-27 4.94365e-26 9.88883e-20 2.42413e-14 7.18312e-10 2.57287e-06 0.00111396 0.0583005 0.368825 0.282276 0.0407757 0.112049 0.102933 0.0163911 0.0114916 0.00380069 0.00145305 0.000446101 0.000116284 2.20281e-05 3.60308e-06 7.30747e-07 2.95831e-07 8.89407e-08
 2.5695e-27 2.60504e-27 4.72728e-26 9.43242e-20 2.31224e-14 6.85159e-10 2.45412e-06 0.00106254 0.0556096 0.351802 0.26928 0.0409162 0.122249 0.112479 0.0205069 0.0184586 0.00565414 0.00142294 0.000419662 0.000112331 2.19583e-05 3.12875e-06 3.36913e-07 5.79728e-08 1.33265e-08
 2.57201e-27 2.61186e-27 5.3332e-26 1.07107e-19 2.62559e-14 7.78009e-10 2.7867e-06 0.00120653 0.0631456 0.399476 0.305652 0.0389376 0.0816374 0.0750319 0.0144006 0.0139735 0.00451986 0.00152071 0.000402267 7.62776e-05 1.45407e-05 2.12357e-06 1.9155e-07 1.34389e-08 1.54857e-09
 2.57157e-27 2.61061e-27 5.21647e-26 1.04644e-19 2.56522e-14 7.6012e-10 2.72262e-06 0.00117879 0.0616937 0.390291 0.298653 0.0398455 0.093464 0.0858124 0.0138978 0.0101117 0.00333272 0.00124978 0.000367939 8.50236e-05 1.26369e-05 1.54825e-06 1.39162e-07 6.9414e-09 2.84831e-10
 2.57146e-27 2.61029e-27 5.1884e-26 1.04052e-19 2.5507e-14 7.55818e-10 2.70721e-06 0.00117212 0.0613445 0.388082 0.296967 0.0399008 0.0950691 0.0873107 0.0144793 0.0110463 0.00339471 0.000887958 0.000261315 6.79125e-05 1.20406e-05 1.37993e-06 9.87446e-08 4.5423e-09 1.03946e-10
 2.5716e-27 2.61071e-27 5.22646e-26 1.04855e-19 2.57038e-14 7.61651e-10 2.7281e-06 0.00118117 0.0618179 0.391077 0.29925 0.0396575 0.0916135 0.0841514 0.014453 0.0117849 0.00366491 0.00101717 0.000265915 5.19939e-05 9.73549e-06 1.30609e-06 9.39841e-08 3.51875e-09 6.64486e-11
 2.57174e-27 2.61107e-27 5.25714e-26 1.05502e-19 2.58625e-14 7.66351e-10 2.74494e-06 0.00118845 0.0621994 0.393491 0.301093 0.0396704 0.0904167 0.0830206 0.0137731 0.0105207 0.00330967 0.000987772 0.000265523 5.24282e-05 7.79333e-06 9.54404e-07 7.86422e-08 3.00031e-09 4.73373e-11
 2.57135e-27 2.61001e-27 5.16492e-26 1.03556e-19 2.53856e-14 7.52221e-10 2.69433e-06 0.00116654 0.0610526 0.386235 0.295556 0.0398739 0.0958559 0.0880582 0.0149985 0.0120457 0.00374882 0.00104884 0.000286283 6.04548e-05 9.21691e-06 9.78948e-07 6.9662e-08 2.90622e-09 4.65437e-11
 2.57087e-27 2.60872e-27 5.05122e-26 1.01158e-19 2.47976e-14 7.34798e-10 2.63192e-06 0.00113952 0.0596385 0.377289 0.28873 0.0401726 0.102925 0.0945892 0.0162965 0.0133653 0.00420061 0.00123908 0.000333376 6.71607e-05 1.0684e-05 1.1845e-06 7.61359e-08 2.76274e-09 4.63223e-11
 2.57019e-27 2.60688e-27 4.88772e-26 9.77086e-20 2.39521e-14 7.09743e-10 2.54218e-06 0.00110067 0.057605 0.364425 0.278915 0.0406598 0.113529 0.104374 0.0180161 0.0148259 0.00467196 0.00139892 0.000383493 8.0186e-05 1.23541e-05 1.37538e-06 9.21452e-08 3.08324e-09 4.59091e-11
 2.57049e-27 2.60769e-27 4.96034e-26 9.92406e-20 2.43276e-14 7.20871e-10 2.58204e-06 0.00111792 0.0585082 0.370139 0.283273 0.0403958 0.108457 0.0997052 0.0173949 0.0145839 0.00459 0.00136314 0.000375002 7.9756e-05 1.26891e-05 1.41142e-06 9.37936e-08 3.22052e-09 4.48261e-11
 2.57108e-27 2.60928e-27 5.09919e-26 1.0217e-19 2.50457e-14 7.42148e-10 2.65825e-06 0.00115092 0.060235 0.381063 0.291611 0.0401012 0.100358 0.0922026 0.0155548 0.0122748 0.00387257 0.00117141 0.000322057 6.81111e-05 1.09576e-05 1.25295e-06 8.42842e-08 2.88008e-09 4.05176e-11
 2.57093e-27 2.60886e-27 5.06164e-26 1.01377e-19 2.48515e-14 7.36393e-10 2.63764e-06 0.001142 0.0597679 0.378108 0.289357 0.0402968 0.103429 0.0950197 0.0157393 0.011983 0.00373329 0.00105691 0.00029 6.22422e-05 9.98807e-06 1.14798e-06 7.91585e-08 2.74785e-09 3.86574e-11
 2.57096e-27 2.60893e-27 5.06668e-26 1.01484e-19 2.48775e-14 7.37166e-10 2.6404e-06 0.00114319 0.0598306 0.378505 0.289661 0.040328 0.103453 0.0950327 0.0155753 0.0116034 0.00358317 0.000963428 0.000256849 5.22173e-05 8.41163e-06 9.72243e-07 6.73176e-08 2.38756e-09 3.41447e-11
 2.57139e-27 2.6101e-27 5.17016e-26 1.03667e-19 2.54127e-14 7.53023e-10 2.6972e-06 0.00116778 0.0611177 0.386647 0.295873 0.0400141 0.0967006 0.0888031 0.0145052 0.0107298 0.00329909 0.000863437 0.000225743 4.36265e-05 6.68598e-06 7.54455e-07 5.25749e-08 1.87635e-09 2.7338e-11
 2.57156e-27 2.61057e-27 5.21106e-26 1.0453e-19 2.56242e-14 7.59291e-10 2.71965e-06 0.00117751 0.0616264 0.389865 0.29833 0.0399795 0.0947106 0.0869464 0.013807 0.00960393 0.0029456 0.000764225 0.000197988 3.72105e-05 5.47621e-06 5.83938e-07 3.92264e-08 1.40063e-09 2.05706e-11
 2.572e-27 2.61174e-27 5.3137e-26 1.06695e-19 2.6155e-14 7.75019e-10 2.77599e-06 0.0012019 0.0629029 0.397941 0.304492 0.0397167 0.0883814 0.0810966 0.0126064 0.00833618 0.0025256 0.000607767 0.000155281 2.88825e-05 4.16276e-06 4.26274e-07 2.6992e-08 9.2445e-10 1.35042e-11
 2.57196e-27 2.61163e-27 5.30405e-26 1.06491e-19 2.61051e-14 7.7354e-10 2.77069e-06 0.0011996 0.0627829 0.397181 0.303913 0.0397846 0.0893047 0.0819404 0.0126048 0.00811876 0.00244148 0.000558631 0.000138652 2.41646e-05 3.42039e-06 3.43612e-07 2.08876e-08 6.74541e-10 9.43671e-12
 2.57187e-27 2.61137e-27 5.27995e-26 1.05983e-19 2.59804e-14 7.69847e-10 2.75746e-06 0.00119388 0.0624831 0.395285 0.302467 0.039918 0.091336 0.0838009 0.0126822 0.00782608 0.00233967 0.000515422 0.000125431 2.07843e-05 2.78664e-06 2.67453e-07 1.58935e-08 4.92749e-10 6.51192e-12
 2.57239e-27 2.61279e-27 5.40619e-26 1.08646e-19 2.66333e-14 7.89192e-10 2.82675e-06 0.00122388 0.0640532 0.405218 0.310046 0.0395366 0.0831089 0.0762101 0.0113587 0.0067178 0.00199224 0.000414684 9.89356e-05 1.57876e-05 2.03412e-06 1.83836e-07 1.03252e-08 3.10117e-10 3.93468e-12
 2.57263e-27 2.61343e-27 5.46188e-26 1.09821e-19 2.69212e-14 7.97725e-10 2.85732e-06 0.00123711 0.0647458 0.409599 0.31339 0.0394231 0.0798959 0.0732327 0.0106049 0.00574772 0.00169198 0.000336655 7.85631e-05 1.18958e-05 1.4809e-06 1.27917e-07 6.75468e-09 1.90871e-10 2.32823e-12
 2.57201e-27 2.61174e-27 5.31064e-26 1.0663e-19 2.61391e-14 7.74549e-10 2.7743e-06 0.00120117 0.0628648 0.397699 0.304312 0.0399835 0.0905384 0.0830293 0.0119004 0.00623471 0.00181582 0.000330445 7.49374e-05 1.08616e-05 1.29688e-06 1.0654e-07 5.35773e-09 1.42172e-10 1.62893e-12
 2.57184e-27 2.61127e-27 5.26895e-26 1.05751e-19 2.59235e-14 7.68159e-10 2.75142e-06 0.00119126 0.0623462 0.394419 0.30181 0.0401707 0.093721 0.0859519 0.0121596 0.00608935 0.00176069 0.000301743 6.62125e-05 8.82618e-06 1.0071e-06 7.87156e-08 3.74643e-09 9.41371e-11 1.01256e-12
#obs surv len freq
 1.76941e-41 2.45582e-33 4.12015e-26 8.35557e-20 2.04827e-14 6.0694e-10 2.17396e-06 0.000941249 0.0492612 0.311641 0.2387 0.044044 0.15179 0.128567 0.0360286 0.0275723 0.00829995 0.0025879 0.000502248 5.84285e-05 2.97101e-06 4.78318e-08 1.81409e-10 1.3083e-13 1.55752e-17
 2.17606e-41 3.02023e-33 5.06705e-26 1.02759e-19 2.51901e-14 7.4643e-10 2.67359e-06 0.00115757 0.0605827 0.383263 0.293362 0.042013 0.097153 0.0777701 0.0223071 0.0161021 0.00466363 0.00135714 0.000240283 2.42893e-05 1.01839e-06 1.28818e-08 3.69413e-11 1.95791e-14 1.68013e-18
 1.72323e-41 2.39173e-33 4.01263e-26 8.13752e-20 1.99482e-14 5.91101e-10 2.11723e-06 0.000916687 0.0479757 0.303509 0.232685 0.0512333 0.181851 0.135825 0.0266201 0.0141705 0.003952 0.00107175 0.000172383 1.50447e-05 5.15447e-07 5.06907e-09 1.09187e-11 4.24914e-15 2.6361e-19
 2.09246e-41 2.90419e-33 4.87238e-26 9.88109e-20 2.42223e-14 7.17752e-10 2.57087e-06 0.0011131 0.0582552 0.368539 0.282242 0.0458156 0.11323 0.0811938 0.0278486 0.0176605 0.00334255 0.000655272 9.43293e-05 7.06638e-06 1.9651e-07 1.49252e-09 2.3992e-12 6.82531e-16 3.05715e-20
 2.37485e-41 3.29613e-33 5.52994e-26 1.12146e-19 2.74913e-14 8.14618e-10 2.91783e-06 0.00126332 0.0661171 0.418276 0.320191 0.0442597 0.078711 0.0518013 0.0114207 0.00591076 0.00167639 0.000336634 3.13736e-05 1.8293e-06 4.08969e-08 2.38871e-10 2.85564e-13 5.91854e-17 1.90841e-21
 1.3222e-41 1.83513e-33 3.0788e-26 6.24375e-20 1.53058e-14 4.53539e-10 1.6245e-06 0.000703354 0.0368108 0.232879 0.179414 0.0711967 0.272 0.16622 0.0277625 0.0106016 0.00198544 0.00038208 4.09581e-05 1.68545e-06 2.62487e-08 1.14999e-10 1.01943e-13 1.53753e-17 3.56442e-22
 2.21075e-41 3.06837e-33 5.14783e-26 1.04397e-19 2.55917e-14 7.58329e-10 2.71621e-06 0.00117603 0.0615485 0.389374 0.298262 0.0467861 0.0892866 0.056766 0.0356846 0.0183208 0.00247035 0.00029706 2.45926e-05 9.86168e-07 1.15135e-08 3.37092e-11 2.10722e-14 2.29088e-18 3.81494e-23
 1.98381e-41 2.75339e-33 4.61938e-26 9.36802e-20 2.29646e-14 6.80483e-10 2.43738e-06 0.0010553 0.0552303 0.349405 0.26822 0.0610615 0.155542 0.0828524 0.0160569 0.00743558 0.00273099 0.000387002 1.95067e-05 5.32162e-07 5.17232e-09 1.15039e-11 4.85583e-15 3.56392e-19 4.13319e-24
 2.03511e-41 2.8246e-33 4.73886e-26 9.61031e-20 2.35585e-14 6.98082e-10 2.50042e-06 0.00108259 0.0566587 0.358442 0.275203 0.0612807 0.142138 0.072987 0.0223785 0.00830111 0.00126493 0.000241808 1.88369e-05 3.71887e-07 2.26714e-09 3.70973e-12 1.17658e-15 6.073e-20 4.75189e-25
 1.98152e-41 2.75022e-33 4.61406e-26 9.35721e-20 2.29381e-14 6.79698e-10 2.43457e-06 0.00105408 0.0551665 0.349004 0.268292 0.0670287 0.154334 0.0737323 0.0218518 0.00792411 0.00143804 0.000160436 1.06438e-05 2.68044e-07 1.39073e-09 1.45778e-12 3.08431e-16 1.14115e-20 6.43749e-26
 2.09788e-41 2.91172e-33 4.88502e-26 9.90672e-20 2.42852e-14 7.19613e-10 2.57754e-06 0.00111598 0.0584062 0.3695 0.283995 0.0658808 0.133317 0.0602804 0.0197108 0.00654093 0.0011201 0.000124061 5.97569e-06 1.1265e-07 5.89856e-10 5.59918e-13 8.48105e-17 2.04671e-21 7.7163e-27
 2.04134e-41 2.83324e-33 4.75335e-26 9.63969e-20 2.36306e-14 7.00217e-10 2.50806e-06 0.00108591 0.056832 0.359544 0.276829 0.0732921 0.14722 0.0611656 0.0176577 0.00535987 0.000916052 9.15939e-05 3.93652e-06 5.5608e-08 2.07975e-10 1.65797e-13 2.20677e-17 4.2708e-22 1.15189e-27
 1.99761e-41 2.77254e-33 4.65152e-26 9.43319e-20 2.31243e-14 6.85217e-10 2.45433e-06 0.00106264 0.0556145 0.351845 0.271407 0.0795188 0.153974 0.0610578 0.0194617 0.00522408 0.000761532 6.89171e-05 2.6039e-06 3.03333e-08 8.4707e-11 4.73295e-14 4.65885e-18 7.17465e-23 1.56973e-28
 1.87504e-41 2.60243e-33 4.36612e-26 8.8544e-20 2.17055e-14 6.43174e-10 2.30374e-06 0.000997442 0.0522021 0.330263 0.255741 0.0911132 0.174631 0.0661548 0.0223371 0.00569088 0.000803845 6.0306e-05 1.88705e-06 1.81428e-08 3.98685e-11 1.65589e-14 1.15181e-18 1.24055e-23 1.9547e-29
 1.68723e-41 2.34176e-33 3.92879e-26 7.9675e-20 1.95314e-14 5.78751e-10 2.07299e-06 0.000897534 0.0469734 0.297194 0.231676 0.10656 0.201636 0.0764449 0.0301699 0.00735422 0.00101947 6.95255e-05 1.77956e-06 1.32915e-08 2.26887e-11 7.18918e-15 3.7071e-19 2.87406e-24 3.18492e-30
 1.91573e-41 2.65891e-33 4.46087e-26 9.04655e-20 2.21766e-14 6.57132e-10 2.35374e-06 0.00101909 0.053335 0.33744 0.262089 0.0953559 0.154369 0.0606766 0.0277507 0.00690534 0.000991909 6.26976e-05 1.38736e-06 8.19623e-09 1.04854e-11 2.46763e-15 9.44232e-20 5.38878e-25 4.34109e-31
 1.85682e-41 2.57714e-33 4.32369e-26 8.76835e-20 2.14946e-14 6.36924e-10 2.28136e-06 0.000987749 0.0516949 0.327077 0.255515 0.109834 0.169871 0.0575552 0.0211179 0.00545844 0.000833849 5.16726e-05 1.01944e-06 4.95389e-09 4.89262e-12 8.50493e-16 2.36004e-20 9.74606e-26 5.68904e-32
 1.83356e-41 2.54486e-33 4.26953e-26 8.65851e-20 2.12253e-14 6.28945e-10 2.25278e-06 0.000975376 0.0510473 0.322993 0.253453 0.117073 0.168679 0.0584297 0.022113 0.00457721 0.000617384 3.79946e-05 6.93274e-07 2.86732e-09 2.25665e-12 2.98858e-16 6.12031e-21 1.82733e-26 7.6341e-33
 1.86512e-41 2.58867e-33 4.34302e-26 8.80757e-20 2.15907e-14 6.39772e-10 2.29156e-06 0.000992167 0.0519261 0.328567 0.258653 0.121124 0.159773 0.054274 0.0201233 0.00407267 0.000467849 2.34974e-05 3.81301e-07 1.37071e-09 8.85173e-13 9.18279e-17 1.42525e-21 3.15158e-27 9.59026e-34
 1.94752e-41 2.70303e-33 4.53489e-26 9.19666e-20 2.25445e-14 6.68036e-10 2.3928e-06 0.001036 0.0542201 0.343093 0.270432 0.121016 0.143801 0.0468022 0.0161725 0.00308413 0.000326542 1.36118e-05 1.72239e-07 5.01492e-10 2.64897e-13 2.19361e-17 2.64016e-22 4.4215e-28 1.00098e-34
 1.939e-41 2.6912e-33 4.51505e-26 9.15642e-20 2.24459e-14 6.65113e-10 2.38233e-06 0.00103147 0.0539829 0.34162 0.270983 0.129964 0.142884 0.0434828 0.0134953 0.00232725 0.000219209 7.8591e-06 7.89108e-08 1.72998e-10 6.92853e-14 4.43024e-18 4.1266e-23 5.29673e-29 9.06916e-36
 1.98323e-41 2.75259e-33 4.61803e-26 9.36528e-20 2.29579e-14 6.80284e-10 2.43667e-06 0.00105499 0.0552143 0.349436 0.278081 0.131461 0.131662 0.0397037 0.0115158 0.00172705 0.000137868 4.11698e-06 3.32682e-08 5.593e-11 1.65354e-14 7.72313e-19 5.29593e-24 5.05704e-30 6.47659e-37
 1.90555e-41 2.64477e-33 4.43716e-26 8.99846e-20 2.20587e-14 6.53639e-10 2.34123e-06 0.00101367 0.0530518 0.335812 0.270739 0.147612 0.139162 0.0402437 0.010778 0.00148281 9.93844e-05 2.36363e-06 1.49333e-08 1.92657e-11 4.26923e-15 1.46116e-19 7.23394e-25 4.96282e-31 4.5776e-38
 1.95473e-41 2.71304e-33 4.55168e-26 9.23072e-20 2.2628e-14 6.7051e-10 2.40166e-06 0.00103983 0.0544212 0.344515 0.278565 0.1458 0.125971 0.038455 0.00993339 0.00122535 7.03974e-05 1.33978e-06 6.42597e-09 6.19392e-12 1.01882e-15 2.56774e-20 9.27099e-26 4.59441e-32 3.03792e-39
 1.93377e-41 2.68395e-33 4.50288e-26 9.13175e-20 2.23854e-14 6.63321e-10 2.37591e-06 0.00102869 0.0538379 0.340901 0.278847 0.155926 0.12446 0.0354345 0.00850489 0.00100723 4.99546e-05 7.66382e-07 2.81484e-09 2.00256e-12 2.39484e-16 4.37438e-21 1.14378e-26 4.09803e-33 1.9535e-40
 1.87428e-41 2.60138e-33 4.36435e-26 8.85081e-20 2.16967e-14 6.42913e-10 2.30281e-06 0.000997038 0.052182 0.330536 0.275016 0.1694 0.127096 0.0360513 0.00785952 0.000823522 3.60013e-05 4.55934e-07 1.29384e-09 6.85732e-13 5.97012e-17 7.83423e-22 1.46385e-27 3.74509e-34 1.27574e-41
 1.79092e-41 2.48567e-33 4.17023e-26 8.45715e-20 2.07317e-14 6.14319e-10 2.20039e-06 0.000952693 0.0498616 0.316008 0.268983 0.184565 0.131836 0.038943 0.00806347 0.000757012 2.77102e-05 2.87178e-07 6.42941e-10 2.57613e-13 1.64886e-17 1.56573e-22 2.09641e-28 3.81957e-35 9.23526e-43
 1.82375e-41 2.53124e-33 4.24669e-26 8.61219e-20 2.11118e-14 6.25581e-10 2.24073e-06 0.000970159 0.0507762 0.321912 0.275859 0.182317 0.12221 0.0376986 0.00757033 0.000663601 2.06262e-05 1.70338e-07 2.95598e-10 9.02447e-14 4.31274e-18 3.00115e-23 2.90603e-29 3.79717e-36 6.54915e-44
#pred catch len freq
 2.56743e-27 2.59986e-27 4.3269e-26 8.588e-20 2.10524e-14 6.23822e-10 2.23442e-06 0.00096742 0.0506313 0.320307 0.245171 0.0371211 0.110303 0.101902 0.0263378 0.0347827 0.0162053 0.0141886 0.00950566 0.00773588 0.00638128 0.00571355 0.0058693 0.0052625 0.00161149
 2.56923e-27 2.6044e-27 4.68421e-26 9.34161e-20 2.28998e-14 6.78563e-10 2.4305e-06 0.00105231 0.0550743 0.348415 0.266678 0.0398984 0.116331 0.107112 0.0211686 0.0214292 0.0082572 0.00511436 0.00280821 0.00192811 0.00138221 0.00109711 0.00101876 0.00092263 0.00031042
 2.56871e-27 2.60291e-27 4.54261e-26 9.04285e-20 2.21675e-14 6.56862e-10 2.35277e-06 0.00101866 0.0533129 0.337272 0.25819 0.0411991 0.132193 0.121671 0.0223932 0.0204869 0.00688948 0.00280918 0.00112971 0.000555216 0.000311758 0.000206355 0.00016556 0.000143506 5.02282e-05
 2.56848e-27 2.6023e-27 4.49009e-26 8.93206e-20 2.18959e-14 6.48813e-10 2.32394e-06 0.00100618 0.0526597 0.33314 0.255036 0.0412629 0.134895 0.124211 0.0236922 0.0227994 0.00742363 0.00260005 0.000820295 0.000257201 9.2686e-05 4.42811e-05 2.82439e-05 2.19491e-05 7.67502e-06
 2.57177e-27 2.61122e-27 5.277e-26 1.05921e-19 2.59652e-14 7.69396e-10 2.75585e-06 0.00119318 0.0624466 0.395054 0.302277 0.039071 0.0850233 0.0781579 0.0149777 0.01451 0.00479332 0.00178123 0.00053175 0.000134839 3.02789e-05 8.21533e-06 3.43927e-06 2.16067e-06 7.23753e-07
 2.56912e-27 2.60392e-27 4.62156e-26 9.20936e-20 2.25756e-14 6.68956e-10 2.39609e-06 0.00103741 0.0542946 0.343482 0.262942 0.0418142 0.133536 0.122741 0.0195339 0.0136765 0.00451977 0.00172262 0.000528554 0.000137695 2.60799e-05 4.26552e-06 8.65082e-07 3.50213e-07 1.05291e-07
 2.56809e-27 2.60118e-27 4.3867e-26 8.71393e-20 2.13612e-14 6.32969e-10 2.26719e-06 0.000981606 0.0513737 0.325004 0.248834 0.0419162 0.144224 0.132762 0.024184 0.0217392 0.00665573 0.00166963 0.000492035 0.000131625 2.57258e-05 3.66532e-06 3.94685e-07 6.79133e-08 1.56115e-08
 2.57078e-27 2.60854e-27 5.04055e-26 1.00933e-19 2.47425e-14 7.33165e-10 2.62607e-06 0.00113699 0.0595059 0.37645 0.288083 0.0397447 0.100124 0.0921051 0.0176791 0.0171567 0.00554596 0.00186032 0.000491845 9.32032e-05 1.77636e-05 2.59409e-06 2.33988e-07 1.64162e-08 1.89164e-09
 2.57042e-27 2.60746e-27 4.93671e-26 9.8742e-20 2.42054e-14 7.1725e-10 2.56907e-06 0.00111231 0.0582142 0.368279 0.281859 0.040738 0.112055 0.102953 0.0166591 0.0120975 0.00398408 0.00148934 0.000438218 0.000101203 1.50391e-05 1.84241e-06 1.65599e-07 8.26003e-09 3.38939e-10
 2.57016e-27 2.60677e-27 4.87612e-26 9.74638e-20 2.38921e-14 7.07965e-10 2.53581e-06 0.00109791 0.0574606 0.363511 0.278221 0.0408852 0.115731 0.106366 0.0176395 0.0134573 0.00413367 0.00107792 0.000316986 8.23326e-05 1.45949e-05 1.67256e-06 1.19682e-07 5.50538e-09 1.25986e-10
 2.57041e-27 2.60747e-27 4.93997e-26 9.88109e-20 2.42223e-14 7.1775e-10 2.57086e-06 0.00111308 0.0582548 0.368536 0.282052 0.0405383 0.1104 0.101481 0.0174171 0.0141833 0.00440833 0.00121961 0.000318637 6.2262e-05 1.16558e-05 1.56362e-06 1.12513e-07 4.21245e-09 7.95484e-11
 2.57043e-27 2.60749e-27 4.93999e-26 9.88113e-20 2.42224e-14 7.17753e-10 2.57087e-06 0.00111309 0.058255 0.368537 0.282055 0.0406649 0.111361 0.102336 0.0169863 0.0129881 0.00408375 0.00121517 0.00032646 6.44205e-05 9.57424e-06 1.1724e-06 9.66033e-08 3.68553e-09 5.81483e-11
 2.57005e-27 2.60647e-27 4.85095e-26 9.69328e-20 2.37619e-14 7.04108e-10 2.522e-06 0.00109193 0.0571476 0.361531 0.276708 0.0408422 0.116467 0.107071 0.0182361 0.0146445 0.00455521 0.00127053 0.00034657 7.31407e-05 1.11491e-05 1.18407e-06 8.42567e-08 3.51507e-09 5.62945e-11
 2.56965e-27 2.60539e-27 4.75601e-26 9.493e-20 2.32709e-14 6.8956e-10 2.46989e-06 0.00106937 0.0559668 0.354061 0.271008 0.0410786 0.122271 0.112436 0.0193487 0.0158352 0.0049738 0.0014624 0.000393211 7.91644e-05 1.25912e-05 1.39584e-06 8.97185e-08 3.25559e-09 5.45858e-11
 2.56905e-27 2.60378e-27 4.61308e-26 9.19148e-20 2.25318e-14 6.67658e-10 2.39144e-06 0.0010354 0.0541892 0.342815 0.262428 0.0415078 0.131565 0.121011 0.0208389 0.0170771 0.00537761 0.0016047 0.000439614 9.18619e-05 1.41504e-05 1.57524e-06 1.05533e-07 3.53118e-09 5.25788e-11
 2.56943e-27 2.6048e-27 4.70417e-26 9.38364e-20 2.30029e-14 6.81616e-10 2.44143e-06 0.00105705 0.0553221 0.349983 0.267895 0.0411825 0.125248 0.115194 0.0200418 0.0167228 0.00525943 0.00155651 0.000427909 9.095e-05 1.44675e-05 1.6091e-06 1.06928e-07 3.67149e-09 5.1103e-11
 2.57e-27 2.60634e-27 4.83912e-26 9.66834e-20 2.37008e-14 7.02296e-10 2.51551e-06 0.00108912 0.0570005 0.360601 0.275999 0.0409166 0.117531 0.108041 0.0181893 0.0142974 0.00450756 0.00135887 0.00037335 7.89086e-05 1.26924e-05 1.4512e-06 9.76185e-08 3.33571e-09 4.69275e-11
 2.56993e-27 2.60615e-27 4.82092e-26 9.62993e-20 2.36066e-14 6.99506e-10 2.50551e-06 0.00108479 0.0567741 0.359168 0.274908 0.0410671 0.119443 0.109785 0.0181365 0.0137339 0.00427577 0.00120623 0.000330736 7.09398e-05 1.13817e-05 1.30806e-06 9.0195e-08 3.13095e-09 4.40468e-11
 2.56998e-27 2.60625e-27 4.82953e-26 9.64809e-20 2.36511e-14 7.00825e-10 2.51024e-06 0.00108684 0.0568811 0.359846 0.275425 0.0410941 0.119285 0.109629 0.017919 0.0132745 0.00409643 0.00109754 0.000292389 5.94038e-05 9.56751e-06 1.10576e-06 7.65605e-08 2.71536e-09 3.88326e-11
 2.57045e-27 2.60755e-27 4.94392e-26 9.88942e-20 2.42427e-14 7.18355e-10 2.57303e-06 0.00111402 0.0583039 0.368846 0.282292 0.0407471 0.11182 0.102742 0.0167366 0.0123102 0.00378251 0.000986454 0.000257717 4.9773e-05 7.62649e-06 8.60515e-07 5.99644e-08 2.14007e-09 3.11802e-11
 2.5707e-27 2.60822e-27 5.00192e-26 1.00118e-19 2.45426e-14 7.27241e-10 2.60486e-06 0.0011278 0.0590252 0.373409 0.285775 0.0406724 0.108804 0.099936 0.0158236 0.0109334 0.00335105 0.00086628 0.000224261 4.21204e-05 6.19759e-06 6.60805e-07 4.4389e-08 1.58496e-09 2.32777e-11
 2.57112e-27 2.60933e-27 5.10025e-26 1.02192e-19 2.50511e-14 7.4231e-10 2.65883e-06 0.00115117 0.0602482 0.381146 0.291679 0.0404324 0.10283 0.0944117 0.0146419 0.00962633 0.00291466 0.000698917 0.000178432 3.31667e-05 4.7793e-06 4.89369e-07 3.09865e-08 1.06125e-09 1.55025e-11
 2.57116e-27 2.60945e-27 5.10983e-26 1.02394e-19 2.51007e-14 7.43778e-10 2.66409e-06 0.00115345 0.0603673 0.3819 0.292255 0.0404435 0.10251 0.0941078 0.0144354 0.00923065 0.00277406 0.000632424 0.00015684 2.73161e-05 3.86568e-06 3.88314e-07 2.36044e-08 7.62272e-10 1.0664e-11
 2.57115e-27 2.60941e-27 5.10617e-26 1.02317e-19 2.50817e-14 7.43217e-10 2.66208e-06 0.00115258 0.0603218 0.381612 0.292036 0.040517 0.103222 0.0947515 0.0142922 0.00874106 0.00261143 0.000573135 0.000139357 2.30762e-05 3.09328e-06 2.96857e-07 1.76404e-08 5.46905e-10 7.22762e-12
 2.57172e-27 2.61097e-27 5.24394e-26 1.05223e-19 2.57942e-14 7.64329e-10 2.7377e-06 0.00118532 0.0620353 0.392452 0.300307 0.040101 0.094246 0.0864692 0.0128473 0.00752969 0.00223154 0.000462761 0.000110308 1.75903e-05 2.26591e-06 2.04765e-07 1.15004e-08 3.45413e-10 4.38249e-12
 2.57198e-27 2.61166e-27 5.30383e-26 1.06486e-19 2.61039e-14 7.73504e-10 2.77056e-06 0.00119955 0.06278 0.397163 0.303903 0.0399821 0.0908153 0.0832892 0.0120269 0.00645873 0.00190002 0.000376647 8.78162e-05 1.32877e-05 1.65381e-06 1.4284e-07 7.54251e-09 2.13132e-10 2.59976e-12
 2.57151e-27 2.61036e-27 5.18804e-26 1.04044e-19 2.55051e-14 7.55761e-10 2.70701e-06 0.00117203 0.0613399 0.388053 0.296953 0.0404258 0.0990742 0.0908886 0.0129775 0.00671227 0.00195344 0.000354094 8.02177e-05 1.16187e-05 1.38696e-06 1.1393e-07 5.72919e-09 1.52028e-10 1.74185e-12
 2.57157e-27 2.61052e-27 5.20186e-26 1.04335e-19 2.55765e-14 7.57879e-10 2.71459e-06 0.00117532 0.0615118 0.38914 0.297783 0.0404227 0.0984674 0.0903199 0.012718 0.00626297 0.00180931 0.000308789 6.76816e-05 9.01549e-06 1.02845e-06 8.03761e-08 3.82535e-09 9.61194e-11 1.03388e-12
#obs catch len freq
 1.75215e-41 2.43188e-33 4.07997e-26 8.27411e-20 2.0283e-14 6.01022e-10 2.15276e-06 0.000932073 0.048781 0.308603 0.236382 0.0441025 0.15367 0.130202 0.0368328 0.0283807 0.00870276 0.00277998 0.000558336 6.75329e-05 3.56159e-06 5.93443e-08 2.33211e-10 1.74414e-13 2.15157e-17
 1.77249e-41 2.46011e-33 4.12734e-26 8.37016e-20 2.05185e-14 6.07999e-10 2.17775e-06 0.000942893 0.0493473 0.312185 0.239175 0.045983 0.155477 0.124661 0.0358614 0.0259691 0.00765578 0.00227836 0.000416558 4.37716e-05 1.91214e-06 2.50597e-08 7.41003e-11 4.04225e-14 3.5674e-18
 2.18402e-41 3.03127e-33 5.08559e-26 1.03135e-19 2.52822e-14 7.49159e-10 2.68337e-06 0.0011618 0.0608042 0.384665 0.294475 0.0433011 0.0985711 0.0745067 0.0219744 0.014923 0.00423339 0.00116921 0.000193799 1.7539e-05 6.25786e-07 6.39217e-09 1.42087e-11 5.67529e-15 3.60281e-19
 1.74012e-41 2.41517e-33 4.05194e-26 8.21726e-20 2.01436e-14 5.96893e-10 2.13798e-06 0.000925669 0.0484458 0.306484 0.235048 0.0537451 0.183501 0.128768 0.0255104 0.0129723 0.00354484 0.000906976 0.000135643 1.05019e-05 3.03252e-07 2.39005e-09 3.96964e-12 1.16031e-15 5.31435e-20
 2.11265e-41 2.93221e-33 4.91939e-26 9.97643e-20 2.4456e-14 7.24677e-10 2.59568e-06 0.00112384 0.0588172 0.372095 0.285022 0.0474193 0.112982 0.0762951 0.0270174 0.0157447 0.00286422 0.000540239 7.19361e-05 4.73583e-06 1.09949e-07 6.64345e-10 8.19467e-13 1.74563e-16 5.76141e-21
 2.39119e-41 3.31881e-33 5.56799e-26 1.12918e-19 2.76805e-14 8.20223e-10 2.9379e-06 0.00127201 0.066572 0.421154 0.322438 0.0453391 0.077662 0.0478356 0.0107415 0.00524694 0.001448 0.000264368 2.28496e-05 1.17546e-06 2.1754e-08 1.00375e-10 9.1653e-14 1.41835e-17 3.36401e-22
 1.35637e-41 1.88256e-33 3.15838e-26 6.40513e-20 1.57014e-14 4.65262e-10 1.66649e-06 0.000721533 0.0377622 0.238899 0.184225 0.0756385 0.271074 0.154414 0.0259157 0.00931844 0.00169264 0.00030698 2.92956e-05 1.04292e-06 1.3512e-08 4.65866e-11 3.14101e-14 3.52759e-18 6.00537e-23
 2.24007e-41 3.10906e-33 5.2161e-26 1.05781e-19 2.59311e-14 7.68385e-10 2.75223e-06 0.00119162 0.0623647 0.394538 0.302279 0.0481715 0.0871171 0.0526961 0.0338749 0.0155338 0.00198744 0.000225071 1.7013e-05 5.79611e-07 5.50833e-09 1.26979e-11 6.0344e-15 4.87487e-19 5.95184e-24
 2.02175e-41 2.80606e-33 4.70774e-26 9.5472e-20 2.34038e-14 6.93499e-10 2.484e-06 0.00107549 0.0562867 0.356089 0.273473 0.0633881 0.15101 0.0748225 0.0147144 0.00657376 0.00226963 0.000281204 1.27793e-05 3.01532e-07 2.3726e-09 4.10057e-12 1.3126e-15 7.15956e-20 6.08146e-25
 2.07414e-41 2.87877e-33 4.82973e-26 9.79459e-20 2.40103e-14 7.11469e-10 2.54837e-06 0.00110335 0.0577452 0.365317 0.28061 0.0634579 0.137183 0.0659323 0.0205341 0.00688893 0.00103096 0.000182762 1.20143e-05 1.98151e-07 9.86632e-10 1.25623e-12 3.00573e-16 1.15064e-20 6.59682e-26
 2.02522e-41 2.81087e-33 4.71582e-26 9.5636e-20 2.3444e-14 6.9469e-10 2.48826e-06 0.00107733 0.0563833 0.356703 0.27437 0.069419 0.148131 0.0661958 0.0198619 0.00659954 0.0011345 0.000115073 6.83253e-06 1.39751e-07 5.72166e-10 4.65471e-13 7.44786e-17 2.04091e-21 8.42647e-27
 2.14008e-41 2.97029e-33 4.98328e-26 1.0106e-19 2.47736e-14 7.34089e-10 2.62939e-06 0.00113843 0.0595811 0.376934 0.289865 0.0678475 0.126815 0.0537958 0.0176984 0.00535961 0.000871761 8.64589e-05 3.62606e-06 5.70564e-08 2.34331e-10 1.69313e-13 1.92621e-17 3.44506e-22 9.50294e-28
 2.0879e-41 2.89787e-33 4.86178e-26 9.85959e-20 2.41696e-14 7.1619e-10 2.56528e-06 0.00111068 0.0581284 0.367747 0.283344 0.0754368 0.139275 0.054167 0.0156589 0.00436337 0.000701471 6.25374e-05 2.30819e-06 2.67442e-08 7.90054e-11 4.79601e-14 4.75617e-18 6.78808e-23 1.3403e-28
 2.04813e-41 2.84268e-33 4.76918e-26 9.6718e-20 2.37093e-14 7.02549e-10 2.51642e-06 0.00108952 0.0570212 0.360747 0.278511 0.0817466 0.144946 0.0540511 0.0170869 0.00417823 0.00057256 4.60736e-05 1.47968e-06 1.39867e-08 3.05382e-11 1.29803e-14 9.51794e-19 1.07671e-23 1.7174e-29
 1.93103e-41 2.68015e-33 4.4965e-26 9.11882e-20 2.23537e-14 6.62381e-10 2.37254e-06 0.00102723 0.0537611 0.34013 0.263696 0.0937997 0.16417 0.0587397 0.0195006 0.0045396 0.000593512 3.92926e-05 1.04187e-06 8.06505e-09 1.37544e-11 4.32218e-15 2.23474e-19 1.76651e-24 2.02437e-30
 1.75072e-41 2.42988e-33 4.07662e-26 8.26731e-20 2.02663e-14 6.00529e-10 2.151e-06 0.000931307 0.0487409 0.308383 0.240814 0.109983 0.189659 0.0685997 0.0262417 0.00585596 0.000744824 4.43283e-05 9.50133e-07 5.69022e-09 7.50481e-12 1.79133e-15 6.84559e-20 3.88991e-25 3.1344e-31
 1.97482e-41 2.74093e-33 4.59847e-26 9.32561e-20 2.28606e-14 6.77402e-10 2.42635e-06 0.00105052 0.0549803 0.347855 0.270543 0.0974786 0.14359 0.0544948 0.0238008 0.00545629 0.000708964 3.87716e-05 7.09887e-07 3.33126e-09 3.27852e-12 5.79706e-16 1.63997e-20 6.84716e-26 4.00677e-32
 1.91832e-41 2.6625e-33 4.4669e-26 9.05878e-20 2.22065e-14 6.5802e-10 2.35692e-06 0.00102047 0.0534072 0.337919 0.26445 0.112025 0.157252 0.0509771 0.0180002 0.00432465 0.00059073 3.13304e-05 5.0524e-07 1.93232e-09 1.45864e-12 1.8985e-16 3.88766e-21 1.1728e-26 4.96621e-33
 1.89753e-41 2.63365e-33 4.4185e-26 8.96062e-20 2.19659e-14 6.5089e-10 2.33138e-06 0.00100941 0.0528285 0.334274 0.262829 0.11903 0.155558 0.0519428 0.0185239 0.00354724 0.000432938 2.26156e-05 3.33192e-07 1.07383e-09 6.41677e-13 6.33624e-17 9.55283e-22 2.08094e-27 6.30157e-34
 1.92921e-41 2.67762e-33 4.49226e-26 9.11022e-20 2.23326e-14 6.61756e-10 2.3703e-06 0.00102626 0.0537104 0.339871 0.268115 0.122549 0.146498 0.0480866 0.0167016 0.00310926 0.000317802 1.36101e-05 1.77522e-07 4.92732e-10 2.39912e-13 1.84725e-17 2.10478e-22 3.39008e-28 7.4712e-35
 2.00903e-41 2.7884e-33 4.67812e-26 9.48714e-20 2.32566e-14 6.89136e-10 2.46837e-06 0.00106872 0.0559327 0.353946 0.279564 0.121678 0.130878 0.0411395 0.013247 0.00232026 0.00021622 7.57993e-06 7.69404e-08 1.7254e-10 6.83555e-14 4.18193e-18 3.68324e-23 4.48389e-29 7.34271e-36
 2.00136e-41 2.77776e-33 4.66027e-26 9.45092e-20 2.31678e-14 6.86505e-10 2.45895e-06 0.00106464 0.0557192 0.352628 0.280363 0.130117 0.129392 0.0379262 0.0109177 0.00172271 0.000141952 4.23469e-06 3.37717e-08 5.68157e-11 1.70333e-14 8.02304e-19 5.4521e-24 5.07485e-30 6.27508e-37
 2.04401e-41 2.83695e-33 4.75957e-26 9.65231e-20 2.36615e-14 7.01133e-10 2.51135e-06 0.00108733 0.0569066 0.36017 0.287297 0.130952 0.118633 0.0344379 0.00917338 0.00125128 8.68693e-05 2.14326e-06 1.36503e-08 1.75025e-11 3.86127e-15 1.32623e-19 6.62257e-25 4.57589e-31 4.22319e-38
 1.96973e-41 2.73386e-33 4.58662e-26 9.30157e-20 2.28017e-14 6.75656e-10 2.42009e-06 0.00104782 0.0548389 0.347158 0.280682 0.146679 0.125192 0.0347636 0.00851659 0.00105644 6.093e-05 1.18966e-06 5.89295e-09 5.77138e-12 9.50995e-16 2.38845e-20 8.60067e-26 4.26526e-32 2.83152e-39
 2.01759e-41 2.80028e-33 4.69805e-26 9.52755e-20 2.33557e-14 6.92071e-10 2.47889e-06 0.00107327 0.0561714 0.355633 0.288341 0.144138 0.112942 0.0330642 0.00773739 0.00085504 4.18676e-05 6.47863e-07 2.42355e-09 1.76747e-12 2.156e-16 3.97912e-21 1.0435e-26 3.73516e-33 1.77678e-40
 1.99754e-41 2.77246e-33 4.65137e-26 9.43288e-20 2.31236e-14 6.85195e-10 2.45426e-06 0.00106261 0.0556135 0.352195 0.288936 0.153522 0.111141 0.030229 0.00657804 0.000690524 2.88735e-05 3.57143e-07 1.01654e-09 5.45187e-13 4.82485e-17 6.44312e-22 1.22195e-27 3.15878e-34 1.08244e-41
 1.94026e-41 2.69296e-33 4.51799e-26 9.1624e-20 2.24605e-14 6.65547e-10 2.38388e-06 0.00103214 0.0540193 0.342241 0.285696 0.166371 0.113472 0.0305854 0.00600423 0.000555495 2.02991e-05 2.05187e-07 4.48484e-10 1.78507e-13 1.14749e-17 1.0994e-22 1.48854e-28 2.74514e-35 6.71632e-43
 1.8599e-41 2.58143e-33 4.33088e-26 8.78293e-20 2.15303e-14 6.37983e-10 2.28515e-06 0.000989392 0.0517827 0.328274 0.280446 0.180982 0.117968 0.0329375 0.00610269 0.000500685 1.52161e-05 1.2502e-07 2.142e-10 6.41948e-14 3.02688e-18 2.09576e-23 2.03169e-29 2.66699e-36 4.62964e-44
#spawning biomass
 5895.99 8518.14 11120.3 12584.8 19432.1 32323.8 30759.4 34649 47394.8 57224.6 75640.3 96762.7 132136 159140 158181 137985 125885 124981 114635 109350 109909 113307 126927 130508 131484 143616 147528 114601 92750.8 96215 43202.5 21393.7 14755.7 12969.1 12523.1 12417.3 12393.1 12387.7 12386.6 12386.3 12386.2 12386.2 12386.2 12386.2 12386.2 12386.2 12386.2 12386.2 12386.2 12386.2 12386.2 12386.2 12386.2 12386.2 12386.2 12386.2 12386.2 12386.2 12386.2 12386.2 12386.2 12386.2 12386.2 12386.2 12386.2 12386.2 12386.2 12386.2 12386.2 12386.2 12386.2 12386.2 12386.2 12386.2 12386.2 12386.2 12386.2 12386.2 12386.2 12386.2 12386.2 12386.2 12386.2 12386.2 12386.2 12386.2 12386.2 12386.2 12386.2 12386.2 12386.2 12386.2 12386.2 12386.2 12386.2 12386.2 12386.2 12386.2 12386.2 12386.2 12386.2 12386.2 12386.2 12386.2 12386.2 12386.2 12386.2 12386.2 12386.2 12386.2 12386.2 12386.2 12386.2 12386.2 12386.2 12386.2 12386.2 12386.2 12386.2 12386.2 12386.2 12386.2 12386.2 12386.2 12386.2 12386.2 12386.2 12386.2 0 0 0 0 0 0 0 0 0 0 0 0 0 0 0 0 0 0 0 0 0 0 0 0 0
