SBPRF35
0.819782
Curr Bio
117835
B35
892085
F35
0.199061
FOFL
0
OFL
0
Bzero
234224
#pred survey bio
 34875.3 32085.7 23791.3 14790.5 16840 25530.6 35026.5 43647.4 54643.2 69485.2 57524.9 72224.2 74705.2 90177.9 91423.7 90060 94138.2 102155 117387 102910 99874.2 109500 97654.6 97653.5 116851 111724 110830 126901 3.77585e+06 6.78701e+06 7.75992e+06 7.68455e+06 7.01079e+06 6.11046e+06 5.21111e+06 4.42234e+06 3.77954e+06 3.27911e+06 2.90092e+06 2.62059e+06 2.41534e+06 2.26609e+06 2.15736e+06 2.07557e+06 2.0174e+06 1.97566e+06 1.94542e+06 1.9233e+06 1.90695e+06 1.89475e+06 1.88555e+06 1.87854e+06 1.87316e+06 1.869e+06 1.86574e+06 1.86319e+06 1.86116e+06 1.85956e+06 1.85827e+06 1.85724e+06 1.85641e+06 1.85574e+06 1.8552e+06 1.85476e+06 1.85441e+06 1.85412e+06 1.85388e+06 1.85369e+06 1.85353e+06 1.8534e+06 1.8533e+06 1.85321e+06 1.85314e+06 1.85309e+06 1.85304e+06 1.853e+06 1.85297e+06 1.85294e+06 1.85292e+06 1.85291e+06 1.85289e+06 1.85288e+06 1.85287e+06 1.85286e+06 1.85286e+06 1.85285e+06 1.85285e+06 1.85284e+06 1.85284e+06 1.85284e+06 1.85284e+06 1.85284e+06 1.85284e+06 1.85283e+06 1.85283e+06 1.85283e+06 1.85283e+06 1.85283e+06 1.85283e+06 1.85283e+06 1.85283e+06 1.85283e+06 1.85283e+06 1.85283e+06 1.85283e+06 1.85283e+06 1.85283e+06 1.85283e+06 1.85283e+06 1.85283e+06 1.85283e+06 1.85283e+06 1.85283e+06 1.85283e+06 1.85283e+06 1.85283e+06 1.85283e+06 1.85283e+06 1.85283e+06 1.85283e+06 1.85283e+06 1.85283e+06 1.85283e+06 1.85283e+06 1.85283e+06 1.85283e+06 1.85283e+06 1.85283e+06 0 0 0 0 0 0 0 0 0 0 0 0 0 0 0 0 0 0 0 0 0 0 0 0 0
#obs survey bio
 33364.2 21300.3 19894.9 16310.5 20649.8 28693.4 36771.3 56408 61291.8 74149 65101.7 72118.6 54374.1 114585 91007.5 95208.4 75131.5 140122 119725 114347 123950 135910 78208.7 105902 100089 113887 104549 112373
#pred catch bio
 20705.2 18348.7 15272.6 9619.66 9656.37 15762.2 24223.8 30515.3 38517.4 61530.4 46169.9 63932.6 63312.4 81821.8 85879.1 85377.5 89759.3 96306.5 119929 107126 105263 122034 109632 109372 136068 131512 132618 138495 0 52782 59977.7 58869.2 53095.6 45647.2 38338.1 32023.7 26959.1 23088 20225.6 18158.6 16691.7 15664.1 14948.6 14443 14103.8 13876.2 13723.5 13621.1 13552.4 13506.2 13475.3 13454.5 13440.6 13431.2 13425 13420.8 13417.9 13416.1 13414.8 13413.9 13413.4 13413 13412.7 13412.5 13412.4 13412.3 13412.3 13412.3 13412.2 13412.2 13412.2 13412.2 13412.2 13412.2 13412.2 13412.2 13412.2 13412.2 13412.2 13412.2 13412.2 13412.2 13412.2 13412.2 13412.2 13412.2 13412.2 13412.2 13412.2 13412.2 13412.2 13412.2 13412.2 13412.2 13412.2 13412.2 13412.2 13412.2 13412.2 13412.2 13412.2 13412.2 13412.2 13412.2 13412.2 13412.2 13412.2 13412.2 13412.2 13412.2 13412.2 13412.2 13412.2 13412.2 13412.2 13412.2 13412.2 13412.2 13412.2 13412.2 13412.2 13412.2 13412.2 13412.2 13412.2 13412.2 13412.2 13412.2 0 0 0 0 0 0 0 0 0 0 0 0 0 0 0 0 0 0 0 0 0 0 0 0 0
#obs catch bio
 19981 20621.9 17988.1 10683.8 9160.92 14753.9 23022.5 27763.1 35356.7 60350.5 45930.4 64486.9 64469.2 75507.1 83917.1 79080.9 85483.9 87107.4 108441 98930.5 95659.1 114545 106143 98898.6 128280 115677 123922 133856
#pred cpue bio
 33064.2 31045.6 23419.2 14130.5 15444.7 23906 32435.1 40449.7 50504 64150.5 52506.5 65692.7 67697.2 81739.8 82628.6 80901.2 84318.7 91266.1 104951 91320.2 87919.3 95811.7 84993.4 84581.4 100765 96178.8 94945.1 107817 3.31784e+06 6.76994e+06 7.74288e+06 7.66752e+06 6.99376e+06 6.09342e+06 5.19408e+06 4.40531e+06 3.76251e+06 3.26208e+06 2.88389e+06 2.60356e+06 2.3983e+06 2.24906e+06 2.14033e+06 2.05854e+06 2.00037e+06 1.95863e+06 1.92839e+06 1.90627e+06 1.88992e+06 1.87772e+06 1.86852e+06 1.86151e+06 1.85613e+06 1.85196e+06 1.84871e+06 1.84615e+06 1.84413e+06 1.84252e+06 1.84124e+06 1.84021e+06 1.83938e+06 1.83871e+06 1.83817e+06 1.83773e+06 1.83737e+06 1.83708e+06 1.83685e+06 1.83666e+06 1.8365e+06 1.83637e+06 1.83627e+06 1.83618e+06 1.83611e+06 1.83605e+06 1.83601e+06 1.83597e+06 1.83594e+06 1.83591e+06 1.83589e+06 1.83587e+06 1.83586e+06 1.83585e+06 1.83584e+06 1.83583e+06 1.83583e+06 1.83582e+06 1.83582e+06 1.83581e+06 1.83581e+06 1.83581e+06 1.83581e+06 1.8358e+06 1.8358e+06 1.8358e+06 1.8358e+06 1.8358e+06 1.8358e+06 1.8358e+06 1.8358e+06 1.8358e+06 1.8358e+06 1.8358e+06 1.8358e+06 1.8358e+06 1.8358e+06 1.8358e+06 1.8358e+06 1.8358e+06 1.8358e+06 1.8358e+06 1.8358e+06 1.8358e+06 1.8358e+06 1.8358e+06 1.8358e+06 1.8358e+06 1.8358e+06 1.8358e+06 1.8358e+06 1.8358e+06 1.8358e+06 1.8358e+06 1.8358e+06 1.8358e+06 1.8358e+06 1.8358e+06 1.8358e+06 1.8358e+06 0 0 0 0 0 0 0 0 0 0 0 0 0 0 0 0 0 0 0 0 0 0 0 0 0
#obs cpue bio
 22832.6 19013.5 14778.9 11377.1 18140.1 32342.5 34548.8 49993.1 57757.9 64408.1 41141.6 68558.6 79451.2 104606 85301.8 108458 124130 102148 156957 108683 102393 100134 116647 116993 150222 158365 128521 136982
#pred surv len freq
 1.35817e-11 1.47416e-09 9.43459e-08 3.56032e-06 7.92218e-05 0.00103943 0.0080425 0.0367155 0.0991541 0.160502 0.165637 0.135359 0.118634 0.101246 0.0685111 0.0398892 0.0233945 0.0140434 0.00870196 0.00574064 0.00411575 0.00325678 0.00271053 0.00204356 0.00117943
 9.55316e-12 1.0369e-09 6.63617e-08 2.50429e-06 5.5724e-05 0.000731151 0.00565803 0.0258493 0.0700751 0.115581 0.129358 0.131663 0.145565 0.13769 0.098558 0.0606728 0.0357361 0.0194983 0.0100844 0.00532135 0.00302198 0.00193784 0.00139433 0.000984408 0.000561357
 5.73755e-12 6.22756e-10 3.98563e-08 1.50406e-06 3.34677e-05 0.000439145 0.00339902 0.0155447 0.0423584 0.0716224 0.0882859 0.109542 0.141817 0.149548 0.127058 0.0987988 0.0693008 0.0412968 0.0215306 0.0102167 0.00462999 0.00221506 0.00122557 0.000740513 0.00039632
 1.35082e-11 1.46619e-09 9.38358e-08 3.54107e-06 7.87932e-05 0.0010338 0.00799836 0.0365018 0.0984092 0.157946 0.156709 0.112324 0.0828708 0.0732706 0.0680126 0.0631328 0.0537513 0.0397807 0.0251528 0.0132525 0.00588091 0.0023385 0.000938487 0.000421971 0.000192241
 1.76562e-11 1.91641e-09 1.2265e-07 4.62842e-06 0.000102988 0.00135124 0.0104542 0.0477056 0.128563 0.20592 0.202252 0.138908 0.0912799 0.0649993 0.0401446 0.0221585 0.0146056 0.011671 0.00899769 0.0058578 0.00307478 0.00129242 0.000455101 0.000150476 5.09473e-05
 1.44592e-11 1.56941e-09 1.00442e-07 3.79037e-06 8.43407e-05 0.0011066 0.00856215 0.0390873 0.105554 0.170817 0.176058 0.143198 0.124104 0.103154 0.0647693 0.0318357 0.0147519 0.00717962 0.00406445 0.00269083 0.00168058 0.000844933 0.000326916 9.99484e-05 2.6194e-05
 1.60552e-11 1.74264e-09 1.11529e-07 4.20875e-06 9.365e-05 0.00122873 0.00950666 0.0433883 0.11702 0.188176 0.188357 0.13898 0.104936 0.0837098 0.0569473 0.0337663 0.0185456 0.00880158 0.00363827 0.00152455 0.000744312 0.000386505 0.000171628 5.78945e-05 1.46423e-05
 1.57649e-11 1.71113e-09 1.09512e-07 4.13265e-06 9.19567e-05 0.00120652 0.00933493 0.0426077 0.114957 0.185201 0.186986 0.142122 0.111987 0.0894154 0.0569435 0.0298704 0.0153583 0.00787182 0.00369752 0.00150279 0.000538445 0.000194322 7.52086e-05 2.65805e-05 7.23289e-06
 1.60688e-11 1.74412e-09 1.11623e-07 4.21232e-06 9.37294e-05 0.00122977 0.0095148 0.043427 0.117146 0.18855 0.189533 0.141892 0.109271 0.0865496 0.0556891 0.0297348 0.0150434 0.00716176 0.00314962 0.00130546 0.000487628 0.000156606 4.5121e-05 1.26332e-05 3.24669e-06
 1.61595e-11 1.75396e-09 1.12253e-07 4.23609e-06 9.42584e-05 0.00123671 0.00956849 0.043672 0.117805 0.189593 0.1905 0.142389 0.109301 0.0861712 0.0549001 0.0288002 0.0143858 0.00684546 0.00296715 0.00117108 0.000417729 0.000132395 3.61009e-05 8.38019e-06 1.71006e-06
 1.72176e-11 1.8688e-09 1.19603e-07 4.51345e-06 0.00010043 0.00131768 0.0101948 0.0465268 0.125454 0.201491 0.200505 0.14469 0.104349 0.0783649 0.047337 0.022459 0.00993054 0.00437688 0.00183532 0.000713095 0.000248576 7.56914e-05 1.97728e-05 4.32626e-06 7.76597e-07
 1.75488e-11 1.90476e-09 1.21904e-07 4.60029e-06 0.000102362 0.00134303 0.0103909 0.0474201 0.127843 0.205162 0.203381 0.144706 0.101745 0.0752963 0.0454457 0.0216307 0.00941878 0.00389392 0.00146645 0.000515358 0.000169459 4.99809e-05 1.26474e-05 2.65069e-06 4.47409e-07
 1.78326e-11 1.93556e-09 1.23876e-07 4.67468e-06 0.000104017 0.00136475 0.0105588 0.048186 0.129897 0.208378 0.206181 0.145644 0.100902 0.0735045 0.0432372 0.0194487 0.0078487 0.00308841 0.00112702 0.000373713 0.000111632 2.98174e-05 7.03625e-06 1.40958e-06 2.28157e-07
 1.7808e-11 1.93289e-09 1.23704e-07 4.66822e-06 0.000103874 0.00136286 0.0105443 0.0481195 0.129719 0.208097 0.20593 0.145542 0.100958 0.073699 0.0435579 0.0197772 0.00800971 0.00307015 0.00105582 0.000327672 9.24173e-05 2.30264e-05 4.95229e-06 9.03807e-07 1.36178e-07
 1.80495e-11 1.9591e-09 1.25382e-07 4.73154e-06 0.000105282 0.00138135 0.0106872 0.0487711 0.131464 0.210804 0.208171 0.145947 0.0996324 0.0717443 0.0417799 0.0184068 0.0071477 0.00267006 0.000909808 0.000276613 7.43144e-05 1.73207e-05 3.46492e-06 5.82779e-07 8.01461e-08
 1.85781e-11 2.01648e-09 1.29054e-07 4.87011e-06 0.000108366 0.0014218 0.0110001 0.0501967 0.135277 0.216678 0.212834 0.146166 0.0957199 0.0668117 0.0382089 0.0163692 0.00606743 0.00215765 0.000703093 0.000205952 5.39394e-05 1.2223e-05 2.33114e-06 3.66627e-07 4.66085e-08
 1.88085e-11 2.04149e-09 1.30655e-07 4.9305e-06 0.00010971 0.00143943 0.0111365 0.0508182 0.13694 0.219249 0.214914 0.146396 0.0942198 0.0648035 0.0366093 0.0153064 0.00543185 0.00184094 0.000571818 0.000158804 3.9487e-05 8.56753e-06 1.57705e-06 2.3893e-07 2.8863e-08
 1.90175e-11 2.06417e-09 1.32106e-07 4.98529e-06 0.000110929 0.00145542 0.0112602 0.0513818 0.138447 0.221568 0.216743 0.146443 0.0926132 0.0628139 0.0352149 0.0145574 0.00505529 0.00166335 0.000497251 0.000131376 3.09016e-05 6.33271e-06 1.1031e-06 1.5926e-07 1.84473e-08
 1.89505e-11 2.05689e-09 1.31641e-07 4.96771e-06 0.000110538 0.00145029 0.0112205 0.0512011 0.137965 0.22083 0.216184 0.146504 0.0932469 0.0635392 0.0356503 0.0147095 0.00508152 0.00165601 0.000486763 0.000125063 2.82804e-05 5.51224e-06 9.06139e-07 1.23212e-07 1.34857e-08
 1.95479e-11 2.12174e-09 1.35791e-07 5.12434e-06 0.000114023 0.00149601 0.0115741 0.0528124 0.142273 0.22746 0.221412 0.146635 0.0886373 0.0578068 0.0315863 0.0125017 0.00401109 0.00121863 0.000345789 8.73482e-05 1.94083e-05 3.68241e-06 5.82026e-07 7.52456e-08 7.77391e-09
 2.01608e-11 2.18827e-09 1.40049e-07 5.285e-06 0.000117598 0.00154292 0.0119369 0.0544651 0.146691 0.234243 0.226691 0.146539 0.0835597 0.0517017 0.0275307 0.0105743 0.00319828 0.000898428 0.000235778 5.51187e-05 1.15263e-05 2.11118e-06 3.25682e-07 4.09305e-08 4.0687e-09
 2.06001e-11 2.23594e-09 1.431e-07 5.40015e-06 0.00012016 0.00157653 0.0121969 0.0556495 0.149857 0.239103 0.230465 0.146445 0.0798823 0.047297 0.0246259 0.00922015 0.00264768 0.000692589 0.000169596 3.67259e-05 7.04107e-06 1.18509e-06 1.70403e-07 2.03889e-08 1.95936e-09
 2.09625e-11 2.27528e-09 1.45617e-07 5.49514e-06 0.000122274 0.00160426 0.0124114 0.0566268 0.15247 0.243119 0.233608 0.146448 0.0769692 0.04374 0.0221877 0.00798336 0.00209385 0.000479739 0.000105191 2.09218e-05 3.69346e-06 5.71113e-07 7.50987e-08 8.22509e-09 7.32668e-10
 2.12954e-11 2.31141e-09 1.4793e-07 5.58241e-06 0.000124215 0.00162974 0.0126084 0.0575244 0.154868 0.246793 0.236429 0.146268 0.0740155 0.0402906 0.020031 0.00710924 0.00181276 0.000393119 7.9656e-05 1.42185e-05 2.20565e-06 3.0315e-07 3.60862e-08 3.59988e-09 2.92294e-10
 2.15898e-11 2.34337e-09 1.49975e-07 5.6596e-06 0.000125933 0.00165227 0.0127827 0.0583183 0.156989 0.250042 0.238914 0.146081 0.0713604 0.0372097 0.0181313 0.00637153 0.00159892 0.000337142 6.60683e-05 1.13019e-05 1.63902e-06 2.04248e-07 2.15183e-08 1.8878e-09 1.36371e-10
 2.16946e-11 2.35474e-09 1.50703e-07 5.68706e-06 0.000126544 0.00166029 0.0128447 0.0586008 0.157745 0.251204 0.239828 0.146097 0.0705396 0.0361938 0.0174163 0.00599021 0.00142118 0.000270301 4.79874e-05 7.74286e-06 1.07787e-06 1.28567e-07 1.27647e-08 1.02762e-09 6.63467e-11
 2.20077e-11 2.38872e-09 1.52878e-07 5.76914e-06 0.00012837 0.00168425 0.01303 0.059445 0.16 0.254656 0.242463 0.145876 0.0676834 0.0328964 0.0154063 0.00523694 0.00122072 0.000223541 3.74637e-05 5.60333e-06 7.07532e-07 7.68045e-08 7.12419e-09 5.44155e-10 3.3181e-11
 2.25163e-11 2.44393e-09 1.56411e-07 5.90247e-06 0.000131337 0.00172317 0.013331 0.0608164 0.163664 0.260264 0.246739 0.145508 0.0630271 0.0275278 0.0121436 0.00402663 0.000908609 0.000155963 2.41767e-05 3.41093e-06 4.08528e-07 4.14445e-08 3.5285e-09 2.45084e-10 1.37034e-11
#obs surv len freq
 4.14564e-11 3.84203e-09 2.09951e-07 6.76491e-06 0.000128528 0.00143991 0.00951398 0.0371111 0.0859118 0.121307 0.118282 0.111178 0.120642 0.119799 0.101571 0.0772064 0.0503666 0.0271082 0.012181 0.00454594 0.00134876 0.000299467 4.70516e-05 5.02074e-06 3.53982e-07
 2.60053e-11 2.3245e-09 1.22513e-07 3.80739e-06 6.97703e-05 0.000753989 0.00480829 0.0181567 0.0413324 0.0617844 0.079987 0.117402 0.158946 0.164749 0.139144 0.102151 0.0620516 0.0304257 0.0124737 0.00429385 0.00118201 0.000244773 3.61165e-05 3.63072e-06 2.40297e-07
 1.23807e-11 1.06553e-09 5.40719e-08 1.61797e-06 2.85483e-05 0.000297112 0.0018264 0.00668074 0.0151004 0.0247586 0.0418818 0.0785789 0.127325 0.170519 0.191471 0.165459 0.103239 0.0479356 0.0177997 0.00546072 0.00134645 0.000252724 3.41447e-05 3.16608e-06 1.94242e-07
 2.45853e-10 2.03394e-08 9.92178e-07 2.85382e-05 0.000484007 0.00484021 0.028541 0.0992401 0.203534 0.246581 0.177957 0.0806807 0.0319367 0.0249956 0.0299687 0.0298259 0.0220724 0.01224 0.00508225 0.00156609 0.000357404 5.99851e-05 7.2237e-06 6.01944e-07 3.34928e-08
 1.31486e-10 1.04406e-08 4.88828e-07 1.34952e-05 0.000219685 0.00210906 0.0119502 0.0401257 0.0815279 0.110412 0.132905 0.176387 0.197382 0.145065 0.066771 0.0216353 0.00744252 0.00360043 0.00169144 0.00059133 0.000143736 2.38554e-05 2.67961e-06 2.01762e-07 1.00422e-08
 3.65618e-10 2.78245e-08 1.24857e-06 3.3036e-05 0.000515407 0.00474147 0.0257235 0.0823559 0.156152 0.178623 0.134928 0.0920311 0.0822456 0.0842277 0.0765037 0.0514585 0.0227026 0.00632895 0.00119457 0.000194356 3.39831e-05 5.35425e-06 6.01088e-07 4.40955e-08 2.06592e-09
 4.18949e-10 3.05159e-08 1.31062e-06 3.31908e-05 0.000495626 0.00436441 0.0226743 0.0696696 0.128225 0.15034 0.140379 0.142916 0.140465 0.102657 0.0558588 0.026084 0.0109529 0.00374911 0.000946475 0.000166555 2.0327e-05 1.8396e-06 1.35762e-07 8.08853e-09 3.4726e-10
 6.65377e-10 4.6328e-08 1.90198e-06 4.60424e-05 0.000657209 0.0055319 0.0274685 0.0806193 0.141296 0.155535 0.130981 0.119684 0.117001 0.0976066 0.0673606 0.0369997 0.0145253 0.00385271 0.000716956 0.000102921 1.19229e-05 1.04867e-06 6.47633e-08 2.73464e-09 8.01637e-11
 9.44426e-10 6.2782e-08 2.46088e-06 5.68766e-05 0.000775129 0.00622956 0.0295403 0.0828823 0.139583 0.151119 0.133621 0.131292 0.125908 0.0955424 0.0585447 0.0296259 0.0114233 0.00314276 0.000615223 8.70345e-05 8.9111e-06 6.57555e-07 3.48817e-08 1.31028e-09 3.37316e-11
 1.36983e-09 8.68438e-08 3.24637e-06 7.1556e-05 0.000930025 0.00712851 0.0322442 0.0863693 0.139449 0.147393 0.133025 0.134661 0.12792 0.0949866 0.0566436 0.0270878 0.00943521 0.00223802 0.00036594 4.37866e-05 3.99781e-06 2.73371e-07 1.3315e-08 4.43791e-10 9.90348e-12
 2.13211e-09 1.28775e-07 4.58604e-06 9.63018e-05 0.00119243 0.00870752 0.0375264 0.0958071 0.1477 0.150153 0.132434 0.131288 0.121191 0.0880794 0.0516992 0.0240372 0.00799863 0.00178557 0.000268936 2.8586e-05 2.22871e-06 1.27955e-07 5.30233e-09 1.54623e-10 3.088e-12
 3.05113e-09 1.75389e-07 5.94475e-06 0.000118811 0.00140018 0.00973199 0.0399336 0.0972276 0.14406 0.145241 0.134902 0.138983 0.12522 0.0864303 0.0477644 0.0208689 0.00652918 0.00136992 0.000193356 1.91226e-05 1.36922e-06 7.0798e-08 2.58034e-09 6.48076e-11 1.10347e-12
 4.51287e-09 2.46674e-07 7.95024e-06 0.000151088 0.00169313 0.0111908 0.0436777 0.101277 0.143753 0.141965 0.133918 0.138807 0.123494 0.085129 0.0472346 0.0202643 0.00606554 0.00119811 0.000157532 1.43929e-05 9.47137e-07 4.48989e-08 1.49526e-09 3.40767e-11 5.20959e-13
 6.55694e-09 3.40511e-07 1.04268e-05 0.000188261 0.00200442 0.0125884 0.0467059 0.10318 0.140992 0.139078 0.137274 0.144109 0.124325 0.0821967 0.0435641 0.0177276 0.00500371 0.000928369 0.000114165 9.697e-06 5.89111e-07 2.56273e-08 7.79747e-10 1.61863e-11 2.2496e-13
 1.01335e-08 4.99592e-07 1.45231e-05 0.000248942 0.00251629 0.0150037 0.0528668 0.111068 0.145235 0.139897 0.137602 0.141566 0.118349 0.0762457 0.0392767 0.0152771 0.00405209 0.000696562 7.81969e-05 5.97858e-06 3.24945e-07 1.27006e-08 3.49812e-10 6.60174e-12 8.34752e-14
 1.52211e-08 7.11918e-07 1.96337e-05 0.000319279 0.00306176 0.0173216 0.0579373 0.115811 0.145569 0.139099 0.1392 0.141529 0.114757 0.071915 0.0359699 0.0134487 0.00341193 0.000563168 6.1227e-05 4.55298e-06 2.38255e-07 8.75552e-09 2.21164e-10 3.76545e-12 4.26766e-14
 2.18065e-08 9.6702e-07 2.52857e-05 0.000389864 0.00354486 0.0190188 0.0603829 0.115071 0.14054 0.137517 0.144719 0.146696 0.114862 0.0691825 0.0330786 0.0117056 0.00278902 0.00043019 4.35562e-05 3.01497e-06 1.47544e-07 5.1102e-09 1.22306e-10 1.9703e-12 2.09547e-14
 3.24059e-08 1.36182e-06 3.37446e-05 0.00049305 0.00424853 0.0216044 0.0650537 0.117938 0.138781 0.135029 0.143088 0.143598 0.112524 0.069271 0.0335221 0.0116699 0.00269524 0.00040417 4.02556e-05 2.76121e-06 1.32778e-07 4.42645e-09 9.99808e-11 1.50315e-12 1.48718e-14
 4.75379e-08 1.89234e-06 4.44171e-05 0.000614763 0.00501819 0.0241798 0.0690747 0.11949 0.137283 0.136938 0.148802 0.145576 0.108705 0.0634108 0.0289691 0.00950026 0.00206908 0.000293805 2.78986e-05 1.83867e-06 8.54866e-08 2.76454e-09 6.05703e-11 8.79642e-13 8.33613e-15
 7.32643e-08 2.7617e-06 6.13834e-05 0.000804517 0.00621891 0.0283802 0.076833 0.126309 0.139363 0.13621 0.145299 0.138928 0.103052 0.0604334 0.0273322 0.00868252 0.001817 0.000248984 2.30136e-05 1.48164e-06 6.68995e-08 2.0802e-09 4.35091e-11 6.01527e-13 5.42573e-15
 1.08627e-07 3.87653e-06 8.15721e-05 0.00101218 0.0074079 0.0320184 0.0822272 0.129143 0.139711 0.139622 0.149819 0.137858 0.0967036 0.0533657 0.0226916 0.00679366 0.00134751 0.000176498 1.57353e-05 9.8236e-07 4.29964e-08 1.29143e-09 2.59841e-11 3.43991e-13 2.95549e-15
 1.55897e-07 5.26627e-06 0.000104897 0.0012321 0.00853684 0.0349471 0.0851855 0.128204 0.137317 0.141874 0.153724 0.137784 0.0937348 0.0500834 0.0203409 0.00572964 0.00105797 0.000128005 1.04937e-05 6.03575e-07 2.45508e-08 6.92528e-10 1.31874e-11 1.65841e-13 1.35423e-15
 2.20793e-07 7.05963e-06 0.000133099 0.0014798 0.00970621 0.0376364 0.0871292 0.125985 0.13445 0.143666 0.156457 0.137459 0.092133 0.048504 0.0190965 0.00514094 0.000903663 0.000104304 8.16575e-06 4.45752e-07 1.6989e-08 4.43514e-10 7.76441e-12 8.97356e-14 6.76e-16
 3.40883e-07 1.03165e-05 0.000184101 0.00193741 0.012029 0.0441626 0.0969062 0.133401 0.13724 0.142867 0.15073 0.128892 0.0852628 0.0442545 0.0169119 0.00437779 0.000742254 8.35299e-05 6.43455e-06 3.45223e-07 1.27847e-08 3.19628e-10 5.29041e-12 5.71972e-14 3.99558e-16
 4.43952e-07 1.2718e-05 0.000214835 0.00214024 0.0125836 0.0438162 0.091838 0.12433 0.135657 0.15499 0.164855 0.133082 0.0809141 0.0383525 0.0134499 0.00320771 0.000500508 5.16618e-05 3.65248e-06 1.81497e-07 6.3167e-09 1.50284e-10 2.38136e-12 2.46306e-14 1.63749e-16
 6.78931e-07 1.8412e-05 0.00029443 0.00277673 0.0154554 0.0509494 0.101115 0.129649 0.13411 0.146449 0.152709 0.126254 0.0815404 0.0405207 0.0142728 0.00332609 0.00050441 5.08389e-05 3.5102e-06 1.68194e-07 5.53148e-09 1.22343e-10 1.78976e-12 1.71111e-14 1.05729e-16
 8.64911e-07 2.22073e-05 0.000336228 0.0030026 0.015834 0.0495789 0.0945201 0.121459 0.136854 0.161962 0.166062 0.127439 0.0748615 0.0340287 0.0111669 0.00247075 0.000362323 3.59028e-05 2.45912e-06 1.16599e-07 3.75703e-09 8.04673e-11 1.12663e-12 1.01879e-14 5.88845e-17
 1.32037e-06 3.2101e-05 0.000460217 0.00389169 0.0194351 0.0576536 0.104299 0.127835 0.138536 0.158062 0.157307 0.119458 0.0700748 0.0311146 0.00962158 0.00194271 0.000252679 2.17172e-05 1.28581e-06 5.38976e-08 1.5901e-09 3.20921e-11 4.29883e-13 3.73366e-15 2.06731e-17
#pred catch len freq
 1.35296e-11 1.46851e-09 9.39841e-08 3.54667e-06 7.8918e-05 0.00103545 0.00801168 0.036575 0.0987782 0.159922 0.16517 0.135316 0.118984 0.101696 0.0688403 0.0400835 0.0235086 0.0141119 0.00874443 0.00576866 0.00413583 0.00327267 0.00272376 0.00205354 0.00118518
 9.4478e-12 1.02547e-09 6.56298e-08 2.47667e-06 5.51094e-05 0.000723088 0.00559566 0.0255651 0.0693146 0.114407 0.128413 0.131574 0.146272 0.138612 0.0992568 0.0611071 0.0359922 0.0196381 0.0101567 0.00535949 0.00304364 0.00195173 0.00140432 0.000991463 0.000565381
 5.79487e-12 6.28978e-10 4.02545e-08 1.51908e-06 3.3802e-05 0.000443532 0.00343294 0.0156993 0.0427726 0.0722656 0.0888214 0.109649 0.141523 0.149113 0.126668 0.0984934 0.0690866 0.0411691 0.021464 0.0101851 0.00461567 0.00220821 0.00122178 0.000738224 0.000395095
 1.36056e-11 1.47676e-09 9.45123e-08 3.5666e-06 7.93613e-05 0.00104125 0.00805602 0.0367646 0.0991141 0.159047 0.157656 0.112611 0.0825445 0.0726882 0.0674057 0.0625617 0.0532646 0.0394205 0.024925 0.0131325 0.00582766 0.00231732 0.000929989 0.000418149 0.0001905
 1.75768e-11 1.90779e-09 1.22098e-07 4.60761e-06 0.000102525 0.00134517 0.0104072 0.0474915 0.12799 0.205036 0.201541 0.138846 0.0918137 0.0656724 0.0406148 0.022424 0.0147811 0.0118113 0.00910585 0.00592822 0.00311174 0.00130796 0.000460572 0.000152285 5.15597e-05
 1.44674e-11 1.5703e-09 1.00499e-07 3.79251e-06 8.43882e-05 0.00110722 0.00856698 0.0391093 0.105613 0.170907 0.176129 0.143199 0.12404 0.103075 0.0647162 0.0318093 0.0147397 0.00717367 0.00406108 0.0026886 0.00167919 0.000844233 0.000326646 9.98656e-05 2.61723e-05
 1.62387e-11 1.76255e-09 1.12803e-07 4.25684e-06 9.47201e-05 0.00124277 0.00961525 0.0438832 0.118344 0.190218 0.18999 0.139095 0.103637 0.082039 0.0556968 0.0330129 0.0181311 0.00860483 0.00355694 0.00149047 0.000727673 0.000377865 0.000167791 5.66003e-05 1.4315e-05
 1.59708e-11 1.73348e-09 1.10943e-07 4.18663e-06 9.31578e-05 0.00122227 0.00945681 0.043163 0.116442 0.187486 0.188789 0.14217 0.110408 0.087466 0.055588 0.0291481 0.0149862 0.00768107 0.00360792 0.00146637 0.000525398 0.000189613 7.33861e-05 2.59364e-05 7.05762e-06
 1.62845e-11 1.76753e-09 1.13122e-07 4.26885e-06 9.49874e-05 0.00124628 0.00964245 0.0440087 0.118701 0.190944 0.191424 0.14195 0.107628 0.0845075 0.0542497 0.0289538 0.0146475 0.00697324 0.00306671 0.00127109 0.000474792 0.000152484 4.39333e-05 1.23006e-05 3.16123e-06
 1.68738e-11 1.83149e-09 1.17215e-07 4.42333e-06 9.84247e-05 0.00129137 0.00999126 0.0455982 0.122956 0.197518 0.196747 0.142541 0.103795 0.0793658 0.0501493 0.026267 0.0131177 0.00624195 0.00270556 0.00106783 0.000380901 0.000120722 3.29181e-05 7.64137e-06 1.5593e-06
 1.76411e-11 1.91477e-09 1.22545e-07 4.62447e-06 0.0001029 0.00135009 0.0104455 0.0476688 0.128507 0.206181 0.204164 0.144655 0.100892 0.0741931 0.0445518 0.0211127 0.00933362 0.00411372 0.00172497 0.00067022 0.00023363 7.11405e-05 1.8584e-05 4.06615e-06 7.29905e-07
 1.81615e-11 1.97126e-09 1.2616e-07 4.76089e-06 0.000105936 0.00138992 0.0107535 0.0490722 0.132259 0.211946 0.208673 0.144651 0.0967351 0.0692434 0.0413903 0.0196625 0.00855933 0.00353852 0.0013326 0.000468319 0.000153991 4.54189e-05 1.1493e-05 2.40875e-06 4.06573e-07
 1.83308e-11 1.98963e-09 1.27336e-07 4.80528e-06 0.000106923 0.00140287 0.0108537 0.0495294 0.133488 0.213889 0.210458 0.145525 0.0967133 0.0685041 0.0399651 0.0179467 0.00724065 0.00284908 0.00103968 0.000344752 0.000102981 2.75067e-05 6.49097e-06 1.30034e-06 2.10475e-07
 1.84557e-11 2.00319e-09 1.28204e-07 4.83802e-06 0.000107652 0.00141243 0.0109276 0.0498661 0.134387 0.215263 0.211494 0.145399 0.095527 0.0672031 0.0392877 0.0177989 0.00720601 0.002762 0.00094984 0.000294783 8.31411e-05 2.07152e-05 4.45521e-06 8.13089e-07 1.2251e-07
 1.87561e-11 2.03579e-09 1.3029e-07 4.91675e-06 0.000109404 0.00143541 0.0111054 0.0506763 0.136556 0.218617 0.214221 0.145738 0.093629 0.0646053 0.0371431 0.0163208 0.00633498 0.00236636 0.000806322 0.00024515 6.58615e-05 1.53506e-05 3.0708e-06 5.16491e-07 7.10299e-08
 1.92508e-11 2.08949e-09 1.33727e-07 5.04643e-06 0.000112289 0.00147327 0.0113982 0.0520105 0.140124 0.224113 0.218577 0.145923 0.0899361 0.059967 0.0338067 0.0144397 0.00534961 0.00190228 0.000619876 0.000181576 4.75552e-05 1.07763e-05 2.05523e-06 3.23233e-07 4.10919e-08
 1.94683e-11 2.11309e-09 1.35238e-07 5.10345e-06 0.000113558 0.00148992 0.011527 0.0525971 0.141694 0.226537 0.220534 0.146119 0.0884887 0.0580494 0.0323026 0.0134626 0.00477495 0.0016182 0.000502632 0.00013959 3.47094e-05 7.53092e-06 1.38623e-06 2.10021e-07 2.53708e-08
 1.96308e-11 2.13073e-09 1.36367e-07 5.14605e-06 0.000114506 0.00150235 0.0116232 0.0530355 0.142866 0.228342 0.221961 0.14617 0.0872611 0.0565178 0.0312149 0.0128627 0.00446434 0.00146882 0.000439093 0.000116011 2.72874e-05 5.59204e-06 9.74088e-07 1.40633e-07 1.62898e-08
 1.97486e-11 2.14353e-09 1.37185e-07 5.17695e-06 0.000115193 0.00151137 0.0116929 0.0533533 0.143716 0.229646 0.222974 0.146144 0.0862741 0.0553394 0.0304447 0.0125089 0.00431818 0.00140713 0.000413605 0.000106266 2.403e-05 4.68377e-06 7.69949e-07 1.04693e-07 1.14589e-08
 2.02993e-11 2.20329e-09 1.41011e-07 5.3213e-06 0.000118405 0.00155351 0.0120188 0.0548383 0.147687 0.235754 0.22778 0.146232 0.0819762 0.0500233 0.0267127 0.0105195 0.00337208 0.00102437 0.000290664 7.34234e-05 1.63143e-05 3.09537e-06 4.89241e-07 6.32501e-08 6.53462e-09
 2.08397e-11 2.26195e-09 1.44764e-07 5.46295e-06 0.000121557 0.00159486 0.0123387 0.0562954 0.151582 0.241734 0.232431 0.146137 0.0774827 0.044629 0.0231408 0.00883485 0.00266922 0.000749695 0.000196743 4.59933e-05 9.61803e-06 1.76166e-06 2.71762e-07 3.4154e-08 3.39509e-09
 2.13048e-11 2.31243e-09 1.47995e-07 5.58487e-06 0.00012427 0.00163046 0.0126139 0.0575496 0.154933 0.246877 0.236412 0.145996 0.0735247 0.0399219 0.0200812 0.00745843 0.00213855 0.000559287 0.000136952 2.96567e-05 5.68576e-06 9.56975e-07 1.37603e-07 1.64643e-08 1.58221e-09
 2.16084e-11 2.34538e-09 1.50104e-07 5.66446e-06 0.000126041 0.00165369 0.0127936 0.0583683 0.157122 0.25024 0.239042 0.145991 0.0710723 0.0369341 0.0180419 0.00643339 0.00168438 0.000385814 8.45937e-05 1.68251e-05 2.97025e-06 4.59284e-07 6.03937e-08 6.61454e-09 5.89205e-10
 2.18719e-11 2.37398e-09 1.51935e-07 5.73354e-06 0.000127578 0.00167385 0.0129496 0.0590788 0.159021 0.253149 0.241275 0.145849 0.0687354 0.0342044 0.0163345 0.00574041 0.00146089 0.000316712 6.41716e-05 1.14545e-05 1.77689e-06 2.4422e-07 2.90713e-08 2.90009e-09 2.35474e-10
 2.21606e-11 2.40532e-09 1.5394e-07 5.80922e-06 0.000129262 0.00169595 0.0131205 0.0598572 0.1611 0.256334 0.24371 0.145661 0.0661238 0.0311781 0.014474 0.00502453 0.00125783 0.000265115 5.1951e-05 8.88691e-06 1.2888e-06 1.60604e-07 1.69203e-08 1.48442e-09 1.07231e-10
 2.22567e-11 2.41575e-09 1.54608e-07 5.83441e-06 0.000129823 0.0017033 0.0131774 0.0601164 0.161793 0.257399 0.244544 0.145662 0.0653519 0.0302339 0.0138242 0.00469305 0.0011105 0.000211113 3.74774e-05 6.04702e-06 8.41795e-07 1.00408e-07 9.96897e-09 8.02547e-10 5.18155e-11
 2.25191e-11 2.44423e-09 1.5643e-07 5.9032e-06 0.000131353 0.00172338 0.0133326 0.0608238 0.163683 0.260292 0.246752 0.145476 0.0629562 0.027469 0.0121403 0.00406378 0.000944283 0.000172822 2.89615e-05 4.33166e-06 5.46959e-07 5.93738e-08 5.50736e-09 4.20659e-10 2.56506e-11
 2.28328e-11 2.47828e-09 1.58609e-07 5.98542e-06 0.000133183 0.00174738 0.0135183 0.0616695 0.165943 0.26375 0.249391 0.145255 0.0600938 0.0241643 0.0101254 0.00330862 0.000744303 0.000127689 1.97921e-05 2.79232e-06 3.34436e-07 3.39281e-08 2.88857e-09 2.00635e-10 1.12181e-11
#obs catch len freq
 4.13319e-11 3.83049e-09 2.0932e-07 6.74459e-06 0.000128141 0.00143558 0.00948522 0.0369958 0.0856065 0.120601 0.116488 0.10738 0.115888 0.117701 0.103809 0.0811483 0.0533844 0.0291363 0.01357 0.00525175 0.00157629 0.000347063 5.40849e-05 5.79802e-06 4.16099e-07
 5.72359e-11 5.11606e-09 2.69644e-07 8.37978e-06 0.000153555 0.00165923 0.0105742 0.0397906 0.0889436 0.121812 0.117251 0.111843 0.121887 0.119598 0.100404 0.0754309 0.0483522 0.02553 0.0112307 0.00407709 0.00116599 0.000247261 3.6822e-05 3.70194e-06 2.44718e-07
 3.68321e-11 3.1699e-09 1.60861e-07 4.81333e-06 8.49262e-05 0.000883686 0.00542664 0.0197435 0.0434235 0.0634586 0.0824106 0.12127 0.161139 0.163743 0.13651 0.0986724 0.0586974 0.0281939 0.0113158 0.00378822 0.00100466 0.000198613 2.77563e-05 2.62607e-06 1.62786e-07
 1.80224e-11 1.491e-09 7.27326e-08 2.09206e-06 3.54842e-05 0.000355011 0.00209835 0.00738833 0.0161599 0.0261159 0.0444303 0.0826737 0.131677 0.173852 0.191339 0.160618 0.0972274 0.0439769 0.0159391 0.00475206 0.00112912 0.00020236 2.5891e-05 2.25852e-06 1.297e-07
 3.55168e-10 2.82019e-08 1.32041e-06 3.64526e-05 0.000593382 0.00569545 0.032234 0.107576 0.211771 0.246306 0.170854 0.0750409 0.0300665 0.0246823 0.0293413 0.0283952 0.0203996 0.0109649 0.00439824 0.00130494 0.000285632 4.57181e-05 5.21443e-06 4.08862e-07 2.12938e-08
 1.96779e-10 1.49754e-08 6.71995e-07 1.77805e-05 0.000277411 0.00255256 0.0138635 0.0446437 0.0872174 0.114758 0.13682 0.178819 0.193152 0.136138 0.0603122 0.0192209 0.00677394 0.00329586 0.00150004 0.00050155 0.000115992 1.82439e-05 1.93437e-06 1.36895e-07 6.37697e-09
 5.48337e-10 3.99404e-08 1.71539e-06 4.34413e-05 0.00064868 0.00571163 0.0296586 0.0908913 0.165025 0.18112 0.132418 0.0894308 0.0799779 0.0810275 0.0717483 0.046398 0.0195497 0.0052119 0.000952941 0.000153523 2.63652e-05 3.96541e-06 4.19206e-07 2.88138e-08 1.26103e-09
 6.39737e-10 4.45428e-08 1.82869e-06 4.42683e-05 0.000631889 0.00531899 0.0264167 0.0776153 0.136778 0.154453 0.141044 0.141134 0.134355 0.0948879 0.0504553 0.0232335 0.00955364 0.00316419 0.000766545 0.000128908 1.50486e-05 1.30797e-06 9.24796e-08 5.2154e-09 2.0966e-10
 1.02409e-09 6.80777e-08 2.66845e-06 6.1674e-05 0.000840504 0.00675471 0.0320244 0.0897616 0.150395 0.158998 0.130415 0.117305 0.111965 0.0912047 0.0615071 0.0326856 0.0123027 0.00312676 0.000560796 7.79294e-05 8.69007e-06 7.28252e-07 4.25737e-08 1.69652e-09 4.67975e-11
 1.48024e-09 9.38432e-08 3.50801e-06 7.73231e-05 0.00100497 0.00770278 0.0348365 0.0932412 0.149957 0.155734 0.133542 0.127669 0.118375 0.0872571 0.0522737 0.0257121 0.00954754 0.00252136 0.0004737 6.42228e-05 6.28395e-06 4.41832e-07 2.22498e-08 7.89393e-10 1.9096e-11
 2.16904e-09 1.31005e-07 4.66546e-06 9.79697e-05 0.00121308 0.00885827 0.0381749 0.0974482 0.150116 0.152101 0.132909 0.130388 0.119505 0.0861369 0.050087 0.0231678 0.00772985 0.00175211 0.000274633 3.15974e-05 2.7674e-06 1.80321e-07 8.316e-09 2.61256e-10 5.47656e-12
 3.39957e-09 1.95419e-07 6.62364e-06 0.000132378 0.00156006 0.0108425 0.0444756 0.108102 0.158829 0.154513 0.131472 0.125811 0.111916 0.078954 0.0451241 0.0202385 0.00643505 0.00136922 0.000196987 2.00484e-05 1.49542e-06 8.18235e-08 3.21627e-09 8.85517e-11 1.66231e-12
 4.91434e-09 2.68618e-07 8.6575e-06 0.000164528 0.00184373 0.0121857 0.0475493 0.110122 0.155387 0.14981 0.133892 0.132534 0.114745 0.0767533 0.0412539 0.0173719 0.00518845 0.00103645 0.000139547 1.31923e-05 9.01875e-07 4.43448e-08 1.53021e-09 3.62526e-11 5.80304e-13
 7.35247e-09 3.81824e-07 1.16918e-05 0.000211101 0.00224756 0.014114 0.0523401 0.115336 0.155714 0.14666 0.132356 0.131204 0.112129 0.0749479 0.0403557 0.0166241 0.00473674 0.000889023 0.000111322 9.70989e-06 6.09533e-07 2.74566e-08 8.64974e-10 1.85765e-11 2.66761e-13
 1.08151e-08 5.33194e-07 1.54999e-05 0.000265685 0.0026855 0.0160116 0.0564007 0.118307 0.153565 0.143991 0.135073 0.13494 0.111624 0.0714839 0.03671 0.0143209 0.00384265 0.000676591 7.91361e-05 6.40853e-06 3.70958e-07 1.53195e-08 4.40604e-10 8.61431e-12 1.1241e-13
 1.67455e-08 7.83217e-07 2.16e-05 0.000351253 0.00336831 0.0190538 0.0636958 0.126971 0.157564 0.144015 0.134276 0.131291 0.105252 0.0656595 0.0327037 0.012162 0.0030597 0.000498085 5.30719e-05 3.8629e-06 1.99968e-07 7.42118e-09 1.93223e-10 3.43363e-12 4.07494e-14
 2.53685e-08 1.12498e-06 2.9416e-05 0.000453542 0.00412368 0.0221192 0.0701463 0.132929 0.158288 0.142847 0.134594 0.129632 0.100744 0.0611002 0.0294961 0.0105263 0.00253108 0.000395589 4.08151e-05 2.8861e-06 1.43487e-07 4.99268e-09 1.18975e-10 1.90535e-12 2.02615e-14
 3.65006e-08 1.53389e-06 3.80085e-05 0.000555346 0.00478516 0.0243292 0.073198 0.132169 0.152786 0.140961 0.139539 0.134005 0.100573 0.0585846 0.0269908 0.00910163 0.00205272 0.000299484 2.87525e-05 1.89183e-06 8.79609e-08 2.88449e-09 6.50932e-11 9.85353e-13 9.82017e-15
 5.48376e-08 2.18292e-06 5.12375e-05 0.000709151 0.00578828 0.027881 0.0795154 0.136452 0.151534 0.137993 0.136568 0.129696 0.0975818 0.058071 0.0269797 0.00892374 0.00194902 0.000276523 2.61226e-05 1.70151e-06 7.75537e-08 2.44166e-09 5.19079e-11 7.32607e-13 6.78883e-15
 8.05672e-08 3.03698e-06 6.75019e-05 0.000884701 0.00683845 0.0312014 0.0843886 0.138089 0.149466 0.139121 0.141048 0.130587 0.0935875 0.0527239 0.0231014 0.00719324 0.00148107 0.000198972 1.7922e-05 1.12165e-06 4.94152e-08 1.50825e-09 3.10735e-11 4.23116e-13 3.75057e-15
 1.24611e-07 4.44695e-06 9.35749e-05 0.00116109 0.00849692 0.0367079 0.0940514 0.146111 0.151378 0.137086 0.135756 0.122821 0.0875302 0.049501 0.0214037 0.006443 0.00127409 0.000165216 1.44852e-05 8.84744e-07 3.77946e-08 1.1076e-09 2.17629e-11 2.81916e-13 2.37708e-15
 1.85965e-07 6.28197e-06 0.000125128 0.00146969 0.0101815 0.0416512 0.101189 0.149965 0.151573 0.139092 0.13788 0.119863 0.0806905 0.0428935 0.0174251 0.00494278 0.000926612 0.000114893 9.71683e-06 5.75221e-07 2.37971e-08 6.72973e-10 1.27075e-11 1.5747e-13 1.26355e-15
 2.6854e-07 8.58628e-06 0.000161881 0.00179972 0.0118024 0.045723 0.105391 0.14943 0.148746 0.140184 0.140185 0.118806 0.0775651 0.0398522 0.0154281 0.00411046 0.000716463 8.198e-05 6.37218e-06 3.47597e-07 1.33703e-08 3.5519e-10 6.34678e-12 7.46779e-14 5.69167e-16
 3.8232e-07 1.15705e-05 0.000206479 0.00217285 0.0134891 0.0494944 0.108304 0.147261 0.145259 0.140926 0.14181 0.118029 0.0759538 0.0383789 0.014371 0.00365532 0.00060636 6.61767e-05 4.90831e-06 2.53711e-07 9.12885e-09 2.24182e-10 3.68082e-12 3.97972e-14 2.79824e-16
 5.95039e-07 1.70461e-05 0.000287941 0.00286823 0.0168554 0.0585512 0.121361 0.156621 0.147459 0.137361 0.132966 0.107596 0.0682762 0.0339288 0.0123066 0.00300832 0.000481582 5.12717e-05 3.74061e-06 1.89758e-07 6.62182e-09 1.5547e-10 2.41017e-12 2.43513e-14 1.58645e-16
 7.75697e-07 2.10362e-05 0.000336391 0.00317238 0.017655 0.0581616 0.115068 0.14559 0.144673 0.148876 0.14663 0.112235 0.0654248 0.0296866 0.0098823 0.00222505 0.000327606 3.19778e-05 2.14173e-06 1.00716e-07 3.30556e-09 7.38714e-11 1.0959e-12 1.05845e-14 6.55667e-17
 1.19435e-06 3.06656e-05 0.000464273 0.00414532 0.0218414 0.0681161 0.127513 0.152306 0.142114 0.138151 0.132955 0.104402 0.0645919 0.0305861 0.0101887 0.00223871 0.000320374 3.05315e-05 1.99439e-06 9.02299e-08 2.79258e-09 5.79476e-11 7.93346e-13 7.08267e-15 4.078e-17
 1.57501e-06 3.82919e-05 0.000548961 0.00464169 0.0231703 0.068591 0.122929 0.145283 0.144258 0.150699 0.142662 0.103826 0.0583401 0.0252716 0.00784993 0.00163952 0.000227136 2.12929e-05 1.37902e-06 6.1651e-08 1.8665e-09 3.74504e-11 4.9006e-13 4.13323e-15 2.22404e-17
#spawning biomass
 34008.6 31584 23609.8 14475.7 16175.2 24753.1 33789.7 42120.1 52667 66938.3 55131 69109.6 71364 86154.8 87231.1 85696.1 89460.3 96968.5 111463 97392.2 94185.3 102988 91633.1 91438.2 109204 104335 103281 117835 148245 321704 365675 358922 323747 278368 233838 195368 164512 140928 123489 110896 101959 95697.7 91338.5 88258.5 86192 84805.5 83875.2 83251 82832.2 82551.2 82362.7 82236.2 82151.3 82094.4 82056.1 82030.5 82013.3 82001.8 81994 81988.8 81985.3 81983 81981.4 81980.4 81979.7 81979.2 81978.9 81978.7 81978.5 81978.4 81978.4 81978.3 81978.3 81978.3 81978.3 81978.3 81978.3 81978.2 81978.2 81978.2 81978.2 81978.2 81978.2 81978.2 81978.2 81978.2 81978.2 81978.2 81978.2 81978.2 81978.2 81978.2 81978.2 81978.2 81978.2 81978.2 81978.2 81978.2 81978.2 81978.2 81978.2 81978.2 81978.2 81978.2 81978.2 81978.2 81978.2 81978.2 81978.2 81978.2 81978.2 81978.2 81978.2 81978.2 81978.2 81978.2 81978.2 81978.2 81978.2 81978.2 81978.2 81978.2 81978.2 81978.2 81978.2 81978.2 81978.2 81978.2 0 0 0 0 0 0 0 0 0 0 0 0 0 0 0 0 0 0 0 0 0 0 0 0 0
