SBPRF35
0.0170226
Curr Bio
257.906
B35
32.7211
F35
3.9424e+008
FOFL
2.77539e+008
OFL
0.00201526
Bzero
1702.26
#pred survey bio
 999.785 723.921 629.168 505.926 521.773 456.09 416.6 388.142 386.95 397.386 431.842 425.53 458.97 501.173 490.974 483.592 499.193 517.99 507.094 480.146 458.54 440.634 417.093 401.775 391.413 386.035 378.524 386.39 393.085 401.344 404.699 404.337 428.442 438.718 425.157 428.888 425.618 479.011 505.16 560.787 597.601 575.9 493.801 430.609 406.857 396.196 415.592 436.559 538.141 187.61 245.315 294.48 300.151 270.047 242.195 225.899 221.37 220.701 218.223 215.605 215.776 213.335 207.672 224.214 229.355 254.514 304.871 359.034 213.856 252.697 335.906 434.518 268.783 310.639 396.276 490.108 292.548 316.397 339.095 389.971 483.129 605.987 373.485 378.093 355.613 366.952 400.977 427.521 369.802 439.339 607.042 751.799 290.466 408.302 445.107 489.158 172.87 258.66 825.588 35852 35852 35852 35852 35852 35852 35852 35852 35852 35852 35852 35852 35852 35852 35852 35852 35852 35852 35852 35852 35852 35852 35852 35852 35852 35852 35852 35852 35852 35852 35852 35852 35852 35852 35852 35852 35852 35852 35852 35852 35852 35852 35852 35852 35852 35852 35852 35852 35852 35852 35852 35852 35852 35852 35852 35852 35852 35852 35852 35852 35852 35852 35852 35852 35852 35852 35852 35852 35852 35852 35852 35852 35852 35852 35852 35852 35852 35852 35852 35852 35852 35852 35852 35852 35852 35852 35852 35852 35852 35852 35852 35852 35852 35852 35852 35852 35852 35852 35852 0 0 0 0 0 0 0 0 0 0 0 0 0 0 0 0 0 0 0 0 0 0 0 0 0
#obs survey bio
 778.221 712.823 643.41 942.125 424.196 567.774 303.097 529.166 417.441 450.73 477.027 483.697 456.511 621.949 465.978 444.901 243.3 576.846 443.736 358.465 357.464 515.258 392.753 429.312 296.549 462.946 325.115 445.386 499.894 356.265 377.908 230.122 401.524 550.135 394.568 429.378 304.149 376.036 484.641 364.133 535.601 494.851 377.423 291.072 456.024 327.224 299.971 385.079 285.051 282.878 233.227 213.252 270.728 327.051 252.835 286.859 211.743 163.832 207.208 191.519 152.879 164.076 167.821 235.743 187.638 192.259 159 221.719 172.041 141.176 179.535 324.87 252.234 199.945 215.97 262.38 186.566 198.448 186.856 168.124 247.011 287.837 192.213 215.811 298.169 170.115 329.244 237.904 196.385 222.149 212.119 184.781 217.898 248.337 170.115 179.817 223.719 337.401
#pred catch bio
 385.997 174.813 143.715 122 95.0161 81.5598 73.8507 68.2581 63.6699 60.3659 63.4692 64.9853 61.153 62.8133 65.8907 63.0314 62.0154 62.7816 65.9552 58.8088 55.5445 60.0383 59.3509 55.6166 57.955 56.5444 56.1422 60.1049 53.5109 57.2498 59.5371 57.2891 60.6957 65.446 57.3905 68.3149 57.8986 55.7628 53.4146 55.8311 67.1408 76.3797 78.4329 92.2793 89.6459 91.9608 92.4614 75.9494 83.59 73.2134 80.6926 92.1954 91.5595 104.341 94.9021 86.579 89.7257 94.1722 90.8979 89.4369 92.9448 97.796 97.621 107.931 101.542 100.98 99.676 102.39 91.5793 107.112 108.372 120.263 109.463 131.481 134.822 132.961 127.545 146.745 145.957 153.57 149.936 173.923 181.741 194.544 171.367 177.898 168.197 175.707 173.642 171.964 161.859 136.111 172.357 197.115 169.068 397.576 0.00169095 0.001906 0.00201526 0.0725189 0.0725189 0.0725189 0.0725189 0.0725189 0.0725189 0.0725189 0.0725189 0.0725189 0.0725189 0.0725189 0.0725189 0.0725189 0.0725189 0.0725189 0.0725189 0.0725189 0.0725189 0.0725189 0.0725189 0.0725189 0.0725189 0.0725189 0.0725189 0.0725189 0.0725189 0.0725189 0.0725189 0.0725189 0.0725189 0.0725189 0.0725189 0.0725189 0.0725189 0.0725189 0.0725189 0.0725189 0.0725189 0.0725189 0.0725189 0.0725189 0.0725189 0.0725189 0.0725189 0.0725189 0.0725189 0.0725189 0.0725189 0.0725189 0.0725189 0.0725189 0.0725189 0.0725189 0.0725189 0.0725189 0.0725189 0.0725189 0.0725189 0.0725189 0.0725189 0.0725189 0.0725189 0.0725189 0.0725189 0.0725189 0.0725189 0.0725189 0.0725189 0.0725189 0.0725189 0.0725189 0.0725189 0.0725189 0.0725189 0.0725189 0.0725189 0.0725189 0.0725189 0.0725189 0.0725189 0.0725189 0.0725189 0.0725189 0.0725189 0.0725189 0.0725189 0.0725189 0.0725189 0.0725189 0.0725189 0.0725189 0.0725189 0.0725189 0.0725189 0.0725189 0.0725189 0.0725189 0.0725189 0.0725189 0 0 0 0 0 0 0 0 0 0 0 0 0 0 0 0 0 0 0 0 0 0 0 0 0
#obs catch bio
 0 167.442 128.959 115.639 86.8552 76.7227 77.0427 77.1126 71.5122 66.4516 65.9244 72.0134 65.5854 64.891 69.3 66.7838 64.3704 64.856 68.8618 62.5517 60.873 67.5216 67.5212 63.0645 65.7259 63.846 63.5424 68.0686 59.8914 63.2856 65.261 63.1919 65.248 69.4994 61.9619 75.1111 63.4443 59.1713 61.9018 64.01 68.9921 73.6287 80.4094 97.2853 88.4448 92.2922 98.957 83.9652 95.4748 92.7916 102.323 95.3993 86.6665 97.4089 96.4838 90.0218 95.5098 101.679 96.9038 96.6015 101.972 106.231 101.111 106.018 99.5143 107.487 111.019 115.248 109.421 119.954 116.967 130.984 120.7 141.157 137.364 143.965 144.577 162.964 156.947 163.935 157.199 191.021 174.651 196.941 174.617 188.004 174.527 182.385 188.371 185.216 187.259 177.98 210.921 183.065 184.503 189.367 0.00186369 0.00247251
#pred cpue bio
 974.35 667.475 569.783 450.012 459.34 408.122 367.686 338.193 335.064 344.742 376.355 371.393 398.547 440.097 432.28 423.166 438.225 459.477 451.786 428.686 409.386 391.089 366.772 351.82 341.039 335.637 326.306 331.488 338.913 348.711 352.758 354.339 376.238 385.652 372.397 373.208 367.369 411.877 436.55 489.864 527.526 514.849 439.464 375.739 341.689 311.185 316.343 347.889 475.436 144.912 184.687 212.753 231.966 208.917 169.461 150.118 146.047 143.035 141.205 140.382 138.472 139.245 129.786 129.822 124.09 138.585 189.726 287.21 157.023 153.86 200.494 341.268 197.429 200.789 229.42 391.978 234.116 240.169 246.879 282.553 356.874 504.891 312.193 307.507 275.544 266.112 310.331 354.127 307.651 324.412 466.695 632.548 246.291 346.247 380.5 404.5 140.677 271.471 500.234 21723.2 21723.2 21723.2 21723.2 21723.2 21723.2 21723.2 21723.2 21723.2 21723.2 21723.2 21723.2 21723.2 21723.2 21723.2 21723.2 21723.2 21723.2 21723.2 21723.2 21723.2 21723.2 21723.2 21723.2 21723.2 21723.2 21723.2 21723.2 21723.2 21723.2 21723.2 21723.2 21723.2 21723.2 21723.2 21723.2 21723.2 21723.2 21723.2 21723.2 21723.2 21723.2 21723.2 21723.2 21723.2 21723.2 21723.2 21723.2 21723.2 21723.2 21723.2 21723.2 21723.2 21723.2 21723.2 21723.2 21723.2 21723.2 21723.2 21723.2 21723.2 21723.2 21723.2 21723.2 21723.2 21723.2 21723.2 21723.2 21723.2 21723.2 21723.2 21723.2 21723.2 21723.2 21723.2 21723.2 21723.2 21723.2 21723.2 21723.2 21723.2 21723.2 21723.2 21723.2 21723.2 21723.2 21723.2 21723.2 21723.2 21723.2 21723.2 21723.2 21723.2 21723.2 21723.2 21723.2 21723.2 21723.2 21723.2 0 0 0 0 0 0 0 0 0 0 0 0 0 0 0 0 0 0 0 0 0 0 0 0 0
#obs cpue bio
 589.717 417.764 489.943 314.803 386.286 432.075 328.783 311.84 336.26 279.438 286.59 302.728 305.79 268.937 332.521 239.321 256.575 304.989 244.939 326.78 388.739 394.207 333.489 383.014 312.046 421.26 278.508 228.575 274.595 262.977 213.352 277.807 299.769 289.025 272.496 276.061 259.206 227.996 306.468 437.138 324.998 326.952 349.804 213.493 244.741 151.905 209.78 268.61 212.693 227.031 161.114 179.684 243.353 177.774 200.344 142.605 176.605 146.588 142.706 153.935 126.764 147.418 99.6589 99.0963 91.6034 102.234 119.681 128.635 128.411 136.139 203.37 138.903 147.214 150.861 135.453 209.731 184.319 238.958 236.489 206.304 261.036 214.193 182.932 202.218 150.364 110.057 225.017 215.039 215.993 195.7 261.358 246.546 171.388 167.159 163.642 246.739 207.171 258.427
#pred surv len freq
 2.99721e-026 3.35758e-020 5.51202e-015 1.23444e-010 3.77134e-007 0.000157179 0.00893638 0.0693108 0.0733388 0.0113393 0.0202517 0.0726582 0.0375966 0.0317709 0.070801 0.0421684 0.0656629 0.0543789 0.0599102 0.0660112 0.0722338 0.0774889 0.0861795 0.0658343 0.0139705
 4.01538e-026 4.59969e-020 7.55116e-015 1.69111e-010 5.16652e-007 0.000215326 0.0122423 0.0949518 0.100465 0.0145007 0.000292796 0.00123189 0.0284373 0.0897006 0.0440414 0.0471444 0.0558616 0.0513987 0.0593523 0.0617504 0.0619689 0.0697031 0.0795514 0.0848824 0.0423075
 3.81428e-026 4.35447e-020 7.14859e-015 1.60095e-010 4.89108e-007 0.000203846 0.0115897 0.0898897 0.0951086 0.013728 0.000430678 0.0102046 0.0885639 0.104863 0.0172233 0.0124261 0.0699776 0.0683636 0.054298 0.0546904 0.0597345 0.063429 0.0734232 0.0774628 0.0343887
 4.50718e-026 5.20134e-020 8.53886e-015 1.91231e-010 5.8423e-007 0.000243491 0.0138436 0.107372 0.113606 0.0164476 0.00502121 0.0600322 0.104638 0.0255819 0.0231451 0.0969634 0.0592858 0.0320012 0.0632218 0.0544437 0.054833 0.0617288 0.0677077 0.0356961 0.00418726
 3.68743e-026 4.20024e-020 6.89539e-015 1.54425e-010 4.71784e-007 0.000196626 0.0111792 0.0867059 0.0917399 0.0132414 0.000282137 0.00292867 0.0546296 0.139074 0.0512641 0.0485253 0.098239 0.0434819 0.068577 0.0534058 0.0511948 0.0545648 0.0588766 0.054615 0.0172773
 4.17261e-026 4.79284e-020 7.86824e-015 1.76212e-010 5.38347e-007 0.000224368 0.0127564 0.098939 0.104683 0.0151625 0.00508026 0.0589687 0.0991794 0.0230037 0.0135593 0.0909558 0.095619 0.0678778 0.0677222 0.0598393 0.0532031 0.0550587 0.0535821 0.0226051 0.00197948
 4.13094e-026 4.74193e-020 7.78467e-015 1.74341e-010 5.32629e-007 0.000221985 0.0126209 0.0978881 0.103571 0.0149939 0.00479634 0.061717 0.115473 0.0342643 0.0545958 0.0817154 0.0335998 0.0791891 0.0804547 0.0664626 0.0574005 0.0543401 0.0384102 0.00798879 0.000295557
 4.06284e-026 4.65872e-020 7.64806e-015 1.71281e-010 5.23282e-007 0.000218089 0.0123994 0.0961704 0.101754 0.0148198 0.00920568 0.0815508 0.101907 0.0267531 0.0757215 0.0879587 0.0597243 0.0611113 0.0668528 0.0744855 0.0605297 0.048354 0.0188465 0.00161406 2.23159e-005
 4.14501e-026 4.75908e-020 7.81282e-015 1.74971e-010 5.34555e-007 0.000222787 0.0126665 0.0982421 0.103946 0.0150536 0.0050911 0.0622601 0.110393 0.0349633 0.0723868 0.0894019 0.0646283 0.0776619 0.0632299 0.066991 0.0653478 0.0440323 0.0126972 0.000776579 7.59039e-006
 4.17627e-026 4.79727e-020 7.87551e-015 1.76375e-010 5.38844e-007 0.000224575 0.0127682 0.0990304 0.10478 0.0151676 0.00471159 0.0603476 0.112612 0.0335867 0.0578797 0.093909 0.0670385 0.0805687 0.072884 0.0670202 0.0645236 0.0424044 0.0100364 0.000501844 4.04981e-006
 4.1602e-026 4.7777e-020 7.84338e-015 1.75655e-010 5.36646e-007 0.000223659 0.0127161 0.0986264 0.104352 0.0150729 0.00206958 0.0388611 0.116203 0.0493218 0.0394629 0.0972042 0.0609359 0.0797507 0.077446 0.0752039 0.0677173 0.0495073 0.0143855 0.000928674 1.01428e-005
 4.28667e-026 4.93203e-020 8.09673e-015 1.81329e-010 5.5398e-007 0.000230884 0.0131269 0.101812 0.107724 0.0157221 0.0106758 0.0844723 0.0939576 0.0206006 0.0626972 0.0877426 0.060514 0.0782228 0.0754918 0.0769428 0.0668212 0.0367552 0.00628143 0.00020747 1.09822e-006
 4.18204e-026 4.80434e-020 7.88711e-015 1.76635e-010 5.39638e-007 0.000224906 0.012787 0.0991763 0.104934 0.0151625 0.00265263 0.0454001 0.119474 0.047504 0.0568714 0.0901357 0.0519914 0.0767949 0.0723137 0.0764537 0.0727501 0.0451824 0.00975266 0.000434161 3.1621e-006
 4.02111e-026 4.60788e-020 7.56459e-015 1.69412e-010 5.17571e-007 0.000215709 0.0122641 0.0951207 0.100643 0.014535 0.00176795 0.0353899 0.115292 0.0522558 0.029972 0.0974751 0.0712182 0.0768439 0.0694107 0.0757852 0.0768014 0.0573051 0.0166107 0.0010809 1.19832e-005
 4.13064e-026 4.74156e-020 7.78406e-015 1.74327e-010 5.32587e-007 0.000221967 0.0126199 0.0978805 0.103563 0.0150268 0.00656216 0.0680197 0.100729 0.0238415 0.0490442 0.0933316 0.05541 0.0831837 0.0774113 0.0757462 0.0762908 0.0500112 0.0106424 0.000459628 3.26327e-006
 4.23214e-026 4.8655e-020 7.98752e-015 1.78884e-010 5.46508e-007 0.000227769 0.0129498 0.100439 0.10627 0.0153776 0.00433386 0.0570553 0.110209 0.0343977 0.0577611 0.0838288 0.0509578 0.0765969 0.0740817 0.0795479 0.0757353 0.0495344 0.0102719 0.000421009 2.80499e-006
 4.10268e-026 4.70747e-020 7.72809e-015 1.73073e-010 5.28757e-007 0.000220371 0.0125292 0.0971767 0.102819 0.0148537 0.00229871 0.041461 0.116881 0.0469461 0.0393214 0.0944852 0.0602738 0.0732431 0.0676696 0.0768387 0.0789726 0.0577339 0.0154114 0.000856422 7.84421e-006
 4.00916e-026 4.59328e-020 7.54063e-015 1.68875e-010 5.15932e-007 0.000215026 0.0122253 0.0948195 0.100325 0.0145011 0.00294506 0.046956 0.113085 0.0388366 0.0361156 0.0968551 0.0602442 0.0770711 0.0730339 0.0740016 0.079118 0.0612914 0.017314 0.00103646 1.02662e-005
 3.97221e-026 4.54815e-020 7.46654e-015 1.67216e-010 5.10862e-007 0.000212913 0.0121051 0.0938878 0.0993389 0.0143819 0.00459743 0.0581821 0.107047 0.030238 0.0482403 0.0919098 0.0536379 0.079912 0.0753265 0.0782835 0.0790836 0.0584648 0.0144267 0.000717308 5.80233e-006
 3.92449e-026 4.48983e-020 7.3708e-015 1.65072e-010 5.04312e-007 0.000210183 0.0119499 0.092684 0.0980653 0.014247 0.00723826 0.0713316 0.0998454 0.0263458 0.0652322 0.0823544 0.0578306 0.0769403 0.0753648 0.0812626 0.0797971 0.049819 0.00916288 0.000316497 1.73027e-006
 3.97001e-026 4.5454e-020 7.46202e-015 1.67115e-010 5.10553e-007 0.000212784 0.0120978 0.093831 0.0992789 0.014446 0.00824165 0.074206 0.0946014 0.0275803 0.0751906 0.0760594 0.0648867 0.074809 0.0758179 0.082063 0.0795036 0.0413437 0.00568884 0.000140233 5.35491e-007
 4.06131e-026 4.65687e-020 7.64502e-015 1.71213e-010 5.23074e-007 0.000218003 0.0123945 0.0961321 0.101714 0.0148102 0.00878856 0.0762852 0.0936839 0.0282158 0.0764509 0.073413 0.0691125 0.0748138 0.0765116 0.0817683 0.0773643 0.0345128 0.00373982 7.05009e-005 2.03292e-007
 4.08757e-026 4.68892e-020 7.69763e-015 1.72391e-010 5.26674e-007 0.000219503 0.0124798 0.0967937 0.102414 0.0149028 0.00854911 0.0770463 0.0983373 0.0295796 0.0771084 0.0747442 0.0681479 0.0746215 0.0765651 0.0806209 0.0744108 0.0305187 0.00289319 4.69127e-005 1.15705e-007
 4.14754e-026 4.76214e-020 7.81785e-015 1.75084e-010 5.34899e-007 0.000222931 0.0126747 0.0983053 0.104013 0.0151063 0.00735064 0.0726725 0.10233 0.0304165 0.0755505 0.0802295 0.0675865 0.0745715 0.0750667 0.0790005 0.0723571 0.0297015 0.00279934 4.48922e-005 1.09358e-007
 4.19961e-026 4.82573e-020 7.92223e-015 1.77421e-010 5.42041e-007 0.000225907 0.0128439 0.0996179 0.105402 0.0152934 0.00672359 0.0702769 0.10503 0.0302903 0.0708605 0.0832103 0.0672696 0.0768312 0.0745125 0.0773051 0.0711116 0.0301635 0.00298163 5.02452e-005 1.28566e-007
 4.28605e-026 4.93127e-020 8.0955e-015 1.81302e-010 5.53896e-007 0.000230848 0.0131249 0.101797 0.107707 0.0156214 0.00651652 0.0697978 0.107139 0.0304713 0.0686796 0.0846327 0.0645768 0.0767669 0.0744943 0.0756563 0.0691882 0.0303701 0.00317191 5.68519e-005 1.5495e-007
 4.42727e-026 5.1037e-020 8.37857e-015 1.87641e-010 5.73264e-007 0.00023892 0.0135838 0.105356 0.111473 0.0161564 0.00608816 0.068031 0.109503 0.0312806 0.0661393 0.0858047 0.0624974 0.0754209 0.0725819 0.0741545 0.0673602 0.0308002 0.003461 6.74586e-005 2.00593e-007
 4.41954e-026 5.09429e-020 8.36312e-015 1.87295e-010 5.72207e-007 0.00023848 0.0135587 0.105162 0.111267 0.0160987 0.0044363 0.0597158 0.118125 0.0367829 0.0574803 0.091349 0.0602314 0.0755246 0.0704718 0.0721894 0.067434 0.034963 0.00484955 0.000120715 4.64067e-007
 4.25224e-026 4.89002e-020 8.02778e-015 1.79785e-010 5.49262e-007 0.000228917 0.0130151 0.100945 0.106806 0.0154547 0.00444194 0.0603553 0.120116 0.0365824 0.053974 0.0979632 0.0607187 0.0767985 0.0703134 0.0711855 0.0671966 0.0377102 0.00601611 0.000177391 8.17513e-007
 4.18131e-026 4.80343e-020 7.88562e-015 1.76601e-010 5.39536e-007 0.000224863 0.0127846 0.0991575 0.104914 0.0151785 0.00414747 0.0569002 0.114775 0.0354694 0.0537304 0.0988793 0.060406 0.0811598 0.0730658 0.0729149 0.0684612 0.0404561 0.00713459 0.000237893 1.25234e-006
 4.11215e-026 4.71899e-020 7.747e-015 1.73497e-010 5.30051e-007 0.000220911 0.0125598 0.0974145 0.10307 0.0149177 0.00450273 0.0590701 0.113108 0.033587 0.0534051 0.0947314 0.0601499 0.0821228 0.0755021 0.076109 0.0701662 0.0415845 0.00751719 0.000259345 1.41845e-006
 4.09761e-026 4.70122e-020 7.71783e-015 1.72844e-010 5.28056e-007 0.000220079 0.0125126 0.0970477 0.102682 0.0148808 0.00564677 0.0652122 0.108402 0.0300703 0.0603251 0.0912411 0.0596127 0.0797899 0.0761815 0.0782406 0.0715095 0.03969 0.00653092 0.000202846 9.94725e-007
 4.11688e-026 4.7248e-020 7.75653e-015 1.73711e-010 5.30704e-007 0.000221183 0.0125753 0.0975344 0.103197 0.0149145 0.00285518 0.0461954 0.113659 0.0413423 0.048339 0.0943506 0.0586188 0.0792803 0.0741829 0.0788351 0.0760299 0.0476809 0.00978554 0.000399939 2.63675e-006
 4.12567e-026 4.73553e-020 7.77415e-015 1.74105e-010 5.31909e-007 0.000221685 0.0126039 0.0977558 0.103431 0.0149561 0.00349809 0.0515678 0.113232 0.0362835 0.0416027 0.094669 0.059857 0.0780749 0.073731 0.0779961 0.0775377 0.0512371 0.0112407 0.00049916 3.61043e-006
 4.22406e-026 4.85562e-020 7.9713e-015 1.7852e-010 5.45398e-007 0.000227307 0.0129235 0.100235 0.106055 0.0153655 0.00553146 0.0644181 0.108285 0.0292991 0.0545958 0.0903928 0.0540814 0.0768583 0.0729423 0.0765865 0.0757606 0.0471131 0.00899249 0.000334453 2.00158e-006
 4.19457e-026 4.81962e-020 7.91219e-015 1.77197e-010 5.41354e-007 0.000225621 0.0128277 0.0994917 0.105268 0.0152425 0.00498672 0.0618936 0.11155 0.0328266 0.059077 0.0881712 0.0565479 0.0755734 0.0704807 0.0760172 0.0750542 0.0460266 0.00844071 0.000296499 1.66502e-006
 4.33685e-026 4.99332e-020 8.19736e-015 1.83583e-010 5.60865e-007 0.000233753 0.01329 0.103078 0.109062 0.0158053 0.00588895 0.0667422 0.108999 0.0302803 0.0620985 0.0894048 0.0598896 0.0737717 0.0688389 0.0722433 0.0715904 0.0416504 0.00691711 0.00021474 1.05387e-006
 4.54211e-026 5.244e-020 8.60889e-015 1.92799e-010 5.89022e-007 0.000245488 0.0139572 0.108252 0.114537 0.0165433 0.00213089 0.039125 0.115679 0.0489136 0.0416234 0.0933231 0.0578163 0.0758297 0.0691123 0.0696045 0.0700331 0.0504652 0.0122106 0.000592363 4.66007e-006
 4.18391e-026 4.80652e-020 7.89069e-015 1.76715e-010 5.39883e-007 0.000225008 0.0127928 0.0992213 0.104983 0.0154031 0.013605 0.0964751 0.0955368 0.0205563 0.0667313 0.084255 0.0626024 0.0758996 0.072572 0.0721802 0.0670967 0.0349251 0.00481897 0.000119739 4.62478e-007
 3.72924e-026 4.25141e-020 6.97939e-015 1.56306e-010 4.77531e-007 0.000199022 0.0113154 0.0877622 0.0928576 0.0134706 0.00607869 0.06794 0.108547 0.0362671 0.0846022 0.0815303 0.0617289 0.0803962 0.0773946 0.0782133 0.0710073 0.035772 0.00480075 0.00011568 4.32048e-007
 3.72804e-026 4.25002e-020 6.97712e-015 1.56255e-010 4.77376e-007 0.000198957 0.0113117 0.0877336 0.0928273 0.0134221 0.00309481 0.0460202 0.102094 0.0350604 0.0545609 0.0976548 0.0744102 0.0851718 0.0790879 0.0844089 0.0795431 0.0454711 0.00768238 0.000244037 1.22055e-006
 4.08246e-026 4.68281e-020 7.6876e-015 1.72167e-010 5.25987e-007 0.000219217 0.0124635 0.0966676 0.10228 0.0147783 0.00242177 0.0398561 0.101694 0.0372438 0.0356844 0.0866924 0.0596041 0.0856841 0.086284 0.0853323 0.0846824 0.0558167 0.0120712 0.000520288 3.61545e-006
 4.34196e-026 4.99958e-020 8.20764e-015 1.83813e-010 5.61569e-007 0.000234046 0.0133067 0.103207 0.109199 0.0158501 0.00709434 0.070742 0.100683 0.0239619 0.0503841 0.0791601 0.0503322 0.072436 0.0787026 0.0869751 0.0823063 0.0472811 0.00789412 0.000248834 1.24214e-006
 4.74268e-026 5.48882e-020 9.01081e-015 2.018e-010 6.16521e-007 0.000256949 0.0146088 0.113306 0.119885 0.017386 0.00693029 0.0720255 0.107535 0.0302166 0.0668172 0.0754182 0.049127 0.062897 0.0640148 0.0770177 0.0764151 0.0401909 0.00579706 0.000153557 6.37716e-007
 5.83312e-026 6.82029e-020 1.11966e-014 2.50753e-010 7.66076e-007 0.000319279 0.0181526 0.140792 0.148966 0.021517 0.00270389 0.0451114 0.121751 0.047658 0.0443544 0.0868664 0.0508563 0.0571903 0.0484749 0.053708 0.0610441 0.0416269 0.00856165 0.000342845 2.20363e-006
 6.26093e-026 7.34258e-020 1.20541e-014 2.69955e-010 8.24741e-007 0.000343729 0.0195427 0.151573 0.160374 0.0231864 0.00481448 0.067125 0.14103 0.0424926 0.0374664 0.0857781 0.04868 0.0532401 0.0435242 0.0397176 0.0424321 0.0314178 0.00696191 0.000296901 2.03206e-006
 5.71702e-026 6.67841e-020 1.09637e-014 2.45537e-010 7.5014e-007 0.000312637 0.017775 0.137863 0.145867 0.0210925 0.00494324 0.0725928 0.158762 0.0506321 0.0515893 0.103497 0.047466 0.0515359 0.0413067 0.0346108 0.0310195 0.0232155 0.00565222 0.000263701 1.96326e-006
 4.38286e-026 5.04936e-020 8.28936e-015 1.85643e-010 5.6716e-007 0.000236376 0.0134391 0.104234 0.110286 0.0159992 0.0076691 0.0912698 0.154556 0.0418674 0.0757145 0.125118 0.0622751 0.06786 0.0447206 0.0355645 0.0277773 0.0175616 0.00370206 0.000147176 9.17469e-007
 3.06748e-026 3.44348e-020 5.65304e-015 1.26602e-010 3.86782e-007 0.0001612 0.009165 0.071084 0.075211 0.0108561 0.000399682 0.0115172 0.0973122 0.112506 0.0345747 0.117057 0.119204 0.0889408 0.0962316 0.0656481 0.0446754 0.0297819 0.0137338 0.00189288 4.72957e-005
 2.42857e-020 4.20711e-015 9.94263e-011 3.20631e-007 0.000141309 0.00860316 0.0775394 0.141876 0.082287 0.0537591 0.121573 0.0886349 0.129329 0.112764 0.0921749 0.0559344 0.0280891 0.00689283 0.000398276 3.8584e-006 5.58259e-009 1.15592e-012 3.36107e-017 1.35951e-022 2.53827e-027
 5.94882e-026 6.96136e-020 1.14282e-014 2.5594e-010 7.81922e-007 0.000325883 0.018528 0.143704 0.152047 0.0220231 0.00630538 0.0684641 0.146751 0.10129 0.117437 0.086044 0.0671345 0.0454375 0.0200754 0.00420513 0.000224558 2.09691e-006 2.97459e-009 6.07844e-013 1.74818e-017
 5.65374e-026 6.60119e-020 1.08369e-014 2.42697e-010 7.41466e-007 0.000309022 0.0175694 0.136269 0.14418 0.0208121 0.000940592 0.0237728 0.145224 0.121412 0.0282584 0.0890392 0.112093 0.074997 0.0490315 0.0273412 0.00798318 0.000752116 1.48895e-005 4.86419e-008 2.37187e-011
 4.41119e-026 5.08398e-020 8.3462e-015 1.86916e-010 5.71049e-007 0.000237997 0.0135313 0.104949 0.111042 0.0160509 0.00366569 0.0652796 0.173522 0.0635667 0.0277392 0.128404 0.0991367 0.0611897 0.0700178 0.0411829 0.0172082 0.00312807 0.000145471 1.27941e-006 1.80968e-009
 6.45986e-026 7.58542e-020 1.24527e-014 2.78883e-010 8.52018e-007 0.000355097 0.020189 0.156586 0.165678 0.024106 0.0115242 0.0865303 0.0925635 0.0235511 0.087835 0.105772 0.0494066 0.0732402 0.0493691 0.0363468 0.0145527 0.00230117 9.15407e-005 6.76712e-007 8.07417e-010
 6.62285e-026 7.78436e-020 1.27793e-014 2.86198e-010 8.74364e-007 0.00036441 0.0207185 0.160693 0.170023 0.0246088 0.00721827 0.0906891 0.16671 0.049447 0.0631282 0.0708898 0.0444997 0.0510156 0.0355857 0.0276213 0.0137834 0.00284871 0.000153412 1.62162e-006 2.83965e-009
 6.6975e-026 7.87549e-020 1.29289e-014 2.89548e-010 8.84599e-007 0.000368676 0.020961 0.162574 0.172013 0.0249004 0.00751768 0.0928806 0.167497 0.0471856 0.0698384 0.108486 0.0430278 0.0309335 0.0229495 0.016911 0.00941453 0.00237754 0.000160239 2.12163e-006 4.72775e-009
 6.75558e-026 7.9464e-020 1.30453e-014 2.92155e-010 8.92564e-007 0.000371996 0.0211498 0.164038 0.173562 0.0251166 0.0070675 0.0903884 0.169591 0.0490948 0.0683847 0.108497 0.0458976 0.0399484 0.0187014 0.0104235 0.00590131 0.00171983 0.000142148 2.32649e-006 6.38879e-009
 6.76579e-026 7.95891e-020 1.30659e-014 2.92615e-010 8.93969e-007 0.000372581 0.0211831 0.164296 0.173835 0.0251211 0.00451616 0.0728026 0.179786 0.0638543 0.055038 0.113722 0.0496316 0.0388031 0.021405 0.0101214 0.00403949 0.00131644 0.000150884 3.65897e-006 1.51662e-008
 6.84117e-026 8.05094e-020 1.3217e-014 2.95999e-010 9.04307e-007 0.00037689 0.021428 0.166196 0.175845 0.0254111 0.00452161 0.0731638 0.181574 0.0637638 0.0469654 0.116057 0.0535948 0.0362413 0.0205967 0.00973284 0.00351388 0.000899404 0.00011365 3.55656e-006 1.97112e-008
 6.97257e-026 8.21135e-020 1.34803e-014 3.01896e-010 9.22325e-007 0.000384399 0.021855 0.169508 0.179349 0.0259423 0.00650012 0.0879629 0.176225 0.0515283 0.0543135 0.112025 0.0459797 0.0363977 0.0196201 0.00874223 0.00297296 0.000628339 6.24654e-005 1.79251e-006 9.7914e-009
 6.86104e-026 8.07516e-020 1.32567e-014 2.96889e-010 9.07027e-007 0.000378024 0.0214925 0.166696 0.176374 0.0255147 0.00667767 0.0905768 0.181241 0.053821 0.0604151 0.10805 0.0424584 0.0357917 0.0185831 0.0086181 0.00274767 0.000519822 4.21767e-005 1.01585e-006 5.12467e-009
 6.79102e-026 7.98966e-020 1.31163e-014 2.93745e-010 8.97423e-007 0.000374021 0.0212649 0.164931 0.174507 0.0252557 0.0073937 0.095476 0.180328 0.0514463 0.0649463 0.110395 0.0428568 0.0336702 0.0165978 0.00768378 0.00242148 0.000421121 2.89781e-005 5.66363e-007 2.37806e-009
 7.27637e-026 8.58231e-020 1.40893e-014 3.15535e-010 9.63992e-007 0.000401765 0.0228423 0.177165 0.187451 0.0270914 0.00499387 0.0768179 0.180469 0.0612073 0.0537134 0.106353 0.0434244 0.0321509 0.0161781 0.0070256 0.00226728 0.000416069 2.95495e-005 5.83732e-007 2.49464e-009
 7.60712e-026 8.98621e-020 1.47523e-014 3.30384e-010 1.00936e-006 0.000420672 0.0239173 0.185503 0.196273 0.0283321 0.0013527 0.0311138 0.166121 0.121406 0.0282551 0.088535 0.0693257 0.0280137 0.0194678 0.00814787 0.00301506 0.000714826 8.14037e-005 2.93582e-006 2.47209e-008
 8.11129e-026 9.60178e-020 1.57629e-014 3.53016e-010 1.0785e-006 0.000449489 0.0255557 0.19821 0.209718 0.0302815 0.00270454 0.0528828 0.180922 0.0847407 0.0188356 0.0823236 0.0704659 0.0210405 0.0141148 0.00534012 0.00190681 0.000450591 5.33951e-005 2.12884e-006 2.0253e-008
 7.88942e-026 9.33083e-020 1.53181e-014 3.43055e-010 1.04807e-006 0.000436805 0.0248345 0.192617 0.2038 0.0294586 0.00572407 0.0844485 0.189096 0.0592916 0.035589 0.0979742 0.0425501 0.0176927 0.0117378 0.00348899 0.00103359 0.000205038 1.99943e-005 6.31191e-007 4.64795e-009
 7.07624e-026 8.33794e-020 1.36881e-014 3.0655e-010 9.36543e-007 0.000390325 0.0221919 0.172121 0.182114 0.0263183 0.00487334 0.0793491 0.197202 0.0693438 0.0479538 0.110212 0.0439145 0.0254845 0.0130052 0.00419776 0.0011328 0.000179753 1.50102e-005 4.18998e-007 2.75723e-009
 3.01187e-026 3.37527e-020 5.54106e-015 1.24094e-010 3.7912e-007 0.000158007 0.00898345 0.0696759 0.0737212 0.0106766 0.00518133 0.0937392 0.241114 0.0875269 0.0626499 0.160425 0.0781973 0.0607036 0.032024 0.0117156 0.00302203 0.000452967 3.14638e-005 7.66866e-007 4.64338e-009
 5.90591e-026 6.90811e-020 1.13408e-014 2.53982e-010 7.75942e-007 0.000323401 0.0183968 0.144109 0.180222 0.0998584 0.0314414 0.0580019 0.164346 0.0921925 0.0996442 0.0676213 0.0327754 0.00951021 0.00145875 9.53049e-005 2.05255e-006 1.12532e-008 1.2593e-011 2.46558e-015 7.73012e-020
 9.17221e-026 1.08971e-019 1.78894e-014 4.0064e-010 1.224e-006 0.000510128 0.0290033 0.22495 0.238011 0.0344681 0.00908195 0.0865421 0.144596 0.0661127 0.041187 0.0588198 0.0379132 0.021501 0.00643884 0.000827005 3.63969e-005 4.43026e-007 1.22071e-009 6.51621e-013 6.01147e-017
 8.19126e-026 9.69934e-020 1.59231e-014 3.56603e-010 1.08946e-006 0.000454056 0.0258153 0.200224 0.211849 0.0306236 0.00612969 0.0906032 0.20262 0.0651622 0.0424685 0.0700185 0.0266202 0.0150163 0.00914548 0.0029013 0.000336303 1.08836e-005 8.24197e-008 1.27089e-010 3.576e-014
 3.35174e-026 3.79019e-020 6.22222e-015 1.39349e-010 4.25725e-007 0.00017743 0.0100878 0.0782411 0.0827837 0.0119978 0.00656945 0.111432 0.267444 0.0911096 0.0656559 0.146945 0.0628645 0.0383343 0.0176078 0.00682141 0.00178345 0.000142686 2.62245e-006 9.54724e-009 6.28429e-012
 6.29315e-026 7.38084e-020 1.21169e-014 2.71362e-010 8.29041e-007 0.000345535 0.0196585 0.154198 0.194132 0.103905 0.0310434 0.0691514 0.173371 0.0898068 0.0902905 0.0498107 0.0185726 0.00498169 0.00070455 2.7357e-005 2.07836e-007 2.75026e-010 5.97001e-014 2.04552e-018 1.07538e-023
 8.45815e-026 1.00252e-019 1.64579e-014 3.68582e-010 1.12606e-006 0.000469309 0.0266825 0.20695 0.218966 0.031998 0.0194402 0.127732 0.148202 0.054348 0.0544577 0.059226 0.0344305 0.0139692 0.00285426 0.000265199 6.94296e-006 3.51059e-008 2.93284e-011 3.8194e-015 7.52657e-020
 8.52507e-026 1.01069e-019 1.65922e-014 3.71589e-010 1.13524e-006 0.000473138 0.0269002 0.208638 0.220752 0.0319212 0.00687628 0.0907587 0.179935 0.0555269 0.0567915 0.0675578 0.0253962 0.018014 0.00851508 0.00180418 0.000135416 2.83369e-006 1.21903e-008 8.85153e-012 9.90697e-016
 4.06263e-026 4.6581e-020 7.64704e-015 1.71258e-010 5.23212e-007 0.00021806 0.0123978 0.0961576 0.101741 0.0148372 0.013382 0.153503 0.245602 0.0610546 0.0812645 0.11871 0.0488999 0.0333248 0.0133 0.00484253 0.000733495 3.00899e-005 2.77865e-007 4.89125e-010 1.4349e-013
 6.12036e-026 7.16915e-020 1.17693e-014 2.6358e-010 8.05299e-007 0.000335762 0.0191638 0.154147 0.21907 0.109424 0.0327169 0.127105 0.144017 0.0763363 0.0728437 0.0318494 0.0107572 0.00209067 0.000139765 2.03653e-006 5.53473e-009 2.57183e-012 1.90685e-016 2.14266e-021 5.99553e-027
 9.24999e-026 1.0992e-019 1.80451e-014 4.04127e-010 1.23465e-006 0.000514568 0.0292557 0.226908 0.24009 0.0361893 0.0392669 0.14477 0.102244 0.0459572 0.0652523 0.0415788 0.0215504 0.00570224 0.000692354 2.57167e-005 1.9741e-007 2.60475e-010 5.50529e-014 1.79372e-018 8.75365e-024
 9.42244e-026 1.12025e-019 1.83908e-014 4.11869e-010 1.2583e-006 0.000524425 0.0298161 0.231255 0.244686 0.0364792 0.0374708 0.158708 0.0964587 0.0418522 0.0595177 0.0299104 0.021323 0.00982573 0.0020297 0.000139969 2.4707e-006 8.53504e-009 4.90097e-012 4.33806e-016 5.71867e-021
 9.58796e-026 1.14046e-019 1.87226e-014 4.193e-010 1.28101e-006 0.000533887 0.0303541 0.235427 0.249099 0.0369168 0.0332374 0.149893 0.0967139 0.0418341 0.0634508 0.0300329 0.019532 0.0093814 0.0031904 0.000389363 1.20796e-005 7.8347e-008 9.13182e-011 1.71728e-014 4.88812e-019
 9.36886e-026 1.11371e-019 1.82834e-014 4.09464e-010 1.25096e-006 0.000521364 0.0296421 0.229905 0.243255 0.0359197 0.0304938 0.149702 0.104553 0.0400264 0.0649877 0.0334028 0.0227709 0.0103611 0.00372852 0.000691333 3.70846e-005 4.1024e-007 8.14726e-010 2.67488e-013 1.3677e-017
 5.17043e-026 6.01068e-020 9.86753e-015 2.20987e-010 6.75138e-007 0.000281379 0.0159978 0.124079 0.131284 0.0194397 0.0264155 0.188513 0.187552 0.058078 0.106525 0.0642115 0.0429485 0.023238 0.00912558 0.00210979 0.00019559 4.4163e-006 1.83884e-008 1.25896e-011 1.34331e-015
 6.49355e-026 7.62456e-020 1.2517e-014 2.80324e-010 8.56453e-007 0.000357092 0.0203843 0.164377 0.239556 0.128705 0.0423657 0.128435 0.11849 0.0745791 0.0508235 0.0237012 0.00718124 0.00099972 4.35221e-005 4.10549e-007 6.74243e-010 1.74358e-013 6.77928e-018 3.86947e-023 2.50798e-027
 9.2641e-026 1.10092e-019 1.80734e-014 4.04761e-010 1.23659e-006 0.000515376 0.0293016 0.227264 0.240464 0.0357828 0.0321489 0.138178 0.115955 0.0518122 0.0640882 0.0403235 0.0187251 0.00490464 0.000519431 1.53536e-005 9.51768e-008 1.02788e-010 1.746e-014 4.42652e-019 1.63163e-024
 9.4118e-026 1.11896e-019 1.83695e-014 4.11392e-010 1.25685e-006 0.000523818 0.0297816 0.230987 0.244401 0.0362172 0.0328259 0.149599 0.0972706 0.0391306 0.0654374 0.0368417 0.0241458 0.010577 0.00211684 0.000140808 2.25558e-006 6.99389e-009 3.67005e-012 3.00689e-016 3.66669e-021
 1.01098e-025 1.20419e-019 1.97687e-014 4.42728e-010 1.35258e-006 0.000563718 0.0320501 0.248581 0.263017 0.0388378 0.0303986 0.137054 0.0884885 0.0370446 0.0586477 0.0291868 0.0216053 0.0106949 0.00341582 0.000400465 1.20457e-005 7.39967e-008 8.00983e-011 1.39851e-014 3.72921e-019
 9.63257e-026 1.14591e-019 1.8812e-014 4.21302e-010 1.28712e-006 0.000536436 0.030499 0.236551 0.250289 0.0372552 0.0371763 0.160557 0.0985635 0.0367161 0.0542244 0.026495 0.0183346 0.00892468 0.00330044 0.000549385 2.56853e-005 2.47319e-007 4.22866e-010 1.17722e-013 5.05423e-018
 7.1428e-026 8.41896e-020 1.38211e-014 3.09529e-010 9.45644e-007 0.000394118 0.0224075 0.173793 0.18389 0.0279834 0.0459695 0.195408 0.1185 0.0588997 0.0882893 0.0402679 0.0262775 0.0124161 0.00456849 0.000879399 5.39086e-005 7.14711e-007 1.68157e-009 6.39278e-013 3.73395e-017
 9.07474e-026 1.07778e-019 1.76936e-014 3.96254e-010 1.2106e-006 0.000504543 0.0286857 0.222489 0.235904 0.053982 0.109921 0.0840723 0.0510558 0.0948921 0.0529891 0.0392619 0.018054 0.0066356 0.00143217 0.000116561 2.2992e-006 8.44308e-009 5.07118e-012 4.67421e-016 6.38784e-021
 1.10371e-025 1.31742e-019 2.16277e-014 4.8436e-010 1.47977e-006 0.000616726 0.0350639 0.271956 0.287747 0.0419398 0.0183625 0.103222 0.0897992 0.0466215 0.0355218 0.0329244 0.0227308 0.0103052 0.00280482 0.0003672 1.49946e-005 1.32608e-007 2.06562e-010 5.10641e-014 1.89834e-018
 8.273e-026 9.79906e-020 1.60868e-014 3.6027e-010 1.10066e-006 0.000458725 0.0260807 0.202283 0.214027 0.0310809 0.0143943 0.137226 0.186616 0.0447307 0.0516295 0.0443697 0.0227465 0.0154444 0.00721064 0.00157009 0.000128401 2.84606e-006 1.28204e-008 9.89719e-012 1.19705e-015
 5.67213e-026 6.62325e-020 1.08732e-014 2.43509e-010 7.43944e-007 0.000310055 0.0176281 0.136724 0.144674 0.0230795 0.0566656 0.196311 0.0964646 0.0604033 0.134259 0.0629045 0.0386888 0.0206072 0.00902318 0.00209985 0.000153282 2.75676e-006 9.93048e-009 6.1739e-012 6.0594e-016
 2.54747e-017 1.57143e-012 1.32236e-008 1.51803e-005 0.00237779 0.051018 0.161482 0.176954 0.22764 0.143865 0.0975233 0.0855632 0.0368228 0.013742 0.00281226 0.000180905 2.54703e-006 6.7228e-009 3.00565e-012 2.12011e-016 2.25158e-021 5.9686e-027 2.47665e-027 2.47407e-027 2.47244e-027
 8.30161e-026 9.83393e-020 1.6144e-014 3.61552e-010 1.10458e-006 0.000460357 0.0261735 0.203003 0.214806 0.0331398 0.0378148 0.125338 0.170046 0.104531 0.0542454 0.024144 0.00570245 0.000579566 1.51512e-005 7.56625e-008 6.37193e-011 8.51461e-015 1.73379e-019 5.25034e-025 2.47792e-027
 1.07478e-025 1.28209e-019 2.10476e-014 4.71369e-010 1.44008e-006 0.000600186 0.0341235 0.264663 0.280039 0.0420986 0.0385507 0.115828 0.0528743 0.0386338 0.0699854 0.043919 0.0153869 0.00307597 0.000217623 3.85098e-006 1.28604e-008 7.04117e-012 5.93272e-016 7.45108e-021 1.61434e-026
 1.25977e-025 1.50797e-019 2.47558e-014 5.54415e-010 1.6938e-006 0.000705927 0.0401354 0.311291 0.329382 0.0498778 0.0424883 0.100837 0.0378738 0.0270519 0.0230343 0.0178957 0.0147656 0.00419099 0.000453811 1.39267e-005 9.02278e-008 1.03111e-010 1.86994e-014 5.0928e-019 2.02579e-024
 1.00554e-025 1.19755e-019 1.96597e-014 4.40287e-010 1.34512e-006 0.00056061 0.0318734 0.247211 0.261564 0.0377978 0.00605118 0.0862035 0.191191 0.064657 0.0326204 0.0211046 0.00956843 0.00604117 0.00304226 0.000492598 2.02569e-005 1.83475e-007 3.06001e-010 8.39286e-014 3.54192e-018
 8.61815e-020 6.74068e-016 7.52695e-013 8.64089e-010 2.32242e-006 0.000967061 0.0549818 0.42644 0.451198 0.0651245 0.00128233 3.4446e-006 1.35504e-009 1.75494e-011 7.54071e-013 6.23998e-015 9.14879e-018 2.19641e-021 8.39018e-026 2.48315e-027 2.4784e-027 2.47565e-027 2.47375e-027 2.47237e-027 2.47133e-027
#obs surv len freq
 nan nan nan nan nan nan nan nan nan nan nan nan nan nan nan nan nan nan nan nan nan nan nan nan nan
 4.90869e-027 7.7259e-021 1.65883e-015 4.85878e-011 1.94143e-007 0.000105825 0.00786905 0.0798231 0.110462 0.0213091 0.0184561 0.0958683 0.070696 0.0277888 0.080758 0.0515842 0.0552139 0.0534608 0.05103 0.0494902 0.0502632 0.0512451 0.0541764 0.0512353 0.0191648
 5.27573e-027 8.30359e-021 1.78287e-015 5.22208e-011 2.0866e-007 0.000113737 0.00845744 0.0857917 0.118721 0.0229028 0.0198489 0.103105 0.0760328 0.0298981 0.0868945 0.0553128 0.0582478 0.0549335 0.0484699 0.0439526 0.0424256 0.0424297 0.0445968 0.042116 0.0157494
 5.53961e-027 8.71891e-021 1.87204e-015 5.48328e-011 2.19096e-007 0.000119426 0.00888046 0.0900827 0.124659 0.0240475 0.0208082 0.108083 0.0797041 0.0313491 0.0911185 0.057989 0.0609937 0.0572236 0.0493131 0.0419244 0.0370064 0.034745 0.0357596 0.0336264 0.0125667
 5.69473e-027 8.96307e-021 1.92447e-015 5.63683e-011 2.25232e-007 0.000122771 0.00912915 0.0926054 0.12815 0.0247214 0.0214096 0.111209 0.0820089 0.0322298 0.0936538 0.0596362 0.0628857 0.0590298 0.050834 0.0424672 0.0351227 0.0296742 0.0286553 0.0265502 0.00990423
 5.80957e-027 9.14381e-021 1.96327e-015 5.7505e-011 2.29774e-007 0.000125246 0.00931323 0.0944727 0.130734 0.0252179 0.0217633 0.113034 0.0833554 0.0327792 0.0952696 0.0606502 0.0638868 0.0600053 0.0517811 0.043238 0.0350868 0.0272751 0.0234844 0.0208107 0.00771629
 5.86087e-027 9.22456e-021 1.98061e-015 5.80128e-011 2.31803e-007 0.000126352 0.00939548 0.095307 0.131889 0.0254435 0.0220713 0.114653 0.0845453 0.0331538 0.0962672 0.0612876 0.0645688 0.060619 0.0522521 0.0436863 0.0354054 0.0265837 0.020331 0.0164331 0.00598163
 5.8981e-027 9.28315e-021 1.99319e-015 5.83813e-011 2.33275e-007 0.000127155 0.00945515 0.0959124 0.132726 0.0256045 0.0221879 0.115254 0.0849936 0.0334604 0.0972847 0.0618883 0.0649791 0.0609834 0.0525429 0.0438856 0.0355708 0.0264819 0.0187009 0.013316 0.00464451
 5.9347e-027 9.34076e-021 2.00556e-015 5.87436e-011 2.34723e-007 0.000127944 0.00951384 0.0965076 0.13355 0.0257618 0.0222632 0.115636 0.0852739 0.0335415 0.0974934 0.0620733 0.0654156 0.0613419 0.0526784 0.0439621 0.0355993 0.0264438 0.017919 0.0112471 0.00365002
 5.93558e-027 9.34215e-021 2.00586e-015 5.87523e-011 2.34757e-007 0.000127963 0.00951525 0.0965219 0.13357 0.0257678 0.0223512 0.116106 0.0856184 0.0336118 0.0976336 0.0621642 0.0655235 0.0615303 0.0530415 0.0441884 0.0357106 0.0264858 0.0175892 0.00998644 0.00295613
 5.94973e-027 9.36441e-021 2.01064e-015 5.88923e-011 2.35317e-007 0.000128268 0.00953792 0.0967519 0.133888 0.0258276 0.0223414 0.116046 0.0855772 0.0336903 0.097954 0.0623346 0.0655441 0.0615345 0.0530579 0.0443257 0.0358343 0.0265102 0.0174125 0.00921744 0.0024859
 5.9564e-027 9.37491e-021 2.01289e-015 5.89583e-011 2.35581e-007 0.000128412 0.00954861 0.0968604 0.134038 0.0258571 0.0223859 0.11628 0.0857472 0.0336832 0.0978618 0.0623127 0.0656928 0.0616365 0.0530199 0.0442847 0.0358719 0.0265503 0.0173098 0.00874947 0.00218126
 5.9553e-027 9.37318e-021 2.01252e-015 5.89475e-011 2.35537e-007 0.000128388 0.00954685 0.0968426 0.134014 0.0258522 0.0223771 0.116233 0.0857139 0.0336998 0.0979386 0.0623463 0.0656592 0.0616698 0.0532122 0.0443961 0.0359323 0.0266387 0.0173111 0.00849059 0.00199741
 5.9607e-027 9.38168e-021 2.01435e-015 5.90009e-011 2.35751e-007 0.000128504 0.00955551 0.0969303 0.134135 0.0258754 0.0223889 0.116293 0.0857578 0.0337063 0.0979469 0.0623522 0.0656672 0.0616421 0.0531174 0.0444036 0.0359547 0.026637 0.0172968 0.00832765 0.00188334
 5.96949e-027 9.39551e-021 2.01732e-015 5.90879e-011 2.36098e-007 0.000128694 0.00956959 0.0970733 0.134333 0.0259134 0.0224178 0.116443 0.0858675 0.0337341 0.0980124 0.0623769 0.0656124 0.0615698 0.0530049 0.0442513 0.0358514 0.0265786 0.0172395 0.00821217 0.00181039
 5.96272e-027 9.38486e-021 2.01503e-015 5.90209e-011 2.35831e-007 0.000128548 0.00955875 0.0969632 0.134181 0.0258852 0.022436 0.116544 0.0859422 0.0337631 0.0980961 0.0624331 0.0656848 0.0616287 0.0530267 0.0442415 0.0358023 0.0265489 0.0172181 0.00814977 0.00176844
 5.95397e-027 9.37109e-021 2.01207e-015 5.89343e-011 2.35485e-007 0.00012836 0.00954473 0.096821 0.133984 0.0258473 0.0224058 0.116387 0.0858287 0.0337727 0.0981774 0.0624942 0.0657932 0.0617493 0.0531691 0.0443525 0.0358681 0.0265715 0.0172311 0.00812688 0.0017467
 5.96513e-027 9.38865e-021 2.01584e-015 5.90447e-011 2.35926e-007 0.0001286 0.00956261 0.0970024 0.134235 0.0258944 0.022396 0.116329 0.0857853 0.0337508 0.0981095 0.0624568 0.0657809 0.0617291 0.0531277 0.044328 0.0358454 0.0265311 0.0171884 0.00809015 0.00172912
 5.96663e-027 9.39101e-021 2.01635e-015 5.90596e-011 2.35985e-007 0.000128632 0.00956501 0.0970267 0.134268 0.0259008 0.0223993 0.116345 0.0857956 0.0337037 0.0979228 0.0623538 0.0657488 0.0617351 0.0532102 0.0444021 0.0359118 0.0265776 0.0172003 0.00808191 0.00172181
 5.9689e-027 9.39458e-021 2.01712e-015 5.9082e-011 2.36075e-007 0.000128681 0.00956865 0.0970637 0.13432 0.0259112 0.0224287 0.116501 0.0859103 0.0337395 0.0980167 0.0623769 0.0656012 0.061587 0.0530951 0.0443465 0.0358878 0.026562 0.0171813 0.00806022 0.00171363
 5.96095e-027 9.38208e-021 2.01443e-015 5.90034e-011 2.35761e-007 0.00012851 0.00955591 0.0969345 0.134141 0.0258774 0.0224239 0.11648 0.0858958 0.0337627 0.0981127 0.0624452 0.0657049 0.0616532 0.0530696 0.0443307 0.0359087 0.0265987 0.017204 0.00806159 0.00171112
 5.96468e-027 9.38794e-021 2.01569e-015 5.90403e-011 2.35908e-007 0.00012859 0.00956189 0.096995 0.134225 0.0258934 0.0224329 0.116526 0.0859306 0.0337952 0.0982253 0.0625072 0.0657236 0.0616478 0.0530031 0.0442027 0.035774 0.0265209 0.0171644 0.00803809 0.00170395
