SBPRF35
0.224663
Curr Bio
31376.4
B35
67247.6
F35
0.504546
FOFL
0.248788
OFL
9380.62
Bzero
64189.3
#pred survey bio
 9160.85 6947.91 7771.83 9195.09 11502.4 14108.8 14176 13837.5 21878.3 34334.6 35714.7 42164.8 66988.3 79557.9 68331.4 54377.2 50967.8 53478.6 52093.9 55460.1 53519.4 57052 65093.8 67659.7 80466.6 80593.1 70153.3 74027.9 2.79339e+06 1.99932e+06 1.72283e+06 1.32429e+06 1.05758e+06 911981 837910 800972 782384 772753 767551 764605 762860 761786 761104 760661 760370 760178 760050 759965 759907 759868 759842 759824 759812 759804 759799 759795 759793 759791 759790 759789 759789 759788 759788 759788 759788 759788 759788 759788 759788 759788 759788 759788 759788 759788 759787 759787 759787 759787 759787 759787 759787 759787 759787 759787 759787 759787 759787 759787 759787 759787 759787 759787 759787 759787 759787 759787 759787 759787 759787 759787 759787 759787 759787 759787 759787 759787 759787 759787 759787 759787 759787 759787 759787 759787 759787 759787 759787 759787 759787 759787 759787 759787 759787 759787 759787 759787 759787 759787 0 0 0 0 0 0 0 0 0 0 0 0 0 0 0 0 0 0 0 0 0 0 0 0 0
#obs survey bio
 8162.82 8730.37 8564.06 12749.1 10936.5 14896 14911.7 17728.7 26710.1 27248.5 25549.6 84509.5 82683.5 79077.3 63033.7 46663.6 56464.6 38899.8 55687.8 58587.4 49173.4 68709.4 49822.8 62233.3 82034.2 66050.3 86602.4 91149.3
#pred catch bio
 5711.87 3577.56 3976.71 4652.96 5569.47 7473.44 8605.39 7582.7 8401.74 19185.4 23211.4 18810.3 33797.4 49055.5 45835.4 35905 30093.8 34238.6 30059.5 34564 32218.6 30579 39878.4 35887.4 46096.7 52324.3 41028.5 41325.6 9380.62 25940 23708.9 17372 13116.3 10918.8 9885.49 9422.75 9221.63 9135.92 9099.87 9084.85 9078.62 9076.05 9075 9074.56 9074.38 9074.31 9074.28 9074.27 9074.26 9074.26 9074.26 9074.26 9074.26 9074.26 9074.26 9074.26 9074.26 9074.26 9074.26 9074.26 9074.26 9074.26 9074.26 9074.26 9074.26 9074.26 9074.26 9074.26 9074.26 9074.26 9074.26 9074.26 9074.26 9074.26 9074.26 9074.26 9074.26 9074.26 9074.26 9074.26 9074.26 9074.26 9074.26 9074.26 9074.26 9074.26 9074.26 9074.26 9074.26 9074.26 9074.26 9074.26 9074.26 9074.26 9074.26 9074.26 9074.26 9074.26 9074.26 9074.26 9074.26 9074.26 9074.26 9074.26 9074.26 9074.26 9074.26 9074.26 9074.26 9074.26 9074.26 9074.26 9074.26 9074.26 9074.26 9074.26 9074.26 9074.26 9074.26 9074.26 9074.26 9074.26 9074.26 9074.26 9074.26 9074.26 9074.26 9074.26 0 0 0 0 0 0 0 0 0 0 0 0 0 0 0 0 0 0 0 0 0 0 0 0 0
#obs catch bio
 3712.76 3527.39 3937.47 4583.76 5513.45 7467.66 8800.65 7702.04 8171.7 18963 24562.2 18302.5 32505.9 48376.4 46270 37573.1 29919.2 35384.6 30501.3 34246.1 32301.8 29811.2 40107.1 35652.8 45359.8 52580 40974.7 41719.5
#pred cpue bio
 6620.3 4418.81 4815.07 5595.29 6873.36 8722.34 9240.49 8280.78 11353.5 20811.1 22297.5 22316 38433.7 49555.7 43822 33507.2 29756 32446.6 30703.9 33794.8 32279 33631.9 39908.1 39733.7 48602.6 50572 42800.6 44529.5 1.71534e+06 1.58562e+06 1.53209e+06 1.16744e+06 902068 756246 682105 645154 626563 616932 611729 608784 607039 605965 605283 604839 604549 604357 604229 604144 604086 604047 604021 604003 603991 603983 603978 603974 603972 603970 603969 603968 603967 603967 603967 603967 603967 603967 603967 603966 603966 603966 603966 603966 603966 603966 603966 603966 603966 603966 603966 603966 603966 603966 603966 603966 603966 603966 603966 603966 603966 603966 603966 603966 603966 603966 603966 603966 603966 603966 603966 603966 603966 603966 603966 603966 603966 603966 603966 603966 603966 603966 603966 603966 603966 603966 603966 603966 603966 603966 603966 603966 603966 603966 603966 603966 603966 603966 603966 603966 0 0 0 0 0 0 0 0 0 0 0 0 0 0 0 0 0 0 0 0 0 0 0 0 0
#obs cpue bio
 3938.49 5432.08 4251.54 5896.09 6526.2 7015.11 6025.53 7424.53 16556.5 18359.3 14832.3 30249.3 48074.2 48769.2 31829.4 19902.4 31143.8 22259.6 25414.5 45771.5 34824 43222.2 41571.2 48143.4 64569 54299.5 36233.9 37136.2
#pred surv len freq
 2.14218e-27 2.16438e-27 5.68314e-27 1.2038e-21 7.15944e-17 9.78925e-13 3.07726e-09 2.22395e-06 0.000369506 0.0141149 0.123957 0.250275 0.116758 0.0280496 0.0958983 0.134985 0.0553697 0.0457293 0.0401916 0.0254606 0.0200537 0.0158429 0.0148197 0.0128676 0.00525451
 2.1426e-27 2.16661e-27 5.97254e-27 1.30204e-21 7.74375e-17 1.05882e-12 3.32841e-09 2.40545e-06 0.000399663 0.0152668 0.134074 0.270702 0.126334 0.0315627 0.111195 0.156267 0.0598389 0.0373808 0.029267 0.0118702 0.00643007 0.00377164 0.00274233 0.00207333 0.000822131
 2.14325e-27 2.16847e-27 6.18796e-27 1.37518e-21 8.17871e-17 1.11829e-12 3.51537e-09 2.54057e-06 0.000422111 0.0161244 0.141605 0.285906 0.133328 0.0306371 0.100964 0.141959 0.0564557 0.0414055 0.0324378 0.0113404 0.00455861 0.0015973 0.000707812 0.00040334 0.000146123
 2.14349e-27 2.16905e-27 6.2458e-27 1.39478e-21 8.29527e-17 1.13423e-12 3.56547e-09 2.57677e-06 0.000428127 0.0163542 0.143623 0.28998 0.135228 0.0310613 0.102325 0.143765 0.0555627 0.0362081 0.0283634 0.0108895 0.00454745 0.00124649 0.00029811 9.0751e-05 2.59076e-05
 2.14401e-27 2.1703e-27 6.37681e-27 1.43921e-21 8.55952e-17 1.17036e-12 3.67905e-09 2.65886e-06 0.000441765 0.0168751 0.148198 0.299218 0.139489 0.0308007 0.09795 0.137582 0.0531739 0.0346292 0.0268337 0.00958093 0.00384972 0.00111106 0.000225356 3.41091e-05 5.27703e-06
 2.14273e-27 2.16716e-27 6.04488e-27 1.32661e-21 7.88987e-17 1.0788e-12 3.39122e-09 2.45084e-06 0.000407204 0.0155549 0.136604 0.27581 0.128706 0.0318465 0.111389 0.15654 0.0600558 0.0378135 0.0292105 0.0105008 0.00416472 0.0011394 0.000225075 2.80404e-05 2.21131e-06
 2.14094e-27 2.16285e-27 5.59874e-27 1.17532e-21 6.99008e-17 9.55769e-13 3.00447e-09 2.17134e-06 0.000360765 0.013781 0.121025 0.244357 0.114186 0.0324252 0.124402 0.175048 0.0688519 0.0483259 0.0376306 0.0130069 0.00496598 0.00134312 0.000256003 2.99023e-05 1.86201e-06
 2.14438e-27 2.17128e-27 6.48817e-27 1.47702e-21 8.78439e-17 1.20111e-12 3.7757e-09 2.72871e-06 0.000453371 0.0173185 0.152092 0.307078 0.143084 0.029785 0.0893805 0.125612 0.0504286 0.0383385 0.0302339 0.0107399 0.00415686 0.001077 0.000196211 2.21041e-05 1.27686e-06
 2.14737e-27 2.17847e-27 7.22766e-27 1.72777e-21 1.02757e-16 1.40502e-12 4.4167e-09 3.19196e-06 0.000530339 0.0202586 0.177912 0.359208 0.167162 0.0291657 0.0698873 0.0978114 0.0362204 0.0189763 0.01439 0.00547286 0.00227215 0.000606838 0.00011017 1.18956e-05 6.56544e-07
 2.14245e-27 2.16635e-27 5.94213e-27 1.29168e-21 7.68209e-17 1.05039e-12 3.30191e-09 2.3863e-06 0.00039648 0.0151453 0.133007 0.268547 0.125416 0.0336588 0.124642 0.174991 0.0634806 0.0291881 0.0211882 0.0069168 0.00253709 0.000724949 0.000142376 1.57106e-05 8.48256e-07
 2.14262e-27 2.16694e-27 6.02795e-27 1.3209e-21 7.85589e-17 1.07415e-12 3.37661e-09 2.44029e-06 0.00040545 0.0154879 0.136016 0.274621 0.128135 0.0312677 0.108215 0.15222 0.0606938 0.0448925 0.0343994 0.00987813 0.00292186 0.000701565 0.000126938 1.47657e-05 8.31973e-07
 2.14697e-27 2.1775e-27 7.1275e-27 1.6938e-21 1.00737e-16 1.3774e-12 4.32986e-09 3.1292e-06 0.000519912 0.0198603 0.174414 0.352146 0.163903 0.0293162 0.0729352 0.10215 0.0383456 0.021656 0.016424 0.00573158 0.00208364 0.00044259 6.23803e-05 6.22606e-06 3.44593e-07
 2.14429e-27 2.17085e-27 6.41649e-27 1.45258e-21 8.63903e-17 1.18123e-12 3.71322e-09 2.68356e-06 0.000445869 0.0170319 0.149575 0.301997 0.140828 0.032246 0.105935 0.148586 0.0536706 0.0239607 0.0173231 0.00571342 0.00206396 0.000527438 8.48124e-05 7.3052e-06 3.333e-07
 2.1422e-27 2.16585e-27 5.90357e-27 1.27866e-21 7.60471e-17 1.03981e-12 3.26865e-09 2.36226e-06 0.000392486 0.0149927 0.131667 0.265842 0.12412 0.0324364 0.117996 0.165877 0.0637517 0.0404048 0.0304062 0.00875539 0.002611 0.000628814 0.000107036 1.05747e-05 4.79754e-07
 2.14128e-27 2.16364e-27 5.676e-27 1.2015e-21 7.14576e-17 9.77055e-13 3.07139e-09 2.2197e-06 0.0003688 0.0140879 0.123721 0.249799 0.116713 0.0327121 0.124513 0.175129 0.067873 0.0447196 0.0343426 0.0112471 0.00383051 0.000813917 0.000115878 1.11617e-05 5.48338e-07
 2.14286e-27 2.16748e-27 6.07983e-27 1.33847e-21 7.96039e-17 1.08844e-12 3.42153e-09 2.47275e-06 0.000410844 0.0156939 0.137825 0.278275 0.129838 0.0316344 0.109352 0.153706 0.0595987 0.0393475 0.0301848 0.00980491 0.00339928 0.000798341 0.000119101 1.00951e-05 4.4935e-07
 2.14417e-27 2.17063e-27 6.40138e-27 1.44749e-21 8.60879e-17 1.1771e-12 3.70023e-09 2.67416e-06 0.000444308 0.0169723 0.149051 0.30094 0.140314 0.0315864 0.102227 0.143484 0.0535574 0.0293114 0.0219033 0.00708803 0.00244374 0.000574821 8.97905e-05 8.12236e-06 3.49895e-07
 2.14277e-27 2.1672e-27 6.03817e-27 1.32428e-21 7.87603e-17 1.07691e-12 3.38527e-09 2.44654e-06 0.000406489 0.0155276 0.136364 0.275326 0.128516 0.0327487 0.117043 0.164391 0.0612719 0.0332471 0.0246256 0.00748317 0.00239077 0.000559311 8.80952e-05 8.18817e-06 3.70466e-07
 2.14402e-27 2.17029e-27 6.36823e-27 1.43626e-21 8.542e-17 1.16797e-12 3.67152e-09 2.65342e-06 0.000440861 0.0168406 0.147895 0.298605 0.139227 0.0313735 0.101631 0.142713 0.0542435 0.0326091 0.0244439 0.00722926 0.0021902 0.000477598 7.0262e-05 6.46425e-06 2.97522e-07
 2.14275e-27 2.16715e-27 6.0349e-27 1.32318e-21 7.86949e-17 1.07601e-12 3.38246e-09 2.44451e-06 0.000406152 0.0155147 0.136251 0.275097 0.128404 0.0325801 0.116083 0.163061 0.0611061 0.0341711 0.0256082 0.00824871 0.00277561 0.000600059 8.33603e-05 7.15126e-06 3.16377e-07
 2.14336e-27 2.16867e-27 6.19987e-27 1.37916e-21 8.20242e-17 1.12153e-12 3.52556e-09 2.54793e-06 0.000423335 0.0161711 0.142016 0.286735 0.133751 0.031692 0.107154 0.150538 0.0575553 0.0356081 0.0268771 0.00817234 0.00260647 0.00060075 8.95661e-05 7.53524e-06 3.13496e-07
 2.14401e-27 2.17026e-27 6.36473e-27 1.43507e-21 8.53493e-17 1.167e-12 3.66848e-09 2.65122e-06 0.000440496 0.0168267 0.147773 0.298358 0.139115 0.0314461 0.102149 0.143419 0.0541582 0.0315297 0.0237819 0.00770079 0.00262159 0.000583905 8.57212e-05 7.61627e-06 3.25528e-07
 2.14275e-27 2.16719e-27 6.04351e-27 1.32613e-21 7.88698e-17 1.0784e-12 3.38998e-09 2.44995e-06 0.000407055 0.0155492 0.136554 0.275709 0.128673 0.0322051 0.113609 0.15963 0.060654 0.0364299 0.0276082 0.0089791 0.00312344 0.0007417 0.000114381 1.00787e-05 4.38101e-07
 2.14429e-27 2.17097e-27 6.44228e-27 1.46139e-21 8.69146e-17 1.1884e-12 3.73576e-09 2.69984e-06 0.000448575 0.0171353 0.150483 0.30383 0.141627 0.030964 0.0975571 0.136986 0.0524149 0.0325606 0.0247217 0.00786526 0.00266329 0.000631225 0.000100287 9.30728e-06 4.14289e-07
 2.1432e-27 2.16828e-27 6.15693e-27 1.36459e-21 8.11573e-17 1.10968e-12 3.4883e-09 2.521e-06 0.000418861 0.0160002 0.140515 0.283705 0.132363 0.0320454 0.110224 0.154814 0.058333 0.0335892 0.0254296 0.00859384 0.00310541 0.000734116 0.00011561 1.08995e-05 5.04518e-07
 2.14201e-27 2.16538e-27 5.85584e-27 1.26248e-21 7.50845e-17 1.02665e-12 3.22728e-09 2.33236e-06 0.000387519 0.014803 0.13 0.262477 0.122566 0.0324913 0.119344 0.167778 0.06441 0.0406387 0.0309152 0.00983744 0.00336762 0.000830744 0.000136774 1.2924e-05 6.01191e-07
 2.14307e-27 2.168e-27 6.13094e-27 1.35579e-21 8.06343e-17 1.10253e-12 3.46582e-09 2.50476e-06 0.000416161 0.0158971 0.139609 0.281876 0.131506 0.0317178 0.108776 0.152852 0.0587379 0.0372338 0.0283693 0.00908536 0.00308111 0.000715596 0.00011353 1.10549e-05 5.26059e-07
 2.14354e-27 2.16912e-27 6.24853e-27 1.39568e-21 8.30062e-17 1.13496e-12 3.56777e-09 2.57843e-06 0.000428403 0.0163647 0.143716 0.290168 0.13533 0.0314759 0.1048 0.147213 0.0562708 0.0347995 0.02656 0.00885227 0.00315135 0.000742074 0.000115485 1.0781e-05 5.1068e-07
#obs surv len freq
 8.70461e-40 4.2603e-33 4.79376e-27 1.2401e-21 7.37535e-17 1.00845e-12 3.17006e-09 2.29101e-06 0.000380654 0.0145405 0.127695 0.257823 0.120405 0.0322284 0.119142 0.167536 0.0648396 0.0425058 0.0331893 0.0124463 0.00527129 0.00159513 0.000350754 4.71391e-05 3.23129e-06
 1.03721e-39 5.07642e-33 5.71207e-27 1.47766e-21 8.78818e-17 1.20163e-12 3.77732e-09 2.72988e-06 0.000453573 0.0173259 0.152156 0.307209 0.143176 0.0306108 0.0943821 0.132518 0.050912 0.0322702 0.0249638 0.00902611 0.00366396 0.00106912 0.000227599 2.98406e-05 1.98858e-06
 9.69514e-40 4.7451e-33 5.33926e-27 1.38122e-21 8.21461e-17 1.1232e-12 3.53079e-09 2.55171e-06 0.00042397 0.0161951 0.142225 0.28716 0.133991 0.0328274 0.113956 0.159908 0.0578603 0.026157 0.0191021 0.00668906 0.00260751 0.000727728 0.000147311 1.85601e-05 1.20018e-06
 1.05133e-39 5.14555e-33 5.78985e-27 1.49778e-21 8.90786e-17 1.21799e-12 3.82876e-09 2.76705e-06 0.00045975 0.0175619 0.154228 0.311393 0.145139 0.0313687 0.0977483 0.137133 0.0508172 0.0266731 0.0195412 0.00565346 0.00173172 0.000451374 8.65005e-05 1.03226e-05 6.37669e-07
 9.84701e-40 4.81943e-33 5.4229e-27 1.40285e-21 8.34329e-17 1.14079e-12 3.5861e-09 2.59168e-06 0.000430611 0.0164488 0.144453 0.291658 0.136071 0.0328561 0.112776 0.158219 0.0569462 0.0247756 0.0176903 0.00547077 0.00175394 0.000381843 5.9067e-05 6.43058e-06 3.74705e-07
 8.14112e-40 3.98452e-33 4.48344e-27 1.15982e-21 6.89791e-17 9.43164e-13 2.96484e-09 2.1427e-06 0.000356013 0.0135992 0.119428 0.241134 0.112786 0.0347944 0.139837 0.196467 0.0718905 0.0349448 0.0251929 0.00705887 0.00199306 0.000444452 6.58863e-05 5.91692e-06 2.94883e-07
 7.93033e-40 3.88135e-33 4.36736e-27 1.12979e-21 6.7193e-17 9.18744e-13 2.88808e-09 2.08722e-06 0.000346795 0.0132471 0.116336 0.234891 0.109855 0.033614 0.134513 0.189217 0.0727815 0.0463084 0.034939 0.0102267 0.003014 0.000618349 8.34487e-05 7.22091e-06 3.19163e-07
 1.32963e-39 6.50761e-33 7.32247e-27 1.89426e-21 1.12658e-16 1.5404e-12 4.84226e-09 3.49951e-06 0.000581449 0.0222106 0.195054 0.393817 0.183099 0.0274587 0.0490363 0.068439 0.0261196 0.0160365 0.012239 0.00410252 0.0014436 0.00031368 4.24255e-05 3.39196e-06 1.38983e-07
 1.1059e-39 5.41263e-33 6.09038e-27 1.57552e-21 9.37023e-17 1.28121e-12 4.02749e-09 2.91068e-06 0.000483613 0.0184734 0.162233 0.327556 0.15266 0.0326537 0.100721 0.140958 0.0471946 0.00944449 0.00518434 0.00167472 0.000590028 0.000145578 2.2927e-05 1.92683e-06 7.65202e-08
 6.37612e-40 3.12067e-33 3.51142e-27 9.08372e-22 5.40243e-17 7.38685e-13 2.32206e-09 1.67816e-06 0.000278829 0.0106509 0.0935361 0.18886 0.0887645 0.0386972 0.179417 0.25205 0.0887274 0.0322952 0.0213728 0.00455597 0.000643693 0.000126114 2.06557e-05 1.97589e-06 8.67589e-08
 1.23223e-39 6.03092e-33 6.78609e-27 1.7555e-21 1.04406e-16 1.42756e-12 4.48756e-09 3.24317e-06 0.000538857 0.0205836 0.180766 0.36497 0.169778 0.0278716 0.0602519 0.0844494 0.0345555 0.0280359 0.0214213 0.0054164 0.00117242 0.000172113 1.33575e-05 9.75063e-07 4.52554e-08
 1.1813e-39 5.78163e-33 6.50558e-27 1.68293e-21 1.0009e-16 1.36855e-12 4.30206e-09 3.10911e-06 0.000516583 0.0197328 0.173293 0.349885 0.162931 0.0312675 0.0855284 0.11959 0.0402841 0.00889192 0.00524149 0.00194659 0.000736116 0.000137549 1.31764e-05 6.80343e-07 1.85227e-08
 8.84925e-40 4.33109e-33 4.87342e-27 1.26071e-21 7.49789e-17 1.0252e-12 3.22273e-09 2.32907e-06 0.000386979 0.0147821 0.129816 0.262108 0.122516 0.0356896 0.13898 0.194936 0.0669561 0.019049 0.011742 0.00253933 0.00039471 8.76596e-05 1.36235e-05 9.28051e-07 2.55646e-08
 9.22367e-40 4.51435e-33 5.07962e-27 1.31405e-21 7.81514e-17 1.06858e-12 3.35909e-09 2.42762e-06 0.000403352 0.0154075 0.135309 0.273196 0.127551 0.0332722 0.120881 0.169761 0.0626763 0.0321497 0.022979 0.00532887 0.000936231 0.000133079 1.13598e-05 8.74776e-07 3.41187e-08
 7.34459e-40 3.59467e-33 4.04478e-27 1.04635e-21 6.22301e-17 8.50885e-13 2.67476e-09 1.93306e-06 0.00032118 0.0122687 0.107743 0.217543 0.101931 0.0361919 0.155478 0.218469 0.0790483 0.0356815 0.0254838 0.00739205 0.00207357 0.000342802 2.80809e-05 1.39594e-06 4.0349e-08
 1.12267e-39 5.4947e-33 6.18272e-27 1.59941e-21 9.5123e-17 1.30064e-12 4.08856e-09 2.95481e-06 0.000490946 0.0187535 0.164693 0.332521 0.154851 0.0298663 0.082209 0.115319 0.0443446 0.0281678 0.0210977 0.00578318 0.00154633 0.000313845 3.75385e-05 2.18669e-06 5.3869e-08
 8.71645e-40 4.2661e-33 4.80028e-27 1.24179e-21 7.38537e-17 1.00982e-12 3.17437e-09 2.29412e-06 0.000381172 0.0145603 0.127868 0.258174 0.120696 0.0356717 0.140056 0.196466 0.0676402 0.0198064 0.012835 0.00414267 0.00138275 0.000279463 3.45454e-05 2.53095e-06 8.16871e-08
 9.5404e-40 4.66937e-33 5.25405e-27 1.35917e-21 8.08351e-17 1.10527e-12 3.47444e-09 2.51098e-06 0.000417203 0.0159366 0.139955 0.282577 0.131871 0.0327955 0.115143 0.161674 0.0598146 0.0310618 0.0222616 0.00522117 0.00101832 0.000215785 3.15094e-05 2.43158e-06 8.75644e-08
 1.01419e-39 4.96377e-33 5.58532e-27 1.44487e-21 8.59317e-17 1.17496e-12 3.6935e-09 2.6693e-06 0.000443508 0.0169414 0.14878 0.300393 0.140102 0.0326481 0.108874 0.152687 0.054584 0.0225752 0.0158405 0.0045939 0.00129193 0.000219657 2.18408e-05 1.68878e-06 6.76918e-08
 8.62922e-40 4.22341e-33 4.75225e-27 1.22936e-21 7.31147e-17 9.99711e-13 3.1426e-09 2.27116e-06 0.000377357 0.0144146 0.126589 0.255591 0.119479 0.0350595 0.137097 0.192441 0.0682251 0.026402 0.0180726 0.00477662 0.00120097 0.000241383 2.9289e-05 1.86338e-06 6.05605e-08
 1.11496e-39 5.45697e-33 6.14027e-27 1.58843e-21 9.44698e-17 1.2917e-12 4.06048e-09 2.93452e-06 0.000487575 0.0186247 0.163562 0.330238 0.153826 0.0306756 0.087837 0.123134 0.045511 0.0235101 0.016983 0.00437279 0.00102291 0.000188249 2.20865e-05 1.60671e-06 5.42513e-08
 8.901e-40 4.35642e-33 4.90192e-27 1.26808e-21 7.54174e-17 1.0312e-12 3.24158e-09 2.34269e-06 0.000389242 0.0148685 0.130576 0.26364 0.123211 0.0353325 0.136338 0.191245 0.0660917 0.0201548 0.0130656 0.00378123 0.00108169 0.0002001 2.16868e-05 1.47281e-06 5.09882e-08
 1.00395e-39 4.91362e-33 5.52889e-27 1.43027e-21 8.50635e-17 1.16309e-12 3.65618e-09 2.64233e-06 0.000439027 0.0167703 0.147277 0.297358 0.138685 0.0322803 0.107543 0.150921 0.0554729 0.0277028 0.0197464 0.00468186 0.000919908 0.000175892 2.21048e-05 1.51225e-06 4.90888e-08
 1.03744e-39 5.07757e-33 5.71336e-27 1.47799e-21 8.79017e-17 1.2019e-12 3.77817e-09 2.73049e-06 0.000453675 0.0173298 0.152191 0.307279 0.143283 0.0325804 0.106385 0.149134 0.0527064 0.0198809 0.0136345 0.00387811 0.00106219 0.000180738 1.74202e-05 1.1936e-06 4.18296e-08
 8.73094e-40 4.27319e-33 4.80826e-27 1.24385e-21 7.39766e-17 1.0115e-12 3.17964e-09 2.29794e-06 0.000381805 0.0145845 0.128081 0.258603 0.120872 0.0350575 0.136178 0.191121 0.0674518 0.0251268 0.016985 0.00432682 0.00100759 0.000196054 2.32713e-05 1.45311e-06 4.40362e-08
 9.24291e-40 4.52376e-33 5.09021e-27 1.31679e-21 7.83144e-17 1.07081e-12 3.36609e-09 2.43268e-06 0.000404194 0.0154397 0.135591 0.273766 0.127812 0.0332057 0.120303 0.168944 0.0623319 0.0318584 0.022943 0.00582454 0.00131416 0.000231379 2.5352e-05 1.77177e-06 5.84053e-08
 9.6899e-40 4.74254e-33 5.33638e-27 1.38047e-21 8.21017e-17 1.12259e-12 3.52888e-09 2.55033e-06 0.000423741 0.0161864 0.142149 0.287005 0.133926 0.033016 0.115155 0.161591 0.0584117 0.0261908 0.0186771 0.00541246 0.00154182 0.000280772 2.92285e-05 1.87503e-06 6.132e-08
 1.12794e-39 5.5205e-33 6.21175e-27 1.60692e-21 9.55697e-17 1.30674e-12 4.10776e-09 2.96868e-06 0.000493251 0.0188416 0.165467 0.334083 0.155618 0.031064 0.0890495 0.124736 0.0446048 0.0184824 0.0128866 0.00351826 0.000936947 0.000191023 2.38751e-05 1.59331e-06 4.93928e-08
#pred catch len freq
 2.1386e-27 2.15513e-27 4.68937e-27 8.66706e-22 5.15463e-17 7.04804e-13 2.21556e-09 1.60119e-06 0.000266036 0.0101624 0.0892465 0.180195 0.0843738 0.0284384 0.119391 0.168383 0.0706639 0.0627874 0.0555946 0.0353016 0.0277947 0.021912 0.0204692 0.0177652 0.00725383
 2.13842e-27 2.15633e-27 4.89404e-27 9.36254e-22 5.56826e-17 7.6136e-13 2.39335e-09 1.72968e-06 0.000287383 0.0109778 0.096408 0.194656 0.0912488 0.0334984 0.145931 0.205473 0.0804162 0.0553611 0.0439077 0.0179023 0.00972807 0.00569847 0.00413781 0.00312677 0.00123972
 2.139e-27 2.15813e-27 5.11276e-27 1.01054e-21 6.01006e-17 8.21769e-13 2.58324e-09 1.86692e-06 0.000310185 0.0118489 0.104057 0.210099 0.0983489 0.0324413 0.134825 0.189993 0.0775183 0.062419 0.0494085 0.0173508 0.00700137 0.00245075 0.00108418 0.000617356 0.000223623
 2.13927e-27 2.15879e-27 5.17722e-27 1.03237e-21 6.13992e-17 8.39524e-13 2.63905e-09 1.90725e-06 0.000316887 0.0121049 0.106306 0.214638 0.100474 0.0331329 0.137679 0.193851 0.0766244 0.0549201 0.0435427 0.0167992 0.00704011 0.00192836 0.000460462 0.000140016 3.99595e-05
 2.13973e-27 2.15991e-27 5.29348e-27 1.0718e-21 6.37441e-17 8.71587e-13 2.73985e-09 1.98009e-06 0.00032899 0.0125672 0.110366 0.222835 0.104256 0.0329412 0.134039 0.188707 0.0746736 0.0537193 0.042151 0.0151286 0.00610547 0.00176122 0.000356825 5.39527e-05 8.34199e-06
 2.1386e-27 2.15714e-27 4.99982e-27 9.72181e-22 5.78193e-17 7.90576e-13 2.48519e-09 1.79605e-06 0.000298411 0.0113991 0.100108 0.202125 0.0947202 0.0339835 0.146644 0.206468 0.0808534 0.0557467 0.0435749 0.0157276 0.00625755 0.0017106 0.00033745 4.20026e-05 3.3104e-06
 2.13717e-27 2.15371e-27 4.64727e-27 8.52641e-22 5.07098e-17 6.93365e-13 2.1796e-09 1.57521e-06 0.000261718 0.00999745 0.0877981 0.177273 0.0832378 0.0341739 0.155297 0.218847 0.0877093 0.0662408 0.0520129 0.0180091 0.00688364 0.00185931 0.000353813 4.12854e-05 2.56935e-06
 2.14045e-27 2.16174e-27 5.49617e-27 1.1406e-21 6.78358e-17 9.27533e-13 2.91571e-09 2.10719e-06 0.000350107 0.0133739 0.11745 0.237138 0.110814 0.0315071 0.120973 0.170419 0.0699771 0.0575889 0.045797 0.0163119 0.00632646 0.00163742 0.000297849 3.35217e-05 1.93532e-06
 2.14339e-27 2.16876e-27 6.21035e-27 1.38272e-21 8.22359e-17 1.12443e-12 3.53466e-09 2.55451e-06 0.000424428 0.0162129 0.142382 0.287475 0.134092 0.0316509 0.106679 0.149828 0.0566937 0.0333992 0.025808 0.0098933 0.00413244 0.00110374 0.00020022 2.16031e-05 1.19173e-06
 2.13861e-27 2.15697e-27 4.95487e-27 9.56808e-22 5.6905e-17 7.78074e-13 2.44589e-09 1.76765e-06 0.000293692 0.0112188 0.0985245 0.19893 0.0933317 0.0363509 0.162059 0.227849 0.0837231 0.0418159 0.030817 0.010087 0.00370819 0.00105844 0.000207582 2.28855e-05 1.23497e-06
 2.13917e-27 2.15856e-27 5.15308e-27 1.02419e-21 6.09123e-17 8.32868e-13 2.61813e-09 1.89213e-06 0.000314375 0.0120089 0.105463 0.212937 0.099682 0.0330058 0.137418 0.193607 0.0783644 0.0612651 0.0472189 0.013555 0.00400508 0.000959853 0.000173298 2.01359e-05 1.13392e-06
 2.14317e-27 2.16823e-27 6.15559e-27 1.36416e-21 8.11317e-17 1.10933e-12 3.4872e-09 2.52021e-06 0.000418729 0.0159951 0.14047 0.283615 0.132307 0.0316411 0.107783 0.151437 0.0579998 0.0362236 0.0278793 0.00977944 0.00357146 0.000758496 0.000106769 1.0646e-05 5.88886e-07
 2.14031e-27 2.16114e-27 5.39417e-27 1.10581e-21 6.5767e-17 8.99246e-13 2.82679e-09 2.04293e-06 0.00033943 0.012966 0.113868 0.229907 0.107606 0.0350991 0.145081 0.203874 0.0746751 0.0365687 0.0269051 0.00890874 0.00322987 0.000824912 0.000132493 1.14023e-05 5.19876e-07
 2.13857e-27 2.15702e-27 4.97956e-27 9.65277e-22 5.74087e-17 7.84961e-13 2.46754e-09 1.7833e-06 0.000296292 0.0113181 0.0993966 0.20069 0.0940763 0.034507 0.150273 0.211569 0.0825487 0.0559428 0.0424553 0.0122337 0.00364987 0.000877759 0.00014914 1.47195e-05 6.67415e-07
 2.13794e-27 2.15551e-27 4.82563e-27 9.13088e-22 5.43048e-17 7.42521e-13 2.33412e-09 1.68688e-06 0.000280272 0.0107062 0.0940225 0.18984 0.0890619 0.0345527 0.153822 0.216625 0.0850171 0.0591068 0.0456813 0.0149504 0.0050855 0.00107884 0.000153243 1.47413e-05 7.23717e-07
 2.13952e-27 2.15937e-27 5.23159e-27 1.05078e-21 6.24939e-17 8.54493e-13 2.68611e-09 1.94126e-06 0.000322537 0.0123207 0.108201 0.218465 0.102257 0.0335169 0.138871 0.195489 0.0767319 0.0533698 0.0411944 0.0133697 0.00462793 0.00108491 0.000161529 1.36751e-05 6.08228e-07
 2.1406e-27 2.16192e-27 5.48748e-27 1.13751e-21 6.76524e-17 9.25025e-13 2.90783e-09 2.1015e-06 0.00034916 0.0133377 0.117132 0.236497 0.110608 0.0339063 0.135813 0.190964 0.0722087 0.0423258 0.031953 0.0103501 0.00357017 0.000838666 0.00013077 1.1817e-05 5.08732e-07
 2.13938e-27 2.1589e-27 5.16624e-27 1.02854e-21 6.11712e-17 8.36408e-13 2.62926e-09 1.90017e-06 0.000315711 0.0120599 0.105911 0.213842 0.100176 0.0350079 0.149366 0.210081 0.0791543 0.045529 0.0340169 0.0103351 0.00329899 0.000770474 0.000121113 1.12443e-05 5.08404e-07
 2.14033e-27 2.16129e-27 5.42549e-27 1.11652e-21 6.64034e-17 9.07948e-13 2.85415e-09 2.0627e-06 0.000342715 0.0130915 0.11497 0.232131 0.108579 0.0336057 0.135294 0.190339 0.0734724 0.0475104 0.0359633 0.0106504 0.0032309 0.000703808 0.000103356 9.49856e-06 4.36902e-07
 2.13923e-27 2.15856e-27 5.13403e-27 1.01763e-21 6.05225e-17 8.27537e-13 2.60137e-09 1.88002e-06 0.000312363 0.011932 0.104788 0.211575 0.0991204 0.0348224 0.148917 0.209488 0.0794735 0.0473596 0.0358197 0.0115425 0.00388357 0.00083846 0.00011625 9.96091e-06 4.40364e-07
 2.13973e-27 2.15983e-27 5.27427e-27 1.06523e-21 6.33535e-17 8.66246e-13 2.72305e-09 1.96796e-06 0.000326973 0.0124902 0.109689 0.22147 0.103658 0.0338253 0.139848 0.196804 0.0763682 0.0505623 0.0385009 0.0117166 0.00373882 0.000860628 0.000128089 1.07648e-05 4.47546e-07
 2.14008e-27 2.16069e-27 5.36267e-27 1.09521e-21 6.51362e-17 8.90622e-13 2.79968e-09 2.02334e-06 0.000336175 0.0128416 0.112776 0.227702 0.106538 0.0337917 0.137764 0.193807 0.0744739 0.0472063 0.0360327 0.0117017 0.00399472 0.000889148 0.000130336 1.15691e-05 4.94182e-07
 2.13914e-27 2.15839e-27 5.12247e-27 1.01374e-21 6.02909e-17 8.24371e-13 2.59142e-09 1.87283e-06 0.000311167 0.0118864 0.104387 0.210765 0.0987283 0.0343472 0.14626 0.205827 0.0793144 0.0509257 0.03894 0.0126743 0.00441005 0.00104578 0.000160989 1.41705e-05 6.15547e-07
 2.14034e-27 2.16136e-27 5.43744e-27 1.12059e-21 6.66457e-17 9.1126e-13 2.86456e-09 2.07023e-06 0.000343965 0.0131392 0.115389 0.232978 0.108955 0.0331932 0.13252 0.186477 0.0727206 0.0492108 0.0377822 0.0120559 0.00409431 0.000969708 0.000153843 1.42645e-05 6.34576e-07
 2.1394e-27 2.15902e-27 5.18726e-27 1.03571e-21 6.15974e-17 8.42235e-13 2.64758e-09 1.91341e-06 0.00031791 0.012144 0.106649 0.215332 0.100839 0.0343301 0.144779 0.203695 0.0779516 0.0484815 0.0371066 0.0125655 0.00454772 0.00107395 0.000168849 1.59027e-05 7.35657e-07
 2.13856e-27 2.157e-27 4.97888e-27 9.65049e-22 5.73951e-17 7.84776e-13 2.46695e-09 1.78287e-06 0.000296222 0.0113155 0.0993731 0.200642 0.0940531 0.0344718 0.150072 0.211268 0.0821609 0.0549392 0.0420997 0.0133937 0.00458105 0.00112811 0.000185378 1.74974e-05 8.13391e-07
 2.1393e-27 2.15881e-27 5.17114e-27 1.03027e-21 6.12741e-17 8.37814e-13 2.63368e-09 1.90337e-06 0.000316242 0.0120802 0.106089 0.214202 0.100297 0.0338226 0.142022 0.199917 0.0781152 0.0533068 0.040997 0.0131503 0.00446551 0.00103597 0.000164073 1.59598e-05 7.5901e-07
 2.13965e-27 2.15967e-27 5.26099e-27 1.06074e-21 6.30863e-17 8.62592e-13 2.71157e-09 1.95966e-06 0.000325594 0.0124375 0.109227 0.220536 0.10322 0.033659 0.139114 0.195784 0.0761672 0.0510335 0.0393612 0.0131505 0.00469115 0.00110365 0.000171488 1.59931e-05 7.57092e-07
#obs catch len freq
 4.09729e-40 2.00534e-33 2.25644e-27 5.83719e-22 3.4716e-17 4.74678e-13 1.49216e-09 1.07838e-06 0.000179175 0.00684425 0.0601063 0.121365 0.057455 0.0358895 0.182618 0.25747 0.102763 0.0764918 0.0609071 0.0236125 0.0103135 0.00316843 0.000710519 9.81511e-05 6.96815e-06
 4.23325e-40 2.07188e-33 2.33132e-27 6.03089e-22 3.5868e-17 4.9043e-13 1.54167e-09 1.11417e-06 0.000185121 0.00707137 0.0621008 0.125392 0.059333 0.0363218 0.184044 0.259392 0.102288 0.0725973 0.0572349 0.0214912 0.00910567 0.00275067 0.000603596 8.09848e-05 5.54442e-06
 5.75061e-40 2.81453e-33 3.16695e-27 8.1926e-22 4.87245e-17 6.6622e-13 2.09427e-09 1.51353e-06 0.000251475 0.00960603 0.0843602 0.170333 0.0800666 0.0351671 0.16345 0.230213 0.0899747 0.0615246 0.0480504 0.0173887 0.00705918 0.00205608 0.000436756 5.71661e-05 3.80474e-06
 5.21275e-40 2.55128e-33 2.87074e-27 7.42634e-22 4.41672e-17 6.03907e-13 1.89839e-09 1.37197e-06 0.000227954 0.00870756 0.0764698 0.154403 0.0728226 0.0383784 0.187855 0.264218 0.0966516 0.0469624 0.034755 0.0121767 0.0047452 0.00132182 0.000266958 3.35752e-05 2.16828e-06
 6.01196e-40 2.94244e-33 3.31088e-27 8.56493e-22 5.09389e-17 6.96497e-13 2.18944e-09 1.58232e-06 0.000262904 0.0100426 0.088194 0.178074 0.0837015 0.0366617 0.170242 0.239532 0.0899007 0.0506451 0.0375114 0.0108559 0.00332401 0.000864764 0.000165338 1.96953e-05 1.21503e-06
 5.4555e-40 2.67009e-33 3.00443e-27 7.77217e-22 4.6224e-17 6.3203e-13 1.98679e-09 1.43586e-06 0.00023857 0.00911306 0.0800309 0.161593 0.0761518 0.0385173 0.186537 0.262308 0.0953107 0.0442877 0.0320254 0.009904 0.00317297 0.000689598 0.000106386 1.15589e-05 6.72583e-07
 4.08079e-40 1.99727e-33 2.24736e-27 5.8137e-22 3.45762e-17 4.72768e-13 1.48615e-09 1.07404e-06 0.000178454 0.0068167 0.0598643 0.120878 0.057374 0.0397373 0.206256 0.290257 0.107303 0.0555244 0.0404544 0.0113322 0.00319577 0.000711322 0.000105195 9.42887e-06 4.69139e-07
 3.95081e-40 1.93365e-33 2.17577e-27 5.62852e-22 3.34749e-17 4.57709e-13 1.43881e-09 1.03983e-06 0.00017277 0.00659958 0.0579575 0.117027 0.055516 0.0376612 0.194743 0.274415 0.106964 0.0721926 0.0548664 0.0160504 0.0047238 0.000967417 0.000130212 1.12455e-05 4.96314e-07
 9.82975e-40 4.81098e-33 5.41339e-27 1.40039e-21 8.32866e-17 1.13879e-12 3.57981e-09 2.58714e-06 0.000429856 0.01642 0.1442 0.291147 0.135773 0.0312143 0.102907 0.144583 0.0558387 0.036228 0.0278443 0.00932342 0.00327518 0.000710328 9.5829e-05 7.64705e-06 3.12843e-07
 6.93063e-40 3.39206e-33 3.81681e-27 9.87371e-22 5.87227e-17 8.02926e-13 2.52401e-09 1.82411e-06 0.000303078 0.0115772 0.101671 0.205284 0.0963828 0.0393703 0.178576 0.250568 0.084122 0.0176006 0.00990008 0.00319623 0.00112379 0.000276662 4.34681e-05 3.64694e-06 1.44623e-07
 3.02644e-40 1.48123e-33 1.66671e-27 4.31161e-22 2.56428e-17 3.50619e-13 1.10217e-09 7.96543e-07 0.000132347 0.00505547 0.0443972 0.0896509 0.0430742 0.0433857 0.23794 0.334584 0.118475 0.0453394 0.0303701 0.00647246 0.000912008 0.000178129 2.90956e-05 2.77824e-06 1.21832e-07
 8.56925e-40 4.19405e-33 4.71921e-27 1.22082e-21 7.26065e-17 9.92763e-13 3.12076e-09 2.25538e-06 0.000374734 0.0143144 0.125709 0.253813 0.118514 0.0312401 0.114318 0.161038 0.0667957 0.0566702 0.0434811 0.0109819 0.00237067 0.000347526 2.68876e-05 1.95633e-06 9.06527e-08
 7.97182e-40 3.90165e-33 4.3902e-27 1.1357e-21 6.75446e-17 9.2355e-13 2.90319e-09 2.09814e-06 0.000348609 0.0133164 0.116945 0.236121 0.110565 0.037401 0.15726 0.220594 0.0745079 0.0171152 0.0102795 0.00381122 0.00143811 0.000268307 2.56386e-05 1.32133e-06 3.58978e-08
 4.88194e-40 2.38937e-33 2.68856e-27 6.95506e-22 4.13643e-17 5.65582e-13 1.77791e-09 1.2849e-06 0.000213488 0.00815497 0.071617 0.144607 0.0684198 0.0417489 0.211384 0.296951 0.102409 0.0304876 0.0190778 0.00412472 0.000639078 0.000141473 2.19408e-05 1.49267e-06 4.10646e-08
 5.17756e-40 2.53406e-33 2.85136e-27 7.3762e-22 4.3869e-17 5.9983e-13 1.88557e-09 1.36271e-06 0.000226415 0.00864878 0.0759536 0.153361 0.0723365 0.038267 0.187491 0.263822 0.098234 0.0529181 0.038119 0.00883394 0.00154804 0.00021968 1.8691e-05 1.43529e-06 5.59156e-08
 3.71664e-40 1.81904e-33 2.04681e-27 5.2949e-22 3.14907e-17 4.30579e-13 1.35353e-09 9.78198e-07 0.000162529 0.0062084 0.0545222 0.110092 0.0524284 0.0408202 0.216118 0.304057 0.110798 0.0524485 0.0377864 0.0109457 0.00306284 0.000505626 4.13151e-05 2.0492e-06 5.91049e-08
 7.19702e-40 3.52244e-33 3.96351e-27 1.02532e-21 6.09798e-17 8.33788e-13 2.62102e-09 1.89422e-06 0.000314727 0.0120222 0.105579 0.213172 0.0998369 0.0342296 0.144817 0.203833 0.0792192 0.0527707 0.0397567 0.0108841 0.00290216 0.000587764 7.01342e-05 4.07937e-06 1.00349e-07
 4.77583e-40 2.33744e-33 2.63012e-27 6.80388e-22 4.04652e-17 5.53288e-13 1.73927e-09 1.25697e-06 0.000208848 0.00797771 0.0700603 0.141464 0.0669594 0.0415539 0.211141 0.29663 0.10255 0.0314198 0.0206542 0.00665691 0.00221661 0.000447125 5.51168e-05 4.03055e-06 1.29927e-07
 5.50428e-40 2.69396e-33 3.03129e-27 7.84166e-22 4.66373e-17 6.37681e-13 2.00455e-09 1.4487e-06 0.000240703 0.00919454 0.0807465 0.163037 0.0767912 0.0377609 0.181485 0.255357 0.0952521 0.0518271 0.0374163 0.00876821 0.00170449 0.000360167 5.24596e-05 4.04123e-06 1.45316e-07
 6.05185e-40 2.96196e-33 3.33284e-27 8.62175e-22 5.12768e-17 7.01118e-13 2.20397e-09 1.59281e-06 0.000264648 0.0101092 0.0887792 0.179255 0.084304 0.0381594 0.179029 0.25165 0.090549 0.0392985 0.027847 0.00806567 0.00226285 0.000384133 3.80754e-05 2.93671e-06 1.17549e-07
 4.69321e-40 2.297e-33 2.58462e-27 6.68617e-22 3.97652e-17 5.43717e-13 1.70918e-09 1.23523e-06 0.000205235 0.0078397 0.0688483 0.139016 0.0657881 0.04049 0.205384 0.288749 0.102982 0.041798 0.0289158 0.00763463 0.00191414 0.00038388 4.64654e-05 2.95091e-06 9.57278e-08
 7.1396e-40 3.49434e-33 3.93189e-27 1.01714e-21 6.04933e-17 8.27136e-13 2.60011e-09 1.8791e-06 0.000312216 0.0119262 0.104736 0.211472 0.0991033 0.03563 0.153878 0.216383 0.0806374 0.0436674 0.0317781 0.00817328 0.00190642 0.000350101 4.09575e-05 2.97357e-06 1.00267e-07
 4.93557e-40 2.41562e-33 2.7181e-27 7.03146e-22 4.18187e-17 5.71796e-13 1.79744e-09 1.29902e-06 0.000215833 0.00824456 0.0724037 0.146195 0.0691344 0.0412223 0.20769 0.291797 0.101282 0.0323212 0.0212402 0.00613959 0.00175182 0.000323474 3.49605e-05 2.36923e-06 8.18914e-08
 5.98645e-40 2.92995e-33 3.29683e-27 8.52859e-22 5.07227e-17 6.93542e-13 2.18015e-09 1.5756e-06 0.000261789 0.00999998 0.0878199 0.177318 0.0833793 0.03738 0.174855 0.245952 0.0911078 0.0476564 0.0342281 0.00810841 0.00158809 0.000302881 3.79641e-05 2.59255e-06 8.40235e-08
 6.29665e-40 3.08177e-33 3.46766e-27 8.97051e-22 5.3351e-17 7.29478e-13 2.29312e-09 1.65724e-06 0.000275353 0.0105181 0.0923703 0.186506 0.0876607 0.0382816 0.177589 0.24954 0.0887016 0.0350824 0.0243218 0.00690953 0.00188777 0.000320706 3.08198e-05 2.1067e-06 7.37214e-08
 4.77382e-40 2.33645e-33 2.62902e-27 6.80101e-22 4.04482e-17 5.53056e-13 1.73854e-09 1.25644e-06 0.00020876 0.00797436 0.0700308 0.141404 0.0668962 0.0406055 0.205369 0.288692 0.102473 0.0400396 0.0273685 0.00696573 0.00161755 0.000314044 3.71845e-05 2.31784e-06 7.01214e-08
 5.19662e-40 2.54338e-33 2.86186e-27 7.40335e-22 4.40305e-17 6.02038e-13 1.89251e-09 1.36772e-06 0.000227249 0.00868061 0.0762331 0.153925 0.0725941 0.0381761 0.186766 0.262795 0.0977783 0.0524769 0.0380861 0.0096597 0.00217364 0.000381952 4.17304e-05 2.91041e-06 9.5809e-08
 5.62513e-40 2.75311e-33 3.09785e-27 8.01383e-22 4.76613e-17 6.51682e-13 2.04857e-09 1.4805e-06 0.000245988 0.00939642 0.0825193 0.166617 0.0784663 0.0383003 0.183698 0.258315 0.0940378 0.0442288 0.0318199 0.00920873 0.00261657 0.000475647 4.93798e-05 3.1611e-06 1.0321e-07
#spawning biomass
 5467.07 3255.33 3500.51 3998.24 4856.33 6254.02 6844.15 5920.49 7291.2 14421.8 16169.3 14545.1 25835.6 35483.4 31992.7 23999.8 20450.7 22704.1 21304.7 23774 22728.6 23330.9 28316.3 27628.4 34153.9 36410 30401.9 31376.4 34863.8 61130.4 64700.7 47321.8 34595.1 27999.7 24899.7 23511.6 22908.3 22651.2 22543.1 22498 22479.3 22471.6 22468.5 22467.2 22466.6 22466.4 22466.3 22466.3 22466.3 22466.3 22466.3 22466.3 22466.3 22466.3 22466.3 22466.3 22466.3 22466.3 22466.3 22466.3 22466.3 22466.3 22466.3 22466.3 22466.3 22466.3 22466.3 22466.3 22466.3 22466.3 22466.3 22466.3 22466.3 22466.3 22466.3 22466.3 22466.3 22466.3 22466.3 22466.3 22466.3 22466.3 22466.3 22466.3 22466.3 22466.3 22466.3 22466.3 22466.3 22466.3 22466.3 22466.3 22466.3 22466.3 22466.3 22466.3 22466.3 22466.3 22466.3 22466.3 22466.3 22466.3 22466.3 22466.3 22466.3 22466.3 22466.3 22466.3 22466.3 22466.3 22466.3 22466.3 22466.3 22466.3 22466.3 22466.3 22466.3 22466.3 22466.3 22466.3 22466.3 22466.3 22466.3 22466.3 22466.3 22466.3 22466.3 22466.3 0 0 0 0 0 0 0 0 0 0 0 0 0 0 0 0 0 0 0 0 0 0 0 0 0
