SBPRF35
0.178135
Curr Bio
181602
B35
201018
F35
0.659738
FOFL
0.659738
OFL
78922.2
Bzero
50895.7
#pred survey bio
 3770.71 5076.03 7545.65 12407.2 21433.8 26829.1 25388.3 29720 47879.9 72370.3 84761.2 94120 127823 140906 154561 134284 132748 121205 116814 123801 130949 138204 149862 154402 154328 152825 161943 181515 5.22269e+06 4.97357e+06 2.93892e+06 1.6844e+06 1.03864e+06 729315 582398 510308 472992 452581 440911 434035 429911 427414 425888 424948 424386 424049 423846 423724 423650 423606 423579 423563 423553 423547 423544 423541 423540 423539 423539 423539 423538 423538 423538 423538 423538 423538 423538 423538 423538 423538 423538 423538 423538 423538 423538 423538 423538 423538 423538 423538 423538 423538 423538 423538 423538 423538 423538 423538 423538 423538 423538 423538 423538 423538 423538 423538 423538 423538 423538 423538 423538 423538 423538 423538 423538 423538 423538 423538 423538 423538 423538 423538 423538 423538 423538 423538 423538 423538 423538 423538 423538 423538 423538 423538 423538 423538 423538 423538 0 0 0 0 0 0 0 0 0 0 0 0 0 0 0 0 0 0 0 0 0 0 0 0 0
#obs survey bio
 3104.19 5442.73 9196.89 15862.2 22526.8 18911.9 23673.9 31840 55041.8 71542.5 83327.7 113434 152751 147571 176476 138661 129113 169066 160428 119414 147961 161830 138302 188151 106543 187982 131212 116544
#pred catch bio
 1388.74 2408.28 3393.82 5257 10649.7 14487.7 14218.6 15791.6 24214.8 42024.3 53989.2 55874.6 86437.1 85836.6 105461 88002.6 93585.8 84738.1 79679.1 85638.8 92272.7 97668.6 109331 115359 116755 111240 114603 104397 78922.2 87916.4 47346.8 24224.4 13510.9 9102.8 7421.89 6813.25 6600.78 6528.57 6504.5 6496.59 6494.03 6493.2 6492.94 6492.85 6492.83 6492.82 6492.82 6492.82 6492.82 6492.82 6492.82 6492.82 6492.82 6492.82 6492.82 6492.82 6492.82 6492.82 6492.82 6492.82 6492.82 6492.82 6492.82 6492.82 6492.82 6492.82 6492.82 6492.82 6492.82 6492.82 6492.82 6492.82 6492.82 6492.82 6492.82 6492.82 6492.82 6492.82 6492.82 6492.82 6492.82 6492.82 6492.82 6492.82 6492.82 6492.82 6492.82 6492.82 6492.82 6492.82 6492.82 6492.82 6492.82 6492.82 6492.82 6492.82 6492.82 6492.82 6492.82 6492.82 6492.82 6492.82 6492.82 6492.82 6492.82 6492.82 6492.82 6492.82 6492.82 6492.82 6492.82 6492.82 6492.82 6492.82 6492.82 6492.82 6492.82 6492.82 6492.82 6492.82 6492.82 6492.82 6492.82 6492.82 6492.82 6492.82 6492.82 6492.82 0 0 0 0 0 0 0 0 0 0 0 0 0 0 0 0 0 0 0 0 0 0 0 0 0
#obs catch bio
 2223.37 2447.31 3192.46 4769.02 9587.02 14831.3 15049.8 15435.4 21620.8 39143.5 51733.9 52984.3 81932.8 83549.2 105441 87892.7 93882.2 78260.3 73648.9 82496.9 82828 89095.3 98721.4 100644 109475 97870.8 110755 101945
#pred cpue bio
 3331.71 4288.43 6180.82 10228 17570.9 23369.8 22344.7 24114.5 38571.2 60233.7 71285.9 77149.6 103843 116206 131266 113179 110751 100882 96454 101505 107386 112489 121712 125420 124857 123552 131246 146621 4.42281e+06 4.93757e+06 2.9046e+06 1.65009e+06 1.00433e+06 695002 548085 475994 438678 418267 406597 399721 395598 393100 391574 390635 390073 389735 389533 389410 389337 389292 389265 389249 389239 389234 389230 389228 389227 389226 389225 389225 389225 389225 389225 389225 389225 389225 389225 389225 389225 389225 389225 389225 389225 389225 389225 389225 389225 389225 389225 389225 389225 389225 389225 389225 389225 389225 389225 389225 389225 389225 389225 389225 389225 389225 389225 389225 389225 389225 389225 389225 389225 389225 389225 389225 389225 389225 389225 389225 389225 389225 389225 389225 389225 389225 389225 389225 389225 389225 389225 389225 389225 389225 389225 389225 389225 389225 389225 389225 0 0 0 0 0 0 0 0 0 0 0 0 0 0 0 0 0 0 0 0 0 0 0 0 0
#obs cpue bio
 3390.82 4709.35 7344.47 14476.8 23887.7 15838.4 24060 28963.5 66036.4 66711.3 82179 79603.1 112448 102311 123082 106644 118235 115777 93208.5 113425 168660 133426 201003 188188 205015 186344 159989 256854
#pred surv len freq
 1.4514e-11 1.57535e-09 1.00822e-07 3.80472e-06 8.46598e-05 0.00111078 0.00859419 0.0392267 0.105835 0.170508 0.172171 0.131019 0.104054 0.0856496 0.0596588 0.0376612 0.0244852 0.0163885 0.0113927 0.00839353 0.00665889 0.00574212 0.00507679 0.00396031 0.00232529
 1.59329e-11 1.72937e-09 1.10679e-07 4.17669e-06 9.29365e-05 0.00121937 0.00943427 0.0430587 0.116142 0.186846 0.187411 0.139239 0.105988 0.0837174 0.0545628 0.0303778 0.0168707 0.00953992 0.00549642 0.00333716 0.0022 0.00162134 0.00129625 0.000973051 0.000571886
 1.68438e-11 1.82823e-09 1.17006e-07 4.41546e-06 9.82494e-05 0.00128907 0.00997349 0.0455176 0.122744 0.197229 0.196692 0.1431 0.104847 0.0800352 0.0496893 0.0250497 0.012097 0.00584953 0.00278765 0.00135286 0.000695332 0.000400383 0.000264943 0.000179996 0.000102087
 1.6414e-11 1.78159e-09 1.14021e-07 4.30281e-06 9.57428e-05 0.00125619 0.00971917 0.0443593 0.119654 0.192531 0.193268 0.143946 0.109674 0.0854597 0.0529545 0.0261143 0.0119968 0.00529905 0.00218205 0.00086695 0.000344947 0.000145242 7.03793e-05 3.87453e-05 1.9931e-05
 1.67052e-11 1.81319e-09 1.16044e-07 4.37915e-06 9.74415e-05 0.00127847 0.00989151 0.0451441 0.121746 0.195697 0.195506 0.143158 0.10614 0.0818575 0.0514524 0.0263797 0.0126273 0.00561292 0.00221713 0.000796476 0.000265139 8.45206e-05 2.80782e-05 1.07097e-05 4.40519e-06
 1.34773e-11 1.46283e-09 9.36211e-08 3.53297e-06 7.86133e-05 0.00103146 0.00798101 0.0364402 0.0984858 0.160026 0.167969 0.144389 0.133962 0.114632 0.0722756 0.0353046 0.0160174 0.00705825 0.00285701 0.00103688 0.000329796 9.17909e-05 2.32207e-05 5.83377e-06 1.60043e-06
 1.31133e-11 1.42332e-09 9.10924e-08 3.43755e-06 7.64899e-05 0.0010036 0.00776541 0.0354551 0.095814 0.155609 0.162993 0.139376 0.129231 0.113049 0.0766661 0.043405 0.022777 0.0105114 0.00415516 0.00147384 0.000469378 0.000129214 3.00138e-05 5.96171e-06 1.08645e-06
 1.73588e-11 1.88413e-09 1.20584e-07 4.55046e-06 0.000101253 0.00132848 0.0102783 0.046905 0.126438 0.202775 0.200395 0.141001 0.0974957 0.0728367 0.0471317 0.0264377 0.0143802 0.0073377 0.00331222 0.00128224 0.000415131 0.000112825 2.57629e-05 4.83625e-06 7.38471e-07
 1.73123e-11 1.87909e-09 1.20261e-07 4.53829e-06 0.000100983 0.00132493 0.0102509 0.0467827 0.126143 0.202584 0.201531 0.145249 0.104424 0.0779302 0.0463184 0.0212077 0.00906859 0.00408259 0.00184091 0.000771268 0.000278944 8.25644e-05 1.9476e-05 3.62992e-06 5.30727e-07
 1.58457e-11 1.71989e-09 1.10073e-07 4.15381e-06 9.24276e-05 0.0012127 0.0093828 0.0428275 0.115568 0.186327 0.188788 0.145187 0.116192 0.0925182 0.0566982 0.0267355 0.0113691 0.00455245 0.00166523 0.000589108 0.00020471 6.42411e-05 1.65903e-05 3.32094e-06 5.0001e-07
 1.53866e-11 1.67007e-09 1.06884e-07 4.03347e-06 8.97499e-05 0.00117757 0.00911107 0.041589 0.112251 0.181184 0.184537 0.144439 0.118733 0.0962122 0.0599938 0.0292807 0.0130738 0.00543936 0.0019877 0.000642881 0.000187767 5.05972e-05 1.24679e-05 2.59984e-06 4.19553e-07
 1.65848e-11 1.80012e-09 1.15208e-07 4.34758e-06 9.6739e-05 0.00126926 0.00982027 0.0448204 0.120892 0.19448 0.195019 0.144695 0.109476 0.0846948 0.0518149 0.024833 0.0109369 0.00459869 0.00174132 0.000583894 0.000169507 4.18792e-05 8.90656e-06 1.64583e-06 2.55694e-07
 1.69268e-11 1.83724e-09 1.17583e-07 4.43722e-06 9.87336e-05 0.00129543 0.0100227 0.0457429 0.123363 0.198312 0.198188 0.145258 0.107594 0.0819605 0.0493871 0.0229743 0.00970249 0.00394487 0.00146629 0.000492623 0.000146371 3.69519e-05 7.69688e-06 1.30386e-06 1.79454e-07
 1.61567e-11 1.75365e-09 1.12233e-07 4.23534e-06 9.42416e-05 0.0012365 0.00956691 0.0436672 0.117825 0.18989 0.192041 0.14672 0.116036 0.0910631 0.0540639 0.0236465 0.00904822 0.00338252 0.0011867 0.000381927 0.000110726 2.78858e-05 5.88316e-06 1.00054e-06 1.32961e-07
 1.48099e-11 1.60748e-09 1.02878e-07 3.88231e-06 8.63863e-05 0.00113344 0.00876978 0.0400345 0.108102 0.174862 0.179857 0.145325 0.124758 0.102912 0.0637747 0.0302472 0.0128315 0.00498114 0.00166228 0.000489414 0.000131264 3.13757e-05 6.43777e-06 1.08744e-06 1.44791e-07
 1.52401e-11 1.65417e-09 1.05867e-07 3.99508e-06 8.88955e-05 0.00116636 0.00902439 0.0411943 0.1112 0.179601 0.183458 0.144966 0.120719 0.0981969 0.0607827 0.0290718 0.0126614 0.00519596 0.00188067 0.000588571 0.000156362 3.49199e-05 6.62583e-06 1.05723e-06 1.36529e-07
 1.57509e-11 1.70961e-09 1.09415e-07 4.12898e-06 9.18749e-05 0.00120544 0.00932671 0.0425718 0.114882 0.185256 0.187865 0.144905 0.116512 0.09311 0.0573567 0.027395 0.0119396 0.00493403 0.00182628 0.00059945 0.000170263 4.01177e-05 7.63385e-06 1.15971e-06 1.4003e-07
 1.57715e-11 1.71184e-09 1.09558e-07 4.13436e-06 9.19948e-05 0.00120702 0.00933891 0.0426281 0.115043 0.185583 0.188516 0.146209 0.118345 0.0942724 0.0567545 0.0255699 0.0102748 0.00402772 0.00146664 0.000483516 0.000140483 3.45868e-05 6.96028e-06 1.10295e-06 1.33647e-07
 1.61446e-11 1.75234e-09 1.12149e-07 4.23217e-06 9.4171e-05 0.00123557 0.00955973 0.0436341 0.117731 0.189705 0.191694 0.146055 0.115125 0.090534 0.0544784 0.0246698 0.00989478 0.00375961 0.00128444 0.000396421 0.000111179 2.7309e-05 5.61998e-06 9.27122e-07 1.17594e-07
 1.64601e-11 1.78658e-09 1.14341e-07 4.31487e-06 9.60114e-05 0.00125971 0.00974648 0.0444849 0.120006 0.193201 0.194431 0.146058 0.11259 0.0874415 0.0523646 0.0236061 0.0094245 0.00357632 0.00121722 0.000366907 9.7724e-05 2.26043e-05 4.47309e-06 7.32895e-07 9.47756e-08
 1.64222e-11 1.78247e-09 1.14078e-07 4.30494e-06 9.57904e-05 0.00125681 0.00972406 0.044383 0.119736 0.192812 0.194246 0.146454 0.113502 0.0882259 0.0524743 0.0231981 0.00898636 0.00333156 0.00112099 0.000335905 8.86812e-05 2.00147e-05 3.78445e-06 5.88928e-07 7.35383e-08
 1.67417e-11 1.81715e-09 1.16297e-07 4.38869e-06 9.76539e-05 0.00128126 0.00991316 0.0452446 0.12204 0.196355 0.197028 0.146489 0.11099 0.0851508 0.0503659 0.0221113 0.00845471 0.00307472 0.00100809 0.00029389 7.60939e-05 1.69677e-05 3.16255e-06 4.79058e-07 5.74234e-08
 1.68156e-11 1.82517e-09 1.1681e-07 4.40806e-06 9.80849e-05 0.00128692 0.0099569 0.045444 0.122575 0.197191 0.197753 0.146722 0.110752 0.0846712 0.0497934 0.021555 0.0080543 0.00286889 0.000925228 0.000264498 6.67782e-05 1.44936e-05 2.64091e-06 3.93079e-07 4.62219e-08
 1.67833e-11 1.82167e-09 1.16586e-07 4.39961e-06 9.78967e-05 0.00128445 0.00993782 0.0453572 0.122345 0.196858 0.197591 0.147045 0.111509 0.085331 0.0499038 0.0212371 0.00769801 0.00265885 0.000835302 0.000232909 5.74897e-05 1.22009e-05 2.16751e-06 3.14218e-07 3.60858e-08
 1.69407e-11 1.83875e-09 1.1768e-07 4.44086e-06 9.88147e-05 0.00129649 0.010031 0.0457817 0.123481 0.198611 0.198997 0.14716 0.11042 0.0839175 0.0488303 0.020571 0.00731531 0.00246687 0.000753629 0.000203313 4.85891e-05 1.00199e-05 1.7342e-06 2.45159e-07 2.74422e-08
 1.69552e-11 1.84032e-09 1.17781e-07 4.44467e-06 9.88995e-05 0.00129761 0.0100396 0.045821 0.123588 0.198786 0.199192 0.14735 0.110595 0.0839753 0.0486689 0.0202699 0.00705621 0.00232572 0.000695702 0.000183094 4.24703e-05 8.46895e-06 1.41635e-06 1.94002e-07 2.11102e-08
 1.68717e-11 1.83126e-09 1.17201e-07 4.42279e-06 9.84125e-05 0.00129122 0.00999015 0.0455957 0.122983 0.197841 0.198372 0.147085 0.110865 0.0845351 0.0493573 0.0209397 0.00751303 0.00252662 0.000753007 0.00019431 4.39638e-05 8.53233e-06 1.3835e-06 1.8315e-07 1.9254e-08
 1.7035e-11 1.84899e-09 1.18335e-07 4.4656e-06 9.93651e-05 0.00130371 0.0100868 0.0460359 0.124157 0.199625 0.199665 0.146747 0.109032 0.0825751 0.0483759 0.0208372 0.00769116 0.00266811 0.000818758 0.000216654 4.94656e-05 9.497e-06 1.50472e-06 1.9361e-07 1.97232e-08
#obs surv len freq
 1.28904e-11 1.39913e-09 8.95441e-08 3.37912e-06 7.519e-05 0.000986544 0.0076336 0.0348555 0.0942114 0.153064 0.160224 0.135991 0.124947 0.111796 0.0816465 0.0503897 0.026937 0.0117751 0.00407791 0.00111147 0.000232855 3.62285e-05 4.05151e-06 3.15953e-07 1.67128e-08
 1.8365e-11 1.99335e-09 1.27574e-07 4.81425e-06 0.000107123 0.0014055 0.010874 0.0496218 0.133721 0.214058 0.209332 0.140616 0.0878964 0.0623321 0.0425423 0.0257236 0.0134834 0.00574059 0.00192242 0.000502632 0.000100235 1.47401e-05 1.54822e-06 1.12777e-07 5.54648e-09
 1.55878e-11 1.69191e-09 1.08282e-07 4.08624e-06 9.09244e-05 0.00119299 0.00923086 0.0421442 0.113837 0.184243 0.189066 0.149236 0.12057 0.0937448 0.0558689 0.0254702 0.0101277 0.00368062 0.00114542 0.00028543 5.42048e-05 7.54029e-06 7.44164e-07 5.06485e-08 2.31706e-09
 1.80948e-11 1.96402e-09 1.25697e-07 4.74341e-06 0.000105547 0.00138483 0.0107145 0.0489008 0.131862 0.21165 0.2092 0.145332 0.0954812 0.0674167 0.0423958 0.0220596 0.00943257 0.0031144 0.000770021 0.000148648 2.32829e-05 2.87067e-06 2.6067e-07 1.64954e-08 7.01519e-10
 1.66283e-11 1.80485e-09 1.1551e-07 4.359e-06 9.69936e-05 0.00127262 0.00984703 0.0449562 0.1214 0.196116 0.199095 0.150581 0.112485 0.08256 0.0481037 0.0217276 0.00827389 0.00265926 0.0006735 0.000128037 1.78346e-05 1.80362e-06 1.32578e-07 7.03293e-09 2.61853e-10
 7.2371e-12 7.8552e-10 5.02733e-08 1.89718e-06 4.22164e-05 0.000554006 0.00429014 0.0196588 0.0539761 0.0936276 0.122166 0.156149 0.188349 0.170178 0.10872 0.0530864 0.0209719 0.00645452 0.00148234 0.000255102 3.31158e-05 3.16082e-06 2.13293e-07 9.88698e-09 3.09991e-10
 1.5996e-11 1.73621e-09 1.11117e-07 4.19323e-06 9.3305e-05 0.00122422 0.00947214 0.0432362 0.116638 0.187477 0.186091 0.131187 0.0921034 0.0793264 0.0688011 0.0485724 0.0246705 0.00860819 0.00208572 0.000359973 4.4578e-05 3.91666e-06 2.4051e-07 1.01667e-08 2.90354e-10
 1.80416e-11 1.95825e-09 1.25328e-07 4.72948e-06 0.000105237 0.00138079 0.010684 0.0487759 0.131668 0.21216 0.212266 0.15119 0.0996812 0.0656411 0.0366898 0.0174632 0.0078956 0.00318381 0.000974426 0.000205223 2.86835e-05 2.64103e-06 1.60515e-07 6.44433e-09 1.70195e-10
 1.59459e-11 1.73077e-09 1.10769e-07 4.18011e-06 9.30139e-05 0.00122045 0.00944468 0.043143 0.116747 0.190017 0.197484 0.156763 0.120672 0.0862842 0.0479835 0.0204387 0.007086 0.00203126 0.000479868 9.2648e-05 1.37003e-05 1.41533e-06 9.58683e-08 4.13285e-09 1.12128e-10
 1.46664e-11 1.5919e-09 1.01882e-07 3.84472e-06 8.55516e-05 0.00112256 0.00868808 0.0397033 0.107613 0.176232 0.187059 0.156324 0.128281 0.096719 0.0577458 0.0270358 0.00997116 0.00276416 0.000558063 8.33067e-05 9.45045e-06 8.13139e-07 5.09577e-08 2.1953e-09 6.17957e-11
 1.4226e-11 1.5441e-09 9.88226e-08 3.72928e-06 8.29832e-05 0.00108889 0.00842805 0.0385253 0.104519 0.171709 0.183915 0.156314 0.130123 0.0992655 0.0607936 0.0296562 0.0114448 0.00331904 0.000695426 0.000103668 1.08711e-05 7.93536e-07 4.01508e-08 1.40516e-09 3.36505e-11
 1.67448e-11 1.81749e-09 1.16319e-07 4.38955e-06 9.76747e-05 0.00128162 0.0099184 0.0453092 0.122589 0.199095 0.204168 0.154103 0.109182 0.0757927 0.0450631 0.0218602 0.0084474 0.00247127 0.000527325 8.04019e-05 8.56379e-06 6.21343e-07 3.00895e-08 9.59427e-10 1.99688e-11
 1.53013e-11 1.66082e-09 1.06292e-07 4.01117e-06 8.92565e-05 0.00117123 0.00906608 0.0414504 0.112506 0.184868 0.197027 0.162686 0.126413 0.0876642 0.0475532 0.0201881 0.0069557 0.00190011 0.000391901 5.87761e-05 6.20738e-06 4.47872e-07 2.1525e-08 6.75541e-10 1.36289e-11
 1.29171e-11 1.40203e-09 8.973e-08 3.38618e-06 7.53511e-05 0.000988857 0.00765707 0.0350543 0.0956073 0.159826 0.179644 0.165794 0.144798 0.10814 0.0623055 0.0277077 0.00948036 0.00240792 0.00044457 5.9669e-05 5.77432e-06 3.92049e-07 1.80559e-08 5.48022e-10 1.07251e-11
 1.22002e-11 1.32422e-09 8.47504e-08 3.19828e-06 7.11708e-05 0.00093404 0.00723372 0.033133 0.090511 0.152013 0.172833 0.162657 0.145749 0.113775 0.0705577 0.0341098 0.0124444 0.00327877 0.000609665 7.93293e-05 7.15264e-06 4.40944e-07 1.8332e-08 5.06593e-10 9.15358e-12
 1.3665e-11 1.48321e-09 9.49259e-08 3.58227e-06 7.97152e-05 0.00104614 0.00810085 0.0370828 0.101047 0.168013 0.184633 0.161106 0.133014 0.0995905 0.0612762 0.0299841 0.0112476 0.00308693 0.000600045 8.07208e-05 7.35423e-06 4.45344e-07 1.76755e-08 4.54968e-10 7.52683e-12
 1.35249e-11 1.468e-09 9.39526e-08 3.54557e-06 7.89e-05 0.00103552 0.00802041 0.036742 0.100354 0.168021 0.18773 0.16742 0.137774 0.0986122 0.0564247 0.0256444 0.00914088 0.00245164 0.000475598 6.46209e-05 5.96887e-06 3.65143e-07 1.44959e-08 3.67828e-10 5.89801e-12
 1.39696e-11 1.51627e-09 9.70416e-08 3.66215e-06 8.14951e-05 0.0010696 0.00828482 0.0379564 0.103664 0.173316 0.192211 0.167836 0.134304 0.0943686 0.0532049 0.0234395 0.00788988 0.00196565 0.000354589 4.54491e-05 4.03163e-06 2.40197e-07 9.35962e-09 2.33651e-10 3.67909e-12
 1.41866e-11 1.53982e-09 9.85494e-08 3.71907e-06 8.27632e-05 0.0010863 0.00841542 0.0385704 0.105448 0.176663 0.196318 0.170524 0.133575 0.0907705 0.0491896 0.0207673 0.00669194 0.00158845 0.000269967 3.21995e-05 2.6414e-06 1.45853e-07 5.30943e-09 1.25016e-10 1.87232e-12
 1.41547e-11 1.53637e-09 9.83287e-08 3.71077e-06 8.25805e-05 0.00108398 0.00839917 0.0385181 0.105464 0.177316 0.198244 0.172836 0.134321 0.0896081 0.0473266 0.0192841 0.00593583 0.00133591 0.00021415 2.39716e-05 1.83491e-06 9.3965e-08 3.15666e-09 6.84382e-11 9.44557e-13
 1.43558e-11 1.5582e-09 9.97261e-08 3.76354e-06 8.37566e-05 0.00109948 0.00852063 0.03909 0.107116 0.180298 0.201448 0.174091 0.132689 0.0865822 0.0447056 0.0177056 0.00524866 0.00112729 0.000170989 1.79736e-05 1.28426e-06 6.1124e-08 1.90194e-09 3.80794e-11 4.84052e-13
 1.47571e-11 1.60176e-09 1.02514e-07 3.86878e-06 8.61005e-05 0.00113031 0.0087606 0.0402008 0.110196 0.185402 0.206124 0.175057 0.129403 0.0816905 0.0408288 0.0156083 0.00444855 0.000914861 0.000132149 1.31371e-05 8.81453e-07 3.91524e-08 1.13144e-09 2.09624e-11 2.45932e-13
 1.4555e-11 1.57982e-09 1.01111e-07 3.81588e-06 8.49272e-05 0.00111506 0.00864556 0.0397124 0.109138 0.18474 0.207748 0.1785 0.131481 0.0810083 0.0389405 0.0141869 0.00383607 0.000747015 0.000101978 9.55499e-06 6.02314e-07 2.50469e-08 6.75159e-10 1.16262e-11 1.26369e-13
 1.45272e-11 1.57681e-09 1.00919e-07 3.8087e-06 8.47711e-05 0.00111314 0.00863323 0.0396846 0.10924 0.1855 0.20945 0.179996 0.131432 0.0797953 0.0376111 0.0132954 0.00343926 0.00063296 8.09999e-05 7.08239e-06 4.15763e-07 1.60855e-08 4.03086e-10 6.44601e-12 6.49834e-14
 1.44247e-11 1.56569e-09 1.00208e-07 3.78194e-06 8.41806e-05 0.00110555 0.00857767 0.0394661 0.108872 0.185673 0.210973 0.181893 0.13187 0.0787943 0.0363834 0.0125353 0.00313942 0.000555124 6.76463e-05 5.57804e-06 3.06147e-07 1.10044e-08 2.55229e-10 3.77041e-12 3.50848e-14
 1.31902e-11 1.43171e-09 9.16344e-08 3.45858e-06 7.69947e-05 0.0010116 0.00785768 0.0362633 0.100829 0.175276 0.207034 0.18832 0.14197 0.0855375 0.0389701 0.0130804 0.00316485 0.00053742 6.25625e-05 4.90086e-06 2.53989e-07 8.56835e-09 1.85447e-10 2.54386e-12 2.18947e-14
 1.33337e-11 1.44729e-09 9.26325e-08 3.49633e-06 7.78393e-05 0.00102281 0.00794641 0.0366839 0.102008 0.17706 0.207843 0.186855 0.139819 0.0847346 0.0390724 0.0131564 0.00313778 0.000516627 5.763e-05 4.29165e-06 2.10255e-07 6.67609e-09 1.35495e-10 1.73695e-12 1.39257e-14
 1.34941e-11 1.4647e-09 9.37486e-08 3.5386e-06 7.87877e-05 0.0010355 0.00804902 0.0371963 0.103632 0.180341 0.211729 0.188459 0.137603 0.0807325 0.0360611 0.0118225 0.0027599 0.00044529 4.84425e-05 3.48604e-06 1.63339e-07 4.91559e-09 9.39129e-11 1.12784e-12 8.4423e-15
#pred catch len freq
 1.26221e-11 1.37e-09 8.76801e-08 3.30878e-06 7.36246e-05 0.000965998 0.00747435 0.0341231 0.0921722 0.149354 0.154858 0.128471 0.115145 0.100522 0.0710404 0.0449631 0.0292436 0.0195745 0.0136076 0.0100253 0.00795345 0.00685845 0.00606378 0.00473024 0.00277735
 1.45471e-11 1.57895e-09 1.01052e-07 3.8134e-06 8.48531e-05 0.00111332 0.00861401 0.039321 0.106143 0.17143 0.175104 0.138425 0.115823 0.0961492 0.0634735 0.0354253 0.0196816 0.0111302 0.00641272 0.00389349 0.00256676 0.00189164 0.00151235 0.00113527 0.000667225
 1.54641e-11 1.67848e-09 1.07422e-07 4.05378e-06 9.02018e-05 0.00118349 0.00915688 0.0417969 0.112796 0.181928 0.184662 0.14291 0.115631 0.0932489 0.0587437 0.0296996 0.0143497 0.00693949 0.00330714 0.00160498 0.000824912 0.000474998 0.000314317 0.000213539 0.000121112
 1.4898e-11 1.61704e-09 1.0349e-07 3.9054e-06 8.69003e-05 0.00114018 0.00882189 0.0402712 0.108724 0.175731 0.180113 0.143911 0.121806 0.100232 0.0629895 0.0311496 0.0143171 0.00632458 0.0026044 0.00103476 0.000411715 0.000173355 8.4002e-05 4.62449e-05 2.37888e-05
 1.5487e-11 1.68096e-09 1.07582e-07 4.05979e-06 9.03355e-05 0.00118525 0.00917045 0.0418588 0.112962 0.182187 0.184888 0.143001 0.115696 0.0936049 0.0595853 0.0306251 0.0146658 0.00651955 0.0025753 0.000925146 0.000307972 9.81748e-05 3.26142e-05 1.24399e-05 5.11685e-06
 1.22375e-11 1.32827e-09 8.50089e-08 3.20797e-06 7.13818e-05 0.000936583 0.00724722 0.0330969 0.0895478 0.146291 0.157231 0.144418 0.143973 0.126775 0.0804691 0.0393593 0.0178619 0.00787165 0.00318631 0.0011564 0.00036781 0.000102371 2.58972e-05 6.50621e-06 1.7849e-06
 1.19466e-11 1.29669e-09 8.29879e-08 3.13171e-06 6.96848e-05 0.000914315 0.00707486 0.0323086 0.0873979 0.142644 0.152697 0.138876 0.137847 0.123936 0.0845847 0.0479455 0.0251652 0.0116141 0.00459111 0.00162847 0.000518626 0.000142772 3.31628e-05 6.58722e-06 1.20044e-06
 1.63302e-11 1.77249e-09 1.13439e-07 4.28083e-06 9.52538e-05 0.00124977 0.00966945 0.0441309 0.119018 0.191343 0.19131 0.140535 0.105038 0.0823495 0.0540045 0.0303705 0.0165259 0.00843309 0.00380672 0.00147368 0.000477109 0.000129669 2.96093e-05 5.55829e-06 8.48723e-07
 1.61915e-11 1.75743e-09 1.12475e-07 4.24446e-06 9.44447e-05 0.00123916 0.00958749 0.0437602 0.118064 0.190179 0.19188 0.145431 0.113708 0.0890501 0.0536263 0.0246196 0.0105329 0.00474233 0.00213844 0.000895929 0.00032403 9.59094e-05 2.2624e-05 4.21662e-06 6.16509e-07
 1.48973e-11 1.61696e-09 1.03485e-07 3.90522e-06 8.68961e-05 0.00114012 0.00882151 0.0402702 0.108732 0.175829 0.18061 0.145307 0.124003 0.10193 0.0629738 0.029743 0.0126521 0.00506659 0.00185333 0.000655657 0.000227835 7.14981e-05 1.84644e-05 3.69609e-06 5.56493e-07
 1.46605e-11 1.59126e-09 1.0184e-07 3.84314e-06 8.55148e-05 0.001122 0.00868132 0.039631 0.107017 0.173141 0.178251 0.144464 0.124611 0.103347 0.0648198 0.0316732 0.0141454 0.00588556 0.00215079 0.00069563 0.000203174 5.47488e-05 1.34909e-05 2.81316e-06 4.53978e-07
 1.57405e-11 1.70848e-09 1.09342e-07 4.12624e-06 9.18141e-05 0.00120465 0.00932053 0.0425435 0.114806 0.185129 0.187722 0.144758 0.116362 0.093021 0.0574031 0.0275592 0.0121416 0.00510562 0.0019333 0.000648273 0.000188197 4.64967e-05 9.88857e-06 1.82729e-06 2.83886e-07
 1.64513e-11 1.78563e-09 1.1428e-07 4.31258e-06 9.59603e-05 0.00125904 0.00974127 0.0444608 0.119936 0.193049 0.194092 0.145331 0.11153 0.0866904 0.0525233 0.0244607 0.0103327 0.00420136 0.00156165 0.000524663 0.000155892 3.93553e-05 8.1975e-06 1.38867e-06 1.91126e-07
 1.53518e-11 1.66629e-09 1.06642e-07 4.02434e-06 8.95468e-05 0.0011749 0.00909053 0.0414968 0.112024 0.180992 0.185156 0.146978 0.122905 0.0992137 0.0593328 0.0259898 0.00994804 0.00371924 0.00130486 0.000419958 0.000121752 3.06626e-05 6.469e-06 1.10018e-06 1.46201e-07
 1.42795e-11 1.5499e-09 9.91936e-08 3.74326e-06 8.32924e-05 0.00109285 0.00845583 0.0386041 0.104278 0.168989 0.175282 0.145391 0.129128 0.108182 0.0672976 0.0319431 0.0135534 0.00526164 0.00175592 0.000516985 0.000138659 3.31433e-05 6.80045e-06 1.1487e-06 1.52948e-07
 1.45939e-11 1.58403e-09 1.01378e-07 3.82568e-06 8.51264e-05 0.00111691 0.00864193 0.0394518 0.106542 0.172446 0.177878 0.145026 0.126008 0.104586 0.0650645 0.0311516 0.0135701 0.00556922 0.00201581 0.000630864 0.000167598 3.74291e-05 7.10195e-06 1.1332e-06 1.4634e-07
 1.53603e-11 1.66722e-09 1.06702e-07 4.02659e-06 8.95967e-05 0.00117555 0.00909553 0.0415185 0.112067 0.180931 0.184491 0.14494 0.119707 0.0969698 0.0599431 0.028651 0.012489 0.00516137 0.00191045 0.000627079 0.000178111 4.19668e-05 7.98571e-06 1.21316e-06 1.46484e-07
 1.53544e-11 1.66658e-09 1.06661e-07 4.02505e-06 8.95624e-05 0.00117511 0.00909209 0.0415036 0.112037 0.180971 0.184938 0.146311 0.121855 0.0984607 0.0594928 0.026824 0.0107807 0.00422629 0.00153897 0.000507364 0.000147412 3.62927e-05 7.30359e-06 1.15735e-06 1.40239e-07
 1.56615e-11 1.6999e-09 1.08794e-07 4.10553e-06 9.13533e-05 0.0011986 0.00927382 0.0423315 0.114249 0.184362 0.187547 0.146169 0.119186 0.0953866 0.0576608 0.0261356 0.0104849 0.00398408 0.00136115 0.0004201 0.00011782 2.89402e-05 5.95567e-06 9.82501e-07 1.24618e-07
 1.60334e-11 1.74027e-09 1.11377e-07 4.20303e-06 9.35228e-05 0.00122706 0.00949396 0.0433345 0.116931 0.188482 0.19077 0.146163 0.116184 0.0917315 0.0551733 0.0248948 0.00994104 0.00377257 0.00128404 0.000387049 0.000103089 2.38453e-05 4.71866e-06 7.7313e-07 9.99786e-08
 1.6053e-11 1.7424e-09 1.11513e-07 4.20817e-06 9.36371e-05 0.00122856 0.00950556 0.0433876 0.117076 0.18873 0.191085 0.146563 0.116639 0.0919569 0.054898 0.0242887 0.00941056 0.00348904 0.00117401 0.000351792 9.28754e-05 2.09613e-05 3.96344e-06 6.16782e-07 7.70163e-08
 1.63928e-11 1.77928e-09 1.13874e-07 4.29724e-06 9.56191e-05 0.00125457 0.00970669 0.0443039 0.119526 0.192498 0.194043 0.146599 0.113964 0.0886837 0.0526558 0.0231352 0.00884787 0.00321791 0.00105505 0.000307584 7.96394e-05 1.77583e-05 3.30991e-06 5.0138e-07 6.0099e-08
 1.65712e-11 1.79864e-09 1.15113e-07 4.344e-06 9.66594e-05 0.00126822 0.00981226 0.044785 0.120814 0.19449 0.195665 0.146807 0.112848 0.0871548 0.0513947 0.0222613 0.00831949 0.00296352 0.000955765 0.000273229 6.89825e-05 1.4972e-05 2.72809e-06 4.06055e-07 4.77478e-08
 1.66179e-11 1.80372e-09 1.15438e-07 4.35625e-06 9.69321e-05 0.00127179 0.00983994 0.0449113 0.121154 0.195031 0.19618 0.14711 0.112938 0.0870188 0.0509853 0.0217061 0.00786898 0.00271805 0.000853919 0.000238101 5.87713e-05 1.24729e-05 2.21583e-06 3.21223e-07 3.68902e-08
 1.68204e-11 1.82569e-09 1.16844e-07 4.40933e-06 9.8113e-05 0.00128729 0.00995977 0.0454573 0.122614 0.197282 0.197972 0.14721 0.111464 0.0851483 0.0496163 0.0209087 0.00743618 0.00250777 0.000766138 0.000206689 4.93959e-05 1.01863e-05 1.76299e-06 2.4923e-07 2.78978e-08
 1.67075e-11 1.81344e-09 1.1606e-07 4.37974e-06 9.74547e-05 0.00127865 0.00989298 0.0451532 0.121803 0.19605 0.197084 0.147459 0.112755 0.0865172 0.0502847 0.0209556 0.00729609 0.00240494 0.000719416 0.000189336 4.39183e-05 8.75769e-06 1.46464e-06 2.00616e-07 2.183e-08
 1.65323e-11 1.79442e-09 1.14843e-07 4.3338e-06 9.64325e-05 0.00126524 0.00978924 0.0446804 0.120537 0.19409 0.195478 0.147221 0.113805 0.0880052 0.0515784 0.0218995 0.00785891 0.00264312 0.000787746 0.000203276 4.59923e-05 8.92602e-06 1.44734e-06 1.91601e-07 2.01424e-08
 1.61543e-11 1.7534e-09 1.12217e-07 4.23473e-06 9.4228e-05 0.00123632 0.00956554 0.0436611 0.117811 0.189891 0.192145 0.147067 0.116608 0.0915436 0.0541487 0.0233701 0.00862955 0.00299396 0.000918777 0.000243122 5.55087e-05 1.06572e-05 1.68855e-06 2.17263e-07 2.21328e-08
#obs catch len freq
 1.09081e-11 1.18398e-09 7.57743e-08 2.85949e-06 6.36277e-05 0.000834852 0.00646032 0.0295089 0.0799029 0.130943 0.142217 0.133572 0.137088 0.128781 0.0960631 0.0603705 0.0327883 0.0145324 0.00510505 0.00141229 0.00030035 4.74475e-05 5.38935e-06 4.26931e-07 2.29393e-08
 1.11883e-11 1.21438e-09 7.77205e-08 2.93293e-06 6.5262e-05 0.000856299 0.00662637 0.0302691 0.0819751 0.134383 0.145861 0.135989 0.137311 0.126912 0.0931868 0.0573672 0.0303264 0.0130206 0.00440615 0.00116622 0.000235669 3.51361e-05 3.74199e-06 2.76332e-07 1.37736e-08
 1.71859e-11 1.86537e-09 1.19384e-07 4.50517e-06 0.000100246 0.00131527 0.0101763 0.0464448 0.125246 0.201122 0.199396 0.140647 0.0965248 0.0728578 0.0505115 0.0304768 0.0157733 0.0065853 0.00215143 0.000545378 0.000104741 1.47386e-05 1.47233e-06 1.01445e-07 4.69698e-09
 1.43866e-11 1.56153e-09 9.99376e-08 3.77134e-06 8.39176e-05 0.00110107 0.0085202 0.0389113 0.105245 0.171341 0.179962 0.151328 0.131407 0.10475 0.0623692 0.0282844 0.0111474 0.00398276 0.00120872 0.000291602 5.32465e-05 7.0772e-06 6.63444e-07 4.26645e-08 1.83582e-09
 1.72067e-11 1.86762e-09 1.19528e-07 4.51061e-06 0.000100367 0.00131688 0.0101891 0.0465107 0.125508 0.202086 0.202322 0.14647 0.102994 0.0755087 0.0477047 0.0246228 0.0103465 0.00333626 0.00080342 0.000150481 2.26993e-05 2.67303e-06 2.3027e-07 1.37516e-08 5.49556e-10
 1.57614e-11 1.71075e-09 1.09488e-07 4.13174e-06 9.1937e-05 0.00120629 0.00933432 0.0426257 0.115226 0.186946 0.192927 0.152638 0.120505 0.0902205 0.0524114 0.023468 0.00880557 0.00276541 0.000679833 0.00012476 1.66912e-05 1.61318e-06 1.12658e-07 5.64126e-09 1.97171e-10
 6.56533e-12 7.12605e-10 4.56068e-08 1.72108e-06 3.82985e-05 0.000502624 0.00389332 0.017861 0.0492699 0.0869435 0.118598 0.159411 0.195221 0.175329 0.110897 0.0534698 0.0207111 0.00620869 0.00138325 0.00022985 2.86264e-05 2.60519e-06 1.66775e-07 7.3014e-09 2.15256e-10
 1.53488e-11 1.66597e-09 1.06622e-07 4.02359e-06 8.95303e-05 0.0011747 0.00908937 0.0414954 0.112011 0.180486 0.180847 0.131288 0.0968073 0.0855787 0.0738799 0.0510908 0.0252397 0.00854124 0.00200151 0.000332607 3.94495e-05 3.30281e-06 1.92313e-07 7.6717e-09 2.05892e-10
 1.75823e-11 1.9084e-09 1.22137e-07 4.60909e-06 0.000102559 0.00134566 0.0104127 0.0475454 0.128434 0.207487 0.209482 0.152849 0.103979 0.0691982 0.0385176 0.0182109 0.00810818 0.0031741 0.000934205 0.000188262 2.50926e-05 2.19605e-06 1.26399e-07 4.78706e-09 1.18812e-10
 1.54994e-11 1.68232e-09 1.07668e-07 4.06308e-06 9.04103e-05 0.00118631 0.00918114 0.0419507 0.113639 0.185652 0.195266 0.159041 0.12516 0.0894741 0.0492016 0.0206422 0.00701006 0.00195773 0.000448236 8.31413e-05 1.17017e-05 1.14375e-06 7.30614e-08 2.96337e-09 7.5475e-11
 1.42905e-11 1.5511e-09 9.92707e-08 3.74619e-06 8.33596e-05 0.00109383 0.00846642 0.0387029 0.105025 0.172695 0.185527 0.158621 0.132179 0.0992828 0.0585474 0.0269166 0.00967212 0.00259716 0.000506115 7.2622e-05 7.86938e-06 6.41948e-07 3.78865e-08 1.53012e-09 4.02737e-11
 1.39335e-11 1.51235e-09 9.67906e-08 3.65261e-06 8.12777e-05 0.00106653 0.00825582 0.0377509 0.10254 0.169117 0.183122 0.158578 0.133328 0.101076 0.0610849 0.0292261 0.0109738 0.00307704 0.000620378 8.85483e-05 8.84713e-06 6.12448e-07 2.9245e-08 9.60795e-10 2.14928e-11
 1.6555e-11 1.79689e-09 1.15001e-07 4.3398e-06 9.65681e-05 0.00126712 0.00980682 0.0448093 0.121325 0.197506 0.203869 0.155812 0.111326 0.0768409 0.0450595 0.0214174 0.00804519 0.00227353 0.000466147 6.79139e-05 6.87573e-06 4.72081e-07 2.15511e-08 6.45498e-10 1.25767e-11
 1.51521e-11 1.64462e-09 1.05256e-07 3.97207e-06 8.83871e-05 0.00115985 0.00897888 0.0410649 0.111575 0.183904 0.197483 0.164788 0.128149 0.0878022 0.0468516 0.019495 0.00653624 0.00172466 0.000341461 4.88673e-05 4.89764e-06 3.33793e-07 1.50951e-08 4.4433e-10 8.38495e-12
 1.28146e-11 1.3909e-09 8.9018e-08 3.35933e-06 7.47545e-05 0.000981069 0.00759788 0.0347997 0.0950498 0.159532 0.180841 0.168273 0.146342 0.107729 0.0609458 0.0264667 0.00877938 0.00215012 0.000381058 4.88197e-05 4.48147e-06 2.87048e-07 1.24188e-08 3.52921e-10 6.45014e-12
 1.216e-11 1.31986e-09 8.44714e-08 3.18776e-06 7.09379e-05 0.000931029 0.00721155 0.0330477 0.0904085 0.152415 0.174551 0.165158 0.14704 0.113082 0.0687821 0.0323898 0.0114274 0.00289618 0.000515608 6.39117e-05 5.46194e-06 3.17665e-07 1.24053e-08 3.20751e-10 5.40525e-12
 1.36714e-11 1.48391e-09 9.49706e-08 3.58397e-06 7.97541e-05 0.0010467 0.00810622 0.037122 0.101266 0.168846 0.1865 0.163251 0.133789 0.0986183 0.0594803 0.0283374 0.0102715 0.00270741 0.000502669 6.42523e-05 5.53677e-06 3.15882e-07 1.17701e-08 2.83505e-10 4.37607e-12
 1.35742e-11 1.47335e-09 9.42951e-08 3.55851e-06 7.91894e-05 0.00103937 0.00805149 0.0369008 0.100908 0.169409 0.190068 0.169501 0.137897 0.0969206 0.0543158 0.0240418 0.00828196 0.00213208 0.000394553 5.08465e-05 4.43285e-06 2.5495e-07 9.48542e-09 2.24967e-10 3.36403e-12
 1.40591e-11 1.52599e-09 9.76638e-08 3.68565e-06 8.20196e-05 0.00107654 0.00833985 0.0382246 0.104508 0.175128 0.194794 0.169754 0.134039 0.0923208 0.0508651 0.0217722 0.00707192 0.00169023 0.000290806 3.53325e-05 2.95459e-06 1.65214e-07 6.02206e-09 1.40261e-10 2.05642e-12
 1.43055e-11 1.55273e-09 9.93756e-08 3.75027e-06 8.34593e-05 0.0010955 0.00848809 0.0389204 0.106516 0.178819 0.199118 0.172277 0.132874 0.0883653 0.0467404 0.0191528 0.00594768 0.00135224 0.000218899 2.47286e-05 1.91134e-06 9.89962e-08 3.36768e-09 7.3882e-11 1.02864e-12
 1.4304e-11 1.55257e-09 9.93661e-08 3.74995e-06 8.34544e-05 0.00109553 0.00849014 0.038953 0.106766 0.179834 0.20129 0.174474 0.133245 0.0868546 0.0447067 0.0176553 0.00523081 0.00112636 0.000171789 1.81943e-05 1.31106e-06 6.29355e-08 1.97492e-09 3.98781e-11 5.11364e-13
 1.45295e-11 1.57705e-09 1.00933e-07 3.80912e-06 8.47732e-05 0.00111291 0.0086263 0.0395929 0.108602 0.183086 0.204633 0.175572 0.131304 0.0835974 0.0420057 0.0161002 0.00458782 0.000941614 0.000135741 1.34878e-05 9.06551e-07 4.04192e-08 1.17417e-09 2.18857e-11 2.58406e-13
 1.49528e-11 1.623e-09 1.03874e-07 3.92014e-06 8.72462e-05 0.00114544 0.00887955 0.0407648 0.111843 0.188411 0.209375 0.17631 0.127689 0.0785293 0.0381409 0.0140934 0.00385654 0.000756977 0.000103797 9.74402e-06 6.14497e-07 2.55535e-08 6.89091e-10 1.18812e-11 1.29433e-13
 1.47727e-11 1.60345e-09 1.02623e-07 3.87303e-06 8.62022e-05 0.0011319 0.00877806 0.0403406 0.110966 0.188038 0.211182 0.179601 0.129388 0.0775609 0.0361897 0.0127312 0.00330186 0.000613056 7.93632e-05 7.01522e-06 4.15277e-07 1.61555e-08 4.06143e-10 6.50589e-12 6.56441e-14
 1.47605e-11 1.60213e-09 1.0254e-07 3.86994e-06 8.61378e-05 0.0011312 0.00877541 0.0403586 0.111196 0.188989 0.212984 0.180987 0.129123 0.0761801 0.034801 0.011861 0.00293946 0.00051534 6.24919e-05 5.15124e-06 2.83774e-07 1.02638e-08 2.39715e-10 3.56406e-12 3.33385e-14
 1.4674e-11 1.59275e-09 1.0194e-07 3.84742e-06 8.56422e-05 0.00112488 0.00872992 0.0401882 0.110963 0.189368 0.214617 0.182761 0.129322 0.0750122 0.0335294 0.0111237 0.00266563 0.000448468 5.17314e-05 4.01841e-06 2.06861e-07 6.94867e-09 1.50154e-10 2.06152e-12 1.77924e-14
 1.34611e-11 1.46111e-09 9.35175e-08 3.52976e-06 7.85849e-05 0.00103266 0.00802408 0.0370566 0.103142 0.17939 0.21109 0.189242 0.13907 0.0813072 0.0358337 0.0115702 0.00267579 0.000431851 4.75385e-05 3.50475e-06 1.70236e-07 5.36399e-09 1.08129e-10 1.37828e-12 1.10018e-14
 1.36177e-11 1.47812e-09 9.46073e-08 3.57098e-06 7.95074e-05 0.00104491 0.00812097 0.0375148 0.104418 0.181302 0.211969 0.187791 0.136906 0.0803973 0.0357893 0.0115706 0.00263419 0.000411832 4.34064e-05 3.03984e-06 1.3948e-07 4.13395e-09 7.81036e-11 9.30004e-13 6.91328e-15
#spawning biomass
 3771.73 5077.96 7549.14 12412.5 21443.6 26834.4 25393.2 29735.4 47904.2 72397.6 84790.2 94161.7 127884 140963 154606 134328 132797 121249 116860 123854 131004 138267 149931 154472 154401 152897 162018 181602 227142 226632 122598 63292.2 35813.7 24507.7 20196.4 18635.3 18090.4 17905.2 17843.4 17823.2 17816.6 17814.5 17813.8 17813.6 17813.5 17813.5 17813.5 17813.5 17813.5 17813.5 17813.5 17813.5 17813.5 17813.5 17813.5 17813.5 17813.5 17813.5 17813.5 17813.5 17813.5 17813.5 17813.5 17813.5 17813.5 17813.5 17813.5 17813.5 17813.5 17813.5 17813.5 17813.5 17813.5 17813.5 17813.5 17813.5 17813.5 17813.5 17813.5 17813.5 17813.5 17813.5 17813.5 17813.5 17813.5 17813.5 17813.5 17813.5 17813.5 17813.5 17813.5 17813.5 17813.5 17813.5 17813.5 17813.5 17813.5 17813.5 17813.5 17813.5 17813.5 17813.5 17813.5 17813.5 17813.5 17813.5 17813.5 17813.5 17813.5 17813.5 17813.5 17813.5 17813.5 17813.5 17813.5 17813.5 17813.5 17813.5 17813.5 17813.5 17813.5 17813.5 17813.5 17813.5 17813.5 17813.5 17813.5 17813.5 0 0 0 0 0 0 0 0 0 0 0 0 0 0 0 0 0 0 0 0 0 0 0 0 0
