SBPRF35
0.120498
Curr Bio
41615.4
B35
113649
F35
0.448776
FOFL
0
OFL
0
Bzero
34428
#pred survey bio
 8173.43 7882.29 8932.12 8275.2 10961.6 14714.7 16437.6 18475.3 31814.8 52923.9 68342.1 89695.9 122874 164411 158836 139306 134292 134141 125085 122470 120762 138578 144718 161292 177216 191368 176956 167322 149264 2.68573e+06 2.66266e+06 1.84873e+06 1.19961e+06 838221 661309 579369 542055 524934 516889 512983 511019 509997 509450 509151 508985 508891 508838 508808 508791 508781 508776 508772 508771 508769 508769 508768 508768 508768 508768 508768 508768 508768 508768 508768 508768 508768 508768 508768 508768 508768 508768 508768 508768 508768 508768 508768 508768 508768 508768 508768 508768 508768 508768 508768 508768 508768 508768 508768 508768 508768 508768 508768 508768 508768 508768 508768 508768 508768 508768 508768 508768 508768 508768 508768 508768 508768 508768 508768 508768 508768 508768 508768 508768 508768 508768 508768 508768 508768 508768 508768 508768 508768 508768 508768 508768 508768 508768 508768 508768 0 0 0 0 0 0 0 0 0 0 0 0 0 0 0 0 0 0 0 0 0 0 0 0 0
#obs survey bio
 7588.26 5438.64 11411.9 8045.05 18378.6 13746.8 16214.1 21851.3 54520 57994.9 57302.7 93347.2 146851 169292 154188 110110 124169 139842 100828 109508 122526 155129 120090 164565 171370 199588 171105 155965 134904
#pred catch bio
 4848.16 4840.1 6178.47 5464.58 6665.81 9232.81 11099.7 11023.6 18367.2 34070.7 44743.5 58754.4 76724.3 110042 107363 93262.3 89652.8 92532.4 84679.1 84059.7 76026.3 91151.3 93166.6 103349 110792 124835 114812 115500 130609 0 35788.8 23494.1 14618.4 9963.28 7831.96 6928.45 6563.19 6419.96 6364.92 6344.05 6336.21 6333.29 6332.2 6331.8 6331.65 6331.59 6331.57 6331.57 6331.56 6331.56 6331.56 6331.56 6331.56 6331.56 6331.56 6331.56 6331.56 6331.56 6331.56 6331.56 6331.56 6331.56 6331.56 6331.56 6331.56 6331.56 6331.56 6331.56 6331.56 6331.56 6331.56 6331.56 6331.56 6331.56 6331.56 6331.56 6331.56 6331.56 6331.56 6331.56 6331.56 6331.56 6331.56 6331.56 6331.56 6331.56 6331.56 6331.56 6331.56 6331.56 6331.56 6331.56 6331.56 6331.56 6331.56 6331.56 6331.56 6331.56 6331.56 6331.56 6331.56 6331.56 6331.56 6331.56 6331.56 6331.56 6331.56 6331.56 6331.56 6331.56 6331.56 6331.56 6331.56 6331.56 6331.56 6331.56 6331.56 6331.56 6331.56 6331.56 6331.56 6331.56 6331.56 6331.56 6331.56 6331.56 6331.56 6331.56 6331.56 0 0 0 0 0 0 0 0 0 0 0 0 0 0 0 0 0 0 0 0 0 0 0 0 0
#obs catch bio
 5466.63 4902.09 6262.03 5540.95 6429.57 9064.35 10983.2 10778.1 17799.4 33276.6 44554.8 58578.8 75861.2 109529 107301 94752.9 91296.1 92147.3 85624 85410.2 76514.6 90363.4 95485.1 103181 111647 125608 116577 118432 132291
#pred cpue bio
 7726.62 7172.15 8162.89 7547.66 9814.95 13374.4 15033.1 16664.9 28408.2 47644.1 61772.9 80695.5 110359 148886 145811 127999 122504 122417 114158 111695 109840 126321 131969 146760 161676 175307 162954 153551 136342 2.35791e+06 2.69643e+06 1.83818e+06 1.18254e+06 820619 643670 561727 524413 507292 499247 495342 493377 492355 491809 491510 491343 491250 491197 491167 491149 491140 491134 491131 491129 491128 491127 491127 491127 491127 491126 491126 491126 491126 491126 491126 491126 491126 491126 491126 491126 491126 491126 491126 491126 491126 491126 491126 491126 491126 491126 491126 491126 491126 491126 491126 491126 491126 491126 491126 491126 491126 491126 491126 491126 491126 491126 491126 491126 491126 491126 491126 491126 491126 491126 491126 491126 491126 491126 491126 491126 491126 491126 491126 491126 491126 491126 491126 491126 491126 491126 491126 491126 491126 491126 491126 491126 491126 491126 491126 491126 0 0 0 0 0 0 0 0 0 0 0 0 0 0 0 0 0 0 0 0 0 0 0 0 0
#obs cpue bio
 7012.6 7949.46 5526.71 5988.12 16114.3 15268.1 17592.8 21652.2 30072.8 57176.4 65733.3 82443.3 115964 155978 144432 113031 96245.8 153796 101945 97808.9 97619.4 152903 79544.8 189411 132638 161857 120254 105746 147791
#pred surv len freq
 2.14627e-27 2.17425e-27 6.70335e-27 1.54976e-21 9.21701e-17 1.26026e-12 3.96165e-09 2.8631e-06 0.000475699 0.0181714 0.159582 0.3222 0.149949 0.0264226 0.0642893 0.0902057 0.0366562 0.0293496 0.0261112 0.0176649 0.0149028 0.0129319 0.0133887 0.0124595 0.00523694
 2.14896e-27 2.1821e-27 7.59515e-27 1.85238e-21 1.10168e-16 1.50635e-12 4.73524e-09 3.42217e-06 0.000568588 0.0217197 0.190743 0.385114 0.179083 0.0276746 0.0529754 0.0739283 0.0270498 0.013222 0.0104585 0.00559595 0.00388814 0.0027586 0.00237448 0.00200866 0.000834229
 2.14817e-27 2.18033e-27 7.41261e-27 1.79045e-21 1.06485e-16 1.456e-12 4.57694e-09 3.30777e-06 0.000549581 0.0209936 0.184367 0.37224 0.173192 0.0292986 0.0667706 0.0932848 0.0328043 0.0118717 0.00830203 0.00307304 0.00148794 0.000776333 0.00049719 0.000350073 0.000137666
 2.1483e-27 2.18069e-27 7.45468e-27 1.80474e-21 1.07335e-16 1.46761e-12 4.61345e-09 3.33415e-06 0.000553964 0.0211611 0.185838 0.375209 0.174557 0.0290833 0.0645619 0.0902035 0.0321814 0.0131088 0.00921779 0.0028286 0.000972558 0.000316091 0.000122251 6.08761e-05 2.1051e-05
 2.1499e-27 2.18463e-27 7.87264e-27 1.94652e-21 1.15767e-16 1.58291e-12 4.97589e-09 3.59609e-06 0.000597485 0.0228235 0.200437 0.404685 0.188131 0.0276771 0.0470932 0.0655742 0.0234022 0.00956271 0.00678161 0.00221171 0.000773941 0.000191376 4.04469e-05 1.04125e-05 2.65401e-06
 2.1486e-27 2.1814e-27 7.52617e-27 1.82897e-21 1.08776e-16 1.48732e-12 4.67539e-09 3.37892e-06 0.000561403 0.0214452 0.188333 0.380247 0.17689 0.0291937 0.0637173 0.088951 0.0308959 0.00993858 0.00663813 0.00217139 0.000775645 0.000198038 3.50744e-05 4.54928e-06 5.83077e-07
 2.14803e-27 2.18004e-27 7.38544e-27 1.78125e-21 1.05938e-16 1.44851e-12 4.55341e-09 3.29076e-06 0.000546755 0.0208857 0.183419 0.370327 0.172308 0.0293214 0.0674874 0.0943325 0.033721 0.0139407 0.00977007 0.00282131 0.00085707 0.000216078 3.86912e-05 4.2087e-06 2.7679e-07
 2.14929e-27 2.18314e-27 7.71483e-27 1.89299e-21 1.12583e-16 1.53938e-12 4.83905e-09 3.4972e-06 0.000581054 0.0221959 0.194925 0.393557 0.183004 0.0281629 0.0534128 0.0744916 0.0266801 0.011204 0.00799987 0.00262678 0.000911303 0.000206824 3.27798e-05 3.44121e-06 1.88787e-07
 2.15011e-27 2.18514e-27 7.9249e-27 1.96424e-21 1.16821e-16 1.59732e-12 5.02119e-09 3.62883e-06 0.000602924 0.0230313 0.202262 0.40837 0.189833 0.0276347 0.0457239 0.0636202 0.022386 0.00814018 0.00563139 0.00187329 0.000682134 0.00017423 2.91078e-05 2.77328e-06 1.38609e-07
 2.14944e-27 2.18346e-27 7.74459e-27 1.90307e-21 1.13183e-16 1.54757e-12 4.86481e-09 3.51581e-06 0.000584147 0.022314 0.195963 0.395652 0.183983 0.0284287 0.0544045 0.0758288 0.0263312 0.00844486 0.00559296 0.00171859 0.000572866 0.000148743 2.69101e-05 2.77644e-06 1.35787e-07
 2.14909e-27 2.18262e-27 7.65704e-27 1.87337e-21 1.11416e-16 1.52342e-12 4.78889e-09 3.46095e-06 0.000575031 0.0219658 0.192905 0.389478 0.181137 0.0286441 0.0575802 0.0803227 0.0281604 0.00989996 0.00667634 0.00192025 0.000571274 0.00013544 2.32281e-05 2.49866e-06 1.31096e-07
 2.1495e-27 2.18362e-27 7.76392e-27 1.90963e-21 1.13573e-16 1.55291e-12 4.88159e-09 3.52794e-06 0.000586161 0.022391 0.196639 0.397016 0.184605 0.0282065 0.0526364 0.0733646 0.0258442 0.00948528 0.00650001 0.00195529 0.000609431 0.000134922 2.05216e-05 2.04023e-06 1.06682e-07
 2.14963e-27 2.18395e-27 7.79738e-27 1.92098e-21 1.14248e-16 1.56214e-12 4.9106e-09 3.5489e-06 0.000589645 0.022524 0.197807 0.399376 0.185695 0.0281798 0.0517622 0.0721162 0.0251817 0.00853018 0.00573979 0.00176635 0.000573829 0.00013265 2.0248e-05 1.84143e-06 8.75138e-08
 2.14893e-27 2.18222e-27 7.61348e-27 1.85859e-21 1.10538e-16 1.5114e-12 4.75112e-09 3.43365e-06 0.000570496 0.0217925 0.191383 0.386406 0.179723 0.0288249 0.0596096 0.0831769 0.0290811 0.00996809 0.00669762 0.00197996 0.000613144 0.000144629 2.3094e-05 2.14752e-06 9.77939e-08
 2.14766e-27 2.1791e-27 7.2846e-27 1.74703e-21 1.03903e-16 1.42068e-12 4.46594e-09 3.22755e-06 0.000536252 0.0204845 0.179896 0.363213 0.169039 0.0298428 0.0728141 0.101809 0.0359344 0.0134097 0.00921283 0.00273648 0.00084385 0.000191684 2.98355e-05 2.84721e-06 1.33449e-07
 2.14758e-27 2.17895e-27 7.2727e-27 1.74302e-21 1.03664e-16 1.41742e-12 4.45568e-09 3.22013e-06 0.00053502 0.0204374 0.179482 0.362379 0.16864 0.029497 0.0709546 0.0992526 0.0358996 0.0161736 0.0116324 0.00361452 0.00118256 0.000270982 4.14549e-05 3.84269e-06 1.80027e-07
 2.14829e-27 2.18069e-27 7.45751e-27 1.80571e-21 1.07392e-16 1.4684e-12 4.61594e-09 3.33595e-06 0.000554263 0.0211725 0.185938 0.375412 0.174642 0.0288766 0.0632392 0.0883674 0.031912 0.0142319 0.0103527 0.00357993 0.00133561 0.000325289 5.21154e-05 4.83905e-06 2.22142e-07
 2.14824e-27 2.18056e-27 7.44096e-27 1.80008e-21 1.07058e-16 1.46383e-12 4.60155e-09 3.32556e-06 0.000552536 0.0211065 0.185358 0.374242 0.174111 0.0291335 0.0651596 0.0910404 0.0323943 0.0129359 0.00918843 0.00316533 0.00121282 0.000329895 5.95991e-05 5.90005e-06 2.7761e-07
 2.14824e-27 2.18053e-27 7.43819e-27 1.79914e-21 1.07002e-16 1.46306e-12 4.59915e-09 3.32382e-06 0.000552247 0.0210955 0.185261 0.374046 0.174022 0.0291657 0.0654152 0.0914005 0.0325256 0.0129922 0.00915433 0.00295795 0.001057 0.000288383 5.57391e-05 6.18682e-06 3.18236e-07
 2.1483e-27 2.1807e-27 7.45578e-27 1.80511e-21 1.07357e-16 1.46791e-12 4.61441e-09 3.33485e-06 0.00055408 0.0211655 0.185876 0.375288 0.174592 0.0290787 0.0645102 0.0901298 0.0321442 0.0130644 0.00924109 0.00298325 0.00104582 0.000267719 4.95164e-05 5.70077e-06 3.20298e-07
 2.14855e-27 2.18131e-27 7.51994e-27 1.82687e-21 1.08651e-16 1.48561e-12 4.67004e-09 3.37505e-06 0.00056076 0.0214206 0.188117 0.379812 0.176677 0.0289 0.0620554 0.0866621 0.0308173 0.0122409 0.00862474 0.00281021 0.00099529 0.000252745 4.48619e-05 4.91301e-06 2.77043e-07
 2.14835e-27 2.18081e-27 7.46806e-27 1.80928e-21 1.07605e-16 1.4713e-12 4.62506e-09 3.34254e-06 0.000555359 0.0212143 0.186305 0.376154 0.174992 0.0290437 0.0640357 0.0894598 0.0318925 0.0129218 0.00913181 0.00294302 0.00103184 0.00026393 4.69128e-05 5.00297e-06 2.70577e-07
 2.14831e-27 2.18073e-27 7.45889e-27 1.80617e-21 1.0742e-16 1.46877e-12 4.6171e-09 3.33679e-06 0.000554403 0.0211778 0.185985 0.375507 0.174693 0.0290656 0.0643643 0.0899242 0.0320707 0.013035 0.00922991 0.00300476 0.00106254 0.000269503 4.76825e-05 5.08987e-06 2.71123e-07
 2.14852e-27 2.18123e-27 7.51309e-27 1.82456e-21 1.08513e-16 1.48373e-12 4.66411e-09 3.37077e-06 0.000560048 0.0213935 0.187878 0.37933 0.176453 0.0288508 0.0619005 0.086456 0.0309102 0.0128052 0.00910694 0.00297207 0.00105667 0.000270463 4.7991e-05 5.09554e-06 2.70564e-07
 2.14827e-27 2.18062e-27 7.44768e-27 1.80236e-21 1.07193e-16 1.46568e-12 4.60738e-09 3.32977e-06 0.000553236 0.0211332 0.185593 0.374716 0.17433 0.0291237 0.0649571 0.0907556 0.0323067 0.0129404 0.00914833 0.00301768 0.00108675 0.000279601 4.99866e-05 5.33852e-06 2.83162e-07
 2.14788e-27 2.17967e-27 7.34798e-27 1.76855e-21 1.05182e-16 1.43818e-12 4.52094e-09 3.2673e-06 0.000542857 0.0207368 0.182111 0.367686 0.171088 0.0293494 0.0684541 0.0957055 0.0343373 0.014603 0.0104328 0.00338017 0.00119613 0.000310392 5.61465e-05 6.04269e-06 3.22509e-07
 2.14736e-27 2.1784e-27 7.21498e-27 1.72344e-21 1.02499e-16 1.4015e-12 4.40562e-09 3.18396e-06 0.000529009 0.0202078 0.177466 0.358308 0.166766 0.0297134 0.0735025 0.102835 0.0370325 0.016185 0.0116759 0.00390937 0.0014274 0.000365921 6.56216e-05 7.12325e-06 3.83821e-07
 2.14772e-27 2.17929e-27 7.3109e-27 1.75598e-21 1.04435e-16 1.42796e-12 4.48882e-09 3.24408e-06 0.000539 0.0205894 0.180817 0.365074 0.169876 0.0292279 0.0684992 0.0958074 0.0348877 0.0164597 0.0120735 0.00411212 0.00154205 0.000408367 7.45537e-05 8.04271e-06 4.33652e-07
 2.14816e-27 2.18037e-27 7.42292e-27 1.79397e-21 1.06694e-16 1.45885e-12 4.58593e-09 3.31426e-06 0.00055066 0.0210348 0.184729 0.372971 0.173522 0.029077 0.0651979 0.091112 0.0326548 0.0137895 0.00995741 0.00354475 0.0013964 0.000379551 7.16056e-05 7.92704e-06 4.30141e-07
#obs surv len freq
 1.23722e-39 6.05533e-33 6.81355e-27 1.7626e-21 1.04829e-16 1.43334e-12 4.50572e-09 3.25629e-06 0.000541038 0.0206669 0.181497 0.366448 0.170513 0.0292679 0.0683302 0.0955487 0.0345125 0.0154153 0.0112317 0.00393558 0.00154408 0.000440493 9.17889e-05 1.18895e-05 7.90001e-07
 1.32137e-39 6.46719e-33 7.27698e-27 1.88249e-21 1.11959e-16 1.53083e-12 4.81218e-09 3.47777e-06 0.000577837 0.0220726 0.193842 0.391371 0.181994 0.0281696 0.0541133 0.0754924 0.0272069 0.0119601 0.00866762 0.00298551 0.00114775 0.000321934 6.51527e-05 8.1254e-06 5.20783e-07
 1.1496e-39 5.62648e-33 6.33101e-27 1.63777e-21 9.74044e-17 1.33183e-12 4.18662e-09 3.02568e-06 0.000502721 0.0192033 0.168643 0.340497 0.15858 0.0309886 0.0866559 0.121305 0.0425872 0.0151774 0.0104778 0.00357133 0.00135307 0.000372107 7.35301e-05 8.91762e-06 5.51779e-07
 1.34738e-39 6.59448e-33 7.42021e-27 1.91954e-21 1.14162e-16 1.56096e-12 4.90689e-09 3.54622e-06 0.00058921 0.0225071 0.197657 0.399074 0.18553 0.0274844 0.0476094 0.066385 0.0248224 0.0137113 0.010181 0.00309465 0.00101995 0.000272257 5.26874e-05 6.23221e-06 3.74981e-07
 1.39452e-39 6.82519e-33 7.67982e-27 1.9867e-21 1.18156e-16 1.61557e-12 5.07857e-09 3.67029e-06 0.000609824 0.0232945 0.204572 0.413035 0.191986 0.027518 0.043606 0.0606116 0.0209994 0.00659298 0.00448206 0.00175114 0.000725352 0.000177522 3.06601e-05 3.48501e-06 2.04443e-07
 1.25979e-39 6.16579e-33 6.93785e-27 1.79476e-21 1.06741e-16 1.45949e-12 4.58791e-09 3.3157e-06 0.000550907 0.021044 0.184808 0.373133 0.173621 0.0297277 0.0691223 0.0965423 0.0332094 0.00962441 0.0061218 0.00174554 0.000549312 0.000162214 3.17577e-05 3.33922e-06 1.81972e-07
 1.27622e-39 6.24623e-33 7.02836e-27 1.81817e-21 1.08133e-16 1.47853e-12 4.64777e-09 3.35895e-06 0.000558095 0.0213185 0.187219 0.378 0.17584 0.0289038 0.0626253 0.0874898 0.0314528 0.0135603 0.00953433 0.00260797 0.000701659 0.000154438 2.67575e-05 3.15858e-06 1.75133e-07
 1.41751e-39 6.93771e-33 7.80642e-27 2.01945e-21 1.20104e-16 1.64221e-12 5.16229e-09 3.7308e-06 0.000619877 0.0236785 0.207945 0.419844 0.195114 0.0269817 0.0382804 0.0531446 0.0189105 0.00755331 0.00535024 0.00179356 0.000627849 0.000133027 1.82957e-05 1.74827e-06 9.59817e-08
 1.41641e-39 6.93235e-33 7.80039e-27 2.01789e-21 1.20011e-16 1.64094e-12 5.1583e-09 3.72791e-06 0.000619398 0.0236602 0.207784 0.41952 0.194978 0.0273664 0.0407262 0.0565301 0.0192651 0.0049966 0.00309678 0.000995375 0.000351661 9.04849e-05 1.47264e-05 1.26655e-06 5.63634e-08
 1.35199e-39 6.61707e-33 7.44563e-27 1.92611e-21 1.14553e-16 1.56631e-12 4.92371e-09 3.55837e-06 0.000591229 0.0225842 0.198334 0.400441 0.186196 0.0283847 0.0526932 0.073388 0.0250831 0.00673788 0.00413578 0.00107542 0.000273153 6.58231e-05 1.16149e-05 1.1758e-06 5.38923e-08
 1.32158e-39 6.46821e-33 7.27813e-27 1.88278e-21 1.11976e-16 1.53107e-12 4.81294e-09 3.47832e-06 0.000577928 0.0220761 0.193872 0.391433 0.18204 0.0286302 0.0569068 0.0793624 0.0276731 0.00924023 0.00609227 0.00160651 0.000397334 7.65579e-05 1.03965e-05 1.02891e-06 5.24036e-08
 1.3613e-39 6.66264e-33 7.49691e-27 1.93938e-21 1.15342e-16 1.57709e-12 4.95761e-09 3.58288e-06 0.0005953 0.0227397 0.1997 0.403199 0.187454 0.027938 0.049135 0.0684246 0.024038 0.00861007 0.00584553 0.00170633 0.000499639 9.86989e-05 1.20444e-05 9.38966e-07 4.15974e-08
 1.34234e-39 6.56981e-33 7.39246e-27 1.91236e-21 1.13735e-16 1.55512e-12 4.88854e-09 3.53296e-06 0.000587006 0.0224229 0.196918 0.397581 0.184873 0.0283611 0.053411 0.0744248 0.0257857 0.00808153 0.00530819 0.00160658 0.000507028 0.000112163 1.55554e-05 1.19052e-06 4.47585e-08
 1.29227e-39 6.32478e-33 7.11675e-27 1.84104e-21 1.09493e-16 1.49712e-12 4.70622e-09 3.40119e-06 0.000565113 0.0215866 0.189574 0.382754 0.178043 0.0290333 0.0619832 0.0865192 0.0302153 0.0102435 0.00683141 0.00193736 0.000561696 0.000128404 1.96222e-05 1.68944e-06 6.71807e-08
 1.1622e-39 5.68817e-33 6.40042e-27 1.65573e-21 9.84724e-17 1.34643e-12 4.23252e-09 3.05885e-06 0.000508233 0.0194138 0.170492 0.34423 0.160294 0.0306695 0.0835827 0.117007 0.0415516 0.0163136 0.011333 0.00334047 0.00100804 0.000218163 3.18449e-05 2.89359e-06 1.27118e-07
 1.26358e-39 6.18435e-33 6.95873e-27 1.80016e-21 1.07062e-16 1.46388e-12 4.60172e-09 3.32568e-06 0.000552566 0.0211073 0.185364 0.374255 0.174098 0.028601 0.0619055 0.0865499 0.032126 0.0170382 0.0126483 0.00403434 0.00135822 0.000308219 4.54115e-05 3.96638e-06 1.74997e-07
 1.22885e-39 6.01437e-33 6.76746e-27 1.75068e-21 1.04119e-16 1.42365e-12 4.47524e-09 3.23427e-06 0.000537378 0.0205271 0.180269 0.363969 0.169379 0.0295732 0.0709406 0.0991923 0.0353039 0.0141393 0.0101984 0.00389269 0.0016001 0.000402843 6.54596e-05 5.94156e-06 2.59773e-07
 1.27906e-39 6.26012e-33 7.04399e-27 1.82221e-21 1.08374e-16 1.48182e-12 4.6581e-09 3.36642e-06 0.000559336 0.0213659 0.187635 0.378841 0.176222 0.0287163 0.0612275 0.0855339 0.0309411 0.0139555 0.0100838 0.00327027 0.00120836 0.00035885 7.02999e-05 7.16108e-06 3.35175e-07
 1.24684e-39 6.1024e-33 6.86652e-27 1.7763e-21 1.05643e-16 1.44448e-12 4.54074e-09 3.2816e-06 0.000545243 0.0208276 0.182908 0.369296 0.171835 0.0293915 0.0682263 0.0953602 0.0338778 0.0133594 0.00946849 0.00327134 0.00123503 0.000323933 6.33861e-05 7.59678e-06 4.10678e-07
 1.25801e-39 6.15711e-33 6.92808e-27 1.79223e-21 1.06591e-16 1.45743e-12 4.58145e-09 3.31103e-06 0.000550131 0.0210143 0.184548 0.372607 0.173353 0.0290693 0.0652611 0.0912122 0.0328506 0.0143645 0.0103062 0.00330565 0.00117063 0.000316977 6.00923e-05 6.90664e-06 4.05541e-07
 1.27183e-39 6.22472e-33 7.00415e-27 1.81191e-21 1.07761e-16 1.47344e-12 4.63176e-09 3.34738e-06 0.000556172 0.0212451 0.186574 0.376698 0.175239 0.0289196 0.0631145 0.088175 0.0316174 0.0133948 0.00961973 0.00326576 0.00120644 0.000307985 5.62446e-05 6.40121e-06 3.66588e-07
 1.26128e-39 6.17311e-33 6.94609e-27 1.79689e-21 1.06868e-16 1.46122e-12 4.59336e-09 3.31963e-06 0.000551561 0.0210689 0.185027 0.373575 0.173803 0.0291335 0.0653611 0.091332 0.032601 0.0133424 0.00948988 0.00316723 0.00116735 0.000311706 5.72837e-05 6.24591e-06 3.48755e-07
 1.261e-39 6.17174e-33 6.94454e-27 1.79649e-21 1.06844e-16 1.4609e-12 4.59234e-09 3.31889e-06 0.000551439 0.0210642 0.184986 0.373492 0.173763 0.029076 0.0650354 0.0908846 0.0326036 0.0138545 0.00990844 0.00324257 0.00116398 0.000307014 5.7278e-05 6.37511e-06 3.49596e-07
 1.25697e-39 6.152e-33 6.92233e-27 1.79074e-21 1.06502e-16 1.45622e-12 4.57765e-09 3.30828e-06 0.000549675 0.0209969 0.184394 0.372298 0.173212 0.0291186 0.0656556 0.0917601 0.0329298 0.0140336 0.0100699 0.00336572 0.00122967 0.000318335 5.8073e-05 6.4673e-06 3.5967e-07
 1.26457e-39 6.1892e-33 6.96419e-27 1.80157e-21 1.07146e-16 1.46503e-12 4.60533e-09 3.32828e-06 0.000552999 0.0211238 0.18551 0.374549 0.174248 0.0289937 0.0642143 0.0897308 0.0322454 0.01388 0.00998219 0.00334395 0.00123174 0.000324847 5.95149e-05 6.51065e-06 3.58883e-07
 1.19696e-39 5.8583e-33 6.59185e-27 1.70525e-21 1.01418e-16 1.3867e-12 4.35911e-09 3.15034e-06 0.000523433 0.0199945 0.175592 0.354525 0.165027 0.0299558 0.0761228 0.106518 0.0381873 0.016153 0.0115841 0.00390338 0.00144796 0.000384038 7.12886e-05 7.87819e-06 4.31419e-07
 1.19383e-39 5.84298e-33 6.57461e-27 1.70079e-21 1.01152e-16 1.38308e-12 4.34771e-09 3.1421e-06 0.000522064 0.0199422 0.175132 0.353597 0.164584 0.0295787 0.0741005 0.103739 0.0381822 0.0192701 0.0142662 0.00476502 0.00175257 0.000467202 8.74455e-05 9.76481e-06 5.40188e-07
 1.23358e-39 6.03751e-33 6.7935e-27 1.75741e-21 1.0452e-16 1.42912e-12 4.49246e-09 3.24671e-06 0.000539445 0.0206061 0.180963 0.365369 0.170007 0.0290646 0.0674137 0.094295 0.03458 0.0170812 0.0127814 0.00474423 0.00192847 0.000515901 9.62464e-05 1.08172e-05 6.04136e-07
 1.23358e-39 6.03751e-33 6.7935e-27 1.75741e-21 1.0452e-16 1.42912e-12 4.49246e-09 3.24671e-06 0.000539445 0.0206061 0.180963 0.365369 0.170007 0.0290646 0.0674137 0.094295 0.03458 0.0170812 0.0127814 0.00474423 0.00192847 0.000515901 9.62464e-05 1.08172e-05 6.04136e-07
#pred catch len freq
 2.1461e-27 2.17382e-27 6.65725e-27 1.53412e-21 9.124e-17 1.24754e-12 3.92167e-09 2.8342e-06 0.000470899 0.017988 0.157972 0.318948 0.148453 0.0266006 0.0663559 0.0931154 0.0376392 0.0295757 0.0262418 0.0177002 0.0149127 0.0129351 0.0133905 0.012461 0.00523756
 2.14884e-27 2.18181e-27 7.5633e-27 1.84157e-21 1.09525e-16 1.49757e-12 4.70762e-09 3.40221e-06 0.000565272 0.021593 0.189631 0.382867 0.178049 0.0278119 0.0544907 0.0760598 0.0277445 0.0132965 0.0104747 0.00558842 0.00387661 0.00274912 0.00236599 0.00200144 0.000831229
 2.14816e-27 2.1803e-27 7.40902e-27 1.78923e-21 1.06413e-16 1.455e-12 4.57382e-09 3.30551e-06 0.000549206 0.0209793 0.184241 0.371987 0.173077 0.0293471 0.0671433 0.0938045 0.0329135 0.0116747 0.00812007 0.00299836 0.00144851 0.000755305 0.000483633 0.000340517 0.000133908
 2.14824e-27 2.18053e-27 7.43708e-27 1.79877e-21 1.0698e-16 1.46275e-12 4.59819e-09 3.32312e-06 0.000552132 0.0210911 0.185223 0.373968 0.173986 0.0291782 0.065515 0.0915411 0.0325756 0.0130069 0.00910402 0.00278816 0.000956211 0.000310558 0.000120076 5.97897e-05 2.06752e-05
 2.14978e-27 2.18434e-27 7.84146e-27 1.93594e-21 1.15138e-16 1.57431e-12 4.94885e-09 3.57655e-06 0.000594238 0.0226995 0.199348 0.402487 0.187119 0.0278071 0.0485498 0.0676236 0.0240738 0.00964774 0.00681112 0.00221665 0.000773854 0.000191239 4.04039e-05 1.04004e-05 2.65087e-06
 2.14848e-27 2.1811e-27 7.49421e-27 1.81812e-21 1.08131e-16 1.4785e-12 4.64767e-09 3.35889e-06 0.000558074 0.0213181 0.187216 0.377993 0.175853 0.0293347 0.0652577 0.091117 0.0315896 0.00997092 0.00662084 0.00216104 0.000770134 0.000196513 3.47936e-05 4.51237e-06 5.78327e-07
 2.14799e-27 2.17993e-27 7.37412e-27 1.77741e-21 1.05709e-16 1.44539e-12 4.54359e-09 3.28366e-06 0.000545576 0.0208406 0.183023 0.369528 0.171942 0.0293968 0.0681883 0.0953142 0.033983 0.0137684 0.00960559 0.00276878 0.000838886 0.000211344 3.78317e-05 4.11479e-06 2.70605e-07
 2.14915e-27 2.18277e-27 7.67592e-27 1.87979e-21 1.11798e-16 1.52864e-12 4.80531e-09 3.47281e-06 0.000577002 0.0220411 0.193566 0.390813 0.181742 0.0283219 0.0552106 0.0770215 0.027516 0.0113335 0.00805715 0.00263999 0.000913773 0.000207266 3.28384e-05 3.44696e-06 1.89095e-07
 2.14996e-27 2.18476e-27 7.88487e-27 1.95066e-21 1.16013e-16 1.58627e-12 4.98647e-09 3.60374e-06 0.000598756 0.0228721 0.200864 0.405546 0.188533 0.027795 0.0475538 0.0661957 0.0232431 0.00829396 0.00570898 0.00189499 0.000688442 0.000175739 2.9351e-05 2.79617e-06 1.39748e-07
 2.14935e-27 2.18325e-27 7.72251e-27 1.89557e-21 1.12737e-16 1.54148e-12 4.84566e-09 3.50197e-06 0.000581847 0.0222262 0.195191 0.394094 0.183267 0.0285304 0.0554944 0.0773607 0.0268131 0.00843657 0.00555464 0.00170337 0.00056637 0.000146961 2.65796e-05 2.74208e-06 1.34103e-07
 2.14902e-27 2.18245e-27 7.6383e-27 1.86701e-21 1.11038e-16 1.51825e-12 4.77264e-09 3.4492e-06 0.00057308 0.0218912 0.19225 0.388156 0.180529 0.0287361 0.0585403 0.0816714 0.0285728 0.00985045 0.00660753 0.00189698 0.000562869 0.000133354 2.28627e-05 2.45909e-06 1.29016e-07
 2.14943e-27 2.18347e-27 7.74676e-27 1.90381e-21 1.13227e-16 1.54817e-12 4.8667e-09 3.51718e-06 0.000584374 0.0223227 0.196039 0.395806 0.184049 0.0282913 0.0535194 0.0746048 0.0262226 0.00943652 0.00643349 0.00193153 0.000600513 0.000132862 2.02013e-05 2.00814e-06 1.05e-07
 2.14953e-27 2.18369e-27 7.76939e-27 1.91148e-21 1.13683e-16 1.55441e-12 4.88632e-09 3.53136e-06 0.00058673 0.0224127 0.196829 0.397401 0.184787 0.0283015 0.0531008 0.0739987 0.0257879 0.00857011 0.00573498 0.00176133 0.000570787 0.000131864 2.01215e-05 1.82972e-06 8.69535e-08
 2.14888e-27 2.18209e-27 7.60014e-27 1.85407e-21 1.10268e-16 1.50772e-12 4.73955e-09 3.42529e-06 0.000569106 0.0217395 0.190917 0.385465 0.179291 0.0288985 0.0603428 0.0842057 0.0293801 0.00987486 0.00659826 0.00194686 0.000601344 0.000141751 2.26271e-05 2.10387e-06 9.58024e-08
 2.14762e-27 2.17899e-27 7.27253e-27 1.74293e-21 1.03659e-16 1.41735e-12 4.45547e-09 3.21998e-06 0.000534995 0.0204364 0.179474 0.362361 0.168648 0.0299205 0.0735451 0.102834 0.0362125 0.0132464 0.00905449 0.00268432 0.000825652 0.000187427 2.9163e-05 2.78271e-06 1.30421e-07
 2.14753e-27 2.17882e-27 7.25858e-27 1.73823e-21 1.03379e-16 1.41352e-12 4.44343e-09 3.21128e-06 0.000533549 0.0203812 0.178989 0.361382 0.168183 0.0295869 0.0718036 0.100442 0.0362251 0.0159933 0.0114549 0.00355229 0.00115934 0.000265498 4.06025e-05 3.76323e-06 1.76298e-07
 2.14824e-27 2.18057e-27 7.44381e-27 1.80106e-21 1.07116e-16 1.46462e-12 4.60405e-09 3.32736e-06 0.000552836 0.021118 0.185459 0.374445 0.174199 0.0289609 0.0640446 0.0894966 0.0322279 0.0140852 0.0102023 0.00352002 0.00131033 0.000318955 5.10845e-05 4.74281e-06 2.17716e-07
 2.14823e-27 2.18052e-27 7.43666e-27 1.79862e-21 1.06971e-16 1.46264e-12 4.59783e-09 3.32286e-06 0.000552089 0.0210894 0.185208 0.373939 0.173973 0.0291845 0.0655626 0.0916025 0.0325122 0.0127223 0.00899295 0.003091 0.00118165 0.000321231 5.80174e-05 5.74293e-06 2.70208e-07
 2.1482e-27 2.18044e-27 7.4279e-27 1.79565e-21 1.06794e-16 1.46022e-12 4.59022e-09 3.31737e-06 0.000551175 0.0210545 0.184902 0.373321 0.173689 0.0292363 0.066065 0.0923106 0.0327673 0.0128278 0.0089954 0.00290047 0.00103396 0.000281921 5.44743e-05 6.04589e-06 3.10978e-07
 2.14828e-27 2.18065e-27 7.44994e-27 1.80313e-21 1.07239e-16 1.4663e-12 4.60934e-09 3.33118e-06 0.000553471 0.0211422 0.185672 0.374875 0.174404 0.0291345 0.0649751 0.0907792 0.0322926 0.0128613 0.0090546 0.00291689 0.00102011 0.000260976 4.82542e-05 5.55491e-06 3.12094e-07
 2.14844e-27 2.18102e-27 7.48971e-27 1.81662e-21 1.08041e-16 1.47727e-12 4.64382e-09 3.3561e-06 0.000557611 0.0213004 0.187061 0.377679 0.175697 0.0290352 0.0635239 0.0887269 0.0314752 0.0122595 0.00859741 0.00279538 0.000987699 0.000250666 4.4479e-05 4.87059e-06 2.74642e-07
 2.14828e-27 2.18064e-27 7.44942e-27 1.80295e-21 1.07229e-16 1.46616e-12 4.60889e-09 3.33086e-06 0.000553417 0.0211402 0.185654 0.374839 0.174387 0.0291417 0.0650301 0.0908558 0.0323086 0.0128318 0.00902607 0.00290284 0.00101532 0.000259544 4.61191e-05 4.91784e-06 2.65964e-07
 2.14822e-27 2.1805e-27 7.43401e-27 1.79773e-21 1.06918e-16 1.46191e-12 4.59553e-09 3.3212e-06 0.000551812 0.0210789 0.185116 0.373752 0.173887 0.0291846 0.0656194 0.0916877 0.0326176 0.0129973 0.00916087 0.00297598 0.00104987 0.000266129 4.70709e-05 5.02409e-06 2.6761e-07
 2.14842e-27 2.181e-27 7.48772e-27 1.81595e-21 1.08001e-16 1.47673e-12 4.64211e-09 3.35486e-06 0.000557406 0.0212925 0.186992 0.37754 0.17563 0.0289702 0.0631691 0.0882387 0.0314667 0.0127801 0.00904813 0.00294662 0.00104515 0.000267352 4.74245e-05 5.03489e-06 2.67334e-07
 2.14815e-27 2.18031e-27 7.41445e-27 1.79109e-21 1.06523e-16 1.45651e-12 4.57856e-09 3.30894e-06 0.000549775 0.021001 0.184432 0.372372 0.173252 0.0292707 0.0665606 0.0930104 0.0330286 0.0129732 0.00912897 0.00300484 0.0010796 0.000277595 4.96128e-05 5.29807e-06 2.81007e-07
 2.1478e-27 2.17947e-27 7.32598e-27 1.76108e-21 1.04738e-16 1.43211e-12 4.50186e-09 3.2535e-06 0.000540565 0.0206492 0.181342 0.366134 0.170375 0.0294621 0.0696096 0.0973281 0.0348264 0.0145182 0.0103265 0.00333871 0.00117864 0.000305666 5.52748e-05 5.9483e-06 3.17461e-07
 2.14727e-27 2.17818e-27 7.19017e-27 1.71502e-21 1.01999e-16 1.39465e-12 4.3841e-09 3.1684e-06 0.000526426 0.0201091 0.176599 0.356558 0.165962 0.029839 0.0747968 0.104653 0.0375836 0.0161011 0.0115655 0.00386401 0.00140758 0.000360629 6.46526e-05 7.01736e-06 3.78104e-07
 2.14771e-27 2.17927e-27 7.30764e-27 1.75488e-21 1.04369e-16 1.42706e-12 4.48599e-09 3.24204e-06 0.00053866 0.0205764 0.180703 0.364844 0.169772 0.0292848 0.0689159 0.0963873 0.0349908 0.016173 0.0118151 0.00401523 0.00150227 0.0003976 7.25665e-05 7.82757e-06 4.22039e-07
 2.14852e-27 2.18123e-27 7.51331e-27 1.82463e-21 1.08518e-16 1.48379e-12 4.6643e-09 3.37091e-06 0.000560071 0.0213943 0.187886 0.379345 0.176459 0.0288227 0.0617242 0.0862067 0.0308045 0.0127174 0.00913673 0.0032449 0.00127542 0.00034647 6.53455e-05 7.23334e-06 3.92487e-07
#obs catch len freq
 1.22452e-39 5.99319e-33 6.74363e-27 1.74451e-21 1.03753e-16 1.41863e-12 4.45948e-09 3.22287e-06 0.000535485 0.0204548 0.179634 0.362687 0.16878 0.0294059 0.0703055 0.0983395 0.0355836 0.0160917 0.0117636 0.00415393 0.00165505 0.000486415 0.000105034 1.40549e-05 9.63964e-07
 1.22847e-39 6.01249e-33 6.76535e-27 1.75013e-21 1.04087e-16 1.4232e-12 4.47384e-09 3.23326e-06 0.00053721 0.0205207 0.180213 0.363856 0.16932 0.0294197 0.0700376 0.0979513 0.0353049 0.0155329 0.0112794 0.00394027 0.00154088 0.000438912 9.1349e-05 1.18241e-05 7.853e-07
 1.31288e-39 6.42563e-33 7.23022e-27 1.87039e-21 1.11239e-16 1.52099e-12 4.78125e-09 3.45542e-06 0.000574123 0.0219308 0.192596 0.388856 0.180837 0.0283107 0.0557329 0.0777722 0.0279707 0.012114 0.00874968 0.00300478 0.00115136 0.000322458 6.51802e-05 8.123e-06 5.20393e-07
 1.13986e-39 5.57884e-33 6.2774e-27 1.6239e-21 9.65797e-17 1.32055e-12 4.15117e-09 3.00006e-06 0.000498464 0.0190407 0.167215 0.337614 0.157254 0.0311632 0.0885904 0.124026 0.0434719 0.015265 0.010494 0.00356615 0.00134662 0.000369775 7.29806e-05 8.84462e-06 5.47012e-07
 1.34145e-39 6.56546e-33 7.38756e-27 1.91109e-21 1.1366e-16 1.55409e-12 4.8853e-09 3.53062e-06 0.000586617 0.022408 0.196787 0.397318 0.184722 0.0275868 0.0487634 0.0680089 0.0253593 0.0137955 0.0102167 0.00309749 0.00101713 0.000271067 5.23932e-05 6.19295e-06 3.72447e-07
 1.38834e-39 6.79495e-33 7.64578e-27 1.97789e-21 1.17633e-16 1.60841e-12 5.05606e-09 3.65403e-06 0.000607122 0.0231913 0.203666 0.411205 0.191144 0.0276252 0.0448122 0.0623087 0.0215577 0.00667142 0.00451328 0.00175741 0.00072589 0.000177421 3.06021e-05 3.47573e-06 2.03804e-07
 1.2523e-39 6.12915e-33 6.89662e-27 1.78409e-21 1.06107e-16 1.45082e-12 4.56065e-09 3.29599e-06 0.000547634 0.0209189 0.18371 0.370915 0.172601 0.0298629 0.0706155 0.0986425 0.0338894 0.0096819 0.00612715 0.00174279 0.000546268 0.000161037 3.14948e-05 3.30933e-06 1.80252e-07
 1.26874e-39 6.2096e-33 6.98714e-27 1.80751e-21 1.07499e-16 1.46986e-12 4.62051e-09 3.33925e-06 0.000554822 0.0211935 0.186121 0.375783 0.17482 0.0290355 0.0640975 0.089561 0.032131 0.0136442 0.00956151 0.00260967 0.000699419 0.00015369 2.65891e-05 3.13638e-06 1.73831e-07
 1.41265e-39 6.91393e-33 7.77967e-27 2.01253e-21 1.19692e-16 1.63658e-12 5.1446e-09 3.71801e-06 0.000617753 0.0235974 0.207232 0.418405 0.194452 0.0270666 0.0392318 0.0544833 0.0193503 0.00761303 0.00537228 0.00179569 0.000626579 0.000132591 1.82109e-05 1.73862e-06 9.54003e-08
 1.41181e-39 6.90981e-33 7.77503e-27 2.01133e-21 1.19621e-16 1.6356e-12 5.14153e-09 3.7158e-06 0.000617385 0.0235833 0.207109 0.418156 0.194351 0.0274491 0.0416423 0.0578186 0.0196829 0.00503435 0.00310209 0.000994199 0.000350024 8.99309e-05 1.46202e-05 1.25656e-06 5.58869e-08
 1.34615e-39 6.58845e-33 7.41343e-27 1.91778e-21 1.14058e-16 1.55953e-12 4.90241e-09 3.54298e-06 0.000588671 0.0224865 0.197476 0.398709 0.185399 0.0284899 0.0538572 0.0750252 0.0256136 0.00678438 0.00414169 0.00107472 0.000271863 6.53929e-05 1.15247e-05 1.16588e-06 5.3415e-08
 1.31565e-39 6.4392e-33 7.24549e-27 1.87434e-21 1.11474e-16 1.52421e-12 4.79136e-09 3.46272e-06 0.000575336 0.0219771 0.193003 0.389678 0.181233 0.0287377 0.0580923 0.0810297 0.0282116 0.00928116 0.00609258 0.00160325 0.000394988 7.5987e-05 1.03037e-05 1.01883e-06 5.18665e-08
 1.35649e-39 6.6391e-33 7.47042e-27 1.93253e-21 1.14935e-16 1.57152e-12 4.9401e-09 3.57022e-06 0.000593197 0.0226594 0.198995 0.401774 0.186799 0.0280265 0.0501047 0.0697882 0.0244762 0.00863548 0.0058385 0.00170005 0.000496003 9.78485e-05 1.19248e-05 9.28841e-07 4.11239e-08
 1.33645e-39 6.54101e-33 7.36005e-27 1.90398e-21 1.13237e-16 1.54831e-12 4.86711e-09 3.51747e-06 0.000584433 0.0223246 0.196055 0.395839 0.184071 0.0284671 0.0545829 0.076073 0.0263201 0.00812918 0.00531418 0.00160416 0.000504461 0.000111437 1.5436e-05 1.18054e-06 4.43592e-08
 1.28479e-39 6.28816e-33 7.07554e-27 1.83037e-21 1.08859e-16 1.48845e-12 4.67897e-09 3.3815e-06 0.000561841 0.0214616 0.188476 0.380537 0.177023 0.0291657 0.0634598 0.0885965 0.0308934 0.0103204 0.00685316 0.00193892 0.000560026 0.000127821 1.95092e-05 1.67854e-06 6.67166e-08
 1.15336e-39 5.64491e-33 6.35174e-27 1.64314e-21 9.77234e-17 1.33619e-12 4.20033e-09 3.03559e-06 0.000504367 0.0192662 0.169196 0.341612 0.15909 0.0308295 0.0853489 0.119491 0.0423556 0.0163805 0.0113372 0.00333337 0.00100226 0.000216595 3.15743e-05 2.8668e-06 1.25882e-07
 1.25588e-39 6.14665e-33 6.9163e-27 1.78918e-21 1.06409e-16 1.45496e-12 4.57367e-09 3.3054e-06 0.000549197 0.0209786 0.184234 0.371974 0.173048 0.0287342 0.0634067 0.0886625 0.0328238 0.0171453 0.0126927 0.00403742 0.00135463 0.000306978 4.51722e-05 3.9425e-06 1.73855e-07
 1.22063e-39 5.97415e-33 6.72221e-27 1.73897e-21 1.03423e-16 1.41413e-12 4.44531e-09 3.21264e-06 0.000533784 0.0203899 0.179064 0.361535 0.168259 0.0297197 0.0725683 0.101482 0.036051 0.0142224 0.0102189 0.00388771 0.00159336 0.000400616 6.50211e-05 5.89767e-06 2.57729e-07
 1.27117e-39 6.22151e-33 7.00055e-27 1.81097e-21 1.07705e-16 1.47268e-12 4.62938e-09 3.34566e-06 0.000555886 0.0212341 0.186478 0.376504 0.175147 0.0288528 0.0627648 0.087697 0.031655 0.0140631 0.0101284 0.00327545 0.00120597 0.000357578 6.99774e-05 7.12378e-06 3.33283e-07
 1.23787e-39 6.05851e-33 6.81713e-27 1.76353e-21 1.04884e-16 1.43409e-12 4.50808e-09 3.258e-06 0.000541321 0.0206778 0.181592 0.36664 0.170612 0.0295471 0.0699763 0.0978226 0.0346891 0.0134768 0.00951557 0.00327771 0.00123343 0.000323036 6.3129e-05 7.56088e-06 4.0858e-07
 1.24849e-39 6.11051e-33 6.87564e-27 1.77866e-21 1.05784e-16 1.4464e-12 4.54678e-09 3.28597e-06 0.000545968 0.0208553 0.183151 0.369787 0.172055 0.0292299 0.0670915 0.0937885 0.0337089 0.0145215 0.0103842 0.00332145 0.00117212 0.00031689 6.00047e-05 6.89154e-06 4.04471e-07
 1.26268e-39 6.17993e-33 6.95376e-27 1.79887e-21 1.06986e-16 1.46283e-12 4.59843e-09 3.3233e-06 0.000552171 0.0210922 0.185232 0.373988 0.173992 0.0290746 0.0648773 0.0906559 0.0324424 0.0135409 0.00969077 0.00328019 0.00120781 0.000307887 5.61554e-05 6.38641e-06 3.65572e-07
 1.25133e-39 6.1244e-33 6.89128e-27 1.78271e-21 1.06024e-16 1.44969e-12 4.55712e-09 3.29344e-06 0.000547209 0.0209027 0.183568 0.370628 0.172447 0.0293009 0.0672717 0.0940211 0.0334974 0.0135081 0.00957338 0.00318585 0.00117027 0.000312023 5.72742e-05 6.24037e-06 3.4828e-07
 1.25041e-39 6.11987e-33 6.88617e-27 1.78139e-21 1.05946e-16 1.44862e-12 4.55374e-09 3.291e-06 0.000546804 0.0208872 0.183431 0.370353 0.172318 0.0292515 0.0670528 0.0937245 0.0335562 0.0140508 0.0100146 0.00326808 0.00116915 0.000307914 5.73762e-05 6.38156e-06 3.4979e-07
 1.24624e-39 6.0995e-33 6.86326e-27 1.77546e-21 1.05593e-16 1.4438e-12 4.53859e-09 3.28005e-06 0.000544985 0.0208177 0.182821 0.369121 0.17175 0.0292961 0.0676962 0.0946328 0.0338937 0.0142332 0.0101783 0.00339214 0.00123521 0.000319301 5.81774e-05 6.47424e-06 3.59893e-07
 1.25363e-39 6.13564e-33 6.90392e-27 1.78598e-21 1.06219e-16 1.45235e-12 4.56548e-09 3.29948e-06 0.000548213 0.020941 0.183904 0.371308 0.172756 0.0291732 0.0662868 0.0926488 0.0332277 0.0140944 0.0101023 0.0033744 0.00123883 0.000326235 5.96975e-05 6.52596e-06 3.59559e-07
 1.18372e-39 5.79349e-33 6.51893e-27 1.68639e-21 1.00296e-16 1.37136e-12 4.31089e-09 3.11549e-06 0.000517643 0.0197733 0.173649 0.350603 0.163222 0.0301725 0.0786276 0.110044 0.0393753 0.0164153 0.0117321 0.0039418 0.0014574 0.000385971 7.15612e-05 7.90274e-06 4.32566e-07
 1.18123e-39 5.78133e-33 6.50524e-27 1.68284e-21 1.00085e-16 1.36848e-12 4.30183e-09 3.10895e-06 0.000516556 0.0197318 0.173284 0.349866 0.162867 0.029781 0.07646 0.107062 0.0393107 0.01955 0.0144322 0.00480668 0.001762 0.000469016 8.76796e-05 9.78404e-06 5.41007e-07
 1.25482e-39 6.14146e-33 6.91047e-27 1.78767e-21 1.0632e-16 1.45373e-12 4.56981e-09 3.30261e-06 0.000548733 0.0209609 0.184079 0.37166 0.172906 0.0288367 0.064127 0.08965 0.0327772 0.0158842 0.0118403 0.0043797 0.00177443 0.000473987 8.83152e-05 9.91855e-06 5.53686e-07
#spawning biomass
 4156.52 2402.8 2481.62 2254.09 2547.15 3769.34 4560.87 4605.41 7096.57 12471.3 16822.2 21352.7 28549.4 41017.6 44718.7 40774.9 37286.4 36728 34150.3 33326.7 32046.5 37532.2 39356.8 43222.7 48293 54355.5 52660.6 49193.6 41615.4 20603.6 59869 65814.3 40894.8 24835 17337.9 14153.8 12866.3 12361.4 12167.4 12093.8 12066.2 12055.9 12052.1 12050.6 12050.1 12049.9 12049.9 12049.8 12049.8 12049.8 12049.8 12049.8 12049.8 12049.8 12049.8 12049.8 12049.8 12049.8 12049.8 12049.8 12049.8 12049.8 12049.8 12049.8 12049.8 12049.8 12049.8 12049.8 12049.8 12049.8 12049.8 12049.8 12049.8 12049.8 12049.8 12049.8 12049.8 12049.8 12049.8 12049.8 12049.8 12049.8 12049.8 12049.8 12049.8 12049.8 12049.8 12049.8 12049.8 12049.8 12049.8 12049.8 12049.8 12049.8 12049.8 12049.8 12049.8 12049.8 12049.8 12049.8 12049.8 12049.8 12049.8 12049.8 12049.8 12049.8 12049.8 12049.8 12049.8 12049.8 12049.8 12049.8 12049.8 12049.8 12049.8 12049.8 12049.8 12049.8 12049.8 12049.8 12049.8 12049.8 12049.8 12049.8 12049.8 12049.8 12049.8 12049.8 12049.8 0 0 0 0 0 0 0 0 0 0 0 0 0 0 0 0 0 0 0 0 0 0 0 0 0
