SBPRF35
0.114292
Curr Bio
210647
B35
150468
F35
1.71086
FOFL
1.71086
OFL
122723
Bzero
32654.4
#pred survey bio
 2448.17 4078.44 7170.97 10883.2 16742.9 23533 32436.1 47622.3 72898.2 103901 138241 158337 179367 193315 188277 182741 169760 155742 177704 188768 184644 191408 197166 212728 226034 228829 218657 254199 6.97735e+06 4.37438e+06 1.75859e+06 807734 533972 428654 378094 351767 337763 330292 326314 324202 323084 322495 322184 322019 321935 321891 321868 321856 321850 321847 321846 321845 321844 321844 321844 321844 321844 321844 321844 321844 321844 321844 321844 321844 321844 321844 321844 321844 321844 321844 321844 321844 321844 321844 321844 321844 321844 321844 321844 321844 321844 321844 321844 321844 321844 321844 321844 321844 321844 321844 321844 321844 321844 321844 321844 321844 321844 321844 321844 321844 321844 321844 321844 321844 321844 321844 321844 321844 321844 321844 321844 321844 321844 321844 321844 321844 321844 321844 321844 321844 321844 321844 321844 321844 321844 321844 321844 321844 0 0 0 0 0 0 0 0 0 0 0 0 0 0 0 0 0 0 0 0 0 0 0 0 0
#obs survey bio
 1848.09 2653.94 6495.36 6188.4 14779 20315.4 28646.7 29806.3 67587.6 96782.4 98300.7 113020 142813 139774 166308 197822 108790 138816 143302 160396 105213 132165 158425 118702 176818 192589 142255 198272
#pred catch bio
 715.614 1188.36 2276.01 3209.86 6004.36 8918.02 12077.7 16456.7 28884.3 42045.4 64099.7 70968.7 78656.9 94486.6 90524.9 90426.7 90450 71524.3 85997 95406.7 94700.8 100835 100982 109072 120082 131373 114106 107406 122723 102752 32492.5 9503.94 6057.01 5633.83 5585.9 5580.73 5580.19 5580.13 5580.13 5580.13 5580.13 5580.13 5580.13 5580.13 5580.13 5580.13 5580.13 5580.13 5580.13 5580.13 5580.13 5580.13 5580.13 5580.13 5580.13 5580.13 5580.13 5580.13 5580.13 5580.13 5580.13 5580.13 5580.13 5580.13 5580.13 5580.13 5580.13 5580.13 5580.13 5580.13 5580.13 5580.13 5580.13 5580.13 5580.13 5580.13 5580.13 5580.13 5580.13 5580.13 5580.13 5580.13 5580.13 5580.13 5580.13 5580.13 5580.13 5580.13 5580.13 5580.13 5580.13 5580.13 5580.13 5580.13 5580.13 5580.13 5580.13 5580.13 5580.13 5580.13 5580.13 5580.13 5580.13 5580.13 5580.13 5580.13 5580.13 5580.13 5580.13 5580.13 5580.13 5580.13 5580.13 5580.13 5580.13 5580.13 5580.13 5580.13 5580.13 5580.13 5580.13 5580.13 5580.13 5580.13 5580.13 5580.13 5580.13 5580.13 0 0 0 0 0 0 0 0 0 0 0 0 0 0 0 0 0 0 0 0 0 0 0 0 0
#obs catch bio
 970.824 1213.08 2275.43 3091.45 5815.25 8161.69 11610.8 16110.7 27051.1 40089.5 65751 69004 76842.5 94002.7 87331.9 82107.1 92781.5 67209 81155.9 89262 89646.7 98266.7 92582.5 104599 103611 122258 110064 102971
#pred cpue bio
 1500.5 1851.6 3255.68 5197.62 8109.68 11166.5 15217.9 21823.5 33684.7 47111.9 64276.8 73767.9 85677.3 95795.9 91670.3 90262 83988.5 73301 83341.4 88877.1 87925.7 87537.6 89020 95883.2 102580 103535 95522.1 109464 3.36376e+06 3.25898e+06 1.56434e+06 670369 398896 293693 243140 216813 202810 195339 191360 189248 188131 187541 187230 187066 186981 186937 186915 186903 186897 186894 186892 186891 186891 186891 186890 186890 186890 186890 186890 186890 186890 186890 186890 186890 186890 186890 186890 186890 186890 186890 186890 186890 186890 186890 186890 186890 186890 186890 186890 186890 186890 186890 186890 186890 186890 186890 186890 186890 186890 186890 186890 186890 186890 186890 186890 186890 186890 186890 186890 186890 186890 186890 186890 186890 186890 186890 186890 186890 186890 186890 186890 186890 186890 186890 186890 186890 186890 186890 186890 186890 186890 186890 186890 186890 186890 186890 186890 186890 0 0 0 0 0 0 0 0 0 0 0 0 0 0 0 0 0 0 0 0 0 0 0 0 0
#obs cpue bio
 1649.09 2522.7 4705.54 9346.74 13397.8 19853 17298.1 30275.6 67441.8 49386.5 72493.7 128104 109425 140835 127440 138813 93006.5 122284 131676 137783 179682 137671 177389 178860 294412 143872 151686 180666
#pred surv len freq
 1.72067e-11 1.86844e-09 1.19619e-07 4.51502e-06 0.000100475 0.00131826 0.0101978 0.0465238 0.125321 0.200524 0.19632 0.133437 0.0864046 0.0627552 0.0426521 0.0273592 0.0182946 0.0126453 0.00908165 0.00687765 0.00557075 0.00487179 0.00434224 0.00339951 0.00199795
 1.96173e-11 2.13021e-09 1.36378e-07 5.14758e-06 0.000114552 0.00150294 0.0116263 0.0530354 0.142791 0.227903 0.2204 0.142363 0.0815054 0.0520502 0.0310585 0.0161334 0.00829291 0.0043727 0.00239914 0.00144157 0.00096778 0.000730303 0.000593524 0.000449058 0.000264666
 1.85875e-11 2.01838e-09 1.29218e-07 4.87735e-06 0.000108538 0.00142405 0.0110162 0.050258 0.135388 0.216698 0.212453 0.145076 0.0940687 0.0655668 0.0382682 0.0174325 0.00720401 0.00291722 0.00114222 0.000464648 0.000216137 0.000121988 8.21021e-05 5.66541e-05 3.23552e-05
 1.78567e-11 1.93903e-09 1.24138e-07 4.6856e-06 0.000104271 0.00136807 0.0105832 0.0482854 0.13011 0.208542 0.20584 0.14431 0.0988092 0.07211 0.043819 0.0213303 0.00937876 0.00367768 0.00120748 0.000353354 0.00010363 3.464e-05 1.51655e-05 8.27753e-06 4.30079e-06
 1.79136e-11 1.9452e-09 1.24533e-07 4.70051e-06 0.000104603 0.00137242 0.0106169 0.048438 0.130509 0.209077 0.205878 0.143056 0.0964203 0.070193 0.0437867 0.0227496 0.010902 0.0046239 0.00162748 0.000482722 0.000122142 2.73176e-05 6.30595e-06 1.91192e-06 7.38788e-07
 1.80627e-11 1.96139e-09 1.2557e-07 4.73964e-06 0.000105474 0.00138385 0.0107053 0.0488411 0.131593 0.210803 0.207522 0.144023 0.0966887 0.069679 0.0423161 0.0208255 0.00946185 0.00397897 0.00145375 0.000458948 0.000122717 2.69732e-05 4.90979e-06 8.12377e-07 1.54533e-07
 1.81288e-11 1.96857e-09 1.2603e-07 4.75699e-06 0.00010586 0.00138891 0.0107444 0.0490198 0.132075 0.21157 0.20826 0.14448 0.0968723 0.0695724 0.0418368 0.0200968 0.00877331 0.00350567 0.00120525 0.00036374 9.74229e-05 2.22711e-05 4.16138e-06 6.19873e-07 7.59599e-08
 1.85113e-11 2.01011e-09 1.28689e-07 4.85736e-06 0.000108093 0.00141821 0.010971 0.050052 0.134833 0.215805 0.21156 0.144441 0.0937456 0.0658115 0.0393422 0.0189036 0.0082421 0.00325827 0.00108961 0.000313429 7.91788e-05 1.72908e-05 3.19372e-06 4.8129e-07 5.67659e-08
 1.83568e-11 1.99333e-09 1.27615e-07 4.81681e-06 0.000107191 0.00140638 0.0108795 0.0496351 0.133719 0.214101 0.210259 0.144547 0.0951458 0.067424 0.040318 0.0192681 0.00835167 0.00330272 0.00111066 0.000319782 7.94319e-05 1.66761e-05 2.92543e-06 4.22607e-07 4.8807e-08
 1.85495e-11 2.01425e-09 1.28954e-07 4.86737e-06 0.000108316 0.00142114 0.0109937 0.0501554 0.135113 0.216269 0.212084 0.144974 0.0942541 0.0659944 0.0388997 0.0180622 0.00751998 0.0028703 0.000935132 0.000261737 6.38838e-05 1.32526e-05 2.27687e-06 3.17e-07 3.49803e-08
 1.80503e-11 1.96004e-09 1.25484e-07 4.73639e-06 0.000105401 0.0013829 0.0106979 0.0488085 0.131517 0.210769 0.207906 0.145382 0.0988929 0.0713233 0.0421249 0.0192315 0.00777385 0.00287212 0.000899352 0.000239666 5.57963e-05 1.11498e-05 1.86542e-06 2.54454e-07 2.74042e-08
 1.79401e-11 1.94808e-09 1.24718e-07 4.70748e-06 0.000104758 0.00137446 0.0106327 0.0485114 0.130725 0.209572 0.207062 0.145686 0.100248 0.0727375 0.0427895 0.0192281 0.00756102 0.00270043 0.000807209 0.000201842 4.38619e-05 8.21366e-06 1.29671e-06 1.68879e-07 1.75871e-08
 1.75696e-11 1.90785e-09 1.22142e-07 4.61025e-06 0.000102594 0.00134607 0.0104132 0.0475113 0.12805 0.205447 0.20376 0.145437 0.102848 0.0761264 0.0453996 0.020856 0.00844022 0.00306364 0.000913382 0.000223846 4.68029e-05 8.27912e-06 1.21972e-06 1.48141e-07 1.45057e-08
 1.70134e-11 1.84745e-09 1.18276e-07 4.46431e-06 9.93467e-05 0.00130346 0.0100836 0.04601 0.124034 0.199246 0.198758 0.144934 0.106547 0.0810513 0.0493098 0.0234252 0.00992477 0.00374542 0.00115559 0.000293003 6.2535e-05 1.10149e-05 1.57495e-06 1.81657e-07 1.66606e-08
 1.73113e-11 1.8798e-09 1.20347e-07 4.54248e-06 0.000101086 0.00132629 0.0102601 0.046814 0.126184 0.202559 0.201399 0.145098 0.1044 0.0782858 0.0472182 0.0221598 0.00926401 0.00348408 0.0010856 0.000281076 6.16446e-05 1.11665e-05 1.62913e-06 1.8814e-07 1.68617e-08
 1.69772e-11 1.84352e-09 1.18024e-07 4.45482e-06 9.91356e-05 0.00130069 0.0100622 0.0459127 0.123777 0.198879 0.198602 0.145366 0.107495 0.0818385 0.0493606 0.0229317 0.00943813 0.00350216 0.00107919 0.000277161 6.08791e-05 1.11901e-05 1.67269e-06 1.98371e-07 1.81362e-08
 1.69747e-11 1.84325e-09 1.18007e-07 4.45417e-06 9.9121e-05 0.0013005 0.0100607 0.0459059 0.123758 0.19884 0.198529 0.145225 0.107304 0.0817334 0.0494624 0.0231607 0.00961591 0.00356869 0.00108687 0.000273576 5.88988e-05 1.06821e-05 1.59172e-06 1.90498e-07 1.77529e-08
 1.77579e-11 1.92829e-09 1.23451e-07 4.65966e-06 0.000103694 0.0013605 0.0105247 0.0480196 0.129411 0.207556 0.2055 0.145733 0.101786 0.0745753 0.0439999 0.0197894 0.00778279 0.00277518 0.000824535 0.000202823 4.25725e-05 7.51643e-06 1.09175e-06 1.28247e-07 1.18625e-08
 1.79077e-11 1.94456e-09 1.24492e-07 4.69896e-06 0.000104569 0.00137197 0.0106135 0.0484236 0.130488 0.209185 0.206652 0.145333 0.0999725 0.0727086 0.0431776 0.0198545 0.00805266 0.0029242 0.000869648 0.000211967 4.39146e-05 7.63559e-06 1.08796e-06 1.24911e-07 1.12902e-08
 1.77139e-11 1.92352e-09 1.23145e-07 4.64812e-06 0.000103437 0.00135713 0.0104987 0.0479011 0.129095 0.207082 0.205179 0.1459 0.102392 0.0751724 0.044221 0.0197025 0.00764374 0.00270146 0.000800411 0.000196333 4.07897e-05 7.04497e-06 9.89854e-07 1.11658e-07 9.89213e-09
 1.7465e-11 1.89649e-09 1.21415e-07 4.58282e-06 0.000101984 0.00133806 0.0103512 0.0472296 0.127302 0.20434 0.203099 0.146109 0.104716 0.0778457 0.0458467 0.0202939 0.00775839 0.00267787 0.000763971 0.000178336 3.56114e-05 6.04705e-06 8.45624e-07 9.48279e-08 8.30272e-09
 1.82151e-11 1.97794e-09 1.2663e-07 4.77963e-06 0.000106364 0.00139552 0.0107956 0.0492535 0.132709 0.212624 0.20947 0.145759 0.0981547 0.0701418 0.040966 0.0182384 0.0070484 0.00244518 0.000693369 0.000158723 3.06215e-05 4.96901e-06 6.64625e-07 7.23046e-08 6.23647e-09
 1.82316e-11 1.97973e-09 1.26744e-07 4.78397e-06 0.00010646 0.00139679 0.0108054 0.0492987 0.132836 0.212869 0.209909 0.146572 0.0992594 0.0707934 0.0404941 0.0170249 0.00600942 0.00194169 0.000532401 0.000119727 2.27132e-05 3.60244e-06 4.6583e-07 4.85143e-08 4.00205e-09
 1.82969e-11 1.98682e-09 1.27198e-07 4.80109e-06 0.000106841 0.00140179 0.0108441 0.0494747 0.133305 0.213577 0.210404 0.146377 0.0984416 0.0699757 0.0401774 0.0171109 0.00614906 0.00198871 0.000527734 0.000111349 1.97335e-05 2.9892e-06 3.76049e-07 3.82189e-08 3.05685e-09
 1.81669e-11 1.9727e-09 1.26294e-07 4.76698e-06 0.000106082 0.00139183 0.010767 0.0491239 0.132368 0.212145 0.209318 0.14649 0.099658 0.0713603 0.0409941 0.017388 0.00620892 0.00200406 0.00053482 0.00011366 1.99723e-05 2.91107e-06 3.44803e-07 3.3049e-08 2.53265e-09
 1.81856e-11 1.97474e-09 1.26425e-07 4.7719e-06 0.000106192 0.00139327 0.0107782 0.0491746 0.132504 0.212363 0.209525 0.146611 0.0996924 0.0713004 0.0408194 0.0171556 0.00602785 0.00191401 0.00050334 0.000105263 1.82503e-05 2.64191e-06 3.0996e-07 2.89174e-08 2.11309e-09
 1.86365e-11 2.0237e-09 1.29559e-07 4.8902e-06 0.000108824 0.0014278 0.0110453 0.0503915 0.135759 0.217381 0.213542 0.146916 0.0965319 0.067183 0.0376523 0.0151821 0.00495801 0.0014648 0.000365467 7.25589e-05 1.19037e-05 1.6469e-06 1.87284e-07 1.7113e-08 1.22921e-09
 1.89272e-11 2.05527e-09 1.3158e-07 4.9665e-06 0.000110522 0.00145008 0.0112175 0.0511759 0.137852 0.220571 0.215913 0.146505 0.0935717 0.0639265 0.0358911 0.0147836 0.00502351 0.00153244 0.000383559 7.43959e-05 1.17128e-05 1.54423e-06 1.67015e-07 1.45499e-08 1.00563e-09
#obs surv len freq
 1.82225e-11 1.97875e-09 1.26681e-07 4.78158e-06 0.000106407 0.00139609 0.0107999 0.04927 0.132708 0.212231 0.207155 0.138957 0.0876459 0.0635709 0.0444058 0.0275038 0.0148014 0.00646603 0.00222662 0.000603975 0.000126332 1.96611e-05 2.20224e-06 1.72375e-07 9.17603e-09
 1.57956e-11 1.71522e-09 1.0981e-07 4.14477e-06 9.22362e-05 0.00121018 0.00936248 0.0427294 0.115312 0.186127 0.189436 0.146958 0.117598 0.0925434 0.0561979 0.0261099 0.0106329 0.00398906 0.00128727 0.000333591 6.61569e-05 9.67281e-06 1.01133e-06 7.34737e-08 3.61052e-09
 1.72989e-11 1.87846e-09 1.2026e-07 4.53923e-06 0.000101014 0.00132535 0.0102531 0.0467852 0.126136 0.202603 0.201494 0.144081 0.101129 0.0755613 0.0486646 0.0256366 0.0111925 0.00381667 0.000980737 0.000197732 3.25323e-05 4.23393e-06 4.07385e-07 2.74261e-08 1.24642e-09
 1.43534e-11 1.55861e-09 9.97839e-08 3.76635e-06 8.38153e-05 0.00109972 0.00850852 0.0388456 0.104993 0.170605 0.178203 0.14827 0.128447 0.104497 0.0652963 0.0318842 0.0132101 0.00455075 0.00121757 0.000243828 3.59029e-05 3.85671e-06 3.02481e-07 1.71792e-08 6.86223e-10
 1.76099e-11 1.91222e-09 1.22422e-07 4.62083e-06 0.00010283 0.00134918 0.0104376 0.0476289 0.128423 0.206274 0.204738 0.144408 0.0977228 0.071079 0.0463056 0.0252378 0.0112631 0.00384483 0.000969607 0.000182798 2.5837e-05 2.66153e-06 1.92843e-07 9.59451e-09 3.23574e-10
 1.53048e-11 1.66192e-09 1.06398e-07 4.01599e-06 8.93708e-05 0.00117262 0.00907272 0.0414236 0.111967 0.181824 0.188733 0.152383 0.124153 0.094876 0.0556268 0.0250817 0.00954691 0.00308259 0.000788236 0.000151132 2.097e-05 2.05258e-06 1.39377e-07 6.46946e-09 2.01618e-10
 1.70294e-11 1.8492e-09 1.18387e-07 4.46853e-06 9.94413e-05 0.00130473 0.0100943 0.0460734 0.124349 0.200502 0.201835 0.148013 0.105105 0.0765683 0.0478361 0.0243273 0.00995701 0.00309105 0.000704247 0.000119685 1.53457e-05 1.44434e-06 9.53841e-08 4.25994e-09 1.25624e-10
 1.5206e-11 1.65119e-09 1.05711e-07 3.99007e-06 8.87943e-05 0.00116507 0.0090149 0.0411689 0.111369 0.181326 0.18946 0.154084 0.124532 0.0937187 0.0550882 0.0253847 0.00972246 0.0030189 0.000713783 0.000123468 1.52349e-05 1.31654e-06 7.87666e-08 3.22538e-09 8.87764e-11
 1.70068e-11 1.84674e-09 1.1823e-07 4.46261e-06 9.93098e-05 0.00130302 0.0100816 0.0460245 0.124305 0.200904 0.203596 0.150999 0.10704 0.0759222 0.0456689 0.022194 0.0086396 0.00255913 0.000557667 8.95691e-05 1.05622e-05 8.88574e-07 5.14325e-08 1.9918e-09 5.06816e-11
 1.52486e-11 1.65582e-09 1.06007e-07 4.00127e-06 8.90441e-05 0.00116837 0.00904119 0.0413011 0.111839 0.182651 0.192243 0.157409 0.12555 0.0916754 0.0522459 0.0232457 0.0084558 0.00245066 0.0005356 8.52861e-05 9.66492e-06 7.63037e-07 4.12312e-08 1.50019e-09 3.6095e-11
 1.52861e-11 1.65989e-09 1.06267e-07 4.01109e-06 8.92628e-05 0.00117125 0.00906369 0.0414067 0.112139 0.183129 0.192303 0.155851 0.12262 0.0903466 0.0538372 0.0253796 0.00941506 0.00262391 0.000532837 7.87837e-05 8.43645e-06 6.37937e-07 3.29916e-08 1.13674e-09 2.56088e-11
 1.48544e-11 1.61302e-09 1.03267e-07 3.89783e-06 8.6743e-05 0.00113822 0.00880886 0.0402561 0.109155 0.179001 0.190321 0.158072 0.12666 0.0930369 0.0548298 0.0256797 0.00957876 0.00271804 0.000562244 8.29665e-05 8.58156e-06 6.10771e-07 2.94323e-08 9.46289e-10 1.99812e-11
 1.3344e-11 1.449e-09 9.27663e-08 3.5015e-06 7.79242e-05 0.00102256 0.00791555 0.0362046 0.0984836 0.163367 0.180089 0.161395 0.139226 0.105469 0.0627535 0.0294086 0.0108484 0.00302173 0.000614511 8.96468e-05 9.18691e-06 6.44009e-07 3.01485e-08 9.25494e-10 1.83752e-11
 1.39371e-11 1.51341e-09 9.68899e-08 3.65715e-06 8.13882e-05 0.00106801 0.00826723 0.0378074 0.102757 0.169768 0.184182 0.158664 0.131453 0.0994225 0.0612976 0.0300069 0.011332 0.00315703 0.00063283 9.01868e-05 8.98052e-06 6.10415e-07 2.76904e-08 8.22355e-10 1.57292e-11
 1.37583e-11 1.49399e-09 9.56471e-08 3.61026e-06 8.03456e-05 0.00105438 0.00816293 0.0373498 0.101687 0.168883 0.185677 0.163058 0.135243 0.0993396 0.0584668 0.0274054 0.0101187 0.00281481 0.000567415 8.07002e-05 7.90499e-06 5.21642e-07 2.27669e-08 6.47063e-10 1.18099e-11
 1.3207e-11 1.43412e-09 9.18141e-08 3.4656e-06 7.71275e-05 0.00101221 0.00783804 0.0358874 0.0979197 0.16372 0.18314 0.165464 0.140049 0.103327 0.0605553 0.0278753 0.00991833 0.00263021 0.000506518 6.95036e-05 6.62798e-06 4.26945e-07 1.81221e-08 4.9728e-10 8.69477e-12
 1.36554e-11 1.48282e-09 9.49316e-08 3.58328e-06 7.97472e-05 0.00104661 0.0081049 0.0371134 0.101271 0.169159 0.187999 0.166398 0.136642 0.0984433 0.0566893 0.0255432 0.00880447 0.00223635 0.000408126 5.26573e-05 4.71091e-06 2.85565e-07 1.14697e-08 2.99286e-10 4.98877e-12
 1.41523e-11 1.53677e-09 9.83861e-08 3.71368e-06 8.265e-05 0.00108473 0.00840044 0.0384688 0.104953 0.175007 0.192858 0.166613 0.132283 0.0930779 0.052974 0.0236759 0.00808203 0.0020256 0.000362021 4.51862e-05 3.85747e-06 2.2061e-07 8.29956e-09 2.02202e-10 3.14648e-12
 1.46022e-11 1.58563e-09 1.01514e-07 3.83178e-06 8.52797e-05 0.00111929 0.00866922 0.0397133 0.108436 0.181072 0.199538 0.170501 0.130848 0.0870991 0.0461308 0.019046 0.0060421 0.00142283 0.000240902 2.86064e-05 2.32474e-06 1.26217e-07 4.48456e-09 1.02565e-10 1.49005e-12
 1.34072e-11 1.45587e-09 9.32073e-08 3.51827e-06 7.8306e-05 0.00102792 0.00796541 0.036545 0.100256 0.169725 0.193524 0.175096 0.141089 0.0957024 0.0506097 0.0204931 0.00624665 0.00139011 0.00022043 2.44606e-05 1.86078e-06 9.48095e-08 3.16605e-09 6.80487e-11 9.27678e-13
 1.44873e-11 1.57316e-09 1.00716e-07 3.80171e-06 8.46138e-05 0.00111068 0.00860518 0.0394516 0.107926 0.180886 0.20018 0.170783 0.130162 0.0870879 0.0469043 0.0193801 0.0059212 0.00129303 0.000197454 2.0764e-05 1.47876e-06 7.00317e-08 2.16762e-09 4.31806e-11 5.46216e-13
 1.43489e-11 1.55813e-09 9.97546e-08 3.76546e-06 8.38108e-05 0.00110029 0.00852794 0.0391404 0.107398 0.18137 0.203773 0.17647 0.132882 0.0845167 0.0423765 0.0163841 0.00478656 0.00101796 0.000152061 1.55254e-05 1.05984e-06 4.74942e-08 1.3763e-09 2.54718e-11 2.97877e-13
 1.4444e-11 1.56846e-09 1.00416e-07 3.79049e-06 8.43705e-05 0.00110772 0.00858729 0.0394313 0.108299 0.183147 0.20579 0.177211 0.131899 0.0829378 0.0409553 0.0153306 0.0042426 0.000844092 0.000118024 1.13692e-05 7.37876e-07 3.15256e-08 8.6898e-10 1.52125e-11 1.67149e-13
 1.46639e-11 1.59234e-09 1.01946e-07 3.84829e-06 8.56606e-05 0.00112479 0.00872204 0.0400773 0.110238 0.186916 0.210428 0.179909 0.130415 0.0784747 0.036661 0.0128951 0.00334204 0.000620079 8.02981e-05 7.1188e-06 4.24366e-07 1.66999e-08 4.26269e-10 6.94783e-12 7.13472e-14
 1.41821e-11 1.54002e-09 9.85974e-08 3.72199e-06 8.28555e-05 0.00108817 0.00844268 0.0388482 0.107235 0.183316 0.209644 0.182863 0.134123 0.0805848 0.0371926 0.0127629 0.00317966 0.000559719 6.80735e-05 5.62278e-06 3.1025e-07 1.12428e-08 2.63362e-10 3.93374e-12 3.70373e-14
 1.40235e-11 1.52282e-09 9.74968e-08 3.68055e-06 8.19394e-05 0.00107636 0.00835522 0.0384928 0.106551 0.183182 0.211298 0.185352 0.135062 0.0796239 0.0357447 0.0118294 0.00281741 0.00047023 5.3792e-05 4.14761e-06 2.12261e-07 7.09911e-09 1.52923e-10 2.09487e-12 1.80544e-14
 1.38259e-11 1.50136e-09 9.61246e-08 3.62888e-06 8.0796e-05 0.00106156 0.00824457 0.0380274 0.105528 0.182284 0.211679 0.186611 0.135939 0.0799107 0.0357141 0.0116936 0.00272747 0.000441117 4.84202e-05 3.54883e-06 1.71122e-07 5.35105e-09 1.07096e-10 1.35639e-12 1.07676e-14
 1.41986e-11 1.54184e-09 9.87172e-08 3.72685e-06 8.29821e-05 0.00109042 0.00847069 0.0390845 0.108482 0.187106 0.215636 0.186437 0.131981 0.0754357 0.0328831 0.0105039 0.0023857 0.00037457 3.97276e-05 2.79546e-06 1.28474e-07 3.8018e-09 7.15417e-11 8.47164e-13 6.25781e-15
#pred catch len freq
 1.14314e-11 1.24132e-09 7.94703e-08 2.99961e-06 6.67521e-05 0.000875824 0.00677591 0.0309292 0.0835417 0.135516 0.141412 0.119849 0.110874 0.100111 0.0753698 0.0527793 0.0375527 0.0267124 0.0194183 0.0147753 0.0119859 0.0104863 0.00934732 0.00731806 0.00430096
 1.53323e-11 1.66491e-09 1.06589e-07 4.0232e-06 8.95305e-05 0.00117468 0.00908752 0.0414692 0.111853 0.180163 0.182013 0.138865 0.110349 0.0893471 0.0588254 0.0329276 0.0180962 0.00989769 0.00551903 0.0033389 0.00224669 0.0016964 0.00137886 0.00104326 0.000614878
 1.41063e-11 1.53177e-09 9.80655e-08 3.70148e-06 8.23714e-05 0.00108076 0.00836132 0.0381645 0.103064 0.167014 0.173458 0.144619 0.12933 0.108788 0.0680387 0.0328098 0.0144843 0.00613209 0.00245193 0.00100772 0.00047083 0.000266096 0.000179143 0.000123622 7.06012e-05
 1.2914e-11 1.40231e-09 8.9777e-08 3.38863e-06 7.54094e-05 0.000989417 0.00765491 0.0349456 0.0944465 0.153657 0.162431 0.142715 0.136087 0.118884 0.07754 0.0402636 0.018904 0.00770422 0.00257616 0.000762421 0.000225165 7.55019e-05 3.30871e-05 1.80627e-05 9.38514e-06
 1.33136e-11 1.4457e-09 9.25549e-08 3.49349e-06 7.77427e-05 0.00102003 0.00789158 0.0360225 0.097308 0.157918 0.165103 0.140531 0.129505 0.112575 0.0754207 0.0416773 0.0211144 0.00922815 0.00329389 0.000984999 0.000250415 5.61432e-05 1.29759e-05 3.93615e-06 1.52113e-06
 1.36916e-11 1.48675e-09 9.5183e-08 3.59268e-06 7.99502e-05 0.00104899 0.00811561 0.0370441 0.100054 0.162263 0.169121 0.142572 0.129565 0.11088 0.0719126 0.0374199 0.0179774 0.00781098 0.00289669 0.000921619 0.000247425 5.44871e-05 9.92687e-06 1.64324e-06 3.12647e-07
 1.3765e-11 1.49471e-09 9.56928e-08 3.61193e-06 8.03784e-05 0.00105461 0.00815908 0.0372426 0.100591 0.163143 0.170077 0.143461 0.130367 0.111219 0.0713616 0.0362002 0.0167224 0.00691448 0.00241526 0.000735294 0.000197879 4.53332e-05 8.47813e-06 1.26337e-06 1.54841e-07
 1.41419e-11 1.53564e-09 9.83132e-08 3.71083e-06 8.25794e-05 0.00108348 0.00838239 0.0382597 0.103309 0.167314 0.173319 0.143396 0.12725 0.107509 0.0689634 0.0351098 0.0162387 0.00665075 0.00226088 0.000656356 0.000166689 3.64935e-05 6.74799e-06 1.01738e-06 1.20018e-07
 1.4246e-11 1.54694e-09 9.90367e-08 3.73814e-06 8.31871e-05 0.00109146 0.00844406 0.0385409 0.104063 0.168493 0.174347 0.143743 0.12694 0.106831 0.0681014 0.0342566 0.0156551 0.00639315 0.00218191 0.00063326 0.000158006 3.32442e-05 5.83766e-06 8.43679e-07 9.74547e-08
 1.45997e-11 1.58535e-09 1.01496e-07 3.83095e-06 8.52525e-05 0.00111855 0.00865363 0.039496 0.106623 0.172481 0.177738 0.144643 0.125482 0.104331 0.0654602 0.0318896 0.0139821 0.00551585 0.0018246 0.000514863 0.000126246 2.62475e-05 4.51387e-06 6.28718e-07 6.93906e-08
 1.43063e-11 1.55349e-09 9.94558e-08 3.75396e-06 8.35392e-05 0.00109608 0.00847983 0.0387047 0.104513 0.169287 0.175466 0.145388 0.128987 0.10801 0.0672154 0.0319341 0.0134991 0.00513726 0.00163076 0.000437723 0.000102335 2.04923e-05 3.43159e-06 4.68273e-07 5.04406e-08
 1.4058e-11 1.52653e-09 9.77296e-08 3.68881e-06 8.20893e-05 0.00107705 0.00833273 0.0380349 0.102727 0.166574 0.173493 0.145884 0.131748 0.110994 0.0687723 0.0321743 0.0132579 0.00488861 0.00148306 0.000373766 8.16158e-05 1.53219e-05 2.42162e-06 3.15538e-07 3.28669e-08
 1.34721e-11 1.46291e-09 9.3657e-08 3.53509e-06 7.86685e-05 0.00103218 0.00798565 0.0364536 0.0984965 0.160039 0.168209 0.145313 0.13559 0.116175 0.0729775 0.0350002 0.0148692 0.00557077 0.00168509 0.000416262 8.74769e-05 1.55163e-05 2.28885e-06 2.78156e-07 2.72437e-08
 1.3065e-11 1.4187e-09 9.08266e-08 3.42825e-06 7.6291e-05 0.00100098 0.00774441 0.0353542 0.0955515 0.155459 0.164355 0.144415 0.137486 0.119224 0.0760223 0.037588 0.0166212 0.00644005 0.00201087 0.000513252 0.000109996 1.9417e-05 2.77922e-06 3.20721e-07 2.94218e-08
 1.34067e-11 1.4558e-09 9.32019e-08 3.51791e-06 7.82862e-05 0.00102716 0.00794684 0.0362765 0.098019 0.15927 0.167436 0.144744 0.135238 0.116188 0.0735497 0.0359257 0.0156873 0.00606391 0.00191322 0.000498734 0.000109831 1.99371e-05 2.9116e-06 3.36404e-07 3.01564e-08
 1.30775e-11 1.42006e-09 9.09134e-08 3.43153e-06 7.6364e-05 0.00100194 0.00775183 0.0353885 0.0956487 0.155655 0.164735 0.145162 0.138523 0.11985 0.0756079 0.036481 0.0156654 0.00597393 0.00186399 0.000481957 0.000106297 1.95794e-05 2.92955e-06 3.47582e-07 3.17843e-08
 1.33546e-11 1.45015e-09 9.284e-08 3.50425e-06 7.79822e-05 0.00102317 0.00791601 0.0361362 0.0976461 0.158714 0.167083 0.145016 0.136078 0.117008 0.073854 0.0357823 0.0154203 0.00585962 0.00180381 0.000456701 9.86841e-05 1.7932e-05 2.67435e-06 3.20197e-07 2.98453e-08
 1.38842e-11 1.50766e-09 9.65218e-08 3.64322e-06 8.10747e-05 0.00106374 0.0082298 0.0375661 0.101474 0.164652 0.172006 0.145934 0.133223 0.112754 0.0699298 0.0327079 0.0134642 0.00495278 0.00149281 0.000370005 7.80283e-05 1.38105e-05 2.00827e-06 2.36036e-07 2.18379e-08
 1.42507e-11 1.54745e-09 9.90693e-08 3.73937e-06 8.32145e-05 0.00109182 0.00844688 0.0385546 0.104112 0.168664 0.174952 0.145304 0.12932 0.108537 0.0677599 0.032366 0.0136878 0.00510723 0.00153775 0.000377333 7.85095e-05 1.36821e-05 1.95161e-06 2.2418e-07 2.02674e-08
 1.41617e-11 1.53779e-09 9.84508e-08 3.71603e-06 8.2695e-05 0.001085 0.0083942 0.0383151 0.103479 0.167752 0.174529 0.146262 0.131491 0.110362 0.0679216 0.0312977 0.0126328 0.00458992 0.00137744 0.0003401 7.09383e-05 1.22776e-05 1.72677e-06 1.94875e-07 1.72684e-08
 1.38869e-11 1.50796e-09 9.65408e-08 3.64393e-06 8.10907e-05 0.00106395 0.00823144 0.0375739 0.1015 0.164731 0.172258 0.146563 0.134167 0.113397 0.0697137 0.0318755 0.0126686 0.00449452 0.00129868 0.00030517 6.11971e-05 1.04158e-05 1.45811e-06 1.6359e-07 1.43264e-08
 1.50115e-11 1.63007e-09 1.04359e-07 3.93902e-06 8.76574e-05 0.00115011 0.00889767 0.0406085 0.109607 0.177159 0.181851 0.146146 0.124495 0.101957 0.0623502 0.0286411 0.0114685 0.00407733 0.00116925 0.00026923 5.21391e-05 8.47893e-06 1.13526e-06 1.23565e-07 1.06602e-08
 1.49572e-11 1.62417e-09 1.03981e-07 3.92475e-06 8.73399e-05 0.00114594 0.0088655 0.0404627 0.109228 0.176661 0.181879 0.147519 0.127021 0.103864 0.0621084 0.0268752 0.00984063 0.00327442 0.000910711 0.000206223 3.92859e-05 6.24537e-06 8.08483e-07 8.42446e-08 6.95126e-09
 1.50466e-11 1.63388e-09 1.04603e-07 3.94823e-06 8.78624e-05 0.0011528 0.00891851 0.0407039 0.10987 0.177629 0.182539 0.147204 0.125829 0.102702 0.0617081 0.0270719 0.0100899 0.0033558 0.000902374 0.000191655 3.41161e-05 5.18168e-06 6.52712e-07 6.63756e-08 5.3103e-09
 1.5004e-11 1.62926e-09 1.04307e-07 3.93706e-06 8.76136e-05 0.00114953 0.00889327 0.0405891 0.109564 0.177168 0.182223 0.147349 0.12639 0.103258 0.0619155 0.0269989 0.00997762 0.00330781 0.000894063 0.000191193 3.37316e-05 4.92833e-06 5.84441e-07 5.60511e-08 4.29662e-09
 1.5359e-11 1.6678e-09 1.06774e-07 4.03019e-06 8.96861e-05 0.00117672 0.00910355 0.041547 0.112126 0.181111 0.185351 0.147494 0.123759 0.0999241 0.0594694 0.0255843 0.00925228 0.00300632 0.000799405 0.000168075 2.92405e-05 4.24159e-06 4.98151e-07 4.64971e-08 3.39851e-09
 1.56173e-11 1.69585e-09 1.0857e-07 4.09798e-06 9.11946e-05 0.00119651 0.00925662 0.0422446 0.113995 0.184025 0.187835 0.148169 0.122711 0.0980688 0.0574384 0.0237461 0.00801395 0.00243883 0.000617796 0.000123526 2.0355e-05 2.82392e-06 3.21582e-07 2.94036e-08 2.1127e-09
 1.5347e-11 1.6665e-09 1.06691e-07 4.02705e-06 8.96162e-05 0.00117581 0.00909646 0.0415148 0.112041 0.180993 0.185315 0.14768 0.124143 0.100248 0.0595077 0.0253959 0.00903451 0.00286281 0.000729964 0.000142853 2.26283e-05 2.99557e-06 3.24684e-07 2.83148e-08 1.95799e-09
#obs catch len freq
 1.09459e-11 1.1886e-09 7.60952e-08 2.87222e-06 6.39176e-05 0.000838647 0.00648882 0.0296307 0.0801892 0.131274 0.142355 0.133816 0.138068 0.129805 0.095764 0.0591326 0.0318089 0.0140923 0.00495604 0.00137069 0.00029172 4.63231e-05 5.31706e-06 4.26922e-07 2.32402e-08
 1.69548e-11 1.84109e-09 1.17868e-07 4.44893e-06 9.90046e-05 0.00129897 0.0100489 0.0458504 0.123579 0.198253 0.196258 0.138632 0.096655 0.0748991 0.0531929 0.0328977 0.0174908 0.0074982 0.00252185 0.000664073 0.000133925 1.99645e-05 2.12876e-06 1.57713e-07 7.90692e-09
 1.45017e-11 1.57471e-09 1.00815e-07 3.80525e-06 8.46809e-05 0.00111107 0.00859617 0.0392426 0.106035 0.172122 0.179314 0.148752 0.129073 0.104632 0.06356 0.0294006 0.0118807 0.0043865 0.00138175 0.000347016 6.62469e-05 9.26513e-06 9.2102e-07 6.32694e-08 2.92586e-09
 1.61987e-11 1.75899e-09 1.12612e-07 4.25054e-06 9.459e-05 0.00124107 0.00960149 0.0438205 0.118246 0.190673 0.192744 0.145173 0.110298 0.0857145 0.0554641 0.0290193 0.0124682 0.00415641 0.00104121 0.000203902 3.23457e-05 4.02497e-06 3.67766e-07 2.3385e-08 9.99299e-10
 1.3336e-11 1.44813e-09 9.27105e-08 3.49937e-06 7.78742e-05 0.00102178 0.00790612 0.0361069 0.09773 0.159768 0.170748 0.150343 0.137632 0.113584 0.0706813 0.0342268 0.0139714 0.00470324 0.00122223 0.000236479 3.34734e-05 3.43934e-06 2.56498e-07 1.37623e-08 5.16439e-10
 1.69233e-11 1.83767e-09 1.17649e-07 4.44067e-06 9.88213e-05 0.00129659 0.0100311 0.0457811 0.123521 0.198948 0.199614 0.145533 0.103594 0.077213 0.0502886 0.0271097 0.0118564 0.00394221 0.000964837 0.000175689 2.38332e-05 2.34235e-06 1.61123e-07 7.57627e-09 2.40389e-10
 1.45604e-11 1.58108e-09 1.01222e-07 3.82065e-06 8.50241e-05 0.0011156 0.00863218 0.0394235 0.106688 0.174087 0.183839 0.154715 0.131266 0.101145 0.0588741 0.0262641 0.00983469 0.00309776 0.000767353 0.000141678 1.88273e-05 1.75634e-06 1.1312e-07 4.9572e-09 1.45257e-10
 1.64584e-11 1.78719e-09 1.14418e-07 4.31871e-06 9.61074e-05 0.001261 0.00975642 0.0445398 0.120303 0.194569 0.198035 0.149621 0.110352 0.081448 0.0506123 0.0253816 0.0101557 0.00306368 0.000675967 0.000110738 1.35963e-05 1.2175e-06 7.61115e-08 3.20491e-09 8.88027e-11
 1.47256e-11 1.59903e-09 1.02371e-07 3.86403e-06 8.59898e-05 0.00112829 0.00873092 0.039883 0.108006 0.176551 0.186886 0.156325 0.129333 0.0973386 0.0566359 0.0257369 0.00965272 0.0029119 0.000664846 0.000110453 1.30233e-05 1.07035e-06 6.06136e-08 2.3382e-09 6.03791e-11
 1.66249e-11 1.80527e-09 1.15575e-07 4.3624e-06 9.70801e-05 0.00127378 0.00985588 0.0450029 0.121636 0.197124 0.201562 0.152742 0.110814 0.0788664 0.0469866 0.0224558 0.0085267 0.00244876 0.000515239 7.94944e-05 8.94831e-06 7.14516e-07 3.90775e-08 1.42457e-09 3.40075e-11
 1.49263e-11 1.62082e-09 1.03767e-07 3.9167e-06 8.71625e-05 0.00114371 0.00885101 0.040444 0.109632 0.179688 0.191134 0.159661 0.128963 0.093632 0.0526679 0.0230433 0.00818359 0.00229817 0.000483872 7.38252e-05 7.97388e-06 5.97124e-07 3.04664e-08 1.0423e-09 2.34961e-11
 1.50131e-11 1.63025e-09 1.0437e-07 3.93948e-06 8.76698e-05 0.00115037 0.00890282 0.0406833 0.11029 0.180706 0.191563 0.157975 0.125607 0.0919871 0.0540613 0.0249851 0.00901612 0.00243003 0.000475203 6.73108e-05 6.86331e-06 4.91475e-07 2.39645e-08 7.75696e-10 1.63647e-11
 1.46477e-11 1.59057e-09 1.0183e-07 3.84361e-06 8.55369e-05 0.00112242 0.00868738 0.0397134 0.107798 0.177364 0.190248 0.160252 0.129075 0.0939462 0.0545413 0.0250293 0.00907565 0.00248688 0.000494189 6.96902e-05 6.85354e-06 4.61629e-07 2.09621e-08 6.32573e-10 1.24944e-11
 1.31913e-11 1.43242e-09 9.17049e-08 3.46145e-06 7.70337e-05 0.00101091 0.00782632 0.0358112 0.0975429 0.162444 0.180734 0.16383 0.141272 0.105717 0.0618684 0.0283625 0.0101565 0.00272923 0.000532666 7.41578e-05 7.21272e-06 4.77651e-07 2.10425e-08 6.05847e-10 1.12486e-11
 1.38545e-11 1.50443e-09 9.63154e-08 3.63548e-06 8.09066e-05 0.00106173 0.00821949 0.0376025 0.102314 0.169563 0.185249 0.160866 0.132966 0.0992766 0.060126 0.0287234 0.0105067 0.00281933 0.000541596 7.35601e-05 6.94316e-06 4.45248e-07 1.89807e-08 5.27964e-10 9.43247e-12
 1.37244e-11 1.49031e-09 9.54111e-08 3.60136e-06 8.01485e-05 0.00105183 0.00814427 0.0372792 0.101613 0.169283 0.187264 0.165262 0.136196 0.098519 0.056914 0.0260374 0.00930979 0.00249134 0.000480348 6.49809e-05 6.02398e-06 3.74576e-07 1.53466e-08 4.08103e-10 6.95019e-12
 1.32469e-11 1.43846e-09 9.20923e-08 3.47611e-06 7.73626e-05 0.00101534 0.00786342 0.0360189 0.0983946 0.164983 0.185414 0.167669 0.140396 0.10176 0.0584201 0.0261925 0.00901191 0.00229728 0.000422886 5.51373e-05 4.96867e-06 3.01094e-07 1.19798e-08 3.07238e-10 5.00835e-12
 1.36929e-11 1.48689e-09 9.51927e-08 3.59315e-06 7.99682e-05 0.00104957 0.008129 0.0372402 0.101738 0.170412 0.190243 0.168523 0.13692 0.0968661 0.0545855 0.0239219 0.0079622 0.00194147 0.000338292 4.14373e-05 3.50052e-06 1.99444e-07 7.5005e-09 1.82685e-10 2.83548e-12
 1.42665e-11 1.54917e-09 9.91803e-08 3.74368e-06 8.3319e-05 0.00109356 0.00847004 0.0388025 0.105966 0.177055 0.195576 0.168465 0.131846 0.0908819 0.0505328 0.0219351 0.00722033 0.00173447 0.000295467 3.49587e-05 2.81487e-06 1.51191e-07 5.32239e-09 1.20959e-10 1.75135e-12
 1.47135e-11 1.59771e-09 1.02288e-07 3.86101e-06 8.59318e-05 0.00112792 0.00873738 0.0400422 0.109445 0.183127 0.202231 0.172178 0.130117 0.0847394 0.0438059 0.0175592 0.00536918 0.00121094 0.000195226 2.19502e-05 1.68049e-06 8.55953e-08 2.8434e-09 6.06272e-11 8.19201e-13
 1.35482e-11 1.47118e-09 9.4188e-08 3.55533e-06 7.91329e-05 0.00103886 0.0080518 0.0369608 0.10152 0.172242 0.196693 0.176924 0.140085 0.0928661 0.0478678 0.0187853 0.00551123 0.00117346 0.000177048 1.85884e-05 1.331e-06 6.35612e-08 1.98256e-09 3.96919e-11 5.02913e-13
 1.4663e-11 1.59224e-09 1.01938e-07 3.84787e-06 8.56432e-05 0.00112427 0.00871196 0.0399582 0.109413 0.183657 0.203349 0.172348 0.128975 0.084211 0.0441131 0.0176238 0.00517266 0.0010791 0.00015659 1.55651e-05 1.04274e-06 4.6261e-08 1.33674e-09 2.4789e-11 2.91239e-13
 1.45416e-11 1.57906e-09 1.01095e-07 3.8161e-06 8.49407e-05 0.00111521 0.00864541 0.0396989 0.109039 0.184402 0.207104 0.177805 0.131173 0.0813178 0.0396514 0.0148261 0.00415828 0.000843522 0.000119522 1.15177e-05 7.38866e-07 3.09993e-08 8.38367e-10 1.44416e-11 1.56835e-13
 1.4675e-11 1.59354e-09 1.02023e-07 3.85117e-06 8.57241e-05 0.00112559 0.00872768 0.0400947 0.110218 0.186577 0.209337 0.178379 0.129818 0.0794019 0.0380451 0.0137459 0.00364822 0.000692032 9.17363e-05 8.33227e-06 5.07497e-07 2.02737e-08 5.21026e-10 8.48466e-12 8.65546e-14
 1.48963e-11 1.61758e-09 1.03562e-07 3.90936e-06 8.70236e-05 0.0011428 0.00886377 0.040749 0.112186 0.190386 0.213927 0.180851 0.128073 0.0748859 0.0339127 0.0115033 0.00285622 0.000504721 6.19171e-05 5.17345e-06 2.89308e-07 1.06386e-08 2.52959e-10 3.83123e-12 3.64895e-14
 1.44438e-11 1.56845e-09 1.00418e-07 3.7908e-06 8.43916e-05 0.00110848 0.00860253 0.0396053 0.109422 0.187165 0.213418 0.183732 0.131446 0.0766491 0.0342431 0.0113152 0.00269746 0.000451816 5.20154e-05 4.04664e-06 2.09361e-07 7.08731e-09 1.54616e-10 2.14547e-12 1.87277e-14
 1.429e-11 1.55176e-09 9.93512e-08 3.75065e-06 8.35052e-05 0.00109708 0.00851869 0.0392695 0.108802 0.187141 0.215128 0.186119 0.132204 0.0755834 0.0328086 0.0104434 0.00237755 0.000377218 4.08146e-05 2.9623e-06 1.42089e-07 4.43796e-09 8.90141e-11 1.13266e-12 9.04939e-15
 1.41061e-11 1.5318e-09 9.80743e-08 3.70259e-06 8.24433e-05 0.00108338 0.00841685 0.0388467 0.1079 0.186433 0.215635 0.187339 0.132933 0.0757067 0.0326699 0.0102733 0.00228752 0.000351299 3.64371e-05 2.51191e-06 1.13464e-07 3.31247e-09 6.17209e-11 7.26079e-13 5.34347e-15
#spawning biomass
 2166.61 3371.81 6003.65 9243.16 14230.2 19922.8 27404.4 39938.6 61312.7 86998.5 116805 133998 152880 166479 161287 157392 146238 132240 150547 160377 157535 161111 165714 178607 190234 192481 182187 210647 259969 184279 53392.8 17434.3 12157.3 11511.1 11438 11430.1 11429.3 11429.2 11429.2 11429.2 11429.2 11429.2 11429.2 11429.2 11429.2 11429.2 11429.2 11429.2 11429.2 11429.2 11429.2 11429.2 11429.2 11429.2 11429.2 11429.2 11429.2 11429.2 11429.2 11429.2 11429.2 11429.2 11429.2 11429.2 11429.2 11429.2 11429.2 11429.2 11429.2 11429.2 11429.2 11429.2 11429.2 11429.2 11429.2 11429.2 11429.2 11429.2 11429.2 11429.2 11429.2 11429.2 11429.2 11429.2 11429.2 11429.2 11429.2 11429.2 11429.2 11429.2 11429.2 11429.2 11429.2 11429.2 11429.2 11429.2 11429.2 11429.2 11429.2 11429.2 11429.2 11429.2 11429.2 11429.2 11429.2 11429.2 11429.2 11429.2 11429.2 11429.2 11429.2 11429.2 11429.2 11429.2 11429.2 11429.2 11429.2 11429.2 11429.2 11429.2 11429.2 11429.2 11429.2 11429.2 11429.2 11429.2 11429.2 11429.2 0 0 0 0 0 0 0 0 0 0 0 0 0 0 0 0 0 0 0 0 0 0 0 0 0
