SBPRF35
0.434796
Curr Bio
196580
B35
971060
F35
0.286989
FOFL
0.0801796
OFL
20873.6
Bzero
124228
#pred survey bio
 20539.4 27807 20534 14470.8 23033.9 41708.1 74961 109563 140873 171277 175201 172842 187815 205230 214523 185107 204334 199242 191934 183893 231397 207296 219578 237301 199501 192316 186755 237999 1.21716e+07 1.10807e+07 1.04561e+07 8.61966e+06 6.60686e+06 4.90062e+06 3.6229e+06 2.73121e+06 2.1345e+06 1.74473e+06 1.49315e+06 1.33122e+06 1.22657e+06 1.15833e+06 1.11304e+06 1.08194e+06 1.06119e+06 1.04709e+06 1.03734e+06 1.0305e+06 1.02564e+06 1.02216e+06 1.01964e+06 1.01781e+06 1.01647e+06 1.01548e+06 1.01476e+06 1.01422e+06 1.01383e+06 1.01354e+06 1.01332e+06 1.01316e+06 1.01304e+06 1.01295e+06 1.01289e+06 1.01284e+06 1.0128e+06 1.01277e+06 1.01275e+06 1.01274e+06 1.01273e+06 1.01272e+06 1.01271e+06 1.01271e+06 1.01271e+06 1.0127e+06 1.0127e+06 1.0127e+06 1.0127e+06 1.0127e+06 1.0127e+06 1.0127e+06 1.0127e+06 1.0127e+06 1.0127e+06 1.0127e+06 1.0127e+06 1.0127e+06 1.0127e+06 1.0127e+06 1.0127e+06 1.0127e+06 1.0127e+06 1.0127e+06 1.0127e+06 1.0127e+06 1.0127e+06 1.0127e+06 1.0127e+06 1.0127e+06 1.0127e+06 1.0127e+06 1.0127e+06 1.0127e+06 1.0127e+06 1.0127e+06 1.0127e+06 1.0127e+06 1.0127e+06 1.0127e+06 1.0127e+06 1.0127e+06 1.0127e+06 1.0127e+06 1.0127e+06 1.0127e+06 1.0127e+06 1.0127e+06 1.0127e+06 1.0127e+06 1.0127e+06 1.0127e+06 1.0127e+06 1.0127e+06 1.0127e+06 1.0127e+06 1.0127e+06 1.0127e+06 1.0127e+06 1.0127e+06 0 0 0 0 0 0 0 0 0 0 0 0 0 0 0 0 0 0 0 0 0 0 0 0 0
#obs survey bio
 16498 20037.8 9099.09 13500.6 31944.3 50820.8 98013.6 80874.9 131691 141353 162257 168641 166928 183837 247077 220636 188113 173646 247876 245367 194624 191536 251514 293299 216740 252092 200635 269317
#pred catch bio
 6710.07 14125.1 11788.2 8077.54 11774.3 21680.8 45825 76104.9 98806.9 126207 137405 139838 155859 173918 194367 162389 188569 186715 184131 175087 237833 212703 224083 252687 215407 210170 203965 198172 20873.6 113376 105114 84705.6 63133.5 45331.5 32374.6 23635.1 18029.8 14558.5 12462.5 11220.2 10494.1 10074.2 9832.54 9693.04 9615.21 9571.79 9547.57 9534.06 9526.52 9522.32 9519.97 9518.66 9517.93 9517.53 9517.3 9517.17 9517.1 9517.06 9517.04 9517.03 9517.02 9517.02 9517.01 9517.01 9517.01 9517.01 9517.01 9517.01 9517.01 9517.01 9517.01 9517.01 9517.01 9517.01 9517.01 9517.01 9517.01 9517.01 9517.01 9517.01 9517.01 9517.01 9517.01 9517.01 9517.01 9517.01 9517.01 9517.01 9517.01 9517.01 9517.01 9517.01 9517.01 9517.01 9517.01 9517.01 9517.01 9517.01 9517.01 9517.01 9517.01 9517.01 9517.01 9517.01 9517.01 9517.01 9517.01 9517.01 9517.01 9517.01 9517.01 9517.01 9517.01 9517.01 9517.01 9517.01 9517.01 9517.01 9517.01 9517.01 9517.01 9517.01 9517.01 9517.01 9517.01 9517.01 9517.01 9517.01 0 0 0 0 0 0 0 0 0 0 0 0 0 0 0 0 0 0 0 0 0 0 0 0 0
#obs catch bio
 19611.2 15817.4 15339.5 8724.91 11292.4 19470.6 40430.2 76136.6 96666.1 127251 141044 137439 152118 182267 196491 154590 179260 183493 164486 171477 233129 195458 211461 234143 203064 182295 180532 188366
#pred cpue bio
 19090 26740.2 20114.7 13656.2 20616.4 38127.5 68013.9 99805.4 127173 155766 159746 155619 167658 182775 190879 163760 180106 174764 168067 160029 199766 177960 187923 203517 169957 162902 157886 200290 1.08517e+07 1.10616e+07 1.04373e+07 8.60083e+06 6.58803e+06 4.88179e+06 3.60407e+06 2.71238e+06 2.11567e+06 1.7259e+06 1.47432e+06 1.31238e+06 1.20774e+06 1.1395e+06 1.09421e+06 1.06311e+06 1.04236e+06 1.02826e+06 1.0185e+06 1.01166e+06 1.00681e+06 1.00333e+06 1.00081e+06 998976 997636 996653 995928 995394 994999 994706 994489 994329 994209 994121 994055 994006 993970 993943 993923 993908 993897 993889 993882 993878 993875 993872 993870 993869 993868 993867 993866 993866 993866 993865 993865 993865 993865 993865 993865 993865 993865 993865 993865 993865 993865 993865 993865 993865 993865 993865 993865 993865 993865 993865 993865 993865 993865 993865 993865 993865 993865 993865 993865 993865 993865 993865 993865 993865 993865 993865 993865 993865 993865 993865 993865 993865 993865 993865 993865 993865 0 0 0 0 0 0 0 0 0 0 0 0 0 0 0 0 0 0 0 0 0 0 0 0 0
#obs cpue bio
 29367.1 19481.8 10984.4 19351.4 22045.9 64500 79350.4 100065 155435 172449 157277 179146 208491 156086 174912 166557 244717 209042 216290 116746 274868 268807 201835 230880 192450 223029 235740 209300
#pred surv len freq
 1.63931e-11 1.77932e-09 1.13876e-07 4.29733e-06 9.56209e-05 0.00125459 0.00970664 0.0442993 0.119452 0.191886 0.191115 0.138435 0.100944 0.0778746 0.0507016 0.0286177 0.0163579 0.00971389 0.00601992 0.00399913 0.00290016 0.00232467 0.00195528 0.00148364 0.000859129
 1.08603e-11 1.17878e-09 7.5442e-08 2.84695e-06 6.33485e-05 0.000831184 0.00643179 0.0293762 0.0795248 0.130272 0.141679 0.134407 0.139378 0.128309 0.0900279 0.0538331 0.0307285 0.0162762 0.00818819 0.00425415 0.00241784 0.00156897 0.00114541 0.000817091 0.000468563
 7.24516e-12 7.86392e-10 5.0329e-08 1.89926e-06 4.22614e-05 0.000554517 0.0042914 0.0196119 0.0532504 0.0885116 0.102237 0.112003 0.133666 0.138258 0.118004 0.0923491 0.0643942 0.0375578 0.0189616 0.00869559 0.00383153 0.00181273 0.00101125 0.000619485 0.000334616
 1.55271e-11 1.68532e-09 1.0786e-07 4.0703e-06 9.05692e-05 0.0011883 0.00919349 0.0419506 0.113028 0.180826 0.176642 0.11908 0.0773354 0.0621135 0.0553712 0.0505704 0.0430145 0.0319188 0.0200538 0.0103501 0.00444802 0.00170903 0.000671181 0.000301988 0.000139
 1.99379e-11 2.16407e-09 1.385e-07 5.22656e-06 0.000116297 0.00152585 0.0118048 0.0538602 0.145033 0.231361 0.222792 0.141044 0.0764859 0.0461576 0.0268312 0.0144034 0.00922172 0.00722726 0.00553789 0.00359236 0.0018636 0.000764734 0.000260643 8.38366e-05 2.81622e-05
 1.73326e-11 1.88129e-09 1.20402e-07 4.54361e-06 0.000101101 0.00132649 0.0102629 0.0468373 0.126288 0.202797 0.201649 0.145084 0.103977 0.0774177 0.0458953 0.0208169 0.00867723 0.00390584 0.00211206 0.00136527 0.000843841 0.000419884 0.000159483 4.74289e-05 1.20858e-05
 1.82418e-11 1.97997e-09 1.26718e-07 4.78193e-06 0.000106404 0.00139606 0.0108009 0.0492868 0.132813 0.212634 0.20841 0.142009 0.0920495 0.065731 0.0418574 0.022961 0.0116226 0.00509473 0.00190768 0.000719814 0.000328085 0.000165453 7.23673e-05 2.40055e-05 5.93268e-06
 1.77494e-11 1.92653e-09 1.23298e-07 4.65287e-06 0.000103532 0.00135838 0.0105096 0.0479602 0.129278 0.207294 0.204686 0.143501 0.0982261 0.0718131 0.044023 0.022131 0.0106778 0.00506354 0.00217897 0.000806135 0.000259022 8.34455e-05 3.00389e-05 1.02892e-05 2.74676e-06
 1.86019e-11 2.01906e-09 1.2922e-07 4.87635e-06 0.000108505 0.00142362 0.0110141 0.0502592 0.135424 0.216744 0.212101 0.143572 0.0915183 0.0637106 0.038652 0.0194574 0.00921714 0.00413955 0.00170144 0.000647141 0.000219375 6.32064e-05 1.60962e-05 4.03803e-06 9.75309e-07
 1.78187e-11 1.93405e-09 1.23779e-07 4.67102e-06 0.000103936 0.00136368 0.0105506 0.0481476 0.129786 0.208134 0.205635 0.144466 0.0991884 0.072316 0.0435577 0.0208946 0.0093227 0.00404544 0.00162207 0.000593431 0.000195015 5.61568e-05 1.37223e-05 2.81388e-06 5.06519e-07
 1.7595e-11 1.90976e-09 1.22225e-07 4.61238e-06 0.000102631 0.00134656 0.0104181 0.0475439 0.128167 0.205611 0.203484 0.143888 0.100117 0.0739731 0.0453974 0.0225506 0.0103805 0.00445897 0.00170684 0.000594118 0.000187672 5.2141e-05 1.23681e-05 2.42898e-06 3.86137e-07
 1.87947e-11 2.03999e-09 1.30559e-07 4.92688e-06 0.000109629 0.00143837 0.0111282 0.0507794 0.136819 0.218918 0.213952 0.144069 0.0907375 0.0623834 0.0372814 0.018251 0.00835584 0.00364223 0.00142806 0.000498398 0.000152484 4.03713e-05 9.15058e-06 1.72646e-06 2.61657e-07
 1.94466e-11 2.11074e-09 1.35087e-07 5.09777e-06 0.000113432 0.00148826 0.0115141 0.052538 0.141528 0.226218 0.219968 0.145073 0.0870401 0.0570803 0.0326415 0.0147739 0.00610579 0.00248838 0.000952561 0.000333476 0.000103378 2.73495e-05 6.03213e-06 1.08899e-06 1.57481e-07
 1.95879e-11 2.12607e-09 1.36068e-07 5.1348e-06 0.000114255 0.00149907 0.0115977 0.0529193 0.142551 0.22782 0.221369 0.145561 0.0866652 0.0562661 0.0316454 0.0137549 0.00528178 0.00196524 0.000680407 0.000218235 6.4607e-05 1.69247e-05 3.74218e-06 6.7038e-07 9.43436e-08
 1.96431e-11 2.13207e-09 1.36452e-07 5.14928e-06 0.000114578 0.0015033 0.0116304 0.0530683 0.142951 0.228443 0.221902 0.145711 0.0864564 0.0559062 0.0312732 0.0134165 0.00501684 0.00179148 0.000581526 0.000169911 4.52489e-05 1.08186e-05 2.26387e-06 3.97148e-07 5.54619e-08
 2.00807e-11 2.17957e-09 1.39492e-07 5.26399e-06 0.00011713 0.00153678 0.0118894 0.0542485 0.146107 0.233303 0.225749 0.145858 0.0831605 0.0517718 0.0283012 0.0117531 0.00417195 0.00141969 0.000444139 0.000124141 3.09247e-05 6.73468e-06 1.26813e-06 2.03305e-07 2.6818e-08
 2.03606e-11 2.20995e-09 1.41437e-07 5.33738e-06 0.000118763 0.00155821 0.0120551 0.0550034 0.148125 0.236401 0.228157 0.145807 0.080832 0.0489849 0.0264707 0.0109005 0.00380985 0.00126216 0.000378819 0.000100482 2.37744e-05 4.90286e-06 8.58717e-07 1.25321e-07 1.49493e-08
 2.07037e-11 2.24719e-09 1.4382e-07 5.4273e-06 0.000120764 0.00158446 0.0122582 0.0559286 0.150599 0.240211 0.231173 0.145921 0.0782458 0.045736 0.0241261 0.0095828 0.00314684 0.000982425 0.000284525 7.32475e-05 1.66559e-05 3.26347e-06 5.39564e-07 7.385e-08 8.15191e-09
 2.08138e-11 2.25913e-09 1.44584e-07 5.45616e-06 0.000121406 0.00159288 0.0123233 0.0562255 0.151394 0.241438 0.232165 0.146023 0.0775179 0.044767 0.0233596 0.00907943 0.00285044 0.000838785 0.000228395 5.51033e-05 1.18528e-05 2.22486e-06 3.52292e-07 4.57904e-08 4.76007e-09
 2.12516e-11 2.30666e-09 1.47626e-07 5.57094e-06 0.00012396 0.00162639 0.0125825 0.0574061 0.154549 0.246278 0.235906 0.145871 0.0737622 0.0403169 0.0204897 0.00781328 0.00237545 0.000670049 0.000174389 3.97695e-05 7.99925e-06 1.40154e-06 2.08378e-07 2.56775e-08 2.54126e-09
 2.17891e-11 2.365e-09 1.5136e-07 5.71184e-06 0.000127095 0.00166752 0.0129006 0.0588555 0.158422 0.252216 0.24048 0.145634 0.0690731 0.0347987 0.0169809 0.00632381 0.00185584 0.000500746 0.000125251 2.73919e-05 5.24174e-06 8.66516e-07 1.20455e-07 1.38256e-08 1.28015e-09
 2.21328e-11 2.4023e-09 1.53747e-07 5.80193e-06 0.0001291 0.00169382 0.013104 0.0597822 0.1609 0.256023 0.243457 0.145627 0.0662964 0.0314154 0.0146708 0.00516221 0.00134209 0.000306111 6.76578e-05 1.37716e-05 2.49861e-06 3.93407e-07 5.19118e-08 5.61302e-09 4.86134e-10
 2.2325e-11 2.42316e-09 1.55082e-07 5.85231e-06 0.000130221 0.00170853 0.0132178 0.0603004 0.162284 0.258145 0.245087 0.145528 0.064599 0.0294299 0.0134254 0.00465216 0.00117349 0.000251442 5.04008e-05 8.93789e-06 1.38774e-06 1.93352e-07 2.35547e-08 2.39929e-09 1.96492e-10
 2.21902e-11 2.40854e-09 1.54146e-07 5.81698e-06 0.000129435 0.00169821 0.013138 0.0599371 0.161314 0.256661 0.243962 0.145645 0.0658618 0.0308715 0.0142815 0.00494567 0.00123226 0.000257537 4.99916e-05 8.46915e-06 1.21464e-06 1.49921e-07 1.57454e-08 1.39139e-09 1.02243e-10
 2.26048e-11 2.45353e-09 1.57026e-07 5.92566e-06 0.000131853 0.00172994 0.0133834 0.0610549 0.1643 0.261233 0.247456 0.14537 0.0621044 0.0265206 0.0116109 0.00392347 0.000946805 0.000187591 3.4598e-05 5.65999e-06 7.85441e-07 9.2817e-08 9.11717e-09 7.26642e-10 4.66407e-11
 2.29429e-11 2.49023e-09 1.59374e-07 6.01428e-06 0.000133825 0.00175581 0.0135835 0.0619664 0.166735 0.264962 0.250307 0.145149 0.059047 0.0229768 0.00943108 0.00308367 0.000708674 0.000128065 2.1339e-05 3.24094e-06 4.23203e-07 4.74432e-08 4.46411e-09 3.4047e-10 2.05844e-11
 2.30528e-11 2.50216e-09 1.60138e-07 6.04311e-06 0.000134466 0.00176422 0.0136485 0.0622629 0.167528 0.266176 0.251238 0.145087 0.0580674 0.0218339 0.00871744 0.00279627 0.000618939 0.000102932 1.53261e-05 2.10104e-06 2.47819e-07 2.51052e-08 2.17346e-09 1.55298e-10 8.89839e-12
 2.33144e-11 2.53056e-09 1.61955e-07 6.11168e-06 0.000135992 0.00178424 0.0138034 0.0629681 0.169411 0.269059 0.253431 0.14488 0.0556458 0.0190556 0.00704818 0.00219982 0.00048049 7.81969e-05 1.1214e-05 1.45558e-06 1.57943e-07 1.43253e-08 1.10536e-09 7.08218e-11 3.67695e-12
#obs surv len freq
 4.36342e-11 4.04386e-09 2.2098e-07 7.12029e-06 0.000135279 0.00151555 0.0100137 0.0390583 0.0903955 0.127465 0.123554 0.114457 0.122235 0.119133 0.0980268 0.0718624 0.0450867 0.0230551 0.00964071 0.00327797 0.000876608 0.000176642 2.56548e-05 2.57697e-06 1.73032e-07
 3.14049e-11 2.80715e-09 1.47952e-07 4.59795e-06 8.42566e-05 0.000910507 0.00580536 0.0219004 0.0496028 0.0724315 0.0875334 0.119106 0.156282 0.159798 0.13294 0.0957325 0.0566375 0.026641 0.0102879 0.00328916 0.000832359 0.000157526 2.12794e-05 1.97665e-06 1.22452e-07
 1.75058e-11 1.50661e-09 7.6455e-08 2.28772e-06 4.03653e-05 0.000420065 0.00258123 0.00942284 0.0210839 0.033185 0.0516273 0.0904877 0.138652 0.172772 0.1813 0.149726 0.0899522 0.0398037 0.0138845 0.00396989 0.000909034 0.000158033 1.97569e-05 1.69819e-06 9.70295e-08
 2.67284e-10 2.21124e-08 1.07867e-06 3.1026e-05 0.000526199 0.00526213 0.0310287 0.107887 0.22123 0.267772 0.192241 0.0843796 0.0277705 0.0149443 0.0153014 0.0141998 0.00977451 0.00501577 0.00193689 0.000557952 0.000118984 1.86234e-05 2.09175e-06 1.62904e-07 8.49655e-09
 1.8145e-10 1.44079e-08 6.7458e-07 1.86232e-05 0.000303159 0.00291019 0.016482 0.055209 0.110796 0.141841 0.145227 0.161653 0.168662 0.121252 0.0541948 0.0156768 0.00382142 0.00125721 0.000494858 0.000157988 3.58029e-05 5.57679e-06 5.89359e-07 4.18011e-08 1.96309e-09
 4.50631e-10 3.42942e-08 1.53889e-06 4.07174e-05 0.000635246 0.00584386 0.0317022 0.101463 0.19204 0.217651 0.15719 0.0920199 0.0649512 0.0541495 0.0420367 0.0258738 0.0109284 0.00291827 0.000490233 5.76911e-05 6.29412e-06 7.39251e-07 7.35436e-08 5.05484e-09 2.24872e-10
 5.1141e-10 3.72507e-08 1.59987e-06 4.05159e-05 0.000605004 0.00532735 0.027671 0.0849258 0.155385 0.177125 0.150091 0.132115 0.119467 0.0825959 0.0407667 0.0161547 0.00565167 0.00164902 0.000363887 5.68615e-05 6.03342e-06 4.3379e-07 2.25954e-08 9.48316e-10 3.24593e-11
 7.68868e-10 5.35338e-08 2.19781e-06 5.32037e-05 0.000759426 0.00639215 0.0317366 0.0930935 0.162682 0.176537 0.140983 0.117118 0.105379 0.0800761 0.0491261 0.0244565 0.00897973 0.00221615 0.000363152 4.21492e-05 3.7952e-06 2.69779e-07 1.40631e-08 4.98934e-10 1.17292e-11
 1.13353e-09 7.53533e-08 2.95363e-06 6.82651e-05 0.000930328 0.00747651 0.0354449 0.0993254 0.166214 0.174657 0.139951 0.119823 0.106235 0.076239 0.0435277 0.0204737 0.00737922 0.00187528 0.000330434 4.11115e-05 3.63613e-06 2.26205e-07 9.84068e-09 3.00414e-10 6.39463e-12
 1.30073e-09 8.24629e-08 3.0826e-06 6.79464e-05 0.000883117 0.0067692 0.0306243 0.0821059 0.133179 0.143634 0.13668 0.144807 0.136876 0.0967587 0.0534278 0.0239378 0.00804485 0.00186735 0.000296833 3.37013e-05 2.8302e-06 1.73887e-07 7.50695e-09 2.19444e-10 4.24497e-12
 2.28944e-09 1.38277e-07 4.92445e-06 0.000103408 0.00128041 0.00934962 0.0402853 0.102743 0.157563 0.156493 0.12942 0.120625 0.110996 0.0838737 0.0518382 0.0249151 0.00836002 0.0018472 0.000271101 2.77026e-05 2.05955e-06 1.12193e-07 4.37385e-09 1.18477e-10 2.17139e-12
 3.61293e-09 2.07684e-07 7.03936e-06 0.000140687 0.00165796 0.0115228 0.0472621 0.114825 0.168339 0.162183 0.134206 0.123848 0.105982 0.0703816 0.0373789 0.0159736 0.00502405 0.00108699 0.00016157 1.69495e-05 1.26733e-06 6.64195e-08 2.38743e-09 5.80876e-11 9.48398e-13
 5.3048e-09 2.89961e-07 9.34537e-06 0.000177601 0.00199021 0.0131533 0.051316 0.118738 0.166804 0.157848 0.134808 0.127579 0.106676 0.0679643 0.034352 0.013752 0.00396119 0.000763008 9.79935e-05 8.77921e-06 5.75704e-07 2.78203e-08 9.57816e-10 2.25416e-11 3.51565e-13
 7.29356e-09 3.78765e-07 1.15981e-05 0.00020941 0.00222957 0.0140014 0.0519314 0.114531 0.155243 0.148449 0.137756 0.137555 0.113934 0.0710178 0.0351198 0.0135644 0.00369934 0.000663793 7.78829e-05 6.19929e-06 3.50382e-07 1.43371e-08 4.19215e-10 8.54971e-12 1.18941e-13
 1.09849e-08 5.41567e-07 1.57433e-05 0.000269857 0.00272767 0.0162631 0.0572864 0.120165 0.155974 0.146205 0.136848 0.135669 0.110157 0.0681927 0.0336382 0.0126808 0.00329042 0.000551872 5.96063e-05 4.29359e-06 2.1601e-07 7.77511e-09 1.98197e-10 3.49043e-12 4.15968e-14
 1.75879e-08 8.22616e-07 2.26866e-05 0.000368922 0.00353772 0.0200116 0.0668885 0.133244 0.164812 0.148814 0.135441 0.128998 0.0995932 0.0584936 0.0273036 0.00969747 0.00236261 0.000370981 3.73509e-05 2.48972e-06 1.1474e-07 3.74276e-09 8.56343e-11 1.34181e-12 1.41156e-14
 2.56675e-08 1.13824e-06 2.97626e-05 0.000458887 0.0041723 0.0223805 0.0709824 0.134583 0.160627 0.145978 0.138408 0.131796 0.0985547 0.0559384 0.0252012 0.0085698 0.00198996 0.000298846 2.90588e-05 1.89087e-06 8.52404e-08 2.6859e-09 5.812e-11 8.44103e-13 8.10619e-15
 3.9699e-08 1.6683e-06 4.13389e-05 0.000604004 0.0052043 0.0264568 0.0795493 0.143195 0.163266 0.144236 0.134572 0.125029 0.0919391 0.0523561 0.0236355 0.00787175 0.00176217 0.000255099 2.41692e-05 1.55307e-06 6.95541e-08 2.16604e-09 4.58465e-11 6.44905e-13 5.94258e-15
 5.46026e-08 2.17357e-06 5.10179e-05 0.000706115 0.00576359 0.0277645 0.0792164 0.136214 0.152568 0.142098 0.143099 0.13362 0.0950965 0.0521651 0.0226249 0.00721535 0.00155322 0.00021927 2.06708e-05 1.34287e-06 6.08687e-08 1.89659e-09 3.96474e-11 5.45982e-13 4.8959e-15
 9.03307e-08 3.40501e-06 7.56819e-05 0.0009919 0.00766667 0.0349713 0.0944656 0.153647 0.162102 0.140754 0.132275 0.118017 0.0826508 0.0454689 0.0195278 0.00599246 0.00121613 0.000160143 1.40279e-05 8.50353e-07 3.64347e-08 1.09123e-09 2.22279e-11 3.00322e-13 2.64198e-15
 1.23629e-07 4.4119e-06 9.28376e-05 0.00115195 0.00843034 0.0364267 0.0934112 0.145701 0.153361 0.143779 0.144789 0.126532 0.0825857 0.0415917 0.0164159 0.004699 0.000903128 0.000114227 9.71912e-06 5.73195e-07 2.36261e-08 6.69703e-10 1.27683e-11 1.61087e-13 1.32903e-15
 2.03003e-07 6.85752e-06 0.000136592 0.00160432 0.0111137 0.0454537 0.1103 0.162584 0.160806 0.140141 0.131953 0.110562 0.0711536 0.0358161 0.0138587 0.00376175 0.000666649 7.58937e-05 5.69384e-06 2.93995e-07 1.07639e-08 2.78307e-10 4.94608e-12 5.8721e-14 4.55694e-16
 2.49532e-07 7.9785e-06 0.000150423 0.00167238 0.0109685 0.042516 0.0982582 0.140984 0.146388 0.148571 0.153839 0.126868 0.0768318 0.0359723 0.0130005 0.00333572 0.000567675 6.32311e-05 4.71439e-06 2.41557e-07 8.5507e-09 2.05855e-10 3.30743e-12 3.5054e-14 2.43397e-16
 3.64421e-07 1.10288e-05 0.000196813 0.00207116 0.0128587 0.047196 0.10343 0.141575 0.142855 0.143853 0.147648 0.12278 0.0781147 0.0388748 0.0143269 0.0035712 0.00057388 5.95719e-05 4.12468e-06 1.97379e-07 6.6091e-09 1.52438e-10 2.35955e-12 2.39805e-14 1.57529e-16
 6.01147e-07 1.72211e-05 0.000290896 0.00289769 0.017029 0.0591624 0.122707 0.158794 0.150795 0.141834 0.135927 0.105717 0.0628064 0.0291733 0.0100758 0.00237121 0.000363343 3.63856e-05 2.45134e-06 1.13915e-07 3.65488e-09 7.94966e-11 1.14891e-12 1.088e-14 6.68171e-17
 7.55464e-07 2.04875e-05 0.000327619 0.0030897 0.0171964 0.0566745 0.112342 0.143283 0.145622 0.153641 0.151592 0.113505 0.0636067 0.027746 0.0090177 0.00200999 0.000294759 2.86271e-05 1.89208e-06 8.65543e-08 2.71912e-09 5.73953e-11 7.97839e-13 7.20333e-15 4.1797e-17
 1.21873e-06 3.12917e-05 0.000473754 0.00423003 0.0222892 0.0695339 0.130348 0.156564 0.148188 0.145181 0.13584 0.099138 0.0552577 0.0237867 0.00739254 0.00152604 0.000201497 1.71505e-05 9.75292e-07 3.85493e-08 1.07578e-09 2.08668e-11 2.73188e-13 2.35086e-15 1.30362e-17
 1.51716e-06 3.68856e-05 0.000528806 0.00447151 0.0223263 0.0661689 0.119203 0.143707 0.149378 0.161494 0.150531 0.102654 0.0520632 0.0203465 0.00581815 0.00112075 0.000139466 1.12491e-05 6.04639e-07 2.22403e-08 5.63018e-10 9.67468e-12 1.10862e-13 8.36522e-16 4.118e-18
#pred catch len freq
 1.57801e-11 1.71278e-09 1.09618e-07 4.13663e-06 9.20451e-05 0.00120767 0.00934379 0.0426458 0.115028 0.18506 0.185642 0.137992 0.105158 0.083242 0.0545729 0.0308424 0.0176325 0.010471 0.0064891 0.00431082 0.00312619 0.00250585 0.00210767 0.00159928 0.000926088
 1.04916e-11 1.13876e-09 7.28805e-08 2.75029e-06 6.11977e-05 0.000802966 0.00621353 0.0283816 0.0768638 0.126166 0.138385 0.134139 0.141923 0.131592 0.0924773 0.055313 0.0315744 0.0167244 0.00841365 0.00437129 0.00248441 0.00161217 0.00117694 0.00083959 0.000481464
 7.04368e-12 7.64524e-10 4.89294e-08 1.84645e-06 4.10862e-05 0.000539098 0.00417214 0.0190683 0.0517942 0.0862503 0.100353 0.111623 0.134693 0.139788 0.11939 0.0934424 0.0651574 0.038003 0.0191863 0.00879865 0.00387695 0.00183421 0.00102324 0.000626827 0.000338582
 1.52804e-11 1.65854e-09 1.06146e-07 4.00563e-06 8.91302e-05 0.00116942 0.00904745 0.0412849 0.111242 0.178039 0.174249 0.118373 0.078196 0.0636139 0.0569065 0.0519972 0.0442298 0.0328207 0.0206204 0.0106426 0.00457371 0.00175732 0.000690145 0.000310521 0.000142928
 1.97319e-11 2.14171e-09 1.37069e-07 5.17256e-06 0.000115096 0.00151009 0.0116829 0.0533046 0.143547 0.229067 0.220954 0.140898 0.0778975 0.0479286 0.0280611 0.0150865 0.00966108 0.00757171 0.00580184 0.00376357 0.00195242 0.000801182 0.000273066 8.78324e-05 2.95045e-05
 1.70564e-11 1.8513e-09 1.18483e-07 4.47119e-06 9.94895e-05 0.00130534 0.0100994 0.0460923 0.124296 0.199739 0.199268 0.145123 0.106255 0.0801466 0.047685 0.0216445 0.00902326 0.00406166 0.00219633 0.00141974 0.000877508 0.000436636 0.000165846 4.93212e-05 1.2568e-05
 1.81336e-11 1.96823e-09 1.25967e-07 4.75359e-06 0.000105773 0.00138778 0.0107369 0.0489952 0.132033 0.211433 0.207458 0.141971 0.0928612 0.0667503 0.0425911 0.0233723 0.0118315 0.00518633 0.00194197 0.000732756 0.000333983 0.000168428 7.36684e-05 2.44371e-05 6.03935e-06
 1.77852e-11 1.93041e-09 1.23546e-07 4.66225e-06 0.000103741 0.00136112 0.0105307 0.0480567 0.129536 0.20769 0.204998 0.143504 0.0979437 0.0714678 0.0437867 0.0220099 0.0106193 0.00503579 0.00216703 0.000801718 0.000257603 8.29882e-05 2.98743e-05 1.02328e-05 2.73171e-06
 1.86456e-11 2.0238e-09 1.29523e-07 4.88779e-06 0.000108759 0.00142696 0.01104 0.0503769 0.135739 0.217228 0.212481 0.143576 0.0911738 0.0632885 0.0383618 0.019308 0.00914618 0.00410769 0.00168835 0.000642159 0.000217686 6.27199e-05 1.59723e-05 4.00695e-06 9.67802e-07
 1.79348e-11 1.94665e-09 1.24586e-07 4.70147e-06 0.000104613 0.00137257 0.0106193 0.0484608 0.130623 0.209421 0.206639 0.14446 0.0982447 0.0711741 0.0427907 0.0205192 0.00915475 0.00397255 0.00159284 0.000582739 0.000191501 5.5145e-05 1.34751e-05 2.76318e-06 4.97393e-07
 1.78124e-11 1.93336e-09 1.23735e-07 4.66937e-06 0.000103899 0.0013632 0.0105468 0.0481302 0.129735 0.20802 0.205372 0.143895 0.0983801 0.0718533 0.0439499 0.0218174 0.0100421 0.00431359 0.00165119 0.000574747 0.000181553 5.0441e-05 1.19649e-05 2.34978e-06 3.73547e-07
 1.9026e-11 2.06508e-09 1.32165e-07 4.9875e-06 0.000110978 0.00145607 0.0112651 0.051403 0.138486 0.22148 0.215957 0.14407 0.088881 0.0601243 0.0357473 0.0174818 0.00800254 0.00348819 0.00136767 0.000477319 0.000146035 3.86639e-05 8.76357e-06 1.65345e-06 2.5059e-07
 1.96886e-11 2.13701e-09 1.36768e-07 5.16121e-06 0.000114843 0.00150678 0.0116573 0.0531906 0.143272 0.228896 0.222049 0.145025 0.08502 0.0546625 0.0310517 0.0140347 0.00579904 0.00236332 0.000904686 0.000316716 9.81824e-05 2.59749e-05 5.72896e-06 1.03426e-06 1.49566e-07
 1.98526e-11 2.15481e-09 1.37907e-07 5.20419e-06 0.000115799 0.00151932 0.0117544 0.053633 0.144459 0.230747 0.223634 0.145479 0.0844101 0.0535878 0.0299105 0.0129797 0.00498279 0.00185394 0.000641873 0.000205876 6.09481e-05 1.59662e-05 3.53025e-06 6.32414e-07 8.90006e-08
 2.00054e-11 2.1714e-09 1.38969e-07 5.24426e-06 0.000116691 0.00153102 0.0118449 0.0540453 0.145562 0.232449 0.224998 0.145586 0.0833491 0.0522244 0.0288991 0.0123691 0.00462344 0.00165094 0.000535902 0.000156581 4.16989e-05 9.96984e-06 2.08626e-06 3.6599e-07 5.11107e-08
 2.03657e-11 2.2105e-09 1.41472e-07 5.33871e-06 0.000118793 0.00155859 0.0120581 0.055017 0.148161 0.236452 0.228177 0.145739 0.080685 0.0488543 0.0264408 0.0109564 0.00388771 0.00132291 0.00041386 0.000115678 2.88164e-05 6.27556e-06 1.18167e-06 1.89445e-07 2.49897e-08
 2.06959e-11 2.24634e-09 1.43765e-07 5.42525e-06 0.000120718 0.00158386 0.0122535 0.0559073 0.15054 0.240104 0.231011 0.145661 0.0779117 0.0455468 0.0242829 0.00996943 0.00348265 0.0011537 0.000346264 9.18469e-05 2.17313e-05 4.48151e-06 7.84919e-07 1.14551e-07 1.36646e-08
 2.10308e-11 2.28269e-09 1.46092e-07 5.51305e-06 0.000122672 0.00160949 0.0124518 0.0568106 0.152956 0.243823 0.233949 0.145755 0.0753592 0.0423564 0.022001 0.00870787 0.00285774 0.0008921 0.000258365 6.65127e-05 1.51244e-05 2.96341e-06 4.89953e-07 6.70598e-08 7.40238e-09
 2.11617e-11 2.2969e-09 1.47001e-07 5.54736e-06 0.000123435 0.00161951 0.0125292 0.0571635 0.1539 0.245279 0.235111 0.14583 0.0744232 0.0411555 0.0211045 0.00816994 0.00256304 0.000754143 0.000205346 4.95424e-05 1.06566e-05 2.00034e-06 3.16739e-07 4.11694e-08 4.2797e-09
 2.1548e-11 2.33883e-09 1.49685e-07 5.64863e-06 0.000125689 0.00164907 0.0127579 0.0582052 0.156684 0.249549 0.238412 0.145698 0.0711121 0.0372309 0.0185718 0.00705047 0.00214177 0.000604069 0.000157215 3.58531e-05 7.2115e-06 1.26352e-06 1.87858e-07 2.31489e-08 2.291e-09
 2.21105e-11 2.39988e-09 1.53592e-07 5.79607e-06 0.000128969 0.00169211 0.0130908 0.0597218 0.160737 0.255761 0.243194 0.145436 0.0661849 0.031443 0.0149056 0.00551062 0.00161496 0.000435667 0.000108971 2.38315e-05 4.56042e-06 7.53886e-07 1.04799e-07 1.20286e-08 1.11376e-09
 2.2408e-11 2.43217e-09 1.55658e-07 5.87406e-06 0.000130705 0.00171488 0.0132669 0.0605241 0.162882 0.259057 0.245772 0.145431 0.0637828 0.0285151 0.0129054 0.00450356 0.00116892 0.000266544 5.8911e-05 1.19912e-05 2.17559e-06 3.42547e-07 4.52005e-08 4.88736e-09 4.23286e-10
 2.25709e-11 2.44985e-09 1.5679e-07 5.91677e-06 0.000131655 0.00172734 0.0133633 0.0609634 0.164055 0.260856 0.247154 0.145348 0.062345 0.0268327 0.0118491 0.00406986 0.00102477 0.000219513 4.39994e-05 7.80268e-06 1.21148e-06 1.68794e-07 2.0563e-08 2.09455e-09 1.71536e-10
 2.24917e-11 2.44126e-09 1.5624e-07 5.89602e-06 0.000131193 0.00172129 0.0133165 0.06075 0.163485 0.259985 0.246495 0.145422 0.0630942 0.0276844 0.0123499 0.00423544 0.00105323 0.000220049 4.2713e-05 7.23607e-06 1.03779e-06 1.28093e-07 1.34529e-08 1.18881e-09 8.73571e-11
 2.28562e-11 2.48082e-09 1.58772e-07 5.99157e-06 0.00013332 0.00174918 0.0135322 0.0617328 0.166111 0.264005 0.249567 0.145179 0.0597893 0.0238582 0.0100024 0.00333814 0.000803478 0.000159123 2.93461e-05 4.80078e-06 6.66208e-07 7.8727e-08 7.73315e-09 6.16335e-10 3.95605e-11
 2.315e-11 2.51271e-09 1.60813e-07 6.06858e-06 0.000135033 0.00177166 0.013706 0.0625248 0.168227 0.267245 0.252044 0.144986 0.057131 0.0207778 0.00810869 0.00260976 0.000597737 0.000107951 1.79861e-05 2.73169e-06 3.56705e-07 3.99885e-08 3.76266e-09 2.86972e-10 1.735e-11
 2.32422e-11 2.52272e-09 1.61454e-07 6.09276e-06 0.000135571 0.00177872 0.0137606 0.0627735 0.168892 0.268263 0.252825 0.144934 0.0563096 0.0198193 0.00751006 0.00236854 0.000522332 8.68063e-05 1.29237e-05 1.77169e-06 2.08971e-07 2.11698e-08 1.83276e-09 1.30954e-10 7.50351e-12
 2.33665e-11 2.53621e-09 1.62317e-07 6.12533e-06 0.000136296 0.00178823 0.0138342 0.0631086 0.169787 0.269633 0.253867 0.144838 0.0551621 0.0185013 0.00671625 0.00208251 0.0004542 7.38982e-05 1.05971e-05 1.37551e-06 1.49254e-07 1.35373e-08 1.04456e-09 6.69259e-11 3.47469e-12
#obs catch len freq
 4.4539e-11 4.12772e-09 2.25563e-07 7.26794e-06 0.000138085 0.00154697 0.010221 0.0398616 0.092189 0.129521 0.123624 0.110656 0.116106 0.115432 0.0991679 0.0752064 0.0474774 0.0240928 0.0100784 0.00348666 0.000957435 0.000197891 2.93293e-05 2.99253e-06 2.035e-07
 6.01766e-11 5.37892e-09 2.83498e-07 8.81032e-06 0.000161445 0.00174448 0.0111174 0.0418323 0.0934808 0.12784 0.122302 0.115011 0.123436 0.118813 0.0967298 0.0700688 0.0431639 0.0216177 0.00883325 0.00291859 0.000752869 0.000145187 2.00283e-05 1.89849e-06 1.19666e-07
 4.45605e-11 3.83503e-09 1.94614e-07 5.8233e-06 0.000102745 0.00106906 0.0065636 0.0238534 0.0521613 0.074262 0.0896707 0.122532 0.158095 0.15849 0.130098 0.0921971 0.0533589 0.0245475 0.00926757 0.0028792 0.000701863 0.000126907 1.62624e-05 1.42429e-06 8.27725e-08
 2.54283e-11 2.10369e-09 1.0262e-07 2.95174e-06 5.00648e-05 0.000500846 0.00295907 0.0103956 0.022485 0.0347816 0.0543883 0.0947193 0.142497 0.174912 0.18022 0.144763 0.0843362 0.0363074 0.012351 0.00343106 0.000757204 0.000125764 1.4905e-05 1.20693e-06 6.46472e-08
 3.85012e-10 3.05716e-08 1.43136e-06 3.95156e-05 0.000643242 0.00617401 0.0349422 0.116611 0.229512 0.266667 0.183896 0.0778733 0.0254624 0.0144123 0.0148044 0.0133666 0.00892578 0.00444106 0.001658 0.000460028 9.41131e-05 1.40561e-05 1.49669e-06 1.09811e-07 5.36792e-09
 2.70452e-10 2.05821e-08 9.23584e-07 2.44372e-05 0.000381262 0.0035078 0.0190419 0.0611555 0.117855 0.145877 0.147001 0.161777 0.163585 0.112816 0.0483706 0.013568 0.00332416 0.00111742 0.000431373 0.000132147 2.85297e-05 4.21522e-06 4.20845e-07 2.80825e-08 1.23569e-09
 6.68741e-10 4.87105e-08 2.09206e-06 5.29801e-05 0.000791116 0.00696568 0.036168 0.1108 0.200786 0.21818 0.152036 0.0875581 0.061724 0.0509644 0.0387778 0.0230694 0.0093211 0.00237314 0.000381473 4.36123e-05 4.70538e-06 5.37457e-07 5.07167e-08 3.27324e-09 1.36176e-10
 7.74902e-10 5.39539e-08 2.21506e-06 5.36213e-05 0.000765389 0.00644244 0.0319886 0.0938696 0.164369 0.180085 0.148645 0.128752 0.11302 0.0753245 0.0361103 0.0140519 0.00481949 0.00136404 0.000289501 4.32459e-05 4.37149e-06 2.99603e-07 1.49257e-08 5.98085e-10 1.93389e-11
 1.17378e-09 7.80285e-08 3.05849e-06 7.06887e-05 0.000963354 0.00774182 0.0367001 0.102805 0.171714 0.178823 0.138866 0.113599 0.0997415 0.0737633 0.0442203 0.0213698 0.0075315 0.00177564 0.000278586 3.1139e-05 2.70496e-06 1.84181e-07 9.11234e-09 3.05139e-10 6.75261e-12
 1.75002e-09 1.10947e-07 4.14738e-06 9.14157e-05 0.00118813 0.00910614 0.0411732 0.11006 0.175853 0.177159 0.137749 0.115374 0.0991875 0.0690514 0.0385024 0.0176158 0.0061126 0.00148825 0.000251182 2.9918e-05 2.52646e-06 1.496e-07 6.17934e-09 1.78597e-10 3.58443e-12
 2.05364e-09 1.24035e-07 4.41725e-06 9.27577e-05 0.00114855 0.00838741 0.036153 0.0923834 0.143057 0.148236 0.137151 0.141011 0.128365 0.0878307 0.0472808 0.0205487 0.00662877 0.00147051 0.000223726 2.43635e-05 1.95895e-06 1.14618e-07 4.68624e-09 1.29196e-10 2.34985e-12
 3.61553e-09 2.07833e-07 7.04443e-06 0.000140788 0.00165915 0.0115308 0.0472892 0.114821 0.167827 0.159597 0.127742 0.115644 0.103009 0.0757411 0.0455466 0.0210659 0.0067412 0.00141771 0.000198507 1.94077e-05 1.38012e-06 7.16373e-08 2.64818e-09 6.77157e-11 1.16697e-12
 5.73453e-09 3.13449e-07 1.01024e-05 0.000191987 0.0021514 0.0142179 0.0554556 0.128151 0.178886 0.16475 0.131357 0.116832 0.0961179 0.0618066 0.0319548 0.0131964 0.00397232 0.00081998 0.000116396 1.16625e-05 8.3054e-07 4.12914e-08 1.40318e-09 3.21861e-11 4.94035e-13
 8.49865e-09 4.41347e-07 1.35144e-05 0.000244008 0.00259788 0.0163126 0.0604684 0.132969 0.177695 0.160503 0.131524 0.119301 0.0956481 0.0589256 0.0289344 0.0111605 0.00306622 0.000561437 6.86808e-05 5.88037e-06 3.68554e-07 1.69481e-08 5.52058e-10 1.22339e-11 1.79037e-13
 1.18733e-08 5.85365e-07 1.70165e-05 0.000291681 0.00294822 0.0175769 0.0618947 0.129623 0.166965 0.152017 0.13451 0.127978 0.101468 0.0611415 0.0293243 0.0108819 0.00282346 0.000480409 5.35292e-05 4.05838e-06 2.18698e-07 8.51099e-09 2.35696e-10 4.53415e-12 5.92801e-14
 1.80327e-08 8.43422e-07 2.32604e-05 0.000378252 0.00362716 0.0205168 0.0685648 0.13646 0.16808 0.149467 0.132544 0.124737 0.0969528 0.0580469 0.0277071 0.00999891 0.00246136 0.000390579 3.99732e-05 2.73668e-06 1.31056e-07 4.48158e-09 1.08104e-10 1.79462e-12 2.00967e-14
 2.87523e-08 1.27504e-06 3.33396e-05 0.000514035 0.00467356 0.0250655 0.0794376 0.150046 0.175985 0.150557 0.129583 0.117005 0.0864051 0.0490386 0.0221234 0.00751313 0.00173463 0.000257412 2.45262e-05 1.55155e-06 6.79605e-08 2.1034e-09 4.54933e-11 6.71413e-13 6.63341e-15
 4.21208e-08 1.77008e-06 4.38607e-05 0.00064085 0.00552168 0.0280683 0.0843634 0.151586 0.171416 0.147352 0.131838 0.118921 0.0850641 0.0466427 0.0202815 0.00658487 0.00144801 0.000205512 1.89164e-05 1.16795e-06 4.99722e-08 1.49056e-09 3.042e-11 4.15414e-13 3.74236e-15
 6.5011e-08 2.58789e-06 6.07428e-05 0.000840701 0.00686165 0.0330424 0.094111 0.160464 0.173193 0.144452 0.12693 0.111731 0.0787269 0.0433293 0.01883 0.00597089 0.00126429 0.000172979 1.55225e-05 9.46554e-07 4.01962e-08 1.18304e-09 2.35782e-11 3.11409e-13 2.68827e-15
 9.07562e-08 3.42105e-06 7.60385e-05 0.000996574 0.00770284 0.0351371 0.0949238 0.154473 0.163324 0.142562 0.134248 0.11849 0.0807627 0.0427835 0.0178399 0.00541321 0.00110263 0.000147282 1.31642e-05 8.11423e-07 3.48184e-08 1.02322e-09 2.01071e-11 2.59644e-13 2.17867e-15
 1.48798e-07 5.3101e-06 0.000111737 0.00138642 0.0101451 0.0438099 0.112019 0.17234 0.171391 0.138958 0.12161 0.102498 0.0688325 0.0365343 0.0150317 0.0043754 0.000838666 0.00010438 8.66547e-06 4.98591e-07 2.02413e-08 5.72132e-10 1.09553e-11 1.38709e-13 1.14064e-15
 2.07245e-07 7.00082e-06 0.000139446 0.00163784 0.0113459 0.0464019 0.112585 0.165846 0.163582 0.141467 0.131633 0.10836 0.0676657 0.0328391 0.0124214 0.0033754 0.000613221 7.33538e-05 5.91481e-06 3.30664e-07 1.28869e-08 3.44138e-10 6.16196e-12 7.28281e-14 5.6163e-16
 3.34953e-07 1.07097e-05 0.000201914 0.00224472 0.0147181 0.0569712 0.130794 0.182049 0.168661 0.135412 0.117639 0.0929098 0.0572767 0.0277413 0.0102479 0.00263165 0.000439635 4.72203e-05 3.35214e-06 1.64127e-07 5.69237e-09 1.38898e-10 2.31981e-12 2.57935e-14 1.86959e-16
 4.224e-07 1.27835e-05 0.000228124 0.0024006 0.0149021 0.054663 0.119448 0.161392 0.155564 0.144012 0.137695 0.107168 0.0621259 0.02797 0.00965301 0.00234531 0.000376716 3.96366e-05 2.79627e-06 1.35553e-07 4.52832e-09 1.02546e-10 1.54569e-12 1.53375e-14 9.95108e-17
 6.23034e-07 1.78481e-05 0.000301487 0.00300314 0.0176476 0.0612925 0.12694 0.163221 0.151684 0.137807 0.130155 0.102388 0.062469 0.0297881 0.0104238 0.00245119 0.000371086 3.63541e-05 2.38135e-06 1.07868e-07 3.41089e-09 7.4013e-11 1.07407e-12 1.02067e-14 6.25555e-17
 1.00195e-06 2.71719e-05 0.0004345 0.00409724 0.0227927 0.0749391 0.146905 0.178644 0.15638 0.132815 0.117088 0.0860802 0.0490027 0.0218013 0.00715081 0.00158846 0.000229481 2.17011e-05 1.38282e-06 6.07415e-08 1.83689e-09 3.75337e-11 5.08208e-13 4.49892e-15 2.57761e-17
 1.30794e-06 3.3582e-05 0.000508427 0.0045395 0.0239171 0.0745721 0.139444 0.16573 0.151941 0.142276 0.128846 0.0911342 0.0488597 0.0203847 0.00628841 0.00132337 0.000183102 1.68044e-05 1.05049e-06 4.53815e-08 1.34195e-09 2.65754e-11 3.4569e-13 2.91446e-15 1.57617e-17
 2.07778e-06 5.0515e-05 0.000724173 0.00612236 0.030542 0.0901458 0.159388 0.178216 0.151529 0.130688 0.111729 0.0769922 0.0410086 0.0168258 0.00494554 0.000961113 0.000119419 9.58432e-06 5.15217e-07 1.92627e-08 5.07276e-10 9.24862e-12 1.13384e-13 9.10974e-16 4.70565e-18
#spawning biomass
 18944.3 26629 20069.7 13574.9 20376.6 37767.8 67320 98828 125806 154211 158196 153901 165651 180540 188526 161638 177700 172337 165701 157667 196640 175064 184799 200182 167044 160005 155044 196580 306285 520997 483190 389318 290095 208213 148616 108418 82635.1 66668.7 57027.9 51313.8 47974 46042.3 44931 44289.3 43931.3 43731.6 43620.2 43558.1 43523.4 43504 43493.3 43487.2 43483.9 43482 43481 43480.4 43480.1 43479.9 43479.8 43479.7 43479.7 43479.7 43479.7 43479.6 43479.6 43479.6 43479.6 43479.6 43479.6 43479.6 43479.6 43479.6 43479.6 43479.6 43479.6 43479.6 43479.6 43479.6 43479.6 43479.6 43479.6 43479.6 43479.6 43479.6 43479.6 43479.6 43479.6 43479.6 43479.6 43479.6 43479.6 43479.6 43479.6 43479.6 43479.6 43479.6 43479.6 43479.6 43479.6 43479.6 43479.6 43479.6 43479.6 43479.6 43479.6 43479.6 43479.6 43479.6 43479.6 43479.6 43479.6 43479.6 43479.6 43479.6 43479.6 43479.6 43479.6 43479.6 43479.6 43479.6 43479.6 43479.6 43479.6 43479.6 43479.6 43479.6 43479.6 43479.6 0 0 0 0 0 0 0 0 0 0 0 0 0 0 0 0 0 0 0 0 0 0 0 0 0
