SBPRF35
0.18548
Curr Bio
221258
B35
194958
F35
0.867121
FOFL
0.867121
OFL
88725.3
Bzero
52994.1
#pred survey bio
 14406.1 13664.7 13753 15404.9 18135.9 21485.1 24361.7 28291.1 38041.6 50998.4 62040.2 75229.6 108449 133334 130287 98041.7 85596.5 81598.8 88052.1 88496.8 95144.8 93351.2 101028 105952 115845 116438 113544 139475 4.38317e+06 4.5922e+06 2.56382e+06 1.37844e+06 842066 605031 493993 437164 405671 387268 376201 369456 365327 362796 361237 360275 359698 359351 359142 359016 358941 358895 358867 358851 358841 358834 358831 358829 358827 358826 358826 358826 358825 358825 358825 358825 358825 358825 358825 358825 358825 358825 358825 358825 358825 358825 358825 358825 358825 358825 358825 358825 358825 358825 358825 358825 358825 358825 358825 358825 358825 358825 358825 358825 358825 358825 358825 358825 358825 358825 358825 358825 358825 358825 358825 358825 358825 358825 358825 358825 358825 358825 358825 358825 358825 358825 358825 358825 358825 358825 358825 358825 358825 358825 358825 358825 358825 358825 358825 358825 0 0 0 0 0 0 0 0 0 0 0 0 0 0 0 0 0 0 0 0 0 0 0 0 0
#obs survey bio
 13330 10842.5 11841.9 14409.8 16648.5 18472.1 23001.8 28288.7 46935.3 40530.4 66474.1 66646.9 109601 109300 101990 81576.9 84530.7 71359.5 95295.9 102326 89917 114152 136709 173588 164053 113639 116169 135671
#pred catch bio
 6777.33 7025.99 7040.75 8378.4 10675.3 13132.9 15894.6 19230.3 26802.1 36993.7 47478.6 54868.8 83999 103528 110344 84831.2 77302.7 69573.1 78188.5 76452.1 87905 84069.5 94247.3 97904 111629 114835 102192 101250 88725.3 104687 47049.6 21071.9 11409.7 8201.04 7210.97 6920.45 6838.2 6815.51 6809.37 6807.73 6807.3 6807.19 6807.16 6807.15 6807.15 6807.15 6807.15 6807.15 6807.15 6807.15 6807.15 6807.15 6807.15 6807.15 6807.15 6807.15 6807.15 6807.15 6807.15 6807.15 6807.15 6807.15 6807.15 6807.15 6807.15 6807.15 6807.15 6807.15 6807.15 6807.15 6807.15 6807.15 6807.15 6807.15 6807.15 6807.15 6807.15 6807.15 6807.15 6807.15 6807.15 6807.15 6807.15 6807.15 6807.15 6807.15 6807.15 6807.15 6807.15 6807.15 6807.15 6807.15 6807.15 6807.15 6807.15 6807.15 6807.15 6807.15 6807.15 6807.15 6807.15 6807.15 6807.15 6807.15 6807.15 6807.15 6807.15 6807.15 6807.15 6807.15 6807.15 6807.15 6807.15 6807.15 6807.15 6807.15 6807.15 6807.15 6807.15 6807.15 6807.15 6807.15 6807.15 6807.15 6807.15 6807.15 6807.15 6807.15 0 0 0 0 0 0 0 0 0 0 0 0 0 0 0 0 0 0 0 0 0 0 0 0 0
#obs catch bio
 7721.79 7130.08 7122.6 8608.25 10862.1 13452.1 16119 19275 26834.5 36779.7 48110.8 54443.9 81714.8 103253 111872 86263.4 78342.1 70111 78166.9 74346.4 85893.2 81284 91331 93226.4 105976 111752 100748 100346
#pred cpue bio
 14150.9 13120.3 13083.4 14569.1 16832.1 20133.4 22846.8 25663 33879.3 46280.8 56600.9 66608.8 95673.3 122343 124045 91386.6 77334.9 73397.2 79343.1 79507.4 85302.2 83098 89445.7 93373.9 102006 102778 99383.5 121056 4.07031e+06 4.93133e+06 2.57174e+06 1.37033e+06 833296 596234 485195 428365 396873 378470 367402 360658 356529 353998 352439 351477 350899 350553 350344 350218 350142 350097 350069 350052 350042 350036 350032 350030 350029 350028 350028 350027 350027 350027 350027 350027 350027 350027 350027 350027 350027 350027 350027 350027 350027 350027 350027 350027 350027 350027 350027 350027 350027 350027 350027 350027 350027 350027 350027 350027 350027 350027 350027 350027 350027 350027 350027 350027 350027 350027 350027 350027 350027 350027 350027 350027 350027 350027 350027 350027 350027 350027 350027 350027 350027 350027 350027 350027 350027 350027 350027 350027 350027 350027 350027 350027 350027 350027 350027 350027 0 0 0 0 0 0 0 0 0 0 0 0 0 0 0 0 0 0 0 0 0 0 0 0 0
#obs cpue bio
 7511.2 13266.1 10304.7 10098.4 15769.5 14103.3 25834.4 25902.6 25415.1 65788.1 37988.4 105195 148417 119410 136218 90233 57463.4 70063.4 83281.9 122709 125581 120200 109646 135290 160350 133607 113249 153210
#pred surv len freq
 2.56085e-27 2.58192e-27 2.73107e-26 5.22144e-20 1.27997e-14 3.79279e-10 1.35851e-06 0.000588184 0.0307834 0.194745 0.149382 0.042698 0.220044 0.203099 0.0430371 0.0473716 0.0196822 0.0142969 0.00865695 0.00652063 0.00509737 0.00440885 0.004436 0.00394548 0.00120601
 2.56205e-27 2.58554e-27 3.07972e-26 5.95703e-20 1.46029e-14 4.32711e-10 1.5499e-06 0.000671047 0.0351202 0.22218 0.170278 0.039352 0.179902 0.166901 0.052106 0.0770707 0.0271794 0.0129401 0.00592305 0.00341463 0.00218208 0.0016169 0.001443 0.00128604 0.000431125
 2.56307e-27 2.58808e-27 3.27831e-26 6.37587e-20 1.56297e-14 4.63135e-10 1.65887e-06 0.000718228 0.0375895 0.237802 0.182237 0.0412506 0.185947 0.171847 0.0414818 0.0517785 0.0223336 0.0164958 0.00591064 0.002208 0.000973714 0.000553533 0.000409379 0.000343517 0.000119373
 2.56356e-27 2.58931e-27 3.37755e-26 6.58519e-20 1.61428e-14 4.7834e-10 1.71333e-06 0.000741808 0.0388236 0.245609 0.188206 0.0417198 0.185325 0.171227 0.0406132 0.0497552 0.0186757 0.0106972 0.00513933 0.00234649 0.000652782 0.000228288 0.00012079 8.74647e-05 3.01345e-05
 2.56482e-27 2.59262e-27 3.65854e-26 7.17792e-20 1.75958e-14 5.21395e-10 1.86755e-06 0.000808578 0.0423181 0.267716 0.205087 0.0417891 0.173992 0.160618 0.0360283 0.0419229 0.0155841 0.00857395 0.00336206 0.0014596 0.000542934 0.000131574 3.75965e-05 1.98023e-05 6.41157e-06
 2.56443e-27 2.59142e-27 3.53836e-26 6.92434e-20 1.69742e-14 5.02976e-10 1.80157e-06 0.000780013 0.0408231 0.258258 0.197889 0.0432872 0.190449 0.175586 0.0347421 0.0351663 0.0126922 0.00647161 0.00247593 0.000958682 0.000307698 8.82187e-05 1.66543e-05 4.54462e-06 1.24188e-06
 2.56436e-27 2.59124e-27 3.52288e-26 6.89168e-20 1.68941e-14 5.00603e-10 1.79308e-06 0.000776334 0.0406305 0.25704 0.196958 0.0432026 0.190461 0.175664 0.0360038 0.0379837 0.0129228 0.00542274 0.00195399 0.000708301 0.000206732 5.19573e-05 9.95899e-06 1.44047e-06 2.53731e-07
 2.56622e-27 2.59623e-27 3.95806e-26 7.80972e-20 1.91446e-14 5.67288e-10 2.03193e-06 0.000879749 0.0460429 0.29128 0.223091 0.0424395 0.166293 0.153247 0.0299536 0.029819 0.0103035 0.00454891 0.00148892 0.000456334 0.000122101 2.75694e-05 4.70211e-06 5.40451e-07 4.94761e-08
 2.56721e-27 2.59877e-27 4.17036e-26 8.25754e-20 2.02424e-14 5.99817e-10 2.14844e-06 0.000930194 0.048683 0.307982 0.235851 0.042831 0.160307 0.147508 0.0250533 0.0200494 0.00675518 0.00276308 0.000922358 0.000283223 6.41209e-05 1.26631e-05 1.89957e-06 1.86944e-07 1.08028e-08
 2.56639e-27 2.59648e-27 3.96144e-26 7.81678e-20 1.91619e-14 5.67801e-10 2.03377e-06 0.000880544 0.0460845 0.291543 0.223316 0.0439395 0.177549 0.163327 0.026197 0.0186472 0.00589472 0.00183241 0.000573404 0.000167319 3.82401e-05 6.64821e-06 8.40121e-07 7.07804e-08 3.16888e-09
 2.5661e-27 2.59573e-27 3.89695e-26 7.68074e-20 1.88284e-14 5.57919e-10 1.99837e-06 0.000865219 0.0452824 0.286469 0.219442 0.0439654 0.180469 0.166068 0.0275428 0.0210191 0.00649687 0.0017551 0.000483622 0.00011141 2.34935e-05 3.99537e-06 4.49074e-07 3.13268e-08 1.15947e-09
 2.5675e-27 2.59952e-27 4.23074e-26 8.38489e-20 2.05545e-14 6.09068e-10 2.18158e-06 0.00094454 0.0494338 0.312732 0.239482 0.0430902 0.159728 0.146898 0.0235791 0.0168075 0.00526042 0.00153649 0.000409052 8.07281e-05 1.3578e-05 1.9716e-06 2.09784e-07 1.28519e-08 3.9069e-10
 2.56768e-27 2.59997e-27 4.26846e-26 8.46446e-20 2.07496e-14 6.14848e-10 2.20228e-06 0.000953504 0.0499029 0.3157 0.241749 0.0431502 0.158593 0.145813 0.0227098 0.0150924 0.00465401 0.00125832 0.000339992 7.06378e-05 1.07076e-05 1.23535e-06 1.07229e-07 5.99642e-09 1.57518e-10
 2.56592e-27 2.59514e-27 3.836e-26 7.55212e-20 1.85131e-14 5.48577e-10 1.96491e-06 0.000850731 0.0445242 0.281673 0.215794 0.0448934 0.190094 0.174779 0.0259784 0.0152506 0.00463327 0.00115743 0.000301698 5.91761e-05 9.26831e-06 1.0192e-06 7.03116e-08 3.15026e-09 7.32271e-11
 2.56384e-27 2.58953e-27 3.34416e-26 6.51456e-20 1.59697e-14 4.7321e-10 1.69496e-06 0.000733852 0.0384072 0.242975 0.186261 0.0459246 0.218691 0.201278 0.032682 0.0238625 0.00714957 0.00156206 0.000389372 7.08256e-05 1.04766e-05 1.13975e-06 7.58089e-08 2.72843e-09 5.05777e-11
 2.56502e-27 2.59277e-27 3.63244e-26 7.12272e-20 1.74605e-14 5.17385e-10 1.85319e-06 0.00080236 0.0419926 0.265657 0.203565 0.0449509 0.199123 0.183236 0.0297549 0.0217442 0.00674922 0.00186938 0.000466564 7.5097e-05 1.03077e-05 1.04172e-06 6.70265e-08 2.291e-09 3.45169e-11
 2.56665e-27 2.59714e-27 4.01451e-26 7.9287e-20 1.94363e-14 5.75931e-10 2.06289e-06 0.000893152 0.0467443 0.295718 0.226508 0.0442147 0.177401 0.163097 0.0244586 0.0147305 0.00455429 0.00126587 0.000337664 6.59243e-05 8.63503e-06 7.80479e-07 4.61525e-08 1.50359e-09 2.11254e-11
 2.56692e-27 2.5978e-27 4.06685e-26 8.03911e-20 1.97069e-14 5.83951e-10 2.09161e-06 0.000905589 0.0473952 0.299836 0.229658 0.0445793 0.177963 0.163497 0.0224044 0.00993481 0.00295102 0.000663111 0.00017142 3.4229e-05 5.1485e-06 5.00473e-07 2.66232e-08 7.87423e-10 1.04234e-11
 2.56681e-27 2.59752e-27 4.04503e-26 7.99308e-20 1.95941e-14 5.80607e-10 2.07964e-06 0.000900404 0.0471239 0.298119 0.228344 0.0444023 0.177539 0.16317 0.0235061 0.012522 0.00361271 0.000596257 0.000136284 2.26571e-05 3.34569e-06 3.56895e-07 2.11123e-08 5.82694e-10 6.96611e-12
 2.56696e-27 2.59793e-27 4.07899e-26 8.06471e-20 1.97697e-14 5.85811e-10 2.09828e-06 0.000908473 0.0475462 0.300791 0.230385 0.0444674 0.1766 0.162261 0.0225622 0.0106029 0.00310632 0.000612015 0.000136051 1.69245e-05 2.0602e-06 1.97876e-07 1.24769e-08 3.80224e-10 4.37866e-12
 2.56704e-27 2.59816e-27 4.1006e-26 8.11031e-20 1.98814e-14 5.89123e-10 2.11014e-06 0.00091361 0.047815 0.302491 0.231681 0.0442814 0.174275 0.160146 0.02275 0.0115607 0.00334933 0.000583738 0.000131092 1.87373e-05 1.99434e-06 1.44367e-07 7.82221e-09 2.45576e-10 3.075e-12
 2.56739e-27 2.59907e-27 4.17818e-26 8.27395e-20 2.02826e-14 6.0101e-10 2.15272e-06 0.000932044 0.0487798 0.308595 0.236342 0.0443235 0.17132 0.157351 0.0210281 0.00833973 0.00241719 0.000454397 0.000101112 1.30949e-05 1.47456e-06 1.0737e-07 4.45355e-09 1.15299e-10 1.44254e-12
 2.56761e-27 2.59968e-27 4.23341e-26 8.39048e-20 2.05683e-14 6.09474e-10 2.18303e-06 0.000945171 0.0494668 0.312941 0.239656 0.0440529 0.166932 0.15333 0.0208182 0.0088697 0.00251921 0.00037437 7.99122e-05 1.09818e-05 1.18493e-06 8.37461e-08 3.56316e-09 7.4915e-11 7.58774e-13
 2.56782e-27 2.60023e-27 4.28051e-26 8.48984e-20 2.08118e-14 6.16691e-10 2.20888e-06 0.000956362 0.0500526 0.316646 0.242486 0.0440476 0.164904 0.151424 0.0198655 0.00717851 0.00203885 0.000323164 6.71331e-05 7.50759e-06 7.9292e-07 5.67242e-08 2.31354e-09 4.85685e-11 4.18901e-13
 2.56785e-27 2.60032e-27 4.28882e-26 8.50736e-20 2.08548e-14 6.17964e-10 2.21344e-06 0.000958336 0.0501559 0.3173 0.242984 0.0440017 0.164205 0.150785 0.0198654 0.0073374 0.00205982 0.000281368 5.66659e-05 6.63545e-06 6.36696e-07 3.9615e-08 1.61729e-09 3.30414e-11 2.78202e-13
 2.56777e-27 2.60007e-27 4.2651e-26 8.45732e-20 2.07321e-14 6.14329e-10 2.20042e-06 0.0009527 0.0498609 0.315434 0.241563 0.0442407 0.167021 0.153344 0.0195764 0.0060354 0.00168429 0.000234368 4.63079e-05 4.75429e-06 4.48451e-07 2.73086e-08 9.68225e-10 1.88869e-11 1.56074e-13
 2.56811e-27 2.60101e-27 4.34805e-26 8.63231e-20 2.11611e-14 6.2704e-10 2.24595e-06 0.000972412 0.0508925 0.32196 0.246542 0.043994 0.161645 0.148382 0.0186904 0.0052635 0.00144623 0.000172386 3.24165e-05 3.36069e-06 2.98445e-07 1.65229e-08 5.73151e-10 1.00293e-11 7.67409e-14
 2.56841e-27 2.60187e-27 4.4281e-26 8.80119e-20 2.15751e-14 6.39307e-10 2.28989e-06 0.000991436 0.0518882 0.328259 0.251343 0.0434293 0.153975 0.141384 0.0188927 0.00748386 0.00207605 0.000229738 4.10107e-05 3.69225e-06 3.12835e-07 1.68951e-08 5.34179e-10 8.85891e-12 6.22367e-14
#obs surv len freq
 1.24715e-41 1.73097e-33 2.90406e-26 5.88937e-20 1.44371e-14 4.27798e-10 1.5323e-06 0.000663434 0.0347215 0.219659 0.168462 0.0417358 0.170375 0.142639 0.0893378 0.0845568 0.0332187 0.0119417 0.00240568 0.000268858 1.22404e-05 1.65901e-07 5.06768e-10 2.85227e-13 2.59001e-17
 1.56089e-41 2.16642e-33 3.63461e-26 7.37092e-20 1.80689e-14 5.35416e-10 1.91777e-06 0.000830329 0.0434561 0.274916 0.21069 0.0426524 0.14194 0.113113 0.0740787 0.064587 0.0242895 0.00789993 0.00140693 0.000133137 4.9248e-06 5.18083e-08 1.18142e-10 4.83522e-14 3.14252e-18
 1.29157e-41 1.79261e-33 3.00748e-26 6.09911e-20 1.49512e-14 4.43033e-10 1.58687e-06 0.00068706 0.035958 0.227482 0.17471 0.0517309 0.203958 0.149945 0.0733051 0.0554598 0.0199433 0.00583606 0.000909659 7.1582e-05 2.10402e-06 1.69543e-08 2.87678e-11 8.57241e-15 3.99764e-19
 1.5585e-41 2.16309e-33 3.62903e-26 7.3596e-20 1.80412e-14 5.34593e-10 1.91483e-06 0.000829054 0.0433894 0.274495 0.210541 0.0473495 0.149524 0.109449 0.084841 0.0596663 0.0156667 0.00371344 0.000501258 3.24285e-05 7.44782e-07 4.51877e-09 5.64504e-12 1.22055e-15 4.08677e-20
 1.5405e-41 2.13811e-33 3.58713e-26 7.27461e-20 1.78329e-14 5.28421e-10 1.89272e-06 0.000819481 0.0428884 0.271326 0.208364 0.0553574 0.180085 0.11873 0.0636815 0.0414974 0.0140685 0.00289079 0.000274561 1.38082e-05 2.44735e-07 1.10406e-09 1.0029e-12 1.55915e-16 3.73067e-21
 1.34619e-41 1.86843e-33 3.13467e-26 6.35705e-20 1.55836e-14 4.61769e-10 1.65398e-06 0.000716117 0.0374787 0.237104 0.182477 0.0611622 0.205301 0.131144 0.0839422 0.0470311 0.0112422 0.00218884 0.000203539 7.29319e-06 9.1206e-08 2.99858e-10 1.96326e-13 2.17573e-17 3.69159e-22
 1.56523e-41 2.17244e-33 3.64472e-26 7.39141e-20 1.81192e-14 5.36904e-10 1.9231e-06 0.000832638 0.0435769 0.275683 0.211907 0.0580557 0.165427 0.104918 0.0832543 0.0440071 0.0106236 0.00159538 0.000113319 3.53499e-06 3.22581e-08 7.16435e-11 3.26053e-14 2.54691e-18 3.04493e-23
 1.7298e-41 2.40085e-33 4.02792e-26 8.16854e-20 2.00242e-14 5.93354e-10 2.1253e-06 0.00092018 0.0481586 0.304669 0.234244 0.0627766 0.163322 0.0927933 0.0567637 0.0278773 0.00737292 0.001039 6.0004e-05 1.35556e-06 9.52989e-09 1.54569e-11 4.75974e-15 2.50538e-19 2.05895e-24
 1.65643e-41 2.29901e-33 3.85707e-26 7.82207e-20 1.91749e-14 5.68187e-10 2.03515e-06 0.000881151 0.0461159 0.291749 0.224784 0.0712932 0.184922 0.0980314 0.0550219 0.0222388 0.00437198 0.000558056 3.02884e-05 5.46234e-07 2.72869e-09 3.16456e-12 7.00938e-16 2.55987e-20 1.42046e-25
 1.53411e-41 2.12925e-33 3.57225e-26 7.24445e-20 1.77589e-14 5.26229e-10 1.88487e-06 0.000816083 0.0427105 0.270208 0.208775 0.0785213 0.199705 0.104718 0.0665394 0.0237768 0.00385189 0.000361743 1.50151e-05 2.30391e-07 9.07157e-10 7.49174e-13 1.14786e-16 2.93252e-21 1.14171e-26
 1.46778e-41 2.03718e-33 3.4178e-26 6.93123e-20 1.69911e-14 5.03477e-10 1.80337e-06 0.000780798 0.0408639 0.258529 0.200297 0.0843312 0.204198 0.10731 0.0746265 0.0248149 0.00393723 0.000300895 8.83452e-06 9.51429e-08 2.85562e-10 1.80975e-13 2.01279e-17 3.57544e-22 9.5679e-28
 1.88099e-41 2.6107e-33 4.37998e-26 8.88252e-20 2.17745e-14 6.45217e-10 2.31106e-06 0.00100061 0.052368 0.331305 0.25548 0.0729657 0.140797 0.0738316 0.0528575 0.0165663 0.00263758 0.000182826 4.45993e-06 3.39156e-08 6.80466e-11 3.02343e-14 2.46137e-18 3.19851e-23 6.11324e-29
 1.56895e-41 2.1776e-33 3.65337e-26 7.40897e-20 1.81622e-14 5.3818e-10 1.92767e-06 0.000834615 0.0436805 0.276357 0.215223 0.102279 0.213838 0.0903052 0.0431549 0.0123081 0.00189466 0.000121087 2.64881e-06 1.63351e-08 2.36206e-11 7.00037e-15 3.79851e-19 3.40669e-24 4.62399e-30
 1.27451e-41 1.76894e-33 2.96777e-26 6.01858e-20 1.47538e-14 4.37183e-10 1.56592e-06 0.000677988 0.0354832 0.224508 0.176719 0.113603 0.233059 0.119204 0.0778869 0.0170148 0.00174586 9.43476e-05 1.82624e-06 9.57535e-09 1.10611e-11 2.42216e-15 9.08119e-20 5.43394e-25 4.91465e-31
 1.1473e-41 1.59238e-33 2.67154e-26 5.41783e-20 1.32812e-14 3.93545e-10 1.40962e-06 0.000610315 0.0319415 0.202111 0.160397 0.117574 0.227656 0.135181 0.0978124 0.0238285 0.00277837 0.000107224 1.43931e-06 6.02261e-09 5.63475e-12 9.68116e-16 2.73256e-20 1.17959e-25 7.42288e-32
 1.5575e-41 2.16171e-33 3.62672e-26 7.35492e-20 1.80297e-14 5.34253e-10 1.91361e-06 0.000828527 0.0433618 0.274357 0.214859 0.100717 0.165371 0.104471 0.074244 0.0192459 0.00244293 9.90649e-05 1.14331e-06 3.26413e-09 2.156e-12 2.80033e-16 6.04348e-21 1.96758e-26 9.155e-33
 1.40764e-41 1.95372e-33 3.27776e-26 6.64724e-20 1.62949e-14 4.82848e-10 1.72948e-06 0.000748807 0.0391896 0.247992 0.197748 0.135891 0.215064 0.0971349 0.0515742 0.0129711 0.00161743 6.70044e-05 7.70394e-07 1.95137e-09 9.58525e-13 8.47239e-17 1.27072e-21 2.9931e-27 1.02676e-33
 1.45936e-41 2.02549e-33 3.39818e-26 6.89144e-20 1.68936e-14 5.00587e-10 1.79302e-06 0.000776316 0.0406294 0.25711 0.205044 0.129935 0.190062 0.108097 0.0574393 0.00993807 0.0009314 3.52426e-05 3.80631e-07 8.94572e-10 3.8507e-13 2.71883e-17 2.96175e-22 4.80013e-28 1.12671e-34
 1.44079e-41 1.99972e-33 3.35495e-26 6.80377e-20 1.66787e-14 4.94219e-10 1.77021e-06 0.000766441 0.0401126 0.25387 0.204659 0.144373 0.195654 0.101486 0.0492044 0.0091309 0.000722704 1.85885e-05 1.5593e-07 3.13353e-10 1.16266e-13 6.94107e-18 6.1668e-23 7.77164e-29 1.34884e-35
 1.55426e-41 2.15722e-33 3.61918e-26 7.33962e-20 1.79922e-14 5.33142e-10 1.90963e-06 0.000826804 0.0432718 0.273875 0.220637 0.141333 0.175161 0.0955221 0.0421198 0.00675465 0.000486247 1.10381e-05 6.67237e-08 9.40016e-11 2.66404e-14 1.27202e-18 9.1048e-24 9.17322e-30 1.25416e-36
 1.50717e-41 2.09185e-33 3.50951e-26 7.11721e-20 1.7447e-14 5.16987e-10 1.85176e-06 0.000801749 0.0419606 0.265633 0.217479 0.16013 0.184274 0.0896163 0.0346503 0.00513456 0.000313061 5.88528e-06 2.93992e-08 3.11843e-11 6.1297e-15 2.04798e-19 1.07318e-24 8.17903e-31 8.57694e-38
 1.54633e-41 2.1462e-33 3.60069e-26 7.30213e-20 1.79003e-14 5.30419e-10 1.89987e-06 0.00082258 0.0430509 0.27257 0.224254 0.160424 0.172939 0.0903967 0.0314452 0.00389339 0.000199109 3.09906e-06 1.22408e-08 1.01216e-11 1.50963e-15 3.63526e-20 1.32206e-25 6.96437e-32 5.14084e-39
 1.55684e-41 2.16079e-33 3.62517e-26 7.35177e-20 1.8022e-14 5.34024e-10 1.91279e-06 0.000828172 0.0433437 0.274491 0.228643 0.170658 0.170061 0.0828955 0.0259762 0.00297455 0.00012526 1.51854e-06 4.65937e-09 2.94399e-12 3.29871e-16 5.91699e-21 1.58213e-26 5.9976e-33 3.11647e-40
 1.59452e-41 2.21309e-33 3.71291e-26 7.52971e-20 1.84582e-14 5.46951e-10 1.95909e-06 0.000848218 0.0443931 0.2812 0.236154 0.174184 0.161997 0.0776865 0.021364 0.00209506 7.47637e-05 7.37559e-07 1.71771e-09 8.03857e-13 6.65544e-17 8.77782e-22 1.71556e-27 4.73594e-34 1.78579e-41
 1.58978e-41 2.20651e-33 3.70188e-26 7.50734e-20 1.84034e-14 5.45325e-10 1.95327e-06 0.000845697 0.0442615 0.280478 0.23938 0.184394 0.15981 0.0718699 0.0174296 0.001486 4.31778e-05 3.37783e-07 6.12198e-10 2.15113e-13 1.29678e-17 1.23191e-22 1.73374e-28 3.44887e-35 9.36445e-43
 1.37317e-41 1.90587e-33 3.1975e-26 6.48446e-20 1.58959e-14 4.71024e-10 1.68713e-06 0.000730471 0.0382317 0.24256 0.218865 0.217057 0.183176 0.0807952 0.0172882 0.00126445 3.02157e-05 1.86773e-07 2.57833e-10 6.78779e-14 3.02789e-18 2.09453e-23 2.11581e-29 2.99726e-36 5.7835e-44
 1.40222e-41 1.94618e-33 3.26512e-26 6.6216e-20 1.62321e-14 4.80986e-10 1.72281e-06 0.00074592 0.0390407 0.247777 0.223811 0.205384 0.176597 0.0881692 0.0173451 0.00110628 2.15891e-05 1.04813e-07 1.10278e-10 2.15903e-14 7.05002e-19 3.54416e-24 2.59038e-30 2.64128e-37 3.64613e-45
 1.46624e-41 2.03504e-33 3.4142e-26 6.92393e-20 1.69732e-14 5.02947e-10 1.80147e-06 0.000779977 0.0408231 0.259038 0.231797 0.202679 0.169148 0.0786242 0.0160214 0.00106827 1.93324e-05 8.1295e-08 7.14159e-11 1.14545e-14 3.03181e-19 1.22649e-24 7.17936e-31 5.85036e-38 6.45131e-46
#pred catch len freq
 2.55859e-27 2.57577e-27 2.1858e-26 4.07113e-20 9.97989e-15 2.95722e-10 1.05923e-06 0.000458605 0.0240017 0.151842 0.11665 0.0444515 0.256384 0.236577 0.0479253 0.0501071 0.0207414 0.0149817 0.00906487 0.00682594 0.00533579 0.00461504 0.00464344 0.00412999 0.00126241
 2.55991e-27 2.57975e-27 2.56874e-26 4.87909e-20 1.19605e-14 3.54411e-10 1.26944e-06 0.00054962 0.0287651 0.181977 0.139601 0.0407244 0.211898 0.196448 0.057695 0.082392 0.0289878 0.0137119 0.00627075 0.00361377 0.00230921 0.00171108 0.00152705 0.00136095 0.000456238
 2.56085e-27 2.58206e-27 2.74616e-26 5.25327e-20 1.28778e-14 3.81591e-10 1.36679e-06 0.00059177 0.0309711 0.195932 0.150291 0.0428393 0.220481 0.203693 0.0467182 0.0557309 0.0239477 0.0175928 0.00630022 0.00235245 0.00103734 0.000589694 0.000436123 0.000365958 0.000127171
 2.56148e-27 2.58368e-27 2.87808e-26 5.53151e-20 1.35598e-14 4.01802e-10 1.43919e-06 0.000623113 0.0326115 0.20631 0.158222 0.043284 0.218295 0.201623 0.0454743 0.0532023 0.0199103 0.0113344 0.00544117 0.00248348 0.000690849 0.000241596 0.000127831 9.25632e-05 3.18911e-05
 2.56298e-27 2.58763e-27 3.21524e-26 6.24274e-20 1.53033e-14 4.53465e-10 1.62424e-06 0.000703232 0.0368046 0.232837 0.178477 0.0432407 0.203735 0.188027 0.0402088 0.0445658 0.0165174 0.0090314 0.00353882 0.0015357 0.000571204 0.000138423 3.95534e-05 2.0833e-05 6.7453e-06
 2.56269e-27 2.58666e-27 3.1144e-26 6.02996e-20 1.47817e-14 4.38009e-10 1.56887e-06 0.000679263 0.0355502 0.224901 0.172442 0.044791 0.219773 0.202586 0.0384573 0.0368463 0.0132591 0.00671803 0.00256822 0.000994004 0.000319011 9.14609e-05 1.72663e-05 4.71164e-06 1.28751e-06
 2.56286e-27 2.58714e-27 3.15711e-26 6.12006e-20 1.50026e-14 4.44553e-10 1.59232e-06 0.000689412 0.0360813 0.228261 0.175004 0.0445455 0.216104 0.199268 0.0391109 0.0391287 0.0132791 0.00553548 0.00199286 0.000722077 0.000210737 5.29629e-05 1.01517e-05 1.46834e-06 2.58641e-07
 2.56494e-27 2.59272e-27 3.64485e-26 7.14896e-20 1.75248e-14 5.19292e-10 1.86002e-06 0.000805316 0.0421473 0.266636 0.204291 0.0436047 0.188368 0.173563 0.0325691 0.0306701 0.0105691 0.00463576 0.00151614 0.000464456 0.000124264 2.80572e-05 4.78528e-06 5.5001e-07 5.03513e-08
 2.56609e-27 2.59571e-27 3.89682e-26 7.68046e-20 1.88277e-14 5.57899e-10 1.9983e-06 0.000865188 0.0452808 0.286459 0.219433 0.043892 0.179916 0.165546 0.0272152 0.0204386 0.00686657 0.00279005 0.000930556 0.000285609 6.46556e-05 1.27684e-05 1.91536e-06 1.88499e-07 1.08926e-08
 2.56534e-27 2.5936e-27 3.70359e-26 7.27281e-20 1.78284e-14 5.28288e-10 1.89224e-06 0.000819268 0.0428775 0.271255 0.20784 0.0449739 0.196294 0.180563 0.0281357 0.0187288 0.00590496 0.00182301 0.000569851 0.000166202 3.79815e-05 6.60312e-06 8.3442e-07 7.03001e-08 3.14737e-09
 2.56531e-27 2.59355e-27 3.70073e-26 7.26679e-20 1.78137e-14 5.2785e-10 1.89067e-06 0.000818588 0.042842 0.27103 0.207666 0.0448037 0.195122 0.179531 0.028864 0.0206419 0.00636551 0.00170777 0.000470035 0.000108223 2.2819e-05 3.88058e-06 4.3617e-07 3.04265e-08 1.12615e-09
 2.56654e-27 2.59686e-27 3.99298e-26 7.8833e-20 1.9325e-14 5.72633e-10 2.05108e-06 0.000888038 0.0464767 0.294025 0.225212 0.0440397 0.17698 0.162762 0.0253792 0.0169186 0.0052817 0.00153212 0.00040746 8.0371e-05 1.35164e-05 1.96259e-06 2.08824e-07 1.27931e-08 3.88903e-10
 2.56699e-27 2.59807e-27 4.09851e-26 8.10592e-20 1.98707e-14 5.88804e-10 2.109e-06 0.000913115 0.0477892 0.302328 0.231549 0.0438713 0.171246 0.157439 0.0238682 0.0148065 0.00455406 0.00122282 0.00033002 6.853e-05 1.0387e-05 1.19832e-06 1.04014e-07 5.81664e-09 1.52795e-10
 2.56517e-27 2.59306e-27 3.64888e-26 7.15737e-20 1.75454e-14 5.19903e-10 1.8622e-06 0.000806263 0.0421969 0.26695 0.204564 0.0456934 0.204071 0.187621 0.0272331 0.0148786 0.00450777 0.00111832 0.000291146 5.70757e-05 8.9383e-06 9.82885e-07 6.78057e-08 3.03798e-09 7.06172e-11
 2.56358e-27 2.58881e-27 3.27806e-26 6.3751e-20 1.56278e-14 4.63079e-10 1.65867e-06 0.000718142 0.037585 0.237773 0.182296 0.0463716 0.224878 0.206929 0.0326152 0.022287 0.00666315 0.00144579 0.000359892 6.54275e-05 9.67694e-06 1.05272e-06 7.00198e-08 2.52007e-09 4.67153e-11
 2.56492e-27 2.59246e-27 3.6031e-26 7.06081e-20 1.73087e-14 5.12889e-10 1.83708e-06 0.000795386 0.0416276 0.263348 0.201807 0.0452605 0.202714 0.186499 0.0293973 0.0201056 0.00622542 0.00171245 0.000426939 6.86815e-05 9.42584e-06 9.52566e-07 6.12896e-08 2.09491e-09 3.15625e-11
 2.5668e-27 2.59753e-27 4.04754e-26 7.99839e-20 1.96071e-14 5.80993e-10 2.08102e-06 0.000901002 0.0471552 0.298317 0.228493 0.0442481 0.176261 0.162013 0.0237115 0.0132978 0.0040997 0.00113167 0.000301534 5.88392e-05 7.70615e-06 6.96497e-07 4.11861e-08 1.34179e-09 1.88521e-11
 2.56668e-27 2.59714e-27 4.00693e-26 7.91268e-20 1.9397e-14 5.74768e-10 2.05872e-06 0.000891347 0.0466499 0.29512 0.226062 0.0448958 0.182898 0.168019 0.0226189 0.00928529 0.00274873 0.000613402 0.000158354 3.1603e-05 4.75298e-06 4.62011e-07 2.45771e-08 7.26904e-10 9.6223e-12
 2.56683e-27 2.59757e-27 4.0478e-26 7.99892e-20 1.96084e-14 5.81032e-10 2.08116e-06 0.000901062 0.0471583 0.298337 0.228512 0.0445133 0.178266 0.163812 0.023097 0.0114277 0.00328842 0.000539111 0.000123001 2.04372e-05 3.01747e-06 3.21873e-07 1.90404e-08 5.25512e-10 6.28248e-12
 2.56681e-27 2.59749e-27 4.03882e-26 7.97998e-20 1.95619e-14 5.79655e-10 2.07623e-06 0.000898928 0.0470466 0.29763 0.227976 0.0447164 0.180188 0.165541 0.0225881 0.00983634 0.00287282 0.00056215 0.000124783 1.55142e-05 1.88819e-06 1.81348e-07 1.14347e-08 3.48462e-10 4.01289e-12
 2.56731e-27 2.59888e-27 4.16404e-26 8.24413e-20 2.02095e-14 5.98843e-10 2.14496e-06 0.000928684 0.048604 0.307482 0.23549 0.0441668 0.170726 0.156852 0.0218309 0.0102941 0.00297413 0.000514858 0.000115428 1.64892e-05 1.75481e-06 1.27022e-07 6.88237e-09 2.16069e-10 2.70554e-12
 2.56747e-27 2.59929e-27 4.1971e-26 8.31386e-20 2.03804e-14 6.03909e-10 2.1631e-06 0.000936539 0.0490151 0.310083 0.237479 0.0443353 0.170611 0.15668 0.0206099 0.00755507 0.0021819 0.000407381 9.05098e-05 1.17153e-05 1.31899e-06 9.60385e-08 3.98351e-09 1.03129e-10 1.29029e-12
 2.56791e-27 2.6005e-27 4.30588e-26 8.54335e-20 2.0943e-14 6.20578e-10 2.22281e-06 0.000962391 0.0503681 0.318642 0.244007 0.0438729 0.162505 0.149236 0.0199199 0.00785231 0.00222319 0.000328214 6.99215e-05 9.60337e-06 1.03604e-06 7.32205e-08 3.11529e-09 6.54986e-11 6.634e-13
 2.56805e-27 2.60085e-27 4.33537e-26 8.60556e-20 2.10955e-14 6.25097e-10 2.23899e-06 0.000969399 0.0507348 0.320963 0.245779 0.0439125 0.161562 0.148333 0.0191825 0.00639972 0.00181077 0.000285109 5.91199e-05 6.60777e-06 6.97753e-07 4.99141e-08 2.03576e-09 4.27371e-11 3.68605e-13
 2.56834e-27 2.60166e-27 4.40784e-26 8.75844e-20 2.14703e-14 6.36202e-10 2.27877e-06 0.000986621 0.0516362 0.326665 0.250129 0.043629 0.156349 0.143539 0.0186349 0.00635628 0.00177797 0.000241304 4.8494e-05 5.67532e-06 5.44472e-07 3.38754e-08 1.38296e-09 2.82539e-11 2.37892e-13
 2.56841e-27 2.60182e-27 4.42041e-26 8.78495e-20 2.15353e-14 6.38128e-10 2.28567e-06 0.000989607 0.0517925 0.327653 0.250885 0.0437111 0.156442 0.143596 0.0181104 0.00514688 0.00143009 0.00019771 3.89839e-05 4.00012e-06 3.77237e-07 2.2971e-08 8.14428e-10 1.58868e-11 1.31282e-13
 2.56817e-27 2.60117e-27 4.36139e-26 8.66044e-20 2.123e-14 6.29083e-10 2.25327e-06 0.00097558 0.0510584 0.323009 0.247343 0.0439934 0.161078 0.147849 0.0184185 0.00477809 0.00130673 0.000154792 2.90373e-05 3.00866e-06 2.67131e-07 1.47885e-08 5.12983e-10 8.97648e-12 6.86847e-14
 2.56744e-27 2.5992e-27 4.1886e-26 8.29593e-20 2.03365e-14 6.02606e-10 2.15843e-06 0.00093452 0.0489094 0.309414 0.236969 0.044387 0.171362 0.157372 0.0206993 0.00757878 0.0020956 0.0002305 4.10399e-05 3.69281e-06 3.12811e-07 1.6893e-08 5.34108e-10 8.85771e-12 6.22282e-14
#obs catch len freq
 5.99946e-42 8.32685e-34 1.397e-26 2.83309e-20 6.94499e-15 2.05793e-10 7.37117e-07 0.000319146 0.0167028 0.105668 0.081455 0.0424117 0.227023 0.191679 0.131649 0.127223 0.0519345 0.0193567 0.00408057 0.000473171 2.23786e-05 3.16058e-07 1.00622e-09 5.88566e-13 5.53187e-17
 6.83562e-42 9.4874e-34 1.59171e-26 3.22795e-20 7.91294e-15 2.34475e-10 8.39851e-07 0.000363627 0.0190308 0.120396 0.0928135 0.0462085 0.23021 0.184832 0.12908 0.114292 0.0445967 0.015051 0.00283251 0.00028261 1.09184e-05 1.19229e-07 2.8171e-10 1.19234e-13 7.99266e-18
 1.03244e-41 1.43296e-33 2.40409e-26 4.87544e-20 1.19516e-14 3.54147e-10 1.2685e-06 0.000549215 0.0287437 0.181843 0.139803 0.0481705 0.202116 0.154267 0.110232 0.0892465 0.0331657 0.0100585 0.00166064 0.000139122 4.32757e-06 3.63921e-08 6.385e-11 1.959e-14 9.38291e-19
 8.81077e-42 1.22288e-33 2.05163e-26 4.16066e-20 1.01994e-14 3.02226e-10 1.08253e-06 0.000468696 0.0245297 0.155185 0.119782 0.0600865 0.262344 0.183086 0.0957646 0.067456 0.023843 0.00646287 0.000926078 6.39348e-05 1.56712e-06 1.00269e-08 1.30276e-11 2.90158e-15 9.9553e-20
 1.21662e-41 1.68859e-33 2.83295e-26 5.74517e-20 1.40836e-14 4.17323e-10 1.49478e-06 0.00064719 0.0338713 0.214282 0.164805 0.0539394 0.193235 0.135641 0.110383 0.0706154 0.018068 0.00399079 0.000491231 2.76191e-05 5.24574e-07 2.51212e-09 2.39333e-12 3.85754e-16 9.4873e-21
 1.28047e-41 1.7772e-33 2.98163e-26 6.04668e-20 1.48227e-14 4.39224e-10 1.57323e-06 0.000681154 0.0356489 0.225529 0.173714 0.0637334 0.220866 0.138079 0.0770645 0.0464272 0.0151877 0.00281322 0.000243901 1.06327e-05 1.54627e-07 5.47494e-10 3.77949e-13 4.37021e-17 7.66932e-22
 1.16851e-41 1.62181e-33 2.72093e-26 5.51799e-20 1.35267e-14 4.00821e-10 1.43568e-06 0.000621598 0.032532 0.205811 0.158936 0.0694457 0.235121 0.14301 0.0937223 0.0476506 0.0110159 0.0019647 0.000161549 4.95378e-06 5.08396e-08 1.30697e-10 6.48273e-14 5.33318e-18 6.6284e-23
 1.45266e-41 2.0162e-33 3.38259e-26 6.85982e-20 1.6816e-14 4.9829e-10 1.78479e-06 0.000772755 0.0404429 0.255858 0.197081 0.0646524 0.184616 0.11241 0.0897715 0.0430552 0.00991288 0.00133859 8.51111e-05 2.23959e-06 1.65256e-08 2.86713e-11 9.87733e-15 5.71951e-19 5.0038e-24
 1.67602e-41 2.32621e-33 3.9027e-26 7.9146e-20 1.94017e-14 5.74908e-10 2.05923e-06 0.000891574 0.0466614 0.295199 0.227332 0.0687863 0.174975 0.0946036 0.0580413 0.0261221 0.00652602 0.000817263 4.14226e-05 7.88962e-07 4.46491e-09 5.60858e-12 1.3048e-15 5.09134e-20 3.06022e-25
 1.64432e-41 2.28221e-33 3.82887e-26 7.76488e-20 1.90347e-14 5.64033e-10 2.02027e-06 0.000874709 0.0457788 0.289618 0.223518 0.077131 0.190255 0.095825 0.0533855 0.019537 0.00363923 0.000415723 1.94978e-05 2.91649e-07 1.16675e-09 1.04645e-12 1.74563e-16 4.72015e-21 1.91651e-26
 1.56013e-41 2.16536e-33 3.63283e-26 7.36732e-20 1.80601e-14 5.35154e-10 1.91683e-06 0.000829923 0.0434349 0.274793 0.212674 0.0839326 0.199161 0.0999159 0.0620309 0.019942 0.00302267 0.000251917 9.09875e-06 1.14987e-07 3.58248e-10 2.27598e-13 2.62321e-17 4.95693e-22 1.41128e-27
 1.5203e-41 2.11008e-33 3.54009e-26 7.17924e-20 1.75991e-14 5.21492e-10 1.8679e-06 0.000808737 0.0423261 0.267782 0.2078 0.0893251 0.199644 0.101139 0.0676889 0.0203054 0.0029751 0.00019855 5.02251e-06 4.46291e-08 1.05861e-10 5.13059e-14 4.2764e-18 5.61318e-23 1.09813e-28
 1.92704e-41 2.67461e-33 4.48721e-26 9.09997e-20 2.23075e-14 6.61012e-10 2.36764e-06 0.00102511 0.0536499 0.339418 0.26201 0.076205 0.135979 0.0691739 0.0470895 0.0133802 0.00194661 0.000116937 2.4167e-06 1.49975e-08 2.3763e-11 8.07715e-15 4.91757e-19 4.71184e-24 6.57972e-30
 1.62328e-41 2.25301e-33 3.77989e-26 7.66554e-20 1.87912e-14 5.56816e-10 1.99443e-06 0.000863518 0.0451931 0.285932 0.22314 0.107247 0.205554 0.0827622 0.0379755 0.00987653 0.00137691 7.5963e-05 1.39198e-06 6.92142e-09 7.83494e-12 1.77254e-15 7.19429e-20 4.75369e-25 4.7067e-31
 1.33856e-41 1.85784e-33 3.11691e-26 6.32103e-20 1.54953e-14 4.59153e-10 1.64461e-06 0.00071206 0.0372664 0.235798 0.186156 0.119894 0.225225 0.112381 0.0679942 0.0132687 0.0012445 5.82626e-05 9.37677e-07 3.93169e-09 3.52632e-12 5.86262e-16 1.64106e-20 7.23662e-26 4.77531e-32
 1.21791e-41 1.69038e-33 2.83597e-26 5.75128e-20 1.40986e-14 4.17767e-10 1.49637e-06 0.000647878 0.0339074 0.214559 0.170861 0.124309 0.220511 0.129131 0.0852529 0.0188218 0.00193297 6.35349e-05 7.14381e-07 2.3869e-09 1.72394e-12 2.23737e-16 4.69922e-21 1.49315e-26 6.8591e-33
 1.63464e-41 2.26877e-33 3.80633e-26 7.71915e-20 1.89226e-14 5.60711e-10 2.00838e-06 0.000869558 0.0455092 0.287952 0.22596 0.104538 0.157166 0.0980789 0.0632483 0.0149622 0.0016572 5.66325e-05 5.33505e-07 1.21119e-09 6.18519e-13 6.05344e-17 9.68986e-22 2.3166e-27 7.85925e-34
 1.48523e-41 2.0614e-33 3.45842e-26 7.01361e-20 1.71931e-14 5.09462e-10 1.82481e-06 0.000790079 0.0413497 0.261674 0.209319 0.140557 0.20262 0.0890205 0.0435387 0.0100051 0.00108529 3.7747e-05 3.50122e-07 6.94663e-10 2.61502e-13 1.74002e-17 1.93412e-22 3.33781e-28 8.32957e-35
 1.54301e-41 2.1416e-33 3.59297e-26 7.28647e-20 1.78619e-14 5.29282e-10 1.8958e-06 0.000820816 0.0429584 0.271863 0.217419 0.133675 0.178726 0.099359 0.0471648 0.00738186 0.000610467 1.93762e-05 1.67856e-07 3.06428e-10 1.0019e-13 5.29268e-18 4.2651e-23 5.06576e-29 8.64529e-36
 1.52634e-41 2.11846e-33 3.55416e-26 7.20777e-20 1.7669e-14 5.23564e-10 1.87532e-06 0.00081195 0.0424944 0.268964 0.217509 0.147757 0.182834 0.0922542 0.0402074 0.00670107 0.000454322 9.8182e-06 6.63876e-08 1.03219e-10 2.89223e-14 1.28466e-18 8.40799e-24 7.75064e-30 9.78498e-37
 1.64218e-41 2.27924e-33 3.82389e-26 7.75478e-20 1.90099e-14 5.63299e-10 2.01764e-06 0.000873571 0.0457194 0.289389 0.233761 0.143318 0.162395 0.0857245 0.0336728 0.00484175 0.000298185 5.58255e-06 2.69288e-08 2.94093e-11 6.28718e-15 2.22506e-19 1.16857e-24 8.58264e-31 8.51486e-38
 1.59621e-41 2.21543e-33 3.71685e-26 7.53769e-20 1.84778e-14 5.4753e-10 1.96116e-06 0.000849116 0.0444397 0.281357 0.231057 0.161636 0.169934 0.0795065 0.0274147 0.00361354 0.000186911 2.88848e-06 1.14132e-08 9.30527e-12 1.37726e-15 3.40869e-20 1.30746e-25 7.24012e-32 5.49215e-39
 1.63796e-41 2.27338e-33 3.81407e-26 7.73486e-20 1.89611e-14 5.61852e-10 2.01246e-06 0.000871327 0.0456023 0.288758 0.238221 0.160955 0.159046 0.0793618 0.0243915 0.00267324 0.000115522 1.46619e-06 4.55678e-09 2.88318e-12 3.22357e-16 5.73869e-21 1.52741e-26 5.84259e-33 3.11345e-40
 1.64911e-41 2.28885e-33 3.84002e-26 7.78749e-20 1.90901e-14 5.65675e-10 2.02616e-06 0.000877256 0.0459128 0.290804 0.242873 0.170194 0.155474 0.0718893 0.0199065 0.00199691 7.03516e-05 6.9235e-07 1.66375e-09 8.00989e-13 6.70776e-17 8.87299e-22 1.73355e-27 4.77095e-34 1.79113e-41
 1.68725e-41 2.34179e-33 3.92885e-26 7.96762e-20 1.95317e-14 5.7876e-10 2.07302e-06 0.000897547 0.046975 0.297608 0.250515 0.172635 0.147413 0.0664676 0.0160718 0.00137344 4.07657e-05 3.23528e-07 5.86958e-10 2.08677e-13 1.28786e-17 1.24994e-22 1.78207e-28 3.56664e-35 9.70708e-43
 1.6826e-41 2.33534e-33 3.91802e-26 7.94566e-20 1.94779e-14 5.77165e-10 2.06731e-06 0.000895074 0.046846 0.296922 0.253962 0.181894 0.144817 0.0607679 0.0129191 0.000951431 2.28438e-05 1.4303e-07 2.00853e-10 5.33989e-14 2.39436e-18 1.67125e-23 1.71322e-29 2.46761e-36 4.83096e-44
 1.46877e-41 2.03856e-33 3.42011e-26 6.93591e-20 1.70026e-14 5.03818e-10 1.80459e-06 0.000781327 0.0408939 0.259546 0.234741 0.214961 0.16731 0.0682121 0.0127379 0.000798916 1.5672e-05 7.70322e-08 8.20356e-11 1.62876e-14 5.39048e-19 2.73567e-24 2.01141e-30 2.06188e-37 2.86657e-45
 1.49994e-41 2.08182e-33 3.49269e-26 7.08311e-20 1.73634e-14 5.14509e-10 1.84289e-06 0.000797908 0.0417614 0.264948 0.235186 0.197288 0.166908 0.0780564 0.0142201 0.000818145 1.40086e-05 5.83019e-08 5.15237e-11 8.35203e-15 2.23467e-19 9.13921e-25 5.40693e-31 4.44713e-38 4.93944e-46
#spawning biomass
 18164.8 17758.1 18443.8 20994.2 25561.5 30183.5 34182.1 41656.6 57810.6 76047.1 91777.9 115625 167663 197019 182432 141218 128848 124073 133332 134684 145033 143882 156610 165337 180931 181587 178853 221258 277171 225952 103820 48774.4 28300.5 21501.6 19403.7 18788.1 18613.8 18565.7 18552.7 18549.2 18548.3 18548.1 18548 18548 18548 18548 18548 18548 18548 18548 18548 18548 18548 18548 18548 18548 18548 18548 18548 18548 18548 18548 18548 18548 18548 18548 18548 18548 18548 18548 18548 18548 18548 18548 18548 18548 18548 18548 18548 18548 18548 18548 18548 18548 18548 18548 18548 18548 18548 18548 18548 18548 18548 18548 18548 18548 18548 18548 18548 18548 18548 18548 18548 18548 18548 18548 18548 18548 18548 18548 18548 18548 18548 18548 18548 18548 18548 18548 18548 18548 18548 18548 18548 18548 18548 18548 18548 18548 0 0 0 0 0 0 0 0 0 0 0 0 0 0 0 0 0 0 0 0 0 0 0 0 0
