SBPRF35
0.819782
Curr Bio
111091
B35
777019
F35
0.200707
FOFL
0
OFL
0
Bzero
234224
#pred survey bio
 37011.6 33041.2 23205.5 15713.7 16095.7 23663.8 30561.2 34479.2 40199.6 45105.8 51548.1 65505.7 76054.8 76842.7 80739.2 76933.1 91381 98067.2 99417.9 88464 97391.1 103984 90211.4 90221.6 104321 107378 82719.1 123822 4.73157e+06 7.4244e+06 8.28941e+06 8.09118e+06 7.30866e+06 6.3226e+06 5.35997e+06 4.52631e+06 3.85243e+06 3.3308e+06 2.93824e+06 2.6482e+06 2.43636e+06 2.28259e+06 2.17026e+06 2.08642e+06 2.02678e+06 1.98398e+06 1.95296e+06 1.93024e+06 1.91344e+06 1.90089e+06 1.89141e+06 1.88419e+06 1.87863e+06 1.87433e+06 1.87096e+06 1.86831e+06 1.86621e+06 1.86454e+06 1.86321e+06 1.86213e+06 1.86127e+06 1.86057e+06 1.86001e+06 1.85955e+06 1.85918e+06 1.85888e+06 1.85863e+06 1.85843e+06 1.85827e+06 1.85813e+06 1.85802e+06 1.85794e+06 1.85786e+06 1.8578e+06 1.85775e+06 1.85771e+06 1.85768e+06 1.85765e+06 1.85763e+06 1.85761e+06 1.8576e+06 1.85759e+06 1.85758e+06 1.85757e+06 1.85756e+06 1.85756e+06 1.85755e+06 1.85755e+06 1.85755e+06 1.85755e+06 1.85754e+06 1.85754e+06 1.85754e+06 1.85754e+06 1.85754e+06 1.85754e+06 1.85754e+06 1.85754e+06 1.85754e+06 1.85754e+06 1.85754e+06 1.85754e+06 1.85753e+06 1.85753e+06 1.85753e+06 1.85753e+06 1.85753e+06 1.85753e+06 1.85753e+06 1.85753e+06 1.85753e+06 1.85753e+06 1.85753e+06 1.85753e+06 1.85753e+06 1.85753e+06 1.85753e+06 1.85753e+06 1.85753e+06 1.85753e+06 1.85753e+06 1.85753e+06 1.85753e+06 1.85753e+06 1.85753e+06 1.85753e+06 1.85753e+06 1.85753e+06 0 0 0 0 0 0 0 0 0 0 0 0 0 0 0 0 0 0 0 0 0 0 0 0 0
#obs survey bio
 35228.9 32208.1 12110.5 14393.1 14780.8 28605.5 30523.9 38058.8 26150.7 29404.5 52878.8 76095.2 85019.1 87331.3 74166.8 91509.2 106762 113934 108570 76109.2 162081 89644 95399.9 144462 114519 122259 99825.6 103456
#pred catch bio
 21367 19294.3 14229.1 10815.3 9299.91 14849.5 21883.6 24843.5 31091.1 36387.1 40040.6 53775.3 66927.5 67696.1 76144.7 70464.7 85050.8 93144 99524.7 87490.1 97750 109972 96741.4 95436.2 114246 125062 92310.3 104638 0 58095.7 64457.8 62341.6 55647.6 47459.3 39597.2 32888.4 27551.4 23496.4 20512 18365.1 16846.4 15785.3 15046.4 14528.3 14181.2 13948.7 13793 13688.7 13618.8 13572 13540.6 13519.6 13505.6 13496.2 13489.8 13485.6 13482.8 13480.9 13479.6 13478.8 13478.2 13477.8 13477.6 13477.4 13477.3 13477.2 13477.1 13477.1 13477.1 13477.1 13477.1 13477 13477 13477 13477 13477 13477 13477 13477 13477 13477 13477 13477 13477 13477 13477 13477 13477 13477 13477 13477 13477 13477 13477 13477 13477 13477 13477 13477 13477 13477 13477 13477 13477 13477 13477 13477 13477 13477 13477 13477 13477 13477 13477 13477 13477 13477 13477 13477 13477 13477 13477 13477 13477 13477 13477 13477 13477 0 0 0 0 0 0 0 0 0 0 0 0 0 0 0 0 0 0 0 0 0 0 0 0 0
#obs catch bio
 18024.5 18903.1 16227.6 12887 9036.15 14384.4 20728.2 22723.1 33366.3 40626.2 38632.2 50118.2 65399.5 64616.6 79004.7 69942.2 76837.7 83269 94320.3 81573.3 90305 105828 87905.3 82622.9 96789 116736 78983.7 99763.4
#pred cpue bio
 34365 31536.4 22623.6 14683.8 14101.5 21430.7 27289.8 30700.7 35626.1 39440.6 44712.8 56980.4 65647.5 66073.9 69217.2 64740.2 76917.3 82954 83554.2 73606.8 80344.4 85862.7 73618.5 72700.9 84371.8 85747.4 65029.1 97106.1 4.09034e+06 7.39843e+06 8.26351e+06 8.06529e+06 7.28276e+06 6.29671e+06 5.33408e+06 4.50042e+06 3.82654e+06 3.3049e+06 2.91235e+06 2.62231e+06 2.41046e+06 2.2567e+06 2.14437e+06 2.06052e+06 2.00089e+06 1.95809e+06 1.92707e+06 1.90435e+06 1.88755e+06 1.875e+06 1.86552e+06 1.8583e+06 1.85274e+06 1.84843e+06 1.84507e+06 1.84242e+06 1.84032e+06 1.83865e+06 1.83731e+06 1.83624e+06 1.83538e+06 1.83468e+06 1.83412e+06 1.83366e+06 1.83329e+06 1.83299e+06 1.83274e+06 1.83254e+06 1.83238e+06 1.83224e+06 1.83213e+06 1.83204e+06 1.83197e+06 1.83191e+06 1.83186e+06 1.83182e+06 1.83179e+06 1.83176e+06 1.83174e+06 1.83172e+06 1.83171e+06 1.8317e+06 1.83169e+06 1.83168e+06 1.83167e+06 1.83167e+06 1.83166e+06 1.83166e+06 1.83166e+06 1.83165e+06 1.83165e+06 1.83165e+06 1.83165e+06 1.83165e+06 1.83165e+06 1.83165e+06 1.83165e+06 1.83165e+06 1.83165e+06 1.83164e+06 1.83164e+06 1.83164e+06 1.83164e+06 1.83164e+06 1.83164e+06 1.83164e+06 1.83164e+06 1.83164e+06 1.83164e+06 1.83164e+06 1.83164e+06 1.83164e+06 1.83164e+06 1.83164e+06 1.83164e+06 1.83164e+06 1.83164e+06 1.83164e+06 1.83164e+06 1.83164e+06 1.83164e+06 1.83164e+06 1.83164e+06 1.83164e+06 1.83164e+06 1.83164e+06 1.83164e+06 1.83164e+06 0 0 0 0 0 0 0 0 0 0 0 0 0 0 0 0 0 0 0 0 0 0 0 0 0
#obs cpue bio
 35885.6 34249.3 16630.9 10508.8 19371.8 23300.8 35072.7 40525.2 31638.7 38785.4 60644.5 67693.7 62283.9 68702.1 63736.5 55763 109773 109566 92991.3 109819 66975.9 115344 103233 81061.2 147438 99581.3 98513.1 133767
#pred surv len freq
 1.31174e-11 1.42376e-09 9.11207e-08 3.43861e-06 7.65136e-05 0.00100391 0.00776769 0.0354632 0.095803 0.155327 0.161465 0.134949 0.121711 0.105232 0.0714645 0.0416646 0.0244387 0.0146519 0.00906548 0.0059783 0.00429189 0.00340599 0.0028442 0.00214987 0.00124277
 9.38491e-12 1.01864e-09 6.5193e-08 2.46018e-06 5.47426e-05 0.000718275 0.00555839 0.0253943 0.0688445 0.113574 0.127222 0.12979 0.144005 0.137191 0.0999501 0.0633253 0.0381622 0.0210206 0.0108954 0.00574559 0.00326042 0.00209325 0.00151088 0.00107008 0.000611532
 6.25241e-12 6.78639e-10 4.34328e-08 1.63902e-06 3.64708e-05 0.000478545 0.00370376 0.0169335 0.0460757 0.0773705 0.0929544 0.110089 0.138409 0.144618 0.122498 0.0954511 0.0677607 0.0413002 0.0220594 0.0106242 0.00483912 0.00231698 0.00128389 0.000778077 0.000417538
 1.35265e-11 1.46817e-09 9.39627e-08 3.54586e-06 7.88998e-05 0.0010352 0.00800922 0.036552 0.0985538 0.158252 0.157361 0.113692 0.0848611 0.0746916 0.0677117 0.0613999 0.0517377 0.0383355 0.0245269 0.0131881 0.00598022 0.00241336 0.000974859 0.000439685 0.000200862
 1.78131e-11 1.93344e-09 1.2374e-07 4.66956e-06 0.000103903 0.00136325 0.0105471 0.0481293 0.129702 0.207718 0.203895 0.139701 0.0913202 0.0646787 0.0396206 0.0213859 0.0135578 0.0104962 0.0079871 0.00521134 0.00277197 0.00118801 0.000426374 0.000142824 4.86661e-05
 1.45755e-11 1.58203e-09 1.0125e-07 3.82085e-06 8.50189e-05 0.0011155 0.00863098 0.0394012 0.106397 0.17214 0.177232 0.143662 0.12391 0.102639 0.0641317 0.0311797 0.0141883 0.0067181 0.00365016 0.00233871 0.00144581 0.000731118 0.000287141 8.94296e-05 2.38199e-05
 1.59516e-11 1.73139e-09 1.10809e-07 4.18159e-06 9.30455e-05 0.0012208 0.00944534 0.0431092 0.116277 0.187063 0.187623 0.139434 0.106478 0.0852593 0.0576038 0.0336417 0.018193 0.0085165 0.00345078 0.00139593 0.000652551 0.000330279 0.00014617 4.97839e-05 1.27895e-05
 1.59764e-11 1.73409e-09 1.10981e-07 4.18809e-06 9.31902e-05 0.0012227 0.00946012 0.0431783 0.116487 0.187585 0.189011 0.142654 0.111125 0.0880038 0.0555535 0.028646 0.0143902 0.00722009 0.00332823 0.00132744 0.000462784 0.000160101 5.96751e-05 2.07907e-05 5.67457e-06
 1.62938e-11 1.76853e-09 1.13186e-07 4.27129e-06 9.50415e-05 0.00124699 0.00964797 0.0440343 0.118777 0.191113 0.191817 0.142817 0.108898 0.0853975 0.054034 0.0279149 0.0135867 0.0062769 0.00268751 0.00108552 0.000396108 0.00012395 3.44158e-05 9.24445e-06 2.3174e-06
 1.7167e-11 1.86331e-09 1.19252e-07 4.5002e-06 0.000100135 0.00131381 0.0101648 0.0463899 0.125082 0.200872 0.199785 0.143915 0.10357 0.0780557 0.047963 0.023686 0.0109824 0.00492809 0.0020384 0.000773124 0.000266695 8.2044e-05 2.17278e-05 4.87228e-06 9.55151e-07
 1.75971e-11 1.91e-09 1.2224e-07 4.61294e-06 0.000102644 0.00134673 0.0104194 0.0475505 0.128194 0.205725 0.203932 0.145068 0.101901 0.0751526 0.0448952 0.0208935 0.00890159 0.00370846 0.0014453 0.000522082 0.000171582 4.9862e-05 1.2532e-05 2.64923e-06 4.59118e-07
 1.73929e-11 1.88783e-09 1.20821e-07 4.55941e-06 0.000101453 0.0013311 0.0102986 0.0469999 0.126723 0.203471 0.202204 0.145191 0.10375 0.0773597 0.0463729 0.0215644 0.00906955 0.00362823 0.00131439 0.000435696 0.000132844 3.62755e-05 8.60008e-06 1.71232e-06 2.77162e-07
 1.78723e-11 1.93987e-09 1.24152e-07 4.68509e-06 0.000104249 0.00136779 0.0105824 0.0482929 0.130181 0.208795 0.206417 0.145345 0.10013 0.0728308 0.0431368 0.0197727 0.00816526 0.00322178 0.00114855 0.000366685 0.000104423 2.616e-05 5.70882e-06 1.05812e-06 1.60368e-07
 1.80394e-11 1.95801e-09 1.25312e-07 4.72889e-06 0.000105224 0.00138057 0.0106813 0.048744 0.131393 0.21071 0.208167 0.146177 0.100063 0.0720715 0.0417409 0.0181076 0.00687251 0.00253787 0.000872744 0.000272256 7.56408e-05 1.81573e-05 3.69769e-06 6.29298e-07 8.76677e-08
 1.82086e-11 1.97636e-09 1.26487e-07 4.77322e-06 0.00010621 0.00139352 0.0107814 0.0492001 0.132613 0.212588 0.209652 0.146229 0.0987922 0.0705108 0.0406774 0.0175459 0.00654753 0.00232309 0.000746339 0.000215507 5.65289e-05 1.3076e-05 2.57113e-06 4.16172e-07 5.40235e-08
 1.92338e-11 2.08765e-09 1.33609e-07 5.04199e-06 0.00011219 0.00147198 0.0113882 0.0519651 0.140007 0.223961 0.2186 0.146391 0.0907895 0.0606241 0.0337579 0.0138728 0.00479308 0.00159148 0.000491711 0.00013633 3.36241e-05 7.22229e-06 1.33039e-06 2.0499e-07 2.54317e-08
 1.91973e-11 2.08368e-09 1.33355e-07 5.03241e-06 0.000111977 0.00146918 0.0113666 0.0518667 0.139745 0.223575 0.218375 0.146644 0.0914747 0.0612599 0.0339371 0.0136772 0.00452967 0.00141809 0.000408679 0.000105047 2.43083e-05 4.94383e-06 8.55341e-07 1.2276e-07 1.42534e-08
 1.89139e-11 2.05292e-09 1.31387e-07 4.95813e-06 0.000110324 0.00144749 0.0111989 0.0511027 0.137704 0.220451 0.215995 0.146857 0.0940824 0.0642661 0.0357665 0.0143548 0.00469462 0.00143878 0.000400837 9.76175e-05 2.10322e-05 3.95607e-06 6.35717e-07 8.53375e-08 9.26915e-09
 1.92734e-11 2.09194e-09 1.33884e-07 5.05236e-06 0.000112421 0.001475 0.0114116 0.0520719 0.140294 0.224421 0.219047 0.146678 0.0909163 0.0605574 0.0334326 0.013391 0.00437271 0.00133509 0.000368597 8.81155e-05 1.83774e-05 3.2852e-06 4.92554e-07 6.10974e-08 6.13942e-09
 1.97721e-11 2.14607e-09 1.37348e-07 5.18309e-06 0.00011533 0.00151317 0.0117068 0.0534169 0.143891 0.229956 0.223416 0.146803 0.0870906 0.0557834 0.0300251 0.0115187 0.00346033 0.000967956 0.000255491 6.01221e-05 1.24093e-05 2.17985e-06 3.16713e-07 3.73968e-08 3.51719e-09
 2.01987e-11 2.19237e-09 1.40312e-07 5.29492e-06 0.000117818 0.00154581 0.0119593 0.0545672 0.146965 0.234668 0.227043 0.146606 0.0833591 0.0514038 0.027259 0.010361 0.00305598 0.000824037 0.000204665 4.43625e-05 8.50789e-06 1.43378e-06 2.04013e-07 2.36154e-08 2.15393e-09
 2.0139e-11 2.1859e-09 1.39897e-07 5.27928e-06 0.00011747 0.00154125 0.011924 0.0544064 0.146536 0.234021 0.226596 0.146798 0.0841316 0.0521829 0.0275768 0.0102923 0.00290755 0.000741358 0.000176578 3.68783e-05 6.70503e-06 1.05057e-06 1.38598e-07 1.5155e-08 1.33508e-09
 2.0692e-11 2.24592e-09 1.43739e-07 5.42425e-06 0.000120696 0.00158357 0.0122513 0.0558976 0.150522 0.240134 0.231321 0.146606 0.0793864 0.0465565 0.0239411 0.00868322 0.00230795 0.000537857 0.000118468 2.3225e-05 3.98747e-06 5.93985e-07 7.42325e-08 7.59232e-09 6.22424e-10
 2.12576e-11 2.30731e-09 1.47668e-07 5.57252e-06 0.000123995 0.00162685 0.0125861 0.0574227 0.154597 0.246378 0.236116 0.146307 0.0743776 0.0406993 0.020267 0.00718223 0.00182223 0.000392494 7.94927e-05 1.43186e-05 2.24374e-06 3.076e-07 3.58781e-08 3.4545e-09 2.67021e-10
 2.10909e-11 2.28921e-09 1.46509e-07 5.52881e-06 0.000123023 0.00161409 0.0124874 0.0569731 0.153396 0.244543 0.234726 0.146461 0.075955 0.0424933 0.021323 0.00753258 0.00188281 0.000393264 7.631e-05 1.29541e-05 1.86985e-06 2.33387e-07 2.47437e-08 2.17392e-09 1.55049e-10
 2.16392e-11 2.34873e-09 1.50319e-07 5.67255e-06 0.000126221 0.00165605 0.0128119 0.0584516 0.157346 0.250591 0.239351 0.146104 0.0709963 0.0367457 0.0177873 0.00616999 0.00149609 0.000296376 5.45985e-05 8.92161e-06 1.23703e-06 1.46282e-07 1.44252e-08 1.15857e-09 7.49433e-11
 2.22645e-11 2.4166e-09 1.54662e-07 5.83647e-06 0.000129868 0.0017039 0.013182 0.0601376 0.16185 0.257491 0.244639 0.145737 0.0654028 0.0302309 0.0137356 0.00455716 0.00100511 0.000163323 2.38432e-05 3.35081e-06 4.26504e-07 4.75176e-08 4.46381e-09 3.4045e-10 2.063e-11
 2.23611e-11 2.42708e-09 1.55333e-07 5.86178e-06 0.000130431 0.00171129 0.0132391 0.0603979 0.162546 0.258554 0.245441 0.145638 0.0644757 0.0291844 0.0131313 0.00437021 0.000981245 0.000165574 2.47361e-05 3.26507e-06 3.51708e-07 3.17775e-08 2.53353e-09 1.74644e-10 9.90012e-12
#obs surv len freq
 3.97511e-11 3.68399e-09 2.01315e-07 6.48664e-06 0.000123241 0.00138069 0.00912277 0.0355876 0.0824156 0.116592 0.114621 0.109859 0.121561 0.122971 0.106459 0.0815528 0.0524179 0.0274297 0.0119771 0.00434891 0.00125438 0.000272388 4.24406e-05 4.55255e-06 3.25022e-07
 2.90802e-11 2.59935e-09 1.37e-07 4.25758e-06 7.80196e-05 0.000843111 0.00537576 0.0202821 0.0459651 0.0673117 0.0820914 0.113144 0.1504 0.157428 0.136437 0.103394 0.064851 0.0326979 0.0135526 0.00461311 0.00124033 0.000250393 3.61467e-05 3.57929e-06 2.35263e-07
 1.3794e-11 1.18716e-09 6.0244e-08 1.80265e-06 3.1807e-05 0.000331025 0.00203484 0.00744266 0.016816 0.0275183 0.0462499 0.0854654 0.134038 0.170606 0.18346 0.155965 0.0980268 0.0466898 0.0179508 0.00566223 0.00140927 0.000262435 3.48518e-05 3.17036e-06 1.91251e-07
 2.37636e-10 1.96596e-08 9.59018e-07 2.75844e-05 0.000467831 0.00467845 0.0275873 0.0959263 0.196765 0.238555 0.172869 0.0802032 0.0350473 0.0305348 0.0365489 0.0351173 0.024834 0.0132553 0.00542419 0.00168769 0.000393469 6.72649e-05 8.16091e-06 6.77694e-07 3.73192e-08
 1.40632e-10 1.11668e-08 5.22833e-07 1.44339e-05 0.000234966 0.00225572 0.0127797 0.0428839 0.0868548 0.115976 0.134482 0.172302 0.19063 0.140246 0.0653255 0.0219238 0.00788165 0.0037632 0.00170118 0.000578754 0.000139319 2.3231e-05 2.64103e-06 2.0126e-07 1.00909e-08
 3.4023e-10 2.58924e-08 1.16187e-06 3.0742e-05 0.000479618 0.00441227 0.0239387 0.0766612 0.145548 0.167634 0.130533 0.0962795 0.0911764 0.0928831 0.0827198 0.055054 0.0242573 0.00681229 0.00131285 0.000220211 3.89108e-05 6.08355e-06 6.78962e-07 4.98507e-08 2.34894e-09
 4.37689e-10 3.18809e-08 1.36925e-06 3.46755e-05 0.000517794 0.00455954 0.0236862 0.0727485 0.133605 0.155074 0.140108 0.136698 0.132787 0.0988943 0.0563774 0.0277532 0.0119064 0.00404298 0.00100581 0.000175748 2.15618e-05 1.98175e-06 1.48386e-07 8.88074e-09 3.80793e-10
 6.46949e-10 4.50449e-08 1.84931e-06 4.47673e-05 0.000639009 0.00537876 0.0267096 0.0784161 0.137651 0.152654 0.131823 0.124535 0.122268 0.0995535 0.066318 0.03557 0.0138922 0.00372096 0.000706967 0.00010377 1.21625e-05 1.07225e-06 6.63455e-08 2.81914e-09 8.34554e-11
 9.26528e-10 6.15922e-08 2.41424e-06 5.57986e-05 0.000760439 0.0061115 0.0289807 0.0813156 0.136974 0.148449 0.131746 0.130383 0.12652 0.098161 0.061974 0.0320225 0.0123994 0.00338641 0.000655668 9.21896e-05 9.47618e-06 7.07794e-07 3.80642e-08 1.44391e-09 3.73764e-11
 1.39905e-09 8.86961e-08 3.31561e-06 7.30821e-05 0.000949858 0.00728045 0.0329294 0.0881772 0.142143 0.149188 0.132034 0.131148 0.124448 0.0936547 0.057102 0.0279501 0.00998343 0.00245433 0.000422592 5.35788e-05 5.10976e-06 3.57079e-07 1.75514e-08 5.88933e-10 1.32518e-11
 2.13828e-09 1.29147e-07 4.59931e-06 9.65806e-05 0.00119588 0.00873276 0.0376358 0.0960952 0.148211 0.150961 0.133759 0.132844 0.121718 0.0868441 0.0497446 0.0227114 0.00749398 0.00167016 0.000252865 2.73298e-05 2.20057e-06 1.32064e-07 5.73035e-09 1.73514e-10 3.55362e-12
 3.06124e-09 1.75971e-07 5.96447e-06 0.000119205 0.00140482 0.00976418 0.0400643 0.0975293 0.144386 0.145069 0.133728 0.137231 0.124299 0.0870446 0.0490362 0.0217549 0.00687649 0.00145689 0.000208273 2.09333e-05 1.52507e-06 8.02719e-08 2.98753e-09 7.70853e-11 1.35618e-12
 4.95439e-09 2.70807e-07 8.72805e-06 0.000165869 0.00185875 0.0122847 0.0479324 0.110966 0.156289 0.149548 0.131505 0.129127 0.113127 0.0779721 0.0434569 0.0187683 0.00567718 0.00114205 0.000154649 1.46933e-05 1.00659e-06 4.93247e-08 1.68397e-09 3.91352e-11 6.08766e-13
 5.98704e-09 3.10915e-07 9.52051e-06 0.000171899 0.00183025 0.0114956 0.0426729 0.0945072 0.130682 0.134546 0.142711 0.155354 0.133266 0.0855456 0.0437794 0.0174561 0.00491798 0.000924969 0.000117056 1.03718e-05 6.61671e-07 3.01808e-08 9.58207e-10 2.06475e-11 2.96218e-13
 1.07578e-08 5.30371e-07 1.54178e-05 0.000264278 0.00267126 0.0159264 0.0560931 0.117587 0.152174 0.141176 0.130357 0.130787 0.112198 0.0766097 0.0418576 0.016861 0.00454049 0.000785725 8.87005e-05 6.8477e-06 3.78873e-07 1.52179e-08 4.34041e-10 8.51794e-12 1.12058e-13
 1.49849e-08 7.00872e-07 1.93291e-05 0.000314326 0.00301429 0.0170539 0.0570565 0.114194 0.14436 0.140522 0.144032 0.14661 0.115733 0.068939 0.0327258 0.0118769 0.00299081 0.00049725 5.50331e-05 4.19395e-06 2.24994e-07 8.43922e-09 2.16745e-10 3.75117e-12 4.33435e-14
 2.28252e-08 1.01219e-06 2.64669e-05 0.000408075 0.0037104 0.0199055 0.0631754 0.12018 0.145627 0.139082 0.141911 0.14194 0.11093 0.066876 0.0319368 0.0112239 0.00263177 0.000393703 3.78766e-05 2.44519e-06 1.11506e-07 3.68052e-09 8.64926e-11 1.39726e-12 1.50436e-14
 3.17094e-08 1.33255e-06 3.30193e-05 0.000482454 0.00415727 0.0211415 0.0636782 0.115605 0.136852 0.135358 0.145838 0.146635 0.11378 0.0689629 0.0329665 0.0114245 0.00264273 0.000398429 3.99172e-05 2.73815e-06 1.29946e-07 4.20487e-09 9.09017e-11 1.29913e-12 1.22534e-14
 5.00578e-08 1.99265e-06 4.67716e-05 0.000647346 0.00528401 0.0254571 0.0726732 0.125298 0.141975 0.136672 0.143645 0.139579 0.105305 0.0624951 0.02895 0.0095581 0.00208576 0.000296098 2.80947e-05 1.8519e-06 8.6251e-08 2.795e-09 6.12085e-11 8.83453e-13 8.25582e-15
 6.98335e-08 2.63237e-06 5.85091e-05 0.000766849 0.00592795 0.0270573 0.0733152 0.121023 0.135746 0.137768 0.151284 0.144632 0.105207 0.0600852 0.0266733 0.00841875 0.00176622 0.000244191 2.28711e-05 1.49309e-06 6.81428e-08 2.13236e-09 4.47471e-11 6.19824e-13 5.59826e-15
 1.05552e-07 3.76681e-06 7.92635e-05 0.000983531 0.00719831 0.0311138 0.0799199 0.125637 0.136434 0.137612 0.14942 0.139738 0.100636 0.0572296 0.0248225 0.00748155 0.00148045 0.000192333 1.69624e-05 1.04977e-06 4.58295e-08 1.38189e-09 2.80203e-11 3.7414e-13 3.23833e-15
 1.42598e-07 4.81703e-06 9.59492e-05 0.00112702 0.00780924 0.0319786 0.0780678 0.118307 0.129921 0.140618 0.157821 0.14484 0.10147 0.0561082 0.0235038 0.00682835 0.00131434 0.000168787 1.48872e-05 9.17117e-07 3.90984e-08 1.12855e-09 2.16513e-11 2.72619e-13 2.22791e-15
 2.42995e-07 7.76949e-06 0.000146482 0.00162854 0.0106805 0.041389 0.0955378 0.136349 0.13908 0.137796 0.14448 0.128261 0.0891967 0.0489468 0.0198832 0.00549013 0.000995635 0.000120436 1.00675e-05 5.93876e-07 2.44893e-08 6.87613e-10 1.2822e-11 1.55855e-13 1.21732e-15
 3.14636e-07 9.52218e-06 0.000169928 0.00178831 0.0111049 0.0407993 0.0898302 0.125496 0.135231 0.150077 0.161834 0.135387 0.0853808 0.0422692 0.0157592 0.00407321 0.00070211 8.16146e-05 6.58029e-06 3.72379e-07 1.4595e-08 3.87143e-10 6.8152e-12 7.84267e-14 5.81973e-16
 4.39899e-07 1.26019e-05 0.000212873 0.00212067 0.012468 0.0434044 0.0908853 0.122547 0.132325 0.150023 0.161347 0.134866 0.0866019 0.0431964 0.0155879 0.00375211 0.000584487 5.99416e-05 4.21719e-06 2.10449e-07 7.45575e-09 1.82804e-10 3.0097e-12 3.24852e-14 2.25815e-16
 6.90652e-07 1.87299e-05 0.000299513 0.00282469 0.0157225 0.0518344 0.102909 0.132136 0.137104 0.149618 0.154019 0.12372 0.0768012 0.0368847 0.0127114 0.00291564 0.000434527 4.28061e-05 2.87684e-06 1.34329e-07 4.33107e-09 9.46705e-11 1.38034e-12 1.32664e-14 8.30795e-17
 8.7723e-07 2.25236e-05 0.000341017 0.00304537 0.0160596 0.0502874 0.0958855 0.123276 0.138969 0.164082 0.166778 0.125597 0.07166 0.0315415 0.0100128 0.00212214 0.000291887 2.64589e-05 1.63563e-06 7.05905e-08 2.11806e-09 4.31948e-11 5.84786e-13 5.16357e-15 2.93455e-17
 1.33631e-06 3.24887e-05 0.000465773 0.00393863 0.0196686 0.058333 0.105422 0.128722 0.138347 0.156839 0.156056 0.118953 0.0701212 0.0312302 0.00965571 0.00194154 0.000249846 2.09957e-05 1.19353e-06 4.70601e-08 1.28581e-09 2.38791e-11 2.95099e-13 2.38713e-15 1.2472e-17
#pred catch len freq
 1.2523e-11 1.35926e-09 8.69922e-08 3.28282e-06 7.3047e-05 0.000958424 0.00741591 0.0338601 0.0915136 0.148705 0.156137 0.134461 0.125703 0.110365 0.0752218 0.0438832 0.0257421 0.0154335 0.00954903 0.00629718 0.00452082 0.00358767 0.00299591 0.00226455 0.00130906
 8.82859e-12 9.58259e-10 6.13284e-08 2.31435e-06 5.14976e-05 0.000675702 0.0052291 0.0238937 0.0648286 0.10737 0.122206 0.129254 0.147637 0.141986 0.10365 0.0656912 0.0395895 0.0218069 0.0113029 0.0059605 0.00338237 0.00217155 0.0015674 0.00111011 0.000634406
 5.86344e-12 6.36421e-10 4.07308e-08 1.53706e-06 3.4202e-05 0.000448779 0.00347352 0.0158841 0.0432645 0.073005 0.0893169 0.109354 0.140386 0.147548 0.125122 0.0975116 0.0692246 0.0421925 0.022536 0.0108537 0.00494366 0.00236704 0.00131163 0.000794887 0.000426559
 1.32718e-11 1.44053e-09 9.21938e-08 3.47911e-06 7.74145e-05 0.00101571 0.00785848 0.0358648 0.0967112 0.155377 0.154894 0.112971 0.0857624 0.0762502 0.0692938 0.0628549 0.0529651 0.039245 0.0251088 0.013501 0.0061221 0.00247062 0.000997987 0.000450116 0.000205627
 1.73634e-11 1.88463e-09 1.20616e-07 4.55168e-06 0.000101281 0.00132884 0.010281 0.0469165 0.126457 0.202713 0.199887 0.139394 0.0944211 0.0685627 0.0423128 0.0228726 0.0145032 0.0112283 0.00854416 0.0055748 0.0029653 0.00127086 0.000456111 0.000152785 5.20603e-05
 1.41535e-11 1.53622e-09 9.83181e-08 3.71022e-06 8.25573e-05 0.0010832 0.00838119 0.0382631 0.103354 0.167462 0.173567 0.143642 0.127268 0.106719 0.0668818 0.0325355 0.0148064 0.00701087 0.00380923 0.00244063 0.00150882 0.000762981 0.000299654 9.3327e-05 2.48579e-05
 1.58147e-11 1.71654e-09 1.09858e-07 4.14571e-06 9.22472e-05 0.00121033 0.00936433 0.0427401 0.11529 0.18554 0.186408 0.139357 0.10746 0.0865155 0.0585359 0.0341948 0.0184927 0.00865682 0.00350764 0.00141893 0.000663303 0.000335721 0.000148579 5.06042e-05 1.30002e-05
 1.58539e-11 1.72078e-09 1.1013e-07 4.15596e-06 9.24753e-05 0.00121332 0.00938757 0.0428478 0.115603 0.186225 0.187941 0.142633 0.112076 0.0891728 0.0563603 0.0290689 0.0146032 0.00732694 0.00337749 0.00134709 0.000469633 0.00016247 6.05583e-05 2.10984e-05 5.75856e-06
 1.63364e-11 1.77316e-09 1.13482e-07 4.28245e-06 9.529e-05 0.00125025 0.00967318 0.0441492 0.119084 0.191585 0.192189 0.142824 0.108567 0.0849888 0.0537505 0.027766 0.0135141 0.00624337 0.00267316 0.00107972 0.000393992 0.000123288 3.4232e-05 9.19507e-06 2.30502e-06
 1.73048e-11 1.87827e-09 1.20209e-07 4.53631e-06 0.000100939 0.00132436 0.0102464 0.0467614 0.126076 0.202399 0.200981 0.143918 0.102468 0.0767141 0.0470512 0.0232274 0.0107691 0.0048324 0.00199882 0.000758113 0.000261517 8.04509e-05 2.13059e-05 4.77768e-06 9.36605e-07
 1.76436e-11 1.91504e-09 1.22563e-07 4.62513e-06 0.000102915 0.00135028 0.010447 0.0476759 0.128529 0.20624 0.204332 0.145062 0.101517 0.074691 0.0445891 0.0207483 0.00883955 0.00368261 0.00143522 0.000518443 0.000170386 4.95145e-05 1.24447e-05 2.63076e-06 4.55918e-07
 1.75689e-11 1.90694e-09 1.22044e-07 4.60555e-06 0.000102479 0.00134457 0.0104028 0.0474746 0.127992 0.20542 0.203721 0.145163 0.102292 0.0756072 0.0452104 0.0210134 0.0088372 0.00353526 0.00128071 0.000424531 0.00012944 3.53459e-05 8.3797e-06 1.66844e-06 2.7006e-07
 1.82094e-11 1.97646e-09 1.26493e-07 4.77346e-06 0.000106215 0.00139358 0.0107819 0.0492019 0.132611 0.212525 0.209316 0.14528 0.0973189 0.0694618 0.0409143 0.018733 0.00773459 0.0030518 0.00108795 0.000347339 9.89135e-05 2.47798e-05 5.40762e-06 1.00229e-06 1.51907e-07
 1.83711e-11 1.994e-09 1.27616e-07 4.81583e-06 0.000107158 0.00140595 0.0108776 0.0496383 0.133783 0.214377 0.211003 0.146067 0.0972265 0.0687084 0.03957 0.0171459 0.00650631 0.00240259 0.000826224 0.000257744 7.16089e-05 1.71894e-05 3.50059e-06 5.95754e-07 8.29947e-08
 1.87147e-11 2.0313e-09 1.30003e-07 4.9059e-06 0.000109162 0.00143225 0.0110809 0.0505649 0.13626 0.218182 0.213976 0.146052 0.0944489 0.0653656 0.0373608 0.0160843 0.00600024 0.00212884 0.00068393 0.000197486 5.1802e-05 1.19826e-05 2.35613e-06 3.81372e-07 4.95061e-08
 1.9592e-11 2.12652e-09 1.36097e-07 5.13588e-06 0.00011428 0.00149939 0.0116002 0.0529309 0.142587 0.227917 0.221646 0.146229 0.0876593 0.0569448 0.0314251 0.0128893 0.00445179 0.0014781 0.00045668 0.000126617 3.12286e-05 6.70775e-06 1.23561e-06 1.90386e-07 2.36199e-08
 1.95943e-11 2.12677e-09 1.36113e-07 5.13648e-06 0.000114293 0.00149956 0.0116016 0.0529372 0.142606 0.227959 0.221745 0.146446 0.0879764 0.0571612 0.031356 0.0126102 0.00417475 0.00130692 0.000376639 9.68116e-05 2.24026e-05 4.55625e-06 7.88284e-07 1.13136e-07 1.31359e-08
 1.93821e-11 2.10374e-09 1.34639e-07 5.08086e-06 0.000113055 0.00148332 0.011476 0.0523652 0.141078 0.225621 0.219967 0.146617 0.0899469 0.0594252 0.0327236 0.0131038 0.00428378 0.00131281 0.000365739 8.90701e-05 1.91907e-05 3.60968e-06 5.80053e-07 7.78653e-08 8.45754e-09
 1.98428e-11 2.15375e-09 1.3784e-07 5.20164e-06 0.000115743 0.00151858 0.0117487 0.0536074 0.144397 0.230708 0.223878 0.146385 0.0858856 0.0546689 0.0297314 0.0118698 0.00387378 0.00118267 0.000326514 7.80553e-05 1.62792e-05 2.91013e-06 4.36319e-07 5.41219e-08 5.43848e-09
 2.02572e-11 2.19873e-09 1.40718e-07 5.31027e-06 0.00011816 0.00155029 0.0119939 0.054725 0.147386 0.235309 0.227517 0.146512 0.0827422 0.0507255 0.02689 0.0102812 0.00308666 0.000863357 0.00022788 5.36248e-05 1.10683e-05 1.94428e-06 2.82487e-07 3.33554e-08 3.13709e-09
 2.06691e-11 2.24343e-09 1.43579e-07 5.41823e-06 0.000120562 0.00158181 0.0122377 0.0558355 0.150353 0.239858 0.231017 0.146317 0.0791321 0.0464918 0.0242203 0.00916917 0.00270244 0.000728631 0.000180967 3.92259e-05 7.52279e-06 1.26776e-06 1.80391e-07 2.08811e-08 1.90453e-09
 2.07323e-11 2.25029e-09 1.44018e-07 5.4348e-06 0.000120931 0.00158665 0.0122751 0.056006 0.15081 0.240565 0.231599 0.146411 0.0787666 0.0459654 0.023754 0.00882074 0.00248948 0.000634671 0.000151165 3.15708e-05 5.74004e-06 8.99375e-07 1.18651e-07 1.29739e-08 1.14293e-09
 2.12323e-11 2.30456e-09 1.47492e-07 5.56587e-06 0.000123847 0.00162491 0.012571 0.0573542 0.154413 0.246091 0.235868 0.146228 0.074462 0.0408689 0.0204708 0.00737909 0.001959 0.000456452 0.000100536 1.97095e-05 3.3839e-06 5.04075e-07 6.29961e-08 6.44309e-09 5.28209e-10
 2.16881e-11 2.35403e-09 1.50658e-07 5.68536e-06 0.000126506 0.00165979 0.0128408 0.0585832 0.157697 0.251124 0.239734 0.145992 0.0704329 0.0361536 0.0175079 0.00616258 0.00156145 0.000336251 6.81001e-05 1.22665e-05 1.92217e-06 2.63516e-07 3.07361e-08 2.95941e-09 2.28753e-10
 2.16072e-11 2.34525e-09 1.50096e-07 5.66414e-06 0.000126034 0.0016536 0.0127929 0.0583651 0.157114 0.250234 0.239064 0.146078 0.0712158 0.0370359 0.0180158 0.0063169 0.00157662 0.00032923 6.3883e-05 1.08445e-05 1.56534e-06 1.95379e-07 2.07141e-08 1.81989e-09 1.29799e-10
 2.21585e-11 2.40509e-09 1.53926e-07 5.80867e-06 0.00012925 0.00169579 0.0131192 0.0598516 0.161086 0.256314 0.24371 0.145709 0.0662148 0.0312471 0.0144656 0.00496141 0.00120032 0.00023769 4.37853e-05 7.15467e-06 9.92033e-07 1.1731e-07 1.15683e-08 9.29109e-10 6.01006e-11
 2.26071e-11 2.45378e-09 1.57042e-07 5.92626e-06 0.000131866 0.00173011 0.0133847 0.0610611 0.164317 0.261266 0.247508 0.145458 0.0622203 0.0265852 0.0115532 0.00378689 0.000833118 0.000135312 1.97526e-05 2.77592e-06 3.53329e-07 3.93651e-08 3.69795e-09 2.82039e-10 1.70905e-11
 2.2436e-11 2.43521e-09 1.55853e-07 5.88141e-06 0.000130868 0.00171702 0.0132835 0.0605998 0.163085 0.259379 0.246068 0.145578 0.0637812 0.0283881 0.0126538 0.00420064 0.000942677 0.000159051 2.37613e-05 3.1364e-06 3.37848e-07 3.05253e-08 2.43369e-09 1.67761e-10 9.50998e-12
#obs catch len freq
 3.97251e-11 3.68159e-09 2.01183e-07 6.4824e-06 0.00012316 0.00137979 0.00911681 0.0355644 0.0823612 0.116511 0.114516 0.109651 0.120995 0.12175 0.104936 0.0809805 0.0533711 0.0289585 0.013081 0.00487742 0.00144162 0.000320845 5.11185e-05 5.58504e-06 4.04751e-07
 5.47032e-11 4.88968e-09 2.57712e-07 8.00898e-06 0.000146761 0.00158582 0.0101065 0.0380341 0.0850574 0.116769 0.113526 0.110705 0.123149 0.123172 0.105547 0.0797765 0.0503126 0.0258198 0.0110388 0.00389889 0.00108444 0.000225146 3.32799e-05 3.36443e-06 2.25177e-07
 4.11988e-11 3.54571e-09 1.79932e-07 5.38397e-06 9.49939e-05 0.000988409 0.00606862 0.0220577 0.04827 0.0689577 0.0841363 0.116553 0.152463 0.156685 0.134153 0.100112 0.061485 0.0303365 0.0122858 0.00406162 0.00105187 0.000202801 2.77457e-05 2.58717e-06 1.59319e-07
 2.01165e-11 1.66425e-09 8.11839e-08 2.33515e-06 3.96073e-05 0.00039626 0.00234212 0.00824571 0.0180247 0.0290518 0.049034 0.0897131 0.138031 0.17312 0.18284 0.151331 0.0924321 0.0429354 0.0161099 0.00493112 0.00118085 0.000209801 2.63847e-05 2.25872e-06 1.27591e-07
 3.43903e-10 2.73074e-08 1.27853e-06 3.52964e-05 0.000574561 0.00551481 0.0312118 0.104168 0.205092 0.23873 0.166341 0.0749271 0.0332946 0.0301534 0.0356165 0.0332317 0.0228166 0.0118269 0.00468657 0.00140594 0.00031437 5.12095e-05 5.87973e-06 4.59281e-07 2.36746e-08
 2.09962e-10 1.59787e-08 7.17013e-07 1.89716e-05 0.000295993 0.00272348 0.0147899 0.0475946 0.0926636 0.120116 0.137925 0.174378 0.186463 0.131648 0.0590987 0.0195497 0.00717663 0.00343127 0.00150369 0.000490115 0.000112412 1.77764e-05 1.90762e-06 1.36591e-07 6.40779e-09
 5.11866e-10 3.72839e-08 1.6013e-06 4.05519e-05 0.000605537 0.00533181 0.0276878 0.084875 0.154325 0.170627 0.128832 0.0941873 0.088884 0.0893834 0.0776513 0.0497336 0.0209425 0.00562954 0.00105222 0.000174637 3.02431e-05 4.5129e-06 4.74523e-07 3.26533e-08 1.43731e-09
 6.67973e-10 4.65088e-08 1.9094e-06 4.62221e-05 0.000659777 0.00555364 0.0275796 0.0809949 0.142398 0.159044 0.140294 0.134583 0.126845 0.0914865 0.0510522 0.0247381 0.0103591 0.00339934 0.00081188 0.000135703 1.59399e-05 1.40734e-06 1.0089e-07 5.71237e-09 2.2933e-10
 9.95858e-10 6.6201e-08 2.59489e-06 5.99739e-05 0.000817336 0.0065686 0.0311441 0.0873238 0.146564 0.156212 0.131572 0.122327 0.117047 0.0929202 0.0605135 0.0314566 0.0117968 0.0030309 0.000555278 7.88459e-05 8.88664e-06 7.46255e-07 4.37177e-08 1.75345e-09 4.88422e-11
 1.44955e-09 9.18979e-08 3.4353e-06 7.57203e-05 0.000984143 0.00754313 0.034115 0.0913164 0.146915 0.152837 0.131807 0.127236 0.119582 0.0902444 0.055698 0.0279324 0.0104024 0.00272552 0.000506563 6.83138e-05 6.71591e-06 4.78094e-07 2.44012e-08 8.73914e-10 2.12524e-11
 2.2156e-09 1.33817e-07 4.76561e-06 0.000100073 0.00123912 0.00904827 0.0389911 0.0994974 0.153008 0.153854 0.131689 0.126733 0.116101 0.0848844 0.0504813 0.0238996 0.00818226 0.00192477 0.000318003 3.87375e-05 3.53671e-06 2.35164e-07 1.09394e-08 3.45983e-10 7.31299e-12
 3.40026e-09 1.95459e-07 6.62499e-06 0.000132405 0.00156037 0.0108448 0.044486 0.108141 0.158986 0.155077 0.13279 0.127464 0.112516 0.0778687 0.0434415 0.0191521 0.00604308 0.00128443 0.000185906 1.92624e-05 1.48549e-06 8.49839e-08 3.49547e-09 9.98235e-11 1.91997e-12
 4.9215e-09 2.69009e-07 8.67011e-06 0.000164768 0.00184641 0.0122033 0.0476168 0.110261 0.15547 0.149447 0.132739 0.131069 0.114202 0.0775649 0.0424961 0.0181609 0.00547882 0.00110536 0.000150783 1.44886e-05 1.00775e-06 5.0442e-08 1.77783e-09 4.32783e-11 7.15747e-13
 7.99921e-09 4.1541e-07 1.27202e-05 0.000229669 0.00244522 0.0153543 0.0569218 0.125233 0.167769 0.153147 0.129048 0.121434 0.102285 0.0683877 0.0369975 0.0153475 0.0044219 0.000846001 0.000109206 9.90853e-06 6.47161e-07 3.0107e-08 9.71694e-10 2.12725e-11 3.10754e-13
 9.91603e-09 4.88871e-07 1.42115e-05 0.0002436 0.00246232 0.0146825 0.0517457 0.108827 0.143 0.140102 0.14141 0.146496 0.120355 0.0747593 0.0371074 0.0142116 0.00381231 0.000681383 8.212e-05 6.94251e-06 4.21956e-07 1.82605e-08 5.4766e-10 1.11075e-11 1.49527e-13
 1.77246e-08 8.29011e-07 2.28629e-05 0.000371789 0.00356517 0.0201656 0.0673818 0.134015 0.164551 0.14476 0.126614 0.12082 0.0996261 0.0659464 0.0347699 0.013359 0.00340812 0.00055833 5.98368e-05 4.40029e-06 2.32054e-07 8.85516e-09 2.38804e-10 4.41216e-12 5.44567e-14
 2.50785e-08 1.11212e-06 2.90797e-05 0.000448358 0.00407658 0.0218676 0.0693645 0.131598 0.157516 0.144538 0.139095 0.133802 0.100981 0.0581366 0.026679 0.00926409 0.00221463 0.00034902 3.66845e-05 2.65885e-06 1.35464e-07 4.80858e-09 1.16478e-10 1.8962e-12 2.0559e-14
 3.79948e-08 1.59668e-06 3.95643e-05 0.000578077 0.00498096 0.0253229 0.0761614 0.137287 0.157514 0.141999 0.136443 0.12935 0.096913 0.0564996 0.0259868 0.00869622 0.00192788 0.00027233 2.4798e-05 1.52073e-06 6.59905e-08 2.06792e-09 4.59171e-11 6.97682e-13 7.04036e-15
 5.37105e-08 2.13806e-06 5.01844e-05 0.000694578 0.00566939 0.02731 0.0779094 0.133884 0.149577 0.138505 0.139451 0.132681 0.098803 0.0578942 0.0265902 0.00876119 0.0019174 0.000273549 2.59856e-05 1.691e-06 7.59616e-08 2.31862e-09 4.71521e-11 6.32761e-13 5.59474e-15
 8.44035e-08 3.18159e-06 7.0716e-05 0.000926819 0.00716383 0.0326815 0.0883325 0.144081 0.153881 0.138335 0.135652 0.124764 0.0903916 0.0518058 0.0230004 0.00720597 0.00148618 0.00019959 1.79648e-05 1.12467e-06 4.96391e-08 1.51802e-09 3.12491e-11 4.22697e-13 3.69315e-15
 1.1925e-07 4.25563e-06 8.95491e-05 0.00111114 0.00813171 0.0351363 0.0901005 0.14053 0.147936 0.139074 0.141885 0.128321 0.0896156 0.0493759 0.0209819 0.00628178 0.00124617 0.000163118 1.44942e-05 8.97482e-07 3.87349e-08 1.142e-09 2.25089e-11 2.92118e-13 2.4663e-15
 1.79736e-07 6.07156e-06 0.000120937 0.00142047 0.0098407 0.0402597 0.0978419 0.145236 0.147733 0.13767 0.1389 0.1231 0.0852087 0.0466669 0.0193158 0.00551082 0.00103006 0.000126641 1.05961e-05 6.22156e-07 2.56897e-08 7.29635e-10 1.38861e-11 1.73539e-13 1.40257e-15
 2.47139e-07 7.90199e-06 0.00014898 0.00165632 0.0108627 0.0420956 0.0971753 0.138724 0.141594 0.140163 0.145785 0.126834 0.0853948 0.045413 0.0181316 0.00498631 0.00090747 0.000110383 9.23199e-06 5.38405e-07 2.16533e-08 5.87609e-10 1.05705e-11 1.24511e-13 9.498e-16
 4.16005e-07 1.259e-05 0.00022467 0.00236422 0.0146755 0.0538171 0.117451 0.157803 0.149227 0.134352 0.129902 0.109278 0.0730132 0.0384276 0.0148346 0.00387109 0.000663344 7.60026e-05 6.0268e-06 3.36708e-07 1.30992e-08 3.45615e-10 6.03662e-12 6.85547e-14 4.99192e-16
 5.52521e-07 1.58281e-05 0.000267368 0.00266338 0.0156538 0.0544132 0.113136 0.148009 0.145698 0.145126 0.144147 0.114108 0.0690091 0.032769 0.0116234 0.00284215 0.000463253 5.1011e-05 3.8983e-06 2.08637e-07 7.70525e-09 1.91925e-10 3.16364e-12 3.40054e-14 2.35175e-16
 7.81582e-07 2.11958e-05 0.000338942 0.00319639 0.0177875 0.0585796 0.115727 0.145543 0.142189 0.143809 0.142636 0.113077 0.0696053 0.0331641 0.011335 0.00257252 0.000377908 3.6647e-05 2.44388e-06 1.15535e-07 3.86392e-09 8.90401e-11 1.37268e-12 1.3833e-14 8.95705e-17
 1.22775e-06 3.15233e-05 0.000477258 0.00426124 0.022452 0.0700165 0.131037 0.156327 0.145216 0.1397 0.131971 0.100404 0.0596578 0.0273167 0.00890694 0.00192603 0.000270724 2.52045e-05 1.60245e-06 7.06794e-08 2.14602e-09 4.40389e-11 6.01289e-13 5.39897e-15 3.15151e-17
 1.58989e-06 3.86536e-05 0.000554146 0.00468555 0.0233895 0.069244 0.124131 0.146841 0.146051 0.15239 0.143001 0.102049 0.0556676 0.0233468 0.00701019 0.0014001 0.000181524 1.55435e-05 9.08913e-07 3.70617e-08 1.04719e-09 2.00385e-11 2.53797e-13 2.0915e-15 1.10709e-17
#spawning biomass
 35743.6 32316.6 22923.8 15221.6 15143.6 22594.5 28997.3 32672.4 38013.1 42398.8 48282.7 61432.4 71083.8 71699.2 75236.6 71113.6 84477.3 90852.2 91846.3 81374.7 89259 95339.1 82297.8 81868 94808.5 97066.7 74288.9 111091 184380 351672 390264 377468 336988 287473 239930 199361 167088 142567 124519 111537 102353 95936.8 91468.5 88335.3 86236.5 84830.6 83888.9 83258.1 82835.5 82552.5 82362.9 82235.9 82150.8 82093.9 82055.7 82030.1 82013 82001.5 81993.8 81988.7 81985.2 81982.9 81981.4 81980.3 81979.6 81979.2 81978.9 81978.7 81978.5 81978.4 81978.4 81978.3 81978.3 81978.3 81978.3 81978.3 81978.3 81978.2 81978.2 81978.2 81978.2 81978.2 81978.2 81978.2 81978.2 81978.2 81978.2 81978.2 81978.2 81978.2 81978.2 81978.2 81978.2 81978.2 81978.2 81978.2 81978.2 81978.2 81978.2 81978.2 81978.2 81978.2 81978.2 81978.2 81978.2 81978.2 81978.2 81978.2 81978.2 81978.2 81978.2 81978.2 81978.2 81978.2 81978.2 81978.2 81978.2 81978.2 81978.2 81978.2 81978.2 81978.2 81978.2 81978.2 81978.2 81978.2 81978.2 81978.2 0 0 0 0 0 0 0 0 0 0 0 0 0 0 0 0 0 0 0 0 0 0 0 0 0
