SBPRF35
0.175648
Curr Bio
212943
B35
211975
F35
0.660906
FOFL
0.660906
OFL
95441.4
Bzero
50185.1
#pred survey bio
 2448.01 2813.65 4606.41 6983.22 11443.4 17684.1 27108.9 38052.4 58578.5 84381.7 98135.5 124783 150482 149789 133951 135467 125616 133930 128761 124449 135198 134628 140316 144125 161918 158993 171232 212318 6.26192e+06 5.9812e+06 3.48306e+06 1.94913e+06 1.16248e+06 786837 608848 521664 476605 452006 437974 429732 424805 421833 420024 418915 418254 417859 417623 417481 417396 417345 417314 417295 417284 417278 417274 417271 417270 417269 417268 417268 417268 417268 417268 417267 417267 417267 417267 417267 417267 417267 417267 417267 417267 417267 417267 417267 417267 417267 417267 417267 417267 417267 417267 417267 417267 417267 417267 417267 417267 417267 417267 417267 417267 417267 417267 417267 417267 417267 417267 417267 417267 417267 417267 417267 417267 417267 417267 417267 417267 417267 417267 417267 417267 417267 417267 417267 417267 417267 417267 417267 417267 417267 417267 417267 417267 417267 417267 417267 0 0 0 0 0 0 0 0 0 0 0 0 0 0 0 0 0 0 0 0 0 0 0 0 0
#obs survey bio
 2233.54 3231.45 6003.48 6622.13 12404.1 12115.9 34112 48868.4 72603.2 97082.1 102393 137388 126170 138964 132390 97103.9 120108 159624 140807 175340 150378 124977 133875 150105 249228 155446 144950 201859
#pred catch bio
 1242 1215.24 2197.05 3130.49 5662.16 8403.95 14231.8 17642.5 27354.7 50860.2 56965.6 73443.1 97976.5 102445 86217 95079 82184.7 92306.8 90248.1 84554.1 98293.7 97933.3 106411 103895 123492 119493 121462 124710 95441.4 105781 56069.6 27877.2 14878.8 9557.78 7539.26 6812.19 6559.73 6474.36 6446.07 6436.82 6433.84 6432.88 6432.58 6432.48 6432.45 6432.44 6432.44 6432.44 6432.44 6432.44 6432.44 6432.44 6432.44 6432.44 6432.44 6432.44 6432.44 6432.44 6432.44 6432.44 6432.44 6432.44 6432.44 6432.44 6432.44 6432.44 6432.44 6432.44 6432.44 6432.44 6432.44 6432.44 6432.44 6432.44 6432.44 6432.44 6432.44 6432.44 6432.44 6432.44 6432.44 6432.44 6432.44 6432.44 6432.44 6432.44 6432.44 6432.44 6432.44 6432.44 6432.44 6432.44 6432.44 6432.44 6432.44 6432.44 6432.44 6432.44 6432.44 6432.44 6432.44 6432.44 6432.44 6432.44 6432.44 6432.44 6432.44 6432.44 6432.44 6432.44 6432.44 6432.44 6432.44 6432.44 6432.44 6432.44 6432.44 6432.44 6432.44 6432.44 6432.44 6432.44 6432.44 6432.44 6432.44 6432.44 6432.44 6432.44 0 0 0 0 0 0 0 0 0 0 0 0 0 0 0 0 0 0 0 0 0 0 0 0 0
#obs catch bio
 843.737 1179.28 2113.43 2991.29 5472.26 8118.33 12798.2 15994.8 23646.3 45311.9 55766.2 69426.3 101243 105313 81830.6 96458 82849.3 89864.9 81347.3 77465.9 91285 90846.6 102812 98262.9 108320 109451 116742 122053
#pred cpue bio
 2199.15 2334.72 3874.2 5846.06 9535.64 14720.2 22804.6 31818.5 49308.8 71796.3 82102.9 104632 127145 127661 114103 114687 105490 112604 108704 103822 112191 111399 115153 117277 132825 130384 138554 172131 5.34123e+06 5.94811e+06 3.45116e+06 1.91724e+06 1.13058e+06 754944 576955 489771 444712 420112 406081 397838 392912 389940 388131 387022 386361 385966 385730 385588 385503 385451 385421 385402 385391 385384 385380 385378 385376 385376 385375 385375 385375 385374 385374 385374 385374 385374 385374 385374 385374 385374 385374 385374 385374 385374 385374 385374 385374 385374 385374 385374 385374 385374 385374 385374 385374 385374 385374 385374 385374 385374 385374 385374 385374 385374 385374 385374 385374 385374 385374 385374 385374 385374 385374 385374 385374 385374 385374 385374 385374 385374 385374 385374 385374 385374 385374 385374 385374 385374 385374 385374 385374 385374 385374 385374 385374 385374 385374 385374 0 0 0 0 0 0 0 0 0 0 0 0 0 0 0 0 0 0 0 0 0 0 0 0 0
#obs cpue bio
 1194.36 2461.09 4041.38 6779.8 10353.4 22430.1 39961.9 34155.6 81474.8 80391.6 61847.2 134342 107825 133951 158389 138254 100230 123966 167234 100923 131629 159612 132125 143002 171118 171356 177705 198686
#pred surv len freq
 1.44256e-11 1.56645e-09 1.00286e-07 3.78528e-06 8.4236e-05 0.00110521 0.00855003 0.039015 0.105212 0.169294 0.170231 0.127866 0.0996865 0.0817995 0.0581246 0.0382791 0.0261377 0.0183772 0.013433 0.0103825 0.00861718 0.00774412 0.00707455 0.00563555 0.00334726
 1.73445e-11 1.88341e-09 1.20578e-07 4.5512e-06 0.00010128 0.00132883 0.0102797 0.0469013 0.12639 0.202658 0.2004 0.141492 0.0982499 0.0725871 0.0448582 0.0230882 0.0119975 0.00679063 0.00411009 0.00266045 0.00187323 0.00146848 0.00123337 0.000955432 0.000571271
 1.61496e-11 1.75365e-09 1.1227e-07 4.23764e-06 9.43027e-05 0.00123729 0.00957185 0.0436783 0.117797 0.189621 0.191012 0.144195 0.112238 0.0882166 0.0542541 0.0261596 0.0117296 0.00521416 0.0023143 0.00110896 0.000601708 0.00037693 0.000269723 0.00019296 0.000112486
 1.63818e-11 1.77887e-09 1.13885e-07 4.29858e-06 9.56586e-05 0.00125508 0.0097094 0.0443044 0.119463 0.192119 0.192669 0.143227 0.108948 0.0851926 0.0536051 0.0273188 0.0129182 0.00563686 0.00218571 0.000796343 0.000296818 0.000126336 6.65722e-05 3.99197e-05 2.15748e-05
 1.66125e-11 1.80392e-09 1.15488e-07 4.35911e-06 9.70057e-05 0.00127275 0.00984607 0.0449269 0.121126 0.194674 0.194663 0.143209 0.107048 0.0828339 0.0519145 0.0264542 0.0126736 0.00573253 0.00231632 0.000828876 0.000262265 7.75305e-05 2.50107e-05 1.01298e-05 4.50584e-06
 1.66049e-11 1.80309e-09 1.15436e-07 4.35712e-06 9.69615e-05 0.00127217 0.0098416 0.044907 0.121079 0.19465 0.194884 0.143999 0.108322 0.0837438 0.0517035 0.0254296 0.0116835 0.00517453 0.00210062 0.000770848 0.000248157 6.82784e-05 1.64724e-05 3.96549e-06 1.11657e-06
 1.60904e-11 1.74722e-09 1.11859e-07 4.22212e-06 9.39571e-05 0.00123275 0.00953678 0.0435184 0.117366 0.188932 0.190342 0.143769 0.112115 0.0885914 0.0553267 0.0275674 0.0127504 0.0055571 0.00218035 0.000778295 0.000249612 6.92803e-05 1.61158e-05 3.13675e-06 5.52943e-07
 1.63962e-11 1.78043e-09 1.13985e-07 4.30237e-06 9.57429e-05 0.00125618 0.00971796 0.0443437 0.119572 0.192318 0.192981 0.143739 0.109609 0.0855549 0.0532722 0.0265635 0.0123388 0.00542092 0.00213865 0.000756165 0.000236442 6.40666e-05 1.47163e-05 2.7733e-06 4.20535e-07
 1.60895e-11 1.74712e-09 1.11852e-07 4.22187e-06 9.39517e-05 0.00123268 0.00953621 0.0435156 0.117355 0.18889 0.190186 0.143362 0.111492 0.0881466 0.0554221 0.0280716 0.0132734 0.00589458 0.00234059 0.00083285 0.00026105 7.00774e-05 1.57695e-05 2.90243e-06 4.24523e-07
 1.55565e-11 1.68925e-09 1.08148e-07 4.08203e-06 9.08397e-05 0.00119185 0.00922046 0.042077 0.113508 0.182953 0.185412 0.142929 0.115097 0.0928529 0.0590207 0.030344 0.0146273 0.00661826 0.00267659 0.000966985 0.000306113 8.26464e-05 1.85865e-05 3.38489e-06 4.85088e-07
 1.63473e-11 1.77512e-09 1.13645e-07 4.28952e-06 9.54571e-05 0.00125243 0.00968897 0.0442118 0.119222 0.191807 0.192705 0.144146 0.110612 0.0864001 0.0533356 0.0260695 0.0118979 0.00526841 0.00214794 0.000790975 0.000255368 7.00779e-05 1.5933e-05 2.91511e-06 4.16475e-07
 1.61814e-11 1.75711e-09 1.12492e-07 4.24601e-06 9.44887e-05 0.00123973 0.00959074 0.0437647 0.118032 0.190014 0.191481 0.144737 0.11287 0.0887329 0.05442 0.0260047 0.0114066 0.00480412 0.00185644 0.000659622 0.000211894 5.89834e-05 1.36648e-05 2.53981e-06 3.66479e-07
 1.57897e-11 1.71458e-09 1.09769e-07 4.14323e-06 9.22016e-05 0.00120972 0.00935869 0.0427076 0.115206 0.185671 0.188072 0.144697 0.115964 0.0925626 0.0571301 0.0274602 0.0120721 0.00502164 0.00187693 0.000634098 0.000193197 5.18551e-05 1.18937e-05 2.23136e-06 3.27063e-07
 1.52913e-11 1.66046e-09 1.06304e-07 4.01245e-06 8.92913e-05 0.00117154 0.00906343 0.041363 0.111617 0.18019 0.183946 0.145228 0.120777 0.0979811 0.0602452 0.0284107 0.0121843 0.00500264 0.00186193 0.00062166 0.000183621 4.6975e-05 1.02561e-05 1.86164e-06 2.70027e-07
 1.53153e-11 1.66306e-09 1.06471e-07 4.01873e-06 8.94312e-05 0.00117338 0.00907763 0.0414277 0.11179 0.180455 0.184154 0.145228 0.120593 0.0977819 0.0601552 0.0283924 0.0121435 0.00492571 0.00179568 0.000588014 0.000171383 4.30839e-05 9.10618e-06 1.58057e-06 2.19611e-07
 1.56915e-11 1.70391e-09 1.09086e-07 4.11745e-06 9.1628e-05 0.0012022 0.00930049 0.0424424 0.114496 0.184571 0.187164 0.14454 0.11652 0.0933901 0.0579027 0.0280632 0.0124315 0.00515132 0.0018863 0.000612575 0.000175451 4.32354e-05 8.965e-06 1.5197e-06 2.0415e-07
 1.60238e-11 1.74e-09 1.11396e-07 4.20465e-06 9.35685e-05 0.00122766 0.0094974 0.0433401 0.116905 0.188348 0.190495 0.145784 0.115746 0.0913965 0.0551614 0.0252023 0.0103771 0.00416709 0.00154609 0.000514281 0.000148981 3.65439e-05 7.46203e-06 1.23988e-06 1.62891e-07
 1.59819e-11 1.73544e-09 1.11104e-07 4.19364e-06 9.33234e-05 0.00122444 0.00947252 0.0432266 0.116599 0.187855 0.189998 0.14542 0.115546 0.091512 0.0557388 0.0259795 0.0108788 0.00428665 0.00150732 0.000478212 0.000137106 3.40702e-05 7.03033e-06 1.16509e-06 1.51003e-07
 1.57381e-11 1.70897e-09 1.0941e-07 4.12967e-06 9.18999e-05 0.00120577 0.00932811 0.042569 0.114845 0.185193 0.188072 0.145932 0.11828 0.0944006 0.0571252 0.0260681 0.0106322 0.00415498 0.00146972 0.000462297 0.000127812 3.04876e-05 6.17476e-06 1.02552e-06 1.3362e-07
 1.63429e-11 1.77464e-09 1.13614e-07 4.28837e-06 9.54315e-05 0.0012521 0.00968642 0.0442011 0.119206 0.19188 0.193245 0.145747 0.113146 0.0883232 0.0532191 0.0243349 0.0099297 0.00384067 0.00133132 0.000411793 0.00011303 2.66296e-05 5.24226e-06 8.43015e-07 1.07781e-07
 1.65851e-11 1.80094e-09 1.15298e-07 4.35192e-06 9.68458e-05 0.00127065 0.00982992 0.0448548 0.120954 0.194577 0.195406 0.145919 0.111463 0.0861288 0.0515331 0.0232826 0.00934935 0.00358168 0.00123699 0.000379726 0.000102636 2.37754e-05 4.61481e-06 7.29447e-07 9.09733e-08
 1.66627e-11 1.80937e-09 1.15837e-07 4.37228e-06 9.72988e-05 0.0012766 0.0098759 0.0450647 0.121521 0.195493 0.19635 0.146667 0.111986 0.0861534 0.0507541 0.022021 0.00829576 0.00301714 0.001012 0.000305498 8.17667e-05 1.87614e-05 3.59166e-06 5.58528e-07 6.84945e-08
 1.70381e-11 1.85014e-09 1.18447e-07 4.4708e-06 9.94911e-05 0.00130536 0.0100983 0.0460779 0.124228 0.199647 0.199576 0.146594 0.108867 0.0824409 0.0483492 0.0209222 0.00780947 0.00276505 0.000882464 0.00025116 6.42837e-05 1.43738e-05 2.71056e-06 4.16374e-07 5.03595e-08
 1.73771e-11 1.88695e-09 1.20804e-07 4.55975e-06 0.000101471 0.00133133 0.0102992 0.046993 0.126677 0.203436 0.202666 0.147014 0.106785 0.0795521 0.0459159 0.0191985 0.00677109 0.00228682 0.000711194 0.000197067 4.82889e-05 1.02204e-05 1.83566e-06 2.72948e-07 3.23648e-08
 1.70233e-11 1.84853e-09 1.18345e-07 4.46692e-06 9.94048e-05 0.00130423 0.0100896 0.0460382 0.124125 0.199515 0.199596 0.147002 0.109615 0.0830301 0.0483396 0.0204585 0.007324 0.00246565 0.000741212 0.000195315 4.58169e-05 9.34565e-06 1.60682e-06 2.27016e-07 2.56773e-08
 1.70229e-11 1.84849e-09 1.18342e-07 4.46681e-06 9.94024e-05 0.0013042 0.0100893 0.0460373 0.124124 0.199526 0.199667 0.147207 0.109929 0.0832343 0.0482423 0.0201617 0.00707325 0.00235237 0.00070869 0.000186823 4.29283e-05 8.39874e-06 1.37697e-06 1.8596e-07 2.00883e-08
 1.76243e-11 1.91379e-09 1.22523e-07 4.62462e-06 0.000102914 0.00135027 0.0104456 0.0476601 0.128458 0.206161 0.204742 0.146833 0.104528 0.0769709 0.0443831 0.0186564 0.00661664 0.00220872 0.00065911 0.000171309 3.90538e-05 7.59762e-06 1.22362e-06 1.59509e-07 1.64677e-08
 1.75442e-11 1.90509e-09 1.21965e-07 4.60359e-06 0.000102446 0.00134413 0.0103982 0.0474437 0.12788 0.205272 0.204047 0.146831 0.105168 0.0777501 0.0449123 0.0189236 0.00674323 0.00226716 0.000682586 0.000178582 4.06202e-05 7.82448e-06 1.24677e-06 1.60746e-07 1.62866e-08
#obs surv len freq
 1.77257e-11 1.9248e-09 1.23227e-07 4.65123e-06 0.000103506 0.00135803 0.0105056 0.0479308 0.129143 0.206873 0.203519 0.14071 0.0941108 0.0697346 0.0465635 0.0267646 0.0137815 0.00604253 0.0021278 0.000584154 0.000121528 1.86475e-05 2.05886e-06 1.59171e-07 8.37549e-09
 1.58685e-11 1.72313e-09 1.10316e-07 4.1639e-06 9.26617e-05 0.00121576 0.00940561 0.0429251 0.115825 0.186834 0.189614 0.145783 0.115403 0.0910898 0.0566259 0.0274862 0.0115981 0.00432219 0.0013524 0.000343779 6.82648e-05 1.00643e-05 1.05541e-06 7.63178e-08 3.71622e-09
 1.66692e-11 1.81008e-09 1.15883e-07 4.37399e-06 9.73371e-05 0.0012771 0.00988002 0.0450864 0.121601 0.195665 0.196159 0.144256 0.106239 0.0815922 0.0527238 0.0276875 0.0121372 0.0042116 0.00111115 0.000228601 3.76546e-05 4.85062e-06 4.63313e-07 3.11618e-08 1.41805e-09
 1.61967e-11 1.75877e-09 1.12598e-07 4.25001e-06 9.45781e-05 0.00124091 0.00960034 0.0438163 0.118249 0.190786 0.193325 0.14666 0.112188 0.0862694 0.053951 0.027015 0.0114764 0.00399755 0.00107292 0.000216113 3.2219e-05 3.51215e-06 2.78093e-07 1.58136e-08 6.29353e-10
 1.67834e-11 1.82248e-09 1.16677e-07 4.40398e-06 9.80046e-05 0.00128587 0.00994814 0.0454027 0.122509 0.197441 0.198854 0.147254 0.10763 0.0801648 0.0496979 0.0248321 0.0103517 0.00345285 0.00087759 0.00016846 2.41788e-05 2.51757e-06 1.84148e-07 9.2549e-09 3.15116e-10
 1.60061e-11 1.73807e-09 1.11273e-07 4.20001e-06 9.34658e-05 0.00122633 0.00948799 0.0433118 0.116974 0.189249 0.193468 0.149465 0.115312 0.087258 0.0532901 0.0259028 0.0104953 0.00342516 0.000853427 0.000159052 2.18292e-05 2.15155e-06 1.48426e-07 7.00533e-09 2.21419e-10
 1.63639e-11 1.77692e-09 1.1376e-07 4.29389e-06 9.5555e-05 0.00125375 0.00970014 0.0442806 0.119586 0.193362 0.196902 0.14962 0.111887 0.0830333 0.0508814 0.0250801 0.0101564 0.0032292 0.00077084 0.000136867 1.78995e-05 1.6795e-06 1.09746e-07 4.87245e-09 1.44013e-10
 1.67597e-11 1.8199e-09 1.16512e-07 4.39775e-06 9.78664e-05 0.00128408 0.00993495 0.0453542 0.122495 0.198062 0.201347 0.151382 0.110106 0.078981 0.0467308 0.0221467 0.00864742 0.00267823 0.000625881 0.000108044 1.3544e-05 1.20305e-06 7.39154e-08 3.07692e-09 8.51228e-11
 1.56987e-11 1.7047e-09 1.09136e-07 4.11936e-06 9.16717e-05 0.00120283 0.00930709 0.042503 0.11496 0.186953 0.194066 0.154173 0.119969 0.0882612 0.0518776 0.0240814 0.00911094 0.0027152 0.000609131 0.000100996 1.21698e-05 1.03694e-06 6.07402e-08 2.39046e-09 6.20374e-11
 1.56392e-11 1.69823e-09 1.08722e-07 4.10374e-06 9.13243e-05 0.00119828 0.00927224 0.0423491 0.114591 0.18657 0.194156 0.154504 0.119705 0.0878683 0.052247 0.0246928 0.00935206 0.00271521 0.000581379 9.0939e-05 1.02924e-05 8.23836e-07 4.5405e-08 1.6828e-09 4.10963e-11
 1.49409e-11 1.62241e-09 1.03868e-07 3.92053e-06 8.72476e-05 0.00114482 0.00885942 0.0404788 0.109686 0.179517 0.190004 0.157018 0.126159 0.0932824 0.0550048 0.0256893 0.00961531 0.00276457 0.000585463 8.96191e-05 9.75145e-06 7.37844e-07 3.80184e-08 1.31054e-09 2.97303e-11
 1.46462e-11 1.5904e-09 1.01819e-07 3.84319e-06 8.55271e-05 0.00112226 0.00868546 0.0396934 0.107644 0.176615 0.188154 0.157162 0.127244 0.0948907 0.0571651 0.0274291 0.0104018 0.00297759 0.000622193 9.35823e-05 9.95696e-06 7.31094e-07 3.61767e-08 1.18362e-09 2.52105e-11
 1.3474e-11 1.46311e-09 9.367e-08 3.53562e-06 7.86833e-05 0.00103252 0.00799249 0.0365541 0.0994078 0.164735 0.180998 0.161057 0.137949 0.104201 0.0620549 0.0292289 0.0108908 0.00307618 0.000635141 9.39406e-05 9.74725e-06 6.92639e-07 3.29798e-08 1.03317e-09 2.09606e-11
 1.31236e-11 1.42507e-09 9.12347e-08 3.4437e-06 7.66384e-05 0.00100571 0.0077858 0.0356205 0.0969688 0.161161 0.178243 0.160071 0.138329 0.106491 0.06578 0.0321384 0.0121362 0.0033937 0.000685615 9.88165e-05 9.96997e-06 6.86794e-07 3.15548e-08 9.48611e-10 1.83687e-11
 1.39072e-11 1.51016e-09 9.66822e-08 3.64932e-06 8.12147e-05 0.00106577 0.00825064 0.0377431 0.102676 0.170041 0.185346 0.160156 0.131746 0.0983793 0.0601021 0.0293564 0.0111577 0.00315267 0.000641246 9.18845e-05 9.07504e-06 6.04642e-07 2.66749e-08 7.66737e-10 1.41516e-11
 1.3855e-11 1.5045e-09 9.63196e-08 3.63565e-06 8.09116e-05 0.00106184 0.00822166 0.0376314 0.102553 0.170727 0.188438 0.165463 0.135454 0.0972965 0.0557447 0.0253056 0.00902868 0.0024359 0.000479667 6.7088e-05 6.48209e-06 4.21157e-07 1.79946e-08 4.96899e-10 8.74693e-12
 1.30988e-11 1.42238e-09 9.10625e-08 3.43724e-06 7.64977e-05 0.00100399 0.00777556 0.0356173 0.0973059 0.16321 0.183641 0.166656 0.140623 0.103273 0.0604191 0.0276571 0.00969017 0.00250919 0.000469282 6.2324e-05 5.74415e-06 3.57688e-07 1.46838e-08 3.89513e-10 6.57103e-12
 1.4333e-11 1.5564e-09 9.96426e-08 3.76111e-06 8.37051e-05 0.00109856 0.00850718 0.0389513 0.106209 0.176771 0.193753 0.165656 0.130364 0.0917347 0.0525636 0.0236875 0.00814154 0.00205305 0.000369747 4.66632e-05 4.04437e-06 2.35683e-07 9.05443e-09 2.25344e-10 3.57743e-12
 1.34928e-11 1.46516e-09 9.38017e-08 3.54068e-06 7.88025e-05 0.00103436 0.00801334 0.03674 0.10061 0.169599 0.191926 0.172646 0.139799 0.0962015 0.0521017 0.0220089 0.00716355 0.00173255 0.000300804 3.64947e-05 3.01849e-06 1.66396e-07 5.9988e-09 1.39263e-10 2.05513e-12
 1.49476e-11 1.62313e-09 1.03915e-07 3.92242e-06 8.72978e-05 0.00114581 0.00887501 0.040658 0.110994 0.185021 0.202309 0.169417 0.127016 0.0840131 0.0448036 0.0184531 0.00569659 0.00127792 0.000204261 2.29159e-05 1.76743e-06 9.1395e-08 3.09574e-09 6.74057e-11 9.29809e-13
 1.39921e-11 1.51938e-09 9.72738e-08 3.6718e-06 8.17246e-05 0.00107285 0.00831451 0.0381553 0.104698 0.177085 0.200492 0.177179 0.136934 0.0883918 0.044336 0.0170472 0.00496777 0.00106158 0.000160969 1.69073e-05 1.20568e-06 5.7294e-08 1.78345e-09 3.58012e-11 4.56956e-13
 1.45994e-11 1.58533e-09 1.01496e-07 3.83118e-06 8.52726e-05 0.00111943 0.00867531 0.0398016 0.109083 0.183582 0.204534 0.17485 0.130763 0.0836372 0.0421877 0.0161066 0.00452194 0.000907156 0.000127612 1.24189e-05 8.21834e-07 3.62148e-08 1.04156e-09 1.92321e-11 2.25056e-13
 1.42689e-11 1.54944e-09 9.91991e-08 3.74455e-06 8.33491e-05 0.00109436 0.00848483 0.0389768 0.107184 0.181894 0.206041 0.179479 0.134066 0.0832046 0.0400731 0.0145984 0.00394069 0.000763056 0.000102925 9.46844e-06 5.83782e-07 2.3739e-08 6.27416e-10 1.06362e-11 1.14274e-13
 1.45272e-11 1.5775e-09 1.00995e-07 3.81241e-06 8.48621e-05 0.0011143 0.00864083 0.0397055 0.109228 0.185277 0.208894 0.179422 0.131382 0.0802827 0.038141 0.0135681 0.00351901 0.000646834 8.24172e-05 7.15615e-06 4.16023e-07 1.58933e-08 3.92239e-10 6.16683e-12 6.10879e-14
 1.42787e-11 1.55051e-09 9.92689e-08 3.74733e-06 8.34192e-05 0.00109556 0.00849966 0.0391057 0.107908 0.184284 0.210245 0.182588 0.133246 0.0797543 0.0367562 0.0126349 0.00316152 0.000559034 6.80895e-05 5.60327e-06 3.06332e-07 1.09482e-08 2.52061e-10 3.69083e-12 3.39953e-14
 1.44058e-11 1.56433e-09 1.00154e-07 3.78082e-06 8.41688e-05 0.00110553 0.00857928 0.0394932 0.109074 0.186421 0.212293 0.182758 0.131492 0.0777625 0.035465 0.0119889 0.00291845 0.000497342 5.80025e-05 4.5478e-06 2.35751e-07 7.94843e-09 1.71744e-10 2.34913e-12 2.01363e-14
 1.4052e-11 1.52592e-09 9.76964e-08 3.6882e-06 8.21157e-05 0.00107886 0.00837806 0.0386319 0.107118 0.184625 0.21327 0.186186 0.133923 0.0777859 0.034486 0.0112863 0.00265608 0.000436816 4.89678e-05 3.66885e-06 1.80615e-07 5.75241e-09 1.16924e-10 1.4994e-12 1.20146e-14
 1.35714e-11 1.47374e-09 9.43578e-08 3.56235e-06 7.93249e-05 0.00104256 0.00810293 0.0374387 0.10429 0.181497 0.213137 0.18947 0.137355 0.079253 0.0344829 0.0109448 0.0024711 0.000387008 4.11512e-05 2.91866e-06 1.3581e-07 4.08074e-09 7.80636e-11 9.39562e-13 7.04689e-15
#pred catch len freq
 1.32368e-11 1.43736e-09 9.20213e-08 3.47335e-06 7.72944e-05 0.00101414 0.00784569 0.0358055 0.0966196 0.155976 0.159234 0.125918 0.106071 0.0905913 0.0650208 0.0428957 0.0292966 0.0205987 0.0150569 0.0116377 0.0096589 0.0086803 0.00792978 0.00631682 0.00375191
 1.61229e-11 1.75076e-09 1.12085e-07 4.23065e-06 9.41469e-05 0.00123524 0.00955596 0.0436043 0.117576 0.18909 0.189659 0.141052 0.107328 0.0838089 0.0525926 0.0271506 0.0141151 0.00798971 0.00483589 0.00313026 0.00220403 0.0017278 0.00145117 0.00112415 0.000672152
 1.49808e-11 1.62674e-09 1.04145e-07 3.93097e-06 8.74781e-05 0.00114775 0.00887943 0.0405243 0.109368 0.176674 0.180896 0.144225 0.121658 0.0996226 0.0619174 0.0299166 0.0134189 0.00596552 0.00264782 0.00126878 0.000688426 0.000431252 0.000308595 0.000220769 0.000128698
 1.51302e-11 1.64295e-09 1.05183e-07 3.97015e-06 8.83501e-05 0.00115919 0.00896787 0.0409265 0.110434 0.178242 0.181781 0.143107 0.118812 0.0972872 0.0619508 0.0316449 0.0149694 0.00653229 0.00253294 0.000922856 0.000343973 0.000146407 7.71484e-05 4.62617e-05 2.50024e-05
 1.5545e-11 1.688e-09 1.08068e-07 4.07901e-06 9.07725e-05 0.00119097 0.00921365 0.0420461 0.113426 0.182838 0.185374 0.1431 0.115448 0.0931308 0.0590108 0.0301344 0.0144417 0.0065326 0.00263963 0.000944572 0.000298872 8.83523e-05 2.85018e-05 1.15437e-05 5.13478e-06
 1.54681e-11 1.67965e-09 1.07533e-07 4.05883e-06 9.03234e-05 0.00118508 0.00916811 0.0418392 0.11288 0.182055 0.185035 0.144001 0.117448 0.0948338 0.059222 0.0291927 0.0134175 0.00594286 0.00241256 0.00088532 0.000285009 7.84178e-05 1.89185e-05 4.55437e-06 1.28238e-06
 1.50958e-11 1.63922e-09 1.04944e-07 3.96113e-06 8.81493e-05 0.00115656 0.00894752 0.0408342 0.110192 0.17791 0.181714 0.143743 0.120058 0.0982733 0.0619318 0.0309131 0.0143021 0.00623371 0.00244585 0.000873069 0.000280007 7.77166e-05 1.80783e-05 3.51871e-06 6.20276e-07
 1.52005e-11 1.65059e-09 1.05672e-07 3.9886e-06 8.87607e-05 0.00116458 0.00900955 0.0411167 0.110947 0.179067 0.182606 0.143702 0.11915 0.0971856 0.0612092 0.0305892 0.0142139 0.00624512 0.00246384 0.000871146 0.000272394 7.38084e-05 1.69541e-05 3.19501e-06 4.84481e-07
 1.48804e-11 1.61583e-09 1.03447e-07 3.9046e-06 8.68914e-05 0.00114005 0.00881988 0.0402525 0.108634 0.175487 0.179676 0.143269 0.121055 0.0998494 0.0634647 0.0322128 0.0152367 0.00676686 0.00268698 0.000956108 0.000299684 8.04485e-05 1.81033e-05 3.33197e-06 4.8735e-07
 1.48398e-11 1.61143e-09 1.03165e-07 3.89397e-06 8.66547e-05 0.00113695 0.00879586 0.0401428 0.108338 0.175005 0.17917 0.142841 0.120715 0.0997521 0.0637925 0.0328359 0.0158318 0.00716351 0.00289712 0.00104666 0.000331335 8.9456e-05 2.01179e-05 3.66378e-06 5.25057e-07
 1.55833e-11 1.69216e-09 1.08333e-07 4.08904e-06 9.09958e-05 0.0011939 0.00923634 0.04215 0.113712 0.183343 0.186091 0.144161 0.116766 0.093867 0.0583817 0.0285783 0.0130463 0.0057772 0.0023554 0.000867373 0.000280034 7.68466e-05 1.74719e-05 3.19668e-06 4.56701e-07
 1.54406e-11 1.67666e-09 1.07341e-07 4.0516e-06 9.01626e-05 0.00118297 0.00915182 0.0417654 0.112689 0.181811 0.185087 0.144805 0.118923 0.0960389 0.0593123 0.0283817 0.0124523 0.00524482 0.00202676 0.000720141 0.000231334 6.4395e-05 1.49185e-05 2.77283e-06 4.00103e-07
 1.52903e-11 1.66034e-09 1.06297e-07 4.01217e-06 8.92852e-05 0.00117146 0.0090628 0.0413598 0.111605 0.180141 0.18376 0.144738 0.120037 0.0974855 0.0604355 0.0290747 0.0127841 0.00531798 0.00198771 0.000671525 0.000204601 5.49158e-05 1.25957e-05 2.36306e-06 3.46367e-07
 1.49237e-11 1.62054e-09 1.03748e-07 3.91598e-06 8.71446e-05 0.00114338 0.00884563 0.0403709 0.108966 0.176121 0.180779 0.145278 0.123806 0.101625 0.0626708 0.0295723 0.0126841 0.00520801 0.00193839 0.000647188 0.000191161 4.8904e-05 1.06772e-05 1.93809e-06 2.81116e-07
 1.47669e-11 1.60351e-09 1.02658e-07 3.87483e-06 8.62289e-05 0.00113137 0.00875272 0.0399477 0.107835 0.174385 0.179429 0.145304 0.125113 0.103221 0.0637776 0.0301284 0.0128882 0.00522798 0.00190589 0.000624105 0.000181902 4.57282e-05 9.6651e-06 1.67759e-06 2.3309e-07
 1.54151e-11 1.67389e-09 1.07164e-07 4.04491e-06 9.00138e-05 0.00118102 0.00913671 0.0416964 0.112503 0.181509 0.184775 0.144558 0.118767 0.0961101 0.0597363 0.0289664 0.012833 0.00531785 0.0019473 0.000632383 0.000181125 4.46335e-05 9.25491e-06 1.56884e-06 2.10752e-07
 1.55476e-11 1.68828e-09 1.08085e-07 4.07967e-06 9.07873e-05 0.00119117 0.00921523 0.0420549 0.113471 0.183079 0.186406 0.145887 0.119728 0.0961572 0.0582893 0.026655 0.0109772 0.00440827 0.00163559 0.000544053 0.000157606 3.86595e-05 7.89401e-06 1.31166e-06 1.72321e-07
 1.56559e-11 1.70005e-09 1.08839e-07 4.10811e-06 9.14202e-05 0.00119947 0.00927943 0.042347 0.114249 0.184248 0.187195 0.145476 0.118249 0.0947576 0.0578912 0.0269994 0.0113074 0.00445568 0.00156677 0.000497075 0.000142514 3.54141e-05 7.30763e-06 1.21104e-06 1.56959e-07
 1.54589e-11 1.67866e-09 1.07469e-07 4.05642e-06 9.027e-05 0.00118438 0.00916274 0.0418158 0.112833 0.182105 0.185676 0.145995 0.120618 0.0971953 0.0589613 0.0269196 0.0109807 0.00429134 0.00151797 0.000477475 0.000132008 3.14886e-05 6.37749e-06 1.05919e-06 1.38007e-07
 1.59851e-11 1.73579e-09 1.11127e-07 4.19448e-06 9.3342e-05 0.00122469 0.00947443 0.0432355 0.116626 0.187921 0.190173 0.145826 0.116141 0.091905 0.0555759 0.0254312 0.0103786 0.00401445 0.00139158 0.000430432 0.000118146 2.78349e-05 5.47954e-06 8.81172e-07 1.1266e-07
 1.64377e-11 1.78494e-09 1.14274e-07 4.31326e-06 9.59854e-05 0.00125937 0.00974262 0.0444572 0.119892 0.192947 0.194143 0.145956 0.112703 0.0876079 0.0525019 0.0237285 0.0095292 0.00365069 0.00126084 0.000387047 0.000104615 2.42338e-05 4.70379e-06 7.43511e-07 9.27273e-08
 1.65184e-11 1.7937e-09 1.14835e-07 4.33443e-06 9.64565e-05 0.00126555 0.00979045 0.0446755 0.120481 0.193899 0.195119 0.146718 0.113222 0.0876166 0.0516974 0.0224378 0.00845355 0.00307463 0.00103129 0.000311323 8.3326e-05 1.91191e-05 3.66015e-06 5.69179e-07 6.98006e-08
 1.70288e-11 1.84912e-09 1.18383e-07 4.46835e-06 9.94366e-05 0.00130464 0.0100928 0.0460527 0.124161 0.199544 0.199496 0.146597 0.108946 0.0825355 0.0484104 0.0209496 0.00782001 0.00276886 0.000883687 0.000251509 6.4373e-05 1.43937e-05 2.71433e-06 4.16952e-07 5.04295e-08
 1.72176e-11 1.86962e-09 1.19695e-07 4.51789e-06 0.000100539 0.00131911 0.0102047 0.0465625 0.125527 0.201673 0.201309 0.147084 0.108173 0.0811856 0.0469553 0.0196418 0.00692817 0.00233997 0.000727731 0.00020165 4.9412e-05 1.04581e-05 1.87835e-06 2.79296e-07 3.31175e-08
 1.70322e-11 1.8495e-09 1.18406e-07 4.46925e-06 9.94568e-05 0.00130491 0.0100949 0.0460623 0.124189 0.199613 0.199672 0.146998 0.109537 0.0829387 0.0482815 0.0204339 0.00731541 0.00246282 0.000740371 0.000195094 4.5765e-05 9.33508e-06 1.605e-06 2.26759e-07 2.56482e-08
 1.69849e-11 1.84435e-09 1.18077e-07 4.45682e-06 9.91802e-05 0.00130128 0.0100668 0.0459346 0.12385 0.199106 0.199343 0.147223 0.11026 0.0836241 0.0484905 0.0202677 0.00711079 0.00236493 0.000712481 0.000187823 4.31582e-05 8.4437e-06 1.38434e-06 1.86956e-07 2.01958e-08
 1.74251e-11 1.89216e-09 1.21138e-07 4.57234e-06 0.000101751 0.001335 0.0103276 0.0471224 0.127022 0.20396 0.203047 0.146918 0.106259 0.0790098 0.0456837 0.0192143 0.00681539 0.00227517 0.000678947 0.000176465 4.02294e-05 7.82631e-06 1.26045e-06 1.6431e-07 1.69634e-08
 1.68883e-11 1.83386e-09 1.17406e-07 4.43148e-06 9.86161e-05 0.00129388 0.0100096 0.0456738 0.123152 0.198026 0.198465 0.147109 0.110863 0.0844583 0.0491938 0.0207632 0.0074012 0.00248856 0.000749259 0.000196027 4.45881e-05 8.58879e-06 1.36856e-06 1.76448e-07 1.78775e-08
#obs catch len freq
 1.21232e-11 1.31644e-09 8.42796e-08 3.18114e-06 7.0792e-05 0.000928834 0.0071862 0.0328055 0.0886506 0.144088 0.151518 0.131115 0.124827 0.116297 0.0896676 0.0588695 0.0327653 0.0144948 0.00501005 0.0013644 0.000287628 4.52722e-05 5.13408e-06 4.06159e-07 2.17722e-08
 1.63358e-11 1.77387e-09 1.13565e-07 4.28651e-06 9.53903e-05 0.00125156 0.00968228 0.0441821 0.119142 0.191595 0.191778 0.14086 0.104626 0.0823693 0.055761 0.0320479 0.0163485 0.0070419 0.00242066 0.000644637 0.00012928 1.90053e-05 1.99798e-06 1.46228e-07 7.24806e-09
 1.45743e-11 1.58259e-09 1.01319e-07 3.82429e-06 8.51045e-05 0.00111662 0.0086391 0.0394371 0.106542 0.172802 0.179391 0.147355 0.126634 0.103148 0.0642114 0.031027 0.0129677 0.00475062 0.00145196 0.000358038 6.84473e-05 9.64931e-06 9.61906e-07 6.57777e-08 3.01497e-09
 1.55432e-11 1.68781e-09 1.08055e-07 4.07854e-06 9.07623e-05 0.00119085 0.00921319 0.0420524 0.113528 0.183471 0.187258 0.145468 0.115685 0.091951 0.0595945 0.0310809 0.0134147 0.00455164 0.00117023 0.000233659 3.70992e-05 4.57091e-06 4.14685e-07 2.63416e-08 1.12703e-09
 1.52449e-11 1.65541e-09 1.05981e-07 4.00026e-06 8.90206e-05 0.00116801 0.00903679 0.0412537 0.111446 0.180597 0.186179 0.148302 0.120573 0.0948464 0.0592403 0.0294275 0.0123093 0.00418859 0.00109209 0.000212579 3.04635e-05 3.17533e-06 2.39025e-07 1.28419e-08 4.80214e-10
 1.59326e-11 1.7301e-09 1.10762e-07 4.18073e-06 9.30367e-05 0.0012207 0.00944444 0.043113 0.116438 0.188386 0.19261 0.148904 0.11518 0.0877457 0.054314 0.0268816 0.0110105 0.00358237 0.000883891 0.000163839 2.25654e-05 2.24162e-06 1.55654e-07 7.39219e-09 2.36767e-10
 1.52779e-11 1.659e-09 1.06211e-07 4.00894e-06 8.9214e-05 0.00117056 0.00905702 0.0413545 0.111802 0.181625 0.188492 0.151411 0.122033 0.0935186 0.0568151 0.02731 0.0108605 0.00345289 0.000833724 0.000149764 1.96956e-05 1.84993e-06 1.21006e-07 5.39043e-09 1.60171e-10
 1.57748e-11 1.71296e-09 1.09665e-07 4.13932e-06 9.21156e-05 0.00120864 0.00935163 0.0426991 0.115417 0.187277 0.193097 0.151467 0.117405 0.0879658 0.053555 0.0260544 0.0103302 0.00319384 0.000737894 0.000126143 1.57877e-05 1.4097e-06 8.7233e-08 3.65178e-09 1.01385e-10
 1.62419e-11 1.76368e-09 1.12912e-07 4.26189e-06 9.48433e-05 0.00124443 0.00962872 0.0439659 0.118848 0.192797 0.198227 0.153302 0.115065 0.0831451 0.0488166 0.0228167 0.00871791 0.00262302 0.000592348 9.82779e-05 1.17727e-05 9.94007e-07 5.77773e-08 2.26557e-09 5.88193e-11
 1.529e-11 1.66031e-09 1.06295e-07 4.01212e-06 8.92855e-05 0.00117154 0.00906559 0.0414108 0.112116 0.18297 0.192073 0.1563 0.124104 0.0912241 0.0530335 0.0242312 0.00895626 0.00258954 0.000560745 8.92506e-05 1.02629e-05 8.30024e-07 4.59377e-08 1.70131e-09 4.14041e-11
 1.53069e-11 1.66214e-09 1.06412e-07 4.01655e-06 8.93843e-05 0.00117285 0.00907607 0.0414639 0.112302 0.183448 0.192827 0.156579 0.123175 0.0901181 0.0529334 0.0245748 0.00907139 0.00255057 0.000526433 7.8962e-05 8.51988e-06 6.46648e-07 3.36371e-08 1.17189e-09 2.68108e-11
 1.4641e-11 1.58984e-09 1.01783e-07 3.84183e-06 8.54969e-05 0.00112187 0.0086826 0.0396834 0.10765 0.176835 0.189135 0.159272 0.129379 0.0950745 0.0553097 0.0253509 0.00923927 0.0025694 0.000523611 7.67163e-05 7.94616e-06 5.69531e-07 2.76759e-08 8.96166e-10 1.90313e-11
 1.44497e-11 1.56907e-09 1.00453e-07 3.79164e-06 8.43804e-05 0.00110725 0.00857 0.0391781 0.106358 0.175084 0.188152 0.159333 0.129618 0.0957752 0.0568339 0.0267063 0.00984128 0.00272082 0.000546367 7.85396e-05 7.94219e-06 5.51568e-07 2.57085e-08 7.89441e-10 1.57322e-11
 1.33175e-11 1.44612e-09 9.25824e-08 3.49457e-06 7.77706e-05 0.00102058 0.00790101 0.0361503 0.0984383 0.163762 0.181591 0.163468 0.140016 0.104503 0.0612259 0.0282173 0.0102078 0.00278144 0.00055105 7.77697e-05 7.65824e-06 5.14049e-07 2.3027e-08 6.7629e-10 1.28249e-11
 1.30236e-11 1.41422e-09 9.05397e-08 3.41748e-06 7.60558e-05 0.000998105 0.00772791 0.0353705 0.0964138 0.160828 0.17932 0.162463 0.140036 0.10641 0.0645775 0.0307971 0.0112671 0.00303512 0.000587661 8.07152e-05 7.71796e-06 5.01504e-07 2.16493e-08 6.09475e-10 1.10211e-11
 1.38931e-11 1.50863e-09 9.65842e-08 3.64564e-06 8.11335e-05 0.00106474 0.00824365 0.0377247 0.102734 0.170611 0.186994 0.162287 0.132655 0.0975798 0.0584999 0.0278641 0.010249 0.00278525 0.000541847 7.38497e-05 6.90236e-06 4.33285e-07 1.79405e-08 4.82394e-10 8.30617e-12
 1.38337e-11 1.50218e-09 9.61711e-08 3.63007e-06 8.07884e-05 0.00106028 0.00821069 0.0375973 0.102586 0.171314 0.190191 0.167647 0.136196 0.0962444 0.0540684 0.0239325 0.00826261 0.00214287 0.000403195 5.35651e-05 4.89005e-06 2.98886e-07 1.19703e-08 3.08904e-10 5.06884e-12
 1.31554e-11 1.42853e-09 9.14562e-08 3.45212e-06 7.68301e-05 0.00100841 0.00781102 0.0357962 0.0979154 0.164698 0.186104 0.168865 0.140825 0.101527 0.0581208 0.0258752 0.00875487 0.00217653 0.000388632 4.89832e-05 4.26097e-06 2.49283e-07 9.57948e-09 2.37173e-10 3.72563e-12
 1.44201e-11 1.56586e-09 1.00249e-07 3.784e-06 8.42159e-05 0.00110532 0.00856072 0.0392118 0.107027 0.178519 0.196248 0.167539 0.130181 0.0898166 0.0502906 0.0220113 0.00729547 0.00176348 0.000302747 3.62178e-05 2.96028e-06 1.61961e-07 5.8199e-09 1.35061e-10 1.99444e-12
 1.36315e-11 1.48023e-09 9.47668e-08 3.57713e-06 7.96157e-05 0.0010451 0.008098 0.0371458 0.101836 0.172032 0.195013 0.174493 0.138917 0.0935093 0.0494421 0.0202785 0.00636118 0.00147307 0.000243442 2.79573e-05 2.17804e-06 1.12623e-07 3.7953e-09 8.21184e-11 1.12672e-12
 1.51022e-11 1.63993e-09 1.04991e-07 3.96306e-06 8.82039e-05 0.00115777 0.00896897 0.0411042 0.11231 0.187507 0.205226 0.170929 0.12596 0.0813664 0.0422573 0.0168564 0.0050072 0.00107481 0.000163475 1.73505e-05 1.25926e-06 6.10141e-08 1.92993e-09 3.91356e-11 5.01668e-13
 1.41759e-11 1.53935e-09 9.85524e-08 3.7201e-06 8.2802e-05 0.00108708 0.00842649 0.0386882 0.106272 0.180036 0.203836 0.178632 0.1353 0.0851828 0.0415964 0.015489 0.00433971 0.000885967 0.000127635 1.26706e-05 8.49902e-07 3.7831e-08 1.09915e-09 2.05348e-11 2.43368e-13
 1.48056e-11 1.60773e-09 1.0293e-07 3.88536e-06 8.6481e-05 0.00113538 0.00880059 0.0403943 0.110806 0.18671 0.207894 0.176152 0.129011 0.0803536 0.0393629 0.0145173 0.00391268 0.00074943 0.000100122 9.20291e-06 5.7235e-07 2.36064e-08 6.33413e-10 1.08828e-11 1.18236e-13
 1.44932e-11 1.5738e-09 1.00759e-07 3.80349e-06 8.46641e-05 0.00111173 0.00862146 0.0396245 0.109069 0.185294 0.209586 0.180618 0.131905 0.0796456 0.037236 0.0130973 0.00339031 0.000625789 8.0046e-05 6.94888e-06 4.02502e-07 1.53169e-08 3.77584e-10 5.95374e-12 5.93645e-14
 1.47653e-11 1.60336e-09 1.02652e-07 3.875e-06 8.62587e-05 0.00113275 0.00878597 0.0403925 0.111216 0.188813 0.212466 0.180434 0.129069 0.0766285 0.0352755 0.0120961 0.00300517 0.000526185 6.3531e-05 5.20064e-06 2.83754e-07 1.01366e-08 2.33241e-10 3.4106e-12 3.13575e-14
 1.45275e-11 1.57754e-09 1.01e-07 3.81276e-06 8.488e-05 0.00111488 0.00865188 0.0398282 0.110003 0.187999 0.213927 0.183478 0.130676 0.0759378 0.0338841 0.0112168 0.00268543 0.000451748 5.20796e-05 4.03723e-06 2.07029e-07 6.91537e-09 1.48362e-10 2.01942e-12 1.72564e-14
 1.46675e-11 1.59275e-09 1.01975e-07 3.84964e-06 8.57057e-05 0.00112587 0.00873956 0.0402534 0.111271 0.190272 0.216017 0.183546 0.128785 0.0738519 0.0325576 0.0105829 0.00246199 0.000398748 4.39738e-05 3.24479e-06 1.5764e-07 4.96411e-09 9.99056e-11 1.26991e-12 1.00968e-14
 1.43294e-11 1.55605e-09 9.9627e-08 3.76119e-06 8.37468e-05 0.00110047 0.00854864 0.0394428 0.109464 0.188716 0.21714 0.186835 0.130914 0.0736737 0.0315458 0.00991708 0.00222775 0.000347755 3.68186e-05 2.59357e-06 1.19569e-07 3.55461e-09 6.72603e-11 8.01186e-13 5.95261e-15
#spawning biomass
 2451.82 2821.16 4617.6 7000.71 11472.8 17729.8 27174.7 38148.2 58720.3 84572.5 98381.5 125091 150836 150121 134248 135781 125921 134254 129064 124765 135551 134984 140704 144541 162367 159435 171741 212943 272855 272427 144928 72589.4 39237.1 25584 20404.8 18539.2 17891.4 17672.4 17599.8 17576 17568.4 17565.9 17565.2 17564.9 17564.8 17564.8 17564.8 17564.8 17564.8 17564.8 17564.8 17564.8 17564.8 17564.8 17564.8 17564.8 17564.8 17564.8 17564.8 17564.8 17564.8 17564.8 17564.8 17564.8 17564.8 17564.8 17564.8 17564.8 17564.8 17564.8 17564.8 17564.8 17564.8 17564.8 17564.8 17564.8 17564.8 17564.8 17564.8 17564.8 17564.8 17564.8 17564.8 17564.8 17564.8 17564.8 17564.8 17564.8 17564.8 17564.8 17564.8 17564.8 17564.8 17564.8 17564.8 17564.8 17564.8 17564.8 17564.8 17564.8 17564.8 17564.8 17564.8 17564.8 17564.8 17564.8 17564.8 17564.8 17564.8 17564.8 17564.8 17564.8 17564.8 17564.8 17564.8 17564.8 17564.8 17564.8 17564.8 17564.8 17564.8 17564.8 17564.8 17564.8 17564.8 17564.8 17564.8 17564.8 0 0 0 0 0 0 0 0 0 0 0 0 0 0 0 0 0 0 0 0 0 0 0 0 0
