SBPRF35
0.175648
Curr Bio
196683
B35
326347
F35
0.692057
FOFL
0.23518
OFL
13608
Bzero
50185.1
#pred survey bio
 10132.5 8262.85 6008.62 7628.01 12525.8 20592.6 31463.7 45049.7 64803.1 87098.9 122183 168877 208407 249297 236279 209201 201372 216615 205688 198612 203334 246390 287040 303583 342460 383060 351388 337462 237332 5.69109e+06 4.03704e+06 2.5071e+06 1.47866e+06 948839 697911 580221 522969 493430 477264 468003 462539 459261 457278 456073 455326 454881 454615 454456 454361 454303 454269 454248 454236 454228 454224 454221 454219 454218 454218 454217 454217 454217 454217 454217 454217 454217 454217 454217 454217 454217 454217 454217 454217 454217 454217 454217 454217 454217 454217 454217 454217 454217 454217 454217 454217 454217 454217 454217 454217 454217 454217 454217 454217 454217 454217 454217 454217 454217 454217 454217 454217 454217 454217 454217 454217 454217 454217 454217 454217 454217 454217 454217 454217 454217 454217 454217 454217 454217 454217 454217 454217 454217 454217 454217 454217 454217 454217 454217 454217 0 0 0 0 0 0 0 0 0 0 0 0 0 0 0 0 0 0 0 0 0 0 0 0 0
#obs survey bio
 8727.79 5975.43 4780.13 8678.33 11350.3 18558.8 26729.5 34424.6 45217.2 80749.5 117379 150537 206261 186022 186909 159073 129260 153616 133771 151377 184392 208376 246555 226471 255926 394977 299802 258460 191066
#pred catch bio
 4292.89 4295.34 2905.7 3195.5 5144.21 8901.63 15018.8 22031.3 35416.9 46677.1 62843 97709.2 113908 152386 154805 135785 128024 140470 136890 132601 127563 154326 188690 198371 219577 268003 247784 249190 211126 13608 72793 41511.2 21554.2 12333.8 8607.39 7221.14 6733.33 6568.24 6513.91 6496.41 6490.85 6489.11 6488.57 6488.4 6488.35 6488.33 6488.33 6488.33 6488.33 6488.33 6488.33 6488.33 6488.33 6488.33 6488.33 6488.33 6488.33 6488.33 6488.33 6488.33 6488.33 6488.33 6488.33 6488.33 6488.33 6488.33 6488.33 6488.33 6488.33 6488.33 6488.33 6488.33 6488.33 6488.33 6488.33 6488.33 6488.33 6488.33 6488.33 6488.33 6488.33 6488.33 6488.33 6488.33 6488.33 6488.33 6488.33 6488.33 6488.33 6488.33 6488.33 6488.33 6488.33 6488.33 6488.33 6488.33 6488.33 6488.33 6488.33 6488.33 6488.33 6488.33 6488.33 6488.33 6488.33 6488.33 6488.33 6488.33 6488.33 6488.33 6488.33 6488.33 6488.33 6488.33 6488.33 6488.33 6488.33 6488.33 6488.33 6488.33 6488.33 6488.33 6488.33 6488.33 6488.33 6488.33 6488.33 6488.33 6488.33 0 0 0 0 0 0 0 0 0 0 0 0 0 0 0 0 0 0 0 0 0 0 0 0 0
#obs catch bio
 4525.09 4532.83 3080.75 3016.86 4939.94 8267.75 14193 21276.2 35472.2 45633.1 59650.9 90656.5 111738 146536 165643 132282 135725 148826 142004 140893 118724 159069 174750 187990 200929 260026 243976 242172 224038
#pred cpue bio
 7863.7 6877.1 4625.42 4968.4 8156.36 13512.1 20857 29439.2 41973.4 55015.7 77114.9 109333 131582 165363 158104 135541 128405 135312 132875 123939 124790 150105 177645 186873 207403 236622 214992 202124 150976 2.73014e+06 3.87319e+06 2.42867e+06 1.4009e+06 871077 620149 502459 445207 415668 399502 390241 384777 381499 379516 378311 377565 377120 376854 376694 376599 376542 376507 376486 376474 376466 376462 376459 376458 376457 376456 376456 376455 376455 376455 376455 376455 376455 376455 376455 376455 376455 376455 376455 376455 376455 376455 376455 376455 376455 376455 376455 376455 376455 376455 376455 376455 376455 376455 376455 376455 376455 376455 376455 376455 376455 376455 376455 376455 376455 376455 376455 376455 376455 376455 376455 376455 376455 376455 376455 376455 376455 376455 376455 376455 376455 376455 376455 376455 376455 376455 376455 376455 376455 376455 376455 376455 376455 376455 376455 376455 0 0 0 0 0 0 0 0 0 0 0 0 0 0 0 0 0 0 0 0 0 0 0 0 0
#obs cpue bio
 7487.39 6293.86 5497.55 6872.68 9800.89 21638.8 29814.7 37408.5 61677.4 64752.4 109209 166622 129237 251501 150086 214056 137708 158116 179420 132302 206930 133910 346899 291495 407547 244657 270970 294811 151676
#pred surv len freq
 1.58959e-11 1.72611e-09 1.10507e-07 4.17109e-06 9.28215e-05 0.00121785 0.00942128 0.0429869 0.115873 0.186043 0.185158 0.134002 0.0979413 0.0768203 0.0526395 0.0328037 0.0208369 0.013413 0.00886128 0.00618031 0.00464646 0.00382425 0.00327237 0.00250567 0.00145668
 1.21292e-11 1.31709e-09 8.43213e-08 3.18271e-06 7.08269e-05 0.000929294 0.00718985 0.0328247 0.0887448 0.144624 0.154021 0.138193 0.134951 0.119557 0.0795789 0.0438079 0.0238033 0.0130984 0.00725403 0.00416532 0.00256369 0.00176102 0.00133186 0.000967414 0.000559131
 1.53479e-11 1.6666e-09 1.06697e-07 4.02729e-06 8.96214e-05 0.00117587 0.00909662 0.0415083 0.111924 0.180001 0.180561 0.134517 0.103723 0.0853606 0.0618069 0.0405677 0.0246752 0.0129971 0.0061409 0.00285584 0.00137961 0.000730916 0.000443894 0.000284222 0.000156334
 1.90593e-11 2.06961e-09 1.32498e-07 5.00114e-06 0.000111293 0.00146019 0.0112956 0.051529 0.13876 0.221674 0.215345 0.141757 0.0850476 0.0568307 0.0349746 0.0190696 0.0106045 0.00598661 0.00312912 0.00142996 0.000581113 0.000231307 0.000101591 5.08146e-05 2.46519e-05
 1.86728e-11 2.02765e-09 1.29812e-07 4.89974e-06 0.000109037 0.00143059 0.0110668 0.0504883 0.136003 0.217635 0.213149 0.144953 0.0931667 0.0644785 0.0374874 0.0170682 0.00722052 0.00318943 0.00145481 0.000663313 0.000278695 0.000102003 3.4126e-05 1.18962e-05 4.43735e-06
 1.85193e-11 2.01097e-09 1.28744e-07 4.85946e-06 0.00010814 0.00141883 0.0109758 0.0500737 0.134891 0.215902 0.21167 0.144551 0.0938356 0.0657868 0.0391207 0.0185894 0.00804061 0.00323665 0.00116947 0.00040744 0.000145209 5.04357e-05 1.57176e-05 4.34186e-06 1.14583e-06
 1.83036e-11 1.98755e-09 1.27245e-07 4.80285e-06 0.00010688 0.0014023 0.010848 0.0494916 0.133336 0.213518 0.20983 0.144631 0.0956823 0.0679478 0.0404733 0.0191772 0.00832505 0.00341684 0.00124694 0.000402592 0.000116598 3.15082e-05 8.22563e-06 1.99216e-06 4.24944e-07
 1.85713e-11 2.01662e-09 1.29106e-07 4.8731e-06 0.000108444 0.00142281 0.0110066 0.0502142 0.135269 0.216502 0.212231 0.144855 0.0938765 0.0655696 0.0386207 0.017985 0.00763115 0.0030829 0.00112066 0.000363741 0.0001039 2.54988e-05 5.42578e-06 1.03554e-06 1.7912e-07
 1.87095e-11 2.03163e-09 1.30067e-07 4.90938e-06 0.000109251 0.0014334 0.0110885 0.0505875 0.13627 0.21806 0.213556 0.145205 0.0933057 0.0645982 0.0376048 0.0170781 0.00698243 0.00273004 0.000966438 0.000307178 8.67934e-05 2.11057e-05 4.30156e-06 7.23865e-07 1.0133e-07
 1.91221e-11 2.07644e-09 1.32935e-07 5.01764e-06 0.00011166 0.00146501 0.011333 0.0517014 0.139251 0.222674 0.21733 0.145755 0.0908381 0.0611525 0.0346882 0.0149801 0.00566536 0.00206795 0.000695507 0.000211572 5.77187e-05 1.3689e-05 2.73943e-06 4.48157e-07 5.82883e-08
 1.91115e-11 2.07528e-09 1.32861e-07 5.01485e-06 0.000111598 0.0014642 0.0113267 0.0516728 0.139176 0.222572 0.217316 0.145971 0.0912603 0.061508 0.0347347 0.014774 0.00541172 0.00188275 0.000592363 0.000166585 4.24034e-05 9.53378e-06 1.83273e-06 2.91015e-07 3.67907e-08
 1.86377e-11 2.02384e-09 1.29568e-07 4.89054e-06 0.000108832 0.0014279 0.011046 0.0503943 0.135759 0.217321 0.213204 0.145951 0.0950392 0.0661387 0.0379369 0.0164283 0.00616395 0.00216817 0.000671947 0.000181191 4.32144e-05 8.98545e-06 1.60244e-06 2.3961e-07 2.89744e-08
 1.91e-11 2.07404e-09 1.32782e-07 5.01184e-06 0.000111531 0.00146332 0.0113199 0.0516419 0.139094 0.222449 0.217233 0.146016 0.0914214 0.0616679 0.0347975 0.0147565 0.00537807 0.0018614 0.000579667 0.000157808 3.73534e-05 7.49293e-06 1.25567e-06 1.73939e-07 1.95204e-08
 1.81072e-11 1.96623e-09 1.2588e-07 4.75133e-06 0.000105734 0.00138726 0.0107317 0.0489629 0.131937 0.211482 0.208788 0.146451 0.100065 0.0718458 0.04129 0.0175358 0.00635287 0.00216981 0.000661892 0.00017657 4.14679e-05 8.32451e-06 1.38268e-06 1.85334e-07 1.96361e-08
 1.79249e-11 1.94643e-09 1.24612e-07 4.70349e-06 0.000104669 0.00137329 0.0106237 0.0484709 0.130622 0.209461 0.207205 0.146441 0.101515 0.0736249 0.0425231 0.0181758 0.00664565 0.00228156 0.000693366 0.000182606 4.20575e-05 8.27737e-06 1.35724e-06 1.80605e-07 1.88774e-08
 1.85657e-11 2.01602e-09 1.29067e-07 4.87164e-06 0.000108411 0.00142239 0.0110034 0.0502004 0.135246 0.216571 0.212804 0.146569 0.0965601 0.0674733 0.0381683 0.0158154 0.00550532 0.00181843 0.000545631 0.00014362 3.29951e-05 6.42694e-06 1.03595e-06 1.35327e-07 1.3936e-08
 1.88479e-11 2.04665e-09 1.31029e-07 4.94567e-06 0.000110059 0.001444 0.0111705 0.0509619 0.137282 0.219711 0.215316 0.146755 0.0945791 0.0649092 0.0362228 0.0146177 0.00483905 0.00150886 0.000429733 0.000107862 2.40152e-05 4.61953e-06 7.40256e-07 9.57995e-08 9.72159e-09
 1.92305e-11 2.0882e-09 1.33689e-07 5.04607e-06 0.000112293 0.00147331 0.0113972 0.0519944 0.14004 0.223938 0.218574 0.146595 0.0912629 0.0610068 0.0337413 0.0135568 0.00445192 0.00136347 0.000375109 8.92405e-05 1.87001e-05 3.40901e-06 5.25439e-07 6.65284e-08 6.67382e-09
 1.8554e-11 2.01474e-09 1.28985e-07 4.86855e-06 0.000108343 0.00142149 0.0109964 0.0501691 0.135167 0.216495 0.212959 0.147278 0.0977395 0.0683271 0.037992 0.0149005 0.0046373 0.00134288 0.000357626 8.31537e-05 1.68735e-05 2.93099e-06 4.25898e-07 5.09717e-08 4.89736e-09
 1.92371e-11 2.08892e-09 1.33734e-07 5.0478e-06 0.000112331 0.00147382 0.0114011 0.0520122 0.140089 0.224019 0.218669 0.146701 0.0913727 0.0610581 0.0336712 0.0134032 0.00430936 0.00127702 0.000334966 7.43379e-05 1.43423e-05 2.39706e-06 3.35887e-07 3.83973e-08 3.49234e-09
 1.9506e-11 2.11812e-09 1.35604e-07 5.11836e-06 0.000113902 0.00149442 0.0115604 0.052738 0.14203 0.227011 0.221059 0.146866 0.0894614 0.0585798 0.0317773 0.012239 0.00369357 0.00103077 0.000266136 5.98283e-05 1.15828e-05 1.88586e-06 2.52568e-07 2.75729e-08 2.40303e-09
 1.96486e-11 2.1336e-09 1.36595e-07 5.15579e-06 0.000114734 0.00150534 0.0116449 0.0531227 0.143056 0.228573 0.222209 0.146629 0.087956 0.0569516 0.0309393 0.0121031 0.00376882 0.00107602 0.000273356 5.86394e-05 1.08954e-05 1.75059e-06 2.33943e-07 2.51322e-08 2.11483e-09
 1.93658e-11 2.10289e-09 1.34629e-07 5.08157e-06 0.000113083 0.00148368 0.0114773 0.0523596 0.141018 0.225456 0.219839 0.146851 0.0905661 0.059944 0.0327354 0.0127473 0.00392676 0.00111475 0.000286353 6.2706e-05 1.17176e-05 1.83875e-06 2.36821e-07 2.47718e-08 2.05583e-09
 1.94538e-11 2.11245e-09 1.35241e-07 5.10466e-06 0.000113597 0.00149042 0.0115295 0.0525971 0.141653 0.226434 0.220613 0.146882 0.0899063 0.059113 0.0321319 0.0124041 0.00375253 0.00104182 0.000262981 5.69204e-05 1.06223e-05 1.683e-06 2.18292e-07 2.25957e-08 1.82678e-09
 1.97358e-11 2.14307e-09 1.37201e-07 5.17865e-06 0.000115243 0.00151202 0.0116965 0.053358 0.143686 0.229546 0.222998 0.146722 0.0873976 0.0561891 0.0303089 0.01167 0.0035195 0.000971046 0.000242285 5.14808e-05 9.4076e-06 1.46696e-06 1.89001e-07 1.96069e-08 1.5909e-09
 1.93858e-11 2.10507e-09 1.34769e-07 5.08684e-06 0.0001132 0.00148521 0.0114892 0.0524138 0.141164 0.225688 0.220058 0.146975 0.090595 0.0598749 0.0325515 0.012507 0.0037399 0.00102128 0.000253092 5.34727e-05 9.6815e-06 1.48704e-06 1.87976e-07 1.91657e-08 1.539e-09
 1.95324e-11 2.12098e-09 1.35787e-07 5.12529e-06 0.000114056 0.00149644 0.0115761 0.0528094 0.142222 0.227323 0.22138 0.147118 0.0896342 0.0585796 0.031501 0.0118017 0.00333781 0.000850339 0.000201292 4.14881e-05 7.39221e-06 1.12285e-06 1.40482e-07 1.4132e-08 1.116e-09
 1.98887e-11 2.15967e-09 1.38264e-07 5.21878e-06 0.000116136 0.00152373 0.0117871 0.0537708 0.144791 0.231258 0.224409 0.146958 0.0865276 0.0549273 0.0291804 0.0108161 0.00299103 0.00073403 0.000165743 3.21562e-05 5.37378e-06 7.7897e-07 9.48391e-08 9.38448e-09 7.31826e-10
 1.87702e-11 2.03822e-09 1.30489e-07 4.9253e-06 0.000109605 0.00143805 0.0111245 0.0507532 0.136734 0.218949 0.215111 0.148043 0.0971683 0.0669835 0.0362223 0.0130945 0.00335084 0.000729826 0.000149867 2.74009e-05 4.33861e-06 5.91854e-07 6.75762e-08 6.3214e-09 4.74041e-10
#obs surv len freq
 1.18971e-11 1.29189e-09 8.27076e-08 3.1218e-06 6.94716e-05 0.000911508 0.00705218 0.0321947 0.0870195 0.141645 0.150125 0.133285 0.130316 0.119767 0.0867988 0.0534271 0.03057 0.0158502 0.00716156 0.00273037 0.000838195 0.000197403 3.4079e-05 4.12777e-06 3.37163e-07
 6.95097e-12 7.54794e-10 4.83226e-08 1.82394e-06 4.059e-05 0.000532601 0.00412205 0.0188502 0.0513821 0.0870385 0.107754 0.133528 0.16902 0.16672 0.119866 0.0711253 0.0388083 0.0191093 0.00814633 0.0029117 0.000832258 0.000180466 2.83e-05 3.08185e-06 2.2541e-07
 1.80337e-11 1.95825e-09 1.25369e-07 4.73205e-06 0.000105305 0.00138163 0.010688 0.0487599 0.131332 0.209995 0.204686 0.13631 0.0846619 0.0619437 0.046003 0.0312975 0.0185275 0.00905311 0.00364647 0.00121067 0.000319594 6.37084e-05 9.13267e-06 9.03291e-07 5.96435e-08
 1.60987e-11 1.74813e-09 1.11917e-07 4.22431e-06 9.40062e-05 0.00123341 0.00954236 0.0435535 0.117571 0.189987 0.194051 0.151396 0.120245 0.0910317 0.0506143 0.0198886 0.00678459 0.00257624 0.00100203 0.00032624 8.12337e-05 1.49048e-05 1.94868e-06 1.75195e-07 1.0491e-08
 1.73713e-11 1.88632e-09 1.20764e-07 4.55823e-06 0.000101437 0.0013309 0.0102964 0.0469889 0.126759 0.204113 0.205019 0.150838 0.108822 0.0779459 0.0431972 0.0172496 0.00542948 0.00146342 0.000347081 7.67951e-05 1.57879e-05 2.64258e-06 3.19601e-07 2.63285e-08 1.43356e-09
 1.55685e-11 1.69056e-09 1.08231e-07 4.08519e-06 9.09107e-05 0.00119281 0.00922883 0.0421335 0.113862 0.184797 0.191694 0.15513 0.127024 0.0956417 0.0521232 0.0196645 0.00567877 0.001392 0.000287388 4.79097e-05 6.50252e-06 7.38153e-07 6.86564e-08 4.82922e-09 2.35725e-10
 1.70421e-11 1.85057e-09 1.18475e-07 4.47185e-06 9.9515e-05 0.0013057 0.0101019 0.0461107 0.124491 0.201096 0.204198 0.154164 0.113519 0.0800473 0.0426754 0.0161195 0.00468621 0.00112636 0.000217798 3.24319e-05 3.69198e-06 3.2054e-07 2.10087e-08 1.03052e-09 3.72393e-11
 1.51774e-11 1.64809e-09 1.05512e-07 3.98256e-06 8.86272e-05 0.00116288 0.00899794 0.0410931 0.111196 0.181362 0.19114 0.159662 0.132806 0.0977274 0.0509101 0.0179542 0.00468004 0.00100681 0.000180894 2.56283e-05 2.74183e-06 2.15229e-07 1.20841e-08 4.76474e-10 1.3045e-11
 1.72667e-11 1.87496e-09 1.20037e-07 4.53079e-06 0.000100827 0.00132293 0.0102356 0.0467288 0.12623 0.204251 0.208188 0.157313 0.113382 0.0763952 0.0383546 0.013278 0.00338899 0.000695665 0.00011483 1.45465e-05 1.38595e-06 9.82587e-08 5.04076e-09 1.80553e-10 4.38546e-12
 1.53176e-11 1.66331e-09 1.06487e-07 4.01937e-06 8.94468e-05 0.00117366 0.0090821 0.04149 0.11239 0.183927 0.195425 0.16436 0.134163 0.0941783 0.045728 0.0143548 0.00306072 0.000497994 6.75976e-05 7.5276e-06 6.47915e-07 4.12756e-08 1.884e-09 5.99568e-11 1.3011e-12
 1.74549e-11 1.8954e-09 1.21345e-07 4.5802e-06 0.000101927 0.00133738 0.0103481 0.047252 0.127734 0.207125 0.212124 0.160657 0.113369 0.0727007 0.034023 0.0105596 0.00225256 0.000361303 4.55632e-05 4.36751e-06 3.0746e-07 1.59268e-08 6.08778e-10 1.6773e-11 3.20944e-13
 1.48365e-11 1.61107e-09 1.03142e-07 3.89313e-06 8.66385e-05 0.00113685 0.00879871 0.040219 0.109179 0.179967 0.195161 0.169772 0.140058 0.0955814 0.0442117 0.0129666 0.00248112 0.000338736 3.62773e-05 3.09431e-06 2.00043e-07 9.39839e-09 3.13259e-10 7.26201e-12 1.15206e-13
 1.69861e-11 1.84449e-09 1.18086e-07 4.45719e-06 9.91906e-05 0.00130152 0.0100718 0.0460115 0.124581 0.203116 0.211368 0.165124 0.118692 0.0744898 0.0332815 0.00968508 0.00187992 0.000263413 2.82145e-05 2.26509e-06 1.30028e-07 5.25412e-09 1.50469e-10 3.04599e-12 4.26732e-14
 1.20392e-11 1.30732e-09 8.36961e-08 3.15916e-06 7.03074e-05 0.000922702 0.00714547 0.0327353 0.0896125 0.152173 0.180069 0.182763 0.16834 0.116531 0.0521779 0.0145269 0.00258238 0.000315881 2.91283e-05 2.09568e-06 1.13274e-07 4.39255e-09 1.1894e-10 2.20331e-12 2.7394e-14
 1.57123e-11 1.70617e-09 1.09231e-07 4.12297e-06 9.17545e-05 0.00120404 0.00931993 0.0426175 0.115785 0.190963 0.205618 0.171968 0.131029 0.0826241 0.0361387 0.0103293 0.00199759 0.000279857 2.92013e-05 2.1862e-06 1.12223e-07 3.9042e-09 9.32246e-11 1.54179e-12 1.749e-14
 1.44631e-11 1.57052e-09 1.00547e-07 3.7952e-06 8.44622e-05 0.00110844 0.00858248 0.0392874 0.107143 0.178984 0.199919 0.178976 0.143941 0.0911066 0.0385418 0.010305 0.0017811 0.000214125 1.94397e-05 1.36295e-06 7.07679e-08 2.591e-09 6.46737e-11 1.07313e-12 1.16129e-14
 1.54645e-11 1.67927e-09 1.07509e-07 4.05799e-06 9.03105e-05 0.00118518 0.0091763 0.0419953 0.114386 0.190023 0.207935 0.177067 0.133686 0.0808181 0.0332276 0.00872287 0.00148953 0.000176366 1.53914e-05 9.95304e-07 4.59928e-08 1.48024e-09 3.3043e-11 5.09527e-13 5.33258e-15
 1.46607e-11 1.59199e-09 1.01921e-07 3.84711e-06 8.56195e-05 0.00112371 0.00870287 0.0398664 0.108923 0.182665 0.204788 0.181443 0.140849 0.0854115 0.0350018 0.00927198 0.00163851 0.000205629 1.899e-05 1.26355e-06 5.81908e-08 1.81635e-09 3.82648e-11 5.41816e-13 5.10145e-15
 1.38157e-11 1.50023e-09 9.60467e-08 3.62541e-06 8.06884e-05 0.00105912 0.00820585 0.0376376 0.10325 0.175234 0.202208 0.186938 0.148694 0.0896706 0.0359738 0.00925777 0.00157866 0.000190387 1.70013e-05 1.11292e-06 5.13855e-08 1.6256e-09 3.46344e-11 4.89148e-13 4.50453e-15
 1.61017e-11 1.74846e-09 1.11939e-07 4.22525e-06 9.40364e-05 0.00123421 0.00955875 0.04378 0.119458 0.198953 0.217038 0.179196 0.12594 0.0700604 0.0268065 0.00665049 0.00108988 0.000124983 1.05058e-05 6.45251e-07 2.80189e-08 8.38371e-10 1.70445e-11 2.32219e-13 2.08325e-15
 1.53002e-11 1.66143e-09 1.06367e-07 4.01501e-06 8.93606e-05 0.00117299 0.0090882 0.0416755 0.114134 0.19207 0.214766 0.184278 0.132995 0.073923 0.0278296 0.00676036 0.00108186 0.000120468 9.7419e-06 5.70173e-07 2.34114e-08 6.57972e-10 1.24979e-11 1.58656e-13 1.3268e-15
 1.53122e-11 1.66273e-09 1.06451e-07 4.0182e-06 8.94344e-05 0.00117405 0.00909851 0.0417482 0.114505 0.193296 0.217005 0.18587 0.132089 0.0716241 0.026238 0.00619079 0.000957724 0.000102261 7.86803e-06 4.3655e-07 1.69721e-08 4.506e-10 8.05116e-12 9.56754e-14 7.4574e-16
 1.567e-11 1.70159e-09 1.08939e-07 4.11216e-06 9.15276e-05 0.0012016 0.0093132 0.0427445 0.117276 0.197865 0.220894 0.185683 0.127791 0.0669825 0.0237971 0.00545101 0.000815958 8.36456e-05 6.12148e-06 3.20949e-07 1.17483e-08 2.92807e-10 4.89707e-12 5.43522e-14 3.95145e-16
 1.61987e-11 1.759e-09 1.12615e-07 4.25094e-06 9.46183e-05 0.00124222 0.0096289 0.0441978 0.121237 0.204106 0.225681 0.184801 0.121978 0.0611231 0.0207356 0.00448856 0.000620396 5.69385e-05 3.65575e-06 1.69059e-07 5.57206e-09 1.27214e-10 1.96488e-12 2.01889e-14 1.35936e-16
 1.61943e-11 1.75853e-09 1.12585e-07 4.24989e-06 9.45989e-05 0.00124211 0.00963067 0.044236 0.121527 0.20517 0.227534 0.18581 0.120877 0.0592922 0.0197283 0.00421758 0.000580781 5.33587e-05 3.39708e-06 1.51535e-07 4.65255e-09 9.61242e-11 1.32099e-12 1.20282e-14 7.21846e-17
 1.29586e-11 1.40718e-09 9.00945e-08 3.40123e-06 7.57297e-05 0.000995159 0.0077341 0.0357633 0.100091 0.177209 0.217218 0.204507 0.148976 0.0762975 0.0252008 0.00519428 0.000673387 5.68585e-05 3.27523e-06 1.32759e-07 3.77586e-09 7.35318e-11 9.57325e-13 8.19622e-15 4.55709e-17
 1.65213e-11 1.79404e-09 1.1486e-07 4.33592e-06 9.65221e-05 0.00126762 0.00983331 0.0452136 0.124441 0.210477 0.232592 0.185844 0.115485 0.0536638 0.0170414 0.00352057 0.000473854 4.26948e-05 2.63301e-06 1.10836e-07 3.11856e-09 5.75399e-11 6.90818e-13 5.39555e-15 2.73961e-17
 1.45528e-11 1.58031e-09 1.0118e-07 3.81984e-06 8.50546e-05 0.00111777 0.0086865 0.0401329 0.111838 0.194874 0.228571 0.198385 0.131316 0.0618221 0.0190204 0.00366744 0.000442564 3.43455e-05 1.79145e-06 6.53075e-08 1.67954e-09 2.98343e-11 3.54983e-13 2.75759e-15 1.3729e-17
 1.1806e-11 1.28206e-09 8.20908e-08 3.09976e-06 6.90567e-05 0.000908774 0.00708793 0.0330554 0.094279 0.173002 0.222305 0.214725 0.152921 0.0739501 0.0227673 0.00435972 0.00052312 4.03947e-05 2.07409e-06 7.22801e-08 1.70606e-09 2.68502e-11 2.77999e-13 1.88322e-15 8.32889e-18
#pred catch len freq
 1.21372e-11 1.31796e-09 8.4377e-08 3.18481e-06 7.08735e-05 0.000929901 0.00719433 0.0328403 0.0887197 0.144043 0.150899 0.129283 0.120528 0.106979 0.0757916 0.0476989 0.0304267 0.0196141 0.0129621 0.00904086 0.00679711 0.00559433 0.00478701 0.00366544 0.00213091
 8.69022e-12 9.43654e-10 6.04136e-08 2.28032e-06 5.07457e-05 0.000665837 0.00515237 0.0235428 0.0639242 0.106383 0.123564 0.136359 0.159623 0.150657 0.101853 0.0564052 0.0307657 0.0169577 0.00939521 0.00539518 0.00332068 0.002281 0.00172513 0.00125307 0.000724228
 1.18429e-11 1.286e-09 8.23311e-08 3.10759e-06 6.91551e-05 0.000907356 0.00702001 0.0320469 0.0866077 0.140869 0.148774 0.130598 0.125782 0.115152 0.0857393 0.0567257 0.0346112 0.0182503 0.00862538 0.00401151 0.00193792 0.00102671 0.000623533 0.000399244 0.0002196
 1.62001e-11 1.75914e-09 1.12622e-07 4.2509e-06 9.45977e-05 0.00124116 0.00960168 0.0438122 0.118126 0.189896 0.190097 0.140435 0.105887 0.0829781 0.0536246 0.0296144 0.0165498 0.00935952 0.00489412 0.0022367 0.000908967 0.000361808 0.000158907 7.94836e-05 3.85602e-05
 1.56637e-11 1.70089e-09 1.08893e-07 4.11015e-06 9.14656e-05 0.00120007 0.00928403 0.042368 0.114304 0.18433 0.187243 0.14541 0.118003 0.0942525 0.0571148 0.0262926 0.0111839 0.00495452 0.00226195 0.0010315 0.000433399 0.000158626 5.30695e-05 1.84998e-05 6.90056e-06
 1.55584e-11 1.68946e-09 1.08161e-07 4.08253e-06 9.08509e-05 0.001192 0.00922165 0.0420835 0.113539 0.183114 0.186095 0.144775 0.117957 0.0949719 0.0587687 0.0282227 0.0122676 0.00495011 0.00179003 0.00062376 0.000222312 7.72167e-05 2.40636e-05 6.64735e-06 1.75426e-06
 1.54951e-11 1.68258e-09 1.0772e-07 4.06591e-06 9.0481e-05 0.00118715 0.00918412 0.0419126 0.113083 0.18242 0.185583 0.144876 0.118609 0.0956497 0.0590713 0.0282572 0.0123209 0.00506779 0.00185074 0.00059763 0.00017309 4.67743e-05 1.2211e-05 2.95738e-06 6.30834e-07
 1.59119e-11 1.72784e-09 1.10618e-07 4.17527e-06 9.29147e-05 0.00121908 0.00943105 0.0430376 0.116092 0.187064 0.189316 0.14521 0.115776 0.0919325 0.0561914 0.0264193 0.0112583 0.00455798 0.00165803 0.000538245 0.00015375 3.77331e-05 8.02908e-06 1.53239e-06 2.65062e-07
 1.6398e-11 1.78062e-09 1.13997e-07 4.30282e-06 9.57531e-05 0.00125632 0.00971905 0.0443497 0.119602 0.192485 0.193698 0.145678 0.112594 0.0876904 0.052831 0.0241998 0.00992998 0.00388957 0.00137775 0.000437973 0.000123753 3.00933e-05 6.13331e-06 1.03211e-06 1.44479e-07
 1.68989e-11 1.83502e-09 1.17479e-07 4.43426e-06 9.8678e-05 0.00129469 0.0100158 0.045702 0.123223 0.198097 0.198334 0.146494 0.109825 0.0836644 0.0492437 0.0214604 0.00814709 0.00298006 0.00100304 0.000305177 8.32577e-05 1.97461e-05 3.95157e-06 6.46457e-07 8.40798e-08
 1.67776e-11 1.82184e-09 1.16636e-07 4.40243e-06 9.79697e-05 0.0012854 0.00994397 0.0453749 0.122351 0.19678 0.197409 0.146843 0.111343 0.0852533 0.0500047 0.0214695 0.00789626 0.0027536 0.000867139 0.000243914 6.20899e-05 1.39601e-05 2.68363e-06 4.26128e-07 5.38718e-08
 1.64838e-11 1.78994e-09 1.14594e-07 4.32534e-06 9.62542e-05 0.00126289 0.00976992 0.044582 0.120231 0.193512 0.194804 0.146681 0.113459 0.0879803 0.052069 0.0227212 0.00855225 0.00301354 0.000934549 0.000252044 6.01147e-05 1.24995e-05 2.22913e-06 3.33319e-07 4.03058e-08
 1.69264e-11 1.838e-09 1.1767e-07 4.44147e-06 9.88385e-05 0.0012968 0.0100321 0.0457764 0.123424 0.198429 0.1987 0.146848 0.110155 0.0838038 0.0490129 0.0209676 0.00766958 0.00266004 0.000829036 0.000225741 5.34354e-05 1.0719e-05 1.79629e-06 2.48828e-07 2.79248e-08
 1.59897e-11 1.73629e-09 1.11159e-07 4.1957e-06 9.33693e-05 0.00122504 0.00947723 0.0432491 0.116673 0.188084 0.190741 0.14728 0.118342 0.0934317 0.0551386 0.0235682 0.00856179 0.00292896 0.000894026 0.000238533 5.60215e-05 1.12461e-05 1.86795e-06 2.5038e-07 2.65277e-08
 1.60254e-11 1.74017e-09 1.11407e-07 4.20506e-06 9.35777e-05 0.00122778 0.00949838 0.0433453 0.116929 0.18847 0.191007 0.147162 0.117877 0.0929667 0.0549572 0.0236204 0.00865527 0.00297509 0.000904547 0.00023825 5.4874e-05 1.07998e-05 1.77084e-06 2.35642e-07 2.463e-08
 1.67951e-11 1.82375e-09 1.16758e-07 4.40704e-06 9.80723e-05 0.00128675 0.00995441 0.0454227 0.122483 0.197014 0.197749 0.147361 0.111994 0.0856231 0.0497071 0.0207218 0.00722959 0.00239104 0.000717814 0.000188965 4.34135e-05 8.45628e-06 1.36306e-06 1.78056e-07 1.83364e-08
 1.70808e-11 1.85478e-09 1.18744e-07 4.48201e-06 9.97406e-05 0.00130863 0.0101237 0.0461939 0.124546 0.200201 0.200329 0.147649 0.110141 0.0831314 0.047703 0.019376 0.00642975 0.00200778 0.000572185 0.000143641 3.19821e-05 6.15203e-06 9.85831e-07 1.2758e-07 1.29467e-08
 1.76421e-11 1.91572e-09 1.22646e-07 4.62929e-06 0.000103018 0.00135163 0.0104562 0.0477084 0.128592 0.206402 0.205106 0.147411 0.105271 0.0774024 0.0440612 0.0178216 0.00586572 0.0017988 0.000495146 0.000117816 2.46886e-05 4.5007e-06 6.93702e-07 8.78329e-08 8.81099e-09
 1.68823e-11 1.83321e-09 1.17364e-07 4.4299e-06 9.8581e-05 0.00129342 0.010006 0.0456584 0.123119 0.198046 0.198821 0.148235 0.112633 0.0856819 0.048811 0.0192502 0.00600288 0.00174054 0.000463802 0.000107859 2.18873e-05 3.8019e-06 5.52448e-07 6.61172e-08 6.35253e-09
 1.77552e-11 1.92801e-09 1.23433e-07 4.65897e-06 0.000103678 0.0013603 0.0105232 0.0480137 0.129409 0.207662 0.206117 0.147495 0.104493 0.0763907 0.0432905 0.0173401 0.00558639 0.00165731 0.000434933 9.65363e-05 1.86255e-05 3.11292e-06 4.36195e-07 4.98641e-08 4.53527e-09
 1.78907e-11 1.94271e-09 1.24374e-07 4.6945e-06 0.000104469 0.00137067 0.0106035 0.0483795 0.130389 0.209188 0.207415 0.147838 0.103924 0.0753972 0.0422124 0.0163771 0.00495467 0.00138491 0.000357852 8.04648e-05 1.55787e-05 2.53647e-06 3.39702e-07 3.70853e-08 3.23205e-09
 1.8071e-11 1.96229e-09 1.25628e-07 4.74181e-06 0.000105522 0.00138448 0.0107103 0.0488658 0.131686 0.211162 0.208864 0.147526 0.102003 0.0733275 0.0411599 0.0162238 0.00506486 0.00144826 0.000368183 7.8998e-05 1.46787e-05 2.35847e-06 3.15177e-07 3.38591e-08 2.84919e-09
 1.78657e-11 1.94e-09 1.242e-07 4.68794e-06 0.000104323 0.00136876 0.0105886 0.0483119 0.130207 0.208902 0.207157 0.147723 0.103951 0.0755328 0.0424422 0.0166355 0.00513539 0.00145971 0.000375188 8.21731e-05 1.53558e-05 2.40966e-06 3.10351e-07 3.2463e-08 2.69414e-09
 1.79584e-11 1.95007e-09 1.24845e-07 4.71228e-06 0.000104865 0.00137586 0.0106436 0.0485622 0.130877 0.209934 0.20798 0.147777 0.103289 0.0746791 0.0417973 0.0162436 0.00492473 0.00136906 0.000345804 7.48608e-05 1.39707e-05 2.21353e-06 2.87104e-07 2.97184e-08 2.40262e-09
 1.82603e-11 1.98285e-09 1.26944e-07 4.79149e-06 0.000106628 0.00139899 0.0108224 0.0493768 0.133052 0.213266 0.210535 0.147609 0.100607 0.0715518 0.0398454 0.0154548 0.00467188 0.00129082 0.000322291 6.84945e-05 1.25172e-05 1.95185e-06 2.51473e-07 2.60877e-08 2.11675e-09
 1.81177e-11 1.96737e-09 1.25953e-07 4.75408e-06 0.000105795 0.00138806 0.010738 0.0489921 0.132025 0.211697 0.20935 0.14775 0.101967 0.0730914 0.0407424 0.0157423 0.00471492 0.00128866 0.000319483 6.75074e-05 1.22227e-05 1.87736e-06 2.37314e-07 2.41962e-08 1.94293e-09
 1.83309e-11 1.99051e-09 1.27434e-07 4.81001e-06 0.00010704 0.00140439 0.0108642 0.0495674 0.133564 0.214071 0.211256 0.147912 0.1005 0.0711614 0.0392347 0.0147816 0.00418699 0.00106757 0.000252821 5.21155e-05 9.28593e-06 1.4105e-06 1.76468e-07 1.77521e-08 1.40188e-09
 1.89382e-11 2.05646e-09 1.31657e-07 4.96938e-06 0.000110586 0.00145092 0.0112241 0.0512063 0.137942 0.220777 0.216407 0.147604 0.0951501 0.0648985 0.0352918 0.0131495 0.00364073 0.000893912 0.000201891 3.91718e-05 6.54619e-06 9.48909e-07 1.15528e-07 1.14317e-08 8.91471e-10
 1.84597e-11 2.0045e-09 1.2833e-07 4.84382e-06 0.000107792 0.00141426 0.0109406 0.0499154 0.134497 0.215527 0.212505 0.148274 0.100016 0.0702612 0.0382096 0.0138278 0.00353797 0.000770133 0.000158066 2.88936e-05 4.57458e-06 6.24025e-07 7.12485e-08 6.66489e-09 4.99799e-10
#obs catch len freq
 1.10856e-11 1.20376e-09 7.70657e-08 2.90885e-06 6.47327e-05 0.000849335 0.00657131 0.030003 0.0811453 0.132483 0.142289 0.13107 0.133397 0.125089 0.0922305 0.0583423 0.0345494 0.018516 0.00860583 0.0033808 0.00108345 0.000269771 4.93059e-05 6.26893e-06 5.31311e-07
 1.15594e-11 1.25521e-09 8.03596e-08 3.03318e-06 6.74995e-05 0.000885639 0.00685225 0.0312865 0.0846194 0.138121 0.147913 0.134419 0.133623 0.122683 0.0884806 0.0541735 0.0306955 0.0156847 0.00694746 0.00257754 0.000763587 0.000172038 2.8172e-05 3.21242e-06 2.45544e-07
 6.79565e-12 7.37928e-10 4.72428e-08 1.78319e-06 3.96832e-05 0.000520711 0.00403032 0.0184366 0.0503231 0.0856929 0.107653 0.135606 0.171616 0.167854 0.119791 0.070597 0.0380925 0.0184561 0.00770108 0.00267424 0.000736287 0.000152477 2.26564e-05 2.32191e-06 1.5892e-07
 1.79497e-11 1.94913e-09 1.24785e-07 4.71001e-06 0.000104814 0.0013752 0.0106383 0.0485352 0.130747 0.209188 0.204358 0.136963 0.0857931 0.0628032 0.046404 0.0312591 0.0182127 0.00872922 0.00343506 0.0011064 0.000280941 5.34168e-05 7.24829e-06 6.74262e-07 4.16544e-08
 1.60965e-11 1.74789e-09 1.11901e-07 4.22372e-06 9.39932e-05 0.00123325 0.00954125 0.0435517 0.1176 0.190229 0.194884 0.152723 0.12088 0.0902868 0.0494757 0.0192331 0.00651768 0.00244357 0.000926562 0.00029153 6.96611e-05 1.2176e-05 1.50567e-06 1.27242e-07 7.12669e-09
 1.74249e-11 1.89214e-09 1.21136e-07 4.57229e-06 0.00010175 0.00133501 0.0103283 0.0471374 0.127185 0.204941 0.206214 0.151942 0.108872 0.0767642 0.041866 0.0164722 0.00509683 0.0013448 0.000311877 6.7206e-05 1.32945e-05 2.117e-06 2.41813e-07 1.87118e-08 9.52676e-10
 1.56975e-11 1.70456e-09 1.09128e-07 4.11903e-06 9.16639e-05 0.0012027 0.00930553 0.042487 0.114847 0.18654 0.193757 0.156488 0.126454 0.0934075 0.0500169 0.0185708 0.00526745 0.00126037 0.000252622 4.07459e-05 5.32782e-06 5.78372e-07 5.09395e-08 3.36462e-09 1.53419e-10
 1.71888e-11 1.86651e-09 1.19495e-07 4.51036e-06 0.000100372 0.00131695 0.0101891 0.0465117 0.125599 0.202992 0.206261 0.155257 0.112658 0.0777796 0.0406898 0.0151087 0.00430585 0.00100791 0.000188809 2.7132e-05 2.96581e-06 2.45816e-07 1.52884e-08 7.06813e-10 2.39008e-11
 1.53958e-11 1.67181e-09 1.07031e-07 4.03989e-06 8.99031e-05 0.00117962 0.00912777 0.0416895 0.112839 0.184141 0.194048 0.160978 0.13128 0.0943985 0.0481982 0.0166906 0.00426388 0.000893292 0.000155287 2.11844e-05 2.17151e-06 1.62474e-07 8.65239e-09 3.2203e-10 8.28038e-12
 1.74943e-11 1.89968e-09 1.21619e-07 4.59053e-06 0.000102157 0.00134038 0.0103708 0.0473487 0.127925 0.207048 0.210902 0.158205 0.111593 0.0732311 0.0359587 0.0122057 0.00304766 0.000608021 9.69666e-05 1.1821e-05 1.07868e-06 7.282e-08 3.53857e-09 1.19545e-10 2.72854e-12
 1.55975e-11 1.69371e-09 1.08433e-07 4.09282e-06 9.10815e-05 0.00119512 0.00924844 0.0422537 0.114485 0.187411 0.198847 0.165468 0.13179 0.0900781 0.0427467 0.0131421 0.00274168 0.000434097 5.68952e-05 6.08297e-06 5.00462e-07 3.03299e-08 1.31088e-09 3.93341e-11 8.01638e-13
 1.77101e-11 1.92311e-09 1.23119e-07 4.64715e-06 0.000103417 0.00135695 0.0104997 0.0479474 0.129634 0.210241 0.215047 0.161372 0.1111 0.0691795 0.0315783 0.00958616 0.00199732 0.00031101 3.78066e-05 3.47885e-06 2.34304e-07 1.15521e-08 4.17756e-10 1.08369e-11 1.94553e-13
 1.51523e-11 1.64536e-09 1.05338e-07 3.97601e-06 8.84832e-05 0.00116107 0.00898653 0.0410824 0.111552 0.183913 0.19897 0.170795 0.137124 0.0909659 0.0410591 0.0117734 0.00220057 0.000291986 3.01404e-05 2.46214e-06 1.51887e-07 6.78397e-09 2.14064e-10 4.67932e-12 6.97299e-14
 1.7272e-11 1.87553e-09 1.20073e-07 4.5322e-06 0.00010086 0.00132344 0.0102418 0.0467919 0.126718 0.206621 0.214607 0.16575 0.115955 0.0705564 0.0307038 0.00872552 0.00165184 0.000224421 2.31292e-05 1.77817e-06 9.74967e-08 3.74862e-09 1.01607e-10 1.93705e-12 2.54664e-14
 1.23892e-11 1.34533e-09 8.61294e-08 3.25102e-06 7.23524e-05 0.000949567 0.00735414 0.0336989 0.092293 0.156748 0.184677 0.184128 0.164834 0.110989 0.0484833 0.0131845 0.00228665 0.000271554 2.41047e-05 1.65728e-06 8.52863e-08 3.13944e-09 8.04071e-11 1.40409e-12 1.64077e-14
 1.60325e-11 1.74095e-09 1.11457e-07 4.20701e-06 9.36253e-05 0.00122861 0.00951061 0.0434952 0.118201 0.194963 0.209337 0.172633 0.127808 0.0781517 0.033285 0.00928046 0.00174648 0.00023651 2.36867e-05 1.69582e-06 8.30786e-08 2.74927e-09 6.21245e-11 9.6717e-13 1.02885e-14
 1.48054e-11 1.60769e-09 1.02926e-07 3.88504e-06 8.64623e-05 0.00113471 0.0087866 0.0402293 0.109751 0.183347 0.20403 0.1797 0.140304 0.0861414 0.0354787 0.00925126 0.00155727 0.00018131 1.58005e-05 1.05588e-06 5.20668e-08 1.80556e-09 4.25674e-11 6.65493e-13 6.77072e-15
 1.57838e-11 1.71393e-09 1.09728e-07 4.14177e-06 9.21759e-05 0.00120969 0.00936678 0.0428748 0.116821 0.194086 0.211698 0.177587 0.130212 0.0762826 0.0305043 0.00780304 0.00129621 0.000148421 1.24228e-05 7.65942e-07 3.36473e-08 1.02618e-09 2.16062e-11 3.12805e-13 3.06408e-15
 1.49977e-11 1.62858e-09 1.04264e-07 3.93556e-06 8.75891e-05 0.0011496 0.00890422 0.040798 0.111513 0.18701 0.208824 0.181977 0.137109 0.0805972 0.0321272 0.00828785 0.00142226 0.000172141 1.52165e-05 9.6482e-07 4.22384e-08 1.2494e-09 2.48406e-11 3.30631e-13 2.91712e-15
 1.41657e-11 1.53823e-09 9.848e-08 3.71729e-06 8.27346e-05 0.00108603 0.00841537 0.0386097 0.105967 0.179828 0.206496 0.18746 0.144655 0.0845821 0.0330035 0.00826838 0.00136866 0.000159107 1.35844e-05 8.45738e-07 3.70273e-08 1.10733e-09 2.22273e-11 2.94901e-13 2.5455e-15
 1.64129e-11 1.78225e-09 1.14102e-07 4.30694e-06 9.58556e-05 0.00125813 0.00974498 0.0446426 0.121855 0.202936 0.22057 0.179328 0.122324 0.065837 0.0244545 0.00589941 0.0009378 0.000103613 8.32237e-06 4.85703e-07 1.99771e-08 5.64329e-10 1.07906e-11 1.37807e-13 1.15607e-15
 1.56282e-11 1.69705e-09 1.08648e-07 4.10112e-06 9.1279e-05 0.00119823 0.00928492 0.0425892 0.116685 0.196333 0.218547 0.184362 0.129066 0.0694317 0.0253772 0.00599224 0.000929543 9.96412e-05 7.69337e-06 4.27549e-07 1.6617e-08 4.40668e-10 7.86831e-12 9.35687e-14 7.31062e-16
 1.56397e-11 1.6983e-09 1.08729e-07 4.10421e-06 9.13507e-05 0.00119928 0.00929533 0.0426639 0.117067 0.197575 0.220745 0.18582 0.128072 0.0671927 0.0238863 0.00547548 0.000820674 8.43126e-05 6.18974e-06 3.25787e-07 1.19765e-08 2.99767e-10 5.03174e-12 5.59872e-14 4.07558e-16
 1.59943e-11 1.73681e-09 1.11194e-07 4.19732e-06 9.34255e-05 0.00122659 0.00950833 0.0436532 0.119818 0.202085 0.224488 0.185453 0.123762 0.0627239 0.0216086 0.00480562 0.000696528 6.86662e-05 4.79229e-06 2.38176e-07 8.23727e-09 1.93407e-10 3.03679e-12 3.15382e-14 2.13992e-16
 1.65082e-11 1.79261e-09 1.14767e-07 4.33224e-06 9.64305e-05 0.0012661 0.00981551 0.045068 0.123673 0.208131 0.229022 0.184402 0.118047 0.0571594 0.0187889 0.00394802 0.000528835 4.67613e-05 2.86653e-06 1.25528e-07 3.89952e-09 8.36871e-11 1.21175e-12 1.1639e-14 7.30863e-17
 1.65057e-11 1.79235e-09 1.14751e-07 4.3317e-06 9.64231e-05 0.00126616 0.00981884 0.045115 0.12399 0.209226 0.230834 0.185285 0.116887 0.0553891 0.0178484 0.00370072 0.000493169 4.35774e-05 2.64641e-06 1.11877e-07 3.24409e-09 6.31416e-11 8.14661e-13 6.9356e-15 3.8776e-17
 1.33073e-11 1.44506e-09 9.25204e-08 3.49291e-06 7.77765e-05 0.00102222 0.00794709 0.0367706 0.102978 0.182131 0.221427 0.204029 0.144058 0.0714471 0.0229002 0.00458351 0.000575786 4.68388e-05 2.57636e-06 9.88618e-08 2.64794e-09 4.84401e-11 5.91181e-13 4.73333e-15 2.45547e-17
 1.68229e-11 1.8268e-09 1.16959e-07 4.41522e-06 9.82917e-05 0.00129099 0.0100166 0.0460727 0.126853 0.214416 0.235658 0.185093 0.111563 0.0500509 0.0153723 0.0030743 0.000399434 3.45199e-05 2.02714e-06 8.0847e-08 2.14967e-09 3.74002e-11 4.22019e-13 3.08499e-15 1.46029e-17
 1.48846e-11 1.61634e-09 1.03489e-07 3.90713e-06 8.70048e-05 0.00114358 0.00889002 0.0410956 0.114579 0.199427 0.232155 0.197463 0.126681 0.0576658 0.0171884 0.00321464 0.000375685 2.80865e-05 1.39857e-06 4.81848e-08 1.16303e-09 1.93341e-11 2.15071e-13 1.56065e-15 7.25094e-18
#spawning biomass
 9074.99 7650.1 5367.77 6365.85 10464.4 17254.8 26472.3 37690 54032.3 71924.2 100873 140820 172085 209931 199668 174533 166963 178161 171445 163295 166122 200716 235261 248309 278362 313746 286769 273178 196683 121674 185433 104500 54949.2 32069.6 22823 19383.2 18172.7 17763.1 17628.3 17584.8 17571.1 17566.7 17565.4 17565 17564.8 17564.8 17564.8 17564.8 17564.8 17564.8 17564.8 17564.8 17564.8 17564.8 17564.8 17564.8 17564.8 17564.8 17564.8 17564.8 17564.8 17564.8 17564.8 17564.8 17564.8 17564.8 17564.8 17564.8 17564.8 17564.8 17564.8 17564.8 17564.8 17564.8 17564.8 17564.8 17564.8 17564.8 17564.8 17564.8 17564.8 17564.8 17564.8 17564.8 17564.8 17564.8 17564.8 17564.8 17564.8 17564.8 17564.8 17564.8 17564.8 17564.8 17564.8 17564.8 17564.8 17564.8 17564.8 17564.8 17564.8 17564.8 17564.8 17564.8 17564.8 17564.8 17564.8 17564.8 17564.8 17564.8 17564.8 17564.8 17564.8 17564.8 17564.8 17564.8 17564.8 17564.8 17564.8 17564.8 17564.8 17564.8 17564.8 17564.8 17564.8 17564.8 17564.8 17564.8 17564.8 0 0 0 0 0 0 0 0 0 0 0 0 0 0 0 0 0 0 0 0 0 0 0 0 0
