SBPRF35
0.819782
Curr Bio
191465
B35
665624
F35
0.241385
FOFL
0.0863536
OFL
12263.7
Bzero
234224
#pred survey bio
 18474.7 21000.4 25110.6 30122.6 35474.3 40939.5 44249.8 46315.2 58014.1 73841.1 84908.1 101816 115496 123433 123280 125973 125204 119754 122238 139609 151029 155016 162602 149651 149209 154031 182178 219876 1.00694e+07 8.84631e+06 9.56864e+06 8.8952e+06 7.69063e+06 6.42082e+06 5.29813e+06 4.39237e+06 3.70077e+06 3.19075e+06 2.8228e+06 2.56077e+06 2.37534e+06 2.24402e+06 2.14972e+06 2.08109e+06 2.03268e+06 1.99802e+06 1.97285e+06 1.95429e+06 1.94041e+06 1.92989e+06 1.92182e+06 1.91556e+06 1.91066e+06 1.90679e+06 1.90372e+06 1.90126e+06 1.89928e+06 1.89769e+06 1.8964e+06 1.89535e+06 1.8945e+06 1.89381e+06 1.89325e+06 1.89279e+06 1.89241e+06 1.89211e+06 1.89186e+06 1.89165e+06 1.89148e+06 1.89135e+06 1.89123e+06 1.89114e+06 1.89107e+06 1.89101e+06 1.89096e+06 1.89091e+06 1.89088e+06 1.89085e+06 1.89083e+06 1.89081e+06 1.8908e+06 1.89078e+06 1.89077e+06 1.89077e+06 1.89076e+06 1.89075e+06 1.89075e+06 1.89075e+06 1.89074e+06 1.89074e+06 1.89074e+06 1.89074e+06 1.89073e+06 1.89073e+06 1.89073e+06 1.89073e+06 1.89073e+06 1.89073e+06 1.89073e+06 1.89073e+06 1.89073e+06 1.89073e+06 1.89073e+06 1.89073e+06 1.89073e+06 1.89073e+06 1.89073e+06 1.89073e+06 1.89073e+06 1.89073e+06 1.89073e+06 1.89073e+06 1.89073e+06 1.89073e+06 1.89073e+06 1.89073e+06 1.89073e+06 1.89073e+06 1.89073e+06 1.89073e+06 1.89073e+06 1.89073e+06 1.89073e+06 1.89073e+06 1.89073e+06 1.89073e+06 1.89073e+06 1.89073e+06 0 0 0 0 0 0 0 0 0 0 0 0 0 0 0 0 0 0 0 0 0 0 0 0 0
#obs survey bio
 15590.7 18069.6 27549.5 28611.2 43372.3 38898.8 32013.7 27068.5 44424.9 62056.6 94181.1 120187 86875.8 81044.1 131351 113393 108146 75526.1 103243 140108 138321 139916 145439 87099.9 122724 127502 164478 180495
#pred catch bio
 9673.13 11151.4 13559.1 16804.4 20331.1 24945.7 28287.3 26745 33484.3 46281.7 50665.6 62554.7 74481.8 83652.2 81891.1 84827.1 85509.4 81091.7 77381.9 90397.1 102351 102977 115392 104846 105761 102321 118094 116149 12263.7 67520 83782.6 78770.1 67057.4 54725.8 43975 35443.3 29055.3 24456.8 21237.2 19028.3 17535.3 16536.4 15869.6 15425.9 15140.5 14957 14838.9 14763 14714.2 14682.8 14662.6 14649.6 14641.2 14635.9 14632.4 14630.2 14628.8 14627.8 14627.2 14626.9 14626.6 14626.5 14626.4 14626.3 14626.3 14626.2 14626.2 14626.2 14626.2 14626.2 14626.2 14626.2 14626.2 14626.2 14626.2 14626.2 14626.2 14626.2 14626.2 14626.2 14626.2 14626.2 14626.2 14626.2 14626.2 14626.2 14626.2 14626.2 14626.2 14626.2 14626.2 14626.2 14626.2 14626.2 14626.2 14626.2 14626.2 14626.2 14626.2 14626.2 14626.2 14626.2 14626.2 14626.2 14626.2 14626.2 14626.2 14626.2 14626.2 14626.2 14626.2 14626.2 14626.2 14626.2 14626.2 14626.2 14626.2 14626.2 14626.2 14626.2 14626.2 14626.2 14626.2 14626.2 14626.2 14626.2 14626.2 14626.2 0 0 0 0 0 0 0 0 0 0 0 0 0 0 0 0 0 0 0 0 0 0 0 0 0
#obs catch bio
 9406.15 10820.7 12388.2 15037.7 17700.7 22210.3 28421.8 27016.8 32389.1 44644 45092.9 55119.9 73763 85157.7 78003.8 77457.6 84708.7 76523.2 68970.6 76135.2 92466.4 88261.6 109127 96592.4 98154.6 91112.1 100239 109552
#pred cpue bio
 12435.1 12379.6 14556.9 17276.4 20073.3 22953.1 24399.6 24806.3 30969.1 39092.2 44209.2 54281.9 61725.4 64926.6 63712.1 65929.5 65384.3 62811.3 62454.3 72453.5 78769.3 78985 84017 76312.7 74238.4 74404.5 88731 108606 5.63939e+06 7.16413e+06 9.08244e+06 8.66672e+06 7.49421e+06 6.2278e+06 5.10544e+06 4.19972e+06 3.50812e+06 2.9981e+06 2.63015e+06 2.36812e+06 2.18269e+06 2.05137e+06 1.95707e+06 1.88844e+06 1.84003e+06 1.80537e+06 1.7802e+06 1.76164e+06 1.74776e+06 1.73724e+06 1.72917e+06 1.72291e+06 1.71801e+06 1.71414e+06 1.71106e+06 1.7086e+06 1.70663e+06 1.70503e+06 1.70375e+06 1.7027e+06 1.70185e+06 1.70116e+06 1.7006e+06 1.70014e+06 1.69976e+06 1.69945e+06 1.6992e+06 1.699e+06 1.69883e+06 1.69869e+06 1.69858e+06 1.69849e+06 1.69842e+06 1.69835e+06 1.6983e+06 1.69826e+06 1.69823e+06 1.6982e+06 1.69818e+06 1.69816e+06 1.69815e+06 1.69813e+06 1.69812e+06 1.69811e+06 1.69811e+06 1.6981e+06 1.6981e+06 1.69809e+06 1.69809e+06 1.69809e+06 1.69809e+06 1.69808e+06 1.69808e+06 1.69808e+06 1.69808e+06 1.69808e+06 1.69808e+06 1.69808e+06 1.69808e+06 1.69808e+06 1.69808e+06 1.69808e+06 1.69808e+06 1.69808e+06 1.69808e+06 1.69808e+06 1.69808e+06 1.69808e+06 1.69808e+06 1.69808e+06 1.69808e+06 1.69808e+06 1.69808e+06 1.69808e+06 1.69808e+06 1.69808e+06 1.69808e+06 1.69808e+06 1.69808e+06 1.69808e+06 1.69808e+06 1.69808e+06 1.69808e+06 1.69808e+06 1.69808e+06 1.69808e+06 1.69808e+06 1.69808e+06 0 0 0 0 0 0 0 0 0 0 0 0 0 0 0 0 0 0 0 0 0 0 0 0 0
#obs cpue bio
 12960.1 18478.2 22675 27841 30823.5 33807.6 27256.6 35889.2 52934.6 56835.9 70419.9 74492.4 68521.4 91980.1 81943.1 105384 72703.6 131442 128897 146326 122706 158489 110003 176621 125503 149254 197023 156950
#pred surv len freq
 1.45296e-11 1.57774e-09 1.01008e-07 3.81256e-06 8.4843e-05 0.00111317 0.00861167 0.0392965 0.105976 0.170561 0.171684 0.129425 0.101468 0.0834449 0.0591444 0.038597 0.0258458 0.0175927 0.0123325 0.00910633 0.00721492 0.006211 0.00548925 0.00428316 0.00251468
 1.47437e-11 1.60099e-09 1.02497e-07 3.86874e-06 8.60933e-05 0.00112958 0.00873878 0.0398806 0.107605 0.173625 0.176836 0.138662 0.114823 0.0951447 0.0633617 0.035789 0.0195512 0.0103171 0.00542097 0.00308713 0.00197851 0.00144268 0.00114901 0.000861604 0.000506193
 1.43192e-11 1.55489e-09 9.95456e-08 3.75735e-06 8.36145e-05 0.00109706 0.00848731 0.0387356 0.104552 0.168993 0.1735 0.139644 0.119978 0.1014 0.068152 0.0385246 0.0202909 0.00950562 0.00393208 0.00158452 0.000693721 0.000364026 0.000232963 0.000156971 8.88484e-05
 1.46293e-11 1.58857e-09 1.01702e-07 3.83873e-06 8.54255e-05 0.00112082 0.00867104 0.0395723 0.106786 0.172402 0.176058 0.139292 0.116975 0.0981257 0.0664963 0.0383328 0.0205529 0.00964283 0.0038404 0.0013533 0.000439539 0.000145575 5.89015e-05 3.01215e-05 1.52238e-05
 1.46983e-11 1.59606e-09 1.02181e-07 3.85683e-06 8.58284e-05 0.00112611 0.00871195 0.0397593 0.107295 0.17326 0.177104 0.140527 0.118313 0.0987425 0.0656054 0.0364661 0.0189485 0.00880292 0.00351273 0.00122706 0.00037343 9.96147e-05 2.53627e-05 7.4735e-06 2.70482e-06
 1.47664e-11 1.60345e-09 1.02655e-07 3.8747e-06 8.6226e-05 0.00113132 0.0087523 0.0399435 0.107792 0.174061 0.177916 0.141145 0.11874 0.0988493 0.0651897 0.0356423 0.0180658 0.00811599 0.003105 0.00104692 0.000311839 7.99242e-05 1.74629e-05 3.41163e-06 6.93949e-07
 1.48833e-11 1.61615e-09 1.03468e-07 3.90539e-06 8.69088e-05 0.00114028 0.00882162 0.04026 0.108647 0.175451 0.179376 0.142379 0.119711 0.0990795 0.0641446 0.0337594 0.0163635 0.00706622 0.00258293 0.000824 0.00023211 5.66867e-05 1.1778e-05 2.04118e-06 2.9871e-07
 1.53219e-11 1.66377e-09 1.06516e-07 4.02046e-06 8.94695e-05 0.00117388 0.00908146 0.0414442 0.111821 0.180397 0.18359 0.143523 0.117961 0.0960738 0.0609926 0.0309145 0.0142671 0.00585838 0.00201189 0.000596222 0.000156254 3.5621e-05 6.93284e-06 1.12543e-06 1.48348e-07
 1.56143e-11 1.69553e-09 1.08549e-07 4.09719e-06 9.11772e-05 0.00119628 0.00925469 0.0422328 0.113922 0.183571 0.185811 0.142661 0.1143 0.0923446 0.0594121 0.0311501 0.0149049 0.00621626 0.00212258 0.000612812 0.000153028 3.26202e-05 5.8869e-06 8.86817e-07 1.08531e-07
 1.57081e-11 1.70571e-09 1.09201e-07 4.12179e-06 9.17245e-05 0.00120346 0.00931024 0.0424861 0.114603 0.184648 0.186804 0.143157 0.114292 0.0918834 0.0584865 0.030059 0.014153 0.00593226 0.00207625 0.000616054 0.000155195 3.24666e-05 5.59702e-06 7.89015e-07 8.9453e-08
 1.57477e-11 1.71001e-09 1.09477e-07 4.13219e-06 9.19561e-05 0.0012065 0.00933377 0.042594 0.114901 0.18519 0.187636 0.144507 0.116049 0.0929444 0.0578213 0.0281806 0.0123924 0.00490585 0.00163171 0.000464929 0.000115576 2.43531e-05 4.21373e-06 5.83515e-07 6.334e-08
 1.53282e-11 1.66446e-09 1.0656e-07 4.02211e-06 8.95063e-05 0.00117436 0.0090852 0.0414614 0.111869 0.180491 0.183761 0.143847 0.118425 0.0964318 0.0610009 0.0306128 0.013857 0.00549669 0.00177388 0.000479537 0.000112672 2.2708e-05 3.83882e-06 5.28987e-07 5.72358e-08
 1.5335e-11 1.6652e-09 1.06608e-07 4.02391e-06 8.95464e-05 0.00117489 0.00908926 0.0414797 0.111916 0.180549 0.183733 0.143605 0.117994 0.0960891 0.0609969 0.0308789 0.0141606 0.00570501 0.00187605 0.00051354 0.000119198 2.30569e-05 3.68966e-06 4.84582e-07 5.08978e-08
 1.5518e-11 1.68507e-09 1.07879e-07 4.07191e-06 9.06146e-05 0.0011889 0.00919767 0.041974 0.113244 0.182639 0.185615 0.144424 0.117775 0.0951406 0.059456 0.0291345 0.0128532 0.00505081 0.00163936 0.000446372 0.000103914 2.01759e-05 3.19396e-06 4.05642e-07 4.06108e-08
 1.5639e-11 1.69821e-09 1.08721e-07 4.10367e-06 9.13214e-05 0.00119818 0.00926941 0.0423014 0.114127 0.184065 0.18707 0.145544 0.118522 0.0951444 0.0582863 0.0272535 0.011262 0.00417212 0.00127563 0.000325227 7.18502e-05 1.35604e-05 2.12332e-06 2.68215e-07 2.65016e-08
 1.53664e-11 1.66861e-09 1.06826e-07 4.03215e-06 8.97298e-05 0.00117729 0.00910792 0.0415657 0.11216 0.181035 0.184661 0.145416 0.120526 0.0977236 0.0602441 0.0284283 0.0118365 0.00435018 0.00128757 0.000309851 6.37539e-05 1.12039e-05 1.65043e-06 2.00141e-07 1.93614e-08
 1.54577e-11 1.67852e-09 1.0746e-07 4.0561e-06 9.02627e-05 0.00118429 0.00916198 0.0418119 0.112817 0.182034 0.185394 0.145255 0.119547 0.0966633 0.0596934 0.0283393 0.0119011 0.00440446 0.00130939 0.000314391 6.34015e-05 1.06417e-05 1.46502e-06 1.64886e-07 1.49383e-08
 1.52507e-11 1.65604e-09 1.06021e-07 4.00178e-06 8.90539e-05 0.00116843 0.00903935 0.0412536 0.111328 0.179773 0.183754 0.14568 0.121858 0.0991202 0.0608992 0.0284435 0.0116875 0.00426539 0.00126124 0.000302387 6.09479e-05 1.01842e-05 1.37759e-06 1.49085e-07 1.27187e-08
 1.59873e-11 1.73603e-09 1.11142e-07 4.19506e-06 9.33551e-05 0.00122486 0.00947574 0.043241 0.116635 0.187891 0.189934 0.145119 0.115086 0.0913431 0.0562114 0.02674 0.0112569 0.00415779 0.00122588 0.000290688 5.79787e-05 9.63681e-06 1.30057e-06 1.40026e-07 1.17583e-08
 1.56485e-11 1.69924e-09 1.08787e-07 4.10616e-06 9.13767e-05 0.0011989 0.00927501 0.0423267 0.114191 0.184136 0.18699 0.145097 0.117768 0.0946098 0.0584318 0.0278697 0.0118113 0.00443402 0.00134902 0.000333717 6.88107e-05 1.15833e-05 1.56228e-06 1.67564e-07 1.40225e-08
 1.55643e-11 1.6901e-09 1.08202e-07 4.08407e-06 9.08852e-05 0.00119245 0.00922514 0.0420995 0.113583 0.183194 0.186214 0.144969 0.11825 0.0953085 0.0590564 0.0283394 0.0120962 0.00455698 0.00138797 0.000345284 7.25151e-05 1.25988e-05 1.75784e-06 1.92864e-07 1.6272e-08
 1.59483e-11 1.7318e-09 1.10871e-07 4.18483e-06 9.31275e-05 0.00122187 0.00945265 0.0431361 0.116358 0.187493 0.189754 0.145553 0.116056 0.0921406 0.0562433 0.026222 0.0107782 0.00395124 0.00118201 0.000289284 5.99757e-05 1.0378e-05 1.46085e-06 1.63839e-07 1.42169e-08
 1.55673e-11 1.69042e-09 1.08222e-07 4.08485e-06 9.09024e-05 0.00119268 0.00922691 0.042108 0.113612 0.18329 0.186545 0.14581 0.119514 0.0961539 0.0587288 0.0271906 0.0110377 0.00398452 0.00116622 0.000276985 5.57417e-05 9.42848e-06 1.30678e-06 1.45575e-07 1.26916e-08
 1.57086e-11 1.70577e-09 1.09205e-07 4.12195e-06 9.1728e-05 0.00120351 0.00931069 0.04249 0.114638 0.184904 0.187993 0.146425 0.119318 0.0954038 0.0575485 0.0258714 0.0100518 0.00348907 0.000983733 0.00022288 4.25856e-05 6.86854e-06 9.13265e-07 9.84342e-08 8.39429e-09
 1.62818e-11 1.76801e-09 1.1319e-07 4.27235e-06 9.5075e-05 0.00124742 0.00965026 0.0440366 0.11877 0.191238 0.192882 0.146209 0.114385 0.0895783 0.0538145 0.0242429 0.0094419 0.00326174 0.00090315 0.000197725 3.60957e-05 5.53611e-06 6.97658e-07 7.13184e-08 5.80584e-09
 1.67171e-11 1.81527e-09 1.16215e-07 4.38655e-06 9.76164e-05 0.00128076 0.00990813 0.0452116 0.121915 0.196109 0.196884 0.146845 0.111852 0.0859415 0.0505989 0.0218464 0.00798481 0.00262741 0.00070937 0.000152371 2.71495e-05 4.02478e-06 4.84661e-07 4.69452e-08 3.6111e-09
 1.66495e-11 1.80793e-09 1.15745e-07 4.36881e-06 9.72216e-05 0.00127558 0.00986807 0.0450289 0.121423 0.195329 0.196153 0.146446 0.111792 0.086218 0.0512548 0.022666 0.00858277 0.00288644 0.000777249 0.00016357 2.83961e-05 4.1184e-06 4.85739e-07 4.57582e-08 3.38501e-09
 1.64516e-11 1.78645e-09 1.1437e-07 4.3169e-06 9.60663e-05 0.00126043 0.00975084 0.0444947 0.119993 0.193113 0.194322 0.146124 0.112889 0.0878234 0.0527033 0.0237791 0.00929149 0.00322273 0.000896309 0.000196371 3.52929e-05 5.17415e-06 6.03392e-07 5.56668e-08 4.02406e-09
#obs surv len freq
 1.39539e-11 1.51523e-09 9.70066e-08 3.66152e-06 8.1482e-05 0.00106908 0.00827083 0.0377468 0.101867 0.164479 0.167922 0.132652 0.112349 0.0993016 0.0757763 0.0501554 0.0286308 0.0132032 0.00478771 0.00135649 0.000293923 4.73601e-05 5.51949e-06 4.51513e-07 2.51457e-08
 1.24383e-11 1.35065e-09 8.64698e-08 3.26381e-06 7.26319e-05 0.000952979 0.00737321 0.0336633 0.0910161 0.148248 0.157033 0.137731 0.130654 0.116741 0.0828887 0.0494637 0.026337 0.0119279 0.00435106 0.0012348 0.000262963 4.0675e-05 4.44991e-06 3.3609e-07 1.71283e-08
 1.34928e-11 1.46516e-09 9.38005e-08 3.54051e-06 7.87893e-05 0.00103376 0.00799799 0.0365097 0.0986234 0.159889 0.165733 0.136041 0.119302 0.105128 0.0781939 0.0493384 0.0261782 0.0110579 0.00368385 0.000975257 0.000199416 2.99494e-05 3.16097e-06 2.26998e-07 1.0832e-08
 1.29824e-11 1.40974e-09 9.02526e-08 3.40659e-06 7.58095e-05 0.00099468 0.00769611 0.035142 0.0950541 0.154995 0.164304 0.142719 0.131269 0.113106 0.077322 0.0436814 0.0213858 0.00865999 0.0027648 0.000681266 0.000126802 1.73677e-05 1.6983e-06 1.14562e-07 5.16003e-09
 1.36265e-11 1.47968e-09 9.47302e-08 3.5756e-06 7.95705e-05 0.00104403 0.00807783 0.0368822 0.0997157 0.162181 0.16981 0.141891 0.124379 0.106034 0.0745127 0.0434493 0.0210039 0.00797404 0.0023309 0.00052758 9.08869e-05 1.14782e-05 1.02528e-06 6.29362e-08 2.59019e-09
 1.30646e-11 1.41867e-09 9.08242e-08 3.42817e-06 7.62899e-05 0.001001 0.00774545 0.0353751 0.0957623 0.156565 0.167052 0.145871 0.132514 0.111845 0.0753332 0.0416599 0.0193924 0.00722081 0.00206109 0.000443178 7.0424e-05 8.08184e-06 6.54382e-07 3.64554e-08 1.36178e-09
 1.31102e-11 1.42361e-09 9.11409e-08 3.44013e-06 7.65561e-05 0.0010045 0.00777274 0.0355032 0.0961385 0.157303 0.167989 0.146207 0.131545 0.110726 0.0753913 0.0420358 0.0192028 0.00682593 0.00183869 0.000373645 5.6187e-05 6.0514e-06 4.52913e-07 2.30039e-08 7.77433e-10
 1.28568e-11 1.39609e-09 8.93791e-08 3.37363e-06 7.50765e-05 0.000985099 0.00762307 0.0348275 0.0943905 0.154926 0.167024 0.147879 0.134169 0.112299 0.0758485 0.0419893 0.0190522 0.00672155 0.00178187 0.000349873 4.98751e-05 5.03311e-06 3.51052e-07 1.65456e-08 5.15812e-10
 1.35818e-11 1.47482e-09 9.44195e-08 3.56388e-06 7.93105e-05 0.00104065 0.0080529 0.0367885 0.099658 0.163135 0.173702 0.148188 0.128162 0.104852 0.0708544 0.0394361 0.0178333 0.00622467 0.00162776 0.000313881 4.3547e-05 4.2223e-06 2.79049e-07 1.23154e-08 3.56582e-10
 1.35239e-11 1.46854e-09 9.4017e-08 3.54869e-06 7.89728e-05 0.00103624 0.00801938 0.0366458 0.0993752 0.163266 0.175705 0.152631 0.132391 0.105402 0.0677645 0.0355716 0.0153286 0.00517741 0.00131952 0.000247732 3.33181e-05 3.11562e-06 1.97379e-07 8.28859e-09 2.26501e-10
 1.30493e-11 1.41701e-09 9.07181e-08 3.42418e-06 7.62025e-05 0.000999921 0.00773912 0.0353796 0.096087 0.158708 0.173564 0.155412 0.137686 0.109451 0.0693464 0.0352965 0.0144232 0.00454018 0.00107248 0.000187779 2.38017e-05 2.11289e-06 1.27333e-07 5.07978e-09 1.31484e-10
 1.22356e-11 1.32864e-09 8.50611e-08 3.21067e-06 7.14517e-05 0.000937618 0.007258 0.0331988 0.0903496 0.150304 0.167894 0.156419 0.143213 0.115759 0.0745384 0.0383978 0.0155997 0.00478027 0.00107743 0.00017673 2.07355e-05 1.69838e-06 9.47393e-08 3.51703e-09 8.50862e-11
 1.26589e-11 1.37461e-09 8.8004e-08 3.32175e-06 7.3924e-05 0.000970069 0.00750932 0.0343482 0.0934528 0.155153 0.171633 0.155682 0.138317 0.110932 0.0723975 0.0379606 0.0155561 0.00476093 0.00106035 0.000169168 1.89419e-05 1.45526e-06 7.51923e-08 2.56759e-09 5.70172e-11
 1.24384e-11 1.35067e-09 8.64712e-08 3.26391e-06 7.26376e-05 0.000953235 0.00738027 0.0337782 0.0920905 0.153894 0.173163 0.161007 0.143584 0.111779 0.0693247 0.0344078 0.0135121 0.00402101 0.000876596 0.000136629 1.48363e-05 1.09417e-06 5.36476e-08 1.71863e-09 3.54539e-11
 1.25804e-11 1.36609e-09 8.74585e-08 3.30118e-06 7.34677e-05 0.000964149 0.00746523 0.0341724 0.0931907 0.155716 0.174594 0.160308 0.141009 0.110087 0.0694269 0.0347525 0.0134351 0.00386156 0.00080759 0.000120875 1.26352e-05 8.96962e-07 4.21881e-08 1.28896e-09 2.51832e-11
 1.19752e-11 1.30037e-09 8.32512e-08 3.1424e-06 6.99356e-05 0.00091787 0.0071089 0.0325724 0.0891102 0.150379 0.172946 0.165044 0.147867 0.113752 0.0695132 0.0336572 0.0126655 0.00355599 0.000722475 0.000103873 1.03265e-05 6.93669e-07 3.08365e-08 8.90666e-10 1.64481e-11
 1.19701e-11 1.29982e-09 8.32162e-08 3.14109e-06 6.99077e-05 0.000917553 0.00710761 0.0325823 0.0892556 0.151098 0.174638 0.166898 0.148493 0.113168 0.0682864 0.0321803 0.0115649 0.00306381 0.000585834 7.94778e-05 7.47201e-06 4.74137e-07 1.98414e-08 5.3748e-10 9.28527e-12
 1.22274e-11 1.32776e-09 8.5005e-08 3.20862e-06 7.14117e-05 0.000937327 0.00726147 0.0332945 0.0912339 0.154378 0.177518 0.166957 0.145649 0.110059 0.0665254 0.031386 0.011198 0.00291206 0.000538929 6.97133e-05 6.17799e-06 3.67315e-07 1.43715e-08 3.63741e-10 5.86664e-12
 1.32462e-11 1.43838e-09 9.20874e-08 3.47596e-06 7.73618e-05 0.00101543 0.00786615 0.036057 0.0986653 0.165948 0.186861 0.16757 0.138007 0.0999283 0.0586157 0.0270057 0.00945751 0.00242105 0.000439879 5.53896e-05 4.72336e-06 2.6709e-07 9.84064e-09 2.3283e-10 3.49427e-12
 1.09812e-11 1.19243e-09 7.6342e-08 2.88172e-06 6.41422e-05 0.000842169 0.00653057 0.0300326 0.0830324 0.144002 0.1748 0.17615 0.157923 0.116399 0.0669722 0.0299641 0.0102139 0.0025565 0.000454829 5.59488e-05 4.63675e-06 2.5305e-07 8.92741e-09 2.00627e-10 2.83855e-12
 1.2978e-11 1.40926e-09 9.02238e-08 3.40568e-06 7.58015e-05 0.000995098 0.00771203 0.0353922 0.0971385 0.164497 0.187399 0.169801 0.140042 0.101215 0.0587537 0.0260721 0.00852738 0.00200261 0.000332439 3.83464e-05 3.00194e-06 1.55525e-07 5.21702e-09 1.11369e-10 1.49296e-12
 1.11244e-11 1.20799e-09 7.73386e-08 2.91943e-06 6.49875e-05 0.000853486 0.00662296 0.0305129 0.0847262 0.148177 0.181474 0.181599 0.157672 0.11117 0.0608882 0.0257622 0.00822617 0.00190326 0.000308009 3.39792e-05 2.5042e-06 1.21186e-07 3.79182e-09 7.56273e-11 9.4927e-13
 1.15114e-11 1.25002e-09 8.00297e-08 3.02103e-06 6.72502e-05 0.000883219 0.00685355 0.0315657 0.0875075 0.15208 0.183073 0.178611 0.153551 0.109844 0.0610035 0.0253601 0.00766898 0.00165058 0.000248949 2.58296e-05 1.7999e-06 8.22329e-08 2.41523e-09 4.49354e-11 5.23766e-13
 1.1965e-11 1.29927e-09 8.31835e-08 3.14014e-06 6.99044e-05 0.000918167 0.00712629 0.0328353 0.091069 0.15812 0.188865 0.180098 0.149565 0.103529 0.0561607 0.0230435 0.00690336 0.00145912 0.000212115 2.08042e-05 1.35354e-06 5.74942e-08 1.5708e-09 2.72255e-11 2.95737e-13
 1.18677e-11 1.28872e-09 8.25091e-08 3.11478e-06 6.93463e-05 0.000911059 0.00707562 0.0326546 0.0909191 0.159154 0.192472 0.184749 0.151267 0.101065 0.0522175 0.0203107 0.00578478 0.00116939 0.000163217 1.53516e-05 9.51799e-07 3.81776e-08 9.76101e-10 1.57242e-11 1.58117e-13
 1.26849e-11 1.37746e-09 8.8191e-08 3.32931e-06 7.41236e-05 0.000973835 0.00756267 0.0348855 0.09692 0.168339 0.199241 0.183928 0.144474 0.0935076 0.0468572 0.0174914 0.00471925 0.000896029 0.000117142 1.03329e-05 6.02328e-07 2.27499e-08 5.47456e-10 8.28078e-12 7.79019e-14
 1.0644e-11 1.15586e-09 7.40064e-08 2.79417e-06 6.22303e-05 0.00081833 0.00637076 0.0295815 0.0835902 0.151101 0.192818 0.194948 0.161498 0.104502 0.0508054 0.0182227 0.00471121 0.000853373 0.000105621 8.74767e-06 4.7588e-07 1.67238e-08 3.74208e-10 5.26589e-12 4.61218e-14
 1.17912e-11 1.28043e-09 8.19822e-08 3.09523e-06 6.89289e-05 0.000906138 0.00704731 0.0326215 0.0913439 0.16125 0.196242 0.187431 0.151292 0.0992809 0.0494015 0.0177656 0.00447521 0.000773413 9.03097e-05 7.01771e-06 3.56916e-07 1.16874e-08 2.42899e-10 3.16646e-12 2.56474e-14
#pred catch len freq
 9.35651e-12 1.01601e-09 6.50456e-08 2.45515e-06 5.46361e-05 0.000716866 0.00554655 0.0253278 0.0685507 0.112317 0.122435 0.117079 0.123162 0.116915 0.0889349 0.0621313 0.0436969 0.0304325 0.0215463 0.0159736 0.0126727 0.0109134 0.00964596 0.00752667 0.00441899
 1.0023e-11 1.08838e-09 6.96789e-08 2.63003e-06 5.8528e-05 0.000767936 0.00594187 0.0271372 0.0735062 0.120904 0.133947 0.133155 0.144065 0.134504 0.0945332 0.0565059 0.032421 0.0175532 0.00933662 0.00534808 0.00343477 0.00250597 0.0019961 0.00149684 0.000879398
 9.69202e-12 1.05244e-09 6.73781e-08 2.54319e-06 5.65954e-05 0.000742582 0.00574584 0.0262453 0.0711358 0.117372 0.131725 0.135005 0.149979 0.141555 0.100115 0.0597222 0.0329173 0.0157843 0.00660606 0.00268074 0.00117774 0.000618762 0.000396101 0.000266906 0.000151075
 1.01337e-11 1.1004e-09 7.04488e-08 2.65909e-06 5.91747e-05 0.00077642 0.00600751 0.027437 0.0743181 0.122238 0.135422 0.134655 0.145942 0.137087 0.0977882 0.0593572 0.0331854 0.0158988 0.00639724 0.00226806 0.000739079 0.000245162 9.92547e-05 5.07651e-05 2.56579e-05
 1.03463e-11 1.12349e-09 7.19266e-08 2.71487e-06 6.0416e-05 0.000792707 0.00613352 0.0280122 0.0758719 0.12476 0.138054 0.13683 0.147568 0.137291 0.0956282 0.0557771 0.030217 0.0143437 0.00578243 0.00203144 0.000620049 0.000165628 4.21966e-05 1.24371e-05 4.50158e-06
 1.06926e-11 1.16109e-09 7.43343e-08 2.80575e-06 6.24383e-05 0.00081924 0.00633874 0.0289478 0.0783824 0.128699 0.141541 0.138178 0.146901 0.135531 0.0932823 0.0532052 0.0279922 0.0128231 0.00495131 0.00167829 0.000501299 0.000128643 2.81225e-05 5.49542e-06 1.11791e-06
 1.10867e-11 1.20388e-09 7.70738e-08 2.90915e-06 6.47394e-05 0.00084943 0.00657227 0.0300127 0.0812452 0.133232 0.145749 0.14037 0.147125 0.134106 0.0901607 0.0492118 0.0246806 0.0108572 0.00400279 0.00128314 0.000362391 8.86112e-05 1.84206e-05 3.19305e-06 4.67318e-07
 1.11872e-11 1.21479e-09 7.77721e-08 2.93551e-06 6.5326e-05 0.000857127 0.00663183 0.0302848 0.0819835 0.134457 0.147148 0.141833 0.148593 0.134799 0.0892687 0.0471862 0.0227051 0.009547 0.00331495 0.000988661 0.000260056 5.93881e-05 1.15673e-05 1.87834e-06 2.47624e-07
 1.15042e-11 1.24922e-09 7.99759e-08 3.01869e-06 6.7177e-05 0.000881411 0.00681959 0.0311394 0.084257 0.137865 0.149403 0.140479 0.143984 0.130335 0.0877397 0.0480402 0.023927 0.0101976 0.0035174 0.00102171 0.000256066 5.46828e-05 9.87661e-06 1.48838e-06 1.82179e-07
 1.19947e-11 1.30248e-09 8.33857e-08 3.1474e-06 7.00411e-05 0.000918987 0.00711021 0.0324638 0.0878055 0.143387 0.154068 0.141619 0.141766 0.126622 0.0838516 0.0446718 0.0217697 0.00930127 0.00328393 0.000979136 0.000247336 5.18117e-05 8.93764e-06 1.26032e-06 1.42905e-07
 1.18632e-11 1.2882e-09 8.24716e-08 3.11289e-06 6.92733e-05 0.000908915 0.00703237 0.0321104 0.0868759 0.142082 0.15365 0.143608 0.145884 0.130055 0.0841597 0.0425604 0.0194624 0.00788795 0.002652 0.000760172 0.000189621 4.0021e-05 6.92975e-06 9.59937e-07 1.04215e-07
 1.14689e-11 1.24539e-09 7.97309e-08 3.00944e-06 6.69712e-05 0.000878712 0.00679877 0.0310457 0.0840226 0.137634 0.149855 0.142569 0.147486 0.132939 0.087386 0.0454907 0.0213611 0.00865298 0.00281937 0.00076648 0.000180726 3.64887e-05 6.1734e-06 8.50989e-07 9.20897e-08
 1.17016e-11 1.27066e-09 8.13487e-08 3.07051e-06 6.83301e-05 0.00089654 0.00693664 0.0316736 0.0856991 0.140197 0.151797 0.142363 0.145291 0.130405 0.0858221 0.0449135 0.02128 0.00873304 0.00289593 0.000796519 0.000185415 3.59186e-05 5.75189e-06 7.55679e-07 7.93841e-08
 1.22138e-11 1.32627e-09 8.49091e-08 3.2049e-06 7.13207e-05 0.000935776 0.0072401 0.0330567 0.0894064 0.145981 0.156753 0.143788 0.143354 0.126856 0.0818427 0.0412212 0.0187089 0.00747696 0.0024453 0.000668582 0.000156025 3.03309e-05 4.80426e-06 6.10317e-07 6.11094e-08
 1.22826e-11 1.33374e-09 8.53875e-08 3.22295e-06 7.17225e-05 0.000941048 0.00728091 0.0332435 0.0899182 0.146869 0.157946 0.145433 0.145328 0.127932 0.0808613 0.0388338 0.0165381 0.00624665 0.00192678 0.000493561 0.000109356 2.06697e-05 3.2387e-06 4.0923e-07 4.04404e-08
 1.20235e-11 1.30561e-09 8.35861e-08 3.15496e-06 7.02094e-05 0.000921197 0.00712739 0.0325441 0.0880473 0.143981 0.155622 0.14522 0.147097 0.130311 0.082802 0.0401165 0.0171973 0.00643762 0.00192116 0.000464423 9.58435e-05 1.68708e-05 2.48712e-06 3.01708e-07 2.91913e-08
 1.221e-11 1.32586e-09 8.4883e-08 3.20391e-06 7.12987e-05 0.000935488 0.00723791 0.0330474 0.0893909 0.146033 0.157168 0.145025 0.1453 0.128281 0.081622 0.039748 0.0171604 0.00646124 0.00193566 0.000466715 9.43773e-05 1.58649e-05 2.18569e-06 2.46085e-07 2.22985e-08
 1.19226e-11 1.29466e-09 8.2885e-08 3.1285e-06 6.96206e-05 0.000913472 0.00706766 0.0322722 0.0873236 0.142893 0.154886 0.1456 0.148485 0.131676 0.083303 0.0399145 0.0168832 0.00627754 0.00187183 0.000450799 9.11237e-05 1.52506e-05 2.06449e-06 2.23505e-07 1.9071e-08
 1.2452e-11 1.35214e-09 8.6565e-08 3.2674e-06 7.27115e-05 0.000954023 0.00738124 0.0337001 0.0911335 0.148694 0.15917 0.144766 0.142964 0.125662 0.080138 0.0393151 0.0171102 0.00645069 0.00191945 0.000457503 9.1567e-05 1.52492e-05 2.05992e-06 2.21881e-07 1.86359e-08
 1.21466e-11 1.31898e-09 8.44422e-08 3.18727e-06 7.09285e-05 0.00093063 0.00720033 0.0328761 0.0889307 0.145307 0.156505 0.144713 0.145326 0.128551 0.0821093 0.0403412 0.0176559 0.00676132 0.00207554 0.00051596 0.000106718 1.79944e-05 2.42896e-06 2.60629e-07 2.18151e-08
 1.22869e-11 1.33421e-09 8.54174e-08 3.22408e-06 7.17476e-05 0.000941377 0.00728344 0.0332546 0.0899414 0.146853 0.157682 0.144605 0.144035 0.127071 0.0812208 0.0400196 0.01757 0.00673423 0.00206699 0.00051639 0.000108743 1.89202e-05 2.64163e-06 2.89924e-07 2.44649e-08
 1.26653e-11 1.3753e-09 8.80483e-08 3.32339e-06 7.39575e-05 0.00097037 0.00750767 0.0342765 0.0926794 0.151115 0.161287 0.145503 0.142364 0.124279 0.0783198 0.037487 0.0158682 0.00592838 0.00178866 0.000439756 9.14349e-05 1.58461e-05 2.23219e-06 2.50435e-07 2.17347e-08
 1.25913e-11 1.36726e-09 8.75334e-08 3.30395e-06 7.35249e-05 0.000964695 0.0074638 0.0340769 0.092149 0.150325 0.160791 0.145906 0.143579 0.125437 0.0786971 0.0372181 0.0154746 0.0056743 0.00167248 0.000398696 8.04257e-05 1.36214e-05 1.88908e-06 2.10503e-07 1.83547e-08
 1.27012e-11 1.3792e-09 8.82975e-08 3.33279e-06 7.41668e-05 0.000973116 0.00752895 0.0343741 0.0929501 0.151611 0.162067 0.146797 0.144058 0.125282 0.0776263 0.0356318 0.0141913 0.00501132 0.001424 0.000323921 6.20527e-05 1.00232e-05 1.33367e-06 1.43795e-07 1.22645e-08
 1.34837e-11 1.46417e-09 9.37372e-08 3.53811e-06 7.87359e-05 0.00103306 0.00799252 0.0364856 0.0985916 0.160263 0.168767 0.146575 0.137435 0.117403 0.0724986 0.0333068 0.0132676 0.00465464 0.00129781 0.000285136 5.21773e-05 8.01396e-06 1.01062e-06 1.03346e-07 8.41443e-09
 1.36802e-11 1.48551e-09 9.51035e-08 3.58968e-06 7.98835e-05 0.00104812 0.00810898 0.0370167 0.100019 0.162517 0.170833 0.147575 0.137376 0.116473 0.0707284 0.0312087 0.0117214 0.00393729 0.00107333 0.000231641 4.14003e-05 6.14853e-06 7.41073e-07 7.18136e-08 5.52523e-09
 1.34523e-11 1.46076e-09 9.35191e-08 3.52988e-06 7.85527e-05 0.00103066 0.00797394 0.0364012 0.098369 0.159945 0.168635 0.146962 0.13828 0.118115 0.072572 0.0328936 0.0128304 0.00440686 0.00119812 0.000253376 4.41359e-05 6.41466e-06 7.57372e-07 7.13834e-08 5.28197e-09
 1.23267e-11 1.33853e-09 8.56941e-08 3.23453e-06 7.19801e-05 0.000944428 0.00730707 0.0333631 0.0902441 0.14742 0.158625 0.146256 0.14625 0.128433 0.0804233 0.0377164 0.0154393 0.00552687 0.00155945 0.00034433 6.22207e-05 9.15167e-06 1.06901e-06 9.87077e-08 7.13858e-09
#obs catch len freq
 9.62952e-12 1.04565e-09 6.69435e-08 2.52679e-06 5.62306e-05 0.000737794 0.00570875 0.0260744 0.0706449 0.116286 0.129038 0.128605 0.140926 0.13802 0.107118 0.0703685 0.0396074 0.0179938 0.00647236 0.00184972 0.000411876 6.8938e-05 8.34571e-06 7.04121e-07 4.00845e-08
 1.22374e-11 1.32884e-09 8.50736e-08 3.21111e-06 7.1459e-05 0.000937587 0.00725402 0.0331167 0.0895061 0.145539 0.153066 0.131849 0.123922 0.114237 0.0879035 0.0580298 0.0327217 0.0148071 0.00524201 0.00144117 0.000301044 4.64601e-05 5.15244e-06 3.98664e-07 2.08925e-08
 1.09589e-11 1.19001e-09 7.61855e-08 2.87563e-06 6.39937e-05 0.000839657 0.00649703 0.0296757 0.0803944 0.132122 0.14494 0.138438 0.141979 0.129824 0.0923574 0.0549427 0.0289362 0.0128592 0.00457227 0.00125615 0.000257268 3.80356e-05 3.95399e-06 2.82226e-07 1.35272e-08
 1.24157e-11 1.34819e-09 8.63126e-08 3.25788e-06 7.24999e-05 0.000951256 0.00736012 0.0336075 0.0909005 0.148201 0.157056 0.136652 0.127489 0.114675 0.0853188 0.0533999 0.0278716 0.0115226 0.00374127 0.000958944 0.000188367 2.69884e-05 2.70155e-06 1.83089e-07 8.20992e-09
 1.19793e-11 1.30081e-09 8.3279e-08 3.14338e-06 6.99522e-05 0.000917845 0.00710219 0.0324417 0.0878885 0.144272 0.156769 0.144286 0.139725 0.121914 0.0831107 0.0465939 0.0224636 0.00889266 0.0027597 0.000657002 0.000117394 1.5335e-05 1.42109e-06 9.0352e-08 3.81919e-09
 1.28074e-11 1.39073e-09 8.90359e-08 3.36067e-06 7.47878e-05 0.000981289 0.00759294 0.0346786 0.0938774 0.153488 0.163819 0.143352 0.131339 0.113241 0.0792669 0.0457128 0.0216757 0.00802705 0.00227907 0.000498037 8.22527e-05 9.89381e-06 8.36866e-07 4.83942e-08 1.86793e-09
 1.23779e-11 1.34409e-09 8.605e-08 3.24797e-06 7.22801e-05 0.000948404 0.00733908 0.0335305 0.0908955 0.149432 0.162497 0.147815 0.138774 0.117665 0.0787511 0.0430498 0.0196515 0.00712703 0.00197086 0.000408173 6.20975e-05 6.78261e-06 5.19725e-07 2.72592e-08 9.54521e-10
 1.25028e-11 1.35765e-09 8.69182e-08 3.28075e-06 7.30096e-05 0.000957984 0.00741343 0.0338735 0.0918506 0.151077 0.164175 0.148196 0.137206 0.115837 0.0782788 0.0430443 0.0192365 0.00665025 0.00173398 0.000339036 4.8735e-05 4.988e-06 3.52947e-07 1.68698e-08 5.34331e-10
 1.23156e-11 1.33733e-09 8.56171e-08 3.23164e-06 7.19171e-05 0.000943666 0.00730312 0.0333781 0.0905927 0.14949 0.16392 0.150032 0.139377 0.116713 0.0781526 0.0426287 0.0189019 0.00647546 0.00165821 0.00031267 4.25478e-05 4.07608e-06 2.68522e-07 1.18996e-08 3.47483e-10
 1.31734e-11 1.43048e-09 9.15804e-08 3.45673e-06 7.69262e-05 0.00100939 0.00781162 0.0356975 0.0968171 0.159156 0.171685 0.150239 0.132304 0.10809 0.0723247 0.0395946 0.0174698 0.00591354 0.00149161 0.000275738 3.6453e-05 3.35009e-06 2.08874e-07 8.66056e-09 2.34747e-10
 1.32374e-11 1.43743e-09 9.20255e-08 3.47353e-06 7.73006e-05 0.00101433 0.00785044 0.0358855 0.0974269 0.160697 0.174885 0.154855 0.135614 0.107301 0.0681665 0.0351726 0.0147821 0.0048374 0.00118755 0.000213421 2.73109e-05 2.41716e-06 1.44269e-07 5.68543e-09 1.45325e-10
 1.28114e-11 1.39116e-09 8.90637e-08 3.36174e-06 7.48136e-05 0.000981723 0.00759906 0.0347522 0.0945049 0.156746 0.173318 0.157797 0.140568 0.110783 0.0692325 0.0345662 0.0137508 0.00418907 0.000952627 0.00015957 1.92265e-05 1.61341e-06 9.14911e-08 3.42132e-09 8.2751e-11
 1.20595e-11 1.30952e-09 8.38366e-08 3.16446e-06 7.04239e-05 0.000924164 0.00715474 0.0327404 0.0892292 0.149087 0.168304 0.158928 0.145689 0.11652 0.073905 0.0372712 0.0147107 0.00435427 0.000943143 0.000147807 1.64714e-05 1.27453e-06 6.68482e-08 2.32406e-09 5.24866e-11
 1.25861e-11 1.3667e-09 8.74979e-08 3.30266e-06 7.34997e-05 0.000964534 0.00746732 0.0341689 0.093075 0.155051 0.172821 0.158029 0.13998 0.110877 0.0711762 0.0364703 0.0144954 0.00427795 0.000913845 0.000139031 1.47639e-05 1.07049e-06 5.19754e-08 1.66141e-09 3.44254e-11
 1.23696e-11 1.3432e-09 8.59932e-08 3.24588e-06 7.22373e-05 0.000948021 0.00734093 0.0336133 0.0917673 0.153937 0.174579 0.163476 0.145063 0.111372 0.0678925 0.0329275 0.0125382 0.00359472 0.000750574 0.000111382 1.14526e-05 7.96065e-07 3.66405e-08 1.09811e-09 2.11309e-11
 1.25833e-11 1.3664e-09 8.74784e-08 3.30194e-06 7.34857e-05 0.000964426 0.00746841 0.0342015 0.0933851 0.156536 0.176553 0.162681 0.141982 0.109147 0.0675295 0.032949 0.0123276 0.00340964 0.000682336 9.71299e-05 9.60158e-06 6.41533e-07 2.82901e-08 8.07786e-10 1.47108e-11
 1.20519e-11 1.3087e-09 8.37847e-08 3.16255e-06 7.03853e-05 0.000923821 0.00715614 0.0328044 0.0898601 0.152093 0.175655 0.167441 0.14813 0.11193 0.0670274 0.0316112 0.0115006 0.00310231 0.000602087 8.22116e-05 7.72095e-06 4.87699e-07 2.03069e-08 5.47598e-10 9.4169e-12
 1.20519e-11 1.3087e-09 8.37846e-08 3.16256e-06 7.0387e-05 0.000923901 0.00715808 0.0328306 0.0900585 0.152917 0.177454 0.169311 0.148678 0.11121 0.0656565 0.0300834 0.0104385 0.00265475 0.000484537 6.23704e-05 5.53301e-06 3.29791e-07 1.29152e-08 3.26399e-10 5.24737e-12
 1.23372e-11 1.33968e-09 8.57685e-08 3.23747e-06 7.20551e-05 0.000945834 0.00732873 0.0336201 0.092245 0.156508 0.180528 0.169283 0.145604 0.107895 0.0637333 0.0291913 0.0100399 0.00250215 0.000441299 5.40959e-05 4.51971e-06 2.52227e-07 9.22828e-09 2.17739e-10 3.26581e-12
 1.33539e-11 1.45009e-09 9.28369e-08 3.50428e-06 7.79937e-05 0.00102379 0.00793235 0.0363781 0.0996622 0.16803 0.189729 0.169657 0.13778 0.0977739 0.0560047 0.0250321 0.00844267 0.0020684 0.000357556 4.25996e-05 3.4205e-06 1.81379e-07 6.24515e-09 1.37685e-10 1.92084e-12
 1.1166e-11 1.2125e-09 7.76271e-08 2.93026e-06 6.52251e-05 0.000856473 0.00664328 0.0305714 0.0846477 0.14715 0.178701 0.178489 0.156996 0.113182 0.0635309 0.0275534 0.00903668 0.00216193 0.000365411 4.24648e-05 3.30895e-06 1.69135e-07 5.57089e-09 1.16581e-10 1.53264e-12
 1.31658e-11 1.42966e-09 9.153e-08 3.45502e-06 7.6902e-05 0.00100962 0.00782622 0.0359344 0.0987343 0.167497 0.190936 0.171819 0.139181 0.0982514 0.0554795 0.0237994 0.00747823 0.00167771 0.000264482 2.88007e-05 2.11767e-06 1.02633e-07 3.21058e-09 6.37584e-11 7.93561e-13
 1.13526e-11 1.23277e-09 7.8926e-08 2.9794e-06 6.63258e-05 0.000871172 0.00676234 0.0311777 0.086695 0.15188 0.185716 0.183655 0.156058 0.1074 0.0572593 0.023426 0.00717724 0.00158284 0.000242782 2.5256e-05 1.74725e-06 7.90625e-08 2.30549e-09 4.27412e-11 4.97652e-13
 1.1752e-11 1.27614e-09 8.1703e-08 3.08426e-06 6.86611e-05 0.000901863 0.00700036 0.0322639 0.0895587 0.155878 0.187352 0.180723 0.152041 0.105976 0.0571157 0.0229018 0.00663917 0.00136195 0.000194615 1.90208e-05 1.24261e-06 5.30303e-08 1.45072e-09 2.50809e-11 2.71123e-13
 1.22267e-11 1.3277e-09 8.50042e-08 3.20894e-06 7.14399e-05 0.000938461 0.00728607 0.0335938 0.0932815 0.162137 0.193189 0.181931 0.147687 0.0995237 0.052356 0.0206961 0.0059325 0.00119269 0.000164033 1.5145e-05 9.23473e-07 3.66246e-08 9.31361e-10 1.49887e-11 1.50898e-13
 1.21426e-11 1.31857e-09 8.44209e-08 3.18704e-06 7.09598e-05 0.000932406 0.00724399 0.0334559 0.0932602 0.163384 0.196913 0.186375 0.148963 0.0967802 0.0484483 0.0181429 0.00494068 0.000948981 0.00012514 1.10649e-05 6.42269e-07 2.40391e-08 5.71946e-10 8.55433e-12 7.97126e-14
 1.2965e-11 1.40788e-09 9.014e-08 3.40299e-06 7.57691e-05 0.000995611 0.00773443 0.0357019 0.099292 0.172564 0.203538 0.185307 0.141999 0.0892215 0.0432358 0.015515 0.00399837 0.000720817 8.89708e-05 7.37156e-06 4.019e-07 1.41503e-08 3.16602e-10 4.4436e-12 3.87263e-14
 1.09336e-11 1.18731e-09 7.60218e-08 2.87041e-06 6.39355e-05 0.000840968 0.00655049 0.0304462 0.0861517 0.155775 0.197671 0.196493 0.158619 0.0996531 0.0468436 0.0161387 0.00398038 0.000683674 7.98076e-05 6.20425e-06 3.15521e-07 1.03312e-08 2.14807e-10 2.80294e-12 2.27271e-14
#spawning biomass
 16961.4 18936.3 22673.3 27089 31843.8 36695.1 39559.9 41119.5 51332.7 65227 74862.8 90350 102504 109191 108752 111568 110758 106209 107315 123185 133438 136120 143547 131765 130264 133456 158081 191465 259497 418912 448769 412145 350794 287467 232366 188647 155914 132351 115854 104535 96884.8 91766.3 88349.5 86075.9 84613.6 83673.2 83068.3 82679.3 82429.1 82268.2 82164.7 82098.2 82055.4 82027.9 82010.2 81998.8 81991.4 81986.7 81983.7 81981.8 81980.5 81979.7 81979.2 81978.8 81978.6 81978.5 81978.4 81978.3 81978.3 81978.3 81978.3 81978.3 81978.3 81978.2 81978.2 81978.2 81978.2 81978.2 81978.2 81978.2 81978.2 81978.2 81978.2 81978.2 81978.2 81978.2 81978.2 81978.2 81978.2 81978.2 81978.2 81978.2 81978.2 81978.2 81978.2 81978.2 81978.2 81978.2 81978.2 81978.2 81978.2 81978.2 81978.2 81978.2 81978.2 81978.2 81978.2 81978.2 81978.2 81978.2 81978.2 81978.2 81978.2 81978.2 81978.2 81978.2 81978.2 81978.2 81978.2 81978.2 81978.2 81978.2 81978.2 81978.2 81978.2 81978.2 81978.2 81978.2 0 0 0 0 0 0 0 0 0 0 0 0 0 0 0 0 0 0 0 0 0 0 0 0 0
