SBPRF35
0.129254
Curr Bio
39649.1
B35
117272
F35
0.433861
FOFL
0
OFL
0
Bzero
36929.6
#pred survey bio
 6476.13 8556.39 8662.75 8248.81 9847.51 13876.1 16230.2 18549.7 32213.3 53067.6 71227.7 87067.1 122771 157730 167299 134534 123831 122269 127517 134506 129635 137922 156622 152717 163668 172807 168714 154361 131913 2.0061e+06 2.17271e+06 1.61154e+06 1.10959e+06 815125 665365 593815 560396 544749 537282 533613 531748 530769 530239 529946 529780 529685 529631 529600 529581 529571 529564 529561 529559 529557 529557 529556 529556 529556 529556 529556 529556 529556 529556 529556 529556 529556 529556 529556 529556 529556 529556 529556 529556 529556 529556 529556 529556 529556 529556 529556 529556 529556 529556 529556 529556 529556 529556 529556 529556 529556 529556 529556 529556 529556 529556 529556 529556 529556 529556 529556 529556 529556 529556 529556 529556 529556 529556 529556 529556 529556 529556 529556 529556 529556 529556 529556 529556 529556 529556 529556 529556 529556 529556 529556 529556 529556 529556 529556 529556 0 0 0 0 0 0 0 0 0 0 0 0 0 0 0 0 0 0 0 0 0 0 0 0 0
#obs survey bio
 5616.46 7868.12 6460.07 7662.91 11408.9 13573.5 13813.2 22239.2 50540.7 62627.2 80941 74818 124350 212443 138346 147125 107503 115510 113358 138403 111176 136669 154955 155509 166350 145010 226034 168898 92789.3
#pred catch bio
 3181.21 5697.54 6124.92 6021.33 6427.13 9183.75 11715.7 12072.5 19565.7 34155.9 48685.1 56229.1 79193 101217 120523 93455 83767.6 81128.9 83495.5 91977.7 85690.1 87093.4 107214 100710 105026 111615 112032 106304 126334 0 28734.2 20235.9 13427.4 9660.23 7858.31 7063.25 6729.34 6593.47 6539.32 6518.04 6509.76 6506.55 6505.32 6504.85 6504.67 6504.6 6504.57 6504.56 6504.56 6504.56 6504.56 6504.55 6504.55 6504.55 6504.55 6504.55 6504.55 6504.55 6504.55 6504.55 6504.55 6504.55 6504.55 6504.55 6504.55 6504.55 6504.55 6504.55 6504.55 6504.55 6504.55 6504.55 6504.55 6504.55 6504.55 6504.55 6504.55 6504.55 6504.55 6504.55 6504.55 6504.55 6504.55 6504.55 6504.55 6504.55 6504.55 6504.55 6504.55 6504.55 6504.55 6504.55 6504.55 6504.55 6504.55 6504.55 6504.55 6504.55 6504.55 6504.55 6504.55 6504.55 6504.55 6504.55 6504.55 6504.55 6504.55 6504.55 6504.55 6504.55 6504.55 6504.55 6504.55 6504.55 6504.55 6504.55 6504.55 6504.55 6504.55 6504.55 6504.55 6504.55 6504.55 6504.55 6504.55 6504.55 6504.55 6504.55 6504.55 0 0 0 0 0 0 0 0 0 0 0 0 0 0 0 0 0 0 0 0 0 0 0 0 0
#obs catch bio
 5007.26 5752.19 6288.99 6168.03 6381.72 9175.18 11899.8 12000.2 18865.8 33389.4 48167.4 55851.2 78671.8 98661 122971 94308.4 83971.4 80744.5 84309.8 90394.3 85476 87440.1 106290 101565 104436 112805 113434 106863 129809
#pred cpue bio
 6134.86 7888.9 8017.31 7598.82 8916.36 12683.3 14955.2 16866.2 29066.2 48428.9 65270.8 79572.5 112031 144903 155623 124818 114551 113130 117835 124481 119949 127329 144891 141182 151121 160415 157093 143652 122715 1.76273e+06 2.19928e+06 1.60366e+06 1.09544e+06 800398 650592 579039 545620 529973 522506 518837 516972 515993 515463 515170 515004 514909 514855 514824 514805 514795 514788 514785 514782 514781 514780 514780 514780 514780 514780 514780 514779 514779 514779 514779 514779 514779 514779 514779 514779 514779 514779 514779 514779 514779 514779 514779 514779 514779 514779 514779 514779 514779 514779 514779 514779 514779 514779 514779 514779 514779 514779 514779 514779 514779 514779 514779 514779 514779 514779 514779 514779 514779 514779 514779 514779 514779 514779 514779 514779 514779 514779 514779 514779 514779 514779 514779 514779 514779 514779 514779 514779 514779 514779 514779 514779 514779 514779 514779 514779 0 0 0 0 0 0 0 0 0 0 0 0 0 0 0 0 0 0 0 0 0 0 0 0 0
#obs cpue bio
 6424.35 8315.02 5980.52 5999.04 9890.57 12425.7 13090.9 16920.2 44804.8 49494.2 62812.3 97170.4 125749 189981 102065 105355 129125 136561 99094.4 205254 125425 111022 198828 101956 184582 139913 98525.5 121529 123093
#pred surv len freq
 2.14684e-27 2.17589e-27 6.88978e-27 1.61303e-21 9.59329e-17 1.31171e-12 4.12338e-09 2.97998e-06 0.000495119 0.0189132 0.166097 0.335353 0.156033 0.0264859 0.0607119 0.085114 0.0342996 0.0266492 0.023547 0.0156876 0.0130752 0.011193 0.011421 0.0105199 0.004402
 2.14882e-27 2.18178e-27 7.56231e-27 1.84124e-21 1.09506e-16 1.4973e-12 4.70678e-09 3.4016e-06 0.000565171 0.0215891 0.189597 0.382799 0.178016 0.0277567 0.0541742 0.0756265 0.02777 0.0138756 0.0109622 0.00571655 0.00388686 0.00270232 0.00227837 0.0018983 0.000783151
 2.14807e-27 2.18007e-27 7.38502e-27 1.78109e-21 1.05929e-16 1.44838e-12 4.55301e-09 3.29048e-06 0.000546708 0.0208839 0.183403 0.370295 0.172296 0.0294011 0.0679826 0.0949919 0.0333909 0.0120406 0.00842228 0.00313965 0.00151192 0.000764662 0.000473978 0.000325826 0.000126781
 2.14851e-27 2.18121e-27 7.50971e-27 1.8234e-21 1.08445e-16 1.48279e-12 4.66117e-09 3.36864e-06 0.000559695 0.02138 0.18776 0.379091 0.176342 0.0288519 0.0619791 0.0865705 0.031003 0.0130007 0.00919246 0.00280534 0.000959108 0.000310909 0.000116526 5.57004e-05 1.88962e-05
 2.15016e-27 2.18525e-27 7.93665e-27 1.96823e-21 1.17058e-16 1.60056e-12 5.03138e-09 3.6362e-06 0.000604149 0.0230781 0.202673 0.409199 0.190213 0.0275607 0.0450224 0.0626375 0.0221227 0.00830862 0.00578738 0.00190576 0.00067337 0.00016573 3.46216e-05 8.58051e-06 2.10837e-06
 2.14926e-27 2.18302e-27 7.69772e-27 1.88716e-21 1.12237e-16 1.53464e-12 4.82416e-09 3.48643e-06 0.000579265 0.0221275 0.194325 0.392346 0.182463 0.0286561 0.0567888 0.079178 0.0273541 0.00831833 0.00542866 0.00168762 0.000569353 0.000145478 2.58566e-05 3.30122e-06 4.05905e-07
 2.14846e-27 2.18107e-27 7.49253e-27 1.81757e-21 1.08098e-16 1.47804e-12 4.64625e-09 3.35786e-06 0.000557903 0.0213115 0.187159 0.377877 0.175793 0.0291622 0.0642397 0.0897195 0.0316159 0.0116303 0.00790959 0.00221157 0.000631098 0.000150065 2.5759e-05 2.78663e-06 1.80533e-07
 2.14977e-27 2.18431e-27 7.83764e-27 1.93464e-21 1.15061e-16 1.57325e-12 4.94553e-09 3.57415e-06 0.000593839 0.0226843 0.199214 0.402216 0.186997 0.027873 0.0490335 0.0682993 0.0242334 0.009451 0.00658465 0.00201677 0.000638953 0.000137821 2.03394e-05 2.01702e-06 1.07818e-07
 2.15045e-27 2.18595e-27 8.00995e-27 1.99308e-21 1.18536e-16 1.62077e-12 5.09493e-09 3.68212e-06 0.000611778 0.0233695 0.205232 0.414366 0.192598 0.0274514 0.0427977 0.0594787 0.020699 0.00678799 0.0045422 0.00143972 0.000487363 0.000114896 1.75629e-05 1.55798e-06 7.29232e-08
 2.14941e-27 2.18339e-27 7.73643e-27 1.90029e-21 1.13018e-16 1.54531e-12 4.85772e-09 3.51069e-06 0.000583295 0.0222815 0.195677 0.395075 0.18372 0.0285387 0.0552499 0.0770082 0.0265841 0.00801435 0.0051756 0.00150117 0.000456437 0.000110665 1.8327e-05 1.7268e-06 7.78492e-08
 2.14902e-27 2.18244e-27 7.6384e-27 1.86705e-21 1.11041e-16 1.51828e-12 4.77274e-09 3.44927e-06 0.000573092 0.0218917 0.192254 0.388164 0.18053 0.0286696 0.0581315 0.081108 0.0285519 0.0104091 0.00706067 0.00196469 0.00054678 0.000120305 1.86743e-05 1.83387e-06 8.79636e-08
 2.14929e-27 2.1831e-27 7.70874e-27 1.89091e-21 1.1246e-16 1.53769e-12 4.83374e-09 3.49336e-06 0.000580416 0.0221715 0.194711 0.393125 0.182813 0.0283854 0.0549019 0.0765594 0.026992 0.00997885 0.00686218 0.00209384 0.000659547 0.000140492 1.96925e-05 1.77422e-06 8.40261e-08
 2.14943e-27 2.18346e-27 7.74691e-27 1.90386e-21 1.1323e-16 1.54822e-12 4.86684e-09 3.51728e-06 0.000584391 0.0223233 0.196045 0.395817 0.184053 0.0282704 0.0533883 0.0744224 0.0261892 0.00952483 0.00652994 0.00201283 0.000657123 0.000153502 2.31993e-05 1.98698e-06 8.60476e-08
 2.14877e-27 2.18183e-27 7.57293e-27 1.84484e-21 1.0972e-16 1.50022e-12 4.71597e-09 3.40824e-06 0.000566274 0.0216313 0.189967 0.383547 0.178405 0.0289122 0.0610041 0.0851503 0.0298813 0.0106 0.00721397 0.00220472 0.000714089 0.000169908 2.73036e-05 2.5328e-06 1.11251e-07
 2.14743e-27 2.17856e-27 7.22898e-27 1.72817e-21 1.02781e-16 1.40535e-12 4.41773e-09 3.1927e-06 0.000530463 0.0202633 0.177954 0.359292 0.167228 0.0298873 0.0742674 0.103882 0.0369979 0.0148678 0.010409 0.00314233 0.000998303 0.000235291 3.7972e-05 3.66666e-06 1.71878e-07
 2.14774e-27 2.17933e-27 7.31386e-27 1.75698e-21 1.04494e-16 1.42877e-12 4.49137e-09 3.24593e-06 0.000539306 0.0206011 0.18092 0.365281 0.169976 0.0293444 0.0691479 0.0967052 0.0349878 0.0157969 0.0114144 0.00367455 0.00125965 0.000295974 4.69639e-05 4.52487e-06 2.17159e-07
 2.14806e-27 2.18013e-27 7.39756e-27 1.78537e-21 1.06183e-16 1.45186e-12 4.56394e-09 3.29837e-06 0.00054802 0.020934 0.183843 0.371183 0.172696 0.0291187 0.0659912 0.0922402 0.0331943 0.0144394 0.0104471 0.00360272 0.00135329 0.000341816 5.72617e-05 5.51178e-06 2.62689e-07
 2.14804e-27 2.18006e-27 7.38975e-27 1.78272e-21 1.06025e-16 1.4497e-12 4.55716e-09 3.29347e-06 0.000547206 0.0209029 0.18357 0.370632 0.172445 0.0292045 0.0666814 0.0932041 0.0334122 0.0141274 0.0101343 0.00342739 0.0012871 0.000349832 6.44964e-05 6.64948e-06 3.25845e-07
 2.14818e-27 2.18041e-27 7.42649e-27 1.79518e-21 1.06766e-16 1.45984e-12 4.58902e-09 3.3165e-06 0.000551032 0.021049 0.184854 0.373223 0.173637 0.0290504 0.0649594 0.0907827 0.0326394 0.0140987 0.0101375 0.00337302 0.00123815 0.00033275 6.34508e-05 7.11657e-06 3.77233e-07
 2.14801e-27 2.18e-27 7.38342e-27 1.78057e-21 1.05897e-16 1.44796e-12 4.55168e-09 3.28951e-06 0.000546547 0.0208777 0.183349 0.370186 0.172239 0.0292185 0.0669015 0.0935161 0.0335466 0.0142548 0.0102319 0.00344581 0.00127545 0.000337066 6.31316e-05 7.19352e-06 4.04648e-07
 2.14804e-27 2.18005e-27 7.38879e-27 1.78239e-21 1.06006e-16 1.44944e-12 4.55633e-09 3.29287e-06 0.000547106 0.0208991 0.183537 0.370564 0.172413 0.029205 0.0667047 0.0932385 0.0334467 0.0142102 0.0101859 0.00339576 0.00124754 0.000332445 6.21586e-05 6.98193e-06 3.94491e-07
 2.14828e-27 2.18066e-27 7.4529e-27 1.80414e-21 1.07299e-16 1.46713e-12 4.61193e-09 3.33305e-06 0.000553782 0.0211541 0.185776 0.375086 0.174495 0.0289586 0.0638379 0.0892021 0.0320834 0.0138977 0.0100023 0.00333637 0.0012229 0.000323142 6.02684e-05 6.77771e-06 3.80325e-07
 2.14806e-27 2.18011e-27 7.39499e-27 1.7845e-21 1.06131e-16 1.45115e-12 4.56171e-09 3.29676e-06 0.000547752 0.0209238 0.183753 0.371002 0.172615 0.0291712 0.0663663 0.0927628 0.0332959 0.0142102 0.0102122 0.00344773 0.00128031 0.000338593 6.28419e-05 7.02977e-06 3.93896e-07
 2.14813e-27 2.18028e-27 7.41304e-27 1.79062e-21 1.06495e-16 1.45613e-12 4.57736e-09 3.30807e-06 0.000549631 0.0209955 0.184384 0.372274 0.173202 0.0291402 0.0657934 0.0919507 0.0329477 0.013882 0.00993657 0.0033209 0.00122425 0.000327219 6.12984e-05 6.84879e-06 3.81967e-07
 2.14826e-27 2.18061e-27 7.44778e-27 1.8024e-21 1.07196e-16 1.46571e-12 4.60749e-09 3.32984e-06 0.000553249 0.0211337 0.185597 0.374725 0.174329 0.0290001 0.0642001 0.0897088 0.0322117 0.0137831 0.0098892 0.00328317 0.00119821 0.000317327 5.94068e-05 6.69534e-06 3.74676e-07
 2.14768e-27 2.17917e-27 7.29575e-27 1.75083e-21 1.04129e-16 1.42377e-12 4.47565e-09 3.23457e-06 0.000537419 0.020529 0.180287 0.364003 0.169392 0.0295078 0.0705309 0.0986341 0.0353836 0.015038 0.0107874 0.00361458 0.00132987 0.00034985 6.47967e-05 7.26759e-06 4.0823e-07
 2.14734e-27 2.17835e-27 7.21102e-27 1.7221e-21 1.0242e-16 1.40041e-12 4.40221e-09 3.18149e-06 0.0005286 0.0201922 0.177329 0.35803 0.166633 0.0295892 0.0728281 0.101907 0.0370197 0.0171858 0.0125369 0.00418661 0.00153803 0.000407742 7.57115e-05 8.42453e-06 4.70008e-07
 2.1474e-27 2.17852e-27 7.2298e-27 1.72848e-21 1.02799e-16 1.4056e-12 4.41851e-09 3.19327e-06 0.000530557 0.0202669 0.177985 0.359356 0.167241 0.0294582 0.0716287 0.100224 0.0365137 0.0172863 0.0127408 0.00447791 0.00173155 0.00046079 8.57472e-05 9.57984e-06 5.32868e-07
 2.14744e-27 2.17862e-27 7.23916e-27 1.73165e-21 1.02988e-16 1.40817e-12 4.42661e-09 3.19912e-06 0.000531529 0.0203041 0.178311 0.360014 0.167548 0.0295123 0.0717604 0.100394 0.036358 0.0165394 0.0121181 0.00431096 0.00171193 0.000479384 9.27425e-05 1.04422e-05 5.82535e-07
#obs surv len freq
 1.23481e-39 6.04353e-33 6.80028e-27 1.75917e-21 1.04624e-16 1.43055e-12 4.49694e-09 3.24995e-06 0.000539984 0.0206267 0.181144 0.365734 0.170183 0.0292743 0.0685844 0.0959115 0.0347006 0.0156777 0.0114501 0.00401867 0.00158482 0.000457692 9.63219e-05 1.24982e-05 8.2982e-07
 1.31312e-39 6.4268e-33 7.23154e-27 1.87073e-21 1.11259e-16 1.52127e-12 4.78213e-09 3.45606e-06 0.000574228 0.0219348 0.192631 0.388927 0.180868 0.0282541 0.055366 0.0772633 0.0279019 0.0124439 0.00905243 0.00314085 0.00121692 0.000342808 7.0035e-05 8.83243e-06 5.69039e-07
 1.15834e-39 5.66925e-33 6.37913e-27 1.65022e-21 9.81448e-17 1.34195e-12 4.21844e-09 3.04867e-06 0.000506542 0.0193492 0.169925 0.343085 0.159771 0.0308317 0.0849176 0.118859 0.0417861 0.0150777 0.0104529 0.00359284 0.00137572 0.000381541 7.60116e-05 9.29666e-06 5.81072e-07
 1.3469e-39 6.59212e-33 7.41756e-27 1.91885e-21 1.14121e-16 1.5604e-12 4.90514e-09 3.54496e-06 0.000589 0.022499 0.197586 0.398931 0.185465 0.0275217 0.0478797 0.0667603 0.0248772 0.0134842 0.00999087 0.00305713 0.00101898 0.000274878 5.38178e-05 6.42783e-06 3.90201e-07
 1.39207e-39 6.81323e-33 7.66636e-27 1.98321e-21 1.17949e-16 1.61274e-12 5.06967e-09 3.66386e-06 0.000608755 0.0232537 0.204214 0.412311 0.191652 0.0275492 0.0440146 0.0611885 0.0212164 0.00671635 0.00456879 0.00176387 0.000724965 0.000178671 3.12677e-05 3.59966e-06 2.13486e-07
 1.26224e-39 6.17778e-33 6.95134e-27 1.79825e-21 1.06948e-16 1.46233e-12 4.59684e-09 3.32214e-06 0.000551979 0.0210849 0.185167 0.373858 0.173955 0.0296846 0.0686402 0.095864 0.0329866 0.00959434 0.00611253 0.0017492 0.000551464 0.000161335 3.15152e-05 3.34674e-06 1.84825e-07
 1.27526e-39 6.2415e-33 7.02303e-27 1.81679e-21 1.08051e-16 1.47741e-12 4.64425e-09 3.35641e-06 0.000557672 0.0213023 0.187077 0.377714 0.175709 0.0289244 0.0628378 0.087788 0.0315408 0.0135383 0.00951196 0.0026064 0.000703929 0.000155396 2.68567e-05 3.15655e-06 1.75805e-07
 1.42092e-39 6.95441e-33 7.82522e-27 2.02431e-21 1.20393e-16 1.64616e-12 5.17472e-09 3.73978e-06 0.00062137 0.0237355 0.208445 0.420855 0.195579 0.0269378 0.0377078 0.0523366 0.0186145 0.00740805 0.00524119 0.00175212 0.000611797 0.00012985 1.79237e-05 1.71362e-06 9.383e-08
 1.42191e-39 6.95928e-33 7.8307e-27 2.02573e-21 1.20478e-16 1.64731e-12 5.17834e-09 3.7424e-06 0.000621805 0.0237521 0.208591 0.42115 0.195729 0.0272933 0.0397887 0.0552076 0.0187845 0.00477312 0.00293356 0.000940406 0.000331045 8.49352e-05 1.38072e-05 1.19002e-06 5.30589e-08
 1.35046e-39 6.60955e-33 7.43717e-27 1.92393e-21 1.14423e-16 1.56453e-12 4.91811e-09 3.55433e-06 0.000590557 0.0225585 0.198109 0.399986 0.185987 0.0284252 0.0530775 0.0739265 0.0252322 0.00666219 0.00405958 0.00104629 0.000261019 6.25117e-05 1.09878e-05 1.10995e-06 5.0892e-08
 1.32126e-39 6.46667e-33 7.2764e-27 1.88234e-21 1.1195e-16 1.53071e-12 4.8118e-09 3.4775e-06 0.000577791 0.0220709 0.193826 0.39134 0.181997 0.0286273 0.0569172 0.0793785 0.0277006 0.00931968 0.00615305 0.00161052 0.000391957 7.45725e-05 9.96675e-06 9.78946e-07 4.97061e-08
 1.35585e-39 6.63594e-33 7.46686e-27 1.93161e-21 1.1488e-16 1.57077e-12 4.93775e-09 3.56852e-06 0.000592914 0.0226486 0.1989 0.401583 0.186709 0.028007 0.0500434 0.0697067 0.024513 0.00885938 0.0060312 0.00176756 0.00051963 0.000101866 1.22292e-05 9.379e-07 4.1026e-08
 1.33243e-39 6.52133e-33 7.3379e-27 1.89825e-21 1.12896e-16 1.54365e-12 4.85247e-09 3.50689e-06 0.000582674 0.0222574 0.195465 0.394647 0.183521 0.0284781 0.0550096 0.0766825 0.0266422 0.00859179 0.0056947 0.00173291 0.000551176 0.000122462 1.69836e-05 1.28624e-06 4.75729e-08
 1.2868e-39 6.298e-33 7.08661e-27 1.83324e-21 1.0903e-16 1.49078e-12 4.68629e-09 3.38679e-06 0.00056272 0.0214952 0.188771 0.381133 0.177295 0.0290662 0.0626727 0.0874986 0.0306634 0.0107389 0.00723521 0.00208144 0.000617421 0.000142441 2.19284e-05 1.89291e-06 7.49199e-08
 1.16689e-39 5.7111e-33 6.42623e-27 1.6624e-21 9.88693e-17 1.35186e-12 4.24958e-09 3.07118e-06 0.000510281 0.0194921 0.17118 0.345617 0.160932 0.030582 0.0826303 0.115667 0.0411079 0.0162433 0.0113214 0.00339286 0.00105118 0.00023181 3.45416e-05 3.17265e-06 1.40068e-07
 1.2674e-39 6.20305e-33 6.97977e-27 1.8056e-21 1.07386e-16 1.46831e-12 4.61564e-09 3.33573e-06 0.000554237 0.0211711 0.185925 0.375387 0.17462 0.0285847 0.0614654 0.0859226 0.0318084 0.0166126 0.012307 0.00393987 0.00133785 0.000309382 4.68228e-05 4.18184e-06 1.87511e-07
 1.22966e-39 6.01833e-33 6.77192e-27 1.75183e-21 1.04188e-16 1.42458e-12 4.47819e-09 3.2364e-06 0.000537732 0.0205407 0.180388 0.364209 0.16949 0.0295845 0.0709375 0.0991848 0.0352607 0.013992 0.0100565 0.00380083 0.00155121 0.00039237 6.46714e-05 6.00811e-06 2.692e-07
 1.27341e-39 6.23245e-33 7.01285e-27 1.81416e-21 1.07895e-16 1.47527e-12 4.63752e-09 3.35154e-06 0.000556863 0.0212715 0.186806 0.377166 0.17545 0.0287807 0.0621251 0.0868024 0.0314341 0.0142837 0.0103296 0.00333296 0.00122051 0.000359114 7.01744e-05 7.21683e-06 3.44068e-07
 1.24407e-39 6.08885e-33 6.85127e-27 1.77236e-21 1.05409e-16 1.44127e-12 4.53066e-09 3.27432e-06 0.000544032 0.0207813 0.182502 0.368476 0.171456 0.0293993 0.0685207 0.0957803 0.0340951 0.0136616 0.0097232 0.00337431 0.0012776 0.000333061 6.45037e-05 7.68914e-06 4.17446e-07
 1.26269e-39 6.18e-33 6.95383e-27 1.79889e-21 1.06987e-16 1.46285e-12 4.59848e-09 3.32333e-06 0.000552177 0.0210924 0.185234 0.373992 0.173991 0.0290038 0.064444 0.0900596 0.0324304 0.0141659 0.0101723 0.00329129 0.00117891 0.000320742 6.07476e-05 6.92517e-06 4.03883e-07
 1.27365e-39 6.23364e-33 7.01419e-27 1.8145e-21 1.07915e-16 1.47555e-12 4.6384e-09 3.35218e-06 0.00055697 0.0212755 0.186842 0.377238 0.175489 0.0289192 0.0629489 0.0879372 0.0314744 0.0131525 0.00941787 0.00319554 0.00118277 0.000304763 5.62172e-05 6.41168e-06 3.65452e-07
 1.25222e-39 6.12874e-33 6.89616e-27 1.78397e-21 1.06099e-16 1.45072e-12 4.56035e-09 3.29577e-06 0.000547597 0.0209175 0.183697 0.37089 0.172566 0.0292482 0.0668705 0.0934627 0.0333961 0.0137759 0.00980562 0.00324853 0.00118758 0.000317036 5.8588e-05 6.44978e-06 3.62063e-07
 1.26039e-39 6.16873e-33 6.94115e-27 1.79561e-21 1.06792e-16 1.46018e-12 4.5901e-09 3.31727e-06 0.00055117 0.021054 0.184896 0.37331 0.173677 0.0290424 0.0648854 0.0906801 0.0326255 0.0141641 0.0101798 0.0033458 0.00120422 0.000315479 5.853e-05 6.53129e-06 3.60807e-07
 1.26167e-39 6.17502e-33 6.94823e-27 1.79744e-21 1.06901e-16 1.46167e-12 4.59478e-09 3.32066e-06 0.000551732 0.0210754 0.185085 0.373691 0.173854 0.029061 0.0648841 0.0906701 0.0325099 0.0137657 0.00987996 0.00334289 0.00123874 0.000322238 5.87284e-05 6.50494e-06 3.61475e-07
 1.25999e-39 6.16676e-33 6.93894e-27 1.79504e-21 1.06758e-16 1.45972e-12 4.58863e-09 3.31621e-06 0.000550994 0.0210472 0.184837 0.373191 0.173623 0.0290677 0.0650753 0.0909433 0.0326568 0.0139806 0.0100389 0.00335229 0.00123495 0.000329693 6.11339e-05 6.70609e-06 3.68622e-07
 1.19539e-39 5.8506e-33 6.58319e-27 1.70301e-21 1.01284e-16 1.38488e-12 4.35339e-09 3.1462e-06 0.000522746 0.0199682 0.175361 0.354059 0.164811 0.0299495 0.0762251 0.106667 0.0383096 0.0164213 0.0118039 0.00396498 0.00146459 0.000387731 7.23721e-05 8.09226e-06 4.46138e-07
 1.19117e-39 5.82995e-33 6.55996e-27 1.697e-21 1.00927e-16 1.37999e-12 4.33802e-09 3.1351e-06 0.000520901 0.0198977 0.174742 0.352809 0.16422 0.0295972 0.0744506 0.104235 0.0383924 0.0194621 0.0144333 0.00485789 0.00179976 0.000478594 8.92841e-05 9.99379e-06 5.5753e-07
 1.2242e-39 5.9916e-33 6.74185e-27 1.74405e-21 1.03725e-16 1.41826e-12 4.4583e-09 3.22202e-06 0.000535344 0.0204494 0.179587 0.362591 0.168726 0.0291451 0.0687428 0.0961768 0.0353569 0.0177329 0.0133098 0.00495761 0.00202566 0.000545966 0.000102281 1.14743e-05 6.41085e-07
 1.2242e-39 5.9916e-33 6.74185e-27 1.74405e-21 1.03725e-16 1.41826e-12 4.4583e-09 3.22202e-06 0.000535344 0.0204494 0.179587 0.362591 0.168726 0.0291451 0.0687428 0.0961768 0.0353569 0.0177329 0.0133098 0.00495761 0.00202566 0.000545966 0.000102281 1.14743e-05 6.41085e-07
#pred catch len freq
 2.14657e-27 2.17521e-27 6.81711e-27 1.58838e-21 9.44668e-17 1.29167e-12 4.06037e-09 2.93444e-06 0.000487553 0.0186242 0.163558 0.330228 0.153671 0.0266877 0.0634886 0.0890301 0.0357033 0.0272448 0.0240074 0.0159409 0.0132659 0.0113503 0.01158 0.010666 0.00446314
 2.14883e-27 2.18181e-27 7.56523e-27 1.84223e-21 1.09565e-16 1.4981e-12 4.7093e-09 3.40343e-06 0.000565474 0.0216007 0.189699 0.383005 0.178112 0.0278047 0.0544056 0.0759457 0.027794 0.013599 0.010698 0.00556052 0.0037735 0.00262196 0.00221023 0.00184148 0.000759705
 2.14813e-27 2.18023e-27 7.40217e-27 1.78691e-21 1.06275e-16 1.45311e-12 4.56788e-09 3.30122e-06 0.000548493 0.0209521 0.184002 0.371504 0.172855 0.029381 0.0674956 0.0942998 0.0330705 0.0116773 0.00812134 0.00301903 0.0014501 0.000732863 0.000454157 0.000312187 0.000121474
 2.14861e-27 2.18146e-27 7.53586e-27 1.83227e-21 1.08972e-16 1.49e-12 4.68385e-09 3.38503e-06 0.000562417 0.021484 0.188673 0.380935 0.177193 0.0288029 0.0611247 0.0853592 0.0304822 0.0125081 0.00880129 0.00267993 0.000913521 0.000295879 0.000110853 5.29844e-05 1.79747e-05
 2.15014e-27 2.1852e-27 7.93166e-27 1.96653e-21 1.16957e-16 1.59918e-12 5.02705e-09 3.63307e-06 0.000603629 0.0230582 0.202498 0.408847 0.190052 0.0276012 0.0453759 0.0631318 0.0222447 0.00818622 0.00567233 0.00186332 0.000656625 0.000161494 3.37221e-05 8.35644e-06 2.05326e-06
 2.14925e-27 2.18299e-27 7.6942e-27 1.88597e-21 1.12166e-16 1.53367e-12 4.8211e-09 3.48422e-06 0.000578898 0.0221135 0.194202 0.392097 0.182349 0.0286914 0.0570791 0.0795832 0.0274443 0.00818299 0.00530559 0.0016455 0.000553577 0.00014134 2.51116e-05 3.20566e-06 3.94137e-07
 2.14855e-27 2.18128e-27 7.51451e-27 1.82502e-21 1.08541e-16 1.4841e-12 4.6653e-09 3.37162e-06 0.00056019 0.0213989 0.187926 0.379426 0.176507 0.0291179 0.0635022 0.0886746 0.0311724 0.011226 0.00759278 0.00211876 0.000602738 0.000143196 2.45699e-05 2.65764e-06 1.72169e-07
 2.14975e-27 2.18426e-27 7.83172e-27 1.93263e-21 1.14941e-16 1.57162e-12 4.94039e-09 3.57044e-06 0.000593223 0.0226607 0.199008 0.401799 0.186806 0.0279192 0.0494414 0.0688698 0.0243755 0.00931442 0.00645724 0.00197333 0.000623435 0.000134376 1.98222e-05 1.96542e-06 1.05055e-07
 2.15038e-27 2.18579e-27 7.99211e-27 1.98703e-21 1.18177e-16 1.61585e-12 5.07946e-09 3.67094e-06 0.000609921 0.0232986 0.204609 0.413108 0.19202 0.0275333 0.0436769 0.0607146 0.0210884 0.00678346 0.00451276 0.00142703 0.000481748 0.000113491 1.73414e-05 1.5381e-06 7.19889e-08
 2.14937e-27 2.1833e-27 7.72652e-27 1.89693e-21 1.12818e-16 1.54258e-12 4.84912e-09 3.50448e-06 0.000582264 0.0222421 0.195331 0.394376 0.183399 0.028596 0.0558099 0.0777936 0.0268077 0.00792639 0.00508582 0.00147199 0.000446231 0.000108102 1.78956e-05 1.68593e-06 7.6003e-08
 2.14904e-27 2.1825e-27 7.64362e-27 1.86882e-21 1.11146e-16 1.51972e-12 4.77726e-09 3.45254e-06 0.000573634 0.0219124 0.192436 0.388532 0.1807 0.0286796 0.0580819 0.0810332 0.0284593 0.0101631 0.0068566 0.00190417 0.000528307 0.000116141 1.80202e-05 1.76936e-06 8.48657e-08
 2.14925e-27 2.18303e-27 7.70026e-27 1.88803e-21 1.12289e-16 1.53535e-12 4.82638e-09 3.48804e-06 0.000579532 0.0221377 0.194415 0.392527 0.182538 0.0284421 0.0554281 0.0772966 0.0271891 0.00985075 0.0067386 0.00205155 0.000644408 0.000137167 1.92182e-05 1.7312e-06 8.19842e-08
 2.1494e-27 2.18339e-27 7.73832e-27 1.90094e-21 1.13056e-16 1.54585e-12 4.85939e-09 3.51189e-06 0.000583496 0.0222891 0.195744 0.395211 0.183775 0.0283264 0.0539127 0.0751572 0.0263882 0.00940582 0.00641396 0.00197261 0.000642177 0.000149899 2.26459e-05 1.9393e-06 8.39784e-08
 2.14873e-27 2.18173e-27 7.56198e-27 1.84112e-21 1.09499e-16 1.4972e-12 4.70646e-09 3.40137e-06 0.000565133 0.0215877 0.189584 0.382774 0.17805 0.0289794 0.0616476 0.0860524 0.030132 0.0104771 0.00709144 0.00216241 0.000698395 0.000166048 2.66727e-05 2.47394e-06 1.08661e-07
 2.14753e-27 2.1788e-27 7.25389e-27 1.73662e-21 1.03283e-16 1.41222e-12 4.43932e-09 3.20831e-06 0.000533056 0.0203624 0.178823 0.361049 0.168038 0.0298455 0.0734831 0.10277 0.0365031 0.0143573 0.010001 0.00301249 0.000954273 0.000224739 3.62545e-05 3.50032e-06 1.64073e-07
 2.14779e-27 2.17946e-27 7.3267e-27 1.76133e-21 1.04753e-16 1.43231e-12 4.5025e-09 3.25397e-06 0.000540642 0.0206522 0.181368 0.366186 0.170395 0.0293484 0.0688996 0.0963473 0.0347524 0.0153601 0.0110498 0.00354878 0.00121321 0.000284862 4.51823e-05 4.35259e-06 2.08881e-07
 2.14808e-27 2.18017e-27 7.40178e-27 1.7868e-21 1.06268e-16 1.45302e-12 4.5676e-09 3.30101e-06 0.000548459 0.0209507 0.183991 0.37148 0.172835 0.029147 0.0660744 0.0923505 0.0331386 0.0141159 0.0101664 0.00349697 0.0013102 0.000330708 5.53801e-05 5.32996e-06 2.54011e-07
 2.14804e-27 2.18005e-27 7.38816e-27 1.78218e-21 1.05993e-16 1.44926e-12 4.55578e-09 3.29248e-06 0.00054704 0.0208966 0.183515 0.37052 0.172395 0.0292504 0.0669955 0.0936401 0.0334763 0.0138638 0.00989884 0.00333941 0.00125076 0.000339716 6.26091e-05 6.45414e-06 3.16259e-07
 2.14816e-27 2.18036e-27 7.42133e-27 1.79343e-21 1.06662e-16 1.45841e-12 4.58454e-09 3.31326e-06 0.000550494 0.0210285 0.184673 0.372859 0.173471 0.0291075 0.0654178 0.0914224 0.0327772 0.0138688 0.00992709 0.00329494 0.00120626 0.000323949 6.17497e-05 6.92496e-06 3.67062e-07
 2.14805e-27 2.18008e-27 7.39073e-27 1.78305e-21 1.06045e-16 1.44997e-12 4.55801e-09 3.29408e-06 0.000547307 0.0209068 0.183604 0.370701 0.172478 0.0292359 0.0668524 0.0934399 0.0334253 0.0139075 0.00993565 0.00333771 0.00123217 0.000325401 6.09238e-05 6.94111e-06 3.90434e-07
 2.14803e-27 2.18003e-27 7.38612e-27 1.78148e-21 1.05952e-16 1.4487e-12 4.55401e-09 3.29119e-06 0.000546827 0.0208884 0.183443 0.370375 0.172328 0.0292544 0.0670636 0.0937377 0.033533 0.0139548 0.00995657 0.00331115 0.00121322 0.000323069 6.03832e-05 6.78168e-06 3.83161e-07
 2.14823e-27 2.18052e-27 7.43823e-27 1.79916e-21 1.07003e-16 1.46308e-12 4.5992e-09 3.32385e-06 0.000552253 0.0210957 0.185264 0.374051 0.174019 0.0290458 0.0646819 0.0903856 0.0324191 0.0137604 0.00985952 0.00328072 0.00119932 0.000316687 5.90424e-05 6.63904e-06 3.72528e-07
 2.14809e-27 2.18019e-27 7.4026e-27 1.78708e-21 1.06284e-16 1.45325e-12 4.56831e-09 3.30153e-06 0.000548544 0.020954 0.184019 0.371538 0.172863 0.0291875 0.0663043 0.0926684 0.0331683 0.0138606 0.00991434 0.00333882 0.0012366 0.000326803 6.06312e-05 6.78164e-06 3.79978e-07
 2.14812e-27 2.18026e-27 7.40969e-27 1.78948e-21 1.06427e-16 1.4552e-12 4.57445e-09 3.30597e-06 0.000549281 0.0209822 0.184267 0.372038 0.173094 0.0291909 0.0661748 0.0924817 0.0330476 0.0136391 0.00971718 0.00323958 0.0011911 0.000318132 5.95743e-05 6.65535e-06 3.71163e-07
 2.14822e-27 2.18051e-27 7.43719e-27 1.79881e-21 1.06982e-16 1.46279e-12 4.5983e-09 3.3232e-06 0.000552145 0.0210916 0.185227 0.373977 0.173987 0.0290739 0.0648757 0.090655 0.032462 0.013609 0.00972005 0.00321915 0.00117172 0.00031009 5.80303e-05 6.53941e-06 3.65936e-07
 2.14764e-27 2.17909e-27 7.28622e-27 1.7476e-21 1.03936e-16 1.42114e-12 4.46739e-09 3.22859e-06 0.000536426 0.0204911 0.179954 0.363331 0.169083 0.0295819 0.0711859 0.0995505 0.0356148 0.014829 0.0105889 0.0035393 0.00129873 0.00034142 6.32117e-05 7.08893e-06 3.98179e-07
 2.14734e-27 2.17835e-27 7.21019e-27 1.72181e-21 1.02403e-16 1.40018e-12 4.40148e-09 3.18096e-06 0.000528512 0.0201888 0.177299 0.357971 0.166608 0.0296412 0.0731636 0.102372 0.0370743 0.0168556 0.0122441 0.00407883 0.00149445 0.000395908 7.3487e-05 8.17599e-06 4.56123e-07
 2.14745e-27 2.17863e-27 7.24082e-27 1.73221e-21 1.03021e-16 1.40863e-12 4.42805e-09 3.20017e-06 0.000531703 0.0203107 0.17837 0.360132 0.167601 0.0294747 0.0714952 0.100027 0.0363254 0.0168354 0.012356 0.00433144 0.00167067 0.000444286 8.26453e-05 9.23216e-06 5.13508e-07
 2.14806e-27 2.18012e-27 7.39733e-27 1.7853e-21 1.06178e-16 1.4518e-12 4.56375e-09 3.29824e-06 0.000547997 0.0209331 0.183836 0.371168 0.172687 0.0290637 0.0656603 0.0917805 0.0331171 0.014686 0.0107035 0.00379727 0.00150397 0.000420859 8.13912e-05 9.16305e-06 5.11155e-07
#obs catch len freq
 1.22024e-39 5.97223e-33 6.72004e-27 1.73841e-21 1.0339e-16 1.41367e-12 4.44388e-09 3.2116e-06 0.000533612 0.0203833 0.179006 0.361419 0.168195 0.0294525 0.0709723 0.0992808 0.0359338 0.0162817 0.0119261 0.00426195 0.00171898 0.000506782 0.00010932 1.46111e-05 1.00303e-06
 1.22493e-39 5.99517e-33 6.74586e-27 1.74509e-21 1.03787e-16 1.4191e-12 4.46096e-09 3.22394e-06 0.000535663 0.0204616 0.179694 0.362807 0.168837 0.029441 0.0704836 0.0985846 0.0355914 0.0158415 0.0115317 0.00403501 0.00158609 0.000457361 9.61371e-05 1.24654e-05 8.27272e-07
 1.30534e-39 6.38873e-33 7.1887e-27 1.85965e-21 1.106e-16 1.51226e-12 4.7538e-09 3.43558e-06 0.000570827 0.0218049 0.19149 0.386623 0.179808 0.0283862 0.0568668 0.0793756 0.0286038 0.0125663 0.00911095 0.00315162 0.00121709 0.000342337 6.98543e-05 8.80335e-06 5.66909e-07
 1.14849e-39 5.62108e-33 6.32493e-27 1.6362e-21 9.73109e-17 1.33055e-12 4.1826e-09 3.02277e-06 0.000502238 0.0191848 0.168481 0.34017 0.15843 0.0310071 0.0868669 0.121601 0.0426798 0.0151739 0.010476 0.00358991 0.00137006 0.000379399 7.54935e-05 9.22667e-06 5.76434e-07
 1.34059e-39 6.56125e-33 7.38282e-27 1.90987e-21 1.13587e-16 1.55309e-12 4.88217e-09 3.52835e-06 0.000586241 0.0223936 0.196661 0.397063 0.184606 0.0276289 0.0490976 0.0684745 0.0254472 0.0135848 0.0100386 0.00306374 0.00101745 0.000274022 5.35852e-05 6.39547e-06 3.88059e-07
 1.38618e-39 6.78437e-33 7.63388e-27 1.97481e-21 1.17449e-16 1.60591e-12 5.04819e-09 3.64834e-06 0.000606176 0.0231552 0.203349 0.410565 0.190849 0.0276523 0.0451705 0.0628148 0.02175 0.00678611 0.00459389 0.00176764 0.000724427 0.000178303 3.11618e-05 3.58471e-06 2.12501e-07
 1.25456e-39 6.14022e-33 6.90907e-27 1.78731e-21 1.06298e-16 1.45343e-12 4.56889e-09 3.30194e-06 0.000548623 0.0209567 0.184041 0.371585 0.172909 0.0298225 0.0701671 0.0980116 0.0336832 0.0096579 0.00612201 0.00174761 0.000548787 0.000160277 3.12756e-05 3.31903e-06 1.83202e-07
 1.26842e-39 6.20803e-33 6.98537e-27 1.80705e-21 1.07472e-16 1.46949e-12 4.61934e-09 3.33841e-06 0.000554681 0.0211881 0.186074 0.375688 0.174777 0.0290474 0.0641989 0.0897026 0.0321622 0.0135959 0.00952042 0.00260296 0.000700297 0.000154338 2.66352e-05 3.12818e-06 1.74152e-07
 1.41673e-39 6.93393e-33 7.80217e-27 2.01835e-21 1.20039e-16 1.64131e-12 5.15948e-09 3.72877e-06 0.00061954 0.0236656 0.207832 0.419616 0.195009 0.027013 0.0385403 0.0535077 0.018995 0.00744508 0.00524737 0.00174906 0.00060876 0.000129042 1.77879e-05 1.69912e-06 9.2986e-08
 1.41729e-39 6.93667e-33 7.80525e-27 2.01914e-21 1.20086e-16 1.64196e-12 5.16152e-09 3.73024e-06 0.000619785 0.023675 0.207914 0.419781 0.195099 0.0273761 0.0407066 0.0564988 0.0192037 0.0048127 0.00294041 0.000939882 0.000329708 8.44676e-05 1.3716e-05 1.18136e-06 5.26429e-08
 1.34445e-39 6.58014e-33 7.40408e-27 1.91537e-21 1.13914e-16 1.55757e-12 4.89623e-09 3.53851e-06 0.000587929 0.0224581 0.197227 0.398207 0.185168 0.028533 0.054272 0.0756068 0.0257771 0.00671176 0.00406721 0.00104611 0.000259908 6.2131e-05 1.09073e-05 1.10108e-06 5.04638e-08
 1.31456e-39 6.43386e-33 7.23948e-27 1.87278e-21 1.11382e-16 1.52294e-12 4.78738e-09 3.45985e-06 0.000574859 0.0219589 0.192843 0.389354 0.181084 0.0287464 0.0582427 0.0812433 0.0283082 0.00938468 0.00616943 0.0016115 0.000390675 7.42124e-05 9.90392e-06 9.71912e-07 4.9326e-08
 1.34993e-39 6.60697e-33 7.43427e-27 1.92318e-21 1.14378e-16 1.56392e-12 4.91619e-09 3.55294e-06 0.000590327 0.0225497 0.198032 0.39983 0.185903 0.028112 0.0512124 0.0713512 0.0250495 0.00891894 0.0060471 0.00176782 0.000517848 0.000101381 1.2155e-05 9.31399e-07 4.07168e-08
 1.32592e-39 6.48948e-33 7.30207e-27 1.88898e-21 1.12344e-16 1.53611e-12 4.82877e-09 3.48976e-06 0.000579829 0.0221487 0.19451 0.39272 0.182634 0.0285939 0.0562972 0.0784938 0.0272323 0.00865447 0.00570995 0.00173296 0.000549239 0.00012186 1.68798e-05 1.27748e-06 4.7223e-08
 1.27975e-39 6.26347e-33 7.04775e-27 1.82319e-21 1.08432e-16 1.48261e-12 4.66059e-09 3.36822e-06 0.000559634 0.0213773 0.187736 0.379043 0.176333 0.0291925 0.0640738 0.0894695 0.0313039 0.0108014 0.00724689 0.00207974 0.000614608 0.000141572 2.17679e-05 1.87776e-06 7.42864e-08
 1.15855e-39 5.67031e-33 6.38032e-27 1.65053e-21 9.81631e-17 1.3422e-12 4.21923e-09 3.04924e-06 0.000506636 0.0193528 0.169957 0.343148 0.159796 0.0307346 0.0843062 0.118024 0.0418673 0.0162949 0.0113151 0.0033823 0.00104415 0.000229926 3.4216e-05 3.14036e-06 1.38579e-07
 1.2599e-39 6.16635e-33 6.93848e-27 1.79492e-21 1.06751e-16 1.45962e-12 4.58833e-09 3.316e-06 0.000550957 0.0210459 0.184825 0.373166 0.173598 0.0287153 0.0629318 0.0879859 0.0324882 0.0167108 0.012345 0.00394116 0.00133372 0.000307996 4.65552e-05 4.15483e-06 1.86207e-07
 1.22057e-39 5.97387e-33 6.72189e-27 1.73889e-21 1.03418e-16 1.41406e-12 4.4451e-09 3.21249e-06 0.000533759 0.0203889 0.179056 0.361518 0.168252 0.0297429 0.0727154 0.101686 0.0360834 0.014106 0.0100995 0.00380467 0.00154818 0.000391083 6.43831e-05 5.97716e-06 2.67685e-07
 1.26525e-39 6.19251e-33 6.96791e-27 1.80253e-21 1.07203e-16 1.46581e-12 4.6078e-09 3.33006e-06 0.000553295 0.0211352 0.185609 0.374749 0.174338 0.0289211 0.0637111 0.0890342 0.0321721 0.0143998 0.0103799 0.00333981 0.00121867 0.000358008 6.98842e-05 7.18244e-06 3.42277e-07
 1.23571e-39 6.04793e-33 6.80523e-27 1.76045e-21 1.04701e-16 1.43159e-12 4.50022e-09 3.25232e-06 0.000540377 0.0206417 0.181275 0.366 0.170317 0.0295464 0.0701651 0.0980937 0.0348531 0.013757 0.00975442 0.0033749 0.00127371 0.000331557 6.41294e-05 7.63932e-06 4.1458e-07
 1.25342e-39 6.13461e-33 6.90276e-27 1.78568e-21 1.06201e-16 1.45211e-12 4.56471e-09 3.29893e-06 0.000548122 0.0209375 0.183873 0.371245 0.172727 0.0291607 0.0662296 0.0925727 0.0332667 0.0143157 0.0102455 0.0033057 0.00117996 0.000320536 6.06371e-05 6.90754e-06 4.0267e-07
 1.26338e-39 6.18338e-33 6.95764e-27 1.79988e-21 1.07045e-16 1.46365e-12 4.601e-09 3.32515e-06 0.000552479 0.021104 0.185335 0.374197 0.174089 0.0290895 0.0649052 0.090691 0.0323974 0.0133403 0.00951898 0.00322037 0.00118807 0.000305682 5.6316e-05 6.41833e-06 3.65663e-07
 1.24222e-39 6.07978e-33 6.84107e-27 1.76972e-21 1.05252e-16 1.43913e-12 4.52392e-09 3.26944e-06 0.000543223 0.0207504 0.18223 0.367928 0.171203 0.0294169 0.0687935 0.0961692 0.0342974 0.0139397 0.00988708 0.00326611 0.00118998 0.0003172 5.85488e-05 6.44082e-06 3.61389e-07
 1.25035e-39 6.11962e-33 6.88589e-27 1.78131e-21 1.05941e-16 1.44856e-12 4.55356e-09 3.29086e-06 0.000546782 0.0208864 0.183424 0.370338 0.17231 0.0292099 0.0668033 0.0933797 0.0335286 0.0143418 0.010273 0.00336684 0.00120769 0.000315916 5.85393e-05 6.5277e-06 3.60445e-07
 1.25037e-39 6.1197e-33 6.88599e-27 1.78134e-21 1.05943e-16 1.44858e-12 4.55362e-09 3.29091e-06 0.000546789 0.0208867 0.183427 0.370343 0.172313 0.029246 0.0670223 0.0936805 0.033524 0.013989 0.0100059 0.00337563 0.00124677 0.000323856 5.89511e-05 6.52489e-06 3.62417e-07
 1.24887e-39 6.11236e-33 6.87773e-27 1.7792e-21 1.05816e-16 1.44684e-12 4.54816e-09 3.28696e-06 0.000546133 0.0208616 0.183207 0.369899 0.172108 0.02925 0.0671805 0.0939072 0.0336545 0.0141979 0.0101605 0.00338314 0.00124215 0.000331123 6.13262e-05 6.72242e-06 3.69348e-07
 1.18184e-39 5.7843e-33 6.50859e-27 1.68371e-21 1.00137e-16 1.36919e-12 4.30405e-09 3.11055e-06 0.000516822 0.0197419 0.173374 0.350047 0.162965 0.03017 0.0787803 0.110265 0.0395243 0.0166979 0.0119626 0.00400669 0.00147511 0.000389939 7.26963e-05 8.12279e-06 4.47618e-07
 1.17731e-39 5.76213e-33 6.48364e-27 1.67726e-21 9.97527e-17 1.36394e-12 4.28755e-09 3.09862e-06 0.00051484 0.0196662 0.172709 0.348705 0.162331 0.0298153 0.0770194 0.107853 0.0396305 0.0197995 0.0146422 0.00491407 0.00181457 0.00048182 8.9778e-05 1.00419e-05 5.59962e-07
 1.21011e-39 5.92267e-33 6.66429e-27 1.72399e-21 1.02532e-16 1.40194e-12 4.40701e-09 3.18496e-06 0.000529185 0.0202142 0.177521 0.35842 0.166805 0.0293627 0.0713278 0.0998182 0.0366102 0.0180985 0.0135447 0.00502926 0.00204877 0.000551423 0.000103179 1.15669e-05 6.45966e-07
#spawning biomass
 3113.39 2640.58 2435.18 2226.06 2205.62 3324.04 4279.04 4347.51 6821.31 12473.2 17807.1 21324.3 29573.3 40389 48732.6 39170 35056.2 34498.3 35655.6 38042.5 36580.8 38253.2 44177.6 42704.8 45356.8 50194 51070.6 46823.6 39649.1 12511.2 46570.6 56422.2 37468.3 24247.8 17788.4 14932.6 13733 13244.8 13050.3 12973.8 12944.1 12932.5 12928.1 12926.4 12925.8 12925.5 12925.4 12925.4 12925.4 12925.4 12925.4 12925.4 12925.4 12925.4 12925.4 12925.4 12925.4 12925.4 12925.4 12925.4 12925.4 12925.4 12925.4 12925.4 12925.4 12925.4 12925.4 12925.4 12925.4 12925.4 12925.4 12925.4 12925.4 12925.4 12925.4 12925.4 12925.4 12925.4 12925.4 12925.4 12925.4 12925.4 12925.4 12925.4 12925.4 12925.4 12925.4 12925.4 12925.4 12925.4 12925.4 12925.4 12925.4 12925.4 12925.4 12925.4 12925.4 12925.4 12925.4 12925.4 12925.4 12925.4 12925.4 12925.4 12925.4 12925.4 12925.4 12925.4 12925.4 12925.4 12925.4 12925.4 12925.4 12925.4 12925.4 12925.4 12925.4 12925.4 12925.4 12925.4 12925.4 12925.4 12925.4 12925.4 12925.4 12925.4 12925.4 12925.4 12925.4 0 0 0 0 0 0 0 0 0 0 0 0 0 0 0 0 0 0 0 0 0 0 0 0 0
