SBPRF35
0.224663
Curr Bio
39892.3
B35
185054
F35
0.341706
FOFL
0.208098
OFL
37076.5
Bzero
64189.3
#pred survey bio
 8601.29 7535.99 7883.19 7719.33 9351.08 12977.6 14431.7 17473.8 29590.2 49543.8 66893.1 87556.6 107040 141991 148190 132335 116374 111227 115392 116536 126208 127551 135868 142769 162079 164884 159346 141191 123190 8.48529e+06 4.94827e+06 3.73863e+06 2.61685e+06 1.84544e+06 1.37599e+06 1.10746e+06 958557 876978 832228 807410 793400 785312 780527 777623 775822 774689 773963 773492 773182 772978 772841 772750 772689 772648 772620 772602 772589 772580 772575 772571 772568 772566 772565 772564 772564 772563 772563 772563 772563 772563 772563 772563 772563 772563 772563 772563 772563 772563 772563 772563 772563 772563 772563 772563 772563 772563 772563 772563 772563 772563 772563 772563 772563 772563 772563 772563 772563 772563 772563 772563 772563 772563 772563 772563 772563 772563 772563 772563 772563 772563 772563 772563 772563 772563 772563 772563 772563 772563 772563 772563 772563 772563 772563 772563 772563 772563 772563 772563 772563 0 0 0 0 0 0 0 0 0 0 0 0 0 0 0 0 0 0 0 0 0 0 0 0 0
#obs survey bio
 8005.03 9432.14 8399.61 8999.9 12588.5 16344.1 16548.8 25252.4 38613.7 69704.1 61241.4 104759 117256 165920 132672 107256 124704 141809 107075 134640 152316 143645 179649 114476 159219 154798 208377 124426 154659
#pred catch bio
 5897.11 5358.46 5870.19 5798.5 6414.02 9443.91 10799.8 11818 19277.1 34973 48779.4 66737 76338.6 103901 112538 103463 89399.7 82808.9 86298.4 85435.1 95554.7 93010.1 99722.8 102950 120530 119937 115478 102250 1.38882 37076.5 56728.1 41394.3 28096.7 19274.8 14090.1 11248.8 9757.88 8997.34 8616.55 8428.29 8336.01 8291.05 8269.22 8258.65 8253.55 8251.09 8249.91 8249.35 8249.07 8248.94 8248.88 8248.85 8248.84 8248.83 8248.83 8248.82 8248.82 8248.82 8248.82 8248.82 8248.82 8248.82 8248.82 8248.82 8248.82 8248.82 8248.82 8248.82 8248.82 8248.82 8248.82 8248.82 8248.82 8248.82 8248.82 8248.82 8248.82 8248.82 8248.82 8248.82 8248.82 8248.82 8248.82 8248.82 8248.82 8248.82 8248.82 8248.82 8248.82 8248.82 8248.82 8248.82 8248.82 8248.82 8248.82 8248.82 8248.82 8248.82 8248.82 8248.82 8248.82 8248.82 8248.82 8248.82 8248.82 8248.82 8248.82 8248.82 8248.82 8248.82 8248.82 8248.82 8248.82 8248.82 8248.82 8248.82 8248.82 8248.82 8248.82 8248.82 8248.82 8248.82 8248.82 8248.82 8248.82 8248.82 8248.82 8248.82 8248.82 0 0 0 0 0 0 0 0 0 0 0 0 0 0 0 0 0 0 0 0 0 0 0 0 0
#obs catch bio
 5241.03 5255.78 5832.43 5737.38 6149.93 9091.18 10764.5 11313.4 18373.3 33476.3 47958.4 65084.8 75274.6 102355 112320 106145 88924.3 82609 85525.3 85106.3 95391.6 91811.5 97779.3 103445 120999 121109 113962 108102 1.27298
#pred cpue bio
 8139.44 6833.02 7192.17 7015.02 8339.82 11707.3 13093.4 15610.3 26299.2 44362.6 60143.2 78368.3 95699.9 127708 135298 120788 105542 100854 104612 105814 114261 115545 123471 129539 146617 149934 146043 130166 113375 8.21639e+06 4.99099e+06 3.73216e+06 2.60059e+06 1.8281e+06 1.35855e+06 1.09001e+06 941106 859527 814777 789959 775949 767861 763076 760172 758371 757238 756512 756041 755731 755527 755390 755299 755238 755197 755169 755151 755138 755129 755124 755120 755117 755115 755114 755113 755113 755112 755112 755112 755112 755112 755112 755112 755112 755112 755112 755112 755112 755112 755112 755112 755112 755112 755112 755112 755112 755112 755112 755112 755112 755112 755112 755112 755112 755112 755112 755112 755112 755112 755112 755112 755112 755112 755112 755112 755112 755112 755112 755112 755112 755112 755112 755112 755112 755112 755112 755112 755112 755112 755112 755112 755112 755112 755112 755112 755112 755112 755112 755112 755112 0 0 0 0 0 0 0 0 0 0 0 0 0 0 0 0 0 0 0 0 0 0 0 0 0
#obs cpue bio
 4742.79 9279.89 6505.52 7574.1 14918 15726 9615.04 29782.4 44368.5 57651.9 68668.4 106408 97860.3 146219 141581 90116.2 123472 79718.8 135657 92375.8 99651.8 131597 134171 123062 149337 129673 166063 118585 161973
#pred surv len freq
 2.14565e-27 2.17246e-27 6.49946e-27 1.48057e-21 8.80549e-17 1.20399e-12 3.78477e-09 2.73526e-06 0.00045446 0.0173601 0.152457 0.307814 0.143297 0.0263613 0.0682493 0.0958423 0.039274 0.0323704 0.0289635 0.0198184 0.0168645 0.0147767 0.0154665 0.0145083 0.00611966
 2.14852e-27 2.18096e-27 7.4714e-27 1.8104e-21 1.07671e-16 1.47221e-12 4.62792e-09 3.34461e-06 0.000555702 0.0212274 0.18642 0.376386 0.175058 0.0279515 0.0572964 0.0800284 0.0293082 0.0144106 0.0114504 0.00623561 0.00439562 0.00316165 0.00276169 0.00236291 0.000986429
 2.14753e-27 2.17873e-27 7.24224e-27 1.73266e-21 1.03048e-16 1.409e-12 4.42919e-09 3.20099e-06 0.00053184 0.0203159 0.178415 0.360225 0.167659 0.0298758 0.0739158 0.103355 0.0363371 0.0131225 0.00916947 0.00339041 0.00165256 0.000879883 0.000575903 0.000412443 0.000163474
 2.14782e-27 2.17952e-27 7.33159e-27 1.76299e-21 1.04852e-16 1.43366e-12 4.50673e-09 3.25702e-06 0.00054115 0.0206716 0.181539 0.36653 0.170555 0.0293711 0.068935 0.0963908 0.0346825 0.0150556 0.0107227 0.00327555 0.00111874 0.000364624 0.000144184 7.37952e-05 2.58622e-05
 2.14936e-27 2.1833e-27 7.7319e-27 1.89878e-21 1.12928e-16 1.54408e-12 4.85385e-09 3.50789e-06 0.000582831 0.0222637 0.195521 0.39476 0.18356 0.0281535 0.0529932 0.0738902 0.0263306 0.0106367 0.00755403 0.00254065 0.000918246 0.000226798 4.79349e-05 1.26631e-05 3.30836e-06
 2.14843e-27 2.18098e-27 7.48228e-27 1.81408e-21 1.07891e-16 1.47521e-12 4.63734e-09 3.35142e-06 0.000556834 0.0212707 0.1868 0.377153 0.175462 0.0292825 0.065192 0.0910404 0.0317804 0.0107381 0.00726301 0.00235319 0.000838231 0.000220058 3.98745e-05 5.21298e-06 6.85251e-07
 2.14794e-27 2.17981e-27 7.36025e-27 1.7727e-21 1.05429e-16 1.44156e-12 4.53155e-09 3.27496e-06 0.00054413 0.0207854 0.182539 0.368549 0.171493 0.0295068 0.0691545 0.0966643 0.0342959 0.0133644 0.0092647 0.00272787 0.000850654 0.000213994 3.86834e-05 4.31321e-06 2.89472e-07
 2.14923e-27 2.18297e-27 7.69647e-27 1.88676e-21 1.12213e-16 1.53431e-12 4.82312e-09 3.48569e-06 0.000579142 0.0221228 0.194284 0.392262 0.18241 0.0282899 0.0545791 0.0761263 0.0271345 0.0109785 0.00774091 0.0024494 0.000818266 0.000188226 3.03864e-05 3.21616e-06 1.79664e-07
 2.14961e-27 2.18389e-27 7.79218e-27 1.91921e-21 1.14143e-16 1.5607e-12 4.90609e-09 3.54564e-06 0.000589103 0.0225034 0.197626 0.399009 0.185524 0.0281471 0.0516736 0.071998 0.0252278 0.0088312 0.0060311 0.00195398 0.00068416 0.000168139 2.74605e-05 2.64652e-06 1.34183e-07
 2.14903e-27 2.18246e-27 7.63955e-27 1.86744e-21 1.11064e-16 1.5186e-12 4.77373e-09 3.44999e-06 0.00057321 0.0218962 0.192294 0.388244 0.18057 0.0287402 0.0585388 0.0816659 0.028524 0.00968527 0.00650131 0.00195118 0.00062544 0.000156691 2.71119e-05 2.70892e-06 1.31677e-07
 2.1487e-27 2.18167e-27 7.55587e-27 1.83905e-21 1.09375e-16 1.49551e-12 4.70117e-09 3.39755e-06 0.000564497 0.0215634 0.189371 0.382343 0.17785 0.0289584 0.0616493 0.0860635 0.0302571 0.0109087 0.00742466 0.00218856 0.000670463 0.00015532 2.54554e-05 2.6182e-06 1.32436e-07
 2.14907e-27 2.18257e-27 7.65198e-27 1.87166e-21 1.11315e-16 1.52203e-12 4.78452e-09 3.45778e-06 0.000574506 0.0219457 0.192729 0.389122 0.18097 0.0285821 0.0573091 0.0799524 0.0281876 0.0104184 0.00715916 0.00217409 0.000690207 0.000156528 2.40509e-05 2.31419e-06 1.15635e-07
 2.14915e-27 2.18276e-27 7.67037e-27 1.87789e-21 1.11685e-16 1.5271e-12 4.80045e-09 3.4693e-06 0.000576419 0.0220188 0.19337 0.390417 0.181571 0.0286507 0.0573372 0.0799687 0.0278757 0.0092876 0.0062198 0.00191129 0.000621302 0.000145249 2.26577e-05 2.09458e-06 9.83414e-08
 2.14867e-27 2.18159e-27 7.54695e-27 1.83602e-21 1.09195e-16 1.49305e-12 4.69343e-09 3.39196e-06 0.000563569 0.0215279 0.189059 0.381714 0.177562 0.0290302 0.062277 0.0869415 0.0304751 0.0106959 0.00722197 0.00210895 0.000641336 0.000150755 2.41932e-05 2.28605e-06 1.059e-07
 2.14737e-27 2.1784e-27 7.20986e-27 1.72168e-21 1.02395e-16 1.40007e-12 4.40113e-09 3.18071e-06 0.00052847 0.0201872 0.177285 0.357942 0.166612 0.0301054 0.0760061 0.106308 0.0375055 0.0139435 0.00957988 0.00286857 0.000891654 0.000200166 3.06992e-05 2.92751e-06 1.38622e-07
 2.14741e-27 2.17852e-27 7.22692e-27 1.72748e-21 1.0274e-16 1.40479e-12 4.41597e-09 3.19143e-06 0.000530252 0.0202553 0.177883 0.359149 0.167155 0.0297108 0.0732333 0.102455 0.0369051 0.016149 0.0115396 0.00356196 0.001158 0.000266762 4.08255e-05 3.73996e-06 1.73951e-07
 2.14799e-27 2.17993e-27 7.37531e-27 1.77782e-21 1.05734e-16 1.44572e-12 4.54463e-09 3.28442e-06 0.000545701 0.0208454 0.183066 0.369613 0.171977 0.0293048 0.0676005 0.0944918 0.0337632 0.0139274 0.00994033 0.00335598 0.0012199 0.000294353 4.69931e-05 4.36856e-06 1.99478e-07
 2.148e-27 2.17995e-27 7.37561e-27 1.77791e-21 1.05739e-16 1.4458e-12 4.54488e-09 3.2846e-06 0.000545731 0.0208465 0.183075 0.369633 0.171991 0.0294275 0.0683438 0.0955201 0.0338631 0.01312 0.00919568 0.00300897 0.00108398 0.000285808 5.04496e-05 4.95081e-06 2.32458e-07
 2.14802e-27 2.18e-27 7.3811e-27 1.77978e-21 1.0585e-16 1.44731e-12 4.54964e-09 3.28804e-06 0.000546303 0.0208684 0.183267 0.37002 0.172168 0.0293558 0.0677891 0.0947493 0.0337449 0.0135647 0.00954737 0.00301869 0.00103598 0.000266639 4.85967e-05 5.22476e-06 2.64532e-07
 2.14788e-27 2.17966e-27 7.345e-27 1.76753e-21 1.05122e-16 1.43735e-12 4.51834e-09 3.26542e-06 0.000542544 0.0207248 0.182006 0.367475 0.170996 0.029491 0.0693818 0.0969914 0.0344963 0.0137192 0.00965664 0.00311252 0.00108257 0.000269009 4.70237e-05 5.08535e-06 2.73463e-07
 2.14814e-27 2.1803e-27 7.41381e-27 1.79088e-21 1.0651e-16 1.45634e-12 4.57802e-09 3.30855e-06 0.00054971 0.0209986 0.18441 0.372328 0.173228 0.0291892 0.0660768 0.0923442 0.0330103 0.0136572 0.00968994 0.0031085 0.00108043 0.000272322 4.73165e-05 4.94238e-06 2.62568e-07
 2.14808e-27 2.18015e-27 7.39672e-27 1.78507e-21 1.06165e-16 1.45162e-12 4.56318e-09 3.29783e-06 0.000547929 0.0209305 0.183813 0.371122 0.172677 0.0293719 0.067556 0.0944069 0.0334342 0.012845 0.00898766 0.00294322 0.00104655 0.000263875 4.60441e-05 4.81576e-06 2.50952e-07
 2.1478e-27 2.17948e-27 7.32612e-27 1.76113e-21 1.04741e-16 1.43215e-12 4.50197e-09 3.25359e-06 0.000540578 0.0206497 0.181347 0.366143 0.170382 0.0295307 0.0700258 0.0979047 0.0348954 0.014111 0.00994004 0.00313035 0.00106912 0.000273482 4.85352e-05 5.09899e-06 2.65991e-07
 2.14795e-27 2.17983e-27 7.36477e-27 1.77424e-21 1.05521e-16 1.44281e-12 4.53549e-09 3.27781e-06 0.000544604 0.0208035 0.182697 0.36887 0.171635 0.0293329 0.0679965 0.0950539 0.0340175 0.0141965 0.0101025 0.00326911 0.00114068 0.0002824 4.89817e-05 5.20396e-06 2.74222e-07
 2.14821e-27 2.18047e-27 7.43252e-27 1.79722e-21 1.06888e-16 1.4615e-12 4.59424e-09 3.32027e-06 0.000551658 0.021073 0.185064 0.373648 0.173836 0.0291246 0.0652846 0.0912259 0.0325915 0.0134267 0.00955001 0.00314859 0.00113013 0.00028693 4.9887e-05 5.17693e-06 2.71314e-07
 2.14775e-27 2.17933e-27 7.30978e-27 1.75558e-21 1.04411e-16 1.42764e-12 4.48779e-09 3.24334e-06 0.000538876 0.0205847 0.180776 0.36499 0.169854 0.0296589 0.0711555 0.0994824 0.0352508 0.0136035 0.00952596 0.00311568 0.00111468 0.000288932 5.17556e-05 5.44821e-06 2.8295e-07
 2.14703e-27 2.17757e-27 7.12553e-27 1.69309e-21 1.00694e-16 1.37682e-12 4.32804e-09 3.12789e-06 0.000519694 0.019852 0.174341 0.351999 0.163863 0.0300861 0.0776793 0.108715 0.0390207 0.0166404 0.0118583 0.0037446 0.0012824 0.000328929 5.93442e-05 6.4028e-06 3.39222e-07
 2.14646e-27 2.1762e-27 6.98395e-27 1.64508e-21 9.78391e-17 1.33777e-12 4.20531e-09 3.03919e-06 0.000504957 0.019289 0.169397 0.342017 0.159256 0.0302825 0.0818865 0.114691 0.041734 0.0195934 0.0143244 0.00478071 0.00172653 0.000430399 7.49822e-05 8.05806e-06 4.33644e-07
 2.14664e-27 2.17666e-27 7.03526e-27 1.66249e-21 9.88748e-17 1.35194e-12 4.24983e-09 3.07136e-06 0.000510303 0.0194932 0.17119 0.345638 0.160916 0.0299185 0.0785735 0.110046 0.0404322 0.0201959 0.0150392 0.00531984 0.00206867 0.000546206 9.76927e-05 1.02371e-05 5.41635e-07
#obs surv len freq
 1.23524e-39 6.04565e-33 6.80266e-27 1.75978e-21 1.04661e-16 1.43105e-12 4.49852e-09 3.25109e-06 0.000540173 0.0206339 0.181207 0.365862 0.170242 0.0292558 0.0684326 0.0956991 0.0346461 0.0157239 0.0115036 0.00406336 0.00161211 0.000464801 9.69764e-05 1.24507e-05 8.21905e-07
 1.3145e-39 6.43357e-33 7.23916e-27 1.8727e-21 1.11377e-16 1.52287e-12 4.78717e-09 3.4597e-06 0.000574833 0.0219579 0.192834 0.389337 0.181057 0.0282398 0.0551551 0.0769649 0.0277809 0.012349 0.00898068 0.00312465 0.00121632 0.000344831 7.06518e-05 8.85955e-06 5.65438e-07
 1.15723e-39 5.66385e-33 6.37305e-27 1.64865e-21 9.80513e-17 1.34067e-12 4.21442e-09 3.04577e-06 0.000506059 0.0193308 0.169763 0.342758 0.15962 0.030855 0.0851585 0.119197 0.0418901 0.015067 0.0104344 0.00357972 0.00136926 0.000381067 7.63801e-05 9.38078e-06 5.84919e-07
 1.34499e-39 6.58281e-33 7.40709e-27 1.91614e-21 1.1396e-16 1.5582e-12 4.89822e-09 3.53995e-06 0.000588168 0.0224673 0.197307 0.398368 0.185205 0.0275347 0.0481291 0.0671144 0.0250376 0.013657 0.010127 0.0030939 0.00102855 0.000276999 5.42923e-05 6.5164e-06 3.97336e-07
 1.38884e-39 6.7974e-33 7.64854e-27 1.9786e-21 1.17675e-16 1.60899e-12 5.05789e-09 3.65534e-06 0.000607341 0.0231996 0.203739 0.411353 0.191211 0.0275881 0.0445412 0.0619318 0.0214923 0.00686336 0.00468394 0.00181614 0.000748688 0.000184249 3.21658e-05 3.70289e-06 2.20315e-07
 1.26672e-39 6.19971e-33 6.97602e-27 1.80463e-21 1.07328e-16 1.46752e-12 4.61315e-09 3.33394e-06 0.000553938 0.0211597 0.185825 0.375185 0.174565 0.0296071 0.0677675 0.0946358 0.0325801 0.00952907 0.00608486 0.00174872 0.000555594 0.000163303 3.19475e-05 3.3873e-06 1.86906e-07
 1.27625e-39 6.24635e-33 7.02849e-27 1.81821e-21 1.08135e-16 1.47856e-12 4.64786e-09 3.35902e-06 0.000558105 0.0213189 0.187223 0.378007 0.175845 0.0289329 0.062801 0.087732 0.0314638 0.013327 0.0093404 0.00256584 0.000696735 0.000154718 2.69457e-05 3.17817e-06 1.77012e-07
 1.42329e-39 6.96602e-33 7.83827e-27 2.02769e-21 1.20594e-16 1.64891e-12 5.18335e-09 3.74602e-06 0.000622406 0.0237751 0.208793 0.421557 0.195903 0.0269102 0.0373272 0.0517994 0.0184136 0.00729645 0.00515211 0.00170916 0.000592261 0.000125959 1.7499e-05 1.68591e-06 9.28196e-08
 1.4155e-39 6.92789e-33 7.79537e-27 2.01659e-21 1.19934e-16 1.63988e-12 5.15498e-09 3.72552e-06 0.000619 0.023645 0.20765 0.41925 0.194854 0.0273937 0.0409743 0.0568775 0.0193565 0.0049309 0.00303287 0.000970189 0.00033996 8.65781e-05 1.40097e-05 1.21159e-06 5.44105e-08
 1.34716e-39 6.59342e-33 7.41902e-27 1.91923e-21 1.14144e-16 1.56071e-12 4.90611e-09 3.54566e-06 0.000589116 0.0225035 0.197625 0.39901 0.185537 0.0284525 0.0535381 0.0745795 0.025513 0.00692766 0.00426612 0.00110112 0.000275189 6.57306e-05 1.14809e-05 1.15302e-06 5.28364e-08
 1.32525e-39 6.48619e-33 7.29836e-27 1.88802e-21 1.12287e-16 1.53533e-12 4.82632e-09 3.48799e-06 0.000579534 0.0221375 0.194411 0.392521 0.182541 0.0285637 0.0561728 0.0783299 0.0273381 0.00920956 0.00608969 0.00161309 0.000401645 7.68362e-05 1.02709e-05 1.0043e-06 5.07077e-08
 1.3583e-39 6.64794e-33 7.48037e-27 1.9351e-21 1.15088e-16 1.57362e-12 4.94667e-09 3.57497e-06 0.000593987 0.0226895 0.199259 0.402309 0.187044 0.0279884 0.0497107 0.0692347 0.0243055 0.00865121 0.00586699 0.00172051 0.000507655 0.000100805 1.23275e-05 9.51367e-07 4.15397e-08
 1.32864e-39 6.50279e-33 7.31705e-27 1.89285e-21 1.12575e-16 1.53926e-12 4.83867e-09 3.49692e-06 0.000581018 0.0221941 0.194909 0.393526 0.183004 0.0285379 0.0557126 0.0776728 0.0269839 0.008694 0.00575576 0.00173799 0.000547287 0.000121635 1.69943e-05 1.30599e-06 4.89321e-08
 1.28704e-39 6.29915e-33 7.0879e-27 1.83357e-21 1.09049e-16 1.49105e-12 4.68714e-09 3.38741e-06 0.000562822 0.0214991 0.188805 0.381202 0.177326 0.0290478 0.0625398 0.087314 0.0306345 0.0108438 0.00732579 0.00210636 0.000623029 0.000142605 2.18026e-05 1.88727e-06 7.54514e-08
 1.15963e-39 5.6756e-33 6.38627e-27 1.65207e-21 9.82547e-17 1.34346e-12 4.22317e-09 3.05209e-06 0.000507109 0.0193709 0.170115 0.343469 0.159942 0.0306691 0.0838098 0.117332 0.0417325 0.0165948 0.0115904 0.00349358 0.00109062 0.000240457 3.56468e-05 3.25081e-06 1.43237e-07
 1.26348e-39 6.18387e-33 6.95818e-27 1.80002e-21 1.07054e-16 1.46377e-12 4.60136e-09 3.32541e-06 0.000552522 0.0211056 0.18535 0.374226 0.174084 0.0285933 0.0618676 0.0864974 0.032118 0.0170695 0.0126865 0.00407657 0.00139227 0.000324011 4.92962e-05 4.39459e-06 1.95934e-07
 1.2295e-39 6.01756e-33 6.77105e-27 1.75161e-21 1.04175e-16 1.4244e-12 4.47761e-09 3.23598e-06 0.000537663 0.020538 0.180365 0.364162 0.169468 0.029565 0.0708326 0.0990396 0.0352449 0.0141007 0.0101702 0.00388775 0.00160343 0.000407754 6.76624e-05 6.32341e-06 2.8381e-07
 1.2808e-39 6.26863e-33 7.05356e-27 1.82469e-21 1.08521e-16 1.48383e-12 4.66443e-09 3.371e-06 0.000560096 0.0213949 0.18789 0.379355 0.176459 0.0286994 0.0609692 0.0851684 0.0307938 0.0138417 0.00999422 0.00323915 0.00119661 0.000356256 7.03117e-05 7.28082e-06 3.49233e-07
 1.24512e-39 6.09401e-33 6.85707e-27 1.77386e-21 1.05498e-16 1.4425e-12 4.5345e-09 3.27709e-06 0.000544494 0.0207989 0.182656 0.368788 0.171601 0.0294216 0.0685628 0.0958337 0.0340345 0.0133841 0.0094776 0.00326797 0.0012311 0.000322719 6.32427e-05 7.62567e-06 4.17398e-07
 1.25558e-39 6.14518e-33 6.91466e-27 1.78876e-21 1.06384e-16 1.45461e-12 4.57258e-09 3.30461e-06 0.000549066 0.0209736 0.18419 0.371885 0.17302 0.0290871 0.0655874 0.0916753 0.0330556 0.0145739 0.0104717 0.00335405 0.00118509 0.000320183 6.06e-05 6.97093e-06 4.11218e-07
 1.27936e-39 6.26158e-33 7.04563e-27 1.82264e-21 1.08399e-16 1.48216e-12 4.65919e-09 3.3672e-06 0.000559466 0.0213709 0.187679 0.378929 0.176267 0.0288223 0.0618483 0.0863881 0.0309578 0.0130565 0.00937346 0.00319609 0.0011856 0.0003023 5.50613e-05 6.25414e-06 3.5818e-07
 1.25517e-39 6.14319e-33 6.91242e-27 1.78818e-21 1.0635e-16 1.45414e-12 4.5711e-09 3.30354e-06 0.000548888 0.0209668 0.184131 0.371765 0.17297 0.0292408 0.0665618 0.0930213 0.0331547 0.0134127 0.00951312 0.00316796 0.00116636 0.000312639 5.75937e-05 6.26969e-06 3.49343e-07
 1.26061e-39 6.1698e-33 6.94236e-27 1.79592e-21 1.0681e-16 1.46044e-12 4.5909e-09 3.31785e-06 0.000551266 0.0210576 0.184928 0.373375 0.173708 0.0290537 0.0649345 0.0907475 0.032626 0.0140887 0.0101009 0.00328412 0.00116945 0.000307681 5.74472e-05 6.41132e-06 3.5167e-07
 1.26081e-39 6.17081e-33 6.94349e-27 1.79622e-21 1.06828e-16 1.46067e-12 4.59165e-09 3.31839e-06 0.000551355 0.0210611 0.184958 0.373436 0.173736 0.0290707 0.0650202 0.0908628 0.0325881 0.0138271 0.00992433 0.00334685 0.00123225 0.000317201 5.74786e-05 6.39234e-06 3.56039e-07
 1.26647e-39 6.1985e-33 6.97465e-27 1.80427e-21 1.07307e-16 1.46723e-12 4.61225e-09 3.33328e-06 0.000553829 0.0211556 0.185788 0.375111 0.174508 0.0289899 0.0640219 0.089456 0.0320959 0.0136563 0.00979476 0.00327321 0.00120563 0.000320393 5.88779e-05 6.40704e-06 3.51886e-07
 1.20121e-39 5.87907e-33 6.61522e-27 1.71129e-21 1.01777e-16 1.39162e-12 4.37456e-09 3.16151e-06 0.000525289 0.0200654 0.176214 0.355781 0.165606 0.0299169 0.0755065 0.105646 0.0378369 0.015885 0.011364 0.00380272 0.00139939 0.000370368 6.89542e-05 7.65537e-06 4.18723e-07
 1.19908e-39 5.86866e-33 6.60351e-27 1.70827e-21 1.01597e-16 1.38916e-12 4.36682e-09 3.15591e-06 0.000524359 0.0200298 0.175902 0.355152 0.165301 0.0295492 0.0734519 0.102818 0.0377588 0.0187976 0.0138763 0.00461301 0.0016848 0.000445666 8.28811e-05 9.25549e-06 5.13667e-07
 1.23424e-39 6.04077e-33 6.79717e-27 1.75836e-21 1.04577e-16 1.42989e-12 4.49489e-09 3.24846e-06 0.000539737 0.0206173 0.181061 0.365567 0.170099 0.0290827 0.0674652 0.0943638 0.034555 0.0169127 0.0126197 0.00464366 0.00187069 0.000497238 9.1977e-05 1.02614e-05 5.71499e-07
 1.23424e-39 6.04077e-33 6.79717e-27 1.75836e-21 1.04577e-16 1.42989e-12 4.49489e-09 3.24846e-06 0.000539737 0.0206173 0.181061 0.365567 0.170099 0.0290827 0.0674652 0.0943638 0.034555 0.0169127 0.0126197 0.00464366 0.00187069 0.000497238 9.1977e-05 1.02614e-05 5.71499e-07
#pred catch len freq
 2.14556e-27 2.17226e-27 6.47977e-27 1.47389e-21 8.76579e-17 1.19856e-12 3.7677e-09 2.72293e-06 0.000452411 0.0172818 0.15177 0.306426 0.142662 0.02654 0.0697591 0.09796 0.0398943 0.0321907 0.0287151 0.0195771 0.0166322 0.0145652 0.0152429 0.0142981 0.006031
 2.14847e-27 2.18084e-27 7.45903e-27 1.8062e-21 1.07422e-16 1.4688e-12 4.61719e-09 3.33685e-06 0.000554413 0.0211782 0.185988 0.375513 0.174658 0.0280495 0.0581574 0.0812352 0.0296458 0.0142526 0.0112721 0.00611691 0.00430348 0.00309349 0.00270166 0.00231147 0.000964954
 2.14752e-27 2.17872e-27 7.24123e-27 1.73231e-21 1.03027e-16 1.40872e-12 4.42831e-09 3.20036e-06 0.000531734 0.0203119 0.17838 0.360153 0.167627 0.0299241 0.074232 0.103794 0.0364013 0.0128557 0.00892852 0.00329164 0.00159999 0.000851243 0.00055702 0.000398903 0.000158107
 2.14784e-27 2.17955e-27 7.33459e-27 1.764e-21 1.04912e-16 1.43448e-12 4.50932e-09 3.2589e-06 0.000541461 0.0206834 0.181643 0.366741 0.170654 0.0294079 0.0690958 0.0966097 0.034653 0.0147032 0.0104203 0.00317567 0.00108125 0.000352085 0.000139172 7.12244e-05 2.4961e-05
 2.14927e-27 2.18308e-27 7.70737e-27 1.89046e-21 1.12433e-16 1.53732e-12 4.83258e-09 3.49252e-06 0.000580276 0.0221662 0.194664 0.39303 0.182765 0.0282682 0.0542143 0.0756064 0.0268683 0.0106195 0.00750289 0.00251682 0.000907127 0.000223887 4.72977e-05 1.2493e-05 3.26385e-06
 2.14839e-27 2.18089e-27 7.47229e-27 1.8107e-21 1.07689e-16 1.47246e-12 4.62868e-09 3.34516e-06 0.000555794 0.0212309 0.186451 0.376449 0.175139 0.0293503 0.0658182 0.0919175 0.0320144 0.0105836 0.00711308 0.00229867 0.000816439 0.000214172 3.87927e-05 5.07081e-06 6.66531e-07
 2.14795e-27 2.17982e-27 7.36088e-27 1.77291e-21 1.05442e-16 1.44173e-12 4.53209e-09 3.27535e-06 0.000544195 0.0207879 0.18256 0.368593 0.171515 0.0295449 0.0693738 0.0969664 0.0343093 0.0130713 0.00901196 0.00264745 0.000822973 0.000206851 3.73767e-05 4.16695e-06 2.79643e-07
 2.14912e-27 2.1827e-27 7.66743e-27 1.8769e-21 1.11627e-16 1.5263e-12 4.79793e-09 3.46748e-06 0.000576116 0.0220073 0.193269 0.390213 0.181468 0.0284204 0.0559927 0.0781139 0.0277668 0.0109931 0.00771183 0.00243422 0.000810833 0.000186374 3.0074e-05 3.1826e-06 1.77781e-07
 2.14947e-27 2.18355e-27 7.75506e-27 1.90662e-21 1.13394e-16 1.55046e-12 4.87389e-09 3.52238e-06 0.000585238 0.0223557 0.196329 0.396391 0.18432 0.0283034 0.0534164 0.0744497 0.0260282 0.00892216 0.00605754 0.00195755 0.000683456 0.00016784 2.74005e-05 2.64034e-06 1.33863e-07
 2.14896e-27 2.18229e-27 7.62098e-27 1.86113e-21 1.10689e-16 1.51347e-12 4.75762e-09 3.43835e-06 0.000571276 0.0218224 0.191645 0.386934 0.179968 0.0288346 0.0595095 0.083029 0.0289353 0.00961537 0.00641448 0.00192062 0.000613744 0.000153632 2.65718e-05 2.65459e-06 1.2903e-07
 2.14867e-27 2.18159e-27 7.54717e-27 1.8361e-21 1.092e-16 1.49311e-12 4.69362e-09 3.39209e-06 0.000563591 0.0215288 0.189067 0.381729 0.177568 0.0290211 0.0622173 0.0868585 0.0304619 0.0107428 0.00726876 0.00213773 0.000652853 0.000151113 2.4755e-05 2.54577e-06 1.28766e-07
 2.14909e-27 2.18263e-27 7.65835e-27 1.87382e-21 1.11443e-16 1.52378e-12 4.79004e-09 3.46177e-06 0.000575169 0.021971 0.192951 0.389571 0.181178 0.0285916 0.0572316 0.0798378 0.0280748 0.0101447 0.00693033 0.0020996 0.000664535 0.000150585 2.31276e-05 2.22499e-06 1.11172e-07
 2.14909e-27 2.18261e-27 7.65513e-27 1.87272e-21 1.11378e-16 1.52289e-12 4.78723e-09 3.45974e-06 0.000574831 0.0219582 0.192838 0.389342 0.181077 0.0287324 0.05816 0.0811235 0.0282163 0.00920037 0.00612225 0.00187676 0.000608249 0.000142085 2.21546e-05 2.04776e-06 9.6138e-08
 2.14865e-27 2.18152e-27 7.53922e-27 1.8334e-21 1.09039e-16 1.49092e-12 4.68672e-09 3.38711e-06 0.000562763 0.0214972 0.188789 0.381169 0.177312 0.029089 0.0628003 0.0876736 0.030659 0.0105261 0.00706435 0.00205828 0.000623956 0.000146544 2.35074e-05 2.22092e-06 1.02877e-07
 2.1474e-27 2.17847e-27 7.2164e-27 1.72389e-21 1.02527e-16 1.40187e-12 4.40679e-09 3.1848e-06 0.00052915 0.0202132 0.177513 0.358403 0.166826 0.0301248 0.0759856 0.106272 0.0373957 0.0135921 0.00928432 0.0027736 0.000859485 0.000192787 2.95543e-05 2.81788e-06 1.33424e-07
 2.14749e-27 2.17872e-27 7.24725e-27 1.73438e-21 1.0315e-16 1.41039e-12 4.43359e-09 3.20417e-06 0.000532367 0.0203361 0.178592 0.360582 0.167817 0.0296943 0.0727007 0.101695 0.0365141 0.0156101 0.0110992 0.00341779 0.00110778 0.000254994 3.90075e-05 3.57286e-06 1.6617e-07
 2.14804e-27 2.18005e-27 7.38681e-27 1.78172e-21 1.05965e-16 1.44889e-12 4.5546e-09 3.29162e-06 0.000546898 0.0208911 0.183467 0.370424 0.172352 0.0293105 0.0673912 0.0941895 0.0335557 0.0135272 0.00960352 0.00323364 0.00117217 0.000282633 4.51032e-05 4.19224e-06 1.91417e-07
 2.148e-27 2.17994e-27 7.37441e-27 1.7775e-21 1.05715e-16 1.44546e-12 4.54383e-09 3.28384e-06 0.000545604 0.0208417 0.183033 0.369547 0.171953 0.0294722 0.0686427 0.0959346 0.0339182 0.012849 0.0089556 0.00292285 0.00104992 0.000276616 4.88083e-05 4.78911e-06 2.24855e-07
 2.14802e-27 2.18001e-27 7.38179e-27 1.78001e-21 1.05864e-16 1.4475e-12 4.55024e-09 3.28847e-06 0.000546374 0.0208711 0.183291 0.370069 0.172192 0.0293952 0.068015 0.0950607 0.03376 0.013267 0.00928799 0.0029294 0.00100236 0.00025778 4.69631e-05 5.04846e-06 2.55595e-07
 2.14786e-27 2.17959e-27 7.33805e-27 1.76517e-21 1.04982e-16 1.43544e-12 4.51231e-09 3.26106e-06 0.00054182 0.0206972 0.181763 0.366984 0.170772 0.0295565 0.0699297 0.0977568 0.0346723 0.0134836 0.00943988 0.00303496 0.00105254 0.000261346 4.5665e-05 4.93772e-06 2.65512e-07
 2.14816e-27 2.18035e-27 7.41937e-27 1.79276e-21 1.06622e-16 1.45787e-12 4.58283e-09 3.31203e-06 0.000550288 0.0210206 0.184604 0.37272 0.17341 0.0292131 0.0661044 0.092376 0.0329243 0.0133141 0.00939726 0.00300703 0.00104211 0.000262459 4.55842e-05 4.76077e-06 2.52908e-07
 2.14805e-27 2.18007e-27 7.3878e-27 1.78204e-21 1.05985e-16 1.44915e-12 4.55544e-09 3.29223e-06 0.000546999 0.020895 0.183501 0.370492 0.172389 0.0294418 0.0681725 0.0952694 0.0336504 0.0126433 0.00879733 0.00287347 0.00101883 0.000256691 4.47722e-05 4.68208e-06 2.43974e-07
 2.14778e-27 2.17942e-27 7.31963e-27 1.75892e-21 1.0461e-16 1.43035e-12 4.49633e-09 3.24951e-06 0.000539902 0.0206239 0.18112 0.365685 0.170172 0.0295957 0.0705603 0.098651 0.0350619 0.0138634 0.00971433 0.00305174 0.00103918 0.000265611 4.71194e-05 4.94958e-06 2.58185e-07
 2.1479e-27 2.17972e-27 7.35214e-27 1.76996e-21 1.05266e-16 1.43933e-12 4.52454e-09 3.2699e-06 0.000543289 0.0207533 0.182256 0.367979 0.171226 0.0294184 0.0687866 0.0961606 0.0343133 0.0140034 0.00991459 0.0032002 0.00111342 0.000275441 4.77548e-05 5.07289e-06 2.67303e-07
 2.14821e-27 2.18047e-27 7.43132e-27 1.79681e-21 1.06863e-16 1.46117e-12 4.59319e-09 3.31951e-06 0.000551532 0.0210682 0.185022 0.373562 0.173798 0.0291704 0.0655897 0.0916492 0.0326475 0.0131487 0.00930349 0.00305937 0.00109498 0.000277797 4.82795e-05 5.00943e-06 2.62523e-07
 2.14771e-27 2.17924e-27 7.29959e-27 1.75212e-21 1.04205e-16 1.42482e-12 4.47895e-09 3.23695e-06 0.000537814 0.0205441 0.18042 0.364271 0.169524 0.0297353 0.0718391 0.100439 0.0354952 0.0133963 0.00932901 0.00304341 0.0010857 0.000281206 5.03515e-05 5.29969e-06 2.75224e-07
 2.14698e-27 2.17746e-27 7.1137e-27 1.68907e-21 1.00456e-16 1.37355e-12 4.31778e-09 3.12047e-06 0.000518461 0.0198049 0.173927 0.351164 0.163481 0.0301759 0.0784795 0.109835 0.0393043 0.0163895 0.0116218 0.00366089 0.00125002 0.00032037 5.77766e-05 6.23284e-06 3.30203e-07
 2.14642e-27 2.1761e-27 6.97214e-27 1.64107e-21 9.76006e-17 1.33451e-12 4.19506e-09 3.03178e-06 0.000503726 0.019242 0.168984 0.341184 0.158874 0.0303806 0.0827371 0.11588 0.0420251 0.01929 0.0140391 0.00467334 0.00168303 0.000419245 7.30086e-05 7.84486e-06 4.22151e-07
 2.1454e-27 2.17363e-27 6.71431e-27 1.55362e-21 9.23998e-17 1.2634e-12 3.97152e-09 2.87023e-06 0.000476885 0.0182167 0.15998 0.323004 0.150491 0.0309465 0.0916706 0.128519 0.0471084 0.0231887 0.0172186 0.00607529 0.00235652 0.000621783 0.000111167 1.16475e-05 6.16231e-07
#obs catch len freq
 1.21753e-39 5.95898e-33 6.70514e-27 1.73456e-21 1.03161e-16 1.41054e-12 4.43403e-09 3.20448e-06 0.000532429 0.0203381 0.178609 0.360617 0.167825 0.0294653 0.0712922 0.0997362 0.0361548 0.016557 0.0121523 0.00434137 0.00174358 0.000507768 0.00010859 1.44682e-05 9.89881e-07
 1.22553e-39 5.99812e-33 6.74918e-27 1.74595e-21 1.03838e-16 1.4198e-12 4.46315e-09 3.22553e-06 0.000535926 0.0204717 0.179782 0.362986 0.168918 0.0294201 0.0703021 0.0983304 0.0355221 0.0158817 0.011581 0.00407817 0.00161275 0.000464282 9.67529e-05 1.24132e-05 8.19057e-07
 1.30671e-39 6.39543e-33 7.19624e-27 1.8616e-21 1.10716e-16 1.51385e-12 4.75879e-09 3.43919e-06 0.000571426 0.0218277 0.191691 0.387029 0.179995 0.028372 0.0566579 0.0790799 0.028484 0.0124724 0.00904003 0.00313579 0.00121666 0.000344404 7.04798e-05 8.83172e-06 5.63407e-07
 1.14695e-39 5.61354e-33 6.31645e-27 1.63401e-21 9.71805e-17 1.32877e-12 4.17699e-09 3.01872e-06 0.000501565 0.0191591 0.168255 0.339714 0.15822 0.0310367 0.0871854 0.122049 0.0428222 0.0151768 0.0104669 0.00358007 0.00136487 0.000379271 7.59282e-05 9.31865e-06 5.80781e-07
 1.33831e-39 6.5501e-33 7.37027e-27 1.90662e-21 1.13394e-16 1.55046e-12 4.87387e-09 3.52236e-06 0.000585245 0.0223556 0.196327 0.396388 0.184294 0.0276467 0.0494093 0.0689166 0.0256404 0.0137754 0.0101878 0.00310443 0.00102829 0.00027648 5.41245e-05 6.49161e-06 3.95643e-07
 1.38323e-39 6.76997e-33 7.61768e-27 1.97062e-21 1.172e-16 1.6025e-12 5.03748e-09 3.6406e-06 0.00060489 0.023106 0.202917 0.409694 0.190447 0.0276871 0.0456454 0.0634852 0.0220003 0.00692372 0.00470233 0.00181716 0.000746963 0.000183581 3.20068e-05 3.68174e-06 2.18955e-07
 1.25923e-39 6.16304e-33 6.93475e-27 1.79395e-21 1.06693e-16 1.45884e-12 4.58586e-09 3.31421e-06 0.000550661 0.0210345 0.184725 0.372966 0.173544 0.029742 0.0692596 0.0967346 0.0332604 0.00958964 0.00609279 0.00174667 0.000552755 0.000162191 3.16969e-05 3.35843e-06 1.85219e-07
 1.26973e-39 6.21445e-33 6.9926e-27 1.80892e-21 1.07583e-16 1.47101e-12 4.62412e-09 3.34186e-06 0.000555255 0.02121 0.186267 0.376077 0.174957 0.0290514 0.0641065 0.089568 0.0320568 0.0133721 0.00934003 0.00256004 0.000692486 0.000153519 2.66982e-05 3.14665e-06 1.75184e-07
 1.41839e-39 6.94204e-33 7.81129e-27 2.02071e-21 1.20179e-16 1.64323e-12 5.16551e-09 3.73313e-06 0.000620264 0.0236933 0.208074 0.420106 0.195235 0.0269952 0.0382835 0.0531449 0.0188567 0.00736027 0.00517759 0.00171265 0.000591549 0.000125647 1.74319e-05 1.67796e-06 9.23326e-08
 1.41043e-39 6.90307e-33 7.76745e-27 2.00937e-21 1.19504e-16 1.63401e-12 5.13652e-09 3.71217e-06 0.000616783 0.0235603 0.206907 0.417748 0.194163 0.0274839 0.0419773 0.0582885 0.019816 0.00497895 0.00304448 0.000971103 0.000339097 8.62313e-05 1.39381e-05 1.20456e-06 5.40645e-08
 1.34169e-39 6.56663e-33 7.38888e-27 1.91143e-21 1.1368e-16 1.55437e-12 4.88618e-09 3.53125e-06 0.000586722 0.022412 0.196822 0.397389 0.184791 0.028552 0.0546342 0.076121 0.0260102 0.0069633 0.00426493 0.00109856 0.000273424 6.51893e-05 1.13722e-05 1.14133e-06 5.22781e-08
 1.31892e-39 6.4552e-33 7.2635e-27 1.879e-21 1.11751e-16 1.52799e-12 4.80326e-09 3.47133e-06 0.000576766 0.0220317 0.193483 0.390646 0.181678 0.028677 0.0574295 0.0800977 0.0279124 0.00926487 0.00609993 0.00161241 0.000399928 7.63901e-05 1.01962e-05 9.96111e-07 5.02709e-08
 1.35197e-39 6.61698e-33 7.44553e-27 1.92609e-21 1.14552e-16 1.56629e-12 4.92364e-09 3.55832e-06 0.000591221 0.0225839 0.198332 0.400436 0.186183 0.0280992 0.050952 0.0709811 0.0248781 0.00872459 0.00589248 0.00172369 0.000506776 0.000100495 1.22736e-05 9.46393e-07 4.12975e-08
 1.32214e-39 6.47094e-33 7.2812e-27 1.88358e-21 1.12023e-16 1.53172e-12 4.81497e-09 3.47979e-06 0.000578172 0.0220854 0.193954 0.391598 0.182118 0.0286539 0.0570019 0.0794865 0.0275743 0.00875504 0.0057696 0.00173761 0.000545217 0.000121002 1.68855e-05 1.29671e-06 4.85584e-08
 1.27921e-39 6.26086e-33 7.04482e-27 1.82243e-21 1.08387e-16 1.48199e-12 4.65865e-09 3.36682e-06 0.000559401 0.0213684 0.187657 0.378885 0.17626 0.0291853 0.0640772 0.089477 0.0313428 0.0109317 0.00735492 0.00210963 0.00062167 0.000142074 2.16946e-05 1.87661e-06 7.4991e-08
 1.15098e-39 5.63325e-33 6.33862e-27 1.63974e-21 9.75215e-17 1.33343e-12 4.19165e-09 3.02931e-06 0.000503325 0.0192264 0.168846 0.340906 0.158763 0.0308268 0.0855445 0.119772 0.0425204 0.0166544 0.0115892 0.0034842 0.00108382 0.000238612 3.5327e-05 3.2192e-06 1.41779e-07
 1.25585e-39 6.14651e-33 6.91616e-27 1.78914e-21 1.06407e-16 1.45492e-12 4.57357e-09 3.30533e-06 0.000549185 0.0209782 0.18423 0.371966 0.173044 0.0287256 0.0633567 0.0885928 0.0328094 0.0171734 0.0127284 0.00407877 0.00138829 0.00032263 4.90256e-05 4.36722e-06 1.94616e-07
 1.22149e-39 5.97836e-33 6.72695e-27 1.7402e-21 1.03496e-16 1.41512e-12 4.44845e-09 3.2149e-06 0.000534161 0.0204043 0.17919 0.36179 0.168376 0.0297086 0.0724238 0.101278 0.0359736 0.0141765 0.0101854 0.00388076 0.00159584 0.000405284 6.71729e-05 6.27332e-06 2.81428e-07
 1.2728e-39 6.22946e-33 7.00949e-27 1.81329e-21 1.07843e-16 1.47456e-12 4.63529e-09 3.34993e-06 0.000556596 0.0212612 0.186716 0.376985 0.175369 0.0288373 0.0625253 0.0873582 0.0315175 0.0139546 0.0100428 0.00324571 0.00119477 0.000355149 7.00196e-05 7.24601e-06 3.4741e-07
 1.23574e-39 6.04811e-33 6.80543e-27 1.7605e-21 1.04704e-16 1.43163e-12 4.50035e-09 3.25241e-06 0.000540393 0.0206423 0.181281 0.366011 0.170323 0.029583 0.0703854 0.0983984 0.0348818 0.0135151 0.00953417 0.0032776 0.00123074 0.000322146 6.30489e-05 7.59716e-06 4.15676e-07
 1.24704e-39 6.10342e-33 6.86766e-27 1.7766e-21 1.05661e-16 1.44472e-12 4.5415e-09 3.28215e-06 0.000545334 0.0208311 0.182938 0.369358 0.171857 0.0292345 0.0672491 0.0940135 0.0338275 0.014691 0.0105208 0.00336041 0.00118318 0.000319173 6.03369e-05 6.93558e-06 4.08945e-07
 1.26953e-39 6.21348e-33 6.99151e-27 1.80864e-21 1.07566e-16 1.47078e-12 4.6234e-09 3.34134e-06 0.000555168 0.0212067 0.186237 0.376018 0.174927 0.0289859 0.0637241 0.0890286 0.0318415 0.0132322 0.00946653 0.0032183 0.00118996 0.000302975 5.51144e-05 6.2556e-06 3.58098e-07
 1.24521e-39 6.09444e-33 6.85757e-27 1.77399e-21 1.05506e-16 1.4426e-12 4.53482e-09 3.27733e-06 0.000544532 0.0208004 0.182669 0.368815 0.171613 0.029409 0.0684781 0.0957184 0.0340523 0.0135737 0.00959245 0.00318514 0.00116874 0.00031281 5.75574e-05 6.26125e-06 3.48705e-07
 1.2504e-39 6.11982e-33 6.88612e-27 1.78137e-21 1.05945e-16 1.44861e-12 4.55371e-09 3.29097e-06 0.0005468 0.020887 0.18343 0.37035 0.172316 0.0292237 0.0668837 0.0934913 0.0335448 0.0142726 0.0101984 0.00330653 0.00117341 0.000308255 5.74843e-05 6.41096e-06 3.51491e-07
 1.25038e-39 6.11975e-33 6.88604e-27 1.78135e-21 1.05944e-16 1.44859e-12 4.55365e-09 3.29094e-06 0.000546794 0.0208868 0.183428 0.370346 0.172315 0.029244 0.0670089 0.0936623 0.0335261 0.0140167 0.0100258 0.00337123 0.00123714 0.000317998 5.75516e-05 6.39581e-06 3.56069e-07
 1.25599e-39 6.14722e-33 6.91695e-27 1.78935e-21 1.06419e-16 1.45509e-12 4.57409e-09 3.30571e-06 0.000549248 0.0209806 0.184251 0.372008 0.17308 0.0291633 0.0660152 0.0922619 0.0330374 0.0138513 0.00990069 0.00329905 0.00121109 0.000321368 5.89868e-05 6.41432e-06 3.5212e-07
 1.18862e-39 5.81747e-33 6.54591e-27 1.69337e-21 1.00711e-16 1.37704e-12 4.32873e-09 3.12838e-06 0.000519785 0.0198551 0.174368 0.352054 0.163891 0.0301245 0.0778977 0.109012 0.0389674 0.0161224 0.0114942 0.0038352 0.00140666 0.00037174 6.91261e-05 7.66905e-06 4.19281e-07
 1.18647e-39 5.80693e-33 6.53405e-27 1.6903e-21 1.00528e-16 1.37454e-12 4.32089e-09 3.12271e-06 0.000518843 0.0198191 0.174052 0.351416 0.163582 0.0297518 0.0758143 0.106144 0.0388888 0.0190778 0.0140424 0.00465497 0.00169445 0.000447552 8.31311e-05 9.27682e-06 5.14618e-07
 1.16294e-39 5.69176e-33 6.40446e-27 1.65677e-21 9.85345e-17 1.34728e-12 4.23519e-09 3.06078e-06 0.000508553 0.0194261 0.1706 0.344447 0.16037 0.0300196 0.0795496 0.111411 0.0407593 0.01983 0.0147757 0.00542336 0.00217935 0.000578563 0.000106902 1.19186e-05 6.63508e-07
#spawning biomass
 4626.22 2432.16 2320.44 2223 2318.23 3417.23 4021.58 4375.89 6983.3 12309.6 17259.6 21932.9 26239 36587.9 42851.9 39232.7 32832.4 31000.9 32241.1 32895.4 35097.3 35255.8 38642.1 40401 44841.8 46854.5 48466.5 45530.2 39892.3 116315 163788 150819 103798 67942.9 46575.1 34848.8 28695.1 25555.8 23984.1 23207 22826.2 22640.6 22550.5 22506.8 22485.8 22475.6 22470.8 22468.4 22467.3 22466.8 22466.5 22466.4 22466.3 22466.3 22466.3 22466.3 22466.3 22466.3 22466.3 22466.3 22466.3 22466.3 22466.3 22466.3 22466.3 22466.3 22466.3 22466.3 22466.3 22466.3 22466.3 22466.3 22466.3 22466.3 22466.3 22466.3 22466.3 22466.3 22466.3 22466.3 22466.3 22466.3 22466.3 22466.3 22466.3 22466.3 22466.3 22466.3 22466.3 22466.3 22466.3 22466.3 22466.3 22466.3 22466.3 22466.3 22466.3 22466.3 22466.3 22466.3 22466.3 22466.3 22466.3 22466.3 22466.3 22466.3 22466.3 22466.3 22466.3 22466.3 22466.3 22466.3 22466.3 22466.3 22466.3 22466.3 22466.3 22466.3 22466.3 22466.3 22466.3 22466.3 22466.3 22466.3 22466.3 22466.3 22466.3 22466.3 22466.3 0 0 0 0 0 0 0 0 0 0 0 0 0 0 0 0 0 0 0 0 0 0 0 0 0
