SBPRF35
0.224663
Curr Bio
42805.6
B35
176607
F35
0.32803
FOFL
0
OFL
0
Bzero
64189.3
#pred survey bio
 7759.27 7900.63 8297.77 8262.64 10288.4 14597 16256.1 18022.7 30253.1 50640.3 73651 85157.6 107613 138018 150730 130227 120421 111589 112679 121837 122213 130274 141145 151198 158139 177362 165569 147328 3.26444e+06 3.41895e+06 2.81132e+06 2.11336e+06 1.58733e+06 1.24983e+06 1.05014e+06 936879 873891 839023 819608 808649 802346 798642 796413 795038 794181 793636 793284 793055 792904 792804 792737 792692 792662 792642 792629 792619 792613 792609 792606 792604 792603 792602 792602 792601 792601 792601 792601 792601 792600 792600 792600 792600 792600 792600 792600 792600 792600 792600 792600 792600 792600 792600 792600 792600 792600 792600 792600 792600 792600 792600 792600 792600 792600 792600 792600 792600 792600 792600 792600 792600 792600 792600 792600 792600 792600 792600 792600 792600 792600 792600 792600 792600 792600 792600 792600 792600 792600 792600 792600 792600 792600 792600 792600 792600 792600 792600 792600 792600 0 0 0 0 0 0 0 0 0 0 0 0 0 0 0 0 0 0 0 0 0 0 0 0 0
#obs survey bio
 7259.07 8998.83 7935.78 8351.32 13606.4 22433.5 15434.9 21757.5 39894.1 81096.4 62146.5 85881.6 125291 105880 137276 126220 115193 94130.2 90583.7 111985 115100 88754.8 125892 141201 151686 154128 120711 152368
#pred catch bio
 4813.42 5225.14 5683.26 5719.25 6441.52 9676.19 11541.2 11797.7 18519.4 30842.5 52157.8 59444.3 71912.8 91767.3 106920 91382.5 85968.4 77945.3 76212.4 85268.9 84069.9 89277.9 95563.4 103286 101293 120026 114751 105413 0 37542 30045.2 22023.1 16158.8 12513.8 10439 9318.69 8733.74 8434.94 8284.55 8209.6 8172.5 8154.22 8145.24 8140.83 8138.68 8137.64 8137.13 8136.88 8136.76 8136.7 8136.67 8136.65 8136.65 8136.64 8136.64 8136.64 8136.64 8136.64 8136.64 8136.64 8136.64 8136.64 8136.64 8136.64 8136.64 8136.64 8136.64 8136.64 8136.64 8136.64 8136.64 8136.64 8136.64 8136.64 8136.64 8136.64 8136.64 8136.64 8136.64 8136.64 8136.64 8136.64 8136.64 8136.64 8136.64 8136.64 8136.64 8136.64 8136.64 8136.64 8136.64 8136.64 8136.64 8136.64 8136.64 8136.64 8136.64 8136.64 8136.64 8136.64 8136.64 8136.64 8136.64 8136.64 8136.64 8136.64 8136.64 8136.64 8136.64 8136.64 8136.64 8136.64 8136.64 8136.64 8136.64 8136.64 8136.64 8136.64 8136.64 8136.64 8136.64 8136.64 8136.64 8136.64 8136.64 8136.64 8136.64 8136.64 0 0 0 0 0 0 0 0 0 0 0 0 0 0 0 0 0 0 0 0 0 0 0 0 0
#obs catch bio
 5190.15 5225.37 5674.05 5704.77 6217.74 9417.02 11415.7 11604.1 17874.4 29511.2 51706.2 59102.4 70890.8 92025.5 107610 91519 87092 78247.4 77458.9 86205.3 84402.5 91317 95567.7 103402 101273 120577 116883 105644
#pred cpue bio
 7299.6 7207.46 7593.95 7546.95 9250.6 13243.5 14851.6 16257.6 27020.1 45651.2 66885.3 76793.7 96917.6 124996 137926 119482 110017 101759 102605 111050 111324 118528 128401 137931 144166 162483 152243 135181 2.97147e+06 3.41432e+06 2.79052e+06 2.09202e+06 1.56597e+06 1.22847e+06 1.02878e+06 915519 852531 817664 798248 787289 780986 777282 775053 773678 772821 772276 771925 771695 771544 771444 771377 771333 771303 771282 771269 771260 771253 771249 771246 771245 771243 771242 771242 771241 771241 771241 771241 771241 771241 771241 771241 771241 771241 771241 771241 771241 771241 771241 771241 771241 771241 771241 771241 771241 771241 771241 771241 771241 771241 771241 771241 771241 771241 771241 771241 771241 771241 771241 771241 771241 771241 771241 771241 771241 771241 771241 771241 771241 771241 771241 771241 771241 771241 771241 771241 771241 771241 771241 771241 771241 771241 771241 771241 771241 771241 771241 771241 771241 0 0 0 0 0 0 0 0 0 0 0 0 0 0 0 0 0 0 0 0 0 0 0 0 0
#obs cpue bio
 7018.58 6793 7985.35 7969.64 15450 12083.1 16707.1 17679.5 43671.3 60145.1 68146.1 81516.4 110062 138696 140877 122625 87886.5 118848 87806.4 110765 113312 107494 168495 145336 146181 175587 144371 140946
#pred surv len freq
 2.1467e-27 2.17538e-27 6.82678e-27 1.59163e-21 9.46605e-17 1.29431e-12 4.06869e-09 2.94045e-06 0.000488552 0.0186624 0.163894 0.330905 0.153974 0.0264258 0.0616853 0.0864992 0.0349139 0.0272913 0.0242029 0.0163297 0.0137738 0.0119789 0.0124513 0.0116266 0.00489471
 2.1488e-27 2.18169e-27 7.5506e-27 1.83726e-21 1.09269e-16 1.49406e-12 4.6966e-09 3.39425e-06 0.000563949 0.0215425 0.189187 0.381972 0.177632 0.027735 0.0542912 0.0757918 0.0278178 0.0138654 0.011017 0.00592742 0.00413015 0.00293485 0.00253636 0.00215493 0.000896966
 2.14797e-27 2.17984e-27 7.36165e-27 1.77317e-21 1.05458e-16 1.44194e-12 4.53277e-09 3.27585e-06 0.000544277 0.020791 0.182588 0.368648 0.171531 0.0293008 0.0678669 0.0948532 0.0336643 0.0131777 0.00943476 0.00361429 0.00180864 0.000953628 0.00061411 0.000434614 0.000171431
 2.14813e-27 2.18029e-27 7.41522e-27 1.79137e-21 1.06539e-16 1.45674e-12 4.57927e-09 3.30945e-06 0.000549861 0.0210043 0.184461 0.37243 0.173266 0.0289301 0.0644642 0.0901098 0.0327403 0.015216 0.0110688 0.00362088 0.0013601 0.000464572 0.000185445 9.33103e-05 3.24065e-05
 2.14972e-27 2.18419e-27 7.8276e-27 1.93125e-21 1.14859e-16 1.57049e-12 4.93685e-09 3.56788e-06 0.000592798 0.0226445 0.198865 0.401511 0.186664 0.0276863 0.0481061 0.0670211 0.0241647 0.0106607 0.00778066 0.00280376 0.00110568 0.00029815 6.93418e-05 1.88138e-05 4.86513e-06
 2.14878e-27 2.18187e-27 7.57814e-27 1.84661e-21 1.09825e-16 1.50166e-12 4.72049e-09 3.41151e-06 0.000566818 0.021652 0.190149 0.383915 0.178572 0.0288518 0.0605247 0.0844749 0.0296366 0.0104986 0.00725969 0.00253863 0.00100115 0.000287316 5.79959e-05 8.46064e-06 1.16945e-06
 2.14806e-27 2.18011e-27 7.39443e-27 1.7843e-21 1.06119e-16 1.45099e-12 4.56122e-09 3.29641e-06 0.000547693 0.0209215 0.183734 0.370962 0.172598 0.029229 0.0667314 0.0932732 0.0334265 0.0140907 0.00998951 0.00308577 0.00104923 0.000291282 5.93183e-05 7.43096e-06 5.62254e-07
 2.1494e-27 2.18341e-27 7.74449e-27 1.90306e-21 1.13182e-16 1.54756e-12 4.86479e-09 3.5158e-06 0.000584144 0.0223139 0.195962 0.39565 0.183964 0.0279596 0.0515413 0.0718687 0.0259562 0.0115821 0.00840564 0.00285332 0.00104419 0.000258227 4.6684e-05 5.60381e-06 3.55025e-07
 2.1503e-27 2.1856e-27 7.97429e-27 1.981e-21 1.17818e-16 1.61095e-12 5.06403e-09 3.65979e-06 0.000608068 0.0232278 0.203988 0.411853 0.191436 0.0274357 0.0434592 0.0604309 0.0212959 0.00785035 0.00548827 0.00192962 0.00075121 0.000201726 3.65104e-05 3.92343e-06 2.25914e-07
 2.14941e-27 2.18339e-27 7.73749e-27 1.90066e-21 1.1304e-16 1.54561e-12 4.85866e-09 3.51137e-06 0.000583408 0.0222858 0.195715 0.395151 0.183752 0.0284293 0.0545589 0.0760495 0.0264485 0.00861581 0.00574814 0.0018115 0.000633547 0.00017575 3.42618e-05 3.81631e-06 2.07285e-07
 2.14869e-27 2.18164e-27 7.5552e-27 1.83883e-21 1.09363e-16 1.49534e-12 4.70061e-09 3.39715e-06 0.000564431 0.0215609 0.189349 0.382298 0.177824 0.0288096 0.0607547 0.0848285 0.0301744 0.0120064 0.00836484 0.00246751 0.000766409 0.000189352 3.4767e-05 4.04673e-06 2.29776e-07
 2.14941e-27 2.18342e-27 7.74408e-27 1.90291e-21 1.13173e-16 1.54745e-12 4.86441e-09 3.51553e-06 0.000584099 0.0223122 0.195947 0.39562 0.183956 0.0281105 0.0524718 0.0731571 0.0260979 0.0106311 0.00754005 0.00247251 0.000861588 0.000199632 3.20533e-05 3.40075e-06 1.92008e-07
 2.14952e-27 2.18367e-27 7.76905e-27 1.91137e-21 1.13677e-16 1.55433e-12 4.88604e-09 3.53116e-06 0.000586697 0.0224114 0.196818 0.397379 0.184772 0.0281866 0.0524056 0.0730353 0.0256678 0.00923356 0.00637116 0.00212101 0.000773268 0.000198195 3.35429e-05 3.25438e-06 1.65061e-07
 2.14896e-27 2.18231e-27 7.62465e-27 1.86239e-21 1.10763e-16 1.51449e-12 4.76082e-09 3.44066e-06 0.000571661 0.021837 0.191774 0.387195 0.180082 0.0286756 0.0584606 0.0815741 0.0287397 0.0105608 0.00726426 0.00225818 0.000763613 0.000199257 3.62284e-05 3.77368e-06 1.87433e-07
 2.14788e-27 2.17966e-27 7.34553e-27 1.76771e-21 1.05133e-16 1.4375e-12 4.5188e-09 3.26575e-06 0.0005426 0.0207269 0.182025 0.367512 0.171012 0.0294535 0.0691419 0.096661 0.0344862 0.0140536 0.0099147 0.0031147 0.0010467 0.000255941 4.45793e-05 4.83207e-06 2.55604e-07
 2.14761e-27 2.17901e-27 7.28074e-27 1.74575e-21 1.03827e-16 1.41964e-12 4.46266e-09 3.22518e-06 0.000535859 0.0204694 0.179764 0.362947 0.168899 0.0293851 0.0700999 0.0980568 0.0355915 0.0164315 0.0119726 0.00398776 0.00143593 0.000354891 5.99287e-05 6.18474e-06 3.27759e-07
 2.1481e-27 2.18023e-27 7.41081e-27 1.78988e-21 1.06451e-16 1.45553e-12 4.57546e-09 3.3067e-06 0.000549404 0.0209868 0.184308 0.37212 0.173121 0.0288766 0.0642306 0.0897882 0.032724 0.0155331 0.0114883 0.00412668 0.00162877 0.000430807 7.66652e-05 7.86518e-06 4.02131e-07
 2.14829e-27 2.18068e-27 7.4558e-27 1.80513e-21 1.07358e-16 1.46793e-12 4.61445e-09 3.33488e-06 0.000554085 0.0211657 0.185878 0.375291 0.174588 0.0289153 0.0635112 0.0887403 0.031894 0.0137526 0.0100097 0.00366403 0.00150538 0.000432777 8.46837e-05 9.26723e-06 4.83884e-07
 2.14843e-27 2.18104e-27 7.49358e-27 1.81794e-21 1.0812e-16 1.47835e-12 4.64721e-09 3.35855e-06 0.000558018 0.0213159 0.187197 0.377955 0.175816 0.0288168 0.0621071 0.0867599 0.0311828 0.0134412 0.00970491 0.0033528 0.00131184 0.000386374 8.08906e-05 9.70672e-06 5.46616e-07
 2.14833e-27 2.18078e-27 7.46665e-27 1.8088e-21 1.07577e-16 1.47092e-12 4.62385e-09 3.34167e-06 0.000555213 0.0212088 0.186257 0.376055 0.174941 0.0289111 0.0632553 0.0883785 0.0317563 0.0136627 0.00986078 0.00340032 0.0013052 0.000364571 7.4857e-05 9.43134e-06 5.74634e-07
 2.1484e-27 2.18094e-27 7.48341e-27 1.81449e-21 1.07915e-16 1.47554e-12 4.63839e-09 3.35217e-06 0.000556959 0.0212754 0.186842 0.377238 0.175486 0.0288647 0.062616 0.0874757 0.031415 0.0134626 0.0097071 0.00334347 0.00128086 0.000354038 7.01189e-05 8.56921e-06 5.3358e-07
 2.14852e-27 2.18125e-27 7.51583e-27 1.82549e-21 1.08569e-16 1.48449e-12 4.6665e-09 3.37249e-06 0.000560334 0.0214044 0.187974 0.379524 0.176539 0.028758 0.0612757 0.0855858 0.0307412 0.0131888 0.009509 0.00326752 0.00124833 0.000344292 6.75999e-05 8.05088e-06 4.87486e-07
 2.14853e-27 2.18128e-27 7.51814e-27 1.82627e-21 1.08615e-16 1.48512e-12 4.6685e-09 3.37394e-06 0.000560575 0.0214136 0.188055 0.379687 0.176615 0.0287832 0.0613806 0.0857282 0.030716 0.0129382 0.00929387 0.00319525 0.00122062 0.000335821 6.57033e-05 7.76272e-06 4.61143e-07
 2.14823e-27 2.18054e-27 7.44042e-27 1.79991e-21 1.07047e-16 1.46368e-12 4.60111e-09 3.32523e-06 0.000552483 0.0211045 0.18534 0.374206 0.17409 0.0290272 0.0645218 0.0901602 0.03234 0.0137346 0.00986884 0.00335672 0.0012684 0.000348585 6.81089e-05 8.01754e-06 4.72819e-07
 2.14831e-27 2.18075e-27 7.46327e-27 1.80766e-21 1.07509e-16 1.46999e-12 4.62093e-09 3.33956e-06 0.000554863 0.0211954 0.186139 0.375818 0.17483 0.0288699 0.0630754 0.0881345 0.0318015 0.0140986 0.0102248 0.0034943 0.00132245 0.000359818 6.97159e-05 8.18653e-06 4.81286e-07
 2.14778e-27 2.17944e-27 7.32574e-27 1.76101e-21 1.04734e-16 1.43205e-12 4.50168e-09 3.25338e-06 0.000540544 0.0206484 0.181335 0.36612 0.170361 0.0292666 0.0684206 0.0956792 0.034602 0.0155875 0.0113782 0.00398967 0.0015512 0.0004246 8.20015e-05 9.54437e-06 5.58112e-07
 2.14737e-27 2.17843e-27 7.22066e-27 1.72538e-21 1.02615e-16 1.40307e-12 4.41058e-09 3.18754e-06 0.000529605 0.0202306 0.177666 0.358711 0.166944 0.0294771 0.0719382 0.100661 0.0366776 0.0173791 0.0128232 0.00454417 0.00179814 0.000505602 9.97675e-05 1.16441e-05 6.76942e-07
 2.14763e-27 2.17908e-27 7.29074e-27 1.74915e-21 1.04029e-16 1.42241e-12 4.47136e-09 3.23147e-06 0.000536903 0.0205093 0.180114 0.363654 0.169217 0.0291504 0.0684539 0.0957614 0.035101 0.0172836 0.0128951 0.00471573 0.0019274 0.000551387 0.000111532 1.33413e-05 7.8402e-07
#obs surv len freq
 1.23288e-39 6.03409e-33 6.78966e-27 1.75642e-21 1.04461e-16 1.42831e-12 4.48992e-09 3.24487e-06 0.00053914 0.0205945 0.18086 0.365163 0.169921 0.0293239 0.0690591 0.0965774 0.0348941 0.0156163 0.0113745 0.00396604 0.00155366 0.000447522 9.37202e-05 1.21094e-05 8.03264e-07
 1.31424e-39 6.43228e-33 7.2377e-27 1.87233e-21 1.11354e-16 1.52257e-12 4.78621e-09 3.459e-06 0.000574718 0.0219535 0.192795 0.389259 0.18102 0.0282353 0.0551511 0.0769612 0.0278075 0.0124474 0.00905463 0.00312318 0.00120061 0.000335753 6.81601e-05 8.55607e-06 5.48878e-07
 1.16157e-39 5.68508e-33 6.39695e-27 1.65483e-21 9.84189e-17 1.3457e-12 4.23022e-09 3.05719e-06 0.000507957 0.0194033 0.1704 0.344043 0.160212 0.030796 0.0844114 0.118144 0.0415078 0.0148915 0.0103116 0.00355093 0.00135993 0.000374701 7.39768e-05 8.97875e-06 5.58052e-07
 1.34711e-39 6.59318e-33 7.41875e-27 1.91916e-21 1.1414e-16 1.56065e-12 4.90593e-09 3.54552e-06 0.000589094 0.0225026 0.197618 0.398995 0.185495 0.0275317 0.0479214 0.066817 0.0248692 0.0133913 0.00990841 0.00302287 0.00100418 0.000271002 5.28927e-05 6.26572e-06 3.77212e-07
 1.3914e-39 6.80993e-33 7.66265e-27 1.98225e-21 1.17892e-16 1.61196e-12 5.06721e-09 3.66209e-06 0.000608461 0.0232424 0.204115 0.412112 0.19156 0.0275591 0.0441353 0.0613587 0.021278 0.00674405 0.00458636 0.00176304 0.000721523 0.000177248 3.09385e-05 3.5531e-06 2.0944e-07
 1.26751e-39 6.20357e-33 6.98036e-27 1.80575e-21 1.07395e-16 1.46843e-12 4.61603e-09 3.33601e-06 0.000554283 0.0211729 0.18594 0.375419 0.174673 0.0296068 0.0676948 0.0945316 0.0325196 0.00943067 0.00600261 0.00171824 0.000541229 0.000157648 3.06581e-05 3.24477e-06 1.78646e-07
 1.2747e-39 6.23878e-33 7.01997e-27 1.816e-21 1.08004e-16 1.47676e-12 4.64222e-09 3.35494e-06 0.000557429 0.0212931 0.186996 0.377549 0.175634 0.0289544 0.0630707 0.0881125 0.0316037 0.0133965 0.00938692 0.0025686 0.000692205 0.000152711 2.632e-05 3.07943e-06 1.70849e-07
 1.41506e-39 6.92575e-33 7.79296e-27 2.01597e-21 1.19897e-16 1.63938e-12 5.15339e-09 3.72437e-06 0.000618809 0.0236377 0.207586 0.41912 0.19478 0.0270076 0.0386563 0.0536763 0.0191245 0.00771694 0.00547174 0.00181701 0.000629674 0.000133338 1.83682e-05 1.75212e-06 9.55719e-08
 1.42021e-39 6.95094e-33 7.82131e-27 2.0233e-21 1.20333e-16 1.64534e-12 5.17213e-09 3.73791e-06 0.00062106 0.0237237 0.208341 0.420645 0.195496 0.0273048 0.0400115 0.0555237 0.0189242 0.00491543 0.00305024 0.000985505 0.000349323 8.91303e-05 1.43973e-05 1.2372e-06 5.50243e-08
 1.34409e-39 6.57837e-33 7.40209e-27 1.91485e-21 1.13883e-16 1.55715e-12 4.89491e-09 3.53756e-06 0.000587771 0.0224521 0.197174 0.398099 0.185118 0.0285125 0.0541789 0.0754798 0.0257912 0.00690518 0.00423363 0.00110195 0.000280823 6.79739e-05 1.1982e-05 1.20439e-06 5.49702e-08
 1.32327e-39 6.47648e-33 7.28744e-27 1.88519e-21 1.12119e-16 1.53303e-12 4.81909e-09 3.48277e-06 0.000578667 0.0221043 0.19412 0.391933 0.18227 0.028579 0.0564435 0.0787141 0.0275092 0.00938642 0.00622459 0.0016392 0.000404365 7.79904e-05 1.06328e-05 1.05408e-06 5.34853e-08
 1.35771e-39 6.64506e-33 7.47713e-27 1.93426e-21 1.15038e-16 1.57294e-12 4.94454e-09 3.57343e-06 0.00059373 0.0226797 0.199173 0.402135 0.186964 0.0279913 0.0497808 0.0693344 0.0243511 0.00870195 0.00591163 0.00174456 0.000518669 0.00010256 1.24995e-05 9.76286e-07 4.33598e-08
 1.33158e-39 6.51717e-33 7.33322e-27 1.89703e-21 1.12824e-16 1.54266e-12 4.84937e-09 3.50465e-06 0.000582302 0.0222432 0.19534 0.394396 0.183405 0.0284944 0.0551849 0.076929 0.0267224 0.00859973 0.00569271 0.00172253 0.00054476 0.000121834 1.70931e-05 1.31099e-06 4.93095e-08
 1.28906e-39 6.30905e-33 7.09904e-27 1.83646e-21 1.09221e-16 1.4934e-12 4.69451e-09 3.39273e-06 0.000563707 0.0215329 0.189102 0.381801 0.177603 0.0290336 0.0622723 0.0869344 0.0304647 0.010666 0.00718464 0.00206437 0.000610378 0.000140073 2.15329e-05 1.87382e-06 7.50505e-08
 1.16892e-39 5.72104e-33 6.4374e-27 1.6653e-21 9.90413e-17 1.35421e-12 4.25698e-09 3.07653e-06 0.000511169 0.019526 0.171477 0.346219 0.16121 0.03057 0.0823761 0.115305 0.0409395 0.0160502 0.0111666 0.00334551 0.00103584 0.000228002 3.38285e-05 3.09718e-06 1.37162e-07
 1.26003e-39 6.16698e-33 6.93919e-27 1.7951e-21 1.06761e-16 1.45977e-12 4.5888e-09 3.31633e-06 0.000551014 0.021048 0.184844 0.373204 0.173614 0.0286679 0.0626309 0.0875697 0.0324484 0.0170382 0.0126272 0.00402639 0.00136073 0.00031436 4.75131e-05 4.23055e-06 1.89056e-07
 1.23222e-39 6.03085e-33 6.78601e-27 1.75548e-21 1.04405e-16 1.42755e-12 4.4875e-09 3.24313e-06 0.00053885 0.0205834 0.180763 0.364966 0.169838 0.0295177 0.0703011 0.0982926 0.03501 0.0141042 0.0101763 0.00385871 0.00157735 0.000397511 6.52625e-05 6.05225e-06 2.70569e-07
 1.27415e-39 6.2361e-33 7.01696e-27 1.81522e-21 1.07958e-16 1.47613e-12 4.64023e-09 3.3535e-06 0.000557189 0.0212839 0.186915 0.377387 0.175553 0.0287861 0.0620915 0.0867517 0.0313705 0.0141146 0.0101984 0.0033184 0.0012283 0.000362725 7.0853e-05 7.26113e-06 3.45185e-07
 1.24568e-39 6.09672e-33 6.86013e-27 1.77465e-21 1.05545e-16 1.44314e-12 4.53652e-09 3.27855e-06 0.000544736 0.0208082 0.182738 0.368953 0.171676 0.0293838 0.0682826 0.0954436 0.0339637 0.0135715 0.00964559 0.00332824 0.00125591 0.000330154 6.45275e-05 7.70828e-06 4.17733e-07
 1.25275e-39 6.13136e-33 6.89911e-27 1.78473e-21 1.06145e-16 1.45134e-12 4.5623e-09 3.29718e-06 0.000547831 0.0209265 0.183776 0.371049 0.172635 0.0291214 0.0660491 0.0923265 0.0332912 0.0146811 0.0105608 0.0034131 0.00121891 0.000330131 6.26143e-05 7.19771e-06 4.21886e-07
 1.26916e-39 6.21165e-33 6.98944e-27 1.8081e-21 1.07535e-16 1.47034e-12 4.62203e-09 3.34035e-06 0.000555004 0.0212005 0.186182 0.375907 0.174874 0.0289271 0.0633986 0.0885802 0.0318251 0.0136801 0.00986047 0.00336525 0.00125251 0.000322361 5.92441e-05 6.75031e-06 3.86637e-07
 1.263e-39 6.18149e-33 6.95552e-27 1.79933e-21 1.07013e-16 1.4632e-12 4.5996e-09 3.32414e-06 0.00055231 0.0210975 0.185279 0.374083 0.174037 0.0291027 0.0650205 0.0908524 0.0324375 0.0133005 0.00947387 0.00318848 0.00118755 0.000319395 5.92226e-05 6.50732e-06 3.64688e-07
 1.26115e-39 6.17243e-33 6.94532e-27 1.79669e-21 1.06856e-16 1.46106e-12 4.59285e-09 3.31927e-06 0.000551501 0.0210666 0.185007 0.373534 0.173782 0.0290837 0.0650696 0.090931 0.0325956 0.0137739 0.00984068 0.00322429 0.00116178 0.000309283 5.83406e-05 6.55365e-06 3.62322e-07
 1.25846e-39 6.15926e-33 6.9305e-27 1.79286e-21 1.06628e-16 1.45794e-12 4.58306e-09 3.31218e-06 0.000550324 0.0210217 0.184612 0.372737 0.173415 0.0291011 0.0654158 0.0914217 0.0328045 0.0139678 0.0100167 0.00333718 0.00121547 0.000315273 5.79205e-05 6.52053e-06 3.66345e-07
 1.26214e-39 6.1773e-33 6.9508e-27 1.79811e-21 1.0694e-16 1.46221e-12 4.59648e-09 3.32188e-06 0.000551936 0.0210832 0.185153 0.373829 0.173916 0.0290271 0.0646356 0.0903251 0.0324593 0.0139731 0.0100489 0.00336479 0.00123772 0.000325443 5.9565e-05 6.54823e-06 3.6428e-07
 1.19443e-39 5.84592e-33 6.57792e-27 1.70165e-21 1.01203e-16 1.38377e-12 4.3499e-09 3.14368e-06 0.000522327 0.0199522 0.17522 0.353776 0.164681 0.0299733 0.0764553 0.10699 0.0383969 0.0163693 0.0117583 0.00396262 0.00146988 0.000389524 7.21498e-05 7.9606e-06 4.37049e-07
 1.20437e-39 5.89455e-33 6.63264e-27 1.7158e-21 1.02045e-16 1.39528e-12 4.38608e-09 3.16983e-06 0.000526672 0.0201182 0.176678 0.356718 0.166022 0.0294577 0.0724208 0.101366 0.0372692 0.0186889 0.0138281 0.00463735 0.00171309 0.000456908 8.54727e-05 9.52941e-06 5.26368e-07
 1.23023e-39 6.0211e-33 6.77504e-27 1.75264e-21 1.04236e-16 1.42524e-12 4.48025e-09 3.23789e-06 0.000537979 0.0205501 0.180471 0.364376 0.169551 0.0291507 0.0682388 0.095452 0.0349076 0.0169446 0.0126337 0.00467202 0.00189524 0.000508882 9.52551e-05 1.07086e-05 5.97425e-07
#pred catch len freq
 2.14653e-27 2.17493e-27 6.77778e-27 1.57501e-21 9.36717e-17 1.28079e-12 4.02619e-09 2.90974e-06 0.000483449 0.0184674 0.162182 0.327448 0.152379 0.0265125 0.063256 0.0887186 0.0357587 0.0278072 0.024646 0.0166255 0.0140223 0.0121949 0.0126758 0.0118362 0.00498296
 2.14871e-27 2.18147e-27 7.52682e-27 1.8292e-21 1.08789e-16 1.4875e-12 4.67598e-09 3.37935e-06 0.000561473 0.0214479 0.188356 0.380295 0.17686 0.0278116 0.0552641 0.0771628 0.0282966 0.0140286 0.011136 0.00599027 0.00417357 0.00296567 0.002563 0.00217755 0.000906384
 2.14791e-27 2.17967e-27 7.34419e-27 1.76725e-21 1.05105e-16 1.43713e-12 4.51762e-09 3.2649e-06 0.000542458 0.0207215 0.181978 0.367416 0.170964 0.0293688 0.0686531 0.0959599 0.0340351 0.0132526 0.0094767 0.00362971 0.00181613 0.000957559 0.00061664 0.000436404 0.000172137
 2.14808e-27 2.18016e-27 7.40124e-27 1.78662e-21 1.06257e-16 1.45288e-12 4.56715e-09 3.30069e-06 0.000548405 0.0209487 0.183972 0.371444 0.172812 0.0289855 0.0650997 0.0910044 0.0330389 0.0152729 0.0110989 0.00363019 0.0013634 0.000465688 0.000185889 9.35339e-05 3.24841e-05
 2.1496e-27 2.1839e-27 7.79659e-27 1.92073e-21 1.14233e-16 1.56193e-12 4.90996e-09 3.54844e-06 0.000589569 0.0225211 0.197782 0.399324 0.185657 0.027794 0.0494226 0.0688765 0.0248151 0.0108893 0.00793899 0.00286034 0.00112785 0.000304121 7.07301e-05 1.91905e-05 4.96252e-06
 2.14869e-27 2.18165e-27 7.55437e-27 1.83855e-21 1.09345e-16 1.4951e-12 4.69988e-09 3.39662e-06 0.000564343 0.0215575 0.189319 0.382239 0.177801 0.028942 0.0615806 0.0859618 0.030141 0.0106217 0.00733478 0.00256445 0.0010112 0.000290193 5.85763e-05 8.54531e-06 1.18115e-06
 2.14804e-27 2.18005e-27 7.38739e-27 1.78191e-21 1.05977e-16 1.44905e-12 4.55511e-09 3.29199e-06 0.000546959 0.0208935 0.183487 0.370465 0.17237 0.0292624 0.067085 0.09377 0.0335807 0.0140806 0.0099711 0.00307964 0.00104698 0.000290651 5.91894e-05 7.41481e-06 5.61032e-07
 2.14931e-27 2.18318e-27 7.72062e-27 1.89496e-21 1.12701e-16 1.54098e-12 4.84409e-09 3.50084e-06 0.000581659 0.022219 0.195128 0.393967 0.183189 0.028045 0.0525699 0.073318 0.0264595 0.0117438 0.00851396 0.00288963 0.00105733 0.000261472 4.72703e-05 5.67418e-06 3.59483e-07
 2.15018e-27 2.18531e-27 7.94285e-27 1.97033e-21 1.17183e-16 1.60227e-12 5.03676e-09 3.64008e-06 0.000604794 0.0231027 0.202889 0.409636 0.190415 0.0275494 0.0448216 0.0623501 0.021959 0.00805246 0.00562218 0.00197637 0.000769307 0.000206581 3.73889e-05 4.01784e-06 2.3135e-07
 2.14926e-27 2.18303e-27 7.69889e-27 1.88756e-21 1.12261e-16 1.53496e-12 4.82518e-09 3.48717e-06 0.000579388 0.0221322 0.194366 0.392429 0.182498 0.0285735 0.0562594 0.0784444 0.0272674 0.00883703 0.00588691 0.00185493 0.000648642 0.000179932 3.5077e-05 3.90711e-06 2.12217e-07
 2.14866e-27 2.18158e-27 7.54795e-27 1.83637e-21 1.09216e-16 1.49334e-12 4.69432e-09 3.3926e-06 0.000563676 0.021532 0.189095 0.381787 0.177588 0.0288426 0.0611103 0.0853284 0.0303322 0.0120054 0.00835416 0.00246402 0.000765202 0.000189049 3.47111e-05 4.04021e-06 2.29406e-07
 2.14937e-27 2.18333e-27 7.73428e-27 1.89958e-21 1.12976e-16 1.54474e-12 4.85591e-09 3.50938e-06 0.000583078 0.0222732 0.195604 0.394928 0.183638 0.028151 0.0529272 0.0737978 0.0263086 0.0106602 0.00755182 0.00247599 0.000862677 0.000199879 3.20928e-05 3.40494e-06 1.92245e-07
 2.14944e-27 2.18349e-27 7.74965e-27 1.90479e-21 1.13285e-16 1.54897e-12 4.86922e-09 3.519e-06 0.000584676 0.0223342 0.19614 0.39601 0.184142 0.0282605 0.0532697 0.074252 0.0260802 0.00933299 0.00643111 0.00214062 0.000780307 0.000199994 3.38473e-05 3.28391e-06 1.66559e-07
 2.14888e-27 2.1821e-27 7.60222e-27 1.85478e-21 1.10311e-16 1.5083e-12 4.74137e-09 3.4266e-06 0.000569325 0.0217478 0.190991 0.385613 0.179354 0.0287608 0.0594572 0.0829775 0.0292166 0.0106799 0.00733655 0.00228031 0.000770979 0.000201174 3.65767e-05 3.80995e-06 1.89234e-07
 2.14785e-27 2.17959e-27 7.33801e-27 1.76516e-21 1.04981e-16 1.43543e-12 4.51228e-09 3.26104e-06 0.000541817 0.020697 0.181762 0.366982 0.170768 0.0294887 0.0695166 0.0971875 0.0346505 0.0140458 0.0098976 0.00310886 0.00104458 0.000255417 4.44878e-05 4.82214e-06 2.55079e-07
 2.14757e-27 2.17891e-27 7.26993e-27 1.74208e-21 1.03608e-16 1.41666e-12 4.45329e-09 3.2184e-06 0.000534733 0.0204264 0.179386 0.362184 0.168548 0.0294314 0.0706128 0.0987782 0.035825 0.016451 0.0119746 0.00398782 0.00143575 0.000354838 5.99194e-05 6.18378e-06 3.27708e-07
 2.14808e-27 2.18018e-27 7.40568e-27 1.78814e-21 1.06347e-16 1.45411e-12 4.57102e-09 3.30349e-06 0.000548869 0.0209664 0.184128 0.371758 0.172954 0.0289041 0.0645078 0.0901772 0.0328389 0.0155044 0.0114557 0.00411431 0.00162368 0.00042945 7.64233e-05 7.84035e-06 4.00862e-07
 2.14824e-27 2.18057e-27 7.4445e-27 1.80129e-21 1.0713e-16 1.46481e-12 4.60465e-09 3.3278e-06 0.000552908 0.0211207 0.185483 0.374494 0.174221 0.0289621 0.0640376 0.0894811 0.0321368 0.0137837 0.0100212 0.00366762 0.00150666 0.000433137 8.47537e-05 9.27488e-06 4.84284e-07
 2.14836e-27 2.18085e-27 7.474e-27 1.8113e-21 1.07725e-16 1.47295e-12 4.63023e-09 3.34628e-06 0.000555979 0.021238 0.186514 0.376574 0.17518 0.0288904 0.0629727 0.0879789 0.0315979 0.0135477 0.00977104 0.00337511 0.00132038 0.000388883 8.14154e-05 9.76968e-06 5.50162e-07
 2.14829e-27 2.18068e-27 7.45592e-27 1.80516e-21 1.0736e-16 1.46796e-12 4.61454e-09 3.33494e-06 0.000554096 0.0211661 0.185882 0.375299 0.174593 0.0289561 0.0637582 0.0890859 0.0319873 0.0136889 0.00986879 0.00340254 0.00130587 0.00036475 7.48935e-05 9.43592e-06 5.74914e-07
 2.14834e-27 2.1808e-27 7.46813e-27 1.80931e-21 1.07606e-16 1.47133e-12 4.62513e-09 3.3426e-06 0.000555367 0.0212147 0.186308 0.37616 0.17499 0.0289245 0.0633058 0.0884468 0.0317408 0.0135299 0.00974482 0.00335592 0.00128545 0.0003553 7.03685e-05 8.59971e-06 5.35479e-07
 2.14846e-27 2.1811e-27 7.49983e-27 1.82006e-21 1.08246e-16 1.48007e-12 4.65262e-09 3.36246e-06 0.000558668 0.0213407 0.187416 0.378395 0.17602 0.0288199 0.0619937 0.0865968 0.0310818 0.0132641 0.00955267 0.00328201 0.00125369 0.000345763 6.78883e-05 8.08522e-06 4.89566e-07
 2.14846e-27 2.1811e-27 7.49904e-27 1.81979e-21 1.0823e-16 1.47985e-12 4.65193e-09 3.36197e-06 0.000558586 0.0213376 0.187388 0.378339 0.175995 0.0288555 0.0622279 0.0869213 0.0311214 0.0130394 0.00935597 0.00321609 0.00122841 0.000337957 6.61209e-05 7.81204e-06 4.64074e-07
 2.14817e-27 2.18038e-27 7.42291e-27 1.79397e-21 1.06694e-16 1.45885e-12 4.58592e-09 3.31426e-06 0.000550659 0.0210348 0.184729 0.372971 0.173522 0.0290947 0.0653059 0.0912642 0.0327126 0.0138191 0.0099184 0.00337304 0.00127439 0.000350223 6.84288e-05 8.05518e-06 4.75038e-07
 2.14819e-27 2.18043e-27 7.42993e-27 1.79635e-21 1.06836e-16 1.46079e-12 4.59202e-09 3.31867e-06 0.000551392 0.0210628 0.184974 0.373467 0.173747 0.0289878 0.0645037 0.090147 0.0325032 0.014333 0.0103837 0.00354803 0.00134259 0.000365292 7.07761e-05 8.31102e-06 4.88605e-07
 2.1477e-27 2.17924e-27 7.30473e-27 1.75389e-21 1.0431e-16 1.42626e-12 4.48346e-09 3.24021e-06 0.000538356 0.0205648 0.180601 0.364638 0.169679 0.0293454 0.0693478 0.0969849 0.0350473 0.0157039 0.0114512 0.00401461 0.00156068 0.000427187 8.25008e-05 9.60248e-06 5.61509e-07
 2.14731e-27 2.17829e-27 7.20585e-27 1.72035e-21 1.02316e-16 1.39899e-12 4.39774e-09 3.17826e-06 0.000528063 0.0201716 0.177148 0.357666 0.166463 0.0295363 0.0726144 0.101613 0.0369942 0.0174356 0.012852 0.00455366 0.00180165 0.00050658 9.996e-05 1.16666e-05 6.78247e-07
 2.14761e-27 2.17904e-27 7.2861e-27 1.74758e-21 1.03935e-16 1.42113e-12 4.46733e-09 3.22856e-06 0.00053642 0.0204909 0.179952 0.363326 0.169066 0.0291775 0.0687183 0.0961321 0.0352068 0.0172431 0.0128526 0.00469942 0.00192049 0.000549397 0.000111129 1.32931e-05 7.81187e-07
#obs catch len freq
 1.22572e-39 5.99905e-33 6.75022e-27 1.74622e-21 1.03854e-16 1.42002e-12 4.46384e-09 3.22603e-06 0.000536009 0.0204748 0.17981 0.363042 0.168944 0.0294045 0.0701903 0.0981737 0.0354767 0.0158986 0.0116199 0.00414917 0.00166851 0.000488704 0.000105181 1.407e-05 9.63844e-07
 1.22324e-39 5.98692e-33 6.73658e-27 1.74269e-21 1.03644e-16 1.41715e-12 4.45482e-09 3.21951e-06 0.000534925 0.0204335 0.179447 0.362308 0.168608 0.0294877 0.0709192 0.0991954 0.035764 0.0157675 0.0114465 0.00397908 0.00155366 0.000446841 9.34657e-05 1.20679e-05 8.00153e-07
 1.3067e-39 6.39537e-33 7.19618e-27 1.86158e-21 1.10715e-16 1.51383e-12 4.75874e-09 3.43916e-06 0.00057142 0.0218275 0.191689 0.387025 0.179993 0.0283641 0.0566105 0.0790151 0.0284886 0.0125613 0.00910699 0.00313183 0.00119997 0.000335065 6.79378e-05 8.52207e-06 5.46449e-07
 1.15176e-39 5.63708e-33 6.34294e-27 1.64086e-21 9.7588e-17 1.33434e-12 4.19451e-09 3.03138e-06 0.000503668 0.0192395 0.168961 0.341138 0.158876 0.0309708 0.0863535 0.120876 0.0423982 0.0149876 0.0103349 0.00354819 0.00135441 0.00037262 7.3477e-05 8.91166e-06 5.53628e-07
 1.34073e-39 6.56196e-33 7.38363e-27 1.91008e-21 1.13599e-16 1.55326e-12 4.8827e-09 3.52874e-06 0.000586305 0.0223961 0.196683 0.397106 0.184626 0.0276398 0.0491511 0.0685478 0.0254452 0.0134946 0.0099581 0.00303016 0.00100291 0.000270222 5.26768e-05 6.23569e-06 3.75231e-07
 1.38589e-39 6.78299e-33 7.63233e-27 1.97441e-21 1.17426e-16 1.60558e-12 5.04717e-09 3.6476e-06 0.000606054 0.0231505 0.203307 0.410482 0.19081 0.0276564 0.0452208 0.0628857 0.021777 0.00680223 0.00460346 0.00176371 0.000719715 0.00017657 3.07791e-05 3.53207e-06 2.08105e-07
 1.25981e-39 6.16591e-33 6.93798e-27 1.79479e-21 1.06743e-16 1.45952e-12 4.588e-09 3.31576e-06 0.000550918 0.0210444 0.184812 0.37314 0.173625 0.0297447 0.0692235 0.0966819 0.0332177 0.00949663 0.00601406 0.00171728 0.000538796 0.00015667 3.04361e-05 3.21906e-06 1.77141e-07
 1.26677e-39 6.19995e-33 6.97628e-27 1.8047e-21 1.07332e-16 1.46757e-12 4.61333e-09 3.33406e-06 0.000553959 0.0211605 0.185832 0.375199 0.174553 0.0290926 0.0646224 0.0902958 0.0323216 0.0134957 0.00942464 0.00257327 0.000690801 0.000152149 2.61852e-05 3.06139e-06 1.69778e-07
 1.41063e-39 6.90406e-33 7.76856e-27 2.00965e-21 1.19522e-16 1.63424e-12 5.13725e-09 3.7127e-06 0.000616871 0.0235637 0.206936 0.417808 0.194176 0.0270866 0.0395342 0.0549113 0.019527 0.0077602 0.00548187 0.0018151 0.000626973 0.000132597 1.82414e-05 1.73847e-06 9.47761e-08
 1.41491e-39 6.92501e-33 7.79214e-27 2.01575e-21 1.19884e-16 1.6392e-12 5.15284e-09 3.72397e-06 0.000618743 0.0236352 0.207564 0.419076 0.194774 0.0273983 0.0410548 0.0569914 0.0194037 0.00497099 0.00306705 0.000988066 0.000349024 8.89243e-05 1.43481e-05 1.23213e-06 5.47679e-08
 1.33835e-39 6.55029e-33 7.37049e-27 1.90668e-21 1.13397e-16 1.5505e-12 4.87401e-09 3.52246e-06 0.000585262 0.0223562 0.196333 0.3964 0.184336 0.0286163 0.0553249 0.0770916 0.0263121 0.00694618 0.00423548 0.00110013 0.000279216 6.74618e-05 1.1877e-05 1.19304e-06 5.4429e-08
 1.31698e-39 6.44568e-33 7.25278e-27 1.87623e-21 1.11586e-16 1.52574e-12 4.79618e-09 3.46621e-06 0.000575915 0.0219992 0.193197 0.39007 0.181412 0.0286918 0.0576938 0.0804728 0.0280802 0.00944005 0.0062336 0.00163817 0.000402545 7.75177e-05 1.05528e-05 1.04523e-06 5.30119e-08
 1.35159e-39 6.6151e-33 7.44342e-27 1.92554e-21 1.14519e-16 1.56584e-12 4.92224e-09 3.55731e-06 0.000591053 0.0225774 0.198275 0.400322 0.18613 0.0280992 0.0509859 0.0710297 0.0249057 0.00876862 0.0059325 0.00174633 0.000517348 0.000102163 1.24347e-05 9.7038e-07 4.30716e-08
 1.32533e-39 6.48658e-33 7.2988e-27 1.88813e-21 1.12294e-16 1.53542e-12 4.82661e-09 3.4882e-06 0.000579569 0.0221388 0.194423 0.392544 0.182553 0.0286064 0.0564264 0.0786753 0.0272897 0.00865434 0.00570249 0.00172096 0.000542321 0.000121115 1.69719e-05 1.30078e-06 4.88988e-08
 1.28221e-39 6.27553e-33 7.06132e-27 1.8267e-21 1.08641e-16 1.48546e-12 4.66957e-09 3.3747e-06 0.000560712 0.0214185 0.188097 0.379773 0.176669 0.0291568 0.0636357 0.088852 0.0310867 0.0107228 0.0071927 0.00206167 0.0006073 0.00013915 2.13646e-05 1.85788e-06 7.43783e-08
 1.15954e-39 5.67516e-33 6.38578e-27 1.65194e-21 9.82471e-17 1.34335e-12 4.22284e-09 3.05185e-06 0.00050707 0.0193694 0.170102 0.343442 0.159932 0.0307371 0.084233 0.117918 0.0417903 0.0161399 0.0111873 0.00334317 0.00103142 0.0002267 3.35913e-05 3.07313e-06 1.36034e-07
 1.25276e-39 6.13138e-33 6.89913e-27 1.78474e-21 1.06145e-16 1.45134e-12 4.56231e-09 3.29719e-06 0.000547833 0.0209265 0.183777 0.37105 0.172623 0.0287963 0.064064 0.089586 0.033109 0.0171212 0.0126531 0.00402361 0.00135514 0.000312627 4.71926e-05 4.19888e-06 1.87546e-07
 1.22337e-39 5.98753e-33 6.73726e-27 1.74287e-21 1.03655e-16 1.41729e-12 4.45527e-09 3.21983e-06 0.00053498 0.0204355 0.179465 0.362345 0.168631 0.0296725 0.0720363 0.100734 0.0358121 0.0142126 0.0102156 0.00386099 0.00157363 0.000396047 6.49449e-05 6.01861e-06 2.68937e-07
 1.26619e-39 6.19711e-33 6.97309e-27 1.80387e-21 1.07283e-16 1.4669e-12 4.61122e-09 3.33254e-06 0.000553705 0.0211508 0.185747 0.375027 0.174467 0.028924 0.063645 0.0889376 0.0320916 0.0142222 0.0102424 0.00332331 0.00122576 0.00036141 7.05217e-05 7.22261e-06 3.43202e-07
 1.23594e-39 6.04907e-33 6.80651e-27 1.76078e-21 1.0472e-16 1.43186e-12 4.50106e-09 3.25293e-06 0.000540479 0.0206456 0.18131 0.366069 0.170349 0.0295499 0.0701656 0.0980937 0.0348422 0.0137177 0.00971334 0.00334156 0.00125686 0.000329916 6.43984e-05 7.68767e-06 4.16454e-07
 1.24289e-39 6.0831e-33 6.84481e-27 1.77069e-21 1.05309e-16 1.43992e-12 4.52639e-09 3.27123e-06 0.000543519 0.0207617 0.18233 0.368128 0.171291 0.0292869 0.0679392 0.0949869 0.0341794 0.01485 0.0106471 0.00343139 0.0012212 0.000330244 6.25612e-05 7.18637e-06 4.2103e-07
 1.26029e-39 6.16827e-33 6.94063e-27 1.79548e-21 1.06784e-16 1.46007e-12 4.58975e-09 3.31703e-06 0.000551129 0.0210524 0.184882 0.373282 0.173666 0.0290781 0.0651118 0.0909913 0.0326252 0.0138155 0.00992373 0.00337682 0.00125272 0.000321945 5.90929e-05 6.72821e-06 3.85194e-07
 1.25315e-39 6.13332e-33 6.90131e-27 1.7853e-21 1.06179e-16 1.4518e-12 4.56375e-09 3.29823e-06 0.000548006 0.0209331 0.183835 0.371167 0.172695 0.0292685 0.0669111 0.0935134 0.0333242 0.0134634 0.00955559 0.00320658 0.00119031 0.000319663 5.92024e-05 6.50044e-06 3.6413e-07
 1.25067e-39 6.12116e-33 6.88763e-27 1.78177e-21 1.05968e-16 1.44892e-12 4.55471e-09 3.2917e-06 0.00054692 0.0208916 0.18347 0.370432 0.172355 0.0292576 0.0670665 0.093742 0.0335376 0.0139646 0.00994267 0.00324849 0.00116652 0.000310076 5.84195e-05 6.55792e-06 3.62395e-07
 1.24736e-39 6.10495e-33 6.86939e-27 1.77705e-21 1.05688e-16 1.44509e-12 4.54264e-09 3.28298e-06 0.000545471 0.0208363 0.182984 0.369451 0.171902 0.0292835 0.0675199 0.094384 0.033801 0.0141825 0.0101362 0.00336728 0.00122236 0.000316592 5.80909e-05 6.53499e-06 3.66991e-07
 1.25098e-39 6.12269e-33 6.88935e-27 1.78221e-21 1.05995e-16 1.44929e-12 4.55584e-09 3.29252e-06 0.000547057 0.0208969 0.183516 0.370524 0.172396 0.0292097 0.0667461 0.0932964 0.0334605 0.0141945 0.0101738 0.0033968 0.00124535 0.000326967 5.97717e-05 6.56623e-06 3.65111e-07
 1.18251e-39 5.78758e-33 6.51227e-27 1.68466e-21 1.00193e-16 1.36996e-12 4.30649e-09 3.11231e-06 0.000517114 0.0197531 0.173472 0.350245 0.163056 0.030172 0.0787329 0.110196 0.0394695 0.0165806 0.0118695 0.00398844 0.00147457 0.000390188 7.21859e-05 7.95894e-06 4.36757e-07
 1.19119e-39 5.83007e-33 6.56009e-27 1.69703e-21 1.00929e-16 1.38002e-12 4.33811e-09 3.13516e-06 0.000520911 0.0198981 0.174745 0.352816 0.164226 0.0296664 0.0748714 0.104817 0.0384472 0.0190001 0.0140182 0.00468765 0.00172593 0.00045965 8.58826e-05 9.56836e-06 5.2828e-07
#spawning biomass
 3762.4 2395.98 2307.15 2268.32 2392.68 3601.67 4373.58 4330.39 6350.93 11525.6 18492.7 20070.4 24611.9 33426.4 40939.7 37115.6 33324.5 29898 29679.2 32357.8 32239.9 33979.4 36655.9 40368 42257.1 49835.3 48594.5 42805.6 36264.7 86073.2 106638 81138.7 56712.1 41171.6 32306.1 27518.2 25018.2 23741.2 23098.4 22778.1 22619.5 22541.4 22503 22484.2 22475 22470.5 22468.3 22467.3 22466.8 22466.5 22466.4 22466.3 22466.3 22466.3 22466.3 22466.3 22466.3 22466.3 22466.3 22466.3 22466.3 22466.3 22466.3 22466.3 22466.3 22466.3 22466.3 22466.3 22466.3 22466.3 22466.3 22466.3 22466.3 22466.3 22466.3 22466.3 22466.3 22466.3 22466.3 22466.3 22466.3 22466.3 22466.3 22466.3 22466.3 22466.3 22466.3 22466.3 22466.3 22466.3 22466.3 22466.3 22466.3 22466.3 22466.3 22466.3 22466.3 22466.3 22466.3 22466.3 22466.3 22466.3 22466.3 22466.3 22466.3 22466.3 22466.3 22466.3 22466.3 22466.3 22466.3 22466.3 22466.3 22466.3 22466.3 22466.3 22466.3 22466.3 22466.3 22466.3 22466.3 22466.3 22466.3 22466.3 22466.3 22466.3 22466.3 22466.3 0 0 0 0 0 0 0 0 0 0 0 0 0 0 0 0 0 0 0 0 0 0 0 0 0
