SBPRF35
27.2431
Curr Bio
214486
B35
2.81029e+07
F35
0.0247239
FOFL
0
OFL
0
Bzero
7.78375e+06
#pred survey bio
 9194.83 7935.04 6472.85 6275.16 10424.7 18491.8 28021.1 34759.8 55904.7 72274 88079.7 116171 161659 183057 189819 156192 166660 179177 199842 202635 219543 233637 254177 262551 286462 296766 297106 271592 242545 5.37206e+06 9.6416e+06 1.48536e+07 1.99996e+07 2.47531e+07 2.89553e+07 3.25664e+07 3.56149e+07 3.81621e+07 4.02805e+07 4.20418e+07 4.35113e+07 4.47453e+07 4.57907e+07 4.65376e+07 4.69131e+07 4.72812e+07 4.76414e+07 4.79937e+07 4.83379e+07 4.8674e+07 4.90021e+07 4.93224e+07 4.96349e+07 4.99398e+07 5.02374e+07 5.05276e+07 5.08109e+07 5.10873e+07 5.13569e+07 5.16201e+07 5.1877e+07 5.21277e+07 5.23724e+07 5.26113e+07 5.28446e+07 5.30723e+07 5.32948e+07 5.3512e+07 5.37242e+07 5.39315e+07 5.41341e+07 5.4332e+07 5.45254e+07 5.47144e+07 5.48992e+07 5.50799e+07 5.52565e+07 5.54293e+07 5.55982e+07 5.57635e+07 5.59251e+07 5.60833e+07 5.62381e+07 5.63896e+07 5.65378e+07 5.6683e+07 5.68251e+07 5.69642e+07 5.71005e+07 5.7234e+07 5.73647e+07 5.74928e+07 5.76184e+07 5.77414e+07 5.7862e+07 5.79802e+07 5.8096e+07 5.82097e+07 5.83211e+07 5.84304e+07 5.85377e+07 5.86429e+07 5.87461e+07 5.88474e+07 5.89469e+07 5.90445e+07 5.91403e+07 5.92344e+07 5.93269e+07 5.94177e+07 5.95068e+07 5.95945e+07 5.96806e+07 5.97652e+07 5.98484e+07 5.99301e+07 6.00105e+07 6.00896e+07 6.01673e+07 6.02438e+07 6.0319e+07 6.03931e+07 6.04659e+07 6.05376e+07 6.06081e+07 6.06776e+07 6.07459e+07 6.08132e+07 6.08795e+07 0 0 0 0 0 0 0 0 0 0 0 0 0 0 0 0 0 0 0 0 0 0 0 0 0
#obs survey bio
 9364.98 7001.16 7748.02 11461.1 12667.8 24456.8 34994.9 42227.7 74241.9 59924.2 77769.1 116938 133119 159005 142725 145513 97089.8 146325 164020 122807 190904 248441 192508 199126 338454 391419 244965 208338 319769
#pred catch bio
 5070.47 4602.95 4137.2 3614.1 6600.81 12168.9 21246 22713.2 39984.9 53172.6 65229.7 80441.2 120534 135192 154297 117268 127737 133067 154550 153697 168809 177284 199728 200540 222001 230895 236511 220221 198752 0 11028.6 17283.7 23457.6 29186.8 34258.3 38611.1 42272.5 45314.3 47824.3 49891.1 51595.5 53007.7 54186.4 55004.2 55377.6 55739.4 56090 56429.7 56759 57078 57387.1 57686.7 57977 58258.3 58530.9 58795 59051 59299 59539.4 59772.3 59998 60216.7 60428.6 60634 60833 61025.8 61212.7 61393.7 61569.2 61739.3 61904 62063.7 62218.4 62368.4 62513.6 62654.4 62790.9 62923.1 63051.2 63175.3 63295.6 63412.2 63525.1 63634.6 63740.7 63843.4 63943 64039.6 64133.1 64223.7 64311.5 64396.6 64479.1 64559 64636.5 64711.5 64784.2 64854.7 64923 64989.1 65053.2 65115.4 65175.6 65233.9 65290.4 65345.2 65398.3 65449.8 65499.6 65547.9 65594.7 65640.1 65684 65726.6 65767.9 65807.9 65846.7 65884.2 65920.6 65955.9 65990.1 66023.2 66055.3 66086.4 66116.5 66145.7 66174 66201.4 66228 0 0 0 0 0 0 0 0 0 0 0 0 0 0 0 0 0 0 0 0 0 0 0 0 0
#obs catch bio
 3951.85 4519.24 5008.12 2856.04 4917.69 9753.67 18595.6 18424.1 33535.2 43031.5 58229.4 68285.2 113511 122113 144622 107045 126774 127482 153465 153848 167346 153966 185604 188677 188894 208913 219888 215704 178124
#pred cpue bio
 7915.19 7392.41 5461.86 4398.27 5908.47 9877.24 16626.5 18438.8 31666 42571.3 51278.7 61731 95483.5 110957 127753 97413.8 104052 105148 124321 123020 132340 138457 153267 150609 170520 177245 181373 168446 144268 3.01741e+06 9.47222e+06 1.47285e+07 1.98732e+07 2.46267e+07 2.88289e+07 3.244e+07 3.54885e+07 3.80357e+07 4.0154e+07 4.19154e+07 4.33849e+07 4.46189e+07 4.56642e+07 4.64111e+07 4.67867e+07 4.71547e+07 4.7515e+07 4.78672e+07 4.82114e+07 4.85476e+07 4.88757e+07 4.91959e+07 4.95085e+07 4.98134e+07 5.01109e+07 5.04012e+07 5.06844e+07 5.09608e+07 5.12305e+07 5.14937e+07 5.17505e+07 5.20012e+07 5.22459e+07 5.24849e+07 5.27181e+07 5.29459e+07 5.31683e+07 5.33856e+07 5.35978e+07 5.38051e+07 5.40076e+07 5.42055e+07 5.43989e+07 5.4588e+07 5.47728e+07 5.49535e+07 5.51301e+07 5.53028e+07 5.54718e+07 5.5637e+07 5.57987e+07 5.59569e+07 5.61117e+07 5.62631e+07 5.64114e+07 5.65565e+07 5.66986e+07 5.68378e+07 5.69741e+07 5.71075e+07 5.72383e+07 5.73664e+07 5.74919e+07 5.76149e+07 5.77355e+07 5.78537e+07 5.79696e+07 5.80832e+07 5.81947e+07 5.8304e+07 5.84112e+07 5.85164e+07 5.86197e+07 5.8721e+07 5.88204e+07 5.8918e+07 5.90139e+07 5.9108e+07 5.92004e+07 5.92912e+07 5.93804e+07 5.9468e+07 5.95541e+07 5.96388e+07 5.97219e+07 5.98037e+07 5.98841e+07 5.99632e+07 6.00409e+07 6.01174e+07 6.01926e+07 6.02666e+07 6.03395e+07 6.04111e+07 6.04817e+07 6.05511e+07 6.06195e+07 6.06868e+07 6.07531e+07 0 0 0 0 0 0 0 0 0 0 0 0 0 0 0 0 0 0 0 0 0 0 0 0 0
#obs cpue bio
 9808.67 5935.25 4511.47 5971.82 8789.07 18248.9 23129.9 26743 60722.4 102291 101936 100348 142543 191393 260841 129173 193532 142313 173304 181899 184036 237028 276969 232761 296877 215855 260668 254193 198236
#pred surv len freq
 8.27368e-12 8.98423e-10 5.75179e-08 2.17102e-06 4.83132e-05 0.000633914 0.00490509 0.022407 0.0607595 0.100471 0.113786 0.119257 0.136155 0.134094 0.104816 0.0742812 0.0500039 0.030748 0.018072 0.0107888 0.0067984 0.00469172 0.00348427 0.00244254 0.00135454
 4.53148e-12 4.92065e-10 3.15025e-08 1.18907e-06 2.64616e-05 0.000347226 0.00268778 0.0123019 0.0336844 0.0583218 0.0780896 0.110146 0.151648 0.158528 0.127729 0.0945001 0.0678605 0.0448646 0.0269801 0.0148625 0.0078581 0.00434707 0.00265861 0.00166755 0.000890012
 1.00524e-11 1.09157e-09 6.9883e-08 2.63774e-06 5.86991e-05 0.00077016 0.00595828 0.0271936 0.0734033 0.118684 0.122092 0.0995092 0.090622 0.0916563 0.0909503 0.0861744 0.0714011 0.0510273 0.0328981 0.0190968 0.00985633 0.00468851 0.00225528 0.00115108 0.000550659
 1.36661e-11 1.48398e-09 9.50056e-08 3.58599e-06 7.98011e-05 0.00104703 0.00810032 0.0369711 0.0998127 0.161517 0.166684 0.136271 0.118938 0.0993285 0.0634601 0.0347676 0.0229081 0.0183421 0.0139069 0.00899817 0.00495939 0.00235219 0.000993162 0.000402216 0.000157798
 1.60441e-11 1.74219e-09 1.11537e-07 4.20996e-06 9.36866e-05 0.00122921 0.00950936 0.0433941 0.117043 0.188505 0.190348 0.144879 0.114092 0.0897769 0.0542907 0.0250305 0.0106211 0.00483113 0.00264392 0.00172536 0.00107498 0.000558383 0.0002377 8.57843e-05 2.74628e-05
 1.61474e-11 1.75341e-09 1.12255e-07 4.23707e-06 9.42901e-05 0.00123713 0.00957077 0.0436773 0.117847 0.190125 0.193502 0.151119 0.122927 0.0957763 0.0524773 0.0176612 0.00353364 0.000417512 2.90938e-05 1.19535e-06 2.89559e-08 4.13542e-10 3.48267e-12 1.75069e-14 1.15066e-16
 1.47745e-11 1.60434e-09 1.02711e-07 3.87683e-06 8.62735e-05 0.00113195 0.00875745 0.0399731 0.107956 0.175006 0.182044 0.152326 0.135799 0.11045 0.0611761 0.0206349 0.00413045 0.00048807 3.40111e-05 1.39739e-06 3.38501e-08 4.83437e-10 4.07061e-12 2.02077e-14 5.91443e-17
 1.62283e-11 1.7622e-09 1.12818e-07 4.25831e-06 9.47626e-05 0.00124333 0.00961871 0.0438956 0.11843 0.191016 0.194177 0.151048 0.122168 0.0949113 0.0519646 0.0174859 0.00349846 0.000413353 2.88039e-05 1.18344e-06 2.86674e-08 4.0942e-10 3.44737e-12 1.71138e-14 5.0089e-17
 1.54159e-11 1.67398e-09 1.0717e-07 4.04512e-06 9.00184e-05 0.00118108 0.00913739 0.0417035 0.112577 0.182069 0.187396 0.151762 0.129786 0.103595 0.0571125 0.0192457 0.00385165 0.000455109 3.1714e-05 1.30301e-06 3.15638e-08 4.50785e-10 3.79567e-12 1.88428e-14 5.51496e-17
 1.48796e-11 1.61575e-09 1.03442e-07 3.90441e-06 8.68873e-05 0.00114001 0.00881971 0.0402567 0.108714 0.176164 0.182921 0.152234 0.134813 0.109327 0.0605101 0.0204072 0.00408476 0.000482668 3.36346e-05 1.38193e-06 3.34754e-08 4.78086e-10 4.02555e-12 1.9984e-14 5.84896e-17
 1.50442e-11 1.63362e-09 1.04586e-07 3.94759e-06 8.78481e-05 0.00115261 0.0089172 0.0407007 0.109899 0.177976 0.184295 0.152089 0.133271 0.107568 0.0594675 0.0200508 0.00401322 0.000474211 3.30452e-05 1.35771e-06 3.28888e-08 4.69708e-10 3.955e-12 1.96338e-14 5.74647e-17
 1.62081e-11 1.76001e-09 1.12677e-07 4.25301e-06 9.46447e-05 0.00124178 0.00960675 0.0438411 0.118284 0.190794 0.194009 0.151066 0.122358 0.0951271 0.0520925 0.0175296 0.00350723 0.000414391 2.88762e-05 1.18642e-06 2.87394e-08 4.10448e-10 3.45603e-12 1.71567e-14 5.02147e-17
 1.48403e-11 1.61148e-09 1.03169e-07 3.8941e-06 8.66578e-05 0.001137 0.00879644 0.0401507 0.10843 0.175731 0.182593 0.152269 0.135182 0.109747 0.0607591 0.0204924 0.00410184 0.000484688 3.37754e-05 1.38771e-06 3.36155e-08 4.80086e-10 4.04239e-12 2.00676e-14 5.87344e-17
 1.44595e-11 1.57013e-09 1.00521e-07 3.79418e-06 8.44342e-05 0.00110782 0.00857084 0.0391233 0.105687 0.171538 0.179415 0.152603 0.138752 0.113817 0.0631719 0.0213172 0.00426738 0.000504259 3.51393e-05 1.44375e-06 3.4973e-08 4.99474e-10 4.20564e-12 2.0878e-14 6.11063e-17
 1.26891e-11 1.37789e-09 8.82137e-08 3.32963e-06 7.40965e-05 0.000972199 0.00752203 0.0343466 0.092933 0.152041 0.16464 0.15416 0.155351 0.13274 0.0743894 0.0251519 0.005037 0.000595246 4.14804e-05 1.70429e-06 4.12842e-08 5.8961e-10 4.96459e-12 2.46457e-14 7.21336e-17
 1.40156e-11 1.52193e-09 9.74351e-08 3.67769e-06 8.18419e-05 0.00107381 0.00830784 0.0379255 0.102489 0.166649 0.17571 0.152994 0.142914 0.118562 0.0659848 0.0222788 0.00446037 0.000527075 3.67294e-05 1.50908e-06 3.65556e-08 5.22077e-10 4.39596e-12 2.18228e-14 6.38715e-17
 1.39986e-11 1.52008e-09 9.73171e-08 3.67324e-06 8.17429e-05 0.00107251 0.00829779 0.0378797 0.102367 0.166462 0.175568 0.153009 0.143073 0.118743 0.0660923 0.0223155 0.00446775 0.000527947 3.67902e-05 1.51158e-06 3.66161e-08 5.2294e-10 4.40323e-12 2.18589e-14 6.39772e-17
 1.49325e-11 1.62149e-09 1.03809e-07 3.91828e-06 8.71958e-05 0.00114405 0.00885102 0.0403993 0.109094 0.176746 0.183362 0.152187 0.134318 0.108762 0.0601753 0.0202928 0.00406179 0.000479952 3.34453e-05 1.37415e-06 3.3287e-08 4.75395e-10 4.00289e-12 1.98715e-14 5.81605e-17
 1.40562e-11 1.52633e-09 9.77173e-08 3.68834e-06 8.2079e-05 0.00107692 0.00833189 0.038035 0.102781 0.167096 0.176049 0.152958 0.142534 0.118128 0.0657276 0.0221909 0.00444272 0.000524989 3.6584e-05 1.50311e-06 3.64109e-08 5.2001e-10 4.37855e-12 2.17364e-14 6.36187e-17
 1.44355e-11 1.56752e-09 1.00354e-07 3.78786e-06 8.42937e-05 0.00110598 0.00855658 0.0390583 0.105514 0.171273 0.179214 0.152625 0.138978 0.114074 0.0633244 0.0213693 0.00427784 0.000505496 3.52255e-05 1.44729e-06 3.50588e-08 5.007e-10 4.21596e-12 2.09293e-14 6.12562e-17
 1.45425e-11 1.57914e-09 1.01098e-07 3.81596e-06 8.49188e-05 0.00111418 0.00862001 0.0393472 0.106285 0.172452 0.180108 0.15253 0.137974 0.11293 0.0626461 0.0211374 0.0042313 0.000499993 3.4842e-05 1.43154e-06 3.46771e-08 4.95249e-10 4.17006e-12 2.07014e-14 6.05894e-17
 1.47926e-11 1.60629e-09 1.02836e-07 3.88156e-06 8.63788e-05 0.00113334 0.00876813 0.0400218 0.108086 0.175205 0.182194 0.152311 0.13563 0.110258 0.0610619 0.0205959 0.00412261 0.000487143 3.39465e-05 1.39474e-06 3.37858e-08 4.82519e-10 4.06288e-12 2.01693e-14 5.9032e-17
 1.45376e-11 1.57861e-09 1.01064e-07 3.81467e-06 8.48902e-05 0.00111381 0.0086171 0.039334 0.10625 0.172398 0.180067 0.152535 0.13802 0.112982 0.0626771 0.021148 0.00423343 0.000500245 3.48596e-05 1.43226e-06 3.46946e-08 4.95498e-10 4.17216e-12 2.07119e-14 6.06199e-17
 1.5247e-11 1.65565e-09 1.05996e-07 4.00082e-06 8.90326e-05 0.00116815 0.00903737 0.041248 0.11136 0.18021 0.185988 0.151911 0.131369 0.1054 0.0581822 0.0196114 0.00392504 0.000463786 3.23187e-05 1.32786e-06 3.21656e-08 4.5938e-10 3.86804e-12 1.92021e-14 5.62012e-17
 1.4728e-11 1.59928e-09 1.02388e-07 3.86462e-06 8.60018e-05 0.00112839 0.00872988 0.0398476 0.107621 0.174494 0.181656 0.152367 0.136235 0.110948 0.0614709 0.0207357 0.00415068 0.000490461 3.41777e-05 1.40424e-06 3.4016e-08 4.85806e-10 4.09055e-12 2.03067e-14 5.94341e-17
 1.46792e-11 1.59398e-09 1.02048e-07 3.85182e-06 8.57168e-05 0.00112465 0.00870097 0.0397159 0.107269 0.173957 0.181248 0.15241 0.136693 0.111469 0.0617802 0.0208414 0.0041719 0.00049297 3.43526e-05 1.41142e-06 3.419e-08 4.88291e-10 4.11148e-12 2.04106e-14 5.97382e-17
 1.43512e-11 1.55837e-09 9.97684e-08 3.76576e-06 8.38018e-05 0.00109953 0.00850668 0.038831 0.104907 0.170345 0.178511 0.152699 0.139768 0.114975 0.0638582 0.0215518 0.00431447 0.000509825 3.55272e-05 1.45969e-06 3.53591e-08 5.04989e-10 4.25207e-12 2.11085e-14 6.17809e-17
 1.41043e-11 1.53156e-09 9.80516e-08 3.70096e-06 8.23598e-05 0.00108061 0.00836038 0.0381648 0.103128 0.167625 0.17645 0.152916 0.142083 0.117614 0.0654229 0.0220867 0.00442182 0.000522517 3.64117e-05 1.49603e-06 3.62394e-08 5.17561e-10 4.35794e-12 2.16341e-14 6.33191e-17
 1.47391e-11 1.60049e-09 1.02465e-07 3.86753e-06 8.60665e-05 0.00112924 0.00873645 0.0398775 0.107701 0.174616 0.181748 0.152358 0.136131 0.110829 0.0614007 0.0207117 0.00414586 0.000489892 3.4138e-05 1.40261e-06 3.39764e-08 4.85242e-10 4.0858e-12 2.02831e-14 5.93651e-17
#obs surv len freq
 7.66189e-12 8.31991e-10 5.32647e-08 2.01048e-06 4.47407e-05 0.000587031 0.00454198 0.0207406 0.0561361 0.0919928 0.100472 0.0974252 0.108055 0.116663 0.1113 0.0980004 0.0777178 0.0541074 0.0333217 0.0178172 0.00779003 0.002578 0.000602851 9.4639e-05 9.62023e-06
 1.06439e-12 1.1558e-10 7.39955e-09 2.79302e-07 6.21607e-06 8.15971e-05 0.000632802 0.00292331 0.00836778 0.017338 0.0356437 0.0758353 0.128107 0.160225 0.164507 0.147464 0.112088 0.0727919 0.0417648 0.0207296 0.00833821 0.00252794 0.000541354 7.7806e-05 7.23589e-06
 1.58074e-11 1.7165e-09 1.09892e-07 4.14786e-06 9.23044e-05 0.00121104 0.00936786 0.0427248 0.114912 0.182449 0.172026 0.100352 0.0488312 0.0468924 0.0680557 0.076686 0.0621552 0.0392734 0.0209019 0.00945083 0.00345298 0.00095069 0.000184911 2.4163e-05 2.04602e-06
 1.29109e-11 1.40197e-09 8.97556e-08 3.38783e-06 7.53919e-05 0.000989199 0.00765366 0.0349477 0.094533 0.154245 0.164203 0.144531 0.133375 0.108931 0.0650101 0.0339286 0.0230579 0.0173199 0.0104294 0.00470282 0.00159052 0.000395382 6.92136e-05 8.15927e-06 6.25059e-07
 1.19588e-11 1.29859e-09 8.31368e-08 3.13801e-06 6.98323e-05 0.00091625 0.00708908 0.0323659 0.087491 0.14226 0.149173 0.126736 0.118292 0.114648 0.0972418 0.0672276 0.0350345 0.0138506 0.00499166 0.00184979 0.000594268 0.000139473 2.23739e-05 2.38127e-06 1.64199e-07
 1.36079e-11 1.47766e-09 9.46011e-08 3.57073e-06 7.94619e-05 0.00104259 0.00806634 0.0368216 0.0994482 0.16098 0.165316 0.131064 0.109976 0.0988113 0.0807069 0.0566302 0.0318391 0.0134896 0.00431652 0.00110828 0.000246089 4.64466e-05 6.63023e-06 6.45195e-07 4.05696e-08
 1.06695e-11 1.15858e-09 7.41734e-08 2.79969e-06 6.2304e-05 0.000817505 0.0063262 0.0289051 0.0783972 0.129274 0.142664 0.135977 0.137681 0.128316 0.0981904 0.0626404 0.0324609 0.0130511 0.00405159 0.000974304 0.000179499 2.52079e-05 2.68802e-06 2.10522e-07 1.14043e-08
 1.23693e-11 1.34316e-09 8.59903e-08 3.24571e-06 7.22294e-05 0.000947713 0.00733282 0.0334831 0.0905391 0.147231 0.153654 0.127125 0.11367 0.109411 0.0951565 0.0672955 0.0355512 0.0136151 0.00389199 0.000857151 0.000144091 1.78316e-05 1.57237e-06 9.6802e-08 4.09719e-09
 1.19482e-11 1.29743e-09 8.30627e-08 3.13522e-06 6.97709e-05 0.000915483 0.00708435 0.0323662 0.0877198 0.143985 0.155364 0.138554 0.129528 0.116489 0.0887855 0.0562309 0.028294 0.0107732 0.00307001 0.000653519 0.000102335 1.15124e-05 9.06982e-07 4.8778e-08 1.75072e-09
 1.15613e-11 1.25542e-09 8.03729e-08 3.03369e-06 6.75119e-05 0.000885853 0.0068554 0.0313259 0.0849544 0.139733 0.151633 0.13678 0.130338 0.121335 0.0958878 0.0602208 0.0279796 0.00927006 0.00224854 0.000417552 5.94226e-05 6.19691e-06 4.50571e-07 2.20549e-08 7.10283e-10
 1.27015e-11 1.37923e-09 8.82996e-08 3.33289e-06 7.41701e-05 0.000973214 0.00753124 0.0344084 0.093231 0.152674 0.162601 0.139128 0.12408 0.11137 0.0864406 0.0533456 0.0242509 0.00777779 0.00177405 0.000295906 3.65294e-05 3.29565e-06 2.11316e-07 9.30895e-09 2.72674e-10
 1.16605e-11 1.26619e-09 8.10627e-08 3.05974e-06 6.80922e-05 0.000893505 0.0069157 0.0316194 0.0859226 0.142254 0.157046 0.144894 0.136801 0.121051 0.0889927 0.0519113 0.0226638 0.00708931 0.00158556 0.000256476 2.98684e-05 2.45533e-06 1.39433e-07 5.36798e-09 1.3762e-10
 9.5877e-12 1.04111e-09 6.66531e-08 2.51585e-06 5.59896e-05 0.000734751 0.00568866 0.0260399 0.0710822 0.119674 0.139303 0.142917 0.149419 0.14091 0.107441 0.0622854 0.0256225 0.00720191 0.00140239 0.000197012 2.04245e-05 1.53516e-06 8.04556e-08 2.8374e-09 6.56796e-11
 1.03208e-11 1.12071e-09 7.17493e-08 2.70821e-06 6.02702e-05 0.00079091 0.00612284 0.0280137 0.0763 0.127247 0.143367 0.138075 0.139332 0.134875 0.107492 0.0636838 0.0260241 0.00711229 0.0013154 0.00016974 1.56093e-05 1.02154e-06 4.67543e-08 1.46183e-09 3.04603e-11
 8.67233e-12 9.41714e-10 6.02897e-08 2.27569e-06 5.06465e-05 0.000664717 0.00514877 0.0236062 0.0647939 0.111016 0.135103 0.147536 0.158983 0.149135 0.110828 0.0615287 0.0239723 0.0063344 0.00113994 0.000142533 1.24963e-05 7.60752e-07 3.15658e-08 8.77021e-10 1.60744e-11
 9.80378e-12 1.06458e-09 6.81553e-08 2.57257e-06 5.72529e-05 0.00075137 0.0058182 0.0266415 0.0727462 0.122208 0.140122 0.138731 0.143462 0.140882 0.111621 0.064101 0.0250304 0.00652179 0.00115029 0.000140421 1.19476e-05 6.99591e-07 2.76e-08 7.1912e-10 1.21755e-11
 1.06432e-11 1.15573e-09 7.39909e-08 2.79286e-06 6.21564e-05 0.00081577 0.00631807 0.028948 0.0791902 0.133683 0.154493 0.15172 0.147756 0.130843 0.0931484 0.0492771 0.0182449 0.00460077 0.000793811 9.49503e-05 7.87568e-06 4.46137e-07 1.69013e-08 4.20011e-10 6.7376e-12
 9.53009e-12 1.03486e-09 6.62531e-08 2.50081e-06 5.56589e-05 0.000730591 0.00566093 0.0259769 0.071426 0.122519 0.147574 0.154746 0.157763 0.140984 0.0988862 0.0506581 0.0179387 0.00429146 0.0006996 7.91322e-05 6.23625e-06 3.37263e-07 1.22199e-08 2.90006e-10 4.42731e-12
 9.70571e-12 1.05393e-09 6.74742e-08 2.54691e-06 5.66854e-05 0.000744081 0.00576565 0.0264568 0.0727052 0.124314 0.148055 0.152396 0.1548 0.140654 0.100118 0.0511985 0.017838 0.00416241 0.000656857 7.11895e-05 5.31569e-06 2.70214e-07 9.17499e-09 2.04173e-10 2.92825e-12
 9.9136e-12 1.0765e-09 6.89197e-08 2.6015e-06 5.7902e-05 0.000760117 0.00589145 0.0270545 0.0744994 0.127991 0.153531 0.157818 0.156509 0.136651 0.093264 0.0460592 0.015673 0.00360907 0.000564702 6.04238e-05 4.40118e-06 2.15043e-07 6.92648e-09 1.44788e-10 1.93831e-12
 1.01902e-11 1.10654e-09 7.08429e-08 2.67412e-06 5.95197e-05 0.000781407 0.00605758 0.02783 0.0767076 0.131953 0.158121 0.160992 0.156756 0.133674 0.0883324 0.0417921 0.0135135 0.00294422 0.000436017 4.43794e-05 3.09554e-06 1.45411e-07 4.49861e-09 8.98657e-11 1.14155e-12
 1.052e-11 1.14235e-09 7.31359e-08 2.7607e-06 6.14489e-05 0.000806804 0.00625593 0.0287583 0.0793711 0.136835 0.164057 0.165413 0.157061 0.12922 0.0816897 0.0366839 0.0111711 0.00227148 0.000310984 2.90877e-05 1.86558e-06 8.10703e-08 2.33845e-09 4.38438e-11 5.24908e-13
 1.09941e-11 1.19383e-09 7.64321e-08 2.88515e-06 6.42207e-05 0.000843254 0.00653956 0.030071 0.083021 0.142999 0.170247 0.168141 0.1548 0.123341 0.075436 0.032722 0.00961798 0.00188377 0.000246802 2.18276e-05 1.30497e-06 5.22516e-08 1.38025e-09 2.36777e-11 2.60027e-13
 1.04054e-11 1.12991e-09 7.23404e-08 2.73078e-06 6.07901e-05 0.000798418 0.00619655 0.0285553 0.079307 0.138688 0.170257 0.174194 0.161647 0.125635 0.0737371 0.0305392 0.00856506 0.00160043 0.000199757 1.67767e-05 9.47747e-07 3.56273e-08 8.77096e-10 1.39212e-11 1.40585e-13
 9.17193e-12 9.9598e-10 6.37667e-08 2.40725e-06 5.35953e-05 0.000704199 0.00547145 0.0252935 0.0708595 0.12669 0.162886 0.177396 0.172414 0.136361 0.0794862 0.0320478 0.00861571 0.00152561 0.000178915 1.40399e-05 7.39252e-07 2.58934e-08 5.93998e-10 8.77831e-12 8.2386e-14
 1.02283e-11 1.11069e-09 7.11105e-08 2.68446e-06 5.97646e-05 0.000785133 0.00609672 0.0281269 0.0782722 0.137214 0.168684 0.173075 0.162745 0.128656 0.0756405 0.0306889 0.00829025 0.00147479 0.000173002 1.34117e-05 6.84772e-07 2.28246e-08 4.91215e-10 6.7525e-12 5.87058e-14
 8.43983e-12 9.16497e-10 5.86805e-08 2.21551e-06 4.93426e-05 0.000648892 0.00505341 0.0235008 0.066806 0.12326 0.16642 0.187717 0.180067 0.135441 0.0741836 0.0282179 0.0072417 0.00123893 0.000141101 1.06818e-05 5.33199e-07 1.73102e-08 3.60059e-10 4.73634e-12 3.89982e-14
 1.0133e-11 1.10035e-09 7.04508e-08 2.65973e-06 5.92233e-05 0.000778323 0.00604933 0.0279655 0.0781621 0.138162 0.172002 0.178338 0.166786 0.127669 0.0704861 0.0261231 0.00631397 0.000992352 0.000102519 7.04517e-06 3.2279e-07 9.76084e-09 1.91441e-10 2.39201e-12 1.87574e-14
 1.03412e-11 1.12297e-09 7.19018e-08 2.71477e-06 6.04646e-05 0.000795159 0.00619051 0.0287364 0.081089 0.146043 0.185816 0.190582 0.165502 0.113722 0.0567868 0.0194854 0.00445042 0.000667347 6.55859e-05 4.2333e-06 1.79302e-07 4.95323e-09 8.83745e-11 1.00696e-12 7.24591e-15
#pred catch len freq
 1.1609e-13 1.26062e-11 8.071e-10 3.0472e-08 6.79019e-07 8.96993e-06 7.18001e-05 0.000383713 0.00180465 0.00912429 0.0385163 0.106523 0.181536 0.197758 0.157764 0.112262 0.0756464 0.0465264 0.0273458 0.0163249 0.0102868 0.00709913 0.00527211 0.00369585 0.00204958
 5.06558e-14 5.50073e-12 3.52202e-10 1.33016e-08 2.96885e-07 3.95405e-06 3.29122e-05 0.000204297 0.00129386 0.00808486 0.0364503 0.102325 0.175236 0.192314 0.156503 0.116082 0.0834282 0.0551677 0.0331763 0.0182754 0.00966255 0.00534528 0.0032691 0.00205046 0.00109438
 1.84792e-13 2.00662e-11 1.28468e-09 4.84954e-08 1.07976e-06 1.42049e-05 0.000111392 0.000543269 0.00194531 0.00701513 0.0254569 0.0685759 0.120944 0.148967 0.153376 0.14601 0.121037 0.0865018 0.0557675 0.0323716 0.0167076 0.00794756 0.00382296 0.00195121 0.000933431
 3.71678e-13 4.03599e-11 2.58393e-09 9.75398e-08 2.17168e-06 2.85651e-05 0.00022382 0.00108741 0.00383955 0.0135035 0.0480616 0.126585 0.209375 0.212597 0.141749 0.0782912 0.0516519 0.0413623 0.0313605 0.020291 0.0111835 0.00530421 0.00223959 0.000907001 0.000355835
 5.36901e-12 5.8301e-10 3.73249e-08 1.40884e-06 3.13525e-05 0.000411414 0.00318502 0.0145866 0.0400618 0.0703255 0.0983022 0.146103 0.201537 0.194719 0.123424 0.0573658 0.0243412 0.0110627 0.00605226 0.00394927 0.00246055 0.0012781 0.000544077 0.000196354 6.28603e-05
 8.20216e-12 8.90657e-10 5.70207e-08 2.15225e-06 4.7896e-05 0.000628464 0.00486386 0.0222405 0.0606086 0.102629 0.127192 0.158106 0.197419 0.180699 0.10282 0.0348709 0.00698755 0.00082585 5.75516e-05 2.36461e-06 5.72797e-08 8.18055e-10 6.8893e-12 3.46297e-14 2.27069e-16
 9.21045e-12 1.00015e-09 6.40302e-08 2.41683e-06 5.37837e-05 0.000705707 0.00546119 0.024961 0.0678724 0.113733 0.135607 0.157219 0.187965 0.169922 0.0964308 0.0326869 0.00654923 0.00077403 5.39401e-05 2.21622e-06 5.36853e-08 7.66718e-10 6.45587e-12 3.20488e-14 9.38013e-17
 8.19975e-12 8.90395e-10 5.70039e-08 2.15162e-06 4.7882e-05 0.00062828 0.00486243 0.022234 0.0605912 0.102603 0.127172 0.158108 0.197441 0.180724 0.102835 0.0348762 0.0069886 0.000825974 5.75602e-05 2.36496e-06 5.72883e-08 8.18175e-10 6.88915e-12 3.41998e-14 1.00097e-16
 8.89506e-12 9.65897e-10 6.18376e-08 2.33407e-06 5.1942e-05 0.000681545 0.00527434 0.02411 0.0656002 0.11026 0.132975 0.157496 0.190922 0.173293 0.0984292 0.0333701 0.00668634 0.000790239 5.50698e-05 2.26264e-06 5.48096e-08 7.82776e-10 6.59108e-12 3.27201e-14 9.57658e-17
 8.57367e-12 9.30998e-10 5.96034e-08 2.24974e-06 5.00654e-05 0.000656925 0.00508395 0.0232429 0.063285 0.106721 0.130293 0.157779 0.193935 0.176728 0.100466 0.0340662 0.00682605 0.000806757 5.62209e-05 2.30993e-06 5.59553e-08 7.99138e-10 6.72885e-12 3.3404e-14 9.77676e-17
 9.0919e-12 9.87271e-10 6.32061e-08 2.38572e-06 5.30914e-05 0.000696624 0.00539096 0.0246411 0.0670183 0.112427 0.134618 0.157323 0.189077 0.171189 0.097182 0.0329437 0.00660077 0.000780123 5.43648e-05 2.23367e-06 5.41079e-08 7.72754e-10 6.50669e-12 3.23012e-14 9.45397e-17
 9.7596e-12 1.05978e-09 6.78479e-08 2.56092e-06 5.69903e-05 0.000747776 0.00578652 0.0264426 0.0718285 0.119781 0.14019 0.156736 0.182817 0.164052 0.0929513 0.0314974 0.00631051 0.000745807 5.19732e-05 2.13541e-06 5.17276e-08 7.38759e-10 6.22045e-12 3.08802e-14 9.03807e-17
 8.87506e-12 9.63726e-10 6.16986e-08 2.32882e-06 5.18253e-05 0.000680013 0.0052625 0.0240561 0.0654562 0.11004 0.132808 0.157514 0.19111 0.173506 0.0985559 0.0334134 0.00669503 0.000791267 5.51414e-05 2.26558e-06 5.48809e-08 7.83794e-10 6.59965e-12 3.27626e-14 9.58903e-17
 7.824e-12 8.49593e-10 5.43917e-08 2.05302e-06 4.56878e-05 0.000599494 0.00463983 0.0212202 0.0578843 0.098465 0.124036 0.158438 0.200964 0.184741 0.105216 0.0356901 0.00715194 0.000845285 5.89061e-05 2.42026e-06 5.86278e-08 8.37306e-10 7.05023e-12 3.49994e-14 1.02437e-16
 7.51826e-12 8.16393e-10 5.22663e-08 1.9728e-06 4.39026e-05 0.000576073 0.00445871 0.0203953 0.0556817 0.0950981 0.121485 0.158707 0.203831 0.188009 0.107153 0.0363523 0.00728485 0.000860998 6.00011e-05 2.46525e-06 5.97177e-08 8.52872e-10 7.1813e-12 3.56501e-14 1.04341e-16
 7.43624e-12 8.07486e-10 5.16961e-08 1.95128e-06 4.34236e-05 0.000569789 0.00441011 0.020174 0.0550908 0.0941948 0.1208 0.158779 0.2046 0.188885 0.107673 0.03653 0.00732051 0.000865214 6.02949e-05 2.47732e-06 6.00101e-08 8.57048e-10 7.21646e-12 3.58246e-14 1.04852e-16
 8.04538e-12 8.73632e-10 5.59308e-08 2.11111e-06 4.69806e-05 0.000616454 0.00477098 0.0218175 0.0594791 0.100903 0.125884 0.158243 0.198888 0.182374 0.103813 0.0352105 0.0070557 0.000833907 5.81131e-05 2.38768e-06 5.78386e-08 8.26035e-10 6.95532e-12 3.45283e-14 1.01058e-16
 8.94693e-12 9.7153e-10 6.21983e-08 2.34768e-06 5.22449e-05 0.000685519 0.00530507 0.02425 0.0659739 0.110831 0.133408 0.157451 0.190436 0.172738 0.0981006 0.0332577 0.00666379 0.000787573 5.4884e-05 2.255e-06 5.46247e-08 7.80135e-10 6.56884e-12 3.26097e-14 9.54427e-17
 8.42092e-12 9.14412e-10 5.85415e-08 2.20966e-06 4.91734e-05 0.000645223 0.00499346 0.0228308 0.0621845 0.105038 0.129018 0.157913 0.195368 0.17836 0.101433 0.0343971 0.00689245 0.000814607 5.6768e-05 2.33241e-06 5.64999e-08 8.06915e-10 6.79433e-12 3.37291e-14 9.8719e-17
 8.57267e-12 9.30889e-10 5.95964e-08 2.24947e-06 5.00595e-05 0.000656848 0.00508335 0.0232402 0.0632777 0.10671 0.130284 0.15778 0.193945 0.176739 0.100472 0.0340684 0.00682649 0.000806808 5.62245e-05 2.31008e-06 5.59589e-08 7.99189e-10 6.72928e-12 3.34062e-14 9.77738e-17
 9.15758e-12 9.94404e-10 6.36627e-08 2.40295e-06 5.3475e-05 0.000701656 0.00542987 0.0248183 0.0674915 0.113151 0.135166 0.157266 0.188461 0.170487 0.0967658 0.0328014 0.00657221 0.000776747 5.41295e-05 2.224e-06 5.38738e-08 7.6941e-10 6.47854e-12 3.21614e-14 9.41306e-17
 9.26564e-12 1.00614e-09 6.44139e-08 2.43131e-06 5.41059e-05 0.000709935 0.00549389 0.0251099 0.06827 0.114341 0.136068 0.15717 0.187448 0.169332 0.0960812 0.0325674 0.00652524 0.000771193 5.37425e-05 2.2081e-06 5.34885e-08 7.63908e-10 6.43221e-12 3.19314e-14 9.34575e-17
 9.72578e-12 1.0561e-09 6.76127e-08 2.55205e-06 5.67928e-05 0.000745184 0.00576648 0.0263514 0.0715848 0.119408 0.139908 0.156766 0.183134 0.164414 0.0931657 0.0315707 0.00632521 0.000747545 5.20944e-05 2.14039e-06 5.18482e-08 7.40481e-10 6.23495e-12 3.09522e-14 9.05914e-17
 1.02804e-11 1.11632e-09 7.14682e-08 2.69757e-06 6.00311e-05 0.000787669 0.00609503 0.0278476 0.0755801 0.125515 0.144537 0.156278 0.177934 0.158486 0.0896517 0.0303695 0.00608413 0.000719043 5.0108e-05 2.05877e-06 4.98712e-08 7.12246e-10 5.99721e-12 2.97719e-14 8.71371e-17
 9.70467e-12 1.05381e-09 6.7466e-08 2.54651e-06 5.66695e-05 0.000743568 0.00575398 0.0262944 0.0714328 0.119176 0.139732 0.156784 0.183332 0.164639 0.0932994 0.0316164 0.00633439 0.00074863 5.217e-05 2.14349e-06 5.19234e-08 7.41556e-10 6.244e-12 3.09971e-14 9.07229e-17
 9.71938e-12 1.05541e-09 6.75683e-08 2.55037e-06 5.67554e-05 0.000744694 0.00576269 0.0263341 0.0715387 0.119338 0.139855 0.156771 0.183194 0.164482 0.0932062 0.0315846 0.00632799 0.000747874 5.21173e-05 2.14133e-06 5.1871e-08 7.40807e-10 6.2377e-12 3.09658e-14 9.06313e-17
 9.73968e-12 1.05761e-09 6.77094e-08 2.5557e-06 5.6874e-05 0.00074625 0.00577472 0.0263889 0.071685 0.119561 0.140024 0.156754 0.183003 0.164265 0.0930775 0.0315406 0.00631917 0.00074683 5.20446e-05 2.13834e-06 5.17986e-08 7.39773e-10 6.22899e-12 3.09226e-14 9.05048e-17
 9.80203e-12 1.06438e-09 6.81428e-08 2.57206e-06 5.7238e-05 0.000751025 0.00581165 0.0265571 0.0721341 0.120248 0.140544 0.156699 0.182419 0.163599 0.0926825 0.0314056 0.00629207 0.000743626 5.18213e-05 2.12917e-06 5.15764e-08 7.366e-10 6.20227e-12 3.07899e-14 9.01165e-17
 1.10709e-11 1.20217e-09 7.69641e-08 2.90501e-06 6.46474e-05 0.000848232 0.00656337 0.0299806 0.0812753 0.134221 0.151134 0.155583 0.170522 0.150036 0.0846426 0.0286571 0.00574046 0.000678413 4.72764e-05 1.94243e-06 4.70529e-08 6.71997e-10 5.6583e-12 2.80895e-14 8.22129e-17
#obs catch len freq
 6.75322e-12 7.33319e-10 4.69477e-08 1.77205e-06 3.94346e-05 0.000517414 0.00400345 0.0182838 0.0495193 0.0814154 0.0901842 0.0907957 0.105207 0.11819 0.117626 0.106057 0.0843732 0.0596967 0.0384338 0.0215947 0.00979508 0.00332967 0.000796239 0.000127395 1.31482e-05
 5.17794e-12 5.62264e-10 3.59966e-08 1.3587e-06 3.02363e-05 0.00039674 0.00307034 0.0140357 0.0381914 0.0641713 0.0772461 0.0920635 0.118967 0.134086 0.128602 0.112601 0.0883981 0.0608122 0.036843 0.0192033 0.00808415 0.00254512 0.000560712 8.23342e-05 7.78855e-06
 5.11242e-13 5.5515e-11 3.55415e-09 1.34158e-07 2.98622e-06 3.92273e-05 0.000305271 0.00143379 0.00441109 0.0113869 0.0313181 0.0762842 0.132496 0.165951 0.169623 0.150509 0.112973 0.0724187 0.040816 0.0197073 0.00762108 0.00219599 0.000442725 5.94842e-05 5.14606e-06
 8.39292e-12 9.11373e-10 5.83468e-08 2.2023e-06 4.9009e-05 0.000643008 0.00497407 0.0226896 0.061078 0.0973981 0.094019 0.0628299 0.0525053 0.0833679 0.129581 0.143987 0.114645 0.0712343 0.0371492 0.016316 0.00572488 0.00149684 0.000273946 3.34538e-05 2.63445e-06
 9.57348e-12 1.03957e-09 6.6554e-08 2.51209e-06 5.5904e-05 0.00073354 0.00567691 0.0259506 0.0705619 0.117848 0.137044 0.146855 0.159932 0.137381 0.0825592 0.0435096 0.0296241 0.0217554 0.0126967 0.00552394 0.00178939 0.000422091 6.95085e-05 7.65654e-06 5.45436e-07
 1.12939e-11 1.22639e-09 7.85142e-08 2.96353e-06 6.59497e-05 0.000865319 0.00669541 0.0305762 0.0827418 0.135144 0.144101 0.127555 0.123827 0.121101 0.101886 0.0691551 0.0352482 0.0137092 0.00488333 0.00176096 0.000540437 0.000119985 1.8086e-05 1.79841e-06 1.15328e-07
 1.32883e-11 1.44295e-09 9.23789e-08 3.48685e-06 7.75955e-05 0.00101811 0.00787723 0.0359638 0.0971912 0.157707 0.16334 0.132216 0.113228 0.102018 0.0826932 0.0570924 0.0313562 0.012932 0.00402332 0.00100334 0.000214874 3.85649e-05 5.17323e-06 4.69935e-07 2.74739e-08
 1.02193e-11 1.1097e-09 7.10438e-08 2.68156e-06 5.96756e-05 0.000783033 0.00605996 0.0276984 0.0752319 0.124736 0.140088 0.137902 0.142353 0.13246 0.100401 0.063013 0.0319128 0.0124912 0.00375933 0.000871354 0.00015384 2.05729e-05 2.0713e-06 1.51804e-07 7.64622e-09
 1.22267e-11 1.32768e-09 8.49992e-08 3.20831e-06 7.13972e-05 0.000936803 0.00724871 0.0331045 0.0895703 0.145977 0.153396 0.128709 0.116238 0.111531 0.0957756 0.0662822 0.0340846 0.0126807 0.00351102 0.000744515 0.000119627 1.40552e-05 1.16958e-06 6.75472e-08 2.66604e-09
 1.19657e-11 1.29934e-09 8.31849e-08 3.13983e-06 6.98739e-05 0.000916847 0.00709526 0.032422 0.0879275 0.144618 0.15682 0.140605 0.130938 0.116519 0.0876663 0.0544667 0.0267049 0.00986463 0.00271486 0.000554894 8.29112e-05 8.84598e-06 6.57159e-07 3.31564e-08 1.11149e-09
 1.16546e-11 1.26556e-09 8.10221e-08 3.0582e-06 6.80575e-05 0.000893025 0.00691127 0.0315869 0.0857129 0.141222 0.153796 0.138991 0.131498 0.120912 0.094018 0.0576608 0.0260143 0.00835141 0.00195814 0.000349475 4.74258e-05 4.68354e-06 3.20747e-07 1.47232e-08 4.42979e-10
 1.28102e-11 1.39104e-09 8.90556e-08 3.36143e-06 7.48055e-05 0.000981564 0.00759623 0.034711 0.0940997 0.154321 0.164833 0.141203 0.124978 0.110715 0.0844659 0.0508489 0.0224148 0.00694996 0.00152799 0.000244485 2.87756e-05 2.45943e-06 1.48512e-07 6.13082e-09 1.67654e-10
 1.18501e-11 1.28679e-09 8.23814e-08 3.10952e-06 6.92004e-05 0.000908063 0.00702881 0.0321429 0.0873953 0.144887 0.160192 0.147202 0.13706 0.119327 0.0861568 0.0490268 0.0207499 0.00626888 0.00134906 0.000208861 2.31442e-05 1.80059e-06 9.6299e-08 3.47575e-09 8.32064e-11
 9.80043e-12 1.06421e-09 6.8132e-08 2.57169e-06 5.72325e-05 0.000751083 0.00581563 0.0266283 0.0727432 0.122665 0.142928 0.145722 0.150065 0.139155 0.103929 0.0585684 0.0232945 0.0063152 0.00118327 0.000159198 1.57006e-05 1.1155e-06 5.49885e-08 1.81707e-09 3.92843e-11
 1.05703e-11 1.14781e-09 7.34839e-08 2.77369e-06 6.17279e-05 0.000810058 0.00627155 0.0287005 0.0782168 0.130594 0.147197 0.140881 0.140039 0.133135 0.103648 0.0595382 0.0234806 0.00617886 0.00109749 0.000135424 1.18419e-05 7.32724e-07 3.15445e-08 9.23633e-10 1.79596e-11
 8.88691e-12 9.65016e-10 6.17815e-08 2.33201e-06 5.19006e-05 0.000681208 0.00527721 0.0242045 0.066503 0.114162 0.139022 0.150642 0.159727 0.147126 0.106856 0.057543 0.0216321 0.00549914 0.000949115 0.00011329 9.43021e-06 5.42314e-07 2.11645e-08 5.50946e-10 9.42823e-12
 1.00651e-11 1.09295e-09 6.99721e-08 2.64116e-06 5.87798e-05 0.000771435 0.00597416 0.0273632 0.074768 0.125758 0.144222 0.141831 0.144395 0.138979 0.107231 0.0595606 0.0224058 0.00561048 0.000947948 0.00011032 8.89925e-06 4.91625e-07 1.82249e-08 4.44689e-10 7.03031e-12
 1.08925e-11 1.1828e-09 7.57246e-08 2.85831e-06 6.36139e-05 0.000834933 0.00646727 0.0296414 0.0811517 0.137182 0.158542 0.15448 0.147857 0.128254 0.0890091 0.0455866 0.0162602 0.0039374 0.000649937 7.40011e-05 5.81125e-06 3.10194e-07 1.10303e-08 2.56469e-10 3.83896e-12
 9.77291e-12 1.06123e-09 6.79414e-08 2.56455e-06 5.70787e-05 0.000749271 0.00580664 0.0266573 0.0733715 0.126066 0.151824 0.157808 0.15804 0.138239 0.0943937 0.0467562 0.0159353 0.00365803 0.000570143 6.13392e-05 4.57172e-06 2.32672e-07 7.90287e-09 1.75284e-10 2.49469e-12
 9.9555e-12 1.08105e-09 6.92109e-08 2.61248e-06 5.81461e-05 0.0007633 0.00591557 0.0271566 0.0747018 0.127931 0.152362 0.155566 0.15527 0.137921 0.0953793 0.047084 0.0157705 0.00352717 0.000531488 5.47241e-05 3.86106e-06 1.84571e-07 5.87044e-09 1.21981e-10 1.62933e-12
 1.01714e-11 1.1045e-09 7.07123e-08 2.66919e-06 5.94101e-05 0.000779969 0.00604648 0.0277797 0.0765754 0.131757 0.157959 0.160873 0.156573 0.133541 0.0885225 0.0421929 0.0137947 0.00304123 0.000453641 4.60368e-05 3.16419e-06 1.45256e-07 4.38012e-09 8.54603e-11 1.06514e-12
 1.04633e-11 1.1362e-09 7.2742e-08 2.74583e-06 6.11177e-05 0.000802449 0.00622196 0.0285992 0.0789073 0.135918 0.162695 0.163981 0.15651 0.130169 0.0834215 0.0380516 0.0118133 0.00246283 0.000347499 3.35151e-05 2.20306e-06 9.70905e-08 2.80849e-09 5.23188e-11 6.18423e-13
 1.07867e-11 1.17132e-09 7.49909e-08 2.83076e-06 6.30103e-05 0.00082738 0.00641693 0.0295141 0.0815449 0.140778 0.168603 0.168274 0.156538 0.125478 0.0768496 0.0332417 0.00971132 0.00188824 0.000246194 2.18127e-05 1.31771e-06 5.3676e-08 1.446e-09 2.52506e-11 2.80966e-13
 1.12649e-11 1.22324e-09 7.83153e-08 2.95628e-06 6.58064e-05 0.000864158 0.00670328 0.0308407 0.0852361 0.147004 0.17479 0.170831 0.153982 0.119406 0.0706839 0.0295105 0.00831426 0.00155549 0.000193857 1.62261e-05 9.13315e-07 3.42738e-08 8.45416e-10 1.35024e-11 1.37726e-13
 1.0676e-11 1.1593e-09 7.42226e-08 2.80189e-06 6.23761e-05 0.000819354 0.00636097 0.0293327 0.0815667 0.142827 0.174988 0.176911 0.160556 0.121362 0.068901 0.0274507 0.00737484 0.00131529 0.000156024 1.23897e-05 6.58384e-07 2.31807e-08 5.32698e-10 7.87115e-12 7.3836e-14
 9.41873e-12 1.02278e-09 6.54836e-08 2.47213e-06 5.50438e-05 0.00072336 0.00562266 0.0260159 0.0730022 0.130757 0.167808 0.180578 0.171644 0.13192 0.0742847 0.0287799 0.00740615 0.00125107 0.000139379 1.03364e-05 5.11635e-07 1.67719e-08 3.58871e-10 4.93419e-12 4.29969e-14
 1.04983e-11 1.14001e-09 7.29888e-08 2.75544e-06 6.13488e-05 0.000806069 0.0062615 0.0289084 0.080553 0.141419 0.173594 0.176144 0.161895 0.124144 0.070386 0.0274054 0.00707738 0.00119909 0.000133382 9.75847e-06 4.68102e-07 1.46024e-08 2.93177e-10 3.74969e-12 3.02633e-14
 8.69375e-12 9.44078e-10 6.04476e-08 2.28234e-06 5.0837e-05 0.000668727 0.005211 0.0242624 0.0691016 0.127673 0.171708 0.19082 0.178666 0.130429 0.0689423 0.0251707 0.00617242 0.00100475 0.000108357 7.72872e-06 3.6186e-07 1.09802e-08 2.129e-10 2.60505e-12 1.99165e-14
 1.0419e-11 1.13142e-09 7.2441e-08 2.73496e-06 6.09038e-05 0.000800563 0.00622478 0.0288002 0.0806056 0.142674 0.177249 0.181475 0.165428 0.122405 0.0649899 0.0230761 0.00532733 0.00079699 7.8012e-05 5.05096e-06 2.16846e-07 6.11799e-09 1.11631e-10 1.29512e-12 9.41711e-15
#spawning biomass
 8840.44 7795.6 6183.25 5737.82 9122.68 16014.3 24767.2 30064.1 48958.8 63786.8 77554.7 100509 142754 162505 172337 139483 148864 158018 178367 179944 194674 206454 225399 230501 253361 262653 264137 242253 214486 195705 460384 714464 968128 1.20352e+06 1.41189e+06 1.59073e+06 1.74116e+06 1.86614e+06 1.96927e+06 2.05418e+06 2.12421e+06 2.18223e+06 2.23066e+06 2.26426e+06 2.2796e+06 2.29447e+06 2.30887e+06 2.32283e+06 2.33636e+06 2.34946e+06 2.36217e+06 2.37447e+06 2.3864e+06 2.39796e+06 2.40916e+06 2.42001e+06 2.43053e+06 2.44072e+06 2.45059e+06 2.46016e+06 2.46944e+06 2.47842e+06 2.48713e+06 2.49557e+06 2.50374e+06 2.51167e+06 2.51934e+06 2.52678e+06 2.53399e+06 2.54098e+06 2.54775e+06 2.55431e+06 2.56067e+06 2.56683e+06 2.5728e+06 2.57858e+06 2.58419e+06 2.58962e+06 2.59488e+06 2.59998e+06 2.60492e+06 2.60971e+06 2.61435e+06 2.61885e+06 2.62321e+06 2.62743e+06 2.63152e+06 2.63549e+06 2.63933e+06 2.64306e+06 2.64666e+06 2.65016e+06 2.65355e+06 2.65683e+06 2.66001e+06 2.6631e+06 2.66608e+06 2.66898e+06 2.67179e+06 2.6745e+06 2.67714e+06 2.67969e+06 2.68216e+06 2.68456e+06 2.68688e+06 2.68914e+06 2.69132e+06 2.69343e+06 2.69548e+06 2.69746e+06 2.69939e+06 2.70125e+06 2.70306e+06 2.70481e+06 2.7065e+06 2.70814e+06 2.70974e+06 2.71128e+06 2.71278e+06 2.71422e+06 2.71563e+06 2.71699e+06 2.71831e+06 2.71959e+06 2.72082e+06 2.72202e+06 2.72319e+06 2.72431e+06 2.7254e+06 0 0 0 0 0 0 0 0 0 0 0 0 0 0 0 0 0 0 0 0 0 0 0 0 0
