SBPRF35
0.288684
Curr Bio
112312
B35
268055
F35
0.443727
FOFL
0.238761
OFL
21036.9
Bzero
82481.2
#pred survey bio
 8815.92 9975 8092.6 7997.23 10796.8 16426.3 23058.9 29242 34021.7 51694.5 72470.2 88673.5 110412 117543 118125 107728 107991 101380 90050 91255.6 99553.9 106197 124683 111635 113007 117854 119919 107395 109117 5.15382e+06 4.68549e+06 3.69644e+06 2.65049e+06 1.86989e+06 1.36979e+06 1.07343e+06 904214 808560 753986 722145 703013 691157 683601 678641 675283 673070 671595 670604 669933 669478 669168 668956 668812 668713 668646 668600 668568 668547 668532 668522 668515 668510 668507 668504 668503 668502 668501 668501 668500 668500 668500 668500 668500 668500 668500 668500 668500 668500 668500 668500 668500 668500 668500 668500 668500 668500 668500 668500 668500 668500 668500 668500 668500 668500 668500 668500 668500 668500 668500 668500 668500 668500 668500 668500 668500 668500 668500 668500 668500 668500 668500 668500 668500 668500 668500 668500 668500 668500 668500 668500 668500 668500 668500 668500 668500 668500 668500 668500 668500 0 0 0 0 0 0 0 0 0 0 0 0 0 0 0 0 0 0 0 0 0 0 0 0 0
#obs survey bio
 6420.21 10080.3 9725.56 6244.68 20218 21698.3 26345.3 38079.8 30542.8 46232.6 74775 88569.6 115856 96401.7 91892.8 79492.9 98421.8 112655 97153 88981.4 115182 97553.5 135415 114341 108768 127109 101160 103349 86532.7
#pred catch bio
 1867.02 3731.82 3055.22 2465.46 3322.81 6959.31 11196.2 16337.1 15775.1 28248.1 47842.1 57881 75888.4 80906.1 88266 80658.9 82991.7 79990.9 71865.6 74724.6 85466.5 88188.9 115103 102988 106894 112244 118519 109107 92153.3 21036.9 65815.9 49796 33913.7 22628.8 15792.8 12024.2 10070.3 9099.14 8630.84 8409.95 8307.47 8260.51 8239.2 8229.57 8225.23 8223.33 8222.49 8222.12 8221.96 8221.89 8221.86 8221.84 8221.84 8221.84 8221.83 8221.83 8221.83 8221.83 8221.83 8221.83 8221.83 8221.83 8221.83 8221.83 8221.83 8221.83 8221.83 8221.83 8221.83 8221.83 8221.83 8221.83 8221.83 8221.83 8221.83 8221.83 8221.83 8221.83 8221.83 8221.83 8221.83 8221.83 8221.83 8221.83 8221.83 8221.83 8221.83 8221.83 8221.83 8221.83 8221.83 8221.83 8221.83 8221.83 8221.83 8221.83 8221.83 8221.83 8221.83 8221.83 8221.83 8221.83 8221.83 8221.83 8221.83 8221.83 8221.83 8221.83 8221.83 8221.83 8221.83 8221.83 8221.83 8221.83 8221.83 8221.83 8221.83 8221.83 8221.83 8221.83 8221.83 8221.83 8221.83 8221.83 8221.83 8221.83 8221.83 8221.83 8221.83 0 0 0 0 0 0 0 0 0 0 0 0 0 0 0 0 0 0 0 0 0 0 0 0 0
#obs catch bio
 3719.57 3979.82 3503.42 2704.06 3330.84 6993.19 10987.4 15741.5 15296.7 26261.3 45819.6 56652.6 70894.6 81668 91462.4 80823.9 81300.5 72231.3 69980.8 70590.1 74710.6 81715.1 101994 94524.4 102416 99421.1 106165 98855.7 88281.4
#pred cpue bio
 8112.14 9580.71 7545.01 7142.85 9441.86 14130.2 19636.5 25270.4 28594 42974.6 59770.9 71889 90902.8 98206.2 99066.1 88560.9 87886.9 83853.8 73156.5 71943.1 77688.2 81498.2 96596.6 85486.2 84657.5 87481.6 89803.2 79660.6 77044.6 4.03158e+06 4.64733e+06 3.65832e+06 2.61236e+06 1.83176e+06 1.33166e+06 1.0353e+06 866086 770432 715858 684017 664885 653029 645473 640513 637155 634942 633467 632476 631805 631350 631040 630828 630684 630585 630518 630472 630440 630419 630404 630394 630387 630382 630379 630377 630375 630374 630373 630373 630372 630372 630372 630372 630372 630372 630372 630372 630372 630372 630372 630372 630372 630372 630372 630372 630372 630372 630372 630372 630372 630372 630372 630372 630372 630372 630372 630372 630372 630372 630372 630372 630372 630372 630372 630372 630372 630372 630372 630372 630372 630372 630372 630372 630372 630372 630372 630372 630372 630372 630372 630372 630372 630372 630372 630372 630372 630372 630372 630372 630372 0 0 0 0 0 0 0 0 0 0 0 0 0 0 0 0 0 0 0 0 0 0 0 0 0
#obs cpue bio
 11953.3 5766.84 4026.94 4028.42 10019.8 13189.6 19000.8 26350.7 28442.8 80035.5 62618.3 70019.6 125429 92578.6 117443 122378 109222 126626 68014.5 96502 126236 103971 160825 108140 102172 140901 160322 124017 105627
#pred surv len freq
 9.69892e-12 1.05319e-09 6.7426e-08 2.545e-06 5.66356e-05 0.000743104 0.00574969 0.0262584 0.0711107 0.116843 0.128898 0.126916 0.13672 0.129415 0.0952778 0.062197 0.0396141 0.0239135 0.013995 0.00831066 0.00517621 0.00350858 0.00255599 0.00176627 0.000971182
 5.84128e-12 6.34294e-10 4.06081e-08 1.53276e-06 3.41098e-05 0.000447566 0.0034637 0.0158351 0.0431114 0.072674 0.0886862 0.108131 0.138409 0.145218 0.123001 0.0960424 0.0689339 0.0432952 0.0246131 0.0131482 0.00686111 0.00374358 0.00224318 0.00137966 0.000726918
 9.65694e-12 1.04863e-09 6.71341e-08 2.53398e-06 5.63902e-05 0.00073987 0.0057241 0.0261283 0.0705765 0.114505 0.119623 0.102111 0.097563 0.0973051 0.0909137 0.0828843 0.0699262 0.0520369 0.0338348 0.0189541 0.00932992 0.00429106 0.00201563 0.00100548 0.000472289
 1.25101e-11 1.35845e-09 8.69691e-08 3.28265e-06 7.30508e-05 0.000958462 0.0074151 0.0338435 0.0913671 0.147835 0.152509 0.124694 0.109767 0.0953176 0.0684702 0.0468616 0.0365746 0.0304371 0.0235035 0.0155239 0.00851324 0.00390151 0.00157834 0.000616618 0.000235627
 1.31478e-11 1.4277e-09 9.14024e-08 3.44998e-06 7.67746e-05 0.00100732 0.00779313 0.0355696 0.0960367 0.155469 0.160749 0.132355 0.11747 0.101883 0.071339 0.044045 0.0272995 0.0174941 0.0122173 0.00880823 0.00565045 0.00294675 0.0012289 0.000426649 0.000131213
 1.37499e-11 1.49307e-09 9.55878e-08 3.60796e-06 8.02901e-05 0.00105344 0.00814988 0.0371958 0.1004 0.162306 0.166764 0.134609 0.116432 0.0999041 0.0699491 0.0431698 0.0260421 0.0149364 0.00831819 0.00484791 0.00297183 0.00170084 0.000795892 0.000288153 8.15391e-05
 1.39467e-11 1.51445e-09 9.69565e-08 3.65962e-06 8.14398e-05 0.00106853 0.00826663 0.0377297 0.101855 0.164774 0.169831 0.138385 0.12078 0.102583 0.0687296 0.0391347 0.0220211 0.0121778 0.00640193 0.003211 0.00158987 0.000801729 0.000380921 0.000148588 4.36772e-05
 1.29879e-11 1.41034e-09 9.0291e-08 3.40804e-06 7.58412e-05 0.000995079 0.00769863 0.0351431 0.0949522 0.154252 0.162006 0.139736 0.130666 0.113884 0.0757051 0.041624 0.0220686 0.0112918 0.005473 0.00254443 0.00112146 0.000471703 0.000192433 7.19356e-05 2.17829e-05
 1.43841e-11 1.56194e-09 9.9997e-08 3.77439e-06 8.39936e-05 0.00110204 0.00852579 0.0389112 0.105026 0.169751 0.174248 0.140144 0.120149 0.100972 0.0669166 0.0370949 0.0196719 0.00980876 0.00448387 0.00191653 0.00076581 0.000284832 9.86521e-05 3.16218e-05 8.87221e-06
 1.48539e-11 1.61295e-09 1.03263e-07 3.89765e-06 8.67367e-05 0.00113802 0.00880411 0.0401793 0.10842 0.175007 0.178561 0.140814 0.117411 0.0971196 0.0636413 0.03474 0.0182095 0.00906922 0.00413052 0.00171664 0.000642925 0.00021649 6.57289e-05 1.79429e-05 4.3237e-06
 1.50459e-11 1.63381e-09 1.04598e-07 3.94804e-06 8.78581e-05 0.00115274 0.00891795 0.0406992 0.109826 0.177307 0.181041 0.143069 0.119358 0.0977555 0.061886 0.0313832 0.0151386 0.00717206 0.00319245 0.00131289 0.000484287 0.000156298 4.36113e-05 1.04774e-05 2.1575e-06
 1.55924e-11 1.69315e-09 1.08397e-07 4.09144e-06 9.10493e-05 0.00119461 0.00924179 0.0421755 0.113789 0.183531 0.18658 0.145294 0.118436 0.0949963 0.0579869 0.0270746 0.0115789 0.00490214 0.00198147 0.000759417 0.00026964 8.50701e-05 2.29689e-05 5.16193e-06 9.50842e-07
 1.48841e-11 1.61623e-09 1.03473e-07 3.90558e-06 8.69133e-05 0.00114034 0.00882217 0.0402644 0.108686 0.17573 0.180665 0.145912 0.125105 0.102715 0.062788 0.028916 0.0119267 0.00470905 0.00170432 0.000573708 0.000181868 5.29628e-05 1.36148e-05 2.94359e-06 5.12944e-07
 1.42214e-11 1.54428e-09 9.8866e-08 3.7317e-06 8.30437e-05 0.00108958 0.00842957 0.0384761 0.103906 0.168385 0.174912 0.145883 0.13039 0.109199 0.067288 0.0312606 0.013005 0.00511415 0.00179722 0.00056512 0.0001604 4.09085e-05 9.33723e-06 1.85458e-06 3.04858e-07
 1.40924e-11 1.53026e-09 9.79689e-08 3.69784e-06 8.22902e-05 0.00107969 0.0083531 0.0381273 0.102968 0.166897 0.173516 0.145116 0.130251 0.109656 0.0684131 0.0327197 0.0141675 0.0057346 0.00204379 0.000641583 0.000176769 4.19567e-05 8.54487e-06 1.48843e-06 2.18009e-07
 1.49341e-11 1.62166e-09 1.0382e-07 3.91869e-06 8.7205e-05 0.00114417 0.00885178 0.0403994 0.109048 0.1763 0.181177 0.146128 0.125028 0.102428 0.0623354 0.0284352 0.0116206 0.0046027 0.00167219 0.0005417 0.000152245 3.60444e-05 7.08245e-06 1.14058e-06 1.49018e-07
 1.53037e-11 1.6618e-09 1.0639e-07 4.0157e-06 8.93637e-05 0.00117249 0.00907082 0.0413976 0.111721 0.18045 0.184637 0.146836 0.123158 0.0996117 0.0597363 0.0263436 0.010157 0.00377357 0.00129202 0.000402719 0.000112987 2.73109e-05 5.45544e-06 8.72218e-07 1.09191e-07
 1.45492e-11 1.57987e-09 1.01145e-07 3.81771e-06 8.49577e-05 0.00111469 0.00862382 0.0393619 0.106288 0.172162 0.17844 0.147779 0.130667 0.108005 0.0644936 0.0276757 0.0101423 0.00356201 0.0011494 0.000334622 8.80083e-05 2.03819e-05 4.02376e-06 6.49178e-07 8.18684e-08
 1.53382e-11 1.66554e-09 1.06629e-07 4.02473e-06 8.95647e-05 0.00117513 0.00909122 0.0414907 0.111974 0.180864 0.185091 0.147269 0.123558 0.0997917 0.0594855 0.0257724 0.00957138 0.00334972 0.00104583 0.000287688 7.07232e-05 1.52518e-05 2.8217e-06 4.35819e-07 5.40329e-08
 1.64707e-11 1.78852e-09 1.14503e-07 4.3219e-06 9.61777e-05 0.00126189 0.00976218 0.0445471 0.120144 0.193428 0.19498 0.147477 0.114775 0.0889032 0.0517992 0.0216296 0.00758224 0.00254387 0.000785994 0.000215407 5.17116e-05 1.06004e-05 1.8314e-06 2.63136e-07 3.06434e-08
 1.67771e-11 1.82179e-09 1.16633e-07 4.4023e-06 9.79669e-05 0.00128536 0.00994373 0.0453745 0.12236 0.196875 0.197882 0.148157 0.113354 0.0866127 0.0495075 0.0196789 0.00626138 0.00188818 0.000538261 0.000139085 3.22824e-05 6.50201e-06 1.09491e-06 1.50044e-07 1.63791e-08
 1.73154e-11 1.88025e-09 1.20375e-07 4.54356e-06 0.00010111 0.0013266 0.0102627 0.0468274 0.126244 0.202853 0.202614 0.148342 0.109314 0.0815425 0.0458548 0.0176218 0.00520507 0.00141686 0.000363656 8.39689e-05 1.75489e-05 3.2722e-06 5.2491e-07 6.9729e-08 7.37283e-09
 1.69937e-11 1.84532e-09 1.18139e-07 4.45915e-06 9.9232e-05 0.00130196 0.0100721 0.0459594 0.123926 0.1993 0.199878 0.148484 0.112119 0.0848525 0.0479812 0.0185422 0.0055194 0.00149622 0.000369276 7.84527e-05 1.46348e-05 2.41608e-06 3.4587e-07 4.19879e-08 4.17707e-09
 1.73423e-11 1.88316e-09 1.20562e-07 4.55061e-06 0.000101267 0.00132866 0.0102786 0.0469003 0.126444 0.203194 0.203051 0.148905 0.109956 0.0818485 0.0454378 0.0167419 0.00446329 0.00104874 0.00023743 4.88877e-05 8.84395e-06 1.36748e-06 1.76451e-07 1.89356e-08 1.67335e-09
 1.80436e-11 1.95932e-09 1.25437e-07 4.73464e-06 0.000105362 0.00138239 0.0106941 0.0487926 0.131498 0.210931 0.208967 0.148461 0.103645 0.0745326 0.0409327 0.0149906 0.00394146 0.000893535 0.000188143 3.45472e-05 5.52643e-06 7.8629e-07 9.63084e-08 9.71588e-09 7.82901e-10
 1.83054e-11 1.98775e-09 1.27258e-07 4.80333e-06 0.000106891 0.00140245 0.0108492 0.0494992 0.133386 0.213834 0.211248 0.148496 0.101593 0.0719963 0.0391493 0.0140401 0.00349789 0.000725555 0.000141616 2.47386e-05 3.72788e-06 4.83227e-07 5.2728e-08 4.78689e-09 3.56353e-10
 1.8031e-11 1.95795e-09 1.2535e-07 4.73133e-06 0.000105289 0.00138142 0.0106866 0.0487588 0.13141 0.210815 0.208969 0.148768 0.104213 0.0749618 0.0408786 0.0145947 0.00357876 0.000717378 0.000133206 2.176e-05 3.01655e-06 3.61462e-07 3.67597e-08 3.06992e-09 2.06035e-10
 1.83122e-11 1.98849e-09 1.27305e-07 4.80513e-06 0.000106931 0.00140297 0.0108532 0.0495177 0.133437 0.213923 0.211372 0.148674 0.101809 0.0721071 0.0390233 0.0137622 0.00326528 0.000614195 0.000106724 1.66282e-05 2.20086e-06 2.48299e-07 2.34204e-08 1.80019e-09 1.113e-10
 1.96667e-11 2.13557e-09 1.36721e-07 5.16053e-06 0.00011484 0.00150673 0.0116556 0.0531723 0.143197 0.228856 0.222755 0.147701 0.0894414 0.0578444 0.0303368 0.0105114 0.00240546 0.000419386 6.63842e-05 9.57652e-06 1.18058e-06 1.24487e-07 1.10782e-08 8.03265e-10 4.63708e-11
#obs surv len freq
 2.50118e-11 2.41645e-09 1.37642e-07 4.62234e-06 9.15196e-05 0.00106836 0.00735411 0.0298718 0.071877 0.104576 0.101559 0.0900328 0.0964638 0.104646 0.10389 0.0951213 0.0764754 0.0536547 0.033544 0.0182376 0.0080816 0.00270299 0.000636999 0.000100411 1.0212e-05
 4.20831e-12 3.92153e-10 2.15449e-08 6.97875e-07 1.33287e-05 0.000150155 0.00099985 0.00397906 0.0100069 0.0197141 0.0425754 0.0909184 0.1435 0.162865 0.15315 0.131683 0.100745 0.0676088 0.040119 0.0204032 0.00835586 0.00256876 0.000555855 8.0489e-05 7.52249e-06
 8.74738e-11 7.8485e-09 4.15178e-07 1.29485e-05 0.000238092 0.00258112 0.0164974 0.062171 0.138181 0.181424 0.142161 0.0718924 0.039687 0.0521966 0.0779238 0.0825965 0.0621161 0.037147 0.0195667 0.00904273 0.00339409 0.000954066 0.00018831 2.48688e-05 2.12221e-06
 1.12501e-10 9.7032e-09 4.93415e-07 1.47928e-05 0.000261473 0.00272496 0.0167464 0.060743 0.130667 0.17092 0.152472 0.127231 0.117757 0.0904464 0.0505027 0.0277473 0.0209885 0.0158101 0.00916456 0.00402734 0.00136163 0.000343797 6.13021e-05 7.33817e-06 5.68686e-07
 1.28154e-10 1.0609e-08 5.17786e-07 1.48993e-05 0.00025277 0.00252841 0.0149153 0.0519549 0.107584 0.1371 0.125124 0.116794 0.124199 0.117534 0.0929094 0.0604993 0.0300058 0.0117138 0.00443923 0.00172173 0.000556436 0.0001302 2.09683e-05 2.25471e-06 1.57394e-07
 2.16816e-10 1.7202e-08 8.04644e-07 2.21906e-05 0.000360807 0.0034589 0.019554 0.0652518 0.129199 0.15594 0.129894 0.105323 0.102844 0.098213 0.0829058 0.0585007 0.0313156 0.0123038 0.00371032 0.000939807 0.000214317 4.16059e-05 6.01337e-06 5.87786e-07 3.71179e-08
 2.79629e-10 2.12336e-08 9.5061e-07 2.50912e-05 0.000390467 0.00358276 0.0193892 0.0619933 0.118157 0.140457 0.125261 0.119711 0.123988 0.109504 0.0816676 0.0527348 0.0275487 0.0111262 0.00346472 0.000825302 0.00014948 2.08697e-05 2.25079e-06 1.79322e-07 9.83939e-09
 4.27959e-10 3.10626e-08 1.32926e-06 3.3537e-05 0.000498864 0.00437531 0.0226328 0.0691632 0.125935 0.142701 0.120545 0.109756 0.113431 0.106472 0.0861064 0.0565968 0.027834 0.010202 0.00292314 0.000663062 0.000114209 1.42403e-05 1.2521e-06 7.68755e-08 3.26489e-09
 6.50909e-10 4.51051e-08 1.84276e-06 4.43867e-05 0.00063035 0.00527821 0.0260693 0.0760962 0.132637 0.145337 0.122618 0.113952 0.114937 0.101473 0.0770189 0.0486436 0.0236172 0.00862776 0.00241131 0.000515008 8.20507e-05 9.44575e-06 7.59656e-07 4.13843e-08 1.4931e-09
 9.91838e-10 6.55426e-08 2.55356e-06 5.86554e-05 0.000794359 0.00634319 0.0298792 0.0832129 0.138655 0.146566 0.122641 0.115235 0.115132 0.099625 0.0729305 0.0427725 0.0185072 0.0058775 0.00144239 0.000280058 4.14911e-05 4.44076e-06 3.29115e-07 1.63966e-08 5.36863e-10
 1.44374e-09 9.08845e-08 3.3731e-06 7.38091e-05 0.000952225 0.00724377 0.0325107 0.0863356 0.137723 0.141902 0.121615 0.119397 0.119032 0.100576 0.0712022 0.0396951 0.0159819 0.00458787 0.000982548 0.000163023 2.07941e-05 1.96319e-06 1.31258e-07 5.97039e-09 1.78949e-10
 2.1122e-09 1.26539e-07 4.46943e-06 9.30724e-05 0.00114273 0.00827317 0.0353434 0.0894147 0.136446 0.136936 0.119505 0.120913 0.120769 0.10191 0.0714289 0.0384421 0.0146098 0.00388732 0.000755838 0.000111168 1.22998e-05 9.94966e-07 5.70877e-08 2.25686e-09 5.97691e-11
 2.61949e-09 1.49208e-07 5.01082e-06 9.92128e-05 0.00115821 0.00797379 0.0324114 0.0782483 0.115616 0.119163 0.119234 0.135254 0.137778 0.115176 0.078742 0.0404545 0.0144197 0.00354672 0.000628737 8.33226e-05 8.22112e-06 5.86283e-07 2.93124e-08 1.00163e-09 2.28816e-11
 3.55454e-09 1.92343e-07 6.13634e-06 0.000115421 0.00128006 0.00837256 0.0323435 0.0743335 0.105397 0.107449 0.11158 0.131788 0.141253 0.126988 0.090969 0.0468975 0.0164579 0.00398171 0.000691194 8.78375e-05 8.06686e-06 5.22332e-07 2.33377e-08 7.05838e-10 1.41791e-11
 5.71327e-09 2.93466e-07 8.88729e-06 0.000158681 0.00167052 0.0103724 0.0380424 0.0830703 0.112285 0.110395 0.11225 0.129641 0.136258 0.120537 0.0842898 0.0422537 0.0145549 0.0035132 0.000613999 7.80011e-05 7.03226e-06 4.37542e-07 1.83854e-08 5.12754e-10 9.34876e-12
 9.23444e-09 4.49946e-07 1.29255e-05 0.000218919 0.00218621 0.0128773 0.0448181 0.093001 0.12024 0.115513 0.117056 0.131595 0.131668 0.110021 0.0724416 0.0341877 0.0111212 0.00255401 0.000429656 5.31601e-05 4.69886e-06 2.86403e-07 1.17009e-08 3.13577e-10 5.42135e-12
 1.2499e-08 5.77346e-07 1.57231e-05 0.000252458 0.00239019 0.0133504 0.044107 0.0873408 0.110352 0.111269 0.124133 0.142973 0.139351 0.111752 0.0698487 0.0310282 0.00945143 0.00202565 0.000317796 3.67972e-05 3.0648e-06 1.77378e-07 6.92313e-09 1.77802e-10 2.9451e-12
 1.80669e-08 7.90737e-07 2.04044e-05 0.00031043 0.00278489 0.0147407 0.0461763 0.0869288 0.105622 0.105736 0.119839 0.140032 0.140902 0.116968 0.0740593 0.0330255 0.010211 0.00224329 0.000355943 4.03367e-05 3.18976e-06 1.72438e-07 6.2594e-09 1.498e-10 2.32139e-12
 3.07631e-08 1.27522e-06 3.11659e-05 0.000449083 0.00381574 0.0191297 0.056765 0.101276 0.116822 0.111429 0.120572 0.134851 0.130508 0.104061 0.0630496 0.0270146 0.00813502 0.00177156 0.000282093 3.21247e-05 2.5289e-06 1.33776e-07 4.65783e-09 1.05085e-10 1.51739e-12
 4.95129e-08 1.94327e-06 4.49666e-05 0.000613482 0.00493549 0.0234314 0.0658885 0.111758 0.124178 0.117487 0.125943 0.134225 0.12126 0.0901631 0.0514312 0.0210096 0.00610779 0.00129569 0.000201715 2.24852e-05 1.73449e-06 8.98922e-08 3.05636e-09 6.68841e-11 9.28174e-13
 7.03332e-08 2.61297e-06 5.72335e-05 0.000739141 0.00562926 0.0253082 0.0675047 0.109457 0.119917 0.119046 0.133378 0.140304 0.122265 0.0865953 0.0463834 0.0176004 0.00472953 0.000930568 0.000135826 1.43596e-05 1.05839e-06 5.2589e-08 1.71624e-09 3.60522e-11 4.79914e-13
 1.00347e-07 3.52835e-06 7.31446e-05 0.000894044 0.00644485 0.0274344 0.0693943 0.107484 0.115582 0.118003 0.13535 0.142602 0.1244 0.0868594 0.0446733 0.015974 0.0039964 0.000724928 9.69401e-05 9.38908e-06 6.37403e-07 2.93945e-08 8.96668e-10 1.76976e-11 2.22048e-13
 1.36884e-07 4.55494e-06 8.93629e-05 0.00103374 0.00705333 0.028436 0.06832 0.101835 0.110236 0.120048 0.142359 0.148486 0.126777 0.0854688 0.0418097 0.0140986 0.00330963 0.000559719 6.91682e-05 6.13801e-06 3.79646e-07 1.59237e-08 4.42558e-10 7.98932e-12 9.21215e-14
 1.96443e-07 6.18623e-06 0.000114859 0.00125745 0.00812061 0.0310014 0.0706854 0.100949 0.107933 0.119936 0.143234 0.14949 0.127618 0.0842799 0.0394847 0.012605 0.00278786 0.000442277 5.09429e-05 4.1824e-06 2.37669e-07 9.10654e-09 2.30272e-10 3.7738e-12 3.94833e-14
 3.07391e-07 9.16146e-06 0.000160986 0.00166803 0.0101958 0.0368522 0.0796614 0.108464 0.112351 0.122529 0.142246 0.143834 0.118937 0.0756901 0.034147 0.0105721 0.0022848 0.000353262 3.90835e-05 3.02795e-06 1.60162e-07 5.66187e-09 1.31339e-10 1.96689e-12 1.87514e-14
 4.13474e-07 1.16639e-05 0.000193997 0.00190267 0.0110116 0.0377318 0.0777758 0.103459 0.111573 0.130358 0.151534 0.146899 0.115439 0.0700634 0.0304763 0.00924451 0.00198479 0.00030563 3.33529e-05 2.51163e-06 1.27256e-07 4.25248e-09 9.22034e-11 1.27934e-12 1.12293e-14
 4.95611e-07 1.32347e-05 0.000208376 0.00193482 0.0106059 0.0344935 0.0681375 0.0901966 0.105027 0.134507 0.161368 0.158216 0.123714 0.0722216 0.0293247 0.00816741 0.0016083 0.000230415 2.38696e-05 1.72995e-06 8.46528e-08 2.72108e-09 5.63256e-11 7.39921e-13 6.10103e-15
 8.30331e-07 2.09918e-05 0.000312903 0.00275053 0.0142718 0.0439085 0.0817956 0.100889 0.107214 0.1277 0.150623 0.150173 0.118269 0.0674729 0.0262197 0.00691529 0.00127707 0.000169518 1.61281e-05 1.07357e-06 4.86137e-08 1.46024e-09 2.84657e-11 3.53576e-13 2.75808e-15
 1.11447e-06 2.66782e-05 0.000376545 0.00313461 0.0154127 0.0450661 0.0808207 0.100482 0.115846 0.144332 0.160864 0.145005 0.104241 0.0561648 0.0213504 0.005661 0.00106036 0.000140483 1.29419e-05 8.11136e-07 3.39601e-08 9.35105e-10 1.66844e-11 1.90193e-13 1.36785e-15
#pred catch len freq
 6.93865e-12 7.53455e-10 4.82369e-08 1.82071e-06 4.05177e-05 0.000531644 0.00411429 0.0188072 0.0511724 0.086016 0.103818 0.123684 0.153759 0.152234 0.113135 0.0739668 0.0471182 0.0284437 0.0166462 0.00988505 0.0061568 0.00417325 0.0030402 0.00210088 0.00115516
 4.15892e-12 4.5161e-10 2.89125e-08 1.09131e-06 2.4286e-05 0.000318681 0.0024669 0.0112928 0.0309469 0.053786 0.0729289 0.104859 0.146774 0.157656 0.134138 0.104804 0.0752269 0.0472479 0.0268602 0.0143486 0.0074875 0.00408535 0.00244798 0.00150562 0.000793282
 7.3471e-12 7.97807e-10 5.10764e-08 1.92788e-06 4.29025e-05 0.000562914 0.00435545 0.0198903 0.0538553 0.0884136 0.0972302 0.0954933 0.105591 0.111269 0.105124 0.0959751 0.080979 0.0602624 0.0391831 0.0219502 0.0108047 0.00496935 0.00233424 0.00116442 0.000546944
 9.78711e-12 1.06276e-09 6.80391e-08 2.56814e-06 5.71505e-05 0.000749856 0.00580175 0.026492 0.0716865 0.117331 0.12732 0.120229 0.124353 0.115314 0.0840903 0.057697 0.045043 0.037485 0.0289459 0.0191186 0.0104845 0.00480493 0.00194382 0.0007594 0.000290188
 1.04243e-11 1.13196e-09 7.24691e-08 2.73535e-06 6.08716e-05 0.00079868 0.00617954 0.0282179 0.0763674 0.12508 0.13613 0.129509 0.134781 0.124637 0.0885599 0.0548139 0.0339838 0.021778 0.015209 0.0109652 0.00703412 0.00366834 0.00152983 0.000531125 0.000163344
 1.14742e-11 1.24596e-09 7.97674e-08 3.01082e-06 6.70018e-05 0.000879108 0.0068016 0.0310531 0.0839674 0.13694 0.146316 0.132583 0.1315 0.119577 0.0848615 0.0524938 0.0316751 0.0181674 0.0101176 0.00589663 0.00361471 0.00206878 0.000968063 0.000350487 9.9178e-05
 1.19466e-11 1.29726e-09 8.30519e-08 3.13479e-06 6.97606e-05 0.000915304 0.00708164 0.0323313 0.0874191 0.142532 0.152111 0.137302 0.135119 0.120723 0.0818499 0.0467041 0.0262872 0.0145374 0.00764234 0.00383315 0.00189792 0.000957068 0.000454726 0.000177378 5.21399e-05
 1.12934e-11 1.22633e-09 7.8511e-08 2.9634e-06 6.59466e-05 0.000865267 0.00669472 0.0305698 0.0827248 0.13543 0.147094 0.139099 0.143266 0.129644 0.0869237 0.0478657 0.0253829 0.0129878 0.00629505 0.0029266 0.00128991 0.000542553 0.000221337 8.27403e-05 2.50547e-05
 1.23179e-11 1.33758e-09 8.5633e-08 3.23222e-06 7.19286e-05 0.000943749 0.00730166 0.0333346 0.0901158 0.146798 0.156055 0.139343 0.135485 0.120204 0.0806911 0.044834 0.023783 0.0118589 0.00542105 0.0023171 0.000925874 0.000344365 0.000119272 3.82311e-05 1.07266e-05
 1.31933e-11 1.43263e-09 9.17186e-08 3.46192e-06 7.70403e-05 0.00101081 0.00782031 0.0356977 0.0964381 0.156567 0.163971 0.140256 0.129869 0.112667 0.0746862 0.0408547 0.0214205 0.0106686 0.00485897 0.00201939 0.000756311 0.000254669 7.73207e-05 2.11073e-05 5.08622e-06
 1.39784e-11 1.51789e-09 9.71766e-08 3.66793e-06 8.16248e-05 0.00107096 0.00828552 0.0378183 0.102126 0.165472 0.171754 0.142964 0.127758 0.108032 0.0689309 0.0350074 0.0168903 0.0080021 0.00356192 0.00146484 0.000540336 0.000174386 4.86586e-05 1.169e-05 2.40719e-06
 1.45276e-11 1.57753e-09 1.00995e-07 3.81205e-06 8.48317e-05 0.00111303 0.00861097 0.0393021 0.106111 0.171746 0.177413 0.145455 0.127229 0.105554 0.0649781 0.0303885 0.0129994 0.00550367 0.00222461 0.000852606 0.000302728 9.55091e-05 2.57874e-05 5.79535e-06 1.06752e-06
 1.39625e-11 1.51616e-09 9.70661e-08 3.66376e-06 8.15319e-05 0.00106974 0.00827619 0.0377775 0.102041 0.165534 0.172749 0.146102 0.132796 0.111921 0.0688537 0.0317486 0.0130975 0.00517143 0.00187167 0.000630042 0.000199726 5.81634e-05 1.49517e-05 3.23262e-06 5.63311e-07
 1.32721e-11 1.44119e-09 9.22663e-08 3.48259e-06 7.75004e-05 0.00101685 0.00786715 0.0359143 0.0970609 0.157881 0.166751 0.146063 0.138289 0.118669 0.0735494 0.0342077 0.0142334 0.00559732 0.00196702 0.000618512 0.000175554 4.47735e-05 1.02194e-05 2.0298e-06 3.3366e-07
 1.34898e-11 1.46483e-09 9.37798e-08 3.53972e-06 7.87716e-05 0.00103353 0.00799611 0.0365012 0.0986228 0.160226 0.168319 0.145184 0.135193 0.115618 0.0724037 0.0346529 0.0150062 0.00607414 0.0021648 0.000679571 0.000187235 4.4441e-05 9.0508e-06 1.57656e-06 2.30917e-07
 1.43715e-11 1.56058e-09 9.99096e-08 3.77109e-06 8.39203e-05 0.00110108 0.00851852 0.0388814 0.104992 0.170077 0.17635 0.146257 0.129743 0.10806 0.0660304 0.0301445 0.0123206 0.00488003 0.00177295 0.000574341 0.000161419 3.82163e-05 7.50921e-06 1.20931e-06 1.57997e-07
 1.48743e-11 1.61517e-09 1.03405e-07 3.90301e-06 8.68561e-05 0.00113959 0.0088164 0.0402387 0.108625 0.175702 0.180965 0.146973 0.126816 0.103954 0.062549 0.0276022 0.0106434 0.00395432 0.00135391 0.000422009 0.000118399 2.8619e-05 5.71676e-06 9.13997e-07 1.14421e-07
 1.42273e-11 1.54491e-09 9.89067e-08 3.73324e-06 8.3078e-05 0.00109003 0.0084331 0.0384933 0.103967 0.168605 0.175696 0.147904 0.133445 0.111285 0.0665959 0.02859 0.0104781 0.00367998 0.00118747 0.000345705 9.09231e-05 2.10569e-05 4.15703e-06 6.70679e-07 8.45798e-08
 1.50897e-11 1.63856e-09 1.04902e-07 3.95954e-06 8.8114e-05 0.0011561 0.00894404 0.0408203 0.110183 0.178118 0.182971 0.14736 0.125694 0.102318 0.061112 0.0264875 0.00983756 0.0034429 0.00107493 0.000295691 7.26907e-05 1.5676e-05 2.90019e-06 4.47943e-07 5.55361e-08
 1.63639e-11 1.77693e-09 1.1376e-07 4.29389e-06 9.55543e-05 0.00125371 0.00969893 0.0442591 0.119374 0.192249 0.194072 0.147525 0.115706 0.0899974 0.0524944 0.0219247 0.007686 0.00257869 0.000796754 0.000218356 5.24196e-05 1.07455e-05 1.85647e-06 2.66738e-07 3.1063e-08
 1.6892e-11 1.83427e-09 1.17432e-07 4.43245e-06 9.86378e-05 0.00129417 0.0100118 0.0456845 0.123188 0.198143 0.198854 0.148093 0.112333 0.0854219 0.0487639 0.0193782 0.00616542 0.00185923 0.000530009 0.000136953 3.17875e-05 6.40232e-06 1.07813e-06 1.47744e-07 1.6128e-08
 1.72783e-11 1.87621e-09 1.20117e-07 4.53381e-06 0.000100893 0.00132376 0.0102407 0.0467272 0.125977 0.202444 0.2023 0.148365 0.109648 0.0819301 0.0460943 0.0177155 0.00523286 0.00142443 0.000365599 8.44175e-05 1.76427e-05 3.28968e-06 5.27714e-07 7.01015e-08 7.41222e-09
 1.74569e-11 1.89561e-09 1.21359e-07 4.5807e-06 0.000101937 0.00133745 0.0103465 0.0472092 0.127264 0.20441 0.203787 0.148197 0.107959 0.0800211 0.0449911 0.0173661 0.00516821 0.00140098 0.000345768 7.34585e-05 1.37032e-05 2.26228e-06 3.23852e-07 3.93151e-08 3.91117e-09
 1.77797e-11 1.93067e-09 1.23603e-07 4.6654e-06 0.000103822 0.00136218 0.0105378 0.0480807 0.129596 0.208017 0.206729 0.148594 0.105966 0.0772457 0.0426324 0.015689 0.00418162 0.000982524 0.000222437 4.58006e-05 8.28549e-06 1.28113e-06 1.65308e-07 1.77399e-08 1.56768e-09
 1.85457e-11 2.01385e-09 1.28928e-07 4.8664e-06 0.000108295 0.00142086 0.0109916 0.0501475 0.135116 0.216467 0.213187 0.148099 0.0990584 0.0692443 0.0377132 0.013787 0.0036238 0.000821479 0.00017297 3.17612e-05 5.08074e-06 7.22879e-07 8.85415e-08 8.93233e-09 7.19763e-10
 1.88145e-11 2.04303e-09 1.30796e-07 4.93691e-06 0.000109864 0.00144144 0.0111508 0.0508727 0.137054 0.219445 0.215519 0.14811 0.0969144 0.0666162 0.0358943 0.0128475 0.00319957 0.000663636 0.00012953 2.26272e-05 3.40972e-06 4.41985e-07 4.82278e-08 4.37834e-09 3.25939e-10
 1.87286e-11 2.0337e-09 1.30199e-07 4.91437e-06 0.000109362 0.00143486 0.0110999 0.050641 0.136436 0.218502 0.214819 0.148232 0.0977905 0.0675821 0.0364211 0.0129704 0.00317892 0.000637176 0.000118312 1.93271e-05 2.67928e-06 3.21047e-07 3.26497e-08 2.72668e-09 1.82999e-10
 1.90961e-11 2.0736e-09 1.32754e-07 5.0108e-06 0.000111508 0.00146302 0.0113176 0.0516326 0.139085 0.222561 0.21794 0.148056 0.0945686 0.0637991 0.0340223 0.0119605 0.00283604 0.000533397 9.26832e-05 1.44405e-05 1.91131e-06 2.15632e-07 2.03392e-08 1.56336e-09 9.66574e-11
 1.96904e-11 2.13814e-09 1.36886e-07 5.16675e-06 0.000114978 0.00150854 0.0116697 0.0532362 0.143367 0.229117 0.222954 0.147682 0.0892219 0.0575929 0.030186 0.0104577 0.0023931 0.000417229 6.60428e-05 9.52727e-06 1.17451e-06 1.23847e-07 1.10213e-08 7.99135e-10 4.61324e-11
#obs catch len freq
 1.54147e-11 1.48925e-09 8.48284e-08 2.84874e-06 5.64038e-05 0.000658458 0.00453342 0.0184341 0.0446116 0.0668584 0.0735486 0.0854341 0.110579 0.124866 0.122642 0.111082 0.0898729 0.0647583 0.0422077 0.0239801 0.0110221 0.00378473 0.000907817 0.000144856 1.48734e-05
 1.75093e-11 1.63161e-09 8.96403e-08 2.90355e-06 5.54499e-05 0.000624379 0.00414701 0.0162797 0.0381874 0.056563 0.06565 0.0850464 0.115574 0.132076 0.131478 0.119314 0.0946965 0.065632 0.0404095 0.0214393 0.00915629 0.00291549 0.00064763 9.55314e-05 9.04608e-06
 1.28584e-12 1.15371e-10 6.10314e-09 1.90365e-07 3.50239e-06 3.80891e-05 0.000247598 0.00101756 0.00327644 0.0115036 0.0393085 0.0954527 0.151129 0.169024 0.157554 0.13417 0.101315 0.0670842 0.0391185 0.0193702 0.00763376 0.00223218 0.000455021 6.16276e-05 5.3605e-06
 1.77658e-11 1.5323e-09 7.79187e-08 2.33603e-06 4.12912e-05 0.000430321 0.00264463 0.00959417 0.0206584 0.0272166 0.025808 0.0304801 0.0616041 0.127226 0.192535 0.197885 0.145004 0.0852755 0.0441963 0.0198957 0.00717978 0.00191797 0.000356436 4.40158e-05 3.49507e-06
 5.46316e-11 4.52255e-09 2.2073e-07 6.35158e-06 0.000107761 0.00107816 0.00636805 0.0223298 0.0478619 0.0714187 0.102903 0.160961 0.19825 0.159185 0.0885081 0.0497946 0.0381099 0.0279906 0.0156907 0.0066591 0.00216107 0.000518582 8.70648e-05 9.74482e-06 7.0266e-07
 1.50497e-10 1.19403e-08 5.58521e-07 1.5403e-05 0.000250447 0.00240107 0.0135781 0.0453868 0.0906715 0.114414 0.112945 0.123655 0.141323 0.133781 0.104174 0.066177 0.0318848 0.012259 0.00463708 0.00176034 0.000544614 0.000120701 1.82844e-05 1.83845e-06 1.19433e-07
 2.84154e-10 2.15772e-08 9.65992e-07 2.54972e-05 0.000396784 0.00364067 0.019701 0.0629638 0.119742 0.140809 0.120698 0.10881 0.113196 0.108445 0.0903139 0.0621234 0.0321772 0.0122375 0.00359027 0.000889393 0.000197293 3.66259e-05 4.98863e-06 4.55826e-07 2.67831e-08
 3.37033e-10 2.44629e-08 1.04684e-06 2.64117e-05 0.000392879 0.00344598 0.0178315 0.0545888 0.100329 0.118879 0.116608 0.12943 0.140992 0.12375 0.0910482 0.0575906 0.0292421 0.0114483 0.00344694 0.000790896 0.000137607 1.83918e-05 1.88426e-06 1.41171e-07 7.22563e-09
 5.7025e-10 3.95158e-08 1.61441e-06 3.88864e-05 0.000552241 0.00462426 0.0228418 0.0667126 0.116621 0.129608 0.114909 0.115393 0.123349 0.114929 0.0912554 0.0582365 0.0276709 0.00982159 0.00272773 0.000596435 9.82441e-05 1.16402e-05 9.67922e-07 5.5939e-08 2.22441e-09
 9.31565e-10 6.15597e-08 2.39838e-06 5.5091e-05 0.000746089 0.00595782 0.0280659 0.0781921 0.13054 0.139253 0.120045 0.117237 0.118982 0.103551 0.0771906 0.0474258 0.0222648 0.00786123 0.00212063 0.000435212 6.62368e-05 7.23969e-06 5.49596e-07 2.81234e-08 9.4924e-10
 1.46876e-09 9.24594e-08 3.43156e-06 7.50881e-05 0.000968724 0.00736923 0.0330724 0.0878092 0.139925 0.143465 0.121139 0.116979 0.116218 0.0987787 0.0707219 0.0401412 0.0167252 0.00512813 0.0012176 0.00022769 3.22219e-05 3.27012e-06 2.28513e-07 1.06857e-08 3.27159e-10
 2.17979e-09 1.30588e-07 4.61246e-06 9.60509e-05 0.00117929 0.00853785 0.0364728 0.0922543 0.140641 0.140515 0.121004 0.120316 0.118233 0.0978797 0.0676126 0.0363744 0.0140542 0.00387887 0.000800939 0.000127909 1.56106e-05 1.40013e-06 8.83482e-08 3.77209e-09 1.05686e-10
 3.26595e-09 1.86031e-07 6.24743e-06 0.000123697 0.00144401 0.00994032 0.0403826 0.0972147 0.141608 0.137447 0.119355 0.120422 0.117829 0.0972564 0.0663031 0.0343148 0.0124804 0.00318407 0.000595174 8.40284e-05 8.87967e-06 6.82166e-07 3.69708e-08 1.37363e-09 3.40391e-11
 4.09766e-09 2.21732e-07 7.07394e-06 0.000133057 0.00147563 0.00965148 0.0372782 0.0856043 0.120883 0.121158 0.120808 0.135185 0.13422 0.109555 0.0726479 0.0357908 0.0121803 0.00286642 0.000487588 6.19334e-05 5.82847e-06 3.94262e-07 1.86054e-08 5.97461e-10 1.2777e-11
 5.67718e-09 2.91612e-07 8.83116e-06 0.000157679 0.00165998 0.010307 0.0378052 0.0825792 0.111797 0.110556 0.11352 0.131542 0.137605 0.12061 0.0833234 0.0410284 0.0137279 0.00317484 0.000527644 6.40449e-05 5.59245e-06 3.42778e-07 1.44396e-08 4.10194e-10 7.71265e-12
 9.22653e-09 4.4956e-07 1.29145e-05 0.000218731 0.00218433 0.0128659 0.0447722 0.0928434 0.119658 0.113699 0.113509 0.128075 0.131282 0.113065 0.0761197 0.0364329 0.0119745 0.0027645 0.000462109 5.59375e-05 4.78166e-06 2.80883e-07 1.11028e-08 2.90359e-10 4.95006e-12
 1.50045e-08 6.93081e-07 1.88749e-05 0.000303063 0.00286918 0.0160223 0.0528765 0.104131 0.128251 0.118774 0.117429 0.128314 0.12494 0.101511 0.0642894 0.028952 0.00898516 0.00197439 0.000317869 3.74799e-05 3.1391e-06 1.80398e-07 6.92137e-09 1.73637e-10 2.8028e-12
 2.0221e-08 8.85018e-07 2.28372e-05 0.000347443 0.0031169 0.0164971 0.0516633 0.0971163 0.117205 0.114729 0.125277 0.140076 0.132764 0.103392 0.0620633 0.0262751 0.00762788 0.00156304 0.000234595 2.58875e-05 2.04336e-06 1.115e-07 4.08558e-09 9.81594e-11 1.51673e-12
 2.97588e-08 1.23359e-06 3.01484e-05 0.000434422 0.00369119 0.0185059 0.0549238 0.0980762 0.113573 0.10963 0.120548 0.136509 0.13364 0.107433 0.0651519 0.0276861 0.00816451 0.00171288 0.000259022 2.78576e-05 2.082e-06 1.05985e-07 3.6101e-09 8.08074e-11 1.16789e-12
 5.05284e-08 1.98313e-06 4.58889e-05 0.000626061 0.00503658 0.0239086 0.0671919 0.113652 0.124793 0.114429 0.119734 0.129644 0.121999 0.0940934 0.0545749 0.022296 0.00641209 0.00133481 0.000202535 2.18585e-05 1.62255e-06 8.06138e-08 2.62787e-09 5.53621e-11 7.44822e-13
 8.15078e-08 3.02811e-06 6.63265e-05 0.000856559 0.00652304 0.0293157 0.0780505 0.125445 0.132461 0.119829 0.123281 0.126663 0.111087 0.0798961 0.0436577 0.017019 0.00472794 0.000958738 0.000142156 1.50085e-05 1.09093e-06 5.3051e-08 1.68664e-09 3.44179e-11 4.44412e-13
 1.16983e-07 4.11327e-06 8.527e-05 0.00104224 0.00751257 0.0319677 0.0807148 0.123948 0.128766 0.121453 0.129693 0.131162 0.110771 0.0757113 0.038769 0.01402 0.00359841 0.000677105 9.42022e-05 9.43634e-06 6.5528e-07 3.05363e-08 9.31273e-10 1.82296e-11 2.25622e-13
 1.69564e-07 5.64236e-06 0.000110696 0.00128048 0.00873552 0.0351911 0.0842358 0.123408 0.125227 0.120209 0.130503 0.132059 0.111474 0.0748369 0.036684 0.0124763 0.00297644 0.000515633 6.56758e-05 6.02692e-06 3.85609e-07 1.66827e-08 4.75599e-10 8.74572e-12 1.01989e-13
 2.34834e-07 7.39522e-06 0.000137305 0.00150314 0.00970601 0.0370296 0.084163 0.118471 0.120332 0.122114 0.136528 0.136687 0.112744 0.0729016 0.0339312 0.0108716 0.00243108 0.000392111 4.6087e-05 3.87073e-06 2.25494e-07 8.87115e-09 2.30428e-10 3.87614e-12 4.1544e-14
 3.39592e-07 1.01212e-05 0.000177849 0.00184272 0.0112624 0.0406863 0.0877321 0.11814 0.11792 0.121373 0.13655 0.136889 0.112675 0.0711423 0.0316485 0.00959026 0.00201885 0.000305133 3.33874e-05 2.59135e-06 1.38567e-07 4.97656e-09 1.1756e-10 1.79483e-12 1.74534e-14
 5.26976e-07 1.48657e-05 0.000247247 0.00242474 0.0140279 0.0479824 0.0980813 0.125828 0.121414 0.122426 0.133926 0.13011 0.103651 0.0630197 0.0270038 0.00794094 0.00163309 0.000240154 2.5181e-05 1.84066e-06 9.14946e-08 3.02905e-09 6.5604e-11 9.14888e-13 8.10447e-15
 7.23513e-07 1.93204e-05 0.000304185 0.00282405 0.0154703 0.0501595 0.0976726 0.121851 0.12091 0.129224 0.141121 0.13126 0.0992873 0.0575801 0.0238148 0.00686977 0.00140384 0.000205341 2.11939e-05 1.50276e-06 7.14237e-08 2.23188e-09 4.5131e-11 5.82671e-13 4.74977e-15
 8.92188e-07 2.25556e-05 0.000336213 0.00295544 0.0153351 0.0471804 0.087892 0.108364 0.114606 0.133789 0.151203 0.14224 0.10666 0.0592556 0.0228183 0.0060377 0.00113236 0.000154356 1.51423e-05 1.03345e-06 4.74028e-08 1.42326e-09 2.74444e-11 3.35129e-13 2.56427e-15
 1.47146e-06 3.52234e-05 0.000497134 0.00413764 0.0203252 0.0591643 0.103975 0.119545 0.115382 0.125022 0.13898 0.13286 0.100014 0.0541503 0.0199277 0.00498726 0.00087582 0.000110446 9.94416e-06 6.235e-07 2.64805e-08 7.43274e-10 1.3498e-11 1.55805e-13 1.12728e-15
#spawning biomass
 8884.47 10012.6 8146.5 8081.51 10930.4 16652.9 23396.5 29632.5 34557.6 52556.3 73725.2 90333.5 112338 119448 120002 109620 109977 103108 91718.8 93168.4 101721 108647 127467 114228 115822 120872 122910 110152 112312 150427 219216 166327 113815 76502.9 53900.8 41440.5 34980.1 31769.1 30220.7 29490.4 29151.6 28996.3 28925.8 28894 28879.7 28873.4 28870.6 28869.4 28868.8 28868.6 28868.5 28868.5 28868.4 28868.4 28868.4 28868.4 28868.4 28868.4 28868.4 28868.4 28868.4 28868.4 28868.4 28868.4 28868.4 28868.4 28868.4 28868.4 28868.4 28868.4 28868.4 28868.4 28868.4 28868.4 28868.4 28868.4 28868.4 28868.4 28868.4 28868.4 28868.4 28868.4 28868.4 28868.4 28868.4 28868.4 28868.4 28868.4 28868.4 28868.4 28868.4 28868.4 28868.4 28868.4 28868.4 28868.4 28868.4 28868.4 28868.4 28868.4 28868.4 28868.4 28868.4 28868.4 28868.4 28868.4 28868.4 28868.4 28868.4 28868.4 28868.4 28868.4 28868.4 28868.4 28868.4 28868.4 28868.4 28868.4 28868.4 28868.4 28868.4 28868.4 28868.4 28868.4 28868.4 28868.4 28868.4 28868.4 28868.4 0 0 0 0 0 0 0 0 0 0 0 0 0 0 0 0 0 0 0 0 0 0 0 0 0
