SBPRF35
0.185485
Curr Bio
205744
B35
190889
F35
1.35684
FOFL
1.35684
OFL
69751.3
Bzero
52994.1
#pred survey bio
 13181.6 15478 16937.4 18616 22012 26904.8 30035.4 36912.7 50582.7 64756.1 77755 94572.8 132578 162280 153889 130870 112443 116293 112394 105999 113244 118910 126627 123563 139882 148404 143549 156429 4.15527e+06 3.91012e+06 2.27756e+06 1.142e+06 726572 566096 490244 448524 423840 408823 399604 393936 390453 388317 387002 386190 385703 385411 385235 385129 385065 385027 385003 384989 384981 384976 384973 384971 384970 384969 384969 384968 384968 384968 384968 384968 384968 384968 384968 384968 384968 384968 384968 384968 384968 384968 384968 384968 384968 384968 384968 384968 384968 384968 384968 384968 384968 384968 384968 384968 384968 384968 384968 384968 384968 384968 384968 384968 384968 384968 384968 384968 384968 384968 384968 384968 384968 384968 384968 384968 384968 384968 384968 384968 384968 384968 384968 384968 384968 384968 384968 384968 384968 384968 384968 384968 384968 384968 384968 384968 0 0 0 0 0 0 0 0 0 0 0 0 0 0 0 0 0 0 0 0 0 0 0 0 0
#obs survey bio
 9932.3 11329.2 14401 15287.6 25437.9 27877.9 38506.7 38124.1 36569.5 58505.4 57620.5 111184 128111 133535 90438.5 106038 120809 75505.6 79626.1 88950 87256 90615 88705.6 104723 94653.7 185922 80016.9 150388
#pred catch bio
 4675.07 6855.06 7985.69 9037.32 10139.5 13731.7 15688.8 19324.6 28855 36930.5 47776.3 55480.4 78118.4 104887 106222 97976.9 76432.9 83472.1 85243.6 75871.1 84275.2 88072.4 100572 93029.1 108946 118688 108750 104595 69751.3 95934.1 50722.2 17657.8 9181.03 7445.15 7117.96 7059.3 7049.14 7047.42 7047.14 7047.09 7047.09 7047.09 7047.09 7047.08 7047.08 7047.08 7047.08 7047.08 7047.08 7047.08 7047.08 7047.08 7047.08 7047.08 7047.08 7047.08 7047.08 7047.08 7047.08 7047.08 7047.08 7047.08 7047.08 7047.08 7047.08 7047.08 7047.08 7047.08 7047.08 7047.08 7047.08 7047.08 7047.08 7047.08 7047.08 7047.08 7047.08 7047.08 7047.08 7047.08 7047.08 7047.08 7047.08 7047.08 7047.08 7047.08 7047.08 7047.08 7047.08 7047.08 7047.08 7047.08 7047.08 7047.08 7047.08 7047.08 7047.08 7047.08 7047.08 7047.08 7047.08 7047.08 7047.08 7047.08 7047.08 7047.08 7047.08 7047.08 7047.08 7047.08 7047.08 7047.08 7047.08 7047.08 7047.08 7047.08 7047.08 7047.08 7047.08 7047.08 7047.08 7047.08 7047.08 7047.08 7047.08 7047.08 7047.08 7047.08 0 0 0 0 0 0 0 0 0 0 0 0 0 0 0 0 0 0 0 0 0 0 0 0 0
#obs catch bio
 7495.19 6942.68 7981.14 9187.61 10017.3 13525.9 15316.4 18853.4 28393.2 36037.8 46710.6 54029.5 74714.8 101362 106235 98598.2 73960.6 81604.3 84815.8 74143.4 81332.2 86521.7 98551.6 89276.7 106526 114482 107104 102581
#pred cpue bio
 8572.96 9958.18 10485.3 11240.1 12546.9 15627.7 17433.9 19839.7 25731.8 32915.3 41184.7 46641.3 63040.6 84092.1 85386.9 71487.8 55879.2 58940.3 55909.8 50647.1 54100.4 55166.8 59038.5 55973.1 62319.4 66491.7 65594.2 70548.9 2.04576e+06 3.06641e+06 2.16771e+06 1.03929e+06 614774 452441 376223 334427 309726 294705 285486 279817 276335 274198 272883 272071 271584 271292 271116 271010 270946 270908 270885 270871 270862 270857 270854 270852 270851 270850 270850 270850 270849 270849 270849 270849 270849 270849 270849 270849 270849 270849 270849 270849 270849 270849 270849 270849 270849 270849 270849 270849 270849 270849 270849 270849 270849 270849 270849 270849 270849 270849 270849 270849 270849 270849 270849 270849 270849 270849 270849 270849 270849 270849 270849 270849 270849 270849 270849 270849 270849 270849 270849 270849 270849 270849 270849 270849 270849 270849 270849 270849 270849 270849 270849 270849 270849 270849 270849 270849 0 0 0 0 0 0 0 0 0 0 0 0 0 0 0 0 0 0 0 0 0 0 0 0 0
#obs cpue bio
 7190.27 10213.3 12968.5 10070.9 18614 19090.8 24761.5 26815.4 38547.5 57160.3 75957.5 74789.2 120802 144544 112994 106196 88604.2 116247 82301.5 95854.6 126014 86203.3 126600 134626 115184 104115 119628 125311
#pred surv len freq
 2.56544e-27 2.59435e-27 3.82356e-26 7.52609e-20 1.84493e-14 5.46686e-10 1.95814e-06 0.000847799 0.0443707 0.280702 0.214977 0.0401295 0.154412 0.142495 0.0316519 0.0365994 0.0154507 0.0115316 0.00698705 0.0052302 0.00402897 0.00341504 0.00335277 0.00292843 0.000888865
 2.56521e-27 2.59395e-27 3.8026e-26 7.48194e-20 1.83411e-14 5.43479e-10 1.94665e-06 0.000842825 0.0441104 0.279055 0.2137 0.0389432 0.146284 0.135598 0.0415404 0.0607462 0.0205703 0.0085001 0.00379485 0.00215063 0.00135185 0.000979301 0.000848393 0.00073747 0.000244771
 2.56571e-27 2.59518e-27 3.90026e-26 7.6879e-20 1.8846e-14 5.5844e-10 2.00024e-06 0.000866026 0.0453247 0.286737 0.219579 0.0397903 0.148599 0.137466 0.0370085 0.0500347 0.0187805 0.0104045 0.00332379 0.00104159 0.000438198 0.00024215 0.000172968 0.000140404 4.8122e-05
 2.56597e-27 2.59579e-27 3.94521e-26 7.78271e-20 1.90784e-14 5.65326e-10 2.0249e-06 0.000876706 0.0458836 0.290273 0.222289 0.0403778 0.151167 0.139733 0.0355906 0.0461377 0.0161761 0.00747249 0.00274489 0.000935155 0.000211577 6.60261e-05 3.333e-05 2.31143e-05 7.81362e-06
 2.56731e-27 2.59936e-27 4.25297e-26 8.43192e-20 2.06698e-14 6.12484e-10 2.19382e-06 0.000949839 0.0497111 0.314486 0.240773 0.0400738 0.135867 0.12551 0.0312015 0.039663 0.0135189 0.00563247 0.00185029 0.000575563 0.000147061 2.73728e-05 6.61235e-06 3.26051e-06 1.0277e-06
 2.56639e-27 2.59681e-27 4.02123e-26 7.94301e-20 1.94713e-14 5.7697e-10 2.06661e-06 0.000894763 0.0468287 0.296251 0.226868 0.041267 0.154717 0.142798 0.0323289 0.0378709 0.0128035 0.00517902 0.00162143 0.000447474 0.000100409 1.88727e-05 2.54328e-06 5.68622e-07 1.48146e-07
 2.5665e-27 2.59711e-27 4.0497e-26 8.00308e-20 1.96186e-14 5.81334e-10 2.08224e-06 0.000901531 0.0471829 0.298492 0.228574 0.0409736 0.151285 0.139705 0.0331449 0.0404785 0.0131023 0.00439476 0.0013296 0.000349771 7.0555e-05 1.15507e-05 1.374e-06 1.32689e-07 1.98566e-08
 2.56828e-27 2.6019e-27 4.46687e-26 8.88312e-20 2.17759e-14 6.45259e-10 2.31121e-06 0.00100067 0.0523712 0.331315 0.253626 0.0402575 0.128235 0.118313 0.0271483 0.0321833 0.0105256 0.00369418 0.00104444 0.000233343 4.43567e-05 6.56187e-06 6.70607e-07 4.50387e-08 2.73994e-09
 2.56887e-27 2.60337e-27 4.58498e-26 9.13224e-20 2.23866e-14 6.63355e-10 2.37602e-06 0.00102873 0.0538399 0.340606 0.260732 0.0409553 0.128553 0.118374 0.0229615 0.0225933 0.00722323 0.00230302 0.000653339 0.000147055 2.44034e-05 3.20511e-06 2.92693e-07 1.60926e-08 5.18892e-10
 2.56851e-27 2.60231e-27 4.48397e-26 8.91912e-20 2.18641e-14 6.47874e-10 2.32057e-06 0.00100472 0.0525834 0.332657 0.254676 0.0418167 0.139362 0.128237 0.0226917 0.0194665 0.00583819 0.00125994 0.000324996 6.6596e-05 1.10192e-05 1.32365e-06 1.04051e-07 4.97124e-09 1.1829e-10
 2.56769e-27 2.60012e-27 4.29297e-26 8.51619e-20 2.08764e-14 6.18606e-10 2.21574e-06 0.000959331 0.0502079 0.317629 0.243206 0.0421572 0.150012 0.138128 0.0255883 0.0235737 0.00694243 0.00126189 0.000284156 4.10524e-05 5.91874e-06 6.74771e-07 4.91221e-08 2.00838e-09 4.00134e-11
 2.56927e-27 2.60439e-27 4.67081e-26 9.31328e-20 2.28304e-14 6.76505e-10 2.42313e-06 0.00104912 0.0549072 0.347358 0.265889 0.0410248 0.125458 0.115467 0.0215261 0.0200171 0.00591628 0.00110916 0.000242768 2.90692e-05 3.17726e-06 2.74471e-07 1.81434e-08 6.79649e-10 1.15735e-11
 2.56969e-27 2.60548e-27 4.76157e-26 9.50473e-20 2.32997e-14 6.90411e-10 2.47294e-06 0.00107069 0.0560359 0.354499 0.271344 0.0412208 0.123117 0.113193 0.0190669 0.0149829 0.00442103 0.000836779 0.000184552 2.25001e-05 2.23892e-06 1.46628e-07 6.99239e-09 2.24873e-10 3.45351e-12
 2.56776e-27 2.60022e-27 4.29312e-26 8.51648e-20 2.08771e-14 6.18626e-10 2.21582e-06 0.000959363 0.0502096 0.31764 0.243226 0.042877 0.155476 0.143 0.0233819 0.0173115 0.00498937 0.00074953 0.000156517 1.91693e-05 1.92948e-06 1.21174e-07 4.52169e-09 1.02938e-10 1.29862e-12
 2.56633e-27 2.59638e-27 3.95887e-26 7.81138e-20 1.91487e-14 5.67409e-10 2.03236e-06 0.000879936 0.0460527 0.291342 0.223153 0.043398 0.173544 0.159796 0.0285843 0.0249382 0.00714364 0.000959598 0.000186394 1.84767e-05 1.74394e-06 1.10135e-07 3.99676e-09 7.36418e-11 6.5848e-13
 2.56694e-27 2.59809e-27 4.11331e-26 8.13718e-20 1.99473e-14 5.91075e-10 2.11713e-06 0.000916637 0.0479735 0.303494 0.23242 0.0426348 0.161225 0.148496 0.0278167 0.0260373 0.00755582 0.00117262 0.000233774 2.06977e-05 1.68902e-06 8.96616e-08 3.16676e-09 5.67868e-11 4.22048e-13
 2.56862e-27 2.60253e-27 4.49693e-26 8.94643e-20 2.19311e-14 6.49857e-10 2.32768e-06 0.0010078 0.0527444 0.333676 0.255462 0.0423508 0.142874 0.131351 0.0209376 0.0146701 0.0042023 0.000592781 0.000116826 1.13835e-05 9.19551e-07 4.1973e-08 1.23103e-09 2.02979e-11 1.45598e-13
 2.56815e-27 2.60126e-27 4.38354e-26 8.70722e-20 2.13447e-14 6.32482e-10 2.26544e-06 0.000980851 0.0513342 0.324754 0.248656 0.0427633 0.150796 0.138647 0.0219829 0.0152124 0.00428911 0.000485856 8.77649e-05 8.00277e-06 6.57022e-07 3.19208e-08 8.48411e-10 1.15875e-11 7.36082e-14
 2.5685e-27 2.6022e-27 4.46504e-26 8.87915e-20 2.17662e-14 6.44971e-10 2.31018e-06 0.00100022 0.0523478 0.331167 0.25355 0.0425983 0.146101 0.134296 0.0208611 0.0137499 0.00385297 0.000400345 6.78165e-05 5.03014e-06 3.64484e-07 1.69593e-08 4.71475e-10 6.17339e-12 3.30762e-14
 2.5691e-27 2.60379e-27 4.6027e-26 9.16953e-20 2.2478e-14 6.66064e-10 2.38573e-06 0.00103293 0.0540598 0.341997 0.261819 0.0425061 0.13959 0.128208 0.0183418 0.00954038 0.00263479 0.00023085 3.54156e-05 2.37387e-06 1.50064e-07 5.65405e-09 1.4338e-10 1.89305e-12 9.9968e-15
 2.56917e-27 2.60399e-27 4.6212e-26 9.20858e-20 2.25737e-14 6.689e-10 2.39589e-06 0.00103733 0.05429 0.343453 0.262928 0.042339 0.137539 0.126343 0.0185223 0.0104193 0.00286854 0.000224612 3.16154e-05 1.84775e-06 1.02722e-07 3.37397e-09 7.03581e-11 7.96946e-13 4.09534e-15
 2.56963e-27 2.60522e-27 4.72884e-26 9.43564e-20 2.31303e-14 6.85393e-10 2.45496e-06 0.00106291 0.0556286 0.351922 0.269391 0.0421387 0.131474 0.120715 0.0169496 0.00825262 0.00226233 0.000175046 2.42056e-05 1.27086e-06 6.17135e-08 1.71994e-09 3.09283e-11 2.89843e-13 1.24453e-15
 2.56948e-27 2.6048e-27 4.69039e-26 9.35453e-20 2.29315e-14 6.79501e-10 2.43386e-06 0.00105377 0.0551504 0.348897 0.267085 0.0423614 0.134789 0.123748 0.0170196 0.00764886 0.00208223 0.000143517 1.80658e-05 9.33451e-07 4.34793e-08 1.05694e-09 1.61453e-11 1.26843e-13 4.53087e-16
 2.56989e-27 2.6059e-27 4.78639e-26 9.55705e-20 2.34279e-14 6.94212e-10 2.48655e-06 0.00107658 0.0563444 0.35645 0.27285 0.0422131 0.12961 0.118933 0.0155203 0.00544463 0.00146103 8.53085e-05 8.93268e-06 4.0987e-07 1.67531e-08 3.92214e-10 5.478e-12 3.63689e-14 1.08185e-16
 2.57025e-27 2.6069e-27 4.87702e-26 9.74824e-20 2.38966e-14 7.081e-10 2.5363e-06 0.00109812 0.0574716 0.363581 0.278288 0.0417804 0.122497 0.112408 0.0150736 0.00606724 0.00163344 8.99883e-05 8.64347e-06 3.49967e-07 1.16422e-08 2.34152e-10 2.96024e-12 1.83233e-14 4.73049e-17
 2.57005e-27 2.60632e-27 4.82329e-26 9.63488e-20 2.36188e-14 6.99866e-10 2.5068e-06 0.00108535 0.0568033 0.359353 0.275066 0.0421414 0.127508 0.116983 0.0149909 0.00472919 0.00126128 6.96932e-05 6.70112e-06 2.56932e-07 7.52895e-09 1.26873e-10 1.3103e-12 6.99163e-15 1.65715e-17
 2.56966e-27 2.60525e-27 4.72743e-26 9.43265e-20 2.3123e-14 6.85176e-10 2.45419e-06 0.00106257 0.055611 0.35181 0.269312 0.0425388 0.134574 0.123478 0.0156711 0.00464525 0.00123061 5.92245e-05 4.48997e-06 1.69723e-07 4.89404e-09 7.60188e-11 6.72691e-13 2.89796e-15 5.71404e-18
 2.57005e-27 2.60636e-27 4.82913e-26 9.64722e-20 2.3649e-14 7.00762e-10 2.51001e-06 0.00108674 0.056876 0.359813 0.275414 0.041926 0.125624 0.115295 0.0155914 0.00652035 0.00175383 8.9495e-05 7.5458e-06 2.61371e-07 6.058e-09 9.08303e-11 7.7447e-13 2.9546e-15 4.81214e-18
#obs surv len freq
 1.24626e-41 1.72973e-33 2.90198e-26 5.88516e-20 1.44268e-14 4.27491e-10 1.5312e-06 0.000662959 0.0346966 0.219502 0.168341 0.0416822 0.1701 0.14244 0.0894603 0.0847729 0.0334795 0.0121194 0.0024563 0.000272811 1.23204e-05 1.66637e-07 5.10256e-10 2.88215e-13 2.62575e-17
 1.55937e-41 2.1643e-33 3.63106e-26 7.36372e-20 1.80513e-14 5.34893e-10 1.9159e-06 0.000829519 0.0434137 0.274648 0.210486 0.0426616 0.142112 0.113241 0.0741037 0.064623 0.02436 0.00795202 0.00142729 0.000135779 5.00187e-06 5.22799e-08 1.18912e-10 4.87097e-14 3.17317e-18
 1.29293e-41 1.79451e-33 3.01066e-26 6.10556e-20 1.49671e-14 4.43501e-10 1.58855e-06 0.000687787 0.035996 0.227723 0.174894 0.0517166 0.203779 0.14982 0.0732859 0.055422 0.0198754 0.00581532 0.000909554 7.20664e-05 2.1275e-06 1.71021e-08 2.88783e-11 8.57857e-15 3.99755e-19
 1.5553e-41 2.15866e-33 3.6216e-26 7.34453e-20 1.80042e-14 5.33499e-10 1.91091e-06 0.000827356 0.0433005 0.273933 0.210112 0.0473602 0.149793 0.109658 0.0850639 0.0598709 0.0157907 0.00374926 0.000506457 3.28935e-05 7.60124e-07 4.62977e-09 5.78033e-12 1.24593e-15 4.15873e-20
 1.53927e-41 2.13641e-33 3.58427e-26 7.26883e-20 1.78187e-14 5.28e-10 1.89121e-06 0.000818828 0.0428542 0.27111 0.208196 0.0552438 0.179599 0.118519 0.0640861 0.0419299 0.0143683 0.00297321 0.000284667 1.43707e-05 2.55763e-07 1.15975e-09 1.05747e-12 1.64582e-16 3.93373e-21
 1.34997e-41 1.87366e-33 3.14346e-26 6.37488e-20 1.56273e-14 4.63064e-10 1.65862e-06 0.000718125 0.0375838 0.237769 0.182988 0.0612808 0.205626 0.131142 0.0831201 0.0464268 0.0109977 0.00213823 0.00019966 7.19489e-06 9.03548e-08 2.98077e-10 1.9591e-13 2.1786e-17 3.70463e-22
 1.56277e-41 2.16902e-33 3.63897e-26 7.37977e-20 1.80906e-14 5.36058e-10 1.92007e-06 0.000831325 0.0435083 0.275249 0.211576 0.0580864 0.16569 0.105121 0.0835199 0.0441096 0.010605 0.00158533 0.000112199 3.51059e-06 3.22012e-08 7.18324e-11 3.27958e-14 2.56922e-18 3.08031e-23
 1.73245e-41 2.40453e-33 4.0341e-26 8.18107e-20 2.00549e-14 5.94264e-10 2.12856e-06 0.000921592 0.0482325 0.305137 0.2346 0.0627428 0.163057 0.0926213 0.05659 0.0277285 0.00728718 0.00102116 5.85239e-05 1.31554e-06 9.25286e-09 1.50623e-11 4.65611e-15 2.45841e-19 2.02528e-24
 1.65672e-41 2.29941e-33 3.85774e-26 7.82342e-20 1.91782e-14 5.68285e-10 2.03551e-06 0.000881304 0.0461239 0.291799 0.224824 0.0713239 0.185019 0.0980295 0.0548903 0.0221732 0.00435097 0.000552752 2.97941e-05 5.33514e-07 2.65061e-09 3.06941e-12 6.80984e-16 2.49399e-20 1.38779e-25
 1.53331e-41 2.12813e-33 3.57038e-26 7.24067e-20 1.77496e-14 5.25955e-10 1.88388e-06 0.000815656 0.0426882 0.270067 0.208666 0.0784833 0.199615 0.104763 0.0667542 0.0238837 0.0038818 0.000364991 1.5118e-05 2.30692e-07 9.0278e-10 7.41688e-13 1.13297e-16 2.89275e-21 1.12743e-26
 1.46518e-41 2.03358e-33 3.41175e-26 6.91895e-20 1.6961e-14 5.02585e-10 1.80018e-06 0.000779415 0.0407915 0.258071 0.199946 0.0842599 0.20409 0.107474 0.0751158 0.0251142 0.00403628 0.000310798 9.18404e-06 9.90061e-08 2.96199e-10 1.86839e-13 2.06866e-17 3.6614e-22 9.77502e-28
 1.8808e-41 2.61043e-33 4.37954e-26 8.88161e-20 2.17722e-14 6.45151e-10 2.31083e-06 0.00100051 0.0523626 0.331271 0.255451 0.0728924 0.140603 0.0738352 0.0530128 0.016691 0.00268446 0.000188168 4.64883e-06 3.56384e-08 7.17614e-11 3.18639e-14 2.58667e-18 3.34978e-23 6.38115e-29
 1.56905e-41 2.17773e-33 3.6536e-26 7.40943e-20 1.81633e-14 5.38213e-10 1.92779e-06 0.000834667 0.0436832 0.276374 0.215238 0.102328 0.213953 0.0902696 0.0430348 0.0122683 0.00189072 0.000121592 2.68781e-06 1.67653e-08 2.44664e-11 7.2905e-15 3.96417e-19 3.55381e-24 4.81511e-30
 1.27445e-41 1.76885e-33 2.96761e-26 6.01825e-20 1.4753e-14 4.3716e-10 1.56583e-06 0.000677952 0.0354813 0.224496 0.176721 0.113821 0.233551 0.119106 0.0775107 0.0168343 0.00170512 9.16229e-05 1.77512e-06 9.371e-09 1.09227e-11 2.41227e-15 9.1038e-20 5.47078e-25 4.95902e-31
 1.14729e-41 1.59236e-33 2.67151e-26 5.41777e-20 1.3281e-14 3.93541e-10 1.4096e-06 0.000610308 0.0319411 0.202108 0.160387 0.117427 0.227366 0.135329 0.0980759 0.023871 0.00277517 0.000106291 1.41386e-06 5.90312e-09 5.54129e-12 9.57882e-16 2.7222e-20 1.18265e-25 7.48225e-32
 1.55685e-41 2.16081e-33 3.6252e-26 7.35183e-20 1.80221e-14 5.34029e-10 1.91281e-06 0.000828179 0.0433436 0.274242 0.214771 0.100711 0.165377 0.104491 0.0743274 0.0193448 0.002462 9.97356e-05 1.14582e-06 3.24708e-09 2.13343e-12 2.76949e-16 5.99257e-21 1.95922e-26 9.15995e-33
 1.40933e-41 1.95606e-33 3.2817e-26 6.65523e-20 1.63145e-14 4.83429e-10 1.73156e-06 0.000749707 0.0392368 0.24829 0.197978 0.135939 0.215082 0.0969297 0.0512989 0.012831 0.00159613 6.61574e-05 7.60059e-07 1.91933e-09 9.38004e-13 8.24435e-17 1.23169e-21 2.8976e-27 9.9487e-34
 1.46132e-41 2.02822e-33 3.40275e-26 6.90071e-20 1.69163e-14 5.01261e-10 1.79543e-06 0.000777361 0.0406841 0.257456 0.205305 0.129912 0.189952 0.107868 0.0572321 0.00985941 0.000917794 3.45532e-05 3.72645e-07 8.75368e-10 3.76239e-13 2.64917e-17 2.87509e-22 4.64074e-28 1.08543e-34
 1.44031e-41 1.99905e-33 3.35382e-26 6.80149e-20 1.66731e-14 4.94053e-10 1.76962e-06 0.000766183 0.0400991 0.253785 0.204611 0.144573 0.195923 0.101391 0.0490513 0.00906569 0.000714145 1.82364e-05 1.51966e-07 3.04441e-10 1.12842e-13 6.73192e-18 5.9741e-23 7.51554e-29 1.30138e-35
 1.56062e-41 2.16604e-33 3.63399e-26 7.36965e-20 1.80658e-14 5.35324e-10 1.91744e-06 0.000830186 0.0434488 0.274995 0.221483 0.141295 0.174832 0.0946894 0.0414286 0.00652414 0.000462431 1.03768e-05 6.21276e-08 8.68275e-11 2.4481e-14 1.16601e-18 8.33664e-24 8.39364e-30 1.14677e-36
 1.50843e-41 2.09361e-33 3.51246e-26 7.12319e-20 1.74617e-14 5.17421e-10 1.85332e-06 0.000802423 0.0419959 0.265857 0.217734 0.16095 0.184959 0.0887209 0.0338132 0.0048715 0.000288992 5.29173e-06 2.59599e-08 2.7221e-11 5.30526e-15 1.76116e-19 9.18867e-25 6.98473e-31 7.31379e-38
 1.55204e-41 2.15413e-33 3.614e-26 7.32912e-20 1.79665e-14 5.32379e-10 1.9069e-06 0.000825621 0.0432101 0.273576 0.224997 0.160255 0.172527 0.0897865 0.0309149 0.00371999 0.000184149 2.76903e-06 1.06244e-08 8.60037e-12 1.26494e-15 3.01773e-20 1.08988e-25 5.71009e-32 4.19727e-39
 1.55566e-41 2.15916e-33 3.62244e-26 7.34623e-20 1.80084e-14 5.33622e-10 1.91135e-06 0.000827548 0.0433111 0.274285 0.228516 0.170881 0.170268 0.0828691 0.0259558 0.00296085 0.00012263 1.44284e-06 4.28888e-09 2.63573e-12 2.88946e-16 5.09982e-21 1.34796e-26 5.06768e-33 2.61684e-40
 1.59408e-41 2.21248e-33 3.71189e-26 7.52765e-20 1.84531e-14 5.468e-10 1.95855e-06 0.000847985 0.0443809 0.281123 0.236082 0.174089 0.162003 0.077866 0.0214287 0.00210189 7.48596e-05 7.31093e-07 1.66791e-09 7.60657e-13 6.14416e-17 7.93399e-22 1.52404e-27 4.14958e-34 1.54783e-41
 1.58991e-41 2.2067e-33 3.70219e-26 7.50797e-20 1.84049e-14 5.45371e-10 1.95343e-06 0.000845768 0.0442652 0.280502 0.239413 0.184492 0.159821 0.0717512 0.0173842 0.00148037 4.29618e-05 3.35318e-07 6.04111e-10 2.09771e-13 1.24341e-17 1.15893e-22 1.60102e-28 3.13196e-35 8.38063e-43
 1.37409e-41 1.90715e-33 3.19963e-26 6.48879e-20 1.59065e-14 4.71339e-10 1.68826e-06 0.000730959 0.0382572 0.242721 0.218958 0.216894 0.183064 0.0807949 0.0172842 0.00126321 3.0163e-05 1.86265e-07 2.56741e-10 6.73909e-14 2.98979e-18 2.05076e-23 2.04878e-29 2.86558e-36 5.45626e-44
 1.40769e-41 1.95378e-33 3.27787e-26 6.64746e-20 1.62955e-14 4.82865e-10 1.72954e-06 0.000748833 0.0391932 0.248743 0.22462 0.205747 0.176008 0.0869484 0.0169079 0.00106082 2.04809e-05 9.87282e-08 1.03457e-10 2.02054e-14 6.58401e-19 3.30155e-24 2.40466e-30 2.44026e-37 3.34814e-45
 1.46711e-41 2.03625e-33 3.41624e-26 6.92805e-20 1.69833e-14 5.03247e-10 1.80255e-06 0.000780442 0.0408474 0.259195 0.232023 0.203227 0.169177 0.0780187 0.0156854 0.00102644 1.82482e-05 7.54848e-08 6.55929e-11 1.04526e-14 2.75602e-19 1.11224e-24 6.49893e-31 5.28703e-38 5.81933e-46
#pred catch len freq
 2.55785e-27 2.57418e-27 2.08783e-26 3.86461e-20 9.47364e-15 2.80721e-10 1.00549e-06 0.000435341 0.0227842 0.14414 0.110718 0.0412581 0.23625 0.218541 0.0544541 0.0697167 0.0294431 0.0219306 0.0131974 0.00982252 0.00754003 0.00638073 0.00626067 0.00546759 0.00165954
 2.55796e-27 2.57477e-27 2.15857e-26 4.01391e-20 9.83962e-15 2.91565e-10 1.04434e-06 0.000452159 0.0236644 0.149708 0.11494 0.0393989 0.219139 0.203746 0.0701718 0.108999 0.0368727 0.015139 0.00671459 0.00377906 0.00236639 0.00171122 0.00148152 0.00128763 0.000427364
 2.55873e-27 2.57667e-27 2.30438e-26 4.32143e-20 1.05935e-14 3.13903e-10 1.12435e-06 0.0004868 0.0254774 0.161177 0.123725 0.0410853 0.2258 0.209393 0.0621199 0.0893795 0.0334708 0.0184036 0.00585375 0.00181869 0.000761721 0.00042005 0.000299819 0.000243331 8.33974e-05
 2.55917e-27 2.57771e-27 2.37973e-26 4.48032e-20 1.0983e-14 3.25445e-10 1.16569e-06 0.000504699 0.0264141 0.167104 0.128268 0.0421933 0.23104 0.214035 0.059499 0.0820678 0.0287136 0.0131434 0.00480075 0.0016242 0.000366036 0.000113896 5.74378e-05 3.98242e-05 1.3462e-05
 2.56048e-27 2.58113e-27 2.67145e-26 5.09569e-20 1.24915e-14 3.70144e-10 1.3258e-06 0.000574019 0.0300421 0.190055 0.145793 0.042196 0.218748 0.202551 0.0549358 0.0744821 0.0253433 0.0104641 0.0034203 0.00105557 0.000268671 4.98966e-05 1.20361e-05 5.93282e-06 1.86993e-06
 2.55993e-27 2.57949e-27 2.51153e-26 4.75826e-20 1.16643e-14 3.45634e-10 1.238e-06 0.000536008 0.0280527 0.17747 0.13621 0.0438672 0.238199 0.220246 0.053478 0.0666711 0.0224918 0.00899762 0.00280297 0.000767276 0.000171475 3.21526e-05 4.32784e-06 9.67043e-07 2.5193e-07
 2.56009e-27 2.57997e-27 2.55643e-26 4.85299e-20 1.18965e-14 3.52515e-10 1.26265e-06 0.00054668 0.0286112 0.181003 0.138901 0.043422 0.232921 0.215493 0.0547973 0.0708202 0.022881 0.00758287 0.00228225 0.000595472 0.000119644 1.95372e-05 2.32123e-06 2.24041e-07 3.35213e-08
 2.56218e-27 2.58554e-27 3.03862e-26 5.87018e-20 1.439e-14 4.26402e-10 1.5273e-06 0.000661263 0.0346081 0.218941 0.167861 0.0428984 0.208589 0.192827 0.0469315 0.0585829 0.0191139 0.00661819 0.00186232 0.000412443 7.80772e-05 1.15209e-05 1.17593e-06 7.89335e-08 4.80088e-09
 2.56345e-27 2.58872e-27 3.2957e-26 6.41242e-20 1.57193e-14 4.6579e-10 1.66838e-06 0.000722346 0.037805 0.239165 0.183324 0.0441851 0.207517 0.191382 0.0384306 0.0395107 0.0125977 0.00394907 0.00111414 0.000248573 4.10862e-05 5.38105e-06 4.90769e-07 2.69679e-08 8.69358e-10
 2.56305e-27 2.58752e-27 3.17719e-26 6.16237e-20 1.51063e-14 4.47627e-10 1.60332e-06 0.000694178 0.0363308 0.229839 0.176224 0.0454882 0.222422 0.204946 0.0374101 0.03372 0.0100995 0.00214328 0.000549427 0.000111569 1.83845e-05 2.20253e-06 1.72902e-07 8.25579e-09 1.964e-10
 2.56238e-27 2.58573e-27 3.02331e-26 5.83775e-20 1.43105e-14 4.24047e-10 1.51886e-06 0.00065761 0.034417 0.217732 0.166981 0.0456087 0.229833 0.211879 0.0403361 0.0386337 0.0113629 0.00202879 0.000454058 6.49793e-05 9.32356e-06 1.0599e-06 7.70566e-08 3.14853e-09 6.27129e-11
 2.56415e-27 2.59053e-27 3.4475e-26 6.73263e-20 1.65042e-14 4.8905e-10 1.75169e-06 0.000758416 0.0396928 0.251108 0.192446 0.0443483 0.20235 0.186512 0.0357317 0.0345231 0.0101895 0.00187627 0.000408374 4.84507e-05 5.27059e-06 4.53765e-07 2.99499e-08 1.12121e-09 1.90876e-11
 2.56479e-27 2.59218e-27 3.58446e-26 7.02152e-20 1.72124e-14 5.10034e-10 1.82686e-06 0.000790959 0.041396 0.261883 0.20068 0.0447669 0.19975 0.183911 0.0316271 0.0258198 0.00760826 0.00141347 0.000309949 3.74417e-05 3.70948e-06 2.42115e-07 1.15261e-08 3.70382e-10 5.68657e-12
 2.5628e-27 2.58673e-27 3.09708e-26 5.99334e-20 1.46919e-14 4.35349e-10 1.55935e-06 0.000675137 0.0353342 0.223535 0.171428 0.0465966 0.234226 0.215648 0.0358292 0.0274013 0.00788942 0.00116298 0.000241114 2.92558e-05 2.93178e-06 1.83526e-07 6.83726e-09 1.55512e-10 1.96114e-12
 2.56146e-27 2.58317e-27 2.79057e-26 5.34674e-20 1.31069e-14 3.88381e-10 1.39111e-06 0.0006023 0.0315222 0.199419 0.153016 0.0467744 0.248515 0.229021 0.0416015 0.0371859 0.0106407 0.0014022 0.00027029 2.65483e-05 2.49289e-06 1.56918e-07 5.68557e-09 1.04671e-10 9.35539e-13
 2.56271e-27 2.58659e-27 3.09729e-26 5.99381e-20 1.46931e-14 4.35383e-10 1.55947e-06 0.00067519 0.035337 0.223552 0.171424 0.0455483 0.226251 0.208542 0.039186 0.0368409 0.0106706 0.00161927 0.000320466 2.81168e-05 2.28219e-06 1.20718e-07 4.25622e-09 7.62601e-11 5.66557e-13
 2.56419e-27 2.59046e-27 3.4253e-26 6.68572e-20 1.63892e-14 4.85642e-10 1.73949e-06 0.000753133 0.0394162 0.249358 0.191134 0.0458102 0.214397 0.1973 0.031693 0.0225889 0.00646225 0.00089295 0.000174631 1.68609e-05 1.3556e-06 6.16606e-08 1.80511e-09 2.97354e-11 2.13208e-13
 2.56395e-27 2.58981e-27 3.36584e-26 6.56029e-20 1.60818e-14 4.76531e-10 1.70686e-06 0.000739003 0.0386768 0.24468 0.187566 0.0460949 0.21907 0.201591 0.0320734 0.0223698 0.00630006 0.000699254 0.000125099 1.13026e-05 9.23147e-07 4.46988e-08 1.18604e-09 1.61827e-11 1.02751e-13
 2.5648e-27 2.5921e-27 3.56702e-26 6.98469e-20 1.71221e-14 5.07359e-10 1.81727e-06 0.00078681 0.0411788 0.260509 0.199645 0.0456211 0.206977 0.1904 0.0295011 0.0193226 0.00540733 0.000550138 9.21948e-05 6.779e-06 4.88231e-07 2.26362e-08 6.28199e-10 8.21802e-12 4.40108e-14
 2.56519e-27 2.5931e-27 3.65018e-26 7.16009e-20 1.75521e-14 5.201e-10 1.86291e-06 0.00080657 0.042213 0.267051 0.204644 0.0458612 0.205292 0.188725 0.0270246 0.0141002 0.00389096 0.000334627 5.07247e-05 3.37207e-06 2.11846e-07 7.95259e-09 2.01266e-10 2.65473e-12 1.4013e-14
 2.56555e-27 2.59409e-27 3.73962e-26 7.34878e-20 1.80147e-14 5.33807e-10 1.91201e-06 0.000827825 0.0433254 0.274089 0.210011 0.0454171 0.198142 0.18217 0.0266535 0.0149016 0.00409882 0.000315209 4.37649e-05 2.53815e-06 1.40136e-07 4.58601e-09 9.54361e-11 1.0798e-12 5.5461e-15
 2.56614e-27 2.59567e-27 3.87726e-26 7.63914e-20 1.87264e-14 5.54897e-10 1.98755e-06 0.000860533 0.0450372 0.284918 0.218277 0.045191 0.190614 0.175175 0.024543 0.0118537 0.00324632 0.000246702 3.36469e-05 1.75408e-06 8.45539e-08 2.34786e-09 4.21259e-11 3.94324e-13 1.6922e-15
 2.56646e-27 2.59652e-27 3.95208e-26 7.79698e-20 1.91133e-14 5.66363e-10 2.02862e-06 0.000878313 0.0459678 0.290805 0.22277 0.0450603 0.186462 0.171321 0.0234315 0.0102907 0.00279762 0.000189517 2.3472e-05 1.20409e-06 5.5673e-08 1.34856e-09 2.05513e-11 1.6126e-13 5.75676e-16
 2.56662e-27 2.59693e-27 3.98537e-26 7.8672e-20 1.92855e-14 5.71463e-10 2.04689e-06 0.000886223 0.0463817 0.293424 0.224772 0.0452078 0.186178 0.170997 0.0222575 0.00769814 0.00206366 0.000118818 1.2216e-05 5.56868e-07 2.25783e-08 5.26675e-10 7.33905e-12 4.86636e-14 1.44663e-16
 2.56735e-27 2.59896e-27 4.16782e-26 8.2521e-20 2.0229e-14 5.99422e-10 2.14703e-06 0.000929582 0.048651 0.30778 0.235721 0.0444056 0.172381 0.158327 0.0211271 0.00830872 0.00223422 0.000121453 1.14367e-05 4.6043e-07 1.51816e-08 3.04208e-10 3.83601e-12 2.3714e-14 6.11825e-17
 2.56727e-27 2.59871e-27 4.14333e-26 8.20043e-20 2.01024e-14 5.95669e-10 2.13359e-06 0.000923762 0.0483464 0.305853 0.234254 0.0447192 0.175798 0.161419 0.0205915 0.00631201 0.00168057 9.16063e-05 8.63369e-06 3.29308e-07 9.56213e-09 1.60563e-10 1.65351e-12 8.81069e-15 2.08682e-17
 2.56635e-27 2.59618e-27 3.91682e-26 7.72258e-20 1.8931e-14 5.60958e-10 2.00926e-06 0.000869932 0.0455291 0.28803 0.22066 0.0456126 0.192148 0.176458 0.0223466 0.00652798 0.00172773 8.23083e-05 6.10614e-06 2.29553e-07 6.56005e-09 1.01556e-10 8.96068e-13 3.85476e-15 7.59443e-18
 2.56607e-27 2.59547e-27 3.85722e-26 7.59686e-20 1.86228e-14 5.51826e-10 1.97655e-06 0.00085577 0.0447879 0.283341 0.217077 0.0454572 0.193483 0.177773 0.0241108 0.010214 0.00274773 0.000138785 1.14887e-05 3.96286e-07 9.09964e-09 1.35932e-10 1.15574e-12 4.4031e-15 7.16529e-18
#obs catch len freq
 5.96756e-42 8.28258e-34 1.38957e-26 2.81803e-20 6.90807e-15 2.04699e-10 7.33197e-07 0.000317449 0.016614 0.105106 0.0810242 0.0423069 0.226601 0.191386 0.131953 0.12779 0.0526664 0.0196376 0.00410224 0.000471631 2.22764e-05 3.15826e-07 1.00998e-09 5.93006e-13 5.59014e-17
 6.82926e-42 9.47856e-34 1.59023e-26 3.22494e-20 7.90557e-15 2.34257e-10 8.39069e-07 0.000363288 0.019013 0.120284 0.0927263 0.046127 0.229762 0.184524 0.129223 0.114561 0.0449495 0.0152791 0.00289045 0.000286441 1.0982e-05 1.19725e-07 2.83584e-10 1.20443e-13 8.09936e-18
 1.032e-41 1.43235e-33 2.40306e-26 4.87336e-20 1.19465e-14 3.53996e-10 1.26796e-06 0.000548981 0.0287315 0.181765 0.139744 0.0481787 0.202193 0.154307 0.110148 0.0892034 0.0332304 0.010118 0.00168377 0.000141705 4.38776e-06 3.66713e-08 6.41906e-11 1.97121e-14 9.46271e-19
 8.80614e-42 1.22223e-33 2.05055e-26 4.15848e-20 1.0194e-14 3.02067e-10 1.08196e-06 0.00046845 0.0245168 0.155103 0.11972 0.060086 0.262372 0.183123 0.0958715 0.0674994 0.0237944 0.00645056 0.00092782 6.44993e-05 1.58696e-06 1.01266e-08 1.30955e-11 2.90802e-15 9.96997e-20
 1.20955e-41 1.67878e-33 2.8165e-26 5.71181e-20 1.40018e-14 4.149e-10 1.4861e-06 0.000643432 0.0336747 0.213038 0.163857 0.0539822 0.193885 0.136131 0.110927 0.0710345 0.0182592 0.00403916 0.000497653 2.80979e-05 5.36912e-07 2.58032e-09 2.45653e-12 3.94742e-16 9.67883e-21
 1.28515e-41 1.7837e-33 2.99253e-26 6.06878e-20 1.48769e-14 4.4083e-10 1.57898e-06 0.000683644 0.0357792 0.226353 0.174336 0.0634896 0.219475 0.137347 0.0772226 0.0467198 0.0154466 0.00288155 0.000251776 1.10164e-05 1.60886e-07 5.72521e-10 3.96644e-13 4.59119e-17 8.04874e-22
 1.17071e-41 1.62487e-33 2.72606e-26 5.52839e-20 1.35522e-14 4.01576e-10 1.43838e-06 0.000622769 0.0325933 0.206199 0.159237 0.0696206 0.235745 0.143123 0.0929053 0.0470804 0.0107864 0.00192227 0.000158746 4.8953e-06 5.04427e-08 1.30117e-10 6.4782e-14 5.34726e-18 6.66033e-23
 1.45208e-41 2.01539e-33 3.38123e-26 6.85706e-20 1.68093e-14 4.9809e-10 1.78408e-06 0.000772443 0.0404266 0.255755 0.197002 0.0646528 0.184648 0.112466 0.0899093 0.0430757 0.00987609 0.00132737 8.41356e-05 2.2212e-06 1.64738e-08 2.87028e-11 9.9189e-15 5.75978e-19 5.05292e-24
 1.6787e-41 2.32992e-33 3.90893e-26 7.92723e-20 1.94327e-14 5.75826e-10 2.06252e-06 0.000892998 0.046736 0.295671 0.22769 0.0687449 0.174702 0.0944306 0.057864 0.0259749 0.00644823 0.000802829 4.03833e-05 7.65638e-07 4.33627e-09 5.46674e-12 1.27658e-15 4.99616e-20 3.01014e-25
 1.64366e-41 2.28129e-33 3.82734e-26 7.76177e-20 1.90271e-14 5.63807e-10 2.01946e-06 0.000874358 0.0457604 0.289502 0.223432 0.0771954 0.190496 0.095888 0.0533005 0.0194945 0.00362393 0.000411909 1.91857e-05 2.84969e-07 1.13414e-09 1.0159e-12 1.69749e-16 4.60255e-21 1.87388e-26
 1.55792e-41 2.16229e-33 3.62769e-26 7.35688e-20 1.80345e-14 5.34396e-10 1.91412e-06 0.000828748 0.0433734 0.274404 0.212378 0.0839466 0.199294 0.100087 0.0623113 0.0200603 0.00305042 0.00025449 9.16936e-06 1.15234e-07 3.56856e-10 2.25576e-13 2.59241e-17 4.89592e-22 1.39533e-27
 1.51732e-41 2.10594e-33 3.53314e-26 7.16515e-20 1.75645e-14 5.20469e-10 1.86423e-06 0.000807149 0.042243 0.267257 0.207397 0.0892782 0.199632 0.101367 0.0681765 0.0205766 0.00305318 0.000205296 5.2249e-06 4.64573e-08 1.09831e-10 5.29854e-14 4.39703e-18 5.75114e-23 1.12253e-28
 1.9272e-41 2.67483e-33 4.48758e-26 9.10072e-20 2.23093e-14 6.61066e-10 2.36783e-06 0.00102519 0.0536544 0.339446 0.262027 0.0761166 0.135753 0.0691669 0.0472184 0.0134849 0.00198187 0.000120432 2.51987e-06 1.57591e-08 2.50523e-11 8.50889e-15 5.16592e-19 4.93322e-24 6.86659e-30
 1.62437e-41 2.25452e-33 3.78242e-26 7.67067e-20 1.88037e-14 5.57189e-10 1.99576e-06 0.000864096 0.0452233 0.286123 0.223286 0.107238 0.205494 0.0826494 0.0378342 0.00983556 0.00137319 7.62628e-05 1.41227e-06 7.10153e-09 8.11042e-12 1.84445e-15 7.501e-20 4.95443e-25 4.8971e-31
 1.33817e-41 1.85729e-33 3.11599e-26 6.31916e-20 1.54907e-14 4.59017e-10 1.64412e-06 0.000711849 0.0372554 0.235728 0.186117 0.120134 0.225721 0.112274 0.0676648 0.0131196 0.00121499 5.65828e-05 9.11916e-07 3.85038e-09 3.48413e-12 5.84069e-16 1.64543e-20 7.28637e-26 4.8189e-32
 1.21774e-41 1.69015e-33 2.83557e-26 5.75049e-20 1.40966e-14 4.17709e-10 1.49617e-06 0.000647789 0.0339027 0.214529 0.17083 0.124166 0.220269 0.12931 0.0854935 0.0188556 0.00193031 6.29474e-05 7.0165e-07 2.34018e-09 1.69602e-12 2.21443e-16 4.68219e-21 1.49706e-26 6.91348e-33
 1.63448e-41 2.26856e-33 3.80597e-26 7.71844e-20 1.89208e-14 5.60659e-10 2.00819e-06 0.000869477 0.045505 0.287925 0.225938 0.104509 0.157117 0.0980642 0.0633062 0.0150377 0.00166948 5.69806e-05 5.34233e-07 1.20397e-09 6.11766e-13 5.98471e-17 9.60449e-22 2.30559e-27 7.85848e-34
 1.48701e-41 2.06387e-33 3.46257e-26 7.02203e-20 1.72137e-14 5.10073e-10 1.827e-06 0.000791027 0.0413993 0.261988 0.20956 0.140584 0.202592 0.0887993 0.0432851 0.0098918 0.00107082 3.72619e-05 3.45303e-07 6.8296e-10 2.55801e-13 1.69274e-17 1.87439e-22 3.23067e-28 8.06851e-35
 1.54508e-41 2.14447e-33 3.5978e-26 7.29627e-20 1.78859e-14 5.29993e-10 1.89835e-06 0.00082192 0.0430161 0.272229 0.217692 0.133628 0.178578 0.0991176 0.0469764 0.00731839 0.000601142 1.89895e-05 1.64294e-07 2.99764e-10 9.78622e-14 5.15567e-18 4.13954e-23 4.89711e-29 8.32821e-36
 1.5267e-41 2.11896e-33 3.55499e-26 7.20945e-20 1.76731e-14 5.23687e-10 1.87576e-06 0.00081214 0.0425044 0.269027 0.217569 0.147888 0.182957 0.0920916 0.0400452 0.00664626 0.000448418 9.62011e-06 6.46361e-08 1.00204e-10 2.80494e-14 1.24502e-18 8.13939e-24 7.49027e-30 9.43525e-37
 1.64926e-41 2.28906e-33 3.84038e-26 7.78821e-20 1.90919e-14 5.65727e-10 2.02634e-06 0.000877337 0.0459166 0.290635 0.234689 0.14315 0.16188 0.0848461 0.0330506 0.00466519 0.000283004 5.23835e-06 2.50316e-08 2.7125e-11 5.77019e-15 2.03716e-19 1.0687e-24 7.84395e-31 7.7768e-38
 1.59782e-41 2.21766e-33 3.72059e-26 7.54529e-20 1.84964e-14 5.48082e-10 1.96314e-06 0.000849972 0.0444845 0.281641 0.231356 0.162371 0.1704 0.0786058 0.0266951 0.0034196 0.000172112 2.59206e-06 1.00647e-08 8.11448e-12 1.19106e-15 2.92939e-20 1.11881e-25 6.17936e-32 4.68052e-39
 1.64336e-41 2.28087e-33 3.82663e-26 7.76034e-20 1.90236e-14 5.63703e-10 2.01909e-06 0.000874197 0.0457525 0.289708 0.238914 0.160752 0.158616 0.0787822 0.0239419 0.0025484 0.000106584 1.30742e-06 3.94997e-09 2.44822e-12 2.7003e-16 4.76334e-21 1.25918e-26 4.79078e-33 2.54229e-40
 1.64789e-41 2.28716e-33 3.83718e-26 7.78173e-20 1.9076e-14 5.65256e-10 2.02466e-06 0.000876606 0.0458788 0.29059 0.242743 0.170426 0.155667 0.0718705 0.019891 0.00198637 6.87639e-05 6.56735e-07 1.52968e-09 7.16751e-13 5.87561e-17 7.65009e-22 1.4777e-27 4.03348e-34 1.50487e-41
 1.68693e-41 2.34134e-33 3.92809e-26 7.96608e-20 1.95279e-14 5.78648e-10 2.07262e-06 0.000897374 0.046966 0.29755 0.250456 0.17254 0.147427 0.066622 0.0161202 0.00137781 4.07996e-05 3.20379e-07 5.69361e-10 1.97353e-13 1.18891e-17 1.13025e-22 1.58424e-28 3.12776e-35 8.42135e-43
 1.68269e-41 2.33547e-33 3.91823e-26 7.9461e-20 1.94789e-14 5.77196e-10 2.06742e-06 0.000895123 0.0468486 0.296939 0.253991 0.181987 0.144817 0.0606645 0.0128846 0.000947764 2.27274e-05 1.41955e-07 1.98128e-10 5.20587e-14 2.29603e-18 1.57313e-23 1.58363e-29 2.24373e-36 4.32981e-44
 1.47003e-41 2.04031e-33 3.42305e-26 6.94187e-20 1.70172e-14 5.0425e-10 1.80614e-06 0.000781997 0.040929 0.259767 0.234867 0.214753 0.167165 0.068191 0.0127305 0.000797852 1.56391e-05 7.67946e-08 8.16569e-11 1.61647e-14 5.32132e-19 2.67858e-24 1.94852e-30 1.97299e-37 2.70774e-45
 1.50538e-41 2.08937e-33 3.50534e-26 7.10877e-20 1.74263e-14 5.16373e-10 1.84957e-06 0.000800798 0.0419127 0.265907 0.23597 0.197546 0.166274 0.0769372 0.0138534 0.000784202 1.3284e-05 5.48969e-08 4.83179e-11 7.81329e-15 2.08624e-19 8.5116e-25 5.0191e-31 4.10973e-38 4.53858e-46
#spawning biomass
 15987.6 18914.9 20905.7 23120.2 27706 33711.4 37651.2 47047 65152.7 83401 99340.3 122536 172879 208152 194669 166140 145401 149807 145297 138024 147475 155648 165593 162374 184359 195373 188337 205744 233960 201014 91658 35834.7 22015.1 19195 18663.6 18568.3 18551.8 18549.1 18548.6 18548.5 18548.5 18548.5 18548.5 18548.5 18548.5 18548.5 18548.5 18548.5 18548.5 18548.5 18548.5 18548.5 18548.5 18548.5 18548.5 18548.5 18548.5 18548.5 18548.5 18548.5 18548.5 18548.5 18548.5 18548.5 18548.5 18548.5 18548.5 18548.5 18548.5 18548.5 18548.5 18548.5 18548.5 18548.5 18548.5 18548.5 18548.5 18548.5 18548.5 18548.5 18548.5 18548.5 18548.5 18548.5 18548.5 18548.5 18548.5 18548.5 18548.5 18548.5 18548.5 18548.5 18548.5 18548.5 18548.5 18548.5 18548.5 18548.5 18548.5 18548.5 18548.5 18548.5 18548.5 18548.5 18548.5 18548.5 18548.5 18548.5 18548.5 18548.5 18548.5 18548.5 18548.5 18548.5 18548.5 18548.5 18548.5 18548.5 18548.5 18548.5 18548.5 18548.5 18548.5 18548.5 18548.5 18548.5 18548.5 18548.5 0 0 0 0 0 0 0 0 0 0 0 0 0 0 0 0 0 0 0 0 0 0 0 0 0
