SBPRF35
0.18548
Curr Bio
146716
B35
183473
F35
0.868396
FOFL
0.591195
OFL
25342.2
Bzero
52994.1
#pred survey bio
 12934.8 13518.6 14242.9 15548.8 17551.6 21394.3 24427.5 27249.8 37426.8 48137.1 59425.8 73762.2 99172 123389 118878 100951 91323.9 95203.6 85822.9 84877.2 87312.8 85645.5 97370.4 99056.3 104462 108886 105034 91306.1 2.62287e+06 2.3323e+06 1.44678e+06 860810 589986 470700 415421 387439 372049 363091 357711 354433 352425 351194 350437 349966 349684 349514 349412 349351 349314 349291 349278 349270 349265 349262 349260 349259 349258 349258 349258 349258 349257 349257 349257 349257 349257 349257 349257 349257 349257 349257 349257 349257 349257 349257 349257 349257 349257 349257 349257 349257 349257 349257 349257 349257 349257 349257 349257 349257 349257 349257 349257 349257 349257 349257 349257 349257 349257 349257 349257 349257 349257 349257 349257 349257 349257 349257 349257 349257 349257 349257 349257 349257 349257 349257 349257 349257 349257 349257 349257 349257 349257 349257 349257 349257 349257 349257 349257 349257 0 0 0 0 0 0 0 0 0 0 0 0 0 0 0 0 0 0 0 0 0 0 0 0 0
#obs survey bio
 11691.2 14929.1 7994.11 15347.5 21490.7 22675.2 23427.9 29307.7 35759.9 56593.2 64681.3 63973.6 122058 99908.6 114890 70027.6 71429.1 96724.9 95146.3 92199.6 92437.5 97971.6 96780.1 146456 114764 115468 117226 67419.7
#pred catch bio
 5896.56 7098.33 7893.6 9206.8 10190.1 13014.2 16837.2 17970.5 27201.6 35504.8 45836.9 59190.3 78668.7 100606 100719 91371 79993 88587.8 78480 78223.2 86534.9 81258.1 98558.2 99612.3 104399 110480 108898 102505 25342.2 56540.4 27719.1 14309.5 9245.92 7550.41 7024.7 6869.99 6826.11 6814 6810.72 6809.85 6809.62 6809.56 6809.54 6809.54 6809.54 6809.54 6809.54 6809.54 6809.54 6809.54 6809.54 6809.54 6809.54 6809.54 6809.54 6809.54 6809.54 6809.54 6809.54 6809.54 6809.54 6809.54 6809.54 6809.54 6809.54 6809.54 6809.54 6809.54 6809.54 6809.54 6809.54 6809.54 6809.54 6809.54 6809.54 6809.54 6809.54 6809.54 6809.54 6809.54 6809.54 6809.54 6809.54 6809.54 6809.54 6809.54 6809.54 6809.54 6809.54 6809.54 6809.54 6809.54 6809.54 6809.54 6809.54 6809.54 6809.54 6809.54 6809.54 6809.54 6809.54 6809.54 6809.54 6809.54 6809.54 6809.54 6809.54 6809.54 6809.54 6809.54 6809.54 6809.54 6809.54 6809.54 6809.54 6809.54 6809.54 6809.54 6809.54 6809.54 6809.54 6809.54 6809.54 6809.54 6809.54 6809.54 6809.54 6809.54 0 0 0 0 0 0 0 0 0 0 0 0 0 0 0 0 0 0 0 0 0 0 0 0 0
#obs catch bio
 6931.94 7315.55 8082.21 9485.84 10239.9 13039.5 17200.3 17768.8 26799.7 35204 45730.8 59498.4 75785.2 99748.7 101377 95429.1 80020 87400.9 77276.1 75994.7 85504.8 80226.1 97189.9 96950.5 99450.1 107466 106052 103417
#pred cpue bio
 13023.3 13280.2 13982.8 15243.5 16865.9 20873.7 23769.3 25664.2 35051.8 45335.3 56491.8 67886.9 90929.2 118310 117008 96974.5 85433.2 90758.5 81047.1 79633 81102.5 78288.5 89237.1 90051.7 95481.3 99678.1 97535.2 84834.4 2.30836e+06 2.62184e+06 1.46727e+06 862568 590681 471335 416052 388070 372680 363722 358342 355064 353056 351825 351068 350597 350315 350145 350043 349982 349945 349922 349909 349901 349896 349893 349891 349890 349889 349889 349889 349888 349888 349888 349888 349888 349888 349888 349888 349888 349888 349888 349888 349888 349888 349888 349888 349888 349888 349888 349888 349888 349888 349888 349888 349888 349888 349888 349888 349888 349888 349888 349888 349888 349888 349888 349888 349888 349888 349888 349888 349888 349888 349888 349888 349888 349888 349888 349888 349888 349888 349888 349888 349888 349888 349888 349888 349888 349888 349888 349888 349888 349888 349888 349888 349888 349888 349888 349888 349888 0 0 0 0 0 0 0 0 0 0 0 0 0 0 0 0 0 0 0 0 0 0 0 0 0
#obs cpue bio
 7709.29 6017.9 15804.2 11719.5 15221.8 18607.9 18112.8 34642.9 46037.3 39290.3 50642.3 76760.2 157895 124260 105108 68929.8 110527 134280 87819.9 126590 84593.6 79095.6 120173 100186 199239 121919 137184 97892.5
#pred surv len freq
 2.56138e-27 2.58335e-27 2.85609e-26 5.48517e-20 1.34462e-14 3.98436e-10 1.42713e-06 0.000617893 0.0323383 0.204581 0.15689 0.0425049 0.2133 0.196868 0.0418192 0.0461493 0.019107 0.0137779 0.00827278 0.00617385 0.00477603 0.00408537 0.00406207 0.00358315 0.00109185
 2.56257e-27 2.58695e-27 3.20225e-26 6.21551e-20 1.52366e-14 4.51487e-10 1.61715e-06 0.000700164 0.0366441 0.231821 0.177637 0.0391601 0.173272 0.160765 0.050696 0.0753856 0.0264496 0.0123765 0.00560586 0.00319056 0.00201233 0.00147091 0.00129316 0.0011392 0.000380194
 2.56319e-27 2.58838e-27 3.30192e-26 6.42568e-20 1.57518e-14 4.66754e-10 1.67183e-06 0.00072384 0.0378832 0.23966 0.183658 0.0414095 0.186158 0.172006 0.040885 0.0503585 0.021619 0.0158367 0.00560719 0.00204933 0.000887938 0.00049603 0.00035995 0.000297263 0.000102652
 2.56345e-27 2.58901e-27 3.34931e-26 6.52561e-20 1.59968e-14 4.74013e-10 1.69783e-06 0.000735097 0.0384723 0.243387 0.186512 0.0419284 0.188103 0.17378 0.040895 0.0497365 0.0183837 0.0101167 0.00479776 0.00216186 0.000587499 0.00020034 0.000103386 7.32378e-05 2.50093e-05
 2.56483e-27 2.59264e-27 3.65943e-26 7.1798e-20 1.76004e-14 5.21532e-10 1.86804e-06 0.00080879 0.0423292 0.267786 0.205141 0.0418193 0.174184 0.160799 0.0361479 0.0421396 0.0154881 0.00825518 0.00314188 0.00131274 0.000479433 0.000113402 3.12699e-05 1.5955e-05 5.09856e-06
 2.56411e-27 2.59061e-27 3.4718e-26 6.78394e-20 1.663e-14 4.92777e-10 1.76505e-06 0.000764197 0.0399953 0.253022 0.193887 0.0430207 0.191234 0.176413 0.0367485 0.0395461 0.014201 0.00710974 0.00265829 0.00099019 0.000303448 8.45591e-05 1.5473e-05 4.02435e-06 1.07593e-06
 2.5642e-27 2.59089e-27 3.49965e-26 6.84272e-20 1.67741e-14 4.97046e-10 1.78034e-06 0.000770818 0.0403418 0.255214 0.195555 0.0426564 0.18729 0.172862 0.0377398 0.0426777 0.0147936 0.00660272 0.00236086 0.00083338 0.000233249 5.57065e-05 1.02753e-05 1.41721e-06 2.39455e-07
 2.56619e-27 2.59614e-27 3.95082e-26 7.79445e-20 1.91071e-14 5.66179e-10 2.02796e-06 0.000878028 0.0459528 0.29071 0.222655 0.0424131 0.166398 0.153342 0.0299289 0.0297544 0.0105252 0.00502104 0.00169931 0.000541562 0.000141674 3.05843e-05 4.92524e-06 5.38996e-07 4.66474e-08
 2.56659e-27 2.59714e-27 4.03103e-26 7.96362e-20 1.95218e-14 5.78467e-10 2.07197e-06 0.000897085 0.0469502 0.29702 0.22748 0.0428288 0.166171 0.153012 0.0276973 0.024702 0.00828661 0.00331958 0.00114759 0.000376251 8.91565e-05 1.75169e-05 2.4984e-06 2.30937e-07 1.2579e-08
 2.56644e-27 2.59666e-27 3.98145e-26 7.859e-20 1.92654e-14 5.70868e-10 2.04475e-06 0.0008853 0.0463334 0.293118 0.224512 0.0435586 0.173811 0.159944 0.026806 0.0209003 0.00676949 0.00234903 0.000734959 0.000212963 5.17725e-05 9.51848e-06 1.20578e-06 9.61812e-08 4.02992e-09
 2.56598e-27 2.59542e-27 3.87212e-26 7.62835e-20 1.87e-14 5.54114e-10 1.98474e-06 0.000859318 0.0449736 0.284516 0.217948 0.0438726 0.180811 0.166418 0.028215 0.0224712 0.0070504 0.00207353 0.000600417 0.000150167 3.16251e-05 5.61764e-06 6.7152e-07 4.68531e-08 1.6377e-09
 2.56748e-27 2.59949e-27 4.23158e-26 8.38666e-20 2.05589e-14 6.09197e-10 2.18204e-06 0.00094474 0.0494443 0.312798 0.239528 0.0428267 0.157691 0.145077 0.0243239 0.0189686 0.00597736 0.00179833 0.000492571 0.000105262 1.9198e-05 2.8967e-06 3.20537e-07 2.07764e-08 6.27663e-10
 2.56775e-27 2.60014e-27 4.28192e-26 8.49283e-20 2.08192e-14 6.16909e-10 2.20966e-06 0.0009567 0.0500702 0.316758 0.242559 0.0432734 0.158961 0.146111 0.0220168 0.0134394 0.00419535 0.00123159 0.000339021 7.24442e-05 1.16711e-05 1.47605e-06 1.36392e-07 7.98888e-09 2.19802e-10
 2.56573e-27 2.59463e-27 3.7923e-26 7.45994e-20 1.82871e-14 5.41881e-10 1.94093e-06 0.000840346 0.0439807 0.278234 0.213169 0.044914 0.192095 0.176655 0.0268484 0.0167579 0.00501753 0.00111995 0.000293718 6.16009e-05 9.93808e-06 1.15326e-06 8.7592e-08 4.23516e-09 1.03773e-10
 2.56421e-27 2.59057e-27 3.43818e-26 6.7129e-20 1.64559e-14 4.87617e-10 1.74656e-06 0.000756194 0.0395765 0.250372 0.191903 0.0455171 0.211626 0.194787 0.0320418 0.0240393 0.00724779 0.00165184 0.000401918 6.64951e-05 1.01588e-05 1.16468e-06 8.19274e-08 3.24525e-09 6.53892e-11
 2.56547e-27 2.59401e-27 3.74651e-26 7.36336e-20 1.80504e-14 5.34866e-10 1.9158e-06 0.000829468 0.0434113 0.274632 0.210408 0.0442956 0.189328 0.174271 0.0294895 0.0233982 0.00728509 0.00203806 0.000514135 8.46636e-05 1.09319e-05 1.07195e-06 7.29146e-08 2.6569e-09 4.39902e-11
 2.56691e-27 2.59785e-27 4.07639e-26 8.05925e-20 1.97563e-14 5.85414e-10 2.09685e-06 0.000907858 0.047514 0.300587 0.230224 0.0441013 0.173927 0.159871 0.023538 0.0134455 0.00420663 0.00125924 0.000339546 6.67327e-05 8.88866e-06 7.84729e-07 4.43022e-08 1.50477e-09 2.26702e-11
 2.56607e-27 2.59552e-27 3.86803e-26 7.61968e-20 1.86787e-14 5.53484e-10 1.98249e-06 0.000858341 0.0449225 0.284192 0.217718 0.0449168 0.188919 0.173672 0.0253594 0.0141104 0.00417664 0.000869754 0.000226794 4.79824e-05 7.30627e-06 7.18616e-07 3.78326e-08 1.0762e-09 1.46647e-11
 2.56654e-27 2.59679e-27 3.97909e-26 7.85396e-20 1.9253e-14 5.70502e-10 2.04344e-06 0.000884733 0.0463037 0.29293 0.224386 0.044677 0.18241 0.167643 0.0239019 0.0123035 0.00362322 0.000731566 0.000171283 2.67068e-05 4.0665e-06 4.49469e-07 2.69042e-08 7.37311e-10 8.56468e-12
 2.56683e-27 2.59758e-27 4.05018e-26 8.00395e-20 1.96207e-14 5.81397e-10 2.08247e-06 0.000901629 0.047188 0.298525 0.228654 0.0444153 0.17742 0.163052 0.0233232 0.0121376 0.00354376 0.000661248 0.000151369 2.22936e-05 2.70979e-06 2.56142e-07 1.68014e-08 5.20461e-10 5.96116e-12
 2.56728e-27 2.59881e-27 4.15832e-26 8.23208e-20 2.018e-14 5.97968e-10 2.14182e-06 0.000927327 0.048533 0.307033 0.235146 0.0441292 0.170681 0.156823 0.0220428 0.0107862 0.00314771 0.000593437 0.000133826 1.8349e-05 2.12843e-06 1.70219e-07 9.10087e-09 2.93873e-10 3.75247e-12
 2.56801e-27 2.60074e-27 4.32628e-26 8.58639e-20 2.10485e-14 6.23705e-10 2.23401e-06 0.000967239 0.0506218 0.320248 0.245233 0.0438978 0.161834 0.148593 0.0193941 0.00681785 0.00195512 0.00034683 7.73621e-05 1.06523e-05 1.18631e-06 8.83015e-08 4.08723e-09 1.08087e-10 1.37866e-12
 2.56789e-27 2.60043e-27 4.29927e-26 8.52941e-20 2.09088e-14 6.19566e-10 2.21918e-06 0.00096082 0.0502859 0.318122 0.24361 0.0439052 0.16303 0.149718 0.0199694 0.0078426 0.00219922 0.00028763 5.82824e-05 7.59576e-06 8.37528e-07 6.1058e-08 2.62479e-09 6.02619e-11 6.39759e-13
 2.56824e-27 2.60137e-27 4.38071e-26 8.70121e-20 2.133e-14 6.32045e-10 2.26388e-06 0.000980173 0.0512987 0.32453 0.248502 0.0438178 0.158928 0.145893 0.0185739 0.00562563 0.00157301 0.000226506 4.48818e-05 4.43084e-06 4.35439e-07 3.04757e-08 1.28443e-09 2.75363e-11 2.54476e-13
 2.56803e-27 2.6008e-27 4.32936e-26 8.59289e-20 2.10644e-14 6.24177e-10 2.2357e-06 0.000967971 0.0506601 0.32049 0.24542 0.0440143 0.162589 0.149262 0.0190115 0.00577359 0.00158858 0.000183062 3.41382e-05 3.62601e-06 3.1868e-07 1.75618e-08 6.83503e-10 1.42119e-11 1.23185e-13
 2.56796e-27 2.60062e-27 4.31375e-26 8.55995e-20 2.09837e-14 6.21784e-10 2.22713e-06 0.00096426 0.0504659 0.319261 0.244482 0.0440328 0.163389 0.150007 0.0192728 0.00618139 0.0017052 0.000196754 3.55392e-05 3.09236e-06 2.61153e-07 1.42504e-08 4.47449e-10 8.07979e-12 6.68644e-14
 2.56739e-27 2.59905e-27 4.17317e-26 8.26338e-20 2.02567e-14 6.00242e-10 2.14997e-06 0.000930853 0.0487175 0.3082 0.236045 0.0446086 0.173698 0.159484 0.0202839 0.00610189 0.00168345 0.000203217 3.73515e-05 3.23172e-06 2.49404e-07 1.16337e-08 3.55972e-10 5.49477e-12 3.82862e-14
 2.56738e-27 2.599e-27 4.16814e-26 8.25277e-20 2.02307e-14 5.99471e-10 2.14721e-06 0.000929658 0.0486549 0.307805 0.235744 0.0446564 0.174273 0.160007 0.0202365 0.00586208 0.00160878 0.000184224 3.33842e-05 3.00894e-06 2.35855e-07 1.05114e-08 2.78338e-10 3.94564e-12 2.43353e-14
#obs surv len freq
 1.24707e-41 1.73085e-33 2.90386e-26 5.88897e-20 1.44361e-14 4.27769e-10 1.5322e-06 0.000663389 0.0347191 0.219644 0.168451 0.0417504 0.170477 0.142723 0.0893794 0.0845577 0.0331143 0.0118641 0.00237818 0.000264514 1.19944e-05 1.62488e-07 4.98535e-10 2.82792e-13 2.59105e-17
 1.55791e-41 2.16227e-33 3.62766e-26 7.35681e-20 1.80344e-14 5.34391e-10 1.9141e-06 0.00082874 0.043373 0.27439 0.210287 0.0425824 0.14174 0.113013 0.0744198 0.0650395 0.0246867 0.00806195 0.00143555 0.000135364 4.98518e-06 5.22743e-08 1.19133e-10 4.8877e-14 3.19188e-18
 1.29318e-41 1.79485e-33 3.01123e-26 6.10671e-20 1.49699e-14 4.43585e-10 1.58885e-06 0.000687917 0.0360028 0.227766 0.174927 0.0517395 0.203892 0.149871 0.0731149 0.0552873 0.0198815 0.00583851 0.000914946 7.20023e-05 2.10929e-06 1.69301e-08 2.86442e-11 8.52529e-15 3.97804e-19
 1.56009e-41 2.1653e-33 3.63275e-26 7.36713e-20 1.80597e-14 5.35141e-10 1.91679e-06 0.000829903 0.0434338 0.274776 0.210757 0.0474361 0.149878 0.109611 0.0844638 0.0592665 0.0153994 0.00362494 0.000488736 3.17156e-05 7.28598e-07 4.40882e-09 5.48992e-12 1.18388e-15 3.95722e-20
 1.54327e-41 2.14196e-33 3.59358e-26 7.28772e-20 1.7865e-14 5.29372e-10 1.89612e-06 0.000820956 0.0429656 0.271815 0.208738 0.0553946 0.180098 0.118695 0.0634492 0.0411792 0.013768 0.00279965 0.0002622 1.31217e-05 2.32814e-07 1.05071e-09 9.52909e-13 1.47789e-16 3.52806e-21
 1.34536e-41 1.86728e-33 3.13274e-26 6.35314e-20 1.5574e-14 4.61485e-10 1.65297e-06 0.000715677 0.0374557 0.236959 0.182366 0.061159 0.205334 0.131186 0.0840527 0.0471156 0.0112686 0.00217879 0.000200081 7.07894e-06 8.79131e-08 2.88877e-10 1.89233e-13 2.09609e-17 3.55162e-22
 1.56422e-41 2.17103e-33 3.64235e-26 7.38662e-20 1.81074e-14 5.36556e-10 1.92186e-06 0.000832098 0.0435487 0.275505 0.21177 0.058029 0.165368 0.104933 0.0834341 0.044153 0.0106991 0.0016096 0.000113909 3.5148e-06 3.17026e-08 6.98655e-11 3.17149e-14 2.47712e-18 2.96192e-23
 1.72687e-41 2.39678e-33 4.02109e-26 8.1547e-20 1.99903e-14 5.92349e-10 2.1217e-06 0.000918622 0.048077 0.304153 0.23385 0.0627604 0.163404 0.0929247 0.0570994 0.0281572 0.00752277 0.001067 6.19811e-05 1.3988e-06 9.75645e-09 1.56723e-11 4.78849e-15 2.50902e-19 2.05826e-24
 1.65397e-41 2.29561e-33 3.85136e-26 7.81047e-20 1.91465e-14 5.67344e-10 2.03214e-06 0.000879844 0.0460476 0.291316 0.224452 0.0712296 0.184808 0.0981281 0.0554753 0.0225412 0.00450428 0.000583225 3.20656e-05 5.82673e-07 2.9157e-09 3.36692e-12 7.4054e-16 2.68573e-20 1.48196e-25
 1.53458e-41 2.12989e-33 3.57334e-26 7.24666e-20 1.77643e-14 5.26389e-10 1.88544e-06 0.000816331 0.0427235 0.27029 0.208836 0.0784784 0.199542 0.104654 0.0665516 0.0238299 0.00389027 0.000369707 1.56245e-05 2.43146e-07 9.65682e-10 8.0046e-13 1.22558e-16 3.11937e-21 1.20835e-26
 1.46841e-41 2.03806e-33 3.41927e-26 6.93421e-20 1.69984e-14 5.03694e-10 1.80415e-06 0.000781134 0.0408815 0.25864 0.200382 0.0843259 0.204156 0.107254 0.0745366 0.0247911 0.00393919 0.000302492 8.98564e-06 9.83696e-08 2.99612e-10 1.91701e-13 2.14376e-17 3.81693e-22 1.02121e-27
 1.88334e-41 2.61396e-33 4.38545e-26 8.89361e-20 2.18016e-14 6.46022e-10 2.31395e-06 0.00100186 0.0524333 0.331719 0.255798 0.0730353 0.140897 0.073649 0.0524049 0.0163131 0.0025652 0.000176909 4.31237e-06 3.30208e-08 6.70909e-11 3.02052e-14 2.48436e-18 3.25091e-23 6.24108e-29
 1.57047e-41 2.17971e-33 3.65692e-26 7.41616e-20 1.81798e-14 5.38702e-10 1.92954e-06 0.000835426 0.0437229 0.276625 0.215428 0.1023 0.213835 0.0901932 0.0429348 0.0121568 0.00184679 0.000116519 2.52039e-06 1.54838e-08 2.24443e-11 6.70284e-15 3.67406e-19 3.32757e-24 4.55324e-30
 1.2745e-41 1.76893e-33 2.96774e-26 6.01852e-20 1.47537e-14 4.37179e-10 1.5659e-06 0.000677982 0.0354829 0.224506 0.176724 0.11372 0.233322 0.119152 0.0776862 0.0169155 0.00171872 9.16366e-05 1.74723e-06 9.05085e-09 1.03829e-11 2.2701e-15 8.53286e-20 5.13391e-25 4.67611e-31
 1.14826e-41 1.59371e-33 2.67377e-26 5.42236e-20 1.32923e-14 3.93874e-10 1.41079e-06 0.000610825 0.0319682 0.20228 0.160529 0.117629 0.227737 0.1351 0.0976207 0.0236749 0.0027429 0.00010499 1.38894e-06 5.72583e-09 5.29216e-12 9.01467e-16 2.53198e-20 1.09116e-25 6.87204e-32
 1.55924e-41 2.16412e-33 3.63076e-26 7.36311e-20 1.80498e-14 5.34849e-10 1.91574e-06 0.00082945 0.0434101 0.274663 0.215098 0.10083 0.165518 0.104255 0.0738749 0.0190258 0.00239697 9.63998e-05 1.10222e-06 3.10986e-09 2.02614e-12 2.60058e-16 5.56069e-21 1.79805e-26 8.32711e-33
 1.40582e-41 1.95119e-33 3.27352e-26 6.63864e-20 1.62738e-14 4.82224e-10 1.72725e-06 0.000747838 0.0391389 0.247671 0.19749 0.135686 0.2148 0.0974701 0.0520655 0.0132068 0.00165314 6.83246e-05 7.81573e-07 1.96615e-09 9.57899e-13 8.38444e-17 1.24468e-21 2.90495e-27 9.88993e-34
 1.46088e-41 2.0276e-33 3.40173e-26 6.89863e-20 1.69112e-14 5.01109e-10 1.79489e-06 0.000777126 0.0406718 0.257378 0.205254 0.13001 0.190096 0.107784 0.0571759 0.00988777 0.000928959 3.5268e-05 3.8058e-07 8.91092e-10 3.81662e-13 2.67945e-17 2.90036e-22 4.66764e-28 1.08748e-34
 1.44362e-41 2.00365e-33 3.36153e-26 6.81712e-20 1.67114e-14 4.95188e-10 1.77368e-06 0.000767944 0.0401912 0.254368 0.20505 0.144529 0.195736 0.101016 0.0486921 0.00892875 0.000700863 1.79621e-05 1.50671e-07 3.02757e-10 1.1211e-13 6.67166e-18 5.9053e-23 7.41189e-29 1.28083e-35
 1.55799e-41 2.16238e-33 3.62785e-26 7.3572e-20 1.80353e-14 5.34419e-10 1.9142e-06 0.000828784 0.0433754 0.274531 0.221133 0.141324 0.174985 0.0950337 0.0417029 0.00660553 0.000468764 1.05022e-05 6.30056e-08 8.85265e-11 2.50756e-14 1.19656e-18 8.55232e-24 8.59867e-30 1.17272e-36
 1.5063e-41 2.09064e-33 3.50749e-26 7.11311e-20 1.74369e-14 5.16689e-10 1.8507e-06 0.000801287 0.0419364 0.265481 0.217409 0.160569 0.184723 0.0893697 0.0343656 0.00503531 0.000302923 5.60004e-06 2.75655e-08 2.89505e-11 5.66022e-15 1.88687e-19 9.87974e-25 7.52602e-31 7.88653e-38
 1.55073e-41 2.15231e-33 3.61095e-26 7.32293e-20 1.79513e-14 5.3193e-10 1.90529e-06 0.000824923 0.0431736 0.273346 0.224834 0.160363 0.172658 0.0898292 0.0310104 0.00376769 0.000189137 2.88993e-06 1.12189e-08 9.13862e-12 1.34765e-15 3.2204e-20 1.16562e-25 6.12388e-32 4.51429e-39
 1.5559e-41 2.15949e-33 3.62299e-26 7.34734e-20 1.80112e-14 5.33703e-10 1.91164e-06 0.000827674 0.0433177 0.274326 0.228541 0.170835 0.170232 0.0828854 0.0259483 0.00295968 0.000123212 1.46667e-06 4.42118e-09 2.7503e-12 3.0404e-16 5.39253e-21 1.42904e-26 5.38075e-33 2.78219e-40
 1.5938e-41 2.21209e-33 3.71124e-26 7.52632e-20 1.84499e-14 5.46704e-10 1.9582e-06 0.000847835 0.044373 0.281074 0.236049 0.174119 0.162036 0.07788 0.0214403 0.0021042 7.49698e-05 7.34315e-07 1.68795e-09 7.78033e-13 6.35289e-17 8.27908e-22 1.6014e-27 4.38132e-34 1.63947e-41
 1.58729e-41 2.20305e-33 3.69608e-26 7.49558e-20 1.83745e-14 5.44471e-10 1.95021e-06 0.000844372 0.0441921 0.28004 0.23905 0.184413 0.160024 0.0722576 0.017617 0.00151483 4.42482e-05 3.46856e-07 6.27043e-10 2.18755e-13 1.30538e-17 1.2264e-22 1.70797e-28 3.36588e-35 9.06343e-43
 1.37409e-41 1.90714e-33 3.19962e-26 6.48877e-20 1.59065e-14 4.71337e-10 1.68825e-06 0.000730956 0.0382571 0.24272 0.218937 0.21678 0.183023 0.0808867 0.0173557 0.00127678 3.07387e-05 1.91379e-07 2.65259e-10 6.988e-14 3.10975e-18 2.14057e-23 2.14794e-29 3.01985e-36 5.78222e-44
 1.39962e-41 1.94259e-33 3.25909e-26 6.60937e-20 1.62021e-14 4.80098e-10 1.71963e-06 0.000744542 0.0389686 0.247321 0.223471 0.205418 0.176853 0.0885554 0.0175175 0.00112749 2.21877e-05 1.08678e-07 1.15254e-10 2.26956e-14 7.43554e-19 3.74202e-24 2.73295e-30 2.78039e-37 3.82499e-45
 1.46373e-41 2.03156e-33 3.40836e-26 6.91208e-20 1.69442e-14 5.02086e-10 1.79839e-06 0.000778642 0.0407532 0.258596 0.231452 0.202638 0.169415 0.0790638 0.0161931 0.00108787 1.98612e-05 8.43373e-08 7.47325e-11 1.20772e-14 3.2169e-19 1.3077e-24 7.68069e-31 6.2717e-38 6.92216e-46
#pred catch len freq
 2.55894e-27 2.57669e-27 2.26242e-26 4.23276e-20 1.03761e-14 3.07462e-10 1.10128e-06 0.000476812 0.0249546 0.15787 0.121256 0.0446129 0.254377 0.234684 0.0468784 0.0481736 0.0198095 0.0141278 0.00846771 0.00631424 0.00488382 0.00417745 0.0041536 0.00366389 0.00111645
 2.56039e-27 2.58101e-27 2.67588e-26 5.10509e-20 1.25145e-14 3.70827e-10 1.32824e-06 0.000575078 0.0300975 0.190406 0.146039 0.0408162 0.208074 0.192855 0.0559147 0.0792134 0.0276734 0.0127861 0.00577957 0.0032861 0.00207218 0.0015146 0.00133157 0.00117303 0.000391486
 2.56107e-27 2.5826e-27 2.78756e-26 5.34058e-20 1.30918e-14 3.87933e-10 1.38951e-06 0.000601605 0.0314858 0.199189 0.152784 0.0432175 0.221608 0.20465 0.0454084 0.0524643 0.0223654 0.0162114 0.00573245 0.00209248 0.000906397 0.000506316 0.000367412 0.000303425 0.00010478
 2.56151e-27 2.58369e-27 2.87398e-26 5.52286e-20 1.35386e-14 4.01174e-10 1.43694e-06 0.000622139 0.0325605 0.205987 0.157982 0.0436732 0.221425 0.204453 0.0449406 0.0512416 0.01884 0.0102427 0.00484837 0.00218268 0.00059303 0.00020221 0.00010435 7.39206e-05 2.52425e-05
 2.5628e-27 2.58711e-27 3.16696e-26 6.14087e-20 1.50536e-14 4.46065e-10 1.59773e-06 0.000691756 0.036204 0.229037 0.175581 0.043571 0.208283 0.192198 0.0404751 0.0441069 0.0161255 0.00849117 0.00322622 0.0013464 0.000491618 0.000116278 3.20624e-05 1.63594e-05 5.22778e-06
 2.5622e-27 2.58537e-27 3.0037e-26 5.79643e-20 1.42092e-14 4.21045e-10 1.50811e-06 0.000652956 0.0341733 0.216191 0.165791 0.0447895 0.224434 0.206963 0.0405958 0.0406288 0.0145149 0.00717756 0.00267895 0.000996735 0.000305378 8.50914e-05 1.55703e-05 4.04963e-06 1.08269e-06
 2.56276e-27 2.58692e-27 3.14357e-26 6.09151e-20 1.49326e-14 4.42479e-10 1.58489e-06 0.000686196 0.035913 0.227196 0.174184 0.0441226 0.213462 0.196922 0.0403529 0.0425757 0.0146908 0.006474 0.00231055 0.000814649 0.00022795 5.44369e-05 1.0041e-05 1.38489e-06 2.33994e-07
 2.56459e-27 2.59176e-27 3.5595e-26 6.96891e-20 1.70834e-14 5.06213e-10 1.81317e-06 0.000785034 0.0410858 0.259921 0.199169 0.04392 0.194367 0.179073 0.0330664 0.0304311 0.0107097 0.00504563 0.00170475 0.000542614 0.000141911 3.06332e-05 4.93305e-06 5.39849e-07 4.67213e-08
 2.56537e-27 2.59379e-27 3.73071e-26 7.33005e-20 1.79687e-14 5.32446e-10 1.90713e-06 0.000825715 0.0432149 0.27339 0.209456 0.0440727 0.188301 0.173353 0.0298611 0.0245131 0.00818524 0.0032367 0.00111673 0.000365692 8.66323e-05 1.70196e-05 2.42743e-06 2.24376e-07 1.22216e-08
 2.56525e-27 2.59338e-27 3.68657e-26 7.23691e-20 1.77404e-14 5.2568e-10 1.8829e-06 0.000815223 0.0426658 0.269916 0.206815 0.0447903 0.195618 0.179986 0.0288901 0.0206057 0.00664423 0.00227529 0.000710405 0.000205579 4.99632e-05 9.18512e-06 1.16353e-06 9.28109e-08 3.8887e-09
 2.56498e-27 2.59265e-27 3.62261e-26 7.10198e-20 1.74097e-14 5.15879e-10 1.84779e-06 0.000800023 0.0418703 0.264884 0.202975 0.0449704 0.199686 0.183754 0.0298079 0.0217376 0.00679332 0.00197136 0.000569519 0.000142244 2.99474e-05 5.31914e-06 6.35828e-07 4.43627e-08 1.55065e-09
 2.56673e-27 2.59742e-27 4.04465e-26 7.9923e-20 1.95922e-14 5.80551e-10 2.07944e-06 0.000900316 0.0471193 0.29809 0.22831 0.043683 0.172089 0.158294 0.0254174 0.0181329 0.0056908 0.00168941 0.000461732 9.85323e-05 1.79644e-05 2.71031e-06 2.99905e-07 1.9439e-08 5.87261e-10
 2.56692e-27 2.59785e-27 4.07563e-26 8.05765e-20 1.97523e-14 5.85297e-10 2.09644e-06 0.000907677 0.0475046 0.300527 0.230179 0.0441687 0.174472 0.16036 0.023367 0.0129303 0.00401752 0.00116371 0.000319623 6.82033e-05 1.09842e-05 1.38903e-06 1.28349e-07 7.51771e-09 2.06838e-10
 2.56495e-27 2.59248e-27 3.59827e-26 7.05061e-20 1.72837e-14 5.12147e-10 1.83443e-06 0.000794236 0.0415675 0.262968 0.201525 0.0458052 0.207058 0.19039 0.0279589 0.0158319 0.00472144 0.00103984 0.000271932 5.69509e-05 9.18483e-06 1.06573e-06 8.09423e-08 3.91362e-09 9.58947e-11
 2.56366e-27 2.58902e-27 3.29682e-26 6.41468e-20 1.57248e-14 4.65955e-10 1.66897e-06 0.000722601 0.0378183 0.23925 0.183422 0.0462955 0.223508 0.205668 0.0324545 0.02224 0.00668179 0.00150259 0.000364632 6.0237e-05 9.19898e-06 1.05452e-06 7.41766e-08 2.93821e-09 5.92026e-11
 2.56536e-27 2.59369e-27 3.71454e-26 7.29591e-20 1.78851e-14 5.29966e-10 1.89825e-06 0.00082187 0.0430137 0.272117 0.208494 0.0447082 0.193813 0.178336 0.028878 0.0209774 0.00650625 0.00179597 0.00045207 7.4335e-05 9.59456e-06 9.40683e-07 6.39843e-08 2.33147e-09 3.86021e-11
 2.56656e-27 2.59686e-27 3.98608e-26 7.86873e-20 1.92892e-14 5.71575e-10 2.04729e-06 0.000886396 0.0463908 0.293481 0.224806 0.0446017 0.181542 0.166845 0.0238078 0.0123032 0.00383019 0.00113133 0.000304401 5.9741e-05 7.95477e-06 7.02192e-07 3.96413e-08 1.34645e-09 2.0285e-11
 2.56607e-27 2.59552e-27 3.86545e-26 7.61423e-20 1.86654e-14 5.53088e-10 1.98107e-06 0.000857728 0.0448904 0.283989 0.217566 0.0451133 0.190522 0.175106 0.0248009 0.0124754 0.00367714 0.000755581 0.000196424 4.14983e-05 6.3169e-06 6.21237e-07 3.2705e-08 9.30333e-10 1.2677e-11
 2.56642e-27 2.59645e-27 3.94684e-26 7.78594e-20 1.90863e-14 5.65561e-10 2.02574e-06 0.00087707 0.0459027 0.290393 0.222454 0.0449557 0.185889 0.17081 0.0236781 0.0109955 0.00322364 0.000642284 0.000149935 2.33433e-05 3.55283e-06 3.9265e-07 2.35026e-08 6.44085e-10 7.48175e-12
 2.56676e-27 2.59738e-27 4.03051e-26 7.96244e-20 1.9519e-14 5.78382e-10 2.07167e-06 0.000896952 0.0469432 0.296976 0.227475 0.0446458 0.180002 0.165393 0.0229945 0.0107986 0.00313939 0.000578108 0.000131917 1.93999e-05 2.35705e-06 2.22769e-07 1.46119e-08 4.52633e-10 5.18429e-12
 2.56768e-27 2.59987e-27 4.2515e-26 8.42865e-20 2.06618e-14 6.12247e-10 2.19296e-06 0.00094947 0.0496918 0.314364 0.240741 0.0439357 0.165277 0.151816 0.020777 0.0091603 0.00266117 0.000495121 0.000111307 1.52388e-05 1.76686e-06 1.41283e-07 7.55353e-09 2.43907e-10 3.11445e-12
 2.56808e-27 2.60093e-27 4.34223e-26 8.62003e-20 2.1131e-14 6.26148e-10 2.24276e-06 0.000971028 0.0508201 0.321502 0.246192 0.0439283 0.161392 0.148166 0.0189764 0.0059728 0.00170262 0.000298095 6.62716e-05 9.11161e-06 1.01428e-06 7.5486e-08 3.49391e-09 9.23957e-11 1.17852e-12
 2.56837e-27 2.60175e-27 4.41611e-26 8.77589e-20 2.1513e-14 6.3747e-10 2.28331e-06 0.000988586 0.051739 0.327315 0.250625 0.0435734 0.155577 0.142834 0.0186511 0.00656993 0.00183324 0.000236813 4.77724e-05 6.21658e-06 6.85137e-07 4.99412e-08 2.14682e-09 4.92878e-11 5.23254e-13
 2.56865e-27 2.60249e-27 4.48018e-26 8.91105e-20 2.18444e-14 6.47287e-10 2.31847e-06 0.00100381 0.0525358 0.332356 0.254473 0.0435135 0.152417 0.139885 0.0175235 0.00474314 0.00131763 0.000187342 3.69753e-05 3.64496e-06 3.57991e-07 2.50514e-08 1.05578e-09 2.26342e-11 2.09173e-13
 2.56841e-27 2.60183e-27 4.42115e-26 8.78652e-20 2.15391e-14 6.38242e-10 2.28607e-06 0.000989783 0.0518017 0.327712 0.25093 0.0437403 0.156632 0.143764 0.0180167 0.00488988 0.00133706 0.000152252 2.82517e-05 2.99626e-06 2.63193e-07 1.45016e-08 5.64374e-10 1.17348e-11 1.01714e-13
 2.56845e-27 2.60193e-27 4.43058e-26 8.80641e-20 2.15878e-14 6.39686e-10 2.29125e-06 0.000992024 0.0519189 0.328454 0.251495 0.0436709 0.155707 0.14292 0.0180496 0.00517695 0.0014197 0.00016187 2.90953e-05 2.528e-06 2.13351e-07 1.16401e-08 3.65471e-10 6.5994e-12 5.46132e-14
 2.56805e-27 2.60084e-27 4.33203e-26 8.5985e-20 2.10782e-14 6.24584e-10 2.23716e-06 0.000968603 0.0506932 0.320699 0.245581 0.0440839 0.163005 0.149627 0.0187272 0.00503424 0.0013801 0.000164594 3.01113e-05 2.60156e-06 2.00642e-07 9.3575e-09 2.86309e-10 4.4194e-12 3.07933e-14
 2.56861e-27 2.60237e-27 4.46915e-26 8.88778e-20 2.17873e-14 6.45597e-10 2.31242e-06 0.00100119 0.0523987 0.331489 0.253812 0.043585 0.153426 0.140808 0.0175358 0.00453755 0.00123716 0.000139994 2.52437e-05 2.27192e-06 1.77974e-07 7.93041e-09 2.09984e-10 2.97663e-12 1.83587e-14
#obs catch len freq
 6.01266e-42 8.34517e-34 1.40008e-26 2.83933e-20 6.96027e-15 2.06246e-10 7.38738e-07 0.000319848 0.0167396 0.105901 0.0816342 0.0425004 0.227492 0.192011 0.131388 0.126816 0.0515458 0.0191464 0.00401904 0.000464103 2.19361e-05 3.11725e-07 1.00315e-09 5.93619e-13 5.63697e-17
 6.80002e-42 9.43798e-34 1.58342e-26 3.21114e-20 7.87173e-15 2.33254e-10 8.35477e-07 0.000361732 0.0189316 0.119769 0.0923351 0.0462236 0.230572 0.185144 0.129439 0.114571 0.0445659 0.0149896 0.00280689 0.00027872 1.07274e-05 1.17126e-07 2.77991e-10 1.18559e-13 8.01657e-18
 1.03181e-41 1.43208e-33 2.40262e-26 4.87245e-20 1.19443e-14 3.5393e-10 1.26772e-06 0.000548879 0.0287261 0.181731 0.139715 0.0480494 0.20147 0.153865 0.110495 0.0896822 0.03364 0.0102396 0.00168975 0.000141037 4.36815e-06 3.66219e-08 6.42237e-11 1.97524e-14 9.50437e-19
 8.85891e-42 1.22956e-33 2.06284e-26 4.1834e-20 1.02551e-14 3.03877e-10 1.08844e-06 0.000471257 0.0246637 0.156032 0.120429 0.0600745 0.26196 0.182767 0.0953262 0.067106 0.0237204 0.00645444 0.000929542 6.41537e-05 1.56707e-06 9.98825e-09 1.29418e-11 2.87919e-15 9.88387e-20
 1.22152e-41 1.69538e-33 2.84436e-26 5.7683e-20 1.41403e-14 4.19003e-10 1.5008e-06 0.000649795 0.0340077 0.215145 0.165466 0.0540331 0.193394 0.135594 0.109645 0.069964 0.0177079 0.00388582 0.000477969 2.69537e-05 5.11916e-07 2.44489e-09 2.32197e-12 3.73297e-16 9.16561e-21
 1.28154e-41 1.77869e-33 2.98413e-26 6.05175e-20 1.48352e-14 4.39593e-10 1.57455e-06 0.000681726 0.0356788 0.225718 0.17386 0.0638138 0.221174 0.138216 0.076895 0.0461145 0.014877 0.00272621 0.000233145 1.01211e-05 1.47353e-07 5.21873e-10 3.5968e-13 4.14929e-17 7.26528e-22
 1.16683e-41 1.61949e-33 2.71703e-26 5.51007e-20 1.35073e-14 4.00246e-10 1.43362e-06 0.000620706 0.0324853 0.205516 0.158712 0.0694565 0.235258 0.143123 0.0938978 0.0477653 0.0110454 0.00195497 0.000158734 4.80727e-06 4.90258e-08 1.25987e-10 6.25204e-14 5.14088e-18 6.38103e-23
 1.44943e-41 2.01171e-33 3.37506e-26 6.84456e-20 1.67786e-14 4.97181e-10 1.78082e-06 0.000771035 0.0403529 0.255289 0.196647 0.0646633 0.184821 0.112606 0.090124 0.0432813 0.0100029 0.00135286 8.56431e-05 2.22872e-06 1.62598e-08 2.80041e-11 9.62466e-15 5.57274e-19 4.87613e-24
 1.67076e-41 2.3189e-33 3.89044e-26 7.88973e-20 1.93407e-14 5.73102e-10 2.05276e-06 0.000888773 0.0465148 0.294272 0.226626 0.0688341 0.175392 0.0949348 0.058516 0.0264574 0.00667632 0.000841561 4.28869e-05 8.15536e-07 4.57823e-09 5.69688e-12 1.31538e-15 5.10995e-20 3.06597e-25
 1.64191e-41 2.27886e-33 3.82326e-26 7.75349e-20 1.90068e-14 5.63206e-10 2.01731e-06 0.000873426 0.0457116 0.289193 0.223192 0.0770664 0.190147 0.0959481 0.0538367 0.0198197 0.00375336 0.000434981 2.06573e-05 3.11207e-07 1.24656e-09 1.11309e-12 1.84405e-16 4.95258e-21 1.99987e-26
 1.5606e-41 2.16601e-33 3.63393e-26 7.36953e-20 1.80655e-14 5.35315e-10 1.91741e-06 0.000830173 0.043448 0.274876 0.212735 0.0838862 0.199001 0.0998595 0.0620458 0.0199939 0.00305477 0.000257803 9.4797e-06 1.21443e-07 3.81479e-10 2.43187e-13 2.80069e-17 5.27298e-22 1.49395e-27
 1.52227e-41 2.11281e-33 3.54467e-26 7.18852e-20 1.76218e-14 5.22167e-10 1.87032e-06 0.000809782 0.0423808 0.268128 0.208061 0.089265 0.199402 0.100977 0.067532 0.0202643 0.00297381 0.000199509 5.10832e-06 4.61409e-08 1.11011e-10 5.42981e-14 4.54968e-18 5.9854e-23 1.17079e-28
 1.92984e-41 2.67849e-33 4.49371e-26 9.11316e-20 2.23398e-14 6.6197e-10 2.37107e-06 0.00102659 0.0537277 0.33991 0.262387 0.0762449 0.135974 0.0689267 0.0466404 0.0131538 0.00189086 0.000113041 2.33561e-06 1.46008e-08 2.34273e-11 8.06615e-15 4.96004e-19 4.78492e-24 6.71116e-30
 1.62512e-41 2.25556e-33 3.78417e-26 7.67422e-20 1.88124e-14 5.57447e-10 1.99669e-06 0.000864496 0.0452443 0.286256 0.223387 0.10724 0.205475 0.0826156 0.0377584 0.00974244 0.00134046 7.29966e-05 1.32341e-06 6.55827e-09 7.44402e-12 1.69703e-15 6.95641e-20 4.64077e-25 4.63145e-31
 1.3389e-41 1.8583e-33 3.11768e-26 6.3226e-20 1.54991e-14 4.59267e-10 1.64502e-06 0.000712236 0.0372757 0.235856 0.186206 0.119994 0.225415 0.112284 0.0677926 0.0131808 0.00122377 5.65071e-05 8.9602e-07 3.71328e-09 3.30867e-12 5.49314e-16 1.54155e-20 6.83416e-26 4.54066e-32
 1.21937e-41 1.6924e-33 2.83936e-26 5.75816e-20 1.41154e-14 4.18266e-10 1.49816e-06 0.000648652 0.0339479 0.214815 0.171058 0.124334 0.220508 0.128994 0.0850384 0.0186842 0.00190674 6.21309e-05 6.88399e-07 2.26665e-09 1.61781e-12 2.08222e-16 4.35255e-21 1.38067e-26 6.34696e-33
 1.63535e-41 2.26976e-33 3.80799e-26 7.72252e-20 1.89309e-14 5.60956e-10 2.00925e-06 0.000869937 0.0455291 0.288078 0.226066 0.104695 0.157397 0.0979259 0.062962 0.0147933 0.00162635 5.51148e-05 5.14376e-07 1.15397e-09 5.81412e-13 5.6247e-17 8.92256e-22 2.11887e-27 7.15514e-34
 1.48394e-41 2.05962e-33 3.45543e-26 7.00755e-20 1.71782e-14 5.09021e-10 1.82323e-06 0.000789395 0.0413139 0.261448 0.20913 0.14033 0.202347 0.08934 0.0439628 0.0101895 0.00110889 3.84695e-05 3.54975e-07 6.99492e-10 2.61188e-13 1.72128e-17 1.89416e-22 3.23956e-28 8.02428e-35
 1.54508e-41 2.14446e-33 3.59778e-26 7.29623e-20 1.78858e-14 5.2999e-10 1.89834e-06 0.000821915 0.0430159 0.272227 0.217697 0.133697 0.17865 0.0990005 0.0469193 0.00734072 0.000608698 1.93793e-05 1.677e-07 3.04983e-10 9.92271e-14 5.21258e-18 4.17452e-23 4.92425e-29 8.34302e-36
 1.52943e-41 2.12275e-33 3.56135e-26 7.22234e-20 1.77047e-14 5.24623e-10 1.87912e-06 0.000813592 0.0425804 0.269508 0.217931 0.147861 0.182808 0.0917564 0.0397451 0.00654474 0.000440241 9.48221e-06 6.41193e-08 9.9673e-11 2.78724e-14 1.23416e-18 8.048e-24 7.38948e-30 9.28974e-37
 1.64607e-41 2.28464e-33 3.83295e-26 7.77315e-20 1.9055e-14 5.64634e-10 2.02243e-06 0.000875641 0.0458278 0.290074 0.234274 0.143254 0.162141 0.0852272 0.0333041 0.00472791 0.000287047 5.30574e-06 2.54109e-08 2.76824e-11 5.91499e-15 2.09203e-19 1.09716e-24 8.042e-31 7.95957e-38
 1.59582e-41 2.2149e-33 3.71595e-26 7.53587e-20 1.84733e-14 5.47397e-10 1.96069e-06 0.00084891 0.044429 0.281289 0.23105 0.162019 0.17025 0.0792292 0.0271605 0.00353894 0.000180574 2.74439e-06 1.06898e-08 8.6325e-12 1.27109e-15 3.13903e-20 1.20308e-25 6.65895e-32 5.04787e-39
 1.64212e-41 2.27916e-33 3.82376e-26 7.7545e-20 1.90093e-14 5.63279e-10 2.01757e-06 0.00087354 0.0457181 0.289491 0.238764 0.160864 0.158739 0.078827 0.0240271 0.00258329 0.000109589 1.3656e-06 4.17254e-09 2.60174e-12 2.87696e-16 5.08332e-21 1.34662e-26 5.13724e-33 2.73376e-40
 1.64811e-41 2.28747e-33 3.8377e-26 7.78277e-20 1.90786e-14 5.65332e-10 2.02493e-06 0.000876724 0.045885 0.290628 0.242766 0.170381 0.155637 0.071884 0.0198842 0.001986 6.91337e-05 6.68094e-07 1.57775e-09 7.48083e-13 6.18263e-17 8.08862e-22 1.56646e-27 4.2823e-34 1.59977e-41
 1.6864e-41 2.34061e-33 3.92686e-26 7.96359e-20 1.95218e-14 5.78467e-10 2.07197e-06 0.000897094 0.0469513 0.297458 0.250396 0.172601 0.147489 0.0666511 0.0161335 0.00137969 4.08741e-05 3.21978e-07 5.76575e-10 2.01958e-13 1.22959e-17 1.17948e-22 1.66459e-28 3.30229e-35 8.9199e-43
 1.68019e-41 2.332e-33 3.91241e-26 7.93429e-20 1.945e-14 5.76338e-10 2.06435e-06 0.000893793 0.046779 0.296498 0.253648 0.181943 0.145056 0.0611192 0.0130667 0.000970401 2.34179e-05 1.46887e-07 2.05712e-10 5.43031e-14 2.41078e-18 1.66461e-23 1.68897e-29 2.41037e-36 4.68044e-44
 1.46958e-41 2.03968e-33 3.42198e-26 6.93971e-20 1.70119e-14 5.04093e-10 1.80558e-06 0.000781754 0.0409163 0.259686 0.234797 0.214704 0.167195 0.0683023 0.0127923 0.000807097 1.5951e-05 7.89539e-08 8.44074e-11 1.67688e-14 5.53682e-19 2.79662e-24 2.04304e-30 2.07904e-37 2.86875e-45
 1.49734e-41 2.07821e-33 3.48663e-26 7.07082e-20 1.73333e-14 5.13616e-10 1.83969e-06 0.000796523 0.041689 0.26449 0.234851 0.197356 0.167184 0.0784179 0.0143656 0.000834001 1.43998e-05 6.04568e-08 5.38476e-11 8.77934e-15 2.35696e-19 9.65112e-25 5.70662e-31 4.68416e-38 5.18619e-46
#spawning biomass
 17046.3 18354.6 19845.7 21924 25665 30895.9 35327.8 41591.8 57984.3 74586.9 91025.6 117597 159900 188687 174656 152681 144085 147060 134312 133846 139439 139841 158384 162934 170842 177699 168825 146716 127835 123823 62811.3 34424.6 23705.5 20116.3 19003.5 18676 18583.1 18557.4 18550.5 18548.6 18548.2 18548 18548 18548 18548 18548 18548 18548 18548 18548 18548 18548 18548 18548 18548 18548 18548 18548 18548 18548 18548 18548 18548 18548 18548 18548 18548 18548 18548 18548 18548 18548 18548 18548 18548 18548 18548 18548 18548 18548 18548 18548 18548 18548 18548 18548 18548 18548 18548 18548 18548 18548 18548 18548 18548 18548 18548 18548 18548 18548 18548 18548 18548 18548 18548 18548 18548 18548 18548 18548 18548 18548 18548 18548 18548 18548 18548 18548 18548 18548 18548 18548 18548 18548 18548 18548 18548 18548 0 0 0 0 0 0 0 0 0 0 0 0 0 0 0 0 0 0 0 0 0 0 0 0 0
