SBPRF35
0.224663
Curr Bio
35590.4
B35
177890
F35
0.34312
FOFL
0.192704
OFL
30569.9
Bzero
64189.3
#pred survey bio
 5589.01 7542.24 8024.12 7500.77 9740.99 13822.5 14045.6 17722.1 29727.3 50474.3 67295.6 87900.7 109196 139461 144421 122628 121918 116713 119410 112426 117515 124433 127492 140397 149012 171756 168249 144090 111688 7.62717e+06 4.43198e+06 3.36099e+06 2.38068e+06 1.70931e+06 1.30154e+06 1.06863e+06 939662 869097 830434 809015 796933 789964 785841 783341 781790 780814 780189 779783 779517 779340 779223 779144 779092 779056 779032 779016 779005 778998 778993 778990 778987 778986 778985 778984 778984 778983 778983 778983 778983 778983 778983 778983 778983 778983 778983 778983 778983 778983 778983 778983 778983 778983 778983 778983 778983 778983 778983 778983 778983 778983 778983 778983 778983 778983 778983 778983 778983 778983 778983 778983 778983 778983 778983 778983 778983 778983 778983 778983 778983 778983 778983 778983 778983 778983 778983 778983 778983 778983 778983 778983 778983 778983 778983 778983 778983 778983 778983 778983 778983 0 0 0 0 0 0 0 0 0 0 0 0 0 0 0 0 0 0 0 0 0 0 0 0 0
#obs survey bio
 4902.07 8995.45 6725.67 7140.98 17373.4 18524.3 13871.2 27285.5 42300 78650.9 99832.6 122826 126892 171804 124086 125839 103486 132984 117809 83636.9 102423 175674 141594 152671 135348 218892 123475 183990 152969
#pred catch bio
 3072.06 5277.2 6017.33 5347.87 6303.75 10149.9 10014 11942.6 18744.8 34419.6 46074.8 63116.2 76578.8 101483 110925 88892.6 90700.6 84442.9 89339 82548.8 86003.3 90340.3 89632.7 102632 103007 121660 121229 107214 1.19443 30569.9 50565.1 37200.2 25570.4 17863.6 13340.6 10865.4 9568.44 8907.78 8577.47 8414.39 8334.57 8295.73 8276.91 8267.81 8263.42 8261.31 8260.3 8259.81 8259.58 8259.46 8259.41 8259.38 8259.37 8259.37 8259.36 8259.36 8259.36 8259.36 8259.36 8259.36 8259.36 8259.36 8259.36 8259.36 8259.36 8259.36 8259.36 8259.36 8259.36 8259.36 8259.36 8259.36 8259.36 8259.36 8259.36 8259.36 8259.36 8259.36 8259.36 8259.36 8259.36 8259.36 8259.36 8259.36 8259.36 8259.36 8259.36 8259.36 8259.36 8259.36 8259.36 8259.36 8259.36 8259.36 8259.36 8259.36 8259.36 8259.36 8259.36 8259.36 8259.36 8259.36 8259.36 8259.36 8259.36 8259.36 8259.36 8259.36 8259.36 8259.36 8259.36 8259.36 8259.36 8259.36 8259.36 8259.36 8259.36 8259.36 8259.36 8259.36 8259.36 8259.36 8259.36 8259.36 8259.36 8259.36 8259.36 8259.36 8259.36 0 0 0 0 0 0 0 0 0 0 0 0 0 0 0 0 0 0 0 0 0 0 0 0 0
#obs catch bio
 5138.91 5261.69 6032.44 5285.36 5945.28 9800.19 9837.29 11559.7 17801.1 32831.8 44168.8 60525.6 73820.5 100176 112504 88898.2 90520.6 83057.4 87681.2 82890.9 86889.4 87991.6 88019.8 103045 104087 122366 122757 111660 1.09378
#pred cpue bio
 5151.44 6659.98 7138.46 6642.09 8468.51 12197.9 12442.6 15446.8 25652.3 44050.4 59159.3 77174.4 95471.4 122370 128261 109071 108223 103405 105892 99683.5 103580 109877 113116 124299 131343 152265 150670 129881 100555 7.2683e+06 4.43163e+06 3.34073e+06 2.35563e+06 1.68379e+06 1.27598e+06 1.04307e+06 914102 843537 804874 783455 771373 764403 760281 757781 756230 755254 754629 754223 753956 753780 753662 753584 753531 753496 753472 753456 753445 753438 753433 753429 753427 753425 753424 753424 753423 753423 753423 753423 753422 753422 753422 753422 753422 753422 753422 753422 753422 753422 753422 753422 753422 753422 753422 753422 753422 753422 753422 753422 753422 753422 753422 753422 753422 753422 753422 753422 753422 753422 753422 753422 753422 753422 753422 753422 753422 753422 753422 753422 753422 753422 753422 753422 753422 753422 753422 753422 753422 753422 753422 753422 753422 753422 753422 753422 753422 753422 753422 753422 753422 0 0 0 0 0 0 0 0 0 0 0 0 0 0 0 0 0 0 0 0 0 0 0 0 0
#obs cpue bio
 6569.69 7148.86 7541.2 9226.38 17627.6 12074 14708.2 19438.3 49174.6 54240.4 72762.7 106463 138422 104892 106542 112287 134313 127741 145994 106767 99262 150857 123596 95422.5 112870 118083 165728 135072 121453
#pred surv len freq
 2.14655e-27 2.17506e-27 6.7969e-27 1.58151e-21 9.40585e-17 1.28608e-12 4.04282e-09 2.92176e-06 0.000485445 0.0185437 0.162852 0.328801 0.153004 0.0264885 0.0627027 0.0879424 0.035553 0.027947 0.0247605 0.0165977 0.0139038 0.0119727 0.0122958 0.0113777 0.00477047
 2.1487e-27 2.18146e-27 7.52734e-27 1.82938e-21 1.088e-16 1.48765e-12 4.67644e-09 3.37968e-06 0.000561529 0.02145 0.188375 0.380332 0.176879 0.0278657 0.0555834 0.0776105 0.0284312 0.0140001 0.0110557 0.00582749 0.00399943 0.00280572 0.00238747 0.00200278 0.000828732
 2.14763e-27 2.17898e-27 7.26917e-27 1.74179e-21 1.03591e-16 1.41642e-12 4.45254e-09 3.21787e-06 0.000534644 0.020423 0.179356 0.362124 0.168536 0.0298624 0.0732617 0.102422 0.0358629 0.0124818 0.0086411 0.00319507 0.00153567 0.000787136 0.000495109 0.00034404 0.000134507
 2.14795e-27 2.17984e-27 7.36428e-27 1.77407e-21 1.05511e-16 1.44267e-12 4.53506e-09 3.2775e-06 0.000544552 0.0208015 0.18268 0.368834 0.171619 0.0293526 0.0681273 0.0952377 0.0340785 0.0141988 0.0100052 0.00299747 0.000997508 0.000321013 0.000121652 5.92167e-05 2.02636e-05
 2.14931e-27 2.18318e-27 7.71867e-27 1.89429e-21 1.12661e-16 1.54043e-12 4.84238e-09 3.4996e-06 0.000581453 0.0222111 0.195059 0.393827 0.18313 0.0281916 0.0535068 0.0746165 0.0266214 0.0108534 0.00770197 0.00253357 0.000889575 0.000214622 4.39306e-05 1.09873e-05 2.74243e-06
 2.14819e-27 2.18039e-27 7.42044e-27 1.79311e-21 1.06643e-16 1.45815e-12 4.58372e-09 3.31267e-06 0.000550395 0.0210247 0.18464 0.372792 0.173453 0.0294562 0.067567 0.0943945 0.0330499 0.0114864 0.00783506 0.00255516 0.00091119 0.000233852 4.10442e-05 5.13992e-06 6.33852e-07
 2.1479e-27 2.1797e-27 7.34856e-27 1.76873e-21 1.05193e-16 1.43833e-12 4.52141e-09 3.26764e-06 0.000542913 0.0207389 0.18213 0.367725 0.171113 0.029533 0.0695629 0.0972415 0.0345212 0.0135186 0.00939698 0.00280667 0.000894497 0.000226605 4.05882e-05 4.39124e-06 2.80295e-07
 2.14913e-27 2.18273e-27 7.67182e-27 1.8784e-21 1.11716e-16 1.52751e-12 4.80175e-09 3.47024e-06 0.000576575 0.0220248 0.193423 0.390523 0.181608 0.0283325 0.0553626 0.0772377 0.0276209 0.0114613 0.00812959 0.00258402 0.000871038 0.000203765 3.35144e-05 3.54425e-06 1.93479e-07
 2.14979e-27 2.18434e-27 7.83984e-27 1.93538e-21 1.15105e-16 1.57385e-12 4.94742e-09 3.57551e-06 0.000594066 0.0226929 0.199291 0.40237 0.187072 0.027979 0.0496339 0.0691231 0.0242151 0.0084605 0.00578564 0.00190242 0.000678256 0.000168171 2.7862e-05 2.73399e-06 1.39623e-07
 2.149e-27 2.18238e-27 7.63032e-27 1.8643e-21 1.10877e-16 1.51605e-12 4.76572e-09 3.4442e-06 0.000572249 0.0218595 0.191971 0.387593 0.180272 0.028815 0.0591916 0.0825786 0.0287443 0.00944203 0.00627995 0.00188518 0.000607219 0.000154617 2.72384e-05 2.76019e-06 1.3631e-07
 2.14848e-27 2.18111e-27 7.49713e-27 1.81913e-21 1.0819e-16 1.47931e-12 4.65024e-09 3.36074e-06 0.000558382 0.0213298 0.187319 0.378201 0.175942 0.0291457 0.0640412 0.0894384 0.0314952 0.0115193 0.00785497 0.00228004 0.000683274 0.0001582 2.62216e-05 2.74634e-06 1.41219e-07
 2.14859e-27 2.1814e-27 7.52905e-27 1.82996e-21 1.08835e-16 1.48812e-12 4.67793e-09 3.38075e-06 0.000561707 0.0214568 0.188435 0.380454 0.176974 0.028905 0.0618926 0.0864301 0.0307056 0.0120985 0.00844888 0.00258962 0.000828662 0.000185394 2.80633e-05 2.71092e-06 1.37481e-07
 2.14889e-27 2.18213e-27 7.6053e-27 1.85582e-21 1.10373e-16 1.50915e-12 4.74404e-09 3.42853e-06 0.000569645 0.0217601 0.191098 0.38583 0.179454 0.0287332 0.0592235 0.0826502 0.0291291 0.0107387 0.0074166 0.00236459 0.000805624 0.000191043 2.984e-05 2.72579e-06 1.27367e-07
 2.14862e-27 2.18146e-27 7.53415e-27 1.83168e-21 1.08937e-16 1.48952e-12 4.68234e-09 3.38394e-06 0.000562236 0.021477 0.188613 0.380812 0.177144 0.0290242 0.0625123 0.0872794 0.0306763 0.0110366 0.00754437 0.00232383 0.000767109 0.000189349 3.16464e-05 3.02706e-06 1.3968e-07
 2.14769e-27 2.17916e-27 7.29086e-27 1.74915e-21 1.04029e-16 1.42241e-12 4.47136e-09 3.23147e-06 0.000536904 0.0205094 0.180114 0.363654 0.169243 0.0298431 0.0726828 0.101619 0.0357958 0.0131313 0.00900575 0.00273449 0.000878018 0.000209786 3.48929e-05 3.50757e-06 1.70578e-07
 2.14758e-27 2.17892e-27 7.26692e-27 1.74104e-21 1.03547e-16 1.41582e-12 4.45063e-09 3.21649e-06 0.000534414 0.0204143 0.179279 0.361968 0.16846 0.0297485 0.0726137 0.101552 0.0361811 0.0145829 0.0102336 0.00313474 0.00101356 0.000238084 3.83443e-05 3.78689e-06 1.88304e-07
 2.14776e-27 2.17937e-27 7.31636e-27 1.75782e-21 1.04544e-16 1.42946e-12 4.49352e-09 3.24748e-06 0.000539564 0.020611 0.181007 0.365456 0.170061 0.0294469 0.069721 0.0974938 0.0350043 0.0149664 0.0107024 0.00345696 0.00119468 0.000285056 4.57956e-05 4.41792e-06 2.14905e-07
 2.1479e-27 2.17972e-27 7.35206e-27 1.76993e-21 1.05264e-16 1.4393e-12 4.52447e-09 3.26985e-06 0.00054328 0.0207529 0.182253 0.367973 0.171224 0.0294323 0.0688735 0.0962785 0.0342903 0.0137919 0.0097748 0.00326435 0.00118779 0.00030057 5.09855e-05 4.97851e-06 2.39224e-07
 2.14783e-27 2.17954e-27 7.33298e-27 1.76345e-21 1.04879e-16 1.43404e-12 4.50792e-09 3.25789e-06 0.000541293 0.020677 0.181587 0.366627 0.170604 0.0294868 0.0696119 0.097323 0.0347115 0.0141136 0.00998449 0.00322697 0.00114287 0.000299606 5.40737e-05 5.60191e-06 2.78022e-07
 2.14784e-27 2.17955e-27 7.3344e-27 1.76393e-21 1.04908e-16 1.43443e-12 4.50915e-09 3.25877e-06 0.00054144 0.0206827 0.181636 0.366727 0.170651 0.0295193 0.0697799 0.0975533 0.0347052 0.0138316 0.00974793 0.00316343 0.00111575 0.000284587 5.12441e-05 5.56708e-06 2.92854e-07
 2.1483e-27 2.1807e-27 7.45636e-27 1.80531e-21 1.07369e-16 1.46807e-12 4.61491e-09 3.33521e-06 0.00055414 0.0211678 0.185896 0.375328 0.174611 0.0290794 0.0645024 0.0901187 0.0321387 0.0130566 0.00922886 0.00296437 0.00103415 0.000263419 4.68087e-05 5.03078e-06 2.71214e-07
 2.14815e-27 2.18032e-27 7.41408e-27 1.79096e-21 1.06515e-16 1.4564e-12 4.57823e-09 3.3087e-06 0.000549735 0.0209995 0.184419 0.372345 0.173242 0.0293449 0.067022 0.0936492 0.0330993 0.0125035 0.00870391 0.00282402 0.000994368 0.000251146 4.42077e-05 4.70978e-06 2.51652e-07
 2.14778e-27 2.17941e-27 7.31822e-27 1.75844e-21 1.04581e-16 1.42996e-12 4.49511e-09 3.24863e-06 0.000539755 0.0206183 0.181071 0.365586 0.170127 0.0296114 0.0706862 0.098827 0.0351053 0.0138189 0.00966588 0.00301616 0.00101632 0.000257441 4.54429e-05 4.80123e-06 2.54153e-07
 2.14797e-27 2.17988e-27 7.37047e-27 1.77618e-21 1.05636e-16 1.44439e-12 4.54045e-09 3.28139e-06 0.000545199 0.0208262 0.182897 0.369273 0.171819 0.0292771 0.0675342 0.0944093 0.0338875 0.0144583 0.0103191 0.00329409 0.00112858 0.000276136 4.72636e-05 4.98195e-06 2.62804e-07
 2.1483e-27 2.18069e-27 7.4552e-27 1.80491e-21 1.07345e-16 1.46775e-12 4.6139e-09 3.33448e-06 0.000554018 0.0211631 0.185856 0.375246 0.174575 0.0291147 0.0647427 0.09045 0.0321525 0.0127358 0.00899489 0.00300083 0.00108739 0.00027263 4.65607e-05 4.76408e-06 2.47185e-07
 2.14785e-27 2.17958e-27 7.33697e-27 1.76481e-21 1.0496e-16 1.43514e-12 4.51138e-09 3.26038e-06 0.000541708 0.0206929 0.181726 0.366908 0.170735 0.0295218 0.0697405 0.0974964 0.0346672 0.0137591 0.00967331 0.00310341 0.00108956 0.000284669 5.10782e-05 5.30096e-06 2.71014e-07
 2.14702e-27 2.17756e-27 7.12377e-27 1.69249e-21 1.00659e-16 1.37633e-12 4.32652e-09 3.12678e-06 0.000519511 0.019845 0.174279 0.351874 0.163807 0.0301263 0.0779624 0.109108 0.0390645 0.0163561 0.0116342 0.00373184 0.00129568 0.000327432 5.84842e-05 6.32196e-06 3.32693e-07
 2.14647e-27 2.17622e-27 6.9855e-27 1.6456e-21 9.78702e-17 1.3382e-12 4.20665e-09 3.04016e-06 0.000505118 0.0192952 0.169451 0.342126 0.159308 0.0303174 0.0820669 0.114939 0.0417408 0.0193358 0.014083 0.00465447 0.0016705 0.000421819 7.38173e-05 7.85279e-06 4.20687e-07
 2.14659e-27 2.17653e-27 7.01952e-27 1.65715e-21 9.8557e-17 1.34759e-12 4.23617e-09 3.06149e-06 0.000508662 0.0194306 0.17064 0.344527 0.160409 0.0300954 0.0799878 0.11202 0.0408658 0.0195144 0.0144006 0.00504725 0.00194067 0.000508283 9.099e-05 9.60309e-06 5.06821e-07
#obs surv len freq
 1.23678e-39 6.05318e-33 6.81113e-27 1.76197e-21 1.04791e-16 1.43283e-12 4.50412e-09 3.25513e-06 0.000540845 0.0206596 0.181432 0.366317 0.170453 0.0292595 0.0683181 0.0955338 0.0345365 0.0155181 0.0113231 0.0039777 0.00156827 0.000451161 9.45635e-05 1.22239e-05 8.06629e-07
 1.30859e-39 6.40466e-33 7.20662e-27 1.86428e-21 1.10876e-16 1.51603e-12 4.76565e-09 3.44415e-06 0.00057225 0.0218592 0.191968 0.387587 0.18025 0.0283135 0.0561323 0.0783446 0.0282988 0.0126406 0.00919462 0.00318064 0.00122896 0.000346192 7.05818e-05 8.86396e-06 5.68616e-07
 1.15873e-39 5.6712e-33 6.38133e-27 1.65079e-21 9.81786e-17 1.34242e-12 4.21989e-09 3.04973e-06 0.000506716 0.0193559 0.169984 0.343203 0.159824 0.0308013 0.0846965 0.118551 0.0417329 0.0152349 0.010594 0.0036445 0.00139541 0.000385937 7.67193e-05 9.36737e-06 5.83512e-07
 1.34712e-39 6.59322e-33 7.4188e-27 1.91917e-21 1.1414e-16 1.56066e-12 4.90596e-09 3.54555e-06 0.000589098 0.0225028 0.197619 0.398998 0.185496 0.0275208 0.0478542 0.0667236 0.0248531 0.0134403 0.00996184 0.00306697 0.00103067 0.000278439 5.44478e-05 6.48666e-06 3.92915e-07
 1.39176e-39 6.81168e-33 7.6646e-27 1.98276e-21 1.17922e-16 1.61237e-12 5.06851e-09 3.66302e-06 0.000608617 0.0232484 0.204167 0.412218 0.191609 0.0275545 0.0440756 0.0612743 0.0212452 0.00672232 0.00457118 0.00176245 0.000724783 0.00017975 3.16603e-05 3.64731e-06 2.15908e-07
 1.26649e-39 6.19859e-33 6.97475e-27 1.8043e-21 1.07309e-16 1.46725e-12 4.61232e-09 3.33333e-06 0.000553838 0.0211559 0.185791 0.375117 0.174534 0.0296222 0.0678798 0.0947923 0.0326102 0.00946007 0.0060215 0.00172244 0.000542493 0.000158634 3.10826e-05 3.32115e-06 1.84014e-07
 1.27148e-39 6.22301e-33 7.00224e-27 1.81141e-21 1.07731e-16 1.47303e-12 4.63049e-09 3.34647e-06 0.00055602 0.0212392 0.186523 0.376595 0.175194 0.0289899 0.0635749 0.0888252 0.0318825 0.0135877 0.0095317 0.00260886 0.00070321 0.000155102 2.67887e-05 3.15387e-06 1.76431e-07
 1.41881e-39 6.9441e-33 7.81361e-27 2.02131e-21 1.20215e-16 1.64372e-12 5.16705e-09 3.73424e-06 0.000620449 0.0237003 0.208136 0.420231 0.195291 0.0269527 0.0379863 0.0527319 0.0187917 0.00759462 0.00538884 0.00179458 0.000623833 0.000132176 1.8212e-05 1.73969e-06 9.53403e-08
 1.41825e-39 6.94133e-33 7.8105e-27 2.0205e-21 1.20167e-16 1.64306e-12 5.16499e-09 3.73275e-06 0.000620201 0.0236909 0.208053 0.420064 0.195229 0.0273423 0.0404151 0.056091 0.019103 0.00491366 0.00303789 0.000982499 0.000348976 8.93052e-05 1.44617e-05 1.24375e-06 5.53805e-08
 1.35189e-39 6.61656e-33 7.44506e-27 1.92597e-21 1.14544e-16 1.56619e-12 4.92333e-09 3.5581e-06 0.000591183 0.0225824 0.198319 0.40041 0.186182 0.0283924 0.0527491 0.0734657 0.0250967 0.00669853 0.00410043 0.0010625 0.000268469 6.49672e-05 1.1482e-05 1.15733e-06 5.29128e-08
 1.31504e-39 6.43623e-33 7.24215e-27 1.87348e-21 1.11423e-16 1.5235e-12 4.78915e-09 3.46113e-06 0.000575071 0.021967 0.192914 0.389498 0.181149 0.0287177 0.0580239 0.0809384 0.0282499 0.00952045 0.00629152 0.00165489 0.000407017 7.80962e-05 1.05814e-05 1.04917e-06 5.3368e-08
 1.36246e-39 6.66829e-33 7.50327e-27 1.94102e-21 1.1544e-16 1.57843e-12 4.96182e-09 3.58592e-06 0.000595805 0.022759 0.199869 0.403541 0.187611 0.0279024 0.0488149 0.0679765 0.0239223 0.0087028 0.00593467 0.0017403 0.000512574 0.000101057 1.22649e-05 9.52388e-07 4.21622e-08
 1.33913e-39 6.5541e-33 7.37478e-27 1.90779e-21 1.13463e-16 1.5514e-12 4.87685e-09 3.52451e-06 0.000585602 0.0223693 0.196447 0.396631 0.184435 0.0284081 0.0539844 0.0752327 0.0260657 0.00816977 0.00537138 0.00163937 0.000523661 0.000116534 1.62195e-05 1.23821e-06 4.63389e-08
 1.29274e-39 6.32704e-33 7.11929e-27 1.84169e-21 1.09532e-16 1.49766e-12 4.7079e-09 3.40241e-06 0.000565315 0.0215943 0.189641 0.38289 0.178105 0.0290162 0.0618375 0.0863157 0.0301678 0.0103037 0.00688541 0.001953 0.000567521 0.000130906 2.02273e-05 1.75159e-06 6.97177e-08
 1.17464e-39 5.74905e-33 6.46892e-27 1.67345e-21 9.95262e-17 1.36084e-12 4.27782e-09 3.09159e-06 0.000513672 0.0196216 0.172317 0.347914 0.161991 0.0305193 0.0815557 0.114144 0.0404664 0.0156699 0.0108556 0.00321021 0.000973337 0.000211001 3.09659e-05 2.84195e-06 1.25878e-07
 1.25739e-39 6.15407e-33 6.92466e-27 1.79135e-21 1.06538e-16 1.45671e-12 4.57919e-09 3.30939e-06 0.00054986 0.021004 0.184457 0.372423 0.173255 0.0287222 0.0631977 0.0883665 0.032701 0.0170404 0.0126031 0.00399114 0.0013334 0.000303288 4.48792e-05 3.93699e-06 1.75029e-07
 1.22834e-39 6.01189e-33 6.76468e-27 1.74996e-21 1.04077e-16 1.42306e-12 4.4734e-09 3.23293e-06 0.000537156 0.0205187 0.180195 0.363819 0.169308 0.0295489 0.0708378 0.0990535 0.0353379 0.0144161 0.0104227 0.00393324 0.00159818 0.00039925 6.45742e-05 5.87552e-06 2.58046e-07
 1.28069e-39 6.26811e-33 7.05298e-27 1.82454e-21 1.08512e-16 1.48371e-12 4.66405e-09 3.37072e-06 0.00056005 0.0213932 0.187875 0.379324 0.176445 0.0286946 0.0609496 0.0851412 0.0307898 0.0138595 0.0100232 0.00328308 0.00122249 0.000359315 6.9596e-05 7.04251e-06 3.2923e-07
 1.24825e-39 6.10933e-33 6.87431e-27 1.77832e-21 1.05763e-16 1.44612e-12 4.5459e-09 3.28533e-06 0.000545862 0.0208512 0.183116 0.369715 0.172028 0.0293837 0.0680519 0.0951123 0.0337623 0.0132263 0.00935852 0.00322992 0.00122144 0.000323017 6.32431e-05 7.50435e-06 4.02374e-07
 1.25567e-39 6.14562e-33 6.91515e-27 1.78888e-21 1.06392e-16 1.45471e-12 4.5729e-09 3.30485e-06 0.000549105 0.0209751 0.184203 0.371912 0.173033 0.0291034 0.0656791 0.0918016 0.0330614 0.0144517 0.0103636 0.00331222 0.00116774 0.000316107 6.01851e-05 6.9409e-06 4.05532e-07
 1.27493e-39 6.23992e-33 7.02126e-27 1.81633e-21 1.08024e-16 1.47703e-12 4.64307e-09 3.35556e-06 0.00055753 0.0212969 0.18703 0.377618 0.175662 0.0288721 0.0625472 0.0873759 0.0313425 0.0133152 0.00956766 0.00324677 0.00119773 0.000304617 5.54616e-05 6.32349e-06 3.63212e-07
 1.26097e-39 6.17158e-33 6.94436e-27 1.79644e-21 1.06841e-16 1.46086e-12 4.59222e-09 3.31881e-06 0.000551425 0.0210637 0.184982 0.373483 0.173761 0.0291519 0.0655016 0.0915276 0.0326368 0.0132495 0.00940919 0.00314518 0.00116106 0.000309821 5.67887e-05 6.17207e-06 3.44515e-07
 1.2606e-39 6.16976e-33 6.94232e-27 1.79591e-21 1.0681e-16 1.46043e-12 4.59087e-09 3.31783e-06 0.000551262 0.0210575 0.184927 0.373373 0.173708 0.0290797 0.065094 0.0909678 0.0326419 0.013897 0.00993707 0.00323741 0.00115676 0.000305369 5.70098e-05 6.33466e-06 3.46442e-07
 1.25807e-39 6.15738e-33 6.92838e-27 1.79231e-21 1.06595e-16 1.4575e-12 4.58165e-09 3.31117e-06 0.000550156 0.0210152 0.184556 0.372623 0.173362 0.0291031 0.065463 0.0914885 0.0328326 0.0139933 0.0100425 0.00335971 0.0012272 0.000316375 5.75417e-05 6.40903e-06 3.56174e-07
 1.26243e-39 6.17872e-33 6.9524e-27 1.79852e-21 1.06965e-16 1.46255e-12 4.59754e-09 3.32265e-06 0.000552063 0.0210881 0.185196 0.373915 0.173956 0.0290228 0.0645835 0.0902516 0.0324326 0.013961 0.0100407 0.00336417 0.00123974 0.000327081 5.98106e-05 6.52059e-06 3.589e-07
 1.19649e-39 5.856e-33 6.58926e-27 1.70458e-21 1.01378e-16 1.38616e-12 4.3574e-09 3.1491e-06 0.000523227 0.0199866 0.175522 0.354385 0.164962 0.0299494 0.0761261 0.106525 0.0382196 0.0162608 0.0116754 0.00393438 0.00145959 0.000387232 7.19041e-05 7.93858e-06 4.33619e-07
 1.19198e-39 5.83391e-33 6.56441e-27 1.69815e-21 1.00995e-16 1.38093e-12 4.34097e-09 3.13723e-06 0.000521254 0.0199112 0.174861 0.353049 0.164331 0.0295972 0.0743787 0.104132 0.0383349 0.0193722 0.0143511 0.00480956 0.00177539 0.00047353 8.86489e-05 9.90124e-06 5.47448e-07
 1.2297e-39 6.01851e-33 6.77213e-27 1.75189e-21 1.04191e-16 1.42463e-12 4.47833e-09 3.2365e-06 0.000537748 0.0205413 0.180394 0.36422 0.169477 0.0290924 0.0679301 0.0950274 0.0348977 0.0173898 0.0130338 0.00484345 0.00197262 0.000529545 9.90766e-05 1.11432e-05 6.22453e-07
 1.2297e-39 6.01851e-33 6.77213e-27 1.75189e-21 1.04191e-16 1.42463e-12 4.47833e-09 3.2365e-06 0.000537748 0.0205413 0.180394 0.36422 0.169477 0.0290924 0.0679301 0.0950274 0.0348977 0.0173898 0.0130338 0.00484345 0.00197262 0.000529545 9.90766e-05 1.11432e-05 6.22453e-07
#pred catch len freq
 2.14608e-27 2.17386e-27 6.66665e-27 1.53732e-21 9.14303e-17 1.25015e-12 3.92985e-09 2.84012e-06 0.000471881 0.0180255 0.158301 0.319614 0.148765 0.0267232 0.0669039 0.0938795 0.0378239 0.029366 0.02597 0.017371 0.0145376 0.0125149 0.0128517 0.011892 0.00498609
 2.14857e-27 2.18113e-27 7.49278e-27 1.81765e-21 1.08103e-16 1.47811e-12 4.64647e-09 3.35802e-06 0.000557929 0.0213125 0.187168 0.377895 0.175757 0.0280003 0.0571395 0.0798009 0.0291638 0.014144 0.0111349 0.00585666 0.00401458 0.0028154 0.00239549 0.00200948 0.000831504
 2.14758e-27 2.17885e-27 7.25483e-27 1.73692e-21 1.03302e-16 1.41246e-12 4.4401e-09 3.20887e-06 0.000533149 0.0203659 0.178855 0.361112 0.168071 0.0299414 0.0740487 0.103527 0.0361897 0.0124018 0.00854821 0.00315493 0.00151383 0.000775611 0.000487798 0.000338952 0.000132518
 2.14783e-27 2.17952e-27 7.33095e-27 1.76277e-21 1.04838e-16 1.43348e-12 4.50616e-09 3.25661e-06 0.000541082 0.0206689 0.181516 0.366484 0.170538 0.0294931 0.0696935 0.097441 0.0347974 0.0142789 0.0100275 0.00299986 0.00099637 0.000320479 0.000121426 5.91042e-05 2.02251e-05
 2.1491e-27 2.18266e-27 7.66345e-27 1.87556e-21 1.11546e-16 1.5252e-12 4.79448e-09 3.46499e-06 0.000575703 0.0219914 0.19313 0.389932 0.181338 0.0283978 0.0559397 0.0780431 0.0277934 0.0111712 0.0079013 0.00259506 0.000909608 0.000219362 4.48899e-05 1.12264e-05 2.80209e-06
 2.1481e-27 2.18019e-27 7.39844e-27 1.78564e-21 1.06199e-16 1.45208e-12 4.56465e-09 3.29888e-06 0.000548104 0.0209372 0.183872 0.371241 0.172739 0.0295579 0.068655 0.0959237 0.0335306 0.0114771 0.00779544 0.00253813 0.000903516 0.000231781 4.06723e-05 5.09297e-06 6.28048e-07
 2.14777e-27 2.17938e-27 7.31467e-27 1.75724e-21 1.0451e-16 1.42898e-12 4.49202e-09 3.2464e-06 0.000539384 0.0206041 0.180946 0.365335 0.170013 0.0296762 0.0711575 0.0994847 0.0352522 0.0135973 0.00941735 0.00280873 0.000893447 0.000226229 4.05121e-05 4.38272e-06 2.79745e-07
 2.14896e-27 2.18231e-27 7.62643e-27 1.863e-21 1.108e-16 1.51499e-12 4.76239e-09 3.44179e-06 0.000571848 0.0218442 0.191837 0.387322 0.180135 0.0285069 0.0573921 0.0800953 0.0285882 0.0116902 0.00826444 0.00262289 0.000882573 0.000206374 3.39356e-05 3.58852e-06 1.95891e-07
 2.14957e-27 2.1838e-27 7.78241e-27 1.9159e-21 1.13946e-16 1.55801e-12 4.89761e-09 3.53952e-06 0.000588086 0.0224645 0.197284 0.39832 0.185208 0.0281968 0.0521846 0.0727149 0.0254359 0.00876593 0.00597161 0.00196047 0.000697752 0.000172932 2.86447e-05 2.8106e-06 1.43532e-07
 2.14883e-27 2.18197e-27 7.58656e-27 1.84945e-21 1.09994e-16 1.50397e-12 4.72776e-09 3.41677e-06 0.000567691 0.0216854 0.190442 0.384506 0.178851 0.0289903 0.0611922 0.0853944 0.0296818 0.00961152 0.00636553 0.0019081 0.00061344 0.000156126 2.74985e-05 2.78636e-06 1.376e-07
 2.1483e-27 2.18068e-27 7.45157e-27 1.80367e-21 1.07271e-16 1.46674e-12 4.61072e-09 3.33218e-06 0.000553637 0.0211486 0.185728 0.374988 0.174463 0.0293273 0.0661181 0.0923617 0.032471 0.0117042 0.00795082 0.00230471 0.000689335 0.000159524 2.64349e-05 2.76848e-06 1.42354e-07
 2.14848e-27 2.18113e-27 7.50066e-27 1.82033e-21 1.08262e-16 1.48029e-12 4.65331e-09 3.36296e-06 0.000558751 0.0213439 0.187443 0.378452 0.176053 0.0290265 0.0632379 0.0883222 0.031319 0.0121534 0.00845631 0.00258807 0.000826638 0.000184857 2.79755e-05 2.70221e-06 1.37036e-07
 2.14875e-27 2.1818e-27 7.57014e-27 1.84389e-21 1.09663e-16 1.49945e-12 4.71355e-09 3.40649e-06 0.000565984 0.0216202 0.18987 0.38335 0.178312 0.0288769 0.0608483 0.0849366 0.0298842 0.0108544 0.00746757 0.00237715 0.000808458 0.000191632 2.99253e-05 2.73338e-06 1.27719e-07
 2.14853e-27 2.18124e-27 7.51025e-27 1.82357e-21 1.08455e-16 1.48293e-12 4.6616e-09 3.36895e-06 0.000559747 0.0213819 0.187777 0.379126 0.176369 0.0291306 0.06367 0.0889072 0.0311957 0.0110538 0.00752553 0.00231454 0.000762623 0.000188154 3.14399e-05 3.0071e-06 1.38757e-07
 2.14767e-27 2.17913e-27 7.28685e-27 1.74779e-21 1.03948e-16 1.4213e-12 4.46788e-09 3.22895e-06 0.000536485 0.0204934 0.179974 0.363371 0.169114 0.0298852 0.0730253 0.102097 0.0358993 0.0129613 0.00885248 0.00268394 0.000860158 0.000205421 3.41592e-05 3.43357e-06 1.66976e-07
 2.14747e-27 2.17865e-27 7.23856e-27 1.73142e-21 1.02974e-16 1.40799e-12 4.42603e-09 3.19871e-06 0.00053146 0.0203014 0.178288 0.359968 0.16754 0.0298746 0.0739866 0.103482 0.0367974 0.0146048 0.0102123 0.00312361 0.00100809 0.000236689 3.81109e-05 3.76356e-06 1.8714e-07
 2.1477e-27 2.17921e-27 7.29951e-27 1.75211e-21 1.04204e-16 1.42481e-12 4.47891e-09 3.23692e-06 0.000537809 0.020544 0.180418 0.364268 0.169515 0.0295347 0.0706152 0.0987493 0.0353798 0.0148901 0.0106111 0.00342208 0.00118052 0.000281556 4.52232e-05 4.36238e-06 2.12198e-07
 2.1478e-27 2.17946e-27 7.32411e-27 1.76044e-21 1.047e-16 1.43159e-12 4.50023e-09 3.25233e-06 0.000540369 0.0206417 0.181277 0.366002 0.170317 0.0295556 0.0702201 0.0981721 0.0348973 0.0138219 0.00976067 0.00325432 0.00118209 0.000299003 5.0709e-05 4.95117e-06 2.37905e-07
 2.14778e-27 2.1794e-27 7.31838e-27 1.7585e-21 1.04585e-16 1.43001e-12 4.49525e-09 3.24873e-06 0.000539772 0.0206189 0.181077 0.365597 0.170131 0.0295663 0.0704077 0.0984398 0.0350394 0.0140237 0.00988473 0.00318967 0.00112763 0.000295479 5.33178e-05 5.52325e-06 2.74113e-07
 2.14775e-27 2.17935e-27 7.31201e-27 1.75634e-21 1.04456e-16 1.42825e-12 4.48973e-09 3.24474e-06 0.000539109 0.0205936 0.180854 0.365148 0.169925 0.0296244 0.0708973 0.0991237 0.0351958 0.013811 0.00969761 0.00314211 0.00110626 0.000282042 5.0775e-05 5.51575e-06 2.90148e-07
 2.14822e-27 2.1805e-27 7.43411e-27 1.79776e-21 1.0692e-16 1.46194e-12 4.59561e-09 3.32126e-06 0.000551823 0.0210793 0.185119 0.373759 0.17389 0.0291819 0.0656007 0.0916624 0.0326247 0.0130499 0.00919101 0.00294758 0.00102645 0.000261342 4.64296e-05 4.9897e-06 2.68994e-07
 2.14805e-27 2.18007e-27 7.38798e-27 1.7821e-21 1.05988e-16 1.4492e-12 4.55559e-09 3.29234e-06 0.000547017 0.0208957 0.183507 0.370504 0.172395 0.0294609 0.0682849 0.095425 0.0336665 0.0125246 0.00868495 0.00281339 0.000988868 0.000249648 4.39345e-05 4.68036e-06 2.50075e-07
 2.14763e-27 2.17904e-27 7.27858e-27 1.745e-21 1.03782e-16 1.41903e-12 4.46073e-09 3.22379e-06 0.000535627 0.0204606 0.179686 0.36279 0.168841 0.0297743 0.0725236 0.101412 0.0359574 0.0139435 0.00971802 0.00302787 0.0010184 0.000257849 4.55052e-05 4.80749e-06 2.54479e-07
 2.14788e-27 2.17966e-27 7.34701e-27 1.76822e-21 1.05163e-16 1.43791e-12 4.5201e-09 3.26669e-06 0.000542755 0.0207329 0.182077 0.367617 0.171058 0.0293853 0.0686933 0.0960386 0.0344002 0.0144503 0.0102783 0.00327598 0.00112036 0.000274004 4.68882e-05 4.94203e-06 2.60693e-07
 2.14814e-27 2.18029e-27 7.41231e-27 1.79036e-21 1.0648e-16 1.45592e-12 4.5767e-09 3.3076e-06 0.000549552 0.0209925 0.184357 0.372221 0.173183 0.0292858 0.0666987 0.0932032 0.0330705 0.0129065 0.00908299 0.00302532 0.00109439 0.00027427 4.68307e-05 4.79137e-06 2.48596e-07
 2.14771e-27 2.17924e-27 7.30055e-27 1.75245e-21 1.04225e-16 1.42509e-12 4.47979e-09 3.23756e-06 0.000537915 0.020548 0.180454 0.36434 0.169553 0.0296735 0.0714409 0.0998889 0.0354516 0.0138595 0.00970887 0.00310997 0.00108991 0.000284632 5.10611e-05 5.29885e-06 2.709e-07
 2.1469e-27 2.17725e-27 7.09135e-27 1.68149e-21 1.00005e-16 1.36738e-12 4.29839e-09 3.10646e-06 0.000516134 0.0197159 0.173146 0.349587 0.162755 0.0302685 0.0795194 0.111297 0.0397679 0.0163968 0.011623 0.00372247 0.00129011 0.00032588 5.81945e-05 6.29022e-06 3.31016e-07
 2.1464e-27 2.17605e-27 6.96688e-27 1.63928e-21 9.74944e-17 1.33306e-12 4.1905e-09 3.02849e-06 0.000503178 0.0192211 0.1688 0.340813 0.158704 0.0304188 0.0830821 0.116364 0.0421595 0.0192226 0.0139562 0.00460514 0.0016499 0.000416439 7.28601e-05 7.75043e-06 4.15195e-07
 2.14521e-27 2.17314e-27 6.66094e-27 1.53551e-21 9.13229e-17 1.24868e-12 3.92524e-09 2.83678e-06 0.000471327 0.0180044 0.158115 0.31924 0.148761 0.0312335 0.0945571 0.132571 0.0483171 0.0229298 0.0168988 0.00591436 0.00227081 0.000594528 0.000106408 1.12296e-05 5.9265e-07
#obs catch len freq
 1.22189e-39 5.98031e-33 6.72914e-27 1.74077e-21 1.0353e-16 1.41558e-12 4.4499e-09 3.21595e-06 0.000534335 0.0204109 0.179249 0.361908 0.16842 0.0294284 0.0706779 0.0988662 0.0357935 0.0162478 0.0118992 0.00423622 0.00170166 0.000500636 0.000107637 1.42784e-05 9.71873e-07
 1.2263e-39 6.00188e-33 6.75341e-27 1.74704e-21 1.03903e-16 1.42069e-12 4.46595e-09 3.22755e-06 0.000536262 0.0204845 0.179895 0.363213 0.169024 0.029434 0.0703187 0.0983501 0.0354795 0.0157066 0.011423 0.00400061 0.00157219 0.000451602 9.45427e-05 1.22126e-05 8.05522e-07
 1.30083e-39 6.36665e-33 7.16386e-27 1.85322e-21 1.10218e-16 1.50703e-12 4.73737e-09 3.42371e-06 0.000568854 0.0217295 0.190828 0.385287 0.179192 0.0284458 0.0576332 0.0804568 0.0289998 0.01276 0.00925048 0.00319034 0.00122865 0.000345581 7.03723e-05 8.83134e-06 5.66268e-07
 1.14892e-39 5.62319e-33 6.3273e-27 1.63681e-21 9.73475e-17 1.33105e-12 4.18417e-09 3.02391e-06 0.000502426 0.019192 0.168545 0.340297 0.158487 0.0309761 0.0866394 0.121285 0.0426237 0.0153311 0.0106172 0.00364145 0.00138965 0.000383765 7.61951e-05 9.2967e-06 5.78846e-07
 1.34081e-39 6.56234e-33 7.38405e-27 1.91019e-21 1.13606e-16 1.55335e-12 4.88298e-09 3.52894e-06 0.000586339 0.0223974 0.196694 0.397129 0.184636 0.0276281 0.0490723 0.0684381 0.0254233 0.0135409 0.0100096 0.00307358 0.00102913 0.000277577 5.42136e-05 6.45414e-06 3.90765e-07
 1.38614e-39 6.78421e-33 7.6337e-27 1.97477e-21 1.17447e-16 1.60587e-12 5.04807e-09 3.64825e-06 0.000606163 0.0231546 0.203344 0.410556 0.190844 0.0276534 0.0451802 0.0628284 0.0217536 0.00678369 0.00459049 0.00176398 0.000723321 0.000179149 3.15128e-05 3.62754e-06 2.14638e-07
 1.2585e-39 6.1595e-33 6.93077e-27 1.79293e-21 1.06632e-16 1.458e-12 4.58323e-09 3.31231e-06 0.000550346 0.0210225 0.18462 0.372752 0.173446 0.0297646 0.0694622 0.0970182 0.0333344 0.00953347 0.00603765 0.00172282 0.000540474 0.000157773 3.08813e-05 3.29739e-06 1.82606e-07
 1.26413e-39 6.18703e-33 6.96175e-27 1.80094e-21 1.07109e-16 1.46452e-12 4.60372e-09 3.32712e-06 0.000552805 0.0211165 0.185445 0.374418 0.174192 0.0291203 0.065027 0.090868 0.0325493 0.0136628 0.00955215 0.00260871 0.000700467 0.000154241 2.66013e-05 3.12947e-06 1.74994e-07
 1.41416e-39 6.92133e-33 7.788e-27 2.01468e-21 1.19821e-16 1.63833e-12 5.15011e-09 3.72199e-06 0.000618415 0.0236226 0.207454 0.418853 0.194657 0.0270344 0.0389007 0.0540184 0.0192133 0.00764806 0.00540659 0.00179527 0.000622058 0.000131633 1.81125e-05 1.72864e-06 9.46839e-08
 1.41369e-39 6.91902e-33 7.78539e-27 2.01401e-21 1.19781e-16 1.63778e-12 5.14838e-09 3.72075e-06 0.000618207 0.0236147 0.207385 0.418713 0.194607 0.0274243 0.0413226 0.0573676 0.0195169 0.00495084 0.00304297 0.000981275 0.000347337 8.87558e-05 1.43568e-05 1.23388e-06 5.49102e-08
 1.34532e-39 6.58443e-33 7.40891e-27 1.91661e-21 1.13988e-16 1.55858e-12 4.89942e-09 3.54082e-06 0.000588312 0.0224728 0.197356 0.398466 0.185287 0.0285088 0.054046 0.0752902 0.0256913 0.00676253 0.00411716 0.00106464 0.000267913 6.4714e-05 1.14232e-05 1.15063e-06 5.25841e-08
 1.30925e-39 6.40785e-33 7.21022e-27 1.86522e-21 1.10931e-16 1.51679e-12 4.76803e-09 3.44587e-06 0.000572535 0.0218701 0.192063 0.387781 0.180359 0.0288237 0.0591887 0.0825765 0.0287772 0.00955463 0.0062868 0.00165022 0.000404291 7.74518e-05 1.04785e-05 1.03805e-06 5.27784e-08
 1.35725e-39 6.64277e-33 7.47455e-27 1.9336e-21 1.14998e-16 1.57239e-12 4.94283e-09 3.57219e-06 0.000593525 0.0226719 0.199105 0.401996 0.1869 0.0279967 0.0498559 0.0694407 0.0243962 0.00874244 0.00593751 0.0017368 0.000509707 0.000100357 1.2164e-05 9.43724e-07 4.17534e-08
 1.33337e-39 6.52594e-33 7.3431e-27 1.89959e-21 1.12976e-16 1.54474e-12 4.8559e-09 3.50937e-06 0.000583087 0.0222732 0.195603 0.394927 0.183651 0.0285123 0.0551338 0.0768493 0.0265886 0.00821238 0.00537372 0.00163571 0.000520643 0.000115698 1.60839e-05 1.22698e-06 4.58939e-08
 1.28639e-39 6.29599e-33 7.08435e-27 1.83265e-21 1.08995e-16 1.49031e-12 4.68479e-09 3.38571e-06 0.00056254 0.0214883 0.18871 0.381011 0.177241 0.0291317 0.0631095 0.0881046 0.0307449 0.0103454 0.00688354 0.00194782 0.000563868 0.000129858 2.00408e-05 1.73424e-06 6.89955e-08
 1.1649e-39 5.70139e-33 6.41529e-27 1.65958e-21 9.87012e-17 1.34956e-12 4.24235e-09 3.06596e-06 0.000509413 0.0194589 0.170888 0.345029 0.160664 0.0306913 0.0834747 0.116844 0.0413491 0.0157747 0.0108872 0.00321152 0.000970232 0.000210023 3.07814e-05 2.82285e-06 1.24975e-07
 1.24963e-39 6.11605e-33 6.88188e-27 1.78028e-21 1.0588e-16 1.44771e-12 4.5509e-09 3.28895e-06 0.000546463 0.0208742 0.183317 0.370122 0.172197 0.0288571 0.0647149 0.0905014 0.0334049 0.017144 0.0126442 0.00399328 0.00132955 0.000301988 4.46311e-05 3.91227e-06 1.73841e-07
 1.22027e-39 5.9724e-33 6.72024e-27 1.73846e-21 1.03393e-16 1.41371e-12 4.44401e-09 3.2117e-06 0.000533628 0.0203839 0.179011 0.361429 0.168209 0.0296933 0.072439 0.101306 0.0360719 0.0144946 0.01044 0.00392694 0.00159089 0.000396902 6.41183e-05 5.82997e-06 2.55922e-07
 1.27306e-39 6.23074e-33 7.01093e-27 1.81366e-21 1.07865e-16 1.47486e-12 4.63624e-09 3.35062e-06 0.000556711 0.0212656 0.186755 0.377063 0.175404 0.0288276 0.0624431 0.0872426 0.0314815 0.0139575 0.0100609 0.00328603 0.00121929 0.000357816 6.92327e-05 7.00133e-06 3.27161e-07
 1.23904e-39 6.06424e-33 6.82358e-27 1.7652e-21 1.04983e-16 1.43545e-12 4.51235e-09 3.26109e-06 0.000541834 0.0206974 0.181764 0.366987 0.170773 0.0295426 0.0698442 0.0976344 0.0345948 0.0133524 0.0094119 0.00323858 0.00122074 0.000322354 6.30331e-05 7.47442e-06 4.00613e-07
 1.24646e-39 6.10057e-33 6.86446e-27 1.77577e-21 1.05612e-16 1.44405e-12 4.53938e-09 3.28062e-06 0.00054508 0.0208213 0.182853 0.369185 0.171778 0.02926 0.0674566 0.0943032 0.0338922 0.0145947 0.0104312 0.00332464 0.00116801 0.00031569 6.00342e-05 6.91847e-06 4.0404e-07
 1.2658e-39 6.1952e-33 6.97094e-27 1.80332e-21 1.0725e-16 1.46645e-12 4.6098e-09 3.33151e-06 0.000553535 0.0211443 0.18569 0.374912 0.174417 0.0290266 0.0643057 0.0898508 0.0321661 0.0134629 0.00964017 0.00326175 0.00119933 0.000304581 5.53845e-05 6.31008e-06 3.62275e-07
 1.25099e-39 6.12274e-33 6.88941e-27 1.78222e-21 1.05996e-16 1.4493e-12 4.55588e-09 3.29254e-06 0.000547061 0.020897 0.183518 0.370527 0.172401 0.0293199 0.067418 0.0942249 0.0335356 0.0134148 0.00949223 0.00316374 0.001164 0.000310145 5.67809e-05 6.16678e-06 3.44055e-07
 1.25009e-39 6.1183e-33 6.88441e-27 1.78093e-21 1.05919e-16 1.44825e-12 4.55257e-09 3.29015e-06 0.000546664 0.0208819 0.183385 0.370258 0.172274 0.0292541 0.0670972 0.0937877 0.0335873 0.0140901 0.010041 0.00326207 0.0011616 0.000306183 5.70926e-05 6.33941e-06 3.46545e-07
 1.24705e-39 6.10347e-33 6.86772e-27 1.77661e-21 1.05662e-16 1.44474e-12 4.54154e-09 3.28218e-06 0.000545339 0.0208312 0.18294 0.369361 0.171861 0.0292844 0.0675528 0.0944306 0.0338218 0.0142048 0.0101596 0.00338909 0.00123384 0.000317621 5.76967e-05 6.42165e-06 3.56713e-07
 1.25142e-39 6.12481e-33 6.89173e-27 1.78283e-21 1.06031e-16 1.44979e-12 4.55742e-09 3.29366e-06 0.000547246 0.0209041 0.18358 0.370652 0.172455 0.0292035 0.0666696 0.0931885 0.0334214 0.014177 0.0101618 0.0033949 0.00124691 0.000328488 5.99961e-05 6.53613e-06 3.59587e-07
 1.18313e-39 5.79062e-33 6.51569e-27 1.68555e-21 1.00246e-16 1.37068e-12 4.30875e-09 3.11394e-06 0.000517386 0.0197635 0.173563 0.350429 0.163141 0.0301675 0.07865 0.110078 0.0394178 0.0165288 0.0118277 0.00397416 0.00146949 0.000389284 7.21983e-05 7.96545e-06 4.34889e-07
 1.17877e-39 5.76927e-33 6.49168e-27 1.67934e-21 9.98764e-17 1.36563e-12 4.29287e-09 3.10246e-06 0.000515479 0.0196906 0.172923 0.349137 0.16253 0.0298073 0.0768402 0.107599 0.0395166 0.0196793 0.0145373 0.004858 0.00178732 0.000476004 8.90052e-05 9.93404e-06 5.49012e-07
 1.1579e-39 5.66711e-33 6.37672e-27 1.6496e-21 9.81078e-17 1.34145e-12 4.21685e-09 3.04753e-06 0.000506351 0.0193419 0.169861 0.342955 0.15968 0.0300274 0.080047 0.112122 0.041136 0.0203757 0.0152505 0.00565287 0.00229659 0.000615746 0.000115078 1.29344e-05 7.22197e-07
#spawning biomass
 2750.44 2337.61 2297.74 2095.88 2398.75 3686.96 3889.73 4447.65 6793.14 12369.9 17532.9 22985.1 27553.6 35896.8 40283.4 35012 34770.9 32641.1 33600.5 31511.5 31767.8 33700.1 35752.5 39339.2 40204.5 48043.9 50523.4 45826.2 35590.4 103806 145475 134151 93154.9 61940.3 43364.6 33185.1 27850.7 25133.3 23774.7 23103.9 22775.6 22615.9 22538.4 22501 22482.9 22474.3 22470.1 22468.1 22467.1 22466.7 22466.5 22466.4 22466.3 22466.3 22466.3 22466.3 22466.3 22466.3 22466.3 22466.3 22466.3 22466.3 22466.3 22466.3 22466.3 22466.3 22466.3 22466.3 22466.3 22466.3 22466.3 22466.3 22466.3 22466.3 22466.3 22466.3 22466.3 22466.3 22466.3 22466.3 22466.3 22466.3 22466.3 22466.3 22466.3 22466.3 22466.3 22466.3 22466.3 22466.3 22466.3 22466.3 22466.3 22466.3 22466.3 22466.3 22466.3 22466.3 22466.3 22466.3 22466.3 22466.3 22466.3 22466.3 22466.3 22466.3 22466.3 22466.3 22466.3 22466.3 22466.3 22466.3 22466.3 22466.3 22466.3 22466.3 22466.3 22466.3 22466.3 22466.3 22466.3 22466.3 22466.3 22466.3 22466.3 22466.3 22466.3 22466.3 22466.3 0 0 0 0 0 0 0 0 0 0 0 0 0 0 0 0 0 0 0 0 0 0 0 0 0
