SBPRF35
0.827133
Curr Bio
133662
B35
583567
F35
0.260931
FOFL
0
OFL
0
Bzero
236324
#pred survey bio
 14748.1 10526.2 13171.8 18021 22833.4 28971.8 35479.4 39865.3 44773 57065.9 75196.7 83804.7 108949 128014 133896 107062 103755 95648.6 100275 96908 97203.4 99627.3 113572 123558 138176 137886 123501 105626 1.96671e+06 3.15476e+06 3.9367e+06 3.96117e+06 3.64613e+06 3.24712e+06 2.87727e+06 2.57564e+06 2.34615e+06 2.17869e+06 2.05959e+06 1.97617e+06 1.91817e+06 1.87789e+06 1.84944e+06 1.82873e+06 1.81436e+06 1.80423e+06 1.79696e+06 1.79166e+06 1.78772e+06 1.78475e+06 1.78249e+06 1.78073e+06 1.77936e+06 1.77827e+06 1.77741e+06 1.77672e+06 1.77616e+06 1.77572e+06 1.77535e+06 1.77506e+06 1.77482e+06 1.77462e+06 1.77446e+06 1.77433e+06 1.77423e+06 1.77414e+06 1.77407e+06 1.77401e+06 1.77397e+06 1.77393e+06 1.77389e+06 1.77387e+06 1.77385e+06 1.77383e+06 1.77382e+06 1.7738e+06 1.77379e+06 1.77379e+06 1.77378e+06 1.77377e+06 1.77377e+06 1.77377e+06 1.77376e+06 1.77376e+06 1.77376e+06 1.77376e+06 1.77376e+06 1.77376e+06 1.77376e+06 1.77375e+06 1.77375e+06 1.77375e+06 1.77375e+06 1.77375e+06 1.77375e+06 1.77375e+06 1.77375e+06 1.77375e+06 1.77375e+06 1.77375e+06 1.77375e+06 1.77375e+06 1.77375e+06 1.77375e+06 1.77375e+06 1.77375e+06 1.77375e+06 1.77375e+06 1.77375e+06 1.77375e+06 1.77375e+06 1.77375e+06 1.77375e+06 1.77375e+06 1.77375e+06 1.77375e+06 1.77375e+06 1.77375e+06 1.77375e+06 1.77375e+06 1.77375e+06 1.77375e+06 1.77375e+06 1.77375e+06 1.77375e+06 1.77375e+06 1.77375e+06 1.77375e+06 0 0 0 0 0 0 0 0 0 0 0 0 0 0 0 0 0 0 0 0 0 0 0 0 0
#obs survey bio
 13629.6 13493.7 15678.2 18111.7 24591.2 37767.5 41054.9 37401.2 51131.4 59933.8 80934.8 92730.4 137606 90886.3 119188 55075 65752.1 81226.6 68292.1 99171.3 88834.3 97588.7 112976 132045 108493 91456.3 91617.6 91988.1
#pred catch bio
 10470.3 6025.08 6974.7 10168.1 13385.7 17598.3 23246.8 27094.5 30555 37190.3 55851.5 59316.2 81139.2 93191.8 111478 84748.5 87146.3 77058.9 82666.8 80239.9 83844.3 81717 97197.5 104596 119583 122963 110092 102462 0 25424 37449.7 37655 33883 29481 25547.3 22412.3 20076.1 18410.5 17259 16480.4 15962.5 15622 15398.9 15251.9 15159.3 15100.8 15064 15040.7 15026.1 15016.8 15011 15007.3 15005 15003.5 15002.6 15002 15001.7 15001.4 15001.3 15001.2 15001.1 15001.1 15001.1 15001.1 15001 15001 15001 15001 15001 15001 15001 15001 15001 15001 15001 15001 15001 15001 15001 15001 15001 15001 15001 15001 15001 15001 15001 15001 15001 15001 15001 15001 15001 15001 15001 15001 15001 15001 15001 15001 15001 15001 15001 15001 15001 15001 15001 15001 15001 15001 15001 15001 15001 15001 15001 15001 15001 15001 15001 15001 15001 15001 15001 15001 15001 15001 15001 15001 0 0 0 0 0 0 0 0 0 0 0 0 0 0 0 0 0 0 0 0 0 0 0 0 0
#obs catch bio
 5869.5 5940.38 6812.14 9785.85 13158.2 17349.1 22517.2 26379.5 29689.7 35645.3 53615.5 57876.5 76555 91052.5 111281 85437.2 86774.6 77024.7 81737.1 77634.9 80793.9 79417 95379.4 100392 114769 118805 108313 102391
#pred cpue bio
 11292.8 7221.43 8137.05 11367.8 14612.4 17921.6 22053.2 24673.7 26819.4 31733.7 43376.9 47140.3 58944.9 70757.2 81261.9 62608.7 58716.7 52033.6 54238.9 53546.7 51784.2 50184.4 58616.1 61506.3 69595.2 71697 64529.2 56650.6 939511 2.48382e+06 3.76973e+06 3.85554e+06 3.52239e+06 3.11378e+06 2.74086e+06 2.43838e+06 2.20867e+06 2.04114e+06 1.92203e+06 1.8386e+06 1.7806e+06 1.74032e+06 1.71187e+06 1.69116e+06 1.6768e+06 1.66666e+06 1.6594e+06 1.65409e+06 1.65016e+06 1.64719e+06 1.64492e+06 1.64317e+06 1.64179e+06 1.64071e+06 1.63984e+06 1.63915e+06 1.6386e+06 1.63815e+06 1.63779e+06 1.63749e+06 1.63725e+06 1.63706e+06 1.6369e+06 1.63677e+06 1.63666e+06 1.63658e+06 1.63651e+06 1.63645e+06 1.6364e+06 1.63636e+06 1.63633e+06 1.6363e+06 1.63628e+06 1.63626e+06 1.63625e+06 1.63624e+06 1.63623e+06 1.63622e+06 1.63622e+06 1.63621e+06 1.63621e+06 1.6362e+06 1.6362e+06 1.6362e+06 1.6362e+06 1.63619e+06 1.63619e+06 1.63619e+06 1.63619e+06 1.63619e+06 1.63619e+06 1.63619e+06 1.63619e+06 1.63619e+06 1.63619e+06 1.63619e+06 1.63619e+06 1.63619e+06 1.63619e+06 1.63619e+06 1.63619e+06 1.63619e+06 1.63619e+06 1.63619e+06 1.63619e+06 1.63619e+06 1.63619e+06 1.63619e+06 1.63619e+06 1.63619e+06 1.63619e+06 1.63619e+06 1.63619e+06 1.63619e+06 1.63619e+06 1.63619e+06 1.63619e+06 1.63619e+06 1.63619e+06 1.63619e+06 1.63619e+06 1.63619e+06 1.63619e+06 1.63619e+06 1.63619e+06 1.63619e+06 1.63619e+06 1.63619e+06 0 0 0 0 0 0 0 0 0 0 0 0 0 0 0 0 0 0 0 0 0 0 0 0 0
#obs cpue bio
 8176.59 8620.98 9654.85 19828.9 16338.8 15860.5 41192.4 34235.1 43272.9 58255.2 67110.1 68676.5 120307 94556.1 98074.5 103734 94560.4 68237.2 84822.8 113928 103408 64259 90816.4 118102 151850 169771 105928 89083.7
#pred surv len freq
 2.55993e-27 2.57985e-27 2.59608e-26 4.93685e-20 1.21021e-14 3.58607e-10 1.28447e-06 0.000556126 0.0291056 0.184131 0.141219 0.0390032 0.19766 0.182987 0.0491195 0.0665341 0.029 0.0228205 0.0141911 0.0109004 0.00863821 0.00754635 0.00765364 0.00683904 0.00209381
 2.5635e-27 2.58956e-27 3.44172e-26 6.72072e-20 1.6475e-14 4.88185e-10 1.7486e-06 0.000757076 0.0396226 0.250664 0.192002 0.0376967 0.152043 0.141385 0.0511022 0.0811514 0.0275934 0.0115532 0.00519031 0.00298477 0.00193012 0.00144843 0.00130703 0.00117298 0.000394162
 2.56601e-27 2.59607e-27 3.98568e-26 7.86813e-20 1.92878e-14 5.71531e-10 2.04713e-06 0.000886328 0.0463872 0.293458 0.2247 0.0390047 0.139023 0.128693 0.0365795 0.0513426 0.0203732 0.0127948 0.00410834 0.00128408 0.000546987 0.000312916 0.00023483 0.000199105 6.94357e-05
 2.5642e-27 2.59104e-27 3.52886e-26 6.90439e-20 1.69253e-14 5.01526e-10 1.79638e-06 0.000777765 0.0407054 0.257514 0.19729 0.0413197 0.175899 0.162587 0.0401944 0.0509245 0.0182501 0.00907721 0.00361369 0.00134256 0.000304578 9.64148e-05 5.12367e-05 3.76594e-05 1.30454e-05
 2.56442e-27 2.5918e-27 3.61153e-26 7.07884e-20 1.73529e-14 5.14198e-10 1.84177e-06 0.000797416 0.0417339 0.26402 0.202232 0.0396802 0.15995 0.148242 0.0444148 0.0641258 0.0216999 0.00877565 0.00296598 0.000999283 0.000283384 5.45475e-05 1.35892e-05 7.19998e-06 2.35076e-06
 2.56528e-27 2.59404e-27 3.7991e-26 7.4745e-20 1.83228e-14 5.42939e-10 1.94471e-06 0.000841987 0.0440666 0.278777 0.213506 0.0400514 0.154853 0.143287 0.0389639 0.0529929 0.0191218 0.00952438 0.00297242 0.00079963 0.000191406 4.00165e-05 5.7283e-06 1.37303e-06 3.76939e-07
 2.56449e-27 2.5918e-27 3.59166e-26 7.03685e-20 1.725e-14 5.11148e-10 1.83085e-06 0.000792687 0.0414864 0.262455 0.201063 0.0413823 0.173724 0.160577 0.0398012 0.0504831 0.0173325 0.00742832 0.00251999 0.000769409 0.000153232 2.61139e-05 3.46537e-06 3.66464e-07 5.92191e-08
 2.56469e-27 2.59234e-27 3.64094e-26 7.14083e-20 1.75049e-14 5.18701e-10 1.8579e-06 0.0008044 0.0420994 0.266333 0.20402 0.041076 0.169316 0.156586 0.0404996 0.0530359 0.0174156 0.00622234 0.00191945 0.000531781 0.000119359 1.86401e-05 1.9798e-06 1.48982e-07 1.01506e-08
 2.56546e-27 2.59435e-27 3.81047e-26 7.49842e-20 1.83815e-14 5.44676e-10 1.95094e-06 0.000844682 0.0442076 0.27967 0.214206 0.0412588 0.16355 0.151111 0.0367422 0.0458359 0.0150997 0.0054609 0.00156594 0.000360734 7.12981e-05 1.15292e-05 1.16217e-06 6.77547e-08 2.4733e-09
 2.56726e-27 2.59914e-27 4.22339e-26 8.36948e-20 2.05168e-14 6.07948e-10 2.17757e-06 0.000942804 0.049343 0.312157 0.239008 0.040904 0.143425 0.132355 0.0300998 0.0353719 0.011372 0.00368712 0.00104865 0.000237145 4.01937e-05 5.506e-06 5.43521e-07 2.94373e-08 7.60697e-10
 2.56565e-27 2.59468e-27 3.82159e-26 7.52182e-20 1.84388e-14 5.46376e-10 1.95703e-06 0.000847318 0.0443455 0.280542 0.214897 0.042754 0.174443 0.160838 0.0325925 0.0338708 0.010674 0.00313595 0.000849247 0.000175271 2.90608e-05 3.54559e-06 2.91953e-07 1.49212e-08 3.42308e-10
 2.56647e-27 2.59692e-27 4.02009e-26 7.94058e-20 1.94654e-14 5.76794e-10 2.06598e-06 0.000894489 0.0468144 0.296161 0.226811 0.0420585 0.16078 0.148277 0.0312382 0.0339126 0.0101996 0.00218944 0.000544992 9.99223e-05 1.51075e-05 1.72685e-06 1.27557e-07 5.47453e-09 1.15158e-10
 2.56745e-27 2.59953e-27 4.2485e-26 8.42242e-20 2.06466e-14 6.11794e-10 2.19134e-06 0.000948768 0.0496551 0.314132 0.240527 0.041622 0.147821 0.136254 0.0279318 0.0294075 0.00897206 0.00214152 0.000504003 7.01219e-05 9.24219e-06 9.37188e-07 6.31702e-08 2.40649e-09 4.30001e-11
 2.56625e-27 2.59618e-27 3.94163e-26 7.77502e-20 1.90595e-14 5.64768e-10 2.0229e-06 0.00087584 0.0458383 0.289986 0.222118 0.043408 0.174347 0.160534 0.0286405 0.0248996 0.00742268 0.00151636 0.000353861 5.19066e-05 5.8256e-06 4.6371e-07 2.69684e-08 9.18644e-10 1.44178e-11
 2.56387e-27 2.58986e-27 3.39624e-26 6.62451e-20 1.62392e-14 4.81196e-10 1.72356e-06 0.000746238 0.0390554 0.247076 0.189359 0.0438187 0.200489 0.184963 0.0385288 0.0412834 0.0121035 0.00206115 0.000449199 5.84729e-05 6.6044e-06 4.94533e-07 2.2365e-08 6.31493e-10 8.71688e-12
 2.56526e-27 2.59363e-27 3.73033e-26 7.32931e-20 1.79669e-14 5.32392e-10 1.90694e-06 0.000825632 0.0432106 0.273362 0.209415 0.042815 0.178759 0.164904 0.0348357 0.037922 0.0112633 0.00216353 0.000466499 4.9999e-05 4.97795e-06 3.45874e-07 1.4951e-08 3.38522e-10 3.77384e-12
 2.56606e-27 2.59574e-27 3.91193e-26 7.71239e-20 1.8906e-14 5.60218e-10 2.00661e-06 0.000868785 0.0454691 0.28765 0.220323 0.0427145 0.170331 0.157014 0.0314082 0.0320985 0.00961437 0.00200026 0.000447861 5.34058e-05 4.98961e-06 2.868e-07 1.1089e-08 2.34442e-10 2.15555e-12
 2.56652e-27 2.59687e-27 3.99957e-26 7.89723e-20 1.93591e-14 5.73645e-10 2.0547e-06 0.000889607 0.0465588 0.294544 0.2256 0.0434989 0.172593 0.158858 0.027332 0.0223271 0.00648935 0.00105129 0.000224916 2.80818e-05 2.79636e-06 1.66272e-07 5.48321e-09 9.9901e-11 8.36702e-13
 2.56683e-27 2.59773e-27 4.07875e-26 8.06427e-20 1.97686e-14 5.85778e-10 2.09816e-06 0.000908423 0.0475436 0.300774 0.230349 0.0430163 0.165583 0.152455 0.0273724 0.0240227 0.00687217 0.000905817 0.000175587 1.785e-05 1.71054e-06 1.08049e-07 3.75108e-09 6.16562e-11 4.39087e-13
 2.56595e-27 2.59531e-27 3.85943e-26 7.60157e-20 1.86343e-14 5.52169e-10 1.97778e-06 0.000856301 0.0448157 0.283517 0.217189 0.0440822 0.182941 0.168374 0.0284066 0.0223756 0.00640061 0.00086211 0.000163526 1.36174e-05 1.09025e-06 5.88437e-08 2.08744e-09 3.61474e-11 2.41877e-13
 2.56727e-27 2.59896e-27 4.1878e-26 8.29433e-20 2.03326e-14 6.0249e-10 2.15802e-06 0.000934339 0.0488999 0.309355 0.236895 0.0426263 0.158016 0.145488 0.0264341 0.0236347 0.00672704 0.000822031 0.000151331 1.28088e-05 9.53043e-07 4.10247e-08 1.20227e-09 1.99741e-11 1.39344e-13
 2.56807e-27 2.60102e-27 4.36002e-26 8.65761e-20 2.12231e-14 6.28878e-10 2.25253e-06 0.000975261 0.0510417 0.322904 0.247247 0.043017 0.153716 0.141296 0.0216255 0.0137331 0.0038817 0.000468852 8.47147e-05 6.42388e-06 4.55623e-07 1.9086e-08 4.68228e-10 6.22436e-12 3.97197e-14
 2.56754e-27 2.59958e-27 4.23291e-26 8.38946e-20 2.05657e-14 6.094e-10 2.18277e-06 0.000945055 0.0494608 0.312903 0.239615 0.0433268 0.161435 0.148441 0.0232897 0.0157232 0.00438096 0.000406492 6.53145e-05 4.9464e-06 3.37462e-07 1.27889e-08 3.0094e-10 3.51075e-12 1.79401e-14
 2.56836e-27 2.60181e-27 4.43048e-26 8.80624e-20 2.15874e-14 6.39674e-10 2.29121e-06 0.000992005 0.051918 0.328447 0.251476 0.0427594 0.148784 0.136758 0.02107 0.0136047 0.0037845 0.000345983 5.37509e-05 3.21399e-06 1.88583e-07 6.96908e-09 1.51603e-10 1.6403e-12 7.54251e-15
 2.56795e-27 2.60065e-27 4.32504e-26 8.5838e-20 2.10421e-14 6.23516e-10 2.23333e-06 0.000966947 0.0506065 0.320151 0.24515 0.0433176 0.157477 0.144722 0.0214223 0.0124044 0.00343393 0.000298936 4.50977e-05 2.646e-06 1.42052e-07 4.11089e-09 8.0952e-11 8.23835e-13 3.48162e-15
 2.56713e-27 2.59843e-27 4.12755e-26 8.16718e-20 2.00209e-14 5.93254e-10 2.12494e-06 0.000920016 0.0481503 0.304612 0.233296 0.0439891 0.170915 0.157106 0.0233193 0.0136097 0.00374796 0.000289411 4.0177e-05 2.24595e-06 1.15443e-07 3.17427e-09 5.23204e-11 4.4192e-13 1.7306e-15
 2.56704e-27 2.59819e-27 4.1068e-26 8.12341e-20 1.99136e-14 5.90074e-10 2.11355e-06 0.000915085 0.0478923 0.30298 0.232049 0.044001 0.171882 0.158011 0.0237155 0.0142842 0.00393144 0.000294174 3.95418e-05 1.98965e-06 9.13307e-08 2.3624e-09 3.69859e-11 2.74866e-13 8.82076e-16
 2.56633e-27 2.59625e-27 3.93471e-26 7.76035e-20 1.90236e-14 5.63702e-10 2.01909e-06 0.000874188 0.0457518 0.289439 0.221719 0.0445568 0.18337 0.168604 0.025448 0.0155669 0.00429105 0.000330302 4.52629e-05 2.22107e-06 9.65319e-08 2.20017e-09 3.1205e-11 2.17359e-13 6.32259e-16
#obs surv len freq
 1.08682e-41 1.50843e-33 2.5307e-26 5.13222e-20 1.2581e-14 3.72799e-10 1.3353e-06 0.000578141 0.0302576 0.191419 0.146876 0.0402412 0.173632 0.146867 0.103537 0.101302 0.0437244 0.017141 0.00390006 0.000495896 2.5857e-05 4.00164e-07 1.37716e-09 8.56993e-13 8.45157e-17
 1.60481e-41 2.22737e-33 3.73688e-26 7.57831e-20 1.85773e-14 5.5048e-10 1.97173e-06 0.000853691 0.0446788 0.282651 0.216555 0.0406818 0.126603 0.102188 0.0760023 0.0686727 0.0286553 0.0101767 0.00204777 0.000221833 9.41665e-06 1.12491e-07 2.87412e-10 1.29857e-13 9.18032e-18
 1.53869e-41 2.13561e-33 3.58292e-26 7.2661e-20 1.7812e-14 5.27802e-10 1.8905e-06 0.000818521 0.0428381 0.271007 0.207894 0.0500696 0.17689 0.128887 0.0561949 0.0422453 0.0167707 0.00535259 0.000941841 8.47024e-05 2.86211e-06 2.61794e-08 4.95508e-11 1.62236e-14 8.2093e-19
 1.07812e-41 1.49635e-33 2.51044e-26 5.09113e-20 1.24803e-14 3.69814e-10 1.32461e-06 0.000573512 0.0300153 0.189888 0.146185 0.0566002 0.230712 0.163311 0.0975459 0.0653179 0.0155445 0.00370392 0.000558891 4.11481e-05 1.08264e-06 7.45182e-09 1.03783e-11 2.45956e-15 8.90662e-20
 1.50123e-41 2.08361e-33 3.49569e-26 7.08919e-20 1.73783e-14 5.14951e-10 1.84447e-06 0.000798591 0.0417951 0.264409 0.202888 0.0471901 0.142156 0.104201 0.104343 0.0693246 0.0190349 0.00351843 0.000320056 1.76211e-05 3.55144e-07 1.81038e-09 1.83118e-12 3.12016e-16 8.06979e-21
 1.20095e-41 1.66684e-33 2.79646e-26 5.67117e-20 1.39022e-14 4.11948e-10 1.47553e-06 0.000638854 0.033435 0.211523 0.163062 0.0649795 0.231165 0.14397 0.0783879 0.0497319 0.0190741 0.00372889 0.00029167 9.79508e-06 1.29819e-07 4.75304e-10 3.44943e-13 4.18288e-17 7.67055e-22
 1.37867e-41 1.91351e-33 3.2103e-26 6.51043e-20 1.59596e-14 4.72911e-10 1.69389e-06 0.000733396 0.038383 0.242825 0.186843 0.05797 0.175154 0.116548 0.109434 0.0566954 0.0127202 0.00246509 0.000220042 6.27128e-06 5.25954e-08 1.19024e-10 5.8379e-14 4.95268e-18 6.38359e-23
 1.1948e-41 1.6583e-33 2.78215e-26 5.64214e-20 1.3831e-14 4.09839e-10 1.46798e-06 0.000635583 0.0332639 0.210443 0.162683 0.0722814 0.227321 0.133373 0.0937476 0.0493551 0.0147022 0.00205459 0.000134314 3.7608e-06 2.6745e-08 4.04306e-11 1.2168e-14 6.60799e-19 5.74149e-24
 1.51313e-41 2.10012e-33 3.52339e-26 7.14536e-20 1.7516e-14 5.19031e-10 1.85909e-06 0.00080492 0.0421263 0.266509 0.205312 0.064376 0.166846 0.104036 0.0965383 0.0423567 0.00962713 0.00138392 8.05445e-05 1.59576e-06 9.39859e-09 1.17493e-11 2.54385e-15 8.92502e-20 4.88301e-25
 1.51874e-41 2.10791e-33 3.53646e-26 7.17187e-20 1.7581e-14 5.20957e-10 1.86598e-06 0.000807907 0.0422826 0.267501 0.206692 0.0779651 0.198458 0.103685 0.0661961 0.0284883 0.00708567 0.000797814 3.85833e-05 6.5251e-07 2.79424e-09 2.59304e-12 4.39021e-16 1.16572e-20 4.49564e-26
 1.09489e-41 1.51964e-33 2.54951e-26 5.17036e-20 1.26745e-14 3.75569e-10 1.34523e-06 0.000582437 0.0304824 0.192856 0.150757 0.0969667 0.257549 0.136211 0.0960258 0.0322941 0.00565746 0.000592668 2.45347e-05 3.19265e-07 1.07513e-09 7.36829e-13 8.87125e-17 1.71727e-21 4.93981e-27
 1.66284e-41 2.30792e-33 3.87201e-26 7.85236e-20 1.92491e-14 5.70387e-10 2.04303e-06 0.000884563 0.0462945 0.292883 0.226136 0.0711263 0.144477 0.0941789 0.0900361 0.0289094 0.00471121 0.000350134 1.08694e-05 1.14662e-07 2.9123e-10 1.48118e-13 1.31087e-17 1.81321e-22 3.67649e-28
 1.33573e-41 1.8539e-33 3.1103e-26 6.30763e-20 1.54624e-14 4.58179e-10 1.64112e-06 0.00071055 0.0371874 0.235283 0.184341 0.110606 0.243104 0.106722 0.0574126 0.0203602 0.00399756 0.000268905 6.25277e-06 4.56432e-08 8.56271e-11 3.22736e-14 2.06953e-18 2.06311e-23 3.00388e-29
 1.11904e-41 1.55316e-33 2.60575e-26 5.2844e-20 1.29541e-14 3.83853e-10 1.3749e-06 0.000595284 0.0311548 0.197126 0.155793 0.111953 0.23531 0.13765 0.1035 0.0238025 0.00290689 0.000201934 4.54894e-06 2.55465e-08 3.28195e-11 8.53489e-15 3.90431e-19 2.79406e-24 2.90239e-30
 8.76575e-42 1.21663e-33 2.04115e-26 4.1394e-20 1.01473e-14 3.00682e-10 1.07699e-06 0.000466301 0.0244044 0.154433 0.124471 0.12366 0.249677 0.159708 0.124091 0.0342994 0.00458389 0.00020054 3.3943e-06 1.71503e-08 1.77017e-11 3.26678e-15 1.01279e-19 4.9516e-25 3.58715e-31
 1.41448e-41 1.9632e-33 3.29367e-26 6.67951e-20 1.6374e-14 4.85192e-10 1.73788e-06 0.000752442 0.0393798 0.249164 0.195322 0.0946292 0.159914 0.126526 0.101557 0.0285294 0.00403357 0.000187946 2.49677e-06 8.51286e-09 6.79094e-12 1.00385e-15 2.3418e-20 8.08562e-26 4.00591e-32
 9.75935e-42 1.35453e-33 2.27251e-26 4.60861e-20 1.12975e-14 3.34764e-10 1.19907e-06 0.000519156 0.0271707 0.171975 0.141775 0.162021 0.27259 0.126215 0.0722112 0.0221936 0.00317885 0.00014697 1.91158e-06 5.49913e-09 3.08937e-12 3.16921e-16 5.46546e-21 1.43069e-26 5.27696e-33
 1.43231e-41 1.98795e-33 3.33519e-26 6.76371e-20 1.65804e-14 4.91308e-10 1.75979e-06 0.000761927 0.0398763 0.252331 0.199742 0.107926 0.161488 0.136338 0.0843783 0.015401 0.00167923 7.61442e-05 9.3229e-07 2.43631e-09 1.1621e-12 9.07806e-17 1.09698e-21 1.98123e-27 5.17289e-34
 1.00274e-41 1.39174e-33 2.33493e-26 4.73519e-20 1.16078e-14 3.43959e-10 1.23201e-06 0.000533416 0.027917 0.176756 0.149394 0.183355 0.260935 0.121325 0.0623967 0.0158658 0.00147738 4.32263e-05 4.29654e-07 9.85381e-10 4.02472e-13 2.60779e-17 2.50135e-22 3.3946e-28 6.3412e-35
 1.28649e-41 1.78557e-33 2.99566e-26 6.07514e-20 1.48925e-14 4.41292e-10 1.58064e-06 0.00068436 0.0358168 0.226707 0.184018 0.132447 0.181507 0.152409 0.0740952 0.0113342 0.000951885 2.72198e-05 1.91869e-07 3.1151e-10 1.00233e-13 5.2666e-18 4.05689e-23 4.34888e-29 6.2917e-36
 1.41483e-41 1.96368e-33 3.29449e-26 6.68116e-20 1.63781e-14 4.85312e-10 1.73831e-06 0.000752628 0.0393898 0.24937 0.205084 0.159468 0.187447 0.101106 0.0472268 0.00950962 0.000632582 1.27659e-05 7.60046e-08 9.49094e-11 2.11744e-14 7.90196e-19 4.55503e-24 3.74903e-30 4.18057e-37
 1.13243e-41 1.57174e-33 2.63691e-26 5.34761e-20 1.3109e-14 3.88445e-10 1.39135e-06 0.000602405 0.0315279 0.199736 0.17322 0.196952 0.225368 0.121982 0.0439921 0.00620767 0.000402834 7.5665e-06 3.27221e-08 3.01694e-11 5.14336e-15 1.39632e-19 5.60711e-25 3.21722e-31 2.56206e-38
 1.38e-41 1.91534e-33 3.21339e-26 6.51669e-20 1.59749e-14 4.73365e-10 1.69552e-06 0.0007341 0.0384204 0.243328 0.203751 0.160774 0.179114 0.125373 0.0431561 0.00510999 0.000234642 3.42948e-06 1.2762e-08 9.12677e-12 1.11197e-15 2.17452e-20 6.39065e-26 2.65343e-32 1.49474e-39
 1.35665e-41 1.88293e-33 3.15901e-26 6.40641e-20 1.57046e-14 4.65355e-10 1.66683e-06 0.000721679 0.0377706 0.239358 0.207263 0.194047 0.188098 0.0966745 0.0318238 0.004079 0.000161725 1.71516e-06 4.53869e-09 2.49256e-12 2.36646e-16 3.43707e-21 7.20409e-27 2.11545e-33 8.49717e-41
 1.18882e-41 1.65e-33 2.76822e-26 5.61389e-20 1.37618e-14 4.07787e-10 1.46063e-06 0.000632402 0.0330987 0.209956 0.190605 0.214418 0.206814 0.112297 0.0292462 0.00282814 0.000102248 9.63204e-07 1.92531e-09 7.36319e-13 4.9381e-17 5.2687e-22 8.23849e-28 1.78393e-34 5.17126e-42
 1.06671e-41 1.48052e-33 2.48388e-26 5.03727e-20 1.23483e-14 3.65902e-10 1.3106e-06 0.000567445 0.0296996 0.188604 0.178585 0.221391 0.217255 0.129113 0.0319897 0.00272019 7.32906e-05 5.36281e-07 8.85974e-10 2.6539e-13 1.28578e-17 9.52388e-23 1.03517e-28 1.58812e-35 3.3207e-43
 1.04852e-41 1.45527e-33 2.44152e-26 4.95136e-20 1.21377e-14 3.59662e-10 1.28825e-06 0.000557768 0.0291938 0.185559 0.179547 0.221258 0.216893 0.132209 0.0320713 0.00264812 6.15369e-05 3.44881e-07 4.15707e-10 9.39613e-14 3.50136e-18 1.95013e-23 1.53459e-29 1.65545e-36 2.40254e-44
 1.27039e-41 1.76322e-33 2.95816e-26 5.99909e-20 1.47061e-14 4.35767e-10 1.56085e-06 0.000675794 0.0353705 0.224531 0.204881 0.19989 0.192283 0.112967 0.0271205 0.00222867 5.06552e-05 2.63089e-07 2.69691e-10 4.88282e-14 1.44207e-18 6.48857e-24 4.20007e-30 3.73911e-37 4.43522e-45
#pred catch len freq
 2.55517e-27 2.56728e-27 1.52323e-26 2.67373e-20 6.55432e-15 1.94216e-10 6.9565e-07 0.00030119 0.0157632 0.0997231 0.0767637 0.0388297 0.241623 0.224006 0.0643494 0.0911434 0.0395469 0.0308479 0.0190418 0.0145434 0.0114869 0.0100199 0.0101569 0.00907481 0.00277826
 2.55722e-27 2.57306e-27 2.03747e-26 3.75855e-20 9.21363e-15 2.73016e-10 9.77899e-07 0.000423393 0.0221589 0.140184 0.107632 0.0371377 0.207066 0.193139 0.0779329 0.129429 0.0439723 0.0183195 0.00818209 0.00467582 0.00301304 0.00225743 0.00203586 0.00182683 0.00061387
 2.55957e-27 2.57904e-27 2.52402e-26 4.78481e-20 1.17294e-14 3.47562e-10 1.24491e-06 0.000538999 0.0282092 0.17846 0.1369 0.0397325 0.206248 0.191415 0.0600506 0.0893119 0.0353936 0.0221385 0.0070831 0.0021971 0.000932094 0.000532198 0.000399123 0.000338354 0.000117995
 2.55823e-27 2.57515e-27 2.1547e-26 4.00561e-20 9.81927e-15 2.90963e-10 1.04218e-06 0.000451224 0.0236154 0.149398 0.114758 0.0428214 0.245311 0.227167 0.0611184 0.0825 0.0295327 0.0146064 0.0057849 0.00213688 0.000483088 0.00015251 8.09733e-05 5.95047e-05 2.06122e-05
 2.55838e-27 2.57583e-27 2.23896e-26 4.18345e-20 1.02552e-14 3.0388e-10 1.08845e-06 0.000471257 0.0246639 0.156031 0.119785 0.0404435 0.223685 0.207783 0.0681063 0.103257 0.0348966 0.0140156 0.00471509 0.0015774 0.000445774 8.56401e-05 2.13069e-05 1.12855e-05 3.68453e-06
 2.55944e-27 2.57851e-27 2.45814e-26 4.64576e-20 1.13885e-14 3.37462e-10 1.20873e-06 0.000523335 0.0273895 0.173274 0.132966 0.0413315 0.221181 0.205058 0.0600798 0.0857199 0.0308572 0.0152403 0.004737 0.00126477 0.000301582 6.29134e-05 8.99695e-06 2.15535e-06 5.91673e-07
 2.55908e-27 2.57734e-27 2.33676e-26 4.38963e-20 1.07606e-14 3.18857e-10 1.14209e-06 0.000494483 0.0258794 0.163721 0.1257 0.0431418 0.240063 0.222218 0.0583898 0.0774265 0.0265137 0.0112365 0.00379216 0.00114972 0.000228177 3.87894e-05 5.1418e-06 5.43489e-07 8.78127e-08
 2.55942e-27 2.57828e-27 2.42049e-26 4.56627e-20 1.11937e-14 3.31688e-10 1.18805e-06 0.000514381 0.0269208 0.170309 0.130725 0.0427748 0.23374 0.216472 0.0589972 0.0801882 0.0262656 0.00926262 0.00284274 0.00078143 0.000174744 2.72322e-05 2.88893e-06 2.17287e-07 1.48017e-08
 2.56029e-27 2.58051e-27 2.60463e-26 4.95468e-20 1.21458e-14 3.59902e-10 1.28911e-06 0.000558134 0.0292107 0.184796 0.141794 0.0432637 0.229683 0.212495 0.0540743 0.0699497 0.0229799 0.00819624 0.00233948 0.000534525 0.000105234 1.69764e-05 1.70945e-06 9.96112e-08 3.63544e-09
 2.56213e-27 2.58534e-27 3.01734e-26 5.82527e-20 1.42799e-14 4.2314e-10 1.51562e-06 0.000656205 0.0343434 0.217266 0.166588 0.0432535 0.212186 0.196094 0.0465569 0.0568832 0.018245 0.00583308 0.00165097 0.000370368 6.25413e-05 8.545e-06 8.42514e-07 4.56094e-08 1.17837e-09
 2.5611e-27 2.58239e-27 2.74071e-26 5.24163e-20 1.28492e-14 3.80746e-10 1.36377e-06 0.000590459 0.0309025 0.195498 0.15 0.0453813 0.240032 0.221504 0.0458817 0.0489165 0.0153713 0.00443522 0.00119468 0.00024444 4.03713e-05 4.91313e-06 4.04044e-07 2.06387e-08 4.73381e-10
 2.56172e-27 2.58409e-27 2.89381e-26 5.56463e-20 1.3641e-14 4.04208e-10 1.4478e-06 0.000626844 0.0328068 0.207545 0.159188 0.0446719 0.228179 0.210659 0.0456634 0.051104 0.015344 0.00323904 0.000801663 0.000145718 2.19445e-05 2.50169e-06 1.84561e-07 7.91646e-09 1.66487e-10
 2.56318e-27 2.58801e-27 3.23433e-26 6.28296e-20 1.54019e-14 4.56386e-10 1.6347e-06 0.000707762 0.0370417 0.234337 0.179637 0.0441607 0.209921 0.193681 0.0403031 0.0431656 0.0131361 0.00307427 0.000719789 9.92426e-05 1.30218e-05 1.31673e-06 8.86356e-08 3.37462e-09 6.02842e-11
 2.56172e-27 2.58389e-27 2.85579e-26 5.48435e-20 1.34442e-14 3.98376e-10 1.42692e-06 0.0006178 0.0323334 0.204551 0.15693 0.0464876 0.243583 0.22447 0.0408124 0.0365596 0.0108808 0.00218368 0.000506751 7.36897e-05 8.23861e-06 6.53735e-07 3.79643e-08 1.29238e-09 2.02783e-11
 2.55998e-27 2.57934e-27 2.47027e-26 4.67113e-20 1.14507e-14 3.39305e-10 1.21533e-06 0.000526193 0.027539 0.17422 0.133765 0.0461714 0.257452 0.237638 0.0498434 0.0538184 0.0157483 0.00262633 0.000568407 7.33169e-05 8.24506e-06 6.15594e-07 2.77989e-08 7.8433e-10 1.08235e-11
 2.56107e-27 2.58233e-27 2.73597e-26 5.23164e-20 1.28247e-14 3.8002e-10 1.36117e-06 0.000589333 0.0308436 0.195126 0.149713 0.0452492 0.239229 0.220842 0.0472372 0.0521165 0.0154475 0.00290833 0.000623558 6.62479e-05 6.56473e-06 4.54705e-07 1.96269e-08 4.44071e-10 4.9488e-12
 2.56244e-27 2.58595e-27 3.04786e-26 5.88956e-20 1.44375e-14 4.2781e-10 1.53234e-06 0.000663447 0.0347224 0.219664 0.168448 0.0450751 0.224741 0.207283 0.0413884 0.042201 0.0126048 0.00256244 0.000570206 6.73769e-05 6.26879e-06 3.59147e-07 1.38638e-08 2.92884e-10 2.69199e-12
 2.56269e-27 2.58647e-27 3.0778e-26 5.95267e-20 1.45923e-14 4.32395e-10 1.54877e-06 0.000670556 0.0350945 0.222018 0.170265 0.0463291 0.233007 0.214599 0.0370353 0.0304175 0.0088244 0.00139942 0.00029721 3.67715e-05 3.64656e-06 2.16168e-07 7.11793e-09 1.29573e-10 1.08482e-12
 2.56322e-27 2.58793e-27 3.21046e-26 6.23254e-20 1.52783e-14 4.52724e-10 1.62158e-06 0.000702083 0.0367445 0.232456 0.178225 0.045633 0.222118 0.204629 0.0367046 0.0321622 0.00918601 0.00118522 0.00022779 2.29483e-05 2.1883e-06 1.37804e-07 4.77715e-09 7.84606e-11 5.58542e-13
 2.56226e-27 2.58525e-27 2.96709e-26 5.7191e-20 1.40197e-14 4.15429e-10 1.488e-06 0.000644245 0.0337175 0.213307 0.163622 0.0468893 0.241938 0.222792 0.0376111 0.0296602 0.00847111 0.00111719 0.00021024 1.73594e-05 1.38242e-06 7.43618e-08 2.63369e-09 4.55724e-11 3.04835e-13
 2.56413e-27 2.59042e-27 3.43121e-26 6.69823e-20 1.64199e-14 4.86551e-10 1.74274e-06 0.000754542 0.03949 0.249825 0.191476 0.0449487 0.2076 0.191239 0.0344383 0.0303634 0.0086272 0.00103075 0.000187965 1.57711e-05 1.16753e-06 5.00859e-08 1.46516e-09 2.432e-11 1.69601e-13
 2.56473e-27 2.59188e-27 3.54712e-26 6.94269e-20 1.70192e-14 5.04309e-10 1.80635e-06 0.00078208 0.0409312 0.258943 0.198452 0.0457814 0.209036 0.192272 0.029345 0.0184992 0.0052205 0.000617189 0.000110518 8.31132e-06 5.86243e-07 2.4476e-08 5.99433e-10 7.96066e-12 5.07774e-14
 2.5644e-27 2.59102e-27 3.47194e-26 6.78412e-20 1.66304e-14 4.9279e-10 1.76509e-06 0.000764217 0.0399964 0.253028 0.193937 0.0459033 0.213135 0.196085 0.0305686 0.0203224 0.00565491 0.000514256 8.16429e-05 6.13082e-06 4.16012e-07 1.57123e-08 3.69064e-10 4.30143e-12 2.19702e-14
 2.56533e-27 2.59354e-27 3.69469e-26 7.25401e-20 1.77823e-14 5.26922e-10 1.88735e-06 0.000817149 0.0427667 0.270554 0.20731 0.0452795 0.198993 0.183022 0.0280135 0.017787 0.00494119 0.000442765 6.79724e-05 4.03408e-06 2.35131e-07 8.65922e-09 1.88036e-10 2.03246e-12 9.34146e-15
 2.565e-27 2.59261e-27 3.60823e-26 7.07161e-20 1.73352e-14 5.13673e-10 1.83989e-06 0.000796602 0.0416913 0.263751 0.202124 0.0458412 0.20691 0.190255 0.0279626 0.0158518 0.00438193 0.000373968 5.57065e-05 3.24429e-06 1.73053e-07 4.99077e-09 9.80698e-11 9.97035e-13 4.21157e-15
 2.56428e-27 2.59063e-27 3.43266e-26 6.70123e-20 1.64272e-14 4.86769e-10 1.74352e-06 0.000754879 0.0395077 0.249937 0.191585 0.0464467 0.218923 0.201323 0.0296262 0.0168564 0.00463563 0.000351318 4.80723e-05 2.66782e-06 1.36208e-07 3.73257e-09 6.1397e-11 5.17989e-13 2.0274e-15
 2.56417e-27 2.59034e-27 3.407e-26 6.6471e-20 1.62946e-14 4.82837e-10 1.72944e-06 0.000748782 0.0391885 0.247918 0.190044 0.0464606 0.220111 0.202437 0.0301192 0.0176988 0.00486489 0.000357438 4.7343e-05 2.36639e-06 1.07832e-07 2.77963e-09 4.34268e-11 3.22375e-13 1.03395e-15
 2.56421e-27 2.59044e-27 3.41641e-26 6.66695e-20 1.63432e-14 4.84279e-10 1.73461e-06 0.000751018 0.0393056 0.248658 0.190609 0.0464352 0.219521 0.201891 0.0300032 0.0175721 0.00483494 0.000364808 4.92311e-05 2.39991e-06 1.03526e-07 2.35162e-09 3.32764e-11 2.3152e-13 6.73068e-16
#obs catch len freq
 5.02582e-42 6.9755e-34 1.17029e-26 2.37331e-20 5.8179e-15 1.72395e-10 6.17491e-07 0.000267352 0.0139922 0.0885196 0.0683153 0.0397912 0.217893 0.186009 0.143501 0.14333 0.0648648 0.0263984 0.00625013 0.000822193 4.47604e-05 7.23806e-07 2.58676e-09 1.66238e-12 1.68665e-16
 5.74334e-42 7.97137e-34 1.33736e-26 2.71215e-20 6.64851e-15 1.97007e-10 7.05649e-07 0.000305521 0.0159898 0.101157 0.0780809 0.0437886 0.223762 0.181956 0.142729 0.130512 0.0561068 0.020683 0.0044049 0.000500586 2.2133e-05 2.75245e-07 7.30006e-10 3.4044e-13 2.47166e-17
 1.08817e-41 1.51031e-33 2.53385e-26 5.1386e-20 1.25967e-14 3.73263e-10 1.33697e-06 0.00057886 0.0302952 0.191658 0.14723 0.04517 0.181037 0.140358 0.113438 0.0951763 0.03933 0.0130447 0.00243893 0.000234153 8.34503e-06 7.94622e-08 1.55677e-10 5.25568e-14 2.73069e-18
 1.12334e-41 1.55912e-33 2.61574e-26 5.30468e-20 1.30038e-14 3.85326e-10 1.38018e-06 0.000597568 0.0312743 0.197853 0.152306 0.0584648 0.23758 0.163954 0.0761108 0.0536068 0.020955 0.00620852 0.00100623 7.94913e-05 2.23609e-06 1.61882e-08 2.33833e-11 5.70502e-15 2.11832e-19
 7.85357e-42 1.09002e-33 1.82874e-26 3.70865e-20 9.09132e-15 2.69393e-10 9.6492e-07 0.000417777 0.0218648 0.138327 0.107121 0.064993 0.274718 0.18502 0.116104 0.070805 0.0164023 0.0036846 0.000508302 3.25609e-05 7.07374e-07 3.83099e-09 4.05534e-12 7.14343e-16 1.89541e-20
 1.25794e-41 1.74593e-33 2.92916e-26 5.94028e-20 1.45619e-14 4.31496e-10 1.54555e-06 0.000669169 0.0350216 0.22156 0.170402 0.0528677 0.172381 0.122221 0.125488 0.0756959 0.020044 0.00335398 0.000281257 1.35038e-05 2.23034e-07 8.89759e-10 6.81754e-13 8.61538e-17 1.63042e-21
 1.03954e-41 1.44281e-33 2.42062e-26 4.90896e-20 1.20337e-14 3.56582e-10 1.27722e-06 0.000552991 0.0289414 0.183097 0.141732 0.0736968 0.26002 0.153416 0.0858231 0.0507042 0.0185492 0.00323459 0.000224982 6.53094e-06 7.14321e-08 2.04174e-10 1.11929e-13 1.00484e-17 1.34671e-22
 1.27921e-41 1.77547e-33 2.97871e-26 6.04077e-20 1.48082e-14 4.38795e-10 1.57169e-06 0.000680488 0.0356141 0.22531 0.173778 0.0643888 0.19234 0.123734 0.115985 0.0541594 0.0117566 0.00208695 0.000161815 3.8659e-06 2.64267e-08 4.69085e-11 1.73987e-14 1.09163e-18 1.02739e-23
 1.14924e-41 1.59506e-33 2.67605e-26 5.42698e-20 1.33036e-14 3.9421e-10 1.412e-06 0.000611346 0.0319954 0.20242 0.156967 0.0798395 0.239323 0.134251 0.0943371 0.0457853 0.0127839 0.00158934 9.28145e-05 2.16084e-06 1.22389e-08 1.43646e-11 3.27427e-15 1.31739e-19 8.35614e-25
 1.51413e-41 2.10151e-33 3.52572e-26 7.15009e-20 1.75276e-14 5.19375e-10 1.86032e-06 0.000805453 0.0421542 0.266687 0.205768 0.0695733 0.171177 0.103696 0.0936975 0.0373064 0.00804664 0.00103327 5.1811e-05 8.57879e-07 4.02765e-09 3.86479e-12 6.29657e-16 1.63745e-20 6.55324e-26
 1.54924e-41 2.15025e-33 3.60749e-26 7.31591e-20 1.79341e-14 5.3142e-10 1.90346e-06 0.000824132 0.0431318 0.272876 0.211187 0.0832648 0.197492 0.0986676 0.0618233 0.0245126 0.00563453 0.000560903 2.35294e-05 3.26551e-07 1.10751e-09 7.89435e-13 1.00171e-16 1.96496e-21 5.54648e-27
 1.15066e-41 1.59703e-33 2.67936e-26 5.43368e-20 1.332e-14 3.94697e-10 1.41374e-06 0.000612101 0.0320349 0.202682 0.158835 0.103758 0.253575 0.12935 0.0876861 0.0266702 0.00437555 0.000405457 1.42727e-05 1.52113e-07 4.02976e-10 2.10815e-13 1.89943e-17 2.71117e-22 5.69407e-28
 1.72393e-41 2.3927e-33 4.01425e-26 8.14082e-20 1.99563e-14 5.91341e-10 2.11809e-06 0.000917058 0.0479952 0.303645 0.234702 0.0747114 0.140124 0.0903118 0.080457 0.0234107 0.00348981 0.000227104 6.04046e-06 5.16916e-08 1.02673e-10 3.97446e-14 2.62408e-18 2.67225e-23 3.95231e-29
 1.3986e-41 1.94117e-33 3.25671e-26 6.60455e-20 1.61903e-14 4.79748e-10 1.71838e-06 0.000743998 0.0389379 0.246364 0.193506 0.116556 0.234451 0.0985655 0.0510282 0.0167455 0.00292726 0.000169554 3.32192e-06 1.96834e-08 2.88321e-11 8.23781e-15 3.93201e-19 2.88126e-24 3.05671e-30
 1.18911e-41 1.6504e-33 2.76889e-26 5.61525e-20 1.37651e-14 4.07886e-10 1.46098e-06 0.000632555 0.0331054 0.209474 0.166064 0.11871 0.228588 0.131642 0.090777 0.0187618 0.00211528 0.000126982 2.35402e-06 1.05724e-08 1.05676e-11 2.08321e-15 7.08334e-20 3.7205e-25 2.81342e-31
 9.45747e-42 1.31263e-33 2.20222e-26 4.46605e-20 1.0948e-14 3.24409e-10 1.16198e-06 0.000503097 0.0263302 0.166628 0.134896 0.132005 0.244325 0.154685 0.109621 0.0276444 0.00323692 0.000121614 1.72496e-06 6.90235e-09 5.47782e-12 7.62948e-16 1.75724e-20 6.30304e-26 3.32053e-32
 1.50121e-41 2.08357e-33 3.49563e-26 7.08906e-20 1.7378e-14 5.14942e-10 1.84444e-06 0.000798578 0.0417945 0.264449 0.207703 0.098789 0.153369 0.120607 0.0871701 0.0224353 0.00277287 0.000108934 1.18138e-06 3.20545e-09 1.96722e-12 2.182e-16 3.76851e-21 9.54258e-27 3.44019e-33
 1.05199e-41 1.46009e-33 2.4496e-26 4.96774e-20 1.21778e-14 3.60851e-10 1.29251e-06 0.000559612 0.029288 0.185393 0.15362 0.170063 0.260888 0.117759 0.0625542 0.0176068 0.00218197 8.47883e-05 8.89045e-07 2.00023e-09 8.599e-13 6.6223e-17 8.43694e-22 1.61519e-27 4.33096e-34
 1.52566e-41 2.11752e-33 3.55258e-26 7.20456e-20 1.76611e-14 5.23332e-10 1.87449e-06 0.000811589 0.0424754 0.268789 0.213219 0.111468 0.153721 0.127315 0.0694919 0.0115463 0.00111828 4.23454e-05 4.14455e-07 8.39813e-10 3.03682e-13 1.77131e-17 1.57978e-22 2.08546e-28 3.94971e-35
 1.086e-41 1.50729e-33 2.52879e-26 5.12834e-20 1.25715e-14 3.72517e-10 1.3343e-06 0.000577705 0.030235 0.191458 0.162664 0.190323 0.247145 0.111811 0.0527969 0.012015 0.000950205 2.34722e-05 1.87544e-07 3.31339e-10 1.01947e-13 4.90567e-18 3.46028e-23 3.4289e-29 4.65042e-36
 1.38487e-41 1.92211e-33 3.22474e-26 6.53971e-20 1.60313e-14 4.75037e-10 1.70151e-06 0.000736694 0.0385558 0.244064 0.198649 0.136217 0.173022 0.140095 0.0597681 0.00827445 0.000602154 1.40994e-05 7.90648e-08 9.93127e-11 2.40239e-14 9.33363e-19 5.26713e-24 4.11072e-30 4.31021e-37
 1.51058e-41 2.09658e-33 3.51745e-26 7.13333e-20 1.74865e-14 5.18157e-10 1.85595e-06 0.000803565 0.0420557 0.266276 0.219612 0.161463 0.173751 0.0906243 0.0382506 0.00677538 0.000379252 6.3456e-06 2.98547e-08 2.85256e-11 4.77878e-15 1.31789e-19 5.54961e-25 3.31459e-31 2.67157e-38
 1.22624e-41 1.70193e-33 2.85535e-26 5.79059e-20 1.41949e-14 4.20622e-10 1.5066e-06 0.000652306 0.0341397 0.216328 0.188368 0.200615 0.211187 0.109153 0.0349073 0.00440346 0.000241531 3.66428e-06 1.24541e-08 8.78611e-12 1.11959e-15 2.24088e-20 6.57285e-26 2.73404e-32 1.56968e-39
 1.48096e-41 2.05547e-33 3.44847e-26 6.99344e-20 1.71436e-14 5.07996e-10 1.81956e-06 0.000787806 0.0412313 0.261171 0.219242 0.16213 0.167816 0.110569 0.0334374 0.00347638 0.000134428 1.59767e-06 4.62923e-09 2.5124e-12 2.28437e-16 3.28809e-21 7.04376e-27 2.11911e-33 8.61349e-41
 1.45501e-41 2.01946e-33 3.38806e-26 6.87091e-20 1.68432e-14 4.99095e-10 1.78768e-06 0.000774003 0.0405094 0.256773 0.222943 0.194058 0.173306 0.0841827 0.0246365 0.00272531 8.94131e-05 7.64674e-07 1.57729e-09 6.55909e-13 4.62607e-17 4.93583e-22 7.53912e-28 1.60275e-34 4.63784e-42
 1.28651e-41 1.78559e-33 2.9957e-26 6.07522e-20 1.48927e-14 4.41297e-10 1.58065e-06 0.00068437 0.0358189 0.227291 0.206931 0.215302 0.192644 0.0971826 0.0222193 0.00186982 5.58387e-05 4.17931e-07 6.45707e-10 1.86694e-13 9.29173e-18 7.26356e-23 8.25664e-29 1.29344e-35 2.70292e-43
 1.16328e-41 1.61456e-33 2.70875e-26 5.49329e-20 1.34662e-14 3.99027e-10 1.42925e-06 0.000618817 0.0323889 0.20578 0.19536 0.223331 0.204798 0.11172 0.0242016 0.00176005 3.89982e-05 2.26925e-07 2.87916e-10 6.48188e-14 2.32664e-18 1.26253e-23 9.96599e-30 1.10366e-36 1.6594e-44
 1.14583e-41 1.59034e-33 2.66813e-26 5.4109e-20 1.32642e-14 3.93042e-10 1.40781e-06 0.000609536 0.031903 0.20267 0.19141 0.216163 0.208922 0.119418 0.0268663 0.00199575 4.06828e-05 1.95231e-07 1.97294e-10 3.68135e-14 1.12209e-18 5.08444e-24 3.24085e-30 2.82042e-37 3.29043e-45
#spawning biomass
 16901.4 12565.5 16172.4 21991.9 27795.6 35562.5 43472.3 48917 55375.5 71809.6 93754.2 105134 137863 161073 164896 133084 129937 120755 126792 121898 123329 127783 144953 158867 177196 175648 157170 133662 106160 171252 197945 191965 173117 151983 133160 118163 106989 99021.9 93514 89789.7 87312.2 85683.8 84616.2 83913.5 83470.3 83190.7 83014.4 82903.2 82833.1 82788.9 82761 82743.4 82732.3 82725.3 82720.9 82718.1 82716.3 82715.2 82714.5 82714.1 82713.8 82713.6 82713.5 82713.4 82713.4 82713.4 82713.3 82713.3 82713.3 82713.3 82713.3 82713.3 82713.3 82713.3 82713.3 82713.3 82713.3 82713.3 82713.3 82713.3 82713.3 82713.3 82713.3 82713.3 82713.3 82713.3 82713.3 82713.3 82713.3 82713.3 82713.3 82713.3 82713.3 82713.3 82713.3 82713.3 82713.3 82713.3 82713.3 82713.3 82713.3 82713.3 82713.3 82713.3 82713.3 82713.3 82713.3 82713.3 82713.3 82713.3 82713.3 82713.3 82713.3 82713.3 82713.3 82713.3 82713.3 82713.3 82713.3 82713.3 82713.3 82713.3 82713.3 82713.3 82713.3 82713.3 82713.3 82713.3 0 0 0 0 0 0 0 0 0 0 0 0 0 0 0 0 0 0 0 0 0 0 0 0 0
