SBPRF35
0.185483
Curr Bio
196573
B35
187338
F35
1.34403
FOFL
1.34403
OFL
60457.7
Bzero
52994.1
#pred survey bio
 11805.8 15728.6 16710.1 18245.3 22566.9 27103.3 31201.5 37043.1 49894.6 68384 84719.7 95594.7 129364 157816 151734 131852 120975 117309 110425 105871 112136 112521 120350 129722 145995 156325 152268 154154 3.72171e+06 3.52638e+06 2.11889e+06 1.08646e+06 699603 552722 484789 447920 426243 413093 405032 400079 397038 395172 394024 393315 392890 392635 392482 392389 392334 392300 392280 392267 392260 392256 392253 392251 392250 392250 392249 392249 392249 392249 392249 392249 392249 392249 392249 392249 392249 392249 392249 392249 392249 392249 392249 392249 392249 392249 392249 392249 392249 392249 392249 392249 392249 392249 392249 392249 392249 392249 392249 392249 392249 392249 392249 392249 392249 392249 392249 392249 392249 392249 392249 392249 392249 392249 392249 392249 392249 392249 392249 392249 392249 392249 392249 392249 392249 392249 392249 392249 392249 392249 392249 392249 392249 392249 392249 392249 0 0 0 0 0 0 0 0 0 0 0 0 0 0 0 0 0 0 0 0 0 0 0 0 0
#obs survey bio
 7561.88 9117.89 14486.1 15565.7 21302.4 15123.9 26260.8 28430 37783.8 58825.7 54409.7 76809.1 110503 150267 111032 123423 65298 59974.6 86969.8 78996.4 94859.4 115320 81890.5 91209 128611 112392 91048.5 109456
#pred catch bio
 3233.48 7163.85 8031.19 8404.94 10785 13350.5 16987.1 20007.6 25896.3 35831.3 52342.3 55651.7 75276.6 98617.4 100689 91427 83674.3 83610.9 79359.6 73905.4 82536.9 81025.3 88802 95117.3 108712 119712 111658 106660 60457.7 81751.4 46266.8 17130.4 9071.83 7376.34 7051.77 6992.79 6982.45 6980.68 6980.38 6980.33 6980.33 6980.32 6980.32 6980.32 6980.32 6980.32 6980.32 6980.32 6980.32 6980.32 6980.32 6980.32 6980.32 6980.32 6980.32 6980.32 6980.32 6980.32 6980.32 6980.32 6980.32 6980.32 6980.32 6980.32 6980.32 6980.32 6980.32 6980.32 6980.32 6980.32 6980.32 6980.32 6980.32 6980.32 6980.32 6980.32 6980.32 6980.32 6980.32 6980.32 6980.32 6980.32 6980.32 6980.32 6980.32 6980.32 6980.32 6980.32 6980.32 6980.32 6980.32 6980.32 6980.32 6980.32 6980.32 6980.32 6980.32 6980.32 6980.32 6980.32 6980.32 6980.32 6980.32 6980.32 6980.32 6980.32 6980.32 6980.32 6980.32 6980.32 6980.32 6980.32 6980.32 6980.32 6980.32 6980.32 6980.32 6980.32 6980.32 6980.32 6980.32 6980.32 6980.32 6980.32 6980.32 6980.32 6980.32 6980.32 0 0 0 0 0 0 0 0 0 0 0 0 0 0 0 0 0 0 0 0 0 0 0 0 0
#obs catch bio
 6703.68 7315.15 8164.82 8605.96 10895.4 13562.4 17033.1 20199.5 25539.3 35025.1 51989 54460.6 72719 96677.4 101063 90760.8 83913.2 83861.4 78937.7 71781.5 81603.4 78477.6 87528.8 93491.1 104999 117715 109899 104950
#pred cpue bio
 7089.5 9739.51 9888.08 10404.7 12310.8 14843.9 17273.8 18903.6 24157.9 33829.7 44027.8 46458.6 60184.9 78224.1 80787.5 69371.9 59257.9 56926.9 52968.4 50021.1 51887.7 51179.4 54310.6 57104.6 63655.9 69010.6 68282.6 70529.2 1.75677e+06 2.58432e+06 1.92778e+06 962671 574772 427131 359029 322125 300442 287290 279229 274276 271235 269369 268221 267512 267087 266832 266678 266586 266530 266497 266476 266464 266457 266452 266450 266448 266447 266446 266446 266446 266446 266446 266446 266446 266446 266446 266446 266446 266446 266446 266446 266446 266446 266446 266446 266446 266446 266446 266446 266446 266446 266446 266446 266446 266446 266446 266446 266446 266446 266446 266446 266446 266446 266446 266446 266446 266446 266446 266446 266446 266446 266446 266446 266446 266446 266446 266446 266446 266446 266446 266446 266446 266446 266446 266446 266446 266446 266446 266446 266446 266446 266446 266446 266446 266446 266446 266446 266446 0 0 0 0 0 0 0 0 0 0 0 0 0 0 0 0 0 0 0 0 0 0 0 0 0
#obs cpue bio
 11027.3 11568.9 7984.64 8184.32 14217.8 17005.3 29364 19403.2 47723.2 58397.6 69567.1 102225 110134 92718 89112.8 109848 81678.2 110742 81674.3 117587 67648.3 93994.7 87212.9 110963 138346 105946 143823 153882
#pred surv len freq
 2.56647e-27 2.59708e-27 4.0566e-26 8.01769e-20 1.96544e-14 5.82395e-10 2.08604e-06 0.000903176 0.047269 0.299037 0.228978 0.0402173 0.145244 0.133943 0.0285448 0.0316159 0.0131708 0.00959806 0.00573544 0.004238 0.00322435 0.00270085 0.00262044 0.00227046 0.000687077
 2.56511e-27 2.59368e-27 3.77853e-26 7.43116e-20 1.82166e-14 5.3979e-10 1.93344e-06 0.000837105 0.043811 0.277161 0.212255 0.0390261 0.14793 0.137123 0.0419313 0.0612513 0.0206852 0.00844648 0.00369419 0.00204286 0.00126055 0.000898972 0.000766946 0.000659122 0.000217816
 2.56592e-27 2.59578e-27 3.95306e-26 7.7993e-20 1.9119e-14 5.66531e-10 2.02922e-06 0.000878574 0.0459814 0.290891 0.222749 0.0396049 0.144962 0.134127 0.0367491 0.0502727 0.0186848 0.0100841 0.00316632 0.000952448 0.000385936 0.000207762 0.000145322 0.000116092 3.95436e-05
 2.5664e-27 2.59696e-27 4.04557e-26 7.99441e-20 1.95973e-14 5.80704e-10 2.07999e-06 0.000900554 0.0471318 0.298169 0.228317 0.0402956 0.146306 0.135206 0.0340369 0.0437248 0.0153047 0.00701941 0.00249895 0.000812061 0.000175737 5.19966e-05 2.53222e-05 1.71552e-05 5.7475e-06
 2.56755e-27 2.60003e-27 4.31226e-26 8.55699e-20 2.09764e-14 6.21569e-10 2.22636e-06 0.000963927 0.0504485 0.319151 0.244332 0.0398626 0.13176 0.12173 0.0307149 0.0395033 0.013449 0.0055729 0.00180593 0.000542174 0.000131053 2.30783e-05 5.1998e-06 2.45863e-06 7.64215e-07
 2.5668e-27 2.5979e-27 4.11444e-26 8.13965e-20 1.99534e-14 5.91254e-10 2.11777e-06 0.000916914 0.047988 0.303585 0.232467 0.0412149 0.150386 0.138755 0.0307822 0.0353514 0.0118926 0.00472008 0.00145141 0.000385957 8.32641e-05 1.47477e-05 1.8474e-06 3.79003e-07 9.59882e-08
 2.56674e-27 2.59778e-27 4.10906e-26 8.12832e-20 1.99256e-14 5.90431e-10 2.11482e-06 0.000915638 0.0479212 0.303163 0.232137 0.0407514 0.147091 0.13585 0.0327344 0.0405079 0.0130366 0.00424509 0.00125625 0.000316104 6.11639e-05 9.53212e-06 1.06038e-06 9.26544e-08 1.28604e-08
 2.56858e-27 2.60269e-27 4.53469e-26 9.02617e-20 2.21266e-14 6.5565e-10 2.34843e-06 0.00101678 0.0532146 0.33665 0.2577 0.0402647 0.125427 0.115678 0.0258941 0.029978 0.00973264 0.00330324 0.000908676 0.000189557 3.41766e-05 4.79123e-06 4.61356e-07 2.85495e-08 1.54304e-09
 2.56918e-27 2.60418e-27 4.65554e-26 9.28108e-20 2.27515e-14 6.74166e-10 2.41475e-06 0.00104549 0.0547174 0.346157 0.264969 0.0408353 0.124663 0.114769 0.0220506 0.0214148 0.00673594 0.00196936 0.000538361 0.000112552 1.74557e-05 2.12664e-06 1.81947e-07 9.32769e-09 2.7143e-10
 2.56859e-27 2.60258e-27 4.51278e-26 8.97991e-20 2.20132e-14 6.52289e-10 2.33639e-06 0.00101157 0.0529418 0.334925 0.256399 0.04132 0.134372 0.123727 0.0236244 0.0227328 0.00688418 0.00157656 0.00039759 7.35542e-05 1.12754e-05 1.24532e-06 8.96743e-08 3.97025e-09 8.71068e-11
 2.56754e-27 2.59976e-27 4.26683e-26 8.46107e-20 2.07413e-14 6.14602e-10 2.2014e-06 0.000953122 0.049883 0.315573 0.241629 0.0417085 0.147706 0.136116 0.0273459 0.0281017 0.0085116 0.0019336 0.000458155 6.77457e-05 9.0962e-06 9.32806e-07 6.16287e-08 2.28904e-09 4.18975e-11
 2.56904e-27 2.60382e-27 4.62293e-26 9.2123e-20 2.25828e-14 6.6917e-10 2.39685e-06 0.00103775 0.0543119 0.343592 0.263011 0.0409372 0.126813 0.116768 0.0226752 0.0223164 0.00670647 0.00144057 0.000335023 4.69187e-05 5.38693e-06 4.48313e-07 2.64254e-08 8.87255e-10 1.36495e-11
 2.56972e-27 2.60561e-27 4.77625e-26 9.53572e-20 2.33757e-14 6.92663e-10 2.481e-06 0.00107418 0.0562187 0.355655 0.272222 0.0408895 0.119979 0.110364 0.0197714 0.0173047 0.00516838 0.00107056 0.000244763 3.2719e-05 3.61005e-06 2.65547e-07 1.25246e-08 3.61331e-10 4.93521e-12
 2.56806e-27 2.60107e-27 4.37104e-26 8.68086e-20 2.12801e-14 6.30567e-10 2.25859e-06 0.000977881 0.0511788 0.323771 0.2479 0.0423852 0.14845 0.136576 0.0233108 0.0187703 0.00548964 0.000951303 0.00020782 2.66699e-05 2.83757e-06 1.97972e-07 8.36435e-09 1.9456e-10 2.22634e-12
 2.56645e-27 2.59674e-27 3.9942e-26 7.88593e-20 1.93314e-14 5.72824e-10 2.05176e-06 0.000888333 0.0464922 0.294122 0.22527 0.0429798 0.168874 0.155559 0.0291483 0.0272941 0.00790183 0.00119498 0.000244101 2.65061e-05 2.62925e-06 1.74987e-07 6.98839e-09 1.45725e-10 1.36047e-12
 2.56715e-27 2.59872e-27 4.17496e-26 8.26726e-20 2.02662e-14 6.00524e-10 2.15097e-06 0.00093129 0.0487404 0.308345 0.236114 0.041972 0.153586 0.141558 0.0285985 0.0295718 0.00869748 0.00153263 0.000318461 3.029e-05 2.63824e-06 1.51643e-07 5.67302e-09 1.11258e-10 9.31214e-13
 2.56854e-27 2.6024e-27 4.49266e-26 8.93744e-20 2.19091e-14 6.49205e-10 2.32534e-06 0.00100678 0.0526915 0.333341 0.255197 0.0417539 0.138519 0.127474 0.0228293 0.0199656 0.00588285 0.00108012 0.000230907 2.45177e-05 2.09208e-06 1.02822e-07 3.27174e-09 5.80324e-11 4.53677e-13
 2.5684e-27 2.60194e-27 4.44555e-26 8.83805e-20 2.16654e-14 6.41985e-10 2.29948e-06 0.000995588 0.0521055 0.329634 0.252377 0.042407 0.14547 0.13377 0.0218076 0.016044 0.00459792 0.00064516 0.000129321 1.41152e-05 1.27558e-06 6.6806e-08 1.90289e-09 2.83305e-11 1.95438e-13
 2.56862e-27 2.60255e-27 4.49873e-26 8.95023e-20 2.19404e-14 6.50133e-10 2.32867e-06 0.00100822 0.0527668 0.333817 0.255569 0.0422985 0.142401 0.130929 0.021135 0.0152212 0.0042875 0.000472273 8.34939e-05 7.12652e-06 5.94608e-07 3.2461e-08 9.88221e-10 1.39597e-11 8.15083e-14
 2.5689e-27 2.60328e-27 4.56218e-26 9.08407e-20 2.22685e-14 6.59856e-10 2.36349e-06 0.0010233 0.0535559 0.33881 0.25938 0.0422057 0.139018 0.127783 0.0201402 0.0137456 0.00385731 0.000405705 6.84919e-05 4.68998e-06 3.14306e-07 1.38586e-08 4.16044e-10 6.2223e-12 3.57221e-14
 2.5694e-27 2.60466e-27 4.68542e-26 9.34408e-20 2.29059e-14 6.78742e-10 2.43114e-06 0.00105259 0.0550888 0.348507 0.266777 0.0417518 0.130366 0.119818 0.0190858 0.0133463 0.0037445 0.000389236 6.51482e-05 4.30482e-06 2.61448e-07 8.8797e-09 2.08276e-10 2.82972e-12 1.68319e-14
 2.56951e-27 2.60491e-27 4.70371e-26 9.38265e-20 2.30004e-14 6.81544e-10 2.44118e-06 0.00105694 0.0553162 0.349946 0.267881 0.0420546 0.131895 0.121142 0.0177277 0.00991901 0.00275515 0.000260767 4.15492e-05 2.65075e-06 1.55479e-07 4.91012e-09 9.40616e-11 9.63915e-13 4.916e-15
 2.56973e-27 2.60552e-27 4.75842e-26 9.49805e-20 2.32833e-14 6.89927e-10 2.4712e-06 0.00106994 0.0559966 0.35425 0.271163 0.0417938 0.127604 0.117207 0.0174722 0.0103249 0.00285007 0.000230821 3.32995e-05 1.97371e-06 1.08783e-07 3.29328e-09 5.95564e-11 5.19697e-13 2.01754e-15
 2.57014e-27 2.60662e-27 4.85453e-26 9.70082e-20 2.37804e-14 7.04655e-10 2.52396e-06 0.00109278 0.057192 0.361812 0.276935 0.0416025 0.122093 0.112096 0.0161098 0.00850712 0.00234106 0.000188128 2.66762e-05 1.37746e-06 6.57734e-08 1.82022e-09 3.1024e-11 2.55552e-13 8.73148e-16
 2.57028e-27 2.607e-27 4.8879e-26 9.7712e-20 2.39529e-14 7.09768e-10 2.54227e-06 0.00110071 0.057607 0.364437 0.278939 0.0415491 0.120279 0.11041 0.0156003 0.00776997 0.00212679 0.000156214 2.07238e-05 1.05854e-06 4.83094e-08 1.13551e-09 1.6964e-11 1.28472e-13 4.12704e-16
 2.56997e-27 2.60615e-27 4.81159e-26 9.61022e-20 2.35583e-14 6.98075e-10 2.50039e-06 0.00108257 0.0566579 0.358433 0.274359 0.0418963 0.126139 0.115789 0.0160411 0.0074213 0.00202143 0.000138172 1.71427e-05 8.09102e-07 3.38069e-08 7.70875e-10 1.03989e-11 6.669e-14 1.92064e-16
 2.56963e-27 2.6052e-27 4.72631e-26 9.43031e-20 2.31173e-14 6.85006e-10 2.45358e-06 0.00106231 0.0555972 0.351723 0.269241 0.0422255 0.13224 0.121403 0.0167289 0.00757598 0.00205611 0.00012931 1.47139e-05 6.5013e-07 2.45714e-08 5.06517e-10 6.36041e-12 3.79848e-14 9.4472e-17
 2.56936e-27 2.60452e-27 4.66809e-26 9.3075e-20 2.28162e-14 6.76085e-10 2.42162e-06 0.00104847 0.0548732 0.347143 0.265743 0.0421933 0.134452 0.123496 0.0180448 0.0100465 0.0027487 0.00018504 2.24615e-05 9.47092e-07 3.28432e-08 6.20353e-10 7.00971e-12 3.78872e-14 8.7678e-17
#obs surv len freq
 1.24638e-41 1.7299e-33 2.90226e-26 5.88573e-20 1.44282e-14 4.27533e-10 1.53135e-06 0.000663024 0.0347 0.219523 0.168358 0.0416938 0.170165 0.142496 0.0895076 0.0847925 0.0333964 0.012016 0.00240952 0.000265259 1.18533e-05 1.58726e-07 4.82986e-10 2.7217e-13 2.48035e-17
 1.55894e-41 2.16371e-33 3.63007e-26 7.36171e-20 1.80464e-14 5.34747e-10 1.91538e-06 0.000829291 0.0434018 0.274573 0.210428 0.0426332 0.141971 0.11315 0.0741928 0.064758 0.0244936 0.00799966 0.00142878 0.000134575 4.90837e-06 5.08129e-08 1.14603e-10 4.66666e-14 3.03007e-18
 1.29249e-41 1.7939e-33 3.00964e-26 6.10348e-20 1.4962e-14 4.4335e-10 1.58801e-06 0.000687553 0.0359838 0.227645 0.174835 0.0517436 0.203965 0.149937 0.0732198 0.0553472 0.0198405 0.00581089 0.000909423 7.16962e-05 2.09682e-06 1.66987e-08 2.79665e-11 8.24898e-15 3.82238e-19
 1.55712e-41 2.16118e-33 3.62583e-26 7.35311e-20 1.80253e-14 5.34122e-10 1.91314e-06 0.000828323 0.0433511 0.274253 0.210356 0.0473598 0.14967 0.109559 0.0849404 0.0597411 0.0156897 0.00371478 0.000501374 3.25438e-05 7.48511e-07 4.52341e-09 5.60311e-12 1.19944e-15 3.97978e-20
 1.54041e-41 2.13799e-33 3.58692e-26 7.27421e-20 1.78319e-14 5.28391e-10 1.89261e-06 0.000819435 0.0428859 0.271311 0.208351 0.0553213 0.179912 0.11865 0.0637977 0.0416129 0.0141382 0.0029082 0.000276315 1.39023e-05 2.46988e-07 1.11564e-09 1.01129e-12 1.56411e-16 3.71703e-21
 1.34554e-41 1.86752e-33 3.13316e-26 6.35398e-20 1.5576e-14 4.61547e-10 1.65318e-06 0.000715772 0.0374607 0.23699 0.182391 0.0611864 0.205449 0.131217 0.0839052 0.0470189 0.0112574 0.00219551 0.000204472 7.33131e-06 9.17417e-08 3.02097e-10 1.98047e-13 2.19399e-17 3.71413e-22
 1.56412e-41 2.1709e-33 3.64214e-26 7.38618e-20 1.81064e-14 5.36524e-10 1.92174e-06 0.000832049 0.0435461 0.275488 0.211756 0.0579967 0.165236 0.104894 0.0835467 0.0442331 0.0107322 0.00161771 0.000115421 3.61013e-06 3.29843e-08 7.33149e-11 3.34019e-14 2.61221e-18 3.12507e-23
 1.72784e-41 2.39813e-33 4.02335e-26 8.15928e-20 2.00015e-14 5.92681e-10 2.12289e-06 0.000919137 0.048104 0.304324 0.233979 0.0627128 0.163169 0.0928073 0.057081 0.028196 0.00756587 0.00107576 6.27117e-05 1.42591e-06 1.00634e-08 1.63515e-11 5.03999e-15 2.655e-19 2.18379e-24
 1.65493e-41 2.29693e-33 3.85357e-26 7.81497e-20 1.91575e-14 5.67671e-10 2.03331e-06 0.000880351 0.0460741 0.291484 0.224583 0.0713023 0.185024 0.0981165 0.0551521 0.0223439 0.00443274 0.000573076 3.15376e-05 5.74548e-07 2.89132e-09 3.36815e-12 7.47814e-16 2.73447e-20 1.51852e-25
 1.53628e-41 2.13225e-33 3.5773e-26 7.25469e-20 1.7784e-14 5.26973e-10 1.88753e-06 0.000817236 0.0427709 0.27059 0.209067 0.0785587 0.199733 0.104589 0.0661621 0.023559 0.00378133 0.000355026 1.48647e-05 2.30874e-07 9.18148e-10 7.63736e-13 1.17594e-16 3.01353e-21 1.17542e-26
 1.46784e-41 2.03727e-33 3.41794e-26 6.93151e-20 1.69918e-14 5.03497e-10 1.80345e-06 0.00078083 0.0408655 0.258539 0.200301 0.084231 0.203895 0.107297 0.0748574 0.0249455 0.00397341 0.00030311 8.88718e-06 9.63319e-08 2.92212e-10 1.86957e-13 2.09442e-17 3.74043e-22 1.00484e-27
 1.88124e-41 2.61104e-33 4.38057e-26 8.8837e-20 2.17774e-14 6.45303e-10 2.31137e-06 0.00100074 0.0523749 0.331349 0.255516 0.0730212 0.140938 0.0737933 0.0526893 0.0165018 0.00262581 0.000182215 4.44419e-06 3.37432e-08 6.78776e-11 3.03755e-14 2.4929e-18 3.26218e-23 6.26991e-29
 1.56734e-41 2.17537e-33 3.64963e-26 7.40137e-20 1.81436e-14 5.37628e-10 1.9257e-06 0.00083376 0.0436357 0.276073 0.215005 0.102231 0.21378 0.090462 0.0434679 0.0124533 0.00192955 0.000123772 2.71668e-06 1.67813e-08 2.42641e-11 7.19497e-15 3.91675e-19 3.53156e-24 4.82183e-30
 1.27502e-41 1.76965e-33 2.96895e-26 6.02098e-20 1.47597e-14 4.37358e-10 1.56654e-06 0.000678259 0.0354974 0.224598 0.176794 0.113728 0.233319 0.119066 0.0775758 0.0169159 0.00173078 9.36801e-05 1.8184e-06 9.5578e-09 1.10602e-11 2.42357e-15 9.08685e-20 5.4402e-25 4.92926e-31
 1.14706e-41 1.59204e-33 2.67098e-26 5.41669e-20 1.32784e-14 3.93463e-10 1.40932e-06 0.000610187 0.0319348 0.202068 0.16036 0.117486 0.227491 0.135291 0.0979979 0.0238689 0.0027813 0.00010722 1.43971e-06 6.03862e-09 5.66346e-12 9.74894e-16 2.75517e-20 1.1901e-25 7.49063e-32
 1.55761e-41 2.16185e-33 3.62696e-26 7.3554e-20 1.80309e-14 5.34289e-10 1.91374e-06 0.000828581 0.0433647 0.274375 0.214872 0.100708 0.165348 0.104437 0.0742383 0.0192768 0.00244961 9.93173e-05 1.14545e-06 3.26929e-09 2.1618e-12 2.81319e-16 6.08223e-21 1.98311e-26 9.23748e-33
 1.40812e-41 1.95437e-33 3.27887e-26 6.64948e-20 1.63004e-14 4.83011e-10 1.73007e-06 0.00074906 0.0392029 0.248076 0.197821 0.136019 0.215255 0.0970118 0.0513512 0.0128489 0.00159718 6.61041e-05 7.59456e-07 1.92202e-09 9.4346e-13 8.33867e-17 1.25161e-21 2.95175e-27 1.01392e-33
 1.46107e-41 2.02787e-33 3.40217e-26 6.89952e-20 1.69134e-14 5.01174e-10 1.79512e-06 0.000777227 0.040677 0.257412 0.205275 0.129956 0.190027 0.107884 0.0572089 0.00983297 0.000913166 3.43241e-05 3.69589e-07 8.67534e-10 3.73111e-13 2.63248e-17 2.86614e-22 4.64425e-28 1.09036e-34
 1.44151e-41 2.00072e-33 3.35663e-26 6.80718e-20 1.6687e-14 4.94466e-10 1.7711e-06 0.000766824 0.0401327 0.253997 0.204761 0.14444 0.195708 0.101345 0.0490491 0.00906673 0.000713595 1.8182e-05 1.51216e-07 3.02512e-10 1.12018e-13 6.68072e-18 5.93141e-23 7.47077e-29 1.29601e-35
 1.55888e-41 2.16362e-33 3.62992e-26 7.36141e-20 1.80456e-14 5.34725e-10 1.9153e-06 0.000829258 0.0434002 0.274688 0.221251 0.141314 0.174927 0.0948949 0.0416185 0.00659477 0.000469622 1.05591e-05 6.3206e-08 8.82209e-11 2.48439e-14 1.1822e-18 8.44678e-24 8.50172e-30 1.16158e-36
 1.5069e-41 2.09148e-33 3.50889e-26 7.11596e-20 1.74439e-14 5.16896e-10 1.85144e-06 0.000801609 0.0419533 0.265587 0.217496 0.160624 0.184742 0.0892323 0.034253 0.00500303 0.000300488 5.56085e-06 2.74427e-08 2.88345e-11 5.62027e-15 1.8645e-19 9.72036e-25 7.38393e-31 7.72756e-38
 1.55158e-41 2.1535e-33 3.61294e-26 7.32696e-20 1.79612e-14 5.32223e-10 1.90634e-06 0.000825378 0.0431973 0.273496 0.224954 0.160409 0.172645 0.0896622 0.030886 0.00373381 0.000186524 2.83954e-06 1.1012e-08 8.97993e-12 1.32595e-15 3.16826e-20 1.14462e-25 5.99523e-32 4.40465e-39
 1.55735e-41 2.1615e-33 3.62637e-26 7.3542e-20 1.8028e-14 5.34201e-10 1.91342e-06 0.000828446 0.0433581 0.274582 0.228762 0.171047 0.17027 0.0824714 0.0256631 0.00289491 0.000119383 1.40865e-06 4.2204e-09 2.61732e-12 2.89103e-16 5.13001e-21 1.3605e-26 5.12436e-33 2.64842e-40
 1.59817e-41 2.21816e-33 3.72142e-26 7.54697e-20 1.85005e-14 5.48204e-10 1.96358e-06 0.000850161 0.0444948 0.281844 0.236657 0.17429 0.161798 0.0770324 0.020952 0.00200936 7.01767e-05 6.75823e-07 1.53464e-09 7.01501e-13 5.69817e-17 7.40478e-22 1.43049e-27 3.91275e-34 1.46453e-41
 1.58945e-41 2.20605e-33 3.7011e-26 7.50576e-20 1.83995e-14 5.45211e-10 1.95286e-06 0.00084552 0.0442522 0.28042 0.239338 0.18441 0.15986 0.071928 0.0174248 0.00147689 4.23038e-05 3.24159e-07 5.75276e-10 1.98003e-13 1.17026e-17 1.09208e-22 1.51385e-28 2.97423e-35 7.99362e-43
 1.37466e-41 1.90793e-33 3.20095e-26 6.49147e-20 1.59131e-14 4.71533e-10 1.68896e-06 0.00073126 0.038273 0.242822 0.219069 0.217091 0.183036 0.0805197 0.0171765 0.00124964 2.96621e-05 1.8123e-07 2.46149e-10 6.36633e-14 2.79221e-18 1.90113e-23 1.89208e-29 2.64366e-36 5.03804e-44
 1.39874e-41 1.94136e-33 3.25703e-26 6.6052e-20 1.61919e-14 4.79795e-10 1.71855e-06 0.000744072 0.038944 0.247165 0.22332 0.205262 0.176975 0.0888487 0.0175873 0.0011304 2.21115e-05 1.07143e-07 1.12058e-10 2.17251e-14 7.0083e-19 3.47808e-24 2.5104e-30 2.52962e-37 3.45329e-45
 1.46889e-41 2.03872e-33 3.42037e-26 6.93645e-20 1.70039e-14 5.03856e-10 1.80473e-06 0.000781387 0.0408969 0.259505 0.232131 0.20257 0.16883 0.0782811 0.0159221 0.00106149 1.92676e-05 8.12552e-08 7.13849e-11 1.14193e-14 3.00772e-19 1.20852e-24 7.01686e-31 5.66753e-38 6.19343e-46
#pred catch len freq
 2.55951e-27 2.57858e-27 2.4661e-26 4.66258e-20 1.14298e-14 3.38684e-10 1.21311e-06 0.00052523 0.0274886 0.173901 0.133441 0.0410874 0.218987 0.202499 0.049642 0.0627222 0.0264271 0.0195926 0.0116985 0.00862787 0.00655279 0.00548417 0.00531925 0.00460852 0.0013946
 2.55891e-27 2.57732e-27 2.38015e-26 4.48135e-20 1.09855e-14 3.2552e-10 1.16596e-06 0.000504815 0.0264202 0.167142 0.128248 0.0390824 0.20738 0.192832 0.0671104 0.104758 0.0354807 0.0146139 0.00638043 0.00351713 0.00216571 0.00154298 0.00131592 0.00113083 0.000373697
 2.55999e-27 2.58006e-27 2.6029e-26 4.95117e-20 1.21372e-14 3.59647e-10 1.28819e-06 0.000557739 0.02919 0.184665 0.141648 0.0403565 0.207661 0.192639 0.0588863 0.0861973 0.0321268 0.0174334 0.00546648 0.00163765 0.000661949 0.000355925 0.000248855 0.000198784 6.77099e-05
 2.5605e-27 2.58126e-27 2.68947e-26 5.13372e-20 1.25847e-14 3.72907e-10 1.33569e-06 0.000578303 0.0302663 0.191474 0.146867 0.0416129 0.213556 0.197832 0.055377 0.0767354 0.0269337 0.0124318 0.00441863 0.00143129 0.00030909 9.1301e-05 4.4439e-05 3.01029e-05 1.00853e-05
 2.5619e-27 2.58498e-27 3.0097e-26 5.80923e-20 1.42406e-14 4.21975e-10 1.51145e-06 0.000654398 0.0342488 0.216668 0.166101 0.0413465 0.198015 0.183386 0.0509569 0.0702255 0.0239528 0.0099661 0.00322425 0.000964244 0.000232577 4.09036e-05 9.20855e-06 4.35326e-06 1.3531e-06
 2.56129e-27 2.58314e-27 2.83009e-26 5.43027e-20 1.33117e-14 3.94448e-10 1.41285e-06 0.000611709 0.0320147 0.202534 0.155339 0.0432878 0.22035 0.203697 0.0491478 0.0609471 0.02054 0.00818007 0.00251144 0.000665177 0.000143182 2.5325e-05 3.17029e-06 6.50194e-07 1.64665e-07
 2.56151e-27 2.5838e-27 2.89405e-26 5.56523e-20 1.36425e-14 4.04252e-10 1.44796e-06 0.000626912 0.0328103 0.207568 0.159171 0.0425356 0.211934 0.196105 0.0509747 0.0669731 0.0215672 0.00702169 0.00207375 0.000519502 0.000100292 1.56064e-05 1.7349e-06 1.51548e-07 2.10328e-08
 2.56372e-27 2.58965e-27 3.39624e-26 6.62458e-20 1.62394e-14 4.81201e-10 1.72358e-06 0.000746245 0.0390558 0.247078 0.189337 0.0423457 0.189294 0.174911 0.0417499 0.0512593 0.0166462 0.0056386 0.00154813 0.000321383 5.78032e-05 8.09104e-06 7.78533e-07 4.81624e-08 2.60279e-09
 2.56445e-27 2.59142e-27 3.5337e-26 6.9145e-20 1.69501e-14 5.02261e-10 1.79901e-06 0.000778905 0.0407651 0.257891 0.197612 0.0434931 0.192212 0.177263 0.0360115 0.0375357 0.011815 0.00344921 0.00094109 0.00019583 3.03025e-05 3.68553e-06 3.15082e-07 1.61479e-08 4.69838e-10
 2.56375e-27 2.58952e-27 3.36482e-26 6.55823e-20 1.60767e-14 4.76382e-10 1.70632e-06 0.000738771 0.0386646 0.244603 0.187475 0.0440798 0.203799 0.187958 0.0379619 0.0392633 0.0119 0.00272197 0.000685287 0.000126173 1.92959e-05 2.12774e-06 1.53094e-07 6.77576e-09 1.48641e-10
 2.56313e-27 2.58786e-27 3.22223e-26 6.25744e-20 1.53393e-14 4.54532e-10 1.62806e-06 0.000704887 0.0368913 0.233385 0.17891 0.0441514 0.210361 0.194101 0.0406252 0.0437903 0.0132598 0.0029922 0.000707241 0.000104001 1.39261e-05 1.42554e-06 9.4107e-08 3.4941e-09 6.39454e-11
 2.56474e-27 2.59218e-27 3.59944e-26 7.05317e-20 1.729e-14 5.12334e-10 1.83509e-06 0.000794525 0.0415826 0.263063 0.201561 0.0434557 0.189153 0.174429 0.0353224 0.036643 0.0110115 0.00235144 0.000545597 7.60015e-05 8.7038e-06 7.22934e-07 4.25747e-08 1.42894e-09 2.19796e-11
 2.56566e-27 2.59461e-27 3.80611e-26 7.48912e-20 1.83587e-14 5.44e-10 1.94852e-06 0.000843634 0.0441528 0.279323 0.213978 0.043543 0.181093 0.166824 0.0309389 0.0285578 0.00852924 0.00175482 0.000400214 5.32085e-05 5.85552e-06 4.29893e-07 2.02571e-08 5.84155e-10 7.97736e-12
 2.56391e-27 2.5898e-27 3.37487e-26 6.57937e-20 1.61285e-14 4.77917e-10 1.71182e-06 0.000741152 0.0387892 0.245392 0.188096 0.0452623 0.212361 0.195585 0.0343505 0.0290864 0.00850722 0.00146282 0.00031861 4.06602e-05 4.31456e-06 3.00432e-07 1.26816e-08 2.94847e-10 3.37329e-12
 2.56228e-27 2.58546e-27 3.00024e-26 5.7891e-20 1.41913e-14 4.20513e-10 1.50621e-06 0.00065213 0.0341301 0.215917 0.165595 0.0455817 0.230601 0.21262 0.0410641 0.0400943 0.0116061 0.00174044 0.00035435 3.82625e-05 3.78414e-06 2.51347e-07 1.00286e-08 2.09026e-10 1.95105e-12
 2.56329e-27 2.58829e-27 3.25744e-26 6.33171e-20 1.55214e-14 4.59927e-10 1.64738e-06 0.000713253 0.0373291 0.236155 0.181026 0.0442331 0.209496 0.193276 0.0400098 0.0425696 0.0125111 0.00218059 0.000451573 4.27065e-05 3.70776e-06 2.12658e-07 7.94755e-09 1.55793e-10 1.3037e-12
 2.56501e-27 2.59283e-27 3.64616e-26 7.15169e-20 1.75315e-14 5.1949e-10 1.86072e-06 0.000805623 0.0421634 0.266738 0.204378 0.0441673 0.192589 0.177404 0.0323032 0.0289977 0.00853656 0.00154832 0.000329776 3.48081e-05 2.96165e-06 1.45242e-07 4.6165e-09 8.18419e-11 6.39676e-13
 2.56504e-27 2.59281e-27 3.63564e-26 7.12946e-20 1.7477e-14 5.17875e-10 1.85494e-06 0.000803119 0.0420323 0.265909 0.203757 0.0449474 0.198961 0.183111 0.030175 0.022699 0.00650124 0.000900698 0.000179648 1.9488e-05 1.75591e-06 9.17701e-08 2.61137e-09 3.88565e-11 2.67986e-13
 2.56537e-27 2.5937e-27 3.71402e-26 7.2948e-20 1.78823e-14 5.29885e-10 1.89796e-06 0.000821745 0.0430071 0.272075 0.208464 0.0447944 0.19449 0.17897 0.0291551 0.0214102 0.0060285 0.000655956 0.000115277 9.78121e-06 8.13133e-07 4.42954e-08 1.34718e-09 1.90208e-11 1.11032e-13
 2.56555e-27 2.59417e-27 3.75386e-26 7.37886e-20 1.80884e-14 5.35991e-10 1.91983e-06 0.000831213 0.0435027 0.27521 0.210858 0.0448131 0.192951 0.177515 0.028286 0.019795 0.00555397 0.000577586 9.69582e-05 6.60416e-06 4.40808e-07 1.93912e-08 5.81473e-10 8.69203e-12 4.98897e-14
 2.5665e-27 2.59677e-27 3.98464e-26 7.86571e-20 1.92818e-14 5.71355e-10 2.0465e-06 0.000886056 0.046373 0.293368 0.224711 0.0440285 0.177247 0.163044 0.0260964 0.018446 0.00517245 0.000530626 8.82276e-05 5.79837e-06 3.50721e-07 1.1884e-08 2.78376e-10 3.77977e-12 2.24776e-14
 2.56653e-27 2.59678e-27 3.97994e-26 7.85577e-20 1.92575e-14 5.70633e-10 2.04391e-06 0.000884936 0.0463144 0.292998 0.224436 0.0445424 0.181351 0.166709 0.0245247 0.013943 0.00387191 0.000362046 5.72881e-05 3.63567e-06 2.1237e-07 6.69159e-09 1.28026e-10 1.31107e-12 6.68444e-15
 2.56695e-27 2.59794e-27 4.08417e-26 8.07566e-20 1.97965e-14 5.86606e-10 2.10113e-06 0.000909707 0.0476108 0.301199 0.230691 0.0440961 0.17356 0.159552 0.0238612 0.0142293 0.0039266 0.000314267 4.49551e-05 2.65082e-06 1.45455e-07 4.39335e-09 7.93486e-11 6.91942e-13 2.68535e-15
 2.56745e-27 2.59928e-27 4.20081e-26 8.32172e-20 2.03997e-14 6.0448e-10 2.16514e-06 0.000937425 0.0490614 0.310376 0.237695 0.0438897 0.167068 0.153525 0.0221223 0.0117843 0.00324196 0.000257458 3.61989e-05 1.86055e-06 8.84006e-08 2.44065e-09 4.15423e-11 3.41961e-13 1.16801e-15
 2.56773e-27 2.60003e-27 4.2664e-26 8.46007e-20 2.07388e-14 6.14529e-10 2.20114e-06 0.00095301 0.0498771 0.315536 0.241633 0.0437533 0.163263 0.149999 0.0212209 0.0106173 0.00290518 0.000210949 2.77182e-05 1.4092e-06 6.39964e-08 1.50082e-09 2.23875e-11 1.69421e-13 5.44071e-16
 2.5675e-27 2.5994e-27 4.20906e-26 8.33911e-20 2.04423e-14 6.05743e-10 2.16967e-06 0.000939383 0.0491639 0.311025 0.238193 0.0440651 0.168053 0.154385 0.0213857 0.00988934 0.00269252 0.000181986 2.23404e-05 1.04978e-06 4.36298e-08 9.92563e-10 1.33696e-11 8.56763e-14 2.46651e-16
 2.5668e-27 2.59747e-27 4.03682e-26 7.97575e-20 1.95516e-14 5.79348e-10 2.07513e-06 0.000898452 0.0470217 0.297473 0.227855 0.0446992 0.180142 0.165514 0.0228735 0.0104794 0.00284418 0.000177196 1.99538e-05 8.7813e-07 3.30091e-08 6.78908e-10 8.51168e-12 5.07939e-14 1.26282e-16
 2.56612e-27 2.59566e-27 3.88042e-26 7.64582e-20 1.87428e-14 5.55383e-10 1.98929e-06 0.000861285 0.0450766 0.285167 0.218462 0.0448884 0.188181 0.173004 0.0254975 0.014572 0.0039881 0.000266168 3.20411e-05 1.34629e-06 4.64361e-08 8.75176e-10 9.87299e-12 5.33211e-14 1.23346e-16
#obs catch len freq
 5.99473e-42 8.32029e-34 1.3959e-26 2.83086e-20 6.93952e-15 2.05631e-10 7.36536e-07 0.000318894 0.0166897 0.105585 0.0813933 0.0425074 0.227682 0.192171 0.13149 0.126946 0.0516621 0.0191182 0.00396346 0.000450787 2.10592e-05 2.96641e-07 9.47393e-10 5.57281e-13 5.27022e-17
 6.81767e-42 9.46247e-34 1.58753e-26 3.21947e-20 7.89215e-15 2.33859e-10 8.37645e-07 0.000362671 0.0189808 0.120079 0.0925707 0.046142 0.229941 0.18468 0.129406 0.114688 0.0448706 0.0151531 0.00283638 0.000278577 1.05681e-05 1.14106e-07 2.68674e-10 1.13857e-13 7.65865e-18
 1.03257e-41 1.43314e-33 2.40438e-26 4.87605e-20 1.19531e-14 3.54191e-10 1.26865e-06 0.000549283 0.0287473 0.181865 0.139819 0.0481309 0.20188 0.154101 0.110197 0.0893251 0.0333885 0.0101677 0.00168281 0.000140203 4.29873e-06 3.55905e-08 6.17926e-11 1.88675e-14 9.0282e-19
 8.8136e-42 1.22327e-33 2.05229e-26 4.162e-20 1.02027e-14 3.02323e-10 1.08287e-06 0.000468846 0.0245375 0.155234 0.11982 0.0601122 0.262462 0.183151 0.0957008 0.0673478 0.0237316 0.00644055 0.000926626 6.40631e-05 1.56148e-06 9.87363e-09 1.26669e-11 2.79358e-15 9.5254e-20
 1.21446e-41 1.6856e-33 2.82793e-26 5.735e-20 1.40587e-14 4.16584e-10 1.49214e-06 0.000646043 0.0338113 0.213903 0.164516 0.0539582 0.193462 0.135808 0.11055 0.0707297 0.0181006 0.00399329 0.000491638 2.77344e-05 5.27324e-07 2.51461e-09 2.37567e-12 3.79208e-16 9.24442e-21
 1.28061e-41 1.7774e-33 2.98196e-26 6.04735e-20 1.48244e-14 4.39273e-10 1.5734e-06 0.00068123 0.0356529 0.225554 0.173732 0.0636824 0.220624 0.137975 0.0771967 0.0465534 0.0152617 0.00282981 0.000245413 1.0705e-05 1.56048e-07 5.53116e-10 3.80992e-13 4.38326e-17 7.64157e-22
 1.16612e-41 1.6185e-33 2.71536e-26 5.5067e-20 1.3499e-14 4.00001e-10 1.43274e-06 0.000620326 0.0324654 0.20539 0.158617 0.069506 0.235506 0.143222 0.093788 0.0476973 0.0110454 0.00197334 0.000162498 4.98588e-06 5.12051e-08 1.31845e-10 6.5476e-14 5.38452e-18 6.67773e-23
 1.44857e-41 2.01052e-33 3.37306e-26 6.84051e-20 1.67687e-14 4.96887e-10 1.77977e-06 0.000770579 0.040329 0.255138 0.196531 0.0646396 0.184771 0.112634 0.0903039 0.0433898 0.010041 0.00136107 8.69239e-05 2.29302e-06 1.69397e-08 2.94129e-11 1.01436e-14 5.88043e-19 5.14801e-24
 1.67356e-41 2.32279e-33 3.89697e-26 7.90297e-20 1.93732e-14 5.74064e-10 2.0562e-06 0.000890265 0.0465929 0.294766 0.226999 0.0687301 0.174887 0.0946764 0.0584037 0.0264568 0.00670456 0.000847229 4.33373e-05 8.30612e-07 4.71786e-09 5.9364e-12 1.38234e-15 5.39803e-20 3.24728e-25
 1.64479e-41 2.28286e-33 3.82998e-26 7.76712e-20 1.90402e-14 5.64195e-10 2.02086e-06 0.00087496 0.0457919 0.289701 0.22358 0.0770782 0.190059 0.0957569 0.05342 0.0196021 0.003686 0.000426635 2.02821e-05 3.0639e-07 1.23443e-09 1.11188e-12 1.85904e-16 5.03289e-21 2.04504e-26
 1.56102e-41 2.16659e-33 3.63491e-26 7.37152e-20 1.80704e-14 5.35459e-10 1.91793e-06 0.000830396 0.0434596 0.27495 0.212797 0.084011 0.19936 0.0998632 0.0617329 0.0197685 0.00296947 0.000247597 9.02499e-06 1.15433e-07 3.63118e-10 2.32306e-13 2.69024e-17 5.09888e-22 1.45434e-27
 1.52084e-41 2.11083e-33 3.54136e-26 7.1818e-20 1.76053e-14 5.21678e-10 1.86857e-06 0.000809025 0.0423412 0.267878 0.207867 0.0892031 0.19929 0.101113 0.0678799 0.0204111 0.00300137 0.000199895 5.0521e-06 4.52026e-08 1.0835e-10 5.29991e-14 4.44867e-18 5.86988e-23 1.15274e-28
 1.92632e-41 2.67361e-33 4.48554e-26 9.09658e-20 2.22992e-14 6.60766e-10 2.36676e-06 0.00102472 0.0536299 0.339292 0.261919 0.076302 0.136246 0.0691959 0.0469881 0.0133415 0.00194012 0.00011668 2.41046e-06 1.4938e-08 2.37372e-11 8.12595e-15 4.98641e-19 4.81046e-24 6.75436e-30
 1.62256e-41 2.25201e-33 3.77822e-26 7.66215e-20 1.87829e-14 5.5657e-10 1.99354e-06 0.000863136 0.0451731 0.285806 0.22304 0.107157 0.20538 0.0828759 0.0382315 0.00999124 0.00140168 7.76159e-05 1.4269e-06 7.10577e-09 8.04284e-12 1.82071e-15 7.41354e-20 4.92414e-25 4.90354e-31
 1.33878e-41 1.85813e-33 3.1174e-26 6.32203e-20 1.54977e-14 4.59226e-10 1.64487e-06 0.000712173 0.0372723 0.235835 0.186193 0.120035 0.225497 0.112243 0.0677283 0.0131906 0.00123397 5.78711e-05 9.33954e-07 3.92555e-09 3.52673e-12 5.86689e-16 1.64232e-20 7.24588e-26 4.78967e-32
 1.21766e-41 1.69003e-33 2.83537e-26 5.75008e-20 1.40956e-14 4.1768e-10 1.49606e-06 0.000647743 0.0339003 0.214514 0.170822 0.124221 0.220368 0.129254 0.0854183 0.018854 0.00193497 6.3533e-05 7.1471e-07 2.39371e-09 1.73296e-12 2.25322e-16 4.73834e-21 1.50652e-26 6.92199e-33
 1.63515e-41 2.26947e-33 3.80751e-26 7.72156e-20 1.89285e-14 5.60886e-10 2.009e-06 0.000869828 0.0455234 0.288042 0.226026 0.104506 0.157092 0.0980126 0.0632255 0.0149827 0.00166114 5.67537e-05 5.34287e-07 1.2127e-09 6.2e-13 6.07925e-17 9.74837e-22 2.33395e-27 7.92678e-34
 1.48599e-41 2.06245e-33 3.46019e-26 7.0172e-20 1.72018e-14 5.09722e-10 1.82574e-06 0.000790483 0.0413708 0.261808 0.209428 0.140658 0.202737 0.0888663 0.0433259 0.00990436 0.00107128 3.7226e-05 3.45024e-07 6.83974e-10 2.57309e-13 1.71204e-17 1.90442e-22 3.29053e-28 8.22225e-35
 1.54479e-41 2.14407e-33 3.59712e-26 7.29488e-20 1.78825e-14 5.29892e-10 1.89799e-06 0.000821763 0.0430079 0.272177 0.217657 0.133676 0.178654 0.0991345 0.0469549 0.00729761 0.000598064 1.8862e-05 1.6294e-07 2.97096e-10 9.70574e-14 5.12357e-18 4.12666e-23 4.90032e-29 8.3646e-36
 1.5276e-41 2.1202e-33 3.55708e-26 7.21368e-20 1.76835e-14 5.23994e-10 1.87686e-06 0.000812616 0.0425293 0.269185 0.217678 0.147772 0.182793 0.0920712 0.0400524 0.00664826 0.000448108 9.59205e-06 6.4325e-08 9.95848e-11 2.78502e-14 1.23582e-18 8.0829e-24 7.44683e-30 9.39708e-37
 1.64704e-41 2.28598e-33 3.83521e-26 7.77772e-20 1.90662e-14 5.64965e-10 2.02361e-06 0.000876155 0.0458547 0.290244 0.2344 0.143229 0.162061 0.0850872 0.0332317 0.00472032 0.000287625 5.33368e-06 2.54793e-08 2.7575e-11 5.85902e-15 2.06665e-19 1.08347e-24 7.9497e-31 7.88175e-38
 1.59653e-41 2.21587e-33 3.71759e-26 7.5392e-20 1.84814e-14 5.47639e-10 1.96155e-06 0.000849286 0.0444486 0.281414 0.231148 0.162055 0.170236 0.0790886 0.0270626 0.00351512 0.000179097 2.7252e-06 1.06413e-08 8.59572e-12 1.26179e-15 3.10134e-20 1.1836e-25 6.53288e-32 4.94562e-39
 1.64326e-41 2.28073e-33 3.8264e-26 7.75986e-20 1.90224e-14 5.63668e-10 2.01897e-06 0.000874144 0.0457497 0.289691 0.238916 0.160869 0.158668 0.0786464 0.0239164 0.0025583 0.000108007 1.34118e-06 4.09433e-09 2.55578e-12 2.82962e-16 4.99922e-21 1.32199e-26 5.02848e-33 2.66714e-40
 1.64998e-41 2.29006e-33 3.84205e-26 7.7916e-20 1.91002e-14 5.65974e-10 2.02723e-06 0.000877719 0.045937 0.290958 0.243035 0.170513 0.155562 0.0714654 0.019642 0.00194019 6.69093e-05 6.41045e-07 1.50498e-09 7.11477e-13 5.8755e-17 7.69025e-22 1.49041e-27 4.07582e-34 1.52206e-41
 1.69063e-41 2.34648e-33 3.93671e-26 7.98356e-20 1.95708e-14 5.79918e-10 2.07717e-06 0.000899344 0.047069 0.298203 0.250978 0.17271 0.147175 0.0658701 0.0157407 0.00131535 3.82076e-05 2.96029e-07 5.2385e-10 1.82009e-13 1.1025e-17 1.05461e-22 1.48647e-28 2.94806e-35 7.96497e-43
 1.68239e-41 2.33505e-33 3.91753e-26 7.94467e-20 1.94754e-14 5.77093e-10 2.06705e-06 0.000894962 0.0468402 0.296885 0.253935 0.181899 0.144855 0.0608103 0.0129115 0.000944859 2.23547e-05 1.37116e-07 1.88596e-10 4.91333e-14 2.16086e-18 1.48218e-23 1.49696e-29 2.12979e-36 4.12759e-44
 1.47e-41 2.04026e-33 3.42296e-26 6.9417e-20 1.70168e-14 5.04238e-10 1.8061e-06 0.000781979 0.040928 0.259762 0.234913 0.215001 0.167177 0.0679766 0.0126531 0.000789375 1.53782e-05 7.47043e-08 7.82876e-11 1.52758e-14 4.97252e-19 2.48475e-24 1.80053e-30 1.82096e-37 2.50078e-45
 1.49668e-41 2.0773e-33 3.4851e-26 7.06771e-20 1.73257e-14 5.13391e-10 1.83888e-06 0.000796173 0.0416707 0.264374 0.23473 0.197201 0.167286 0.0786694 0.0144213 0.000836031 1.43487e-05 5.96062e-08 5.23715e-11 8.40946e-15 2.22365e-19 8.98055e-25 5.24817e-31 4.26669e-38 4.68745e-46
#spawning biomass
 14221.6 18832.9 20233.8 22276.2 27850.8 33368.2 38340.7 46358.9 63060 86013.5 105444 120717 164729 198170 187605 163628 152379 147914 139563 134206 142779 143661 153924 166675 187904 200680 194856 196573 205138 177915 85710.5 35222.3 21964.8 19194.7 18664.9 18568.7 18551.8 18548.9 18548.4 18548.3 18548.3 18548.3 18548.3 18548.3 18548.3 18548.3 18548.3 18548.3 18548.3 18548.3 18548.3 18548.3 18548.3 18548.3 18548.3 18548.3 18548.3 18548.3 18548.3 18548.3 18548.3 18548.3 18548.3 18548.3 18548.3 18548.3 18548.3 18548.3 18548.3 18548.3 18548.3 18548.3 18548.3 18548.3 18548.3 18548.3 18548.3 18548.3 18548.3 18548.3 18548.3 18548.3 18548.3 18548.3 18548.3 18548.3 18548.3 18548.3 18548.3 18548.3 18548.3 18548.3 18548.3 18548.3 18548.3 18548.3 18548.3 18548.3 18548.3 18548.3 18548.3 18548.3 18548.3 18548.3 18548.3 18548.3 18548.3 18548.3 18548.3 18548.3 18548.3 18548.3 18548.3 18548.3 18548.3 18548.3 18548.3 18548.3 18548.3 18548.3 18548.3 18548.3 18548.3 18548.3 18548.3 18548.3 18548.3 18548.3 0 0 0 0 0 0 0 0 0 0 0 0 0 0 0 0 0 0 0 0 0 0 0 0 0
