SBPRF35
0.0270618
Curr Bio
46126.2
B35
23524.6
F35
6.22677
FOFL
6.22677
OFL
87943.8
Bzero
7730.63
#pred survey bio
 8651.89 7500.82 8573.86 10792.8 13788.9 15829.2 15347.4 16070.3 26496 37622.8 37239.1 45936.9 70133 79394 67988.3 57913.5 55204 58742.5 58596.3 62743.8 64937.1 64495.5 69493.5 73107 81376.4 83592.8 75238.2 82711.2 2.27216e+06 1.21753e+06 347229 175734 139883 129144 125839 124813 124493 124393 124361 124351 124348 124347 124347 124347 124347 124347 124347 124347 124347 124347 124347 124347 124347 124347 124347 124347 124347 124347 124347 124347 124347 124347 124347 124347 124347 124347 124347 124347 124347 124347 124347 124347 124347 124347 124347 124347 124347 124347 124347 124347 124347 124347 124347 124347 124347 124347 124347 124347 124347 124347 124347 124347 124347 124347 124347 124347 124347 124347 124347 124347 124347 124347 124347 124347 124347 124347 124347 124347 124347 124347 124347 124347 124347 124347 124347 124347 124347 124347 124347 124347 124347 124347 124347 124347 124347 124347 124347 124347 0 0 0 0 0 0 0 0 0 0 0 0 0 0 0 0 0 0 0 0 0 0 0 0 0
#obs survey bio
 6249.06 7363.57 5924.12 9796.7 12796.8 16650.5 13632.8 18044.8 50252.3 33493.2 37679.9 81322.7 73277.8 62409.6 54125.5 65680.4 62225.3 44860.2 71301.8 45630.4 73978 86315.3 57081.3 54147.8 90248.2 85073 76026.9 79608.2
#pred catch bio
 3394.24 3178.05 3475.89 4644.16 6489.16 7871.95 8293.3 7840.92 8928.87 18873.3 22791.4 17075.9 31610.2 49470.2 44935.8 39858.2 30134.4 34802.9 31217.7 34116.1 41369.5 33096.3 38763.6 39819.2 42745.5 52866.4 44123.2 37278.8 87943.8 51313.9 6850.52 4385.61 4381.6 4381.6 4381.6 4381.6 4381.6 4381.6 4381.6 4381.6 4381.6 4381.6 4381.6 4381.6 4381.6 4381.6 4381.6 4381.6 4381.6 4381.6 4381.6 4381.6 4381.6 4381.6 4381.6 4381.6 4381.6 4381.6 4381.6 4381.6 4381.6 4381.6 4381.6 4381.6 4381.6 4381.6 4381.6 4381.6 4381.6 4381.6 4381.6 4381.6 4381.6 4381.6 4381.6 4381.6 4381.6 4381.6 4381.6 4381.6 4381.6 4381.6 4381.6 4381.6 4381.6 4381.6 4381.6 4381.6 4381.6 4381.6 4381.6 4381.6 4381.6 4381.6 4381.6 4381.6 4381.6 4381.6 4381.6 4381.6 4381.6 4381.6 4381.6 4381.6 4381.6 4381.6 4381.6 4381.6 4381.6 4381.6 4381.6 4381.6 4381.6 4381.6 4381.6 4381.6 4381.6 4381.6 4381.6 4381.6 4381.6 4381.6 4381.6 4381.6 4381.6 4381.6 4381.6 4381.6 0 0 0 0 0 0 0 0 0 0 0 0 0 0 0 0 0 0 0 0 0 0 0 0 0
#obs catch bio
 3310.56 3225.13 3473.51 4653.8 6539.37 7875.54 8452.85 8033.53 8719.51 18170.3 23550.3 16732.2 30428.6 49719.5 45979.2 41734.4 29814.1 35065.8 31072.8 33860.1 42240.8 32333.5 38502.9 39881.9 42326.8 53481.9 44322.1 37278.5
#pred cpue bio
 5983.08 4186.59 4452.33 5503.05 6884.2 8312.06 8687.15 8034.75 10910.8 19840.6 20648.6 19744.6 34117.1 43122.8 37056.8 30510.9 26906.7 30958.1 29975 32620.1 33974.2 32086.8 36924.5 37024.5 41034.8 45214.4 39356.4 40059 1.19187e+06 855820 297751 117250 80024.7 69161 65846.2 64819.5 64499.2 64398.9 64367.3 64357.4 64354.3 64353.3 64352.9 64352.8 64352.8 64352.8 64352.8 64352.8 64352.8 64352.8 64352.8 64352.8 64352.8 64352.8 64352.8 64352.8 64352.8 64352.8 64352.8 64352.8 64352.8 64352.8 64352.8 64352.8 64352.8 64352.8 64352.8 64352.8 64352.8 64352.8 64352.8 64352.8 64352.8 64352.8 64352.8 64352.8 64352.8 64352.8 64352.8 64352.8 64352.8 64352.8 64352.8 64352.8 64352.8 64352.8 64352.8 64352.8 64352.8 64352.8 64352.8 64352.8 64352.8 64352.8 64352.8 64352.8 64352.8 64352.8 64352.8 64352.8 64352.8 64352.8 64352.8 64352.8 64352.8 64352.8 64352.8 64352.8 64352.8 64352.8 64352.8 64352.8 64352.8 64352.8 64352.8 64352.8 64352.8 64352.8 64352.8 64352.8 64352.8 64352.8 64352.8 64352.8 64352.8 64352.8 64352.8 64352.8 0 0 0 0 0 0 0 0 0 0 0 0 0 0 0 0 0 0 0 0 0 0 0 0 0
#obs cpue bio
 3343.2 4300.58 6240.87 6023.28 5877.56 7940.4 6030.59 7664.23 13400.4 27059.9 12088.7 22973.3 50797.3 30685.1 23700.7 20291.3 27403.1 33865.7 32248.8 38630.8 28730.4 38555.5 43795.5 40291.9 43817.9 38803.9 37249.6 41808
#pred surv len freq
 2.14211e-27 2.16444e-27 5.70599e-27 1.21161e-21 7.20589e-17 9.85277e-13 3.09723e-09 2.23838e-06 0.000371903 0.0142064 0.124762 0.251899 0.117497 0.027719 0.0933908 0.1315 0.0548283 0.0477463 0.042168 0.0266446 0.0206817 0.0158092 0.0141472 0.01186 0.00476684
 2.14342e-27 2.16871e-27 6.19896e-27 1.37885e-21 8.20054e-17 1.12128e-12 3.52475e-09 2.54735e-06 0.000423238 0.0161674 0.141983 0.286669 0.133703 0.0312172 0.104274 0.146492 0.056197 0.0353633 0.0272172 0.00969519 0.00460241 0.00253442 0.00173295 0.0012446 0.000481639
 2.14406e-27 2.17034e-27 6.36852e-27 1.43634e-21 8.54245e-17 1.16803e-12 3.67171e-09 2.65356e-06 0.000440884 0.0168415 0.147903 0.298621 0.139249 0.0317567 0.103966 0.145945 0.0545914 0.0301882 0.0221476 0.00600326 0.00163443 0.000440983 0.000158324 8.20568e-05 2.85553e-05
 2.14432e-27 2.17096e-27 6.43289e-27 1.45816e-21 8.67225e-17 1.18578e-12 3.7275e-09 2.69387e-06 0.000447583 0.0170974 0.15015 0.303158 0.141345 0.0317309 0.102441 0.143769 0.0534815 0.0286734 0.0208333 0.00535512 0.00124453 0.000228528 3.22656e-05 6.83361e-06 1.73785e-06
 2.14457e-27 2.17157e-27 6.49345e-27 1.47869e-21 8.79435e-17 1.20247e-12 3.77998e-09 2.7318e-06 0.000453885 0.0173381 0.152264 0.307427 0.143321 0.0318067 0.101618 0.142561 0.0524099 0.02621 0.0187645 0.00465038 0.00098933 0.00016579 1.67218e-05 1.29603e-06 1.1847e-07
 2.14308e-27 2.16787e-27 6.0981e-27 1.34456e-21 7.99663e-17 1.0934e-12 3.4371e-09 2.48401e-06 0.000412714 0.0157654 0.138452 0.279542 0.130491 0.0334265 0.11991 0.168307 0.0609828 0.0277553 0.0194363 0.00454554 0.000830514 0.000128468 1.1512e-05 6.64585e-07 2.2902e-08
 2.14159e-27 2.16428e-27 5.72724e-27 1.2188e-21 7.24868e-17 9.91127e-13 3.11562e-09 2.25167e-06 0.000374111 0.0142908 0.125503 0.253397 0.118419 0.0338482 0.130366 0.183206 0.0684634 0.0376234 0.0271418 0.00617648 0.00103041 0.000147403 1.15407e-05 5.8158e-07 1.54848e-08
 2.14505e-27 2.1728e-27 6.63119e-27 1.52545e-21 9.07244e-17 1.24049e-12 3.89951e-09 2.81819e-06 0.000468237 0.0178864 0.157079 0.317147 0.147774 0.0307116 0.0920028 0.129124 0.0492521 0.0300823 0.0221092 0.0052352 0.000974534 0.000140126 1.00773e-05 4.51509e-07 1.04278e-08
 2.14759e-27 2.17894e-27 7.26763e-27 1.74128e-21 1.0356e-16 1.416e-12 4.45123e-09 3.21691e-06 0.000534486 0.020417 0.179303 0.362017 0.168486 0.029854 0.0732434 0.102433 0.0364262 0.0144437 0.00986769 0.00240489 0.000486341 7.37713e-05 5.72729e-06 2.59725e-07 5.53277e-09
 2.14231e-27 2.1659e-27 5.88119e-27 1.27094e-21 7.55876e-17 1.03353e-12 3.2489e-09 2.34799e-06 0.000390115 0.0149021 0.130871 0.264236 0.123471 0.0349331 0.133721 0.187638 0.0659612 0.0237245 0.0157599 0.00363892 0.000643022 9.78939e-05 8.39682e-06 4.16934e-07 9.42965e-09
 2.14263e-27 2.16687e-27 6.00696e-27 1.31371e-21 7.81317e-17 1.06831e-12 3.35825e-09 2.42702e-06 0.000403245 0.0154037 0.135276 0.273128 0.127489 0.0324416 0.115831 0.162804 0.0624214 0.0390588 0.0285782 0.00617949 0.000859875 0.00011418 8.66242e-06 4.21559e-07 1.02921e-08
 2.14711e-27 2.17776e-27 7.14518e-27 1.69975e-21 1.01091e-16 1.38224e-12 4.34508e-09 3.1402e-06 0.00052174 0.0199301 0.175027 0.353384 0.164502 0.0300346 0.0769478 0.107703 0.0389456 0.0174813 0.0121886 0.00279309 0.000471837 6.26673e-05 3.83482e-06 1.49741e-07 3.26985e-09
 2.14437e-27 2.171e-27 6.42278e-27 1.45467e-21 8.65147e-17 1.18293e-12 3.71857e-09 2.68742e-06 0.000446511 0.0170564 0.14979 0.302432 0.141057 0.0329812 0.110292 0.154625 0.0544391 0.0198493 0.0132517 0.0031142 0.000572863 8.31159e-05 6.04607e-06 2.48202e-07 4.59781e-09
 2.14246e-27 2.16638e-27 5.94445e-27 1.29246e-21 7.68676e-17 1.05103e-12 3.30392e-09 2.38775e-06 0.000396721 0.0151545 0.133087 0.26871 0.125488 0.0335611 0.123997 0.174147 0.0641431 0.0324265 0.0230072 0.00503315 0.000736075 0.000101179 7.84914e-06 3.59789e-07 7.53564e-09
 2.1421e-27 2.16548e-27 5.84537e-27 1.25883e-21 7.48677e-17 1.02368e-12 3.21796e-09 2.32563e-06 0.000386399 0.0147602 0.129625 0.261719 0.12228 0.0341908 0.129948 0.182484 0.0663922 0.0310518 0.0217158 0.00470211 0.000655288 8.20588e-05 5.16874e-06 2.10084e-07 4.58848e-09
 2.14297e-27 2.1676e-27 6.06922e-27 1.33476e-21 7.93835e-17 1.08543e-12 3.41206e-09 2.4659e-06 0.000409706 0.0156505 0.137443 0.277505 0.129553 0.0335291 0.121151 0.170065 0.0617383 0.0284521 0.0197914 0.00414582 0.000502003 5.83244e-05 3.44458e-06 1.22512e-07 2.2524e-09
 2.14436e-27 2.17097e-27 6.42055e-27 1.45391e-21 8.64697e-17 1.18232e-12 3.71664e-09 2.68602e-06 0.000446279 0.0170476 0.149712 0.302275 0.140982 0.0329328 0.110045 0.154294 0.054582 0.0207173 0.0138075 0.00281967 0.00030171 3.18602e-05 1.67774e-06 5.23402e-08 8.71002e-10
 2.14273e-27 2.16699e-27 6.00149e-27 1.31177e-21 7.80163e-17 1.06673e-12 3.35329e-09 2.42343e-06 0.00040265 0.0153809 0.135076 0.272726 0.127362 0.0340303 0.125651 0.176359 0.0632925 0.0269039 0.0184226 0.00386522 0.000470003 5.25968e-05 2.65502e-06 7.57035e-08 1.12907e-09
 2.14389e-27 2.16987e-27 6.31211e-27 1.41717e-21 8.42844e-17 1.15244e-12 3.62271e-09 2.61814e-06 0.000435 0.0166167 0.145929 0.294636 0.137435 0.0325179 0.109814 0.154114 0.0564935 0.027729 0.0195302 0.00414893 0.000532561 6.23382e-05 3.39798e-06 1.04289e-07 1.5233e-09
 2.1433e-27 2.16841e-27 6.15525e-27 1.36394e-21 8.1119e-17 1.10916e-12 3.48665e-09 2.51981e-06 0.000418663 0.0159927 0.140448 0.283571 0.132348 0.0332698 0.117739 0.165243 0.0598492 0.0271612 0.0189439 0.00425031 0.00067091 8.62554e-05 4.97736e-06 1.64451e-07 2.58401e-09
 2.14335e-27 2.16856e-27 6.17411e-27 1.37036e-21 8.15004e-17 1.11437e-12 3.50305e-09 2.53166e-06 0.000420632 0.0160678 0.141109 0.284905 0.132952 0.0329462 0.115362 0.161941 0.0593506 0.0290994 0.0205507 0.00452575 0.000673673 8.87185e-05 5.91226e-06 2.24736e-07 3.80804e-09
 2.14401e-27 2.17011e-27 6.33069e-27 1.42344e-21 8.46572e-17 1.15754e-12 3.63873e-09 2.62972e-06 0.000436924 0.0166902 0.146574 0.29594 0.13806 0.0331095 0.113033 0.15853 0.0563995 0.0224249 0.015145 0.00319887 0.000403995 4.85389e-05 3.02078e-06 1.14799e-07 2.16525e-09
 2.14285e-27 2.16732e-27 6.0409e-27 1.32516e-21 7.88126e-17 1.07762e-12 3.38752e-09 2.44817e-06 0.000406759 0.0155379 0.136455 0.275509 0.128629 0.0334989 0.121568 0.170674 0.0622424 0.029566 0.0207323 0.004481 0.000618231 7.54408e-05 4.33382e-06 1.49251e-07 2.66765e-09
 2.14423e-27 2.17073e-27 6.40433e-27 1.44846e-21 8.61454e-17 1.17788e-12 3.7027e-09 2.67595e-06 0.000444605 0.0169836 0.149151 0.301141 0.140426 0.0320925 0.105257 0.147705 0.0544369 0.0276234 0.0196336 0.00435212 0.000659672 8.47728e-05 5.13088e-06 1.80086e-07 3.02395e-09
 2.14383e-27 2.1697e-27 6.28878e-27 1.40923e-21 8.38123e-17 1.14598e-12 3.60241e-09 2.60347e-06 0.000432563 0.0165236 0.145111 0.292986 0.136693 0.0330866 0.113783 0.159615 0.0571553 0.0239011 0.0163934 0.00366206 0.000573178 7.59628e-05 4.9141e-06 1.85351e-07 3.26009e-09
 2.14236e-27 2.16611e-27 5.9136e-27 1.28198e-21 7.62443e-17 1.0425e-12 3.27713e-09 2.36839e-06 0.000393504 0.0150316 0.132008 0.266531 0.124494 0.0339191 0.126839 0.178107 0.0649233 0.030747 0.0215586 0.00468707 0.000665542 8.59518e-05 5.74045e-06 2.27614e-07 4.26402e-09
 2.14322e-27 2.16822e-27 6.13611e-27 1.35746e-21 8.07332e-17 1.10388e-12 3.47007e-09 2.50783e-06 0.000416672 0.0159166 0.13978 0.282223 0.131723 0.0332321 0.117916 0.165515 0.0602712 0.0283503 0.0198196 0.00421731 0.00054729 6.60677e-05 4.01254e-06 1.49296e-07 2.84048e-09
 2.14493e-27 2.1724e-27 6.57767e-27 1.50724e-21 8.96413e-17 1.22568e-12 3.85295e-09 2.78454e-06 0.000462647 0.0176728 0.155204 0.313361 0.146068 0.0318881 0.100326 0.140682 0.0509731 0.0231899 0.0161331 0.0034903 0.000483763 5.91806e-05 3.40229e-06 1.16183e-07 2.03241e-09
#obs surv len freq
 8.6978e-40 4.25697e-33 4.79001e-27 1.23913e-21 7.36957e-17 1.00766e-12 3.16757e-09 2.28921e-06 0.000380356 0.0145291 0.127595 0.257621 0.120311 0.0322239 0.119175 0.167584 0.0648685 0.0425563 0.0332494 0.0125187 0.00533689 0.00163264 0.00036325 4.94094e-05 3.43678e-06
 1.03833e-39 5.08192e-33 5.71825e-27 1.47926e-21 8.7977e-17 1.20293e-12 3.78141e-09 2.73283e-06 0.000454064 0.0173447 0.152321 0.307542 0.143331 0.0306264 0.0943768 0.132506 0.0508392 0.0320235 0.0247476 0.008935 0.00362621 0.00106328 0.000228606 3.03527e-05 2.04851e-06
 9.69573e-40 4.74539e-33 5.33959e-27 1.3813e-21 8.21511e-17 1.12327e-12 3.531e-09 2.55186e-06 0.000423996 0.0161961 0.142234 0.287178 0.133998 0.0328203 0.113908 0.159841 0.0578564 0.0262183 0.0191484 0.00668596 0.00259801 0.000724422 0.000147045 1.86862e-05 1.22275e-06
 1.05028e-39 5.14041e-33 5.78407e-27 1.49629e-21 8.89897e-17 1.21677e-12 3.82494e-09 2.76429e-06 0.000459291 0.0175443 0.154074 0.311082 0.144995 0.0313573 0.0977721 0.137171 0.0508898 0.0268895 0.0197265 0.00572203 0.00175834 0.000457408 8.74673e-05 1.04548e-05 6.50148e-07
 9.86904e-40 4.83021e-33 5.43503e-27 1.40599e-21 8.36196e-17 1.14335e-12 3.59412e-09 2.59748e-06 0.000431575 0.0164856 0.144777 0.292311 0.136373 0.0328679 0.112651 0.158036 0.0567788 0.0243848 0.0173659 0.00537108 0.00172316 0.000375826 5.81836e-05 6.32307e-06 3.68555e-07
 8.15849e-40 3.99302e-33 4.49301e-27 1.1623e-21 6.91262e-17 9.45176e-13 2.97117e-09 2.14727e-06 0.000356772 0.0136282 0.119683 0.241649 0.113025 0.0348358 0.139934 0.196594 0.0717917 0.0344472 0.0247568 0.00688189 0.0019182 0.000426786 6.33007e-05 5.69054e-06 2.83478e-07
 7.91663e-40 3.87464e-33 4.35981e-27 1.12784e-21 6.70769e-17 9.17156e-13 2.88309e-09 2.08361e-06 0.000346195 0.0132242 0.116135 0.234485 0.109666 0.0335943 0.134514 0.189227 0.0728938 0.0466962 0.035245 0.0102696 0.00300181 0.000610527 8.15581e-05 7.03888e-06 3.11278e-07
 1.32843e-39 6.50176e-33 7.31589e-27 1.89255e-21 1.12557e-16 1.53902e-12 4.83791e-09 3.49637e-06 0.000580926 0.0221906 0.194878 0.393463 0.182935 0.0274488 0.0490827 0.0685085 0.0261996 0.0162448 0.0124243 0.00419019 0.00148256 0.000320905 4.30176e-05 3.40567e-06 1.38597e-07
 1.104e-39 5.40332e-33 6.0799e-27 1.57281e-21 9.3541e-17 1.279e-12 4.02056e-09 2.90567e-06 0.000482781 0.0184416 0.161954 0.326992 0.152399 0.0326622 0.100943 0.141273 0.0473443 0.00962366 0.00533607 0.00174184 0.000621826 0.000154588 2.44315e-05 2.04308e-06 8.04212e-08
 6.39898e-40 3.13186e-33 3.52402e-27 9.1163e-22 5.42181e-17 7.41334e-13 2.33039e-09 1.68418e-06 0.000279828 0.0106891 0.0938716 0.189537 0.0890788 0.038729 0.179407 0.252024 0.0885503 0.0316946 0.0208899 0.00446111 0.000636669 0.000126398 2.09571e-05 2.01697e-06 8.85119e-08
 1.23149e-39 6.02729e-33 6.782e-27 1.75444e-21 1.04343e-16 1.4267e-12 4.48485e-09 3.24121e-06 0.000538532 0.0205712 0.180657 0.36475 0.169677 0.0278862 0.0604077 0.0846688 0.0346323 0.0280615 0.0214261 0.00538607 0.00115159 0.000168988 1.32612e-05 9.84046e-07 4.61137e-08
 1.18078e-39 5.77912e-33 6.50276e-27 1.6822e-21 1.00047e-16 1.36796e-12 4.30019e-09 3.10776e-06 0.000516358 0.0197242 0.173218 0.349733 0.16286 0.031257 0.0855101 0.119567 0.0403144 0.0090264 0.00536037 0.00199745 0.000756578 0.000140691 1.3368e-05 6.90994e-07 1.90653e-08
 8.79374e-40 4.30393e-33 4.84285e-27 1.2528e-21 7.45086e-17 1.01877e-12 3.20252e-09 2.31446e-06 0.000384552 0.0146894 0.129002 0.260464 0.121756 0.0357062 0.139577 0.195788 0.0674151 0.0197245 0.0122797 0.00267322 0.000426456 9.59198e-05 1.49272e-05 1.01243e-06 2.77814e-08
 9.24759e-40 4.52606e-33 5.09279e-27 1.31746e-21 7.83541e-17 1.07135e-12 3.3678e-09 2.43392e-06 0.000404399 0.0154475 0.13566 0.273905 0.127879 0.0332737 0.120677 0.169466 0.0624715 0.0317532 0.0226735 0.00529049 0.000946907 0.000136236 1.1885e-05 9.27213e-07 3.6163e-08
 7.42437e-40 3.63371e-33 4.08871e-27 1.05771e-21 6.29061e-17 8.60127e-13 2.70382e-09 1.95405e-06 0.000324669 0.0124019 0.108914 0.219906 0.103026 0.0362643 0.155208 0.218057 0.0784761 0.0341017 0.0241431 0.00692067 0.00190987 0.000316581 2.63037e-05 1.33046e-06 3.91963e-08
 1.1247e-39 5.50463e-33 6.1939e-27 1.6023e-21 9.5295e-17 1.30299e-12 4.09595e-09 2.96015e-06 0.000491834 0.0187874 0.164991 0.333123 0.15513 0.0299001 0.0822341 0.115345 0.0442296 0.0277251 0.0206947 0.00557731 0.00144417 0.000288358 3.40796e-05 1.99112e-06 4.97292e-08
 8.73198e-40 4.2737e-33 4.80883e-27 1.244e-21 7.39853e-17 1.01162e-12 3.18002e-09 2.29821e-06 0.000381851 0.0145862 0.128096 0.258634 0.12091 0.0356883 0.140019 0.196407 0.0675425 0.0195221 0.0125798 0.00401644 0.00131926 0.000261432 3.13459e-05 2.25401e-06 7.22682e-08
 9.56748e-40 4.68262e-33 5.26896e-27 1.36303e-21 8.10644e-17 1.10841e-12 3.4843e-09 2.51811e-06 0.000418387 0.0159819 0.140353 0.283379 0.132242 0.0328052 0.114961 0.161409 0.0596073 0.0306209 0.0218971 0.00510858 0.00097918 0.000204163 2.92166e-05 2.19918e-06 7.72418e-08
 1.01241e-39 4.95505e-33 5.5755e-27 1.44233e-21 8.57806e-17 1.1729e-12 3.68701e-09 2.66461e-06 0.000442728 0.0169117 0.148518 0.299865 0.139858 0.032665 0.109136 0.153059 0.0547418 0.022718 0.0159459 0.00460748 0.00128756 0.000217412 2.12279e-05 1.60579e-06 6.29516e-08
 8.64436e-40 4.23081e-33 4.76058e-27 1.23152e-21 7.32429e-17 1.00146e-12 3.14811e-09 2.27515e-06 0.000378019 0.0144398 0.126811 0.256039 0.119686 0.0350462 0.136881 0.192135 0.0680955 0.026285 0.0179825 0.00475412 0.00119497 0.000239222 2.88106e-05 1.81149e-06 5.76685e-08
 1.1116e-39 5.44052e-33 6.12176e-27 1.58364e-21 9.41851e-17 1.28781e-12 4.04824e-09 2.92567e-06 0.000486105 0.0185686 0.163069 0.329243 0.153366 0.0306775 0.0881486 0.123582 0.0457817 0.0239712 0.0173571 0.0044773 0.0010513 0.000193729 2.27124e-05 1.64406e-06 5.50174e-08
 8.86665e-40 4.33961e-33 4.883e-27 1.26319e-21 7.51264e-17 1.02722e-12 3.22907e-09 2.33365e-06 0.00038774 0.0148112 0.130072 0.262623 0.12274 0.0353191 0.136562 0.191572 0.0663461 0.0206946 0.0135251 0.00395649 0.00114978 0.000213738 2.32653e-05 1.5824e-06 5.46585e-08
 1.00445e-39 4.91609e-33 5.53166e-27 1.43099e-21 8.51062e-17 1.16367e-12 3.65802e-09 2.64366e-06 0.000439247 0.0167787 0.14735 0.297507 0.138753 0.0322611 0.107381 0.150694 0.0554118 0.027742 0.0197949 0.00472646 0.000948133 0.000184058 2.34533e-05 1.61524e-06 5.26085e-08
 1.03334e-39 5.0575e-33 5.69078e-27 1.47215e-21 8.75544e-17 1.19715e-12 3.76324e-09 2.71971e-06 0.000451883 0.0172613 0.151589 0.306065 0.142721 0.0325707 0.106692 0.149578 0.0530207 0.0205029 0.0141539 0.00405422 0.00112364 0.000193166 1.90258e-05 1.32906e-06 4.71212e-08
 8.74233e-40 4.27876e-33 4.81453e-27 1.24547e-21 7.4073e-17 1.01281e-12 3.18379e-09 2.30093e-06 0.000382303 0.0146035 0.128248 0.258941 0.121027 0.0350496 0.136028 0.190908 0.067345 0.0249876 0.0168871 0.00433572 0.00102762 0.000201995 2.42683e-05 1.53837e-06 4.75954e-08
 9.2622e-40 4.53321e-33 5.10084e-27 1.31954e-21 7.84779e-17 1.07304e-12 3.37312e-09 2.43776e-06 0.000405037 0.0154719 0.135874 0.274338 0.128078 0.0332356 0.120314 0.168948 0.0621961 0.0313691 0.0225333 0.00570155 0.00127925 0.000226694 2.52374e-05 1.78766e-06 5.97154e-08
 9.68822e-40 4.74171e-33 5.33545e-27 1.38023e-21 8.20874e-17 1.1224e-12 3.52827e-09 2.54989e-06 0.000423667 0.0161835 0.142124 0.286955 0.133903 0.0330288 0.115248 0.161722 0.0584428 0.0261537 0.0186307 0.00536465 0.00151292 0.000274292 2.84956e-05 1.84379e-06 6.11902e-08
 1.1294e-39 5.52764e-33 6.21979e-27 1.609e-21 9.56933e-17 1.30843e-12 4.11307e-09 2.97253e-06 0.000493889 0.0188659 0.165681 0.334515 0.155817 0.0310563 0.0888722 0.124484 0.0444856 0.0183412 0.012772 0.0034798 0.000922164 0.000186661 2.31135e-05 1.53547e-06 4.76909e-08
#pred catch len freq
 2.13479e-27 2.14583e-27 3.73151e-27 5.41941e-22 3.22312e-17 4.40704e-13 1.38536e-09 1.0012e-06 0.000166348 0.0063544 0.0558047 0.112677 0.0531399 0.0279327 0.136651 0.193176 0.0854446 0.0877302 0.0779147 0.0475549 0.0360481 0.027099 0.0240703 0.0201415 0.00809305
 2.13589e-27 2.15027e-27 4.26537e-27 7.23046e-22 4.30022e-17 5.87979e-13 1.84832e-09 1.33579e-06 0.000221939 0.00847791 0.0744535 0.150331 0.0708189 0.0351604 0.169438 0.238766 0.0944489 0.0678155 0.0528371 0.0182736 0.00835622 0.00451026 0.00305479 0.00218856 0.000846617
 2.13649e-27 2.15186e-27 4.42839e-27 7.78287e-22 4.62877e-17 6.32901e-13 1.98953e-09 1.43784e-06 0.000238895 0.00912564 0.0801418 0.161816 0.0761824 0.0365925 0.174721 0.246014 0.094519 0.0597776 0.0446013 0.0118556 0.0031029 0.000819837 0.000289656 0.000149471 5.19827e-05
 2.13692e-27 2.15288e-27 4.53239e-27 8.13541e-22 4.83843e-17 6.61569e-13 2.07965e-09 1.50297e-06 0.000249716 0.00953899 0.0837719 0.169145 0.0795764 0.0367418 0.173424 0.244111 0.0928629 0.0560007 0.0413236 0.0104311 0.00232792 0.00042018 5.83052e-05 1.22303e-05 3.10443e-06
 2.13747e-27 2.15417e-27 4.66048e-27 8.5695e-22 5.09661e-17 6.9687e-13 2.19062e-09 1.58317e-06 0.000263041 0.010048 0.0882419 0.17817 0.0837598 0.0370372 0.172507 0.242693 0.0906476 0.0496929 0.0360478 0.00877717 0.00178737 0.000294308 2.92313e-05 2.24328e-06 2.0403e-07
 2.13611e-27 2.15079e-27 4.29557e-27 7.33134e-22 4.36023e-17 5.96183e-13 1.87411e-09 1.35442e-06 0.000225036 0.0085962 0.0754923 0.152429 0.0719261 0.0388126 0.191103 0.268823 0.0987648 0.0491759 0.0349532 0.00805516 0.00140773 0.000213619 1.88546e-05 1.07826e-06 3.69788e-08
 2.13488e-27 2.14787e-27 4.00127e-27 6.3337e-22 3.76689e-17 5.15055e-13 1.61908e-09 1.17011e-06 0.000194413 0.00742643 0.0652193 0.131688 0.0623255 0.0384999 0.195447 0.275194 0.104434 0.0621869 0.0453366 0.010178 0.00162293 0.000227579 1.75536e-05 8.75439e-07 2.31988e-08
 2.13804e-27 2.15566e-27 4.83042e-27 9.14659e-22 5.43982e-17 7.43799e-13 2.33814e-09 1.68978e-06 0.000280755 0.0107246 0.0941843 0.190167 0.0892429 0.0353506 0.158595 0.22329 0.0866291 0.0572096 0.0424132 0.00988501 0.00175913 0.0002486 1.76267e-05 7.81228e-07 1.7953e-08
 2.14058e-27 2.16172e-27 5.44745e-27 1.12385e-21 6.68397e-17 9.13913e-13 2.8729e-09 2.07625e-06 0.000344966 0.0131775 0.115725 0.233657 0.109357 0.0355511 0.14671 0.206106 0.0746558 0.0339108 0.023795 0.00571538 0.00111225 0.000166219 1.27287e-05 5.71814e-07 1.2126e-08
 2.1355e-27 2.14918e-27 4.11073e-27 6.70362e-22 3.98689e-17 5.45137e-13 1.71364e-09 1.23846e-06 0.000205768 0.00786018 0.0690285 0.13938 0.0659658 0.0407513 0.206871 0.290815 0.103332 0.0406864 0.027586 0.00628199 0.001062 0.000158556 1.34023e-05 6.5962e-07 1.48556e-08
 2.1362e-27 2.15114e-27 4.35157e-27 7.52223e-22 4.47375e-17 6.11706e-13 1.92291e-09 1.38969e-06 0.000230895 0.00882003 0.0774579 0.156397 0.073689 0.0369041 0.178257 0.251043 0.096974 0.0627878 0.046099 0.00985129 0.00130553 0.000168987 1.26215e-05 6.07671e-07 1.47675e-08
 2.14006e-27 2.16048e-27 5.32115e-27 1.08103e-21 6.4293e-17 8.79092e-13 2.76344e-09 1.99714e-06 0.000331823 0.0126754 0.111316 0.224755 0.105239 0.0354933 0.149041 0.209489 0.0771942 0.039133 0.0278585 0.00630574 0.00102329 0.000133735 8.07962e-06 3.11605e-07 6.76623e-09
 2.13727e-27 2.15354e-27 4.57444e-27 8.27673e-22 4.92248e-17 6.73062e-13 2.11578e-09 1.52908e-06 0.000254054 0.0097047 0.0852272 0.172084 0.081021 0.0390337 0.186529 0.262157 0.0934283 0.0376736 0.0257177 0.00595771 0.00105019 0.000149799 1.07484e-05 4.36983e-07 8.05739e-09
 2.13617e-27 2.15094e-27 4.31423e-27 7.39475e-22 4.39793e-17 6.01339e-13 1.89032e-09 1.36614e-06 0.000226982 0.00867055 0.0761452 0.153747 0.072525 0.0385321 0.188994 0.2659 0.0984201 0.0512224 0.0364803 0.00787973 0.00109639 0.000147001 1.12304e-05 5.09724e-07 1.06287e-08
 2.13606e-27 2.15064e-27 4.27522e-27 7.26209e-22 4.31904e-17 5.90552e-13 1.85641e-09 1.34163e-06 0.00022291 0.00851501 0.0747793 0.15099 0.0712766 0.0392384 0.194136 0.273045 0.0995319 0.0471392 0.0330089 0.00705893 0.0009354 0.000114275 7.09425e-06 2.8472e-07 6.18488e-09
 2.13711e-27 2.15318e-27 4.54214e-27 8.16742e-22 4.85747e-17 6.64173e-13 2.08784e-09 1.50889e-06 0.000250699 0.00957653 0.0841016 0.169811 0.0799537 0.0385892 0.184501 0.259414 0.0940526 0.0429625 0.0298109 0.00617891 0.000711502 8.02926e-05 4.67426e-06 1.64161e-07 3.00062e-09
 2.13778e-27 2.15478e-27 4.70453e-27 8.71795e-22 5.18489e-17 7.08942e-13 2.22857e-09 1.61059e-06 0.000267597 0.010222 0.0897705 0.181256 0.0852498 0.0387164 0.181827 0.255519 0.0909435 0.0362732 0.0244373 0.00495279 0.000507674 5.20763e-05 2.70644e-06 8.33078e-08 1.37764e-09
 2.13631e-27 2.15121e-27 4.33193e-27 7.45426e-22 4.43333e-17 6.06179e-13 1.90553e-09 1.37713e-06 0.000228809 0.00874033 0.076758 0.154985 0.0731314 0.0394459 0.194199 0.273062 0.0985659 0.0436748 0.0301346 0.00626211 0.000727296 7.934e-05 3.95725e-06 1.11318e-07 1.64942e-09
 2.1371e-27 2.15324e-27 4.55713e-27 8.21872e-22 4.88798e-17 6.68344e-13 2.10095e-09 1.51836e-06 0.000252274 0.00963668 0.0846298 0.170877 0.0804157 0.0377653 0.17915 0.252012 0.093364 0.0488413 0.0347414 0.00730776 0.000897045 0.000102549 5.52021e-06 1.67329e-07 2.43037e-09
 2.13659e-27 2.15193e-27 4.41426e-27 7.73383e-22 4.5996e-17 6.28913e-13 1.977e-09 1.42878e-06 0.00023739 0.00906813 0.0796368 0.160797 0.0757884 0.0386479 0.187576 0.263812 0.0964631 0.0466094 0.0328476 0.00727248 0.00109598 0.000138204 7.8753e-06 2.57064e-07 4.01741e-09
 2.13717e-27 2.15339e-27 4.56983e-27 8.26164e-22 4.91351e-17 6.71835e-13 2.11192e-09 1.52629e-06 0.000253591 0.00968701 0.0850718 0.17177 0.0808372 0.0380026 0.180329 0.253618 0.0931531 0.0462902 0.0327308 0.00711087 0.00100586 0.000129359 8.49753e-06 3.19529e-07 5.38843e-09
 2.13719e-27 2.15337e-27 4.5584e-27 8.22242e-22 4.89018e-17 6.68646e-13 2.1019e-09 1.51905e-06 0.000252387 0.00964102 0.084668 0.170955 0.0804931 0.0388753 0.185903 0.261325 0.0938422 0.0400648 0.0274534 0.00574498 0.000694408 8.14016e-05 4.99525e-06 1.87595e-07 3.51983e-09
 2.1362e-27 2.15101e-27 4.3186e-27 7.40945e-22 4.40668e-17 6.02534e-13 1.89407e-09 1.36885e-06 0.000227433 0.00868778 0.0762966 0.154053 0.0726735 0.038726 0.190085 0.267401 0.0984496 0.0496357 0.0351372 0.0075107 0.000989776 0.000118103 6.69666e-06 2.27723e-07 4.04666e-09
 2.13754e-27 2.15432e-27 4.67302e-27 8.61192e-22 5.12184e-17 7.0032e-13 2.20146e-09 1.591e-06 0.000264343 0.0100977 0.0886788 0.179052 0.084175 0.0372345 0.173446 0.243989 0.0907617 0.0486129 0.0348185 0.00761966 0.00110178 0.000138653 8.28147e-06 2.87263e-07 4.79798e-09
 2.13706e-27 2.15306e-27 4.52902e-27 8.12288e-22 4.83098e-17 6.60551e-13 2.07645e-09 1.50066e-06 0.000249332 0.00952431 0.083643 0.168885 0.0795299 0.0387044 0.185483 0.260778 0.0942488 0.0421383 0.0292632 0.00645332 0.000964579 0.000125269 7.99376e-06 2.98173e-07 5.21848e-09
 2.13614e-27 2.15085e-27 4.29958e-27 7.34483e-22 4.36824e-17 5.97279e-13 1.87756e-09 1.35691e-06 0.000225449 0.00861201 0.0756311 0.15271 0.0720631 0.0390104 0.192227 0.270378 0.0989408 0.0480355 0.0337963 0.00725701 0.000980574 0.000123581 8.13422e-06 3.18947e-07 5.94544e-09
 2.13674e-27 2.15231e-27 4.4544e-27 7.87001e-22 4.68059e-17 6.39988e-13 2.01181e-09 1.45394e-06 0.00024157 0.00922781 0.0810391 0.163628 0.0770908 0.0384744 0.185664 0.261129 0.0956984 0.0468948 0.0329963 0.00694737 0.00086011 0.000101248 6.06351e-06 2.22842e-07 4.21652e-09
 2.1378e-27 2.15492e-27 4.73229e-27 8.81276e-22 5.24128e-17 7.16652e-13 2.2528e-09 1.62811e-06 0.000270508 0.0103332 0.0907468 0.183227 0.086113 0.0374394 0.173438 0.243906 0.089738 0.0450569 0.0318788 0.00682809 0.000907525 0.000108763 6.17408e-06 2.08253e-07 3.62226e-09
#obs catch len freq
 4.08722e-40 2.00041e-33 2.25089e-27 5.82285e-22 3.46306e-17 4.73511e-13 1.48849e-09 1.07573e-06 0.000178735 0.00682743 0.0599585 0.121066 0.0573142 0.0358135 0.182244 0.256952 0.102701 0.0768611 0.061329 0.0240185 0.0105967 0.00328128 0.000744362 0.000104434 7.53768e-06
 4.23943e-40 2.0749e-33 2.33472e-27 6.03969e-22 3.59203e-17 4.91145e-13 1.54392e-09 1.11579e-06 0.000185391 0.00708169 0.0621914 0.125575 0.0594168 0.036304 0.18388 0.25916 0.102194 0.0725233 0.0572056 0.0215642 0.00919594 0.0028082 0.000623503 8.46675e-05 5.88185e-06
 5.75595e-40 2.81714e-33 3.16989e-27 8.20021e-22 4.87697e-17 6.66838e-13 2.09621e-09 1.51494e-06 0.000251709 0.00961495 0.0844385 0.170491 0.0801414 0.0352112 0.163672 0.230517 0.0899705 0.0611651 0.0477265 0.0172471 0.00700049 0.00204897 0.000439571 5.82643e-05 3.92731e-06
 5.2009e-40 2.54548e-33 2.86421e-27 7.40945e-22 4.40668e-17 6.02534e-13 1.89407e-09 1.36885e-06 0.000227436 0.00868776 0.0762959 0.154052 0.0726602 0.0383773 0.187954 0.264362 0.0967532 0.0471624 0.0349096 0.0121966 0.00473821 0.00131871 0.000267063 3.38779e-05 2.21394e-06
 6.02696e-40 2.94978e-33 3.31914e-27 8.5863e-22 5.1066e-17 6.98235e-13 2.19491e-09 1.58626e-06 0.00026356 0.0100677 0.0884142 0.178518 0.0839048 0.0366067 0.169773 0.238875 0.0897402 0.050814 0.0376752 0.0109306 0.003357 0.000871582 0.000166275 1.98385e-05 1.232e-06
 5.49485e-40 2.68935e-33 3.0261e-27 7.82823e-22 4.65574e-17 6.36589e-13 2.00112e-09 1.44621e-06 0.000240291 0.00917879 0.0806082 0.162759 0.0766917 0.0385464 0.186363 0.262048 0.0950171 0.043533 0.031397 0.00970994 0.00311256 0.000677678 0.000104631 1.13477e-05 6.60487e-07
 4.08284e-40 1.99827e-33 2.24848e-27 5.81662e-22 3.45936e-17 4.73005e-13 1.4869e-09 1.07458e-06 0.000178543 0.00682013 0.0598944 0.120938 0.0574056 0.0398312 0.206811 0.291024 0.107368 0.0548865 0.039877 0.011083 0.00308575 0.000685289 0.0001014 9.09813e-06 4.5249e-07
 3.9282e-40 1.92258e-33 2.16332e-27 5.59631e-22 3.32834e-17 4.5509e-13 1.43058e-09 1.03388e-06 0.000171781 0.00656181 0.0576259 0.116357 0.055205 0.0376233 0.194713 0.274387 0.107145 0.0728661 0.055402 0.0161348 0.00471016 0.000956329 0.000127416 1.09753e-05 4.84639e-07
 9.7775e-40 4.78541e-33 5.38462e-27 1.39295e-21 8.28439e-17 1.13274e-12 3.56078e-09 2.57338e-06 0.000427571 0.0163327 0.143434 0.289599 0.135057 0.0312109 0.103353 0.145224 0.0562297 0.0369031 0.0284273 0.00957843 0.00338385 0.000731119 9.77629e-05 7.72522e-06 3.13894e-07
 6.94455e-40 3.39888e-33 3.82447e-27 9.89355e-22 5.88406e-17 8.0454e-13 2.52908e-09 1.82777e-06 0.000303686 0.0116004 0.101875 0.205696 0.096571 0.039308 0.17807 0.249863 0.0839607 0.0178218 0.0101132 0.0032986 0.00117498 0.000291442 4.59503e-05 3.83607e-06 1.50779e-07
 3.03979e-40 1.48777e-33 1.67406e-27 4.33064e-22 2.57559e-17 3.52166e-13 1.10704e-09 8.00057e-07 0.000132931 0.00507778 0.0445931 0.0900464 0.0432598 0.0434583 0.238264 0.335024 0.118394 0.0445551 0.0297308 0.00634776 0.000903488 0.000178813 2.95673e-05 2.84059e-06 1.24497e-07
 8.53287e-40 4.17625e-33 4.69918e-27 1.21563e-21 7.22983e-17 9.88549e-13 3.10751e-09 2.24581e-06 0.000373144 0.0142536 0.125175 0.252736 0.118017 0.0312806 0.114891 0.161849 0.0671301 0.0569472 0.0436691 0.0109661 0.0023386 0.000342695 2.68095e-05 1.98299e-06 9.27785e-08
 7.91243e-40 3.87259e-33 4.3575e-27 1.12724e-21 6.70414e-17 9.1667e-13 2.88156e-09 2.08251e-06 0.000346012 0.0132172 0.116074 0.234362 0.109754 0.0374539 0.158112 0.221802 0.0750026 0.0175203 0.0106093 0.00394779 0.00149241 0.000277114 2.62666e-05 1.35518e-06 3.73121e-08
 4.8599e-40 2.37858e-33 2.67642e-27 6.92365e-22 4.11776e-17 5.63029e-13 1.76988e-09 1.2791e-06 0.000212524 0.00811815 0.0712936 0.143954 0.0681152 0.0416752 0.211131 0.296613 0.102548 0.0313616 0.0198027 0.0043094 0.000685123 0.000153594 2.38522e-05 1.61564e-06 4.42752e-08
 5.25403e-40 2.57148e-33 2.89347e-27 7.48514e-22 4.4517e-17 6.08689e-13 1.91342e-09 1.38283e-06 0.000229759 0.00877651 0.0770754 0.155626 0.0733827 0.0382426 0.186659 0.262633 0.0975805 0.0519302 0.0373554 0.00870914 0.00155421 0.00022321 1.9407e-05 1.50979e-06 5.88165e-08
 3.77971e-40 1.84991e-33 2.08155e-27 5.38476e-22 3.20252e-17 4.37887e-13 1.3765e-09 9.948e-07 0.000165287 0.00631377 0.0554475 0.111961 0.0532991 0.0410055 0.216685 0.304811 0.110437 0.050306 0.0359386 0.0102881 0.00283196 0.000468738 3.88476e-05 1.96049e-06 5.76347e-08
 7.24425e-40 3.54556e-33 3.98952e-27 1.03205e-21 6.13799e-17 8.3926e-13 2.63822e-09 1.90665e-06 0.000316792 0.0121011 0.106272 0.214571 0.100486 0.0342901 0.144765 0.20374 0.0789281 0.0518314 0.0389135 0.0104738 0.00270415 0.000538763 6.3519e-05 3.70543e-06 9.24088e-08
 4.80279e-40 2.35063e-33 2.64497e-27 6.84228e-22 4.06936e-17 5.56412e-13 1.74909e-09 1.26407e-06 0.000210027 0.00802275 0.0704558 0.142262 0.0673296 0.0415809 0.211065 0.296513 0.102378 0.0309333 0.0202195 0.00644617 0.00211209 0.000417741 4.99466e-05 3.58467e-06 1.14787e-07
 5.51872e-40 2.70103e-33 3.03924e-27 7.86224e-22 4.67597e-17 6.39354e-13 2.00982e-09 1.4525e-06 0.000241335 0.00921867 0.0809583 0.163465 0.076991 0.0378138 0.181679 0.255618 0.0951752 0.0512584 0.0369309 0.00860922 0.00164486 0.000342005 4.88199e-05 3.66838e-06 1.28654e-07
 6.04368e-40 2.95796e-33 3.32835e-27 8.61012e-22 5.12076e-17 7.00171e-13 2.20099e-09 1.59066e-06 0.000264291 0.0100956 0.0886593 0.179013 0.0841921 0.0381591 0.1791 0.251753 0.0906233 0.0394464 0.0279569 0.00806752 0.00224893 0.000379155 3.6905e-05 2.78466e-06 1.09014e-07
 4.6821e-40 2.29157e-33 2.57851e-27 6.67035e-22 3.96711e-17 5.4243e-13 1.70513e-09 1.2323e-06 0.000204749 0.00782115 0.0686854 0.138687 0.0656368 0.0405119 0.205617 0.289076 0.103083 0.0417911 0.028905 0.00763456 0.0019139 0.000382328 4.59345e-05 2.88314e-06 9.16161e-08
 7.06721e-40 3.45891e-33 3.89202e-27 1.00683e-21 5.98798e-17 8.18748e-13 2.57374e-09 1.86005e-06 0.00030905 0.0118053 0.103674 0.209327 0.0981122 0.0356352 0.154556 0.217357 0.0812217 0.0446545 0.032578 0.0083951 0.00196591 0.000361525 4.22643e-05 3.05333e-06 1.0204e-07
 4.90827e-40 2.40226e-33 2.70306e-27 6.99257e-22 4.15874e-17 5.68632e-13 1.7875e-09 1.29183e-06 0.00021464 0.00819895 0.0720032 0.145386 0.0687581 0.0411578 0.20754 0.291603 0.101442 0.0331144 0.0219308 0.00640737 0.00185723 0.000344619 3.74074e-05 2.5389e-06 8.75582e-08
 5.94633e-40 2.91032e-33 3.27473e-27 8.47142e-22 5.03828e-17 6.88893e-13 2.16554e-09 1.56504e-06 0.000260034 0.00993295 0.0872312 0.17613 0.0828304 0.0373963 0.175313 0.246604 0.0914252 0.0480549 0.0345625 0.00824612 0.00164936 0.000319403 4.05956e-05 2.79091e-06 9.07587e-08
 6.26958e-40 3.06852e-33 3.45275e-27 8.93195e-22 5.31216e-17 7.26342e-13 2.28326e-09 1.65012e-06 0.00027417 0.0104729 0.0919733 0.185704 0.087287 0.0382021 0.177346 0.249216 0.0888574 0.0360045 0.0251138 0.00718416 0.00198601 0.000340857 3.34725e-05 2.33272e-06 8.25858e-08
 4.80046e-40 2.34949e-33 2.64369e-27 6.83897e-22 4.06739e-17 5.56143e-13 1.74824e-09 1.26346e-06 0.000209925 0.00801886 0.0704217 0.142193 0.0672603 0.0405862 0.205014 0.288186 0.10223 0.039746 0.0271568 0.00696562 0.0016461 0.000322841 3.86902e-05 2.44826e-06 7.5616e-08
 5.2149e-40 2.55233e-33 2.87193e-27 7.42941e-22 4.41855e-17 6.04156e-13 1.89917e-09 1.37253e-06 0.000228049 0.00871116 0.0765014 0.154467 0.072847 0.0382437 0.187015 0.263129 0.0976738 0.0517268 0.0374509 0.00946717 0.00211842 0.000374652 4.15898e-05 2.93993e-06 9.80719e-08
 5.63306e-40 2.75699e-33 3.10221e-27 8.02513e-22 4.77285e-17 6.526e-13 2.05145e-09 1.48259e-06 0.000246335 0.00940966 0.0826357 0.166852 0.0785753 0.0383103 0.183688 0.258299 0.0939975 0.0441013 0.0316918 0.00911315 0.00256335 0.000463907 4.80616e-05 3.10316e-06 1.02817e-07
#spawning biomass
 6366.86 4664.74 5044.28 6259.82 7869.8 9428.85 9701.74 9157.43 12998.3 22557.5 23096.6 23281.3 39350.8 48563.8 41754.6 34592.1 31016.1 35134.5 34133.9 37073.4 38529.6 36825 41781.1 42215.9 46944.4 51004.2 44663.5 46126.2 58799.1 34661 5338.46 2710.88 2706.18 2706.18 2706.18 2706.18 2706.18 2706.18 2706.18 2706.18 2706.18 2706.18 2706.18 2706.18 2706.18 2706.18 2706.18 2706.18 2706.18 2706.18 2706.18 2706.18 2706.18 2706.18 2706.18 2706.18 2706.18 2706.18 2706.18 2706.18 2706.18 2706.18 2706.18 2706.18 2706.18 2706.18 2706.18 2706.18 2706.18 2706.18 2706.18 2706.18 2706.18 2706.18 2706.18 2706.18 2706.18 2706.18 2706.18 2706.18 2706.18 2706.18 2706.18 2706.18 2706.18 2706.18 2706.18 2706.18 2706.18 2706.18 2706.18 2706.18 2706.18 2706.18 2706.18 2706.18 2706.18 2706.18 2706.18 2706.18 2706.18 2706.18 2706.18 2706.18 2706.18 2706.18 2706.18 2706.18 2706.18 2706.18 2706.18 2706.18 2706.18 2706.18 2706.18 2706.18 2706.18 2706.18 2706.18 2706.18 2706.18 2706.18 2706.18 2706.18 2706.18 2706.18 2706.18 2706.18 0 0 0 0 0 0 0 0 0 0 0 0 0 0 0 0 0 0 0 0 0 0 0 0 0
