SBPRF35
0.256306
Curr Bio
163669
B35
203770
F35
0.415115
FOFL
0.261226
OFL
33950.8
Bzero
73230.3
#pred survey bio
 24195.5 22153.6 16693.9 14580.1 24045.8 38420.9 50466.8 63230.4 86635.3 115227 138452 177639 217405 269764 278758 237356 229698 212262 225219 237950 225687 213590 222299 244303 272448 307462 277742 260393 237420 7.18321e+06 3.97129e+06 2.95241e+06 2.06314e+06 1.48202e+06 1.14636e+06 963439 866056 814269 786323 770856 762021 756805 753626 751636 750360 749534 748992 748633 748394 748234 748126 748054 748005 747972 747949 747934 747924 747917 747913 747909 747907 747906 747905 747904 747904 747903 747903 747903 747903 747903 747903 747903 747903 747903 747903 747903 747903 747903 747903 747903 747903 747903 747903 747903 747903 747903 747903 747903 747903 747903 747903 747903 747903 747903 747903 747903 747903 747903 747903 747903 747903 747903 747903 747903 747903 747903 747903 747903 747903 747903 747903 747903 747903 747903 747903 747903 747903 747903 747903 747903 747903 747903 747903 747903 747903 747903 747903 747903 747903 0 0 0 0 0 0 0 0 0 0 0 0 0 0 0 0 0 0 0 0 0 0 0 0 0
#obs survey bio
 15197.9 15335 9387.98 20019.5 23549.4 39589.8 60236.3 67665.3 111600 162939 148699 269620 283162 326280 211197 237508 156566 116114 247823 318033 185860 223221 378269 257688 226827 371431 212690 286821 230018
#pred catch bio
 2666.57 4060.02 3546.28 2587.29 4393.19 9107.26 12730.2 15832.8 21591.9 39308.3 43519 58451.4 66068.9 92146.3 121784 99331.9 100131 78525.6 85279.4 100534 100038 86918.7 83616.2 95742.6 97856.2 133751 117636 112784 116747 33950.8 49508.7 36653.8 24662.1 16964.8 12711.9 10537 9474.3 8969.95 8735.12 8627.18 8578 8555.73 8545.68 8541.16 8539.13 8538.22 8537.82 8537.64 8537.55 8537.52 8537.5 8537.5 8537.49 8537.49 8537.49 8537.49 8537.49 8537.49 8537.49 8537.49 8537.49 8537.49 8537.49 8537.49 8537.49 8537.49 8537.49 8537.49 8537.49 8537.49 8537.49 8537.49 8537.49 8537.49 8537.49 8537.49 8537.49 8537.49 8537.49 8537.49 8537.49 8537.49 8537.49 8537.49 8537.49 8537.49 8537.49 8537.49 8537.49 8537.49 8537.49 8537.49 8537.49 8537.49 8537.49 8537.49 8537.49 8537.49 8537.49 8537.49 8537.49 8537.49 8537.49 8537.49 8537.49 8537.49 8537.49 8537.49 8537.49 8537.49 8537.49 8537.49 8537.49 8537.49 8537.49 8537.49 8537.49 8537.49 8537.49 8537.49 8537.49 8537.49 8537.49 8537.49 8537.49 8537.49 8537.49 8537.49 8537.49 0 0 0 0 0 0 0 0 0 0 0 0 0 0 0 0 0 0 0 0 0 0 0 0 0
#obs catch bio
 4249.42 4292.09 3832.44 2647.01 4403.63 9085.88 12611.8 15695 20246.3 36249.8 41228.2 54707.6 61198.7 83170.2 117788 96012.6 105971 83749.4 92028 101423 107071 86310.7 77758 95935.3 100582 132740 118386 110915 117520
#pred cpue bio
 22366 21013.3 16141.4 13338.9 19920.5 32447.2 43546.6 54670 73720.8 98718.6 117405 150386 184743 230409 242817 206077 196352 181999 193210 203630 193690 181876 188988 208094 230242 262364 239416 223723 204223 6.08674e+06 3.6923e+06 2.8407e+06 1.98377e+06 1.40746e+06 1.07246e+06 889621 792248 740462 712517 697049 688215 682998 679820 677830 676554 675728 675186 674827 674588 674427 674320 674247 674198 674165 674143 674128 674118 674111 674106 674103 674101 674100 674099 674098 674097 674097 674097 674097 674097 674097 674097 674097 674097 674097 674097 674097 674097 674097 674097 674097 674097 674097 674097 674097 674097 674097 674097 674097 674097 674097 674097 674097 674097 674097 674097 674097 674097 674097 674097 674097 674097 674097 674097 674097 674097 674097 674097 674097 674097 674097 674097 674097 674097 674097 674097 674097 674097 674097 674097 674097 674097 674097 674097 674097 674097 674097 674097 674097 674097 0 0 0 0 0 0 0 0 0 0 0 0 0 0 0 0 0 0 0 0 0 0 0 0 0
#obs cpue bio
 24034.9 20590.3 15298.7 13979.4 27691.1 42361.4 34971.7 54765.3 109224 107697 102060 148313 197811 317999 242986 226299 171018 202767 132334 220638 142335 235629 196858 139011 196965 314691 266381 238721 194447
#pred surv len freq
 2.50665e-11 1.17901e-09 3.83996e-08 8.66006e-07 1.35239e-05 0.000146243 0.00109507 0.00567858 0.0203981 0.050816 0.0881959 0.108541 0.100869 0.0838449 0.0768415 0.0759498 0.0715272 0.0642552 0.0570656 0.0498167 0.042644 0.0361668 0.0298026 0.0223353 0.0139963
 1.21367e-11 5.70854e-10 1.85924e-08 4.19304e-07 6.54808e-06 7.08096e-05 0.000530261 0.00275044 0.00989034 0.0247421 0.0436469 0.0570343 0.0636228 0.0747248 0.0932353 0.104842 0.101116 0.0900879 0.0794828 0.0693273 0.0586476 0.0478282 0.0370066 0.0259647 0.0154415
 9.41064e-12 4.42631e-10 1.44162e-08 3.25122e-07 5.07726e-06 5.49041e-05 0.000411139 0.00213229 0.00766378 0.0191349 0.0335043 0.0426329 0.0442354 0.0470769 0.0581771 0.0746647 0.0918795 0.105765 0.109831 0.101823 0.086641 0.0692715 0.05152 0.0342713 0.019304
 3.53798e-11 1.6641e-09 5.41985e-08 1.22231e-06 1.90881e-05 0.000206411 0.00154557 0.00801383 0.0287747 0.0715665 0.123408 0.148098 0.125554 0.0796092 0.045283 0.0319598 0.0316452 0.0377673 0.0464205 0.052798 0.052756 0.045738 0.0344526 0.0223228 0.0120602
 4.56279e-11 2.14612e-09 6.98977e-08 1.57637e-06 2.46172e-05 0.0002662 0.00199327 0.0103353 0.0371123 0.0923236 0.15934 0.191867 0.164709 0.108597 0.0659768 0.0439603 0.0298301 0.018858 0.0131292 0.0123144 0.0133241 0.0132837 0.0111104 0.00755166 0.00409159
 3.65397e-11 1.71865e-09 5.59754e-08 1.26239e-06 1.9714e-05 0.000213179 0.00159629 0.0082775 0.0297314 0.0740438 0.12835 0.157192 0.14354 0.113551 0.0952987 0.083304 0.0636883 0.0402019 0.0224505 0.0125457 0.00809392 0.00642874 0.0053718 0.00388649 0.00221328
 3.38558e-11 1.59241e-09 5.18639e-08 1.16966e-06 1.82659e-05 0.000197521 0.00147903 0.00766948 0.0275474 0.068604 0.118915 0.145622 0.132974 0.105495 0.0901371 0.0832015 0.071651 0.0553778 0.0389832 0.0243912 0.0133557 0.00690403 0.00386075 0.00232937 0.00128542
 3.49229e-11 1.64261e-09 5.34986e-08 1.20653e-06 1.88417e-05 0.000203746 0.00152565 0.00791107 0.0284135 0.0707446 0.122514 0.149502 0.134827 0.103437 0.0842247 0.0755587 0.0650857 0.0520369 0.0398218 0.0284992 0.0180771 0.00988693 0.0047317 0.00209183 0.000886021
 3.82516e-11 1.79917e-09 5.85979e-08 1.32153e-06 2.06376e-05 0.000223166 0.00167106 0.00866491 0.0311187 0.0774574 0.133984 0.162767 0.144421 0.105743 0.0797157 0.0671725 0.055521 0.0428097 0.0321039 0.023414 0.0158526 0.00952708 0.00490757 0.00212584 0.000777151
 3.5573e-11 1.67318e-09 5.44945e-08 1.22899e-06 1.91924e-05 0.000207539 0.00155405 0.00805841 0.0289434 0.0720714 0.124862 0.152601 0.138349 0.107534 0.0886795 0.0785498 0.0642083 0.0469065 0.0327731 0.0226053 0.0149551 0.0091237 0.0049204 0.00224286 0.00083448
 3.81884e-11 1.7962e-09 5.8501e-08 1.31934e-06 2.06034e-05 0.000222797 0.00166829 0.00865061 0.0310677 0.0773341 0.133796 0.162655 0.144701 0.106766 0.0815474 0.0693931 0.0574256 0.0436965 0.0314912 0.0214697 0.0135342 0.00783932 0.00411699 0.00188568 0.000717651
 3.77809e-11 1.77703e-09 5.78769e-08 1.30527e-06 2.03836e-05 0.00022042 0.0016505 0.00855841 0.0307375 0.0765212 0.132451 0.161311 0.144433 0.108474 0.0849491 0.0727288 0.0587854 0.0428355 0.0297815 0.0201727 0.0128359 0.00741243 0.0037997 0.00168839 0.000630544
 3.69481e-11 1.73786e-09 5.66011e-08 1.2765e-06 1.99343e-05 0.000215562 0.00161412 0.00836981 0.0300607 0.0748422 0.129585 0.158008 0.142084 0.108024 0.0863213 0.0751996 0.061599 0.0453789 0.0315306 0.0209473 0.0129562 0.00731791 0.00370268 0.00162524 0.000596906
 3.62264e-11 1.70392e-09 5.54955e-08 1.25156e-06 1.95449e-05 0.000211351 0.00158259 0.00820635 0.0294739 0.0733844 0.127082 0.155057 0.139758 0.106973 0.0864569 0.0761783 0.0632229 0.0474837 0.0337495 0.0228067 0.0141744 0.007933 0.00393948 0.00169418 0.000611267
 3.18528e-11 1.4982e-09 4.87955e-08 1.10046e-06 1.71853e-05 0.000185835 0.00139154 0.00721592 0.0259201 0.0645698 0.112047 0.137797 0.127695 0.105107 0.093929 0.0880641 0.074785 0.0567691 0.0408098 0.0280015 0.0177095 0.0100546 0.00501928 0.00214638 0.000764103
 3.41952e-11 1.60838e-09 5.23838e-08 1.18138e-06 1.8449e-05 0.0001995 0.00149386 0.00774625 0.0278219 0.0692756 0.119997 0.146559 0.132589 0.102626 0.0847707 0.0770074 0.0669761 0.0538629 0.041124 0.0293361 0.0189411 0.0109083 0.00551471 0.00238029 0.000850015
 3.7133e-11 1.74656e-09 5.68843e-08 1.28288e-06 2.0034e-05 0.00021664 0.00162219 0.0084116 0.0302099 0.075205 0.130153 0.15842 0.141556 0.105754 0.0823476 0.0708619 0.0586913 0.04488 0.0333055 0.0240959 0.0162439 0.00979716 0.00512621 0.00226163 0.000818736
 3.51792e-11 1.65466e-09 5.38912e-08 1.21538e-06 1.89799e-05 0.000205242 0.00153685 0.00796924 0.0286235 0.071279 0.123517 0.151089 0.137403 0.107689 0.0898709 0.0802096 0.0657115 0.0479176 0.0332237 0.0225827 0.0146692 0.00881152 0.00471623 0.00215147 0.000803164
 3.57703e-11 1.68246e-09 5.47968e-08 1.2358e-06 1.92989e-05 0.00020869 0.00156267 0.00810303 0.0291029 0.0724607 0.125483 0.153112 0.138032 0.105746 0.0857348 0.0761299 0.0641318 0.0492012 0.0356089 0.024255 0.0151731 0.00866668 0.00447807 0.00202412 0.00076444
 3.62121e-11 1.70324e-09 5.54735e-08 1.25107e-06 1.95372e-05 0.000211267 0.00158196 0.00820309 0.0294621 0.0733534 0.127018 0.154931 0.139491 0.106442 0.0856265 0.0752209 0.0624419 0.0471674 0.0340662 0.0236619 0.0152007 0.00876765 0.00445691 0.00195547 0.000720559
 3.52308e-11 1.65709e-09 5.39703e-08 1.21716e-06 1.90078e-05 0.000205543 0.0015391 0.00798089 0.0286651 0.071379 0.123668 0.151167 0.137138 0.106817 0.0885098 0.0790668 0.0655972 0.0489331 0.0346681 0.0236617 0.0150814 0.00873444 0.00447967 0.00196976 0.000719009
 3.71474e-11 1.74723e-09 5.69063e-08 1.28338e-06 2.00418e-05 0.000216724 0.00162282 0.00841489 0.030222 0.0752382 0.130231 0.158614 0.142046 0.1068 0.0840237 0.0728305 0.0603479 0.0456233 0.0327371 0.022354 0.014087 0.00804039 0.00408427 0.00179105 0.000653904
 3.69646e-11 1.73864e-09 5.66262e-08 1.27706e-06 1.99432e-05 0.000215658 0.00161484 0.00837353 0.0300741 0.0748753 0.129641 0.158071 0.142121 0.107999 0.0861876 0.0748956 0.0611217 0.0449154 0.0313863 0.0212177 0.0134075 0.00767446 0.00388447 0.0016902 0.000612616
 3.66141e-11 1.72215e-09 5.60893e-08 1.26495e-06 1.97541e-05 0.000213613 0.00159953 0.00829415 0.0297891 0.0741675 0.128427 0.156644 0.141016 0.107556 0.0864092 0.0756702 0.0623422 0.0463145 0.0325079 0.0217775 0.0135248 0.00762856 0.00383346 0.00166314 0.000600946
 3.83261e-11 1.80268e-09 5.8712e-08 1.3241e-06 2.06778e-05 0.000223601 0.00167431 0.00868184 0.0311801 0.0776164 0.134301 0.163349 0.145568 0.107903 0.0828905 0.0704066 0.0574631 0.0427425 0.0301861 0.0203666 0.0126901 0.00712747 0.00354394 0.00151955 0.000544132
 3.57925e-11 1.68351e-09 5.48308e-08 1.23657e-06 1.93108e-05 0.00020882 0.00156364 0.00810814 0.0291221 0.0725166 0.125636 0.15356 0.139261 0.108336 0.0894598 0.0793227 0.0648375 0.0471724 0.0324328 0.021548 0.0133968 0.00755162 0.00376323 0.00160954 0.000572542
 3.41024e-11 1.60402e-09 5.22418e-08 1.17818e-06 1.8399e-05 0.00019896 0.00148981 0.00772537 0.0277481 0.0691042 0.119784 0.14669 0.133953 0.106201 0.0903483 0.082372 0.0693762 0.0524467 0.0372573 0.024952 0.0153015 0.00846384 0.00416583 0.0017727 0.000629146
 3.56901e-11 1.67869e-09 5.46739e-08 1.23303e-06 1.92556e-05 0.000208222 0.00155916 0.00808486 0.0290375 0.0722969 0.125193 0.152724 0.137575 0.105177 0.0850389 0.0754796 0.0638405 0.0495138 0.0365294 0.0254532 0.0161334 0.00909312 0.00448436 0.00189233 0.000664935
 3.496e-11 1.64435e-09 5.35554e-08 1.20781e-06 1.88617e-05 0.000203963 0.00152727 0.00791955 0.0284449 0.0708318 0.122727 0.150052 0.136238 0.106351 0.0884088 0.0791637 0.06583 0.0493867 0.0354364 0.0246444 0.0159849 0.00932207 0.00474267 0.00204163 0.000722796
#obs surv len freq
 2.32682e-11 1.09442e-09 3.56447e-08 8.03878e-07 1.25537e-05 0.000135751 0.00101651 0.00527124 0.0189356 0.0471788 0.0819261 0.101028 0.0945382 0.0799357 0.0748654 0.0751368 0.0720177 0.0671537 0.0634894 0.0592876 0.0524436 0.042863 0.0316314 0.020318 0.0108139
 9.07335e-16 4.27474e-14 1.40142e-12 3.24259e-11 5.57266e-10 8.21183e-09 1.26499e-07 1.9948e-06 2.62586e-05 0.000253936 0.00172859 0.00819373 0.0270318 0.0624304 0.102631 0.12508 0.122992 0.110471 0.099373 0.0903057 0.080503 0.0676508 0.0510328 0.0329195 0.0173751
 1.14771e-11 5.39829e-10 1.75819e-08 3.96516e-07 6.19215e-06 6.6959e-05 0.000501375 0.00259958 0.00933317 0.0232031 0.0399471 0.0476649 0.0397471 0.025135 0.0200474 0.0351731 0.0689419 0.105078 0.124184 0.12224 0.108621 0.0903875 0.0685675 0.0447593 0.0237958
 5.22661e-11 2.45835e-09 8.00667e-08 1.80571e-06 2.81987e-05 0.000304927 0.00228324 0.0118384 0.042504 0.105678 0.181989 0.217261 0.180399 0.105541 0.0456437 0.0170071 0.00775077 0.006621 0.00934894 0.0131746 0.0152509 0.0144198 0.011402 0.0075269 0.00402553
 3.11803e-11 1.46657e-09 4.77652e-08 1.07723e-06 1.68225e-05 0.000181912 0.00136219 0.00706409 0.0253805 0.0632812 0.110192 0.137298 0.13283 0.120232 0.117405 0.108645 0.079243 0.0426308 0.0179358 0.00829241 0.00681072 0.00720214 0.00659463 0.00475372 0.00264678
 3.99379e-11 1.87849e-09 6.11811e-08 1.37979e-06 2.15474e-05 0.000233004 0.00174471 0.00904671 0.032488 0.0808463 0.139715 0.169114 0.148102 0.104482 0.0746159 0.0626122 0.0554513 0.0462595 0.033956 0.0204592 0.010063 0.00479554 0.00288269 0.00196268 0.00114627
 2.52485e-11 1.18757e-09 3.86783e-08 8.72296e-07 1.36222e-05 0.000147306 0.00110306 0.00572049 0.0205561 0.0512815 0.089496 0.112449 0.111791 0.10736 0.112461 0.11189 0.0928702 0.0662748 0.0456425 0.0315618 0.0201456 0.0109414 0.00508556 0.00222702 0.000982021
 4.2493e-11 1.99866e-09 6.50952e-08 1.46806e-06 2.29259e-05 0.00024791 0.00185632 0.00962522 0.0345628 0.0859821 0.148404 0.178752 0.153682 0.102202 0.0648109 0.0494475 0.0438318 0.0392516 0.03261 0.0238599 0.0152822 0.00869436 0.00434346 0.00185453 0.000675079
 3.43996e-11 1.61799e-09 5.26969e-08 1.18845e-06 1.85593e-05 0.000200693 0.0015028 0.00779281 0.027992 0.0697259 0.120961 0.148598 0.137146 0.111484 0.0970011 0.0867032 0.0673606 0.0445711 0.0286149 0.0198811 0.0139925 0.00885621 0.00473911 0.00209784 0.000759478
 3.92806e-11 1.84757e-09 6.01742e-08 1.35708e-06 2.11928e-05 0.00022917 0.001716 0.00889795 0.0319552 0.0795335 0.137536 0.166901 0.147509 0.106815 0.0792085 0.0664006 0.0553715 0.0426793 0.0305055 0.0199762 0.0119889 0.00680227 0.00361969 0.00168784 0.00064404
 3.98557e-11 1.87462e-09 6.10552e-08 1.37695e-06 2.1503e-05 0.000232525 0.00174113 0.00902828 0.0324239 0.0807069 0.139612 0.169632 0.150587 0.110306 0.0827661 0.0682173 0.0534675 0.0376226 0.0253247 0.0168609 0.0106118 0.00601446 0.00301193 0.00131887 0.00049178
 3.67711e-11 1.72953e-09 5.63298e-08 1.27038e-06 1.98388e-05 0.000214529 0.00160639 0.00832978 0.029918 0.0744954 0.129045 0.157635 0.142656 0.11031 0.0901393 0.0789253 0.0632775 0.0444598 0.0290536 0.018288 0.0108906 0.00599913 0.00298132 0.00128812 0.000466497
 3.91607e-11 1.84193e-09 5.99904e-08 1.35294e-06 2.1128e-05 0.00022847 0.00171077 0.00887083 0.0318584 0.0792992 0.137175 0.166669 0.147962 0.108482 0.0818733 0.0687357 0.0559615 0.0415541 0.0289773 0.0189395 0.0112412 0.00598493 0.00284714 0.00118675 0.000419038
 3.55238e-11 1.67087e-09 5.44191e-08 1.22729e-06 1.91659e-05 0.000207252 0.0015519 0.00804733 0.0289044 0.0719808 0.124751 0.152682 0.139113 0.109536 0.0918554 0.0817867 0.0660999 0.0469457 0.0314151 0.0204849 0.0125496 0.00691256 0.00332452 0.0013643 0.000467525
 2.88196e-11 1.35554e-09 4.41489e-08 9.9567e-07 1.55488e-05 0.00016814 0.00125904 0.00652905 0.0234558 0.0584594 0.10164 0.125919 0.119635 0.104533 0.10034 0.0978869 0.0843496 0.0641592 0.0455123 0.0302488 0.0183322 0.0100019 0.00484282 0.00201607 0.000695694
 3.83074e-11 1.8018e-09 5.86833e-08 1.32346e-06 2.06677e-05 0.000223492 0.00167349 0.00867744 0.0311627 0.0775555 0.134078 0.162528 0.143088 0.102498 0.0749272 0.0631958 0.0550709 0.0461705 0.0368685 0.027031 0.0175629 0.00998438 0.00491517 0.00205531 0.000711683
 3.48117e-11 1.63737e-09 5.33282e-08 1.20269e-06 1.87817e-05 0.000203098 0.0015208 0.00788605 0.0283256 0.0705443 0.122295 0.149833 0.137013 0.108867 0.0922748 0.0822493 0.0658108 0.0462603 0.0315893 0.0222685 0.0153625 0.00956099 0.00508358 0.00223632 0.00079629
 3.16897e-11 1.49053e-09 4.85457e-08 1.09483e-06 1.70973e-05 0.000184884 0.00138442 0.00717896 0.0257874 0.064238 0.111466 0.137057 0.126936 0.104378 0.0933428 0.0880195 0.0756193 0.0580694 0.0416194 0.0279865 0.0174998 0.0102344 0.00548276 0.00253864 0.000958589
 3.52617e-11 1.65854e-09 5.40175e-08 1.21823e-06 1.90244e-05 0.000205723 0.00154044 0.00798777 0.0286886 0.0714247 0.12366 0.150753 0.13548 0.102949 0.0826803 0.0736609 0.0635749 0.0511233 0.039343 0.0284499 0.0186064 0.0108316 0.00557852 0.00249955 0.00094216
 3.43089e-11 1.61373e-09 5.2558e-08 1.18532e-06 1.85104e-05 0.000200164 0.00149883 0.0077721 0.0279158 0.0695182 0.120479 0.147435 0.134282 0.105687 0.0888203 0.079921 0.0663614 0.0497573 0.036169 0.026039 0.0177534 0.0109166 0.00583605 0.00263628 0.000982551
 3.45429e-11 1.62473e-09 5.29165e-08 1.1934e-06 1.86367e-05 0.000201529 0.00150905 0.00782508 0.0281057 0.069987 0.121264 0.14827 0.134647 0.1052 0.0877046 0.0790663 0.0665816 0.0507941 0.03687 0.0257252 0.016873 0.0102223 0.00555577 0.00258826 0.000989552
 3.7673e-11 1.77195e-09 5.77114e-08 1.30154e-06 2.03254e-05 0.00021979 0.00164578 0.00853389 0.030649 0.0762952 0.132023 0.160615 0.143255 0.106469 0.0822176 0.0703264 0.0580311 0.0440224 0.0320363 0.0224758 0.0147084 0.00877554 0.00468136 0.0021645 0.000833824
 3.56998e-11 1.67915e-09 5.46887e-08 1.23337e-06 1.92608e-05 0.000208279 0.00155959 0.00808713 0.0290468 0.0723298 0.125318 0.153196 0.139008 0.108285 0.0895273 0.0792732 0.0644756 0.0465989 0.0320336 0.0216392 0.013947 0.00827847 0.00438988 0.0020107 0.00076788
 3.7366e-11 1.75752e-09 5.72412e-08 1.29093e-06 2.01598e-05 0.000218 0.00163237 0.00846442 0.0304001 0.0756811 0.130998 0.159547 0.142881 0.107415 0.0844455 0.0730226 0.0601648 0.0449845 0.0317529 0.0212931 0.0132362 0.00754174 0.00388599 0.00175169 0.000662552
 3.70176e-11 1.74113e-09 5.67074e-08 1.2789e-06 1.99718e-05 0.000215967 0.00161715 0.00838555 0.0301175 0.0749843 0.129838 0.158349 0.142493 0.108522 0.0868366 0.0754191 0.061203 0.0445012 0.0307221 0.0205759 0.0129127 0.00734904 0.00371233 0.00162531 0.000598816
 3.24474e-11 1.52617e-09 4.97064e-08 1.12101e-06 1.75061e-05 0.000189304 0.00141752 0.00735063 0.0264041 0.0657753 0.11414 0.140375 0.13009 0.107045 0.0954377 0.0888244 0.074187 0.0546714 0.0378405 0.0250805 0.0154869 0.00871023 0.0043708 0.00189696 0.000688084
 3.50484e-11 1.64851e-09 5.36908e-08 1.21086e-06 1.89094e-05 0.000204478 0.00153113 0.00793948 0.0285156 0.070998 0.122949 0.150017 0.135239 0.103659 0.0843432 0.0757403 0.0653403 0.0520346 0.0391926 0.0274646 0.0173488 0.0097703 0.00485914 0.00208487 0.00074784
 3.52196e-11 1.65656e-09 5.39532e-08 1.21678e-06 1.90018e-05 0.000205478 0.00153861 0.00797834 0.0286558 0.0713531 0.123606 0.151011 0.136738 0.105959 0.0871329 0.0774496 0.0642538 0.048394 0.0352699 0.0252174 0.0168668 0.0100737 0.0052015 0.00226339 0.000811092
 3.38279e-11 1.5911e-09 5.18212e-08 1.1687e-06 1.82509e-05 0.000197358 0.00147782 0.00766319 0.0275251 0.0685502 0.118835 0.145583 0.133111 0.105864 0.090358 0.0823051 0.068913 0.0517611 0.0369752 0.0255636 0.0166721 0.00999434 0.00532535 0.00241312 0.000893284
#pred catch len freq
 2.12156e-11 9.97882e-10 3.25004e-08 7.32965e-07 1.14463e-05 0.000123776 0.00092685 0.00480641 0.0172675 0.0430395 0.0748537 0.0928503 0.0886304 0.0785534 0.0777789 0.0805632 0.0779665 0.0716985 0.064882 0.0573247 0.0494279 0.0420989 0.0347664 0.02608 0.0163489
 9.81324e-12 4.61568e-10 1.5033e-08 3.39031e-07 5.2945e-06 5.72541e-05 0.00042876 0.00222417 0.00800097 0.0200456 0.0355666 0.0474253 0.0557764 0.0704936 0.0922166 0.10605 0.104157 0.0947476 0.0851369 0.0751385 0.0639992 0.0523971 0.0406259 0.0285318 0.0169752
 7.44542e-12 3.50197e-10 1.14057e-08 2.57227e-07 4.01699e-06 4.34388e-05 0.000325288 0.00168716 0.00606544 0.0151596 0.0266491 0.0344068 0.0372764 0.0427754 0.0562185 0.0746102 0.0938988 0.109853 0.115259 0.107597 0.0920246 0.0738354 0.055025 0.0366388 0.0206466
 3.13062e-11 1.47249e-09 4.79581e-08 1.08157e-06 1.68903e-05 0.000182645 0.00136762 0.00709118 0.0254625 0.063335 0.109258 0.131331 0.112048 0.0727084 0.0440966 0.0341421 0.0359464 0.0441687 0.0550347 0.0630056 0.0631742 0.054884 0.0413954 0.0268417 0.0145075
 4.30336e-11 2.0241e-09 6.59235e-08 1.48674e-06 2.32176e-05 0.000251065 0.00187994 0.00974781 0.0350041 0.0870922 0.150402 0.181536 0.157244 0.106757 0.0691313 0.049265 0.0346898 0.0224758 0.016131 0.0155014 0.0169271 0.0169208 0.0141658 0.00963271 0.00522039
 3.34799e-11 1.57473e-09 5.12881e-08 1.15667e-06 1.80632e-05 0.000195328 0.00146263 0.0075846 0.0272453 0.0678794 0.117848 0.145194 0.135351 0.112801 0.101345 0.0923394 0.0719196 0.04606 0.026191 0.0149217 0.00977731 0.00783383 0.00656685 0.00475547 0.00270888
 3.06001e-11 1.43928e-09 4.68766e-08 1.05718e-06 1.65095e-05 0.000178527 0.00133682 0.0069322 0.0249017 0.0620393 0.107701 0.132668 0.123654 0.10337 0.0946948 0.0913791 0.0805537 0.063437 0.0453797 0.0287068 0.0158343 0.00823641 0.00462984 0.00280121 0.00154731
 3.16366e-11 1.48803e-09 4.84643e-08 1.09299e-06 1.70686e-05 0.000184574 0.00138209 0.00716683 0.0257427 0.0641164 0.111184 0.136377 0.125254 0.100908 0.0881843 0.0830318 0.0733943 0.0599056 0.0466619 0.0337862 0.0215757 0.0118499 0.00568773 0.00251988 0.00106882
 3.51419e-11 1.65291e-09 5.38341e-08 1.21409e-06 1.89598e-05 0.000205024 0.00153521 0.00796067 0.0285915 0.0711863 0.123269 0.150377 0.135458 0.103556 0.0837451 0.0744294 0.0632717 0.0498391 0.0380904 0.0281452 0.0192002 0.011589 0.00598484 0.0025964 0.000950066
 3.26577e-11 1.53606e-09 5.00286e-08 1.12827e-06 1.76196e-05 0.000190531 0.0014267 0.00739822 0.0265744 0.066194 0.114828 0.141036 0.130114 0.105859 0.0930202 0.0858861 0.071697 0.0533073 0.0379122 0.0265035 0.0176754 0.0108327 0.00585705 0.00267352 0.000995451
 3.52934e-11 1.66003e-09 5.40662e-08 1.21933e-06 1.90416e-05 0.000205908 0.00154183 0.00799502 0.0287151 0.0714969 0.123826 0.151145 0.136437 0.104918 0.0856119 0.0765311 0.0649816 0.0504071 0.0369479 0.0254934 0.0161916 0.00942413 0.00496432 0.00227763 0.000867579
 3.49434e-11 1.64357e-09 5.353e-08 1.20723e-06 1.88527e-05 0.000203866 0.00152655 0.00791582 0.0284316 0.0708009 0.122688 0.150069 0.136462 0.106945 0.0893344 0.0800481 0.0662154 0.049139 0.0347785 0.0238722 0.0153104 0.00888233 0.00456587 0.00203215 0.000759622
 3.39884e-11 1.59865e-09 5.2067e-08 1.17424e-06 1.83375e-05 0.000198294 0.00148483 0.00769954 0.0276556 0.0688753 0.119399 0.146274 0.133746 0.10638 0.09084 0.0828302 0.0694467 0.0521142 0.0368531 0.0248041 0.0154658 0.00877922 0.0044558 0.00195927 0.00072028
 3.33302e-11 1.56769e-09 5.10588e-08 1.1515e-06 1.79824e-05 0.000194454 0.00145608 0.00755047 0.0271204 0.0675451 0.117111 0.143555 0.131536 0.105223 0.0906681 0.0834515 0.0708345 0.0541678 0.0391512 0.0267779 0.0167654 0.00942614 0.00469453 0.00202237 0.000730388
 2.91411e-11 1.37066e-09 4.46415e-08 1.00678e-06 1.57223e-05 0.000170015 0.00127309 0.00660182 0.0237164 0.0591018 0.102707 0.127007 0.119928 0.103316 0.0976397 0.0946452 0.0817952 0.0630661 0.0460232 0.0319227 0.0203219 0.0115839 0.00579701 0.0024826 0.000884535
 3.14113e-11 1.47744e-09 4.81192e-08 1.08521e-06 1.69471e-05 0.000183259 0.00137225 0.0071158 0.0255594 0.0636606 0.110398 0.135432 0.124453 0.100425 0.0880443 0.0832776 0.0740077 0.0605439 0.0468987 0.0337823 0.0219423 0.0126853 0.00642888 0.00277891 0.000993182
 3.45532e-11 1.62522e-09 5.29322e-08 1.19375e-06 1.86422e-05 0.000201589 0.0015095 0.00782737 0.0281134 0.0700027 0.121266 0.148149 0.134147 0.103999 0.0857786 0.0769619 0.0651485 0.0506763 0.0381989 0.0279389 0.0189532 0.0114725 0.00601557 0.00265731 0.000962668
 3.23468e-11 1.52144e-09 4.95522e-08 1.11753e-06 1.74518e-05 0.000188717 0.00141312 0.0073278 0.0263219 0.0655688 0.113769 0.139858 0.129418 0.106097 0.0941492 0.0874135 0.0730592 0.0541802 0.03821 0.0263099 0.017225 0.010394 0.0055777 0.00254804 0.000951921
 3.29526e-11 1.54993e-09 5.04803e-08 1.13846e-06 1.77787e-05 0.000192251 0.00143958 0.00746492 0.026813 0.066779 0.115778 0.1419 0.12996 0.103884 0.0895992 0.083003 0.071482 0.0558063 0.0410253 0.0282541 0.0177971 0.0102112 0.00529122 0.00239558 0.000905501
 3.35667e-11 1.57882e-09 5.1421e-08 1.15967e-06 1.81099e-05 0.000195834 0.0014664 0.007604 0.0273123 0.0680194 0.117908 0.144416 0.13195 0.104772 0.0893545 0.0817185 0.0692619 0.0532006 0.0390269 0.02741 0.0177249 0.010264 0.00523026 0.00229812 0.000847526
 3.26322e-11 1.53486e-09 4.99894e-08 1.12739e-06 1.76058e-05 0.000190382 0.00142559 0.00739241 0.0265533 0.0661398 0.114721 0.140848 0.129764 0.105252 0.0922884 0.085567 0.0723582 0.0548342 0.0394419 0.0272201 0.0174665 0.0101567 0.00522181 0.00229929 0.000839943
 3.44952e-11 1.62249e-09 5.28434e-08 1.19175e-06 1.86109e-05 0.000201251 0.00150697 0.00781427 0.0280668 0.0698906 0.121099 0.148075 0.134497 0.105153 0.0878124 0.079421 0.0672742 0.0517362 0.0377042 0.0260322 0.0165163 0.00946682 0.00482152 0.00211758 0.000773767
 3.42263e-11 1.60984e-09 5.24316e-08 1.18246e-06 1.84659e-05 0.000199683 0.00149522 0.00775343 0.0278489 0.0693551 0.120217 0.147215 0.134407 0.106476 0.0903546 0.0819134 0.0683057 0.0510675 0.0362855 0.0248341 0.0158096 0.00908935 0.0046129 0.00201027 0.000729265
 3.39052e-11 1.59474e-09 5.19397e-08 1.17137e-06 1.82926e-05 0.000197809 0.0014812 0.0076807 0.0275879 0.0687063 0.119103 0.145898 0.133361 0.105998 0.0904656 0.08258 0.0694964 0.0525099 0.0374485 0.0253814 0.0158764 0.00899481 0.00453247 0.00196954 0.00071228
 3.55997e-11 1.67444e-09 5.45354e-08 1.22991e-06 1.92068e-05 0.000207695 0.00155521 0.00806441 0.0289645 0.0721197 0.124917 0.152533 0.137865 0.106338 0.0869756 0.0773579 0.0646524 0.0489678 0.0351632 0.0240116 0.0150708 0.00850266 0.00423957 0.00182083 0.000652626
 3.32114e-11 1.56211e-09 5.08768e-08 1.1474e-06 1.79183e-05 0.000193762 0.00145089 0.00752363 0.0270247 0.0673135 0.116756 0.143338 0.132024 0.106975 0.0935037 0.0860555 0.0716766 0.0529649 0.0369838 0.0248606 0.0155662 0.00881155 0.00440229 0.00188566 0.000671323
 3.13983e-11 1.47682e-09 4.80992e-08 1.08476e-06 1.69401e-05 0.000183184 0.00137169 0.00711298 0.0255506 0.0636518 0.110472 0.135945 0.126254 0.10452 0.0942179 0.0891268 0.0765148 0.058775 0.0423821 0.0286916 0.0177125 0.00983928 0.00485599 0.0020697 0.000735206
 3.30424e-11 1.55416e-09 5.06179e-08 1.14156e-06 1.78271e-05 0.000192775 0.0014435 0.00748524 0.0268858 0.0669576 0.11607 0.142179 0.12996 0.103358 0.0885591 0.081818 0.0706706 0.0557316 0.0417288 0.0293747 0.0187339 0.0105994 0.00524 0.00221449 0.000778804
 3.25198e-11 1.52958e-09 4.98173e-08 1.1235e-06 1.75452e-05 0.000189727 0.00142068 0.00736695 0.0264619 0.0659118 0.114325 0.140356 0.129292 0.104832 0.0918752 0.0851732 0.0721049 0.0549061 0.0399656 0.0280844 0.0183282 0.0107271 0.00546912 0.00235727 0.000835138
#obs catch len freq
 1.90755e-11 8.97217e-10 2.92218e-08 6.59025e-07 1.02916e-05 0.00011129 0.000833356 0.00432164 0.015527 0.038711 0.0673932 0.0839173 0.0811486 0.0741654 0.07643 0.0822749 0.0833554 0.0804699 0.0750781 0.0666104 0.05621 0.0452878 0.0338804 0.0222344 0.0120292
 2.10197e-11 9.88666e-10 3.22002e-08 7.26196e-07 1.13406e-05 0.000122633 0.000918291 0.00476202 0.017108 0.0426414 0.0741578 0.0919707 0.0877324 0.0776071 0.0765656 0.0789609 0.0763814 0.0714655 0.067676 0.0632426 0.0559573 0.0457395 0.0337555 0.0216828 0.0115403
 7.71968e-16 3.63802e-14 1.194e-12 2.77453e-11 4.83989e-10 7.41158e-09 1.20273e-07 1.95771e-06 2.60568e-05 0.000252756 0.00172193 0.00816391 0.0269359 0.0622161 0.102305 0.124759 0.122824 0.110504 0.099546 0.0905329 0.0807304 0.0678495 0.0511847 0.033018 0.0174272
 1.00754e-11 4.73898e-10 1.54345e-08 3.48088e-07 5.43588e-06 5.8781e-05 0.00044014 0.00228208 0.00819327 0.0203692 0.0350688 0.0418513 0.0349605 0.0224709 0.0192929 0.0358479 0.070921 0.108197 0.127889 0.125899 0.111884 0.0931095 0.0706348 0.0461094 0.0245137
 5.13738e-11 2.41637e-09 7.86997e-08 1.77488e-06 2.77172e-05 0.000299721 0.00224425 0.0116363 0.0417785 0.103875 0.178897 0.213621 0.177547 0.104258 0.0456889 0.0176635 0.00853018 0.00755012 0.0107378 0.0151438 0.0175324 0.0165773 0.0131081 0.0086532 0.00462792
 2.90492e-11 1.36633e-09 4.45006e-08 1.0036e-06 1.56727e-05 0.00016948 0.0012691 0.00658154 0.0236495 0.0589921 0.102907 0.129078 0.127567 0.120683 0.123034 0.116161 0.085254 0.0459497 0.0193548 0.00896846 0.00738105 0.00780915 0.0071509 0.00515475 0.00287007
 3.80619e-11 1.79025e-09 5.83071e-08 1.31497e-06 2.05352e-05 0.000222059 0.00166276 0.00862185 0.0309635 0.0770641 0.133258 0.161674 0.142811 0.103441 0.0775413 0.0676753 0.0608684 0.0510106 0.0375013 0.0226099 0.0111242 0.00530248 0.00318796 0.00217067 0.00126776
 2.32918e-11 1.09554e-09 3.56809e-08 8.04695e-07 1.25665e-05 0.00013589 0.00101758 0.0052774 0.0189663 0.0473395 0.0827802 0.104777 0.106554 0.106879 0.116324 0.11767 0.0981891 0.0702289 0.0484451 0.0335352 0.0214152 0.0116328 0.00540728 0.00236798 0.0010442
 4.0801e-11 1.91908e-09 6.25032e-08 1.4096e-06 2.2013e-05 0.000238039 0.00178241 0.00924204 0.0331877 0.0825694 0.14257 0.17199 0.14874 0.100877 0.0668395 0.0533494 0.0482539 0.0434573 0.0361626 0.0264749 0.0169615 0.00965096 0.00482167 0.00205877 0.000749438
 3.25655e-11 1.53172e-09 4.98872e-08 1.12508e-06 1.75698e-05 0.000189993 0.00142268 0.00737748 0.0265019 0.0660317 0.114672 0.141435 0.132329 0.111235 0.100907 0.0923387 0.0723206 0.0479896 0.0308639 0.0214691 0.015118 0.00957007 0.00512135 0.00226708 0.000820752
 3.76114e-11 1.76906e-09 5.76172e-08 1.29941e-06 2.02922e-05 0.000219431 0.00164309 0.00851995 0.0305988 0.0761694 0.131799 0.160316 0.142914 0.106128 0.0821283 0.0710824 0.0600105 0.0464343 0.03324 0.0217828 0.0130777 0.00742116 0.00394929 0.00184158 0.000702709
 3.82894e-11 1.80095e-09 5.86558e-08 1.32284e-06 2.0658e-05 0.000223387 0.00167271 0.00867359 0.0311513 0.0775514 0.134236 0.163493 0.146405 0.109947 0.0859049 0.07291 0.057793 0.0408164 0.0275201 0.018339 0.0115467 0.00654524 0.00327791 0.00143537 0.000535223
 3.50249e-11 1.6474e-09 5.36548e-08 1.21005e-06 1.88967e-05 0.000204342 0.00153011 0.00793436 0.0284993 0.0709778 0.123054 0.150797 0.138015 0.109958 0.0937219 0.0842652 0.0682039 0.0480742 0.0314652 0.0198244 0.0118109 0.00650725 0.00323406 0.00139736 0.000506063
 3.75803e-11 1.76759e-09 5.75694e-08 1.29834e-06 2.02754e-05 0.00021925 0.00164173 0.00851295 0.0305743 0.0761147 0.131747 0.160455 0.143677 0.107978 0.0848456 0.0733375 0.0603754 0.0449914 0.031421 0.020552 0.0122024 0.00649757 0.00309119 0.00128851 0.000454973
 3.38996e-11 1.59447e-09 5.19309e-08 1.17117e-06 1.82896e-05 0.000197776 0.00148095 0.00767951 0.0275847 0.0687086 0.119177 0.146317 0.134779 0.109169 0.0951244 0.0866821 0.0706304 0.0503012 0.0337067 0.0219965 0.0134805 0.00742635 0.0035718 0.0014658 0.000502311
 2.71325e-11 1.27618e-09 4.15644e-08 9.37383e-07 1.46386e-05 0.000158297 0.00118535 0.00614699 0.022085 0.0550596 0.0958431 0.119276 0.11503 0.103926 0.103411 0.102704 0.0890216 0.0678569 0.0481908 0.0320498 0.0194295 0.0106018 0.00513355 0.00213715 0.000737479
 3.68125e-11 1.73148e-09 5.63933e-08 1.27181e-06 1.98612e-05 0.00021477 0.00160819 0.00833891 0.0299479 0.0745416 0.128932 0.15659 0.138841 0.101588 0.0770905 0.0669396 0.0589961 0.0496289 0.039677 0.0291042 0.0189136 0.0107531 0.00529376 0.00221364 0.000766513
 3.30252e-11 1.55335e-09 5.05915e-08 1.14097e-06 1.78178e-05 0.000192675 0.00144276 0.0074815 0.0268741 0.0669452 0.116163 0.142827 0.132227 0.108417 0.095782 0.0874929 0.0706106 0.0497827 0.0340501 0.0240265 0.0165821 0.0103215 0.00548819 0.00241435 0.000859688
 2.98723e-11 1.40505e-09 4.57615e-08 1.03204e-06 1.61168e-05 0.000174281 0.00130503 0.00676739 0.0243106 0.0605753 0.10522 0.12989 0.121943 0.103652 0.0965417 0.0931043 0.0806003 0.0620584 0.0445374 0.0299703 0.0187466 0.0109651 0.00587455 0.00272011 0.00102712
 3.34992e-11 1.57564e-09 5.13176e-08 1.15734e-06 1.80736e-05 0.00019544 0.00146345 0.00758864 0.0272564 0.0678718 0.117597 0.143775 0.130546 0.102038 0.0854655 0.0782723 0.0682341 0.0550483 0.0424223 0.0306967 0.0200813 0.0116915 0.00602168 0.00269817 0.00101703
 3.26271e-11 1.53462e-09 4.99816e-08 1.12721e-06 1.7603e-05 0.000190352 0.00142536 0.00739124 0.0265492 0.0661289 0.1147 0.140808 0.129678 0.105045 0.0918049 0.0845863 0.070824 0.0532535 0.0387637 0.0279273 0.0190467 0.0117131 0.00626209 0.00282876 0.0010543
 3.28287e-11 1.5441e-09 5.02904e-08 1.13418e-06 1.77118e-05 0.000191528 0.00143417 0.00743687 0.0267127 0.0665322 0.115372 0.141509 0.129934 0.104504 0.090696 0.0838078 0.0711938 0.0544712 0.0395929 0.0276446 0.0181375 0.0109897 0.00597314 0.00278274 0.00106391
 3.60124e-11 1.69385e-09 5.51676e-08 1.24417e-06 1.94295e-05 0.000210103 0.00157324 0.00815785 0.0292997 0.0729486 0.126316 0.154068 0.138695 0.105807 0.0851308 0.0749282 0.0624933 0.0475722 0.0346715 0.0243427 0.0159352 0.00950864 0.00507268 0.00234547 0.000903544
 3.40747e-11 1.60271e-09 5.21993e-08 1.17723e-06 1.83841e-05 0.000198798 0.0014886 0.00771914 0.0277265 0.0690556 0.119738 0.146814 0.13463 0.107823 0.0926531 0.0840252 0.0689242 0.0499557 0.0343887 0.0232479 0.014989 0.00889806 0.00471864 0.00216131 0.000825402
 3.57578e-11 1.68187e-09 5.47775e-08 1.23537e-06 1.92921e-05 0.000208617 0.00156212 0.00810022 0.0290933 0.0724402 0.125473 0.153218 0.138501 0.106857 0.0873997 0.077625 0.0645904 0.048448 0.0342454 0.0229809 0.0142899 0.00814315 0.00419608 0.0018915 0.000715439
 3.54103e-11 1.66553e-09 5.42451e-08 1.22337e-06 1.91046e-05 0.00020659 0.00154694 0.00802157 0.0288115 0.0717458 0.124319 0.152037 0.138158 0.108059 0.0899224 0.080125 0.0656313 0.0478679 0.0330933 0.022181 0.0139247 0.00792604 0.00400399 0.00175303 0.000645877
 3.06837e-11 1.44321e-09 4.70046e-08 1.06007e-06 1.65546e-05 0.000179015 0.00134048 0.00695123 0.0249711 0.0622216 0.108084 0.133444 0.125321 0.106509 0.0987872 0.0939682 0.0790672 0.0584188 0.0404892 0.0268569 0.0165897 0.00933183 0.00468298 0.00203249 0.000737251
 3.3338e-11 1.56806e-09 5.10706e-08 1.15177e-06 1.79866e-05 0.0001945 0.00145641 0.00755216 0.0271258 0.0675505 0.117067 0.143254 0.130478 0.102837 0.0871459 0.0803303 0.0699531 0.0558777 0.0421421 0.02955 0.0186712 0.0105162 0.00523036 0.00224419 0.000804993
 3.35994e-11 1.58035e-09 5.14711e-08 1.1608e-06 1.81276e-05 0.000196025 0.00146784 0.00761143 0.0273393 0.068088 0.118038 0.144627 0.132302 0.105341 0.0900096 0.0819541 0.0685777 0.0517984 0.0378013 0.0270459 0.0180949 0.0108083 0.00558101 0.00242855 0.000870284
#spawning biomass
 20499.3 20670 15980.2 11335.5 13182.6 25104.9 35434.4 44028.5 56145.9 78278.4 89106.7 114528 142786 180635 203305 167927 152438 145086 152992 160010 154414 140536 146119 161916 173689 206596 194066 177555 163669 132007 174685 125667 82396.6 55220.7 40278.9 32645.7 28917.3 27147.8 26324 25945.3 25772.7 25694.6 25659.3 25643.5 25636.4 25633.2 25631.8 25631.1 25630.8 25630.7 25630.7 25630.6 25630.6 25630.6 25630.6 25630.6 25630.6 25630.6 25630.6 25630.6 25630.6 25630.6 25630.6 25630.6 25630.6 25630.6 25630.6 25630.6 25630.6 25630.6 25630.6 25630.6 25630.6 25630.6 25630.6 25630.6 25630.6 25630.6 25630.6 25630.6 25630.6 25630.6 25630.6 25630.6 25630.6 25630.6 25630.6 25630.6 25630.6 25630.6 25630.6 25630.6 25630.6 25630.6 25630.6 25630.6 25630.6 25630.6 25630.6 25630.6 25630.6 25630.6 25630.6 25630.6 25630.6 25630.6 25630.6 25630.6 25630.6 25630.6 25630.6 25630.6 25630.6 25630.6 25630.6 25630.6 25630.6 25630.6 25630.6 25630.6 25630.6 25630.6 25630.6 25630.6 25630.6 25630.6 25630.6 25630.6 25630.6 0 0 0 0 0 0 0 0 0 0 0 0 0 0 0 0 0 0 0 0 0 0 0 0 0
