SBPRF35
0.11591
Curr Bio
176737
B35
140071
F35
2.9785
FOFL
2.9785
OFL
84572.8
Bzero
33094.4
#pred survey bio
 16750.4 11916.3 13993.2 19282.5 23279.8 26780.6 32951.8 37119.1 40790.8 48086.3 63805.2 73982.7 92400 112740 118380 102545 87774 85062.6 90288.3 88730.9 81393 86424.9 88648 93144 102688 106772 99057.6 84377.1 1.90317e+06 1.66178e+06 651471 363058 266605 220012 195688 182829 176038 172466 170596 169622 169116 168855 168720 168650 168614 168596 168587 168583 168580 168579 168578 168578 168578 168578 168578 168578 168578 168578 168578 168578 168578 168578 168578 168578 168578 168578 168578 168578 168578 168578 168578 168578 168578 168578 168578 168578 168578 168578 168578 168578 168578 168578 168578 168578 168578 168578 168578 168578 168578 168578 168578 168578 168578 168578 168578 168578 168578 168578 168578 168578 168578 168578 168578 168578 168578 168578 168578 168578 168578 168578 168578 168578 168578 168578 168578 168578 168578 168578 168578 168578 168578 168578 168578 168578 168578 168578 168578 168578 0 0 0 0 0 0 0 0 0 0 0 0 0 0 0 0 0 0 0 0 0 0 0 0 0
#obs survey bio
 15779.2 10612.9 20911.6 22615.2 25946.7 22927.2 32048.1 38673.2 33165.5 45567.8 71136 76927.3 74804.6 114469 88532.6 79491 90977.4 110236 75224.6 60668.6 98861.9 83151.7 102411 97430.1 144762 130314 84406.2 80525.6
#pred catch bio
 9604.91 5850.77 6917.04 10542.7 14286.6 16303.5 21629 26033.5 31543.8 35869.4 51170.4 60575.5 78433.8 92257.8 101257 94749.1 80965.6 77339.4 88118.8 92188.1 84010.5 91800.7 96060.9 100067 108932 116172 113498 92231.3 84572.8 62958 10668.1 5935.02 5751.45 5745.3 5745.11 5745.1 5745.1 5745.1 5745.1 5745.1 5745.1 5745.1 5745.1 5745.1 5745.1 5745.1 5745.1 5745.1 5745.1 5745.1 5745.1 5745.1 5745.1 5745.1 5745.1 5745.1 5745.1 5745.1 5745.1 5745.1 5745.1 5745.1 5745.1 5745.1 5745.1 5745.1 5745.1 5745.1 5745.1 5745.1 5745.1 5745.1 5745.1 5745.1 5745.1 5745.1 5745.1 5745.1 5745.1 5745.1 5745.1 5745.1 5745.1 5745.1 5745.1 5745.1 5745.1 5745.1 5745.1 5745.1 5745.1 5745.1 5745.1 5745.1 5745.1 5745.1 5745.1 5745.1 5745.1 5745.1 5745.1 5745.1 5745.1 5745.1 5745.1 5745.1 5745.1 5745.1 5745.1 5745.1 5745.1 5745.1 5745.1 5745.1 5745.1 5745.1 5745.1 5745.1 5745.1 5745.1 5745.1 5745.1 5745.1 5745.1 5745.1 5745.1 5745.1 5745.1 0 0 0 0 0 0 0 0 0 0 0 0 0 0 0 0 0 0 0 0 0 0 0 0 0
#obs catch bio
 6130.88 5962.85 6969.85 10604.9 14679.2 16550 21919.5 25980.1 32157 35574.9 50590.6 60925.2 76756.1 90994.2 101637 96465.1 78676.9 76775.8 86829 93252.1 82048.8 89455 95799.8 97060.4 103618 112396 113320 92827.2
#pred cpue bio
 16838.8 11517.7 13083.2 18537.6 22367.1 25352.9 31515.8 35540.8 38586.9 44206.6 60185.1 68978.2 84848.1 106288 114597 98236 83164 79840.7 84223.1 83723.9 74958.5 79767.4 81559.8 84738.8 94247.2 99127.7 92385.3 78042.5 1.75361e+06 1.77072e+06 660835 357550 260119 213454 189124 176265 169474 165902 164032 163058 162552 162291 162155 162085 162050 162032 162023 162018 162016 162015 162014 162014 162014 162014 162014 162014 162014 162014 162014 162014 162014 162014 162014 162014 162014 162014 162014 162014 162014 162014 162014 162014 162014 162014 162014 162014 162014 162014 162014 162014 162014 162014 162014 162014 162014 162014 162014 162014 162014 162014 162014 162014 162014 162014 162014 162014 162014 162014 162014 162014 162014 162014 162014 162014 162014 162014 162014 162014 162014 162014 162014 162014 162014 162014 162014 162014 162014 162014 162014 162014 162014 162014 162014 162014 162014 162014 162014 162014 0 0 0 0 0 0 0 0 0 0 0 0 0 0 0 0 0 0 0 0 0 0 0 0 0
#obs cpue bio
 7134.48 8523.81 8217.26 13240.6 13575.9 20780.6 34346.6 38413.2 32791.7 60217.6 59291.1 64945.3 152257 110918 123180 119437 127230 67512.7 107464 108432 109999 104742 74689.6 150860 150224 113535 100584 85861.6
#pred surv len freq
 2.55728e-27 2.57264e-27 1.95349e-26 3.58123e-20 8.77894e-15 2.60136e-10 9.31763e-07 0.000403418 0.0211134 0.13357 0.10265 0.0414208 0.243156 0.224962 0.0564393 0.0726305 0.0303649 0.0221989 0.0132578 0.00984292 0.00759154 0.00648939 0.00646004 0.00570735 0.0017404
 2.56124e-27 2.58364e-27 2.9391e-26 5.66049e-20 1.3876e-14 4.11171e-10 1.47275e-06 0.000637643 0.0333719 0.21112 0.161803 0.0374719 0.171549 0.159696 0.0599164 0.0967382 0.0337602 0.0154759 0.00694323 0.00390575 0.00243847 0.00177463 0.00155988 0.00137642 0.000459791
 2.56406e-27 2.59076e-27 3.51219e-26 6.86925e-20 1.68391e-14 4.98974e-10 1.78724e-06 0.000773807 0.0404983 0.256203 0.196281 0.0407817 0.172512 0.159443 0.0392128 0.0496781 0.02096 0.0148791 0.00513896 0.00180286 0.000766119 0.00042233 0.000305095 0.000252194 8.71809e-05
 2.5622e-27 2.58551e-27 3.0311e-26 5.8543e-20 1.43511e-14 4.25249e-10 1.52317e-06 0.000659475 0.0345145 0.218349 0.167419 0.043492 0.213416 0.197063 0.0436743 0.0501451 0.0174468 0.00801682 0.00359264 0.00154581 0.000400848 0.000132169 6.71555e-05 4.7462e-05 1.6222e-05
 2.56213e-27 2.58549e-27 3.04512e-26 5.88393e-20 1.44237e-14 4.27401e-10 1.53088e-06 0.000662813 0.0346892 0.219454 0.168239 0.0420449 0.201828 0.186745 0.04866 0.0640938 0.0213608 0.00815412 0.0027 0.000942734 0.000320416 7.18811e-05 1.89437e-05 9.53547e-06 3.04594e-06
 2.56328e-27 2.58849e-27 3.2971e-26 6.41545e-20 1.57267e-14 4.6601e-10 1.66917e-06 0.000722687 0.0378228 0.239278 0.183383 0.0424327 0.194139 0.179361 0.0421252 0.051082 0.0179335 0.00824951 0.00256113 0.00068768 0.000169133 4.17516e-05 7.14353e-06 1.77031e-06 4.70014e-07
 2.56261e-27 2.58659e-27 3.12172e-26 6.04545e-20 1.48197e-14 4.39134e-10 1.5729e-06 0.000681008 0.0356415 0.225478 0.172863 0.0435361 0.209928 0.193827 0.0428182 0.0489706 0.0165211 0.00666409 0.00223153 0.000674734 0.000135662 2.40503e-05 3.77148e-06 4.77372e-07 7.7838e-08
 2.56252e-27 2.58637e-27 3.10347e-26 6.00696e-20 1.47253e-14 4.36338e-10 1.56289e-06 0.000676671 0.0354145 0.224043 0.171765 0.0434258 0.209859 0.193824 0.0439348 0.0514938 0.0169138 0.00608496 0.00189145 0.000530723 0.000119405 1.88678e-05 2.12748e-06 1.92536e-07 1.5242e-08
 2.56341e-27 2.58871e-27 3.30451e-26 6.43103e-20 1.57649e-14 4.67142e-10 1.67322e-06 0.000724442 0.0379147 0.239859 0.183842 0.0433873 0.201082 0.185599 0.0402032 0.0450458 0.0148379 0.00540237 0.00160392 0.000400571 8.19111e-05 1.34623e-05 1.38155e-06 8.78194e-08 3.91259e-09
 2.56527e-27 2.59359e-27 3.72009e-26 7.30767e-20 1.79139e-14 5.3082e-10 1.90131e-06 0.000823194 0.043083 0.272555 0.208809 0.0434513 0.184027 0.16958 0.0322833 0.0309742 0.00993693 0.00323505 0.000953142 0.000235942 4.37313e-05 6.42584e-06 6.52445e-07 3.64124e-08 1.05572e-09
 2.56373e-27 2.58936e-27 3.33912e-26 6.50396e-20 1.59437e-14 4.7244e-10 1.6922e-06 0.000732658 0.0383447 0.242579 0.185946 0.0451006 0.212642 0.195883 0.0351042 0.0307619 0.00950113 0.00251904 0.000694069 0.000156925 2.86562e-05 3.90776e-06 3.52465e-07 1.87555e-08 4.50505e-10
 2.56444e-27 2.59132e-27 3.51776e-26 6.88083e-20 1.68675e-14 4.99815e-10 1.79025e-06 0.000775112 0.0405666 0.256636 0.196664 0.0441781 0.198091 0.182558 0.0346057 0.0329671 0.00997757 0.00227747 0.000574473 0.000107506 1.76937e-05 2.28397e-06 1.91831e-07 9.11087e-09 2.01659e-10
 2.56536e-27 2.59376e-27 3.72704e-26 7.32231e-20 1.79498e-14 5.31883e-10 1.90512e-06 0.000824843 0.0431693 0.273101 0.209236 0.0440797 0.18851 0.173586 0.0306511 0.0262128 0.00802872 0.00201175 0.000495028 7.97352e-05 1.11067e-05 1.21981e-06 9.41759e-08 4.12484e-09 8.19155e-11
 2.56382e-27 2.58949e-27 3.34257e-26 6.5112e-20 1.59614e-14 4.72966e-10 1.69408e-06 0.000733474 0.0383874 0.242849 0.186163 0.0458051 0.21785 0.200534 0.0331067 0.0250174 0.00748088 0.00160062 0.000393053 6.77375e-05 8.66948e-06 7.9001e-07 5.04083e-08 1.97694e-09 3.58508e-11
 2.56191e-27 2.58445e-27 2.90944e-26 5.59754e-20 1.37217e-14 4.06598e-10 1.45637e-06 0.000630551 0.0330008 0.208773 0.160146 0.0460005 0.237616 0.219046 0.0413321 0.039105 0.011569 0.0021877 0.000504418 7.63813e-05 9.98357e-06 8.94405e-07 4.75797e-08 1.51871e-09 2.41944e-11
 2.56262e-27 2.58644e-27 3.09178e-26 5.98221e-20 1.46647e-14 4.34541e-10 1.55645e-06 0.000673884 0.0352687 0.22312 0.171084 0.044901 0.221565 0.204348 0.0407943 0.0416041 0.0127188 0.00308675 0.000724636 9.72754e-05 1.13719e-05 9.58022e-07 5.05182e-08 1.37267e-09 1.77202e-11
 2.56347e-27 2.58859e-27 3.26725e-26 6.35233e-20 1.5572e-14 4.61426e-10 1.65275e-06 0.000715577 0.0374507 0.236924 0.181637 0.0456581 0.219912 0.202516 0.0348986 0.0286186 0.00877716 0.00223 0.000557952 9.21627e-05 1.0514e-05 7.75277e-07 3.72372e-08 9.77916e-10 1.09344e-11
 2.56408e-27 2.59024e-27 3.41103e-26 6.65564e-20 1.63155e-14 4.83458e-10 1.73166e-06 0.000749744 0.0392389 0.248237 0.19027 0.0453841 0.21176 0.19497 0.0331351 0.0264767 0.00782851 0.00151097 0.000364795 6.3677e-05 8.33265e-06 6.82074e-07 2.9422e-08 6.91423e-10 7.28629e-12
 2.56447e-27 2.59127e-27 3.50145e-26 6.8464e-20 1.67831e-14 4.97314e-10 1.78129e-06 0.000771232 0.0403635 0.255351 0.1957 0.0452089 0.206613 0.190197 0.0318892 0.0248361 0.00732471 0.00138307 0.000311414 4.29294e-05 5.53705e-06 5.04039e-07 2.47694e-08 5.51683e-10 5.18263e-12
 2.5638e-27 2.58938e-27 3.32592e-26 6.47607e-20 1.58753e-14 4.70413e-10 1.68494e-06 0.000729515 0.0381802 0.241539 0.185173 0.0464191 0.223218 0.205359 0.03165 0.0204709 0.00596311 0.001035 0.000227645 3.01301e-05 3.32126e-06 2.62874e-07 1.38949e-08 3.49585e-10 3.24211e-12
 2.56525e-27 2.59331e-27 3.67291e-26 7.20807e-20 1.76697e-14 5.23585e-10 1.87539e-06 0.000811974 0.0424958 0.26884 0.206004 0.0454475 0.201189 0.185017 0.0278036 0.0168148 0.0047834 0.000643154 0.00012974 1.58417e-05 1.6756e-06 1.18386e-07 5.29788e-09 1.36236e-10 1.40415e-12
 2.56514e-27 2.59298e-27 3.64e-26 7.13864e-20 1.74995e-14 5.18542e-10 1.85733e-06 0.000804153 0.0420865 0.266251 0.204033 0.0458287 0.205475 0.188905 0.0272604 0.0145981 0.00412373 0.000523587 9.94288e-05 9.6178e-06 9.04564e-07 5.92598e-08 2.40135e-09 5.27896e-11 5.3474e-13
 2.56532e-27 2.59346e-27 3.6816e-26 7.22637e-20 1.77146e-14 5.24915e-10 1.88016e-06 0.000814036 0.0426037 0.269523 0.206531 0.045802 0.203516 0.187074 0.0265237 0.0133779 0.0037386 0.000413297 7.38675e-05 6.70297e-06 5.50676e-07 2.91046e-08 1.05898e-09 2.09754e-11 1.84329e-13
 2.56593e-27 2.59511e-27 3.82686e-26 7.53283e-20 1.84658e-14 5.47175e-10 1.95989e-06 0.000848557 0.0444104 0.280953 0.215252 0.045416 0.194451 0.178696 0.024803 0.0115638 0.0032111 0.000330865 5.63404e-05 4.49552e-06 3.39892e-07 1.60504e-08 4.74212e-10 8.01889e-12 6.28845e-14
 2.56547e-27 2.59382e-27 3.71188e-26 7.29025e-20 1.78712e-14 5.29555e-10 1.89678e-06 0.000821232 0.0429803 0.271906 0.208351 0.0458749 0.202792 0.186367 0.0256818 0.0116364 0.00321855 0.000313692 5.16002e-05 3.84955e-06 2.67444e-07 1.10664e-08 2.92051e-10 4.07728e-12 2.65457e-14
 2.56482e-27 2.59207e-27 3.55727e-26 6.9641e-20 1.70717e-14 5.05864e-10 1.81192e-06 0.000784491 0.0410575 0.259741 0.199069 0.0462705 0.212324 0.195182 0.0275818 0.0137474 0.00381023 0.000366425 5.95194e-05 4.21785e-06 2.77956e-07 1.05318e-08 2.45652e-10 2.99431e-12 1.63208e-14
 2.56455e-27 2.59135e-27 3.49244e-26 6.82733e-20 1.67364e-14 4.95929e-10 1.77633e-06 0.000769085 0.0402511 0.25464 0.195178 0.0465448 0.217145 0.199611 0.0280117 0.0136135 0.00378147 0.000383472 6.38347e-05 4.46028e-06 2.86254e-07 1.01972e-08 2.19898e-10 2.37665e-12 1.12232e-14
 2.56505e-27 2.59265e-27 3.60593e-26 7.06673e-20 1.73232e-14 5.13318e-10 1.83862e-06 0.000796052 0.0416625 0.263569 0.201994 0.0464133 0.211355 0.194216 0.0261089 0.0106351 0.00292587 0.000274844 4.42621e-05 3.22961e-06 2.11571e-07 7.37938e-09 1.51605e-10 1.51419e-12 6.39244e-15
#obs surv len freq
 1.0851e-41 1.50604e-33 2.5267e-26 5.1241e-20 1.25611e-14 3.72209e-10 1.33319e-06 0.000577226 0.0302097 0.191116 0.146643 0.0401495 0.173177 0.146547 0.10382 0.101758 0.0441892 0.0173548 0.00393461 0.0004962 2.56564e-05 3.94426e-07 1.35183e-09 8.39823e-13 8.28143e-17
 1.6055e-41 2.22833e-33 3.73848e-26 7.58156e-20 1.85853e-14 5.50717e-10 1.97258e-06 0.000854058 0.044698 0.282773 0.216649 0.0407159 0.126758 0.102276 0.0758166 0.0684649 0.0285551 0.0101592 0.00204809 0.00022096 9.30418e-06 1.10292e-07 2.80164e-10 1.26097e-13 8.89541e-18
 1.5355e-41 2.13118e-33 3.57549e-26 7.25102e-20 1.7775e-14 5.26707e-10 1.88658e-06 0.000816823 0.0427493 0.270445 0.207464 0.0500043 0.176744 0.128843 0.0565655 0.0426823 0.01712 0.00549893 0.000973794 8.78438e-05 2.959e-06 2.68886e-08 5.05689e-11 1.64738e-14 8.30527e-19
 1.07649e-41 1.4941e-33 2.50667e-26 5.08347e-20 1.24615e-14 3.69258e-10 1.32262e-06 0.00057265 0.0299702 0.189603 0.145965 0.0564931 0.230249 0.163084 0.0979459 0.0657626 0.0158769 0.00384348 0.000588056 4.36581e-05 1.15243e-06 7.91608e-09 1.09725e-11 2.58725e-15 9.32799e-20
 1.5013e-41 2.08371e-33 3.49585e-26 7.08951e-20 1.73791e-14 5.14975e-10 1.84456e-06 0.000798629 0.0417971 0.264422 0.202898 0.047199 0.142195 0.1042 0.10422 0.0692771 0.0190881 0.00355486 0.000329528 1.8444e-05 3.75078e-07 1.91848e-09 1.93931e-12 3.29489e-16 8.49045e-21
 1.19961e-41 1.66498e-33 2.79334e-26 5.66485e-20 1.38867e-14 4.11488e-10 1.47388e-06 0.000638141 0.0333978 0.211288 0.162882 0.0649523 0.231117 0.14398 0.0785614 0.0499082 0.0191994 0.00376661 0.000297292 1.01605e-05 1.37087e-07 5.06756e-10 3.69304e-13 4.48267e-17 8.21226e-22
 1.37799e-41 1.91256e-33 3.20872e-26 6.50721e-20 1.59517e-14 4.72677e-10 1.69305e-06 0.000733033 0.038364 0.242705 0.18675 0.0579182 0.174971 0.116503 0.109629 0.0568677 0.0128286 0.00249854 0.000224189 6.44523e-06 5.48858e-08 1.26273e-10 6.26036e-14 5.34072e-18 6.90173e-23
 1.19012e-41 1.65181e-33 2.77125e-26 5.62003e-20 1.37768e-14 4.08233e-10 1.46222e-06 0.000633093 0.0331336 0.209619 0.162048 0.0720706 0.226727 0.133316 0.0945832 0.0502805 0.0152799 0.00216054 0.000143325 4.04849e-06 2.90329e-08 4.44128e-11 1.35521e-14 7.44531e-19 6.5187e-24
 1.51431e-41 2.10176e-33 3.52615e-26 7.15095e-20 1.75297e-14 5.19438e-10 1.86054e-06 0.00080555 0.0421593 0.266717 0.205474 0.0644385 0.167014 0.103987 0.0961681 0.0421602 0.00959513 0.00139562 8.24005e-05 1.65435e-06 9.83988e-09 1.23895e-11 2.70413e-15 9.57995e-20 5.29479e-25
 1.51696e-41 2.10545e-33 3.53232e-26 7.16348e-20 1.75604e-14 5.20348e-10 1.8638e-06 0.000806962 0.0422332 0.267188 0.20645 0.0778875 0.198279 0.103752 0.0665808 0.028765 0.00719956 0.000814936 3.99026e-05 6.84941e-07 2.97165e-09 2.78565e-12 4.74947e-16 1.26844e-20 4.9216e-26
 1.09655e-41 1.52194e-33 2.55336e-26 5.17817e-20 1.26937e-14 3.76137e-10 1.34726e-06 0.000583318 0.0305285 0.193148 0.150979 0.0969686 0.257485 0.136071 0.0957637 0.0322046 0.00564844 0.000594006 2.47318e-05 3.25035e-07 1.10851e-09 7.68544e-13 9.3414e-17 1.82149e-21 5.26825e-27
 1.66405e-41 2.30959e-33 3.87482e-26 7.85806e-20 1.92631e-14 5.70801e-10 2.04452e-06 0.000885205 0.0463281 0.293096 0.226303 0.0712362 0.144731 0.0940883 0.0896605 0.0286754 0.00464003 0.000343996 1.06891e-05 1.13276e-07 2.89838e-10 1.48819e-13 1.32979e-17 1.85511e-22 3.78858e-28
 1.33631e-41 1.85471e-33 3.11167e-26 6.3104e-20 1.54692e-14 4.58381e-10 1.64185e-06 0.000710862 0.0372037 0.235386 0.184421 0.110635 0.243157 0.106714 0.0573294 0.0202259 0.00394513 0.000263551 6.09151e-06 4.44194e-08 8.35533e-11 3.16456e-14 2.04213e-18 2.05027e-23 3.0063e-29
 1.11578e-41 1.54862e-33 2.59814e-26 5.26897e-20 1.29163e-14 3.82732e-10 1.37089e-06 0.000593546 0.0310639 0.19655 0.155348 0.111815 0.235121 0.138047 0.104196 0.0240866 0.00296697 0.000205963 4.62007e-06 2.58201e-08 3.30904e-11 8.61091e-15 3.94943e-19 2.83691e-24 2.96002e-30
 8.7553e-42 1.21518e-33 2.03871e-26 4.13447e-20 1.01352e-14 3.00323e-10 1.07571e-06 0.000465745 0.0243753 0.154248 0.124312 0.123318 0.249012 0.15988 0.12471 0.0347731 0.00469294 0.000207311 3.53156e-06 1.78192e-08 1.83278e-11 3.37202e-15 1.04398e-19 5.10576e-25 3.70453e-31
 1.41761e-41 1.96754e-33 3.30096e-26 6.69429e-20 1.64103e-14 4.86266e-10 1.74173e-06 0.000754107 0.039467 0.249715 0.195748 0.0947339 0.159984 0.126075 0.100988 0.0283284 0.00401405 0.000188403 2.52378e-06 8.66542e-09 6.92655e-12 1.02225e-15 2.37871e-20 8.19446e-26 4.0538e-32
 9.73723e-42 1.35146e-33 2.26736e-26 4.59816e-20 1.12719e-14 3.34006e-10 1.19635e-06 0.00051798 0.0271091 0.171585 0.14149 0.162181 0.272933 0.126387 0.0722849 0.0221858 0.00317575 0.000147092 1.92351e-06 5.57291e-09 3.15181e-12 3.24792e-16 5.60948e-21 1.46742e-26 5.40408e-33
 1.44011e-41 1.99878e-33 3.35336e-26 6.80055e-20 1.66708e-14 4.93985e-10 1.76937e-06 0.000766078 0.0400935 0.253705 0.200807 0.108206 0.161584 0.135186 0.0831299 0.0148646 0.00158419 7.10832e-05 8.67778e-07 2.27161e-09 1.08811e-12 8.54258e-17 1.03709e-21 1.87973e-27 4.91785e-34
 1.00475e-41 1.39453e-33 2.33961e-26 4.74469e-20 1.1631e-14 3.44649e-10 1.23448e-06 0.000534486 0.0279731 0.17711 0.149699 0.183778 0.261423 0.120929 0.0616548 0.0154426 0.0014141 4.02888e-05 3.93323e-07 8.9654e-10 3.65848e-13 2.37437e-17 2.28411e-22 3.11045e-28 5.83048e-35
 1.28931e-41 1.78947e-33 3.00221e-26 6.08842e-20 1.4925e-14 4.42256e-10 1.58409e-06 0.000685857 0.0358952 0.227202 0.184391 0.132416 0.181363 0.152116 0.0737992 0.0111802 0.000923766 2.59388e-05 1.78901e-07 2.84649e-10 9.0605e-14 4.74122e-18 3.64871e-23 3.91387e-29 5.67121e-36
 1.41012e-41 1.95715e-33 3.28353e-26 6.65893e-20 1.63236e-14 4.83698e-10 1.73253e-06 0.000750124 0.0392588 0.248541 0.204428 0.159209 0.187386 0.101844 0.0480945 0.00981888 0.000654874 1.31206e-05 7.70572e-08 9.46877e-11 2.07731e-14 7.64623e-19 4.37014e-24 3.58114e-30 3.98564e-37
 1.12957e-41 1.56777e-33 2.63026e-26 5.33411e-20 1.3076e-14 3.87464e-10 1.38783e-06 0.000600885 0.0314484 0.199233 0.172816 0.19675 0.225354 0.122528 0.0444619 0.00637775 0.000421076 7.98033e-06 3.44633e-08 3.15045e-11 5.31012e-15 1.42411e-19 5.64972e-25 3.20672e-31 2.53216e-38
 1.37651e-41 1.9105e-33 3.20526e-26 6.50021e-20 1.59345e-14 4.72168e-10 1.69123e-06 0.000732244 0.0383233 0.242713 0.203247 0.16047 0.179134 0.126153 0.0437218 0.00525482 0.000245754 3.66867e-06 1.38338e-08 9.93389e-12 1.20744e-15 2.34648e-20 6.84136e-26 2.81652e-32 1.57302e-39
 1.35447e-41 1.87992e-33 3.15395e-26 6.39615e-20 1.56794e-14 4.64609e-10 1.66416e-06 0.000720522 0.0377101 0.238974 0.206957 0.193934 0.188147 0.0970501 0.0321668 0.00416915 0.00016756 1.81113e-06 4.88846e-09 2.72631e-12 2.61084e-16 3.80406e-21 7.96837e-27 2.33252e-33 9.3254e-41
 1.18673e-41 1.6471e-33 2.76336e-26 5.60403e-20 1.37376e-14 4.07071e-10 1.45806e-06 0.00063129 0.0330405 0.209586 0.190228 0.213802 0.20675 0.113154 0.0297652 0.00293346 0.000107948 1.0336e-06 2.10072e-09 8.17413e-13 5.56734e-17 6.01035e-22 9.47119e-28 2.05983e-34 5.98196e-42
 1.06393e-41 1.47667e-33 2.47742e-26 5.02416e-20 1.23161e-14 3.6495e-10 1.30719e-06 0.000565969 0.0296224 0.188114 0.178155 0.221052 0.217315 0.129792 0.0324919 0.00281221 7.73059e-05 5.78044e-07 9.71464e-10 2.95153e-13 1.44931e-17 1.08758e-22 1.1963e-28 1.85392e-35 3.9075e-43
 1.04953e-41 1.45668e-33 2.44389e-26 4.95616e-20 1.21494e-14 3.6001e-10 1.2895e-06 0.000558309 0.0292221 0.18574 0.179762 0.221652 0.216842 0.131688 0.03184 0.00263157 6.17682e-05 3.51749e-07 4.31592e-10 9.91386e-14 3.74252e-18 2.10712e-23 1.67456e-29 1.8236e-36 2.67067e-44
 1.27222e-41 1.76575e-33 2.96241e-26 6.00772e-20 1.47272e-14 4.36394e-10 1.56309e-06 0.000676766 0.0354214 0.224854 0.205186 0.200199 0.19224 0.112429 0.0267628 0.00217883 4.93155e-05 2.56883e-07 2.65833e-10 4.87467e-14 1.45894e-18 6.64515e-24 4.34651e-30 3.90365e-37 4.66611e-45
#pred catch len freq
 2.55601e-27 2.5691e-27 1.63011e-26 2.89898e-20 7.10651e-15 2.10579e-10 7.54257e-07 0.000326565 0.0170912 0.108125 0.0832487 0.0432222 0.270496 0.250057 0.0584898 0.0709519 0.0292741 0.0209107 0.0124312 0.00920809 0.00709804 0.00606685 0.00603931 0.00533564 0.00162705
 2.55923e-27 2.57818e-27 2.4564e-26 4.64219e-20 1.13798e-14 3.37203e-10 1.2078e-06 0.000522933 0.0273684 0.173141 0.132825 0.0388768 0.2026 0.188361 0.0652163 0.101605 0.0351759 0.0157059 0.00701123 0.00393281 0.0024538 0.00178555 0.00156945 0.00138486 0.000462612
 2.5619e-27 2.58485e-27 2.98828e-26 5.76401e-20 1.41298e-14 4.18691e-10 1.49968e-06 0.000649304 0.0339822 0.214981 0.164831 0.0424794 0.207527 0.191719 0.0442695 0.0530932 0.0221087 0.0153492 0.00528442 0.00184729 0.000784347 0.0004323 0.00031229 0.000258141 8.92367e-05
 2.56026e-27 2.5802e-27 2.5563e-26 4.85263e-20 1.18956e-14 3.52489e-10 1.26256e-06 0.000546639 0.0286091 0.18099 0.138921 0.0453076 0.247255 0.228202 0.0476076 0.0512701 0.0176854 0.00791238 0.00352807 0.00151402 0.000392334 0.000129326 6.57081e-05 4.64388e-05 1.58723e-05
 2.56052e-27 2.58108e-27 2.64891e-26 5.04807e-20 1.23747e-14 3.66685e-10 1.31341e-06 0.000568654 0.0297613 0.188279 0.144461 0.0436958 0.231097 0.213652 0.0515844 0.0639792 0.0211672 0.00785796 0.00258953 0.000900898 0.000305956 6.86238e-05 1.80842e-05 9.10278e-06 2.90772e-06
 2.5616e-27 2.58387e-27 2.88315e-26 5.54217e-20 1.3586e-14 4.02576e-10 1.44196e-06 0.000624314 0.0326744 0.206708 0.158539 0.044093 0.224229 0.207035 0.0453516 0.0514644 0.0179063 0.00801889 0.00247983 0.000663371 0.000163003 4.02274e-05 6.88241e-06 1.70558e-06 4.52829e-07
 2.56114e-27 2.58253e-27 2.75637e-26 5.27469e-20 1.29303e-14 3.83147e-10 1.37237e-06 0.000594183 0.0310974 0.196731 0.150938 0.0451591 0.237682 0.219321 0.0452141 0.0480063 0.0160654 0.0063015 0.00210032 0.000632874 0.000127143 2.25327e-05 3.53326e-06 4.47215e-07 7.29207e-08
 2.56128e-27 2.58292e-27 2.79158e-26 5.34896e-20 1.31123e-14 3.88542e-10 1.39169e-06 0.000602549 0.0315352 0.199501 0.15305 0.0449559 0.234652 0.216571 0.0455559 0.0494536 0.0161247 0.00563656 0.0017436 0.000487429 0.000109569 1.73088e-05 1.95155e-06 1.76611e-07 1.39814e-08
 2.56253e-27 2.58623e-27 3.07663e-26 5.95027e-20 1.45864e-14 4.3222e-10 1.54814e-06 0.000670286 0.0350803 0.221928 0.170171 0.044705 0.220714 0.203574 0.0408207 0.0419169 0.0137004 0.00484427 0.0014315 0.000356139 7.27572e-05 1.19541e-05 1.2267e-06 7.79748e-08 3.47398e-09
 2.56418e-27 2.59058e-27 3.44825e-26 6.73419e-20 1.65081e-14 4.89163e-10 1.7521e-06 0.000758593 0.039702 0.251166 0.192497 0.0447435 0.205321 0.189121 0.0337726 0.0294453 0.009378 0.00296451 0.000868991 0.000214294 3.96825e-05 5.82895e-06 5.91796e-07 3.30271e-08 9.57566e-10
 2.56289e-27 2.58699e-27 3.12376e-26 6.04962e-20 1.48299e-14 4.39437e-10 1.57399e-06 0.000681477 0.035666 0.225634 0.173025 0.0462759 0.230663 0.212391 0.0358054 0.0282009 0.00865407 0.00222641 0.000609832 0.000137334 2.50542e-05 3.41543e-06 3.08034e-07 1.63909e-08 3.93708e-10
 2.56372e-27 2.58929e-27 3.33172e-26 6.48836e-20 1.59054e-14 4.71306e-10 1.68814e-06 0.0007309 0.0382527 0.241997 0.185504 0.0452729 0.214263 0.197356 0.0349493 0.0300224 0.00903605 0.00200123 0.000501557 9.34739e-05 1.5367e-05 1.98292e-06 1.66532e-07 7.90918e-09 1.7506e-10
 2.56478e-27 2.59212e-27 3.57652e-26 7.00475e-20 1.71713e-14 5.08816e-10 1.82249e-06 0.00078907 0.0412971 0.261257 0.200207 0.0450033 0.201882 0.185816 0.0308227 0.0235218 0.00715844 0.00173989 0.00042567 6.82783e-05 9.49924e-06 1.04284e-06 8.05051e-08 3.526e-09 7.00229e-11
 2.56301e-27 2.58725e-27 3.13814e-26 6.07994e-20 1.49042e-14 4.41639e-10 1.58188e-06 0.000684892 0.0358448 0.226765 0.173899 0.0468942 0.234755 0.216021 0.0338196 0.0227425 0.00676041 0.00140368 0.000342378 5.87622e-05 7.51247e-06 6.84274e-07 4.36569e-08 1.71212e-09 3.10483e-11
 2.56139e-27 2.58296e-27 2.76948e-26 5.30226e-20 1.29978e-14 3.85149e-10 1.37954e-06 0.000597288 0.0312599 0.19776 0.151754 0.0470694 0.251647 0.23184 0.0408047 0.0346803 0.0102103 0.00187372 0.000428831 6.46624e-05 8.4412e-06 7.55911e-07 4.02079e-08 1.28337e-09 2.04451e-11
 2.56255e-27 2.58617e-27 3.05977e-26 5.91466e-20 1.44991e-14 4.29634e-10 1.53888e-06 0.000666275 0.0348704 0.2206 0.169173 0.0457297 0.229213 0.211235 0.0389095 0.0355663 0.0108083 0.00254303 0.000593525 7.93412e-05 9.26261e-06 7.79964e-07 4.11242e-08 1.11739e-09 1.44246e-11
 2.56329e-27 2.58803e-27 3.21166e-26 6.23505e-20 1.52845e-14 4.52906e-10 1.62223e-06 0.000702365 0.0367592 0.23255 0.178307 0.0463597 0.227589 0.209476 0.0338746 0.0245266 0.00747087 0.00184021 0.000457739 7.5298e-05 8.58062e-06 6.32411e-07 3.03714e-08 7.97583e-10 8.91796e-12
 2.56381e-27 2.58943e-27 3.33352e-26 6.4921e-20 1.59146e-14 4.71578e-10 1.68911e-06 0.000731322 0.0382747 0.242137 0.185624 0.0461053 0.220513 0.202931 0.032441 0.0228888 0.00672986 0.00125993 0.000301892 5.24779e-05 6.85958e-06 5.61261e-07 2.42079e-08 5.68872e-10 5.99479e-12
 2.56458e-27 2.59153e-27 3.51928e-26 6.88399e-20 1.68753e-14 5.00044e-10 1.79107e-06 0.000775467 0.0405851 0.256753 0.196777 0.0456133 0.208933 0.19223 0.0302667 0.0206239 0.00604715 0.00110715 0.000247424 3.39628e-05 4.37449e-06 3.98043e-07 1.95585e-08 4.35611e-10 4.09219e-12
 2.56426e-27 2.59059e-27 3.42897e-26 6.69345e-20 1.64082e-14 4.86204e-10 1.7415e-06 0.000754003 0.0394618 0.249647 0.191364 0.0464635 0.219206 0.201572 0.0294313 0.0163655 0.00473641 0.000797056 0.000173876 2.29154e-05 2.52253e-06 1.99557e-07 1.05469e-08 2.65344e-10 2.46083e-12
 2.56562e-27 2.59428e-27 3.75535e-26 7.38198e-20 1.8096e-14 5.36218e-10 1.92064e-06 0.000831564 0.0435211 0.275327 0.210957 0.0454814 0.197966 0.181975 0.0260123 0.013498 0.00381715 0.000498393 9.9498e-05 1.20968e-05 1.27763e-06 9.0224e-08 4.03708e-09 1.03811e-10 1.06994e-12
 2.56567e-27 2.59438e-27 3.7618e-26 7.39557e-20 1.81294e-14 5.37205e-10 1.92418e-06 0.000833096 0.0436012 0.275834 0.211348 0.0456777 0.199186 0.183048 0.0252564 0.0115046 0.00322868 0.000398207 7.48052e-05 7.20563e-06 6.76481e-07 4.42943e-08 1.79467e-09 3.94514e-11 3.99625e-13
 2.56596e-27 2.59517e-27 3.83145e-26 7.5425e-20 1.84895e-14 5.47878e-10 1.96241e-06 0.000849648 0.0444675 0.281314 0.21553 0.0455229 0.19507 0.179237 0.0243511 0.010399 0.00288693 0.000310376 5.47879e-05 4.95089e-06 4.05988e-07 2.14452e-08 7.80164e-10 1.54522e-11 1.35791e-13
 2.56648e-27 2.59658e-27 3.95529e-26 7.80374e-20 1.91299e-14 5.66854e-10 2.03038e-06 0.000879075 0.0460076 0.291057 0.222964 0.0451722 0.187177 0.171948 0.0229536 0.00904772 0.00249508 0.00025023 4.20513e-05 3.3418e-06 2.52142e-07 1.18996e-08 3.51516e-10 5.94382e-12 4.66112e-14
 2.56594e-27 2.5951e-27 3.82286e-26 7.52438e-20 1.84451e-14 5.46561e-10 1.95769e-06 0.000847605 0.0443606 0.280638 0.215016 0.0456931 0.196725 0.18073 0.0239871 0.00919325 0.0025252 0.000239723 3.88899e-05 2.88982e-06 2.00333e-07 8.28439e-09 2.18589e-10 3.05153e-12 1.98671e-14
 2.5655e-27 2.59389e-27 3.71712e-26 7.3013e-20 1.78982e-14 5.30357e-10 1.89965e-06 0.000822476 0.0430454 0.272318 0.208667 0.045961 0.203225 0.186741 0.025296 0.0106629 0.00293644 0.000275065 4.40543e-05 3.10975e-06 2.04469e-07 7.74254e-09 1.80556e-10 2.20071e-12 1.1995e-14
 2.56562e-27 2.59421e-27 3.74517e-26 7.36047e-20 1.80433e-14 5.34656e-10 1.91505e-06 0.000829142 0.0433943 0.274525 0.210352 0.0459006 0.201582 0.185219 0.0249073 0.0101609 0.00280296 0.000276613 4.54293e-05 3.16202e-06 2.02469e-07 7.20803e-09 1.55404e-10 1.6795e-12 7.93094e-15
 2.56571e-27 2.59446e-27 3.76448e-26 7.4012e-20 1.81432e-14 5.37614e-10 1.92564e-06 0.00083373 0.0436344 0.276044 0.211514 0.0460338 0.201779 0.185354 0.0240782 0.00823785 0.00224872 0.000205812 3.26691e-05 2.3743e-06 1.55201e-07 5.40993e-09 1.11119e-10 1.10976e-12 4.68498e-15
#obs catch len freq
 5.00801e-42 6.95078e-34 1.16614e-26 2.3649e-20 5.79728e-15 1.71784e-10 6.15303e-07 0.000266405 0.0139426 0.088206 0.0680771 0.0398619 0.218495 0.186494 0.143648 0.143345 0.0645728 0.0261199 0.00612724 0.000799479 4.32072e-05 6.95569e-07 2.48295e-09 1.59664e-12 1.6212e-16
 5.74728e-42 7.97685e-34 1.33828e-26 2.71401e-20 6.65307e-15 1.97143e-10 7.06133e-07 0.000305731 0.0160008 0.101227 0.0781314 0.0436643 0.222974 0.181406 0.142911 0.130904 0.0566189 0.0209005 0.00443317 0.000499595 2.19079e-05 2.70709e-07 7.1518e-10 3.32999e-13 2.4174e-17
 1.08292e-41 1.50302e-33 2.52163e-26 5.11381e-20 1.25359e-14 3.71462e-10 1.33052e-06 0.000576068 0.0301491 0.190733 0.146526 0.0452333 0.181772 0.140891 0.113644 0.0953157 0.0393783 0.0130874 0.00245065 0.000234207 8.27977e-06 7.82533e-08 1.52457e-10 5.12803e-14 2.6588e-18
 1.11653e-41 1.54967e-33 2.59989e-26 5.27253e-20 1.2925e-14 3.82991e-10 1.37181e-06 0.000593947 0.0310848 0.196654 0.151389 0.058399 0.237682 0.164133 0.0767855 0.0543022 0.0214511 0.00639601 0.00104318 8.26226e-05 2.31605e-06 1.66584e-08 2.39142e-11 5.80626e-15 2.14822e-19
 7.84558e-42 1.08891e-33 1.82688e-26 3.70488e-20 9.08207e-15 2.69118e-10 9.63938e-07 0.000417352 0.0218425 0.138186 0.10701 0.0648461 0.27404 0.184699 0.116527 0.0712736 0.0167621 0.00382558 0.000534935 3.45406e-05 7.52477e-07 4.0661e-09 4.2841e-12 7.50941e-16 1.98406e-20
 1.25659e-41 1.74407e-33 2.92604e-26 5.93395e-20 1.45464e-14 4.31035e-10 1.5439e-06 0.000668455 0.0349843 0.221323 0.170222 0.0528912 0.172566 0.122316 0.125467 0.0757316 0.0201279 0.00339606 0.000290343 1.41627e-05 2.35893e-07 9.43926e-10 7.22733e-13 9.10752e-17 1.71744e-21
 1.03733e-41 1.43975e-33 2.41548e-26 4.89854e-20 1.20082e-14 3.55825e-10 1.27451e-06 0.000551817 0.0288799 0.182708 0.141435 0.0736803 0.260068 0.153499 0.0860629 0.0509206 0.0186848 0.00327071 0.0002297 6.78904e-06 7.55386e-08 2.17873e-10 1.19908e-13 1.07747e-17 1.44272e-22
 1.27327e-41 1.76721e-33 2.96487e-26 6.01269e-20 1.47394e-14 4.36756e-10 1.56439e-06 0.000677326 0.0354485 0.224263 0.172981 0.0644141 0.192737 0.124105 0.116631 0.0545419 0.011907 0.00212429 0.000165592 3.99244e-06 2.77164e-08 4.99915e-11 1.87339e-14 1.18174e-18 1.11506e-23
 1.1469e-41 1.59182e-33 2.67061e-26 5.41595e-20 1.32766e-14 3.93409e-10 1.40913e-06 0.000610103 0.0319304 0.202009 0.156644 0.0795579 0.238415 0.134073 0.0950691 0.0466401 0.0132774 0.00167074 9.89772e-05 2.324e-06 1.32749e-08 1.57658e-11 3.64241e-15 1.48207e-19 9.47138e-25
 1.5134e-41 2.10049e-33 3.52401e-26 7.14663e-20 1.75191e-14 5.19124e-10 1.85942e-06 0.000805063 0.0421338 0.266558 0.205674 0.0696844 0.171573 0.103771 0.0934751 0.0371876 0.00803708 0.00104486 5.3142e-05 8.91502e-07 4.22519e-09 4.08296e-12 6.70491e-16 1.76023e-20 7.11451e-26
 1.54817e-41 2.14876e-33 3.60499e-26 7.31086e-20 1.79217e-14 5.31053e-10 1.90214e-06 0.000823563 0.043102 0.272687 0.211039 0.0831651 0.197235 0.0987116 0.0621616 0.0247508 0.005724 0.000573104 2.43512e-05 3.42957e-07 1.17804e-09 8.47936e-13 1.08328e-16 2.13698e-21 6.06768e-27
 1.15298e-41 1.60026e-33 2.68477e-26 5.44467e-20 1.3347e-14 3.95495e-10 1.4166e-06 0.000613338 0.0320997 0.203092 0.159145 0.103728 0.2534 0.129145 0.0874028 0.0265838 0.00436733 0.000406329 1.4389e-05 1.54919e-07 4.15565e-10 2.19864e-13 1.99933e-17 2.87408e-22 6.0685e-28
 1.72539e-41 2.39472e-33 4.01765e-26 8.14771e-20 1.99731e-14 5.91841e-10 2.11988e-06 0.000917834 0.0480358 0.303902 0.234902 0.0748104 0.140316 0.0901688 0.0800806 0.0232002 0.00343488 0.000223026 5.93951e-06 5.10688e-08 1.02191e-10 3.99306e-14 2.6612e-18 2.73264e-23 4.07015e-29
 1.39803e-41 1.94038e-33 3.25539e-26 6.60187e-20 1.61837e-14 4.79553e-10 1.71768e-06 0.000743696 0.0389221 0.246264 0.193435 0.116644 0.234674 0.0986296 0.050987 0.0166401 0.00289006 0.000166227 3.2384e-06 1.9174e-08 2.81639e-11 8.08594e-15 3.88351e-19 2.86545e-24 3.06089e-30
 1.18525e-41 1.64505e-33 2.75991e-26 5.59703e-20 1.37205e-14 4.06563e-10 1.45624e-06 0.000630502 0.032998 0.208795 0.165541 0.118612 0.228534 0.132133 0.0914539 0.0190091 0.00216048 0.000129555 2.39137e-06 1.06896e-08 1.0661e-11 2.10313e-15 7.16956e-20 3.77948e-25 2.87034e-31
 9.45215e-42 1.3119e-33 2.20098e-26 4.46354e-20 1.09418e-14 3.24227e-10 1.16133e-06 0.000502815 0.0263154 0.166535 0.134802 0.131635 0.243662 0.15487 0.11019 0.0280443 0.00331537 0.000125786 1.79444e-06 7.16896e-09 5.66978e-12 7.87366e-16 1.81107e-20 6.4981e-26 3.42831e-32
 1.50408e-41 2.08757e-33 3.50233e-26 7.10265e-20 1.74113e-14 5.15929e-10 1.84797e-06 0.000800109 0.0418746 0.264956 0.208095 0.0988888 0.153415 0.12015 0.0866712 0.0222769 0.00276064 0.000109261 1.19475e-06 3.26346e-09 2.00634e-12 2.22181e-16 3.82781e-21 9.6712e-27 3.48138e-33
 1.0512e-41 1.45899e-33 2.44776e-26 4.96401e-20 1.21687e-14 3.6058e-10 1.29154e-06 0.000559192 0.029266 0.185254 0.15352 0.170138 0.261029 0.117825 0.0625597 0.0175838 0.00217806 8.48122e-05 8.94216e-07 2.02603e-09 8.76677e-13 6.78099e-17 8.65155e-22 1.65526e-27 4.43181e-34
 1.53363e-41 2.12858e-33 3.57113e-26 7.24219e-20 1.77534e-14 5.26065e-10 1.88428e-06 0.000815827 0.0426973 0.270193 0.214303 0.111683 0.153652 0.126093 0.0683542 0.0111141 0.00105306 3.94849e-05 3.85484e-07 7.82569e-10 2.84166e-13 1.66559e-17 1.49227e-22 1.97684e-28 3.75169e-35
 1.08809e-41 1.5102e-33 2.53368e-26 5.13824e-20 1.25958e-14 3.73237e-10 1.33687e-06 0.00057882 0.0302934 0.191827 0.16298 0.190714 0.247519 0.111372 0.0521053 0.0116789 0.000907666 2.18352e-05 1.71546e-07 3.01356e-10 9.2649e-14 4.46547e-18 3.15876e-23 3.14059e-29 4.2738e-36
 1.38682e-41 1.92481e-33 3.22927e-26 6.54889e-20 1.60538e-14 4.75704e-10 1.70389e-06 0.000737728 0.03861 0.244407 0.198909 0.13622 0.172947 0.139879 0.0595348 0.00815709 0.000583884 1.34235e-05 7.36595e-08 9.07381e-11 2.17239e-14 8.40665e-19 4.7395e-24 3.70113e-30 3.8865e-37
 1.5058e-41 2.08994e-33 3.50631e-26 7.11073e-20 1.74311e-14 5.16516e-10 1.85008e-06 0.00080102 0.0419225 0.265434 0.218952 0.161275 0.173817 0.0913795 0.0390158 0.00700227 0.000392705 6.51992e-06 3.02577e-08 2.84544e-11 4.68923e-15 1.27596e-19 5.32805e-25 3.16831e-31 2.54857e-38
 1.22306e-41 1.69753e-33 2.84795e-26 5.77559e-20 1.41582e-14 4.19533e-10 1.5027e-06 0.000650617 0.0340513 0.215768 0.187928 0.200483 0.211289 0.109715 0.0353242 0.00453206 0.000252795 3.86665e-06 1.31176e-08 9.17526e-12 1.15616e-15 2.28665e-20 6.62809e-26 2.72782e-32 1.55297e-39
 1.47744e-41 2.05059e-33 3.44029e-26 6.97684e-20 1.71029e-14 5.0679e-10 1.81524e-06 0.000785937 0.0411335 0.260552 0.218738 0.161881 0.167939 0.11133 0.0339154 0.00358011 0.000141047 1.71138e-06 5.02122e-09 2.73542e-12 2.48121e-16 3.54971e-21 7.54561e-27 2.25139e-33 9.07487e-41
 1.45254e-41 2.01603e-33 3.38231e-26 6.85927e-20 1.68147e-14 4.9825e-10 1.78465e-06 0.000772692 0.0404408 0.256339 0.222607 0.194014 0.173441 0.0845704 0.0249304 0.00278893 9.27806e-05 8.08688e-07 1.70078e-09 7.17885e-13 5.10584e-17 5.46492e-22 8.34317e-28 1.76846e-34 5.09463e-42
 1.28431e-41 1.78253e-33 2.99057e-26 6.06482e-20 1.48672e-14 4.40542e-10 1.57795e-06 0.000683198 0.0357576 0.226901 0.20654 0.21476 0.192711 0.0979977 0.0226456 0.00194238 5.90305e-05 4.48996e-07 7.05211e-10 2.07382e-13 1.04785e-17 8.28641e-23 9.49214e-29 1.49362e-35 3.12744e-43
 1.16067e-41 1.61094e-33 2.70268e-26 5.48099e-20 1.3436e-14 3.98133e-10 1.42605e-06 0.000617431 0.0323163 0.20532 0.194952 0.223027 0.204923 0.11237 0.0246094 0.00182181 4.11903e-05 2.44826e-07 3.15868e-10 7.21058e-14 2.6224e-18 1.44124e-23 1.15104e-29 1.28746e-36 1.95124e-44
 1.14693e-41 1.59187e-33 2.67069e-26 5.4161e-20 1.32769e-14 3.9342e-10 1.40916e-06 0.000610121 0.0319336 0.202865 0.191628 0.216509 0.208837 0.118923 0.0266686 0.00198325 4.08316e-05 1.99051e-07 2.04702e-10 3.88087e-14 1.19821e-18 5.48764e-24 3.53187e-30 3.10223e-37 3.6515e-45
#spawning biomass
 24382.6 19888.5 26600.8 35024.2 41892.3 50437.3 60993.6 68484.2 77888.9 99170.6 125116 148396 192471 223087 217602 192182 170996 169667 182767 176304 170708 180942 187040 201235 218135 221214 203367 176737 174267 88878 17816.5 11830.3 11599 11591.3 11591 11591 11591 11591 11591 11591 11591 11591 11591 11591 11591 11591 11591 11591 11591 11591 11591 11591 11591 11591 11591 11591 11591 11591 11591 11591 11591 11591 11591 11591 11591 11591 11591 11591 11591 11591 11591 11591 11591 11591 11591 11591 11591 11591 11591 11591 11591 11591 11591 11591 11591 11591 11591 11591 11591 11591 11591 11591 11591 11591 11591 11591 11591 11591 11591 11591 11591 11591 11591 11591 11591 11591 11591 11591 11591 11591 11591 11591 11591 11591 11591 11591 11591 11591 11591 11591 11591 11591 11591 11591 11591 11591 11591 11591 0 0 0 0 0 0 0 0 0 0 0 0 0 0 0 0 0 0 0 0 0 0 0 0 0
