SBPRF35
0.175648
Curr Bio
76247.2
B35
197120
F35
0.733694
FOFL
0.251357
OFL
6832.74
Bzero
50185.1
#pred survey bio
 7669.22 7156.22 5508.01 6055.62 9048.85 14123.6 19459 26831.1 33399.1 44724.7 59046.3 73824.6 111111 120812 118275 109128 110202 110155 124306 114209 119715 108740 100286 109134 116097 110304 139818 122743 106081 3.63487e+06 2.84437e+06 1.7953e+06 1.10942e+06 766482 608028 534849 499405 481034 470890 465027 461544 459444 458170 457395 456912 456625 456453 456350 456288 456251 456229 456216 456208 456203 456200 456198 456197 456196 456196 456196 456196 456196 456195 456195 456195 456195 456195 456195 456195 456195 456195 456195 456195 456195 456195 456195 456195 456195 456195 456195 456195 456195 456195 456195 456195 456195 456195 456195 456195 456195 456195 456195 456195 456195 456195 456195 456195 456195 456195 456195 456195 456195 456195 456195 456195 456195 456195 456195 456195 456195 456195 456195 456195 456195 456195 456195 456195 456195 456195 456195 456195 456195 456195 456195 456195 456195 456195 456195 456195 0 0 0 0 0 0 0 0 0 0 0 0 0 0 0 0 0 0 0 0 0 0 0 0 0
#obs survey bio
 6229.16 6079.92 3234.39 6837.23 9487.12 17573 14584 31822.3 29954.6 38363.5 51373.2 77009.5 121466 85782.9 85148.9 103839 55730.3 113274 119786 110225 79233.4 95242 85583.4 110678 73232.9 89710.5 112541 106276 56274.5
#pred catch bio
 2884.04 3747.86 3210.89 3090.62 4594.07 7618.73 11605.4 17343.3 21168.3 29395 42688.1 48548.1 79979.9 92498 93576 86438.4 91137 86384.9 104060 93145.7 105544 96450.1 86735.8 98029.4 110362 99972.7 127941 117712 104038 6832.74 53258.1 30523 16522.9 10299.5 7882.26 7018.63 6726.86 6632.09 6602.17 6592.91 6590.1 6589.25 6588.99 6588.92 6588.9 6588.89 6588.89 6588.89 6588.89 6588.89 6588.89 6588.89 6588.89 6588.89 6588.89 6588.89 6588.89 6588.89 6588.89 6588.89 6588.89 6588.89 6588.89 6588.89 6588.89 6588.89 6588.89 6588.89 6588.89 6588.89 6588.89 6588.89 6588.89 6588.89 6588.89 6588.89 6588.89 6588.89 6588.89 6588.89 6588.89 6588.89 6588.89 6588.89 6588.89 6588.89 6588.89 6588.89 6588.89 6588.89 6588.89 6588.89 6588.89 6588.89 6588.89 6588.89 6588.89 6588.89 6588.89 6588.89 6588.89 6588.89 6588.89 6588.89 6588.89 6588.89 6588.89 6588.89 6588.89 6588.89 6588.89 6588.89 6588.89 6588.89 6588.89 6588.89 6588.89 6588.89 6588.89 6588.89 6588.89 6588.89 6588.89 6588.89 6588.89 6588.89 6588.89 6588.89 6588.89 0 0 0 0 0 0 0 0 0 0 0 0 0 0 0 0 0 0 0 0 0 0 0 0 0
#obs catch bio
 3350.86 4000.8 3731.16 2853.97 4363.72 6386.55 10794.8 16051.2 19930.1 26459.7 40683 43309 68351.1 86356.5 93124.3 75421.1 93852.7 74297.5 89815.1 79349.9 93451.1 85663.4 72356.9 77155.1 105147 91915.9 106278 90976.4 106048
#pred cpue bio
 5721.01 5718.11 4009.84 3565.74 5332.96 8195.6 11555.2 14864.3 18275.8 24213.9 31221 36421.8 56488.3 63085.2 59170.1 53305.3 52343.8 49312.2 58238.2 51303.5 54230.3 44872.9 41044.8 45098.8 45395.2 40012.9 52946.3 48100.8 38227.9 1.26177e+06 2.69957e+06 1.70806e+06 1.02243e+06 679491 521037 447858 412414 394043 383899 378036 374553 372453 371179 370404 369921 369634 369462 369359 369297 369260 369238 369225 369216 369212 369209 369207 369206 369205 369205 369205 369205 369204 369204 369204 369204 369204 369204 369204 369204 369204 369204 369204 369204 369204 369204 369204 369204 369204 369204 369204 369204 369204 369204 369204 369204 369204 369204 369204 369204 369204 369204 369204 369204 369204 369204 369204 369204 369204 369204 369204 369204 369204 369204 369204 369204 369204 369204 369204 369204 369204 369204 369204 369204 369204 369204 369204 369204 369204 369204 369204 369204 369204 369204 369204 369204 369204 369204 369204 369204 0 0 0 0 0 0 0 0 0 0 0 0 0 0 0 0 0 0 0 0 0 0 0 0 0
#obs cpue bio
 4218.81 4419.23 4820.49 5000.85 6547.59 15594.7 16201.5 18022.3 24316 44403.6 42741.2 56689.3 103182 103161 83074.1 103832 82873.1 97148.8 108521 98359.5 129626 82469.7 98449 114679 83737 66386.7 147284 152005 63075.9
#pred surv len freq
 1.60502e-11 1.74286e-09 1.11579e-07 4.21156e-06 9.37221e-05 0.00122967 0.00951267 0.0434033 0.116986 0.187762 0.186546 0.134147 0.0969418 0.0755388 0.051723 0.0322843 0.0205368 0.0132227 0.00872623 0.00607133 0.00454705 0.00372425 0.00317204 0.0024209 0.00140465
 1.28245e-11 1.39259e-09 8.9155e-08 3.36516e-06 7.4887e-05 0.00098256 0.00760179 0.0347015 0.0937644 0.152367 0.160231 0.138708 0.130183 0.113419 0.075026 0.0410762 0.0222346 0.0122424 0.0067969 0.00390637 0.0023997 0.00164093 0.00123413 0.000892423 0.000514363
 1.56657e-11 1.70111e-09 1.08906e-07 4.11067e-06 9.14771e-05 0.00120021 0.00928498 0.0423681 0.114247 0.183771 0.184498 0.137785 0.106221 0.0858711 0.0589609 0.0355773 0.0202754 0.0103782 0.00485509 0.00225362 0.00108965 0.000576578 0.000348469 0.000221882 0.000121571
 1.93086e-11 2.09668e-09 1.34232e-07 5.06657e-06 0.000112749 0.0014793 0.0114434 0.0522036 0.140583 0.224634 0.218444 0.144359 0.0871279 0.0575434 0.0332727 0.0155837 0.00705114 0.00338836 0.00160325 0.000695637 0.000276945 0.000109615 4.80173e-05 2.39027e-05 1.15393e-05
 1.90462e-11 2.06819e-09 1.32407e-07 4.99771e-06 0.000111217 0.00145919 0.011288 0.0514968 0.138709 0.221885 0.216923 0.146444 0.0924947 0.0625759 0.0348671 0.0142212 0.00488927 0.00168638 0.000599991 0.000221157 8.1411e-05 2.79179e-05 9.09267e-06 3.13851e-06 1.16415e-06
 1.92843e-11 2.09404e-09 1.34062e-07 5.06018e-06 0.000112607 0.00147743 0.011429 0.0521392 0.140424 0.224502 0.218887 0.146174 0.0901875 0.0600477 0.0335451 0.0139499 0.00488751 0.0015989 0.000466189 0.00012299 3.23673e-05 8.81285e-06 2.37191e-06 6.10426e-07 1.56567e-07
 1.88867e-11 2.05087e-09 1.31299e-07 4.95586e-06 0.000110285 0.00144698 0.0111935 0.0510667 0.137563 0.220144 0.215668 0.146795 0.0943278 0.0645657 0.0359377 0.0144228 0.00473107 0.00146789 0.000419559 0.000105486 2.3351e-05 4.61744e-06 8.66479e-07 1.62275e-07 2.98618e-08
 1.98837e-11 2.15914e-09 1.3823e-07 5.21748e-06 0.000116107 0.00152336 0.0117842 0.0537572 0.144751 0.231168 0.224198 0.146496 0.0858624 0.0545023 0.0293949 0.0114686 0.00357496 0.00103789 0.000277168 6.51344e-05 1.36109e-05 2.48484e-06 3.86744e-07 5.20645e-08 6.40042e-09
 1.99863e-11 2.17027e-09 1.38943e-07 5.2444e-06 0.000116706 0.00153121 0.011845 0.0540344 0.145496 0.232349 0.225297 0.147073 0.0859158 0.0540766 0.0284569 0.0103051 0.00269974 0.000621602 0.000140352 2.96922e-05 5.68867e-06 9.59182e-07 1.37891e-07 1.65344e-08 1.62905e-09
 2.01287e-11 2.18574e-09 1.39933e-07 5.28177e-06 0.000117538 0.00154213 0.0119294 0.0544187 0.146522 0.233917 0.226484 0.146945 0.0845781 0.0525603 0.0275734 0.0100162 0.00263963 0.000599615 0.000124847 2.22477e-05 3.43895e-06 4.86172e-07 6.18439e-08 6.7308e-09 6.00009e-10
 2.04184e-11 2.2172e-09 1.41947e-07 5.35779e-06 0.00011923 0.00156432 0.012101 0.0552004 0.148611 0.23712 0.228964 0.146861 0.0821213 0.0496316 0.0256557 0.00914014 0.00230172 0.000487191 9.61755e-05 1.66456e-05 2.44237e-06 3.05345e-07 3.21425e-08 2.86615e-09 2.17596e-10
 2.12039e-11 2.30249e-09 1.47407e-07 5.56389e-06 0.000123816 0.00162449 0.0125663 0.0573198 0.154272 0.245793 0.235628 0.146469 0.0752108 0.0415308 0.0205375 0.00700575 0.00158863 0.000273679 4.32898e-05 6.47308e-06 8.62694e-07 1.00652e-07 9.9489e-09 8.03231e-10 5.20761e-11
 2.08712e-11 2.26636e-09 1.45094e-07 5.47658e-06 0.000121873 0.001599 0.0123692 0.056422 0.151874 0.242124 0.232827 0.146696 0.078231 0.0450242 0.0226803 0.00782475 0.00181451 0.000325437 5.2364e-05 7.29427e-06 8.2099e-07 7.79369e-08 6.53531e-09 4.7277e-10 2.81801e-11
 2.05444e-11 2.23088e-09 1.42823e-07 5.39084e-06 0.000119965 0.00157397 0.0121756 0.0555405 0.149521 0.23853 0.230123 0.147047 0.0813904 0.0485782 0.0247189 0.00843913 0.00187796 0.000307176 4.44236e-05 5.8843e-06 6.60143e-07 6.15858e-08 4.72171e-09 2.89795e-10 1.43301e-11
 2.10413e-11 2.28483e-09 1.46277e-07 5.52122e-06 0.000122866 0.00161203 0.01247 0.0568811 0.153101 0.244008 0.234298 0.146687 0.0768494 0.0433433 0.0215331 0.00724995 0.00156584 0.000237684 3.04989e-05 3.59684e-06 3.62468e-07 3.05259e-08 2.1869e-09 1.29508e-10 6.08297e-12
 2.12977e-11 2.31268e-09 1.4806e-07 5.58851e-06 0.000124364 0.00163168 0.0126219 0.057573 0.154949 0.246837 0.236461 0.146523 0.0745376 0.0406618 0.0198782 0.00660503 0.00137867 0.00019035 2.04468e-05 2.00718e-06 1.76184e-07 1.30123e-08 8.14755e-10 4.27216e-11 1.81697e-12
 2.15885e-11 2.34425e-09 1.50081e-07 5.66482e-06 0.000126062 0.00165395 0.0127942 0.0583576 0.157044 0.25004 0.238893 0.146282 0.0718337 0.037568 0.0180282 0.00595326 0.00123371 0.00016698 1.71136e-05 1.56011e-06 1.23808e-07 7.87118e-09 4.09105e-10 1.80087e-11 6.57815e-13
 2.2154e-11 2.40566e-09 1.54012e-07 5.81319e-06 0.000129364 0.00169727 0.0131292 0.0598833 0.161118 0.25627 0.243624 0.145816 0.0665798 0.0315547 0.0144295 0.00468198 0.000948815 0.000120515 1.05913e-05 7.75665e-07 5.22557e-08 3.01443e-09 1.4305e-10 5.60409e-12 1.76056e-13
 2.17241e-11 2.35898e-09 1.51024e-07 5.7004e-06 0.000126854 0.00166434 0.0128745 0.0587236 0.158021 0.251535 0.240032 0.146182 0.0705917 0.0361375 0.0171592 0.00563088 0.00115061 0.000149203 1.37969e-05 1.08314e-06 7.43483e-08 3.9792e-09 1.61059e-10 5.25578e-12 1.42761e-13
 2.21222e-11 2.40221e-09 1.53791e-07 5.80486e-06 0.000129178 0.00169484 0.0131103 0.0597976 0.160889 0.25592 0.24336 0.145849 0.0668844 0.0318986 0.0146286 0.00474434 0.000957174 0.000119706 1.00656e-05 6.77187e-07 4.13474e-08 2.15031e-09 8.91609e-11 2.96301e-12 7.71056e-14
 2.20452e-11 2.39384e-09 1.53256e-07 5.78465e-06 0.000128729 0.00168894 0.0130647 0.0595898 0.160334 0.255072 0.242717 0.145914 0.0676029 0.0327195 0.0151179 0.00491472 0.000993626 0.000124969 1.06657e-05 7.33946e-07 4.49361e-08 2.23197e-09 8.37234e-11 2.46874e-12 5.94823e-14
 2.2838e-11 2.47994e-09 1.58768e-07 5.99269e-06 0.000133358 0.00174968 0.0135344 0.061729 0.166046 0.263804 0.249339 0.145232 0.0601928 0.0242601 0.0100865 0.00317459 0.000629838 7.57435e-05 5.663e-06 2.91212e-07 1.24434e-08 4.94584e-10 1.71486e-11 4.91939e-13 1.13905e-14
 2.29018e-11 2.48686e-09 1.59211e-07 6.00941e-06 0.00013373 0.00175456 0.0135722 0.0619009 0.166506 0.264506 0.249872 0.145178 0.0595983 0.0235809 0.00968166 0.00303359 0.000599645 7.13634e-05 5.15173e-06 2.38714e-07 8.18554e-09 2.46269e-10 6.48435e-12 1.36282e-13 2.31559e-15
 2.28269e-11 2.47873e-09 1.5869e-07 5.98977e-06 0.000133293 0.00174882 0.0135278 0.0616989 0.165966 0.263682 0.249247 0.145243 0.0602986 0.02438 0.0101566 0.00319739 0.000633561 7.58166e-05 5.57341e-06 2.72494e-07 1.04325e-08 3.50765e-10 9.45762e-12 1.82357e-13 2.53489e-15
 2.32398e-11 2.52357e-09 1.61561e-07 6.09812e-06 0.000135704 0.00178046 0.0137724 0.062813 0.168941 0.268229 0.252693 0.144882 0.05643 0.0199683 0.00753931 0.00230022 0.00045174 5.35699e-05 3.83422e-06 1.73019e-07 5.56191e-09 1.52388e-10 3.69706e-12 7.14409e-14 1.06102e-15
 2.3741e-11 2.57798e-09 1.65045e-07 6.22962e-06 0.000138631 0.00181885 0.0140693 0.0641651 0.172551 0.273748 0.256876 0.144442 0.051733 0.0146128 0.00436352 0.00121329 0.000232686 2.72825e-05 1.90414e-06 7.91283e-08 1.99745e-09 3.27512e-11 4.09514e-13 4.70152e-15 5.01173e-17
 2.34616e-11 2.54765e-09 1.63103e-07 6.15631e-06 0.000136999 0.00179744 0.0139038 0.0634113 0.170538 0.270671 0.254544 0.144687 0.0543522 0.0175989 0.00613382 0.00181867 0.000354319 4.17209e-05 2.92505e-06 1.23245e-07 3.25535e-09 6.04159e-11 9.33524e-13 1.23471e-14 1.20792e-16
 2.32239e-11 2.52183e-09 1.6145e-07 6.09393e-06 0.000135611 0.00177923 0.013763 0.0627699 0.168826 0.268053 0.25256 0.144896 0.0565808 0.0201396 0.00764011 0.00233377 0.000457816 5.40076e-05 3.79409e-06 1.60843e-07 4.33169e-09 8.43795e-11 1.40173e-12 1.9718e-14 2.03665e-16
 2.37821e-11 2.58245e-09 1.65331e-07 6.24042e-06 0.000138871 0.001822 0.0140937 0.0642762 0.172848 0.274201 0.25722 0.144406 0.0513471 0.0141728 0.00410266 0.00112408 0.000214761 2.51544e-05 1.75355e-06 7.26031e-08 1.80949e-09 2.84752e-11 3.20749e-13 3.09478e-15 2.64614e-17
#obs surv len freq
 3.46218e-11 3.3449e-09 1.90527e-07 6.39834e-06 0.000126683 0.00147885 0.0101798 0.0413515 0.0995233 0.144972 0.1414 0.125436 0.127642 0.11672 0.0832523 0.0515584 0.0299229 0.0155866 0.00704992 0.00270695 0.000843928 0.000202116 3.52093e-05 4.25793e-06 3.44704e-07
 2.56362e-11 2.38892e-09 1.31247e-07 4.25124e-06 8.11873e-05 0.000914203 0.00607252 0.0238502 0.0560894 0.0841047 0.101456 0.136017 0.175727 0.166099 0.114486 0.0673516 0.0372323 0.018576 0.00800693 0.00288619 0.00083117 0.000182012 2.88824e-05 3.17807e-06 2.33797e-07
 1.08226e-10 9.71047e-09 5.13674e-07 1.60204e-05 0.000294577 0.0031935 0.0204124 0.0769446 0.171252 0.22649 0.184069 0.10695 0.065148 0.049614 0.038489 0.0274915 0.0166504 0.00817733 0.00332155 0.00111751 0.000298621 6.01105e-05 8.69219e-06 8.67296e-07 5.77657e-08
 1.12388e-10 9.69347e-09 4.92921e-07 1.47779e-05 0.000261212 0.00272226 0.0167305 0.0606993 0.130735 0.172092 0.157693 0.139755 0.135022 0.103375 0.0523154 0.018537 0.00613434 0.00246636 0.00100835 0.000335909 8.47602e-05 1.57329e-05 2.07868e-06 1.8858e-07 1.13818e-08
 2.13327e-10 1.76597e-08 8.61909e-07 2.48015e-05 0.00042076 0.0042086 0.0248217 0.0863635 0.17775 0.219509 0.174432 0.114312 0.0843729 0.0599683 0.0326779 0.0140572 0.0051023 0.00150731 0.000366711 8.3388e-05 1.78645e-05 3.08003e-06 3.78909e-07 3.15704e-08 1.73463e-09
 2.51281e-10 1.99364e-08 9.32549e-07 2.5718e-05 0.000418161 0.00400878 0.0226641 0.0756564 0.150074 0.18279 0.157662 0.134523 0.123195 0.0879203 0.0417997 0.0139972 0.0039318 0.00103833 0.000241538 4.53048e-05 6.72635e-06 8.10008e-07 7.84892e-08 5.68379e-09 2.82858e-10
 4.14851e-10 3.15016e-08 1.4103e-06 3.72246e-05 0.000579282 0.00531505 0.0287582 0.0918503 0.174075 0.201111 0.159909 0.120534 0.100189 0.0685535 0.0328153 0.011714 0.00349427 0.000866805 0.000168025 2.55624e-05 3.1332e-06 3.02248e-07 2.19265e-08 1.16476e-09 4.44989e-11
 5.71261e-10 4.14639e-08 1.77437e-06 4.47669e-05 0.000665907 0.00584032 0.0302095 0.0922922 0.16781 0.188747 0.154306 0.128443 0.111711 0.0737604 0.0325102 0.0102323 0.00267303 0.000616375 0.000117215 1.72587e-05 1.90753e-06 1.54829e-07 9.10913e-09 3.84354e-10 1.1419e-11
 8.93456e-10 6.19125e-08 2.52943e-06 6.09263e-05 0.000865231 0.00724478 0.0357771 0.104354 0.181164 0.19459 0.151922 0.120656 0.100244 0.0637454 0.0276118 0.00880673 0.00233575 0.000517582 8.9369e-05 1.17695e-05 1.18665e-06 8.9368e-08 4.8155e-09 1.79321e-10 4.5177e-12
 1.25883e-09 8.31857e-08 3.24094e-06 7.44445e-05 0.00100819 0.00805058 0.0379198 0.105577 0.175667 0.184319 0.14948 0.129407 0.109107 0.0656005 0.0254055 0.00669157 0.00138844 0.000254429 3.98253e-05 4.93255e-06 4.61745e-07 3.15415e-08 1.52707e-09 5.12724e-11 1.16941e-12
 1.99119e-09 1.25347e-07 4.65216e-06 0.000101797 0.00131329 0.00999003 0.0448262 0.118902 0.188534 0.188719 0.146343 0.121076 0.097224 0.0557221 0.0207026 0.00528319 0.00105513 0.000176682 2.34888e-05 2.36172e-06 1.81158e-07 1.06271e-08 4.59766e-10 1.39841e-11 2.88296e-13
 3.02965e-09 1.81502e-07 6.41075e-06 0.000133499 0.00163905 0.0118658 0.0506755 0.127995 0.193692 0.186915 0.143705 0.119177 0.092658 0.0500165 0.0170283 0.00378154 0.000616626 8.41204e-05 9.66589e-06 8.68832e-07 5.86295e-08 2.91498e-09 1.04318e-10 2.62951e-12 4.59013e-14
 4.38947e-09 2.50028e-07 8.39661e-06 0.00016625 0.00194074 0.0133592 0.0542604 0.130479 0.188988 0.178654 0.142583 0.124289 0.095556 0.0494819 0.0161311 0.0034681 0.000553435 7.24143e-05 7.54472e-06 5.8029e-07 3.23961e-08 1.33557e-09 4.04968e-11 8.75462e-13 1.30477e-14
 5.79572e-09 3.13618e-07 1.00054e-05 0.000188195 0.0020871 0.0136499 0.0527038 0.120814 0.169098 0.163199 0.147676 0.143053 0.110269 0.0551958 0.0175243 0.00379844 0.000636588 8.7223e-05 9.1345e-06 6.82782e-07 3.60853e-08 1.36093e-09 3.62793e-11 6.6833e-13 8.36511e-15
 8.92882e-09 4.58634e-07 1.38892e-05 0.00024799 0.00261068 0.0162085 0.0594233 0.129484 0.173174 0.162732 0.147082 0.139812 0.102838 0.0485624 0.0144226 0.00288497 0.00044141 5.59448e-05 5.59608e-06 4.11509e-07 2.17259e-08 8.14485e-10 2.11528e-11 3.70362e-13 4.29742e-15
 1.42118e-08 6.92466e-07 1.98924e-05 0.000336914 0.00336448 0.0198152 0.0689209 0.142555 0.181405 0.163466 0.142867 0.130209 0.0911314 0.0411461 0.0119133 0.00241129 0.000384298 4.95273e-05 4.78303e-06 3.28036e-07 1.59923e-08 5.58688e-10 1.37606e-11 2.3189e-13 2.60592e-15
 2.09627e-08 9.68295e-07 2.63699e-05 0.000423404 0.00400845 0.0223833 0.0738522 0.145268 0.177829 0.160186 0.145611 0.132613 0.0885873 0.037357 0.00985234 0.00173965 0.000233447 2.60203e-05 2.31896e-06 1.5382e-07 7.3592e-09 2.49183e-10 5.81229e-12 9.11096e-14 9.45894e-16
 3.19347e-08 1.39769e-06 3.60663e-05 0.000548704 0.00492217 0.0260457 0.0814669 0.152205 0.17849 0.158065 0.144036 0.128026 0.0819621 0.0334111 0.0088321 0.00166858 0.000249959 2.95092e-05 2.52627e-06 1.50271e-07 6.28698e-09 1.88606e-10 4.02184e-12 5.91632e-14 5.82845e-16
 4.50577e-08 1.86777e-06 4.56476e-05 0.000657754 0.00558869 0.0280163 0.0831072 0.148017 0.169223 0.155368 0.151211 0.134445 0.0824882 0.0319826 0.00810461 0.00149332 0.000221831 2.62525e-05 2.29004e-06 1.41434e-07 6.13186e-09 1.83902e-10 3.72144e-12 4.98322e-14 4.38124e-16
 7.4885e-08 2.93907e-06 6.80089e-05 0.000927838 0.00746409 0.0354258 0.0994737 0.167529 0.180224 0.153522 0.1377 0.114828 0.0676503 0.0262154 0.00714866 0.00152544 0.000258975 3.24074e-05 2.83303e-06 1.72795e-07 7.42399e-09 2.22137e-10 4.50623e-12 6.04761e-14 5.28098e-16
 9.95711e-08 3.69919e-06 8.10256e-05 0.0010464 0.00796904 0.0358217 0.0954694 0.154175 0.165813 0.155008 0.153886 0.128222 0.0709 0.0247158 0.00572706 0.000997661 0.000145257 1.73453e-05 1.57184e-06 1.0261e-07 4.65504e-09 1.42202e-10 2.86257e-12 3.75676e-14 3.19408e-16
 1.62994e-07 5.73109e-06 0.000118808 0.00145215 0.0104668 0.0445291 0.112311 0.171558 0.174057 0.152378 0.14121 0.110384 0.0575325 0.0190014 0.00419736 0.000694385 9.2956e-05 9.72118e-06 7.47492e-07 4.17486e-08 1.70095e-09 4.95519e-11 9.92405e-13 1.3171e-14 1.12842e-16
 2.39079e-07 7.95553e-06 0.000156078 0.00180541 0.0123161 0.0496044 0.118606 0.172818 0.171136 0.152152 0.141552 0.106556 0.0526616 0.0165035 0.00348799 0.000556982 7.17934e-05 7.13687e-06 5.13095e-07 2.61784e-08 9.46731e-10 2.39539e-11 4.15079e-13 4.83938e-15 3.74423e-17
 3.50879e-07 1.10496e-05 0.000205154 0.00224587 0.0145004 0.0552925 0.125358 0.174373 0.168795 0.151757 0.14027 0.101391 0.0477709 0.014446 0.00302591 0.000489873 6.33506e-05 6.14245e-06 4.2293e-07 2.04832e-08 6.97277e-10 1.64115e-11 2.6063e-13 2.73958e-15 1.88251e-17
 5.27863e-07 1.57324e-05 0.000276447 0.00286422 0.017503 0.0631853 0.135767 0.17983 0.168306 0.148919 0.133626 0.0922851 0.0417623 0.0124508 0.00268312 0.000457892 6.11482e-05 5.94938e-06 4.0642e-07 1.943e-08 6.45683e-10 1.46033e-11 2.19719e-13 2.16528e-15 1.38347e-17
 5.61583e-07 1.5842e-05 0.00026349 0.00258428 0.0149576 0.0512727 0.105871 0.141717 0.154099 0.173579 0.172469 0.116819 0.0496675 0.0135943 0.00263144 0.000403051 4.99787e-05 4.71049e-06 3.20723e-07 1.5413e-08 5.1094e-10 1.13778e-11 1.66687e-13 1.5855e-15 9.69707e-18
 1.20771e-06 3.22501e-05 0.000507746 0.00471352 0.0258107 0.0835279 0.161193 0.193216 0.167341 0.139663 0.115098 0.0710856 0.0285603 0.00755706 0.00144481 0.000218066 2.56993e-05 2.21468e-06 1.35381e-07 5.87977e-09 1.80383e-10 3.81388e-12 5.39621e-14 4.98988e-16 2.96342e-18
 1.17213e-06 2.96329e-05 0.000441712 0.00388304 0.0201537 0.0620839 0.116309 0.146325 0.159884 0.179552 0.164935 0.0993572 0.0368965 0.00860513 0.00136093 0.000164314 1.62211e-05 1.25892e-06 7.21143e-08 2.94486e-09 8.36274e-11 1.6102e-12 2.06036e-14 1.72925e-16 9.42124e-19
 1.6997e-06 4.06873e-05 0.000574268 0.00478037 0.0234998 0.068641 0.1225 0.149171 0.161645 0.178342 0.157217 0.090825 0.0331152 0.00801206 0.00141749 0.000195117 2.00932e-05 1.44393e-06 7.07486e-08 2.40635e-09 5.79266e-11 9.80196e-13 1.13421e-14 8.71499e-17 4.34801e-19
#pred catch len freq
 1.11128e-11 1.20671e-09 7.7255e-08 2.91599e-06 6.48915e-05 0.000851418 0.00658736 0.0300748 0.0813188 0.132595 0.141556 0.127982 0.126666 0.115206 0.0821624 0.0518557 0.03313 0.0213609 0.0141011 0.00981128 0.00734806 0.00601842 0.00512605 0.00391219 0.00226993
 8.54463e-12 9.27845e-10 5.94015e-08 2.24211e-06 4.98955e-05 0.000654684 0.00506612 0.02315 0.0628761 0.104786 0.122378 0.136567 0.161107 0.152282 0.10272 0.0565916 0.0307401 0.0169502 0.00941385 0.00541066 0.0033238 0.00227284 0.00170939 0.00123609 0.000712441
 1.20178e-11 1.30499e-09 8.35465e-08 3.15346e-06 7.0176e-05 0.000920753 0.00712372 0.0325217 0.0879107 0.143146 0.151903 0.135055 0.131264 0.118365 0.0835554 0.0507602 0.0289956 0.0148535 0.00694999 0.00322611 0.00155985 0.000825385 0.000498841 0.00031763 0.000174032
 1.64173e-11 1.78272e-09 1.14132e-07 4.3079e-06 9.58661e-05 0.0012578 0.00973048 0.0444011 0.119731 0.192614 0.19346 0.144542 0.110584 0.0858127 0.0520814 0.0246733 0.0112072 0.00539398 0.00255327 0.00110791 0.000441078 0.000174579 7.6475e-05 3.80688e-05 1.83781e-05
 1.60482e-11 1.74264e-09 1.11565e-07 4.21104e-06 9.37107e-05 0.00122952 0.00951189 0.0434072 0.1171 0.188775 0.191451 0.147837 0.1187 0.0933237 0.0543052 0.0223745 0.00772172 0.00266932 0.000950541 0.000350435 0.000129002 4.42381e-05 1.44081e-05 4.97322e-06 1.84469e-06
 1.66029e-11 1.80287e-09 1.15422e-07 4.35659e-06 9.69497e-05 0.00127202 0.0098405 0.0449038 0.121096 0.194882 0.196074 0.147337 0.113508 0.0875053 0.0510503 0.0214427 0.0075381 0.00247034 0.000720772 0.000190187 5.00527e-05 1.36281e-05 3.6679e-06 9.43958e-07 2.42113e-07
 1.64315e-11 1.78427e-09 1.1423e-07 4.31162e-06 9.5949e-05 0.00125889 0.00973899 0.0444419 0.119867 0.193039 0.194856 0.14807 0.115999 0.0899154 0.0518717 0.0209861 0.00690191 0.00214445 0.0006133 0.000154219 3.41393e-05 6.75072e-06 1.26679e-06 2.37245e-07 4.36579e-08
 1.81615e-11 1.97212e-09 1.26257e-07 4.76558e-06 0.000106051 0.00139142 0.0107639 0.0491102 0.132339 0.212162 0.209633 0.147482 0.101204 0.0723805 0.0405412 0.0159508 0.00498259 0.00144781 0.000386772 9.08987e-05 1.89948e-05 3.46771e-06 5.39718e-07 7.26581e-08 8.93205e-09
 1.8233e-11 1.97988e-09 1.26754e-07 4.78432e-06 0.000106468 0.00139689 0.0108063 0.0493035 0.132862 0.213019 0.210563 0.148338 0.101934 0.0725417 0.0396917 0.0144989 0.00380661 0.000877402 0.000198232 4.19455e-05 8.03648e-06 1.35505e-06 1.94799e-07 2.33582e-08 2.30136e-09
 1.85727e-11 2.01677e-09 1.29116e-07 4.87347e-06 0.000108452 0.00142292 0.0110075 0.0502201 0.13531 0.216762 0.213405 0.148058 0.0987807 0.0689419 0.0375548 0.0137568 0.00363251 0.000825835 0.000172023 3.06591e-05 4.73924e-06 6.69989e-07 8.52258e-08 9.27555e-09 8.26857e-10
 1.93345e-11 2.09949e-09 1.34411e-07 5.07336e-06 0.0001129 0.00148128 0.0114588 0.0522757 0.1408 0.225173 0.219866 0.147673 0.0920693 0.0610783 0.0325914 0.0116936 0.00294886 0.000624328 0.000123254 2.1332e-05 3.12993e-06 3.91295e-07 4.11898e-08 3.67288e-09 2.78841e-10
 2.00623e-11 2.17852e-09 1.39471e-07 5.26434e-06 0.00011715 0.00153703 0.01189 0.0542396 0.146047 0.233216 0.226073 0.147397 0.0857983 0.0536579 0.0278076 0.00958961 0.00217957 0.000375757 5.94636e-05 8.89353e-06 1.18534e-06 1.38294e-07 1.36695e-08 1.10361e-09 7.15507e-11
 1.99068e-11 2.16164e-09 1.3839e-07 5.22354e-06 0.000116242 0.00152512 0.0117979 0.0538201 0.144926 0.231498 0.224751 0.147468 0.0871565 0.0552571 0.0288284 0.0100258 0.00232861 0.000417764 6.72228e-05 9.36409e-06 1.05393e-06 1.00048e-07 8.38921e-09 6.06877e-10 3.61737e-11
 1.97162e-11 2.14094e-09 1.37065e-07 5.17353e-06 0.000115129 0.00151052 0.011685 0.0533059 0.143554 0.229407 0.223195 0.147729 0.0890861 0.0573858 0.0299889 0.0102999 0.00229462 0.000375346 5.42713e-05 7.18758e-06 8.06292e-07 7.52172e-08 5.76668e-09 3.53927e-10 1.75013e-11
 2.04377e-11 2.21929e-09 1.42081e-07 5.36285e-06 0.000119342 0.00156579 0.0121124 0.0552526 0.148753 0.23736 0.229252 0.147194 0.082472 0.0497711 0.0253692 0.00859236 0.00185783 0.000282002 3.61729e-05 4.2647e-06 4.29709e-07 3.61865e-08 2.59235e-09 1.53517e-10 7.2106e-12
 2.07489e-11 2.25308e-09 1.44245e-07 5.44451e-06 0.000121159 0.00158964 0.0122968 0.0560924 0.150996 0.240792 0.231876 0.146993 0.079664 0.0465154 0.0233615 0.00781195 0.00163261 0.000225427 2.42071e-05 2.37541e-06 2.08461e-07 1.53948e-08 9.6389e-10 5.05405e-11 2.14949e-12
 2.12117e-11 2.30334e-09 1.47462e-07 5.56595e-06 0.000123862 0.00162509 0.012571 0.0573411 0.15433 0.245891 0.235746 0.146606 0.0753551 0.0415881 0.0204192 0.00678014 0.00140656 0.000190377 1.95034e-05 1.77703e-06 1.40978e-07 8.96165e-09 4.65756e-10 2.05018e-11 7.48873e-13
 2.1751e-11 2.3619e-09 1.51211e-07 5.70744e-06 0.000127011 0.0016664 0.0128904 0.058796 0.158215 0.251831 0.240259 0.146167 0.0703522 0.0358584 0.0169851 0.00556084 0.00112898 0.000143438 1.26037e-05 9.22681e-07 6.21388e-08 3.58398e-09 1.70066e-10 6.66224e-12 2.09296e-13
 2.1398e-11 2.32356e-09 1.48757e-07 5.61481e-06 0.000124949 0.00163936 0.0126813 0.0578435 0.155672 0.247943 0.237308 0.146465 0.0736435 0.0396197 0.0192281 0.00634359 0.00129761 0.000168273 1.55547e-05 1.22044e-06 8.37381e-08 4.48095e-09 1.81354e-10 5.91781e-12 1.6074e-13
 2.17957e-11 2.36676e-09 1.51522e-07 5.71919e-06 0.000127272 0.00166983 0.0129169 0.0589168 0.158537 0.252325 0.240635 0.146133 0.0699414 0.0353856 0.0166985 0.00545522 0.00110223 0.000137875 1.1591e-05 7.79433e-07 4.75679e-08 2.47322e-09 1.0254e-10 3.40749e-12 8.86702e-14
 2.18718e-11 2.37501e-09 1.5205e-07 5.73914e-06 0.000127716 0.00167565 0.012962 0.0591219 0.159085 0.253162 0.241269 0.146065 0.0692267 0.0345718 0.0162175 0.00529253 0.00107082 0.00013468 1.14906e-05 7.90172e-07 4.8349e-08 2.40077e-09 9.00455e-11 2.65501e-12 6.39684e-14
 2.27368e-11 2.46894e-09 1.58064e-07 5.96612e-06 0.000132767 0.00174192 0.0134744 0.0614558 0.165317 0.262689 0.248494 0.145321 0.0611417 0.025342 0.0107281 0.00339428 0.000674173 8.10896e-05 6.06203e-06 3.11601e-07 1.33048e-08 5.28494e-10 1.83192e-11 5.25465e-13 1.21663e-14
 2.27739e-11 2.47297e-09 1.58322e-07 5.97586e-06 0.000132984 0.00174476 0.0134964 0.0615559 0.165584 0.263098 0.248805 0.14529 0.0607969 0.0249473 0.0104919 0.00331078 0.000655431 7.80243e-05 5.63249e-06 2.60933e-07 8.94264e-09 2.68864e-10 7.07624e-12 1.48696e-13 2.52635e-15
 2.27411e-11 2.46941e-09 1.58094e-07 5.96726e-06 0.000132792 0.00174225 0.013477 0.0614674 0.165348 0.262737 0.248531 0.145318 0.0611027 0.0252968 0.0107002 0.00338345 0.000671058 8.0316e-05 5.90365e-06 2.88539e-07 1.10392e-08 3.70908e-10 9.99722e-12 1.92736e-13 2.67901e-15
 2.32288e-11 2.52237e-09 1.61484e-07 6.09522e-06 0.00013564 0.00177961 0.0137659 0.0627832 0.168861 0.268107 0.252601 0.144891 0.0565336 0.0200864 0.00760933 0.00232416 0.000456554 5.41423e-05 3.87494e-06 1.74815e-07 5.61629e-09 1.53743e-10 3.72759e-12 7.20118e-14 1.06939e-15
 2.37145e-11 2.57511e-09 1.64861e-07 6.22267e-06 0.000138476 0.00181682 0.0140536 0.0640937 0.17236 0.273456 0.256655 0.144465 0.0519813 0.0148959 0.0045313 0.00127065 0.0002442 2.8645e-05 1.99939e-06 8.30855e-08 2.09714e-09 3.43754e-11 4.29533e-13 4.92745e-15 5.25018e-17
 2.34274e-11 2.54393e-09 1.62865e-07 6.14733e-06 0.000136799 0.00179482 0.0138835 0.063319 0.170292 0.270294 0.254259 0.144717 0.054673 0.0179646 0.00635062 0.00189279 0.000369203 4.34839e-05 3.04874e-06 1.2845e-07 3.39214e-09 6.29221e-11 9.71482e-13 1.28415e-14 1.25598e-16
 2.32201e-11 2.52142e-09 1.61424e-07 6.09294e-06 0.000135589 0.00177894 0.0137608 0.0627597 0.168799 0.268012 0.252529 0.1449 0.0566161 0.0201799 0.007664 0.00234193 0.000459455 5.42015e-05 3.80763e-06 1.61403e-07 4.3456e-09 8.45956e-11 1.40408e-12 1.97396e-14 2.03839e-16
 2.37889e-11 2.58319e-09 1.65378e-07 6.24219e-06 0.00013891 0.00182252 0.0140977 0.0642944 0.172896 0.274275 0.257276 0.1444 0.0512839 0.0141008 0.00405995 0.00110948 0.00021183 2.48076e-05 1.72932e-06 7.15976e-08 1.78428e-09 2.80711e-11 3.15992e-13 3.04602e-15 2.60271e-17
#obs catch len freq
 3.37495e-11 3.26063e-09 1.85727e-07 6.23714e-06 0.000123492 0.00144159 0.00992343 0.0403117 0.0970429 0.141527 0.138776 0.124816 0.128635 0.118373 0.0850199 0.053247 0.0314147 0.0168207 0.007945 0.00321149 0.00104963 0.000261397 4.71411e-05 5.89783e-06 4.93702e-07
 4.61708e-11 4.30244e-09 2.36375e-07 7.65645e-06 0.000146216 0.00164633 0.0109312 0.0428393 0.0995811 0.140888 0.136633 0.125914 0.131564 0.119123 0.0838537 0.0516282 0.0297076 0.0152552 0.00677367 0.00253624 0.000764259 0.000175259 2.89816e-05 3.30294e-06 2.50535e-07
 3.45681e-11 3.10159e-09 1.64071e-07 5.11705e-06 9.40927e-05 0.00102019 0.00652575 0.0246967 0.0561404 0.0825504 0.101505 0.140244 0.179557 0.165567 0.112122 0.0654936 0.0358856 0.0176333 0.00744663 0.00261142 0.000725544 0.000151963 2.28755e-05 2.37106e-06 1.63385e-07
 1.52956e-10 1.31924e-08 6.70844e-07 2.01121e-05 0.000355495 0.00370469 0.0227633 0.0824892 0.176544 0.224849 0.17725 0.102677 0.0646987 0.0501113 0.0387484 0.0273371 0.016226 0.00779885 0.00309668 0.00101225 0.000260553 5.00913e-05 6.86496e-06 6.44936e-07 4.02279e-08
 1.60139e-10 1.32567e-08 6.47014e-07 1.86179e-05 0.000315857 0.00315945 0.0186377 0.0649195 0.134408 0.171112 0.155167 0.140381 0.135528 0.100703 0.049237 0.0170971 0.00570354 0.00230527 0.000922681 0.000296993 7.19327e-05 1.27309e-05 1.59271e-06 1.35969e-07 7.6832e-09
 3.1036e-10 2.46237e-08 1.1518e-06 3.17646e-05 0.000516473 0.0049511 0.0279868 0.0933369 0.184229 0.218759 0.16912 0.111048 0.0825962 0.0575884 0.0306007 0.0129156 0.00459149 0.00132269 0.000315898 7.08085e-05 1.47225e-05 2.42202e-06 2.81676e-07 2.20604e-08 1.13427e-09
 3.71863e-10 2.82374e-08 1.26416e-06 3.33674e-05 0.000519259 0.00476442 0.0257817 0.0823917 0.156629 0.183775 0.155552 0.133115 0.120018 0.0826351 0.0378668 0.0123564 0.00342632 0.000891218 0.000201973 3.66742e-05 5.26097e-06 6.10024e-07 5.63806e-08 3.85183e-09 1.79487e-10
 6.20087e-10 4.50078e-08 1.92603e-06 4.85931e-05 0.00072282 0.00633936 0.0327877 0.100118 0.18155 0.201487 0.156233 0.117434 0.0961477 0.0635744 0.0294242 0.0102555 0.00299589 0.000722563 0.000135659 1.99953e-05 2.36631e-06 2.18789e-07 1.51121e-08 7.60011e-10 2.73212e-11
 8.64249e-10 5.98886e-08 2.44674e-06 5.89348e-05 0.000836949 0.00700803 0.0346096 0.100973 0.17552 0.18972 0.151661 0.125439 0.106414 0.0675009 0.0286269 0.00876645 0.00224848 0.00050666 9.33407e-05 1.32407e-05 1.40339e-06 1.08777e-07 6.0871e-09 2.43174e-10 6.80544e-12
 1.37122e-09 9.06128e-08 3.5303e-06 8.1091e-05 0.00109819 0.00876906 0.041298 0.114894 0.190409 0.19598 0.148459 0.115708 0.0930934 0.0567739 0.0236835 0.00735441 0.00190695 0.000410156 6.83602e-05 8.67556e-06 8.39878e-07 6.03592e-08 3.08555e-09 1.08514e-10 2.5724e-12
 1.95608e-09 1.23137e-07 4.57011e-06 0.000100002 0.00129013 0.00981393 0.0440375 0.116831 0.185416 0.186391 0.146613 0.123727 0.100239 0.0574917 0.021295 0.00541835 0.00109928 0.000197035 2.99029e-05 3.56612e-06 3.19662e-07 2.08002e-08 9.54971e-10 3.0282e-11 6.49721e-13
 3.11864e-09 1.86834e-07 6.59907e-06 0.00013742 0.0016872 0.0122142 0.0521596 0.131695 0.198915 0.190275 0.142198 0.113685 0.0873116 0.0476574 0.0169265 0.00416993 0.000811091 0.000131867 1.68938e-05 1.63319e-06 1.20321e-07 6.74725e-09 2.77195e-10 7.96062e-12 1.543e-13
 4.77068e-09 2.71742e-07 9.12583e-06 0.000180688 0.00210927 0.0145187 0.058957 0.141614 0.20395 0.187875 0.138865 0.110754 0.0820525 0.0420577 0.0136279 0.00290238 0.0004591 6.10111e-05 6.78055e-06 5.85573e-07 3.78233e-08 1.79269e-09 6.08917e-11 1.45113e-12 2.38593e-14
 6.97173e-09 3.77254e-07 1.20355e-05 0.000226381 0.00251052 0.0164172 0.0633489 0.144749 0.199384 0.179803 0.137681 0.114876 0.0839019 0.0412068 0.012782 0.00263614 0.000407577 5.16944e-05 5.17715e-06 3.80871e-07 2.0328e-08 8.00011e-10 2.30556e-11 4.71301e-13 6.6138e-15
 9.41177e-09 4.83441e-07 1.46405e-05 0.000261403 0.00275186 0.0170843 0.0626192 0.136284 0.181204 0.166361 0.143238 0.131539 0.0959462 0.0455202 0.0137699 0.00287131 0.000466558 6.17199e-05 6.18602e-06 4.40911e-07 2.22058e-08 7.96524e-10 2.0121e-11 3.49987e-13 4.12449e-15
 1.4538e-08 7.08361e-07 2.0349e-05 0.000344648 0.0034417 0.0202695 0.0704937 0.145731 0.18497 0.165026 0.141384 0.126998 0.0882423 0.0394395 0.0111398 0.00213914 0.000317123 3.88716e-05 3.72885e-06 2.61729e-07 1.3159e-08 4.68161e-10 1.14907e-11 1.89503e-13 2.06609e-15
 2.32195e-08 1.07254e-06 2.92088e-05 0.000468985 0.00443986 0.0247892 0.0817383 0.160265 0.193222 0.164507 0.135056 0.115581 0.0762624 0.0325917 0.00899029 0.00175117 0.000270102 3.34837e-05 3.08654e-06 2.01593e-07 9.35596e-09 3.104e-10 7.2297e-12 1.14747e-13 1.21069e-15
 3.44005e-08 1.50562e-06 3.88511e-05 0.000591069 0.00530211 0.0280532 0.0877005 0.163425 0.189335 0.160709 0.136733 0.116721 0.0734109 0.0292411 0.00731971 0.00123785 0.000160619 1.7299e-05 1.4779e-06 9.34961e-08 4.25322e-09 1.36413e-10 3.00189e-12 4.42579e-14 4.31165e-16
 5.25759e-08 2.17942e-06 5.32641e-05 0.000767495 0.00652076 0.0326796 0.0968044 0.171219 0.189696 0.157522 0.133466 0.110855 0.0667948 0.0257591 0.00648936 0.00117961 0.000170466 1.92644e-05 1.56818e-06 8.8603e-08 3.52367e-09 1.00328e-10 2.02232e-12 2.79998e-14 2.58721e-16
 7.46565e-08 2.9301e-06 6.78014e-05 0.000925008 0.00744136 0.0353188 0.0991847 0.167139 0.180259 0.154687 0.139796 0.116232 0.0671363 0.0246308 0.00595241 0.00105621 0.000151405 1.71611e-05 1.42509e-06 8.35992e-08 3.43492e-09 9.72822e-11 1.85261e-12 2.3291e-14 1.91933e-16
 1.23511e-07 4.58858e-06 0.000100506 0.00129794 0.00988357 0.0444014 0.117988 0.187853 0.190093 0.150052 0.123492 0.0957699 0.0531318 0.0195643 0.00512049 0.00105358 0.000171389 2.04012e-05 1.69295e-06 9.80176e-08 3.99042e-09 1.12714e-10 2.15024e-12 2.70583e-14 2.21048e-16
 1.67979e-07 5.90637e-06 0.000122441 0.00149656 0.0107867 0.0458854 0.115676 0.176293 0.177163 0.151375 0.136979 0.106086 0.0551402 0.0181863 0.00402238 0.000675688 9.50168e-05 1.08799e-05 9.39379e-07 5.81509e-08 2.49037e-09 7.15505e-11 1.35128e-12 1.66065e-14 1.31984e-16
 2.71362e-07 9.02976e-06 0.000177152 0.00204914 0.0139774 0.0562683 0.13422 0.193386 0.182985 0.145665 0.122309 0.0886287 0.0433913 0.0135574 0.00285687 0.000454391 5.84283e-05 5.83179e-06 4.2673e-07 2.267e-08 8.76331e-10 2.41011e-11 4.53395e-13 5.6306e-15 4.50174e-17
 3.99081e-07 1.25675e-05 0.000233336 0.00255432 0.0164899 0.0628413 0.142061 0.194966 0.179118 0.143527 0.120608 0.0841717 0.0390826 0.0115894 0.00233683 0.000358461 4.42964e-05 4.19394e-06 2.86241e-07 1.38494e-08 4.73938e-10 1.13079e-11 1.8417e-13 2.0126e-15 1.45577e-17
 5.85413e-07 1.74476e-05 0.000306585 0.00317639 0.0194085 0.0700245 0.150057 0.196308 0.175391 0.141155 0.117765 0.0789977 0.0350009 0.0100293 0.00200712 0.00031188 3.8548e-05 3.55105e-06 2.318e-07 1.0634e-08 3.42062e-10 7.5802e-12 1.1297e-13 1.11155e-15 7.13464e-18
 8.8143e-07 2.48646e-05 0.000413543 0.00405536 0.0234546 0.0801113 0.162631 0.202135 0.173208 0.13536 0.108832 0.0696514 0.0296664 0.0083995 0.00173242 0.000283286 3.60385e-05 3.32548e-06 2.1519e-07 9.73206e-09 3.05027e-10 6.48385e-12 9.14271e-14 8.4255e-16 5.02448e-18
 1.0038e-06 2.68049e-05 0.000422024 0.00391802 0.021462 0.0695696 0.135303 0.167745 0.161833 0.158776 0.143041 0.0903278 0.0361667 0.00938498 0.00173537 0.000254807 3.01714e-05 2.70254e-06 1.74402e-07 7.92038e-09 2.47203e-10 5.16553e-12 7.08321e-14 6.29344e-16 3.58887e-18
 1.99467e-06 5.04273e-05 0.000751633 0.00660575 0.0342413 0.104845 0.190989 0.213823 0.166886 0.120013 0.0874195 0.049833 0.0188184 0.0047215 0.000861642 0.000124231 1.39205e-05 1.13704e-06 6.58473e-08 2.70621e-09 7.83081e-11 1.55536e-12 2.06012e-14 1.7785e-16 9.83966e-19
 2.11817e-06 5.07042e-05 0.000715627 0.00595619 0.0292594 0.085183 0.149767 0.172092 0.162541 0.157301 0.13112 0.0736551 0.0257254 0.00567004 0.000852394 9.82938e-05 9.25777e-06 6.82669e-07 3.70448e-08 1.42903e-09 3.82041e-11 6.90277e-13 8.26721e-15 6.48055e-17 3.29086e-19
#spawning biomass
 6842.27 6568.12 4876.32 4984.38 7455.36 11577.2 16074 21674 26880.8 35876.3 47022.5 57590.9 87447.9 95853.6 92647.6 84889.2 85038.7 83614.1 95551.8 86773.3 91165.9 80783.8 74346.7 81105.4 85088.9 79403.9 101678 90009.1 76247.2 74011.2 130828 74540 41207.1 26395.9 20643 18587.5 17893.2 17667.6 17596.4 17574.4 17567.7 17565.6 17565 17564.9 17564.8 17564.8 17564.8 17564.8 17564.8 17564.8 17564.8 17564.8 17564.8 17564.8 17564.8 17564.8 17564.8 17564.8 17564.8 17564.8 17564.8 17564.8 17564.8 17564.8 17564.8 17564.8 17564.8 17564.8 17564.8 17564.8 17564.8 17564.8 17564.8 17564.8 17564.8 17564.8 17564.8 17564.8 17564.8 17564.8 17564.8 17564.8 17564.8 17564.8 17564.8 17564.8 17564.8 17564.8 17564.8 17564.8 17564.8 17564.8 17564.8 17564.8 17564.8 17564.8 17564.8 17564.8 17564.8 17564.8 17564.8 17564.8 17564.8 17564.8 17564.8 17564.8 17564.8 17564.8 17564.8 17564.8 17564.8 17564.8 17564.8 17564.8 17564.8 17564.8 17564.8 17564.8 17564.8 17564.8 17564.8 17564.8 17564.8 17564.8 17564.8 17564.8 17564.8 17564.8 17564.8 0 0 0 0 0 0 0 0 0 0 0 0 0 0 0 0 0 0 0 0 0 0 0 0 0
