SBPRF35
0.224663
Curr Bio
50970.2
B35
188395
F35
0.33218
FOFL
0.237872
OFL
52915.8
Bzero
64189.3
#pred survey bio
 6478.8 8074.76 8260.15 7996.5 9821.24 13126.6 14536.4 17516.3 30903.5 50317.7 68957.9 89908.3 115917 138650 147156 134475 119281 109736 119990 118375 125875 136305 150137 162073 170817 181414 181223 175980 169848 1.09233e+07 6.29785e+06 4.68891e+06 3.23362e+06 2.22456e+06 1.60379e+06 1.24521e+06 1.04471e+06 934094 873093 839141 819938 808850 802299 798333 795879 794340 793357 792721 792304 792029 791846 791724 791642 791587 791550 791525 791508 791497 791489 791484 791480 791478 791476 791475 791475 791474 791474 791473 791473 791473 791473 791473 791473 791473 791473 791473 791473 791473 791473 791473 791473 791473 791473 791473 791473 791473 791473 791473 791473 791473 791473 791473 791473 791473 791473 791473 791473 791473 791473 791473 791473 791473 791473 791473 791473 791473 791473 791473 791473 791473 791473 791473 791473 791473 791473 791473 791473 791473 791473 791473 791473 791473 791473 791473 791473 791473 791473 791473 791473 0 0 0 0 0 0 0 0 0 0 0 0 0 0 0 0 0 0 0 0 0 0 0 0 0
#obs survey bio
 5833.07 6902.93 6164.17 8069.77 10948 9107.33 13729.8 26145.9 46586.2 62852.2 70910.5 108874 153948 127125 81067.4 81426.7 86832.7 109210 110277 111504 117031 144680 127645 201431 247057 187373 173094 201818 210696
#pred catch bio
 3653.19 5521.5 5874.26 5743.23 6683.74 9273.08 10387.4 11236 19797.4 33650.9 47923.1 62222.4 80224.3 94397.9 105383 99894.4 88064.9 74933.5 85080.6 82389.2 87568.2 92448.4 100255 108413 110281 116610 118055 116559 13937.7 52915.8 69871.2 50525 33836.3 22590.8 15893.8 12180.5 10210.7 9195.42 8681.9 8425.48 8298.56 8236.11 8205.5 8190.54 8183.24 8179.7 8177.98 8177.15 8176.74 8176.54 8176.45 8176.4 8176.38 8176.37 8176.36 8176.36 8176.36 8176.36 8176.36 8176.36 8176.36 8176.36 8176.36 8176.36 8176.36 8176.36 8176.36 8176.36 8176.36 8176.36 8176.36 8176.36 8176.36 8176.36 8176.36 8176.36 8176.36 8176.36 8176.36 8176.36 8176.36 8176.36 8176.36 8176.36 8176.36 8176.36 8176.36 8176.36 8176.36 8176.36 8176.36 8176.36 8176.36 8176.36 8176.36 8176.36 8176.36 8176.36 8176.36 8176.36 8176.36 8176.36 8176.36 8176.36 8176.36 8176.36 8176.36 8176.36 8176.36 8176.36 8176.36 8176.36 8176.36 8176.36 8176.36 8176.36 8176.36 8176.36 8176.36 8176.36 8176.36 8176.36 8176.36 8176.36 8176.36 8176.36 8176.36 8176.36 8176.36 0 0 0 0 0 0 0 0 0 0 0 0 0 0 0 0 0 0 0 0 0 0 0 0 0
#obs catch bio
 5107.44 5579.7 5989.68 5801.16 6540.07 9417.56 10410.9 10937.7 19123.2 32651.1 48185.6 60945.6 78877.7 93940.9 108738 104967 90469.7 75123.7 85555.2 83040.2 88240.4 93399.3 99389.4 106686 107780 114525 117065 117350 13659.9
#pred cpue bio
 6010.52 7222.72 7420.25 7156.51 8619.25 11619.9 12946.6 15433 27012.5 44320.6 61046.9 79281.7 102484 123227 132348 120746 106476 98018.1 107369 105989 112384 121632 134470 145673 153616 164082 164682 159629 153739 1.03975e+07 6.30451e+06 4.66575e+06 3.20902e+06 2.1999e+06 1.57913e+06 1.22055e+06 1.02004e+06 909430 848430 814478 795274 784187 777635 773669 771216 769677 768694 768057 767641 767366 767183 767060 766979 766924 766887 766862 766845 766833 766826 766820 766817 766814 766813 766812 766811 766811 766810 766810 766810 766810 766810 766810 766810 766810 766810 766810 766810 766810 766810 766810 766810 766810 766810 766810 766810 766810 766810 766810 766810 766810 766810 766810 766810 766810 766810 766810 766810 766810 766810 766810 766810 766810 766810 766810 766810 766810 766810 766810 766810 766810 766810 766810 766810 766810 766810 766810 766810 766810 766810 766810 766810 766810 766810 766810 766810 766810 766810 766810 766810 0 0 0 0 0 0 0 0 0 0 0 0 0 0 0 0 0 0 0 0 0 0 0 0 0
#obs cpue bio
 8060.87 7656.42 6631.3 6549.97 12946.3 10273.6 14790.8 18743.4 33219.9 53785.4 42465.8 110571 97697 133655 119896 89282.2 106482 102173 108342 95899.8 108265 94693.9 208258 159935 160907 201317 184200 147645 136489
#pred surv len freq
 2.14685e-27 2.17586e-27 6.88306e-27 1.61074e-21 9.57968e-17 1.30985e-12 4.11753e-09 2.97575e-06 0.000494417 0.0188864 0.165861 0.334877 0.155812 0.0264693 0.0607541 0.0851723 0.0342915 0.0265559 0.023484 0.0157233 0.0131733 0.0113602 0.011693 0.0108399 0.00454887
 2.14888e-27 2.18191e-27 7.57571e-27 1.84579e-21 1.09776e-16 1.50099e-12 4.71838e-09 3.40999e-06 0.000566565 0.0216424 0.190065 0.383743 0.178451 0.0277198 0.0536643 0.0749028 0.0274421 0.0135238 0.0107039 0.00570157 0.00393596 0.00276684 0.00236067 0.00198518 0.000822442
 2.14805e-27 2.18004e-27 7.38175e-27 1.77999e-21 1.05863e-16 1.44748e-12 4.55018e-09 3.28843e-06 0.000546368 0.0208709 0.183289 0.370064 0.172189 0.0293859 0.0679594 0.0949612 0.0334038 0.0121233 0.00851328 0.00322927 0.00159572 0.000829711 0.000525367 0.000366329 0.00014347
 2.14833e-27 2.18078e-27 7.46474e-27 1.80815e-21 1.07538e-16 1.47039e-12 4.62219e-09 3.34047e-06 0.000555014 0.0212012 0.18619 0.37592 0.17488 0.0289377 0.0634584 0.0886655 0.0318734 0.0137465 0.00980473 0.00307015 0.0010918 0.000365614 0.000142795 7.02836e-05 2.41266e-05
 2.1499e-27 2.18463e-27 7.87239e-27 1.94643e-21 1.15762e-16 1.58284e-12 4.97567e-09 3.59593e-06 0.000597459 0.0228225 0.200429 0.404668 0.188123 0.0276841 0.0471415 0.065639 0.0233757 0.00939841 0.00668541 0.00229607 0.000854281 0.000218549 4.81835e-05 1.26223e-05 3.19504e-06
 2.14919e-27 2.18287e-27 7.68189e-27 1.8818e-21 1.11918e-16 1.53027e-12 4.81044e-09 3.47652e-06 0.000577618 0.0220646 0.193773 0.39123 0.181947 0.0286468 0.0570686 0.0795809 0.0276096 0.00877918 0.00584943 0.00193061 0.000707286 0.00019122 3.60706e-05 4.91714e-06 6.46344e-07
 2.1487e-27 2.18167e-27 7.55622e-27 1.83917e-21 1.09383e-16 1.49561e-12 4.70148e-09 3.39777e-06 0.000564535 0.0215648 0.189384 0.382369 0.177861 0.0289407 0.0615336 0.0859034 0.0302422 0.0110351 0.00752155 0.00219025 0.000676514 0.000174074 3.26461e-05 3.79269e-06 2.65355e-07
 2.14959e-27 2.18386e-27 7.7894e-27 1.91828e-21 1.14087e-16 1.55994e-12 4.9037e-09 3.54392e-06 0.000588816 0.0224924 0.197529 0.398814 0.18543 0.028034 0.0510417 0.0711299 0.0252315 0.00982137 0.00685409 0.00213879 0.000701163 0.000159883 2.59796e-05 2.83948e-06 1.65351e-07
 2.15018e-27 2.18529e-27 7.94057e-27 1.96955e-21 1.17137e-16 1.60164e-12 5.03477e-09 3.63864e-06 0.000604555 0.0230936 0.202809 0.409474 0.190343 0.0276196 0.0452992 0.0630161 0.0221 0.00779934 0.00533702 0.00172695 0.000601904 0.000146077 2.35217e-05 2.26649e-06 1.17427e-07
 2.14958e-27 2.18382e-27 7.78307e-27 1.91612e-21 1.13959e-16 1.55818e-12 4.89817e-09 3.53992e-06 0.000588153 0.022467 0.197307 0.398365 0.185233 0.0283031 0.0528201 0.0735944 0.0255283 0.00809974 0.0053468 0.0016404 0.000541838 0.000136266 2.34286e-05 2.31256e-06 1.11814e-07
 2.14919e-27 2.18287e-27 7.68347e-27 1.88234e-21 1.1195e-16 1.53071e-12 4.81182e-09 3.47752e-06 0.000577784 0.022071 0.193828 0.391342 0.181995 0.0285434 0.0564036 0.0786655 0.0275922 0.00974207 0.0065841 0.00191206 0.00057701 0.000136678 2.2974e-05 2.36783e-06 1.18796e-07
 2.14951e-27 2.18366e-27 7.76804e-27 1.91103e-21 1.13656e-16 1.55405e-12 4.88516e-09 3.53052e-06 0.000586591 0.0224074 0.196783 0.397307 0.184739 0.0281906 0.0524518 0.073104 0.0257452 0.00942692 0.00647011 0.00198309 0.000635299 0.000142811 2.19629e-05 2.16041e-06 1.09379e-07
 2.1493e-27 2.18313e-27 7.71098e-27 1.89167e-21 1.12505e-16 1.5383e-12 4.83567e-09 3.49475e-06 0.000580648 0.0221804 0.194789 0.393282 0.182889 0.0284617 0.0553198 0.0771328 0.0269794 0.00928873 0.00628925 0.00196683 0.000655355 0.000155298 2.43787e-05 2.25212e-06 1.06936e-07
 2.14888e-27 2.1821e-27 7.602e-27 1.8547e-21 1.10306e-16 1.50824e-12 4.74117e-09 3.42646e-06 0.000569301 0.0217469 0.190983 0.385597 0.179348 0.0287893 0.0596363 0.0832265 0.0292601 0.0105526 0.00720422 0.00218213 0.000701531 0.000169702 2.79488e-05 2.67549e-06 1.24499e-07
 2.14786e-27 2.17961e-27 7.3396e-27 1.76569e-21 1.05013e-16 1.43586e-12 4.51365e-09 3.26202e-06 0.000541981 0.0207033 0.181817 0.367093 0.170822 0.0295533 0.0698772 0.0976846 0.0346756 0.0135735 0.00947778 0.00294148 0.000967186 0.000227987 3.69608e-05 3.64632e-06 1.76144e-07
 2.14803e-27 2.18005e-27 7.3891e-27 1.7825e-21 1.06012e-16 1.44953e-12 4.55661e-09 3.29308e-06 0.00054714 0.0209004 0.183548 0.370587 0.172422 0.0291459 0.0663371 0.0927323 0.0334347 0.0147362 0.0106096 0.00344766 0.00120419 0.000291973 4.76541e-05 4.62942e-06 2.25386e-07
 2.14854e-27 2.18129e-27 7.51936e-27 1.82668e-21 1.0864e-16 1.48546e-12 4.66955e-09 3.3747e-06 0.000560701 0.0214184 0.188098 0.379772 0.176657 0.0288326 0.0616561 0.0861072 0.0307231 0.012537 0.00896228 0.00312127 0.00118842 0.000305204 5.26248e-05 5.22714e-06 2.54065e-07
 2.14847e-27 2.18111e-27 7.49886e-27 1.81972e-21 1.08226e-16 1.47979e-12 4.65175e-09 3.36183e-06 0.000558564 0.0213368 0.187381 0.378325 0.175995 0.0290275 0.063282 0.0883801 0.0312724 0.0119289 0.00834924 0.00278349 0.00103392 0.000284527 5.35149e-05 5.65892e-06 2.85621e-07
 2.14833e-27 2.18077e-27 7.46337e-27 1.80769e-21 1.0751e-16 1.47001e-12 4.62099e-09 3.33961e-06 0.000554871 0.0211957 0.186142 0.375823 0.174838 0.0290203 0.063992 0.089405 0.0319662 0.013246 0.00940015 0.00301494 0.00105865 0.000280368 5.3482e-05 6.10176e-06 3.31022e-07
 2.14828e-27 2.18064e-27 7.44964e-27 1.80303e-21 1.07233e-16 1.46622e-12 4.60909e-09 3.331e-06 0.000553441 0.0211411 0.185662 0.374855 0.174392 0.0290752 0.064619 0.090285 0.0322215 0.0131692 0.00937283 0.00314706 0.00115041 0.000293262 5.30095e-05 5.98823e-06 3.40147e-07
 2.14853e-27 2.18126e-27 7.51573e-27 1.82545e-21 1.08567e-16 1.48446e-12 4.6664e-09 3.37242e-06 0.000560323 0.021404 0.187971 0.379516 0.176538 0.0288162 0.0616332 0.0860821 0.0308151 0.0128898 0.00921013 0.00307193 0.00112899 0.000299394 5.47163e-05 5.93295e-06 3.28628e-07
 2.14857e-27 2.18135e-27 7.52447e-27 1.82841e-21 1.08743e-16 1.48686e-12 4.67397e-09 3.37789e-06 0.000561231 0.0214387 0.188275 0.380131 0.176824 0.0288584 0.0617052 0.0861708 0.0306705 0.0122745 0.00870191 0.00294029 0.00109401 0.000290382 5.41014e-05 5.99129e-06 3.26833e-07
 2.14825e-27 2.18056e-27 7.4418e-27 1.80037e-21 1.07075e-16 1.46406e-12 4.60229e-09 3.32609e-06 0.000552624 0.0211099 0.185388 0.374302 0.174138 0.0291133 0.0650184 0.090847 0.0324066 0.0131937 0.00935862 0.00308422 0.00112112 0.000300298 5.65525e-05 6.34107e-06 3.51853e-07
 2.14794e-27 2.17983e-27 7.36523e-27 1.7744e-21 1.05531e-16 1.44294e-12 4.53591e-09 3.27811e-06 0.000544654 0.0208054 0.182714 0.368903 0.171647 0.0292469 0.0674615 0.094312 0.033918 0.0146816 0.0105617 0.00351379 0.00128113 0.000335721 6.24277e-05 7.05889e-06 3.96506e-07
 2.1479e-27 2.17974e-27 7.35723e-27 1.77169e-21 1.0537e-16 1.44074e-12 4.52899e-09 3.27311e-06 0.000543822 0.0207736 0.182435 0.36834 0.171384 0.0291793 0.0672179 0.093982 0.0339794 0.0152777 0.0111246 0.00383705 0.00145619 0.000385617 7.1223e-05 7.93013e-06 4.44918e-07
 2.14738e-27 2.17845e-27 7.22206e-27 1.72585e-21 1.02643e-16 1.40346e-12 4.41178e-09 3.18841e-06 0.000529749 0.0202361 0.177714 0.358809 0.166992 0.0295505 0.072357 0.101239 0.0367126 0.0168513 0.0123564 0.00436443 0.00171317 0.00047184 9.0027e-05 1.00647e-05 5.59172e-07
 2.14694e-27 2.17739e-27 7.11233e-27 1.68864e-21 1.0043e-16 1.3732e-12 4.31666e-09 3.11966e-06 0.000518328 0.0197998 0.173883 0.351073 0.16342 0.029688 0.0755279 0.105746 0.0388125 0.0192663 0.0143522 0.00513849 0.00205728 0.000583757 0.000116123 1.34738e-05 7.61076e-07
 2.14713e-27 2.17788e-27 7.16585e-27 1.7068e-21 1.0151e-16 1.38797e-12 4.36309e-09 3.15322e-06 0.000523903 0.0200127 0.175753 0.354849 0.165155 0.029383 0.0725279 0.101532 0.0375199 0.019415 0.0146648 0.00551594 0.00231763 0.000672027 0.000137656 1.6606e-05 9.7413e-07
 2.14733e-27 2.17837e-27 7.2159e-27 1.72377e-21 1.02519e-16 1.40177e-12 4.40647e-09 3.18457e-06 0.000529112 0.0202117 0.1775 0.358377 0.166784 0.0293381 0.0711902 0.0996231 0.0365185 0.0179969 0.0135356 0.00523626 0.00228772 0.000698824 0.000149819 1.86568e-05 1.13365e-06
#obs surv len freq
 1.23878e-39 6.06298e-33 6.82217e-27 1.76483e-21 1.04961e-16 1.43515e-12 4.51142e-09 3.26041e-06 0.000541722 0.0206931 0.181727 0.366911 0.170725 0.0292188 0.0678905 0.0949327 0.0343447 0.0155125 0.0113407 0.00401036 0.0015884 0.000453853 9.38853e-05 1.19315e-05 7.74422e-07
 1.31324e-39 6.42741e-33 7.23223e-27 1.87091e-21 1.1127e-16 1.52142e-12 4.78258e-09 3.45638e-06 0.000574283 0.0219369 0.19265 0.388964 0.180885 0.028267 0.0554338 0.0773563 0.0279008 0.012335 0.00895766 0.00310813 0.00120699 0.000341977 6.96851e-05 8.65489e-06 5.46516e-07
 1.15176e-39 5.63706e-33 6.34291e-27 1.64085e-21 9.75875e-17 1.33433e-12 4.19449e-09 3.03136e-06 0.000503665 0.0192394 0.16896 0.341137 0.158873 0.030915 0.0860136 0.120406 0.0423623 0.0153889 0.0106798 0.00365301 0.00139187 0.000386226 7.72231e-05 9.44495e-06 5.8417e-07
 1.3439e-39 6.57744e-33 7.40105e-27 1.91458e-21 1.13867e-16 1.55693e-12 4.89422e-09 3.53706e-06 0.000587688 0.0224489 0.197147 0.398043 0.185055 0.0275254 0.0481703 0.0671765 0.0251138 0.0138595 0.0103017 0.00316367 0.00105793 0.000284213 5.54775e-05 6.63654e-06 4.03045e-07
 1.39058e-39 6.80592e-33 7.65813e-27 1.98109e-21 1.17823e-16 1.61101e-12 5.06423e-09 3.65993e-06 0.000608102 0.0232287 0.203995 0.411869 0.191448 0.0275616 0.044224 0.0614846 0.0213341 0.00680348 0.00464652 0.00181545 0.000754004 0.000186591 3.26744e-05 3.7505e-06 2.22299e-07
 1.2663e-39 6.19767e-33 6.97371e-27 1.80403e-21 1.07293e-16 1.46703e-12 4.61163e-09 3.33284e-06 0.000553755 0.0211527 0.185763 0.375061 0.174509 0.0296206 0.0678872 0.0948033 0.0326215 0.0094879 0.00604689 0.0017369 0.000552769 0.00016373 3.22746e-05 3.43742e-06 1.89644e-07
 1.2789e-39 6.2593e-33 7.04307e-27 1.82198e-21 1.0836e-16 1.48162e-12 4.6575e-09 3.36598e-06 0.000559263 0.0213631 0.187611 0.378791 0.176206 0.0289009 0.0623693 0.0871224 0.031235 0.0131978 0.00924262 0.00253213 0.000684379 0.000151929 2.65892e-05 3.1605e-06 1.77003e-07
 1.41924e-39 6.94618e-33 7.81596e-27 2.02191e-21 1.20251e-16 1.64421e-12 5.16859e-09 3.73535e-06 0.000620634 0.0237074 0.208199 0.420357 0.19535 0.0269667 0.0380339 0.0527958 0.0187703 0.00744571 0.00525803 0.00174231 0.00060262 0.00012778 1.7695e-05 1.70857e-06 9.46711e-08
 1.41966e-39 6.94825e-33 7.81828e-27 2.02251e-21 1.20287e-16 1.6447e-12 5.17013e-09 3.73646e-06 0.000620819 0.0237145 0.208261 0.420482 0.195421 0.0273222 0.0401667 0.055741 0.0189818 0.0048755 0.00300876 0.000962849 0.000337392 8.58054e-05 1.38496e-05 1.19422e-06 5.36165e-08
 1.35069e-39 6.61071e-33 7.43848e-27 1.92426e-21 1.14443e-16 1.5648e-12 4.91897e-09 3.55495e-06 0.00059066 0.0225625 0.198143 0.400056 0.186019 0.028415 0.0529937 0.0738095 0.0252061 0.00670114 0.00409571 0.00106044 0.000266822 6.38229e-05 1.11407e-05 1.11664e-06 5.10415e-08
 1.32261e-39 6.47327e-33 7.28383e-27 1.88426e-21 1.12064e-16 1.53227e-12 4.81671e-09 3.48105e-06 0.00057838 0.0220934 0.194024 0.391739 0.182181 0.0286103 0.0566932 0.0790622 0.0275809 0.00924943 0.00610296 0.00160209 0.00039249 7.51156e-05 1.00946e-05 9.88269e-07 4.98368e-08
 1.35719e-39 6.6425e-33 7.47425e-27 1.93352e-21 1.14994e-16 1.57233e-12 4.94263e-09 3.57205e-06 0.000593501 0.022671 0.199097 0.40198 0.186893 0.0279949 0.0498495 0.0694321 0.0243994 0.00876356 0.00595545 0.00174242 0.000511366 0.000100554 1.21549e-05 9.38063e-07 4.10835e-08
 1.33347e-39 6.52641e-33 7.34363e-27 1.89973e-21 1.12984e-16 1.54485e-12 4.85625e-09 3.50962e-06 0.000583129 0.0222748 0.195617 0.394955 0.183663 0.0284669 0.0548485 0.0764548 0.0265544 0.00853523 0.00564964 0.00171356 0.000542468 0.000120283 1.66805e-05 1.26873e-06 4.72255e-08
 1.28513e-39 6.28984e-33 7.07743e-27 1.83086e-21 1.08888e-16 1.48885e-12 4.68022e-09 3.3824e-06 0.000561991 0.0214673 0.188526 0.380639 0.177068 0.0290932 0.0629861 0.0879401 0.0308138 0.0107776 0.0072576 0.00208447 0.000616302 0.000141635 2.1714e-05 1.87182e-06 7.42221e-08
 1.16261e-39 5.69018e-33 6.40268e-27 1.65631e-21 9.85072e-17 1.34691e-12 4.23402e-09 3.05993e-06 0.000508412 0.0194207 0.170553 0.344351 0.160348 0.0306277 0.0832909 0.116601 0.0414766 0.0165057 0.0115219 0.00345097 0.00106787 0.000234986 3.48758e-05 3.18982e-06 1.40451e-07
 1.26472e-39 6.18994e-33 6.96502e-27 1.80178e-21 1.07159e-16 1.4652e-12 4.60588e-09 3.32868e-06 0.000553065 0.0211264 0.185532 0.374593 0.174254 0.0285896 0.0617341 0.0863068 0.032018 0.0169278 0.0125714 0.00404091 0.00137841 0.000318717 4.81487e-05 4.28647e-06 1.91425e-07
 1.23261e-39 6.03277e-33 6.78817e-27 1.75603e-21 1.04438e-16 1.428e-12 4.48893e-09 3.24416e-06 0.000539022 0.0205899 0.180821 0.365083 0.169892 0.0295357 0.0703759 0.0983938 0.0349878 0.0139109 0.0100141 0.00381452 0.00156875 0.000398644 6.59163e-05 6.12028e-06 2.73544e-07
 1.27735e-39 6.25173e-33 7.03455e-27 1.81977e-21 1.08229e-16 1.47983e-12 4.65186e-09 3.36191e-06 0.000558586 0.0213373 0.187384 0.378333 0.175988 0.0287513 0.0615941 0.086049 0.0311033 0.013953 0.0100666 0.00325155 0.00119518 0.000354495 6.97843e-05 7.20729e-06 3.44054e-07
 1.24584e-39 6.09751e-33 6.86101e-27 1.77488e-21 1.05559e-16 1.44332e-12 4.5371e-09 3.27897e-06 0.000544806 0.0208109 0.182761 0.369 0.171698 0.0293958 0.0683418 0.0955248 0.0339622 0.0134745 0.00955916 0.003292 0.00123737 0.00032302 6.29643e-05 7.56486e-06 4.12924e-07
 1.26164e-39 6.17484e-33 6.94803e-27 1.79739e-21 1.06898e-16 1.46163e-12 4.59465e-09 3.32056e-06 0.000551716 0.0210748 0.185079 0.37368 0.173848 0.0290239 0.0646608 0.0903647 0.0325328 0.0141867 0.010177 0.00327434 0.00116266 0.000313782 5.91737e-05 6.77197e-06 3.97729e-07
 1.27658e-39 6.24796e-33 7.03031e-27 1.81867e-21 1.08163e-16 1.47894e-12 4.64906e-09 3.35988e-06 0.000558249 0.0213244 0.187271 0.378105 0.175888 0.0288807 0.0624531 0.0872378 0.0312209 0.0130366 0.00933198 0.00316237 0.00116711 0.00029867 5.45582e-05 6.18311e-06 3.52541e-07
 1.26116e-39 6.1725e-33 6.9454e-27 1.79671e-21 1.06857e-16 1.46108e-12 4.5929e-09 3.3193e-06 0.000551507 0.0210668 0.185009 0.373538 0.173787 0.0291552 0.0655049 0.0915318 0.0326336 0.0132324 0.00938292 0.00310562 0.00113385 0.000302026 5.55132e-05 6.05794e-06 3.37514e-07
 1.25547e-39 6.14466e-33 6.91407e-27 1.7886e-21 1.06375e-16 1.45449e-12 4.57219e-09 3.30433e-06 0.000549019 0.0209718 0.184175 0.371853 0.173007 0.0291408 0.0659247 0.092141 0.0330871 0.0141627 0.0101377 0.00330057 0.00117516 0.000307131 5.68545e-05 6.31607e-06 3.46406e-07
 1.25353e-39 6.13517e-33 6.90339e-27 1.78584e-21 1.06211e-16 1.45224e-12 4.56512e-09 3.29923e-06 0.000548171 0.0209394 0.18389 0.371279 0.172742 0.0291315 0.0660413 0.0923098 0.0332039 0.0143925 0.0103689 0.00348054 0.00127548 0.000328316 5.93016e-05 6.54475e-06 3.62295e-07
 1.26186e-39 6.17592e-33 6.94924e-27 1.7977e-21 1.06916e-16 1.46189e-12 4.59545e-09 3.32114e-06 0.000551812 0.0210785 0.185112 0.373745 0.173877 0.0290086 0.0645475 0.090204 0.0324572 0.0141037 0.0101754 0.00344316 0.00128333 0.000340056 6.22665e-05 6.75807e-06 3.69096e-07
 1.19428e-39 5.84516e-33 6.57707e-27 1.70143e-21 1.0119e-16 1.38359e-12 4.34933e-09 3.14327e-06 0.000522259 0.0199496 0.175198 0.353729 0.16466 0.0299726 0.0764651 0.107004 0.0384006 0.0163674 0.0117647 0.00398749 0.00149249 0.000400307 7.50798e-05 8.3171e-06 4.53402e-07
 1.19472e-39 5.8473e-33 6.57948e-27 1.70205e-21 1.01227e-16 1.3841e-12 4.35093e-09 3.14443e-06 0.000522451 0.0199569 0.175262 0.353859 0.164704 0.0295536 0.073868 0.103413 0.0380883 0.0193036 0.014309 0.00480086 0.00177728 0.000477472 9.04036e-05 1.02091e-05 5.67967e-07
 1.23001e-39 6.02007e-33 6.77388e-27 1.75234e-21 1.04218e-16 1.42499e-12 4.47948e-09 3.23733e-06 0.000537887 0.0205466 0.18044 0.364314 0.169521 0.0291043 0.0679741 0.0950864 0.0348794 0.0172575 0.0129223 0.00481077 0.00196315 0.000528135 9.93779e-05 1.129e-05 6.37566e-07
 1.23001e-39 6.02007e-33 6.77388e-27 1.75234e-21 1.04218e-16 1.42499e-12 4.47948e-09 3.23733e-06 0.000537887 0.0205466 0.18044 0.364314 0.169521 0.0291043 0.0679741 0.0950864 0.0348794 0.0172575 0.0129223 0.00481077 0.00196315 0.000528135 9.93779e-05 1.129e-05 6.37566e-07
#pred catch len freq
 2.14647e-27 2.17487e-27 6.77539e-27 1.57421e-21 9.36242e-17 1.28014e-12 4.02415e-09 2.90826e-06 0.000483204 0.0184581 0.1621 0.327283 0.152308 0.0266449 0.0641146 0.0899229 0.0361265 0.0277567 0.0245229 0.0164119 0.013748 0.0118554 0.0122027 0.0113124 0.00474716
 2.14875e-27 2.18157e-27 7.53939e-27 1.83347e-21 1.09043e-16 1.49097e-12 4.68689e-09 3.38723e-06 0.000562783 0.0214979 0.188796 0.381182 0.177271 0.0278376 0.0551553 0.0770041 0.0281756 0.0137723 0.0108841 0.00579514 0.00399973 0.00281157 0.00239882 0.00201726 0.000835733
 2.14795e-27 2.17977e-27 7.35304e-27 1.77025e-21 1.05283e-16 1.43956e-12 4.52528e-09 3.27043e-06 0.000543378 0.0207567 0.182286 0.368039 0.171257 0.0294977 0.0692524 0.0967814 0.0340136 0.0122466 0.0085822 0.00325418 0.00160757 0.00083583 0.000529237 0.000369027 0.000144527
 2.14824e-27 2.18055e-27 7.44061e-27 1.79997e-21 1.07051e-16 1.46373e-12 4.60126e-09 3.32535e-06 0.000552501 0.0211052 0.185347 0.374219 0.174096 0.0290319 0.0645464 0.0901971 0.0323881 0.0138555 0.00986587 0.00308834 0.0010979 0.000367631 0.000143581 7.06702e-05 2.42592e-05
 2.14978e-27 2.18433e-27 7.84053e-27 1.93563e-21 1.15119e-16 1.57405e-12 4.94805e-09 3.57597e-06 0.000594142 0.0226958 0.199316 0.402421 0.187089 0.0278012 0.0485334 0.0675995 0.0240494 0.00959157 0.00681033 0.00233817 0.00086968 0.000222476 4.90484e-05 1.28489e-05 3.25238e-06
 2.14909e-27 2.18262e-27 7.65534e-27 1.87279e-21 1.11382e-16 1.52295e-12 4.78741e-09 3.45987e-06 0.000574853 0.021959 0.192845 0.389357 0.181085 0.0287517 0.0582732 0.0812765 0.0281765 0.00888993 0.00590927 0.00194969 0.000714045 0.000193036 3.64126e-05 4.96374e-06 6.52469e-07
 2.14861e-27 2.18143e-27 7.5313e-27 1.83072e-21 1.0888e-16 1.48874e-12 4.67987e-09 3.38215e-06 0.00056194 0.0214657 0.188513 0.380611 0.177052 0.0290393 0.0626649 0.0874959 0.030775 0.0111403 0.00757793 0.00220602 0.000681141 0.000175252 3.28664e-05 3.81827e-06 2.67145e-07
 2.14941e-27 2.1834e-27 7.7415e-27 1.90203e-21 1.13121e-16 1.54673e-12 4.86216e-09 3.51389e-06 0.000583828 0.0223018 0.195856 0.395436 0.183875 0.0282078 0.053121 0.0740593 0.0262449 0.010134 0.00705895 0.00220203 0.000721652 0.000164545 2.67366e-05 2.9222e-06 1.70168e-07
 2.15001e-27 2.18489e-27 7.89747e-27 1.95493e-21 1.16267e-16 1.58975e-12 4.9974e-09 3.61164e-06 0.000600068 0.0229222 0.201304 0.406435 0.188944 0.0277789 0.0471876 0.0656759 0.0230129 0.00805732 0.00550196 0.00177972 0.000620098 0.000150483 2.42308e-05 2.33481e-06 1.20966e-07
 2.14944e-27 2.18346e-27 7.74439e-27 1.903e-21 1.13178e-16 1.54751e-12 4.86463e-09 3.51568e-06 0.000584125 0.0223132 0.195956 0.395637 0.183977 0.0284513 0.0545466 0.0760255 0.0263517 0.00829616 0.00546357 0.00167568 0.000553302 0.00013914 2.39223e-05 2.36129e-06 1.1417e-07
 2.14908e-27 2.18258e-27 7.65251e-27 1.87183e-21 1.11325e-16 1.52217e-12 4.78496e-09 3.45811e-06 0.000574559 0.0219478 0.192747 0.389158 0.18099 0.0286627 0.05779 0.0806175 0.0282524 0.00989631 0.00667435 0.0019377 0.000584537 0.000138451 2.32715e-05 2.39849e-06 1.20334e-07
 2.1494e-27 2.18338e-27 7.73774e-27 1.90075e-21 1.13045e-16 1.54569e-12 4.85889e-09 3.51153e-06 0.000583436 0.0222869 0.195724 0.39517 0.183756 0.0283059 0.0537999 0.0750023 0.0263898 0.00958614 0.00656613 0.0020119 0.000644307 0.000144827 2.22724e-05 2.19084e-06 1.1092e-07
 2.14918e-27 2.18284e-27 7.67942e-27 1.88096e-21 1.11868e-16 1.5296e-12 4.8083e-09 3.47498e-06 0.000577362 0.0220548 0.193687 0.391056 0.181864 0.028583 0.0567315 0.0791205 0.0276515 0.00944515 0.00638136 0.001995 0.000664517 0.00015746 2.47174e-05 2.2834e-06 1.08422e-07
 2.14873e-27 2.18174e-27 7.56368e-27 1.8417e-21 1.09533e-16 1.49767e-12 4.70795e-09 3.40245e-06 0.000565311 0.0215945 0.189644 0.382895 0.178104 0.0289343 0.0613361 0.0856202 0.0300749 0.0107604 0.00733107 0.00221987 0.000713416 0.000172565 2.84199e-05 2.72057e-06 1.26597e-07
 2.14776e-27 2.17936e-27 7.31268e-27 1.75656e-21 1.0447e-16 1.42844e-12 4.4903e-09 3.24516e-06 0.000539178 0.0205962 0.180877 0.365195 0.169948 0.0296595 0.0710977 0.0994027 0.0352507 0.0136881 0.00953984 0.00295982 0.000972888 0.000229316 3.71756e-05 3.66749e-06 1.77167e-07
 2.14798e-27 2.17993e-27 7.37599e-27 1.77805e-21 1.05748e-16 1.44591e-12 4.54524e-09 3.28486e-06 0.000545774 0.0208482 0.18309 0.369662 0.171997 0.0292047 0.066975 0.0936291 0.0337197 0.0147414 0.010596 0.00344211 0.00120186 0.000291392 4.75584e-05 4.6201e-06 2.24932e-07
 2.14849e-27 2.18116e-27 7.50489e-27 1.82177e-21 1.08348e-16 1.48146e-12 4.657e-09 3.36563e-06 0.000559194 0.0213608 0.187592 0.378752 0.176187 0.0288948 0.0623431 0.0870735 0.0310356 0.0125626 0.00896442 0.00312094 0.00118793 0.000305063 5.25995e-05 5.22461e-06 2.53941e-07
 2.14832e-27 2.18074e-27 7.4593e-27 1.8063e-21 1.07428e-16 1.46888e-12 4.61744e-09 3.33704e-06 0.000554444 0.0211794 0.185998 0.375534 0.17471 0.0291756 0.065027 0.0908377 0.0321114 0.012151 0.00848826 0.00282889 0.00105045 0.000289059 5.43664e-05 5.74894e-06 2.90165e-07
 2.14822e-27 2.1805e-27 7.43495e-27 1.79805e-21 1.06937e-16 1.46217e-12 4.59635e-09 3.3218e-06 0.000551911 0.0210826 0.185149 0.373819 0.173915 0.0291293 0.065262 0.0911932 0.0325711 0.0133879 0.0094841 0.00304089 0.00106741 0.000282671 5.39205e-05 6.15176e-06 3.33734e-07
 2.14814e-27 2.18031e-27 7.41508e-27 1.79131e-21 1.06536e-16 1.45669e-12 4.57912e-09 3.30934e-06 0.000549842 0.0210036 0.184455 0.372418 0.17327 0.029205 0.066146 0.0924355 0.0329548 0.0133605 0.0094919 0.00318597 0.00116427 0.000296778 5.36441e-05 6.0599e-06 3.44218e-07
 2.1484e-27 2.18094e-27 7.48225e-27 1.81409e-21 1.07891e-16 1.47522e-12 4.63737e-09 3.35144e-06 0.000556837 0.0212708 0.186801 0.377155 0.175451 0.0289412 0.063108 0.0881592 0.031525 0.0130804 0.00932997 0.00311087 0.00114294 0.000303076 5.53883e-05 6.00579e-06 3.32662e-07
 2.14841e-27 2.18096e-27 7.48357e-27 1.81454e-21 1.07918e-16 1.47558e-12 4.63851e-09 3.35226e-06 0.000556973 0.021276 0.186847 0.377247 0.175496 0.0290092 0.0634952 0.088692 0.031536 0.0125194 0.00885929 0.00299246 0.00111307 0.000295424 5.50399e-05 6.09521e-06 3.32501e-07
 2.14807e-27 2.18012e-27 7.3945e-27 1.78432e-21 1.06121e-16 1.45101e-12 4.56127e-09 3.29644e-06 0.000547699 0.0209217 0.183736 0.370966 0.172602 0.0292859 0.0670774 0.0937475 0.0334067 0.0134914 0.00955259 0.00314711 0.00114361 0.000306305 5.76828e-05 6.46778e-06 3.58883e-07
 2.14776e-27 2.17937e-27 7.31682e-27 1.75798e-21 1.04554e-16 1.42959e-12 4.49392e-09 3.24777e-06 0.000539612 0.0206128 0.181023 0.365489 0.170075 0.0294214 0.0695554 0.0972621 0.0349401 0.0150017 0.0107738 0.00358319 0.00130601 0.000342223 6.36356e-05 7.19545e-06 4.04177e-07
 2.14768e-27 2.17918e-27 7.29823e-27 1.75168e-21 1.04179e-16 1.42446e-12 4.47782e-09 3.23613e-06 0.000537679 0.020539 0.180374 0.364179 0.169468 0.0293858 0.0697328 0.0975261 0.0352198 0.015707 0.0114187 0.00393718 0.00149373 0.000395537 7.30539e-05 8.13396e-06 4.56353e-07
 2.14713e-27 2.17785e-27 7.15826e-27 1.7042e-21 1.01355e-16 1.38586e-12 4.35645e-09 3.14842e-06 0.000523106 0.0199823 0.175485 0.354309 0.16492 0.0297721 0.0750662 0.105057 0.0380518 0.0173243 0.0126831 0.00447831 0.00175734 0.00048398 9.23417e-05 1.03234e-05 5.73546e-07
 2.1467e-27 2.17681e-27 7.05025e-27 1.66758e-21 9.91772e-17 1.35607e-12 4.26283e-09 3.08076e-06 0.000511864 0.0195528 0.171714 0.346695 0.161404 0.0299001 0.0781421 0.109431 0.0401124 0.0197497 0.0146909 0.00525797 0.00210449 0.000597122 0.00011878 1.3782e-05 7.78485e-07
 2.14692e-27 2.17736e-27 7.11047e-27 1.68801e-21 1.00393e-16 1.37269e-12 4.31507e-09 3.11852e-06 0.000518137 0.0197925 0.173819 0.350944 0.163356 0.0295707 0.0748508 0.104807 0.0386767 0.0198508 0.0149732 0.00562995 0.00236486 0.00068569 0.000140452 1.69433e-05 9.93914e-07
 2.14629e-27 2.17581e-27 6.94516e-27 1.63193e-21 9.70573e-17 1.32708e-12 4.17171e-09 3.01491e-06 0.000500922 0.0191349 0.168044 0.339284 0.157989 0.0301838 0.0821073 0.115023 0.0421091 0.0205833 0.0154581 0.0059778 0.00261098 0.000797532 0.000170979 2.12917e-05 1.29375e-06
#obs catch len freq
 1.21806e-39 5.96158e-33 6.70807e-27 1.73531e-21 1.03206e-16 1.41115e-12 4.43596e-09 3.20588e-06 0.000532661 0.020347 0.178687 0.360775 0.167897 0.0294573 0.0711958 0.0996012 0.0361201 0.0165842 0.0121628 0.004305 0.00171397 0.000497686 0.000105182 1.37325e-05 9.24027e-07
 1.22883e-39 6.01428e-33 6.76737e-27 1.75065e-21 1.04118e-16 1.42363e-12 4.47518e-09 3.23422e-06 0.00053737 0.0205269 0.180267 0.363964 0.169369 0.029386 0.0697992 0.0976193 0.0352412 0.0156814 0.0114265 0.00402835 0.00159038 0.000453735 9.37486e-05 1.19057e-05 7.72398e-07
 1.30489e-39 6.38654e-33 7.18624e-27 1.85901e-21 1.10562e-16 1.51174e-12 4.75217e-09 3.4344e-06 0.000570631 0.0217974 0.191425 0.386491 0.179747 0.0284069 0.057033 0.0796073 0.0286527 0.0124794 0.00903214 0.00312454 0.00120938 0.000342138 6.96347e-05 8.6425e-06 5.45487e-07
 1.14135e-39 5.5861e-33 6.28557e-27 1.62602e-21 9.67054e-17 1.32227e-12 4.15657e-09 3.00396e-06 0.000499113 0.0190655 0.167433 0.338053 0.157454 0.0310989 0.0880658 0.123293 0.0433064 0.0155014 0.0107139 0.00365366 0.0013875 0.000384434 7.67717e-05 9.38307e-06 5.80081e-07
 1.33744e-39 6.54585e-33 7.36549e-27 1.90538e-21 1.1332e-16 1.54945e-12 4.87071e-09 3.52007e-06 0.000584865 0.0223411 0.196199 0.396131 0.184175 0.0276345 0.0494127 0.0689253 0.0256968 0.0139674 0.0103547 0.00317166 0.00105674 0.000283438 5.52586e-05 6.60561e-06 4.00984e-07
 1.38498e-39 6.77853e-33 7.62731e-27 1.97311e-21 1.17348e-16 1.60453e-12 5.04385e-09 3.6452e-06 0.000605655 0.0231352 0.203174 0.410212 0.190686 0.0276604 0.0453262 0.0630353 0.0218413 0.00686433 0.00466539 0.00181668 0.000752368 0.00018594 3.25175e-05 3.72962e-06 2.20959e-07
 1.25919e-39 6.16289e-33 6.93458e-27 1.79391e-21 1.06691e-16 1.4588e-12 4.58575e-09 3.31413e-06 0.000550648 0.021034 0.184721 0.372957 0.17354 0.0297496 0.0693087 0.0968026 0.0332673 0.00953775 0.00604785 0.00173287 0.000549307 0.000162426 3.19842e-05 3.40418e-06 1.87716e-07
 1.27165e-39 6.22386e-33 7.00319e-27 1.81166e-21 1.07746e-16 1.47323e-12 4.63112e-09 3.34692e-06 0.000556096 0.0212421 0.186548 0.376646 0.175219 0.0290292 0.0637992 0.089134 0.0318917 0.0132723 0.00926326 0.00253219 0.000681765 0.000151096 2.64052e-05 3.13631e-06 1.75577e-07
 1.41473e-39 6.9241e-33 7.79111e-27 2.01549e-21 1.19869e-16 1.63899e-12 5.15217e-09 3.72348e-06 0.000618662 0.0236321 0.207537 0.419021 0.194735 0.0270465 0.0389241 0.0540482 0.0191795 0.00749343 0.00527168 0.00174178 0.000600482 0.000127165 1.75857e-05 1.6965e-06 9.39521e-08
 1.41505e-39 6.92571e-33 7.79292e-27 2.01595e-21 1.19896e-16 1.63937e-12 5.15336e-09 3.72435e-06 0.000618805 0.0236376 0.207585 0.419118 0.194794 0.0274049 0.0410822 0.0570288 0.0193997 0.00491417 0.00301489 0.000962035 0.000335934 8.53088e-05 1.37541e-05 1.18517e-06 5.318e-08
 1.34486e-39 6.58215e-33 7.40634e-27 1.91595e-21 1.13949e-16 1.55804e-12 4.89772e-09 3.53959e-06 0.000588108 0.022465 0.197288 0.398328 0.185224 0.02852 0.0541559 0.0754442 0.0257355 0.00674668 0.00410089 0.0010596 0.000265521 6.33957e-05 1.10524e-05 1.10704e-06 5.05809e-08
 1.31616e-39 6.4417e-33 7.2483e-27 1.87507e-21 1.11517e-16 1.5248e-12 4.79321e-09 3.46407e-06 0.000575559 0.0219856 0.193078 0.389829 0.181302 0.0287256 0.0579728 0.0808623 0.028166 0.00930711 0.00611454 0.00160183 0.000390903 7.46949e-05 1.00233e-05 9.8042e-07 4.9418e-08
 1.35127e-39 6.61354e-33 7.44166e-27 1.92509e-21 1.14492e-16 1.56547e-12 4.92108e-09 3.55647e-06 0.000590913 0.0225721 0.198228 0.400227 0.186086 0.0280998 0.0510183 0.0710763 0.0249359 0.0088235 0.00597171 0.00174285 0.000509658 0.000100084 1.20822e-05 9.31642e-07 4.07777e-08
 1.32685e-39 6.49402e-33 7.30718e-27 1.8903e-21 1.12423e-16 1.53718e-12 4.83215e-09 3.4922e-06 0.000580234 0.0221642 0.194646 0.392995 0.182761 0.0285843 0.0561559 0.078294 0.0271543 0.00860148 0.00566737 0.00171441 0.000540813 0.000119746 1.65861e-05 1.26065e-06 4.68995e-08
 1.27782e-39 6.25402e-33 7.03712e-27 1.82044e-21 1.08268e-16 1.48037e-12 4.65356e-09 3.36314e-06 0.000558791 0.0213451 0.187452 0.378471 0.17607 0.0292235 0.0644349 0.0899781 0.0314776 0.0108477 0.00727429 0.00208422 0.00061392 0.000140868 2.157e-05 1.85812e-06 7.36451e-08
 1.15383e-39 5.64721e-33 6.35432e-27 1.6438e-21 9.77632e-17 1.33673e-12 4.20204e-09 3.03682e-06 0.000504572 0.019274 0.169264 0.341751 0.159152 0.0307869 0.0850463 0.11907 0.0422755 0.0165715 0.0115253 0.00344318 0.00106165 0.000233278 3.45769e-05 3.16008e-06 1.39078e-07
 1.2575e-39 6.15458e-33 6.92523e-27 1.79149e-21 1.06547e-16 1.45683e-12 4.57957e-09 3.30966e-06 0.000549905 0.0210057 0.184472 0.372453 0.173269 0.0287168 0.063156 0.0883073 0.0326741 0.0170125 0.0125992 0.00403862 0.00137295 0.000317011 4.78315e-05 4.25505e-06 1.89926e-07
 1.22413e-39 5.99125e-33 6.74145e-27 1.74395e-21 1.03719e-16 1.41817e-12 4.45804e-09 3.22183e-06 0.000535312 0.0204482 0.179576 0.36257 0.168736 0.0296855 0.0720481 0.100746 0.0357578 0.014005 0.0100429 0.00381297 0.0015635 0.000396779 6.55306e-05 6.08025e-06 2.71625e-07
 1.26936e-39 6.21261e-33 6.99053e-27 1.80839e-21 1.07551e-16 1.47057e-12 4.62275e-09 3.34087e-06 0.000555091 0.0212038 0.186211 0.375966 0.174899 0.0288893 0.0631503 0.0882389 0.0318264 0.0140631 0.0101128 0.00325731 0.00119302 0.000353299 6.94757e-05 7.1709e-06 3.42166e-07
 1.23735e-39 6.05596e-33 6.81426e-27 1.76279e-21 1.04839e-16 1.43349e-12 4.50619e-09 3.25663e-06 0.000541094 0.0206691 0.181516 0.366486 0.170541 0.0295448 0.0700085 0.0978698 0.0347315 0.0135746 0.00959388 0.00329403 0.00123411 0.000321693 6.26246e-05 7.51893e-06 4.10257e-07
 1.25275e-39 6.13134e-33 6.89908e-27 1.78473e-21 1.06144e-16 1.45133e-12 4.56228e-09 3.29717e-06 0.000547829 0.0209264 0.183775 0.371047 0.172636 0.0291757 0.0663812 0.0927858 0.0333355 0.0143203 0.0102384 0.00328492 0.00116235 0.000313216 5.89968e-05 6.74677e-06 3.96067e-07
 1.26736e-39 6.20283e-33 6.97953e-27 1.80554e-21 1.07382e-16 1.46826e-12 4.61548e-09 3.33561e-06 0.000554217 0.0211704 0.185918 0.375374 0.174631 0.0290365 0.0642272 0.0897348 0.032052 0.013186 0.00940564 0.00317797 0.00116903 0.000298724 5.44993e-05 6.17196e-06 3.51742e-07
 1.2506e-39 6.1208e-33 6.88722e-27 1.78166e-21 1.05962e-16 1.44884e-12 4.55444e-09 3.2915e-06 0.000546888 0.0208904 0.183459 0.37041 0.172347 0.0293313 0.0675227 0.0943721 0.0335837 0.0134192 0.00948128 0.00312919 0.00113861 0.00030284 5.55969e-05 6.06272e-06 3.3762e-07
 1.24439e-39 6.09041e-33 6.85303e-27 1.77281e-21 1.05436e-16 1.44165e-12 4.53182e-09 3.27516e-06 0.000544172 0.0207867 0.182549 0.368571 0.171497 0.0293232 0.0680275 0.0951013 0.0340826 0.0143762 0.0102559 0.0033297 0.0011815 0.000308324 5.70057e-05 6.3284e-06 3.46925e-07
 1.24244e-39 6.08086e-33 6.84228e-27 1.77003e-21 1.0527e-16 1.43938e-12 4.52471e-09 3.27002e-06 0.000543318 0.0207541 0.182262 0.367993 0.171229 0.0293138 0.0681447 0.0952709 0.0342002 0.0146081 0.010489 0.00351066 0.00128228 0.000329586 5.94574e-05 6.55719e-06 3.62817e-07
 1.25064e-39 6.12103e-33 6.88748e-27 1.78173e-21 1.05966e-16 1.44889e-12 4.5546e-09 3.29162e-06 0.000546908 0.0208912 0.183466 0.370423 0.172348 0.0291917 0.0666664 0.0931872 0.0334633 0.0143292 0.0103037 0.00347641 0.00129145 0.000341708 6.24944e-05 6.77798e-06 3.7001e-07
 1.1811e-39 5.78068e-33 6.50451e-27 1.68266e-21 1.00074e-16 1.36833e-12 4.30135e-09 3.1086e-06 0.000516498 0.0197296 0.173265 0.349827 0.162864 0.0301883 0.0789581 0.110513 0.0395828 0.0166275 0.0119112 0.00402537 0.00150172 0.000402187 7.53425e-05 8.34038e-06 4.54465e-07
 1.18159e-39 5.78307e-33 6.50721e-27 1.68335e-21 1.00115e-16 1.3689e-12 4.30314e-09 3.10988e-06 0.000516712 0.0197377 0.173337 0.349972 0.162915 0.0297622 0.0763132 0.106857 0.0392624 0.0196096 0.0144947 0.00484921 0.00178922 0.000479963 9.07663e-05 1.02429e-05 5.69591e-07
 1.16398e-39 5.69688e-33 6.41022e-27 1.65826e-21 9.86232e-17 1.34849e-12 4.239e-09 3.06353e-06 0.000509011 0.0194435 0.170753 0.344756 0.160511 0.0299703 0.0791557 0.11086 0.0406214 0.0199614 0.0149237 0.00554145 0.00225562 0.000606051 0.000113912 1.29326e-05 7.30013e-07
#spawning biomass
 3080.99 2414.51 2252.07 2128.06 2202.6 3064.04 3609.94 4025.77 6547.29 11229.4 16234.3 20622.3 26983.4 33852.7 39881.3 36778.7 30916 28238.5 31640.7 31361.3 32734.9 35080.7 39821.6 44611.1 47615.6 53045.3 55670 53989.9 50970.2 137583 202182 189977 130148 83365.9 55094.8 39396.5 31068.1 26775.1 24603.8 23519.6 22983 22718.9 22589.5 22526.2 22495.4 22480.4 22473.1 22469.6 22467.9 22467 22466.6 22466.4 22466.4 22466.3 22466.3 22466.3 22466.3 22466.3 22466.3 22466.3 22466.3 22466.3 22466.3 22466.3 22466.3 22466.3 22466.3 22466.3 22466.3 22466.3 22466.3 22466.3 22466.3 22466.3 22466.3 22466.3 22466.3 22466.3 22466.3 22466.3 22466.3 22466.3 22466.3 22466.3 22466.3 22466.3 22466.3 22466.3 22466.3 22466.3 22466.3 22466.3 22466.3 22466.3 22466.3 22466.3 22466.3 22466.3 22466.3 22466.3 22466.3 22466.3 22466.3 22466.3 22466.3 22466.3 22466.3 22466.3 22466.3 22466.3 22466.3 22466.3 22466.3 22466.3 22466.3 22466.3 22466.3 22466.3 22466.3 22466.3 22466.3 22466.3 22466.3 22466.3 22466.3 22466.3 22466.3 22466.3 22466.3 0 0 0 0 0 0 0 0 0 0 0 0 0 0 0 0 0 0 0 0 0 0 0 0 0
