SBPRF35
0.224663
Curr Bio
52837.9
B35
190745
F35
0.340274
FOFL
0.258361
OFL
59971.6
Bzero
64189.3
#pred survey bio
 6494.4 7670.76 7868.77 7632.11 9332.99 12491.1 13864.5 16712.9 29418.9 47871.6 65705.9 85563.8 110249 131816 140243 128230 113631 104510 114335 112793 119900 129854 143124 154574 162829 173128 173491 170139 172272 1.13953e+07 6.7171e+06 5.01475e+06 3.42257e+06 2.3214e+06 1.64825e+06 1.26183e+06 1.04694e+06 928917 864033 827982 807595 795811 788832 784594 781963 780307 779246 778557 778105 777806 777606 777473 777384 777324 777283 777256 777237 777225 777216 777211 777207 777204 777203 777201 777201 777200 777200 777199 777199 777199 777199 777199 777199 777199 777199 777199 777199 777199 777199 777199 777199 777199 777199 777199 777199 777199 777199 777199 777199 777199 777199 777199 777199 777199 777199 777199 777199 777199 777199 777199 777199 777199 777199 777199 777199 777199 777199 777199 777199 777199 777199 777199 777199 777199 777199 777199 777199 777199 777199 777199 777199 777199 777199 777199 777199 777199 777199 777199 777199 0 0 0 0 0 0 0 0 0 0 0 0 0 0 0 0 0 0 0 0 0 0 0 0 0
#obs survey bio
 5833.07 6902.93 6164.17 8069.77 10948 9107.33 13729.8 26145.9 46586.2 62852.2 70910.5 108874 153948 127125 81067.4 81426.7 86832.7 109210 110277 111504 117031 144680 127645 201431 247057 187373 173094 201818 210696
#pred catch bio
 3915.12 5542.96 5906.89 5774.3 6723.32 9330.46 10446.7 11292.8 19912.4 33862.9 48208.3 62586.7 80709.9 94958.4 106003 100453 88583.8 75350.5 85588.2 82857.3 88073.4 92971.2 100825 109031 110896 117263 118670 117063 13942.9 59971.6 76527.8 55267.5 36534.9 24012 16617 12550.4 10411 9317.12 8768.38 8496.59 8363.15 8298.02 8266.36 8251.01 8243.58 8240 8238.28 8237.45 8237.05 8236.86 8236.77 8236.72 8236.7 8236.69 8236.69 8236.68 8236.68 8236.68 8236.68 8236.68 8236.68 8236.68 8236.68 8236.68 8236.68 8236.68 8236.68 8236.68 8236.68 8236.68 8236.68 8236.68 8236.68 8236.68 8236.68 8236.68 8236.68 8236.68 8236.68 8236.68 8236.68 8236.68 8236.68 8236.68 8236.68 8236.68 8236.68 8236.68 8236.68 8236.68 8236.68 8236.68 8236.68 8236.68 8236.68 8236.68 8236.68 8236.68 8236.68 8236.68 8236.68 8236.68 8236.68 8236.68 8236.68 8236.68 8236.68 8236.68 8236.68 8236.68 8236.68 8236.68 8236.68 8236.68 8236.68 8236.68 8236.68 8236.68 8236.68 8236.68 8236.68 8236.68 8236.68 8236.68 8236.68 8236.68 8236.68 8236.68 8236.68 0 0 0 0 0 0 0 0 0 0 0 0 0 0 0 0 0 0 0 0 0 0 0 0 0
#obs catch bio
 5107.44 5579.7 5989.68 5801.16 6540.07 9417.56 10410.9 10937.7 19123.2 32651.1 48185.6 60945.6 78877.7 93940.9 108738 104967 90469.7 75123.7 85555.2 83040.2 88240.4 93399.3 99389.4 106686 107780 114525 117065 117350 13659.9
#pred cpue bio
 6073.34 6896.19 7110.91 6871.97 8241.29 11125.3 12425.3 14814.4 25877.1 42437.5 58522.8 75927.4 98087.2 117893 126924 115848 102070 93936.8 102966 101624 107722 116600 129025 139842 147386 157610 158665 155265 156640 1.09187e+07 6.7584e+06 5.00495e+06 3.40308e+06 2.30095e+06 1.62773e+06 1.2413e+06 1.02641e+06 908390 843506 807455 787068 775284 768305 764067 761436 759780 758719 758030 757578 757278 757079 756946 756857 756796 756756 756729 756710 756698 756689 756684 756680 756677 756675 756674 756673 756673 756672 756672 756672 756672 756672 756672 756672 756672 756672 756672 756672 756672 756672 756672 756672 756672 756672 756672 756672 756672 756672 756672 756672 756672 756672 756672 756672 756672 756672 756672 756672 756672 756672 756672 756672 756672 756672 756672 756672 756672 756672 756672 756672 756672 756672 756672 756672 756672 756672 756672 756672 756672 756672 756672 756672 756672 756672 756672 756672 756672 756672 756672 756672 0 0 0 0 0 0 0 0 0 0 0 0 0 0 0 0 0 0 0 0 0 0 0 0 0
#obs cpue bio
 8060.87 7656.42 6631.3 6549.97 12946.3 10273.6 14790.8 18743.4 33219.9 53785.4 42465.8 110571 97697 133655 119896 89282.2 106482 102173 108342 95899.8 108265 94693.9 208258 159935 160907 201317 184200 147645 136489
#pred surv len freq
 2.14636e-27 2.17454e-27 6.73811e-27 1.56156e-21 9.28719e-17 1.26986e-12 3.99182e-09 2.8849e-06 0.000479321 0.0183097 0.160797 0.324653 0.151085 0.0264733 0.0638596 0.089589 0.0363171 0.0288272 0.0255908 0.0172222 0.014469 0.0124973 0.0128753 0.0119406 0.00501134
 2.14874e-27 2.18155e-27 7.53721e-27 1.83272e-21 1.08999e-16 1.49037e-12 4.685e-09 3.38586e-06 0.000562556 0.0214892 0.18872 0.381028 0.1772 0.0278391 0.055211 0.0770833 0.0282122 0.0138135 0.0109155 0.00580181 0.00400698 0.00282471 0.00241474 0.00203237 0.000842194
 2.14785e-27 2.17952e-27 7.32617e-27 1.76113e-21 1.04741e-16 1.43215e-12 4.50197e-09 3.25359e-06 0.000540579 0.0206497 0.181347 0.366143 0.170387 0.0296782 0.0709255 0.0991277 0.034683 0.0119857 0.00828027 0.00305809 0.00147381 0.000762502 0.00048357 0.00033783 0.000132385
 2.14812e-27 2.18025e-27 7.40765e-27 1.78878e-21 1.06386e-16 1.45464e-12 4.57267e-09 3.30468e-06 0.000549067 0.020974 0.184195 0.371893 0.173028 0.0292188 0.0663888 0.0927846 0.033177 0.0137483 0.00967556 0.00289562 0.000962014 0.000309981 0.000118592 5.8329e-05 2.00469e-05
 2.14969e-27 2.18409e-27 7.81475e-27 1.92688e-21 1.14599e-16 1.56693e-12 4.92568e-09 3.5598e-06 0.000591456 0.0225932 0.198415 0.400602 0.186253 0.0279394 0.0499255 0.0695556 0.0246582 0.00955477 0.00670205 0.00219988 0.00077059 0.000185664 3.80419e-05 9.6154e-06 2.42259e-06
 2.14899e-27 2.18236e-27 7.62714e-27 1.86322e-21 1.10813e-16 1.51517e-12 4.76295e-09 3.4422e-06 0.000571916 0.0218468 0.19186 0.387368 0.18017 0.0288833 0.0596761 0.0832497 0.0288179 0.00895096 0.00589319 0.00186715 0.000644087 0.000164258 2.87626e-05 3.60822e-06 4.49572e-07
 2.14849e-27 2.18113e-27 7.49833e-27 1.81953e-21 1.08214e-16 1.47964e-12 4.65126e-09 3.36148e-06 0.000558505 0.0213345 0.187361 0.378285 0.175983 0.0292063 0.0643858 0.0899137 0.0315233 0.011082 0.0074594 0.00210948 0.000616326 0.000149883 2.61249e-05 2.80615e-06 1.79368e-07
 2.14938e-27 2.18334e-27 7.73459e-27 1.89968e-21 1.12981e-16 1.54482e-12 4.85616e-09 3.50956e-06 0.000583108 0.0222743 0.195614 0.394948 0.183652 0.0282794 0.0537053 0.0748763 0.0264463 0.0099284 0.0068396 0.00205265 0.000635119 0.000138505 2.10018e-05 2.12686e-06 1.14078e-07
 2.14996e-27 2.18475e-27 7.88237e-27 1.94981e-21 1.15963e-16 1.58558e-12 4.9843e-09 3.60216e-06 0.000598494 0.0228621 0.200776 0.405369 0.188454 0.027854 0.0479671 0.066772 0.0233667 0.00808155 0.00547626 0.00170587 0.000562288 0.000129753 1.9603e-05 1.76757e-06 8.47004e-08
 2.14936e-27 2.18326e-27 7.72317e-27 1.8958e-21 1.1275e-16 1.54166e-12 4.84623e-09 3.50238e-06 0.000581915 0.0222288 0.195214 0.39414 0.183288 0.0285438 0.0555624 0.077455 0.0268258 0.00837416 0.00548419 0.00163656 0.000515571 0.000123343 1.98879e-05 1.84167e-06 8.31934e-08
 2.14899e-27 2.18237e-27 7.62977e-27 1.86412e-21 1.10866e-16 1.5159e-12 4.76524e-09 3.44386e-06 0.000572192 0.0218573 0.191952 0.387555 0.180252 0.0287726 0.0589445 0.0822403 0.0287654 0.0098954 0.00662504 0.0018777 0.00054223 0.00012331 1.95406e-05 1.88941e-06 8.88195e-08
 2.14929e-27 2.18311e-27 7.70884e-27 1.89094e-21 1.12462e-16 1.53771e-12 4.83382e-09 3.49341e-06 0.000580425 0.0221719 0.194714 0.393131 0.182818 0.0284488 0.0552867 0.0770918 0.0270446 0.00956447 0.00648379 0.00192501 0.000587429 0.000127338 1.85816e-05 1.72522e-06 8.19815e-08
 2.14908e-27 2.18259e-27 7.65277e-27 1.87192e-21 1.1133e-16 1.52224e-12 4.78518e-09 3.45827e-06 0.000574586 0.0219488 0.192755 0.389176 0.181 0.028712 0.0580857 0.0810243 0.0282587 0.00946256 0.00633167 0.00190767 0.000600896 0.000136343 2.02983e-05 1.78126e-06 7.98087e-08
 2.14866e-27 2.18155e-27 7.5431e-27 1.83472e-21 1.09118e-16 1.49199e-12 4.69009e-09 3.38954e-06 0.000563167 0.0215126 0.188925 0.381442 0.177437 0.0290494 0.0624766 0.0872217 0.0305585 0.0106776 0.00720472 0.00211253 0.000643066 0.000147994 2.29214e-05 2.07713e-06 9.15729e-08
 2.14764e-27 2.17906e-27 7.28009e-27 1.7455e-21 1.03812e-16 1.41944e-12 4.46204e-09 3.22473e-06 0.000535783 0.0204666 0.179738 0.362896 0.168892 0.0298278 0.0728179 0.10182 0.0360038 0.0136461 0.00941989 0.00282307 0.000879361 0.000197981 3.01213e-05 2.79106e-06 1.27079e-07
 2.14782e-27 2.17951e-27 7.33048e-27 1.76261e-21 1.04829e-16 1.43335e-12 4.50576e-09 3.25632e-06 0.000541033 0.0206671 0.1815 0.366451 0.170521 0.0294357 0.069353 0.0969709 0.034766 0.0147022 0.0104492 0.00326764 0.00108041 0.000249914 3.83566e-05 3.50193e-06 1.59825e-07
 2.14831e-27 2.18073e-27 7.45809e-27 1.80589e-21 1.07403e-16 1.46855e-12 4.6164e-09 3.33629e-06 0.000554319 0.0211746 0.185957 0.37545 0.174669 0.0291309 0.06478 0.0904986 0.0321157 0.0125494 0.00883128 0.00293253 0.00105142 0.000256725 4.1588e-05 3.88621e-06 1.7728e-07
 2.14825e-27 2.18055e-27 7.43859e-27 1.79927e-21 1.07009e-16 1.46316e-12 4.59947e-09 3.32405e-06 0.000552287 0.021097 0.185275 0.374073 0.17404 0.0293143 0.0663145 0.0926437 0.032634 0.0119751 0.00825704 0.00262666 0.000912206 0.000236263 4.15171e-05 4.12144e-06 1.95376e-07
 2.14809e-27 2.18018e-27 7.40022e-27 1.78626e-21 1.06236e-16 1.45259e-12 4.56622e-09 3.30002e-06 0.000548294 0.0209445 0.183935 0.371369 0.172789 0.0293028 0.0670594 0.0937201 0.0333764 0.0134078 0.00940707 0.00289747 0.000955361 0.000237686 4.19079e-05 4.44732e-06 2.25864e-07
 2.14805e-27 2.18008e-27 7.3896e-27 1.78266e-21 1.06022e-16 1.44966e-12 4.55701e-09 3.29336e-06 0.000547188 0.0209022 0.183564 0.37062 0.172445 0.0293552 0.0676049 0.0944838 0.0335714 0.0132471 0.00931079 0.00300674 0.00104097 0.000251247 4.20497e-05 4.38261e-06 2.30573e-07
 2.1483e-27 2.18069e-27 7.45519e-27 1.80491e-21 1.07345e-16 1.46775e-12 4.6139e-09 3.33448e-06 0.000554018 0.0211631 0.185856 0.375246 0.174574 0.0290938 0.0646151 0.0902759 0.0321734 0.0130029 0.00917739 0.00293944 0.00102055 0.00025699 4.39389e-05 4.42092e-06 2.25698e-07
 2.14834e-27 2.18079e-27 7.46492e-27 1.80821e-21 1.07541e-16 1.47043e-12 4.62232e-09 3.34057e-06 0.00055503 0.0212018 0.186195 0.375931 0.174892 0.0291298 0.0646284 0.0902822 0.0320046 0.0123947 0.00867858 0.0028155 0.000990321 0.000249194 4.34098e-05 4.49234e-06 2.27736e-07
 2.148e-27 2.17995e-27 7.37634e-27 1.77816e-21 1.05754e-16 1.446e-12 4.54552e-09 3.28506e-06 0.000545807 0.0208495 0.183101 0.369685 0.172014 0.0294034 0.0681808 0.0952959 0.0338635 0.0133718 0.00937808 0.00297474 0.00102259 0.000259592 4.56992e-05 4.78465e-06 2.47641e-07
 2.14769e-27 2.17921e-27 7.29878e-27 1.75186e-21 1.0419e-16 1.42461e-12 4.47828e-09 3.23646e-06 0.000537734 0.0205411 0.180393 0.364216 0.169491 0.0295357 0.0706366 0.0987799 0.0353962 0.0149135 0.0106218 0.00340586 0.00117826 0.000293343 5.09835e-05 5.3798e-06 2.81796e-07
 2.14765e-27 2.17912e-27 7.29075e-27 1.74914e-21 1.04028e-16 1.4224e-12 4.47132e-09 3.23144e-06 0.000536898 0.0205092 0.180112 0.363651 0.169227 0.0294704 0.0704089 0.098472 0.035463 0.0155036 0.0111761 0.00371782 0.00134407 0.000339074 5.87519e-05 6.11239e-06 3.19556e-07
 2.14712e-27 2.17783e-27 7.15463e-27 1.70297e-21 1.01282e-16 1.38485e-12 4.3533e-09 3.14614e-06 0.000522727 0.0199678 0.175358 0.354053 0.164804 0.0298438 0.075581 0.105776 0.0382227 0.017118 0.0124338 0.00423274 0.00158395 0.000416188 7.48202e-05 7.84849e-06 4.07326e-07
 2.14669e-27 2.17678e-27 7.04665e-27 1.66635e-21 9.91043e-17 1.35507e-12 4.25969e-09 3.07849e-06 0.000511487 0.0195385 0.171588 0.34644 0.161289 0.0299818 0.0787181 0.110235 0.0402982 0.0194998 0.0143954 0.00497564 0.00190316 0.000514995 9.6625e-05 1.05547e-05 5.59594e-07
 2.14691e-27 2.17734e-27 7.10745e-27 1.68698e-21 1.00331e-16 1.37185e-12 4.31243e-09 3.11661e-06 0.00051782 0.0197804 0.173712 0.350729 0.16326 0.0296569 0.0754418 0.105632 0.0388652 0.0195862 0.0146534 0.00530901 0.00213384 0.000591065 0.000114314 1.29883e-05 7.16979e-07
 2.14726e-27 2.17818e-27 7.19535e-27 1.71679e-21 1.02104e-16 1.3961e-12 4.38864e-09 3.17169e-06 0.000526971 0.0201299 0.176782 0.356927 0.166119 0.0294861 0.0725312 0.101505 0.037076 0.0178573 0.0133027 0.00494847 0.00206587 0.000601931 0.000122038 1.43328e-05 8.20184e-07
#obs surv len freq
 1.23878e-39 6.06298e-33 6.82217e-27 1.76483e-21 1.04961e-16 1.43515e-12 4.51142e-09 3.26041e-06 0.000541722 0.0206931 0.181727 0.366911 0.170725 0.0292188 0.0678905 0.0949327 0.0343447 0.0155125 0.0113407 0.00401036 0.0015884 0.000453853 9.38853e-05 1.19315e-05 7.74422e-07
 1.31324e-39 6.42741e-33 7.23223e-27 1.87091e-21 1.1127e-16 1.52142e-12 4.78258e-09 3.45638e-06 0.000574283 0.0219369 0.19265 0.388964 0.180885 0.028267 0.0554338 0.0773563 0.0279008 0.012335 0.00895766 0.00310813 0.00120699 0.000341977 6.96851e-05 8.65489e-06 5.46516e-07
 1.15176e-39 5.63706e-33 6.34291e-27 1.64085e-21 9.75875e-17 1.33433e-12 4.19449e-09 3.03136e-06 0.000503665 0.0192394 0.16896 0.341137 0.158873 0.030915 0.0860136 0.120406 0.0423623 0.0153889 0.0106798 0.00365301 0.00139187 0.000386226 7.72231e-05 9.44495e-06 5.8417e-07
 1.3439e-39 6.57744e-33 7.40105e-27 1.91458e-21 1.13867e-16 1.55693e-12 4.89422e-09 3.53706e-06 0.000587688 0.0224489 0.197147 0.398043 0.185055 0.0275254 0.0481703 0.0671765 0.0251138 0.0138595 0.0103017 0.00316367 0.00105793 0.000284213 5.54775e-05 6.63654e-06 4.03045e-07
 1.39058e-39 6.80592e-33 7.65813e-27 1.98109e-21 1.17823e-16 1.61101e-12 5.06423e-09 3.65993e-06 0.000608102 0.0232287 0.203995 0.411869 0.191448 0.0275616 0.044224 0.0614846 0.0213341 0.00680348 0.00464652 0.00181545 0.000754004 0.000186591 3.26744e-05 3.7505e-06 2.22299e-07
 1.2663e-39 6.19767e-33 6.97371e-27 1.80403e-21 1.07293e-16 1.46703e-12 4.61163e-09 3.33284e-06 0.000553755 0.0211527 0.185763 0.375061 0.174509 0.0296206 0.0678872 0.0948033 0.0326215 0.0094879 0.00604689 0.0017369 0.000552769 0.00016373 3.22746e-05 3.43742e-06 1.89644e-07
 1.2789e-39 6.2593e-33 7.04307e-27 1.82198e-21 1.0836e-16 1.48162e-12 4.6575e-09 3.36598e-06 0.000559263 0.0213631 0.187611 0.378791 0.176206 0.0289009 0.0623693 0.0871224 0.031235 0.0131978 0.00924262 0.00253213 0.000684379 0.000151929 2.65892e-05 3.1605e-06 1.77003e-07
 1.41924e-39 6.94618e-33 7.81596e-27 2.02191e-21 1.20251e-16 1.64421e-12 5.16859e-09 3.73535e-06 0.000620634 0.0237074 0.208199 0.420357 0.19535 0.0269667 0.0380339 0.0527958 0.0187703 0.00744571 0.00525803 0.00174231 0.00060262 0.00012778 1.7695e-05 1.70857e-06 9.46711e-08
 1.41966e-39 6.94825e-33 7.81828e-27 2.02251e-21 1.20287e-16 1.6447e-12 5.17013e-09 3.73646e-06 0.000620819 0.0237145 0.208261 0.420482 0.195421 0.0273222 0.0401667 0.055741 0.0189818 0.0048755 0.00300876 0.000962849 0.000337392 8.58054e-05 1.38496e-05 1.19422e-06 5.36165e-08
 1.35069e-39 6.61071e-33 7.43848e-27 1.92426e-21 1.14443e-16 1.5648e-12 4.91897e-09 3.55495e-06 0.00059066 0.0225625 0.198143 0.400056 0.186019 0.028415 0.0529937 0.0738095 0.0252061 0.00670114 0.00409571 0.00106044 0.000266822 6.38229e-05 1.11407e-05 1.11664e-06 5.10415e-08
 1.32261e-39 6.47327e-33 7.28383e-27 1.88426e-21 1.12064e-16 1.53227e-12 4.81671e-09 3.48105e-06 0.00057838 0.0220934 0.194024 0.391739 0.182181 0.0286103 0.0566932 0.0790622 0.0275809 0.00924943 0.00610296 0.00160209 0.00039249 7.51156e-05 1.00946e-05 9.88269e-07 4.98368e-08
 1.35719e-39 6.6425e-33 7.47425e-27 1.93352e-21 1.14994e-16 1.57233e-12 4.94263e-09 3.57205e-06 0.000593501 0.022671 0.199097 0.40198 0.186893 0.0279949 0.0498495 0.0694321 0.0243994 0.00876356 0.00595545 0.00174242 0.000511366 0.000100554 1.21549e-05 9.38063e-07 4.10835e-08
 1.33347e-39 6.52641e-33 7.34363e-27 1.89973e-21 1.12984e-16 1.54485e-12 4.85625e-09 3.50962e-06 0.000583129 0.0222748 0.195617 0.394955 0.183663 0.0284669 0.0548485 0.0764548 0.0265544 0.00853523 0.00564964 0.00171356 0.000542468 0.000120283 1.66805e-05 1.26873e-06 4.72255e-08
 1.28513e-39 6.28984e-33 7.07743e-27 1.83086e-21 1.08888e-16 1.48885e-12 4.68022e-09 3.3824e-06 0.000561991 0.0214673 0.188526 0.380639 0.177068 0.0290932 0.0629861 0.0879401 0.0308138 0.0107776 0.0072576 0.00208447 0.000616302 0.000141635 2.1714e-05 1.87182e-06 7.42221e-08
 1.16261e-39 5.69018e-33 6.40268e-27 1.65631e-21 9.85072e-17 1.34691e-12 4.23402e-09 3.05993e-06 0.000508412 0.0194207 0.170553 0.344351 0.160348 0.0306277 0.0832909 0.116601 0.0414766 0.0165057 0.0115219 0.00345097 0.00106787 0.000234986 3.48758e-05 3.18982e-06 1.40451e-07
 1.26472e-39 6.18994e-33 6.96502e-27 1.80178e-21 1.07159e-16 1.4652e-12 4.60588e-09 3.32868e-06 0.000553065 0.0211264 0.185532 0.374593 0.174254 0.0285896 0.0617341 0.0863068 0.032018 0.0169278 0.0125714 0.00404091 0.00137841 0.000318717 4.81487e-05 4.28647e-06 1.91425e-07
 1.23261e-39 6.03277e-33 6.78817e-27 1.75603e-21 1.04438e-16 1.428e-12 4.48893e-09 3.24416e-06 0.000539022 0.0205899 0.180821 0.365083 0.169892 0.0295357 0.0703759 0.0983938 0.0349878 0.0139109 0.0100141 0.00381452 0.00156875 0.000398644 6.59163e-05 6.12028e-06 2.73544e-07
 1.27735e-39 6.25173e-33 7.03455e-27 1.81977e-21 1.08229e-16 1.47983e-12 4.65186e-09 3.36191e-06 0.000558586 0.0213373 0.187384 0.378333 0.175988 0.0287513 0.0615941 0.086049 0.0311033 0.013953 0.0100666 0.00325155 0.00119518 0.000354495 6.97843e-05 7.20729e-06 3.44054e-07
 1.24584e-39 6.09751e-33 6.86101e-27 1.77488e-21 1.05559e-16 1.44332e-12 4.5371e-09 3.27897e-06 0.000544806 0.0208109 0.182761 0.369 0.171698 0.0293958 0.0683418 0.0955248 0.0339622 0.0134745 0.00955916 0.003292 0.00123737 0.00032302 6.29643e-05 7.56486e-06 4.12924e-07
 1.26164e-39 6.17484e-33 6.94803e-27 1.79739e-21 1.06898e-16 1.46163e-12 4.59465e-09 3.32056e-06 0.000551716 0.0210748 0.185079 0.37368 0.173848 0.0290239 0.0646608 0.0903647 0.0325328 0.0141867 0.010177 0.00327434 0.00116266 0.000313782 5.91737e-05 6.77197e-06 3.97729e-07
 1.27658e-39 6.24796e-33 7.03031e-27 1.81867e-21 1.08163e-16 1.47894e-12 4.64906e-09 3.35988e-06 0.000558249 0.0213244 0.187271 0.378105 0.175888 0.0288807 0.0624531 0.0872378 0.0312209 0.0130366 0.00933198 0.00316237 0.00116711 0.00029867 5.45582e-05 6.18311e-06 3.52541e-07
 1.26116e-39 6.1725e-33 6.9454e-27 1.79671e-21 1.06857e-16 1.46108e-12 4.5929e-09 3.3193e-06 0.000551507 0.0210668 0.185009 0.373538 0.173787 0.0291552 0.0655049 0.0915318 0.0326336 0.0132324 0.00938292 0.00310562 0.00113385 0.000302026 5.55132e-05 6.05794e-06 3.37514e-07
 1.25547e-39 6.14466e-33 6.91407e-27 1.7886e-21 1.06375e-16 1.45449e-12 4.57219e-09 3.30433e-06 0.000549019 0.0209718 0.184175 0.371853 0.173007 0.0291408 0.0659247 0.092141 0.0330871 0.0141627 0.0101377 0.00330057 0.00117516 0.000307131 5.68545e-05 6.31607e-06 3.46406e-07
 1.25353e-39 6.13517e-33 6.90339e-27 1.78584e-21 1.06211e-16 1.45224e-12 4.56512e-09 3.29923e-06 0.000548171 0.0209394 0.18389 0.371279 0.172742 0.0291315 0.0660413 0.0923098 0.0332039 0.0143925 0.0103689 0.00348054 0.00127548 0.000328316 5.93016e-05 6.54475e-06 3.62295e-07
 1.26186e-39 6.17592e-33 6.94924e-27 1.7977e-21 1.06916e-16 1.46189e-12 4.59545e-09 3.32114e-06 0.000551812 0.0210785 0.185112 0.373745 0.173877 0.0290086 0.0645475 0.090204 0.0324572 0.0141037 0.0101754 0.00344316 0.00128333 0.000340056 6.22665e-05 6.75807e-06 3.69096e-07
 1.19428e-39 5.84516e-33 6.57707e-27 1.70143e-21 1.0119e-16 1.38359e-12 4.34933e-09 3.14327e-06 0.000522259 0.0199496 0.175198 0.353729 0.16466 0.0299726 0.0764651 0.107004 0.0384006 0.0163674 0.0117647 0.00398749 0.00149249 0.000400307 7.50798e-05 8.3171e-06 4.53402e-07
 1.19472e-39 5.8473e-33 6.57948e-27 1.70205e-21 1.01227e-16 1.3841e-12 4.35093e-09 3.14443e-06 0.000522451 0.0199569 0.175262 0.353859 0.164704 0.0295536 0.073868 0.103413 0.0380883 0.0193036 0.014309 0.00480086 0.00177728 0.000477472 9.04036e-05 1.02091e-05 5.67967e-07
 1.23001e-39 6.02007e-33 6.77388e-27 1.75234e-21 1.04218e-16 1.42499e-12 4.47948e-09 3.23733e-06 0.000537887 0.0205466 0.18044 0.364314 0.169521 0.0291043 0.0679741 0.0950864 0.0348794 0.0172575 0.0129223 0.00481077 0.00196315 0.000528135 9.93779e-05 1.129e-05 6.37566e-07
 1.23001e-39 6.02007e-33 6.77388e-27 1.75234e-21 1.04218e-16 1.42499e-12 4.47948e-09 3.23733e-06 0.000537887 0.0205466 0.18044 0.364314 0.169521 0.0291043 0.0679741 0.0950864 0.0348794 0.0172575 0.0129223 0.00481077 0.00196315 0.000528135 9.93779e-05 1.129e-05 6.37566e-07
#pred catch len freq
 2.1461e-27 2.17386e-27 6.66454e-27 1.5366e-21 9.13876e-17 1.24956e-12 3.92802e-09 2.83879e-06 0.00047166 0.0180171 0.158227 0.319464 0.148694 0.0266624 0.0665776 0.0934235 0.0377052 0.0294599 0.0260934 0.0175168 0.0147004 0.0126929 0.0130758 0.0121263 0.0050893
 2.14871e-27 2.18148e-27 7.52925e-27 1.83002e-21 1.08839e-16 1.48817e-12 4.67809e-09 3.38087e-06 0.000561726 0.0214576 0.188441 0.380466 0.176943 0.0279086 0.0558048 0.077915 0.028437 0.0136763 0.0107678 0.00570934 0.00393774 0.00277484 0.00237186 0.00199624 0.000827224
 2.14786e-27 2.17954e-27 7.32789e-27 1.76171e-21 1.04776e-16 1.43262e-12 4.50346e-09 3.25466e-06 0.000540757 0.0206565 0.181407 0.366264 0.170444 0.0297045 0.0710497 0.0992978 0.0346775 0.0117739 0.00809314 0.00298283 0.00143482 0.00074197 0.000470481 0.000328678 0.000128798
 2.14814e-27 2.1803e-27 7.41269e-27 1.79049e-21 1.06487e-16 1.45602e-12 4.57703e-09 3.30783e-06 0.000549592 0.020994 0.184371 0.372248 0.173193 0.0292356 0.0663844 0.0927725 0.0330945 0.0134674 0.00943934 0.00282035 0.000934951 0.000301081 0.00011516 5.66388e-05 1.9466e-05
 2.14965e-27 2.184e-27 7.80435e-27 1.92335e-21 1.14389e-16 1.56407e-12 4.91666e-09 3.55328e-06 0.000590373 0.0225518 0.198051 0.399869 0.185916 0.027998 0.0505038 0.0703669 0.0248931 0.00947781 0.00661942 0.00216883 0.00075823 0.000182597 3.7403e-05 9.45312e-06 2.38167e-06
 2.14899e-27 2.18235e-27 7.62613e-27 1.86287e-21 1.10792e-16 1.51489e-12 4.76207e-09 3.44156e-06 0.00057181 0.0218428 0.191824 0.387296 0.180138 0.0289082 0.0598496 0.0834907 0.0288543 0.00880899 0.00576773 0.00182413 0.000627961 0.000160064 2.80214e-05 3.51495e-06 4.37939e-07
 2.1485e-27 2.18116e-27 7.50076e-27 1.82035e-21 1.08263e-16 1.48031e-12 4.65337e-09 3.363e-06 0.000558758 0.0213442 0.187446 0.378456 0.176063 0.0292237 0.0644405 0.0899863 0.0314883 0.010875 0.00728484 0.002057 0.000599637 0.000145737 2.53959e-05 2.72762e-06 1.74344e-07
 2.14927e-27 2.18307e-27 7.70565e-27 1.88986e-21 1.12398e-16 1.53684e-12 4.83106e-09 3.49142e-06 0.000580095 0.0221592 0.194603 0.392907 0.182713 0.0284022 0.0550697 0.0767956 0.0270707 0.00999209 0.00685404 0.00205367 0.000634101 0.000138211 2.09513e-05 2.12154e-06 1.1379e-07
 2.14986e-27 2.18451e-27 7.85654e-27 1.94105e-21 1.15441e-16 1.57846e-12 4.9619e-09 3.58598e-06 0.000595805 0.0227593 0.199874 0.403548 0.187616 0.0279637 0.0491861 0.0684868 0.0239242 0.00813683 0.00548787 0.00170656 0.00056137 0.000129476 1.95561e-05 1.76319e-06 8.44877e-08
 2.14929e-27 2.1831e-27 7.70597e-27 1.88996e-21 1.12403e-16 1.53691e-12 4.83131e-09 3.4916e-06 0.000580125 0.0221604 0.194613 0.392928 0.182731 0.0286253 0.0564255 0.0786678 0.0272024 0.00835038 0.00543958 0.00162057 0.000509445 0.000121812 1.9636e-05 1.81819e-06 8.21306e-08
 2.14897e-27 2.18231e-27 7.6232e-27 1.86189e-21 1.10733e-16 1.51408e-12 4.75954e-09 3.43973e-06 0.000571507 0.0218312 0.191722 0.387091 0.180039 0.0288189 0.0593666 0.0828312 0.0289188 0.0097763 0.00651349 0.00184329 0.000531105 0.00012071 1.91234e-05 1.84891e-06 8.69133e-08
 2.14927e-27 2.18305e-27 7.70178e-27 1.88855e-21 1.12319e-16 1.53576e-12 4.8277e-09 3.48899e-06 0.00057969 0.0221438 0.194468 0.392634 0.18259 0.028496 0.055725 0.0777057 0.0272082 0.00945556 0.00637962 0.00189102 0.000575827 0.000124757 1.81999e-05 1.68961e-06 8.02873e-08
 2.14906e-27 2.18252e-27 7.64553e-27 1.86946e-21 1.11184e-16 1.52024e-12 4.7789e-09 3.45373e-06 0.000573832 0.02192 0.192502 0.388665 0.180765 0.02876 0.0585323 0.0816499 0.0284264 0.00935519 0.00622838 0.00187343 0.000588865 0.000133543 1.98762e-05 1.74406e-06 7.81396e-08
 2.14861e-27 2.18143e-27 7.53019e-27 1.83034e-21 1.08857e-16 1.48843e-12 4.67889e-09 3.38145e-06 0.000561822 0.0214612 0.188474 0.380532 0.177018 0.0291198 0.0631805 0.0882095 0.0308471 0.0105935 0.00711405 0.00208263 0.000632591 0.000145503 2.25297e-05 2.04146e-06 8.99977e-08
 2.14766e-27 2.1791e-27 7.28453e-27 1.74701e-21 1.03901e-16 1.42067e-12 4.46588e-09 3.2275e-06 0.000536245 0.0204842 0.179893 0.363208 0.169037 0.0298452 0.0728304 0.101832 0.035932 0.0133764 0.00919235 0.00275038 0.000854894 0.00019237 2.92598e-05 2.71099e-06 1.23429e-07
 2.14789e-27 2.1797e-27 7.35017e-27 1.76929e-21 1.05226e-16 1.43878e-12 4.52283e-09 3.26866e-06 0.000543084 0.0207454 0.182187 0.36784 0.171162 0.029407 0.0687589 0.096127 0.0343786 0.0142712 0.0101015 0.00315349 0.00104052 0.000240564 3.69119e-05 3.36973e-06 1.53787e-07
 2.14838e-27 2.18088e-27 7.47427e-27 1.81138e-21 1.0773e-16 1.47301e-12 4.63043e-09 3.34642e-06 0.000556003 0.0212389 0.186521 0.37659 0.175196 0.0291076 0.0642939 0.0898081 0.0317997 0.0122 0.0085471 0.00283292 0.00101372 0.000247401 4.00677e-05 3.74383e-06 1.7078e-07
 2.1482e-27 2.18043e-27 7.42554e-27 1.79484e-21 1.06746e-16 1.45956e-12 4.58815e-09 3.31587e-06 0.000550927 0.021045 0.184819 0.373152 0.173617 0.0293882 0.0670429 0.0936656 0.0329288 0.0118743 0.00815031 0.00258816 0.000897003 0.000232207 4.07948e-05 4.04943e-06 1.91958e-07
 2.1481e-27 2.18019e-27 7.40104e-27 1.78654e-21 1.06252e-16 1.45281e-12 4.56693e-09 3.30053e-06 0.000548379 0.0209477 0.183964 0.371426 0.172817 0.0293325 0.0672235 0.093946 0.0333814 0.0131707 0.00920192 0.00282952 0.000930998 0.000231502 4.08074e-05 4.3302e-06 2.1991e-07
 2.14803e-27 2.18002e-27 7.38335e-27 1.78054e-21 1.05895e-16 1.44793e-12 4.55158e-09 3.28944e-06 0.000546536 0.0208773 0.183346 0.370178 0.172243 0.0294086 0.0680638 0.0951253 0.0337256 0.0130734 0.00914958 0.00294943 0.00101909 0.000245846 4.11351e-05 4.28693e-06 2.25533e-07
 2.14828e-27 2.18064e-27 7.44923e-27 1.80289e-21 1.07225e-16 1.46611e-12 4.60872e-09 3.33074e-06 0.000553397 0.0211394 0.185647 0.374825 0.174381 0.0291455 0.0650573 0.0908941 0.0323209 0.0128318 0.00901903 0.00288364 0.000999152 0.000251476 4.29856e-05 4.32466e-06 2.20778e-07
 2.14829e-27 2.18065e-27 7.44993e-27 1.80312e-21 1.07239e-16 1.4663e-12 4.60932e-09 3.33117e-06 0.000553469 0.0211421 0.185671 0.374874 0.174406 0.0292107 0.0654409 0.0914226 0.0323407 0.0123075 0.00858057 0.00277874 0.000975445 0.000245329 4.27261e-05 4.42124e-06 2.24126e-07
 2.14792e-27 2.17976e-27 7.3551e-27 1.77095e-21 1.05325e-16 1.44014e-12 4.52709e-09 3.27174e-06 0.000543594 0.0207649 0.182359 0.368186 0.171325 0.0295072 0.0692664 0.096821 0.0343319 0.013323 0.00930502 0.00294645 0.0010108 0.00025647 4.51386e-05 4.72559e-06 2.44578e-07
 2.14761e-27 2.17901e-27 7.27757e-27 1.74466e-21 1.03762e-16 1.41876e-12 4.45988e-09 3.22317e-06 0.000535524 0.0204567 0.179651 0.36272 0.168803 0.0296417 0.0717347 0.100322 0.0358656 0.0148489 0.0105347 0.00337205 0.00116422 0.000289702 5.03383e-05 5.3113e-06 2.78201e-07
 2.14753e-27 2.17881e-27 7.25749e-27 1.73785e-21 1.03357e-16 1.41322e-12 4.44248e-09 3.21059e-06 0.000533435 0.0203769 0.178951 0.361305 0.168148 0.0296159 0.0720036 0.100715 0.0361844 0.0155485 0.0111671 0.00370812 0.00133796 0.000337373 5.84429e-05 6.07975e-06 3.17842e-07
 2.14699e-27 2.17748e-27 7.11768e-27 1.69043e-21 1.00536e-16 1.37466e-12 4.32125e-09 3.12298e-06 0.000518879 0.0198208 0.174067 0.351446 0.163605 0.030004 0.0773445 0.108256 0.0390236 0.0171783 0.0124327 0.00422454 0.00157788 0.000414398 7.44809e-05 7.81231e-06 4.05438e-07
 2.14656e-27 2.17646e-27 7.01237e-27 1.65472e-21 9.84126e-17 1.34562e-12 4.22997e-09 3.05701e-06 0.000507917 0.0194021 0.17039 0.344022 0.160178 0.0301359 0.0803872 0.112582 0.0410455 0.0195196 0.014362 0.00495483 0.00189163 0.000511636 9.59728e-05 1.04827e-05 5.55764e-07
 2.1468e-27 2.17705e-27 7.07645e-27 1.67647e-21 9.97058e-17 1.3633e-12 4.28555e-09 3.09718e-06 0.000514592 0.0196571 0.172629 0.348543 0.162255 0.0297995 0.0769713 0.107782 0.0395442 0.0195841 0.0146045 0.00528103 0.00211877 0.000586626 0.00011343 1.28869e-05 7.11368e-07
 2.14619e-27 2.17556e-27 6.91811e-27 1.62275e-21 9.65113e-17 1.31962e-12 4.14824e-09 2.99795e-06 0.000498104 0.0190272 0.167098 0.337376 0.157114 0.0303737 0.0838424 0.117458 0.0428297 0.0204007 0.0151633 0.00563027 0.00234664 0.000683445 0.000138535 1.62692e-05 9.30977e-07
#obs catch len freq
 1.21806e-39 5.96158e-33 6.70807e-27 1.73531e-21 1.03206e-16 1.41115e-12 4.43596e-09 3.20588e-06 0.000532661 0.020347 0.178687 0.360775 0.167897 0.0294573 0.0711958 0.0996012 0.0361201 0.0165842 0.0121628 0.004305 0.00171397 0.000497686 0.000105182 1.37325e-05 9.24027e-07
 1.22883e-39 6.01428e-33 6.76737e-27 1.75065e-21 1.04118e-16 1.42363e-12 4.47518e-09 3.23422e-06 0.00053737 0.0205269 0.180267 0.363964 0.169369 0.029386 0.0697992 0.0976193 0.0352412 0.0156814 0.0114265 0.00402835 0.00159038 0.000453735 9.37486e-05 1.19057e-05 7.72398e-07
 1.30489e-39 6.38654e-33 7.18624e-27 1.85901e-21 1.10562e-16 1.51174e-12 4.75217e-09 3.4344e-06 0.000570631 0.0217974 0.191425 0.386491 0.179747 0.0284069 0.057033 0.0796073 0.0286527 0.0124794 0.00903214 0.00312454 0.00120938 0.000342138 6.96347e-05 8.6425e-06 5.45487e-07
 1.14135e-39 5.5861e-33 6.28557e-27 1.62602e-21 9.67054e-17 1.32227e-12 4.15657e-09 3.00396e-06 0.000499113 0.0190655 0.167433 0.338053 0.157454 0.0310989 0.0880658 0.123293 0.0433064 0.0155014 0.0107139 0.00365366 0.0013875 0.000384434 7.67717e-05 9.38307e-06 5.80081e-07
 1.33744e-39 6.54585e-33 7.36549e-27 1.90538e-21 1.1332e-16 1.54945e-12 4.87071e-09 3.52007e-06 0.000584865 0.0223411 0.196199 0.396131 0.184175 0.0276345 0.0494127 0.0689253 0.0256968 0.0139674 0.0103547 0.00317166 0.00105674 0.000283438 5.52586e-05 6.60561e-06 4.00984e-07
 1.38498e-39 6.77853e-33 7.62731e-27 1.97311e-21 1.17348e-16 1.60453e-12 5.04385e-09 3.6452e-06 0.000605655 0.0231352 0.203174 0.410212 0.190686 0.0276604 0.0453262 0.0630353 0.0218413 0.00686433 0.00466539 0.00181668 0.000752368 0.00018594 3.25175e-05 3.72962e-06 2.20959e-07
 1.25919e-39 6.16289e-33 6.93458e-27 1.79391e-21 1.06691e-16 1.4588e-12 4.58575e-09 3.31413e-06 0.000550648 0.021034 0.184721 0.372957 0.17354 0.0297496 0.0693087 0.0968026 0.0332673 0.00953775 0.00604785 0.00173287 0.000549307 0.000162426 3.19842e-05 3.40418e-06 1.87716e-07
 1.27165e-39 6.22386e-33 7.00319e-27 1.81166e-21 1.07746e-16 1.47323e-12 4.63112e-09 3.34692e-06 0.000556096 0.0212421 0.186548 0.376646 0.175219 0.0290292 0.0637992 0.089134 0.0318917 0.0132723 0.00926326 0.00253219 0.000681765 0.000151096 2.64052e-05 3.13631e-06 1.75577e-07
 1.41473e-39 6.9241e-33 7.79111e-27 2.01549e-21 1.19869e-16 1.63899e-12 5.15217e-09 3.72348e-06 0.000618662 0.0236321 0.207537 0.419021 0.194735 0.0270465 0.0389241 0.0540482 0.0191795 0.00749343 0.00527168 0.00174178 0.000600482 0.000127165 1.75857e-05 1.6965e-06 9.39521e-08
 1.41505e-39 6.92571e-33 7.79292e-27 2.01595e-21 1.19896e-16 1.63937e-12 5.15336e-09 3.72435e-06 0.000618805 0.0236376 0.207585 0.419118 0.194794 0.0274049 0.0410822 0.0570288 0.0193997 0.00491417 0.00301489 0.000962035 0.000335934 8.53088e-05 1.37541e-05 1.18517e-06 5.318e-08
 1.34486e-39 6.58215e-33 7.40634e-27 1.91595e-21 1.13949e-16 1.55804e-12 4.89772e-09 3.53959e-06 0.000588108 0.022465 0.197288 0.398328 0.185224 0.02852 0.0541559 0.0754442 0.0257355 0.00674668 0.00410089 0.0010596 0.000265521 6.33957e-05 1.10524e-05 1.10704e-06 5.05809e-08
 1.31616e-39 6.4417e-33 7.2483e-27 1.87507e-21 1.11517e-16 1.5248e-12 4.79321e-09 3.46407e-06 0.000575559 0.0219856 0.193078 0.389829 0.181302 0.0287256 0.0579728 0.0808623 0.028166 0.00930711 0.00611454 0.00160183 0.000390903 7.46949e-05 1.00233e-05 9.8042e-07 4.9418e-08
 1.35127e-39 6.61354e-33 7.44166e-27 1.92509e-21 1.14492e-16 1.56547e-12 4.92108e-09 3.55647e-06 0.000590913 0.0225721 0.198228 0.400227 0.186086 0.0280998 0.0510183 0.0710763 0.0249359 0.0088235 0.00597171 0.00174285 0.000509658 0.000100084 1.20822e-05 9.31642e-07 4.07777e-08
 1.32685e-39 6.49402e-33 7.30718e-27 1.8903e-21 1.12423e-16 1.53718e-12 4.83215e-09 3.4922e-06 0.000580234 0.0221642 0.194646 0.392995 0.182761 0.0285843 0.0561559 0.078294 0.0271543 0.00860148 0.00566737 0.00171441 0.000540813 0.000119746 1.65861e-05 1.26065e-06 4.68995e-08
 1.27782e-39 6.25402e-33 7.03712e-27 1.82044e-21 1.08268e-16 1.48037e-12 4.65356e-09 3.36314e-06 0.000558791 0.0213451 0.187452 0.378471 0.17607 0.0292235 0.0644349 0.0899781 0.0314776 0.0108477 0.00727429 0.00208422 0.00061392 0.000140868 2.157e-05 1.85812e-06 7.36451e-08
 1.15383e-39 5.64721e-33 6.35432e-27 1.6438e-21 9.77632e-17 1.33673e-12 4.20204e-09 3.03682e-06 0.000504572 0.019274 0.169264 0.341751 0.159152 0.0307869 0.0850463 0.11907 0.0422755 0.0165715 0.0115253 0.00344318 0.00106165 0.000233278 3.45769e-05 3.16008e-06 1.39078e-07
 1.2575e-39 6.15458e-33 6.92523e-27 1.79149e-21 1.06547e-16 1.45683e-12 4.57957e-09 3.30966e-06 0.000549905 0.0210057 0.184472 0.372453 0.173269 0.0287168 0.063156 0.0883073 0.0326741 0.0170125 0.0125992 0.00403862 0.00137295 0.000317011 4.78315e-05 4.25505e-06 1.89926e-07
 1.22413e-39 5.99125e-33 6.74145e-27 1.74395e-21 1.03719e-16 1.41817e-12 4.45804e-09 3.22183e-06 0.000535312 0.0204482 0.179576 0.36257 0.168736 0.0296855 0.0720481 0.100746 0.0357578 0.014005 0.0100429 0.00381297 0.0015635 0.000396779 6.55306e-05 6.08025e-06 2.71625e-07
 1.26936e-39 6.21261e-33 6.99053e-27 1.80839e-21 1.07551e-16 1.47057e-12 4.62275e-09 3.34087e-06 0.000555091 0.0212038 0.186211 0.375966 0.174899 0.0288893 0.0631503 0.0882389 0.0318264 0.0140631 0.0101128 0.00325731 0.00119302 0.000353299 6.94757e-05 7.1709e-06 3.42166e-07
 1.23735e-39 6.05596e-33 6.81426e-27 1.76279e-21 1.04839e-16 1.43349e-12 4.50619e-09 3.25663e-06 0.000541094 0.0206691 0.181516 0.366486 0.170541 0.0295448 0.0700085 0.0978698 0.0347315 0.0135746 0.00959388 0.00329403 0.00123411 0.000321693 6.26246e-05 7.51893e-06 4.10257e-07
 1.25275e-39 6.13134e-33 6.89908e-27 1.78473e-21 1.06144e-16 1.45133e-12 4.56228e-09 3.29717e-06 0.000547829 0.0209264 0.183775 0.371047 0.172636 0.0291757 0.0663812 0.0927858 0.0333355 0.0143203 0.0102384 0.00328492 0.00116235 0.000313216 5.89968e-05 6.74677e-06 3.96067e-07
 1.26736e-39 6.20283e-33 6.97953e-27 1.80554e-21 1.07382e-16 1.46826e-12 4.61548e-09 3.33561e-06 0.000554217 0.0211704 0.185918 0.375374 0.174631 0.0290365 0.0642272 0.0897348 0.032052 0.013186 0.00940564 0.00317797 0.00116903 0.000298724 5.44993e-05 6.17196e-06 3.51742e-07
 1.2506e-39 6.1208e-33 6.88722e-27 1.78166e-21 1.05962e-16 1.44884e-12 4.55444e-09 3.2915e-06 0.000546888 0.0208904 0.183459 0.37041 0.172347 0.0293313 0.0675227 0.0943721 0.0335837 0.0134192 0.00948128 0.00312919 0.00113861 0.00030284 5.55969e-05 6.06272e-06 3.3762e-07
 1.24439e-39 6.09041e-33 6.85303e-27 1.77281e-21 1.05436e-16 1.44165e-12 4.53182e-09 3.27516e-06 0.000544172 0.0207867 0.182549 0.368571 0.171497 0.0293232 0.0680275 0.0951013 0.0340826 0.0143762 0.0102559 0.0033297 0.0011815 0.000308324 5.70057e-05 6.3284e-06 3.46925e-07
 1.24244e-39 6.08086e-33 6.84228e-27 1.77003e-21 1.0527e-16 1.43938e-12 4.52471e-09 3.27002e-06 0.000543318 0.0207541 0.182262 0.367993 0.171229 0.0293138 0.0681447 0.0952709 0.0342002 0.0146081 0.010489 0.00351066 0.00128228 0.000329586 5.94574e-05 6.55719e-06 3.62817e-07
 1.25064e-39 6.12103e-33 6.88748e-27 1.78173e-21 1.05966e-16 1.44889e-12 4.5546e-09 3.29162e-06 0.000546908 0.0208912 0.183466 0.370423 0.172348 0.0291917 0.0666664 0.0931872 0.0334633 0.0143292 0.0103037 0.00347641 0.00129145 0.000341708 6.24944e-05 6.77798e-06 3.7001e-07
 1.1811e-39 5.78068e-33 6.50451e-27 1.68266e-21 1.00074e-16 1.36833e-12 4.30135e-09 3.1086e-06 0.000516498 0.0197296 0.173265 0.349827 0.162864 0.0301883 0.0789581 0.110513 0.0395828 0.0166275 0.0119112 0.00402537 0.00150172 0.000402187 7.53425e-05 8.34038e-06 4.54465e-07
 1.18159e-39 5.78307e-33 6.50721e-27 1.68335e-21 1.00115e-16 1.3689e-12 4.30314e-09 3.10988e-06 0.000516712 0.0197377 0.173337 0.349972 0.162915 0.0297622 0.0763132 0.106857 0.0392624 0.0196096 0.0144947 0.00484921 0.00178922 0.000479963 9.07663e-05 1.02429e-05 5.69591e-07
 1.16398e-39 5.69688e-33 6.41022e-27 1.65826e-21 9.86232e-17 1.34849e-12 4.239e-09 3.06353e-06 0.000509011 0.0194435 0.170753 0.344756 0.160511 0.0299703 0.0791557 0.11086 0.0406214 0.0199614 0.0149237 0.00554145 0.00225562 0.000606051 0.000113912 1.29326e-05 7.30013e-07
#spawning biomass
 3255.26 2375.65 2217.24 2105.51 2195.42 3054.47 3592.9 4021.52 6585.47 11265.6 16202.5 20599.1 26919.6 33654.6 39495.8 36335.1 30605 27978.1 31400.6 31061.9 32453.1 34803.4 39558.2 44280.6 47190.1 52523.1 55105.2 53836 52837.9 147124 218216 204660 138802 87762 57177.8 40335.2 31473 26941.8 24668.7 23542.9 22990.1 22720.4 22589.2 22525.6 22494.8 22480 22472.9 22469.5 22467.8 22467 22466.6 22466.4 22466.3 22466.3 22466.3 22466.3 22466.3 22466.3 22466.3 22466.3 22466.3 22466.3 22466.3 22466.3 22466.3 22466.3 22466.3 22466.3 22466.3 22466.3 22466.3 22466.3 22466.3 22466.3 22466.3 22466.3 22466.3 22466.3 22466.3 22466.3 22466.3 22466.3 22466.3 22466.3 22466.3 22466.3 22466.3 22466.3 22466.3 22466.3 22466.3 22466.3 22466.3 22466.3 22466.3 22466.3 22466.3 22466.3 22466.3 22466.3 22466.3 22466.3 22466.3 22466.3 22466.3 22466.3 22466.3 22466.3 22466.3 22466.3 22466.3 22466.3 22466.3 22466.3 22466.3 22466.3 22466.3 22466.3 22466.3 22466.3 22466.3 22466.3 22466.3 22466.3 22466.3 22466.3 22466.3 22466.3 22466.3 0 0 0 0 0 0 0 0 0 0 0 0 0 0 0 0 0 0 0 0 0 0 0 0 0
