SBPRF35
0.757557
Curr Bio
147815
B35
574212
F35
0.281522
FOFL
0
OFL
0
Bzero
216445
#pred survey bio
 13114.1 10289.9 13225.6 18084.2 22441.6 29724.9 38301.1 42936.3 43375 56860.2 81208.4 96929.5 120446 138880 127177 103097 98938.8 99082.8 97407.3 95656.3 105547 111603 113767 124452 128840 143621 141163 130486 117045 2.01995e+06 3.3161e+06 4.09897e+06 4.02042e+06 3.60535e+06 3.13698e+06 2.72723e+06 2.40688e+06 2.17156e+06 2.00502e+06 1.88973e+06 1.81086e+06 1.75709e+06 1.72035e+06 1.69476e+06 1.67625e+06 1.66346e+06 1.65443e+06 1.64793e+06 1.64317e+06 1.63962e+06 1.63693e+06 1.63487e+06 1.63327e+06 1.63201e+06 1.63102e+06 1.63024e+06 1.62961e+06 1.62911e+06 1.62871e+06 1.62839e+06 1.62813e+06 1.62792e+06 1.62775e+06 1.62761e+06 1.6275e+06 1.62741e+06 1.62734e+06 1.62728e+06 1.62724e+06 1.6272e+06 1.62717e+06 1.62714e+06 1.62712e+06 1.62711e+06 1.62709e+06 1.62708e+06 1.62707e+06 1.62707e+06 1.62706e+06 1.62706e+06 1.62705e+06 1.62705e+06 1.62705e+06 1.62704e+06 1.62704e+06 1.62704e+06 1.62704e+06 1.62704e+06 1.62704e+06 1.62704e+06 1.62704e+06 1.62704e+06 1.62704e+06 1.62704e+06 1.62704e+06 1.62704e+06 1.62704e+06 1.62704e+06 1.62704e+06 1.62704e+06 1.62704e+06 1.62704e+06 1.62704e+06 1.62704e+06 1.62704e+06 1.62704e+06 1.62704e+06 1.62704e+06 1.62704e+06 1.62704e+06 1.62704e+06 1.62704e+06 1.62704e+06 1.62704e+06 1.62704e+06 1.62704e+06 1.62704e+06 1.62704e+06 1.62704e+06 1.62704e+06 1.62704e+06 1.62704e+06 1.62704e+06 1.62704e+06 1.62704e+06 1.62704e+06 1.62704e+06 1.62704e+06 1.62704e+06 0 0 0 0 0 0 0 0 0 0 0 0 0 0 0 0 0 0 0 0 0 0 0 0 0
#obs survey bio
 11994.2 10704 10834 17781 15911.7 23594.1 47612.6 39059.3 33762.8 45057.1 87835.3 102606 118642 156304 78938.7 81809.8 68702.9 93410.4 86583.6 87075.8 102346 101534 73573.9 120589 96343.6 115148 114554 146139 80731.5
#pred catch bio
 9189.92 5933.89 7059.43 10693.6 13777.8 18727.3 22899.3 28530.8 29440.1 35840.6 53843 57515.7 73658.5 102362 108811 88009.8 84233.4 84038.7 82212 76641.1 87478.9 94972.4 96080.8 106231 103510 118239 121734 107388 112680 0 27671.4 41385.2 40418.3 35288.7 29876.5 25302.3 21814 19314.8 17597.4 16451.4 15702.8 15221.3 14915.3 14721.6 14598.3 14522.9 14476.9 14448.9 14431.7 14421.2 14414.8 14410.9 14408.5 14407.1 14406.2 14405.6 14405.3 14405.1 14405 14404.9 14404.9 14404.8 14404.8 14404.8 14404.8 14404.8 14404.8 14404.8 14404.8 14404.8 14404.8 14404.8 14404.8 14404.8 14404.8 14404.8 14404.8 14404.8 14404.8 14404.8 14404.8 14404.8 14404.8 14404.8 14404.8 14404.8 14404.8 14404.8 14404.8 14404.8 14404.8 14404.8 14404.8 14404.8 14404.8 14404.8 14404.8 14404.8 14404.8 14404.8 14404.8 14404.8 14404.8 14404.8 14404.8 14404.8 14404.8 14404.8 14404.8 14404.8 14404.8 14404.8 14404.8 14404.8 14404.8 14404.8 14404.8 14404.8 14404.8 14404.8 14404.8 14404.8 14404.8 14404.8 14404.8 14404.8 14404.8 14404.8 14404.8 0 0 0 0 0 0 0 0 0 0 0 0 0 0 0 0 0 0 0 0 0 0 0 0 0
#obs catch bio
 5751.97 5955.46 6946.77 10407.4 13843.9 18830.9 22429.1 27854.9 29494.6 35623.8 52571.2 56697.8 71212.2 98924.5 108003 89912.6 83605.1 81932.8 79343.1 74236.1 85027.6 91328.1 94676.8 102388 99439.8 112161 118564 103283 110763
#pred cpue bio
 9858.68 6888.03 7888.23 11039.9 13817.7 17601.2 22559 25698.9 24475.8 28900.8 43160.2 50651.5 60067.1 75202.4 74995.7 58476.2 53396.5 53404.9 51242.7 50399.5 53495.4 55292.7 56403.1 59820.4 60793.6 71390.1 71780.4 64461.1 59628.7 855672 2.53136e+06 3.92385e+06 3.90888e+06 3.47452e+06 2.99716e+06 2.58478e+06 2.26375e+06 2.02826e+06 1.86168e+06 1.74639e+06 1.66751e+06 1.61374e+06 1.577e+06 1.55142e+06 1.5329e+06 1.52011e+06 1.51108e+06 1.50458e+06 1.49982e+06 1.49627e+06 1.49358e+06 1.49152e+06 1.48992e+06 1.48866e+06 1.48768e+06 1.48689e+06 1.48626e+06 1.48576e+06 1.48536e+06 1.48504e+06 1.48478e+06 1.48457e+06 1.4844e+06 1.48426e+06 1.48415e+06 1.48406e+06 1.48399e+06 1.48393e+06 1.48389e+06 1.48385e+06 1.48382e+06 1.48379e+06 1.48377e+06 1.48376e+06 1.48374e+06 1.48373e+06 1.48372e+06 1.48372e+06 1.48371e+06 1.48371e+06 1.4837e+06 1.4837e+06 1.4837e+06 1.48369e+06 1.48369e+06 1.48369e+06 1.48369e+06 1.48369e+06 1.48369e+06 1.48369e+06 1.48369e+06 1.48369e+06 1.48369e+06 1.48369e+06 1.48369e+06 1.48369e+06 1.48369e+06 1.48369e+06 1.48369e+06 1.48369e+06 1.48369e+06 1.48369e+06 1.48369e+06 1.48369e+06 1.48369e+06 1.48369e+06 1.48369e+06 1.48369e+06 1.48369e+06 1.48369e+06 1.48369e+06 1.48369e+06 1.48369e+06 1.48369e+06 1.48369e+06 1.48369e+06 1.48369e+06 1.48369e+06 1.48369e+06 1.48369e+06 1.48369e+06 1.48369e+06 1.48369e+06 1.48369e+06 1.48369e+06 1.48369e+06 1.48369e+06 1.48369e+06 1.48369e+06 0 0 0 0 0 0 0 0 0 0 0 0 0 0 0 0 0 0 0 0 0 0 0 0 0
#obs cpue bio
 7632.8 6531.21 12669.3 16617.7 15057.3 18965.2 37090.7 38606.1 26720.5 36691.5 64239.9 67460.4 98892.8 116374 111410 56720.1 76381.8 111833 83052.3 97550.9 91108.3 101720 105783 129249 130157 205818 127231 123535 123274
#pred surv len freq
 2.56005e-27 2.58016e-27 2.62103e-26 4.98946e-20 1.22311e-14 3.62428e-10 1.29816e-06 0.000562053 0.0294158 0.186093 0.14272 0.0392001 0.198104 0.183385 0.0489886 0.066118 0.0285988 0.0222058 0.013669 0.0103977 0.00816106 0.00706275 0.00709489 0.00629861 0.00192366
 2.56368e-27 2.59001e-27 3.47843e-26 6.79816e-20 1.66649e-14 4.9381e-10 1.76874e-06 0.000765799 0.0400792 0.253552 0.194209 0.0378361 0.151553 0.140892 0.0502768 0.0793813 0.0268752 0.0110681 0.0049423 0.00281905 0.00180338 0.00133783 0.00119252 0.00106042 0.000355093
 2.56609e-27 2.59624e-27 3.995e-26 7.88778e-20 1.93359e-14 5.72958e-10 2.05224e-06 0.000888542 0.0465031 0.294191 0.225266 0.0394028 0.141655 0.131053 0.0357694 0.0488614 0.0190139 0.0114549 0.00364797 0.00112544 0.000475257 0.000268402 0.000198324 0.000166023 5.76136e-05
 2.56428e-27 2.5912e-27 3.53777e-26 6.92318e-20 1.69713e-14 5.02891e-10 1.80127e-06 0.000779881 0.0408162 0.258215 0.197831 0.0416845 0.178295 0.164742 0.0395597 0.0488949 0.0170235 0.00772538 0.00297218 0.00106898 0.000239357 7.47729e-05 3.90202e-05 2.81805e-05 9.69358e-06
 2.56456e-27 2.5921e-27 3.62873e-26 7.1151e-20 1.74418e-14 5.16832e-10 1.85121e-06 0.000801501 0.0419477 0.265373 0.203275 0.0403507 0.16432 0.152143 0.0427425 0.0592836 0.0195207 0.00705423 0.002252 0.000695805 0.000188902 3.5597e-05 8.68523e-06 4.49313e-06 1.45187e-06
 2.56552e-27 2.59459e-27 3.83953e-26 7.55976e-20 1.85318e-14 5.49132e-10 1.9669e-06 0.000851591 0.0445692 0.281957 0.215942 0.04055 0.156937 0.145113 0.0375667 0.0492829 0.0170176 0.00736963 0.0021764 0.000523794 0.000114097 2.23443e-05 3.09849e-06 7.18777e-07 1.94065e-07
 2.56503e-27 2.59315e-27 3.70209e-26 7.26978e-20 1.7821e-14 5.28068e-10 1.89145e-06 0.000818926 0.0428596 0.271142 0.207704 0.0418188 0.17238 0.159197 0.0370513 0.0445082 0.014744 0.00549589 0.00171973 0.000461511 8.28419e-05 1.25445e-05 1.53262e-06 1.54607e-07 2.42099e-08
 2.56481e-27 2.59264e-27 3.66316e-26 7.18768e-20 1.76197e-14 5.22104e-10 1.87009e-06 0.000809677 0.0423756 0.26808 0.205358 0.0413358 0.170353 0.157487 0.03967 0.0508907 0.0163626 0.00528713 0.00153172 0.000372419 7.32943e-05 1.00942e-05 9.36072e-07 6.39847e-08 4.11619e-09
 2.56606e-27 2.59587e-27 3.93653e-26 7.76433e-20 1.90333e-14 5.63991e-10 2.02012e-06 0.000874636 0.0457753 0.289587 0.221785 0.0416158 0.160942 0.148555 0.0335966 0.0392715 0.012594 0.00402574 0.00110055 0.000228355 3.99922e-05 5.56223e-06 4.83088e-07 2.43029e-08 7.97257e-10
 2.5682e-27 2.60159e-27 4.43056e-26 8.80649e-20 2.15881e-14 6.39693e-10 2.29127e-06 0.000992033 0.0519194 0.328457 0.251457 0.0411085 0.136235 0.125547 0.0257672 0.0271732 0.00840613 0.00221053 0.000586428 0.00011768 1.81602e-05 2.173e-06 1.81252e-07 8.32363e-09 1.84214e-10
 2.56665e-27 2.59728e-27 4.04208e-26 7.98693e-20 1.9579e-14 5.8016e-10 2.07804e-06 0.000899711 0.0470876 0.297889 0.228145 0.0428904 0.166174 0.153037 0.0281425 0.0256584 0.00776731 0.00178214 0.000438287 7.44574e-05 1.0942e-05 1.18313e-06 8.3893e-08 3.57683e-09 6.89413e-11
 2.56736e-27 2.59928e-27 4.2234e-26 8.36944e-20 2.05167e-14 6.07946e-10 2.17756e-06 0.000942801 0.0493428 0.312156 0.239023 0.0419042 0.151026 0.139176 0.0278146 0.0283844 0.00835143 0.00148457 0.00033559 4.93439e-05 6.26947e-06 6.00032e-07 3.83828e-08 1.3971e-09 2.43466e-11
 2.56842e-27 2.60215e-27 4.47626e-26 8.90287e-20 2.18243e-14 6.46694e-10 2.31635e-06 0.00100289 0.0524877 0.332051 0.254204 0.041263 0.13548 0.124793 0.0245828 0.0246483 0.00743352 0.00163542 0.000367568 4.3241e-05 4.76181e-06 3.8467e-07 2.10713e-08 6.77288e-10 1.01426e-11
 2.56594e-27 2.59532e-27 3.86505e-26 7.61346e-20 1.86635e-14 5.53032e-10 1.98087e-06 0.000857641 0.0448858 0.28396 0.217521 0.043688 0.179707 0.165468 0.0293055 0.0251736 0.00749933 0.00152513 0.000351522 4.88296e-05 4.97367e-06 3.22867e-07 1.46487e-08 3.95021e-10 5.12502e-12
 2.56361e-27 2.58908e-27 3.32059e-26 6.46489e-20 1.58479e-14 4.69602e-10 1.68204e-06 0.000728257 0.0381143 0.241122 0.184826 0.0446275 0.209828 0.193447 0.0376032 0.0370295 0.0107072 0.00158483 0.000332335 4.26516e-05 4.66068e-06 3.20618e-07 1.19861e-08 2.59312e-10 2.78317e-12
 2.56508e-27 2.59309e-27 3.67774e-26 7.21835e-20 1.76949e-14 5.24332e-10 1.87807e-06 0.000813132 0.0425564 0.269224 0.206264 0.043388 0.185334 0.170882 0.0342886 0.0351545 0.0101974 0.0015533 0.000310591 2.93316e-05 2.77708e-06 1.87878e-07 7.52667e-09 1.42807e-10 1.21426e-12
 2.56601e-27 2.59552e-27 3.88275e-26 7.65079e-20 1.8755e-14 5.55744e-10 1.99058e-06 0.000861845 0.0451059 0.285352 0.218584 0.0436327 0.17854 0.164402 0.0293072 0.0254327 0.00737439 0.00114918 0.000231958 2.20802e-05 1.81308e-06 9.30496e-08 3.44775e-09 6.78917e-11 5.29151e-13
 2.56576e-27 2.59477e-27 3.81134e-26 7.50013e-20 1.83857e-14 5.448e-10 1.95138e-06 0.000844875 0.0442177 0.279734 0.214303 0.0442694 0.186392 0.171551 0.0288242 0.022525 0.00639581 0.000779618 0.000146115 1.4088e-05 1.16785e-06 5.6171e-08 1.61854e-09 2.73302e-11 2.13118e-13
 2.56649e-27 2.59678e-27 3.99e-26 7.87703e-20 1.93096e-14 5.72178e-10 2.04944e-06 0.000887331 0.0464397 0.293791 0.225027 0.0436214 0.173927 0.160077 0.027305 0.0219464 0.00618565 0.000666171 0.000115275 8.9553e-06 6.79794e-07 3.30024e-08 9.16696e-10 1.26646e-11 8.14916e-14
 2.56619e-27 2.59592e-27 3.90926e-26 7.70669e-20 1.8892e-14 5.59805e-10 2.00513e-06 0.000868143 0.0454355 0.287438 0.220186 0.0442569 0.182164 0.167582 0.0268927 0.0191197 0.00537515 0.000575223 9.79638e-05 6.76249e-06 4.41665e-07 1.75863e-08 4.69098e-10 6.31293e-12 3.47071e-14
 2.56756e-27 2.59972e-27 4.25279e-26 8.43142e-20 2.06686e-14 6.12448e-10 2.19368e-06 0.000949782 0.0497081 0.314468 0.240799 0.0426168 0.155201 0.142847 0.0251794 0.0214365 0.00603993 0.000636444 0.000107786 7.50374e-06 4.73627e-07 1.62078e-08 3.55043e-10 4.26392e-12 2.26469e-14
 2.56748e-27 2.59937e-27 4.21129e-26 8.34382e-20 2.04539e-14 6.06085e-10 2.17089e-06 0.000939914 0.0491917 0.3112 0.238322 0.0436914 0.165119 0.151765 0.0225107 0.013115 0.00367348 0.000396633 6.76161e-05 4.5364e-06 2.80391e-07 9.48358e-09 1.87431e-10 1.85006e-12 8.42777e-15
 2.5674e-27 2.59915e-27 4.19028e-26 8.2995e-20 2.03452e-14 6.02866e-10 2.15936e-06 0.000934922 0.0489304 0.309548 0.237062 0.0438435 0.167161 0.153631 0.0225049 0.0126281 0.0034657 0.000251941 3.40081e-05 2.29097e-06 1.40782e-07 4.58469e-09 8.89161e-11 8.19295e-13 3.14173e-15
 2.56818e-27 2.6013e-27 4.38322e-26 8.70653e-20 2.1343e-14 6.32432e-10 2.26526e-06 0.000980773 0.0513301 0.324728 0.248642 0.0430862 0.153263 0.140848 0.0210036 0.012423 0.00341307 0.000246799 3.21998e-05 1.5676e-06 7.34365e-08 2.36411e-09 4.48117e-11 4.00189e-13 1.45738e-15
 2.56832e-27 2.60164e-27 4.40823e-26 8.75927e-20 2.14723e-14 6.36263e-10 2.27899e-06 0.000986714 0.0516411 0.326696 0.250149 0.0433899 0.154515 0.141909 0.01948 0.00868601 0.00236305 0.000161106 1.99527e-05 9.48428e-07 3.95876e-08 8.845e-10 1.41349e-11 1.23488e-13 4.35992e-16
 2.56736e-27 2.59904e-27 4.18109e-26 8.28011e-20 2.02977e-14 6.01457e-10 2.15432e-06 0.000932738 0.0488161 0.308824 0.23651 0.0438397 0.167521 0.153972 0.0227231 0.0130385 0.00356409 0.000229371 2.68136e-05 1.23654e-06 4.96189e-08 1.04795e-09 1.31807e-11 8.4993e-14 2.76611e-16
 2.5669e-27 2.59781e-27 4.07354e-26 8.05324e-20 1.97416e-14 5.84978e-10 2.09529e-06 0.000907181 0.0474786 0.300363 0.230052 0.0440474 0.173638 0.159646 0.0242523 0.0150957 0.00415959 0.000314351 4.21691e-05 1.86229e-06 6.96358e-08 1.40992e-09 1.68833e-11 9.31725e-14 2.24577e-16
 2.5675e-27 2.59943e-27 4.21527e-26 8.35222e-20 2.04745e-14 6.06695e-10 2.17308e-06 0.000940861 0.0492413 0.311514 0.238562 0.0437367 0.165295 0.151917 0.022337 0.012677 0.00348291 0.000258136 3.44134e-05 1.70839e-06 7.30925e-08 1.40735e-09 1.57972e-11 8.27241e-14 1.79256e-16
 2.56672e-27 2.5973e-27 4.0261e-26 7.95316e-20 1.94962e-14 5.77707e-10 2.06925e-06 0.000895907 0.0468885 0.29663 0.227207 0.0443944 0.178278 0.163877 0.0240953 0.0136739 0.00375192 0.000269175 3.49294e-05 1.7165e-06 7.46953e-08 1.65365e-09 1.99153e-11 9.81668e-14 2.00312e-16
#obs surv len freq
 1.08171e-41 1.50135e-33 2.51882e-26 5.10812e-20 1.2522e-14 3.71048e-10 1.32904e-06 0.000575426 0.0301155 0.19052 0.146186 0.0400292 0.172669 0.146196 0.104175 0.102363 0.0449016 0.0177153 0.00401924 0.00050636 2.61312e-05 4.00081e-07 1.36657e-09 8.47899e-13 8.36171e-17
 1.60471e-41 2.22723e-33 3.73664e-26 7.57784e-20 1.85762e-14 5.50446e-10 1.97161e-06 0.000853638 0.044676 0.282634 0.216542 0.0406974 0.126705 0.102235 0.0757975 0.0685089 0.0287273 0.0102934 0.0020925 0.000226188 9.51615e-06 1.12572e-07 2.85074e-10 1.27942e-13 9.01009e-18
 1.53551e-41 2.13119e-33 3.57551e-26 7.25106e-20 1.77751e-14 5.26709e-10 1.88659e-06 0.000816827 0.0427494 0.270446 0.207465 0.0500174 0.176819 0.128889 0.0565297 0.0426278 0.0170705 0.00549514 0.000980419 8.91347e-05 3.01063e-06 2.73429e-08 5.13399e-11 1.66882e-14 8.3941e-19
 1.07633e-41 1.49388e-33 2.5063e-26 5.08272e-20 1.24597e-14 3.69203e-10 1.32243e-06 0.000572565 0.0299658 0.189574 0.145944 0.0565148 0.230375 0.16316 0.0979164 0.06571 0.0158179 0.00381832 0.000584578 4.3688e-05 1.16124e-06 8.00021e-09 1.10904e-11 2.61246e-15 9.40546e-20
 1.50264e-41 2.08556e-33 3.49896e-26 7.09582e-20 1.73946e-14 5.15433e-10 1.8462e-06 0.000799339 0.0418343 0.264657 0.203077 0.0471937 0.142087 0.104119 0.104131 0.0691918 0.0190277 0.00353564 0.000326467 1.8276e-05 3.73661e-07 1.92232e-09 1.94949e-12 3.31542e-16 8.54156e-21
 1.20093e-41 1.66682e-33 2.79643e-26 5.6711e-20 1.3902e-14 4.11943e-10 1.47551e-06 0.000638846 0.0334347 0.211521 0.16306 0.0649749 0.231145 0.143956 0.0783779 0.0497445 0.0191011 0.00374053 0.000294271 1.00207e-05 1.35138e-07 5.0141e-10 3.67094e-13 4.47115e-17 8.20671e-22
 1.37671e-41 1.91079e-33 3.20574e-26 6.50118e-20 1.59369e-14 4.72239e-10 1.69148e-06 0.000732353 0.0383284 0.24248 0.186578 0.0579055 0.174985 0.116555 0.109809 0.0569951 0.0128859 0.00251139 0.000225142 6.45693e-06 5.48204e-08 1.25991e-10 6.25821e-14 5.35632e-18 6.94405e-23
 1.19327e-41 1.65618e-33 2.77858e-26 5.6349e-20 1.38133e-14 4.09313e-10 1.46609e-06 0.000634768 0.0332212 0.210173 0.162478 0.0722981 0.227462 0.13346 0.0938279 0.0494527 0.0147756 0.00207451 0.000136697 3.84815e-06 2.75213e-08 4.19821e-11 1.27865e-14 7.02452e-19 6.15953e-24
 1.51369e-41 2.10091e-33 3.5247e-26 7.14803e-20 1.75226e-14 5.19225e-10 1.85978e-06 0.000805221 0.0421421 0.266608 0.20539 0.0644143 0.166958 0.104049 0.0964187 0.0422163 0.00954412 0.00137094 8.00202e-05 1.59535e-06 9.44991e-09 1.18691e-11 2.58487e-15 9.13955e-20 5.04506e-25
 1.522e-41 2.11243e-33 3.54404e-26 7.18725e-20 1.76187e-14 5.22074e-10 1.86998e-06 0.000809639 0.0423733 0.268074 0.207128 0.07794 0.198234 0.10349 0.0658962 0.0282548 0.00697849 0.000780831 3.75748e-05 6.3609e-07 2.73599e-09 2.55185e-12 4.33839e-16 1.1564e-20 4.47937e-26
 1.09619e-41 1.52144e-33 2.55254e-26 5.17649e-20 1.26896e-14 3.76015e-10 1.34682e-06 0.000583128 0.0305186 0.193085 0.150942 0.0972335 0.258298 0.136161 0.0952588 0.0318385 0.00548969 0.000567769 2.32509e-05 3.00505e-07 1.01033e-09 6.93922e-13 8.38493e-17 1.62901e-21 4.70063e-27
 1.66715e-41 2.3139e-33 3.88205e-26 7.87271e-20 1.9299e-14 5.71865e-10 2.04833e-06 0.000886856 0.0464145 0.293642 0.226718 0.0712262 0.144587 0.0939147 0.0893552 0.0283866 0.00452584 0.000330022 1.00238e-05 1.04282e-07 2.62704e-10 1.33103e-13 1.17755e-17 1.63142e-22 3.31601e-28
 1.33557e-41 1.85369e-33 3.10995e-26 6.30691e-20 1.54606e-14 4.58127e-10 1.64094e-06 0.000710469 0.0371831 0.235256 0.184315 0.110483 0.242803 0.106755 0.0576617 0.0205277 0.00402986 0.000267736 6.10624e-06 4.36903e-08 8.07139e-11 3.01418e-14 1.92248e-18 1.91138e-23 2.78097e-29
 1.11621e-41 1.54922e-33 2.59914e-26 5.27101e-20 1.29213e-14 3.82881e-10 1.37142e-06 0.000593776 0.0310759 0.196626 0.155407 0.111836 0.235148 0.137949 0.104062 0.0240981 0.00298905 0.000209103 4.68761e-06 2.5949e-08 3.27679e-11 8.39338e-15 3.79798e-19 2.69873e-24 2.79053e-30
 8.73472e-42 1.21232e-33 2.03392e-26 4.12475e-20 1.01113e-14 2.99617e-10 1.07318e-06 0.00046465 0.024318 0.153886 0.124031 0.123221 0.248889 0.160111 0.125117 0.0350035 0.00474327 0.00021095 3.62801e-06 1.83622e-08 1.88072e-11 3.42874e-15 1.04932e-19 5.07189e-25 3.64139e-31
 1.41463e-41 1.96341e-33 3.29402e-26 6.68021e-20 1.63758e-14 4.85244e-10 1.73806e-06 0.000752522 0.039384 0.24919 0.195342 0.0946188 0.159875 0.126401 0.101509 0.0286465 0.00408422 0.00019285 2.6011e-06 9.00632e-09 7.24084e-12 1.06923e-15 2.47926e-20 8.48758e-26 4.16601e-32
 9.76135e-42 1.35481e-33 2.27298e-26 4.60955e-20 1.12998e-14 3.34833e-10 1.19932e-06 0.000519263 0.0271762 0.17201 0.14183 0.162433 0.273264 0.126034 0.0716615 0.0218118 0.00311327 0.00014445 1.89588e-06 5.51985e-09 3.14041e-12 3.2553e-16 5.6436e-21 1.47777e-26 5.43459e-33
 1.43525e-41 1.99203e-33 3.34205e-26 6.7776e-20 1.66145e-14 4.92318e-10 1.7634e-06 0.000763492 0.0399582 0.252849 0.200128 0.107831 0.161253 0.136132 0.0841357 0.0152337 0.00164015 7.38018e-05 9.03819e-07 2.37514e-09 1.14238e-12 9.00804e-17 1.09869e-21 2.00032e-27 5.25221e-34
 1.00207e-41 1.39081e-33 2.33337e-26 4.73202e-20 1.16e-14 3.43729e-10 1.23118e-06 0.000533059 0.0278983 0.176638 0.149338 0.183748 0.261455 0.121116 0.0620636 0.0157138 0.00145384 4.19839e-05 4.12913e-07 9.44201e-10 3.86423e-13 2.51554e-17 2.42739e-22 3.316e-28 6.23601e-35
 1.28762e-41 1.78713e-33 2.99828e-26 6.08045e-20 1.49055e-14 4.41678e-10 1.58202e-06 0.000684959 0.0358482 0.226905 0.184153 0.132288 0.181311 0.152483 0.0740783 0.0112782 0.000941648 2.6752e-05 1.86711e-07 2.99926e-10 9.59311e-14 5.03318e-18 3.88195e-23 4.17313e-29 6.06005e-36
 1.41051e-41 1.95769e-33 3.28444e-26 6.66078e-20 1.63281e-14 4.83832e-10 1.73301e-06 0.000750332 0.0392697 0.248609 0.204477 0.159179 0.18733 0.101788 0.0480916 0.0098316 0.000657708 1.32873e-05 7.88736e-08 9.78954e-11 2.16704e-14 8.02994e-19 4.60797e-24 3.78512e-30 4.22004e-37
 1.12702e-41 1.56423e-33 2.62432e-26 5.32207e-20 1.30464e-14 3.8659e-10 1.3847e-06 0.000599528 0.0313774 0.198784 0.172448 0.196514 0.225313 0.123104 0.0449062 0.00651116 0.000433336 8.25998e-06 3.59275e-08 3.31445e-11 5.63562e-15 1.52308e-19 6.08331e-25 3.47206e-31 2.75304e-38
 1.37805e-41 1.91264e-33 3.20886e-26 6.5075e-20 1.59524e-14 4.72698e-10 1.69313e-06 0.000733065 0.0383662 0.242984 0.20344 0.160371 0.178948 0.125959 0.0436791 0.00526512 0.000247938 3.73372e-06 1.41666e-08 1.02276e-11 1.25087e-15 2.44745e-20 7.18228e-26 2.97422e-32 1.66986e-39
 1.35456e-41 1.88004e-33 3.15415e-26 6.39656e-20 1.56804e-14 4.64639e-10 1.66426e-06 0.000720569 0.0377125 0.238991 0.207011 0.194224 0.188289 0.0967829 0.0319701 0.00413005 0.000165992 1.80112e-06 4.89392e-09 2.74628e-12 2.64234e-16 3.86603e-21 8.13372e-27 2.39211e-33 9.60917e-41
 1.18754e-41 1.64823e-33 2.76524e-26 5.60786e-20 1.3747e-14 4.07349e-10 1.45906e-06 0.000631722 0.0330631 0.209729 0.19035 0.21389 0.206754 0.112981 0.0295991 0.00289367 0.000105844 1.01082e-06 2.05661e-09 8.03333e-13 5.49851e-17 5.96298e-22 9.43136e-28 2.05763e-34 5.99337e-42
 1.06159e-41 1.47342e-33 2.47197e-26 5.0131e-20 1.2289e-14 3.64146e-10 1.30431e-06 0.000564723 0.0295572 0.1877 0.177759 0.220585 0.217404 0.130579 0.0329035 0.0028669 7.87946e-05 5.87286e-07 9.84605e-10 2.99005e-13 1.47031e-17 1.10644e-22 1.22127e-28 1.89924e-35 4.01561e-43
 1.04818e-41 1.45481e-33 2.44074e-26 4.94977e-20 1.21338e-14 3.59546e-10 1.28784e-06 0.000557589 0.0291844 0.185499 0.179471 0.221093 0.216768 0.132343 0.0323124 0.00270483 6.41312e-05 3.67236e-07 4.50699e-10 1.03352e-13 3.89632e-18 2.19286e-23 1.74372e-29 1.90158e-36 2.79041e-44
 1.26672e-41 1.75813e-33 2.94962e-26 5.98178e-20 1.46636e-14 4.3451e-10 1.55634e-06 0.000673844 0.0352685 0.223885 0.204362 0.19975 0.192586 0.113655 0.0274834 0.00228239 5.25951e-05 2.7804e-07 2.90428e-10 5.34971e-14 1.60277e-18 7.29588e-24 4.76773e-30 4.2791e-37 5.11372e-45
 1.26675e-41 1.75816e-33 2.94968e-26 5.9819e-20 1.46639e-14 4.34519e-10 1.55638e-06 0.000673858 0.0352692 0.223889 0.204366 0.199759 0.192755 0.114011 0.0270998 0.00212907 4.54143e-05 2.17814e-07 2.03395e-10 3.31034e-14 8.68785e-19 3.44555e-24 1.95606e-30 1.52306e-37 1.5775e-45
#pred catch len freq
 2.55475e-27 2.56617e-27 1.42728e-26 2.47134e-20 6.05819e-15 1.79515e-10 6.42993e-07 0.000278391 0.01457 0.0921746 0.0710029 0.0390278 0.247178 0.229174 0.0660362 0.0936918 0.0403565 0.0310736 0.0189984 0.0143773 0.0112521 0.00972558 0.00976565 0.00866884 0.00264753
 2.55683e-27 2.572e-27 1.94484e-26 3.56316e-20 8.73465e-15 2.58823e-10 9.27061e-07 0.000401382 0.0210069 0.132896 0.102071 0.0373747 0.212776 0.198433 0.0793132 0.131236 0.0443843 0.0181708 0.0080685 0.00457552 0.00291801 0.00216178 0.00192606 0.00171253 0.000573455
 2.55912e-27 2.57778e-27 2.40611e-26 4.53603e-20 1.11195e-14 3.29492e-10 1.18018e-06 0.000510975 0.0267426 0.169182 0.129828 0.0405458 0.217406 0.201645 0.0606861 0.0881343 0.0342379 0.0205182 0.00651174 0.00199464 0.000839254 0.000473199 0.000349459 0.000292509 0.000101506
 2.55795e-27 2.57432e-27 2.07323e-26 3.8337e-20 9.39784e-15 2.78475e-10 9.97451e-07 0.000431858 0.0226019 0.142987 0.109875 0.0436334 0.254922 0.235956 0.0612604 0.0805501 0.0279985 0.0126044 0.00482474 0.00172557 0.000385168 0.000120043 6.25981e-05 4.52017e-05 1.55483e-05
 2.55818e-27 2.57513e-27 2.16318e-26 4.02354e-20 9.86322e-15 2.92265e-10 1.04684e-06 0.000453243 0.0237211 0.150067 0.115251 0.0417 0.236432 0.219364 0.0668773 0.0974675 0.0320433 0.0114738 0.00364655 0.00111893 0.000302809 5.69655e-05 1.38836e-05 7.18062e-06 2.32023e-06
 2.5593e-27 2.57802e-27 2.40349e-26 4.53042e-20 1.11058e-14 3.29084e-10 1.17872e-06 0.000510342 0.0267095 0.168972 0.129698 0.0423889 0.231525 0.214469 0.0593574 0.0816055 0.0281066 0.0120422 0.00354261 0.000846411 0.000183726 3.59091e-05 4.97532e-06 1.15367e-06 3.11468e-07
 2.55886e-27 2.57664e-27 2.2643e-26 4.23673e-20 1.03858e-14 3.0775e-10 1.10231e-06 0.000477258 0.024978 0.158018 0.121362 0.0441658 0.250904 0.232088 0.0577293 0.0733694 0.0242635 0.00895476 0.00278979 0.000743709 0.000133089 2.01084e-05 2.45436e-06 2.47494e-07 3.87504e-08
 2.5591e-27 2.57736e-27 2.33406e-26 4.38392e-20 1.07467e-14 3.18443e-10 1.14061e-06 0.00049384 0.0258458 0.163508 0.125541 0.0433958 0.242108 0.224139 0.059383 0.0791012 0.025374 0.00808703 0.00233189 0.000562774 0.00011039 1.51738e-05 1.40567e-06 9.6042e-08 6.17753e-09
 2.56053e-27 2.58101e-27 2.63633e-26 5.0215e-20 1.23096e-14 3.64756e-10 1.30649e-06 0.000565662 0.0296047 0.187288 0.143712 0.0442177 0.235596 0.217738 0.051164 0.0619441 0.0198134 0.00623728 0.00169748 0.000349494 6.09933e-05 8.46491e-06 7.34504e-07 3.69348e-08 1.21144e-09
 2.56271e-27 2.58677e-27 3.12904e-26 6.06085e-20 1.48574e-14 4.40253e-10 1.57691e-06 0.000682742 0.0357323 0.226053 0.173312 0.0441714 0.214447 0.197918 0.0421478 0.0463199 0.0143033 0.00370539 0.000978265 0.000194817 2.99635e-05 3.57706e-06 2.98057e-07 1.3682e-08 3.0275e-10
 2.56132e-27 2.58285e-27 2.76837e-26 5.29994e-20 1.29922e-14 3.84981e-10 1.37894e-06 0.000597027 0.0312462 0.197673 0.151676 0.0463309 0.246082 0.226869 0.0428983 0.0407241 0.0123092 0.00277996 0.000680354 0.000114668 1.67906e-05 1.81141e-06 1.28303e-07 5.46768e-09 1.05368e-10
 2.56167e-27 2.5839e-27 2.87174e-26 5.51806e-20 1.35268e-14 4.00825e-10 1.43569e-06 0.000621598 0.0325322 0.205808 0.157869 0.0451723 0.232914 0.214939 0.0448123 0.0480666 0.0141331 0.00248 0.000557928 8.14091e-05 1.03063e-05 9.83957e-07 6.28721e-08 2.28736e-09 3.98529e-11
 2.56307e-27 2.58767e-27 3.20214e-26 6.21503e-20 1.52354e-14 4.51452e-10 1.61703e-06 0.000700111 0.0366413 0.231803 0.177707 0.0444602 0.213556 0.196993 0.0401352 0.0419401 0.012631 0.00273763 0.000612789 7.15353e-05 7.84632e-06 6.32208e-07 3.45891e-08 1.11119e-09 1.66369e-11
 2.56109e-27 2.58217e-27 2.70211e-26 5.16013e-20 1.26494e-14 3.74826e-10 1.34256e-06 0.000581278 0.030422 0.192459 0.147706 0.0470529 0.254366 0.234397 0.0421341 0.0370742 0.0110247 0.00220086 0.000504491 6.9517e-05 7.05708e-06 4.56847e-07 2.07002e-08 5.57878e-10 7.23623e-12
 2.55949e-27 2.57791e-27 2.33365e-26 4.38288e-20 1.07441e-14 3.18367e-10 1.14034e-06 0.000493722 0.0258396 0.16347 0.125575 0.0473783 0.272391 0.251239 0.0489142 0.0482665 0.0139327 0.0020196 0.000420234 5.3478e-05 5.82115e-06 3.99448e-07 1.49149e-08 3.22459e-10 3.45999e-12
 2.56096e-27 2.58191e-27 2.69098e-26 5.1367e-20 1.2592e-14 3.73123e-10 1.33647e-06 0.000578639 0.0302839 0.191585 0.147023 0.0460935 0.247544 0.228359 0.045738 0.0467863 0.0135459 0.00201913 0.00040085 3.75487e-05 3.5383e-06 2.38725e-07 9.5521e-09 1.81131e-10 1.53966e-12
 2.56202e-27 2.58468e-27 2.9219e-26 5.6238e-20 1.37861e-14 4.08506e-10 1.4632e-06 0.000633509 0.0331556 0.209752 0.160903 0.0465662 0.241389 0.222393 0.0394852 0.0340382 0.00984928 0.00150105 0.000300805 2.84023e-05 2.32225e-06 1.18827e-07 4.39652e-09 8.6521e-11 6.74172e-13
 2.56179e-27 2.58396e-27 2.85176e-26 5.4758e-20 1.34233e-14 3.97755e-10 1.42469e-06 0.000616838 0.0322831 0.204232 0.1567 0.0473344 0.250188 0.230385 0.0385828 0.0299604 0.00849418 0.00101406 0.000188358 1.80129e-05 1.48692e-06 7.13162e-08 2.05204e-09 3.46237e-11 2.69912e-13
 2.56263e-27 2.58626e-27 3.05669e-26 5.90812e-20 1.4483e-14 4.29159e-10 1.53717e-06 0.000665538 0.0348318 0.220356 0.169001 0.0465863 0.235853 0.21719 0.0368626 0.0293557 0.00826275 0.000872055 0.000149429 1.15192e-05 8.69984e-07 4.21148e-08 1.16823e-09 1.61279e-11 1.0374e-13
 2.56191e-27 2.58427e-27 2.87469e-26 5.52417e-20 1.35418e-14 4.01269e-10 1.43728e-06 0.000622286 0.0325682 0.206036 0.158082 0.0476239 0.25142 0.231436 0.0372221 0.0265919 0.00746831 0.000784476 0.000132403 9.07476e-06 5.89595e-07 2.34061e-08 6.23371e-10 8.38305e-12 4.6073e-14
 2.56387e-27 2.58967e-27 3.36254e-26 6.55335e-20 1.60647e-14 4.76027e-10 1.70505e-06 0.000738221 0.0386358 0.244421 0.187357 0.0453889 0.213844 0.196947 0.0344818 0.0290221 0.00816619 0.000843297 0.000141406 9.77228e-06 6.13661e-07 2.0938e-08 4.5791e-10 5.49468e-12 2.91736e-14
 2.56402e-27 2.58992e-27 3.3693e-26 6.56756e-20 1.60996e-14 4.7706e-10 1.70875e-06 0.000739822 0.0387196 0.244952 0.187782 0.0466432 0.223091 0.205165 0.0302234 0.0172558 0.00482498 0.000510154 8.61101e-05 5.73546e-06 3.52616e-07 1.18915e-08 2.34653e-10 2.31417e-12 1.05376e-14
 2.56385e-27 2.58944e-27 3.32543e-26 6.47501e-20 1.58727e-14 4.70337e-10 1.68467e-06 0.000729397 0.038174 0.2415 0.18515 0.0468941 0.226848 0.208608 0.0303824 0.0167465 0.00459097 0.000328249 4.36755e-05 2.92033e-06 1.7852e-07 5.79669e-09 1.12242e-10 1.03335e-12 3.96097e-15
 2.56503e-27 2.59268e-27 3.61469e-26 7.08524e-20 1.73686e-14 5.14663e-10 1.84344e-06 0.000798138 0.0417717 0.264259 0.202512 0.0457888 0.20624 0.189646 0.0280315 0.0161596 0.00443403 0.000315236 4.05383e-05 1.96194e-06 9.12644e-08 2.92879e-09 5.54276e-11 4.94572e-13 1.80037e-15
 2.56466e-27 2.59161e-27 3.51422e-26 6.87327e-20 1.6849e-14 4.99266e-10 1.78829e-06 0.000774259 0.0405219 0.256353 0.196488 0.0466422 0.216966 0.199408 0.0272962 0.0120309 0.00327 0.000219577 2.68044e-05 1.2669e-06 5.25279e-08 1.17015e-09 1.866e-11 1.62874e-13 5.74819e-16
 2.56365e-27 2.58891e-27 3.27869e-26 6.37641e-20 1.5631e-14 4.63175e-10 1.65901e-06 0.00071829 0.0375927 0.237822 0.182344 0.0469953 0.229591 0.21115 0.031038 0.017599 0.00480693 0.000304924 3.51046e-05 1.60991e-06 6.41603e-08 1.35117e-09 1.69606e-11 1.09251e-13 3.55376e-16
 2.56349e-27 2.58851e-27 3.24525e-26 6.30586e-20 1.54581e-14 4.5805e-10 1.64066e-06 0.000710343 0.0371768 0.235191 0.180333 0.0469227 0.23045 0.211985 0.0319501 0.019468 0.00535802 0.000397972 5.26663e-05 2.3139e-06 8.59034e-08 1.73422e-09 2.07247e-11 1.14257e-13 2.7525e-16
 2.56392e-27 2.58965e-27 3.34481e-26 6.51588e-20 1.59729e-14 4.73306e-10 1.6953e-06 0.000734001 0.038415 0.243024 0.186312 0.0467921 0.225256 0.207149 0.0303149 0.0169596 0.00465481 0.000339367 4.4638e-05 2.203e-06 9.36572e-08 1.79852e-09 2.01455e-11 1.05387e-13 2.28243e-16
 2.56469e-27 2.59175e-27 3.53073e-26 6.9081e-20 1.69344e-14 5.01796e-10 1.79735e-06 0.000778184 0.0407273 0.257653 0.197473 0.0462172 0.213039 0.195877 0.0283586 0.0153378 0.00420055 0.000296015 3.78216e-05 1.84742e-06 7.98543e-08 1.7628e-09 2.1191e-11 1.04353e-13 2.12817e-16
#obs catch len freq
 4.97484e-42 6.90475e-34 1.15841e-26 2.34924e-20 5.75889e-15 1.70646e-10 6.11228e-07 0.00026464 0.0138502 0.0876218 0.0676309 0.039848 0.218673 0.186685 0.144085 0.143763 0.0645884 0.0260527 0.00609872 0.000794504 4.27076e-05 6.84868e-07 2.44296e-09 1.57196e-12 1.59758e-16
 5.72372e-42 7.94415e-34 1.3328e-26 2.70288e-20 6.6258e-15 1.96335e-10 7.03239e-07 0.000304478 0.0159352 0.100812 0.0778113 0.0434904 0.222093 0.180811 0.143276 0.131593 0.0575019 0.021315 0.0045235 0.000509242 2.22837e-05 2.74232e-07 7.22168e-10 3.3585e-13 2.43825e-17
 1.08314e-41 1.50332e-33 2.52213e-26 5.11483e-20 1.25384e-14 3.71536e-10 1.33078e-06 0.000576183 0.0301551 0.190771 0.146554 0.0452022 0.181578 0.140738 0.113515 0.0953063 0.0395944 0.0132572 0.00250214 0.000239508 8.45906e-06 7.9779e-08 1.54959e-10 5.19785e-14 2.6905e-18
 1.11745e-41 1.55095e-33 2.60204e-26 5.27688e-20 1.29356e-14 3.83307e-10 1.37294e-06 0.000594437 0.0311105 0.196816 0.151513 0.0584085 0.237671 0.164109 0.0766841 0.054191 0.0213742 0.00638993 0.00105029 8.38086e-05 2.35476e-06 1.69262e-08 2.42594e-11 5.87748e-15 2.16975e-19
 7.84819e-42 1.08928e-33 1.82749e-26 3.70611e-20 9.08509e-15 2.69208e-10 9.64259e-07 0.000417491 0.0218498 0.138232 0.107045 0.064869 0.274138 0.184743 0.116458 0.07119 0.0166909 0.00379897 0.000531833 3.45766e-05 7.58248e-07 4.10824e-09 4.32867e-12 7.58024e-16 2.00002e-20
 1.25853e-41 1.74676e-33 2.93056e-26 5.94311e-20 1.45688e-14 4.31701e-10 1.54628e-06 0.000669487 0.0350383 0.221665 0.170482 0.0528798 0.172401 0.122195 0.125324 0.0756105 0.0200555 0.00337578 0.00028751 1.40342e-05 2.3504e-07 9.45747e-10 7.26341e-13 9.16149e-17 1.72729e-21
 1.03734e-41 1.43976e-33 2.4155e-26 4.89859e-20 1.20083e-14 3.55829e-10 1.27452e-06 0.000551823 0.0288802 0.18271 0.141438 0.0737321 0.260288 0.15358 0.0859348 0.0507949 0.0186047 0.00325045 0.000227516 6.7008e-06 7.45497e-08 2.15834e-10 1.19318e-13 1.07573e-17 1.44307e-22
 1.27744e-41 1.773e-33 2.97457e-26 6.03237e-20 1.47876e-14 4.38185e-10 1.56951e-06 0.000679542 0.0355645 0.224996 0.173537 0.0643123 0.192129 0.123743 0.116371 0.0544547 0.0119137 0.00212659 0.000165601 3.98266e-06 2.75681e-08 4.96813e-11 1.86535e-14 1.18041e-18 1.11727e-23
 1.14902e-41 1.59477e-33 2.67555e-26 5.42596e-20 1.33011e-14 3.94136e-10 1.41173e-06 0.000611231 0.0319894 0.202383 0.156938 0.0798289 0.239294 0.134235 0.094337 0.0458428 0.012839 0.00160424 9.44216e-05 2.20982e-06 1.25886e-08 1.49099e-11 3.43854e-15 1.3991e-19 8.95401e-25
 1.51569e-41 2.10368e-33 3.52937e-26 7.15748e-20 1.75457e-14 5.19912e-10 1.86224e-06 0.000806286 0.0421978 0.266963 0.205979 0.0695895 0.171162 0.103621 0.093497 0.0371386 0.00796907 0.00102282 5.1451e-05 8.57318e-07 4.04728e-09 3.90168e-12 6.39348e-16 1.67528e-20 6.76274e-26
 1.55417e-41 2.15708e-33 3.61896e-26 7.33917e-20 1.79911e-14 5.3311e-10 1.90951e-06 0.000826753 0.043269 0.273743 0.211844 0.0831677 0.196999 0.0983329 0.0614429 0.0242625 0.00553847 0.000547822 2.28776e-05 3.17923e-07 1.08308e-09 7.7583e-13 9.88417e-17 1.94615e-21 5.51685e-27
 1.1534e-41 1.60084e-33 2.68574e-26 5.44663e-20 1.33518e-14 3.95638e-10 1.41711e-06 0.00061356 0.0321113 0.203165 0.159212 0.103973 0.254056 0.129116 0.0868729 0.0262404 0.0042369 0.000387614 1.35019e-05 1.42977e-07 3.78284e-10 1.98339e-13 1.79336e-17 2.56881e-22 5.41158e-28
 1.72694e-41 2.39688e-33 4.02127e-26 8.15505e-20 1.99912e-14 5.92374e-10 2.12179e-06 0.000918661 0.0480791 0.304176 0.235112 0.0748383 0.140333 0.0901025 0.0798937 0.0229739 0.00335144 0.000213875 5.5686e-06 4.70226e-08 9.26723e-11 3.57459e-14 2.35933e-18 2.40639e-23 3.56757e-29
 1.39746e-41 1.93959e-33 3.25406e-26 6.59917e-20 1.61771e-14 4.79357e-10 1.71698e-06 0.000743392 0.0389062 0.246163 0.19335 0.116486 0.234335 0.0986902 0.0513 0.0169013 0.00295157 0.000168729 3.24213e-06 1.88356e-08 2.71855e-11 7.69857e-15 3.65557e-19 2.67166e-24 2.83224e-30
 1.1852e-41 1.64498e-33 2.7598e-26 5.59681e-20 1.37199e-14 4.06547e-10 1.45618e-06 0.000630477 0.0329967 0.208787 0.165537 0.118655 0.228616 0.132067 0.0913671 0.01903 0.00217867 0.0001316 2.42585e-06 1.07374e-08 1.05524e-11 2.04978e-15 6.89629e-20 3.59715e-25 2.70783e-31
 9.42768e-42 1.3085e-33 2.19528e-26 4.45198e-20 1.09135e-14 3.23387e-10 1.15832e-06 0.000501513 0.0262472 0.166104 0.13447 0.131564 0.24362 0.155162 0.1106 0.028248 0.00335313 0.00012813 1.8448e-06 7.38888e-09 5.81798e-12 8.00651e-16 1.82088e-20 6.4587e-26 3.37255e-32
 1.50213e-41 2.08485e-33 3.49777e-26 7.09341e-20 1.73887e-14 5.15258e-10 1.84557e-06 0.000799068 0.0418201 0.264611 0.207823 0.0987446 0.153246 0.120415 0.0870928 0.0225255 0.00280846 0.000111826 1.23129e-06 3.39127e-09 2.09632e-12 2.32241e-16 3.98725e-21 1.00131e-26 3.57717e-33
 1.05234e-41 1.46057e-33 2.45042e-26 4.96939e-20 1.21819e-14 3.60972e-10 1.29294e-06 0.000559799 0.0292978 0.185455 0.153698 0.170462 0.261461 0.117526 0.0620271 0.0172914 0.00213671 8.33616e-05 8.82201e-07 2.00862e-09 8.7426e-13 6.80125e-17 8.70953e-22 1.66801e-27 4.46026e-34
 1.52879e-41 2.12186e-33 3.55986e-26 7.21933e-20 1.76973e-14 5.24405e-10 1.87833e-06 0.000813253 0.0425625 0.26934 0.213627 0.111342 0.15345 0.127076 0.0692488 0.0114068 0.00109103 4.10227e-05 4.01779e-07 8.18782e-10 2.9852e-13 1.75726e-17 1.58157e-22 2.10434e-28 4.00791e-35
 1.08528e-41 1.5063e-33 2.52713e-26 5.12497e-20 1.25633e-14 3.72272e-10 1.33342e-06 0.000577324 0.0302151 0.191332 0.162606 0.190721 0.247608 0.111589 0.0524989 0.011895 0.000934268 2.27751e-05 1.80171e-07 3.17493e-10 9.78907e-14 4.73217e-18 3.35751e-23 3.34848e-29 4.57112e-36
 1.38522e-41 1.9226e-33 3.22556e-26 6.54136e-20 1.60354e-14 4.75158e-10 1.70194e-06 0.00073688 0.0385656 0.244126 0.198683 0.1361 0.17293 0.140237 0.0597746 0.00823453 0.000595747 1.38564e-05 7.69297e-08 9.56397e-11 2.30042e-14 8.92503e-19 5.04261e-24 3.9462e-30 4.15263e-37
 1.50576e-41 2.08989e-33 3.50623e-26 7.11055e-20 1.74307e-14 5.16503e-10 1.85003e-06 0.000800999 0.0419215 0.265427 0.218948 0.161281 0.173815 0.0913593 0.0390297 0.00701464 0.000394712 6.60963e-06 3.09989e-08 2.94392e-11 4.89415e-15 1.34042e-19 5.61943e-25 3.34956e-31 2.69903e-38
 1.22063e-41 1.69415e-33 2.84229e-26 5.76411e-20 1.413e-14 4.18699e-10 1.49971e-06 0.000649324 0.0339837 0.21534 0.187576 0.200272 0.211311 0.11027 0.0357028 0.00463045 0.000260291 4.00418e-06 1.36827e-08 9.65707e-12 1.22732e-15 2.44572e-20 7.13621e-26 2.95306e-32 1.68815e-39
 1.4791e-41 2.0529e-33 3.44416e-26 6.98468e-20 1.71221e-14 5.0736e-10 1.81728e-06 0.00078682 0.0411797 0.260844 0.218942 0.161759 0.167733 0.111141 0.0338804 0.0035878 0.000142361 1.74213e-06 5.14237e-09 2.8163e-12 2.57016e-16 3.70146e-21 7.91836e-27 2.3762e-33 9.62747e-41
 1.45269e-41 2.01624e-33 3.38266e-26 6.85998e-20 1.68164e-14 4.98301e-10 1.78483e-06 0.000772772 0.0404449 0.256366 0.22267 0.19428 0.173529 0.0843126 0.0247682 0.00276224 9.19153e-05 8.04391e-07 1.70293e-09 7.23131e-13 5.1668e-17 5.55275e-22 8.51345e-28 1.81279e-34 5.24656e-42
 1.28485e-41 1.78328e-33 2.99183e-26 6.06737e-20 1.48734e-14 4.40727e-10 1.57861e-06 0.000683485 0.0357726 0.226997 0.20663 0.214862 0.192724 0.0978446 0.0225114 0.00191543 5.78744e-05 4.39159e-07 6.90574e-10 2.03853e-13 1.03499e-17 8.2211e-23 9.45164e-29 1.49184e-35 3.13278e-43
 1.15821e-41 1.60752e-33 2.69694e-26 5.46934e-20 1.34075e-14 3.97287e-10 1.42302e-06 0.000616119 0.0322477 0.204884 0.194541 0.222628 0.205122 0.113119 0.024941 0.00185792 4.19887e-05 2.48782e-07 3.20231e-10 7.30709e-14 2.66118e-18 1.46651e-23 1.17517e-29 1.31894e-36 2.00514e-44
 1.1454e-41 1.58974e-33 2.66711e-26 5.40885e-20 1.32591e-14 3.92893e-10 1.40728e-06 0.000609304 0.0318909 0.202593 0.191327 0.216025 0.20883 0.119565 0.0270768 0.00203922 4.24045e-05 2.0786e-07 2.13833e-10 4.04741e-14 1.24793e-18 5.71275e-24 3.67851e-30 3.23513e-37 3.81503e-45
 1.37615e-41 1.91001e-33 3.20444e-26 6.49853e-20 1.59304e-14 4.72047e-10 1.69079e-06 0.000732056 0.038315 0.243121 0.217461 0.191789 0.179453 0.10306 0.0241529 0.00187569 3.97176e-05 1.89507e-07 1.76329e-10 2.86232e-14 7.49738e-19 2.96914e-24 1.68384e-30 1.31009e-37 1.35614e-45
#spawning biomass
 14994.1 12247.3 16200.2 22003.5 27282.7 36464.8 47004.9 52522 53758.3 72025.5 101827 122054 153109 173378 155773 127491 123610 123763 122329 120031 133621 141759 144475 159032 165133 182299 178388 165830 147815 109908 179772 205116 193579 169791 145379 124792 109095 97849.4 90121.7 84964.9 81596.1 79429.8 78052.9 77181.2 76626.2 76287.3 76080.3 75953.9 75876.7 75829.6 75800.8 75783.2 75772.5 75765.9 75761.9 75759.5 75758 75757.1 75756.5 75756.2 75756 75755.9 75755.8 75755.7 75755.7 75755.7 75755.7 75755.7 75755.7 75755.7 75755.7 75755.7 75755.7 75755.7 75755.7 75755.7 75755.7 75755.7 75755.7 75755.7 75755.7 75755.7 75755.7 75755.7 75755.7 75755.7 75755.7 75755.7 75755.7 75755.7 75755.7 75755.7 75755.7 75755.7 75755.7 75755.7 75755.7 75755.7 75755.7 75755.7 75755.7 75755.7 75755.7 75755.7 75755.7 75755.7 75755.7 75755.7 75755.7 75755.7 75755.7 75755.7 75755.7 75755.7 75755.7 75755.7 75755.7 75755.7 75755.7 75755.7 75755.7 75755.7 75755.7 75755.7 75755.7 75755.7 75755.7 75755.7 75755.7 0 0 0 0 0 0 0 0 0 0 0 0 0 0 0 0 0 0 0 0 0 0 0 0 0
