SBPRF35
0.439951
Curr Bio
89828.7
B35
436587
F35
0.297855
FOFL
0
OFL
0
Bzero
125700
#pred survey bio
 30218.4 34202.7 26040 16297.2 16573 20649.8 27514.8 33985 42447 50975.9 60261.5 59073.7 68457.9 75229.9 96291.6 89921.8 85351.3 86362 92725.8 91283.6 118804 98158.1 94576.6 96420.9 90015.2 95867.2 96609.5 93505 2.52537e+06 4.3107e+06 4.24077e+06 3.65703e+06 2.96866e+06 2.37233e+06 1.92273e+06 1.60882e+06 1.39932e+06 1.26306e+06 1.17553e+06 1.11946e+06 1.08337e+06 1.05992e+06 1.04441e+06 1.03368e+06 1.02652e+06 1.02165e+06 1.01828e+06 1.01591e+06 1.01422e+06 1.01301e+06 1.01212e+06 1.01148e+06 1.01101e+06 1.01066e+06 1.01041e+06 1.01022e+06 1.01008e+06 1.00997e+06 1.00989e+06 1.00984e+06 1.00979e+06 1.00976e+06 1.00974e+06 1.00972e+06 1.00971e+06 1.0097e+06 1.00969e+06 1.00968e+06 1.00968e+06 1.00968e+06 1.00967e+06 1.00967e+06 1.00967e+06 1.00967e+06 1.00967e+06 1.00967e+06 1.00967e+06 1.00967e+06 1.00967e+06 1.00967e+06 1.00967e+06 1.00967e+06 1.00967e+06 1.00967e+06 1.00967e+06 1.00967e+06 1.00967e+06 1.00967e+06 1.00967e+06 1.00967e+06 1.00967e+06 1.00967e+06 1.00967e+06 1.00967e+06 1.00967e+06 1.00967e+06 1.00967e+06 1.00967e+06 1.00967e+06 1.00967e+06 1.00967e+06 1.00967e+06 1.00967e+06 1.00967e+06 1.00967e+06 1.00967e+06 1.00967e+06 1.00967e+06 1.00967e+06 1.00967e+06 1.00967e+06 1.00967e+06 1.00967e+06 1.00967e+06 1.00967e+06 1.00967e+06 1.00967e+06 1.00967e+06 1.00967e+06 1.00967e+06 1.00967e+06 1.00967e+06 1.00967e+06 1.00967e+06 1.00967e+06 1.00967e+06 1.00967e+06 1.00967e+06 0 0 0 0 0 0 0 0 0 0 0 0 0 0 0 0 0 0 0 0 0 0 0 0 0
#obs survey bio
 27348.7 18259 22985.5 10951.7 18449.7 20362.8 29648.7 40454.1 45381.7 63360.5 67559.2 58082 109162 99553.6 90763.1 90117.6 72506.5 89755.6 65887.7 71311.9 121052 94575.4 103160 135578 76399.7 110521 106056 104108
#pred catch bio
 13633.3 17568 15222.8 10319.4 10441.1 12454.2 18601.1 23126.4 30233.1 37948.4 51088.2 47850.1 57774.6 60934 88445.9 85446 82868 83005.6 93219 88539.1 129235 106771 102875 108974 103892 113783 117939 107778 0 45574.3 44048.5 37159.2 29413.1 22899.1 18130.3 14913.4 12856.2 11588.2 10827.1 10379 10118.9 9969.66 9884.56 9835.64 9808.59 9793.63 9785.36 9780.78 9778.25 9776.85 9776.08 9775.65 9775.41 9775.28 9775.21 9775.17 9775.15 9775.13 9775.13 9775.12 9775.12 9775.12 9775.12 9775.12 9775.12 9775.12 9775.12 9775.12 9775.12 9775.12 9775.12 9775.12 9775.12 9775.12 9775.12 9775.12 9775.12 9775.12 9775.12 9775.12 9775.12 9775.12 9775.12 9775.12 9775.12 9775.12 9775.12 9775.12 9775.12 9775.12 9775.12 9775.12 9775.12 9775.12 9775.12 9775.12 9775.12 9775.12 9775.12 9775.12 9775.12 9775.12 9775.12 9775.12 9775.12 9775.12 9775.12 9775.12 9775.12 9775.12 9775.12 9775.12 9775.12 9775.12 9775.12 9775.12 9775.12 9775.12 9775.12 9775.12 9775.12 9775.12 9775.12 9775.12 9775.12 9775.12 9775.12 9775.12 0 0 0 0 0 0 0 0 0 0 0 0 0 0 0 0 0 0 0 0 0 0 0 0 0
#obs catch bio
 18403.9 20140.4 18449.4 11909.3 9843.92 12082.6 18445 21976.5 29105.5 36702.6 54957.5 46686.7 49570.8 56675 91012.9 78680.3 81179.3 76124.5 86628 84366.1 124390 104660 92584.1 93230.8 101114 105475 108250 104673
#pred cpue bio
 28186.3 32799.3 25565.2 15456.5 14971.9 19037.2 24971.1 30874.8 38439 46065.9 54103.7 52586.8 61011.4 66609 85176.9 79252.9 74344.7 74861.9 80535 78409.6 101755 83428.9 79997.7 81530 75239.6 79446.1 79750 76503.4 2.11733e+06 4.29091e+06 4.22097e+06 3.63723e+06 2.94887e+06 2.35254e+06 1.90294e+06 1.58903e+06 1.37953e+06 1.24326e+06 1.15573e+06 1.09966e+06 1.06358e+06 1.04013e+06 1.02462e+06 1.01389e+06 1.00673e+06 1.00186e+06 998488 996116 994427 993213 992332 991689 991217 990870 990613 990423 990283 990178 990101 990043 990000 989968 989944 989927 989914 989904 989897 989891 989887 989884 989882 989880 989879 989878 989877 989877 989876 989876 989876 989876 989876 989875 989875 989875 989875 989875 989875 989875 989875 989875 989875 989875 989875 989875 989875 989875 989875 989875 989875 989875 989875 989875 989875 989875 989875 989875 989875 989875 989875 989875 989875 989875 989875 989875 989875 989875 989875 989875 989875 989875 989875 989875 989875 989875 989875 989875 989875 989875 0 0 0 0 0 0 0 0 0 0 0 0 0 0 0 0 0 0 0 0 0 0 0 0 0
#obs cpue bio
 25809.1 21644.7 13432 18910.9 22442.7 21337.3 22708.3 34491.2 40381.2 40148.7 34582 62735.5 86595.6 55196.5 77782.7 121422 89363.7 105867 152087 111391 126133 89650.3 115994 110123 90964.2 95724.8 103631 74074.2
#pred surv len freq
 1.41226e-11 1.53287e-09 9.81035e-08 3.70212e-06 8.2377e-05 0.00108083 0.00836269 0.0381747 0.103061 0.166557 0.170616 0.136164 0.11557 0.0970315 0.0651356 0.0375822 0.0218585 0.0130608 0.00807329 0.00531703 0.00380571 0.00300522 0.00249576 0.00187851 0.00108303
 9.82919e-12 1.06686e-09 6.82791e-08 2.57665e-06 5.7334e-05 0.000752275 0.00582143 0.0265943 0.0720743 0.118714 0.132105 0.132644 0.14489 0.136205 0.096774 0.0588635 0.034249 0.0184936 0.00947427 0.00496557 0.00280913 0.00179644 0.00128923 0.000908253 0.000517199
 5.48565e-12 5.95415e-10 3.81065e-08 1.43802e-06 3.19984e-05 0.00041987 0.00324999 0.0148669 0.0405635 0.0690027 0.0869171 0.111806 0.147408 0.154808 0.128815 0.0974956 0.0670671 0.0393925 0.020255 0.00948908 0.00425372 0.002019 0.00111154 0.000669476 0.000357594
 1.31034e-11 1.42225e-09 9.10239e-08 3.43496e-06 7.64321e-05 0.00100282 0.00775874 0.0354092 0.0954775 0.153353 0.152687 0.11092 0.0840356 0.0760291 0.0717565 0.0669472 0.0562905 0.0406998 0.0251591 0.01302 0.00568805 0.00222939 0.00088388 0.000394261 0.000178906
 1.72701e-11 1.8745e-09 1.19968e-07 4.52722e-06 0.000100736 0.0013217 0.0102257 0.0466646 0.125781 0.20165 0.198939 0.139001 0.0945057 0.0687869 0.0425168 0.0232194 0.0151946 0.0121076 0.00921946 0.00587854 0.00301954 0.00124511 0.000430848 0.000140235 4.69701e-05
 1.45009e-11 1.57393e-09 1.00731e-07 3.80129e-06 8.45835e-05 0.00110978 0.00858682 0.0392003 0.105863 0.171351 0.176768 0.144166 0.125282 0.103891 0.0644354 0.0307295 0.0136559 0.00643689 0.00357875 0.00234005 0.00143798 0.00070859 0.000268579 8.05059e-05 2.07217e-05
 1.62616e-11 1.76505e-09 1.12963e-07 4.26286e-06 9.48539e-05 0.00124452 0.00962886 0.0439458 0.11852 0.190555 0.190583 0.140187 0.105154 0.0830807 0.0554133 0.0317308 0.0167996 0.00770796 0.00305989 0.00122911 0.000582311 0.000296319 0.000129106 4.26975e-05 1.05851e-05
 1.59569e-11 1.73197e-09 1.10846e-07 4.18298e-06 9.30766e-05 0.00122121 0.00944861 0.0431263 0.116353 0.187424 0.189102 0.143375 0.112409 0.0890478 0.0556295 0.0279346 0.0135334 0.00658326 0.00295792 0.00115305 0.000394659 0.000135758 5.06987e-05 1.75028e-05 4.67077e-06
 1.62478e-11 1.76355e-09 1.12867e-07 4.25924e-06 9.47734e-05 0.00124347 0.00962077 0.0439106 0.118448 0.190624 0.191518 0.143093 0.109706 0.0862083 0.0543928 0.0278477 0.0133376 0.00601272 0.00248602 0.000967426 0.000342254 0.000104506 2.85308e-05 7.59952e-06 1.88779e-06
 1.63856e-11 1.7785e-09 1.13824e-07 4.29535e-06 9.55769e-05 0.00125401 0.00970232 0.0442825 0.119448 0.192205 0.192972 0.143809 0.109694 0.0855992 0.0532111 0.0264501 0.0123126 0.00550339 0.00224354 0.000829192 0.000276003 8.17015e-05 2.09329e-05 4.57791e-06 8.82111e-07
 1.69145e-11 1.83591e-09 1.17498e-07 4.43401e-06 9.86622e-05 0.00129449 0.0100154 0.0457093 0.123266 0.198104 0.19774 0.144314 0.106231 0.0810233 0.0496594 0.024141 0.0108776 0.00469857 0.00185582 0.000669534 0.000216839 6.12883e-05 1.48464e-05 3.02123e-06 5.06828e-07
 1.75002e-11 1.89948e-09 1.21566e-07 4.58754e-06 0.000102078 0.00133931 0.0103621 0.0472896 0.127502 0.204704 0.203343 0.145763 0.103752 0.0768574 0.0453554 0.0203471 0.00819645 0.00325768 0.0012228 0.000423417 0.000132251 3.61714e-05 8.43751e-06 1.63103e-06 2.54534e-07
 1.73887e-11 1.88737e-09 1.20792e-07 4.5583e-06 0.000101428 0.00133077 0.0102961 0.0469889 0.126699 0.203475 0.202409 0.145857 0.104812 0.0781351 0.0462416 0.0207568 0.00824931 0.00311643 0.00106603 0.000333292 9.64418e-05 2.50185e-05 5.59431e-06 1.03892e-06 1.54751e-07
 1.78928e-11 1.94209e-09 1.24293e-07 4.69045e-06 0.000104368 0.00136935 0.0105945 0.0483484 0.130334 0.209067 0.206809 0.145938 0.100882 0.0732821 0.0428526 0.0189662 0.00739617 0.00275357 0.000925949 0.000277073 7.38353e-05 1.73303e-05 3.55457e-06 6.19863e-07 8.79405e-08
 1.79596e-11 1.94934e-09 1.24757e-07 4.70795e-06 0.000104758 0.00137446 0.010634 0.0485285 0.130816 0.20981 0.207402 0.145978 0.100408 0.0726802 0.042414 0.0187076 0.00724415 0.00266656 0.000882293 0.000258905 6.72307e-05 1.50417e-05 2.84965e-06 4.51743e-07 5.87945e-08
 1.81677e-11 1.97193e-09 1.26203e-07 4.76252e-06 0.000105972 0.00139039 0.0107572 0.0490904 0.132324 0.212177 0.209495 0.146772 0.099947 0.0714572 0.0407158 0.0169182 0.00593774 0.00201844 0.000644151 0.000185696 4.74023e-05 1.03727e-05 1.90101e-06 2.85505e-07 3.43729e-08
 1.89932e-11 2.06153e-09 1.31938e-07 4.97892e-06 0.000110787 0.00145356 0.0112458 0.0513165 0.138275 0.221318 0.216626 0.146702 0.0932038 0.063318 0.0352763 0.0142825 0.00476747 0.00150823 0.000440666 0.000115784 2.7665e-05 5.8444e-06 1.0464e-06 1.53067e-07 1.77337e-08
 1.92918e-11 2.09394e-09 1.34012e-07 5.05719e-06 0.000112529 0.00147641 0.0114225 0.0521219 0.14043 0.224644 0.219298 0.146928 0.0911478 0.0606243 0.033193 0.0129675 0.00403225 0.00117619 0.00032123 7.84333e-05 1.71287e-05 3.2936e-06 5.46102e-07 7.6021e-08 8.52512e-09
 1.91539e-11 2.07897e-09 1.33054e-07 5.02103e-06 0.000111724 0.00146586 0.0113409 0.05175 0.139436 0.223125 0.218145 0.147047 0.092442 0.0621098 0.0340902 0.0132873 0.0040919 0.0011643 0.000302675 6.85286e-05 1.37421e-05 2.42481e-06 3.66459e-07 4.64268e-08 4.80712e-09
 1.98724e-11 2.15695e-09 1.38045e-07 5.20938e-06 0.000115915 0.00152084 0.0117662 0.0536873 0.144614 0.231066 0.224281 0.146792 0.0862683 0.054794 0.0293687 0.0112048 0.00332079 0.000904358 0.000228357 5.03955e-05 9.68851e-06 1.5988e-06 2.21734e-07 2.55706e-08 2.40455e-09
 2.00521e-11 2.17646e-09 1.39293e-07 5.25648e-06 0.000116963 0.00153459 0.0118725 0.0541719 0.145909 0.233051 0.225809 0.146709 0.0846968 0.0529491 0.0282028 0.0107162 0.00315017 0.000844176 0.000207498 4.40491e-05 8.12848e-06 1.29329e-06 1.71779e-07 1.86108e-08 1.61237e-09
 2.04857e-11 2.22352e-09 1.42305e-07 5.37015e-06 0.000119492 0.00156777 0.0121292 0.0553413 0.149036 0.237865 0.229613 0.14683 0.0813895 0.0488071 0.0252256 0.00906194 0.00234123 0.000524964 0.00011437 2.30493e-05 4.12253e-06 6.33351e-07 8.07555e-08 8.38381e-09 6.92914e-10
 2.07665e-11 2.254e-09 1.44256e-07 5.44376e-06 0.00012113 0.00158926 0.0122953 0.0560984 0.151059 0.240964 0.231989 0.14667 0.0788861 0.0458919 0.0234151 0.00834063 0.00211371 0.000452107 9.00502e-05 1.57758e-05 2.40905e-06 3.30311e-07 3.95922e-08 3.94377e-09 3.13057e-10
 2.07834e-11 2.25584e-09 1.44373e-07 5.44819e-06 0.000121229 0.00159056 0.0123054 0.056144 0.151181 0.241153 0.232142 0.146687 0.0787758 0.0457427 0.0232937 0.00825877 0.00206688 0.000432092 8.38185e-05 1.41767e-05 2.0246e-06 2.47676e-07 2.56489e-08 2.22782e-09 1.6067e-10
 2.14241e-11 2.32538e-09 1.48824e-07 5.61616e-06 0.000124966 0.00163959 0.0126846 0.0578716 0.155797 0.248222 0.237553 0.146289 0.07301 0.0390449 0.0191529 0.00663904 0.00159165 0.000308292 5.56129e-05 9.00256e-06 1.24497e-06 1.46845e-07 1.43777e-08 1.13823e-09 7.22258e-11
 2.18718e-11 2.37397e-09 1.51934e-07 5.7335e-06 0.000127577 0.00167384 0.0129495 0.0590785 0.159021 0.25316 0.241332 0.146007 0.0689763 0.0343623 0.0162625 0.00551341 0.00126432 0.000223583 3.61643e-05 5.34928e-06 6.81357e-07 7.48123e-08 6.95669e-09 5.27812e-10 3.17977e-11
 2.20659e-11 2.39504e-09 1.53282e-07 5.7844e-06 0.00012871 0.0016887 0.0130644 0.059602 0.16042 0.255303 0.242976 0.1459 0.0672505 0.0323467 0.0150012 0.00500238 0.00110298 0.000178056 2.53491e-05 3.34652e-06 3.82627e-07 3.75637e-08 3.15792e-09 2.20083e-10 1.23796e-11
 2.25015e-11 2.44232e-09 1.56308e-07 5.89858e-06 0.00013125 0.00172203 0.0133222 0.0607764 0.163557 0.260104 0.246633 0.145571 0.0632421 0.0277357 0.0122137 0.00398584 0.000852731 0.000128035 1.61846e-05 1.89778e-06 1.9344e-07 1.66942e-08 1.23399e-09 7.6244e-11 3.83126e-12
#obs surv len freq
 4.4524e-11 4.12633e-09 2.25487e-07 7.26549e-06 0.000138038 0.00154645 0.0102174 0.0398454 0.0921242 0.129233 0.12254 0.108022 0.112358 0.112651 0.0989028 0.0771376 0.0504044 0.026853 0.0119621 0.00442856 0.00129623 0.000283055 4.38976e-05 4.65287e-06 3.2731e-07
 2.39391e-11 2.13981e-09 1.1278e-07 3.50489e-06 6.42274e-05 0.000694112 0.00442724 0.0167337 0.0382796 0.0584871 0.0802542 0.124089 0.169024 0.17034 0.136852 0.0965728 0.058124 0.0287385 0.0118629 0.00407438 0.00111269 0.000228016 3.32452e-05 3.30313e-06 2.16526e-07
 1.17563e-11 1.01179e-09 5.13448e-08 1.53636e-06 2.71083e-05 0.000282115 0.00173388 0.00633609 0.0142516 0.0229332 0.0375879 0.0702556 0.118105 0.168055 0.198094 0.174913 0.109727 0.0510135 0.0190303 0.00588238 0.00145686 0.000272994 3.66523e-05 3.36982e-06 2.0486e-07
 2.40921e-10 1.99314e-08 9.72275e-07 2.79658e-05 0.000474298 0.00474312 0.0279686 0.0972513 0.199471 0.241765 0.174891 0.080261 0.033211 0.0269748 0.0324947 0.0328804 0.0249958 0.0142142 0.00599885 0.00186549 0.000428437 7.22647e-05 8.72338e-06 7.26174e-07 4.02474e-08
 1.34962e-10 1.07166e-08 5.0175e-07 1.38519e-05 0.000225492 0.00216479 0.0122654 0.0411728 0.0835407 0.112456 0.133252 0.174311 0.194219 0.142945 0.0663495 0.0221079 0.00804956 0.00406792 0.00195762 0.000696843 0.000171658 2.87505e-05 3.24947e-06 2.45674e-07 1.22546e-08
 3.62112e-10 2.75576e-08 1.2366e-06 3.27191e-05 0.000510464 0.00469601 0.0254772 0.081572 0.154713 0.177253 0.134822 0.0935599 0.0843093 0.0853348 0.0764371 0.051046 0.0224866 0.006293 0.00120739 0.000204607 3.74243e-05 6.04645e-06 6.8775e-07 5.08746e-08 2.39746e-09
 4.29372e-10 3.12751e-08 1.34323e-06 3.40165e-05 0.000507956 0.00447293 0.023237 0.0713807 0.131204 0.152902 0.139991 0.138981 0.135613 0.100176 0.0562134 0.0275373 0.0121104 0.00429626 0.00111402 0.000200233 2.50035e-05 2.33956e-06 1.79751e-07 1.10504e-08 4.83094e-10
 6.57796e-10 4.58001e-08 1.88031e-06 4.55178e-05 0.000649721 0.0054689 0.0271562 0.0797125 0.139793 0.15433 0.131266 0.121562 0.119031 0.0983163 0.0669372 0.0365189 0.0144116 0.00390639 0.000761044 0.000116707 1.43699e-05 1.31714e-06 8.37363e-08 3.63451e-09 1.09866e-10
 9.76472e-10 6.49123e-08 2.54438e-06 5.88064e-05 0.000801428 0.00644083 0.0305402 0.0856587 0.14401 0.154678 0.133447 0.127364 0.121208 0.0928024 0.0578234 0.0296852 0.0115453 0.00319881 0.00063313 9.14068e-05 9.68196e-06 7.49295e-07 4.19385e-08 1.65338e-09 4.41955e-11
 1.26539e-09 8.02225e-08 2.99885e-06 6.61003e-05 0.000859122 0.00658527 0.0297919 0.0798695 0.129515 0.139536 0.132592 0.141186 0.136359 0.101285 0.060256 0.0289048 0.0102083 0.00249361 0.00042799 5.44116e-05 5.24907e-06 3.73899e-07 1.88245e-08 6.49119e-10 1.50482e-11
 2.18437e-09 1.3193e-07 4.69843e-06 9.86619e-05 0.00122165 0.00892076 0.0384424 0.0981073 0.15095 0.152143 0.131139 0.127361 0.117678 0.0869877 0.0521728 0.0245449 0.00814628 0.00179021 0.000262567 2.71368e-05 2.09201e-06 1.22128e-07 5.25273e-09 1.59836e-10 3.31656e-12
 2.96199e-09 1.70265e-07 5.77108e-06 0.00011534 0.00135928 0.00944791 0.0387718 0.0944479 0.140298 0.142934 0.135933 0.142523 0.128614 0.0881128 0.0482207 0.0209845 0.00660036 0.00140555 0.000203001 2.05701e-05 1.49407e-06 7.72062e-08 2.78925e-09 6.96854e-11 1.19436e-12
 5.03482e-09 2.75203e-07 8.86974e-06 0.000168562 0.00188892 0.0124839 0.0487056 0.11271 0.158427 0.150348 0.129743 0.125846 0.110894 0.0778876 0.0443301 0.0193621 0.00585636 0.00116745 0.000155538 1.44986e-05 9.78899e-07 4.76554e-08 1.62341e-09 3.7569e-11 5.78354e-13
 6.3942e-09 3.32059e-07 1.0168e-05 0.000183588 0.00195469 0.0122766 0.0455593 0.10076 0.138422 0.139203 0.141856 0.150522 0.1273 0.0803388 0.040332 0.0158765 0.00445158 0.000837185 0.0001061 9.39814e-06 5.96499e-07 2.6927e-08 8.43794e-10 1.7961e-11 2.55347e-13
 9.46394e-09 4.66582e-07 1.35635e-05 0.000232494 0.00235007 0.0140135 0.0493933 0.103936 0.136931 0.135447 0.13923 0.147252 0.124945 0.0817312 0.0426548 0.0166552 0.00438686 0.000739812 8.02699e-05 5.85559e-06 3.04234e-07 1.16178e-08 3.21405e-10 6.20418e-12 8.07385e-14
 1.55404e-08 7.26852e-07 2.00455e-05 0.000325976 0.00312595 0.017684 0.059136 0.118075 0.147652 0.138685 0.135472 0.137035 0.113015 0.0731533 0.0377918 0.0144273 0.00370755 0.000619101 6.81887e-05 5.12764e-06 2.68817e-07 9.75408e-09 2.40205e-10 3.96576e-12 4.37664e-14
 2.29764e-08 1.0189e-06 2.66423e-05 0.000410779 0.003735 0.0200378 0.0636003 0.121036 0.146914 0.140991 0.144385 0.143386 0.109556 0.0636336 0.029348 0.0101492 0.00238685 0.000364273 3.64264e-05 2.48665e-06 1.20369e-07 4.15104e-09 9.94181e-11 1.60274e-12 1.69813e-14
 3.30285e-08 1.38798e-06 3.43929e-05 0.000502522 0.00433013 0.0220191 0.0662988 0.120162 0.141221 0.136852 0.144041 0.143165 0.110265 0.0662275 0.0313284 0.0107227 0.00243508 0.000356471 3.42569e-05 2.24613e-06 1.03278e-07 3.32196e-09 7.31809e-11 1.08233e-12 1.06019e-14
 5.04375e-08 2.00777e-06 4.71263e-05 0.000652256 0.00532408 0.0256499 0.0732211 0.126221 0.14291 0.137264 0.1438 0.139174 0.104327 0.0614184 0.0282949 0.0093319 0.00204172 0.000291291 2.77642e-05 1.82759e-06 8.40599e-08 2.66021e-09 5.65678e-11 7.94433e-13 7.28869e-15
 7.23259e-08 2.72633e-06 6.05973e-05 0.000794215 0.00613938 0.0280196 0.075887 0.124989 0.138947 0.138121 0.14896 0.141396 0.10248 0.0583234 0.025807 0.00811969 0.00169666 0.000233263 2.17028e-05 1.40879e-06 6.40973e-08 2.00309e-09 4.19342e-11 5.77218e-13 5.15317e-15
 1.02437e-07 3.65564e-06 7.69242e-05 0.00095451 0.00698613 0.0302014 0.077635 0.122475 0.134777 0.139605 0.154049 0.143356 0.101219 0.0561237 0.0238649 0.00709567 0.00138562 0.000176801 1.52187e-05 9.1693e-07 3.91127e-08 1.16019e-09 2.32835e-11 3.09e-13 2.66495e-15
 1.61785e-07 5.46517e-06 0.000108859 0.00127862 0.00885865 0.0362545 0.0882559 0.132027 0.138353 0.137355 0.146063 0.133156 0.0946119 0.0532224 0.0224987 0.00653287 0.00124652 0.00015746 1.3573e-05 8.14705e-07 3.38486e-08 9.53408e-10 1.78758e-11 2.20453e-13 1.7704e-15
 2.115e-07 6.7625e-06 0.000127497 0.00141754 0.00929841 0.0360662 0.0836165 0.121691 0.132677 0.146447 0.161718 0.141118 0.0928528 0.0480073 0.0187957 0.00511322 0.000924315 0.000111943 9.36241e-06 5.50001e-07 2.24453e-08 6.20403e-10 1.13523e-11 1.35251e-13 1.03565e-15
 3.29247e-07 9.96435e-06 0.000177818 0.0018713 0.011619 0.0426664 0.0937152 0.129569 0.135202 0.143851 0.153722 0.132124 0.087622 0.0454286 0.0172295 0.00438585 0.000722281 7.79463e-05 5.7369e-06 2.98542e-07 1.10426e-08 2.83686e-10 4.91187e-12 5.5915e-14 4.10653e-16
 4.59171e-07 1.31539e-05 0.000222198 0.00221355 0.0130134 0.0452937 0.0947458 0.127207 0.135606 0.150964 0.159791 0.130866 0.0817827 0.0399016 0.0142978 0.00346843 0.000551206 5.81133e-05 4.18483e-06 2.0919e-07 7.2027e-09 1.67635e-10 2.59668e-12 2.64898e-14 1.76163e-16
 6.20404e-07 1.68249e-05 0.000269052 0.00253753 0.0141274 0.0466249 0.0930212 0.121856 0.133415 0.154512 0.163122 0.13186 0.0819842 0.0394096 0.0135987 0.00312687 0.00046838 4.65945e-05 3.18254e-06 1.51891e-07 5.01473e-09 1.11791e-10 1.64566e-12 1.57407e-14 9.66275e-17
 9.6912e-07 2.48828e-05 0.000376732 0.00336405 0.0177339 0.0554369 0.104907 0.130966 0.137806 0.153375 0.155086 0.120834 0.0727671 0.0335978 0.0109864 0.00237269 0.000332238 3.07995e-05 1.95586e-06 8.67256e-08 2.66418e-09 5.54357e-11 7.64562e-13 6.87364e-15 3.97288e-17
 1.15399e-06 2.80562e-05 0.000402238 0.00340178 0.0169973 0.0505432 0.092415 0.117791 0.138415 0.167876 0.168976 0.126422 0.0725793 0.0318694 0.00992119 0.00205491 0.000279501 2.54848e-05 1.59572e-06 6.89112e-08 2.02085e-09 3.94468e-11 5.04969e-13 4.19434e-15 2.23816e-17
#pred catch len freq
 1.35964e-11 1.47576e-09 9.44486e-08 3.5642e-06 7.9308e-05 0.00104057 0.00805126 0.0367556 0.0992643 0.160696 0.165906 0.135752 0.119136 0.101601 0.0684632 0.039529 0.0229927 0.0137386 0.00849226 0.00559296 0.00400321 0.00316118 0.00262527 0.00197599 0.00113923
 9.46048e-12 1.02684e-09 6.57179e-08 2.47999e-06 5.51834e-05 0.00072406 0.0056032 0.0255999 0.0694134 0.114606 0.128802 0.132351 0.147395 0.139455 0.0992205 0.0603656 0.0351239 0.0189661 0.00971632 0.00509243 0.0028809 0.00184234 0.00132217 0.000931457 0.000530412
 5.35617e-12 5.81361e-10 3.7207e-08 1.40408e-06 3.12431e-05 0.000409961 0.00317334 0.0145176 0.0396279 0.0675511 0.0857141 0.111583 0.148101 0.155813 0.129696 0.0981675 0.0675296 0.0396642 0.0203947 0.00955452 0.00428306 0.00203292 0.0011192 0.000674093 0.00036006
 1.30758e-11 1.41925e-09 9.08317e-08 3.42771e-06 7.62707e-05 0.0010007 0.00774237 0.0353345 0.0952773 0.15304 0.152417 0.110838 0.0841278 0.0761953 0.0719319 0.0671131 0.05643 0.0408007 0.0252214 0.0130523 0.00570215 0.00223492 0.000886072 0.000395238 0.000179349
 1.72409e-11 1.87133e-09 1.19765e-07 4.51956e-06 0.000100566 0.00131946 0.0102084 0.0465858 0.12557 0.201324 0.198678 0.13898 0.094705 0.069037 0.0426903 0.0233162 0.0152581 0.0121582 0.00925801 0.00590312 0.00303217 0.00125032 0.000432649 0.000140822 4.71665e-05
 1.43873e-11 1.56161e-09 9.99427e-08 3.77153e-06 8.39214e-05 0.0011011 0.00851963 0.0388942 0.105045 0.170094 0.175784 0.144167 0.126194 0.104995 0.065173 0.0310861 0.0138147 0.00651176 0.00362038 0.00236727 0.00145471 0.000716831 0.000271703 8.14422e-05 2.09627e-05
 1.63555e-11 1.77523e-09 1.13615e-07 4.28747e-06 9.54015e-05 0.00125171 0.00968443 0.044199 0.119197 0.191599 0.191414 0.140233 0.10447 0.0822111 0.0547749 0.0313593 0.0166025 0.00761751 0.00302398 0.00121469 0.000575478 0.000292842 0.000127591 4.21965e-05 1.04609e-05
 1.60654e-11 1.74375e-09 1.116e-07 4.21142e-06 9.37094e-05 0.00122951 0.00951282 0.0434189 0.117136 0.188627 0.190047 0.143385 0.111553 0.0880017 0.0549159 0.0275706 0.0133566 0.00649725 0.00291928 0.00113799 0.000389502 0.000133984 5.00363e-05 1.72741e-05 4.60975e-06
 1.64442e-11 1.78486e-09 1.14231e-07 4.31071e-06 9.59186e-05 0.0012585 0.00973698 0.04444 0.119863 0.192802 0.193229 0.143118 0.108166 0.0843162 0.0530849 0.0271671 0.0130108 0.0058654 0.00242511 0.000943723 0.000333869 0.000101945 2.78317e-05 7.41332e-06 1.84153e-06
 1.66727e-11 1.80967e-09 1.15818e-07 4.37063e-06 9.72519e-05 0.00127599 0.00987229 0.0450569 0.121518 0.195388 0.195466 0.14382 0.107403 0.0828055 0.0513079 0.0254881 0.0118638 0.00530272 0.00216173 0.000798957 0.000265939 7.87224e-05 2.01697e-05 4.41098e-06 8.49946e-07
 1.74915e-11 1.89853e-09 1.21506e-07 4.58525e-06 0.000102027 0.00133864 0.0103569 0.0472651 0.127425 0.204496 0.202737 0.144299 0.101568 0.0753658 0.0458393 0.0222505 0.0100235 0.00432959 0.00171008 0.000616954 0.00019981 5.64752e-05 1.36805e-05 2.78396e-06 4.67026e-07
 1.7932e-11 1.94634e-09 1.24566e-07 4.70072e-06 0.000104597 0.00137235 0.0106177 0.0484539 0.130614 0.20948 0.207048 0.145657 0.100118 0.0725227 0.0425237 0.0190519 0.00767317 0.00304964 0.00114471 0.000396376 0.000123805 3.38614e-05 7.89866e-06 1.52687e-06 2.38279e-07
 1.79224e-11 1.94531e-09 1.245e-07 4.69822e-06 0.000104541 0.00137162 0.010612 0.0484283 0.130546 0.209379 0.206987 0.145721 0.100311 0.0727639 0.0427289 0.0191499 0.00760879 0.00287438 0.000983229 0.000307405 8.89511e-05 2.30753e-05 5.1598e-06 9.58222e-07 1.42732e-07
 1.83037e-11 1.98669e-09 1.27148e-07 4.79816e-06 0.000106765 0.00140079 0.0108376 0.0494563 0.133295 0.213611 0.210328 0.14582 0.0973961 0.0691335 0.0401533 0.0177468 0.00691914 0.00257592 0.000866207 0.000259196 6.90715e-05 1.62122e-05 3.32523e-06 5.7987e-07 8.22666e-08
 1.86612e-11 2.0255e-09 1.29631e-07 4.89189e-06 0.00010885 0.00142816 0.0110493 0.0504205 0.135872 0.217569 0.21341 0.14577 0.0944453 0.0655876 0.0378043 0.016632 0.00643783 0.00236965 0.000784052 0.000230077 5.97448e-05 1.33669e-05 2.53234e-06 4.01442e-07 5.22479e-08
 1.89352e-11 2.05523e-09 1.31534e-07 4.9637e-06 0.000110448 0.00144912 0.0112114 0.0511597 0.137854 0.220655 0.216027 0.146437 0.0932598 0.0635884 0.0357155 0.0147958 0.00519021 0.00176422 0.000563019 0.000162307 4.1432e-05 9.06621e-06 1.66157e-06 2.49545e-07 3.00436e-08
 1.97138e-11 2.13974e-09 1.36943e-07 5.16781e-06 0.00011499 0.00150871 0.0116723 0.0532594 0.143467 0.229275 0.222745 0.146347 0.0868635 0.0558854 0.0305897 0.0123381 0.00411568 0.00130193 0.000380387 9.99458e-05 2.38807e-05 5.04494e-06 9.03263e-07 1.32129e-07 1.53079e-08
 1.99507e-11 2.16545e-09 1.38589e-07 5.22991e-06 0.000116372 0.00152683 0.0118125 0.0538984 0.145176 0.231916 0.224874 0.146555 0.085275 0.0537772 0.0289266 0.0112572 0.00349797 0.00102025 0.000278639 6.8034e-05 1.48577e-05 2.85691e-06 4.73696e-07 6.59415e-08 7.39479e-09
 1.99345e-11 2.1637e-09 1.38476e-07 5.22567e-06 0.000116277 0.0015256 0.0118029 0.0538548 0.14506 0.23174 0.22475 0.146599 0.085474 0.0539893 0.0290348 0.0112667 0.00346687 0.000986347 0.000256412 5.80542e-05 1.16416e-05 2.05418e-06 3.10447e-07 3.93305e-08 4.07236e-09
 2.04749e-11 2.22235e-09 1.4223e-07 5.36732e-06 0.000119429 0.00156695 0.0121227 0.0553118 0.148954 0.237714 0.229372 0.146424 0.0808573 0.0485048 0.0254762 0.00967585 0.00286526 0.000780213 0.000197008 4.34771e-05 8.35844e-06 1.37931e-06 1.91294e-07 2.20602e-08 2.07445e-09
 2.08613e-11 2.2643e-09 1.44915e-07 5.46863e-06 0.000121684 0.00159652 0.0123515 0.0563539 0.151738 0.24198 0.232645 0.14621 0.0774206 0.0444955 0.0229754 0.00866876 0.00254499 0.000681876 0.000167602 3.55797e-05 6.5656e-06 1.04462e-06 1.3875e-07 1.50324e-08 1.30236e-09
 2.121e-11 2.30214e-09 1.47337e-07 5.56002e-06 0.000123717 0.0016232 0.0125578 0.0572941 0.154253 0.24585 0.235704 0.146309 0.0747639 0.0411668 0.0205809 0.00733641 0.00189258 0.000424262 9.24283e-05 1.86274e-05 3.33163e-06 5.11843e-07 6.52626e-08 6.77539e-09 5.59979e-10
 2.14364e-11 2.32672e-09 1.48909e-07 5.61938e-06 0.000125038 0.00164053 0.0126919 0.0579046 0.155884 0.248349 0.23762 0.14618 0.0727453 0.038816 0.0191209 0.00675465 0.001709 0.000365447 7.27871e-05 1.27514e-05 1.94722e-06 2.66988e-07 3.20021e-08 3.18772e-09 2.53042e-10
 2.15185e-11 2.33562e-09 1.4948e-07 5.64089e-06 0.000125516 0.00164681 0.0127404 0.0581259 0.156475 0.249256 0.238318 0.146143 0.0720284 0.0379726 0.0185847 0.00652741 0.00163057 0.000340773 6.61019e-05 1.11802e-05 1.59666e-06 1.95324e-07 2.02275e-08 1.75692e-09 1.26709e-10
 2.20523e-11 2.39357e-09 1.53188e-07 5.78084e-06 0.00012863 0.00168766 0.0130564 0.0595653 0.160321 0.255145 0.242825 0.145807 0.0672182 0.0323881 0.0151367 0.00518395 0.0012398 0.000240041 4.32987e-05 7.00913e-06 9.69298e-07 1.1433e-07 1.11941e-08 8.86191e-10 5.62329e-11
 2.24336e-11 2.43495e-09 1.55837e-07 5.88079e-06 0.000130854 0.00171684 0.0132821 0.0605934 0.163068 0.259351 0.246041 0.145561 0.0637742 0.0283942 0.0126771 0.00423285 0.000967639 0.000171022 2.76605e-05 4.0914e-06 5.21136e-07 5.72202e-08 5.32083e-09 4.03697e-10 2.43205e-11
 2.26136e-11 2.45448e-09 1.57087e-07 5.92796e-06 0.000131904 0.00173061 0.0133886 0.0610785 0.164364 0.261337 0.247563 0.145454 0.062162 0.0265178 0.0115121 0.00377128 0.000828473 0.000133651 1.90253e-05 2.51164e-06 2.87171e-07 2.81924e-08 2.3701e-09 1.65178e-10 9.2912e-12
 2.28862e-11 2.48408e-09 1.58981e-07 5.99943e-06 0.000133494 0.00175148 0.0135499 0.0618137 0.166328 0.264343 0.249853 0.145252 0.0596589 0.0236353 0.0097652 0.00312914 0.000666865 0.000100054 1.2646e-05 1.48284e-06 1.51145e-07 1.30441e-08 9.64179e-10 5.95735e-11 2.99357e-12
#obs catch len freq
 3.79133e-11 3.51367e-09 1.92007e-07 6.18675e-06 0.000117543 0.00131686 0.00870116 0.0339457 0.0786463 0.1115 0.110609 0.108127 0.121437 0.123732 0.108191 0.0845851 0.0563587 0.0310445 0.0142937 0.00539347 0.00158751 0.000347315 5.4198e-05 5.81625e-06 4.15798e-07
 6.15771e-11 5.5041e-09 2.90096e-07 9.01536e-06 0.000165202 0.00178506 0.0113755 0.042794 0.0955163 0.12984 0.121156 0.108155 0.113372 0.11262 0.0979298 0.0753523 0.0483143 0.025248 0.0110129 0.00396462 0.00111823 0.000233289 3.43095e-05 3.42743e-06 2.26092e-07
 3.36566e-11 2.8966e-09 1.46992e-07 4.39835e-06 7.76049e-05 0.000807538 0.00496009 0.0180665 0.0399662 0.0599063 0.0828822 0.128437 0.171349 0.168962 0.133962 0.0932916 0.0550956 0.0266939 0.0107795 0.00359841 0.000946561 0.000185172 2.55746e-05 2.39207e-06 1.469e-07
 1.7182e-11 1.42147e-09 6.93408e-08 1.9945e-06 3.38291e-05 0.000338439 0.00199996 0.00703382 0.0152981 0.0242125 0.0398758 0.0740864 0.122732 0.172186 0.19847 0.169924 0.10335 0.046813 0.0170515 0.00512152 0.00122172 0.00021851 2.77797e-05 2.40299e-06 1.36764e-07
 3.48262e-10 2.76535e-08 1.29474e-06 3.57438e-05 0.000581844 0.00558471 0.0316073 0.105487 0.207677 0.241662 0.168069 0.0748119 0.0314001 0.0266745 0.0318818 0.03141 0.0231842 0.0127691 0.00520181 0.00155691 0.000342901 5.51471e-05 6.30356e-06 4.93698e-07 2.56121e-08
 2.02175e-10 1.5386e-08 6.9042e-07 1.8268e-05 0.000285016 0.00262252 0.0142426 0.0458502 0.0894339 0.116877 0.137019 0.176499 0.189871 0.13406 0.0599492 0.0196967 0.00735451 0.0037298 0.00173743 0.000591176 0.000138487 2.19741e-05 2.3438e-06 1.66527e-07 7.77367e-09
 5.41734e-10 3.94594e-08 1.69474e-06 4.29182e-05 0.00064087 0.00564288 0.029302 0.0898049 0.163114 0.179367 0.132241 0.0911298 0.0822607 0.0823767 0.0719831 0.0462462 0.0194647 0.00521298 0.000970596 0.000163128 2.92613e-05 4.50634e-06 4.82388e-07 3.34242e-08 1.47111e-09
 6.54534e-10 4.5573e-08 1.87099e-06 4.52921e-05 0.000646503 0.00544195 0.0270259 0.0793843 0.139705 0.156761 0.140343 0.137123 0.12979 0.0927903 0.0509791 0.0246424 0.0106039 0.00363651 0.000904208 0.000155277 1.85564e-05 1.6686e-06 1.2276e-07 7.1353e-09 2.91873e-10
 1.0116e-09 6.72473e-08 2.6359e-06 6.09217e-05 0.000830253 0.00667236 0.0316348 0.088682 0.148692 0.157723 0.130803 0.119317 0.114025 0.0919207 0.0611778 0.0323246 0.0122463 0.00318661 0.000599594 8.90354e-05 1.05343e-05 9.18579e-07 5.5246e-08 2.26256e-09 6.43393e-11
 1.52351e-09 9.65864e-08 3.61056e-06 7.95834e-05 0.00103435 0.00792783 0.035852 0.0959271 0.154016 0.158717 0.132972 0.123841 0.114179 0.0850114 0.0517966 0.0258338 0.00967291 0.00257305 0.000489079 6.77366e-05 6.86371e-06 5.06376e-07 2.68918e-08 1.00028e-09 2.51007e-11
 2.01805e-09 1.21885e-07 4.34069e-06 9.115e-05 0.00112865 0.00824197 0.035525 0.0907635 0.140434 0.145034 0.133263 0.137127 0.127588 0.09195 0.0533534 0.024776 0.00839191 0.00196207 0.000323266 3.95139e-05 3.65163e-06 2.47575e-07 1.17972e-08 3.83389e-10 8.34694e-12
 3.47362e-09 1.99676e-07 6.76794e-06 0.000135262 0.00159404 0.0110785 0.0454402 0.110403 0.161889 0.156149 0.129936 0.122017 0.108802 0.0781385 0.0456108 0.0206711 0.00654716 0.00136994 0.00019183 1.90006e-05 1.4045e-06 7.82905e-08 3.19578e-09 9.17692e-11 1.78855e-12
 4.77174e-09 2.60824e-07 8.40629e-06 0.000159754 0.00179024 0.0118324 0.046176 0.107002 0.151404 0.147624 0.135263 0.136318 0.11818 0.0784405 0.0417661 0.0175333 0.00526941 0.00106923 0.000147364 1.42653e-05 9.87981e-07 4.85027e-08 1.65896e-09 3.91201e-11 6.30761e-13
 8.1262e-09 4.22005e-07 1.29221e-05 0.000233315 0.00248403 0.0155977 0.0578192 0.127152 0.169979 0.153826 0.12713 0.118188 0.100212 0.0683158 0.0377164 0.0158039 0.00454879 0.000861794 0.000109405 9.74122e-06 6.27491e-07 2.90182e-08 9.34548e-10 2.03674e-11 2.94365e-13
 1.0578e-08 5.21507e-07 1.51602e-05 0.000259862 0.00262666 0.0156615 0.0551796 0.115875 0.151193 0.144446 0.139698 0.140812 0.113927 0.0695214 0.0338583 0.0128121 0.00342235 0.000611774 7.38329e-05 6.23775e-06 3.77011e-07 1.61425e-08 4.77865e-10 9.57658e-12 1.2779e-13
 1.57099e-08 7.34782e-07 2.02642e-05 0.000329532 0.00316005 0.0178769 0.0597812 0.119363 0.149261 0.140158 0.136673 0.137482 0.111945 0.0709264 0.0357657 0.0133381 0.00332862 0.000530916 5.46055e-05 3.79095e-06 1.8787e-07 6.82838e-09 1.78884e-10 3.2533e-12 3.97301e-14
 2.59426e-08 1.15044e-06 3.00817e-05 0.000463805 0.00421695 0.0226184 0.0717118 0.13573 0.160726 0.142371 0.130645 0.125102 0.0989811 0.0620357 0.0308997 0.0112472 0.00273849 0.000433036 4.52624e-05 3.23452e-06 1.60913e-07 5.52218e-09 1.28222e-10 1.99166e-12 2.06386e-14
 3.83341e-08 1.61094e-06 3.99176e-05 0.00058324 0.00502545 0.0255494 0.0768468 0.138559 0.159152 0.143899 0.138397 0.129991 0.0950362 0.0533421 0.0237287 0.00782911 0.00174363 0.000251685 2.38602e-05 1.54848e-06 7.12547e-08 2.32786e-09 5.25769e-11 7.96289e-13 7.90324e-15
 5.56046e-08 2.21345e-06 5.19541e-05 0.000719069 0.00586923 0.0282708 0.080625 0.13834 0.153543 0.139526 0.137407 0.129255 0.095516 0.0554513 0.0251997 0.00819713 0.0017596 0.00024347 2.21704e-05 1.38014e-06 6.01962e-08 1.83058e-09 3.79896e-11 5.27775e-13 4.84416e-15
 8.50076e-08 3.20436e-06 7.12221e-05 0.000933453 0.00721509 0.0329151 0.0889604 0.145077 0.154815 0.138829 0.135637 0.124203 0.0893784 0.0508183 0.0224475 0.0070281 0.00145368 0.000196212 1.77346e-05 1.10773e-06 4.82335e-08 1.43964e-09 2.87791e-11 3.79021e-13 3.25412e-15
 1.23426e-07 4.40466e-06 9.26851e-05 0.00115005 0.00841627 0.0363621 0.0931979 0.145023 0.151237 0.139026 0.138981 0.124663 0.0867103 0.0476008 0.0201608 0.00601642 0.00118856 0.000154686 1.36542e-05 8.40868e-07 3.61877e-08 1.06549e-09 2.09463e-11 2.70047e-13 2.25302e-15
 1.74924e-07 5.90902e-06 0.000117699 0.00138245 0.00957763 0.0391893 0.0953092 0.141949 0.146234 0.139882 0.143453 0.126437 0.0857416 0.0457973 0.0185969 0.00523514 0.000965334 0.000116497 9.51002e-06 5.43733e-07 2.19513e-08 6.13715e-10 1.15653e-11 1.43695e-13 1.15736e-15
 2.76878e-07 8.85288e-06 0.000166907 0.00185558 0.0121681 0.0471283 0.108504 0.153027 0.149375 0.135641 0.13326 0.115061 0.0785734 0.0424802 0.0170983 0.00469566 0.000846502 0.000101216 8.27027e-06 4.69953e-07 1.84233e-08 4.87992e-10 8.58145e-12 9.9038e-14 7.4268e-16
 3.71058e-07 1.12297e-05 0.000200397 0.00210887 0.0130926 0.0480505 0.105261 0.143825 0.144242 0.143708 0.146248 0.120735 0.0762224 0.0378494 0.0141131 0.00363307 0.000620886 7.12244e-05 5.64868e-06 3.14097e-07 1.2087e-08 3.1386e-10 5.37925e-12 5.98838e-14 4.27575e-16
 5.74263e-07 1.6451e-05 0.000277888 0.00276812 0.0162678 0.0565225 0.117277 0.152044 0.14539 0.138999 0.13678 0.111393 0.0708793 0.035171 0.0126517 0.00303811 0.000471822 4.81391e-05 3.35865e-06 1.65672e-07 5.78964e-09 1.39913e-10 2.27008e-12 2.41428e-14 1.65252e-16
 8.06671e-07 2.18762e-05 0.000349822 0.00329897 0.0183578 0.060449 0.11934 0.149648 0.144837 0.144261 0.140854 0.109336 0.0655083 0.0305717 0.0103913 0.00237965 0.000356947 3.55851e-05 2.42525e-06 1.14553e-07 3.71511e-09 8.11955e-11 1.17817e-12 1.12338e-14 6.96709e-17
 1.1149e-06 2.86257e-05 0.000433394 0.00386976 0.0203933 0.0636568 0.119653 0.145353 0.142246 0.146067 0.142277 0.109113 0.0649655 0.0297803 0.00972418 0.00210842 0.000297986 2.80306e-05 1.8122e-06 8.17204e-08 2.54014e-09 5.3124e-11 7.31595e-13 6.53131e-15 3.7348e-17
 1.71216e-06 4.16261e-05 0.000596753 0.00504552 0.0251796 0.0744499 0.132706 0.153475 0.144124 0.142276 0.132879 0.0982617 0.0566063 0.0248785 0.00768822 0.00156453 0.00020659 1.80998e-05 1.08741e-06 4.55438e-08 1.31703e-09 2.57076e-11 3.31652e-13 2.78233e-15 1.4975e-17
#spawning biomass
 29773.6 33890.9 25931.8 16114 16224.7 20296.4 26960.2 33305.9 41572.4 49904.6 58919.3 57660.9 66835.7 73353.5 93872.7 87600.4 82959.6 83864.2 90077.3 88489.8 115105 94964.4 91416.9 93193.6 86815.8 92313.5 92961.9 89828.7 101541 203190 196490 165837 131372 102389 81170.3 66857.1 57703.8 52062.2 48675.7 46681.8 45524.8 44860.6 44482 44264.3 44144 44077.4 44040.6 44020.2 44009 44002.8 43999.3 43997.4 43996.4 43995.8 43995.5 43995.3 43995.2 43995.1 43995.1 43995.1 43995.1 43995.1 43995.1 43995.1 43995.1 43995.1 43995.1 43995.1 43995.1 43995.1 43995.1 43995.1 43995.1 43995.1 43995.1 43995.1 43995.1 43995.1 43995.1 43995.1 43995.1 43995.1 43995.1 43995.1 43995.1 43995.1 43995.1 43995.1 43995.1 43995.1 43995.1 43995.1 43995.1 43995.1 43995.1 43995.1 43995.1 43995.1 43995.1 43995.1 43995.1 43995.1 43995.1 43995.1 43995.1 43995.1 43995.1 43995.1 43995.1 43995.1 43995.1 43995.1 43995.1 43995.1 43995.1 43995.1 43995.1 43995.1 43995.1 43995.1 43995.1 43995.1 43995.1 43995.1 43995.1 43995.1 43995.1 43995.1 0 0 0 0 0 0 0 0 0 0 0 0 0 0 0 0 0 0 0 0 0 0 0 0 0
