SBPRF35
0.178135
Curr Bio
112982
B35
198785
F35
0.652261
FOFL
0.652261
OFL
70982.9
Bzero
50895.7
#pred survey bio
 8280.07 8648.37 10505.3 12213.6 19506.5 30322.8 30624 38916.9 50977.6 62719.7 74128.3 101821 128588 148948 150132 130796 127720 123392 112240 108521 114204 123413 135511 132579 140749 160186 157502 139583 124131 4.84341e+06 3.99267e+06 2.49547e+06 1.46827e+06 935909 681569 561301 502626 472451 456049 446719 441242 437967 435986 434775 434033 433588 433322 433161 433065 433007 432971 432950 432938 432930 432925 432922 432921 432920 432919 432919 432918 432918 432918 432918 432918 432918 432918 432918 432918 432918 432918 432918 432918 432918 432918 432918 432918 432918 432918 432918 432918 432918 432918 432918 432918 432918 432918 432918 432918 432918 432918 432918 432918 432918 432918 432918 432918 432918 432918 432918 432918 432918 432918 432918 432918 432918 432918 432918 432918 432918 432918 432918 432918 432918 432918 432918 432918 432918 432918 432918 432918 432918 432918 432918 432918 432918 432918 432918 432918 0 0 0 0 0 0 0 0 0 0 0 0 0 0 0 0 0 0 0 0 0 0 0 0 0
#obs survey bio
 7268.15 9694.74 8225.33 12587.9 17649.8 35223 28754.9 32450 59139.4 57164.5 84849.2 102588 101799 129011 135872 117150 177818 115707 136656 96483.6 117611 150592 143933 124575 141631 227584 158106 114438 124736
#pred catch bio
 4392.5 4776.68 6068.6 7174.89 9442.96 18674 18820.7 23281.2 30736.4 40034.3 43627 63449.8 83799.6 100325 107344 91109.7 88982.7 88302.7 79873.6 77121.2 81278 85963.5 102474 100777 102755 120371 122785 112541 36109.3 70982.9 69117.2 39926.8 21031.3 12213.7 8577.88 7186.37 6680.07 6502.34 6441.55 6421.16 6414.42 6412.22 6411.51 6411.28 6411.2 6411.18 6411.17 6411.17 6411.17 6411.17 6411.17 6411.17 6411.17 6411.17 6411.17 6411.17 6411.17 6411.17 6411.17 6411.17 6411.17 6411.17 6411.17 6411.17 6411.17 6411.17 6411.17 6411.17 6411.17 6411.17 6411.17 6411.17 6411.17 6411.17 6411.17 6411.17 6411.17 6411.17 6411.17 6411.17 6411.17 6411.17 6411.17 6411.17 6411.17 6411.17 6411.17 6411.17 6411.17 6411.17 6411.17 6411.17 6411.17 6411.17 6411.17 6411.17 6411.17 6411.17 6411.17 6411.17 6411.17 6411.17 6411.17 6411.17 6411.17 6411.17 6411.17 6411.17 6411.17 6411.17 6411.17 6411.17 6411.17 6411.17 6411.17 6411.17 6411.17 6411.17 6411.17 6411.17 6411.17 6411.17 6411.17 6411.17 6411.17 6411.17 6411.17 6411.17 6411.17 0 0 0 0 0 0 0 0 0 0 0 0 0 0 0 0 0 0 0 0 0 0 0 0 0
#obs catch bio
 4620.8 4715.64 5995.07 7177.12 9312.95 18362.9 19137.4 23105 29668 39430.8 42059.4 61744 81980.4 99761.8 109123 90642.5 87051.6 86769 77319.3 75748.4 79490.3 82076.6 98447.6 99694.3 99823.9 115501 118407 111538 35559
#pred cpue bio
 7023.64 6741.81 8148.1 9481.22 14031.7 23512.1 24097.7 28826.6 38578.3 47752.2 55677.9 76324.8 96465.5 112051 114976 99990.8 96399.6 93812.1 85137.8 81467.5 84505.2 91187.3 100830 96830.7 101484 116661 116199 102599 89395.8 3.9955e+06 3.8755e+06 2.45023e+06 1.41997e+06 886930 632520 512245 453570 423396 406993 397663 392187 388911 386930 385719 384977 384533 384266 384106 384009 383951 383916 383895 383882 383874 383869 383867 383865 383864 383863 383863 383863 383862 383862 383862 383862 383862 383862 383862 383862 383862 383862 383862 383862 383862 383862 383862 383862 383862 383862 383862 383862 383862 383862 383862 383862 383862 383862 383862 383862 383862 383862 383862 383862 383862 383862 383862 383862 383862 383862 383862 383862 383862 383862 383862 383862 383862 383862 383862 383862 383862 383862 383862 383862 383862 383862 383862 383862 383862 383862 383862 383862 383862 383862 383862 383862 383862 383862 383862 383862 0 0 0 0 0 0 0 0 0 0 0 0 0 0 0 0 0 0 0 0 0 0 0 0 0
#obs cpue bio
 5261.77 9463.58 10385.4 9345.35 20869.8 23009.9 18630.3 43498 77704.6 53640.3 108006 101065 160982 122150 88654.6 142028 107898 126923 128698 109956 122227 180832 163441 104749 176554 169179 192934 143282 103110
#pred surv len freq
 2.56814e-27 2.60176e-27 4.49632e-26 8.94543e-20 2.19286e-14 6.49785e-10 2.32742e-06 0.00100768 0.0527386 0.333638 0.255338 0.036345 0.0972534 0.0898647 0.0242744 0.0331136 0.0158001 0.0143146 0.00985127 0.00822196 0.00696523 0.00640747 0.00676927 0.00618603 0.00190777
 2.57034e-27 2.60739e-27 4.94804e-26 9.89816e-20 2.42641e-14 7.1899e-10 2.5753e-06 0.00111501 0.0583555 0.369172 0.282517 0.0391957 0.099855 0.0918895 0.0181406 0.0183476 0.00720297 0.00466233 0.00264619 0.00188028 0.00139494 0.00114552 0.0011027 0.00102581 0.000348665
 2.56998e-27 2.60635e-27 4.84673e-26 9.68442e-20 2.37402e-14 7.03464e-10 2.51969e-06 0.00109093 0.0570953 0.361201 0.276447 0.0403109 0.112607 0.103596 0.0191774 0.0176964 0.00594458 0.00241756 0.000999629 0.000513965 0.000302119 0.000208994 0.000175616 0.000157968 5.60835e-05
 2.56988e-27 2.60611e-27 4.82654e-26 9.64182e-20 2.36358e-14 7.0037e-10 2.50861e-06 0.00108613 0.0568442 0.359612 0.275234 0.0402934 0.113326 0.1043 0.0200513 0.0195041 0.00636737 0.00225468 0.000710079 0.000224327 8.50317e-05 4.31147e-05 2.92266e-05 2.39009e-05 8.52631e-06
 2.57264e-27 2.61358e-27 5.48537e-26 1.10317e-19 2.70428e-14 8.01327e-10 2.87022e-06 0.0012427 0.0650382 0.411449 0.314787 0.0384976 0.0718706 0.0660106 0.0126456 0.012246 0.0040602 0.00153217 0.000459566 0.000117199 2.64364e-05 7.55569e-06 3.43515e-06 2.31906e-06 7.99522e-07
 2.56976e-27 2.60569e-27 4.78031e-26 9.54426e-20 2.33966e-14 6.93283e-10 2.48322e-06 0.00107514 0.056269 0.355973 0.27247 0.0411914 0.122102 0.112225 0.0182999 0.0135096 0.00447268 0.00171076 0.00052791 0.000139096 2.65098e-05 4.3788e-06 9.52939e-07 4.2878e-07 1.34771e-07
 2.56925e-27 2.60439e-27 4.67388e-26 9.31977e-20 2.28463e-14 6.76976e-10 2.42482e-06 0.00104985 0.0549455 0.3476 0.266069 0.0407603 0.123318 0.113537 0.021983 0.0215641 0.00667663 0.00178627 0.000531528 0.000142578 2.81381e-05 4.04554e-06 4.45356e-07 8.58988e-08 2.13438e-08
 2.5717e-27 2.61103e-27 5.26209e-26 1.05607e-19 2.58882e-14 7.67113e-10 2.74767e-06 0.00118964 0.0622612 0.393881 0.301381 0.0390068 0.0851646 0.078313 0.0154536 0.01556 0.00516998 0.00195366 0.000532213 0.000106388 2.04778e-05 3.01373e-06 2.75142e-07 2.04226e-08 2.65888e-09
 2.57076e-27 2.6084e-27 5.02086e-26 1.00517e-19 2.46406e-14 7.30145e-10 2.61526e-06 0.00113231 0.0592608 0.3749 0.28691 0.040412 0.106026 0.0974039 0.0159447 0.0118681 0.00395718 0.00155622 0.000481866 0.000122941 1.92111e-05 2.43377e-06 2.20881e-07 1.1237e-08 5.0802e-10
 2.57058e-27 2.60794e-27 4.98385e-26 9.97366e-20 2.44492e-14 7.24475e-10 2.59495e-06 0.00112351 0.0588006 0.371989 0.284683 0.0402054 0.106018 0.0974848 0.0175575 0.0155092 0.00480313 0.00130014 0.000392197 0.000107584 2.08695e-05 2.58039e-06 1.93205e-07 9.03688e-09 2.14409e-10
 2.57109e-27 2.60931e-27 5.10462e-26 1.02284e-19 2.50738e-14 7.4298e-10 2.66123e-06 0.00115221 0.0603026 0.38149 0.291934 0.0399212 0.0987603 0.0907637 0.0159338 0.0135071 0.00433476 0.00141969 0.000382355 7.74514e-05 1.52406e-05 2.22334e-06 1.75082e-07 6.91646e-09 1.33895e-10
 2.57116e-27 2.60952e-27 5.12259e-26 1.02663e-19 2.51667e-14 7.45734e-10 2.67109e-06 0.00115648 0.0605261 0.382904 0.293013 0.0398641 0.0975679 0.0896652 0.0157736 0.013416 0.00427177 0.00134959 0.000386241 8.7838e-05 1.36553e-05 1.76588e-06 1.58459e-07 6.62713e-09 1.10916e-10
 2.5711e-27 2.60935e-27 5.10592e-26 1.02312e-19 2.50805e-14 7.4318e-10 2.66195e-06 0.00115252 0.0603188 0.381593 0.292014 0.0400398 0.0996064 0.0915175 0.0155796 0.0125056 0.00397429 0.00124849 0.000352192 7.93176e-05 1.36128e-05 1.59394e-06 1.20933e-07 5.50697e-09 9.64132e-11
 2.57098e-27 2.60901e-27 5.07492e-26 1.01658e-19 2.49202e-14 7.3843e-10 2.64493e-06 0.00114515 0.0599332 0.379154 0.290154 0.040202 0.102148 0.0938489 0.0157484 0.0122998 0.00385066 0.00111872 0.00031196 6.95775e-05 1.17667e-05 1.45161e-06 1.0529e-07 4.14445e-09 7.5903e-11
 2.57027e-27 2.60707e-27 4.90321e-26 9.80353e-20 2.40322e-14 7.12116e-10 2.55068e-06 0.00110435 0.0577975 0.365643 0.279847 0.0407737 0.113741 0.104535 0.0174167 0.0134134 0.0041702 0.00116408 0.000314496 6.56317e-05 1.09247e-05 1.33212e-06 9.9345e-08 3.76789e-09 6.16884e-11
 2.57035e-27 2.6073e-27 4.92405e-26 9.8475e-20 2.414e-14 7.1531e-10 2.56212e-06 0.0011093 0.0580568 0.367283 0.281097 0.0406555 0.111962 0.102908 0.0173856 0.0137512 0.00425662 0.00115369 0.000306511 6.12739e-05 9.62054e-06 1.12443e-06 8.28934e-08 3.18922e-09 5.026e-11
 2.57087e-27 2.6087e-27 5.04871e-26 1.01105e-19 2.47846e-14 7.34413e-10 2.63054e-06 0.00113893 0.0596072 0.377092 0.28858 0.0402225 0.10341 0.0950288 0.0162262 0.0130919 0.00407968 0.00114777 0.000303778 5.90202e-05 8.94736e-06 9.86076e-07 6.8841e-08 2.60637e-09 4.12597e-11
 2.57055e-27 2.60783e-27 4.96987e-26 9.94416e-20 2.43769e-14 7.22331e-10 2.58727e-06 0.00112019 0.0586266 0.370888 0.283849 0.0406163 0.10973 0.100823 0.0165674 0.0124116 0.00387789 0.00111655 0.000299838 5.99569e-05 8.94652e-06 9.49622e-07 6.24561e-08 2.23263e-09 3.46191e-11
 2.57065e-27 2.60809e-27 4.99258e-26 9.99206e-20 2.44943e-14 7.25811e-10 2.59973e-06 0.00112559 0.0589091 0.372675 0.285212 0.0405217 0.108053 0.0992844 0.0164591 0.0125482 0.00386113 0.00101299 0.000270559 5.53327e-05 8.46714e-06 9.02158e-07 5.71591e-08 1.92414e-09 2.81875e-11
 2.57104e-27 2.60916e-27 5.08763e-26 1.01926e-19 2.49859e-14 7.40376e-10 2.6519e-06 0.00114817 0.0600912 0.380153 0.290918 0.0402324 0.101843 0.0935546 0.0154581 0.0117082 0.00361488 0.000968003 0.000252 4.77443e-05 7.33747e-06 8.02519e-07 5.14032e-08 1.67391e-09 2.31184e-11
 2.57155e-27 2.61052e-27 5.20757e-26 1.04456e-19 2.56061e-14 7.58755e-10 2.71773e-06 0.00117667 0.0615829 0.38959 0.298119 0.0399433 0.0945833 0.0868393 0.0139763 0.0100181 0.00308588 0.000819933 0.000214554 4.10024e-05 5.96192e-06 6.29665e-07 4.12151e-08 1.35825e-09 1.82222e-11
 2.57157e-27 2.61057e-27 5.21069e-26 1.04522e-19 2.56223e-14 7.59234e-10 2.71945e-06 0.00117742 0.0616218 0.389836 0.298309 0.0400483 0.0952495 0.0874285 0.0136181 0.00905028 0.00275589 0.000686318 0.000177484 3.37491e-05 4.94257e-06 5.06723e-07 3.16445e-08 1.053e-09 1.42755e-11
 2.57133e-27 2.60991e-27 5.15244e-26 1.03293e-19 2.5321e-14 7.50307e-10 2.68747e-06 0.00116357 0.0608973 0.385253 0.294811 0.0401995 0.0988574 0.090765 0.0143393 0.00985341 0.0029688 0.000682523 0.000171102 3.07648e-05 4.44603e-06 4.56058e-07 2.79115e-08 8.89731e-10 1.20529e-11
 2.57195e-27 2.61161e-27 5.30176e-26 1.06443e-19 2.60932e-14 7.73189e-10 2.76943e-06 0.00119906 0.0627544 0.397001 0.303776 0.0398198 0.089669 0.0822695 0.0125363 0.00788011 0.00237499 0.000554083 0.000136252 2.2707e-05 3.11195e-06 3.07564e-07 1.87112e-08 5.85587e-10 7.6497e-12
 2.57235e-27 2.61268e-27 5.39576e-26 1.08426e-19 2.65793e-14 7.87593e-10 2.82102e-06 0.0012214 0.0639235 0.404397 0.30942 0.0396169 0.0841593 0.0771676 0.011313 0.00637272 0.00189086 0.000399185 9.68591e-05 1.62373e-05 2.11878e-06 1.94701e-07 1.12838e-08 3.47817e-10 4.46057e-12
 2.57202e-27 2.61177e-27 5.31493e-26 1.06721e-19 2.61613e-14 7.75207e-10 2.77666e-06 0.00120219 0.0629182 0.398037 0.304569 0.0398964 0.0896947 0.0822681 0.0120815 0.00683968 0.00200516 0.00038115 8.84171e-05 1.36071e-05 1.75483e-06 1.56958e-07 8.43851e-09 2.45757e-10 3.08017e-12
 2.57157e-27 2.61056e-27 5.20733e-26 1.04451e-19 2.56049e-14 7.58718e-10 2.7176e-06 0.00117662 0.0615799 0.389571 0.29811 0.0402543 0.0969566 0.0889614 0.0131228 0.0075291 0.00220747 0.000418314 9.47241e-05 1.31926e-05 1.57561e-06 1.33322e-07 6.98379e-09 1.89988e-10 2.24044e-12
 2.57171e-27 2.61092e-27 5.2395e-26 1.05129e-19 2.57712e-14 7.63647e-10 2.73526e-06 0.00118426 0.06198 0.392102 0.30004 0.0401354 0.0946955 0.0868801 0.0128491 0.00742899 0.00217925 0.00041421 9.3784e-05 1.2933e-05 1.45313e-06 1.11045e-07 5.40439e-09 1.41405e-10 1.56785e-12
 2.57237e-27 2.61273e-27 5.39952e-26 1.08505e-19 2.65988e-14 7.88169e-10 2.82309e-06 0.00122229 0.0639702 0.404693 0.309647 0.0396703 0.0844065 0.0773812 0.0110908 0.00581086 0.00169959 0.000321638 7.27906e-05 1.00539e-05 1.12454e-06 8.2493e-08 3.63075e-09 8.70948e-11 9.17675e-13
#obs surv len freq
 1.77192e-41 2.4593e-33 4.126e-26 8.36744e-20 2.05118e-14 6.07802e-10 2.17705e-06 0.000942586 0.0493312 0.312084 0.239038 0.0440532 0.151639 0.128419 0.0358149 0.0273308 0.00821236 0.00256793 0.000503453 5.86464e-05 2.96209e-06 4.74345e-08 1.79751e-10 1.29933e-13 1.55308e-17
 2.17124e-41 3.01354e-33 5.05584e-26 1.02531e-19 2.51343e-14 7.44777e-10 2.66767e-06 0.00115501 0.0604485 0.382415 0.292715 0.0420438 0.0977423 0.0782575 0.022557 0.0163161 0.00471165 0.00136755 0.000242608 2.47199e-05 1.03846e-06 1.30719e-08 3.73166e-11 1.97457e-14 1.69564e-18
 1.72225e-41 2.39037e-33 4.01034e-26 8.13289e-20 1.99368e-14 5.90764e-10 2.11602e-06 0.000916164 0.0479484 0.303336 0.232552 0.0512059 0.181758 0.135783 0.0268139 0.0143702 0.00402792 0.00109383 0.00017545 1.53409e-05 5.28746e-07 5.21026e-09 1.11904e-11 4.33866e-15 2.68527e-19
 2.08671e-41 2.89622e-33 4.859e-26 9.85396e-20 2.41558e-14 7.15781e-10 2.56381e-06 0.00111004 0.0580952 0.367527 0.281471 0.0458435 0.113798 0.0816468 0.0282798 0.0180031 0.00343657 0.000680869 9.83856e-05 7.36314e-06 2.051e-07 1.56449e-09 2.52066e-12 7.16408e-16 3.2008e-20
 2.36988e-41 3.28924e-33 5.51839e-26 1.11912e-19 2.74338e-14 8.12915e-10 2.91173e-06 0.00126068 0.0659789 0.417402 0.319525 0.0442987 0.079249 0.0522004 0.0117531 0.00616434 0.00177079 0.000358859 3.38615e-05 1.98704e-06 4.44504e-08 2.59961e-10 3.11694e-13 6.47609e-17 2.08973e-21
 1.31806e-41 1.82938e-33 3.06917e-26 6.22422e-20 1.52579e-14 4.52121e-10 1.61942e-06 0.000701154 0.0366956 0.23215 0.178859 0.0712321 0.272433 0.166533 0.0280604 0.0108135 0.00206808 0.000406135 4.41058e-05 1.83634e-06 2.88233e-08 1.26522e-10 1.12264e-13 1.69619e-17 3.94054e-22
 2.21384e-41 3.07266e-33 5.15502e-26 1.04543e-19 2.56274e-14 7.59388e-10 2.72e-06 0.00117767 0.0616345 0.389918 0.298676 0.0467603 0.088989 0.0565299 0.0353598 0.0181569 0.00246697 0.000301947 2.56402e-05 1.04477e-06 1.23355e-08 3.64041e-11 2.28333e-14 2.48519e-18 4.14243e-23
 1.98014e-41 2.74831e-33 4.61086e-26 9.35072e-20 2.29222e-14 6.79227e-10 2.43288e-06 0.00105335 0.0551283 0.34876 0.267731 0.0611579 0.156148 0.0831905 0.0161761 0.0074935 0.00274737 0.000390781 2.00308e-05 5.60471e-07 5.54591e-09 1.24693e-11 5.30403e-15 3.91142e-19 4.54654e-24
 2.03253e-41 2.82101e-33 4.73284e-26 9.5981e-20 2.35286e-14 6.97196e-10 2.49724e-06 0.00108122 0.0565867 0.357987 0.274856 0.0612942 0.142321 0.0731661 0.0226977 0.00844772 0.0012924 0.000247254 1.93184e-05 3.8641e-07 2.40949e-09 4.01556e-12 1.28802e-15 6.69884e-20 5.27066e-25
 1.9849e-41 2.7549e-33 4.62192e-26 9.37317e-20 2.29772e-14 6.80857e-10 2.43872e-06 0.00105588 0.0552606 0.3496 0.268743 0.0669524 0.153901 0.0734567 0.0215902 0.00783359 0.00143288 0.000160561 1.06803e-05 2.69803e-07 1.41271e-09 1.5055e-12 3.24079e-16 1.21424e-20 6.90801e-26
 2.09831e-41 2.91232e-33 4.88602e-26 9.90875e-20 2.42901e-14 7.19761e-10 2.57807e-06 0.00111621 0.0584182 0.369576 0.284053 0.0658799 0.133296 0.0602533 0.01966 0.0065077 0.0011088 0.000123316 5.97658e-06 1.13066e-07 5.93852e-10 5.66881e-13 8.67092e-17 2.11967e-21 8.09355e-27
 2.04351e-41 2.83625e-33 4.7584e-26 9.64995e-20 2.36557e-14 7.00962e-10 2.51073e-06 0.00108706 0.0568924 0.359926 0.277118 0.0732243 0.146926 0.0609985 0.0175205 0.00530739 0.000903612 8.99817e-05 3.87125e-06 5.49734e-08 2.0643e-10 1.65026e-13 2.20363e-17 4.28546e-22 1.16386e-27
 1.99811e-41 2.77324e-33 4.65269e-26 9.43556e-20 2.31302e-14 6.85389e-10 2.45495e-06 0.00106291 0.0556285 0.351933 0.271475 0.0795284 0.15398 0.0610129 0.0193683 0.00518626 0.000752203 6.77959e-05 2.55182e-06 2.97201e-08 8.32777e-11 4.67069e-14 4.61038e-18 7.11593e-23 1.56062e-28
 1.87321e-41 2.59989e-33 4.36185e-26 8.84574e-20 2.16843e-14 6.42545e-10 2.30149e-06 0.000996467 0.0521511 0.329941 0.255499 0.0911888 0.174888 0.0663027 0.0224509 0.00571379 0.000804168 6.00587e-05 1.87041e-06 1.79206e-08 3.93351e-11 1.63611e-14 1.14116e-18 1.23237e-23 1.94605e-29
 1.69344e-41 2.35038e-33 3.94325e-26 7.99683e-20 1.96033e-14 5.80881e-10 2.08062e-06 0.000900837 0.0471462 0.298288 0.232498 0.106353 0.200943 0.0759048 0.0296686 0.00722522 0.00100051 6.80004e-05 1.73251e-06 1.28821e-08 2.1916e-11 6.93155e-15 3.57339e-19 2.77336e-24 3.0788e-30
 1.90675e-41 2.64644e-33 4.43995e-26 9.00413e-20 2.20726e-14 6.54051e-10 2.3427e-06 0.00101431 0.0530849 0.335858 0.260905 0.0956957 0.155386 0.0614878 0.0284343 0.00705641 0.00101019 6.37877e-05 1.40784e-06 8.28524e-09 1.05585e-11 2.47697e-15 9.45668e-20 5.38984e-25 4.33997e-31
 1.86285e-41 2.58551e-33 4.33773e-26 8.79683e-20 2.15644e-14 6.38993e-10 2.28877e-06 0.000990958 0.0518628 0.328139 0.2563 0.109473 0.168996 0.0570845 0.0208462 0.00542263 0.000830183 5.12737e-05 1.00955e-06 4.89586e-09 4.82162e-12 8.35589e-16 2.31217e-20 9.52595e-26 5.55039e-32
 1.84598e-41 2.56209e-33 4.29844e-26 8.71715e-20 2.13691e-14 6.33205e-10 2.26804e-06 0.000981981 0.0513931 0.32518 0.255081 0.116575 0.1674 0.0572151 0.0211973 0.0043514 0.000586114 3.61537e-05 6.58502e-07 2.71764e-09 2.13526e-12 2.82252e-16 5.76782e-21 1.71828e-26 7.16349e-33
 1.86471e-41 2.5881e-33 4.34207e-26 8.80562e-20 2.1586e-14 6.39631e-10 2.29105e-06 0.000991948 0.0519147 0.328495 0.258618 0.121389 0.160168 0.0541406 0.0198682 0.00394331 0.000445947 2.23082e-05 3.62307e-07 1.3017e-09 8.39267e-13 8.69369e-17 1.34757e-21 2.9758e-27 9.04214e-34
 1.93986e-41 2.69239e-33 4.51705e-26 9.16049e-20 2.24559e-14 6.65408e-10 2.38338e-06 0.00103192 0.0540068 0.341745 0.26944 0.121392 0.144617 0.047624 0.0166443 0.00315453 0.000328595 1.34738e-05 1.69419e-07 4.9297e-10 2.60394e-13 2.15476e-17 2.59056e-22 4.33377e-28 9.80162e-35
 1.93921e-41 2.6915e-33 4.51555e-26 9.15745e-20 2.24484e-14 6.65188e-10 2.38259e-06 0.00103158 0.053989 0.341659 0.271 0.129829 0.142725 0.043549 0.0136082 0.00237594 0.000223646 7.90746e-06 7.8254e-08 1.70187e-10 6.7987e-14 4.34547e-18 4.04707e-23 5.19251e-29 8.8849e-36
 1.97774e-41 2.74497e-33 4.60526e-26 9.33937e-20 2.28944e-14 6.78402e-10 2.42993e-06 0.00105207 0.0550616 0.34847 0.277388 0.131847 0.132306 0.0401948 0.0117518 0.00177809 0.00014356 4.29512e-06 3.43829e-08 5.71285e-11 1.67428e-14 7.78256e-19 5.32587e-24 5.08228e-30 6.50766e-37
 1.91021e-41 2.65125e-33 4.44801e-26 9.02048e-20 2.21127e-14 6.55239e-10 2.34696e-06 0.00101615 0.0531817 0.336633 0.271306 0.147132 0.138513 0.0399327 0.010697 0.00148299 0.000100334 2.40953e-06 1.52736e-08 1.9615e-11 4.31118e-15 1.46368e-19 7.20094e-25 4.91932e-31 4.52604e-38
 1.96241e-41 2.72369e-33 4.56956e-26 9.26698e-20 2.27169e-14 6.73143e-10 2.41109e-06 0.00104392 0.054635 0.345866 0.279528 0.14532 0.12513 0.037616 0.0096081 0.00118065 6.81387e-05 1.30813e-06 6.32577e-09 6.12543e-12 1.00731e-15 2.52896e-20 9.08057e-26 4.47418e-32 2.94316e-39
 1.93669e-41 2.688e-33 4.50968e-26 9.14555e-20 2.24192e-14 6.64323e-10 2.3795e-06 0.00103024 0.0539193 0.341416 0.279234 0.155903 0.124225 0.0349805 0.00827697 0.000964328 4.75092e-05 7.30443e-07 2.70028e-09 1.93414e-12 2.32504e-16 4.25854e-21 1.11376e-26 3.98344e-33 1.89307e-40
 1.87976e-41 2.60898e-33 4.37711e-26 8.87669e-20 2.17602e-14 6.44794e-10 2.30955e-06 0.000999954 0.0523345 0.331499 0.275665 0.168883 0.12646 0.035635 0.00769323 0.000792489 3.4089e-05 4.28077e-07 1.21412e-09 6.45826e-13 5.65074e-17 7.45059e-22 1.39759e-27 3.58522e-34 1.22305e-41
 1.7984e-41 2.49606e-33 4.18767e-26 8.4925e-20 2.08184e-14 6.16886e-10 2.20959e-06 0.000956675 0.05007 0.317326 0.269925 0.184233 0.130988 0.0379886 0.00776562 0.000719022 2.58883e-05 2.64264e-07 5.86182e-10 2.34068e-13 1.49889e-17 1.42692e-22 1.91692e-28 3.50459e-35 8.50066e-43
 1.82252e-41 2.52954e-33 4.24382e-26 8.60639e-20 2.10975e-14 6.25159e-10 2.23922e-06 0.000969505 0.0507419 0.321697 0.275735 0.182526 0.122427 0.0377378 0.0074967 0.000646326 1.98038e-05 1.61192e-07 2.76107e-10 8.34917e-14 3.96716e-18 2.75346e-23 2.66509e-29 3.48579e-36 6.02286e-44
 1.82259e-41 2.52964e-33 4.24399e-26 8.60673e-20 2.10984e-14 6.25184e-10 2.23931e-06 0.000969543 0.050744 0.32171 0.275752 0.1828 0.123406 0.0371204 0.00693418 0.000547385 1.48139e-05 1.03288e-07 1.48097e-10 3.69192e-14 1.43216e-18 8.0622e-24 6.30013e-30 6.63085e-37 9.1975e-45
#pred catch len freq
 2.56631e-27 2.59687e-27 4.07561e-26 8.05794e-20 1.97531e-14 5.85319e-10 2.09651e-06 0.00090771 0.0475063 0.300538 0.230066 0.0365289 0.116408 0.10764 0.0291338 0.0397951 0.0189569 0.0171367 0.0117853 0.00983264 0.0083288 0.00766164 0.00809422 0.00739682 0.00228117
 2.56891e-27 2.60354e-27 4.6098e-26 9.18464e-20 2.2515e-14 6.67161e-10 2.38966e-06 0.00103463 0.0541489 0.34256 0.262208 0.0399703 0.120018 0.110518 0.021818 0.0220658 0.00865165 0.00558447 0.00316728 0.00224961 0.00166874 0.00137032 0.00131909 0.00122712 0.000417086
 2.56861e-27 2.60264e-27 4.51925e-26 8.99356e-20 2.20466e-14 6.53281e-10 2.33994e-06 0.00101311 0.0530223 0.335434 0.256787 0.0412262 0.133385 0.122778 0.0227096 0.02093 0.00702486 0.00284768 0.00117658 0.000604628 0.000355362 0.000245817 0.000206556 0.0001858 6.59645e-05
 2.56854e-27 2.60247e-27 4.50538e-26 8.96431e-20 2.19749e-14 6.51156e-10 2.33233e-06 0.00100981 0.0528499 0.334343 0.255953 0.0411794 0.133615 0.123037 0.0236254 0.0229435 0.00748455 0.00264151 0.000831346 0.00026247 9.94721e-05 5.04341e-05 3.41881e-05 2.79582e-05 9.97372e-06
 2.57142e-27 2.61026e-27 5.19285e-26 1.04146e-19 2.55301e-14 7.56502e-10 2.70966e-06 0.00117318 0.0614001 0.388433 0.297226 0.0392937 0.090268 0.0830026 0.015925 0.0154534 0.00512018 0.00192654 0.000577528 0.000147191 3.31956e-05 9.48682e-06 4.31308e-06 2.91174e-06 1.00385e-06
 2.56852e-27 2.6023e-27 4.47996e-26 8.91064e-20 2.18434e-14 6.47258e-10 2.31837e-06 0.00100377 0.0525335 0.332341 0.25444 0.0421482 0.142051 0.130617 0.0212647 0.015645 0.00517501 0.00197268 0.000608347 0.000160189 3.05244e-05 5.04154e-06 1.09715e-06 4.93667e-07 1.55166e-07
 2.56794e-27 2.60084e-27 4.36066e-26 8.659e-20 2.12265e-14 6.28979e-10 2.2529e-06 0.000975419 0.0510499 0.322956 0.247265 0.0416373 0.143204 0.131901 0.0254879 0.0249358 0.00771598 0.00205716 0.00061164 0.000163964 3.23532e-05 4.65122e-06 5.12022e-07 9.87567e-08 2.45387e-08
 2.57064e-27 2.60816e-27 5.00884e-26 1.00264e-19 2.45785e-14 7.28305e-10 2.60867e-06 0.00112945 0.0591115 0.373955 0.286177 0.0396911 0.101055 0.0929909 0.0183128 0.0183911 0.0061054 0.00229939 0.000626049 0.00012506 2.40666e-05 3.54165e-06 3.23333e-07 2.39994e-08 3.12457e-09
 2.56959e-27 2.60521e-27 4.73806e-26 9.45514e-20 2.31781e-14 6.8681e-10 2.46004e-06 0.0010651 0.0557436 0.352649 0.269933 0.041308 0.124771 0.114688 0.0187467 0.0139112 0.0046342 0.00181637 0.000562066 0.000143314 2.2391e-05 2.83636e-06 2.57413e-07 1.30954e-08 5.9204e-10
 2.56951e-27 2.60504e-27 4.72665e-26 9.43109e-20 2.31192e-14 6.85063e-10 2.45378e-06 0.00106239 0.0556018 0.351752 0.269243 0.0409764 0.122733 0.112909 0.020279 0.017834 0.00551952 0.00148864 0.000448685 0.000123001 2.38562e-05 2.94947e-06 2.20835e-07 1.03292e-08 2.45069e-10
 2.56991e-27 2.60611e-27 4.82121e-26 9.63055e-20 2.36081e-14 6.99551e-10 2.50567e-06 0.00108486 0.0567777 0.359191 0.27492 0.0407753 0.117214 0.10779 0.0188981 0.0159841 0.00512596 0.00167317 0.00045035 9.1162e-05 1.79348e-05 2.6162e-06 2.06015e-07 8.13838e-09 1.5755e-10
 2.57011e-27 2.60666e-27 4.86979e-26 9.73303e-20 2.38594e-14 7.06995e-10 2.53234e-06 0.00109641 0.0573819 0.363014 0.277837 0.0406305 0.114063 0.104883 0.0184077 0.0155943 0.0049616 0.00156198 0.000446718 0.000101525 1.57803e-05 2.04049e-06 1.83097e-07 7.65751e-09 1.28161e-10
 2.57014e-27 2.60674e-27 4.87483e-26 9.74367e-20 2.38854e-14 7.07768e-10 2.53511e-06 0.0010976 0.0574447 0.363411 0.278142 0.0407632 0.114858 0.105583 0.0179204 0.014305 0.00454247 0.00142175 0.000400785 9.02002e-05 1.54777e-05 1.81215e-06 1.37486e-07 6.26071e-09 1.09609e-10
 2.57009e-27 2.60657e-27 4.85899e-26 9.71024e-20 2.38035e-14 7.0534e-10 2.52641e-06 0.00109384 0.0572475 0.362164 0.277192 0.0408902 0.116492 0.107076 0.0179055 0.0138906 0.00434528 0.00125765 0.000350435 7.81056e-05 1.32064e-05 1.6291e-06 1.18161e-07 4.65105e-09 8.5181e-11
 2.56947e-27 2.60488e-27 4.70819e-26 9.39212e-20 2.30236e-14 6.82232e-10 2.44364e-06 0.001058 0.0553721 0.350299 0.26814 0.0414066 0.126782 0.116557 0.0193338 0.0147597 0.00458496 0.00127479 0.000344137 7.17668e-05 1.19436e-05 1.45624e-06 1.08599e-07 4.11883e-09 6.74339e-11
 2.56948e-27 2.60493e-27 4.71345e-26 9.40322e-20 2.30509e-14 6.83038e-10 2.44653e-06 0.00105925 0.0554375 0.350713 0.268455 0.0413289 0.125969 0.115823 0.0194883 0.0152959 0.00473115 0.00127734 0.000339095 6.774e-05 1.06336e-05 1.24274e-06 9.16127e-08 3.52467e-09 5.55463e-11
 2.57005e-27 2.60647e-27 4.85042e-26 9.69218e-20 2.37592e-14 7.04028e-10 2.52171e-06 0.0010918 0.0571411 0.36149 0.276677 0.0408514 0.116559 0.107154 0.0182195 0.014586 0.00454168 0.00127278 0.000336611 6.53532e-05 9.9054e-06 1.09157e-06 7.62038e-08 2.88511e-09 4.56722e-11
 2.56977e-27 2.60571e-27 4.78134e-26 9.54644e-20 2.34019e-14 6.93442e-10 2.48379e-06 0.00107539 0.0562819 0.356054 0.272532 0.0412335 0.122379 0.112483 0.0184027 0.0136628 0.00426514 0.00122318 0.000328224 6.55869e-05 9.78466e-06 1.03849e-06 6.82995e-08 2.44149e-09 3.78577e-11
 2.56986e-27 2.60594e-27 4.80242e-26 9.5909e-20 2.35109e-14 6.96671e-10 2.49536e-06 0.00108039 0.056544 0.357713 0.273797 0.041141 0.120786 0.111023 0.0183251 0.0138491 0.0042581 0.00111271 0.00029695 6.06875e-05 9.28471e-06 9.89184e-07 6.26714e-08 2.10969e-09 3.09056e-11
 2.57029e-27 2.60711e-27 4.90557e-26 9.80851e-20 2.40444e-14 7.12478e-10 2.55198e-06 0.00110491 0.0578269 0.365829 0.27999 0.0408263 0.114041 0.104799 0.0172408 0.0129434 0.00399307 0.00106505 0.000277045 5.24518e-05 8.05924e-06 8.81386e-07 5.64534e-08 1.83836e-09 2.53895e-11
 2.57085e-27 2.60862e-27 5.03823e-26 1.00884e-19 2.47304e-14 7.32807e-10 2.62479e-06 0.00113643 0.0594769 0.376267 0.287955 0.0405056 0.106004 0.0973651 0.0156045 0.0110818 0.00341077 0.000902655 0.000236011 4.50709e-05 6.55216e-06 6.9194e-07 4.52902e-08 1.49253e-09 2.00238e-11
 2.57082e-27 2.60853e-27 5.02906e-26 1.0069e-19 2.4683e-14 7.314e-10 2.61975e-06 0.00113425 0.0593627 0.375545 0.287406 0.0406624 0.107583 0.0987931 0.0153335 0.0101017 0.00307371 0.000762474 0.000197014 3.74363e-05 5.48144e-06 5.61919e-07 3.50906e-08 1.16766e-09 1.583e-11
 2.57077e-27 2.60838e-27 5.01639e-26 1.00423e-19 2.46174e-14 7.29458e-10 2.6128e-06 0.00113124 0.0592051 0.374548 0.286644 0.0406648 0.108136 0.0993137 0.0156108 0.0106009 0.00319145 0.000730654 0.000182999 3.28799e-05 4.75066e-06 4.87263e-07 2.98205e-08 9.50578e-10 1.28771e-11
 2.57146e-27 2.61025e-27 5.18091e-26 1.03894e-19 2.54682e-14 7.5467e-10 2.7031e-06 0.00117034 0.0612513 0.387492 0.296522 0.040242 0.0979786 0.0899236 0.0136376 0.00846471 0.002549 0.000592185 0.000145492 2.42288e-05 3.31976e-06 3.28071e-07 1.99583e-08 6.24611e-10 8.15948e-12
 2.57179e-27 2.61115e-27 5.25971e-26 1.05556e-19 2.58757e-14 7.66744e-10 2.74635e-06 0.00118906 0.0622314 0.393692 0.301254 0.0400983 0.0935601 0.0858254 0.0125354 0.00698072 0.00206964 0.000435157 0.000105486 1.76706e-05 2.3053e-06 2.11821e-07 1.22757e-08 3.78388e-10 4.85261e-12
 2.5715e-27 2.61035e-27 5.18803e-26 1.04044e-19 2.5505e-14 7.55759e-10 2.707e-06 0.00117203 0.0613398 0.388052 0.296951 0.040348 0.0984834 0.0903617 0.0132155 0.00738804 0.00216428 0.000409707 9.49424e-05 1.46004e-05 1.88249e-06 1.6836e-07 9.05127e-09 2.63601e-10 3.3038e-12
 2.57112e-27 2.60931e-27 5.09556e-26 1.02093e-19 2.50268e-14 7.4159e-10 2.65625e-06 0.00115006 0.0601897 0.380777 0.291401 0.0406554 0.104722 0.0961121 0.0141114 0.00798341 0.0023388 0.000441334 9.98316e-05 1.38934e-05 1.6589e-06 1.40355e-07 7.35198e-09 2.00002e-10 2.35854e-12
 2.57135e-27 2.60995e-27 5.1529e-26 1.03303e-19 2.53234e-14 7.50377e-10 2.68772e-06 0.00116368 0.0609029 0.385288 0.294842 0.0404505 0.100745 0.0924495 0.0136015 0.00774257 0.00226931 0.000429461 9.71328e-05 1.33847e-05 1.5035e-06 1.14882e-07 5.59094e-09 1.46285e-10 1.62195e-12
 2.57061e-27 2.60792e-27 4.97124e-26 9.94702e-20 2.43839e-14 7.22539e-10 2.58801e-06 0.00112051 0.0586435 0.370995 0.283939 0.0411579 0.113789 0.104448 0.0150311 0.00798213 0.00233493 0.000440927 9.97286e-05 1.37662e-05 1.53943e-06 1.12917e-07 4.96967e-09 1.19212e-10 1.25607e-12
#obs catch len freq
 1.75464e-41 2.43532e-33 4.08576e-26 8.28584e-20 2.03118e-14 6.01874e-10 2.15582e-06 0.000933394 0.0488501 0.30904 0.236715 0.044084 0.15333 0.129905 0.0366793 0.0282588 0.00874812 0.00281666 0.000565227 6.77836e-05 3.55545e-06 5.92321e-08 2.33669e-10 1.7577e-13 2.17889e-17
 1.77425e-41 2.46255e-33 4.13143e-26 8.37846e-20 2.05388e-14 6.08603e-10 2.17991e-06 0.000943828 0.0493962 0.312495 0.239412 0.0459968 0.155424 0.124597 0.0356658 0.0257592 0.00758018 0.00226396 0.000418045 4.39486e-05 1.9068e-06 2.48664e-08 7.34818e-11 4.01769e-14 3.55952e-18
 2.17895e-41 3.02423e-33 5.07378e-26 1.02895e-19 2.52236e-14 7.4742e-10 2.67714e-06 0.00115911 0.0606631 0.383772 0.293795 0.0433439 0.0992162 0.0750122 0.0222366 0.0151281 0.00427815 0.00117874 0.000195886 1.78671e-05 6.38266e-07 6.48766e-09 1.43589e-11 5.72653e-15 3.63776e-19
 1.7383e-41 2.41265e-33 4.04772e-26 8.20869e-20 2.01226e-14 5.9627e-10 2.13574e-06 0.000924703 0.0483953 0.306164 0.234803 0.0537314 0.183552 0.128836 0.0257301 0.0131685 0.00361715 0.00092628 0.000138171 1.07231e-05 3.11449e-07 2.45851e-09 4.0714e-12 1.18576e-15 5.41836e-20
 2.10581e-41 2.92272e-33 4.90348e-26 9.94415e-20 2.43769e-14 7.22333e-10 2.58728e-06 0.0011202 0.0586269 0.370891 0.284104 0.0474769 0.113743 0.0768614 0.0274948 0.0160828 0.00295275 0.00056263 7.51674e-05 4.94393e-06 1.15006e-07 6.9783e-10 8.62564e-13 1.83566e-16 6.04378e-21
 2.38618e-41 3.31187e-33 5.55634e-26 1.12681e-19 2.76225e-14 8.18506e-10 2.93176e-06 0.00126935 0.0664327 0.420273 0.321767 0.0453921 0.0782351 0.0482389 0.011072 0.00547791 0.00153157 0.000282204 2.46953e-05 1.27771e-06 2.36587e-08 1.09317e-10 1.00108e-13 1.55288e-17 3.68582e-22
 1.35284e-41 1.87765e-33 3.15015e-26 6.38845e-20 1.56605e-14 4.6405e-10 1.66215e-06 0.000719654 0.0376638 0.238277 0.183751 0.0756693 0.27142 0.154667 0.0261994 0.00950701 0.00176553 0.000326549 3.15641e-05 1.1368e-06 1.48352e-08 5.12375e-11 3.45788e-14 3.8902e-18 6.63626e-23
 2.2427e-41 3.11272e-33 5.22224e-26 1.05906e-19 2.59616e-14 7.6929e-10 2.75547e-06 0.00119302 0.0624381 0.395003 0.302633 0.0481463 0.0868673 0.052494 0.0335818 0.0154055 0.00198759 0.000229325 1.77756e-05 6.14958e-07 5.90854e-09 1.37237e-11 6.54244e-15 5.2911e-19 6.46592e-24
 2.01782e-41 2.80061e-33 4.6986e-26 9.52866e-20 2.33584e-14 6.92152e-10 2.47917e-06 0.0010734 0.0561773 0.355398 0.272949 0.0635084 0.151678 0.0751699 0.0148337 0.00662754 0.00228472 0.000284333 1.31557e-05 3.1829e-07 2.54755e-09 4.44912e-12 1.43481e-15 7.86211e-20 6.69317e-25
 2.07212e-41 2.87597e-33 4.82503e-26 9.78506e-20 2.39869e-14 7.10776e-10 2.54588e-06 0.00110228 0.0576889 0.364961 0.280339 0.0634609 0.13729 0.0660748 0.0208214 0.00700767 0.00105292 0.000186783 1.23223e-05 2.06088e-07 1.04941e-09 1.35986e-12 3.28922e-16 1.26846e-20 7.31174e-26
 2.02842e-41 2.81532e-33 4.72328e-26 9.57872e-20 2.34811e-14 6.95788e-10 2.4922e-06 0.00107904 0.0564725 0.357267 0.274796 0.0693344 0.147712 0.065935 0.0196209 0.00652688 0.00113086 0.000115192 6.85702e-06 1.40735e-07 5.81719e-10 4.81093e-13 7.82819e-17 2.17154e-21 9.04028e-27
 2.14066e-41 2.9711e-33 4.98463e-26 1.01087e-19 2.47804e-14 7.34287e-10 2.6301e-06 0.00113874 0.0595972 0.377036 0.289943 0.0678378 0.126762 0.0537549 0.0176465 0.00532897 0.000862796 8.59647e-05 3.62685e-06 5.72635e-08 2.35917e-10 1.71431e-13 1.96927e-17 3.56663e-22 9.96097e-28
 2.09004e-41 2.90084e-33 4.86676e-26 9.86969e-20 2.41944e-14 7.16924e-10 2.5679e-06 0.00111181 0.0581879 0.368124 0.283627 0.0753584 0.138977 0.0540039 0.015533 0.00431911 0.000691612 6.14191e-05 2.27048e-06 2.64442e-08 7.84205e-11 4.77354e-14 4.74905e-18 6.81004e-23 1.35365e-28
 2.0485e-41 2.84319e-33 4.77004e-26 9.67354e-20 2.37135e-14 7.02676e-10 2.51687e-06 0.00108972 0.0570315 0.360812 0.278561 0.0817609 0.144967 0.0540104 0.0170052 0.00414721 0.000565443 4.53137e-05 1.45006e-06 1.37084e-08 3.00338e-11 1.28128e-14 9.42046e-19 1.06801e-23 1.70747e-29
 1.92968e-41 2.67827e-33 4.49335e-26 9.11242e-20 2.2338e-14 6.61916e-10 2.37088e-06 0.00102651 0.0537233 0.339891 0.263517 0.0938568 0.164349 0.0588545 0.0195914 0.00455486 0.000593307 3.90979e-05 1.03189e-06 7.9615e-09 1.35649e-11 4.26903e-15 2.21314e-19 1.75403e-24 2.01435e-30
 1.75611e-41 2.43737e-33 4.08919e-26 8.2928e-20 2.03288e-14 6.0238e-10 2.15763e-06 0.000934179 0.0488912 0.309334 0.241526 0.10979 0.18907 0.0681072 0.0258145 0.00575564 0.000731151 4.336e-05 9.25098e-07 5.51602e-09 7.25162e-12 1.72788e-15 6.60177e-20 3.75524e-25 3.03109e-31
 1.96663e-41 2.72956e-33 4.5794e-26 9.28693e-20 2.27658e-14 6.74592e-10 2.41628e-06 0.00104617 0.0547522 0.346412 0.269468 0.0978253 0.144523 0.0552561 0.0243807 0.00557247 0.000721814 3.94308e-05 7.20004e-07 3.3658e-09 3.30008e-12 5.81723e-16 1.64207e-20 6.84707e-26 4.00484e-32
 1.92467e-41 2.67132e-33 4.48169e-26 9.08877e-20 2.228e-14 6.60199e-10 2.36472e-06 0.00102384 0.0535839 0.339037 0.26527 0.111592 0.156316 0.0505023 0.0177587 0.0042946 0.000587478 3.10559e-05 4.99847e-07 1.90774e-09 1.43605e-12 1.8635e-16 3.80554e-21 1.14539e-26 4.84143e-33
 1.90943e-41 2.65016e-33 4.4462e-26 9.0168e-20 2.21036e-14 6.54971e-10 2.346e-06 0.00101574 0.0531597 0.336369 0.264378 0.118476 0.154286 0.050771 0.0177411 0.0033694 0.000410967 2.1509e-05 3.1629e-07 1.01725e-09 6.06859e-13 5.98137e-17 8.9989e-22 1.95605e-27 5.91124e-34
 1.9284e-41 2.67649e-33 4.49036e-26 9.10636e-20 2.23232e-14 6.61477e-10 2.3693e-06 0.00102583 0.0536877 0.339727 0.268031 0.12285 0.146908 0.047964 0.0164814 0.00300715 0.000302888 1.29279e-05 1.68758e-07 4.68097e-10 2.27559e-13 1.74962e-17 1.99099e-22 3.2026e-28 7.04801e-35
 2.00178e-41 2.77834e-33 4.66124e-26 9.45291e-20 2.31727e-14 6.86649e-10 2.45947e-06 0.00106486 0.0557309 0.352669 0.278634 0.122083 0.131676 0.0419102 0.013634 0.00237127 0.000217288 7.49908e-06 7.56897e-08 1.69649e-10 6.72072e-14 4.1087e-18 3.6149e-23 4.39607e-29 7.19203e-36
 2.00138e-41 2.77779e-33 4.66031e-26 9.45102e-20 2.31681e-14 6.86512e-10 2.45897e-06 0.00106465 0.0557198 0.352632 0.280355 0.130007 0.129285 0.0380045 0.0110206 0.00176001 0.000144727 4.25659e-06 3.34763e-08 5.58978e-11 1.67186e-14 7.87175e-19 5.34854e-24 4.9765e-30 6.14962e-37
 2.03894e-41 2.82992e-33 4.74778e-26 9.6284e-20 2.36029e-14 6.99397e-10 2.50513e-06 0.00108463 0.0567656 0.359279 0.286666 0.13134 0.119233 0.0348817 0.00936524 0.00128942 9.05022e-05 2.23474e-06 1.40962e-08 1.78686e-11 3.90905e-15 1.33643e-19 6.66013e-25 4.59875e-31 4.24345e-38
 1.97443e-41 2.74038e-33 4.59756e-26 9.32377e-20 2.28561e-14 6.77269e-10 2.42587e-06 0.00105032 0.0549698 0.347985 0.281242 0.146155 0.124547 0.0344756 0.00845225 0.00105679 6.1534e-05 1.21275e-06 6.0234e-09 5.87117e-12 9.597e-16 2.39147e-20 8.55867e-26 4.22665e-32 2.79875e-39
 2.02497e-41 2.81052e-33 4.71524e-26 9.5624e-20 2.34411e-14 6.94603e-10 2.48796e-06 0.0010772 0.0563769 0.356932 0.289251 0.143613 0.1121 0.0323044 0.00747826 0.000823625 4.05326e-05 6.32677e-07 2.38554e-09 1.74722e-12 2.13055e-16 3.91741e-21 1.02181e-26 3.63703e-33 1.72132e-40
 2.00037e-41 2.77638e-33 4.65795e-26 9.44623e-20 2.31563e-14 6.86164e-10 2.45773e-06 0.00106411 0.0556922 0.352692 0.289305 0.15347 0.110879 0.029814 0.00639304 0.000660485 2.74542e-05 3.40452e-07 9.75304e-10 5.26538e-13 4.68325e-17 6.27082e-22 1.18962e-27 3.07024e-34 1.04905e-41
 1.9457e-41 2.70051e-33 4.53067e-26 9.1881e-20 2.25235e-14 6.67414e-10 2.39057e-06 0.00103503 0.0541708 0.343198 0.286322 0.165806 0.112838 0.0302058 0.00586865 0.000533637 1.91967e-05 1.92536e-07 4.20717e-10 1.68064e-13 1.08562e-17 1.04498e-22 1.42026e-28 2.62632e-35 6.43531e-43
 1.867e-41 2.59127e-33 4.3474e-26 8.81644e-20 2.16125e-14 6.40417e-10 2.29387e-06 0.000993167 0.0519803 0.329522 0.281323 0.180607 0.117112 0.0320997 0.00587115 0.000474915 1.41964e-05 1.14945e-07 1.95211e-10 5.83154e-14 2.75098e-18 1.90936e-23 1.85696e-29 2.44582e-36 4.25898e-44
 1.88255e-41 2.61286e-33 4.38361e-26 8.88987e-20 2.17925e-14 6.45751e-10 2.31297e-06 0.00100144 0.0524131 0.332232 0.282211 0.174927 0.116142 0.0342394 0.006323 0.000495419 1.33493e-05 9.28333e-08 1.329e-10 3.30983e-14 1.28312e-18 7.2199e-24 5.64004e-30 5.93458e-37 8.23005e-45
#spawning biomass
 7920.17 8082.05 9838.19 11444.3 17688.5 28462.6 28876.7 35721.5 47332.4 58339.8 68555.8 94083.8 118905 137932 140147 121982 118425 114831 104342 100426 105050 113492 124987 121335 128143 146481 144842 128151 112982 202915 186487 104769 55635.5 32821.4 23417.5 19818.5 18509 18049.3 17892.1 17839.3 17821.9 17816.2 17814.4 17813.8 17813.6 17813.5 17813.5 17813.5 17813.5 17813.5 17813.5 17813.5 17813.5 17813.5 17813.5 17813.5 17813.5 17813.5 17813.5 17813.5 17813.5 17813.5 17813.5 17813.5 17813.5 17813.5 17813.5 17813.5 17813.5 17813.5 17813.5 17813.5 17813.5 17813.5 17813.5 17813.5 17813.5 17813.5 17813.5 17813.5 17813.5 17813.5 17813.5 17813.5 17813.5 17813.5 17813.5 17813.5 17813.5 17813.5 17813.5 17813.5 17813.5 17813.5 17813.5 17813.5 17813.5 17813.5 17813.5 17813.5 17813.5 17813.5 17813.5 17813.5 17813.5 17813.5 17813.5 17813.5 17813.5 17813.5 17813.5 17813.5 17813.5 17813.5 17813.5 17813.5 17813.5 17813.5 17813.5 17813.5 17813.5 17813.5 17813.5 17813.5 17813.5 17813.5 17813.5 17813.5 17813.5 0 0 0 0 0 0 0 0 0 0 0 0 0 0 0 0 0 0 0 0 0 0 0 0 0
