SBPRF35
0.381887
Curr Bio
154452
B35
338800
F35
0.422066
FOFL
0.184696
OFL
14418.3
Bzero
109111
#pred survey bio
 20380.6 22549.6 26752.6 29764.4 33071.4 41244.3 47356.2 54090.3 67241.4 82213.9 92416.1 103149 127433 120141 137497 144959 143036 143127 167171 188407 165961 161993 165886 164411 171861 172222 168735 176773 6.30341e+06 4.89862e+06 4.37987e+06 3.35647e+06 2.48773e+06 1.88589e+06 1.50512e+06 1.27512e+06 1.13889e+06 1.05823e+06 1.00978e+06 979964 961071 948716 940337 934460 930430 927621 925639 924227 923217 922490 921966 921588 921314 921115 920972 920867 920792 920737 920697 920668 920647 920632 920621 920613 920607 920603 920600 920598 920596 920595 920594 920594 920593 920593 920593 920593 920592 920592 920592 920592 920592 920592 920592 920592 920592 920592 920592 920592 920592 920592 920592 920592 920592 920592 920592 920592 920592 920592 920592 920592 920592 920592 920592 920592 920592 920592 920592 920592 920592 920592 920592 920592 920592 920592 920592 920592 920592 920592 920592 920592 920592 920592 920592 920592 920592 920592 920592 920592 0 0 0 0 0 0 0 0 0 0 0 0 0 0 0 0 0 0 0 0 0 0 0 0 0
#obs survey bio
 17267.4 27480.2 19702.9 26198.4 29627.5 24741 37715.3 40726.9 80400.3 62438.6 104744 92877.8 109681 95203.8 133725 119447 198399 172059 127920 164850 81353 160670 171235 131744 183469 200428 164951 123513
#pred catch bio
 10114.1 10915.6 13462.4 15674.8 15553.6 21400.3 25822.4 28060.1 34338.7 44605.7 53228.3 53977.8 79687.6 67089 80369.1 85641.6 86207.5 83586.2 95250.6 124521 108958 103257 109234 105241 108237 111281 104749 110127 14418.3 56577.5 56276.3 41881.6 29277.1 20855.1 15802 12957.9 11424.7 10623.1 10213.4 10007.3 9905.05 9854.74 9830.11 9818.09 9812.36 9809.64 9808.35 9807.73 9807.44 9807.3 9807.23 9807.2 9807.18 9807.18 9807.17 9807.17 9807.17 9807.17 9807.17 9807.17 9807.17 9807.17 9807.17 9807.17 9807.17 9807.17 9807.17 9807.17 9807.17 9807.17 9807.17 9807.17 9807.17 9807.17 9807.17 9807.17 9807.17 9807.17 9807.17 9807.17 9807.17 9807.17 9807.17 9807.17 9807.17 9807.17 9807.17 9807.17 9807.17 9807.17 9807.17 9807.17 9807.17 9807.17 9807.17 9807.17 9807.17 9807.17 9807.17 9807.17 9807.17 9807.17 9807.17 9807.17 9807.17 9807.17 9807.17 9807.17 9807.17 9807.17 9807.17 9807.17 9807.17 9807.17 9807.17 9807.17 9807.17 9807.17 9807.17 9807.17 9807.17 9807.17 9807.17 9807.17 9807.17 9807.17 9807.17 9807.17 0 0 0 0 0 0 0 0 0 0 0 0 0 0 0 0 0 0 0 0 0 0 0 0 0
#obs catch bio
 8829.92 10469.5 13546.1 14850 15137.8 21558.6 25671.6 27927.5 31780.3 41945.4 49998.8 50433.8 75342.3 63829.6 79170.8 79335.3 76702.6 71744.8 94663.9 118678 114181 100511 104393 101815 95400.3 94189.9 95942.2 104754
#pred cpue bio
 13853.1 13279.5 15808.3 17819.5 19182.2 24191.4 27319.8 30265.8 37348.1 46582.4 52450 56092.5 70811.3 66453.9 75791.8 80540.1 81448.9 79172.3 88069.4 103708 89633.1 83888.6 87006.2 84553.2 88889.4 92390.8 88747.3 93822.9 3.37767e+06 3.91665e+06 4.10096e+06 3.18596e+06 2.32699e+06 1.72592e+06 1.3452e+06 1.11521e+06 978982 898315 849866 820054 801161 788806 780426 774549 770520 767711 765728 764317 763307 762580 762056 761677 761403 761205 761061 760957 760881 760827 760787 760758 760737 760722 760711 760703 760697 760693 760690 760688 760686 760685 760684 760683 760683 760683 760682 760682 760682 760682 760682 760682 760682 760682 760682 760682 760682 760682 760682 760682 760682 760682 760682 760682 760682 760682 760682 760682 760682 760682 760682 760682 760682 760682 760682 760682 760682 760682 760682 760682 760682 760682 760682 760682 760682 760682 760682 760682 760682 760682 760682 760682 760682 760682 760682 760682 760682 760682 760682 760682 0 0 0 0 0 0 0 0 0 0 0 0 0 0 0 0 0 0 0 0 0 0 0 0 0
#obs cpue bio
 12412.1 15432.8 16953.9 31610.5 19740.3 36480.1 38888.3 38855.9 53645.1 68760.4 63518.3 76901.1 105459 90704.6 85368.7 139005 107830 126049 78586.7 175202 126806 106515 108148 113823 158682 159132 115374 168646
#pred surv len freq
 1.5095e-11 1.63913e-09 1.04939e-07 3.96091e-06 8.81444e-05 0.00115649 0.00894665 0.0408231 0.110065 0.176916 0.177014 0.130628 0.0988588 0.079569 0.0557966 0.0360437 0.0239563 0.01626 0.0114032 0.00844283 0.00671469 0.00580115 0.0051394 0.00401508 0.00235856
 1.57767e-11 1.71316e-09 1.09678e-07 4.13979e-06 9.21251e-05 0.00120872 0.0093508 0.0426692 0.115069 0.185175 0.186287 0.140048 0.108691 0.0866805 0.0563919 0.0309213 0.0164715 0.00863512 0.0045642 0.00262221 0.0016938 0.00124314 0.000994635 0.000747679 0.000439742
 1.48567e-11 1.61326e-09 1.03282e-07 3.89838e-06 8.6753e-05 0.00113824 0.00880578 0.0401871 0.108443 0.175062 0.1787 0.141142 0.117965 0.0977559 0.0641389 0.034815 0.0176336 0.00809527 0.00332917 0.00134997 0.000600615 0.00032051 0.000207381 0.000140499 7.97115e-05
 1.46708e-11 1.59307e-09 1.0199e-07 3.84961e-06 8.56677e-05 0.001124 0.00869562 0.0396846 0.10709 0.172901 0.176608 0.13982 0.117464 0.0983284 0.0661462 0.0375881 0.0198268 0.0091567 0.00358587 0.001248 0.000405338 0.000136328 5.64752e-05 2.93548e-05 1.4935e-05
 1.54716e-11 1.68003e-09 1.07557e-07 4.05974e-06 9.03438e-05 0.00118535 0.00917008 0.0418461 0.112871 0.18182 0.183766 0.140422 0.111937 0.0910527 0.0604523 0.0339784 0.0179044 0.00841952 0.00339458 0.00119132 0.000361705 9.62701e-05 2.47404e-05 7.46833e-06 2.75908e-06
 1.51546e-11 1.64561e-09 1.05354e-07 3.97657e-06 8.84929e-05 0.00116106 0.00898229 0.0409907 0.110586 0.178311 0.181032 0.140456 0.114528 0.0941556 0.0624858 0.0349274 0.0183272 0.0086416 0.0035286 0.00126812 0.000394537 0.000103498 2.2849e-05 4.50721e-06 9.36033e-07
 1.54451e-11 1.67715e-09 1.07373e-07 4.05278e-06 9.01889e-05 0.00118332 0.00915438 0.041775 0.112687 0.18158 0.183793 0.141131 0.113246 0.0920976 0.0604656 0.0331864 0.0170346 0.00785836 0.00313794 0.00111158 0.000346488 9.2164e-05 2.03298e-05 3.64603e-06 5.44376e-07
 1.59235e-11 1.7291e-09 1.10699e-07 4.17832e-06 9.29824e-05 0.00121997 0.00943785 0.043067 0.116149 0.186979 0.188404 0.142418 0.111395 0.0888539 0.057005 0.0300282 0.0147099 0.00652921 0.00250867 0.00085453 0.000257965 6.73318e-05 1.4791e-05 2.64073e-06 3.71492e-07
 1.60345e-11 1.74116e-09 1.11471e-07 4.20746e-06 9.36309e-05 0.00122847 0.00950365 0.0433668 0.116952 0.188226 0.189447 0.142643 0.110863 0.0880716 0.0563249 0.0294857 0.0142676 0.00619395 0.00229591 0.000748011 0.000215923 5.40682e-05 1.14918e-05 2.01062e-06 2.78896e-07
 1.55398e-11 1.68744e-09 1.08031e-07 4.07764e-06 9.07421e-05 0.00119057 0.00921055 0.0420317 0.113384 0.18274 0.185137 0.142578 0.114739 0.092851 0.0596655 0.0312588 0.0151175 0.00654638 0.00240735 0.000769564 0.00021485 5.14482e-05 1.0426e-05 1.74808e-06 2.34677e-07
 1.55173e-11 1.685e-09 1.07875e-07 4.07174e-06 9.06108e-05 0.00118885 0.00919723 0.0419709 0.11322 0.182482 0.184899 0.142461 0.114746 0.0929707 0.0599007 0.0315315 0.015298 0.00660432 0.00240602 0.000759412 0.000208759 4.88349e-05 9.55132e-06 1.53097e-06 1.96138e-07
 1.63688e-11 1.77745e-09 1.13794e-07 4.29516e-06 9.55827e-05 0.00125408 0.00970169 0.0442693 0.11937 0.191982 0.19259 0.143324 0.109232 0.0855557 0.0539394 0.0275313 0.0129192 0.00545652 0.00195683 0.000607953 0.000164368 3.77673e-05 7.23301e-06 1.12771e-06 1.39267e-07
 1.58166e-11 1.7175e-09 1.09956e-07 4.15028e-06 9.23585e-05 0.00121178 0.00937457 0.0427793 0.115388 0.185874 0.187852 0.143453 0.113868 0.0911094 0.0576146 0.0292521 0.0136043 0.00568642 0.00201203 0.000615548 0.000164017 3.71436e-05 6.999e-06 1.07082e-06 1.29236e-07
 1.55651e-11 1.69018e-09 1.08207e-07 4.08428e-06 9.08898e-05 0.00119251 0.0092256 0.0421016 0.113589 0.183202 0.186221 0.144967 0.118217 0.0951957 0.0588448 0.0281483 0.0120959 0.00473151 0.00157449 0.000453 0.000114944 2.5151e-05 4.62096e-06 6.92638e-07 8.2e-08
 1.60857e-11 1.74671e-09 1.11826e-07 4.22088e-06 9.39296e-05 0.00123239 0.00953396 0.0435051 0.117324 0.188819 0.190013 0.142987 0.111024 0.088121 0.0562448 0.0292084 0.0137694 0.00561142 0.0018463 0.000509272 0.000122257 2.52447e-05 4.40547e-06 6.34963e-07 7.30604e-08
 1.55996e-11 1.69392e-09 1.08447e-07 4.09332e-06 9.1091e-05 0.00119515 0.009246 0.0421941 0.113832 0.183539 0.186308 0.144381 0.117034 0.0942072 0.058746 0.0287573 0.0127974 0.00519413 0.00179168 0.000523397 0.000128353 2.58589e-05 4.28175e-06 5.81328e-07 6.33978e-08
 1.50861e-11 1.63817e-09 1.04877e-07 3.95859e-06 8.80928e-05 0.00115582 0.00894178 0.0408081 0.110122 0.177803 0.181635 0.143768 0.120242 0.0986895 0.0625875 0.0314801 0.0143226 0.00574916 0.00190222 0.000535816 0.000132099 2.75962e-05 4.68919e-06 6.30122e-07 6.59139e-08
 1.59431e-11 1.73123e-09 1.10835e-07 4.18346e-06 9.30969e-05 0.00122147 0.00944949 0.0431205 0.116299 0.187262 0.188889 0.143294 0.112626 0.0897812 0.0569796 0.0291837 0.013618 0.00559352 0.00188874 0.00053586 0.000129747 2.6371e-05 4.44743e-06 6.07755e-07 6.46691e-08
 1.68757e-11 1.8325e-09 1.17319e-07 4.42819e-06 9.85429e-05 0.00129292 0.0100021 0.045638 0.123033 0.197659 0.197272 0.144123 0.106392 0.08147 0.0503535 0.0248297 0.0111543 0.00452986 0.001553 0.000453328 0.000112715 2.3207e-05 3.8896e-06 5.22993e-07 5.52075e-08
 1.56226e-11 1.69642e-09 1.08607e-07 4.09936e-06 9.12254e-05 0.00119692 0.00925966 0.0422568 0.114006 0.183859 0.186812 0.145223 0.118148 0.0949047 0.058378 0.027619 0.0116907 0.00451606 0.00148491 0.00042 0.000103716 2.17067e-05 3.72352e-06 5.07948e-07 5.36165e-08
 1.59791e-11 1.73514e-09 1.11085e-07 4.19291e-06 9.33073e-05 0.00122423 0.00947089 0.0432192 0.11658 0.187833 0.190014 0.145536 0.115779 0.0918087 0.0560185 0.0261159 0.0107473 0.00396081 0.00120393 0.000306638 6.88524e-05 1.3545e-05 2.26197e-06 3.08935e-07 3.30761e-08
 1.68531e-11 1.83004e-09 1.17161e-07 4.42225e-06 9.84107e-05 0.00129118 0.00998869 0.0455779 0.122885 0.197527 0.197641 0.145682 0.108979 0.0833988 0.0501101 0.022956 0.00923198 0.00333461 0.000991032 0.000242278 5.06593e-05 9.03414e-06 1.36274e-06 1.72502e-07 1.77634e-08
 1.64336e-11 1.78449e-09 1.14245e-07 4.31218e-06 9.59613e-05 0.00125905 0.00974019 0.0444464 0.119866 0.192933 0.194257 0.146374 0.113407 0.0882158 0.052643 0.0234207 0.00900968 0.00314292 0.000913033 0.00021832 4.44185e-05 7.60559e-06 1.07403e-06 1.24095e-07 1.15934e-08
 1.68714e-11 1.83203e-09 1.17288e-07 4.42704e-06 9.85174e-05 0.00129258 0.00999952 0.0456276 0.123021 0.197769 0.197987 0.146201 0.109631 0.0837711 0.0498192 0.0222095 0.00855114 0.00295134 0.00083172 0.00018936 3.66144e-05 6.02108e-06 8.19846e-07 9.05419e-08 7.93392e-09
 1.67234e-11 1.81596e-09 1.16259e-07 4.38821e-06 9.76533e-05 0.00128125 0.00991186 0.0452283 0.121956 0.196142 0.196761 0.146356 0.111053 0.0853722 0.0507373 0.0224888 0.00858799 0.00295376 0.000834884 0.000190569 3.64389e-05 5.7998e-06 7.53531e-07 7.93409e-08 6.65157e-09
 1.5971e-11 1.73426e-09 1.11029e-07 4.1908e-06 9.32602e-05 0.00122361 0.00946614 0.0431979 0.116528 0.187795 0.190188 0.146208 0.116877 0.0926065 0.0558671 0.0252726 0.00992257 0.00347966 0.000991232 0.000227052 4.35863e-05 6.95786e-06 8.98718e-07 9.2507e-08 7.46154e-09
 1.656e-11 1.79822e-09 1.15124e-07 4.34535e-06 9.66994e-05 0.00126873 0.00981506 0.0447869 0.12077 0.194268 0.195041 0.145518 0.11109 0.0861276 0.0521893 0.0242225 0.00988389 0.00357501 0.00104209 0.000244204 4.77847e-05 7.71267e-06 1.00167e-06 1.03299e-07 8.29032e-09
 1.63221e-11 1.77238e-09 1.13469e-07 4.2829e-06 9.53098e-05 0.0012505 0.00967408 0.0441449 0.119055 0.191648 0.19306 0.145739 0.113333 0.0886564 0.05364 0.0246759 0.00997799 0.00362841 0.00108667 0.000266255 5.45376e-05 9.12464e-06 1.21703e-06 1.27799e-07 1.03607e-08
#obs surv len freq
 1.39994e-11 1.52017e-09 9.73223e-08 3.67344e-06 8.17473e-05 0.00107256 0.00829775 0.0378695 0.102196 0.164997 0.168389 0.132867 0.112377 0.0993296 0.0758025 0.0499357 0.0280898 0.0126445 0.00447189 0.00125084 0.000272471 4.4755e-05 5.34749e-06 4.48132e-07 2.54786e-08
 1.36103e-11 1.47792e-09 9.46174e-08 3.57134e-06 7.94754e-05 0.00104276 0.00806761 0.0368274 0.0994878 0.161394 0.167995 0.140038 0.124825 0.107684 0.0742701 0.0426167 0.0217594 0.00947057 0.00331653 0.000904373 0.000186325 2.82283e-05 3.06986e-06 2.33447e-07 1.2073e-08
 1.2448e-11 1.35171e-09 8.65377e-08 3.26637e-06 7.2689e-05 0.000953734 0.00737922 0.033694 0.0911331 0.148639 0.15806 0.139402 0.132162 0.117783 0.0836978 0.0490868 0.0243208 0.0096702 0.00302365 0.000750951 0.000145191 2.08396e-05 2.12471e-06 1.49032e-07 7.02272e-09
 1.33454e-11 1.44916e-09 9.27762e-08 3.50185e-06 7.79291e-05 0.00102248 0.00791096 0.0361171 0.0976152 0.158594 0.165622 0.138222 0.12253 0.107145 0.0782871 0.0481904 0.0247652 0.00997591 0.00306285 0.00071566 0.000125844 1.63006e-05 1.51514e-06 9.7955e-08 4.26705e-09
 1.30201e-11 1.41383e-09 9.05148e-08 3.41649e-06 7.60298e-05 0.000997576 0.00771865 0.0352471 0.0953553 0.155539 0.164789 0.14219 0.129103 0.111024 0.077421 0.0451764 0.0225653 0.00913156 0.00285822 0.000673405 0.000115975 1.42155e-05 1.21538e-06 7.11824e-08 2.80211e-09
 1.2661e-11 1.37483e-09 8.80179e-08 3.32225e-06 7.39327e-05 0.000970071 0.00750618 0.0342833 0.0928193 0.151846 0.162437 0.14298 0.131825 0.113976 0.0800173 0.0466141 0.0226347 0.0087155 0.00259453 0.000590643 9.97553e-05 1.20016e-05 9.93723e-07 5.52055e-08 2.01944e-09
 1.32843e-11 1.44252e-09 9.23516e-08 3.48583e-06 7.7573e-05 0.00101784 0.00787587 0.0359723 0.0973856 0.159177 0.169298 0.1458 0.129656 0.108653 0.0741396 0.0417638 0.0194959 0.00716723 0.00201355 0.000427893 6.73459e-05 7.60822e-06 5.97491e-07 3.16618e-08 1.1033e-09
 1.34527e-11 1.4608e-09 9.35217e-08 3.52999e-06 7.85561e-05 0.00103075 0.00797602 0.0364342 0.098675 0.161465 0.172073 0.147963 0.129923 0.106933 0.0716162 0.0394352 0.0178968 0.00636928 0.00172111 0.000348083 5.15094e-05 5.41828e-06 3.94381e-07 1.93857e-08 6.29201e-10
 1.34988e-11 1.46581e-09 9.38426e-08 3.54211e-06 7.8826e-05 0.0010343 0.00800384 0.0365664 0.0990804 0.162354 0.173512 0.149321 0.130042 0.105897 0.0704721 0.0385127 0.0172099 0.00598724 0.00157148 0.000306173 4.32204e-05 4.29309e-06 2.9227e-07 1.33331e-08 3.99607e-10
 1.26038e-11 1.36862e-09 8.76205e-08 3.30726e-06 7.36002e-05 0.000965763 0.00747447 0.0341661 0.0927707 0.153223 0.16805 0.15267 0.138999 0.113625 0.0741824 0.0393479 0.0169905 0.00570623 0.00144292 0.000269661 3.63136e-05 3.42043e-06 2.19411e-07 9.37103e-09 2.61385e-10
 1.27784e-11 1.38758e-09 8.88342e-08 3.35308e-06 7.46201e-05 0.000979157 0.00757839 0.0346446 0.0940892 0.155401 0.169969 0.152535 0.136534 0.111304 0.0736421 0.0394442 0.0167966 0.00543522 0.00130655 0.000230831 2.9334e-05 2.60388e-06 1.57056e-07 6.28808e-09 1.63866e-10
 1.41589e-11 1.53749e-09 9.84314e-08 3.71532e-06 8.26815e-05 0.00108493 0.0083967 0.0383769 0.104108 0.171043 0.183113 0.155002 0.128261 0.0984682 0.0620639 0.0317648 0.0130216 0.0040813 0.000946848 0.000159526 1.90874e-05 1.58198e-06 8.87599e-08 3.30216e-09 7.99427e-11
 1.19703e-11 1.29983e-09 8.32165e-08 3.14105e-06 6.99033e-05 0.000917345 0.00710235 0.0325079 0.0886731 0.148637 0.169436 0.162636 0.14974 0.117116 0.0710032 0.034133 0.0131258 0.00388769 0.000857149 0.000137524 1.56427e-05 1.22577e-06 6.45346e-08 2.23684e-09 5.01916e-11
 1.21724e-11 1.32178e-09 8.46216e-08 3.19409e-06 7.10839e-05 0.000932841 0.00722226 0.033053 0.0900929 0.150443 0.169004 0.157284 0.142422 0.115117 0.0751565 0.0386757 0.0151373 0.0043369 0.000898684 0.00013424 1.42266e-05 1.04191e-06 5.13442e-08 1.66433e-09 3.4835e-11
 1.30369e-11 1.41566e-09 9.06322e-08 3.42097e-06 7.61331e-05 0.000999103 0.00773515 0.0353953 0.0963964 0.160296 0.177076 0.15784 0.135368 0.105562 0.0680366 0.0354268 0.0143796 0.00432449 0.000929599 0.00013941 1.43003e-05 9.87453e-07 4.52763e-08 1.35955e-09 2.63497e-11
 1.10368e-11 1.19847e-09 7.67278e-08 2.89617e-06 6.4457e-05 0.000846022 0.00655407 0.0300578 0.0825063 0.140841 0.167266 0.168537 0.156963 0.121119 0.0727733 0.0347023 0.013088 0.003757 0.000790552 0.00011796 1.20746e-05 8.23832e-07 3.66708e-08 1.04894e-09 1.90681e-11
 1.19321e-11 1.29569e-09 8.29518e-08 3.1311e-06 6.96845e-05 0.000914586 0.00708354 0.032454 0.0887315 0.149258 0.169696 0.158752 0.142524 0.115287 0.0761277 0.0390656 0.0149359 0.00414232 0.000825873 0.000116955 1.14808e-05 7.58582e-07 3.28577e-08 9.13651e-10 1.60522e-11
 1.33852e-11 1.45348e-09 9.30539e-08 3.51242e-06 7.81713e-05 0.00102598 0.00794614 0.0363998 0.0994183 0.166406 0.185482 0.164319 0.1351 0.0991698 0.0601059 0.0294196 0.0112261 0.00316893 0.000634931 8.78091e-05 8.21207e-06 5.1071e-07 2.07918e-08 5.45509e-10 9.08644e-12
 1.17865e-11 1.27988e-09 8.19398e-08 3.09297e-06 6.88407e-05 0.000903713 0.00700436 0.0321634 0.0885376 0.151764 0.179636 0.174979 0.152866 0.11038 0.0620595 0.0273218 0.00936435 0.00242353 0.000458026 6.10892e-05 5.55183e-06 3.33617e-07 1.29677e-08 3.21102e-10 5.00895e-12
 1.09195e-11 1.18574e-09 7.59135e-08 2.86553e-06 6.37817e-05 0.000837422 0.00649341 0.0298563 0.0824986 0.142858 0.17295 0.174333 0.158013 0.118878 0.0694787 0.030807 0.0100899 0.00238551 0.000403188 4.8227e-05 3.99689e-06 2.23102e-07 8.16104e-09 1.91292e-10 2.82463e-12
 1.27639e-11 1.38602e-09 8.87355e-08 3.34951e-06 7.45518e-05 0.000978716 0.00758565 0.0348211 0.0956488 0.162374 0.186144 0.170425 0.1417 0.102676 0.0597377 0.0266522 0.00875735 0.00204706 0.000333078 3.71502e-05 2.79932e-06 1.40428e-07 4.62091e-09 9.82331e-11 1.32895e-12
 1.14067e-11 1.23865e-09 7.93014e-08 2.99351e-06 6.66356e-05 0.000875094 0.00678971 0.0312676 0.0867051 0.151054 0.183356 0.181083 0.155544 0.108965 0.059334 0.024922 0.00789546 0.00181379 0.000291487 3.18546e-05 2.31357e-06 1.09668e-07 3.34612e-09 6.50041e-11 7.96744e-13
 1.2401e-11 1.34661e-09 8.62138e-08 3.25443e-06 7.24425e-05 0.000951277 0.0073784 0.0339365 0.0936892 0.160902 0.188335 0.175896 0.145901 0.102892 0.0571042 0.0238496 0.0072557 0.00156999 0.000237578 2.46666e-05 1.71552e-06 7.80238e-08 2.27491e-09 4.18903e-11 4.81843e-13
 1.2377e-11 1.34401e-09 8.60482e-08 3.24827e-06 7.23108e-05 0.000949748 0.00737075 0.0339526 0.0940887 0.162946 0.193251 0.181438 0.146988 0.0986232 0.0518453 0.0207932 0.00616587 0.00130234 0.000190071 1.87366e-05 1.22427e-06 5.21455e-08 1.42596e-09 2.46932e-11 2.67542e-13
 1.12891e-11 1.22589e-09 7.84871e-08 2.96301e-06 6.5971e-05 0.000866862 0.00673576 0.0311318 0.0870429 0.154041 0.190583 0.188482 0.157053 0.104479 0.052847 0.019936 0.00549348 0.001078 0.000147154 1.36572e-05 8.41802e-07 3.37308e-08 8.63567e-10 1.39399e-11 1.40431e-13
 1.05227e-11 1.14267e-09 7.31601e-08 2.76204e-06 6.15048e-05 0.000808457 0.00628755 0.0291256 0.0818744 0.146631 0.185405 0.188821 0.162362 0.111558 0.0579108 0.0219675 0.00592067 0.00110842 0.000141837 1.22238e-05 6.97797e-07 2.59271e-08 6.1687e-10 9.26694e-12 8.6882e-14
 1.23136e-11 1.33715e-09 8.5611e-08 3.232e-06 7.19618e-05 0.000945574 0.00734559 0.0339061 0.0943053 0.164061 0.194633 0.181046 0.145736 0.0987188 0.0521607 0.0202943 0.00557746 0.00105052 0.000132713 1.10569e-05 5.98819e-07 2.08179e-08 4.5951e-10 6.37717e-12 5.516e-14
 1.09706e-11 1.19133e-09 7.6279e-08 2.88012e-06 6.41516e-05 0.000843802 0.00657238 0.0305453 0.0864091 0.156114 0.197673 0.195691 0.157334 0.0990611 0.0473834 0.0169645 0.00442407 0.000808849 0.000100086 8.15569e-06 4.28764e-07 1.43208e-08 3.00388e-10 3.92203e-12 3.16519e-14
#pred catch len freq
 1.02732e-11 1.11554e-09 7.14182e-08 2.69568e-06 5.99888e-05 0.000787092 0.00608971 0.0278035 0.075188 0.122683 0.131376 0.119861 0.120258 0.111737 0.0837226 0.05746 0.0398976 0.0276331 0.0195447 0.014519 0.0115596 0.00998982 0.00885082 0.00691463 0.00406185
 1.13449e-11 1.23192e-09 7.88685e-08 2.97689e-06 6.62468e-05 0.000869204 0.00672508 0.0307063 0.0830644 0.135746 0.146334 0.13574 0.137479 0.124598 0.0854922 0.049375 0.027557 0.0148098 0.0079172 0.00457191 0.0029585 0.00217238 0.00173829 0.00130671 0.000768536
 1.04816e-11 1.13818e-09 7.28671e-08 2.75037e-06 6.1206e-05 0.000803072 0.0062137 0.028378 0.0768564 0.12633 0.139563 0.137754 0.147867 0.136796 0.0940702 0.0535841 0.0283431 0.0133153 0.00553729 0.00225961 0.00100837 0.000538651 0.000348607 0.000236187 0.000134001
 1.03862e-11 1.12782e-09 7.22039e-08 2.72534e-06 6.06489e-05 0.000795762 0.00615712 0.0281192 0.07615 0.125125 0.138033 0.135825 0.145731 0.135945 0.0958999 0.05713 0.0313347 0.014759 0.00583498 0.00204217 0.000665291 0.000224069 9.28695e-05 4.82778e-05 2.4563e-05
 1.09668e-11 1.19086e-09 7.62403e-08 2.87769e-06 6.40392e-05 0.000840242 0.00650112 0.0296864 0.0803426 0.131598 0.143255 0.136345 0.141831 0.130667 0.0915646 0.0542562 0.0298863 0.0143751 0.0058581 0.00206814 0.00062985 0.000167878 4.31713e-05 1.30355e-05 4.81613e-06
 1.08926e-11 1.18281e-09 7.57245e-08 2.85822e-06 6.3606e-05 0.000834559 0.00645718 0.0294865 0.0798118 0.13081 0.142776 0.136795 0.143108 0.131828 0.0918251 0.0538183 0.0294045 0.0141552 0.00583651 0.00210868 0.000657791 0.000172758 3.8159e-05 7.52897e-06 1.56373e-06
 1.14112e-11 1.23912e-09 7.93295e-08 2.99429e-06 6.6634e-05 0.000874285 0.00676443 0.0308868 0.0835644 0.136657 0.147751 0.138128 0.141015 0.128284 0.0881689 0.0505359 0.0269392 0.0126747 0.00510795 0.00181857 0.000568299 0.00015133 3.33961e-05 5.99055e-06 8.94498e-07
 1.18456e-11 1.28629e-09 8.23497e-08 3.10829e-06 6.91708e-05 0.000907568 0.00702187 0.0320606 0.0867162 0.14162 0.152224 0.140086 0.140558 0.126227 0.0848757 0.0467313 0.0238512 0.0108255 0.0042026 0.0014396 0.000435842 0.000113904 2.50346e-05 4.47055e-06 6.28957e-07
 1.19368e-11 1.29619e-09 8.29836e-08 3.13222e-06 6.97033e-05 0.000914554 0.00707591 0.0323069 0.087377 0.142656 0.153136 0.140427 0.140375 0.125808 0.0843829 0.0461904 0.0232998 0.0103472 0.00387611 0.00127034 0.000367857 9.22437e-05 1.96173e-05 3.4331e-06 4.76253e-07
 1.15492e-11 1.2541e-09 8.02889e-08 3.03051e-06 6.74399e-05 0.00088486 0.00684627 0.0312609 0.0845816 0.138363 0.149785 0.140449 0.143525 0.129638 0.0869956 0.0475062 0.0238858 0.0105651 0.00392345 0.00126109 0.000353112 8.46709e-05 1.71687e-05 2.8793e-06 3.8658e-07
 1.17417e-11 1.27501e-09 8.16272e-08 3.08102e-06 6.8564e-05 0.000899607 0.00696031 0.0317804 0.0859702 0.140497 0.151461 0.140471 0.142022 0.127815 0.0857766 0.0468957 0.0235638 0.0103677 0.00381028 0.00120857 0.00033312 7.80225e-05 1.52681e-05 2.44787e-06 3.13636e-07
 1.24462e-11 1.35151e-09 8.65247e-08 3.26588e-06 7.26777e-05 0.000953577 0.00737772 0.0336824 0.0910627 0.148395 0.158004 0.141681 0.13822 0.122207 0.0806892 0.0429412 0.0209791 0.00906343 0.00328433 0.00102626 0.00027833 6.40454e-05 1.22734e-05 1.9141e-06 2.36408e-07
 1.24831e-11 1.35552e-09 8.67813e-08 3.27556e-06 7.28932e-05 0.000956406 0.00739961 0.0337825 0.0913349 0.148852 0.158552 0.142311 0.138895 0.122534 0.0802777 0.0420249 0.0201354 0.00855952 0.00305186 0.000937547 0.000250381 5.67609e-05 1.07004e-05 1.63744e-06 1.97637e-07
 1.1753e-11 1.27624e-09 8.17058e-08 3.08399e-06 6.86301e-05 0.000900476 0.00696713 0.0318136 0.0860883 0.140918 0.152961 0.14434 0.147884 0.131871 0.0845824 0.0418997 0.0187145 0.00749848 0.00252284 0.000730151 0.000185882 4.07365e-05 7.48945e-06 1.12291e-06 1.32954e-07
 1.25025e-11 1.35762e-09 8.6916e-08 3.28065e-06 7.30064e-05 0.000957889 0.00741106 0.0338341 0.0914662 0.148999 0.158397 0.141428 0.137435 0.121628 0.0808762 0.0435235 0.021202 0.00879558 0.00291766 0.00080876 0.000194748 4.02745e-05 7.03309e-06 1.01398e-06 1.16684e-07
 1.19966e-11 1.30269e-09 8.33992e-08 3.14791e-06 7.00525e-05 0.000919137 0.00711142 0.0324704 0.0878377 0.143556 0.154784 0.143543 0.144691 0.12859 0.0831111 0.0420458 0.0193728 0.00802848 0.00279545 0.000820611 0.000201771 4.0703e-05 6.74386e-06 9.15881e-07 9.98965e-08
 1.14618e-11 1.24461e-09 7.96814e-08 3.00758e-06 6.69296e-05 0.000878166 0.00679455 0.0310265 0.0839713 0.137556 0.149798 0.142579 0.147546 0.132968 0.0873249 0.0454018 0.0213538 0.00873596 0.00291565 0.000825395 0.000204095 4.26969e-05 7.25952e-06 9.75776e-07 1.02083e-07
 1.23329e-11 1.3392e-09 8.5737e-08 3.23614e-06 7.2016e-05 0.000944897 0.00731059 0.0333767 0.0902473 0.147154 0.157093 0.141881 0.139472 0.123675 0.081676 0.0433374 0.0209156 0.0087534 0.00298104 0.000849898 0.000206375 4.20055e-05 7.08884e-06 9.69002e-07 1.03121e-07
 1.34205e-11 1.4573e-09 9.32978e-08 3.52153e-06 7.83668e-05 0.00102822 0.00795498 0.0363128 0.0981046 0.159311 0.167023 0.143273 0.132848 0.114405 0.0737564 0.0376518 0.0175129 0.00725881 0.00251165 0.000736801 0.000183698 3.78718e-05 6.35133e-06 8.54239e-07 9.01855e-08
 1.2572e-11 1.36517e-09 8.73996e-08 3.2989e-06 7.34126e-05 0.000963221 0.00745238 0.0340243 0.0920019 0.150044 0.160306 0.145021 0.142348 0.124566 0.0788667 0.0382208 0.0166141 0.00652723 0.00216264 0.000614111 0.000151981 3.18408e-05 5.46436e-06 7.45571e-07 7.87055e-08
 1.29804e-11 1.40951e-09 9.02384e-08 3.40605e-06 7.5797e-05 0.000994504 0.00769432 0.0351267 0.0949517 0.154606 0.164023 0.145519 0.139853 0.121188 0.076159 0.0363517 0.015357 0.00575632 0.00176317 0.000450931 0.00010151 1.99954e-05 3.34103e-06 4.56415e-07 4.88704e-08
 1.39307e-11 1.51271e-09 9.6845e-08 3.65541e-06 8.13462e-05 0.00106731 0.00825734 0.0376915 0.101809 0.16516 0.172374 0.145838 0.132705 0.112211 0.069676 0.0326996 0.0135106 0.00496831 0.0014886 0.00036547 7.66203e-05 1.36831e-05 2.06538e-06 2.61522e-07 2.69336e-08
 1.35811e-11 1.47475e-09 9.44146e-08 3.56368e-06 7.93048e-05 0.00104053 0.00805025 0.0367487 0.0992966 0.161361 0.169696 0.146805 0.136989 0.116621 0.0716285 0.0325461 0.0128398 0.00455998 0.00133568 0.000320709 6.54148e-05 1.12158e-05 1.58484e-06 1.83169e-07 1.71147e-08
 1.39892e-11 1.51906e-09 9.72517e-08 3.67077e-06 8.16879e-05 0.00107179 0.00829203 0.0378499 0.102238 0.165868 0.173163 0.146616 0.133428 0.112462 0.0690329 0.0314787 0.0124451 0.00437573 0.00124364 0.000284381 5.51435e-05 9.08256e-06 1.23763e-06 1.36727e-07 1.19829e-08
 1.37267e-11 1.49056e-09 9.54268e-08 3.60189e-06 8.0155e-05 0.00105168 0.00813651 0.0371417 0.100347 0.162975 0.170963 0.146821 0.135849 0.115235 0.0706944 0.0320733 0.012595 0.00441897 0.00126051 0.000289056 5.54332e-05 8.83759e-06 1.14913e-06 1.21041e-07 1.01494e-08
 1.29073e-11 1.40158e-09 8.97306e-08 3.38689e-06 7.53705e-05 0.000988909 0.00765107 0.0349302 0.0944341 0.153871 0.163741 0.146488 0.141929 0.122941 0.0763582 0.0353509 0.0142635 0.00509611 0.00146404 0.000336831 6.48446e-05 1.0368e-05 1.34023e-06 1.38004e-07 1.11333e-08
 1.34293e-11 1.45826e-09 9.33594e-08 3.52385e-06 7.84185e-05 0.0010289 0.00796029 0.0363382 0.0981897 0.159581 0.167916 0.145527 0.136268 0.116844 0.0732393 0.034904 0.0146653 0.00540547 0.00158905 0.000374073 7.34142e-05 1.1869e-05 1.5427e-06 1.59156e-07 1.27756e-08
 1.31526e-11 1.42822e-09 9.14357e-08 3.45124e-06 7.68027e-05 0.0010077 0.00779636 0.0355916 0.0961967 0.156538 0.165626 0.145823 0.138933 0.119814 0.0748896 0.0353583 0.0147275 0.00546145 0.00165022 0.000406209 8.34401e-05 1.39813e-05 1.86617e-06 1.96034e-07 1.58953e-08
#obs catch len freq
 9.75286e-12 1.05905e-09 6.7801e-08 2.55916e-06 5.69509e-05 0.000747245 0.00578191 0.0264091 0.071559 0.117848 0.131021 0.131062 0.143511 0.138869 0.104886 0.0665695 0.0366743 0.0166412 0.00608294 0.00178735 0.000410319 7.05016e-05 8.71374e-06 7.48313e-07 4.3322e-08
 1.24853e-11 1.35575e-09 8.67964e-08 3.27613e-06 7.2906e-05 0.000956572 0.00740084 0.0337857 0.0912973 0.148318 0.155381 0.132345 0.122779 0.112606 0.0864844 0.0567386 0.0314932 0.0139067 0.004804 0.0013049 0.000274143 4.31251e-05 4.9013e-06 3.88332e-07 2.0769e-08
 1.22528e-11 1.33051e-09 8.51801e-08 3.21513e-06 7.15487e-05 0.000938775 0.00726359 0.0331685 0.0897442 0.146622 0.157007 0.140955 0.135565 0.119841 0.0827854 0.0473253 0.0238939 0.010202 0.00348248 0.000919698 0.000182353 2.64223e-05 2.73111e-06 1.96242e-07 9.54098e-09
 1.12174e-11 1.21808e-09 7.79826e-08 2.94346e-06 6.55033e-05 0.000859469 0.00665046 0.0303787 0.0823161 0.135333 0.148338 0.140542 0.142016 0.128783 0.0914299 0.0532292 0.0259682 0.0101068 0.00308049 0.000741178 0.000137769 1.88785e-05 1.82667e-06 1.20964e-07 5.35664e-09
 1.22598e-11 1.33126e-09 8.52287e-08 3.21697e-06 7.15897e-05 0.000939323 0.00726809 0.0331931 0.089843 0.14688 0.15708 0.139165 0.131022 0.11676 0.0852643 0.0520171 0.0262574 0.0103254 0.00308043 0.000695531 0.000117461 1.45206e-05 1.28007e-06 7.80527e-08 3.1923e-09
 1.20932e-11 1.31318e-09 8.40712e-08 3.17328e-06 7.06177e-05 0.000926583 0.00716994 0.0327532 0.0887452 0.145683 0.157952 0.143743 0.136869 0.11908 0.0827839 0.0478707 0.0234982 0.00927746 0.0028161 0.000639366 0.000105474 1.23157e-05 9.97771e-07 5.50959e-08 2.0356e-09
 1.19965e-11 1.30268e-09 8.33987e-08 3.1479e-06 7.00531e-05 0.000919184 0.00711301 0.0324985 0.0881095 0.144936 0.157984 0.144753 0.13779 0.11968 0.0835103 0.04806 0.0228727 0.00858175 0.00247655 0.000542923 8.76932e-05 1.00294e-05 7.85448e-07 4.10923e-08 1.4102e-09
 1.26652e-11 1.3753e-09 8.80477e-08 3.32338e-06 7.39583e-05 0.000970429 0.00750963 0.034311 0.0930119 0.152812 0.165352 0.147729 0.135352 0.113863 0.0771527 0.0428894 0.0195984 0.00700931 0.00190596 0.000389631 5.86072e-05 6.28896e-06 4.66568e-07 2.325e-08 7.59111e-10
 1.28885e-11 1.39953e-09 8.95995e-08 3.38195e-06 7.5262e-05 0.000987546 0.00764239 0.0349222 0.0947078 0.155758 0.168723 0.150044 0.135256 0.111555 0.0741086 0.0402244 0.0178481 0.00617111 0.00161143 0.000313001 4.4205e-05 4.41227e-06 3.03155e-07 1.4002e-08 4.25404e-10
 1.30712e-11 1.41938e-09 9.08702e-08 3.42992e-06 7.63297e-05 0.00100157 0.00775121 0.0354241 0.096105 0.158184 0.17139 0.151453 0.13435 0.109236 0.07198 0.0387087 0.0168853 0.00569865 0.00144312 0.000269597 3.62662e-05 3.41376e-06 2.19158e-07 9.38744e-09 2.63213e-10
 1.22855e-11 1.33406e-09 8.54077e-08 3.22374e-06 7.17422e-05 0.000941409 0.00728674 0.0333209 0.0906017 0.150346 0.167077 0.155058 0.142559 0.115801 0.0747034 0.0389368 0.0163927 0.00533412 0.00129958 0.000232554 2.98019e-05 2.65677e-06 1.60534e-07 6.43221e-09 1.67739e-10
 1.25836e-11 1.36643e-09 8.74802e-08 3.30197e-06 7.34834e-05 0.000964268 0.0074639 0.0341332 0.0928123 0.153884 0.170009 0.154837 0.13915 0.112444 0.0733759 0.0385216 0.0159567 0.00499462 0.00115537 0.000195232 2.35834e-05 1.97909e-06 1.12326e-07 4.21515e-09 1.02621e-10
 1.40025e-11 1.5205e-09 9.73442e-08 3.67429e-06 8.1769e-05 0.00107298 0.00830498 0.0379694 0.103109 0.169939 0.18341 0.157133 0.130385 0.0991366 0.0615751 0.0308728 0.0123022 0.00372474 0.000830124 0.000133559 1.51727e-05 1.1878e-06 6.26616e-08 2.18333e-09 4.93441e-11
 1.18577e-11 1.28761e-09 8.24343e-08 3.11154e-06 6.92474e-05 0.000908776 0.00703702 0.0322245 0.0880347 0.148217 0.170575 0.165256 0.151557 0.116935 0.0697375 0.0328145 0.0122583 0.00350438 0.00074145 0.000113461 1.22371e-05 9.04651e-07 4.47412e-08 1.45146e-09 3.03893e-11
 1.20681e-11 1.31046e-09 8.38969e-08 3.16675e-06 7.04762e-05 0.000924906 0.00716185 0.0327918 0.0895102 0.150079 0.170101 0.159819 0.144407 0.115276 0.073925 0.0370973 0.0140593 0.00388091 0.000771019 0.000109768 1.10214e-05 7.60774e-07 3.51834e-08 1.06652e-09 2.08147e-11
 1.30435e-11 1.41638e-09 9.06781e-08 3.42271e-06 7.61728e-05 0.000999663 0.00774045 0.0354331 0.0966066 0.161108 0.178949 0.160094 0.136334 0.104763 0.06629 0.0336577 0.013216 0.00382012 0.000784786 0.000111879 1.08569e-05 7.06095e-07 3.03689e-08 8.52308e-10 1.53931e-11
 1.10225e-11 1.19692e-09 7.66284e-08 2.89244e-06 6.43754e-05 0.00084501 0.00654765 0.030048 0.082632 0.141691 0.169525 0.17127 0.157918 0.11986 0.0706549 0.0328645 0.0119969 0.00331015 0.000665142 9.41871e-05 9.1017e-06 5.83796e-07 2.43462e-08 6.50541e-10 1.10188e-11
 1.20006e-11 1.30312e-09 8.34277e-08 3.14908e-06 7.0086e-05 0.000919906 0.00712592 0.0326637 0.0894186 0.150856 0.172293 0.16127 0.143311 0.113942 0.0735678 0.0366527 0.0135209 0.00359957 0.000684965 9.20006e-05 8.51673e-06 5.28235e-07 2.14011e-08 5.55072e-10 9.07679e-12
 1.35015e-11 1.46611e-09 9.38625e-08 3.54296e-06 7.88525e-05 0.00103497 0.00801702 0.0367399 0.100452 0.168505 0.188306 0.166355 0.134906 0.0971562 0.0576212 0.0274162 0.0100863 0.00272595 0.00051982 6.80591e-05 5.99719e-06 3.49902e-07 1.33139e-08 3.2548e-10 5.03957e-12
 1.19408e-11 1.29663e-09 8.30129e-08 3.1335e-06 6.97449e-05 0.000915659 0.00709855 0.0326153 0.0899066 0.154497 0.183148 0.177179 0.152043 0.107442 0.0590106 0.0252382 0.00834227 0.00206788 0.000371799 4.68789e-05 4.00686e-06 2.25554e-07 8.18707e-09 1.88809e-10 2.7369e-12
 1.11077e-11 1.20618e-09 7.7222e-08 2.91497e-06 6.48842e-05 0.000851981 0.00660803 0.0304033 0.0841318 0.146025 0.176878 0.176775 0.157235 0.115644 0.0658395 0.0282587 0.00890363 0.00201436 0.000323932 3.6636e-05 2.85437e-06 1.49095e-07 5.086e-09 1.10889e-10 1.5201e-12
 1.29629e-11 1.40763e-09 9.01195e-08 3.40179e-06 7.57177e-05 0.000994101 0.00770652 0.035394 0.0973291 0.165511 0.189796 0.17245 0.140749 0.0996129 0.0563856 0.0243152 0.00767092 0.00171188 0.000264503 2.78691e-05 1.9742e-06 9.26991e-08 2.84435e-09 5.62087e-11 7.05218e-13
 1.1624e-11 1.26224e-09 8.08126e-08 3.05061e-06 6.79098e-05 0.000891938 0.00692254 0.0319021 0.0885902 0.154619 0.187472 0.183105 0.153993 0.105299 0.0558097 0.022668 0.00689138 0.00150911 0.00022985 2.36858e-05 1.61521e-06 7.1629e-08 2.03823e-09 3.68268e-11 4.18818e-13
 1.26402e-11 1.37259e-09 8.78772e-08 3.31727e-06 7.38446e-05 0.000969795 0.00752403 0.0346268 0.0957029 0.164584 0.192404 0.177824 0.14439 0.0991937 0.053415 0.0215153 0.00627411 0.00129378 0.00018547 1.81391e-05 1.18279e-06 5.02565e-08 1.36518e-09 2.33693e-11 2.49427e-13
 1.26414e-11 1.37273e-09 8.78873e-08 3.31776e-06 7.38617e-05 0.000970244 0.00753209 0.0347179 0.0963161 0.166963 0.197484 0.183033 0.144867 0.0946113 0.0482541 0.0186548 0.005294 0.00106348 0.000146813 1.36217e-05 8.34106e-07 3.31707e-08 8.4436e-10 1.35786e-11 1.3638e-13
 1.15586e-11 1.25516e-09 8.03621e-08 3.03389e-06 6.75542e-05 0.000887825 0.00690142 0.0319237 0.0893757 0.158312 0.195133 0.190164 0.154642 0.100044 0.0490358 0.0178146 0.00469586 0.000876039 0.000113023 9.86151e-06 5.68984e-07 2.12695e-08 5.06639e-10 7.59239e-12 7.08775e-14
 1.07934e-11 1.17207e-09 7.50438e-08 2.83327e-06 6.30969e-05 0.000829566 0.0064548 0.0299284 0.084255 0.151034 0.190212 0.190855 0.160159 0.106917 0.053673 0.0195659 0.00503683 0.000895632 0.000108264 8.7686e-06 4.68328e-07 1.62225e-08 3.58829e-10 5.00062e-12 4.34199e-14
 1.26138e-11 1.36975e-09 8.76995e-08 3.31096e-06 7.37254e-05 0.000968912 0.00752956 0.0347788 0.0968293 0.16853 0.199211 0.182746 0.143477 0.0942388 0.0480466 0.0179258 0.00469528 0.000838233 9.98737e-05 7.81312e-06 3.95792e-07 1.28281e-08 2.63246e-10 3.38875e-12 2.71382e-14
#spawning biomass
 18595.5 20055.9 23984.6 26759.2 29414.9 36838.5 42108.1 47717.1 59204.4 72898.1 81975.2 90304.4 112457 106247 120893 128206 127456 126079 145069 166442 145791 140359 144593 142324 149108 151204 146908 154452 157786 229089 198718 146252 103582 75281.4 58315.1 48766.5 43619.1 40928.1 39552.4 38860.8 38517.4 38348.5 38265.8 38225.4 38206.2 38197 38192.7 38190.6 38189.6 38189.2 38189 38188.8 38188.8 38188.8 38188.8 38188.8 38188.8 38188.7 38188.7 38188.7 38188.7 38188.7 38188.7 38188.7 38188.7 38188.7 38188.7 38188.7 38188.7 38188.7 38188.7 38188.7 38188.7 38188.7 38188.7 38188.7 38188.7 38188.7 38188.7 38188.7 38188.7 38188.7 38188.7 38188.7 38188.7 38188.7 38188.7 38188.7 38188.7 38188.7 38188.7 38188.7 38188.7 38188.7 38188.7 38188.7 38188.7 38188.7 38188.7 38188.7 38188.7 38188.7 38188.7 38188.7 38188.7 38188.7 38188.7 38188.7 38188.7 38188.7 38188.7 38188.7 38188.7 38188.7 38188.7 38188.7 38188.7 38188.7 38188.7 38188.7 38188.7 38188.7 38188.7 38188.7 38188.7 38188.7 38188.7 38188.7 0 0 0 0 0 0 0 0 0 0 0 0 0 0 0 0 0 0 0 0 0 0 0 0 0
