SBPRF35
27.0032
Curr Bio
175929
B35
4.3936e+07
F35
0.0249227
FOFL
0
OFL
0
Bzero
7.71519e+06
#pred survey bio
 20171.9 24363.7 17986.9 21510.7 40031.8 56289.3 81375.9 97195.3 114171 146319 175802 194339 250794 245985 249247 231823 240198 222657 227376 226592 244775 242336 249856 299133 312859 331867 284753 212862 3.80417e+06 7.94835e+06 1.29103e+07 1.79116e+07 2.25963e+07 2.67787e+07 3.04004e+07 3.34774e+07 3.60631e+07 3.82251e+07 4.00323e+07 4.15484e+07 4.28284e+07 4.3919e+07 4.48209e+07 4.52363e+07 4.5643e+07 4.60407e+07 4.64292e+07 4.68085e+07 4.71786e+07 4.75397e+07 4.78918e+07 4.82352e+07 4.85701e+07 4.88966e+07 4.9215e+07 4.95254e+07 4.98282e+07 5.01234e+07 5.04113e+07 5.06921e+07 5.0966e+07 5.12332e+07 5.14939e+07 5.17482e+07 5.19964e+07 5.22386e+07 5.24751e+07 5.27059e+07 5.29312e+07 5.31512e+07 5.3366e+07 5.35758e+07 5.37807e+07 5.39809e+07 5.41764e+07 5.43675e+07 5.45543e+07 5.47368e+07 5.49152e+07 5.50896e+07 5.52601e+07 5.54268e+07 5.55899e+07 5.57494e+07 5.59055e+07 5.60582e+07 5.62075e+07 5.63537e+07 5.64969e+07 5.66369e+07 5.67741e+07 5.69084e+07 5.70399e+07 5.71688e+07 5.7295e+07 5.74186e+07 5.75398e+07 5.76585e+07 5.77749e+07 5.7889e+07 5.80009e+07 5.81106e+07 5.82181e+07 5.83237e+07 5.84272e+07 5.85288e+07 5.86284e+07 5.87262e+07 5.88223e+07 5.89165e+07 5.90091e+07 5.91e+07 5.91892e+07 5.92769e+07 5.93631e+07 5.94477e+07 5.95309e+07 5.96127e+07 5.9693e+07 5.9772e+07 5.98497e+07 5.99261e+07 6.00012e+07 6.00752e+07 6.01479e+07 6.02194e+07 6.02898e+07 6.03591e+07 0 0 0 0 0 0 0 0 0 0 0 0 0 0 0 0 0 0 0 0 0 0 0 0 0
#obs survey bio
 17120.8 22697.7 22320.5 23144.4 59464.8 83962.8 69935.4 103071 126822 103868 122883 208914 225649 232951 187311 196403 226270 157155 263305 240647 267519 176638 203812 256436 204247 273489 235778 135548
#pred catch bio
 9565.94 17560 11124.6 10308.2 28551.5 40290.5 62009.4 75824.1 85984.2 111037 141288 145755 205140 195834 208628 188666 205431 187310 193081 188789 211448 206910 212399 262657 273228 301000 265712 213419 0 9114.57 15095.7 21134.2 26820.4 31906.7 36307.6 40034.9 43150.4 45736.7 47879 49656.6 51139.2 52385.1 53397.8 53824.9 54238.6 54639.4 55027.8 55404 55768.6 56121.7 56463.9 56795.4 57116.5 57427.7 57729.1 58021.2 58304.1 58578.3 58843.9 59101.2 59350.5 59592 59826 60052.7 60272.4 60485.2 60691.3 60891.1 61084.6 61272.1 61453.7 61629.7 61800.2 61965.4 62125.4 62280.5 62430.7 62576.2 62717.2 62853.8 62986.2 63114.4 63238.6 63359 63475.6 63588.6 63698 63804.1 63906.8 64006.3 64102.8 64196.2 64286.7 64374.4 64459.3 64541.7 64621.4 64698.7 64773.5 64846 64916.3 64984.4 65050.3 65114.2 65176.1 65236.1 65294.2 65350.5 65405 65457.9 65509.1 65558.7 65606.7 65653.3 65698.4 65742.1 65784.4 65825.4 65865.2 65903.7 65941 65977.1 66012.1 66046.1 66078.9 66110.8 66141.6 66171.5 0 0 0 0 0 0 0 0 0 0 0 0 0 0 0 0 0 0 0 0 0 0 0 0 0
#obs catch bio
 14132 18548.6 12573.9 8117.89 23159.1 32372.5 52022.6 66730.9 75634.7 91380.2 130660 126266 189430 176027 195522 176041 184765 183635 167234 159134 177218 183791 167850 247685 249671 262839 232575 213327
#pred cpue bio
 15130 21082.3 13720.1 14846.6 24288.8 30663.1 43778.4 54684.8 60778.8 79320.8 99219.5 100428 137136 135812 144979 122043 129054 110479 111969 110444 118748 111318 117324 123167 132269 140872 123243 88058.2 815986 7.78948e+06 1.2788e+07 1.77877e+07 2.24723e+07 2.66547e+07 3.02765e+07 3.33534e+07 3.59391e+07 3.81011e+07 3.99084e+07 4.14244e+07 4.27045e+07 4.37951e+07 4.4697e+07 4.51124e+07 4.5519e+07 4.59167e+07 4.63052e+07 4.66845e+07 4.70546e+07 4.74157e+07 4.77679e+07 4.81113e+07 4.84461e+07 4.87727e+07 4.9091e+07 4.94015e+07 4.97042e+07 4.99994e+07 5.02873e+07 5.05681e+07 5.0842e+07 5.11092e+07 5.13699e+07 5.16242e+07 5.18725e+07 5.21147e+07 5.23511e+07 5.25819e+07 5.28072e+07 5.30272e+07 5.3242e+07 5.34518e+07 5.36567e+07 5.38569e+07 5.40525e+07 5.42436e+07 5.44303e+07 5.46128e+07 5.47912e+07 5.49656e+07 5.51361e+07 5.53029e+07 5.5466e+07 5.56255e+07 5.57815e+07 5.59342e+07 5.60836e+07 5.62298e+07 5.63729e+07 5.6513e+07 5.66501e+07 5.67844e+07 5.6916e+07 5.70448e+07 5.7171e+07 5.72946e+07 5.74158e+07 5.75345e+07 5.76509e+07 5.7765e+07 5.78769e+07 5.79866e+07 5.80942e+07 5.81997e+07 5.83032e+07 5.84048e+07 5.85045e+07 5.86023e+07 5.86983e+07 5.87926e+07 5.88851e+07 5.8976e+07 5.90653e+07 5.9153e+07 5.92391e+07 5.93238e+07 5.94069e+07 5.94887e+07 5.95691e+07 5.96481e+07 5.97258e+07 5.98021e+07 5.98773e+07 5.99512e+07 6.00239e+07 6.00955e+07 6.01659e+07 6.02352e+07 0 0 0 0 0 0 0 0 0 0 0 0 0 0 0 0 0 0 0 0 0 0 0 0 0
#obs cpue bio
 22455.5 18443.3 16144.1 20053.1 31533 51324.1 80312.5 91859.7 90928.8 211932 208139 167909 221317 198992 278310 181571 230234 156495 190529 196637 233054 224566 364518 184729 277792 315340 249382 138250
#pred surv len freq
 1.24365e-11 1.34987e-09 8.63912e-08 3.26014e-06 7.25424e-05 0.000951803 0.00736468 0.0336261 0.09088 0.147667 0.155007 0.133405 0.124739 0.109918 0.0757582 0.0450957 0.0268888 0.0161862 0.0100097 0.00662054 0.00479357 0.0038502 0.00325111 0.00247545 0.00143671
 7.49913e-12 8.13959e-10 5.20933e-08 1.96584e-06 4.37431e-05 0.000573967 0.00444229 0.02031 0.0552634 0.0927975 0.111432 0.131323 0.16148 0.157073 0.111578 0.0671773 0.039018 0.0213828 0.0111846 0.00593583 0.003382 0.00219115 0.00160244 0.00114707 0.000659628
 1.15111e-11 1.24942e-09 7.99628e-08 3.01755e-06 6.71445e-05 0.000880985 0.00681693 0.0311301 0.0842014 0.137359 0.146731 0.132775 0.131617 0.120126 0.0861476 0.0540489 0.0326168 0.0180931 0.00913637 0.00430461 0.00196279 0.000947618 0.000531391 0.00032628 0.000176714
 1.32947e-11 1.44301e-09 9.23523e-08 3.48509e-06 7.75479e-05 0.00101748 0.00787282 0.0359456 0.0971408 0.157774 0.165298 0.141356 0.130572 0.112309 0.0726288 0.0380455 0.0196951 0.0105042 0.00540914 0.00255489 0.00108274 0.000425905 0.000172286 7.87288e-05 3.6417e-05
 1.55026e-11 1.68266e-09 1.0769e-07 4.06388e-06 9.04265e-05 0.00118644 0.00917961 0.0418992 0.113051 0.182174 0.184141 0.140559 0.111769 0.0906357 0.0597901 0.033236 0.0174412 0.00842177 0.003747 0.00162679 0.000674107 0.000251515 8.44275e-05 2.7748e-05 9.51821e-06
 1.60746e-11 1.74475e-09 1.11664e-07 4.21384e-06 9.37633e-05 0.00123022 0.00951851 0.0434491 0.117276 0.189325 0.192958 0.151209 0.123568 0.096534 0.0529629 0.0178433 0.00357396 0.000422778 2.94988e-05 1.2138e-06 2.94952e-08 4.38404e-10 8.85697e-12 1.47276e-12 3.67884e-13
 1.6225e-11 1.76107e-09 1.12708e-07 4.25326e-06 9.46404e-05 0.00124173 0.00960751 0.0438545 0.118359 0.190981 0.194215 0.151079 0.122159 0.0949257 0.0520087 0.0175168 0.00350835 0.000415012 2.89566e-05 1.19137e-06 2.89035e-08 4.13456e-10 3.48735e-12 1.73446e-14 5.08633e-17
 1.56687e-11 1.70068e-09 1.08843e-07 4.10741e-06 9.13952e-05 0.00119915 0.00927822 0.0423545 0.114352 0.184853 0.189566 0.151561 0.127373 0.100876 0.0555392 0.0187248 0.00375107 0.000443741 3.09613e-05 1.27385e-06 3.09046e-08 4.42081e-10 3.72879e-12 1.85454e-14 5.43846e-17
 1.63489e-11 1.77452e-09 1.13569e-07 4.28574e-06 9.53632e-05 0.00125121 0.00968084 0.0441886 0.119251 0.192346 0.19525 0.150972 0.120998 0.0936006 0.0512224 0.0172477 0.0034543 0.000408614 2.85101e-05 1.173e-06 2.84578e-08 4.07081e-10 3.43358e-12 1.70771e-14 5.00789e-17
 1.61334e-11 1.75112e-09 1.12071e-07 4.22923e-06 9.41058e-05 0.00123472 0.00955325 0.0436074 0.117699 0.189971 0.193449 0.151158 0.123018 0.095906 0.0525904 0.0177158 0.00354834 0.000419746 2.92869e-05 1.20496e-06 2.92332e-08 4.18172e-10 3.52713e-12 1.75424e-14 5.14433e-17
 1.56282e-11 1.69629e-09 1.08562e-07 4.0968e-06 9.11591e-05 0.00119606 0.00925427 0.0422454 0.114061 0.184407 0.189228 0.151596 0.127752 0.101309 0.055796 0.0188127 0.00376872 0.000445831 3.11071e-05 1.27985e-06 3.10501e-08 4.44164e-10 3.74635e-12 1.86328e-14 5.46407e-17
 1.66859e-11 1.81109e-09 1.1591e-07 4.37407e-06 9.73287e-05 0.001277 0.00988028 0.0450971 0.121678 0.196057 0.198066 0.150679 0.11784 0.0899967 0.0490842 0.016516 0.0033073 0.000391214 2.72959e-05 1.12304e-06 2.72458e-08 3.89744e-10 3.28734e-12 1.63498e-14 4.7946e-17
 1.60284e-11 1.73973e-09 1.11342e-07 4.20171e-06 9.34935e-05 0.00122668 0.00949113 0.0433244 0.116943 0.188815 0.192572 0.151249 0.124002 0.0970286 0.0532565 0.0179437 0.00359413 0.000425166 2.96651e-05 1.22052e-06 2.96107e-08 4.23573e-10 3.57268e-12 1.7769e-14 5.21077e-17
 1.59088e-11 1.72675e-09 1.10511e-07 4.17036e-06 9.27958e-05 0.00121753 0.00942034 0.0430019 0.116081 0.187498 0.191573 0.151353 0.125123 0.0983078 0.0540154 0.0182034 0.00364631 0.000431342 3.0096e-05 1.23825e-06 3.00409e-08 4.29727e-10 3.62458e-12 1.80271e-14 5.28647e-17
 1.52228e-11 1.65229e-09 1.05746e-07 3.99054e-06 8.87947e-05 0.00116504 0.00901435 0.0411525 0.111141 0.179943 0.185841 0.151948 0.131551 0.105644 0.0583683 0.0196929 0.00394556 0.000466762 3.25677e-05 1.33995e-06 3.25081e-08 4.6502e-10 3.92227e-12 1.95077e-14 5.72064e-17
 1.64775e-11 1.78848e-09 1.14462e-07 4.31946e-06 9.61134e-05 0.00126105 0.00975696 0.0445353 0.120177 0.193762 0.196325 0.15086 0.119793 0.0922251 0.0504063 0.0169684 0.00339819 0.000401973 2.80467e-05 1.15393e-06 2.79952e-08 4.00464e-10 3.37776e-12 1.67995e-14 4.92648e-17
 1.62404e-11 1.76274e-09 1.12815e-07 4.2573e-06 9.47302e-05 0.00124291 0.00961662 0.043896 0.11847 0.191151 0.194344 0.151066 0.122015 0.094761 0.051911 0.0174833 0.00350164 0.000414217 2.89011e-05 1.18909e-06 2.88481e-08 4.12664e-10 3.48067e-12 1.73113e-14 5.07656e-17
 1.71182e-11 1.85802e-09 1.18913e-07 4.4874e-06 9.98504e-05 0.00131008 0.0101361 0.0462627 0.124791 0.200819 0.201678 0.150305 0.113789 0.0853731 0.0463408 0.0155773 0.0031187 0.000368891 2.57382e-05 1.05895e-06 2.56909e-08 3.67501e-10 3.09973e-12 1.54167e-14 4.52097e-17
 1.71953e-11 1.86639e-09 1.19448e-07 4.50761e-06 0.0001003 0.00131598 0.0101818 0.0464705 0.125346 0.201668 0.202322 0.150238 0.113066 0.0845486 0.0458516 0.0154099 0.00308506 0.00036491 2.54604e-05 1.04752e-06 2.54136e-08 3.63534e-10 3.06627e-12 1.52503e-14 4.47217e-17
 1.72981e-11 1.87754e-09 1.20163e-07 4.53456e-06 0.0001009 0.00132385 0.0102426 0.0467477 0.126086 0.2028 0.203181 0.150149 0.112103 0.0834493 0.0451993 0.0151867 0.00304022 0.000359602 2.509e-05 1.03228e-06 2.50439e-08 3.58246e-10 3.02167e-12 1.50285e-14 4.40711e-17
 1.73445e-11 1.88258e-09 1.20485e-07 4.54672e-06 0.00010117 0.0013274 0.0102701 0.0468727 0.12642 0.203311 0.203569 0.150108 0.111669 0.0829532 0.044905 0.015086 0.00301999 0.000357207 2.49229e-05 1.02541e-06 2.4877e-08 3.55859e-10 3.00154e-12 1.49284e-14 4.37776e-17
 1.78573e-11 1.93823e-09 1.24047e-07 4.68114e-06 0.000104161 0.00136664 0.0105735 0.0482552 0.130113 0.208958 0.207853 0.149664 0.106863 0.0774693 0.0416512 0.0139726 0.0027963 0.00033073 2.30752e-05 9.49387e-07 2.30328e-08 3.29477e-10 2.77902e-12 1.38216e-14 4.05321e-17
 1.76566e-11 1.91645e-09 1.22653e-07 4.62853e-06 0.00010299 0.00135128 0.0104548 0.0477141 0.128668 0.206748 0.206176 0.149838 0.108744 0.0796157 0.0429248 0.0144084 0.00288385 0.000341093 2.37984e-05 9.79141e-07 2.37546e-08 3.39803e-10 2.86611e-12 1.42548e-14 4.18024e-17
 1.87521e-11 2.03536e-09 1.30263e-07 4.9157e-06 0.00010938 0.00143511 0.0111031 0.0506677 0.136557 0.218814 0.215329 0.148888 0.0984783 0.0678996 0.0359731 0.0120297 0.00240594 0.000284525 1.9851e-05 8.1673e-07 1.98144e-08 2.83439e-10 2.3907e-12 1.18903e-14 3.48685e-17
 1.85505e-11 2.01348e-09 1.28862e-07 4.86286e-06 0.000108205 0.00141969 0.0109838 0.0501242 0.135105 0.216594 0.213645 0.149063 0.100367 0.0700553 0.0372522 0.0124673 0.00249387 0.000294934 2.05773e-05 8.46613e-07 2.05394e-08 2.9381e-10 2.47818e-12 1.23254e-14 3.61443e-17
 1.8519e-11 2.01006e-09 1.28644e-07 4.85461e-06 0.000108021 0.00141728 0.0109652 0.0500393 0.134878 0.216247 0.213382 0.14909 0.100662 0.0703922 0.0374521 0.0125357 0.00250761 0.00029656 2.06908e-05 8.51282e-07 2.06527e-08 2.95431e-10 2.49185e-12 1.23934e-14 3.63437e-17
 1.83643e-11 1.99326e-09 1.27569e-07 4.81404e-06 0.000107118 0.00140543 0.0108736 0.0496221 0.133764 0.214542 0.212089 0.149224 0.102112 0.0720471 0.038434 0.0128717 0.00257512 0.00030455 2.12484e-05 8.74223e-07 2.12092e-08 3.03392e-10 2.559e-12 1.27274e-14 3.73231e-17
 1.87169e-11 2.03154e-09 1.30018e-07 4.90647e-06 0.000109175 0.00143242 0.0110823 0.0505728 0.136303 0.218426 0.215035 0.148918 0.0988082 0.0682761 0.0361965 0.0121061 0.0024213 0.000286343 1.99779e-05 8.21949e-07 1.9941e-08 2.85251e-10 2.40598e-12 1.19663e-14 3.50913e-17
#obs surv len freq
 3.86054e-11 3.57782e-09 1.95513e-07 6.29969e-06 0.000119689 0.00134089 0.00885977 0.0345603 0.0800202 0.113089 0.110743 0.105563 0.117898 0.123606 0.112814 0.0893246 0.0569491 0.0284946 0.0115774 0.00383237 0.000986877 0.00018735 2.5138e-05 2.30842e-06 1.41412e-07
 1.97239e-11 1.76304e-09 9.29216e-08 2.88776e-06 5.29185e-05 0.000571902 0.00364796 0.0137924 0.0316012 0.0486352 0.0681557 0.108701 0.155535 0.173104 0.159393 0.121644 0.0705184 0.0303804 0.0104032 0.00300291 0.000711962 0.000128825 1.66509e-05 1.46752e-06 8.54708e-08
 1.43473e-10 1.23478e-08 6.26606e-07 1.87494e-05 0.000330801 0.0034414 0.0211108 0.0763725 0.163064 0.206322 0.158271 0.0836268 0.0507257 0.0559219 0.0669482 0.0589125 0.0348891 0.0143119 0.00439723 0.00108159 0.000215634 3.37294e-05 3.92307e-06 3.20506e-07 1.75535e-08
 1.38027e-10 1.1419e-08 5.57029e-07 1.6022e-05 0.000271737 0.00271768 0.0160326 0.0558838 0.116102 0.150218 0.144525 0.144881 0.14883 0.114942 0.0614266 0.0262732 0.0111314 0.00463328 0.00160631 0.000417732 7.89124e-05 1.08215e-05 1.07455e-06 7.57512e-08 3.66983e-09
 1.83503e-10 1.4571e-08 6.82213e-07 1.88339e-05 0.000306585 0.00294289 0.0166616 0.0557116 0.110778 0.13568 0.119299 0.10843 0.116629 0.118792 0.103275 0.0691586 0.031374 0.00902553 0.00166676 0.000220671 2.5577e-05 2.78673e-06 2.4611e-07 1.54323e-08 6.52522e-10
 3.39988e-10 2.5874e-08 1.16105e-06 3.07202e-05 0.000479279 0.00440921 0.0239237 0.0766405 0.145781 0.169473 0.137045 0.108586 0.101828 0.0912395 0.0703476 0.0436478 0.0194112 0.00580209 0.00117164 0.000165247 1.66415e-05 1.21065e-06 6.58057e-08 2.79884e-09 9.22642e-11
 3.94469e-10 2.87327e-08 1.23404e-06 3.12514e-05 0.000466664 0.00410932 0.0213478 0.0655741 0.120501 0.140294 0.128342 0.129114 0.133216 0.112447 0.0773639 0.0432563 0.0178002 0.00501422 0.000971445 0.000135247 1.38748e-05 1.02939e-06 5.32702e-08 1.87665e-09 4.4768e-11
 5.97606e-10 4.16094e-08 1.70826e-06 4.13529e-05 0.000590271 0.00496848 0.0246712 0.0724159 0.126979 0.140128 0.11939 0.112944 0.118581 0.111584 0.0877952 0.0523 0.0210721 0.0054802 0.000936459 0.000111544 9.85289e-06 6.56676e-07 3.20133e-08 1.0921e-09 2.51349e-11
 8.96187e-10 5.95752e-08 2.33518e-06 5.39714e-05 0.000735535 0.00591127 0.0280293 0.0786171 0.132184 0.142077 0.123243 0.120547 0.122461 0.10612 0.0763175 0.0424069 0.0163345 0.00415751 0.000710463 8.50698e-05 7.3318e-06 4.51974e-07 1.95487e-08 5.85352e-10 1.2004e-11
 1.25245e-09 7.94022e-08 2.96819e-06 6.54243e-05 0.00085033 0.00651761 0.0294798 0.0789493 0.127349 0.134108 0.120388 0.124276 0.127937 0.110907 0.0787123 0.0417783 0.0148222 0.00333198 0.000476571 4.54707e-05 3.11093e-06 1.60735e-07 6.21712e-09 1.7158e-10 3.22883e-12
 1.72209e-09 1.0401e-07 3.7041e-06 7.77822e-05 0.000963124 0.00703331 0.030317 0.0774785 0.12005 0.124858 0.117703 0.128391 0.134028 0.116866 0.0823504 0.0422733 0.0142073 0.00297707 0.000388256 3.24913e-05 1.84106e-06 7.46315e-08 2.21903e-09 4.7913e-11 7.3429e-13
 2.87244e-09 1.65118e-07 5.59659e-06 0.000111852 0.00131816 0.00916145 0.0375824 0.0913794 0.134502 0.132027 0.116151 0.119933 0.122945 0.10759 0.0752264 0.0373825 0.0119823 0.00238276 0.000294799 2.34024e-05 1.25036e-06 4.68598e-08 1.24351e-09 2.29446e-11 2.88481e-13
 3.49362e-09 1.90961e-07 6.15465e-06 0.000116965 0.00131076 0.00866442 0.0338351 0.0786654 0.113126 0.117665 0.124013 0.143237 0.142988 0.115457 0.0741879 0.0342629 0.010294 0.00192691 0.00022494 1.68775e-05 8.53043e-07 3.02129e-08 7.54906e-10 1.30248e-11 1.51383e-13
 5.0189e-09 2.60638e-07 7.98098e-06 0.000144101 0.00153426 0.00963588 0.0357563 0.079047 0.108416 0.108812 0.113465 0.13386 0.143325 0.127225 0.0859906 0.0393098 0.0112697 0.00197359 0.000211974 1.43334e-05 6.38406e-07 1.97003e-08 4.3292e-10 6.71082e-12 7.13732e-14
 8.15027e-09 4.01817e-07 1.16808e-05 0.000200222 0.00202384 0.0120677 0.0425265 0.0893997 0.117282 0.114708 0.118428 0.135338 0.13757 0.115166 0.0733483 0.0316794 0.00863265 0.0014533 0.000152994 1.04192e-05 4.78645e-07 1.52149e-08 3.32608e-10 4.88269e-12 4.72419e-14
 1.22731e-08 5.74035e-07 1.58311e-05 0.000257442 0.00246879 0.0139676 0.0467302 0.0935238 0.118267 0.115805 0.123108 0.139536 0.136759 0.109247 0.065771 0.026636 0.00675464 0.00104685 9.96834e-05 5.99375e-06 2.38256e-07 6.57851e-09 1.29261e-10 1.78355e-12 1.67499e-14
 1.85334e-08 8.21873e-07 2.14904e-05 0.000331346 0.00301276 0.0161633 0.0513063 0.0976794 0.118853 0.115651 0.124681 0.14024 0.135235 0.105596 0.0611433 0.0235269 0.00564784 0.000830745 7.5633e-05 4.39301e-06 1.69794e-07 4.51928e-09 8.33061e-11 1.04376e-12 8.70438e-15
 2.89269e-08 1.21562e-06 3.01218e-05 0.000440116 0.00379234 0.0192832 0.0580431 0.105047 0.122763 0.117809 0.126642 0.139222 0.130173 0.0979145 0.0540172 0.019671 0.0044682 0.000625195 5.47377e-05 3.1057e-06 1.19001e-07 3.15484e-09 5.74867e-11 7.02882e-13 5.6476e-15
 3.96314e-08 1.57761e-06 3.70297e-05 0.000512516 0.00418361 0.0201593 0.0576022 0.0997584 0.11527 0.117573 0.135093 0.147979 0.133613 0.0960878 0.0503621 0.0174186 0.00378586 0.000515252 4.50317e-05 2.62634e-06 1.05209e-07 2.89611e-09 5.36129e-11 6.52626e-13 5.15683e-15
 6.10999e-08 2.30316e-06 5.11916e-05 0.000670939 0.00518636 0.0236683 0.0640785 0.10537 0.116548 0.115871 0.131409 0.143845 0.131569 0.0944519 0.0479249 0.0157104 0.0032029 0.000406663 3.30626e-05 1.79732e-06 6.78265e-08 1.79211e-09 3.25055e-11 3.93945e-13 3.12328e-15
 9.19884e-08 3.28276e-06 6.90778e-05 0.000857142 0.00627325 0.0271145 0.069637 0.109412 0.118742 0.12094 0.138021 0.145059 0.124978 0.084061 0.0399271 0.0122596 0.0023435 0.000279322 2.13349e-05 1.08853e-06 3.84108e-08 9.44153e-10 1.58821e-11 1.78736e-13 1.32378e-15
 1.35608e-07 4.58089e-06 9.12452e-05 0.00107175 0.00742558 0.0303941 0.0740427 0.111151 0.118219 0.12241 0.140397 0.145175 0.122337 0.0793329 0.0356824 0.0102429 0.00181154 0.000197165 1.35018e-05 6.05444e-07 1.85869e-08 4.00566e-10 6.01786e-12 6.14833e-14 4.17163e-16
 1.85126e-07 5.9192e-06 0.000111598 0.00124075 0.00813839 0.0315593 0.0730876 0.105885 0.114079 0.125989 0.148131 0.150348 0.122685 0.0760732 0.0323408 0.00872221 0.00144612 0.000147424 9.44179e-06 3.941e-07 1.11453e-08 2.17856e-10 2.921e-12 2.63143e-14 1.56585e-16
 2.66529e-07 8.06624e-06 0.000143945 0.00151485 0.0094062 0.0345477 0.0759582 0.105522 0.112294 0.125889 0.148466 0.150648 0.122506 0.0740732 0.0300521 0.00765253 0.00119462 0.000114847 6.96436e-06 2.76428e-07 7.44098e-09 1.37744e-10 1.73234e-12 1.44788e-14 7.90689e-17
 3.91638e-07 1.12193e-05 0.000189518 0.00188796 0.0110988 0.0386205 0.0807022 0.10794 0.114445 0.13023 0.151247 0.14839 0.115815 0.066624 0.0255944 0.00618579 0.000925442 8.67879e-05 5.25941e-06 2.13186e-07 5.88889e-09 1.10068e-10 1.36264e-12 1.09696e-14 5.68684e-17
 4.88476e-07 1.32471e-05 0.00021184 0.001998 0.0111251 0.03674 0.073522 0.0975765 0.111213 0.138333 0.162898 0.156034 0.117219 0.0640112 0.0231013 0.00521231 0.000724416 6.27791e-05 3.5e-06 1.30642e-07 3.36003e-09 5.96099e-11 7.14569e-13 5.64977e-15 2.89264e-17
 5.8759e-07 1.50869e-05 0.000228426 0.00204004 0.0107616 0.0337497 0.064813 0.0857816 0.10456 0.139374 0.169449 0.166668 0.12635 0.0673705 0.0231917 0.00494268 0.000647685 5.30266e-05 2.80047e-06 9.89884e-08 2.39612e-09 3.96108e-11 4.38752e-13 3.19563e-15 1.51173e-17
 8.71718e-07 2.11935e-05 0.000303846 0.00256962 0.012838 0.0381579 0.0696502 0.0884903 0.105382 0.13852 0.167685 0.16514 0.123155 0.0629899 0.0204698 0.00408659 0.00049944 3.79881e-05 1.85619e-06 6.05189e-08 1.35149e-09 2.06805e-11 2.12818e-13 1.44222e-15 6.33901e-18
#pred catch len freq
 7.06577e-13 7.66922e-11 4.90834e-09 1.85234e-07 4.1227e-06 5.41593e-05 0.000421701 0.00198687 0.00621312 0.0168957 0.0494876 0.122738 0.201928 0.209989 0.149904 0.0898092 0.0536093 0.032277 0.0199603 0.0132018 0.0095586 0.00767747 0.00648286 0.00493616 0.00286487
 4.07537e-13 4.42343e-11 2.83104e-09 1.06844e-07 2.37847e-06 3.12775e-05 0.000244796 0.00118253 0.00408571 0.0138138 0.0480067 0.12593 0.210003 0.219746 0.158354 0.0955522 0.0555051 0.0304157 0.0159084 0.00844257 0.00481018 0.00311644 0.00227913 0.00163146 0.000938181
 7.7318e-13 8.39215e-11 5.37101e-09 2.02694e-07 4.5112e-06 5.92564e-05 0.000461132 0.00216669 0.00669622 0.0176581 0.0501947 0.123236 0.203017 0.213741 0.157845 0.0995034 0.0600745 0.0333234 0.0168263 0.00792751 0.0036147 0.00174514 0.000978612 0.000600879 0.000325438
 8.6796e-13 9.42089e-11 6.02941e-09 2.27541e-07 5.06421e-06 6.65206e-05 0.000517671 0.00243256 0.00752061 0.0198492 0.0564367 0.138213 0.225404 0.22937 0.153783 0.0811064 0.0420363 0.0224238 0.0115472 0.00545394 0.00231131 0.00090917 0.000367775 0.00016806 7.77384e-05
 7.9449e-12 8.62343e-10 5.51898e-08 2.0827e-06 4.63432e-05 0.000608083 0.00470631 0.0215163 0.0585352 0.0982063 0.117534 0.137563 0.167891 0.16117 0.110488 0.0617698 0.0324045 0.015639 0.0069567 0.00302012 0.00125145 0.000466925 0.000156735 5.15126e-05 1.767e-05
 1.03179e-11 1.11991e-09 7.1674e-08 2.70476e-06 6.01848e-05 0.00078969 0.00611137 0.0279284 0.0758192 0.125921 0.144858 0.156201 0.177514 0.158101 0.0894928 0.0303432 0.00608531 0.000720035 5.02419e-05 2.06735e-06 5.0236e-08 7.46567e-10 1.50468e-11 2.49787e-12 6.23916e-13
 1.19963e-11 1.30209e-09 8.33334e-08 3.14475e-06 6.9975e-05 0.000918132 0.00710476 0.0324536 0.0879063 0.144407 0.158882 0.154745 0.161786 0.14015 0.0788422 0.0266987 0.0053531 0.000633365 4.41935e-05 1.81828e-06 4.41129e-08 6.31023e-10 5.32244e-12 2.64716e-14 7.76283e-17
 1.15195e-11 1.25033e-09 8.00209e-08 3.01975e-06 6.71936e-05 0.000881642 0.00682254 0.031168 0.0844723 0.139155 0.154898 0.155159 0.166254 0.14525 0.081868 0.0277341 0.00556112 0.000657988 4.59117e-05 1.88898e-06 4.58279e-08 6.55556e-10 5.52937e-12 2.75007e-14 8.06461e-17
 1.19792e-11 1.30022e-09 8.32141e-08 3.14024e-06 6.98748e-05 0.000916818 0.00709459 0.0324073 0.0877826 0.144218 0.158739 0.15476 0.161947 0.140334 0.0789511 0.026736 0.00536059 0.000634252 4.42554e-05 1.82083e-06 4.41746e-08 6.31906e-10 5.32989e-12 2.65086e-14 7.77367e-17
 1.17482e-11 1.27516e-09 8.161e-08 3.07971e-06 6.85279e-05 0.000899148 0.00695793 0.0317847 0.0861197 0.141674 0.15681 0.15496 0.164111 0.142804 0.0804164 0.0272374 0.00546133 0.000646176 4.50874e-05 1.85506e-06 4.50052e-08 6.43787e-10 5.4301e-12 2.7007e-14 7.91982e-17
 1.20702e-11 1.31011e-09 8.38467e-08 3.16412e-06 7.0406e-05 0.000923787 0.0071485 0.0326528 0.0884384 0.145221 0.1595 0.154681 0.161093 0.13936 0.0783732 0.0265383 0.00532086 0.00062955 4.39272e-05 1.80733e-06 4.38471e-08 6.27221e-10 5.29037e-12 2.6312e-14 7.71603e-17
 1.25049e-11 1.35729e-09 8.68662e-08 3.27806e-06 7.29414e-05 0.00095705 0.00740575 0.0338247 0.0915686 0.150008 0.163132 0.154304 0.15702 0.134711 0.075615 0.0255944 0.00513124 0.000607105 4.2361e-05 1.74289e-06 4.22837e-08 6.04857e-10 5.10174e-12 2.53739e-14 7.44091e-17
 1.3028e-11 1.41406e-09 9.04997e-08 3.41518e-06 7.59924e-05 0.000997078 0.00771533 0.035235 0.0953355 0.155769 0.167502 0.153851 0.152118 0.129117 0.0722958 0.0244587 0.00490305 0.000580096 4.04763e-05 1.66534e-06 4.04024e-08 5.77945e-10 4.87475e-12 2.42449e-14 7.10984e-17
 1.23337e-11 1.3387e-09 8.56769e-08 3.23318e-06 7.19428e-05 0.000943949 0.00730443 0.0333631 0.0903357 0.148122 0.161701 0.154453 0.158624 0.136542 0.0767014 0.0259662 0.00520593 0.000615945 4.29779e-05 1.76827e-06 4.28995e-08 6.13666e-10 5.17604e-12 2.57434e-14 7.54927e-17
 1.22594e-11 1.33064e-09 8.51607e-08 3.2137e-06 7.15093e-05 0.000938262 0.00726045 0.0331628 0.0898006 0.147304 0.16108 0.154517 0.159321 0.137337 0.077173 0.0261275 0.00523834 0.000619782 4.32456e-05 1.77929e-06 4.31667e-08 6.17489e-10 5.20829e-12 2.59038e-14 7.59631e-17
 1.3621e-11 1.47843e-09 9.46192e-08 3.57064e-06 7.94514e-05 0.00104246 0.00806631 0.0368338 0.0996061 0.162301 0.172457 0.153337 0.146561 0.122775 0.0685328 0.023171 0.00464435 0.000549474 3.83395e-05 1.57742e-06 3.82694e-08 5.47434e-10 4.6174e-12 2.2965e-14 6.73449e-17
 1.40833e-11 1.5286e-09 9.78303e-08 3.69181e-06 8.21478e-05 0.00107783 0.0083399 0.0380801 0.102935 0.167392 0.17632 0.152936 0.142229 0.117831 0.0655994 0.0221673 0.00444269 0.000525605 3.66738e-05 1.50889e-06 3.66068e-08 5.2365e-10 4.41679e-12 2.19672e-14 6.44191e-17
 1.50532e-11 1.63388e-09 1.04568e-07 3.94609e-06 8.78056e-05 0.00115206 0.00891399 0.0406953 0.10992 0.178075 0.184424 0.152095 0.13314 0.107458 0.0594443 0.0200611 0.00401954 0.000475518 3.31787e-05 1.36509e-06 3.3118e-08 4.73744e-10 3.99586e-12 1.98737e-14 5.82797e-17
 1.52861e-11 1.65916e-09 1.06186e-07 4.00713e-06 8.91637e-05 0.00116988 0.0090518 0.0413231 0.111597 0.18064 0.18637 0.151893 0.130958 0.104967 0.0579668 0.0195555 0.00391796 0.000463495 3.23397e-05 1.33057e-06 3.22805e-08 4.61764e-10 3.89481e-12 1.93711e-14 5.68059e-17
 1.51741e-11 1.647e-09 1.05408e-07 3.97777e-06 8.85105e-05 0.00116131 0.00898552 0.0410211 0.110791 0.179406 0.185434 0.15199 0.132007 0.106165 0.0586774 0.0197987 0.00396681 0.000469278 3.27433e-05 1.34717e-06 3.26833e-08 4.67526e-10 3.94341e-12 1.96128e-14 5.75148e-17
 1.57065e-11 1.70479e-09 1.09106e-07 4.11733e-06 9.16158e-05 0.00120205 0.0093006 0.0424565 0.114624 0.18527 0.189882 0.151529 0.127018 0.100471 0.0552992 0.0186427 0.00373457 0.000441788 3.0825e-05 1.26825e-06 3.07685e-08 4.40136e-10 3.71238e-12 1.84638e-14 5.41452e-17
 1.62457e-11 1.76332e-09 1.12852e-07 4.25869e-06 9.47612e-05 0.00124332 0.00961976 0.0439104 0.118508 0.191209 0.194388 0.151061 0.121965 0.0947043 0.0518773 0.0174718 0.00349932 0.000413943 2.8882e-05 1.1883e-06 2.8829e-08 4.12391e-10 3.47836e-12 1.72999e-14 5.0732e-17
 1.59253e-11 1.72854e-09 1.10626e-07 4.1747e-06 9.28924e-05 0.0012188 0.00943014 0.0430465 0.1162 0.18768 0.191711 0.151339 0.124967 0.0981308 0.0539104 0.0181675 0.00363909 0.000430487 3.00364e-05 1.2358e-06 2.99813e-08 4.28875e-10 3.6174e-12 1.79914e-14 5.27599e-17
 1.76821e-11 1.91922e-09 1.2283e-07 4.63522e-06 0.000103139 0.00135323 0.0104699 0.047783 0.128852 0.207029 0.20639 0.149816 0.108505 0.0793425 0.0427626 0.0143529 0.0028727 0.000339774 2.37063e-05 9.75353e-07 2.36627e-08 3.38489e-10 2.85502e-12 1.41997e-14 4.16406e-17
 1.73797e-11 1.8864e-09 1.20729e-07 4.55594e-06 0.000101375 0.00133009 0.0102909 0.0469675 0.126674 0.203698 0.203862 0.150078 0.111339 0.0825771 0.0446818 0.0150096 0.00300465 0.000355391 2.47961e-05 1.02019e-06 2.47505e-08 3.5405e-10 2.98628e-12 1.48525e-14 4.3555e-17
 1.7687e-11 1.91976e-09 1.22864e-07 4.63651e-06 0.000103168 0.00135361 0.0104728 0.0477963 0.128887 0.207083 0.206431 0.149811 0.108459 0.0792898 0.0427314 0.0143422 0.00287055 0.000339519 2.36886e-05 9.74623e-07 2.3645e-08 3.38235e-10 2.85289e-12 1.4189e-14 4.16095e-17
 1.77588e-11 1.92755e-09 1.23363e-07 4.65532e-06 0.000103587 0.0013591 0.0105153 0.0479897 0.129404 0.207874 0.20703 0.149749 0.107786 0.0785224 0.042276 0.0141864 0.00283925 0.000335814 2.343e-05 9.63985e-07 2.33869e-08 3.34543e-10 2.82175e-12 1.40342e-14 4.11553e-17
 1.87053e-11 2.03028e-09 1.29938e-07 4.90345e-06 0.000109108 0.00143153 0.0110755 0.0505416 0.13622 0.218299 0.214939 0.148928 0.0989164 0.0683996 0.0362698 0.0121312 0.00242634 0.00028694 2.00195e-05 8.23662e-07 1.99826e-08 2.85845e-10 2.41099e-12 1.19913e-14 3.51644e-17
#obs catch len freq
 3.11459e-11 2.88649e-09 1.57735e-07 5.08243e-06 9.65623e-05 0.00108182 0.00714857 0.0278978 0.0647478 0.0926175 0.0953281 0.100932 0.121908 0.133087 0.126214 0.103861 0.0687176 0.035519 0.0146164 0.00477141 0.00119644 0.000222037 2.94366e-05 2.69863e-06 1.66375e-07
 4.70781e-11 4.2081e-09 2.21789e-07 6.8926e-06 0.000126304 0.00136479 0.00869838 0.0327451 0.0733507 0.101543 0.102116 0.106725 0.125809 0.132218 0.119607 0.0931608 0.0580901 0.028432 0.0112901 0.00362996 0.000900498 0.000163464 2.08387e-05 1.80814e-06 1.04166e-07
 2.37273e-11 2.04205e-09 1.03627e-07 3.10077e-06 5.47109e-05 0.000569344 0.00349823 0.0127646 0.0284954 0.0443996 0.0672845 0.113365 0.161795 0.177427 0.161021 0.120197 0.0677521 0.0284378 0.00952255 0.00267934 0.000613373 0.000106122 1.30144e-05 1.08198e-06 5.91762e-08
 1.75602e-18 7.71917e-16 2.00078e-13 3.05789e-11 2.75579e-09 1.46456e-07 4.59111e-06 8.49627e-05 0.000930575 0.00608074 0.0242799 0.063131 0.120724 0.188151 0.22891 0.194979 0.111382 0.044249 0.0132208 0.00316072 0.000609042 9.13161e-05 1.00927e-05 7.7786e-07 3.99745e-08
 1.52012e-10 1.20705e-08 5.6514e-07 1.56019e-05 0.000253978 0.00243814 0.0138108 0.0463006 0.0933255 0.12194 0.133041 0.160412 0.175534 0.13378 0.0697976 0.029545 0.0124726 0.00510078 0.00171348 0.000428774 7.76618e-05 1.01746e-05 9.60242e-07 6.39414e-08 2.90908e-09
 2.64042e-10 2.00943e-08 9.01693e-07 2.3858e-05 0.00037222 0.00342439 0.0185827 0.0595728 0.113738 0.134714 0.117536 0.109426 0.118458 0.119185 0.101422 0.0656134 0.0285038 0.00783712 0.00138946 0.00017867 2.02774e-05 2.13712e-06 1.7963e-07 1.06283e-08 4.21975e-10
 4.92253e-10 3.58553e-08 1.53994e-06 3.89981e-05 0.000582337 0.00512764 0.0266304 0.0816789 0.148944 0.167058 0.133553 0.108475 0.10279 0.0909931 0.0688204 0.0414103 0.0176959 0.00507054 0.000982642 0.000133071 1.28496e-05 8.95174e-07 4.65629e-08 1.88751e-09 5.88023e-11
 5.81325e-10 4.04758e-08 1.66172e-06 4.02263e-05 0.000574194 0.00483332 0.0240043 0.0705237 0.124248 0.14017 0.12802 0.130414 0.132725 0.109539 0.0737901 0.0400667 0.0158542 0.00428198 0.00079679 0.00010667 1.04933e-05 7.42601e-07 3.64851e-08 1.21617e-09 2.73756e-11
 9.02738e-10 6.00107e-08 2.35225e-06 5.43659e-05 0.000740909 0.00595437 0.0282313 0.0791498 0.132789 0.141301 0.11887 0.112975 0.117295 0.108327 0.083042 0.0475874 0.0183047 0.00454035 0.000742187 8.4893e-05 7.20498e-06 4.59424e-07 2.12969e-08 6.87114e-10 1.48936e-11
 1.39658e-09 8.85395e-08 3.30975e-06 7.29531e-05 0.000948176 0.00726736 0.0328655 0.087942 0.141244 0.145841 0.123379 0.118596 0.117543 0.099529 0.0697477 0.0373288 0.0137398 0.00333792 0.000545642 6.25881e-05 5.15816e-06 3.02898e-07 1.24334e-08 3.52151e-10 6.80702e-12
 1.98685e-09 1.20001e-07 4.27359e-06 8.97407e-05 0.00111119 0.00811415 0.0349669 0.0892444 0.137369 0.138778 0.120999 0.121808 0.121929 0.103139 0.071074 0.0361717 0.0122068 0.00260531 0.00035455 3.23263e-05 2.12062e-06 1.04895e-07 3.86127e-09 1.00788e-10 1.78558e-12
 2.77372e-09 1.59443e-07 5.40425e-06 0.000108008 0.00127287 0.0088469 0.0362973 0.0883202 0.130477 0.130076 0.118765 0.125737 0.12746 0.108342 0.0738877 0.0362472 0.0115572 0.0022932 0.000283537 2.25635e-05 1.21975e-06 4.72158e-08 1.33715e-09 2.73815e-11 3.96243e-13
 4.66026e-09 2.5473e-07 8.20988e-06 0.000156022 0.00174838 0.0115548 0.045075 0.104241 0.146064 0.136956 0.115945 0.115739 0.115222 0.0981867 0.0662169 0.031354 0.00951732 0.00178999 0.000209752 1.58155e-05 8.04638e-07 2.87138e-08 7.23406e-10 1.2625e-11 1.49675e-13
 5.8137e-09 3.01913e-07 9.24485e-06 0.000166921 0.00177722 0.0111615 0.0414132 0.0915029 0.125153 0.124085 0.124989 0.138349 0.133445 0.104731 0.0649155 0.0285685 0.00812439 0.00143728 0.000158786 1.13071e-05 5.43747e-07 1.83201e-08 4.34102e-10 7.07527e-12 7.7436e-14
 8.46255e-09 4.17212e-07 1.21283e-05 0.000207893 0.00210135 0.0125291 0.0441395 0.0926515 0.120697 0.115152 0.114431 0.129661 0.134676 0.115875 0.0749868 0.0324847 0.00878701 0.00145084 0.000147109 9.41596e-06 3.98236e-07 1.1687e-08 2.4381e-10 3.57379e-12 3.58035e-14
 1.38683e-08 6.48646e-07 1.78887e-05 0.000290902 0.00278958 0.0157803 0.052756 0.105201 0.130814 0.120924 0.117878 0.128645 0.126558 0.102561 0.062491 0.0255652 0.00657267 0.00104382 0.000103865 6.70444e-06 2.9241e-07 8.81408e-09 1.82105e-10 2.51827e-12 2.28998e-14
 2.10225e-08 9.32254e-07 2.43766e-05 0.000375844 0.00341726 0.0183307 0.0581431 0.110291 0.131982 0.121668 0.121584 0.131362 0.124465 0.0960885 0.0552467 0.0211595 0.00505402 0.000737343 6.61884e-05 3.76232e-06 1.41839e-07 3.71949e-09 6.92713e-11 9.02228e-13 7.96661e-15
 3.19613e-08 1.34313e-06 3.32815e-05 0.000486279 0.00418999 0.0213018 0.0640698 0.115516 0.132749 0.121044 0.12214 0.130862 0.121942 0.0918175 0.0506534 0.0184064 0.00415895 0.000575737 4.94175e-05 2.71355e-06 9.93796e-08 2.5061e-09 4.36505e-11 5.15026e-13 4.03407e-15
 4.98223e-08 1.98328e-06 4.65514e-05 0.000644291 0.00525879 0.0253285 0.0722065 0.123675 0.136305 0.122212 0.122739 0.128529 0.116064 0.0840375 0.0440986 0.0151518 0.00323831 0.000426499 3.5225e-05 1.89067e-06 6.86431e-08 1.72218e-09 2.95993e-11 3.40222e-13 2.5636e-15
 6.95213e-08 2.6206e-06 5.82473e-05 0.000763407 0.0059009 0.0269238 0.0728218 0.119191 0.129275 0.122008 0.130243 0.135747 0.118249 0.0817337 0.0407052 0.0132807 0.00271765 0.000348658 2.88006e-05 1.59094e-06 6.0337e-08 1.56775e-09 2.72996e-11 3.11776e-13 2.30704e-15
 1.0808e-07 3.85702e-06 8.11613e-05 0.00100706 0.00736964 0.0318366 0.0815539 0.126591 0.130901 0.119382 0.125085 0.130281 0.114827 0.0789195 0.0379228 0.0117049 0.00224413 0.000268361 2.06106e-05 1.0613e-06 3.79484e-08 9.47421e-10 1.61746e-11 1.83891e-13 1.36417e-15
 1.64487e-07 5.55643e-06 0.000110676 0.00129994 0.00900548 0.0368377 0.0894679 0.132425 0.133405 0.123097 0.12894 0.128646 0.106634 0.0685891 0.0308323 0.00890978 0.00160114 0.000179675 1.29574e-05 6.25728e-07 2.09001e-08 4.84997e-10 7.67494e-12 8.10136e-14 5.61458e-16
 2.4492e-07 7.83103e-06 0.000147641 0.0016414 0.0107636 0.0416892 0.0959897 0.135454 0.132761 0.123251 0.129353 0.126972 0.102774 0.0635653 0.0270032 0.00728472 0.00120943 0.000123705 7.98128e-06 3.38195e-07 9.82603e-09 2.00126e-10 2.83156e-12 2.71484e-14 1.72365e-16
 3.40312e-07 1.02992e-05 0.000183792 0.00193409 0.0120066 0.0440495 0.0963374 0.130709 0.128352 0.125866 0.135585 0.130773 0.10236 0.0604162 0.0242282 0.00613686 0.000954764 9.14351e-05 5.51373e-06 2.17234e-07 5.80489e-09 1.07051e-10 1.35e-12 1.14051e-14 6.35005e-17
 4.93434e-07 1.41354e-05 0.000238774 0.0023785 0.0139781 0.048567 0.100776 0.130736 0.125825 0.124568 0.134848 0.130185 0.101342 0.0581593 0.0222198 0.00531037 0.000777755 7.02429e-05 4.01082e-06 1.50234e-07 3.81831e-09 6.66078e-11 7.86923e-13 6.16108e-15 3.14522e-17
 7.32435e-07 1.98629e-05 0.000317627 0.00299529 0.0166662 0.0548529 0.108057 0.134323 0.12723 0.126641 0.134839 0.125769 0.0938033 0.0511472 0.018496 0.00419726 0.000589781 5.20444e-05 2.97433e-06 1.13808e-07 2.96352e-09 5.20605e-11 6.04011e-13 4.54745e-15 2.20135e-17
 9.40148e-07 2.41389e-05 0.000365464 0.00326325 0.0171979 0.0536938 0.101034 0.123375 0.123344 0.134053 0.145703 0.132831 0.0951953 0.0491894 0.0166939 0.00353434 0.000461072 3.75744e-05 1.97474e-06 6.95981e-08 1.68898e-09 2.81919e-11 3.16898e-13 2.343e-15 1.11934e-17
 1.18098e-06 2.87122e-05 0.000411627 0.00348059 0.0173772 0.0514816 0.092603 0.111225 0.11648 0.135467 0.152816 0.143078 0.103115 0.0518693 0.0167676 0.00335167 0.000412232 3.17371e-05 1.57961e-06 5.26775e-08 1.20167e-09 1.8669e-11 1.93774e-13 1.31948e-15 5.82471e-18
#spawning biomass
 18705.4 23449.2 16752.1 19571.2 35405.1 48773.8 70343 84748.7 98495.9 126666 153383 166733 217468 213696 218777 199577 207581 189630 193389 192375 207642 203666 210765 247055 259444 275380 237008 175929 121371 378521 619557 865699 1.09749e+06 1.30482e+06 1.48421e+06 1.63614e+06 1.76314e+06 1.86856e+06 1.95588e+06 2.02835e+06 2.08878e+06 2.13957e+06 2.18085e+06 2.19826e+06 2.21512e+06 2.23146e+06 2.24729e+06 2.26263e+06 2.27749e+06 2.29188e+06 2.30583e+06 2.31934e+06 2.33243e+06 2.34511e+06 2.3574e+06 2.36931e+06 2.38084e+06 2.39202e+06 2.40284e+06 2.41333e+06 2.42349e+06 2.43334e+06 2.44288e+06 2.45212e+06 2.46107e+06 2.46975e+06 2.47815e+06 2.48629e+06 2.49418e+06 2.50182e+06 2.50923e+06 2.5164e+06 2.52335e+06 2.53008e+06 2.53661e+06 2.54293e+06 2.54905e+06 2.55498e+06 2.56073e+06 2.5663e+06 2.57169e+06 2.57692e+06 2.58198e+06 2.58689e+06 2.59164e+06 2.59625e+06 2.60071e+06 2.60503e+06 2.60922e+06 2.61328e+06 2.61721e+06 2.62102e+06 2.62471e+06 2.62828e+06 2.63174e+06 2.6351e+06 2.63835e+06 2.6415e+06 2.64455e+06 2.64751e+06 2.65037e+06 2.65315e+06 2.65583e+06 2.65844e+06 2.66096e+06 2.66341e+06 2.66578e+06 2.66807e+06 2.67029e+06 2.67245e+06 2.67453e+06 2.67656e+06 2.67851e+06 2.68041e+06 2.68225e+06 2.68403e+06 2.68576e+06 2.68743e+06 2.68905e+06 2.69062e+06 2.69214e+06 2.69361e+06 2.69504e+06 2.69642e+06 2.69776e+06 2.69906e+06 2.70032e+06 2.70154e+06 0 0 0 0 0 0 0 0 0 0 0 0 0 0 0 0 0 0 0 0 0 0 0 0 0
