SBPRF35
0.275796
Curr Bio
266709
B35
472652
F35
0.360523
FOFL
0.126188
OFL
30483.8
Bzero
78799
#pred survey bio
 54516.3 49789.1 45205.3 45043.5 74443.2 113978 167434 240357 282473 332615 343044 349867 393224 446880 437353 408078 366030 381493 350741 389765 416141 393353 365820 411030 493571 499620 483660 407890 1.12165e+07 6.8474e+06 5.20303e+06 3.59935e+06 2.45356e+06 1.73814e+06 1.32102e+06 1.08584e+06 954809 881577 840084 816079 801841 793172 787758 784290 782046 780570 779586 778925 778478 778174 777966 777824 777726 777659 777613 777581 777560 777545 777534 777527 777522 777519 777516 777515 777514 777513 777513 777512 777512 777512 777512 777512 777511 777511 777511 777511 777511 777511 777511 777511 777511 777511 777511 777511 777511 777511 777511 777511 777511 777511 777511 777511 777511 777511 777511 777511 777511 777511 777511 777511 777511 777511 777511 777511 777511 777511 777511 777511 777511 777511 777511 777511 777511 777511 777511 777511 777511 777511 777511 777511 777511 777511 777511 777511 777511 777511 777511 777511 0 0 0 0 0 0 0 0 0 0 0 0 0 0 0 0 0 0 0 0 0 0 0 0 0
#obs survey bio
 58120.2 62639.4 26947.1 55911.4 69474.3 113566 149324 250189 352293 307627 289240 346809 329795 603461 479513 513980 393315 464858 389398 394378 417872 262087 377659 412508 572384 463641 558160 404848
#pred catch bio
 18678.1 13597.3 12130.1 10231.7 16460.1 28934.3 37335.9 68822.3 82205.3 115657 147045 143086 165405 187184 214808 231478 165121 168179 164432 198379 221073 221875 177760 162810 199737 197781 226169 236762 30483.8 81557.7 60133.8 40167.7 26388 18118.5 13532.1 11108.4 9866.65 9243.39 8934.83 8783.49 8709.73 8673.94 8656.63 8648.26 8644.24 8642.31 8641.38 8640.94 8640.73 8640.62 8640.57 8640.55 8640.54 8640.53 8640.53 8640.53 8640.53 8640.53 8640.53 8640.53 8640.53 8640.53 8640.53 8640.53 8640.53 8640.53 8640.53 8640.53 8640.53 8640.53 8640.53 8640.53 8640.53 8640.53 8640.53 8640.53 8640.53 8640.53 8640.53 8640.53 8640.53 8640.53 8640.53 8640.53 8640.53 8640.53 8640.53 8640.53 8640.53 8640.53 8640.53 8640.53 8640.53 8640.53 8640.53 8640.53 8640.53 8640.53 8640.53 8640.53 8640.53 8640.53 8640.53 8640.53 8640.53 8640.53 8640.53 8640.53 8640.53 8640.53 8640.53 8640.53 8640.53 8640.53 8640.53 8640.53 8640.53 8640.53 8640.53 8640.53 8640.53 8640.53 8640.53 8640.53 8640.53 8640.53 8640.53 8640.53 0 0 0 0 0 0 0 0 0 0 0 0 0 0 0 0 0 0 0 0 0 0 0 0 0
#obs catch bio
 11352.2 13470.6 12768.6 10261.6 16196.1 29152.1 36863.5 69266.9 81741 114757 149649 142524 167526 183570 213553 242903 164222 163343 167393 202466 216440 229340 180758 161344 198823 195212 225368 240346
#pred cpue bio
 53654.9 49394 45078.9 44274.9 71039.1 109475 160272 231633 272412 319986 330270 336716 377617 429403 420835 391709 351475 367673 337848 374972 400640 379164 352484 395114 474562 479889 464251 392788 1.06853e+07 6.83806e+06 5.1884e+06 3.58444e+06 2.43864e+06 1.72323e+06 1.30611e+06 1.07093e+06 939899 866666 825174 801169 786931 778262 772847 769380 767136 765659 764676 764015 763568 763263 763055 762913 762816 762749 762703 762671 762649 762634 762624 762617 762612 762608 762606 762605 762603 762603 762602 762602 762602 762601 762601 762601 762601 762601 762601 762601 762601 762601 762601 762601 762601 762601 762601 762601 762601 762601 762601 762601 762601 762601 762601 762601 762601 762601 762601 762601 762601 762601 762601 762601 762601 762601 762601 762601 762601 762601 762601 762601 762601 762601 762601 762601 762601 762601 762601 762601 762601 762601 762601 762601 762601 762601 762601 762601 762601 762601 762601 762601 0 0 0 0 0 0 0 0 0 0 0 0 0 0 0 0 0 0 0 0 0 0 0 0 0
#obs cpue bio
 67466.8 41242.7 28634.9 56971.4 109545 97151.6 176067 235708 213566 388053 338313 349603 405396 392112 379165 239472 339590 395240 226380 352317 503989 439130 311734 423765 445934 542349 405923 365202
#pred surv len freq
 2.45542e-11 1.15491e-09 3.76147e-08 8.48306e-07 1.32475e-05 0.000143254 0.0010727 0.00556264 0.019983 0.0497951 0.0865146 0.106898 0.100694 0.0864303 0.0820873 0.0819636 0.0759763 0.0660657 0.0565061 0.0476294 0.0396003 0.032973 0.0270139 0.0202943 0.0127827
 1.45832e-11 6.85924e-10 2.23401e-08 5.03826e-07 7.868e-06 8.50826e-05 0.000637133 0.00330454 0.0118794 0.029684 0.052134 0.0670548 0.0715778 0.0785494 0.0935889 0.103565 0.0994443 0.0880442 0.0763523 0.0645935 0.0525745 0.0413311 0.0311694 0.0216057 0.0128169
 6.58861e-12 3.09897e-10 1.00931e-08 2.27626e-07 3.55473e-06 3.84405e-05 0.000287871 0.00149335 0.0053724 0.0134641 0.0239179 0.0320382 0.0382213 0.0498497 0.0690843 0.0884866 0.103038 0.112321 0.11293 0.10267 0.0854019 0.0661325 0.047498 0.0307273 0.0170239
 2.90282e-11 1.36535e-09 4.44685e-08 1.00287e-06 1.56613e-05 0.000169355 0.0012681 0.00657518 0.0236093 0.0587228 0.101283 0.12166 0.10355 0.0668302 0.040788 0.0339842 0.0402486 0.0526737 0.0651688 0.0719283 0.0694846 0.0584179 0.0426737 0.0268235 0.0141245
 4.51729e-11 2.12472e-09 6.92007e-08 1.56065e-06 2.43717e-05 0.000263545 0.00197339 0.0102322 0.0367413 0.0913938 0.157688 0.189658 0.162096 0.105309 0.0618539 0.0398013 0.0270233 0.0183479 0.0151136 0.016364 0.0184095 0.0181109 0.0147358 0.00972792 0.00513101
 3.86518e-11 1.818e-09 5.92109e-08 1.33535e-06 2.08535e-05 0.000225501 0.00168855 0.00875576 0.0314472 0.0782968 0.135584 0.165406 0.148966 0.11353 0.0901832 0.0757769 0.056525 0.034758 0.0190035 0.0110234 0.00810986 0.0072721 0.00632807 0.0045542 0.00254426
 4.04305e-11 1.90166e-09 6.19358e-08 1.39681e-06 2.18131e-05 0.000235878 0.00176624 0.00915843 0.0328904 0.0818606 0.141555 0.171747 0.151685 0.109533 0.0805361 0.066252 0.0533268 0.0388702 0.0259016 0.0156106 0.00850864 0.0046553 0.00290368 0.00190093 0.00107907
 3.66397e-11 1.72335e-09 5.61285e-08 1.26584e-06 1.97679e-05 0.000213762 0.00160065 0.00830001 0.0298109 0.0742288 0.128581 0.157057 0.142099 0.109813 0.0896738 0.0785665 0.0632424 0.0449609 0.0300491 0.0193302 0.0114583 0.00606033 0.00292892 0.00137479 0.000629576
 3.66253e-11 1.72268e-09 5.61066e-08 1.26534e-06 1.97602e-05 0.000213678 0.00160002 0.00829668 0.029798 0.0741877 0.128448 0.156608 0.140788 0.107002 0.085632 0.0751535 0.0626046 0.0473114 0.0336048 0.0223837 0.01354 0.00731098 0.0034902 0.00146334 0.00054154
 3.81176e-11 1.79287e-09 5.83926e-08 1.3169e-06 2.05653e-05 0.000222384 0.0016652 0.00863461 0.0310105 0.0771947 0.133574 0.162478 0.144838 0.107458 0.0826759 0.0703337 0.0575458 0.0430934 0.0308864 0.0212949 0.0135385 0.00765775 0.00375988 0.00156874 0.00054743
 3.74989e-11 1.76377e-09 5.74448e-08 1.29552e-06 2.02315e-05 0.000218775 0.00163818 0.00849454 0.0305084 0.075954 0.13149 0.160238 0.143783 0.108642 0.0858705 0.0739287 0.0597413 0.043319 0.0298782 0.0201076 0.012788 0.00740459 0.00377053 0.00162714 0.000576131
 3.76814e-11 1.77235e-09 5.77244e-08 1.30183e-06 2.03299e-05 0.00021984 0.00164615 0.00853586 0.0306566 0.0763207 0.13211 0.160925 0.144182 0.108502 0.0852952 0.0733635 0.0596075 0.0435774 0.0300837 0.0199376 0.01235 0.00699879 0.0035499 0.00155362 0.000562771
 3.88609e-11 1.82783e-09 5.95313e-08 1.34258e-06 2.09663e-05 0.000226721 0.00169768 0.00880298 0.031615 0.0786975 0.136161 0.165561 0.147373 0.108863 0.083051 0.0699025 0.0563111 0.0410693 0.0283835 0.0188591 0.0116665 0.00654634 0.00326819 0.00141201 0.000509944
 3.83857e-11 1.80548e-09 5.88034e-08 1.32616e-06 2.07099e-05 0.000223949 0.00167692 0.0086954 0.0312293 0.0777439 0.134556 0.163819 0.146498 0.109625 0.085289 0.0724795 0.057981 0.0414547 0.0279736 0.0182814 0.0112292 0.00628246 0.00312274 0.00133833 0.00047863
 3.76298e-11 1.76992e-09 5.76453e-08 1.30004e-06 2.03021e-05 0.000219538 0.0016439 0.0085242 0.030615 0.0762197 0.131953 0.160816 0.144348 0.109171 0.086433 0.0745338 0.060273 0.0435494 0.0295585 0.0192022 0.0116071 0.00637943 0.00312917 0.00132965 0.000472312
 3.90009e-11 1.83441e-09 5.97457e-08 1.34741e-06 2.10418e-05 0.000227538 0.00170379 0.00883468 0.0317288 0.0789808 0.136651 0.166154 0.147893 0.109225 0.0832829 0.0700169 0.0562624 0.0408217 0.0279611 0.0183369 0.0111424 0.00610904 0.00296617 0.00124319 0.000435985
 3.86151e-11 1.81627e-09 5.91548e-08 1.33409e-06 2.08337e-05 0.000225287 0.00168694 0.00874736 0.031416 0.0782089 0.135363 0.164812 0.147415 0.110356 0.0858398 0.0727267 0.0577065 0.0406481 0.0269152 0.0172928 0.0104667 0.0057616 0.00280665 0.00117416 0.000408879
 3.66505e-11 1.72386e-09 5.61452e-08 1.26621e-06 1.97737e-05 0.000213825 0.00160112 0.00830245 0.0298194 0.0742478 0.128599 0.157009 0.141838 0.109186 0.0887837 0.0779166 0.0633419 0.0457012 0.0308113 0.0197716 0.011749 0.00633216 0.00304469 0.00126803 0.000441016
 3.72237e-11 1.75083e-09 5.70233e-08 1.28602e-06 2.0083e-05 0.00021717 0.00162616 0.00843221 0.0302845 0.0753963 0.130523 0.15905 0.142698 0.107824 0.0854056 0.07413 0.060974 0.0453687 0.0318439 0.0211692 0.0128675 0.00698656 0.00333809 0.00137233 0.000471647
 3.79192e-11 1.78354e-09 5.80886e-08 1.31004e-06 2.04582e-05 0.000221227 0.00165654 0.00858971 0.0308498 0.0767993 0.132923 0.16184 0.144761 0.108425 0.084594 0.0723652 0.0586967 0.0430195 0.0299792 0.0201649 0.0126104 0.00707606 0.00346727 0.00144273 0.00049603
 3.74007e-11 1.75915e-09 5.72945e-08 1.29213e-06 2.01785e-05 0.000218202 0.00163389 0.00847233 0.0304288 0.0757577 0.131163 0.159899 0.143672 0.108964 0.0866196 0.0748472 0.0604992 0.0437081 0.0298376 0.0197057 0.0122218 0.00690025 0.00344604 0.00146895 0.000515652
 3.67167e-11 1.72698e-09 5.62466e-08 1.2685e-06 1.98095e-05 0.000214212 0.00160401 0.00831742 0.0298729 0.0743784 0.128807 0.15718 0.141723 0.108542 0.0876332 0.0766736 0.0625368 0.0455811 0.0312788 0.020565 0.0125851 0.007002 0.00347122 0.00148522 0.000528041
 3.70133e-11 1.74093e-09 5.6701e-08 1.27875e-06 1.99695e-05 0.000215942 0.00161697 0.00838458 0.0301138 0.0749743 0.129813 0.158287 0.142334 0.108207 0.0864335 0.0752151 0.0614877 0.0451926 0.0313765 0.0208469 0.0128295 0.00712798 0.00350755 0.001488 0.000526727
 3.83649e-11 1.8045e-09 5.87715e-08 1.32544e-06 2.06987e-05 0.000223827 0.00167601 0.00869065 0.0312119 0.0776969 0.13445 0.163576 0.145916 0.108453 0.083608 0.0709934 0.057552 0.0422742 0.0294578 0.0197161 0.0122538 0.00687321 0.00340153 0.00144357 0.000509201
 3.81384e-11 1.79385e-09 5.84245e-08 1.31762e-06 2.05765e-05 0.000222506 0.00166611 0.00863937 0.0310281 0.0772436 0.133693 0.162785 0.145624 0.109094 0.0850766 0.0725604 0.0584015 0.0421924 0.0288564 0.0190978 0.0118517 0.00668178 0.00333322 0.00142523 0.000505149
 3.86698e-11 1.81884e-09 5.92385e-08 1.33598e-06 2.08632e-05 0.000225606 0.00168933 0.00875971 0.0314599 0.078314 0.135516 0.164862 0.147028 0.109188 0.0839969 0.0710318 0.0571235 0.0413579 0.0282558 0.0185407 0.0113494 0.00632184 0.00313669 0.0013429 0.000478277
 3.89537e-11 1.8322e-09 5.96734e-08 1.34578e-06 2.10164e-05 0.000227262 0.00170173 0.00882401 0.0316907 0.0788876 0.136502 0.166028 0.147959 0.109637 0.0839898 0.0706726 0.056471 0.0405126 0.0274176 0.0178781 0.0108921 0.00602447 0.00296039 0.0012561 0.000445032
 3.7089e-11 1.74449e-09 5.68168e-08 1.28136e-06 2.00103e-05 0.000216383 0.00162027 0.00840175 0.0301759 0.0751331 0.130117 0.15879 0.143208 0.109719 0.0885012 0.0770205 0.0620022 0.0441686 0.0294925 0.0189646 0.0114168 0.00625266 0.00304657 0.00128225 0.000450734
#obs surv len freq
 2.549e-11 1.19893e-09 3.90483e-08 8.80639e-07 1.37525e-05 0.000148714 0.00111357 0.00577451 0.0207426 0.0516723 0.0896701 0.110301 0.102336 0.0847668 0.0775398 0.077111 0.0737898 0.0677248 0.0610954 0.0532199 0.0439128 0.0338467 0.0236623 0.0143549 0.00720226
 5.08358e-12 2.39107e-10 7.78757e-09 1.7563e-07 2.74276e-06 2.96611e-05 0.00022216 0.0011532 0.00415915 0.0105262 0.0193958 0.0291753 0.0440818 0.0714924 0.104837 0.123291 0.118961 0.104886 0.0923452 0.0811607 0.0685154 0.0537192 0.0377763 0.0228673 0.0114028
 1.53745e-14 7.2316e-13 2.35549e-11 5.3141e-10 8.31033e-09 9.03628e-08 6.91455e-07 3.89084e-06 1.83349e-05 8.88492e-05 0.000451619 0.0019875 0.00669394 0.0171125 0.0352683 0.063202 0.100224 0.13486 0.15013 0.142327 0.121442 0.0957431 0.0680739 0.0415784 0.0207946
 5.26033e-11 2.47421e-09 8.05832e-08 1.81735e-06 2.83806e-05 0.000306894 0.00229796 0.0119147 0.0427768 0.106346 0.183071 0.218226 0.18014 0.103038 0.0411277 0.0124603 0.00553589 0.00746707 0.0121497 0.0163707 0.0178103 0.0159189 0.0118899 0.00739354 0.0037289
 3.45423e-11 1.62471e-09 5.29156e-08 1.19338e-06 1.86364e-05 0.000201527 0.00150905 0.00782539 0.0281116 0.0700488 0.121692 0.150294 0.141214 0.119668 0.108606 0.0964703 0.0687755 0.0360461 0.0148136 0.00737712 0.00686257 0.00731669 0.00642392 0.00439816 0.00232553
 4.29508e-11 2.0202e-09 6.57966e-08 1.48388e-06 2.31729e-05 0.000250582 0.00187633 0.00972908 0.0349372 0.0869281 0.150137 0.181309 0.157396 0.107906 0.0724469 0.0565867 0.0470324 0.0369181 0.0257669 0.0150306 0.00733813 0.00363177 0.00229769 0.00156764 0.000889119
 3.76813e-11 1.77235e-09 5.77242e-08 1.30183e-06 2.03299e-05 0.00021984 0.00164615 0.00853596 0.0306583 0.0763363 0.132217 0.161428 0.145814 0.112095 0.0904895 0.0777407 0.0604396 0.040731 0.0259634 0.0165688 0.00994931 0.00520777 0.0023966 0.00106497 0.000476323
 3.49269e-11 1.6428e-09 5.35048e-08 1.20667e-06 1.88439e-05 0.00020377 0.00152583 0.0079121 0.0284186 0.0707696 0.122643 0.150063 0.136618 0.107447 0.0903762 0.081754 0.0684271 0.0510616 0.0352624 0.0225684 0.0130939 0.00685118 0.00320359 0.00131202 0.000469236
 3.79168e-11 1.78343e-09 5.8085e-08 1.30996e-06 2.0457e-05 0.000221213 0.00165643 0.00858911 0.030847 0.0767848 0.132848 0.161515 0.14373 0.106155 0.0812719 0.0694568 0.0579773 0.0448608 0.0331032 0.0229894 0.0143728 0.00787035 0.00372164 0.00149918 0.000507192
 3.83269e-11 1.80271e-09 5.87132e-08 1.32413e-06 2.06782e-05 0.000223606 0.00167435 0.00868205 0.0311813 0.0776217 0.134329 0.163469 0.145949 0.108718 0.0839922 0.0711061 0.0570376 0.0413165 0.0287425 0.0197245 0.0128108 0.00748514 0.00377678 0.00159152 0.000546385
 3.67192e-11 1.72709e-09 5.62503e-08 1.26859e-06 1.98108e-05 0.000214226 0.00160412 0.00831798 0.0298751 0.074384 0.12882 0.15721 0.141795 0.108684 0.0878154 0.0767668 0.0623908 0.0451882 0.0308266 0.0203007 0.0126188 0.00723423 0.00371402 0.00163231 0.000587024
 3.80343e-11 1.78895e-09 5.82649e-08 1.31402e-06 2.05203e-05 0.000221898 0.00166156 0.00861575 0.0309431 0.0770286 0.1333 0.162209 0.144804 0.107874 0.0835562 0.071424 0.0584657 0.0435075 0.0306142 0.0204747 0.0126226 0.00704965 0.003521 0.00152935 0.000555337
 3.94566e-11 1.85585e-09 6.04438e-08 1.36316e-06 2.12877e-05 0.000230196 0.0017237 0.00893788 0.0320993 0.0798989 0.138214 0.167937 0.149099 0.109291 0.0822568 0.0683896 0.0545625 0.0394159 0.0270954 0.0180805 0.0113043 0.00639401 0.00319039 0.00136782 0.000489548
 3.69032e-11 1.73575e-09 5.65322e-08 1.27495e-06 1.99101e-05 0.0002153 0.00161216 0.0083597 0.0300251 0.0747591 0.129481 0.158069 0.142734 0.10972 0.0889206 0.0775633 0.0623765 0.0443055 0.0295311 0.0190642 0.0116202 0.00649314 0.00323851 0.00139265 0.000497989
 3.85778e-11 1.81452e-09 5.90976e-08 1.3328e-06 2.08136e-05 0.000225069 0.00168531 0.00873885 0.0313849 0.0781255 0.135178 0.164399 0.14645 0.108442 0.0831553 0.0705153 0.05742 0.0424358 0.0295086 0.0193907 0.0116883 0.00636387 0.0030955 0.00131013 0.000465175
 3.94378e-11 1.85496e-09 6.0415e-08 1.36251e-06 2.12776e-05 0.000230087 0.00172288 0.00893364 0.0320842 0.0798634 0.138166 0.167942 0.149306 0.109861 0.0831569 0.0692637 0.0549749 0.039241 0.0265507 0.0174444 0.0107361 0.00595793 0.00290467 0.00121376 0.000423416
 3.7097e-11 1.74486e-09 5.6829e-08 1.28164e-06 2.00146e-05 0.00021643 0.00162062 0.00840356 0.0301825 0.0751496 0.130147 0.158836 0.143279 0.109833 0.0886562 0.0771639 0.0620575 0.044098 0.0293252 0.0187791 0.0112869 0.00619459 0.00302856 0.00127483 0.000445662
 3.62212e-11 1.70367e-09 5.54875e-08 1.25138e-06 1.95421e-05 0.000211321 0.00158237 0.00820519 0.0294702 0.0733771 0.127086 0.155138 0.140078 0.107728 0.087644 0.0774286 0.0640242 0.0475601 0.0331524 0.0217998 0.0131072 0.007082 0.0033991 0.00141353 0.000492087
 3.82268e-11 1.798e-09 5.85598e-08 1.32067e-06 2.06242e-05 0.000223021 0.00166997 0.00865934 0.0310994 0.0774154 0.133954 0.162931 0.145211 0.107673 0.0827751 0.0703991 0.0576036 0.0430664 0.0306558 0.0208517 0.0130323 0.00726029 0.00353001 0.00146343 0.000504254
 3.69611e-11 1.73847e-09 5.6621e-08 1.27695e-06 1.99413e-05 0.000215638 0.00161469 0.00837278 0.0300717 0.0748714 0.12965 0.158155 0.142429 0.108702 0.0872292 0.0758253 0.061397 0.0444286 0.0305233 0.02043 0.0128818 0.00736492 0.00369493 0.0015722 0.000549813
 3.79882e-11 1.78678e-09 5.81942e-08 1.31243e-06 2.04954e-05 0.000221629 0.00165955 0.00860532 0.0309058 0.076937 0.133151 0.162073 0.144825 0.108184 0.0841182 0.0719712 0.0586849 0.0433177 0.0302081 0.0201123 0.0124328 0.00699692 0.00351248 0.00151821 0.000542735
 3.59322e-11 1.69008e-09 5.50447e-08 1.2414e-06 1.93862e-05 0.000209635 0.00156974 0.00813977 0.0292357 0.0727986 0.126119 0.154124 0.139688 0.108486 0.0893509 0.0790487 0.0644802 0.0467946 0.0320973 0.0212935 0.0132218 0.0074445 0.00371278 0.0015945 0.000570491
 3.71928e-11 1.74937e-09 5.69758e-08 1.28495e-06 2.00663e-05 0.000216989 0.0016248 0.00842518 0.0302592 0.0753307 0.130394 0.158825 0.142277 0.107061 0.0843353 0.0731521 0.0605845 0.0456829 0.0325688 0.0219866 0.013633 0.00762854 0.00379021 0.00162393 0.000579531
 3.89481e-11 1.83193e-09 5.96647e-08 1.34559e-06 2.10133e-05 0.000227229 0.00170148 0.0088227 0.0316858 0.0788718 0.136452 0.165864 0.147479 0.108587 0.0823914 0.0690635 0.0555769 0.0406689 0.028439 0.0193094 0.0122553 0.00701203 0.00352178 0.00151081 0.000537834
 3.72488e-11 1.752e-09 5.70616e-08 1.28688e-06 2.00965e-05 0.000217316 0.00162725 0.00843793 0.0303056 0.0754533 0.130653 0.159358 0.143446 0.109326 0.0875044 0.0758067 0.0610328 0.0436756 0.0294781 0.0193306 0.0119935 0.00682605 0.00346 0.00150524 0.000541571
 4.023e-11 1.89223e-09 6.16286e-08 1.38988e-06 2.1705e-05 0.000234708 0.00175748 0.009113 0.0327274 0.081455 0.140855 0.170907 0.150967 0.109047 0.0801467 0.065746 0.05271 0.0386292 0.026748 0.0176178 0.010724 0.0059309 0.00293863 0.00126624 0.000456338
 3.79871e-11 1.78673e-09 5.81926e-08 1.31239e-06 2.04949e-05 0.000221623 0.00165951 0.00860515 0.030906 0.0769453 0.133218 0.162402 0.145904 0.110576 0.0876169 0.0750225 0.0594579 0.0415365 0.0272749 0.0175027 0.0106522 0.00590843 0.00290321 0.00122973 0.00043593
 3.59499e-11 1.69091e-09 5.50718e-08 1.24201e-06 1.93958e-05 0.000209738 0.00157051 0.00814378 0.0292501 0.0728342 0.12618 0.154194 0.139741 0.10853 0.0894831 0.0794596 0.065267 0.0476678 0.0324772 0.0209058 0.0123866 0.00665733 0.00320644 0.00134389 0.000471994
#pred catch len freq
 2.36611e-11 1.1129e-09 3.62466e-08 8.17451e-07 1.27657e-05 0.000138044 0.00103368 0.00536038 0.0192572 0.0479938 0.0834355 0.10333 0.098091 0.0857323 0.0831164 0.0838555 0.0779498 0.0677984 0.0579724 0.0488558 0.0406166 0.0338183 0.0277062 0.0208143 0.0131102
 1.38105e-11 6.49581e-10 2.11564e-08 4.77131e-07 7.45111e-06 8.05747e-05 0.000603379 0.00312955 0.0112514 0.0281257 0.0494704 0.0639709 0.0693329 0.0779624 0.0945074 0.105237 0.101189 0.0895836 0.0776641 0.0656913 0.0534639 0.0420292 0.0316956 0.0219704 0.0130333
 6.17731e-12 2.90551e-10 9.46307e-09 2.13416e-07 3.33283e-06 3.60409e-05 0.000269904 0.0014002 0.00503807 0.0126339 0.0224955 0.0303747 0.0369549 0.0493777 0.0693337 0.0891492 0.103866 0.113201 0.113793 0.103444 0.0860417 0.0666267 0.0478527 0.0309566 0.0171509
 2.79248e-11 1.31345e-09 4.27781e-08 9.64753e-07 1.5066e-05 0.000162917 0.0012199 0.00632526 0.0227122 0.0564935 0.0974532 0.11713 0.0999335 0.065061 0.040643 0.034819 0.0416896 0.0546484 0.0676157 0.0746258 0.0720889 0.0606069 0.0442726 0.0278285 0.0146537
 4.43957e-11 2.08816e-09 6.80101e-08 1.5338e-06 2.39524e-05 0.000259011 0.00193944 0.0100562 0.0361098 0.0898268 0.155012 0.186569 0.15988 0.104802 0.0628634 0.0414472 0.0284989 0.0194193 0.0160006 0.0173201 0.0194834 0.0191671 0.0155951 0.0102952 0.00543022
 3.77186e-11 1.7741e-09 5.77814e-08 1.30311e-06 2.035e-05 0.000220057 0.00164778 0.00854446 0.0306891 0.0764177 0.132388 0.161776 0.146565 0.113515 0.0923409 0.0788065 0.0591067 0.036391 0.0198951 0.0115361 0.00848472 0.00760757 0.00661988 0.0047642 0.00266157
 3.94908e-11 1.85746e-09 6.04962e-08 1.36434e-06 2.13061e-05 0.000230396 0.00172519 0.00894562 0.0321268 0.0799674 0.13833 0.168062 0.14917 0.109307 0.0824179 0.0691041 0.0560127 0.0408879 0.0272454 0.016417 0.00894699 0.0048948 0.00305296 0.00199865 0.00113454
 3.57299e-11 1.68056e-09 5.47349e-08 1.23441e-06 1.92771e-05 0.000208455 0.00156091 0.008094 0.0290718 0.0723962 0.12546 0.153498 0.139691 0.10965 0.0915693 0.0813697 0.0658073 0.0468249 0.0312889 0.020122 0.0119259 0.00630727 0.00304819 0.00143077 0.000655205
 3.57275e-11 1.68045e-09 5.47311e-08 1.23432e-06 1.92757e-05 0.00020844 0.0015608 0.00809336 0.0290685 0.0723786 0.125365 0.15308 0.138359 0.106728 0.0873371 0.0777795 0.0651083 0.0492454 0.0349722 0.0232889 0.0140859 0.0076053 0.00363063 0.00152221 0.000563323
 3.7358e-11 1.75714e-09 5.72289e-08 1.29065e-06 2.01554e-05 0.000217953 0.00163202 0.0084626 0.0303933 0.0756642 0.130966 0.159494 0.142784 0.107227 0.0841161 0.0725405 0.0596318 0.044692 0.0320252 0.0220742 0.0140321 0.00793655 0.0038967 0.00162581 0.000567345
 3.68698e-11 1.73418e-09 5.64812e-08 1.27379e-06 1.98921e-05 0.000215105 0.0016107 0.0083521 0.0299973 0.0746867 0.129331 0.157772 0.142103 0.108496 0.0871307 0.0758163 0.0614857 0.0446076 0.0307577 0.020693 0.0131582 0.00761849 0.00387938 0.0016741 0.000592756
 3.70123e-11 1.74088e-09 5.66994e-08 1.27871e-06 1.99689e-05 0.000215936 0.00161692 0.00838435 0.030113 0.0749728 0.129814 0.158301 0.142392 0.10834 0.0866261 0.0753681 0.0614736 0.044969 0.031036 0.0205626 0.0127352 0.00721665 0.00366033 0.00160193 0.000580271
 3.82288e-11 1.7981e-09 5.85629e-08 1.32074e-06 2.06252e-05 0.000223033 0.00167006 0.00865982 0.0311014 0.0774239 0.133991 0.163082 0.145682 0.108711 0.0843104 0.0717976 0.0580737 0.0423831 0.0292837 0.0194514 0.012031 0.0067505 0.00337004 0.001456 0.000525831
 3.77619e-11 1.77614e-09 5.78477e-08 1.30461e-06 2.03734e-05 0.000220309 0.00164967 0.00855413 0.0307225 0.0764872 0.132416 0.161377 0.144841 0.109503 0.0865729 0.0743865 0.0597314 0.0427319 0.0288272 0.0188333 0.0115662 0.00647062 0.00321619 0.00137837 0.000492948
 3.71355e-11 1.74668e-09 5.68882e-08 1.28297e-06 2.00354e-05 0.000216655 0.00162231 0.00841228 0.0302134 0.075224 0.130257 0.158881 0.143035 0.109074 0.0874493 0.0760462 0.0616658 0.0445697 0.0302403 0.0196384 0.0118687 0.00652281 0.00319942 0.00135948 0.000482909
 3.86638e-11 1.81856e-09 5.92294e-08 1.33577e-06 2.086e-05 0.000225571 0.00168907 0.00875836 0.031455 0.0783018 0.135495 0.164835 0.146999 0.10916 0.0839778 0.0710495 0.0572117 0.0415156 0.0284246 0.0186342 0.0113211 0.00620657 0.00301346 0.00126299 0.000442929
 3.80359e-11 1.78902e-09 5.82674e-08 1.31407e-06 2.05212e-05 0.000221908 0.00166164 0.00861619 0.0309453 0.0770421 0.133376 0.162547 0.145886 0.110264 0.087063 0.0745259 0.0593428 0.0418235 0.027685 0.0177813 0.0107605 0.00592293 0.00288517 0.00120699 0.000420312
 3.6046e-11 1.69543e-09 5.52192e-08 1.24533e-06 1.94476e-05 0.000210299 0.00157472 0.00816557 0.0293283 0.0730302 0.126525 0.154643 0.140234 0.109069 0.0900311 0.0797725 0.0650523 0.0469547 0.0316463 0.0203009 0.0120615 0.00650014 0.00312538 0.00130163 0.000452698
 3.66462e-11 1.72366e-09 5.61386e-08 1.26607e-06 1.97714e-05 0.0002138 0.00160093 0.00830144 0.0298153 0.0742327 0.12854 0.156784 0.141147 0.107673 0.0865389 0.0758494 0.0625885 0.0465892 0.0326902 0.0217252 0.0132036 0.00716859 0.00342499 0.00140805 0.000483919
 3.74247e-11 1.76028e-09 5.73312e-08 1.29296e-06 2.01915e-05 0.000218342 0.00163494 0.00847775 0.030448 0.0758032 0.131226 0.159902 0.14344 0.108308 0.0855807 0.0738475 0.0600723 0.0440425 0.0306811 0.0206303 0.0128994 0.00723778 0.00354644 0.00147566 0.00050735
 3.6958e-11 1.73833e-09 5.66162e-08 1.27684e-06 1.99397e-05 0.000215619 0.00161455 0.00837208 0.0300691 0.0748658 0.129644 0.158165 0.142496 0.108876 0.0875284 0.0761979 0.0617396 0.044614 0.030444 0.0200991 0.0124637 0.00703635 0.00351393 0.00149788 0.000525805
 3.63288e-11 1.70873e-09 5.56524e-08 1.2551e-06 1.96002e-05 0.000211949 0.00158707 0.00822959 0.0295578 0.073597 0.127476 0.155661 0.140692 0.108464 0.0884288 0.0778579 0.0636271 0.0463798 0.0318135 0.0209093 0.0127936 0.00711749 0.00352838 0.00150967 0.000536731
 3.64625e-11 1.71502e-09 5.58572e-08 1.25972e-06 1.96723e-05 0.000212729 0.00159291 0.00825984 0.0296662 0.0738646 0.127923 0.156127 0.140861 0.108075 0.0875323 0.0768687 0.0630266 0.0463402 0.0321624 0.0213623 0.0131446 0.00730259 0.00359339 0.0015244 0.000539612
 3.76729e-11 1.77196e-09 5.77114e-08 1.30154e-06 2.03254e-05 0.00021979 0.00164578 0.00853395 0.0306497 0.0763028 0.132075 0.160861 0.14406 0.108276 0.0849701 0.0730528 0.0594761 0.0437189 0.0304571 0.020379 0.0126639 0.00710288 0.00351512 0.00149176 0.0005262
 3.74852e-11 1.76313e-09 5.74239e-08 1.29505e-06 2.02241e-05 0.000218695 0.00163758 0.00849146 0.0304974 0.0759277 0.131452 0.160225 0.143883 0.10895 0.0863973 0.0745348 0.0602253 0.0435374 0.0297681 0.0196951 0.0122204 0.00688926 0.00343664 0.00146944 0.000520817
 3.80191e-11 1.78824e-09 5.82418e-08 1.3135e-06 2.05122e-05 0.00022181 0.0016609 0.00861237 0.0309312 0.0770032 0.133283 0.162313 0.145292 0.109043 0.0853109 0.0729999 0.0589465 0.0427066 0.0291697 0.0191345 0.011711 0.00652291 0.00323639 0.00138557 0.000493472
 3.84452e-11 1.80828e-09 5.88944e-08 1.32822e-06 2.0742e-05 0.000224296 0.00167951 0.00870885 0.0312775 0.0778632 0.134757 0.164038 0.146609 0.109538 0.0850377 0.0722293 0.0579011 0.0415571 0.0281152 0.0183269 0.0111635 0.00617423 0.00303391 0.00128728 0.000456079
 3.68122e-11 1.73147e-09 5.63928e-08 1.2718e-06 1.9861e-05 0.000214769 0.00160818 0.00833908 0.029951 0.0745756 0.129168 0.157709 0.142481 0.109683 0.089098 0.0778919 0.0627887 0.0447262 0.0298507 0.0191873 0.0115486 0.00632441 0.00308144 0.00129691 0.000455888
#obs catch len freq
 2.20964e-11 1.03931e-09 3.38495e-08 7.63392e-07 1.19215e-05 0.000128915 0.00096533 0.00500602 0.0179856 0.0448387 0.0780459 0.0971062 0.0936186 0.084741 0.0854194 0.0881433 0.0831617 0.0736518 0.0643895 0.0551821 0.0453138 0.0349894 0.0246085 0.0150603 0.00763136
 2.43482e-11 1.14522e-09 3.72992e-08 8.41191e-07 1.31364e-05 0.000142052 0.0010637 0.00551592 0.0198146 0.049369 0.0857313 0.10573 0.0989746 0.0838001 0.0787493 0.0794458 0.0763202 0.070064 0.0631767 0.0550127 0.0453816 0.0349739 0.0244484 0.0148311 0.00744101
 4.73846e-12 2.22874e-10 7.25887e-09 1.63707e-07 2.55656e-06 2.76477e-05 0.000207084 0.00107504 0.0038787 0.00983049 0.0182083 0.0278082 0.043113 0.0713058 0.105361 0.124146 0.119791 0.105554 0.0928716 0.0815876 0.0688589 0.0539813 0.0379577 0.0229762 0.0114568
 1.43129e-14 6.73224e-13 2.19286e-11 4.94732e-10 7.73758e-09 8.41707e-08 6.45129e-07 3.65146e-06 1.7487e-05 8.68557e-05 0.000448969 0.00198804 0.00670656 0.0171474 0.0353263 0.0632669 0.100273 0.13488 0.15012 0.142291 0.12139 0.0956902 0.068031 0.0415505 0.0207801
 5.22508e-11 2.45762e-09 8.00432e-08 1.80518e-06 2.81904e-05 0.000304837 0.00228256 0.0118348 0.0424901 0.105633 0.181844 0.216764 0.178934 0.102353 0.0408786 0.0124662 0.00573451 0.00791207 0.0129019 0.0173852 0.018913 0.0169036 0.0126249 0.00785033 0.0039592
 3.35724e-11 1.57909e-09 5.14298e-08 1.15987e-06 1.81131e-05 0.000195868 0.00146668 0.00760577 0.0273238 0.0680969 0.118377 0.146558 0.138836 0.119911 0.111222 0.0999309 0.0715074 0.0375133 0.0154143 0.00766561 0.00712239 0.00759173 0.00666511 0.00456322 0.00241277
 4.22229e-11 1.98596e-09 6.46815e-08 1.45873e-06 2.27802e-05 0.000246335 0.00184453 0.00956423 0.0343457 0.0854612 0.147636 0.178441 0.155404 0.107637 0.0737768 0.0587136 0.0491572 0.0386339 0.0269577 0.01572 0.00767272 0.00379613 0.00240096 0.0016379 0.00092894
 3.68395e-11 1.73275e-09 5.64346e-08 1.27274e-06 1.98757e-05 0.000214928 0.00160938 0.00834533 0.0299743 0.0746409 0.129332 0.158148 0.143629 0.11204 0.0923808 0.0804468 0.0628252 0.0423659 0.0269896 0.0172118 0.0103312 0.00540657 0.00248777 0.00110537 0.000494352
 3.40609e-11 1.60206e-09 5.21781e-08 1.17675e-06 1.83766e-05 0.000198718 0.001488 0.00771599 0.0277149 0.0690248 0.11967 0.146666 0.134299 0.107237 0.0921047 0.0843717 0.0708892 0.0529173 0.0365239 0.0233635 0.0135506 0.00708851 0.00331407 0.00135714 0.000485346
 3.71986e-11 1.74964e-09 5.69847e-08 1.28515e-06 2.00694e-05 0.000217023 0.00162506 0.00842645 0.0302634 0.0753374 0.13038 0.158689 0.141777 0.105911 0.0825978 0.0715169 0.0599544 0.0464091 0.0342255 0.0237562 0.0148475 0.00812874 0.00384336 0.00154808 0.00052371
 3.7629e-11 1.76989e-09 5.7644e-08 1.30002e-06 2.03017e-05 0.000219534 0.00164386 0.008524 0.0306142 0.0762157 0.131934 0.160735 0.144088 0.108563 0.0853987 0.0732041 0.058966 0.0427318 0.0297077 0.0203738 0.0132275 0.00772704 0.00389839 0.00164266 0.000563916
 3.60251e-11 1.69445e-09 5.5187e-08 1.24461e-06 1.94363e-05 0.000210177 0.0015738 0.00816081 0.0293112 0.0729859 0.126439 0.154492 0.139951 0.108545 0.0892395 0.0788852 0.0643381 0.0466106 0.0317758 0.0209125 0.0129939 0.00744758 0.00382303 0.0016801 0.000604183
 3.74034e-11 1.75928e-09 5.72985e-08 1.29223e-06 2.018e-05 0.000218218 0.00163401 0.00847289 0.0304306 0.0757576 0.131135 0.159734 0.143113 0.107716 0.0848037 0.0733094 0.0602284 0.0448306 0.0315244 0.0210708 0.0129853 0.0072506 0.00362087 0.0015726 0.000571015
 3.88268e-11 1.82623e-09 5.9479e-08 1.3414e-06 2.09479e-05 0.000226522 0.00169619 0.00879527 0.0315876 0.0786301 0.136053 0.165471 0.147424 0.109161 0.0835435 0.0703044 0.0563226 0.0407046 0.027963 0.0186476 0.0116543 0.00659053 0.00328802 0.00140957 0.000504466
 3.63347e-11 1.70901e-09 5.56614e-08 1.2553e-06 1.96034e-05 0.000211983 0.00158733 0.00823096 0.0295632 0.073614 0.127531 0.155847 0.141238 0.109639 0.0901356 0.0793425 0.0639871 0.0454527 0.0302729 0.0195293 0.0118986 0.00664709 0.00331483 0.00142536 0.00050966
 3.8055e-11 1.78992e-09 5.82966e-08 1.31474e-06 2.05315e-05 0.000222019 0.00166247 0.00862045 0.0309601 0.0770721 0.133384 0.16235 0.145056 0.108327 0.0842146 0.0721033 0.0588948 0.0435299 0.0302477 0.0198638 0.0119688 0.00651509 0.0031686 0.00134095 0.000476094
 3.88441e-11 1.82704e-09 5.95055e-08 1.342e-06 2.09573e-05 0.000226623 0.00169694 0.00879919 0.0316019 0.0786675 0.13613 0.16562 0.147736 0.109759 0.084399 0.0710963 0.0566458 0.0404477 0.0273485 0.0179565 0.0110469 0.00612898 0.00298767 0.00124834 0.000435459
 3.64448e-11 1.71419e-09 5.583e-08 1.25911e-06 1.96628e-05 0.000212625 0.00159214 0.00825589 0.0296527 0.0738361 0.127911 0.156287 0.141561 0.109735 0.0900437 0.0792013 0.0639085 0.0454235 0.0301861 0.0193175 0.0116056 0.00636801 0.0031129 0.00131022 0.000458014
 3.55814e-11 1.67358e-09 5.45073e-08 1.22928e-06 1.9197e-05 0.000207588 0.00155442 0.00806031 0.0289503 0.0720882 0.12489 0.15263 0.13837 0.107581 0.088931 0.0793639 0.0658273 0.0489048 0.0340663 0.0223872 0.0134554 0.00726849 0.00348812 0.00145042 0.000504903
 3.75525e-11 1.76629e-09 5.75269e-08 1.29738e-06 2.02604e-05 0.000219088 0.00164052 0.00850665 0.0305516 0.0760569 0.131639 0.160285 0.143398 0.107492 0.0840901 0.072395 0.0594758 0.044482 0.0316434 0.0215108 0.0134395 0.0074856 0.0036391 0.00150854 0.000519771
 3.63392e-11 1.70922e-09 5.56683e-08 1.25546e-06 1.96058e-05 0.000212009 0.00158752 0.00823195 0.0295664 0.0736186 0.127516 0.155721 0.140778 0.10858 0.088509 0.0777234 0.0631353 0.0456935 0.0313697 0.0209825 0.0132249 0.00755937 0.003792 0.00161339 0.000564191
 3.7411e-11 1.75963e-09 5.731e-08 1.29249e-06 2.0184e-05 0.000218262 0.00163434 0.00847462 0.0304368 0.0757743 0.131171 0.159811 0.143284 0.108052 0.0852782 0.0737126 0.0603017 0.0445179 0.0310233 0.020642 0.0127553 0.00717678 0.00360228 0.0015569 0.000556541
 3.5257e-11 1.65832e-09 5.40104e-08 1.21807e-06 1.90219e-05 0.000205696 0.00154025 0.00798688 0.0286872 0.0714385 0.123802 0.151481 0.137895 0.108353 0.0907398 0.0811112 0.0663729 0.0481756 0.0330215 0.0218925 0.0135884 0.00764919 0.00381435 0.00163799 0.000586026
 3.6567e-11 1.71994e-09 5.60172e-08 1.26333e-06 1.97287e-05 0.000213338 0.00159747 0.00828347 0.0297507 0.0740699 0.128246 0.156368 0.140593 0.10689 0.0855524 0.0750043 0.0623279 0.0470051 0.0334889 0.0225943 0.0140048 0.00783485 0.00389219 0.00166749 0.000595048
 3.82778e-11 1.8004e-09 5.8638e-08 1.32244e-06 2.06517e-05 0.000223319 0.0016722 0.00867092 0.0311412 0.0775215 0.134152 0.163236 0.145687 0.108429 0.0837296 0.0710714 0.0574365 0.0420482 0.0293849 0.0199392 0.0126504 0.00723655 0.0036341 0.00155888 0.00055492
 3.66368e-11 1.72322e-09 5.6124e-08 1.26574e-06 1.97663e-05 0.000213745 0.00160052 0.00829934 0.0298084 0.0742205 0.128554 0.156965 0.141828 0.109222 0.0887873 0.0776979 0.0627551 0.0449157 0.0302933 0.0198516 0.0123117 0.00700549 0.00355049 0.00154449 0.000555665
 3.96504e-11 1.86496e-09 6.07406e-08 1.36985e-06 2.13922e-05 0.000231327 0.00173216 0.00898174 0.0322565 0.0802872 0.138866 0.168635 0.14942 0.108916 0.0813151 0.0674994 0.0543391 0.039839 0.027568 0.0181468 0.0110418 0.00610524 0.00302459 0.00130316 0.000469624
 3.74086e-11 1.75952e-09 5.73064e-08 1.2924e-06 2.01827e-05 0.000218248 0.00163423 0.00847414 0.030436 0.07578 0.131235 0.160143 0.144388 0.110508 0.088874 0.0768502 0.0610992 0.042691 0.0280124 0.017963 0.0109275 0.0060597 0.00297713 0.00126093 0.00044697
#spawning biomass
 46276.2 45711.6 43786 38055.7 43445 71912.5 101177 158667 188572 215249 223933 227340 248281 284197 283307 256068 230535 252187 230525 252047 271502 260718 241333 263057 316601 316206 303309 266709 180795 307417 229099 150974 97041.4 64675.5 46724.7 37238.5 32378.6 29939.2 28731.5 28139.2 27850.5 27710.4 27642.7 27609.9 27594.2 27586.6 27583 27581.2 27580.4 27580 27579.8 27579.7 27579.7 27579.7 27579.6 27579.6 27579.6 27579.6 27579.6 27579.6 27579.6 27579.6 27579.6 27579.6 27579.6 27579.6 27579.6 27579.6 27579.6 27579.6 27579.6 27579.6 27579.6 27579.6 27579.6 27579.6 27579.6 27579.6 27579.6 27579.6 27579.6 27579.6 27579.6 27579.6 27579.6 27579.6 27579.6 27579.6 27579.6 27579.6 27579.6 27579.6 27579.6 27579.6 27579.6 27579.6 27579.6 27579.6 27579.6 27579.6 27579.6 27579.6 27579.6 27579.6 27579.6 27579.6 27579.6 27579.6 27579.6 27579.6 27579.6 27579.6 27579.6 27579.6 27579.6 27579.6 27579.6 27579.6 27579.6 27579.6 27579.6 27579.6 27579.6 27579.6 27579.6 27579.6 27579.6 27579.6 0 0 0 0 0 0 0 0 0 0 0 0 0 0 0 0 0 0 0 0 0 0 0 0 0
