SBPRF35
0.137525
Curr Bio
129670
B35
164332
F35
0.842407
FOFL
0.429662
OFL
19032
Bzero
39292.8
#pred survey bio
 7044.24 9065.01 11481 13859.4 22221.6 34152.1 33842 42272.8 54172.6 62148.4 77914.8 104022 136240 156280 165441 138667 125965 126020 108629 114154 121283 126689 134916 144151 153694 155002 155631 145538 141220 3.54329e+06 2.33514e+06 1.35838e+06 783941 535755 432750 387862 366599 355716 349847 346590 344759 343726 343143 342813 342625 342521 342463 342431 342414 342404 342398 342395 342394 342393 342392 342392 342392 342392 342392 342392 342392 342392 342392 342392 342392 342392 342392 342392 342392 342392 342392 342392 342392 342392 342392 342392 342392 342392 342392 342392 342392 342392 342392 342392 342392 342392 342392 342392 342392 342392 342392 342392 342392 342392 342392 342392 342392 342392 342392 342392 342392 342392 342392 342392 342392 342392 342392 342392 342392 342392 342392 342392 342392 342392 342392 342392 342392 342392 342392 342392 342392 342392 342392 342392 342392 342392 342392 342392 342392 0 0 0 0 0 0 0 0 0 0 0 0 0 0 0 0 0 0 0 0 0 0 0 0 0
#obs survey bio
 5844.33 9507.13 9157.94 12148.9 18504.1 29918.6 29699.2 52056.9 50881.4 68336 62520 66949.6 77603 126912 156808 124365 89008.6 100932 86653.8 124446 116781 144561 109180 93261.8 168675 125444 158833 147706 93372.7
#pred catch bio
 2916.84 4551.92 6003.28 7457.13 9736.49 19694.6 18929.9 22911.6 31975.7 35888.9 45477.1 61128.4 86558.2 96119.1 113141 95607.9 83732.4 90464.2 73295.2 77523.3 83770.4 87191.9 95023.3 104459 112161 112692 117374 104680 133769 19032 46838.6 24028.3 12019.7 7673.79 6294.17 5889.31 5776.63 5746.42 5738.54 5736.53 5736.02 5735.89 5735.86 5735.85 5735.85 5735.85 5735.85 5735.85 5735.85 5735.85 5735.85 5735.85 5735.85 5735.85 5735.85 5735.85 5735.85 5735.85 5735.85 5735.85 5735.85 5735.85 5735.85 5735.85 5735.85 5735.85 5735.85 5735.85 5735.85 5735.85 5735.85 5735.85 5735.85 5735.85 5735.85 5735.85 5735.85 5735.85 5735.85 5735.85 5735.85 5735.85 5735.85 5735.85 5735.85 5735.85 5735.85 5735.85 5735.85 5735.85 5735.85 5735.85 5735.85 5735.85 5735.85 5735.85 5735.85 5735.85 5735.85 5735.85 5735.85 5735.85 5735.85 5735.85 5735.85 5735.85 5735.85 5735.85 5735.85 5735.85 5735.85 5735.85 5735.85 5735.85 5735.85 5735.85 5735.85 5735.85 5735.85 5735.85 5735.85 5735.85 5735.85 5735.85 5735.85 5735.85 5735.85 5735.85 5735.85 0 0 0 0 0 0 0 0 0 0 0 0 0 0 0 0 0 0 0 0 0 0 0 0 0
#obs catch bio
 4381.83 4528.34 5993.97 7486.13 9563.02 19738.8 19000.7 22304.1 31339.4 35131.6 45036.1 60589.6 86394.2 96814.1 113476 96078.3 84404.1 91686.2 73459.1 77179.2 82152.9 84699.7 93417.4 104320 109496 110238 116492 102410 136162
#pred cpue bio
 5858.59 7037.34 8870.24 10763.6 16032.5 26558.8 26762.1 31669 41421.1 47218.6 58513.5 77026.3 101521 116554 127349 106520 94578.7 94938.1 81428 84545.6 89691.7 93375 99294.1 104954 110828 112997 113398 105551 104390 2.27795e+06 2.25044e+06 1.31598e+06 737654 488993 385949 341058 319795 308912 303042 299785 297955 296921 296338 296009 295820 295716 295659 295627 295609 295599 295594 295591 295589 295588 295588 295587 295587 295587 295587 295587 295587 295587 295587 295587 295587 295587 295587 295587 295587 295587 295587 295587 295587 295587 295587 295587 295587 295587 295587 295587 295587 295587 295587 295587 295587 295587 295587 295587 295587 295587 295587 295587 295587 295587 295587 295587 295587 295587 295587 295587 295587 295587 295587 295587 295587 295587 295587 295587 295587 295587 295587 295587 295587 295587 295587 295587 295587 295587 295587 295587 295587 295587 295587 295587 295587 295587 295587 295587 295587 0 0 0 0 0 0 0 0 0 0 0 0 0 0 0 0 0 0 0 0 0 0 0 0 0
#obs cpue bio
 6589.69 9355.18 8740.4 12973.1 31001 19617.4 36903.2 47930.1 56561.3 58867.7 76600.3 131906 177947 112277 144059 111986 106876 102458 98478.9 90918.1 139459 136886 143994 152894 173176 186484 119072 148737 120838
#pred surv len freq
 2.56915e-27 2.60445e-27 4.72485e-26 9.42749e-20 2.31104e-14 6.84801e-10 2.45284e-06 0.00106199 0.0555806 0.351618 0.269071 0.0366159 0.0896674 0.0827854 0.0216662 0.028888 0.0136071 0.012105 0.00820993 0.00675846 0.00564224 0.00511346 0.00531916 0.00481009 0.00147765
 2.57066e-27 2.60825e-27 5.02277e-26 1.00558e-19 2.46506e-14 7.30442e-10 2.61632e-06 0.00113277 0.0592849 0.375053 0.287005 0.0390616 0.095682 0.0880345 0.0173929 0.0176056 0.00686906 0.00438028 0.00244475 0.00170582 0.00124194 0.00100094 0.000944551 0.000865783 0.000292628
 2.57037e-27 2.6074e-27 4.93914e-26 9.87935e-20 2.4218e-14 7.17624e-10 2.57041e-06 0.00111289 0.0582445 0.368471 0.281995 0.0400866 0.107002 0.0984135 0.01808 0.0164973 0.00556879 0.00230699 0.00094724 0.000478644 0.000274705 0.000185498 0.000151943 0.000133911 4.71716e-05
 2.57011e-27 2.60671e-27 4.8793e-26 9.75313e-20 2.39086e-14 7.08455e-10 2.53757e-06 0.00109867 0.0575004 0.363763 0.278402 0.0401896 0.11031 0.101505 0.0193351 0.0185734 0.00607038 0.00216327 0.000688358 0.000220317 8.2088e-05 4.04038e-05 2.64914e-05 2.10644e-05 7.4324e-06
 2.57267e-27 2.61366e-27 5.49241e-26 1.10465e-19 2.70792e-14 8.02406e-10 2.87408e-06 0.00124437 0.0651258 0.412003 0.31521 0.0384738 0.0713928 0.0655702 0.0125761 0.0121985 0.0040478 0.00153282 0.000461495 0.00011896 2.72372e-05 7.68055e-06 3.35146e-06 2.17537e-06 7.38244e-07
 2.56993e-27 2.60614e-27 4.82107e-26 9.63024e-20 2.36074e-14 6.99529e-10 2.50559e-06 0.00108483 0.0567759 0.35918 0.274916 0.0410195 0.119076 0.109443 0.0180007 0.013529 0.00450051 0.00175256 0.000542949 0.000143871 2.76728e-05 4.63552e-06 9.88619e-07 4.21551e-07 1.29343e-07
 2.56932e-27 2.60458e-27 4.69067e-26 9.35519e-20 2.29331e-14 6.7955e-10 2.43403e-06 0.00105384 0.0551544 0.348922 0.267078 0.0407305 0.122383 0.112667 0.0217013 0.0211432 0.0065891 0.0018361 0.000554257 0.000151275 3.00599e-05 4.36252e-06 4.85341e-07 8.9673e-08 2.14143e-08
 2.57149e-27 2.61048e-27 5.21413e-26 1.04595e-19 2.56402e-14 7.59764e-10 2.72135e-06 0.00117824 0.0616648 0.390108 0.298501 0.0390529 0.0875392 0.0805248 0.0162162 0.0167462 0.00558407 0.00213948 0.000591343 0.000123055 2.42081e-05 3.60737e-06 3.32795e-07 2.46146e-08 3.0478e-09
 2.57063e-27 2.60806e-27 4.9924e-26 9.9917e-20 2.44935e-14 7.25785e-10 2.59964e-06 0.00112554 0.058907 0.372661 0.285199 0.0403512 0.106764 0.098115 0.016598 0.0131863 0.00446792 0.00185971 0.000582755 0.000151322 2.44031e-05 3.20137e-06 2.9567e-07 1.51967e-08 6.71862e-10
 2.57088e-27 2.60876e-27 5.05617e-26 1.01262e-19 2.48232e-14 7.35556e-10 2.63464e-06 0.0011407 0.0597 0.377678 0.289025 0.0400061 0.101451 0.0932628 0.0166708 0.0145539 0.00457636 0.0013572 0.000425485 0.000122617 2.42634e-05 3.08659e-06 2.40493e-07 1.15011e-08 2.74639e-10
 2.57129e-27 2.60988e-27 5.15481e-26 1.03343e-19 2.53333e-14 7.50671e-10 2.68878e-06 0.00116414 0.0609268 0.385439 0.294947 0.0397558 0.0953849 0.0876519 0.0154374 0.0131584 0.00423224 0.00140258 0.000389602 8.62951e-05 1.80066e-05 2.71985e-06 2.20731e-07 9.07399e-09 1.80066e-10
 2.57175e-27 2.61111e-27 5.26202e-26 1.05605e-19 2.58877e-14 7.67099e-10 2.74762e-06 0.00118961 0.0622602 0.393875 0.301385 0.0395654 0.0894134 0.082113 0.0139412 0.0111363 0.00355469 0.00114341 0.000329504 7.65209e-05 1.27474e-05 1.79305e-06 1.68709e-07 7.29847e-09 1.26946e-10
 2.57151e-27 2.61043e-27 5.2004e-26 1.04305e-19 2.5569e-14 7.57656e-10 2.7138e-06 0.00117497 0.0614937 0.389026 0.297688 0.0398873 0.0944606 0.086741 0.0142271 0.0106191 0.00333426 0.000989507 0.000279274 6.40823e-05 1.11939e-05 1.38612e-06 1.15508e-07 5.57125e-09 1.01206e-10
 2.57146e-27 2.6103e-27 5.18834e-26 1.0405e-19 2.55067e-14 7.55809e-10 2.70718e-06 0.00117211 0.0613438 0.388077 0.296965 0.0399859 0.0957183 0.0878896 0.0142139 0.0102963 0.00318106 0.000861269 0.000233574 4.99037e-05 8.51718e-06 1.0742e-06 8.22296e-08 3.55116e-09 6.92749e-11
 2.57031e-27 2.60717e-27 4.91127e-26 9.82054e-20 2.40739e-14 7.13352e-10 2.55511e-06 0.00110626 0.0578978 0.366277 0.280331 0.0407916 0.113536 0.104338 0.0172415 0.0130605 0.00401961 0.0010558 0.000277035 5.43033e-05 8.65284e-06 1.04064e-06 7.94818e-08 3.18834e-09 5.70188e-11
 2.57041e-27 2.60745e-27 4.93718e-26 9.87521e-20 2.42079e-14 7.17323e-10 2.56933e-06 0.00111242 0.0582201 0.368316 0.281886 0.0406174 0.111119 0.102129 0.0172429 0.0136219 0.00421943 0.00114744 0.000299779 5.67078e-05 8.43436e-06 9.29836e-07 6.68489e-08 2.62774e-09 4.38678e-11
 2.57125e-27 2.60973e-27 5.13875e-26 1.03004e-19 2.52502e-14 7.4821e-10 2.67996e-06 0.00116032 0.060727 0.384176 0.293986 0.0400402 0.0982244 0.0902228 0.0150019 0.0115088 0.00359183 0.00102468 0.000272229 5.28869e-05 7.71132e-06 7.98388e-07 5.22162e-08 1.91703e-09 3.09249e-11
 2.5711e-27 2.60932e-27 5.10066e-26 1.02201e-19 2.50532e-14 7.42372e-10 2.65905e-06 0.00115127 0.0602532 0.381178 0.291702 0.0402905 0.101734 0.0934303 0.0150048 0.0107062 0.00332031 0.000920809 0.000247402 5.02184e-05 7.51922e-06 7.78376e-07 4.7989e-08 1.60262e-09 2.40413e-11
 2.57126e-27 2.60972e-27 5.13426e-26 1.02909e-19 2.5227e-14 7.47521e-10 2.67749e-06 0.00115925 0.0606711 0.383822 0.293721 0.0403122 0.100481 0.0922479 0.0143182 0.00943398 0.0028754 0.000721872 0.000189475 3.76909e-05 5.80874e-06 6.24359e-07 3.87768e-08 1.22737e-09 1.68024e-11
 2.57169e-27 2.61091e-27 5.24183e-26 1.05179e-19 2.57833e-14 7.64005e-10 2.73654e-06 0.00118482 0.062009 0.392286 0.300176 0.0398574 0.0924846 0.0849014 0.0136141 0.00967581 0.00292161 0.000679206 0.000171103 3.11951e-05 4.66534e-06 5.05637e-07 3.26564e-08 1.04438e-09 1.36201e-11
 2.57172e-27 2.61098e-27 5.2465e-26 1.05277e-19 2.58074e-14 7.64721e-10 2.7391e-06 0.00118593 0.0620671 0.392653 0.300458 0.0399546 0.093026 0.0853734 0.0131943 0.00860135 0.00262379 0.000661718 0.000165373 2.79731e-05 3.87958e-06 3.94986e-07 2.54205e-08 8.40186e-10 1.10762e-11
 2.57182e-27 2.61126e-27 5.27104e-26 1.05795e-19 2.59344e-14 7.68482e-10 2.75257e-06 0.00119176 0.0623723 0.394584 0.301932 0.0399062 0.0916224 0.0840737 0.0128854 0.0082216 0.0024713 0.000564784 0.00014209 2.56106e-05 3.41905e-06 3.19373e-07 1.90538e-08 6.20427e-10 8.38919e-12
 2.57187e-27 2.61138e-27 5.28158e-26 1.06017e-19 2.59888e-14 7.70096e-10 2.75835e-06 0.00119426 0.0625034 0.395413 0.302565 0.0398853 0.0910186 0.0835144 0.0127482 0.00804902 0.00241162 0.000538222 0.000131326 2.18851e-05 3.01107e-06 2.83912e-07 1.56069e-08 4.6863e-10 6.18916e-12
 2.57221e-27 2.61231e-27 5.36315e-26 1.07738e-19 2.64107e-14 7.82595e-10 2.80312e-06 0.00121365 0.0635178 0.401831 0.307462 0.0396574 0.0858434 0.0787349 0.0118318 0.0071621 0.00213934 0.000469636 0.000113588 1.83939e-05 2.38424e-06 2.19302e-07 1.22643e-08 3.44729e-10 4.1994e-12
 2.57249e-27 2.61306e-27 5.42922e-26 1.09132e-19 2.67523e-14 7.9272e-10 2.83939e-06 0.00122935 0.0643396 0.40703 0.311429 0.0395328 0.0821077 0.0752705 0.0109083 0.00592721 0.00175441 0.000365538 8.72193e-05 1.38907e-05 1.76387e-06 1.54264e-07 8.26205e-09 2.32803e-10 2.69052e-12
 2.57214e-27 2.61208e-27 5.34132e-26 1.07277e-19 2.62978e-14 7.7925e-10 2.79114e-06 0.00120846 0.0632463 0.400113 0.306154 0.0398948 0.0885688 0.0812106 0.011558 0.00591188 0.00172449 0.000320519 7.38319e-05 1.1215e-05 1.39594e-06 1.1939e-07 6.11085e-09 1.6438e-10 1.87651e-12
 2.57216e-27 2.61217e-27 5.34985e-26 1.07457e-19 2.63419e-14 7.80557e-10 2.79582e-06 0.00121048 0.0633524 0.400784 0.306665 0.0397975 0.0874699 0.0802143 0.0117047 0.00649638 0.0018874 0.000330479 7.32667e-05 1.00259e-05 1.18393e-06 9.7399e-08 4.85833e-09 1.2521e-10 1.36549e-12
 2.5723e-27 2.61253e-27 5.38142e-26 1.08123e-19 2.65051e-14 7.85394e-10 2.81315e-06 0.00121799 0.063745 0.403268 0.30856 0.0397538 0.0858054 0.0786653 0.0111934 0.00572156 0.00167148 0.000314557 6.99934e-05 9.01923e-06 9.86922e-07 7.41173e-08 3.51483e-09 8.76623e-11 9.17432e-13
 2.57169e-27 2.61086e-27 5.23357e-26 1.05004e-19 2.57406e-14 7.62739e-10 2.732e-06 0.00118285 0.0619063 0.391636 0.299685 0.0402133 0.0955375 0.0876434 0.0127373 0.00698076 0.0020278 0.000355645 7.90952e-05 1.08345e-05 1.16496e-06 8.08777e-08 3.47424e-09 8.1108e-11 8.16199e-13
#obs surv len freq
 1.7719e-41 2.45928e-33 4.12596e-26 8.36736e-20 2.05116e-14 6.07796e-10 2.17703e-06 0.000942577 0.0493307 0.312081 0.239036 0.044046 0.151591 0.128381 0.035829 0.0273617 0.00825207 0.00258304 0.000502865 5.7892e-05 2.89273e-06 4.61458e-08 1.75495e-10 1.27713e-13 1.53587e-17
 2.17803e-41 3.02296e-33 5.07164e-26 1.02852e-19 2.52129e-14 7.47105e-10 2.67601e-06 0.00115862 0.0606375 0.38361 0.293627 0.0420175 0.0970231 0.07765 0.0221465 0.0159347 0.0045952 0.00133471 0.000237155 2.40103e-05 9.97225e-07 1.24342e-08 3.53564e-11 1.87323e-14 1.61535e-18
 1.72091e-41 2.38851e-33 4.00722e-26 8.12655e-20 1.99213e-14 5.90304e-10 2.11437e-06 0.000915451 0.0479111 0.3031 0.232373 0.0512582 0.182179 0.136078 0.0267274 0.0142456 0.00395576 0.00106779 0.00017122 1.49738e-05 5.13088e-07 5.00753e-09 1.06674e-11 4.11708e-15 2.54552e-19
 2.08628e-41 2.89562e-33 4.85801e-26 9.85195e-20 2.41509e-14 7.15635e-10 2.56329e-06 0.00110981 0.0580833 0.367452 0.281413 0.0458258 0.113728 0.081621 0.0284246 0.0181184 0.00344222 0.000675655 9.67755e-05 7.22779e-06 2.01138e-07 1.52699e-09 2.44221e-12 6.89302e-16 3.0642e-20
 2.36993e-41 3.28931e-33 5.5185e-26 1.11914e-19 2.74344e-14 8.12932e-10 2.91179e-06 0.0012607 0.0659802 0.41741 0.319531 0.0442997 0.0792508 0.0521988 0.0117374 0.00615689 0.00177596 0.00035961 3.3619e-05 1.95411e-06 4.35614e-08 2.54379e-10 3.0401e-13 6.28464e-17 2.01684e-21
 1.32031e-41 1.8325e-33 3.07439e-26 6.23481e-20 1.52839e-14 4.5289e-10 1.62218e-06 0.000702347 0.0367581 0.232545 0.17916 0.0712035 0.272151 0.166339 0.0279182 0.0107247 0.00204745 0.000402577 4.37356e-05 1.80763e-06 2.81107e-08 1.22852e-10 1.08811e-13 1.64079e-17 3.80056e-22
 2.21214e-41 3.0703e-33 5.15106e-26 1.04462e-19 2.56078e-14 7.58805e-10 2.71791e-06 0.00117676 0.0615871 0.389618 0.298447 0.046774 0.0891507 0.0566582 0.0355363 0.0182477 0.00247228 0.000301655 2.56122e-05 1.04337e-06 1.22531e-08 3.58808e-11 2.23898e-14 2.431e-18 4.0462e-23
 1.98196e-41 2.75083e-33 4.61509e-26 9.35932e-20 2.29433e-14 6.79851e-10 2.43511e-06 0.00105432 0.0551789 0.349081 0.267974 0.0610986 0.155798 0.0830066 0.0161522 0.00749183 0.00275114 0.000390889 1.99683e-05 5.57949e-07 5.51689e-09 1.23614e-11 5.2285e-15 3.83548e-19 4.44286e-24
 2.02673e-41 2.81296e-33 4.71933e-26 9.57071e-20 2.34615e-14 6.95206e-10 2.49012e-06 0.00107813 0.0564252 0.356966 0.274082 0.061441 0.143186 0.0736592 0.0229974 0.0085748 0.00131573 0.000252383 1.97142e-05 3.93393e-07 2.44797e-09 4.07572e-12 1.30489e-15 6.76403e-20 5.30011e-25
 1.97932e-41 2.74717e-33 4.60894e-26 9.34685e-20 2.29127e-14 6.78945e-10 2.43187e-06 0.00105292 0.0551054 0.348618 0.267998 0.0670441 0.154492 0.0738767 0.0220861 0.0080608 0.00148553 0.000167145 1.11563e-05 2.81929e-07 1.47406e-09 1.56786e-12 3.37074e-16 1.26163e-20 7.16668e-26
 2.10093e-41 2.91596e-33 4.89212e-26 9.92113e-20 2.43205e-14 7.2066e-10 2.58129e-06 0.00111761 0.0584912 0.370038 0.284401 0.0657757 0.132837 0.0600288 0.019555 0.00649866 0.00112268 0.00012593 6.13965e-06 1.16562e-07 6.12807e-10 5.84605e-13 8.93035e-17 2.18016e-21 8.31608e-27
 2.04489e-41 2.83818e-33 4.76163e-26 9.6565e-20 2.36718e-14 7.01438e-10 2.51243e-06 0.0010878 0.056931 0.36017 0.277303 0.0732012 0.146799 0.0608879 0.0173747 0.00525319 0.000895142 9.00346e-05 3.91712e-06 5.5994e-08 2.11071e-10 1.69011e-13 2.25725e-17 4.38734e-22 1.19048e-27
 1.99692e-41 2.77159e-33 4.64992e-26 9.42994e-20 2.31164e-14 6.84981e-10 2.45349e-06 0.00106228 0.0555953 0.351724 0.271317 0.0795751 0.154155 0.0611105 0.0194415 0.00519746 0.00075026 6.76344e-05 2.56511e-06 3.01825e-08 8.51772e-11 4.79741e-14 4.74654e-18 7.33376e-23 1.60879e-28
 1.8681e-41 2.59281e-33 4.34997e-26 8.82165e-20 2.16252e-14 6.40795e-10 2.29522e-06 0.000993753 0.0520091 0.329042 0.254823 0.0913527 0.175487 0.0667207 0.022849 0.005834 0.000822953 6.12939e-05 1.90765e-06 1.83752e-08 4.06602e-11 1.70302e-14 1.19348e-18 1.29285e-23 2.04548e-29
 1.69132e-41 2.34744e-33 3.93831e-26 7.98682e-20 1.95788e-14 5.80154e-10 2.07802e-06 0.00089971 0.0470872 0.297914 0.232215 0.106369 0.201055 0.0761003 0.0299256 0.00733452 0.00102509 6.98933e-05 1.77929e-06 1.32195e-08 2.25544e-11 7.17247e-15 3.71938e-19 2.90112e-24 3.23287e-30
 1.9129e-41 2.65498e-33 4.45427e-26 9.03318e-20 2.21438e-14 6.56161e-10 2.35026e-06 0.00101758 0.0532562 0.336941 0.261717 0.0954847 0.154733 0.060914 0.0279272 0.00694194 0.000999571 6.36396e-05 1.41119e-06 8.3091e-09 1.05825e-11 2.4846e-15 9.51171e-20 5.44227e-25 4.40051e-31
 1.85561e-41 2.57546e-33 4.32087e-26 8.76264e-20 2.14806e-14 6.36509e-10 2.27987e-06 0.000987106 0.0516612 0.326864 0.255354 0.10984 0.169927 0.0576908 0.0212654 0.00551178 0.000843017 5.2346e-05 1.03811e-06 5.06033e-09 4.99282e-12 8.65302e-16 2.39409e-20 9.8696e-26 5.75964e-32
 1.83242e-41 2.54328e-33 4.26687e-26 8.65314e-20 2.12121e-14 6.28555e-10 2.25138e-06 0.00097477 0.0510156 0.322793 0.253304 0.117112 0.168784 0.0585329 0.0222033 0.00461411 0.000625162 3.85548e-05 7.04946e-07 2.92608e-09 2.31029e-12 3.06289e-16 6.26665e-21 1.86734e-26 7.78458e-33
 1.85734e-41 2.57786e-33 4.32489e-26 8.7708e-20 2.15006e-14 6.37102e-10 2.28199e-06 0.000988024 0.0517094 0.327196 0.257634 0.121421 0.160514 0.0550988 0.0207087 0.00421568 0.000487166 2.45923e-05 4.00181e-07 1.44132e-09 9.32994e-13 9.70444e-17 1.50931e-21 3.34072e-27 1.01647e-33
 1.94518e-41 2.69979e-33 4.52945e-26 9.18564e-20 2.25175e-14 6.67235e-10 2.38993e-06 0.00103476 0.0541551 0.342682 0.270123 0.121047 0.143936 0.0470748 0.0164132 0.00317617 0.000339962 1.42654e-05 1.81402e-07 5.29755e-10 2.80331e-13 2.32514e-17 2.80338e-22 4.70347e-28 1.06657e-34
 1.93823e-41 2.69013e-33 4.51325e-26 9.15279e-20 2.2437e-14 6.64849e-10 2.38138e-06 0.00103106 0.0539615 0.341485 0.270886 0.130024 0.142978 0.043514 0.0135311 0.00235408 0.000224866 8.16107e-06 8.25308e-08 1.81779e-10 7.30269e-14 4.67863e-18 4.36391e-23 5.60791e-29 9.61333e-36
 1.97931e-41 2.74715e-33 4.60891e-26 9.34678e-20 2.29125e-14 6.7894e-10 2.43185e-06 0.00105291 0.0551053 0.348747 0.277585 0.131731 0.132121 0.0400687 0.0116825 0.00175818 0.000141575 4.28321e-06 3.5007e-08 5.92887e-11 1.761e-14 8.2513e-19 5.67086e-24 5.42369e-30 6.95428e-37
 1.92065e-41 2.66573e-33 4.47232e-26 9.06977e-20 2.22335e-14 6.58818e-10 2.35978e-06 0.0010217 0.0534722 0.33847 0.272603 0.146294 0.137245 0.0390401 0.0103318 0.00142285 9.56742e-05 2.2925e-06 1.46372e-08 1.90699e-11 4.25676e-15 1.46421e-19 7.27436e-25 5.00337e-31 4.62404e-38
 1.95778e-41 2.71727e-33 4.55879e-26 9.24514e-20 2.26634e-14 6.71557e-10 2.40541e-06 0.00104146 0.0545062 0.345052 0.278984 0.145885 0.1258 0.0378635 0.00962902 0.00116809 6.68107e-05 1.27511e-06 6.15141e-09 5.9755e-12 9.90694e-16 2.51395e-20 9.12578e-26 4.54099e-32 3.01194e-39
 1.93703e-41 2.68847e-33 4.51047e-26 9.14714e-20 2.24231e-14 6.64438e-10 2.37991e-06 0.00103042 0.0539286 0.341475 0.279256 0.155748 0.12414 0.035085 0.00832023 0.000966206 4.71138e-05 7.17307e-07 2.636e-09 1.88229e-12 2.26254e-16 4.1564e-21 1.09293e-26 3.93599e-33 1.8846e-40
 1.86889e-41 2.59389e-33 4.35179e-26 8.82534e-20 2.16343e-14 6.41064e-10 2.29619e-06 0.000994169 0.0520318 0.329588 0.274386 0.169967 0.12778 0.0364507 0.00794104 0.000822701 3.53397e-05 4.40449e-07 1.2387e-09 6.54887e-13 5.70831e-17 7.51138e-22 1.40845e-27 3.6173e-34 1.23712e-41
 1.79609e-41 2.49285e-33 4.18228e-26 8.48157e-20 2.07916e-14 6.16092e-10 2.20674e-06 0.000955444 0.0500056 0.316917 0.269562 0.183936 0.131186 0.0386482 0.00800946 0.000751565 2.72491e-05 2.78246e-07 6.14368e-10 2.43774e-13 1.55206e-17 1.47106e-22 1.97013e-28 3.59452e-35 8.70859e-43
 1.82585e-41 2.53415e-33 4.25157e-26 8.62209e-20 2.1136e-14 6.263e-10 2.2433e-06 0.000971274 0.0508345 0.322282 0.276139 0.182306 0.121958 0.0373596 0.00747291 0.000654277 2.03078e-05 1.66564e-07 2.85921e-10 8.63158e-14 4.08608e-18 2.82352e-23 2.72139e-29 3.54655e-36 6.10996e-44
 1.82592e-41 2.53425e-33 4.25174e-26 8.62243e-20 2.11369e-14 6.26325e-10 2.24339e-06 0.000971312 0.0508365 0.322294 0.276156 0.182576 0.122924 0.0367558 0.00691482 0.000554286 1.51929e-05 1.06726e-07 1.53355e-10 3.81705e-14 1.47542e-18 8.27023e-24 6.43595e-30 6.74944e-37 9.33449e-45
#pred catch len freq
 2.56698e-27 2.59866e-27 4.22567e-26 8.37448e-20 2.0529e-14 6.08311e-10 2.17887e-06 0.000943367 0.0493724 0.312344 0.239087 0.0369405 0.113203 0.104613 0.0274166 0.0365898 0.0172026 0.0152643 0.0103449 0.00851277 0.00710601 0.00643987 0.0066989 0.00605778 0.00186093
 2.56908e-27 2.60399e-27 4.64879e-26 9.26688e-20 2.27166e-14 6.73135e-10 2.41106e-06 0.00104389 0.0546337 0.345628 0.26455 0.0399385 0.118131 0.108772 0.0214498 0.0216596 0.00843799 0.00536304 0.0029909 0.00208596 0.00151852 0.00122381 0.00115486 0.00105855 0.000357783
 2.56883e-27 2.60324e-27 4.57146e-26 9.10371e-20 2.23166e-14 6.61282e-10 2.3686e-06 0.00102551 0.0536717 0.339542 0.259922 0.0411284 0.130439 0.120046 0.0220048 0.0200102 0.00674761 0.00278493 0.00114254 0.000577006 0.000331109 0.000223577 0.000183133 0.0001614 5.68547e-05
 2.56859e-27 2.6026e-27 4.51636e-26 8.98747e-20 2.20317e-14 6.52839e-10 2.33836e-06 0.00101242 0.0529864 0.335207 0.256613 0.0412071 0.133362 0.122789 0.0233254 0.0223213 0.00728869 0.00258751 0.000822734 0.000263149 9.80289e-05 4.82475e-05 3.1634e-05 2.51535e-05 8.8752e-06
 2.5713e-27 2.60995e-27 5.16558e-26 1.03571e-19 2.53891e-14 7.52324e-10 2.6947e-06 0.0011667 0.0610609 0.386288 0.295589 0.0393709 0.0920054 0.0846064 0.0162178 0.0157181 0.00521116 0.00196635 0.000591638 0.000152405 3.48882e-05 9.83732e-06 4.29253e-06 2.7862e-06 9.45538e-07
 2.56854e-27 2.60236e-27 4.48535e-26 8.92202e-20 2.18713e-14 6.48085e-10 2.32133e-06 0.00100505 0.0526005 0.332766 0.254763 0.0420872 0.141359 0.129988 0.0213169 0.0159244 0.00529161 0.00205262 0.000635467 0.000168274 3.23609e-05 5.42041e-06 1.15599e-06 4.92917e-07 1.5124e-07
 2.56779e-27 2.60042e-27 4.32301e-26 8.57959e-20 2.10318e-14 6.23211e-10 2.23224e-06 0.000966473 0.0505817 0.319994 0.245006 0.0417686 0.145791 0.134281 0.025781 0.0250083 0.007788 0.00216162 0.000651951 0.000177821 3.53287e-05 5.1268e-06 5.70357e-07 1.0538e-07 2.51653e-08
 2.5702e-27 2.60698e-27 4.90595e-26 9.80936e-20 2.40465e-14 7.1254e-10 2.5522e-06 0.001105 0.0578319 0.365861 0.279999 0.0398727 0.106777 0.098298 0.0197292 0.0202905 0.00675916 0.00257984 0.000712622 0.000148185 2.91457e-05 4.34283e-06 4.00637e-07 2.96323e-08 3.66909e-09
 2.56938e-27 2.60466e-27 4.69112e-26 9.35612e-20 2.29354e-14 6.79617e-10 2.43427e-06 0.00105395 0.0551598 0.348956 0.267113 0.0412883 0.126603 0.116411 0.0196235 0.0154856 0.00524086 0.00217295 0.000680449 0.000176574 2.84705e-05 3.73463e-06 3.44914e-07 1.77276e-08 7.83754e-10
 2.56962e-27 2.60533e-27 4.75268e-26 9.486e-20 2.32538e-14 6.89051e-10 2.46807e-06 0.00106858 0.0559255 0.3538 0.270806 0.04092 0.121205 0.11149 0.0198569 0.0172335 0.00541454 0.00159932 0.000500954 0.000144272 2.85436e-05 3.63083e-06 2.82892e-07 1.35286e-08 3.23055e-10
 2.57011e-27 2.60668e-27 4.87103e-26 9.73565e-20 2.38658e-14 7.07186e-10 2.53302e-06 0.0010967 0.0573974 0.363111 0.277911 0.0406189 0.113923 0.104754 0.0183801 0.0155674 0.00500239 0.00165118 0.000458328 0.000101444 2.11633e-05 3.19644e-06 2.59405e-07 1.06637e-08 2.11613e-10
 2.57066e-27 2.60813e-27 4.99786e-26 1.00032e-19 2.45217e-14 7.26621e-10 2.60264e-06 0.00112684 0.0589748 0.373091 0.285528 0.0403934 0.106855 0.0981978 0.0166107 0.0131772 0.00420227 0.00134625 0.000387662 8.99646e-05 1.49841e-05 2.10749e-06 1.9829e-07 8.57816e-09 1.49204e-10
 2.57054e-27 2.60779e-27 4.96604e-26 9.93607e-20 2.43571e-14 7.21744e-10 2.58516e-06 0.00111928 0.0585789 0.370586 0.283619 0.0406483 0.110136 0.101191 0.0165238 0.0122204 0.00383347 0.00113287 0.000319475 7.32547e-05 1.27937e-05 1.5841e-06 1.32003e-07 6.36679e-09 1.15657e-10
 2.57042e-27 2.60746e-27 4.93543e-26 9.87149e-20 2.41988e-14 7.17053e-10 2.56836e-06 0.001112 0.0581982 0.368178 0.281783 0.040814 0.112687 0.103531 0.0166788 0.0119808 0.0036984 0.000997177 0.000270203 5.76879e-05 9.84374e-06 1.24141e-06 9.50274e-08 4.10382e-09 8.00559e-11
 2.56938e-27 2.60465e-27 4.68728e-26 9.348e-20 2.29155e-14 6.79027e-10 2.43216e-06 0.00105303 0.0551119 0.348653 0.266886 0.0415256 0.128569 0.118195 0.019426 0.0145546 0.00447549 0.00117043 0.000306845 6.0102e-05 9.57479e-06 1.15142e-06 8.7941e-08 3.52765e-09 6.30868e-11
 2.56952e-27 2.60502e-27 4.72128e-26 9.41974e-20 2.30914e-14 6.84238e-10 2.45083e-06 0.00106111 0.0555349 0.351329 0.268925 0.0413157 0.125538 0.115423 0.019375 0.0151384 0.00468491 0.00126847 0.000331118 6.25896e-05 9.3072e-06 1.02597e-06 7.37584e-08 2.89932e-09 4.84017e-11
 2.57035e-27 2.60729e-27 4.92181e-26 9.84276e-20 2.41283e-14 7.14966e-10 2.56089e-06 0.00110877 0.0580289 0.367106 0.280964 0.0407433 0.112725 0.103591 0.0171358 0.013011 0.00405689 0.00115238 0.000305908 5.93862e-05 8.65718e-06 8.96236e-07 5.86142e-08 2.15191e-09 3.47138e-11
 2.57039e-27 2.60737e-27 4.92737e-26 9.85448e-20 2.41571e-14 7.15817e-10 2.56394e-06 0.00111009 0.0580979 0.367543 0.281299 0.0408738 0.113482 0.104256 0.0166452 0.0117225 0.00363188 0.00100272 0.000269177 5.45981e-05 8.17335e-06 8.46015e-07 5.21579e-08 1.74183e-09 2.61295e-11
 2.57039e-27 2.60737e-27 4.92543e-26 9.8504e-20 2.41471e-14 7.15521e-10 2.56287e-06 0.00110963 0.0580739 0.367391 0.281186 0.0410229 0.114696 0.105345 0.0162757 0.0106012 0.00322829 0.000806949 0.000211613 4.20635e-05 6.48129e-06 6.9659e-07 4.32617e-08 1.36932e-09 1.87457e-11
 2.5709e-27 2.60875e-27 5.04933e-26 1.01118e-19 2.47878e-14 7.34507e-10 2.63088e-06 0.00113907 0.0596148 0.37714 0.288621 0.0405009 0.1055 0.0968964 0.0154578 0.010861 0.00327679 0.000758462 0.000190888 3.4776e-05 5.19973e-06 5.63506e-07 3.6393e-08 1.16387e-09 1.51784e-11
 2.57097e-27 2.60893e-27 5.06419e-26 1.01431e-19 2.48646e-14 7.36784e-10 2.63904e-06 0.0011426 0.0597996 0.378309 0.289515 0.0405788 0.105465 0.0968333 0.0148919 0.00958808 0.00292208 0.000733711 0.000183205 3.0966e-05 4.29368e-06 4.37105e-07 2.81305e-08 9.2975e-10 1.22569e-11
 2.57108e-27 2.60922e-27 5.08943e-26 1.01964e-19 2.49952e-14 7.40652e-10 2.65289e-06 0.0011486 0.0601136 0.380295 0.291031 0.0405315 0.10404 0.0955136 0.0145688 0.00918078 0.00275725 0.000627374 0.000157683 2.84e-05 3.79062e-06 3.54047e-07 2.11219e-08 6.87763e-10 9.29968e-12
 2.57118e-27 2.6095e-27 5.11448e-26 1.02492e-19 2.51247e-14 7.4449e-10 2.66664e-06 0.00115455 0.0604251 0.382266 0.292535 0.0404643 0.102471 0.0940648 0.0142867 0.00890153 0.00266473 0.000592079 0.000144326 2.40332e-05 3.30586e-06 3.11679e-07 1.71327e-08 5.14444e-10 6.79421e-12
 2.57163e-27 2.61071e-27 5.22107e-26 1.04741e-19 2.56759e-14 7.60823e-10 2.72514e-06 0.00117988 0.0617508 0.390652 0.298934 0.0401566 0.0956341 0.0877526 0.0131187 0.00782656 0.00233569 0.00051044 0.000123334 1.99568e-05 2.58623e-06 2.37857e-07 1.33017e-08 3.73884e-10 4.55455e-12
 2.57195e-27 2.61159e-27 5.29761e-26 1.06355e-19 2.60717e-14 7.72552e-10 2.76715e-06 0.00119807 0.0627027 0.396674 0.30353 0.0400049 0.0912504 0.0836893 0.0120709 0.00645905 0.00191004 0.000396176 9.4431e-05 1.50277e-05 1.90781e-06 1.66836e-07 8.93512e-09 2.51766e-10 2.90968e-12
 2.57155e-27 2.61048e-27 5.19876e-26 1.0427e-19 2.55605e-14 7.57404e-10 2.71289e-06 0.00117458 0.0614733 0.388896 0.297597 0.0404109 0.0985084 0.0903622 0.012804 0.00644934 0.00187959 0.000347798 8.0024e-05 1.21462e-05 1.51148e-06 1.29259e-07 6.6158e-09 1.77961e-10 2.03155e-12
 2.57167e-27 2.61083e-27 5.23021e-26 1.04933e-19 2.57232e-14 7.62224e-10 2.73016e-06 0.00118205 0.0618644 0.391371 0.299484 0.0402288 0.0957975 0.0878821 0.0127571 0.00696575 0.00202203 0.000352467 7.80474e-05 1.06718e-05 1.25987e-06 1.03636e-07 5.16929e-09 1.33223e-10 1.45287e-12
 2.57171e-27 2.61091e-27 5.23672e-26 1.05071e-19 2.57569e-14 7.63222e-10 2.73373e-06 0.0011836 0.0619454 0.391884 0.299876 0.0402769 0.0958874 0.0879481 0.0124606 0.00627428 0.00183132 0.000343115 7.62647e-05 9.8198e-06 1.07424e-06 8.06658e-08 3.82525e-09 9.54038e-11 9.98448e-13
 2.57187e-27 2.61137e-27 5.27819e-26 1.05946e-19 2.59713e-14 7.69575e-10 2.75649e-06 0.00119345 0.0624611 0.395146 0.302364 0.040081 0.0926488 0.0849773 0.0122552 0.00655266 0.00190131 0.000331808 7.36963e-05 1.00869e-05 1.08429e-06 7.52692e-08 3.23321e-09 7.54803e-11 7.59565e-13
#obs catch len freq
 1.75202e-41 2.43168e-33 4.07966e-26 8.27346e-20 2.02814e-14 6.00975e-10 2.1526e-06 0.000931999 0.0487772 0.308579 0.236363 0.0440801 0.153528 0.130093 0.0369116 0.0285039 0.00879214 0.00281152 0.000557471 6.61691e-05 3.45731e-06 5.79371e-08 2.30596e-10 1.74607e-13 2.17399e-17
 1.77542e-41 2.46416e-33 4.13414e-26 8.38396e-20 2.05523e-14 6.09002e-10 2.18135e-06 0.000944447 0.0494286 0.3127 0.239568 0.0459779 0.155208 0.124426 0.03564 0.0257599 0.00760969 0.00227384 0.000416716 4.32882e-05 1.85896e-06 2.4164e-08 7.16747e-11 3.9446e-14 3.51544e-18
 2.18563e-41 3.03351e-33 5.08934e-26 1.03211e-19 2.53009e-14 7.49712e-10 2.68535e-06 0.00116266 0.0608491 0.384949 0.294692 0.0433072 0.0984859 0.0744241 0.0218215 0.0147738 0.00417219 0.00115068 0.000191434 1.7339e-05 6.1241e-07 6.16882e-09 1.36044e-11 5.43279e-15 3.4651e-19
 1.73667e-41 2.41038e-33 4.04391e-26 8.20098e-20 2.01037e-14 5.9571e-10 2.13374e-06 0.000923835 0.0483498 0.305876 0.234585 0.0537937 0.184023 0.129145 0.0256449 0.0130546 0.00355105 0.000904393 0.000134891 1.04665e-05 3.021e-07 2.36219e-09 3.8813e-12 1.12548e-15 5.13766e-20
 2.10548e-41 2.92227e-33 4.90271e-26 9.94261e-20 2.43731e-14 7.2222e-10 2.58688e-06 0.00112003 0.0586178 0.370834 0.28406 0.0474575 0.113662 0.0768343 0.0276374 0.0161826 0.00295565 0.000557837 7.39048e-05 4.85242e-06 1.12744e-07 6.80746e-10 8.354e-13 1.76593e-16 5.7857e-21
 2.38645e-41 3.31223e-33 5.55696e-26 1.12694e-19 2.76256e-14 8.18597e-10 2.93208e-06 0.00126949 0.0664401 0.420319 0.321802 0.0453883 0.0781998 0.0482138 0.0110511 0.00546941 0.00153548 0.000282517 2.44837e-05 1.25534e-06 2.31712e-08 1.069e-10 9.75747e-14 1.50615e-17 3.5559e-22
 1.35475e-41 1.8803e-33 3.1546e-26 6.39747e-20 1.56826e-14 4.64705e-10 1.6645e-06 0.00072067 0.037717 0.238613 0.184007 0.0756429 0.271188 0.15451 0.0260656 0.00943022 0.00174822 0.000323818 3.12943e-05 1.11835e-06 1.44651e-08 4.97559e-11 3.35207e-14 3.76391e-18 6.40252e-23
 2.24112e-41 3.11053e-33 5.21855e-26 1.05831e-19 2.59433e-14 7.68746e-10 2.75352e-06 0.00119218 0.062394 0.394724 0.302421 0.0481624 0.0870213 0.0526151 0.0337488 0.0154806 0.00199123 0.000229072 1.77565e-05 6.13931e-07 5.86556e-09 1.35211e-11 6.41442e-15 5.17546e-19 6.31566e-24
 2.01916e-41 2.80246e-33 4.70171e-26 9.53498e-20 2.33739e-14 6.92611e-10 2.48082e-06 0.00107411 0.0562146 0.355633 0.273128 0.0634576 0.151412 0.075041 0.0148202 0.00663055 0.00228906 0.000284503 1.31192e-05 3.17023e-07 2.53519e-09 4.41185e-12 1.41491e-15 7.71363e-20 6.54455e-25
 2.06605e-41 2.86754e-33 4.8109e-26 9.75641e-20 2.39167e-14 7.08695e-10 2.53843e-06 0.00109905 0.05752 0.363893 0.27953 0.0636421 0.138224 0.0665773 0.021116 0.00711928 0.00107306 0.000190818 1.25829e-05 2.09937e-07 1.06694e-09 1.38123e-12 3.33468e-16 1.28182e-20 7.3593e-26
 2.02335e-41 2.80827e-33 4.71146e-26 9.55474e-20 2.34223e-14 6.94047e-10 2.48596e-06 0.00107634 0.0563311 0.356373 0.274118 0.0694306 0.148252 0.0663232 0.020076 0.00671746 0.00117256 0.000119927 7.16178e-06 1.47014e-07 6.06762e-10 5.00871e-13 8.14002e-17 2.25578e-21 9.37722e-27
 2.14329e-41 2.97474e-33 4.99075e-26 1.01211e-19 2.48108e-14 7.35189e-10 2.63333e-06 0.00114014 0.0596704 0.377499 0.290291 0.0677197 0.126298 0.05354 0.0175491 0.00532444 0.000874053 8.78141e-05 3.72624e-06 5.90282e-08 2.43386e-10 1.7674e-13 2.02765e-17 3.66758e-22 1.02327e-27
 2.09124e-41 2.90251e-33 4.86956e-26 9.87537e-20 2.42083e-14 7.17336e-10 2.56938e-06 0.00111245 0.0582214 0.368336 0.283788 0.0753374 0.138872 0.0539028 0.0154034 0.00427524 0.00068558 6.15277e-05 2.29914e-06 2.6948e-08 8.02054e-11 4.88955e-14 4.86522e-18 6.9729e-23 1.38483e-28
 2.04702e-41 2.84113e-33 4.76658e-26 9.66653e-20 2.36964e-14 7.02167e-10 2.51505e-06 0.00108893 0.0569902 0.360551 0.278366 0.0818316 0.145199 0.0541263 0.0170777 0.00415694 0.00056418 4.52476e-05 1.4596e-06 1.39371e-08 3.07432e-11 1.31685e-14 9.7038e-19 1.10125e-23 1.76108e-29
 1.92471e-41 2.67137e-33 4.48178e-26 9.08897e-20 2.22805e-14 6.60213e-10 2.36478e-06 0.00102387 0.0535851 0.339017 0.262861 0.0940446 0.164952 0.0592659 0.0199474 0.00465288 0.000607226 3.99026e-05 1.05298e-06 8.16989e-09 1.4031e-11 4.44548e-15 2.31525e-19 1.84046e-24 2.11762e-30
 1.75447e-41 2.43509e-33 4.08538e-26 8.28506e-20 2.03099e-14 6.01818e-10 2.15562e-06 0.000933307 0.0488456 0.309045 0.241306 0.109787 0.189124 0.0682813 0.0260356 0.00584515 0.000749129 4.45526e-05 9.49618e-07 5.65912e-09 7.46223e-12 1.78767e-15 6.86944e-20 3.92659e-25 3.18122e-31
 1.97205e-41 2.73707e-33 4.592e-26 9.31249e-20 2.28285e-14 6.76449e-10 2.42293e-06 0.00104905 0.0549029 0.347365 0.27018 0.0976232 0.143954 0.0547268 0.0239552 0.00548608 0.000714969 3.93759e-05 7.22086e-07 3.37667e-09 3.3089e-12 5.83786e-16 1.65233e-20 6.91589e-26 4.06156e-32
 1.91712e-41 2.66084e-33 4.46411e-26 9.05313e-20 2.21927e-14 6.5761e-10 2.35545e-06 0.00101983 0.0533739 0.337708 0.26429 0.11204 0.157322 0.0511148 0.0181304 0.00436806 0.000597317 3.17543e-05 5.14719e-07 1.97404e-09 1.48847e-12 1.93158e-16 3.94413e-21 1.1878e-26 5.02821e-33
 1.89602e-41 2.63155e-33 4.41496e-26 8.95346e-20 2.19484e-14 6.5037e-10 2.32952e-06 0.0010086 0.0527862 0.334007 0.262632 0.119111 0.155732 0.0520674 0.0186127 0.00357922 0.00043873 2.29646e-05 3.3907e-07 1.09669e-09 6.5734e-13 6.49724e-17 9.78655e-22 2.12778e-27 6.42996e-34
 1.92171e-41 2.66721e-33 4.4748e-26 9.07481e-20 2.22458e-14 6.59185e-10 2.36109e-06 0.00102227 0.0535017 0.33855 0.267141 0.122886 0.14725 0.0488806 0.0171988 0.00322109 0.000331192 1.42534e-05 1.86403e-07 5.18364e-10 2.52988e-13 1.95294e-17 2.22967e-22 3.59472e-28 7.92172e-35
 2.00685e-41 2.78538e-33 4.67305e-26 9.47685e-20 2.32314e-14 6.88388e-10 2.46569e-06 0.00106756 0.055872 0.353562 0.279277 0.121718 0.131019 0.0414009 0.0134556 0.00239219 0.000225252 7.94795e-06 8.10593e-08 1.82296e-10 7.23471e-14 4.43305e-18 3.91113e-23 4.76984e-29 7.82359e-36
 2.00049e-41 2.77655e-33 4.65824e-26 9.44682e-20 2.31578e-14 6.86207e-10 2.45788e-06 0.00106418 0.0556951 0.352475 0.280256 0.130196 0.129501 0.0379623 0.0109533 0.00174471 0.000145814 4.40121e-06 3.5341e-08 5.97231e-11 1.79582e-14 8.47475e-19 5.76673e-24 5.37386e-30 6.65245e-37
 2.04071e-41 2.83237e-33 4.75189e-26 9.63673e-20 2.36233e-14 7.00002e-10 2.50729e-06 0.00108557 0.0568148 0.35959 0.286884 0.131187 0.119015 0.034753 0.00930345 0.00127389 8.9255e-05 2.23095e-06 1.43653e-08 1.85498e-11 4.11073e-15 1.4163e-19 7.08791e-25 4.9051e-31 4.53227e-38
 1.98423e-41 2.75398e-33 4.62038e-26 9.37004e-20 2.29695e-14 6.8063e-10 2.4379e-06 0.00105553 0.0552426 0.349709 0.28244 0.145297 0.123349 0.0336715 0.00815915 0.00101327 5.8646e-05 1.15401e-06 5.77626e-09 5.71117e-12 9.47741e-16 2.39191e-20 8.64264e-26 4.29692e-32 2.85807e-39
 2.02055e-41 2.80439e-33 4.70494e-26 9.54152e-20 2.33899e-14 6.93086e-10 2.48252e-06 0.00107485 0.0562537 0.356154 0.288743 0.144186 0.112722 0.0325192 0.00748979 0.000814355 3.9729e-05 6.16632e-07 2.32034e-09 1.70521e-12 2.09615e-16 3.8945e-21 1.02671e-26 3.68991e-33 1.76067e-40
 2.00051e-41 2.77658e-33 4.65828e-26 9.4469e-20 2.3158e-14 6.86213e-10 2.4579e-06 0.00106419 0.0556962 0.352717 0.289304 0.153346 0.110838 0.0299154 0.00642767 0.000661508 2.72108e-05 3.34267e-07 9.52151e-10 5.12548e-13 4.55878e-17 6.12182e-22 1.16741e-27 3.03302e-34 1.04389e-41
 1.93519e-41 2.68591e-33 4.50618e-26 9.13844e-20 2.24018e-14 6.63806e-10 2.37765e-06 0.00102944 0.053878 0.34135 0.285119 0.166941 0.114113 0.0309299 0.00606351 0.000554311 1.99024e-05 1.98096e-07 4.29329e-10 1.70495e-13 1.09726e-17 1.0541e-22 1.43205e-28 2.65088e-35 6.51077e-43
 1.86494e-41 2.58841e-33 4.3426e-26 8.8067e-20 2.15886e-14 6.39709e-10 2.29134e-06 0.00099207 0.0519229 0.329157 0.280991 0.180333 0.117348 0.0326808 0.00606109 0.000496718 1.49447e-05 1.21e-07 2.04543e-10 6.07262e-14 2.84865e-18 1.96866e-23 1.90879e-29 2.50892e-36 4.36355e-44
 1.90183e-41 2.63962e-33 4.42851e-26 8.98093e-20 2.20157e-14 6.52365e-10 2.33667e-06 0.0010117 0.0529499 0.335617 0.284295 0.172421 0.11374 0.0332743 0.00618294 0.000491783 1.34198e-05 9.40219e-08 1.34887e-10 3.3541e-14 1.29563e-18 7.25912e-24 5.64717e-30 5.92068e-37 8.18661e-45
#spawning biomass
 6681.47 8440.14 10706.1 12954.5 20140.2 31996.1 31884.7 38894.8 50364.3 57605.1 71871.5 95422.2 125359 143878 154355 129228 116266 116525 100269 104801 111311 116119 123589 131467 139647 141510 142025 132579 129670 87842 109789 54677.8 27774.9 18076.3 14998.2 14094.9 13843.5 13776.1 13758.5 13754 13752.8 13752.6 13752.5 13752.5 13752.5 13752.5 13752.5 13752.5 13752.5 13752.5 13752.5 13752.5 13752.5 13752.5 13752.5 13752.5 13752.5 13752.5 13752.5 13752.5 13752.5 13752.5 13752.5 13752.5 13752.5 13752.5 13752.5 13752.5 13752.5 13752.5 13752.5 13752.5 13752.5 13752.5 13752.5 13752.5 13752.5 13752.5 13752.5 13752.5 13752.5 13752.5 13752.5 13752.5 13752.5 13752.5 13752.5 13752.5 13752.5 13752.5 13752.5 13752.5 13752.5 13752.5 13752.5 13752.5 13752.5 13752.5 13752.5 13752.5 13752.5 13752.5 13752.5 13752.5 13752.5 13752.5 13752.5 13752.5 13752.5 13752.5 13752.5 13752.5 13752.5 13752.5 13752.5 13752.5 13752.5 13752.5 13752.5 13752.5 13752.5 13752.5 13752.5 13752.5 13752.5 13752.5 13752.5 13752.5 13752.5 0 0 0 0 0 0 0 0 0 0 0 0 0 0 0 0 0 0 0 0 0 0 0 0 0
