SBPRF35
0.0423701
Curr Bio
351325
B35
107203
F35
21.5882
FOFL
21.5882
OFL
496570
Bzero
11746.1
#pred survey bio
 2919.94 3012.35 4967.77 7944.58 12671.1 20683.7 29745.2 41452 63766.6 89899.4 113671 142902 155154 146528 139273 140774 136426 132415 133643 134632 130151 130523 129585 127721 131749 149910 156889 207120 6.85474e+06 1.38132e+06 387290 164697 95967.2 74755.7 68304.9 66372.3 65800.6 65633.1 65584.5 65570.5 65566.4 65565.3 65564.9 65564.9 65564.8 65564.8 65564.8 65564.8 65564.8 65564.8 65564.8 65564.8 65564.8 65564.8 65564.8 65564.8 65564.8 65564.8 65564.8 65564.8 65564.8 65564.8 65564.8 65564.8 65564.8 65564.8 65564.8 65564.8 65564.8 65564.8 65564.8 65564.8 65564.8 65564.8 65564.8 65564.8 65564.8 65564.8 65564.8 65564.8 65564.8 65564.8 65564.8 65564.8 65564.8 65564.8 65564.8 65564.8 65564.8 65564.8 65564.8 65564.8 65564.8 65564.8 65564.8 65564.8 65564.8 65564.8 65564.8 65564.8 65564.8 65564.8 65564.8 65564.8 65564.8 65564.8 65564.8 65564.8 65564.8 65564.8 65564.8 65564.8 65564.8 65564.8 65564.8 65564.8 65564.8 65564.8 65564.8 65564.8 65564.8 65564.8 65564.8 65564.8 65564.8 65564.8 65564.8 65564.8 0 0 0 0 0 0 0 0 0 0 0 0 0 0 0 0 0 0 0 0 0 0 0 0 0
#obs survey bio
 2316.31 2227.35 5829.1 8837.26 10469 19479.7 34069.7 41331.1 60651.8 87837.3 144856 215494 117808 146252 155430 117507 134178 118914 98314.1 181367 156605 161552 165303 116033 80403.9 199640 144462 172842
#pred catch bio
 997.255 1300.2 2147.83 3570.24 5607.1 10601.7 16225.8 20351.3 32093.1 50673.3 62022.3 88668.5 106934 94443.5 83988.7 91851.3 90443.2 86467 91099.3 98406.5 94177 97332 96406.3 99349.8 101279 121711 104126 75027 496570 7704.08 5177.26 5177.26 5177.26 5177.26 5177.26 5177.26 5177.26 5177.26 5177.26 5177.26 5177.26 5177.26 5177.26 5177.26 5177.26 5177.26 5177.26 5177.26 5177.26 5177.26 5177.26 5177.26 5177.26 5177.26 5177.26 5177.26 5177.26 5177.26 5177.26 5177.26 5177.26 5177.26 5177.26 5177.26 5177.26 5177.26 5177.26 5177.26 5177.26 5177.26 5177.26 5177.26 5177.26 5177.26 5177.26 5177.26 5177.26 5177.26 5177.26 5177.26 5177.26 5177.26 5177.26 5177.26 5177.26 5177.26 5177.26 5177.26 5177.26 5177.26 5177.26 5177.26 5177.26 5177.26 5177.26 5177.26 5177.26 5177.26 5177.26 5177.26 5177.26 5177.26 5177.26 5177.26 5177.26 5177.26 5177.26 5177.26 5177.26 5177.26 5177.26 5177.26 5177.26 5177.26 5177.26 5177.26 5177.26 5177.26 5177.26 5177.26 5177.26 5177.26 5177.26 5177.26 5177.26 5177.26 5177.26 5177.26 0 0 0 0 0 0 0 0 0 0 0 0 0 0 0 0 0 0 0 0 0 0 0 0 0
#obs catch bio
 866.85 1366.28 2241.32 3604.12 5675.34 10781.5 16111 20629.4 32002.9 51644.3 63083.3 85485.5 115046 95923.6 83206.1 91961.2 90054.7 83298.5 90756.7 96276.6 90592.1 93913.7 89827.4 92364.4 101453 115637 99108 72192.4
#pred cpue bio
 2922.56 2822.32 4775.36 7648.33 12134.3 19831.8 28918.9 39820.1 61291.4 87829.7 110525 140431 153182 146271 138694 139669 135436 131264 131913 132670 128264 128003 127388 125573 126979 145136 152375 197655 6.92475e+06 1.55593e+06 383683 158348 89562.2 68349.5 61898.7 59966.1 59394.3 59226.9 59178.3 59164.2 59160.2 59159 59158.7 59158.6 59158.6 59158.6 59158.6 59158.6 59158.6 59158.6 59158.6 59158.6 59158.6 59158.6 59158.6 59158.6 59158.6 59158.6 59158.6 59158.6 59158.6 59158.6 59158.6 59158.6 59158.6 59158.6 59158.6 59158.6 59158.6 59158.6 59158.6 59158.6 59158.6 59158.6 59158.6 59158.6 59158.6 59158.6 59158.6 59158.6 59158.6 59158.6 59158.6 59158.6 59158.6 59158.6 59158.6 59158.6 59158.6 59158.6 59158.6 59158.6 59158.6 59158.6 59158.6 59158.6 59158.6 59158.6 59158.6 59158.6 59158.6 59158.6 59158.6 59158.6 59158.6 59158.6 59158.6 59158.6 59158.6 59158.6 59158.6 59158.6 59158.6 59158.6 59158.6 59158.6 59158.6 59158.6 59158.6 59158.6 59158.6 59158.6 59158.6 59158.6 59158.6 59158.6 59158.6 59158.6 0 0 0 0 0 0 0 0 0 0 0 0 0 0 0 0 0 0 0 0 0 0 0 0 0
#obs cpue bio
 1624.39 2848.88 3660.76 8459.69 11735.8 22246.7 30535.9 28248.9 77782.2 76477.1 81555.3 140928 101231 166136 139488 157425 149532 176653 162120 122247 125685 116653 146910 181706 154406 183154 195220 232908
#pred surv len freq
 1.2206e-11 1.32543e-09 8.4855e-08 3.20285e-06 7.12751e-05 0.000935166 0.00723496 0.0330234 0.0891814 0.144527 0.150171 0.125574 0.113921 0.100756 0.0730174 0.0481587 0.032439 0.0221261 0.0155252 0.0114656 0.00905781 0.00773848 0.00677193 0.00524076 0.00306033
 1.77202e-11 1.9242e-09 1.23189e-07 4.64977e-06 0.000103474 0.00135761 0.0105023 0.0479158 0.12911 0.2069 0.204041 0.142571 0.0969886 0.0705014 0.0429621 0.0215185 0.0106842 0.00571291 0.00324711 0.00197354 0.00130313 0.00095588 0.000756594 0.00056244 0.000328264
 1.66655e-11 1.80968e-09 1.15857e-07 4.37303e-06 9.73154e-05 0.00127682 0.00987762 0.0450732 0.121552 0.19561 0.19678 0.14778 0.113642 0.0871728 0.0500954 0.0202477 0.00678606 0.00233209 0.000876514 0.00037091 0.000181441 0.000103393 6.79407e-05 4.57113e-05 2.57099e-05
 1.65376e-11 1.79578e-09 1.14968e-07 4.33945e-06 9.65683e-05 0.00126701 0.00980179 0.0447274 0.120623 0.194141 0.195426 0.147112 0.113694 0.0879381 0.051623 0.0220129 0.00790827 0.00260613 0.000742714 0.000190618 5.26345e-05 1.81674e-05 8.2266e-06 4.44633e-06 2.26542e-06
 1.6809e-11 1.82526e-09 1.16855e-07 4.41068e-06 9.81534e-05 0.00128781 0.00996262 0.04546 0.12258 0.197145 0.197761 0.147062 0.11143 0.0851974 0.0497663 0.0211191 0.00758305 0.00254859 0.000753907 0.000189764 4.12218e-05 8.11932e-06 1.76216e-06 5.39237e-07 2.0893e-07
 1.67548e-11 1.81937e-09 1.16478e-07 4.39644e-06 9.78365e-05 0.00128365 0.00993048 0.0453136 0.12219 0.196554 0.197341 0.147202 0.11208 0.0858734 0.0500748 0.0211086 0.00748781 0.00248827 0.00073293 0.000185976 4.09086e-05 7.59564e-06 1.18396e-06 1.71822e-07 3.0584e-08
 1.60702e-11 1.74503e-09 1.11718e-07 4.21681e-06 9.38391e-05 0.00123121 0.00952492 0.0434667 0.11726 0.189033 0.19171 0.148029 0.118842 0.0934216 0.0543249 0.0222824 0.00750439 0.00237594 0.000680822 0.000169985 3.70757e-05 6.87911e-06 1.05353e-06 1.30944e-07 1.35758e-08
 1.66823e-11 1.8115e-09 1.15974e-07 4.37743e-06 9.74133e-05 0.0012781 0.00988755 0.0451183 0.121671 0.195782 0.196858 0.147601 0.113275 0.0870068 0.050433 0.0208314 0.00709829 0.00224539 0.000626062 0.000149147 3.11318e-05 5.61874e-06 8.47996e-07 1.03821e-07 1.00173e-08
 1.66482e-11 1.8078e-09 1.15737e-07 4.36849e-06 9.72146e-05 0.00127549 0.00986738 0.0450264 0.121425 0.1954 0.196539 0.147536 0.113449 0.0872714 0.0506818 0.0210327 0.00723352 0.00231406 0.000651957 0.000155985 3.21105e-05 5.59503e-06 8.08991e-07 9.56792e-08 9.00515e-09
 1.57959e-11 1.71525e-09 1.09812e-07 4.14485e-06 9.22377e-05 0.0012102 0.00936245 0.0427266 0.115282 0.185993 0.189329 0.148017 0.121031 0.0961094 0.0561935 0.0232533 0.00793843 0.00252736 0.000713963 0.00017236 3.58588e-05 6.27967e-06 8.99838e-07 1.03615e-07 9.39699e-09
 1.60549e-11 1.74337e-09 1.11612e-07 4.21281e-06 9.37501e-05 0.00123004 0.00951589 0.0434255 0.117149 0.188854 0.191532 0.147904 0.118778 0.0934588 0.0545078 0.0225346 0.00768205 0.0024384 0.000685305 0.000164507 3.41722e-05 6.01384e-06 8.68791e-07 1.0048e-07 9.05263e-09
 1.54703e-11 1.67989e-09 1.07548e-07 4.0594e-06 9.03363e-05 0.00118525 0.00916954 0.041848 0.112935 0.182397 0.186564 0.148173 0.123887 0.0994624 0.0583203 0.024149 0.00824166 0.00261772 0.000735341 0.000176138 3.6439e-05 6.38234e-06 9.19813e-07 1.06618e-07 9.6558e-09
 1.52328e-11 1.6541e-09 1.05897e-07 3.99709e-06 8.89495e-05 0.00116706 0.00902885 0.0412074 0.111227 0.179803 0.184684 0.148662 0.126539 0.102281 0.0597016 0.0242656 0.00799586 0.00245926 0.000681084 0.000162585 3.3609e-05 5.87701e-06 8.44236e-07 9.74776e-08 8.80685e-09
 1.46256e-11 1.58817e-09 1.01676e-07 3.83777e-06 8.54042e-05 0.00112055 0.00866917 0.0395695 0.106856 0.173144 0.179741 0.149541 0.132759 0.109127 0.0634182 0.02511 0.00782787 0.00226033 0.00059656 0.000136927 2.75046e-05 4.74298e-06 6.78114e-07 7.81195e-08 7.03879e-09
 1.47044e-11 1.59672e-09 1.02224e-07 3.85843e-06 8.5864e-05 0.00112658 0.0087158 0.0397814 0.107416 0.17395 0.180112 0.148685 0.130828 0.107518 0.0633066 0.0260926 0.00877086 0.00269871 0.000715227 0.000157037 2.9702e-05 4.86562e-06 6.70668e-07 7.55954e-08 6.74184e-09
 1.48933e-11 1.61724e-09 1.03537e-07 3.90801e-06 8.69673e-05 0.00114105 0.00882772 0.0402909 0.108774 0.176005 0.181565 0.148176 0.128528 0.105128 0.0622077 0.0261253 0.00912424 0.00294928 0.000828067 0.000194073 3.82633e-05 6.21539e-06 8.18742e-07 8.74965e-08 7.47738e-09
 1.49123e-11 1.6193e-09 1.03669e-07 3.91299e-06 8.70781e-05 0.00114251 0.00883898 0.0403426 0.108917 0.176267 0.181973 0.148846 0.129393 0.1056 0.0617588 0.0250848 0.00825985 0.00255174 0.000716359 0.000174142 3.63161e-05 6.26968e-06 8.65736e-07 9.36573e-08 7.80598e-09
 1.50066e-11 1.62954e-09 1.04325e-07 3.93773e-06 8.76286e-05 0.00114973 0.00889484 0.0405971 0.109598 0.177316 0.182811 0.148904 0.128728 0.104754 0.0611399 0.0247157 0.00803797 0.00242226 0.000652833 0.000151128 3.06627e-05 5.36189e-06 7.73471e-07 8.83887e-08 7.71534e-09
 1.52519e-11 1.65618e-09 1.0603e-07 4.0021e-06 8.90611e-05 0.00116852 0.00904017 0.041259 0.111365 0.180019 0.184869 0.148719 0.126475 0.102165 0.0595786 0.0241475 0.00789444 0.00238646 0.000639917 0.000145482 2.85329e-05 4.78131e-06 6.68227e-07 7.62172e-08 6.84524e-09
 1.53762e-11 1.66967e-09 1.06894e-07 4.0347e-06 8.97866e-05 0.00117804 0.00911379 0.0415945 0.112265 0.181421 0.186065 0.149046 0.125974 0.101272 0.0585928 0.0232528 0.0072966 0.00211935 0.000558635 0.000126677 2.47729e-05 4.09578e-06 5.56775e-07 6.12397e-08 5.33752e-09
 1.5408e-11 1.67312e-09 1.07115e-07 4.04304e-06 8.99723e-05 0.00118048 0.00913264 0.0416806 0.112498 0.181808 0.186505 0.149498 0.126408 0.10142 0.0581942 0.0225151 0.00668313 0.00181187 0.000451767 9.77869e-05 1.84596e-05 2.99843e-06 4.04155e-07 4.39067e-08 3.74098e-09
 1.56744e-11 1.70206e-09 1.08967e-07 4.11297e-06 9.15282e-05 0.00120089 0.0092905 0.0423996 0.114418 0.184743 0.188733 0.149277 0.123931 0.098595 0.0565203 0.0219373 0.00654936 0.00177172 0.000430395 8.82313e-05 1.55636e-05 2.38058e-06 3.0686e-07 3.24056e-08 2.71596e-09
 1.55624e-11 1.68989e-09 1.08189e-07 4.08358e-06 9.08742e-05 0.00119231 0.00922415 0.0420975 0.113613 0.183528 0.187884 0.149611 0.125339 0.100024 0.0571188 0.0218393 0.00630593 0.00164128 0.000390852 7.95585e-05 1.38173e-05 2.03271e-06 2.46889e-07 2.44707e-08 1.94682e-09
 1.55509e-11 1.68864e-09 1.08108e-07 4.08054e-06 9.08068e-05 0.00119143 0.00921731 0.0420663 0.113529 0.183396 0.187767 0.149564 0.125361 0.100096 0.0572291 0.021956 0.00638083 0.0016655 0.000391757 7.74738e-05 1.30248e-05 1.87308e-06 2.23146e-07 2.1428e-08 1.62266e-09
 1.661e-11 1.80365e-09 1.15471e-07 4.35846e-06 9.69912e-05 0.00127256 0.00984476 0.0449242 0.121164 0.195096 0.196777 0.149101 0.116144 0.0892389 0.0502975 0.0189833 0.00533717 0.00133826 0.000308042 6.06086e-05 1.01318e-05 1.43116e-06 1.65793e-07 1.54753e-08 1.14226e-09
 1.63972e-11 1.78054e-09 1.13992e-07 4.30263e-06 9.57489e-05 0.00125626 0.00971873 0.0443503 0.119633 0.192765 0.195061 0.149454 0.118391 0.0916803 0.0515752 0.0192112 0.00522267 0.00124553 0.00027395 5.17664e-05 8.34713e-06 1.15279e-06 1.31921e-07 1.21387e-08 8.76355e-10
 1.62471e-11 1.76424e-09 1.12949e-07 4.26324e-06 9.48724e-05 0.00124477 0.00962981 0.0439454 0.118553 0.191124 0.193862 0.149734 0.120023 0.0934334 0.0524625 0.0193276 0.00510351 0.00116181 0.00024419 4.4113e-05 6.7567e-06 8.87419e-07 9.734e-08 8.6772e-09 6.13423e-10
 1.7061e-11 1.85262e-09 1.18606e-07 4.47679e-06 9.96246e-05 0.00130711 0.0101119 0.0461407 0.124409 0.200031 0.200392 0.148297 0.111299 0.0840286 0.0476564 0.0186177 0.00564564 0.00152958 0.000354473 6.46973e-05 9.56227e-06 1.19434e-06 1.24267e-07 1.05087e-08 7.08484e-10
#obs surv len freq
 1.83494e-11 1.99253e-09 1.27563e-07 4.81488e-06 0.000107148 0.00140581 0.010875 0.0496122 0.133619 0.213608 0.208121 0.138613 0.0861661 0.0621583 0.0439111 0.0276053 0.0148825 0.00641316 0.00216942 0.000583733 0.000122759 1.93289e-05 2.1857e-06 1.71535e-07 9.07912e-09
 1.55064e-11 1.68382e-09 1.07799e-07 4.06889e-06 9.05476e-05 0.00118803 0.00919117 0.0419493 0.11323 0.182947 0.187024 0.147163 0.120146 0.0954226 0.0579454 0.0268376 0.0109404 0.00414228 0.00134925 0.000349962 6.89737e-05 1.00275e-05 1.04848e-06 7.6572e-08 3.78749e-09
 1.65831e-11 1.80073e-09 1.15284e-07 4.3514e-06 9.68343e-05 0.00127051 0.00982898 0.0448535 0.120972 0.194652 0.195139 0.143542 0.105962 0.0820479 0.0539526 0.0289878 0.0128536 0.00441919 0.00114156 0.000231815 3.8465e-05 5.03211e-06 4.84372e-07 3.25471e-08 1.47758e-09
 1.66132e-11 1.804e-09 1.15493e-07 4.3593e-06 9.70103e-05 0.00127282 0.00984707 0.0449395 0.121242 0.195326 0.196651 0.146058 0.108163 0.0818995 0.051419 0.0261893 0.0114097 0.00408665 0.00112521 0.000230351 3.44755e-05 3.74948e-06 2.97072e-07 1.70025e-08 6.82201e-10
 1.67651e-11 1.8205e-09 1.1655e-07 4.39917e-06 9.78977e-05 0.00128447 0.00993732 0.0453539 0.122385 0.1973 0.198965 0.14791 0.108605 0.0806445 0.0492806 0.0240645 0.00985108 0.00327863 0.000844293 0.000165778 2.43844e-05 2.5901e-06 1.91841e-07 9.69889e-09 3.3107e-10
 1.63328e-11 1.77354e-09 1.13544e-07 4.28572e-06 9.53732e-05 0.00125136 0.00968147 0.0441925 0.119323 0.192825 0.196174 0.149313 0.112706 0.0842598 0.0512517 0.0248127 0.00996214 0.00320035 0.000782251 0.00014362 1.96407e-05 1.95236e-06 1.36834e-07 6.57151e-09 2.10835e-10
 1.62509e-11 1.76466e-09 1.12975e-07 4.26425e-06 9.48954e-05 0.0012451 0.00963327 0.0439768 0.118782 0.192188 0.196223 0.150268 0.113505 0.0843157 0.0511408 0.0247718 0.00986864 0.00310252 0.000733287 0.000128572 1.65608e-05 1.53161e-06 9.91321e-08 4.39142e-09 1.30425e-10
 1.613e-11 1.75152e-09 1.12134e-07 4.23251e-06 9.41894e-05 0.00123584 0.00956202 0.0436574 0.11798 0.191237 0.196358 0.152095 0.115549 0.0849524 0.0505614 0.0238929 0.00923902 0.00281447 0.000643552 0.000108577 1.33378e-05 1.16462e-06 7.04661e-08 2.8925e-09 7.90806e-11
 1.59774e-11 1.73495e-09 1.11073e-07 4.19247e-06 9.32986e-05 0.00122417 0.00947204 0.0432528 0.116948 0.189903 0.196013 0.153313 0.117015 0.085606 0.0507355 0.0238882 0.00911728 0.00270712 0.000598144 9.69337e-05 1.13801e-05 9.44923e-07 5.40549e-08 2.08395e-09 5.31454e-11
 1.43398e-11 1.55714e-09 9.96893e-08 3.76279e-06 8.37373e-05 0.00109875 0.00850285 0.0388497 0.10529 0.17256 0.184015 0.156003 0.130548 0.099619 0.0599343 0.0285131 0.0109206 0.00322715 0.000705391 0.000112149 1.27656e-05 1.01598e-06 5.52247e-08 2.01029e-09 4.8168e-11
 1.57271e-11 1.70778e-09 1.09334e-07 4.12682e-06 9.1838e-05 0.00120503 0.00932466 0.042591 0.115258 0.187644 0.194854 0.153469 0.116943 0.0859172 0.0526688 0.0260504 0.0102076 0.00301101 0.000647451 0.000100516 1.11088e-05 8.5324e-07 4.4453e-08 1.53966e-09 3.48597e-11
 1.4683e-11 1.5944e-09 1.02075e-07 3.85286e-06 8.57422e-05 0.00112509 0.00870749 0.0397969 0.107955 0.177316 0.189567 0.159411 0.1291 0.0944169 0.0546524 0.0251125 0.00934929 0.00271393 0.000585473 9.10005e-05 9.92904e-06 7.42028e-07 3.72199e-08 1.23225e-09 2.65222e-11
 1.37268e-11 1.49057e-09 9.54277e-08 3.60196e-06 8.01596e-05 0.00105188 0.00814216 0.0372344 0.101213 0.167446 0.182965 0.16087 0.136147 0.102261 0.0606261 0.0282251 0.0102714 0.00280865 0.000562427 8.18455e-05 8.51648e-06 6.15213e-07 2.99213e-08 9.56205e-10 1.97195e-11
 1.28035e-11 1.39031e-09 8.90089e-08 3.35969e-06 7.47691e-05 0.000981197 0.00759649 0.034763 0.0947236 0.157976 0.17662 0.162019 0.142325 0.109268 0.0663278 0.0316778 0.0117096 0.00320514 0.00063111 8.82517e-05 8.6388e-06 5.80887e-07 2.63218e-08 7.89141e-10 1.53753e-11
 1.45085e-11 1.57545e-09 1.00862e-07 3.80709e-06 8.47254e-05 0.00111182 0.00860644 0.0393589 0.10695 0.176392 0.189745 0.159249 0.12698 0.0934696 0.0568132 0.0275089 0.0102639 0.00282146 0.000555709 7.70864e-05 7.38262e-06 4.77687e-07 2.0498e-08 5.74677e-10 1.03926e-11
 1.32554e-11 1.43938e-09 9.21509e-08 3.47831e-06 7.74106e-05 0.00101593 0.00786701 0.0360227 0.0983153 0.164529 0.184469 0.167084 0.140797 0.102182 0.0584821 0.0265097 0.00948852 0.00257236 0.000506589 7.02544e-05 6.67703e-06 4.24636e-07 1.77254e-08 4.78187e-10 8.23092e-12
 1.42898e-11 1.55171e-09 9.93421e-08 3.74974e-06 8.34511e-05 0.00109518 0.00847984 0.038811 0.105715 0.175507 0.191573 0.163666 0.130281 0.0935276 0.0546987 0.0250902 0.00875074 0.00224253 0.000414599 5.45414e-05 4.98775e-06 3.07954e-07 1.25031e-08 3.27076e-10 5.42945e-12
 1.37414e-11 1.49216e-09 9.55298e-08 3.60588e-06 8.02516e-05 0.00105329 0.00815798 0.037375 0.102126 0.171163 0.191334 0.169609 0.1371 0.0956739 0.0530376 0.0231145 0.0078069 0.00196228 0.000353866 4.46263e-05 3.85185e-06 2.2309e-07 8.51371e-09 2.10472e-10 3.31789e-12
 1.39733e-11 1.51734e-09 9.71425e-08 3.66677e-06 8.16078e-05 0.00107113 0.00829702 0.0380213 0.103939 0.174246 0.194258 0.170225 0.135151 0.0931153 0.0510367 0.0216534 0.00695216 0.00163645 0.000276107 3.27973e-05 2.68012e-06 1.46827e-07 5.27177e-09 1.21892e-10 1.79056e-12
 1.38328e-11 1.50209e-09 9.6166e-08 3.62994e-06 8.07905e-05 0.0010605 0.00821678 0.0376822 0.10323 0.173985 0.19604 0.173632 0.137181 0.0923092 0.0488844 0.0199348 0.00613591 0.00137786 0.000219608 2.43681e-05 1.84706e-06 9.37313e-08 3.12387e-09 6.72113e-11 9.19693e-13
 1.44174e-11 1.56557e-09 1.0023e-07 3.78336e-06 8.42059e-05 0.00110534 0.00856425 0.0392703 0.107485 0.180425 0.20044 0.171999 0.131261 0.0870792 0.046226 0.0188597 0.00572925 0.00125268 0.000192383 2.03762e-05 1.46014e-06 6.94108e-08 2.15077e-09 4.28073e-11 5.40553e-13
 1.39479e-11 1.51459e-09 9.69669e-08 3.66025e-06 8.14702e-05 0.0010696 0.00829125 0.0380706 0.104605 0.177379 0.201397 0.177755 0.13645 0.0877212 0.0440935 0.016973 0.00490921 0.0010313 0.000152439 1.54675e-05 1.05427e-06 4.73342e-08 1.37661e-09 2.55749e-11 3.0001e-13
 1.43523e-11 1.5585e-09 9.97786e-08 3.76642e-06 8.38349e-05 0.0011007 0.0085332 0.0391873 0.107667 0.182262 0.205323 0.17762 0.1328 0.083659 0.0412491 0.0153558 0.00420615 0.000824408 0.000113195 1.07019e-05 6.83144e-07 2.88146e-08 7.87363e-10 1.37155e-11 1.50397e-13
 1.45484e-11 1.5798e-09 1.01143e-07 3.81798e-06 8.49859e-05 0.00111592 0.00865324 0.0397603 0.10936 0.185416 0.20881 0.179007 0.130912 0.0801546 0.03838 0.0138681 0.00367956 0.000694531 9.08617e-05 8.08115e-06 4.80295e-07 1.87613e-08 4.74286e-10 7.65339e-12 7.78815e-14
 1.43454e-11 1.55776e-09 9.9733e-08 3.76484e-06 8.38086e-05 0.00110066 0.00853874 0.0392795 0.10834 0.184808 0.210296 0.181947 0.13251 0.0794966 0.036879 0.0128057 0.0032479 0.000584443 7.27335e-05 6.13301e-06 3.43841e-07 1.25901e-08 2.96433e-10 4.43086e-12 4.16086e-14
 1.4128e-11 1.53416e-09 9.82229e-08 3.70794e-06 8.25483e-05 0.00108432 0.00841614 0.038762 0.107209 0.183925 0.211217 0.184192 0.133919 0.079391 0.036102 0.012165 0.00296042 0.000506352 5.9504e-05 4.718e-06 2.48081e-07 8.50388e-09 1.87091e-10 2.60715e-12 2.27636e-14
 1.41122e-11 1.53245e-09 9.81145e-08 3.70396e-06 8.24659e-05 0.00108343 0.00841279 0.0387828 0.107468 0.184939 0.212993 0.185339 0.133378 0.0779456 0.0348648 0.0114936 0.00271423 0.000446611 5.00588e-05 3.75491e-06 1.85487e-07 5.94248e-09 1.21772e-10 1.57717e-12 1.27819e-14
 1.38413e-11 1.50305e-09 9.62337e-08 3.63311e-06 8.08964e-05 0.00106306 0.00825928 0.0381229 0.105921 0.18319 0.212556 0.186303 0.134698 0.079111 0.0356199 0.01179 0.00277681 0.000451831 4.96026e-05 3.60576e-06 1.70787e-07 5.19628e-09 1.00327e-10 1.21675e-12 9.19081e-15
#pred catch len freq
 1.11795e-11 1.21396e-09 7.77191e-08 2.93351e-06 6.52813e-05 0.000856531 0.00662688 0.0302542 0.081791 0.133259 0.141773 0.126947 0.124302 0.11238 0.0796969 0.0501401 0.0324942 0.0218026 0.0152168 0.0112199 0.0088601 0.00756894 0.00662348 0.00512586 0.00299324
 1.70861e-11 1.85535e-09 1.18781e-07 4.48339e-06 9.97714e-05 0.00130903 0.0101267 0.0462052 0.124544 0.199935 0.198831 0.143355 0.10329 0.0775569 0.046987 0.0226848 0.0107194 0.00556584 0.0031322 0.00189846 0.00125269 0.000918747 0.000727185 0.000540576 0.000315503
 1.58663e-11 1.72289e-09 1.10301e-07 4.16331e-06 9.26486e-05 0.00121559 0.00940416 0.0429169 0.115795 0.186817 0.190149 0.148589 0.121299 0.0958308 0.0551308 0.0218466 0.00700592 0.00229843 0.000844167 0.000354659 0.000173174 9.86447e-05 6.48167e-05 4.3609e-05 2.45275e-05
 1.58127e-11 1.71707e-09 1.09928e-07 4.14925e-06 9.23356e-05 0.00121148 0.00937237 0.0427718 0.115402 0.186171 0.189435 0.14791 0.120736 0.0958484 0.0561469 0.0233563 0.00802335 0.00254431 0.000711913 0.000181305 4.98769e-05 1.71923e-05 7.78285e-06 4.20635e-06 2.14314e-06
 1.60712e-11 1.74514e-09 1.11726e-07 4.21708e-06 9.38452e-05 0.00123129 0.00952554 0.0434694 0.117266 0.18903 0.191653 0.147849 0.118558 0.0932244 0.0543848 0.0225248 0.00773089 0.00249795 0.000725357 0.000181279 3.92573e-05 7.72174e-06 1.67494e-06 5.12461e-07 1.9855e-07
 1.6297e-11 1.76966e-09 1.13295e-07 4.27634e-06 9.51638e-05 0.00124859 0.00965932 0.0440788 0.118895 0.191533 0.193611 0.147853 0.11675 0.091017 0.0528715 0.0217531 0.00737746 0.00235556 0.00068073 0.000171463 3.75985e-05 6.97195e-06 1.0862e-06 1.57604e-07 2.80513e-08
 1.57195e-11 1.70695e-09 1.09281e-07 4.1248e-06 9.17916e-05 0.00120435 0.0093172 0.0425208 0.114737 0.185193 0.188887 0.148623 0.122564 0.0974578 0.0564261 0.0226415 0.007301 0.00221547 0.000621372 0.000153877 3.34506e-05 6.19808e-06 9.48746e-07 1.179e-07 1.22225e-08
 1.61257e-11 1.75105e-09 1.12104e-07 4.23137e-06 9.4163e-05 0.00123546 0.0095578 0.0436166 0.117663 0.189667 0.192282 0.148283 0.118787 0.0931503 0.0538767 0.0217649 0.0071 0.00215501 0.000588591 0.000139088 2.89293e-05 5.21326e-06 7.86349e-07 9.62541e-08 9.28655e-09
 1.61424e-11 1.75287e-09 1.12221e-07 4.23577e-06 9.42609e-05 0.00123674 0.00956773 0.0436618 0.117783 0.189846 0.192397 0.148198 0.118522 0.0928969 0.0537935 0.0218218 0.0071823 0.00220533 0.000608876 0.000144533 2.96513e-05 5.15879e-06 7.45479e-07 8.81483e-08 8.2957e-09
 1.55218e-11 1.68548e-09 1.07906e-07 4.07292e-06 9.06372e-05 0.0011892 0.00920007 0.0419873 0.113311 0.183001 0.187164 0.148596 0.124115 0.0993793 0.0577848 0.0233703 0.00763623 0.00233234 0.000645409 0.000154567 3.20478e-05 5.60409e-06 8.02576e-07 9.23963e-08 8.37884e-09
 1.57069e-11 1.70558e-09 1.09193e-07 4.1215e-06 9.1718e-05 0.00120338 0.00930973 0.0424868 0.114645 0.185045 0.188736 0.148508 0.122494 0.0974781 0.0565844 0.0228681 0.00746211 0.00227236 0.000625572 0.000148964 3.08367e-05 5.41878e-06 7.82379e-07 9.0467e-08 8.14988e-09
 1.54514e-11 1.67783e-09 1.07416e-07 4.05443e-06 9.02257e-05 0.0011838 0.00915832 0.0417971 0.112803 0.182223 0.186567 0.148634 0.12474 0.100111 0.0582477 0.0235622 0.00769629 0.00234529 0.000645366 0.000153349 3.16152e-05 5.52917e-06 7.96396e-07 9.22926e-08 8.35777e-09
 1.5533e-11 1.6867e-09 1.07984e-07 4.07586e-06 9.07025e-05 0.00119006 0.00920671 0.0420177 0.113394 0.183149 0.187375 0.14891 0.124504 0.0995871 0.057577 0.0228912 0.00722713 0.00212902 0.000576579 0.000136455 2.81069e-05 4.90751e-06 7.0456e-07 8.13328e-08 7.34763e-09
 1.4706e-11 1.5969e-09 1.02235e-07 3.85885e-06 8.58734e-05 0.0011267 0.00871678 0.0397865 0.107439 0.174059 0.180557 0.149868 0.13261 0.108666 0.0627336 0.0243714 0.0072978 0.00201436 0.000518372 0.000117812 2.35709e-05 4.0579e-06 5.79802e-07 6.67788e-08 6.01647e-09
 1.45975e-11 1.58512e-09 1.01481e-07 3.83039e-06 8.524e-05 0.00111839 0.0086525 0.0394934 0.10665 0.172807 0.179379 0.149215 0.132493 0.109094 0.0637869 0.0257012 0.0082747 0.00244297 0.00063404 0.000138049 2.60088e-05 4.25275e-06 5.8576e-07 6.60075e-08 5.88621e-09
 1.50342e-11 1.63254e-09 1.04516e-07 3.94498e-06 8.77899e-05 0.00115185 0.00891119 0.0406714 0.109794 0.1776 0.182946 0.148618 0.128069 0.10419 0.0610678 0.0250183 0.00835718 0.00259493 0.000714522 0.000166189 3.26547e-05 5.29618e-06 6.9721e-07 7.44895e-08 6.36516e-09
 1.50908e-11 1.63869e-09 1.0491e-07 3.95984e-06 8.81206e-05 0.00115618 0.00894476 0.0408246 0.110208 0.17827 0.18364 0.149175 0.128459 0.104182 0.0604189 0.0240127 0.00757579 0.00224101 0.000615121 0.000148255 3.08112e-05 5.31174e-06 7.33055e-07 7.92866e-08 6.60767e-09
 1.51337e-11 1.64334e-09 1.05208e-07 3.97108e-06 8.83708e-05 0.00115947 0.00897015 0.0409403 0.110518 0.17875 0.184036 0.149243 0.128222 0.103847 0.0601352 0.0237994 0.00742074 0.00214144 0.000564083 0.000129414 2.61572e-05 4.56656e-06 6.5834e-07 7.52158e-08 6.56498e-09
 1.55142e-11 1.68465e-09 1.07853e-07 4.07092e-06 9.05925e-05 0.00118861 0.00919555 0.0419669 0.113259 0.182945 0.187236 0.148977 0.12476 0.0998513 0.0576994 0.0228832 0.00717092 0.0020765 0.000544391 0.000122674 2.3968e-05 4.00956e-06 5.59996e-07 6.38568e-08 5.73462e-09
 1.58615e-11 1.72237e-09 1.10268e-07 4.16206e-06 9.26207e-05 0.00121522 0.00940134 0.0429044 0.115766 0.186803 0.190292 0.149105 0.122162 0.0965698 0.0553021 0.021511 0.00648079 0.00179994 0.000462808 0.000103935 2.02452e-05 3.34154e-06 4.53942e-07 4.99166e-08 4.35021e-09
 1.58475e-11 1.72085e-09 1.10171e-07 4.15839e-06 9.25391e-05 0.00121415 0.00939306 0.0428669 0.115669 0.186679 0.190316 0.149504 0.122883 0.0971129 0.0552315 0.0210014 0.00600289 0.00155382 0.000376712 8.06324e-05 1.51531e-05 2.45667e-06 3.30889e-07 3.59377e-08 3.0617e-09
 1.62078e-11 1.75998e-09 1.12675e-07 4.25293e-06 9.46428e-05 0.00124175 0.0096065 0.043839 0.118264 0.190649 0.193336 0.149222 0.11956 0.0933049 0.0529493 0.0201857 0.00580148 0.0014994 0.000354427 7.18587e-05 1.26161e-05 1.92557e-06 2.47991e-07 2.61804e-08 2.19398e-09
 1.60872e-11 1.74687e-09 1.11836e-07 4.22127e-06 9.39383e-05 0.00123251 0.00953503 0.0435136 0.117397 0.189335 0.192398 0.149519 0.12098 0.0947819 0.053624 0.0201719 0.00561806 0.00139571 0.000322682 6.48954e-05 1.12158e-05 1.64643e-06 1.99794e-07 1.9796e-08 1.5747e-09
 1.62357e-11 1.76301e-09 1.12869e-07 4.26025e-06 9.48059e-05 0.00124389 0.00962305 0.0439144 0.118467 0.19097 0.193633 0.149374 0.119567 0.0931843 0.0526976 0.0198776 0.0055698 0.00138827 0.000317237 6.19972e-05 1.03711e-05 1.48798e-06 1.77095e-07 1.69996e-08 1.28714e-09
 1.7186e-11 1.8662e-09 1.19476e-07 4.50961e-06 0.000100355 0.00131669 0.010186 0.0464786 0.125317 0.201463 0.201699 0.14891 0.111222 0.0833942 0.046501 0.0172808 0.00469403 0.00112316 0.000250563 4.86628e-05 8.09249e-06 1.14043e-06 1.31984e-07 1.23148e-08 9.08845e-10
 1.71657e-11 1.86399e-09 1.19334e-07 4.50428e-06 0.000100236 0.00131514 0.010174 0.0464239 0.125172 0.201252 0.201588 0.14909 0.111659 0.0837741 0.0465595 0.0170957 0.00450068 0.00102423 0.000217824 4.05711e-05 6.50435e-06 8.95985e-07 1.02422e-07 9.42051e-09 6.8001e-10
 1.63783e-11 1.77849e-09 1.13861e-07 4.29767e-06 9.56385e-05 0.00125482 0.00970754 0.0442995 0.1195 0.192583 0.195026 0.149807 0.11908 0.092217 0.0515418 0.0187699 0.00481172 0.0010457 0.000212074 3.77091e-05 5.73952e-06 7.51683e-07 8.23504e-08 7.33752e-09 5.18624e-10
 1.60008e-11 1.73749e-09 1.11236e-07 4.1986e-06 9.34339e-05 0.00122589 0.00948385 0.0432803 0.116771 0.188356 0.191545 0.149232 0.121243 0.0953627 0.0543733 0.0209114 0.00610371 0.00158229 0.000357433 6.45637e-05 9.49616e-06 1.18284e-06 1.22907e-07 1.03881e-08 7.00211e-10
#obs catch len freq
 1.03942e-11 1.12868e-09 7.22593e-08 2.72743e-06 6.06956e-05 0.000796376 0.00616194 0.0281421 0.0762167 0.125215 0.137812 0.134409 0.143261 0.135436 0.0987735 0.0600299 0.0321834 0.014458 0.00520018 0.0014678 0.000316228 5.02964e-05 5.7119e-06 4.48226e-07 2.36232e-08
 1.70744e-11 1.85408e-09 1.18699e-07 4.48032e-06 9.9703e-05 0.00130814 0.0101197 0.0461728 0.124436 0.199535 0.197105 0.138158 0.0950827 0.0735277 0.0528769 0.0331808 0.01766 0.00746679 0.00246824 0.000645138 0.000130831 1.97272e-05 2.12295e-06 1.57689e-07 7.86241e-09
 1.41761e-11 1.53936e-09 9.85512e-08 3.71982e-06 8.27798e-05 0.00108613 0.00840332 0.0383645 0.103692 0.168552 0.176629 0.149031 0.131962 0.107841 0.0654838 0.0302005 0.0122221 0.0045546 0.00144757 0.000363766 6.90232e-05 9.60128e-06 9.54571e-07 6.59084e-08 3.06747e-09
 1.53812e-11 1.67021e-09 1.06928e-07 4.03602e-06 8.98162e-05 0.00117844 0.00911716 0.0416145 0.112351 0.181609 0.185539 0.144637 0.11586 0.0931137 0.0614752 0.0327989 0.0143091 0.00480906 0.00121122 0.000238921 3.82184e-05 4.77975e-06 4.36902e-07 2.77308e-08 1.18376e-09
 1.56891e-11 1.70365e-09 1.09069e-07 4.11682e-06 9.16144e-05 0.00120204 0.00929989 0.0424512 0.114635 0.18542 0.189663 0.147557 0.116214 0.0902183 0.0566287 0.0286255 0.0122809 0.00429625 0.00114857 0.000227107 3.26688e-05 3.3981e-06 2.55978e-07 1.38392e-08 5.21647e-10
 1.59334e-11 1.73017e-09 1.10767e-07 4.18092e-06 9.3041e-05 0.00122076 0.0094449 0.0431158 0.116453 0.188466 0.192923 0.14964 0.116084 0.0880331 0.0536763 0.0259651 0.0104506 0.00339463 0.000848808 0.000160917 2.27048e-05 2.30007e-06 1.61698e-07 7.7251e-09 2.48069e-10
 1.56244e-11 1.69663e-09 1.0862e-07 4.09987e-06 9.12374e-05 0.00119711 0.00926226 0.0422886 0.11429 0.185406 0.191326 0.151198 0.119248 0.0903638 0.0546878 0.0261771 0.0103122 0.00322701 0.000764581 0.00013537 1.77446e-05 1.6808e-06 1.11664e-07 5.05998e-09 1.52589e-10
 1.56916e-11 1.70393e-09 1.09087e-07 4.11749e-06 9.16299e-05 0.00120227 0.0093024 0.0424757 0.11483 0.18644 0.1927 0.152162 0.118825 0.0889406 0.0535546 0.0256005 0.00998687 0.00305301 0.0006983 0.000117879 1.45329e-05 1.2794e-06 7.84315e-08 3.2758e-09 9.13626e-11
 1.56427e-11 1.69861e-09 1.08747e-07 4.10466e-06 9.13445e-05 0.00119853 0.00927389 0.0423518 0.114557 0.186331 0.193565 0.154105 0.120311 0.0887855 0.0523678 0.0243904 0.00922472 0.00272926 0.000603095 9.78164e-05 1.14847e-05 9.53372e-07 5.45813e-08 2.11086e-09 5.41655e-11
 1.55256e-11 1.68589e-09 1.07932e-07 4.07393e-06 9.06609e-05 0.00118958 0.00920502 0.0420443 0.113791 0.185436 0.193624 0.155406 0.121481 0.089023 0.0522306 0.0242054 0.00902183 0.00259815 0.000554067 8.6208e-05 9.66094e-06 7.61669e-07 4.11811e-08 1.49441e-09 3.57452e-11
 1.39893e-11 1.51908e-09 9.72528e-08 3.67083e-06 8.16913e-05 0.00107193 0.00829601 0.0379171 0.102884 0.169309 0.182726 0.158339 0.134262 0.101919 0.0605502 0.0283029 0.010568 0.0030244 0.000637016 9.70712e-05 1.0531e-05 7.94803e-07 4.07874e-08 1.39621e-09 3.13515e-11
 1.54612e-11 1.6789e-09 1.07485e-07 4.05704e-06 9.02856e-05 0.00118468 0.00916786 0.0418855 0.11345 0.18525 0.194039 0.155419 0.119837 0.0876475 0.0530337 0.0257194 0.00980245 0.00279574 0.000578503 8.59611e-05 9.04163e-06 6.57652e-07 3.23078e-08 1.0512e-09 2.22863e-11
 1.44998e-11 1.57451e-09 1.00801e-07 3.80479e-06 8.46731e-05 0.00111109 0.00859993 0.0393178 0.106769 0.175952 0.189727 0.161616 0.131295 0.0950216 0.0541719 0.0244086 0.00884263 0.00248 0.000513906 7.62935e-05 7.90889e-06 5.58964e-07 2.64067e-08 8.20421e-10 1.65193e-11
 1.35964e-11 1.47641e-09 9.45215e-08 3.56776e-06 7.93993e-05 0.00104194 0.00806611 0.0369005 0.100427 0.166736 0.183715 0.1632 0.137985 0.102347 0.0596575 0.0271574 0.00959169 0.00253096 0.000486719 6.76291e-05 6.67886e-06 4.55546e-07 2.0834e-08 6.23998e-10 1.2027e-11
 1.27326e-11 1.38262e-09 8.85166e-08 3.34112e-06 7.43568e-05 0.000975826 0.00755593 0.0345923 0.0943842 0.157989 0.177999 0.164451 0.143761 0.108806 0.0648655 0.0302408 0.0108294 0.002855 0.00053877 7.18193e-05 6.66629e-06 4.23006e-07 1.8011e-08 5.05516e-10 9.19309e-12
 1.44631e-11 1.57052e-09 1.00546e-07 3.79519e-06 8.44613e-05 0.00110839 0.00858084 0.0392552 0.106777 0.17659 0.191066 0.161313 0.128108 0.0929874 0.0554615 0.0261771 0.00944966 0.00249859 0.00047085 6.21492e-05 5.63465e-06 3.43631e-07 1.38452e-08 3.63233e-10 6.12899e-12
 1.32599e-11 1.43987e-09 9.21823e-08 3.47951e-06 7.74385e-05 0.00101635 0.00787143 0.0360595 0.0985431 0.165436 0.186518 0.169333 0.141328 0.100821 0.056577 0.025011 0.00866206 0.00225653 0.00042446 5.59078e-05 5.02154e-06 3.0054e-07 1.17643e-08 2.96714e-10 4.76261e-12
 1.43345e-11 1.55657e-09 9.96533e-08 3.76151e-06 8.37141e-05 0.00109868 0.00850807 0.0389551 0.106217 0.176769 0.193725 0.16566 0.13055 0.0920455 0.0526594 0.023482 0.00790756 0.00194586 0.000343536 4.2895e-05 3.70236e-06 2.14779e-07 8.16461e-09 1.99416e-10 3.08371e-12
 1.38387e-11 1.50272e-09 9.62066e-08 3.63145e-06 8.08221e-05 0.00106084 0.00821775 0.0376655 0.103035 0.173094 0.194045 0.171544 0.136683 0.0934575 0.0506495 0.0214593 0.00699269 0.00168463 0.000289517 3.46065e-05 2.81713e-06 1.53208e-07 5.46948e-09 1.26095e-10 1.84927e-12
 1.41095e-11 1.53213e-09 9.80894e-08 3.70253e-06 8.24055e-05 0.00108166 0.00837998 0.038418 0.105132 0.176595 0.197221 0.17202 0.134368 0.0905509 0.0484167 0.0199264 0.00616401 0.00138983 0.000223357 2.51234e-05 1.93384e-06 9.93672e-08 3.33487e-09 7.18709e-11 9.8173e-13
 1.3972e-11 1.5172e-09 9.71341e-08 3.66652e-06 8.16067e-05 0.00107129 0.00830197 0.0380915 0.104469 0.176438 0.199104 0.17538 0.1362 0.0895744 0.0462378 0.0182742 0.00541296 0.0011627 0.000176295 1.8509e-05 1.32077e-06 6.28267e-08 1.95574e-09 3.91883e-11 4.98264e-13
 1.45956e-11 1.58492e-09 1.0147e-07 3.83019e-06 8.52502e-05 0.00111913 0.0086726 0.0397845 0.108996 0.183239 0.203643 0.173532 0.129974 0.084134 0.0434506 0.0171473 0.00500513 0.00104545 0.000152552 1.527e-05 1.02918e-06 4.58318e-08 1.32592e-09 2.45702e-11 2.88194e-13
 1.41566e-11 1.53725e-09 9.84182e-08 3.71508e-06 8.26933e-05 0.00108575 0.00841827 0.0386733 0.106369 0.180613 0.204913 0.179125 0.134606 0.0843192 0.0412086 0.0153378 0.00425915 0.00085364 0.000119716 1.14659e-05 7.34345e-07 3.08628e-08 8.37547e-10 1.44813e-11 1.57755e-13
 1.45699e-11 1.58213e-09 1.01292e-07 3.82361e-06 8.51111e-05 0.00111756 0.00866578 0.0398159 0.109497 0.185575 0.208818 0.178851 0.130826 0.0801944 0.0383696 0.0137864 0.00362155 0.000676863 8.81354e-05 7.85945e-06 4.70943e-07 1.8575e-08 4.73203e-10 7.66646e-12 7.80338e-14
 1.47818e-11 1.60515e-09 1.02766e-07 3.87932e-06 8.63546e-05 0.00113401 0.00879553 0.0404344 0.111314 0.1889 0.21235 0.180041 0.12867 0.0765687 0.0355363 0.0123788 0.00314561 0.000565366 7.00608e-05 5.87311e-06 3.27538e-07 1.19597e-08 2.81729e-10 4.22538e-12 3.98829e-14
 1.45959e-11 1.58496e-09 1.01475e-07 3.83069e-06 8.52785e-05 0.00112009 0.00869183 0.0400055 0.110442 0.188525 0.213972 0.18284 0.129961 0.0756947 0.0339981 0.0113688 0.00275887 0.000472232 5.56077e-05 4.41499e-06 2.32064e-07 7.93864e-09 1.74123e-10 2.41874e-12 2.10661e-14
 1.43915e-11 1.56278e-09 1.00056e-07 3.77725e-06 8.40962e-05 0.0011048 0.0085777 0.0395293 0.109431 0.187835 0.215014 0.184999 0.131154 0.0754101 0.0331571 0.0107453 0.00249925 0.000406256 4.5137e-05 3.36719e-06 1.65871e-07 5.30822e-09 1.08725e-10 1.40736e-12 1.13935e-14
 1.43735e-11 1.56084e-09 9.99332e-08 3.77274e-06 8.4003e-05 0.0011038 0.00857381 0.0395502 0.109699 0.188869 0.216785 0.186092 0.130558 0.0739471 0.0319436 0.0101146 0.00228014 0.000356172 3.77088e-05 2.65931e-06 1.23002e-07 3.67729e-09 7.01243e-11 8.43311e-13 6.33434e-15
#spawning biomass
 3871.14 5039.94 8285.03 13180.1 21204.2 34569.6 48774.3 69228.6 106349 146135 186226 230070 248393 230997 219468 222690 216413 210712 214138 216799 210133 212349 210328 207197 220796 249809 260430 351325 454701 6915.48 4237.01 4237.01 4237.01 4237.01 4237.01 4237.01 4237.01 4237.01 4237.01 4237.01 4237.01 4237.01 4237.01 4237.01 4237.01 4237.01 4237.01 4237.01 4237.01 4237.01 4237.01 4237.01 4237.01 4237.01 4237.01 4237.01 4237.01 4237.01 4237.01 4237.01 4237.01 4237.01 4237.01 4237.01 4237.01 4237.01 4237.01 4237.01 4237.01 4237.01 4237.01 4237.01 4237.01 4237.01 4237.01 4237.01 4237.01 4237.01 4237.01 4237.01 4237.01 4237.01 4237.01 4237.01 4237.01 4237.01 4237.01 4237.01 4237.01 4237.01 4237.01 4237.01 4237.01 4237.01 4237.01 4237.01 4237.01 4237.01 4237.01 4237.01 4237.01 4237.01 4237.01 4237.01 4237.01 4237.01 4237.01 4237.01 4237.01 4237.01 4237.01 4237.01 4237.01 4237.01 4237.01 4237.01 4237.01 4237.01 4237.01 4237.01 4237.01 4237.01 4237.01 4237.01 4237.01 4237.01 4237.01 4237.01 0 0 0 0 0 0 0 0 0 0 0 0 0 0 0 0 0 0 0 0 0 0 0 0 0
