SBPRF35
0.0459052
Curr Bio
296017
B35
147204
F35
11.2685
FOFL
11.2685
OFL
278037
Bzero
13065
#pred survey bio
 9632.74 8550.83 5746.93 6261.98 8982.49 14706.5 23015.3 33845.8 46503.1 65517.8 86596.2 115281 152974 161649 157596 172237 159278 167506 168065 172698 175632 209365 218063 230754 252594 277098 246991 227359 193208 4.09271e+06 1.37716e+06 365582 176943 113651 92220.2 85059 82701.4 81935 81688.5 81609.9 81584.9 81577.1 81574.6 81573.8 81573.6 81573.5 81573.5 81573.5 81573.5 81573.5 81573.5 81573.5 81573.5 81573.5 81573.5 81573.5 81573.5 81573.5 81573.5 81573.5 81573.5 81573.5 81573.5 81573.5 81573.5 81573.5 81573.5 81573.5 81573.5 81573.5 81573.5 81573.5 81573.5 81573.5 81573.5 81573.5 81573.5 81573.5 81573.5 81573.5 81573.5 81573.5 81573.5 81573.5 81573.5 81573.5 81573.5 81573.5 81573.5 81573.5 81573.5 81573.5 81573.5 81573.5 81573.5 81573.5 81573.5 81573.5 81573.5 81573.5 81573.5 81573.5 81573.5 81573.5 81573.5 81573.5 81573.5 81573.5 81573.5 81573.5 81573.5 81573.5 81573.5 81573.5 81573.5 81573.5 81573.5 81573.5 81573.5 81573.5 81573.5 81573.5 81573.5 81573.5 81573.5 81573.5 81573.5 81573.5 81573.5 0 0 0 0 0 0 0 0 0 0 0 0 0 0 0 0 0 0 0 0 0 0 0 0 0
#obs survey bio
 6429.29 7101.13 5152.35 8500.28 9510.36 20591.4 23558.6 34214.4 49646.9 78363.6 75301.3 122965 173555 106175 119068 172686 161682 163761 135201 143218 162394 197223 362912 277752 257970 274763 195028 273401 192406
#pred catch bio
 2702.29 4634.03 3142 3520.02 4448.59 7636.84 12328.1 20281.8 25566.8 37198.9 53884.3 72974.7 110281 130631 128696 159853 133888 144085 144805 157375 143316 191165 201734 216855 226926 275211 252534 238018 195213 278037 20957 4715.3 4715.19 4715.19 4715.19 4715.19 4715.19 4715.19 4715.19 4715.19 4715.19 4715.19 4715.19 4715.19 4715.19 4715.19 4715.19 4715.19 4715.19 4715.19 4715.19 4715.19 4715.19 4715.19 4715.19 4715.19 4715.19 4715.19 4715.19 4715.19 4715.19 4715.19 4715.19 4715.19 4715.19 4715.19 4715.19 4715.19 4715.19 4715.19 4715.19 4715.19 4715.19 4715.19 4715.19 4715.19 4715.19 4715.19 4715.19 4715.19 4715.19 4715.19 4715.19 4715.19 4715.19 4715.19 4715.19 4715.19 4715.19 4715.19 4715.19 4715.19 4715.19 4715.19 4715.19 4715.19 4715.19 4715.19 4715.19 4715.19 4715.19 4715.19 4715.19 4715.19 4715.19 4715.19 4715.19 4715.19 4715.19 4715.19 4715.19 4715.19 4715.19 4715.19 4715.19 4715.19 4715.19 4715.19 4715.19 4715.19 4715.19 4715.19 4715.19 4715.19 4715.19 4715.19 4715.19 4715.19 4715.19 0 0 0 0 0 0 0 0 0 0 0 0 0 0 0 0 0 0 0 0 0 0 0 0 0
#obs catch bio
 3882.83 5624.91 3800.67 3509.83 4410.14 7545.5 11822.6 19819.8 24077.4 34138 50565.2 69046.9 101966 130551 142231 163991 132231 140871 147727 163110 138049 189438 181834 213069 212822 260174 251949 222456 192475
#pred cpue bio
 9153.85 8448.54 5483.08 5561.29 8004.83 12924.1 20533.5 30230.9 41472.5 59027.3 78212.4 101965 137615 148274 140185 153085 141776 149263 150193 152866 154294 184360 191185 201564 218332 245519 216731 197443 171231 3.53765e+06 1.5327e+06 355796 164722 101372 79940 72778.8 70421.2 69654.8 69408.3 69329.6 69304.7 69296.9 69294.4 69293.6 69293.4 69293.3 69293.3 69293.3 69293.3 69293.3 69293.3 69293.3 69293.3 69293.3 69293.3 69293.3 69293.3 69293.3 69293.3 69293.3 69293.3 69293.3 69293.3 69293.3 69293.3 69293.3 69293.3 69293.3 69293.3 69293.3 69293.3 69293.3 69293.3 69293.3 69293.3 69293.3 69293.3 69293.3 69293.3 69293.3 69293.3 69293.3 69293.3 69293.3 69293.3 69293.3 69293.3 69293.3 69293.3 69293.3 69293.3 69293.3 69293.3 69293.3 69293.3 69293.3 69293.3 69293.3 69293.3 69293.3 69293.3 69293.3 69293.3 69293.3 69293.3 69293.3 69293.3 69293.3 69293.3 69293.3 69293.3 69293.3 69293.3 69293.3 69293.3 69293.3 69293.3 69293.3 69293.3 69293.3 69293.3 69293.3 69293.3 69293.3 69293.3 69293.3 69293.3 69293.3 69293.3 0 0 0 0 0 0 0 0 0 0 0 0 0 0 0 0 0 0 0 0 0 0 0 0 0
#obs cpue bio
 6609.78 3931.82 3339.57 6821.71 6634.44 10428.6 26460.6 30970.1 56626.7 72433.7 110528 105945 186277 167923 105072 190809 139929 175880 147096 179916 188835 223335 202306 145478 309862 293010 269831 236044 159392
#pred surv len freq
 1.38676e-11 1.50586e-09 9.64062e-08 3.63885e-06 8.09776e-05 0.00106246 0.00821956 0.0375121 0.10123 0.163456 0.167042 0.132496 0.111821 0.0946185 0.0657119 0.0405676 0.0253823 0.016074 0.0104306 0.00713643 0.00524783 0.00421122 0.00351956 0.00265048 0.00152565
 1.16157e-11 1.26132e-09 8.07509e-08 3.04795e-06 6.7828e-05 0.000889952 0.00688567 0.031441 0.0850709 0.139179 0.150736 0.141427 0.14416 0.128548 0.0831104 0.0425786 0.0211491 0.0108503 0.0057 0.00314517 0.00187474 0.00124783 0.00091529 0.000649604 0.00037017
 1.38874e-11 1.50801e-09 9.65439e-08 3.64405e-06 8.10933e-05 0.00106399 0.00823163 0.0375734 0.10148 0.164551 0.171381 0.144119 0.130315 0.110373 0.0696068 0.0341557 0.0154552 0.0066988 0.00273804 0.00113151 0.000503142 0.000251577 0.000145984 9.03591e-05 4.86745e-05
 1.72133e-11 1.86916e-09 1.19665e-07 4.51677e-06 0.000100514 0.00131878 0.0102021 0.0465502 0.125485 0.201536 0.200845 0.145902 0.10638 0.079914 0.0472392 0.0210795 0.00838172 0.00325857 0.00118809 0.000404979 0.000133242 4.54867e-05 1.79577e-05 8.40528e-06 3.93178e-06
 1.71123e-11 1.85819e-09 1.18963e-07 4.49027e-06 9.99244e-05 0.00131104 0.0101423 0.0462791 0.124776 0.200574 0.200714 0.147955 0.110347 0.0830974 0.0472909 0.0187713 0.00599484 0.00185314 0.000564616 0.000164258 4.53128e-05 1.17746e-05 3.03561e-06 8.82125e-07 2.97812e-07
 1.76146e-11 1.91273e-09 1.22455e-07 4.62206e-06 0.000102857 0.00134952 0.0104399 0.0476339 0.128391 0.206077 0.204775 0.147157 0.105108 0.0774306 0.0443848 0.0182989 0.00621959 0.00194332 0.000527601 0.000122835 2.65131e-05 5.48421e-06 1.07047e-06 2.00933e-07 3.99318e-08
 1.70647e-11 1.85302e-09 1.18632e-07 4.47776e-06 9.96461e-05 0.00130739 0.0101141 0.0461504 0.124431 0.200039 0.200269 0.14787 0.11061 0.083521 0.0477333 0.0191357 0.00618117 0.00186811 0.000513652 0.00012176 2.47327e-05 4.26611e-06 6.39171e-07 8.6997e-08 1.10999e-08
 1.70168e-11 1.84782e-09 1.18299e-07 4.4652e-06 9.93665e-05 0.00130372 0.0100857 0.046021 0.124085 0.199497 0.199801 0.147723 0.110775 0.0838578 0.0481476 0.0195311 0.00643291 0.00195888 0.000527353 0.000120643 2.40229e-05 4.10662e-06 5.80903e-07 6.69493e-08 6.3778e-09
 1.70843e-11 1.85515e-09 1.18768e-07 4.48291e-06 9.97606e-05 0.0013089 0.0101257 0.0462035 0.124575 0.200275 0.20053 0.148121 0.110835 0.0835877 0.0475065 0.0187262 0.00583667 0.00168908 0.000447518 0.000102712 2.0338e-05 3.39928e-06 4.6837e-07 5.23915e-08 4.64426e-09
 1.66829e-11 1.81156e-09 1.15978e-07 4.37759e-06 9.74169e-05 0.00127815 0.00988792 0.0451202 0.121679 0.19582 0.197013 0.148012 0.1139 0.0874304 0.0502817 0.0202755 0.00658245 0.00196363 0.000514531 0.000113255 2.15706e-05 3.54304e-06 4.83902e-07 5.3268e-08 4.60175e-09
 1.65824e-11 1.80066e-09 1.1528e-07 4.35123e-06 9.68304e-05 0.00127045 0.00982841 0.0448491 0.120955 0.194706 0.196138 0.148 0.114687 0.0883932 0.0509428 0.0206192 0.0067548 0.00204941 0.000551604 0.000125318 2.42022e-05 3.90508e-06 5.15612e-07 5.52129e-08 4.68788e-09
 1.73911e-11 1.88846e-09 1.20901e-07 4.56341e-06 0.000101552 0.0013324 0.0103075 0.0470312 0.126786 0.203659 0.203117 0.147922 0.108068 0.0803813 0.0455334 0.0179621 0.00561388 0.0016276 0.000430482 9.84091e-05 1.94057e-05 3.21557e-06 4.32334e-07 4.61369e-08 3.83097e-09
 1.67578e-11 1.8197e-09 1.16499e-07 4.39725e-06 9.78546e-05 0.00128389 0.00993235 0.045323 0.122226 0.196702 0.197908 0.148688 0.114324 0.0873662 0.0494691 0.0190508 0.00562716 0.00151822 0.000378061 8.20582e-05 1.55846e-05 2.55255e-06 3.46846e-07 3.77894e-08 3.19275e-09
 1.59773e-11 1.73495e-09 1.11073e-07 4.19245e-06 9.3297e-05 0.0012241 0.00946996 0.0432172 0.116605 0.18812 0.191453 0.149539 0.121894 0.0958807 0.0543558 0.0205199 0.00576002 0.00144518 0.000336077 6.79922e-05 1.19857e-05 1.83979e-06 2.3856e-07 2.53859e-08 2.14292e-09
 1.71992e-11 1.86763e-09 1.19567e-07 4.51307e-06 0.000100432 0.0013177 0.0101938 0.0465143 0.125413 0.201618 0.201855 0.149025 0.11129 0.08338 0.0463633 0.0170746 0.00453108 0.00104433 0.000224678 4.22938e-05 6.88674e-06 9.7464e-07 1.1677e-07 1.15684e-08 9.24699e-10
 1.72338e-11 1.87138e-09 1.19807e-07 4.52213e-06 0.000100634 0.00132035 0.0102143 0.0466077 0.125664 0.202019 0.202237 0.149254 0.111362 0.0832706 0.0460289 0.0166298 0.00419213 0.000884953 0.000174292 3.02352e-05 4.50199e-06 5.82316e-07 6.39703e-08 5.81235e-09 4.27391e-10
 1.71869e-11 1.8663e-09 1.19482e-07 4.50985e-06 0.00010036 0.00131676 0.0101866 0.0464816 0.125331 0.201533 0.201987 0.14968 0.112385 0.0841509 0.0461449 0.0161751 0.00373391 0.000662999 0.000108537 1.65215e-05 2.21002e-06 2.58053e-07 2.57009e-08 2.11943e-09 1.41794e-10
 1.71401e-11 1.86121e-09 1.19156e-07 4.49755e-06 0.000100086 0.00131317 0.0101588 0.0463549 0.12499 0.200993 0.201483 0.149413 0.112358 0.0843542 0.0465989 0.0167326 0.00413582 0.000833245 0.000150597 2.24228e-05 2.62235e-06 2.56212e-07 2.18426e-08 1.58898e-09 9.51893e-11
 1.70341e-11 1.8497e-09 1.18419e-07 4.46974e-06 9.94675e-05 0.00130505 0.010096 0.046069 0.124227 0.19983 0.20062 0.149566 0.113441 0.0855421 0.0472356 0.0168703 0.00410915 0.000810932 0.000146954 2.30525e-05 2.95655e-06 3.09476e-07 2.56878e-08 1.65269e-09 8.406e-11
 1.73864e-11 1.88795e-09 1.20869e-07 4.56218e-06 0.000101525 0.00133204 0.0103047 0.0470196 0.126765 0.203712 0.203571 0.149285 0.110182 0.0818053 0.0449904 0.016066 0.0039198 0.000775149 0.000140099 2.17535e-05 2.7645e-06 2.93521e-07 2.56389e-08 1.76306e-09 9.24608e-11
 1.76585e-11 1.9175e-09 1.2276e-07 4.63359e-06 0.000103114 0.00135289 0.010466 0.0477539 0.128728 0.206726 0.205922 0.149266 0.107964 0.079112 0.0431587 0.0151547 0.00352817 0.000636737 0.000105092 1.56163e-05 1.95835e-06 2.06587e-07 1.79292e-08 1.23596e-09 6.64151e-11
 1.75713e-11 1.90803e-09 1.22154e-07 4.61071e-06 0.000102605 0.00134621 0.0104143 0.0475185 0.128097 0.205744 0.205094 0.149065 0.108361 0.0797743 0.0438507 0.0157529 0.00391047 0.000794627 0.000145068 2.18302e-05 2.58076e-06 2.51775e-07 2.07409e-08 1.39739e-09 7.44068e-11
 1.77294e-11 1.9252e-09 1.23253e-07 4.65219e-06 0.000103528 0.00135832 0.010508 0.0479452 0.129239 0.207508 0.206524 0.14923 0.10734 0.0783794 0.0426958 0.014962 0.00346498 0.000619231 0.000101617 1.52303e-05 1.94018e-06 2.04591e-07 1.71461e-08 1.10759e-09 5.54954e-11
 1.78579e-11 1.93915e-09 1.24146e-07 4.6859e-06 0.000104278 0.00136816 0.0105841 0.0482919 0.130165 0.208927 0.207614 0.149166 0.10621 0.0770562 0.0418609 0.0146143 0.0033471 0.000581263 9.049e-05 1.25169e-05 1.4336e-06 1.38693e-07 1.14791e-08 7.77073e-10 4.08505e-11
 1.82125e-11 1.97766e-09 1.26612e-07 4.77895e-06 0.000106349 0.00139533 0.0107941 0.0492487 0.13272 0.212837 0.210597 0.148919 0.102983 0.073329 0.0395828 0.0137523 0.00311312 0.000526614 7.9182e-05 1.06234e-05 1.17301e-06 1.06866e-07 8.11669e-09 5.01123e-10 2.47698e-11
 1.73548e-11 1.88453e-09 1.20649e-07 4.55391e-06 0.000101341 0.00132963 0.0102861 0.0469346 0.12654 0.203383 0.203393 0.149547 0.110834 0.0823738 0.0450796 0.0157946 0.00364161 0.00064039 0.000100519 1.37006e-05 1.49244e-06 1.31826e-07 9.63944e-09 5.67382e-10 2.62372e-11
 1.77024e-11 1.92227e-09 1.23065e-07 4.6451e-06 0.00010337 0.00135625 0.010492 0.0478725 0.129046 0.207224 0.206359 0.14942 0.107846 0.0788326 0.0427884 0.0147792 0.0032691 0.000523361 7.32652e-05 9.43339e-06 1.03297e-06 9.38964e-08 6.97765e-09 4.07027e-10 1.82938e-11
 1.80584e-11 1.96093e-09 1.25541e-07 4.73853e-06 0.000105449 0.00138353 0.0107029 0.0488331 0.131611 0.211151 0.209359 0.149187 0.104629 0.0751055 0.0404941 0.0138918 0.00301509 0.000459358 5.91421e-05 6.95614e-06 6.9166e-07 5.68839e-08 3.96258e-09 2.28091e-10 1.03833e-11
 1.73513e-11 1.88414e-09 1.20625e-07 4.55297e-06 0.00010132 0.00132935 0.010284 0.0469252 0.126517 0.203365 0.203465 0.14983 0.11129 0.0826843 0.0449647 0.0153932 0.0032966 0.00048373 5.82771e-05 6.40294e-06 5.96896e-07 4.52426e-08 2.85513e-09 1.48414e-10 6.17437e-12
#obs surv len freq
 1.30111e-11 1.41286e-09 9.04523e-08 3.41413e-06 7.59767e-05 0.000996855 0.00771227 0.0352031 0.095082 0.15421 0.160827 0.136149 0.125692 0.111796 0.0785896 0.0463585 0.0254927 0.0128987 0.00577893 0.00222623 0.000702376 0.000171225 3.04975e-05 3.77893e-06 3.13019e-07
 6.52551e-12 7.08594e-10 4.53648e-08 1.7123e-06 3.81057e-05 0.000500011 0.00387013 0.0177053 0.0483575 0.0826729 0.105684 0.137879 0.178948 0.175334 0.121671 0.0676068 0.0342869 0.0159002 0.00647943 0.00225601 0.000641692 0.000140931 2.262e-05 2.52867e-06 1.89384e-07
 1.72643e-11 1.87469e-09 1.20019e-07 4.53014e-06 0.000100812 0.00132268 0.0102321 0.0466815 0.125757 0.201258 0.19701 0.133566 0.0868983 0.0674952 0.0532528 0.0378857 0.0224482 0.0105098 0.00396127 0.00123395 0.000311531 6.07244e-05 8.67212e-06 8.65592e-07 5.80892e-08
 1.57618e-11 1.71154e-09 1.09574e-07 4.13589e-06 9.20386e-05 0.0012076 0.00934271 0.0426439 0.115136 0.186211 0.19091 0.150735 0.121859 0.0934635 0.0528885 0.0218167 0.00826813 0.00347228 0.00138612 0.000438642 0.000103765 1.80882e-05 2.27711e-06 2.00428e-07 1.19157e-08
 1.67926e-11 1.82348e-09 1.16741e-07 4.40639e-06 9.80583e-05 0.00128657 0.00995357 0.0454278 0.12259 0.197721 0.200026 0.150724 0.113097 0.0832852 0.0471749 0.0195371 0.00652557 0.00189974 0.000496757 0.000121176 2.60737e-05 4.32791e-06 5.06393e-07 4.01883e-08 2.12032e-09
 1.61081e-11 1.74915e-09 1.11982e-07 4.22678e-06 9.40614e-05 0.00123415 0.00954842 0.0435881 0.117736 0.190662 0.195955 0.1543 0.12186 0.0901667 0.0490231 0.0186122 0.00546862 0.00138414 0.00030042 5.38906e-05 8.03685e-06 9.98835e-07 9.81494e-08 6.99695e-09 3.37255e-10
 1.66329e-11 1.80613e-09 1.1563e-07 4.36447e-06 9.71257e-05 0.00127435 0.00985953 0.0450081 0.121559 0.196687 0.201109 0.155084 0.117722 0.0842094 0.0447404 0.0166043 0.00469148 0.00110137 0.000212182 3.21941e-05 3.81781e-06 3.52701e-07 2.4997e-08 1.32903e-09 5.12098e-11
 1.60446e-11 1.74226e-09 1.11541e-07 4.21012e-06 9.36911e-05 0.00122931 0.00951155 0.0434301 0.117415 0.190755 0.197941 0.158424 0.124914 0.0893622 0.0459414 0.015941 0.0040357 0.000834406 0.000144229 1.97998e-05 2.07737e-06 1.62859e-07 9.32441e-09 3.82298e-10 1.1053e-11
 1.68906e-11 1.83412e-09 1.17422e-07 4.43211e-06 9.86311e-05 0.00129412 0.0100129 0.0457154 0.123534 0.200184 0.205247 0.157826 0.116729 0.0799706 0.0405491 0.0142203 0.00369786 0.000770599 0.000127152 1.58298e-05 1.46534e-06 1.00672e-07 5.03376e-09 1.77663e-10 4.30915e-12
 1.55529e-11 1.68886e-09 1.08122e-07 4.0811e-06 9.08204e-05 0.00119167 0.00922138 0.0421232 0.114069 0.186431 0.197117 0.163738 0.13177 0.0919189 0.0446293 0.0140757 0.0030367 0.000504407 7.0166e-05 7.97516e-06 6.9457e-07 4.42513e-08 1.99618e-09 6.22595e-11 1.32016e-12
 1.69715e-11 1.84291e-09 1.17985e-07 4.45335e-06 9.91043e-05 0.00130036 0.0100619 0.0459511 0.124285 0.201994 0.208667 0.161906 0.118162 0.0772279 0.0363002 0.0112336 0.00237685 0.00037722 4.72941e-05 4.55188e-06 3.24869e-07 1.71607e-08 6.684e-10 1.86459e-11 3.58151e-13
 1.61571e-11 1.75447e-09 1.12323e-07 4.23965e-06 9.43494e-05 0.001238 0.00958041 0.0437709 0.118582 0.193896 0.204362 0.166042 0.12688 0.0834518 0.0382795 0.0112812 0.00219352 0.000307764 3.39061e-05 2.93761e-06 1.90474e-07 8.93729e-09 2.98366e-10 6.96763e-12 1.11895e-13
 1.59653e-11 1.73365e-09 1.1099e-07 4.18934e-06 9.32302e-05 0.00122334 0.00946768 0.0432675 0.117326 0.192413 0.204416 0.168177 0.128856 0.0836684 0.0377144 0.0109466 0.00210333 0.000290339 3.07587e-05 2.47304e-06 1.44017e-07 5.94749e-09 1.73984e-10 3.57365e-12 5.04349e-14
 1.30044e-11 1.41213e-09 9.04061e-08 3.41243e-06 7.59431e-05 0.000996621 0.00771659 0.0353278 0.0964531 0.162193 0.186355 0.179458 0.158528 0.108069 0.0483824 0.0136105 0.00248037 0.000316788 3.07107e-05 2.28633e-06 1.25047e-07 4.84698e-09 1.31084e-10 2.43864e-12 3.06435e-14
 1.51124e-11 1.64103e-09 1.05061e-07 3.96557e-06 8.82521e-05 0.0011581 0.00896508 0.0410075 0.111545 0.18479 0.20185 0.174187 0.137151 0.0877384 0.038342 0.0108244 0.00204212 0.000276993 2.82158e-05 2.10478e-06 1.09845e-07 3.93829e-09 9.72782e-11 1.65356e-12 1.9066e-14
 1.50573e-11 1.63504e-09 1.04677e-07 3.95111e-06 8.79313e-05 0.00115393 0.00893391 0.0408811 0.111336 0.185073 0.203619 0.176823 0.138029 0.0861395 0.0363019 0.00971089 0.00168298 0.000202898 1.83789e-05 1.27318e-06 6.48012e-08 2.32398e-09 5.72285e-11 9.47846e-13 1.03585e-14
 1.54254e-11 1.67501e-09 1.07236e-07 4.04771e-06 9.00818e-05 0.00118218 0.00915312 0.0418901 0.114108 0.189612 0.207656 0.177139 0.134017 0.0811608 0.0334463 0.00882107 0.00152015 0.00018266 1.62154e-05 1.06348e-06 4.95846e-08 1.60173e-09 3.56762e-11 5.45591e-13 5.63991e-15
 1.52382e-11 1.65469e-09 1.05935e-07 3.99861e-06 8.89905e-05 0.00116792 0.00904412 0.0414114 0.112967 0.18844 0.208029 0.178927 0.135015 0.0809146 0.033224 0.00891773 0.00161701 0.00021029 2.0114e-05 1.37507e-06 6.46385e-08 2.05357e-09 4.39593e-11 6.30724e-13 5.99341e-15
 1.36862e-11 1.48617e-09 9.51466e-08 3.59144e-06 7.99326e-05 0.00104921 0.00812935 0.0372915 0.102345 0.173946 0.201491 0.187494 0.149968 0.0906558 0.0363818 0.00935737 0.001595 0.000192814 1.73757e-05 1.15813e-06 5.48616e-08 1.78732e-09 3.9182e-11 5.67155e-13 5.32878e-15
 1.59091e-11 1.72754e-09 1.106e-07 4.17471e-06 9.29118e-05 0.00121946 0.00944478 0.043262 0.118083 0.196877 0.215465 0.179193 0.127333 0.0719125 0.0282471 0.00736716 0.00131361 0.000168104 1.56412e-05 1.02913e-06 4.65011e-08 1.42716e-09 2.96498e-11 4.1303e-13 3.79258e-15
 1.42681e-11 1.54936e-09 9.91925e-08 3.74421e-06 8.33361e-05 0.00109401 0.00847903 0.0389241 0.106979 0.182028 0.209488 0.189026 0.142964 0.0813254 0.0308034 0.00746796 0.00118978 0.000132724 1.0968e-05 6.7453e-07 2.97693e-08 9.07184e-10 1.85668e-11 2.50014e-13 2.1808e-15
 1.62412e-11 1.76361e-09 1.12909e-07 4.26195e-06 9.48571e-05 0.00124513 0.00964654 0.0442209 0.120917 0.20223 0.221559 0.181469 0.123217 0.0651603 0.0236769 0.00558838 0.000868782 9.34285e-05 7.23377e-06 4.02995e-07 1.57483e-08 4.23487e-10 7.76882e-12 9.62308e-14 7.90818e-16
 1.59352e-11 1.73039e-09 1.10783e-07 4.18174e-06 9.30756e-05 0.00122188 0.00946963 0.0434506 0.11911 0.200444 0.222303 0.18462 0.125377 0.0650416 0.0228741 0.00515828 0.000752045 7.42374e-05 5.21923e-06 2.65676e-07 9.58449e-09 2.37983e-10 3.98682e-12 4.44413e-14 3.25374e-16
 1.49942e-11 1.62821e-09 1.04242e-07 3.93495e-06 8.75895e-05 0.00115013 0.00891954 0.0410057 0.113017 0.192872 0.220441 0.190991 0.133232 0.068838 0.0235842 0.00509514 0.000696401 6.25394e-05 3.88711e-06 1.7289e-07 5.47448e-09 1.20301e-10 1.79584e-12 1.79577e-14 1.18703e-16
 1.67416e-11 1.81796e-09 1.1639e-07 4.39347e-06 9.77923e-05 0.00128394 0.00995265 0.0456823 0.125235 0.210173 0.229721 0.18285 0.115825 0.0559812 0.0185809 0.00399851 0.000558681 5.24065e-05 3.40668e-06 1.53851e-07 4.72e-09 9.61976e-11 1.29071e-12 1.13962e-14 6.61287e-17
 1.31129e-11 1.42394e-09 9.11669e-08 3.44169e-06 7.66293e-05 0.00100693 0.00782435 0.0361644 0.101087 0.178406 0.21733 0.203104 0.147481 0.0758718 0.0254304 0.00540304 0.000739611 6.7873e-05 4.33043e-06 1.93502e-07 5.93385e-09 1.21722e-10 1.64045e-12 1.43494e-14 8.05954e-17
 1.61407e-11 1.75272e-09 1.12216e-07 4.23611e-06 9.43026e-05 0.00123856 0.00960989 0.0442126 0.12189 0.207074 0.23116 0.187872 0.118851 0.0558796 0.0178563 0.00370656 0.00050253 4.59155e-05 2.9027e-06 1.2698e-07 3.76824e-09 7.43457e-11 9.63292e-13 8.12942e-15 4.42726e-17
 1.44981e-11 1.57437e-09 1.008e-07 3.80548e-06 8.47354e-05 0.00111359 0.00865434 0.0399885 0.111467 0.194364 0.228312 0.198613 0.131791 0.062197 0.0191977 0.0037221 0.000453589 3.5775e-05 1.90913e-06 7.14654e-08 1.88689e-09 3.43952e-11 4.20984e-13 3.38224e-15 1.75336e-17
 1.19948e-11 1.30257e-09 8.34031e-08 3.14928e-06 7.01572e-05 0.000923165 0.00719823 0.0335458 0.0955049 0.174546 0.22274 0.2135 0.151324 0.0731267 0.0225849 0.00435777 0.000530067 4.17997e-05 2.20536e-06 7.91345e-08 1.91984e-09 3.09811e-11 3.2861e-13 2.28124e-15 1.03431e-17
#pred catch len freq
 1.18055e-11 1.28194e-09 8.2071e-08 3.09777e-06 6.89367e-05 0.000904492 0.0069979 0.0319472 0.0863559 0.140599 0.149124 0.132344 0.128067 0.114261 0.0787326 0.0468223 0.0282961 0.0176368 0.0113834 0.00777517 0.00571495 0.00458562 0.00383241 0.00288608 0.00166126
 1.06771e-11 1.15941e-09 7.42263e-08 2.80167e-06 6.23477e-05 0.000818053 0.00632967 0.028909 0.0783138 0.128878 0.143065 0.142701 0.153661 0.13911 0.0890271 0.0441495 0.0210526 0.0105466 0.00549322 0.00302295 0.00180052 0.00119822 0.000878873 0.000623756 0.000355441
 1.29735e-11 1.40877e-09 9.01905e-08 3.40424e-06 7.57568e-05 0.000993976 0.00769022 0.0351078 0.0948986 0.154502 0.163829 0.14513 0.139203 0.120368 0.0753463 0.0358815 0.0156026 0.00659459 0.00266801 0.00109823 0.000487663 0.000243746 0.00014143 8.75394e-05 4.71555e-05
 1.65145e-11 1.79327e-09 1.14807e-07 4.33339e-06 9.64333e-05 0.00126524 0.00978809 0.0446647 0.120451 0.193846 0.195039 0.146591 0.113047 0.0874639 0.0516461 0.0224986 0.00859333 0.0032399 0.00116589 0.000395524 0.000129899 4.43182e-05 1.74935e-05 8.18774e-06 3.83001e-06
 1.60698e-11 1.74499e-09 1.11716e-07 4.21671e-06 9.38368e-05 0.00123118 0.00952471 0.0434662 0.117265 0.18909 0.191996 0.148826 0.120052 0.0941952 0.0539169 0.0210941 0.00650438 0.00193396 0.000577041 0.000166605 4.58402e-05 1.19012e-05 3.06742e-06 8.91303e-07 3.00907e-07
 1.67352e-11 1.81724e-09 1.16342e-07 4.39131e-06 9.77223e-05 0.00128215 0.00991891 0.0452613 0.122056 0.196391 0.197427 0.147905 0.113315 0.0868058 0.0499692 0.0202403 0.00663264 0.00200218 0.000534261 0.000123502 2.65663e-05 5.48698e-06 1.07047e-06 2.00905e-07 3.99249e-08
 1.62016e-11 1.7593e-09 1.12632e-07 4.2513e-06 9.46065e-05 0.00124128 0.0096028 0.0438218 0.118214 0.190535 0.193069 0.148636 0.118712 0.0927537 0.0532001 0.0209963 0.00654732 0.00190674 0.000514047 0.000120927 2.44865e-05 4.21789e-06 6.31593e-07 8.59471e-08 1.09651e-08
 1.64441e-11 1.78563e-09 1.14318e-07 4.31492e-06 9.60223e-05 0.00125985 0.00974644 0.0444759 0.11996 0.193198 0.195058 0.148329 0.116299 0.0900816 0.0517318 0.0206271 0.00655463 0.00192559 0.000508823 0.000115539 2.29302e-05 3.91398e-06 5.53331e-07 6.3758e-08 6.07329e-09
 1.62825e-11 1.76808e-09 1.13194e-07 4.27252e-06 9.50788e-05 0.00124747 0.00965073 0.0440402 0.118799 0.191448 0.193847 0.148849 0.118388 0.0921816 0.0525775 0.0204305 0.00615583 0.00171495 0.000444811 0.000101242 1.99787e-05 3.33435e-06 4.59156e-07 5.13493e-08 4.55148e-09
 1.59409e-11 1.73099e-09 1.1082e-07 4.18289e-06 9.30843e-05 0.00122131 0.00944836 0.0431183 0.116335 0.187654 0.190841 0.148724 0.120946 0.0954199 0.0549576 0.0217998 0.00683195 0.0019657 0.000505323 0.000110375 2.09484e-05 3.43524e-06 4.68874e-07 5.16015e-08 4.45739e-09
 1.60951e-11 1.74773e-09 1.11891e-07 4.22334e-06 9.39845e-05 0.00123312 0.00953969 0.0435343 0.117445 0.18935 0.192123 0.148573 0.119476 0.0937474 0.0539677 0.0214702 0.00678655 0.00198589 0.000524512 0.000118276 2.27675e-05 3.66812e-06 4.84028e-07 5.18181e-08 4.39922e-09
 1.69836e-11 1.84421e-09 1.18068e-07 4.45648e-06 9.91725e-05 0.00130118 0.0100661 0.0459319 0.123852 0.199181 0.199759 0.148401 0.112072 0.0848579 0.0480628 0.0186741 0.0056407 0.00157453 0.000407752 9.24423e-05 1.81667e-05 3.00584e-06 4.03899e-07 4.30927e-08 3.57787e-09
 1.6732e-11 1.8169e-09 1.1632e-07 4.39049e-06 9.77039e-05 0.00128191 0.00991707 0.0452535 0.122042 0.196434 0.197767 0.148915 0.114876 0.0878455 0.0495407 0.0188152 0.0053841 0.00139683 0.000339629 7.301e-05 1.38119e-05 2.25841e-06 3.06677e-07 3.3405e-08 2.82207e-09
 1.63885e-11 1.7796e-09 1.13931e-07 4.30034e-06 9.5698e-05 0.0012556 0.00971356 0.0443268 0.11957 0.192668 0.194983 0.149446 0.118448 0.0917525 0.0516266 0.0192425 0.00524653 0.0012651 0.000286477 5.73172e-05 1.00585e-05 1.54092e-06 1.99649e-07 2.12391e-08 1.79269e-09
 1.75902e-11 1.91009e-09 1.22286e-07 4.61567e-06 0.000102715 0.00134766 0.0104255 0.0475694 0.128231 0.205939 0.205186 0.148869 0.107911 0.0793869 0.0437975 0.0159554 0.00412665 0.00091422 0.000190879 3.54606e-05 5.74386e-06 8.11018e-07 9.70739e-08 9.61368e-09 7.6835e-10
 1.80959e-11 1.965e-09 1.25801e-07 4.74836e-06 0.000105668 0.0013864 0.0107251 0.0489339 0.131877 0.211528 0.209506 0.148697 0.103584 0.0742536 0.0404702 0.0144701 0.00356709 0.000724676 0.000138054 2.3574e-05 3.48832e-06 4.4996e-07 4.93721e-08 4.48392e-09 3.29654e-10
 1.76709e-11 1.91885e-09 1.22847e-07 4.63684e-06 0.000103186 0.00135384 0.0104733 0.0477875 0.128818 0.206869 0.206059 0.149346 0.107986 0.0790674 0.0430342 0.0149937 0.00341006 0.000586047 9.22614e-05 1.37232e-05 1.81902e-06 2.11629e-07 2.10455e-08 1.73451e-09 1.16016e-10
 1.77189e-11 1.92406e-09 1.2318e-07 4.64942e-06 0.000103466 0.00135751 0.0105017 0.0479167 0.129161 0.207378 0.20637 0.149058 0.107165 0.0783178 0.0428558 0.0152533 0.0036933 0.000717225 0.00012536 1.83596e-05 2.13259e-06 2.076e-07 1.76617e-08 1.28364e-09 7.68716e-11
 1.76254e-11 1.91391e-09 1.2253e-07 4.62489e-06 0.00010292 0.00135035 0.0104463 0.0476645 0.128488 0.206353 0.205608 0.149189 0.108115 0.0793623 0.0434193 0.0153802 0.00367397 0.00069907 0.000122305 1.88463e-05 2.39999e-06 2.50406e-07 2.07521e-08 1.33419e-09 6.78379e-11
 1.81592e-11 1.97187e-09 1.26241e-07 4.76496e-06 0.000106037 0.00139124 0.0107625 0.0491047 0.132334 0.212234 0.210078 0.148764 0.103177 0.0737004 0.040017 0.014161 0.00338742 0.000645848 0.000112725 1.71962e-05 2.1698e-06 2.29603e-07 2.00225e-08 1.37587e-09 7.21342e-11
 1.8013e-11 1.956e-09 1.25225e-07 4.72661e-06 0.000105184 0.00138005 0.010676 0.0487105 0.131282 0.210636 0.208912 0.149039 0.104769 0.0754054 0.0408714 0.0142636 0.00326929 0.000570704 9.0667e-05 1.31806e-05 1.63846e-06 1.722e-07 1.49194e-08 1.02773e-09 5.52092e-11
 1.83336e-11 1.99081e-09 1.27453e-07 4.81073e-06 0.000107056 0.0014046 0.0108659 0.0495753 0.13359 0.214152 0.211518 0.148566 0.101474 0.0717938 0.0389363 0.0138507 0.00336639 0.000659197 0.00011641 1.72355e-05 2.02402e-06 1.96763e-07 1.6177e-08 1.08892e-09 5.79611e-11
 1.85158e-11 2.0106e-09 1.2872e-07 4.85855e-06 0.00010812 0.00141856 0.0109739 0.0500671 0.134905 0.216177 0.213127 0.148648 0.100132 0.070081 0.0376596 0.0130986 0.00298694 0.000516497 8.15415e-05 1.19487e-05 1.50864e-06 1.58512e-07 1.32631e-08 8.56165e-10 4.28842e-11
 1.86843e-11 2.02889e-09 1.29891e-07 4.90275e-06 0.000109103 0.00143147 0.0110736 0.0505216 0.136119 0.218035 0.214548 0.148542 0.0986172 0.068323 0.0365744 0.0126745 0.00286104 0.000481465 7.21236e-05 9.74467e-06 1.1053e-06 1.06471e-07 8.7933e-09 5.94713e-10 3.12529e-11
 1.88455e-11 2.0464e-09 1.31012e-07 4.94506e-06 0.000110045 0.00144382 0.0111692 0.0509567 0.137281 0.219814 0.215909 0.148441 0.0971682 0.0666401 0.0355327 0.0122649 0.00273957 0.000449686 6.50377e-05 8.51154e-06 9.30141e-07 8.43593e-08 6.39269e-09 3.9427e-10 1.94796e-11
 1.84561e-11 2.00411e-09 1.28305e-07 4.84287e-06 0.000107771 0.00141399 0.0109385 0.049906 0.134475 0.21552 0.212631 0.148709 0.100706 0.0707297 0.0380376 0.0132187 0.00300181 0.000511239 7.72631e-05 1.02962e-05 1.11125e-06 9.77376e-08 7.13025e-09 4.1922e-10 1.93766e-11
 1.88547e-11 2.0474e-09 1.31076e-07 4.94748e-06 0.000110099 0.00144453 0.0111746 0.0509817 0.137348 0.219921 0.216009 0.148496 0.0971771 0.0666028 0.0354429 0.0121523 0.0026574 0.000414104 5.57242e-05 6.97395e-06 7.54384e-07 6.82353e-08 5.05918e-09 2.94815e-10 1.32446e-11
 1.92313e-11 2.08829e-09 1.33694e-07 5.04628e-06 0.000112297 0.00147337 0.0113977 0.0519976 0.140061 0.224072 0.219173 0.148227 0.0937401 0.0626386 0.0330276 0.0112474 0.00241748 0.000359693 4.45574e-05 5.07948e-06 4.97855e-07 4.07038e-08 2.82732e-09 1.62525e-10 7.39452e-12
 1.85141e-11 2.01041e-09 1.28708e-07 4.85809e-06 0.00010811 0.00141843 0.0109728 0.0500625 0.134895 0.216175 0.213192 0.148868 0.100481 0.0703149 0.0375668 0.0127853 0.00271587 0.000390295 4.52998e-05 4.81248e-06 4.41315e-07 3.32278e-08 2.09013e-09 1.08473e-10 4.50955e-12
#obs catch len freq
 1.19897e-11 1.30194e-09 8.3351e-08 3.14609e-06 7.0012e-05 0.000918599 0.00710699 0.032444 0.0876808 0.142619 0.150682 0.132592 0.128415 0.117734 0.085644 0.0533263 0.0312179 0.0168085 0.0080216 0.00328244 0.00109437 0.00028039 5.21013e-05 6.67146e-06 5.65787e-07
 1.26899e-11 1.37797e-09 8.82188e-08 3.32982e-06 7.41008e-05 0.000972247 0.00752209 0.0343392 0.0927991 0.150861 0.158735 0.137263 0.128876 0.114547 0.0800978 0.0469932 0.0256011 0.0127734 0.00561585 0.00210734 0.000641776 0.000149596 2.52551e-05 2.94439e-06 2.28174e-07
 6.35827e-12 6.90434e-10 4.42022e-08 1.66842e-06 3.71293e-05 0.000487209 0.00377137 0.01726 0.0472177 0.0812272 0.105587 0.140131 0.181704 0.176395 0.121391 0.0669635 0.0335914 0.0153332 0.00612092 0.00207294 0.00056847 0.000119273 1.81342e-05 1.90666e-06 1.33558e-07
 1.71517e-11 1.86247e-09 1.19237e-07 4.50061e-06 0.000100155 0.00131406 0.0101655 0.0463798 0.124967 0.200138 0.19644 0.134219 0.0882725 0.0687181 0.0539498 0.0379352 0.0220779 0.0101273 0.00372969 0.00112831 0.000274353 5.10553e-05 6.90422e-06 6.4803e-07 4.067e-08
 1.57349e-11 1.70863e-09 1.09388e-07 4.12886e-06 9.18822e-05 0.00120555 0.00932707 0.042576 0.11499 0.186191 0.191563 0.152121 0.122744 0.0929769 0.051907 0.0212197 0.00799493 0.00330621 0.00128333 0.000392101 8.90522e-05 1.48046e-05 1.76445e-06 1.46049e-07 8.12079e-09
 1.68593e-11 1.83072e-09 1.17204e-07 4.42388e-06 9.84475e-05 0.00129169 0.00999327 0.0456118 0.123113 0.19871 0.201383 0.151907 0.113095 0.0819657 0.0457087 0.0186605 0.00612953 0.00174863 0.000447407 0.000106074 2.19094e-05 3.45797e-06 3.82356e-07 2.85271e-08 1.40815e-09
 1.62351e-11 1.76294e-09 1.12865e-07 4.26009e-06 9.48028e-05 0.00124388 0.00962391 0.0439358 0.118703 0.192361 0.197936 0.155566 0.121275 0.0880218 0.0470192 0.0175713 0.00507257 0.00125394 0.000264413 4.59172e-05 6.59474e-06 7.82599e-07 7.27316e-08 4.86896e-09 2.19386e-10
 1.68028e-11 1.82459e-09 1.16812e-07 4.40907e-06 9.81182e-05 0.00128738 0.00996051 0.0454719 0.122836 0.198852 0.203406 0.156212 0.116656 0.0816428 0.0425524 0.0155223 0.00430066 0.000983759 0.000183677 2.69027e-05 3.06389e-06 2.70148e-07 1.81525e-08 9.08557e-10 3.27394e-11
 1.62327e-11 1.76268e-09 1.12848e-07 4.25947e-06 9.47894e-05 0.00124373 0.00962333 0.0439439 0.118833 0.193168 0.2005 0.15963 0.12361 0.0864231 0.0435345 0.0148294 0.00367935 0.000740975 0.000123943 1.63892e-05 1.64821e-06 1.23178e-07 6.68704e-09 2.58576e-10 7.01238e-12
 1.71262e-11 1.8597e-09 1.1906e-07 4.49392e-06 0.000100007 0.00131218 0.0101528 0.0463571 0.125289 0.203084 0.208075 0.158781 0.114899 0.0766927 0.0380462 0.0130836 0.00332753 0.000673655 0.000107374 1.28654e-05 1.14101e-06 7.46749e-08 3.53772e-09 1.17762e-10 2.68282e-12
 1.58298e-11 1.71894e-09 1.10048e-07 4.15378e-06 9.24381e-05 0.00121291 0.00938597 0.0428788 0.116141 0.18987 0.200481 0.164808 0.129422 0.0878915 0.041705 0.0128825 0.00271928 0.000439484 5.90211e-05 6.43987e-06 5.36033e-07 3.24907e-08 1.38833e-09 4.08481e-11 8.13805e-13
 1.72365e-11 1.87168e-09 1.19827e-07 4.52288e-06 0.000100652 0.00132067 0.0102193 0.0466735 0.126261 0.205243 0.211739 0.162693 0.115808 0.0735283 0.0337219 0.0102084 0.00210996 0.000325164 3.93019e-05 3.6308e-06 2.47853e-07 1.24569e-08 4.58945e-10 1.20552e-11 2.17329e-13
 1.64473e-11 1.78599e-09 1.1434e-07 4.31581e-06 9.60445e-05 0.00126026 0.00975296 0.0445634 0.120755 0.197485 0.207765 0.166871 0.124182 0.079323 0.0354841 0.0102221 0.00194105 0.000264553 2.80835e-05 2.3308e-06 1.4427e-07 6.4369e-09 2.03419e-10 4.47785e-12 6.752e-14
 1.62717e-11 1.76692e-09 1.1312e-07 4.26975e-06 9.50201e-05 0.00124684 0.00964993 0.044105 0.119624 0.196206 0.207978 0.168949 0.12592 0.0793493 0.0348607 0.00988373 0.00185266 0.000248056 2.52896e-05 1.94666e-06 1.08221e-07 4.25035e-09 1.17657e-10 2.27641e-12 3.01591e-14
 1.33519e-11 1.44986e-09 9.28217e-08 3.50362e-06 7.7973e-05 0.00102328 0.00792361 0.0362826 0.0990991 0.166665 0.190761 0.180639 0.155069 0.102765 0.044873 0.0123286 0.00219123 0.000271459 2.53141e-05 1.8015e-06 9.3887e-08 3.45657e-09 8.84265e-11 1.55014e-12 1.82975e-14
 1.54437e-11 1.67701e-09 1.07364e-07 4.05251e-06 9.01877e-05 0.00118352 0.0091624 0.0419164 0.11405 0.188955 0.205758 0.174928 0.133794 0.0830337 0.0353425 0.00973473 0.00178797 0.000234587 2.29403e-05 1.63559e-06 8.1389e-08 2.773e-09 6.47814e-11 1.03673e-12 1.12167e-14
 1.53887e-11 1.67103e-09 1.06981e-07 4.03809e-06 8.98678e-05 0.00117938 0.00913148 0.0417924 0.113855 0.189272 0.207541 0.177467 0.134517 0.0813963 0.0333869 0.00870891 0.00146977 0.000171577 1.49193e-05 9.8545e-07 4.76595e-08 1.61941e-09 3.7658e-11 5.8723e-13 6.02735e-15
 1.57421e-11 1.70941e-09 1.09439e-07 4.13085e-06 9.19329e-05 0.00120651 0.00934216 0.0427631 0.116527 0.193654 0.211412 0.17768 0.130572 0.0766394 0.0307211 0.00789503 0.00132336 0.000153728 1.30858e-05 8.18309e-07 3.62761e-08 1.11067e-09 2.33422e-11 3.35324e-13 3.24586e-15
 1.55656e-11 1.69024e-09 1.08211e-07 4.08455e-06 9.0904e-05 0.00119307 0.00923967 0.0423155 0.115475 0.19263 0.211885 0.179398 0.131419 0.0763181 0.0304732 0.00796352 0.00140152 0.000175662 1.60779e-05 1.0476e-06 4.68189e-08 1.40951e-09 2.84726e-11 3.84029e-13 3.42034e-15
 1.40294e-11 1.52343e-09 9.75324e-08 3.68152e-06 8.19388e-05 0.0010756 0.00833487 0.0382457 0.105018 0.178487 0.205772 0.188069 0.145986 0.0855874 0.0334119 0.00836662 0.0013845 0.000161339 1.38988e-05 8.80688e-07 3.95351e-08 1.21691e-09 2.51262e-11 3.41656e-13 3.00916e-15
 1.6226e-11 1.76196e-09 1.12803e-07 4.25792e-06 9.4765e-05 0.00124383 0.00963447 0.0441406 0.120525 0.200935 0.219082 0.179383 0.123721 0.0676244 0.0257928 0.00653812 0.00112881 0.000138862 1.23379e-05 7.72208e-07 3.30922e-08 9.59452e-10 1.87467e-11 2.44702e-13 2.10021e-15
 1.46118e-11 1.58667e-09 1.01582e-07 3.83444e-06 8.53462e-05 0.00112047 0.00868537 0.0398842 0.109671 0.186568 0.213593 0.189216 0.138784 0.0764704 0.0281392 0.00663416 0.00102495 0.000110083 8.67946e-06 5.05996e-07 2.10954e-08 6.0564e-10 1.16465e-11 1.46994e-13 1.19913e-15
 1.65523e-11 1.7974e-09 1.15073e-07 4.34364e-06 9.66771e-05 0.00126908 0.00983329 0.0450883 0.123335 0.206232 0.224995 0.181343 0.119456 0.0610707 0.0215185 0.00493232 0.000742678 7.68281e-05 5.67578e-06 3.00009e-07 1.10857e-08 2.80863e-10 4.8333e-12 5.59448e-14 4.28526e-16
 1.62551e-11 1.76512e-09 1.13007e-07 4.26573e-06 9.49472e-05 0.00124653 0.00966202 0.044346 0.121612 0.204586 0.225807 0.184354 0.121401 0.0608769 0.0207563 0.00454515 0.00064209 6.10213e-05 4.09362e-06 1.97432e-07 6.72271e-09 1.57126e-10 2.47006e-12 2.57559e-14 1.75915e-16
 1.53253e-11 1.66416e-09 1.06544e-07 4.02191e-06 8.95283e-05 0.00117569 0.0091195 0.0419407 0.115649 0.197271 0.224176 0.190653 0.128933 0.0644355 0.0214108 0.00449279 0.000595459 5.15651e-05 3.06321e-06 1.29111e-07 3.85471e-09 7.96424e-11 1.11455e-12 1.04141e-14 6.41449e-17
 1.70362e-11 1.84994e-09 1.18438e-07 4.47085e-06 9.95176e-05 0.00130668 0.0101306 0.0465129 0.127559 0.213992 0.232817 0.182348 0.112078 0.052316 0.0168086 0.00350651 0.000473837 4.27175e-05 2.648e-06 1.13397e-07 3.28957e-09 6.32528e-11 7.97967e-13 6.59594e-15 3.56871e-17
 1.34608e-11 1.46172e-09 9.35873e-08 3.53317e-06 7.86712e-05 0.00103392 0.00803673 0.037168 0.103959 0.183293 0.221508 0.202657 0.142643 0.071059 0.0231064 0.00476327 0.000630563 5.55733e-05 3.37657e-06 1.42774e-07 4.12926e-09 7.97123e-11 1.00853e-12 8.26094e-15 4.33555e-17
 1.64499e-11 1.7863e-09 1.14367e-07 4.3174e-06 9.61167e-05 0.00126252 0.00979792 0.0450948 0.124371 0.211143 0.234352 0.187127 0.114802 0.0521294 0.016117 0.00323922 0.000423895 3.71311e-05 2.23297e-06 9.24034e-08 2.58579e-09 4.79829e-11 5.82949e-13 4.59841e-15 2.33491e-17
 1.48297e-11 1.61039e-09 1.03107e-07 3.89274e-06 8.66849e-05 0.0011394 0.00885783 0.0409512 0.114209 0.198926 0.231913 0.197705 0.127153 0.0580255 0.0173516 0.00326266 0.000384899 2.92222e-05 1.48737e-06 5.25887e-08 1.30298e-09 2.22231e-11 2.54099e-13 1.90425e-15 9.19482e-18
#spawning biomass
 12623.8 11139.5 7931.86 9422.49 13581.5 22487.4 34751.8 51017.8 70315.4 97986.2 129161 175653 229737 238545 239787 262518 242803 254796 255036 264362 270883 321903 336957 357793 395325 424183 381621 354587 296017 278606 22525.1 4590.64 4590.52 4590.52 4590.52 4590.52 4590.52 4590.52 4590.52 4590.52 4590.52 4590.52 4590.52 4590.52 4590.52 4590.52 4590.52 4590.52 4590.52 4590.52 4590.52 4590.52 4590.52 4590.52 4590.52 4590.52 4590.52 4590.52 4590.52 4590.52 4590.52 4590.52 4590.52 4590.52 4590.52 4590.52 4590.52 4590.52 4590.52 4590.52 4590.52 4590.52 4590.52 4590.52 4590.52 4590.52 4590.52 4590.52 4590.52 4590.52 4590.52 4590.52 4590.52 4590.52 4590.52 4590.52 4590.52 4590.52 4590.52 4590.52 4590.52 4590.52 4590.52 4590.52 4590.52 4590.52 4590.52 4590.52 4590.52 4590.52 4590.52 4590.52 4590.52 4590.52 4590.52 4590.52 4590.52 4590.52 4590.52 4590.52 4590.52 4590.52 4590.52 4590.52 4590.52 4590.52 4590.52 4590.52 4590.52 4590.52 4590.52 4590.52 4590.52 4590.52 4590.52 4590.52 4590.52 4590.52 4590.52 0 0 0 0 0 0 0 0 0 0 0 0 0 0 0 0 0 0 0 0 0 0 0 0 0
