SBPRF35
0.819782
Curr Bio
133864
B35
684153
F35
0.210334
FOFL
0
OFL
0
Bzero
234224
#pred survey bio
 8323.32 7565.31 8209.15 11472.6 15708.4 17627.1 17448.7 23505.2 35771.2 51416.7 61732.6 87206.8 107351 133449 132552 113700 99840.9 98208.6 106115 106197 108751 108844 106949 119789 127966 127885 140940 143354 4.19899e+06 5.92261e+06 6.69949e+06 6.51167e+06 5.87798e+06 5.11168e+06 4.38157e+06 3.76041e+06 3.26553e+06 2.88721e+06 2.60568e+06 2.39974e+06 2.25068e+06 2.14323e+06 2.06514e+06 2.00739e+06 1.96651e+06 1.93726e+06 1.91612e+06 1.90066e+06 1.88922e+06 1.88067e+06 1.87421e+06 1.86927e+06 1.86546e+06 1.8625e+06 1.86018e+06 1.85834e+06 1.85689e+06 1.85573e+06 1.8548e+06 1.85405e+06 1.85344e+06 1.85295e+06 1.85256e+06 1.85223e+06 1.85197e+06 1.85176e+06 1.85158e+06 1.85144e+06 1.85133e+06 1.85123e+06 1.85115e+06 1.85109e+06 1.85104e+06 1.851e+06 1.85096e+06 1.85093e+06 1.85091e+06 1.85089e+06 1.85088e+06 1.85086e+06 1.85085e+06 1.85084e+06 1.85084e+06 1.85083e+06 1.85083e+06 1.85082e+06 1.85082e+06 1.85082e+06 1.85082e+06 1.85081e+06 1.85081e+06 1.85081e+06 1.85081e+06 1.85081e+06 1.85081e+06 1.85081e+06 1.85081e+06 1.85081e+06 1.85081e+06 1.85081e+06 1.85081e+06 1.85081e+06 1.85081e+06 1.85081e+06 1.85081e+06 1.85081e+06 1.85081e+06 1.85081e+06 1.85081e+06 1.85081e+06 1.85081e+06 1.85081e+06 1.85081e+06 1.85081e+06 1.85081e+06 1.85081e+06 1.85081e+06 1.85081e+06 1.85081e+06 1.85081e+06 1.85081e+06 1.85081e+06 1.85081e+06 1.85081e+06 1.85081e+06 1.85081e+06 1.85081e+06 1.85081e+06 0 0 0 0 0 0 0 0 0 0 0 0 0 0 0 0 0 0 0 0 0 0 0 0 0
#obs survey bio
 7451.13 10798.5 10968.6 15645.9 20358.2 21040.7 15500.6 41270.9 53299.2 68992.6 61988.3 138220 115674 127377 100656 94867.7 102647 89828.5 91157.1 126691 102089 122081 135656 103366 142119 154167 171654 127939
#pred catch bio
 5784.49 5563.5 5532.72 7822.24 11153.4 13317.4 12464.4 16420.7 24472.2 38489.2 43321.8 66484.3 80514.5 104384 106972 93061.1 80450.5 77191.9 86717.4 86704 90579.6 91978.3 86590.5 99093.2 108860 104422 118508 102803 0 47658.1 54245.2 52101 46406.4 39746.9 33509.8 28282.5 24185.1 21112.4 18878 17288.8 16176.8 15407.5 14876.8 14509.8 14266.3 14104.7 13997.5 13926.4 13879.3 13848 13827.2 13813.4 13804.3 13798.2 13794.2 13791.5 13789.8 13788.6 13787.8 13787.3 13787 13786.7 13786.6 13786.5 13786.4 13786.4 13786.3 13786.3 13786.3 13786.3 13786.3 13786.3 13786.3 13786.3 13786.3 13786.3 13786.3 13786.3 13786.3 13786.3 13786.3 13786.3 13786.3 13786.3 13786.3 13786.3 13786.3 13786.3 13786.3 13786.3 13786.3 13786.3 13786.3 13786.3 13786.3 13786.3 13786.3 13786.3 13786.3 13786.3 13786.3 13786.3 13786.3 13786.3 13786.3 13786.3 13786.3 13786.3 13786.3 13786.3 13786.3 13786.3 13786.3 13786.3 13786.3 13786.3 13786.3 13786.3 13786.3 13786.3 13786.3 13786.3 13786.3 13786.3 13786.3 13786.3 13786.3 13786.3 0 0 0 0 0 0 0 0 0 0 0 0 0 0 0 0 0 0 0 0 0 0 0 0 0
#obs catch bio
 4777.22 5469.77 5320.86 7477.94 10897.4 13323.3 12218.6 15543.7 23619.7 36704.3 41946.6 63450.3 77729.3 103768 107496 91517.2 78043.1 75517.9 86650.3 83707.3 87920.6 89951.3 82455.8 96049.8 103565 101085 114555 101932
#pred cpue bio
 7162.38 6131.81 6415.74 8898.62 12237.4 14260.4 13851.3 17810 27018.4 39891.5 47621.7 66644.1 81904.7 102617 105561 90662 78034.3 76082.3 81868.7 81587.2 83277 82745.3 81081.4 90665.5 96656.1 96318.9 106837 108280 3.34317e+06 5.79302e+06 6.66512e+06 6.46478e+06 5.82709e+06 5.0601e+06 4.32989e+06 3.70872e+06 3.21383e+06 2.83552e+06 2.55398e+06 2.34805e+06 2.19898e+06 2.09154e+06 2.01344e+06 1.9557e+06 1.91481e+06 1.88557e+06 1.86442e+06 1.84896e+06 1.83753e+06 1.82898e+06 1.82251e+06 1.81757e+06 1.81377e+06 1.8108e+06 1.80848e+06 1.80665e+06 1.80519e+06 1.80403e+06 1.8031e+06 1.80235e+06 1.80175e+06 1.80126e+06 1.80086e+06 1.80054e+06 1.80028e+06 1.80006e+06 1.79989e+06 1.79975e+06 1.79963e+06 1.79954e+06 1.79946e+06 1.7994e+06 1.79934e+06 1.7993e+06 1.79927e+06 1.79924e+06 1.79922e+06 1.7992e+06 1.79918e+06 1.79917e+06 1.79916e+06 1.79915e+06 1.79914e+06 1.79914e+06 1.79913e+06 1.79913e+06 1.79913e+06 1.79912e+06 1.79912e+06 1.79912e+06 1.79912e+06 1.79912e+06 1.79912e+06 1.79911e+06 1.79911e+06 1.79911e+06 1.79911e+06 1.79911e+06 1.79911e+06 1.79911e+06 1.79911e+06 1.79911e+06 1.79911e+06 1.79911e+06 1.79911e+06 1.79911e+06 1.79911e+06 1.79911e+06 1.79911e+06 1.79911e+06 1.79911e+06 1.79911e+06 1.79911e+06 1.79911e+06 1.79911e+06 1.79911e+06 1.79911e+06 1.79911e+06 1.79911e+06 1.79911e+06 1.79911e+06 1.79911e+06 1.79911e+06 1.79911e+06 1.79911e+06 1.79911e+06 1.79911e+06 1.79911e+06 0 0 0 0 0 0 0 0 0 0 0 0 0 0 0 0 0 0 0 0 0 0 0 0 0
#obs cpue bio
 5382.85 7160.43 9663.48 13696.5 10683.3 10221.1 27573 29473 26395 64810.4 73635.4 93820.2 118895 94511.5 125630 168311 125447 108586 89331 144964 133270 104341 154875 155634 208179 118870 158954 130113
#pred surv len freq
 2.56668e-27 2.59784e-27 4.15432e-26 8.22396e-20 2.016e-14 5.97378e-10 2.13971e-06 0.000926412 0.048485 0.30673 0.234801 0.0369634 0.116388 0.107574 0.0283217 0.0379151 0.0177015 0.015559 0.0105362 0.0086897 0.00729899 0.00667765 0.00703224 0.00641921 0.00197928
 2.56814e-27 2.60146e-27 4.4279e-26 8.80091e-20 2.15744e-14 6.39287e-10 2.28982e-06 0.000991404 0.0518865 0.328248 0.251285 0.0403192 0.130347 0.120092 0.0242783 0.0252743 0.0097366 0.0060224 0.00330735 0.00228544 0.00166568 0.00135321 0.00129457 0.00120148 0.00040818
 2.56924e-27 2.60439e-27 4.67737e-26 9.32714e-20 2.28644e-14 6.77512e-10 2.42673e-06 0.00105068 0.054989 0.347875 0.266275 0.0405034 0.121218 0.111607 0.0217663 0.0215956 0.0073019 0.00302532 0.00121461 0.000595056 0.00033601 0.000227075 0.000188433 0.000168674 5.98243e-05
 2.56947e-27 2.60499e-27 4.72909e-26 9.43625e-20 2.31318e-14 6.85438e-10 2.45512e-06 0.00106297 0.0556322 0.351945 0.269382 0.0404781 0.118843 0.109407 0.0212378 0.0209367 0.00699015 0.00272012 0.000872622 0.000276332 9.92671e-05 4.78045e-05 3.15043e-05 2.54948e-05 9.07561e-06
 2.56925e-27 2.6044e-27 4.67494e-26 9.322e-20 2.28518e-14 6.77139e-10 2.4254e-06 0.0010501 0.0549587 0.347684 0.266133 0.0407536 0.123222 0.113425 0.0215373 0.0206062 0.00685918 0.00263824 0.000824556 0.000227818 5.21487e-05 1.41804e-05 6.05455e-06 3.98519e-06 1.36737e-06
 2.56753e-27 2.59973e-27 4.26262e-26 8.45219e-20 2.07195e-14 6.13956e-10 2.19909e-06 0.000952122 0.0498306 0.315242 0.24138 0.0419415 0.149654 0.137826 0.0260447 0.0247458 0.00814643 0.00299325 0.000926853 0.00025118 5.15427e-05 8.85932e-06 1.82054e-06 7.69447e-07 2.38804e-07
 2.56851e-27 2.60245e-27 4.50818e-26 8.97024e-20 2.19895e-14 6.51587e-10 2.33388e-06 0.00101048 0.0528848 0.334564 0.256115 0.0407588 0.130301 0.120073 0.024818 0.0264185 0.00867422 0.00312699 0.000947887 0.000247033 4.96552e-05 7.60425e-06 8.764e-07 1.5697e-07 3.75434e-08
 2.57038e-27 2.60748e-27 4.94984e-26 9.90194e-20 2.42734e-14 7.19265e-10 2.57629e-06 0.00111543 0.0583778 0.369314 0.282634 0.039806 0.104418 0.096097 0.0189105 0.0189857 0.00648985 0.00274833 0.000839313 0.000214097 4.14583e-05 6.12275e-06 5.92758e-07 4.51235e-08 5.48833e-09
 2.57038e-27 2.60741e-27 4.93609e-26 9.8729e-20 2.42022e-14 7.17155e-10 2.56873e-06 0.00111216 0.0582066 0.368231 0.281817 0.0404197 0.109662 0.100813 0.0175146 0.0145958 0.00487047 0.00191224 0.000622565 0.000180076 3.47486e-05 4.95283e-06 4.53236e-07 2.42971e-08 1.09525e-09
 2.56934e-27 2.60459e-27 4.68752e-26 9.34854e-20 2.29168e-14 6.79066e-10 2.4323e-06 0.00105309 0.0551151 0.348673 0.266894 0.0410735 0.125122 0.115111 0.0206254 0.0180787 0.0057349 0.00177969 0.000545819 0.000152432 3.29317e-05 4.92774e-06 4.36193e-07 2.11333e-08 5.23391e-10
 2.56959e-27 2.60528e-27 4.74992e-26 9.48017e-20 2.32395e-14 6.88628e-10 2.46655e-06 0.00106792 0.0558912 0.353583 0.270638 0.0407918 0.120348 0.110727 0.0202285 0.0182813 0.00585769 0.00189886 0.000534036 0.000121494 2.4583e-05 3.91778e-06 3.72614e-07 1.75242e-08 3.60115e-10
 2.56999e-27 2.60637e-27 4.8472e-26 9.6854e-20 2.37426e-14 7.03535e-10 2.51995e-06 0.00109104 0.0571011 0.361237 0.276476 0.0403939 0.113218 0.104169 0.0194673 0.0182002 0.00589566 0.00201076 0.000578122 0.000132339 2.25284e-05 3.15187e-06 3.09765e-07 1.55556e-08 3.08159e-10
 2.56997e-27 2.60628e-27 4.83471e-26 9.65904e-20 2.3678e-14 7.01621e-10 2.51309e-06 0.00108807 0.0569457 0.360254 0.275733 0.0408359 0.117104 0.107661 0.0183813 0.0148406 0.00482401 0.00169072 0.000496495 0.00011901 2.06279e-05 2.57105e-06 2.16116e-07 1.09667e-08 2.28367e-10
 2.56967e-27 2.60547e-27 4.7643e-26 9.51051e-20 2.33139e-14 6.90832e-10 2.47444e-06 0.00107134 0.05607 0.354714 0.271505 0.040972 0.121111 0.111383 0.0194949 0.016434 0.00515835 0.00151305 0.000439988 0.000108489 1.95753e-05 2.50755e-06 1.92287e-07 8.42928e-09 1.74543e-10
 2.56817e-27 2.60137e-27 4.40027e-26 8.74255e-20 2.14313e-14 6.35048e-10 2.27464e-06 0.00098483 0.0515425 0.326072 0.249652 0.04213 0.145276 0.133665 0.023105 0.0190632 0.00603011 0.00184201 0.000504927 0.000107774 1.95181e-05 2.59998e-06 2.04924e-07 8.2658e-09 1.50792e-10
 2.56819e-27 2.60148e-27 4.41524e-26 8.77414e-20 2.15087e-14 6.37342e-10 2.28285e-06 0.000988388 0.0517287 0.32725 0.250544 0.0416318 0.140858 0.129695 0.0243386 0.0228774 0.00720856 0.00213466 0.000591125 0.000127806 2.05955e-05 2.57687e-06 2.09976e-07 8.64398e-09 1.45954e-10
 2.56906e-27 2.60383e-27 4.62189e-26 9.21009e-20 2.25774e-14 6.6901e-10 2.39628e-06 0.0010375 0.0542989 0.34351 0.262952 0.0411553 0.128514 0.118262 0.0215615 0.0194318 0.00631739 0.00219233 0.000611587 0.000129406 2.1098e-05 2.46188e-06 1.8364e-07 7.68394e-09 1.3119e-10
 2.56938e-27 2.60469e-27 4.69487e-26 9.36402e-20 2.29548e-14 6.80191e-10 2.43633e-06 0.00105484 0.0552064 0.349251 0.267336 0.0411632 0.125494 0.115426 0.0201704 0.0169651 0.00544913 0.00180136 0.000529238 0.000127239 2.07226e-05 2.40409e-06 1.70308e-07 6.55477e-09 1.11909e-10
 2.56955e-27 2.60513e-27 4.73447e-26 9.44756e-20 2.31596e-14 6.86259e-10 2.45807e-06 0.00106425 0.0556989 0.352367 0.269713 0.041037 0.122863 0.113005 0.0198539 0.0168472 0.00532765 0.0016246 0.000464116 0.000109276 1.97094e-05 2.4253e-06 1.70156e-07 6.23576e-09 9.90416e-11
 2.56967e-27 2.60545e-27 4.76016e-26 9.50175e-20 2.32924e-14 6.90195e-10 2.47216e-06 0.00107035 0.0560184 0.354388 0.271259 0.0411736 0.122817 0.112913 0.0189503 0.0148074 0.00467653 0.00142454 0.000395419 8.64957e-05 1.51057e-05 1.96697e-06 1.49742e-07 5.48573e-09 8.30483e-11
 2.56979e-27 2.60578e-27 4.78838e-26 9.56129e-20 2.34384e-14 6.9452e-10 2.48766e-06 0.00107706 0.0563694 0.356608 0.272953 0.041111 0.121151 0.111374 0.018657 0.0145204 0.00450553 0.00124282 0.000340621 7.37395e-05 1.21355e-05 1.49972e-06 1.18212e-07 4.67439e-09 7.13606e-11
 2.57005e-27 2.60646e-27 4.84795e-26 9.68696e-20 2.37464e-14 7.03649e-10 2.52035e-06 0.00109122 0.0571103 0.361295 0.276531 0.0410368 0.118072 0.108509 0.0177215 0.0131066 0.00405602 0.00110531 0.000292852 5.82975e-05 9.41986e-06 1.11346e-06 8.28147e-08 3.35162e-09 5.45807e-11
 2.57013e-27 2.60666e-27 4.86423e-26 9.7213e-20 2.38306e-14 7.06143e-10 2.52929e-06 0.00109508 0.0573127 0.362576 0.27751 0.0411052 0.117904 0.108329 0.0172263 0.0120195 0.00367753 0.000939468 0.000245769 4.79179e-05 7.23853e-06 8.10521e-07 5.77591e-08 2.21766e-09 3.66895e-11
 2.57022e-27 2.60692e-27 4.88865e-26 9.77281e-20 2.39569e-14 7.09884e-10 2.54269e-06 0.00110089 0.0576164 0.364497 0.278974 0.0408852 0.115202 0.105872 0.0174478 0.0131417 0.00399496 0.000966916 0.000246234 4.54116e-05 6.70932e-06 7.12247e-07 4.73593e-08 1.72942e-09 2.73463e-11
 2.57028e-27 2.60706e-27 4.90036e-26 9.79751e-20 2.40174e-14 7.11679e-10 2.54912e-06 0.00110367 0.0577621 0.365419 0.279678 0.0409528 0.115221 0.105863 0.0169689 0.0120543 0.00370555 0.000971822 0.000246727 4.31873e-05 6.07668e-06 6.17453e-07 3.90274e-08 1.32711e-09 1.98407e-11
 2.57036e-27 2.60728e-27 4.91777e-26 9.83424e-20 2.41074e-14 7.14347e-10 2.55867e-06 0.00110781 0.0579786 0.366788 0.280725 0.0410073 0.114901 0.105544 0.0164891 0.0110373 0.00334991 0.000814861 0.000209239 3.90287e-05 5.36009e-06 5.14237e-07 3.07845e-08 9.90464e-10 1.38099e-11
 2.57014e-27 2.6067e-27 4.86822e-26 9.72972e-20 2.38512e-14 7.06754e-10 2.53148e-06 0.00109603 0.0573624 0.36289 0.277749 0.0410402 0.117242 0.107734 0.0173994 0.0125607 0.00378928 0.000872893 0.000217553 3.83255e-05 5.45298e-06 5.32432e-07 3.0186e-08 9.14121e-10 1.20062e-11
 2.57027e-27 2.60704e-27 4.89737e-26 9.79119e-20 2.40019e-14 7.1122e-10 2.54747e-06 0.00110296 0.0577248 0.365183 0.279499 0.0409988 0.115697 0.106295 0.0169144 0.0118192 0.00360232 0.000894889 0.000222475 3.71472e-05 5.02303e-06 4.85934e-07 2.82727e-08 8.21226e-10 1.01283e-11
#obs surv len freq
 1.64148e-41 2.27827e-33 3.82226e-26 7.75147e-20 1.90018e-14 5.63059e-10 2.01679e-06 0.000873198 0.0456997 0.28911 0.221502 0.0442513 0.164169 0.139542 0.0432717 0.0351521 0.0115243 0.00394342 0.0008447 0.000108339 6.09035e-06 1.08732e-07 4.55982e-10 3.59862e-13 4.62795e-17
 1.90503e-41 2.64406e-33 4.43596e-26 8.99603e-20 2.20527e-14 6.53462e-10 2.3406e-06 0.0010134 0.0530372 0.335529 0.256959 0.0440525 0.13226 0.106383 0.0336954 0.0256878 0.00816384 0.00262995 0.000524085 5.93047e-05 2.76447e-06 3.85107e-08 1.2079e-10 6.95127e-14 6.42044e-18
 1.92343e-41 2.66959e-33 4.4788e-26 9.08291e-20 2.22657e-14 6.59773e-10 2.3632e-06 0.00102318 0.0535494 0.338769 0.259518 0.0470969 0.141467 0.106481 0.0272738 0.017498 0.00537929 0.0016162 0.000295857 2.94083e-05 1.13503e-06 1.23354e-08 2.89115e-11 1.2115e-14 8.03142e-19
 1.964e-41 2.72591e-33 4.57327e-26 9.27451e-20 2.27354e-14 6.73691e-10 2.41305e-06 0.00104477 0.054679 0.345915 0.265037 0.048728 0.13897 0.0985398 0.0264712 0.0157083 0.00378879 0.000944979 0.000156401 1.34692e-05 4.27746e-07 3.62717e-09 6.36655e-12 1.94596e-15 9.26551e-20
 1.76714e-41 2.45267e-33 4.11486e-26 8.34485e-20 2.04564e-14 6.06161e-10 2.17117e-06 0.000940042 0.0491981 0.311242 0.238754 0.0548972 0.175751 0.116883 0.0307689 0.0167367 0.00390622 0.00081114 0.000101598 7.2176e-06 1.85999e-07 1.22506e-09 1.61279e-12 3.60827e-16 1.23798e-20
 1.45586e-41 2.02064e-33 3.39005e-26 6.87495e-20 1.68531e-14 4.99389e-10 1.78873e-06 0.000774458 0.0405321 0.25642 0.197165 0.0625279 0.220827 0.139968 0.0485597 0.0263366 0.00570469 0.00106705 0.000110046 5.68909e-06 1.10862e-07 5.57971e-10 5.49082e-13 9.00552e-17 2.23413e-21
 2.08715e-41 2.89682e-33 4.86002e-26 9.85602e-20 2.41609e-14 7.15931e-10 2.56435e-06 0.00111027 0.0581073 0.367605 0.281747 0.0503183 0.112627 0.0692507 0.0343759 0.0190002 0.00488672 0.000886765 7.85149e-05 3.14174e-06 4.30286e-08 1.54221e-10 1.10737e-13 1.32402e-17 2.37528e-22
 1.98421e-41 2.75395e-33 4.62032e-26 9.36992e-20 2.29693e-14 6.80621e-10 2.43787e-06 0.00105551 0.0552415 0.349476 0.268251 0.0602285 0.151993 0.0818866 0.0193152 0.00895311 0.002954 0.000589677 5.24391e-05 1.73187e-06 1.745e-08 4.29766e-11 2.1192e-14 1.78223e-18 2.27977e-23
 2.01692e-41 2.79935e-33 4.69649e-26 9.52439e-20 2.33479e-14 6.91842e-10 2.47806e-06 0.00107292 0.0561522 0.355238 0.272775 0.0617928 0.14505 0.0744749 0.022839 0.0087454 0.00153366 0.000293687 2.88502e-05 9.03346e-07 7.32081e-09 1.29944e-11 4.38358e-15 2.49278e-19 2.18187e-24
 1.73044e-41 2.40174e-33 4.02942e-26 8.17158e-20 2.00317e-14 5.93575e-10 2.12609e-06 0.000920523 0.0481765 0.304785 0.234885 0.0761906 0.198992 0.0951925 0.0283991 0.0103075 0.00190013 0.000231225 1.69671e-05 5.20007e-07 3.77982e-09 5.31882e-12 1.30288e-15 5.13204e-20 3.05089e-25
 2.0141e-41 2.79544e-33 4.68993e-26 9.51108e-20 2.33153e-14 6.90875e-10 2.4746e-06 0.00107142 0.0560737 0.354744 0.272782 0.0668052 0.140053 0.0667371 0.0295005 0.0102515 0.00176956 0.000199377 1.03174e-05 2.18953e-07 1.35193e-09 1.61754e-12 3.13559e-16 9.17161e-21 3.87786e-26
 1.84907e-41 2.56639e-33 4.30565e-26 8.73177e-20 2.14049e-14 6.34266e-10 2.27184e-06 0.000983628 0.0514792 0.325682 0.251358 0.0816442 0.180205 0.0755197 0.0232271 0.00799775 0.00171232 0.000179703 7.89902e-06 1.18575e-07 4.91127e-10 4.44316e-13 6.88511e-17 1.58416e-21 5.08377e-27
 1.92542e-41 2.67236e-33 4.48344e-26 9.09233e-20 2.22888e-14 6.60457e-10 2.36565e-06 0.00102424 0.0536049 0.339132 0.261784 0.0809257 0.160669 0.0670716 0.0268033 0.00758751 0.00125097 0.000138409 5.83204e-06 7.03334e-08 2.05635e-10 1.23543e-13 1.3302e-17 2.26332e-22 5.52409e-28
 1.62298e-41 2.25259e-33 3.77918e-26 7.66411e-20 1.87877e-14 5.56713e-10 1.99405e-06 0.000863357 0.0451847 0.285873 0.222565 0.104329 0.216784 0.0835978 0.0304804 0.00871057 0.00147805 0.000126484 4.74456e-06 5.16052e-08 1.19412e-10 5.13309e-14 3.73166e-18 4.25285e-23 7.14879e-29
 1.47777e-41 2.05105e-33 3.44107e-26 6.97841e-20 1.71068e-14 5.06904e-10 1.81565e-06 0.000786113 0.0411421 0.260307 0.203955 0.113403 0.22469 0.0944094 0.0470591 0.0121803 0.00190649 0.000154936 4.65862e-06 4.06777e-08 7.84071e-11 2.659e-14 1.42192e-18 1.13383e-23 1.29614e-29
 1.72145e-41 2.38926e-33 4.00848e-26 8.12913e-20 1.99276e-14 5.90491e-10 2.11504e-06 0.000915741 0.0479262 0.303226 0.236492 0.102954 0.176631 0.0760703 0.0412363 0.012287 0.00210351 0.000150776 3.91956e-06 2.70166e-08 3.95322e-11 1.04042e-14 4.3134e-19 2.59029e-24 2.15447e-30
 1.68322e-41 2.3362e-33 3.91946e-26 7.94858e-20 1.9485e-14 5.77377e-10 2.06807e-06 0.000895402 0.0468618 0.296507 0.232821 0.118662 0.191998 0.0703742 0.0306384 0.00934719 0.00175717 0.00013178 2.99309e-06 1.66802e-08 1.87836e-11 3.66218e-15 1.12121e-19 5.02522e-25 3.12813e-31
 1.69742e-41 2.35591e-33 3.95253e-26 8.01564e-20 1.96494e-14 5.82248e-10 2.08552e-06 0.000902957 0.0472572 0.299021 0.235707 0.123932 0.184776 0.0696374 0.030184 0.00726686 0.00121788 9.28235e-05 2.02541e-06 9.59162e-09 8.45427e-12 1.24379e-15 2.80324e-20 9.1112e-26 4.10163e-32
 1.65406e-41 2.29572e-33 3.85155e-26 7.81086e-20 1.91474e-14 5.67373e-10 2.03224e-06 0.000879888 0.0460499 0.291404 0.231523 0.135578 0.188497 0.0693736 0.0289544 0.00674457 0.00093299 5.87828e-05 1.16698e-06 4.9099e-09 3.57725e-12 4.08654e-16 6.89665e-21 1.64686e-26 5.38047e-33
 1.75142e-41 2.43086e-33 4.07827e-26 8.27065e-20 2.02745e-14 6.00772e-10 2.15187e-06 0.000931684 0.0487607 0.308569 0.245287 0.133687 0.167904 0.0629603 0.0255894 0.00557683 0.000695785 3.53218e-05 5.4979e-07 1.9114e-09 1.15774e-12 1.06688e-16 1.39937e-21 2.51826e-27 6.07177e-34
 1.70999e-41 2.37336e-33 3.9818e-26 8.07501e-20 1.97949e-14 5.8656e-10 2.10096e-06 0.000909645 0.0476074 0.301308 0.242082 0.148079 0.172861 0.0599138 0.0220718 0.00462433 0.00051933 2.21294e-05 2.65807e-07 6.93416e-10 3.22894e-13 2.33174e-17 2.39394e-22 3.32763e-28 6.09208e-35
 1.72446e-41 2.39344e-33 4.01549e-26 8.14334e-20 1.99624e-14 5.91524e-10 2.11874e-06 0.000917342 0.0480103 0.303893 0.245766 0.153027 0.16481 0.0589876 0.0204545 0.00374738 0.000371929 1.34387e-05 1.2755e-07 2.48908e-10 8.45688e-14 4.47647e-18 3.41978e-23 3.57689e-29 4.94561e-36
 1.71649e-41 2.38237e-33 3.99693e-26 8.10569e-20 1.98701e-14 5.88788e-10 2.10894e-06 0.0009131 0.0477884 0.30254 0.24712 0.161618 0.160974 0.0568458 0.0186961 0.00322413 0.000270858 8.01593e-06 6.05005e-08 8.98951e-11 2.24772e-14 8.58254e-19 4.69868e-24 3.53329e-30 3.53935e-37
 1.74982e-41 2.42863e-33 4.07454e-26 8.26307e-20 2.0256e-14 6.00221e-10 2.14989e-06 0.00093083 0.0487164 0.308466 0.25373 0.165331 0.151329 0.0526859 0.0160609 0.00255515 0.000188068 4.49643e-06 2.62324e-08 2.96044e-11 5.51226e-15 1.53793e-19 6.06574e-25 3.25677e-31 2.3194e-38
 1.6823e-41 2.33492e-33 3.91732e-26 7.94424e-20 1.94744e-14 5.77061e-10 2.06694e-06 0.000894914 0.046837 0.296677 0.248924 0.181325 0.155397 0.0527995 0.0148529 0.0021505 0.000136783 2.67873e-06 1.20719e-08 1.01704e-11 1.39639e-15 2.85303e-20 8.17789e-26 3.16645e-32 1.61544e-39
 1.59376e-41 2.21203e-33 3.71114e-26 7.52612e-20 1.84494e-14 5.46689e-10 1.95815e-06 0.000847813 0.0443723 0.281216 0.241919 0.196688 0.160478 0.0572575 0.0151444 0.00196704 0.000106511 1.6919e-06 5.92669e-09 3.74855e-12 3.7751e-16 5.59401e-21 1.15796e-26 3.23115e-33 1.18544e-40
 1.59529e-41 2.21416e-33 3.71471e-26 7.53335e-20 1.84671e-14 5.47215e-10 1.96003e-06 0.000848628 0.0444154 0.281613 0.245496 0.199515 0.153893 0.057536 0.0148081 0.00178949 8.1966e-05 1.04222e-06 2.81785e-09 1.34085e-12 9.96845e-17 1.07514e-21 1.60444e-27 3.20991e-34 8.42169e-42
 1.63476e-41 2.26894e-33 3.80662e-26 7.71975e-20 1.89241e-14 5.60755e-10 2.00853e-06 0.000869625 0.0455149 0.28871 0.254005 0.199591 0.143532 0.0530069 0.0131914 0.00151613 6.04707e-05 6.17773e-07 1.27973e-09 4.55562e-13 2.49765e-17 1.96669e-22 2.12622e-28 3.06281e-35 5.75823e-43
#pred catch len freq
 2.56505e-27 2.59348e-27 3.77792e-26 7.42995e-20 1.82136e-14 5.39702e-10 1.93312e-06 0.000836969 0.0438039 0.277116 0.212193 0.037282 0.134696 0.124542 0.0326137 0.0434882 0.0202579 0.0177512 0.0120109 0.00990178 0.00831606 0.00760792 0.00801187 0.00731343 0.002255
 2.56686e-27 2.59799e-27 4.12279e-26 8.15726e-20 1.99965e-14 5.92533e-10 2.12235e-06 0.000918899 0.0480918 0.304242 0.232967 0.0410619 0.148869 0.137199 0.0275677 0.0284856 0.0109546 0.00674996 0.00370368 0.00255806 0.00186412 0.00151437 0.00144874 0.00134456 0.00045679
 2.5678e-27 2.60049e-27 4.33321e-26 8.60112e-20 2.10846e-14 6.24774e-10 2.23784e-06 0.000968898 0.0507086 0.320797 0.245613 0.041438 0.142848 0.131581 0.0255562 0.0252185 0.00851724 0.00351474 0.00140989 0.000690302 0.00038973 0.000263368 0.000218549 0.000195631 6.93856e-05
 2.56809e-27 2.60125e-27 4.39906e-26 8.74002e-20 2.14251e-14 6.34864e-10 2.27398e-06 0.000984545 0.0515275 0.325977 0.249569 0.0413945 0.139738 0.128701 0.024873 0.0243769 0.00812985 0.00315081 0.00101002 0.000319615 0.000114793 5.52784e-05 3.64294e-05 2.94805e-05 1.04944e-05
 2.56797e-27 2.60092e-27 4.3674e-26 8.67323e-20 2.12614e-14 6.30013e-10 2.2566e-06 0.000977022 0.0511338 0.323486 0.24767 0.0416341 0.142895 0.131585 0.0248578 0.0236131 0.00785124 0.00300729 0.00093919 0.000259307 5.93449e-05 1.61359e-05 6.8894e-06 4.5347e-06 1.55591e-06
 2.56631e-27 2.59642e-27 3.96947e-26 7.83377e-20 1.92035e-14 5.69036e-10 2.03819e-06 0.000882458 0.0461847 0.292177 0.223782 0.0428017 0.168564 0.155278 0.029161 0.0274638 0.00903101 0.003304 0.00102227 0.000276839 5.67971e-05 9.76168e-06 2.00593e-06 8.47798e-07 2.63121e-07
 2.56717e-27 2.59882e-27 4.18851e-26 8.29587e-20 2.03363e-14 6.02602e-10 2.15842e-06 0.000934513 0.048909 0.309412 0.236923 0.0416111 0.150271 0.138523 0.0284691 0.0301066 0.00987489 0.00354494 0.00107376 0.000279635 5.61973e-05 8.60545e-06 9.91769e-07 1.77632e-07 4.24854e-08
 2.56919e-27 2.60424e-27 4.66342e-26 9.29772e-20 2.27922e-14 6.75374e-10 2.41908e-06 0.00104737 0.0548155 0.346778 0.265439 0.0405931 0.122489 0.112785 0.0220782 0.0220161 0.00751651 0.00317018 0.000967478 0.000246613 4.77452e-05 7.05067e-06 6.82579e-07 5.19608e-08 6.31993e-09
 2.56913e-27 2.604e-27 4.63442e-26 9.2365e-20 2.26422e-14 6.70928e-10 2.40315e-06 0.00104047 0.0544546 0.344495 0.263707 0.0413425 0.129408 0.119027 0.0205969 0.0170448 0.00568119 0.00222145 0.000722681 0.000208893 4.0302e-05 5.74391e-06 5.25616e-07 2.81771e-08 1.27015e-09
 2.56824e-27 2.60159e-27 4.42187e-26 8.78811e-20 2.1543e-14 6.38358e-10 2.28649e-06 0.000989963 0.0518111 0.327771 0.250946 0.0418886 0.14253 0.131169 0.0233659 0.0202882 0.00642947 0.00198646 0.00060869 0.000169869 3.66917e-05 5.48997e-06 4.85951e-07 2.35439e-08 5.83092e-10
 2.56831e-27 2.60181e-27 4.44233e-26 8.83129e-20 2.16488e-14 6.41494e-10 2.29772e-06 0.000994827 0.0520656 0.329382 0.252173 0.0417077 0.140291 0.12913 0.0234806 0.0210685 0.0067443 0.00217708 0.000611808 0.000139082 2.81357e-05 4.48363e-06 4.26422e-07 2.00547e-08 4.12115e-10
 2.56901e-27 2.60371e-27 4.61222e-26 9.18969e-20 2.25274e-14 6.67528e-10 2.39097e-06 0.0010352 0.0541786 0.342749 0.26237 0.041094 0.128456 0.118231 0.0219458 0.0203154 0.0065737 0.00223212 0.00064126 0.000146682 2.49649e-05 3.49243e-06 3.43228e-07 1.72359e-08 3.41447e-10
 2.56894e-27 2.60347e-27 4.58541e-26 9.13311e-20 2.23887e-14 6.63418e-10 2.37625e-06 0.00102883 0.0538451 0.340639 0.260767 0.0416258 0.13363 0.122899 0.0208675 0.0166773 0.00541487 0.00188954 0.000554446 0.000132803 2.3014e-05 2.8682e-06 2.41088e-07 1.22338e-08 2.54752e-10
 2.56875e-27 2.60297e-27 4.54228e-26 9.04212e-20 2.21657e-14 6.56809e-10 2.35258e-06 0.00101858 0.0533086 0.337245 0.258177 0.0416753 0.135827 0.124954 0.0217259 0.0181067 0.00567773 0.00165784 0.000481652 0.000118674 2.14088e-05 2.74219e-06 2.10275e-07 9.21775e-09 1.9087e-10
 2.56725e-27 2.59887e-27 4.17875e-26 8.27522e-20 2.02857e-14 6.01101e-10 2.15304e-06 0.000932186 0.0487873 0.308642 0.236354 0.0428462 0.160069 0.147303 0.0252862 0.0206054 0.006511 0.00197979 0.000542238 0.000115647 2.09393e-05 2.78907e-06 2.19823e-07 8.86671e-09 1.61754e-10
 2.56733e-27 2.59916e-27 4.2096e-26 8.34034e-20 2.04453e-14 6.05832e-10 2.16999e-06 0.000939522 0.0491712 0.31107 0.2382 0.0422669 0.154365 0.142153 0.0264557 0.0245705 0.00773419 0.00227969 0.000630731 0.000136264 2.19539e-05 2.74657e-06 2.23799e-07 9.21295e-09 1.55561e-10
 2.5682e-27 2.6015e-27 4.41499e-26 8.77362e-20 2.15075e-14 6.37305e-10 2.28272e-06 0.00098833 0.0517256 0.327231 0.250532 0.0417975 0.142128 0.130819 0.023668 0.021077 0.00684417 0.00236435 0.000659069 0.000139345 2.27135e-05 2.65015e-06 1.97679e-07 8.27131e-09 1.41219e-10
 2.56845e-27 2.60216e-27 4.47091e-26 8.89157e-20 2.17966e-14 6.45872e-10 2.31341e-06 0.00100162 0.052421 0.33163 0.253892 0.0418722 0.140335 0.129112 0.0224121 0.0186342 0.00597857 0.00196748 0.000577561 0.000138754 2.25936e-05 2.62092e-06 1.85664e-07 7.14572e-09 1.21998e-10
 2.56878e-27 2.60305e-27 4.54923e-26 9.0568e-20 2.22016e-14 6.57874e-10 2.3564e-06 0.00102023 0.0533951 0.337792 0.258594 0.0416326 0.135208 0.124387 0.0216872 0.0181639 0.00573781 0.00174153 0.00049708 0.000116949 2.10889e-05 2.59484e-06 1.82046e-07 6.67146e-09 1.05961e-10
 2.56891e-27 2.60338e-27 4.57575e-26 9.11273e-20 2.23387e-14 6.61937e-10 2.37095e-06 0.00102653 0.0537249 0.339878 0.260189 0.0417834 0.135235 0.124359 0.0207251 0.0159744 0.00503953 0.00152797 0.000423765 9.26242e-05 1.61725e-05 2.1057e-06 1.603e-07 5.87248e-09 8.8903e-11
 2.56912e-27 2.60394e-27 4.62487e-26 9.21635e-20 2.25928e-14 6.69464e-10 2.39791e-06 0.0010382 0.0543358 0.343743 0.263138 0.0416588 0.132215 0.12157 0.020214 0.0155048 0.00480595 0.00131941 0.000361272 7.81494e-05 1.28585e-05 1.58892e-06 1.2524e-07 4.95227e-09 7.56027e-11
 2.56945e-27 2.60483e-27 4.7023e-26 9.37968e-20 2.29932e-14 6.81329e-10 2.4404e-06 0.0010566 0.0552987 0.349835 0.267788 0.0415358 0.128012 0.117667 0.0190755 0.0138894 0.00429363 0.00116447 0.000308238 6.13116e-05 9.90463e-06 1.17066e-06 8.70665e-08 3.52367e-09 5.73825e-11
 2.56937e-27 2.6046e-27 4.6804e-26 9.33348e-20 2.28799e-14 6.77972e-10 2.42838e-06 0.0010514 0.0550263 0.348112 0.266475 0.0417324 0.130431 0.119871 0.0189446 0.0130328 0.00398362 0.00101292 0.00026473 5.15741e-05 7.7891e-06 8.72087e-07 6.21448e-08 2.38603e-09 3.9475e-11
 2.56955e-27 2.60509e-27 4.72614e-26 9.42999e-20 2.31165e-14 6.84982e-10 2.45349e-06 0.00106227 0.0555953 0.351711 0.269219 0.0414338 0.126231 0.116034 0.0189871 0.0140939 0.00428036 0.0010311 0.000262317 4.83391e-05 7.14017e-06 7.57912e-07 5.03944e-08 1.84024e-09 2.90986e-11
 2.56972e-27 2.60554e-27 4.76446e-26 9.51081e-20 2.33146e-14 6.90854e-10 2.47452e-06 0.00107137 0.0560718 0.354726 0.271521 0.041425 0.124547 0.114453 0.0182132 0.0127296 0.00390895 0.00102024 0.000258778 4.52601e-05 6.3668e-06 6.46868e-07 4.08855e-08 1.39028e-09 2.07851e-11
 2.56965e-27 2.60534e-27 4.74574e-26 9.47131e-20 2.32178e-14 6.87984e-10 2.46424e-06 0.00106692 0.0558389 0.353252 0.270399 0.0416022 0.126683 0.116398 0.0180745 0.0119205 0.00361443 0.000875084 0.00022448 4.18384e-05 5.74468e-06 5.51078e-07 3.2989e-08 1.06138e-09 1.47987e-11
 2.56953e-27 2.60503e-27 4.71912e-26 9.41516e-20 2.30801e-14 6.83906e-10 2.44964e-06 0.0010606 0.0555079 0.351158 0.268799 0.0415537 0.127438 0.117127 0.018782 0.0133492 0.00402336 0.000922397 0.000229653 4.04244e-05 5.75024e-06 5.61402e-07 3.18276e-08 9.63825e-10 1.2659e-11
 2.56913e-27 2.60394e-27 4.62225e-26 9.21081e-20 2.25792e-14 6.69062e-10 2.39647e-06 0.00103758 0.0543031 0.343536 0.262985 0.0419143 0.134268 0.12341 0.0195582 0.0135403 0.0041235 0.00101994 0.000253339 4.22675e-05 5.71402e-06 5.52724e-07 3.21578e-08 9.34067e-10 1.15199e-11
#obs catch len freq
 1.6273e-41 2.25859e-33 3.78925e-26 7.68452e-20 1.88377e-14 5.58195e-10 1.99937e-06 0.000865656 0.045305 0.286613 0.219597 0.0443069 0.165765 0.140929 0.043937 0.0357986 0.0117927 0.00407314 0.000890535 0.000117954 6.92974e-06 1.29435e-07 5.65091e-10 4.62174e-13 6.13919e-17
 1.64879e-41 2.28841e-33 3.83928e-26 7.78598e-20 1.90864e-14 5.65565e-10 2.02576e-06 0.000877085 0.0459032 0.290397 0.222549 0.0463317 0.167727 0.135043 0.0431503 0.0330743 0.010673 0.00348265 0.000703877 8.15832e-05 3.93952e-06 5.71746e-08 1.86436e-10 1.10964e-13 1.05513e-17
 1.9173e-41 2.66108e-33 4.46452e-26 9.05395e-20 2.21947e-14 6.57669e-10 2.35566e-06 0.00101992 0.0533786 0.337689 0.258667 0.0458136 0.134121 0.101939 0.0333127 0.0238429 0.00746044 0.00228155 0.000426251 4.31788e-05 1.71047e-06 1.9205e-08 4.65791e-11 2.01484e-14 1.37334e-18
 1.94166e-41 2.6949e-33 4.52125e-26 9.16901e-20 2.24767e-14 6.66027e-10 2.3856e-06 0.00103288 0.0540569 0.341981 0.26204 0.0490198 0.142221 0.100747 0.0264269 0.0160007 0.00484172 0.00137417 0.000234355 2.06618e-05 6.7056e-07 5.82466e-09 1.04999e-11 3.29689e-15 1.61003e-19
 1.98823e-41 2.75953e-33 4.62968e-26 9.38891e-20 2.30158e-14 6.82e-10 2.44281e-06 0.00105765 0.0553534 0.350182 0.268373 0.0506525 0.138455 0.0922271 0.0254095 0.0140604 0.00331047 0.000785936 0.000120421 9.11655e-06 2.41072e-07 1.62086e-09 2.17674e-12 4.97032e-16 1.74041e-20
 1.79847e-41 2.49616e-33 4.18782e-26 8.49282e-20 2.08192e-14 6.1691e-10 2.20967e-06 0.000956711 0.0500704 0.316762 0.243082 0.0574764 0.174539 0.108819 0.0293449 0.0148436 0.00336883 0.000653611 7.59417e-05 4.72581e-06 1.00518e-07 5.21149e-10 5.22349e-13 8.70414e-17 2.19248e-21
 1.495e-41 2.07497e-33 3.48118e-26 7.05977e-20 1.73062e-14 5.12814e-10 1.83682e-06 0.000795279 0.0416217 0.263314 0.202601 0.066109 0.219354 0.130599 0.0466147 0.0231891 0.00487186 0.000845863 7.94485e-05 3.58233e-06 5.75157e-08 2.26619e-10 1.69037e-13 2.05895e-17 3.74353e-22
 2.12185e-41 2.94498e-33 4.94082e-26 1.00199e-19 2.45626e-14 7.27834e-10 2.60698e-06 0.00112873 0.0590734 0.373717 0.286508 0.0520323 0.109839 0.0638407 0.0325486 0.0164729 0.00410171 0.000678656 5.41432e-05 1.86089e-06 2.08899e-08 5.85671e-11 3.17956e-14 2.81635e-18 3.69654e-23
 2.02388e-41 2.80902e-33 4.71271e-26 9.55728e-20 2.34286e-14 6.94231e-10 2.48662e-06 0.00107662 0.0563461 0.356465 0.273732 0.0624736 0.147336 0.0740094 0.0177874 0.00780754 0.00248017 0.000448447 3.51782e-05 9.82514e-07 8.02752e-09 1.54083e-11 5.74217e-15 3.5739e-19 3.34e-24
 2.05932e-41 2.8582e-33 4.79522e-26 9.7246e-20 2.38387e-14 7.06385e-10 2.53016e-06 0.00109547 0.0573325 0.362706 0.278635 0.0639286 0.139564 0.0670658 0.0208979 0.00727998 0.00124888 0.000223115 1.90155e-05 4.93994e-07 3.19935e-09 4.39567e-12 1.11834e-15 4.70587e-20 3.00822e-25
 1.78205e-41 2.47337e-33 4.1496e-26 8.41529e-20 2.06291e-14 6.11278e-10 2.1895e-06 0.000947977 0.0496134 0.313877 0.242092 0.0794788 0.191873 0.085869 0.0259316 0.00862364 0.00151207 0.000168078 1.10658e-05 2.78987e-07 1.59579e-09 1.72075e-12 3.1651e-16 9.21605e-21 4.00273e-26
 2.06246e-41 2.86256e-33 4.80254e-26 9.73945e-20 2.38751e-14 7.07463e-10 2.53402e-06 0.00109714 0.0574201 0.363263 0.279491 0.0688997 0.133205 0.0600989 0.0266026 0.00839759 0.00137695 0.000139372 6.31164e-06 1.12048e-07 5.43999e-10 4.94211e-13 7.148e-17 1.54122e-21 4.75891e-27
 1.90372e-41 2.64224e-33 4.43291e-26 8.98985e-20 2.20376e-14 6.53013e-10 2.33899e-06 0.0010127 0.0530007 0.335311 0.259026 0.0844623 0.171108 0.0672248 0.0207528 0.00664826 0.00132441 0.000123276 4.66388e-06 5.76116e-08 1.8858e-10 1.29748e-13 1.49373e-17 2.5233e-22 5.90165e-28
 1.98048e-41 2.74878e-33 4.61164e-26 9.35231e-20 2.29261e-14 6.79342e-10 2.43329e-06 0.00105353 0.0551377 0.348832 0.269513 0.0833217 0.15142 0.0599297 0.0236334 0.00610374 0.000955562 9.38144e-05 3.32687e-06 3.25339e-08 7.44504e-11 3.40126e-14 2.72305e-18 3.39451e-23 6.02006e-29
 1.68693e-41 2.34135e-33 3.92809e-26 7.96609e-20 1.95279e-14 5.78649e-10 2.07263e-06 0.000897375 0.0469651 0.297142 0.231718 0.108132 0.205084 0.0748957 0.0268772 0.00709168 0.00110774 8.41322e-05 2.66846e-06 2.31867e-08 4.15174e-11 1.34966e-14 7.2878e-19 6.08663e-24 7.42613e-30
 1.54668e-41 2.14669e-33 3.60152e-26 7.30382e-20 1.79044e-14 5.30542e-10 1.90031e-06 0.00082277 0.0430605 0.272451 0.213922 0.117797 0.212874 0.0864099 0.0413129 0.00982432 0.00141979 0.000100778 2.53361e-06 1.76909e-08 2.6207e-11 6.67421e-15 2.64211e-19 1.54304e-24 1.28127e-30
 1.78886e-41 2.48282e-33 4.16545e-26 8.44744e-20 2.07079e-14 6.13613e-10 2.19786e-06 0.000951599 0.0498029 0.315106 0.246163 0.105826 0.165353 0.0694114 0.0358363 0.00992529 0.00152497 9.49308e-05 2.04136e-06 1.11408e-08 1.25005e-11 2.46345e-15 7.53252e-20 3.30561e-25 1.99632e-31
 1.75178e-41 2.43135e-33 4.0791e-26 8.27233e-20 2.02787e-14 6.00893e-10 2.1523e-06 0.000931873 0.0487706 0.308593 0.242821 0.121588 0.17872 0.0632114 0.0264435 0.00756404 0.00127232 8.12751e-05 1.50549e-06 6.59229e-09 5.65658e-12 8.23318e-16 1.85554e-20 6.06384e-26 2.73529e-32
 1.76688e-41 2.45231e-33 4.11426e-26 8.34364e-20 2.04535e-14 6.06073e-10 2.17086e-06 0.000939906 0.049191 0.311268 0.245921 0.126486 0.171278 0.0626829 0.0255502 0.00574982 0.000873811 5.64014e-05 9.88313e-07 3.63223e-09 2.42464e-12 2.6531e-16 4.39172e-21 1.03937e-26 3.38616e-33
 1.72557e-41 2.39498e-33 4.01808e-26 8.14858e-20 1.99753e-14 5.91904e-10 2.12011e-06 0.000917932 0.048041 0.30402 0.242195 0.137992 0.1742 0.062333 0.0243589 0.00525475 0.000649976 3.49186e-05 5.54123e-07 1.79074e-09 9.79993e-13 8.28792e-17 1.02474e-21 1.7791e-27 4.20273e-34
 1.82145e-41 2.52806e-33 4.24134e-26 8.60135e-20 2.10852e-14 6.24793e-10 2.23791e-06 0.000968936 0.0507104 0.320924 0.255764 0.135162 0.154146 0.0563166 0.02124 0.00427439 0.000470914 2.01399e-05 2.50663e-07 6.67471e-10 3.01906e-13 2.04917e-17 1.96272e-22 2.56343e-28 4.46474e-35
 1.78146e-41 2.47254e-33 4.14821e-26 8.41248e-20 2.06222e-14 6.11074e-10 2.18877e-06 0.00094766 0.049597 0.313925 0.252981 0.149206 0.158092 0.0531971 0.0181964 0.00350041 0.000343666 1.21877e-05 1.16072e-07 2.31462e-10 8.03344e-14 4.25898e-18 3.18253e-23 3.20268e-29 4.2291e-36
 1.79601e-41 2.49275e-33 4.1821e-26 8.48121e-20 2.07907e-14 6.16066e-10 2.20665e-06 0.000955403 0.0500023 0.316532 0.256801 0.153535 0.150323 0.0521975 0.016618 0.00278672 0.000240382 7.14958e-06 5.33294e-08 7.91316e-11 1.99952e-14 7.75841e-19 4.30495e-24 3.252e-30 3.23596e-37
 1.7889e-41 2.48288e-33 4.16555e-26 8.44765e-20 2.07084e-14 6.13628e-10 2.19792e-06 0.000951623 0.0498046 0.315342 0.258451 0.161471 0.146361 0.0500214 0.0150689 0.00235174 0.000170142 4.1184e-06 2.42481e-08 2.72467e-11 5.05082e-15 1.41142e-19 5.60653e-25 3.04119e-31 2.1889e-38
 1.82126e-41 2.52778e-33 4.24088e-26 8.60042e-20 2.10829e-14 6.24726e-10 2.23767e-06 0.000968833 0.0507055 0.321107 0.265038 0.164364 0.137068 0.046002 0.0127965 0.00183054 0.00011473 2.22218e-06 1.00615e-08 8.55126e-12 1.17679e-15 2.39833e-20 6.85637e-26 2.65403e-32 1.3575e-39
 1.75546e-41 2.43646e-33 4.08767e-26 8.2897e-20 2.03212e-14 6.02156e-10 2.15682e-06 0.00093383 0.048874 0.309642 0.260821 0.179846 0.14069 0.045863 0.011731 0.00151486 8.13395e-05 1.27825e-06 4.44115e-09 2.80768e-12 2.8423e-16 4.23427e-21 8.78633e-27 2.45093e-33 8.97722e-41
 1.66914e-41 2.31666e-33 3.88667e-26 7.8821e-20 1.9322e-14 5.72547e-10 2.05077e-06 0.000887913 0.0464714 0.294601 0.254542 0.194868 0.145752 0.0495988 0.0118523 0.00136146 6.16902e-05 7.80096e-07 2.09397e-09 9.89852e-13 7.33303e-17 7.91116e-22 1.18411e-27 2.3781e-34 6.25942e-42
 1.67074e-41 2.31887e-33 3.89039e-26 7.88963e-20 1.93405e-14 5.73094e-10 2.05273e-06 0.000888762 0.0465164 0.295033 0.258308 0.197045 0.139867 0.0495926 0.0114883 0.00121275 4.60307e-05 4.62489e-07 9.53151e-10 3.37768e-13 1.84289e-17 1.44501e-22 1.55784e-28 2.24171e-35 4.21703e-43
#spawning biomass
 8038.77 7217.45 7744.98 10797.3 14815.9 16890.2 16567.2 21908.8 33353.9 48464.2 58035.6 81642.7 100546 125372 126372 108334 94364.8 92539.4 99820.2 99783.2 102055 101871 100020 111908 119481 119304 131785 133864 166742 289531 317309 304109 271057 232454 196302 166003 142253 124443 111492 102280 95834.5 91375.5 88299.2 86171.7 84760.3 83824 83202.7 82790.6 82517.2 82335.8 82215.5 82135.6 82082.6 82047.5 82024.2 82008.7 81998.5 81991.7 81987.1 81984.1 81982.2 81980.8 81980 81979.4 81979 81978.7 81978.6 81978.5 81978.4 81978.3 81978.3 81978.3 81978.3 81978.3 81978.3 81978.2 81978.2 81978.2 81978.2 81978.2 81978.2 81978.2 81978.2 81978.2 81978.2 81978.2 81978.2 81978.2 81978.2 81978.2 81978.2 81978.2 81978.2 81978.2 81978.2 81978.2 81978.2 81978.2 81978.2 81978.2 81978.2 81978.2 81978.2 81978.2 81978.2 81978.2 81978.2 81978.2 81978.2 81978.2 81978.2 81978.2 81978.2 81978.2 81978.2 81978.2 81978.2 81978.2 81978.2 81978.2 81978.2 81978.2 81978.2 81978.2 81978.2 81978.2 81978.2 81978.2 0 0 0 0 0 0 0 0 0 0 0 0 0 0 0 0 0 0 0 0 0 0 0 0 0
