SBPRF35
0.178135
Curr Bio
176200
B35
197480
F35
0.934235
FOFL
0.853327
OFL
53723.3
Bzero
50895.7
#pred survey bio
 4530.93 5448.61 8488.49 14974.9 27247.9 31791.3 31253.4 36015.7 60370.8 83450.5 95817.4 115589 162791 198065 171535 149505 146105 162461 164922 148327 143582 163510 179980 191421 196481 212159 207868 208256 7.46451e+06 4.43563e+06 2.655e+06 1.42967e+06 897445 677385 579786 531516 505219 489966 480823 475262 471861 469779 468499 467707 467233 466948 466777 466674 466611 466574 466551 466538 466529 466524 466521 466520 466518 466518 466517 466517 466517 466517 466517 466517 466517 466517 466517 466517 466517 466517 466517 466517 466517 466517 466517 466517 466517 466517 466517 466517 466517 466517 466517 466517 466517 466517 466517 466517 466517 466517 466517 466517 466517 466517 466517 466517 466517 466517 466517 466517 466517 466517 466517 466517 466517 466517 466517 466517 466517 466517 466517 466517 466517 466517 466517 466517 466517 466517 466517 466517 466517 466517 466517 466517 466517 466517 466517 466517 0 0 0 0 0 0 0 0 0 0 0 0 0 0 0 0 0 0 0 0 0 0 0 0 0
#obs survey bio
 3644.43 4345.11 8281.25 15237.4 34898.9 16931.5 23541.3 38548.8 44896.5 91399.9 61172.8 101354 146826 148968 96393.5 88979.7 92927.9 130971 133338 113140 116278 144928 124547 115090 249781 162225 161979 153998
#pred catch bio
 1776.55 2267.32 3000.18 5166.09 11455.9 13616.2 15636.6 14033.3 27272 42220.2 49745.6 54092 77095.2 113657 100223 86503.1 79299.3 91743.3 101294 90403.8 79967.8 94073.2 105790 120673 115200 130093 126118 122837 53723.3 82199 49739.5 21940.5 11411.2 8106.37 7150.74 6888.28 6818.75 6800.8 6796.26 6795.13 6794.85 6794.78 6794.77 6794.76 6794.76 6794.76 6794.76 6794.76 6794.76 6794.76 6794.76 6794.76 6794.76 6794.76 6794.76 6794.76 6794.76 6794.76 6794.76 6794.76 6794.76 6794.76 6794.76 6794.76 6794.76 6794.76 6794.76 6794.76 6794.76 6794.76 6794.76 6794.76 6794.76 6794.76 6794.76 6794.76 6794.76 6794.76 6794.76 6794.76 6794.76 6794.76 6794.76 6794.76 6794.76 6794.76 6794.76 6794.76 6794.76 6794.76 6794.76 6794.76 6794.76 6794.76 6794.76 6794.76 6794.76 6794.76 6794.76 6794.76 6794.76 6794.76 6794.76 6794.76 6794.76 6794.76 6794.76 6794.76 6794.76 6794.76 6794.76 6794.76 6794.76 6794.76 6794.76 6794.76 6794.76 6794.76 6794.76 6794.76 6794.76 6794.76 6794.76 6794.76 6794.76 6794.76 6794.76 6794.76 0 0 0 0 0 0 0 0 0 0 0 0 0 0 0 0 0 0 0 0 0 0 0 0 0
#obs catch bio
 2211.58 2316.06 2801.19 4739.59 10182.1 12705.2 16014.7 12500.2 24879.4 38355 49921.7 50873.9 67651.4 106427 100190 91983 79998.4 91553.6 94448.8 85716.1 73798.3 84346.9 97330.2 113722 103008 117679 116788 117430
#pred cpue bio
 3017.48 2917.89 3967.53 7079.27 12783.2 17504 18655.2 17616.3 28177.7 40271.7 47476.1 54679.6 76235.7 99544 89108.7 75692.7 70509.8 77741.9 80189.3 70774.8 66629.1 75963.2 82833.3 88034.9 86012.1 97490.2 95661 95771.9 3.48682e+06 3.38106e+06 2.42907e+06 1.27836e+06 749892 530014 432424 384155 357859 342605 333462 327901 324500 322418 321138 320347 319872 319587 319416 319313 319251 319213 319191 319177 319169 319164 319161 319159 319158 319157 319157 319156 319156 319156 319156 319156 319156 319156 319156 319156 319156 319156 319156 319156 319156 319156 319156 319156 319156 319156 319156 319156 319156 319156 319156 319156 319156 319156 319156 319156 319156 319156 319156 319156 319156 319156 319156 319156 319156 319156 319156 319156 319156 319156 319156 319156 319156 319156 319156 319156 319156 319156 319156 319156 319156 319156 319156 319156 319156 319156 319156 319156 319156 319156 319156 319156 319156 319156 319156 319156 0 0 0 0 0 0 0 0 0 0 0 0 0 0 0 0 0 0 0 0 0 0 0 0 0
#obs cpue bio
 2706.32 4045.96 6076.73 11146.5 17906 23802.1 28246.5 35900.5 42752.1 55885.5 55292 100798 156483 142748 134995 94482 109907 106947 151989 108972 113408 144676 151767 181415 119329 174156 161469 157319
#pred surv len freq
 1.5307e-11 1.66143e-09 1.06331e-07 4.0126e-06 8.92854e-05 0.00117146 0.00906355 0.041365 0.111549 0.179263 0.178898 0.130602 0.0969977 0.0772745 0.0541435 0.0351071 0.0235 0.0161163 0.0114385 0.00856602 0.00688031 0.00599055 0.00533542 0.00418218 0.00246241
 1.74292e-11 1.89178e-09 1.21073e-07 4.56894e-06 0.000101664 0.00133388 0.0103199 0.0470945 0.126938 0.20349 0.200693 0.140113 0.0954197 0.0705455 0.0454771 0.0254835 0.0139907 0.0075461 0.00410726 0.00242462 0.00160023 0.00119307 0.000964297 0.000729053 0.000430227
 1.85014e-11 2.00815e-09 1.28521e-07 4.85e-06 0.000107918 0.00141593 0.0109546 0.0499884 0.134704 0.215663 0.211384 0.143995 0.0929664 0.0650992 0.0390839 0.0191026 0.00872467 0.00383622 0.00159087 0.000666112 0.000308108 0.000170243 0.000112742 7.73093e-05 4.41188e-05
 1.81016e-11 1.96475e-09 1.25744e-07 4.74519e-06 0.000105586 0.00138533 0.010718 0.0489106 0.131826 0.211274 0.208115 0.144547 0.0970718 0.0697853 0.041957 0.0201252 0.00878318 0.00353399 0.00124527 0.000402574 0.000128689 4.47857e-05 1.94958e-05 1.0472e-05 5.40429e-06
 1.83392e-11 1.99055e-09 1.27395e-07 4.80748e-06 0.000106972 0.00140352 0.0108586 0.049551 0.133534 0.213864 0.209967 0.143977 0.0942942 0.0668971 0.0406514 0.0201787 0.0091664 0.00374148 0.00128636 0.000382348 0.000101516 2.48587e-05 6.2865e-06 1.97818e-06 7.6109e-07
 1.47162e-11 1.59731e-09 1.02227e-07 3.85775e-06 8.58398e-05 0.00112627 0.00871435 0.0397822 0.107431 0.173862 0.17923 0.145834 0.126282 0.10432 0.0641364 0.02981 0.0123586 0.00477984 0.00161559 0.000474517 0.00012108 2.64136e-05 5.01507e-06 9.06129e-07 1.87135e-07
 1.40987e-11 1.53027e-09 9.79373e-08 3.69585e-06 8.22374e-05 0.001079 0.0083486 0.0381118 0.102911 0.166471 0.171273 0.138669 0.120336 0.103158 0.0713636 0.0420189 0.0222289 0.00956862 0.00320514 0.000894968 0.000219534 4.65347e-05 8.28145e-06 1.22506e-06 1.57249e-07
 1.82826e-11 1.9844e-09 1.27002e-07 4.79264e-06 0.000106642 0.00139918 0.0108251 0.0493966 0.133102 0.213042 0.208551 0.141415 0.0907703 0.0645353 0.0414672 0.0234047 0.0125211 0.00598299 0.00240944 0.000801174 0.000212286 4.45459e-05 7.60031e-06 1.06211e-06 1.19569e-07
 1.82988e-11 1.98616e-09 1.27114e-07 4.79689e-06 0.000106737 0.00140042 0.0108348 0.0494426 0.13325 0.213474 0.20989 0.144721 0.0957208 0.0678992 0.040307 0.0189861 0.00828661 0.00354912 0.00141508 0.000508718 0.000156305 3.85271e-05 7.30019e-06 1.04665e-06 1.14111e-07
 1.74642e-11 1.89557e-09 1.21316e-07 4.57809e-06 0.000101868 0.00133655 0.0103408 0.0471924 0.127242 0.204302 0.203016 0.145729 0.104024 0.0773225 0.0459033 0.0207824 0.00828655 0.00304859 0.00097777 0.000284616 7.94425e-05 2.02746e-05 4.31022e-06 7.05972e-07 8.48984e-08
 1.69704e-11 1.84197e-09 1.17886e-07 4.44865e-06 9.89881e-05 0.00129877 0.0100485 0.0458609 0.123682 0.198832 0.198741 0.145748 0.108038 0.0822389 0.0493132 0.0225323 0.00902878 0.00325507 0.000970361 0.000241602 5.35865e-05 1.09237e-05 2.05207e-06 3.37349e-07 4.41468e-08
 1.78948e-11 1.94231e-09 1.24308e-07 4.69098e-06 0.00010438 0.00136951 0.0105956 0.0483534 0.130342 0.209036 0.206571 0.145238 0.0998193 0.0726439 0.0433165 0.0201104 0.00826665 0.00303615 0.000911516 0.000224242 4.68895e-05 8.31242e-06 1.25816e-06 1.66815e-07 1.92624e-08
 1.80274e-11 1.9567e-09 1.25228e-07 4.72573e-06 0.000105153 0.00137965 0.0106741 0.048711 0.131299 0.210517 0.207782 0.145408 0.0990065 0.0714915 0.042308 0.0193803 0.00785702 0.00289443 0.000892262 0.000228637 4.93829e-05 8.77518e-06 1.26253e-06 1.47231e-07 1.39983e-08
 1.66588e-11 1.80816e-09 1.15722e-07 4.36698e-06 9.71709e-05 0.00127493 0.00986413 0.0450209 0.121438 0.195396 0.196115 0.145953 0.110855 0.0854893 0.0512869 0.0232743 0.00925161 0.00334317 0.00101303 0.000256666 5.58161e-05 1.01824e-05 1.50742e-06 1.76545e-07 1.60167e-08
 1.58856e-11 1.72423e-09 1.1035e-07 4.16429e-06 9.26606e-05 0.00121575 0.00940648 0.042936 0.115867 0.186861 0.189565 0.14638 0.117738 0.0935501 0.056371 0.0253616 0.00988704 0.00346722 0.0010012 0.000237162 4.83886e-05 8.48201e-06 1.23992e-06 1.4663e-07 1.35275e-08
 1.66036e-11 1.80216e-09 1.15338e-07 4.35249e-06 9.68484e-05 0.00127069 0.0098314 0.0448715 0.121035 0.194749 0.195472 0.145505 0.110628 0.085626 0.0519415 0.0241761 0.00989016 0.00357215 0.00103402 0.000240148 4.70153e-05 7.76292e-06 1.0632e-06 1.19557e-07 1.0765e-08
 1.73854e-11 1.88702e-09 1.20769e-07 4.55745e-06 0.000101409 0.00133053 0.0102942 0.0469803 0.126677 0.20345 0.202433 0.146005 0.105089 0.0784248 0.0464208 0.0207687 0.00808405 0.00285223 0.000836126 0.000200609 4.02855e-05 6.64402e-06 8.82872e-07 9.42067e-08 7.98297e-09
 1.74974e-11 1.89917e-09 1.21547e-07 4.5868e-06 0.000102062 0.00133909 0.0103604 0.0472823 0.127485 0.204701 0.203454 0.146144 0.104403 0.0774788 0.0456337 0.0202127 0.0077356 0.0026755 0.000765799 0.00017924 3.56863e-05 5.97696e-06 8.13467e-07 8.76226e-08 7.29875e-09
 1.7083e-11 1.8542e-09 1.18669e-07 4.47818e-06 9.96451e-05 0.00130739 0.0101152 0.0461653 0.124504 0.200157 0.200082 0.146752 0.108667 0.0821702 0.0481737 0.0207765 0.0076042 0.00252666 0.000700249 0.000157999 3.02085e-05 4.88618e-06 6.51671e-07 7.01703e-08 5.919e-09
 1.73295e-11 1.88096e-09 1.20381e-07 4.5428e-06 0.000101083 0.00132625 0.0102611 0.0468303 0.126284 0.202915 0.202345 0.147099 0.107214 0.0801121 0.046394 0.0194719 0.00679388 0.00214299 0.000561815 0.00011777 2.07577e-05 3.13363e-06 3.95315e-07 4.07253e-08 3.33844e-09
 1.78025e-11 1.93229e-09 1.23666e-07 4.66678e-06 0.000103842 0.00136244 0.0105411 0.0481057 0.129693 0.208149 0.206416 0.147017 0.103282 0.075387 0.0432573 0.017987 0.00617829 0.00191115 0.000488164 9.79871e-05 1.62032e-05 2.26411e-06 2.62501e-07 2.49339e-08 1.91052e-09
 1.78715e-11 1.93978e-09 1.24146e-07 4.68488e-06 0.000104244 0.00136773 0.0105819 0.0482916 0.130187 0.208883 0.20687 0.146618 0.102119 0.0743089 0.0429694 0.0183203 0.00657196 0.00211398 0.000553359 0.000113114 1.88724e-05 2.6016e-06 2.89154e-07 2.56927e-08 1.81661e-09
 1.79627e-11 1.94968e-09 1.24779e-07 4.70879e-06 0.000104776 0.00137471 0.0106359 0.0485377 0.130847 0.209914 0.207758 0.146885 0.101789 0.0736714 0.0422201 0.0176144 0.00610209 0.00191518 0.000501294 0.000104469 1.79148e-05 2.5282e-06 2.84637e-07 2.51794e-08 1.72971e-09
 1.79174e-11 1.94476e-09 1.24464e-07 4.6969e-06 0.000104512 0.00137124 0.0106091 0.0484156 0.130523 0.209431 0.207456 0.147138 0.102541 0.0743763 0.0424245 0.017418 0.00585324 0.0017766 0.000450248 9.03154e-05 1.49593e-05 2.08521e-06 2.37312e-07 2.14242e-08 1.49558e-09
 1.86132e-11 2.02028e-09 1.29298e-07 4.87929e-06 0.00010857 0.00142448 0.0110209 0.050292 0.13554 0.21715 0.213532 0.147256 0.0971186 0.0676563 0.0376855 0.0148756 0.00464906 0.00130593 0.000311673 5.86737e-05 9.00881e-06 1.16899e-06 1.25857e-07 1.09804e-08 7.59023e-10
 1.78224e-11 1.93445e-09 1.23804e-07 4.672e-06 0.000103958 0.00136397 0.0105528 0.0481598 0.129842 0.208416 0.206809 0.147625 0.104049 0.0758053 0.0428622 0.01706 0.00538767 0.00152217 0.00035968 6.56121e-05 9.55632e-06 1.16226e-06 1.16549e-07 9.44757e-09 6.12042e-10
 1.78465e-11 1.93707e-09 1.23972e-07 4.67832e-06 0.000104098 0.00136581 0.0105671 0.0482247 0.130014 0.208666 0.206938 0.147404 0.103519 0.0753504 0.0428046 0.0172986 0.00562613 0.00163597 0.000392071 7.17224e-05 1.03754e-05 1.23539e-06 1.18962e-07 9.08731e-09 5.48246e-10
 1.78762e-11 1.94029e-09 1.24178e-07 4.68609e-06 0.000104271 0.00136808 0.0105847 0.0483046 0.130227 0.208988 0.207165 0.147322 0.103154 0.0749735 0.0426361 0.0173104 0.00568505 0.00167448 0.0004079 7.65338e-05 1.14353e-05 1.39649e-06 1.35665e-07 1.02702e-08 6.0255e-10
#obs surv len freq
 1.28407e-11 1.39374e-09 8.9199e-08 3.3661e-06 7.49002e-05 0.000982743 0.00760419 0.0347213 0.0938499 0.152487 0.159667 0.13565 0.124846 0.111985 0.0821513 0.0510054 0.0273941 0.0120045 0.00416128 0.0011341 0.000237486 3.69499e-05 4.1371e-06 3.23449e-07 1.71732e-08
 1.84088e-11 1.9981e-09 1.27878e-07 4.82573e-06 0.000107378 0.00140885 0.0108999 0.04974 0.134038 0.214555 0.209769 0.140775 0.0877785 0.0620361 0.0421557 0.0253612 0.0132465 0.00563129 0.00188477 0.000492548 9.81467e-05 1.44184e-05 1.51302e-06 1.10166e-07 5.42011e-09
 1.56022e-11 1.69347e-09 1.08382e-07 4.09e-06 9.10079e-05 0.00119408 0.00923934 0.0421829 0.113941 0.184406 0.189211 0.149296 0.120546 0.0936663 0.0557557 0.0253489 0.0100313 0.00362454 0.00112197 0.000278515 5.27737e-05 7.332e-06 7.22939e-07 4.9162e-08 2.24735e-09
 1.80835e-11 1.96279e-09 1.25618e-07 4.74045e-06 0.000105481 0.00138396 0.0107078 0.0488704 0.13178 0.211525 0.209103 0.145328 0.0955641 0.0675241 0.0424806 0.0221092 0.00945224 0.00311774 0.000768945 0.000147805 2.30311e-05 2.82701e-06 2.55925e-07 1.61646e-08 6.86636e-10
 1.66459e-11 1.80676e-09 1.15632e-07 4.36361e-06 9.70962e-05 0.00127397 0.00985744 0.0450036 0.121527 0.196311 0.19925 0.150596 0.112373 0.0824088 0.0479763 0.0216414 0.00822647 0.00263924 0.000667184 0.000126557 1.75781e-05 1.77088e-06 1.29568e-07 6.84124e-09 2.53738e-10
 7.24067e-12 7.85908e-10 5.02981e-08 1.89811e-06 4.22372e-05 0.000554279 0.00429226 0.0196685 0.0540032 0.0936772 0.12224 0.156253 0.188454 0.170196 0.10862 0.052948 0.0208779 0.00641384 0.00146992 0.000252327 3.26671e-05 3.10966e-06 2.09262e-07 9.67023e-09 3.0213e-10
 1.59523e-11 1.73147e-09 1.10814e-07 4.18177e-06 9.305e-05 0.00122087 0.00944627 0.0431182 0.11632 0.186975 0.185627 0.130964 0.0921555 0.0796367 0.0692813 0.0490109 0.0249218 0.00870223 0.00210961 0.000364164 4.50799e-05 3.95673e-06 2.42596e-07 1.02356e-08 2.91715e-10
 1.80254e-11 1.95648e-09 1.25215e-07 4.72522e-06 0.000105143 0.00137955 0.0106744 0.048732 0.13155 0.211972 0.212089 0.151094 0.09967 0.0657099 0.0368333 0.0176396 0.00803955 0.00326184 0.00100199 0.000211492 2.96011e-05 2.72797e-06 1.65876e-07 6.65945e-09 1.7579e-10
 1.59521e-11 1.73145e-09 1.10812e-07 4.18173e-06 9.305e-05 0.00122092 0.00944835 0.0431598 0.116792 0.190088 0.197549 0.156793 0.120659 0.0862292 0.0479074 0.0203794 0.00706067 0.00202683 0.000480679 9.32623e-05 1.38469e-05 1.43425e-06 9.73102e-08 4.19942e-09 1.14009e-10
 1.46848e-11 1.5939e-09 1.02009e-07 3.84954e-06 8.56587e-05 0.00112397 0.00869895 0.0397529 0.107746 0.176443 0.187255 0.156417 0.128253 0.0965764 0.0575391 0.0268586 0.00987473 0.00272942 0.000549541 8.18756e-05 9.28754e-06 8.00674e-07 5.03182e-08 2.17336e-09 6.12978e-11
 1.4251e-11 1.54681e-09 9.89958e-08 3.73582e-06 8.31287e-05 0.00109079 0.00844281 0.0385926 0.1047 0.171993 0.184171 0.156419 0.130063 0.0990747 0.06054 0.0294395 0.0113207 0.00327032 0.000682287 0.000101263 1.05769e-05 7.69656e-07 3.88678e-08 1.35958e-09 3.25846e-11
 1.6718e-11 1.81459e-09 1.16133e-07 4.38254e-06 9.75186e-05 0.00127957 0.00990256 0.045237 0.122395 0.198789 0.203891 0.153988 0.109254 0.0760191 0.0453536 0.0220891 0.00856316 0.00250991 0.000535952 8.16808e-05 8.68689e-06 6.28853e-07 3.03745e-08 9.66075e-10 2.00644e-11
 1.5277e-11 1.65818e-09 1.06124e-07 4.00481e-06 8.91149e-05 0.00116937 0.0090517 0.0413848 0.112329 0.184588 0.196767 0.162563 0.126455 0.0878548 0.0478206 0.0204165 0.00708454 0.00194954 0.000404821 6.10448e-05 6.47035e-06 4.67718e-07 2.24898e-08 7.05458e-10 1.42159e-11
 1.29055e-11 1.40077e-09 8.96497e-08 3.38315e-06 7.52837e-05 0.000987972 0.00765025 0.0350234 0.0955264 0.159711 0.179585 0.165861 0.14493 0.108221 0.062314 0.0277 0.0094834 0.00241397 0.000447463 6.03832e-05 5.87791e-06 4.0122e-07 1.85566e-08 5.64898e-10 1.10755e-11
 1.22646e-11 1.3312e-09 8.51973e-08 3.21514e-06 7.1546e-05 0.000938962 0.0072718 0.0333065 0.0909758 0.152739 0.173462 0.162855 0.145486 0.113203 0.0699225 0.0336513 0.0122247 0.00320842 0.000594667 7.72307e-05 6.96314e-06 4.30036e-07 1.79346e-08 4.97479e-10 9.02261e-12
 1.36901e-11 1.48594e-09 9.51003e-08 3.58885e-06 7.98616e-05 0.00104807 0.00811573 0.037151 0.101233 0.168322 0.184967 0.161349 0.133063 0.0993734 0.0608944 0.0296481 0.0110628 0.00301982 0.00058386 7.81597e-05 7.09213e-06 4.28195e-07 1.69647e-08 4.36446e-10 7.22516e-12
 1.355e-11 1.47073e-09 9.41272e-08 3.55215e-06 7.90466e-05 0.00103744 0.00803529 0.03681 0.100538 0.168315 0.188013 0.167569 0.137742 0.0984068 0.0561312 0.0253932 0.00899899 0.00239779 0.000461974 6.23589e-05 5.72599e-06 3.48491e-07 1.37748e-08 3.48292e-10 5.56945e-12
 1.3979e-11 1.51729e-09 9.71073e-08 3.66463e-06 8.15502e-05 0.00107033 0.00829041 0.0379818 0.103732 0.173421 0.192298 0.167858 0.134267 0.0942999 0.0531274 0.0233736 0.00784927 0.00194848 0.000349769 4.45721e-05 3.92991e-06 2.3277e-07 9.02165e-09 2.24139e-10 3.51459e-12
 1.41593e-11 1.53686e-09 9.83597e-08 3.71191e-06 8.2604e-05 0.00108421 0.00839928 0.0384969 0.105252 0.176363 0.196075 0.170486 0.133736 0.0910275 0.0494244 0.0209092 0.00674882 0.00160333 0.000272441 3.24465e-05 2.65436e-06 1.46023e-07 5.29279e-09 1.24065e-10 1.84993e-12
 1.41886e-11 1.54004e-09 9.85636e-08 3.71964e-06 8.27778e-05 0.00108657 0.00841916 0.0386089 0.105706 0.177681 0.198522 0.172844 0.134089 0.0892941 0.0470723 0.0191459 0.00588518 0.00132332 0.000212 2.3717e-05 1.81394e-06 9.27744e-08 3.111e-09 6.72883e-11 9.26064e-13
 1.43183e-11 1.55412e-09 9.94652e-08 3.75369e-06 8.35376e-05 0.00109661 0.00849845 0.0389893 0.10685 0.179902 0.201162 0.174117 0.132968 0.0869182 0.0449552 0.0178327 0.00529303 0.00113787 0.000172709 1.81633e-05 1.2982e-06 6.1794e-08 1.92255e-09 3.84768e-11 4.88758e-13
 1.47993e-11 1.60634e-09 1.02807e-07 3.87984e-06 8.63465e-05 0.00113354 0.00878552 0.0403139 0.110495 0.185848 0.206447 0.175032 0.129093 0.0813107 0.0405437 0.0154625 0.00439766 0.000902821 0.00013023 1.29332e-05 8.67173e-07 3.85014e-08 1.11232e-09 2.0604e-11 2.41682e-13
 1.4552e-11 1.5795e-09 1.0109e-07 3.8151e-06 8.49099e-05 0.00111483 0.00864384 0.039705 0.109122 0.184734 0.207792 0.178597 0.131549 0.0809865 0.0388701 0.0141325 0.00381287 0.000740832 0.000100915 9.43688e-06 5.93895e-07 2.4665e-08 6.64222e-10 1.14299e-11 1.24173e-13
 1.45187e-11 1.57588e-09 1.00859e-07 3.80645e-06 8.47212e-05 0.00111248 0.00862813 0.0396609 0.109174 0.185382 0.209314 0.179912 0.13147 0.0799396 0.0377554 0.0133722 0.00346351 0.000637721 8.15916e-05 7.12896e-06 4.18057e-07 1.61548e-08 4.04334e-10 6.45875e-12 6.50484e-14
 1.44466e-11 1.56807e-09 1.0036e-07 3.78769e-06 8.43085e-05 0.00110723 0.0085907 0.039526 0.109036 0.185945 0.211242 0.182001 0.131734 0.0784967 0.0361185 0.0124003 0.00309676 0.000546432 6.64793e-05 5.47421e-06 3.00061e-07 1.0772e-08 2.49524e-10 3.68154e-12 3.42164e-14
 1.32081e-11 1.43364e-09 9.17582e-08 3.46325e-06 7.70987e-05 0.00101297 0.00786821 0.0363111 0.100956 0.175469 0.207184 0.188333 0.141855 0.0853701 0.0388272 0.0130003 0.00313568 0.000530632 6.15631e-05 4.80813e-06 2.48577e-07 8.36969e-09 1.80871e-10 2.47791e-12 2.1303e-14
 1.32919e-11 1.44275e-09 9.2342e-08 3.48537e-06 7.75953e-05 0.00101961 0.00792166 0.0365712 0.101706 0.176594 0.207467 0.186825 0.140142 0.0851865 0.0394077 0.0133085 0.0031812 0.000524472 5.85273e-05 4.35631e-06 2.13174e-07 6.75826e-09 1.36934e-10 1.7526e-12 1.40312e-14
 1.35001e-11 1.46535e-09 9.37901e-08 3.54016e-06 7.88225e-05 0.00103596 0.00805243 0.0372109 0.103664 0.180362 0.211677 0.18834 0.137525 0.080759 0.0361355 0.0118747 0.00277951 0.000449657 4.9035e-05 3.53532e-06 1.65853e-07 4.9941e-09 9.54112e-11 1.14527e-12 8.56578e-15
#pred catch len freq
 9.49225e-12 1.03029e-09 6.59386e-08 2.48832e-06 5.53685e-05 0.000726479 0.00562155 0.0256752 0.0695005 0.113809 0.123594 0.116944 0.121771 0.115151 0.0874464 0.0610509 0.0430745 0.030253 0.021682 0.0162971 0.0131051 0.0114138 0.0101662 0.00796885 0.00469195
 1.25869e-11 1.36618e-09 8.74356e-08 3.29955e-06 7.34193e-05 0.000963309 0.0074537 0.0340325 0.0919774 0.149442 0.156834 0.134899 0.126123 0.111369 0.0771465 0.0459185 0.0265045 0.0146654 0.00807312 0.00478932 0.00316618 0.00236156 0.0019089 0.00144323 0.000851679
 1.38957e-11 1.50824e-09 9.65275e-08 3.64265e-06 8.10537e-05 0.00106347 0.00822858 0.0375671 0.101483 0.164508 0.170868 0.142378 0.127491 0.108319 0.0699385 0.0362315 0.0175452 0.00798635 0.00336407 0.00141926 0.000658614 0.000364282 0.000241298 0.000165468 9.44293e-05
 1.33057e-11 1.4442e-09 9.24288e-08 3.48798e-06 7.76121e-05 0.00101832 0.00787939 0.0359767 0.0972387 0.158046 0.166111 0.143383 0.133871 0.115561 0.0743784 0.037767 0.0174872 0.00729253 0.00261218 0.000851916 0.000273595 9.53971e-05 4.15523e-05 2.23221e-05 1.152e-05
 1.41041e-11 1.53086e-09 9.79751e-08 3.69728e-06 8.22693e-05 0.00107942 0.00835194 0.0381293 0.102988 0.166835 0.17276 0.142631 0.126312 0.107023 0.0694668 0.0362629 0.0172801 0.00724794 0.00252264 0.000754842 0.000201167 4.93479e-05 1.24889e-05 3.9309e-06 1.51247e-06
 9.67202e-12 1.04981e-09 6.71874e-08 2.53545e-06 5.64174e-05 0.000740257 0.00572878 0.026179 0.0710581 0.117918 0.135239 0.145127 0.165783 0.153028 0.0981001 0.0477312 0.0209114 0.00838551 0.0028811 0.000853086 0.000218598 4.77809e-05 9.07985e-06 1.64118e-06 3.38988e-07
 9.25421e-12 1.00446e-09 6.4285e-08 2.42592e-06 5.39802e-05 0.000708275 0.00548114 0.0250443 0.0679357 0.112398 0.127389 0.133488 0.151415 0.145401 0.105927 0.0655938 0.0360555 0.0158033 0.0053397 0.00150002 0.000369412 7.84558e-05 1.39735e-05 2.06776e-06 2.65454e-07
 1.36943e-11 1.48639e-09 9.51287e-08 3.58986e-06 7.98791e-05 0.00104806 0.00810925 0.0370206 0.0999842 0.161895 0.167306 0.137369 0.121431 0.105042 0.0730941 0.0438697 0.0246195 0.012044 0.00490178 0.00163889 0.000435471 9.1506e-05 1.56241e-05 2.18425e-06 2.45936e-07
 1.42884e-11 1.55087e-09 9.92557e-08 3.7456e-06 8.33445e-05 0.00109353 0.00846109 0.0386274 0.104331 0.168994 0.174912 0.144143 0.12707 0.106468 0.06703 0.0329854 0.0150901 0.00665716 0.00268835 0.000971793 0.000299296 7.38436e-05 1.39977e-05 2.00728e-06 2.18862e-07
 1.35549e-11 1.47125e-09 9.41599e-08 3.5533e-06 7.90657e-05 0.00103739 0.00802696 0.0366504 0.0990589 0.160998 0.169179 0.145888 0.135727 0.115839 0.0720293 0.0337636 0.0140113 0.00529655 0.00172017 0.000503941 0.000141143 3.60714e-05 7.67208e-06 1.25681e-06 1.5115e-07
 1.29936e-11 1.41033e-09 9.02606e-08 3.40616e-06 7.57916e-05 0.000994438 0.00769473 0.0351366 0.0950114 0.154774 0.164289 0.145828 0.140173 0.121377 0.0760039 0.0359306 0.0149669 0.00553645 0.00166972 0.000418255 9.31165e-05 1.90189e-05 3.57567e-06 5.87989e-07 7.69538e-08
 1.38575e-11 1.5041e-09 9.62621e-08 3.63263e-06 8.08308e-05 0.00106055 0.00820605 0.0374659 0.101233 0.164287 0.171499 0.145052 0.132036 0.112106 0.0705248 0.0340884 0.0146328 0.00552411 0.00167895 0.000415734 8.72836e-05 1.55067e-05 2.34945e-06 3.11647e-07 3.59932e-08
 1.40906e-11 1.5294e-09 9.78811e-08 3.69373e-06 8.21903e-05 0.00107839 0.00834401 0.0380947 0.102916 0.166897 0.173648 0.145404 0.130686 0.11013 0.068725 0.0327271 0.0138472 0.00524576 0.00163755 0.000422297 9.15479e-05 1.62982e-05 2.34696e-06 2.73805e-07 2.60377e-08
 1.30203e-11 1.41323e-09 9.04464e-08 3.41317e-06 7.59476e-05 0.000996485 0.00771057 0.035209 0.0952076 0.155097 0.164649 0.146179 0.140487 0.121442 0.0756219 0.0353 0.014497 0.00535569 0.00163912 0.000417365 9.10233e-05 1.6629e-05 2.46336e-06 2.88583e-07 2.61844e-08
 1.21369e-11 1.31734e-09 8.43095e-08 3.18158e-06 7.07945e-05 0.00092888 0.00718769 0.032827 0.0888433 0.145349 0.157183 0.146715 0.148428 0.130717 0.0814436 0.0376476 0.0151612 0.00543759 0.00158622 0.000377677 7.73038e-05 1.35735e-05 1.9857e-06 2.34899e-07 2.16738e-08
 1.29745e-11 1.40826e-09 9.01285e-08 3.40117e-06 7.56806e-05 0.000992982 0.00768346 0.0350851 0.0948708 0.154535 0.163991 0.145462 0.13978 0.121242 0.0763844 0.0366005 0.0154547 0.00569589 0.00166354 0.000388166 7.6227e-05 1.26077e-05 1.72813e-06 1.94398e-07 1.75066e-08
 1.37399e-11 1.49133e-09 9.54449e-08 3.6018e-06 8.01447e-05 0.00105155 0.00813647 0.0371496 0.100397 0.163085 0.170961 0.146382 0.135011 0.114612 0.070764 0.0326295 0.0131525 0.00475408 0.001409 0.00033989 6.84751e-05 1.13124e-05 1.50443e-06 1.60592e-07 1.36109e-08
 1.4071e-11 1.52727e-09 9.77451e-08 3.6886e-06 8.20761e-05 0.00107689 0.00833246 0.0380427 0.102787 0.166774 0.173928 0.146645 0.132751 0.111646 0.0684674 0.0311679 0.0123134 0.00435547 0.00125946 0.000296279 5.91704e-05 9.92655e-06 1.35202e-06 1.45681e-07 1.21368e-08
 1.39425e-11 1.51333e-09 9.68528e-08 3.65493e-06 8.13269e-05 0.00106706 0.00825646 0.0376969 0.101869 0.165418 0.17313 0.147515 0.135114 0.113797 0.0689802 0.0303967 0.0114206 0.0038709 0.00108279 0.000245391 4.70419e-05 7.61999e-06 1.01696e-06 1.09537e-07 9.24088e-09
 1.42431e-11 1.54595e-09 9.89406e-08 3.73371e-06 8.308e-05 0.00109006 0.00843436 0.0385078 0.104041 0.168792 0.175946 0.148094 0.133581 0.111451 0.0667533 0.0285943 0.0102365 0.00329703 0.000873078 0.000183875 3.25027e-05 4.91502e-06 6.20541e-07 6.39506e-08 5.24314e-09
 1.44608e-11 1.56958e-09 1.00453e-07 3.79079e-06 8.435e-05 0.00110672 0.00856323 0.039095 0.105612 0.171208 0.177849 0.148137 0.131896 0.109365 0.0652905 0.0278109 0.00985121 0.00312585 0.000808332 0.000163178 2.70808e-05 3.79257e-06 4.40206e-07 4.18348e-08 3.20627e-09
 1.46886e-11 1.59431e-09 1.02035e-07 3.8505e-06 8.56785e-05 0.00112415 0.00869802 0.0397088 0.107247 0.173681 0.179584 0.147477 0.129058 0.106465 0.0640478 0.0279731 0.0103299 0.00339768 0.000898675 0.000184602 3.0897e-05 4.26755e-06 4.74785e-07 4.22069e-08 2.98494e-09
 1.4924e-11 1.61985e-09 1.0367e-07 3.9122e-06 8.70514e-05 0.00114216 0.00883734 0.0403438 0.108948 0.176321 0.181779 0.1479 0.127804 0.104562 0.0622471 0.0265426 0.00944669 0.00303121 0.000801925 0.000167942 2.88849e-05 4.08342e-06 4.60126e-07 4.07203e-08 2.79786e-09
 1.5219e-11 1.65187e-09 1.0572e-07 3.98954e-06 8.87723e-05 0.00116474 0.00901197 0.0411396 0.111078 0.179613 0.184443 0.148192 0.125874 0.101962 0.0601466 0.0251346 0.0086326 0.00266979 0.000682923 0.000137564 2.28434e-05 3.18912e-06 3.63222e-07 3.28026e-08 2.29025e-09
 1.58435e-11 1.71966e-09 1.10058e-07 4.15326e-06 9.24152e-05 0.00121254 0.00938164 0.042824 0.115585 0.186564 0.190004 0.148595 0.121459 0.0962284 0.0557636 0.0224314 0.00718055 0.00206449 0.00049888 9.44322e-05 1.45458e-05 1.89133e-06 2.03843e-07 1.77928e-08 1.23021e-09
 1.49604e-11 1.62381e-09 1.03924e-07 3.92176e-06 8.72642e-05 0.00114496 0.00885897 0.0404429 0.109221 0.176807 0.182483 0.148968 0.12914 0.105292 0.0615668 0.0249305 0.00805341 0.00232499 0.000555659 0.000101866 1.4881e-05 1.81352e-06 1.82057e-07 1.47654e-08 9.56783e-10
 1.49338e-11 1.62092e-09 1.03739e-07 3.91478e-06 8.71089e-05 0.00114292 0.00884319 0.0403708 0.109026 0.176488 0.182137 0.148652 0.128874 0.105243 0.0618981 0.0254826 0.00848805 0.00252191 0.000611019 0.000112311 1.62953e-05 1.94425e-06 1.87434e-07 1.43257e-08 8.64518e-10
 1.48348e-11 1.61017e-09 1.03051e-07 3.88882e-06 8.65314e-05 0.00113534 0.00878459 0.0401038 0.108312 0.175385 0.18125 0.148572 0.12955 0.106133 0.0625928 0.025927 0.00873841 0.00263382 0.000649065 0.000122409 1.83479e-05 2.24537e-06 2.18378e-07 1.65409e-08 9.70729e-10
#obs catch len freq
 1.08961e-11 1.18267e-09 7.56906e-08 2.85633e-06 6.35574e-05 0.00083393 0.00645319 0.0294766 0.0798187 0.130831 0.142212 0.133838 0.137574 0.12915 0.0960552 0.060092 0.032492 0.0143463 0.0050243 0.00138795 0.000295414 4.68063e-05 5.34172e-06 4.25705e-07 2.30285e-08
 1.11755e-11 1.213e-09 7.76317e-08 2.92959e-06 6.51875e-05 0.000855321 0.0066188 0.0302343 0.0818792 0.134212 0.145615 0.135631 0.136905 0.126752 0.093465 0.0578693 0.0307279 0.0132237 0.00447876 0.00118531 0.000239417 3.5697e-05 3.80626e-06 2.8178e-07 1.40963e-08
 1.72389e-11 1.87112e-09 1.19751e-07 4.51905e-06 0.000100555 0.00131932 0.0102077 0.0465877 0.125629 0.201723 0.199924 0.140838 0.0963779 0.0724927 0.0500385 0.030041 0.0154944 0.00645945 0.00210915 0.000534389 0.00010255 1.44157e-05 1.43878e-06 9.90921e-08 4.58964e-09
 1.43977e-11 1.56273e-09 1.00015e-07 3.77425e-06 8.39823e-05 0.00110192 0.00852676 0.0389412 0.105326 0.17147 0.180085 0.1514 0.131424 0.10471 0.0622704 0.0281605 0.0110451 0.00392355 0.00118452 0.00028469 5.18706e-05 6.88575e-06 6.44907e-07 4.14376e-08 1.7817e-09
 1.72026e-11 1.86718e-09 1.19499e-07 4.50953e-06 0.000100343 0.00131656 0.0101867 0.0464996 0.125478 0.20204 0.202285 0.146466 0.103021 0.0755489 0.0477416 0.024646 0.0103539 0.00333503 0.000801092 0.0001494 2.24208e-05 2.62867e-06 2.25769e-07 1.34577e-08 5.37174e-10
 1.57836e-11 1.71316e-09 1.09642e-07 4.13756e-06 9.20666e-05 0.00120799 0.00934747 0.0426856 0.115386 0.187192 0.193121 0.152651 0.120357 0.0900269 0.052254 0.0233658 0.00875155 0.00274346 0.000673171 0.000123264 1.64438e-05 1.58323e-06 1.10061e-07 5.48591e-09 1.91013e-10
 6.55926e-12 7.11947e-10 4.55646e-08 1.71949e-06 3.82631e-05 0.00050216 0.00388973 0.0178448 0.049228 0.0868888 0.118596 0.159527 0.195406 0.175433 0.110851 0.0533597 0.0206305 0.00617336 0.00137252 0.000227495 2.82572e-05 2.56478e-06 1.63741e-07 7.14678e-09 2.09972e-10
 1.52937e-11 1.65999e-09 1.06239e-07 4.00914e-06 8.92089e-05 0.00117049 0.00905675 0.0413466 0.111611 0.179855 0.180274 0.131037 0.0969157 0.0859958 0.0744703 0.0516023 0.0255212 0.00864282 0.00202635 0.000336794 3.99306e-05 3.33972e-06 1.94167e-07 7.73135e-09 2.07071e-10
 1.75713e-11 1.9072e-09 1.22061e-07 4.60621e-06 0.000102495 0.00134482 0.0104062 0.0475156 0.128353 0.207354 0.209343 0.152737 0.103915 0.0692196 0.0386406 0.0183831 0.0082499 0.00324899 0.000959685 0.000193812 2.58679e-05 2.26591e-06 1.30479e-07 4.94156e-09 1.22589e-10
 1.55138e-11 1.68388e-09 1.07768e-07 4.06685e-06 9.04941e-05 0.00118741 0.00918964 0.0419894 0.113742 0.185811 0.195395 0.159059 0.125074 0.089342 0.0490774 0.0205627 0.00697874 0.00195187 0.000448636 8.36195e-05 1.18155e-05 1.15788e-06 7.40844e-08 3.00799e-09 7.6662e-11
 1.43151e-11 1.55377e-09 9.94413e-08 3.75263e-06 8.35029e-05 0.00109571 0.00848096 0.0387691 0.105203 0.172973 0.185772 0.158709 0.132098 0.0990786 0.0582986 0.0267217 0.00957195 0.00256276 0.000498063 7.13331e-05 7.72952e-06 6.31744e-07 3.73872e-08 1.5138e-09 3.99215e-11
 1.39464e-11 1.51375e-09 9.68803e-08 3.65599e-06 8.1353e-05 0.00106752 0.00826347 0.0377859 0.102635 0.169273 0.183287 0.158699 0.133364 0.100986 0.0608982 0.0290465 0.0108677 0.00303556 0.000609423 8.66084e-05 8.61955e-06 5.94865e-07 2.83514e-08 9.30946e-10 2.08402e-11
 1.652e-11 1.79309e-09 1.14758e-07 4.33064e-06 9.63643e-05 0.00126445 0.00978614 0.044715 0.121073 0.197112 0.203529 0.155707 0.11147 0.0771475 0.0454017 0.0216663 0.00816445 0.00231155 0.000474263 6.90645e-05 6.98178e-06 4.78299e-07 2.17796e-08 6.50727e-10 1.26519e-11
 1.51311e-11 1.64235e-09 1.0511e-07 3.96658e-06 8.82649e-05 0.00115825 0.00896647 0.0410083 0.111422 0.183658 0.197246 0.164658 0.128167 0.0879724 0.0471058 0.0197123 0.00665608 0.00176911 0.000352605 5.07323e-05 5.10268e-06 3.48411e-07 1.5764e-08 4.63802e-10 8.7426e-12
 1.2812e-11 1.39063e-09 8.90005e-08 3.35866e-06 7.47398e-05 0.000980876 0.00759639 0.034793 0.0950333 0.159513 0.18085 0.168325 0.146395 0.107727 0.0609038 0.0264377 0.00877536 0.00215392 0.000383251 4.93645e-05 4.55783e-06 2.93479e-07 1.27503e-08 3.63417e-10 6.65419e-12
 1.22273e-11 1.32717e-09 8.4939e-08 3.20541e-06 7.13304e-05 0.000936179 0.00725138 0.0332291 0.0908943 0.153171 0.175198 0.165341 0.146735 0.11247 0.0681334 0.0319411 0.0112212 0.00283306 0.000502784 6.22076e-05 5.31614e-06 3.09728e-07 1.21324e-08 3.14849e-10 5.32535e-12
 1.37002e-11 1.48704e-09 9.51706e-08 3.59152e-06 7.99221e-05 0.00104891 0.00812329 0.0372001 0.101479 0.169196 0.186862 0.163485 0.133793 0.0983527 0.0590746 0.0280027 0.0100966 0.00264702 0.000488859 6.21864e-05 5.33743e-06 3.03616e-07 1.1293e-08 2.71862e-10 4.19878e-12
 1.3599e-11 1.47605e-09 9.44679e-08 3.56503e-06 7.93345e-05 0.00104127 0.00806622 0.0369681 0.10109 0.169701 0.190348 0.169645 0.137856 0.0967065 0.0540229 0.0238006 0.00815131 0.00208476 0.000383189 4.90632e-05 4.25254e-06 2.43344e-07 9.01487e-09 2.13057e-10 3.17721e-12
 1.40658e-11 1.52671e-09 9.77104e-08 3.68741e-06 8.20587e-05 0.00107706 0.00834382 0.0382427 0.104557 0.175205 0.194861 0.16978 0.134022 0.0922726 0.0508014 0.0217147 0.00703648 0.00167565 0.000286892 3.46578e-05 2.88089e-06 1.60167e-07 5.80729e-09 1.34622e-10 1.9656e-12
 1.42814e-11 1.55012e-09 9.92083e-08 3.74396e-06 8.33189e-05 0.00109366 0.00847385 0.0388555 0.106343 0.178553 0.1989 0.172238 0.133016 0.0885984 0.0469531 0.0192787 0.00599637 0.00136443 0.000220819 2.49085e-05 1.92005e-06 9.90845e-08 3.3565e-09 7.33132e-11 1.01632e-12
 1.43349e-11 1.55592e-09 9.95804e-08 3.75804e-06 8.36344e-05 0.00109788 0.00850838 0.0390358 0.106986 0.180166 0.201543 0.17448 0.13303 0.0865645 0.0444753 0.0175329 0.00518754 0.00111604 0.000170111 1.8006e-05 1.29643e-06 6.21566e-08 1.94703e-09 3.92246e-11 5.01606e-13
 1.44953e-11 1.57334e-09 1.00695e-07 3.80015e-06 8.45737e-05 0.00111029 0.00860609 0.0395012 0.108359 0.182726 0.204376 0.175599 0.131561 0.0839048 0.0422304 0.0162115 0.00462526 0.000950164 0.000137064 1.36258e-05 9.16096e-07 4.08491e-08 1.18652e-09 2.21077e-11 2.60853e-13
 1.49946e-11 1.62754e-09 1.04164e-07 3.93111e-06 8.74901e-05 0.00114864 0.00890424 0.0408768 0.112138 0.188849 0.209687 0.176274 0.127374 0.0781556 0.0378699 0.0139602 0.00381209 0.000746964 0.000102284 9.59235e-06 6.04516e-07 2.51275e-08 6.77414e-10 1.16775e-11 1.2719e-13
 1.47683e-11 1.60298e-09 1.02593e-07 3.87188e-06 8.61768e-05 0.00113157 0.00877554 0.0403297 0.110941 0.188019 0.211219 0.179699 0.129461 0.0775455 0.0361274 0.0126837 0.0032823 0.00060807 7.85495e-05 6.9299e-06 4.09562e-07 1.59128e-08 3.99654e-10 6.39743e-12 6.45172e-14
 1.47544e-11 1.60147e-09 1.02497e-07 3.86835e-06 8.61023e-05 0.00113073 0.00877175 0.0403415 0.111147 0.188895 0.212865 0.180903 0.129149 0.0763066 0.0349276 0.0119265 0.00295935 0.000519065 6.29306e-05 5.18375e-06 2.85273e-07 1.03059e-08 2.40413e-10 3.5705e-12 3.33664e-14
 1.46959e-11 1.59513e-09 1.02093e-07 3.85317e-06 8.57702e-05 0.00112656 0.00874296 0.0402481 0.111127 0.189638 0.214878 0.182853 0.12917 0.0747167 0.0332807 0.0110028 0.00262924 0.000441419 5.0836e-05 3.94342e-06 2.02741e-07 6.80182e-09 1.46799e-10 2.013e-12 1.7353e-14
 1.3477e-11 1.46284e-09 9.36282e-08 3.53393e-06 7.86778e-05 0.00103388 0.00803349 0.0370993 0.103256 0.179563 0.211226 0.189255 0.138965 0.0811533 0.0357044 0.0115002 0.00265143 0.000426469 4.67896e-05 3.43936e-06 1.66655e-07 5.24113e-09 1.05492e-10 1.34294e-12 1.07077e-14
 1.35762e-11 1.47362e-09 9.43191e-08 3.56011e-06 7.92654e-05 0.00104173 0.00809643 0.0374031 0.10412 0.180844 0.211608 0.187782 0.137241 0.0808382 0.036101 0.0117054 0.00267077 0.000418101 4.40844e-05 3.08593e-06 1.41437e-07 4.1857e-09 7.89529e-11 9.38643e-13 6.96764e-15
#spawning biomass
 4117.97 4716.75 7139.03 12669.6 22964.8 28347.3 28227.9 30513.2 50887.1 71304.2 82562.8 98044.3 137715 171520 150298 129636 124954 138638 141663 126802 121700 138485 152120 161872 163851 179612 175950 176200 181233 200778 106625 48467.8 27134.3 20461 18532 18002.3 17861.9 17825.7 17816.5 17814.2 17813.7 17813.5 17813.5 17813.5 17813.5 17813.5 17813.5 17813.5 17813.5 17813.5 17813.5 17813.5 17813.5 17813.5 17813.5 17813.5 17813.5 17813.5 17813.5 17813.5 17813.5 17813.5 17813.5 17813.5 17813.5 17813.5 17813.5 17813.5 17813.5 17813.5 17813.5 17813.5 17813.5 17813.5 17813.5 17813.5 17813.5 17813.5 17813.5 17813.5 17813.5 17813.5 17813.5 17813.5 17813.5 17813.5 17813.5 17813.5 17813.5 17813.5 17813.5 17813.5 17813.5 17813.5 17813.5 17813.5 17813.5 17813.5 17813.5 17813.5 17813.5 17813.5 17813.5 17813.5 17813.5 17813.5 17813.5 17813.5 17813.5 17813.5 17813.5 17813.5 17813.5 17813.5 17813.5 17813.5 17813.5 17813.5 17813.5 17813.5 17813.5 17813.5 17813.5 17813.5 17813.5 17813.5 17813.5 17813.5 0 0 0 0 0 0 0 0 0 0 0 0 0 0 0 0 0 0 0 0 0 0 0 0 0
