SBPRF35
1.33231
Curr Bio
122115
B35
883472
F35
0.182312
FOFL
0
OFL
0
Bzero
380661
#pred survey bio
 14222.6 10145.2 13185.7 18765.3 23243.4 27469.2 31852.8 38521.6 43387 52830.2 69388.2 78324.6 99384.7 126703 130734 117083 106357 98274.6 98920.7 97386.9 94700.2 100491 105248 119470 130468 135745 124455 98558.6 1.85401e+06 3.15364e+06 4.27863e+06 4.7572e+06 4.81606e+06 4.65696e+06 4.40649e+06 4.13755e+06 3.88766e+06 3.67263e+06 3.49606e+06 3.35547e+06 3.24583e+06 3.16143e+06 3.09587e+06 3.04375e+06 3.00543e+06 2.97715e+06 2.95617e+06 2.94053e+06 2.92879e+06 2.91994e+06 2.9132e+06 2.90804e+06 2.90406e+06 2.90096e+06 2.89852e+06 2.89659e+06 2.89505e+06 2.89381e+06 2.89281e+06 2.89199e+06 2.89131e+06 2.89075e+06 2.89028e+06 2.88989e+06 2.88956e+06 2.88929e+06 2.88905e+06 2.88885e+06 2.88868e+06 2.88853e+06 2.88841e+06 2.8883e+06 2.88821e+06 2.88813e+06 2.88806e+06 2.88801e+06 2.88796e+06 2.88791e+06 2.88787e+06 2.88784e+06 2.88781e+06 2.88779e+06 2.88777e+06 2.88775e+06 2.88774e+06 2.88772e+06 2.88771e+06 2.8877e+06 2.88769e+06 2.88769e+06 2.88768e+06 2.88767e+06 2.88767e+06 2.88766e+06 2.88766e+06 2.88766e+06 2.88766e+06 2.88765e+06 2.88765e+06 2.88765e+06 2.88765e+06 2.88765e+06 2.88765e+06 2.88764e+06 2.88764e+06 2.88764e+06 2.88764e+06 2.88764e+06 2.88764e+06 2.88764e+06 2.88764e+06 2.88764e+06 2.88764e+06 2.88764e+06 2.88764e+06 2.88764e+06 2.88764e+06 2.88764e+06 2.88764e+06 2.88764e+06 2.88764e+06 2.88764e+06 2.88764e+06 2.88764e+06 2.88764e+06 2.88764e+06 2.88764e+06 2.88764e+06 0 0 0 0 0 0 0 0 0 0 0 0 0 0 0 0 0 0 0 0 0 0 0 0 0
#obs survey bio
 13252.4 12114.9 11626 20581.1 30226.9 21113.9 25657 33412.4 52125 60937.1 58538.4 96913.1 74856 120297 100136 135568 118147 70534 48319.7 74966.5 67887.4 86074.2 91132.3 94677.9 84922.4 112098 82317.5 68909.9
#pred catch bio
 10520.8 5886.36 6939.02 11014 14627 18202.3 20564.9 26832.7 31564.1 36355.5 52617.7 58202.7 71051.5 94637 103537 95376.8 88666.1 81087.9 82048 84063 81444.8 86711.2 88840.8 104226 114425 121943 114827 94880.8 0 18899.4 30150.6 34078.3 34246 32785.2 30689.8 28498.6 26488.6 24774.7 23379.6 22279.1 21430.3 20785.5 20295.7 19919.8 19649 19453.9 19313.4 19212.2 19139.2 19086.7 19048.9 19021.6 19002 18987.8 18977.6 18970.3 18965 18961.2 18958.4 18956.5 18955 18954 18953.3 18952.7 18952.3 18952.1 18951.9 18951.7 18951.6 18951.5 18951.5 18951.5 18951.4 18951.4 18951.4 18951.4 18951.4 18951.4 18951.4 18951.4 18951.4 18951.4 18951.4 18951.4 18951.4 18951.4 18951.4 18951.4 18951.4 18951.4 18951.4 18951.4 18951.4 18951.4 18951.4 18951.4 18951.4 18951.4 18951.4 18951.4 18951.4 18951.4 18951.4 18951.4 18951.4 18951.4 18951.4 18951.4 18951.4 18951.4 18951.4 18951.4 18951.4 18951.4 18951.4 18951.4 18951.4 18951.4 18951.4 18951.4 18951.4 18951.4 18951.4 18951.4 18951.4 18951.4 18951.4 18951.4 0 0 0 0 0 0 0 0 0 0 0 0 0 0 0 0 0 0 0 0 0 0 0 0 0
#obs catch bio
 5595.47 5884.24 6783.84 10673.2 14295 17868.2 20374.8 26499 30662.1 35176.5 51727.7 57073.6 67794.6 91666.4 100416 93531.5 84836.4 79894.3 81695.8 82953.1 80791.3 84975.1 86780.4 100704 111903 119632 115033 94541.5
#pred cpue bio
 10876.6 7003.32 8358.64 12216.2 15423.2 17709.6 20079.5 24400.3 26817.1 30180.6 40821 45580.2 55449.1 73934.7 81769.5 72490.8 63071.9 56950.1 55924.8 55927.2 51469.7 53641.2 56694.9 63190 68028 72467.1 67978.7 55179.1 948706 2.50201e+06 4.05983e+06 4.62522e+06 4.67891e+06 4.5133e+06 4.26038e+06 3.99071e+06 3.74062e+06 3.52553e+06 3.34895e+06 3.20836e+06 3.09872e+06 3.01432e+06 2.94876e+06 2.89664e+06 2.85832e+06 2.83004e+06 2.80906e+06 2.79342e+06 2.78168e+06 2.77282e+06 2.76609e+06 2.76093e+06 2.75694e+06 2.75384e+06 2.75141e+06 2.74948e+06 2.74794e+06 2.7467e+06 2.7457e+06 2.74487e+06 2.7442e+06 2.74364e+06 2.74317e+06 2.74278e+06 2.74245e+06 2.74217e+06 2.74194e+06 2.74174e+06 2.74157e+06 2.74142e+06 2.7413e+06 2.74119e+06 2.7411e+06 2.74102e+06 2.74095e+06 2.74089e+06 2.74084e+06 2.7408e+06 2.74076e+06 2.74073e+06 2.7407e+06 2.74068e+06 2.74066e+06 2.74064e+06 2.74062e+06 2.74061e+06 2.7406e+06 2.74059e+06 2.74058e+06 2.74057e+06 2.74057e+06 2.74056e+06 2.74056e+06 2.74055e+06 2.74055e+06 2.74054e+06 2.74054e+06 2.74054e+06 2.74054e+06 2.74054e+06 2.74053e+06 2.74053e+06 2.74053e+06 2.74053e+06 2.74053e+06 2.74053e+06 2.74053e+06 2.74053e+06 2.74053e+06 2.74053e+06 2.74053e+06 2.74053e+06 2.74053e+06 2.74053e+06 2.74053e+06 2.74053e+06 2.74053e+06 2.74053e+06 2.74053e+06 2.74053e+06 2.74052e+06 2.74052e+06 2.74052e+06 2.74052e+06 2.74052e+06 2.74052e+06 2.74052e+06 2.74052e+06 0 0 0 0 0 0 0 0 0 0 0 0 0 0 0 0 0 0 0 0 0 0 0 0 0
#obs cpue bio
 5268.51 5934.73 14689.6 17657.1 18963.5 24794.9 27895 35719.4 45833.3 39570.8 51036.3 66500 138309 112859 160745 101302 105921 94547.3 94935.2 112931 78994.8 83012.4 104128 141995 125757 116650 97406.9 113974
#pred surv len freq
 2.56008e-27 2.58021e-27 2.62351e-26 4.99469e-20 1.22439e-14 3.62808e-10 1.29952e-06 0.000562641 0.0294466 0.186288 0.142871 0.0393548 0.199174 0.184337 0.048514 0.0647893 0.028095 0.0219197 0.0135591 0.0103613 0.00816666 0.00709477 0.00715324 0.00636566 0.00194586
 2.56349e-27 2.58951e-27 3.43364e-26 6.70366e-20 1.64332e-14 4.86946e-10 1.74416e-06 0.000755154 0.039522 0.250027 0.19152 0.0379928 0.154634 0.143728 0.0506477 0.0795154 0.0269501 0.0111429 0.00495242 0.00281507 0.00180584 0.00134593 0.00120574 0.00107595 0.000360759
 2.56586e-27 2.59571e-27 3.95719e-26 7.80804e-20 1.91405e-14 5.67166e-10 2.03149e-06 0.00087956 0.046033 0.291217 0.222986 0.0388475 0.139031 0.128747 0.0374191 0.0532601 0.0212022 0.0133976 0.004286 0.00132334 0.00055528 0.000314281 0.000233693 0.000196633 6.83636e-05
 2.5639e-27 2.5903e-27 3.46958e-26 6.77936e-20 1.66188e-14 4.92444e-10 1.76385e-06 0.00076368 0.0399683 0.252851 0.193724 0.0410261 0.176169 0.16291 0.0415569 0.0539961 0.0198766 0.0106572 0.00429972 0.00160939 0.000361765 0.000112471 5.89073e-05 4.28455e-05 1.47789e-05
 2.56376e-27 2.59009e-27 3.46647e-26 6.77286e-20 1.66029e-14 4.91972e-10 1.76216e-06 0.000762949 0.03993 0.252608 0.193517 0.0396293 0.165686 0.153614 0.0467921 0.0682347 0.0235503 0.0102561 0.0036351 0.00130476 0.000375476 7.18932e-05 1.75128e-05 9.12101e-06 2.95951e-06
 2.56464e-27 2.59236e-27 3.65775e-26 7.17634e-20 1.75919e-14 5.2128e-10 1.86714e-06 0.0008084 0.0423087 0.267657 0.205013 0.0399426 0.159993 0.148127 0.0415809 0.0577766 0.0210875 0.0108599 0.00350206 0.00101383 0.000260902 5.64026e-05 8.03512e-06 1.87277e-06 5.08354e-07
 2.56475e-27 2.59252e-27 3.65734e-26 7.17541e-20 1.75897e-14 5.21213e-10 1.8669e-06 0.000808295 0.0423033 0.267622 0.205005 0.0410864 0.168703 0.155955 0.0391868 0.0502589 0.017473 0.00782213 0.00270167 0.000852262 0.000181123 3.35784e-05 4.66567e-06 4.88353e-07 7.70618e-08
 2.56466e-27 2.59228e-27 3.63914e-26 7.13703e-20 1.74956e-14 5.18425e-10 1.85691e-06 0.000803971 0.042077 0.266191 0.203908 0.0408597 0.167749 0.155169 0.0407804 0.0540608 0.0181561 0.00712993 0.00227139 0.000660167 0.000153428 2.54879e-05 2.9701e-06 2.34434e-07 1.57266e-08
 2.56519e-27 2.59365e-27 3.75159e-26 7.37423e-20 1.8077e-14 5.35655e-10 1.91863e-06 0.000830692 0.0434754 0.275038 0.210669 0.0412326 0.165836 0.153251 0.0376772 0.0474503 0.0159069 0.00619331 0.00185488 0.000467163 9.74332e-05 1.6522e-05 1.78156e-06 1.14069e-07 4.34153e-09
 2.56727e-27 2.59915e-27 4.22453e-26 8.37188e-20 2.05227e-14 6.08123e-10 2.17819e-06 0.000943075 0.0493571 0.312247 0.239076 0.0408987 0.143337 0.13227 0.0300103 0.0351941 0.0113921 0.00382301 0.0011196 0.000271306 4.98206e-05 7.38421e-06 7.74463e-07 4.52415e-08 1.27873e-09
 2.56578e-27 2.59503e-27 3.85181e-26 7.58557e-20 1.85951e-14 5.51006e-10 1.97361e-06 0.000854499 0.0447214 0.28292 0.216711 0.0427038 0.172786 0.159297 0.0321014 0.0331416 0.0104958 0.00317067 0.000870569 0.000186149 3.2721e-05 4.35177e-06 3.9381e-07 2.16624e-08 5.39202e-10
 2.5663e-27 2.59645e-27 3.98053e-26 7.85713e-20 1.92608e-14 5.70732e-10 2.04427e-06 0.000885089 0.0463224 0.293048 0.224435 0.0420392 0.162303 0.149711 0.0320126 0.0353233 0.0107119 0.00244659 0.000621232 0.000117461 1.82978e-05 2.21514e-06 1.79571e-07 8.53756e-09 1.95136e-10
 2.56746e-27 2.59957e-27 4.25333e-26 8.43261e-20 2.06715e-14 6.12534e-10 2.19399e-06 0.000949916 0.0497152 0.314512 0.240816 0.0415307 0.146924 0.13544 0.0280381 0.0298606 0.00920166 0.00234813 0.000565549 8.32175e-05 1.13341e-05 1.19127e-06 8.52783e-08 3.58043e-09 7.11263e-11
 2.56582e-27 2.59508e-27 3.85235e-26 7.5867e-20 1.85979e-14 5.51089e-10 1.97391e-06 0.000854626 0.0447281 0.282962 0.216749 0.043017 0.175144 0.161416 0.0314536 0.0311081 0.00952819 0.00235402 0.000579842 9.25013e-05 1.09184e-05 9.18301e-07 5.57859e-08 2.0285e-09 3.51565e-11
 2.56378e-27 2.58968e-27 3.38632e-26 6.6036e-20 1.61879e-14 4.79678e-10 1.71812e-06 0.000743882 0.0389321 0.246296 0.188756 0.0433636 0.197449 0.182258 0.0398422 0.0449826 0.0135713 0.00296846 0.000710411 0.000110608 1.36846e-05 1.10712e-06 5.33262e-08 1.59071e-09 2.35516e-11
 2.56476e-27 2.59244e-27 3.63976e-26 7.1383e-20 1.74987e-14 5.18517e-10 1.85724e-06 0.000804115 0.0420845 0.266238 0.20396 0.0418521 0.175265 0.16195 0.0392134 0.0486834 0.0150372 0.00384914 0.000917781 0.000127414 1.51131e-05 1.23404e-06 5.8695e-08 1.43012e-09 1.69959e-11
 2.56558e-27 2.59451e-27 3.80771e-26 7.49254e-20 1.83671e-14 5.44249e-10 1.94941e-06 0.000844019 0.0441729 0.27945 0.214061 0.0426661 0.174361 0.160799 0.033241 0.0353553 0.0110542 0.00308825 0.000769893 0.000120137 1.36505e-05 1.01743e-06 4.77215e-08 1.14122e-09 1.1398e-11
 2.56591e-27 2.59532e-27 3.87081e-26 7.62563e-20 1.86933e-14 5.53916e-10 1.98403e-06 0.000859011 0.0449575 0.284414 0.217859 0.0431444 0.175333 0.161557 0.0308847 0.0297595 0.00888599 0.00181988 0.000439767 7.36429e-05 9.09277e-06 7.07771e-07 3.05198e-08 7.02036e-10 6.80434e-12
 2.56668e-27 2.59739e-27 4.0533e-26 8.01061e-20 1.9637e-14 5.81881e-10 2.0842e-06 0.000902379 0.0472273 0.298773 0.228815 0.0426459 0.163842 0.150947 0.0288965 0.0278893 0.00821092 0.0014774 0.000324451 4.16845e-05 5.07159e-06 4.29514e-07 1.97799e-08 4.32777e-10 3.97783e-12
 2.56587e-27 2.59515e-27 3.84966e-26 7.58098e-20 1.85839e-14 5.50673e-10 1.97242e-06 0.000853982 0.0446943 0.282749 0.216597 0.0437102 0.180526 0.166235 0.029661 0.025783 0.00755567 0.00131781 0.000280585 3.14117e-05 3.14218e-06 2.25626e-07 1.09745e-08 2.57437e-10 2.3145e-12
 2.56759e-27 2.59982e-27 4.26441e-26 8.45594e-20 2.07287e-14 6.14229e-10 2.20007e-06 0.000952545 0.0498528 0.315382 0.241494 0.0423931 0.15301 0.140865 0.0255455 0.022778 0.0065637 0.000947086 0.000190647 2.03963e-05 1.87911e-06 1.10964e-07 4.40066e-09 1.02645e-10 9.83665e-13
 2.56764e-27 2.59988e-27 4.26141e-26 8.44959e-20 2.07131e-14 6.13767e-10 2.19841e-06 0.000951828 0.0498153 0.315145 0.241324 0.0431036 0.158537 0.145794 0.023322 0.0164707 0.00472116 0.000669793 0.000130409 1.16971e-05 9.88918e-07 5.41004e-08 1.80474e-09 3.3962e-11 3.08419e-13
 2.56738e-27 2.59917e-27 4.19862e-26 8.31712e-20 2.03884e-14 6.04146e-10 2.16395e-06 0.000936907 0.0490343 0.310205 0.237555 0.0432982 0.162665 0.149607 0.0240556 0.0171773 0.00483465 0.000527149 9.32178e-05 8.15699e-06 6.33165e-07 2.93913e-08 8.92317e-10 1.43406e-11 1.05524e-13
 2.56806e-27 2.60104e-27 4.36762e-26 8.67366e-20 2.12624e-14 6.30044e-10 2.25671e-06 0.00097707 0.0511363 0.323503 0.247696 0.0424942 0.149422 0.137457 0.0231843 0.0182492 0.00516591 0.000599457 0.000105746 7.44608e-06 5.13743e-07 2.24671e-08 5.89429e-10 8.27969e-12 5.24033e-14
 2.56813e-27 2.60116e-27 4.37264e-26 8.68423e-20 2.12883e-14 6.30812e-10 2.25946e-06 0.000978261 0.0511986 0.323897 0.248005 0.0429639 0.152779 0.140436 0.0215458 0.0137673 0.00388438 0.000455751 8.1088e-05 5.89381e-06 3.82574e-07 1.34996e-08 3.20536e-10 3.97675e-12 2.16289e-14
 2.56746e-27 2.59934e-27 4.21014e-26 8.3414e-20 2.04479e-14 6.05909e-10 2.17026e-06 0.000939642 0.0491775 0.31111 0.23825 0.0435343 0.163974 0.150749 0.0230749 0.0146538 0.00408164 0.000385588 6.22865e-05 4.55086e-06 2.99842e-07 1.05633e-08 2.14994e-10 2.26077e-12 1.08934e-14
 2.56682e-27 2.59761e-27 4.05749e-26 8.01938e-20 1.96585e-14 5.82518e-10 2.08648e-06 0.000903366 0.0472789 0.2991 0.229086 0.0439881 0.173866 0.159881 0.0247492 0.0161708 0.00449831 0.00040919 6.34647e-05 3.83558e-06 2.23946e-07 7.91961e-09 1.62275e-10 1.55299e-12 6.27111e-15
 2.56604e-27 2.59547e-27 3.86699e-26 7.61751e-20 1.86734e-14 5.53326e-10 1.98192e-06 0.000858097 0.0449097 0.284111 0.217652 0.0446336 0.186812 0.171811 0.026573 0.0173248 0.00481423 0.000429109 6.55498e-05 3.79424e-06 2.01864e-07 5.85505e-09 1.12051e-10 1.07538e-12 4.10147e-15
#obs surv len freq
 1.08887e-41 1.51128e-33 2.53548e-26 5.14191e-20 1.26048e-14 3.73503e-10 1.33783e-06 0.000579233 0.0303147 0.19178 0.147153 0.0402695 0.17365 0.146885 0.103566 0.101235 0.0434062 0.0168741 0.00378562 0.000474868 2.44978e-05 3.76234e-07 1.28885e-09 8.00631e-13 7.89651e-17
 1.60372e-41 2.22586e-33 3.73434e-26 7.57317e-20 1.85648e-14 5.50107e-10 1.97039e-06 0.000853113 0.0446485 0.28246 0.216409 0.0406997 0.126794 0.102331 0.0760294 0.0686986 0.0286785 0.0101496 0.00202134 0.000215783 9.0335e-06 1.06835e-07 2.71116e-10 1.21967e-13 8.60238e-18
 1.53645e-41 2.13249e-33 3.5777e-26 7.25551e-20 1.7786e-14 5.27032e-10 1.88774e-06 0.000817328 0.0427757 0.270612 0.207592 0.0500184 0.176757 0.12884 0.0564826 0.0425766 0.0170222 0.00545575 0.000959869 8.55155e-05 2.84972e-06 2.57454e-08 4.82962e-11 1.57156e-14 7.91844e-19
 1.07442e-41 1.49123e-33 2.50184e-26 5.07369e-20 1.24376e-14 3.68548e-10 1.32008e-06 0.000571548 0.0299125 0.189238 0.145685 0.0564257 0.230029 0.16301 0.0983382 0.0661405 0.0160907 0.00391334 0.000598785 4.41977e-05 1.15419e-06 7.85383e-09 1.08251e-11 2.5451e-15 9.16259e-20
 1.5014e-41 2.08384e-33 3.49607e-26 7.08996e-20 1.73802e-14 5.15007e-10 1.84467e-06 0.00079868 0.0417997 0.264439 0.20291 0.0471545 0.141969 0.104074 0.104268 0.0693966 0.0192314 0.00360226 0.000336674 1.88708e-05 3.81747e-07 1.9358e-09 1.94122e-12 3.27963e-16 8.42172e-21
 1.20146e-41 1.66754e-33 2.79765e-26 5.67358e-20 1.39081e-14 4.12122e-10 1.47616e-06 0.000639124 0.0334492 0.211613 0.163131 0.0650013 0.231236 0.143979 0.0782542 0.0496196 0.0190302 0.00373824 0.000296544 1.0204e-05 1.37995e-07 5.08246e-10 3.68063e-13 4.43858e-17 8.08733e-22
 1.37583e-41 1.90957e-33 3.20369e-26 6.49703e-20 1.59267e-14 4.71937e-10 1.6904e-06 0.000731886 0.038304 0.242326 0.18646 0.0579061 0.175035 0.11661 0.109926 0.057057 0.0128964 0.00251261 0.00022578 6.52133e-06 5.58808e-08 1.28996e-10 6.38764e-14 5.42849e-18 6.98215e-23
 1.19365e-41 1.65671e-33 2.77947e-26 5.63671e-20 1.38177e-14 4.09445e-10 1.46656e-06 0.000634972 0.0332319 0.210241 0.162527 0.0722324 0.227186 0.133358 0.0939323 0.0495755 0.0148514 0.00208715 0.000137657 3.8844e-06 2.79321e-08 4.29229e-11 1.31468e-14 7.23101e-19 6.32332e-24
 1.51305e-41 2.10002e-33 3.52321e-26 7.145e-20 1.75151e-14 5.19005e-10 1.85899e-06 0.00080488 0.0421242 0.266495 0.205304 0.0644153 0.166991 0.104068 0.096442 0.0422855 0.00960209 0.00138425 8.10084e-05 1.61759e-06 9.6029e-09 1.21065e-11 2.65013e-15 9.42023e-20 5.22022e-25
 1.5207e-41 2.11063e-33 3.54102e-26 7.18112e-20 1.76037e-14 5.21629e-10 1.86839e-06 0.000808948 0.0423371 0.267846 0.206953 0.0779327 0.198267 0.103563 0.0660629 0.02837 0.00702886 0.000789817 3.82201e-05 6.49239e-07 2.79817e-09 2.61464e-12 4.45575e-16 1.19141e-20 4.63215e-26
 1.09698e-41 1.52253e-33 2.55436e-26 5.18019e-20 1.26986e-14 3.76284e-10 1.34779e-06 0.000583545 0.0305404 0.193223 0.151048 0.0972676 0.258368 0.136111 0.0950789 0.0317344 0.00545591 0.000564406 2.31788e-05 3.00931e-07 1.01542e-09 6.98928e-13 8.45844e-17 1.64578e-21 4.75739e-27
 1.66268e-41 2.30768e-33 3.87162e-26 7.85157e-20 1.92472e-14 5.70329e-10 2.04283e-06 0.000884474 0.0462898 0.292853 0.226111 0.0710705 0.144334 0.0942559 0.0902551 0.0289102 0.00467919 0.000343452 1.04891e-05 1.09594e-07 2.77287e-10 1.41026e-13 1.25092e-17 1.73605e-22 3.5332e-28
 1.33419e-41 1.85177e-33 3.10672e-26 6.30037e-20 1.54446e-14 4.57652e-10 1.63924e-06 0.000709733 0.0371446 0.235012 0.184127 0.110431 0.24272 0.106811 0.0578675 0.0207694 0.00412177 0.000277471 6.40976e-06 4.61921e-08 8.57437e-11 3.21404e-14 2.05678e-18 2.05061e-23 2.98984e-29
 1.11451e-41 1.54686e-33 2.59518e-26 5.26298e-20 1.29016e-14 3.82297e-10 1.36933e-06 0.000592871 0.0310285 0.196327 0.155181 0.111877 0.235301 0.138087 0.104209 0.0241629 0.00301537 0.000213294 4.84102e-06 2.71309e-08 3.45692e-11 8.9032e-15 4.04358e-19 2.88159e-24 2.98713e-30
 8.76445e-42 1.21645e-33 2.04084e-26 4.13879e-20 1.01458e-14 3.00637e-10 1.07683e-06 0.000466232 0.0244008 0.15441 0.124447 0.123533 0.249425 0.159777 0.124292 0.0344184 0.00462166 0.000205151 3.54616e-06 1.81196e-08 1.87435e-11 3.44716e-15 1.06181e-19 5.15476e-25 3.71234e-31
 1.41538e-41 1.96446e-33 3.29579e-26 6.6838e-20 1.63846e-14 4.85504e-10 1.739e-06 0.000752925 0.0394052 0.249324 0.195441 0.0945737 0.159773 0.126401 0.101502 0.0285818 0.00405184 0.000189657 2.54625e-06 8.83345e-09 7.14821e-12 1.06368e-15 2.48465e-20 8.56206e-26 4.22528e-32
 9.76947e-42 1.35594e-33 2.27487e-26 4.61339e-20 1.13092e-14 3.35111e-10 1.20031e-06 0.000519695 0.0271989 0.172153 0.141936 0.162399 0.273175 0.12594 0.0716075 0.0218141 0.00311076 0.000143699 1.87308e-06 5.42314e-09 3.08094e-12 3.20197e-16 5.57838e-21 1.46878e-26 5.43085e-33
 1.43548e-41 1.99235e-33 3.34259e-26 6.7787e-20 1.66172e-14 4.92397e-10 1.76369e-06 0.000763616 0.0399647 0.25289 0.200166 0.107929 0.161381 0.136019 0.083997 0.0151818 0.00163229 7.3357e-05 8.95367e-07 2.34079e-09 1.1201e-12 8.80196e-17 1.07246e-21 1.95499e-27 5.14762e-34
 1.00298e-41 1.39207e-33 2.33549e-26 4.73633e-20 1.16106e-14 3.44042e-10 1.2323e-06 0.000533545 0.0279238 0.176798 0.149429 0.183389 0.260964 0.121255 0.062348 0.0158462 0.00146837 4.24347e-05 4.17258e-07 9.52374e-10 3.88517e-13 2.51952e-17 2.4225e-22 3.30019e-28 6.19626e-35
 1.28606e-41 1.78497e-33 2.99466e-26 6.07311e-20 1.48875e-14 4.41144e-10 1.58011e-06 0.000684132 0.0358049 0.226631 0.183964 0.132492 0.181578 0.152445 0.074095 0.0113256 0.000950189 2.70722e-05 1.89178e-07 3.03964e-10 9.71485e-14 5.08858e-18 3.91568e-23 4.19838e-29 6.08066e-36
 1.40987e-41 1.95681e-33 3.28295e-26 6.65776e-20 1.63207e-14 4.83613e-10 1.73222e-06 0.000749992 0.0392519 0.248497 0.204376 0.159025 0.187231 0.10204 0.0482726 0.00987893 0.000662841 1.34655e-05 8.02581e-08 9.98048e-11 2.21108e-14 8.19379e-19 4.69957e-24 3.85652e-30 4.29379e-37
 1.12767e-41 1.56514e-33 2.62584e-26 5.32516e-20 1.3054e-14 3.86814e-10 1.3855e-06 0.000599875 0.0313956 0.198898 0.172517 0.196355 0.225134 0.123102 0.0449964 0.00655502 0.000437615 8.36616e-06 3.65469e-08 3.38632e-11 5.77377e-15 1.56269e-19 6.24602e-25 3.56587e-31 2.82718e-38
 1.37626e-41 1.91016e-33 3.20469e-26 6.49904e-20 1.59316e-14 4.72083e-10 1.69093e-06 0.000732113 0.0383163 0.242669 0.203231 0.160603 0.179201 0.126016 0.0437022 0.00527512 0.000249256 3.76892e-06 1.43433e-08 1.03868e-11 1.27471e-15 2.50188e-20 7.35861e-26 3.05164e-32 1.71484e-39
 1.35578e-41 1.88173e-33 3.15699e-26 6.40232e-20 1.56945e-14 4.65058e-10 1.66576e-06 0.000721217 0.0377465 0.239204 0.207104 0.193738 0.18797 0.0970313 0.0321474 0.00416596 0.000167911 1.8292e-06 4.99144e-09 2.81048e-12 2.71107e-16 3.97611e-21 8.38596e-27 2.47217e-33 9.95133e-41
 1.18573e-41 1.64571e-33 2.76102e-26 5.59929e-20 1.3726e-14 4.06726e-10 1.45683e-06 0.000630756 0.0330126 0.20941 0.190126 0.214002 0.206882 0.11312 0.0297696 0.00293647 0.000108098 1.03694e-06 2.11783e-09 8.30408e-13 5.70311e-17 6.2014e-22 9.82895e-28 2.14824e-34 6.26805e-42
 1.06533e-41 1.47861e-33 2.48068e-26 5.03077e-20 1.23323e-14 3.6543e-10 1.30891e-06 0.000566713 0.0296613 0.188362 0.178383 0.221284 0.217292 0.129386 0.0322181 0.0027694 7.58654e-05 5.66263e-07 9.51692e-10 2.89735e-13 1.42835e-17 1.07763e-22 1.19235e-28 1.85818e-35 3.93575e-43
 1.047e-41 1.45317e-33 2.438e-26 4.94422e-20 1.21202e-14 3.59143e-10 1.28639e-06 0.000556963 0.0291517 0.185292 0.179305 0.221061 0.216987 0.132605 0.032293 0.00268384 6.29819e-05 3.58117e-07 4.38984e-10 1.00811e-13 3.80795e-18 2.14724e-23 1.71063e-29 1.86893e-36 2.74746e-44
 1.26988e-41 1.76251e-33 2.95698e-26 5.9967e-20 1.47002e-14 4.35594e-10 1.56023e-06 0.000675525 0.0353565 0.224442 0.204827 0.199958 0.192325 0.112981 0.0271456 0.0022361 5.10678e-05 2.67208e-07 2.76679e-10 5.07053e-14 1.51677e-18 6.9073e-24 4.51896e-30 4.06115e-37 4.85962e-45
#pred catch len freq
 2.55604e-27 2.56954e-27 1.7111e-26 3.07002e-20 7.52577e-15 2.23002e-10 7.98756e-07 0.000345831 0.0180995 0.114503 0.0880581 0.0393577 0.237706 0.220252 0.0612186 0.0848871 0.0367154 0.028493 0.0175379 0.0133508 0.0105004 0.00911381 0.00918613 0.00817424 0.00249869
 2.55803e-27 2.57516e-27 2.21202e-26 4.12674e-20 1.01162e-14 2.99762e-10 1.0737e-06 0.000464869 0.0243296 0.153916 0.118125 0.0375954 0.203177 0.189356 0.0737598 0.120839 0.0409822 0.0169585 0.00751297 0.00425402 0.0027229 0.00202744 0.00181567 0.00162012 0.000543213
 2.56018e-27 2.58072e-27 2.67263e-26 5.09831e-20 1.24979e-14 3.70335e-10 1.32648e-06 0.000574314 0.0300575 0.190153 0.145821 0.0392879 0.196597 0.182506 0.0584304 0.0878643 0.0350294 0.0221767 0.0070813 0.00217656 0.000910986 0.000515001 0.000382799 0.000322067 0.000111973
 2.55876e-27 2.57664e-27 2.29085e-26 4.29284e-20 1.05234e-14 3.11826e-10 1.11691e-06 0.000483579 0.0253088 0.160111 0.122927 0.0420954 0.234047 0.216802 0.0597901 0.0821336 0.0302482 0.0162101 0.00652023 0.00243185 0.000545438 0.00016929 8.86195e-05 6.44498e-05 2.22307e-05
 2.55873e-27 2.57679e-27 2.32504e-26 4.36504e-20 1.07004e-14 3.17071e-10 1.1357e-06 0.000491713 0.0257345 0.162804 0.124952 0.0401498 0.21782 0.202339 0.0665558 0.101133 0.0348937 0.0151572 0.00535611 0.00191395 0.000549573 0.000105102 2.55823e-05 1.33214e-05 4.32236e-06
 2.55986e-27 2.57967e-27 2.56316e-26 4.86731e-20 1.19316e-14 3.53556e-10 1.26638e-06 0.000548293 0.0286957 0.181537 0.139268 0.0408707 0.213247 0.197749 0.0589957 0.0851102 0.0310212 0.015897 0.00511192 0.00147249 0.000377991 8.16073e-05 1.1619e-05 2.70729e-06 7.34855e-07
 2.55997e-27 2.57978e-27 2.5524e-26 4.84455e-20 1.18758e-14 3.51902e-10 1.26045e-06 0.000545728 0.0285614 0.180688 0.138646 0.0424958 0.226051 0.209273 0.0558041 0.0748055 0.0259853 0.0115807 0.00398725 0.00125217 0.000265507 4.91477e-05 6.82475e-06 7.14162e-07 1.12686e-07
 2.56019e-27 2.58037e-27 2.60621e-26 4.95806e-20 1.21541e-14 3.60147e-10 1.28999e-06 0.000558515 0.0292307 0.184922 0.141873 0.0421903 0.221459 0.205117 0.0565673 0.0775396 0.0260018 0.0101348 0.00321786 0.000930418 0.000215713 3.57867e-05 4.1673e-06 3.28845e-07 2.2058e-08
 2.56102e-27 2.58248e-27 2.77892e-26 5.32235e-20 1.30471e-14 3.86609e-10 1.38477e-06 0.000599552 0.0313784 0.198509 0.152258 0.0428266 0.219005 0.202603 0.0516125 0.0668461 0.0223614 0.0086216 0.00257344 0.000644514 0.000134075 2.27015e-05 2.44634e-06 1.5659e-07 5.95929e-09
 2.5631e-27 2.58796e-27 3.24608e-26 6.30781e-20 1.54628e-14 4.58192e-10 1.64117e-06 0.000710562 0.0371883 0.235264 0.180324 0.0428212 0.199245 0.184088 0.043266 0.052403 0.0169356 0.00562982 0.00164309 0.000395979 7.25339e-05 1.07333e-05 1.12493e-06 6.56975e-08 1.85672e-09
 2.56201e-27 2.58485e-27 2.95645e-26 5.69675e-20 1.39649e-14 4.13805e-10 1.48218e-06 0.000641727 0.0335857 0.212473 0.162954 0.0448808 0.227123 0.209553 0.043082 0.0455425 0.0143944 0.00429417 0.00117462 0.000249649 4.37662e-05 5.81135e-06 5.25498e-07 2.88976e-08 7.19223e-10
 2.56244e-27 2.58607e-27 3.06896e-26 5.93411e-20 1.45468e-14 4.31047e-10 1.54394e-06 0.000668466 0.0349851 0.221326 0.169701 0.044118 0.216577 0.199953 0.0437688 0.0494868 0.0149873 0.00338206 0.000855353 0.000160751 2.49742e-05 3.01814e-06 2.44482e-07 1.162e-08 2.65558e-10
 2.56358e-27 2.58912e-27 3.33458e-26 6.49444e-20 1.59203e-14 4.71748e-10 1.68972e-06 0.000731586 0.0382885 0.242224 0.185653 0.0437005 0.202193 0.18658 0.0396036 0.0433674 0.0133453 0.0033669 0.000808378 0.000118228 1.60558e-05 1.68448e-06 1.20487e-07 5.05699e-09 1.00446e-10
 2.56199e-27 2.58472e-27 2.94031e-26 5.66268e-20 1.38814e-14 4.1133e-10 1.47332e-06 0.000637889 0.0333848 0.211202 0.161991 0.0453327 0.231238 0.213279 0.0424511 0.0431352 0.0131936 0.00322073 0.000790558 0.00012536 1.47594e-05 1.23886e-06 7.51925e-08 2.73316e-09 4.73627e-11
 2.56014e-27 2.57986e-27 2.52505e-26 4.78673e-20 1.17341e-14 3.47702e-10 1.24541e-06 0.000539215 0.0282206 0.178532 0.137043 0.0452736 0.248317 0.229362 0.051149 0.0589093 0.0177478 0.00383186 0.000913444 0.000141341 1.74399e-05 1.40836e-06 6.7775e-08 2.02084e-09 2.99154e-11
 2.56129e-27 2.58311e-27 2.82315e-26 5.41563e-20 1.32758e-14 3.93385e-10 1.40904e-06 0.000610059 0.0319283 0.201988 0.154925 0.0434889 0.222171 0.205428 0.05041 0.0632768 0.0195028 0.00491845 0.00116845 0.000161175 1.90617e-05 1.55347e-06 7.38252e-08 1.79804e-09 2.13644e-11
 2.56241e-27 2.58592e-27 3.05126e-26 5.89677e-20 1.44552e-14 4.28334e-10 1.53422e-06 0.000664259 0.0347649 0.219933 0.168645 0.0445858 0.220879 0.203806 0.0423314 0.0452649 0.0141142 0.00387853 0.000963072 0.000149302 1.69193e-05 1.25851e-06 5.89754e-08 1.40977e-09 1.40778e-11
 2.56272e-27 2.58667e-27 3.10736e-26 6.01507e-20 1.47452e-14 4.36927e-10 1.565e-06 0.000677586 0.0354624 0.224345 0.172025 0.0452578 0.223618 0.20616 0.0396087 0.0384244 0.0114524 0.00230768 0.000554859 9.23101e-05 1.13674e-05 8.83179e-07 3.805e-08 8.74868e-10 8.478e-12
 2.56363e-27 2.58912e-27 3.32289e-26 6.46975e-20 1.58598e-14 4.69954e-10 1.6833e-06 0.000728803 0.0381429 0.241303 0.184965 0.0446952 0.210246 0.193807 0.0371868 0.0360016 0.0105816 0.00187242 0.000409101 5.22077e-05 6.33135e-06 5.35204e-07 2.46266e-08 5.38603e-10 4.94961e-12
 2.56303e-27 2.58742e-27 3.16536e-26 6.13739e-20 1.50451e-14 4.45813e-10 1.59683e-06 0.000691365 0.0361835 0.228908 0.175517 0.0457855 0.225181 0.207442 0.0369393 0.032004 0.00936172 0.00160407 0.00033972 3.77779e-05 3.76654e-06 2.69868e-07 1.31142e-08 3.07512e-10 2.76423e-12
 2.56498e-27 2.59272e-27 3.63574e-26 7.12971e-20 1.74776e-14 5.17893e-10 1.85501e-06 0.000803147 0.0420338 0.265918 0.203754 0.0443015 0.194049 0.178735 0.0322484 0.0285256 0.008207 0.00116315 0.000232634 2.47209e-05 2.27005e-06 1.33755e-07 5.29898e-09 1.2354e-10 1.18372e-12
 2.56508e-27 2.59289e-27 3.64021e-26 7.13909e-20 1.75006e-14 5.18575e-10 1.85745e-06 0.000804204 0.0420891 0.266268 0.204035 0.0451679 0.200444 0.184422 0.0293683 0.0205312 0.00587547 0.000818676 0.000158388 1.41145e-05 1.18885e-06 6.48943e-08 2.16258e-09 4.0675e-11 3.69305e-13
 2.56461e-27 2.59161e-27 3.5271e-26 6.90049e-20 1.69157e-14 5.01243e-10 1.79537e-06 0.000777326 0.0406824 0.257369 0.197245 0.0455047 0.207778 0.191196 0.0306902 0.0218321 0.00613847 0.000658803 0.000115606 1.00516e-05 7.77461e-07 3.6007e-08 1.09196e-09 1.75399e-11 1.29037e-13
 2.56565e-27 2.59449e-27 3.78616e-26 7.447e-20 1.82554e-14 5.40941e-10 1.93756e-06 0.00083889 0.0439045 0.277752 0.212792 0.0443764 0.188269 0.173277 0.02902 0.0225352 0.00637048 0.00072638 0.000127169 8.90088e-06 6.11446e-07 2.66781e-08 6.99129e-10 9.81499e-12 6.21056e-14
 2.56578e-27 2.59476e-27 3.80277e-26 7.48203e-20 1.83413e-14 5.43485e-10 1.94667e-06 0.000842835 0.044111 0.279058 0.213798 0.0449253 0.191739 0.176331 0.0268824 0.0168976 0.00476035 0.000548673 9.68809e-05 6.99885e-06 4.52479e-07 1.59287e-08 3.77734e-10 4.68366e-12 2.54671e-14
 2.56518e-27 2.59313e-27 3.65728e-26 7.17509e-20 1.75889e-14 5.2119e-10 1.86681e-06 0.000808259 0.0423014 0.26761 0.205065 0.0454537 0.201896 0.185685 0.028206 0.0175564 0.00488376 0.000453723 7.25936e-05 5.27091e-06 3.45879e-07 1.21572e-08 2.47141e-10 2.59711e-12 1.25105e-14
 2.56468e-27 2.59176e-27 3.53661e-26 6.92052e-20 1.69648e-14 5.02698e-10 1.80058e-06 0.000779582 0.0408005 0.258116 0.197821 0.0458032 0.209645 0.192841 0.0295633 0.0188481 0.00523593 0.000468327 7.19126e-05 4.32143e-06 2.51092e-07 8.85844e-09 1.81297e-10 1.73397e-12 6.99987e-15
 2.5642e-27 2.59046e-27 3.42022e-26 6.67499e-20 1.63629e-14 4.84863e-10 1.7367e-06 0.000751924 0.039353 0.248958 0.190835 0.0462267 0.217776 0.200327 0.030584 0.0192901 0.00535203 0.000468773 7.08486e-05 4.07795e-06 2.15891e-07 6.24689e-09 1.19383e-10 1.14502e-12 4.36586e-15
#obs catch len freq
 5.0514e-42 7.01102e-34 1.17624e-26 2.3854e-20 5.84752e-15 1.73273e-10 6.20635e-07 0.000268713 0.0140634 0.0889703 0.0686632 0.0400018 0.219053 0.186869 0.143164 0.142598 0.063805 0.0257051 0.00601241 0.000783487 4.23078e-05 6.80794e-07 2.43032e-09 1.56341e-12 1.5883e-16
 5.755e-42 7.98756e-34 1.34008e-26 2.71765e-20 6.662e-15 1.97407e-10 7.07081e-07 0.000306142 0.0160222 0.101363 0.0782384 0.0438301 0.223927 0.182096 0.142874 0.130496 0.0557137 0.0203576 0.00427406 0.000479252 2.09715e-05 2.58892e-07 6.83656e-10 3.18296e-13 2.31109e-17
 1.08357e-41 1.50392e-33 2.52314e-26 5.11688e-20 1.25434e-14 3.71685e-10 1.33131e-06 0.000576413 0.0301672 0.190847 0.146612 0.0452019 0.181547 0.140749 0.113727 0.0954357 0.0394537 0.013034 0.00241072 0.000228044 8.0183e-06 7.56188e-08 1.47188e-10 4.94852e-14 2.56524e-18
 1.11334e-41 1.54524e-33 2.59246e-26 5.25745e-20 1.2888e-14 3.81896e-10 1.36789e-06 0.000592249 0.0309959 0.196092 0.150962 0.0584655 0.238248 0.164515 0.0769102 0.0543403 0.0213982 0.00636584 0.00103087 8.06287e-05 2.23702e-06 1.60027e-08 2.2918e-11 5.55836e-15 2.05535e-19
 7.822e-42 1.08564e-33 1.82139e-26 3.69374e-20 9.05477e-15 2.68309e-10 9.61041e-07 0.000416098 0.0217769 0.137771 0.106691 0.0647603 0.273762 0.184627 0.117014 0.0717064 0.016998 0.00389594 0.000544606 3.49423e-05 7.53104e-07 4.03295e-09 4.22647e-12 7.38782e-16 1.94915e-20
 1.25859e-41 1.74684e-33 2.93069e-26 5.94338e-20 1.45695e-14 4.31721e-10 1.54635e-06 0.000669517 0.0350399 0.221675 0.170488 0.0528182 0.172114 0.122043 0.125364 0.0757778 0.0202586 0.00343865 0.000296332 1.44663e-05 2.39611e-07 9.50662e-10 7.22289e-13 9.05262e-17 1.7013e-21
 1.03742e-41 1.43987e-33 2.41568e-26 4.89895e-20 1.20092e-14 3.55854e-10 1.27461e-06 0.000551863 0.0288823 0.182723 0.141449 0.0737721 0.260454 0.153637 0.0858215 0.0506775 0.018543 0.00325113 0.00022953 6.82933e-06 7.61241e-08 2.18723e-10 1.19633e-13 1.06822e-17 1.42278e-22
 1.27593e-41 1.77091e-33 2.97107e-26 6.02526e-20 1.47702e-14 4.37669e-10 1.56766e-06 0.000678742 0.0355226 0.224731 0.173335 0.0643236 0.192249 0.12385 0.116544 0.0545363 0.0119281 0.00212868 0.000166214 4.02692e-06 2.81265e-08 5.08863e-11 1.90443e-14 1.19684e-18 1.12417e-23
 1.14891e-41 1.59461e-33 2.6753e-26 5.42545e-20 1.32999e-14 3.94099e-10 1.4116e-06 0.000611173 0.0319864 0.202363 0.156921 0.0797674 0.239078 0.134186 0.0944807 0.0459823 0.0129108 0.00161473 9.51319e-05 2.23221e-06 1.27871e-08 1.52545e-11 3.53702e-15 1.44079e-19 9.19701e-25
 1.51456e-41 2.10211e-33 3.52673e-26 7.15213e-20 1.75326e-14 5.19523e-10 1.86085e-06 0.000805683 0.0421663 0.266763 0.205827 0.0696039 0.171258 0.103679 0.0935611 0.037224 0.00802304 0.00103345 5.2115e-05 8.69756e-07 4.11536e-09 3.98223e-12 6.55844e-16 1.72742e-20 6.99998e-26
 1.55359e-41 2.15628e-33 3.61762e-26 7.33645e-20 1.79844e-14 5.32912e-10 1.9088e-06 0.000826446 0.0432529 0.273642 0.211766 0.0831392 0.196937 0.0983605 0.0615677 0.0243528 0.00557665 0.000554071 2.3265e-05 3.24366e-07 1.10718e-09 7.94542e-13 1.01464e-16 2.0039e-21 5.70104e-27
 1.15225e-41 1.59925e-33 2.68308e-26 5.44123e-20 1.33385e-14 3.95245e-10 1.4157e-06 0.00061295 0.0320794 0.202963 0.159063 0.104079 0.254391 0.129202 0.0868111 0.0261817 0.00421584 0.000385859 1.34813e-05 1.43401e-07 3.80721e-10 2.00032e-13 1.81139e-17 2.59847e-22 5.48339e-28
 1.72232e-41 2.39046e-33 4.0105e-26 8.13321e-20 1.99376e-14 5.90788e-10 2.1161e-06 0.0009162 0.0479503 0.303361 0.234486 0.0747021 0.140167 0.0905211 0.0807615 0.0234357 0.00346875 0.000222798 5.83221e-06 4.94595e-08 9.78917e-11 3.78981e-14 2.50775e-18 2.56208e-23 3.80314e-29
 1.39612e-41 1.93772e-33 3.25093e-26 6.59281e-20 1.61615e-14 4.78895e-10 1.71532e-06 0.000742676 0.0388687 0.245926 0.193167 0.11644 0.234274 0.0987607 0.0515023 0.0171162 0.00302156 0.000175067 3.40554e-06 1.99224e-08 2.88876e-11 8.21056e-15 3.91136e-19 2.86638e-24 3.04496e-30
 1.18474e-41 1.64434e-33 2.75872e-26 5.59462e-20 1.37145e-14 4.06387e-10 1.45561e-06 0.00063023 0.0329838 0.208705 0.165474 0.118647 0.228616 0.132108 0.0914288 0.0190712 0.00219777 0.000134258 2.50551e-06 1.12246e-08 1.11269e-11 2.17282e-15 7.33658e-20 3.83768e-25 2.89602e-31
 9.45555e-42 1.31237e-33 2.20177e-26 4.46514e-20 1.09458e-14 3.24343e-10 1.16174e-06 0.000502995 0.0263248 0.166595 0.134863 0.131878 0.244101 0.154778 0.109815 0.0277492 0.00326611 0.000124619 1.80417e-06 7.29498e-09 5.80013e-12 8.0502e-16 1.84239e-20 6.56314e-26 3.43753e-32
 1.50284e-41 2.08584e-33 3.49943e-26 7.09677e-20 1.73969e-14 5.15502e-10 1.84644e-06 0.000799447 0.0418399 0.264736 0.207915 0.0986966 0.15315 0.120418 0.0870802 0.0224676 0.00278441 0.000109922 1.20533e-06 3.32724e-09 2.07016e-12 2.31073e-16 3.99588e-21 1.00994e-26 3.62719e-33
 1.05329e-41 1.46189e-33 2.45263e-26 4.97387e-20 1.21929e-14 3.61297e-10 1.29411e-06 0.000560304 0.0293242 0.185622 0.153821 0.170412 0.261349 0.117424 0.0619774 0.0172913 0.00213425 8.28785e-05 8.71118e-07 1.97293e-09 8.57667e-13 6.68969e-17 8.60776e-22 1.65742e-27 4.45542e-34
 1.52865e-41 2.12166e-33 3.55953e-26 7.21865e-20 1.76957e-14 5.24355e-10 1.87815e-06 0.000813176 0.0425585 0.269315 0.213617 0.111458 0.153598 0.126995 0.0691471 0.0113692 0.00108602 4.07781e-05 3.97998e-07 8.06924e-10 2.92733e-13 1.71749e-17 1.54422e-22 2.05705e-28 3.92836e-35
 1.08625e-41 1.50764e-33 2.52938e-26 5.12953e-20 1.25744e-14 3.72604e-10 1.33461e-06 0.000577838 0.030242 0.191502 0.162701 0.190354 0.247163 0.111741 0.0527549 0.0119975 0.000943681 2.30206e-05 1.82055e-07 3.20202e-10 9.84117e-14 4.7396e-18 3.351e-23 3.33289e-29 4.54239e-36
 1.38354e-41 1.92026e-33 3.22164e-26 6.53343e-20 1.60159e-14 4.74581e-10 1.69987e-06 0.000735986 0.0385188 0.24383 0.198482 0.136322 0.173194 0.14022 0.0598062 0.00827333 0.000601391 1.40257e-05 7.79593e-08 9.69386e-11 2.32984e-14 9.02438e-19 5.08736e-24 3.97109e-30 4.16807e-37
 1.50508e-41 2.08895e-33 3.50464e-26 7.10734e-20 1.74228e-14 5.1627e-10 1.84919e-06 0.000800637 0.0419025 0.265307 0.218841 0.161143 0.173759 0.0916064 0.0391835 0.00705033 0.000397985 6.70131e-06 3.15511e-08 3.00184e-11 4.99425e-15 1.36794e-19 5.73198e-25 3.41338e-31 2.74686e-38
 1.22132e-41 1.69511e-33 2.8439e-26 5.76737e-20 1.4138e-14 4.18936e-10 1.50056e-06 0.000649691 0.0340029 0.215461 0.187647 0.200108 0.211143 0.110273 0.0357836 0.00466275 0.000262904 4.05657e-06 1.39216e-08 9.86735e-12 1.25741e-15 2.50924e-20 7.32681e-26 3.03277e-32 1.7336e-39
 1.47717e-41 2.05021e-33 3.43966e-26 6.97555e-20 1.70997e-14 5.06697e-10 1.8149e-06 0.000785791 0.0411259 0.260504 0.218721 0.162014 0.167991 0.11121 0.0339063 0.00359594 0.000143185 1.75922e-06 5.2082e-09 2.86096e-12 2.61971e-16 3.78432e-21 8.11369e-27 2.43833e-33 9.88803e-41
 1.45384e-41 2.01784e-33 3.38535e-26 6.86541e-20 1.68298e-14 4.98696e-10 1.78625e-06 0.000773384 0.040477 0.256568 0.222749 0.193813 0.173276 0.0845493 0.0249131 0.00278697 9.30067e-05 8.17198e-07 1.73727e-09 7.40144e-13 5.30169e-17 5.71109e-22 8.77725e-28 1.87333e-34 5.43285e-42
 1.28344e-41 1.78133e-33 2.98855e-26 6.06073e-20 1.48572e-14 4.40245e-10 1.57688e-06 0.000682737 0.0357335 0.226749 0.206458 0.214948 0.192812 0.0979617 0.0226487 0.00194425 5.9112e-05 4.50502e-07 7.11086e-10 2.10694e-13 1.07327e-17 8.5475e-23 9.84711e-29 1.55701e-35 3.27511e-43
 1.16184e-41 1.61255e-33 2.70539e-26 5.48647e-20 1.34494e-14 3.98532e-10 1.42748e-06 0.000618048 0.0323487 0.205526 0.195152 0.223254 0.204878 0.111995 0.0243916 0.00179372 4.04194e-05 2.3984e-07 3.09467e-10 7.07886e-14 2.58446e-18 1.4278e-23 1.14686e-29 1.28985e-36 1.96436e-44
 1.14434e-41 1.58827e-33 2.66465e-26 5.40385e-20 1.32469e-14 3.9253e-10 1.40598e-06 0.000608741 0.0318614 0.202406 0.191176 0.215995 0.209035 0.119793 0.0270571 0.00202309 4.16454e-05 2.02718e-07 2.08273e-10 3.94752e-14 1.21944e-18 5.59284e-24 3.60785e-30 3.17869e-37 3.75509e-45
#spawning biomass
 16121.2 11936.6 15896.2 22425.5 27658.2 32945.6 38410.5 46403.4 52593.8 65333.6 85087.5 96354.8 123535 155648 157764 141823 130170 120918 122477 120034 118335 125994 131677 150164 164423 170133 155143 122115 97757.7 168290 214038 231832 231790 222252 208754 194655 181723 170697 161721 154641 149180 145032 141880 139462 137720 136465 135561 134909 134440 134102 133859 133683 133557 133466 133400 133353 133319 133294 133277 133264 133255 133248 133244 133240 133238 133236 133235 133234 133233 133233 133232 133232 133232 133232 133232 133231 133231 133231 133231 133231 133231 133231 133231 133231 133231 133231 133231 133231 133231 133231 133231 133231 133231 133231 133231 133231 133231 133231 133231 133231 133231 133231 133231 133231 133231 133231 133231 133231 133231 133231 133231 133231 133231 133231 133231 133231 133231 133231 133231 133231 133231 133231 133231 133231 133231 133231 133231 133231 0 0 0 0 0 0 0 0 0 0 0 0 0 0 0 0 0 0 0 0 0 0 0 0 0
