SBPRF35
0.224015
Curr Bio
110724
B35
177779
F35
0.518343
FOFL
0.279007
OFL
25576.3
Bzero
64004.3
#pred survey bio
 5919.77 5439.36 8459.39 11917.4 18252.5 21922.2 26898.6 34955.1 43174.1 64928.4 79868 111845 157853 178894 177572 165714 164186 152377 155217 141673 146212 156069 173381 188117 190122 195377 194209 182491 5.99678e+06 3.57373e+06 2.50454e+06 1.66229e+06 1.17624e+06 924618 799684 737860 706569 690105 681038 675819 672699 670780 669574 668804 668311 667993 667787 667654 667567 667510 667473 667449 667433 667423 667416 667412 667409 667407 667406 667405 667404 667404 667404 667404 667403 667403 667403 667403 667403 667403 667403 667403 667403 667403 667403 667403 667403 667403 667403 667403 667403 667403 667403 667403 667403 667403 667403 667403 667403 667403 667403 667403 667403 667403 667403 667403 667403 667403 667403 667403 667403 667403 667403 667403 667403 667403 667403 667403 667403 667403 667403 667403 667403 667403 667403 667403 667403 667403 667403 667403 667403 667403 667403 667403 667403 667403 667403 667403 0 0 0 0 0 0 0 0 0 0 0 0 0 0 0 0 0 0 0 0 0 0 0 0 0
#obs survey bio
 5441.02 3954.01 8428.76 21955.8 20843.5 23912.1 24205.1 46114.2 49944.6 64751.2 93882.6 97966.5 217039 199053 130008 160903 116766 146643 177704 112541 150910 169686 197845 209526 124157 174566 191992 175110
#pred catch bio
 3603.4 2807.05 4497.83 5761.24 9936.63 11548.5 14175.8 20470.4 22058.4 37089.5 41383.7 58050 87857 100599 103278 94421.6 97302.9 83272.2 93230.9 84213.5 84265.4 84720.2 95618.1 105286 104354 105707 106406 103224 25576.3 51963.6 35709.6 22135.7 14700.5 11143.5 9560.57 8886.84 8608.23 8495.2 8449.93 8431.95 8424.86 8422.07 8420.98 8420.55 8420.39 8420.32 8420.3 8420.29 8420.28 8420.28 8420.28 8420.28 8420.28 8420.28 8420.28 8420.28 8420.28 8420.28 8420.28 8420.28 8420.28 8420.28 8420.28 8420.28 8420.28 8420.28 8420.28 8420.28 8420.28 8420.28 8420.28 8420.28 8420.28 8420.28 8420.28 8420.28 8420.28 8420.28 8420.28 8420.28 8420.28 8420.28 8420.28 8420.28 8420.28 8420.28 8420.28 8420.28 8420.28 8420.28 8420.28 8420.28 8420.28 8420.28 8420.28 8420.28 8420.28 8420.28 8420.28 8420.28 8420.28 8420.28 8420.28 8420.28 8420.28 8420.28 8420.28 8420.28 8420.28 8420.28 8420.28 8420.28 8420.28 8420.28 8420.28 8420.28 8420.28 8420.28 8420.28 8420.28 8420.28 8420.28 8420.28 8420.28 8420.28 8420.28 8420.28 8420.28 0 0 0 0 0 0 0 0 0 0 0 0 0 0 0 0 0 0 0 0 0 0 0 0 0
#obs catch bio
 2904.1 2919.49 4357.81 5467.19 9276.66 10472.1 13848.6 19279.1 20660.8 37241.7 37671.5 56901.5 85448.2 99286.3 114531 97540.7 101257 81147.2 94901.8 87168.7 90533.8 86075.7 94510.2 110624 105000 114617 109988 104585
#pred cpue bio
 4812.25 3693.99 5592.47 8042.41 12383.7 15264.3 18766.7 23978.5 28863.7 43578.4 54235.4 75970.9 106928 125549 128237 119176 117238 108966 112214 100786 101231 109255 122952 133079 136601 140428 141993 134535 4.34422e+06 3.29436e+06 2.39452e+06 1.56236e+06 1.07676e+06 825156 700223 638398 607107 590643 581576 576357 573238 571319 570112 569342 568849 568531 568326 568192 568105 568048 568011 567987 567971 567961 567954 567950 567947 567945 567944 567943 567943 567942 567942 567942 567942 567942 567942 567942 567942 567942 567942 567942 567942 567942 567942 567942 567942 567942 567942 567942 567942 567942 567942 567942 567942 567942 567942 567942 567942 567942 567942 567942 567942 567942 567942 567942 567942 567942 567942 567942 567942 567942 567942 567942 567942 567942 567942 567942 567942 567942 567942 567942 567942 567942 567942 567942 567942 567942 567942 567942 567942 567942 567942 567942 567942 567942 567942 567942 0 0 0 0 0 0 0 0 0 0 0 0 0 0 0 0 0 0 0 0 0 0 0 0 0
#obs cpue bio
 3693.96 4012.17 7771.57 5738.08 15107.8 21453.4 18082.8 27799.5 29749.9 39016.7 83633.9 73717.5 96040.7 111331 91086.3 129711 140749 135155 88859.7 104509 67694.9 103730 122608 86255.9 218645 95590.3 145088 145259
#pred surv len freq
 3.62129e-11 1.70328e-09 5.54747e-08 1.25109e-06 1.95376e-05 0.000211272 0.00158199 0.00820311 0.0294604 0.0733319 0.126863 0.154185 0.137027 0.100787 0.0765041 0.064644 0.053264 0.0410143 0.0314514 0.0249855 0.0207633 0.018172 0.0160431 0.0129201 0.00856759
 4.60133e-11 2.16425e-09 7.04881e-08 1.58968e-06 2.48251e-05 0.000268448 0.00201011 0.0104227 0.0374276 0.0931208 0.160804 0.194051 0.167955 0.11377 0.0734035 0.052278 0.0367945 0.0228063 0.0130435 0.00769194 0.00494445 0.00348458 0.00261137 0.00189702 0.00118907
 4.62042e-11 2.17323e-09 7.07806e-08 1.59628e-06 2.49282e-05 0.000269562 0.00201846 0.010466 0.0375838 0.0935161 0.161533 0.195144 0.169591 0.116344 0.0768843 0.0555644 0.0384074 0.0222402 0.0109584 0.00502788 0.00229264 0.00108224 0.000560853 0.000316642 0.000172604
 4.47102e-11 2.10295e-09 6.84918e-08 1.54466e-06 2.41221e-05 0.000260846 0.00195319 0.0101277 0.0363702 0.0905096 0.156428 0.189399 0.165962 0.116809 0.081116 0.0612842 0.0432257 0.0251974 0.012358 0.00547301 0.00224097 0.000833495 0.000288189 0.00010047 3.71812e-05
 4.46285e-11 2.09911e-09 6.83667e-08 1.54184e-06 2.4078e-05 0.000260369 0.00194962 0.0101092 0.0363035 0.0903415 0.156124 0.188966 0.165378 0.115987 0.0801251 0.0605849 0.0433646 0.0261938 0.0136379 0.0064524 0.00275225 0.00101579 0.00032 8.75524e-05 2.1552e-05
 4.2681e-11 2.00751e-09 6.53833e-08 1.47456e-06 2.30273e-05 0.000249008 0.00186455 0.00966825 0.0347217 0.0864232 0.149475 0.181496 0.160708 0.116712 0.0857515 0.0679487 0.0491807 0.0293348 0.0149041 0.0069298 0.00297883 0.00113439 0.000370012 0.000101578 2.31558e-05
 4.28441e-11 2.01518e-09 6.56332e-08 1.48019e-06 2.31153e-05 0.000249959 0.00187168 0.00970515 0.0348538 0.0867474 0.150005 0.181995 0.160689 0.115751 0.0839859 0.0662707 0.0485847 0.0299732 0.0160589 0.00785936 0.0034683 0.00132634 0.000432528 0.000119661 2.76184e-05
 4.40428e-11 2.07156e-09 6.74694e-08 1.5216e-06 2.3762e-05 0.000256952 0.00192404 0.00997658 0.0358276 0.0891608 0.154109 0.186647 0.163738 0.115683 0.0810452 0.0621035 0.0448927 0.0274894 0.0146856 0.00724999 0.00328265 0.00130459 0.000442611 0.000126093 2.95873e-05
 4.54479e-11 2.13765e-09 6.9622e-08 1.57015e-06 2.45201e-05 0.00026515 0.00198542 0.0102948 0.0369694 0.0919932 0.158942 0.192204 0.167652 0.116356 0.07871 0.058215 0.0408663 0.024046 0.0120913 0.00558812 0.00241651 0.000941982 0.000320368 9.29842e-05 2.24311e-05
 4.51984e-11 2.12592e-09 6.92397e-08 1.56153e-06 2.43855e-05 0.000263694 0.00197452 0.0102383 0.0367667 0.0914907 0.158087 0.191231 0.167001 0.116337 0.0792816 0.0590709 0.0416855 0.0246574 0.0124499 0.00572278 0.00241654 0.000904111 0.00029346 8.20901e-05 1.94533e-05
 4.43042e-11 2.08386e-09 6.78699e-08 1.53063e-06 2.39031e-05 0.000258478 0.00193546 0.0100358 0.0360405 0.0896922 0.155039 0.187824 0.16493 0.116832 0.082104 0.0626686 0.0444275 0.0259962 0.0128303 0.00574176 0.00237458 0.00087435 0.000278177 7.55294e-05 1.72456e-05
 4.4518e-11 2.09391e-09 6.81974e-08 1.53802e-06 2.40184e-05 0.000259725 0.0019448 0.0100842 0.0362138 0.0901195 0.155749 0.188552 0.165145 0.1161 0.080548 0.0610895 0.0437077 0.0263046 0.0136104 0.00640018 0.00272233 0.00100516 0.000315844 8.42025e-05 1.88334e-05
 4.46899e-11 2.102e-09 6.84607e-08 1.54396e-06 2.41111e-05 0.000260728 0.00195231 0.0101231 0.0363535 0.0904659 0.15634 0.189228 0.165613 0.116154 0.0802104 0.0605361 0.0431242 0.0258171 0.0132989 0.00627984 0.00272454 0.00103998 0.000338825 9.27287e-05 2.09405e-05
 4.20426e-11 1.97749e-09 6.44054e-08 1.4525e-06 2.26829e-05 0.000245284 0.00183667 0.0095237 0.0342033 0.0851388 0.147296 0.179047 0.159176 0.11695 0.0876033 0.0703905 0.0511408 0.0304195 0.0153335 0.00704739 0.0029947 0.00113247 0.000370144 0.000102881 2.37908e-05
 4.01301e-11 1.88753e-09 6.14756e-08 1.38643e-06 2.16511e-05 0.000234126 0.00175313 0.0090906 0.0326492 0.0812842 0.14072 0.171496 0.153892 0.116131 0.0909391 0.0758584 0.0567481 0.0351295 0.0187652 0.00912815 0.00399502 0.00151149 0.000486879 0.000133271 3.05953e-05
 4.07233e-11 1.91543e-09 6.23843e-08 1.40692e-06 2.19711e-05 0.000237587 0.00177904 0.0092249 0.0331308 0.0824754 0.14273 0.1737 0.155083 0.115396 0.0884568 0.0729016 0.0547058 0.0344645 0.0190228 0.00966528 0.00443815 0.00176421 0.000593974 0.000167365 3.8816e-05
 4.12701e-11 1.94115e-09 6.3222e-08 1.42581e-06 2.22661e-05 0.000240777 0.00180292 0.00934873 0.033575 0.0835769 0.144606 0.175839 0.156528 0.115481 0.087278 0.0711201 0.0529985 0.033167 0.0181999 0.00926495 0.00432389 0.00177369 0.000623325 0.000184156 4.46552e-05
 4.09751e-11 1.92727e-09 6.27701e-08 1.41562e-06 2.2107e-05 0.000239056 0.00179004 0.00928194 0.0333356 0.0829853 0.143612 0.174769 0.156019 0.116031 0.0887721 0.0727905 0.0540028 0.0332742 0.017793 0.00881071 0.00403268 0.00164102 0.00057934 0.00017428 4.35353e-05
 4.03112e-11 1.89605e-09 6.1753e-08 1.39268e-06 2.17488e-05 0.000235182 0.00176104 0.00913158 0.032796 0.0816456 0.141319 0.172099 0.154028 0.115401 0.0894343 0.0742843 0.0559135 0.0352628 0.0194735 0.00990429 0.00456841 0.00184207 0.000640218 0.000190291 4.74145e-05
 4.1498e-11 1.95187e-09 6.3571e-08 1.43368e-06 2.2389e-05 0.000242106 0.00181288 0.00940032 0.0337602 0.0840364 0.145392 0.176748 0.157189 0.11565 0.0869864 0.0705651 0.0523631 0.0325601 0.0176994 0.00892381 0.00413713 0.00169225 0.000595978 0.000177914 4.4125e-05
 4.3366e-11 2.03973e-09 6.64326e-08 1.49822e-06 2.33969e-05 0.000253004 0.00189447 0.00982333 0.0352778 0.0877988 0.151796 0.184041 0.162085 0.115869 0.0829074 0.0645907 0.0469152 0.0286502 0.015205 0.00746355 0.00338416 0.00136404 0.00047745 0.000142852 3.56762e-05
 4.23638e-11 1.99259e-09 6.48974e-08 1.4636e-06 2.28562e-05 0.000247157 0.0018507 0.00959642 0.034464 0.0857838 0.148384 0.18024 0.159821 0.116552 0.0862634 0.0688038 0.0500609 0.0300829 0.0154721 0.00731083 0.00320368 0.00125452 0.000428082 0.000125497 3.0939e-05
 4.16212e-11 1.95766e-09 6.37598e-08 1.43794e-06 2.24555e-05 0.000242825 0.00181826 0.00942824 0.0338604 0.0842857 0.145821 0.177261 0.157617 0.1159 0.0870814 0.0705439 0.0522192 0.032272 0.0172874 0.00847265 0.00375942 0.0014534 0.000482374 0.000136992 3.28114e-05
 4.1907e-11 1.97111e-09 6.41977e-08 1.44782e-06 2.26098e-05 0.000244493 0.00183075 0.00949296 0.0340925 0.0848601 0.146792 0.178335 0.158229 0.115629 0.0860014 0.0692044 0.0512206 0.0318424 0.017287 0.00865822 0.00395249 0.00157631 0.000536606 0.000153953 3.6596e-05
 4.06219e-11 1.91066e-09 6.22289e-08 1.40342e-06 2.19164e-05 0.000236995 0.00177461 0.00920195 0.0330486 0.0822737 0.1424 0.173388 0.155087 0.115976 0.0895284 0.073919 0.0550602 0.0340609 0.0183023 0.00909255 0.00415438 0.00167616 0.000582462 0.000171387 4.17252e-05
 4.0834e-11 1.92064e-09 6.25539e-08 1.41075e-06 2.20308e-05 0.000238233 0.00178387 0.00924997 0.0332206 0.0826976 0.143105 0.174106 0.155288 0.115219 0.0879375 0.0723035 0.0543162 0.0343667 0.0191026 0.00978705 0.00454153 0.00183834 0.000639256 0.000189124 4.66222e-05
 3.94396e-11 1.85505e-09 6.04177e-08 1.36257e-06 2.12785e-05 0.000230097 0.00172296 0.0089342 0.0320879 0.0798902 0.138331 0.168699 0.151753 0.115318 0.0913493 0.0770363 0.0583442 0.036944 0.020563 0.0106295 0.00502882 0.00208968 0.000745292 0.000224497 5.5925e-05
 3.89449e-11 1.83178e-09 5.96599e-08 1.34548e-06 2.10116e-05 0.000227211 0.00170135 0.00882216 0.0316857 0.0788912 0.136618 0.166686 0.150191 0.114674 0.0915829 0.0779081 0.059674 0.0385141 0.022013 0.0116572 0.00560016 0.00235304 0.000850912 0.000261194 6.64668e-05
#obs surv len freq
 4.07121e-11 1.9149e-09 6.2367e-08 1.40653e-06 2.19651e-05 0.000237521 0.00177855 0.00922237 0.033122 0.0824552 0.142708 0.173734 0.155305 0.115945 0.0892725 0.0735825 0.0547919 0.0339107 0.0182333 0.00905947 0.00413874 0.00167325 0.000586357 0.00017583 4.41779e-05
 4.92888e-11 2.31831e-09 7.55057e-08 1.70284e-06 2.65923e-05 0.000287558 0.00215319 0.0111645 0.0400892 0.0997217 0.17206 0.206959 0.176938 0.115084 0.0678146 0.0437797 0.0292218 0.0174836 0.00929553 0.0045912 0.00208785 0.000839844 0.000292238 8.68015e-05 2.15633e-05
 4.16302e-11 1.95808e-09 6.37735e-08 1.43825e-06 2.24604e-05 0.000242877 0.00181866 0.00943035 0.0338692 0.0843166 0.14594 0.177713 0.158991 0.118873 0.0913446 0.074062 0.0526372 0.0293617 0.0131268 0.00519515 0.00198678 0.000731834 0.000246135 7.21336e-05 1.77703e-05
 4.7258e-11 2.22279e-09 7.23947e-08 1.63268e-06 2.54967e-05 0.00027571 0.00206448 0.0107046 0.0384396 0.0956345 0.165118 0.199132 0.171945 0.115581 0.0733544 0.0513217 0.0355855 0.0213804 0.011121 0.0051846 0.00212232 0.000731411 0.000211659 5.30267e-05 1.16859e-05
 4.43668e-11 2.0868e-09 6.79657e-08 1.5328e-06 2.39369e-05 0.000258843 0.00193819 0.01005 0.0360918 0.0898214 0.155274 0.188165 0.16541 0.117534 0.0829621 0.0632747 0.044306 0.025147 0.011769 0.00496267 0.00198273 0.000724995 0.000229143 6.02432e-05 1.28917e-05
 4.33072e-11 2.03696e-09 6.63424e-08 1.49619e-06 2.33651e-05 0.000252661 0.00189191 0.00981004 0.0352307 0.0876851 0.151627 0.183964 0.162427 0.116963 0.0846588 0.066229 0.0475196 0.0280007 0.013873 0.00616154 0.00247481 0.000866012 0.00025908 6.641e-05 1.44299e-05
 4.347e-11 2.04462e-09 6.65919e-08 1.50182e-06 2.3453e-05 0.000253611 0.00189902 0.0098469 0.0353628 0.088012 0.152178 0.184566 0.162743 0.116735 0.0839349 0.0653676 0.0469197 0.0278087 0.0139744 0.00636663 0.00265009 0.000965093 0.000297958 7.70314e-05 1.64765e-05
 4.59197e-11 2.15984e-09 7.03446e-08 1.58645e-06 2.47747e-05 0.000267903 0.00200603 0.0104016 0.0373528 0.0929428 0.160555 0.194028 0.168829 0.116283 0.0775023 0.056583 0.0395325 0.0232555 0.0116778 0.00533776 0.00224098 0.000829472 0.000262611 7.00635e-05 1.54556e-05
 4.68606e-11 2.2041e-09 7.17859e-08 1.61895e-06 2.52823e-05 0.000273392 0.00204713 0.0106147 0.0381173 0.0948391 0.16379 0.19774 0.171422 0.116671 0.0758435 0.0538861 0.036791 0.0209724 0.0100158 0.00431704 0.00173639 0.000630724 0.000199369 5.36829e-05 1.20441e-05
 4.43109e-11 2.08417e-09 6.78801e-08 1.53087e-06 2.39067e-05 0.000258517 0.00193575 0.0100373 0.0360463 0.0897088 0.155082 0.187948 0.165269 0.117541 0.083119 0.0635228 0.0445717 0.0253553 0.0118556 0.0049236 0.00188956 0.000652005 0.000195852 5.0589e-05 1.10743e-05
 4.53212e-11 2.13169e-09 6.94278e-08 1.56577e-06 2.44518e-05 0.000264411 0.00197988 0.0102661 0.0368667 0.0917391 0.158515 0.191748 0.167445 0.116623 0.0794159 0.0590462 0.0414565 0.0242375 0.0119544 0.00528866 0.00211496 0.000733444 0.000214991 5.32346e-05 1.11014e-05
 4.54632e-11 2.13837e-09 6.96452e-08 1.57068e-06 2.45284e-05 0.000265239 0.00198608 0.0102982 0.0369821 0.0920259 0.159008 0.192328 0.167901 0.116821 0.0793577 0.0587717 0.0409968 0.0236851 0.0114831 0.00502143 0.00202666 0.000725779 0.000222007 5.6892e-05 1.20069e-05
 4.33386e-11 2.03844e-09 6.63906e-08 1.49728e-06 2.33821e-05 0.000252844 0.00189328 0.00981716 0.0352564 0.08775 0.151746 0.184139 0.162677 0.117333 0.0851104 0.0665373 0.0474283 0.0275211 0.0133016 0.00576919 0.00230187 0.000815367 0.000248371 6.41974e-05 1.3843e-05
 4.03912e-11 1.89981e-09 6.18754e-08 1.39545e-06 2.17919e-05 0.000235649 0.00176453 0.00914974 0.0328619 0.0818144 0.141646 0.17266 0.155045 0.117196 0.0918681 0.0762919 0.0562099 0.0336553 0.0170097 0.00775561 0.00320411 0.00115045 0.000350199 8.99182e-05 1.9276e-05
 3.75573e-11 1.76651e-09 5.75342e-08 1.29754e-06 2.0263e-05 0.000219116 0.00164074 0.008508 0.0305593 0.0761039 0.13191 0.161507 0.14733 0.116231 0.0971476 0.0846127 0.0644049 0.0402299 0.0216892 0.0106556 0.00469878 0.00178 0.000567127 0.000150784 3.29901e-05
 4.16868e-11 1.96075e-09 6.38602e-08 1.44021e-06 2.24909e-05 0.000243207 0.00182112 0.00944305 0.0339133 0.0844123 0.146009 0.177343 0.157222 0.114655 0.0851086 0.068749 0.0516658 0.0331672 0.018886 0.00991087 0.00466649 0.00189014 0.000645438 0.000183245 4.23927e-05
 4.09187e-11 1.92462e-09 6.26835e-08 1.41367e-06 2.20765e-05 0.000238726 0.00178757 0.00926916 0.0332901 0.0828731 0.143429 0.1746 0.156039 0.116389 0.0894064 0.0733509 0.0541133 0.0329201 0.0173172 0.00851915 0.00395417 0.00165434 0.000598787 0.000181765 4.49539e-05
 4.01685e-11 1.88933e-09 6.15344e-08 1.38776e-06 2.16718e-05 0.00023435 0.0017548 0.00909929 0.0326806 0.0813617 0.140853 0.171651 0.154008 0.116166 0.0908829 0.0757099 0.0565146 0.0348707 0.0185913 0.00910737 0.0040875 0.00162566 0.000565019 0.000169933 4.30444e-05
 4.00585e-11 1.88416e-09 6.13659e-08 1.38396e-06 2.16125e-05 0.000233708 0.00175 0.00907438 0.032591 0.0811384 0.140464 0.171167 0.153542 0.11576 0.0905492 0.075565 0.0567255 0.0354353 0.019284 0.00967338 0.00442212 0.00177027 0.000608895 0.000178402 4.38401e-05
 4.30341e-11 2.02411e-09 6.59241e-08 1.48676e-06 2.32178e-05 0.000251068 0.00187997 0.00974815 0.0350082 0.0871289 0.150648 0.182698 0.161061 0.11549 0.0831381 0.0652311 0.0478024 0.0296446 0.0161141 0.00811833 0.00375288 0.00152789 0.000535011 0.000158646 3.90199e-05
 4.16169e-11 1.95746e-09 6.37532e-08 1.4378e-06 2.24532e-05 0.0002428 0.00181807 0.00942729 0.0338574 0.0842803 0.145828 0.17735 0.157945 0.116642 0.088145 0.0713823 0.0522201 0.0314209 0.0161964 0.00771936 0.00344615 0.0013862 0.000486674 0.000145844 3.63551e-05
 4.08752e-11 1.92257e-09 6.26169e-08 1.41217e-06 2.2053e-05 0.000238473 0.00178567 0.0092593 0.0332546 0.0827849 0.143276 0.174409 0.155858 0.116247 0.0893393 0.073459 0.0544797 0.0334293 0.0176775 0.00855839 0.00377929 0.00146819 0.000494245 0.000143406 3.51946e-05
 4.16339e-11 1.95826e-09 6.37792e-08 1.43838e-06 2.24624e-05 0.000242899 0.00181882 0.00943112 0.0338709 0.0843109 0.145862 0.1773 0.157614 0.115819 0.0869233 0.070362 0.0520865 0.0322366 0.0173546 0.00860453 0.00389148 0.00154025 0.000521954 0.000149854 3.58861e-05
 4.09345e-11 1.92536e-09 6.27078e-08 1.41422e-06 2.2085e-05 0.000238819 0.00178826 0.00927273 0.0333028 0.0829038 0.143475 0.174624 0.155958 0.116126 0.0890095 0.0730557 0.0541682 0.0333007 0.017731 0.00872519 0.00395857 0.00158907 0.000549533 0.000160893 3.90122e-05
 4.00111e-11 1.88193e-09 6.12932e-08 1.38232e-06 2.15869e-05 0.000233432 0.00174793 0.00906363 0.0325525 0.0810433 0.140305 0.170996 0.153464 0.115856 0.0907998 0.0758415 0.0568855 0.0354404 0.0192026 0.00958987 0.00437446 0.00175373 0.000606079 0.000178401 4.37682e-05
 3.92548e-11 1.84636e-09 6.01346e-08 1.35619e-06 2.11788e-05 0.000229019 0.00171489 0.00889236 0.0319379 0.0795185 0.137701 0.167994 0.151323 0.115416 0.0919374 0.0778134 0.058985 0.0373066 0.0206799 0.0105971 0.00494438 0.00201864 0.000707075 0.000209818 5.17058e-05
 3.7237e-11 1.75145e-09 5.70435e-08 1.28648e-06 2.00902e-05 0.000217247 0.00162675 0.00843543 0.0302986 0.0754545 0.130784 0.160121 0.14605 0.115212 0.096385 0.0842836 0.0648283 0.0414412 0.0232945 0.01215 0.00578467 0.00241625 0.000866968 0.000262993 6.59551e-05
 4.0616e-11 1.91038e-09 6.22199e-08 1.40322e-06 2.19132e-05 0.000236961 0.00177435 0.00920057 0.0330433 0.0822545 0.14233 0.173126 0.154296 0.11426 0.0870388 0.0717757 0.0545922 0.0354831 0.0205857 0.0110893 0.00541171 0.00230644 0.000844527 0.000261814 6.71339e-05
#pred catch len freq
 3.12351e-11 1.46915e-09 4.78493e-08 1.07912e-06 1.6852e-05 0.000182231 0.00136455 0.00707581 0.025415 0.0632935 0.109709 0.134342 0.122645 0.097176 0.0826442 0.0755213 0.0642792 0.0502968 0.0390056 0.0311941 0.0259986 0.0227778 0.0201157 0.0162013 0.0107437
 4.20924e-11 1.97982e-09 6.44816e-08 1.45422e-06 2.27098e-05 0.000245574 0.00183884 0.00953486 0.0342422 0.0852241 0.147365 0.17876 0.157733 0.113412 0.0820421 0.0646644 0.0476515 0.0301053 0.0174573 0.0104131 0.00673719 0.00475994 0.00356983 0.0025938 0.0016259
 4.25454e-11 2.00113e-09 6.51756e-08 1.46987e-06 2.29541e-05 0.000248217 0.00185863 0.00963754 0.0346117 0.0861509 0.149016 0.180995 0.160443 0.116888 0.0862857 0.0684621 0.0492831 0.0289912 0.0144444 0.00669986 0.00307988 0.00146008 0.000758015 0.00042821 0.000233456
 4.03354e-11 1.89718e-09 6.179e-08 1.39352e-06 2.17618e-05 0.000235324 0.00176209 0.00913712 0.0328166 0.0817035 0.141465 0.172488 0.155048 0.117516 0.0924538 0.076833 0.056363 0.0333749 0.016563 0.00742096 0.0030648 0.00114529 0.000396926 0.000138546 5.12996e-05
 4.07073e-11 1.91467e-09 6.23597e-08 1.40637e-06 2.19624e-05 0.000237493 0.00177834 0.00922129 0.0331182 0.0824473 0.142704 0.173771 0.155475 0.116355 0.0899061 0.0742076 0.0551062 0.0337914 0.0177886 0.00849811 0.0036482 0.00135094 0.000426278 0.000116735 2.87506e-05
 3.82315e-11 1.79822e-09 5.8567e-08 1.32083e-06 2.06267e-05 0.000223049 0.00167019 0.00866069 0.0311073 0.0774659 0.134251 0.164273 0.149531 0.117264 0.097038 0.0835494 0.0624917 0.0377911 0.0194153 0.00912422 0.0039514 0.00151054 0.000493581 0.00013562 3.093e-05
 3.84028e-11 1.80629e-09 5.88296e-08 1.32675e-06 2.07192e-05 0.000224049 0.00167768 0.00869947 0.0312459 0.0778055 0.1348 0.164762 0.149395 0.115997 0.0948152 0.0814856 0.0618365 0.0387201 0.0209877 0.0103752 0.00460811 0.00176799 0.000577475 0.000159898 3.69224e-05
 4.03483e-11 1.89779e-09 6.18099e-08 1.39397e-06 2.17688e-05 0.000235399 0.00176266 0.00914 0.0328264 0.0817227 0.141462 0.172316 0.154359 0.115921 0.0900964 0.0747819 0.0558872 0.034697 0.0187264 0.00932659 0.00424675 0.00169246 0.000574957 0.000163904 3.84727e-05
 4.14494e-11 1.94958e-09 6.34967e-08 1.43201e-06 2.23629e-05 0.000241823 0.00181076 0.00938937 0.0337213 0.0839441 0.145262 0.176734 0.157631 0.1169 0.088921 0.0722869 0.0528243 0.0315842 0.0160688 0.00750866 0.00327231 0.00128069 0.000436361 0.00012676 3.05919e-05
 4.16334e-11 1.95823e-09 6.37784e-08 1.43836e-06 2.24621e-05 0.000242896 0.00181879 0.00943102 0.0338707 0.0843141 0.14589 0.177436 0.158061 0.11681 0.0883713 0.0716156 0.0523711 0.031419 0.016025 0.00743497 0.00315998 0.00118629 0.000385679 0.000107976 2.55984e-05
 4.01176e-11 1.88694e-09 6.14565e-08 1.386e-06 2.16443e-05 0.000234053 0.00175258 0.00908781 0.0326397 0.0812649 0.140718 0.171638 0.154478 0.117491 0.0929287 0.0775254 0.0569933 0.033838 0.0168862 0.00763915 0.00318434 0.00117746 0.000375359 0.000102016 2.33051e-05
 4.03655e-11 1.8986e-09 6.18363e-08 1.39456e-06 2.17781e-05 0.000235499 0.00176341 0.00914392 0.0328406 0.0817599 0.141538 0.172465 0.154672 0.116518 0.0909466 0.075549 0.0561447 0.034321 0.0179656 0.00853618 0.00365621 0.00135485 0.000426472 0.000113802 2.54671e-05
 4.0888e-11 1.92317e-09 6.26366e-08 1.41261e-06 2.20599e-05 0.000238547 0.00178623 0.00926222 0.0332651 0.0828121 0.143329 0.174504 0.156038 0.116569 0.0897725 0.073799 0.0544905 0.033099 0.017233 0.0082166 0.00358815 0.0013742 0.000448413 0.000122817 2.77467e-05
 3.77986e-11 1.77786e-09 5.79039e-08 1.30588e-06 2.03932e-05 0.000220524 0.00165128 0.00856268 0.0307557 0.0765953 0.132775 0.162626 0.148535 0.117518 0.0984297 0.0853246 0.0638514 0.0384528 0.0195795 0.00908795 0.00388885 0.00147598 0.000483244 0.00013443 3.10997e-05
 3.57421e-11 1.68114e-09 5.47535e-08 1.23483e-06 1.92836e-05 0.000208526 0.00156145 0.00809696 0.0290846 0.0724494 0.125698 0.154472 0.142742 0.116393 0.101666 0.0909168 0.0698518 0.0437629 0.0236135 0.01159 0.00510201 0.00193604 0.000624544 0.000171088 3.92941e-05
 3.62925e-11 1.70702e-09 5.55967e-08 1.25384e-06 1.95806e-05 0.000211737 0.00158549 0.00822157 0.0295313 0.0735537 0.127556 0.156484 0.143739 0.11547 0.0990077 0.0878548 0.0678595 0.0433136 0.0241643 0.0123894 0.00572098 0.00228043 0.000768796 0.000216776 5.02944e-05
 3.71455e-11 1.74714e-09 5.69034e-08 1.28331e-06 2.00408e-05 0.000216713 0.00162275 0.00841473 0.0302243 0.0752719 0.130482 0.159818 0.145987 0.115593 0.0971575 0.0850773 0.0652227 0.0413322 0.0229113 0.011765 0.00552037 0.00227047 0.000798892 0.00023617 5.72861e-05
 3.63814e-11 1.7112e-09 5.57328e-08 1.25691e-06 1.96285e-05 0.000212256 0.00158937 0.00824172 0.0296039 0.0737363 0.127885 0.156946 0.144345 0.1163 0.0999864 0.0885157 0.0676533 0.0422412 0.0228409 0.0114244 0.00526304 0.0021486 0.000759671 0.000228695 5.7149e-05
 3.61187e-11 1.69885e-09 5.53305e-08 1.24784e-06 1.94868e-05 0.000210723 0.0015779 0.00818222 0.0293901 0.0732038 0.126961 0.155808 0.143292 0.115469 0.0994134 0.0884283 0.068355 0.0436312 0.024334 0.0124804 0.00578665 0.00233929 0.000814046 0.000242114 6.03474e-05
 3.74309e-11 1.76057e-09 5.73407e-08 1.29317e-06 2.01948e-05 0.000218379 0.00163522 0.00847937 0.0304563 0.0758476 0.131466 0.160959 0.14682 0.115813 0.0968046 0.0843926 0.0644287 0.0405643 0.0222725 0.0113277 0.00528046 0.00216574 0.000763688 0.000228121 5.6595e-05
 3.94625e-11 1.85613e-09 6.04529e-08 1.36336e-06 2.12909e-05 0.000230231 0.00172397 0.00893943 0.0321069 0.07994 0.138434 0.168904 0.152188 0.116148 0.0925093 0.0780169 0.058531 0.0362317 0.0194292 0.00962487 0.00439023 0.00177482 0.000622094 0.000186255 4.65317e-05
 3.79911e-11 1.78692e-09 5.81988e-08 1.31253e-06 2.0497e-05 0.000221647 0.00165969 0.00860625 0.0309119 0.0769809 0.13342 0.163306 0.148808 0.117028 0.0972583 0.0840503 0.0631196 0.0384415 0.019987 0.00954161 0.00421073 0.00165481 0.00056562 0.000165954 4.09294e-05
 3.71789e-11 1.74872e-09 5.69547e-08 1.28447e-06 2.00588e-05 0.000216909 0.00162421 0.00842232 0.0302517 0.0753416 0.130612 0.160025 0.146322 0.116149 0.0979155 0.0857608 0.0654656 0.0410086 0.022209 0.0109899 0.00490662 0.00190286 0.000632513 0.000179775 4.30773e-05
 3.75816e-11 1.76766e-09 5.75714e-08 1.29838e-06 2.02761e-05 0.000219258 0.0016418 0.00851348 0.0305787 0.0761509 0.131981 0.161542 0.1472 0.115802 0.0964472 0.0839223 0.0640752 0.0403804 0.0221626 0.0112052 0.00514567 0.0020582 0.000701628 0.000201441 4.79025e-05
 3.59926e-11 1.69292e-09 5.51373e-08 1.24348e-06 1.94188e-05 0.000209987 0.00157239 0.00815368 0.029288 0.0729531 0.126551 0.155423 0.143309 0.116218 0.100787 0.0897328 0.0688172 0.0431333 0.0234357 0.0117589 0.00540703 0.00218847 0.000761615 0.000224266 5.46194e-05
 3.61478e-11 1.70022e-09 5.53751e-08 1.24885e-06 1.95025e-05 0.000210893 0.00157917 0.0081888 0.0294137 0.0732614 0.127054 0.155889 0.143264 0.115241 0.0990129 0.0880452 0.0682084 0.0437666 0.0246089 0.0127305 0.00594247 0.00241246 0.000840085 0.000248723 6.13378e-05
 3.46095e-11 1.62787e-09 5.30185e-08 1.1957e-06 1.86726e-05 0.000201918 0.00151197 0.00784047 0.028164 0.0701643 0.121788 0.149922 0.139357 0.115332 0.102748 0.0932322 0.0726237 0.0465989 0.0262338 0.0136935 0.00651722 0.00271602 0.000969998 0.000292382 7.28613e-05
 3.42025e-11 1.60872e-09 5.23951e-08 1.18164e-06 1.8453e-05 0.000199544 0.0014942 0.00774829 0.0278331 0.0693412 0.120369 0.148224 0.137935 0.114501 0.102504 0.0935818 0.0736553 0.0481614 0.0278322 0.0148725 0.0071833 0.00302611 0.00109568 0.000336541 8.56686e-05
#obs catch len freq
 3.56753e-11 1.67799e-09 5.46511e-08 1.23252e-06 1.92476e-05 0.000208136 0.00155853 0.00808183 0.0290304 0.0723144 0.125466 0.154196 0.142518 0.116268 0.101603 0.0908394 0.0697283 0.0436765 0.0237112 0.0119101 0.00550643 0.00225582 0.000801739 0.000243686 6.19543e-05
 3.57019e-11 1.67925e-09 5.46919e-08 1.23344e-06 1.9262e-05 0.000208292 0.00155969 0.00808786 0.029052 0.0723683 0.125558 0.154307 0.142611 0.116324 0.101627 0.0908408 0.0697053 0.0436226 0.0236267 0.0118101 0.00541637 0.00219424 0.000769745 0.000230963 5.80512e-05
 4.60137e-11 2.16426e-09 7.04887e-08 1.5897e-06 2.48254e-05 0.000268451 0.00201013 0.0104229 0.0374287 0.0931282 0.16085 0.194265 0.168656 0.115366 0.0759409 0.0551041 0.0389789 0.0238025 0.012775 0.00635015 0.0028991 0.00116854 0.000407044 0.000120974 3.00633e-05
 3.68468e-11 1.7331e-09 5.64459e-08 1.273e-06 1.98797e-05 0.000214971 0.00160971 0.00834724 0.0299838 0.0746905 0.129594 0.159298 0.1473 0.120177 0.104505 0.0916859 0.0670589 0.0377641 0.0169807 0.00676309 0.0026015 0.000961685 0.000323984 9.50223e-05 2.34182e-05
 4.3437e-11 2.04307e-09 6.65414e-08 1.50068e-06 2.34352e-05 0.000253419 0.00189758 0.00983942 0.0353358 0.0879424 0.152043 0.184335 0.162325 0.116008 0.0829886 0.0646997 0.0470822 0.0287667 0.0150888 0.00707692 0.00290812 0.00100431 0.000290984 7.29609e-05 1.60885e-05
 3.99936e-11 1.88111e-09 6.12664e-08 1.38171e-06 2.15774e-05 0.00023333 0.00174717 0.00905976 0.0325395 0.0810198 0.140324 0.171304 0.154638 0.118542 0.0947284 0.0791688 0.0574671 0.0330146 0.0155571 0.00660298 0.00265193 0.000972579 0.00030783 8.09877e-05 1.73379e-05
 3.88774e-11 1.82861e-09 5.95565e-08 1.34315e-06 2.09752e-05 0.000226818 0.00169841 0.00880697 0.0316323 0.0787685 0.136476 0.166847 0.151394 0.117719 0.0962019 0.0820367 0.0608584 0.0362775 0.0180956 0.00808405 0.00326063 0.00114367 0.000342579 8.78804e-05 1.91043e-05
 3.89906e-11 1.83393e-09 5.97299e-08 1.34706e-06 2.10363e-05 0.000227478 0.00170335 0.00883259 0.0317242 0.0789953 0.136856 0.167248 0.151557 0.117435 0.09551 0.0812611 0.0603717 0.036214 0.0183274 0.00840061 0.00351162 0.00128179 0.000396206 0.000102502 2.19339e-05
 4.18905e-11 1.97033e-09 6.41722e-08 1.44725e-06 2.26008e-05 0.000244396 0.00183002 0.00948924 0.0340797 0.0848322 0.146773 0.17845 0.158767 0.116912 0.0879124 0.0708752 0.0516257 0.0308086 0.0155897 0.00717031 0.00302334 0.00112166 0.000355545 9.49225e-05 2.0948e-05
 4.30984e-11 2.02714e-09 6.60227e-08 1.48898e-06 2.32525e-05 0.000251443 0.00188279 0.00976278 0.0350613 0.0872669 0.150927 0.183223 0.162117 0.117457 0.0858493 0.067468 0.0481134 0.0278331 0.0133916 0.00580862 0.00234744 0.000854968 0.000270616 7.29193e-05 1.63667e-05
 4.00061e-11 1.88169e-09 6.12855e-08 1.38214e-06 2.15842e-05 0.000233403 0.00174771 0.00906258 0.0325496 0.0810449 0.140367 0.17135 0.154664 0.118533 0.0947047 0.0791846 0.0575599 0.0331354 0.015596 0.006517 0.00251342 0.000869789 0.000261661 6.76435e-05 1.48149e-05
 4.11528e-11 1.93563e-09 6.30422e-08 1.42176e-06 2.22029e-05 0.000240092 0.0017978 0.00932222 0.0334807 0.0833488 0.144259 0.175643 0.157071 0.117353 0.0903041 0.0739429 0.0540111 0.0320092 0.0159044 0.00707954 0.00284355 0.000988515 0.000290133 7.1897e-05 1.50008e-05
 4.1347e-11 1.94476e-09 6.33396e-08 1.42847e-06 2.23076e-05 0.000241225 0.00180628 0.00936619 0.0336385 0.0837409 0.144932 0.176436 0.157693 0.11762 0.0902192 0.0735634 0.0533829 0.0312587 0.0152656 0.00671757 0.00272382 0.000977964 0.000299539 7.6816e-05 1.62189e-05
 3.88288e-11 1.82632e-09 5.9482e-08 1.34147e-06 2.0949e-05 0.000226534 0.00169628 0.00879598 0.0315931 0.0786729 0.136325 0.166729 0.1515 0.118224 0.0970335 0.0827656 0.0610086 0.0358117 0.0174261 0.00760486 0.00304842 0.00108265 0.000330236 8.54227e-05 1.84283e-05
 3.53587e-11 1.6631e-09 5.41661e-08 1.22158e-06 1.90768e-05 0.000206289 0.0015447 0.00801018 0.0287739 0.0716841 0.12443 0.153198 0.142461 0.117945 0.104821 0.0941107 0.0713316 0.0431498 0.0219569 0.0100725 0.00417916 0.00150408 0.000458414 0.000117791 2.52631e-05
 3.22009e-11 1.51457e-09 4.93286e-08 1.11249e-06 1.73731e-05 0.000187866 0.00140676 0.00729508 0.0262079 0.0653197 0.113574 0.140734 0.133746 0.116609 0.110326 0.103062 0.0804045 0.0507079 0.0275273 0.0136028 0.00602097 0.00228541 0.000728931 0.000193929 4.24473e-05
 3.67923e-11 1.73053e-09 5.63623e-08 1.27111e-06 1.98502e-05 0.000214653 0.00160732 0.00833471 0.0299371 0.0745566 0.129244 0.158313 0.144653 0.114654 0.0966414 0.085159 0.0661664 0.0430043 0.0246741 0.0130214 0.00615162 0.00249598 0.00085311 0.00024234 5.60834e-05
 3.5933e-11 1.69011e-09 5.50459e-08 1.24143e-06 1.93867e-05 0.00020964 0.00156979 0.00814021 0.02924 0.0728362 0.126368 0.155289 0.143473 0.116909 0.101902 0.0906751 0.0689337 0.0423996 0.0224669 0.0111228 0.00518447 0.00217375 0.000787604 0.000239213 5.91802e-05
 3.50031e-11 1.64638e-09 5.36214e-08 1.2093e-06 1.88849e-05 0.000204214 0.00152917 0.00792962 0.0284844 0.0709623 0.123173 0.151629 0.140941 0.116603 0.103691 0.0935709 0.0719212 0.0448635 0.0240945 0.0118761 0.00535168 0.00213303 0.000742212 0.000223374 5.66027e-05
 3.49131e-11 1.64214e-09 5.34835e-08 1.20619e-06 1.88364e-05 0.000203689 0.00152523 0.00790922 0.0284111 0.0707787 0.122849 0.151204 0.140469 0.116069 0.103122 0.0931963 0.0720362 0.0454966 0.0249416 0.0125866 0.00577582 0.00231678 0.000797713 0.00023387 5.74925e-05
 3.82229e-11 1.79782e-09 5.85538e-08 1.32054e-06 2.06221e-05 0.000222999 0.00166981 0.0086587 0.0310998 0.0774422 0.134177 0.164034 0.148841 0.115787 0.0949053 0.0817194 0.0621028 0.0390241 0.0213828 0.0108407 0.0050312 0.00205252 0.000719485 0.000213478 5.25255e-05
 3.66348e-11 1.72312e-09 5.6121e-08 1.26567e-06 1.97653e-05 0.000213734 0.00160045 0.00829914 0.0298103 0.0742509 0.128782 0.158068 0.145438 0.117275 0.1008 0.0888508 0.0670913 0.0408332 0.0212046 0.0101724 0.0045616 0.00183921 0.000646483 0.000193859 4.83415e-05
 3.57392e-11 1.681e-09 5.4749e-08 1.23473e-06 1.92821e-05 0.000208509 0.00156132 0.00809631 0.0290825 0.0724451 0.125698 0.154509 0.14289 0.116734 0.102152 0.0912895 0.0698235 0.0433344 0.0230871 0.0112478 0.00498757 0.00194189 0.000654485 0.000190033 4.66574e-05
 3.65393e-11 1.71863e-09 5.59747e-08 1.26237e-06 1.97138e-05 0.000213177 0.00159627 0.00827747 0.0297322 0.0740538 0.128423 0.157544 0.144701 0.116193 0.0994731 0.0879067 0.0672662 0.0421424 0.0228655 0.0114092 0.00518101 0.00205503 0.000697183 0.000200294 4.79848e-05
 3.56797e-11 1.6782e-09 5.4658e-08 1.23268e-06 1.925e-05 0.000208162 0.00155873 0.00808285 0.0290341 0.0723247 0.12549 0.154258 0.142672 0.116584 0.102056 0.0912308 0.0698215 0.0434313 0.0233063 0.0115446 0.00526034 0.00211639 0.000732743 0.000214674 5.20729e-05
 3.45651e-11 1.62578e-09 5.29504e-08 1.19417e-06 1.86487e-05 0.000201659 0.00151004 0.00783043 0.0281284 0.0700786 0.121661 0.14987 0.139637 0.116205 0.104139 0.0945295 0.073095 0.0460684 0.0251585 0.0126466 0.00579301 0.00232753 0.000805321 0.000237209 5.82197e-05
 3.37473e-11 1.58731e-09 5.16977e-08 1.16591e-06 1.82074e-05 0.000196888 0.00147431 0.00764523 0.0274638 0.0684293 0.118842 0.146608 0.137266 0.115605 0.105189 0.0965047 0.0753274 0.0481854 0.0269202 0.0138826 0.00650296 0.0026604 0.000932885 0.000277001 6.82883e-05
 3.16366e-11 1.48803e-09 4.84643e-08 1.09299e-06 1.70687e-05 0.000184575 0.00138211 0.00716727 0.025749 0.0641779 0.111604 0.138359 0.131708 0.115297 0.109701 0.103146 0.0813979 0.0525713 0.0297734 0.0156242 0.00746681 0.00312491 0.00112239 0.000340675 8.54668e-05
#spawning biomass
 4235.47 2681.72 3952.3 5892.27 9115.36 11714.5 14388.6 17921.7 20789.4 31586.8 40125.2 56049.1 78563.9 97538.6 103294 95190.8 92752.8 86562.5 90262.4 79378.2 76770.2 84435.5 96526.4 104002 109192 112000 115871 110724 99797 156237 104097 63294.2 41119.6 30517.8 25800 23792 22961.7 22624.8 22489.8 22436.3 22415.1 22406.8 22403.6 22402.3 22401.8 22401.6 22401.5 22401.5 22401.5 22401.5 22401.5 22401.5 22401.5 22401.5 22401.5 22401.5 22401.5 22401.5 22401.5 22401.5 22401.5 22401.5 22401.5 22401.5 22401.5 22401.5 22401.5 22401.5 22401.5 22401.5 22401.5 22401.5 22401.5 22401.5 22401.5 22401.5 22401.5 22401.5 22401.5 22401.5 22401.5 22401.5 22401.5 22401.5 22401.5 22401.5 22401.5 22401.5 22401.5 22401.5 22401.5 22401.5 22401.5 22401.5 22401.5 22401.5 22401.5 22401.5 22401.5 22401.5 22401.5 22401.5 22401.5 22401.5 22401.5 22401.5 22401.5 22401.5 22401.5 22401.5 22401.5 22401.5 22401.5 22401.5 22401.5 22401.5 22401.5 22401.5 22401.5 22401.5 22401.5 22401.5 22401.5 22401.5 22401.5 22401.5 22401.5 22401.5 0 0 0 0 0 0 0 0 0 0 0 0 0 0 0 0 0 0 0 0 0 0 0 0 0
