SBPRF35
0.594824
Curr Bio
140096
B35
442201
F35
0.34009
FOFL
0
OFL
0
Bzero
169950
#pred survey bio
 11546.2 11361.7 15237.3 21500.2 24400.6 27330.1 32859 37614.9 42191.2 54736 73541.1 91069.2 104723 127946 128597 111172 103626 99966.5 105077 105913 109057 120014 123440 129743 137625 128579 120348 110706 110625 1.95857e+06 3.03922e+06 3.52116e+06 3.24071e+06 2.75859e+06 2.31615e+06 1.9771e+06 1.73884e+06 1.57921e+06 1.47499e+06 1.40771e+06 1.36427e+06 1.33597e+06 1.31725e+06 1.30447e+06 1.29533e+06 1.28901e+06 1.28454e+06 1.2813e+06 1.27891e+06 1.27713e+06 1.27578e+06 1.27476e+06 1.27397e+06 1.27336e+06 1.27289e+06 1.27252e+06 1.27223e+06 1.27201e+06 1.27184e+06 1.27171e+06 1.2716e+06 1.27152e+06 1.27145e+06 1.2714e+06 1.27137e+06 1.27133e+06 1.27131e+06 1.27129e+06 1.27128e+06 1.27127e+06 1.27126e+06 1.27125e+06 1.27125e+06 1.27124e+06 1.27124e+06 1.27124e+06 1.27123e+06 1.27123e+06 1.27123e+06 1.27123e+06 1.27123e+06 1.27123e+06 1.27123e+06 1.27123e+06 1.27123e+06 1.27123e+06 1.27123e+06 1.27123e+06 1.27123e+06 1.27123e+06 1.27123e+06 1.27123e+06 1.27123e+06 1.27123e+06 1.27123e+06 1.27123e+06 1.27123e+06 1.27123e+06 1.27123e+06 1.27123e+06 1.27123e+06 1.27123e+06 1.27123e+06 1.27123e+06 1.27123e+06 1.27123e+06 1.27123e+06 1.27123e+06 1.27123e+06 1.27123e+06 1.27123e+06 1.27123e+06 1.27123e+06 1.27123e+06 1.27123e+06 1.27123e+06 1.27123e+06 1.27123e+06 1.27123e+06 1.27123e+06 1.27123e+06 1.27123e+06 1.27123e+06 1.27123e+06 1.27123e+06 1.27123e+06 1.27123e+06 1.27123e+06 1.27123e+06 0 0 0 0 0 0 0 0 0 0 0 0 0 0 0 0 0 0 0 0 0 0 0 0 0
#obs survey bio
 10208.1 11906.9 17125.7 22367.4 19259.8 22747.4 30712.6 29904.7 31583.1 43828.4 79310.9 58764.1 111172 147324 117315 90818.4 108529 105367 77366.7 81553.9 89449.1 105783 90658.8 157314 155326 96585.9 87268.5 110508 95687.7
#pred catch bio
 7037.65 6147.38 6017.01 10597.4 14737.5 17473.2 21999.6 27140.3 30017.1 36454.9 47136.5 68107.6 73042.9 95611.9 106430 92310 85813.9 80060.5 88027.1 89846.9 87128.8 95199 98320.6 93980.9 112850 112393 109728 97738.4 114911 0 29925.5 40789 36957.7 30295.2 24504.2 20235.8 17343.3 15484.8 14333.9 13639.5 13228.6 12988.8 12850.5 12771 12725.2 12699.7 12685.6 12677.7 12673.3 12670.9 12669.5 12668.8 12668.4 12668.1 12668 12667.9 12667.9 12667.9 12667.9 12667.8 12667.8 12667.8 12667.8 12667.8 12667.8 12667.8 12667.8 12667.8 12667.8 12667.8 12667.8 12667.8 12667.8 12667.8 12667.8 12667.8 12667.8 12667.8 12667.8 12667.8 12667.8 12667.8 12667.8 12667.8 12667.8 12667.8 12667.8 12667.8 12667.8 12667.8 12667.8 12667.8 12667.8 12667.8 12667.8 12667.8 12667.8 12667.8 12667.8 12667.8 12667.8 12667.8 12667.8 12667.8 12667.8 12667.8 12667.8 12667.8 12667.8 12667.8 12667.8 12667.8 12667.8 12667.8 12667.8 12667.8 12667.8 12667.8 12667.8 12667.8 12667.8 12667.8 12667.8 12667.8 12667.8 12667.8 12667.8 12667.8 12667.8 0 0 0 0 0 0 0 0 0 0 0 0 0 0 0 0 0 0 0 0 0 0 0 0 0
#obs catch bio
 6114.3 6197.51 5897.38 10316.1 14621.8 17420.8 21691.8 27068.5 29992.5 35992.2 45449.3 68211.3 70660.9 92468.9 105048 92413.9 82813.7 77399.1 86074.5 89367.7 84401.1 91268.2 96262.2 90137.9 107880 109526 106687 94796.4 114383
#pred cpue bio
 8392.47 7650.94 9080.39 13542.2 15782.3 16912.1 20218.3 23070 24800.3 29633.4 40901.7 51955.2 54409.7 71036.6 77796.3 66067.5 58930.4 55822 57620.6 58468 56991.4 61992.2 64107.4 63316.6 69066.8 66313.3 64033 56984.9 58510.4 881172 2.3569e+06 3.35888e+06 3.13025e+06 2.63301e+06 2.18391e+06 1.84304e+06 1.60433e+06 1.4446e+06 1.34036e+06 1.27307e+06 1.22963e+06 1.20133e+06 1.18261e+06 1.16983e+06 1.16069e+06 1.15437e+06 1.1499e+06 1.14666e+06 1.14428e+06 1.14249e+06 1.14115e+06 1.14012e+06 1.13933e+06 1.13872e+06 1.13825e+06 1.13788e+06 1.1376e+06 1.13737e+06 1.1372e+06 1.13707e+06 1.13696e+06 1.13688e+06 1.13682e+06 1.13677e+06 1.13673e+06 1.1367e+06 1.13667e+06 1.13665e+06 1.13664e+06 1.13663e+06 1.13662e+06 1.13661e+06 1.13661e+06 1.1366e+06 1.1366e+06 1.1366e+06 1.13659e+06 1.13659e+06 1.13659e+06 1.13659e+06 1.13659e+06 1.13659e+06 1.13659e+06 1.13659e+06 1.13659e+06 1.13659e+06 1.13659e+06 1.13659e+06 1.13659e+06 1.13659e+06 1.13659e+06 1.13659e+06 1.13659e+06 1.13659e+06 1.13659e+06 1.13659e+06 1.13659e+06 1.13659e+06 1.13659e+06 1.13659e+06 1.13659e+06 1.13659e+06 1.13659e+06 1.13659e+06 1.13659e+06 1.13659e+06 1.13659e+06 1.13659e+06 1.13659e+06 1.13659e+06 1.13659e+06 1.13659e+06 1.13659e+06 1.13659e+06 1.13659e+06 1.13659e+06 1.13659e+06 1.13659e+06 1.13659e+06 1.13659e+06 1.13659e+06 1.13659e+06 1.13659e+06 1.13659e+06 1.13659e+06 1.13659e+06 1.13659e+06 1.13659e+06 1.13659e+06 0 0 0 0 0 0 0 0 0 0 0 0 0 0 0 0 0 0 0 0 0 0 0 0 0
#obs cpue bio
 6198.52 6324.99 12471.1 19569.4 21973.4 18018.2 33288.6 26447.1 36080.1 44451.9 70383.9 79956.1 85697 100210 92072.2 89707.3 96036.7 100017 84029.6 91671.9 127956 126175 121874 112996 118049 110625 142989 97786.2 86252.9
#pred surv len freq
 2.5617e-27 2.58447e-27 2.98069e-26 5.74813e-20 1.40908e-14 4.17537e-10 1.49555e-06 0.000647514 0.0338886 0.214389 0.164339 0.039993 0.18895 0.17471 0.0434404 0.0555357 0.0236592 0.0179064 0.0108862 0.00818902 0.00636038 0.00544947 0.00541979 0.00477948 0.00145613
 2.56408e-27 2.59107e-27 3.56863e-26 6.98844e-20 1.71313e-14 5.07631e-10 1.81825e-06 0.000787233 0.0412009 0.260649 0.199629 0.0379215 0.148394 0.137902 0.0483858 0.0758201 0.025778 0.010781 0.00477219 0.00268233 0.00169065 0.00123735 0.0010884 0.000958588 0.000319847
 2.56692e-27 2.59847e-27 4.1905e-26 8.30019e-20 2.03469e-14 6.02916e-10 2.15954e-06 0.000934999 0.0489345 0.309573 0.237005 0.0390065 0.130392 0.120617 0.0331523 0.045516 0.0179399 0.0111158 0.00357761 0.00111754 0.000464386 0.000257249 0.000186648 0.000154125 5.32105e-05
 2.56452e-27 2.59192e-27 3.60873e-26 7.07289e-20 1.73383e-14 5.13766e-10 1.84022e-06 0.000796746 0.0416988 0.263798 0.202082 0.0409407 0.169647 0.156834 0.0394527 0.0507017 0.0184974 0.00967949 0.00388278 0.0014514 0.000330615 0.000102162 5.19489e-05 3.67725e-05 1.25546e-05
 2.56416e-27 2.59111e-27 3.5525e-26 6.95433e-20 1.70477e-14 5.05154e-10 1.80938e-06 0.000783391 0.0409999 0.259377 0.198687 0.0397604 0.163051 0.151103 0.0449035 0.0645453 0.0222143 0.00957906 0.00336574 0.00119353 0.000342707 6.62095e-05 1.59381e-05 7.99736e-06 2.55425e-06
 2.56517e-27 2.5937e-27 3.76624e-26 7.40516e-20 1.81529e-14 5.37902e-10 1.92667e-06 0.000834176 0.0436578 0.276191 0.211537 0.0403893 0.158809 0.146894 0.0388266 0.0517502 0.0184117 0.00881459 0.00281735 0.000807748 0.000205323 4.41729e-05 6.31889e-06 1.42972e-06 3.78278e-07
 2.5647e-27 2.59232e-27 3.6328e-26 7.12363e-20 1.74627e-14 5.17451e-10 1.85342e-06 0.000802462 0.041998 0.265691 0.203539 0.0416394 0.173942 0.16071 0.0386099 0.0477047 0.0160604 0.00639927 0.00211203 0.000630176 0.000132332 2.42329e-05 3.34555e-06 3.47232e-07 5.30049e-08
 2.56482e-27 2.59265e-27 3.66299e-26 7.18732e-20 1.76188e-14 5.22078e-10 1.87e-06 0.000809637 0.0423735 0.268066 0.205349 0.0414447 0.171188 0.158226 0.039229 0.0497046 0.0160926 0.00538846 0.00160328 0.000416155 9.04463e-05 1.45695e-05 1.67401e-06 1.3099e-07 8.59395e-09
 2.56573e-27 2.595e-27 3.85962e-26 7.60208e-20 1.86356e-14 5.52206e-10 1.97791e-06 0.000856359 0.0448187 0.283536 0.217167 0.0417699 0.16536 0.152648 0.0346137 0.0405633 0.0130213 0.00418477 0.00115735 0.000248987 4.61245e-05 7.10913e-06 7.32469e-07 4.60689e-08 1.72954e-09
 2.56769e-27 2.60022e-27 4.31323e-26 8.55898e-20 2.09813e-14 6.21714e-10 2.22688e-06 0.000964152 0.0504602 0.319225 0.244409 0.0411644 0.141612 0.130575 0.0278434 0.0306497 0.00956698 0.00264917 0.000709381 0.000143723 2.27854e-05 2.88923e-06 2.69666e-07 1.49067e-08 4.12369e-10
 2.56647e-27 2.59683e-27 4.00499e-26 7.90868e-20 1.93872e-14 5.74477e-10 2.05768e-06 0.000890897 0.0466263 0.294971 0.225915 0.0427731 0.166848 0.153708 0.0291433 0.0277798 0.00853073 0.00215385 0.00054503 9.68382e-05 1.44267e-05 1.59576e-06 1.20406e-07 5.81271e-09 1.36195e-10
 2.56633e-27 2.59657e-27 3.99302e-26 7.88348e-20 1.93254e-14 5.72646e-10 2.05112e-06 0.000888058 0.0464777 0.294031 0.225182 0.0418154 0.160075 0.147703 0.0325376 0.0370217 0.0111561 0.0024169 0.000583936 9.53164e-05 1.27532e-05 1.26307e-06 8.28848e-08 3.22789e-09 6.43437e-11
 2.56814e-27 2.60133e-27 4.40066e-26 8.74338e-20 2.14334e-14 6.35109e-10 2.27485e-06 0.000984924 0.0515474 0.326103 0.249671 0.041788 0.14266 0.131346 0.0244195 0.0226282 0.00685346 0.0015719 0.000367347 5.05059e-05 6.15782e-06 5.43123e-07 3.11772e-08 1.03695e-09 1.67139e-11
 2.56613e-27 2.59582e-27 3.90856e-26 7.70523e-20 1.88884e-14 5.59698e-10 2.00474e-06 0.000867978 0.0454268 0.287383 0.220134 0.0436218 0.177368 0.163299 0.0287241 0.0243873 0.00716328 0.00128556 0.000290658 4.17862e-05 4.65141e-06 3.51566e-07 1.77685e-08 5.10159e-10 6.91258e-12
 2.56391e-27 2.58993e-27 3.39924e-26 6.63083e-20 1.62547e-14 4.81655e-10 1.72521e-06 0.00074695 0.0390926 0.247311 0.189544 0.0441198 0.20265 0.186886 0.0375716 0.0386131 0.0112455 0.00179327 0.000375644 4.36086e-05 4.72197e-06 3.47608e-07 1.50513e-08 3.71713e-10 4.30674e-12
 2.56492e-27 2.59272e-27 3.65167e-26 7.16338e-20 1.75602e-14 5.20339e-10 1.86377e-06 0.000806939 0.0422323 0.267173 0.20469 0.0428725 0.182517 0.168415 0.036262 0.0402887 0.0119474 0.00225701 0.000481463 4.91969e-05 4.55252e-06 2.88244e-07 1.20807e-08 2.61631e-10 2.57039e-12
 2.56582e-27 2.59506e-27 3.8481e-26 7.57771e-20 1.85758e-14 5.50436e-10 1.97157e-06 0.000853613 0.044675 0.282627 0.216495 0.0431747 0.176522 0.162665 0.031267 0.0303524 0.00906048 0.00184307 0.00040968 4.80381e-05 4.37487e-06 2.34841e-07 8.23379e-09 1.64706e-10 1.44216e-12
 2.56603e-27 2.59557e-27 3.8877e-26 7.66124e-20 1.87806e-14 5.56503e-10 1.9933e-06 0.000863023 0.0451675 0.285742 0.21888 0.0435598 0.177777 0.16371 0.0294156 0.0258553 0.00752027 0.00121241 0.000259111 3.23564e-05 3.20193e-06 1.86485e-07 5.8161e-09 9.62954e-11 7.50517e-13
 2.56667e-27 2.59735e-27 4.04728e-26 7.99789e-20 1.96059e-14 5.80957e-10 2.08089e-06 0.000900946 0.0471523 0.298298 0.228457 0.0428856 0.165918 0.152816 0.0283765 0.0262247 0.00758255 0.00113183 0.000228243 2.34877e-05 2.26394e-06 1.42938e-07 4.88243e-09 7.65166e-11 4.98542e-13
 2.56604e-27 2.59553e-27 3.87847e-26 7.64174e-20 1.87328e-14 5.55087e-10 1.98823e-06 0.000860826 0.0450525 0.285015 0.218333 0.044089 0.182189 0.167663 0.0279656 0.0215518 0.00619433 0.00089097 0.000175395 1.64509e-05 1.39374e-06 7.63657e-08 2.71748e-09 4.64747e-11 2.98375e-13
 2.56765e-27 2.59994e-27 4.27156e-26 8.47102e-20 2.07657e-14 6.15324e-10 2.20399e-06 0.000954243 0.0499416 0.315945 0.241928 0.0426633 0.154762 0.142415 0.024612 0.0202548 0.00573367 0.000658417 0.0001194 1.07577e-05 8.62675e-07 4.15994e-08 1.26736e-09 2.12247e-11 1.46687e-13
 2.56767e-27 2.59995e-27 4.26696e-26 8.46128e-20 2.07418e-14 6.14617e-10 2.20145e-06 0.000953146 0.0498842 0.315581 0.241657 0.0431039 0.158304 0.145578 0.0232474 0.016352 0.00464227 0.000579717 0.000105708 7.84597e-06 5.64853e-07 2.57189e-08 7.03411e-10 1.00805e-11 6.54453e-14
 2.5675e-27 2.59949e-27 4.22588e-26 8.37463e-20 2.05294e-14 6.08323e-10 2.17891e-06 0.000943385 0.0493734 0.31235 0.239193 0.043276 0.161346 0.148375 0.0235775 0.0163972 0.00460006 0.000478653 8.18321e-05 6.46517e-06 4.47377e-07 1.68589e-08 4.20591e-10 5.45895e-12 3.06009e-14
 2.56893e-27 2.60337e-27 4.56994e-26 9.10046e-20 2.23087e-14 6.61046e-10 2.36776e-06 0.00102515 0.0536525 0.339421 0.259846 0.0421928 0.138592 0.127387 0.0200323 0.0135985 0.00380406 0.000379365 6.23696e-05 4.19439e-06 2.71356e-07 1.04881e-08 2.29676e-10 2.57592e-12 1.30341e-14
 2.5682e-27 2.60137e-27 4.39022e-26 8.72132e-20 2.13793e-14 6.33506e-10 2.26911e-06 0.000982438 0.0514173 0.32528 0.249061 0.0429442 0.151888 0.139606 0.0212732 0.013353 0.00373708 0.000386699 6.45083e-05 4.21119e-06 2.53021e-07 8.42152e-09 1.80242e-10 1.88584e-12 8.18432e-15
 2.56737e-27 2.59907e-27 4.18282e-26 8.28376e-20 2.03066e-14 6.01722e-10 2.15527e-06 0.000933149 0.0488376 0.30896 0.236614 0.0438881 0.167815 0.154229 0.0224941 0.0124546 0.00343776 0.000287858 4.2867e-05 2.81048e-06 1.67956e-07 5.28778e-09 1.0002e-10 9.5683e-13 3.94461e-15
 2.56663e-27 2.59706e-27 4.00602e-26 7.91078e-20 1.93923e-14 5.74629e-10 2.05823e-06 0.000891133 0.0466387 0.295049 0.225999 0.0443499 0.178788 0.164374 0.0246553 0.0148249 0.00407974 0.000304672 4.11642e-05 2.24958e-06 1.17267e-07 3.67148e-09 6.72789e-11 5.82157e-13 2.14532e-15
 2.56751e-27 2.59947e-27 4.22059e-26 8.36345e-20 2.0502e-14 6.07511e-10 2.176e-06 0.000942125 0.0493074 0.311933 0.238879 0.0436163 0.164155 0.150891 0.0226227 0.0135859 0.0037412 0.000283948 3.85198e-05 1.89951e-06 8.48234e-08 2.16778e-09 3.64923e-11 3.08529e-13 1.05364e-15
 2.56677e-27 2.59746e-27 4.04096e-26 7.98451e-20 1.95731e-14 5.79985e-10 2.07741e-06 0.000899438 0.0470733 0.297799 0.228098 0.0442598 0.176627 0.162376 0.024218 0.0143319 0.00395368 0.000315323 4.4398e-05 2.23476e-06 9.93491e-08 2.21818e-09 3.08232e-11 2.21702e-13 7.21475e-16
#obs surv len freq
 1.08425e-41 1.50487e-33 2.52473e-26 5.1201e-20 1.25513e-14 3.71919e-10 1.33215e-06 0.000576776 0.0301862 0.190967 0.14653 0.0401825 0.173458 0.146767 0.103831 0.101728 0.0441102 0.0172567 0.00388943 0.000489796 2.53537e-05 3.89681e-07 1.33163e-09 8.23804e-13 8.09084e-17
 1.60654e-41 2.22977e-33 3.7409e-26 7.58646e-20 1.85973e-14 5.51072e-10 1.97385e-06 0.00085461 0.0447269 0.282955 0.216788 0.0407164 0.126683 0.102223 0.0758298 0.0684391 0.028441 0.0100905 0.00202405 0.0002171 9.12295e-06 1.08186e-07 2.74746e-10 1.23438e-13 8.68348e-18
 1.53623e-41 2.13219e-33 3.57719e-26 7.25446e-20 1.77835e-14 5.26957e-10 1.88747e-06 0.000817211 0.0427695 0.270574 0.207563 0.0500441 0.176919 0.128942 0.0564235 0.0425056 0.0169717 0.00542579 0.000954858 8.56079e-05 2.868e-06 2.60025e-08 4.88932e-11 1.59269e-14 8.02334e-19
 1.0776e-41 1.49563e-33 2.50924e-26 5.08868e-20 1.24743e-14 3.69637e-10 1.32398e-06 0.000573237 0.0300009 0.189797 0.146115 0.0565445 0.23045 0.163178 0.0977454 0.0655288 0.0156874 0.00376458 0.00057105 4.20709e-05 1.10323e-06 7.54139e-09 1.04272e-11 2.45682e-15 8.85673e-20
 1.50494e-41 2.08875e-33 3.50431e-26 7.10668e-20 1.74212e-14 5.16222e-10 1.84902e-06 0.000800562 0.0418983 0.265062 0.203388 0.0472589 0.142267 0.104157 0.103771 0.0688213 0.0187741 0.00346548 0.000316501 1.7503e-05 3.52977e-07 1.79429e-09 1.8058e-12 3.05965e-16 7.87329e-21
 1.20007e-41 1.66562e-33 2.79443e-26 5.66705e-20 1.38921e-14 4.11648e-10 1.47446e-06 0.000638389 0.0334108 0.21137 0.162945 0.0649544 0.2311 0.143966 0.0785375 0.0498767 0.0191583 0.00373984 0.000292074 9.84177e-06 1.31038e-07 4.80388e-10 3.4812e-13 4.20828e-17 7.68707e-22
 1.37719e-41 1.91144e-33 3.20684e-26 6.50341e-20 1.59423e-14 4.72401e-10 1.69206e-06 0.000732605 0.0383416 0.242564 0.186642 0.0579068 0.174965 0.116528 0.109742 0.056959 0.0128778 0.00250873 0.00022428 6.39001e-06 5.3714e-08 1.22033e-10 5.99844e-14 5.08893e-18 6.5502e-23
 1.19594e-41 1.65988e-33 2.7848e-26 5.64751e-20 1.38442e-14 4.10229e-10 1.46937e-06 0.000636188 0.0332956 0.210643 0.162839 0.0723866 0.227676 0.133438 0.0933771 0.0490138 0.0145244 0.00203152 0.000133306 3.73856e-06 2.65882e-08 4.0236e-11 1.21408e-14 6.60989e-19 5.75082e-24
 1.51445e-41 2.10195e-33 3.52646e-26 7.1516e-20 1.75313e-14 5.19485e-10 1.86071e-06 0.000805623 0.0421631 0.266741 0.205489 0.0643421 0.166663 0.103952 0.0965164 0.0422994 0.00957466 0.00137035 7.96311e-05 1.58177e-06 9.33617e-09 1.16781e-11 2.52959e-15 8.88578e-20 4.87064e-25
 1.51991e-41 2.10954e-33 3.53919e-26 7.17741e-20 1.75946e-14 5.21359e-10 1.86742e-06 0.000808531 0.0423153 0.267707 0.20685 0.077982 0.198462 0.103614 0.0660008 0.0283819 0.00704763 0.000790743 3.80358e-05 6.41592e-07 2.75003e-09 2.55696e-12 4.33388e-16 1.15129e-20 4.44184e-26
 1.09546e-41 1.52043e-33 2.55084e-26 5.17305e-20 1.26811e-14 3.75765e-10 1.34593e-06 0.00058274 0.0304983 0.192956 0.150843 0.0972047 0.258242 0.136223 0.0954434 0.0319026 0.00550692 0.00057199 2.35162e-05 3.04129e-07 1.02023e-09 6.98656e-13 8.41944e-17 1.63178e-21 4.69778e-27
 1.66855e-41 2.31584e-33 3.8853e-26 7.87931e-20 1.93152e-14 5.72345e-10 2.05005e-06 0.000887599 0.0464534 0.293888 0.226907 0.0712592 0.144623 0.0938035 0.0890996 0.0282513 0.00448774 0.000326718 9.93619e-06 1.03694e-07 2.61589e-10 1.32429e-13 1.16926e-17 1.61639e-22 3.27876e-28
 1.33795e-41 1.85698e-33 3.11547e-26 6.31811e-20 1.54881e-14 4.58941e-10 1.64385e-06 0.00071173 0.0372491 0.235674 0.184639 0.110627 0.243079 0.106591 0.0571443 0.0201171 0.00390284 0.000257219 5.82618e-06 4.16092e-08 7.69688e-11 2.87881e-14 1.8369e-18 1.82503e-23 2.65179e-29
 1.11768e-41 1.55127e-33 2.60258e-26 5.27798e-20 1.29384e-14 3.83387e-10 1.37323e-06 0.000594561 0.031117 0.196886 0.155613 0.111992 0.235447 0.137774 0.103627 0.0238385 0.00290433 0.000199777 4.42681e-06 2.43129e-08 3.05717e-11 7.82492e-15 3.54384e-19 2.52063e-24 2.60762e-30
 8.76962e-42 1.21717e-33 2.04205e-26 4.14123e-20 1.01517e-14 3.00815e-10 1.07747e-06 0.000466507 0.0244152 0.154501 0.124518 0.123562 0.249467 0.159736 0.124199 0.0343399 0.00459045 0.000200523 3.36801e-06 1.67961e-08 1.70519e-11 3.09112e-15 9.43106e-20 4.5541e-25 3.27036e-31
 1.41655e-41 1.96608e-33 3.2985e-26 6.68929e-20 1.6398e-14 4.85903e-10 1.74043e-06 0.000753545 0.0394376 0.249529 0.195605 0.0947129 0.15999 0.126252 0.101176 0.0283531 0.00400047 0.000186154 2.46814e-06 8.3702e-09 6.61439e-12 9.6656e-16 2.22637e-20 7.58728e-26 3.71303e-32
 9.71222e-42 1.34799e-33 2.26154e-26 4.58635e-20 1.12429e-14 3.33148e-10 1.19328e-06 0.000516649 0.0270394 0.171145 0.141142 0.161995 0.272708 0.126689 0.0728306 0.0225402 0.00324052 0.00015005 1.9522e-06 5.61141e-09 3.14424e-12 3.20873e-16 5.49363e-21 1.42623e-26 5.21442e-33
 1.43354e-41 1.98967e-33 3.33808e-26 6.76955e-20 1.65948e-14 4.91733e-10 1.76131e-06 0.000762586 0.0399108 0.252549 0.199885 0.107633 0.161024 0.136408 0.0845542 0.0154933 0.00170104 7.75535e-05 9.51807e-07 2.48918e-09 1.18712e-12 9.26405e-17 1.11706e-21 2.01049e-27 5.22501e-34
 1.00078e-41 1.38902e-33 2.33038e-26 4.72595e-20 1.15851e-14 3.43288e-10 1.2296e-06 0.000532376 0.0278626 0.176411 0.149136 0.183391 0.261022 0.121383 0.0626499 0.0160612 0.00150462 4.44106e-05 4.44738e-07 1.02368e-09 4.18745e-13 2.71461e-17 2.60359e-22 3.53134e-28 6.58939e-35
 1.28597e-41 1.78484e-33 2.99444e-26 6.07266e-20 1.48864e-14 4.41111e-10 1.57999e-06 0.000684081 0.0358022 0.226614 0.183928 0.132243 0.18132 0.152676 0.0743192 0.0114165 0.000966954 2.78804e-05 1.98086e-07 3.24058e-10 1.04779e-13 5.51924e-18 4.25675e-23 4.56574e-29 6.60662e-36
 1.41218e-41 1.96001e-33 3.28832e-26 6.66865e-20 1.63474e-14 4.84404e-10 1.73506e-06 0.000751219 0.0393161 0.248903 0.204713 0.159304 0.187381 0.101495 0.0477523 0.00971755 0.000651414 1.32926e-05 7.99446e-08 1.00593e-10 2.25939e-14 8.47905e-19 4.90663e-24 4.04801e-30 4.52038e-37
 1.12792e-41 1.56547e-33 2.62641e-26 5.3263e-20 1.30568e-14 3.86897e-10 1.3858e-06 0.000600004 0.0314023 0.198941 0.172564 0.196488 0.225253 0.12302 0.0448208 0.00647224 0.000428803 8.17012e-06 3.57479e-08 3.33138e-11 5.72537e-15 1.56383e-19 6.31242e-25 3.63816e-31 2.90776e-38
 1.37915e-41 1.91416e-33 3.21141e-26 6.51266e-20 1.5965e-14 4.73073e-10 1.69447e-06 0.000733648 0.0383967 0.243178 0.203632 0.160732 0.179107 0.125475 0.0433206 0.00517791 0.000241905 3.61605e-06 1.36771e-08 9.89086e-12 1.21629e-15 2.3975e-20 7.09077e-26 2.95883e-32 1.67371e-39
 1.3547e-41 1.88024e-33 3.15449e-26 6.39724e-20 1.56821e-14 4.64689e-10 1.66444e-06 0.000720645 0.0377165 0.239015 0.206972 0.19382 0.188098 0.0971455 0.0321809 0.00416218 0.000166773 1.79888e-06 4.85789e-09 2.71469e-12 2.60876e-16 3.82228e-21 8.06917e-27 2.38434e-33 9.6291e-41
 1.18659e-41 1.6469e-33 2.76302e-26 5.60335e-20 1.3736e-14 4.07021e-10 1.45788e-06 0.000631214 0.0330365 0.209562 0.190278 0.214234 0.206907 0.112789 0.0295593 0.00289493 0.000105965 1.01017e-06 2.04664e-09 7.95299e-13 5.41857e-17 5.85796e-22 9.25172e-28 2.01848e-34 5.88657e-42
 1.06336e-41 1.47587e-33 2.47608e-26 5.02144e-20 1.23095e-14 3.64752e-10 1.30648e-06 0.000565663 0.0296063 0.188013 0.178063 0.22097 0.21742 0.129997 0.0324867 0.00280091 7.66037e-05 5.69524e-07 9.52897e-10 2.88577e-13 1.41392e-17 1.05984e-22 1.16561e-28 1.80738e-35 3.81345e-43
 1.0478e-41 1.45428e-33 2.43985e-26 4.94797e-20 1.21294e-14 3.59416e-10 1.28737e-06 0.000557387 0.0291738 0.185431 0.179381 0.220904 0.216823 0.132592 0.0323717 0.00270041 6.35614e-05 3.61625e-07 4.42303e-10 1.01235e-13 3.81018e-18 2.1402e-23 1.69784e-29 1.84668e-36 2.70256e-44
 1.27094e-41 1.76399e-33 2.95945e-26 6.00171e-20 1.47125e-14 4.35958e-10 1.56153e-06 0.00067609 0.035386 0.224631 0.20505 0.200358 0.192278 0.112464 0.026897 0.00220841 5.04485e-05 2.64374e-07 2.74031e-10 5.01988e-14 1.49898e-18 6.80985e-24 4.44368e-30 3.98293e-37 4.75299e-45
 1.27097e-41 1.76402e-33 2.95951e-26 6.00183e-20 1.47128e-14 4.35967e-10 1.56156e-06 0.000676103 0.0353867 0.224635 0.205054 0.200366 0.192442 0.112809 0.0265249 0.00206039 4.35691e-05 2.07173e-07 1.91985e-10 3.10731e-14 8.12729e-19 3.21665e-24 1.82347e-30 1.41796e-37 1.46664e-45
#pred catch len freq
 2.55605e-27 2.5695e-27 1.69866e-26 3.04373e-20 7.46135e-15 2.21093e-10 7.91918e-07 0.00034287 0.0179446 0.113523 0.0873231 0.0402061 0.24468 0.226624 0.0612699 0.0833475 0.0354361 0.0266812 0.0161202 0.0120661 0.00934466 0.00799612 0.00794905 0.00700928 0.00213544
 2.55756e-27 2.57391e-27 2.10638e-26 3.9039e-20 9.56995e-15 2.83575e-10 1.01572e-06 0.000439767 0.0230158 0.145605 0.111778 0.0375603 0.207369 0.193299 0.0758159 0.124549 0.0423192 0.0176245 0.00776072 0.00433732 0.00272531 0.00199183 0.00175121 0.00154218 0.000514565
 2.5598e-27 2.57964e-27 2.57376e-26 4.88973e-20 1.19866e-14 3.55184e-10 1.27221e-06 0.000550818 0.0288278 0.182373 0.13989 0.0398258 0.204857 0.190092 0.0590994 0.0874549 0.03451 0.0213998 0.00686821 0.00213182 0.000882768 0.000488209 0.000354023 0.000292299 0.000100913
 2.55815e-27 2.57501e-27 2.14866e-26 3.99289e-20 9.78809e-15 2.90039e-10 1.03887e-06 0.000449791 0.0235404 0.148924 0.114388 0.0423213 0.241766 0.223978 0.0620247 0.0854176 0.0311523 0.0162497 0.00648932 0.00241346 0.000548086 0.000168972 8.58562e-05 6.07646e-05 2.07454e-05
 2.55824e-27 2.57545e-27 2.20446e-26 4.11067e-20 1.00768e-14 2.98594e-10 1.06951e-06 0.000463058 0.0242348 0.153317 0.117715 0.0406121 0.226422 0.210262 0.0676764 0.101686 0.034933 0.0149413 0.00522545 0.0018411 0.00052702 0.000101649 2.44421e-05 1.22613e-05 3.91599e-06
 2.55949e-27 2.57858e-27 2.45695e-26 4.64323e-20 1.13823e-14 3.37278e-10 1.20807e-06 0.00052305 0.0273746 0.17318 0.132903 0.0419138 0.225657 0.209078 0.0588129 0.0817764 0.0290125 0.0137498 0.00437628 0.00124593 0.000315622 6.77781e-05 9.68757e-06 2.19099e-06 5.79664e-07
 2.55934e-27 2.57796e-27 2.38345e-26 4.4881e-20 1.1002e-14 3.2601e-10 1.16771e-06 0.000505575 0.02646 0.167394 0.128512 0.0436461 0.241924 0.223818 0.0565519 0.0727888 0.0244417 0.00962195 0.00316002 0.000936557 0.000196039 3.58232e-05 4.9413e-06 5.12663e-07 7.82486e-08
 2.55981e-27 2.57923e-27 2.49337e-26 4.71998e-20 1.15705e-14 3.42853e-10 1.22804e-06 0.000531695 0.027827 0.176042 0.135112 0.043412 0.235507 0.217926 0.0560743 0.0731221 0.0236079 0.00778616 0.00230505 0.000593809 0.000128616 2.06781e-05 2.37354e-06 1.85655e-07 1.21787e-08
 2.56078e-27 2.5817e-27 2.69678e-26 5.14903e-20 1.26222e-14 3.74019e-10 1.33967e-06 0.000580027 0.0303565 0.192044 0.147343 0.0441165 0.232275 0.214654 0.050264 0.0606675 0.0194217 0.00614523 0.00169167 0.000361112 6.66564e-05 1.02514e-05 1.05524e-06 6.63424e-08 2.49028e-09
 2.56276e-27 2.58695e-27 3.14898e-26 6.10293e-20 1.49606e-14 4.43309e-10 1.58786e-06 0.000687483 0.0359804 0.227622 0.174504 0.0437862 0.210678 0.194511 0.0428227 0.0487264 0.015177 0.00413883 0.00110298 0.000221752 3.50357e-05 4.43216e-06 4.13239e-07 2.28338e-08 6.3156e-10
 2.56131e-27 2.58289e-27 2.77691e-26 5.31798e-20 1.30364e-14 3.86292e-10 1.38363e-06 0.00059906 0.0313526 0.198346 0.152183 0.0458981 0.242432 0.223588 0.0439093 0.043868 0.0134531 0.00335171 0.00084452 0.000148905 2.21058e-05 2.43954e-06 1.83868e-07 8.87213e-09 2.07844e-10
 2.56191e-27 2.58465e-27 2.94685e-26 5.67653e-20 1.39153e-14 4.12336e-10 1.47692e-06 0.000639449 0.0334665 0.211719 0.162367 0.044219 0.222499 0.205487 0.0460165 0.0532125 0.0160008 0.00340274 0.000817541 0.000132358 1.76451e-05 1.74321e-06 1.14263e-07 4.44763e-09 8.86402e-11
 2.5637e-27 2.58932e-27 3.34036e-26 6.5066e-20 1.59501e-14 4.72631e-10 1.69289e-06 0.000732955 0.0383602 0.242678 0.186015 0.0447076 0.209602 0.193184 0.0365372 0.0346965 0.0104874 0.00236326 0.000549646 7.49587e-05 9.10398e-06 8.00946e-07 4.59227e-08 1.52656e-09 2.46004e-11
 2.5617e-27 2.5838e-27 2.84527e-26 5.46215e-20 1.33898e-14 3.96764e-10 1.42114e-06 0.0006153 0.0322026 0.203723 0.156302 0.0467273 0.245848 0.226518 0.0403971 0.0350875 0.0102911 0.00181409 0.000407702 5.81387e-05 6.44891e-06 4.86113e-07 2.45379e-08 7.04119e-10 9.5385e-12
 2.55988e-27 2.57903e-27 2.43819e-26 4.60342e-20 1.12847e-14 3.34387e-10 1.19772e-06 0.000518566 0.0271399 0.171695 0.131844 0.0466474 0.262424 0.242138 0.0490555 0.0508841 0.014795 0.00231362 0.000481446 5.5429e-05 5.97674e-06 4.38844e-07 1.89782e-08 4.684e-10 5.42561e-12
 2.56093e-27 2.58196e-27 2.70467e-26 5.16561e-20 1.26629e-14 3.75224e-10 1.34399e-06 0.000581895 0.0304543 0.192663 0.147833 0.0452203 0.24033 0.22189 0.0479887 0.0535642 0.0158494 0.00293267 0.000622032 6.30459e-05 5.80898e-06 3.6674e-07 1.53504e-08 3.32242e-10 3.2632e-12
 2.56198e-27 2.58466e-27 2.9295e-26 5.63987e-20 1.38255e-14 4.09673e-10 1.46738e-06 0.00063532 0.0332503 0.210351 0.161348 0.0457522 0.234883 0.216566 0.0416648 0.0404925 0.0120571 0.00240043 0.000530497 6.16904e-05 5.59732e-06 2.99602e-07 1.04894e-08 2.09683e-10 1.83547e-12
 2.56202e-27 2.58468e-27 2.92402e-26 5.62828e-20 1.37971e-14 4.08831e-10 1.46437e-06 0.000634014 0.033182 0.209919 0.161028 0.046402 0.240052 0.221196 0.039935 0.0353665 0.0102692 0.00162286 0.000344466 4.26588e-05 4.20583e-06 2.44303e-07 7.60959e-09 1.25897e-10 9.80917e-13
 2.56305e-27 2.58751e-27 3.17695e-26 6.16186e-20 1.51051e-14 4.4759e-10 1.60319e-06 0.000694121 0.0363278 0.22982 0.176209 0.0454518 0.222155 0.204729 0.0378962 0.0348586 0.0100601 0.00146973 0.000294187 3.00219e-05 2.88093e-06 1.81402e-07 6.18865e-09 9.69246e-11 6.31306e-13
 2.56247e-27 2.58583e-27 3.01738e-26 5.8252e-20 1.42798e-14 4.23135e-10 1.5156e-06 0.000656197 0.034343 0.217264 0.166643 0.0468518 0.23953 0.22054 0.0366651 0.0280736 0.00805398 0.0011339 0.000221533 2.06096e-05 1.73826e-06 9.49624e-08 3.3746e-09 5.76766e-11 3.70187e-13
 2.56403e-27 2.59009e-27 3.3984e-26 6.62901e-20 1.62502e-14 4.81523e-10 1.72473e-06 0.000746744 0.0390819 0.247243 0.189512 0.0453766 0.212237 0.195438 0.0337443 0.0277244 0.00783826 0.000882779 0.000158664 1.41809e-05 1.13213e-06 5.44339e-08 1.65596e-09 2.77125e-11 1.91469e-13
 2.56409e-27 2.5902e-27 3.40139e-26 6.63528e-20 1.62656e-14 4.81978e-10 1.72636e-06 0.00074745 0.0391188 0.247477 0.189699 0.0459498 0.216467 0.199196 0.0317819 0.0223106 0.0063249 0.000774299 0.000140071 1.03191e-05 7.39069e-07 3.3552e-08 9.16324e-10 1.31216e-11 8.51603e-14
 2.564e-27 2.58992e-27 3.37606e-26 6.58184e-20 1.61346e-14 4.78096e-10 1.71246e-06 0.00074143 0.0388038 0.245484 0.18818 0.0460883 0.218589 0.201143 0.0319119 0.0221128 0.00619642 0.000632785 0.00010715 8.40053e-06 5.78609e-07 2.1739e-08 5.41461e-10 7.0223e-12 3.93506e-14
 2.56526e-27 2.59337e-27 3.68182e-26 7.22687e-20 1.77158e-14 5.24951e-10 1.88029e-06 0.000814092 0.0426066 0.269542 0.206534 0.0451182 0.19831 0.18244 0.0287894 0.019702 0.00550723 0.000539967 8.79738e-05 5.87492e-06 3.78055e-07 1.45692e-08 3.18574e-10 3.56987e-12 1.80565e-14
 2.56507e-27 2.59283e-27 3.63032e-26 7.11822e-20 1.74495e-14 5.17059e-10 1.85202e-06 0.000801853 0.0419661 0.265489 0.203447 0.0455548 0.203802 0.187438 0.0284119 0.0175861 0.00491479 0.000498633 8.23627e-05 5.33855e-06 3.19017e-07 1.0586e-08 2.26186e-10 2.36463e-12 1.02582e-14
 2.56437e-27 2.59086e-27 3.45131e-26 6.74056e-20 1.65237e-14 4.89626e-10 1.75376e-06 0.00075931 0.0397395 0.251404 0.192706 0.0464898 0.218464 0.200874 0.0290822 0.0157315 0.00433604 0.000356366 5.23965e-05 3.41004e-06 2.02683e-07 6.36209e-09 1.20139e-10 1.14826e-12 4.73187e-15
 2.56381e-27 2.58935e-27 3.31879e-26 6.46101e-20 1.58384e-14 4.69319e-10 1.68102e-06 0.000727819 0.0380914 0.240977 0.184749 0.046781 0.22627 0.208107 0.0308918 0.0180328 0.00495559 0.000363548 4.84129e-05 2.62816e-06 1.36121e-07 4.24858e-09 7.77264e-11 6.71958e-13 2.47517e-15
 2.56454e-27 2.59136e-27 3.49795e-26 6.83896e-20 1.67649e-14 4.96773e-10 1.77936e-06 0.000770394 0.0403197 0.255074 0.195503 0.0461533 0.213938 0.196747 0.0292439 0.0171362 0.00471276 0.000351423 4.70168e-05 2.30467e-06 1.02218e-07 2.60422e-09 4.37548e-11 3.69594e-13 1.26165e-15
 2.56549e-27 2.59393e-27 3.72545e-26 7.31889e-20 1.79414e-14 5.31635e-10 1.90423e-06 0.000824458 0.0431491 0.272974 0.209161 0.0454712 0.199151 0.183099 0.0267666 0.0149262 0.00410814 0.000320992 4.45315e-05 2.2274e-06 9.83541e-08 2.18946e-09 3.03617e-11 2.18158e-13 7.09603e-16
#obs catch len freq
 5.02284e-42 6.97137e-34 1.16959e-26 2.37191e-20 5.81446e-15 1.72293e-10 6.17126e-07 0.000267194 0.0139839 0.0884672 0.0682777 0.039921 0.218759 0.1867 0.143652 0.143172 0.0640724 0.0258344 0.00605694 0.000791838 4.27935e-05 6.86138e-07 2.43579e-09 1.5589e-12 1.57739e-16
 5.74961e-42 7.98008e-34 1.33882e-26 2.71511e-20 6.65577e-15 1.97223e-10 7.06419e-07 0.000305855 0.0160072 0.101268 0.0781637 0.0437133 0.223255 0.181598 0.142817 0.130761 0.0564627 0.0207554 0.00437757 0.00049277 2.16327e-05 2.67193e-07 7.03797e-10 3.26363e-13 2.36002e-17
 1.0861e-41 1.50744e-33 2.52905e-26 5.12885e-20 1.25728e-14 3.72555e-10 1.33443e-06 0.000577762 0.0302378 0.191294 0.146954 0.0452319 0.181537 0.140713 0.113522 0.0951405 0.0391584 0.0129768 0.00241717 0.000229718 8.10695e-06 7.66503e-08 1.49289e-10 5.01261e-14 2.59197e-18
 1.11976e-41 1.55415e-33 2.60742e-26 5.28779e-20 1.29624e-14 3.84099e-10 1.37578e-06 0.000595666 0.0311748 0.197223 0.151824 0.0584325 0.237645 0.164054 0.0764571 0.0539723 0.0212203 0.0062963 0.0010205 8.03275e-05 2.24005e-06 1.60789e-08 2.30788e-11 5.60304e-15 2.07152e-19
 7.8802e-42 1.09372e-33 1.83494e-26 3.72122e-20 9.12214e-15 2.70306e-10 9.68191e-07 0.000419193 0.0219389 0.138796 0.107476 0.0648886 0.274036 0.184617 0.116115 0.0708963 0.0165254 0.00373862 0.000518291 3.3212e-05 7.18892e-07 3.86668e-09 4.06449e-12 7.11939e-16 1.88082e-20
 1.25918e-41 1.74766e-33 2.93206e-26 5.94616e-20 1.45763e-14 4.31923e-10 1.54708e-06 0.000669831 0.0350563 0.221779 0.170572 0.0529786 0.172818 0.122368 0.125057 0.075288 0.0198076 0.0033114 0.000278872 1.34453e-05 2.22138e-07 8.8359e-10 6.73681e-13 8.467e-17 1.59448e-21
 1.03703e-41 1.43933e-33 2.41478e-26 4.89713e-20 1.20047e-14 3.55722e-10 1.27414e-06 0.000551658 0.0288716 0.182656 0.141395 0.0736971 0.260156 0.153549 0.0860801 0.0509124 0.0186508 0.00324702 0.000225571 6.57202e-06 7.21954e-08 2.0658e-10 1.13076e-13 1.01206e-17 1.35129e-22
 1.28023e-41 1.77687e-33 2.98107e-26 6.04555e-20 1.48199e-14 4.39142e-10 1.57294e-06 0.000681027 0.0356422 0.225488 0.173911 0.0642762 0.191848 0.123535 0.116111 0.0543307 0.0118862 0.00212049 0.000164622 3.93215e-06 2.6946e-08 4.8013e-11 1.78446e-14 1.1196e-18 1.05234e-23
 1.15018e-41 1.59637e-33 2.67825e-26 5.43143e-20 1.33145e-14 3.94533e-10 1.41315e-06 0.000611847 0.0320216 0.202587 0.157098 0.0799589 0.239709 0.134302 0.0939615 0.0454541 0.0126293 0.00157205 9.21442e-05 2.14825e-06 1.21684e-08 1.42981e-11 3.26744e-15 1.31787e-19 8.37022e-25
 1.51578e-41 2.1038e-33 3.52956e-26 7.15787e-20 1.75467e-14 5.1994e-10 1.86234e-06 0.000806329 0.0422001 0.266977 0.205988 0.0695258 0.170949 0.103592 0.0936494 0.0372382 0.00799806 0.00102259 5.12167e-05 8.50303e-07 4.00003e-09 3.84036e-12 6.25968e-16 1.6298e-20 6.53443e-26
 1.55216e-41 2.1543e-33 3.61428e-26 7.32969e-20 1.79679e-14 5.32421e-10 1.90704e-06 0.000825684 0.043213 0.27339 0.211577 0.0832164 0.197226 0.098451 0.061545 0.0243813 0.00559463 0.000554832 2.31523e-05 3.20588e-07 1.08843e-09 7.77284e-13 9.8733e-17 1.93761e-21 5.47147e-27
 1.15323e-41 1.60061e-33 2.68535e-26 5.44583e-20 1.33498e-14 3.95579e-10 1.4169e-06 0.000613469 0.0321065 0.203135 0.159187 0.103925 0.253931 0.129148 0.0870135 0.026285 0.00424981 0.000390511 1.36533e-05 1.44637e-07 3.81798e-10 1.99603e-13 1.80006e-17 2.57236e-22 5.40696e-28
 1.72965e-41 2.40064e-33 4.02757e-26 8.16782e-20 2.00225e-14 5.93302e-10 2.12511e-06 0.0009201 0.0481544 0.304652 0.235474 0.0748226 0.140192 0.0898672 0.0795524 0.0228274 0.00331815 0.000211441 5.51366e-06 4.67e-08 9.21502e-11 3.55134e-14 2.33941e-18 2.38098e-23 3.52289e-29
 1.40043e-41 1.9437e-33 3.26097e-26 6.61317e-20 1.62114e-14 4.80374e-10 1.72062e-06 0.000744969 0.0389888 0.246686 0.193752 0.116585 0.234457 0.098445 0.0507848 0.0165347 0.00285508 0.000161895 3.09065e-06 1.79274e-08 2.59094e-11 7.34814e-15 3.49051e-19 2.54931e-24 2.69906e-30
 1.18773e-41 1.64849e-33 2.76568e-26 5.60875e-20 1.37492e-14 4.07413e-10 1.45929e-06 0.000631821 0.0330671 0.209232 0.165882 0.118757 0.228734 0.13177 0.0908944 0.0187907 0.00211236 0.000125496 2.28757e-06 1.00487e-08 9.83616e-12 1.9094e-15 6.42948e-20 3.35691e-25 2.52821e-31
 9.46454e-42 1.31362e-33 2.20386e-26 4.46939e-20 1.09562e-14 3.24652e-10 1.16285e-06 0.000503474 0.0263499 0.166753 0.134984 0.131887 0.244088 0.154696 0.1097 0.0276731 0.00324091 0.000121537 1.70989e-06 6.75236e-09 5.27172e-12 7.21503e-16 1.63601e-20 5.79739e-26 3.0278e-32
 1.50246e-41 2.08531e-33 3.49854e-26 7.09498e-20 1.73925e-14 5.15372e-10 1.84598e-06 0.000799244 0.0418293 0.264669 0.207878 0.0988982 0.153498 0.120387 0.0868755 0.0223035 0.0027512 0.000107938 1.16813e-06 3.15181e-09 1.91616e-12 2.10143e-16 3.58458e-21 8.96179e-27 3.19214e-33
 1.04719e-41 1.45344e-33 2.43844e-26 4.94511e-20 1.21223e-14 3.59207e-10 1.28662e-06 0.000557063 0.0291546 0.184549 0.15298 0.170077 0.26108 0.118262 0.0631329 0.0178932 0.00222519 8.65909e-05 9.0814e-07 2.04138e-09 8.7525e-13 6.70573e-17 8.48284e-22 1.61096e-27 4.2828e-34
 1.5266e-41 2.11882e-33 3.55476e-26 7.20898e-20 1.7672e-14 5.23653e-10 1.87564e-06 0.000812087 0.0425015 0.268954 0.213321 0.111184 0.153332 0.127427 0.0696648 0.011624 0.00113369 4.3151e-05 4.23275e-07 8.5827e-10 3.10294e-13 1.80804e-17 1.60916e-22 2.11712e-28 3.99177e-35
 1.08387e-41 1.50435e-33 2.52385e-26 5.11833e-20 1.2547e-14 3.7179e-10 1.33169e-06 0.000576576 0.0301759 0.191084 0.162387 0.190391 0.247272 0.111896 0.0530508 0.0121709 0.000968444 2.41354e-05 1.94223e-07 3.44316e-10 1.06093e-13 5.1076e-18 3.60244e-23 3.56783e-29 4.83383e-36
 1.38395e-41 1.92083e-33 3.2226e-26 6.53536e-20 1.60207e-14 4.74722e-10 1.70037e-06 0.000736204 0.0385302 0.243902 0.198508 0.136045 0.172923 0.140404 0.0599805 0.00834226 0.000612322 1.44547e-05 8.16977e-08 1.0338e-10 2.51251e-14 9.78515e-19 5.52865e-24 4.31731e-30 4.52769e-37
 1.50736e-41 2.09212e-33 3.50996e-26 7.11813e-20 1.74492e-14 5.17053e-10 1.852e-06 0.000801852 0.0419661 0.265709 0.219174 0.161388 0.173827 0.0910673 0.0387346 0.00693229 0.000391099 6.61716e-06 3.14396e-08 3.02645e-11 5.10357e-15 1.41517e-19 5.98193e-25 3.58125e-31 2.89063e-38
 1.22181e-41 1.69579e-33 2.84505e-26 5.7697e-20 1.41437e-14 4.19105e-10 1.50117e-06 0.000649953 0.0340166 0.215548 0.187726 0.200208 0.211205 0.110164 0.0356194 0.00459999 0.000257465 3.96067e-06 1.36176e-08 9.70771e-12 1.24677e-15 2.51038e-20 7.40081e-26 3.092e-32 1.78156e-39
 1.47988e-41 2.05398e-33 3.44598e-26 6.98837e-20 1.71312e-14 5.07628e-10 1.81824e-06 0.000787235 0.0412014 0.260982 0.219098 0.16212 0.167854 0.110699 0.0335884 0.0035268 0.000138833 1.68688e-06 4.96518e-09 2.72419e-12 2.4995e-16 3.62583e-21 7.81579e-27 2.36295e-33 9.64395e-41
 1.45297e-41 2.01663e-33 3.38331e-26 6.86128e-20 1.68196e-14 4.98396e-10 1.78517e-06 0.000772919 0.0404526 0.256414 0.222643 0.193882 0.173382 0.084641 0.0249347 0.00278334 9.2315e-05 8.03102e-07 1.69002e-09 7.14776e-13 5.10119e-17 5.48965e-22 8.44427e-28 1.80624e-34 5.25458e-42
 1.28409e-41 1.78223e-33 2.99006e-26 6.06378e-20 1.48646e-14 4.40467e-10 1.57768e-06 0.000683082 0.0357515 0.226864 0.206586 0.215179 0.192817 0.0976628 0.0224801 0.00191612 5.79278e-05 4.38725e-07 6.86995e-10 2.01767e-13 1.01982e-17 8.0757e-23 9.27064e-29 1.46317e-35 3.07594e-43
 1.15987e-41 1.60983e-33 2.70082e-26 5.47721e-20 1.34267e-14 3.97859e-10 1.42507e-06 0.000617005 0.0322941 0.205179 0.194834 0.22298 0.205073 0.112561 0.0246048 0.00181433 4.08105e-05 2.4121e-07 3.09858e-10 7.05115e-14 2.55893e-18 1.40479e-23 1.12172e-29 1.25529e-36 1.90436e-44
 1.14527e-41 1.58956e-33 2.66681e-26 5.40824e-20 1.32577e-14 3.92849e-10 1.40712e-06 0.000609236 0.0318873 0.202569 0.191269 0.215828 0.208861 0.119775 0.0271219 0.00203544 4.20235e-05 2.0468e-07 2.09842e-10 3.96433e-14 1.22034e-18 5.57598e-24 3.58234e-30 3.14258e-37 3.69617e-45
 1.38025e-41 1.9157e-33 3.21398e-26 6.51788e-20 1.59778e-14 4.73452e-10 1.69583e-06 0.000734236 0.038429 0.243845 0.218115 0.192309 0.179127 0.10195 0.023636 0.00181473 3.80936e-05 1.80199e-07 1.66388e-10 2.68591e-14 7.01129e-19 2.77095e-24 1.56916e-30 1.21927e-37 1.2604e-45
#spawning biomass
 13438.7 13602.7 18833.9 26186.2 29541.3 33457.9 40261.6 46139.3 52279.6 69117.9 92227.9 113643 133324 160438 158062 137333 129291 125204 132186 132938 138604 152837 157012 167166 176283 163706 152214 141033 140096 106658 164717 175441 154534 128052 105494 88899.7 77655.9 70432.2 65958.2 63259.2 61661.9 60730.1 60192.4 59883.4 59705.4 59606.4 59551.3 59520.7 59503.7 59494.2 59489 59486 59484.4 59483.5 59483 59482.7 59482.6 59482.5 59482.4 59482.4 59482.4 59482.4 59482.4 59482.4 59482.4 59482.4 59482.4 59482.4 59482.4 59482.4 59482.4 59482.4 59482.4 59482.4 59482.4 59482.4 59482.4 59482.4 59482.4 59482.4 59482.4 59482.4 59482.4 59482.4 59482.4 59482.4 59482.4 59482.4 59482.4 59482.4 59482.4 59482.4 59482.4 59482.4 59482.4 59482.4 59482.4 59482.4 59482.4 59482.4 59482.4 59482.4 59482.4 59482.4 59482.4 59482.4 59482.4 59482.4 59482.4 59482.4 59482.4 59482.4 59482.4 59482.4 59482.4 59482.4 59482.4 59482.4 59482.4 59482.4 59482.4 59482.4 59482.4 59482.4 59482.4 59482.4 59482.4 59482.4 59482.4 0 0 0 0 0 0 0 0 0 0 0 0 0 0 0 0 0 0 0 0 0 0 0 0 0
