SBPRF35
0.175648
Curr Bio
172983
B35
200801
F35
0.667742
FOFL
0.667742
OFL
83820.7
Bzero
50185.1
#pred survey bio
 3083.4 3452.16 5580.58 8047.95 12331.4 18132 29165.7 45401.2 60111.6 82014.5 93027.6 118519 143732 154861 152895 127304 125844 117791 129455 141301 146729 142151 126213 141365 143112 148964 160357 173887 5.48256e+06 5.02142e+06 2.929e+06 1.66491e+06 1.02283e+06 718066 574094 503604 467124 447167 435762 429052 425038 422614 421138 420234 419695 419373 419180 419064 418995 418953 418928 418913 418904 418899 418895 418893 418892 418891 418891 418891 418891 418890 418890 418890 418890 418890 418890 418890 418890 418890 418890 418890 418890 418890 418890 418890 418890 418890 418890 418890 418890 418890 418890 418890 418890 418890 418890 418890 418890 418890 418890 418890 418890 418890 418890 418890 418890 418890 418890 418890 418890 418890 418890 418890 418890 418890 418890 418890 418890 418890 418890 418890 418890 418890 418890 418890 418890 418890 418890 418890 418890 418890 418890 418890 418890 418890 418890 418890 0 0 0 0 0 0 0 0 0 0 0 0 0 0 0 0 0 0 0 0 0 0 0 0 0
#obs survey bio
 2833.75 4739.62 5308.73 8221.44 17992.8 23123.6 37108.8 61177.5 57680.4 82884.6 82475.9 147677 153025 121832 235520 158478 108721 108865 126186 148663 151067 160673 122968 181470 131468 156717 159085 141813
#pred catch bio
 1639.07 1490.19 2668.12 3693.55 6168.55 8015.41 12881.5 24126.1 32087.7 53227.9 55284.1 70473.5 91085 98946 106640 83694.9 89101.7 77826.6 86914.2 98694.7 106815 108391 85157.4 102916 105773 107675 116754 88083.5 83820.7 89227.1 47293.1 23921.8 13271.6 8953.71 7329.82 6749.58 6549.65 6482.55 6460.47 6453.31 6451.01 6450.28 6450.05 6449.98 6449.95 6449.95 6449.95 6449.94 6449.94 6449.94 6449.94 6449.94 6449.94 6449.94 6449.94 6449.94 6449.94 6449.94 6449.94 6449.94 6449.94 6449.94 6449.94 6449.94 6449.94 6449.94 6449.94 6449.94 6449.94 6449.94 6449.94 6449.94 6449.94 6449.94 6449.94 6449.94 6449.94 6449.94 6449.94 6449.94 6449.94 6449.94 6449.94 6449.94 6449.94 6449.94 6449.94 6449.94 6449.94 6449.94 6449.94 6449.94 6449.94 6449.94 6449.94 6449.94 6449.94 6449.94 6449.94 6449.94 6449.94 6449.94 6449.94 6449.94 6449.94 6449.94 6449.94 6449.94 6449.94 6449.94 6449.94 6449.94 6449.94 6449.94 6449.94 6449.94 6449.94 6449.94 6449.94 6449.94 6449.94 6449.94 6449.94 6449.94 6449.94 6449.94 6449.94 6449.94 0 0 0 0 0 0 0 0 0 0 0 0 0 0 0 0 0 0 0 0 0 0 0 0 0
#obs catch bio
 930.412 1442.45 2633.85 3482.06 5916.33 7397.98 11671.1 21236 29876 53520.2 54175 65029.9 89108.6 98147.6 97576.7 79035.8 94092.2 79281.5 82523.9 93361.1 96826.9 102648 77782.2 94910.9 96494.2 95777.4 107914 85384.9
#pred cpue bio
 2747.92 2790.59 4647.99 6669.75 10171.5 14891.5 24057.2 37681.2 49820 67433.6 75947.9 97284.2 119053 128630 129395 106725 104389 96729.9 105973 115404 119576 115868 102649 115054 115480 119314 129421 138861 4.67698e+06 4.98646e+06 2.89404e+06 1.62995e+06 987874 683108 539136 468646 432166 412209 400804 394094 390080 387657 386180 385276 384738 384415 384222 384107 384037 383995 383970 383955 383946 383941 383937 383936 383934 383934 383933 383933 383933 383933 383933 383933 383933 383933 383933 383933 383933 383933 383933 383933 383933 383933 383933 383933 383933 383933 383933 383933 383933 383933 383933 383933 383933 383933 383933 383933 383933 383933 383933 383933 383933 383933 383933 383933 383933 383933 383933 383933 383933 383933 383933 383933 383933 383933 383933 383933 383933 383933 383933 383933 383933 383933 383933 383933 383933 383933 383933 383933 383933 383933 383933 383933 383933 383933 383933 383933 0 0 0 0 0 0 0 0 0 0 0 0 0 0 0 0 0 0 0 0 0 0 0 0 0
#obs cpue bio
 2522.57 2446.01 5514.6 8822.68 8622.81 17058.8 31325.1 46737.6 51909.7 58709.5 91922.4 126932 103817 161494 146550 97867.5 79786.3 102593 152991 139660 179472 122480 147736 130228 180119 186910 171782 176091
#pred surv len freq
 1.43905e-11 1.56264e-09 1.00042e-07 3.77608e-06 8.40311e-05 0.00110252 0.00852924 0.0389201 0.104955 0.168878 0.169796 0.1275 0.0993742 0.0816126 0.0581714 0.0385224 0.0264524 0.0186843 0.0137051 0.010614 0.008815 0.0079168 0.00721971 0.00573958 0.00340351
 1.77018e-11 1.9222e-09 1.23061e-07 4.64494e-06 0.000103366 0.0013562 0.0104914 0.0478657 0.128971 0.20665 0.203659 0.141946 0.096101 0.0696764 0.0425466 0.0215374 0.0110077 0.00620459 0.00377225 0.00245514 0.00173492 0.00136167 0.0011427 0.000883687 0.000527511
 1.58496e-11 1.72108e-09 1.10185e-07 4.15894e-06 9.25513e-05 0.00121431 0.00939417 0.0428693 0.115639 0.186338 0.188603 0.144721 0.115462 0.0917398 0.056151 0.0265487 0.011556 0.00500168 0.00217568 0.00103332 0.000561977 0.000353694 0.000253552 0.000181266 0.000105524
 1.6145e-11 1.75315e-09 1.12238e-07 4.23644e-06 9.42758e-05 0.00123693 0.00956909 0.0436651 0.117751 0.18947 0.1905 0.142904 0.110366 0.0872143 0.0553855 0.0286302 0.0136882 0.00593913 0.00225072 0.000795544 0.000289403 0.000122001 6.43766e-05 3.86725e-05 2.08951e-05
 1.63619e-11 1.7767e-09 1.13746e-07 4.29334e-06 9.55422e-05 0.00125355 0.00969758 0.0442504 0.119317 0.191886 0.192438 0.143061 0.108827 0.0850941 0.0535649 0.0274337 0.0132555 0.00606613 0.00247668 0.000885224 0.000275004 7.89463e-05 2.48599e-05 9.99075e-06 4.44381e-06
 1.64978e-11 1.79147e-09 1.14691e-07 4.32903e-06 9.63363e-05 0.00126397 0.00977817 0.044618 0.120305 0.193452 0.193901 0.143847 0.108945 0.0846158 0.0524376 0.0259595 0.0120302 0.00537013 0.00219953 0.000815964 0.000264813 7.26513e-05 1.71985e-05 4.02325e-06 1.11153e-06
 1.63339e-11 1.77367e-09 1.13552e-07 4.28601e-06 9.5379e-05 0.00125141 0.00968103 0.0441752 0.119118 0.191596 0.192289 0.143322 0.109472 0.0857289 0.0538324 0.0273194 0.0129311 0.00572872 0.00227358 0.000820005 0.000265729 7.44798e-05 1.74051e-05 3.3623e-06 5.79654e-07
 1.60708e-11 1.7451e-09 1.11723e-07 4.21698e-06 9.38428e-05 0.00123125 0.00952515 0.043465 0.117218 0.188662 0.189919 0.14307 0.111184 0.0879794 0.05556 0.0284441 0.013668 0.00618176 0.00250204 0.000904069 0.00028724 7.88178e-05 1.83037e-05 3.47603e-06 5.27057e-07
 1.60797e-11 1.74607e-09 1.11785e-07 4.21932e-06 9.38948e-05 0.00123194 0.00953046 0.0434896 0.11729 0.188823 0.190293 0.143888 0.112364 0.0887409 0.0551978 0.0273016 0.0126258 0.00562286 0.00229161 0.000842979 0.000272214 7.48617e-05 1.71601e-05 3.2027e-06 4.73216e-07
 1.64318e-11 1.7843e-09 1.14232e-07 4.3117e-06 9.59506e-05 0.00125891 0.00973904 0.0444398 0.11983 0.192727 0.193362 0.14394 0.109635 0.0854295 0.0529861 0.0261868 0.0120152 0.00522746 0.00205953 0.000739621 0.000238385 6.63728e-05 1.53925e-05 2.87447e-06 4.19824e-07
 1.66051e-11 1.80312e-09 1.15437e-07 4.35718e-06 9.69628e-05 0.00127219 0.00984178 0.0449088 0.121097 0.194787 0.195525 0.145763 0.111039 0.0856624 0.051237 0.023218 0.00949865 0.003846 0.00147052 0.000515487 0.00016138 4.3947e-05 1.0139e-05 1.90627e-06 2.80244e-07
 1.63891e-11 1.77966e-09 1.13935e-07 4.30049e-06 9.57012e-05 0.00125564 0.00971378 0.0443255 0.119535 0.192358 0.193483 0.1453 0.112093 0.0874119 0.0530822 0.0247831 0.0103983 0.00409 0.0014335 0.000457766 0.000135086 3.55096e-05 7.9686e-06 1.47064e-06 2.14967e-07
 1.59941e-11 1.73677e-09 1.11189e-07 4.19685e-06 9.33948e-05 0.00122538 0.00947977 0.0432594 0.116684 0.187969 0.190002 0.145136 0.115006 0.0910687 0.0557068 0.026281 0.0112345 0.00453152 0.00162251 0.000511676 0.000141611 3.41463e-05 7.14909e-06 1.26232e-06 1.79432e-07
 1.5856e-11 1.72177e-09 1.10229e-07 4.16061e-06 9.25885e-05 0.0012148 0.00939796 0.0428869 0.11569 0.18645 0.188859 0.145284 0.116338 0.0925561 0.0565381 0.0265104 0.0112564 0.00454674 0.00164963 0.00053154 0.000149427 3.55417e-05 7.04458e-06 1.15276e-06 1.53223e-07
 1.49327e-11 1.62152e-09 1.03811e-07 3.91834e-06 8.71972e-05 0.00114407 0.00885097 0.0403953 0.109031 0.176226 0.180884 0.145354 0.123861 0.101663 0.0626774 0.0295273 0.0125781 0.00507443 0.00183312 0.000590474 0.000167595 4.05088e-05 8.09302e-06 1.30003e-06 1.64351e-07
 1.54104e-11 1.67339e-09 1.07132e-07 4.04369e-06 8.99865e-05 0.00118066 0.00913397 0.0416844 0.112476 0.181515 0.185005 0.145305 0.119949 0.0969375 0.0595054 0.0279837 0.0119105 0.00481024 0.00174146 0.000561222 0.000159049 3.84865e-05 7.74873e-06 1.25739e-06 1.58977e-07
 1.59351e-11 1.73036e-09 1.10779e-07 4.18137e-06 9.30504e-05 0.00122086 0.00944482 0.0431002 0.116258 0.187307 0.189452 0.145031 0.115316 0.0915249 0.0561153 0.0265969 0.0114484 0.00465424 0.00168802 0.000544449 0.000154495 3.74123e-05 7.53489e-06 1.22581e-06 1.55901e-07
 1.63079e-11 1.77084e-09 1.13371e-07 4.27919e-06 9.52272e-05 0.00124942 0.00966571 0.044107 0.118958 0.191529 0.193114 0.146219 0.114138 0.0891047 0.0531779 0.0237227 0.00939799 0.00363348 0.00130511 0.000423036 0.000120563 2.92524e-05 5.89845e-06 9.60504e-07 1.22327e-07
 1.64646e-11 1.78785e-09 1.1446e-07 4.3203e-06 9.6142e-05 0.00126142 0.00975851 0.0445295 0.120084 0.193236 0.194337 0.145852 0.112335 0.0872662 0.0524168 0.0238249 0.009606 0.00364698 0.00123432 0.000375351 0.000103529 2.49731e-05 5.04903e-06 8.24294e-07 1.05142e-07
 1.65478e-11 1.7969e-09 1.15039e-07 4.34214e-06 9.66282e-05 0.0012678 0.00980784 0.0447544 0.120687 0.194178 0.19515 0.146102 0.112044 0.0866896 0.0517277 0.0231741 0.00918124 0.00347328 0.00118447 0.000357271 9.45406e-05 2.15682e-05 4.19285e-06 6.74422e-07 8.58908e-08
 1.66111e-11 1.80377e-09 1.15479e-07 4.35875e-06 9.69976e-05 0.00127265 0.00984534 0.0449254 0.121147 0.194908 0.195839 0.146491 0.112134 0.0864862 0.0511841 0.0224519 0.0085937 0.00314971 0.00105049 0.000313022 8.25034e-05 1.85941e-05 3.4931e-06 5.36494e-07 6.58499e-08
 1.65694e-11 1.79924e-09 1.15189e-07 4.34781e-06 9.67542e-05 0.00126945 0.00982065 0.0448132 0.12085 0.194479 0.195634 0.146921 0.113129 0.0873547 0.0513348 0.0220393 0.00812171 0.00286139 0.000919945 0.000264375 6.76972e-05 1.49859e-05 2.78182e-06 4.19748e-07 4.99362e-08
 1.6634e-11 1.80625e-09 1.15638e-07 4.36475e-06 9.71313e-05 0.0012744 0.00985893 0.0449877 0.12132 0.195223 0.196329 0.147294 0.113185 0.087122 0.050789 0.0213369 0.00755687 0.00255053 0.000787351 0.000216577 5.3099e-05 1.13014e-05 2.03208e-06 2.99795e-07 3.50432e-08
 1.66759e-11 1.81081e-09 1.1593e-07 4.37576e-06 9.73763e-05 0.00127761 0.00988375 0.0451002 0.121613 0.195609 0.196314 0.146254 0.111267 0.085676 0.0509796 0.0226835 0.0087885 0.00314743 0.000971738 0.000257889 6.03471e-05 1.22449e-05 2.10161e-06 2.97443e-07 3.36269e-08
 1.6998e-11 1.84577e-09 1.18168e-07 4.46026e-06 9.92566e-05 0.00130228 0.0100745 0.0459696 0.12394 0.199218 0.199303 0.146799 0.109499 0.0830255 0.048499 0.0207453 0.00762693 0.00269841 0.000873312 0.00024749 5.97447e-05 1.19382e-05 1.96495e-06 2.64735e-07 2.85395e-08
 1.72753e-11 1.87589e-09 1.20096e-07 4.53303e-06 0.000100876 0.00132353 0.0102389 0.0467182 0.125942 0.202307 0.201782 0.147009 0.107597 0.0805522 0.0466147 0.0195627 0.0069298 0.00233719 0.000720524 0.00019834 4.86278e-05 1.01728e-05 1.73338e-06 2.3322e-07 2.43567e-08
 1.69593e-11 1.84158e-09 1.179e-07 4.45012e-06 9.9031e-05 0.00129932 0.0100517 0.0458656 0.123665 0.198817 0.199094 0.147148 0.110351 0.0838026 0.0487028 0.0204678 0.00724137 0.00241759 0.000725878 0.000191261 4.46756e-05 9.05595e-06 1.54576e-06 2.1388e-07 2.29462e-08
 1.74037e-11 1.88983e-09 1.20989e-07 4.56672e-06 0.000101626 0.00133336 0.0103149 0.0470646 0.126867 0.203715 0.202825 0.146819 0.106279 0.0791158 0.0458617 0.0194196 0.0069727 0.00235702 0.000710344 0.000185897 4.2481e-05 8.28976e-06 1.35434e-06 1.81734e-07 1.93969e-08
#obs surv len freq
 1.88052e-11 2.04202e-09 1.30732e-07 4.93448e-06 0.00010981 0.00144073 0.0111451 0.0508429 0.136915 0.218728 0.21241 0.139546 0.083867 0.0584186 0.0401881 0.0247008 0.0132084 0.00576063 0.00200735 0.000561652 0.00012255 1.98099e-05 2.26971e-06 1.78502e-07 9.40666e-09
 1.47966e-11 1.60674e-09 1.02865e-07 3.88265e-06 8.6403e-05 0.00113366 0.00877072 0.040035 0.108125 0.175189 0.181321 0.148248 0.127289 0.10316 0.0622052 0.02797 0.0108756 0.00393992 0.00124936 0.000322238 6.44336e-05 9.62557e-06 1.03693e-06 7.76221e-08 3.90267e-09
 1.68141e-11 1.82581e-09 1.1689e-07 4.41201e-06 9.81832e-05 0.0012882 0.00996578 0.0454756 0.122622 0.197088 0.196608 0.142223 0.102381 0.0790481 0.0533969 0.0299217 0.0136764 0.0047249 0.00119825 0.000235205 3.77794e-05 4.86631e-06 4.69915e-07 3.20785e-08 1.48771e-09
 1.5335e-11 1.6652e-09 1.06608e-07 4.02391e-06 8.95469e-05 0.00117491 0.00908994 0.0414923 0.112048 0.181315 0.18609 0.146977 0.119136 0.0942938 0.0592595 0.0297728 0.0129138 0.00469613 0.00132514 0.000276125 4.13631e-05 4.42745e-06 3.42344e-07 1.91908e-08 7.62776e-10
 1.7157e-11 1.86305e-09 1.19274e-07 4.50201e-06 0.000100186 0.00131449 0.0101694 0.046409 0.125181 0.201427 0.201483 0.145889 0.103041 0.0759851 0.0481772 0.0250893 0.0108513 0.00369981 0.000957963 0.000189042 2.81338e-05 3.02974e-06 2.26247e-07 1.14215e-08 3.85835e-10
 1.5516e-11 1.68485e-09 1.07866e-07 4.0714e-06 9.06038e-05 0.00118879 0.00919771 0.041991 0.113461 0.183957 0.189722 0.150448 0.120161 0.0920799 0.0557277 0.0266093 0.0107024 0.00354528 0.000911221 0.000175811 2.48878e-05 2.52343e-06 1.79135e-07 8.69611e-09 2.81509e-10
 1.71889e-11 1.86651e-09 1.19496e-07 4.51037e-06 0.000100372 0.00131695 0.0101887 0.0465036 0.125498 0.20227 0.203256 0.148174 0.104072 0.0750227 0.0464282 0.0234819 0.0096951 0.00309781 0.000738516 0.000131716 1.75123e-05 1.68633e-06 1.13464e-07 5.18276e-09 1.57277e-10
 1.53922e-11 1.67141e-09 1.07005e-07 4.03892e-06 8.98813e-05 0.00117933 0.00912515 0.0416707 0.112706 0.183357 0.190988 0.154 0.123086 0.0920323 0.0538836 0.0247115 0.00941568 0.00291722 0.000693453 0.000122026 1.55091e-05 1.39149e-06 8.64807e-08 3.65819e-09 1.03278e-10
 1.58986e-11 1.7264e-09 1.10525e-07 4.1718e-06 9.28384e-05 0.00121813 0.00942529 0.0430387 0.116361 0.188903 0.194803 0.152093 0.116258 0.0861361 0.0524542 0.0255461 0.00995152 0.00295195 0.0006449 0.000104019 1.23585e-05 1.05316e-06 6.21554e-08 2.46885e-09 6.46638e-11
 1.51902e-11 1.64948e-09 1.05601e-07 3.98594e-06 8.87028e-05 0.00116389 0.00900644 0.0411408 0.111387 0.181797 0.190914 0.155576 0.123992 0.0918804 0.0542854 0.0254517 0.00969027 0.00287607 0.000633632 0.000101097 1.14708e-05 9.0788e-07 4.92888e-08 1.80705e-09 4.39592e-11
 1.5442e-11 1.67682e-09 1.07352e-07 4.05201e-06 9.01734e-05 0.0011832 0.00915604 0.0418269 0.113258 0.184833 0.193611 0.155859 0.121458 0.0887899 0.0525855 0.0247571 0.00928212 0.00265278 0.000557913 8.53989e-05 9.37489e-06 7.18405e-07 3.73693e-08 1.29111e-09 2.9157e-11
 1.49118e-11 1.61925e-09 1.03666e-07 3.9129e-06 8.70783e-05 0.00114262 0.00884289 0.0404115 0.109576 0.179682 0.191006 0.158511 0.126708 0.0925855 0.0540427 0.0249804 0.00920347 0.00259159 0.000535936 7.98402e-05 8.41709e-06 6.14012e-07 3.03261e-08 9.94896e-10 2.13042e-11
 1.41036e-11 1.53149e-09 9.80472e-08 3.70083e-06 8.23597e-05 0.00108074 0.00836527 0.0382493 0.103914 0.171546 0.186095 0.160918 0.133534 0.0988521 0.0578583 0.026633 0.00963363 0.00262817 0.000523224 7.4927e-05 7.58817e-06 5.30245e-07 2.49494e-08 7.74819e-10 1.56252e-11
 1.39047e-11 1.50988e-09 9.66644e-08 3.64864e-06 8.11989e-05 0.00106554 0.00824828 0.0377246 0.102573 0.16971 0.184949 0.160672 0.133505 0.0996297 0.0597083 0.0282743 0.0103842 0.00282966 0.000555627 7.75415e-05 7.56476e-06 5.04819e-07 2.25663e-08 6.63644e-10 1.26377e-11
 1.24556e-11 1.35253e-09 8.65909e-08 3.26844e-06 7.27395e-05 0.000954619 0.00739223 0.0338518 0.0924544 0.155298 0.176777 0.166365 0.147192 0.110797 0.0649289 0.0297939 0.0106437 0.00284311 0.000549132 7.51045e-05 7.12071e-06 4.57449e-07 1.95162e-08 5.43875e-10 9.76137e-12
 1.46821e-11 1.59431e-09 1.02069e-07 3.85267e-06 8.57401e-05 0.00112515 0.00871019 0.0398393 0.108289 0.178645 0.191824 0.159485 0.125217 0.0915305 0.0556696 0.0267368 0.00971719 0.0025669 0.000483377 6.41627e-05 5.89498e-06 3.66141e-07 1.50383e-08 4.0113e-10 6.84776e-12
 1.24713e-11 1.35424e-09 8.67002e-08 3.27259e-06 7.28344e-05 0.000955963 0.00740505 0.0339441 0.0929683 0.157254 0.181127 0.171031 0.147854 0.107144 0.0605473 0.0270521 0.00954201 0.00254068 0.000487104 6.49997e-05 5.88602e-06 3.54659e-07 1.39968e-08 3.56837e-10 5.80183e-12
 1.45832e-11 1.58356e-09 1.01382e-07 3.82674e-06 8.51653e-05 0.0011177 0.0086547 0.0396156 0.107915 0.179029 0.194437 0.163488 0.127369 0.0905523 0.052938 0.02411 0.00822873 0.00204194 0.000363749 4.59672e-05 4.02165e-06 2.36241e-07 9.07175e-09 2.23321e-10 3.47619e-12
 1.38077e-11 1.49936e-09 9.59911e-08 3.62331e-06 8.06412e-05 0.00105847 0.00819955 0.0375844 0.102834 0.172866 0.1941 0.171978 0.137021 0.0933255 0.0503795 0.0214109 0.00707317 0.00173929 0.000305218 3.71276e-05 3.06496e-06 1.6871e-07 6.09175e-09 1.41978e-10 2.10313e-12
 1.49543e-11 1.62387e-09 1.03962e-07 3.9242e-06 8.73373e-05 0.00114633 0.00887903 0.0406765 0.111045 0.185108 0.202404 0.169471 0.126973 0.0838771 0.0446764 0.0184115 0.0057104 0.00129434 0.000210129 2.39931e-05 1.87948e-06 9.82534e-08 3.34838e-09 7.31096e-11 1.00985e-12
 1.41699e-11 1.5387e-09 9.85101e-08 3.71846e-06 8.27627e-05 0.00108646 0.00841956 0.0386308 0.105945 0.178893 0.201644 0.176759 0.135468 0.0869577 0.0434384 0.0166364 0.00483121 0.0010304 0.000156381 1.65029e-05 1.18696e-06 5.70444e-08 1.79746e-09 3.6493e-11 4.70118e-13
 1.4125e-11 1.53382e-09 9.81984e-08 3.70673e-06 8.2504e-05 0.00108315 0.00839559 0.03854 0.105812 0.179018 0.20215 0.176937 0.135157 0.0869897 0.0436562 0.0165195 0.0045987 0.000916015 0.0001281 1.24116e-05 8.19518e-07 3.61266e-08 1.0422e-09 1.93479e-11 2.28025e-13
 1.33501e-11 1.44967e-09 9.28116e-08 3.50347e-06 7.79852e-05 0.00102402 0.00794174 0.036514 0.100683 0.172226 0.199108 0.180206 0.141058 0.0915932 0.046115 0.0174862 0.00486111 0.000958685 0.000130705 1.2098e-05 7.48413e-07 3.04865e-08 8.06597e-10 1.36887e-11 1.47312e-13
 1.45007e-11 1.57462e-09 1.00811e-07 3.80543e-06 8.47057e-05 0.00111221 0.00862366 0.0396136 0.108872 0.184212 0.20663 0.176654 0.130409 0.0821464 0.0409968 0.0154536 0.00424515 0.000822641 0.000109736 9.88304e-06 5.89943e-07 2.2939e-08 5.72523e-10 9.06486e-12 9.01941e-14
 1.45971e-11 1.5851e-09 1.01483e-07 3.83087e-06 8.52772e-05 0.00111989 0.00868683 0.0399451 0.110051 0.187137 0.211367 0.180585 0.129968 0.0777045 0.0363479 0.0128951 0.00338083 0.000632973 8.19625e-05 7.1552e-06 4.12271e-07 1.53979e-08 3.67266e-10 5.52684e-12 5.19594e-14
 1.44999e-11 1.57454e-09 1.00808e-07 3.80551e-06 8.47185e-05 0.00111275 0.00863521 0.0397495 0.109772 0.187548 0.213322 0.183008 0.130723 0.0765009 0.0345248 0.0116135 0.00284391 0.00049408 5.95007e-05 4.86517e-06 2.64483e-07 9.36391e-09 2.12057e-10 3.02784e-12 2.69564e-14
 1.28972e-11 1.40053e-09 8.96696e-08 3.3853e-06 7.53802e-05 0.000990675 0.00769989 0.0355906 0.0993346 0.174075 0.20828 0.19149 0.143935 0.0851917 0.0377418 0.0122292 0.00284317 0.000463061 5.17179e-05 3.89357e-06 1.94408e-07 6.33297e-09 1.32508e-10 1.75628e-12 1.45723e-14
 1.45671e-11 1.58185e-09 1.01278e-07 3.82347e-06 8.51295e-05 0.00111849 0.00868554 0.0400361 0.110835 0.189964 0.216171 0.183806 0.129014 0.0742105 0.0327496 0.0105279 0.00238109 0.000369517 3.86979e-05 2.70111e-06 1.24089e-07 3.70109e-09 7.07198e-11 8.55454e-13 6.4842e-15
#pred catch len freq
 1.30688e-11 1.41911e-09 9.0853e-08 3.42925e-06 7.6313e-05 0.00100126 0.00774611 0.0353516 0.0954018 0.154068 0.157555 0.125295 0.106412 0.091333 0.0658188 0.0436673 0.0299911 0.021184 0.0155388 0.0120341 0.00999435 0.00897599 0.00818563 0.00650748 0.00385886
 1.63199e-11 1.77215e-09 1.13455e-07 4.28235e-06 9.52975e-05 0.00125034 0.00967271 0.0441363 0.119001 0.191309 0.191535 0.141519 0.106479 0.0824503 0.0512848 0.0260543 0.013323 0.00750991 0.00456586 0.00297166 0.00209992 0.00164814 0.00138311 0.0010696 0.00063849
 1.44465e-11 1.56872e-09 1.00431e-07 3.79077e-06 8.43582e-05 0.00110682 0.00856291 0.0390828 0.10552 0.170801 0.176491 0.144845 0.126908 0.105534 0.0653391 0.0309614 0.0134812 0.00583512 0.00253823 0.00120551 0.000655622 0.000412631 0.000295802 0.000211471 0.000123108
 1.46934e-11 1.59553e-09 1.02147e-07 3.85556e-06 8.58e-05 0.00112574 0.00870913 0.0397477 0.107281 0.173373 0.177853 0.142713 0.121727 0.101195 0.0650994 0.0337329 0.0161332 0.00700014 0.00265281 0.000937668 0.000341105 0.000143797 7.58775e-05 4.55814e-05 2.46281e-05
 1.50879e-11 1.63836e-09 1.04889e-07 3.95905e-06 8.81031e-05 0.00115595 0.00894281 0.0408123 0.110127 0.177759 0.181346 0.142914 0.118823 0.0973594 0.0620312 0.0318423 0.0153905 0.00704336 0.00287566 0.00102783 0.000319306 9.16643e-05 2.88648e-05 1.16002e-05 5.1597e-06
 1.50194e-11 1.63093e-09 1.04413e-07 3.94109e-06 8.77033e-05 0.00115071 0.00890227 0.0406281 0.109642 0.17707 0.181082 0.143822 0.120771 0.0990076 0.06222 0.0308848 0.0143181 0.00639165 0.00261793 0.000971181 0.000315187 8.64713e-05 2.047e-05 4.78857e-06 1.32297e-06
 1.48368e-11 1.6111e-09 1.03144e-07 3.89317e-06 8.66369e-05 0.00113672 0.00879406 0.0401349 0.108319 0.174999 0.179272 0.143199 0.121299 0.100211 0.0637969 0.0324604 0.0153701 0.00680943 0.00270248 0.000974697 0.000315858 8.85302e-05 2.06886e-05 3.9966e-06 6.89004e-07
 1.48953e-11 1.61745e-09 1.03551e-07 3.90853e-06 8.69788e-05 0.0011412 0.00882874 0.0402927 0.108739 0.175628 0.179687 0.14294 0.120419 0.0993083 0.0633805 0.0325124 0.0156271 0.00706801 0.00286075 0.00103368 0.000328421 9.01176e-05 2.09278e-05 3.97438e-06 6.0262e-07
 1.49158e-11 1.61968e-09 1.03693e-07 3.9139e-06 8.70984e-05 0.00114277 0.0088409 0.0403486 0.108895 0.175926 0.180204 0.143875 0.121685 0.100079 0.0628982 0.0311719 0.0144197 0.00642193 0.00261728 0.000962776 0.000310899 8.55004e-05 1.95987e-05 3.65784e-06 5.40465e-07
 1.57794e-11 1.71346e-09 1.09697e-07 4.14052e-06 9.21413e-05 0.00120893 0.00935255 0.0426793 0.115125 0.185499 0.187708 0.143937 0.114867 0.0917941 0.0573119 0.0283607 0.013015 0.00566253 0.00223095 0.000801179 0.000258226 7.18969e-05 1.66736e-05 3.11371e-06 4.54765e-07
 1.57328e-11 1.70839e-09 1.09373e-07 4.12828e-06 9.18689e-05 0.00120536 0.00932497 0.0425548 0.114807 0.185137 0.18804 0.145966 0.118353 0.0943922 0.0569533 0.0258529 0.0105794 0.00428372 0.00163788 0.000574156 0.000179747 4.89487e-05 1.12929e-05 2.12322e-06 3.12139e-07
 1.5502e-11 1.68334e-09 1.07769e-07 4.06773e-06 9.05216e-05 0.00118768 0.00918826 0.0419317 0.113138 0.182541 0.185851 0.145449 0.119445 0.0962423 0.058943 0.027565 0.0115684 0.00455035 0.00159485 0.00050929 0.000150291 3.95065e-05 8.86552e-06 1.63617e-06 2.39162e-07
 1.5251e-11 1.65607e-09 1.06023e-07 4.00185e-06 8.90555e-05 0.00116845 0.00903951 0.041254 0.111326 0.179743 0.1836 0.14524 0.121133 0.0984417 0.0606181 0.0286348 0.0122431 0.00493843 0.0017682 0.000557622 0.000154327 3.72124e-05 7.79104e-06 1.37567e-06 1.95544e-07
 1.51289e-11 1.64282e-09 1.05175e-07 3.96982e-06 8.83427e-05 0.0011591 0.00896719 0.0409247 0.110447 0.178403 0.1826 0.145397 0.122349 0.0997803 0.0613365 0.0287956 0.0122289 0.00493965 0.00179218 0.000577474 0.000162341 3.86131e-05 7.65335e-06 1.25237e-06 1.66464e-07
 1.44475e-11 1.56883e-09 1.00438e-07 3.79103e-06 8.43641e-05 0.0011069 0.00856352 0.039086 0.105533 0.170856 0.176706 0.145426 0.127867 0.10648 0.0658818 0.0310581 0.0132315 0.00533811 0.00192838 0.000621157 0.000176304 4.26137e-05 8.51355e-06 1.36758e-06 1.72891e-07
 1.47472e-11 1.60137e-09 1.02521e-07 3.86966e-06 8.61138e-05 0.00112985 0.00874104 0.0398946 0.107694 0.174174 0.179295 0.145404 0.125427 0.103524 0.0638843 0.0300736 0.012802 0.00517033 0.00187183 0.000603235 0.000170955 4.13677e-05 8.32881e-06 1.35152e-06 1.70878e-07
 1.55336e-11 1.68676e-09 1.07988e-07 4.07601e-06 9.07057e-05 0.0011901 0.00920693 0.0420166 0.113362 0.182862 0.185991 0.145081 0.118618 0.0955026 0.05877 0.0278749 0.0119998 0.00487845 0.00176934 0.000570678 0.000161937 3.92146e-05 7.89789e-06 1.28486e-06 1.63412e-07
 1.57037e-11 1.70523e-09 1.09171e-07 4.12064e-06 9.16991e-05 0.00120313 0.00930775 0.0424765 0.114602 0.184847 0.18794 0.146389 0.11925 0.0951868 0.0571366 0.0255178 0.010111 0.00390921 0.00140415 0.000455138 0.000129712 3.14723e-05 6.34606e-06 1.03339e-06 1.3161e-07
 1.59157e-11 1.72825e-09 1.10644e-07 4.17627e-06 9.29369e-05 0.00121937 0.00943333 0.0430484 0.116127 0.187165 0.189629 0.145984 0.116946 0.092773 0.0560317 0.0254956 0.0102813 0.00390344 0.00132112 0.000401746 0.000110809 2.67293e-05 5.40409e-06 8.8226e-07 1.12536e-07
 1.61248e-11 1.75096e-09 1.12098e-07 4.23115e-06 9.41582e-05 0.00123539 0.00955725 0.0436129 0.117637 0.1895 0.191527 0.146218 0.115619 0.0909474 0.0545058 0.0244399 0.00968401 0.00366353 0.00124935 0.000376841 9.97192e-05 2.27496e-05 4.42252e-06 7.11365e-07 9.05956e-08
 1.63256e-11 1.77276e-09 1.13494e-07 4.28383e-06 9.53305e-05 0.00125077 0.0096762 0.044155 0.119089 0.191752 0.193399 0.146585 0.114571 0.0893763 0.0530545 0.0232864 0.00891396 0.00326712 0.00108965 0.000324691 8.5579e-05 1.92872e-05 3.62332e-06 5.56493e-07 6.83046e-08
 1.64449e-11 1.78572e-09 1.14324e-07 4.31514e-06 9.60273e-05 0.00125992 0.0097469 0.0444773 0.119953 0.193104 0.194572 0.146968 0.114202 0.088622 0.0521483 0.0223945 0.00825296 0.00290765 0.000934817 0.000268649 6.87916e-05 1.52282e-05 2.8268e-06 4.26534e-07 5.07435e-08
 1.61098e-11 1.74933e-09 1.11994e-07 4.2272e-06 9.40703e-05 0.00123424 0.00954837 0.0435732 0.117541 0.189433 0.191869 0.147522 0.117744 0.0924879 0.0542063 0.0227971 0.00807547 0.00272562 0.000841403 0.000231445 5.67442e-05 1.20772e-05 2.17158e-06 3.20377e-07 3.7449e-08
 1.63924e-11 1.78002e-09 1.13958e-07 4.30136e-06 9.57205e-05 0.00125589 0.00971576 0.0443351 0.119568 0.192473 0.193888 0.14634 0.113675 0.0885405 0.0528454 0.023528 0.00911656 0.00326495 0.00100802 0.000267519 6.26004e-05 1.27021e-05 2.18008e-06 3.08549e-07 3.48825e-08
 1.67734e-11 1.82139e-09 1.16607e-07 4.40135e-06 9.79456e-05 0.00128508 0.00994153 0.0453638 0.122322 0.196737 0.197389 0.146886 0.111436 0.0853122 0.0499652 0.0213837 0.00786232 0.00278172 0.000900275 0.000255131 6.15892e-05 1.23068e-05 2.02562e-06 2.72908e-07 2.94207e-08
 1.69875e-11 1.84464e-09 1.18096e-07 4.45752e-06 9.91958e-05 0.00130148 0.0100684 0.0459417 0.123868 0.199128 0.199334 0.147134 0.1101 0.0834975 0.0484907 0.0203647 0.00721477 0.00243334 0.000750165 0.0002065 5.06283e-05 1.05913e-05 1.80469e-06 2.42814e-07 2.53587e-08
 1.66849e-11 1.81178e-09 1.15992e-07 4.3781e-06 9.74284e-05 0.0012783 0.00988907 0.045125 0.121686 0.195785 0.196759 0.147267 0.112738 0.0866124 0.0504933 0.0212337 0.00751313 0.00250835 0.00075313 0.000198442 4.63529e-05 9.39593e-06 1.60379e-06 2.2191e-07 2.38076e-08
 1.62655e-11 1.76624e-09 1.13076e-07 4.26807e-06 9.49797e-05 0.00124617 0.00964063 0.0439934 0.118662 0.19114 0.193134 0.14729 0.116143 0.0907452 0.0532961 0.0226275 0.00812808 0.00274772 0.000828092 0.000216712 4.95227e-05 9.66389e-06 1.57884e-06 2.11858e-07 2.26122e-08
#obs catch len freq
 1.11924e-11 1.21536e-09 7.78084e-08 2.93688e-06 6.53566e-05 0.000857526 0.00663484 0.0302964 0.0819759 0.13408 0.144845 0.134751 0.137314 0.12764 0.0927238 0.0565783 0.030826 0.0142341 0.00527215 0.00151683 0.000328059 5.1774e-05 5.8094e-06 4.51556e-07 2.37146e-08
 1.76341e-11 1.91486e-09 1.22591e-07 4.62719e-06 0.000102971 0.00135102 0.0104514 0.0476839 0.128482 0.205816 0.202348 0.139262 0.0922216 0.0689061 0.0482919 0.0296462 0.0156645 0.00670812 0.002285 0.00062089 0.000130555 2.01969e-05 2.20151e-06 1.63871e-07 8.13659e-09
 1.33967e-11 1.45472e-09 9.31326e-08 3.5153e-06 7.82285e-05 0.00102642 0.00794162 0.0362627 0.0980912 0.160062 0.170466 0.150395 0.13992 0.116277 0.0700046 0.0313201 0.0120916 0.00431491 0.00133645 0.000334252 6.43675e-05 9.19805e-06 9.41673e-07 6.66154e-08 3.15096e-09
 1.56395e-11 1.69826e-09 1.08724e-07 4.10381e-06 9.13247e-05 0.00119823 0.00927013 0.04231 0.114193 0.184313 0.187113 0.14304 0.111781 0.0898301 0.060998 0.0339247 0.0152366 0.00514075 0.00127053 0.000242306 3.75478e-05 4.62614e-06 4.24239e-07 2.73462e-08 1.19193e-09
 1.43418e-11 1.55735e-09 9.97027e-08 3.76329e-06 8.37472e-05 0.00109883 0.00850184 0.0388183 0.104951 0.170699 0.178683 0.148767 0.12791 0.103175 0.064695 0.0322639 0.0137934 0.00490098 0.00134216 0.000269928 3.88465e-05 3.97727e-06 2.92533e-07 1.54959e-08 5.78552e-10
 1.63202e-11 1.77219e-09 1.13457e-07 4.28244e-06 9.53e-05 0.00125039 0.00967395 0.0441566 0.119206 0.192491 0.195234 0.147301 0.110281 0.0834651 0.052919 0.0272948 0.0115907 0.0038543 0.000969156 0.00018471 2.6367e-05 2.70711e-06 1.91834e-07 9.15248e-09 2.90978e-10
 1.47553e-11 1.60225e-09 1.02578e-07 3.87181e-06 8.61625e-05 0.00113053 0.00874754 0.0399467 0.10806 0.176008 0.184574 0.152569 0.12724 0.0985751 0.0593111 0.0280197 0.0110727 0.00357549 0.000890478 0.000165537 2.24485e-05 2.16859e-06 1.45917e-07 6.68275e-09 2.03315e-10
 1.66121e-11 1.80388e-09 1.15486e-07 4.35902e-06 9.70045e-05 0.00127277 0.00984742 0.0449542 0.12141 0.196272 0.199404 0.149782 0.109359 0.0799373 0.0492278 0.0245707 0.00992635 0.0030837 0.000711775 0.000122278 1.55594e-05 1.42537e-06 9.07816e-08 3.90832e-09 1.11366e-10
 1.489e-11 1.61688e-09 1.03514e-07 3.90716e-06 8.69496e-05 0.00114088 0.00882826 0.040326 0.109185 0.17834 0.188225 0.156243 0.128065 0.0958645 0.0555744 0.0251375 0.00938129 0.00282488 0.000648747 0.000109674 1.33178e-05 1.13582e-06 6.67776e-08 2.66002e-09 7.04424e-11
 1.54943e-11 1.6825e-09 1.07715e-07 4.06573e-06 9.04785e-05 0.00118718 0.00918642 0.041958 0.113543 0.184934 0.19274 0.154063 0.120308 0.0891988 0.0537546 0.0257421 0.00978153 0.00281321 0.000593449 9.19567e-05 1.043e-05 8.43585e-07 4.7029e-08 1.75757e-09 4.31623e-11
 1.4879e-11 1.61569e-09 1.03438e-07 3.90429e-06 8.68863e-05 0.00114008 0.00882283 0.0403133 0.109256 0.178932 0.189829 0.15773 0.127309 0.0938563 0.054757 0.0252318 0.00936886 0.00269288 0.000571491 8.73713e-05 9.44905e-06 7.09371e-07 3.63618e-08 1.25328e-09 2.85562e-11
 1.51834e-11 1.64874e-09 1.05554e-07 3.98416e-06 8.8664e-05 0.00116341 0.00900364 0.041142 0.11151 0.182558 0.192965 0.15794 0.124302 0.0902947 0.0527467 0.0243578 0.00888844 0.00245708 0.000497442 7.28976e-05 7.61674e-06 5.52697e-07 2.71085e-08 8.79914e-10 1.86078e-11
 1.47341e-11 1.59995e-09 1.0243e-07 3.86627e-06 8.60413e-05 0.00112904 0.00873856 0.0399468 0.108425 0.178356 0.191156 0.160651 0.128865 0.0932083 0.0535727 0.024262 0.00869072 0.00236385 0.000469759 6.68874e-05 6.70315e-06 4.62562e-07 2.1519e-08 6.62471e-10 1.32699e-11
 1.39561e-11 1.51547e-09 9.70216e-08 3.66213e-06 8.14992e-05 0.00106948 0.00827903 0.0378688 0.103002 0.170637 0.186676 0.163212 0.135467 0.0990807 0.0570318 0.0256791 0.00901672 0.00237326 0.000453557 6.20073e-05 5.96168e-06 3.93565e-07 1.74231e-08 5.07295e-10 9.56247e-12
 1.38549e-11 1.50448e-09 9.63185e-08 3.6356e-06 8.09095e-05 0.00106177 0.00822005 0.0376088 0.102369 0.169876 0.186309 0.162852 0.134671 0.0990615 0.0582939 0.0269454 0.00958756 0.00251644 0.000473565 6.2997e-05 5.82708e-06 3.66969e-07 1.54183e-08 4.24701e-10 7.55294e-12
 1.24253e-11 1.34924e-09 8.638e-08 3.26049e-06 7.25638e-05 0.000952361 0.00737591 0.0337937 0.0924296 0.15584 0.178636 0.16884 0.148168 0.109741 0.0630928 0.0282446 0.00976926 0.00251081 0.00046408 6.04059e-05 5.42226e-06 3.28329e-07 1.31527e-08 3.43029e-10 5.74562e-12
 1.46709e-11 1.59309e-09 1.01992e-07 3.84974e-06 8.5676e-05 0.00112435 0.00870499 0.0398291 0.108368 0.179225 0.193411 0.16149 0.126075 0.09076 0.0540745 0.0252653 0.00887055 0.00225159 0.00040532 5.11422e-05 4.4427e-06 2.59737e-07 1.00046e-08 2.49494e-10 3.97173e-12
 1.25304e-11 1.36066e-09 8.71114e-08 3.28814e-06 7.31818e-05 0.000960583 0.00744221 0.0341326 0.0936165 0.158852 0.183772 0.173316 0.147861 0.105141 0.058198 0.025332 0.00863419 0.00220546 0.000403204 5.10336e-05 4.363e-06 2.47186e-07 9.13978e-09 2.17635e-10 3.29668e-12
 1.46591e-11 1.5918e-09 1.01909e-07 3.84668e-06 8.56104e-05 0.00112359 0.00870149 0.0398445 0.108643 0.180622 0.196787 0.165381 0.127384 0.0888298 0.0507125 0.0224126 0.00737568 0.00175555 0.000298294 3.57329e-05 2.94692e-06 1.62474e-07 5.83667e-09 1.34063e-10 1.94282e-12
 1.39332e-11 1.51299e-09 9.68642e-08 3.6563e-06 8.13771e-05 0.00106819 0.00827633 0.0379538 0.10396 0.175137 0.197037 0.173781 0.136223 0.0907943 0.0478725 0.0197617 0.00629116 0.00148053 0.000247219 2.84665e-05 2.21394e-06 1.14323e-07 3.85812e-09 8.37896e-11 1.15394e-12
 1.51114e-11 1.64092e-09 1.05054e-07 3.96545e-06 8.82572e-05 0.00115846 0.00897439 0.041129 0.112378 0.187618 0.205335 0.170971 0.12589 0.0812115 0.0421282 0.0168177 0.0050201 0.00108885 0.000168176 1.81604e-05 1.33831e-06 6.55483e-08 2.08619e-09 4.24274e-11 5.4463e-13
 1.43552e-11 1.55882e-09 9.97987e-08 3.76714e-06 8.38485e-05 0.0011008 0.00853234 0.0391669 0.107524 0.18184 0.204957 0.178166 0.13381 0.0837613 0.0407311 0.0151071 0.0042183 0.000859605 0.000123957 1.23631e-05 8.36251e-07 3.76354e-08 1.10659e-09 2.09054e-11 2.5006e-13
 1.43175e-11 1.55472e-09 9.95369e-08 3.7573e-06 8.36322e-05 0.00109805 0.00851294 0.0390984 0.107456 0.182069 0.205538 0.178356 0.133479 0.0837071 0.0408156 0.0149238 0.0039889 0.000758678 0.00010077 9.22258e-06 5.723e-07 2.36116e-08 6.35378e-10 1.09728e-11 1.2003e-13
 1.35701e-11 1.47357e-09 9.43423e-08 3.56131e-06 7.9276e-05 0.00104108 0.00807613 0.0371535 0.10256 0.175675 0.202849 0.181664 0.13912 0.0879604 0.0429921 0.0157327 0.00419272 0.000788151 0.000101901 8.90088e-06 5.17324e-07 1.97217e-08 4.86692e-10 7.6824e-12 7.67201e-14
 1.47321e-11 1.59975e-09 1.02421e-07 3.86626e-06 8.6063e-05 0.00113014 0.00876468 0.0402811 0.110805 0.187663 0.210186 0.177845 0.12839 0.0786236 0.0380198 0.0138083 0.0036316 0.000669967 8.46357e-05 7.18345e-06 4.02406e-07 1.46331e-08 3.40577e-10 5.01626e-12 4.63318e-14
 1.48434e-11 1.61184e-09 1.03196e-07 3.89561e-06 8.67223e-05 0.001139 0.00883728 0.0406582 0.112113 0.190778 0.214957 0.181456 0.1275 0.0740244 0.0335348 0.0114586 0.00287358 0.000511442 6.2621e-05 5.14483e-06 2.77866e-07 9.69584e-09 2.15479e-10 3.01467e-12 2.63012e-14
 1.47628e-11 1.60309e-09 1.02637e-07 3.87464e-06 8.62622e-05 0.00113317 0.00879617 0.0405127 0.111975 0.1914 0.217016 0.183723 0.127959 0.0726119 0.0316853 0.0102525 0.00239978 0.000396163 4.50847e-05 3.46594e-06 1.7639e-07 5.82691e-09 1.2281e-10 1.6287e-12 1.34462e-14
 1.31868e-11 1.43198e-09 9.16847e-08 3.46151e-06 7.70835e-05 0.00101325 0.00787851 0.0364431 0.101818 0.178458 0.212497 0.192262 0.140702 0.0807276 0.0345593 0.0107607 0.00238877 0.000369374 3.89649e-05 2.75715e-06 1.28832e-07 3.9135e-09 7.61422e-11 9.36383e-13 7.19678e-15
#spawning biomass
 3074.68 3435.21 5556.21 8012.12 12275.3 18047.9 29033 45200.3 59843.6 81635.9 92584 117967 143087 154175 152274 126763 125283 117242 128844 140627 146023 141468 125600 140682 142396 148197 159555 172983 237442 228293 121578 62059.3 34937 23941 19805.5 18327.9 17818.7 17647.8 17591.6 17573.4 17567.5 17565.6 17565.1 17564.9 17564.8 17564.8 17564.8 17564.8 17564.8 17564.8 17564.8 17564.8 17564.8 17564.8 17564.8 17564.8 17564.8 17564.8 17564.8 17564.8 17564.8 17564.8 17564.8 17564.8 17564.8 17564.8 17564.8 17564.8 17564.8 17564.8 17564.8 17564.8 17564.8 17564.8 17564.8 17564.8 17564.8 17564.8 17564.8 17564.8 17564.8 17564.8 17564.8 17564.8 17564.8 17564.8 17564.8 17564.8 17564.8 17564.8 17564.8 17564.8 17564.8 17564.8 17564.8 17564.8 17564.8 17564.8 17564.8 17564.8 17564.8 17564.8 17564.8 17564.8 17564.8 17564.8 17564.8 17564.8 17564.8 17564.8 17564.8 17564.8 17564.8 17564.8 17564.8 17564.8 17564.8 17564.8 17564.8 17564.8 17564.8 17564.8 17564.8 17564.8 17564.8 17564.8 17564.8 17564.8 0 0 0 0 0 0 0 0 0 0 0 0 0 0 0 0 0 0 0 0 0 0 0 0 0
