SBPRF35
0.175648
Curr Bio
83536.1
B35
208090
F35
0.716595
FOFL
0.290509
OFL
11104.1
Bzero
50185.1
#pred survey bio
 8834.36 8658.42 6146.75 6249.48 9226.98 13558.4 17791.7 24426.2 38150.4 54564.4 65655.9 82973.3 116783 128113 118373 111376 109307 107625 111077 99320.9 95094.5 108462 103597 122216 141847 143577 140821 136781 115833 4.29853e+06 3.17969e+06 1.99641e+06 1.21354e+06 817714 633046 547231 505591 484045 472190 465362 461315 458880 457405 456508 455951 455618 455420 455301 455230 455187 455161 455146 455136 455131 455127 455125 455124 455123 455123 455123 455122 455122 455122 455122 455122 455122 455122 455122 455122 455122 455122 455122 455122 455122 455122 455122 455122 455122 455122 455122 455122 455122 455122 455122 455122 455122 455122 455122 455122 455122 455122 455122 455122 455122 455122 455122 455122 455122 455122 455122 455122 455122 455122 455122 455122 455122 455122 455122 455122 455122 455122 455122 455122 455122 455122 455122 455122 455122 455122 455122 455122 455122 455122 455122 455122 455122 455122 455122 455122 0 0 0 0 0 0 0 0 0 0 0 0 0 0 0 0 0 0 0 0 0 0 0 0 0
#obs survey bio
 6907.57 5476.25 4643.93 5783.39 10475.8 9457.25 18224 17884.3 37357.3 53192.1 51662.5 86059 100231 111262 79531.4 146220 89746.9 100744 102171 66196.1 67742.4 71683.1 61872.9 92046.3 116341 103619 108610 139124 75187.5
#pred catch bio
 3185.35 4707.32 3646.79 3134.71 4734.9 7804.99 10376.7 14946.3 23241.1 35626.6 46365.7 56115.5 84355.4 99335.1 94248.9 87366.1 89035.3 89092.9 95912.5 85474.7 80600.4 96808.5 92424.9 110747 129100 135791 135247 132210 104207 11104.1 58515.7 33554.9 17912 10855.8 8072.15 7061.44 6714.34 6599.7 6562.89 6551.32 6547.73 6546.64 6546.3 6546.2 6546.17 6546.16 6546.16 6546.16 6546.16 6546.16 6546.16 6546.16 6546.16 6546.16 6546.16 6546.16 6546.16 6546.16 6546.16 6546.16 6546.16 6546.16 6546.16 6546.16 6546.16 6546.16 6546.16 6546.16 6546.16 6546.16 6546.16 6546.16 6546.16 6546.16 6546.16 6546.16 6546.16 6546.16 6546.16 6546.16 6546.16 6546.16 6546.16 6546.16 6546.16 6546.16 6546.16 6546.16 6546.16 6546.16 6546.16 6546.16 6546.16 6546.16 6546.16 6546.16 6546.16 6546.16 6546.16 6546.16 6546.16 6546.16 6546.16 6546.16 6546.16 6546.16 6546.16 6546.16 6546.16 6546.16 6546.16 6546.16 6546.16 6546.16 6546.16 6546.16 6546.16 6546.16 6546.16 6546.16 6546.16 6546.16 6546.16 6546.16 6546.16 6546.16 6546.16 6546.16 6546.16 0 0 0 0 0 0 0 0 0 0 0 0 0 0 0 0 0 0 0 0 0 0 0 0 0
#obs catch bio
 5264.25 5101.54 4492.31 2800.38 4230.38 7358.72 9149.65 14630.7 21655.2 31124.5 41243.2 50543.3 77023.7 90405.4 97192.3 71191.4 78835.8 79202.9 90306.9 82263.1 69537.8 87117.6 83057.2 96260.1 110188 115447 121671 106916 99407
#pred cpue bio
 6475.33 6988.29 4602.49 3838.21 5654.64 8243.19 10625.5 14259 20702.1 30886.9 37397.7 43401.4 61806.3 69136.2 61979.3 56149.9 55727.1 52087.9 52209.6 45394.7 43161.7 48586 44565.8 51113.3 58348.7 59782.9 55627.8 53080.2 45012.4 1.81354e+06 3.02577e+06 1.91265e+06 1.13022e+06 734392 549724 463909 422268 400723 388867 382039 377992 375558 374082 373185 372628 372296 372097 371978 371907 371864 371838 371823 371814 371808 371805 371803 371801 371801 371800 371800 371800 371800 371800 371800 371800 371800 371800 371800 371800 371800 371800 371800 371800 371800 371800 371800 371800 371800 371800 371800 371800 371800 371800 371800 371800 371800 371800 371800 371800 371800 371800 371800 371800 371800 371800 371800 371800 371800 371800 371800 371800 371800 371800 371800 371800 371800 371800 371800 371800 371800 371800 371800 371800 371800 371800 371800 371800 371800 371800 371800 371800 371800 371800 371800 371800 371800 371800 371800 371800 0 0 0 0 0 0 0 0 0 0 0 0 0 0 0 0 0 0 0 0 0 0 0 0 0
#obs cpue bio
 8374.2 6849.6 3284.56 9398.06 7637.5 12623.9 19780.4 16722.9 32970.5 54289.1 77532.4 58542 107026 112557 76899.4 113746 100483 87131.9 71652.1 77371.9 111389 111292 110182 119957 134952 155610 108156 126209 77934.1
#pred surv len freq
 1.68925e-11 1.83432e-09 1.17435e-07 4.43258e-06 9.86405e-05 0.00129419 0.0100117 0.0456771 0.123071 0.197176 0.194231 0.135221 0.0918918 0.0687327 0.0463847 0.0287477 0.0182507 0.0118003 0.00784815 0.00550674 0.00415633 0.00342527 0.002929 0.00224001 0.00130094
 1.26705e-11 1.37586e-09 8.80839e-08 3.32473e-06 7.39873e-05 0.000970758 0.00751055 0.0342866 0.092665 0.150756 0.159353 0.139974 0.133394 0.1164 0.0759207 0.0402281 0.020996 0.0113259 0.0062493 0.00360446 0.00223466 0.00154359 0.00116974 0.000849342 0.000490448
 1.52832e-11 1.65957e-09 1.06247e-07 4.0103e-06 8.92436e-05 0.00117091 0.00905836 0.0413355 0.111483 0.179494 0.180999 0.137279 0.108547 0.0892054 0.0619373 0.0377754 0.0215074 0.0107739 0.00486194 0.00219119 0.00104909 0.000558288 0.000341168 0.000219005 0.000120468
 1.91494e-11 2.07939e-09 1.33125e-07 5.02479e-06 0.000111819 0.00146709 0.011349 0.0517735 0.139429 0.222831 0.216879 0.143846 0.0876087 0.0585088 0.034404 0.0167083 0.00794541 0.00394201 0.0018749 0.000799138 0.000308107 0.000118765 5.17591e-05 2.59826e-05 1.26379e-05
 1.89186e-11 2.05433e-09 1.3152e-07 4.96424e-06 0.000110472 0.00144942 0.0112124 0.0511523 0.137786 0.220442 0.215678 0.146058 0.0929226 0.0633953 0.0358025 0.0151147 0.00555396 0.00206505 0.000783031 0.000301675 0.000112363 3.78977e-05 1.20013e-05 4.07538e-06 1.51395e-06
 1.90386e-11 2.06736e-09 1.32355e-07 4.99572e-06 0.000111172 0.00145861 0.0112835 0.0514761 0.13865 0.221765 0.216688 0.145982 0.0918646 0.0622431 0.0352382 0.0150206 0.00550014 0.00189404 0.000585899 0.000167113 4.76416e-05 1.36643e-05 3.72282e-06 9.42688e-07 2.37056e-07
 1.92724e-11 2.09275e-09 1.3398e-07 5.05707e-06 0.000112538 0.00147652 0.011422 0.0521073 0.140342 0.224395 0.218904 0.146503 0.0907812 0.0604817 0.0334557 0.0135045 0.00450489 0.00143424 0.000424638 0.000112169 2.64793e-05 5.67584e-06 1.15805e-06 2.28718e-07 4.25243e-08
 1.96126e-11 2.12969e-09 1.36345e-07 5.14634e-06 0.000114524 0.00150258 0.0116236 0.0530255 0.142795 0.228165 0.221855 0.146514 0.0880682 0.0571771 0.0312056 0.0123648 0.00396745 0.00118985 0.000325758 7.8557e-05 1.70155e-05 3.2661e-06 5.4396e-07 7.96579e-08 1.06315e-08
 2.06226e-11 2.23937e-09 1.43366e-07 5.41136e-06 0.000120422 0.00157996 0.0122219 0.055751 0.150077 0.239335 0.230507 0.146238 0.0795309 0.0469987 0.0245445 0.00931589 0.00276638 0.000758558 0.000194086 4.38774e-05 8.76763e-06 1.53032e-06 2.28762e-07 2.89087e-08 3.05516e-09
 2.00039e-11 2.17219e-09 1.39065e-07 5.24902e-06 0.000116809 0.00153256 0.0118554 0.0540818 0.145622 0.232536 0.225409 0.146963 0.0856078 0.0537974 0.0283943 0.0104075 0.00280919 0.000671638 0.000152516 3.1113e-05 5.65007e-06 9.05642e-07 1.24079e-07 1.41717e-08 1.3213e-09
 1.99107e-11 2.16207e-09 1.38417e-07 5.22456e-06 0.000116265 0.00152542 0.0118002 0.0538304 0.14495 0.231509 0.224628 0.147036 0.0864695 0.0547905 0.0290001 0.0106319 0.00285968 0.00067131 0.000144523 2.6579e-05 4.20036e-06 5.8839e-07 7.18091e-08 7.40667e-09 6.25938e-10
 2.10412e-11 2.28483e-09 1.46277e-07 5.52121e-06 0.000122866 0.00161203 0.01247 0.0568808 0.153098 0.243986 0.234195 0.146404 0.076419 0.0430631 0.0216654 0.00765902 0.00191869 0.00040396 7.988e-05 1.40299e-05 2.11388e-06 2.72583e-07 2.94194e-08 2.6352e-09 1.95068e-10
 2.0885e-11 2.26786e-09 1.4519e-07 5.4802e-06 0.000121954 0.00160006 0.0123774 0.0564592 0.151973 0.242271 0.232919 0.14662 0.0780049 0.044813 0.0226209 0.00788508 0.0018878 0.000363574 6.48431e-05 1.03105e-05 1.40082e-06 1.6537e-07 1.66703e-08 1.38286e-09 9.19909e-11
 2.06243e-11 2.23956e-09 1.43378e-07 5.41181e-06 0.000120432 0.00158009 0.012223 0.0557561 0.150096 0.239406 0.230767 0.146911 0.0805421 0.0476598 0.0242438 0.00836097 0.00192435 0.000340519 5.47465e-05 7.92916e-06 9.71879e-07 1.02022e-07 9.1599e-09 6.84259e-10 4.1618e-11
 2.10027e-11 2.28064e-09 1.46009e-07 5.51109e-06 0.000122641 0.00160908 0.0124471 0.056777 0.152823 0.24358 0.233963 0.146684 0.0771545 0.043719 0.0217957 0.007388 0.00162906 0.000260983 3.6585e-05 4.71338e-06 5.18737e-07 4.84161e-08 3.8605e-09 2.55822e-10 1.37754e-11
 2.1449e-11 2.3291e-09 1.49111e-07 5.6282e-06 0.000125247 0.00164327 0.0127115 0.0579811 0.156039 0.2485 0.237713 0.146362 0.0730772 0.0390178 0.0189333 0.00631802 0.00134733 0.000198118 2.40672e-05 2.69452e-06 2.60968e-07 2.1144e-08 1.46327e-09 8.50909e-11 4.03543e-12
 2.13182e-11 2.3149e-09 1.48202e-07 5.59388e-06 0.000124483 0.00163325 0.012634 0.0576283 0.155096 0.24706 0.236623 0.146481 0.0743095 0.0404198 0.0197603 0.00659574 0.00139925 0.000202399 2.37372e-05 2.51974e-06 2.25029e-07 1.60832e-08 9.55183e-10 4.76515e-11 1.94375e-12
 2.18959e-11 2.37763e-09 1.52218e-07 5.74546e-06 0.000127857 0.0016775 0.0129763 0.0591869 0.159258 0.253425 0.241457 0.14601 0.0689491 0.034281 0.0160818 0.00529045 0.00110262 0.000152366 1.63601e-05 1.58595e-06 1.33643e-07 9.10123e-09 5.06735e-10 2.30462e-11 8.29138e-13
 2.21941e-11 2.41001e-09 1.54291e-07 5.82371e-06 0.000129598 0.00170034 0.0131529 0.0599915 0.161407 0.256711 0.243956 0.145773 0.0661919 0.0311185 0.0141795 0.00460693 0.000941302 0.000122876 1.15947e-05 9.50465e-07 7.04568e-08 4.33936e-09 2.19218e-10 9.1867e-12 3.09132e-13
 2.24647e-11 2.43939e-09 1.56172e-07 5.89472e-06 0.000131178 0.00172107 0.0133132 0.0607216 0.163357 0.259692 0.24622 0.145552 0.0636808 0.0282428 0.0124564 0.00399561 0.000802466 9.95162e-05 8.17665e-06 5.26298e-07 3.08438e-08 1.5871e-09 6.73879e-11 2.39346e-12 7.04937e-14
 2.25299e-11 2.44648e-09 1.56626e-07 5.91183e-06 0.000131559 0.00172607 0.0133519 0.0608976 0.163826 0.26041 0.246765 0.145497 0.0630721 0.0275474 0.0120422 0.00385155 0.000771769 9.51137e-05 7.66672e-06 4.71633e-07 2.56895e-08 1.18583e-09 4.21972e-11 1.18178e-12 2.75157e-14
 2.26513e-11 2.45966e-09 1.5747e-07 5.94369e-06 0.000132268 0.00173537 0.0134238 0.0612251 0.164701 0.261747 0.247778 0.145389 0.0619323 0.0262488 0.0112734 0.00359004 0.000720221 8.94182e-05 7.36976e-06 4.74154e-07 2.70136e-08 1.26571e-09 4.42125e-11 1.17169e-12 2.46894e-14
 2.30056e-11 2.49813e-09 1.59933e-07 6.03666e-06 0.000134337 0.00176251 0.0136337 0.0621811 0.167254 0.26565 0.250738 0.145085 0.0586221 0.0224692 0.00902452 0.00281119 0.000556643 6.69766e-05 5.02276e-06 2.60262e-07 1.12131e-08 4.41473e-10 1.4684e-11 3.93122e-13 8.43145e-15
 2.32376e-11 2.52333e-09 1.61546e-07 6.09754e-06 0.000135691 0.00178029 0.0137711 0.062807 0.168925 0.268205 0.252675 0.144882 0.056449 0.0199908 0.00755386 0.00230666 0.000454095 5.43011e-05 3.99924e-06 1.96824e-07 7.6574e-09 2.65147e-10 7.55909e-12 1.63561e-13 2.78508e-15
 2.33684e-11 2.53753e-09 1.62455e-07 6.13186e-06 0.000136455 0.00179031 0.0138486 0.0631599 0.169867 0.269645 0.253767 0.144768 0.0552243 0.0185938 0.00672456 0.00202177 0.000395914 4.6994e-05 3.382e-06 1.55344e-07 5.21426e-09 1.51777e-10 3.84263e-12 7.58854e-14 1.15038e-15
 2.32727e-11 2.52713e-09 1.61789e-07 6.10673e-06 0.000135896 0.00178297 0.0137919 0.0629016 0.169177 0.268591 0.252968 0.144853 0.0561222 0.0196174 0.00733117 0.00222895 0.000437354 5.18335e-05 3.70418e-06 1.66307e-07 5.27203e-09 1.40595e-10 3.27388e-12 5.9037e-14 7.84707e-16
 2.36725e-11 2.57055e-09 1.64569e-07 6.21165e-06 0.000138231 0.0018136 0.0140288 0.0639804 0.172058 0.272994 0.256305 0.144502 0.0523746 0.0153444 0.00479738 0.00136182 0.000262648 3.08903e-05 2.17202e-06 9.25753e-08 2.53739e-09 5.16502e-11 9.21724e-13 1.4231e-14 1.71313e-16
 2.37993e-11 2.58432e-09 1.6545e-07 6.24491e-06 0.000138971 0.00182331 0.0141039 0.0643224 0.172971 0.27439 0.257363 0.144391 0.0511864 0.0139897 0.00399413 0.00108701 0.00020734 2.42853e-05 1.69507e-06 7.05087e-08 1.78577e-09 2.95372e-11 3.73072e-13 4.17383e-15 3.95416e-17
 2.37897e-11 2.58327e-09 1.65384e-07 6.2424e-06 0.000138915 0.00182258 0.0140982 0.0642965 0.172902 0.274284 0.257283 0.144399 0.0512763 0.0140921 0.00405482 0.00110773 0.000211477 2.47652e-05 1.72621e-06 7.14469e-08 1.77857e-09 2.78754e-11 3.10209e-13 2.91039e-15 2.35475e-17
#obs surv len freq
 3.6925e-11 3.56742e-09 2.03202e-07 6.82399e-06 0.000135111 0.00157722 0.0108567 0.0440958 0.106059 0.153965 0.147855 0.125826 0.123122 0.110776 0.0780746 0.0474834 0.0269447 0.0137448 0.00614885 0.00236753 0.000745173 0.000180147 3.16958e-05 3.88738e-06 3.20766e-07
 2.21493e-11 2.06399e-09 1.13395e-07 3.673e-06 7.0145e-05 0.000789886 0.00524765 0.0206294 0.0487506 0.0748038 0.0969527 0.141387 0.188204 0.176896 0.118202 0.0660225 0.0347974 0.0167957 0.00705468 0.0024958 0.000712953 0.000156364 2.49803e-05 2.77261e-06 2.05997e-07
 1.03785e-10 9.31202e-09 4.92596e-07 1.5363e-05 0.00028249 0.00306246 0.019575 0.0737912 0.164272 0.217529 0.17793 0.106239 0.0687427 0.0555425 0.0452568 0.0332132 0.0199317 0.00942102 0.0036433 0.00117584 0.000305519 6.05119e-05 8.69177e-06 8.6736e-07 5.80136e-08
 1.2927e-10 1.11495e-08 5.66963e-07 1.69977e-05 0.000300447 0.00313111 0.0192414 0.0697755 0.149895 0.1947 0.168409 0.130134 0.112621 0.0835935 0.042592 0.0158011 0.00578621 0.00252235 0.00104267 0.000338165 8.20994e-05 1.47115e-05 1.89521e-06 1.69327e-07 1.01422e-08
 1.95224e-10 1.61611e-08 7.88767e-07 2.26968e-05 0.000385055 0.00385151 0.022717 0.0790661 0.163012 0.20313 0.168232 0.12397 0.102737 0.0743164 0.0380293 0.0143292 0.0045266 0.00126036 0.000316415 7.68201e-05 1.69322e-05 2.88744e-06 3.46121e-07 2.80776e-08 1.50938e-09
 2.69125e-10 2.13521e-08 9.98773e-07 2.75443e-05 0.000447855 0.0042934 0.0242718 0.0809975 0.160399 0.19371 0.161323 0.127842 0.111363 0.0788574 0.0381224 0.0132649 0.00384601 0.00098291 0.000208541 3.58203e-05 5.14799e-06 6.31126e-07 6.2585e-08 4.54771e-09 2.23638e-10
 3.98311e-10 3.02457e-08 1.35407e-06 3.57405e-05 0.000556188 0.00510319 0.027613 0.0882113 0.167364 0.194448 0.158257 0.125426 0.107882 0.0740148 0.0347552 0.0119102 0.00340188 0.000830559 0.000161904 2.44867e-05 2.88006e-06 2.60952e-07 1.80071e-08 9.38329e-10 3.59594e-11
 5.81008e-10 4.21713e-08 1.80464e-06 4.55307e-05 0.000677269 0.00593994 0.0307241 0.0938532 0.170542 0.191229 0.154492 0.125888 0.108311 0.071782 0.0322393 0.0105605 0.00288982 0.000678176 0.00012708 1.82606e-05 1.98316e-06 1.5887e-07 9.1497e-09 3.72627e-10 1.06147e-11
 9.7146e-10 6.73178e-08 2.75026e-06 6.62456e-05 0.000940767 0.00787712 0.038896 0.113393 0.196328 0.208077 0.154085 0.11034 0.0855282 0.0529739 0.0224127 0.00687322 0.00174782 0.000381708 6.6891e-05 9.01692e-06 9.19616e-07 6.88892e-08 3.65935e-09 1.34121e-10 3.32416e-12
 1.12329e-09 7.42296e-08 2.89201e-06 6.64296e-05 0.000899648 0.00718416 0.0338456 0.0943327 0.15781 0.169855 0.149544 0.144078 0.127205 0.0768763 0.0292863 0.00735265 0.00139264 0.000230003 3.33916e-05 3.95857e-06 3.63961e-07 2.48997e-08 1.21701e-09 4.11368e-11 9.37571e-13
 2.15941e-09 1.35936e-07 5.04516e-06 0.000110396 0.00142422 0.0108336 0.0486046 0.128829 0.203497 0.200001 0.145413 0.108891 0.0829767 0.0468352 0.0172507 0.00433367 0.000840688 0.000135132 1.70041e-05 1.58133e-06 1.10227e-07 5.92865e-09 2.4223e-10 7.16242e-12 1.46324e-13
 2.7479e-09 1.64623e-07 5.81457e-06 0.000121084 0.00148664 0.0107629 0.0459757 0.11626 0.176985 0.175515 0.146499 0.133846 0.108307 0.0589578 0.0200475 0.00441683 0.000707937 9.43107e-05 1.05807e-05 9.25718e-07 6.01808e-08 2.84228e-09 9.5289e-11 2.22945e-12 3.61618e-14
 4.6098e-09 2.62578e-07 8.81807e-06 0.000174594 0.00203815 0.0140294 0.0569746 0.13691 0.197606 0.183857 0.140129 0.116081 0.0876136 0.0454471 0.0150737 0.0033843 0.000580958 8.15265e-05 8.79775e-06 6.79733e-07 3.7447e-08 1.50884e-09 4.44822e-11 9.30501e-13 1.33332e-14
 5.22568e-09 2.82772e-07 9.02129e-06 0.000169686 0.00188186 0.0123086 0.0475447 0.10922 0.154478 0.155394 0.153078 0.157356 0.123214 0.0614849 0.0191675 0.00397842 0.000623952 8.12299e-05 8.45465e-06 6.52138e-07 3.61836e-08 1.42606e-09 3.90023e-11 7.22859e-13 8.97224e-15
 9.50352e-09 4.88155e-07 1.47832e-05 0.000263951 0.00277868 0.0172507 0.0632265 0.137578 0.18274 0.16709 0.142593 0.130057 0.0946493 0.0448638 0.0135533 0.00281818 0.00045593 6.00655e-05 6.00652e-06 4.2865e-07 2.17694e-08 7.95608e-10 2.06483e-11 3.68927e-13 4.41163e-15
 1.36931e-08 6.67191e-07 1.91663e-05 0.000324618 0.00324171 0.0190929 0.0664218 0.137526 0.175862 0.161441 0.146133 0.13618 0.0957263 0.0429944 0.0122356 0.00238737 0.000362523 4.53587e-05 4.39487e-06 3.09335e-07 1.55503e-08 5.53004e-10 1.35886e-11 2.25092e-13 2.47659e-15
 2.23311e-08 1.0315e-06 2.80913e-05 0.000451042 0.00427004 0.0238422 0.0786346 0.154369 0.187206 0.162951 0.139482 0.122518 0.0810816 0.0342067 0.0090806 0.00162799 0.000223228 2.51744e-05 2.22175e-06 1.43645e-07 6.68807e-09 2.23135e-10 5.21635e-12 8.29089e-14 8.74943e-16
 2.96344e-08 1.29702e-06 3.34685e-05 0.000509184 0.00456776 0.0241732 0.0756549 0.141766 0.168521 0.156062 0.151648 0.139172 0.0897357 0.0365133 0.00956996 0.00177796 0.000261339 3.05595e-05 2.62312e-06 1.57667e-07 6.66975e-09 2.00785e-10 4.24878e-12 6.15619e-14 5.97064e-16
 4.70811e-08 1.95164e-06 4.76975e-05 0.000687289 0.00583953 0.0292711 0.0867895 0.154225 0.174547 0.155399 0.14556 0.127524 0.0785797 0.0311715 0.00835095 0.00169116 0.000276271 3.4488e-05 3.05664e-06 1.8845e-07 8.12553e-09 2.43173e-10 4.9345e-12 6.64596e-14 5.87566e-16
 6.98586e-08 2.7418e-06 6.34442e-05 0.000865567 0.00696337 0.0330547 0.092891 0.157065 0.17194 0.154188 0.147027 0.125539 0.0736836 0.0278349 0.00718725 0.00142892 0.000232599 2.93694e-05 2.69465e-06 1.75477e-07 7.99422e-09 2.4838e-10 5.12726e-12 6.91542e-14 6.03795e-16
 1.06664e-07 3.96269e-06 8.6797e-05 0.00112092 0.00853628 0.0383639 0.102145 0.164183 0.173142 0.15389 0.145356 0.11882 0.0653658 0.0227187 0.00522988 0.000895835 0.000126237 1.43849e-05 1.23796e-06 7.76455e-08 3.47561e-09 1.07811e-10 2.24762e-12 3.0775e-14 2.7218e-16
 1.63519e-07 5.74957e-06 0.000119191 0.00145683 0.0105005 0.0446718 0.112662 0.172033 0.174281 0.152022 0.140455 0.109833 0.0574976 0.0192259 0.00436591 0.000754002 0.000104951 1.11798e-05 8.58323e-07 4.70752e-08 1.85862e-09 5.21677e-11 1.01053e-12 1.31204e-14 1.11627e-16
 2.4447e-07 8.13494e-06 0.000159597 0.00184611 0.0125935 0.0507169 0.121208 0.176218 0.172975 0.150756 0.137985 0.103487 0.0513943 0.0163672 0.00358615 0.000605993 8.27291e-05 8.60945e-06 6.44172e-07 3.41034e-08 1.26861e-09 3.25357e-11 5.62796e-13 6.46935e-15 4.89511e-17
 3.40433e-07 1.07207e-05 0.000199047 0.00217903 0.0140693 0.0536572 0.121744 0.169947 0.166697 0.15383 0.144822 0.105138 0.0493761 0.0147649 0.00302307 0.00047575 6.0673e-05 5.94994e-06 4.23358e-07 2.14533e-08 7.65531e-10 1.87922e-11 3.0919e-13 3.34478e-15 2.34801e-17
 5.47103e-07 1.63058e-05 0.000286523 0.00296858 0.0181402 0.0654737 0.140564 0.185458 0.171091 0.147128 0.129051 0.0877849 0.0387261 0.0108784 0.00208753 0.000306279 3.6185e-05 3.27003e-06 2.13548e-07 9.9249e-09 3.26347e-10 7.44081e-12 1.14541e-13 1.16477e-15 7.70059e-18
 6.06109e-07 1.70981e-05 0.000284379 0.00278907 0.0161405 0.0552879 0.113778 0.150158 0.156856 0.168435 0.163758 0.110233 0.0467222 0.0127124 0.00242294 0.000358876 4.20187e-05 3.64069e-06 2.22695e-07 9.56443e-09 2.88295e-10 5.99929e-12 8.41563e-14 7.80541e-16 4.72096e-18
 1.09691e-06 2.92914e-05 0.000461168 0.00428127 0.0234477 0.0759416 0.147108 0.179284 0.164067 0.149583 0.129965 0.0817032 0.0331581 0.00891453 0.00174918 0.000271133 3.23894e-05 2.78178e-06 1.66487e-07 6.93859e-09 2.00254e-10 3.92372e-12 5.10715e-14 4.3503e-16 2.40142e-18
 1.36059e-06 3.43974e-05 0.000512723 0.00450687 0.0233813 0.071879 0.133398 0.161682 0.161179 0.165438 0.146898 0.0882174 0.0332208 0.00805871 0.00138205 0.000186915 2.03715e-05 1.682e-06 9.99618e-08 4.1714e-09 1.194e-10 2.28473e-12 2.86537e-14 2.32676e-16 1.21279e-18
 1.3564e-06 3.24697e-05 0.000458303 0.00381579 0.0187755 0.0550813 0.100218 0.130769 0.16198 0.197093 0.179306 0.104044 0.0376833 0.00896217 0.00154626 0.000209433 2.18079e-05 1.63655e-06 8.61988e-08 3.20249e-09 8.37404e-11 1.50736e-12 1.81442e-14 1.42571e-16 7.18466e-19
#pred catch len freq
 1.24937e-11 1.35667e-09 8.68554e-08 3.27836e-06 7.29553e-05 0.000957212 0.00740555 0.0338027 0.0912952 0.148027 0.154151 0.129734 0.118371 0.104037 0.0734126 0.0460696 0.0293942 0.0190367 0.0126654 0.00888722 0.00670785 0.00552801 0.00472709 0.00361513 0.00209957
 8.88371e-12 9.64665e-10 6.17588e-08 2.33109e-06 5.18755e-05 0.000680662 0.00526706 0.0240664 0.0653398 0.10869 0.126014 0.1385 0.16141 0.15128 0.100392 0.053516 0.0280376 0.0151501 0.00836288 0.00482383 0.00299065 0.00206579 0.00156546 0.00113668 0.000656368
 1.1982e-11 1.3011e-09 8.32975e-08 3.14407e-06 6.99669e-05 0.00091801 0.00710249 0.0324249 0.087649 0.142721 0.15146 0.134698 0.131052 0.118552 0.0843509 0.0517783 0.029553 0.0148172 0.00668802 0.00301428 0.00144317 0.000768004 0.000469325 0.000301272 0.000165721
 1.63999e-11 1.78083e-09 1.14011e-07 4.30333e-06 9.57644e-05 0.00125646 0.00972014 0.0443536 0.119598 0.192359 0.193012 0.14372 0.109449 0.0850521 0.0523451 0.0257101 0.0122788 0.0061028 0.00290393 0.00123783 0.000477248 0.000183964 8.01733e-05 4.02463e-05 1.95758e-05
 1.61714e-11 1.75602e-09 1.12422e-07 4.24338e-06 9.44303e-05 0.00123896 0.00958488 0.0437393 0.117982 0.190084 0.19225 0.147095 0.116565 0.0913078 0.0536734 0.022881 0.00844265 0.00314671 0.00119422 0.000460175 0.000171402 5.78104e-05 1.83071e-05 6.2167e-06 2.30942e-06
 1.67166e-11 1.81522e-09 1.16212e-07 4.38642e-06 9.76134e-05 0.00128072 0.00990783 0.0452102 0.121911 0.196104 0.196883 0.14685 0.111847 0.0858728 0.0504393 0.0216878 0.00796699 0.00274817 0.00085065 0.000242664 6.91812e-05 1.98422e-05 5.40597e-06 1.36889e-06 3.44232e-07
 1.70911e-11 1.85589e-09 1.18815e-07 4.48469e-06 9.98003e-05 0.00130942 0.0101297 0.0462214 0.124619 0.20031 0.200397 0.147591 0.109967 0.0829555 0.0476228 0.0193899 0.00648812 0.00206937 0.000613138 0.000161993 3.82418e-05 8.19713e-06 1.67247e-06 3.30318e-07 6.1414e-08
 1.77315e-11 1.92543e-09 1.23268e-07 4.65275e-06 0.00010354 0.00135848 0.0105092 0.0479498 0.129238 0.207402 0.205924 0.14753 0.104732 0.0766426 0.0434048 0.0173449 0.00558042 0.00167609 0.000459176 0.00011075 2.39891e-05 4.60464e-06 7.66889e-07 1.12304e-07 1.49886e-08
 1.91199e-11 2.07619e-09 1.3292e-07 5.01705e-06 0.000111647 0.00146484 0.0113317 0.0516963 0.139248 0.222756 0.217822 0.147165 0.0930194 0.0626662 0.0342423 0.0131336 0.00391137 0.00107413 0.000275019 6.21863e-05 1.24265e-05 2.16894e-06 3.24225e-07 4.09724e-08 4.33009e-09
 1.85026e-11 2.00917e-09 1.28629e-07 4.85509e-06 0.000108043 0.00141755 0.010966 0.0500311 0.134804 0.215982 0.212781 0.148011 0.0992697 0.0695738 0.0380319 0.0140505 0.00380046 0.000909685 0.000206705 4.21763e-05 7.65937e-06 1.2277e-06 1.68203e-07 1.92113e-08 1.79116e-09
 1.86751e-11 2.02789e-09 1.29828e-07 4.90034e-06 0.00010905 0.00143077 0.0110682 0.0504965 0.136047 0.217885 0.214236 0.147902 0.0977192 0.06778 0.0369338 0.0136283 0.00367108 0.00086231 0.000185698 3.41546e-05 5.39755e-06 7.56082e-07 9.2274e-08 9.51747e-09 8.0432e-10
 2.00052e-11 2.17232e-09 1.39074e-07 5.24935e-06 0.000116817 0.00153266 0.0118562 0.0540854 0.145633 0.232566 0.2255 0.147182 0.0859306 0.0540059 0.0282934 0.0100964 0.00253464 0.000534078 0.000105658 1.85606e-05 2.79659e-06 3.60613e-07 3.892e-08 3.48618e-09 2.58061e-10
 2.00023e-11 2.17201e-09 1.39054e-07 5.24861e-06 0.0001168 0.00153244 0.0118545 0.0540778 0.145614 0.232545 0.225522 0.147309 0.086148 0.0541615 0.0282554 0.0099238 0.0023796 0.000458479 8.17837e-05 1.30049e-05 1.76688e-06 2.0858e-07 2.10258e-08 1.74415e-09 1.16025e-10
 1.99146e-11 2.16248e-09 1.38444e-07 5.22557e-06 0.000116287 0.00152572 0.0118025 0.053841 0.144982 0.231585 0.224824 0.147483 0.0871169 0.0551948 0.0287668 0.00997538 0.00229826 0.000406696 6.53753e-05 9.46749e-06 1.16036e-06 1.21804e-07 1.09357e-08 8.16906e-10 4.96856e-11
 2.04528e-11 2.22093e-09 1.42186e-07 5.3668e-06 0.00011943 0.00156695 0.0121213 0.0552932 0.148861 0.237522 0.229363 0.14714 0.0822682 0.0495697 0.0252937 0.00861985 0.00190254 0.000304784 4.27115e-05 5.50134e-06 6.05389e-07 5.65006e-08 4.505e-09 2.98527e-10 1.60749e-11
 2.09387e-11 2.27369e-09 1.45564e-07 5.4943e-06 0.000122267 0.00160417 0.0124092 0.0566043 0.152362 0.242879 0.233448 0.146794 0.0778357 0.0444556 0.0221753 0.00744861 0.00159045 0.000233887 2.84052e-05 3.17939e-06 3.07888e-07 2.49439e-08 1.72619e-09 1.00378e-10 4.76038e-12
 2.0888e-11 2.26818e-09 1.45211e-07 5.48099e-06 0.000121971 0.00160029 0.0123792 0.0564675 0.151997 0.242322 0.233028 0.146846 0.0783232 0.0450055 0.0224929 0.00754705 0.00160263 0.000231808 2.71754e-05 2.88358e-06 2.57472e-07 1.84005e-08 1.09275e-09 5.45131e-11 2.22362e-12
 2.159e-11 2.34441e-09 1.50092e-07 5.6652e-06 0.00012607 0.00165407 0.012795 0.0583616 0.157055 0.250056 0.238902 0.146272 0.0718064 0.0375436 0.0180234 0.00596324 0.00124421 0.000171931 1.84529e-05 1.78792e-06 1.50619e-07 1.02561e-08 5.71007e-10 2.59685e-11 9.34263e-13
 2.20085e-11 2.38986e-09 1.53001e-07 5.77503e-06 0.000128515 0.00168613 0.013043 0.0594909 0.16007 0.254667 0.242406 0.145934 0.0679275 0.033099 0.0153563 0.00501254 0.00102511 0.000133814 1.2621e-05 1.03389e-06 7.66039e-08 4.717e-09 2.38276e-10 9.98498e-12 3.35988e-13
 2.22991e-11 2.42141e-09 1.55021e-07 5.85127e-06 0.000130211 0.00170839 0.0132151 0.0602748 0.162164 0.257868 0.244838 0.145697 0.0652316 0.0300116 0.0135061 0.00435587 0.000875792 0.000108623 8.92254e-06 5.73958e-07 3.36153e-08 1.72911e-09 7.34079e-11 2.60712e-12 7.67845e-14
 2.23467e-11 2.42659e-09 1.55352e-07 5.86377e-06 0.000130489 0.00171204 0.0132434 0.0604034 0.162507 0.258393 0.245236 0.145657 0.0647878 0.0295042 0.0132033 0.00424985 0.000852701 0.000105107 8.47047e-06 5.20799e-07 2.83503e-08 1.3082e-09 4.65452e-11 1.30346e-12 3.03477e-14
 2.25556e-11 2.44927e-09 1.56804e-07 5.91858e-06 0.000131709 0.00172804 0.0133671 0.0609669 0.164012 0.260693 0.246979 0.145472 0.0628287 0.0272712 0.0118802 0.00379829 0.000762616 9.46859e-05 7.80137e-06 5.01571e-07 2.85551e-08 1.33743e-09 4.67108e-11 1.23782e-12 2.60817e-14
 2.29311e-11 2.49004e-09 1.59415e-07 6.01711e-06 0.000133902 0.00175681 0.0135896 0.0619801 0.166717 0.264829 0.250116 0.14515 0.0593203 0.0232654 0.00949671 0.00297287 0.000589277 7.09147e-05 5.31739e-06 2.75403e-07 1.18562e-08 4.66486e-10 1.55114e-11 4.15225e-13 8.90507e-15
 2.31908e-11 2.51824e-09 1.6122e-07 6.08525e-06 0.000135418 0.0017767 0.0137434 0.0626807 0.168588 0.267689 0.252284 0.144923 0.0568878 0.0204911 0.00785053 0.00240819 0.00047456 5.67575e-05 4.17973e-06 2.05626e-07 7.99371e-09 2.76586e-10 7.8822e-12 1.70527e-13 2.90351e-15
 2.3331e-11 2.53347e-09 1.62195e-07 6.12204e-06 0.000136237 0.00178744 0.0138265 0.063059 0.169598 0.269233 0.253454 0.144801 0.0555751 0.0189938 0.00696172 0.0021029 0.000412236 4.89406e-05 3.52194e-06 1.61729e-07 5.42517e-09 1.57784e-10 3.99252e-12 7.88278e-14 1.19488e-15
 2.32624e-11 2.52602e-09 1.61718e-07 6.10405e-06 0.000135836 0.00178219 0.0137858 0.062874 0.169104 0.268478 0.252882 0.144862 0.0562182 0.0197267 0.007396 0.00225112 0.00044181 5.23631e-05 3.74178e-06 1.67955e-07 5.321e-09 1.4177e-10 3.29897e-12 5.94719e-14 7.90399e-16
 2.36736e-11 2.57067e-09 1.64577e-07 6.21194e-06 0.000138237 0.00181369 0.0140294 0.0639833 0.172066 0.273006 0.256314 0.144501 0.0523644 0.0153328 0.0047905 0.00135947 0.000262175 3.08339e-05 2.16798e-06 9.2393e-08 2.53154e-09 5.14915e-11 9.18012e-13 1.41653e-14 1.70482e-16
 2.38024e-11 2.58466e-09 1.65472e-07 6.24574e-06 0.000138989 0.00182355 0.0141057 0.0643309 0.172994 0.274424 0.257389 0.144388 0.0511569 0.0139561 0.00397419 0.00108019 0.000205972 2.41233e-05 1.68372e-06 7.00336e-08 1.7735e-09 2.93226e-11 3.70049e-13 4.13611e-15 3.91635e-17
 2.37654e-11 2.58064e-09 1.65215e-07 6.23603e-06 0.000138773 0.00182072 0.0140838 0.064231 0.172727 0.274017 0.25708 0.14442 0.051504 0.0143517 0.00420871 0.00116034 0.000222037 2.60143e-05 1.81344e-06 7.50574e-08 1.86833e-09 2.92757e-11 3.25612e-13 3.05242e-15 2.46822e-17
#obs catch len freq
 3.32656e-11 3.21388e-09 1.83064e-07 6.14771e-06 0.000121721 0.00142093 0.00978127 0.0397363 0.0956855 0.139758 0.137956 0.126115 0.131516 0.120685 0.0853329 0.0522849 0.0305496 0.0165089 0.00792464 0.00323271 0.00106057 0.00026705 4.93189e-05 6.36024e-06 5.4764e-07
 4.94458e-11 4.60763e-09 2.53142e-07 8.19954e-06 0.000156587 0.00176309 0.0117061 0.0458694 0.106537 0.150091 0.142877 0.12589 0.126741 0.113059 0.07862 0.0475102 0.0267264 0.0134477 0.00591257 0.00222171 0.000675912 0.000156444 2.61296e-05 3.01995e-06 2.33402e-07
 2.99245e-11 2.68495e-09 1.42031e-07 4.42968e-06 8.14538e-05 0.000883191 0.00565054 0.0214076 0.0489406 0.0738787 0.097963 0.146306 0.191909 0.175527 0.11499 0.063728 0.0333277 0.0158545 0.00652779 0.00224871 0.000620283 0.000130175 1.97295e-05 2.06251e-06 1.43507e-07
 1.46358e-10 1.26234e-08 6.41908e-07 1.92446e-05 0.000340161 0.0035449 0.0217817 0.0789362 0.168988 0.215554 0.171251 0.102375 0.0687353 0.056443 0.0457878 0.0330938 0.0194072 0.00896348 0.00338937 0.00106409 0.000266635 5.04828e-05 6.87619e-06 6.46211e-07 4.04767e-08
 1.85234e-10 1.53341e-08 7.48404e-07 2.15354e-05 0.000365351 0.00365445 0.0215555 0.0750386 0.154874 0.194058 0.164669 0.128915 0.112091 0.0810649 0.0400009 0.0146071 0.00540333 0.00235334 0.000948049 0.000296645 6.91413e-05 1.18247e-05 1.44379e-06 1.21464e-07 6.81372e-09
 2.8451e-10 2.25728e-08 1.05587e-06 2.91189e-05 0.000473457 0.00453879 0.0256579 0.0856017 0.169293 0.203075 0.1643 0.121715 0.100768 0.070932 0.0351737 0.0129573 0.00402693 0.00110219 0.000273063 6.52371e-05 1.38994e-05 2.25802e-06 2.55885e-07 1.95226e-08 9.82652e-10
 3.97879e-10 3.02128e-08 1.3526e-06 3.57017e-05 0.000555584 0.00509765 0.027583 0.0881165 0.167193 0.194303 0.158312 0.125737 0.108233 0.074108 0.0345931 0.0117406 0.00334752 0.000837398 0.000172806 2.88426e-05 4.02497e-06 4.75869e-07 4.49535e-08 3.07845e-09 1.41721e-10
 5.95365e-10 4.32134e-08 1.84924e-06 4.66558e-05 0.000694003 0.00608667 0.0314822 0.0961547 0.174587 0.195004 0.155153 0.122822 0.103872 0.0687544 0.0311618 0.0104143 0.00291791 0.000694395 0.000131119 1.9164e-05 2.17117e-06 1.88623e-07 1.24204e-08 6.1387e-10 2.21482e-11
 8.80052e-10 6.09837e-08 2.49148e-06 6.00124e-05 0.000852252 0.00713613 0.0352412 0.102801 0.178563 0.192297 0.151622 0.122545 0.102841 0.0655271 0.0283612 0.00905191 0.00242831 0.000555064 0.000100603 1.39318e-05 1.45198e-06 1.11058e-07 6.07912e-09 2.34325e-10 6.29077e-12
 1.48471e-09 9.81124e-08 3.82248e-06 8.78024e-05 0.00118908 0.0094946 0.0447101 0.124317 0.205422 0.208396 0.149291 0.104827 0.0788659 0.0468627 0.0190705 0.00568715 0.00141608 0.000301063 5.10004e-05 6.62122e-06 6.47434e-07 4.62386e-08 2.32983e-09 8.06583e-11 1.88128e-12
 1.7623e-09 1.10938e-07 4.11737e-06 9.0095e-05 0.00116233 0.00884214 0.0396852 0.1054 0.168219 0.173587 0.148215 0.138551 0.117108 0.0674039 0.0245095 0.00592317 0.00109381 0.000176944 2.49792e-05 2.85821e-06 2.52123e-07 1.64466e-08 7.62288e-10 2.43235e-11 5.21305e-13
 3.35774e-09 2.01158e-07 7.105e-06 0.000147956 0.00181654 0.0131501 0.0561483 0.141656 0.213114 0.200041 0.140065 0.101564 0.0741901 0.0399 0.014043 0.00340207 0.000642031 0.000100098 1.21173e-05 1.08151e-06 7.24115e-08 3.73177e-09 1.45169e-10 4.06001e-12 7.8048e-14
 4.35922e-09 2.48305e-07 8.33874e-06 0.000165104 0.00192737 0.0132672 0.0538879 0.129597 0.187814 0.177976 0.143009 0.125528 0.0966827 0.0499561 0.0161614 0.00341246 0.000530177 6.87913e-05 7.46407e-06 6.27028e-07 3.89799e-08 1.75345e-09 5.57694e-11 1.23399e-12 1.88725e-14
 7.29715e-09 3.94863e-07 1.25973e-05 0.000236947 0.00262769 0.0171829 0.066294 0.151367 0.207724 0.184236 0.134545 0.10665 0.0764951 0.0376606 0.0119052 0.00257102 0.000428121 5.80904e-05 6.00708e-06 4.43114e-07 2.33161e-08 8.96474e-10 2.51152e-11 4.96721e-13 6.70115e-15
 8.55861e-09 4.39618e-07 1.33134e-05 0.000237708 0.00250246 0.0155372 0.0569731 0.124267 0.166992 0.159854 0.149821 0.145934 0.108092 0.0510866 0.0151484 0.0030175 0.000458734 5.78651e-05 5.78606e-06 4.26454e-07 2.25502e-08 8.441e-10 2.18396e-11 3.81735e-13 4.45843e-15
 1.53867e-08 7.49714e-07 2.15369e-05 0.000364767 0.00364257 0.0214514 0.0745829 0.153963 0.194064 0.168431 0.136225 0.117404 0.0807244 0.0362387 0.0104273 0.00208554 0.000326846 4.15091e-05 3.96819e-06 2.69924e-07 1.30626e-08 4.53947e-10 1.11548e-11 1.87897e-13 2.1112e-15
 2.24605e-08 1.03748e-06 2.82541e-05 0.000453656 0.00429479 0.0239801 0.0790864 0.155222 0.188051 0.163073 0.138641 0.121338 0.0804008 0.0341587 0.0092484 0.0017338 0.000254955 3.07737e-05 2.85313e-06 1.91426e-07 9.15418e-09 3.08639e-10 7.16172e-12 1.11676e-13 1.15394e-15
 3.63613e-08 1.59143e-06 4.10655e-05 0.000624756 0.00560421 0.0296494 0.0926545 0.172323 0.197828 0.162402 0.130221 0.107202 0.0667915 0.0266216 0.00671151 0.00115329 0.000152874 1.66294e-05 1.40444e-06 8.65521e-08 3.83478e-09 1.21367e-10 2.67984e-12 4.00758e-14 3.96754e-16
 4.91182e-08 2.03609e-06 4.97612e-05 0.000717024 0.00609209 0.030535 0.0905057 0.160555 0.180314 0.156632 0.141789 0.121811 0.0739569 0.0284636 0.00710544 0.00126955 0.000180118 2.01852e-05 1.64893e-06 9.41689e-08 3.78495e-09 1.08043e-10 2.15959e-12 2.94462e-14 2.67949e-16
 7.77791e-08 3.05266e-06 7.06373e-05 0.000963693 0.00775242 0.0367917 0.103272 0.173626 0.18534 0.154093 0.133734 0.109427 0.0635071 0.0238865 0.00612394 0.00119644 0.000188061 2.23971e-05 1.88569e-06 1.10357e-07 4.51034e-09 1.27521e-10 2.43596e-12 3.08042e-14 2.55216e-16
 1.16547e-07 4.32987e-06 9.48394e-05 0.00122477 0.00932667 0.0419058 0.11144 0.178071 0.183096 0.151661 0.132558 0.105304 0.0581619 0.0208352 0.00515185 0.000988653 0.000154897 1.86817e-05 1.63068e-06 1.00789e-07 4.34293e-09 1.27118e-10 2.4644e-12 3.11482e-14 2.54392e-16
 1.77607e-07 6.24489e-06 0.000129459 0.00158232 0.0114044 0.0485048 0.122174 0.185435 0.183157 0.149432 0.128812 0.097822 0.0505704 0.0166249 0.00365064 0.000602229 8.18389e-05 8.93432e-06 7.32962e-07 4.36902e-08 1.85124e-09 5.41147e-11 1.05921e-12 1.3578e-14 1.12168e-16
 2.71541e-07 9.03572e-06 0.000177269 0.00205049 0.0139866 0.0563049 0.134303 0.193476 0.182954 0.145413 0.121961 0.0884807 0.0435364 0.0137861 0.00299079 0.00049682 6.63318e-05 6.73187e-06 4.91099e-07 2.55871e-08 9.57823e-10 2.53852e-11 4.62302e-13 5.6232e-15 4.46923e-17
 4.06845e-07 1.2812e-05 0.000237875 0.002604 0.0168103 0.0640566 0.144745 0.198242 0.180629 0.141885 0.11712 0.0813733 0.0379792 0.0114582 0.00239945 0.000389811 5.09824e-05 5.05043e-06 3.58682e-07 1.79972e-08 6.32719e-10 1.52817e-11 2.48192e-13 2.67248e-15 1.89015e-17
 5.75263e-07 1.7145e-05 0.00030127 0.00312133 0.0190724 0.068819 0.147544 0.193449 0.174304 0.142838 0.120844 0.081315 0.0358883 0.0101603 0.00198583 0.000300084 3.66449e-05 3.42083e-06 2.31051e-07 1.10938e-08 3.73892e-10 8.63531e-12 1.33239e-13 1.34833e-15 8.83559e-18
 9.06467e-07 2.55709e-05 0.000425289 0.00417052 0.0241198 0.0823713 0.1671 0.207013 0.175187 0.133235 0.10454 0.0657812 0.0272527 0.0072433 0.00132533 0.000186397 2.10525e-05 1.80889e-06 1.12048e-07 4.93319e-09 1.53236e-10 3.28787e-12 4.74646e-14 4.51411e-16 2.78477e-18
 1.06532e-06 2.84479e-05 0.000447889 0.00415805 0.0227742 0.0737819 0.143121 0.175465 0.1636 0.153184 0.134736 0.0844756 0.0337053 0.00868984 0.00158035 0.000223963 2.49789e-05 2.05204e-06 1.18848e-07 4.82945e-09 1.37399e-10 2.68925e-12 3.53686e-14 3.06775e-16 1.7314e-18
 1.84989e-06 4.67673e-05 0.000697085 0.00612652 0.0317616 0.097316 0.177824 0.20184 0.16536 0.130045 0.100805 0.0587522 0.0224451 0.00572728 0.00107317 0.00015881 1.80169e-05 1.46474e-06 8.29198e-08 3.26498e-09 8.87769e-11 1.6334e-12 1.991e-14 1.58485e-16 8.16012e-19
 2.38049e-06 5.69832e-05 0.000804236 0.00669321 0.032869 0.0955415 0.166773 0.186057 0.16203 0.142614 0.114068 0.0637454 0.022588 0.00518828 0.000847838 0.000109558 1.13713e-05 8.9065e-07 5.00908e-08 1.97255e-09 5.3096e-11 9.52467e-13 1.11721e-14 8.46885e-17 4.11361e-19
#spawning biomass
 7795.5 7961.48 5478.46 5178.17 7645.76 11203.5 14612.9 19905.6 30339.3 44013.4 53072.3 65215.4 92140.2 101726 93078 86532.9 85225.5 82572 84473.3 74910.8 71577.6 81328.8 76792.3 89887.6 103855 105471 101994 98608 83536.1 90546.4 146051 82950.9 45071.7 27994.8 21257.9 18811.8 17971.8 17694.4 17605.3 17577.3 17568.6 17565.9 17565.1 17564.9 17564.8 17564.8 17564.8 17564.8 17564.8 17564.8 17564.8 17564.8 17564.8 17564.8 17564.8 17564.8 17564.8 17564.8 17564.8 17564.8 17564.8 17564.8 17564.8 17564.8 17564.8 17564.8 17564.8 17564.8 17564.8 17564.8 17564.8 17564.8 17564.8 17564.8 17564.8 17564.8 17564.8 17564.8 17564.8 17564.8 17564.8 17564.8 17564.8 17564.8 17564.8 17564.8 17564.8 17564.8 17564.8 17564.8 17564.8 17564.8 17564.8 17564.8 17564.8 17564.8 17564.8 17564.8 17564.8 17564.8 17564.8 17564.8 17564.8 17564.8 17564.8 17564.8 17564.8 17564.8 17564.8 17564.8 17564.8 17564.8 17564.8 17564.8 17564.8 17564.8 17564.8 17564.8 17564.8 17564.8 17564.8 17564.8 17564.8 17564.8 17564.8 17564.8 17564.8 17564.8 17564.8 0 0 0 0 0 0 0 0 0 0 0 0 0 0 0 0 0 0 0 0 0 0 0 0 0
