SBPRF35
1.04783
Curr Bio
186592
B35
799761
F35
0.216057
FOFL
0.0678808
OFL
8502.96
Bzero
299379
#pred survey bio
 8826.14 9745.86 12620.3 17637.7 21990.8 26176 32948.3 37664.7 42372 53798.4 69348.9 82266.5 106898 131722 129022 112615 112346 102272 103915 99166.6 94426.4 104495 110491 121169 133231 145260 131520 122887 144802 7.89399e+06 7.80813e+06 9.3633e+06 9.32734e+06 8.49318e+06 7.39587e+06 6.31546e+06 5.37527e+06 4.6111e+06 4.01556e+06 3.56382e+06 3.22705e+06 2.97861e+06 2.79591e+06 2.65989e+06 2.558e+06 2.48444e+06 2.43078e+06 2.39119e+06 2.36164e+06 2.33932e+06 2.32226e+06 2.30907e+06 2.29875e+06 2.2906e+06 2.2841e+06 2.27887e+06 2.27463e+06 2.27117e+06 2.26834e+06 2.266e+06 2.26406e+06 2.26246e+06 2.26112e+06 2.26001e+06 2.25908e+06 2.2583e+06 2.25764e+06 2.25709e+06 2.25663e+06 2.25625e+06 2.25592e+06 2.25565e+06 2.25542e+06 2.25522e+06 2.25506e+06 2.25492e+06 2.25481e+06 2.25471e+06 2.25463e+06 2.25456e+06 2.2545e+06 2.25445e+06 2.25441e+06 2.25438e+06 2.25435e+06 2.25432e+06 2.2543e+06 2.25428e+06 2.25427e+06 2.25426e+06 2.25425e+06 2.25424e+06 2.25423e+06 2.25422e+06 2.25422e+06 2.25421e+06 2.25421e+06 2.25421e+06 2.2542e+06 2.2542e+06 2.2542e+06 2.2542e+06 2.2542e+06 2.25419e+06 2.25419e+06 2.25419e+06 2.25419e+06 2.25419e+06 2.25419e+06 2.25419e+06 2.25419e+06 2.25419e+06 2.25419e+06 2.25419e+06 2.25419e+06 2.25419e+06 2.25419e+06 2.25419e+06 2.25419e+06 2.25419e+06 2.25419e+06 2.25419e+06 2.25419e+06 2.25419e+06 2.25419e+06 2.25419e+06 2.25419e+06 2.25419e+06 2.25419e+06 0 0 0 0 0 0 0 0 0 0 0 0 0 0 0 0 0 0 0 0 0 0 0 0 0
#obs survey bio
 7566.15 9517.74 13825.4 19088.5 20407.2 29996.6 35516.8 21550.9 45597.9 65265.9 71961.8 77990.4 92958.3 81170.4 85483.6 80202.6 70201.8 107144 63913.2 78220.3 120456 149638 75215.6 138030 124412 175220 95602.4 106402 159416
#pred catch bio
 5023.41 5760.17 6948.21 10484.6 14199.7 16219 22142.4 26724.9 30064.2 37150.5 50897.6 61229.3 79524.7 103565 106940 90187.8 96240.3 84656.8 87557.5 86172.2 79182.6 89234.5 94971 105897 113996 130734 118332 105085 83317.8 8502.96 58920.5 78816.6 78080.3 69799.7 59650.2 49942.2 41638.7 34992.1 29899.1 26113.4 23360.5 21390.6 19995.8 19008.6 18313.4 17841.5 17521.1 17303.6 17156 17055.7 16987.7 16941.5 16910.1 16888.8 16874.4 16864.6 16857.9 16853.4 16850.3 16848.2 16846.8 16845.9 16845.2 16844.8 16844.5 16844.3 16844.1 16844 16844 16843.9 16843.9 16843.9 16843.9 16843.8 16843.8 16843.8 16843.8 16843.8 16843.8 16843.8 16843.8 16843.8 16843.8 16843.8 16843.8 16843.8 16843.8 16843.8 16843.8 16843.8 16843.8 16843.8 16843.8 16843.8 16843.8 16843.8 16843.8 16843.8 16843.8 16843.8 16843.8 16843.8 16843.8 16843.8 16843.8 16843.8 16843.8 16843.8 16843.8 16843.8 16843.8 16843.8 16843.8 16843.8 16843.8 16843.8 16843.8 16843.8 16843.8 16843.8 16843.8 16843.8 16843.8 16843.8 16843.8 16843.8 16843.8 16843.8 16843.8 0 0 0 0 0 0 0 0 0 0 0 0 0 0 0 0 0 0 0 0 0 0 0 0 0
#obs catch bio
 6281.42 5824.87 6886.47 10213.4 14156.8 15975.6 21697.1 26502 29877.1 35518.3 48499.9 60066.1 77652.7 101767 108521 91193.6 96120.7 83562.1 85169 85899 74271.4 85151.4 92703.5 100963 108217 126093 114798 101814 81352.5
#pred cpue bio
 6413.32 6775.78 7883.04 11371.5 14522.2 16538.8 21027.8 23892.3 25819.1 30792.3 41075.5 48034.7 58388.4 75893.4 79499.2 67564.3 65727.6 58171.3 58779.4 57010.9 51527.6 56074.1 59833.7 63403 68981.1 78093.4 72169.3 65540.7 73632.6 4.87262e+06 6.80367e+06 9.27142e+06 9.28991e+06 8.40189e+06 7.27995e+06 6.19158e+06 5.24909e+06 4.48428e+06 3.88857e+06 3.43679e+06 3.10001e+06 2.85156e+06 2.66886e+06 2.53284e+06 2.43095e+06 2.35739e+06 2.30373e+06 2.26414e+06 2.23459e+06 2.21227e+06 2.19521e+06 2.18202e+06 2.1717e+06 2.16355e+06 2.15705e+06 2.15182e+06 2.14758e+06 2.14412e+06 2.14128e+06 2.13895e+06 2.13701e+06 2.13541e+06 2.13407e+06 2.13296e+06 2.13203e+06 2.13125e+06 2.13059e+06 2.13004e+06 2.12958e+06 2.1292e+06 2.12887e+06 2.1286e+06 2.12837e+06 2.12817e+06 2.12801e+06 2.12787e+06 2.12776e+06 2.12766e+06 2.12758e+06 2.12751e+06 2.12745e+06 2.1274e+06 2.12736e+06 2.12732e+06 2.1273e+06 2.12727e+06 2.12725e+06 2.12723e+06 2.12722e+06 2.12721e+06 2.12719e+06 2.12719e+06 2.12718e+06 2.12717e+06 2.12717e+06 2.12716e+06 2.12716e+06 2.12716e+06 2.12715e+06 2.12715e+06 2.12715e+06 2.12715e+06 2.12715e+06 2.12714e+06 2.12714e+06 2.12714e+06 2.12714e+06 2.12714e+06 2.12714e+06 2.12714e+06 2.12714e+06 2.12714e+06 2.12714e+06 2.12714e+06 2.12714e+06 2.12714e+06 2.12714e+06 2.12714e+06 2.12714e+06 2.12714e+06 2.12714e+06 2.12714e+06 2.12714e+06 2.12714e+06 2.12714e+06 2.12714e+06 2.12714e+06 2.12714e+06 2.12714e+06 0 0 0 0 0 0 0 0 0 0 0 0 0 0 0 0 0 0 0 0 0 0 0 0 0
#obs cpue bio
 4437.04 5952.18 8583.18 16426.5 16184.7 17401.5 32324.9 37403.6 32277.9 63370.4 70294.1 69197.9 81525.6 145663 82764.1 91923 100974 84912.4 120339 86222.6 141346 67325.3 121406 137199 144450 111690 151040 137875 110041
#pred surv len freq
 2.5623e-27 2.58603e-27 3.11016e-26 6.02121e-20 1.47603e-14 4.37374e-10 1.5666e-06 0.000678277 0.0354986 0.224574 0.172122 0.0403322 0.186063 0.171955 0.0413471 0.0514116 0.0217398 0.0162445 0.00981988 0.00735093 0.00568509 0.004852 0.00480759 0.00422925 0.00128734
 2.56377e-27 2.59025e-27 3.49919e-26 6.84195e-20 1.67722e-14 4.96991e-10 1.78014e-06 0.000770731 0.0403373 0.255185 0.195457 0.0378845 0.151045 0.140392 0.0496311 0.0780455 0.0266408 0.0113068 0.0050111 0.00281072 0.00176222 0.00128282 0.0011226 0.000985164 0.000328283
 2.56625e-27 2.59668e-27 4.03365e-26 7.96932e-20 1.95358e-14 5.78881e-10 2.07346e-06 0.000897727 0.0469838 0.297232 0.227586 0.0393243 0.139428 0.12898 0.0350716 0.0478014 0.0188389 0.0116776 0.00378725 0.00120012 0.000498566 0.000274468 0.000197712 0.000162403 5.59613e-05
 2.56423e-27 2.59107e-27 3.52616e-26 6.89867e-20 1.69113e-14 5.01111e-10 1.7949e-06 0.000777121 0.0406717 0.257301 0.197133 0.0417182 0.179041 0.165418 0.0394441 0.0484739 0.0170915 0.00809555 0.00320065 0.00118989 0.0002743 8.50401e-05 4.2881e-05 3.01164e-05 1.02527e-05
 2.56409e-27 2.59087e-27 3.52638e-26 6.89921e-20 1.69126e-14 5.0115e-10 1.79504e-06 0.000777182 0.0406749 0.257321 0.197124 0.0401454 0.167079 0.154787 0.0449725 0.0637316 0.0212955 0.00819068 0.00270095 0.000881103 0.000249246 4.84704e-05 1.17027e-05 5.81145e-06 1.84769e-06
 2.56528e-27 2.594e-27 3.79074e-26 7.45684e-20 1.82795e-14 5.41656e-10 1.94012e-06 0.000839998 0.0439624 0.278119 0.213009 0.0404419 0.158175 0.146291 0.0384077 0.0509355 0.017994 0.00840795 0.00256483 0.000660213 0.000152452 3.14784e-05 4.51228e-06 1.01814e-06 2.6746e-07
 2.56456e-27 2.59197e-27 3.60622e-26 7.06757e-20 1.73253e-14 5.1338e-10 1.83884e-06 0.000796147 0.0416675 0.2636 0.201939 0.041436 0.173517 0.160371 0.0394985 0.0498364 0.01701 0.00712827 0.00235461 0.00068736 0.000131625 2.14741e-05 2.79473e-06 2.8874e-07 4.38166e-08
 2.56474e-27 2.59245e-27 3.6477e-26 7.15508e-20 1.75398e-14 5.19736e-10 1.86161e-06 0.000806005 0.0421834 0.266864 0.204429 0.0413162 0.170856 0.157946 0.0396325 0.0507152 0.0167013 0.00604798 0.00186362 0.000509414 0.000109702 1.638e-05 1.65686e-06 1.21324e-07 7.87407e-09
 2.56567e-27 2.59488e-27 3.85252e-26 7.58712e-20 1.85989e-14 5.51119e-10 1.97402e-06 0.000854674 0.0447305 0.282978 0.216737 0.0415446 0.163947 0.151389 0.0351979 0.0422298 0.01379 0.00480897 0.00138782 0.000327052 6.43434e-05 1.00504e-05 9.624e-07 5.32885e-08 1.87033e-09
 2.56711e-27 2.59869e-27 4.17964e-26 8.27716e-20 2.02905e-14 6.01243e-10 2.15355e-06 0.000932405 0.0487987 0.308714 0.236387 0.0413817 0.148902 0.137335 0.0296431 0.0330652 0.010499 0.00320274 0.000897445 0.000200007 3.45432e-05 4.76736e-06 4.55683e-07 2.33816e-08 5.72677e-10
 2.56571e-27 2.59481e-27 3.82923e-26 7.53793e-20 1.84783e-14 5.47546e-10 1.96122e-06 0.000849132 0.0444405 0.281143 0.215359 0.0429853 0.175879 0.162111 0.0318813 0.0319168 0.00990313 0.00266316 0.000702288 0.000138844 2.26328e-05 2.77994e-06 2.31287e-07 1.14584e-08 2.48942e-10
 2.56642e-27 2.59679e-27 4.01021e-26 7.91975e-20 1.94143e-14 5.75281e-10 2.06056e-06 0.000892143 0.0466916 0.295384 0.226217 0.0419696 0.160521 0.148065 0.0316848 0.0349873 0.0105639 0.00233205 0.000574355 9.98774e-05 1.45509e-05 1.61586e-06 1.19362e-07 5.15434e-09 1.05143e-10
 2.56786e-27 2.60062e-27 4.34059e-26 8.61666e-20 2.11227e-14 6.25904e-10 2.24188e-06 0.000970649 0.0508003 0.321377 0.24606 0.0416918 0.144465 0.133074 0.0258577 0.0254783 0.00779182 0.00190299 0.00045371 6.53516e-05 8.39893e-06 8.10882e-07 5.27687e-08 1.99876e-09 3.57295e-11
 2.56596e-27 2.59535e-27 3.86606e-26 7.61558e-20 1.86687e-14 5.53186e-10 1.98142e-06 0.000857879 0.0448983 0.284039 0.217584 0.0438227 0.180689 0.166342 0.0288797 0.0239809 0.0071143 0.00140412 0.000329434 5.0702e-05 5.88344e-06 4.72632e-07 2.62141e-08 8.58191e-10 1.33283e-11
 2.56423e-27 2.59076e-27 3.46956e-26 6.77916e-20 1.66183e-14 4.9243e-10 1.7638e-06 0.000763658 0.0399671 0.252843 0.193769 0.0441647 0.200023 0.184401 0.0360167 0.0356928 0.0103625 0.00160579 0.000340167 4.34739e-05 5.0374e-06 3.95648e-07 1.82656e-08 4.97254e-10 6.58543e-12
 2.56545e-27 2.59414e-27 3.77402e-26 7.42146e-20 1.81928e-14 5.39086e-10 1.93092e-06 0.000836013 0.0437539 0.276799 0.212039 0.0428023 0.176819 0.163087 0.0340263 0.0365316 0.0108126 0.00201485 0.000427769 4.34323e-05 4.21562e-06 2.94982e-07 1.33548e-08 3.10826e-10 3.37569e-12
 2.56596e-27 2.59545e-27 3.88375e-26 7.65293e-20 1.87602e-14 5.55899e-10 1.99114e-06 0.000862087 0.0451185 0.285432 0.218635 0.0430031 0.173713 0.160086 0.0310399 0.0304875 0.00916004 0.00196197 0.000441459 5.24373e-05 4.78471e-06 2.62936e-07 1.01157e-08 2.22035e-10 2.1047e-12
 2.5662e-27 2.59599e-27 3.92059e-26 7.73061e-20 1.89507e-14 5.61542e-10 2.01135e-06 0.000870837 0.0455765 0.28833 0.22086 0.0438564 0.178643 0.164413 0.0277958 0.0219862 0.00638332 0.00102854 0.000222377 2.92968e-05 2.9609e-06 1.7438e-07 5.53194e-09 9.89827e-11 8.52573e-13
 2.56653e-27 2.59694e-27 4.00757e-26 7.91411e-20 1.94005e-14 5.74871e-10 2.05909e-06 0.000891508 0.0466583 0.295173 0.226077 0.0432817 0.170604 0.157076 0.0279697 0.0242215 0.00692928 0.000916431 0.000178446 1.85692e-05 1.85088e-06 1.22307e-07 4.25231e-09 6.7861e-11 4.71717e-13
 2.56583e-27 2.59498e-27 3.82972e-26 7.5389e-20 1.84807e-14 5.47616e-10 1.96147e-06 0.000849241 0.0444462 0.281179 0.215406 0.0442125 0.185185 0.170434 0.0285784 0.0222501 0.00638059 0.000889864 0.000171325 1.47126e-05 1.20935e-06 6.80178e-08 2.53761e-09 4.4645e-11 2.92542e-13
 2.56734e-27 2.59908e-27 4.19456e-26 8.30857e-20 2.03675e-14 6.03524e-10 2.16172e-06 0.000935944 0.0489839 0.309886 0.237307 0.0429881 0.16048 0.147668 0.0251272 0.0201079 0.00570165 0.000676541 0.000124017 1.10031e-05 8.4672e-07 3.7899e-08 1.15766e-09 2.02493e-11 1.44926e-13
 2.56756e-27 2.59964e-27 4.23936e-26 8.40307e-20 2.05991e-14 6.10389e-10 2.18631e-06 0.000946589 0.049541 0.31341 0.240001 0.0432002 0.160201 0.147325 0.0235014 0.0164914 0.00468095 0.000583431 0.000106867 8.2731e-06 6.05906e-07 2.68599e-08 6.88245e-10 9.58831e-12 6.43896e-14
 2.5672e-27 2.59863e-27 4.14756e-26 8.2094e-20 2.01243e-14 5.9632e-10 2.13592e-06 0.000924771 0.0483992 0.306187 0.234493 0.0437022 0.167891 0.154369 0.0237981 0.0153924 0.00431103 0.000447156 7.64193e-05 6.09456e-06 4.30295e-07 1.68878e-08 4.18693e-10 5.15432e-12 2.76793e-14
 2.56812e-27 2.60115e-27 4.37313e-26 8.68526e-20 2.12909e-14 6.30887e-10 2.25973e-06 0.000978377 0.0512047 0.323935 0.248032 0.042846 0.151863 0.139621 0.021963 0.0149197 0.00416536 0.000400355 6.47055e-05 4.40163e-06 2.8813e-07 1.13415e-08 2.56962e-10 2.92389e-12 1.42323e-14
 2.56811e-27 2.60108e-27 4.36167e-26 8.66107e-20 2.12316e-14 6.2913e-10 2.25344e-06 0.000975652 0.0510621 0.323033 0.247351 0.0433103 0.155875 0.143217 0.0206777 0.0110874 0.00307395 0.00028649 4.51996e-05 2.8371e-06 1.66682e-07 5.61638e-09 1.22213e-10 1.31606e-12 5.84274e-15
 2.56727e-27 2.59881e-27 4.16113e-26 8.23801e-20 2.01945e-14 5.98399e-10 2.14336e-06 0.000927995 0.0485679 0.307254 0.235311 0.0438394 0.168361 0.15476 0.0231118 0.0137273 0.00378794 0.000303588 4.36344e-05 2.67686e-06 1.51227e-07 4.5858e-09 8.63156e-11 8.39564e-13 3.54888e-15
 2.56666e-27 2.59713e-27 4.01045e-26 7.92013e-20 1.94152e-14 5.75308e-10 2.06066e-06 0.000892186 0.0466938 0.295398 0.226267 0.0444524 0.179379 0.16489 0.0242134 0.0136894 0.00377344 0.000302958 4.30486e-05 2.29807e-06 1.14853e-07 3.3451e-09 5.82904e-11 4.92965e-13 1.83396e-15
 2.56756e-27 2.59961e-27 4.23393e-26 8.3916e-20 2.0571e-14 6.09556e-10 2.18333e-06 0.000945297 0.0494734 0.312983 0.239679 0.0434572 0.162383 0.149284 0.0228662 0.0145445 0.00401735 0.00031786 4.47321e-05 2.39455e-06 1.15517e-07 2.87841e-09 4.56853e-11 3.61346e-13 1.19106e-15
 2.56872e-27 2.60279e-27 4.51775e-26 8.99034e-20 2.20387e-14 6.53047e-10 2.33911e-06 0.00101274 0.0530033 0.335314 0.256714 0.0424514 0.14276 0.13121 0.0202719 0.0131824 0.00367355 0.000346576 5.42548e-05 2.909e-06 1.40334e-07 3.46758e-09 5.01575e-11 3.44932e-13 1.04943e-15
#obs surv len freq
 1.08736e-41 1.50919e-33 2.53198e-26 5.1348e-20 1.25874e-14 3.72987e-10 1.33598e-06 0.000578432 0.0302728 0.191515 0.14695 0.0402582 0.173698 0.146931 0.10364 0.101341 0.0435324 0.0169598 0.00381575 0.000479639 2.47551e-05 3.7932e-07 1.29618e-09 8.04473e-13 7.93973e-17
 1.6067e-41 2.23e-33 3.74129e-26 7.58725e-20 1.85993e-14 5.5113e-10 1.97406e-06 0.000854699 0.0447315 0.282985 0.216811 0.0407284 0.126743 0.102267 0.0758285 0.0684215 0.0283891 0.0100209 0.00199558 0.000213441 8.95034e-06 1.05861e-07 2.68222e-10 1.20428e-13 8.48305e-18
 1.53495e-41 2.13041e-33 3.57421e-26 7.24842e-20 1.77687e-14 5.26518e-10 1.8859e-06 0.00081653 0.0427339 0.270348 0.207391 0.0500505 0.177047 0.129041 0.0565073 0.0425802 0.0170089 0.00543358 0.000951856 8.47639e-05 2.82917e-06 2.55954e-08 4.80266e-11 1.56149e-14 7.85695e-19
 1.07705e-41 1.49487e-33 2.50795e-26 5.08608e-20 1.24679e-14 3.69447e-10 1.3233e-06 0.000572943 0.0299856 0.1897 0.146039 0.0564576 0.230024 0.162963 0.0980718 0.0658545 0.0158744 0.0038308 0.000582231 4.27493e-05 1.11478e-06 7.5925e-09 1.04762e-11 2.46426e-15 8.86991e-20
 1.50078e-41 2.08299e-33 3.49465e-26 7.08708e-20 1.73731e-14 5.14798e-10 1.84392e-06 0.000798355 0.0417827 0.264331 0.202828 0.0471925 0.142195 0.1042 0.104227 0.0693396 0.0191791 0.00357547 0.000330622 1.8377e-05 3.69865e-07 1.87216e-09 1.87785e-12 3.17507e-16 8.15845e-21
 1.19867e-41 1.66367e-33 2.79116e-26 5.66041e-20 1.38758e-14 4.11166e-10 1.47273e-06 0.000637641 0.0333716 0.211122 0.162753 0.0648734 0.230809 0.143857 0.0787844 0.0501994 0.0194427 0.00383293 0.000304045 1.03844e-05 1.39258e-07 5.10392e-10 3.68801e-13 4.44522e-17 8.1019e-22
 1.38035e-41 1.91583e-33 3.21421e-26 6.51835e-20 1.5979e-14 4.73486e-10 1.69595e-06 0.000734288 0.0384297 0.243121 0.187069 0.0579863 0.175132 0.116461 0.109132 0.0565311 0.012697 0.00247502 0.000222924 6.43267e-06 5.4787e-08 1.25483e-10 6.18039e-14 5.23707e-18 6.72654e-23
 1.19397e-41 1.65716e-33 2.78022e-26 5.63823e-20 1.38215e-14 4.09555e-10 1.46696e-06 0.000635143 0.0332409 0.210297 0.162571 0.072236 0.227184 0.133354 0.0939151 0.0495355 0.0148133 0.00207647 0.000136777 3.86662e-06 2.77994e-08 4.25613e-11 1.29589e-14 7.08882e-19 6.17558e-24
 1.51347e-41 2.10059e-33 3.52417e-26 7.14696e-20 1.75199e-14 5.19148e-10 1.8595e-06 0.0008051 0.0421357 0.266568 0.20536 0.0644461 0.167082 0.10407 0.0963254 0.0421946 0.00955473 0.00137376 8.01475e-05 1.59737e-06 9.48738e-09 1.19644e-11 2.61492e-15 9.26333e-20 5.11104e-25
 1.51864e-41 2.10778e-33 3.53623e-26 7.1714e-20 1.75799e-14 5.20923e-10 1.86586e-06 0.000807854 0.0422799 0.267483 0.206676 0.0778976 0.19824 0.103667 0.0663807 0.0286021 0.00712323 0.000801404 3.87566e-05 6.57029e-07 2.82704e-09 2.64087e-12 4.5021e-16 1.20361e-20 4.67417e-26
 1.09729e-41 1.52297e-33 2.5551e-26 5.18168e-20 1.27023e-14 3.76392e-10 1.34817e-06 0.000583713 0.0305492 0.193279 0.151088 0.0972017 0.258156 0.136066 0.0951642 0.0318169 0.00549822 0.000571849 2.3564e-05 3.05999e-07 1.03117e-09 7.08711e-13 8.56945e-17 1.66715e-21 4.81993e-27
 1.66184e-41 2.30652e-33 3.86967e-26 7.8476e-20 1.92375e-14 5.70042e-10 2.0418e-06 0.000884027 0.0462665 0.292706 0.226002 0.0711586 0.144608 0.0943099 0.090177 0.0288637 0.00466829 0.000343478 1.05428e-05 1.1057e-07 2.80084e-10 1.42376e-13 1.26152e-17 1.74896e-22 3.557e-28
 1.3354e-41 1.85345e-33 3.10955e-26 6.30611e-20 1.54587e-14 4.58069e-10 1.64073e-06 0.000710379 0.0371784 0.235226 0.184285 0.110327 0.242421 0.106759 0.0579246 0.0207673 0.00411588 0.0002769 6.40429e-06 4.63322e-08 8.63396e-11 3.24318e-14 2.07656e-18 2.06962e-23 3.01541e-29
 1.11935e-41 1.55358e-33 2.60645e-26 5.28583e-20 1.29576e-14 3.83957e-10 1.37527e-06 0.000595445 0.0311633 0.197179 0.155837 0.112004 0.235405 0.137513 0.103304 0.0238421 0.00294469 0.00020691 4.68076e-06 2.62167e-08 3.34637e-11 8.6442e-15 3.93597e-19 2.80919e-24 2.91394e-30
 8.75276e-42 1.21483e-33 2.03812e-26 4.13327e-20 1.01322e-14 3.00236e-10 1.0754e-06 0.00046561 0.0243682 0.154204 0.124291 0.123543 0.249486 0.159894 0.124437 0.0344776 0.00462613 0.000204321 3.50716e-06 1.78513e-08 1.84404e-11 3.39251e-15 1.04663e-19 5.09199e-25 3.67452e-31
 1.41371e-41 1.96214e-33 3.29189e-26 6.67589e-20 1.63652e-14 4.8493e-10 1.73694e-06 0.000752035 0.0393585 0.249029 0.195218 0.0945976 0.159879 0.126588 0.101687 0.0286368 0.00406036 0.000189956 2.54215e-06 8.76794e-09 7.06105e-12 1.04812e-15 2.44602e-20 8.4296e-26 4.16334e-32
 9.76406e-42 1.35519e-33 2.27361e-26 4.61083e-20 1.13029e-14 3.34926e-10 1.19965e-06 0.000519407 0.0271838 0.172058 0.141858 0.162311 0.273052 0.126051 0.0717858 0.0219066 0.00312712 0.000144533 1.88366e-06 5.44425e-09 3.08161e-12 3.18858e-16 5.53572e-21 1.45446e-26 5.37188e-33
 1.43466e-41 1.99121e-33 3.34066e-26 6.7748e-20 1.66076e-14 4.92114e-10 1.76267e-06 0.000763176 0.0399417 0.252745 0.20006 0.107981 0.161486 0.136071 0.0840359 0.015203 0.00163715 7.36653e-05 8.99673e-07 2.35217e-09 1.1247e-12 8.82234e-17 1.07202e-21 1.94807e-27 5.11464e-34
 1.00287e-41 1.39191e-33 2.33522e-26 4.73578e-20 1.16092e-14 3.44002e-10 1.23216e-06 0.000533482 0.0279205 0.176777 0.149414 0.183394 0.260982 0.121295 0.0623451 0.0158282 0.00146658 4.24224e-05 4.1761e-07 9.53822e-10 3.89206e-13 2.52363e-17 2.425e-22 3.2999e-28 6.18573e-35
 1.28567e-41 1.78442e-33 2.99373e-26 6.07123e-20 1.48829e-14 4.41008e-10 1.57962e-06 0.00068392 0.0357938 0.226561 0.183894 0.132307 0.181397 0.15265 0.0743157 0.0114089 0.000960093 2.73849e-05 1.91586e-07 3.08238e-10 9.86064e-14 5.16758e-18 3.97734e-23 4.26445e-29 6.17489e-36
 1.41206e-41 1.95985e-33 3.28806e-26 6.66811e-20 1.63461e-14 4.84364e-10 1.73491e-06 0.000751158 0.0393129 0.248883 0.20469 0.159233 0.187323 0.101576 0.0478241 0.00973866 0.00065274 1.32662e-05 7.91015e-08 9.8417e-11 2.182e-14 8.09255e-19 4.64445e-24 3.81289e-30 4.24629e-37
 1.12879e-41 1.56668e-33 2.62844e-26 5.33041e-20 1.30669e-14 3.87196e-10 1.38687e-06 0.000600468 0.0314266 0.199095 0.172715 0.196787 0.225429 0.12262 0.0445119 0.00638466 0.000421212 8.00683e-06 3.49131e-08 3.23352e-11 5.51336e-15 1.49263e-19 5.96874e-25 3.40937e-31 2.70445e-38
 1.37826e-41 1.91293e-33 3.20933e-26 6.50846e-20 1.59547e-14 4.72768e-10 1.69338e-06 0.000733174 0.0383719 0.24302 0.203444 0.160194 0.178843 0.126119 0.0437542 0.00526801 0.000246635 3.68338e-06 1.39142e-08 1.00441e-11 1.23124e-15 2.41576e-20 7.10527e-26 2.94702e-32 1.65646e-39
 1.35669e-41 1.88299e-33 3.15911e-26 6.40661e-20 1.5705e-14 4.65369e-10 1.66688e-06 0.0007217 0.0377718 0.239366 0.207337 0.194523 0.18829 0.0961908 0.0315832 0.00405184 0.000162001 1.74536e-06 4.70369e-09 2.62329e-12 2.51685e-16 3.6813e-21 7.75407e-27 2.28454e-33 9.19383e-41
 1.18608e-41 1.6462e-33 2.76184e-26 5.60095e-20 1.37301e-14 4.06847e-10 1.45726e-06 0.000630944 0.0330224 0.209471 0.190121 0.213684 0.20684 0.113436 0.029773 0.00291279 0.00010626 1.01082e-06 2.04679e-09 7.9478e-13 5.40834e-17 5.83926e-22 9.21132e-28 2.00738e-34 5.8468e-42
 1.06168e-41 1.47355e-33 2.47218e-26 5.01353e-20 1.22901e-14 3.64178e-10 1.30442e-06 0.000564771 0.0295597 0.187718 0.17786 0.221082 0.217507 0.130124 0.0326703 0.00283419 7.76512e-05 5.76544e-07 9.62694e-10 2.91205e-13 1.42602e-17 1.06833e-22 1.17404e-28 1.81882e-35 3.83417e-43
 1.04992e-41 1.45722e-33 2.44478e-26 4.95797e-20 1.21539e-14 3.60142e-10 1.28997e-06 0.000558513 0.0292328 0.185807 0.179767 0.221421 0.216779 0.131821 0.0319066 0.0026426 6.21618e-05 3.53774e-07 4.32232e-10 9.87405e-14 3.70995e-18 2.08156e-23 1.65023e-29 1.79407e-36 2.62437e-44
 1.27126e-41 1.76443e-33 2.9602e-26 6.00323e-20 1.47162e-14 4.36068e-10 1.56192e-06 0.00067626 0.0353949 0.224686 0.205034 0.200073 0.192258 0.112679 0.0269425 0.00220429 5.00752e-05 2.61638e-07 2.71135e-10 4.96707e-14 1.48222e-18 6.72572e-24 4.38324e-30 3.92458e-37 4.67967e-45
 1.27129e-41 1.76447e-33 2.96026e-26 6.00334e-20 1.47165e-14 4.36077e-10 1.56196e-06 0.000676273 0.0353956 0.224691 0.205038 0.200082 0.192422 0.113024 0.0265691 0.00205663 4.32531e-05 2.05046e-07 1.89954e-10 3.07465e-14 8.03709e-19 3.17738e-24 1.79898e-30 1.39741e-37 1.44421e-45
#pred catch len freq
 2.55639e-27 2.57034e-27 1.76308e-26 3.17961e-20 7.79442e-15 2.30963e-10 8.27269e-07 0.000358176 0.0187456 0.118591 0.0912034 0.0408838 0.247111 0.228758 0.0597077 0.0791967 0.0333985 0.0247917 0.0148821 0.0110781 0.00853961 0.00727741 0.00720698 0.00633927 0.00192958
 2.55753e-27 2.57383e-27 2.09766e-26 3.88549e-20 9.52482e-15 2.82237e-10 1.01093e-06 0.000437693 0.0229073 0.144918 0.111257 0.0377363 0.209074 0.194836 0.0754204 0.123264 0.0419879 0.0176531 0.00777267 0.00433066 0.0027055 0.00196631 0.00171972 0.00150899 0.000502828
 2.55993e-27 2.57991e-27 2.58871e-26 4.92123e-20 1.20638e-14 3.57472e-10 1.2804e-06 0.000554366 0.0290135 0.183548 0.140798 0.0405385 0.209643 0.19436 0.0571856 0.0819735 0.0322017 0.0197979 0.00639413 0.00200997 0.000831568 0.000456908 0.00032891 0.000270131 9.30808e-05
 2.55839e-27 2.57548e-27 2.17252e-26 4.04315e-20 9.91129e-15 2.93689e-10 1.05195e-06 0.000455452 0.0238367 0.150798 0.11584 0.0436309 0.250712 0.23199 0.059087 0.0766004 0.0269401 0.0126304 0.00496422 0.00183411 0.000421307 0.000130271 6.56293e-05 4.60842e-05 1.56883e-05
 2.55841e-27 2.57578e-27 2.22372e-26 4.15125e-20 1.01763e-14 3.01542e-10 1.08007e-06 0.00046763 0.0244741 0.15483 0.118882 0.0413284 0.231053 0.214419 0.0663454 0.0975275 0.0325002 0.0123427 0.00404812 0.00131038 0.000369345 7.16873e-05 1.7286e-05 8.58135e-06 2.72826e-06
 2.55948e-27 2.57853e-27 2.45046e-26 4.62953e-20 1.13487e-14 3.36283e-10 1.20451e-06 0.000521507 0.0272938 0.172669 0.132515 0.0420855 0.227236 0.210517 0.0587501 0.0812551 0.0286119 0.013213 0.00401295 0.00102479 0.000235709 4.85616e-05 6.95425e-06 1.56833e-06 4.11968e-07
 2.55918e-27 2.57757e-27 2.3536e-26 4.42515e-20 1.08477e-14 3.21438e-10 1.15134e-06 0.000498484 0.0260889 0.165046 0.126715 0.0433825 0.241181 0.223197 0.0575975 0.0753567 0.025632 0.0105891 0.00347865 0.00100797 0.000192344 3.13011e-05 4.06917e-06 4.20216e-07 6.37589e-08
 2.55962e-27 2.57875e-27 2.45467e-26 4.63835e-20 1.13703e-14 3.36924e-10 1.2068e-06 0.0005225 0.0273458 0.172998 0.132785 0.0432698 0.236059 0.218474 0.0568598 0.0748036 0.0245495 0.00874415 0.00267939 0.000726466 0.000155864 2.32232e-05 2.34626e-06 1.71719e-07 1.11428e-08
 2.56066e-27 2.58141e-27 2.67491e-26 5.1029e-20 1.25091e-14 3.70668e-10 1.32767e-06 0.000574831 0.0300846 0.190324 0.146025 0.0438393 0.231091 0.213624 0.0511964 0.0630776 0.0205268 0.00703529 0.00201966 0.000471935 9.24854e-05 1.44124e-05 1.37865e-06 7.62975e-08 2.67736e-09
 2.56218e-27 2.58541e-27 3.01448e-26 5.8192e-20 1.42651e-14 4.22699e-10 1.51404e-06 0.000655521 0.0343076 0.21704 0.166427 0.0439887 0.217894 0.201203 0.044607 0.0511294 0.0161868 0.00485053 0.00135174 0.000298713 5.13945e-05 7.07501e-06 6.7548e-07 3.46434e-08 8.4834e-10
 2.561e-27 2.58207e-27 2.70791e-26 5.17243e-20 1.26796e-14 3.75719e-10 1.34576e-06 0.000582663 0.0304945 0.192917 0.148037 0.0458488 0.24497 0.225985 0.0453069 0.0464614 0.0143769 0.00379354 0.000994775 0.00019495 3.16534e-05 3.87809e-06 3.22254e-07 1.59567e-08 3.46607e-10
 2.56184e-27 2.58442e-27 2.92329e-26 5.62682e-20 1.37935e-14 4.08725e-10 1.46398e-06 0.000633849 0.0331734 0.209864 0.160957 0.044555 0.226046 0.208695 0.0454019 0.051005 0.0153643 0.00332503 0.000813926 0.000140275 2.03538e-05 2.25417e-06 1.66305e-07 7.17743e-09 1.46381e-10
 2.56359e-27 2.58906e-27 3.32143e-26 6.46668e-20 1.58523e-14 4.69732e-10 1.6825e-06 0.000728458 0.0381249 0.241189 0.184874 0.0444356 0.208335 0.192088 0.0376803 0.0375859 0.0114617 0.00274093 0.000649951 9.27695e-05 1.18713e-05 1.14288e-06 7.42752e-08 2.81171e-09 5.02499e-11
 2.56176e-27 2.58395e-27 2.8566e-26 5.48604e-20 1.34484e-14 3.98499e-10 1.42736e-06 0.000617991 0.0323434 0.204614 0.156984 0.0468647 0.246414 0.226994 0.0396438 0.0332567 0.00984389 0.00190174 0.000443219 6.76002e-05 7.81407e-06 6.25833e-07 3.46619e-08 1.13402e-09 1.76076e-11
 2.56023e-27 2.57993e-27 2.51339e-26 4.76206e-20 1.16736e-14 3.4591e-10 1.23899e-06 0.000536436 0.0280751 0.177612 0.136365 0.0467945 0.260367 0.240151 0.0470794 0.0468778 0.0135854 0.00206074 0.000433212 5.4858e-05 6.32817e-06 4.95629e-07 2.28494e-08 6.21594e-10 8.22977e-12
 2.56126e-27 2.58281e-27 2.77618e-26 5.31646e-20 1.30327e-14 3.86181e-10 1.38324e-06 0.000598888 0.0313437 0.198289 0.152131 0.045342 0.238237 0.219878 0.0461758 0.049936 0.0147476 0.00268984 0.000567652 5.71298e-05 5.51808e-06 3.84908e-07 1.74011e-08 4.04726e-10 4.39407e-12
 2.56239e-27 2.58578e-27 3.02902e-26 5.84981e-20 1.43401e-14 4.24923e-10 1.522e-06 0.000658968 0.034488 0.218181 0.167322 0.0454501 0.228386 0.210569 0.0405534 0.0394723 0.0118223 0.00247135 0.000552613 6.5042e-05 5.91066e-06 3.23748e-07 1.24348e-08 2.72734e-10 2.58448e-12
 2.56242e-27 2.5857e-27 3.00782e-26 5.80504e-20 1.42303e-14 4.21671e-10 1.51035e-06 0.000653925 0.0342241 0.216512 0.166067 0.0467367 0.239059 0.220136 0.0371563 0.0292995 0.00848873 0.00133715 0.000286838 3.74427e-05 3.76912e-06 2.21323e-07 7.01081e-09 1.25335e-10 1.07916e-12
 2.56294e-27 2.58716e-27 3.14143e-26 6.08692e-20 1.49213e-14 4.42146e-10 1.58369e-06 0.000685679 0.0358859 0.227025 0.174082 0.0459438 0.227393 0.209473 0.0371103 0.0318685 0.00910073 0.00117697 0.000227143 2.34212e-05 2.32303e-06 1.53054e-07 5.31402e-09 8.4741e-11 5.88822e-13
 2.5624e-27 2.58563e-27 2.99993e-26 5.78838e-20 1.41895e-14 4.20461e-10 1.50602e-06 0.000652049 0.0341259 0.215891 0.165595 0.0468982 0.240619 0.221547 0.0368915 0.0283348 0.00810882 0.00110493 0.000210965 1.79595e-05 1.46842e-06 8.23128e-08 3.06615e-09 5.39061e-11 3.53107e-13
 2.56387e-27 2.58964e-27 3.35647e-26 6.54054e-20 1.60333e-14 4.75097e-10 1.70172e-06 0.000736778 0.0385603 0.243944 0.186997 0.0456619 0.216174 0.199032 0.033664 0.0266384 0.00754105 0.000875364 0.00015892 1.39767e-05 1.07034e-06 4.77482e-08 1.45596e-09 2.54454e-11 1.82054e-13
 2.5643e-27 2.59074e-27 3.44886e-26 6.73543e-20 1.65111e-14 4.89253e-10 1.75242e-06 0.000758733 0.0397093 0.251213 0.19255 0.045851 0.213712 0.196644 0.0311289 0.0214648 0.00608086 0.000740771 0.000134442 1.03204e-05 7.51679e-07 3.32132e-08 8.49647e-10 1.18257e-11 7.93815e-14
 2.56392e-27 2.58968e-27 3.35114e-26 6.52926e-20 1.60057e-14 4.74277e-10 1.69878e-06 0.000735507 0.0384938 0.243523 0.186688 0.0464326 0.222257 0.204462 0.0312987 0.0198813 0.00555933 0.0005644 9.53987e-05 7.54333e-06 5.29833e-07 2.07251e-08 5.12922e-10 6.3087e-12 3.38635e-14
 2.56519e-27 2.59317e-27 3.66314e-26 7.18746e-20 1.76192e-14 5.22088e-10 1.87003e-06 0.000809652 0.0423743 0.268072 0.205414 0.0452745 0.200287 0.18424 0.028672 0.0189814 0.00529057 0.000497712 7.94817e-05 5.36318e-06 3.4896e-07 1.36901e-08 3.09649e-10 3.52001e-12 1.71265e-14
 2.565e-27 2.59259e-27 3.60526e-26 7.06535e-20 1.73198e-14 5.13218e-10 1.83826e-06 0.000795897 0.0416544 0.263517 0.201948 0.0460082 0.208305 0.191502 0.0274611 0.0143971 0.00398504 0.000363799 5.67124e-05 3.5325e-06 2.06253e-07 6.92604e-09 1.50427e-10 1.61836e-12 7.18157e-15
 2.56442e-27 2.59103e-27 3.46821e-26 6.77621e-20 1.66111e-14 4.92216e-10 1.76303e-06 0.000763326 0.0399497 0.252734 0.193719 0.0462941 0.216262 0.198879 0.0293867 0.0169259 0.00466322 0.000366473 5.19233e-05 3.16081e-06 1.77454e-07 5.36306e-09 1.00748e-10 9.78919e-13 4.13598e-15
 2.56369e-27 2.58901e-27 3.28752e-26 6.39504e-20 1.56767e-14 4.64528e-10 1.66386e-06 0.000720388 0.0377025 0.238517 0.182875 0.0470303 0.229484 0.211034 0.0307036 0.0168692 0.00464275 0.00036557 5.12229e-05 2.71552e-06 1.34764e-07 3.91158e-09 6.80298e-11 5.74722e-13 2.13701e-15
 2.56431e-27 2.59075e-27 3.4456e-26 6.72854e-20 1.64942e-14 4.88753e-10 1.75063e-06 0.000757956 0.0396687 0.250955 0.192359 0.046173 0.216297 0.198958 0.0302595 0.0188934 0.00521231 0.000404823 5.61952e-05 2.98754e-06 1.43151e-07 3.55521e-09 5.63048e-11 4.44861e-13 1.46558e-15
 2.56351e-27 2.58861e-27 3.25923e-26 6.33537e-20 1.55304e-14 4.60194e-10 1.64834e-06 0.000713667 0.0373507 0.236292 0.181167 0.0464812 0.226506 0.208441 0.0330651 0.0229024 0.00638665 0.000595731 9.26531e-05 4.93863e-06 2.36811e-07 5.83326e-09 8.42063e-11 5.78433e-13 1.75884e-15
#obs catch len freq
 5.03893e-42 6.99371e-34 1.17334e-26 2.37951e-20 5.83309e-15 1.72845e-10 6.19103e-07 0.00026805 0.0140287 0.0887507 0.068494 0.0399186 0.218614 0.186555 0.14339 0.14297 0.0641932 0.0259088 0.00607247 0.000791982 4.26349e-05 6.83964e-07 2.44083e-09 1.57299e-12 1.60257e-16
 5.76639e-42 8.00337e-34 1.34273e-26 2.72303e-20 6.67519e-15 1.97798e-10 7.08481e-07 0.000306748 0.016054 0.101563 0.0783914 0.0438219 0.22379 0.181976 0.142717 0.130385 0.0557677 0.020422 0.00429964 0.000483083 2.11435e-05 2.60404e-07 6.86011e-10 3.19131e-13 2.31862e-17
 1.08587e-41 1.50711e-33 2.52849e-26 5.12773e-20 1.257e-14 3.72473e-10 1.33414e-06 0.000577636 0.0302312 0.191252 0.146922 0.0452512 0.181664 0.140805 0.113556 0.0951448 0.0390924 0.0128839 0.00238329 0.00022589 7.95493e-06 7.50183e-08 1.45788e-10 4.89216e-14 2.53286e-18
 1.11567e-41 1.54847e-33 2.59789e-26 5.26846e-20 1.2915e-14 3.82695e-10 1.37075e-06 0.000593489 0.0310608 0.196502 0.151275 0.0584675 0.238104 0.164389 0.0767093 0.0541714 0.0213087 0.0063166 0.00101874 7.96633e-05 2.2138e-06 1.58572e-08 2.27139e-11 5.50433e-15 2.03268e-19
 7.84235e-42 1.08847e-33 1.82613e-26 3.70335e-20 9.07833e-15 2.69008e-10 9.63541e-07 0.00041718 0.0218336 0.138129 0.106966 0.0648106 0.273885 0.18465 0.11675 0.0714134 0.0167672 0.00381384 0.000529549 3.3807e-05 7.278e-07 3.90108e-09 4.0925e-12 7.15694e-16 1.88792e-20
 1.25363e-41 1.73996e-33 2.91914e-26 5.91997e-20 1.45121e-14 4.3002e-10 1.54026e-06 0.00066688 0.0349019 0.220802 0.169825 0.052903 0.172791 0.122488 0.125689 0.0759428 0.0202627 0.00342153 0.000291698 1.41252e-05 2.32841e-07 9.22321e-10 7.00948e-13 8.7919e-17 1.65333e-21
 1.0389e-41 1.44192e-33 2.41912e-26 4.90593e-20 1.20263e-14 3.56362e-10 1.27643e-06 0.00055265 0.0289235 0.182984 0.141641 0.0735401 0.259388 0.153178 0.0861767 0.0511537 0.0188956 0.00332409 0.000234542 6.9243e-06 7.65587e-08 2.18956e-10 1.19511e-13 1.06662e-17 1.42106e-22
 1.27924e-41 1.7755e-33 2.97877e-26 6.04088e-20 1.48085e-14 4.38803e-10 1.57172e-06 0.000680501 0.0356147 0.225314 0.173783 0.0644338 0.192514 0.123763 0.115805 0.0540698 0.0117533 0.00209942 0.000164282 3.97483e-06 2.75887e-08 4.95336e-11 1.8443e-14 1.15579e-18 1.08412e-23
 1.14974e-41 1.59577e-33 2.67723e-26 5.42937e-20 1.33094e-14 3.94383e-10 1.41262e-06 0.000611615 0.0320095 0.202509 0.157032 0.0797587 0.239008 0.134141 0.09443 0.0459247 0.0128713 0.00160555 9.45041e-05 2.22137e-06 1.27199e-08 1.51169e-11 3.48475e-15 1.41198e-19 8.97981e-25
 1.51362e-41 2.1008e-33 3.52453e-26 7.14769e-20 1.75217e-14 5.19201e-10 1.85969e-06 0.000805182 0.04214 0.266598 0.205703 0.0696686 0.171513 0.103777 0.0935457 0.0371784 0.00799072 0.00102649 5.1607e-05 8.59819e-07 4.07052e-09 3.93968e-12 6.47803e-16 1.70055e-20 6.86213e-26
 1.55149e-41 2.15336e-33 3.61271e-26 7.32651e-20 1.79601e-14 5.3219e-10 1.90622e-06 0.000825327 0.0431943 0.273271 0.211482 0.0831116 0.196939 0.0984888 0.0618799 0.0245659 0.00565319 0.000562287 2.35918e-05 3.2826e-07 1.11873e-09 8.02649e-13 1.02535e-16 2.02474e-21 5.75401e-27
 1.15287e-41 1.60011e-33 2.68451e-26 5.44414e-20 1.33457e-14 3.95456e-10 1.41646e-06 0.000613278 0.0320966 0.203072 0.159142 0.103999 0.254145 0.129147 0.0868776 0.0262522 0.00424941 0.00039102 1.3704e-05 1.4578e-07 3.8652e-10 2.02787e-13 1.83482e-17 2.63174e-22 5.55446e-28
 1.72145e-41 2.38926e-33 4.00848e-26 8.12911e-20 1.99276e-14 5.9049e-10 2.11504e-06 0.000915739 0.0479261 0.303208 0.234374 0.0747969 0.140434 0.0905648 0.0806919 0.0233967 0.00346105 0.000222899 5.86427e-06 4.99079e-08 9.8881e-11 3.82606e-14 2.52904e-18 2.58122e-23 3.82894e-29
 1.3984e-41 1.94089e-33 3.25624e-26 6.6036e-20 1.61879e-14 4.79678e-10 1.71813e-06 0.000743891 0.0389323 0.246328 0.193464 0.116271 0.233814 0.0986455 0.0515088 0.017098 0.00301452 0.000174562 3.40054e-06 1.99715e-08 2.90676e-11 8.27821e-15 3.9456e-19 2.89052e-24 3.06849e-30
 1.18899e-41 1.65024e-33 2.76861e-26 5.61469e-20 1.37638e-14 4.07845e-10 1.46084e-06 0.000632491 0.0331021 0.209453 0.166052 0.118781 0.228726 0.131528 0.0906362 0.0188088 0.00214536 0.000130217 2.42272e-06 1.08489e-08 1.07742e-11 2.11013e-15 7.14257e-20 3.74178e-25 2.82548e-31
 9.44381e-42 1.31074e-33 2.19904e-26 4.4596e-20 1.09322e-14 3.23941e-10 1.1603e-06 0.000502371 0.0262921 0.166388 0.134707 0.131893 0.244172 0.154902 0.10995 0.0277983 0.00326861 0.000124052 1.78378e-06 7.18636e-09 5.70649e-12 7.92311e-16 1.81614e-20 6.48314e-26 3.40234e-32
 1.5011e-41 2.08343e-33 3.49538e-26 7.08857e-20 1.73768e-14 5.14906e-10 1.84431e-06 0.000798522 0.0417915 0.26443 0.207684 0.0987325 0.153276 0.120617 0.0872514 0.0225143 0.00279066 0.000110095 1.20313e-06 3.30201e-09 2.04497e-12 2.27721e-16 3.93436e-21 9.94451e-27 3.57433e-33
 1.05279e-41 1.4612e-33 2.45147e-26 4.97153e-20 1.21871e-14 3.61127e-10 1.2935e-06 0.00056004 0.0293104 0.185535 0.153748 0.170325 0.261243 0.117542 0.0621394 0.0173667 0.00214561 8.33628e-05 8.75993e-07 1.98032e-09 8.57732e-13 6.66142e-17 8.54228e-22 1.64136e-27 4.40731e-34
 1.52789e-41 2.12061e-33 3.55777e-26 7.21508e-20 1.76869e-14 5.24096e-10 1.87723e-06 0.000812774 0.0425374 0.269182 0.213521 0.111512 0.153695 0.127041 0.0691803 0.0113862 0.00108935 4.09512e-05 3.99912e-07 8.10813e-10 2.93916e-13 1.72137e-17 1.5436e-22 2.04995e-28 3.90372e-35
 1.0859e-41 1.50715e-33 2.52856e-26 5.12786e-20 1.25704e-14 3.72483e-10 1.33417e-06 0.000577651 0.0302322 0.19144 0.162656 0.190379 0.247214 0.111793 0.0527563 0.0119853 0.00094272 2.30196e-05 1.82247e-07 3.20744e-10 9.86016e-14 4.74805e-18 3.35501e-23 3.33329e-29 4.53591e-36
 1.38358e-41 1.92032e-33 3.22174e-26 6.53362e-20 1.60164e-14 4.74595e-10 1.69992e-06 0.000736007 0.0385199 0.243837 0.198466 0.136115 0.173 0.140386 0.059982 0.00833454 0.000607565 1.41852e-05 7.89382e-08 9.82819e-11 2.36425e-14 9.1622e-19 5.16617e-24 4.0326e-30 4.23172e-37
 1.50758e-41 2.09242e-33 3.51046e-26 7.11915e-20 1.74518e-14 5.17127e-10 1.85227e-06 0.000801967 0.0419721 0.265747 0.219192 0.16129 0.173741 0.0911233 0.0387854 0.00694586 0.00039174 6.59908e-06 3.1082e-08 2.95873e-11 4.92624e-15 1.35037e-19 5.6619e-25 3.37306e-31 2.71511e-38
 1.22221e-41 1.69635e-33 2.84598e-26 5.77159e-20 1.41484e-14 4.19242e-10 1.50166e-06 0.000650166 0.0340277 0.215619 0.187821 0.200533 0.211378 0.109808 0.0353675 0.00453698 0.000252916 3.88167e-06 1.32986e-08 9.4219e-12 1.20068e-15 2.3967e-20 7.00131e-26 2.89952e-32 1.65825e-39
 1.47963e-41 2.05362e-33 3.44538e-26 6.98716e-20 1.71282e-14 5.0754e-10 1.81792e-06 0.000787099 0.0411943 0.260936 0.218983 0.161559 0.167615 0.111262 0.0339305 0.00358797 0.000141499 1.71765e-06 5.04938e-09 2.76533e-12 2.52932e-16 3.65257e-21 7.83108e-27 2.35372e-33 9.54722e-41
 1.45452e-41 2.01878e-33 3.38693e-26 6.86862e-20 1.68376e-14 4.98929e-10 1.78708e-06 0.000773746 0.0404959 0.256689 0.22296 0.194564 0.173488 0.0837715 0.0244564 0.00270904 8.96703e-05 7.79136e-07 1.63625e-09 6.90693e-13 4.92152e-17 5.28743e-22 8.11553e-28 1.73104e-34 5.01893e-42
 1.2836e-41 1.78156e-33 2.98893e-26 6.0615e-20 1.48591e-14 4.40301e-10 1.57709e-06 0.000682824 0.035738 0.226777 0.206427 0.214663 0.192834 0.0982452 0.0226452 0.00192778 5.80865e-05 4.39049e-07 6.87116e-10 2.01656e-13 1.01803e-17 8.05121e-23 9.23188e-29 1.45544e-35 3.05599e-43
 1.15839e-41 1.60776e-33 2.69735e-26 5.47018e-20 1.34095e-14 3.97348e-10 1.42324e-06 0.000616213 0.0322526 0.204917 0.194658 0.223088 0.205147 0.112688 0.0247531 0.00183609 4.13643e-05 2.44146e-07 3.13016e-10 7.115e-14 2.58071e-18 1.416e-23 1.12983e-29 1.26328e-36 1.9148e-44
 1.14728e-41 1.59236e-33 2.67151e-26 5.41776e-20 1.3281e-14 3.9354e-10 1.4096e-06 0.000610308 0.0319435 0.202926 0.191631 0.216294 0.208785 0.119049 0.0267264 0.0019917 4.10921e-05 2.00202e-07 2.05038e-10 3.8664e-14 1.18817e-18 5.42281e-24 3.48157e-30 3.05277e-37 3.58896e-45
 1.37124e-41 1.9032e-33 3.19301e-26 6.47535e-20 1.58736e-14 4.70363e-10 1.68476e-06 0.000729445 0.0381783 0.242262 0.217042 0.192995 0.180248 0.102841 0.0238398 0.00182415 3.80837e-05 1.796e-07 1.65781e-10 2.67632e-14 6.98214e-19 2.75634e-24 1.55895e-30 1.21004e-37 1.24984e-45
#spawning biomass
 10364.9 11661.7 15542.5 21548.2 26721.1 32162.9 40375.5 46236.5 52530.4 67672.4 86525.1 103021 135824 165345 159463 140123 140580 128745 131002 124531 119961 133197 140554 155253 171028 185049 166804 156823 186592 278693 413012 464382 448129 400548 343760 289555 243200 206095 177663 156530 141162 130165 122378 116867 112987 110352 108563 107349 106525 105965 105586 105328 105153 105034 104953 104898 104861 104836 104819 104807 104799 104794 104790 104788 104786 104785 104784 104784 104783 104783 104783 104783 104783 104783 104783 104783 104783 104783 104783 104783 104783 104783 104783 104783 104783 104783 104783 104783 104783 104783 104783 104783 104783 104783 104783 104783 104783 104783 104783 104783 104783 104783 104783 104783 104783 104783 104783 104783 104783 104783 104783 104783 104783 104783 104783 104783 104783 104783 104783 104783 104783 104783 104783 104783 104783 104783 104783 104783 104783 0 0 0 0 0 0 0 0 0 0 0 0 0 0 0 0 0 0 0 0 0 0 0 0 0
