SBPRF35
0.18548
Curr Bio
143901
B35
183428
F35
0.865665
FOFL
0.591273
OFL
25358.1
Bzero
52994.1
#pred survey bio
 15402.1 13978.8 14301.7 15890.6 18660.4 23053.4 25202.2 28897.3 37967.7 51989.4 63830.6 73194 101610 128474 126132 101472 92678.2 90964.1 88204.6 97725.8 98974.2 99641.3 95272.7 96612 112863 115602 108333 92297.7 2.73479e+06 2.43281e+06 1.47498e+06 875964 601885 481276 425401 397137 381605 372570 367147 363842 361819 360578 359815 359340 359056 358885 358782 358720 358683 358660 358647 358639 358634 358631 358629 358628 358627 358627 358626 358626 358626 358626 358626 358626 358626 358626 358626 358626 358626 358626 358626 358626 358626 358626 358626 358626 358626 358626 358626 358626 358626 358626 358626 358626 358626 358626 358626 358626 358626 358626 358626 358626 358626 358626 358626 358626 358626 358626 358626 358626 358626 358626 358626 358626 358626 358626 358626 358626 358626 358626 358626 358626 358626 358626 358626 358626 358626 358626 358626 358626 358626 358626 358626 358626 358626 358626 358626 358626 0 0 0 0 0 0 0 0 0 0 0 0 0 0 0 0 0 0 0 0 0 0 0 0 0
#obs survey bio
 14530.9 15144.2 17268.3 13320.1 26370.3 23643.8 21121.6 20717 40084.3 54334.5 64485.7 85009 106938 143317 88199.2 83178.6 88668 63508.5 96222.4 112570 131217 106864 104288 99200 141659 112967 76383.6 95709.6
#pred catch bio
 7580.48 7058.51 7182.55 8410.12 10111.2 14055.7 16638 20417.7 26375.4 36811.6 48829 53268.5 74254.7 96303.3 103083 86358.4 81488.8 81624.1 73576.9 86797.2 90727.9 94794.7 92045.4 90298.6 110667 114170 110810 100340 25358.1 56759.2 27874.3 14384.3 9273.84 7557.46 7023.72 6866.2 6821.41 6809 6805.64 6804.74 6804.5 6804.44 6804.42 6804.42 6804.42 6804.42 6804.42 6804.41 6804.41 6804.41 6804.41 6804.41 6804.41 6804.41 6804.41 6804.41 6804.41 6804.41 6804.41 6804.41 6804.41 6804.41 6804.41 6804.41 6804.41 6804.41 6804.41 6804.41 6804.41 6804.41 6804.41 6804.41 6804.41 6804.41 6804.41 6804.41 6804.41 6804.41 6804.41 6804.41 6804.41 6804.41 6804.41 6804.41 6804.41 6804.41 6804.41 6804.41 6804.41 6804.41 6804.41 6804.41 6804.41 6804.41 6804.41 6804.41 6804.41 6804.41 6804.41 6804.41 6804.41 6804.41 6804.41 6804.41 6804.41 6804.41 6804.41 6804.41 6804.41 6804.41 6804.41 6804.41 6804.41 6804.41 6804.41 6804.41 6804.41 6804.41 6804.41 6804.41 6804.41 6804.41 6804.41 6804.41 6804.41 6804.41 6804.41 6804.41 0 0 0 0 0 0 0 0 0 0 0 0 0 0 0 0 0 0 0 0 0 0 0 0 0
#obs catch bio
 6703.76 7196.33 7192.12 8534.45 10154 14164 16842.1 20971.2 26250.8 36514.9 48887.8 52175.5 71572.2 93307.8 103762 88621.8 81723 83163.4 72418.8 84372.1 88646.6 92443.9 89724 88371.2 107484 110547 110804 101483
#pred cpue bio
 15196.5 13408.5 13649.3 15115.4 17318.6 21749.3 23712.7 26095.1 33862.8 47137.7 58749.9 65414.4 89996.1 119022 120182 94193.1 83792.3 82402 79369.3 88345 88330.9 89141.9 84518.2 84140.7 98076.4 102082 96226.6 81619.4 2.30691e+06 2.63678e+06 1.47725e+06 867981 593465 472837 416960 388696 373165 364130 358706 355402 353379 352138 351375 350900 350616 350445 350342 350280 350243 350220 350207 350198 350193 350190 350189 350188 350187 350187 350186 350186 350186 350186 350186 350186 350186 350186 350186 350186 350186 350186 350186 350186 350186 350186 350186 350186 350186 350186 350186 350186 350186 350186 350186 350186 350186 350186 350186 350186 350186 350186 350186 350186 350186 350186 350186 350186 350186 350186 350186 350186 350186 350186 350186 350186 350186 350186 350186 350186 350186 350186 350186 350186 350186 350186 350186 350186 350186 350186 350186 350186 350186 350186 350186 350186 350186 350186 350186 350186 0 0 0 0 0 0 0 0 0 0 0 0 0 0 0 0 0 0 0 0 0 0 0 0 0
#obs cpue bio
 9132.08 8307.26 11780.6 13848.5 12205.5 18486.9 24795.8 20237.7 43399.7 50581.7 55990.9 100275 142135 158613 126197 78402.7 83259.8 83202 105397 139308 88637.6 127391 114573 107977 134318 159777 123602 72284.1
#pred surv len freq
 2.56061e-27 2.58128e-27 2.67586e-26 5.10497e-20 1.25142e-14 3.70818e-10 1.32821e-06 0.000575064 0.0300968 0.190401 0.146066 0.0427539 0.222798 0.205655 0.0437449 0.0483491 0.020083 0.0145789 0.00882175 0.006641 0.00518943 0.0044874 0.00451444 0.00401509 0.00122728
 2.56225e-27 2.5861e-27 3.12872e-26 6.0604e-20 1.48563e-14 4.4022e-10 1.57679e-06 0.000682691 0.0357296 0.226036 0.17322 0.0392316 0.176918 0.164142 0.0515127 0.0764125 0.0269856 0.0129037 0.00590375 0.00339999 0.00217084 0.00160774 0.00143444 0.00127829 0.000428521
 2.56297e-27 2.58783e-27 3.2567e-26 6.33029e-20 1.5518e-14 4.59825e-10 1.64701e-06 0.000713095 0.0373208 0.236102 0.180939 0.0412845 0.187117 0.172928 0.0417116 0.0520356 0.0224963 0.0166811 0.00599072 0.00224389 0.000988483 0.000561306 0.000414876 0.000348056 0.000120945
 2.56326e-27 2.58854e-27 3.31317e-26 6.44939e-20 1.58099e-14 4.68476e-10 1.678e-06 0.000726511 0.038023 0.240544 0.184336 0.0415767 0.186955 0.172797 0.0420849 0.0527296 0.0197795 0.0113076 0.00544863 0.00249569 0.000696462 0.000243513 0.000128678 9.31282e-05 3.20828e-05
 2.56487e-27 2.59282e-27 3.68164e-26 7.22668e-20 1.77153e-14 5.24937e-10 1.88024e-06 0.000814071 0.0426055 0.269534 0.206469 0.041334 0.169558 0.156597 0.0365842 0.0442276 0.016662 0.00946768 0.00371416 0.00161203 0.000601921 0.000146338 4.18195e-05 2.20005e-05 7.12159e-06
 2.56408e-27 2.59054e-27 3.46643e-26 6.77262e-20 1.66023e-14 4.91955e-10 1.7621e-06 0.000762922 0.0399286 0.2526 0.193564 0.0430301 0.191532 0.176668 0.0364289 0.0387733 0.0142815 0.00769675 0.00301586 0.00119467 0.000383688 0.000110353 2.09027e-05 5.70231e-06 1.55724e-06
 2.56425e-27 2.59098e-27 3.50324e-26 6.85027e-20 1.67926e-14 4.97595e-10 1.7823e-06 0.000771669 0.0403864 0.255496 0.195775 0.0429858 0.189642 0.174954 0.036696 0.0397626 0.0137892 0.00619299 0.00231688 0.000882263 0.00026549 6.72802e-05 1.2937e-05 1.87651e-06 3.30397e-07
 2.56655e-27 2.5971e-27 4.03539e-26 7.97284e-20 1.95444e-14 5.79137e-10 2.07437e-06 0.000898124 0.0470045 0.297364 0.227733 0.0422179 0.161345 0.148674 0.0290093 0.0288206 0.0100632 0.004609 0.00156251 0.000511265 0.000144875 3.40541e-05 5.89259e-06 6.80077e-07 6.23759e-08
 2.56726e-27 2.59889e-27 4.17818e-26 8.27401e-20 2.02827e-14 6.01014e-10 2.15273e-06 0.00093205 0.0487801 0.308597 0.236323 0.0430587 0.161708 0.148745 0.0242624 0.0179286 0.00602522 0.00245662 0.000834599 0.000266745 6.44272e-05 1.36456e-05 2.14861e-06 2.15124e-07 1.24891e-08
 2.56652e-27 2.59685e-27 3.99576e-26 7.88918e-20 1.93394e-14 5.7306e-10 2.05261e-06 0.0008887 0.0465113 0.294244 0.225375 0.0437407 0.17459 0.160624 0.0262148 0.0193624 0.00602132 0.00170284 0.000525653 0.000153951 3.65006e-05 6.7747e-06 9.28125e-07 8.23266e-08 3.75064e-09
 2.56576e-27 2.59481e-27 3.81673e-26 7.51151e-20 1.84136e-14 5.45627e-10 1.95434e-06 0.000846156 0.0442848 0.280158 0.214625 0.044107 0.184931 0.170207 0.0286587 0.022526 0.00701421 0.00197102 0.000529087 0.000112464 2.34933e-05 4.12089e-06 4.97461e-07 3.77766e-08 1.46953e-09
 2.56717e-27 2.59863e-27 4.15416e-26 8.22333e-20 2.01585e-14 5.97333e-10 2.13955e-06 0.000926341 0.0484814 0.306707 0.234882 0.0431987 0.163786 0.150669 0.0247194 0.0184627 0.00581852 0.00175765 0.000475684 9.60711e-05 1.52242e-05 2.11892e-06 2.32119e-07 1.53543e-08 5.07262e-10
 2.56759e-27 2.59973e-27 4.24935e-26 8.42415e-20 2.06508e-14 6.1192e-10 2.19179e-06 0.000948963 0.0496653 0.314196 0.2406 0.0430869 0.158918 0.146139 0.0232387 0.0162201 0.00505058 0.00143891 0.000395832 8.48825e-05 1.31748e-05 1.47904e-06 1.21818e-07 7.00265e-09 1.99079e-10
 2.56551e-27 2.59406e-27 3.74353e-26 7.35705e-20 1.80349e-14 5.34407e-10 1.91416e-06 0.000828757 0.0433741 0.274397 0.210238 0.0448833 0.19392 0.178375 0.0277998 0.0185036 0.00568313 0.00149795 0.000399905 8.22539e-05 1.32851e-05 1.50331e-06 1.02263e-07 4.38142e-09 1.04751e-10
 2.56385e-27 2.58962e-27 3.35788e-26 6.54354e-20 1.60407e-14 4.75314e-10 1.7025e-06 0.000737116 0.038578 0.244055 0.187078 0.0454206 0.214281 0.197312 0.0338409 0.0275142 0.00841358 0.0021018 0.00054366 0.000104045 1.6067e-05 1.82569e-06 1.25285e-07 4.4691e-09 8.01714e-11
 2.56531e-27 2.5936e-27 3.71048e-26 7.28737e-20 1.78641e-14 5.29345e-10 1.89603e-06 0.000820907 0.0429633 0.271798 0.208245 0.0443699 0.191413 0.176196 0.0298316 0.0237041 0.0075367 0.00236673 0.000621391 0.000112813 1.63931e-05 1.7484e-06 1.18307e-07 4.17995e-09 6.26221e-11
 2.56671e-27 2.59732e-27 4.0315e-26 7.96456e-20 1.95241e-14 5.78535e-10 2.07222e-06 0.000897191 0.0469557 0.297055 0.227527 0.0441051 0.175851 0.161676 0.0243797 0.0149135 0.00469201 0.00143783 0.000404637 8.86445e-05 1.27865e-05 1.2775e-06 8.05451e-08 2.77173e-09 4.02803e-11
 2.56668e-27 2.59718e-27 4.01319e-26 7.9259e-20 1.94294e-14 5.75727e-10 2.06216e-06 0.000892836 0.0467278 0.295613 0.226434 0.0446276 0.180595 0.165952 0.0233165 0.0113975 0.00340199 0.000777055 0.000207875 4.56298e-05 7.58477e-06 8.27095e-07 4.93375e-08 1.57928e-09 2.21417e-11
 2.56699e-27 2.59801e-27 4.08648e-26 8.08051e-20 1.98084e-14 5.86958e-10 2.10239e-06 0.000910253 0.0476394 0.30138 0.230835 0.044444 0.176106 0.161806 0.0225058 0.0105868 0.00307204 0.000556189 0.000130398 2.2204e-05 3.53165e-06 4.20815e-07 2.82288e-08 8.78699e-10 1.14895e-11
 2.56675e-27 2.59738e-27 4.03342e-26 7.9686e-20 1.95341e-14 5.78829e-10 2.07327e-06 0.000897646 0.0469796 0.297206 0.227646 0.0443285 0.177468 0.16313 0.023963 0.0135747 0.00394365 0.000686589 0.000151344 2.04595e-05 2.58045e-06 2.63741e-07 1.86839e-08 6.48416e-10 8.43868e-12
 2.56735e-27 2.59898e-27 4.17345e-26 8.26399e-20 2.02582e-14 6.00286e-10 2.15012e-06 0.000930921 0.0487211 0.308223 0.236055 0.0441031 0.169844 0.156045 0.0217883 0.0104045 0.00307197 0.000643822 0.000146321 1.88406e-05 2.04607e-06 1.59145e-07 9.20521e-09 3.2459e-10 4.62903e-12
 2.56727e-27 2.59874e-27 4.14942e-26 8.21329e-20 2.01339e-14 5.96603e-10 2.13693e-06 0.00092521 0.0484222 0.306332 0.234616 0.0444158 0.173235 0.159118 0.0213288 0.00857963 0.00247151 0.000437063 9.98708e-05 1.51057e-05 1.66053e-06 1.14962e-07 5.07818e-09 1.42474e-10 1.9981e-12
 2.56764e-27 2.59974e-27 4.23675e-26 8.39751e-20 2.05855e-14 6.09985e-10 2.18486e-06 0.000945962 0.0495082 0.313203 0.239859 0.04423 0.168137 0.154396 0.0201789 0.00714436 0.00201782 0.000303202 6.40959e-05 8.43025e-06 9.85861e-07 7.53667e-08 3.06214e-09 6.66508e-11 7.37437e-13
 2.56838e-27 2.60177e-27 4.41662e-26 8.77698e-20 2.15157e-14 6.37549e-10 2.28359e-06 0.000988708 0.0517454 0.327356 0.250657 0.0436482 0.156124 0.14332 0.0183944 0.00586315 0.00163377 0.000218853 4.33912e-05 4.87923e-06 5.03024e-07 3.66134e-08 1.63613e-09 3.40955e-11 2.99161e-13
 2.56846e-27 2.60199e-27 4.43727e-26 8.82054e-20 2.16225e-14 6.40713e-10 2.29493e-06 0.000993615 0.0520022 0.32898 0.251896 0.0435337 0.154382 0.141726 0.0183521 0.00616709 0.00171123 0.000209424 3.95284e-05 3.97286e-06 3.64316e-07 2.24536e-08 9.17361e-10 2.0124e-11 1.73129e-13
 2.56785e-27 2.60029e-27 4.28366e-26 8.49647e-20 2.08281e-14 6.17173e-10 2.21061e-06 0.000957109 0.0500916 0.316894 0.242678 0.0442641 0.166416 0.152766 0.0191288 0.00516008 0.00142173 0.000181877 3.44155e-05 3.17248e-06 2.67305e-07 1.43776e-08 4.96725e-10 9.69e-12 8.43506e-14
 2.56761e-27 2.59963e-27 4.22473e-26 8.37215e-20 2.05233e-14 6.08143e-10 2.17827e-06 0.000943106 0.0493587 0.312257 0.239141 0.044458 0.170377 0.156418 0.0197243 0.00559713 0.00152794 0.000163234 2.89901e-05 2.77013e-06 2.28078e-07 1.10901e-08 3.35915e-10 5.51729e-12 4.20668e-14
 2.5678e-27 2.60015e-27 4.2698e-26 8.46722e-20 2.07564e-14 6.15048e-10 2.203e-06 0.000953814 0.0499192 0.315803 0.241847 0.0443866 0.167932 0.154146 0.0190258 0.00457772 0.00124163 0.000137998 2.43356e-05 1.97493e-06 1.54159e-07 7.58273e-09 2.1283e-10 3.05591e-12 1.96487e-14
#obs surv len freq
 1.24631e-41 1.7298e-33 2.9021e-26 5.88539e-20 1.44273e-14 4.27509e-10 1.53127e-06 0.000662986 0.034698 0.21951 0.168348 0.0416855 0.170118 0.142454 0.0894592 0.0847652 0.0334602 0.0121027 0.00245086 0.000271973 1.22443e-05 1.65241e-07 5.06752e-10 2.87441e-13 2.63135e-17
 1.55994e-41 2.16509e-33 3.63239e-26 7.36641e-20 1.80579e-14 5.35088e-10 1.9166e-06 0.000829821 0.0434295 0.274748 0.210561 0.042631 0.141882 0.113076 0.0741204 0.0646867 0.0244582 0.00799707 0.00143615 0.000136568 5.0252e-06 5.23999e-08 1.18974e-10 4.87526e-14 3.18316e-18
 1.29175e-41 1.79286e-33 3.0079e-26 6.09996e-20 1.49533e-14 4.43095e-10 1.58709e-06 0.000687157 0.035963 0.227514 0.174735 0.0517522 0.204066 0.150008 0.0732318 0.0553638 0.0198675 0.00582219 0.00091275 7.23742e-05 2.13582e-06 1.715e-08 2.89091e-11 8.57419e-15 3.99306e-19
 1.55932e-41 2.16423e-33 3.63095e-26 7.36349e-20 1.80507e-14 5.34876e-10 1.91584e-06 0.000829493 0.0434123 0.27464 0.210653 0.0474334 0.149915 0.109653 0.0845726 0.0593428 0.0154066 0.00361989 0.000486662 3.15968e-05 7.30225e-07 4.44543e-09 5.54506e-12 1.19374e-15 3.97929e-20
 1.541e-41 2.13881e-33 3.5883e-26 7.277e-20 1.78387e-14 5.28593e-10 1.89334e-06 0.000819749 0.0429024 0.271415 0.208431 0.055316 0.179849 0.118617 0.063819 0.041593 0.0140748 0.00287695 0.000270307 1.35245e-05 2.40235e-07 1.08909e-09 9.92683e-13 1.54404e-16 3.68752e-21
 1.35071e-41 1.8747e-33 3.1452e-26 6.37839e-20 1.56359e-14 4.6332e-10 1.65954e-06 0.000718522 0.0376046 0.237901 0.183088 0.0612859 0.205607 0.131126 0.0830895 0.0463623 0.0109158 0.00210078 0.000193173 6.83973e-06 8.48983e-08 2.79094e-10 1.83304e-13 2.0379e-17 3.46422e-22
 1.56425e-41 2.17107e-33 3.64243e-26 7.38677e-20 1.81078e-14 5.36567e-10 1.9219e-06 0.000832115 0.0435496 0.27551 0.211776 0.0581031 0.165681 0.105065 0.0833133 0.0439569 0.0105309 0.00156618 0.000109512 3.37332e-06 3.04453e-08 6.7091e-11 3.04575e-14 2.38161e-18 2.85381e-23
 1.72974e-41 2.40077e-33 4.02779e-26 8.16828e-20 2.00236e-14 5.93335e-10 2.12523e-06 0.000920151 0.048157 0.304659 0.234237 0.0627781 0.163331 0.0928098 0.0568023 0.0278694 0.00734525 0.00102909 5.87515e-05 1.30748e-06 9.06761e-09 1.45577e-11 4.44824e-15 2.3306e-19 1.91227e-24
 1.65547e-41 2.29769e-33 3.85485e-26 7.81756e-20 1.91638e-14 5.67859e-10 2.03398e-06 0.000880643 0.0460894 0.291581 0.224653 0.0712134 0.184679 0.0980284 0.0553394 0.0224618 0.0044672 0.00057251 3.10127e-05 5.54575e-07 2.73581e-09 3.13394e-12 6.87473e-16 2.4922e-20 1.37516e-25
 1.53728e-41 2.13365e-33 3.57964e-26 7.25944e-20 1.77957e-14 5.27318e-10 1.88877e-06 0.000817771 0.0427989 0.270767 0.209204 0.0786209 0.199893 0.104527 0.0658344 0.0234173 0.00375104 0.000351816 1.46265e-05 2.23907e-07 8.75779e-10 7.16277e-13 1.08609e-16 2.74931e-21 1.06249e-26
 1.46793e-41 2.0374e-33 3.41816e-26 6.93195e-20 1.69929e-14 5.0353e-10 1.80356e-06 0.00078088 0.0408681 0.258555 0.200317 0.0842971 0.204091 0.107318 0.0747239 0.0248185 0.00392195 0.00029796 8.7023e-06 9.37428e-08 2.81165e-10 1.77506e-13 1.96204e-17 3.45941e-22 9.18675e-28
 1.8832e-41 2.61376e-33 4.38513e-26 8.89295e-20 2.18e-14 6.45975e-10 2.31378e-06 0.00100179 0.0524294 0.331694 0.255776 0.0729432 0.140649 0.0736547 0.0526005 0.0164548 0.0026095 0.000180049 4.36144e-06 3.29597e-08 6.59565e-11 2.92905e-14 2.38089e-18 3.08427e-23 5.86942e-29
 1.568e-41 2.17628e-33 3.65115e-26 7.40447e-20 1.81512e-14 5.37853e-10 1.9265e-06 0.000834108 0.0436539 0.276189 0.215096 0.102297 0.213917 0.0903775 0.0432453 0.0123574 0.00190684 0.00012179 2.6565e-06 1.62998e-08 2.34375e-11 6.9187e-15 3.7478e-19 3.35889e-24 4.55458e-30
 1.27153e-41 1.7648e-33 2.96082e-26 6.00449e-20 1.47193e-14 4.3616e-10 1.56225e-06 0.000676402 0.0354002 0.223983 0.176332 0.113851 0.233724 0.119378 0.0778558 0.016969 0.00173324 9.35597e-05 1.80906e-06 9.4617e-09 1.08882e-11 2.3736e-15 8.86172e-20 5.28618e-25 4.77233e-31
 1.14793e-41 1.59325e-33 2.67302e-26 5.42082e-20 1.32885e-14 3.93763e-10 1.41039e-06 0.000610652 0.0319591 0.202222 0.160464 0.117249 0.226985 0.135363 0.0982687 0.0239705 0.00279689 0.000107758 1.44379e-06 6.03633e-09 5.6398e-12 9.66754e-16 2.72063e-20 1.17061e-25 7.34304e-32
 1.55459e-41 2.15767e-33 3.61994e-26 7.34116e-20 1.7996e-14 5.33254e-10 1.91003e-06 0.000826977 0.0432807 0.273844 0.21447 0.100739 0.165499 0.104648 0.0745622 0.0195254 0.00249993 0.000101805 1.17682e-06 3.35772e-09 2.2161e-12 2.8764e-16 6.20093e-21 2.01568e-26 9.36048e-33
 1.41019e-41 1.95725e-33 3.28369e-26 6.65926e-20 1.63244e-14 4.83722e-10 1.73261e-06 0.000750161 0.0392605 0.24844 0.198093 0.135954 0.215079 0.0968459 0.051168 0.0127527 0.00158648 6.60345e-05 7.62084e-07 1.93362e-09 9.49916e-13 8.39025e-17 1.25743e-21 2.95984e-27 1.01461e-33
 1.46532e-41 2.03377e-33 3.41207e-26 6.9196e-20 1.69626e-14 5.02633e-10 1.80035e-06 0.000779489 0.0407954 0.258161 0.205848 0.130013 0.189931 0.107258 0.0566415 0.00965163 0.000886596 3.3151e-05 3.57448e-07 8.42019e-10 3.6312e-13 2.56601e-17 2.79534e-22 4.52834e-28 1.06226e-34
 1.4408e-41 1.99974e-33 3.35498e-26 6.80384e-20 1.66788e-14 4.94223e-10 1.77023e-06 0.000766448 0.0401129 0.253873 0.204675 0.14454 0.195866 0.101375 0.049024 0.00903938 0.000707972 1.78748e-05 1.47591e-07 2.94837e-10 1.09375e-13 6.5393e-18 5.81763e-23 7.33765e-29 1.27396e-35
 1.55886e-41 2.1636e-33 3.62988e-26 7.36132e-20 1.80454e-14 5.34719e-10 1.91528e-06 0.000829248 0.0433997 0.274685 0.22126 0.141428 0.175056 0.0948229 0.0415027 0.00654177 0.000463366 1.03552e-05 6.14958e-08 8.51593e-11 2.38772e-14 1.13523e-18 8.11937e-24 8.1854e-30 1.12016e-36
 1.50753e-41 2.09235e-33 3.51035e-26 7.11893e-20 1.74512e-14 5.17111e-10 1.85221e-06 0.000801943 0.0419707 0.265698 0.217577 0.160598 0.184693 0.0891836 0.034196 0.0049772 0.000297487 5.47039e-06 2.68304e-08 2.80132e-11 5.42414e-15 1.78926e-19 9.29479e-25 7.05004e-31 7.37744e-38
 1.54972e-41 2.15091e-33 3.6086e-26 7.31818e-20 1.79397e-14 5.31585e-10 1.90405e-06 0.000824388 0.0431455 0.273168 0.22468 0.160192 0.172593 0.090151 0.0312325 0.0038172 0.000191837 2.92163e-06 1.12962e-08 9.17067e-12 1.34786e-15 3.20544e-20 1.15257e-25 6.01051e-32 4.40033e-39
 1.55657e-41 2.16042e-33 3.62455e-26 7.35052e-20 1.80189e-14 5.33933e-10 1.91246e-06 0.00082803 0.0433364 0.274444 0.228645 0.170946 0.170241 0.0826527 0.0258357 0.00294429 0.000122764 1.46346e-06 4.40421e-09 2.73064e-12 3.00884e-16 5.32183e-21 1.40662e-26 5.28022e-33 2.7198e-40
 1.59441e-41 2.21294e-33 3.71266e-26 7.5292e-20 1.84569e-14 5.46913e-10 1.95895e-06 0.00084816 0.04439 0.281182 0.236172 0.174414 0.162139 0.0775238 0.0211999 0.00205599 7.26995e-05 7.09661e-07 1.63021e-09 7.50903e-13 6.11967e-17 7.95487e-22 1.53481e-27 4.18972e-34 1.56465e-41
 1.59151e-41 2.20892e-33 3.70591e-26 7.51552e-20 1.84234e-14 5.45919e-10 1.95539e-06 0.000846618 0.0443097 0.280782 0.239552 0.184024 0.159553 0.0719386 0.0174623 0.00148683 4.29323e-05 3.32811e-07 5.97783e-10 2.07997e-13 1.24002e-17 1.16416e-22 1.61937e-28 3.18615e-35 8.56408e-43
 1.37151e-41 1.90357e-33 3.19364e-26 6.47663e-20 1.58767e-14 4.70456e-10 1.6851e-06 0.000729589 0.0381855 0.242269 0.218646 0.217072 0.183305 0.0810372 0.0174367 0.00128689 3.08868e-05 1.90757e-07 2.61957e-10 6.84891e-14 3.03369e-18 2.08329e-23 2.08818e-29 2.93409e-36 5.61483e-44
 1.40439e-41 1.9492e-33 3.27018e-26 6.63186e-20 1.62572e-14 4.81731e-10 1.72548e-06 0.000747075 0.0391012 0.248161 0.224164 0.205688 0.176388 0.0875437 0.0171021 0.0010822 2.11101e-05 1.02711e-07 1.08092e-10 2.11097e-14 6.8627e-19 3.4321e-24 2.49527e-30 2.53107e-37 3.47569e-45
 1.46841e-41 2.03805e-33 3.41925e-26 6.93418e-20 1.69983e-14 5.03691e-10 1.80414e-06 0.000781131 0.0408835 0.259421 0.232123 0.202854 0.16898 0.0781282 0.0157712 0.00103816 1.85852e-05 7.75875e-08 6.80395e-11 1.09174e-14 2.88907e-19 1.16698e-24 6.81312e-31 5.53351e-38 6.07979e-46
#pred catch len freq
 2.55845e-27 2.57539e-27 2.15214e-26 4.00013e-20 9.80585e-15 2.90565e-10 1.04075e-06 0.000450607 0.0235831 0.149194 0.114629 0.0444886 0.258087 0.238157 0.0483655 0.050717 0.0209835 0.0151408 0.00915435 0.00688918 0.00538307 0.00465481 0.00468286 0.00416487 0.00127307
 2.56004e-27 2.5801e-27 2.59974e-26 4.94449e-20 1.21208e-14 3.59161e-10 1.28646e-06 0.000556986 0.0291506 0.184416 0.141462 0.0406318 0.209886 0.19459 0.0573498 0.0820738 0.0289122 0.0137293 0.00627545 0.00361258 0.00230643 0.00170814 0.00152402 0.00135811 0.00045528
 2.56069e-27 2.58162e-27 2.70778e-26 5.1723e-20 1.26793e-14 3.75709e-10 1.34573e-06 0.000582649 0.0304937 0.192912 0.147986 0.0429261 0.222762 0.205798 0.0471067 0.0560934 0.0241529 0.0178063 0.00639097 0.00239258 0.00105389 0.00059844 0.000442323 0.000371081 0.000128946
 2.56109e-27 2.58265e-27 2.79185e-26 5.34963e-20 1.3114e-14 3.88591e-10 1.39187e-06 0.000602625 0.0315392 0.199526 0.153041 0.0431881 0.221205 0.204377 0.0472156 0.0564944 0.0211255 0.0119977 0.00577613 0.00264472 0.000737998 0.00025803 0.000136348 9.86798e-05 3.39953e-05
 2.56277e-27 2.58709e-27 3.17406e-26 6.15588e-20 1.50904e-14 4.47156e-10 1.60164e-06 0.000693447 0.0362925 0.229597 0.175998 0.0429024 0.202902 0.187342 0.0415946 0.0479288 0.0179986 0.0101604 0.00398278 0.00172781 0.000645105 0.000156834 4.48189e-05 2.35785e-05 7.63237e-06
 2.56231e-27 2.5857e-27 3.03512e-26 5.86272e-20 1.43717e-14 4.2586e-10 1.52536e-06 0.000660423 0.0345642 0.218663 0.167675 0.0445475 0.221268 0.204051 0.040236 0.0405671 0.0148943 0.00797362 0.00312179 0.00123607 0.000396951 0.000114166 2.16247e-05 5.8993e-06 1.61104e-06
 2.56277e-27 2.58693e-27 3.14263e-26 6.08951e-20 1.49277e-14 4.42335e-10 1.58437e-06 0.000685971 0.0359012 0.227122 0.17413 0.0443179 0.214986 0.198281 0.0397353 0.0408221 0.0141177 0.00629632 0.00235336 0.000895732 0.000269521 6.83003e-05 1.31331e-05 1.90496e-06 3.35406e-07
 2.56542e-27 2.59401e-27 3.75846e-26 7.38864e-20 1.81124e-14 5.36701e-10 1.92237e-06 0.000832315 0.0435604 0.275575 0.211112 0.0432821 0.181121 0.166868 0.0312295 0.0293037 0.0102019 0.00464018 0.00157173 0.000514017 0.000145641 3.42335e-05 5.92362e-06 6.83657e-07 6.27042e-08
 2.56605e-27 2.59556e-27 3.88047e-26 7.64595e-20 1.87431e-14 5.55392e-10 1.98932e-06 0.000861301 0.0450774 0.285172 0.218455 0.0442086 0.183013 0.168344 0.0266272 0.0183878 0.00616001 0.00249374 0.000846408 0.000270381 6.52995e-05 1.383e-05 2.17764e-06 2.18031e-07 1.26579e-08
 2.56534e-27 2.59361e-27 3.70579e-26 7.27744e-20 1.78398e-14 5.28624e-10 1.89344e-06 0.000819789 0.0429048 0.271428 0.207971 0.0448814 0.195498 0.179854 0.0284627 0.0196473 0.00609439 0.00171079 0.000527439 0.000154391 3.66012e-05 6.79319e-06 9.30656e-07 8.2551e-08 3.76086e-09
 2.56492e-27 2.5925e-27 3.60953e-26 7.0744e-20 1.7342e-14 5.13876e-10 1.84062e-06 0.000796916 0.0417077 0.263855 0.20219 0.0449938 0.200415 0.184434 0.0300507 0.0221178 0.00687038 0.00191639 0.000513812 0.000109151 2.27984e-05 3.9989e-06 4.82732e-07 3.6658e-08 1.42602e-09
 2.56615e-27 2.59583e-27 3.90274e-26 7.69295e-20 1.88583e-14 5.58806e-10 2.00155e-06 0.000866595 0.0453544 0.286925 0.219793 0.0442015 0.182019 0.167435 0.0266275 0.0185928 0.0058441 0.00175243 0.000473747 9.56233e-05 1.51513e-05 2.1087e-06 2.30998e-07 1.52801e-08 5.04812e-10
 2.5666e-27 2.59702e-27 4.00619e-26 7.91116e-20 1.93932e-14 5.74657e-10 2.05832e-06 0.000891175 0.0466409 0.295063 0.226005 0.0440582 0.176563 0.162364 0.0250793 0.0163325 0.00507198 0.00143437 0.000394115 8.44651e-05 1.31084e-05 1.47154e-06 1.21199e-07 6.96708e-09 1.98068e-10
 2.56454e-27 2.59139e-27 3.50401e-26 6.85177e-20 1.67963e-14 4.97704e-10 1.78269e-06 0.000771837 0.0403952 0.255552 0.195864 0.0458766 0.211578 0.194605 0.0295013 0.0182973 0.00560479 0.0014664 0.000390988 8.03721e-05 1.29795e-05 1.46868e-06 9.99065e-08 4.28047e-09 1.02337e-10
 2.56335e-27 2.58823e-27 3.23178e-26 6.27749e-20 1.53885e-14 4.55989e-10 1.63328e-06 0.000707147 0.0370095 0.234133 0.179512 0.0460902 0.224692 0.206851 0.0342901 0.026136 0.00797444 0.00197741 0.000510811 9.76999e-05 1.50851e-05 1.71405e-06 1.17623e-07 4.19581e-09 7.52687e-11
 2.56508e-27 2.59295e-27 3.64959e-26 7.15891e-20 1.75492e-14 5.20014e-10 1.8626e-06 0.000806436 0.042206 0.267007 0.204594 0.0448027 0.197272 0.181545 0.0297334 0.0221309 0.00701834 0.00218784 0.000573826 0.000104115 1.5127e-05 1.61332e-06 1.09165e-07 3.85696e-09 5.77832e-11
 2.56666e-27 2.59715e-27 4.01435e-26 7.92837e-20 1.94354e-14 5.75907e-10 2.0628e-06 0.000893114 0.0467424 0.295705 0.2265 0.0443183 0.178195 0.163802 0.0240818 0.0136972 0.00429612 0.00130686 0.000367368 8.04338e-05 1.16008e-05 1.15899e-06 7.30729e-08 2.51459e-09 3.65435e-11
 2.56673e-27 2.59729e-27 4.02174e-26 7.94394e-20 1.94736e-14 5.77038e-10 2.06685e-06 0.000894868 0.0468342 0.296286 0.226949 0.0447127 0.18088 0.16619 0.0228847 0.0103525 0.00308001 0.000698323 0.000186539 4.09224e-05 6.80147e-06 7.41655e-07 4.42405e-08 1.41612e-09 1.98543e-11
 2.5666e-27 2.59692e-27 3.98803e-26 7.87281e-20 1.92993e-14 5.71871e-10 2.04835e-06 0.000886856 0.0464149 0.293633 0.224927 0.0449057 0.18377 0.168839 0.023034 0.0100208 0.00289872 0.000521008 0.000121933 2.07497e-05 3.29984e-06 3.93179e-07 2.63748e-08 8.20987e-10 1.07349e-11
 2.56674e-27 2.59734e-27 4.02865e-26 7.95852e-20 1.95094e-14 5.78097e-10 2.07065e-06 0.000896511 0.0469201 0.29683 0.227361 0.0444795 0.178817 0.164342 0.0235812 0.0123994 0.00359289 0.000621018 0.000136644 1.84606e-05 2.32792e-06 2.3792e-07 1.68546e-08 5.84929e-10 7.61245e-12
 2.56752e-27 2.59944e-27 4.2133e-26 8.34806e-20 2.04643e-14 6.06393e-10 2.172e-06 0.000940392 0.0492167 0.311359 0.238448 0.0440642 0.167867 0.154201 0.021112 0.00932605 0.00274467 0.000571008 0.00012958 1.66746e-05 1.81052e-06 1.40817e-07 8.14501e-09 2.87205e-10 4.09588e-12
 2.56767e-27 2.59983e-27 4.24576e-26 8.41653e-20 2.06321e-14 6.11366e-10 2.18981e-06 0.000948105 0.0496204 0.313912 0.2404 0.0441462 0.16712 0.15347 0.0202362 0.00751007 0.00215559 0.000378443 8.63202e-05 1.30481e-05 1.43412e-06 9.92821e-08 4.38551e-09 1.2304e-10 1.72555e-12
 2.56812e-27 2.60105e-27 4.35292e-26 8.64259e-20 2.11863e-14 6.27787e-10 2.24863e-06 0.00097357 0.0509532 0.322344 0.246833 0.0438664 0.16047 0.147324 0.0189793 0.00618975 0.0017413 0.00025981 5.48082e-05 7.20411e-06 8.42318e-07 6.43904e-08 2.61615e-09 5.69433e-11 6.30031e-13
 2.56863e-27 2.60243e-27 4.47535e-26 8.90087e-20 2.18194e-14 6.46548e-10 2.31583e-06 0.00100266 0.0524758 0.331977 0.254183 0.0434843 0.152399 0.139879 0.0177227 0.00519802 0.0014422 0.000191865 3.79521e-05 4.26491e-06 4.39599e-07 3.19954e-08 1.42975e-09 2.97947e-11 2.61425e-13
 2.569e-27 2.60344e-27 4.56609e-26 9.09229e-20 2.22886e-14 6.60453e-10 2.36563e-06 0.00102423 0.0536044 0.339116 0.259628 0.04311 0.145725 0.133745 0.0170841 0.00528534 0.00146067 0.000177563 3.343e-05 3.35782e-06 3.07845e-07 1.89722e-08 7.75116e-10 1.70036e-11 1.46284e-13
 2.56845e-27 2.60194e-27 4.43008e-26 8.80536e-20 2.15853e-14 6.3961e-10 2.29098e-06 0.000991906 0.0519128 0.328414 0.251467 0.0437553 0.156369 0.143511 0.0177764 0.00440673 0.001208 0.000153487 2.89737e-05 2.6692e-06 2.24844e-07 1.20931e-08 4.17793e-10 8.15019e-12 7.09466e-14
 2.56847e-27 2.60198e-27 4.43385e-26 8.81332e-20 2.16048e-14 6.40188e-10 2.29305e-06 0.000992802 0.0519597 0.328711 0.251693 0.043716 0.155911 0.143096 0.0178394 0.0046537 0.00126442 0.000134217 2.37677e-05 2.26967e-06 1.86829e-07 9.08389e-09 2.75143e-10 4.51912e-12 3.44562e-14
 2.56907e-27 2.60361e-27 4.57877e-26 9.11902e-20 2.23542e-14 6.62395e-10 2.37259e-06 0.00102724 0.053762 0.340113 0.260392 0.0432424 0.146195 0.134138 0.0163983 0.00362363 0.000977333 0.000107918 1.89785e-05 1.53925e-06 1.20117e-07 5.90793e-09 1.6582e-10 2.38091e-12 1.53086e-14
#obs catch len freq
 5.97027e-42 8.28635e-34 1.39021e-26 2.81931e-20 6.91121e-15 2.04792e-10 7.33531e-07 0.000317593 0.0166216 0.105154 0.081061 0.0423216 0.226674 0.19144 0.131926 0.127726 0.052571 0.0196021 0.00409305 0.000468747 2.20799e-05 3.13888e-07 1.0099e-09 5.96529e-13 5.65012e-17
 6.81808e-42 9.46304e-34 1.58762e-26 3.21966e-20 7.89263e-15 2.33873e-10 8.37695e-07 0.000362693 0.0189819 0.120087 0.092576 0.0461299 0.229864 0.184612 0.129323 0.114646 0.0449623 0.0152711 0.00288669 0.000285773 1.09219e-05 1.18836e-07 2.81943e-10 1.20239e-13 8.12339e-18
 1.03292e-41 1.43362e-33 2.40519e-26 4.87768e-20 1.19571e-14 3.5431e-10 1.26908e-06 0.000549468 0.028757 0.181926 0.139866 0.0481314 0.201859 0.154081 0.110163 0.089287 0.0333644 0.0101743 0.0016939 0.000142495 4.40676e-06 3.67437e-08 6.42114e-11 1.9726e-14 9.48999e-19
 8.85124e-42 1.22849e-33 2.06105e-26 4.17977e-20 1.02462e-14 3.03614e-10 1.0875e-06 0.000470849 0.0246423 0.155897 0.120326 0.0600825 0.262053 0.182843 0.0954223 0.0671518 0.0236852 0.00643147 0.000927125 6.44916e-05 1.5861e-06 1.01096e-08 1.30512e-11 2.89378e-15 9.91506e-20
 1.21625e-41 1.68808e-33 2.8321e-26 5.74344e-20 1.40794e-14 4.17197e-10 1.49433e-06 0.000646995 0.0338611 0.214218 0.164759 0.0540668 0.193888 0.135981 0.11013 0.0702767 0.0177727 0.00389241 0.000477473 2.69524e-05 5.15043e-07 2.47392e-09 2.35308e-12 3.77663e-16 9.24825e-21
 1.28713e-41 1.78645e-33 2.99714e-26 6.07813e-20 1.48998e-14 4.41509e-10 1.58141e-06 0.000684698 0.0358344 0.226702 0.174605 0.063582 0.219786 0.137448 0.076888 0.0463154 0.0151194 0.00278438 0.000238822 1.03646e-05 1.5111e-07 5.37614e-10 3.72327e-13 4.30714e-17 7.54496e-22
 1.17233e-41 1.62711e-33 2.72982e-26 5.53602e-20 1.35709e-14 4.02131e-10 1.44037e-06 0.000623629 0.0326383 0.206484 0.159454 0.0696111 0.235618 0.143038 0.092817 0.046978 0.0106937 0.00188542 0.000153291 4.64542e-06 4.73506e-08 1.21751e-10 6.05769e-14 4.99892e-18 6.22447e-23
 1.45224e-41 2.01562e-33 3.38161e-26 6.85785e-20 1.68112e-14 4.98147e-10 1.78428e-06 0.000772531 0.0404312 0.255784 0.197026 0.0646974 0.184814 0.11251 0.0897834 0.042968 0.00981565 0.00131191 8.21176e-05 2.13413e-06 1.55787e-08 2.68289e-11 9.22165e-15 5.34533e-19 4.68679e-24
 1.67354e-41 2.32276e-33 3.89692e-26 7.90287e-20 1.9373e-14 5.74056e-10 2.05618e-06 0.000890253 0.0465923 0.294762 0.227 0.0688538 0.175334 0.0948168 0.0582112 0.0261699 0.00651463 0.000810755 4.06082e-05 7.61905e-07 4.25523e-09 5.29248e-12 1.22208e-15 4.74722e-20 2.84883e-25
 1.64639e-41 2.28508e-33 3.8337e-26 7.77467e-20 1.90587e-14 5.64744e-10 2.02282e-06 0.000875812 0.0458365 0.289983 0.22379 0.0769459 0.189554 0.0956071 0.0535574 0.019692 0.00371009 0.000425331 1.98997e-05 2.95044e-07 1.16567e-09 1.03301e-12 1.70711e-16 4.58292e-21 1.85058e-26
 1.56256e-41 2.16873e-33 3.6385e-26 7.37879e-20 1.80882e-14 5.35988e-10 1.91982e-06 0.000831216 0.0435025 0.275221 0.213005 0.0840535 0.199423 0.099735 0.0613915 0.0196368 0.00294394 0.000245159 8.86687e-06 1.11761e-07 3.45838e-10 2.17614e-13 2.48276e-17 4.64968e-22 1.31426e-27
 1.52097e-41 2.11101e-33 3.54166e-26 7.18241e-20 1.76068e-14 5.21722e-10 1.86872e-06 0.000809093 0.0423447 0.2679 0.207887 0.0892691 0.199467 0.101115 0.0677478 0.0202957 0.00296131 0.000196431 4.94499e-06 4.3955e-08 1.0417e-10 5.02906e-14 4.16636e-18 5.42911e-23 1.05423e-28
 1.92863e-41 2.67681e-33 4.49091e-26 9.10747e-20 2.23259e-14 6.61557e-10 2.36959e-06 0.00102595 0.0536942 0.339698 0.262223 0.0761981 0.135902 0.0690336 0.0468836 0.0132943 0.00192646 0.000115171 2.36352e-06 1.45794e-08 2.30455e-11 7.82915e-15 4.75928e-19 4.54632e-24 6.32206e-30
 1.62293e-41 2.25252e-33 3.77908e-26 7.66389e-20 1.87871e-14 5.56697e-10 1.994e-06 0.000863332 0.0451834 0.285871 0.223093 0.107235 0.205542 0.0827957 0.0380389 0.00991332 0.00138509 7.63547e-05 1.39489e-06 6.9006e-09 7.76861e-12 1.75088e-15 7.09471e-20 4.68471e-25 4.63401e-31
 1.33519e-41 1.85316e-33 3.10906e-26 6.30511e-20 1.54562e-14 4.57997e-10 1.64047e-06 0.000710267 0.0371726 0.235204 0.185721 0.120183 0.225929 0.112566 0.0679843 0.0132332 0.00123575 5.77921e-05 9.29033e-07 3.88551e-09 3.47167e-12 5.74629e-16 1.6019e-20 7.04247e-26 4.63882e-32
 1.21803e-41 1.69054e-33 2.83623e-26 5.75182e-20 1.40999e-14 4.17806e-10 1.49651e-06 0.000647939 0.0339106 0.214579 0.170857 0.124 0.219961 0.129395 0.0856924 0.018944 0.00194657 6.38698e-05 7.16879e-07 2.39325e-09 1.7261e-12 2.23506e-16 4.68075e-21 1.48255e-26 6.78929e-33
 1.63267e-41 2.26603e-33 3.80174e-26 7.70986e-20 1.88998e-14 5.60036e-10 2.00596e-06 0.00086851 0.0454544 0.287605 0.225696 0.104528 0.157205 0.0981964 0.0635086 0.0151824 0.00169538 5.81731e-05 5.48786e-07 1.24508e-09 6.35348e-13 6.21386e-17 9.93605e-22 2.37184e-27 8.03144e-34
 1.48861e-41 2.0661e-33 3.4663e-26 7.02959e-20 1.72322e-14 5.10622e-10 1.82897e-06 0.000791879 0.0414439 0.26227 0.20977 0.140535 0.202465 0.0886591 0.0431376 0.00982335 0.00106391 3.71796e-05 3.46087e-07 6.87754e-10 2.58918e-13 1.72161e-17 1.91221e-22 3.29786e-28 8.22407e-35
 1.54875e-41 2.14956e-33 3.60634e-26 7.31359e-20 1.79284e-14 5.31251e-10 1.90286e-06 0.000823871 0.0431182 0.272875 0.21819 0.133717 0.178525 0.0985233 0.0464698 0.00715654 0.000580301 1.82156e-05 1.57611e-07 2.88378e-10 9.4456e-14 4.99381e-18 4.02436e-23 4.77771e-29 8.14882e-36
 1.52713e-41 2.11956e-33 3.556e-26 7.2115e-20 1.76781e-14 5.23836e-10 1.87629e-06 0.000812371 0.0425164 0.269104 0.217624 0.147856 0.182908 0.0920791 0.0400201 0.00662522 0.000444248 9.4224e-06 6.27599e-08 9.70465e-11 2.719e-14 1.20945e-18 7.92611e-24 7.31242e-30 9.23505e-37
 1.64707e-41 2.28602e-33 3.83528e-26 7.77786e-20 1.90665e-14 5.64976e-10 2.02365e-06 0.000876171 0.0458555 0.29025 0.234415 0.143334 0.162162 0.0850081 0.0331279 0.00468019 0.000283662 5.22771e-06 2.47761e-08 2.66096e-11 5.63041e-15 1.98442e-19 1.04136e-24 7.6527e-31 7.59921e-38
 1.59665e-41 2.21605e-33 3.71788e-26 7.53979e-20 1.84829e-14 5.47683e-10 1.96171e-06 0.000849353 0.0444521 0.281436 0.231167 0.162071 0.170249 0.0790726 0.0270234 0.00349732 0.000177306 2.68089e-06 1.04047e-08 8.35213e-12 1.21811e-15 2.97745e-20 1.13231e-25 6.24022e-32 4.7233e-39
 1.64136e-41 2.27811e-33 3.822e-26 7.75093e-20 1.90005e-14 5.63019e-10 2.01664e-06 0.000873137 0.045697 0.289357 0.238641 0.16069 0.158688 0.0791167 0.0242055 0.00261753 0.000111124 1.38013e-06 4.20024e-09 2.61038e-12 2.87697e-16 5.05944e-21 1.33172e-26 5.0438e-33 2.66591e-40
 1.64902e-41 2.28873e-33 3.83982e-26 7.78709e-20 1.90891e-14 5.65646e-10 2.02605e-06 0.000877211 0.0459104 0.29079 0.242898 0.170449 0.155585 0.0716537 0.0197902 0.00197517 6.88695e-05 6.66388e-07 1.57097e-09 7.42434e-13 6.11642e-17 7.98035e-22 1.54155e-27 4.20183e-34 1.56398e-41
 1.68702e-41 2.34147e-33 3.9283e-26 7.96653e-20 1.9529e-14 5.7868e-10 2.07274e-06 0.000897424 0.0469686 0.297568 0.250521 0.172865 0.147534 0.0663177 0.0159393 0.00134712 3.96201e-05 3.11104e-07 5.56756e-10 1.94876e-13 1.18425e-17 1.13317e-22 1.5953e-28 3.15785e-35 8.51305e-43
 1.68416e-41 2.33751e-33 3.92165e-26 7.95303e-20 1.94959e-14 5.777e-10 2.06923e-06 0.000895904 0.0468895 0.297196 0.254108 0.181544 0.144611 0.0608349 0.0129443 0.00095177 2.27048e-05 1.4088e-07 1.96081e-10 5.16286e-14 2.28993e-18 1.58004e-23 1.60136e-29 2.2818e-36 4.4231e-44
 1.46739e-41 2.03664e-33 3.41688e-26 6.92936e-20 1.69865e-14 5.03341e-10 1.80289e-06 0.000780589 0.0408553 0.259302 0.234557 0.214969 0.167428 0.0684254 0.0128529 0.000813275 1.60188e-05 7.86526e-08 8.33243e-11 1.64319e-14 5.40083e-19 2.72151e-24 1.98595e-30 2.01973e-37 2.78542e-45
 1.50214e-41 2.08487e-33 3.4978e-26 7.09347e-20 1.73888e-14 5.15262e-10 1.84559e-06 0.000799076 0.0418225 0.265336 0.23553 0.19753 0.166668 0.0774808 0.0140166 0.000800217 1.36945e-05 5.71147e-08 5.04888e-11 8.16512e-15 2.17543e-19 8.85216e-25 5.21019e-31 4.26358e-38 4.7115e-46
#spawning biomass
 19322.7 18226 19121.2 21465 26246.2 32012.5 35176 42816.8 57748.7 77636 93403.4 111178 156243 187302 176169 146772 139439 137107 134103 147396 151871 152772 147654 152913 179006 180410 167926 143901 128194 124518 63244 34627.3 23786.4 20145.4 19013.2 18679.1 18584 18557.7 18550.6 18548.7 18548.2 18548 18548 18548 18548 18548 18548 18548 18548 18548 18548 18548 18548 18548 18548 18548 18548 18548 18548 18548 18548 18548 18548 18548 18548 18548 18548 18548 18548 18548 18548 18548 18548 18548 18548 18548 18548 18548 18548 18548 18548 18548 18548 18548 18548 18548 18548 18548 18548 18548 18548 18548 18548 18548 18548 18548 18548 18548 18548 18548 18548 18548 18548 18548 18548 18548 18548 18548 18548 18548 18548 18548 18548 18548 18548 18548 18548 18548 18548 18548 18548 18548 18548 18548 18548 18548 18548 18548 0 0 0 0 0 0 0 0 0 0 0 0 0 0 0 0 0 0 0 0 0 0 0 0 0
