SBPRF35
0.224663
Curr Bio
32838.4
B35
176334
F35
0.329343
FOFL
0.162736
OFL
23596.8
Bzero
64189.3
#pred survey bio
 5858.38 7914 8272.28 7911.35 10600.8 14591.4 16095.4 19432.9 32558.4 55734.9 71003.2 89872.9 111009 147111 152769 133050 127094 119335 121983 129376 124361 136166 144139 155526 180917 181280 186796 157387 105741 6.94228e+06 3.91193e+06 2.98101e+06 2.163e+06 1.5987e+06 1.2522e+06 1.05224e+06 940524 878966 845075 826257 815645 809540 805946 803779 802444 801610 801078 800735 800511 800363 800265 800199 800156 800126 800106 800093 800084 800078 800074 800071 800069 800068 800067 800066 800066 800066 800066 800065 800065 800065 800065 800065 800065 800065 800065 800065 800065 800065 800065 800065 800065 800065 800065 800065 800065 800065 800065 800065 800065 800065 800065 800065 800065 800065 800065 800065 800065 800065 800065 800065 800065 800065 800065 800065 800065 800065 800065 800065 800065 800065 800065 800065 800065 800065 800065 800065 800065 800065 800065 800065 800065 800065 800065 800065 800065 800065 800065 800065 800065 0 0 0 0 0 0 0 0 0 0 0 0 0 0 0 0 0 0 0 0 0 0 0 0 0
#obs survey bio
 5234.11 9839.82 4636.94 7145.04 11615.7 13356.7 10960.9 25438.1 60762.4 78433.6 90439.3 130247 135255 131103 135934 133056 107388 90144.9 93974.5 99223.7 137160 123677 168094 130258 223452 133920 161254 150087 166384
#pred catch bio
 3025.14 5116.7 5737.02 5324.08 6857.72 9872.08 11228.7 12397.3 18266.4 35604.2 46002.3 60163.7 70199.8 97084 106128 91112.4 89182.6 81523.2 81152.8 91350.2 82860.6 90476 94211.5 98894.1 119993 113419 124042 112626 1.26534 23596.8 42731.5 31792.5 22459.6 16191.5 12460.7 10390.3 9290.3 8722.17 8434.17 8290.01 8218.46 8183.17 8165.82 8157.32 8153.16 8151.14 8150.15 8149.67 8149.44 8149.32 8149.27 8149.24 8149.23 8149.22 8149.22 8149.22 8149.22 8149.22 8149.22 8149.22 8149.22 8149.22 8149.22 8149.22 8149.22 8149.22 8149.22 8149.22 8149.22 8149.22 8149.22 8149.22 8149.22 8149.22 8149.22 8149.22 8149.22 8149.22 8149.22 8149.22 8149.22 8149.22 8149.22 8149.22 8149.22 8149.22 8149.22 8149.22 8149.22 8149.22 8149.22 8149.22 8149.22 8149.22 8149.22 8149.22 8149.22 8149.22 8149.22 8149.22 8149.22 8149.22 8149.22 8149.22 8149.22 8149.22 8149.22 8149.22 8149.22 8149.22 8149.22 8149.22 8149.22 8149.22 8149.22 8149.22 8149.22 8149.22 8149.22 8149.22 8149.22 8149.22 8149.22 8149.22 8149.22 8149.22 8149.22 8149.22 8149.22 0 0 0 0 0 0 0 0 0 0 0 0 0 0 0 0 0 0 0 0 0 0 0 0 0
#obs catch bio
 5695.04 5072.36 5942.14 5362.78 6759.85 9868.88 11487.7 12180.3 17331.4 34287.1 44675.9 58582.2 69000.6 96983.2 106962 92375.8 91356.7 83137.2 81557.8 94077.1 83637.5 90951.7 93325.2 98933.1 120747 114407 124575 118540 1.15983
#pred cpue bio
 5374.13 6998.28 7347.85 6976.63 9175.15 12738 14166.2 16847.5 28070.1 48781.9 62343.3 78700.8 96912.7 129028 135685 118307 112378 105267 107532 114326 109348 120038 127427 137587 159749 161039 167130 141580 95235.6 6.57461e+06 3.88169e+06 2.95076e+06 2.13275e+06 1.56846e+06 1.22196e+06 1.02199e+06 910280 848722 814831 796012 785400 779295 775702 773535 772200 771365 770834 770491 770266 770118 770020 769955 769911 769881 769862 769848 769839 769833 769829 769826 769824 769823 769822 769822 769821 769821 769821 769821 769821 769821 769821 769821 769821 769821 769821 769821 769820 769820 769820 769820 769820 769820 769820 769820 769820 769820 769820 769820 769820 769820 769820 769820 769820 769820 769820 769820 769820 769820 769820 769820 769820 769820 769820 769820 769820 769820 769820 769820 769820 769820 769820 769820 769820 769820 769820 769820 769820 769820 769820 769820 769820 769820 769820 769820 769820 769820 769820 769820 769820 0 0 0 0 0 0 0 0 0 0 0 0 0 0 0 0 0 0 0 0 0 0 0 0 0
#obs cpue bio
 5124.81 7926.69 5479.5 8067.33 11975.5 12768.5 12822.4 21947.5 49150.8 50695.9 71107.9 82234.8 95306.8 136004 130630 90956.3 87191.3 103272 137082 86266.8 91704.7 126144 140051 146981 119959 174991 201151 143123 110801
#pred surv len freq
 2.14716e-27 2.17667e-27 6.971e-27 1.64057e-21 9.75711e-17 1.33411e-12 4.19379e-09 3.03087e-06 0.000503574 0.0192362 0.168933 0.341079 0.158677 0.0263981 0.0584503 0.0819051 0.0328997 0.0252624 0.022326 0.0149645 0.0125544 0.0108486 0.0111946 0.0103975 0.00436696
 2.14894e-27 2.18205e-27 7.59058e-27 1.85083e-21 1.10076e-16 1.50509e-12 4.73128e-09 3.41931e-06 0.000568114 0.0217016 0.190584 0.384792 0.178932 0.0276314 0.0528087 0.0737019 0.0270863 0.0136091 0.0108052 0.00575169 0.0039725 0.00279865 0.00239527 0.00201961 0.000837741
 2.14804e-27 2.18001e-27 7.37986e-27 1.77935e-21 1.05825e-16 1.44696e-12 4.54855e-09 3.28725e-06 0.000546172 0.0208634 0.183223 0.369932 0.172124 0.0292871 0.0673962 0.0941822 0.0333257 0.0127262 0.00907054 0.00350218 0.0017559 0.000914698 0.000580924 0.000406525 0.000159506
 2.14861e-27 2.18146e-27 7.53803e-27 1.83302e-21 1.09017e-16 1.49061e-12 4.68576e-09 3.38641e-06 0.000562647 0.0214927 0.18875 0.38109 0.177257 0.0286064 0.0598782 0.0836301 0.0302445 0.0136158 0.00983196 0.00318122 0.0011832 0.000405486 0.000160288 7.92679e-05 2.72859e-05
 2.15004e-27 2.18497e-27 7.90841e-27 1.95866e-21 1.16489e-16 1.59278e-12 5.00691e-09 3.61851e-06 0.00060121 0.0229658 0.201687 0.407209 0.189292 0.0275248 0.0454027 0.0631926 0.0225709 0.00928804 0.00666737 0.00236228 0.000914455 0.000243701 5.62516e-05 1.50715e-05 3.83979e-06
 2.14934e-27 2.18322e-27 7.72016e-27 1.89478e-21 1.1269e-16 1.54083e-12 4.84362e-09 3.5005e-06 0.000581603 0.0222168 0.195109 0.393929 0.183188 0.0284727 0.0551922 0.0769424 0.0267639 0.00873845 0.00588056 0.00197757 0.000746077 0.000209447 4.14917e-05 5.96721e-06 8.11453e-07
 2.1487e-27 2.18166e-27 7.55592e-27 1.83907e-21 1.09377e-16 1.49553e-12 4.70122e-09 3.39759e-06 0.000564504 0.0215637 0.189373 0.382348 0.17785 0.0288936 0.0612521 0.0855142 0.0302056 0.0113444 0.00780175 0.00231218 0.000736178 0.000194686 3.80052e-05 4.64371e-06 3.4443e-07
 2.1499e-27 2.18462e-27 7.87161e-27 1.94617e-21 1.15746e-16 1.58262e-12 4.97499e-09 3.59544e-06 0.000597377 0.0228194 0.200401 0.404612 0.188098 0.0276945 0.0472214 0.0657538 0.0234524 0.00953759 0.00673757 0.00214564 0.00072403 0.000169184 2.85033e-05 3.24509e-06 1.98633e-07
 2.15027e-27 2.18553e-27 7.96533e-27 1.97795e-21 1.17636e-16 1.60847e-12 5.05624e-09 3.65416e-06 0.000607133 0.0231921 0.203674 0.41122 0.191148 0.0275642 0.0444343 0.0617909 0.0215845 0.00734286 0.00499406 0.00166403 0.000602661 0.000150232 2.49881e-05 2.49439e-06 1.34795e-07
 2.14913e-27 2.18272e-27 7.66664e-27 1.87662e-21 1.1161e-16 1.52607e-12 4.79722e-09 3.46696e-06 0.00057603 0.022004 0.19324 0.390155 0.181449 0.0286373 0.0573343 0.0799695 0.0279418 0.00952145 0.00640271 0.00193663 0.000632646 0.000163887 2.9322e-05 2.9945e-06 1.50043e-07
 2.14891e-27 2.18219e-27 7.61368e-27 1.85867e-21 1.10542e-16 1.51147e-12 4.75133e-09 3.4338e-06 0.00057052 0.0217935 0.191392 0.386423 0.179722 0.0285857 0.0581447 0.0811524 0.0289138 0.011656 0.00816794 0.00247023 0.000785306 0.000185496 3.13735e-05 3.34655e-06 1.74235e-07
 2.14914e-27 2.18275e-27 7.6736e-27 1.879e-21 1.11751e-16 1.528e-12 4.80329e-09 3.47135e-06 0.00057676 0.0220318 0.193485 0.390649 0.181666 0.0283414 0.0553793 0.0772565 0.0275611 0.0112302 0.00797586 0.00264397 0.000938283 0.000222322 3.55363e-05 3.53084e-06 1.82708e-07
 2.14936e-27 2.1833e-27 7.73111e-27 1.8985e-21 1.12911e-16 1.54386e-12 4.85315e-09 3.50738e-06 0.000582747 0.0222605 0.195493 0.394703 0.183537 0.0282364 0.0535163 0.0746143 0.0264056 0.0100863 0.00706507 0.00236076 0.000866516 0.000225233 3.8923e-05 3.79954e-06 1.85439e-07
 2.14899e-27 2.18239e-27 7.63443e-27 1.86571e-21 1.10961e-16 1.51719e-12 4.76931e-09 3.44679e-06 0.00057268 0.021876 0.192116 0.387885 0.180398 0.028576 0.0576443 0.0804332 0.0284653 0.0108711 0.00757974 0.00244222 0.000863017 0.00022765 4.18845e-05 4.43895e-06 2.2267e-07
 2.14794e-27 2.17981e-27 7.36168e-27 1.77319e-21 1.05458e-16 1.44196e-12 4.53281e-09 3.27587e-06 0.000544281 0.0207912 0.182589 0.368651 0.171537 0.0294278 0.0686418 0.0959493 0.0341409 0.0136263 0.009597 0.00308997 0.00107978 0.00027506 4.97333e-05 5.48031e-06 2.94134e-07
 2.14788e-27 2.17968e-27 7.3511e-27 1.76961e-21 1.05246e-16 1.43905e-12 4.52367e-09 3.26927e-06 0.000543184 0.0207493 0.182221 0.367908 0.171185 0.0291851 0.0673837 0.0942217 0.0341497 0.0156102 0.01134 0.00374528 0.00134547 0.000342076 6.04934e-05 6.51599e-06 3.54899e-07
 2.14838e-27 2.18092e-27 7.48226e-27 1.81411e-21 1.07892e-16 1.47523e-12 4.63741e-09 3.35147e-06 0.000556841 0.021271 0.186803 0.377158 0.175444 0.0287336 0.0618394 0.0864012 0.0313069 0.0142943 0.010492 0.00375623 0.00147485 0.000388102 6.9891e-05 7.4495e-06 3.98033e-07
 2.14856e-27 2.18133e-27 7.52396e-27 1.82825e-21 1.08733e-16 1.48673e-12 4.67355e-09 3.37758e-06 0.000561181 0.0214367 0.188258 0.380097 0.176805 0.0287827 0.0612537 0.0855433 0.0305648 0.0126112 0.0090687 0.00325019 0.00130869 0.000373955 7.28329e-05 8.01659e-06 4.29706e-07
 2.14861e-27 2.18145e-27 7.53634e-27 1.83244e-21 1.08983e-16 1.49014e-12 4.68428e-09 3.38534e-06 0.00056247 0.021486 0.188691 0.38097 0.177207 0.0287548 0.0608199 0.0849331 0.0303713 0.0126026 0.00900094 0.0030369 0.00115242 0.000331518 6.8224e-05 8.13725e-06 4.59466e-07
 2.1484e-27 2.18096e-27 7.48407e-27 1.81471e-21 1.07928e-16 1.47572e-12 4.63895e-09 3.35258e-06 0.000557027 0.021278 0.186865 0.377284 0.175509 0.0289103 0.0628808 0.0878421 0.031455 0.0131899 0.00944529 0.00319233 0.0011922 0.000323503 6.42813e-05 7.92028e-06 4.77536e-07
 2.14882e-27 2.18197e-27 7.59127e-27 1.85108e-21 1.10091e-16 1.50529e-12 4.73191e-09 3.41976e-06 0.000568189 0.0217044 0.190609 0.384843 0.178991 0.028571 0.0585305 0.0817052 0.0292215 0.0121406 0.00868385 0.00295305 0.00111022 0.000299383 5.73287e-05 6.77002e-06 4.10498e-07
 2.1486e-27 2.18142e-27 7.53271e-27 1.83121e-21 1.08909e-16 1.48914e-12 4.68112e-09 3.38306e-06 0.00056209 0.0214715 0.188563 0.380713 0.177091 0.0288142 0.0612602 0.0855459 0.0304837 0.0123128 0.00874741 0.00295871 0.00110826 0.00030041 5.74852e-05 6.62505e-06 3.87561e-07
 2.14837e-27 2.18086e-27 7.47445e-27 1.81145e-21 1.07734e-16 1.47307e-12 4.63061e-09 3.34655e-06 0.000556025 0.0212398 0.186529 0.376605 0.175196 0.0289363 0.0632438 0.088356 0.0316672 0.0133661 0.0095655 0.00318341 0.00116996 0.000315079 6.02411e-05 6.93923e-06 3.99765e-07
 2.14832e-27 2.18076e-27 7.46479e-27 1.80818e-21 1.07539e-16 1.47041e-12 4.62225e-09 3.34051e-06 0.000555021 0.0212014 0.186192 0.375925 0.17488 0.0288788 0.0630974 0.0881634 0.0317833 0.0140007 0.0101402 0.00346115 0.00130013 0.000345357 6.49701e-05 7.44489e-06 4.27898e-07
 2.14849e-27 2.18118e-27 7.50957e-27 1.82337e-21 1.08443e-16 1.48276e-12 4.66108e-09 3.36858e-06 0.000559684 0.0213795 0.187756 0.379083 0.176333 0.0286926 0.0610093 0.0852237 0.0307921 0.013782 0.0100467 0.00351992 0.00136694 0.000372551 7.07566e-05 8.00507e-06 4.55493e-07
 2.14795e-27 2.17985e-27 7.36809e-27 1.77537e-21 1.05588e-16 1.44373e-12 4.53838e-09 3.2799e-06 0.000544951 0.0208168 0.182814 0.369105 0.171741 0.0292541 0.0674445 0.0942805 0.0337978 0.0142945 0.0103158 0.0036507 0.00144314 0.000405347 7.96822e-05 9.18226e-06 5.21493e-07
 2.14734e-27 2.17836e-27 7.21338e-27 1.72291e-21 1.02468e-16 1.40106e-12 4.40427e-09 3.18298e-06 0.000528847 0.0202016 0.177411 0.358197 0.166706 0.029479 0.0721048 0.100903 0.0368579 0.0177456 0.0130708 0.00447585 0.00171689 0.000487198 9.839e-05 1.17269e-05 6.82363e-07
 2.14684e-27 2.17717e-27 7.0892e-27 1.68079e-21 9.99632e-17 1.36682e-12 4.29661e-09 3.10517e-06 0.00051592 0.0197078 0.173075 0.349442 0.162667 0.0297149 0.0761835 0.106676 0.0392096 0.0196416 0.0147252 0.00545128 0.00222967 0.000618572 0.000123054 1.49412e-05 8.95778e-07
 2.14674e-27 2.17691e-27 7.06215e-27 1.67162e-21 9.94178e-17 1.35936e-12 4.27317e-09 3.08823e-06 0.000513105 0.0196003 0.172131 0.347536 0.161788 0.0297544 0.0769993 0.10783 0.0396747 0.0200044 0.0150686 0.00573451 0.00245882 0.000733932 0.000151403 1.81884e-05 1.09606e-06
#obs surv len freq
 1.23772e-39 6.05779e-33 6.81632e-27 1.76332e-21 1.04871e-16 1.43392e-12 4.50755e-09 3.25762e-06 0.000541257 0.0206753 0.181571 0.366597 0.17058 0.0292229 0.0680103 0.0951033 0.0344298 0.0156239 0.0114321 0.00404215 0.00160177 0.000458352 9.48718e-05 1.21304e-05 8.00042e-07
 1.317e-39 6.44581e-33 7.25292e-27 1.87626e-21 1.11588e-16 1.52577e-12 4.79627e-09 3.46627e-06 0.000575926 0.0219996 0.193201 0.390077 0.181398 0.0282212 0.0548186 0.0764877 0.0275736 0.0121472 0.00881816 0.00306751 0.0011942 0.000338498 6.90416e-05 8.58917e-06 5.4511e-07
 1.15543e-39 5.65503e-33 6.36313e-27 1.64608e-21 9.78987e-17 1.33859e-12 4.20786e-09 3.04103e-06 0.000505272 0.0193007 0.169499 0.342224 0.159375 0.0308907 0.0855377 0.119731 0.0420612 0.0150756 0.010424 0.00355761 0.00135355 0.000376431 7.54188e-05 9.23392e-06 5.72116e-07
 1.34426e-39 6.57923e-33 7.40305e-27 1.9151e-21 1.13898e-16 1.55735e-12 4.89555e-09 3.53802e-06 0.000587848 0.022455 0.1972 0.398151 0.185105 0.0275367 0.0482065 0.0672252 0.0250991 0.0137513 0.0102017 0.00311071 0.00102998 0.000275859 5.38421e-05 6.4539e-06 3.92584e-07
 1.39237e-39 6.81467e-33 7.66797e-27 1.98363e-21 1.17974e-16 1.61308e-12 5.07074e-09 3.66463e-06 0.000608884 0.0232586 0.204257 0.412399 0.191692 0.0275382 0.0439214 0.061058 0.0211821 0.00674149 0.00459805 0.00178746 0.000738012 0.000181176 3.14591e-05 3.60268e-06 2.1374e-07
 1.27137e-39 6.22249e-33 7.00164e-27 1.81126e-21 1.07722e-16 1.47291e-12 4.6301e-09 3.34618e-06 0.000555973 0.0212375 0.186507 0.376563 0.175201 0.0295573 0.0670479 0.0936186 0.03218 0.00924872 0.00587018 0.00168376 0.000533929 0.0001572 3.07487e-05 3.24712e-06 1.78224e-07
 1.27391e-39 6.2349e-33 7.01561e-27 1.81487e-21 1.07937e-16 1.47585e-12 4.63934e-09 3.35286e-06 0.000557083 0.0212798 0.18688 0.377315 0.175526 0.0289797 0.0632955 0.0884272 0.0316845 0.0133299 0.00932173 0.00254047 0.000680286 0.00015046 2.61818e-05 3.08859e-06 1.71623e-07
 1.42131e-39 6.95633e-33 7.82737e-27 2.02487e-21 1.20426e-16 1.64661e-12 5.17614e-09 3.74081e-06 0.000621541 0.0237421 0.208503 0.420971 0.195632 0.0269283 0.0376144 0.0522061 0.0185833 0.00744338 0.00526603 0.00174031 0.000599412 0.000126333 1.73455e-05 1.66392e-06 9.15363e-08
 1.41867e-39 6.9434e-33 7.81283e-27 2.0211e-21 1.20203e-16 1.64355e-12 5.16653e-09 3.73386e-06 0.000620386 0.023698 0.208115 0.420189 0.195286 0.0273424 0.0403783 0.0560382 0.0190716 0.00486096 0.00299259 0.000962717 0.000339185 8.60555e-05 1.38146e-05 1.18226e-06 5.26478e-08
 1.34787e-39 6.59691e-33 7.42294e-27 1.92024e-21 1.14204e-16 1.56154e-12 4.9087e-09 3.54753e-06 0.000589427 0.0225153 0.19773 0.399221 0.185634 0.0284526 0.0534752 0.074489 0.0254554 0.0068242 0.00418272 0.00107976 0.000270392 6.49284e-05 1.13649e-05 1.13515e-06 5.15609e-08
 1.32398e-39 6.47998e-33 7.29138e-27 1.88621e-21 1.1218e-16 1.53386e-12 4.8217e-09 3.48465e-06 0.00057898 0.0221163 0.194225 0.392145 0.182368 0.0285822 0.0563989 0.0786488 0.0274532 0.00926014 0.00612195 0.00161278 0.000397493 7.59512e-05 1.01874e-05 9.99685e-07 5.03807e-08
 1.35914e-39 6.65203e-33 7.48497e-27 1.93629e-21 1.15159e-16 1.57459e-12 4.94972e-09 3.57717e-06 0.000594353 0.0227035 0.199382 0.402557 0.187159 0.0279745 0.0495513 0.0690104 0.0242304 0.00863609 0.00585913 0.00171903 0.000506942 0.000100096 1.21465e-05 9.36849e-07 4.10303e-08
 1.33481e-39 6.53296e-33 7.35099e-27 1.90163e-21 1.13097e-16 1.5464e-12 4.86112e-09 3.51314e-06 0.000583714 0.0222971 0.195813 0.395351 0.183845 0.0284556 0.0546597 0.0761874 0.026443 0.00843911 0.00557175 0.00168309 0.000530381 0.000117885 1.64291e-05 1.25494e-06 4.68097e-08
 1.2897e-39 6.31219e-33 7.10258e-27 1.83737e-21 1.09275e-16 1.49414e-12 4.69685e-09 3.39442e-06 0.000563988 0.0215436 0.189196 0.381992 0.177691 0.0290389 0.062247 0.0868962 0.0304191 0.0105463 0.00708252 0.00202653 0.000595215 0.000136149 2.08229e-05 1.80025e-06 7.16949e-08
 1.1701e-39 5.72683e-33 6.44391e-27 1.66698e-21 9.91416e-17 1.35558e-12 4.26128e-09 3.07964e-06 0.000511686 0.0195458 0.171651 0.346569 0.161371 0.0305582 0.0821986 0.115055 0.0408435 0.0159898 0.0111147 0.00331301 0.00101764 0.000222756 3.28397e-05 2.99141e-06 1.31721e-07
 1.2655e-39 6.19376e-33 6.96932e-27 1.8029e-21 1.07225e-16 1.46611e-12 4.60872e-09 3.33073e-06 0.000553406 0.0211394 0.185646 0.374825 0.174362 0.0286201 0.0618507 0.0864647 0.0319876 0.0166401 0.012312 0.0039213 0.00132171 0.000303574 4.55117e-05 4.02463e-06 1.78774e-07
 1.22946e-39 6.01738e-33 6.77085e-27 1.75156e-21 1.04172e-16 1.42436e-12 4.47748e-09 3.23589e-06 0.000537647 0.0205374 0.18036 0.364151 0.169463 0.0295754 0.0708993 0.0991331 0.0352722 0.0140911 0.0101394 0.00382226 0.0015543 0.000390823 6.38822e-05 5.88227e-06 2.60997e-07
 1.27718e-39 6.25092e-33 7.03364e-27 1.81954e-21 1.08215e-16 1.47964e-12 4.65126e-09 3.36148e-06 0.000558514 0.0213345 0.18736 0.378284 0.175965 0.0287384 0.0615303 0.0859617 0.0311064 0.0140626 0.0101641 0.00329097 0.00120901 0.000354761 6.89573e-05 7.03874e-06 3.32696e-07
 1.24602e-39 6.0984e-33 6.86202e-27 1.77514e-21 1.05574e-16 1.44354e-12 4.53777e-09 3.27946e-06 0.000544886 0.0208139 0.182788 0.369054 0.171723 0.0293947 0.0683187 0.0954917 0.0339427 0.0134426 0.00953839 0.00329991 0.00124683 0.000325935 6.3173e-05 7.49955e-06 4.0458e-07
 1.25873e-39 6.16061e-33 6.93202e-27 1.79325e-21 1.06651e-16 1.45826e-12 4.58406e-09 3.31291e-06 0.000550445 0.0210263 0.184653 0.372819 0.173451 0.0290566 0.0651196 0.0910131 0.0327834 0.0143496 0.0103005 0.00331172 0.0011765 0.000318986 6.0387e-05 6.8918e-06 4.01087e-07
 1.27711e-39 6.25059e-33 7.03326e-27 1.81944e-21 1.08209e-16 1.47956e-12 4.65101e-09 3.36129e-06 0.000558484 0.0213334 0.18735 0.378264 0.175961 0.0288618 0.0622898 0.0870094 0.0311639 0.0130911 0.00938547 0.00318734 0.00117871 0.000301687 5.52418e-05 6.28451e-06 3.58195e-07
 1.2592e-39 6.16293e-33 6.93463e-27 1.79392e-21 1.06691e-16 1.45881e-12 4.58579e-09 3.31416e-06 0.000550652 0.0210342 0.184722 0.372959 0.17352 0.0291812 0.0658385 0.0920021 0.0328009 0.0132996 0.00943457 0.00313384 0.00114931 0.000306913 5.65104e-05 6.17748e-06 3.45157e-07
 1.26135e-39 6.17344e-33 6.94645e-27 1.79698e-21 1.06873e-16 1.4613e-12 4.5936e-09 3.31981e-06 0.00055159 0.02107 0.185037 0.373595 0.17381 0.0290635 0.0649279 0.0907347 0.0325735 0.0139157 0.00995658 0.00324089 0.00115478 0.000302946 5.63225e-05 6.27309e-06 3.44717e-07
 1.26531e-39 6.19281e-33 6.96824e-27 1.80262e-21 1.07209e-16 1.46588e-12 4.60801e-09 3.33022e-06 0.000553321 0.0211362 0.185618 0.374767 0.17435 0.0290224 0.0643241 0.0898792 0.0322095 0.0135847 0.00973018 0.00326042 0.00119269 0.000307007 5.55759e-05 6.15897e-06 3.42098e-07
 1.26574e-39 6.1949e-33 6.9706e-27 1.80323e-21 1.07245e-16 1.46638e-12 4.60957e-09 3.33135e-06 0.000553508 0.0211433 0.18568 0.374894 0.174408 0.0290181 0.0642597 0.0897883 0.0321768 0.0135696 0.00971052 0.00323349 0.00118434 0.000312658 5.71799e-05 6.2136e-06 3.40452e-07
 1.1883e-39 5.81588e-33 6.54412e-27 1.6929e-21 1.00683e-16 1.37666e-12 4.32755e-09 3.12753e-06 0.000519643 0.0198497 0.17432 0.351958 0.163844 0.0300612 0.0775402 0.10852 0.0389517 0.0166218 0.0119244 0.003972 0.00145289 0.000382636 7.07502e-05 7.80744e-06 4.25664e-07
 1.20299e-39 5.88781e-33 6.62506e-27 1.71384e-21 1.01929e-16 1.39369e-12 4.38107e-09 3.16621e-06 0.00052607 0.0200952 0.176476 0.356311 0.165833 0.0294384 0.072426 0.10138 0.0373646 0.0190141 0.0141045 0.00473162 0.00174264 0.000459147 8.48135e-05 9.40806e-06 5.18846e-07
 1.23013e-39 6.02064e-33 6.77452e-27 1.7525e-21 1.04228e-16 1.42513e-12 4.4799e-09 3.23764e-06 0.000537938 0.0205485 0.180457 0.364348 0.169538 0.029146 0.0682187 0.0954238 0.034899 0.0169467 0.0126529 0.00472252 0.00193131 0.000518332 9.62812e-05 1.06893e-05 5.91318e-07
 1.23013e-39 6.02064e-33 6.77452e-27 1.7525e-21 1.04228e-16 1.42513e-12 4.4799e-09 3.23764e-06 0.000537938 0.0205485 0.180457 0.364348 0.169538 0.029146 0.0682187 0.0954238 0.034899 0.0169467 0.0126529 0.00472252 0.00193131 0.000518332 9.62812e-05 1.06893e-05 5.91318e-07
#pred catch len freq
 2.14665e-27 2.17532e-27 6.82422e-27 1.59077e-21 9.46094e-17 1.29362e-12 4.0665e-09 2.93887e-06 0.000488289 0.0186523 0.163805 0.330726 0.153897 0.0265759 0.0626554 0.0878573 0.0352907 0.0270983 0.0239485 0.016052 0.0134667 0.011637 0.0120081 0.0111532 0.00468432
 2.1487e-27 2.18144e-27 7.5249e-27 1.82855e-21 1.08751e-16 1.48698e-12 4.67433e-09 3.37815e-06 0.000561274 0.0214403 0.18829 0.38016 0.176797 0.027804 0.0552585 0.0771593 0.028357 0.0142475 0.0113121 0.00602151 0.00415886 0.00292995 0.00250763 0.00211435 0.000877041
 2.14784e-27 2.17952e-27 7.32774e-27 1.76167e-21 1.04773e-16 1.43259e-12 4.50336e-09 3.25459e-06 0.000540745 0.0206561 0.181403 0.366256 0.170431 0.0294597 0.0695579 0.0972295 0.034404 0.013138 0.00936402 0.0036155 0.00181272 0.000944294 0.00059972 0.000419678 0.000164667
 2.14839e-27 2.18092e-27 7.48143e-27 1.81382e-21 1.07875e-16 1.475e-12 4.63668e-09 3.35094e-06 0.000556754 0.0212676 0.186773 0.377099 0.175419 0.0287878 0.0621882 0.0868884 0.0314228 0.0141463 0.010215 0.00330517 0.0012293 0.000421284 0.000166533 8.23563e-05 2.8349e-05
 2.14983e-27 2.18447e-27 7.85579e-27 1.94081e-21 1.15427e-16 1.57826e-12 4.96129e-09 3.58554e-06 0.000595731 0.0227565 0.199849 0.403498 0.187583 0.0276985 0.0475816 0.0662647 0.0236683 0.00973961 0.00699153 0.00247713 0.000958915 0.000255549 5.89865e-05 1.58043e-05 4.02648e-06
 2.14915e-27 2.18276e-27 7.6708e-27 1.87804e-21 1.11694e-16 1.52722e-12 4.80083e-09 3.46957e-06 0.000576464 0.0220205 0.193386 0.390448 0.181585 0.0286483 0.0573133 0.079931 0.0278035 0.00907788 0.00610898 0.00205438 0.000775057 0.000217583 4.31034e-05 6.199e-06 8.42973e-07
 2.14852e-27 2.18123e-27 7.5101e-27 1.82353e-21 1.08452e-16 1.48289e-12 4.66149e-09 3.36887e-06 0.000559733 0.0213814 0.187773 0.379117 0.176362 0.0290514 0.0631894 0.088245 0.0311702 0.0117067 0.00805089 0.00238602 0.000759688 0.000200903 3.92189e-05 4.79201e-06 3.55429e-07
 2.14968e-27 2.18409e-27 7.81458e-27 1.92682e-21 1.14596e-16 1.56689e-12 4.92554e-09 3.5597e-06 0.000591439 0.0225926 0.198409 0.400591 0.186246 0.0278852 0.0495977 0.0691043 0.0246475 0.0100236 0.00708091 0.00225498 0.000760925 0.000177805 2.99557e-05 3.41045e-06 2.08755e-07
 2.14999e-27 2.18482e-27 7.89025e-27 1.95248e-21 1.16122e-16 1.58776e-12 4.99114e-09 3.60711e-06 0.000599316 0.0228935 0.201051 0.405926 0.18871 0.0278286 0.0476446 0.0663148 0.0231649 0.00788047 0.00535971 0.00178587 0.000646786 0.000161231 2.68176e-05 2.67702e-06 1.44664e-07
 2.14888e-27 2.1821e-27 7.60141e-27 1.8545e-21 1.10294e-16 1.50807e-12 4.74065e-09 3.42608e-06 0.000569239 0.0217445 0.190962 0.385555 0.179331 0.0288681 0.0601298 0.0839088 0.0293183 0.0099905 0.00671813 0.00203204 0.000663811 0.00017196 3.07664e-05 3.14201e-06 1.57435e-07
 2.14867e-27 2.18159e-27 7.54977e-27 1.83699e-21 1.09253e-16 1.49384e-12 4.69591e-09 3.39375e-06 0.000563866 0.0215393 0.189159 0.381916 0.177646 0.0288008 0.0608159 0.0849185 0.0302557 0.012197 0.00854702 0.00258487 0.000821752 0.000194105 3.28296e-05 3.50186e-06 1.82321e-07
 2.14893e-27 2.18225e-27 7.62e-27 1.86082e-21 1.1067e-16 1.51321e-12 4.75681e-09 3.43776e-06 0.000571179 0.0218186 0.191612 0.386869 0.179926 0.02852 0.0576091 0.0804004 0.0286828 0.0116873 0.00830044 0.00275157 0.000976468 0.00023137 3.69825e-05 3.67453e-06 1.90143e-07
 2.14912e-27 2.18269e-27 7.66619e-27 1.87648e-21 1.11602e-16 1.52595e-12 4.79685e-09 3.4667e-06 0.000575987 0.0220023 0.193225 0.390125 0.181429 0.0284573 0.0562444 0.0784599 0.0277666 0.0106062 0.00742922 0.00248244 0.000911178 0.000236842 4.09292e-05 3.99538e-06 1.94997e-07
 2.14877e-27 2.18184e-27 7.57589e-27 1.84585e-21 1.0978e-16 1.50104e-12 4.71855e-09 3.41011e-06 0.000566584 0.0216431 0.190071 0.383757 0.178497 0.0287756 0.060107 0.0839046 0.0296939 0.0113403 0.0079069 0.00254763 0.000900266 0.000237476 4.36923e-05 4.63054e-06 2.3228e-07
 2.14774e-27 2.17932e-27 7.30971e-27 1.75556e-21 1.0441e-16 1.42762e-12 4.48773e-09 3.2433e-06 0.000538869 0.0205844 0.180774 0.364986 0.169849 0.0296026 0.0708132 0.0990106 0.0352303 0.014061 0.00990321 0.00318856 0.00111423 0.000283836 5.13202e-05 5.65517e-06 3.03519e-07
 2.14766e-27 2.17914e-27 7.2943e-27 1.75035e-21 1.041e-16 1.42338e-12 4.47441e-09 3.23367e-06 0.000537269 0.0205233 0.180237 0.363902 0.16934 0.0293664 0.0696979 0.0974859 0.0353329 0.0161511 0.0117329 0.00387503 0.00139208 0.000353927 6.25892e-05 6.74174e-06 3.67194e-07
 2.1482e-27 2.18048e-27 7.43628e-27 1.79851e-21 1.06964e-16 1.46255e-12 4.59754e-09 3.32265e-06 0.000552054 0.0210881 0.185197 0.373916 0.173951 0.0288793 0.0637063 0.0890346 0.0322611 0.01473 0.0108118 0.00387072 0.0015198 0.000399931 7.20212e-05 7.67656e-06 4.10165e-07
 2.14835e-27 2.18083e-27 7.47118e-27 1.81034e-21 1.07668e-16 1.47217e-12 4.62778e-09 3.34451e-06 0.000555685 0.0212268 0.186415 0.376375 0.17509 0.0289566 0.0634368 0.0886215 0.0316647 0.013065 0.00939504 0.00336715 0.00135579 0.000387413 7.54538e-05 8.30507e-06 4.45169e-07
 2.14838e-27 2.18089e-27 7.47658e-27 1.81217e-21 1.07777e-16 1.47366e-12 4.63246e-09 3.34789e-06 0.000556247 0.0212482 0.186603 0.376755 0.175266 0.0289521 0.063295 0.0884231 0.0316193 0.0131205 0.00937082 0.00316169 0.00119978 0.000345141 7.10275e-05 8.47163e-06 4.78346e-07
 2.14823e-27 2.18054e-27 7.44008e-27 1.79979e-21 1.0704e-16 1.46359e-12 4.60081e-09 3.32502e-06 0.000552446 0.0211031 0.185328 0.374181 0.17408 0.0290551 0.0646996 0.0904068 0.0323735 0.013575 0.00972108 0.00328554 0.00122701 0.000332949 6.61582e-05 8.15154e-06 4.9148e-07
 2.1486e-27 2.18143e-27 7.53371e-27 1.83155e-21 1.08929e-16 1.48942e-12 4.682e-09 3.38369e-06 0.000562196 0.0214755 0.188599 0.380784 0.177122 0.028761 0.0609137 0.0850656 0.0304234 0.01264 0.00904102 0.00307451 0.00115589 0.000311697 5.96867e-05 7.04848e-06 4.27382e-07
 2.14836e-27 2.18085e-27 7.4725e-27 1.81078e-21 1.07694e-16 1.47253e-12 4.62891e-09 3.34533e-06 0.000555821 0.021232 0.18646 0.376467 0.175135 0.029015 0.0637657 0.0890785 0.0317426 0.0128212 0.00910864 0.0030809 0.00115403 0.000312816 5.9859e-05 6.89864e-06 4.03566e-07
 2.14811e-27 2.18023e-27 7.40784e-27 1.78885e-21 1.0639e-16 1.45469e-12 4.57285e-09 3.30481e-06 0.000549089 0.0209748 0.184202 0.371907 0.173033 0.0291553 0.0659964 0.0922374 0.0330584 0.0139533 0.00998573 0.00332327 0.00122136 0.000328921 6.28876e-05 7.24408e-06 4.17327e-07
 2.14804e-27 2.18006e-27 7.39053e-27 1.78299e-21 1.06041e-16 1.44992e-12 4.55785e-09 3.29397e-06 0.000547289 0.0209061 0.183598 0.370688 0.172468 0.0291185 0.0661397 0.092454 0.0333301 0.0146821 0.0106337 0.0036296 0.00136341 0.000362165 6.81321e-05 7.80722e-06 4.48722e-07
 2.14825e-27 2.1806e-27 7.44808e-27 1.80251e-21 1.07202e-16 1.4658e-12 4.60776e-09 3.33004e-06 0.000553281 0.021135 0.185608 0.374747 0.174335 0.0288895 0.0635178 0.0887618 0.0320705 0.0143542 0.0104638 0.00366606 0.0014237 0.000388018 7.36943e-05 8.33742e-06 4.74404e-07
 2.14764e-27 2.17908e-27 7.28598e-27 1.74752e-21 1.03932e-16 1.42108e-12 4.46719e-09 3.22845e-06 0.000536402 0.0204902 0.179946 0.363315 0.169074 0.0295224 0.0708276 0.0990511 0.035508 0.0150178 0.0108378 0.00383543 0.00151617 0.000425858 8.37142e-05 9.6469e-06 5.47881e-07
 2.14707e-27 2.1777e-27 7.14321e-27 1.6991e-21 1.01052e-16 1.38171e-12 4.34342e-09 3.139e-06 0.000521541 0.0199225 0.17496 0.353249 0.164427 0.0296972 0.0749283 0.104886 0.0383131 0.0184463 0.0135869 0.00465256 0.00178468 0.000506433 0.000102275 1.21899e-05 7.09304e-07
 2.14666e-27 2.17672e-27 7.04174e-27 1.66469e-21 9.90057e-17 1.35373e-12 4.25546e-09 3.07543e-06 0.000510978 0.019519 0.171417 0.346095 0.161126 0.0298587 0.0780703 0.109338 0.0401882 0.0201318 0.0150927 0.00558733 0.00228532 0.00063401 0.000126125 1.53141e-05 9.18135e-07
 2.14552e-27 2.17392e-27 6.74762e-27 1.56493e-21 9.30725e-17 1.2726e-12 4.00044e-09 2.89113e-06 0.000480357 0.0183493 0.161144 0.325355 0.151569 0.0307007 0.0894616 0.125416 0.0461454 0.023267 0.0175261 0.00666977 0.00285983 0.000853632 0.000176096 2.11548e-05 1.27482e-06
#obs catch len freq
 1.21659e-39 5.95438e-33 6.69996e-27 1.73322e-21 1.03081e-16 1.40945e-12 4.43061e-09 3.20201e-06 0.000532018 0.0203224 0.178471 0.360339 0.167697 0.0294768 0.0714465 0.0999546 0.0362459 0.0166347 0.0122026 0.00432841 0.00172435 0.000499718 0.000106596 1.42069e-05 9.73149e-07
 1.22836e-39 6.01198e-33 6.76478e-27 1.74998e-21 1.04078e-16 1.42308e-12 4.47347e-09 3.23298e-06 0.000537165 0.020519 0.180198 0.363825 0.169305 0.0293823 0.0698189 0.0976487 0.035275 0.0157687 0.0115001 0.00405373 0.00160117 0.000457489 9.45799e-05 1.20845e-05 7.96649e-07
 1.30902e-39 6.40673e-33 7.20896e-27 1.86489e-21 1.10912e-16 1.51652e-12 4.7672e-09 3.44526e-06 0.000572435 0.0218663 0.19203 0.387713 0.18031 0.0283559 0.0563534 0.0786478 0.0282932 0.0122786 0.00888347 0.00308089 0.00119549 0.000338349 6.89289e-05 8.56907e-06 5.43587e-07
 1.14513e-39 5.60463e-33 6.30641e-27 1.63141e-21 9.70261e-17 1.32666e-12 4.17035e-09 3.01392e-06 0.000500768 0.0191287 0.167988 0.339174 0.157972 0.031073 0.0875694 0.122589 0.0429953 0.015185 0.010456 0.00355784 0.00134915 0.000374638 7.4969e-05 9.17232e-06 5.68042e-07
 1.33801e-39 6.54861e-33 7.3686e-27 1.90619e-21 1.13368e-16 1.5501e-12 4.87277e-09 3.52156e-06 0.000585112 0.0223505 0.196282 0.396298 0.184253 0.0276434 0.0494165 0.0689281 0.0256646 0.0138486 0.0102468 0.00311636 0.00102807 0.000274904 5.35901e-05 6.41908e-06 3.90288e-07
 1.38728e-39 6.78975e-33 7.63994e-27 1.97638e-21 1.17543e-16 1.60718e-12 5.0522e-09 3.65123e-06 0.000606658 0.0231735 0.20351 0.410891 0.190999 0.0276293 0.0449321 0.0624798 0.0216446 0.00678831 0.00460742 0.00178508 0.00073492 0.00018018 3.12445e-05 3.57533e-06 2.12019e-07
 1.26354e-39 6.18416e-33 6.95851e-27 1.8001e-21 1.07059e-16 1.46383e-12 4.60158e-09 3.32557e-06 0.000552548 0.0211066 0.185358 0.374244 0.174133 0.0296972 0.0686009 0.0958031 0.0328903 0.00931948 0.00588497 0.00168384 0.000531848 0.00015632 3.05448e-05 3.22339e-06 1.76832e-07
 1.267e-39 6.20108e-33 6.97755e-27 1.80503e-21 1.07352e-16 1.46784e-12 4.61417e-09 3.33467e-06 0.00055406 0.0211644 0.185866 0.375268 0.174585 0.0291039 0.0646706 0.0903613 0.0323123 0.0133885 0.0093307 0.00253736 0.000676828 0.000149445 2.59675e-05 3.06104e-06 1.70022e-07
 1.41678e-39 6.93417e-33 7.80244e-27 2.01842e-21 1.20043e-16 1.64137e-12 5.15966e-09 3.7289e-06 0.000619562 0.0236665 0.207839 0.41963 0.195016 0.0270081 0.0385061 0.0534605 0.0189938 0.00749317 0.00528138 0.00174036 0.00059748 0.000125766 1.72441e-05 1.65271e-06 9.08706e-08
 1.41374e-39 6.91928e-33 7.78569e-27 2.01408e-21 1.19785e-16 1.63785e-12 5.14858e-09 3.72089e-06 0.000618231 0.0236156 0.207393 0.418729 0.194615 0.0274302 0.0413542 0.057411 0.0195184 0.00490675 0.00300305 0.000963287 0.000338213 8.56835e-05 1.37396e-05 1.17503e-06 5.22961e-08
 1.34219e-39 6.56909e-33 7.39165e-27 1.91215e-21 1.13723e-16 1.55495e-12 4.88801e-09 3.53257e-06 0.000586942 0.0224204 0.196896 0.397538 0.18486 0.0285554 0.0546098 0.0760848 0.0259712 0.00686515 0.00418486 0.0010781 0.00026887 6.44443e-05 1.12662e-05 1.12454e-06 5.10569e-08
 1.31784e-39 6.44991e-33 7.25754e-27 1.87746e-21 1.11659e-16 1.52674e-12 4.79932e-09 3.46848e-06 0.000576293 0.0220137 0.193324 0.390325 0.181531 0.0286928 0.0576226 0.08037 0.0280109 0.00930913 0.00612787 0.00161099 0.000395515 7.54557e-05 1.01059e-05 9.90817e-07 4.99108e-08
 1.35339e-39 6.62392e-33 7.45334e-27 1.92811e-21 1.14672e-16 1.56793e-12 4.9288e-09 3.56206e-06 0.000591841 0.0226076 0.19854 0.400856 0.186376 0.0280768 0.0506885 0.0706101 0.0247514 0.00869096 0.00587204 0.00171852 0.00050498 9.95754e-05 1.20675e-05 9.29945e-07 4.07032e-08
 1.32869e-39 6.50304e-33 7.31732e-27 1.89292e-21 1.12579e-16 1.53932e-12 4.83885e-09 3.49705e-06 0.00058104 0.022195 0.194916 0.39354 0.183012 0.0285654 0.0558757 0.0778978 0.0269982 0.00849083 0.00557986 0.00168112 0.00052787 0.000117159 1.63084e-05 1.24484e-06 4.64078e-08
 1.28292e-39 6.27901e-33 7.06524e-27 1.82771e-21 1.08701e-16 1.48629e-12 4.67216e-09 3.37658e-06 0.000561023 0.0214304 0.188201 0.379984 0.176767 0.029161 0.0635977 0.0887962 0.0310349 0.0106008 0.00708904 0.00202351 0.000592096 0.000135224 2.0656e-05 1.78457e-06 7.10383e-08
 1.16155e-39 5.68498e-33 6.39683e-27 1.6548e-21 9.84171e-17 1.34567e-12 4.23014e-09 3.05713e-06 0.000507947 0.0194029 0.170396 0.344036 0.160206 0.0307137 0.0839108 0.117463 0.0416217 0.0160504 0.011115 0.0033047 0.00101144 0.000221079 3.25495e-05 2.96272e-06 1.30398e-07
 1.25787e-39 6.15639e-33 6.92726e-27 1.79202e-21 1.06578e-16 1.45726e-12 4.58091e-09 3.31064e-06 0.000550067 0.0210118 0.184526 0.372563 0.173321 0.0287526 0.0633412 0.0885621 0.0326794 0.0167429 0.0123532 0.00392368 0.00131799 0.000302296 4.52638e-05 3.99971e-06 1.77578e-07
 1.22091e-39 5.97551e-33 6.72374e-27 1.73937e-21 1.03447e-16 1.41445e-12 4.44633e-09 3.21337e-06 0.000533906 0.0203945 0.179105 0.361618 0.168297 0.0297264 0.0725849 0.101505 0.0360485 0.0141864 0.0101688 0.00382091 0.00154914 0.000389008 6.35102e-05 5.84394e-06 2.59172e-07
 1.26931e-39 6.2124e-33 6.9903e-27 1.80832e-21 1.07548e-16 1.47052e-12 4.6226e-09 3.34076e-06 0.000555072 0.021203 0.186205 0.375953 0.174893 0.0288748 0.0630653 0.0881216 0.0318188 0.0141684 0.0102073 0.00329564 0.00120643 0.000353449 6.86296e-05 7.00087e-06 3.3076e-07
 1.2371e-39 6.05474e-33 6.81289e-27 1.76243e-21 1.04818e-16 1.4332e-12 4.50528e-09 3.25597e-06 0.000540985 0.0206649 0.181479 0.366412 0.170507 0.0295497 0.0700608 0.097943 0.0347499 0.0135584 0.00958429 0.0033058 0.00124502 0.000324982 6.29074e-05 7.46296e-06 4.02449e-07
 1.2499e-39 6.1174e-33 6.8834e-27 1.78067e-21 1.05903e-16 1.44803e-12 4.55191e-09 3.28967e-06 0.000546584 0.0208788 0.183358 0.370204 0.172247 0.0292078 0.0668308 0.0934212 0.033581 0.0144795 0.010359 0.00332127 0.00117577 0.000318298 6.01855e-05 6.86379e-06 3.99275e-07
 1.26769e-39 6.20444e-33 6.98133e-27 1.80601e-21 1.0741e-16 1.46864e-12 4.61667e-09 3.33648e-06 0.00055436 0.0211759 0.185966 0.375471 0.174675 0.0290203 0.0640987 0.0895555 0.0320131 0.0132497 0.00946585 0.00320518 0.00118144 0.000301945 5.52192e-05 6.27739e-06 3.57626e-07
 1.24934e-39 6.11466e-33 6.88031e-27 1.77987e-21 1.05856e-16 1.44738e-12 4.54987e-09 3.2882e-06 0.000546339 0.0208694 0.183275 0.370038 0.172176 0.0293478 0.0677358 0.0946725 0.0336898 0.0134594 0.00951351 0.00315095 0.00115169 0.000307091 5.64761e-05 6.1693e-06 3.44536e-07
 1.25172e-39 6.1263e-33 6.89341e-27 1.78326e-21 1.06057e-16 1.45014e-12 4.55852e-09 3.29445e-06 0.000547378 0.0209092 0.183624 0.370742 0.172497 0.0292257 0.0667782 0.093339 0.0334414 0.0140755 0.0100366 0.00325773 0.00115682 0.000303022 5.62678e-05 6.26258e-06 3.43983e-07
 1.25476e-39 6.1412e-33 6.91017e-27 1.7876e-21 1.06315e-16 1.45367e-12 4.56961e-09 3.30247e-06 0.00054871 0.02096 0.184071 0.371644 0.172913 0.029197 0.066331 0.0927044 0.0331572 0.01378 0.00983608 0.00328637 0.00119821 0.000307977 5.56827e-05 6.16632e-06 3.4235e-07
 1.25382e-39 6.13657e-33 6.90497e-27 1.78625e-21 1.06235e-16 1.45257e-12 4.56617e-09 3.29998e-06 0.000548297 0.0209442 0.183932 0.371364 0.172784 0.0292113 0.066503 0.0929469 0.0332447 0.013818 0.00985464 0.00327208 0.00119448 0.000314871 5.75159e-05 6.24566e-06 3.42048e-07
 1.17624e-39 5.75687e-33 6.47772e-27 1.67572e-21 9.96616e-17 1.36269e-12 4.28364e-09 3.09579e-06 0.00051437 0.0196483 0.172551 0.348387 0.1622 0.0302624 0.0798444 0.111763 0.0400367 0.0168352 0.0120364 0.00399779 0.00145744 0.000383265 7.07807e-05 7.80529e-06 4.25353e-07
 1.18988e-39 5.82366e-33 6.55287e-27 1.69517e-21 1.00818e-16 1.3785e-12 4.33334e-09 3.13171e-06 0.000520338 0.0198762 0.174553 0.352428 0.164046 0.0296459 0.0748627 0.104812 0.0385367 0.019326 0.0142956 0.00478196 0.00175536 0.000461817 8.52037e-05 9.44462e-06 5.20625e-07
 1.15837e-39 5.6694e-33 6.3793e-27 1.65026e-21 9.81474e-17 1.34199e-12 4.21855e-09 3.04876e-06 0.000506555 0.0193498 0.16993 0.343093 0.159747 0.0300907 0.0803915 0.112596 0.0411408 0.0198582 0.0148057 0.00551194 0.0022486 0.000602741 0.000111838 1.24082e-05 6.86111e-07
#spawning biomass
 2707.77 2338.47 2252.09 2044.27 2312.33 3314.92 3957.25 4269.84 6662.5 12945 17305.5 21556.8 25742.9 35384.8 40765.6 36639.4 33689.5 30571.9 31015.8 33566.7 30990.3 34477.7 37528.1 41037 47242.7 49167.5 54473.1 48273.9 32838.4 91590.8 126440 117045 82986.4 56695.7 40828.8 32011.6 27326.5 24906.6 23680 23065.9 22761.2 22610.9 22537 22500.8 22483.1 22474.4 22470.2 22468.2 22467.2 22466.7 22466.5 22466.4 22466.3 22466.3 22466.3 22466.3 22466.3 22466.3 22466.3 22466.3 22466.3 22466.3 22466.3 22466.3 22466.3 22466.3 22466.3 22466.3 22466.3 22466.3 22466.3 22466.3 22466.3 22466.3 22466.3 22466.3 22466.3 22466.3 22466.3 22466.3 22466.3 22466.3 22466.3 22466.3 22466.3 22466.3 22466.3 22466.3 22466.3 22466.3 22466.3 22466.3 22466.3 22466.3 22466.3 22466.3 22466.3 22466.3 22466.3 22466.3 22466.3 22466.3 22466.3 22466.3 22466.3 22466.3 22466.3 22466.3 22466.3 22466.3 22466.3 22466.3 22466.3 22466.3 22466.3 22466.3 22466.3 22466.3 22466.3 22466.3 22466.3 22466.3 22466.3 22466.3 22466.3 22466.3 22466.3 22466.3 22466.3 0 0 0 0 0 0 0 0 0 0 0 0 0 0 0 0 0 0 0 0 0 0 0 0 0
