SBPRF35
0.0628122
Curr Bio
519896
B35
213890
F35
21205.4
FOFL
21205.4
OFL
542588
Bzero
11460.5
#pred survey bio
 13387.8 10030.2 12873.2 18290.2 21907.6 27946.1 33963.9 36031.4 45468.1 62455.7 77052 91206.9 88386.4 114853 112133 96416.8 79205.5 85782.7 90381.3 92358.3 98487.2 108782 127454 134979 104272 127352 122051 128448 3.00962e+06 690158 245809 81018.7 40923 31486 29278.6 28766 28647.9 28620.9 28614.8 28613.4 28613.1 28613 28613 28613 28613 28613 28613 28613 28613 28613 28613 28613 28613 28613 28613 28613 28613 28613 28613 28613 28613 28613 28613 28613 28613 28613 28613 28613 28613 28613 28613 28613 28613 28613 28613 28613 28613 28613 28613 28613 28613 28613 28613 28613 28613 28613 28613 28613 28613 28613 28613 28613 28613 28613 28613 28613 28613 28613 28613 28613 28613 28613 28613 28613 28613 28613 28613 28613 28613 28613 28613 28613 28613 28613 28613 28613 28613 28613 28613 28613 28613 28613 28613 28613 28613 28613 28613 28613 0 0 0 0 0 0 0 0 0 0 0 0 0 0 0 0 0 0 0 0 0 0 0 0 0
#obs survey bio
 11919.6 12653.9 10307 21145.7 21311.5 36410.1 34967.5 33773.9 38489.2 74780.3 76841.6 79121.5 83581.1 115211 117734 82110.9 65126.1 71808 90891.9 86237.3 114715 121569 118160 123526 110224 130365 129992 113067
#pred catch bio
 10509.4 5774.92 6652.01 8982.15 15474.6 17072.9 21206.9 25037.3 29325.1 34856.8 45075.1 54021.1 76436.9 97808.9 98714.3 94734.8 90115.4 81309.4 87346.2 81179.3 87696.2 96473.5 98389.3 95922.3 112734 128392 101414 104742 542588 6601.17 6601.17 6601.17 6601.17 6601.17 6601.17 6601.17 6601.17 6601.17 6601.17 6601.17 6601.17 6601.17 6601.17 6601.17 6601.17 6601.17 6601.17 6601.17 6601.17 6601.17 6601.17 6601.17 6601.17 6601.17 6601.17 6601.17 6601.17 6601.17 6601.17 6601.17 6601.17 6601.17 6601.17 6601.17 6601.17 6601.17 6601.17 6601.17 6601.17 6601.17 6601.17 6601.17 6601.17 6601.17 6601.17 6601.17 6601.17 6601.17 6601.17 6601.17 6601.17 6601.17 6601.17 6601.17 6601.17 6601.17 6601.17 6601.17 6601.17 6601.17 6601.17 6601.17 6601.17 6601.17 6601.17 6601.17 6601.17 6601.17 6601.17 6601.17 6601.17 6601.17 6601.17 6601.17 6601.17 6601.17 6601.17 6601.17 6601.17 6601.17 6601.17 6601.17 6601.17 6601.17 6601.17 6601.17 6601.17 6601.17 6601.17 6601.17 6601.17 6601.17 6601.17 6601.17 6601.17 6601.17 6601.17 6601.17 0 0 0 0 0 0 0 0 0 0 0 0 0 0 0 0 0 0 0 0 0 0 0 0 0
#obs catch bio
 5710.12 5887.22 6704.36 8943.99 15868 17135.2 21376.9 25220.4 29554.8 34815.6 44787.2 54113.8 76506.1 97247 98032.3 96064.1 89939.6 81238.4 86148.9 80573.4 87204.1 95072.4 97414.1 94435.4 111649 126151 99313.6 104697
#pred cpue bio
 13069.4 9397.47 11561.3 16628.4 20087.6 25198 30650.5 32361.2 40192.6 53621.5 67211.7 79233.4 75658.1 100824 101110 86467 69987 74916.4 78632.2 80356.4 83733 92150.7 107990 112631 87635.8 108655 104086 110161 2.58792e+06 669859 246091 75332.5 34892.3 25442.6 23234.7 22722.1 22604 22577 22570.9 22569.5 22569.2 22569.1 22569.1 22569.1 22569.1 22569.1 22569.1 22569.1 22569.1 22569.1 22569.1 22569.1 22569.1 22569.1 22569.1 22569.1 22569.1 22569.1 22569.1 22569.1 22569.1 22569.1 22569.1 22569.1 22569.1 22569.1 22569.1 22569.1 22569.1 22569.1 22569.1 22569.1 22569.1 22569.1 22569.1 22569.1 22569.1 22569.1 22569.1 22569.1 22569.1 22569.1 22569.1 22569.1 22569.1 22569.1 22569.1 22569.1 22569.1 22569.1 22569.1 22569.1 22569.1 22569.1 22569.1 22569.1 22569.1 22569.1 22569.1 22569.1 22569.1 22569.1 22569.1 22569.1 22569.1 22569.1 22569.1 22569.1 22569.1 22569.1 22569.1 22569.1 22569.1 22569.1 22569.1 22569.1 22569.1 22569.1 22569.1 22569.1 22569.1 22569.1 22569.1 22569.1 22569.1 22569.1 22569.1 22569.1 0 0 0 0 0 0 0 0 0 0 0 0 0 0 0 0 0 0 0 0 0 0 0 0 0
#obs cpue bio
 5568.94 6474.54 12409 15020.4 14340.9 17970.2 27187 28839.8 41370.5 47468.3 70469.8 95701.7 76573.6 114405 102642 88558.3 78778 92568.6 94596.9 94319.9 81427.8 98814.3 137986 170495 87447.6 144233 130430 139623
#pred surv len freq
 2.55404e-27 2.56469e-27 1.34508e-26 2.29811e-20 5.63353e-15 1.66932e-10 5.97921e-07 0.000258877 0.0135487 0.0857135 0.0660099 0.0352898 0.222238 0.206732 0.0722373 0.113719 0.0500407 0.039802 0.0242892 0.0182592 0.0141356 0.0120671 0.0119527 0.0105086 0.00319774
 2.55974e-27 2.57976e-27 2.61422e-26 4.9752e-20 1.21961e-14 3.61393e-10 1.29445e-06 0.000560446 0.0293317 0.185561 0.142276 0.0368155 0.180274 0.168187 0.0694174 0.116212 0.0387707 0.0150208 0.00659298 0.00370221 0.00233396 0.00170432 0.00149291 0.00130971 0.00043628
 2.56276e-27 2.5872e-27 3.19442e-26 6.19889e-20 1.51958e-14 4.5028e-10 1.61283e-06 0.000698292 0.0365461 0.231201 0.177206 0.0418288 0.193883 0.179277 0.0448407 0.0573737 0.0210299 0.0109399 0.00331527 0.000935584 0.000384724 0.000213382 0.00015439 0.000126895 4.37141e-05
 2.56124e-27 2.58293e-27 2.8049e-26 5.37712e-20 1.31813e-14 3.90587e-10 1.39902e-06 0.000605721 0.0317012 0.200551 0.153834 0.0438133 0.225407 0.208312 0.0490465 0.0594736 0.0188497 0.00572105 0.00190436 0.000588773 0.000120254 3.54485e-05 1.80124e-05 1.26944e-05 4.32204e-06
 2.56079e-27 2.58194e-27 2.73962e-26 5.23948e-20 1.28439e-14 3.80589e-10 1.36321e-06 0.000590216 0.0308898 0.195418 0.149886 0.0420917 0.215079 0.19925 0.055949 0.0774962 0.0242917 0.00678858 0.0017928 0.000373143 8.27043e-05 1.37689e-05 3.09135e-06 1.54189e-06 4.9091e-07
 2.5621e-27 2.58529e-27 3.01489e-26 5.82011e-20 1.42673e-14 4.22766e-10 1.51428e-06 0.000655623 0.034313 0.217074 0.166438 0.0430904 0.21105 0.195101 0.047395 0.0590291 0.0186557 0.0054892 0.00141547 0.000249007 3.74039e-05 5.29488e-06 6.20164e-07 1.2977e-07 3.41256e-08
 2.56193e-27 2.58478e-27 2.96571e-26 5.71635e-20 1.40129e-14 4.15229e-10 1.48728e-06 0.000643935 0.0337012 0.213204 0.163491 0.0435467 0.216593 0.200162 0.0473228 0.0575621 0.017777 0.00456891 0.00117697 0.000216106 2.94485e-05 2.95608e-06 2.4224e-07 1.94536e-08 2.78292e-09
 2.56235e-27 2.58591e-27 3.06391e-26 5.92349e-20 1.45207e-14 4.30275e-10 1.54117e-06 0.000667269 0.0349225 0.22093 0.169388 0.0434199 0.211485 0.19542 0.045965 0.0556449 0.0169771 0.0040124 0.000982163 0.000160268 2.20389e-05 2.10894e-06 1.25255e-07 5.44972e-09 2.69587e-10
 2.5636e-27 2.58921e-27 3.34607e-26 6.51871e-20 1.59798e-14 4.73511e-10 1.69604e-06 0.000734319 0.0384316 0.243129 0.186338 0.0433759 0.199241 0.183936 0.0405875 0.0462618 0.0139895 0.00311022 0.000737449 0.000109828 1.36809e-05 1.23147e-06 6.96975e-08 2.15167e-09 4.29516e-11
 2.56573e-27 2.59489e-27 3.8401e-26 7.56087e-20 1.85346e-14 5.49212e-10 1.96719e-06 0.000851717 0.0445758 0.281999 0.216007 0.0426323 0.172737 0.159306 0.033109 0.0353996 0.0106002 0.00219289 0.000506897 7.13649e-05 8.3121e-06 6.70615e-07 3.47274e-08 9.87723e-10 1.28735e-11
 2.56432e-27 2.59098e-27 3.48588e-26 6.81358e-20 1.67027e-14 4.9493e-10 1.77276e-06 0.000767535 0.04017 0.254127 0.194752 0.0443912 0.201055 0.185275 0.0347562 0.0326146 0.00969064 0.00190411 0.000430003 5.69898e-05 6.33726e-06 4.75642e-07 2.20897e-08 5.66512e-10 6.5256e-12
 2.56484e-27 2.59248e-27 3.6267e-26 7.11069e-20 1.7431e-14 5.16512e-10 1.85006e-06 0.000801004 0.0419217 0.265208 0.203196 0.0432459 0.186408 0.171942 0.0357266 0.0381689 0.0111365 0.001803 0.000385819 4.85499e-05 5.15181e-06 3.63014e-07 1.56571e-08 3.6031e-10 3.70782e-12
 2.56575e-27 2.59486e-27 3.82893e-26 7.53728e-20 1.84767e-14 5.47499e-10 1.96105e-06 0.000849059 0.0444367 0.281119 0.215346 0.0433524 0.178681 0.164634 0.0312014 0.029699 0.00874047 0.00156775 0.000331907 3.4784e-05 3.3984e-06 2.25597e-07 9.10376e-09 1.93488e-10 1.78917e-12
 2.56348e-27 2.58854e-27 3.25596e-26 6.32849e-20 1.55135e-14 4.59694e-10 1.64655e-06 0.000712892 0.0373102 0.236035 0.180967 0.0462546 0.224921 0.207032 0.0337774 0.0248864 0.00705805 0.000859531 0.00016456 1.80486e-05 1.63404e-06 9.20802e-08 3.43064e-09 6.7897e-11 5.77875e-13
 2.56139e-27 2.58303e-27 2.7826e-26 5.32995e-20 1.30657e-14 3.87161e-10 1.38675e-06 0.000600408 0.0314232 0.198792 0.152531 0.0463912 0.24594 0.226755 0.0432239 0.0414364 0.0116214 0.00109118 0.000176913 1.38564e-05 1.12335e-06 6.25326e-08 2.01214e-09 3.54284e-11 2.78952e-13
 2.56216e-27 2.58523e-27 2.98822e-26 5.76377e-20 1.41292e-14 4.18673e-10 1.49962e-06 0.000649277 0.0339808 0.214973 0.164862 0.0448689 0.225692 0.208283 0.0438052 0.0474183 0.0135234 0.00163519 0.000289106 1.79037e-05 1.09257e-06 4.52979e-08 1.36913e-09 2.15998e-11 1.48692e-13
 2.56308e-27 2.58754e-27 3.17456e-26 6.1568e-20 1.50926e-14 4.47222e-10 1.60187e-06 0.00069355 0.0362979 0.229631 0.176072 0.0459036 0.22569 0.207889 0.0366179 0.0311408 0.0088311 0.00103324 0.00018426 1.37433e-05 8.718e-07 2.6783e-08 5.79445e-10 7.72574e-12 4.82046e-14
 2.56388e-27 2.58963e-27 3.35193e-26 6.53095e-20 1.60098e-14 4.744e-10 1.69922e-06 0.000735698 0.0385038 0.243586 0.186729 0.0460148 0.219048 0.201607 0.0327224 0.0238369 0.0066043 0.000527344 7.67845e-05 5.47054e-06 3.60214e-07 1.29275e-08 2.43142e-10 2.26186e-12 1.10716e-14
 2.56432e-27 2.59089e-27 3.46895e-26 6.77783e-20 1.6615e-14 4.92333e-10 1.76345e-06 0.000763508 0.0399593 0.252794 0.193746 0.0451599 0.207612 0.191177 0.0331122 0.0273474 0.0076044 0.000626307 9.04439e-05 4.79673e-06 2.49906e-07 8.73424e-09 1.81779e-10 1.68154e-12 6.07628e-15
 2.56421e-27 2.59053e-27 3.43284e-26 6.70163e-20 1.64282e-14 4.86798e-10 1.74363e-06 0.000754925 0.0395101 0.249952 0.191585 0.0456688 0.213004 0.196052 0.0321601 0.0239549 0.00667173 0.000590551 8.93011e-05 4.81699e-06 2.33393e-07 5.89874e-09 1.05685e-10 1.0187e-12 3.83517e-15
 2.56603e-27 2.59555e-27 3.88258e-26 7.65042e-20 1.87541e-14 5.55717e-10 1.99049e-06 0.000861804 0.0451037 0.285339 0.218576 0.0438384 0.180111 0.165813 0.0288765 0.0240791 0.00671629 0.000589012 8.91503e-05 5.16425e-06 2.67481e-07 6.7098e-09 9.82818e-11 7.29967e-13 2.65592e-15
 2.56607e-27 2.59555e-27 3.87333e-26 7.63088e-20 1.87062e-14 5.54298e-10 1.9854e-06 0.000859603 0.0449885 0.28461 0.218033 0.0446296 0.186514 0.171532 0.0264468 0.0171081 0.00476263 0.000441495 6.88549e-05 3.93814e-06 2.05655e-07 5.58762e-09 8.49072e-11 5.64427e-13 1.58915e-15
 2.56609e-27 2.59562e-27 3.88128e-26 7.64766e-20 1.87473e-14 5.55517e-10 1.98977e-06 0.000861493 0.0450874 0.285236 0.218508 0.0444781 0.185026 0.170193 0.0268215 0.018295 0.00505153 0.000383308 5.28666e-05 3.16585e-06 1.71339e-07 4.63168e-09 7.33483e-11 5.19786e-13 1.39815e-15
 2.56715e-27 2.59855e-27 4.1439e-26 8.20169e-20 2.01054e-14 5.9576e-10 2.13391e-06 0.000923903 0.0483537 0.305899 0.234269 0.0434016 0.165761 0.152483 0.0249052 0.0183852 0.00511119 0.000437012 6.44595e-05 3.30999e-06 1.58272e-07 4.47247e-09 7.22146e-11 5.21484e-13 1.4843e-15
 2.56658e-27 2.59695e-27 3.99811e-26 7.89411e-20 1.93515e-14 5.73419e-10 2.05389e-06 0.000889255 0.0465404 0.294428 0.225523 0.044251 0.178369 0.164017 0.0251162 0.0159667 0.00443566 0.0003975 6.07833e-05 3.43278e-06 1.71847e-07 4.11808e-09 6.29705e-11 4.70556e-13 1.3634e-15
 2.56541e-27 2.59369e-27 3.70217e-26 7.26977e-20 1.7821e-14 5.28067e-10 1.89145e-06 0.000818925 0.0428596 0.271142 0.207766 0.0457415 0.202188 0.185853 0.0263819 0.0133556 0.00363607 0.000228376 2.64466e-05 1.48855e-06 7.66819e-08 2.01089e-09 2.93016e-11 1.93404e-13 5.60137e-16
 2.56555e-27 2.59413e-27 3.7457e-26 7.36162e-20 1.80461e-14 5.34739e-10 1.91534e-06 0.000829271 0.043401 0.274567 0.210373 0.045205 0.196274 0.180497 0.0272747 0.0167337 0.0045609 0.000256206 2.53556e-05 1.07257e-06 4.01963e-08 1.0427e-09 1.60879e-11 1.09358e-13 2.86684e-16
 2.56533e-27 2.59359e-27 3.70542e-26 7.27668e-20 1.78379e-14 5.28569e-10 1.89324e-06 0.000819703 0.0429003 0.271399 0.207946 0.0447027 0.194157 0.178696 0.0297325 0.022787 0.00630799 0.000482578 6.48978e-05 2.59098e-06 8.09507e-08 1.48267e-09 1.86027e-11 1.28845e-13 3.5381e-16
#obs surv len freq
 1.08586e-41 1.50711e-33 2.52848e-26 5.12771e-20 1.257e-14 3.72472e-10 1.33413e-06 0.000577633 0.030231 0.191251 0.146746 0.040155 0.17315 0.146515 0.103727 0.101668 0.0441824 0.0173501 0.00392651 0.000492752 2.52365e-05 3.82782e-07 1.29274e-09 7.92269e-13 7.72383e-17
 1.60208e-41 2.22358e-33 3.73052e-26 7.56542e-20 1.85457e-14 5.49544e-10 1.96838e-06 0.000852239 0.0446028 0.282171 0.216188 0.0406673 0.126721 0.102285 0.0760837 0.0688317 0.0289266 0.010342 0.00209219 0.000225532 9.44875e-06 1.11027e-07 2.78951e-10 1.24115e-13 8.66125e-18
 1.53382e-41 2.12884e-33 3.57157e-26 7.24307e-20 1.77555e-14 5.26129e-10 1.88451e-06 0.000815926 0.0427023 0.270148 0.207236 0.0499547 0.176581 0.12876 0.0567567 0.0429398 0.0173747 0.00562724 0.00100617 9.11883e-05 3.0702e-06 2.77752e-08 5.18774e-11 1.67624e-14 8.37864e-19
 1.0746e-41 1.49148e-33 2.50227e-26 5.07454e-20 1.24396e-14 3.68609e-10 1.3203e-06 0.000571644 0.0299176 0.189269 0.145707 0.0563367 0.229543 0.16273 0.0985147 0.0663845 0.0163225 0.00402632 0.000626799 4.71089e-05 1.25076e-06 8.59385e-09 1.18767e-11 2.78729e-15 9.99292e-20
 1.50175e-41 2.08434e-33 3.49691e-26 7.09166e-20 1.73844e-14 5.1513e-10 1.84511e-06 0.00079887 0.0418097 0.264502 0.20296 0.0472349 0.142344 0.104234 0.103945 0.0691141 0.019106 0.00358963 0.000340259 1.94312e-05 4.00111e-07 2.0586e-09 2.08367e-12 3.53552e-16 9.08581e-21
 1.19579e-41 1.65968e-33 2.78445e-26 5.64681e-20 1.38425e-14 4.10178e-10 1.46919e-06 0.000636109 0.0332914 0.210615 0.162364 0.064781 0.23055 0.14381 0.0792323 0.0506852 0.0197898 0.00391789 0.000314002 1.09843e-05 1.51596e-07 5.67721e-10 4.1646e-13 5.06889e-17 9.29026e-22
 1.3765e-41 1.9105e-33 3.20525e-26 6.50019e-20 1.59345e-14 4.72167e-10 1.69123e-06 0.000732242 0.0383226 0.242443 0.18655 0.0578983 0.174965 0.116522 0.109727 0.0570294 0.0130003 0.00256781 0.000233541 6.81471e-06 5.92701e-08 1.39277e-10 7.00216e-14 6.0205e-18 7.81367e-23
 1.19433e-41 1.65766e-33 2.78106e-26 5.63994e-20 1.38256e-14 4.09679e-10 1.4674e-06 0.000635335 0.0332509 0.210361 0.16262 0.0722576 0.22725 0.133352 0.0937983 0.0494504 0.014792 0.00208793 0.0001396 3.99081e-06 2.89931e-08 4.50846e-11 1.40043e-14 7.80706e-19 6.90325e-24
 1.51288e-41 2.09977e-33 3.52281e-26 7.14418e-20 1.75131e-14 5.18946e-10 1.85878e-06 0.000804787 0.0421194 0.266465 0.205278 0.0643542 0.166779 0.104027 0.0966035 0.0424197 0.0096682 0.00139596 8.20638e-05 1.65801e-06 9.97046e-09 1.26922e-11 2.80331e-15 1.0064e-19 5.63628e-25
 1.52089e-41 2.1109e-33 3.54147e-26 7.18202e-20 1.76059e-14 5.21694e-10 1.86862e-06 0.00080905 0.0423425 0.267879 0.206982 0.0780208 0.198549 0.103592 0.0658318 0.0282053 0.00696562 0.000782742 3.79184e-05 6.46408e-07 2.80955e-09 2.65345e-12 4.5629e-16 1.22896e-20 4.81073e-26
 1.0973e-41 1.52298e-33 2.55512e-26 5.18173e-20 1.27024e-14 3.76395e-10 1.34819e-06 0.000583718 0.0305495 0.19328 0.151085 0.097099 0.257849 0.136083 0.095451 0.0319174 0.00550722 0.000570118 2.34308e-05 3.04732e-07 1.03144e-09 7.1388e-13 8.7053e-17 1.70716e-21 4.96844e-27
 1.66543e-41 2.31151e-33 3.87804e-26 7.86459e-20 1.92791e-14 5.71275e-10 2.04621e-06 0.00088594 0.0463666 0.293339 0.22649 0.0712801 0.1448 0.0940126 0.0894324 0.0284839 0.00456378 0.000333561 1.01545e-05 1.05982e-07 2.68299e-10 1.36698e-13 1.21621e-17 1.69526e-22 3.46865e-28
 1.33601e-41 1.8543e-33 3.11097e-26 6.30898e-20 1.54657e-14 4.58278e-10 1.64148e-06 0.000710702 0.0371953 0.235333 0.184377 0.110554 0.242967 0.106748 0.0575131 0.0203545 0.00397631 0.000264321 6.03741e-06 4.32654e-08 8.01092e-11 3.00129e-14 1.92182e-18 1.91872e-23 2.80332e-29
 1.1213e-41 1.55629e-33 2.61099e-26 5.29504e-20 1.29802e-14 3.84626e-10 1.37767e-06 0.000596483 0.0312176 0.197523 0.156109 0.112215 0.235809 0.137286 0.102727 0.0234881 0.00282977 0.000194378 4.32484e-06 2.39021e-08 3.0186e-11 7.7397e-15 3.50823e-19 2.49861e-24 2.59061e-30
 8.79079e-42 1.2201e-33 2.04698e-26 4.15123e-20 1.01762e-14 3.01541e-10 1.08007e-06 0.000467633 0.0244741 0.154874 0.124811 0.123736 0.249755 0.159548 0.123703 0.0339365 0.00449489 0.000194338 3.23822e-06 1.61613e-08 1.64756e-11 2.99974e-15 9.17986e-20 4.43975e-25 3.19091e-31
 1.41148e-41 1.95904e-33 3.28669e-26 6.66535e-20 1.63393e-14 4.84164e-10 1.7342e-06 0.000750847 0.0392964 0.248636 0.194911 0.0944619 0.159705 0.126839 0.10216 0.0289398 0.00410615 0.00019055 2.51092e-06 8.45673e-09 6.66661e-12 9.75812e-16 2.25474e-20 7.7089e-26 3.78256e-32
 9.72448e-42 1.34969e-33 2.26439e-26 4.59214e-20 1.12571e-14 3.33568e-10 1.19479e-06 0.000517302 0.0270736 0.171361 0.141313 0.162101 0.272832 0.126458 0.0725268 0.0224278 0.00323584 0.000150578 1.95803e-06 5.6028e-09 3.1213e-12 3.17063e-16 5.41883e-21 1.40767e-26 5.15586e-33
 1.43735e-41 1.99495e-33 3.34694e-26 6.78753e-20 1.66388e-14 4.93039e-10 1.76599e-06 0.000764611 0.0400168 0.253219 0.20041 0.107848 0.161182 0.135786 0.0838558 0.0151912 0.0016487 7.49871e-05 9.22168e-07 2.41337e-09 1.14846e-12 8.92803e-17 1.07196e-21 1.92226e-27 4.98409e-34
 1.00373e-41 1.39312e-33 2.33724e-26 4.73988e-20 1.16192e-14 3.443e-10 1.23323e-06 0.000533944 0.0279447 0.176931 0.149561 0.183758 0.261404 0.12092 0.0618427 0.0156173 0.00144431 4.19148e-05 4.15995e-07 9.56631e-10 3.91599e-13 2.53799e-17 2.4303e-22 3.28803e-28 6.11738e-35
 1.28958e-41 1.78986e-33 3.00286e-26 6.08973e-20 1.49283e-14 4.42352e-10 1.58443e-06 0.000686004 0.0359029 0.227251 0.18442 0.13233 0.181258 0.15215 0.0738363 0.0112061 0.000932111 2.64397e-05 1.84989e-07 2.9905e-10 9.6232e-14 5.06513e-18 3.90742e-23 4.19096e-29 6.06049e-36
 1.41269e-41 1.96072e-33 3.28952e-26 6.67108e-20 1.63534e-14 4.8458e-10 1.73569e-06 0.000751493 0.0393304 0.248994 0.204828 0.159754 0.187805 0.101135 0.0472427 0.00951427 0.000630417 1.26089e-05 7.44373e-08 9.23398e-11 2.04973e-14 7.62922e-19 4.39644e-24 3.6217e-30 4.04317e-37
 1.13041e-41 1.56894e-33 2.63222e-26 5.33808e-20 1.30857e-14 3.87753e-10 1.38887e-06 0.000601332 0.0314718 0.199381 0.172937 0.19683 0.225421 0.12246 0.0442315 0.00625168 0.000406227 7.61776e-06 3.27548e-08 2.99763e-11 5.07862e-15 1.37201e-19 5.48863e-25 3.1412e-31 2.49836e-38
 1.37775e-41 1.91223e-33 3.20816e-26 6.50608e-20 1.59489e-14 4.72594e-10 1.69276e-06 0.000732905 0.0383578 0.242931 0.203378 0.160203 0.178881 0.126193 0.0438047 0.00526837 0.000244471 3.59689e-06 1.34088e-08 9.56852e-12 1.16052e-15 2.25769e-20 6.60427e-26 2.73155e-32 1.53383e-39
 1.35602e-41 1.88207e-33 3.15756e-26 6.40347e-20 1.56973e-14 4.65141e-10 1.66606e-06 0.000721347 0.0377532 0.239248 0.207196 0.194155 0.188131 0.0965914 0.0319113 0.00412454 0.000165454 1.77771e-06 4.74457e-09 2.61607e-12 2.48528e-16 3.60399e-21 7.53205e-27 2.20397e-33 8.82114e-41
 1.18899e-41 1.65025e-33 2.76863e-26 5.61473e-20 1.37638e-14 4.07848e-10 1.46084e-06 0.000632495 0.0331036 0.209986 0.190574 0.21408 0.206692 0.112573 0.0293929 0.00285933 0.000104325 9.93859e-07 2.00993e-09 7.76284e-13 5.23935e-17 5.60864e-22 8.7803e-28 1.90074e-34 5.50307e-42
 1.06453e-41 1.4775e-33 2.47881e-26 5.02697e-20 1.2323e-14 3.65154e-10 1.30792e-06 0.000566286 0.0296389 0.188221 0.178341 0.221647 0.21747 0.129216 0.0320852 0.00273939 7.42019e-05 5.47396e-07 9.12788e-10 2.7599e-13 1.34893e-17 1.00662e-22 1.10021e-28 1.69412e-35 3.55015e-43
 1.05218e-41 1.46035e-33 2.45004e-26 4.96864e-20 1.218e-14 3.60917e-10 1.29274e-06 0.000559715 0.0292957 0.186205 0.180103 0.221602 0.216688 0.131348 0.0315558 0.00258094 5.97966e-05 3.35423e-07 4.05999e-10 9.23373e-14 3.46425e-18 1.94245e-23 1.53835e-29 1.66925e-36 2.4349e-44
 1.27253e-41 1.76619e-33 2.96314e-26 6.00919e-20 1.47308e-14 4.36502e-10 1.56348e-06 0.000676933 0.0354301 0.224911 0.205286 0.200486 0.192236 0.112143 0.0266258 0.00215588 4.83548e-05 2.48994e-07 2.54502e-10 4.61089e-14 1.36568e-18 6.17034e-24 4.01271e-30 3.58929e-37 4.27736e-45
#pred catch len freq
 2.55414e-27 2.56468e-27 1.31165e-26 2.22745e-20 5.46032e-15 1.61799e-10 5.79537e-07 0.000250917 0.0131321 0.0830781 0.0640429 0.0381391 0.245305 0.227662 0.0696437 0.102363 0.0439476 0.0336034 0.0203494 0.0152398 0.0117879 0.0100613 0.00996569 0.00876171 0.00266615
 2.55877e-27 2.57704e-27 2.36518e-26 4.44979e-20 1.09081e-14 3.23227e-10 1.15775e-06 0.00050126 0.0262341 0.165965 0.127335 0.0382064 0.201356 0.187522 0.0706916 0.114222 0.0377272 0.0140237 0.00610329 0.00341196 0.00214892 0.0015689 0.00137426 0.00120561 0.000401605
 2.56139e-27 2.58342e-27 2.85591e-26 5.48476e-20 1.34452e-14 3.98406e-10 1.42702e-06 0.000617847 0.0323359 0.204566 0.156889 0.043193 0.218539 0.201959 0.0475935 0.0579257 0.020944 0.0105042 0.00316718 0.000888472 0.000364833 0.000202296 0.000146365 0.000120298 4.14416e-05
 2.55983e-27 2.57906e-27 2.45776e-26 4.64478e-20 1.13861e-14 3.37391e-10 1.20848e-06 0.000523225 0.0273837 0.173238 0.133 0.0452104 0.250677 0.231553 0.0517604 0.0598034 0.0188108 0.00548978 0.00181256 0.00055759 0.00011375 3.35144e-05 1.70286e-05 1.2001e-05 4.08596e-06
 2.56013e-27 2.58004e-27 2.55963e-26 4.85974e-20 1.19131e-14 3.53006e-10 1.26441e-06 0.00054744 0.028651 0.181255 0.139096 0.0436275 0.234348 0.216806 0.054981 0.0708524 0.0220213 0.0058719 0.00153744 0.000317874 7.03336e-05 1.17044e-05 2.62756e-06 1.31055e-06 4.17255e-07
 2.56108e-27 2.58245e-27 2.75546e-26 5.2728e-20 1.29256e-14 3.83009e-10 1.37188e-06 0.00059397 0.0310862 0.196661 0.150874 0.0444968 0.232688 0.214927 0.0483538 0.0562124 0.0176151 0.00496079 0.00126961 0.000221934 3.32784e-05 4.708e-06 5.51367e-07 1.15372e-07 3.03393e-08
 2.561e-27 2.58217e-27 2.72628e-26 5.21121e-20 1.27747e-14 3.78536e-10 1.35585e-06 0.000587032 0.0307232 0.194364 0.149127 0.0449468 0.23734 0.219151 0.0478669 0.0540129 0.0165545 0.00406827 0.00103887 0.000189541 2.5786e-05 2.58678e-06 2.11946e-07 1.70203e-08 2.43482e-09
 2.56162e-27 2.58383e-27 2.87009e-26 5.51459e-20 1.35183e-14 4.00573e-10 1.43478e-06 0.000621207 0.0325117 0.205679 0.157764 0.0447883 0.230065 0.212383 0.0456733 0.050701 0.0153541 0.00346221 0.000839417 0.000136065 1.86756e-05 1.78599e-06 1.06059e-07 4.61433e-09 2.2826e-10
 2.5627e-27 2.58667e-27 3.11361e-26 6.02828e-20 1.47776e-14 4.37887e-10 1.56844e-06 0.000679073 0.0355402 0.224838 0.172392 0.0446813 0.218974 0.202004 0.0412325 0.0431789 0.0129679 0.00275498 0.000646938 9.57168e-05 1.18998e-05 1.07043e-06 6.05734e-08 1.86993e-09 3.73272e-11
 2.56457e-27 2.5917e-27 3.55282e-26 6.95481e-20 1.70489e-14 5.05189e-10 1.8095e-06 0.000783445 0.0410027 0.259395 0.198767 0.0438885 0.19441 0.179215 0.0349819 0.0346554 0.0103146 0.00204448 0.000468027 6.54727e-05 7.6108e-06 6.13611e-07 3.17701e-08 9.03576e-10 1.17767e-11
 2.5632e-27 2.58787e-27 3.20523e-26 6.22151e-20 1.52513e-14 4.51923e-10 1.61871e-06 0.00070084 0.0366794 0.232045 0.177911 0.0456901 0.222772 0.205209 0.0363526 0.0312342 0.00922345 0.0017356 0.000387958 5.10871e-05 5.66912e-06 4.25191e-07 1.97432e-08 5.06311e-10 5.8321e-12
 2.56386e-27 2.58975e-27 3.37922e-26 6.58859e-20 1.61511e-14 4.78587e-10 1.71422e-06 0.000742191 0.0388436 0.245736 0.188346 0.0444822 0.206249 0.190135 0.0368381 0.0361221 0.0104865 0.00162628 0.000343689 4.29666e-05 4.54947e-06 3.20335e-07 1.38137e-08 3.17874e-10 3.2711e-12
 2.5656e-27 2.59437e-27 3.77793e-26 7.42966e-20 1.82129e-14 5.39681e-10 1.93305e-06 0.000836936 0.0438022 0.277105 0.212294 0.0441533 0.186921 0.172083 0.0297193 0.0244431 0.0071403 0.00121635 0.000254196 2.64544e-05 2.57744e-06 1.70961e-07 6.89754e-09 1.4659e-10 1.3555e-12
 2.5632e-27 2.58771e-27 3.17554e-26 6.15883e-20 1.50976e-14 4.47369e-10 1.6024e-06 0.000693779 0.0363099 0.229707 0.176148 0.0470582 0.234422 0.215663 0.032831 0.020558 0.00579338 0.000673185 0.000126468 1.37723e-05 1.24372e-06 7.00248e-08 2.6083e-09 5.1619e-11 4.39328e-13
 2.56131e-27 2.5827e-27 2.743e-26 5.24638e-20 1.28609e-14 3.81091e-10 1.365e-06 0.000590994 0.0309305 0.195676 0.150168 0.0473973 0.255257 0.235135 0.0407506 0.0336946 0.00940828 0.000846206 0.000133897 1.04156e-05 8.41364e-07 4.67938e-08 1.50536e-09 2.65036e-11 2.08678e-13
 2.56262e-27 2.58634e-27 3.07269e-26 5.94191e-20 1.45659e-14 4.31613e-10 1.54597e-06 0.000669344 0.0350311 0.221617 0.16995 0.0457614 0.228909 0.210971 0.0391903 0.0362255 0.0102749 0.00118123 0.000204755 1.26026e-05 7.65623e-07 3.17084e-08 9.58086e-10 1.5114e-11 1.04042e-13
 2.56389e-27 2.58964e-27 3.3503e-26 6.5275e-20 1.60014e-14 4.7415e-10 1.69832e-06 0.000735309 0.0384834 0.243457 0.186634 0.046189 0.220441 0.202845 0.0320876 0.022087 0.00621911 0.000690232 0.000120429 8.92001e-06 5.63726e-07 1.73009e-08 3.74144e-10 4.98799e-12 3.11219e-14
 2.56396e-27 2.58979e-27 3.35893e-26 6.54568e-20 1.60459e-14 4.7547e-10 1.70305e-06 0.000737357 0.0385906 0.244135 0.187157 0.0465529 0.222842 0.20497 0.0308046 0.0186234 0.00513123 0.000393506 5.56365e-05 3.93656e-06 2.58221e-07 9.25804e-09 1.7407e-10 1.61914e-12 7.92532e-15
 2.56454e-27 2.59142e-27 3.50803e-26 6.86024e-20 1.68171e-14 4.98319e-10 1.7849e-06 0.000772792 0.0404451 0.255868 0.196102 0.045686 0.209961 0.193185 0.0305712 0.021055 0.00582476 0.000460157 6.45811e-05 3.40529e-06 1.76508e-07 6.16195e-09 1.282e-10 1.1858e-12 4.28481e-15
 2.56409e-27 2.59015e-27 3.39278e-26 6.61711e-20 1.6221e-14 4.80659e-10 1.72164e-06 0.000745404 0.0390117 0.246799 0.189188 0.0463344 0.219752 0.202146 0.0308046 0.0193349 0.00535597 0.000454725 6.70352e-05 3.59568e-06 1.73386e-07 4.37732e-09 7.83888e-11 7.55515e-13 2.84427e-15
 2.56604e-27 2.5955e-27 3.87199e-26 7.62806e-20 1.86993e-14 5.54092e-10 1.98467e-06 0.000859285 0.0449719 0.284505 0.217949 0.0444132 0.184925 0.170122 0.0272091 0.0191973 0.00532823 0.000448122 6.60859e-05 3.80542e-06 1.96218e-07 4.91703e-09 7.19893e-11 5.34619e-13 1.9451e-15
 2.56597e-27 2.59522e-27 3.84014e-26 7.56084e-20 1.85345e-14 5.4921e-10 1.96718e-06 0.000851713 0.0445756 0.281998 0.216046 0.045133 0.19174 0.176256 0.0254838 0.0137265 0.0037969 0.000337183 5.13172e-05 2.918e-06 1.51688e-07 4.11697e-09 6.25337e-11 4.1565e-13 1.17023e-15
 2.56566e-27 2.59441e-27 3.76953e-26 7.41189e-20 1.81694e-14 5.38391e-10 1.92842e-06 0.000834934 0.0436975 0.276442 0.211805 0.0452259 0.195426 0.179689 0.0266725 0.0155682 0.00427789 0.000313189 4.19949e-05 2.49959e-06 1.34712e-07 3.63788e-09 5.7586e-11 4.08042e-13 1.09754e-15
 2.56665e-27 2.59713e-27 4.0141e-26 7.92784e-20 1.94341e-14 5.75868e-10 2.06266e-06 0.000893055 0.0467393 0.295686 0.226483 0.0441828 0.177176 0.162921 0.0250252 0.0160337 0.00443722 0.000365354 5.26016e-05 2.68714e-06 1.27867e-07 3.6093e-09 5.82545e-11 4.20628e-13 1.1972e-15
 2.56712e-27 2.59836e-27 4.11844e-26 8.14795e-20 1.99737e-14 5.91857e-10 2.11993e-06 0.000917849 0.0480369 0.303895 0.232752 0.0442536 0.17331 0.159257 0.02262 0.0114775 0.00316427 0.000270905 4.03043e-05 2.26235e-06 1.12714e-07 2.69813e-09 4.12369e-11 3.08113e-13 8.92708e-16
 2.56573e-27 2.59452e-27 3.77181e-26 7.41668e-20 1.81811e-14 5.38738e-10 1.92967e-06 0.000835474 0.0437257 0.276621 0.211951 0.0458264 0.199894 0.183661 0.0246493 0.00996113 0.00269033 0.000163383 1.82174e-05 1.01854e-06 5.22224e-08 1.368e-09 1.9925e-11 1.31498e-13 3.80831e-16
 2.56526e-27 2.59327e-27 3.66526e-26 7.19191e-20 1.76301e-14 5.22411e-10 1.87119e-06 0.000810153 0.0424005 0.268238 0.20555 0.0458414 0.204505 0.187995 0.0268337 0.013845 0.00375464 0.000205297 1.95501e-05 8.22605e-07 3.06471e-08 7.93955e-10 1.22447e-11 8.32246e-14 2.18167e-16
 2.56503e-27 2.59272e-27 3.6227e-26 7.10216e-20 1.74101e-14 5.15892e-10 1.84784e-06 0.000800043 0.0418714 0.26489 0.202988 0.0454487 0.203317 0.187027 0.0289876 0.0189957 0.00523473 0.000386 5.04632e-05 2.00644e-06 6.23063e-08 1.13965e-09 1.42902e-11 9.89619e-14 2.71743e-16
#obs catch len freq
 5.00644e-42 6.94861e-34 1.16577e-26 2.36417e-20 5.79547e-15 1.7173e-10 6.15111e-07 0.000266322 0.0139382 0.0881784 0.0680553 0.0398192 0.218231 0.186314 0.143852 0.143598 0.0646824 0.02613 0.00610327 0.000789286 4.204e-05 6.65124e-07 2.33628e-09 1.48294e-12 1.49116e-16
 5.7258e-42 7.94703e-34 1.33328e-26 2.70387e-20 6.62821e-15 1.96406e-10 7.03494e-07 0.000304589 0.015941 0.100849 0.0778426 0.0436606 0.223115 0.181528 0.143059 0.131069 0.056739 0.0209413 0.00443313 0.000496961 2.15789e-05 2.63089e-07 6.85146e-10 3.14851e-13 2.26056e-17
 1.07718e-41 1.49506e-33 2.50827e-26 5.08672e-20 1.24695e-14 3.69494e-10 1.32347e-06 0.000573016 0.0299894 0.189723 0.145753 0.045157 0.181744 0.140946 0.114142 0.0959342 0.0399436 0.0133397 0.00250595 0.000239209 8.41145e-06 7.87995e-08 1.51877e-10 5.05189e-14 2.59204e-18
 1.10834e-41 1.5383e-33 2.58082e-26 5.23385e-20 1.28302e-14 3.80181e-10 1.36175e-06 0.00058959 0.0308568 0.195211 0.150288 0.0583896 0.238177 0.16455 0.0773923 0.0549027 0.0218867 0.00658226 0.00108371 8.61973e-05 2.41425e-06 1.72856e-08 2.46465e-11 5.93673e-15 2.17839e-19
 7.84342e-42 1.08861e-33 1.82638e-26 3.70386e-20 9.07957e-15 2.69044e-10 9.63673e-07 0.000417237 0.0218365 0.138148 0.106975 0.0646277 0.272972 0.184173 0.117094 0.0719024 0.0172363 0.00400833 0.000570158 3.72507e-05 8.15791e-07 4.40828e-09 4.63078e-12 8.07998e-16 2.12328e-20
 1.25044e-41 1.73552e-33 2.9117e-26 5.90487e-20 1.44751e-14 4.28924e-10 1.53633e-06 0.00066518 0.0348129 0.220239 0.169397 0.052993 0.173388 0.122825 0.125729 0.0759273 0.0202535 0.00345091 0.000301854 1.50142e-05 2.53045e-07 1.01809e-09 7.80413e-13 9.82168e-17 1.84729e-21
 1.03371e-41 1.43473e-33 2.40705e-26 4.88145e-20 1.19663e-14 3.54584e-10 1.27006e-06 0.000549893 0.0287792 0.182071 0.140943 0.0734726 0.259379 0.153325 0.0868042 0.0517524 0.019268 0.00340465 0.000242941 7.35275e-06 8.36121e-08 2.44146e-10 1.35209e-13 1.21815e-17 1.63183e-22
 1.27698e-41 1.77236e-33 2.9735e-26 6.0302e-20 1.47823e-14 4.38027e-10 1.56894e-06 0.000679298 0.0355517 0.224916 0.173475 0.0643086 0.192136 0.123725 0.116308 0.0545136 0.0120319 0.00217739 0.000172014 4.2111e-06 2.986e-08 5.4974e-11 2.08786e-14 1.32703e-18 1.25744e-23
 1.14845e-41 1.59397e-33 2.67421e-26 5.42325e-20 1.32945e-14 3.93939e-10 1.41103e-06 0.000610925 0.0319734 0.202281 0.156861 0.0798217 0.239295 0.13426 0.0944133 0.0458947 0.0128705 0.00161794 9.66639e-05 2.29696e-06 1.32921e-08 1.60452e-11 3.7719e-15 1.55671e-19 1.0045e-24
 1.51552e-41 2.10344e-33 3.52896e-26 7.15666e-20 1.75437e-14 5.19852e-10 1.86203e-06 0.000806193 0.0421929 0.266932 0.205953 0.0695114 0.170911 0.103567 0.0936401 0.0373177 0.00807217 0.00104146 5.27853e-05 8.91609e-07 4.27184e-09 4.17273e-12 6.93269e-16 1.84371e-20 7.54836e-26
 1.55269e-41 2.15503e-33 3.61552e-26 7.33219e-20 1.7974e-14 5.32603e-10 1.9077e-06 0.000825967 0.0432278 0.273483 0.21165 0.0832691 0.197365 0.0984485 0.0613994 0.0242258 0.00553102 0.000549621 2.31054e-05 3.23391e-07 1.11336e-09 8.07368e-13 1.04009e-16 2.06876e-21 5.92453e-27
 1.15426e-41 1.60203e-33 2.68774e-26 5.45068e-20 1.33617e-14 3.95932e-10 1.41816e-06 0.000614016 0.0321351 0.203316 0.159321 0.103839 0.253657 0.129083 0.0870665 0.0263116 0.00425141 0.000389364 1.36149e-05 1.45084e-07 3.86415e-10 2.04151e-13 1.86252e-17 2.69233e-22 5.71925e-28
 1.72606e-41 2.39566e-33 4.01922e-26 8.1509e-20 1.9981e-14 5.92072e-10 2.12071e-06 0.000918193 0.0480546 0.304021 0.234996 0.0748728 0.140449 0.0901322 0.0799112 0.0230442 0.00337771 0.000216048 5.63826e-06 4.77687e-08 9.46053e-11 3.66917e-14 2.4352e-18 2.49854e-23 3.72807e-29
 1.40019e-41 1.94337e-33 3.2604e-26 6.61203e-20 1.62086e-14 4.80291e-10 1.72032e-06 0.000744841 0.038982 0.246643 0.193712 0.116431 0.234117 0.0985088 0.0510644 0.0167193 0.00290693 0.000166289 3.20001e-06 1.86204e-08 2.69362e-11 7.65246e-15 3.64774e-19 2.6768e-24 2.84923e-30
 1.19165e-41 1.65393e-33 2.77481e-26 5.62726e-20 1.37946e-14 4.08758e-10 1.46411e-06 0.000633908 0.0331762 0.209923 0.166418 0.118952 0.228977 0.131196 0.0900496 0.0184918 0.00205663 0.000122076 2.23487e-06 9.8777e-09 9.70885e-12 1.88782e-15 6.36214e-20 3.32601e-25 2.5103e-31
 9.47416e-42 1.31495e-33 2.2061e-26 4.47393e-20 1.09673e-14 3.24982e-10 1.16403e-06 0.000503986 0.0263767 0.166923 0.135126 0.132109 0.244468 0.154568 0.109288 0.0273433 0.00317332 0.000117762 1.6448e-06 6.50228e-09 5.09747e-12 7.0063e-16 1.59334e-20 5.6549e-26 2.95582e-32
 1.49816e-41 2.07934e-33 3.48853e-26 7.07466e-20 1.73427e-14 5.13896e-10 1.84069e-06 0.000796956 0.0417095 0.263912 0.207284 0.0986398 0.153228 0.120966 0.0877506 0.022777 0.00282309 0.000110425 1.18757e-06 3.18306e-09 1.931e-12 2.12129e-16 3.62957e-21 9.10304e-27 3.25093e-33
 1.0491e-41 1.45608e-33 2.44287e-26 4.9541e-20 1.21444e-14 3.5986e-10 1.28896e-06 0.000558076 0.0292076 0.184884 0.153239 0.170127 0.261073 0.117971 0.0628322 0.0177975 0.00222185 8.68599e-05 9.10162e-07 2.0366e-09 8.68255e-13 6.62251e-17 8.36319e-22 1.58912e-27 4.23206e-34
 1.53091e-41 2.12481e-33 3.56481e-26 7.22936e-20 1.77219e-14 5.25133e-10 1.88094e-06 0.000814382 0.0426216 0.269714 0.213911 0.111344 0.153347 0.126724 0.0690056 0.011377 0.00109756 4.16961e-05 4.09825e-07 8.31428e-10 2.99923e-13 1.74102e-17 1.54307e-22 2.02288e-28 3.80516e-35
 1.08705e-41 1.50875e-33 2.53124e-26 5.13331e-20 1.25837e-14 3.72878e-10 1.33559e-06 0.000578264 0.0302643 0.191643 0.16284 0.190707 0.247519 0.111381 0.052295 0.0118191 0.000928177 2.27492e-05 1.81575e-07 3.21653e-10 9.91762e-14 4.77332e-18 3.36144e-23 3.32106e-29 4.48667e-36
 1.38789e-41 1.9263e-33 3.23177e-26 6.55397e-20 1.60663e-14 4.76073e-10 1.70522e-06 0.0007383 0.0386399 0.244596 0.199038 0.136081 0.172762 0.139833 0.0595327 0.00817414 0.000589215 1.36866e-05 7.61956e-08 9.53269e-11 2.30635e-14 8.97564e-19 5.07238e-24 3.96098e-30 4.1516e-37
 1.50833e-41 2.09346e-33 3.51222e-26 7.1227e-20 1.74605e-14 5.17385e-10 1.85319e-06 0.000802368 0.0419931 0.265881 0.219348 0.161772 0.174103 0.0906635 0.0382724 0.00677883 0.000377816 6.26489e-06 2.92328e-08 2.77521e-11 4.6265e-15 1.27265e-19 5.35733e-25 3.20241e-31 2.58402e-38
 1.22375e-41 1.69848e-33 2.84956e-26 5.77884e-20 1.41662e-14 4.19769e-10 1.50354e-06 0.000650983 0.0340705 0.21589 0.18803 0.200564 0.211352 0.10964 0.0351162 0.00443729 0.000243671 3.68973e-06 1.24676e-08 8.7319e-12 1.10592e-15 2.20297e-20 6.43763e-26 2.67097e-32 1.53146e-39
 1.47887e-41 2.05258e-33 3.44363e-26 6.98361e-20 1.71195e-14 5.07282e-10 1.817e-06 0.000786699 0.0411734 0.260803 0.218888 0.161596 0.167688 0.111355 0.0339781 0.0035876 0.000140156 1.6763e-06 4.86445e-09 2.63417e-12 2.38444e-16 3.41477e-21 7.28183e-27 2.18241e-33 8.84277e-41
 1.45426e-41 2.01842e-33 3.38631e-26 6.86737e-20 1.68345e-14 4.98839e-10 1.78676e-06 0.000773605 0.0404885 0.256642 0.222864 0.194183 0.173346 0.084131 0.0247196 0.00275799 9.15633e-05 7.93078e-07 1.64938e-09 6.88508e-13 4.85888e-17 5.17639e-22 7.8845e-28 1.67046e-34 4.81693e-42
 1.28671e-41 1.78588e-33 2.99618e-26 6.07619e-20 1.48951e-14 4.41368e-10 1.58091e-06 0.000684479 0.0358246 0.227326 0.2069 0.214977 0.192564 0.0974358 0.0223381 0.00189153 5.70129e-05 4.31504e-07 6.74361e-10 1.96854e-13 9.85851e-18 7.73194e-23 8.79974e-29 1.37827e-35 2.87695e-43
 1.16127e-41 1.61177e-33 2.70408e-26 5.48381e-20 1.34429e-14 3.98338e-10 1.42678e-06 0.000617749 0.032333 0.205428 0.195143 0.223583 0.204988 0.111814 0.0242784 0.00177286 3.94977e-05 2.31715e-07 2.967e-10 6.74102e-14 2.4405e-18 1.33401e-23 1.05883e-29 1.17695e-36 1.77362e-44
 1.14965e-41 1.59564e-33 2.67701e-26 5.42892e-20 1.33084e-14 3.94351e-10 1.4125e-06 0.000611566 0.0320093 0.203343 0.191973 0.216424 0.208647 0.118584 0.0264222 0.0019445 3.95194e-05 1.8981e-07 1.92594e-10 3.61536e-14 1.10929e-18 5.05954e-24 3.24527e-30 2.84063e-37 3.33085e-45
#spawning biomass
 23454.6 26302.2 42649.6 56762.8 65312.3 90868.9 109843 119477 162672 253296 291294 352249 361848 419947 361205 320916 281660 321067 344814 351618 413230 461273 540379 606166 455443 523891 503908 519896 524077 6281.22 6281.22 6281.22 6281.22 6281.22 6281.22 6281.22 6281.22 6281.22 6281.22 6281.22 6281.22 6281.22 6281.22 6281.22 6281.22 6281.22 6281.22 6281.22 6281.22 6281.22 6281.22 6281.22 6281.22 6281.22 6281.22 6281.22 6281.22 6281.22 6281.22 6281.22 6281.22 6281.22 6281.22 6281.22 6281.22 6281.22 6281.22 6281.22 6281.22 6281.22 6281.22 6281.22 6281.22 6281.22 6281.22 6281.22 6281.22 6281.22 6281.22 6281.22 6281.22 6281.22 6281.22 6281.22 6281.22 6281.22 6281.22 6281.22 6281.22 6281.22 6281.22 6281.22 6281.22 6281.22 6281.22 6281.22 6281.22 6281.22 6281.22 6281.22 6281.22 6281.22 6281.22 6281.22 6281.22 6281.22 6281.22 6281.22 6281.22 6281.22 6281.22 6281.22 6281.22 6281.22 6281.22 6281.22 6281.22 6281.22 6281.22 6281.22 6281.22 6281.22 6281.22 6281.22 6281.22 6281.22 6281.22 6281.22 0 0 0 0 0 0 0 0 0 0 0 0 0 0 0 0 0 0 0 0 0 0 0 0 0
