SBPRF35
0.827133
Curr Bio
122735
B35
582957
F35
0.255017
FOFL
0
OFL
0
Bzero
236324
#pred survey bio
 12859.2 10713.1 13828.1 19673.7 24139.5 29319.5 33409.9 37404.9 42831.8 56941.3 73548.2 85703.2 103832 126781 133541 111630 107671 100309 103253 96010.3 100030 103951 116218 129088 129494 143642 121276 98182.2 1.79199e+06 2.86922e+06 3.57453e+06 3.62181e+06 3.37218e+06 3.04249e+06 2.73137e+06 2.47467e+06 2.27766e+06 2.1329e+06 2.0294e+06 1.95659e+06 1.90583e+06 1.87051e+06 1.84555e+06 1.82736e+06 1.81478e+06 1.80594e+06 1.79963e+06 1.79504e+06 1.79166e+06 1.78913e+06 1.78721e+06 1.78572e+06 1.78457e+06 1.78366e+06 1.78294e+06 1.78237e+06 1.78191e+06 1.78154e+06 1.78124e+06 1.781e+06 1.7808e+06 1.78064e+06 1.78051e+06 1.7804e+06 1.78031e+06 1.78024e+06 1.78018e+06 1.78014e+06 1.7801e+06 1.78007e+06 1.78004e+06 1.78002e+06 1.78e+06 1.77999e+06 1.77998e+06 1.77997e+06 1.77996e+06 1.77995e+06 1.77995e+06 1.77994e+06 1.77994e+06 1.77994e+06 1.77993e+06 1.77993e+06 1.77993e+06 1.77993e+06 1.77993e+06 1.77993e+06 1.77993e+06 1.77993e+06 1.77993e+06 1.77992e+06 1.77992e+06 1.77992e+06 1.77992e+06 1.77992e+06 1.77992e+06 1.77992e+06 1.77992e+06 1.77992e+06 1.77992e+06 1.77992e+06 1.77992e+06 1.77992e+06 1.77992e+06 1.77992e+06 1.77992e+06 1.77992e+06 1.77992e+06 1.77992e+06 1.77992e+06 1.77992e+06 1.77992e+06 1.77992e+06 1.77992e+06 1.77992e+06 1.77992e+06 1.77992e+06 1.77992e+06 1.77992e+06 1.77992e+06 1.77992e+06 1.77992e+06 1.77992e+06 1.77992e+06 1.77992e+06 1.77992e+06 1.77992e+06 0 0 0 0 0 0 0 0 0 0 0 0 0 0 0 0 0 0 0 0 0 0 0 0 0
#obs survey bio
 11742.7 13062 24255.1 23475.2 25892.2 25679.8 27742 26814.6 45295.6 46014 73698.4 57093.3 96555.7 158981 109978 67768 90683.3 88473.9 75876.2 69509.5 82868.8 89396.6 88982.3 114288 97007.8 100334 131774 76353.7
#pred catch bio
 8560.69 6088.11 7042.6 11404.6 14384.8 18789.9 22097.4 25383 28484.8 38366.5 52605.8 63988.8 76013.5 91150.1 107473 87400.1 87971.2 79509.3 86015.7 78610.5 85194.7 84959.8 96203.7 114647 106597 129487 108660 94412.1 0 23278.3 33372.5 33688.6 30726.8 27148.1 23889 21257.4 19276.3 17851.4 16858.5 16182.3 15729.3 15429.6 15231.7 15100.5 15017.3 14964.5 14931 14909.7 14896.2 14887.7 14882.2 14878.8 14876.6 14875.2 14874.3 14873.8 14873.4 14873.2 14873.1 14873 14872.9 14872.9 14872.8 14872.8 14872.8 14872.8 14872.8 14872.8 14872.8 14872.8 14872.8 14872.8 14872.8 14872.8 14872.8 14872.8 14872.8 14872.8 14872.8 14872.8 14872.8 14872.8 14872.8 14872.8 14872.8 14872.8 14872.8 14872.8 14872.8 14872.8 14872.8 14872.8 14872.8 14872.8 14872.8 14872.8 14872.8 14872.8 14872.8 14872.8 14872.8 14872.8 14872.8 14872.8 14872.8 14872.8 14872.8 14872.8 14872.8 14872.8 14872.8 14872.8 14872.8 14872.8 14872.8 14872.8 14872.8 14872.8 14872.8 14872.8 14872.8 14872.8 14872.8 14872.8 14872.8 14872.8 14872.8 14872.8 0 0 0 0 0 0 0 0 0 0 0 0 0 0 0 0 0 0 0 0 0 0 0 0 0
#obs catch bio
 6057.97 6119.59 6903.65 11158.1 14420.2 18492.2 21972.8 25281.5 28079.5 37630.1 51610.6 63418.2 73539.1 89505.2 105283 88287.5 87336.8 77337.9 85192.7 77409.1 84616.6 82979.9 94314.5 111989 102936 127708 106006 94227.3
#pred cpue bio
 9764.84 7502.51 8756.09 12899 16037.8 19129 21573.9 23906.9 26486.6 33116.5 43828.4 51230.3 58080.3 73551.3 85298.6 69211.4 64328.8 58845.3 59839.6 55685.7 55553.3 55965.4 63977.6 69660.7 67878.5 79519.5 67464.2 56339.3 917566 2.32837e+06 3.4313e+06 3.51806e+06 3.25458e+06 2.91823e+06 2.60511e+06 2.34789e+06 2.15074e+06 2.00596e+06 1.90244e+06 1.82963e+06 1.77887e+06 1.74355e+06 1.71859e+06 1.7004e+06 1.68782e+06 1.67898e+06 1.67267e+06 1.66809e+06 1.66471e+06 1.66217e+06 1.66025e+06 1.65876e+06 1.65761e+06 1.6567e+06 1.65598e+06 1.65541e+06 1.65495e+06 1.65458e+06 1.65428e+06 1.65404e+06 1.65384e+06 1.65368e+06 1.65355e+06 1.65344e+06 1.65336e+06 1.65329e+06 1.65323e+06 1.65318e+06 1.65314e+06 1.65311e+06 1.65308e+06 1.65306e+06 1.65304e+06 1.65303e+06 1.65302e+06 1.65301e+06 1.653e+06 1.65299e+06 1.65299e+06 1.65298e+06 1.65298e+06 1.65298e+06 1.65298e+06 1.65297e+06 1.65297e+06 1.65297e+06 1.65297e+06 1.65297e+06 1.65297e+06 1.65297e+06 1.65297e+06 1.65297e+06 1.65297e+06 1.65297e+06 1.65297e+06 1.65297e+06 1.65297e+06 1.65297e+06 1.65297e+06 1.65297e+06 1.65297e+06 1.65297e+06 1.65297e+06 1.65297e+06 1.65297e+06 1.65297e+06 1.65297e+06 1.65297e+06 1.65297e+06 1.65297e+06 1.65297e+06 1.65297e+06 1.65297e+06 1.65297e+06 1.65297e+06 1.65297e+06 1.65297e+06 1.65297e+06 1.65297e+06 1.65297e+06 1.65297e+06 1.65297e+06 1.65297e+06 1.65297e+06 1.65297e+06 1.65297e+06 1.65297e+06 1.65297e+06 0 0 0 0 0 0 0 0 0 0 0 0 0 0 0 0 0 0 0 0 0 0 0 0 0
#obs cpue bio
 8696.08 5490.88 8104.82 12827.1 13494.9 30312.4 28036 32495.6 38764.8 51708.1 54579.9 101742 98225.4 68679 144107 90222.3 86905.2 123701 74910.6 107684 78380.8 85709.4 123276 124947 134324 136760 97973.6 92579
#pred surv len freq
 2.56099e-27 2.58258e-27 2.81874e-26 5.40649e-20 1.32534e-14 3.92721e-10 1.40666e-06 0.00060903 0.0318744 0.201647 0.15461 0.0400181 0.195976 0.181249 0.0455815 0.058801 0.0250876 0.0190354 0.0115916 0.00873543 0.00679977 0.00584056 0.00582513 0.00514735 0.00156943
 2.56384e-27 2.59043e-27 3.51269e-26 6.87042e-20 1.6842e-14 4.99059e-10 1.78755e-06 0.000773939 0.0405052 0.256247 0.196269 0.0379723 0.151142 0.140456 0.0491726 0.0769776 0.0262258 0.0110564 0.00491341 0.00277257 0.00175266 0.00128671 0.00113584 0.0010032 0.000335105
 2.56642e-27 2.59714e-27 4.07654e-26 8.05979e-20 1.97576e-14 5.85453e-10 2.09699e-06 0.000907918 0.0475172 0.300607 0.230159 0.0390737 0.135713 0.125569 0.0347735 0.0479949 0.0191218 0.0121209 0.00393318 0.0012471 0.000522025 0.00029052 0.000211741 0.000175521 6.06914e-05
 2.56434e-27 2.5914e-27 3.5587e-26 6.96734e-20 1.70796e-14 5.06099e-10 1.81276e-06 0.000784856 0.0410766 0.259862 0.199083 0.0413675 0.175002 0.161721 0.039344 0.0492077 0.0178009 0.00911325 0.00369975 0.00140647 0.000325199 0.000101751 5.21004e-05 3.70765e-05 1.2686e-05
 2.56439e-27 2.59169e-27 3.59855e-26 7.05146e-20 1.72858e-14 5.12209e-10 1.83465e-06 0.000794332 0.0415725 0.262999 0.201457 0.0400004 0.162931 0.150925 0.0436584 0.0617239 0.0209488 0.00858523 0.00296993 0.00104263 0.000304945 5.99705e-05 1.46873e-05 7.43516e-06 2.38235e-06
 2.5649e-27 2.59301e-27 3.70923e-26 7.28491e-20 1.78581e-14 5.29167e-10 1.89539e-06 0.00082063 0.0429488 0.271706 0.20811 0.0402374 0.16006 0.148107 0.0400787 0.0543275 0.0196062 0.0097775 0.00308891 0.000858589 0.000215177 4.6857e-05 6.85507e-06 1.58391e-06 4.21639e-07
 2.56471e-27 2.59237e-27 3.64134e-26 7.14165e-20 1.75069e-14 5.18761e-10 1.85811e-06 0.000804493 0.0421042 0.266363 0.204047 0.0413345 0.171264 0.15828 0.0389094 0.04903 0.0169316 0.00741035 0.00253701 0.000787203 0.0001617 2.89992e-05 4.03932e-06 4.31155e-07 6.69921e-08
 2.56502e-27 2.59321e-27 3.71427e-26 7.29551e-20 1.78841e-14 5.29937e-10 1.89814e-06 0.000821824 0.0430113 0.272102 0.208426 0.04117 0.166935 0.154309 0.0386502 0.0493961 0.0163916 0.00613937 0.00193755 0.000556965 0.000127712 2.0587e-05 2.31397e-06 1.82952e-07 1.23713e-08
 2.56586e-27 2.59541e-27 3.90129e-26 7.69e-20 1.88511e-14 5.58592e-10 2.00078e-06 0.000866263 0.0453371 0.286815 0.219663 0.0412567 0.159701 0.147493 0.0349126 0.0425738 0.0141094 0.00524758 0.0015487 0.000381077 7.87529e-05 1.31757e-05 1.37813e-06 8.53209e-08 3.25137e-09
 2.56744e-27 2.59961e-27 4.26475e-26 8.45673e-20 2.07306e-14 6.14286e-10 2.20027e-06 0.000952633 0.0498574 0.315411 0.241492 0.0408398 0.141191 0.130274 0.0293582 0.0342119 0.0111339 0.00383176 0.00111991 0.000267927 4.8389e-05 7.07193e-06 7.30218e-07 4.13309e-08 1.13501e-09
 2.56612e-27 2.59591e-27 3.9261e-26 7.74227e-20 1.89792e-14 5.62389e-10 2.01438e-06 0.000872151 0.0456452 0.288764 0.221175 0.0427555 0.170043 0.156702 0.03048 0.0300946 0.00953667 0.00290207 0.000810552 0.000180227 3.16404e-05 4.14723e-06 3.68802e-07 1.98976e-08 4.7991e-10
 2.56628e-27 2.59641e-27 3.97673e-26 7.8491e-20 1.92411e-14 5.70149e-10 2.04218e-06 0.000884185 0.046275 0.292749 0.224207 0.0420856 0.162816 0.150176 0.0319361 0.0350321 0.0106274 0.0024365 0.000626721 0.000123488 2.00582e-05 2.48094e-06 1.98716e-07 9.26788e-09 2.07108e-10
 2.56789e-27 2.6007e-27 4.3494e-26 8.63526e-20 2.11683e-14 6.27255e-10 2.24672e-06 0.000972745 0.0509099 0.32207 0.246588 0.0415821 0.143259 0.131979 0.0259912 0.0260607 0.00800414 0.00200951 0.000485434 7.32595e-05 1.0355e-05 1.14508e-06 8.464e-08 3.52835e-09 6.86974e-11
 2.56647e-27 2.59677e-27 3.9935e-26 7.88443e-20 1.93277e-14 5.72715e-10 2.05137e-06 0.000888165 0.0464833 0.294067 0.225232 0.0432916 0.171273 0.157685 0.0279167 0.0239694 0.00719376 0.00155609 0.000374672 5.96684e-05 7.15951e-06 6.27162e-07 4.02489e-08 1.51791e-09 2.62317e-11
 2.56384e-27 2.58979e-27 3.39045e-26 6.61231e-20 1.62093e-14 4.8031e-10 1.72039e-06 0.000744863 0.0389834 0.24662 0.189011 0.0438208 0.200749 0.185201 0.0385312 0.0412368 0.0122089 0.00228824 0.000519026 7.36575e-05 8.95126e-06 7.33089e-07 3.67344e-08 1.16013e-09 1.78431e-11
 2.56532e-27 2.59386e-27 3.7568e-26 7.38517e-20 1.81038e-14 5.36449e-10 1.92147e-06 0.000831924 0.0435399 0.275446 0.210996 0.042227 0.173174 0.159859 0.0359173 0.041676 0.0126648 0.00291051 0.000664557 8.13277e-05 8.8647e-06 6.80835e-07 3.24957e-08 8.21675e-10 1.03358e-11
 2.56609e-27 2.59586e-27 3.92337e-26 7.73652e-20 1.89652e-14 5.61971e-10 2.01289e-06 0.000871503 0.0456113 0.28855 0.221009 0.0426125 0.169073 0.155855 0.0312194 0.0319802 0.00989129 0.00259335 0.000630024 9.15862e-05 9.6158e-06 6.3608e-07 2.75725e-08 6.50837e-10 6.72126e-12
 2.56617e-27 2.59596e-27 3.92268e-26 7.73504e-20 1.89615e-14 5.61864e-10 2.0125e-06 0.000871337 0.0456026 0.288495 0.22098 0.0434266 0.175288 0.161412 0.0289853 0.0254626 0.00756086 0.0014936 0.000355471 5.76304e-05 6.80823e-06 4.89282e-07 1.87657e-08 3.92137e-10 3.69916e-12
 2.56671e-27 2.59746e-27 4.05882e-26 8.02224e-20 1.96655e-14 5.82725e-10 2.08722e-06 0.000903688 0.0472958 0.299206 0.229147 0.0427083 0.164083 0.151153 0.0286282 0.0272225 0.00796469 0.0013497 0.000292474 3.75697e-05 4.50033e-06 3.66689e-07 1.56658e-08 3.06475e-10 2.53819e-12
 2.56624e-27 2.59609e-27 3.92871e-26 7.74773e-20 1.89926e-14 5.62785e-10 2.0158e-06 0.000872765 0.0456774 0.288968 0.221348 0.0438678 0.178387 0.164167 0.0275766 0.0215501 0.00628091 0.00105494 0.000221374 2.40371e-05 2.38946e-06 1.70752e-07 8.02305e-09 1.75454e-10 1.41906e-12
 2.56772e-27 2.60017e-27 4.29556e-26 8.52165e-20 2.08898e-14 6.19002e-10 2.21716e-06 0.000959947 0.0502401 0.317833 0.243364 0.0422963 0.15096 0.138975 0.0252371 0.0225496 0.00647942 0.000902088 0.000179913 1.93719e-05 1.76982e-06 1.02831e-07 4.0589e-09 9.18607e-11 8.24541e-13
 2.56798e-27 2.60077e-27 4.33745e-26 8.60999e-20 2.11064e-14 6.25419e-10 2.24015e-06 0.000969898 0.0507609 0.321128 0.245893 0.0431006 0.155304 0.142756 0.021775 0.0137096 0.00392233 0.000559657 0.000109092 9.75491e-06 8.28941e-07 4.56332e-08 1.50275e-09 2.79929e-11 2.47376e-13
 2.56754e-27 2.59958e-27 4.23481e-26 8.39347e-20 2.05756e-14 6.09691e-10 2.18381e-06 0.000945507 0.0494844 0.313052 0.239728 0.0431971 0.16037 0.147487 0.0236465 0.016778 0.00471347 0.000499287 8.7786e-05 8.04322e-06 6.37726e-07 2.98666e-08 9.15337e-10 1.46224e-11 1.06192e-13
 2.5681e-27 2.60112e-27 4.37261e-26 8.68418e-20 2.12882e-14 6.30808e-10 2.25945e-06 0.000978255 0.0511983 0.323895 0.247999 0.0426765 0.150597 0.138492 0.0224825 0.0163904 0.00463821 0.000546933 9.70969e-05 6.86015e-06 4.84424e-07 2.22463e-08 5.94544e-10 8.4401e-12 5.33525e-14
 2.56844e-27 2.60198e-27 4.44077e-26 8.82793e-20 2.16406e-14 6.4125e-10 2.29685e-06 0.000994448 0.0520458 0.329256 0.252099 0.0430815 0.150798 0.138529 0.0197807 0.0102241 0.00284589 0.000290684 4.89505e-05 3.66461e-06 2.42597e-07 8.72234e-09 2.16459e-10 2.77794e-12 1.53119e-14
 2.56726e-27 2.59881e-27 4.16343e-26 8.24288e-20 2.02064e-14 5.98753e-10 2.14463e-06 0.000928544 0.0485966 0.307436 0.235446 0.0436345 0.166706 0.153282 0.0237277 0.0155027 0.00430273 0.00037395 5.71484e-05 3.86619e-06 2.46914e-07 9.03275e-09 1.88442e-10 2.05881e-12 1.03304e-14
 2.56697e-27 2.59798e-27 4.08656e-26 8.08069e-20 1.98088e-14 5.86971e-10 2.10243e-06 0.000910273 0.0476404 0.301387 0.230835 0.0441588 0.173935 0.159881 0.0235837 0.0135163 0.00375032 0.000343668 5.32813e-05 3.06614e-06 1.68311e-07 5.5696e-09 1.14778e-10 1.13655e-12 4.75244e-15
 2.56615e-27 2.59577e-27 3.89233e-26 7.67096e-20 1.88044e-14 5.57209e-10 1.99583e-06 0.000864118 0.0452248 0.286105 0.219174 0.0446459 0.185835 0.170888 0.0260182 0.0162924 0.00451083 0.000379262 5.61477e-05 3.37796e-06 1.83247e-07 5.04469e-09 9.03317e-11 8.4189e-13 3.29694e-15
#obs surv len freq
 1.08506e-41 1.50599e-33 2.52662e-26 5.12393e-20 1.25607e-14 3.72197e-10 1.33315e-06 0.000577207 0.0302087 0.19111 0.146639 0.0401564 0.173224 0.146581 0.103795 0.101741 0.0442137 0.0173311 0.00390786 0.000489499 2.50442e-05 3.79135e-07 1.27928e-09 7.851e-13 7.67635e-17
 1.60503e-41 2.22767e-33 3.73739e-26 7.57935e-20 1.85799e-14 5.50556e-10 1.972e-06 0.000853808 0.0446849 0.28269 0.216585 0.0407073 0.126741 0.102271 0.0758708 0.0685286 0.0286016 0.0101833 0.00205066 0.000220057 9.19566e-06 1.07902e-07 2.70704e-10 1.20333e-13 8.39932e-18
 1.5349e-41 2.13034e-33 3.57409e-26 7.24819e-20 1.77681e-14 5.26501e-10 1.88584e-06 0.000816504 0.0427326 0.27034 0.207383 0.0500035 0.176782 0.128874 0.056601 0.0427233 0.0171571 0.00551585 0.000977662 8.80656e-05 2.95131e-06 2.66292e-08 4.96653e-11 1.60292e-14 8.00453e-19
 1.07627e-41 1.49379e-33 2.50615e-26 5.08242e-20 1.24589e-14 3.69181e-10 1.32235e-06 0.000572531 0.029964 0.189563 0.145934 0.0564442 0.230004 0.162956 0.0981137 0.0659359 0.0159844 0.00388465 0.000596109 4.43109e-05 1.16798e-06 7.98906e-09 1.10117e-11 2.58037e-15 9.24152e-20
 1.50037e-41 2.08241e-33 3.49367e-26 7.0851e-20 1.73683e-14 5.14654e-10 1.84341e-06 0.000798132 0.0417711 0.264257 0.202772 0.0471939 0.142228 0.104227 0.104266 0.0693614 0.0191842 0.00358542 0.000334335 1.8789e-05 3.82605e-07 1.95492e-09 1.97034e-12 3.33435e-16 8.55444e-21
 1.19677e-41 1.66104e-33 2.78675e-26 5.65147e-20 1.38539e-14 4.10516e-10 1.4704e-06 0.000636634 0.0333189 0.210789 0.162502 0.0649809 0.231412 0.144184 0.0787501 0.0500494 0.0192746 0.00379046 0.000300601 1.03338e-05 1.40075e-07 5.18663e-10 3.77864e-13 4.57915e-17 8.36856e-22
 1.37994e-41 1.91527e-33 3.21326e-26 6.51642e-20 1.59742e-14 4.73346e-10 1.69545e-06 0.00073407 0.0384183 0.243049 0.187011 0.0578796 0.174702 0.116352 0.109568 0.0567991 0.0127719 0.00248383 0.000223096 6.43765e-06 5.51079e-08 1.27357e-10 6.32847e-14 5.40187e-18 6.9775e-23
 1.19593e-41 1.65987e-33 2.78477e-26 5.64746e-20 1.38441e-14 4.10226e-10 1.46936e-06 0.000636183 0.0332953 0.210642 0.162836 0.0723164 0.2274 0.133321 0.0934431 0.0492237 0.0146912 0.00205614 0.000134924 3.80132e-06 2.73107e-08 4.19324e-11 1.2845e-14 7.07666e-19 6.20517e-24
 1.51292e-41 2.09983e-33 3.5229e-26 7.14438e-20 1.75136e-14 5.1896e-10 1.85883e-06 0.00080481 0.0421205 0.266472 0.205283 0.064322 0.166661 0.104005 0.0966929 0.0424703 0.00968542 0.00139763 8.16442e-05 1.62441e-06 9.62338e-09 1.21225e-11 2.65196e-15 9.42315e-20 5.22315e-25
 1.51691e-41 2.10537e-33 3.53219e-26 7.16321e-20 1.75598e-14 5.20328e-10 1.86373e-06 0.00080693 0.0422315 0.267178 0.206441 0.0778553 0.198174 0.103703 0.0665851 0.0288778 0.00727842 0.000826305 4.03136e-05 6.85596e-07 2.94923e-09 2.75033e-12 4.68211e-16 1.25123e-20 4.86271e-26
 1.09505e-41 1.51985e-33 2.54987e-26 5.17108e-20 1.26763e-14 3.75622e-10 1.34542e-06 0.000582518 0.0304867 0.192883 0.150782 0.0970992 0.25794 0.136195 0.0956617 0.0321248 0.00562471 0.00059379 2.48101e-05 3.25429e-07 1.10232e-09 7.58582e-13 9.16727e-17 1.78141e-21 5.14523e-27
 1.66601e-41 2.31231e-33 3.87938e-26 7.86731e-20 1.92858e-14 5.71473e-10 2.04692e-06 0.000886247 0.0463826 0.293441 0.226567 0.0712848 0.144791 0.09398 0.0893589 0.0284146 0.00454614 0.000334901 1.03835e-05 1.10235e-07 2.81909e-10 1.44168e-13 1.28104e-17 1.77745e-22 3.61402e-28
 1.33651e-41 1.85499e-33 3.11212e-26 6.31132e-20 1.54715e-14 4.58448e-10 1.64209e-06 0.000710967 0.0372092 0.235421 0.184439 0.110463 0.242721 0.106713 0.0576048 0.0204426 0.00400221 0.000266198 6.11538e-06 4.44669e-08 8.36845e-11 3.17157e-14 2.04415e-18 2.04621e-23 2.9888e-29
 1.11701e-41 1.55034e-33 2.60101e-26 5.27479e-20 1.29305e-14 3.83155e-10 1.3724e-06 0.000594202 0.0310982 0.196767 0.155518 0.111896 0.235251 0.137834 0.103846 0.0240157 0.00296658 0.000206658 4.629e-06 2.57389e-08 3.28522e-11 8.53735e-15 3.91667e-19 2.81405e-24 2.9344e-30
 8.72687e-42 1.21123e-33 2.03209e-26 4.12104e-20 1.01023e-14 2.99348e-10 1.07222e-06 0.000464233 0.0242961 0.153748 0.123932 0.123343 0.249167 0.16017 0.12505 0.0348995 0.00471633 0.000208996 3.57636e-06 1.80619e-08 1.85293e-11 3.39667e-15 1.04876e-19 5.12297e-25 3.71638e-31
 1.41293e-41 1.96106e-33 3.29008e-26 6.67222e-20 1.63562e-14 4.84663e-10 1.73598e-06 0.000751621 0.0393369 0.248892 0.195098 0.0943375 0.159421 0.126699 0.102109 0.0290024 0.00415257 0.000196199 2.64263e-06 9.12055e-09 7.31312e-12 1.07937e-15 2.50706e-20 8.61548e-26 4.25271e-32
 9.72438e-42 1.34968e-33 2.26437e-26 4.59209e-20 1.1257e-14 3.33565e-10 1.19477e-06 0.000517296 0.0270733 0.171359 0.141326 0.162309 0.273164 0.126306 0.0722611 0.0223099 0.003221 0.000150846 1.98814e-06 5.79119e-09 3.29001e-12 3.40282e-16 5.88943e-21 1.54131e-26 5.67178e-33
 1.43451e-41 1.99101e-33 3.34033e-26 6.77412e-20 1.6606e-14 4.92065e-10 1.7625e-06 0.0007631 0.0399377 0.252719 0.200036 0.107921 0.161413 0.136171 0.0841015 0.0152113 0.001648 7.49929e-05 9.26488e-07 2.4474e-09 1.1794e-12 9.29967e-17 1.13304e-21 2.0597e-27 5.40029e-34
 1.006e-41 1.39625e-33 2.34251e-26 4.75056e-20 1.16454e-14 3.45076e-10 1.236e-06 0.000535147 0.0280076 0.177329 0.149845 0.183538 0.261047 0.120842 0.0617936 0.0155815 0.00143831 4.16216e-05 4.12744e-07 9.51509e-10 3.91615e-13 2.55775e-17 2.47184e-22 3.37784e-28 6.34982e-35
 1.28843e-41 1.78826e-33 3.00018e-26 6.0843e-20 1.49149e-14 4.41957e-10 1.58302e-06 0.000685392 0.0358709 0.227049 0.184282 0.132497 0.181473 0.152109 0.0738391 0.0112323 0.000935104 2.64958e-05 1.85026e-07 2.98709e-10 9.61817e-14 5.07501e-18 3.93053e-23 4.23734e-29 6.16414e-36
 1.41272e-41 1.96076e-33 3.28959e-26 6.67122e-20 1.63537e-14 4.8459e-10 1.73572e-06 0.000751508 0.0393312 0.248999 0.204777 0.159222 0.187295 0.101536 0.0477381 0.00969021 0.000645776 1.29891e-05 7.68274e-08 9.52513e-11 2.11213e-14 7.85746e-19 4.53018e-24 3.73723e-30 4.18143e-37
 1.12907e-41 1.56708e-33 2.6291e-26 5.33177e-20 1.30702e-14 3.87294e-10 1.38722e-06 0.00060062 0.0314345 0.199145 0.172757 0.196813 0.22543 0.122552 0.0444699 0.00637052 0.000419041 7.92582e-06 3.42935e-08 3.15055e-11 5.34382e-15 1.4433e-19 5.77017e-25 3.30073e-31 2.62504e-38
 1.37445e-41 1.90765e-33 3.20048e-26 6.49051e-20 1.59107e-14 4.71464e-10 1.68871e-06 0.000731152 0.0382661 0.242351 0.20294 0.160218 0.179112 0.126701 0.044088 0.00533655 0.000250564 3.74177e-06 1.40941e-08 1.01243e-11 1.2336e-15 2.40669e-20 7.04911e-26 2.9163e-32 1.6372e-39
 1.35467e-41 1.88019e-33 3.15441e-26 6.39707e-20 1.56817e-14 4.64677e-10 1.6644e-06 0.000720627 0.0377156 0.239009 0.206993 0.194002 0.188143 0.0969273 0.0321414 0.00417538 0.00016852 1.82969e-06 4.9473e-09 2.75834e-12 2.64026e-16 3.84834e-21 8.07264e-27 2.36849e-33 9.49637e-41
 1.18801e-41 1.64888e-33 2.76634e-26 5.61009e-20 1.37525e-14 4.07511e-10 1.45964e-06 0.000631973 0.0330763 0.209814 0.190485 0.214338 0.206851 0.112487 0.0293526 0.0028567 0.000104525 1.0005e-06 2.03784e-09 7.9455e-13 5.41545e-17 5.84517e-22 9.20732e-28 2.00223e-34 5.81687e-42
 1.06424e-41 1.4771e-33 2.47814e-26 5.02561e-20 1.23197e-14 3.65055e-10 1.30757e-06 0.000566132 0.0296309 0.188167 0.178133 0.220702 0.217274 0.130093 0.0325491 0.00280598 7.65099e-05 5.67795e-07 9.51752e-10 2.89306e-13 1.42285e-17 1.06933e-22 1.17725e-28 1.82487e-35 3.84585e-43
 1.0482e-41 1.45483e-33 2.44078e-26 4.94986e-20 1.2134e-14 3.59552e-10 1.28786e-06 0.000557599 0.0291849 0.185504 0.179559 0.221521 0.216862 0.131996 0.0320864 0.00266543 6.25649e-05 3.54761e-07 4.32618e-10 9.89319e-14 3.7282e-18 2.09915e-23 1.66969e-29 1.82032e-36 2.66855e-44
 1.27356e-41 1.76761e-33 2.96554e-26 6.01405e-20 1.47427e-14 4.36854e-10 1.56474e-06 0.000677479 0.0354587 0.22509 0.20534 0.200069 0.19207 0.112313 0.0267472 0.00218345 4.96334e-05 2.59117e-07 2.6779e-10 4.89218e-14 1.45775e-18 6.61602e-24 4.31809e-30 3.87455e-37 4.63097e-45
#pred catch len freq
 2.55621e-27 2.5699e-27 1.73053e-26 3.11096e-20 7.62614e-15 2.25976e-10 8.09409e-07 0.000350443 0.0183409 0.116031 0.0892405 0.0403876 0.244714 0.22661 0.0604581 0.0814846 0.034641 0.0260878 0.0157899 0.0118439 0.00919551 0.00788949 0.00786566 0.00694992 0.00211901
 2.55799e-27 2.57502e-27 2.19791e-26 4.09697e-20 1.00432e-14 2.97599e-10 1.06595e-06 0.000461515 0.024154 0.152806 0.117281 0.0378355 0.205597 0.191543 0.0733164 0.119282 0.0405935 0.0170158 0.00752363 0.00422321 0.00266226 0.00195212 0.00172251 0.00152123 0.00050814
 2.56038e-27 2.58114e-27 2.69972e-26 5.15543e-20 1.26379e-14 3.74484e-10 1.34134e-06 0.000580748 0.0303943 0.192283 0.14746 0.0400277 0.201075 0.186475 0.0561752 0.0816791 0.0324975 0.0205171 0.00663715 0.00209134 0.000872611 0.000484922 0.000353257 0.0002928 0.000101243
 2.55886e-27 2.57681e-27 2.29458e-26 4.30066e-20 1.05425e-14 3.12394e-10 1.11894e-06 0.00048446 0.0253549 0.160403 0.123164 0.0429946 0.240724 0.222796 0.0578549 0.0761501 0.0274999 0.0139837 0.00565071 0.00213773 0.000492907 0.000153911 7.87565e-05 5.60386e-05 1.91737e-05
 2.55888e-27 2.57708e-27 2.33913e-26 4.39473e-20 1.07731e-14 3.19228e-10 1.14342e-06 0.000495057 0.0259095 0.163911 0.125812 0.0410223 0.223855 0.207739 0.0644458 0.0949063 0.0321597 0.0130796 0.00450562 0.00157244 0.000458631 9.0063e-05 2.20364e-05 1.1153e-05 3.57354e-06
 2.55971e-27 2.57919e-27 2.51408e-26 4.76375e-20 1.16778e-14 3.46033e-10 1.23943e-06 0.000536626 0.0280851 0.177675 0.13633 0.0415705 0.220636 0.204467 0.0583846 0.081988 0.0295026 0.0145721 0.00458638 0.00126664 0.000316455 6.87983e-05 1.00578e-05 2.3231e-06 6.18387e-07
 2.55974e-27 2.5791e-27 2.48742e-26 4.70744e-20 1.15397e-14 3.41942e-10 1.22478e-06 0.000530283 0.0277531 0.175574 0.13475 0.0431034 0.233412 0.215985 0.0555365 0.0724849 0.0249631 0.010806 0.00368273 0.00113596 0.000232683 4.16498e-05 5.79689e-06 6.18562e-07 9.61019e-08
 2.56018e-27 2.58026e-27 2.58789e-26 4.91937e-20 1.20592e-14 3.57337e-10 1.27992e-06 0.000554157 0.0290026 0.183479 0.140784 0.0429502 0.228007 0.211016 0.0550241 0.0725041 0.0239982 0.00887865 0.00278948 0.000796661 0.000182137 2.93124e-05 3.29183e-06 2.60179e-07 1.75914e-08
 2.56101e-27 2.58241e-27 2.76743e-26 5.29811e-20 1.29877e-14 3.84848e-10 1.37846e-06 0.000596821 0.0312354 0.197605 0.151575 0.0432881 0.222997 0.206202 0.0507305 0.0639062 0.0211262 0.00776189 0.00228146 0.000557619 0.000114881 1.91857e-05 2.00521e-06 1.241e-07 4.72856e-09
 2.5629e-27 2.58741e-27 3.19739e-26 6.20508e-20 1.5211e-14 4.50729e-10 1.61444e-06 0.00069899 0.0365826 0.231432 0.177401 0.0430392 0.202958 0.187494 0.0435041 0.052093 0.016908 0.00573822 0.00166974 0.000396763 7.14423e-05 1.04206e-05 1.07507e-06 6.08302e-08 1.67027e-09
 2.56179e-27 2.5842e-27 2.89548e-26 5.56812e-20 1.36496e-14 4.04461e-10 1.44871e-06 0.000627237 0.0328273 0.207675 0.159298 0.0453853 0.23353 0.21539 0.0427412 0.043294 0.0136856 0.0041015 0.00114029 0.000251761 4.40628e-05 5.76441e-06 5.12145e-07 2.76211e-08 6.66109e-10
 2.56218e-27 2.58535e-27 3.00459e-26 5.79832e-20 1.42139e-14 4.21183e-10 1.50861e-06 0.000653169 0.0341845 0.216261 0.165839 0.0444088 0.221504 0.204476 0.0441469 0.0492101 0.0148979 0.00335852 0.000859312 0.000168075 2.72129e-05 3.35912e-06 2.68811e-07 1.25321e-08 2.80014e-10
 2.56398e-27 2.59014e-27 3.41814e-26 6.67069e-20 1.63524e-14 4.84551e-10 1.73558e-06 0.00075144 0.0393276 0.248798 0.190677 0.0440306 0.201175 0.185505 0.0369607 0.0376053 0.0115223 0.00284308 0.000683733 0.000102408 1.44236e-05 1.59157e-06 1.17531e-07 4.89751e-09 9.53405e-11
 2.56226e-27 2.58535e-27 2.98396e-26 5.75472e-20 1.4107e-14 4.18016e-10 1.49726e-06 0.000648257 0.0339274 0.214635 0.164625 0.0461934 0.235937 0.21739 0.0390907 0.0344207 0.0103141 0.00219618 0.000526254 8.32031e-05 9.95272e-06 8.69763e-07 5.57591e-08 2.10193e-09 3.63186e-11
 2.56007e-27 2.57959e-27 2.49248e-26 4.71798e-20 1.15656e-14 3.42708e-10 1.22752e-06 0.00053147 0.0278152 0.175968 0.135098 0.0460713 0.255754 0.236072 0.0495699 0.0535992 0.0158409 0.00291674 0.000657923 9.26644e-05 1.12225e-05 9.17074e-07 4.59041e-08 1.44898e-09 2.22816e-11
 2.5614e-27 2.58329e-27 2.82924e-26 5.42842e-20 1.33071e-14 3.94314e-10 1.41237e-06 0.0006115 0.0320037 0.202465 0.155303 0.0443373 0.228362 0.210949 0.0479162 0.0561787 0.017033 0.00384533 0.0008741 0.000106177 1.15314e-05 8.83544e-07 4.21261e-08 1.06465e-09 1.33892e-11
 2.5626e-27 2.58641e-27 3.09015e-26 5.9788e-20 1.46563e-14 4.34292e-10 1.55556e-06 0.000673499 0.0352485 0.222992 0.170986 0.0448472 0.221224 0.204043 0.0408931 0.0419136 0.0129235 0.0033218 0.00080316 0.000115868 1.21276e-05 8.00249e-07 3.46488e-08 8.17443e-10 8.43999e-12
 2.56251e-27 2.58601e-27 3.04272e-26 5.87869e-20 1.44109e-14 4.27021e-10 1.52952e-06 0.000662223 0.0346583 0.219259 0.168153 0.046016 0.232108 0.213861 0.0385649 0.0341025 0.010106 0.00195935 0.00046359 7.45927e-05 8.78514e-06 6.29961e-07 2.41355e-08 5.04057e-10 4.75383e-12
 2.56348e-27 2.58869e-27 3.28374e-26 6.38715e-20 1.56573e-14 4.63955e-10 1.66181e-06 0.000719499 0.037656 0.238223 0.182617 0.0449598 0.213909 0.197155 0.0371939 0.0351709 0.0102694 0.00170539 0.000367155 4.67929e-05 5.58407e-06 4.53994e-07 1.93765e-08 3.78877e-10 3.13704e-12
 2.56283e-27 2.58682e-27 3.10604e-26 6.01223e-20 1.47382e-14 4.36721e-10 1.56426e-06 0.000677265 0.0354456 0.224239 0.171963 0.0464652 0.23285 0.214399 0.0360023 0.0281151 0.00817906 0.00134732 0.000281024 3.02835e-05 2.99874e-06 2.1375e-07 1.00324e-08 2.19294e-10 1.77326e-12
 2.56487e-27 2.59242e-27 3.60885e-26 7.07299e-20 1.73386e-14 5.13773e-10 1.84025e-06 0.000796758 0.0416994 0.263802 0.20214 0.0444043 0.195965 0.180499 0.0324878 0.0286258 0.00821045 0.00111978 0.000221611 2.36773e-05 2.15505e-06 1.2489e-07 4.92349e-09 1.11366e-10 9.99414e-13
 2.56489e-27 2.59233e-27 3.58664e-26 7.02608e-20 1.72236e-14 5.10366e-10 1.82804e-06 0.000791473 0.0414229 0.262053 0.200824 0.0456593 0.206439 0.189874 0.0288747 0.0180349 0.00515077 0.000720592 0.000139491 1.23818e-05 1.04767e-06 5.75277e-08 1.89218e-09 3.52248e-11 3.11205e-13
 2.56444e-27 2.59114e-27 3.48416e-26 6.8099e-20 1.66937e-14 4.94663e-10 1.7718e-06 0.000767122 0.0401484 0.25399 0.194668 0.0456831 0.210946 0.194108 0.0310015 0.0218082 0.00611914 0.000636551 0.000110893 1.00849e-05 7.96443e-07 3.72006e-08 1.13862e-09 1.81781e-11 1.31978e-13
 2.56569e-27 2.59455e-27 3.78783e-26 7.45051e-20 1.8264e-14 5.41196e-10 1.93847e-06 0.000839285 0.0439251 0.277883 0.212896 0.0446521 0.190293 0.175075 0.0280815 0.0199452 0.00563373 0.000650663 0.000114502 8.0338e-06 5.6442e-07 2.58507e-08 6.9e-10 9.78847e-12 6.18581e-14
 2.56551e-27 2.59397e-27 3.72716e-26 7.32249e-20 1.79502e-14 5.31896e-10 1.90516e-06 0.000824863 0.0431704 0.273108 0.209265 0.0456235 0.200237 0.184059 0.0261871 0.0133679 0.00371595 0.000372739 6.21815e-05 4.62275e-06 3.04676e-07 1.09245e-08 2.70706e-10 3.4718e-12 1.91305e-14
 2.56482e-27 2.59214e-27 3.56953e-26 6.98999e-20 1.71351e-14 5.07744e-10 1.81865e-06 0.000787408 0.0412101 0.260707 0.199797 0.0457029 0.207493 0.190856 0.0292212 0.0185672 0.00514579 0.000439145 6.63268e-05 4.45622e-06 2.83173e-07 1.03314e-08 2.15241e-10 2.34975e-12 1.17864e-14
 2.56442e-27 2.59101e-27 3.46565e-26 6.77081e-20 1.65978e-14 4.91823e-10 1.76163e-06 0.000762718 0.0399179 0.252532 0.193566 0.0463689 0.216939 0.199486 0.0291681 0.0162773 0.00450931 0.00040563 6.22076e-05 3.55777e-06 1.94196e-07 6.40828e-09 1.31868e-10 1.30482e-12 5.45413e-15
 2.56418e-27 2.59039e-27 3.41232e-26 6.65833e-20 1.63221e-14 4.83653e-10 1.73236e-06 0.000750047 0.0392548 0.248337 0.190363 0.0463795 0.219271 0.201676 0.0302555 0.0182022 0.00503078 0.000415106 6.06834e-05 3.62702e-06 1.95713e-07 5.3733e-09 9.60554e-11 8.94521e-13 3.50182e-15
#obs catch len freq
 5.01191e-42 6.95621e-34 1.16705e-26 2.36675e-20 5.80181e-15 1.71918e-10 6.15783e-07 0.000266613 0.0139535 0.0882748 0.0681299 0.0398727 0.218535 0.186547 0.143835 0.143455 0.0643427 0.0259188 0.00604542 0.000781469 4.15112e-05 6.56121e-07 2.31075e-09 1.47331e-12 1.48826e-16
 5.7437e-42 7.97188e-34 1.33745e-26 2.71232e-20 6.64893e-15 1.9702e-10 7.05693e-07 0.000305541 0.0159908 0.101164 0.0780835 0.0436724 0.223051 0.18146 0.142905 0.130918 0.0566632 0.0208701 0.00440201 0.000492617 2.13669e-05 2.60011e-07 6.76611e-10 3.11356e-13 2.24175e-17
 1.08222e-41 1.50205e-33 2.52e-26 5.11051e-20 1.25278e-14 3.71222e-10 1.32966e-06 0.000575696 0.0301296 0.19061 0.146432 0.0452197 0.181744 0.140885 0.113732 0.0954112 0.0394467 0.0131195 0.00245304 0.000233126 8.17784e-06 7.65055e-08 1.47247e-10 4.89351e-14 2.5113e-18
 1.11427e-41 1.54653e-33 2.59462e-26 5.26184e-20 1.28988e-14 3.82214e-10 1.36903e-06 0.000592742 0.0310218 0.196255 0.151085 0.0584134 0.237909 0.1643 0.0769183 0.05442 0.0215248 0.00642399 0.00104859 8.29042e-05 2.31168e-06 1.65101e-08 2.35081e-11 5.6562e-15 2.07353e-19
 7.83828e-42 1.0879e-33 1.82518e-26 3.70143e-20 9.07362e-15 2.68868e-10 9.63041e-07 0.000416963 0.0218222 0.138057 0.10691 0.0647888 0.273802 0.184604 0.11677 0.0714936 0.0168865 0.0038689 0.000542536 3.50684e-05 7.62699e-07 4.10376e-09 4.30003e-12 7.49193e-16 1.96678e-20
 1.25545e-41 1.74248e-33 2.92337e-26 5.92853e-20 1.45331e-14 4.30642e-10 1.54249e-06 0.000667845 0.0349523 0.221121 0.170068 0.0528862 0.172608 0.122353 0.125531 0.0758397 0.0202352 0.00342676 0.00029472 1.44312e-05 2.40638e-07 9.61786e-10 7.34259e-13 9.21714e-17 1.73075e-21
 1.03585e-41 1.43769e-33 2.41203e-26 4.89154e-20 1.1991e-14 3.55316e-10 1.27269e-06 0.000551029 0.0288387 0.182447 0.141236 0.0736884 0.260182 0.153587 0.0861847 0.0510147 0.0187404 0.003289 0.00023211 6.90064e-06 7.71175e-08 2.2276e-10 1.22554e-13 1.0995e-17 1.46877e-22
 1.28068e-41 1.7775e-33 2.98213e-26 6.04769e-20 1.48252e-14 4.39298e-10 1.57349e-06 0.000681269 0.0356549 0.225568 0.173972 0.0642798 0.19184 0.123539 0.116125 0.0542603 0.0118063 0.00210354 0.000164176 3.97357e-06 2.77287e-08 5.02303e-11 1.8864e-14 1.19058e-18 1.12292e-23
 1.14917e-41 1.59497e-33 2.67589e-26 5.42666e-20 1.33028e-14 3.94187e-10 1.41191e-06 0.00061131 0.0319935 0.202409 0.15696 0.0799055 0.239562 0.134275 0.0941034 0.0457057 0.0127857 0.00159216 9.3351e-05 2.18728e-06 1.25187e-08 1.49224e-11 3.46058e-15 1.41193e-19 9.03641e-25
 1.51164e-41 2.09805e-33 3.51992e-26 7.13832e-20 1.74987e-14 5.1852e-10 1.85725e-06 0.000804127 0.0420848 0.266248 0.205434 0.0695697 0.171274 0.103859 0.0940286 0.0374844 0.0081131 0.00104586 5.2635e-05 8.75324e-07 4.13375e-09 3.9969e-12 6.57857e-16 1.73209e-20 7.02044e-26
 1.54866e-41 2.14944e-33 3.60613e-26 7.31316e-20 1.79273e-14 5.3122e-10 1.90274e-06 0.000823822 0.0431156 0.272773 0.211103 0.0831129 0.197056 0.0986272 0.0621454 0.0248503 0.00578586 0.000580831 2.45745e-05 3.42907e-07 1.16819e-09 8.36732e-13 1.06745e-16 2.10706e-21 5.99205e-27
 1.15247e-41 1.59956e-33 2.68359e-26 5.44226e-20 1.33411e-14 3.9532e-10 1.41597e-06 0.000613067 0.0320855 0.203002 0.159082 0.103831 0.253701 0.129172 0.0872483 0.0264956 0.00434681 0.000406061 1.44251e-05 1.54939e-07 4.12783e-10 2.16813e-13 1.9606e-17 2.809e-22 5.92288e-28
 1.72618e-41 2.39583e-33 4.01949e-26 8.15145e-20 1.99823e-14 5.92113e-10 2.12085e-06 0.000918255 0.0480578 0.304041 0.235013 0.0748905 0.140489 0.0901321 0.0798731 0.0229929 0.00336691 0.000217263 5.77594e-06 4.97478e-08 9.94744e-11 3.87124e-14 2.5659e-18 2.6209e-23 3.88689e-29
 1.39862e-41 1.94119e-33 3.25674e-26 6.60461e-20 1.61904e-14 4.79752e-10 1.71839e-06 0.000744005 0.0389383 0.246366 0.193502 0.116448 0.234211 0.0986309 0.0512328 0.0168228 0.00293068 0.000167778 3.24941e-06 1.919e-08 2.82034e-11 8.10188e-15 3.88637e-19 2.85928e-24 3.0429e-30
 1.18614e-41 1.64628e-33 2.76198e-26 5.60123e-20 1.37308e-14 4.06868e-10 1.45733e-06 0.000630975 0.0330228 0.208952 0.165665 0.118705 0.228683 0.131926 0.091161 0.0189581 0.00216123 0.000130019 2.39559e-06 1.06546e-08 1.05849e-11 2.0855e-15 7.11126e-20 3.74964e-25 2.8461e-31
 9.41299e-42 1.30646e-33 2.19186e-26 4.44505e-20 1.08965e-14 3.22884e-10 1.15652e-06 0.000500731 0.0262063 0.165845 0.134283 0.131724 0.243968 0.155267 0.110573 0.0281688 0.00333477 0.000126945 1.81882e-06 7.27107e-09 5.73535e-12 7.93636e-16 1.82069e-20 6.52481e-26 3.44175e-32
 1.49982e-41 2.08165e-33 3.4924e-26 7.08251e-20 1.73619e-14 5.14466e-10 1.84273e-06 0.00079784 0.0417558 0.264204 0.207497 0.0984978 0.152929 0.120814 0.0876969 0.0228322 0.00285777 0.000113845 1.25162e-06 3.43614e-09 2.11868e-12 2.34619e-16 4.03491e-21 1.01701e-26 3.65307e-33
 1.04899e-41 1.45592e-33 2.44261e-26 4.95357e-20 1.21431e-14 3.59822e-10 1.28882e-06 0.000558016 0.0292045 0.184865 0.15324 0.170342 0.261381 0.117809 0.0625957 0.0177033 0.00221234 8.70895e-05 9.25185e-07 2.1072e-09 9.15816e-13 7.10909e-17 9.08882e-22 1.73968e-27 4.65452e-34
 1.52827e-41 2.12113e-33 3.55864e-26 7.21685e-20 1.76913e-14 5.24224e-10 1.87769e-06 0.000812973 0.0425479 0.269248 0.213564 0.111425 0.153578 0.127089 0.0692043 0.0113905 0.00109706 4.17092e-05 4.11965e-07 8.43674e-10 3.08148e-13 1.81384e-17 1.63077e-22 2.16658e-28 4.12057e-35
 1.08929e-41 1.51186e-33 2.53646e-26 5.14389e-20 1.26096e-14 3.73646e-10 1.33834e-06 0.000579455 0.0303266 0.192038 0.163117 0.190471 0.247175 0.111308 0.052247 0.0117902 0.00092411 2.25863e-05 1.80168e-07 3.19996e-10 9.91998e-14 4.81078e-18 3.41834e-23 3.41032e-29 4.65391e-36
 1.38625e-41 1.92403e-33 3.22795e-26 6.54622e-20 1.60473e-14 4.75511e-10 1.7032e-06 0.000737428 0.0385943 0.244307 0.19884 0.136287 0.173018 0.139847 0.0595648 0.00819749 0.000591307 1.37194e-05 7.62329e-08 9.52562e-11 2.3062e-14 8.99696e-19 5.104e-24 4.00544e-30 4.22244e-37
 1.50823e-41 2.09333e-33 3.51199e-26 7.12225e-20 1.74593e-14 5.17352e-10 1.85307e-06 0.000802316 0.0419904 0.265863 0.219277 0.161272 0.173706 0.0910776 0.0387062 0.00690887 0.000387286 6.45683e-06 3.01791e-08 2.86335e-11 4.76857e-15 1.31109e-19 5.52169e-25 3.30518e-31 2.67259e-38
 1.22227e-41 1.69644e-33 2.84612e-26 5.77188e-20 1.41491e-14 4.19263e-10 1.50173e-06 0.000650199 0.0340294 0.21563 0.187835 0.200577 0.211399 0.109759 0.035337 0.00452676 0.000251571 3.84125e-06 1.30587e-08 9.17949e-12 1.16388e-15 2.31785e-20 6.76924e-26 2.80719e-32 1.6094e-39
 1.47555e-41 2.04797e-33 3.4359e-26 6.96793e-20 1.70811e-14 5.06143e-10 1.81292e-06 0.000784933 0.041081 0.260219 0.218453 0.161649 0.167968 0.111844 0.0342171 0.00363731 0.000143831 1.7455e-06 5.11609e-09 2.78829e-12 2.53529e-16 3.64092e-21 7.77406e-27 2.33063e-33 9.44146e-41
 1.45305e-41 2.01674e-33 3.3835e-26 6.86167e-20 1.68206e-14 4.98425e-10 1.78528e-06 0.000772963 0.0404549 0.256429 0.22268 0.194042 0.173385 0.0844409 0.0249068 0.002793 9.33143e-05 8.16858e-07 1.72076e-09 7.26106e-13 5.16197e-17 5.52694e-22 8.44933e-28 1.79491e-34 5.18506e-42
 1.28541e-41 1.78407e-33 2.99314e-26 6.07003e-20 1.488e-14 4.40921e-10 1.57931e-06 0.000683786 0.0357884 0.227098 0.206779 0.21527 0.192739 0.0973803 0.0223125 0.00189051 5.71502e-05 4.34627e-07 6.84109e-10 2.01568e-13 1.01917e-17 8.05816e-23 9.22718e-29 1.45174e-35 3.04072e-43
 1.16094e-41 1.6113e-33 2.70329e-26 5.48222e-20 1.3439e-14 3.98223e-10 1.42637e-06 0.00061757 0.0323236 0.205365 0.194919 0.222697 0.204929 0.112639 0.0246506 0.00181712 4.07496e-05 2.40467e-07 3.09488e-10 7.06848e-14 2.57468e-18 1.41709e-23 1.13275e-29 1.26738e-36 1.92065e-44
 1.14561e-41 1.59003e-33 2.66761e-26 5.40987e-20 1.32617e-14 3.92967e-10 1.40754e-06 0.000609419 0.0318969 0.202632 0.191431 0.216401 0.208878 0.119221 0.0268789 0.00200885 4.13596e-05 2.00781e-07 2.05241e-10 3.87378e-14 1.19382e-18 5.46717e-24 3.5215e-30 3.09644e-37 3.64837e-45
#spawning biomass
 14803.8 12720.2 16888.9 23798.2 29118.2 35534.2 40595.2 45584 52643.2 71048.4 91183.7 106214 130692 158161 162684 137105 133424 124809 128878 119759 126082 131853 146711 163691 165168 181078 152687 122735 95704.3 154252 178741 175180 160154 142633 126721 113876 104206 97251.4 92405.5 89104.7 86893.8 85430.8 84465.2 83824.8 83418.5 83160.7 82997.1 82893.4 82827.6 82785.8 82759.3 82742.5 82731.8 82725.1 82720.8 82718 82716.3 82715.2 82714.5 82714.1 82713.8 82713.6 82713.5 82713.4 82713.4 82713.4 82713.4 82713.3 82713.3 82713.3 82713.3 82713.3 82713.3 82713.3 82713.3 82713.3 82713.3 82713.3 82713.3 82713.3 82713.3 82713.3 82713.3 82713.3 82713.3 82713.3 82713.3 82713.3 82713.3 82713.3 82713.3 82713.3 82713.3 82713.3 82713.3 82713.3 82713.3 82713.3 82713.3 82713.3 82713.3 82713.3 82713.3 82713.3 82713.3 82713.3 82713.3 82713.3 82713.3 82713.3 82713.3 82713.3 82713.3 82713.3 82713.3 82713.3 82713.3 82713.3 82713.3 82713.3 82713.3 82713.3 82713.3 82713.3 82713.3 82713.3 82713.3 82713.3 0 0 0 0 0 0 0 0 0 0 0 0 0 0 0 0 0 0 0 0 0 0 0 0 0
