SBPRF35
26.117
Curr Bio
213456
B35
2.39536e+07
F35
0.0257025
FOFL
0
OFL
0
Bzero
7.46199e+06
#pred survey bio
 11870.3 8570.95 6852.92 8020.48 11998.2 18862 27370.8 34925.2 47838.3 68039.6 93101.3 112002 130137 167741 175706 164464 177096 169073 147720 160760 178043 173458 212372 232586 256584 261014 269245 278872 236038 3.73654e+06 6.95771e+06 1.09055e+07 1.4866e+07 1.85878e+07 2.1942e+07 2.4889e+07 2.74416e+07 2.96381e+07 3.15269e+07 3.31566e+07 3.45723e+07 3.58129e+07 3.69113e+07 3.78057e+07 3.83965e+07 3.89723e+07 3.95331e+07 4.0079e+07 4.06105e+07 4.11276e+07 4.16308e+07 4.21203e+07 4.25966e+07 4.306e+07 4.35108e+07 4.39495e+07 4.43763e+07 4.47915e+07 4.51957e+07 4.5589e+07 4.59718e+07 4.63444e+07 4.67071e+07 4.70602e+07 4.7404e+07 4.77387e+07 4.80647e+07 4.83823e+07 4.86915e+07 4.89928e+07 4.92863e+07 4.95723e+07 4.9851e+07 5.01225e+07 5.03873e+07 5.06453e+07 5.08969e+07 5.11422e+07 5.13813e+07 5.16146e+07 5.18421e+07 5.20641e+07 5.22806e+07 5.24919e+07 5.26981e+07 5.28994e+07 5.30958e+07 5.32876e+07 5.34749e+07 5.36577e+07 5.38363e+07 5.40107e+07 5.41812e+07 5.43477e+07 5.45104e+07 5.46694e+07 5.48248e+07 5.49768e+07 5.51254e+07 5.52707e+07 5.54128e+07 5.55518e+07 5.56878e+07 5.58208e+07 5.5951e+07 5.60785e+07 5.62032e+07 5.63254e+07 5.6445e+07 5.65621e+07 5.66769e+07 5.67893e+07 5.68994e+07 5.70073e+07 5.71131e+07 5.72168e+07 5.73184e+07 5.74181e+07 5.75158e+07 5.76117e+07 5.77058e+07 5.7798e+07 5.78886e+07 5.79775e+07 5.80647e+07 5.81504e+07 5.82345e+07 5.83171e+07 5.83982e+07 0 0 0 0 0 0 0 0 0 0 0 0 0 0 0 0 0 0 0 0 0 0 0 0 0
#obs survey bio
 12555.6 5965.05 7254.57 10121.8 23014.1 23443.1 36379.2 42139 52504.4 66869.9 149241 122476 123310 121528 152674 219794 155731 137186 137734 199689 171915 123801 208237 230364 221179 261275 230517 317087 223482
#pred catch bio
 7366.43 5093.16 3890.51 4390.74 6358.95 11791.4 19821 24791.1 33409.2 48350.7 68384.7 84904.5 92135.4 125295 137372 123703 136347 136243 112004 119158 142782 127166 162262 177367 199615 204410 208162 223145 212141 0 8190.98 13139.5 18069.3 22722.1 26920 30603.5 33782.9 36504.5 38829 40818.8 42531.9 44018.9 45322.3 46368.4 47037.1 47684.4 48311 48917.6 49504.9 50073.4 50623.8 51156.6 51672.4 52171.7 52655.1 53123.1 53576.1 54014.7 54439.3 54850.3 55248.2 55633.4 56006.3 56367.3 56716.8 57055.1 57382.6 57699.7 58006.6 58303.8 58591.4 58869.9 59139.5 59400.5 59653.2 59897.8 60134.5 60363.8 60585.7 60800.5 61008.5 61209.8 61404.7 61593.4 61776 61952.9 62124.1 62289.8 62450.2 62605.5 62755.9 62901.4 63042.3 63178.7 63310.8 63438.6 63562.4 63682.2 63798.2 63910.5 64019.2 64124.4 64226.3 64324.9 64420.4 64512.8 64602.3 64688.9 64772.7 64853.9 64932.5 65008.6 65082.2 65153.5 65222.5 65289.4 65354 65416.7 65477.3 65536 65592.8 65647.8 65701 65752.6 65802.5 65850.8 65897.5 65942.8 65986.6 0 0 0 0 0 0 0 0 0 0 0 0 0 0 0 0 0 0 0 0 0 0 0 0 0
#obs catch bio
 3834.62 4945.4 4301.37 3960.57 5256.41 10473 13652.4 21094.6 24725.2 44352.9 58203.9 67479 76411.1 121582 131176 109445 138872 123729 115576 98098.4 137213 114370 140459 151335 196277 175110 187234 192212 211800
#pred cpue bio
 10577.1 7919 5761.6 5451.85 8097.63 12714.1 17040.7 20311 27504.2 39028.5 53601.7 67916.6 74983.7 102774 115293 104892 110329 111888 91564.9 97921.4 112998 99822.1 127211 139297 153362 159917 158933 171310 157475 1.88069e+06 6.77366e+06 1.07822e+07 1.47417e+07 1.84635e+07 2.18177e+07 2.47647e+07 2.73173e+07 2.95139e+07 3.14026e+07 3.30324e+07 3.4448e+07 3.56887e+07 3.6787e+07 3.76814e+07 3.82722e+07 3.8848e+07 3.94088e+07 3.99548e+07 4.04862e+07 4.10033e+07 4.15065e+07 4.1996e+07 4.24723e+07 4.29357e+07 4.33865e+07 4.38252e+07 4.4252e+07 4.46673e+07 4.50714e+07 4.54647e+07 4.58475e+07 4.62201e+07 4.65828e+07 4.69359e+07 4.72797e+07 4.76145e+07 4.79405e+07 4.8258e+07 4.85672e+07 4.88685e+07 4.9162e+07 4.9448e+07 4.97267e+07 4.99983e+07 5.0263e+07 5.0521e+07 5.07726e+07 5.10179e+07 5.12571e+07 5.14903e+07 5.17179e+07 5.19398e+07 5.21564e+07 5.23677e+07 5.25738e+07 5.27751e+07 5.29715e+07 5.31633e+07 5.33506e+07 5.35334e+07 5.3712e+07 5.38865e+07 5.40569e+07 5.42234e+07 5.43861e+07 5.45451e+07 5.47006e+07 5.48525e+07 5.50011e+07 5.51464e+07 5.52885e+07 5.54275e+07 5.55635e+07 5.56965e+07 5.58267e+07 5.59542e+07 5.60789e+07 5.62011e+07 5.63207e+07 5.64378e+07 5.65526e+07 5.6665e+07 5.67751e+07 5.6883e+07 5.69888e+07 5.70925e+07 5.71941e+07 5.72938e+07 5.73915e+07 5.74874e+07 5.75815e+07 5.76738e+07 5.77643e+07 5.78532e+07 5.79404e+07 5.80261e+07 5.81102e+07 5.81928e+07 5.82739e+07 0 0 0 0 0 0 0 0 0 0 0 0 0 0 0 0 0 0 0 0 0 0 0 0 0
#obs cpue bio
 11765.9 8943.11 6256.48 7250.18 9405.49 13855.8 40226.9 27800.2 71294.3 57845.6 79137.5 139460 130568 160752 168912 142787 115486 205984 78828.7 185408 160033 161870 272656 260453 185450 328295 255473 291468 194086
#pred surv len freq
 6.9006e-12 7.49322e-10 4.79723e-08 1.81072e-06 4.02954e-05 0.000528723 0.0040915 0.0186989 0.0508202 0.0849655 0.100499 0.115403 0.141111 0.142747 0.113759 0.0823707 0.0562841 0.0348783 0.0205639 0.012255 0.00767485 0.00525108 0.00386817 0.00269704 0.00149129
 5.13885e-12 5.58018e-10 3.57248e-08 1.34844e-06 3.00081e-05 0.000393753 0.00304751 0.0139386 0.0380328 0.0647907 0.0821132 0.106698 0.141291 0.148108 0.123081 0.0952314 0.0707914 0.047905 0.0292807 0.0162776 0.00862446 0.00474743 0.00287647 0.00178927 0.000950254
 1.02658e-11 1.11474e-09 7.13669e-08 2.69375e-06 5.99455e-05 0.000786516 0.00608487 0.0277728 0.0749864 0.121401 0.125614 0.104107 0.0958853 0.0940884 0.0872963 0.0786301 0.0650765 0.0480106 0.032119 0.0191612 0.0100588 0.00481987 0.00231237 0.00117008 0.000555521
 1.48091e-11 1.6081e-09 1.02952e-07 3.88591e-06 8.64754e-05 0.00113459 0.0087774 0.0400537 0.10803 0.173964 0.175557 0.133429 0.105399 0.0851376 0.056697 0.0343838 0.0241717 0.0191563 0.0144863 0.00961163 0.00547524 0.00266347 0.00113954 0.00046191 0.000180061
 1.35871e-11 1.47539e-09 9.4456e-08 3.56524e-06 7.93396e-05 0.00104098 0.00805373 0.0367637 0.0993244 0.161304 0.16916 0.145142 0.134123 0.113616 0.0696003 0.0318851 0.0136626 0.00662486 0.00390346 0.00261207 0.0016504 0.000879471 0.000384736 0.000141369 4.54944e-05
 1.36087e-11 1.47774e-09 9.46062e-08 3.57091e-06 7.94657e-05 0.00104263 0.00806646 0.0368203 0.0994568 0.161355 0.168457 0.142724 0.130464 0.111846 0.0723682 0.0373274 0.0175837 0.00743199 0.0027984 0.00112084 0.000553617 0.000295501 0.000138589 5.20279e-05 1.54818e-05
 1.46481e-11 1.59061e-09 1.01832e-07 3.84365e-06 8.55351e-05 0.00112226 0.0086824 0.0396286 0.106999 0.173241 0.179218 0.147556 0.12949 0.106623 0.0635472 0.0273081 0.0102739 0.00395521 0.00149465 0.000516061 0.000165012 5.65933e-05 2.22465e-05 8.32651e-06 2.49503e-06
 1.53043e-11 1.66186e-09 1.06394e-07 4.01583e-06 8.93668e-05 0.00117254 0.00907127 0.0414024 0.111772 0.180839 0.18646 0.151847 0.130811 0.104774 0.0578255 0.019507 0.00391749 0.000469515 3.51077e-05 2.18683e-06 2.71037e-07 6.2958e-08 1.59289e-08 4.31549e-09 1.15631e-09
 1.54642e-11 1.67923e-09 1.07506e-07 4.05781e-06 9.03009e-05 0.00118479 0.00916604 0.041834 0.112925 0.182601 0.187799 0.151716 0.129327 0.103075 0.0568079 0.0191463 0.00383511 0.000454609 3.20451e-05 1.37105e-06 3.80455e-08 8.12993e-10 1.96339e-11 1.25101e-12 1.94343e-13
 1.54964e-11 1.68272e-09 1.07729e-07 4.06625e-06 9.04887e-05 0.00118725 0.00918509 0.0419208 0.113157 0.182955 0.188066 0.151686 0.129022 0.102729 0.0566052 0.01908 0.0038239 0.000454182 3.22407e-05 1.41231e-06 4.1884e-08 9.96028e-10 2.07069e-11 3.3579e-13 3.87336e-15
 1.54449e-11 1.67713e-09 1.07371e-07 4.05273e-06 9.01879e-05 0.00118331 0.00915458 0.0417818 0.112786 0.182388 0.187638 0.151735 0.129511 0.103283 0.0569297 0.019186 0.00384163 0.000454763 3.19007e-05 1.34196e-06 3.52491e-08 6.46204e-10 9.91251e-12 1.36016e-13 1.51189e-15
 1.46826e-11 1.59435e-09 1.02072e-07 3.85271e-06 8.57368e-05 0.00112491 0.00870299 0.0397251 0.107294 0.173994 0.181277 0.152407 0.13666 0.111432 0.0617587 0.0208345 0.00417085 0.00049299 3.43901e-05 1.41832e-06 3.48251e-08 5.21551e-10 5.13363e-12 3.91609e-14 2.70535e-16
 1.54337e-11 1.67592e-09 1.07294e-07 4.04981e-06 9.01229e-05 0.00118246 0.00914798 0.0417518 0.112705 0.182266 0.187546 0.151746 0.129618 0.103404 0.0569993 0.0192074 0.00384422 0.000454341 3.16883e-05 1.30607e-06 3.19977e-08 4.75506e-10 4.56694e-12 3.27938e-14 2.04139e-16
 1.45208e-11 1.57679e-09 1.00947e-07 3.81026e-06 8.47921e-05 0.00111252 0.00860715 0.0392886 0.106129 0.172212 0.179925 0.152546 0.138172 0.113159 0.0627853 0.0211894 0.00424487 0.000502935 3.5383e-05 1.50352e-06 4.07658e-08 8.05956e-10 1.35863e-11 1.89611e-13 1.85823e-15
 1.33507e-11 1.44973e-09 9.28128e-08 3.50322e-06 7.79595e-05 0.00102288 0.00791395 0.0361316 0.097699 0.159327 0.170161 0.153577 0.149146 0.125667 0.0701984 0.0237211 0.00475119 0.000562035 3.93111e-05 1.63669e-06 4.15306e-08 6.90661e-10 8.8231e-12 9.99617e-14 9.52979e-16
 1.38571e-11 1.50472e-09 9.63333e-08 3.6361e-06 8.09165e-05 0.00106167 0.00821395 0.0374979 0.101347 0.164903 0.174387 0.153132 0.144399 0.120255 0.0669895 0.0226236 0.00453052 0.000535775 3.74378e-05 1.55332e-06 3.89487e-08 6.24433e-10 7.33957e-12 7.43138e-14 6.35458e-16
 1.42523e-11 1.54763e-09 9.90806e-08 3.7398e-06 8.32241e-05 0.00109195 0.00844807 0.0385641 0.104194 0.169255 0.177684 0.152781 0.140688 0.116028 0.0644874 0.021773 0.00436325 0.000517466 3.65302e-05 1.57058e-06 4.41326e-08 9.44135e-10 1.75186e-11 2.60383e-13 2.65564e-15
 1.31928e-11 1.43258e-09 9.17152e-08 3.46179e-06 7.70375e-05 0.00101078 0.00782041 0.0357056 0.0965615 0.157588 0.168843 0.153717 0.150628 0.127356 0.0711982 0.0240615 0.00481846 0.000569544 3.9723e-05 1.6371e-06 4.00961e-08 5.95433e-10 5.72003e-12 4.17582e-14 2.84128e-16
 1.43343e-11 1.55653e-09 9.96505e-08 3.76131e-06 8.37028e-05 0.00109823 0.00849663 0.0387853 0.104785 0.170158 0.17837 0.152713 0.139926 0.115156 0.0639657 0.0215887 0.00432196 0.000510754 3.56027e-05 1.46437e-06 3.56105e-08 5.15686e-10 4.55812e-12 2.65062e-14 1.1891e-16
 1.46128e-11 1.58677e-09 1.01587e-07 3.83439e-06 8.5329e-05 0.00111956 0.00866162 0.0395367 0.106791 0.173225 0.180694 0.152468 0.137314 0.112178 0.0622014 0.0209863 0.00420167 0.000496783 3.46919e-05 1.43626e-06 3.57427e-08 5.5943e-10 6.197e-12 5.7395e-14 4.49946e-16
 1.39411e-11 1.51383e-09 9.69171e-08 3.65814e-06 8.14069e-05 0.00106811 0.0082637 0.0377245 0.101952 0.165828 0.175088 0.153057 0.14361 0.119357 0.0664578 0.0224428 0.00449498 0.000531888 3.72459e-05 1.55712e-06 4.00617e-08 6.92869e-10 9.51055e-12 1.1364e-13 1.0521e-15
 1.54508e-11 1.67778e-09 1.07413e-07 4.0543e-06 9.02226e-05 0.00118376 0.00915811 0.0417979 0.112828 0.182454 0.187688 0.151732 0.129458 0.103222 0.0568909 0.01917 0.00383647 0.000453323 3.15916e-05 1.29829e-06 3.14763e-08 4.50921e-10 3.83918e-12 1.98325e-14 6.66608e-17
 1.48701e-11 1.61472e-09 1.03376e-07 3.90192e-06 8.68318e-05 0.00113928 0.00881409 0.0402311 0.108645 0.176059 0.182842 0.152242 0.134902 0.109428 0.0605705 0.0204284 0.00408937 0.00048337 3.37228e-05 1.39137e-06 3.42124e-08 5.14768e-10 5.12822e-12 3.96637e-14 2.66051e-16
 1.48725e-11 1.61498e-09 1.03392e-07 3.90255e-06 8.68458e-05 0.00113946 0.00881551 0.0402376 0.108662 0.176086 0.182862 0.15224 0.13488 0.109403 0.0605551 0.0204228 0.00408797 0.000483089 3.36744e-05 1.3851e-06 3.36869e-08 4.88042e-10 4.32019e-12 2.52377e-14 1.14416e-16
 1.49027e-11 1.61825e-09 1.03602e-07 3.91046e-06 8.70218e-05 0.00114177 0.00883337 0.0403189 0.10888 0.176418 0.183114 0.152214 0.134597 0.10908 0.0603642 0.0203575 0.00407489 0.000481548 3.35684e-05 1.38096e-06 3.36052e-08 4.87829e-10 4.34707e-12 2.58706e-14 1.21143e-16
 1.4521e-11 1.5768e-09 1.00948e-07 3.8103e-06 8.47929e-05 0.00111253 0.00860723 0.039289 0.10613 0.172214 0.179928 0.152549 0.138176 0.113161 0.0627828 0.0211842 0.00424071 0.000501116 3.49228e-05 1.43523e-06 3.47995e-08 4.98687e-10 4.25034e-12 2.20197e-14 7.41894e-17
 1.5088e-11 1.63837e-09 1.0489e-07 3.95908e-06 8.81038e-05 0.00115597 0.00894314 0.0408189 0.110214 0.178458 0.18466 0.152051 0.13286 0.1071 0.0591901 0.019956 0.00399423 0.000471981 3.28935e-05 1.35202e-06 3.27989e-08 4.7089e-10 4.03975e-12 2.13931e-14 7.67454e-17
 1.44791e-11 1.57225e-09 1.00657e-07 3.7993e-06 8.45482e-05 0.00110932 0.00858241 0.0391759 0.105828 0.171753 0.179578 0.152586 0.138569 0.113608 0.0630483 0.0212749 0.00425893 0.000503269 3.5073e-05 1.44141e-06 3.49499e-08 5.00872e-10 4.26987e-12 2.21359e-14 7.47052e-17
 1.30395e-11 1.41594e-09 9.06495e-08 3.42157e-06 7.61424e-05 0.00099904 0.00772959 0.035292 0.0954572 0.1559 0.167564 0.153852 0.152066 0.128995 0.0721694 0.024393 0.00488469 0.000577244 4.02266e-05 1.65289e-06 4.00498e-08 5.72525e-10 4.83728e-12 2.43097e-14 7.42746e-17
#obs surv len freq
 7.929e-12 8.60996e-10 5.51217e-08 2.08057e-06 4.63004e-05 0.00060749 0.00470011 0.0214585 0.058022 0.0946239 0.10123 0.0931521 0.0994187 0.109579 0.110387 0.10127 0.0812481 0.0568722 0.0355894 0.0194355 0.008652 0.00290224 0.000684939 0.000108066 1.10045e-05
 1.26615e-12 1.37489e-10 8.8022e-09 3.32245e-07 7.39427e-06 9.70568e-05 0.000752449 0.0034704 0.00985813 0.0198532 0.0386841 0.0791735 0.130649 0.158447 0.15704 0.139547 0.109177 0.074098 0.0440322 0.0223847 0.00918495 0.00283261 0.000614651 8.9169e-05 8.34372e-06
 1.56966e-11 1.70446e-09 1.09121e-07 4.11878e-06 9.16573e-05 0.00120255 0.0093022 0.0424258 0.114113 0.181223 0.171065 0.100332 0.0496483 0.047778 0.0682914 0.0761852 0.0616314 0.0395164 0.0217601 0.0102359 0.00386063 0.00108731 0.000215039 2.84584e-05 2.43295e-06
 1.38356e-11 1.50238e-09 9.61837e-08 3.63046e-06 8.07912e-05 0.00106003 0.00820144 0.0374427 0.1012 0.16449 0.172305 0.145037 0.127266 0.10181 0.0603894 0.0309081 0.020137 0.0147712 0.00891568 0.00410695 0.00143301 0.000367262 6.58697e-05 7.90518e-06 6.13657e-07
 1.0949e-11 1.18894e-09 7.61167e-08 2.87303e-06 6.39358e-05 0.000838894 0.00649096 0.0296435 0.0802394 0.131286 0.141251 0.128534 0.128428 0.125216 0.102873 0.0688033 0.0351709 0.0137333 0.00488016 0.00179728 0.000583292 0.000139739 2.29548e-05 2.49771e-06 1.75425e-07
 1.23923e-11 1.34565e-09 8.61499e-08 3.25174e-06 7.23632e-05 0.000949457 0.00734597 0.0335374 0.0906316 0.14711 0.152871 0.125937 0.112694 0.1079 0.093532 0.0679057 0.0379077 0.0154552 0.00469581 0.00114965 0.000247983 4.65191e-05 6.69962e-06 6.61919e-07 4.23276e-08
 1.17175e-11 1.27238e-09 8.1459e-08 3.07468e-06 6.84234e-05 0.000897783 0.00694685 0.031729 0.085907 0.14057 0.150587 0.133611 0.126754 0.117206 0.0924181 0.0614179 0.0329356 0.0135367 0.00421581 0.000993193 0.000176237 2.37911e-05 2.46885e-06 1.91426e-07 1.0396e-08
 1.2407e-11 1.34726e-09 8.62526e-08 3.25562e-06 7.24499e-05 0.000950611 0.00735544 0.0335905 0.0908788 0.148134 0.156008 0.131923 0.119218 0.11096 0.0910252 0.0614569 0.0318086 0.0121704 0.00351373 0.000782132 0.000131575 1.60587e-05 1.38057e-06 8.25478e-08 3.40799e-09
 1.11674e-11 1.21265e-09 7.7635e-08 2.93035e-06 6.5212e-05 0.000855672 0.00662179 0.0302585 0.0820751 0.135198 0.147859 0.136409 0.132749 0.122965 0.0961013 0.0618472 0.0311377 0.0117309 0.00330203 0.000698739 0.000109593 1.23791e-05 9.7545e-07 5.2086e-08 1.8427e-09
 1.21942e-11 1.32414e-09 8.47729e-08 3.19977e-06 7.12075e-05 0.000934331 0.00723012 0.0330293 0.0894699 0.146445 0.156088 0.134877 0.123606 0.115105 0.0930432 0.0597442 0.0281607 0.00941089 0.00229137 0.000424623 6.00697e-05 6.23189e-06 4.52219e-07 2.2143e-08 7.13254e-10
 1.23308e-11 1.33898e-09 8.57225e-08 3.23562e-06 7.20057e-05 0.000944825 0.00731193 0.0334137 0.0906199 0.148961 0.160809 0.141936 0.129671 0.114961 0.0863573 0.0519081 0.0233953 0.00755018 0.00174762 0.000296238 3.69925e-05 3.3527e-06 2.14817e-07 9.43529e-09 2.75608e-10
 1.12951e-11 1.22651e-09 7.85224e-08 2.96385e-06 6.59584e-05 0.000865509 0.00669912 0.0306312 0.0832601 0.138002 0.153002 0.142819 0.137468 0.124633 0.0939079 0.0554451 0.0240116 0.00732208 0.00158393 0.000249243 2.86589e-05 2.35695e-06 1.34691e-07 5.21709e-09 1.342e-10
 1.05901e-11 1.14996e-09 7.36216e-08 2.77888e-06 6.18426e-05 0.00081153 0.00628215 0.0287388 0.0782538 0.130487 0.147244 0.142174 0.141548 0.131734 0.100836 0.0589093 0.0244307 0.00692107 0.00135405 0.000189457 1.93511e-05 1.42582e-06 7.3494e-08 2.56828e-09 5.93195e-11
 9.78098e-12 1.0621e-09 6.79968e-08 2.56658e-06 5.71188e-05 0.000749583 0.0058038 0.0265704 0.0725444 0.122082 0.14143 0.143067 0.147757 0.13951 0.106665 0.0611971 0.0245427 0.00663336 0.0012174 0.000156231 1.43106e-05 9.3224e-07 4.23317e-08 1.30824e-09 2.68997e-11
 8.2049e-12 8.90957e-10 5.70401e-08 2.15303e-06 4.79167e-05 0.000628891 0.0048713 0.0223347 0.0613125 0.105124 0.128367 0.141942 0.157294 0.153868 0.119512 0.0685864 0.0272833 0.00731217 0.00133108 0.00016792 1.47966e-05 9.01845e-07 3.73656e-08 1.03507e-09 1.88907e-11
 1.02247e-11 1.11028e-09 7.10814e-08 2.68301e-06 5.97105e-05 0.000783608 0.0060674 0.027775 0.0757631 0.1268 0.143701 0.139019 0.140871 0.137239 0.108389 0.0620108 0.0240693 0.00621863 0.00108641 0.000131611 1.11615e-05 6.54206e-07 2.58866e-08 6.76347e-10 1.14675e-11
 1.01271e-11 1.09969e-09 7.04036e-08 2.65746e-06 5.91436e-05 0.000776261 0.006013 0.0275659 0.0755662 0.128483 0.151523 0.153947 0.153088 0.13502 0.0947812 0.0495356 0.0181963 0.00456127 0.000781915 9.27825e-05 7.62806e-06 4.28607e-07 1.61398e-08 3.99772e-10 6.40777e-12
 9.0352e-12 9.81119e-10 6.28127e-08 2.37095e-06 5.27689e-05 0.000692665 0.00536734 0.0246343 0.0677808 0.116556 0.141515 0.151155 0.158435 0.146239 0.10586 0.0556785 0.0201679 0.00493573 0.000823784 9.51252e-05 7.59811e-06 4.13031e-07 1.49497e-08 3.53278e-10 5.36514e-12
 9.54251e-12 1.03621e-09 6.63396e-08 2.50409e-06 5.57324e-05 0.000731574 0.00566884 0.0260142 0.0715045 0.122357 0.146088 0.151244 0.154958 0.142193 0.102284 0.0529191 0.0187133 0.00445696 0.000722413 8.0726e-05 6.21095e-06 3.23879e-07 1.1211e-08 2.52687e-10 3.64958e-12
 1.01882e-11 1.10632e-09 7.08283e-08 2.67354e-06 5.95048e-05 0.000781132 0.00605365 0.0277885 0.076419 0.130733 0.155086 0.156612 0.153491 0.134041 0.0922265 0.0461828 0.0160376 0.00379637 0.000614303 6.81402e-05 5.13889e-06 2.59196e-07 8.58903e-09 1.84061e-10 2.51663e-12
 1.06627e-11 1.15785e-09 7.4128e-08 2.79811e-06 6.22791e-05 0.00081761 0.0063376 0.0291068 0.0801375 0.137356 0.16293 0.162613 0.154581 0.12888 0.083359 0.0386057 0.0122012 0.00259405 0.000375805 3.77897e-05 2.64222e-06 1.26008e-07 3.98657e-09 8.1632e-11 1.06242e-12
 1.07797e-11 1.17055e-09 7.49413e-08 2.82885e-06 6.29654e-05 0.000826701 0.00640985 0.0294603 0.0812586 0.139812 0.166695 0.166198 0.155594 0.12635 0.079029 0.0351993 0.0106399 0.00214328 0.000289423 2.6578e-05 1.67087e-06 7.14017e-08 2.03989e-09 3.82076e-11 4.60489e-13
 1.02823e-11 1.11655e-09 7.14844e-08 2.69842e-06 6.00661e-05 0.000788787 0.00611928 0.0281695 0.0780402 0.135789 0.165662 0.169806 0.160644 0.129106 0.0790506 0.0343425 0.0101346 0.00199655 0.000263079 2.33352e-05 1.39224e-06 5.53317e-08 1.44493e-09 2.44633e-11 2.65351e-13
 1.03641e-11 1.12543e-09 7.20535e-08 2.71994e-06 6.05477e-05 0.000795195 0.00617059 0.0284223 0.07883 0.137371 0.167598 0.171071 0.160788 0.128096 0.0770705 0.0325128 0.00923198 0.00174116 0.000219197 1.85682e-05 1.05726e-06 3.99827e-08 9.87389e-10 1.56691e-11 1.5771e-13
 9.60195e-12 1.04267e-09 6.67561e-08 2.52008e-06 5.61056e-05 0.000737114 0.00572557 0.0264455 0.0738966 0.131179 0.165944 0.176473 0.168202 0.131942 0.0771949 0.0316268 0.00874824 0.00161143 0.000197861 1.62423e-05 8.87909e-07 3.19604e-08 7.46674e-10 1.1166e-11 1.05597e-13
 1.07453e-11 1.16683e-09 7.47049e-08 2.82013e-06 6.27837e-05 0.000824742 0.00640307 0.0295231 0.0820153 0.143051 0.1736 0.17393 0.159119 0.122926 0.0709985 0.0284188 0.00760524 0.00134786 0.000158867 1.25068e-05 6.54837e-07 2.25163e-08 5.00469e-10 7.08613e-12 6.31505e-14
 9.53195e-12 1.03509e-09 6.62724e-08 2.50204e-06 5.5717e-05 0.000732452 0.00569814 0.0264191 0.0744741 0.134525 0.174134 0.186106 0.171234 0.12567 0.0677741 0.025478 0.00646909 0.00109492 0.000123409 9.26704e-06 4.61022e-07 1.50118e-08 3.1527e-10 4.21118e-12 3.53534e-14
 9.15869e-12 9.9456e-10 6.36786e-08 2.4042e-06 5.35427e-05 0.000704003 0.00547902 0.0254233 0.0717704 0.129995 0.169453 0.184542 0.17524 0.1322 0.0715765 0.0261786 0.00628685 0.000985791 0.000101727 6.97635e-06 3.18427e-07 9.58226e-09 1.87102e-10 2.3316e-12 1.82855e-14
 9.08889e-12 9.86992e-10 6.31959e-08 2.38615e-06 5.31502e-05 0.000699147 0.00544694 0.0253357 0.0718989 0.13149 0.173381 0.188976 0.176099 0.128785 0.0674259 0.0238956 0.00557293 0.000847414 8.41366e-05 5.47347e-06 2.33154e-07 6.46283e-09 1.15437e-10 1.31425e-12 9.43699e-15
#pred catch len freq
 6.09923e-13 6.62304e-11 4.24017e-09 1.60053e-07 3.5626e-06 4.68001e-05 0.000364318 0.00171524 0.0053504 0.0144667 0.042182 0.104824 0.174917 0.190929 0.154609 0.112417 0.0769249 0.0476877 0.0281174 0.0167563 0.0104938 0.00717976 0.00528892 0.00368764 0.00203903
 3.91657e-13 4.25294e-11 2.72281e-09 1.02779e-07 2.28801e-06 3.00736e-05 0.000234786 0.00112104 0.00370512 0.0114733 0.0375509 0.0971672 0.164305 0.182299 0.153379 0.119127 0.0886813 0.0600334 0.0366952 0.0203993 0.0108082 0.00594948 0.00360479 0.00224231 0.00119086
 1.07425e-12 1.16651e-10 7.46812e-09 2.81889e-07 6.27362e-06 8.23513e-05 0.000638617 0.0029499 0.00844666 0.017567 0.0364718 0.077686 0.127722 0.149652 0.143921 0.130432 0.108074 0.0797486 0.0533519 0.0318277 0.0167082 0.00800599 0.00384095 0.00194355 0.000922742
 2.53561e-12 2.75337e-10 1.76274e-08 6.65352e-07 1.48073e-05 0.000194334 0.00150562 0.00692234 0.019381 0.0369478 0.0642898 0.119622 0.181257 0.183802 0.128912 0.0789955 0.0556585 0.0441291 0.0333726 0.0221425 0.0126133 0.00613584 0.00262516 0.0010641 0.000414806
 2.03857e-12 2.21365e-10 1.4172e-08 5.34934e-07 1.19053e-05 0.000156277 0.00121193 0.00559906 0.016044 0.0334462 0.0695383 0.146331 0.228441 0.226673 0.143755 0.0663553 0.0285062 0.0138377 0.00815541 0.00545738 0.00344815 0.00183747 0.000803822 0.000295359 9.50508e-05
 2.59796e-12 2.82108e-10 1.80608e-08 6.81715e-07 1.51716e-05 0.000199126 0.00154319 0.0071052 0.020031 0.0392605 0.0725723 0.14141 0.216866 0.218083 0.146071 0.0758363 0.0357659 0.0151205 0.00569348 0.00228032 0.00112629 0.000601171 0.000281947 0.000105846 3.14963e-05
 7.19254e-12 7.81024e-10 5.00019e-08 1.88733e-06 4.20005e-05 0.000551113 0.00426549 0.0195106 0.0532536 0.0908517 0.115636 0.150362 0.193635 0.182333 0.111992 0.0483723 0.0181912 0.00699612 0.00264266 0.00091233 0.000291711 0.000100046 3.93273e-05 1.47196e-05 4.41072e-06
 8.45367e-12 9.17967e-10 5.87692e-08 2.21825e-06 4.93646e-05 0.000647732 0.00501286 0.0229191 0.0624202 0.105397 0.129282 0.15786 0.195023 0.177986 0.101236 0.0343605 0.00690865 0.000828155 6.19102e-05 3.85122e-06 4.76318e-07 1.10587e-07 2.79786e-08 7.57999e-09 2.03102e-09
 8.33816e-12 9.05424e-10 5.79661e-08 2.18794e-06 4.86901e-05 0.000638883 0.00494443 0.0226075 0.0615882 0.104127 0.128325 0.15798 0.196134 0.179239 0.101961 0.034586 0.00693651 0.000822438 5.79732e-05 2.48001e-06 6.87839e-08 1.46816e-09 3.54019e-11 2.25384e-12 3.501e-13
 8.90421e-12 9.66891e-10 6.19013e-08 2.33647e-06 5.19955e-05 0.000682246 0.00527977 0.0241347 0.0656661 0.11036 0.133048 0.157478 0.190821 0.173185 0.0983764 0.0333654 0.00669502 0.000795371 5.64588e-05 2.47258e-06 7.32768e-08 1.7404e-09 3.61416e-11 5.85771e-13 6.75562e-15
 9.68483e-12 1.05166e-09 6.73281e-08 2.5413e-06 5.65537e-05 0.000742048 0.00574222 0.0262409 0.0712898 0.118957 0.139565 0.156798 0.183512 0.164848 0.0934268 0.0316645 0.00634727 0.000751534 5.27194e-05 2.21754e-06 5.82296e-08 1.06661e-09 1.63399e-11 2.2398e-13 2.48854e-15
 9.04238e-12 9.81895e-10 6.28618e-08 2.37273e-06 5.28023e-05 0.000692831 0.00536162 0.0245075 0.0666616 0.111882 0.134204 0.157366 0.18954 0.171717 0.097496 0.0330518 0.006623 0.000782978 5.46209e-05 2.25266e-06 5.53083e-08 8.28155e-10 8.14693e-12 6.20745e-14 4.28286e-16
 8.66374e-12 9.40779e-10 6.02296e-08 2.27337e-06 5.05913e-05 0.000663825 0.00513731 0.0234859 0.0639338 0.107712 0.131044 0.157699 0.19309 0.175765 0.0998951 0.0338718 0.00678749 0.000802393 5.59658e-05 2.3067e-06 5.65095e-08 8.39634e-10 8.06023e-12 5.78164e-14 3.59447e-16
 8.30728e-12 9.02071e-10 5.77515e-08 2.17984e-06 4.85098e-05 0.000636517 0.00492613 0.0225242 0.0613658 0.103787 0.128068 0.158008 0.196425 0.17957 0.102156 0.0346513 0.00694858 0.000823424 5.79305e-05 2.46131e-06 6.67065e-08 1.31751e-09 2.21811e-11 3.09303e-13 3.03027e-15
 7.46418e-12 8.10521e-10 5.18903e-08 1.95861e-06 4.35868e-05 0.00057193 0.00442667 0.0202494 0.0552921 0.0945024 0.121032 0.158752 0.204334 0.188584 0.107497 0.0364727 0.00731109 0.000864987 6.05018e-05 2.51883e-06 6.39027e-08 1.06213e-09 1.3553e-11 1.53357e-13 1.46101e-15
 7.19674e-12 7.8148e-10 5.00311e-08 1.88843e-06 4.20251e-05 0.000551442 0.00426823 0.0195278 0.0533654 0.0915572 0.118801 0.158988 0.206843 0.191444 0.109191 0.0370512 0.00742667 0.000878429 6.13827e-05 2.54671e-06 6.3849e-08 1.0232e-09 1.20145e-11 1.21491e-13 1.03801e-15
 8.66773e-12 9.41212e-10 6.02573e-08 2.27442e-06 5.06146e-05 0.00066413 0.00513967 0.0234967 0.0639625 0.107756 0.131075 0.157689 0.193043 0.175715 0.0998733 0.0338732 0.00679412 0.000805887 5.68901e-05 2.44551e-06 6.86804e-08 1.46764e-09 2.71987e-11 4.03983e-13 4.11918e-15
 8.11767e-12 8.81482e-10 5.64333e-08 2.13008e-06 4.74027e-05 0.000621992 0.0048138 0.0220126 0.0599999 0.101699 0.126487 0.158179 0.19821 0.181601 0.103355 0.0350547 0.00702488 0.000830459 5.7922e-05 2.38711e-06 5.84629e-08 8.68047e-10 8.33481e-12 6.07791e-14 4.12986e-16
 8.38122e-12 9.10101e-10 5.82655e-08 2.19924e-06 4.89416e-05 0.000642182 0.00496994 0.0227237 0.0618986 0.104601 0.128687 0.157948 0.19574 0.178785 0.101685 0.0344833 0.00690992 0.000816739 5.69337e-05 2.34174e-06 5.69455e-08 8.24598e-10 7.28715e-12 4.23517e-14 1.89775e-16
 8.26436e-12 8.97411e-10 5.74531e-08 2.16857e-06 4.82592e-05 0.000633229 0.00490071 0.0224084 0.0610567 0.103314 0.127711 0.15805 0.196834 0.180033 0.102426 0.034738 0.006962 0.000823313 5.74962e-05 2.38031e-06 5.923e-08 9.26718e-10 1.02565e-11 9.48703e-14 7.43034e-16
 9.2491e-12 1.00434e-09 6.42989e-08 2.42697e-06 5.40094e-05 0.000708667 0.00548409 0.0250652 0.0681508 0.114158 0.135929 0.157182 0.187599 0.169506 0.0961873 0.0326071 0.00653565 0.000773468 5.41633e-05 2.26423e-06 5.82403e-08 1.0066e-09 1.37999e-11 1.64704e-13 1.52402e-15
 9.64759e-12 1.04761e-09 6.70692e-08 2.53153e-06 5.63362e-05 0.000739194 0.00572016 0.0261404 0.0710215 0.118547 0.139256 0.156835 0.183867 0.165249 0.0936611 0.0317401 0.00635925 0.000751582 5.23792e-05 2.15259e-06 5.21883e-08 7.47626e-10 6.36507e-12 3.28755e-14 1.10444e-16
 9.60482e-12 1.04297e-09 6.67718e-08 2.52031e-06 5.60865e-05 0.000735918 0.00569482 0.026025 0.0707134 0.118076 0.138898 0.156872 0.184267 0.165706 0.0939324 0.0318336 0.00637855 0.000754094 5.26118e-05 2.17069e-06 5.33718e-08 8.02879e-10 7.99363e-12 6.17532e-14 4.13726e-16
 9.55934e-12 1.03803e-09 6.64557e-08 2.50838e-06 5.58209e-05 0.000732434 0.00566788 0.0259023 0.0703858 0.117575 0.138519 0.156912 0.184694 0.166192 0.0942203 0.0319314 0.00639776 0.000756187 5.27129e-05 2.1682e-06 5.27319e-08 7.63911e-10 6.76087e-12 3.94726e-14 1.78739e-16
 1.01231e-11 1.09925e-09 7.03748e-08 2.6563e-06 5.91127e-05 0.000775621 0.00600185 0.0274233 0.074447 0.123783 0.143224 0.156416 0.179409 0.160167 0.0906484 0.0307104 0.00615272 0.000727223 5.06959e-05 2.08557e-06 5.07507e-08 7.36671e-10 6.56304e-12 3.90334e-14 1.8256e-16
 9.6185e-12 1.04445e-09 6.6867e-08 2.5239e-06 5.61664e-05 0.000736966 0.00570293 0.0260619 0.070812 0.118227 0.139013 0.15686 0.184139 0.16556 0.0938454 0.0318031 0.00637189 0.000753079 5.24839e-05 2.15695e-06 5.22986e-08 7.49445e-10 6.38725e-12 3.30847e-14 1.11412e-16
 1.02983e-11 1.11827e-09 7.15929e-08 2.70228e-06 6.01359e-05 0.000789044 0.00610565 0.0278961 0.0757093 0.125713 0.144686 0.156262 0.177766 0.158294 0.0895381 0.0303307 0.0060764 0.000718151 5.00515e-05 2.05728e-06 4.99076e-08 7.16501e-10 6.14638e-12 3.25408e-14 1.16654e-16
 1.00944e-11 1.09613e-09 7.01755e-08 2.64878e-06 5.89453e-05 0.000773424 0.00598487 0.0273459 0.0742405 0.123468 0.142985 0.156442 0.179678 0.160473 0.09083 0.0307723 0.00616501 0.00072862 5.07792e-05 2.0869e-06 5.06011e-08 7.25162e-10 6.1816e-12 3.20411e-14 1.08077e-16
 1.07721e-11 1.16972e-09 7.48865e-08 2.82659e-06 6.29023e-05 0.000825338 0.00638632 0.0291743 0.0791224 0.13093 0.14864 0.155846 0.173324 0.15323 0.0865362 0.0293044 0.00587039 0.000693777 4.83482e-05 1.98661e-06 4.81358e-08 6.88115e-10 5.81382e-12 2.92158e-14 8.9249e-17
#obs catch len freq
 5.96352e-12 6.47568e-10 4.14579e-08 1.56483e-06 3.48234e-05 0.000456917 0.0035356 0.0161528 0.0438247 0.0726736 0.0833699 0.0907877 0.111062 0.124035 0.119642 0.106346 0.0859982 0.0624124 0.0408963 0.0233169 0.0107318 0.00368301 0.000883196 0.000141166 1.45478e-05
 5.3774e-12 5.83922e-10 3.73832e-08 1.41103e-06 3.14009e-05 0.000412016 0.00318833 0.01457 0.039576 0.0659525 0.0769783 0.0866906 0.109383 0.12683 0.128522 0.117096 0.0929802 0.0643686 0.0396484 0.0211017 0.00904098 0.00288385 0.000640973 9.45747e-05 8.96198e-06
 5.98645e-13 6.50059e-11 4.16177e-09 1.57093e-07 3.49663e-06 4.59261e-05 0.000357167 0.00167228 0.00507637 0.0126285 0.033313 0.0793934 0.135425 0.164638 0.162669 0.143382 0.110893 0.0742613 0.0433209 0.021419 0.00844717 0.00247483 0.000505352 6.85163e-05 5.96308e-06
 8.4552e-12 9.18135e-10 5.87798e-08 2.21864e-06 4.93727e-05 0.000647781 0.00501102 0.0228588 0.0615418 0.0982016 0.0950762 0.0641898 0.0539327 0.0837168 0.127778 0.140615 0.111858 0.0706294 0.0381339 0.0174146 0.00630255 0.00168465 0.000313357 3.87412e-05 3.07948e-06
 1.04175e-11 1.13122e-09 7.24215e-08 2.73356e-06 6.08324e-05 0.000798198 0.00617691 0.0282278 0.076646 0.127196 0.144454 0.147438 0.154693 0.131339 0.0785975 0.0405772 0.0264995 0.0190405 0.0111548 0.00496114 0.00165755 0.000402797 6.79128e-05 7.61213e-06 5.49324e-07
 1.03415e-11 1.12297e-09 7.18932e-08 2.71362e-06 6.03885e-05 0.000792362 0.00613133 0.0280094 0.0759132 0.124863 0.136884 0.129762 0.133884 0.13111 0.106776 0.0701564 0.0350842 0.0134735 0.0047334 0.00169831 0.000526858 0.000119382 1.84173e-05 1.87122e-06 1.2217e-07
 1.20949e-11 1.31336e-09 8.40827e-08 3.17371e-06 7.0627e-05 0.000926686 0.00717008 0.0327398 0.0885356 0.144085 0.151096 0.12714 0.115953 0.11121 0.0955338 0.0680982 0.0370828 0.0147119 0.00434755 0.00103467 0.000215491 3.84651e-05 5.20563e-06 4.79936e-07 2.85219e-08
 1.13093e-11 1.22806e-09 7.86213e-08 2.96757e-06 6.60401e-05 0.000866526 0.00670543 0.0306345 0.0830335 0.136435 0.148183 0.135243 0.130948 0.121097 0.0946276 0.0618475 0.0323953 0.0129504 0.00390556 0.000886301 0.00015075 1.93945e-05 1.90161e-06 1.37996e-07 6.96632e-09
 1.22213e-11 1.32709e-09 8.49613e-08 3.20688e-06 7.13655e-05 0.000936394 0.00724579 0.033096 0.0896056 0.146438 0.155473 0.133591 0.121992 0.113148 0.0917298 0.0606949 0.0306068 0.0113808 0.00318232 0.000681664 0.000109543 1.26916e-05 1.03006e-06 5.78114e-08 2.22653e-09
 1.11937e-11 1.2155e-09 7.78177e-08 2.93725e-06 6.53657e-05 0.000857701 0.00663786 0.030338 0.0823481 0.135942 0.149442 0.138575 0.134264 0.12306 0.094904 0.0598678 0.0293548 0.0107295 0.00291798 0.00059308 8.87609e-05 9.50643e-06 7.06257e-07 3.53848e-08 1.16974e-09
 1.22931e-11 1.33489e-09 8.54607e-08 3.22573e-06 7.17855e-05 0.000941928 0.00728923 0.0333045 0.0902611 0.147957 0.158198 0.136973 0.124733 0.114772 0.0912568 0.0571931 0.02617 0.00847249 0.00199358 0.000355026 4.78992e-05 4.70651e-06 3.21693e-07 1.47707e-08 4.44492e-10
 1.24491e-11 1.35183e-09 8.65454e-08 3.26668e-06 7.26972e-05 0.000953914 0.00738266 0.033743 0.0915647 0.150747 0.163205 0.14408 0.130413 0.114021 0.0842293 0.0494367 0.0216193 0.00674645 0.00150499 0.000244642 2.91184e-05 2.49993e-06 1.50859e-07 6.21002e-09 1.69357e-10
 1.14864e-11 1.24729e-09 7.98524e-08 3.01406e-06 6.70761e-05 0.000880192 0.0068132 0.0311591 0.0847446 0.140656 0.156185 0.145217 0.137894 0.123034 0.0909891 0.0523514 0.0219636 0.00646857 0.00134721 0.00020305 2.22225e-05 1.72943e-06 9.30541e-08 3.37877e-09 8.11593e-11
 1.08167e-11 1.17457e-09 7.51973e-08 2.83836e-06 6.31667e-05 0.000828925 0.00641728 0.0293635 0.0800039 0.133577 0.150846 0.144792 0.141993 0.129902 0.0973787 0.0552968 0.0221704 0.00605663 0.00113974 0.000152685 1.48384e-05 1.03391e-06 5.01404e-08 1.64172e-09 3.54074e-11
 1.00022e-11 1.08612e-09 6.95348e-08 2.62464e-06 5.84114e-05 0.00076657 0.00593589 0.0271828 0.0742724 0.125181 0.145148 0.145913 0.148431 0.137698 0.102955 0.0573253 0.0221961 0.0057771 0.00101834 0.000124976 1.0885e-05 6.70396e-07 2.86381e-08 8.29079e-10 1.59126e-11
 8.43707e-12 9.16168e-10 5.86542e-08 2.21396e-06 4.92735e-05 0.000646726 0.0050101 0.0229797 0.0631419 0.108441 0.132429 0.145209 0.158333 0.152068 0.115332 0.0641476 0.0246127 0.00634526 0.0011076 0.000133366 1.11568e-05 6.42385e-07 2.50354e-08 6.49831e-10 1.10746e-11
 1.04897e-11 1.13906e-09 7.29241e-08 2.75258e-06 6.12592e-05 0.000803958 0.00622554 0.0285063 0.0778074 0.130371 0.147778 0.142034 0.141697 0.135271 0.10402 0.0575528 0.0215198 0.00534371 0.000894483 0.000103323 8.30806e-06 4.59365e-07 1.70777e-08 4.17836e-10 6.61548e-12
 1.03546e-11 1.12439e-09 7.19848e-08 2.71715e-06 6.04732e-05 0.000793749 0.00614933 0.0282018 0.0773827 0.131794 0.1555 0.156793 0.153295 0.1325 0.0907222 0.0459202 0.0162523 0.00391212 0.0006416 7.24768e-05 5.64225e-06 2.98773e-07 1.0561e-08 2.44737e-10 3.65996e-12
 9.27616e-12 1.00729e-09 6.4488e-08 2.4342e-06 5.41778e-05 0.000711201 0.00551191 0.0253093 0.0697111 0.120081 0.145791 0.154402 0.159062 0.143728 0.101251 0.0514756 0.0179434 0.00421305 0.00067203 7.37818e-05 5.57262e-06 2.85103e-07 9.67594e-09 2.13742e-10 3.02662e-12
 9.78231e-12 1.06225e-09 6.80069e-08 2.56704e-06 5.71347e-05 0.000750028 0.00581284 0.026687 0.0734295 0.125867 0.150328 0.154475 0.155606 0.139632 0.097594 0.0487481 0.0165743 0.00378356 0.00058543 6.21222e-05 4.51422e-06 2.21304e-07 7.17497e-09 1.51018e-10 2.03188e-12
 1.04642e-11 1.1363e-09 7.27478e-08 2.74601e-06 6.11193e-05 0.000802378 0.00621939 0.0285617 0.0786176 0.134664 0.159595 0.1596 0.153436 0.130861 0.087456 0.0422729 0.0141055 0.00319623 0.00049284 5.18203e-05 3.686e-06 1.74605e-07 5.41493e-09 1.08282e-10 1.37819e-12
 1.09339e-11 1.1873e-09 7.60132e-08 2.8693e-06 6.38653e-05 0.000838497 0.00650078 0.0298704 0.0823199 0.14128 0.167414 0.165429 0.154125 0.125304 0.0786026 0.0350982 0.0106521 0.00216798 0.000299423 2.85393e-05 1.88002e-06 8.40624e-08 2.48494e-09 4.7424e-11 5.74096e-13
 1.10397e-11 1.19879e-09 7.67491e-08 2.89712e-06 6.44872e-05 0.000846757 0.00656683 0.0301979 0.0833827 0.143673 0.171145 0.16896 0.155002 0.12265 0.0743348 0.031894 0.00924851 0.00178141 0.00022912 1.99373e-05 1.18106e-06 4.73199e-08 1.26239e-09 2.20107e-11 2.46375e-13
 1.05464e-11 1.14523e-09 7.33211e-08 2.76779e-06 6.1613e-05 0.00080919 0.00627927 0.028924 0.0802268 0.139796 0.170305 0.17266 0.159925 0.125143 0.0741891 0.0310265 0.00877618 0.00165128 0.000206938 1.73702e-05 9.75839e-07 3.63607e-08 8.87031e-10 1.39869e-11 1.40934e-13
 1.06247e-11 1.15373e-09 7.38655e-08 2.7884e-06 6.20746e-05 0.000815349 0.00632886 0.0291707 0.0810072 0.141378 0.172267 0.173968 0.160042 0.123992 0.0721285 0.0292611 0.00795835 0.0014326 0.000171394 1.37261e-05 7.35092e-07 2.60363e-08 6.00259e-10 8.87023e-12 8.29615e-14
 9.85763e-12 1.07044e-09 6.85347e-08 2.58729e-06 5.76058e-05 0.000756949 0.0058819 0.0271901 0.0760912 0.135292 0.170815 0.179487 0.167313 0.127573 0.0721317 0.0284031 0.00751888 0.00132033 0.000153857 1.19263e-05 6.1269e-07 2.06422e-08 4.49949e-10 6.26194e-12 5.49988e-14
 1.10153e-11 1.19616e-09 7.65834e-08 2.89112e-06 6.4368e-05 0.000845679 0.00656782 0.030304 0.0842901 0.147221 0.178388 0.176761 0.158055 0.118445 0.0659853 0.0253537 0.0064882 0.00109541 0.000122424 9.09105e-06 4.46806e-07 1.4365e-08 2.97659e-10 3.91999e-12 3.24319e-14
 9.79233e-12 1.06337e-09 6.80844e-08 2.57056e-06 5.72485e-05 0.00075276 0.00585911 0.0271931 0.0767833 0.138882 0.179188 0.188841 0.16961 0.120789 0.0628651 0.0226844 0.00550415 0.000886542 9.46421e-05 6.69699e-06 3.12466e-07 9.50567e-09 1.85959e-10 2.30851e-12 1.79792e-14
 9.42198e-12 1.02316e-09 6.55111e-08 2.4735e-06 5.50923e-05 0.00072456 0.00564206 0.0262076 0.0741122 0.134442 0.174763 0.187734 0.173834 0.126936 0.066159 0.0231922 0.00532004 0.000793966 7.76232e-05 5.01574e-06 2.14559e-07 6.02528e-09 1.09457e-10 1.26635e-12 9.20555e-15
#spawning biomass
 11515.9 8399.17 6534.02 7261.69 10864.7 17072 24350.9 30646.6 41878.6 59534.9 81526 99152.8 113976 148829 158290 147215 157701 152612 131397 142455 159196 151878 187517 205358 226450 231584 236998 247570 213456 132798 331652 523797 718721 902698 1.06869e+06 1.21434e+06 1.34006e+06 1.44767e+06 1.53959e+06 1.61827e+06 1.686e+06 1.7448e+06 1.79634e+06 1.8377e+06 1.86414e+06 1.88974e+06 1.91451e+06 1.9385e+06 1.96172e+06 1.9842e+06 2.00597e+06 2.02703e+06 2.04743e+06 2.06717e+06 2.08629e+06 2.10479e+06 2.12271e+06 2.14005e+06 2.15683e+06 2.17309e+06 2.18882e+06 2.20405e+06 2.2188e+06 2.23307e+06 2.24689e+06 2.26027e+06 2.27322e+06 2.28575e+06 2.29789e+06 2.30964e+06 2.32102e+06 2.33203e+06 2.34269e+06 2.35301e+06 2.363e+06 2.37267e+06 2.38203e+06 2.3911e+06 2.39987e+06 2.40836e+06 2.41659e+06 2.42455e+06 2.43226e+06 2.43972e+06 2.44694e+06 2.45393e+06 2.4607e+06 2.46725e+06 2.4736e+06 2.47974e+06 2.48568e+06 2.49144e+06 2.49701e+06 2.5024e+06 2.50762e+06 2.51268e+06 2.51757e+06 2.52231e+06 2.5269e+06 2.53134e+06 2.53563e+06 2.5398e+06 2.54382e+06 2.54772e+06 2.5515e+06 2.55515e+06 2.55869e+06 2.56212e+06 2.56543e+06 2.56864e+06 2.57175e+06 2.57476e+06 2.57767e+06 2.58049e+06 2.58322e+06 2.58586e+06 2.58842e+06 2.59089e+06 2.59329e+06 2.59561e+06 2.59786e+06 2.60003e+06 2.60214e+06 2.60418e+06 2.60615e+06 2.60806e+06 2.60991e+06 2.6117e+06 2.61343e+06 0 0 0 0 0 0 0 0 0 0 0 0 0 0 0 0 0 0 0 0 0 0 0 0 0
