SBPRF35
0.325601
Curr Bio
120743
B35
286347
F35
0.505525
FOFL
0.180685
OFL
8987.54
Bzero
93028.7
#pred survey bio
 23821.3 22979.2 29151.1 31004.5 36120.5 45405.1 51085.1 59135.3 74559.3 79269.5 85932.6 99289 121159 138876 145284 153489 154609 160791 163954 164213 166823 166112 171197 161288 172964 168208 157909 136923 4.47256e+06 3.43216e+06 2.94292e+06 2.17773e+06 1.61306e+06 1.26411e+06 1.06382e+06 952242 890111 854782 833981 821223 813087 807722 804063 801497 799751 798550 797718 797140 796735 796453 796255 796116 796018 795950 795902 795868 795844 795827 795816 795807 795802 795798 795795 795793 795791 795790 795790 795789 795789 795789 795788 795788 795788 795788 795788 795788 795788 795788 795788 795788 795788 795788 795788 795788 795788 795788 795788 795788 795788 795788 795788 795788 795788 795788 795788 795788 795788 795788 795788 795788 795788 795788 795788 795788 795788 795788 795788 795788 795788 795788 795788 795788 795788 795788 795788 795788 795788 795788 795788 795788 795788 795788 795788 795788 795788 795788 795788 795788 0 0 0 0 0 0 0 0 0 0 0 0 0 0 0 0 0 0 0 0 0 0 0 0 0
#obs survey bio
 20926 16490.8 26233.6 35041.4 22294.6 40520.1 41106.5 60239.5 73146.8 56124.6 62593.6 85136.9 133185 107388 105617 114193 143896 99494.4 164311 125018 152955 134800 88971.1 191536 108514 106655 204461 88488.1
#pred catch bio
 12661.5 9861.99 15803.5 16124.6 16529.8 23394.3 27852.5 29383.2 41511.8 44508.2 47545.4 53820.6 66372.5 81749.1 85352.7 91047.5 90950.7 98198.9 99688.8 100140 105953 102262 110250 96268 112243 111461 105492 89716.5 8987.54 44037.6 41911.4 29396.1 20133.9 14726 11863 10435.7 9752.84 9435.66 9291.49 9227.01 9198.51 9186.04 9180.61 9178.25 9177.25 9176.82 9176.64 9176.57 9176.53 9176.52 9176.51 9176.51 9176.51 9176.51 9176.51 9176.51 9176.51 9176.51 9176.51 9176.51 9176.51 9176.51 9176.51 9176.51 9176.51 9176.51 9176.51 9176.51 9176.51 9176.51 9176.51 9176.51 9176.51 9176.51 9176.51 9176.51 9176.51 9176.51 9176.51 9176.51 9176.51 9176.51 9176.51 9176.51 9176.51 9176.51 9176.51 9176.51 9176.51 9176.51 9176.51 9176.51 9176.51 9176.51 9176.51 9176.51 9176.51 9176.51 9176.51 9176.51 9176.51 9176.51 9176.51 9176.51 9176.51 9176.51 9176.51 9176.51 9176.51 9176.51 9176.51 9176.51 9176.51 9176.51 9176.51 9176.51 9176.51 9176.51 9176.51 9176.51 9176.51 9176.51 9176.51 9176.51 9176.51 9176.51 9176.51 9176.51 0 0 0 0 0 0 0 0 0 0 0 0 0 0 0 0 0 0 0 0 0 0 0 0 0
#obs catch bio
 11085.3 9623.64 15681.1 15810 16408.6 22072.9 26139.7 27339.7 38808.2 45604.2 45665.9 49952.5 61357.8 76001.4 82621.6 90787.5 83025.7 99645.9 92773.4 90552.7 98459.7 93569.6 106391 79451.1 104680 105019 91984.9 83502.9
#pred cpue bio
 16451.6 12886.2 16542.7 16743.2 19189.3 25165.7 27850.6 30337.2 39224.3 42212.7 44797.5 50609.4 60949.9 72004.6 74246.7 78294.1 80380.1 82452 82101.6 83706.2 83812.1 80996.3 84959.3 79976.5 86319.4 81160.3 76111.1 68337.2 2.1779e+06 2.66088e+06 2.70854e+06 2.00741e+06 1.44699e+06 1.09828e+06 898008 786427 724295 688967 668165 655408 647272 641907 638247 635681 633935 632735 631903 631324 630920 630637 630439 630300 630203 630134 630086 630052 630029 630012 630000 629992 629986 629982 629979 629977 629976 629975 629974 629974 629973 629973 629973 629973 629973 629973 629973 629973 629973 629973 629973 629973 629973 629973 629973 629973 629973 629973 629973 629973 629973 629973 629973 629973 629973 629973 629973 629973 629973 629973 629973 629973 629973 629973 629973 629973 629973 629973 629973 629973 629973 629973 629973 629973 629973 629973 629973 629973 629973 629973 629973 629973 629973 629973 629973 629973 629973 629973 629973 629973 0 0 0 0 0 0 0 0 0 0 0 0 0 0 0 0 0 0 0 0 0 0 0 0 0
#obs cpue bio
 13058.5 18289.2 22160.8 16774.6 24329.8 49501.6 42363.6 40301.3 49049.8 46124.2 80179.9 84313.3 77403.6 119638 104803 102937 143670 104796 130082 162390 123646 140612 168246 192646 142101 159812 120148 130791
#pred surv len freq
 1.4125e-11 1.5338e-09 9.81955e-08 3.70639e-06 8.24804e-05 0.00108218 0.00837191 0.0382034 0.103041 0.165943 0.167536 0.127631 0.101825 0.084879 0.0610819 0.0407532 0.0278403 0.0192183 0.0136103 0.0101188 0.00805214 0.00695036 0.00615181 0.0048036 0.00282119
 1.5786e-11 1.71417e-09 1.09743e-07 4.14225e-06 9.21797e-05 0.00120943 0.00935634 0.0426945 0.115137 0.185287 0.186408 0.140158 0.108783 0.0866947 0.0562679 0.03071 0.016291 0.00854135 0.00454028 0.00263338 0.0017145 0.00126221 0.00100982 0.000758595 0.000445987
 1.47356e-11 1.60011e-09 1.02441e-07 3.86663e-06 8.60463e-05 0.00112897 0.00873407 0.0398603 0.107568 0.173705 0.177575 0.140933 0.118617 0.0987233 0.0650227 0.0354977 0.0180611 0.00829125 0.00340218 0.00138228 0.000621255 0.000335695 0.000218637 0.000148307 8.41208e-05
 1.55038e-11 1.68353e-09 1.07781e-07 4.0682e-06 9.0532e-05 0.00118782 0.00918922 0.0419344 0.113122 0.182325 0.184748 0.142366 0.114697 0.0929476 0.0599068 0.0315785 0.0153914 0.0067243 0.00251719 0.000843733 0.00026821 8.99586e-05 3.76541e-05 1.97417e-05 1.00692e-05
 1.56558e-11 1.70003e-09 1.08837e-07 4.10807e-06 9.14192e-05 0.00119946 0.00927927 0.042345 0.114226 0.184071 0.186363 0.143191 0.114754 0.0923902 0.058741 0.0301044 0.0141671 0.00598989 0.00215255 0.000676098 0.00018915 4.77561e-05 1.19497e-05 3.60242e-06 1.34083e-06
 1.49883e-11 1.62755e-09 1.04197e-07 3.93292e-06 8.75216e-05 0.00114832 0.00888378 0.0405427 0.109398 0.176565 0.180052 0.141737 0.117894 0.0974228 0.0637552 0.0343479 0.017014 0.00737745 0.00266001 0.000824512 0.000222511 5.15568e-05 1.03401e-05 1.91673e-06 3.87706e-07
 1.53259e-11 1.66421e-09 1.06545e-07 4.02152e-06 8.94933e-05 0.00117419 0.00908383 0.0414542 0.111836 0.180333 0.183105 0.142085 0.115701 0.0944211 0.0612541 0.0326331 0.0160724 0.00704046 0.00260058 0.000825455 0.000224444 5.11703e-05 9.69665e-06 1.52452e-06 2.05523e-07
 1.63033e-11 1.77034e-09 1.13339e-07 4.27798e-06 9.52003e-05 0.00124906 0.00966291 0.0440928 0.1189 0.191277 0.19212 0.143592 0.110168 0.0864766 0.0542814 0.0273904 0.0126804 0.00531108 0.00189951 0.000592254 0.000161527 3.73224e-05 7.0978e-06 1.08444e-06 1.31163e-07
 1.56696e-11 1.70153e-09 1.08934e-07 4.1117e-06 9.15e-05 0.00120052 0.00928749 0.0423829 0.114333 0.184285 0.18677 0.143984 0.11587 0.0931365 0.0584748 0.0290946 0.0131613 0.0053544 0.00183919 0.000546839 0.000143376 3.24052e-05 6.13915e-06 9.42217e-07 1.13011e-07
 1.52696e-11 1.65809e-09 1.06153e-07 4.00674e-06 8.91642e-05 0.00116987 0.00905052 0.0413038 0.111453 0.179891 0.183485 0.144484 0.11986 0.0976209 0.0610656 0.0298627 0.0131509 0.00518218 0.00170231 0.000477156 0.000117533 2.50614e-05 4.53133e-06 6.76298e-07 8.02495e-08
 1.58485e-11 1.72095e-09 1.10177e-07 4.15863e-06 9.25444e-05 0.00121422 0.00939344 0.0428656 0.115623 0.186265 0.188311 0.143962 0.114419 0.0914442 0.0574511 0.0286724 0.0129185 0.00512278 0.00165958 0.000450611 0.0001059 2.12699e-05 3.59983e-06 5.05238e-07 5.7152e-08
 1.61698e-11 1.75585e-09 1.12411e-07 4.24295e-06 9.44207e-05 0.00123884 0.00958383 0.0437332 0.117946 0.189875 0.191334 0.144617 0.11283 0.088939 0.0549824 0.0266293 0.0116158 0.00455591 0.00149053 0.000410489 9.6399e-05 1.89017e-05 3.05768e-06 4.04263e-07 4.28482e-08
 1.638e-11 1.77868e-09 1.13873e-07 4.29812e-06 9.56484e-05 0.00125494 0.0097084 0.0443007 0.119465 0.192219 0.193224 0.144805 0.111433 0.0870979 0.053552 0.0257025 0.0110523 0.00425591 0.00135916 0.000365784 8.51958e-05 1.67757e-05 2.71202e-06 3.51593e-07 3.57735e-08
 1.5645e-11 1.69886e-09 1.08762e-07 4.10523e-06 9.13561e-05 0.00119863 0.00927293 0.0423173 0.114168 0.184116 0.187049 0.145342 0.118161 0.0948584 0.058285 0.0274755 0.0115089 0.00433777 0.00135854 0.000356694 8.07336e-05 1.54903e-05 2.46506e-06 3.17858e-07 3.21517e-08
 1.59568e-11 1.73272e-09 1.10931e-07 4.18707e-06 9.31773e-05 0.00122252 0.0094577 0.0431589 0.116417 0.187564 0.189715 0.145244 0.115514 0.0917362 0.0562993 0.0266099 0.0111485 0.00415243 0.00126217 0.000317074 6.86878e-05 1.2698e-05 1.95432e-06 2.44954e-07 2.43002e-08
 1.59009e-11 1.72665e-09 1.10542e-07 4.17239e-06 9.28507e-05 0.00121824 0.00942457 0.0430083 0.116017 0.186976 0.189382 0.14566 0.116597 0.0927027 0.0564959 0.0262154 0.010719 0.00393118 0.00118638 0.000295079 6.24607e-05 1.11117e-05 1.63363e-06 1.96099e-07 1.87542e-08
 1.54664e-11 1.67947e-09 1.07521e-07 4.05839e-06 9.03137e-05 0.00118496 0.00916718 0.0418359 0.112885 0.182174 0.185675 0.14582 0.120336 0.0971412 0.0593806 0.0275015 0.011181 0.0040572 0.00120181 0.000291454 6.02966e-05 1.05291e-05 1.5121e-06 1.75315e-07 1.60637e-08
 1.59395e-11 1.73084e-09 1.1081e-07 4.18252e-06 9.30759e-05 0.00122119 0.0094474 0.0431119 0.116289 0.187352 0.189473 0.144992 0.115274 0.091669 0.0565578 0.0270562 0.0114909 0.00429171 0.00128693 0.000312877 6.42298e-05 1.10166e-05 1.54646e-06 1.75213e-07 1.56512e-08
 1.61579e-11 1.75456e-09 1.12328e-07 4.23984e-06 9.43515e-05 0.00123793 0.00957686 0.0437022 0.117875 0.18986 0.191782 0.146136 0.115256 0.0906632 0.0545669 0.0246701 0.00973269 0.00348287 0.00103921 0.000256094 5.33155e-05 9.19001e-06 1.28249e-06 1.43073e-07 1.25084e-08
 1.5721e-11 1.70711e-09 1.09291e-07 4.12519e-06 9.18002e-05 0.00120446 0.00931802 0.0425234 0.114727 0.185045 0.188121 0.146482 0.119303 0.0953328 0.057428 0.0257373 0.00996179 0.00345749 0.000982155 0.000226963 4.49663e-05 7.62777e-06 1.06939e-06 1.20017e-07 1.04693e-08
 1.61452e-11 1.75317e-09 1.1224e-07 4.23649e-06 9.42769e-05 0.00123695 0.00956928 0.0436676 0.117781 0.189697 0.19157 0.14586 0.114948 0.0905557 0.0548625 0.0251841 0.0100893 0.00357833 0.00101817 0.000231307 4.41163e-05 7.08449e-06 9.40995e-07 1.02161e-07 8.82509e-09
 1.64904e-11 1.79066e-09 1.1464e-07 4.32707e-06 9.62927e-05 0.0012634 0.00977383 0.0445999 0.12028 0.193597 0.194915 0.146832 0.113652 0.0881358 0.0520952 0.0226085 0.00835007 0.0027986 0.000781089 0.000177059 3.36769e-05 5.32687e-06 6.84176e-07 7.06894e-08 5.79527e-09
 1.6139e-11 1.7525e-09 1.12197e-07 4.23486e-06 9.42408e-05 0.00123648 0.00956565 0.0436516 0.117746 0.18971 0.191904 0.146927 0.116626 0.0917015 0.0544647 0.0237163 0.00876429 0.00290169 0.000782145 0.000167538 3.01676e-05 4.62944e-06 5.87178e-07 5.98407e-08 4.7752e-09
 1.6097e-11 1.74795e-09 1.11905e-07 4.22386e-06 9.39959e-05 0.00123327 0.00954081 0.0435386 0.117446 0.189265 0.191634 0.147182 0.117351 0.0923705 0.0546398 0.023503 0.00851165 0.00276697 0.000734458 0.000153819 2.66651e-05 3.87876e-06 4.63811e-07 4.50778e-08 3.49448e-09
 1.62325e-11 1.76265e-09 1.12847e-07 4.25939e-06 9.47867e-05 0.00124364 0.00962101 0.0439033 0.118412 0.190676 0.192384 0.146019 0.114494 0.0898813 0.05425 0.0246998 0.00975434 0.00338979 0.000931963 0.000199707 3.51457e-05 5.10978e-06 5.98258e-07 5.58228e-08 4.10921e-09
 1.66002e-11 1.80258e-09 1.15403e-07 4.35589e-06 9.69341e-05 0.00127181 0.00983891 0.0448965 0.121075 0.19484 0.195991 0.147174 0.11329 0.0874065 0.0512188 0.0217602 0.00775614 0.00251514 0.000683526 0.000150055 2.7329e-05 4.08099e-06 4.85171e-07 4.53737e-08 3.29239e-09
 1.64624e-11 1.78762e-09 1.14445e-07 4.31973e-06 9.61293e-05 0.00126126 0.00975729 0.0445251 0.120088 0.193365 0.195045 0.147858 0.115444 0.0894653 0.0518869 0.0212962 0.00710809 0.00213755 0.00053586 0.000106225 1.75586e-05 2.50288e-06 2.98316e-07 2.85114e-08 2.10836e-09
 1.57426e-11 1.70945e-09 1.09441e-07 4.13085e-06 9.19261e-05 0.00120611 0.00933084 0.0425827 0.114899 0.185416 0.188933 0.148204 0.12176 0.0968878 0.056605 0.0232896 0.00777557 0.00232089 0.00056738 0.000106391 1.60551e-05 2.04662e-06 2.18688e-07 1.93008e-08 1.38027e-09
#obs surv len freq
 1.37728e-11 1.49557e-09 9.57473e-08 3.61399e-06 8.04243e-05 0.00105521 0.00816354 0.0372587 0.10057 0.162546 0.166691 0.133513 0.11487 0.101149 0.0754975 0.0490357 0.0283876 0.0137735 0.00534948 0.00161729 0.000368974 6.18119e-05 7.41838e-06 6.20627e-07 3.51582e-08
 1.29846e-11 1.40997e-09 9.02677e-08 3.40716e-06 7.58218e-05 0.000994831 0.00769689 0.0351383 0.0949672 0.154393 0.162225 0.139041 0.128347 0.112968 0.0790976 0.0460481 0.0236479 0.0103205 0.00369397 0.00106291 0.000235779 3.83488e-05 4.39474e-06 3.4466e-07 1.8083e-08
 1.26972e-11 1.37877e-09 8.82701e-08 3.33176e-06 7.41441e-05 0.000972823 0.0075268 0.0343653 0.0929152 0.151287 0.159732 0.138191 0.128531 0.114489 0.0826724 0.0497055 0.0251695 0.0101572 0.00321178 0.000808595 0.000160327 2.40072e-05 2.58558e-06 1.91888e-07 9.49186e-09
 1.41906e-11 1.54094e-09 9.86521e-08 3.72363e-06 8.28645e-05 0.00108723 0.00841175 0.0383991 0.103727 0.168097 0.173658 0.140266 0.118805 0.100515 0.0711681 0.0424111 0.0213813 0.00858515 0.0026507 0.000624626 0.000110896 1.45557e-05 1.38152e-06 9.20805e-08 4.16755e-09
 1.21934e-11 1.32406e-09 8.47676e-08 3.19957e-06 7.12026e-05 0.000934249 0.00722907 0.03302 0.0894401 0.146705 0.158922 0.14512 0.139286 0.120691 0.0814382 0.0448434 0.0210897 0.00810716 0.00243489 0.000558325 9.5012e-05 1.16318e-05 9.99549e-07 5.91058e-08 2.36017e-09
 1.35965e-11 1.47642e-09 9.45214e-08 3.56772e-06 7.93952e-05 0.00104173 0.00806017 0.0368032 0.099512 0.16185 0.169178 0.140122 0.12137 0.104427 0.076286 0.0465403 0.0229664 0.00866312 0.00246678 0.000533714 8.62977e-05 1.00671e-05 8.18467e-07 4.51048e-08 1.64872e-09
 1.30748e-11 1.41977e-09 9.0895e-08 3.43085e-06 7.63496e-05 0.00100179 0.00775188 0.0354096 0.0959063 0.157073 0.16834 0.147675 0.133322 0.110845 0.0735739 0.0403656 0.0188901 0.00716069 0.00208 0.000447506 6.94231e-05 7.59908e-06 5.75867e-07 2.95871e-08 1.00779e-09
 1.46141e-11 1.58691e-09 1.01596e-07 3.83474e-06 8.53376e-05 0.00111971 0.00866387 0.0395646 0.107014 0.174134 0.181606 0.147453 0.120997 0.0966599 0.0643773 0.0352774 0.0157641 0.00548237 0.00145547 0.000293878 4.39517e-05 4.66677e-06 3.39074e-07 1.64306e-08 5.21447e-10
 1.15767e-11 1.2571e-09 8.04806e-08 3.03776e-06 6.76029e-05 0.000887075 0.0068658 0.031392 0.085351 0.141858 0.159527 0.154047 0.1492 0.12429 0.0797976 0.0412211 0.0176328 0.00598088 0.00154046 0.000294479 4.08815e-05 4.02157e-06 2.73288e-07 1.24972e-08 3.75094e-10
 1.31717e-11 1.43029e-09 9.15683e-08 3.45627e-06 7.69159e-05 0.00100925 0.00781034 0.0356879 0.0967479 0.158758 0.170203 0.147094 0.129119 0.108056 0.0755814 0.0428898 0.0189436 0.00621332 0.00149987 0.000267687 3.48034e-05 3.19718e-06 2.0138e-07 8.49034e-09 2.34945e-10
 1.28516e-11 1.39553e-09 8.93431e-08 3.37228e-06 7.50476e-05 0.000984771 0.00762201 0.034847 0.0946716 0.156574 0.17199 0.155469 0.13884 0.110472 0.0700832 0.0362686 0.015442 0.00513432 0.00126713 0.000224751 2.79731e-05 2.39883e-06 1.39572e-07 5.41993e-09 1.37967e-10
 1.34626e-11 1.46188e-09 9.3591e-08 3.53263e-06 7.8616e-05 0.0010316 0.00798442 0.0365015 0.0991191 0.163483 0.177414 0.155153 0.133404 0.104907 0.0670342 0.0344286 0.0139728 0.00430663 0.000989033 0.000167302 2.02735e-05 1.69632e-06 9.50161e-08 3.4872e-09 8.26247e-11
 1.27837e-11 1.38816e-09 8.88717e-08 3.3545e-06 7.46531e-05 0.000979648 0.0075838 0.0346949 0.0944596 0.157215 0.175216 0.160817 0.1424 0.110023 0.0669668 0.0324411 0.0125055 0.00367932 0.000799169 0.00012583 1.40803e-05 1.09315e-06 5.74472e-08 1.99568e-09 4.4862e-11
 1.25831e-11 1.36637e-09 8.74767e-08 3.30186e-06 7.3482e-05 0.000964303 0.00746558 0.034162 0.093067 0.155104 0.173106 0.158678 0.140737 0.111187 0.070802 0.0357481 0.0139153 0.00400963 0.000838362 0.000125833 1.33017e-05 9.65918e-07 4.70855e-08 1.51141e-09 3.1422e-11
 1.2465e-11 1.35356e-09 8.66563e-08 3.2709e-06 7.27941e-05 0.00095532 0.0073972 0.0338667 0.0924152 0.154763 0.174656 0.162157 0.143278 0.110688 0.0684523 0.0337179 0.0129609 0.00371939 0.000771356 0.000113073 1.14633e-05 7.8697e-07 3.59182e-08 1.07222e-09 2.06249e-11
 1.17318e-11 1.27393e-09 8.15587e-08 3.07851e-06 6.85141e-05 0.000899222 0.00696474 0.0319164 0.0873608 0.147697 0.170792 0.164772 0.149444 0.116196 0.0716321 0.0347826 0.0130156 0.00361534 0.000726736 0.000103569 1.02018e-05 6.76467e-07 2.95339e-08 8.3447e-10 1.50526e-11
 1.17449e-11 1.27536e-09 8.16501e-08 3.08197e-06 6.85918e-05 0.00090027 0.00697341 0.0319618 0.0875062 0.14787 0.170195 0.162198 0.146169 0.11571 0.0740824 0.0372808 0.0142162 0.00395772 0.000786261 0.000109371 1.04186e-05 6.64429e-07 2.78027e-08 7.50307e-10 1.287e-11
 1.25818e-11 1.36624e-09 8.74687e-08 3.30161e-06 7.34806e-05 0.000964458 0.00747093 0.0342433 0.0937227 0.157968 0.179649 0.165548 0.141764 0.106483 0.0649302 0.0314644 0.0117452 0.00323691 0.000636962 8.71061e-05 8.07319e-06 4.96099e-07 1.98491e-08 5.09325e-10 8.27515e-12
 1.15952e-11 1.25911e-09 8.06105e-08 3.04279e-06 6.77239e-05 0.000889054 0.00689076 0.0316423 0.0871084 0.149356 0.177011 0.173217 0.15304 0.112759 0.0651648 0.0294301 0.0102192 0.00263901 0.000492046 6.44203e-05 5.74983e-06 3.40404e-07 1.30752e-08 3.20391e-10 4.94403e-12
 1.20728e-11 1.31097e-09 8.39304e-08 3.16812e-06 7.0514e-05 0.000925693 0.00717471 0.0329404 0.0905805 0.154528 0.180146 0.170945 0.147733 0.109371 0.0642065 0.0289069 0.00967237 0.00234049 0.000403188 4.86957e-05 4.03279e-06 2.23253e-07 8.07007e-09 1.86811e-10 2.72682e-12
 1.22594e-11 1.33123e-09 8.52284e-08 3.21715e-06 7.16078e-05 0.00094015 0.00728886 0.0334904 0.0922715 0.158053 0.185181 0.17503 0.147588 0.104932 0.0589383 0.0255681 0.00832125 0.00195834 0.00032391 3.6853e-05 2.82923e-06 1.43954e-07 4.77527e-09 1.01716e-10 1.37209e-12
 1.27111e-11 1.38028e-09 8.83689e-08 3.33573e-06 7.42488e-05 0.000974879 0.00755904 0.0347392 0.0957197 0.163715 0.190272 0.176072 0.144295 0.100013 0.0546932 0.0228809 0.00711417 0.00159381 0.000251038 2.71869e-05 1.97804e-06 9.46129e-08 2.92262e-09 5.74964e-11 7.12424e-13
 1.10707e-11 1.20217e-09 7.69665e-08 2.90545e-06 6.46809e-05 0.000849624 0.00659641 0.0304318 0.0847815 0.149313 0.18473 0.185696 0.159517 0.109591 0.0574261 0.0227141 0.00665424 0.00140198 0.000207071 2.09788e-05 1.42678e-06 6.37974e-08 1.84148e-09 3.37933e-11 3.89417e-13
 1.19361e-11 1.29614e-09 8.29828e-08 3.13254e-06 6.97343e-05 0.000915891 0.00710764 0.032736 0.0906897 0.15702 0.186676 0.177861 0.149656 0.1061 0.0585704 0.0239463 0.00699857 0.00142811 0.000200554 1.91157e-05 1.2155e-06 5.06218e-08 1.35783e-09 2.31268e-11 2.47195e-13
 1.21077e-11 1.31477e-09 8.41771e-08 3.17773e-06 7.07463e-05 0.000929395 0.00721674 0.0332882 0.0925426 0.161338 0.193375 0.183226 0.148643 0.0994004 0.0519699 0.0206083 0.00598097 0.00122108 0.000169903 1.5748e-05 9.55722e-07 3.74563e-08 9.36966e-10 1.48049e-11 1.46379e-13
 1.15965e-11 1.25927e-09 8.0625e-08 3.04379e-06 6.77735e-05 0.00089066 0.00692243 0.0320073 0.0895076 0.158111 0.193935 0.188255 0.153673 0.100866 0.0505931 0.0189033 0.00513485 0.00098701 0.000130856 1.16709e-05 6.83657e-07 2.57652e-08 6.14871e-10 9.18393e-12 8.51199e-14
 1.09109e-11 1.18484e-09 7.58614e-08 2.86414e-06 6.3784e-05 0.000838592 0.00652486 0.0302508 0.0851405 0.152493 0.191574 0.191141 0.158999 0.105176 0.0525367 0.0192162 0.00501078 0.000909473 0.000112719 9.37181e-06 5.13111e-07 1.81636e-08 4.08935e-10 5.77567e-12 5.06119e-14
 1.14208e-11 1.24021e-09 7.94073e-08 2.99808e-06 6.67699e-05 0.000877909 0.00683105 0.0316612 0.0889514 0.158258 0.195391 0.189619 0.154004 0.100705 0.0499983 0.0180953 0.00462275 0.00081202 9.61155e-05 7.53668e-06 3.8537e-07 1.26649e-08 2.6412e-10 3.45669e-12 2.81209e-14
#pred catch len freq
 8.42231e-12 9.14563e-10 5.85512e-08 2.21002e-06 4.91811e-05 0.000645297 0.004993 0.0228047 0.0617848 0.101739 0.113256 0.114051 0.12578 0.121778 0.0938461 0.0665743 0.0474222 0.033334 0.023774 0.0177207 0.0141122 0.0121835 0.0107841 0.00842076 0.00494557
 1.00515e-11 1.09147e-09 6.98768e-08 2.6375e-06 5.86942e-05 0.000770117 0.00595877 0.0272151 0.0737256 0.121334 0.134736 0.134653 0.146139 0.135828 0.0938908 0.0544803 0.030526 0.0164648 0.0088578 0.00516306 0.00336687 0.00247961 0.00198393 0.00149039 0.000876216
 9.69738e-12 1.05302e-09 6.74153e-08 2.54459e-06 5.66267e-05 0.000742994 0.00574908 0.0262613 0.0711958 0.117604 0.132593 0.137273 0.153428 0.143957 0.0994498 0.0568295 0.0300949 0.014103 0.00584043 0.00238435 0.00107393 0.000580677 0.000378244 0.000256577 0.000145533
 1.04725e-11 1.13718e-09 7.28036e-08 2.74798e-06 6.11526e-05 0.000802373 0.00620834 0.0283546 0.0768083 0.126372 0.140166 0.13965 0.150935 0.139272 0.0943246 0.0520456 0.0264509 0.0118155 0.00446611 0.00150453 0.000479497 0.000160998 6.74125e-05 3.53463e-05 1.80284e-05
 1.0245e-11 1.11248e-09 7.12221e-08 2.68828e-06 5.98243e-05 0.000784947 0.0060736 0.0277414 0.0751774 0.123931 0.138574 0.140697 0.154394 0.142714 0.0957248 0.0516651 0.0255576 0.011106 0.00403924 0.00127661 0.000358314 9.05945e-05 2.26819e-05 6.83916e-06 2.54566e-06
 9.82498e-12 1.06688e-09 6.83024e-08 2.57808e-06 5.73718e-05 0.00075277 0.00582471 0.0266064 0.072127 0.119106 0.134119 0.138451 0.154336 0.144513 0.0993993 0.0561698 0.0290233 0.0128619 0.00468211 0.00145886 0.000394799 9.15905e-05 1.83786e-05 3.40752e-06 6.89307e-07
 1.04459e-11 1.1343e-09 7.26189e-08 2.74101e-06 6.09975e-05 0.000800338 0.0061926 0.0282827 0.0766138 0.126055 0.139826 0.139348 0.150698 0.139267 0.0947207 0.0526822 0.0269701 0.0120556 0.00449212 0.00143226 0.000390333 8.90815e-05 1.6888e-05 2.65563e-06 3.58036e-07
 1.13221e-11 1.22944e-09 7.87102e-08 2.97092e-06 6.61139e-05 0.000867463 0.00671177 0.030649 0.0829566 0.135951 0.148313 0.141817 0.147459 0.133349 0.0881459 0.0465442 0.0225214 0.00966925 0.00349546 0.00109575 0.000299667 6.9323e-05 1.31897e-05 2.01558e-06 2.43803e-07
 1.10158e-11 1.19618e-09 7.65807e-08 2.89054e-06 6.43253e-05 0.000843999 0.00653032 0.029823 0.0807559 0.132626 0.145987 0.142724 0.151328 0.137383 0.0900503 0.0465273 0.0218585 0.0090875 0.00315082 0.000941253 0.000247401 5.59779e-05 1.06096e-05 1.6286e-06 1.95348e-07
 1.05888e-11 1.14982e-09 7.36126e-08 2.77851e-06 6.18322e-05 0.000811292 0.0062774 0.0286713 0.077684 0.127956 0.142572 0.143511 0.155981 0.142465 0.0927894 0.0470664 0.021532 0.00867739 0.00287829 0.00081078 0.000200256 4.27538e-05 7.7342e-06 1.15455e-06 1.37009e-07
 1.12095e-11 1.21722e-09 7.79273e-08 2.94137e-06 6.54563e-05 0.000858837 0.00664507 0.0303457 0.0821527 0.13477 0.147657 0.142708 0.149779 0.13561 0.0890454 0.0461594 0.0215893 0.00874423 0.00285874 0.000779951 0.000183809 3.6967e-05 6.26e-06 8.78794e-07 9.94172e-08
 1.1544e-11 1.25354e-09 8.02531e-08 3.02916e-06 6.74099e-05 0.000884467 0.00684331 0.0312493 0.0845764 0.138565 0.15097 0.143846 0.148817 0.133449 0.0862555 0.0433693 0.0196686 0.00789514 0.00260894 0.000722077 0.000170033 3.33828e-05 5.40326e-06 7.14552e-07 7.57435e-08
 1.18678e-11 1.2887e-09 8.2504e-08 3.11412e-06 6.93005e-05 0.000909272 0.00703515 0.0321233 0.0869154 0.142182 0.153919 0.144242 0.146831 0.13073 0.0840221 0.0418041 0.0186653 0.00735234 0.0023712 0.000641312 0.000149784 2.95323e-05 4.7769e-06 6.1943e-07 6.30311e-08
 1.12992e-11 1.22696e-09 7.85511e-08 2.96492e-06 6.59803e-05 0.000865713 0.00669831 0.0305895 0.0828228 0.135949 0.149312 0.145122 0.152746 0.137217 0.0875173 0.0425518 0.0184394 0.00709929 0.00224401 0.000591849 0.000134297 2.57989e-05 4.10764e-06 5.29775e-07 5.35921e-08
 1.16782e-11 1.26811e-09 8.11857e-08 3.06436e-06 6.81932e-05 0.000894745 0.00692283 0.0316121 0.0855551 0.140141 0.15256 0.145026 0.149568 0.133462 0.085125 0.0414948 0.0179708 0.00683259 0.00209538 0.000528742 0.000114844 2.12587e-05 3.27372e-06 4.10422e-07 4.0719e-08
 1.16708e-11 1.26731e-09 8.11346e-08 3.06243e-06 6.81503e-05 0.000894183 0.00691849 0.0315928 0.0855086 0.140112 0.152745 0.14571 0.150669 0.134223 0.08488 0.0405568 0.0171338 0.00641739 0.00195448 0.00048829 0.000103624 1.84586e-05 2.71531e-06 3.26023e-07 3.11829e-08
 1.10924e-11 1.2045e-09 7.71135e-08 2.91065e-06 6.47728e-05 0.000849872 0.00657582 0.0300319 0.0813383 0.133715 0.147788 0.145864 0.155558 0.140077 0.0887576 0.0423635 0.0178225 0.00661179 0.00197749 0.000481848 9.99678e-05 1.7482e-05 2.51222e-06 2.91348e-07 2.66986e-08
 1.1856e-11 1.28741e-09 8.24215e-08 3.111e-06 6.92312e-05 0.000908363 0.00702813 0.0320916 0.086834 0.142084 0.153976 0.144686 0.147627 0.131403 0.0841323 0.0414207 0.0181256 0.00689323 0.00208308 0.000508426 0.000104623 1.79672e-05 2.52358e-06 2.8599e-07 2.55493e-08
 1.21486e-11 1.3192e-09 8.44561e-08 3.1878e-06 7.09402e-05 0.000930786 0.00720158 0.0328827 0.0889627 0.145471 0.157195 0.146562 0.148127 0.130398 0.0813091 0.0377317 0.0153415 0.00560369 0.00168718 0.000417531 8.7129e-05 1.50362e-05 2.09944e-06 2.34267e-07 2.04833e-08
 1.1619e-11 1.26168e-09 8.0774e-08 3.04882e-06 6.78475e-05 0.00089021 0.0068878 0.0314537 0.0851469 0.139638 0.152773 0.147026 0.153103 0.136119 0.0847895 0.0389898 0.0155603 0.00551629 0.00158179 0.000367173 7.29412e-05 1.23909e-05 1.73824e-06 1.9513e-07 1.70234e-08
 1.23779e-11 1.34409e-09 8.60501e-08 3.24796e-06 7.22791e-05 0.00094835 0.0073374 0.0335012 0.0906124 0.14798 0.159032 0.146154 0.14568 0.127812 0.0800888 0.0376532 0.0154869 0.00558785 0.00160184 0.000365215 6.9812e-05 1.12247e-05 1.49176e-06 1.61997e-07 1.39954e-08
 1.2678e-11 1.37668e-09 8.81366e-08 3.32672e-06 7.40317e-05 0.000971344 0.00751527 0.0343123 0.0927923 0.151427 0.162213 0.147749 0.145691 0.126453 0.0773425 0.0343414 0.0130423 0.0044631 0.0012575 0.000286279 5.45839e-05 8.64506e-06 1.11102e-06 1.14822e-07 9.41446e-09
 1.24889e-11 1.35614e-09 8.68214e-08 3.27708e-06 7.29269e-05 0.000956851 0.00740318 0.0338018 0.0914283 0.149336 0.160596 0.147812 0.147315 0.128408 0.0786612 0.0349635 0.0132455 0.00446647 0.00121395 0.000261021 4.71096e-05 7.23889e-06 9.18703e-07 9.36512e-08 7.47403e-09
 1.20058e-11 1.30368e-09 8.3463e-08 3.15032e-06 7.01061e-05 0.000919843 0.007117 0.0324984 0.0879482 0.144016 0.156564 0.148237 0.151846 0.13358 0.0817373 0.0360237 0.0134555 0.00447831 0.00120161 0.000252896 4.39723e-05 6.40756e-06 7.66844e-07 7.45575e-08 5.78073e-09
 1.26317e-11 1.37165e-09 8.78142e-08 3.31455e-06 7.37608e-05 0.00096779 0.00748775 0.0341862 0.0924452 0.150812 0.161331 0.14643 0.144068 0.125634 0.0783298 0.0364564 0.01475 0.00520871 0.001442 0.000310022 5.46758e-05 7.9592e-06 9.32434e-07 8.70284e-08 6.40714e-09
 1.3288e-11 1.44292e-09 9.23769e-08 3.48677e-06 7.75932e-05 0.00101807 0.00787664 0.0359587 0.097196 0.158223 0.167676 0.148237 0.141533 0.120968 0.0730432 0.0315807 0.0114995 0.00379227 0.00103872 0.000228815 4.17528e-05 6.24126e-06 7.42352e-07 6.9441e-08 5.03928e-09
 1.31797e-11 1.43115e-09 9.16238e-08 3.45834e-06 7.69607e-05 0.00100977 0.00781249 0.035667 0.0964242 0.157098 0.167097 0.149229 0.14392 0.123057 0.0733995 0.0305984 0.01042 0.0031888 0.000806323 0.000160436 2.65769e-05 3.79327e-06 4.5239e-07 4.32478e-08 3.19842e-09
 1.21261e-11 1.31675e-09 8.42996e-08 3.18189e-06 7.08088e-05 0.000929063 0.00718833 0.0328241 0.0888296 0.145459 0.158126 0.149666 0.153059 0.133852 0.0803395 0.0336188 0.0114842 0.00349682 0.000863225 0.000162542 2.45903e-05 3.13984e-06 3.35791e-07 2.96474e-08 2.12055e-09
#obs catch len freq
 1.03126e-11 1.11982e-09 7.16921e-08 2.70602e-06 6.02191e-05 0.000790119 0.00611332 0.0279154 0.0755399 0.123607 0.133819 0.125566 0.130915 0.128245 0.103296 0.0716173 0.042294 0.0199921 0.00744466 0.00218761 0.000498127 8.5067e-05 1.04749e-05 8.93464e-07 5.10517e-08
 1.22344e-11 1.32851e-09 8.50524e-08 3.21031e-06 7.14412e-05 0.000937355 0.00725226 0.0331095 0.0894983 0.145616 0.153541 0.133129 0.125551 0.114501 0.0860083 0.0557512 0.0319275 0.0152105 0.00576465 0.00168953 0.000371292 5.95379e-05 6.79636e-06 5.37613e-07 2.86516e-08
 1.16408e-11 1.26405e-09 8.09255e-08 3.05454e-06 6.79751e-05 0.000891891 0.006901 0.0315165 0.0853232 0.139775 0.151355 0.139928 0.138911 0.124966 0.0875774 0.0507645 0.0257708 0.0110432 0.00385888 0.00107613 0.000229564 3.56616e-05 3.88018e-06 2.87408e-07 1.41761e-08
 1.15552e-11 1.25476e-09 8.03308e-08 3.03209e-06 6.74756e-05 0.000885343 0.0068505 0.0312886 0.0847328 0.138936 0.15069 0.139181 0.137575 0.124674 0.0899446 0.0536551 0.026735 0.0105571 0.00325415 0.000794049 0.000151449 2.16493e-05 2.21103e-06 1.54754e-07 7.18812e-09
 1.32049e-11 1.4339e-09 9.17995e-08 3.46498e-06 7.71089e-05 0.00101173 0.00782808 0.0357446 0.0966747 0.157492 0.166015 0.141355 0.12674 0.109242 0.0772793 0.0456581 0.0226237 0.00887044 0.0026613 0.000605977 0.000103331 1.29455e-05 1.16522e-06 7.3212e-08 3.10845e-09
 1.12263e-11 1.21904e-09 7.80439e-08 2.94578e-06 6.55553e-05 0.000860171 0.00665655 0.0304185 0.082551 0.136473 0.151972 0.147099 0.147709 0.129074 0.0867017 0.0473086 0.0218774 0.00821003 0.0023932 0.000529235 8.63023e-05 1.00659e-05 8.19621e-07 4.56879e-08 1.71169e-09
 1.28801e-11 1.39862e-09 8.95411e-08 3.37974e-06 7.52122e-05 0.000986862 0.00763617 0.0348772 0.0944166 0.154299 0.164053 0.141494 0.127453 0.11076 0.0805254 0.0484709 0.0234032 0.00859391 0.00237221 0.000494587 7.65415e-05 8.49325e-06 6.53313e-07 3.39066e-08 1.16256e-09
 1.24945e-11 1.35676e-09 8.68607e-08 3.27858e-06 7.29614e-05 0.000957353 0.00740864 0.0338533 0.0918166 0.151164 0.164817 0.149758 0.138797 0.115574 0.076147 0.041281 0.0189356 0.00698227 0.00196053 0.000405275 6.00672e-05 6.24796e-06 4.47583e-07 2.16358e-08 6.90645e-10
 1.40843e-11 1.52939e-09 9.79128e-08 3.69574e-06 8.22446e-05 0.00107915 0.00835059 0.0381445 0.103285 0.168754 0.1784 0.149326 0.125978 0.101048 0.06677 0.0360437 0.015741 0.00532035 0.00136609 0.000265029 3.78172e-05 3.80827e-06 2.61163e-07 1.1896e-08 3.53615e-10
 1.11751e-11 1.21348e-09 7.76883e-08 2.93237e-06 6.52581e-05 0.000856334 0.00662868 0.030322 0.0825851 0.138095 0.157977 0.156677 0.153509 0.127083 0.0806763 0.0410331 0.0171485 0.00564362 0.00140238 0.000257106 3.40272e-05 3.17292e-06 2.0332e-07 8.72857e-09 2.45092e-10
 1.28945e-11 1.40019e-09 8.96415e-08 3.38354e-06 7.5298e-05 0.000988042 0.00764685 0.0349517 0.0948571 0.156241 0.169322 0.149164 0.132377 0.110261 0.0761686 0.0423601 0.0181993 0.00577937 0.00134486 0.000230003 2.84724e-05 2.47628e-06 1.46954e-07 5.81318e-09 1.50395e-10
 1.26347e-11 1.37198e-09 8.78353e-08 3.31538e-06 7.37819e-05 0.00096819 0.00749446 0.0342766 0.0932424 0.154848 0.171931 0.157853 0.141537 0.111593 0.0698694 0.0355101 0.0147264 0.0047343 0.00112286 0.000190315 2.25175e-05 1.82671e-06 1.00079e-07 3.64406e-09 8.66757e-11
 1.33486e-11 1.4495e-09 9.27987e-08 3.50273e-06 7.79512e-05 0.0010229 0.00791786 0.0362089 0.0984287 0.162864 0.178125 0.157366 0.135283 0.105199 0.0661842 0.0332704 0.0131207 0.00390831 0.000862844 0.000139402 1.60316e-05 1.26646e-06 6.67013e-08 2.29385e-09 5.07719e-11
 1.26485e-11 1.37348e-09 8.79319e-08 3.31904e-06 7.38646e-05 0.000969337 0.00750495 0.034349 0.0936476 0.156497 0.176041 0.163301 0.144369 0.110159 0.0659706 0.0312744 0.011707 0.0033236 0.000692779 0.00010407 1.10466e-05 8.09262e-07 3.99467e-08 1.29861e-09 2.72383e-11
 1.25428e-11 1.36201e-09 8.71972e-08 3.29132e-06 7.32483e-05 0.000961274 0.00744309 0.034073 0.0929397 0.155417 0.174666 0.161074 0.142092 0.110687 0.069219 0.034098 0.0128565 0.00356884 0.00071514 0.00010227 1.02417e-05 7.01092e-07 3.20813e-08 9.63152e-10 1.8671e-11
 1.24638e-11 1.35343e-09 8.66482e-08 3.27061e-06 7.27886e-05 0.000955291 0.00739804 0.0338857 0.0925869 0.155567 0.176638 0.164557 0.144199 0.109668 0.0665598 0.0319774 0.0118972 0.00328389 0.000651354 9.08073e-05 8.70996e-06 5.63149e-07 2.41097e-08 6.72763e-10 1.20618e-11
 1.17271e-11 1.27343e-09 8.15264e-08 3.07731e-06 6.84886e-05 0.000898941 0.00696385 0.0319301 0.0875359 0.148567 0.172948 0.167361 0.15043 0.11508 0.0695469 0.0328905 0.0118994 0.00317652 0.000610094 8.25786e-05 7.68403e-06 4.79184e-07 1.96029e-08 5.17386e-10 8.69527e-12
 1.18219e-11 1.28372e-09 8.21856e-08 3.1022e-06 6.90434e-05 0.000906251 0.00702098 0.0321962 0.0882663 0.149606 0.172937 0.164703 0.146699 0.114102 0.0714874 0.0349598 0.0128638 0.00343556 0.000651021 8.5884e-05 7.71884e-06 4.62407e-07 1.81095e-08 4.56036e-10 7.28173e-12
 1.27047e-11 1.37958e-09 8.83229e-08 3.33388e-06 7.42002e-05 0.00097396 0.00754583 0.0346028 0.0948177 0.160198 0.182669 0.167763 0.141611 0.104323 0.0622087 0.0292889 0.0105424 0.00278325 0.000521476 6.75167e-05 5.89551e-06 3.39914e-07 1.27163e-08 3.04218e-10 4.59745e-12
 1.17467e-11 1.27556e-09 8.1664e-08 3.08259e-06 6.86116e-05 0.000900782 0.00698326 0.0320863 0.0884553 0.152056 0.18052 0.175516 0.152406 0.109938 0.0620523 0.0272058 0.00910455 0.00225127 0.000399378 4.94485e-05 4.15234e-06 2.30334e-07 8.26262e-09 1.8859e-10 2.70494e-12
 1.22582e-11 1.33111e-09 8.52203e-08 3.21684e-06 7.16004e-05 0.000940031 0.00728742 0.033476 0.0921656 0.157552 0.183813 0.173152 0.146957 0.106366 0.060832 0.0265133 0.00853338 0.0019751 0.00032356 3.69397e-05 2.87622e-06 1.49048e-07 5.02614e-09 1.08252e-10 1.46719e-12
 1.24622e-11 1.35326e-09 8.6639e-08 3.27044e-06 7.27964e-05 0.000955843 0.0074123 0.0340772 0.0940029 0.161312 0.188978 0.177028 0.146368 0.10164 0.0555923 0.0233343 0.00729533 0.00163914 0.000257375 2.76512e-05 1.99492e-06 9.49923e-08 2.93853e-09 5.82021e-11 7.28413e-13
 1.29444e-11 1.40562e-09 8.99915e-08 3.39702e-06 7.56159e-05 0.000992923 0.00770078 0.0354099 0.0976731 0.167284 0.194202 0.177851 0.142688 0.096424 0.0512562 0.0207178 0.00618201 0.0013211 0.000197328 2.01544e-05 1.37647e-06 6.15688e-08 1.773e-09 3.2432e-11 3.7284e-13
 1.13014e-11 1.22722e-09 7.8571e-08 2.96609e-06 6.60347e-05 0.000867536 0.00673792 0.0311097 0.0868003 0.153121 0.189052 0.187658 0.157637 0.105566 0.0537509 0.0205282 0.00576616 0.00115767 0.000162002 1.54668e-05 9.86651e-07 4.12229e-08 1.10841e-09 1.8902e-11 2.02018e-13
 1.21941e-11 1.32416e-09 8.47774e-08 3.20036e-06 7.12476e-05 0.000935889 0.00726503 0.0334827 0.0928662 0.16098 0.191007 0.179873 0.148004 0.10209 0.0545876 0.0214865 0.00601033 0.00116749 0.000155216 1.39317e-05 8.30379e-07 3.2295e-08 8.06518e-10 1.27587e-11 1.2642e-13
 1.23817e-11 1.34454e-09 8.60836e-08 3.24979e-06 7.23551e-05 0.000950675 0.0073845 0.0340858 0.0948676 0.165525 0.197748 0.184825 0.14641 0.0952308 0.048246 0.0184129 0.00510606 0.000990021 0.000130151 1.13464e-05 6.45113e-07 2.36054e-08 5.4969e-10 8.06575e-12 7.39104e-14
 1.18801e-11 1.29007e-09 8.25983e-08 3.11839e-06 6.94403e-05 0.000912739 0.00709694 0.0328406 0.0919498 0.162522 0.198512 0.189804 0.15111 0.0963466 0.0467648 0.0168036 0.00436013 0.000795553 9.95405e-05 8.33686e-06 4.56788e-07 1.6054e-08 3.5643e-10 4.94311e-12 4.24664e-14
 1.12043e-11 1.21671e-09 7.79033e-08 2.94136e-06 6.55106e-05 0.000861494 0.00670633 0.0311204 0.0877012 0.157139 0.196419 0.192829 0.156328 0.100347 0.0484244 0.0170048 0.00423027 0.000728262 8.51409e-05 6.64381e-06 3.39959e-07 1.121e-08 2.34507e-10 3.07173e-12 2.49281e-14
#spawning biomass
 22042.8 20486 26242.9 27585.5 32043 40685.9 45565.4 51955.3 66078.3 70605.9 75957.1 87306.3 106179 122961 128063 135356 137171 141795 143974 145080 146548 145022 150253 141612 151715 146546 137775 120743 111546 159708 131520 92300.5 64860.5 48915.3 40477.4 36270.9 34258.6 33323.8 32898.9 32708.9 32624.9 32588.1 32572.1 32565.2 32562.2 32561 32560.4 32560.2 32560.1 32560.1 32560.1 32560.1 32560.1 32560.1 32560.1 32560.1 32560.1 32560.1 32560.1 32560.1 32560.1 32560.1 32560.1 32560.1 32560.1 32560.1 32560.1 32560.1 32560.1 32560.1 32560.1 32560.1 32560.1 32560.1 32560.1 32560.1 32560.1 32560.1 32560.1 32560.1 32560.1 32560.1 32560.1 32560.1 32560.1 32560.1 32560.1 32560.1 32560.1 32560.1 32560.1 32560.1 32560.1 32560.1 32560.1 32560.1 32560.1 32560.1 32560.1 32560.1 32560.1 32560.1 32560.1 32560.1 32560.1 32560.1 32560.1 32560.1 32560.1 32560.1 32560.1 32560.1 32560.1 32560.1 32560.1 32560.1 32560.1 32560.1 32560.1 32560.1 32560.1 32560.1 32560.1 32560.1 32560.1 32560.1 32560.1 32560.1 0 0 0 0 0 0 0 0 0 0 0 0 0 0 0 0 0 0 0 0 0 0 0 0 0
