SBPRF35
27.219
Curr Bio
126076
B35
2.71619e+07
F35
0.0247297
FOFL
0
OFL
0
Bzero
7.77684e+06
#pred survey bio
 35819.6 29368.2 21190 12845.9 18858.4 24872.4 33823.4 43496.9 55911.3 62101.5 71842 85602.2 106491 105342 109852 116457 105973 119499 128675 122928 151355 143710 160907 164658 149346 163451 172457 159587 4.66132e+06 8.96115e+06 1.41565e+07 1.93353e+07 2.41491e+07 2.84214e+07 3.2102e+07 3.52141e+07 3.78167e+07 3.99818e+07 4.17818e+07 4.32829e+07 4.45424e+07 4.56084e+07 4.64273e+07 4.68049e+07 4.7175e+07 4.75373e+07 4.78916e+07 4.82377e+07 4.85758e+07 4.89058e+07 4.92279e+07 4.95423e+07 4.9849e+07 5.01482e+07 5.04402e+07 5.07251e+07 5.1003e+07 5.12743e+07 5.1539e+07 5.17973e+07 5.20494e+07 5.22955e+07 5.25358e+07 5.27704e+07 5.29994e+07 5.32231e+07 5.34416e+07 5.3655e+07 5.38634e+07 5.40671e+07 5.42661e+07 5.44606e+07 5.46507e+07 5.48365e+07 5.50181e+07 5.51957e+07 5.53694e+07 5.55392e+07 5.57054e+07 5.58679e+07 5.60269e+07 5.61825e+07 5.63348e+07 5.64838e+07 5.66297e+07 5.67725e+07 5.69124e+07 5.70494e+07 5.71835e+07 5.7315e+07 5.74437e+07 5.75699e+07 5.76935e+07 5.78147e+07 5.79335e+07 5.80499e+07 5.81641e+07 5.82761e+07 5.83859e+07 5.84937e+07 5.85994e+07 5.87031e+07 5.88049e+07 5.89048e+07 5.90028e+07 5.90991e+07 5.91937e+07 5.92865e+07 5.93777e+07 5.94673e+07 5.95553e+07 5.96418e+07 5.97268e+07 5.98104e+07 5.98925e+07 5.99732e+07 6.00526e+07 6.01307e+07 6.02075e+07 6.0283e+07 6.03574e+07 6.04305e+07 6.05025e+07 6.05733e+07 6.0643e+07 6.07117e+07 6.07793e+07 6.08458e+07 0 0 0 0 0 0 0 0 0 0 0 0 0 0 0 0 0 0 0 0 0 0 0 0 0
#obs survey bio
 34891.8 32734.6 10062.5 10929 14758.3 24545.9 28532.5 32293.7 55525.5 72836.4 70352.5 60510.6 75044.2 97007.1 73180.1 143645 100807 102087 134691 107687 146644 146673 123685 144989 119952 199176 130901 136031
#pred catch bio
 23555 19695.8 16317.2 9198.88 14029.8 18791.8 26102.6 33256.7 45716.1 50016.1 58439.6 68785.1 91096.1 90799.3 93997 103650 90502.7 103888 116679 104193 137568 128939 145719 152207 137426 149297 165847 138163 0 10247 16460.9 22670.9 28471.8 33628.5 38066.7 41806.5 44916.7 47484.6 49599.1 51342.4 52786 53989.9 54893.4 55269.2 55633.4 55986.3 56328.2 56659.6 56980.7 57291.9 57593.4 57885.6 58168.7 58443.1 58709 58966.6 59216.2 59458.2 59692.6 59919.7 60139.9 60353.2 60559.9 60760.1 60954.2 61142.3 61324.6 61501.2 61672.3 61838.1 61998.8 62154.5 62305.4 62451.6 62593.3 62730.6 62863.7 62992.6 63117.5 63238.6 63355.9 63469.6 63579.7 63686.5 63789.9 63890.1 63987.3 64081.4 64172.6 64261 64346.6 64429.6 64510 64587.9 64663.4 64736.6 64807.5 64876.2 64942.8 65007.3 65069.9 65130.4 65189.1 65246 65301.2 65354.6 65406.3 65456.5 65505.1 65552.2 65597.8 65642.1 65684.9 65726.4 65766.7 65805.7 65843.5 65880.1 65915.6 65950 65983.3 66015.6 66046.9 66077.2 66106.5 66135 66162.6 66189.3 0 0 0 0 0 0 0 0 0 0 0 0 0 0 0 0 0 0 0 0 0 0 0 0 0
#obs catch bio
 17867.7 20048.2 19686.3 11768.8 10622.9 16621.9 23195.6 29213.2 41084.1 43918.1 51792.3 58818.6 87923.3 76161.8 92627.2 85670.4 73548.5 90710.8 102709 91453.9 113428 103983 128347 123451 110764 119365 138351 120129
#pred cpue bio
 29691.1 24502.9 19690.7 9102.24 9382.12 13861.4 17310.1 22647 29711.5 31232.4 36888.8 41285.8 51853.4 51448.5 49509.3 54233.1 47757.3 52912.4 55693.1 49256.2 65012.3 57328.5 59929.2 64749.7 58060.9 55012.8 64591.2 47587.8 1.96915e+06 8.81009e+06 1.4036e+07 1.92132e+07 2.40269e+07 2.82991e+07 3.19798e+07 3.50919e+07 3.76945e+07 3.98596e+07 4.16596e+07 4.31607e+07 4.44202e+07 4.54862e+07 4.63051e+07 4.66827e+07 4.70528e+07 4.74151e+07 4.77694e+07 4.81155e+07 4.84536e+07 4.87836e+07 4.91057e+07 4.94201e+07 4.97268e+07 5.0026e+07 5.0318e+07 5.06029e+07 5.08808e+07 5.11521e+07 5.14167e+07 5.16751e+07 5.19272e+07 5.21733e+07 5.24136e+07 5.26482e+07 5.28772e+07 5.31009e+07 5.33194e+07 5.35327e+07 5.37412e+07 5.39449e+07 5.41439e+07 5.43384e+07 5.45284e+07 5.47142e+07 5.48959e+07 5.50735e+07 5.52472e+07 5.5417e+07 5.55832e+07 5.57457e+07 5.59047e+07 5.60603e+07 5.62126e+07 5.63616e+07 5.65075e+07 5.66503e+07 5.67902e+07 5.69272e+07 5.70613e+07 5.71927e+07 5.73215e+07 5.74476e+07 5.75713e+07 5.76924e+07 5.78112e+07 5.79277e+07 5.80419e+07 5.81539e+07 5.82637e+07 5.83714e+07 5.84771e+07 5.85809e+07 5.86826e+07 5.87826e+07 5.88806e+07 5.89769e+07 5.90715e+07 5.91643e+07 5.92555e+07 5.93451e+07 5.94331e+07 5.95196e+07 5.96046e+07 5.96881e+07 5.97703e+07 5.9851e+07 5.99304e+07 6.00085e+07 6.00853e+07 6.01608e+07 6.02351e+07 6.03083e+07 6.03802e+07 6.04511e+07 6.05208e+07 6.05894e+07 6.0657e+07 6.07236e+07 0 0 0 0 0 0 0 0 0 0 0 0 0 0 0 0 0 0 0 0 0 0 0 0 0
#obs cpue bio
 30126.4 21475.7 14481.9 9354.87 16123.5 27051.6 30620.8 45902.5 58065.8 40495.8 67926.3 91131.4 94567.1 115516 72234.9 112472 103398 103805 94451 85636.5 159367 128208 124663 175945 163830 114069 170749 92767.6
#pred surv len freq
 1.00199e-11 1.08756e-09 6.96038e-08 2.62663e-06 5.84462e-05 0.000766862 0.00593407 0.0271033 0.0733767 0.12024 0.130961 0.124798 0.130519 0.122485 0.0904415 0.0597175 0.0389273 0.0245794 0.0155438 0.0103366 0.00744076 0.00591356 0.00494571 0.00374323 0.00216572
 8.90578e-12 9.66637e-10 6.18647e-08 2.33458e-06 5.19479e-05 0.000681613 0.00527496 0.0241057 0.0654375 0.108648 0.124881 0.134761 0.155318 0.146387 0.0999484 0.0568373 0.0324334 0.0188521 0.0107956 0.00611657 0.00358268 0.0023242 0.00168317 0.00119413 0.00068317
 4.26445e-12 4.62865e-10 2.96234e-08 1.1179e-06 2.48755e-05 0.00032643 0.00252768 0.0115851 0.0319156 0.056737 0.0823446 0.128465 0.183209 0.186167 0.135019 0.0828436 0.0480864 0.0255 0.0126341 0.00621705 0.00307327 0.00157687 0.000900597 0.000550279 0.00029595
 1.40523e-11 1.52525e-09 9.76155e-08 3.68371e-06 8.19671e-05 0.00107544 0.00832073 0.0379764 0.102432 0.164788 0.165307 0.123221 0.096394 0.0846228 0.0713563 0.0572805 0.0408163 0.0242062 0.0123631 0.00565057 0.0023875 0.000988137 0.000429195 0.000203641 9.45961e-05
 1.73016e-11 1.87793e-09 1.20187e-07 4.53549e-06 0.00010092 0.00132412 0.0102447 0.0467567 0.126105 0.20278 0.202931 0.149369 0.110846 0.0824459 0.0451373 0.0159156 0.00396956 0.00111958 0.000517122 0.000258968 0.000111314 4.1351e-05 1.42183e-05 4.95926e-06 1.78202e-06
 1.59071e-11 1.72656e-09 1.105e-07 4.16991e-06 9.27858e-05 0.0012174 0.00941932 0.0429973 0.116069 0.187479 0.191558 0.151355 0.125139 0.0983262 0.0540263 0.0182072 0.00364706 0.000431431 3.01022e-05 1.23851e-06 3.00471e-08 4.2983e-10 3.63008e-12 1.93703e-14 4.07404e-16
 1.69101e-11 1.83543e-09 1.17467e-07 4.43285e-06 9.86364e-05 0.00129416 0.010013 0.0457016 0.123292 0.198526 0.199939 0.150485 0.115739 0.087599 0.0476615 0.0160292 0.00320949 0.000379638 2.64881e-05 1.08981e-06 2.64396e-08 3.78216e-10 3.19026e-12 1.58698e-14 4.65673e-17
 1.67204e-11 1.81483e-09 1.16149e-07 4.38311e-06 9.75297e-05 0.00127964 0.00990067 0.04519 0.121926 0.196437 0.198354 0.150649 0.117517 0.0896282 0.0488655 0.0164412 0.00329227 0.000389435 2.71718e-05 1.11794e-06 2.71219e-08 3.87971e-10 3.27239e-12 1.62755e-14 4.77282e-17
 1.6487e-11 1.7895e-09 1.14528e-07 4.32193e-06 9.61683e-05 0.00126178 0.00976254 0.0445608 0.120245 0.193866 0.196404 0.150852 0.119704 0.0921243 0.0503465 0.016948 0.00339408 0.000401486 2.80127e-05 1.15254e-06 2.79613e-08 3.99979e-10 3.37368e-12 1.67793e-14 4.92062e-17
 1.70966e-11 1.85567e-09 1.18763e-07 4.48173e-06 9.97242e-05 0.00130843 0.0101233 0.0462044 0.124635 0.20058 0.201497 0.150323 0.113992 0.0856045 0.0464781 0.0156243 0.00312813 0.000370008 2.58161e-05 1.06216e-06 2.57687e-08 3.68614e-10 3.10912e-12 1.54634e-14 4.53466e-17
 1.68741e-11 1.83152e-09 1.17217e-07 4.42342e-06 9.84266e-05 0.0012914 0.00999168 0.0456046 0.123033 0.19813 0.199638 0.150516 0.116076 0.0879837 0.0478897 0.0161073 0.00322518 0.000381495 2.66177e-05 1.09514e-06 2.65688e-08 3.8006e-10 3.20566e-12 1.59436e-14 4.67547e-17
 1.75209e-11 1.90172e-09 1.2171e-07 4.59296e-06 0.000102199 0.0013409 0.0103745 0.0473483 0.127691 0.205253 0.205042 0.149955 0.110016 0.0810668 0.0437857 0.014703 0.00294304 0.000348099 2.42873e-05 9.99256e-07 2.42426e-08 3.46784e-10 2.92499e-12 1.45477e-14 4.26611e-17
 1.74269e-11 1.89152e-09 1.21057e-07 4.56832e-06 0.000101651 0.0013337 0.0103188 0.0470949 0.127014 0.204218 0.204257 0.150037 0.110896 0.0820719 0.0443821 0.014907 0.00298404 0.000352952 2.46259e-05 1.01319e-06 2.45806e-08 3.51619e-10 2.96577e-12 1.47505e-14 4.32559e-17
 1.73969e-11 1.88827e-09 1.20849e-07 4.56047e-06 0.000101476 0.00133141 0.0103011 0.0470141 0.126798 0.203888 0.204007 0.150063 0.111177 0.0823923 0.0445722 0.0149721 0.00299711 0.000354499 2.47339e-05 1.01763e-06 2.46884e-08 3.53161e-10 2.97878e-12 1.48152e-14 4.34456e-17
 1.81447e-11 1.96943e-09 1.26043e-07 4.75648e-06 0.000105837 0.00138863 0.0107436 0.04903 0.132183 0.212124 0.210254 0.149415 0.10417 0.0743957 0.0398275 0.0133486 0.00267092 0.00031589 2.20397e-05 9.0678e-07 2.19991e-08 3.14691e-10 2.6543e-12 1.32013e-14 3.8713e-17
 1.78525e-11 1.93771e-09 1.24013e-07 4.67988e-06 0.000104133 0.00136627 0.0105707 0.0482423 0.130079 0.208906 0.207813 0.149668 0.106908 0.0775205 0.0416816 0.013983 0.00279838 0.000330977 2.30925e-05 9.50096e-07 2.305e-08 3.29723e-10 2.78109e-12 1.3832e-14 4.05623e-17
 1.81454e-11 1.96951e-09 1.26048e-07 4.75667e-06 0.000105842 0.00138869 0.0107441 0.049032 0.132188 0.212132 0.21026 0.149414 0.104163 0.0743879 0.0398229 0.013347 0.0026706 0.000315852 2.2037e-05 9.06672e-07 2.19964e-08 3.14653e-10 2.65398e-12 1.31998e-14 3.87084e-17
 1.8296e-11 1.98585e-09 1.27094e-07 4.79614e-06 0.00010672 0.00140021 0.0108332 0.049438 0.133272 0.21379 0.211519 0.149283 0.102752 0.0727774 0.0388673 0.01302 0.00260491 0.000308076 2.14944e-05 8.84346e-07 2.14548e-08 3.06905e-10 2.58863e-12 1.28747e-14 3.77553e-17
 1.8484e-11 2.00626e-09 1.284e-07 4.84543e-06 0.000107817 0.0014146 0.0109445 0.049945 0.134626 0.215861 0.21309 0.14912 0.10099 0.0707665 0.0376741 0.0126117 0.00252288 0.000298367 2.08169e-05 8.56471e-07 2.07785e-08 2.97231e-10 2.50703e-12 1.24689e-14 3.65652e-17
 1.90713e-11 2.07e-09 1.3248e-07 4.99937e-06 0.000111242 0.00145954 0.011292 0.0515282 0.138855 0.222329 0.217996 0.148611 0.0954872 0.064486 0.0339477 0.0113366 0.0022667 0.000268044 1.87009e-05 7.6941e-07 1.86664e-08 2.67017e-10 2.25219e-12 1.12014e-14 3.28483e-17
 1.85454e-11 2.01292e-09 1.28827e-07 4.86152e-06 0.000108175 0.0014193 0.0109808 0.0501105 0.135068 0.216537 0.213603 0.149067 0.100415 0.07011 0.0372846 0.0124784 0.0024961 0.000295197 2.05957e-05 8.4737e-07 2.05577e-08 2.94073e-10 2.48039e-12 1.23364e-14 3.61766e-17
 1.91029e-11 2.07343e-09 1.32699e-07 5.00766e-06 0.000111427 0.00146196 0.0113108 0.0516134 0.139083 0.222677 0.21826 0.148584 0.0951911 0.064148 0.0337472 0.011268 0.00225291 0.000266412 1.85871e-05 7.64725e-07 1.85527e-08 2.65391e-10 2.23847e-12 1.11332e-14 3.26482e-17
 1.95648e-11 2.12357e-09 1.35908e-07 5.12875e-06 0.000114121 0.0014973 0.0115841 0.0528588 0.142409 0.227765 0.22212 0.148183 0.0908625 0.0592079 0.0308161 0.010265 0.0020514 0.000242561 1.69227e-05 6.96245e-07 1.68913e-08 2.41626e-10 2.03802e-12 1.01362e-14 2.97246e-17
 1.92035e-11 2.08436e-09 1.33399e-07 5.03405e-06 0.000112014 0.00146966 0.0113703 0.0518849 0.139808 0.223786 0.219102 0.148497 0.0942477 0.0630713 0.0331084 0.0110494 0.00220899 0.000261214 1.82243e-05 7.498e-07 1.81906e-08 2.60212e-10 2.19479e-12 1.09159e-14 3.2011e-17
 1.92821e-11 2.09289e-09 1.33944e-07 5.05464e-06 0.000112472 0.00147567 0.0114168 0.0520967 0.140374 0.224651 0.219758 0.148428 0.0935114 0.0622311 0.0326098 0.0108788 0.00217472 0.000257157 1.79412e-05 7.38152e-07 1.7908e-08 2.56169e-10 2.16069e-12 1.07464e-14 3.15138e-17
 2.01629e-11 2.18849e-09 1.40063e-07 5.28554e-06 0.00011761 0.00154307 0.0119381 0.0544714 0.146717 0.234352 0.227118 0.147665 0.0852575 0.0528111 0.0270206 0.00896624 0.00179047 0.000211675 1.47675e-05 6.0757e-07 1.474e-08 2.10852e-10 1.77845e-12 8.84527e-15 2.59388e-17
 1.9529e-11 2.11968e-09 1.35659e-07 5.11936e-06 0.000113912 0.00149456 0.0115629 0.0527623 0.142152 0.22737 0.221821 0.148214 0.091198 0.0595909 0.0310433 0.0103427 0.00206702 0.000244409 1.70517e-05 7.01553e-07 1.70201e-08 2.43468e-10 2.05356e-12 1.02135e-14 2.99512e-17
 2.07697e-11 2.25436e-09 1.44278e-07 5.44462e-06 0.000121149 0.00158951 0.0122973 0.0561075 0.151087 0.241036 0.232188 0.147139 0.0795709 0.0463211 0.0231699 0.00764859 0.00152574 0.000180341 1.25809e-05 5.17606e-07 1.25574e-08 1.7963e-10 1.51511e-12 7.53551e-15 2.20979e-17
#obs surv len freq
 4.28193e-11 3.96834e-09 2.16853e-07 6.98731e-06 0.000132753 0.00148724 0.00982642 0.0383243 0.0886514 0.12468 0.119546 0.108233 0.114861 0.115378 0.10093 0.0789549 0.05223 0.0281449 0.0124822 0.00451975 0.00128808 0.00027572 4.22674e-05 4.45034e-06 3.11518e-07
 2.76082e-11 2.46778e-09 1.30065e-07 4.04207e-06 7.40707e-05 0.000800456 0.00510439 0.0192703 0.043814 0.0651282 0.0829595 0.119522 0.159735 0.162718 0.134307 0.0975316 0.0600302 0.0303205 0.0127687 0.00442792 0.00120234 0.000242364 3.46781e-05 3.39222e-06 2.19951e-07
 1.16061e-11 9.9886e-10 5.06887e-08 1.51674e-06 2.67624e-05 0.000278536 0.00171258 0.00627147 0.0142551 0.0238797 0.0419546 0.0802749 0.12993 0.172274 0.191371 0.164012 0.101687 0.0471527 0.0176925 0.00553834 0.00138819 0.000261232 3.49013e-05 3.17366e-06 1.90427e-07
 2.42942e-10 2.00987e-08 9.80433e-07 2.82004e-05 0.000478278 0.00478292 0.0282032 0.0980658 0.201129 0.243693 0.175988 0.0801624 0.0326773 0.0269269 0.0326644 0.0321361 0.023271 0.0126144 0.00515881 0.00158421 0.000364211 6.1885e-05 7.52308e-06 6.28009e-07 3.47291e-08
 1.42821e-10 1.13406e-08 5.3097e-07 1.46586e-05 0.000238623 0.00229081 0.0129783 0.0435464 0.0881549 0.117463 0.135414 0.172451 0.190198 0.13938 0.0641825 0.0208483 0.00716168 0.00341156 0.00157097 0.000540179 0.000130007 2.15285e-05 2.42792e-06 1.84089e-07 9.22045e-09
 3.57307e-10 2.7192e-08 1.22019e-06 3.2285e-05 0.000503691 0.00463372 0.0251396 0.0804983 0.152747 0.175411 0.134792 0.0958852 0.0873852 0.0869534 0.0762604 0.0502997 0.0220062 0.00610042 0.00113691 0.000179015 3.00785e-05 4.63293e-06 5.1511e-07 3.7672e-08 1.76665e-09
 4.29204e-10 3.12628e-08 1.3427e-06 3.40032e-05 0.000507757 0.00447118 0.0232278 0.071351 0.131136 0.152751 0.139649 0.138451 0.135306 0.100545 0.0569763 0.0280011 0.0121332 0.00419047 0.00105694 0.000185053 2.23295e-05 1.97451e-06 1.41072e-07 8.18156e-09 3.46024e-10
 6.23831e-10 4.34353e-08 1.78322e-06 4.31676e-05 0.000616176 0.0051866 0.0257562 0.0756291 0.132869 0.147936 0.129504 0.124961 0.124736 0.10346 0.0704923 0.0385001 0.015227 0.00413808 0.000805551 0.000122265 1.47527e-05 1.31845e-06 8.13222e-08 3.39175e-09 9.74066e-11
 1.01282e-09 6.73283e-08 2.63908e-06 6.09951e-05 0.000831255 0.00668046 0.0316745 0.0888118 0.149068 0.1589 0.133793 0.12381 0.116622 0.0897132 0.0563539 0.0289327 0.0110973 0.00298943 0.000569757 7.92846e-05 8.17026e-06 6.20054e-07 3.40934e-08 1.31786e-09 3.44408e-11
 1.17891e-09 7.47399e-08 2.79391e-06 6.1583e-05 0.000800415 0.00613548 0.0277621 0.0744983 0.121377 0.133444 0.13337 0.148285 0.144375 0.105898 0.0616765 0.029111 0.0102195 0.00249611 0.000428025 5.39003e-05 5.08814e-06 3.52046e-07 1.72188e-08 5.79377e-10 1.31673e-11
 2.41523e-09 1.45874e-07 5.195e-06 0.000109089 0.00135075 0.00986298 0.0424917 0.108296 0.165507 0.16183 0.127694 0.113002 0.103168 0.0798398 0.0509603 0.0250791 0.00855288 0.00192543 0.000291599 3.13982e-05 2.51503e-06 1.50047e-07 6.46594e-09 1.94316e-10 3.95284e-12
 2.836e-09 1.63023e-07 5.5256e-06 0.000110434 0.00130147 0.0090465 0.0371326 0.0905559 0.135251 0.140832 0.140199 0.151065 0.134674 0.0881397 0.0452927 0.0189123 0.00594362 0.00131139 0.000202064 2.2189e-05 1.74036e-06 9.5745e-08 3.63165e-09 9.41206e-11 1.65236e-12
 4.89552e-09 2.67589e-07 8.62434e-06 0.000163898 0.00183666 0.0121387 0.0473623 0.109642 0.154395 0.147646 0.12981 0.128141 0.114105 0.0809275 0.0463588 0.0201703 0.00598852 0.00114846 0.000143565 1.23622e-05 7.84467e-07 3.76314e-08 1.31963e-09 3.20942e-11 5.2038e-13
 6.36151e-09 3.30362e-07 1.0116e-05 0.00018265 0.00194471 0.012214 0.0453288 0.100273 0.137894 0.139188 0.142698 0.151763 0.127984 0.0801418 0.0397702 0.0154573 0.00426575 0.000781845 9.48897e-05 7.88392e-06 4.62546e-07 1.92378e-08 5.59214e-10 1.12249e-11 1.54345e-13
 1.00675e-08 4.96338e-07 1.44285e-05 0.00024732 0.0024999 0.0149059 0.0525207 0.110326 0.144178 0.138609 0.136073 0.14053 0.119051 0.0784514 0.0412946 0.016211 0.00428057 0.000722526 7.83019e-05 5.67453e-06 2.89516e-07 1.06786e-08 2.80905e-10 5.10291e-12 6.22454e-14
 1.55414e-08 7.26897e-07 2.00468e-05 0.000325996 0.00312616 0.0176858 0.0591509 0.118194 0.148311 0.140879 0.139563 0.140593 0.112626 0.0692773 0.0339887 0.0125371 0.00314889 0.000513499 5.47726e-05 3.95747e-06 1.99448e-07 7.01678e-09 1.68969e-10 2.73481e-12 2.9474e-14
 2.18185e-08 9.67553e-07 2.52996e-05 0.000390079 0.00354682 0.0190292 0.0604148 0.115122 0.140545 0.137364 0.144387 0.146405 0.114872 0.0694372 0.0333244 0.0118263 0.00282503 0.000437137 4.44315e-05 3.08394e-06 1.50603e-07 5.1643e-09 1.21339e-10 1.90517e-12 1.96431e-14
 3.30419e-08 1.38855e-06 3.44068e-05 0.000502725 0.00433185 0.0220269 0.0663086 0.12006 0.1405 0.134596 0.140339 0.140588 0.111298 0.0696876 0.0342851 0.0121089 0.00284548 0.00043795 4.52597e-05 3.23894e-06 1.61682e-07 5.5299e-09 1.26668e-10 1.91412e-12 1.89032e-14
 4.65984e-08 1.85494e-06 4.35393e-05 0.000602613 0.00491904 0.0237024 0.0677161 0.117183 0.13485 0.135132 0.14784 0.14603 0.110976 0.0664343 0.0312099 0.0105528 0.00240066 0.000364809 3.80551e-05 2.78594e-06 1.42271e-07 4.94518e-09 1.14281e-10 1.72742e-12 1.68671e-14
 7.18079e-08 2.7068e-06 6.01633e-05 0.000788525 0.00609535 0.0278176 0.0753264 0.123961 0.137355 0.135644 0.146151 0.140549 0.104858 0.0619291 0.0282097 0.00903658 0.00191717 0.000269355 2.59712e-05 1.77793e-06 8.66425e-08 2.93133e-09 6.68025e-11 1.00108e-12 9.68621e-15
 1.07978e-07 3.85339e-06 8.10852e-05 0.00100613 0.00736365 0.0318268 0.0817295 0.128323 0.138675 0.138357 0.148658 0.137817 0.0981491 0.0552165 0.0238699 0.0072464 0.00146152 0.000196197 1.80974e-05 1.17638e-06 5.37457e-08 1.68941e-09 3.5752e-11 5.00911e-13 4.57756e-15
 1.57503e-07 5.32051e-06 0.000105977 0.00124479 0.00862466 0.0353046 0.0860335 0.12932 0.137894 0.141304 0.152379 0.136663 0.0933521 0.0501794 0.0205182 0.0058308 0.00109214 0.000135289 1.14773e-05 6.87951e-07 2.91813e-08 8.56215e-10 1.69226e-11 2.20671e-13 1.86843e-15
 2.30818e-07 7.38017e-06 0.000139142 0.00154697 0.0101464 0.0393364 0.0909878 0.131064 0.138042 0.14418 0.154335 0.133703 0.0879557 0.0453768 0.0175895 0.00467816 0.000811325 9.20102e-05 7.06319e-06 3.80232e-07 1.44847e-08 3.83614e-10 6.88753e-12 8.20887e-14 6.38565e-16
 3.13682e-07 9.49331e-06 0.000169412 0.00178288 0.011071 0.0406712 0.0895122 0.124839 0.133862 0.147836 0.160038 0.135984 0.0879672 0.0445355 0.01669 0.00424552 0.000703841 7.66895e-05 5.66889e-06 2.91355e-07 1.03986e-08 2.52847e-10 4.10813e-12 4.39997e-14 3.07289e-16
 4.81087e-07 1.37818e-05 0.000232802 0.00231913 0.0136327 0.0474245 0.0989648 0.131528 0.136127 0.146263 0.153461 0.127638 0.0820821 0.0411089 0.0149313 0.00363181 0.000574846 6.01384e-05 4.2958e-06 2.13661e-07 7.34571e-09 1.7071e-10 2.62621e-12 2.63502e-14 1.70442e-16
 6.36939e-07 1.72733e-05 0.000276223 0.00260515 0.0145035 0.0478617 0.0954458 0.124796 0.135882 0.156017 0.162799 0.129023 0.0781004 0.0367316 0.0125603 0.00289431 0.000438131 4.43096e-05 3.0812e-06 1.49047e-07 4.95095e-09 1.10399e-10 1.62134e-12 1.54668e-14 9.47229e-17
 8.64258e-07 2.21905e-05 0.000335974 0.00300029 0.015821 0.0495269 0.0943231 0.120738 0.134956 0.159161 0.164609 0.129028 0.0778504 0.0359599 0.0117482 0.00253146 0.000353211 3.26149e-05 2.06715e-06 9.19203e-08 2.84686e-09 5.99092e-11 8.35644e-13 7.57968e-15 4.40492e-17
 1.25596e-06 3.05353e-05 0.000437772 0.00370202 0.0184908 0.0548917 0.0996224 0.123588 0.137525 0.160496 0.161158 0.122883 0.0723933 0.0323315 0.0100844 0.0020639 0.000273811 2.40816e-05 1.44812e-06 6.03806e-08 1.72855e-09 3.32962e-11 4.24075e-13 3.5248e-15 1.88942e-17
#pred catch len freq
 9.18269e-13 9.96694e-11 6.37887e-09 2.40727e-07 5.35737e-06 7.03515e-05 0.000546697 0.00255075 0.00764334 0.0184647 0.0476278 0.112471 0.184015 0.195047 0.147598 0.0978283 0.0637884 0.0402747 0.0254679 0.0169357 0.012191 0.00968878 0.00810306 0.00613291 0.00354832
 7.74451e-13 8.40594e-11 5.37984e-09 2.03028e-07 4.51869e-06 5.93586e-05 0.000462081 0.0021747 0.00676831 0.0181807 0.052615 0.129825 0.21278 0.219169 0.152339 0.0868851 0.0495897 0.0288217 0.0165035 0.00935031 0.00547674 0.00355293 0.00257301 0.00182542 0.00104434
 3.05646e-13 3.31751e-11 2.12325e-09 8.01342e-08 1.78415e-06 2.34799e-05 0.000184472 0.000907359 0.00334555 0.01264 0.046914 0.125394 0.210245 0.221275 0.161544 0.0992008 0.0575741 0.0305274 0.0151238 0.00744189 0.00367869 0.0018875 0.00107801 0.000658678 0.000354249
 3.09276e-12 3.35689e-10 2.14841e-08 8.10748e-07 1.80408e-05 0.000236745 0.00183337 0.00840657 0.0232093 0.0416608 0.0622347 0.10092 0.149772 0.165969 0.14685 0.118556 0.0844787 0.0500908 0.0255812 0.0116915 0.00493987 0.0020445 0.000888023 0.000421342 0.000195723
 1.34065e-11 1.45514e-09 9.31289e-08 3.5144e-06 7.82001e-05 0.00102604 0.00793931 0.0362546 0.0980498 0.159847 0.170231 0.152318 0.146671 0.12357 0.0698328 0.0247806 0.00618337 0.00174085 0.00080308 0.000402083 0.000172826 6.42013e-05 2.20753e-05 7.69971e-06 2.76675e-06
 1.12388e-11 1.21986e-09 7.8071e-08 2.94616e-06 6.55563e-05 0.000860161 0.00665641 0.0304112 0.0824509 0.136063 0.152553 0.155402 0.168885 0.148252 0.0836492 0.0283436 0.00568358 0.000672482 4.69231e-05 1.93059e-06 4.68376e-08 6.70022e-10 5.65855e-12 3.01849e-14 6.32504e-16
 1.34065e-11 1.45514e-09 9.3129e-08 3.5144e-06 7.82002e-05 0.00102604 0.00793935 0.0362555 0.0980612 0.159938 0.170665 0.153523 0.148571 0.125069 0.069894 0.0236368 0.00473793 0.000560551 3.91124e-05 1.60923e-06 3.90412e-08 5.58481e-10 4.7108e-12 2.34336e-14 6.8762e-17
 1.29197e-11 1.40231e-09 8.97476e-08 3.3868e-06 7.53609e-05 0.000988793 0.00765126 0.0349431 0.0945558 0.154577 0.166598 0.153945 0.153133 0.130275 0.0729828 0.0246937 0.00495028 0.000585686 4.08664e-05 1.68139e-06 4.07917e-08 5.83515e-10 4.92173e-12 2.44786e-14 7.1784e-17
 1.3708e-11 1.48787e-09 9.52235e-08 3.59344e-06 7.99588e-05 0.00104912 0.0081178 0.0370684 0.100233 0.163259 0.173184 0.153261 0.145746 0.121845 0.0679808 0.0229821 0.0046064 0.000544982 3.8026e-05 1.56453e-06 3.79565e-08 5.42958e-10 4.57966e-12 2.27773e-14 6.67957e-17
 1.43906e-11 1.56196e-09 9.99652e-08 3.77238e-06 8.39404e-05 0.00110135 0.0085218 0.0389087 0.105148 0.170777 0.178887 0.152669 0.139349 0.114544 0.0636492 0.0214999 0.00430862 0.000509735 3.55664e-05 1.46333e-06 3.55014e-08 5.07838e-10 4.28342e-12 2.13039e-14 6.24739e-17
 1.42063e-11 1.54196e-09 9.86852e-08 3.72407e-06 8.28655e-05 0.00108725 0.00841274 0.0384119 0.103821 0.168747 0.177348 0.152829 0.141076 0.116515 0.0648186 0.0219001 0.004389 0.00051925 3.62304e-05 1.49065e-06 3.61642e-08 5.17319e-10 4.36339e-12 2.17016e-14 6.36402e-17
 1.50005e-11 1.62816e-09 1.04202e-07 3.93226e-06 8.74979e-05 0.00114802 0.00888277 0.0405531 0.10954 0.177494 0.183983 0.152141 0.133634 0.108022 0.0597791 0.0201756 0.00404255 0.000478242 3.33688e-05 1.37291e-06 3.33078e-08 4.76459e-10 4.01875e-12 1.99875e-14 5.86136e-17
 1.56898e-11 1.70297e-09 1.0899e-07 4.11295e-06 9.15184e-05 0.00120077 0.00929072 0.0424115 0.114504 0.185086 0.189743 0.151543 0.127175 0.10065 0.0554051 0.018679 0.00374185 0.00044265 3.08852e-05 1.27072e-06 3.08286e-08 4.40995e-10 3.71962e-12 1.84998e-14 5.42509e-17
 1.57443e-11 1.7089e-09 1.09369e-07 4.12725e-06 9.18366e-05 0.00120495 0.00932301 0.0425585 0.114897 0.185687 0.190199 0.151496 0.126664 0.100067 0.0550589 0.0185605 0.00371805 0.000439833 3.06886e-05 1.26263e-06 3.06324e-08 4.38188e-10 3.69595e-12 1.83821e-14 5.39055e-17
 1.66473e-11 1.80691e-09 1.15642e-07 4.36397e-06 9.71038e-05 0.00127405 0.00985746 0.0449931 0.1214 0.195632 0.197744 0.150713 0.118202 0.0904091 0.0493288 0.0165997 0.00332412 0.000393205 2.74348e-05 1.12876e-06 2.73845e-08 3.91728e-10 3.30408e-12 1.64331e-14 4.81901e-17
 1.66942e-11 1.812e-09 1.15968e-07 4.37626e-06 9.73773e-05 0.00127764 0.00988521 0.0451196 0.121738 0.196149 0.198135 0.150672 0.117762 0.0899075 0.0490312 0.0164979 0.00330366 0.000390784 2.72659e-05 1.12181e-06 2.72158e-08 3.89315e-10 3.28373e-12 1.63318e-14 4.78933e-17
 1.66275e-11 1.80476e-09 1.15504e-07 4.35877e-06 9.69882e-05 0.00127253 0.00984573 0.0449397 0.121257 0.195414 0.197578 0.15073 0.118387 0.0906211 0.0494546 0.0166428 0.00333276 0.000394229 2.75063e-05 1.1317e-06 2.74558e-08 3.92747e-10 3.31268e-12 1.64758e-14 4.83155e-17
 1.70088e-11 1.84614e-09 1.18153e-07 4.45871e-06 9.92119e-05 0.00130171 0.0100714 0.0459676 0.124003 0.199613 0.200763 0.150399 0.114815 0.0865438 0.0470354 0.015815 0.00316645 0.000374543 2.61326e-05 1.07518e-06 2.60846e-08 3.73133e-10 3.14723e-12 1.5653e-14 4.59025e-17
 1.76406e-11 1.91471e-09 1.22541e-07 4.62433e-06 0.000102897 0.00135005 0.0104453 0.0476709 0.128552 0.206572 0.206042 0.149852 0.108894 0.0797869 0.0430263 0.0144431 0.00289083 0.000341919 2.38561e-05 9.81514e-07 2.38122e-08 3.40627e-10 2.87306e-12 1.42894e-14 4.19037e-17
 1.77772e-11 1.92954e-09 1.23491e-07 4.66015e-06 0.000103694 0.00136051 0.0105262 0.0480393 0.129536 0.208076 0.207184 0.149733 0.107614 0.0783256 0.0421593 0.0141464 0.00283122 0.000334864 2.33637e-05 9.61257e-07 2.33207e-08 3.33597e-10 2.81376e-12 1.39944e-14 4.10388e-17
 1.7734e-11 1.92485e-09 1.2319e-07 4.64882e-06 0.000103442 0.0013572 0.0105006 0.0479229 0.129225 0.207601 0.206823 0.149771 0.108019 0.0787876 0.0424334 0.0142402 0.00285007 0.000337095 2.35194e-05 9.67662e-07 2.34761e-08 3.35819e-10 2.83251e-12 1.40877e-14 4.13123e-17
 1.82888e-11 1.98507e-09 1.27044e-07 4.79425e-06 0.000106678 0.00139966 0.0108289 0.0494185 0.13322 0.213711 0.211458 0.14929 0.10282 0.0728546 0.0389131 0.0130357 0.00260806 0.000308449 2.15205e-05 8.85417e-07 2.14808e-08 3.07277e-10 2.59176e-12 1.28903e-14 3.7801e-17
 1.89047e-11 2.05192e-09 1.31323e-07 4.95572e-06 0.000110271 0.00144679 0.0111935 0.0510792 0.137656 0.220495 0.216605 0.148756 0.0970479 0.0662671 0.0350045 0.0116982 0.00233935 0.000276644 1.9301e-05 7.941e-07 1.92654e-08 2.75586e-10 2.32446e-12 1.15609e-14 3.39024e-17
 1.86328e-11 2.02241e-09 1.29434e-07 4.88444e-06 0.000108685 0.00142599 0.0110326 0.0503462 0.135698 0.2175 0.214333 0.148991 0.0995958 0.069175 0.0367299 0.0122886 0.00245796 0.000290683 2.02807e-05 8.34409e-07 2.02433e-08 2.89575e-10 2.44246e-12 1.21477e-14 3.56233e-17
 1.86896e-11 2.02858e-09 1.29829e-07 4.89933e-06 0.000109016 0.00143033 0.0110662 0.0504993 0.136107 0.218126 0.214808 0.148942 0.0990636 0.0685676 0.0363695 0.0121653 0.00243319 0.000287751 2.00761e-05 8.2599e-07 2.0039e-08 2.86653e-10 2.41781e-12 1.20251e-14 3.52638e-17
 1.96531e-11 2.13316e-09 1.36522e-07 5.15191e-06 0.000114636 0.00150406 0.0116364 0.053097 0.143046 0.228738 0.222858 0.148107 0.0900345 0.0582629 0.0302554 0.0100731 0.00201285 0.000237998 1.66043e-05 6.83145e-07 1.65735e-08 2.37079e-10 1.99968e-12 9.94553e-15 2.91653e-17
 1.92615e-11 2.09065e-09 1.33801e-07 5.04923e-06 0.000112352 0.00147409 0.0114046 0.052041 0.140225 0.224424 0.219586 0.148446 0.0937048 0.0624518 0.0327408 0.0109236 0.00218372 0.000258222 1.80156e-05 7.41212e-07 1.79823e-08 2.57231e-10 2.16965e-12 1.07909e-14 3.16444e-17
 2.00851e-11 2.18004e-09 1.39522e-07 5.26514e-06 0.000117156 0.00153712 0.0118921 0.0542616 0.146156 0.233495 0.226467 0.147732 0.0859869 0.0536436 0.0275145 0.00913525 0.00182443 0.000215695 1.5048e-05 6.1911e-07 1.502e-08 2.14856e-10 1.81223e-12 9.01327e-15 2.64315e-17
#obs catch len freq
 3.85112e-11 3.56909e-09 1.95036e-07 6.28432e-06 0.000119397 0.00133762 0.00883825 0.0344782 0.0798522 0.113009 0.111293 0.107212 0.119697 0.123088 0.109307 0.085801 0.0561549 0.0298696 0.0132613 0.00488746 0.00142386 0.00031006 4.81447e-05 5.13451e-06 3.65021e-07
 5.90744e-11 5.2804e-09 2.78305e-07 8.64896e-06 0.000158488 0.00171252 0.0109135 0.0410605 0.0917021 0.125036 0.118191 0.108597 0.116103 0.115492 0.100093 0.0773126 0.0501995 0.0265084 0.0114929 0.004044 0.00111115 0.00022741 3.30757e-05 3.28297e-06 2.15518e-07
 3.90353e-11 3.35951e-09 1.70483e-07 5.10125e-06 9.0006e-05 0.000936534 0.00575091 0.0209179 0.0459461 0.0667486 0.0852855 0.123319 0.161786 0.16148 0.131611 0.0942751 0.0569233 0.0281746 0.0115998 0.00390466 0.00102026 0.000196297 2.6615e-05 2.45198e-06 1.4899e-07
 1.69454e-11 1.4019e-09 6.83863e-08 1.96705e-06 3.33641e-05 0.000333815 0.00197353 0.00695734 0.015309 0.0252964 0.0446345 0.084492 0.134271 0.175451 0.191063 0.159093 0.095721 0.043275 0.0158657 0.00482658 0.00116459 0.00020903 2.64345e-05 2.26161e-06 1.27074e-07
 3.5128e-10 2.78932e-08 1.30596e-06 3.60535e-05 0.000586886 0.0056331 0.0318811 0.106399 0.209458 0.243643 0.169124 0.0746593 0.0308574 0.0265901 0.0318866 0.0304672 0.02141 0.0112551 0.00445126 0.00131748 0.000290666 4.70938e-05 5.4195e-06 4.25534e-07 2.20249e-08
 2.13858e-10 1.62751e-08 7.30317e-07 1.93236e-05 0.000301485 0.002774 0.0150639 0.0484698 0.0943042 0.121881 0.138871 0.174259 0.185652 0.130501 0.0578483 0.0184813 0.00649608 0.0031093 0.00138742 0.000456557 0.000104621 1.64274e-05 1.74914e-06 1.24646e-07 5.84221e-09
 5.35235e-10 3.8986e-08 1.6744e-06 4.24033e-05 0.000633182 0.0055752 0.0289511 0.0887378 0.161255 0.177761 0.132453 0.0935021 0.0851152 0.0836904 0.0716482 0.0454951 0.019019 0.00504093 0.000908858 0.000141482 2.33755e-05 3.442e-06 3.60612e-07 2.47173e-08 1.08288e-09
 6.54144e-10 4.55459e-08 1.86987e-06 4.52652e-05 0.000646118 0.0054387 0.0270097 0.0793351 0.139604 0.156576 0.139987 0.136631 0.129574 0.0932274 0.0517198 0.0250447 0.0106027 0.00353882 0.00085617 0.000143198 1.65161e-05 1.40152e-06 9.59563e-08 5.27265e-09 2.08941e-10
 9.64882e-10 6.41419e-08 2.51418e-06 5.81084e-05 0.000791914 0.00636433 0.0301764 0.0846234 0.142142 0.152052 0.129656 0.122822 0.119377 0.0965738 0.0643156 0.0340207 0.012918 0.00336958 0.000633104 9.29604e-05 1.07735e-05 9.1587e-07 5.34309e-08 2.10228e-09 5.68121e-11
 1.57702e-09 9.9979e-08 3.73738e-06 8.23787e-05 0.00107068 0.00820617 0.0371083 0.0992547 0.159083 0.162637 0.132911 0.120109 0.109719 0.0821184 0.0504203 0.0251182 0.00926271 0.00239309 0.000437932 5.85061e-05 5.77295e-06 4.17835e-07 2.18005e-08 7.9513e-10 1.95106e-11
 1.87865e-09 1.13466e-07 4.04086e-06 8.4854e-05 0.00105069 0.00767303 0.0330795 0.0846045 0.131591 0.138946 0.134721 0.144924 0.135877 0.0966279 0.0548988 0.0251102 0.00846074 0.00197831 0.000325474 3.93668e-05 3.55733e-06 2.34266e-07 1.08497e-08 3.44251e-10 7.35056e-12
 3.81025e-09 2.19026e-07 7.4238e-06 0.00014837 0.00174849 0.0121513 0.0498269 0.120892 0.176038 0.164601 0.125392 0.107722 0.0953319 0.0718638 0.0446039 0.0211019 0.00686214 0.0014715 0.000212943 2.19775e-05 1.686e-06 9.58842e-08 3.91666e-09 1.11018e-10 2.12123e-12
 4.59983e-09 2.51427e-07 8.10343e-06 0.000153999 0.00172576 0.0114067 0.0445242 0.103286 0.146919 0.146263 0.13982 0.144239 0.123151 0.0778802 0.0389597 0.0157509 0.00474707 0.00100089 0.000147433 1.54665e-05 1.15512e-06 6.028e-08 2.16204e-09 5.28312e-11 8.71714e-13
 7.9459e-09 4.12641e-07 1.26354e-05 0.000228138 0.00242892 0.0152519 0.0565408 0.12438 0.166536 0.151707 0.127402 0.120273 0.103004 0.0708936 0.0393579 0.0164058 0.00462723 0.000841552 0.000100056 8.23342e-06 5.00269e-07 2.28893e-08 7.6039e-10 1.74184e-11 2.64966e-13
 1.05195e-08 5.18625e-07 1.50764e-05 0.000258426 0.00261215 0.0155752 0.054878 0.115269 0.150574 0.144435 0.140602 0.14207 0.114589 0.0693529 0.0333818 0.01247 0.00327629 0.000570006 6.57609e-05 5.20391e-06 2.90641e-07 1.14733e-08 3.15499e-10 5.9736e-12 7.72443e-14
 1.66984e-08 7.81011e-07 2.15392e-05 0.000350264 0.00335881 0.0189999 0.0635129 0.126579 0.156922 0.142953 0.132743 0.130189 0.105822 0.0675452 0.0343411 0.0128708 0.00321939 0.000513868 5.27717e-05 3.63673e-06 1.76759e-07 6.1978e-09 1.54283e-10 2.6405e-12 3.02403e-14
 2.58031e-08 1.14425e-06 2.99199e-05 0.000461312 0.00419431 0.0224978 0.0713427 0.135155 0.160713 0.144318 0.134787 0.128656 0.0987241 0.0587486 0.0278325 0.00980437 0.00233396 0.000360217 3.64346e-05 2.50133e-06 1.19713e-07 3.98711e-09 9.05777e-11 1.37934e-12 1.39555e-14
 3.63474e-08 1.52746e-06 3.78489e-05 0.000553015 0.00476508 0.0242272 0.0728927 0.131632 0.152238 0.14067 0.139559 0.134286 0.101052 0.0590908 0.0273271 0.0092414 0.00208973 0.000305887 2.94807e-05 1.94445e-06 9.01647e-08 2.92544e-09 6.47776e-11 9.55477e-13 9.23132e-15
 5.52626e-08 2.19984e-06 5.16345e-05 0.000714645 0.00583308 0.0280959 0.0801154 0.137375 0.152049 0.13718 0.134537 0.127976 0.0974272 0.0590046 0.0278692 0.00935371 0.00208012 0.000303219 2.97433e-05 2.02084e-06 9.5516e-08 3.0817e-09 6.63834e-11 9.41174e-13 8.70235e-15
 7.9066e-08 2.98039e-06 6.62442e-05 0.000868218 0.00671107 0.0306207 0.0828253 0.135587 0.147022 0.137558 0.140549 0.131519 0.0960315 0.0555507 0.0250334 0.00804422 0.00173359 0.00024988 2.47642e-05 1.72038e-06 8.30661e-08 2.71926e-09 5.90018e-11 8.35321e-13 7.62294e-15
 1.21981e-07 4.35311e-06 9.16004e-05 0.00113659 0.00831774 0.0359357 0.0920967 0.143249 0.149157 0.136768 0.137135 0.124932 0.0895992 0.0510411 0.0222309 0.00675104 0.00135464 0.000180369 1.65256e-05 1.07481e-06 4.95867e-08 1.581e-09 3.38223e-11 4.74345e-13 4.28476e-15
 1.84615e-07 6.23639e-06 0.00012422 0.00145902 0.0101076 0.0413487 0.100452 0.148856 0.150402 0.138014 0.137199 0.120298 0.082282 0.0445919 0.0184117 0.00529638 0.00101027 0.000128501 1.12518e-05 6.93676e-07 2.99558e-08 8.8666e-10 1.76127e-11 2.30991e-13 1.97094e-15
 2.72276e-07 8.70573e-06 0.000164132 0.00182475 0.0119664 0.0463549 0.10681 0.1512 0.149624 0.1394 0.138365 0.117241 0.0768476 0.0397185 0.0154814 0.00416278 0.000736576 8.63738e-05 6.95286e-06 3.9529e-07 1.58503e-08 4.37805e-10 8.11689e-12 9.90035e-14 7.82199e-16
 3.99035e-07 1.20764e-05 0.000215506 0.00226783 0.0140782 0.0516464 0.112915 0.152927 0.148758 0.140661 0.138689 0.113626 0.071707 0.0355105 0.0130959 0.00329067 0.000538369 5.77113e-05 4.19833e-06 2.14237e-07 7.71494e-09 1.9239e-10 3.24094e-12 3.61351e-14 2.62292e-16
 5.49573e-07 1.57437e-05 0.000265941 0.00264916 0.01557 0.054119 0.112495 0.14701 0.144259 0.143309 0.143109 0.115205 0.0714963 0.034677 0.0123401 0.00296354 0.000463505 4.77371e-05 3.34101e-06 1.62443e-07 5.46807e-09 1.24975e-10 1.90333e-12 1.90638e-14 1.24234e-16
 8.40377e-07 2.27902e-05 0.000364437 0.00343672 0.0191225 0.0629385 0.123992 0.154089 0.145095 0.139393 0.134739 0.106256 0.0655186 0.0313553 0.0107912 0.00247614 0.00036978 3.65761e-05 2.47328e-06 1.16279e-07 3.76606e-09 8.21651e-11 1.1834e-12 1.10911e-14 6.68771e-17
 1.13714e-06 2.91967e-05 0.000442039 0.00394694 0.0207998 0.0649219 0.121999 0.14803 0.144308 0.147072 0.141546 0.106349 0.0616506 0.0276799 0.00896666 0.00194992 0.000278666 2.66557e-05 1.75398e-06 8.0114e-08 2.50401e-09 5.23679e-11 7.1945e-13 6.40609e-15 3.65469e-17
 1.56732e-06 3.8105e-05 0.00054628 0.004619 0.0230563 0.0682447 0.122236 0.144142 0.142448 0.14866 0.142163 0.105781 0.0610353 0.0268263 0.00828039 0.0016809 0.000221142 1.92997e-05 1.15763e-06 4.86428e-08 1.41853e-09 2.80031e-11 3.65293e-13 3.09102e-15 1.67233e-17
#spawning biomass
 34049.7 27987.9 20806.3 11738.1 16051.5 21629.8 28940.7 37336.5 48177.3 52967.7 61508.5 72469.5 90305.4 89378.3 91932 97996.5 88684.9 99715.4 106978 100986 125681 117980 130790 134891 122142 131056 140289 126076 160853 427562 680313 935397 1.17368e+06 1.3855e+06 1.5678e+06 1.72143e+06 1.84918e+06 1.95466e+06 2.04152e+06 2.11313e+06 2.17243e+06 2.22188e+06 2.25899e+06 2.27443e+06 2.28939e+06 2.30388e+06 2.31793e+06 2.33154e+06 2.34473e+06 2.35752e+06 2.3699e+06 2.3819e+06 2.39353e+06 2.4048e+06 2.41572e+06 2.42631e+06 2.43656e+06 2.4465e+06 2.45613e+06 2.46546e+06 2.4745e+06 2.48326e+06 2.49175e+06 2.49998e+06 2.50795e+06 2.51568e+06 2.52316e+06 2.53042e+06 2.53745e+06 2.54426e+06 2.55086e+06 2.55726e+06 2.56345e+06 2.56946e+06 2.57528e+06 2.58092e+06 2.58639e+06 2.59168e+06 2.59681e+06 2.60179e+06 2.60661e+06 2.61127e+06 2.6158e+06 2.62018e+06 2.62443e+06 2.62855e+06 2.63254e+06 2.63641e+06 2.64015e+06 2.64378e+06 2.6473e+06 2.65071e+06 2.65401e+06 2.65721e+06 2.66031e+06 2.66332e+06 2.66623e+06 2.66906e+06 2.67179e+06 2.67444e+06 2.67701e+06 2.6795e+06 2.68191e+06 2.68425e+06 2.68651e+06 2.6887e+06 2.69083e+06 2.69289e+06 2.69489e+06 2.69682e+06 2.6987e+06 2.70051e+06 2.70227e+06 2.70398e+06 2.70563e+06 2.70723e+06 2.70879e+06 2.71029e+06 2.71175e+06 2.71316e+06 2.71453e+06 2.71586e+06 2.71714e+06 2.71839e+06 2.71959e+06 2.72076e+06 2.7219e+06 2.72299e+06 0 0 0 0 0 0 0 0 0 0 0 0 0 0 0 0 0 0 0 0 0 0 0 0 0
