SBPRF35
0.403554
Curr Bio
219128
B35
928089
F35
0.39586
FOFL
0.112324
OFL
13949.1
Bzero
115301
#pred survey bio
 40682.4 31353.2 22376.7 15181.2 28657 44149 83204 113822 161754 223678 206164 235580 244129 277124 269099 277802 268425 250693 243344 259856 283405 265348 288286 316508 290645 293177 255863 281463 1.255e+07 1.11437e+07 9.58751e+06 7.22326e+06 5.14253e+06 3.62738e+06 2.62616e+06 1.99841e+06 1.61465e+06 1.38149e+06 1.23868e+06 1.1496e+06 1.09265e+06 1.05527e+06 1.02992e+06 1.01202e+06 999703 991084 984969 980588 977427 975136 973469 972254 971366 970716 970241 969893 969638 969451 969314 969214 969140 969086 969047 969018 968997 968981 968970 968961 968955 968950 968947 968945 968943 968942 968941 968940 968940 968939 968939 968939 968939 968938 968938 968938 968938 968938 968938 968938 968938 968938 968938 968938 968938 968938 968938 968938 968938 968938 968938 968938 968938 968938 968938 968938 968938 968938 968938 968938 968938 968938 968938 968938 968938 968938 968938 968938 968938 968938 968938 968938 968938 968938 968938 968938 968938 968938 968938 968938 0 0 0 0 0 0 0 0 0 0 0 0 0 0 0 0 0 0 0 0 0 0 0 0 0
#obs survey bio
 38188.6 26943.4 15721 16826.9 36945.3 55735.1 89524.9 108389 124846 166321 124819 184949 240733 234937 256519 210881 174174 261522 324255 195659 180235 209828 198345 202511 242244 208419 174227 213877
#pred catch bio
 22422.6 16660.3 14466.4 8073.28 18808.6 26000.1 57103.2 78693.5 107176 169865 155214 186297 181450 218717 207583 224892 218351 204367 196382 209407 240823 220065 235174 269654 245617 259185 222437 204550 13949.1 147043 123189 88818.6 59834.4 39582.7 26847.9 19358 15148.3 12857.2 11639 11002.4 10674.1 10506.4 10421.3 10378 10356.6 10346 10340.8 10338.3 10337 10336.4 10336.1 10335.9 10335.8 10335.8 10335.8 10335.8 10335.8 10335.8 10335.8 10335.8 10335.8 10335.8 10335.8 10335.8 10335.8 10335.8 10335.8 10335.8 10335.8 10335.8 10335.8 10335.8 10335.8 10335.8 10335.8 10335.8 10335.8 10335.8 10335.8 10335.8 10335.8 10335.8 10335.8 10335.8 10335.8 10335.8 10335.8 10335.8 10335.8 10335.8 10335.8 10335.8 10335.8 10335.8 10335.8 10335.8 10335.8 10335.8 10335.8 10335.8 10335.8 10335.8 10335.8 10335.8 10335.8 10335.8 10335.8 10335.8 10335.8 10335.8 10335.8 10335.8 10335.8 10335.8 10335.8 10335.8 10335.8 10335.8 10335.8 10335.8 10335.8 10335.8 10335.8 10335.8 10335.8 10335.8 10335.8 10335.8 0 0 0 0 0 0 0 0 0 0 0 0 0 0 0 0 0 0 0 0 0 0 0 0 0
#obs catch bio
 16426 17531.8 17179.5 8404.41 13089.7 20677.1 45196.3 60964.7 90487.1 167642 142552 179644 150452 192465 181587 193619 205209 167508 153581 178626 219279 192872 207294 232473 199292 226445 194955 172282
#pred cpue bio
 32123.9 23800.9 20027.9 9166.01 12227.7 19046.5 35101.7 50380.7 68131.7 104549 102184 98527.5 97258.9 121658 113921 119670 104894 99640.7 92747.2 94731 102150 88872.6 94391.2 109210 98057.1 94758.9 75510.6 75257.2 5.30494e+06 1.09399e+07 9.46944e+06 7.10388e+06 5.02311e+06 3.50795e+06 2.50673e+06 1.87898e+06 1.49523e+06 1.26207e+06 1.11925e+06 1.03017e+06 973227 935846 910492 892588 880276 871657 865542 861161 858000 855709 854042 852827 851939 851289 850814 850466 850211 850024 849887 849787 849713 849659 849620 849591 849569 849554 849542 849534 849528 849523 849520 849518 849516 849515 849514 849513 849512 849512 849512 849512 849511 849511 849511 849511 849511 849511 849511 849511 849511 849511 849511 849511 849511 849511 849511 849511 849511 849511 849511 849511 849511 849511 849511 849511 849511 849511 849511 849511 849511 849511 849511 849511 849511 849511 849511 849511 849511 849511 849511 849511 849511 849511 849511 849511 849511 849511 849511 849511 0 0 0 0 0 0 0 0 0 0 0 0 0 0 0 0 0 0 0 0 0 0 0 0 0
#obs cpue bio
 37648.7 20377.8 11744.8 14552.4 27692.6 38367.2 82995.7 135080 147952 153089 242228 165421 201457 236216 207560 284724 199926 227344 195450 207583 234119 191320 220147 318354 270750 228808 184114 189909
#pred surv len freq
 1.17089e-11 1.27089e-09 8.13365e-08 3.06939e-06 6.8298e-05 0.000896115 0.00693384 0.0316602 0.0855832 0.139194 0.146742 0.127955 0.121882 0.109743 0.0791085 0.0509339 0.0327966 0.0208783 0.0134874 0.00921391 0.00682649 0.00557376 0.00475704 0.00364369 0.00212118
 1.16751e-11 1.26722e-09 8.11022e-08 3.06055e-06 6.81014e-05 0.000893542 0.00691419 0.0315766 0.0854414 0.13964 0.150355 0.138834 0.139515 0.124551 0.0821854 0.04432 0.0237907 0.0132401 0.00742977 0.00423437 0.00254787 0.00171393 0.00128206 0.00092838 0.00053676
 5.80285e-12 6.29844e-10 4.03099e-08 1.52118e-06 3.38489e-05 0.000444162 0.00343845 0.015739 0.0430799 0.0743739 0.0984939 0.136255 0.183011 0.180307 0.124217 0.0695566 0.0367364 0.018068 0.0083405 0.00388484 0.00188214 0.00098243 0.000583428 0.000368847 0.000202184
 1.66357e-11 1.80564e-09 1.15561e-07 4.36091e-06 9.70355e-05 0.00127314 0.00984997 0.0449482 0.121131 0.194012 0.190561 0.131155 0.0881181 0.0691455 0.0544533 0.0410516 0.0274686 0.0150199 0.00693898 0.00287828 0.00112115 0.000441139 0.000191317 9.3844e-05 4.49763e-05
 1.89884e-11 2.06101e-09 1.31904e-07 4.97765e-06 0.000110759 0.0014532 0.011243 0.0513039 0.138246 0.221315 0.216819 0.147338 0.0941519 0.0637433 0.0344998 0.0128969 0.00395598 0.00154623 0.000787049 0.000370182 0.000144067 4.83266e-05 1.53673e-05 5.2197e-06 1.91084e-06
 1.87326e-11 2.03325e-09 1.30127e-07 4.9106e-06 0.000109267 0.00143362 0.0110916 0.0506152 0.136417 0.218599 0.215167 0.148905 0.0986605 0.0681076 0.0360966 0.012072 0.0024145 0.000285564 1.99316e-05 8.22464e-07 2.08172e-08 6.02899e-10 9.58651e-11 2.40197e-11 6.02679e-12
 1.8912e-11 2.05271e-09 1.31373e-07 4.95762e-06 0.000110313 0.00144735 0.0111978 0.0510988 0.137708 0.220575 0.216665 0.148747 0.096976 0.0661869 0.0349596 0.011686 0.00233919 0.000277604 1.96142e-05 8.4348e-07 2.3654e-08 5.02915e-10 9.26561e-12 1.41594e-13 2.55799e-15
 1.85186e-11 2.01001e-09 1.28641e-07 4.8545e-06 0.000108019 0.00141724 0.010965 0.0500382 0.134875 0.216242 0.213379 0.14909 0.100666 0.0703966 0.0374547 0.0125366 0.0025078 0.000296586 2.06936e-05 8.51527e-07 2.06703e-08 2.96288e-10 2.51789e-12 1.28791e-14 4.20888e-17
 1.89243e-11 2.05405e-09 1.31459e-07 4.96084e-06 0.000110385 0.00144829 0.0112051 0.0511319 0.137797 0.22071 0.216768 0.148739 0.0968646 0.066058 0.0348805 0.0116558 0.00233084 0.000275641 1.92324e-05 7.91474e-07 1.92189e-08 2.75809e-10 2.35336e-12 1.21887e-14 4.08621e-17
 1.80319e-11 1.95719e-09 1.2526e-07 4.72693e-06 0.00010518 0.00138 0.0106769 0.0487261 0.131371 0.210882 0.209312 0.149512 0.105227 0.0756012 0.0405428 0.0135934 0.00272014 0.000321732 2.24514e-05 9.24316e-07 2.24766e-08 3.24209e-10 2.81625e-12 1.54709e-14 6.08531e-17
 1.74533e-11 1.89439e-09 1.2124e-07 4.57524e-06 0.000101805 0.00133572 0.0103345 0.047166 0.127204 0.204509 0.204478 0.150014 0.110649 0.0817898 0.0442147 0.0148498 0.00297253 0.00035159 2.45309e-05 1.00928e-06 2.44863e-08 3.50292e-10 2.95526e-12 1.47102e-14 4.32651e-17
 1.89795e-11 2.06004e-09 1.31842e-07 4.97531e-06 0.000110707 0.00145251 0.0112377 0.0512808 0.138194 0.221318 0.21723 0.148691 0.0963473 0.0654676 0.0345301 0.0115359 0.00230674 0.000272784 1.90319e-05 7.83045e-07 1.8999e-08 2.71867e-10 2.29591e-12 1.14692e-14 3.41658e-17
 1.93417e-11 2.09935e-09 1.34358e-07 5.07026e-06 0.000112819 0.00148023 0.0114521 0.0522573 0.140803 0.225307 0.220256 0.148377 0.0929532 0.061594 0.0322318 0.0107494 0.00214873 0.000254081 1.77266e-05 7.2932e-07 1.76938e-08 2.53105e-10 2.13485e-12 1.06179e-14 3.1138e-17
 1.85883e-11 2.01758e-09 1.29125e-07 4.87276e-06 0.000108425 0.00142258 0.0110062 0.050226 0.135377 0.217009 0.213961 0.14903 0.100013 0.0696515 0.0370126 0.0123853 0.0024774 0.000292984 2.04413e-05 8.41017e-07 2.04037e-08 2.91874e-10 2.46199e-12 1.22475e-14 3.5943e-17
 1.88844e-11 2.04972e-09 1.31182e-07 4.95039e-06 0.000110152 0.00144524 0.0111815 0.0510245 0.13751 0.220271 0.216435 0.148773 0.0972382 0.0664843 0.0351334 0.0117423 0.00234821 0.000277692 1.93742e-05 7.97111e-07 1.93384e-08 2.76631e-10 2.33329e-12 1.1605e-14 3.40344e-17
 1.87447e-11 2.03456e-09 1.30212e-07 4.91378e-06 0.000109338 0.00143455 0.0110988 0.0506479 0.136504 0.218733 0.215268 0.148894 0.098547 0.067978 0.0360197 0.0120456 0.00240914 0.000284904 1.98775e-05 8.17817e-07 1.98408e-08 2.83818e-10 2.39394e-12 1.19071e-14 3.49244e-17
 1.94778e-11 2.11412e-09 1.35304e-07 5.10594e-06 0.000113613 0.00149064 0.0115326 0.0526242 0.141783 0.226806 0.221393 0.148259 0.0916778 0.0601385 0.0313682 0.0104539 0.00208936 0.000247053 1.72362e-05 7.09144e-07 1.72043e-08 2.46102e-10 2.07578e-12 1.03241e-14 3.02756e-17
 1.93584e-11 2.10117e-09 1.34474e-07 5.07464e-06 0.000112917 0.00148151 0.011462 0.0523023 0.140923 0.225491 0.220395 0.148362 0.0927966 0.0614153 0.0321258 0.0107131 0.00214144 0.000253218 1.76664e-05 7.26843e-07 1.76337e-08 2.52245e-10 2.12759e-12 1.05817e-14 3.1031e-17
 1.96479e-11 2.13259e-09 1.36485e-07 5.15053e-06 0.000114606 0.00150366 0.0116333 0.0530828 0.143008 0.22868 0.222814 0.148111 0.0900838 0.0583192 0.0302888 0.0100846 0.00201515 0.00023827 1.66233e-05 6.83925e-07 1.65924e-08 2.3735e-10 2.00196e-12 9.95689e-15 2.91987e-17
 1.99348e-11 2.16373e-09 1.38478e-07 5.22574e-06 0.000116279 0.00152562 0.0118031 0.0538564 0.145074 0.23184 0.225212 0.147863 0.0873952 0.0552508 0.0284682 0.00946157 0.00188999 0.000223455 1.55895e-05 6.4139e-07 1.55605e-08 2.22589e-10 1.87745e-12 9.33764e-15 2.73828e-17
 2.00048e-11 2.17133e-09 1.38965e-07 5.2441e-06 0.000116688 0.00153098 0.0118446 0.0540453 0.145578 0.232611 0.225797 0.147802 0.0867387 0.0545016 0.0280236 0.00930945 0.00185942 0.000219837 1.5337e-05 6.31004e-07 1.53085e-08 2.18984e-10 1.84705e-12 9.18643e-15 2.69393e-17
 2.04301e-11 2.21749e-09 1.41919e-07 5.35557e-06 0.000119168 0.00156352 0.0120963 0.0551917 0.148641 0.237295 0.22935 0.147433 0.082754 0.0499539 0.0253253 0.00838615 0.00167392 0.000197881 1.38049e-05 5.67964e-07 1.37791e-08 1.97106e-10 1.66252e-12 8.26866e-15 2.42479e-17
 2.05522e-11 2.23074e-09 1.42767e-07 5.38759e-06 0.00011988 0.00157286 0.0121685 0.0555209 0.14952 0.23864 0.23037 0.147327 0.0816096 0.0486479 0.0245504 0.00812098 0.00162065 0.000191575 1.33648e-05 5.49859e-07 1.33399e-08 1.90823e-10 1.60952e-12 8.00507e-15 2.34749e-17
 2.02633e-11 2.19939e-09 1.40761e-07 5.31187e-06 0.000118195 0.00155076 0.0119976 0.0547422 0.14744 0.235458 0.227957 0.147578 0.0843163 0.051737 0.0263833 0.00874817 0.00174666 0.00020649 1.44056e-05 5.92681e-07 1.43788e-08 2.05684e-10 1.73487e-12 8.62851e-15 2.53032e-17
 2.03899e-11 2.21313e-09 1.4164e-07 5.34505e-06 0.000118934 0.00156045 0.0120725 0.0550835 0.148352 0.236853 0.229014 0.147468 0.0831301 0.0503832 0.0255801 0.00847331 0.00169144 0.000199953 1.39495e-05 5.73915e-07 1.39235e-08 1.99172e-10 1.67994e-12 8.3553e-15 2.4502e-17
 2.06201e-11 2.23811e-09 1.43239e-07 5.40538e-06 0.000120276 0.00157806 0.0122087 0.055704 0.150009 0.239388 0.230937 0.147268 0.0809734 0.0479218 0.0241196 0.00797356 0.00159103 0.000188069 1.31202e-05 5.39794e-07 1.30957e-08 1.8733e-10 1.58006e-12 7.85854e-15 2.30452e-17
 2.1063e-11 2.28618e-09 1.46315e-07 5.52148e-06 0.00012286 0.00161195 0.0124708 0.0568981 0.153198 0.244265 0.234638 0.146884 0.0768231 0.0431852 0.0213092 0.00701189 0.00139782 0.0001652 1.15244e-05 4.74134e-07 1.15027e-08 1.64543e-10 1.38786e-12 6.90263e-15 2.0242e-17
 2.14834e-11 2.33182e-09 1.49236e-07 5.6317e-06 0.000125312 0.00164413 0.0127197 0.0580316 0.156226 0.248896 0.238151 0.14652 0.0728831 0.0386886 0.0186412 0.00609896 0.00121441 0.00014349 1.00094e-05 4.11803e-07 9.99052e-09 1.42912e-10 1.2054e-12 5.99517e-15 1.75809e-17
#obs surv len freq
 5.04711e-11 4.67748e-09 2.55605e-07 8.23593e-06 0.000156475 0.00175299 0.0115818 0.0451599 0.104335 0.145804 0.135892 0.11432 0.112698 0.107237 0.0876904 0.0635387 0.0389236 0.0193285 0.00794173 0.00271289 0.000740297 0.000153057 2.28356e-05 2.35725e-06 1.62627e-07
 2.92026e-11 2.61029e-09 1.37576e-07 4.2755e-06 7.83483e-05 0.000846684 0.00539921 0.020384 0.0463541 0.0689547 0.0879715 0.126587 0.167444 0.165884 0.130205 0.089379 0.0521992 0.0247327 0.00959142 0.00304892 0.000768005 0.000146198 2.00597e-05 1.90211e-06 1.20458e-07
 1.43834e-11 1.23788e-09 6.28182e-08 1.87967e-06 3.31659e-05 0.000345157 0.00212137 0.00775266 0.0174435 0.0280873 0.0458632 0.0838599 0.133544 0.174959 0.19134 0.160035 0.0949503 0.0408554 0.0138496 0.0038963 0.00088671 0.000153709 1.92191e-05 1.66073e-06 9.58981e-08
 2.64711e-10 2.18996e-08 1.06829e-06 3.07273e-05 0.000521134 0.00521149 0.0307301 0.106848 0.2191 0.265191 0.190384 0.0836134 0.0278345 0.0158234 0.017058 0.016438 0.0117418 0.00619943 0.00241509 0.00068883 0.000144316 2.22519e-05 2.47777e-06 1.92282e-07 1.00284e-08
 1.81947e-10 1.44474e-08 6.7643e-07 1.86743e-05 0.00030399 0.00291816 0.016527 0.0553581 0.111076 0.142083 0.145096 0.160968 0.167723 0.120623 0.0541336 0.0160556 0.00436607 0.00170551 0.000735191 0.000242942 5.56045e-05 8.62913e-06 9.02628e-07 6.33124e-08 2.9477e-09
 4.35844e-10 3.31688e-08 1.48839e-06 3.93813e-05 0.000614401 0.00565211 0.0306625 0.0981435 0.185835 0.211083 0.154066 0.0934342 0.0692188 0.0592889 0.04669 0.0289742 0.0123065 0.00332098 0.000579088 7.69722e-05 1.04265e-05 1.41933e-06 1.47953e-07 1.02523e-08 4.54598e-10
 5.47384e-10 3.9871e-08 1.71241e-06 4.33658e-05 0.000647559 0.00570198 0.0296144 0.0908501 0.165844 0.186947 0.151928 0.124377 0.108141 0.0746887 0.037724 0.0156016 0.00570628 0.00172206 0.000390301 6.26129e-05 6.90363e-06 5.35892e-07 3.20594e-08 1.5821e-09 6.04192e-11
 7.80205e-10 5.43231e-08 2.23022e-06 5.39882e-05 0.000770624 0.00648641 0.0322046 0.0944669 0.165086 0.179162 0.143069 0.118485 0.105272 0.0776354 0.0454499 0.0217165 0.0078316 0.00193884 0.000325179 3.95339e-05 3.78279e-06 2.84116e-07 1.55073e-08 5.79399e-10 1.46806e-11
 1.10396e-09 7.33876e-08 2.87658e-06 6.64844e-05 0.00090606 0.00728154 0.0345217 0.0967558 0.162063 0.17104 0.139146 0.121929 0.109583 0.0792931 0.045668 0.0216072 0.00778284 0.00196465 0.000342712 4.23203e-05 3.7552e-06 2.38273e-07 1.07508e-08 3.44006e-10 7.68629e-12
 1.21494e-09 7.70239e-08 2.87928e-06 6.34649e-05 0.000824874 0.00632295 0.0286097 0.0767637 0.124994 0.137064 0.136014 0.149746 0.143686 0.102344 0.0569452 0.0256523 0.00862423 0.00199163 0.00031306 3.49433e-05 2.87929e-06 1.74236e-07 7.46592e-09 2.18716e-10 4.28504e-12
 2.41635e-09 1.45942e-07 5.19741e-06 0.00010914 0.00135138 0.00986758 0.0425122 0.108357 0.165667 0.162282 0.128731 0.114409 0.103891 0.0791909 0.0495888 0.0239849 0.00802391 0.00175068 0.000250779 2.47237e-05 1.76503e-06 9.27708e-08 3.51895e-09 9.34028e-11 1.68713e-12
 3.87532e-09 2.22767e-07 7.55058e-06 0.000150904 0.00177836 0.0123592 0.050686 0.123059 0.179786 0.170557 0.135011 0.118249 0.0976541 0.0621342 0.0311399 0.0126445 0.00384477 0.00080905 0.000116385 1.17372e-05 8.42227e-07 4.24543e-08 1.47082e-09 3.455e-11 5.46272e-13
 5.14566e-09 2.81262e-07 9.06502e-06 0.000172273 0.00193051 0.0127591 0.0497855 0.115281 0.162527 0.15609 0.137904 0.133668 0.111122 0.0686421 0.0331033 0.0127061 0.00354928 0.00066237 8.11337e-05 6.77222e-06 4.07763e-07 1.8204e-08 5.89278e-10 1.32371e-11 1.98843e-13
 6.97263e-09 3.62098e-07 1.10878e-05 0.000200195 0.00213148 0.0133857 0.0496535 0.109572 0.148949 0.144045 0.136862 0.139697 0.118394 0.0765548 0.0395438 0.0157512 0.00436002 0.000787171 9.2503e-05 7.32893e-06 4.07345e-07 1.61045e-08 4.46953e-10 8.5491e-12 1.11257e-13
 1.15931e-08 5.7155e-07 1.66149e-05 0.000284796 0.00287863 0.017162 0.0604311 0.126535 0.162851 0.147868 0.130606 0.125885 0.104 0.0676133 0.0353585 0.0139714 0.00378024 0.000670387 7.88662e-05 6.37609e-06 3.62064e-07 1.43115e-08 3.84339e-10 6.88007e-12 8.12566e-14
 1.66324e-08 7.77926e-07 2.14541e-05 0.000348881 0.00334558 0.0189261 0.0632824 0.126281 0.157481 0.146362 0.139691 0.136387 0.105341 0.0612295 0.0282926 0.0100589 0.00249492 0.000408356 4.43638e-05 3.32549e-06 1.77603e-07 6.74372e-09 1.7714e-10 3.12635e-12 3.6269e-14
 2.59636e-08 1.15137e-06 3.0106e-05 0.000464182 0.00422041 0.0226382 0.0717922 0.13605 0.162003 0.146109 0.137034 0.13 0.0975681 0.055829 0.0253332 0.00861939 0.00198519 0.00029261 2.75784e-05 1.72496e-06 7.54788e-08 2.39036e-09 5.44472e-11 8.64731e-13 9.27587e-15
 3.58792e-08 1.50778e-06 3.73614e-05 0.000545893 0.00470374 0.0239161 0.0719688 0.130068 0.150963 0.140954 0.141503 0.136371 0.101824 0.0587671 0.0268954 0.00907667 0.0020657 0.000306612 3.01054e-05 2.01402e-06 9.30363e-08 2.93031e-09 6.15998e-11 8.53924e-13 7.79785e-15
 6.08938e-08 2.424e-06 5.6896e-05 0.000787463 0.00642728 0.0309542 0.0882124 0.150816 0.164764 0.142773 0.132224 0.119801 0.0857558 0.0479368 0.0211025 0.00673912 0.00143185 0.000196554 1.77712e-05 1.10276e-06 4.83686e-08 1.49268e-09 3.15135e-11 4.42023e-13 4.03077e-15
 8.54876e-08 3.22245e-06 7.16244e-05 0.000938728 0.00725597 0.0331041 0.0895041 0.146219 0.15715 0.143355 0.141273 0.126323 0.0853906 0.0444362 0.0182261 0.00547706 0.00110991 0.000147697 1.31516e-05 8.08006e-07 3.46422e-08 1.02185e-09 2.02875e-11 2.66827e-13 2.30026e-15
 1.23241e-07 4.39808e-06 9.25466e-05 0.00114833 0.00840384 0.0363109 0.0930982 0.145096 0.152253 0.141849 0.142668 0.126129 0.0845824 0.0441788 0.0179096 0.00516223 0.000981433 0.000120887 9.89089e-06 5.59271e-07 2.2337e-08 6.23748e-10 1.18534e-11 1.49506e-13 1.22878e-15
 1.84778e-07 6.24189e-06 0.000124329 0.00146032 0.0101168 0.0413901 0.100598 0.149385 0.152126 0.14173 0.14141 0.121298 0.0790399 0.0402871 0.0157899 0.00434929 0.000787613 9.2755e-05 7.29087e-06 3.95278e-07 1.49584e-08 3.8973e-10 6.83962e-12 7.9503e-14 6.04797e-16
 2.79827e-07 8.94718e-06 0.000168685 0.00187536 0.0122982 0.0476387 0.109753 0.15526 0.153205 0.141627 0.138658 0.114594 0.0719988 0.0354385 0.0133112 0.00348936 0.000601696 6.79445e-05 5.16661e-06 2.72201e-07 9.9772e-09 2.49729e-10 4.17195e-12 4.57458e-14 3.25334e-16
 3.84519e-07 1.16371e-05 0.000207667 0.00218537 0.0135674 0.0497914 0.109055 0.148882 0.148798 0.146902 0.146924 0.117164 0.0696707 0.0322408 0.0113338 0.00277139 0.000444473 4.65342e-05 3.27472e-06 1.60049e-07 5.48151e-09 1.2931e-10 2.04868e-12 2.13524e-14 1.44152e-16
 5.06913e-07 1.45216e-05 0.0002453 0.00244362 0.0143642 0.0499649 0.104222 0.138249 0.142099 0.150416 0.153864 0.122065 0.0730378 0.0340431 0.0117554 0.00275442 0.000418196 4.12744e-05 2.73105e-06 1.24901e-07 3.97528e-09 8.66247e-11 1.26426e-12 1.21489e-14 7.58825e-17
 8.83971e-07 2.39724e-05 0.000383341 0.00361495 0.0201131 0.0661816 0.130222 0.16097 0.148929 0.138946 0.130941 0.100464 0.0597971 0.0276877 0.00930203 0.00208961 0.000303561 2.88317e-05 1.84684e-06 8.16684e-08 2.48902e-09 5.12757e-11 6.99717e-13 6.23639e-15 3.59265e-17
 1.08246e-06 2.7793e-05 0.00042079 0.0037574 0.0198057 0.0618881 0.116891 0.144762 0.148765 0.159255 0.152001 0.106777 0.0552983 0.0221574 0.00662789 0.00136274 0.000183964 1.63608e-05 9.8613e-07 4.1203e-08 1.19064e-09 2.33059e-11 3.02166e-13 2.55162e-15 1.3856e-17
 1.59319e-06 3.8734e-05 0.000555298 0.00469528 0.0234377 0.0693821 0.124341 0.146918 0.145732 0.151775 0.142662 0.102302 0.0560992 0.0235251 0.00699071 0.00136173 0.00016853 1.33843e-05 7.06086e-07 2.56835e-08 6.54215e-10 1.1522e-11 1.36799e-13 1.06993e-15 5.4156e-18
#pred catch len freq
 1.96082e-12 2.12829e-10 1.3621e-08 5.14023e-07 1.14385e-05 0.000150135 0.00116384 0.00536416 0.0151867 0.0302342 0.0577018 0.115328 0.180024 0.187896 0.139754 0.090509 0.0583457 0.0371505 0.0239991 0.0163947 0.0121466 0.00991754 0.00846432 0.00648331 0.00377427
 1.94993e-12 2.11647e-10 1.35454e-08 5.11171e-07 1.13752e-05 0.000149316 0.00115796 0.00534793 0.0152886 0.0315737 0.06456 0.134698 0.211025 0.213785 0.144912 0.0785753 0.0422367 0.0235143 0.0131956 0.00752029 0.00452501 0.00304393 0.00227693 0.00164879 0.00095328
 7.27838e-13 7.89999e-11 5.05604e-09 1.90809e-07 4.24684e-06 5.57946e-05 0.000434611 0.00205179 0.00647055 0.0179747 0.053697 0.134046 0.220371 0.227359 0.158105 0.0887236 0.0468951 0.02307 0.0106496 0.00496024 0.00240311 0.00125436 0.000744915 0.00047094 0.000258147
 5.27594e-12 5.72653e-10 3.66497e-08 1.38305e-06 3.07752e-05 0.000403822 0.00312587 0.0143014 0.0390513 0.0666773 0.0850973 0.111871 0.149616 0.158791 0.134059 0.102088 0.068365 0.0373816 0.0172688 0.00716277 0.00279 0.00109777 0.000476091 0.00023353 0.000111923
 1.50049e-11 1.62864e-09 1.04233e-07 3.93341e-06 8.75235e-05 0.00114836 0.00888531 0.0405633 0.10955 0.177364 0.183173 0.149786 0.129902 0.105128 0.0597972 0.0225791 0.00693029 0.00270467 0.00137577 0.000647004 0.000251795 8.44635e-05 2.68584e-05 9.12278e-06 3.33969e-06
 1.29966e-11 1.41066e-09 9.02819e-08 3.40696e-06 7.58095e-05 0.000994678 0.00769677 0.0351504 0.0951097 0.155424 0.16724 0.153878 0.152412 0.129453 0.0724949 0.0245269 0.00491688 0.000581783 4.06104e-05 1.67577e-06 4.24075e-08 1.22558e-09 1.94491e-10 4.87258e-11 1.22258e-11
 1.55035e-11 1.68276e-09 1.07696e-07 4.06412e-06 9.04319e-05 0.00118652 0.00918047 0.0419092 0.113163 0.183034 0.188185 0.151701 0.128914 0.102638 0.0565892 0.0190893 0.00382803 0.000454447 3.21095e-05 1.38058e-06 3.86946e-08 8.21726e-10 1.51194e-11 2.30874e-13 4.16926e-15
 1.48734e-11 1.61436e-09 1.03319e-07 3.89894e-06 8.67564e-05 0.0011383 0.00880754 0.0402104 0.108625 0.176094 0.182921 0.152251 0.134825 0.109381 0.0605857 0.0204517 0.00409802 0.000484814 3.38289e-05 1.39205e-06 3.37912e-08 4.8436e-10 4.11601e-12 2.1051e-14 6.87642e-17
 1.50924e-11 1.63813e-09 1.0484e-07 3.95635e-06 8.8034e-05 0.00115506 0.00893717 0.0408009 0.110202 0.178506 0.184751 0.152061 0.132773 0.107039 0.0591958 0.0199761 0.00400248 0.000473509 3.30408e-05 1.35975e-06 3.3018e-08 4.73833e-10 4.0428e-12 2.09352e-14 7.01478e-17
 1.52483e-11 1.65506e-09 1.05924e-07 3.99723e-06 8.89434e-05 0.00116699 0.00902945 0.0412212 0.111325 0.180224 0.186054 0.151926 0.131312 0.105371 0.0582065 0.0196376 0.00393451 0.000465477 3.24838e-05 1.33736e-06 3.25203e-08 4.69064e-10 4.07401e-12 2.23712e-14 8.79072e-17
 1.41995e-11 1.54122e-09 9.86376e-08 3.72228e-06 8.28257e-05 0.00108673 0.00840869 0.0383935 0.103772 0.168672 0.177291 0.152835 0.14114 0.116588 0.064862 0.0219149 0.00439199 0.000519604 3.62551e-05 1.49167e-06 3.61896e-08 5.17716e-10 4.36772e-12 2.17409e-14 6.39426e-17
 1.71258e-11 1.85884e-09 1.18966e-07 4.4894e-06 9.98947e-05 0.00131066 0.0101406 0.0462832 0.124846 0.200902 0.201742 0.150298 0.113718 0.0852919 0.0462926 0.0155608 0.00311538 0.000368499 2.5711e-05 1.05786e-06 2.56669e-08 3.67282e-10 3.10167e-12 1.54941e-14 4.61522e-17
 1.70882e-11 1.85476e-09 1.18705e-07 4.47954e-06 9.96754e-05 0.00130779 0.0101184 0.0461818 0.124575 0.200488 0.201427 0.150331 0.11407 0.085694 0.0465312 0.0156424 0.00313179 0.00037044 2.58463e-05 1.0634e-06 2.57988e-08 3.69045e-10 3.11276e-12 1.54817e-14 4.54014e-17
 1.65373e-11 1.79497e-09 1.14878e-07 4.33513e-06 9.6462e-05 0.00126563 0.00979234 0.0446965 0.120608 0.194421 0.196824 0.150808 0.119233 0.0915857 0.050027 0.0168386 0.00337211 0.000398886 2.78313e-05 1.14507e-06 2.77804e-08 3.97397e-10 3.35209e-12 1.66754e-14 4.89375e-17
 1.67438e-11 1.81738e-09 1.16312e-07 4.38925e-06 9.76664e-05 0.00128143 0.00991455 0.0452532 0.122095 0.196695 0.19855 0.150629 0.117298 0.0893775 0.0487168 0.0163903 0.00328204 0.000388225 2.70873e-05 1.11446e-06 2.70376e-08 3.86766e-10 3.26224e-12 1.62253e-14 4.75843e-17
 1.70152e-11 1.84684e-09 1.18197e-07 4.4604e-06 9.92496e-05 0.0013022 0.0100752 0.045985 0.124049 0.199684 0.200817 0.150394 0.114754 0.0864747 0.0469944 0.0158009 0.00316363 0.000374209 2.61093e-05 1.07422e-06 2.60614e-08 3.72802e-10 3.14449e-12 1.56402e-14 4.5874e-17
 1.80702e-11 1.96134e-09 1.25526e-07 4.73695e-06 0.000105403 0.00138293 0.0106996 0.0488292 0.131646 0.211303 0.209632 0.149479 0.104868 0.0751923 0.0403002 0.0135103 0.00270341 0.000319736 2.23081e-05 9.17822e-07 2.2267e-08 3.18523e-10 2.68662e-12 1.33621e-14 3.91849e-17
 1.79246e-11 1.94554e-09 1.24514e-07 4.69878e-06 0.000104554 0.00137179 0.0106134 0.0484366 0.130598 0.2097 0.208415 0.149605 0.106233 0.0767496 0.0412241 0.0138265 0.00276694 0.000327255 2.28327e-05 9.3941e-07 2.27907e-08 3.26015e-10 2.74981e-12 1.36764e-14 4.01062e-17
 1.82415e-11 1.97994e-09 1.26716e-07 4.78186e-06 0.000106402 0.00139604 0.010801 0.0492912 0.13288 0.21319 0.211064 0.149331 0.103263 0.0733599 0.039213 0.0131383 0.00262867 0.000310889 2.16907e-05 8.92422e-07 2.16507e-08 3.09708e-10 2.61227e-12 1.29923e-14 3.81001e-17
 1.86252e-11 2.02159e-09 1.29381e-07 4.88245e-06 0.00010864 0.0014254 0.0110281 0.0503256 0.135643 0.217416 0.214269 0.148998 0.0996671 0.0692564 0.0367782 0.0123051 0.00246128 0.000291076 2.03082e-05 8.35538e-07 2.02707e-08 2.89967e-10 2.44576e-12 1.21642e-14 3.56716e-17
 1.90743e-11 2.07033e-09 1.32501e-07 5.00017e-06 0.00011126 0.00145977 0.0112938 0.0515364 0.138877 0.222362 0.218022 0.148609 0.0954587 0.0644535 0.0339284 0.01133 0.00226537 0.000267887 1.869e-05 7.68959e-07 1.86554e-08 2.66861e-10 2.25087e-12 1.11949e-14 3.28291e-17
 1.9471e-11 2.11339e-09 1.35257e-07 5.10416e-06 0.000113574 0.00149013 0.0115286 0.0526059 0.141734 0.226732 0.221336 0.148265 0.0917414 0.060211 0.0314112 0.0104686 0.00209232 0.000247404 1.72606e-05 7.1015e-07 1.72287e-08 2.46451e-10 2.07872e-12 1.03387e-14 3.03183e-17
 1.95361e-11 2.12046e-09 1.35709e-07 5.12123e-06 0.000113954 0.00149511 0.0115672 0.0527816 0.142203 0.227449 0.221881 0.148208 0.091131 0.0595144 0.0309979 0.0103272 0.0020639 0.00024404 1.70259e-05 7.00492e-07 1.69944e-08 2.431e-10 2.05045e-12 1.01981e-14 2.9906e-17
 1.94158e-11 2.1074e-09 1.34873e-07 5.0897e-06 0.000113252 0.00148591 0.011496 0.0524573 0.141337 0.226124 0.220876 0.148312 0.0922581 0.0608007 0.0317611 0.0105884 0.00211637 0.000250251 1.74593e-05 7.18324e-07 1.7427e-08 2.49288e-10 2.10265e-12 1.04577e-14 3.06673e-17
 1.95281e-11 2.11959e-09 1.35653e-07 5.11913e-06 0.000113907 0.0014945 0.0115624 0.0527599 0.142145 0.227361 0.221814 0.148215 0.0912062 0.0596002 0.0310488 0.0103446 0.0020674 0.000244454 1.70548e-05 7.01682e-07 1.70232e-08 2.43513e-10 2.05394e-12 1.02154e-14 2.99567e-17
 2.00517e-11 2.17642e-09 1.3929e-07 5.25638e-06 0.000116961 0.00153456 0.0118723 0.0541715 0.145916 0.233127 0.226188 0.147761 0.0862997 0.0540006 0.0277264 0.00920775 0.00183899 0.000217419 1.51683e-05 6.2406e-07 1.51401e-08 2.16574e-10 1.82672e-12 9.08533e-15 2.66428e-17
 2.05017e-11 2.22527e-09 1.42417e-07 5.37437e-06 0.000119586 0.001569 0.0121387 0.055385 0.149157 0.238084 0.229949 0.147371 0.0820821 0.0491872 0.0248704 0.00823048 0.00164265 0.000194179 1.35465e-05 5.57335e-07 1.35213e-08 1.93418e-10 1.63141e-12 8.11392e-15 2.37941e-17
 2.02562e-11 2.19862e-09 1.40711e-07 5.31001e-06 0.000118154 0.00155022 0.0119934 0.054723 0.147389 0.23538 0.227897 0.147584 0.0843829 0.0518129 0.0264283 0.00876358 0.00174975 0.000206856 1.44312e-05 5.93734e-07 1.44043e-08 2.0605e-10 1.73795e-12 8.64383e-15 2.53481e-17
#obs catch len freq
 4.58748e-11 4.25152e-09 2.32327e-07 7.48591e-06 0.000142226 0.00159337 0.0105276 0.0410578 0.0949622 0.133464 0.127549 0.11427 0.118812 0.114744 0.0940728 0.0688454 0.0432995 0.0224024 0.0096258 0.00341851 0.000964732 0.000205626 3.14932e-05 3.31836e-06 2.32351e-07
 6.93821e-11 6.20176e-09 3.26866e-07 1.01581e-05 0.000186141 0.0020113 0.0128169 0.0482097 0.107523 0.145592 0.133535 0.114049 0.113795 0.1073 0.0868341 0.0621161 0.0373347 0.0181669 0.00730661 0.00242901 0.000639675 0.000126554 1.79281e-05 1.74563e-06 1.12991e-07
 4.13618e-11 3.55974e-09 1.80644e-07 5.40529e-06 9.53705e-05 0.000992353 0.0060937 0.0221653 0.0486918 0.0707712 0.0904851 0.1305 0.169226 0.163964 0.126921 0.0859588 0.0492206 0.0228152 0.0086424 0.00266901 0.000648084 0.00011795 1.53548e-05 1.37243e-06 8.15e-08
 2.08918e-11 1.72839e-09 8.43126e-08 2.42514e-06 4.11335e-05 0.000411516 0.00243187 0.00855411 0.0186173 0.0295198 0.0485013 0.0880729 0.137847 0.177949 0.190674 0.154745 0.0888898 0.037193 0.0123059 0.00336713 0.00073883 0.000122383 1.45101e-05 1.18135e-06 6.39438e-08
 3.81221e-10 3.02706e-08 1.41727e-06 3.91265e-05 0.000636908 0.00611322 0.0345982 0.115462 0.227252 0.26404 0.182094 0.0771969 0.0256382 0.0154333 0.0166871 0.0156448 0.0108363 0.00553855 0.0020821 0.000571449 0.000114868 1.69097e-05 1.78582e-06 1.30589e-07 6.38377e-09
 2.70271e-10 2.05683e-08 9.22965e-07 2.44208e-05 0.000381007 0.00350545 0.0190291 0.0611137 0.117767 0.145728 0.146725 0.161311 0.16307 0.112546 0.0484903 0.0140038 0.00386563 0.00153755 0.000645534 0.000204086 4.44375e-05 6.53729e-06 6.45988e-07 4.26389e-08 1.86048e-09
 6.47453e-10 4.71599e-08 2.02546e-06 5.12936e-05 0.000765933 0.00674397 0.0350174 0.107284 0.194508 0.211875 0.149364 0.089308 0.0661023 0.0560427 0.0432377 0.025925 0.0105347 0.00271372 0.000454824 5.92736e-05 7.93763e-06 1.04061e-06 1.02449e-07 6.65907e-09 2.76082e-10
 8.26712e-10 5.75612e-08 2.36316e-06 5.72063e-05 0.000816559 0.00687302 0.0341235 0.100086 0.174822 0.189262 0.149565 0.120578 0.102044 0.0680613 0.0334506 0.013598 0.00487221 0.0014251 0.000310551 4.7643e-05 5.01342e-06 3.72275e-07 2.13495e-08 1.00297e-09 3.60265e-11
 1.18848e-09 7.90058e-08 3.0968e-06 7.15741e-05 0.00097542 0.00783879 0.0371599 0.104095 0.173882 0.181143 0.140773 0.114918 0.0995874 0.071363 0.0408078 0.0189636 0.00657804 0.00155828 0.000250683 2.93958e-05 2.71326e-06 1.94977e-07 1.00953e-08 3.56129e-10 8.49737e-12
 1.70877e-09 1.08332e-07 4.04962e-06 8.92609e-05 0.00116012 0.00889156 0.0402043 0.10749 0.171907 0.173947 0.137284 0.117539 0.102352 0.0718459 0.0404078 0.0185861 0.00644123 0.00155716 0.000260185 3.07794e-05 2.61068e-06 1.57854e-07 6.76697e-09 2.04976e-10 4.31541e-12
 1.93025e-09 1.16583e-07 4.15184e-06 8.71845e-05 0.00107955 0.00788373 0.0339872 0.0869168 0.135116 0.142338 0.137131 0.146132 0.134906 0.0930046 0.0504443 0.0220322 0.00710619 0.00156756 0.000235709 2.52277e-05 1.9907e-06 1.14786e-07 4.66119e-09 1.28858e-10 2.37464e-12
 3.81306e-09 2.19188e-07 7.42928e-06 0.000148479 0.00174978 0.0121603 0.0498647 0.120994 0.176257 0.165104 0.126411 0.108977 0.0958332 0.0711071 0.0433004 0.0201347 0.0064183 0.0013316 0.000181795 1.71379e-05 1.17061e-06 5.86745e-08 2.11193e-09 5.29459e-11 8.99654e-13
 6.12614e-09 3.34855e-07 1.07923e-05 0.000205097 0.0022983 0.0151883 0.0592319 0.136777 0.19022 0.172345 0.131209 0.110616 0.08768 0.0538981 0.0262845 0.010331 0.00300962 0.000604132 8.29465e-05 7.98781e-06 5.46086e-07 2.61232e-08 8.55941e-10 1.89634e-11 2.82023e-13
 8.23891e-09 4.27858e-07 1.31014e-05 0.000236551 0.0025185 0.0158146 0.058632 0.129036 0.173121 0.158912 0.135024 0.125543 0.0999683 0.059611 0.027923 0.01034 0.00275625 0.000488506 5.68881e-05 4.53079e-06 2.60782e-07 1.1097e-08 3.40434e-10 7.20891e-12 1.01684e-13
 1.13123e-08 5.57706e-07 1.62125e-05 0.000277899 0.00280893 0.016747 0.0589813 0.123617 0.15982 0.147617 0.134525 0.131414 0.106894 0.0669364 0.0335198 0.0128077 0.00336934 0.000576556 6.43155e-05 4.84968e-06 2.5667e-07 9.63843e-09 2.53148e-10 4.5674e-12 5.59013e-14
 1.88702e-08 8.82592e-07 2.43406e-05 0.000395818 0.00379555 0.0214679 0.0717185 0.142493 0.174098 0.150242 0.126227 0.115916 0.0919468 0.0579273 0.0292969 0.0110711 0.00284367 0.000478213 5.34581e-05 4.11276e-06 2.21888e-07 8.30205e-09 2.10285e-10 3.54095e-12 3.92514e-14
 2.74308e-08 1.21643e-06 3.18073e-05 0.00049041 0.00445883 0.0239154 0.0758178 0.143444 0.169527 0.148975 0.134008 0.123789 0.091362 0.0512952 0.0229246 0.00780448 0.001838 0.000285096 2.94142e-05 2.09871e-06 1.06604e-07 3.83509e-09 9.502e-11 1.57609e-12 1.71349e-14
 4.23814e-08 1.78103e-06 4.41321e-05 0.000644814 0.00555583 0.0282414 0.0848779 0.152458 0.172132 0.147211 0.130786 0.117789 0.0846415 0.0468042 0.0204906 0.00665139 0.00144944 0.000201689 1.79772e-05 1.06716e-06 4.44245e-08 1.33671e-09 2.8804e-11 4.30755e-13 4.33415e-15
 5.97434e-08 2.37821e-06 5.58212e-05 0.000772588 0.00630592 0.0303709 0.0865669 0.148142 0.162513 0.142589 0.134112 0.122237 0.0874474 0.0487789 0.0214857 0.00690409 0.00148711 0.000208817 1.94319e-05 1.23302e-06 5.39194e-08 1.60216e-09 3.16831e-11 4.12414e-13 3.53119e-15
 9.99264e-08 3.76672e-06 8.37213e-05 0.00109726 0.00848064 0.038676 0.104364 0.168895 0.174329 0.141858 0.122962 0.105335 0.0722642 0.0390104 0.0164908 0.00500357 0.00100453 0.000130297 1.11615e-05 6.57651e-07 2.73629e-08 7.97976e-10 1.58519e-11 2.08499e-13 1.77825e-15
 1.4179e-07 5.06e-06 0.000106475 0.00132114 0.00966773 0.0417561 0.106862 0.165097 0.167115 0.1421 0.1303 0.109921 0.0711035 0.0356955 0.0140586 0.0040161 0.000769697 9.68775e-05 8.1756e-06 4.76311e-07 1.93213e-08 5.37299e-10 1.00254e-11 1.23621e-13 9.96948e-16
 2.05862e-07 6.95411e-06 0.000138515 0.00162691 0.0112701 0.0460912 0.111821 0.164648 0.162139 0.139823 0.130373 0.10881 0.0699258 0.0351942 0.0136497 0.00372834 0.000669021 7.78378e-05 6.03201e-06 3.2354e-07 1.22372e-08 3.22346e-10 5.75591e-12 6.80047e-14 5.22262e-16
 3.0851e-07 9.86424e-06 0.000185974 0.00206753 0.0135572 0.052494 0.120697 0.169173 0.16115 0.138189 0.127507 0.103279 0.0645166 0.0316499 0.0118444 0.00308817 0.000527708 5.87054e-05 4.36879e-06 2.24374e-07 8.02551e-09 1.96941e-10 3.24502e-12 3.53261e-14 2.51116e-16
 4.68208e-07 1.41698e-05 0.000252862 0.00266085 0.0165155 0.0605436 0.131907 0.175853 0.161401 0.135949 0.122371 0.0953789 0.0574192 0.0271602 0.00972481 0.00241125 0.00039238 4.18713e-05 3.01473e-06 1.50359e-07 5.20265e-09 1.22485e-10 1.91882e-12 1.96828e-14 1.30677e-16
 6.48807e-07 1.85864e-05 0.000313958 0.00312736 0.0183772 0.0638218 0.132129 0.169601 0.156561 0.139969 0.128868 0.0970083 0.0552387 0.024536 0.00821364 0.00189833 0.000287128 2.83911e-05 1.89115e-06 8.7507e-08 2.83006e-09 6.28036e-11 9.32856e-13 9.09088e-15 5.72558e-17
 8.70441e-07 2.36055e-05 0.000377474 0.00355967 0.0198066 0.0651894 0.128421 0.159544 0.149924 0.142742 0.134706 0.101161 0.0580049 0.0258846 0.00848419 0.0018755 0.000268331 2.49986e-05 1.56452e-06 6.76717e-08 2.03178e-09 4.16204e-11 5.69294e-13 5.11453e-15 2.98011e-17
 1.48808e-06 3.82071e-05 0.000578442 0.00516432 0.0272013 0.084698 0.157395 0.182143 0.153512 0.127241 0.109533 0.0793768 0.0452203 0.0199897 0.00635966 0.00134669 0.00018437 1.65336e-05 1.00136e-06 4.18299e-08 1.20072e-09 2.32206e-11 2.9667e-13 2.4702e-15 1.32682e-17
 1.87324e-06 4.55424e-05 0.000652896 0.00552012 0.0275461 0.0814203 0.144908 0.166482 0.15304 0.14515 0.127378 0.084496 0.0418073 0.0160062 0.00454228 0.000881301 0.000112166 9.41936e-06 5.36778e-07 2.11833e-08 5.76388e-10 1.0587e-11 1.28437e-13 1.01251e-15 5.12272e-18
#spawning biomass
 38188.2 29171.1 21765.7 13380 23731.8 36636.4 68797.4 94852.4 133713 188134 175223 194522 200065 230625 222629 230474 219337 205372 198109 210204 228889 212188 229854 254100 232639 233367 201418 219128 296580 526599 437850 316786 214699 143368 98514.1 72133.3 57306.2 49236.3 44945.6 42703.5 41547.1 40956.6 40656.6 40504.1 40428.8 40391.6 40373.3 40364.3 40359.8 40357.6 40356.5 40356 40355.7 40355.6 40355.5 40355.5 40355.4 40355.4 40355.4 40355.4 40355.4 40355.4 40355.4 40355.4 40355.4 40355.4 40355.4 40355.4 40355.4 40355.4 40355.4 40355.4 40355.4 40355.4 40355.4 40355.4 40355.4 40355.4 40355.4 40355.4 40355.4 40355.4 40355.4 40355.4 40355.4 40355.4 40355.4 40355.4 40355.4 40355.4 40355.4 40355.4 40355.4 40355.4 40355.4 40355.4 40355.4 40355.4 40355.4 40355.4 40355.4 40355.4 40355.4 40355.4 40355.4 40355.4 40355.4 40355.4 40355.4 40355.4 40355.4 40355.4 40355.4 40355.4 40355.4 40355.4 40355.4 40355.4 40355.4 40355.4 40355.4 40355.4 40355.4 40355.4 40355.4 40355.4 40355.4 40355.4 0 0 0 0 0 0 0 0 0 0 0 0 0 0 0 0 0 0 0 0 0 0 0 0 0
