SBPRF35
0.178135
Curr Bio
153903
B35
203687
F35
0.61928
FOFL
0.61928
OFL
72511.9
Bzero
50895.7
#pred survey bio
 7659.65 7713.38 9812.02 11965.7 18251.9 30289.1 27164.9 33528.6 44089.5 54910.9 69951.4 88857.4 114776 141723 140155 123301 117034 109761 107231 98109.9 104071 114193 126479 117699 125159 141322 145392 157006 4.87584e+06 4.73199e+06 2.8892e+06 1.69239e+06 1.05288e+06 738495 587106 512718 474532 453915 442279 435495 431457 429023 427541 426629 426085 425758 425561 425443 425372 425329 425303 425287 425278 425272 425269 425266 425265 425264 425264 425264 425264 425263 425263 425263 425263 425263 425263 425263 425263 425263 425263 425263 425263 425263 425263 425263 425263 425263 425263 425263 425263 425263 425263 425263 425263 425263 425263 425263 425263 425263 425263 425263 425263 425263 425263 425263 425263 425263 425263 425263 425263 425263 425263 425263 425263 425263 425263 425263 425263 425263 425263 425263 425263 425263 425263 425263 425263 425263 425263 425263 425263 425263 425263 425263 425263 425263 425263 425263 0 0 0 0 0 0 0 0 0 0 0 0 0 0 0 0 0 0 0 0 0 0 0 0 0
#obs survey bio
 6848.29 6732.39 9662.48 10518.9 23566.5 29035 33651 36354.9 58204.5 49090.9 65401.1 100167 101933 152205 139226 92711.3 147677 96543.7 112474 107839 127769 117109 141976 152376 125266 190499 126542 143517
#pred catch bio
 4341.84 4589.42 6009.85 7785.08 9335.14 21113 17299.2 22077.2 30146.8 38269.3 50190.2 62677.4 79010 102514 106027 94582.3 91453.2 83808.5 85907.1 75568.9 80837.9 89055.5 106642 97339.1 101636 116526 118474 94644.3 72511.9 80129.9 45066 23909.9 13619 9189.63 7425.81 6759.5 6516.98 6431.05 6401.22 6391.01 6387.56 6386.4 6386.01 6385.88 6385.84 6385.83 6385.82 6385.82 6385.82 6385.82 6385.82 6385.82 6385.82 6385.82 6385.82 6385.82 6385.82 6385.82 6385.82 6385.82 6385.82 6385.82 6385.82 6385.82 6385.82 6385.82 6385.82 6385.82 6385.82 6385.82 6385.82 6385.82 6385.82 6385.82 6385.82 6385.82 6385.82 6385.82 6385.82 6385.82 6385.82 6385.82 6385.82 6385.82 6385.82 6385.82 6385.82 6385.82 6385.82 6385.82 6385.82 6385.82 6385.82 6385.82 6385.82 6385.82 6385.82 6385.82 6385.82 6385.82 6385.82 6385.82 6385.82 6385.82 6385.82 6385.82 6385.82 6385.82 6385.82 6385.82 6385.82 6385.82 6385.82 6385.82 6385.82 6385.82 6385.82 6385.82 6385.82 6385.82 6385.82 6385.82 6385.82 6385.82 6385.82 6385.82 6385.82 6385.82 0 0 0 0 0 0 0 0 0 0 0 0 0 0 0 0 0 0 0 0 0 0 0 0 0
#obs catch bio
 4155.93 4565.15 5950.26 7795.22 9132.35 20854.5 17019.1 21592.7 29659.3 38140.2 49679.6 61058.8 77946.5 99744.5 105273 95255.9 90189.5 82700.7 84944.6 73789 77972.7 86807.7 102970 94070.7 99395.4 111970 115981 93899.4
#pred cpue bio
 6996.21 6662.07 8444.46 10347.2 14994.7 26318.9 23796.5 28339 37412.8 46463.8 58783.3 74423.7 96522.3 120551 121070 105661 99123.7 93315.1 91100.3 82721.9 87496 95414.3 105810 98002.3 103368 117101 121178 130023 4.25522e+06 4.70559e+06 2.8628e+06 1.66599e+06 1.02648e+06 712095 560706 486319 448132 427515 415879 409095 405057 402624 401142 400230 399685 399359 399162 399044 398972 398929 398903 398888 398878 398873 398869 398867 398866 398865 398865 398864 398864 398864 398864 398864 398864 398864 398864 398864 398864 398864 398864 398864 398864 398864 398864 398864 398864 398864 398864 398864 398864 398864 398864 398864 398864 398864 398864 398864 398864 398864 398864 398864 398864 398864 398864 398864 398864 398864 398864 398864 398864 398864 398864 398864 398864 398864 398864 398864 398864 398864 398864 398864 398864 398864 398864 398864 398864 398864 398864 398864 398864 398864 398864 398864 398864 398864 398864 398864 0 0 0 0 0 0 0 0 0 0 0 0 0 0 0 0 0 0 0 0 0 0 0 0 0
#obs cpue bio
 5107.09 9852.95 8865.53 12339.1 19078.8 26497.6 31718.4 33627 36035.5 47772.9 81835.9 109504 117369 194651 115595 121291 110918 124763 107622 115679 135268 128028 174800 126677 136793 181619 178032 150597
#pred surv len freq
 2.56679e-27 2.59813e-27 4.17973e-26 8.27756e-20 2.02914e-14 6.01272e-10 2.15366e-06 0.00093245 0.0488011 0.308729 0.236326 0.0368489 0.114445 0.105762 0.0276361 0.0368135 0.0174593 0.0156944 0.0107724 0.00897642 0.00759833 0.00698806 0.00738369 0.00674936 0.00208179
 2.56974e-27 2.60574e-27 4.80161e-26 9.58926e-20 2.35069e-14 6.96552e-10 2.49493e-06 0.00108021 0.0565343 0.357652 0.273727 0.0396691 0.109633 0.100887 0.0192627 0.0186534 0.00747884 0.00506133 0.00287779 0.00204245 0.00151287 0.00124135 0.00119479 0.00111176 0.000377942
 2.56946e-27 2.60491e-27 4.71572e-26 9.40803e-20 2.30626e-14 6.83387e-10 2.44778e-06 0.00105979 0.0554658 0.350892 0.268587 0.0410028 0.123395 0.113478 0.0196031 0.0161801 0.00549123 0.00234296 0.00101227 0.000540592 0.000318309 0.000219862 0.000184608 0.000166074 5.89717e-05
 2.56908e-27 2.60388e-27 4.62503e-26 9.21671e-20 2.25937e-14 6.6949e-10 2.398e-06 0.00103824 0.0543379 0.343756 0.263141 0.0412125 0.128817 0.118522 0.0212579 0.0186715 0.00605015 0.00208811 0.000673463 0.000226828 9.09395e-05 4.66351e-05 3.15729e-05 2.58105e-05 9.20873e-06
 2.57208e-27 2.61204e-27 5.34653e-26 1.07388e-19 2.63248e-14 7.8005e-10 2.79401e-06 0.0012097 0.0633113 0.400524 0.306455 0.0391226 0.0824811 0.075754 0.0135041 0.0117487 0.00387298 0.00143586 0.000427403 0.000108778 2.6019e-05 7.98176e-06 3.69526e-06 2.49328e-06 8.59548e-07
 2.56866e-27 2.60266e-27 4.50987e-26 8.97375e-20 2.19981e-14 6.51842e-10 2.33479e-06 0.00101087 0.0529055 0.334695 0.256238 0.0422044 0.141215 0.129816 0.0205728 0.014263 0.00466982 0.0017135 0.000524921 0.000137166 2.60358e-05 4.51205e-06 1.0647e-06 4.87264e-07 1.53146e-07
 2.56812e-27 2.60128e-27 4.39423e-26 8.72981e-20 2.14001e-14 6.34122e-10 2.27132e-06 0.000983395 0.0514673 0.325597 0.249287 0.0419711 0.144324 0.13283 0.0237623 0.0207677 0.006474 0.0018221 0.000539116 0.000141056 2.7598e-05 3.9559e-06 4.58674e-07 9.58895e-08 2.40546e-08
 2.57056e-27 2.60796e-27 4.98957e-26 9.98575e-20 2.44789e-14 7.25353e-10 2.59809e-06 0.00112487 0.0588719 0.372439 0.285021 0.0398334 0.10295 0.0947213 0.0182941 0.0179095 0.00590678 0.00217018 0.000601102 0.000126206 2.39555e-05 3.47028e-06 3.16943e-07 2.52417e-08 3.49412e-09
 2.57023e-27 2.60695e-27 4.89142e-26 9.77866e-20 2.39712e-14 7.10309e-10 2.54421e-06 0.00110155 0.0576509 0.364715 0.279141 0.0409091 0.115267 0.105902 0.0169059 0.0119262 0.00405792 0.00172654 0.000534415 0.00013541 2.19698e-05 2.82502e-06 2.52054e-07 1.2944e-08 6.36758e-10
 2.57039e-27 2.60739e-27 4.93053e-26 9.86115e-20 2.41734e-14 7.16302e-10 2.56567e-06 0.00111084 0.0581373 0.367792 0.281488 0.0407557 0.112451 0.103327 0.0168943 0.0125264 0.00390661 0.0011245 0.000356473 0.000104747 2.03173e-05 2.56585e-06 1.96972e-07 9.12223e-09 2.21885e-10
 2.57079e-27 2.60846e-27 5.02438e-26 1.00591e-19 2.46588e-14 7.30684e-10 2.61719e-06 0.00113314 0.0593046 0.375177 0.287123 0.0405338 0.106803 0.0981014 0.0157172 0.0111587 0.00351398 0.00106293 0.00029018 6.34983e-05 1.3512e-05 2.03056e-06 1.62571e-07 6.57355e-09 1.27188e-10
 2.57096e-27 2.6089e-27 5.0621e-26 1.01387e-19 2.48538e-14 7.36463e-10 2.63789e-06 0.0011421 0.0597736 0.378144 0.289389 0.0405519 0.105349 0.0967306 0.0149497 0.00975024 0.00303785 0.000875408 0.000241817 5.23654e-05 8.55653e-06 1.21284e-06 1.14341e-07 4.87953e-09 8.33169e-11
 2.57072e-27 2.60826e-27 5.00494e-26 1.00181e-19 2.45582e-14 7.27704e-10 2.60651e-06 0.00112852 0.0590627 0.373647 0.285958 0.0407429 0.109212 0.100294 0.0155386 0.0101934 0.00312695 0.000819646 0.000219923 4.59711e-05 7.50144e-06 8.8892e-07 7.39978e-08 3.57612e-09 6.4165e-11
 2.57005e-27 2.60644e-27 4.8446e-26 9.67988e-20 2.3729e-14 7.03134e-10 2.51851e-06 0.00109042 0.0570685 0.361031 0.276331 0.0411656 0.119193 0.109517 0.0174145 0.0121509 0.00373598 0.000984396 0.000256693 4.92739e-05 7.70875e-06 8.90222e-07 6.43457e-08 2.75146e-09 5.3666e-11
 2.56906e-27 2.60374e-27 4.60565e-26 9.17579e-20 2.24933e-14 6.66518e-10 2.38736e-06 0.00103363 0.0540967 0.34223 0.261987 0.0418819 0.134722 0.123844 0.0199029 0.0142233 0.00442489 0.00124832 0.00032912 6.28911e-05 9.23707e-06 9.95553e-07 6.87411e-08 2.58445e-09 4.54433e-11
 2.5696e-27 2.60525e-27 4.74101e-26 9.46136e-20 2.31934e-14 6.87262e-10 2.46166e-06 0.0010658 0.0557803 0.352881 0.270111 0.0413237 0.124766 0.114692 0.0189132 0.0142718 0.00446524 0.0012951 0.000349961 7.08853e-05 1.04894e-05 1.08354e-06 6.91834e-08 2.43783e-09 3.80013e-11
 2.57032e-27 2.60717e-27 4.90931e-26 9.8164e-20 2.40637e-14 7.13051e-10 2.55403e-06 0.0011058 0.0578734 0.366123 0.280216 0.040959 0.114891 0.105546 0.0166781 0.0114772 0.00362585 0.00111936 0.000307487 6.41748e-05 9.95616e-06 1.06229e-06 6.56936e-08 2.14444e-09 3.09061e-11
 2.57006e-27 2.60644e-27 4.84196e-26 9.67431e-20 2.37154e-14 7.0273e-10 2.51706e-06 0.00108979 0.0570357 0.360824 0.276176 0.0413792 0.120927 0.111068 0.0167837 0.0103226 0.00319276 0.00088872 0.000246104 5.42482e-05 8.66439e-06 9.66207e-07 6.22148e-08 1.98457e-09 2.66049e-11
 2.57011e-27 2.6066e-27 4.85807e-26 9.70829e-20 2.37987e-14 7.05198e-10 2.5259e-06 0.00109362 0.057236 0.362091 0.277141 0.0412048 0.118922 0.10925 0.0170586 0.0114035 0.00346597 0.00085237 0.000224056 4.55844e-05 7.50901e-06 8.76172e-07 5.90027e-08 1.95798e-09 2.58133e-11
 2.57055e-27 2.60779e-27 4.96175e-26 9.92701e-20 2.43349e-14 7.21086e-10 2.58281e-06 0.00111826 0.0585255 0.370248 0.283367 0.0409996 0.112986 0.103746 0.0156011 0.00946728 0.00291213 0.000782788 0.000200992 3.64086e-05 5.52436e-06 6.32858e-07 4.47269e-08 1.55663e-09 2.12842e-11
 2.57072e-27 2.60825e-27 5.00302e-26 1.00141e-19 2.45483e-14 7.2741e-10 2.60546e-06 0.00112806 0.0590388 0.373496 0.285844 0.0408438 0.11006 0.101055 0.0152999 0.00945476 0.00286296 0.000693801 0.000180097 3.47962e-05 4.91704e-06 5.04775e-07 3.41956e-08 1.23614e-09 1.77412e-11
 2.57107e-27 2.60919e-27 5.08603e-26 1.01892e-19 2.49776e-14 7.4013e-10 2.65102e-06 0.00114779 0.0600712 0.380027 0.290828 0.0406118 0.104794 0.0961913 0.0143617 0.00853967 0.00259105 0.000639445 0.000161518 2.87908e-05 4.21192e-06 4.26925e-07 2.58701e-08 8.84903e-10 1.30384e-11
 2.57099e-27 2.60897e-27 5.06528e-26 1.01454e-19 2.48702e-14 7.3695e-10 2.63963e-06 0.00114286 0.0598131 0.378394 0.289583 0.0407504 0.106723 0.0979541 0.0143589 0.00808839 0.00243654 0.000577318 0.000145661 2.61337e-05 3.60938e-06 3.57921e-07 2.17094e-08 6.75863e-10 9.37297e-12
 2.57123e-27 2.60961e-27 5.12089e-26 1.02627e-19 2.51578e-14 7.45471e-10 2.67015e-06 0.00115607 0.0605047 0.382769 0.292923 0.0407028 0.104013 0.0954262 0.0134129 0.00656596 0.00195555 0.000437678 0.00010818 1.87667e-05 2.59271e-06 2.49297e-07 1.45146e-08 4.4677e-10 5.7373e-12
 2.57167e-27 2.61082e-27 5.22824e-26 1.04892e-19 2.5713e-14 7.61921e-10 2.72907e-06 0.00118158 0.0618399 0.391216 0.299366 0.0403143 0.0965298 0.0885376 0.0125054 0.00622851 0.00182404 0.000354031 8.39681e-05 1.38136e-05 1.84633e-06 1.74213e-07 9.91727e-09 2.93123e-10 3.67273e-12
 2.57149e-27 2.61032e-27 5.18388e-26 1.03956e-19 2.54836e-14 7.55124e-10 2.70473e-06 0.00117104 0.0612882 0.387726 0.296704 0.0404988 0.0998043 0.0915471 0.0128155 0.0061781 0.00181122 0.000357183 8.21753e-05 1.1881e-05 1.49373e-06 1.34235e-07 7.42698e-09 2.14237e-10 2.58641e-12
 2.57117e-27 2.60945e-27 5.10603e-26 1.02314e-19 2.5081e-14 7.43194e-10 2.662e-06 0.00115254 0.0603199 0.3816 0.292031 0.0407774 0.105208 0.0965229 0.0135113 0.00651185 0.0019021 0.000363269 8.33424e-05 1.21044e-05 1.40685e-06 1.13368e-07 5.90235e-09 1.64195e-10 1.92855e-12
 2.57153e-27 2.61044e-27 5.19496e-26 1.0419e-19 2.55409e-14 7.56822e-10 2.71081e-06 0.00117368 0.061426 0.388598 0.297368 0.0403959 0.0985551 0.0904113 0.0129231 0.00670892 0.00196362 0.000374832 8.53792e-05 1.20661e-05 1.39941e-06 1.08031e-07 5.01764e-09 1.29078e-10 1.45288e-12
#obs surv len freq
 1.77347e-41 2.46146e-33 4.12961e-26 8.37476e-20 2.05297e-14 6.08334e-10 2.17895e-06 0.000943411 0.0493744 0.312357 0.239247 0.0440735 0.151645 0.128411 0.0356833 0.0271529 0.00808124 0.00249143 0.000479539 5.50993e-05 2.73826e-06 4.30786e-08 1.61195e-10 1.15782e-13 1.38052e-17
 2.17182e-41 3.01435e-33 5.05719e-26 1.02559e-19 2.51411e-14 7.44976e-10 2.66838e-06 0.00115532 0.0604647 0.382517 0.292793 0.0420269 0.0975856 0.0781414 0.0226035 0.0163736 0.00471521 0.00135929 0.000237308 2.37216e-05 9.8039e-07 1.21529e-08 3.41821e-11 1.78818e-14 1.52463e-18
 1.71798e-41 2.38444e-33 4.00039e-26 8.11271e-20 1.98873e-14 5.89298e-10 2.11077e-06 0.000913891 0.0478294 0.302583 0.231979 0.0512586 0.182404 0.136271 0.0269398 0.0144568 0.00406648 0.00110474 0.000175897 1.51368e-05 5.11885e-07 4.96484e-09 1.05214e-11 4.03018e-15 2.46902e-19
 2.08871e-41 2.89899e-33 4.86365e-26 9.86339e-20 2.41789e-14 7.16466e-10 2.56626e-06 0.0011111 0.0581507 0.367879 0.281738 0.0458094 0.113461 0.0814103 0.0282334 0.0179814 0.00343477 0.000682102 9.86758e-05 7.33088e-06 2.01136e-07 1.50872e-09 2.39683e-12 6.73475e-16 2.97936e-20
 2.37097e-41 3.29076e-33 5.52093e-26 1.11963e-19 2.74465e-14 8.13289e-10 2.91307e-06 0.00126126 0.0660093 0.417594 0.319671 0.0442963 0.0791632 0.0521281 0.0116496 0.00608617 0.00174813 0.000354376 3.34977e-05 1.96635e-06 4.36907e-08 2.52339e-10 2.98439e-13 6.12632e-17 1.95728e-21
 1.32185e-41 1.83464e-33 3.07798e-26 6.24209e-20 1.53018e-14 4.53419e-10 1.62407e-06 0.000703167 0.036801 0.232817 0.179366 0.0711576 0.271829 0.166153 0.0279435 0.0107437 0.00204051 0.000399071 4.33432e-05 1.80683e-06 2.83538e-08 1.23821e-10 1.08875e-13 1.62793e-17 3.74446e-22
 2.20995e-41 3.06727e-33 5.14597e-26 1.04359e-19 2.55825e-14 7.58055e-10 2.71523e-06 0.0011756 0.0615263 0.389234 0.298155 0.0468176 0.089477 0.0568598 0.0356372 0.018302 0.00248378 0.000302628 2.55413e-05 1.03964e-06 1.22841e-08 3.62464e-11 2.26661e-14 2.45311e-18 4.05997e-23
 1.98708e-41 2.75794e-33 4.62701e-26 9.38348e-20 2.30025e-14 6.81606e-10 2.4414e-06 0.00105704 0.0553214 0.349982 0.268658 0.0609831 0.155033 0.0825655 0.0159424 0.00735757 0.00269458 0.000382893 1.95457e-05 5.43635e-07 5.36708e-09 1.20686e-11 5.13422e-15 3.78189e-19 4.38399e-24
 2.0295e-41 2.81681e-33 4.72579e-26 9.5838e-20 2.34936e-14 6.96157e-10 2.49352e-06 0.00107961 0.0565024 0.357454 0.274453 0.0613959 0.14287 0.0734463 0.0227739 0.00846835 0.00128871 0.000245778 1.91802e-05 3.82426e-07 2.37226e-09 3.94122e-12 1.26324e-15 6.57037e-20 5.16903e-25
 1.97974e-41 2.74775e-33 4.60992e-26 9.34883e-20 2.29176e-14 6.79089e-10 2.43239e-06 0.00105314 0.0551171 0.348692 0.268054 0.0670446 0.154474 0.0738536 0.0220373 0.00802604 0.00147001 0.000164284 1.08795e-05 2.74357e-07 1.43321e-09 1.52149e-12 3.26374e-16 1.22059e-20 6.93993e-26
 2.09895e-41 2.91321e-33 4.88751e-26 9.91178e-20 2.42976e-14 7.19981e-10 2.57885e-06 0.00111656 0.0584361 0.369689 0.284137 0.0658463 0.133156 0.0601894 0.0196426 0.00652711 0.00112512 0.000125579 6.07669e-06 1.14514e-07 6.00089e-10 5.71861e-13 8.72636e-17 2.12705e-21 8.10103e-27
 2.05109e-41 2.84678e-33 4.77606e-26 9.68577e-20 2.37435e-14 7.03563e-10 2.52005e-06 0.00109109 0.0571035 0.361262 0.278126 0.0729847 0.145893 0.0604058 0.017031 0.00513501 0.000873504 8.76451e-05 3.79444e-06 5.38698e-08 2.01707e-10 1.60859e-13 2.14468e-17 4.16496e-22 1.12922e-27
 1.99112e-41 2.76354e-33 4.63641e-26 9.40255e-20 2.30493e-14 6.82991e-10 2.44636e-06 0.00105919 0.0554339 0.350702 0.27055 0.0798296 0.155078 0.0615572 0.0197065 0.00525746 0.000753471 6.774e-05 2.56277e-06 3.00289e-08 8.42767e-11 4.71997e-14 4.64926e-18 7.16392e-23 1.56925e-28
 1.8633e-41 2.58614e-33 4.33878e-26 8.79897e-20 2.15696e-14 6.39148e-10 2.28932e-06 0.000991198 0.0518753 0.328196 0.254185 0.0914767 0.175976 0.0671268 0.0232861 0.00597382 0.000846016 6.27269e-05 1.94349e-06 1.86711e-08 4.11827e-11 1.71797e-14 1.19874e-18 1.29325e-23 2.03925e-29
 1.69075e-41 2.34665e-33 3.937e-26 7.98415e-20 1.95722e-14 5.7996e-10 2.07732e-06 0.000899409 0.0470715 0.297815 0.232134 0.106276 0.200867 0.0761968 0.0301635 0.00744815 0.00105281 7.21268e-05 1.83313e-06 1.35628e-08 2.30736e-11 7.31999e-15 3.7857e-19 2.94402e-24 3.27046e-30
 1.91532e-41 2.65833e-33 4.45991e-26 9.0446e-20 2.21718e-14 6.5699e-10 2.35323e-06 0.00101887 0.0533235 0.337367 0.262036 0.0953935 0.154458 0.0606791 0.0277327 0.00691848 0.00100432 6.4611e-05 1.44181e-06 8.49234e-09 1.07864e-11 2.52532e-15 9.64697e-20 5.50943e-25 4.44636e-31
 1.86373e-41 2.58673e-33 4.33977e-26 8.80097e-20 2.15745e-14 6.39293e-10 2.28984e-06 0.000991423 0.0518872 0.328293 0.256419 0.109498 0.169013 0.0569946 0.0207005 0.00533302 0.000815165 5.09701e-05 1.01998e-06 5.00465e-09 4.94894e-12 8.57027e-16 2.36647e-20 9.73589e-26 5.67194e-32
 1.83646e-41 2.54889e-33 4.27629e-26 8.67224e-20 2.1259e-14 6.29942e-10 2.25635e-06 0.000976922 0.0511282 0.323505 0.253843 0.117078 0.168575 0.0580508 0.0217469 0.00445975 0.000596673 3.67203e-05 6.74665e-07 2.82058e-09 2.24068e-12 2.98158e-16 6.10838e-21 1.81965e-26 7.5771e-33
 1.86453e-41 2.58785e-33 4.34165e-26 8.80477e-20 2.15839e-14 6.39569e-10 2.29083e-06 0.000991851 0.0519096 0.328463 0.25858 0.121205 0.159918 0.0543185 0.0200997 0.004031 0.000457851 2.27978e-05 3.69474e-07 1.33401e-09 8.67808e-13 9.07289e-17 1.41704e-21 3.14555e-27 9.58632e-34
 1.93194e-41 2.6814e-33 4.49861e-26 9.1231e-20 2.23642e-14 6.62692e-10 2.37366e-06 0.00102771 0.0537864 0.34035 0.268425 0.121908 0.145594 0.0482635 0.0170234 0.00326077 0.00034367 1.41767e-05 1.77946e-07 5.1671e-10 2.73389e-13 2.27329e-17 2.75055e-22 4.63163e-28 1.05372e-34
 1.94163e-41 2.69485e-33 4.52118e-26 9.16886e-20 2.24764e-14 6.66016e-10 2.38556e-06 0.00103287 0.0540562 0.342084 0.271291 0.129492 0.142251 0.0434967 0.0136521 0.00240566 0.000229075 8.1918e-06 8.15857e-08 1.77549e-10 7.08216e-14 4.52444e-18 4.21971e-23 5.43028e-29 9.32895e-36
 1.97726e-41 2.74431e-33 4.60414e-26 9.33711e-20 2.28888e-14 6.78238e-10 2.42934e-06 0.00105182 0.0550482 0.348386 0.277337 0.131967 0.13243 0.0401293 0.0117184 0.00178076 0.000145071 4.39e-06 3.54982e-08 5.93718e-11 1.74469e-14 8.11034e-19 5.54562e-24 5.28932e-30 6.77494e-37
 1.91329e-41 2.65553e-33 4.4552e-26 9.03505e-20 2.21484e-14 6.56296e-10 2.35075e-06 0.00101779 0.0532675 0.337176 0.27168 0.146804 0.138088 0.0397628 0.0106292 0.00147029 9.97695e-05 2.4155e-06 1.54601e-08 2.00269e-11 4.43052e-15 1.51046e-19 7.44649e-25 5.09004e-31 4.68201e-38
 1.95941e-41 2.71954e-33 4.56259e-26 9.25284e-20 2.26822e-14 6.72117e-10 2.40741e-06 0.00104233 0.0545516 0.345339 0.279169 0.145633 0.125524 0.037813 0.00966895 0.00118702 6.8416e-05 1.31625e-06 6.40381e-09 6.24767e-12 1.03475e-15 2.61364e-20 9.42954e-26 4.66247e-32 3.07426e-39
 1.9414e-41 2.69453e-33 4.52063e-26 9.16775e-20 2.24737e-14 6.65936e-10 2.38527e-06 0.00103274 0.0540502 0.342243 0.279798 0.155464 0.123648 0.0346041 0.00815989 0.000950276 4.67694e-05 7.18347e-07 2.65843e-09 1.91114e-12 2.30918e-16 4.25255e-21 1.11792e-26 4.01664e-33 1.91638e-40
 1.87027e-41 2.59582e-33 4.35502e-26 8.83189e-20 2.16503e-14 6.41539e-10 2.29789e-06 0.000994907 0.0520704 0.329832 0.274558 0.169881 0.127644 0.0363118 0.00786204 0.000808077 3.47352e-05 4.35931e-07 1.23553e-09 6.57338e-13 5.76051e-17 7.61642e-22 1.43368e-27 3.69167e-34 1.26407e-41
 1.79673e-41 2.49374e-33 4.18377e-26 8.48461e-20 2.0799e-14 6.16313e-10 2.20753e-06 0.000955786 0.0500235 0.31703 0.269656 0.18398 0.131128 0.0385039 0.00795257 0.000741489 2.66994e-05 2.72281e-07 6.03646e-10 2.40918e-13 1.5423e-17 1.4686e-22 1.97472e-28 3.61583e-35 8.78827e-43
 1.82164e-41 2.52832e-33 4.24178e-26 8.60224e-20 2.10874e-14 6.24858e-10 2.23814e-06 0.000969037 0.0507175 0.321542 0.275634 0.182602 0.122483 0.0377988 0.00757028 0.000660915 2.04055e-05 1.66419e-07 2.84933e-10 8.61126e-14 4.09002e-18 2.83773e-23 2.74598e-29 3.59144e-36 6.20692e-44
#pred catch len freq
 2.5662e-27 2.59654e-27 4.04327e-26 7.98971e-20 1.95858e-14 5.80363e-10 2.07876e-06 0.000900024 0.047104 0.297993 0.228129 0.0369304 0.120824 0.111677 0.0291818 0.0388725 0.0184358 0.0165722 0.0113749 0.00947849 0.00802331 0.00737891 0.00779667 0.00712686 0.00219823
 2.56936e-27 2.60472e-27 4.71166e-26 9.3995e-20 2.30417e-14 6.82768e-10 2.44556e-06 0.00105883 0.0554156 0.350574 0.268326 0.0398808 0.115038 0.105879 0.0202158 0.0195764 0.00784891 0.00531177 0.00302019 0.00214351 0.00158773 0.00130277 0.00125391 0.00116678 0.000396643
 2.56914e-27 2.60403e-27 4.63814e-26 9.24435e-20 2.26614e-14 6.71498e-10 2.40519e-06 0.00104136 0.0545009 0.344787 0.263929 0.0412315 0.128407 0.118102 0.0204021 0.0168395 0.00571502 0.00243844 0.00105353 0.000562624 0.000331282 0.000228822 0.000192132 0.000172842 6.13751e-05
 2.56888e-27 2.60334e-27 4.57806e-26 9.11761e-20 2.23507e-14 6.62292e-10 2.37222e-06 0.00102708 0.0537537 0.34006 0.260321 0.0413496 0.131841 0.121314 0.0217586 0.0191112 0.00619265 0.00213729 0.000689325 0.000232171 9.30814e-05 4.77335e-05 3.23166e-05 2.64184e-05 9.42563e-06
 2.57159e-27 2.61071e-27 5.22915e-26 1.04911e-19 2.57178e-14 7.62063e-10 2.72958e-06 0.00118181 0.0618514 0.391289 0.299409 0.0394667 0.0900503 0.0827393 0.0147493 0.0128321 0.00423011 0.00156826 0.000466814 0.000118809 2.84182e-05 8.71777e-06 4.03601e-06 2.72319e-06 9.38808e-07
 2.56864e-27 2.6026e-27 4.5044e-26 8.9622e-20 2.19697e-14 6.51003e-10 2.33178e-06 0.00100957 0.0528374 0.334264 0.255909 0.0422221 0.141581 0.130152 0.0206262 0.0143 0.00468194 0.00171795 0.000526283 0.000137522 2.61033e-05 4.52376e-06 1.06746e-06 4.88528e-07 1.53544e-07
 2.56786e-27 2.60056e-27 4.33095e-26 8.59631e-20 2.10728e-14 6.24425e-10 2.23659e-06 0.000968357 0.0506803 0.320618 0.245488 0.0421582 0.148417 0.136608 0.0244381 0.0213583 0.0066581 0.00187392 0.000554448 0.000145067 2.83828e-05 4.0684e-06 4.71717e-07 9.86164e-08 2.47387e-08
 2.57042e-27 2.60756e-27 4.95504e-26 9.9129e-20 2.43003e-14 7.20061e-10 2.57914e-06 0.00111667 0.0584424 0.369722 0.282948 0.0399276 0.105122 0.0967282 0.0186818 0.018289 0.00603193 0.00221616 0.000613838 0.00012888 2.44631e-05 3.54381e-06 3.23658e-07 2.57765e-08 3.56815e-09
 2.57017e-27 2.60677e-27 4.87582e-26 9.74576e-20 2.38905e-14 7.0792e-10 2.53565e-06 0.00109784 0.0574569 0.363488 0.278204 0.0409589 0.116303 0.106858 0.0170584 0.0120339 0.00409454 0.00174212 0.000539238 0.000136632 2.21681e-05 2.85051e-06 2.54328e-07 1.30608e-08 6.42505e-10
 2.57037e-27 2.60734e-27 4.92578e-26 9.85115e-20 2.41489e-14 7.15575e-10 2.56307e-06 0.00110971 0.0580783 0.367419 0.281203 0.0407708 0.112765 0.103617 0.0169417 0.0125615 0.00391758 0.00112766 0.000357474 0.000105041 2.03743e-05 2.57306e-06 1.97525e-07 9.14784e-09 2.22508e-10
 2.57083e-27 2.60859e-27 5.03579e-26 1.00832e-19 2.47178e-14 7.32432e-10 2.62345e-06 0.00113585 0.0594465 0.376074 0.287808 0.040497 0.106042 0.0973998 0.0156048 0.0110789 0.00348885 0.00105533 0.000288104 6.30441e-05 1.34154e-05 2.01603e-06 1.61408e-07 6.52653e-09 1.26279e-10
 2.57097e-27 2.60892e-27 5.06404e-26 1.01428e-19 2.48639e-14 7.36761e-10 2.63896e-06 0.00114257 0.0597978 0.378297 0.289506 0.0405455 0.105217 0.0966097 0.0149311 0.00973805 0.00303405 0.000874314 0.000241515 5.22999e-05 8.54583e-06 1.21132e-06 1.14198e-07 4.87343e-09 8.32128e-11
 2.57068e-27 2.60813e-27 4.99374e-26 9.99451e-20 2.45003e-14 7.25989e-10 2.60037e-06 0.00112586 0.0589235 0.372766 0.285286 0.04078 0.109967 0.100989 0.0156463 0.0102641 0.00314863 0.000825328 0.000221448 4.62899e-05 7.55345e-06 8.95083e-07 7.45108e-08 3.60091e-09 6.46098e-11
 2.57012e-27 2.60664e-27 4.86199e-26 9.71657e-20 2.3819e-14 7.058e-10 2.52806e-06 0.00109455 0.0572849 0.3624 0.277376 0.041109 0.118029 0.108444 0.0172438 0.0120318 0.00369937 0.000974748 0.000254177 4.8791e-05 7.6332e-06 8.81498e-07 6.37151e-08 2.72449e-09 5.31401e-11
 2.56927e-27 2.60431e-27 4.65642e-26 9.28289e-20 2.27559e-14 6.74298e-10 2.41522e-06 0.0010457 0.0547281 0.346225 0.265034 0.0417183 0.131336 0.120722 0.0194012 0.0138647 0.00431334 0.00121685 0.000320823 6.13057e-05 9.00421e-06 9.70455e-07 6.70082e-08 2.5193e-09 4.42977e-11
 2.56984e-27 2.6059e-27 4.79893e-26 9.58354e-20 2.34929e-14 6.96136e-10 2.49344e-06 0.00107957 0.0565006 0.357438 0.273587 0.0411408 0.120931 0.111156 0.0183301 0.0138317 0.00432757 0.00125517 0.000339171 6.86998e-05 1.0166e-05 1.05013e-06 6.70503e-08 2.36266e-09 3.68297e-11
 2.57059e-27 2.60791e-27 4.97524e-26 9.95547e-20 2.44046e-14 7.23153e-10 2.59021e-06 0.00112146 0.0586933 0.37131 0.284174 0.0407444 0.110477 0.101477 0.0160352 0.0110347 0.00348607 0.00107621 0.000295634 6.17009e-05 9.57237e-06 1.02134e-06 6.31612e-08 2.06177e-09 2.97147e-11
 2.57027e-27 2.60703e-27 4.89417e-26 9.78443e-20 2.39854e-14 7.10729e-10 2.54571e-06 0.0011022 0.057685 0.364931 0.27931 0.0412034 0.117388 0.107806 0.0162908 0.0100194 0.00309899 0.000862621 0.000238876 5.2655e-05 8.40994e-06 9.37832e-07 6.03877e-08 1.92629e-09 2.58236e-11
 2.57046e-27 2.60756e-27 4.94307e-26 9.88761e-20 2.42383e-14 7.18224e-10 2.57256e-06 0.00111382 0.0582933 0.368779 0.282244 0.0409243 0.113202 0.103978 0.0162354 0.0108531 0.0032987 0.000811235 0.000213243 4.33845e-05 7.14662e-06 8.33889e-07 5.61552e-08 1.86349e-09 2.45676e-11
 2.57078e-27 2.60841e-27 5.01658e-26 1.00427e-19 2.46184e-14 7.29488e-10 2.6129e-06 0.00113129 0.0592075 0.374563 0.286658 0.0408141 0.109262 0.100314 0.0150851 0.00915413 0.00281581 0.000756896 0.000194344 3.52043e-05 5.34163e-06 6.11925e-07 4.32475e-08 1.50514e-09 2.05802e-11
 2.57097e-27 2.60891e-27 5.062e-26 1.01385e-19 2.48533e-14 7.36448e-10 2.63783e-06 0.00114208 0.0597724 0.378136 0.289384 0.0406448 0.106059 0.0973679 0.0147417 0.00910977 0.00275849 0.000668486 0.000173526 3.35265e-05 4.73763e-06 4.86357e-07 3.29479e-08 1.19104e-09 1.70938e-11
 2.57131e-27 2.60985e-27 5.14481e-26 1.03132e-19 2.52816e-14 7.49138e-10 2.68329e-06 0.00116176 0.0608023 0.384652 0.294356 0.0404117 0.100792 0.092504 0.0138112 0.00821232 0.00249173 0.000614933 0.000155327 2.76872e-05 4.05046e-06 4.1056e-07 2.48784e-08 8.50982e-10 1.25386e-11
 2.57144e-27 2.6102e-27 5.17534e-26 1.03776e-19 2.54394e-14 7.53816e-10 2.70004e-06 0.00116901 0.061182 0.387054 0.296189 0.0403709 0.0991932 0.0910174 0.0133421 0.0075156 0.00226399 0.000536435 0.000135346 2.4283e-05 3.35378e-06 3.32575e-07 2.01721e-08 6.28001e-10 8.70922e-12
 2.57162e-27 2.61066e-27 5.2147e-26 1.04606e-19 2.5643e-14 7.59847e-10 2.72165e-06 0.00117837 0.0616716 0.390151 0.298554 0.0403702 0.0975265 0.0894522 0.0125732 0.0061549 0.00183313 0.000410278 0.000101407 1.75919e-05 2.43039e-06 2.33691e-07 1.3606e-08 4.18801e-10 5.37812e-12
 2.57199e-27 2.61168e-27 5.30517e-26 1.06515e-19 2.61108e-14 7.7371e-10 2.7713e-06 0.00119987 0.0627967 0.397269 0.303984 0.040042 0.0912139 0.0836419 0.0118139 0.00588409 0.00172318 0.000334454 7.9325e-05 1.30497e-05 1.74424e-06 1.6458e-07 9.36888e-09 2.76914e-10 3.46964e-12
 2.57186e-27 2.61131e-27 5.27229e-26 1.05821e-19 2.59408e-14 7.68671e-10 2.75325e-06 0.00119205 0.0623877 0.394682 0.302011 0.0401842 0.0936825 0.0859094 0.0120262 0.00579764 0.00169968 0.000335187 7.71148e-05 1.11493e-05 1.40174e-06 1.25969e-07 6.96961e-09 2.01044e-10 2.42713e-12
 2.57152e-27 2.6104e-27 5.19114e-26 1.04109e-19 2.55211e-14 7.56236e-10 2.70871e-06 0.00117277 0.0613785 0.388297 0.29714 0.0404745 0.0993132 0.0910947 0.0127515 0.00614564 0.00179513 0.00034284 7.86554e-05 1.14237e-05 1.32773e-06 1.06993e-07 5.57041e-09 1.54961e-10 1.82009e-12
 2.57125e-27 2.60967e-27 5.12654e-26 1.02746e-19 2.5187e-14 7.46337e-10 2.67325e-06 0.00115742 0.060575 0.383214 0.293261 0.0406363 0.10327 0.0947539 0.0135438 0.00703116 0.00205794 0.000392836 8.94801e-05 1.26457e-05 1.46663e-06 1.1322e-07 5.25865e-09 1.35278e-10 1.52267e-12
#obs catch len freq
 1.75835e-41 2.44047e-33 4.0944e-26 8.30335e-20 2.03547e-14 6.03147e-10 2.16037e-06 0.000935367 0.0489534 0.309693 0.237215 0.0441334 0.153352 0.129883 0.036302 0.0277729 0.00846768 0.0026891 0.000534361 6.3085e-05 3.24422e-06 5.33368e-08 2.09286e-10 1.57221e-13 1.9505e-17
 1.77532e-41 2.46402e-33 4.13391e-26 8.38349e-20 2.05511e-14 6.08968e-10 2.18122e-06 0.000944394 0.0494258 0.312683 0.239555 0.0460211 0.155496 0.124638 0.0355441 0.0255984 0.00745601 0.00219494 0.000397914 4.12613e-05 1.76106e-06 2.25718e-08 6.59039e-11 3.58163e-14 3.16554e-18
 2.17932e-41 3.02476e-33 5.07466e-26 1.02913e-19 2.52279e-14 7.4755e-10 2.6776e-06 0.00115931 0.0606736 0.383839 0.293845 0.0433274 0.0990873 0.0749258 0.022293 0.0151855 0.00428146 0.00117097 0.000191381 1.71266e-05 6.02081e-07 6.02772e-09 1.31503e-11 5.18719e-15 3.27233e-19
 1.73433e-41 2.40714e-33 4.03847e-26 8.18994e-20 2.00767e-14 5.94908e-10 2.13087e-06 0.000922591 0.0482847 0.305464 0.234271 0.0537893 0.184165 0.129272 0.0258469 0.013246 0.00365164 0.000934987 0.000138345 1.0561e-05 3.01054e-07 2.34017e-09 3.82525e-12 1.10107e-15 4.98185e-20
 2.10815e-41 2.92598e-33 4.90893e-26 9.95522e-20 2.4404e-14 7.23137e-10 2.59016e-06 0.00112145 0.0586922 0.371304 0.284418 0.0474318 0.113347 0.0765992 0.0274354 0.0160544 0.00294981 0.000563445 7.53216e-05 4.9141e-06 1.12573e-07 6.7196e-10 8.19358e-13 1.72453e-16 5.62375e-21
 2.38729e-41 3.3134e-33 5.55892e-26 1.12734e-19 2.76354e-14 8.18886e-10 2.93312e-06 0.00126994 0.0664635 0.420467 0.321915 0.0453866 0.0781394 0.0481622 0.0109689 0.00540758 0.00151175 0.000278658 2.44302e-05 1.2638e-06 2.32316e-08 1.06011e-10 9.57943e-14 1.4687e-17 3.45251e-22
 1.35622e-41 1.88235e-33 3.15803e-26 6.40442e-20 1.56997e-14 4.6521e-10 1.66631e-06 0.000721454 0.037758 0.238872 0.184204 0.0755929 0.270873 0.154343 0.026093 0.00944593 0.00174155 0.000320938 3.10282e-05 1.1189e-06 1.45936e-08 5.01334e-11 3.35321e-14 3.73441e-18 6.30921e-23
 2.23955e-41 3.10835e-33 5.21491e-26 1.05757e-19 2.59252e-14 7.6821e-10 2.7516e-06 0.00119135 0.0623505 0.394448 0.302211 0.0482002 0.0872663 0.0527559 0.0338136 0.0155133 0.00199881 0.000229496 1.7686e-05 6.11365e-07 5.87836e-09 1.36495e-11 6.48726e-15 5.21764e-19 6.3324e-24
 2.02419e-41 2.80945e-33 4.71343e-26 9.55874e-20 2.34321e-14 6.94337e-10 2.487e-06 0.00107679 0.0563547 0.35652 0.273799 0.0633245 0.150639 0.0746219 0.0146194 0.00650898 0.00224148 0.00027864 1.28351e-05 3.08745e-07 2.46621e-09 4.30774e-12 1.38933e-15 7.60444e-20 6.45687e-25
 2.06868e-41 2.8712e-33 4.81703e-26 9.76884e-20 2.39472e-14 7.09598e-10 2.54167e-06 0.00110045 0.0575933 0.364356 0.279882 0.0635907 0.137916 0.0663743 0.0209065 0.00702886 0.00105031 0.000185794 1.22416e-05 2.04044e-07 1.03371e-09 1.33563e-12 3.22841e-16 1.2451e-20 7.17642e-26
 2.02366e-41 2.80871e-33 4.71219e-26 9.55623e-20 2.3426e-14 6.94154e-10 2.48635e-06 0.0010765 0.0563399 0.356428 0.27416 0.0694337 0.148248 0.066306 0.0200322 0.00668704 0.00115995 0.000117798 6.98269e-06 1.43072e-07 5.89958e-10 4.86054e-13 7.88217e-17 2.18262e-21 9.08093e-27
 2.1419e-41 2.97282e-33 4.98752e-26 1.01146e-19 2.47947e-14 7.34713e-10 2.63162e-06 0.0011394 0.0596318 0.377255 0.290107 0.0677734 0.126517 0.0536493 0.0176154 0.00534334 0.000875053 8.74555e-05 3.6828e-06 5.79266e-08 2.38136e-10 1.72751e-13 1.97979e-17 3.57558e-22 9.96103e-28
 2.09672e-41 2.91011e-33 4.88232e-26 9.90124e-20 2.42717e-14 7.19216e-10 2.57611e-06 0.00111537 0.0583739 0.369301 0.284513 0.0751238 0.138073 0.0534825 0.0151023 0.0041807 0.000669251 5.99052e-05 2.22711e-06 2.5925e-08 7.66618e-11 4.65562e-14 4.62485e-18 6.62285e-23 1.31427e-28
 2.04122e-41 2.83308e-33 4.75308e-26 9.63916e-20 2.36293e-14 7.00178e-10 2.50793e-06 0.00108585 0.0568288 0.35953 0.277602 0.082121 0.146134 0.0545585 0.0173191 0.00420489 0.0005667 4.53321e-05 1.45854e-06 1.38676e-08 3.04223e-11 1.29596e-14 9.50895e-19 1.07628e-23 1.71867e-29
 1.92e-41 2.66483e-33 4.47081e-26 9.06672e-20 2.2226e-14 6.58597e-10 2.35899e-06 0.00102136 0.0534539 0.338187 0.262237 0.0941931 0.165459 0.0596731 0.0203396 0.00476764 0.000624287 4.08276e-05 1.07281e-06 8.30201e-09 1.42121e-11 4.48502e-15 2.32595e-19 1.84162e-24 2.11198e-30
 1.75408e-41 2.43455e-33 4.08446e-26 8.2832e-20 2.03053e-14 6.01683e-10 2.15513e-06 0.000933097 0.0488346 0.308975 0.241248 0.109685 0.188934 0.0683832 0.0262472 0.00594045 0.000769704 4.59733e-05 9.77924e-07 5.8042e-09 7.63227e-12 1.8241e-15 6.99099e-20 3.98443e-25 3.21831e-31
 1.97475e-41 2.74083e-33 4.59831e-26 9.32528e-20 2.28598e-14 6.77379e-10 2.42626e-06 0.00105049 0.0549783 0.347842 0.270535 0.0974949 0.14362 0.0544732 0.0237773 0.0054673 0.000718532 3.99818e-05 7.3744e-07 3.44861e-09 3.37018e-12 5.92972e-16 1.67484e-20 6.99742e-26 4.10186e-32
 1.92511e-41 2.67192e-33 4.4827e-26 9.09083e-20 2.22851e-14 6.60348e-10 2.36526e-06 0.00102408 0.0535961 0.339114 0.265332 0.111646 0.156389 0.0504314 0.0176335 0.00422298 0.000577542 3.09271e-05 5.05777e-07 1.95176e-09 1.47462e-12 1.91203e-16 3.89662e-21 1.17117e-26 4.94951e-33
 1.90027e-41 2.63745e-33 4.42487e-26 8.97356e-20 2.19976e-14 6.5183e-10 2.33475e-06 0.00101087 0.0529047 0.334756 0.263195 0.119024 0.155436 0.0515696 0.0182081 0.00345304 0.000418297 2.18641e-05 3.24475e-07 1.05693e-09 6.37258e-13 6.32103e-17 9.53331e-22 2.07217e-27 6.2551e-34
 1.92799e-41 2.67593e-33 4.48942e-26 9.10446e-20 2.23185e-14 6.61338e-10 2.36881e-06 0.00102561 0.0536765 0.339656 0.267964 0.122693 0.146733 0.04816 0.0166882 0.00307713 0.000310993 1.32114e-05 1.72192e-07 4.8012e-10 2.35472e-13 1.82684e-17 2.09426e-22 3.38603e-28 7.47393e-35
 1.9943e-41 2.76795e-33 4.64382e-26 9.41757e-20 2.30861e-14 6.84082e-10 2.45027e-06 0.00106088 0.0555225 0.351352 0.277684 0.122624 0.132605 0.0425052 0.0139545 0.00245396 0.000227464 7.89158e-06 7.94962e-08 1.77855e-10 7.05853e-14 4.33594e-18 3.83862e-23 4.69803e-29 7.73059e-36
 2.00372e-41 2.78104e-33 4.66576e-26 9.46208e-20 2.31952e-14 6.87315e-10 2.46185e-06 0.0010659 0.055785 0.353044 0.280631 0.129662 0.128849 0.0379634 0.0110604 0.00178342 0.000148375 4.4122e-06 3.49034e-08 5.8306e-11 1.74135e-14 8.19539e-19 5.57608e-24 5.20321e-30 6.45456e-37
 2.03852e-41 2.82933e-33 4.74678e-26 9.62638e-20 2.35979e-14 6.9925e-10 2.5046e-06 0.00108441 0.0567537 0.359204 0.286622 0.131455 0.119334 0.0348184 0.00933994 0.00129206 9.15342e-05 2.28592e-06 1.45603e-08 1.85728e-11 4.07329e-15 1.39263e-19 6.93472e-25 4.78592e-31 4.41729e-38
 1.9773e-41 2.74437e-33 4.60425e-26 9.33732e-20 2.28893e-14 6.78253e-10 2.42939e-06 0.00105184 0.0550497 0.34849 0.281583 0.145829 0.124161 0.0343256 0.00839722 0.00104781 6.12221e-05 1.21663e-06 6.10048e-09 5.99643e-12 9.86376e-16 2.46789e-20 8.85024e-26 4.37333e-32 2.89531e-39
 2.02226e-41 2.80676e-33 4.70892e-26 9.5496e-20 2.34097e-14 6.93673e-10 2.48462e-06 0.00107576 0.0563014 0.356455 0.288932 0.143914 0.112451 0.0324739 0.00752469 0.000827882 4.06956e-05 6.36773e-07 2.41577e-09 1.78243e-12 2.18863e-16 4.04801e-21 1.06083e-26 3.78905e-33 1.79753e-40
 2.00465e-41 2.78232e-33 4.66792e-26 9.46644e-20 2.32059e-14 6.87633e-10 2.46299e-06 0.00106639 0.0558114 0.353445 0.289809 0.153043 0.110354 0.029488 0.0063031 0.00065089 2.70268e-05 3.34854e-07 9.60446e-10 5.2042e-13 4.65209e-17 6.26221e-22 1.19396e-27 3.09527e-34 1.06171e-41
 1.93654e-41 2.68779e-33 4.50933e-26 9.14483e-20 2.24175e-14 6.64271e-10 2.37931e-06 0.00103016 0.0539157 0.341588 0.285282 0.166843 0.113974 0.0308013 0.005999 0.000544329 1.95684e-05 1.96143e-07 4.2832e-10 1.71141e-13 1.10721e-17 1.06863e-22 1.45733e-28 2.70471e-35 6.65154e-43
 1.86544e-41 2.58911e-33 4.34377e-26 8.80908e-20 2.15944e-14 6.39882e-10 2.29195e-06 0.000992338 0.0519369 0.329246 0.281068 0.180384 0.117293 0.0325564 0.00601651 0.000489836 1.46413e-05 1.18439e-07 2.01041e-10 6.00271e-14 2.83093e-18 1.96529e-23 1.913e-29 2.52331e-36 4.40241e-44
#spawning biomass
 7582.99 7592.21 9654.12 11778.6 17878 29829.4 26774.5 32931.2 43319.7 53937.3 68665.3 87195.6 112673 139280 137947 121264 114969 107863 105370 96336.4 102161 112031 124100 115432 122654 138535 142604 153903 208865 215948 121779 64914.9 37254.9 25349.6 20608.8 18817.9 18166 17935.1 17854.9 17827.4 17818.1 17815 17814 17813.7 17813.5 17813.5 17813.5 17813.5 17813.5 17813.5 17813.5 17813.5 17813.5 17813.5 17813.5 17813.5 17813.5 17813.5 17813.5 17813.5 17813.5 17813.5 17813.5 17813.5 17813.5 17813.5 17813.5 17813.5 17813.5 17813.5 17813.5 17813.5 17813.5 17813.5 17813.5 17813.5 17813.5 17813.5 17813.5 17813.5 17813.5 17813.5 17813.5 17813.5 17813.5 17813.5 17813.5 17813.5 17813.5 17813.5 17813.5 17813.5 17813.5 17813.5 17813.5 17813.5 17813.5 17813.5 17813.5 17813.5 17813.5 17813.5 17813.5 17813.5 17813.5 17813.5 17813.5 17813.5 17813.5 17813.5 17813.5 17813.5 17813.5 17813.5 17813.5 17813.5 17813.5 17813.5 17813.5 17813.5 17813.5 17813.5 17813.5 17813.5 17813.5 17813.5 17813.5 17813.5 0 0 0 0 0 0 0 0 0 0 0 0 0 0 0 0 0 0 0 0 0 0 0 0 0
