SBPRF35
0.374688
Curr Bio
30346.5
B35
110040
F35
0.355497
FOFL
0
OFL
0
Bzero
107054
#pred survey bio
 7397.43 6249.03 6985.02 8621.1 11166.6 13388 12677.5 12951.8 19779.4 30680.5 32564.6 36172.4 57923.4 72748.2 62161.9 54620.4 46993.4 51122.6 49550.7 50906.8 54800.4 55283.1 62188.1 60231.1 68958.5 70505.8 68288.4 65547 82497.8 1.55851e+06 2.29455e+06 2.44858e+06 2.13936e+06 1.79305e+06 1.53429e+06 1.36537e+06 1.26173e+06 1.20003e+06 1.1637e+06 1.14229e+06 1.12953e+06 1.12179e+06 1.11697e+06 1.1139e+06 1.11186e+06 1.11049e+06 1.10955e+06 1.1089e+06 1.10843e+06 1.10809e+06 1.10784e+06 1.10766e+06 1.10752e+06 1.10742e+06 1.10735e+06 1.10729e+06 1.10725e+06 1.10722e+06 1.1072e+06 1.10718e+06 1.10717e+06 1.10716e+06 1.10715e+06 1.10714e+06 1.10714e+06 1.10714e+06 1.10713e+06 1.10713e+06 1.10713e+06 1.10713e+06 1.10713e+06 1.10713e+06 1.10713e+06 1.10713e+06 1.10713e+06 1.10713e+06 1.10713e+06 1.10713e+06 1.10713e+06 1.10713e+06 1.10713e+06 1.10713e+06 1.10713e+06 1.10713e+06 1.10713e+06 1.10713e+06 1.10713e+06 1.10713e+06 1.10713e+06 1.10713e+06 1.10713e+06 1.10713e+06 1.10713e+06 1.10713e+06 1.10713e+06 1.10713e+06 1.10713e+06 1.10713e+06 1.10713e+06 1.10713e+06 1.10713e+06 1.10713e+06 1.10713e+06 1.10713e+06 1.10713e+06 1.10713e+06 1.10713e+06 1.10713e+06 1.10713e+06 1.10713e+06 1.10713e+06 1.10713e+06 1.10713e+06 1.10713e+06 1.10713e+06 1.10713e+06 1.10713e+06 1.10713e+06 1.10713e+06 1.10713e+06 1.10713e+06 1.10713e+06 1.10713e+06 1.10713e+06 1.10713e+06 1.10713e+06 1.10713e+06 1.10713e+06 1.10713e+06 0 0 0 0 0 0 0 0 0 0 0 0 0 0 0 0 0 0 0 0 0 0 0 0 0
#obs survey bio
 6575.76 10073.4 9186.37 11380.3 18751.3 18857.9 10645.7 23857 27898.5 22297.6 41522.8 65706.6 87299.1 67153.1 53956.6 61906.4 54888.2 47261.2 58518.7 57488.9 64847 70439.5 42187.9 83871.3 107975 65799.2 75357 84762.8 93298.9
#pred catch bio
 4770.73 3595.57 3813.86 4676.62 6138.68 8286.81 8015.23 7740.99 9053.37 18614.3 23421.3 18803.7 32023.1 50902.1 43153.1 41138.3 29707.2 34950.1 32508.1 32164.1 37712.6 33926.4 44408.8 38171.3 44884.8 46841.7 48100.4 44583.2 80857.3 0 23397.6 28002 24127.8 19542.3 16216.8 14118 12878.6 12174.8 11785 11572.7 11458.3 11397.1 11364.6 11347.3 11338.1 11333.3 11330.8 11329.5 11328.8 11328.4 11328.2 11328.1 11328.1 11328 11328 11328 11328 11328 11328 11328 11328 11328 11328 11328 11328 11328 11328 11328 11328 11328 11328 11328 11328 11328 11328 11328 11328 11328 11328 11328 11328 11328 11328 11328 11328 11328 11328 11328 11328 11328 11328 11328 11328 11328 11328 11328 11328 11328 11328 11328 11328 11328 11328 11328 11328 11328 11328 11328 11328 11328 11328 11328 11328 11328 11328 11328 11328 11328 11328 11328 11328 11328 11328 11328 11328 11328 11328 11328 11328 0 0 0 0 0 0 0 0 0 0 0 0 0 0 0 0 0 0 0 0 0 0 0 0 0
#obs catch bio
 3365.25 3533.61 3704.69 4578.63 5998.92 8166.74 8054.01 7721.16 8731.56 18278.8 24073 18224.7 30927.1 51068.4 44071.9 42942.9 29280.8 35424.9 32086.5 31613.1 37677.1 32753.2 45489.2 38001.8 44196.5 47327 48006.3 44172.2 82962
#pred cpue bio
 5524.06 4288.27 4700.17 5724.84 7301.45 9063.54 8925.54 8544.27 11544.1 20274 22153.1 21314 36080.3 48754.6 42286 36660.8 29867.8 33952.6 32456.2 33573.5 36142.7 35472.6 41244.5 38191.3 44689.7 47030 45603.5 42065.1 48982.7 806818 1.80779e+06 2.25871e+06 1.99907e+06 1.65296e+06 1.3929e+06 1.22358e+06 1.11986e+06 1.05813e+06 1.0218e+06 1.00039e+06 987633 979888 975074 971994 969956 968591 967653 966995 966526 966186 965939 965756 965622 965521 965447 965391 965350 965319 965295 965278 965265 965255 965248 965242 965238 965235 965232 965231 965229 965228 965228 965227 965227 965226 965226 965226 965226 965226 965226 965226 965226 965226 965226 965226 965226 965226 965226 965226 965225 965225 965225 965225 965225 965225 965225 965225 965225 965225 965225 965225 965225 965225 965225 965225 965225 965225 965225 965225 965225 965225 965225 965225 965225 965225 965225 965225 965225 965225 965225 965225 965225 965225 965225 965225 965225 965225 965225 965225 965225 0 0 0 0 0 0 0 0 0 0 0 0 0 0 0 0 0 0 0 0 0 0 0 0 0
#obs cpue bio
 3579.58 4736.91 5551.33 5600.86 5926.44 6834.36 8379.62 7893.56 15490 20088 16256.9 24256.6 32751.2 38939.6 26357.9 23391.9 31040.5 28030.9 42004.8 34828.5 35732.9 49112.9 30572.3 34497.3 36901.6 35698.8 52700.4 38676.8 31051.5
#pred surv len freq
 2.1424e-27 2.16502e-27 5.75499e-27 1.22818e-21 7.30443e-17 9.9875e-13 3.13958e-09 2.26899e-06 0.000376989 0.0144007 0.126468 0.255344 0.119108 0.0282211 0.0954179 0.134275 0.054729 0.0442227 0.0386863 0.0242454 0.0189525 0.0148719 0.0138312 0.0119677 0.00488044
 2.14216e-27 2.16553e-27 5.86016e-27 1.26393e-21 7.51707e-17 1.02783e-12 3.23098e-09 2.33504e-06 0.000387964 0.0148199 0.13015 0.262778 0.122674 0.0316632 0.114197 0.160531 0.0617715 0.039483 0.03112 0.012929 0.00713115 0.00417987 0.00301767 0.00226784 0.000897116
 2.14274e-27 2.16724e-27 6.06199e-27 1.33247e-21 7.9247e-17 1.08356e-12 3.40619e-09 2.46166e-06 0.000409001 0.0156236 0.137207 0.277027 0.129224 0.030662 0.103791 0.146003 0.0586506 0.0446925 0.0352902 0.0126977 0.00529332 0.00191116 0.00085657 0.000484731 0.000174843
 2.14305e-27 2.16801e-27 6.14254e-27 1.35978e-21 8.08713e-17 1.10577e-12 3.476e-09 2.51212e-06 0.000417385 0.0159438 0.140019 0.282705 0.131855 0.0308286 0.103097 0.144934 0.0570277 0.0401506 0.0320239 0.013025 0.00574659 0.00164522 0.000413474 0.00012842 3.65468e-05
 2.14352e-27 2.16915e-27 6.26056e-27 1.3998e-21 8.32515e-17 1.13832e-12 3.57831e-09 2.58605e-06 0.000429669 0.0164131 0.14414 0.291025 0.135698 0.0307129 0.0998828 0.140368 0.0549542 0.0378734 0.0298812 0.0115573 0.00508086 0.00157536 0.000342257 5.49944e-05 8.75649e-06
 2.14189e-27 2.16514e-27 5.83539e-27 1.25557e-21 7.46737e-17 1.02103e-12 3.20962e-09 2.3196e-06 0.000385399 0.014722 0.129289 0.261041 0.12189 0.0321614 0.117763 0.165576 0.0639276 0.0414627 0.0323741 0.0122457 0.00520512 0.00156219 0.000342344 4.63511e-05 3.92394e-06
 2.1404e-27 2.16156e-27 5.46788e-27 1.13096e-21 6.72623e-17 9.19693e-13 2.89107e-09 2.08938e-06 0.000347148 0.0132608 0.116457 0.235134 0.109921 0.0323847 0.126935 0.178692 0.0711224 0.0523335 0.0410839 0.0145226 0.00575245 0.00165655 0.00034786 4.53228e-05 3.11053e-06
 2.14373e-27 2.16974e-27 6.33514e-27 1.42516e-21 8.47595e-17 1.15893e-12 3.64313e-09 2.6329e-06 0.000437452 0.0167104 0.146751 0.296296 0.138088 0.0294806 0.0907716 0.127691 0.0527297 0.0442451 0.0356092 0.0136243 0.00568243 0.00154055 0.000300568 3.71908e-05 2.39272e-06
 2.14672e-27 2.17691e-27 7.0671e-27 1.67332e-21 9.9519e-17 1.36075e-12 4.27752e-09 3.09138e-06 0.000513628 0.0196202 0.172306 0.347889 0.161936 0.0293557 0.0744588 0.104299 0.0390761 0.0218782 0.0170253 0.0071714 0.00329411 0.000960009 0.000189766 2.20201e-05 1.32722e-06
 2.14201e-27 2.1653e-27 5.83405e-27 1.25503e-21 7.46414e-17 1.02059e-12 3.20823e-09 2.3186e-06 0.000385232 0.0147156 0.129233 0.260928 0.121896 0.0337073 0.127234 0.17869 0.065388 0.0318349 0.0234797 0.00803071 0.00319809 0.00102234 0.000225347 2.73672e-05 1.60423e-06
 2.14201e-27 2.1655e-27 5.88162e-27 1.27129e-21 7.56086e-17 1.03381e-12 3.2498e-09 2.34864e-06 0.000390223 0.0149063 0.130908 0.264308 0.123364 0.0311987 0.110902 0.156095 0.0632434 0.0496355 0.0384825 0.0116212 0.00374412 0.000971326 0.000198636 2.62176e-05 1.64031e-06
 2.14644e-27 2.17623e-27 6.99555e-27 1.64906e-21 9.80757e-17 1.34101e-12 4.21548e-09 3.04654e-06 0.000506178 0.0193357 0.169807 0.342844 0.159609 0.0294966 0.0768394 0.10769 0.0407909 0.0241502 0.0186005 0.00691238 0.00269573 0.00061148 9.6114e-05 1.08577e-05 6.83698e-07
 2.14421e-27 2.17069e-27 6.40225e-27 1.44776e-21 8.61038e-17 1.17732e-12 3.70091e-09 2.67466e-06 0.00044439 0.0169754 0.149079 0.300996 0.140359 0.0321009 0.105351 0.147791 0.0537545 0.0251658 0.018445 0.00632192 0.00242177 0.000664026 0.00011602 1.10171e-05 5.70594e-07
 2.14202e-27 2.16541e-27 5.8592e-27 1.26362e-21 7.51524e-17 1.02758e-12 3.2302e-09 2.33447e-06 0.000387869 0.0148163 0.130118 0.262714 0.122674 0.0324382 0.118949 0.167238 0.0644704 0.0414452 0.0313866 0.0094188 0.00301381 0.000769764 0.00014199 1.527e-05 7.60252e-07
 2.14146e-27 2.16407e-27 5.71971e-27 1.21632e-21 7.23392e-17 9.89109e-13 3.10928e-09 2.24708e-06 0.00037335 0.0142617 0.125247 0.25288 0.118137 0.0326864 0.123428 0.173574 0.0669751 0.0432739 0.0332174 0.0110595 0.00387257 0.000863854 0.000133565 1.39795e-05 7.47348e-07
 2.14231e-27 2.16617e-27 5.94575e-27 1.29301e-21 7.69005e-17 1.05148e-12 3.30533e-09 2.38877e-06 0.000396891 0.015161 0.133144 0.268824 0.125469 0.0316501 0.112296 0.157923 0.0619907 0.0431428 0.033459 0.0112748 0.00409752 0.000996935 0.000156783 1.43002e-05 6.95689e-07
 2.1438e-27 2.16971e-27 6.30506e-27 1.41482e-21 8.41448e-17 1.15053e-12 3.6167e-09 2.6138e-06 0.000434279 0.0165892 0.145687 0.294148 0.137184 0.0318431 0.105842 0.148585 0.0554423 0.0302935 0.0227365 0.00763826 0.00277044 0.000681009 0.000112239 1.06816e-05 4.90769e-07
 2.1422e-27 2.16583e-27 5.89858e-27 1.27696e-21 7.59457e-17 1.03842e-12 3.26429e-09 2.35911e-06 0.000391963 0.0149727 0.131491 0.265487 0.123967 0.0327247 0.119862 0.168445 0.0637988 0.0377001 0.0283796 0.00890474 0.00299629 0.000739198 0.000124369 1.22457e-05 5.8522e-07
 2.14309e-27 2.16804e-27 6.13839e-27 1.35833e-21 8.07853e-17 1.10459e-12 3.47231e-09 2.50945e-06 0.000416941 0.0159269 0.13987 0.282404 0.131741 0.0314952 0.107258 0.150746 0.0584494 0.0385805 0.0295503 0.0094737 0.00321267 0.000742773 0.000117541 1.15997e-05 5.6921e-07
 2.14263e-27 2.1669e-27 6.01351e-27 1.31595e-21 7.82649e-17 1.07013e-12 3.36398e-09 2.43115e-06 0.000403933 0.01543 0.135507 0.273594 0.127696 0.0322217 0.114348 0.160675 0.06106 0.0367198 0.0280539 0.00969981 0.00359135 0.000852529 0.000132859 1.23794e-05 5.90276e-07
 2.14292e-27 2.16766e-27 6.10001e-27 1.34532e-21 8.00115e-17 1.09401e-12 3.43905e-09 2.48541e-06 0.000412947 0.0157743 0.138531 0.279699 0.130489 0.0314379 0.107723 0.151425 0.0589926 0.0397657 0.0306773 0.0102275 0.00371803 0.000948562 0.000160102 1.51441e-05 6.99173e-07
 2.14359e-27 2.16924e-27 6.25836e-27 1.399e-21 8.32036e-17 1.13766e-12 3.57625e-09 2.58457e-06 0.000429422 0.0164036 0.144058 0.290858 0.135658 0.031726 0.106118 0.149018 0.0561735 0.0324228 0.0246072 0.00845899 0.00314166 0.000778225 0.000132222 1.33674e-05 6.45054e-07
 2.14242e-27 2.1664e-27 5.96175e-27 1.2984e-21 7.7221e-17 1.05586e-12 3.31911e-09 2.39873e-06 0.000398545 0.0152242 0.133699 0.269945 0.126011 0.0322869 0.115846 0.162814 0.0622061 0.0383801 0.0292076 0.0095524 0.00339694 0.000864346 0.000149281 1.5078e-05 7.53985e-07
 2.14406e-27 2.1704e-27 6.38128e-27 1.44069e-21 8.56835e-17 1.17157e-12 3.68284e-09 2.6616e-06 0.000442221 0.0168926 0.148351 0.299527 0.139649 0.0312694 0.100718 0.141423 0.0537301 0.032252 0.0244099 0.00786001 0.00270352 0.000649418 0.000108092 1.10362e-05 5.56948e-07
 2.14309e-27 2.168e-27 6.12485e-27 1.3537e-21 8.05096e-17 1.10083e-12 3.46046e-09 2.50088e-06 0.000415518 0.0158725 0.139393 0.281441 0.131326 0.0322932 0.112419 0.157888 0.0591614 0.0330699 0.0248447 0.00818212 0.00288309 0.000686489 0.00011002 1.07394e-05 5.34851e-07
 2.14219e-27 2.16582e-27 5.90167e-27 1.27802e-21 7.6009e-17 1.03929e-12 3.26701e-09 2.36108e-06 0.00039229 0.0149852 0.131601 0.265708 0.124057 0.0324088 0.117867 0.165686 0.0635245 0.0398364 0.0302525 0.00954746 0.00321721 0.000775993 0.000125889 1.20235e-05 5.75666e-07
 2.14241e-27 2.16641e-27 5.96843e-27 1.30069e-21 7.73573e-17 1.05772e-12 3.32496e-09 2.40296e-06 0.000399248 0.015251 0.133935 0.270421 0.126212 0.0317816 0.112617 0.158342 0.0616842 0.0415732 0.032105 0.0107693 0.00384894 0.000900994 0.000141817 1.36055e-05 6.47194e-07
 2.14367e-27 2.16945e-27 6.28205e-27 1.40704e-21 8.36821e-17 1.1442e-12 3.59682e-09 2.59943e-06 0.000431892 0.016498 0.144886 0.29253 0.136423 0.0315008 0.104239 0.146395 0.0555952 0.0333159 0.0253938 0.00866516 0.0031962 0.000786287 0.000127374 1.19439e-05 5.59782e-07
 2.14599e-27 2.17508e-27 6.87009e-27 1.60648e-21 9.55434e-17 1.30639e-12 4.10664e-09 2.96788e-06 0.000493109 0.0188364 0.165422 0.333992 0.155544 0.0302263 0.0839622 0.117696 0.0438801 0.0238584 0.017793 0.00571872 0.00198561 0.000495864 8.39334e-05 8.19403e-06 3.86186e-07
#obs surv len freq
 8.66371e-40 4.24029e-33 4.77124e-27 1.23427e-21 7.34069e-17 1.00371e-12 3.15516e-09 2.28024e-06 0.000378865 0.0144722 0.127095 0.256611 0.119844 0.0321973 0.119317 0.167796 0.0651072 0.0431712 0.0337823 0.0127376 0.00542675 0.00164827 0.00036227 4.8548e-05 3.33278e-06
 1.03661e-39 5.07348e-33 5.70876e-27 1.4768e-21 8.7831e-17 1.20093e-12 3.77514e-09 2.7283e-06 0.000453311 0.0173159 0.152068 0.307032 0.143093 0.0305724 0.094201 0.132269 0.0509052 0.0325295 0.0252194 0.00919456 0.00376709 0.00110663 0.000236995 3.1125e-05 2.07153e-06
 9.68982e-40 4.7425e-33 5.33633e-27 1.38046e-21 8.2101e-17 1.12258e-12 3.52885e-09 2.55031e-06 0.000423737 0.0161862 0.142147 0.287003 0.133918 0.0328271 0.114002 0.159972 0.0578882 0.0261854 0.0191388 0.00673932 0.00264775 0.000745948 0.000152545 1.93565e-05 1.25591e-06
 1.05116e-39 5.14472e-33 5.78892e-27 1.49754e-21 8.90642e-17 1.21779e-12 3.82814e-09 2.76661e-06 0.000459675 0.017559 0.154203 0.311343 0.145115 0.0313547 0.0976776 0.137036 0.0508193 0.0267898 0.0196426 0.00568954 0.00174855 0.000458946 8.88775e-05 1.0723e-05 6.68059e-07
 9.85304e-40 4.82238e-33 5.42622e-27 1.40371e-21 8.3484e-17 1.14149e-12 3.58829e-09 2.59327e-06 0.000430875 0.0164589 0.144542 0.291837 0.136155 0.0328785 0.112859 0.15833 0.0569123 0.0245291 0.0174812 0.0054065 0.00173393 0.000378046 5.87921e-05 6.46298e-06 3.80717e-07
 8.14223e-40 3.98506e-33 4.48405e-27 1.15998e-21 6.89884e-17 9.43292e-13 2.96525e-09 2.14299e-06 0.000356061 0.0136011 0.119444 0.241167 0.112801 0.0347987 0.139853 0.196489 0.0718931 0.0349277 0.0251669 0.00702122 0.00196865 0.000438571 6.50764e-05 5.86677e-06 2.94791e-07
 7.91809e-40 3.87535e-33 4.36061e-27 1.12805e-21 6.70893e-17 9.17325e-13 2.88362e-09 2.084e-06 0.000346259 0.0132266 0.116156 0.234528 0.109686 0.0335742 0.134379 0.189038 0.072851 0.0467585 0.0353247 0.0103566 0.00305678 0.000624866 8.38984e-05 7.25484e-06 3.21527e-07
 1.32723e-39 6.49585e-33 7.30924e-27 1.89083e-21 1.12455e-16 1.53762e-12 4.83351e-09 3.49319e-06 0.000580398 0.0221705 0.194701 0.393106 0.182769 0.0274505 0.0492009 0.0686776 0.0262914 0.0163821 0.0125417 0.00424158 0.00150731 0.00032852 4.44597e-05 3.54243e-06 1.44745e-07
 1.10641e-39 5.41509e-33 6.09315e-27 1.57624e-21 9.3745e-17 1.28179e-12 4.02933e-09 2.912e-06 0.000483833 0.0184818 0.162307 0.327705 0.152728 0.0326342 0.100557 0.140728 0.0471368 0.00949763 0.00523988 0.0017092 0.000610135 0.000152067 2.41622e-05 2.03661e-06 8.08055e-08
 6.39021e-40 3.12756e-33 3.51918e-27 9.1038e-22 5.41437e-17 7.40317e-13 2.32719e-09 1.68187e-06 0.000279445 0.0106744 0.0937428 0.189277 0.0889589 0.038737 0.179534 0.252204 0.0886283 0.0317697 0.0209448 0.00446618 0.000633293 0.000125402 2.0819e-05 2.012e-06 8.88612e-08
 1.23571e-39 6.04792e-33 6.80522e-27 1.76045e-21 1.047e-16 1.43159e-12 4.50021e-09 3.25231e-06 0.000540376 0.0206417 0.181275 0.365999 0.170255 0.0279169 0.0602188 0.0843863 0.0343106 0.0272326 0.0207443 0.00519796 0.00110336 0.000161318 1.25761e-05 9.29976e-07 4.36787e-08
 1.1798e-39 5.77429e-33 6.49732e-27 1.6808e-21 9.99632e-17 1.36682e-12 4.2966e-09 3.10516e-06 0.000515927 0.0197077 0.173073 0.349441 0.162726 0.0312765 0.0857172 0.119859 0.0404119 0.00904485 0.00536078 0.00197313 0.000739038 0.00013684 1.29232e-05 6.64371e-07 1.82283e-08
 8.79185e-40 4.303e-33 4.84181e-27 1.25253e-21 7.44926e-17 1.01855e-12 3.20183e-09 2.31397e-06 0.000384469 0.0146862 0.128974 0.260408 0.12173 0.0357053 0.139588 0.195805 0.0674308 0.0197614 0.0123091 0.00267893 0.0004257 9.45949e-05 1.45706e-05 9.82602e-07 2.68112e-08
 9.23538e-40 4.52008e-33 5.08607e-27 1.31572e-21 7.82506e-17 1.06994e-12 3.36335e-09 2.4307e-06 0.000403865 0.0154271 0.135481 0.273543 0.127711 0.0332384 0.12057 0.169325 0.062551 0.0321952 0.0230411 0.00538771 0.000969918 0.000139691 1.21122e-05 9.33808e-07 3.61311e-08
 7.34322e-40 3.594e-33 4.04402e-27 1.04615e-21 6.22185e-17 8.50726e-13 2.67426e-09 1.9327e-06 0.00032112 0.0122664 0.107723 0.217503 0.101913 0.0362008 0.155544 0.218562 0.0790597 0.0356184 0.0254345 0.00739184 0.00208237 0.000347347 2.90421e-05 1.47056e-06 4.29913e-08
 1.12347e-39 5.49859e-33 6.1871e-27 1.60054e-21 9.51903e-17 1.30156e-12 4.09145e-09 2.9569e-06 0.000491293 0.0187668 0.16481 0.332757 0.15496 0.0298712 0.0821676 0.115258 0.0442861 0.0280274 0.020979 0.00574137 0.00153152 0.000311365 3.74583e-05 2.20773e-06 5.5392e-08
 8.71475e-40 4.26527e-33 4.79935e-27 1.24155e-21 7.38394e-17 1.00962e-12 3.17375e-09 2.29368e-06 0.000381098 0.0145574 0.127843 0.258124 0.120674 0.0356817 0.140132 0.196572 0.0676631 0.0197679 0.0127966 0.00412011 0.0013709 0.000276547 3.41447e-05 2.50909e-06 8.15916e-08
 9.55311e-40 4.67559e-33 5.26105e-27 1.36098e-21 8.09427e-17 1.10675e-12 3.47906e-09 2.51433e-06 0.000417759 0.0159579 0.140142 0.282954 0.132044 0.0327786 0.114927 0.161369 0.0597038 0.0310106 0.0222243 0.00520843 0.0010131 0.000214023 3.11553e-05 2.40008e-06 8.64879e-08
 1.00957e-39 4.94114e-33 5.55985e-27 1.43828e-21 8.55399e-17 1.1696e-12 3.67666e-09 2.65713e-06 0.000441486 0.0168642 0.148101 0.299024 0.139469 0.0326627 0.109376 0.153404 0.0549568 0.0230975 0.0162696 0.00473818 0.00134042 0.000228022 2.26302e-05 1.74463e-06 6.97748e-08
 8.65343e-40 4.23525e-33 4.76558e-27 1.23281e-21 7.33198e-17 1.00252e-12 3.15142e-09 2.27754e-06 0.000378416 0.014455 0.126944 0.256308 0.119809 0.0350293 0.136697 0.191875 0.068006 0.0262592 0.0179742 0.00477371 0.00121215 0.000244925 2.98459e-05 1.89945e-06 6.15885e-08
 1.11909e-39 5.47716e-33 6.16298e-27 1.59431e-21 9.48193e-17 1.29648e-12 4.0755e-09 2.94538e-06 0.000489378 0.0186936 0.164167 0.33146 0.154391 0.0307038 0.0876413 0.122843 0.0451977 0.0227211 0.0163314 0.00418494 0.000970379 0.000178999 2.11668e-05 1.54835e-06 5.24127e-08
 8.90506e-40 4.35841e-33 4.90415e-27 1.26866e-21 7.54518e-17 1.03167e-12 3.24305e-09 2.34376e-06 0.000389419 0.0148753 0.130635 0.263761 0.123267 0.035345 0.136378 0.191299 0.0660808 0.0200531 0.0129614 0.00370273 0.00103809 0.000190571 2.05324e-05 1.39817e-06 4.87183e-08
 1.00465e-39 4.91706e-33 5.53276e-27 1.43127e-21 8.51231e-17 1.1639e-12 3.65874e-09 2.64418e-06 0.000439335 0.016782 0.14738 0.297567 0.138782 0.0323033 0.107621 0.151025 0.0554316 0.0274382 0.0195235 0.00461577 0.000897665 0.000169041 2.08561e-05 1.41325e-06 4.57412e-08
 1.03777e-39 5.07918e-33 5.71517e-27 1.47846e-21 8.79296e-17 1.20228e-12 3.77937e-09 2.73136e-06 0.000453819 0.0173353 0.152239 0.307377 0.143327 0.0325701 0.106292 0.149005 0.052678 0.0199251 0.0136686 0.00387435 0.00105494 0.000178714 1.70144e-05 1.14498e-06 3.95433e-08
 8.73559e-40 4.27546e-33 4.81082e-27 1.24451e-21 7.40159e-17 1.01203e-12 3.18134e-09 2.29916e-06 0.000382009 0.0145922 0.128149 0.258741 0.120935 0.0350582 0.136141 0.191068 0.0674139 0.025052 0.0169257 0.00431477 0.00100558 0.000195021 2.30088e-05 1.42528e-06 4.25677e-08
 9.25684e-40 4.53058e-33 5.09789e-27 1.31877e-21 7.84325e-17 1.07242e-12 3.37117e-09 2.43635e-06 0.000404803 0.015463 0.135796 0.274179 0.128004 0.0332341 0.120352 0.169005 0.0622382 0.0314561 0.0226053 0.0057235 0.00128425 0.000225878 2.47188e-05 1.71984e-06 5.63069e-08
 9.73703e-40 4.7656e-33 5.36233e-27 1.38719e-21 8.25011e-17 1.12805e-12 3.54605e-09 2.56274e-06 0.000425802 0.0162651 0.14284 0.288401 0.134572 0.0330432 0.1149 0.161216 0.0580672 0.0253825 0.0179898 0.00515796 0.00144552 0.000261673 2.70793e-05 1.73194e-06 5.64654e-08
 1.13034e-39 5.53224e-33 6.22496e-27 1.61034e-21 9.57729e-17 1.30952e-12 4.11649e-09 2.975e-06 0.0004943 0.0188816 0.165818 0.334794 0.155947 0.0310721 0.0888845 0.124497 0.0444299 0.0181271 0.0125805 0.00339066 0.000880875 0.00017694 2.17837e-05 1.44183e-06 4.4463e-08
 1.13034e-39 5.53224e-33 6.22496e-27 1.61034e-21 9.57729e-17 1.30952e-12 4.11649e-09 2.975e-06 0.0004943 0.0188816 0.165818 0.334794 0.155947 0.0310721 0.0888845 0.124497 0.0444299 0.0181271 0.0125805 0.00339066 0.000880875 0.00017694 2.17837e-05 1.44183e-06 4.4463e-08
#pred catch len freq
 2.13932e-27 2.15711e-27 4.90707e-27 9.40561e-22 5.59387e-17 7.64862e-13 2.40435e-09 1.73763e-06 0.000288705 0.0110283 0.0968515 0.195549 0.0914853 0.0287852 0.116882 0.164753 0.0682561 0.0582343 0.051192 0.0320275 0.0249675 0.019523 0.0181193 0.0156675 0.0063884
 2.1387e-27 2.15701e-27 4.96484e-27 9.60268e-22 5.71108e-17 7.80888e-13 2.45473e-09 1.77404e-06 0.000294754 0.0112594 0.0988808 0.199648 0.0935508 0.0333344 0.143426 0.201922 0.0789069 0.0539865 0.0429141 0.0178373 0.00982663 0.00574134 0.00413556 0.00310542 0.00122825
 2.13907e-27 2.15832e-27 5.13405e-27 1.01777e-21 6.05307e-17 8.27649e-13 2.60173e-09 1.88027e-06 0.000312405 0.0119337 0.104802 0.211602 0.0990349 0.0321991 0.132894 0.187287 0.0767737 0.0628285 0.0499791 0.0180043 0.00750702 0.00270319 0.00120815 0.000682908 0.000246269
 2.13939e-27 2.15913e-27 5.21921e-27 1.04664e-21 6.2248e-17 8.5113e-13 2.67554e-09 1.93362e-06 0.000321268 0.0122722 0.107775 0.217605 0.101822 0.0325055 0.132954 0.187249 0.0750529 0.0567944 0.0456712 0.0186 0.00820833 0.00234499 0.000587725 0.000182224 5.18346e-05
 2.13995e-27 2.16048e-27 5.35752e-27 1.09354e-21 6.50371e-17 8.89267e-13 2.79542e-09 2.02026e-06 0.000335663 0.0128221 0.112604 0.227355 0.106327 0.032451 0.129683 0.182587 0.0727316 0.0537298 0.042732 0.0165414 0.00727051 0.00224925 0.000487601 7.82199e-05 1.24433e-05
 2.1386e-27 2.15714e-27 5.0008e-27 9.72519e-22 5.78394e-17 7.9085e-13 2.48605e-09 1.79667e-06 0.000298515 0.0114031 0.100142 0.202195 0.0947501 0.0339149 0.146204 0.205841 0.080518 0.0552787 0.0434563 0.0164211 0.00696759 0.00208549 0.000455875 6.16344e-05 5.21314e-06
 2.13714e-27 2.15365e-27 4.64537e-27 8.52015e-22 5.06726e-17 6.92857e-13 2.178e-09 1.57405e-06 0.000261526 0.00999012 0.0877337 0.177143 0.0831658 0.0338586 0.153411 0.216233 0.0873731 0.0680024 0.0536971 0.0189637 0.00749842 0.00215361 0.000451083 5.86866e-05 4.0245e-06
 2.14035e-27 2.16158e-27 5.48884e-27 1.13816e-21 6.76904e-17 9.25546e-13 2.90947e-09 2.10268e-06 0.000349357 0.0133452 0.117198 0.236629 0.110553 0.0307917 0.116759 0.164576 0.0691893 0.0614151 0.0496784 0.0189925 0.0079104 0.00213929 0.00041629 5.14325e-05 3.30632e-06
 2.14331e-27 2.16861e-27 6.19856e-27 1.37874e-21 8.19992e-17 1.12119e-12 3.52449e-09 2.54716e-06 0.000423206 0.0161662 0.141972 0.286648 0.1337 0.0313983 0.105386 0.148032 0.0563733 0.034318 0.0270383 0.0114222 0.00525337 0.00152836 0.000301524 3.49432e-05 2.10446e-06
 2.13876e-27 2.15735e-27 4.99928e-27 9.71887e-22 5.78018e-17 7.90336e-13 2.48443e-09 1.79551e-06 0.000298321 0.0113956 0.100077 0.202064 0.094766 0.0359528 0.158684 0.223121 0.0824429 0.0425938 0.0317298 0.0108456 0.00431144 0.00137451 0.000302296 3.66639e-05 2.14752e-06
 2.13926e-27 2.15881e-27 5.1843e-27 1.0348e-21 6.15434e-17 8.41496e-13 2.64525e-09 1.91173e-06 0.000317632 0.0121333 0.106555 0.215142 0.100686 0.0325846 0.134181 0.189085 0.077293 0.0625624 0.0486361 0.0146372 0.00469007 0.00121226 0.000247081 3.25599e-05 2.0356e-06
 2.14325e-27 2.16846e-27 6.18202e-27 1.37313e-21 8.16654e-17 1.11663e-12 3.51014e-09 2.53679e-06 0.000421483 0.0161004 0.141394 0.285481 0.133161 0.0314245 0.105898 0.148789 0.057173 0.0362789 0.0282065 0.0104897 0.00409101 0.00092634 0.000145215 1.63771e-05 1.03037e-06
 2.14087e-27 2.16251e-27 5.54095e-27 1.15561e-21 6.87287e-17 9.39742e-13 2.95409e-09 2.13493e-06 0.000354715 0.0135499 0.118996 0.24026 0.11237 0.034496 0.138279 0.194296 0.0714167 0.0357534 0.0265184 0.00909252 0.00348127 0.000952476 0.000166066 1.57472e-05 8.14745e-07
 2.1392e-27 2.15855e-27 5.13973e-27 1.0196e-21 6.06395e-17 8.29137e-13 2.6064e-09 1.88366e-06 0.000312967 0.0119551 0.10499 0.211983 0.0992841 0.0341477 0.144675 0.203635 0.0791434 0.0527537 0.0401183 0.012004 0.00382236 0.000972956 0.000178923 1.92123e-05 9.55723e-07
 2.13859e-27 2.15706e-27 4.98664e-27 9.67687e-22 5.7552e-17 7.86921e-13 2.4737e-09 1.78775e-06 0.000297032 0.0113464 0.0996447 0.201191 0.0943028 0.0343702 0.149287 0.210164 0.081812 0.0549588 0.0423746 0.014066 0.0049062 0.00109139 0.000168183 1.75703e-05 9.38467e-07
 2.13981e-27 2.1601e-27 5.3102e-27 1.07746e-21 6.40805e-17 8.76186e-13 2.7543e-09 1.99054e-06 0.000330726 0.0126335 0.110948 0.224011 0.104806 0.0331127 0.134732 0.189669 0.0748515 0.0532379 0.0413649 0.0138686 0.0050092 0.0012145 0.000190384 1.73334e-05 8.423e-07
 2.14077e-27 2.16232e-27 5.52834e-27 1.15137e-21 6.84766e-17 9.36295e-13 2.94326e-09 2.1271e-06 0.000353414 0.0135002 0.118559 0.239379 0.111939 0.0338646 0.13469 0.189357 0.0713032 0.0409173 0.0309278 0.0103707 0.00375112 0.000919625 0.000151145 1.4362e-05 6.59256e-07
 2.13932e-27 2.15879e-27 5.16072e-27 1.02669e-21 6.10614e-17 8.34905e-13 2.62454e-09 1.89676e-06 0.000315144 0.0120383 0.105721 0.213458 0.0999818 0.0345713 0.146816 0.206558 0.0788724 0.0485069 0.0367033 0.0114852 0.0038485 0.00094653 0.000158783 1.56088e-05 7.45251e-07
 2.14008e-27 2.16072e-27 5.37157e-27 1.09826e-21 6.53174e-17 8.931e-13 2.80747e-09 2.02897e-06 0.00033711 0.0128774 0.11309 0.228335 0.10681 0.0332328 0.134162 0.188822 0.0739803 0.0510634 0.0393119 0.0125754 0.00425052 0.000980065 0.000154622 1.52332e-05 7.46827e-07
 2.13947e-27 2.15921e-27 5.20853e-27 1.04293e-21 6.2027e-17 8.48109e-13 2.66604e-09 1.92675e-06 0.000320127 0.0122287 0.107393 0.216833 0.101526 0.0341262 0.143082 0.20132 0.0773423 0.0489948 0.0376847 0.0130098 0.00480607 0.00113812 0.000176877 1.64541e-05 7.83803e-07
 2.14008e-27 2.16073e-27 5.37514e-27 1.09948e-21 6.53901e-17 8.94093e-13 2.81059e-09 2.03122e-06 0.000337485 0.0128917 0.113215 0.228589 0.106921 0.0330716 0.133101 0.187341 0.0736318 0.0515056 0.0398921 0.0132566 0.0047983 0.00122035 0.000205383 1.93963e-05 8.94617e-07
 2.14043e-27 2.16153e-27 5.44958e-27 1.12468e-21 6.6889e-17 9.14588e-13 2.87502e-09 2.07778e-06 0.000345221 0.0131872 0.115811 0.233829 0.109368 0.0337148 0.135448 0.190491 0.072586 0.0442278 0.0338156 0.0116098 0.00430306 0.00106327 0.000180158 1.81859e-05 8.76826e-07
 2.13972e-27 2.1598e-27 5.2699e-27 1.06375e-21 6.3265e-17 8.65036e-13 2.71925e-09 1.96521e-06 0.000326517 0.0124727 0.109536 0.221161 0.103521 0.033995 0.140977 0.198352 0.0762971 0.0485877 0.0371119 0.0120914 0.0042777 0.0010848 0.000186784 1.88344e-05 9.4093e-07
 2.14105e-27 2.16306e-27 5.61146e-27 1.17959e-21 7.01548e-17 9.59242e-13 3.01539e-09 2.17923e-06 0.000362076 0.0138311 0.121465 0.245245 0.114624 0.0331599 0.12862 0.18088 0.0694097 0.0437081 0.0332858 0.0106978 0.00366878 0.00087891 0.000145864 1.48686e-05 7.49681e-07
 2.1401e-27 2.16068e-27 5.35685e-27 1.09321e-21 6.50173e-17 8.88996e-13 2.79457e-09 2.01964e-06 0.000335561 0.0128182 0.11257 0.227286 0.106363 0.0342677 0.140795 0.197998 0.0748467 0.0438115 0.033127 0.0108861 0.00382381 0.000908024 0.000145101 1.41401e-05 7.03541e-07
 2.13918e-27 2.1585e-27 5.13436e-27 1.01778e-21 6.05311e-17 8.27655e-13 2.60175e-09 1.88029e-06 0.000312407 0.0119337 0.104803 0.211604 0.0991114 0.0342135 0.145191 0.204343 0.0791193 0.05189 0.039622 0.0124772 0.00419011 0.00100781 0.000163029 1.55454e-05 7.43571e-07
 2.13962e-27 2.15962e-27 5.25874e-27 1.05999e-21 6.30418e-17 8.61984e-13 2.70966e-09 1.95828e-06 0.000325365 0.0124287 0.10915 0.220381 0.103138 0.0333896 0.137516 0.193579 0.0760258 0.0530179 0.0410901 0.0137338 0.00488621 0.00114035 0.000178917 1.71348e-05 8.1429e-07
 2.14088e-27 2.16263e-27 5.56653e-27 1.16435e-21 6.92486e-17 9.46851e-13 2.97644e-09 2.15108e-06 0.000357399 0.0136524 0.119896 0.242077 0.113165 0.033285 0.130338 0.183295 0.0701463 0.0436329 0.033411 0.0113631 0.00417371 0.00102367 0.000165337 1.54779e-05 7.24688e-07
 2.14548e-27 2.17383e-27 6.73698e-27 1.56132e-21 9.28576e-17 1.26966e-12 3.9912e-09 2.88445e-06 0.000479247 0.0183069 0.160772 0.324604 0.151224 0.0307569 0.0900312 0.126239 0.0467441 0.0244412 0.0180926 0.00575389 0.00197136 0.000489605 8.25256e-05 8.04014e-06 3.7852e-07
#obs catch len freq
 4.07793e-40 1.99586e-33 2.24578e-27 5.80961e-22 3.45519e-17 4.72435e-13 1.4851e-09 1.07329e-06 0.000178328 0.00681191 0.0598222 0.120791 0.0571887 0.0358588 0.182604 0.257457 0.102864 0.0768694 0.0612704 0.0238438 0.0104302 0.00318965 0.000713151 9.8848e-05 7.07485e-06
 4.19497e-40 2.05314e-33 2.31023e-27 5.97635e-22 3.55436e-17 4.85994e-13 1.52773e-09 1.10409e-06 0.000183446 0.00700742 0.0615392 0.124258 0.0588053 0.0362299 0.183825 0.259105 0.102473 0.0735855 0.0581358 0.0219493 0.00935533 0.00283662 0.000622177 8.32402e-05 5.7072e-06
 5.74081e-40 2.80973e-33 3.16155e-27 8.17863e-22 4.86414e-17 6.65083e-13 2.0907e-09 1.51095e-06 0.000251046 0.00958965 0.0842163 0.170042 0.0799295 0.035091 0.163073 0.229693 0.0899464 0.0620151 0.0485359 0.0177112 0.00725709 0.00212798 0.000454743 5.96213e-05 3.96311e-06
 5.20151e-40 2.54578e-33 2.86455e-27 7.41032e-22 4.40719e-17 6.02604e-13 1.89429e-09 1.36901e-06 0.000227463 0.00868878 0.0763049 0.15407 0.0726686 0.0383769 0.187947 0.264349 0.096714 0.04704 0.0348439 0.0122764 0.00482183 0.00135587 0.000276641 3.50416e-05 2.27066e-06
 6.02686e-40 2.94973e-33 3.31908e-27 8.58615e-22 5.10651e-17 6.98222e-13 2.19487e-09 1.58624e-06 0.000263555 0.0100675 0.0884126 0.178515 0.0839039 0.0366194 0.169851 0.238984 0.0897509 0.0507293 0.0375962 0.0108925 0.00334585 0.000876489 0.00016934 2.03939e-05 1.26887e-06
 5.46261e-40 2.67357e-33 3.00835e-27 7.7823e-22 4.62843e-17 6.32854e-13 1.98938e-09 1.43773e-06 0.000238881 0.00912494 0.0801353 0.161804 0.0762509 0.0385631 0.186753 0.262603 0.0952829 0.043856 0.0316575 0.00979089 0.00313779 0.000682956 0.000105924 1.16207e-05 6.8358e-07
 4.06884e-40 1.99142e-33 2.24077e-27 5.79667e-22 3.4475e-17 4.71383e-13 1.4818e-09 1.0709e-06 0.000177931 0.00679674 0.059689 0.120524 0.057211 0.0397553 0.206473 0.290563 0.107424 0.055608 0.0404997 0.0112968 0.00316398 0.000703562 0.000104149 9.37117e-06 4.70107e-07
 3.92077e-40 1.91895e-33 2.15923e-27 5.58572e-22 3.32204e-17 4.54229e-13 1.42787e-09 1.03193e-06 0.000171456 0.0065494 0.0575168 0.116137 0.0551023 0.0375976 0.194623 0.274264 0.107158 0.0730567 0.0556014 0.0162938 0.00480331 0.000980211 0.000131265 1.13288e-05 5.01339e-07
 9.78249e-40 4.78785e-33 5.38737e-27 1.39366e-21 8.28863e-17 1.13332e-12 3.5626e-09 2.5747e-06 0.00042779 0.016341 0.143507 0.289747 0.135125 0.0311844 0.103147 0.144935 0.0561639 0.0369939 0.0285194 0.00963508 0.00341834 0.000743641 0.000100386 7.98339e-06 3.25693e-07
 6.96104e-40 3.40694e-33 3.83355e-27 9.91703e-22 5.89803e-17 8.06449e-13 2.53508e-09 1.83211e-06 0.000304407 0.011628 0.102117 0.206184 0.0967965 0.0393019 0.177886 0.249601 0.0838276 0.0176427 0.00996624 0.00324853 0.00115712 0.000287746 4.56116e-05 3.83804e-06 1.5206e-07
 3.05955e-40 1.49744e-33 1.68494e-27 4.35878e-22 2.59233e-17 3.54454e-13 1.11423e-09 8.05256e-07 0.000133794 0.00511077 0.0448828 0.0906314 0.0435293 0.0434335 0.237936 0.334561 0.118223 0.0444665 0.0296643 0.00632369 0.000894047 0.00017646 2.92147e-05 2.81828e-06 1.24311e-07
 8.58272e-40 4.20065e-33 4.72663e-27 1.22274e-21 7.27207e-17 9.94324e-13 3.12567e-09 2.25893e-06 0.000375324 0.0143369 0.125906 0.254212 0.118704 0.0313762 0.115029 0.162014 0.0667845 0.0555285 0.0424878 0.0106356 0.00225187 0.000328784 2.55525e-05 1.88345e-06 8.83208e-08
 7.90143e-40 3.8672e-33 4.35144e-27 1.12568e-21 6.69481e-17 9.15395e-13 2.87755e-09 2.07961e-06 0.000345531 0.0131988 0.115912 0.234036 0.109605 0.0374787 0.158362 0.222152 0.0751194 0.0175399 0.0106003 0.00389615 0.00145644 0.000269276 2.53687e-05 1.30175e-06 3.56403e-08
 4.84002e-40 2.36885e-33 2.66547e-27 6.89532e-22 4.10091e-17 5.60725e-13 1.76264e-09 1.27387e-06 0.000211655 0.00808494 0.071002 0.143365 0.0678437 0.0416958 0.211434 0.297042 0.102722 0.0314988 0.0199057 0.00433088 0.000685956 0.000151939 2.3354e-05 1.57287e-06 4.28608e-08
 5.18622e-40 2.53829e-33 2.85613e-27 7.38854e-22 4.39424e-17 6.00833e-13 1.88872e-09 1.36498e-06 0.000226794 0.00866324 0.0760806 0.153617 0.0724535 0.0382251 0.187158 0.263357 0.0981213 0.0530426 0.0382568 0.00893944 0.00160518 0.000230803 1.99471e-05 1.5336e-06 5.92703e-08
 3.72099e-40 1.82117e-33 2.0492e-27 5.3011e-22 3.15276e-17 4.31083e-13 1.35511e-09 9.79344e-07 0.000162719 0.00621567 0.054586 0.110221 0.0524882 0.0408273 0.216122 0.30406 0.110761 0.0523113 0.0376793 0.0109352 0.00307283 0.000511812 4.26851e-05 2.15653e-06 6.29123e-08
 7.20911e-40 3.52836e-33 3.97017e-27 1.02704e-21 6.10822e-17 8.35189e-13 2.62542e-09 1.8974e-06 0.000315255 0.0120424 0.105756 0.21353 0.100003 0.034243 0.144791 0.203791 0.0791344 0.0525149 0.0395389 0.010807 0.00287472 0.000583183 6.99911e-05 4.11893e-06 1.03194e-07
 4.77499e-40 2.33703e-33 2.62966e-27 6.80268e-22 4.04581e-17 5.53191e-13 1.73896e-09 1.25675e-06 0.000208811 0.00797631 0.070048 0.141439 0.0669484 0.0415671 0.211229 0.296753 0.10257 0.0313527 0.0205889 0.00661958 0.00219726 0.000442385 5.44678e-05 3.99499e-06 1.2975e-07
 5.48588e-40 2.68496e-33 3.02116e-27 7.81544e-22 4.64814e-17 6.35549e-13 1.99785e-09 1.44385e-06 0.000239898 0.0091638 0.0804765 0.162492 0.0765397 0.0377733 0.181725 0.255698 0.0954106 0.0520083 0.0375554 0.00879477 0.00170539 0.000359286 5.21708e-05 4.01206e-06 1.44364e-07
 6.02086e-40 2.9468e-33 3.31578e-27 8.57761e-22 5.10143e-17 6.97528e-13 2.19269e-09 1.58466e-06 0.000263293 0.0100575 0.0883247 0.178338 0.0838783 0.0381191 0.179059 0.251707 0.0907633 0.0399998 0.0284435 0.00827246 0.00233447 0.000396496 3.92267e-05 3.0165e-06 1.20473e-07
 4.74696e-40 2.32331e-33 2.61423e-27 6.76275e-22 4.02206e-17 5.49944e-13 1.72876e-09 1.24937e-06 0.000207585 0.00792949 0.0696368 0.140608 0.0665219 0.0404318 0.204549 0.287568 0.102505 0.0414305 0.0286486 0.00759974 0.00192388 0.000387854 4.71457e-05 2.99508e-06 9.69327e-08
 7.18904e-40 3.51853e-33 3.95911e-27 1.02418e-21 6.09121e-17 8.32863e-13 2.61811e-09 1.89211e-06 0.000314378 0.0120088 0.105461 0.212936 0.0997836 0.0357195 0.153983 0.216503 0.0802954 0.0423124 0.0306462 0.00784461 0.00181368 0.000333838 3.93629e-05 2.87369e-06 9.7144e-08
 4.95229e-40 2.4238e-33 2.7273e-27 7.05527e-22 4.19603e-17 5.73732e-13 1.80353e-09 1.30342e-06 0.000216564 0.00827248 0.0726489 0.14669 0.0693635 0.0412302 0.20759 0.291652 0.101176 0.0321048 0.021033 0.00600119 0.00167799 0.000307473 3.30344e-05 2.24467e-06 7.80889e-08
 5.98902e-40 2.93121e-33 3.29825e-27 8.53225e-22 5.07445e-17 6.93839e-13 2.18109e-09 1.57628e-06 0.000261901 0.0100043 0.0878576 0.177394 0.0834164 0.0374308 0.175142 0.246347 0.09112 0.0472542 0.0338838 0.0080041 0.00155172 0.000291475 3.58674e-05 2.42603e-06 7.83958e-08
 6.30264e-40 3.0847e-33 3.47096e-27 8.97904e-22 5.34017e-17 7.30172e-13 2.2953e-09 1.65882e-06 0.000275615 0.0105281 0.0924582 0.186683 0.087742 0.0382638 0.177427 0.249313 0.0886504 0.0351546 0.0243772 0.00690126 0.00187444 0.000317038 3.00953e-05 2.02044e-06 6.96753e-08
 4.7935e-40 2.34609e-33 2.63986e-27 6.82906e-22 4.0615e-17 5.55336e-13 1.7457e-09 1.26162e-06 0.000209621 0.00800724 0.0703196 0.141987 0.0671653 0.0405938 0.205123 0.288341 0.102306 0.0398408 0.0272136 0.00693081 0.00161054 0.000311651 3.66775e-05 2.26803e-06 6.76218e-08
 5.24835e-40 2.5687e-33 2.89034e-27 7.47705e-22 4.44688e-17 6.08031e-13 1.91135e-09 1.38134e-06 0.000229511 0.00876702 0.076992 0.155457 0.0733033 0.0382006 0.186453 0.262337 0.0973792 0.0515693 0.0373388 0.00944385 0.00211283 0.000370849 4.04658e-05 2.80961e-06 9.18589e-08
 5.68719e-40 2.78348e-33 3.13202e-27 8.10224e-22 4.81871e-17 6.58871e-13 2.07117e-09 1.49684e-06 0.000248702 0.00950008 0.0834297 0.168455 0.0793189 0.038377 0.183612 0.258166 0.0936146 0.0428834 0.0306657 0.0087803 0.00245414 0.00044346 4.57652e-05 2.92085e-06 9.50711e-08
 1.06242e-39 5.1998e-33 5.8509e-27 1.51357e-21 9.00178e-17 1.23083e-12 3.86913e-09 2.79623e-06 0.000464597 0.017747 0.155854 0.314676 0.146685 0.0321187 0.101337 0.142039 0.050492 0.019973 0.0137598 0.00368783 0.000948266 0.000189624 2.32539e-05 1.53541e-06 4.72559e-08
#spawning biomass
 4363.31 3033.14 3286.4 3948.95 4969.23 6267.56 6375.97 5946.12 7130.82 13447 15513.6 13259.7 22931 33230.5 29171.6 25259.1 19459.6 22872 21881.1 22605 24553.2 23377.6 27893 25002 29533 31929.8 31225 27804.3 30346.5 17432.9 62625.2 97406.4 86184.3 68810.5 56115.8 48109.2 43382.4 40698.3 39211.8 38401.9 37965.6 37732.3 37608.2 37542.4 37507.5 37489.2 37479.5 37474.4 37471.8 37470.4 37469.6 37469.3 37469.1 37468.9 37468.9 37468.9 37468.8 37468.8 37468.8 37468.8 37468.8 37468.8 37468.8 37468.8 37468.8 37468.8 37468.8 37468.8 37468.8 37468.8 37468.8 37468.8 37468.8 37468.8 37468.8 37468.8 37468.8 37468.8 37468.8 37468.8 37468.8 37468.8 37468.8 37468.8 37468.8 37468.8 37468.8 37468.8 37468.8 37468.8 37468.8 37468.8 37468.8 37468.8 37468.8 37468.8 37468.8 37468.8 37468.8 37468.8 37468.8 37468.8 37468.8 37468.8 37468.8 37468.8 37468.8 37468.8 37468.8 37468.8 37468.8 37468.8 37468.8 37468.8 37468.8 37468.8 37468.8 37468.8 37468.8 37468.8 37468.8 37468.8 37468.8 37468.8 37468.8 37468.8 37468.8 37468.8 37468.8 0 0 0 0 0 0 0 0 0 0 0 0 0 0 0 0 0 0 0 0 0 0 0 0 0
