SBPRF35
0.178135
Curr Bio
187127
B35
201575
F35
0.908095
FOFL
0.908095
OFL
81200.7
Bzero
50895.7
#pred survey bio
 3362.28 5063.23 8112.85 15344 29900 36446.8 31501 37503.1 62054.8 89369.1 96653.3 117462 164902 210582 180961 156433 154354 157961 154202 152210 152587 170792 198721 209820 198750 194895 196370 221935 6.3154e+06 5.23321e+06 3.05716e+06 1.61907e+06 986065 721056 602827 544381 512653 494318 483358 476703 472639 470151 468622 467679 467114 466775 466571 466448 466374 466329 466302 466286 466276 466270 466266 466264 466263 466262 466262 466261 466261 466261 466261 466261 466261 466261 466261 466261 466261 466261 466261 466261 466261 466261 466261 466261 466261 466261 466261 466261 466261 466261 466261 466261 466261 466261 466261 466261 466261 466261 466261 466261 466261 466261 466261 466261 466261 466261 466261 466261 466261 466261 466261 466261 466261 466261 466261 466261 466261 466261 466261 466261 466261 466261 466261 466261 466261 466261 466261 466261 466261 466261 466261 466261 466261 466261 466261 466261 0 0 0 0 0 0 0 0 0 0 0 0 0 0 0 0 0 0 0 0 0 0 0 0 0
#obs survey bio
 2443.01 6293.2 6774.19 20279 28235.1 28332.3 19832.4 36759.9 64399.7 86319.6 78423.4 115805 161753 131712 168837 100037 158818 104109 134860 137855 118207 126431 175461 241681 164190 125552 237628 159428
#pred catch bio
 988.926 1942.31 2608.06 4853.09 11599.1 17786.4 15690.7 14609.2 23201.5 45165.5 48545.1 56757.8 74207.6 120487 105208 90381.5 85777.5 89687.9 87955.3 89395.1 86850.7 94978 115341 127690 121782 119805 111370 96752.9 81200.7 96494.7 56250.3 24532.5 12292.5 8362.02 7198.42 6871 6782.08 6758.55 6752.45 6750.88 6750.49 6750.39 6750.36 6750.36 6750.36 6750.36 6750.35 6750.35 6750.35 6750.35 6750.35 6750.35 6750.35 6750.35 6750.35 6750.35 6750.35 6750.35 6750.35 6750.35 6750.35 6750.35 6750.35 6750.35 6750.35 6750.35 6750.35 6750.35 6750.35 6750.35 6750.35 6750.35 6750.35 6750.35 6750.35 6750.35 6750.35 6750.35 6750.35 6750.35 6750.35 6750.35 6750.35 6750.35 6750.35 6750.35 6750.35 6750.35 6750.35 6750.35 6750.35 6750.35 6750.35 6750.35 6750.35 6750.35 6750.35 6750.35 6750.35 6750.35 6750.35 6750.35 6750.35 6750.35 6750.35 6750.35 6750.35 6750.35 6750.35 6750.35 6750.35 6750.35 6750.35 6750.35 6750.35 6750.35 6750.35 6750.35 6750.35 6750.35 6750.35 6750.35 6750.35 6750.35 6750.35 6750.35 6750.35 6750.35 0 0 0 0 0 0 0 0 0 0 0 0 0 0 0 0 0 0 0 0 0 0 0 0 0
#obs catch bio
 2240.93 1953.74 2434.39 4512.23 10826.2 16281.4 17043.6 13697.9 19847.2 37646.4 46290.9 53117.4 67907.6 115116 98894.8 95510.5 87460.7 87868.5 77343.1 80407.2 82010.4 89000.6 103064 108969 102172 116999 99160.9 91757.1
#pred cpue bio
 2122.53 2731.67 3971.14 7399.89 14294.5 20673.7 18840.5 18549.4 29938.1 47029.6 50240.3 57877.9 77903.2 108562 96315.8 81459.5 75876.7 79215.8 77594 75869 73689.7 80589.4 93923.1 100359 95845 91766.4 91296.4 104840 3.36423e+06 4.10755e+06 2.81947e+06 1.46952e+06 841522 576785 458571 400126 368398 350063 339103 332449 328384 325897 324367 323424 322860 322520 322316 322193 322119 322074 322047 322031 322021 322015 322012 322010 322008 322007 322007 322007 322006 322006 322006 322006 322006 322006 322006 322006 322006 322006 322006 322006 322006 322006 322006 322006 322006 322006 322006 322006 322006 322006 322006 322006 322006 322006 322006 322006 322006 322006 322006 322006 322006 322006 322006 322006 322006 322006 322006 322006 322006 322006 322006 322006 322006 322006 322006 322006 322006 322006 322006 322006 322006 322006 322006 322006 322006 322006 322006 322006 322006 322006 322006 322006 322006 322006 322006 322006 0 0 0 0 0 0 0 0 0 0 0 0 0 0 0 0 0 0 0 0 0 0 0 0 0
#obs cpue bio
 2411.39 3315.18 6068.91 8557.97 17926.1 30802.7 18457.9 36924 69160.1 88992.5 50244.6 89420.8 108432 187053 134296 82308.6 76277.1 139526 180724 120093 106634 143969 184885 180087 222237 120656 153156 156688
#pred surv len freq
 1.64748e-11 1.78819e-09 1.14444e-07 4.31875e-06 9.60974e-05 0.00126084 0.00975487 0.0445165 0.119999 0.192445 0.190177 0.133828 0.0928267 0.0704587 0.0479061 0.0299942 0.0194312 0.012998 0.00903537 0.00664662 0.00525274 0.00450607 0.00396661 0.00308622 0.00180956
 1.76162e-11 1.91207e-09 1.22372e-07 4.61795e-06 0.000102755 0.00134818 0.0104306 0.0475988 0.128287 0.205577 0.202383 0.140307 0.094232 0.0690026 0.0443487 0.0248222 0.0136058 0.00730816 0.00393759 0.00228405 0.00147507 0.00107622 0.000854635 0.000638826 0.000374615
 1.82964e-11 1.9859e-09 1.27097e-07 4.79625e-06 0.000106722 0.00140024 0.0108333 0.0494352 0.133221 0.213357 0.209442 0.14354 0.0939089 0.0665884 0.0405229 0.0203103 0.00958498 0.00433094 0.00183458 0.000776214 0.000356065 0.000192037 0.000123795 8.33094e-05 4.70612e-05
 1.84236e-11 1.9997e-09 1.27981e-07 4.82959e-06 0.000107464 0.00140997 0.0109086 0.0497782 0.134139 0.214777 0.2106 0.143702 0.0931769 0.0657032 0.0400192 0.0200949 0.00934109 0.00397548 0.00148112 0.000506471 0.000168579 5.94042e-05 2.5384e-05 1.32538e-05 6.71643e-06
 1.85341e-11 2.01169e-09 1.28748e-07 4.85856e-06 0.000108109 0.00141843 0.010974 0.0500763 0.134937 0.216011 0.211599 0.143816 0.0924646 0.0647497 0.039266 0.0196093 0.00906974 0.00384772 0.00141336 0.000456224 0.000131079 3.43473e-05 9.07062e-06 2.85571e-06 1.07375e-06
 1.45556e-11 1.57987e-09 1.01112e-07 3.81564e-06 8.4903e-05 0.00111398 0.00861926 0.0393486 0.106267 0.172032 0.177593 0.14516 0.126534 0.105156 0.065381 0.0311887 0.0134341 0.00538813 0.00189612 0.000589165 0.000161948 3.85753e-05 8.01159e-06 1.55956e-06 3.33062e-07
 1.42511e-11 1.54682e-09 9.8996e-08 3.7358e-06 8.31264e-05 0.00109066 0.00843883 0.0385235 0.104019 0.168236 0.172955 0.139663 0.120619 0.102642 0.0698682 0.0400552 0.0207523 0.00889705 0.00301253 0.000861324 0.000219145 4.90096e-05 9.38706e-06 1.518e-06 2.138e-07
 1.85407e-11 2.01241e-09 1.28794e-07 4.86028e-06 0.000108147 0.00141893 0.0109778 0.0500924 0.134961 0.215895 0.210761 0.141342 0.0885922 0.0619733 0.0398559 0.0227104 0.0122084 0.00578941 0.00229797 0.000757028 0.000201391 4.31044e-05 7.63359e-06 1.1286e-06 1.37028e-07
 1.81902e-11 1.97437e-09 1.2636e-07 4.76842e-06 0.000106103 0.00139211 0.0107705 0.0491497 0.132467 0.212275 0.208971 0.144784 0.0966867 0.0690092 0.0409693 0.0192315 0.00837936 0.00361321 0.00145626 0.000525042 0.000160186 3.92e-05 7.44825e-06 1.08773e-06 1.23063e-07
 1.65831e-11 1.79993e-09 1.15195e-07 4.34712e-06 9.67288e-05 0.00126912 0.00981922 0.0448153 0.120875 0.194424 0.19483 0.144223 0.108807 0.0843926 0.0523414 0.0257777 0.0114927 0.00459776 0.00156561 0.000481874 0.000140223 3.64546e-05 7.76906e-06 1.27105e-06 1.53704e-07
 1.68406e-11 1.82789e-09 1.16985e-07 4.41464e-06 9.82312e-05 0.00128884 0.00997167 0.0455099 0.122732 0.197277 0.197062 0.144219 0.106729 0.0818687 0.0506376 0.0249488 0.0111463 0.00445972 0.00148859 0.000422872 0.000105557 2.34437e-05 4.65156e-06 7.85115e-07 1.03608e-07
 1.78327e-11 1.93556e-09 1.23876e-07 4.67469e-06 0.000104017 0.00136475 0.0105588 0.0481852 0.129886 0.208287 0.205748 0.144453 0.0991036 0.0723789 0.0439051 0.0212798 0.00934784 0.00370517 0.00123318 0.000348856 8.49938e-05 1.75065e-05 3.04111e-06 4.48757e-07 5.53901e-08
 1.83953e-11 1.99663e-09 1.27784e-07 4.82217e-06 0.000107299 0.0014078 0.0108918 0.0497029 0.133949 0.214575 0.210885 0.145168 0.0956707 0.0676021 0.0398714 0.018407 0.00759718 0.00288372 0.000936665 0.000260666 6.28389e-05 1.27926e-05 2.15116e-06 2.94167e-07 3.23425e-08
 1.66667e-11 1.80901e-09 1.15777e-07 4.36905e-06 9.72168e-05 0.00127553 0.00986878 0.0450419 0.121492 0.195462 0.196082 0.145676 0.110364 0.0851103 0.0513083 0.0235974 0.00958501 0.00354744 0.00110884 0.000294411 6.82768e-05 1.35665e-05 2.24506e-06 3.01151e-07 3.18251e-08
 1.5931e-11 1.72916e-09 1.10666e-07 4.17618e-06 9.29253e-05 0.00121923 0.00943332 0.043058 0.116189 0.187321 0.189757 0.145824 0.116522 0.0925269 0.0562709 0.0259616 0.0105135 0.00381452 0.0011374 0.000280594 6.00562e-05 1.11136e-05 1.73851e-06 2.24383e-07 2.30948e-08
 1.66005e-11 1.80183e-09 1.15317e-07 4.35169e-06 9.68306e-05 0.00127046 0.00982958 0.0448629 0.121008 0.194675 0.195257 0.144984 0.109852 0.0851037 0.0521339 0.0248767 0.0105504 0.00394458 0.00118778 0.00029074 6.02179e-05 1.04778e-05 1.51361e-06 1.80675e-07 1.74593e-08
 1.76221e-11 1.91271e-09 1.22413e-07 4.6195e-06 0.00010279 0.00134864 0.0104343 0.0476182 0.128378 0.206035 0.204305 0.145507 0.10242 0.0755753 0.0449976 0.0206257 0.00834911 0.00306353 0.000937024 0.000237227 5.04984e-05 8.82719e-06 1.24498e-06 1.40951e-07 1.26649e-08
 1.70591e-11 1.8516e-09 1.18502e-07 4.4719e-06 9.95053e-05 0.00130555 0.010101 0.0461004 0.124327 0.199859 0.199723 0.146333 0.108216 0.0819592 0.0484673 0.021407 0.00816633 0.0028426 0.000833148 0.00020345 4.27114e-05 7.5701e-06 1.09337e-06 1.25135e-07 1.10734e-08
 1.70741e-11 1.85323e-09 1.18606e-07 4.47583e-06 9.95929e-05 0.0013067 0.0101099 0.0461406 0.124431 0.199996 0.19971 0.145942 0.107505 0.081443 0.0485867 0.0219553 0.00862884 0.00302902 0.000864505 0.000199692 3.93504e-05 6.633e-06 9.32168e-07 1.06448e-07 9.53902e-09
 1.72554e-11 1.87291e-09 1.19866e-07 4.52336e-06 0.00010065 0.00132058 0.0102172 0.0466296 0.125739 0.202006 0.201288 0.145957 0.106065 0.0796639 0.0473359 0.0212965 0.00833974 0.00293934 0.00085126 0.000200067 3.93786e-05 6.41928e-06 8.53078e-07 9.21886e-08 7.96619e-09
 1.77615e-11 1.92783e-09 1.23381e-07 4.65602e-06 0.000103602 0.0013593 0.0105167 0.0479945 0.12939 0.207636 0.205784 0.146256 0.102448 0.0749989 0.0438117 0.0191579 0.00719484 0.00245077 0.000694333 0.000160594 3.14075e-05 5.13648e-06 6.81665e-07 7.20459e-08 5.95848e-09
 1.81417e-11 1.96911e-09 1.26023e-07 4.7557e-06 0.00010582 0.0013884 0.0107418 0.0490199 0.132132 0.211853 0.209098 0.146302 0.0994585 0.0713171 0.04125 0.0178131 0.00655883 0.00218693 0.000604745 0.000135465 2.56309e-05 4.09112e-06 5.35866e-07 5.63821e-08 4.64077e-09
 1.80763e-11 1.962e-09 1.25568e-07 4.73854e-06 0.000105438 0.00138339 0.0107031 0.0488435 0.131662 0.21114 0.208592 0.146472 0.100245 0.0721339 0.0416209 0.0177988 0.0064455 0.00211623 0.000577697 0.00012728 2.3528e-05 3.64676e-06 4.62419e-07 4.72826e-08 3.81793e-09
 1.77929e-11 1.93125e-09 1.23599e-07 4.66426e-06 0.000103786 0.00136171 0.0105354 0.0480796 0.129622 0.208029 0.20627 0.146844 0.103094 0.0752973 0.0433766 0.0182466 0.00641064 0.00204199 0.000542614 0.000115818 2.06908e-05 3.11189e-06 3.83465e-07 3.80093e-08 2.97073e-09
 1.75968e-11 1.90997e-09 1.22238e-07 4.61287e-06 0.000102642 0.0013467 0.0104193 0.0475511 0.128211 0.205875 0.204657 0.147084 0.10504 0.0774729 0.0446069 0.0185878 0.00640712 0.00199358 0.000514543 0.000105189 1.78269e-05 2.55122e-06 3.00888e-07 2.86836e-08 2.16559e-09
 1.80648e-11 1.96076e-09 1.25489e-07 4.73555e-06 0.000105372 0.00138252 0.0106963 0.048813 0.131582 0.211038 0.208607 0.146787 0.10082 0.0725786 0.0415929 0.0174203 0.00606708 0.00189984 0.000488212 9.81391e-05 1.61494e-05 2.21945e-06 2.4899e-07 2.24878e-08 1.61438e-09
 1.82074e-11 1.97624e-09 1.26479e-07 4.77292e-06 0.000106203 0.00139343 0.0107807 0.0491976 0.132613 0.212639 0.209948 0.147074 0.100108 0.0714605 0.0404957 0.0165161 0.00549302 0.00165268 0.000417411 8.35205e-05 1.369e-05 1.85967e-06 2.03702e-07 1.77312e-08 1.21431e-09
 1.8034e-11 1.95741e-09 1.25274e-07 4.72746e-06 0.000105192 0.00138016 0.0106781 0.0487297 0.131359 0.210688 0.208301 0.14668 0.100906 0.0727775 0.0418542 0.0176834 0.00624721 0.00197723 0.000508924 0.000101726 1.6564e-05 2.24261e-06 2.45565e-07 2.12852e-08 1.43615e-09
#obs surv len freq
 1.29158e-11 1.40189e-09 8.97208e-08 3.38579e-06 7.53383e-05 0.000988491 0.00764865 0.0349241 0.0943946 0.153345 0.160441 0.135986 0.124743 0.111564 0.0815057 0.0503208 0.0268876 0.0117366 0.0040576 0.00110501 0.000231721 3.61614e-05 4.06399e-06 3.18946e-07 1.69926e-08
 1.83455e-11 1.99123e-09 1.27439e-07 4.80914e-06 0.000107009 0.001404 0.0108625 0.0495692 0.13358 0.213841 0.209158 0.140598 0.0880212 0.0624967 0.0426734 0.0258132 0.0135412 0.00577165 0.00193458 0.000505907 0.000100851 1.4829e-05 1.55893e-06 1.1381e-07 5.61697e-09
 1.55908e-11 1.69223e-09 1.08302e-07 4.087e-06 9.09413e-05 0.00119321 0.00923257 0.042152 0.113858 0.18427 0.189071 0.149186 0.120477 0.0936801 0.0558766 0.0255213 0.0101741 0.00370587 0.0011554 0.000288378 5.48323e-05 7.63311e-06 7.53564e-07 5.13023e-08 2.34846e-09
 1.80784e-11 1.96224e-09 1.25583e-07 4.73912e-06 0.000105451 0.00138357 0.0107048 0.0488567 0.131744 0.211468 0.209053 0.145312 0.0955785 0.0675545 0.042517 0.0221455 0.00948181 0.00313632 0.00077757 0.000150653 2.36814e-05 2.92763e-06 2.6631e-07 1.68709e-08 7.17978e-10
 1.66374e-11 1.80583e-09 1.15573e-07 4.36137e-06 9.70464e-05 0.00127332 0.00985239 0.0449806 0.121465 0.196214 0.199165 0.150566 0.112397 0.0824679 0.0480524 0.021711 0.00827129 0.00265987 0.00067418 0.000128329 1.79103e-05 1.81613e-06 1.3391e-07 7.1241e-09 2.6584e-10
 7.23424e-12 7.85209e-10 5.02533e-08 1.89642e-06 4.21996e-05 0.000553786 0.00428844 0.0196511 0.0539558 0.0935984 0.122152 0.156172 0.188398 0.170212 0.108719 0.0530696 0.0209612 0.00645174 0.00148225 0.000255252 3.31646e-05 3.16912e-06 2.14177e-07 9.94717e-09 3.12593e-10
 1.59356e-11 1.72966e-09 1.10698e-07 4.1774e-06 9.29526e-05 0.00121959 0.00943638 0.0430731 0.116199 0.18678 0.185439 0.130853 0.0921396 0.0797296 0.0694668 0.0492057 0.0250517 0.00876136 0.00212853 0.000368408 4.574e-05 4.02741e-06 2.4777e-07 1.04914e-08 3.00115e-10
 1.80135e-11 1.9552e-09 1.25132e-07 4.72211e-06 0.000105073 0.00137864 0.0106674 0.0487001 0.131465 0.211844 0.211998 0.151114 0.0997782 0.0658175 0.0368922 0.0176638 0.00805169 0.00326887 0.00100509 0.000212394 2.97715e-05 2.74877e-06 1.67507e-07 6.74156e-09 1.78429e-10
 1.59556e-11 1.73184e-09 1.10837e-07 4.18267e-06 9.30709e-05 0.0012212 0.00945046 0.0431693 0.116817 0.190118 0.197542 0.156709 0.120539 0.0861756 0.0479519 0.0204552 0.00711042 0.00204743 0.000487015 9.47532e-05 1.40987e-05 1.46273e-06 9.93852e-08 4.29522e-09 1.16795e-10
 1.47141e-11 1.59708e-09 1.02213e-07 3.85722e-06 8.58296e-05 0.00112621 0.0087163 0.0398319 0.107957 0.176768 0.187518 0.156456 0.128083 0.096314 0.0572919 0.0266961 0.00980398 0.00270988 0.000546173 8.15238e-05 9.26909e-06 8.00974e-07 5.04408e-08 2.18226e-09 6.16313e-11
 1.42492e-11 1.54662e-09 9.89836e-08 3.73536e-06 8.31185e-05 0.00109066 0.00844178 0.0385881 0.10469 0.171992 0.184224 0.156563 0.130229 0.0991181 0.0604333 0.0292955 0.0112292 0.00323446 0.000673053 9.96952e-05 1.04031e-05 7.57106e-07 3.82729e-08 1.34085e-09 3.2191e-11
 1.67459e-11 1.81761e-09 1.16327e-07 4.38983e-06 9.7681e-05 0.0012817 0.00991903 0.045312 0.122596 0.199099 0.204151 0.154051 0.109131 0.0757986 0.0451175 0.0219036 0.00845784 0.00246772 0.000524299 7.95153e-05 8.4215e-06 6.07693e-07 2.92865e-08 9.30227e-10 1.93101e-11
 1.52889e-11 1.65946e-09 1.06206e-07 4.00791e-06 8.91839e-05 0.00117028 0.00905871 0.0414168 0.112416 0.184727 0.196904 0.162643 0.126454 0.0877637 0.0476738 0.0202861 0.00700959 0.00191993 0.000396656 5.94946e-05 6.27284e-06 4.51214e-07 2.16017e-08 6.75111e-10 1.35643e-11
 1.28893e-11 1.39901e-09 8.95368e-08 3.37889e-06 7.51889e-05 0.000986728 0.00764062 0.0349795 0.0954081 0.159523 0.179412 0.165784 0.144978 0.10838 0.0625085 0.0278357 0.00954021 0.0024283 0.000449555 6.05182e-05 5.87117e-06 3.99184e-07 1.83864e-08 5.57458e-10 1.08883e-11
 1.22373e-11 1.32824e-09 8.50077e-08 3.20799e-06 7.13868e-05 0.000936873 0.00725563 0.0332327 0.0907766 0.152419 0.173153 0.162691 0.145524 0.113445 0.0702607 0.0339223 0.0123629 0.00325491 0.000605035 7.87482e-05 7.10701e-06 4.38786e-07 1.82732e-08 5.05726e-10 9.14691e-12
 1.3703e-11 1.48733e-09 9.51894e-08 3.59222e-06 7.99366e-05 0.00104905 0.00812332 0.0371855 0.101325 0.168462 0.185076 0.161354 0.13297 0.0992416 0.0607875 0.0295974 0.0110526 0.0030216 0.000585397 7.85451e-05 7.14315e-06 4.32119e-07 1.71447e-08 4.41405e-10 7.30724e-12
 1.35377e-11 1.46939e-09 9.40415e-08 3.54892e-06 7.89747e-05 0.0010365 0.00802799 0.0367767 0.100449 0.168178 0.187898 0.167542 0.137803 0.0985163 0.0562408 0.0254682 0.00903515 0.00241028 0.000465051 6.28818e-05 5.78508e-06 3.52794e-07 1.39727e-08 3.53949e-10 5.66907e-12
 1.39954e-11 1.51907e-09 9.72212e-08 3.66893e-06 8.16458e-05 0.00107158 0.00830012 0.0380261 0.103851 0.17361 0.192471 0.167927 0.134204 0.0941355 0.0529447 0.0232506 0.00779576 0.00193293 0.000346722 4.41739e-05 3.896e-06 2.30935e-07 8.9601e-09 2.22891e-10 3.49977e-12
 1.41889e-11 1.54008e-09 9.85657e-08 3.71969e-06 8.27769e-05 0.00108648 0.00841683 0.0385771 0.105468 0.176709 0.196402 0.170633 0.133642 0.0907295 0.0490759 0.0206649 0.00663773 0.00156967 0.000265611 3.15249e-05 2.57257e-06 1.413e-07 5.11735e-09 1.19923e-10 1.78849e-12
 1.41983e-11 1.54109e-09 9.8631e-08 3.72218e-06 8.28344e-05 0.00108731 0.00842495 0.0386357 0.105781 0.177818 0.198699 0.173006 0.134136 0.0891669 0.0468556 0.0189736 0.00580139 0.00129677 0.000206456 2.29585e-05 1.74671e-06 8.895e-08 2.97269e-09 6.41349e-11 8.81095e-13
 1.43868e-11 1.56156e-09 9.99413e-08 3.77166e-06 8.39373e-05 0.00110185 0.00853895 0.0391734 0.107339 0.180639 0.201723 0.174137 0.132517 0.0863035 0.0444425 0.0175353 0.0051729 0.00110446 0.000166404 1.73692e-05 1.23259e-06 5.82902e-08 1.80319e-09 3.59118e-11 4.54319e-13
 1.48152e-11 1.60806e-09 1.02917e-07 3.88399e-06 8.64389e-05 0.00113475 0.00879494 0.0403573 0.110615 0.186055 0.206683 0.175192 0.129071 0.0810964 0.0402785 0.0152853 0.00432334 0.000882258 0.000126435 1.24697e-05 8.3025e-07 3.66101e-08 1.05081e-09 1.93471e-11 2.25695e-13
 1.45485e-11 1.57911e-09 1.01065e-07 3.81417e-06 8.48894e-05 0.00111456 0.0086418 0.0396961 0.109101 0.184718 0.207826 0.178689 0.13163 0.0809879 0.0388104 0.0140731 0.00378242 0.000731371 9.9068e-05 9.2083e-06 5.75942e-07 2.37733e-08 6.36386e-10 1.08875e-11 1.17628e-13
 1.45092e-11 1.57486e-09 1.00794e-07 3.80397e-06 8.4666e-05 0.00111176 0.00862253 0.0396354 0.109105 0.185274 0.209222 0.179895 0.13154 0.0800505 0.0378427 0.0134113 0.00347323 0.000638805 8.15528e-05 7.10301e-06 4.14888e-07 1.59607e-08 3.97586e-10 6.32051e-12 6.33545e-14
 1.44526e-11 1.56872e-09 1.00401e-07 3.78925e-06 8.43432e-05 0.00110768 0.00859415 0.0395409 0.10907 0.185971 0.211194 0.181877 0.131646 0.0785194 0.0361944 0.0124546 0.00311744 0.000551168 6.71497e-05 5.53275e-06 3.0317e-07 1.08702e-08 2.51295e-10 3.69805e-12 3.42666e-14
 1.31726e-11 1.42979e-09 9.15117e-08 3.45395e-06 7.68918e-05 0.00101026 0.00784732 0.0362168 0.10071 0.175116 0.206962 0.188411 0.142132 0.0856496 0.0390105 0.0130863 0.00316401 0.000536911 6.24718e-05 4.89227e-06 2.53491e-07 8.54888e-09 1.84916e-10 2.53405e-12 2.17786e-14
 1.33174e-11 1.44551e-09 9.25189e-08 3.49204e-06 7.77437e-05 0.00102155 0.00793661 0.0366383 0.101879 0.176831 0.207586 0.18672 0.139925 0.0850143 0.0393238 0.0132812 0.00317552 0.000523839 5.85153e-05 4.36167e-06 2.13813e-07 6.7915e-09 1.37866e-10 1.76752e-12 1.41706e-14
 1.34682e-11 1.46189e-09 9.35688e-08 3.53181e-06 7.86368e-05 0.00103352 0.00803371 0.0371266 0.103445 0.180053 0.211493 0.188426 0.13778 0.0810022 0.0362832 0.0119372 0.00279765 0.000453171 4.94798e-05 3.57172e-06 1.67763e-07 5.058e-09 9.67624e-11 1.16315e-12 8.71236e-15
#pred catch len freq
 1.08541e-11 1.17811e-09 7.5399e-08 2.84532e-06 6.33123e-05 0.000830701 0.00642775 0.0293509 0.0793624 0.12925 0.137075 0.121626 0.118401 0.108546 0.0806733 0.0548312 0.0377608 0.026001 0.0182989 0.0135271 0.0107074 0.0091893 0.00808992 0.00629447 0.00369068
 1.3057e-11 1.41721e-09 9.07013e-08 3.42279e-06 7.61614e-05 0.000999284 0.00773196 0.0353005 0.0953702 0.154679 0.161046 0.135281 0.122966 0.107336 0.0742507 0.0442821 0.0255973 0.0141341 0.00771378 0.00450095 0.00291291 0.0021265 0.00168887 0.00126243 0.000740305
 1.38056e-11 1.49847e-09 9.59017e-08 3.61903e-06 8.05282e-05 0.00105658 0.00817524 0.0373235 0.100824 0.163431 0.16971 0.141335 0.126598 0.108021 0.0707242 0.0377498 0.0189489 0.00887294 0.00382191 0.00163098 0.000751047 0.000405586 0.000261539 0.000176015 9.94308e-05
 1.39712e-11 1.51644e-09 9.7052e-08 3.66244e-06 8.14941e-05 0.00106925 0.00827326 0.0377703 0.102021 0.165291 0.171268 0.141688 0.125897 0.10717 0.0703397 0.0376211 0.0185755 0.00818174 0.00309838 0.00106934 0.000357683 0.000126304 5.40087e-05 2.82042e-05 1.4293e-05
 1.45403e-11 1.57821e-09 1.01005e-07 3.81163e-06 8.48137e-05 0.0011128 0.00861012 0.0393054 0.10613 0.171642 0.176414 0.142273 0.122222 0.102233 0.0663974 0.0350167 0.0170624 0.00745757 0.00277741 0.00090327 0.000260559 6.84035e-05 1.80792e-05 5.69361e-06 2.14095e-06
 1.02209e-11 1.10938e-09 7.10002e-08 2.67933e-06 5.96189e-05 0.000782259 0.00605361 0.0276585 0.0750061 0.123926 0.139649 0.144162 0.159876 0.146581 0.0946553 0.0470636 0.0212643 0.00879026 0.00313675 0.000981725 0.000270877 6.46327e-05 1.34334e-05 2.61582e-06 5.58709e-07
 9.81123e-12 1.06491e-09 6.81544e-08 2.57194e-06 5.72293e-05 0.000750903 0.00581088 0.0265477 0.0719691 0.118711 0.132892 0.135339 0.149744 0.141767 0.101325 0.0610258 0.0328908 0.0143767 0.00491458 0.00141452 0.00036145 8.10044e-05 1.55289e-05 2.51211e-06 3.53865e-07
 1.44466e-11 1.56804e-09 1.00354e-07 3.78707e-06 8.42671e-05 0.00110563 0.00855452 0.0390494 0.105409 0.170241 0.173879 0.137513 0.115622 0.0979166 0.0682113 0.0413146 0.0232687 0.0112912 0.00453089 0.00150175 0.000400806 8.59283e-05 1.5231e-05 2.25287e-06 2.73585e-07
 1.40121e-11 1.52088e-09 9.73359e-08 3.67316e-06 8.17325e-05 0.00107238 0.00829752 0.0378821 0.102337 0.165921 0.172461 0.14399 0.129047 0.108963 0.0688253 0.0340285 0.015714 0.00703244 0.00288133 0.00104651 0.000320332 7.85017e-05 1.49254e-05 2.18035e-06 2.46717e-07
 1.2688e-11 1.37716e-09 8.81383e-08 3.32607e-06 7.40095e-05 0.000971056 0.00751382 0.0343109 0.0927831 0.151181 0.160655 0.143108 0.138444 0.121439 0.0788274 0.0404223 0.0187792 0.00769769 0.00265129 0.000821487 0.000239939 6.24744e-05 1.33216e-05 2.1799e-06 2.63631e-07
 1.29941e-11 1.41038e-09 9.02643e-08 3.40629e-06 7.57946e-05 0.000994476 0.00769496 0.0351362 0.0949898 0.154574 0.163319 0.143137 0.136028 0.118479 0.0767994 0.039408 0.0183455 0.00751953 0.00253785 0.000725454 0.000181754 4.04408e-05 8.03051e-06 1.35586e-06 1.78947e-07
 1.41844e-11 1.53959e-09 9.85333e-08 3.71834e-06 8.27379e-05 0.00108557 0.00839952 0.0383466 0.103577 0.167804 0.17383 0.143662 0.127251 0.107343 0.0686258 0.0346699 0.015883 0.00645561 0.00217345 0.000618763 0.000151304 3.12206e-05 5.4279e-06 8.01262e-07 9.89154e-08
 1.47805e-11 1.60428e-09 1.02674e-07 3.87459e-06 8.62146e-05 0.00113118 0.00875235 0.0399549 0.107886 0.174508 0.179471 0.144965 0.12445 0.102849 0.0641502 0.0308842 0.0133444 0.00521803 0.00171829 0.000481654 0.000116587 2.37815e-05 4.00258e-06 5.47565e-07 6.02133e-08
 1.33144e-11 1.44515e-09 9.24894e-08 3.49027e-06 7.7663e-05 0.00101899 0.00788462 0.0360018 0.0973231 0.158317 0.167015 0.145671 0.137338 0.118006 0.0737918 0.0349512 0.0146832 0.00555728 0.00175504 0.000468512 0.000108997 2.16914e-05 3.59208e-06 4.81985e-07 5.09419e-08
 1.24701e-11 1.35351e-09 8.66245e-08 3.26894e-06 7.27384e-05 0.000954382 0.00738491 0.033725 0.0912372 0.14897 0.159735 0.145784 0.14432 0.126476 0.079548 0.0377797 0.0158203 0.00586812 0.00176749 0.000438427 9.41648e-05 1.74577e-05 2.73319e-06 3.52889e-07 3.63269e-08
 1.32525e-11 1.43843e-09 9.20591e-08 3.47403e-06 7.73017e-05 0.00101425 0.00784793 0.035834 0.0968663 0.157548 0.166086 0.144593 0.136208 0.117592 0.0748036 0.0368071 0.0161253 0.00615033 0.00186866 0.000459712 9.55291e-05 1.66518e-05 2.40757e-06 2.875e-07 2.77873e-08
 1.44376e-11 1.56706e-09 1.00292e-07 3.7847e-06 8.42146e-05 0.00110494 0.00854942 0.0390306 0.10542 0.170753 0.176711 0.145555 0.128126 0.106886 0.0663523 0.0313565 0.0131302 0.00492692 0.00152245 0.000387505 8.27514e-05 1.44892e-05 2.04518e-06 2.31638e-07 2.08174e-08
 1.38082e-11 1.49875e-09 9.59198e-08 3.61972e-06 8.05435e-05 0.00105678 0.00817694 0.0373342 0.100894 0.163873 0.171697 0.146774 0.135058 0.114332 0.0701256 0.0318311 0.0125534 0.00447564 0.00132656 0.000325793 6.86316e-05 1.21861e-05 1.76151e-06 2.01677e-07 1.78498e-08
 1.38354e-11 1.5017e-09 9.61087e-08 3.62685e-06 8.07021e-05 0.00105886 0.00819302 0.0374071 0.101084 0.164127 0.17171 0.146164 0.133918 0.11349 0.0702884 0.0326754 0.0132691 0.00476263 0.00137317 0.000318912 6.30695e-05 1.06527e-05 1.49849e-06 1.7119e-07 1.53436e-08
 1.41983e-11 1.54109e-09 9.86296e-08 3.72198e-06 8.28189e-05 0.00108663 0.00840781 0.0383858 0.103701 0.168154 0.174881 0.146231 0.131094 0.109972 0.0677786 0.0313118 0.0126413 0.00454976 0.00133035 0.000314225 6.20428e-05 1.01315e-05 1.34755e-06 1.45685e-07 1.25914e-08
 1.47469e-11 1.60064e-09 1.02441e-07 3.86579e-06 8.60188e-05 0.00112862 0.00873253 0.0398656 0.107662 0.174274 0.179838 0.146783 0.12752 0.105147 0.0638651 0.0286761 0.0111151 0.00387447 0.00110958 0.000258042 5.06379e-05 8.29704e-06 1.10209e-06 1.1653e-07 9.63943e-09
 1.51734e-11 1.64693e-09 1.05403e-07 3.97759e-06 8.85064e-05 0.00116125 0.00898496 0.0410158 0.110738 0.179011 0.183589 0.146928 0.124312 0.101117 0.0609598 0.0270421 0.0102833 0.00351249 0.00098239 0.000221319 4.20279e-05 6.72226e-06 8.81371e-07 9.27779e-08 7.63811e-09
 1.52617e-11 1.65652e-09 1.06017e-07 4.00075e-06 8.90217e-05 0.00116801 0.00903725 0.0412542 0.111377 0.180008 0.184443 0.147171 0.123971 0.100496 0.0602666 0.0264037 0.00984627 0.00330644 0.000912309 0.000202067 3.74775e-05 5.82005e-06 7.38688e-07 7.55647e-08 6.10291e-09
 1.50968e-11 1.63861e-09 1.04871e-07 3.9575e-06 8.80595e-05 0.00115539 0.00893963 0.0408096 0.110192 0.178218 0.183192 0.147665 0.126053 0.102622 0.0611774 0.026279 0.00947803 0.00308357 0.000827823 0.00017757 3.18221e-05 4.7948e-06 5.91374e-07 5.86422e-08 4.58428e-09
 1.48743e-11 1.61446e-09 1.03325e-07 3.89918e-06 8.67617e-05 0.00113836 0.00880795 0.0402099 0.108591 0.175778 0.181381 0.147991 0.128343 0.105148 0.0625565 0.0265959 0.00940672 0.00299011 0.000779858 0.000160224 2.72416e-05 3.90634e-06 4.61169e-07 4.39839e-08 3.32148e-09
 1.55063e-11 1.68306e-09 1.07715e-07 4.06485e-06 9.04481e-05 0.00118673 0.009182 0.0419139 0.113144 0.182751 0.186722 0.147609 0.122674 0.098558 0.058479 0.0249934 0.00892406 0.00285136 0.000739888 0.000149422 2.46637e-05 3.3962e-06 3.81386e-07 3.4462e-08 2.47458e-09
 1.53667e-11 1.66791e-09 1.06746e-07 4.02826e-06 8.96339e-05 0.00117604 0.0090994 0.0415379 0.112143 0.181247 0.185711 0.148159 0.124634 0.100475 0.0591629 0.0246747 0.0084503 0.00260867 0.000667468 0.000134368 2.21088e-05 3.01042e-06 3.30156e-07 2.87555e-08 1.9699e-09
 1.42499e-11 1.54669e-09 9.89883e-08 3.73551e-06 8.312e-05 0.00109059 0.00843841 0.038526 0.104086 0.16883 0.175823 0.147593 0.132768 0.110902 0.0669702 0.0293213 0.010849 0.00356054 0.000932433 0.000187988 3.07949e-05 4.1858e-06 4.59284e-07 3.98494e-08 2.69005e-09
#obs catch len freq
 1.09145e-11 1.18467e-09 7.58187e-08 2.86117e-06 6.3665e-05 0.000835342 0.00646411 0.0295263 0.0799509 0.131029 0.142341 0.133756 0.137302 0.128871 0.0959195 0.0601008 0.0325709 0.0144274 0.00507438 0.00140874 0.000301357 4.79748e-05 5.49727e-06 4.39461e-07 2.38232e-08
 1.12053e-11 1.21623e-09 7.78388e-08 2.9374e-06 6.53613e-05 0.000857602 0.00663645 0.030315 0.0820975 0.13457 0.146 0.135969 0.137157 0.126757 0.0931149 0.057344 0.0302993 0.0129903 0.00438858 0.0011607 0.000234791 3.51121e-05 3.75775e-06 2.79234e-07 1.40164e-08
 1.71597e-11 1.86253e-09 1.19201e-07 4.49829e-06 0.000100093 0.00131326 0.0101608 0.046374 0.125057 0.200831 0.199163 0.140626 0.0966946 0.07308 0.0506886 0.0305971 0.0158488 0.00662419 0.00216605 0.000549173 0.000105434 1.48347e-05 1.48326e-06 1.02422e-07 4.75846e-09
 1.43833e-11 1.56118e-09 9.99151e-08 3.77049e-06 8.38988e-05 0.00110082 0.00851829 0.0389025 0.105222 0.171301 0.179912 0.151273 0.131357 0.104743 0.0624225 0.0283632 0.0112073 0.0040133 0.00122023 0.000294845 5.39038e-05 7.16965e-06 6.72325e-07 4.32475e-08 1.86206e-09
 1.71911e-11 1.86593e-09 1.19419e-07 4.50651e-06 0.000100276 0.00131568 0.0101799 0.0464686 0.125395 0.201912 0.20218 0.146449 0.103082 0.0756377 0.0478223 0.0247087 0.0103964 0.00335847 0.000811008 0.000152454 2.30782e-05 2.72482e-06 2.35139e-07 1.40578e-08 5.6217e-10
 1.57702e-11 1.71171e-09 1.09549e-07 4.13406e-06 9.19887e-05 0.00120697 0.00933956 0.0426496 0.11529 0.187042 0.192995 0.152621 0.120417 0.0901309 0.0523634 0.0234539 0.00880429 0.00276654 0.000680652 0.00012507 1.67656e-05 1.62469e-06 1.13808e-07 5.71501e-09 2.00191e-10
 6.54905e-12 7.10839e-10 4.54937e-08 1.71681e-06 3.82035e-05 0.000501378 0.00388369 0.0178172 0.0491534 0.0867683 0.118474 0.159443 0.195378 0.175486 0.11098 0.0534975 0.0207192 0.00621188 0.00138451 0.000230211 2.8697e-05 2.61461e-06 1.6763e-07 7.35278e-09 2.17257e-10
 1.52792e-11 1.65841e-09 1.06138e-07 4.00534e-06 8.91242e-05 0.00116937 0.00904816 0.0413074 0.111505 0.179684 0.180104 0.130924 0.0968837 0.0860732 0.0746455 0.0517894 0.0256454 0.00869865 0.00204384 0.000340599 4.05003e-05 3.39802e-06 1.98221e-07 7.92063e-09 2.12915e-10
 1.75524e-11 1.90515e-09 1.21929e-07 4.60124e-06 0.000102384 0.00134337 0.0103949 0.0474646 0.128217 0.207151 0.209199 0.152769 0.104084 0.0693891 0.0387376 0.0184263 0.00827099 0.00325949 0.000963691 0.00019485 2.60448e-05 2.28559e-06 1.31898e-07 5.00739e-09 1.24545e-10
 1.55222e-11 1.68479e-09 1.07826e-07 4.06905e-06 9.0543e-05 0.00118805 0.00919459 0.0420119 0.1138 0.185891 0.19542 0.158961 0.12491 0.0892491 0.049102 0.02063 0.00702458 0.00197076 0.000454326 8.49113e-05 1.20236e-05 1.18018e-06 7.56187e-08 3.07469e-09 7.84834e-11
 1.43495e-11 1.55751e-09 9.96804e-08 3.76165e-06 8.37037e-05 0.00109834 0.00850132 0.0388619 0.10545 0.173352 0.186073 0.15874 0.131883 0.0987673 0.0580207 0.0265478 0.00949934 0.00254339 0.000494816 7.09983e-05 7.71094e-06 6.31697e-07 3.74605e-08 1.51925e-09 4.01183e-11
 1.3952e-11 1.51436e-09 9.69189e-08 3.65745e-06 8.13855e-05 0.00106795 0.00826678 0.0378011 0.102678 0.169352 0.183401 0.15884 0.133469 0.100955 0.060739 0.028879 0.0107705 0.00299968 0.000600674 8.52e-05 8.47138e-06 5.8471e-07 2.78949e-08 9.17349e-10 2.05704e-11
 1.65518e-11 1.79654e-09 1.14979e-07 4.33897e-06 9.65496e-05 0.00126688 0.00980494 0.0448006 0.121302 0.197464 0.203818 0.155764 0.111312 0.0768883 0.0451403 0.0214713 0.0080589 0.00227124 0.000463674 6.71977e-05 6.76528e-06 4.62005e-07 2.09908e-08 6.26319e-10 1.21709e-11
 1.51382e-11 1.64311e-09 1.05159e-07 3.96842e-06 8.83059e-05 0.00115879 0.00897064 0.0410274 0.111474 0.183747 0.19735 0.164749 0.128205 0.0879176 0.0469811 0.0195946 0.00658848 0.001743 0.000345649 4.94688e-05 4.94973e-06 3.36331e-07 1.51521e-08 4.4418e-10 8.34828e-12
 1.27914e-11 1.38838e-09 8.88569e-08 3.35325e-06 7.46192e-05 0.000979294 0.00758416 0.0347373 0.0948837 0.159279 0.180645 0.168259 0.146486 0.10793 0.0611213 0.0265787 0.00883138 0.00216749 0.000385175 4.94921e-05 4.55435e-06 2.92118e-07 1.26397e-08 3.58835e-10 6.54583e-12
 1.22023e-11 1.32445e-09 8.4765e-08 3.19884e-06 7.11843e-05 0.000934261 0.00723654 0.0331613 0.0907108 0.152874 0.174905 0.165177 0.146766 0.112704 0.0684591 0.0321959 0.011347 0.00287374 0.000511457 6.34151e-05 5.42459e-06 3.15954e-07 1.2359e-08 3.20027e-10 5.3984e-12
 1.3711e-11 1.48821e-09 9.52456e-08 3.59435e-06 7.99851e-05 0.00104973 0.00812967 0.0372292 0.101556 0.169313 0.186954 0.163489 0.133714 0.0982383 0.058983 0.0279618 0.0100901 0.00264935 0.000490283 6.25086e-05 5.37697e-06 3.06453e-07 1.14147e-08 2.75001e-10 4.24742e-12
 1.35898e-11 1.47504e-09 9.44035e-08 3.5626e-06 7.92804e-05 0.00104056 0.00806073 0.0369431 0.101023 0.169596 0.190256 0.169615 0.137895 0.0967925 0.054115 0.0238646 0.0081819 0.00209508 0.000385639 4.94607e-05 4.29509e-06 2.46265e-07 9.14088e-09 2.16429e-10 3.23267e-12
 1.40861e-11 1.52892e-09 9.78516e-08 3.69274e-06 8.21772e-05 0.00107861 0.00835584 0.0382975 0.104704 0.175434 0.195059 0.169835 0.133919 0.0920717 0.0506023 0.0215901 0.0069852 0.00166151 0.000284266 3.43332e-05 2.85477e-06 1.58832e-07 5.76487e-09 1.33803e-10 1.95623e-12
 1.43133e-11 1.55358e-09 9.94303e-08 3.75234e-06 8.35053e-05 0.00109611 0.00849277 0.0389419 0.106576 0.178922 0.199238 0.172369 0.132886 0.088273 0.0466007 0.0190446 0.00589508 0.00133525 0.000215208 2.41938e-05 1.86038e-06 9.58541e-08 3.24435e-09 7.08443e-11 9.82242e-13
 1.43481e-11 1.55736e-09 9.96725e-08 3.76152e-06 8.37118e-05 0.0010989 0.00851626 0.0390721 0.107086 0.18034 0.201742 0.174625 0.133034 0.0863997 0.0442457 0.0173648 0.0051106 0.00109303 0.000165578 1.74227e-05 1.24793e-06 5.95757e-08 1.85993e-09 3.73755e-11 4.77103e-13
 1.45645e-11 1.58085e-09 1.01176e-07 3.81829e-06 8.49774e-05 0.00111559 0.00864699 0.0396869 0.108851 0.183465 0.204927 0.175595 0.131086 0.0832844 0.0417323 0.0159345 0.00451843 0.000921918 0.000132021 1.30275e-05 8.69705e-07 3.85323e-08 1.11291e-09 2.06358e-11 2.42499e-13
 1.5011e-11 1.62932e-09 1.04278e-07 3.9354e-06 8.75856e-05 0.00114989 0.00891398 0.0409217 0.112262 0.189062 0.209922 0.17642 0.127331 0.0779308 0.0376121 0.0137966 0.00374669 0.00072978 9.92866e-05 9.24786e-06 5.78792e-07 2.38963e-08 6.40099e-10 1.09686e-11 1.18822e-13
 1.47642e-11 1.60253e-09 1.02565e-07 3.87081e-06 8.6153e-05 0.00113126 0.00877317 0.0403194 0.110917 0.188 0.21125 0.179791 0.129541 0.0775459 0.0360706 0.0126297 0.00325591 0.000600295 7.71159e-05 6.76299e-06 3.97275e-07 1.53426e-08 3.83071e-10 6.09714e-12 6.11544e-14
 1.47441e-11 1.60036e-09 1.02426e-07 3.86565e-06 8.60424e-05 0.00112995 0.00876568 0.0403138 0.111073 0.188781 0.212771 0.180894 0.129229 0.0764219 0.0350123 0.0119624 0.00296786 0.000519984 6.29069e-05 5.16571e-06 2.83181e-07 1.01856e-08 2.36508e-10 3.49601e-12 3.25185e-14
 1.47012e-11 1.5957e-09 1.02129e-07 3.85455e-06 8.58009e-05 0.00112696 0.008746 0.0402611 0.111156 0.189656 0.214827 0.182737 0.129098 0.0747479 0.0333548 0.0110522 0.002647 0.000445266 5.13501e-05 3.98571e-06 2.04856e-07 6.86477e-09 1.47875e-10 2.02271e-12 1.73861e-14
 1.34423e-11 1.45907e-09 9.3387e-08 3.52484e-06 7.84755e-05 0.00103123 0.00801307 0.0370072 0.103017 0.179221 0.211017 0.18934 0.139239 0.0814223 0.0358751 0.011577 0.00267549 0.000431515 4.74779e-05 3.49921e-06 1.6993e-07 5.35275e-09 1.07843e-10 1.37334e-12 1.09473e-14
 1.36009e-11 1.4763e-09 9.44906e-08 3.56658e-06 7.94092e-05 0.00104362 0.00811091 0.0374679 0.104286 0.181069 0.211717 0.187675 0.137032 0.080677 0.0360251 0.0116817 0.0026661 0.000417612 4.40762e-05 3.08966e-06 1.41852e-07 4.20579e-09 7.94781e-11 9.4647e-13 7.03567e-15
#spawning biomass
 2997.34 4362.11 6846.76 12903.4 25083.1 32556.2 28356.5 31581.8 52345.3 77557.2 83524.4 99743.1 138396 182187 158362 135576 131376 135650 132442 130320 129404 143789 167474 177693 168877 164207 164925 187127 239927 235654 122141 54483.8 29211 21126.8 18734.6 18061.5 17878.7 17830.3 17817.8 17814.6 17813.8 17813.6 17813.5 17813.5 17813.5 17813.5 17813.5 17813.5 17813.5 17813.5 17813.5 17813.5 17813.5 17813.5 17813.5 17813.5 17813.5 17813.5 17813.5 17813.5 17813.5 17813.5 17813.5 17813.5 17813.5 17813.5 17813.5 17813.5 17813.5 17813.5 17813.5 17813.5 17813.5 17813.5 17813.5 17813.5 17813.5 17813.5 17813.5 17813.5 17813.5 17813.5 17813.5 17813.5 17813.5 17813.5 17813.5 17813.5 17813.5 17813.5 17813.5 17813.5 17813.5 17813.5 17813.5 17813.5 17813.5 17813.5 17813.5 17813.5 17813.5 17813.5 17813.5 17813.5 17813.5 17813.5 17813.5 17813.5 17813.5 17813.5 17813.5 17813.5 17813.5 17813.5 17813.5 17813.5 17813.5 17813.5 17813.5 17813.5 17813.5 17813.5 17813.5 17813.5 17813.5 17813.5 17813.5 17813.5 0 0 0 0 0 0 0 0 0 0 0 0 0 0 0 0 0 0 0 0 0 0 0 0 0
