SBPRF35
0.819782
Curr Bio
107074
B35
674948
F35
0.232988
FOFL
0
OFL
0
Bzero
234224
#pred survey bio
 9542.73 9772.44 6978.75 7381.41 10008.7 17458 23635.7 28878.9 44837.7 61023.1 71213.2 87235.8 103297 125760 130821 127496 114142 121041 111378 109399 121664 126756 150232 159983 143587 146864 146898 156893 128220 2.6176e+06 4.12659e+06 4.69006e+06 4.64117e+06 4.27979e+06 3.81689e+06 3.37132e+06 2.99411e+06 2.69703e+06 2.47327e+06 2.30945e+06 2.19163e+06 2.10776e+06 2.04832e+06 2.00586e+06 1.97441e+06 1.9524e+06 1.9368e+06 1.92558e+06 1.91741e+06 1.91138e+06 1.90686e+06 1.90343e+06 1.9008e+06 1.89877e+06 1.89717e+06 1.89592e+06 1.89492e+06 1.89412e+06 1.89348e+06 1.89297e+06 1.89255e+06 1.89221e+06 1.89194e+06 1.89172e+06 1.89153e+06 1.89139e+06 1.89127e+06 1.89117e+06 1.89109e+06 1.89102e+06 1.89097e+06 1.89092e+06 1.89089e+06 1.89086e+06 1.89083e+06 1.89081e+06 1.8908e+06 1.89078e+06 1.89077e+06 1.89076e+06 1.89076e+06 1.89075e+06 1.89075e+06 1.89074e+06 1.89074e+06 1.89074e+06 1.89073e+06 1.89073e+06 1.89073e+06 1.89073e+06 1.89073e+06 1.89073e+06 1.89073e+06 1.89073e+06 1.89073e+06 1.89073e+06 1.89073e+06 1.89073e+06 1.89073e+06 1.89073e+06 1.89073e+06 1.89073e+06 1.89073e+06 1.89072e+06 1.89072e+06 1.89072e+06 1.89072e+06 1.89072e+06 1.89072e+06 1.89072e+06 1.89072e+06 1.89072e+06 1.89072e+06 1.89072e+06 1.89072e+06 1.89072e+06 1.89072e+06 1.89072e+06 1.89072e+06 1.89072e+06 1.89072e+06 1.89072e+06 1.89072e+06 1.89072e+06 1.89072e+06 1.89072e+06 1.89072e+06 1.89072e+06 1.89072e+06 0 0 0 0 0 0 0 0 0 0 0 0 0 0 0 0 0 0 0 0 0 0 0 0 0
#obs survey bio
 8202.34 6598.1 6215.65 8998.02 15976.1 20062.3 21272.8 35678.9 48356.8 59558.1 109169 110015 82616.6 94459.1 113504 129199 76060.3 112007 93947.1 93801.2 152094 91720.8 115228 169886 165834 133679 138700 140352 96446.3
#pred catch bio
 3155.57 5054.89 3290.43 3198.85 4066.86 10990.1 16489.1 18354.6 29095.1 43731.6 50723.7 63012.1 72535.2 91655.1 96975.7 101627 82600.3 93688.2 86696.9 81854.8 95937.5 97018.9 116552 130660 114848 120251 117075 131624 112016 0 35622.1 40700.9 39839.7 36188.2 31701.7 27470.2 23947.1 21220.6 19208.6 17771.6 16769.2 16081.9 15616.6 15303.2 15089.6 14951 14861.1 14802.8 14765 14740.5 14724.6 14714.3 14707.6 14703.3 14700.5 14698.6 14697.5 14696.7 14696.2 14695.9 14695.7 14695.5 14695.4 14695.4 14695.3 14695.3 14695.3 14695.3 14695.3 14695.3 14695.3 14695.3 14695.3 14695.3 14695.3 14695.3 14695.3 14695.3 14695.3 14695.3 14695.3 14695.3 14695.3 14695.3 14695.3 14695.3 14695.3 14695.3 14695.3 14695.3 14695.3 14695.3 14695.3 14695.3 14695.3 14695.3 14695.3 14695.3 14695.3 14695.3 14695.3 14695.3 14695.3 14695.3 14695.3 14695.3 14695.3 14695.3 14695.3 14695.3 14695.3 14695.3 14695.3 14695.3 14695.3 14695.3 14695.3 14695.3 14695.3 14695.3 14695.3 14695.3 14695.3 14695.3 14695.3 14695.3 14695.3 14695.3 14695.3 0 0 0 0 0 0 0 0 0 0 0 0 0 0 0 0 0 0 0 0 0 0 0 0 0
#obs catch bio
 4028.61 5313.21 3702.28 3030.91 3231.53 8470.99 13291.6 14201.6 25784.3 38860.1 44510.8 53950.6 61148.3 88058.3 84352.1 98673.3 76627.8 75331.1 83911.1 73097.8 79527.2 87994.6 105818 108064 91323.9 104744 98837.5 111752 94515.6
#pred cpue bio
 7757.63 8935.3 5886.85 4978.48 6802.06 9805.96 13192.7 14863.4 21858.2 32770.9 36218.3 43091.3 51128.1 64594.4 71635.5 70904.3 55213.6 66426.3 57882.6 52678.6 58618.5 55627.5 64267.6 72960.5 64429.9 62832.7 59137.6 65676.4 56791.7 910234 3.95673e+06 4.56381e+06 4.51455e+06 4.15315e+06 3.69025e+06 3.24469e+06 2.86748e+06 2.5704e+06 2.34664e+06 2.18282e+06 2.065e+06 1.98112e+06 1.92169e+06 1.87923e+06 1.84778e+06 1.82577e+06 1.81016e+06 1.79895e+06 1.79078e+06 1.78474e+06 1.78022e+06 1.7768e+06 1.77417e+06 1.77213e+06 1.77054e+06 1.76928e+06 1.76828e+06 1.76749e+06 1.76685e+06 1.76633e+06 1.76592e+06 1.76558e+06 1.7653e+06 1.76508e+06 1.7649e+06 1.76475e+06 1.76463e+06 1.76453e+06 1.76445e+06 1.76439e+06 1.76433e+06 1.76429e+06 1.76425e+06 1.76422e+06 1.7642e+06 1.76418e+06 1.76416e+06 1.76415e+06 1.76414e+06 1.76413e+06 1.76412e+06 1.76412e+06 1.76411e+06 1.76411e+06 1.7641e+06 1.7641e+06 1.7641e+06 1.7641e+06 1.7641e+06 1.7641e+06 1.76409e+06 1.76409e+06 1.76409e+06 1.76409e+06 1.76409e+06 1.76409e+06 1.76409e+06 1.76409e+06 1.76409e+06 1.76409e+06 1.76409e+06 1.76409e+06 1.76409e+06 1.76409e+06 1.76409e+06 1.76409e+06 1.76409e+06 1.76409e+06 1.76409e+06 1.76409e+06 1.76409e+06 1.76409e+06 1.76409e+06 1.76409e+06 1.76409e+06 1.76409e+06 1.76409e+06 1.76409e+06 1.76409e+06 1.76409e+06 1.76409e+06 1.76409e+06 1.76409e+06 1.76409e+06 1.76409e+06 1.76409e+06 1.76409e+06 1.76409e+06 1.76409e+06 0 0 0 0 0 0 0 0 0 0 0 0 0 0 0 0 0 0 0 0 0 0 0 0 0
#obs cpue bio
 8279.4 7793.85 8787.18 5185.88 11812.2 14589.8 30482.8 32089.5 30334.1 57253.6 48451.5 60536 101113 99574.7 146176 103649 83126.8 200259 79890 92084.3 118146 95731.5 126358 164950 135888 117637 119009 146519 143641
#pred surv len freq
 1.02292e-11 1.11077e-09 7.11127e-08 2.68415e-06 5.97322e-05 0.000783729 0.00606379 0.0276876 0.0749087 0.122502 0.132462 0.124062 0.12801 0.120893 0.0920007 0.0634039 0.0419838 0.0257199 0.0151166 0.00899967 0.00562953 0.00384284 0.00282214 0.00196248 0.00108322
 5.53982e-12 6.01558e-10 3.85123e-08 1.45365e-06 3.23494e-05 0.000424471 0.00328512 0.0150221 0.0409444 0.0693927 0.0863496 0.108851 0.141691 0.147858 0.122579 0.0939349 0.0681051 0.0443859 0.0262401 0.0143334 0.00754727 0.0041437 0.00250348 0.00155242 0.000822545
 9.90296e-12 1.07534e-09 6.88445e-08 2.59854e-06 5.78268e-05 0.000758719 0.0058699 0.0267934 0.0723674 0.117365 0.122391 0.103899 0.0985335 0.0976667 0.0903885 0.0810383 0.0667635 0.0486938 0.0317627 0.0183035 0.00931976 0.00438668 0.00208803 0.00105214 0.000498041
 1.50255e-11 1.63159e-09 1.04456e-07 3.94268e-06 8.77387e-05 0.00115116 0.00890549 0.0406356 0.109564 0.176147 0.176414 0.130601 0.099188 0.0794392 0.0549582 0.0361457 0.0271264 0.0218745 0.0164624 0.0107379 0.00594511 0.00279957 0.00116683 0.000465891 0.000180381
 1.35383e-11 1.4701e-09 9.41172e-08 3.55246e-06 7.9055e-05 0.00103724 0.00802478 0.0366304 0.0989486 0.160568 0.167804 0.142544 0.130389 0.110724 0.0694529 0.0339958 0.0163472 0.00898842 0.00580468 0.00401022 0.00251886 0.00131213 0.00055694 0.000198817 6.27199e-05
 1.65373e-11 1.79575e-09 1.14966e-07 4.33938e-06 9.65665e-05 0.00126699 0.00980142 0.0447218 0.120554 0.193597 0.192855 0.140021 0.102752 0.0801535 0.0533224 0.0305921 0.016288 0.00762311 0.00324535 0.00151259 0.000828549 0.000454536 0.000210638 7.70531e-05 2.22998e-05
 1.56529e-11 1.69972e-09 1.08817e-07 4.10731e-06 9.14025e-05 0.00119924 0.00927781 0.042343 0.114284 0.184679 0.189375 0.151554 0.127563 0.101062 0.0556107 0.0187327 0.00374893 0.000443116 3.09504e-05 1.3013e-06 4.29197e-08 5.32485e-09 2.09527e-09 7.92704e-10 2.3351e-10
 1.66305e-11 1.80588e-09 1.15614e-07 4.36385e-06 9.71112e-05 0.00127414 0.00985698 0.0449808 0.121327 0.195445 0.197534 0.150694 0.118398 0.0906124 0.0494161 0.0166147 0.00332361 0.000392682 2.73633e-05 1.12426e-06 2.72336e-08 3.88943e-10 3.27496e-12 1.62581e-14 4.76132e-17
 1.72068e-11 1.86845e-09 1.1962e-07 4.51506e-06 0.000100476 0.00131829 0.0101984 0.0465356 0.125479 0.201792 0.202344 0.150188 0.112995 0.0844528 0.0457647 0.0153664 0.0030731 0.000363065 2.52993e-05 1.03946e-06 2.51802e-08 3.59651e-10 3.02938e-12 1.50578e-14 4.42725e-17
 1.61371e-11 1.7523e-09 1.12184e-07 4.23437e-06 9.42299e-05 0.00123634 0.00956467 0.0436495 0.117772 0.190012 0.193416 0.151128 0.123024 0.0958864 0.0525426 0.0176835 0.00353812 0.000418041 2.91307e-05 1.19687e-06 2.89927e-08 4.14065e-10 3.48649e-12 1.73081e-14 5.06588e-17
 1.67619e-11 1.82014e-09 1.16527e-07 4.39831e-06 9.78781e-05 0.0012842 0.00993479 0.0453351 0.122273 0.196892 0.19863 0.150579 0.117166 0.0892086 0.048584 0.0163302 0.00326652 0.000385932 2.68929e-05 1.10493e-06 2.67654e-08 3.82256e-10 3.21865e-12 1.59783e-14 4.67657e-17
 1.7072e-11 1.85382e-09 1.18683e-07 4.47969e-06 9.96891e-05 0.00130796 0.0101185 0.0461719 0.124508 0.200307 0.201218 0.150306 0.114258 0.0858937 0.0466189 0.0156584 0.0031317 0.000369993 2.57821e-05 1.05929e-06 2.56598e-08 3.66466e-10 3.08569e-12 1.53183e-14 4.48339e-17
 1.7051e-11 1.85154e-09 1.18537e-07 4.47419e-06 9.95666e-05 0.00130635 0.0101061 0.0461153 0.124356 0.200076 0.201043 0.150325 0.114455 0.0861179 0.0467518 0.0157039 0.00314082 0.000371071 2.58572e-05 1.06237e-06 2.57346e-08 3.67534e-10 3.09469e-12 1.53629e-14 4.49646e-17
 1.66532e-11 1.80834e-09 1.15772e-07 4.3698e-06 9.72436e-05 0.00127588 0.00987042 0.0450419 0.12149 0.195695 0.197723 0.150674 0.118185 0.09037 0.0492725 0.0165656 0.00331376 0.000391517 2.72821e-05 1.12092e-06 2.71528e-08 3.87789e-10 3.26523e-12 1.62096e-14 4.74425e-17
 1.58975e-11 1.72627e-09 1.10518e-07 4.17149e-06 9.28306e-05 0.00121798 0.00942269 0.0430029 0.116046 0.187373 0.191416 0.151339 0.125271 0.0984478 0.054061 0.0182026 0.00364229 0.000430358 2.9989e-05 1.23214e-06 2.9847e-08 4.26266e-10 3.58921e-12 1.78179e-14 5.21499e-17
 1.57003e-11 1.70487e-09 1.09147e-07 4.11976e-06 9.16795e-05 0.00120288 0.00930591 0.042471 0.114626 0.185202 0.189771 0.151512 0.127119 0.100555 0.0553101 0.0186296 0.00372799 0.000440489 3.06951e-05 1.26115e-06 3.05497e-08 4.36302e-10 3.67372e-12 1.82374e-14 5.33777e-17
 1.72847e-11 1.87692e-09 1.20162e-07 4.53551e-06 0.000100931 0.00132426 0.0102445 0.0467459 0.12604 0.20265 0.202994 0.150119 0.112264 0.0836199 0.045271 0.0151977 0.00303922 0.00035906 2.50201e-05 1.02798e-06 2.49015e-08 3.55635e-10 2.9945e-12 1.48656e-14 4.35089e-17
 1.58698e-11 1.72327e-09 1.10326e-07 4.16424e-06 9.26692e-05 0.00121586 0.00940632 0.0429283 0.115847 0.187068 0.191185 0.151363 0.12553 0.0987432 0.0542361 0.0182624 0.00365431 0.000431778 3.0088e-05 1.2362e-06 2.99455e-08 4.27673e-10 3.60106e-12 1.78767e-14 5.2322e-17
 1.65214e-11 1.79403e-09 1.14855e-07 4.33521e-06 9.6474e-05 0.00126578 0.00979233 0.0446863 0.120541 0.194244 0.196623 0.15079 0.119421 0.0917788 0.0501076 0.0168511 0.00337105 0.000398291 2.77542e-05 1.14031e-06 2.76227e-08 3.94499e-10 3.32173e-12 1.64901e-14 4.82635e-17
 1.73301e-11 1.88184e-09 1.20477e-07 4.5474e-06 0.000101196 0.00132773 0.0102714 0.0468681 0.126367 0.203149 0.203372 0.150079 0.111839 0.0831356 0.0449839 0.0150995 0.00301952 0.000356731 2.48578e-05 1.02131e-06 2.47399e-08 3.53329e-10 2.97508e-12 1.47692e-14 4.32267e-17
 1.73242e-11 1.88121e-09 1.20436e-07 4.54588e-06 0.000101162 0.00132728 0.0102679 0.0468524 0.126325 0.203085 0.203323 0.150084 0.111894 0.0831978 0.0450208 0.0151121 0.00302205 0.00035703 2.48786e-05 1.02217e-06 2.47607e-08 3.53625e-10 2.97757e-12 1.47815e-14 4.32629e-17
 1.81774e-11 1.97385e-09 1.26368e-07 4.76975e-06 0.000106144 0.00139264 0.0107734 0.0491544 0.132471 0.21248 0.210444 0.149334 0.103895 0.0740785 0.0396148 0.0132641 0.00265116 0.000313181 2.18227e-05 8.96608e-07 2.17191e-08 3.10187e-10 2.61181e-12 1.29658e-14 3.79486e-17
 1.83882e-11 1.99673e-09 1.27833e-07 4.82505e-06 0.000107374 0.00140878 0.0108982 0.0497229 0.133989 0.214801 0.212203 0.149149 0.101919 0.0718262 0.0382796 0.0128076 0.00255955 0.000302351 2.1068e-05 8.65597e-07 2.09679e-08 2.99458e-10 2.52148e-12 1.25174e-14 3.66361e-17
 1.78428e-11 1.93751e-09 1.24041e-07 4.68193e-06 0.00010419 0.001367 0.0105751 0.0482514 0.13006 0.208795 0.207651 0.149628 0.107032 0.0776556 0.0417353 0.013989 0.00279664 0.000330381 2.30214e-05 9.45859e-07 2.29122e-08 3.27225e-10 2.75528e-12 1.3678e-14 4.00332e-17
 1.79866e-11 1.95313e-09 1.25041e-07 4.71968e-06 0.00010503 0.00137802 0.0106604 0.0486396 0.131097 0.210379 0.208852 0.149502 0.105683 0.0761179 0.0408238 0.0136773 0.0027341 0.000322987 2.25062e-05 9.24688e-07 2.23993e-08 3.19901e-10 2.69361e-12 1.33719e-14 3.91371e-17
 1.83874e-11 1.99665e-09 1.27827e-07 4.82484e-06 0.00010737 0.00140872 0.0108978 0.0497208 0.133984 0.214792 0.212196 0.149149 0.101926 0.0718344 0.0382845 0.0128093 0.00255989 0.000302391 2.10708e-05 8.65711e-07 2.09707e-08 2.99497e-10 2.52181e-12 1.2519e-14 3.66409e-17
 1.88551e-11 2.04743e-09 1.31079e-07 4.94756e-06 0.000110101 0.00144455 0.0111748 0.0509827 0.137353 0.219943 0.216099 0.148738 0.0975413 0.0668356 0.0353212 0.0117963 0.00235658 0.000278355 1.93956e-05 7.96885e-07 1.93035e-08 2.75687e-10 2.32132e-12 1.15237e-14 3.37278e-17
 1.85603e-11 2.01542e-09 1.29029e-07 4.87021e-06 0.000108379 0.00142197 0.0110002 0.0501873 0.135229 0.216696 0.213639 0.148997 0.100305 0.0699864 0.037189 0.0124348 0.00248473 0.000293505 2.04515e-05 8.40267e-07 2.03543e-08 2.90695e-10 2.44769e-12 1.21511e-14 3.5564e-17
 1.80991e-11 1.96535e-09 1.25823e-07 4.7492e-06 0.000105687 0.00138664 0.010727 0.0489431 0.131907 0.211618 0.20979 0.149403 0.104629 0.0749156 0.040111 0.0134337 0.0026852 0.000317206 2.21032e-05 9.08134e-07 2.19983e-08 3.14174e-10 2.64539e-12 1.31325e-14 3.84364e-17
#obs surv len freq
 2.33126e-11 2.2523e-09 1.28291e-07 4.30833e-06 8.53025e-05 0.00099579 0.00685477 0.0278481 0.0670674 0.0980323 0.097199 0.090758 0.101106 0.109438 0.106675 0.0968434 0.0782597 0.0550848 0.0341231 0.0182602 0.00798459 0.00264976 0.000622688 9.82654e-05 1.00334e-05
 4.73751e-12 4.41466e-10 2.42541e-08 7.85628e-07 1.50044e-05 0.000169016 0.00112483 0.00446363 0.0110678 0.0207379 0.0415949 0.0860066 0.13622 0.158724 0.155163 0.136667 0.104686 0.0697801 0.0411794 0.0207873 0.0084183 0.00255891 0.000549232 7.91802e-05 7.39029e-06
 8.93925e-11 8.02066e-09 4.24285e-07 1.32325e-05 0.000243314 0.00263774 0.0168593 0.0635349 0.141214 0.185413 0.145274 0.0731202 0.0385079 0.0474801 0.070557 0.0771463 0.0615436 0.0394247 0.021734 0.0101843 0.00381213 0.00106306 0.000208004 2.72664e-05 2.31444e-06
 1.15241e-10 9.93953e-09 5.05433e-07 1.51531e-05 0.000267842 0.00279133 0.0171541 0.0622187 0.133807 0.174789 0.15501 0.127551 0.1167 0.0890923 0.0488734 0.0253184 0.0182602 0.0139813 0.00848722 0.00390739 0.00135966 0.000346589 6.17105e-05 7.34718e-06 5.65965e-07
 1.28178e-10 1.06109e-08 5.17881e-07 1.49021e-05 0.000252817 0.00252888 0.0149182 0.0519666 0.107626 0.137274 0.125711 0.118039 0.125639 0.118129 0.0923412 0.0594266 0.0290013 0.0109455 0.00398437 0.00154266 0.000512256 0.000123208 2.01905e-05 2.18684e-06 1.52749e-07
 2.15661e-10 1.71103e-08 8.00357e-07 2.20723e-05 0.000358885 0.00344047 0.0194498 0.0649034 0.128502 0.155061 0.129029 0.104425 0.102037 0.0979997 0.0836233 0.0599164 0.0327374 0.0131653 0.00402987 0.00101687 0.000229557 4.47558e-05 6.57287e-06 6.5338e-07 4.17769e-08
 2.69628e-10 2.04742e-08 9.16612e-07 2.41938e-05 0.000376503 0.00345465 0.0186965 0.0597888 0.114059 0.136194 0.123459 0.1211 0.127069 0.112472 0.0838751 0.0542911 0.0285882 0.0117235 0.00372808 0.000906553 0.000166421 2.33307e-05 2.51772e-06 2.01486e-07 1.11582e-08
 4.56939e-10 3.31661e-08 1.41928e-06 3.58081e-05 0.000532644 0.00467152 0.0241633 0.0738128 0.134137 0.150523 0.122523 0.104666 0.105183 0.0997039 0.0824005 0.0553083 0.0278303 0.0105125 0.00311819 0.000729843 0.000128885 1.63776e-05 1.4591e-06 9.02821e-08 3.85108e-09
 5.93812e-10 4.11485e-08 1.68112e-06 4.04932e-05 0.000575061 0.00481538 0.0237868 0.0694862 0.121594 0.135765 0.121945 0.122993 0.126643 0.108584 0.0790092 0.0488125 0.0238064 0.0088983 0.00256966 0.000568744 9.37571e-05 1.11195e-05 9.16011e-07 5.08314e-08 1.8592e-09
 8.56865e-10 5.66233e-08 2.20606e-06 5.06734e-05 0.000686263 0.00548016 0.0258174 0.0719518 0.120331 0.12944 0.114803 0.117353 0.124992 0.115204 0.089025 0.0532442 0.0226906 0.00693278 0.0016333 0.000311616 4.66332e-05 5.11525e-06 3.89801e-07 1.99296e-08 6.672e-10
 1.47295e-09 9.27233e-08 3.44135e-06 7.53024e-05 0.000971487 0.00739017 0.0331647 0.0880312 0.140091 0.142759 0.118419 0.112752 0.113838 0.100733 0.0749055 0.0430191 0.0175433 0.00504264 0.00106679 0.000172339 2.13058e-05 1.96926e-06 1.31117e-07 6.02366e-09 1.83735e-10
 2.06407e-09 1.23655e-07 4.36758e-06 9.09516e-05 0.00111669 0.00808481 0.0345416 0.0874237 0.133698 0.135461 0.121175 0.124921 0.123746 0.101879 0.0700544 0.0378434 0.0148106 0.00414772 0.00085541 0.0001315 1.4802e-05 1.19038e-06 6.70918e-08 2.6027e-09 6.806e-11
 2.87897e-09 1.63989e-07 5.50719e-06 0.000109041 0.00127293 0.00876303 0.0356086 0.0858306 0.125824 0.125538 0.116922 0.126228 0.128392 0.109536 0.076611 0.0401422 0.0146568 0.00374654 0.000703247 9.97715e-05 1.05049e-05 7.8845e-07 4.07204e-08 1.41107e-09 3.22242e-11
 3.6505e-09 1.97536e-07 6.302e-06 0.000118537 0.00131462 0.00859879 0.0332206 0.0763858 0.108554 0.111563 0.117058 0.13682 0.141044 0.120381 0.0831581 0.0423645 0.0149594 0.0036931 0.000662367 8.78504e-05 8.48638e-06 5.80972e-07 2.74549e-08 8.73479e-10 1.8278e-11
 5.26566e-09 2.70474e-07 8.19102e-06 0.00014625 0.00153966 0.00956035 0.0350737 0.0766933 0.104356 0.105192 0.111907 0.133249 0.142283 0.127166 0.0891297 0.0443743 0.0150567 0.00356396 0.000613658 7.78911e-05 7.13119e-06 4.56342e-07 1.98859e-08 5.77918e-10 1.10027e-11
 1.00581e-08 4.90079e-07 1.40785e-05 0.000238445 0.00238116 0.0140242 0.0487845 0.100968 0.128922 0.118281 0.110835 0.120571 0.122925 0.106696 0.0731084 0.036101 0.0124622 0.00306544 0.000546344 6.97804e-05 6.23193e-06 3.80847e-07 1.56447e-08 4.24555e-10 7.48518e-12
 1.19799e-08 5.5337e-07 1.50702e-05 0.000241975 0.002291 0.0127979 0.0423085 0.0840428 0.107689 0.113211 0.131996 0.151492 0.141373 0.107427 0.0650053 0.0287682 0.00895084 0.00200805 0.000336306 4.17938e-05 3.70126e-06 2.23954e-07 8.98254e-09 2.34042e-10 3.90607e-12
 1.84229e-08 8.0632e-07 2.08064e-05 0.000316547 0.00283972 0.0150296 0.0470623 0.0884179 0.106477 0.103905 0.115095 0.136045 0.141526 0.120666 0.0766421 0.0335033 0.00998204 0.00210496 0.000326036 3.71749e-05 3.03997e-06 1.72571e-07 6.59744e-09 1.65378e-10 2.65925e-12
 2.90722e-08 1.20512e-06 2.94529e-05 0.000424401 0.0036061 0.0180808 0.0536836 0.0960507 0.112175 0.11077 0.124011 0.138922 0.132455 0.10491 0.064578 0.0287478 0.00910646 0.00207021 0.000335734 3.80522e-05 2.95793e-06 1.5557e-07 5.46173e-09 1.25979e-10 1.87747e-12
 4.55416e-08 1.78741e-06 4.136e-05 0.000564279 0.00453974 0.0215546 0.0606398 0.103094 0.115722 0.112708 0.125319 0.137754 0.128706 0.0986732 0.0575502 0.0240265 0.00721057 0.00159989 0.000261831 3.04624e-05 2.41664e-06 1.26819e-07 4.31741e-09 9.41531e-11 1.30355e-12
 7.13992e-08 2.65257e-06 5.81008e-05 0.000750338 0.00571443 0.0256884 0.0684834 0.11077 0.120148 0.116578 0.128716 0.136625 0.122025 0.0889978 0.0491742 0.0194152 0.00550237 0.00115109 0.000178204 1.98413e-05 1.53003e-06 7.90092e-08 2.65839e-09 5.70671e-11 7.69806e-13
 1.03514e-07 3.63968e-06 7.54526e-05 0.000922253 0.00664816 0.0282989 0.0715696 0.110767 0.118729 0.120214 0.136286 0.141319 0.120777 0.0828209 0.042091 0.0149448 0.00373902 0.000687995 9.50582e-05 9.63993e-06 6.87942e-07 3.32575e-08 1.05771e-09 2.16399e-11 2.79932e-13
 1.4877e-07 4.95042e-06 9.71217e-05 0.00112347 0.00766514 0.0308931 0.0741118 0.109704 0.11578 0.120319 0.138311 0.142636 0.121108 0.0813786 0.0397422 0.013386 0.00313779 0.000530026 6.56304e-05 5.87913e-06 3.70781e-07 1.60072e-08 4.60677e-10 8.62933e-12 1.0314e-13
 1.92268e-07 6.05476e-06 0.000112418 0.00123074 0.00794858 0.0303528 0.0692962 0.0995349 0.108407 0.123452 0.147596 0.150708 0.125281 0.0816697 0.0384707 0.012542 0.00286262 0.000469148 5.53534e-05 4.6064e-06 2.6371e-07 1.01727e-08 2.59761e-10 4.31908e-12 4.60614e-14
 2.94881e-07 8.78862e-06 0.000154434 0.00160015 0.00978107 0.0353558 0.0764539 0.104269 0.108659 0.119972 0.14156 0.146301 0.123867 0.0803632 0.0368984 0.0116824 0.00260361 0.000417757 4.79987e-05 3.84655e-06 2.09105e-07 7.54218e-09 1.77363e-10 2.68067e-12 2.57385e-14
 4.14123e-07 1.16822e-05 0.000194302 0.00190566 0.0110288 0.0377898 0.0778854 0.103551 0.111524 0.130188 0.151551 0.147303 0.115818 0.0699503 0.0300872 0.00898315 0.00190104 0.000291447 3.21201e-05 2.47104e-06 1.28654e-07 4.42186e-09 9.83978e-11 1.39607e-12 1.24787e-14
 5.98132e-07 1.59723e-05 0.000251475 0.00233482 0.0127935 0.0415313 0.0813373 0.103975 0.110758 0.129756 0.15052 0.146657 0.114941 0.0676026 0.0278068 0.00788385 0.00158082 0.000229115 2.38134e-05 1.72607e-06 8.47141e-08 2.74693e-09 5.76754e-11 7.71347e-13 6.48575e-15
 7.07256e-07 1.78804e-05 0.000266532 0.00234322 0.012166 0.0375402 0.0708769 0.0920654 0.109809 0.142175 0.165481 0.155147 0.115463 0.0639839 0.0246931 0.00655753 0.00123048 0.000166737 1.61852e-05 1.09435e-06 5.00495e-08 1.51135e-09 2.95502e-11 3.68172e-13 2.88569e-15
 9.96057e-07 2.38435e-05 0.000336536 0.00280154 0.013775 0.040277 0.0722366 0.0899328 0.104783 0.135214 0.161339 0.15856 0.121404 0.0666746 0.0249481 0.00638172 0.00114906 0.000148077 1.35078e-05 8.50254e-07 3.60148e-08 1.00511e-09 1.81512e-11 2.08864e-13 1.51216e-15
#pred catch len freq
 4.13854e-13 4.49397e-11 2.87712e-09 1.08605e-07 2.41776e-06 3.17833e-05 0.000248303 0.00118949 0.00398265 0.0126694 0.0422659 0.109762 0.18421 0.198697 0.155634 0.108068 0.071752 0.0439915 0.0258591 0.0153952 0.00963009 0.0065737 0.00482765 0.00335708 0.00185299
 1.96488e-13 2.13364e-11 1.36601e-09 5.15675e-08 1.14839e-06 1.51231e-05 0.000119197 0.000595218 0.00230954 0.00940869 0.0363292 0.098517 0.168279 0.187112 0.157279 0.121039 0.087898 0.0573106 0.033883 0.0185081 0.00974545 0.00535056 0.00323263 0.00200457 0.00106211
 4.49363e-13 4.87956e-11 3.12397e-09 1.1792e-07 2.62476e-06 3.44796e-05 0.000268391 0.0012632 0.00393503 0.0106056 0.0308784 0.0772064 0.132087 0.155644 0.149192 0.134625 0.111062 0.0810247 0.0528533 0.0304568 0.0155079 0.00729936 0.00347444 0.00175075 0.000828731
 1.13081e-12 1.22793e-10 7.86134e-09 2.96734e-07 6.60425e-06 8.67085e-05 0.000673086 0.00312491 0.00916176 0.0206772 0.0487567 0.110261 0.177592 0.185063 0.135992 0.0905509 0.0681485 0.0549863 0.0413845 0.0269938 0.0149453 0.00703777 0.00293326 0.00117119 0.000453455
 8.43186e-13 9.156e-11 5.86181e-09 2.21264e-07 4.92508e-06 6.46965e-05 0.000503567 0.00236928 0.00736979 0.0197766 0.0571562 0.140696 0.229064 0.230927 0.150423 0.0742829 0.0358465 0.0197393 0.0127516 0.00880978 0.0055335 0.00288253 0.0012235 0.000436767 0.000137785
 6.74827e-12 7.32781e-10 4.69134e-08 1.77075e-06 3.94061e-05 0.000517067 0.00400183 0.0183011 0.0499049 0.0847617 0.106243 0.135075 0.173714 0.170348 0.119525 0.0691541 0.0368286 0.0172307 0.0073345 0.00341828 0.00187239 0.00102718 0.000476008 0.000174128 5.0394e-05
 8.97368e-12 9.74435e-10 6.23843e-08 2.3547e-06 5.24011e-05 0.000687569 0.00532092 0.0243222 0.0661667 0.111126 0.133631 0.157427 0.190184 0.172452 0.0979312 0.0332004 0.00665272 0.000786533 5.49393e-05 2.30974e-06 7.61109e-08 9.42162e-09 3.70625e-09 1.40218e-09 4.13044e-10
 8.78603e-12 9.54058e-10 6.10797e-08 2.30546e-06 5.13054e-05 0.000673193 0.00520976 0.0238159 0.0648148 0.109059 0.132065 0.157592 0.191944 0.174458 0.09912 0.0336062 0.00673373 0.000795842 5.54603e-05 2.27868e-06 5.51983e-08 7.88327e-10 6.63784e-12 3.29527e-14 9.65044e-17
 1.07045e-11 1.16238e-09 7.44164e-08 2.80885e-06 6.25075e-05 0.000820158 0.00634627 0.0289919 0.0786353 0.130186 0.148076 0.155905 0.173958 0.153953 0.0869646 0.0294508 0.00589977 0.000697247 4.85891e-05 1.99638e-06 4.83611e-08 6.90747e-10 5.81822e-12 2.89199e-14 8.5028e-17
 1.06366e-11 1.155e-09 7.39445e-08 2.79104e-06 6.21111e-05 0.000814957 0.00630605 0.0288087 0.0781462 0.129438 0.147509 0.155965 0.174595 0.154679 0.0873948 0.0295979 0.00592928 0.000700736 4.88322e-05 2.00635e-06 4.86014e-08 6.94111e-10 5.84452e-12 2.90141e-14 8.49211e-17
 1.17409e-11 1.27492e-09 8.16214e-08 3.0808e-06 6.85593e-05 0.000899554 0.00696025 0.0317882 0.0861016 0.141599 0.156726 0.154994 0.164241 0.142875 0.0803978 0.0272059 0.00544922 0.000643982 4.48769e-05 1.84384e-06 4.46647e-08 6.37888e-10 5.37111e-12 2.66638e-14 7.80401e-17
 1.26093e-11 1.36922e-09 8.76589e-08 3.30869e-06 7.36305e-05 0.000966085 0.00747475 0.0341313 0.0923581 0.151163 0.163974 0.15423 0.156099 0.133593 0.0748951 0.0253248 0.00507169 0.000599348 4.17662e-05 1.71603e-06 4.15687e-08 5.93673e-10 4.9988e-12 2.48155e-14 7.26306e-17
 1.20292e-11 1.30622e-09 8.36257e-08 3.15646e-06 7.02428e-05 0.000921641 0.00713105 0.032566 0.0881786 0.144774 0.159132 0.15474 0.161538 0.139794 0.0785711 0.0265815 0.00532389 0.000629165 4.38442e-05 1.80141e-06 4.36369e-08 6.2321e-10 5.24751e-12 2.60502e-14 7.62443e-17
 1.19929e-11 1.30229e-09 8.33735e-08 3.14694e-06 7.0031e-05 0.000918862 0.00710956 0.0324682 0.0879173 0.144374 0.158829 0.154772 0.161878 0.140182 0.0788009 0.02666 0.00533966 0.000631029 4.39741e-05 1.80675e-06 4.37662e-08 6.25057e-10 5.26306e-12 2.61274e-14 7.64702e-17
 1.09356e-11 1.18748e-09 7.60233e-08 2.86951e-06 6.38572e-05 0.000837866 0.0064832 0.0296155 0.0803005 0.132731 0.150005 0.155702 0.171791 0.151482 0.0855 0.0289502 0.00579928 0.000685367 4.77611e-05 1.96234e-06 4.75353e-08 6.78886e-10 5.71631e-12 2.83775e-14 8.30558e-17
 1.21119e-11 1.31521e-09 8.42009e-08 3.17817e-06 7.0726e-05 0.00092798 0.00718007 0.0327893 0.0887747 0.145685 0.159822 0.154668 0.160762 0.138909 0.0780467 0.0264022 0.00528792 0.000624912 4.35478e-05 1.78923e-06 4.33419e-08 6.18997e-10 5.21204e-12 2.58741e-14 7.57289e-17
 1.30409e-11 1.41608e-09 9.0659e-08 3.42193e-06 7.61504e-05 0.000999144 0.0077304 0.0352957 0.095467 0.155915 0.167575 0.153851 0.152053 0.12898 0.0721608 0.0243901 0.00488409 0.000577169 4.02206e-05 1.65252e-06 4.00303e-08 5.71702e-10 4.81381e-12 2.38972e-14 6.99427e-17
 1.18035e-11 1.28172e-09 8.20567e-08 3.09724e-06 6.8925e-05 0.000904351 0.00699735 0.0319571 0.0865527 0.142288 0.157248 0.154939 0.163654 0.142206 0.080001 0.0270703 0.005422 0.000640764 4.46526e-05 1.83462e-06 4.44415e-08 6.347e-10 5.34426e-12 2.65305e-14 7.765e-17
 1.29962e-11 1.41123e-09 9.03483e-08 3.4102e-06 7.58895e-05 0.000995721 0.00770393 0.0351751 0.0951451 0.155423 0.167202 0.15389 0.152472 0.129458 0.0724439 0.0244868 0.00490352 0.000579465 4.03806e-05 1.6591e-06 4.01896e-08 5.73976e-10 4.83296e-12 2.39922e-14 7.0221e-17
 1.36868e-11 1.48622e-09 9.51493e-08 3.59141e-06 7.9922e-05 0.00104863 0.00811305 0.0370384 0.10012 0.163028 0.172966 0.153283 0.145997 0.122077 0.0680682 0.022991 0.00460331 0.000543973 3.79071e-05 1.55747e-06 3.77277e-08 5.38817e-10 4.53691e-12 2.25226e-14 6.59195e-17
 1.44886e-11 1.57329e-09 1.00724e-07 3.80181e-06 8.46041e-05 0.00111005 0.00858808 0.0392018 0.105897 0.171858 0.179658 0.152578 0.138479 0.113506 0.0629876 0.0212542 0.00425473 0.000502763 3.50351e-05 1.43947e-06 3.48693e-08 4.97993e-10 4.19317e-12 2.08161e-14 6.09251e-17
 1.54293e-11 1.67543e-09 1.07263e-07 4.04864e-06 9.00967e-05 0.00118211 0.00914533 0.0417397 0.112673 0.182217 0.187508 0.151751 0.12966 0.103452 0.0570276 0.0192167 0.00384582 0.00045442 3.1666e-05 1.30104e-06 3.1516e-08 4.50103e-10 3.78992e-12 1.88143e-14 5.50661e-17
 1.59295e-11 1.72976e-09 1.10741e-07 4.17991e-06 9.30179e-05 0.00122044 0.0094417 0.0430895 0.116277 0.187726 0.191684 0.151311 0.12497 0.0981049 0.0538577 0.0181331 0.00362835 0.000428709 2.98741e-05 1.22742e-06 2.97326e-08 4.24632e-10 3.57546e-12 1.77496e-14 5.195e-17
 1.57359e-11 1.70873e-09 1.09394e-07 4.12909e-06 9.1887e-05 0.0012056 0.00932697 0.0425669 0.114882 0.185593 0.190067 0.151481 0.126786 0.100175 0.0550849 0.0185526 0.00371254 0.000438663 3.05678e-05 1.25592e-06 3.0423e-08 4.34493e-10 3.65849e-12 1.81618e-14 5.31564e-17
 1.5689e-11 1.70364e-09 1.09068e-07 4.11679e-06 9.16132e-05 0.00120201 0.00929919 0.0424404 0.114544 0.185077 0.189676 0.151522 0.127225 0.100676 0.055382 0.0186541 0.00373292 0.000441072 3.07357e-05 1.26282e-06 3.05902e-08 4.3688e-10 3.67859e-12 1.82616e-14 5.34484e-17
 1.65402e-11 1.79607e-09 1.14986e-07 4.34014e-06 9.65837e-05 0.00126722 0.00980346 0.044737 0.120676 0.194451 0.19678 0.150774 0.119245 0.091578 0.0499886 0.0168104 0.00336289 0.000397325 2.76869e-05 1.13755e-06 2.75557e-08 3.93542e-10 3.31368e-12 1.64501e-14 4.81465e-17
 1.69292e-11 1.83831e-09 1.1769e-07 4.44221e-06 9.8855e-05 0.00129702 0.0100339 0.0457865 0.123479 0.198734 0.200026 0.150432 0.115598 0.0874204 0.0475239 0.0159678 0.00319379 0.000377334 2.62937e-05 1.08031e-06 2.6169e-08 3.73738e-10 3.14693e-12 1.56223e-14 4.57236e-17
 1.70304e-11 1.8493e-09 1.18394e-07 4.46877e-06 9.94461e-05 0.00130477 0.0100939 0.0460596 0.124208 0.199849 0.200871 0.150343 0.114649 0.0863385 0.0468826 0.0157486 0.00314979 0.000372132 2.59311e-05 1.06541e-06 2.58082e-08 3.68585e-10 3.10353e-12 1.54069e-14 4.50931e-17
 1.68386e-11 1.82847e-09 1.17061e-07 4.41845e-06 9.83263e-05 0.00129008 0.00998026 0.0455422 0.122826 0.197737 0.199271 0.150511 0.116447 0.0883882 0.0480976 0.016164 0.00323315 0.000381987 2.6618e-05 1.09363e-06 2.64918e-08 3.78348e-10 3.18574e-12 1.5815e-14 4.62876e-17
#obs catch len freq
 1.60552e-11 1.55114e-09 8.83533e-08 2.96712e-06 5.87475e-05 0.000685813 0.00472161 0.019196 0.046412 0.0692286 0.0747664 0.0841128 0.107613 0.123203 0.123822 0.113115 0.0903624 0.0637585 0.0408736 0.0229682 0.0104846 0.00359488 0.000865822 0.000139222 1.44231e-05
 1.60108e-11 1.49198e-09 8.19688e-08 2.65506e-06 5.07047e-05 0.000570956 0.00379252 0.0148952 0.0350279 0.0525234 0.0635255 0.0868421 0.120043 0.135677 0.132495 0.119358 0.0952454 0.0661585 0.0403239 0.0210587 0.00887975 0.00280685 0.000621922 9.18507e-05 8.7313e-06
 1.3725e-12 1.23147e-10 6.51445e-09 2.03191e-07 3.73811e-06 4.06368e-05 0.000263613 0.00107245 0.00333295 0.0111166 0.0371136 0.0900032 0.144209 0.166017 0.160853 0.140041 0.105757 0.0695542 0.0403324 0.0198156 0.00772194 0.00223338 0.000451742 6.09281e-05 5.29292e-06
 1.91871e-11 1.65488e-09 8.41521e-08 2.52291e-06 4.45944e-05 0.000464746 0.00285619 0.0103617 0.0223103 0.0293769 0.0276515 0.0312463 0.0591292 0.118326 0.179805 0.191193 0.148876 0.0936769 0.0506522 0.0230719 0.00829779 0.00219893 0.000405188 4.96773e-05 3.92425e-06
 5.75695e-11 4.76575e-09 2.326e-07 6.69313e-06 0.000113555 0.00113612 0.0067099 0.0235194 0.0503128 0.0744616 0.105381 0.162701 0.199551 0.159604 0.0870023 0.0460359 0.0337986 0.0253379 0.0148844 0.00660757 0.0022024 0.000532908 8.93085e-05 9.9423e-06 7.12691e-07
 1.47584e-10 1.17092e-08 5.47711e-07 1.51049e-05 0.0002456 0.00235461 0.0133158 0.0445168 0.0890053 0.11275 0.11278 0.125653 0.144304 0.135787 0.104565 0.0656436 0.0310857 0.0115351 0.00420149 0.00159831 0.000508286 0.000115676 1.78129e-05 1.80309e-06 1.17189e-07
 2.82433e-10 2.14465e-08 9.60141e-07 2.53427e-05 0.00039438 0.00361861 0.0195816 0.0625814 0.119007 0.139897 0.119766 0.107788 0.112288 0.10825 0.0911708 0.0637087 0.033695 0.0131118 0.0038986 0.000960904 0.000211207 3.94249e-05 5.4568e-06 5.06845e-07 3.01419e-08
 3.18981e-10 2.31526e-08 9.90774e-07 2.49971e-05 0.000371837 0.00326147 0.016878 0.0516892 0.0951871 0.113822 0.114765 0.131418 0.144834 0.127325 0.0936811 0.0594273 0.0304363 0.0121069 0.00372306 0.000871597 0.000153567 2.0598e-05 2.11175e-06 1.58956e-07 8.21116e-09
 6.12457e-10 4.24405e-08 1.7339e-06 4.17646e-05 0.000593113 0.00496641 0.0245294 0.0716031 0.124823 0.136885 0.116007 0.109615 0.114985 0.108545 0.0881057 0.0574172 0.0279297 0.010223 0.00293886 0.000662628 0.000111825 1.34947e-05 1.13637e-06 6.61605e-08 2.64191e-09
 8.50682e-10 5.62148e-08 2.19014e-06 5.03078e-05 0.000681315 0.00544076 0.0256348 0.0714859 0.119921 0.13081 0.120621 0.12679 0.130123 0.109597 0.0783883 0.0472398 0.022325 0.00807488 0.00225168 0.000478802 7.53622e-05 8.48019e-06 6.58989e-07 3.43306e-08 1.17424e-09
 1.27701e-09 8.03888e-08 2.98356e-06 6.52854e-05 0.000842263 0.0064074 0.0287602 0.0764207 0.122276 0.127776 0.11445 0.11945 0.126057 0.114065 0.0859516 0.049561 0.0202819 0.00597637 0.0013644 0.000251431 3.60032e-05 3.74605e-06 2.69072e-07 1.29059e-08 4.0381e-10
 2.21681e-09 1.32806e-07 4.69079e-06 9.76821e-05 0.00119932 0.00868264 0.0370876 0.0937597 0.142554 0.140737 0.117329 0.113793 0.113834 0.0988751 0.0716371 0.039623 0.0154875 0.0042749 0.000870691 0.000135275 1.60111e-05 1.40798e-06 8.85847e-08 3.82216e-09 1.08981e-10
 3.165e-09 1.80281e-07 6.05434e-06 0.000119874 0.00139938 0.00963336 0.0391401 0.0942801 0.137746 0.135427 0.121331 0.125107 0.121364 0.097747 0.0655166 0.0341285 0.0128134 0.00344546 0.000682581 0.000100471 1.07753e-05 8.21848e-07 4.37427e-08 1.59549e-09 3.90615e-11
 4.49556e-09 2.43263e-07 7.76085e-06 0.000145977 0.0016189 0.0105878 0.0408802 0.0937066 0.131156 0.126878 0.117634 0.125794 0.125051 0.104251 0.0706977 0.0355248 0.0123977 0.00303759 0.000547882 7.4499e-05 7.47202e-06 5.30987e-07 2.5839e-08 8.40388e-10 1.79545e-11
 5.81004e-09 2.98436e-07 9.03783e-06 0.00016137 0.00169883 0.0105485 0.0386954 0.0845731 0.114809 0.114599 0.118963 0.136175 0.136731 0.113854 0.0760546 0.0370883 0.0125056 0.00295505 0.000507934 6.43891e-05 5.91606e-06 3.83333e-07 1.70678e-08 5.09504e-10 9.9685e-12
 8.41802e-09 4.10165e-07 1.17828e-05 0.000199565 0.00199295 0.0117395 0.0408668 0.0848966 0.110355 0.108176 0.113901 0.132955 0.138592 0.120565 0.0812906 0.0386094 0.0124924 0.00282867 0.000466414 5.65037e-05 4.9112e-06 2.96917e-07 1.2174e-08 3.31708e-10 5.90267e-12
 1.62927e-08 7.52583e-07 2.04953e-05 0.000329079 0.00311542 0.0173954 0.0573759 0.112673 0.13693 0.120853 0.110524 0.117255 0.116606 0.0984581 0.0649068 0.0306234 0.0100993 0.00237598 0.000404223 4.90696e-05 4.14711e-06 2.38943e-07 9.22204e-09 2.34369e-10 3.8587e-12
 1.94465e-08 8.51119e-07 2.19625e-05 0.000334136 0.00299761 0.0158678 0.0497262 0.0937869 0.114861 0.117235 0.133307 0.147895 0.133887 0.0989243 0.0576712 0.0243917 0.00725154 0.00155904 0.000250051 2.95931e-05 2.47925e-06 1.41168e-07 5.30782e-09 1.29268e-10 2.01191e-12
 3.00721e-08 1.24657e-06 3.04658e-05 0.000438994 0.00372999 0.018699 0.0554758 0.0988789 0.113587 0.107276 0.116047 0.133523 0.135264 0.111453 0.0676268 0.0281126 0.00798091 0.00160896 0.000238224 2.58581e-05 2.00207e-06 1.07058e-07 3.83826e-09 8.98975e-11 1.34681e-12
 4.75998e-08 1.86819e-06 4.32292e-05 0.000589779 0.00474482 0.0225266 0.0633502 0.107503 0.119706 0.114036 0.123709 0.134149 0.124451 0.0955801 0.0564778 0.0240192 0.00726607 0.0015753 0.000242742 2.60368e-05 1.90901e-06 9.44109e-08 3.10688e-09 6.69638e-11 9.29955e-13
 7.49975e-08 2.78625e-06 6.10289e-05 0.000788147 0.00600219 0.0269778 0.0718655 0.115812 0.123705 0.115588 0.123779 0.13147 0.119345 0.0884432 0.0493965 0.0196964 0.00565721 0.00120102 0.000187116 2.05876e-05 1.53631e-06 7.55484e-08 2.40343e-09 4.88717e-11 6.29728e-13
 1.19465e-07 4.20056e-06 8.70796e-05 0.00106435 0.00767176 0.032641 0.0823645 0.126114 0.129493 0.11892 0.124793 0.127341 0.110265 0.0776053 0.0410168 0.0154552 0.00418857 0.000837973 0.000123545 1.30213e-05 9.45189e-07 4.57326e-08 1.43656e-09 2.8712e-11 3.59877e-13
 1.73887e-07 5.78622e-06 0.000113519 0.00131312 0.0089582 0.0360874 0.086372 0.126472 0.128045 0.122124 0.131153 0.130575 0.107985 0.0712475 0.0345308 0.0116686 0.00278738 0.000490791 6.4696e-05 6.21984e-06 4.18176e-07 1.8951e-08 5.62813e-10 1.07203e-11 1.28813e-13
 2.51354e-07 7.91543e-06 0.000146964 0.00160886 0.0103881 0.0396211 0.0899361 0.125843 0.125043 0.121751 0.132329 0.131096 0.107585 0.0693653 0.0322379 0.0103177 0.00230389 0.000371244 4.37505e-05 3.71274e-06 2.20735e-07 8.94261e-09 2.4054e-10 4.19717e-12 4.66075e-14
 3.29199e-07 9.81142e-06 0.000172407 0.00178635 0.0109186 0.0394568 0.0852097 0.115515 0.117854 0.125068 0.14129 0.138645 0.111288 0.0695153 0.0311529 0.00965387 0.00209828 0.000327407 3.66536e-05 2.88119e-06 1.55172e-07 5.61136e-09 1.33896e-10 2.07449e-12 2.05645e-14
 5.12984e-07 1.4471e-05 0.000240682 0.00236036 0.0136555 0.046709 0.095484 0.122536 0.118444 0.120186 0.133301 0.132311 0.10785 0.066814 0.0291441 0.00877109 0.00186153 0.000284132 3.09262e-05 2.33662e-06 1.19269e-07 4.02571e-09 8.8341e-11 1.24298e-12 1.10879e-14
 7.1979e-07 1.92209e-05 0.00030262 0.00280952 0.0153908 0.0499029 0.0971843 0.121305 0.120574 0.129252 0.141621 0.132142 0.0999875 0.0576726 0.0235744 0.00669322 0.00134931 0.000196793 2.05402e-05 1.48887e-06 7.27205e-08 2.33655e-09 4.84683e-11 6.39565e-13 5.30699e-15
 1.05554e-06 2.66853e-05 0.000397764 0.00349624 0.0181349 0.0557021 0.102977 0.123036 0.119604 0.127428 0.138867 0.129769 0.0975731 0.0546459 0.02133 0.00574674 0.00109694 0.000151128 1.48665e-05 1.01486e-06 4.67101e-08 1.41538e-09 2.76897e-11 3.44239e-13 2.6856e-15
 1.26833e-06 3.0361e-05 0.000428517 0.00356697 0.0175318 0.0511691 0.0910179 0.109726 0.118431 0.140109 0.153925 0.138446 0.0987319 0.0520487 0.0190513 0.00480561 0.000858018 0.000110464 1.01434e-05 6.45622e-07 2.76792e-08 7.80809e-10 1.42208e-11 1.6466e-13 1.19715e-15
#spawning biomass
 9031.7 9547.82 6661.64 6672.7 9078.03 15196.7 20582.4 24758.9 38062.9 52740 60918.9 74229.7 87928.1 107777 113492 110945 96762.1 105053 95661.5 92667 103066 105691 124751 134250 120165 121956 120833 129835 107074 87859.8 194863 219500 214945 195635 171911 149534 130903 116485 105845 98246.5 92945.6 89310.9 86850.4 85193.1 84063.3 83330.6 82855.3 82547.1 82347.2 82217.5 82133.4 82078.9 82043.5 82020.6 82005.7 81996 81989.8 81985.7 81983.1 81981.4 81980.3 81979.6 81979.1 81978.8 81978.6 81978.5 81978.4 81978.3 81978.3 81978.3 81978.3 81978.3 81978.3 81978.2 81978.2 81978.2 81978.2 81978.2 81978.2 81978.2 81978.2 81978.2 81978.2 81978.2 81978.2 81978.2 81978.2 81978.2 81978.2 81978.2 81978.2 81978.2 81978.2 81978.2 81978.2 81978.2 81978.2 81978.2 81978.2 81978.2 81978.2 81978.2 81978.2 81978.2 81978.2 81978.2 81978.2 81978.2 81978.2 81978.2 81978.2 81978.2 81978.2 81978.2 81978.2 81978.2 81978.2 81978.2 81978.2 81978.2 81978.2 81978.2 81978.2 81978.2 81978.2 81978.2 81978.2 81978.2 81978.2 0 0 0 0 0 0 0 0 0 0 0 0 0 0 0 0 0 0 0 0 0 0 0 0 0
