SBPRF35
0.819782
Curr Bio
237862
B35
909063
F35
0.232535
FOFL
0
OFL
0
Bzero
234224
#pred survey bio
 8842.5 9022.34 7026.33 8115.85 12544.4 19860.8 30783 38674.8 55444.3 74303.7 83698.5 107322 147689 185726 202354 163736 157676 162432 172606 198095 201572 231114 238126 251652 298028 331547 283868 303143 263993 4.07284e+06 6.02107e+06 6.64455e+06 6.40089e+06 5.73813e+06 4.96179e+06 4.23852e+06 3.63583e+06 3.16513e+06 2.81212e+06 2.55412e+06 2.36852e+06 2.23618e+06 2.14214e+06 2.07454e+06 2.02469e+06 1.98959e+06 1.96453e+06 1.94641e+06 1.93311e+06 1.92323e+06 1.91578e+06 1.91011e+06 1.90573e+06 1.90232e+06 1.89965e+06 1.89753e+06 1.89584e+06 1.89449e+06 1.89341e+06 1.89253e+06 1.89183e+06 1.89125e+06 1.89078e+06 1.8904e+06 1.89009e+06 1.88984e+06 1.88964e+06 1.88947e+06 1.88933e+06 1.88922e+06 1.88913e+06 1.88905e+06 1.88899e+06 1.88894e+06 1.8889e+06 1.88886e+06 1.88884e+06 1.88881e+06 1.88879e+06 1.88878e+06 1.88877e+06 1.88876e+06 1.88875e+06 1.88874e+06 1.88874e+06 1.88873e+06 1.88873e+06 1.88873e+06 1.88872e+06 1.88872e+06 1.88872e+06 1.88872e+06 1.88872e+06 1.88872e+06 1.88871e+06 1.88871e+06 1.88871e+06 1.88871e+06 1.88871e+06 1.88871e+06 1.88871e+06 1.88871e+06 1.88871e+06 1.88871e+06 1.88871e+06 1.88871e+06 1.88871e+06 1.88871e+06 1.88871e+06 1.88871e+06 1.88871e+06 1.88871e+06 1.88871e+06 1.88871e+06 1.88871e+06 1.88871e+06 1.88871e+06 1.88871e+06 1.88871e+06 1.88871e+06 1.88871e+06 1.88871e+06 1.88871e+06 1.88871e+06 1.88871e+06 1.88871e+06 1.88871e+06 1.88871e+06 1.88871e+06 0 0 0 0 0 0 0 0 0 0 0 0 0 0 0 0 0 0 0 0 0 0 0 0 0
#obs survey bio
 7811.35 8339.42 8771.85 8789.74 17003.6 26161.3 29042.4 37983.5 68333.9 95764.4 82576.5 133713 161676 210773 129785 90099.6 138660 175302 115123 227738 168706 147669 171010 175344 234449 361319 235915 274567 239355
#pred catch bio
 2962.76 4379.73 3368.47 3532.71 5804.24 10326.4 20749.6 24863.4 35294.5 52235.9 57638.5 69087.2 100213 122292 153110 120453 111652 116181 117143 145473 138247 167010 173055 177477 202197 258733 202320 222787 229828 0 52551.9 57999.4 55208 48705.2 41310.1 34542.8 28996.4 24744.1 21624.8 19406 17862.4 16805.9 16091.6 15610.2 15283.8 15072 14934.6 14845.4 14787.6 14750 14725.7 14709.9 14699.6 14692.9 14688.6 14685.8 14684 14682.8 14682.1 14681.6 14681.2 14681 14680.9 14680.8 14680.8 14680.7 14680.7 14680.7 14680.7 14680.7 14680.7 14680.7 14680.7 14680.7 14680.7 14680.6 14680.6 14680.6 14680.6 14680.6 14680.6 14680.6 14680.6 14680.6 14680.6 14680.6 14680.6 14680.6 14680.6 14680.6 14680.6 14680.6 14680.6 14680.6 14680.6 14680.6 14680.6 14680.6 14680.6 14680.6 14680.6 14680.6 14680.6 14680.6 14680.6 14680.6 14680.6 14680.6 14680.6 14680.6 14680.6 14680.6 14680.6 14680.6 14680.6 14680.6 14680.6 14680.6 14680.6 14680.6 14680.6 14680.6 14680.6 14680.6 14680.6 14680.6 14680.6 14680.6 14680.6 0 0 0 0 0 0 0 0 0 0 0 0 0 0 0 0 0 0 0 0 0 0 0 0 0
#obs catch bio
 3963.26 4394.63 3696.59 3382.81 5127.37 8754.62 16232.5 18109 29135.7 45686 51859.6 59020.6 87412.9 113707 139563 130073 106819 97052.7 112008 142778 118394 160850 170687 176379 177847 232056 188117 207345 238224
#pred cpue bio
 7205.44 8278.01 5832.03 5089.02 7953.2 11970.9 17895 21049.6 29096 42436.6 46788.8 55398.3 80957.2 100691 133015 103072 91072.5 97286.8 97650.4 116714 112118 133921 136261 138923 158393 202936 156753 173891 170816 1.86259e+06 5.85355e+06 6.52182e+06 6.27738e+06 5.61459e+06 4.83824e+06 4.11498e+06 3.51228e+06 3.04159e+06 2.68858e+06 2.43057e+06 2.24497e+06 2.11263e+06 2.01859e+06 1.95099e+06 1.90115e+06 1.86604e+06 1.84099e+06 1.82286e+06 1.80957e+06 1.79968e+06 1.79224e+06 1.78656e+06 1.78218e+06 1.77878e+06 1.7761e+06 1.77398e+06 1.7723e+06 1.77095e+06 1.76986e+06 1.76899e+06 1.76828e+06 1.7677e+06 1.76724e+06 1.76686e+06 1.76655e+06 1.7663e+06 1.76609e+06 1.76592e+06 1.76578e+06 1.76567e+06 1.76558e+06 1.7655e+06 1.76544e+06 1.76539e+06 1.76535e+06 1.76532e+06 1.76529e+06 1.76527e+06 1.76525e+06 1.76523e+06 1.76522e+06 1.76521e+06 1.7652e+06 1.7652e+06 1.76519e+06 1.76519e+06 1.76518e+06 1.76518e+06 1.76518e+06 1.76517e+06 1.76517e+06 1.76517e+06 1.76517e+06 1.76517e+06 1.76517e+06 1.76517e+06 1.76517e+06 1.76517e+06 1.76517e+06 1.76517e+06 1.76517e+06 1.76517e+06 1.76517e+06 1.76517e+06 1.76517e+06 1.76517e+06 1.76517e+06 1.76517e+06 1.76517e+06 1.76517e+06 1.76517e+06 1.76517e+06 1.76517e+06 1.76517e+06 1.76516e+06 1.76516e+06 1.76516e+06 1.76516e+06 1.76516e+06 1.76516e+06 1.76516e+06 1.76516e+06 1.76516e+06 1.76516e+06 1.76516e+06 1.76516e+06 1.76516e+06 1.76516e+06 1.76516e+06 0 0 0 0 0 0 0 0 0 0 0 0 0 0 0 0 0 0 0 0 0 0 0 0 0
#obs cpue bio
 5803.81 6775.63 5656.28 5324 10635 16652.6 34621.4 58535.4 52358.5 64982.2 65071.4 81948.8 123918 99958.8 321327 144564 129979 187450 141201 159997 193939 255657 205453 201443 309353 418208 185961 266491 222210
#pred surv len freq
 1.02801e-11 1.11629e-09 7.1466e-08 2.69749e-06 6.0029e-05 0.000787622 0.00609388 0.0278244 0.0752696 0.123019 0.132687 0.123466 0.126675 0.119709 0.0917375 0.0638879 0.0425989 0.0261519 0.0153649 0.00913482 0.00570502 0.00388978 0.00285498 0.00198499 0.00109564
 5.44313e-12 5.91059e-10 3.78402e-08 1.42828e-06 3.17849e-05 0.000417065 0.00322786 0.0147616 0.0402527 0.0683673 0.0857287 0.109443 0.143337 0.149261 0.122687 0.093156 0.0674904 0.0442925 0.026384 0.0144637 0.00761612 0.00417507 0.00251874 0.00156075 0.000826782
 1.06871e-11 1.1605e-09 7.42961e-08 2.80431e-06 6.24059e-05 0.000818793 0.00633448 0.0289095 0.0780213 0.126038 0.129114 0.103711 0.0920116 0.0900802 0.0857813 0.0791356 0.0657319 0.0478078 0.0311651 0.0180487 0.00924555 0.00436436 0.00207661 0.00104497 0.000494258
 1.61007e-11 1.74834e-09 1.1193e-07 4.22481e-06 9.40169e-05 0.00123353 0.00954259 0.0435398 0.117354 0.188348 0.187103 0.134422 0.096638 0.0739502 0.0486069 0.0297094 0.0214593 0.0174574 0.0132788 0.00868215 0.00481632 0.00227814 0.000953385 0.000381129 0.000147463
 1.458e-11 1.58321e-09 1.01359e-07 3.82578e-06 8.51374e-05 0.00111705 0.00864198 0.0394434 0.106488 0.172323 0.177849 0.14538 0.126534 0.104245 0.0630862 0.0284364 0.0119367 0.00577654 0.00348652 0.00238286 0.00150429 0.000786721 0.000335144 0.000120087 3.79611e-05
 1.52649e-11 1.65759e-09 1.0612e-07 4.00552e-06 8.91371e-05 0.00116952 0.00904776 0.0412912 0.111419 0.179837 0.183431 0.144441 0.119797 0.0974697 0.0607839 0.0295505 0.0129933 0.0052471 0.00192616 0.00076797 0.000385641 0.000207602 9.63478e-05 3.53801e-05 1.02751e-05
 1.54708e-11 1.67995e-09 1.07552e-07 4.05955e-06 9.03395e-05 0.0011853 0.00916986 0.0418496 0.112941 0.182418 0.186636 0.148355 0.124125 0.0994946 0.0579469 0.0236239 0.00801557 0.00274646 0.000947033 0.000306457 9.44375e-05 3.21402e-05 1.27032e-05 4.73108e-06 1.39424e-06
 1.60687e-11 1.74487e-09 1.11708e-07 4.21643e-06 9.38307e-05 0.0012311 0.00952416 0.043465 0.11728 0.189259 0.192845 0.151188 0.123665 0.096617 0.0529758 0.0178317 0.00356794 0.000421605 2.93915e-05 1.211e-06 3.02156e-08 6.50787e-10 6.01678e-11 1.51476e-11 4.02874e-12
 1.6503e-11 1.79203e-09 1.14727e-07 4.33038e-06 9.63664e-05 0.00126437 0.00978142 0.0446366 0.120408 0.194041 0.196469 0.150806 0.119593 0.0919756 0.0502244 0.0168911 0.00337919 0.000399295 2.78348e-05 1.1452e-06 2.78782e-08 4.05213e-10 3.62691e-12 2.19579e-14 1.25689e-16
 1.54467e-11 1.67733e-09 1.07384e-07 4.05322e-06 9.01986e-05 0.00118345 0.00915567 0.0417868 0.112799 0.182409 0.187654 0.151735 0.129497 0.103266 0.056917 0.019179 0.00383829 0.000453545 3.16089e-05 1.29928e-06 3.15248e-08 4.52869e-10 3.89342e-12 2.07655e-14 7.60111e-17
 1.57307e-11 1.70817e-09 1.09359e-07 4.12774e-06 9.1857e-05 0.00120521 0.00932392 0.042553 0.114845 0.185536 0.190024 0.151486 0.126834 0.10023 0.0551175 0.0185637 0.00371478 0.000438927 3.05863e-05 1.25669e-06 3.04425e-08 4.34816e-10 3.66255e-12 1.8206e-14 5.3539e-17
 1.669e-11 1.81233e-09 1.16027e-07 4.37945e-06 9.74583e-05 0.00127869 0.0098922 0.0451411 0.121755 0.1961 0.19803 0.150642 0.11784 0.0899771 0.0490395 0.0164859 0.00329778 0.000389628 2.71506e-05 1.11553e-06 2.7024e-08 3.86034e-10 3.25305e-12 1.61953e-14 4.78888e-17
 1.59804e-11 1.73529e-09 1.11095e-07 4.19327e-06 9.33152e-05 0.00122434 0.00947186 0.0432268 0.116644 0.188286 0.192108 0.151266 0.124493 0.0975608 0.0535352 0.0180228 0.00360623 0.000426097 2.96927e-05 1.22007e-06 2.95638e-08 4.22693e-10 3.57345e-12 1.79957e-14 5.53713e-17
 1.61167e-11 1.75008e-09 1.12042e-07 4.22902e-06 9.41109e-05 0.00123478 0.00955259 0.0435945 0.117626 0.189787 0.193246 0.151146 0.123215 0.0961043 0.0526718 0.0177277 0.00354698 0.00041909 2.92039e-05 1.19991e-06 2.90686e-08 4.1527e-10 3.5003e-12 1.74422e-14 5.17434e-17
 1.32393e-11 1.43763e-09 9.20382e-08 3.47398e-06 7.73088e-05 0.00101434 0.00784794 0.0358309 0.0968963 0.1581 0.169231 0.153676 0.150193 0.12686 0.0709037 0.0239604 0.00479787 0.000566983 3.95125e-05 1.6237e-06 3.93559e-08 5.63293e-10 4.7801e-12 2.43936e-14 7.83975e-17
 1.39898e-11 1.51913e-09 9.72558e-08 3.67092e-06 8.16914e-05 0.00107184 0.00829256 0.0378559 0.102303 0.166365 0.175495 0.153016 0.143156 0.118838 0.0661482 0.0223347 0.00447158 0.000528402 3.68222e-05 1.51295e-06 3.6654e-08 5.23722e-10 4.41709e-12 2.20582e-14 6.59365e-17
 1.52926e-11 1.66059e-09 1.06313e-07 4.01277e-06 8.92985e-05 0.00117164 0.00906435 0.0413709 0.111688 0.180711 0.186368 0.151871 0.130942 0.104913 0.0578937 0.0195128 0.00390525 0.000461447 3.2156e-05 1.32122e-06 3.20093e-08 4.57369e-10 3.85782e-12 1.92715e-14 5.7672e-17
 1.47713e-11 1.60398e-09 1.02688e-07 3.87598e-06 8.62545e-05 0.0011317 0.00875552 0.0399644 0.107933 0.174971 0.182017 0.152329 0.135829 0.110485 0.0611968 0.020642 0.00413187 0.000488238 3.40228e-05 1.39789e-06 3.38629e-08 4.83667e-10 4.07394e-12 2.02494e-14 5.9531e-17
 1.55737e-11 1.69112e-09 1.08267e-07 4.08653e-06 9.09401e-05 0.00119318 0.00923089 0.0421293 0.113714 0.183807 0.188714 0.151624 0.128306 0.101908 0.0561125 0.0189039 0.00378304 0.000446999 3.1149e-05 1.27983e-06 3.10052e-08 4.42956e-10 3.73429e-12 1.86193e-14 5.5352e-17
 1.50119e-11 1.63012e-09 1.04362e-07 3.93913e-06 8.76598e-05 0.00115014 0.00889809 0.0406137 0.109667 0.177621 0.184025 0.152118 0.133573 0.107913 0.0596719 0.0201207 0.00402726 0.000475875 3.31624e-05 1.3627e-06 3.30253e-08 4.72459e-10 4.00247e-12 2.03042e-14 6.40131e-17
 1.57956e-11 1.71521e-09 1.09809e-07 4.14475e-06 9.22356e-05 0.00121017 0.00936233 0.042728 0.115312 0.186251 0.190565 0.151429 0.126226 0.0995369 0.0547066 0.0184233 0.00368659 0.000435594 3.0354e-05 1.24713e-06 3.02103e-08 4.31457e-10 3.633e-12 1.80366e-14 5.28044e-17
 1.52478e-11 1.65573e-09 1.06001e-07 4.00101e-06 8.9037e-05 0.00116821 0.00903781 0.04125 0.111366 0.180218 0.185994 0.15191 0.131362 0.105392 0.0581775 0.0196098 0.00392472 0.000463748 3.23162e-05 1.32778e-06 3.2166e-08 4.59498e-10 3.87243e-12 1.92847e-14 5.70846e-17
 1.54207e-11 1.6745e-09 1.07203e-07 4.04638e-06 9.00466e-05 0.00118145 0.00914024 0.0417165 0.112611 0.182122 0.187437 0.151758 0.129741 0.103544 0.057082 0.0192353 0.00384956 0.000454862 3.16967e-05 1.3023e-06 3.15468e-08 4.50548e-10 3.79385e-12 1.8837e-14 5.5166e-17
 1.58916e-11 1.72564e-09 1.10477e-07 4.16996e-06 9.27967e-05 0.00121753 0.00941925 0.0429872 0.116004 0.187309 0.191367 0.151344 0.125325 0.09851 0.0540979 0.0182152 0.00364482 0.000430657 3.00098e-05 1.23299e-06 2.98677e-08 4.26563e-10 3.59176e-12 1.78313e-14 5.21967e-17
 1.63555e-11 1.77601e-09 1.13702e-07 4.29168e-06 9.55052e-05 0.00125307 0.00969405 0.0442387 0.119346 0.192417 0.195239 0.150936 0.120976 0.0935521 0.0511588 0.0172104 0.00344318 0.000406817 2.83484e-05 1.16473e-06 2.82142e-08 4.02951e-10 3.39303e-12 1.68462e-14 4.93294e-17
 1.44403e-11 1.56804e-09 1.00388e-07 3.78913e-06 8.43219e-05 0.00110635 0.00855945 0.0390714 0.105549 0.171326 0.179255 0.15262 0.138932 0.114023 0.0632938 0.0213588 0.00427574 0.000505247 3.52082e-05 1.44659e-06 3.50423e-08 5.00493e-10 4.21508e-12 2.09404e-14 6.1452e-17
 1.58879e-11 1.72524e-09 1.10452e-07 4.16899e-06 9.27751e-05 0.00121725 0.00941706 0.0429772 0.115978 0.187268 0.191336 0.151347 0.12536 0.0985495 0.0541213 0.0182232 0.00364643 0.000430847 3.00231e-05 1.23354e-06 2.98809e-08 4.2675e-10 3.59329e-12 1.78382e-14 5.22092e-17
 1.53873e-11 1.67087e-09 1.06971e-07 4.03762e-06 8.98515e-05 0.0011789 0.00912045 0.0416264 0.112371 0.181754 0.187158 0.151788 0.130054 0.103901 0.0572937 0.0193077 0.00386408 0.000456578 3.18164e-05 1.30722e-06 3.16658e-08 4.52243e-10 3.80799e-12 1.89048e-14 5.53399e-17
 1.35212e-11 1.46824e-09 9.39984e-08 3.54797e-06 7.89553e-05 0.00103594 0.00801498 0.0365917 0.0989276 0.161205 0.171584 0.153428 0.147549 0.123846 0.0691171 0.0233496 0.00467527 0.000552481 3.85e-05 1.58183e-06 3.83179e-08 5.47246e-10 4.6079e-12 2.28753e-14 6.69549e-17
#obs surv len freq
 8.10306e-12 8.79897e-10 5.63318e-08 2.12625e-06 4.73168e-05 0.000620828 0.00480335 0.021931 0.0593144 0.0968508 0.104143 0.0969335 0.103388 0.110417 0.106134 0.0955696 0.0783434 0.0562392 0.035098 0.0186916 0.00809106 0.00265606 0.00061832 9.69364e-05 9.8662e-06
 1.04912e-12 1.13922e-10 7.29344e-09 2.75297e-07 6.12698e-06 8.04304e-05 0.000623864 0.00288454 0.00829039 0.0174289 0.0367182 0.0790349 0.132692 0.162303 0.161342 0.141656 0.108159 0.072141 0.042807 0.0217274 0.00879367 0.00265651 0.00056548 8.08824e-05 7.50088e-06
 1.53184e-11 1.6634e-09 1.06492e-07 4.01955e-06 8.94491e-05 0.00117358 0.00907808 0.0414032 0.111358 0.176816 0.166773 0.0975811 0.0485952 0.0488588 0.0718982 0.0810082 0.0655245 0.0415823 0.0225351 0.0104707 0.00391563 0.00109137 0.000212887 2.7762e-05 2.34251e-06
 1.4032e-11 1.52371e-09 9.75492e-08 3.682e-06 8.19381e-05 0.00107508 0.00831776 0.0379718 0.102603 0.166571 0.173585 0.143941 0.123996 0.0983606 0.0585278 0.030975 0.0214378 0.0162177 0.00982575 0.00448888 0.00154815 0.000392527 6.97106e-05 8.28201e-06 6.36133e-07
 1.16241e-11 1.26225e-09 8.081e-08 3.05018e-06 6.7878e-05 0.000890614 0.00689096 0.0314664 0.0851235 0.138896 0.147755 0.130377 0.125698 0.119936 0.0969077 0.0639269 0.0324324 0.0126746 0.00455379 0.00169433 0.000549727 0.000130798 2.12983e-05 2.2974e-06 1.60033e-07
 1.28552e-11 1.39593e-09 8.93684e-08 3.37322e-06 7.50666e-05 0.000984925 0.00762032 0.0347883 0.0939913 0.152407 0.157677 0.128048 0.111837 0.104436 0.0884177 0.0633826 0.0355337 0.0147437 0.0045909 0.00115294 0.000253683 4.80241e-05 6.91656e-06 6.80283e-07 4.3237e-08
 1.20556e-11 1.3091e-09 8.38098e-08 3.16341e-06 7.0398e-05 0.000923689 0.00714721 0.032642 0.088354 0.144389 0.153883 0.134642 0.125516 0.114542 0.0892283 0.0587702 0.0314921 0.0130548 0.00413525 0.00099681 0.000181476 2.51067e-05 2.65425e-06 2.07846e-07 1.13178e-08
 1.18193e-11 1.28343e-09 8.21664e-08 3.10138e-06 6.90177e-05 0.000905585 0.00700729 0.0320057 0.0866533 0.141693 0.151086 0.132003 0.123554 0.11605 0.094664 0.0636381 0.0330634 0.0128091 0.00376951 0.000857779 0.000147567 1.84189e-05 1.6193e-06 9.88743e-08 4.15357e-09
 1.17786e-11 1.27902e-09 8.18838e-08 3.09072e-06 6.87806e-05 0.000902485 0.00698366 0.0319039 0.08644 0.1417 0.152208 0.134614 0.126293 0.117145 0.0936431 0.0614012 0.0310276 0.0116107 0.00324478 0.000687157 0.000108923 1.25122e-05 1.0049e-06 5.46956e-08 1.97122e-09
 1.1351e-11 1.23259e-09 7.89114e-08 2.97853e-06 6.62843e-05 0.00086975 0.00673093 0.03076 0.0834539 0.137499 0.150131 0.137331 0.132363 0.123064 0.0966048 0.0605232 0.0282845 0.00948519 0.002328 0.000433932 6.15294e-05 6.4011e-06 4.67594e-07 2.31444e-08 7.55614e-10
 1.18223e-11 1.28376e-09 8.21876e-08 3.10219e-06 6.90364e-05 0.000905866 0.00701048 0.0320371 0.0868977 0.142926 0.154701 0.137913 0.129128 0.119226 0.0938764 0.0582511 0.0264061 0.00839558 0.0018956 0.000314167 3.87462e-05 3.49983e-06 2.24461e-07 9.88464e-09 2.89898e-10
 1.19134e-11 1.29365e-09 8.28209e-08 3.1261e-06 6.95689e-05 0.000912872 0.00706525 0.0322966 0.0876893 0.144699 0.15797 0.142451 0.132661 0.118961 0.0897819 0.0532909 0.0232183 0.00711786 0.00154181 0.000240989 2.73019e-05 2.20574e-06 1.24184e-07 4.76582e-09 1.22101e-10
 1.06272e-11 1.15399e-09 7.38795e-08 2.78862e-06 6.20593e-05 0.000814378 0.00630435 0.0288429 0.0785657 0.131184 0.14862 0.144289 0.143084 0.130811 0.0980967 0.0568463 0.0238461 0.00696858 0.00142795 0.000209946 2.22613e-05 1.6701e-06 8.62351e-08 2.99046e-09 6.83061e-11
 9.24304e-12 1.00369e-09 6.42571e-08 2.42542e-06 5.39776e-05 0.000708375 0.00548516 0.0251193 0.0686655 0.116081 0.136422 0.141891 0.150333 0.144145 0.111462 0.0646132 0.0262292 0.00722195 0.00136568 0.000182977 1.76501e-05 1.21054e-06 5.74001e-08 1.82927e-09 3.82827e-11
 8.06734e-12 8.76019e-10 5.60838e-08 2.11693e-06 4.71133e-05 0.000618344 0.00478952 0.0219583 0.0602646 0.103246 0.125878 0.139298 0.15585 0.155214 0.122909 0.0716162 0.0288299 0.00782491 0.0014487 0.000187021 1.69729e-05 1.0717e-06 4.62071e-08 1.33443e-09 2.53482e-11
 1.08398e-11 1.17708e-09 7.5358e-08 2.84443e-06 6.33024e-05 0.000830725 0.00643158 0.0294309 0.0801643 0.133459 0.148718 0.138869 0.136085 0.13095 0.103617 0.059949 0.0237664 0.00634491 0.00115721 0.000146884 1.29952e-05 7.88803e-07 3.21597e-08 8.64322e-10 1.50829e-11
 9.91923e-12 1.07711e-09 6.89582e-08 2.6029e-06 5.79299e-05 0.000760351 0.00589034 0.0270135 0.07415 0.126639 0.151137 0.156179 0.155912 0.135683 0.0937677 0.048863 0.018239 0.00473464 0.000853661 0.000107418 9.3616e-06 5.5434e-07 2.18315e-08 5.61366e-10 9.28238e-12
 9.37771e-12 1.01831e-09 6.51937e-08 2.46082e-06 5.47683e-05 0.000718879 0.00556958 0.0255478 0.0701509 0.119819 0.142904 0.148687 0.15412 0.143574 0.105592 0.0563632 0.0207201 0.00517183 0.000888702 0.000106788 8.94611e-06 5.1173e-07 1.9477e-08 4.82401e-10 7.6427e-12
 1.0245e-11 1.11249e-09 7.12232e-08 2.68842e-06 5.98342e-05 0.00078538 0.00608478 0.0279068 0.0765504 0.130089 0.152234 0.151633 0.14934 0.133935 0.0961125 0.0507765 0.0187759 0.00477141 0.000834031 0.000100271 8.21041e-06 4.50685e-07 1.63117e-08 3.83243e-10 5.76108e-12
 1.04048e-11 1.12984e-09 7.23342e-08 2.73038e-06 6.07701e-05 0.000797743 0.00618243 0.0283804 0.0780517 0.133531 0.158256 0.158846 0.153231 0.130878 0.0883121 0.043807 0.0152748 0.00368956 0.00062034 7.26526e-05 5.83709e-06 3.13839e-07 1.10284e-08 2.48721e-10 3.55255e-12
 1.02715e-11 1.11537e-09 7.1408e-08 2.69545e-06 5.99947e-05 0.000787647 0.00610607 0.0280546 0.077342 0.133112 0.159613 0.162254 0.156821 0.132197 0.0864434 0.0406641 0.0131594 0.00289509 0.000438608 4.64359e-05 3.42451e-06 1.72133e-07 5.73424e-09 1.23497e-10 1.68713e-12
 1.04145e-11 1.1309e-09 7.24028e-08 2.73303e-06 6.0833e-05 0.000798721 0.00619332 0.0284714 0.0785884 0.135537 0.162689 0.164492 0.156963 0.130146 0.083252 0.0380416 0.0118753 0.00249623 0.000355742 3.47311e-05 2.32324e-06 1.05211e-07 3.16765e-09 6.22115e-11 7.83152e-13
 9.96505e-12 1.0821e-09 6.92787e-08 2.61517e-06 5.82138e-05 0.000764496 0.00593168 0.0273184 0.0757914 0.132441 0.163285 0.170205 0.163385 0.132251 0.0810185 0.0350201 0.0102413 0.00199815 0.000262129 2.34249e-05 1.42974e-06 5.89089e-08 1.60766e-09 2.85196e-11 3.23787e-13
 1.08001e-11 1.17278e-09 7.50844e-08 2.83433e-06 6.30924e-05 0.000828546 0.00642769 0.0295824 0.0818443 0.141628 0.170043 0.169715 0.157373 0.125145 0.0752223 0.0314969 0.00879665 0.0016167 0.00019696 1.61275e-05 8.93321e-07 3.32601e-08 8.1982e-10 1.31479e-11 1.35052e-13
 9.74416e-12 1.05812e-09 6.77449e-08 2.55741e-06 5.6937e-05 0.000748048 0.00581076 0.0268424 0.0750291 0.133259 0.168505 0.178219 0.167592 0.129199 0.0744721 0.030224 0.00831547 0.00152418 0.000185581 1.50157e-05 8.04142e-07 2.82486e-08 6.43916e-10 9.42544e-12 8.77495e-14
 1.02311e-11 1.11099e-09 7.11304e-08 2.68523e-06 5.97828e-05 0.000785415 0.00609989 0.0281546 0.0784523 0.137983 0.170652 0.175802 0.164114 0.127305 0.072947 0.0287084 0.00749064 0.00128482 0.000145969 1.10893e-05 5.63274e-07 1.89019e-08 4.11669e-10 5.72113e-12 5.00641e-14
 9.02005e-12 9.795e-10 6.27137e-08 2.36771e-06 5.27273e-05 0.000693215 0.00539436 0.0250306 0.0707225 0.128555 0.168844 0.18486 0.174908 0.131822 0.072743 0.0278439 0.0071595 0.00121947 0.000137225 1.01943e-05 4.97664e-07 1.58218e-08 3.23984e-10 4.22559e-12 3.47343e-14
 9.13475e-12 9.91958e-10 6.35119e-08 2.39789e-06 5.3401e-05 0.000702098 0.0054633 0.025339 0.0714503 0.129089 0.167673 0.182549 0.174699 0.133696 0.0737088 0.0275516 0.00679628 0.0011006 0.000117636 8.33304e-06 3.89521e-07 1.18665e-08 2.32005e-10 2.87051e-12 2.22269e-14
 9.41103e-12 1.02197e-09 6.54353e-08 2.47067e-06 5.50309e-05 0.000723815 0.00563758 0.0262027 0.074208 0.135017 0.176134 0.189024 0.173534 0.125409 0.0650198 0.0228508 0.00529407 0.000802287 7.98309e-05 5.24366e-06 2.2716e-07 6.43264e-09 1.17451e-10 1.36296e-12 9.92536e-15
#pred catch len freq
 5.28947e-13 5.74375e-11 3.67724e-09 1.38805e-07 3.08981e-06 4.05998e-05 0.000316465 0.0014995 0.00480463 0.013879 0.0429512 0.1089 0.181945 0.196586 0.154994 0.10865 0.07259 0.0445875 0.0261981 0.0155752 0.00972717 0.00663214 0.00486778 0.00338444 0.00186808
 2.34267e-13 2.54387e-11 1.62865e-09 6.14807e-08 1.369e-06 1.80181e-05 0.000141613 0.000697963 0.00259288 0.00991509 0.0370728 0.0996594 0.169696 0.187808 0.156365 0.119149 0.0864286 0.0567387 0.0337986 0.0185281 0.00975621 0.00534824 0.00322648 0.00199931 0.0010591
 6.57972e-13 7.1448e-11 4.57419e-09 1.72658e-07 3.84283e-06 5.04581e-05 0.000391879 0.00182381 0.00540731 0.0126559 0.0314462 0.0737794 0.1251 0.149735 0.148373 0.137713 0.114495 0.083285 0.0542913 0.0314413 0.0161059 0.00760276 0.00361747 0.00182035 0.000861002
 1.80067e-12 1.95531e-10 1.25181e-08 4.72504e-07 1.05158e-05 0.00013803 0.00107015 0.00493763 0.0140617 0.0286542 0.0572016 0.117589 0.183751 0.187572 0.131896 0.0816763 0.0591344 0.0481239 0.0366059 0.023934 0.0132771 0.00628012 0.00262818 0.00105065 0.000406509
 1.46617e-12 1.59208e-10 1.01927e-08 3.84734e-07 8.56288e-06 0.000112427 0.00087284 0.00405495 0.0119241 0.0271737 0.0649082 0.147238 0.234412 0.233151 0.147099 0.0668739 0.0281336 0.0136249 0.00822464 0.00562109 0.00354854 0.00185583 0.000790586 0.000283278 8.9548e-05
 2.05934e-12 2.2362e-10 1.43164e-08 5.40383e-07 1.20266e-05 0.000157867 0.0012242 0.0056542 0.0161813 0.0335762 0.0692503 0.145118 0.226879 0.227265 0.14844 0.0727914 0.0320479 0.0129436 0.00475131 0.00189427 0.000951188 0.000512049 0.000237641 8.72648e-05 2.53434e-05
 7.32438e-12 7.9534e-10 5.09184e-08 1.92192e-06 4.27704e-05 0.000561215 0.00434365 0.0198678 0.054224 0.0924704 0.117529 0.152435 0.195781 0.183344 0.11065 0.0453968 0.0154002 0.0052704 0.00181625 0.000587633 0.000181076 6.16255e-05 2.43569e-05 9.07133e-06 2.67329e-06
 7.74521e-12 8.41038e-10 5.38441e-08 2.03235e-06 4.52278e-05 0.000593459 0.00459316 0.0210077 0.0573167 0.0975974 0.123379 0.158507 0.201702 0.185583 0.105715 0.0358609 0.0071864 0.000849434 5.92202e-05 2.44e-06 6.08727e-08 1.30911e-09 1.20704e-10 3.03799e-11 8.07997e-12
 8.55705e-12 9.29193e-10 5.94879e-08 2.24538e-06 4.99683e-05 0.000655651 0.0050741 0.0231981 0.0631652 0.106538 0.130154 0.157793 0.194091 0.176905 0.100571 0.0341025 0.00683354 0.000807727 5.63099e-05 2.31676e-06 5.63969e-08 8.19674e-10 7.33471e-12 4.43728e-14 2.53569e-16
 8.76895e-12 9.52203e-10 6.0961e-08 2.30098e-06 5.12057e-05 0.000671885 0.00519964 0.0237698 0.0646918 0.108871 0.131923 0.157607 0.192104 0.174641 0.0992283 0.0336433 0.00674124 0.000796758 5.55311e-05 2.28262e-06 5.53833e-08 7.95589e-10 6.83923e-12 3.64658e-14 1.33372e-16
 8.83243e-12 9.59097e-10 6.14023e-08 2.31764e-06 5.15763e-05 0.000676748 0.00523725 0.0239411 0.0651491 0.10957 0.132452 0.157551 0.191509 0.173962 0.098826 0.0335057 0.00671356 0.000793458 5.52943e-05 2.27188e-06 5.5035e-08 7.86074e-10 6.62126e-12 3.29131e-14 9.67867e-17
 9.30769e-12 1.0107e-09 6.47062e-08 2.44234e-06 5.43515e-05 0.000713156 0.0055188 0.0252233 0.0685729 0.114804 0.136419 0.157134 0.187054 0.168882 0.0958147 0.0324763 0.00650696 0.000769034 5.35922e-05 2.20196e-06 5.33431e-08 7.61999e-10 6.42122e-12 3.19677e-14 9.45225e-17
 8.99784e-12 9.77058e-10 6.25522e-08 2.36104e-06 5.25422e-05 0.000689419 0.00533523 0.0243873 0.0663407 0.111392 0.133833 0.157406 0.189959 0.172194 0.097778 0.0331475 0.00664167 0.000784964 5.47035e-05 2.24778e-06 5.44665e-08 7.7874e-10 6.58335e-12 3.31513e-14 1.01982e-16
 8.51879e-12 9.25039e-10 5.92219e-08 2.23534e-06 4.97449e-05 0.00065272 0.00505144 0.0230948 0.0628896 0.106116 0.129835 0.157827 0.19445 0.177314 0.100813 0.0341851 0.00684991 0.000809579 5.6418e-05 2.31808e-06 5.61572e-08 8.02254e-10 6.76215e-12 3.36957e-14 9.99542e-17
 6.51816e-12 7.07794e-10 4.53137e-08 1.71037e-06 3.80628e-05 0.000499458 0.00386623 0.017697 0.0484769 0.0840846 0.113138 0.159586 0.213207 0.198698 0.11349 0.0385186 0.00771965 0.000912413 6.35873e-05 2.61303e-06 6.33356e-08 9.065e-10 7.69229e-12 3.92502e-14 1.26096e-16
 7.08835e-12 7.69711e-10 4.92776e-08 1.85999e-06 4.13923e-05 0.000543139 0.00420402 0.0192354 0.0525846 0.0903638 0.117897 0.159085 0.207861 0.192604 0.109877 0.0372835 0.00747175 0.000883096 6.15418e-05 2.52864e-06 6.1261e-08 8.75312e-10 7.38237e-12 3.68652e-14 1.10188e-16
 8.63905e-12 9.38097e-10 6.00579e-08 2.26689e-06 5.04471e-05 0.000661933 0.00512268 0.0234193 0.0637559 0.107441 0.130838 0.157721 0.193323 0.176029 0.100051 0.0339246 0.00679764 0.0008034 5.59876e-05 2.30043e-06 5.57326e-08 7.96341e-10 6.71694e-12 3.35532e-14 1.00401e-16
 7.83658e-12 8.50959e-10 5.44792e-08 2.05632e-06 4.57613e-05 0.000600458 0.00464728 0.0212542 0.0579749 0.0986035 0.124141 0.158427 0.200846 0.184606 0.105136 0.0356628 0.00714647 0.000844639 5.88612e-05 2.41843e-06 5.85851e-08 8.36776e-10 7.04818e-12 3.50325e-14 1.0299e-16
 8.08904e-12 8.78373e-10 5.62343e-08 2.12257e-06 4.72355e-05 0.000619798 0.00479684 0.0219353 0.0597936 0.101384 0.126248 0.158205 0.198479 0.181908 0.103536 0.035116 0.00703673 0.000831666 5.79573e-05 2.38134e-06 5.76904e-08 8.24195e-10 6.94825e-12 3.46436e-14 1.02982e-16
 9.03879e-12 9.81505e-10 6.28369e-08 2.37178e-06 5.27813e-05 0.000692556 0.0053595 0.0244978 0.0666357 0.111843 0.134175 0.15737 0.189575 0.171756 0.0975185 0.0330588 0.00662388 0.000782863 5.45577e-05 2.24189e-06 5.43325e-08 7.77273e-10 6.58454e-12 3.33996e-14 1.05266e-16
 8.86741e-12 9.62895e-10 6.16455e-08 2.32681e-06 5.17806e-05 0.000679428 0.00525797 0.0240354 0.0654011 0.109955 0.132744 0.157521 0.191181 0.173588 0.0986044 0.03343 0.00669835 0.00079166 5.51688e-05 2.26671e-06 5.49083e-08 7.84189e-10 6.60312e-12 3.27823e-14 9.5974e-17
 9.08376e-12 9.86388e-10 6.31495e-08 2.38358e-06 5.30439e-05 0.000696001 0.00538614 0.0246192 0.0669597 0.112338 0.13455 0.15733 0.189153 0.171276 0.0972336 0.0329613 0.00660431 0.000780542 5.43943e-05 2.23493e-06 5.4142e-08 7.73428e-10 6.51807e-12 3.24595e-14 9.60783e-17
 9.57071e-12 1.03926e-09 6.65347e-08 2.51136e-06 5.58873e-05 0.000733305 0.00567461 0.025933 0.0704677 0.1177 0.138614 0.156902 0.184588 0.166071 0.0941482 0.0319066 0.00639262 0.000755515 5.26498e-05 2.16321e-06 5.24013e-08 7.4839e-10 6.30184e-12 3.12894e-14 9.1634e-17
 9.77883e-12 1.06186e-09 6.79815e-08 2.56597e-06 5.71026e-05 0.000749248 0.00579791 0.0264945 0.071967 0.119992 0.140351 0.156719 0.182636 0.163847 0.0928295 0.0314558 0.00630215 0.000744819 5.19044e-05 2.13258e-06 5.16591e-08 7.37784e-10 6.21231e-12 3.0841e-14 9.02793e-17
 9.82806e-12 1.06721e-09 6.83238e-08 2.57889e-06 5.739e-05 0.00075302 0.00582707 0.0266273 0.0723217 0.120534 0.140762 0.156676 0.182175 0.16332 0.0925176 0.0313492 0.00628075 0.000742288 5.1728e-05 2.12534e-06 5.14838e-08 7.35284e-10 6.19142e-12 3.07401e-14 9.00134e-17
 9.553e-12 1.03734e-09 6.64116e-08 2.50671e-06 5.57839e-05 0.000731948 0.00566412 0.0258852 0.0703401 0.117505 0.138466 0.156918 0.184754 0.16626 0.0942604 0.031945 0.00640032 0.000756425 5.27133e-05 2.16583e-06 5.24653e-08 7.49337e-10 6.31081e-12 3.13518e-14 9.20043e-17
 1.00262e-11 1.08872e-09 6.9701e-08 2.63087e-06 5.85468e-05 0.000768196 0.00594443 0.0271618 0.0737488 0.122716 0.142415 0.156502 0.180317 0.161203 0.0912624 0.0309201 0.00619463 0.000732107 5.10185e-05 2.09618e-06 5.07774e-08 7.25188e-10 6.10618e-12 3.03129e-14 8.87205e-17
 9.78279e-12 1.06229e-09 6.80091e-08 2.56701e-06 5.71257e-05 0.000749552 0.00580025 0.0265052 0.0719955 0.120036 0.140384 0.156716 0.182599 0.163804 0.0928044 0.0314472 0.00630043 0.000744615 5.18902e-05 2.132e-06 5.1645e-08 7.37582e-10 6.21062e-12 3.08327e-14 9.02561e-17
 1.07578e-11 1.16817e-09 7.47873e-08 2.82285e-06 6.2819e-05 0.000824245 0.00637787 0.0291358 0.0790197 0.130773 0.148521 0.155858 0.173458 0.153383 0.0866266 0.0293353 0.00587657 0.000694505 4.83979e-05 1.98851e-06 4.81692e-08 6.87939e-10 5.79256e-12 2.87563e-14 8.41685e-17
#obs catch len freq
 6.25094e-12 6.78779e-10 4.3456e-08 1.64025e-06 3.65017e-05 0.000478931 0.00370569 0.0169239 0.045835 0.0753519 0.0834683 0.0842953 0.0992772 0.116005 0.122164 0.115017 0.0928657 0.0652916 0.0414282 0.023 0.0103579 0.00350816 0.000838905 0.000134754 1.40093e-05
 5.51108e-12 5.98438e-10 3.83125e-08 1.44611e-06 3.21815e-05 0.00042226 0.00326767 0.0149339 0.0405833 0.0677774 0.079734 0.0909165 0.114143 0.127991 0.123899 0.11104 0.090122 0.0638643 0.0391607 0.0203197 0.00847081 0.00264624 0.0005805 8.51301e-05 8.06253e-06
 4.93443e-13 5.35823e-11 3.43042e-09 1.29488e-07 2.88234e-06 3.78669e-05 0.000294845 0.00138845 0.00431858 0.0114703 0.0324441 0.0796125 0.137152 0.167879 0.166203 0.144625 0.109191 0.0719383 0.0419055 0.0206652 0.00803499 0.0023068 0.000462362 6.18331e-05 5.3345e-06
 7.98486e-12 8.67062e-10 5.551e-08 2.09523e-06 4.66262e-05 0.000611746 0.00473224 0.0215866 0.0581098 0.0926759 0.0895396 0.06028 0.0520076 0.084882 0.132821 0.147473 0.117221 0.0732225 0.0389157 0.0175595 0.00630037 0.00166646 0.0003058 3.72693e-05 2.92491e-06
 1.07426e-11 1.16652e-09 7.46816e-08 2.81887e-06 6.27308e-05 0.000823102 0.00636945 0.0291036 0.0789706 0.130652 0.146655 0.145906 0.149832 0.126262 0.0758953 0.040601 0.028141 0.020813 0.0122281 0.00539255 0.00178113 0.000428284 7.15142e-05 7.93702e-06 5.66898e-07
 1.09283e-11 1.18669e-09 7.59728e-08 2.8676e-06 6.38151e-05 0.000837319 0.00647903 0.029594 0.0801596 0.131488 0.142586 0.131497 0.131676 0.126536 0.101421 0.0657522 0.0326462 0.0125541 0.00445962 0.00161535 0.000500766 0.000112697 1.72373e-05 1.73654e-06 1.12472e-07
 1.25197e-11 1.35949e-09 8.70357e-08 3.28517e-06 7.31075e-05 0.000959229 0.0074218 0.0338876 0.0916201 0.148959 0.155561 0.129196 0.115259 0.107942 0.0906353 0.0638504 0.0349391 0.0141096 0.00427307 0.00104295 0.000221461 3.98746e-05 5.39598e-06 4.95309e-07 2.92617e-08
 1.16042e-11 1.26008e-09 8.06714e-08 3.04496e-06 6.77622e-05 0.000889119 0.00688016 0.0314309 0.0851686 0.139773 0.151095 0.136232 0.129959 0.118751 0.0917128 0.059436 0.0311231 0.0125537 0.00385148 0.000894308 0.000156035 2.0565e-05 2.05336e-06 1.50463e-07 7.61638e-09
 1.16457e-11 1.26459e-09 8.096e-08 3.05585e-06 6.80047e-05 0.000892304 0.0069049 0.0315446 0.0854722 0.140155 0.15073 0.13379 0.126316 0.11811 0.0952144 0.0627554 0.0317794 0.0119681 0.00341133 0.000746951 0.000122734 1.45392e-05 1.20631e-06 6.91141e-08 2.7078e-09
 1.18115e-11 1.28259e-09 8.21124e-08 3.09935e-06 6.89729e-05 0.00090502 0.00700361 0.0320006 0.0867538 0.142482 0.15375 0.136662 0.127763 0.117318 0.0925057 0.0594047 0.0292216 0.01061 0.00286612 0.000583237 8.82242e-05 9.60751e-06 7.2728e-07 3.71305e-08 1.24998e-09
 1.14528e-11 1.24364e-09 7.96188e-08 3.00523e-06 6.68788e-05 0.000877564 0.00679177 0.0310439 0.084275 0.139093 0.152398 0.139582 0.13346 0.122526 0.0946594 0.0579375 0.0262981 0.00854417 0.00202615 0.000362874 4.90752e-05 4.83606e-06 3.32735e-07 1.54399e-08 4.70776e-10
 1.19612e-11 1.29885e-09 8.31536e-08 3.13866e-06 6.98482e-05 0.000916531 0.00709339 0.0324217 0.0879888 0.144933 0.157279 0.140159 0.129998 0.118386 0.0915846 0.0554103 0.0243505 0.00748496 0.00162939 0.000259106 3.04664e-05 2.6068e-06 1.57449e-07 6.49781e-09 1.77899e-10
 1.20761e-11 1.31132e-09 8.39522e-08 3.16881e-06 7.05196e-05 0.000925363 0.00716236 0.0327468 0.0889628 0.147011 0.160832 0.14473 0.133219 0.117644 0.0871618 0.0504188 0.0212799 0.00629935 0.00131329 0.000196578 2.1201e-05 1.62139e-06 8.59705e-08 3.09291e-09 7.39868e-11
 1.08333e-11 1.17637e-09 7.53125e-08 2.84271e-06 6.32636e-05 0.000830201 0.00642734 0.0294127 0.0801717 0.134063 0.152069 0.146867 0.143523 0.129028 0.0948449 0.0534811 0.0217054 0.00611811 0.00120535 0.000169526 1.70911e-05 1.21236e-06 5.89119e-08 1.9149e-09 4.08549e-11
 9.45839e-12 1.02707e-09 6.57542e-08 2.48194e-06 5.5236e-05 0.000724912 0.00561379 0.0257162 0.0703548 0.119135 0.140149 0.144849 0.151191 0.142473 0.107743 0.060619 0.0237634 0.00630266 0.00114488 0.000146652 1.34423e-05 8.71019e-07 3.88343e-08 1.1592e-09 2.26507e-11
 8.28665e-12 8.99834e-10 5.76085e-08 2.17449e-06 4.8395e-05 0.000635192 0.00492067 0.0225682 0.0619984 0.10641 0.129818 0.142612 0.157151 0.153708 0.118821 0.0670862 0.0260489 0.00680156 0.00120755 0.00014878 1.28156e-05 7.64101e-07 3.09691e-08 8.37449e-10 1.4846e-11
 1.10906e-11 1.20431e-09 7.71013e-08 2.91025e-06 6.47676e-05 0.000849978 0.0065812 0.0301229 0.0820993 0.136841 0.152584 0.141734 0.13689 0.129142 0.0995392 0.0557193 0.0212865 0.00546185 0.000954034 0.000115388 9.67418e-06 5.53795e-07 2.12082e-08 5.3357e-10 8.69017e-12
 1.01297e-11 1.09997e-09 7.04215e-08 2.65815e-06 5.91605e-05 0.000776544 0.00601672 0.0276049 0.0758536 0.129801 0.155035 0.159026 0.156112 0.13321 0.089883 0.0454098 0.0163416 0.00407405 0.000702455 8.40819e-05 6.93328e-06 3.86665e-07 1.42879e-08 3.4362e-10 5.3001e-12
 9.59363e-12 1.04176e-09 6.6695e-08 2.5175e-06 5.6031e-05 0.000735494 0.00569923 0.0261541 0.0718923 0.123034 0.146897 0.151898 0.155019 0.141439 0.101223 0.0522261 0.0184799 0.00442641 0.000726949 8.30234e-05 6.57264e-06 3.53571e-07 1.26087e-08 2.91735e-10 4.30744e-12
 1.04825e-11 1.13828e-09 7.28743e-08 2.75076e-06 6.12229e-05 0.000803654 0.00622735 0.0285725 0.0784514 0.133537 0.156337 0.154632 0.149788 0.131466 0.0917795 0.0468596 0.0166657 0.00405714 0.000676213 7.71135e-05 5.95954e-06 3.07416e-07 1.04169e-08 2.28424e-10 3.19668e-12
 1.06591e-11 1.15745e-09 7.41024e-08 2.79714e-06 6.22575e-05 0.000817325 0.00633535 0.0290957 0.0800989 0.137238 0.162574 0.161718 0.153116 0.127799 0.0838294 0.0401709 0.0134677 0.00311528 0.000499083 5.53687e-05 4.19115e-06 2.11411e-07 6.94705e-09 1.46123e-10 1.94219e-12
 1.05247e-11 1.14286e-09 7.31684e-08 2.76193e-06 6.14762e-05 0.000807162 0.00625869 0.0287707 0.079403 0.136873 0.16403 0.165194 0.156611 0.128824 0.0817369 0.037085 0.0115267 0.00242737 0.000350426 3.51429e-05 2.44019e-06 1.14923e-07 3.57435e-09 7.16854e-11 9.1018e-13
 1.06888e-11 1.16069e-09 7.43101e-08 2.80506e-06 6.24384e-05 0.000819871 0.00635875 0.0292473 0.0808146 0.139558 0.1673 0.167388 0.156469 0.126413 0.0783571 0.0344941 0.0103301 0.00207575 0.000281552 2.60216e-05 1.63874e-06 6.95322e-08 1.95377e-09 3.57013e-11 4.17176e-13
 1.02401e-11 1.11196e-09 7.11912e-08 2.68741e-06 5.98245e-05 0.000785738 0.0060982 0.028103 0.0780614 0.136589 0.168075 0.173143 0.16263 0.128127 0.0759764 0.0316105 0.00886209 0.00165203 0.000206188 1.74351e-05 1.0013e-06 3.86357e-08 9.83832e-10 1.62386e-11 1.71129e-13
 1.10632e-11 1.20135e-09 7.69143e-08 2.90345e-06 6.4634e-05 0.000848887 0.00658729 0.0303354 0.0840254 0.145613 0.174643 0.172542 0.156608 0.121049 0.0703114 0.0283026 0.00757118 0.0013286 0.000153927 1.19241e-05 6.21427e-07 2.16639e-08 4.98111e-10 7.43034e-12 7.08293e-14
 1.00107e-11 1.08706e-09 6.95988e-08 2.62747e-06 5.85006e-05 0.000768718 0.0059736 0.027617 0.0773048 0.137489 0.173414 0.181066 0.166434 0.124722 0.0694973 0.0271118 0.00713799 0.0012471 0.000144108 1.10137e-05 5.54601e-07 1.82471e-08 3.88258e-10 5.28965e-12 4.57222e-14
 1.04911e-11 1.13923e-09 7.29393e-08 2.75359e-06 6.13089e-05 0.000805596 0.00625896 0.0289115 0.0806742 0.142115 0.175503 0.17878 0.16312 0.122744 0.0678343 0.0256264 0.0063957 0.00104567 0.000112733 8.08345e-06 3.85517e-07 1.20968e-08 2.45629e-10 3.17578e-12 2.5809e-14
 9.26938e-12 1.00658e-09 6.44488e-08 2.43332e-06 5.41942e-05 0.000712676 0.00554881 0.0257754 0.072959 0.132835 0.173962 0.1879 0.173625 0.126985 0.0676068 0.024832 0.00610008 0.000988604 0.000105376 7.38024e-06 3.38155e-07 1.00518e-08 1.91849e-10 2.32628e-12 1.77417e-14
 9.40718e-12 1.02155e-09 6.54078e-08 2.46958e-06 5.50035e-05 0.000723343 0.00563153 0.0261458 0.0738461 0.133607 0.173048 0.185829 0.173392 0.128425 0.0681508 0.0244126 0.00575009 0.000885687 8.9612e-05 5.97762e-06 2.61869e-07 7.44907e-09 1.35625e-10 1.55948e-12 1.12034e-14
#spawning biomass
 8386.17 8829.8 6686.32 7243.42 11240.5 17609.7 27110 33643.6 47904.4 65241.4 73183.6 92448.4 128650 161446 182955 146660 138754 143989 151273 175017 176078 203510 209162 219507 258102 295221 247621 266400 237862 143159 285183 311452 296664 262217 223043 187194 157813 135288 118764 107010 98832.9 93236.4 89452.7 86902.3 85173.3 84051.4 83323.4 82851.1 82544.6 82345.7 82216.7 82133 82078.6 82043.4 82020.5 82005.7 81996 81989.8 81985.7 81983.1 81981.4 81980.3 81979.6 81979.1 81978.8 81978.6 81978.5 81978.4 81978.3 81978.3 81978.3 81978.3 81978.3 81978.3 81978.2 81978.2 81978.2 81978.2 81978.2 81978.2 81978.2 81978.2 81978.2 81978.2 81978.2 81978.2 81978.2 81978.2 81978.2 81978.2 81978.2 81978.2 81978.2 81978.2 81978.2 81978.2 81978.2 81978.2 81978.2 81978.2 81978.2 81978.2 81978.2 81978.2 81978.2 81978.2 81978.2 81978.2 81978.2 81978.2 81978.2 81978.2 81978.2 81978.2 81978.2 81978.2 81978.2 81978.2 81978.2 81978.2 81978.2 81978.2 81978.2 81978.2 81978.2 81978.2 81978.2 81978.2 81978.2 0 0 0 0 0 0 0 0 0 0 0 0 0 0 0 0 0 0 0 0 0 0 0 0 0
