SBPRF35
27.761
Curr Bio
200159
B35
4.45079e+07
F35
0.0243455
FOFL
0
OFL
0
Bzero
7.93172e+06
#pred survey bio
 21408.3 22862.3 17825.5 20944 35867.7 53141.9 71093.5 89375.1 115142 124743 158545 192436 220111 213191 217586 237788 271439 223185 206739 256467 249468 250497 260585 278982 289478 291158 244050 240168 4.57425e+06 9.36147e+06 1.50708e+07 2.07813e+07 2.60926e+07 3.07975e+07 3.48346e+07 3.82275e+07 4.10421e+07 4.33598e+07 4.52632e+07 4.68276e+07 4.81188e+07 4.91916e+07 5.00317e+07 5.03273e+07 5.06184e+07 5.09044e+07 5.1185e+07 5.14599e+07 5.1729e+07 5.19923e+07 5.22499e+07 5.25018e+07 5.2748e+07 5.29887e+07 5.32239e+07 5.34539e+07 5.36786e+07 5.38983e+07 5.41131e+07 5.43231e+07 5.45284e+07 5.47291e+07 5.49254e+07 5.51174e+07 5.53053e+07 5.5489e+07 5.56687e+07 5.58446e+07 5.60168e+07 5.61852e+07 5.63502e+07 5.65116e+07 5.66697e+07 5.68245e+07 5.69761e+07 5.71246e+07 5.72701e+07 5.74126e+07 5.75523e+07 5.76891e+07 5.78233e+07 5.79548e+07 5.80838e+07 5.82102e+07 5.83342e+07 5.84558e+07 5.85751e+07 5.86921e+07 5.8807e+07 5.89197e+07 5.90303e+07 5.91389e+07 5.92455e+07 5.93501e+07 5.94529e+07 5.95539e+07 5.9653e+07 5.97504e+07 5.98462e+07 5.99402e+07 6.00327e+07 6.01235e+07 6.02129e+07 6.03007e+07 6.03871e+07 6.0472e+07 6.05556e+07 6.06378e+07 6.07186e+07 6.07982e+07 6.08765e+07 6.09536e+07 6.10295e+07 6.11041e+07 6.11777e+07 6.12501e+07 6.13215e+07 6.13917e+07 6.14609e+07 6.15291e+07 6.15963e+07 6.16625e+07 6.17278e+07 6.17921e+07 6.18556e+07 6.19181e+07 6.19798e+07 6.20406e+07 0 0 0 0 0 0 0 0 0 0 0 0 0 0 0 0 0 0 0 0 0 0 0 0 0
#obs survey bio
 19545.4 24969.4 17313.1 26811.4 31999.1 53534.1 72519.6 63614 109883 115325 139500 188985 143619 229447 196290 259879 263441 214548 205875 299125 257264 229775 144037 254136 291473 229292 192192 172588
#pred catch bio
 11370.8 15956.6 11178.4 11429.2 24751.8 39392.8 53969.7 66343.1 92459 94707.7 123481 150992 181268 174455 177616 190123 237756 194762 166885 219651 216525 217973 228704 245412 258277 269427 218200 235477 0 10515.2 17249.2 23990.4 30295.1 35891.3 40689.8 44710 48026.9 50737.5 52941.7 54731.5 56187.5 57377.3 58287 58556 58816.8 59069.6 59314.8 59552.4 59782.8 60006.1 60222.7 60432.6 60636.1 60833.4 61024.6 61210.1 61389.8 61564.1 61733 61896.8 62055.6 62209.5 62358.8 62503.5 62643.7 62779.7 62911.5 63039.3 63163.2 63283.3 63399.8 63512.6 63622.1 63728.2 63831 63930.7 64027.4 64121.1 64212 64300.1 64385.5 64468.2 64548.5 64626.3 64701.7 64774.8 64845.7 64914.5 64981.1 65045.7 65108.3 65169 65227.9 65284.9 65340.2 65393.8 65445.8 65496.2 65545.1 65592.5 65638.4 65682.9 65726.1 65767.9 65808.5 65847.8 65885.9 65922.9 65958.7 65993.4 66027.1 66059.7 66091.4 66122.1 66151.8 66180.7 66208.6 66235.7 66262 66287.5 66312.2 66336.1 66359.3 66381.8 66403.6 66424.8 66445.3 66465.1 0 0 0 0 0 0 0 0 0 0 0 0 0 0 0 0 0 0 0 0 0 0 0 0 0
#obs catch bio
 18964.4 16785.1 13020.5 8917.51 20745.1 35063 42398.7 57378.6 92174.1 78615.4 108803 137983 179722 150799 162681 166958 238027 174228 142646 199534 179169 190749 222311 227348 218646 249815 191142 228418
#pred cpue bio
 16649.5 19942.9 13525.9 14490.4 21328.6 29498.5 38181.6 48540.3 64304.2 66506.1 85361 101227 120873 117362 116190 120644 142536 114146 96486.7 122710 122479 111949 114145 115047 123691 118975 99035 100613 1.23228e+06 9.19298e+06 1.4949e+07 2.06571e+07 2.59683e+07 3.06732e+07 3.47103e+07 3.81032e+07 4.09178e+07 4.32356e+07 4.51389e+07 4.67034e+07 4.79945e+07 4.90673e+07 4.99074e+07 5.0203e+07 5.04941e+07 5.07801e+07 5.10607e+07 5.13356e+07 5.16047e+07 5.18681e+07 5.21256e+07 5.23775e+07 5.26237e+07 5.28644e+07 5.30996e+07 5.33296e+07 5.35543e+07 5.3774e+07 5.39888e+07 5.41988e+07 5.44041e+07 5.46048e+07 5.48011e+07 5.49932e+07 5.5181e+07 5.53647e+07 5.55445e+07 5.57203e+07 5.58925e+07 5.6061e+07 5.62259e+07 5.63873e+07 5.65454e+07 5.67002e+07 5.68518e+07 5.70003e+07 5.71458e+07 5.72883e+07 5.7428e+07 5.75649e+07 5.7699e+07 5.78305e+07 5.79595e+07 5.80859e+07 5.82099e+07 5.83315e+07 5.84508e+07 5.85678e+07 5.86827e+07 5.87954e+07 5.8906e+07 5.90146e+07 5.91212e+07 5.92258e+07 5.93286e+07 5.94296e+07 5.95287e+07 5.96262e+07 5.97219e+07 5.98159e+07 5.99084e+07 5.99993e+07 6.00886e+07 6.01764e+07 6.02628e+07 6.03477e+07 6.04313e+07 6.05135e+07 6.05943e+07 6.06739e+07 6.07522e+07 6.08293e+07 6.09052e+07 6.09799e+07 6.10534e+07 6.11258e+07 6.11972e+07 6.12674e+07 6.13366e+07 6.14048e+07 6.1472e+07 6.15383e+07 6.16035e+07 6.16679e+07 6.17313e+07 6.17938e+07 6.18555e+07 6.19163e+07 0 0 0 0 0 0 0 0 0 0 0 0 0 0 0 0 0 0 0 0 0 0 0 0 0
#obs cpue bio
 19189.4 13130.5 18682.5 16951.6 35663.5 54477.8 84707.2 98294.9 90779 132098 165296 149962 189170 211407 179305 176486 167487 187994 158053 172934 254874 200237 207988 187549 244349 205805 196691 167104
#pred surv len freq
 1.13975e-11 1.23709e-09 7.91738e-08 2.98778e-06 6.64821e-05 0.000872294 0.0067497 0.0308237 0.0833818 0.136094 0.145709 0.132596 0.131798 0.118987 0.0824127 0.0490207 0.0291434 0.0174686 0.0107578 0.00710051 0.005143 0.00413972 0.00350474 0.00267392 0.00155381
 7.11302e-12 7.7205e-10 4.94111e-08 1.86463e-06 4.14909e-05 0.000544419 0.00421375 0.0192684 0.0524749 0.0884802 0.107898 0.13081 0.16379 0.160276 0.114248 0.0690694 0.0402168 0.0220141 0.0114674 0.00605369 0.00343512 0.00222383 0.00162955 0.00116927 0.000673514
 1.17767e-11 1.27825e-09 8.18078e-08 3.08717e-06 6.86937e-05 0.000901307 0.00697402 0.0318439 0.0860832 0.140034 0.147762 0.129259 0.124028 0.11356 0.0850317 0.0572896 0.0364843 0.0206953 0.0105189 0.00495427 0.00224938 0.00108048 0.000604714 0.000371791 0.000201739
 1.30854e-11 1.4203e-09 9.08988e-08 3.43024e-06 7.63274e-05 0.00100147 0.00774901 0.0353824 0.0956462 0.155568 0.16402 0.142829 0.134468 0.11571 0.0731205 0.0364129 0.0181636 0.00994279 0.00539425 0.00263577 0.00113081 0.000444997 0.000179263 8.16984e-05 3.78063e-05
 1.54864e-11 1.6809e-09 1.07577e-07 4.05963e-06 9.03319e-05 0.0011852 0.00917009 0.0418573 0.11296 0.182201 0.184982 0.143274 0.116106 0.0938348 0.0593418 0.0300303 0.0141063 0.0062673 0.00265349 0.00115453 0.000496457 0.000191108 6.49746e-05 2.1366e-05 7.31307e-06
 1.57419e-11 1.70864e-09 1.09352e-07 4.12662e-06 9.18227e-05 0.00120476 0.0093216 0.0425521 0.11488 0.18566 0.190179 0.151498 0.126686 0.100092 0.0550741 0.0185657 0.00371909 0.000439957 3.06972e-05 1.26299e-06 3.0641e-08 4.38311e-10 3.6971e-12 1.84189e-14 6.20021e-17
 1.61456e-11 1.75245e-09 1.12157e-07 4.23244e-06 9.41773e-05 0.00123565 0.00956051 0.0436404 0.117787 0.190106 0.193551 0.151148 0.122903 0.0957749 0.0525126 0.0176892 0.00354299 0.000419113 2.92427e-05 1.20314e-06 2.91891e-08 4.17542e-10 3.52181e-12 1.7516e-14 5.13657e-17
 1.60116e-11 1.7379e-09 1.11225e-07 4.19731e-06 9.33954e-05 0.0012254 0.00948118 0.043279 0.116821 0.18863 0.192431 0.151264 0.124159 0.0972085 0.0533632 0.0179802 0.00360147 0.000426034 2.97257e-05 1.22301e-06 2.96712e-08 4.24438e-10 3.57998e-12 1.78053e-14 5.22141e-17
 1.56647e-11 1.70026e-09 1.08816e-07 4.10638e-06 9.13723e-05 0.00119885 0.00927589 0.0423439 0.114324 0.18481 0.189533 0.151565 0.12741 0.100918 0.0555641 0.0187334 0.00375278 0.000443944 3.09754e-05 1.27444e-06 3.09187e-08 4.42284e-10 3.7305e-12 1.85539e-14 5.44094e-17
 1.62317e-11 1.7618e-09 1.12755e-07 4.25502e-06 9.46796e-05 0.00124224 0.00961148 0.0438726 0.118407 0.191055 0.194271 0.151073 0.122096 0.0948539 0.0519661 0.0175022 0.00350542 0.000414665 2.89324e-05 1.19037e-06 2.88793e-08 4.13111e-10 3.48443e-12 1.73301e-14 5.08206e-17
 1.6116e-11 1.74924e-09 1.11951e-07 4.22468e-06 9.40046e-05 0.00123339 0.00954299 0.0435606 0.117574 0.18978 0.193304 0.151173 0.123181 0.0960916 0.0527005 0.0177535 0.00355591 0.000420641 2.93494e-05 1.20753e-06 2.92955e-08 4.19065e-10 3.53466e-12 1.75799e-14 5.15531e-17
 1.63868e-11 1.77863e-09 1.13832e-07 4.29566e-06 9.55839e-05 0.00125411 0.00970324 0.0442906 0.119523 0.192763 0.195566 0.150939 0.120643 0.0931958 0.0509823 0.0171655 0.00343779 0.00040666 2.83737e-05 1.16739e-06 2.83217e-08 4.05134e-10 3.41715e-12 1.69955e-14 4.98393e-17
 1.58764e-11 1.72323e-09 1.10286e-07 4.16186e-06 9.26067e-05 0.00121505 0.00940115 0.0429145 0.115848 0.187141 0.191302 0.151381 0.125426 0.0986546 0.0542212 0.0182738 0.00366046 0.000433016 3.02129e-05 1.24306e-06 3.01575e-08 4.31395e-10 3.63866e-12 1.80971e-14 5.30699e-17
 1.58458e-11 1.71991e-09 1.10074e-07 4.15384e-06 9.24283e-05 0.00121271 0.00938305 0.042832 0.115628 0.186804 0.191046 0.151408 0.125713 0.0989817 0.0544153 0.0183402 0.0036738 0.000434595 3.03231e-05 1.2476e-06 3.02675e-08 4.32969e-10 3.65193e-12 1.81631e-14 5.32635e-17
 1.6213e-11 1.75977e-09 1.12625e-07 4.25012e-06 9.45706e-05 0.00124081 0.00960042 0.0438222 0.118272 0.190849 0.194115 0.151089 0.122271 0.0950538 0.0520847 0.0175428 0.00351358 0.000415631 2.89997e-05 1.19315e-06 2.89465e-08 4.14072e-10 3.49255e-12 1.73704e-14 5.09389e-17
 1.67852e-11 1.82187e-09 1.16599e-07 4.4001e-06 9.79077e-05 0.0012846 0.00993903 0.0453647 0.122392 0.19715 0.198895 0.150593 0.11691 0.0889351 0.0484542 0.0163005 0.00326399 0.000386088 2.69382e-05 1.10833e-06 2.68888e-08 3.84636e-10 3.24426e-12 1.61356e-14 4.73177e-17
 1.64066e-11 1.78078e-09 1.1397e-07 4.30086e-06 9.56996e-05 0.00125563 0.00971498 0.0443441 0.119666 0.192981 0.195732 0.150922 0.120457 0.0929837 0.0508565 0.0171225 0.00342914 0.000405636 2.83023e-05 1.16445e-06 2.82504e-08 4.04114e-10 3.40855e-12 1.69527e-14 4.97138e-17
 1.6699e-11 1.81252e-09 1.16001e-07 4.37752e-06 9.74052e-05 0.001278 0.00988805 0.0451325 0.121772 0.196202 0.198175 0.150668 0.117717 0.0898564 0.0490009 0.0164875 0.00330157 0.000390537 2.72486e-05 1.1211e-06 2.71986e-08 3.89069e-10 3.28165e-12 1.63215e-14 4.7863e-17
 1.76126e-11 1.91167e-09 1.22347e-07 4.61699e-06 0.000102734 0.00134791 0.0104287 0.0475954 0.128351 0.206263 0.205808 0.149876 0.109157 0.0800864 0.043204 0.0145039 0.00290305 0.000343365 2.3957e-05 9.85665e-07 2.39129e-08 3.42067e-10 2.88521e-12 1.43498e-14 4.20809e-17
 1.73787e-11 1.88629e-09 1.20722e-07 4.55568e-06 0.00010137 0.00133001 0.0102903 0.0469649 0.126666 0.203687 0.203854 0.150079 0.111348 0.0825877 0.0446881 0.0150118 0.00300508 0.000355442 2.47997e-05 1.02034e-06 2.47541e-08 3.54101e-10 2.98671e-12 1.48546e-14 4.35612e-17
 1.71253e-11 1.85879e-09 1.18962e-07 4.48926e-06 9.98917e-05 0.00131062 0.0101403 0.0462818 0.124842 0.200897 0.201737 0.150298 0.113723 0.0852974 0.0462959 0.0155619 0.00311561 0.000368525 2.57126e-05 1.0579e-06 2.56654e-08 3.67136e-10 3.09666e-12 1.54014e-14 4.51649e-17
 1.79969e-11 1.95339e-09 1.25017e-07 4.71773e-06 0.000104975 0.00137732 0.0106562 0.0486316 0.131118 0.210496 0.20902 0.149543 0.105555 0.0759762 0.0407653 0.0136694 0.00273539 0.000323521 2.25722e-05 9.28689e-07 2.25306e-08 3.22294e-10 2.71843e-12 1.35203e-14 3.96484e-17
 1.81654e-11 1.97168e-09 1.26187e-07 4.7619e-06 0.000105958 0.00139021 0.0107559 0.0490859 0.132332 0.212352 0.210427 0.149397 0.103976 0.0741742 0.0396961 0.0133036 0.00266189 0.00031482 2.19651e-05 9.0371e-07 2.19246e-08 3.13625e-10 2.64531e-12 1.31566e-14 3.8582e-17
 1.86399e-11 2.02318e-09 1.29483e-07 4.88629e-06 0.000108726 0.00142653 0.0110367 0.0503652 0.135749 0.217578 0.214392 0.148985 0.0995297 0.0690996 0.0366851 0.0122733 0.00245489 0.000290319 2.02553e-05 8.33364e-07 2.02179e-08 2.89212e-10 2.4394e-12 1.21325e-14 3.55787e-17
 1.83663e-11 1.99349e-09 1.27583e-07 4.81459e-06 0.00010713 0.00140559 0.0108748 0.0496277 0.133779 0.214565 0.212107 0.149222 0.102093 0.0720249 0.0384208 0.0128672 0.00257421 0.000304443 2.12409e-05 8.73915e-07 2.12017e-08 3.03285e-10 2.5581e-12 1.27229e-14 3.73099e-17
 1.87078e-11 2.03055e-09 1.29955e-07 4.9041e-06 0.000109122 0.00143172 0.0110769 0.0505483 0.136238 0.218326 0.21496 0.148926 0.0988932 0.0683731 0.0362541 0.0121258 0.00242525 0.000286812 2.00106e-05 8.23294e-07 1.99736e-08 2.85717e-10 2.40992e-12 1.19859e-14 3.51487e-17
 1.87587e-11 2.03608e-09 1.30309e-07 4.91745e-06 0.000109419 0.00143562 0.0111071 0.0506856 0.136605 0.218887 0.215385 0.148882 0.0984158 0.0678283 0.0359308 0.0120152 0.00240303 0.000284181 1.9827e-05 8.15742e-07 1.97904e-08 2.83096e-10 2.38781e-12 1.1876e-14 3.48263e-17
 1.85205e-11 2.01022e-09 1.28654e-07 4.855e-06 0.00010803 0.00141739 0.0109661 0.0500434 0.134889 0.216263 0.213395 0.149089 0.100648 0.0703761 0.0374425 0.0125324 0.00250696 0.000296482 2.06854e-05 8.51059e-07 2.06472e-08 2.95353e-10 2.49119e-12 1.23901e-14 3.63341e-17
#obs surv len freq
 3.43943e-11 3.18754e-09 1.74186e-07 5.61251e-06 0.000106633 0.00119464 0.00789397 0.0308038 0.0714556 0.101946 0.1038 0.107315 0.126316 0.133262 0.120225 0.0937537 0.0585847 0.0282562 0.0108012 0.0033162 0.000797577 0.000144701 1.90637e-05 1.75751e-06 1.09669e-07
 2.16188e-11 1.93241e-09 1.01848e-07 3.16517e-06 5.80017e-05 0.000626809 0.00399725 0.0150943 0.0343635 0.0513986 0.0668487 0.100068 0.143078 0.166335 0.162715 0.129716 0.0768715 0.033424 0.0113717 0.00317926 0.000713548 0.000121307 1.48438e-05 1.25858e-06 7.179e-08
 1.46976e-10 1.26492e-08 6.41903e-07 1.92071e-05 0.000338876 0.00352542 0.0216262 0.0782382 0.167059 0.211454 0.162467 0.0861191 0.0511619 0.0529587 0.0609022 0.053142 0.0318817 0.0134699 0.00429612 0.00108554 0.000216681 3.30349e-05 3.68074e-06 2.8659e-07 1.50193e-08
 1.30775e-10 1.08191e-08 5.27766e-07 1.51803e-05 0.000257462 0.00257494 0.0151913 0.0529653 0.110191 0.143535 0.141523 0.147607 0.154981 0.120627 0.0648047 0.0276712 0.0114292 0.00457789 0.00155292 0.000405226 7.79683e-05 1.0875e-05 1.08295e-06 7.52285e-08 3.54417e-09
 1.88661e-10 1.49805e-08 7.0139e-07 1.93633e-05 0.000315202 0.00302559 0.0171292 0.0572643 0.113754 0.138643 0.119568 0.104887 0.111609 0.115991 0.103558 0.0705469 0.0323002 0.00936728 0.00175269 0.000237433 2.83068e-05 3.15128e-06 2.82611e-07 1.79269e-08 7.6192e-10
 3.34177e-10 2.54317e-08 1.1412e-06 3.01951e-05 0.000471088 0.00433387 0.0235155 0.0753424 0.143406 0.167262 0.137069 0.111493 0.10557 0.0930221 0.0698656 0.0426316 0.0189169 0.00570651 0.00117375 0.00016965 1.75394e-05 1.31041e-06 7.32586e-08 3.20178e-09 1.07805e-10
 3.9683e-10 2.89048e-08 1.24143e-06 3.14384e-05 0.000469457 0.00413391 0.0214751 0.0659585 0.121145 0.140702 0.127709 0.127309 0.131582 0.112535 0.0787506 0.0443059 0.0179922 0.00488505 0.000887934 0.000114015 1.09188e-05 7.82631e-07 4.03576e-08 1.44115e-09 3.51066e-11
 5.70182e-10 3.96999e-08 1.62987e-06 3.94552e-05 0.000563185 0.00474054 0.0235408 0.06912 0.121399 0.135021 0.11814 0.11598 0.123405 0.115673 0.0903959 0.0536587 0.0216117 0.00562604 0.000960286 0.000113114 9.68207e-06 6.11862e-07 2.80261e-08 9.05465e-10 2.01096e-11
 8.77624e-10 5.83412e-08 2.28681e-06 5.28535e-05 0.0007203 0.00578883 0.0274488 0.0769901 0.129458 0.139211 0.121023 0.119199 0.122924 0.109172 0.0804035 0.0451461 0.0173193 0.00433262 0.000718035 8.26157e-05 6.85011e-06 4.09445e-07 1.72363e-08 5.00128e-10 9.85701e-12
 1.24489e-09 7.89228e-08 2.95027e-06 6.50294e-05 0.000845196 0.00647828 0.0293021 0.0784764 0.12661 0.133445 0.120092 0.124327 0.128212 0.111358 0.0792773 0.0423027 0.0151601 0.003475 0.000514781 5.17728e-05 3.74904e-06 2.00695e-07 7.79072e-09 2.11331e-10 3.88155e-12
 1.83141e-09 1.10613e-07 3.93925e-06 8.27199e-05 0.00102426 0.00747956 0.0322362 0.082326 0.127118 0.130233 0.118106 0.124383 0.128486 0.112004 0.0790274 0.0405908 0.0136383 0.00285529 0.00037193 3.11312e-05 1.77546e-06 7.34279e-08 2.26273e-09 5.10059e-11 8.1094e-13
 2.6418e-09 1.5186e-07 5.14723e-06 0.000102872 0.00121234 0.00842638 0.0345761 0.0841833 0.124741 0.125947 0.118556 0.128792 0.131714 0.1123 0.0767725 0.0377868 0.0121188 0.00243156 0.000306712 2.51626e-05 1.4061e-06 5.52029e-08 1.51964e-09 2.87599e-11 3.69172e-13
 3.76794e-09 2.05956e-07 6.63791e-06 0.000126148 0.00141365 0.00934381 0.0364727 0.0846169 0.120441 0.120471 0.11817 0.132183 0.135269 0.114848 0.0769535 0.0363244 0.0110204 0.00207555 0.000244148 1.8558e-05 9.58045e-07 3.49475e-08 9.04563e-10 1.62159e-11 1.95934e-13
 5.47426e-09 2.84286e-07 8.70509e-06 0.000157175 0.00167346 0.0105098 0.0389948 0.0861548 0.117819 0.116854 0.118547 0.134792 0.137362 0.115656 0.0755702 0.0341335 0.00981245 0.00174547 0.000193835 1.39051e-05 6.75652e-07 2.30469e-08 5.53172e-10 9.13833e-12 1.01562e-13
 8.62922e-09 4.25429e-07 1.23672e-05 0.000211987 0.00214275 0.0127762 0.0450148 0.094539 0.123456 0.118736 0.118973 0.133 0.133096 0.109833 0.0691857 0.0296047 0.00796551 0.00131075 0.00013236 8.41737e-06 3.52736e-07 1.025e-08 2.12451e-10 3.1124e-12 3.13294e-14
 1.11763e-08 5.22734e-07 1.44163e-05 0.000234436 0.00224823 0.0127215 0.0425901 0.0855258 0.10982 0.112887 0.127812 0.147933 0.143533 0.112685 0.0670315 0.0269853 0.00681972 0.00105286 9.95495e-05 5.90085e-06 2.28288e-07 6.02715e-09 1.1129e-10 1.42664e-12 1.24135e-14
 1.96423e-08 8.71046e-07 2.27761e-05 0.000351168 0.00319291 0.0171275 0.0543301 0.103093 0.12358 0.114794 0.11719 0.131696 0.132024 0.10743 0.0636596 0.0246678 0.00590241 0.000857103 7.59878e-05 4.21162e-06 1.51773e-07 3.71453e-09 6.32691e-11 7.44449e-13 5.90724e-15
 2.85797e-08 1.20103e-06 2.97603e-05 0.000434835 0.00374691 0.0190539 0.0573794 0.104076 0.12279 0.120895 0.132682 0.143743 0.129004 0.0930699 0.0501534 0.0181493 0.00414511 0.000589611 5.31885e-05 3.15157e-06 1.26644e-07 3.4752e-09 6.38593e-11 7.65983e-13 5.9073e-15
 3.94943e-08 1.57215e-06 3.69016e-05 0.000510742 0.00416909 0.0200885 0.0573878 0.0992883 0.11427 0.115533 0.132381 0.146804 0.135489 0.0992563 0.0523699 0.0180184 0.00384664 0.00050505 4.15221e-05 2.22082e-06 8.0962e-08 2.07284e-09 3.70942e-11 4.51319e-13 3.62781e-15
 5.74803e-08 2.16672e-06 4.81591e-05 0.000631198 0.00487934 0.0222711 0.0603489 0.09965 0.112083 0.115844 0.135494 0.149005 0.135364 0.0964056 0.0485816 0.0157932 0.00317391 0.000392298 3.04036e-05 1.53294e-06 5.24129e-08 1.24415e-09 2.03774e-11 2.25334e-13 1.65128e-15
 9.67428e-08 3.45243e-06 7.2648e-05 0.000901433 0.00659709 0.0285075 0.073131 0.11429 0.12149 0.118442 0.131682 0.139917 0.123807 0.0850966 0.0408227 0.0125504 0.00238685 0.000280953 2.09677e-05 1.03106e-06 3.46119e-08 8.02021e-10 1.26336e-11 1.32222e-13 9.04831e-16
 1.30759e-07 4.41712e-06 8.79833e-05 0.00103344 0.0071606 0.0293174 0.071513 0.107992 0.11732 0.125999 0.146441 0.14863 0.121395 0.0769058 0.0343092 0.00989471 0.00178042 0.000200529 1.45379e-05 7.05087e-07 2.35141e-08 5.39006e-10 8.31811e-12 8.4568e-14 5.58643e-16
 1.81303e-07 5.79698e-06 0.000109294 0.00121513 0.00797023 0.0309057 0.0715574 0.103567 0.111282 0.122809 0.145928 0.15163 0.127175 0.0803698 0.0344572 0.0093106 0.00154058 0.000156236 9.92594e-06 4.11001e-07 1.16202e-08 2.31066e-10 3.21836e-12 3.05786e-14 1.92713e-16
 2.60764e-07 7.89179e-06 0.000140832 0.0014821 0.00920316 0.0338073 0.0743871 0.103682 0.111491 0.126778 0.150312 0.152216 0.123282 0.0742747 0.030031 0.00760986 0.00117759 0.000111399 6.57001e-06 2.50045e-07 6.3894e-09 1.12434e-10 1.36017e-12 1.11039e-14 6.01003e-17
 3.72769e-07 1.06788e-05 0.000180388 0.00179703 0.0105648 0.0367725 0.0769394 0.103475 0.111548 0.129862 0.153155 0.152065 0.119903 0.0694211 0.0267577 0.00648021 0.000971449 9.13278e-05 5.5476e-06 2.24899e-07 6.17996e-09 1.14004e-10 1.38093e-12 1.07911e-14 5.39976e-17
 5.23486e-07 1.41965e-05 0.000227021 0.0021411 0.0119198 0.0393315 0.0784054 0.102461 0.112319 0.134686 0.157562 0.152453 0.11588 0.0636738 0.022989 0.00516316 0.000709941 6.03218e-05 3.25803e-06 1.16563e-07 2.8681e-09 4.91232e-11 5.75948e-13 4.49585e-15 2.28091e-17
 5.35476e-07 1.37489e-05 0.000208171 0.00185931 0.00981242 0.0308344 0.0597411 0.0816422 0.105857 0.14642 0.176636 0.168909 0.12474 0.0655126 0.0223895 0.00475165 0.000619921 5.04038e-05 2.63139e-06 9.13916e-08 2.16094e-09 3.47333e-11 3.72768e-13 2.62487e-15 1.20058e-17
 9.18565e-07 2.23324e-05 0.000320169 0.00270744 0.0135216 0.0401213 0.0726831 0.0898413 0.101448 0.130133 0.161645 0.16617 0.127996 0.0665914 0.0218283 0.00438623 0.000540532 4.16463e-05 2.07323e-06 6.9107e-08 1.57363e-09 2.43463e-11 2.50745e-13 1.68588e-15 7.30525e-18
#pred catch len freq
 3.312e-13 3.59488e-11 2.30076e-09 8.68328e-08 1.93317e-06 2.54335e-05 0.000199523 0.000974544 0.00350604 0.0127302 0.0462032 0.122655 0.204822 0.213583 0.15244 0.0911688 0.0542491 0.0325208 0.0200269 0.013218 0.00957388 0.00770623 0.0065242 0.00497759 0.00289247
 1.85596e-13 2.01448e-11 1.28931e-09 4.86641e-08 1.08391e-06 1.42931e-05 0.000113421 0.000583696 0.00248106 0.0113178 0.0459072 0.125447 0.211046 0.221408 0.159992 0.096935 0.056451 0.0308984 0.0160942 0.00849585 0.00482083 0.00312091 0.0022869 0.00164095 0.000945203
 4.37956e-13 4.75361e-11 3.04235e-09 1.14817e-07 2.55579e-06 3.35978e-05 0.000262502 0.0012576 0.00420941 0.0133777 0.044598 0.115794 0.194157 0.20857 0.161336 0.109235 0.0695897 0.0394711 0.0200608 0.00944799 0.00428958 0.00206048 0.00115319 0.000709005 0.000384717
 5.0439e-13 5.47469e-11 3.50385e-09 1.32235e-07 2.94358e-06 3.87008e-05 0.000302577 0.00145432 0.00492962 0.0160648 0.0544417 0.141388 0.233106 0.235864 0.154294 0.0773265 0.0386047 0.0211322 0.0114642 0.00560151 0.00240315 0.000945686 0.000380961 0.000173621 8.03439e-05
 7.02755e-12 7.62773e-10 4.88174e-08 1.84222e-06 4.09925e-05 0.000537887 0.0041635 0.0190459 0.0519684 0.0884207 0.11138 0.142537 0.182972 0.175707 0.115547 0.0588247 0.0276173 0.0122605 0.00518931 0.00225764 0.000970772 0.000373691 0.00012705 4.17787e-05 1.42999e-05
 1.04747e-11 1.13693e-09 7.27632e-08 2.74586e-06 6.10995e-05 0.00080169 0.00620418 0.0283511 0.0769484 0.127648 0.146168 0.156065 0.176045 0.156424 0.0884978 0.0300027 0.00601691 0.000711937 4.96763e-05 2.04387e-06 4.95858e-08 7.09312e-10 5.98295e-12 2.98067e-14 1.0027e-16
 1.17578e-11 1.2762e-09 8.16767e-08 3.08223e-06 6.85839e-05 0.000899882 0.00696361 0.0318106 0.0861888 0.14178 0.15689 0.154952 0.164021 0.142701 0.0803555 0.0272165 0.00545714 0.00064568 4.50528e-05 1.85364e-06 4.49706e-08 6.43293e-10 5.42594e-12 2.69863e-14 7.91375e-17
 1.10231e-11 1.19646e-09 7.65731e-08 2.88964e-06 6.42985e-05 0.00084366 0.00652878 0.0298298 0.080898 0.133688 0.150751 0.155589 0.170905 0.150558 0.0850175 0.0288118 0.00577764 0.000683617 4.77001e-05 1.96256e-06 4.76131e-08 6.81093e-10 5.74476e-12 2.8572e-14 8.37876e-17
 1.2093e-11 1.31258e-09 8.40048e-08 3.17008e-06 7.05388e-05 0.000925529 0.00716197 0.0327142 0.0886023 0.145471 0.15969 0.154661 0.16088 0.139117 0.0782288 0.0264888 0.00531093 0.000628374 4.38452e-05 1.80395e-06 4.37652e-08 6.2605e-10 5.2805e-12 2.62629e-14 7.70162e-17
 1.1914e-11 1.29316e-09 8.27618e-08 3.12318e-06 6.9495e-05 0.000911836 0.00705606 0.0322318 0.0873137 0.143501 0.158195 0.154817 0.162557 0.14103 0.0793643 0.0268774 0.00538899 0.000637614 4.449e-05 1.83048e-06 4.44088e-08 6.35256e-10 5.35815e-12 2.66491e-14 7.81488e-17
 1.22265e-11 1.32707e-09 8.49325e-08 3.20509e-06 7.13177e-05 0.000935748 0.007241 0.0330742 0.089564 0.146942 0.160806 0.154546 0.159629 0.137688 0.0773814 0.0261989 0.00525268 0.000621479 4.3364e-05 1.78416e-06 4.32849e-08 6.19179e-10 5.22254e-12 2.59747e-14 7.6171e-17
 1.28202e-11 1.39151e-09 8.90567e-08 3.36073e-06 7.47808e-05 0.000981182 0.00759239 0.0346749 0.0938396 0.153481 0.165767 0.154031 0.154065 0.131339 0.073614 0.0249097 0.00499367 0.000590822 4.12247e-05 1.69614e-06 4.11495e-08 5.88632e-10 4.96489e-12 2.46933e-14 7.24132e-17
 1.29047e-11 1.40068e-09 8.96432e-08 3.38286e-06 7.52732e-05 0.000987642 0.00764236 0.0349025 0.0944475 0.154411 0.166472 0.153958 0.153274 0.130436 0.0730783 0.0247264 0.00495684 0.000586463 4.09206e-05 1.68362e-06 4.08458e-08 5.84289e-10 4.92826e-12 2.4511e-14 7.18788e-17
 1.27409e-11 1.38291e-09 8.85059e-08 3.33994e-06 7.43182e-05 0.000975114 0.00754546 0.0344611 0.0932685 0.152608 0.165104 0.1541 0.154808 0.132187 0.0741171 0.0250819 0.00502826 0.000594916 4.15105e-05 1.70789e-06 4.14347e-08 5.92712e-10 4.9993e-12 2.48644e-14 7.2915e-17
 1.32558e-11 1.43879e-09 9.20825e-08 3.47491e-06 7.73214e-05 0.00101451 0.00785019 0.0358493 0.0969763 0.158279 0.169406 0.153653 0.149983 0.126681 0.07085 0.0239639 0.00480365 0.00056833 3.96553e-05 1.63156e-06 3.95828e-08 5.66222e-10 4.77587e-12 2.37531e-14 6.96563e-17
 1.37863e-11 1.49637e-09 9.57674e-08 3.61397e-06 8.04156e-05 0.00105511 0.00816414 0.0372795 0.100796 0.164121 0.173838 0.153193 0.145012 0.121007 0.0674839 0.0228121 0.00457224 0.000540939 3.77439e-05 1.55292e-06 3.76749e-08 5.38929e-10 4.54567e-12 2.26082e-14 6.62987e-17
 1.46527e-11 1.59041e-09 1.01786e-07 3.84108e-06 8.54691e-05 0.00112141 0.00867691 0.0396153 0.107036 0.173663 0.181077 0.152442 0.136893 0.111742 0.0619862 0.0209309 0.00419428 0.000496202 3.46221e-05 1.42447e-06 3.45588e-08 4.94354e-10 4.16969e-12 2.07382e-14 6.08151e-17
 1.49815e-11 1.6261e-09 1.0407e-07 3.92728e-06 8.7387e-05 0.00114657 0.00887152 0.0405018 0.109403 0.177285 0.183825 0.152157 0.133812 0.108225 0.0598997 0.0202169 0.00405084 0.000479224 3.34373e-05 1.37573e-06 3.33761e-08 4.77437e-10 4.027e-12 2.00286e-14 5.87339e-17
 1.51922e-11 1.64896e-09 1.05533e-07 3.98251e-06 8.86159e-05 0.00116269 0.00899621 0.0410698 0.110921 0.179605 0.185585 0.151974 0.131838 0.105972 0.0585628 0.0197594 0.00395893 0.000468345 3.26782e-05 1.34449e-06 3.26184e-08 4.66597e-10 3.93557e-12 1.95738e-14 5.74004e-17
 1.56328e-11 1.69679e-09 1.08594e-07 4.09801e-06 9.11859e-05 0.00119641 0.00925699 0.0422578 0.114094 0.184458 0.189266 0.151592 0.127709 0.10126 0.0557668 0.0188027 0.00376672 0.000445593 3.10906e-05 1.27917e-06 3.10336e-08 4.43927e-10 3.74436e-12 1.86228e-14 5.46116e-17
 1.54673e-11 1.67882e-09 1.07444e-07 4.05462e-06 9.02205e-05 0.00118374 0.00915903 0.0418115 0.112902 0.182635 0.187884 0.151736 0.12926 0.10303 0.0568171 0.0191621 0.00383892 0.00045414 3.16869e-05 1.30371e-06 3.16289e-08 4.52443e-10 3.81619e-12 1.89801e-14 5.56592e-17
 1.66289e-11 1.8049e-09 1.15514e-07 4.35912e-06 9.6996e-05 0.00127263 0.00984652 0.0449433 0.121267 0.195429 0.197589 0.150729 0.118375 0.0906067 0.0494461 0.0166399 0.00333218 0.00039416 2.75014e-05 1.1315e-06 2.7451e-08 3.92679e-10 3.3121e-12 1.64729e-14 4.83071e-17
 1.69332e-11 1.83794e-09 1.17628e-07 4.43891e-06 9.87713e-05 0.00129592 0.0100267 0.0457639 0.123459 0.198781 0.200132 0.150465 0.115523 0.0873517 0.0475148 0.015979 0.0031994 0.000378444 2.64048e-05 1.08638e-06 2.63563e-08 3.77019e-10 3.18002e-12 1.5816e-14 4.63807e-17
 1.75506e-11 1.90495e-09 1.21917e-07 4.60075e-06 0.000102372 0.00134317 0.0103921 0.0474284 0.127905 0.205581 0.205291 0.14993 0.109737 0.0807489 0.0435971 0.0146384 0.00293007 0.000346564 2.41802e-05 9.94849e-07 2.41357e-08 3.45254e-10 2.91209e-12 1.44835e-14 4.2473e-17
 1.73446e-11 1.88259e-09 1.20486e-07 4.54675e-06 0.000101171 0.00132741 0.0102701 0.046873 0.126421 0.203312 0.20357 0.150108 0.111667 0.082952 0.0449043 0.0150857 0.00301994 0.000357201 2.49224e-05 1.02539e-06 2.48766e-08 3.55853e-10 3.00149e-12 1.49281e-14 4.37768e-17
 1.80708e-11 1.96141e-09 1.2553e-07 4.73712e-06 0.000105407 0.00138298 0.0106999 0.048831 0.131651 0.21131 0.209637 0.149479 0.104862 0.0751854 0.0402961 0.0135089 0.00270313 0.000319703 2.23057e-05 9.17727e-07 2.22647e-08 3.1849e-10 2.68634e-12 1.33607e-14 3.91804e-17
 1.78408e-11 1.93645e-09 1.23932e-07 4.67682e-06 0.000104065 0.00136538 0.0105638 0.0482108 0.129995 0.208777 0.207716 0.149678 0.107018 0.0776452 0.0417556 0.0140083 0.00280347 0.000331579 2.31345e-05 9.51826e-07 2.30919e-08 3.30324e-10 2.78616e-12 1.38571e-14 4.06362e-17
 1.83305e-11 1.9896e-09 1.27334e-07 4.80519e-06 0.000106921 0.00140285 0.0108536 0.0495311 0.133521 0.214171 0.211807 0.149253 0.102429 0.0724081 0.0386482 0.012945 0.00258984 0.000306293 2.137e-05 8.79228e-07 2.13306e-08 3.05129e-10 2.57365e-12 1.28002e-14 3.75367e-17
#obs catch len freq
 3.27958e-11 3.0394e-09 1.6609e-07 5.35167e-06 0.000101677 0.00113912 0.00752709 0.0293722 0.0681348 0.0972118 0.0990346 0.10281 0.122775 0.133735 0.126041 0.101294 0.0637789 0.0306315 0.0116882 0.00363022 0.000896269 0.000168327 2.29774e-05 2.18627e-06 1.39998e-07
 4.12836e-11 3.69016e-09 1.94491e-07 6.04426e-06 0.000110759 0.00119683 0.00762868 0.0287331 0.0645388 0.0905567 0.0958212 0.109227 0.134649 0.141868 0.126752 0.0972102 0.0593512 0.0279493 0.0104259 0.00310986 0.000721828 0.000125488 1.57308e-05 1.37111e-06 8.04492e-08
 2.62148e-11 2.25613e-09 1.14491e-07 3.42584e-06 6.04458e-05 0.000628985 0.0038634 0.0140727 0.0311398 0.0467562 0.0652514 0.104021 0.149335 0.171545 0.165319 0.128661 0.0740469 0.0313349 0.0104058 0.00283015 0.000612907 9.9707e-05 1.15928e-05 9.28388e-07 4.97653e-08
 2.03414e-18 8.94174e-16 2.31767e-13 3.54218e-11 3.1922e-09 1.69644e-07 5.31744e-06 9.83714e-05 0.0010763 0.00700995 0.0277174 0.0702301 0.12768 0.187788 0.220824 0.186959 0.10835 0.044375 0.0137583 0.00337272 0.000649293 9.47686e-05 1.00335e-05 7.3753e-07 3.63014e-08
 1.39639e-10 1.1088e-08 5.19139e-07 1.43319e-05 0.000233306 0.00223975 0.0126885 0.0425653 0.0860775 0.114158 0.13 0.164142 0.182965 0.140353 0.0735834 0.0310474 0.0127521 0.00502208 0.0016544 0.000416063 7.67709e-05 1.02212e-05 9.66377e-07 6.33784e-08 2.80455e-09
 2.71516e-10 2.06631e-08 9.27217e-07 2.45333e-05 0.000382756 0.00352129 0.0191078 0.0612424 0.116791 0.137548 0.117474 0.105604 0.11349 0.116686 0.101916 0.0670139 0.0293725 0.00814306 0.00146365 0.000192704 2.24893e-05 2.42023e-06 2.06495e-07 1.23553e-08 4.92928e-10
 4.87786e-10 3.55299e-08 1.52597e-06 3.86443e-05 0.000577054 0.00508114 0.0263894 0.080949 0.147699 0.166135 0.134276 0.111119 0.105523 0.0915985 0.0674904 0.0399887 0.0170683 0.00493975 0.000975601 0.000135414 1.34223e-05 9.60231e-07 5.13634e-08 2.13854e-09 6.80093e-11
 5.85173e-10 4.07437e-08 1.67272e-06 4.04926e-05 0.000577994 0.00486529 0.0241625 0.0709799 0.124974 0.140587 0.12729 0.12852 0.131151 0.109745 0.0751574 0.0409974 0.0159785 0.00415061 0.00072335 8.93381e-05 8.2246e-06 5.63821e-07 2.76427e-08 9.34398e-10 2.1477e-11
 8.65623e-10 5.75434e-08 2.25554e-06 5.21307e-05 0.000710449 0.00570965 0.0270727 0.0759269 0.127599 0.136866 0.118166 0.116086 0.121763 0.111917 0.085225 0.0486814 0.0187221 0.0046482 0.000758549 8.56892e-05 7.03566e-06 4.25041e-07 1.85225e-08 5.6672e-10 1.18693e-11
 1.36354e-09 8.6445e-08 3.23146e-06 7.12273e-05 0.000925746 0.00709546 0.0320884 0.0858668 0.137946 0.142615 0.121227 0.117743 0.118723 0.103112 0.0739325 0.0399272 0.0146192 0.00348675 0.000552263 6.08652e-05 4.82926e-06 2.7515e-07 1.0994e-08 3.01695e-10 5.60483e-12
 1.97662e-09 1.19383e-07 4.25159e-06 8.92787e-05 0.00110547 0.0080724 0.0347872 0.0887887 0.136691 0.138199 0.120757 0.121867 0.122186 0.103562 0.0715984 0.0366452 0.0124999 0.00272343 0.000384416 3.69746e-05 2.56432e-06 1.31089e-07 4.83389e-09 1.23946e-10 2.14348e-12
 2.93165e-09 1.68522e-07 5.71197e-06 0.000114158 0.00134534 0.00935033 0.0383576 0.0932682 0.137309 0.134869 0.118644 0.121583 0.122107 0.103797 0.0708792 0.0347888 0.0110887 0.00219819 0.000271477 2.16151e-05 1.17704e-06 4.65361e-08 1.36675e-09 2.92093e-11 4.38082e-13
 4.29838e-09 2.3495e-07 7.57238e-06 0.000143907 0.00161264 0.0106583 0.0415894 0.0963176 0.135917 0.131252 0.119079 0.124975 0.123942 0.102896 0.0679365 0.0318983 0.00969578 0.00184142 0.000220219 1.71778e-05 9.14374e-07 3.41579e-08 8.91747e-10 1.59517e-11 1.9304e-13
 6.2243e-09 3.23236e-07 9.89778e-06 0.000178709 0.0019027 0.0119486 0.0443149 0.0977058 0.132283 0.126218 0.118647 0.127653 0.126578 0.104479 0.0673956 0.0302672 0.00868677 0.00154618 0.000172183 1.24285e-05 6.10845e-07 2.12054e-08 5.2056e-10 8.81418e-12 1.00252e-13
 9.20998e-09 4.54062e-07 1.31996e-05 0.000226254 0.00228694 0.0136353 0.04803 0.100749 0.130808 0.12313 0.118619 0.129048 0.127292 0.103985 0.0652075 0.0279577 0.00759205 0.001275 0.00013392 9.11421e-06 4.21127e-07 1.36525e-08 3.10424e-10 4.83968e-12 5.06075e-14
 1.46223e-08 6.83909e-07 1.88612e-05 0.000306716 0.0029412 0.0166373 0.0556106 0.110786 0.13713 0.124649 0.117866 0.125718 0.121694 0.0972266 0.0586087 0.0237516 0.00602517 0.000934022 8.89663e-05 5.35134e-06 2.12792e-07 5.87701e-09 1.15577e-10 1.60021e-12 1.51632e-14
 1.93417e-08 8.57719e-07 2.24277e-05 0.000345797 0.00314415 0.0168679 0.0535379 0.10188 0.123694 0.119429 0.126841 0.139781 0.131018 0.0994381 0.0565292 0.02153 0.00512508 0.000744685 6.63456e-05 3.71461e-06 1.36124e-07 3.4089e-09 5.9615e-11 7.21351e-13 5.90543e-15
 3.36645e-08 1.41471e-06 3.50551e-05 0.000512191 0.00441314 0.0224334 0.0674294 0.121188 0.1373 0.11974 0.114621 0.12293 0.119191 0.0933806 0.0526203 0.0192335 0.00432792 0.000590861 4.93123e-05 2.57909e-06 8.79479e-08 2.03966e-09 3.28741e-11 3.64799e-13 2.72108e-15
 4.95169e-08 1.97112e-06 4.62661e-05 0.000640344 0.00522666 0.0251757 0.0717995 0.123212 0.136904 0.125474 0.128125 0.131817 0.114109 0.0793514 0.0407509 0.0139315 0.00299676 0.000401681 3.42229e-05 1.91956e-06 7.30352e-08 1.89282e-09 3.27348e-11 3.68527e-13 2.66311e-15
 6.9759e-08 2.62956e-06 5.84464e-05 0.000766015 0.00592099 0.0270141 0.0730464 0.119408 0.128849 0.120158 0.127509 0.13447 0.119701 0.0841791 0.0421466 0.0136627 0.00274206 0.000338678 2.62561e-05 1.32847e-06 4.59094e-08 1.11305e-09 1.87936e-11 2.14895e-13 1.6183e-15
 1.02479e-07 3.65714e-06 7.69554e-05 0.000954875 0.00698802 0.0301928 0.0774043 0.120599 0.126615 0.119803 0.129475 0.135492 0.118604 0.0808782 0.038596 0.0118086 0.00222965 0.000259143 1.89301e-05 9.02176e-07 2.92005e-08 6.55309e-10 1.01146e-11 1.05067e-13 7.21501e-16
 1.71147e-07 5.78142e-06 0.000115157 0.00135256 0.00936963 0.0383197 0.0929782 0.137007 0.135609 0.120338 0.123029 0.124235 0.105764 0.0694463 0.0315 0.0091086 0.00162753 0.000180218 1.26849e-05 5.89751e-07 1.87263e-08 4.09526e-10 6.06771e-12 5.95601e-14 3.81478e-16
 2.37094e-07 7.58081e-06 0.000142924 0.00158897 0.0104204 0.0403693 0.0930571 0.132004 0.131889 0.126893 0.135098 0.130125 0.102126 0.0617976 0.0260735 0.00707479 0.00119666 0.000126895 8.68411e-06 3.9833e-07 1.25553e-08 2.71216e-10 3.93116e-12 3.74414e-14 2.31251e-16
 3.35975e-07 1.0168e-05 0.000181449 0.00190944 0.0118534 0.0434846 0.0950726 0.128821 0.125978 0.123088 0.13383 0.132174 0.106272 0.0638555 0.0258048 0.00654586 0.00101606 9.67731e-05 5.78822e-06 2.26317e-07 6.05295e-09 1.13733e-10 1.49165e-12 1.32946e-14 7.83517e-17
 4.83613e-07 1.38541e-05 0.000234022 0.00233118 0.0137004 0.047609 0.0988543 0.128622 0.125006 0.12563 0.136882 0.131923 0.102291 0.0584969 0.0222707 0.00529508 0.00076834 6.82247e-05 3.78462e-06 1.35807e-07 3.27639e-09 5.43785e-11 6.18737e-13 4.7369e-15 2.39878e-17
 7.05488e-07 1.91322e-05 0.000305942 0.00288512 0.0160539 0.0528476 0.1042 0.13004 0.12477 0.126776 0.137122 0.129463 0.0975196 0.0534972 0.0194067 0.0044128 0.00062134 5.49653e-05 3.14826e-06 1.20435e-07 3.11793e-09 5.40273e-11 6.13023e-13 4.47893e-15 2.09285e-17
 1.0007e-06 2.56936e-05 0.000388999 0.00347329 0.0183021 0.0571018 0.107104 0.129077 0.124403 0.129829 0.139735 0.128581 0.0931811 0.04842 0.016432 0.00346125 0.00044643 3.5638e-05 1.8129e-06 6.12229e-08 1.42225e-09 2.29438e-11 2.5247e-13 1.84368e-15 8.72868e-18
 1.08062e-06 2.62724e-05 0.000376655 0.00318512 0.0159076 0.0472044 0.0855297 0.105614 0.117616 0.143132 0.160799 0.146501 0.102964 0.0510568 0.0163915 0.00326283 0.000399482 3.05341e-05 1.50166e-06 4.91856e-08 1.09569e-09 1.65487e-11 1.66427e-13 1.09579e-15 4.67857e-18
#spawning biomass
 20080.6 22089.3 16620 19133.5 31737.2 46443.5 61750.8 77790.8 100745 108205 137773 166515 191977 186028 188794 204436 234802 192152 175240 218289 213260 210853 218657 231963 241974 241761 202440 200159 150357 446586 723854 1.00507e+06 1.26807e+06 1.50152e+06 1.70169e+06 1.8694e+06 2.00777e+06 2.12084e+06 2.21279e+06 2.28745e+06 2.34819e+06 2.39782e+06 2.43577e+06 2.44699e+06 2.45787e+06 2.46842e+06 2.47865e+06 2.48856e+06 2.49817e+06 2.50749e+06 2.51652e+06 2.52528e+06 2.53377e+06 2.542e+06 2.54998e+06 2.55771e+06 2.56521e+06 2.57248e+06 2.57953e+06 2.58636e+06 2.59298e+06 2.5994e+06 2.60563e+06 2.61167e+06 2.61752e+06 2.62319e+06 2.62869e+06 2.63402e+06 2.63919e+06 2.6442e+06 2.64906e+06 2.65376e+06 2.65833e+06 2.66276e+06 2.66705e+06 2.67121e+06 2.67524e+06 2.67915e+06 2.68294e+06 2.68661e+06 2.69017e+06 2.69363e+06 2.69698e+06 2.70022e+06 2.70337e+06 2.70642e+06 2.70938e+06 2.71224e+06 2.71502e+06 2.71772e+06 2.72033e+06 2.72286e+06 2.72532e+06 2.7277e+06 2.73e+06 2.73224e+06 2.73441e+06 2.73651e+06 2.73855e+06 2.74053e+06 2.74244e+06 2.7443e+06 2.7461e+06 2.74784e+06 2.74954e+06 2.75118e+06 2.75277e+06 2.75431e+06 2.7558e+06 2.75725e+06 2.75866e+06 2.76002e+06 2.76134e+06 2.76262e+06 2.76386e+06 2.76506e+06 2.76623e+06 2.76736e+06 2.76846e+06 2.76952e+06 2.77055e+06 2.77155e+06 2.77252e+06 2.77345e+06 2.77436e+06 2.77525e+06 2.7761e+06 2.77693e+06 0 0 0 0 0 0 0 0 0 0 0 0 0 0 0 0 0 0 0 0 0 0 0 0 0
