SBPRF35
3.17518
Curr Bio
122684
B35
2.17234e+06
F35
0.102031
FOFL
0
OFL
0
Bzero
907194
#pred survey bio
 13060.4 9954.76 12277.7 16562 21050.8 25089.1 31085.6 35603 43670.5 59343.7 82237 97304 110441 133577 130598 112795 101625 98159.7 99505.2 93649.2 93316.8 101840 111028 114580 128666 130761 115264 102987 97893.7 1.70854e+06 3.33459e+06 5.14907e+06 6.49736e+06 7.39493e+06 7.93781e+06 8.22161e+06 8.32752e+06 8.31873e+06 8.24144e+06 8.12772e+06 7.99881e+06 7.86808e+06 7.7433e+06 7.62215e+06 7.49658e+06 7.39254e+06 7.30635e+06 7.23498e+06 7.1759e+06 7.12704e+06 7.08665e+06 7.0533e+06 7.0258e+06 7.00314e+06 6.98451e+06 6.96921e+06 6.95668e+06 6.94644e+06 6.93809e+06 6.93131e+06 6.92582e+06 6.9214e+06 6.91786e+06 6.91504e+06 6.91282e+06 6.91107e+06 6.90973e+06 6.90871e+06 6.90795e+06 6.9074e+06 6.90703e+06 6.90679e+06 6.90666e+06 6.90661e+06 6.90663e+06 6.9067e+06 6.90681e+06 6.90695e+06 6.90711e+06 6.90728e+06 6.90746e+06 6.90765e+06 6.90783e+06 6.90802e+06 6.9082e+06 6.90838e+06 6.90855e+06 6.90871e+06 6.90887e+06 6.90902e+06 6.90916e+06 6.9093e+06 6.90942e+06 6.90954e+06 6.90965e+06 6.90976e+06 6.90986e+06 6.90995e+06 6.91004e+06 6.91012e+06 6.91019e+06 6.91026e+06 6.91033e+06 6.91039e+06 6.91045e+06 6.9105e+06 6.91055e+06 6.91059e+06 6.91063e+06 6.91067e+06 6.91071e+06 6.91074e+06 6.91077e+06 6.9108e+06 6.91083e+06 6.91085e+06 6.91088e+06 6.9109e+06 6.91092e+06 6.91094e+06 6.91095e+06 6.91097e+06 6.91098e+06 6.911e+06 6.91101e+06 6.91102e+06 6.91103e+06 6.91104e+06 6.91105e+06 0 0 0 0 0 0 0 0 0 0 0 0 0 0 0 0 0 0 0 0 0 0 0 0 0
#obs survey bio
 12025.7 9112.66 16453.7 11631.5 22518.6 24043.4 27620.8 22530.2 39472.7 51778.1 74912.2 77198.6 90193 121112 128151 114421 104348 77382.8 94151.6 81877.5 84780.2 130556 60008.9 112004 121217 121782 87083.1 84269.2 87470.8
#pred catch bio
 9449.77 6138.91 6930.17 10260.3 14292 16752.3 22352.7 25238 30617.6 36301.4 51561.8 66748.2 74822 102193 108008 95502.7 86742.4 83648.9 87134.7 82432.6 81771.2 89232 103277 105976 121583 127709 112762 98535.4 106171 0 11852.8 22212.4 28623.4 32565.2 34900.5 36071.7 36431.5 36264.5 35784.3 35141.4 34435.9 33730.8 33062.5 32423.9 31783.4 31248.1 30800.8 30427 30114.6 29853.5 29635.4 29453.1 29300.7 29173.4 29067 28978 28903.7 28841.6 28789.7 28746.4 28710.1 28679.8 28654.5 28633.4 28615.7 28600.9 28588.6 28578.3 28569.6 28562.4 28556.4 28551.4 28547.2 28543.7 28540.7 28538.3 28536.2 28534.5 28533.1 28531.9 28530.9 28530.1 28529.4 28528.8 28528.3 28527.9 28527.5 28527.2 28527 28526.8 28526.6 28526.5 28526.4 28526.3 28526.2 28526.1 28526.1 28526 28526 28526 28525.9 28525.9 28525.9 28525.9 28525.9 28525.9 28525.8 28525.8 28525.8 28525.8 28525.8 28525.8 28525.8 28525.8 28525.8 28525.8 28525.8 28525.8 28525.8 28525.8 28525.8 28525.8 28525.8 28525.8 28525.8 28525.8 28525.8 28525.8 28525.8 0 0 0 0 0 0 0 0 0 0 0 0 0 0 0 0 0 0 0 0 0 0 0 0 0
#obs catch bio
 5733.58 6191.38 6733.76 10200.8 14372.1 16461.5 22418.6 25070.5 30695.8 35513.4 49930.6 66048.3 72360.9 99665.7 106642 94484 84003.3 83049.6 83722.2 80726.5 78757.5 84998.7 102124 102064 118004 124263 113013 95791.6 106158
#pred cpue bio
 10002.4 6904.67 7636.67 10503.2 13646.2 15654.2 19419.7 21782.8 25768.4 32184.5 46674.2 55819.3 58841.1 75810.6 79795.7 68254.7 58415.7 55535.7 55663.3 52913.7 50236.7 53534 59827.2 58443.4 65516.3 68981.7 61491 54274.9 52413.4 777507 2.62713e+06 4.95895e+06 6.39145e+06 7.27116e+06 7.80076e+06 8.07933e+06 8.18348e+06 8.17415e+06 8.09669e+06 7.98292e+06 7.854e+06 7.72326e+06 7.59848e+06 7.47733e+06 7.35176e+06 7.24772e+06 7.16153e+06 7.09016e+06 7.03108e+06 6.98222e+06 6.94183e+06 6.90848e+06 6.88098e+06 6.85832e+06 6.83969e+06 6.82439e+06 6.81186e+06 6.80162e+06 6.79327e+06 6.78649e+06 6.781e+06 6.77658e+06 6.77304e+06 6.77022e+06 6.768e+06 6.76626e+06 6.76491e+06 6.76389e+06 6.76313e+06 6.76258e+06 6.76221e+06 6.76197e+06 6.76184e+06 6.76179e+06 6.76181e+06 6.76188e+06 6.76199e+06 6.76213e+06 6.76229e+06 6.76246e+06 6.76264e+06 6.76283e+06 6.76301e+06 6.7632e+06 6.76338e+06 6.76356e+06 6.76373e+06 6.76389e+06 6.76405e+06 6.7642e+06 6.76434e+06 6.76448e+06 6.7646e+06 6.76472e+06 6.76483e+06 6.76494e+06 6.76504e+06 6.76513e+06 6.76522e+06 6.7653e+06 6.76537e+06 6.76544e+06 6.76551e+06 6.76557e+06 6.76563e+06 6.76568e+06 6.76573e+06 6.76577e+06 6.76581e+06 6.76585e+06 6.76589e+06 6.76592e+06 6.76595e+06 6.76598e+06 6.76601e+06 6.76603e+06 6.76606e+06 6.76608e+06 6.7661e+06 6.76612e+06 6.76613e+06 6.76615e+06 6.76616e+06 6.76618e+06 6.76619e+06 6.7662e+06 6.76621e+06 6.76622e+06 6.76623e+06 0 0 0 0 0 0 0 0 0 0 0 0 0 0 0 0 0 0 0 0 0 0 0 0 0
#obs cpue bio
 9499.04 6622.46 11366.9 9904.26 15357.9 20751.2 20984.8 34208.6 30538.5 54897.3 81745.5 92973.9 109769 116804 93067.3 96812.4 81246.3 82148.6 106606 87937.1 106114 83747.6 123764 118095 100407 110753 73989.6 115079 69295.4
#pred surv len freq
 2.55993e-27 2.57982e-27 2.58917e-26 4.92225e-20 1.20663e-14 3.57546e-10 1.28067e-06 0.000554481 0.0290196 0.183586 0.14081 0.0394379 0.201256 0.186271 0.0491152 0.0656725 0.0283507 0.021945 0.0134996 0.0102671 0.00806184 0.00698257 0.00702244 0.00624004 0.00190649
 2.5633e-27 2.58901e-27 3.39332e-26 6.61862e-20 1.62247e-14 4.80768e-10 1.72203e-06 0.000745574 0.0390206 0.246855 0.189096 0.0378511 0.155259 0.144354 0.0516462 0.0816448 0.0277447 0.011589 0.0051855 0.00295967 0.00189357 0.00140583 0.00125481 0.00111719 0.0003743
 2.56588e-27 2.5957e-27 3.94939e-26 7.79156e-20 1.91001e-14 5.65969e-10 2.02721e-06 0.000877703 0.0459358 0.290603 0.222525 0.0393938 0.143512 0.132788 0.0364527 0.0499987 0.0195989 0.0120007 0.00385243 0.00120536 0.000510299 0.000288392 0.000213393 0.000178923 6.21336e-05
 2.56419e-27 2.59097e-27 3.51842e-26 6.88236e-20 1.68713e-14 4.99926e-10 1.79065e-06 0.000775283 0.0405755 0.256692 0.196668 0.0416595 0.178921 0.165328 0.0398019 0.0493123 0.0173433 0.00814064 0.00318189 0.00116484 0.000264749 8.33693e-05 4.35826e-05 3.15363e-05 1.0858e-05
 2.56396e-27 2.59049e-27 3.49057e-26 6.82365e-20 1.67274e-14 4.95662e-10 1.77538e-06 0.000768671 0.0402294 0.254503 0.194977 0.0404581 0.170967 0.158332 0.0448329 0.0625137 0.0208165 0.00789612 0.00258221 0.000828981 0.000230382 4.41984e-05 1.09119e-05 5.66195e-06 1.83183e-06
 2.56494e-27 2.59305e-27 3.70547e-26 7.27695e-20 1.78386e-14 5.28589e-10 1.89332e-06 0.000819734 0.0429019 0.271409 0.207892 0.0408163 0.164619 0.152228 0.0392783 0.0514035 0.0177831 0.00775907 0.00233397 0.000588283 0.000133526 2.70279e-05 3.83402e-06 9.0143e-07 2.43938e-07
 2.56449e-27 2.59176e-27 3.58461e-26 7.02196e-20 1.72135e-14 5.10067e-10 1.82697e-06 0.000791009 0.0413986 0.261899 0.200644 0.041698 0.176421 0.163024 0.039497 0.0491414 0.0164362 0.00636509 0.00201132 0.000549335 0.000102606 1.6363e-05 2.08363e-06 2.16241e-07 3.423e-08
 2.56502e-27 2.59313e-27 3.70155e-26 7.26865e-20 1.78182e-14 5.27986e-10 1.89116e-06 0.000818799 0.042853 0.2711 0.20767 0.0416919 0.171439 0.158378 0.037807 0.0464158 0.01498 0.00494512 0.00145329 0.00036331 7.27265e-05 1.03762e-05 1.02031e-06 7.32057e-08 4.85443e-09
 2.56598e-27 2.59569e-27 3.92218e-26 7.73406e-20 1.89591e-14 5.61792e-10 2.01225e-06 0.000871226 0.0455968 0.288458 0.220921 0.0415096 0.160741 0.148403 0.034174 0.0406293 0.0130437 0.00419072 0.00115931 0.000248737 4.48355e-05 6.40128e-06 5.77117e-07 3.0883e-08 1.06922e-09
 2.56789e-27 2.60075e-27 4.35877e-26 8.65504e-20 2.12168e-14 6.28691e-10 2.25187e-06 0.000974972 0.0510265 0.322808 0.247144 0.0411186 0.139342 0.128454 0.0269967 0.0292583 0.00923304 0.0027252 0.000738707 0.000151324 2.40314e-05 2.98354e-06 2.57311e-07 1.2328e-08 2.90796e-10
 2.56639e-27 2.59665e-27 3.99184e-26 7.88097e-20 1.93192e-14 5.72463e-10 2.05047e-06 0.000887774 0.0464629 0.293937 0.225121 0.0425358 0.165599 0.152616 0.0300344 0.0300951 0.00935353 0.00254004 0.000665659 0.000127606 1.94549e-05 2.16936e-06 1.60317e-07 7.10929e-09 1.4365e-10
 2.5665e-27 2.59703e-27 4.03383e-26 7.96958e-20 1.95365e-14 5.789e-10 2.07352e-06 0.000897756 0.0469853 0.297242 0.227632 0.0416928 0.157421 0.145247 0.0319682 0.0363509 0.0111005 0.00265653 0.000666951 0.000117928 1.68996e-05 1.76977e-06 1.17747e-07 4.47778e-09 8.15089e-11
 2.568e-27 2.60099e-27 4.37348e-26 8.68605e-20 2.12928e-14 6.30944e-10 2.25993e-06 0.000978466 0.0512094 0.323965 0.248035 0.0415892 0.142298 0.131072 0.0254686 0.0250984 0.00773161 0.00198314 0.000484815 7.4933e-05 9.89163e-06 9.53096e-07 5.86988e-08 1.99631e-09 3.13023e-11
 2.56595e-27 2.59536e-27 3.86981e-26 7.62351e-20 1.86881e-14 5.53762e-10 1.98348e-06 0.000858772 0.044945 0.284335 0.217805 0.0435534 0.178483 0.164366 0.0296063 0.0261384 0.00781255 0.00162985 0.000391772 6.36115e-05 7.78523e-06 6.62336e-07 3.7007e-08 1.15017e-09 1.60321e-11
 2.56386e-27 2.58978e-27 3.3844e-26 6.59951e-20 1.61779e-14 4.7938e-10 1.71706e-06 0.000743422 0.038908 0.246143 0.188654 0.0442828 0.204516 0.188576 0.0372964 0.0375643 0.0109935 0.00185377 0.000405418 5.45622e-05 6.61836e-06 5.52558e-07 2.72052e-08 7.54215e-10 9.51047e-12
 2.56468e-27 2.59209e-27 3.5972e-26 7.04846e-20 1.72784e-14 5.11991e-10 1.83387e-06 0.000793994 0.0415548 0.262887 0.201419 0.0429563 0.185453 0.171144 0.0370805 0.0414695 0.0123147 0.00235495 0.000509035 5.56987e-05 5.69732e-06 4.22806e-07 2.04203e-08 5.07963e-10 5.6571e-12
 2.56578e-27 2.59495e-27 3.83751e-26 7.55537e-20 1.85211e-14 5.48813e-10 1.96575e-06 0.000851097 0.0445433 0.281794 0.215861 0.0432859 0.177814 0.163837 0.0311121 0.0297056 0.00888576 0.00184262 0.000412585 4.94065e-05 4.67222e-06 2.7708e-07 1.13906e-08 2.681e-10 2.71711e-12
 2.56588e-27 2.59514e-27 3.84719e-26 7.57577e-20 1.85711e-14 5.50295e-10 1.97106e-06 0.000853395 0.0446636 0.282555 0.216451 0.0438519 0.181707 0.167296 0.0293145 0.0247217 0.00717331 0.00113477 0.000242592 3.10475e-05 3.12707e-06 1.88512e-07 6.4e-09 1.23919e-10 1.14918e-12
 2.56624e-27 2.59613e-27 3.93538e-26 7.76181e-20 1.90271e-14 5.63808e-10 2.01947e-06 0.000874352 0.0457604 0.289493 0.221744 0.0435319 0.175553 0.161634 0.0286241 0.0245669 0.00704434 0.000962062 0.000188432 1.90746e-05 1.85296e-06 1.19986e-07 4.23235e-09 7.15134e-11 5.4011e-13
 2.56563e-27 2.5944e-27 3.77667e-26 7.42699e-20 1.82064e-14 5.39487e-10 1.93235e-06 0.000836635 0.0437864 0.277005 0.212224 0.0445144 0.189718 0.174585 0.0287194 0.0215247 0.00613162 0.000790373 0.000148666 1.29239e-05 1.05451e-06 5.73871e-08 2.087e-09 3.6904e-11 2.53649e-13
 2.5672e-27 2.59871e-27 4.1624e-26 8.24073e-20 2.02012e-14 5.98597e-10 2.14407e-06 0.000928302 0.048584 0.307356 0.235375 0.043005 0.161966 0.149061 0.0257518 0.0211793 0.00598777 0.000673806 0.000119712 9.85652e-06 7.37577e-07 3.31364e-08 9.87305e-10 1.67645e-11 1.19761e-13
 2.56742e-27 2.59923e-27 4.20111e-26 8.32235e-20 2.04012e-14 6.04525e-10 2.16531e-06 0.000937496 0.0490652 0.3104 0.237708 0.0435283 0.164309 0.151064 0.0232345 0.0149416 0.0042176 0.000497207 8.85603e-05 6.42356e-06 4.41096e-07 1.82444e-08 4.61504e-10 6.32887e-12 4.12664e-14
 2.56675e-27 2.5974e-27 4.03815e-26 7.97859e-20 1.95585e-14 5.79555e-10 2.07587e-06 0.000898771 0.0470385 0.297578 0.227926 0.0440758 0.175348 0.161241 0.0248564 0.0160732 0.00447451 0.000415183 6.66514e-05 5.00547e-06 3.35262e-07 1.21657e-08 2.79791e-10 3.31126e-12 1.75175e-14
 2.56804e-27 2.60091e-27 4.34799e-26 8.63221e-20 2.11608e-14 6.27033e-10 2.24593e-06 0.0009724 0.0508919 0.321956 0.246527 0.043224 0.155797 0.143178 0.0212606 0.0124237 0.00343369 0.000287484 4.24237e-05 2.54981e-06 1.50101e-07 5.48847e-09 1.15622e-10 1.20946e-12 5.57004e-15
 2.56789e-27 2.60046e-27 4.30468e-26 8.54083e-20 2.09368e-14 6.20395e-10 2.22215e-06 0.000962107 0.0503532 0.318548 0.243932 0.0436719 0.161029 0.147928 0.0206906 0.00993049 0.002718 0.000204531 2.77979e-05 1.51811e-06 7.70659e-08 2.24215e-09 4.40565e-11 4.37919e-13 1.78758e-15
 2.56693e-27 2.59782e-27 4.06837e-26 8.04231e-20 1.97147e-14 5.84183e-10 2.09245e-06 0.000905949 0.0474141 0.299955 0.229749 0.0445827 0.177925 0.163473 0.0226018 0.0103739 0.00281744 0.000178779 2.0704e-05 1.02371e-06 4.61123e-08 1.16879e-09 1.86957e-11 1.58163e-13 6.09631e-16
 2.56663e-27 2.59702e-27 3.99737e-26 7.89252e-20 1.93476e-14 5.73303e-10 2.05347e-06 0.000889076 0.046531 0.294368 0.225487 0.0448106 0.182653 0.167834 0.02333 0.0109353 0.00296492 0.000175567 1.8611e-05 7.95069e-07 2.9106e-08 6.44131e-10 8.95947e-12 6.2473e-14 1.9831e-16
 2.56702e-27 2.5981e-27 4.09458e-26 8.0976e-20 1.98503e-14 5.882e-10 2.10683e-06 0.000912178 0.0477401 0.302017 0.23132 0.0443817 0.175291 0.161073 0.0227288 0.0112658 0.00306145 0.000185037 2.00304e-05 8.11991e-07 2.64192e-08 4.8181e-10 5.51465e-12 3.2835e-14 8.71569e-17
 2.56664e-27 2.59706e-27 4.00278e-26 7.90394e-20 1.93756e-14 5.74132e-10 2.05645e-06 0.000890362 0.0465984 0.294794 0.225809 0.0446274 0.181033 0.16638 0.0238181 0.0124129 0.00338677 0.000221268 2.60744e-05 1.08305e-06 3.61337e-08 6.12268e-10 6.00344e-12 2.86519e-14 6.32509e-17
#obs surv len freq
 1.08439e-41 1.50505e-33 2.52504e-26 5.12073e-20 1.25529e-14 3.71965e-10 1.33232e-06 0.000576847 0.0301899 0.190991 0.146547 0.0400941 0.172875 0.146332 0.103981 0.101982 0.0443618 0.0175169 0.00401424 0.000510509 2.6457e-05 4.05419e-07 1.38278e-09 8.55984e-13 8.42778e-17
 1.60604e-41 2.22908e-33 3.73974e-26 7.58412e-20 1.85916e-14 5.50902e-10 1.97324e-06 0.000854346 0.0447131 0.282868 0.216722 0.0407331 0.126821 0.102305 0.0756899 0.0683369 0.0285122 0.0101515 0.00205643 0.000224116 9.51285e-06 1.1301e-07 2.86483e-10 1.28488e-13 9.03491e-18
 1.53465e-41 2.13e-33 3.57352e-26 7.24702e-20 1.77652e-14 5.26416e-10 1.88554e-06 0.000816372 0.0427257 0.270296 0.207349 0.0499774 0.176651 0.128798 0.0566881 0.042829 0.0172374 0.00555083 0.000986244 8.95176e-05 3.04374e-06 2.78537e-08 5.25211e-11 1.71e-14 8.6027e-19
 1.07571e-41 1.49301e-33 2.50484e-26 5.07976e-20 1.24524e-14 3.68988e-10 1.32166e-06 0.000572231 0.0299483 0.189464 0.145858 0.0564402 0.23002 0.162971 0.0981401 0.0659818 0.0160435 0.00391136 0.000602027 4.49181e-05 1.19361e-06 8.26353e-09 1.1525e-11 2.72653e-15 9.83938e-20
 1.5014e-41 2.08384e-33 3.49608e-26 7.08997e-20 1.73802e-14 5.15008e-10 1.84468e-06 0.000798681 0.0417998 0.264439 0.202912 0.0472277 0.142331 0.104257 0.104099 0.0691756 0.0190504 0.00355665 0.000332252 1.87265e-05 3.82903e-07 1.96994e-09 2.00367e-12 3.42257e-16 8.85332e-21
 1.19813e-41 1.66293e-33 2.78991e-26 5.65787e-20 1.38696e-14 4.10982e-10 1.47207e-06 0.000637356 0.0333567 0.211028 0.162683 0.0649275 0.231089 0.14401 0.0787687 0.0500921 0.0193055 0.00379124 0.000300143 1.03326e-05 1.40501e-07 5.22227e-10 3.82401e-13 4.66364e-17 8.58206e-22
 1.38083e-41 1.9165e-33 3.21532e-26 6.52061e-20 1.59845e-14 4.73651e-10 1.69654e-06 0.000734543 0.038443 0.243205 0.187134 0.0580126 0.175219 0.116491 0.109071 0.056429 0.012596 0.00243841 0.000218314 6.28455e-06 5.37995e-08 1.24614e-10 6.21059e-14 5.31951e-18 6.89903e-23
 1.1996e-41 1.66497e-33 2.79333e-26 5.66482e-20 1.38866e-14 4.11486e-10 1.47388e-06 0.000638138 0.0333976 0.211289 0.163332 0.0724014 0.227551 0.133289 0.0930364 0.048657 0.014294 0.00198087 0.000128436 3.59781e-06 2.5776e-08 3.95394e-11 1.21233e-14 6.69206e-19 5.88135e-24
 1.51964e-41 2.10916e-33 3.53855e-26 7.17611e-20 1.75914e-14 5.21265e-10 1.86709e-06 0.000808384 0.0423076 0.267656 0.206196 0.0646432 0.167505 0.103902 0.0952134 0.041321 0.00909594 0.00127589 7.28324e-05 1.4262e-06 8.37208e-09 1.05055e-11 2.29413e-15 8.14813e-20 4.5192e-25
 1.52143e-41 2.11164e-33 3.54271e-26 7.18455e-20 1.76121e-14 5.21878e-10 1.86928e-06 0.000809335 0.0423574 0.267974 0.207054 0.0780178 0.198518 0.10362 0.0659088 0.0281002 0.00685085 0.000751655 3.51146e-05 5.80449e-07 2.45252e-09 2.26225e-12 3.82967e-16 1.02062e-20 3.96081e-26
 1.09764e-41 1.52345e-33 2.5559e-26 5.18332e-20 1.27063e-14 3.76511e-10 1.3486e-06 0.000583897 0.0305589 0.193339 0.151132 0.0971536 0.257999 0.136065 0.0952835 0.0318324 0.00546841 0.000559273 2.24597e-05 2.82675e-07 9.27855e-10 6.26286e-13 7.47571e-17 1.4415e-21 4.14453e-27
 1.66505e-41 2.31098e-33 3.87715e-26 7.86278e-20 1.92747e-14 5.71144e-10 2.04574e-06 0.000885737 0.0463559 0.293272 0.226437 0.0712496 0.144732 0.0940525 0.0895576 0.028537 0.00457479 0.000333637 1.00552e-05 1.02916e-07 2.53805e-10 1.2589e-13 1.09484e-17 1.49753e-22 3.01505e-28
 1.33521e-41 1.85318e-33 3.10909e-26 6.30517e-20 1.54564e-14 4.58001e-10 1.64049e-06 0.000710274 0.0371729 0.235191 0.184265 0.110471 0.242788 0.106796 0.0577378 0.0205522 0.00403857 0.000269286 6.15457e-06 4.38199e-08 7.99988e-11 2.94117e-14 1.84475e-18 1.80563e-23 2.59266e-29
 1.11812e-41 1.55188e-33 2.60361e-26 5.28006e-20 1.29434e-14 3.83538e-10 1.37377e-06 0.000594796 0.0311292 0.196964 0.15567 0.111957 0.235349 0.137698 0.103587 0.0238985 0.00294079 0.000204988 4.59717e-06 2.54846e-08 3.2117e-11 8.17061e-15 3.65978e-19 2.57023e-24 2.62561e-30
 8.73076e-42 1.21177e-33 2.033e-26 4.12288e-20 1.01068e-14 2.99482e-10 1.07269e-06 0.00046444 0.024307 0.153816 0.12397 0.123094 0.248647 0.160224 0.125374 0.0351258 0.00476061 0.000210942 3.61248e-06 1.82686e-08 1.87276e-11 3.41466e-15 1.04264e-19 5.01501e-25 3.57618e-31
 1.41721e-41 1.96699e-33 3.30004e-26 6.69242e-20 1.64057e-14 4.8613e-10 1.74124e-06 0.000753897 0.039456 0.249646 0.195692 0.0946829 0.159898 0.126085 0.101089 0.0284531 0.00404907 0.00019094 2.56768e-06 8.85284e-09 7.09948e-12 1.04798e-15 2.43092e-20 8.32227e-26 4.08061e-32
 9.73066e-42 1.35055e-33 2.26583e-26 4.59506e-20 1.12642e-14 3.3378e-10 1.19555e-06 0.00051763 0.0270908 0.17147 0.141426 0.16254 0.273544 0.126289 0.0719108 0.021931 0.00313177 0.000145232 1.90471e-06 5.53626e-09 3.1409e-12 3.24648e-16 5.61858e-21 1.47042e-26 5.40793e-33
 1.43704e-41 1.99451e-33 3.34621e-26 6.78605e-20 1.66352e-14 4.92931e-10 1.7656e-06 0.000764444 0.040008 0.253164 0.200361 0.107747 0.161071 0.136011 0.0840105 0.0151601 0.00162754 7.31609e-05 8.95107e-07 2.34998e-09 1.12898e-12 8.88774e-17 1.08174e-21 1.96526e-27 5.15148e-34
 1.00092e-41 1.38921e-33 2.33069e-26 4.72658e-20 1.15867e-14 3.43334e-10 1.22977e-06 0.000532447 0.0278663 0.176435 0.149167 0.183551 0.26123 0.121301 0.0624596 0.0159349 0.00147814 4.2704e-05 4.20032e-07 9.60184e-10 3.9275e-13 2.55502e-17 2.46345e-22 3.36168e-28 6.3136e-35
 1.28606e-41 1.78497e-33 2.99465e-26 6.0731e-20 1.48875e-14 4.41143e-10 1.5801e-06 0.00068413 0.0358048 0.226631 0.183941 0.132251 0.181335 0.152699 0.074289 0.0113783 0.000958487 2.73862e-05 1.91516e-07 3.07807e-10 9.8454e-14 5.16431e-18 3.98159e-23 4.27832e-29 6.2096e-36
 1.40993e-41 1.95689e-33 3.28309e-26 6.65804e-20 1.63214e-14 4.83633e-10 1.73229e-06 0.000750024 0.0392535 0.248507 0.204399 0.159171 0.187348 0.101867 0.0481651 0.00986137 0.000662193 1.34856e-05 8.05971e-08 1.00364e-10 2.22452e-14 8.24625e-19 4.73236e-24 3.88685e-30 4.33255e-37
 1.12861e-41 1.56644e-33 2.62803e-26 5.32959e-20 1.30649e-14 3.87136e-10 1.38666e-06 0.000600375 0.0314217 0.199063 0.172626 0.196209 0.224983 0.123118 0.0449866 0.00654571 0.000437027 8.36224e-06 3.65921e-08 3.39831e-11 5.80461e-15 1.57259e-19 6.28856e-25 3.59117e-31 2.8481e-38
 1.37511e-41 1.90856e-33 3.202e-26 6.49359e-20 1.59183e-14 4.71687e-10 1.68951e-06 0.000731499 0.0382842 0.242466 0.203065 0.160511 0.179197 0.126244 0.0439121 0.00533017 0.000252594 3.82579e-06 1.45792e-08 1.0572e-11 1.29961e-15 2.55518e-20 7.52611e-26 3.12417e-32 1.75667e-39
 1.35818e-41 1.88506e-33 3.16258e-26 6.41364e-20 1.57223e-14 4.6588e-10 1.66871e-06 0.000722493 0.0378132 0.239628 0.207507 0.194322 0.188128 0.0961824 0.031501 0.00403126 0.000161745 1.75884e-06 4.79629e-09 2.70097e-12 2.6069e-16 3.82652e-21 8.07881e-27 2.38435e-33 9.6085e-41
 1.1888e-41 1.64998e-33 2.76819e-26 5.61383e-20 1.37616e-14 4.07783e-10 1.46061e-06 0.000632395 0.0330983 0.209953 0.190552 0.214099 0.206734 0.112611 0.0293724 0.00284253 0.000102859 9.7642e-07 1.98536e-09 7.77031e-13 5.33284e-17 5.79838e-22 9.19264e-28 2.01008e-34 5.86839e-42
 1.06617e-41 1.47978e-33 2.48263e-26 5.03473e-20 1.23421e-14 3.65718e-10 1.30994e-06 0.00056716 0.0296847 0.18851 0.178529 0.221472 0.217271 0.129102 0.032054 0.00273446 7.38107e-05 5.40939e-07 8.97438e-10 2.71297e-13 1.33281e-17 1.00385e-22 1.10982e-28 1.72901e-35 3.66204e-43
 1.04811e-41 1.45471e-33 2.44057e-26 4.94943e-20 1.21329e-14 3.59521e-10 1.28775e-06 0.000557551 0.0291824 0.18549 0.179588 0.221744 0.217067 0.131869 0.031824 0.00261581 6.07444e-05 3.4061e-07 4.10879e-10 9.30318e-14 3.47979e-18 1.95038e-23 1.54823e-29 1.68793e-36 2.47828e-44
 1.272e-41 1.76545e-33 2.96191e-26 6.0067e-20 1.47247e-14 4.3632e-10 1.56283e-06 0.000676651 0.0354154 0.224814 0.205064 0.199737 0.192184 0.112862 0.0269901 0.0022046 4.98255e-05 2.57931e-07 2.64198e-10 4.78445e-14 1.41391e-18 6.36945e-24 4.13149e-30 3.68975e-37 4.39583e-45
 1.27202e-41 1.76549e-33 2.96197e-26 6.00681e-20 1.4725e-14 4.36329e-10 1.56286e-06 0.000676664 0.0354161 0.224818 0.205068 0.199746 0.192349 0.113208 0.0266157 0.00205692 4.30423e-05 2.02213e-07 1.85211e-10 2.96398e-14 7.6731e-19 3.01129e-24 1.69657e-30 1.3142e-37 1.3567e-45
#pred catch len freq
 2.55525e-27 2.56744e-27 1.53011e-26 2.68823e-20 6.58987e-15 1.9527e-10 6.99424e-07 0.000302824 0.0158487 0.100264 0.0771872 0.0394902 0.246353 0.228302 0.0639316 0.0890686 0.0382975 0.0294118 0.0179854 0.0136179 0.0106669 0.00922933 0.00927887 0.0082445 0.00251888
 2.55731e-27 2.57325e-27 2.04904e-26 3.78295e-20 9.27344e-15 2.74789e-10 9.84247e-07 0.000426141 0.0223027 0.141094 0.108334 0.0375808 0.209945 0.195701 0.0766843 0.125926 0.0427412 0.0177451 0.00790069 0.00448671 0.00286308 0.00212323 0.00189444 0.00168655 0.00056505
 2.55972e-27 2.57935e-27 2.5417e-26 4.82206e-20 1.18207e-14 3.50269e-10 1.2546e-06 0.000543196 0.0284289 0.17985 0.137973 0.04047 0.211107 0.195757 0.0582818 0.084126 0.0329202 0.0200587 0.00641958 0.00199626 0.000842556 0.000475525 0.000351707 0.000294869 0.000102397
 2.55853e-27 2.57587e-27 2.20782e-26 4.11762e-20 1.00939e-14 2.99099e-10 1.07132e-06 0.000463842 0.0242758 0.153576 0.117958 0.0434561 0.247893 0.229408 0.0589771 0.0769985 0.0270377 0.0126009 0.0049034 0.00178647 0.000404959 0.000127277 6.64963e-05 4.81111e-05 1.65646e-05
 2.55856e-27 2.57614e-27 2.24962e-26 4.20586e-20 1.03102e-14 3.05509e-10 1.09428e-06 0.000473782 0.024796 0.156867 0.120444 0.0417114 0.232871 0.215999 0.0648488 0.0937035 0.0311393 0.0116943 0.00380813 0.00121515 0.000336786 6.45211e-05 1.59153e-05 8.25645e-06 2.6712e-06
 2.55952e-27 2.57858e-27 2.45019e-26 4.62893e-20 1.13473e-14 3.3624e-10 1.20435e-06 0.000521439 0.0272903 0.172646 0.132505 0.0424984 0.230385 0.213359 0.0580929 0.0789977 0.0272625 0.0117777 0.00353034 0.000884241 0.000200105 4.0439e-05 5.73253e-06 1.34735e-06 3.64597e-07
 2.5595e-27 2.57839e-27 2.41983e-26 4.56485e-20 1.11902e-14 3.31585e-10 1.18768e-06 0.00051422 0.0269124 0.170256 0.130698 0.0436641 0.240526 0.222511 0.0560232 0.0718997 0.023982 0.00917065 0.00288521 0.000783216 0.000145895 2.32232e-05 2.95491e-06 3.06571e-07 4.85246e-08
 2.56e-27 2.57969e-27 2.52846e-26 4.79398e-20 1.17519e-14 3.48229e-10 1.2473e-06 0.000540032 0.0282633 0.178802 0.137226 0.0437944 0.236931 0.219132 0.0543303 0.0688315 0.0221642 0.0072233 0.00211378 0.000525016 0.000104798 1.49277e-05 1.46664e-06 1.05194e-07 6.97487e-09
 2.56106e-27 2.58248e-27 2.76669e-26 5.29652e-20 1.29838e-14 3.84733e-10 1.37805e-06 0.000596642 0.0312261 0.197546 0.151538 0.0437833 0.226792 0.209623 0.049892 0.0610865 0.0195655 0.0062015 0.00170868 0.000364155 6.54443e-05 9.327e-06 8.40247e-07 4.49483e-08 1.55598e-09
 2.56274e-27 2.58688e-27 3.14268e-26 6.08965e-20 1.4928e-14 4.42344e-10 1.5844e-06 0.000685986 0.035902 0.227127 0.174126 0.0438212 0.21121 0.194989 0.0426847 0.0483022 0.0152203 0.00444238 0.00119971 0.000244185 3.86687e-05 4.79162e-06 4.12901e-07 1.97759e-08 4.66419e-10
 2.56125e-27 2.58277e-27 2.77189e-26 5.3074e-20 1.30104e-14 3.85523e-10 1.38088e-06 0.000597867 0.0312902 0.197951 0.151875 0.0454803 0.239469 0.220948 0.0451375 0.0473462 0.0146972 0.00394652 0.00103043 0.000196251 2.9835e-05 3.32055e-06 2.45173e-07 1.08682e-08 2.19575e-10
 2.56179e-27 2.58434e-27 2.92135e-26 5.62275e-20 1.37835e-14 4.08429e-10 1.46293e-06 0.000633391 0.0331494 0.209713 0.160834 0.044137 0.222952 0.205932 0.0465786 0.0543968 0.016583 0.00391205 0.000977894 0.000171724 2.45354e-05 2.56436e-06 1.70462e-07 6.47995e-09 1.17937e-10
 2.56346e-27 2.58872e-27 3.29295e-26 6.4066e-20 1.5705e-14 4.65367e-10 1.66687e-06 0.00072169 0.0377706 0.238948 0.183162 0.0443879 0.209174 0.192889 0.0383075 0.0388212 0.0119363 0.00301652 0.000734515 0.000112739 1.48356e-05 1.42655e-06 8.77773e-08 2.98406e-09 4.67829e-11
 2.56171e-27 2.58387e-27 2.85392e-26 5.48039e-20 1.34345e-14 3.98089e-10 1.42589e-06 0.000617355 0.0323101 0.204403 0.156817 0.046469 0.24352 0.224417 0.0408785 0.0367254 0.0109574 0.0022474 0.000537425 8.66423e-05 1.05727e-05 8.97538e-07 5.01e-08 1.55643e-09 2.16915e-11
 2.55992e-27 2.57911e-27 2.44304e-26 4.61365e-20 1.13098e-14 3.3513e-10 1.20038e-06 0.000519718 0.0272002 0.172076 0.132138 0.0467967 0.263353 0.242953 0.0484054 0.0492024 0.0143767 0.00238151 0.000517761 6.91718e-05 8.36195e-06 6.96688e-07 3.42683e-08 9.4959e-10 1.1972e-11
 2.56091e-27 2.58191e-27 2.70135e-26 5.15862e-20 1.26457e-14 3.74716e-10 1.34217e-06 0.000581108 0.0304131 0.192402 0.147633 0.0451926 0.24026 0.221833 0.0481204 0.0538804 0.0159663 0.00299469 0.000643898 6.99451e-05 7.12792e-06 5.27744e-07 2.54629e-08 6.33119e-10 7.04957e-12
 2.56221e-27 2.58526e-27 2.9816e-26 5.74976e-20 1.40948e-14 4.17656e-10 1.49597e-06 0.000647699 0.0338982 0.21445 0.164477 0.0457489 0.232659 0.214476 0.0406013 0.0385952 0.0115159 0.00233975 0.000521118 6.19449e-05 5.83882e-06 3.45426e-07 1.4184e-08 3.33683e-10 3.38113e-12
 2.56231e-27 2.58544e-27 2.98803e-26 5.7633e-20 1.4128e-14 4.18639e-10 1.49949e-06 0.000649224 0.033978 0.214955 0.164875 0.0465002 0.238097 0.219321 0.0383297 0.0321783 0.00931982 0.0014455 0.000306932 3.899e-05 3.91445e-06 2.35447e-07 7.98492e-09 1.54518e-10 1.43262e-12
 2.56296e-27 2.58722e-27 3.14584e-26 6.0962e-20 1.49441e-14 4.4282e-10 1.58611e-06 0.000686724 0.0359407 0.227371 0.174347 0.0459922 0.227575 0.209625 0.0368437 0.0312242 0.0089377 0.00119627 0.000232535 2.33651e-05 2.26081e-06 1.46064e-07 5.14705e-09 8.69237e-11 6.56335e-13
 2.56232e-27 2.58539e-27 2.97629e-26 5.73851e-20 1.40673e-14 4.16838e-10 1.49305e-06 0.000646432 0.0338319 0.21403 0.164179 0.0471358 0.243422 0.224096 0.0366433 0.0271255 0.00771441 0.000974973 0.000181979 1.57081e-05 1.27639e-06 6.92873e-08 2.5169e-09 4.44838e-11 3.05679e-13
 2.56411e-27 2.59031e-27 3.41686e-26 6.66794e-20 1.63456e-14 4.84351e-10 1.73486e-06 0.000751129 0.0393114 0.248695 0.190621 0.0453885 0.211548 0.194786 0.0333343 0.0269534 0.00760884 0.000839709 0.000147859 1.20886e-05 9.00846e-07 4.03693e-08 1.2013e-09 2.0386e-11 1.45599e-13
 2.56436e-27 2.59088e-27 3.45808e-26 6.75487e-20 1.65587e-14 4.90665e-10 1.75748e-06 0.000760922 0.0398239 0.251937 0.193107 0.0460829 0.215085 0.197847 0.0302011 0.0190469 0.0053672 0.000620289 0.000109556 7.89353e-06 5.39556e-07 2.22604e-08 5.62388e-10 7.70734e-12 5.02407e-14
 2.56409e-27 2.59015e-27 3.39232e-26 6.61614e-20 1.62187e-14 4.80588e-10 1.72139e-06 0.000745294 0.039006 0.246763 0.18916 0.0463375 0.219796 0.202185 0.0307871 0.0192865 0.00536022 0.000487963 7.74577e-05 5.77652e-06 3.85223e-07 1.39431e-08 3.20238e-10 3.78745e-12 2.00307e-14
 2.56557e-27 2.59416e-27 3.74668e-26 7.36369e-20 1.80512e-14 5.34889e-10 1.91588e-06 0.000829505 0.0434133 0.274645 0.210435 0.0453736 0.197513 0.181595 0.0266402 0.0150169 0.00414341 0.000340626 4.96499e-05 2.96544e-06 1.73631e-07 6.33239e-09 1.33231e-10 1.39269e-12 6.41189e-15
 2.56558e-27 2.59413e-27 3.73906e-26 7.34758e-20 1.80117e-14 5.33719e-10 1.91169e-06 0.00082769 0.0433183 0.274044 0.209982 0.0457624 0.20079 0.184529 0.025526 0.0117408 0.00320723 0.000237208 3.17964e-05 1.72618e-06 8.71373e-08 2.52844e-09 4.96061e-11 4.92745e-13 2.01074e-15
 2.56476e-27 2.59189e-27 3.5385e-26 6.92448e-20 1.69745e-14 5.02985e-10 1.80161e-06 0.000780028 0.0408238 0.258263 0.197945 0.0465672 0.215371 0.197937 0.0270468 0.011832 0.00320704 0.000200449 2.28336e-05 1.12264e-06 5.02636e-08 1.27066e-09 2.0293e-11 1.71539e-13 6.6096e-16
 2.56442e-27 2.59097e-27 3.45682e-26 6.75217e-20 1.65521e-14 4.90469e-10 1.75678e-06 0.000760617 0.039808 0.251837 0.193042 0.0468306 0.22082 0.202962 0.02788 0.0124656 0.00337355 0.000196999 2.05209e-05 8.72405e-07 3.17217e-08 7.00122e-10 9.72177e-12 6.7733e-14 2.14923e-16
 2.56463e-27 2.59156e-27 3.51059e-26 6.86562e-20 1.68302e-14 4.9871e-10 1.7863e-06 0.000773398 0.0404769 0.256068 0.196269 0.0465355 0.216308 0.198831 0.0277394 0.0131842 0.00357688 0.00021317 2.26904e-05 9.15753e-07 2.95902e-08 5.38248e-10 6.14877e-12 3.65785e-14 9.7053e-17
 2.56581e-27 2.59479e-27 3.79906e-26 7.47417e-20 1.8322e-14 5.42914e-10 1.94463e-06 0.000841949 0.0440646 0.278765 0.213583 0.0454604 0.195962 0.180104 0.0252951 0.0123264 0.00335506 0.000215623 2.49861e-05 1.03307e-06 3.42304e-08 5.78601e-10 5.6622e-12 2.69984e-14 5.95719e-17
#obs catch len freq
 4.98311e-42 6.91623e-34 1.16034e-26 2.35315e-20 5.76846e-15 1.7093e-10 6.12244e-07 0.00026508 0.0138733 0.0877674 0.067741 0.0397902 0.218231 0.186281 0.143584 0.143503 0.0652286 0.0265848 0.00628429 0.000821361 4.42044e-05 7.07278e-07 2.51541e-09 1.6166e-12 1.64376e-16
 5.74927e-42 7.97961e-34 1.33874e-26 2.71495e-20 6.65538e-15 1.97211e-10 7.06378e-07 0.000305837 0.0160063 0.101262 0.0781567 0.0435886 0.222498 0.181076 0.143044 0.1311 0.0568079 0.0210944 0.00452286 0.000513792 2.25698e-05 2.7794e-07 7.30831e-10 3.39122e-13 2.45812e-17
 1.08119e-41 1.50062e-33 2.51759e-26 5.10563e-20 1.25159e-14 3.70868e-10 1.32839e-06 0.000575146 0.0301008 0.190428 0.146294 0.0452644 0.182072 0.141096 0.113646 0.0953104 0.0393936 0.0131047 0.00246719 0.000238206 8.48446e-06 8.03309e-08 1.56176e-10 5.23514e-14 2.70586e-18
 1.1135e-41 1.54546e-33 2.59283e-26 5.2582e-20 1.28899e-14 3.8195e-10 1.36808e-06 0.000592333 0.0310003 0.196119 0.150981 0.0583803 0.237784 0.164246 0.0770673 0.0545786 0.021636 0.00646802 0.00105859 8.43953e-05 2.38774e-06 1.72881e-08 2.48773e-11 6.03653e-15 2.22887e-19
 7.84925e-42 1.08942e-33 1.82774e-26 3.70661e-20 9.08632e-15 2.69244e-10 9.64389e-07 0.000417547 0.0218528 0.13825 0.107057 0.064766 0.273621 0.184478 0.116678 0.0714698 0.0169334 0.00389187 0.000547413 3.55254e-05 7.79181e-07 4.2428e-09 4.49673e-12 7.90717e-16 2.09112e-20
 1.25542e-41 1.74243e-33 2.9233e-26 5.92838e-20 1.45327e-14 4.30632e-10 1.54245e-06 0.000667828 0.0349515 0.221116 0.170065 0.052939 0.172853 0.122467 0.125433 0.075688 0.0201081 0.00340255 0.000293209 1.44001e-05 2.41143e-07 9.70506e-10 7.4757e-13 9.46965e-17 1.79242e-21
 1.03964e-41 1.44295e-33 2.42085e-26 4.90944e-20 1.20349e-14 3.56617e-10 1.27734e-06 0.000553046 0.0289442 0.183115 0.141742 0.07358 0.259518 0.153222 0.0860786 0.0509825 0.01874 0.00328386 0.000231391 6.89035e-06 7.72473e-08 2.23986e-10 1.23848e-13 1.11799e-17 1.50349e-22
 1.28458e-41 1.78291e-33 2.99119e-26 6.06608e-20 1.48703e-14 4.40634e-10 1.57828e-06 0.00068334 0.0357633 0.226254 0.174498 0.0643848 0.192055 0.123415 0.115337 0.0537711 0.0116127 0.00205986 0.000160258 3.87001e-06 2.70122e-08 4.90441e-11 1.84722e-14 1.16976e-18 1.1076e-23
 1.15897e-41 1.60858e-33 2.69872e-26 5.47295e-20 1.34163e-14 3.9755e-10 1.42396e-06 0.000616525 0.0322664 0.204135 0.158275 0.0798459 0.238894 0.133739 0.0932901 0.044942 0.0123789 0.00152587 8.84283e-05 2.0608e-06 1.17635e-08 1.40109e-11 3.2523e-15 1.32947e-19 8.52743e-25
 1.52153e-41 2.11178e-33 3.54295e-26 7.18502e-20 1.76132e-14 5.21913e-10 1.86941e-06 0.000809388 0.0423602 0.26799 0.20677 0.069826 0.171689 0.103393 0.0922896 0.036293 0.00758052 0.000949941 4.6751e-05 7.65561e-07 3.58443e-09 3.45309e-12 5.67387e-16 1.49326e-20 6.05593e-26
 1.55363e-41 2.15633e-33 3.61769e-26 7.33661e-20 1.79848e-14 5.32924e-10 1.90885e-06 0.000826464 0.0432538 0.273648 0.211775 0.0832491 0.19727 0.0984477 0.0614417 0.0241081 0.00543114 0.000526124 2.13346e-05 2.89685e-07 9.70017e-10 6.87562e-13 8.72443e-17 1.71752e-21 4.87741e-27
 1.15432e-41 1.60212e-33 2.68788e-26 5.45097e-20 1.33624e-14 3.95953e-10 1.41824e-06 0.000614049 0.0321369 0.203327 0.159332 0.103905 0.253834 0.129071 0.0869238 0.0262409 0.0042194 0.000381441 1.3022e-05 1.34293e-07 3.47142e-10 1.78974e-13 1.59922e-17 2.27401e-22 4.77333e-28
 1.72501e-41 2.39421e-33 4.01678e-26 8.14594e-20 1.99688e-14 5.91712e-10 2.11942e-06 0.000917635 0.0480254 0.303836 0.234855 0.0748654 0.14047 0.0902361 0.0800786 0.0231041 0.00338802 0.000216139 5.58e-06 4.6342e-08 8.94233e-11 3.37853e-14 2.19316e-18 2.20912e-23 3.24468e-29
 1.39794e-41 1.94024e-33 3.25516e-26 6.6014e-20 1.61826e-14 4.79519e-10 1.71756e-06 0.000743644 0.0389194 0.246247 0.19341 0.11643 0.234194 0.0986772 0.051336 0.0169113 0.0029567 0.000169646 3.26521e-06 1.88675e-08 2.69074e-11 7.50331e-15 3.50502e-19 2.52282e-24 2.6401e-30
 1.18661e-41 1.64694e-33 2.76308e-26 5.60347e-20 1.37362e-14 4.0703e-10 1.45791e-06 0.000631227 0.0330359 0.209035 0.165734 0.118794 0.228843 0.131825 0.0909596 0.0188668 0.00214317 0.000129031 2.37988e-06 1.05474e-08 1.03424e-11 1.99529e-15 6.64632e-20 3.4274e-25 2.54974e-31
 9.42748e-42 1.30847e-33 2.19523e-26 4.45189e-20 1.09133e-14 3.23381e-10 1.1583e-06 0.000501502 0.0262467 0.1661 0.134458 0.131417 0.243358 0.155264 0.110815 0.0283444 0.00336422 0.000128056 1.83634e-06 7.35024e-09 5.79251e-12 7.97192e-16 1.80893e-20 6.38595e-26 3.31276e-32
 1.50429e-41 2.08786e-33 3.50282e-26 7.10365e-20 1.74138e-14 5.16001e-10 1.84823e-06 0.000800221 0.0418804 0.264993 0.208118 0.0988133 0.153276 0.120115 0.0867341 0.0223723 0.00278448 0.000110717 1.21531e-06 3.33333e-09 2.05563e-12 2.27659e-16 3.91007e-21 9.81958e-27 3.50466e-33
 1.04952e-41 1.45667e-33 2.44386e-26 4.9561e-20 1.21493e-14 3.60006e-10 1.28948e-06 0.000558302 0.0292194 0.184959 0.15333 0.170573 0.261725 0.117767 0.0622464 0.0173861 0.00214919 8.3803e-05 8.8617e-07 2.01418e-09 8.74237e-13 6.78212e-17 8.67041e-22 1.65959e-27 4.43802e-34
 1.53004e-41 2.1236e-33 3.56278e-26 7.22524e-20 1.77118e-14 5.24834e-10 1.87987e-06 0.000813919 0.0425974 0.26956 0.213789 0.111276 0.153323 0.127003 0.0691594 0.0113524 0.00108292 4.06775e-05 3.98018e-07 8.10343e-10 2.95105e-13 1.73434e-17 1.55773e-22 2.06831e-28 3.93271e-35
 1.08403e-41 1.50456e-33 2.52421e-26 5.11904e-20 1.25487e-14 3.71842e-10 1.33188e-06 0.000576656 0.0301801 0.191111 0.162422 0.190546 0.247447 0.111802 0.052872 0.0120682 0.000950089 2.31703e-05 1.83308e-07 3.22918e-10 9.95094e-14 4.80728e-18 3.40806e-23 3.39537e-29 4.62925e-36
 1.38369e-41 1.92047e-33 3.22199e-26 6.53412e-20 1.60176e-14 4.74632e-10 1.70005e-06 0.000736065 0.0385229 0.243856 0.198476 0.136075 0.172977 0.140457 0.0599642 0.00831367 0.00060678 1.41889e-05 7.892e-08 9.81622e-11 2.36112e-14 9.15837e-19 5.17256e-24 4.04613e-30 4.25567e-37
 1.50508e-41 2.08896e-33 3.50466e-26 7.10738e-20 1.74229e-14 5.16273e-10 1.8492e-06 0.000800642 0.0419028 0.265309 0.218859 0.161288 0.173855 0.091445 0.0390974 0.00703802 0.000397646 6.71262e-06 3.16874e-08 3.01872e-11 5.02461e-15 1.37669e-19 5.77185e-25 3.44004e-31 2.77138e-38
 1.22209e-41 1.69618e-33 2.8457e-26 5.77102e-20 1.4147e-14 4.19201e-10 1.50151e-06 0.000650102 0.0340244 0.215597 0.187733 0.199972 0.211024 0.110298 0.0357763 0.00465648 0.00026259 4.05542e-06 1.39419e-08 9.90395e-12 1.26426e-15 2.52536e-20 7.37734e-26 3.05453e-32 1.74655e-39
 1.47659e-41 2.04941e-33 3.43832e-26 6.97284e-20 1.70931e-14 5.065e-10 1.8142e-06 0.000785486 0.0411099 0.260402 0.218626 0.161888 0.167949 0.111388 0.0340693 0.00363307 0.000145069 1.78529e-06 5.2923e-09 2.9111e-12 2.66999e-16 3.8635e-21 8.29506e-27 2.49527e-33 1.01252e-40
 1.4563e-41 2.02124e-33 3.39105e-26 6.87699e-20 1.68581e-14 4.99537e-10 1.78926e-06 0.000774688 0.0405452 0.257001 0.223157 0.194323 0.1733 0.0837325 0.0243796 0.0026948 8.95455e-05 7.85423e-07 1.66871e-09 7.11041e-13 5.09606e-17 5.49402e-22 8.45212e-28 1.80594e-34 5.24313e-42
 1.28653e-41 1.78561e-33 2.99574e-26 6.07529e-20 1.48929e-14 4.41303e-10 1.58067e-06 0.000684378 0.0358194 0.227293 0.206878 0.214997 0.192606 0.0974671 0.0223179 0.0018794 5.61923e-05 4.24005e-07 6.66413e-10 1.97105e-13 1.00337e-17 7.99022e-23 9.20738e-29 1.45649e-35 3.06539e-43
 1.16285e-41 1.61396e-33 2.70776e-26 5.49127e-20 1.34612e-14 3.9888e-10 1.42872e-06 0.000618589 0.032377 0.205706 0.195319 0.223403 0.204799 0.111714 0.0242539 0.0017694 3.92755e-05 2.28916e-07 2.91702e-10 6.62696e-14 2.41121e-18 1.32985e-23 1.0673e-29 1.19996e-36 1.82737e-44
 1.14538e-41 1.58971e-33 2.66708e-26 5.40878e-20 1.3259e-14 3.92888e-10 1.40726e-06 0.000609296 0.0318905 0.202593 0.191441 0.216621 0.209078 0.119098 0.0266566 0.00197137 4.01571e-05 1.92802e-07 1.94989e-10 3.64441e-14 1.11479e-18 5.08151e-24 3.26591e-30 2.87108e-37 3.38722e-45
 1.38139e-41 1.91728e-33 3.21663e-26 6.52326e-20 1.5991e-14 4.73843e-10 1.69723e-06 0.000734841 0.0384607 0.244042 0.218146 0.191718 0.179022 0.102307 0.0237174 0.00181182 3.76371e-05 1.75902e-07 1.60531e-10 2.56222e-14 6.6199e-19 2.59417e-24 1.46e-30 1.13007e-37 1.16593e-45
#spawning biomass
 14849.2 11735.1 14902.8 19986.4 25282.1 30423.2 37666.9 43370.3 53669.3 74335.1 101910 120362 138818 165434 158934 137699 125526 121637 123638 116034 116943 128201 139011 145136 162982 164374 144542 129506 122684 92116.8 179908 259717 319929 360930 385790 398313 402163 400375 395235 388351 380797 373247 366092 359254 352396 346665 341876 337874 334529 331734 329398 327446 325815 324451 323312 322360 321565 320900 320344 319880 319492 319167 318896 318670 318481 318322 318190 318080 317987 317910 317846 317792 317747 317709 317678 317652 317630 317611 317596 317583 317572 317564 317556 317550 317545 317540 317537 317533 317531 317529 317527 317526 317524 317523 317522 317522 317521 317521 317520 317520 317519 317519 317519 317519 317519 317519 317518 317518 317518 317518 317518 317518 317518 317518 317518 317518 317518 317518 317518 317518 317518 317518 317518 317518 317518 317518 317518 317518 317518 0 0 0 0 0 0 0 0 0 0 0 0 0 0 0 0 0 0 0 0 0 0 0 0 0
