SBPRF35
0.224663
Curr Bio
31762.7
B35
67968.2
F35
0.495592
FOFL
0.250881
OFL
9969.44
Bzero
64189.3
#pred survey bio
 8135.69 7099.94 7893 10046.6 12778.6 15188.3 14284.2 13886.2 21407.3 32707.3 35725.6 40112.7 63512.7 78068.6 66539.3 56265.5 55051.2 60291.6 55779.2 58457.8 55744.4 58882.4 65709.6 67479.2 73286.3 74931 71839.9 74585.8 2.85144e+06 2.02586e+06 1.73577e+06 1.33142e+06 1.0618e+06 913776 837944 799892 780652 770654 765247 762187 760377 759265 758559 758102 757803 757605 757473 757385 757326 757286 757259 757241 757228 757220 757214 757211 757208 757206 757205 757204 757204 757203 757203 757203 757203 757203 757203 757203 757203 757203 757203 757203 757203 757203 757203 757203 757203 757203 757203 757203 757203 757203 757203 757203 757203 757203 757203 757203 757203 757203 757203 757203 757203 757203 757203 757203 757203 757203 757203 757203 757203 757203 757203 757203 757203 757203 757203 757203 757203 757203 757203 757203 757203 757203 757203 757203 757203 757203 757203 757203 757203 757203 757203 757203 757203 757203 757203 757203 0 0 0 0 0 0 0 0 0 0 0 0 0 0 0 0 0 0 0 0 0 0 0 0 0
#obs survey bio
 7066.91 8456.09 7977.34 13358.1 20505.4 13593.3 10427.4 19607.5 34395.9 42772.1 31352.3 33029.2 74503.6 72209.5 52404.2 45897.8 86824.3 55182.3 69230.6 53722.6 48557.5 51448.5 56787.1 88905.1 114079 89496.4 86518.2 71679.3
#pred catch bio
 4690.68 3792.11 3756.87 4925.57 6232.65 8471.7 8699.44 7610.94 8369.82 16792.8 23352 18630.7 31732.8 49117.5 42859.2 35857.2 30420.7 39016.8 32579.5 37653.1 34918.3 33807.1 41684.2 40288.5 42651.8 45639.9 42558.6 40871.2 9969.44 26616 23909.9 17416.5 13153.9 10948.5 9903.74 9431.77 9224.82 9135.83 9098.07 9082.19 9075.55 9072.79 9071.64 9071.16 9070.97 9070.89 9070.85 9070.84 9070.83 9070.83 9070.83 9070.83 9070.83 9070.83 9070.83 9070.83 9070.83 9070.83 9070.83 9070.83 9070.83 9070.83 9070.83 9070.83 9070.83 9070.83 9070.83 9070.83 9070.83 9070.83 9070.83 9070.83 9070.83 9070.83 9070.83 9070.83 9070.83 9070.83 9070.83 9070.83 9070.83 9070.83 9070.83 9070.83 9070.83 9070.83 9070.83 9070.83 9070.83 9070.83 9070.83 9070.83 9070.83 9070.83 9070.83 9070.83 9070.83 9070.83 9070.83 9070.83 9070.83 9070.83 9070.83 9070.83 9070.83 9070.83 9070.83 9070.83 9070.83 9070.83 9070.83 9070.83 9070.83 9070.83 9070.83 9070.83 9070.83 9070.83 9070.83 9070.83 9070.83 9070.83 9070.83 9070.83 9070.83 9070.83 9070.83 9070.83 0 0 0 0 0 0 0 0 0 0 0 0 0 0 0 0 0 0 0 0 0 0 0 0 0
#obs catch bio
 3541.76 3786.38 3724.17 4829.99 6061.32 8467.1 8825.02 7766.74 8048.65 16034.7 24344 18281.5 30861.2 49685.1 42735.5 36747.4 29718.4 39448.9 32261.3 38059.2 35751.2 33486.6 42789.5 40429.3 41893.6 45384 42418.8 41185
#pred cpue bio
 5845.57 4630.5 4956.96 6290.15 7908.71 9793.59 9630.15 8539.6 11526.1 20615.8 23443.1 22078 37016.8 49680.4 43748.2 35999 33271.3 38377.2 34338.2 36659.5 34095.6 35196.7 40650 40395.9 44875.4 47796.8 45391.6 46202.3 1.81349e+06 1.6581e+06 1.57185e+06 1.18872e+06 918294 769769 693832 655762 636519 626520 621113 618053 616243 615131 614426 613968 613669 613471 613339 613251 613192 613152 613125 613107 613095 613086 613081 613077 613074 613073 613071 613071 613070 613070 613069 613069 613069 613069 613069 613069 613069 613069 613069 613069 613069 613069 613069 613069 613069 613069 613069 613069 613069 613069 613069 613069 613069 613069 613069 613069 613069 613069 613069 613069 613069 613069 613069 613069 613069 613069 613069 613069 613069 613069 613069 613069 613069 613069 613069 613069 613069 613069 613069 613069 613069 613069 613069 613069 613069 613069 613069 613069 613069 613069 613069 613069 613069 613069 613069 613069 0 0 0 0 0 0 0 0 0 0 0 0 0 0 0 0 0 0 0 0 0 0 0 0 0
#obs cpue bio
 4775.28 4560.57 4975.82 8481.14 7480.71 6945.48 10366.5 6043.35 22109.1 20979.9 11963.1 41164.2 45013 36220.2 57512.7 32639.3 34530.4 31051.1 35521.5 26990.7 29193.6 45931.2 28836.2 34918.7 41295.3 41769.5 40324.3 48006.9
#pred surv len freq
 2.14268e-27 2.16583e-27 5.8461e-27 1.25909e-21 7.4883e-17 1.02389e-12 3.21862e-09 2.3261e-06 0.000386478 0.0147632 0.129651 0.261771 0.122085 0.0283673 0.094374 0.132768 0.0537875 0.0425389 0.0370286 0.0229231 0.0177461 0.0137843 0.0126893 0.0109014 0.00443189
 2.14265e-27 2.16674e-27 5.98743e-27 1.30709e-21 7.77379e-17 1.06293e-12 3.34133e-09 2.41479e-06 0.000401213 0.0153261 0.134594 0.271752 0.126818 0.03153 0.110679 0.155535 0.0595187 0.037067 0.0290574 0.0119121 0.0064989 0.00378881 0.00270896 0.00201635 0.000793949
 2.14355e-27 2.16918e-27 6.25995e-27 1.39958e-21 8.32385e-17 1.13814e-12 3.57775e-09 2.58565e-06 0.000429602 0.0164105 0.144118 0.29098 0.135677 0.0307315 0.100011 0.14056 0.0552038 0.038512 0.0299918 0.0104665 0.00422431 0.00150571 0.000668417 0.000374242 0.000134075
 2.14348e-27 2.16902e-27 6.2431e-27 1.39386e-21 8.28983e-17 1.13349e-12 3.56313e-09 2.57508e-06 0.000427847 0.0163434 0.143529 0.28979 0.135139 0.0310279 0.102178 0.143566 0.0555905 0.0365318 0.0286322 0.0109581 0.00457788 0.00127187 0.00031147 9.53018e-05 2.68649e-05
 2.1438e-27 2.1698e-27 6.32543e-27 1.42178e-21 8.45589e-17 1.15619e-12 3.63451e-09 2.62667e-06 0.000436417 0.0166708 0.146404 0.295595 0.137817 0.0308728 0.0994817 0.139753 0.0540935 0.0354719 0.0276066 0.0101105 0.00416944 0.0012182 0.00025137 3.90159e-05 6.08327e-06
 2.14226e-27 2.16603e-27 5.92707e-27 1.28666e-21 7.65223e-17 1.04631e-12 3.28908e-09 2.37703e-06 0.000394939 0.0150864 0.13249 0.267503 0.124876 0.0321168 0.115543 0.162413 0.0623627 0.039429 0.0305351 0.0111437 0.0045244 0.00128222 0.000261988 3.33979e-05 2.70035e-06
 2.14075e-27 2.16238e-27 5.5491e-27 1.15849e-21 6.88996e-17 9.42079e-13 2.96144e-09 2.14024e-06 0.000355598 0.0135836 0.119292 0.240857 0.112573 0.032556 0.126255 0.177666 0.0698496 0.0489346 0.0380993 0.0131838 0.00507041 0.00140681 0.000279079 3.39454e-05 2.18145e-06
 2.14437e-27 2.17125e-27 6.48482e-27 1.47588e-21 8.77764e-17 1.20019e-12 3.7728e-09 2.72661e-06 0.000453023 0.0173052 0.151975 0.306842 0.142974 0.0297602 0.0892999 0.125501 0.050425 0.0384552 0.0303906 0.0109408 0.00430247 0.00113314 0.000212539 2.49322e-05 1.5031e-06
 2.14707e-27 2.17773e-27 7.14975e-27 1.70134e-21 1.01185e-16 1.38353e-12 4.34913e-09 3.14313e-06 0.000522226 0.0199487 0.17519 0.353713 0.164632 0.0294373 0.0732019 0.10248 0.0378228 0.0194322 0.014722 0.00568798 0.00240827 0.000659802 0.000123422 1.37457e-05 7.8854e-07
 2.14221e-27 2.16577e-27 5.88182e-27 1.27122e-21 7.56044e-17 1.03376e-12 3.24962e-09 2.34851e-06 0.000390202 0.0149054 0.1309 0.264295 0.123453 0.0337394 0.126416 0.177513 0.0646648 0.0305692 0.0222906 0.00724412 0.00266128 0.000778901 0.000157918 1.80072e-05 1.00504e-06
 2.14212e-27 2.16577e-27 5.91093e-27 1.28124e-21 7.62003e-17 1.0419e-12 3.27524e-09 2.36702e-06 0.000393277 0.0150229 0.131932 0.266377 0.124314 0.0310258 0.109223 0.153743 0.0626097 0.0500259 0.0388414 0.0116836 0.00370352 0.000910938 0.000169775 2.04662e-05 1.19377e-06
 2.1467e-27 2.17686e-27 7.06064e-27 1.67113e-21 9.93883e-17 1.35896e-12 4.2719e-09 3.08732e-06 0.000512953 0.0195945 0.17208 0.347433 0.161727 0.0294203 0.0749912 0.105061 0.0395274 0.0226062 0.0173413 0.00648471 0.00254414 0.000576421 8.80187e-05 9.20052e-06 5.28777e-07
 2.14469e-27 2.17185e-27 6.52192e-27 1.48834e-21 8.85174e-17 1.21032e-12 3.80465e-09 2.74963e-06 0.000456847 0.0174513 0.153258 0.309433 0.144253 0.0319181 0.101692 0.142598 0.0514518 0.0227971 0.016475 0.00548979 0.00204831 0.000565369 9.94303e-05 9.29282e-06 4.54455e-07
 2.14233e-27 2.16615e-27 5.93121e-27 1.28802e-21 7.66036e-17 1.04742e-12 3.29257e-09 2.37955e-06 0.000395359 0.0151024 0.13263 0.267787 0.125028 0.0326784 0.118886 0.167072 0.0633541 0.0376402 0.0280969 0.0081346 0.00245874 0.000609917 0.000111047 1.19986e-05 5.9331e-07
 2.14129e-27 2.16364e-27 5.67164e-27 1.2e-21 7.13686e-17 9.75838e-13 3.06756e-09 2.21693e-06 0.00036834 0.0140704 0.123567 0.249488 0.116581 0.0330368 0.12659 0.178009 0.0682631 0.0428512 0.0325779 0.0103391 0.00340607 0.000731346 0.00010794 1.104e-05 5.88033e-07
 2.14266e-27 2.16703e-27 6.03438e-27 1.32307e-21 7.86878e-17 1.07592e-12 3.38216e-09 2.44429e-06 0.000406116 0.0155133 0.136239 0.275072 0.128353 0.0315204 0.109621 0.15413 0.0603551 0.041572 0.0320833 0.0104932 0.00365289 0.000848153 0.000126055 1.09844e-05 5.16617e-07
 2.14412e-27 2.17052e-27 6.39182e-27 1.44426e-21 8.58958e-17 1.17447e-12 3.69197e-09 2.66819e-06 0.000443316 0.0169344 0.148719 0.300268 0.139997 0.0314052 0.101324 0.142237 0.0534769 0.0304452 0.0230598 0.0079234 0.00293069 0.000709801 0.000112838 1.02303e-05 4.47772e-07
 2.14229e-27 2.16603e-27 5.91767e-27 1.28343e-21 7.63303e-17 1.04368e-12 3.28082e-09 2.37106e-06 0.000393948 0.0150485 0.132157 0.266832 0.124593 0.0328483 0.120211 0.168901 0.0634492 0.0359454 0.0269771 0.00868504 0.0030378 0.00077335 0.000132296 1.27688e-05 5.86489e-07
 2.14361e-27 2.16929e-27 6.26501e-27 1.40126e-21 8.33382e-17 1.1395e-12 3.58204e-09 2.58875e-06 0.000430117 0.0164302 0.144291 0.291328 0.135869 0.0315474 0.104886 0.147327 0.0562115 0.0344366 0.0259826 0.00796424 0.00257322 0.000608712 0.000100816 1.02432e-05 5.02336e-07
 2.14285e-27 2.16741e-27 6.06416e-27 1.33312e-21 7.92856e-17 1.08409e-12 3.40785e-09 2.46286e-06 0.000409201 0.0156312 0.137274 0.277162 0.129351 0.0323879 0.114287 0.160541 0.0603657 0.0343774 0.0259032 0.00853636 0.00297811 0.000679142 0.000103744 9.97847e-06 4.94015e-07
 2.14365e-27 2.16936e-27 6.26854e-27 1.40244e-21 8.34084e-17 1.14046e-12 3.58505e-09 2.59093e-06 0.000430479 0.016444 0.144412 0.291574 0.135994 0.0318506 0.106664 0.149777 0.056334 0.0321102 0.0239852 0.00735854 0.00239339 0.00057165 9.04503e-05 8.26991e-06 3.83851e-07
 2.14422e-27 2.17072e-27 6.40905e-27 1.45008e-21 8.62421e-17 1.17921e-12 3.70685e-09 2.67895e-06 0.000445104 0.0170027 0.149318 0.301479 0.140569 0.0317241 0.102906 0.144419 0.0536055 0.0284175 0.0210079 0.00647325 0.00208344 0.000468662 7.14785e-05 6.71156e-06 3.09087e-07
 2.14316e-27 2.16816e-27 6.1396e-27 1.35869e-21 8.08065e-17 1.10488e-12 3.47322e-09 2.51011e-06 0.00041705 0.015931 0.139907 0.282479 0.13181 0.0324069 0.112801 0.15841 0.0591396 0.0323846 0.0240333 0.00733226 0.00233452 0.000526049 7.83893e-05 7.04556e-06 3.21547e-07
 2.14428e-27 2.1709e-27 6.43025e-27 1.45729e-21 8.66704e-17 1.18506e-12 3.72526e-09 2.69226e-06 0.000447315 0.0170871 0.15006 0.302976 0.141251 0.0314498 0.10078 0.14146 0.0530766 0.0298626 0.0222217 0.00669754 0.00209029 0.000462954 6.78715e-05 6.00454e-06 2.65485e-07
 2.14338e-27 2.16866e-27 6.18999e-27 1.37577e-21 8.18223e-17 1.11877e-12 3.51688e-09 2.54166e-06 0.000422293 0.0161313 0.141666 0.28603 0.133455 0.032497 0.112281 0.157629 0.0582165 0.0299744 0.0220722 0.00684512 0.00221359 0.000487998 7.02713e-05 6.10512e-06 2.65253e-07
 2.14234e-27 2.16618e-27 5.93648e-27 1.28982e-21 7.67104e-17 1.04888e-12 3.29716e-09 2.38287e-06 0.00039591 0.0151235 0.132815 0.26816 0.125194 0.0325085 0.117737 0.165473 0.0630703 0.0384422 0.0289267 0.00870873 0.00272706 0.000615842 9.12379e-05 7.88912e-06 3.3693e-07
 2.14292e-27 2.16763e-27 6.09389e-27 1.34323e-21 7.98873e-17 1.09232e-12 3.43371e-09 2.48155e-06 0.000412306 0.0157498 0.138316 0.279265 0.130298 0.0317002 0.109455 0.153832 0.0593781 0.0384196 0.029421 0.00960198 0.00329728 0.000734441 0.000106962 9.42529e-06 4.07318e-07
 2.14347e-27 2.16897e-27 6.23188e-27 1.39003e-21 8.26702e-17 1.13037e-12 3.55333e-09 2.568e-06 0.000426669 0.0162985 0.143134 0.288993 0.134791 0.0315806 0.105793 0.148601 0.0565909 0.0343825 0.026252 0.00894473 0.00328192 0.000793109 0.000123678 1.08953e-05 4.71062e-07
#obs surv len freq
 8.6609e-40 4.23891e-33 4.76969e-27 1.23387e-21 7.33831e-17 1.00338e-12 3.15414e-09 2.2795e-06 0.000378743 0.0144675 0.127053 0.256528 0.119804 0.0321673 0.119158 0.167578 0.0650994 0.0433902 0.0339844 0.0128368 0.0054737 0.00166014 0.00036522 4.9182e-05 3.39846e-06
 1.037e-39 5.07542e-33 5.71094e-27 1.47737e-21 8.78645e-17 1.20139e-12 3.77658e-09 2.72934e-06 0.000453484 0.0173225 0.152126 0.307149 0.143148 0.0305969 0.0943154 0.132425 0.0508886 0.0322945 0.0250201 0.00913561 0.00374969 0.00110282 0.000236164 3.10261e-05 2.07212e-06
 9.72096e-40 4.75773e-33 5.35348e-27 1.38489e-21 8.23649e-17 1.12619e-12 3.54019e-09 2.5585e-06 0.000425099 0.0162382 0.142604 0.287925 0.134345 0.0328395 0.1138 0.159679 0.0576713 0.0257398 0.0187443 0.00654746 0.00255293 0.000719241 0.000147247 1.86928e-05 1.2134e-06
 1.052e-39 5.14883e-33 5.79354e-27 1.49874e-21 8.91354e-17 1.21877e-12 3.8312e-09 2.76882e-06 0.000460043 0.017573 0.154326 0.311591 0.145231 0.0313776 0.0977428 0.137122 0.05078 0.0265507 0.0194265 0.00558528 0.0016938 0.000440367 8.47717e-05 1.02253e-05 6.37477e-07
 9.85194e-40 4.82184e-33 5.42561e-27 1.40355e-21 8.34747e-17 1.14136e-12 3.58789e-09 2.59298e-06 0.000430827 0.016457 0.144526 0.291804 0.136139 0.0328789 0.112871 0.158348 0.0569285 0.0245661 0.0175039 0.00539172 0.00171746 0.000371082 5.69051e-05 6.19799e-06 3.63985e-07
 8.13423e-40 3.98114e-33 4.47965e-27 1.15884e-21 6.89207e-17 9.42366e-13 2.96233e-09 2.14089e-06 0.000355711 0.0135877 0.119327 0.24093 0.112691 0.034778 0.139798 0.196417 0.071942 0.0351835 0.0253856 0.00709511 0.0019934 0.000442379 6.5083e-05 5.79583e-06 2.87782e-07
 7.92981e-40 3.88109e-33 4.36707e-27 1.12972e-21 6.71887e-17 9.18684e-13 2.88789e-09 2.08708e-06 0.000346772 0.0132462 0.116328 0.234875 0.109847 0.0335868 0.134351 0.188993 0.0727586 0.0464807 0.0351017 0.0103123 0.00305376 0.000625335 8.39288e-05 7.21277e-06 3.16294e-07
 1.3268e-39 6.49375e-33 7.30687e-27 1.89022e-21 1.12418e-16 1.53712e-12 4.83194e-09 3.49206e-06 0.00058021 0.0221633 0.194638 0.392978 0.182711 0.0274528 0.0492535 0.0687524 0.0263288 0.0164308 0.0125784 0.00424576 0.00150649 0.000328987 4.46641e-05 3.5622e-06 1.45079e-07
 1.10644e-39 5.41524e-33 6.09331e-27 1.57628e-21 9.37473e-17 1.28183e-12 4.02943e-09 2.91208e-06 0.000483846 0.0184823 0.162311 0.327713 0.152732 0.0326327 0.100545 0.140712 0.0471333 0.00950324 0.00524548 0.00171236 0.000611484 0.000152176 2.41691e-05 2.04151e-06 8.11562e-08
 6.37027e-40 3.1178e-33 3.5082e-27 9.07539e-22 5.39747e-17 7.38007e-13 2.31993e-09 1.67662e-06 0.000278573 0.0106411 0.0934503 0.188686 0.0886853 0.0387219 0.17962 0.252333 0.0887842 0.0321792 0.021276 0.00454229 0.000647393 0.000128588 2.13572e-05 2.06292e-06 9.11833e-08
 1.2302e-39 6.02096e-33 6.77488e-27 1.7526e-21 1.04234e-16 1.42521e-12 4.48014e-09 3.23781e-06 0.000537967 0.0205496 0.180467 0.364367 0.169499 0.0278693 0.0604199 0.084692 0.0347205 0.0283507 0.021674 0.00547659 0.00118401 0.000174138 1.36611e-05 1.01487e-06 4.76985e-08
 1.18127e-39 5.78152e-33 6.50545e-27 1.6829e-21 1.00088e-16 1.36853e-12 4.30198e-09 3.10905e-06 0.000516573 0.0197324 0.17329 0.349879 0.162927 0.0312542 0.0854495 0.119481 0.0402725 0.00897426 0.0053197 0.00198875 0.000756151 0.000141334 1.35415e-05 7.02368e-07 1.93945e-08
 8.80394e-40 4.30892e-33 4.84846e-27 1.25425e-21 7.4595e-17 1.01995e-12 3.20623e-09 2.31715e-06 0.000384997 0.0147064 0.129152 0.260766 0.121895 0.0356976 0.139433 0.195585 0.0673282 0.0196441 0.012217 0.00265591 0.00042181 9.50279e-05 1.48549e-05 1.01342e-06 2.79784e-08
 9.19233e-40 4.49901e-33 5.06235e-27 1.30958e-21 7.78858e-17 1.06495e-12 3.34767e-09 2.41937e-06 0.000401982 0.0153552 0.134849 0.272268 0.127121 0.0332479 0.121013 0.169959 0.0629073 0.0327515 0.0234839 0.00549356 0.000989898 0.000142585 1.24297e-05 9.72704e-07 3.81193e-08
 7.37394e-40 3.60903e-33 4.06094e-27 1.05053e-21 6.24788e-17 8.54284e-13 2.68545e-09 1.94078e-06 0.000322463 0.0123177 0.108174 0.218412 0.102333 0.0361893 0.1552 0.21807 0.0788022 0.0352543 0.0251476 0.00732692 0.00207177 0.000345807 2.89173e-05 1.4671e-06 4.32961e-08
 1.12069e-39 5.48502e-33 6.17183e-27 1.59659e-21 9.49554e-17 1.29834e-12 4.08136e-09 2.9496e-06 0.000490081 0.0187205 0.164403 0.331936 0.15458 0.0298636 0.0823687 0.11555 0.0445041 0.0284758 0.0213449 0.00584246 0.0015599 0.000318113 3.84158e-05 2.26736e-06 5.69585e-08
 8.71587e-40 4.26581e-33 4.79996e-27 1.2417e-21 7.38488e-17 1.00975e-12 3.17416e-09 2.29397e-06 0.000381146 0.0145593 0.12786 0.258157 0.120688 0.0356674 0.140035 0.196436 0.0676376 0.0198312 0.0128625 0.00416683 0.00139619 0.000282019 3.4883e-05 2.57166e-06 8.38547e-08
 9.55584e-40 4.67692e-33 5.26255e-27 1.36137e-21 8.09658e-17 1.10706e-12 3.48006e-09 2.51504e-06 0.000417878 0.0159624 0.140182 0.283034 0.132082 0.0327908 0.114977 0.161436 0.0596862 0.0308722 0.0221112 0.00518539 0.00101188 0.000215098 3.14941e-05 2.43199e-06 8.78481e-08
 1.00843e-39 4.93558e-33 5.5536e-27 1.43666e-21 8.54437e-17 1.16829e-12 3.67253e-09 2.65414e-06 0.000440989 0.0168452 0.147935 0.298687 0.139313 0.032654 0.109424 0.153476 0.0550425 0.023322 0.016455 0.00479129 0.00135522 0.000230816 2.30223e-05 1.78718e-06 7.17975e-08
 8.64338e-40 4.23033e-33 4.76004e-27 1.23138e-21 7.32346e-17 1.00135e-12 3.14775e-09 2.27489e-06 0.000377976 0.0144382 0.126796 0.25601 0.119672 0.0350273 0.136774 0.191987 0.0680805 0.0263994 0.0180949 0.00482451 0.00123381 0.00024963 3.04362e-05 1.94209e-06 6.33443e-08
 1.11519e-39 5.4581e-33 6.14154e-27 1.58876e-21 9.44894e-17 1.29197e-12 4.06133e-09 2.93513e-06 0.000487676 0.0186286 0.163596 0.330307 0.153858 0.0306837 0.087866 0.123173 0.0454952 0.0234104 0.0169011 0.00435472 0.00102185 0.000189807 2.26068e-05 1.65836e-06 5.62409e-08
 8.91549e-40 4.36351e-33 4.9099e-27 1.27014e-21 7.55402e-17 1.03288e-12 3.24685e-09 2.34651e-06 0.000389876 0.0148928 0.130788 0.264069 0.123409 0.0353319 0.136205 0.191054 0.0659794 0.0199685 0.0129089 0.00372232 0.00105935 0.000195983 2.13459e-05 1.46618e-06 5.13753e-08
 1.00385e-39 4.91316e-33 5.52836e-27 1.43014e-21 8.50555e-17 1.16298e-12 3.65584e-09 2.64208e-06 0.000438986 0.0167687 0.147263 0.29733 0.138673 0.0323049 0.107702 0.151141 0.0554973 0.0275418 0.0196055 0.00463449 0.000902618 0.000171602 2.14769e-05 1.47112e-06 4.8101e-08
 1.03652e-39 5.07303e-33 5.70826e-27 1.47667e-21 8.78232e-17 1.20082e-12 3.7748e-09 2.72806e-06 0.00045327 0.0173143 0.152055 0.307005 0.143155 0.0325693 0.1064 0.149159 0.0527755 0.0200991 0.0138139 0.00392505 0.00107269 0.00018192 1.73995e-05 1.18467e-06 4.14378e-08
 8.72736e-40 4.27144e-33 4.80629e-27 1.24334e-21 7.39462e-17 1.01108e-12 3.17834e-09 2.29699e-06 0.000381649 0.0145785 0.128028 0.258497 0.120822 0.0350385 0.136093 0.191007 0.0674648 0.0253028 0.0171396 0.00438659 0.00103119 0.000200848 2.37845e-05 1.47815e-06 4.4484e-08
 9.26362e-40 4.5339e-33 5.10162e-27 1.31974e-21 7.84899e-17 1.07321e-12 3.37364e-09 2.43814e-06 0.0004051 0.0154743 0.135895 0.27438 0.128097 0.0332188 0.120198 0.168788 0.062169 0.0314544 0.0226155 0.00574631 0.00129999 0.000229967 2.53684e-05 1.77467e-06 5.83235e-08
 9.68979e-40 4.74248e-33 5.33631e-27 1.38045e-21 8.21008e-17 1.12258e-12 3.52884e-09 2.5503e-06 0.000423736 0.0161862 0.142147 0.287002 0.133926 0.0330571 0.115407 0.16194 0.058447 0.0259224 0.0184332 0.00530641 0.00149713 0.000272425 2.84424e-05 1.8343e-06 6.02445e-08
 1.12911e-39 5.52619e-33 6.21816e-27 1.60858e-21 9.56682e-17 1.30809e-12 4.11199e-09 2.97175e-06 0.00049376 0.018861 0.165637 0.334428 0.155776 0.031039 0.0887926 0.124376 0.0445017 0.0185204 0.0129196 0.00351265 0.00092744 0.000187672 2.32824e-05 1.55258e-06 4.82984e-08
#pred catch len freq
 2.13865e-27 2.15551e-27 4.74227e-27 8.84674e-22 5.26149e-17 7.19415e-13 2.26149e-09 1.63439e-06 0.000271551 0.0103731 0.0910967 0.183931 0.0861264 0.0291215 0.122436 0.172615 0.071471 0.0608494 0.0533481 0.0330176 0.0255113 0.0197547 0.0181527 0.0155862 0.00633584
 2.13836e-27 2.15619e-27 4.87942e-27 9.31293e-22 5.53875e-17 7.57326e-13 2.38066e-09 1.72051e-06 0.000285861 0.0109197 0.0958972 0.193624 0.0907793 0.0336911 0.147419 0.207547 0.080853 0.0545814 0.043229 0.0177313 0.00966291 0.00561627 0.00400732 0.00298067 0.0011735
 2.13894e-27 2.15796e-27 5.0894e-27 1.00259e-21 5.96281e-17 8.15307e-13 2.56293e-09 1.85224e-06 0.000307746 0.0117557 0.103239 0.208447 0.0976036 0.0329281 0.138295 0.194818 0.078326 0.0598538 0.0470954 0.0164667 0.00665248 0.00236559 0.00104748 0.000585899 0.000209862
 2.13895e-27 2.158e-27 5.09451e-27 1.00432e-21 5.97307e-17 8.1671e-13 2.56734e-09 1.85542e-06 0.000308276 0.0117759 0.103417 0.208806 0.0977846 0.0333314 0.140649 0.198051 0.0783104 0.0561982 0.0445176 0.0170651 0.00713342 0.00197799 0.000483143 0.000147601 4.15913e-05
 2.13929e-27 2.15884e-27 5.18184e-27 1.03394e-21 6.14922e-17 8.40796e-13 2.64305e-09 1.91014e-06 0.000317367 0.0121232 0.106467 0.214964 0.100627 0.0332109 0.138057 0.194383 0.0768205 0.0549914 0.0432544 0.015865 0.00654598 0.00190885 0.000393071 6.09195e-05 9.49097e-06
 2.13806e-27 2.15581e-27 4.85886e-27 9.24366e-22 5.49755e-17 7.51692e-13 2.36295e-09 1.70771e-06 0.000283734 0.0108384 0.0951838 0.192184 0.0901406 0.0344123 0.152257 0.214385 0.0836954 0.0569661 0.0445222 0.0162452 0.00658902 0.00186297 0.000379768 4.83496e-05 3.90615e-06
 2.1368e-27 2.15278e-27 4.54902e-27 8.19314e-22 4.87277e-17 6.66264e-13 2.09441e-09 1.51364e-06 0.000251488 0.00960668 0.0843664 0.170344 0.0800471 0.0345071 0.159419 0.224657 0.0897622 0.0670127 0.0525378 0.0181579 0.00696901 0.00192862 0.000381656 4.636e-05 2.9771e-06
 2.14022e-27 2.16118e-27 5.43707e-27 1.12055e-21 6.66436e-17 9.11232e-13 2.86447e-09 2.07016e-06 0.000343954 0.0131388 0.115386 0.23297 0.108894 0.0316718 0.123235 0.17361 0.0711316 0.0581164 0.046247 0.01664 0.00653553 0.00171732 0.00032132 3.7642e-05 2.26773e-06
 2.14281e-27 2.16733e-27 6.05853e-27 1.33122e-21 7.91728e-17 1.08255e-12 3.403e-09 2.45936e-06 0.000408619 0.015609 0.137079 0.276768 0.129163 0.0322156 0.113354 0.159226 0.059861 0.0341073 0.0262714 0.0101853 0.00432114 0.00118212 0.000220713 2.45521e-05 1.40747e-06
 2.1379e-27 2.15523e-27 4.77402e-27 8.95471e-22 5.32571e-17 7.28195e-13 2.28909e-09 1.65433e-06 0.000274865 0.0104997 0.0922085 0.186178 0.0874507 0.0367303 0.168219 0.236573 0.0873664 0.044977 0.0332872 0.0108294 0.00397912 0.00116221 0.000235159 2.67834e-05 1.49384e-06
 2.13843e-27 2.1568e-27 4.97683e-27 9.64448e-22 5.73594e-17 7.84287e-13 2.46542e-09 1.78176e-06 0.000296037 0.0113084 0.0993112 0.200517 0.0939314 0.0327755 0.139755 0.197034 0.0813641 0.068123 0.0531192 0.0159392 0.0050319 0.00123394 0.000229294 2.76012e-05 1.60885e-06
 2.14269e-27 2.16707e-27 6.0355e-27 1.32343e-21 7.87094e-17 1.07621e-12 3.38308e-09 2.44496e-06 0.000406227 0.0155176 0.136276 0.275148 0.128402 0.0319062 0.111953 0.157326 0.0602046 0.0374733 0.0290897 0.0108899 0.00427386 0.000966747 0.000147261 1.53701e-05 8.82673e-07
 2.14052e-27 2.16164e-27 5.4466e-27 1.1236e-21 6.68245e-17 9.13707e-13 2.87225e-09 2.07578e-06 0.000344888 0.0131745 0.115699 0.233604 0.109312 0.0350123 0.143436 0.201538 0.0736016 0.0353732 0.0259569 0.00865547 0.00322867 0.00088936 0.000156102 1.45715e-05 7.11985e-07
 2.1386e-27 2.15704e-27 4.97625e-27 9.64124e-22 5.73401e-17 7.84024e-13 2.46459e-09 1.78117e-06 0.000295938 0.0113046 0.0992779 0.20045 0.093986 0.0350519 0.153671 0.216265 0.0829233 0.0519857 0.03908 0.0112936 0.00340132 0.000841275 0.000152749 1.64822e-05 8.14449e-07
 2.1376e-27 2.15464e-27 4.72962e-27 8.80499e-22 5.23666e-17 7.1602e-13 2.25082e-09 1.62667e-06 0.000270269 0.0103241 0.0906668 0.183065 0.0859551 0.0352291 0.159993 0.225272 0.0873957 0.0578252 0.0442447 0.014011 0.00460074 0.000985464 0.000145003 1.48057e-05 7.87982e-07
 2.13894e-27 2.15798e-27 5.08871e-27 1.00234e-21 5.96128e-17 8.15099e-13 2.56227e-09 1.85176e-06 0.000307668 0.0117527 0.103213 0.208394 0.0976032 0.0335731 0.142249 0.200324 0.0794254 0.0575333 0.0446448 0.0145654 0.00505285 0.00117017 0.000173447 1.50907e-05 7.09058e-07
 2.14008e-27 2.16067e-27 5.35973e-27 1.0942e-21 6.50765e-17 8.89805e-13 2.79711e-09 2.02148e-06 0.000335866 0.0128299 0.112672 0.227493 0.106447 0.0339551 0.138824 0.195262 0.0744288 0.0454245 0.0347403 0.0119292 0.00440619 0.00106485 0.000168872 1.52899e-05 6.6868e-07
 2.13867e-27 2.15721e-27 4.99169e-27 9.69353e-22 5.76511e-17 7.88276e-13 2.47795e-09 1.79083e-06 0.000297543 0.0113659 0.0998163 0.201537 0.094495 0.0352218 0.15438 0.217202 0.0823733 0.0490051 0.0370245 0.0118883 0.00414188 0.00105137 0.000179381 1.72891e-05 7.93477e-07
 2.13969e-27 2.15973e-27 5.26303e-27 1.06142e-21 6.31265e-17 8.63142e-13 2.7133e-09 1.96091e-06 0.000325802 0.0124454 0.109296 0.220677 0.103296 0.0339463 0.140825 0.198166 0.0766301 0.0499627 0.0379979 0.0116332 0.00374994 0.000884917 0.00014617 1.48302e-05 7.26744e-07
 2.13925e-27 2.15863e-27 5.14218e-27 1.0204e-21 6.0687e-17 8.29787e-13 2.60845e-09 1.88513e-06 0.000313212 0.0119645 0.105073 0.21215 0.0993837 0.0347535 0.148323 0.208653 0.0791965 0.0473199 0.035887 0.0117936 0.00409893 0.000932263 0.000141994 1.36357e-05 6.74504e-07
 2.14002e-27 2.1605e-27 5.33793e-27 1.08679e-21 6.46357e-17 8.83778e-13 2.77817e-09 2.00779e-06 0.000333591 0.012743 0.111909 0.225953 0.105747 0.0342619 0.141162 0.198542 0.0754165 0.0452077 0.0340014 0.0104072 0.00337206 0.000803161 0.00012674 1.15708e-05 5.36586e-07
 2.14036e-27 2.16129e-27 5.41739e-27 1.11372e-21 6.62375e-17 9.05679e-13 2.84701e-09 2.05754e-06 0.000341858 0.0130587 0.114683 0.231552 0.108339 0.0343746 0.140163 0.197066 0.0739871 0.0417732 0.0311762 0.00959539 0.00308145 0.000691573 0.000105191 9.86246e-06 4.53832e-07
 2.13955e-27 2.15932e-27 5.21087e-27 1.04368e-21 6.20716e-17 8.48719e-13 2.66796e-09 1.92814e-06 0.000320358 0.0122375 0.10747 0.21699 0.101626 0.0348774 0.147621 0.207617 0.0782325 0.0450204 0.0336487 0.0102415 0.00324828 0.000729984 0.000108471 9.73406e-06 4.43853e-07
 2.14056e-27 2.1618e-27 5.47424e-27 1.13302e-21 6.73851e-17 9.21372e-13 2.89634e-09 2.0932e-06 0.000347781 0.013285 0.11667 0.235563 0.110178 0.0339405 0.136304 0.191672 0.0727072 0.0432824 0.0324632 0.00976754 0.00303919 0.000671459 9.81683e-05 8.67162e-06 3.83075e-07
 2.13948e-27 2.15912e-27 5.18724e-27 1.03565e-21 6.1594e-17 8.42188e-13 2.64743e-09 1.9133e-06 0.000317893 0.0121433 0.106643 0.21532 0.100866 0.035206 0.15013 0.211108 0.0788397 0.043255 0.0321691 0.00996538 0.00321576 0.000707368 0.000101591 8.81287e-06 3.82568e-07
 2.13848e-27 2.15676e-27 4.94908e-27 9.54924e-22 5.67929e-17 7.76542e-13 2.44107e-09 1.76417e-06 0.000293114 0.0111968 0.0983305 0.198537 0.093095 0.0348728 0.153155 0.215577 0.0832153 0.0538193 0.0408061 0.0122675 0.00383118 0.000863101 0.000127533 1.10113e-05 4.69862e-07
 2.13896e-27 2.15799e-27 5.08534e-27 1.00117e-21 5.95434e-17 8.1415e-13 2.55929e-09 1.84961e-06 0.00030731 0.011739 0.103093 0.208152 0.0975058 0.0339629 0.144702 0.203719 0.0797664 0.0549203 0.0423703 0.0138101 0.00473231 0.00105177 0.000152768 1.34415e-05 5.80391e-07
 2.13932e-27 2.15884e-27 5.17159e-27 1.03041e-21 6.12824e-17 8.37928e-13 2.63404e-09 1.90363e-06 0.000316285 0.0120819 0.106104 0.214231 0.100319 0.0340338 0.143302 0.20167 0.0780083 0.0509721 0.039288 0.0133828 0.00490541 0.00118301 0.00018405 1.6192e-05 6.99476e-07
#obs catch len freq
 4.06705e-40 1.99054e-33 2.23979e-27 5.79412e-22 3.44598e-17 4.71175e-13 1.48114e-09 1.07043e-06 0.000177853 0.00679375 0.0596627 0.120469 0.0570398 0.0358599 0.182708 0.257607 0.102962 0.0770484 0.0613993 0.023837 0.0104149 0.00319424 0.000718122 0.000100222 7.22094e-06
 4.20258e-40 2.05687e-33 2.31443e-27 5.9872e-22 3.56081e-17 4.86877e-13 1.5305e-09 1.1061e-06 0.000183779 0.00702014 0.0616509 0.124483 0.0589075 0.0361744 0.183418 0.258538 0.102361 0.0738293 0.0583724 0.0220764 0.00941691 0.0028511 0.000625928 8.4149e-05 5.80735e-06
 5.77206e-40 2.82502e-33 3.17876e-27 8.22315e-22 4.89062e-17 6.68703e-13 2.10207e-09 1.51917e-06 0.000252413 0.00964185 0.0846747 0.170968 0.0803587 0.035126 0.163008 0.229588 0.0897241 0.0613406 0.0479688 0.0175278 0.00719375 0.00211179 0.000451239 5.91805e-05 3.94741e-06
 5.23824e-40 2.56376e-33 2.88478e-27 7.46266e-22 4.43832e-17 6.0686e-13 1.90767e-09 1.37868e-06 0.000229069 0.00875014 0.0768438 0.155158 0.0731736 0.0384297 0.187941 0.264325 0.0964959 0.0462843 0.0341625 0.0119393 0.00465374 0.00130859 0.00026729 3.38722e-05 2.19588e-06
 6.03349e-40 2.95298e-33 3.32274e-27 8.5956e-22 5.11213e-17 6.98991e-13 2.19728e-09 1.58798e-06 0.000263845 0.0100786 0.0885099 0.178711 0.0839967 0.0366737 0.170123 0.239358 0.0897572 0.0503271 0.0372247 0.0107051 0.00324489 0.000842008 0.000161707 1.94703e-05 1.21221e-06
 5.45033e-40 2.66756e-33 3.00158e-27 7.7648e-22 4.61802e-17 6.31431e-13 1.98491e-09 1.4345e-06 0.000238344 0.00910442 0.079955 0.16144 0.0760831 0.0385735 0.186926 0.262849 0.0953997 0.0439938 0.0317539 0.00978175 0.00311384 0.000671668 0.000102723 1.11658e-05 6.54799e-07
 4.07012e-40 1.99204e-33 2.24148e-27 5.79849e-22 3.44858e-17 4.71531e-13 1.48226e-09 1.07123e-06 0.000177987 0.00679887 0.0597077 0.120561 0.0572267 0.0397079 0.206172 0.290147 0.107381 0.055925 0.0407787 0.0113949 0.00319773 0.000708331 0.000103962 9.24032e-06 4.58055e-07
 3.92551e-40 1.92126e-33 2.16184e-27 5.59247e-22 3.32605e-17 4.54777e-13 1.4296e-09 1.03317e-06 0.000171663 0.00655731 0.0575863 0.116278 0.0551683 0.0376299 0.194778 0.274476 0.10713 0.0727184 0.0553275 0.0162472 0.00480551 0.000982375 0.000131506 1.12798e-05 4.93917e-07
 9.77606e-40 4.78471e-33 5.38383e-27 1.39275e-21 8.28318e-17 1.13257e-12 3.56026e-09 2.57301e-06 0.000427509 0.0163303 0.143413 0.289557 0.135037 0.0311858 0.103213 0.14503 0.05622 0.0370872 0.0285894 0.00964005 0.00341484 0.00074434 0.000100799 8.02415e-06 3.26292e-07
 6.94113e-40 3.3972e-33 3.82258e-27 9.88867e-22 5.88116e-17 8.04142e-13 2.52783e-09 1.82687e-06 0.000303536 0.0115947 0.101825 0.205594 0.096525 0.0393304 0.178238 0.250096 0.0840023 0.0177072 0.0100121 0.00326636 0.00116402 0.000289039 4.57974e-05 3.86188e-06 1.53302e-07
 3.01713e-40 1.47668e-33 1.66158e-27 4.29835e-22 2.55639e-17 3.4954e-13 1.09878e-09 7.94093e-07 0.00013194 0.00503993 0.0442606 0.0893753 0.042948 0.0434193 0.238228 0.334987 0.118563 0.045201 0.0302539 0.00645768 0.000917949 0.000181765 3.01077e-05 2.90297e-06 1.28151e-07
 8.52704e-40 4.1734e-33 4.69597e-27 1.2148e-21 7.22489e-17 9.87874e-13 3.10539e-09 2.24427e-06 0.000372889 0.0142439 0.12509 0.252563 0.117936 0.0312309 0.114639 0.161503 0.0671355 0.0573572 0.0440341 0.0111145 0.00239655 0.000351979 2.75268e-05 2.03833e-06 9.56479e-08
 7.92245e-40 3.87749e-33 4.36301e-27 1.12867e-21 6.71262e-17 9.1783e-13 2.88521e-09 2.08514e-06 0.00034645 0.0132339 0.11622 0.234658 0.109891 0.0374485 0.15799 0.221627 0.0749173 0.017413 0.0105254 0.00392924 0.00149102 0.000278275 2.65972e-05 1.37698e-06 3.79423e-08
 4.83046e-40 2.36418e-33 2.66021e-27 6.88171e-22 4.09281e-17 5.59618e-13 1.75916e-09 1.27135e-06 0.000211237 0.00806898 0.0708618 0.143082 0.067714 0.0417241 0.211692 0.297403 0.102814 0.0314212 0.019834 0.00431071 0.000682473 0.000153266 2.39092e-05 1.62899e-06 4.49147e-08
 5.16879e-40 2.52977e-33 2.84653e-27 7.36371e-22 4.37947e-17 5.98814e-13 1.88238e-09 1.3604e-06 0.000226032 0.00863413 0.0758249 0.153101 0.0722131 0.0381787 0.18703 0.263189 0.0982403 0.0536552 0.0387612 0.0090606 0.00162823 0.000234132 2.03424e-05 1.5875e-06 6.21413e-08
 3.72284e-40 1.82207e-33 2.05023e-27 5.30374e-22 3.15433e-17 4.31298e-13 1.35579e-09 9.79832e-07 0.0001628 0.00621877 0.0546133 0.110276 0.0525149 0.0408601 0.216305 0.304312 0.110757 0.0520156 0.0374388 0.010894 0.00307311 0.000512214 4.27258e-05 2.16282e-06 6.36929e-08
 7.17655e-40 3.51242e-33 3.95223e-27 1.02241e-21 6.08063e-17 8.31416e-13 2.61356e-09 1.88883e-06 0.000313831 0.011988 0.105278 0.212565 0.0995556 0.0342058 0.144854 0.203895 0.0793741 0.0532521 0.0401479 0.0109752 0.00292209 0.000594619 7.16356e-05 4.22169e-06 1.05899e-07
 4.78106e-40 2.34e-33 2.633e-27 6.81133e-22 4.05096e-17 5.53895e-13 1.74117e-09 1.25835e-06 0.000209077 0.00798646 0.0701371 0.141619 0.0670305 0.0415389 0.211003 0.296436 0.102493 0.0314329 0.0206785 0.00668902 0.00223587 0.000450749 5.5597e-05 4.09101e-06 1.33232e-07
 5.47544e-40 2.67985e-33 3.01541e-27 7.80057e-22 4.63929e-17 6.34339e-13 1.99405e-09 1.4411e-06 0.000239442 0.00914636 0.0803234 0.162183 0.076398 0.0378082 0.182031 0.256126 0.0955107 0.0518829 0.037447 0.00877552 0.0017073 0.00036194 5.28634e-05 4.0751e-06 1.46985e-07
 6.00417e-40 2.93862e-33 3.30659e-27 8.55383e-22 5.08728e-17 6.95594e-13 2.18661e-09 1.58026e-06 0.000262563 0.0100296 0.0880797 0.177843 0.0836488 0.0380979 0.179079 0.251743 0.0908845 0.0403914 0.0287687 0.00836565 0.00236045 0.000401388 3.99096e-05 3.09034e-06 1.23978e-07
 4.70611e-40 2.30332e-33 2.59173e-27 6.70455e-22 3.98745e-17 5.45212e-13 1.71388e-09 1.23862e-06 0.000205799 0.00786125 0.0690376 0.139398 0.0659634 0.0404534 0.205046 0.288274 0.102838 0.041821 0.028969 0.00771558 0.0019676 0.000397223 4.83132e-05 3.07734e-06 1.00186e-07
 7.15681e-40 3.50276e-33 3.94136e-27 1.01959e-21 6.0639e-17 8.29129e-13 2.60637e-09 1.88363e-06 0.000312968 0.011955 0.104989 0.211981 0.099339 0.0356327 0.153741 0.216185 0.080497 0.0433913 0.0315564 0.0081215 0.00190007 0.000352168 4.18232e-05 3.06195e-06 1.037e-07
 4.95459e-40 2.42493e-33 2.72857e-27 7.05855e-22 4.19799e-17 5.73999e-13 1.80437e-09 1.30402e-06 0.000216665 0.00827633 0.0726827 0.146758 0.069395 0.04123 0.207567 0.291618 0.101141 0.0320184 0.0209829 0.00604309 0.00171533 0.000316755 3.44032e-05 2.358e-06 8.24937e-08
 5.97139e-40 2.92258e-33 3.28853e-27 8.50713e-22 5.05951e-17 6.91796e-13 2.17467e-09 1.57164e-06 0.00026113 0.00997482 0.0875988 0.176872 0.083175 0.0374352 0.175327 0.246611 0.0912657 0.0474761 0.0340594 0.00804458 0.00156192 0.000296202 3.69744e-05 2.52809e-06 8.25296e-08
 6.27642e-40 3.07187e-33 3.45652e-27 8.94168e-22 5.31795e-17 7.27134e-13 2.28575e-09 1.65192e-06 0.000274468 0.0104843 0.0920735 0.185907 0.0873829 0.0382644 0.177665 0.249655 0.0888561 0.0355033 0.024667 0.00700057 0.00190858 0.000323171 3.08189e-05 2.09336e-06 7.31151e-08
 4.78549e-40 2.34217e-33 2.63544e-27 6.81764e-22 4.05471e-17 5.54408e-13 1.74279e-09 1.25951e-06 0.00020927 0.00799385 0.070202 0.141749 0.0670541 0.0405544 0.204954 0.288111 0.102342 0.0402274 0.0275463 0.0070432 0.00165088 0.000320832 3.78985e-05 2.35121e-06 7.06364e-08
 5.22893e-40 2.5592e-33 2.87965e-27 7.44938e-22 4.43043e-17 6.05781e-13 1.90428e-09 1.37623e-06 0.000228662 0.00873459 0.0767072 0.154882 0.0730377 0.0382057 0.186658 0.262629 0.097529 0.0517758 0.0375157 0.00952272 0.00214838 0.000379283 4.17198e-05 2.91256e-06 9.55891e-08
 5.62092e-40 2.75105e-33 3.09553e-27 8.00784e-22 4.76256e-17 6.51194e-13 2.04704e-09 1.4794e-06 0.000245804 0.00938939 0.0824576 0.166492 0.0784115 0.0383737 0.184184 0.258989 0.0941319 0.0438027 0.0314287 0.00903568 0.00254283 0.000461887 4.80914e-05 3.09499e-06 1.01485e-07
#spawning biomass
 4670 3330.25 3483.64 4394.93 5487.22 6899.4 6966.36 5979.57 7302.71 13989.6 16886.3 14256.1 24103.4 34362.6 30901 25357.1 22491.5 26518.5 23484.3 25180.9 23111.4 23460.8 27603.6 27056.9 30191.8 33190.9 31614 31762.7 36085.2 62423.8 65456.1 47755.3 34885.6 28178.7 25000.2 23564.3 22934.7 22664 22549.1 22500.8 22480.6 22472.2 22468.7 22467.3 22466.7 22466.4 22466.3 22466.3 22466.3 22466.3 22466.3 22466.3 22466.3 22466.3 22466.3 22466.3 22466.3 22466.3 22466.3 22466.3 22466.3 22466.3 22466.3 22466.3 22466.3 22466.3 22466.3 22466.3 22466.3 22466.3 22466.3 22466.3 22466.3 22466.3 22466.3 22466.3 22466.3 22466.3 22466.3 22466.3 22466.3 22466.3 22466.3 22466.3 22466.3 22466.3 22466.3 22466.3 22466.3 22466.3 22466.3 22466.3 22466.3 22466.3 22466.3 22466.3 22466.3 22466.3 22466.3 22466.3 22466.3 22466.3 22466.3 22466.3 22466.3 22466.3 22466.3 22466.3 22466.3 22466.3 22466.3 22466.3 22466.3 22466.3 22466.3 22466.3 22466.3 22466.3 22466.3 22466.3 22466.3 22466.3 22466.3 22466.3 22466.3 22466.3 22466.3 22466.3 0 0 0 0 0 0 0 0 0 0 0 0 0 0 0 0 0 0 0 0 0 0 0 0 0
