SBPRF35
0.819782
Curr Bio
158606
B35
721497
F35
0.205637
FOFL
0.0561587
OFL
9937.31
Bzero
234224
#pred survey bio
 8999 6865.16 7769.88 11473.6 15513.6 16613.7 17144.9 22493.5 33519.9 48249.1 58073.6 78261 104524 132474 134541 112406 103154 102336 95763.9 103220 103234 100172 110895 124390 127515 129105 141400 166566 8.09367e+06 7.88576e+06 8.53676e+06 8.17768e+06 7.2962e+06 6.25993e+06 5.27894e+06 4.44502e+06 3.77963e+06 3.26964e+06 2.88885e+06 2.60931e+06 2.40619e+06 2.25923e+06 2.15196e+06 2.07263e+06 2.01627e+06 1.97583e+06 1.94651e+06 1.92503e+06 1.90912e+06 1.89721e+06 1.8882e+06 1.88131e+06 1.876e+06 1.87188e+06 1.86864e+06 1.86609e+06 1.86406e+06 1.86245e+06 1.86116e+06 1.86011e+06 1.85928e+06 1.8586e+06 1.85805e+06 1.8576e+06 1.85724e+06 1.85694e+06 1.8567e+06 1.8565e+06 1.85634e+06 1.85621e+06 1.85611e+06 1.85602e+06 1.85595e+06 1.85589e+06 1.85584e+06 1.8558e+06 1.85577e+06 1.85574e+06 1.85572e+06 1.8557e+06 1.85569e+06 1.85568e+06 1.85567e+06 1.85566e+06 1.85565e+06 1.85565e+06 1.85564e+06 1.85564e+06 1.85564e+06 1.85564e+06 1.85563e+06 1.85563e+06 1.85563e+06 1.85563e+06 1.85563e+06 1.85563e+06 1.85563e+06 1.85563e+06 1.85563e+06 1.85563e+06 1.85563e+06 1.85563e+06 1.85563e+06 1.85563e+06 1.85563e+06 1.85562e+06 1.85562e+06 1.85562e+06 1.85562e+06 1.85562e+06 1.85562e+06 1.85562e+06 1.85562e+06 1.85562e+06 1.85562e+06 1.85562e+06 1.85562e+06 1.85562e+06 1.85562e+06 1.85562e+06 1.85562e+06 1.85562e+06 1.85562e+06 1.85562e+06 1.85562e+06 1.85562e+06 1.85562e+06 1.85562e+06 0 0 0 0 0 0 0 0 0 0 0 0 0 0 0 0 0 0 0 0 0 0 0 0 0
#obs survey bio
 8337.48 7272.88 9364.85 12835 13187 24532.6 19354 35975.9 36041.8 48381.8 78806.2 104785 150018 133600 154046 72004.2 88679.1 128494 111968 98126.6 123938 97822.1 117599 136080 132744 137781 161932 141836
#pred catch bio
 6701.85 5084.33 5366.11 8290.04 11711.8 12459.2 12529.7 16208.1 23678.5 37362 43831.9 59654.1 79801.4 105814 113343 94949.4 86155.4 87457.4 78675.7 87407.4 88451.4 83604.9 93412.3 108946 113105 110714 117822 111070 9937.31 62985.2 67729 64251.3 56609 47843.1 39673 32828.8 27456 23416.5 20469.5 18365.9 16888.1 15861.5 15149.9 14656.5 14327.6 14108.3 13962.2 13864.8 13799.9 13756.6 13727.8 13708.6 13695.7 13687.2 13681.5 13677.7 13675.2 13673.5 13672.4 13671.6 13671.1 13670.8 13670.6 13670.4 13670.3 13670.3 13670.2 13670.2 13670.2 13670.2 13670.1 13670.1 13670.1 13670.1 13670.1 13670.1 13670.1 13670.1 13670.1 13670.1 13670.1 13670.1 13670.1 13670.1 13670.1 13670.1 13670.1 13670.1 13670.1 13670.1 13670.1 13670.1 13670.1 13670.1 13670.1 13670.1 13670.1 13670.1 13670.1 13670.1 13670.1 13670.1 13670.1 13670.1 13670.1 13670.1 13670.1 13670.1 13670.1 13670.1 13670.1 13670.1 13670.1 13670.1 13670.1 13670.1 13670.1 13670.1 13670.1 13670.1 13670.1 13670.1 13670.1 13670.1 13670.1 13670.1 13670.1 13670.1 0 0 0 0 0 0 0 0 0 0 0 0 0 0 0 0 0 0 0 0 0 0 0 0 0
#obs catch bio
 4878.78 4993.62 5208.38 8112.42 11513.6 12200.1 12202.4 15294.5 22588.6 35926.3 42437 57174.7 75998.2 103921 114033 96836.6 85652.9 84850.1 77220.1 86214.6 83868.3 79531.5 91320.1 104092 109923 108291 114068 110181
#pred cpue bio
 8174.14 5903.29 6467.29 9465.19 12927 14294.5 14546.9 18419.4 27451.4 40153.6 47942 64049.2 85841.2 109819 114251 94714.7 85408.4 85109.6 79222.3 85097.2 85229.2 82542.5 90294.3 101332 103343 104433 115125 135083 6.99176e+06 7.84991e+06 8.50091e+06 8.14183e+06 7.26035e+06 6.22408e+06 5.24309e+06 4.40917e+06 3.74378e+06 3.23379e+06 2.853e+06 2.57346e+06 2.37034e+06 2.22338e+06 2.11611e+06 2.03678e+06 1.98042e+06 1.93998e+06 1.91066e+06 1.88918e+06 1.87327e+06 1.86136e+06 1.85235e+06 1.84546e+06 1.84015e+06 1.83603e+06 1.83279e+06 1.83024e+06 1.82821e+06 1.8266e+06 1.8253e+06 1.82426e+06 1.82343e+06 1.82275e+06 1.8222e+06 1.82175e+06 1.82139e+06 1.82109e+06 1.82085e+06 1.82065e+06 1.82049e+06 1.82036e+06 1.82026e+06 1.82017e+06 1.8201e+06 1.82004e+06 1.81999e+06 1.81995e+06 1.81992e+06 1.81989e+06 1.81987e+06 1.81985e+06 1.81984e+06 1.81983e+06 1.81982e+06 1.81981e+06 1.8198e+06 1.8198e+06 1.81979e+06 1.81979e+06 1.81979e+06 1.81979e+06 1.81978e+06 1.81978e+06 1.81978e+06 1.81978e+06 1.81978e+06 1.81978e+06 1.81978e+06 1.81978e+06 1.81978e+06 1.81978e+06 1.81978e+06 1.81978e+06 1.81978e+06 1.81977e+06 1.81977e+06 1.81977e+06 1.81977e+06 1.81977e+06 1.81977e+06 1.81977e+06 1.81977e+06 1.81977e+06 1.81977e+06 1.81977e+06 1.81977e+06 1.81977e+06 1.81977e+06 1.81977e+06 1.81977e+06 1.81977e+06 1.81977e+06 1.81977e+06 1.81977e+06 1.81977e+06 1.81977e+06 1.81977e+06 1.81977e+06 1.81977e+06 0 0 0 0 0 0 0 0 0 0 0 0 0 0 0 0 0 0 0 0 0 0 0 0 0
#obs cpue bio
 5903.11 9170.35 8578.67 11211.1 18861.6 13336.6 23598.7 33348.2 47767.6 64833.7 61187 93662.3 135127 109383 85847.6 106353 117815 124088 81808.3 114456 195556 177363 106783 214774 141762 132410 183608 167614
#pred surv len freq
 2.56498e-27 2.59327e-27 3.75721e-26 7.38626e-20 1.81065e-14 5.36528e-10 1.92175e-06 0.000832046 0.0435463 0.275486 0.210951 0.0374412 0.13678 0.126441 0.0325054 0.042756 0.0199249 0.0174827 0.0118877 0.00985821 0.00834339 0.00770181 0.00819456 0.00753545 0.00233001
 2.56755e-27 2.59985e-27 4.28528e-26 8.50004e-20 2.08368e-14 6.17432e-10 2.21154e-06 0.000957512 0.0501127 0.317027 0.242724 0.0407633 0.139742 0.128727 0.0251683 0.0251495 0.00999574 0.00662375 0.00367137 0.00255394 0.00187619 0.00153949 0.00149118 0.00139795 0.000476812
 2.56891e-27 2.60347e-27 4.59308e-26 9.14932e-20 2.24285e-14 6.64596e-10 2.38047e-06 0.00103065 0.0539406 0.341243 0.261218 0.0409662 0.128293 0.118078 0.0218597 0.0201839 0.00694158 0.0030818 0.00131611 0.000684039 0.000391174 0.000267223 0.000224972 0.000204073 7.27712e-05
 2.56927e-27 2.60442e-27 4.67416e-26 9.32035e-20 2.28477e-14 6.77018e-10 2.42497e-06 0.00104992 0.0549489 0.347622 0.266089 0.0409669 0.124877 0.114899 0.0208385 0.0186401 0.00624014 0.00247307 0.000824347 0.000284568 0.000111028 5.5044e-05 3.68868e-05 3.03626e-05 1.08873e-05
 2.56871e-27 2.60285e-27 4.53232e-26 9.02113e-20 2.21142e-14 6.55283e-10 2.34711e-06 0.00101621 0.0531848 0.336462 0.257578 0.0416516 0.136066 0.125171 0.0216822 0.0179728 0.00595127 0.00226227 0.000714819 0.000204809 5.09678e-05 1.53491e-05 6.85688e-06 4.6151e-06 1.59919e-06
 2.56685e-27 2.59782e-27 4.08785e-26 8.08348e-20 1.98157e-14 5.87174e-10 2.10316e-06 0.000910587 0.0476568 0.30149 0.230895 0.0429279 0.164527 0.151449 0.0266155 0.0226072 0.00733063 0.00253797 0.000780655 0.000212296 4.49581e-05 8.40778e-06 1.95109e-06 8.69352e-07 2.73735e-07
 2.56778e-27 2.60044e-27 4.32894e-26 8.59211e-20 2.10625e-14 6.2412e-10 2.23549e-06 0.000967883 0.0506555 0.320461 0.245356 0.0414107 0.14282 0.1316 0.026385 0.02709 0.00886706 0.0031562 0.000937279 0.000234886 4.71377e-05 7.42518e-06 9.45083e-07 1.94083e-07 4.81281e-08
 2.56966e-27 2.60549e-27 4.77154e-26 9.52578e-20 2.33513e-14 6.91941e-10 2.47842e-06 0.00107306 0.0561601 0.355284 0.271932 0.0404955 0.117184 0.107835 0.020212 0.019007 0.00661857 0.00299473 0.000918877 0.00023252 4.35045e-05 6.32255e-06 6.32112e-07 5.49638e-08 7.51443e-09
 2.56957e-27 2.6052e-27 4.73878e-26 9.45665e-20 2.31818e-14 6.86919e-10 2.46043e-06 0.00106527 0.0557525 0.352706 0.269974 0.0411522 0.123557 0.113599 0.0191125 0.0150246 0.00504906 0.0020497 0.000695037 0.000213292 4.12138e-05 5.72313e-06 5.12785e-07 2.88057e-08 1.52378e-09
 2.56876e-27 2.60299e-27 4.54457e-26 9.04696e-20 2.21775e-14 6.5716e-10 2.35384e-06 0.00101912 0.0533371 0.337425 0.258314 0.0416394 0.135457 0.124613 0.0216644 0.0180597 0.00577719 0.00188074 0.000591095 0.000173306 3.99268e-05 6.11712e-06 5.30302e-07 2.52853e-08 6.73284e-10
 2.56917e-27 2.60411e-27 4.64269e-26 9.25395e-20 2.26849e-14 6.72195e-10 2.40769e-06 0.00104244 0.0545574 0.345145 0.264205 0.0413897 0.129418 0.119028 0.0204611 0.0167249 0.00542877 0.00188719 0.000546069 0.000131419 2.79384e-05 4.75434e-06 4.68745e-07 2.1732e-08 4.44465e-10
 2.5696e-27 2.60526e-27 4.74449e-26 9.4687e-20 2.32114e-14 6.87794e-10 2.46356e-06 0.00106663 0.0558235 0.353155 0.270316 0.0411136 0.123023 0.113122 0.0193295 0.0156274 0.00504547 0.00171521 0.000508067 0.000125099 2.24911e-05 3.35254e-06 3.53013e-07 1.84123e-08 3.62045e-10
 2.56941e-27 2.60472e-27 4.69484e-26 9.36395e-20 2.29546e-14 6.80186e-10 2.43631e-06 0.00105483 0.055206 0.349248 0.267338 0.0414256 0.12749 0.117207 0.0193834 0.0147196 0.00473424 0.00158791 0.000465508 0.000113504 2.0943e-05 2.80322e-06 2.53833e-07 1.383e-08 2.9854e-10
 2.56894e-27 2.60345e-27 4.58251e-26 9.12699e-20 2.23737e-14 6.62973e-10 2.37466e-06 0.00102814 0.053809 0.34041 0.260594 0.041719 0.134461 0.123653 0.0207552 0.0162227 0.00514386 0.00160304 0.000463741 0.000111497 2.03129e-05 2.73843e-06 2.27845e-07 1.08497e-08 2.40998e-10
 2.56761e-27 2.59983e-27 4.26154e-26 8.44988e-20 2.07139e-14 6.13789e-10 2.19849e-06 0.000951861 0.049817 0.315156 0.241327 0.042749 0.155836 0.143358 0.0239009 0.018441 0.00588496 0.00189439 0.000535553 0.000120999 2.1629e-05 2.87501e-06 2.37591e-07 1.04237e-08 2.07408e-10
 2.56807e-27 2.6011e-27 4.3763e-26 8.69197e-20 2.13073e-14 6.31374e-10 2.26147e-06 0.000979132 0.0512442 0.324185 0.248214 0.0422385 0.147113 0.135349 0.0232031 0.0188654 0.00600756 0.00190583 0.000544285 0.000125199 2.13173e-05 2.71904e-06 2.20892e-07 9.51717e-09 1.74647e-10
 2.569e-27 2.60361e-27 4.59655e-26 9.1566e-20 2.24463e-14 6.65124e-10 2.38236e-06 0.00103147 0.0539835 0.341514 0.261438 0.0417151 0.133839 0.123066 0.0204286 0.0156301 0.00503518 0.0016984 0.000485739 0.000110826 1.91684e-05 2.38653e-06 1.84386e-07 7.76219e-09 1.38582e-10
 2.56874e-27 2.60289e-27 4.52993e-26 9.01606e-20 2.21018e-14 6.54916e-10 2.3458e-06 0.00101564 0.053155 0.336273 0.257442 0.0421225 0.139746 0.128473 0.0205687 0.0145824 0.00462326 0.0014535 0.000421915 0.000101051 1.74515e-05 2.18393e-06 1.66205e-07 6.67321e-09 1.15756e-10
 2.56901e-27 2.60361e-27 4.59396e-26 9.15114e-20 2.24329e-14 6.64727e-10 2.38094e-06 0.00103086 0.0539513 0.341311 0.261286 0.0419492 0.135727 0.124763 0.0199064 0.0140007 0.00436745 0.00125721 0.000351756 8.00973e-05 1.43164e-05 1.83041e-06 1.39502e-07 5.51674e-09 9.17485e-11
 2.5692e-27 2.60413e-27 4.64136e-26 9.25113e-20 2.2678e-14 6.7199e-10 2.40696e-06 0.00104212 0.0545408 0.34504 0.264129 0.0416918 0.13177 0.121139 0.0197659 0.0145927 0.00454939 0.00129633 0.000351628 7.3762e-05 1.24778e-05 1.59431e-06 1.25118e-07 4.96561e-09 8.12222e-11
 2.56911e-27 2.60386e-27 4.6154e-26 9.19636e-20 2.25438e-14 6.68012e-10 2.39271e-06 0.00103595 0.0542179 0.342998 0.262574 0.0419536 0.134855 0.123941 0.0194495 0.0131671 0.0041388 0.00124575 0.000339197 6.9886e-05 1.10736e-05 1.31434e-06 1.01231e-07 4.11442e-09 6.76756e-11
 2.5692e-27 2.60411e-27 4.63702e-26 9.24196e-20 2.26556e-14 6.71325e-10 2.40457e-06 0.00104109 0.0544868 0.344698 0.263872 0.0419072 0.13359 0.122773 0.0192234 0.0129409 0.00399816 0.00109251 0.00029918 6.44538e-05 1.01583e-05 1.14454e-06 8.13432e-08 3.21445e-09 5.37211e-11
 2.56979e-27 2.60574e-27 4.78272e-26 9.54934e-20 2.34091e-14 6.93652e-10 2.48455e-06 0.00107571 0.056299 0.356163 0.272617 0.0413456 0.123172 0.113189 0.0180696 0.0127219 0.00393017 0.0010659 0.000282566 5.64508e-05 9.11033e-06 1.04332e-06 7.08529e-08 2.59182e-09 4.1915e-11
 2.56975e-27 2.6056e-27 4.76833e-26 9.51898e-20 2.33346e-14 6.91447e-10 2.47665e-06 0.00107229 0.05612 0.35503 0.271756 0.0415649 0.125446 0.115245 0.0176603 0.0112716 0.0035047 0.000999059 0.00026605 5.23028e-05 7.93786e-06 8.89391e-07 6.15608e-08 2.16578e-09 3.26295e-11
 2.56997e-27 2.6062e-27 4.81999e-26 9.62795e-20 2.36018e-14 6.99362e-10 2.505e-06 0.00108457 0.0567624 0.359095 0.274858 0.0415176 0.122906 0.112879 0.0168349 0.00998043 0.00304368 0.000779186 0.000207682 4.25402e-05 6.43303e-06 6.8839e-07 4.57991e-08 1.62235e-09 2.3623e-11
 2.57005e-27 2.6064e-27 4.83652e-26 9.66282e-20 2.36872e-14 7.01895e-10 2.51407e-06 0.0010885 0.056968 0.360395 0.275852 0.0415451 0.122417 0.112411 0.0164543 0.0092276 0.00277815 0.000656435 0.000167233 3.1419e-05 4.83479e-06 5.25956e-07 3.37294e-08 1.14657e-09 1.66002e-11
 2.56976e-27 2.60561e-27 4.7674e-26 9.517e-20 2.33298e-14 6.91303e-10 2.47613e-06 0.00107207 0.0561083 0.354957 0.271701 0.0416776 0.126342 0.116052 0.0174445 0.0105681 0.00316253 0.000704564 0.000173868 3.0183e-05 4.29582e-06 4.52283e-07 2.95202e-08 9.75933e-10 1.3594e-11
 2.56996e-27 2.60619e-27 4.82112e-26 9.63035e-20 2.36076e-14 6.99536e-10 2.50562e-06 0.00108484 0.0567765 0.359184 0.274924 0.0413383 0.121496 0.111621 0.0173952 0.0115738 0.00350947 0.000847282 0.000208664 3.42041e-05 4.56813e-06 4.39953e-07 2.71941e-08 9.02611e-10 1.23061e-11
#obs surv len freq
 1.64076e-41 2.27726e-33 3.82058e-26 7.74805e-20 1.89934e-14 5.62811e-10 2.0159e-06 0.000872813 0.0456796 0.288982 0.221405 0.044246 0.164194 0.139572 0.0433519 0.0352429 0.0115477 0.00394631 0.00084294 0.000108124 6.12164e-06 1.10154e-07 4.64264e-10 3.67647e-13 4.74197e-17
 1.90448e-41 2.6433e-33 4.43468e-26 8.99344e-20 2.20463e-14 6.53274e-10 2.33992e-06 0.0010131 0.0530219 0.335432 0.256885 0.0440428 0.132242 0.106377 0.0337697 0.0257743 0.00820604 0.00264544 0.000526453 5.94379e-05 2.77336e-06 3.88616e-08 1.22682e-10 7.093e-14 6.57199e-18
 1.92859e-41 2.67676e-33 4.49082e-26 9.10729e-20 2.23254e-14 6.61544e-10 2.36954e-06 0.00102593 0.0536931 0.339678 0.260211 0.0470768 0.140952 0.106058 0.02692 0.0171884 0.00528391 0.00158884 0.00029112 2.89025e-05 1.11372e-06 1.21176e-08 2.85215e-11 1.20122e-14 7.99709e-19
 1.96837e-41 2.73197e-33 4.58345e-26 9.29515e-20 2.2786e-14 6.7519e-10 2.41842e-06 0.00104709 0.0548007 0.346685 0.265625 0.048725 0.138641 0.0982573 0.0260859 0.0153809 0.00367424 0.000910951 0.0001508 1.2994e-05 4.12273e-07 3.49229e-09 6.13376e-12 1.87962e-15 8.98152e-20
 1.76813e-41 2.45405e-33 4.11718e-26 8.34956e-20 2.0468e-14 6.06503e-10 2.17239e-06 0.000940572 0.0492258 0.311418 0.238888 0.054899 0.175695 0.116835 0.0306955 0.0166593 0.00384676 0.000790272 9.8097e-05 6.9578e-06 1.79339e-07 1.18049e-09 1.55292e-12 3.4744e-16 1.19337e-20
 1.45307e-41 2.01677e-33 3.38355e-26 6.86177e-20 1.68208e-14 4.98432e-10 1.7853e-06 0.000772974 0.0404544 0.255929 0.19679 0.0625299 0.22101 0.140141 0.0488922 0.0265528 0.00574391 0.00106723 0.000108652 5.56333e-06 1.08079e-07 5.4384e-10 5.35004e-13 8.76979e-17 2.17487e-21
 2.08469e-41 2.89341e-33 4.8543e-26 9.84443e-20 2.41325e-14 7.15089e-10 2.56133e-06 0.00110897 0.058039 0.367173 0.281417 0.0503252 0.112801 0.0693996 0.0346208 0.0191739 0.00495693 0.000900015 7.92059e-05 3.13241e-06 4.24864e-08 1.51661e-10 1.08801e-13 1.30057e-17 2.33249e-22
 1.97704e-41 2.744e-33 4.60363e-26 9.33607e-20 2.28863e-14 6.78162e-10 2.42907e-06 0.0010517 0.0550419 0.348214 0.267291 0.0603376 0.152842 0.0824348 0.019783 0.00925116 0.0030769 0.000617344 5.50165e-05 1.80796e-06 1.8039e-08 4.40322e-11 2.16032e-14 1.81319e-18 2.31793e-23
 2.01685e-41 2.79925e-33 4.69633e-26 9.52406e-20 2.33471e-14 6.91817e-10 2.47798e-06 0.00107288 0.0561502 0.355226 0.272765 0.0617757 0.144986 0.0744551 0.0228767 0.00878913 0.00156627 0.000303581 3.00067e-05 9.41437e-07 7.60379e-09 1.33997e-11 4.48587e-15 2.53631e-19 2.21234e-24
 1.73283e-41 2.40506e-33 4.03498e-26 8.18286e-20 2.00593e-14 5.94394e-10 2.12902e-06 0.000921793 0.048243 0.305206 0.235203 0.0761149 0.198608 0.0949905 0.0282908 0.0102689 0.00189899 0.000233764 1.74312e-05 5.3801e-07 3.91911e-09 5.5064e-12 1.34294e-15 5.25995e-20 3.10985e-25
 2.01739e-41 2.8e-33 4.69758e-26 9.5266e-20 2.33533e-14 6.92002e-10 2.47864e-06 0.00107316 0.0561652 0.355323 0.273222 0.0667811 0.139829 0.0664892 0.029087 0.0100851 0.00173632 0.000196025 1.02498e-05 2.20751e-07 1.37402e-09 1.64864e-12 3.19641e-16 9.33278e-21 3.93352e-26
 1.85287e-41 2.57166e-33 4.31449e-26 8.74969e-20 2.14488e-14 6.35569e-10 2.2765e-06 0.000985647 0.0515849 0.326351 0.251863 0.0815307 0.179709 0.0752445 0.023002 0.00787356 0.00167112 0.000174838 7.69511e-06 1.16508e-07 4.885e-10 4.45776e-13 6.9364e-17 1.59855e-21 5.13076e-27
 1.9279e-41 2.6758e-33 4.48921e-26 9.10402e-20 2.23174e-14 6.61306e-10 2.36869e-06 0.00102556 0.0536738 0.339568 0.262116 0.0809157 0.160544 0.0668605 0.0264706 0.00746471 0.00121959 0.000133729 5.60912e-06 6.76852e-08 1.9905e-10 1.20676e-13 1.31035e-17 2.24231e-22 5.49069e-28
 1.6216e-41 2.25067e-33 3.77596e-26 7.65758e-20 1.87717e-14 5.56238e-10 1.99236e-06 0.000862621 0.0451462 0.28563 0.222384 0.104415 0.217052 0.0837131 0.0305226 0.00868299 0.00146144 0.000123995 4.6082e-06 4.98729e-08 1.15323e-10 4.97168e-14 3.63443e-18 4.1697e-23 7.05252e-29
 1.47599e-41 2.04857e-33 3.43691e-26 6.96998e-20 1.70861e-14 5.06292e-10 1.81346e-06 0.000785163 0.0410924 0.259992 0.203715 0.113393 0.224734 0.0946138 0.0473402 0.0122597 0.00191396 0.000154358 4.60022e-06 3.98326e-08 7.63736e-11 2.58463e-14 1.38266e-18 1.10504e-23 1.26789e-29
 1.72735e-41 2.39745e-33 4.02222e-26 8.15698e-20 1.99959e-14 5.92515e-10 2.12229e-06 0.000918879 0.0480905 0.304265 0.237272 0.102772 0.176046 0.0755194 0.0407263 0.0121518 0.00208256 0.000148906 3.84564e-06 2.62989e-08 3.82051e-11 1.00008e-14 4.13264e-19 2.47803e-24 2.06081e-30
 1.68616e-41 2.34028e-33 3.9263e-26 7.96246e-20 1.9519e-14 5.78385e-10 2.07168e-06 0.000896966 0.0469437 0.297025 0.233218 0.118711 0.191979 0.0700248 0.0301993 0.00915269 0.00171684 0.000128825 2.92005e-06 1.61922e-08 1.81218e-11 3.51216e-15 1.06982e-19 4.77604e-25 2.96484e-31
 1.69851e-41 2.35742e-33 3.95507e-26 8.0208e-20 1.9662e-14 5.82622e-10 2.08686e-06 0.000903537 0.0472876 0.299213 0.235853 0.12394 0.184754 0.0695416 0.0300489 0.00717179 0.00119086 9.04537e-05 1.97291e-06 9.33024e-09 8.1977e-12 1.20088e-15 2.69425e-20 8.71922e-26 3.91005e-32
 1.65465e-41 2.29654e-33 3.85293e-26 7.81366e-20 1.91543e-14 5.67576e-10 2.03297e-06 0.000880204 0.0460664 0.291509 0.231607 0.135633 0.188551 0.0692559 0.0288285 0.00669029 0.000917815 5.72861e-05 1.13263e-06 4.76039e-09 3.46545e-12 3.9523e-16 6.65358e-21 1.58407e-26 5.15888e-33
 1.74432e-41 2.421e-33 4.06174e-26 8.23712e-20 2.01923e-14 5.98336e-10 2.14314e-06 0.000927906 0.048563 0.307318 0.244361 0.133961 0.168565 0.0637692 0.0261023 0.00568651 0.00070699 3.56148e-05 5.4991e-07 1.90339e-09 1.15097e-12 1.05986e-16 1.38913e-21 2.49708e-27 6.01161e-34
 1.71267e-41 2.37707e-33 3.98803e-26 8.08764e-20 1.98259e-14 5.87478e-10 2.10425e-06 0.000911068 0.0476818 0.301779 0.242416 0.147834 0.172457 0.0596881 0.0220323 0.00465186 0.000523271 2.22175e-05 2.65155e-07 6.87163e-10 3.18518e-13 2.29445e-17 2.35283e-22 3.26837e-28 5.98054e-35
 1.73312e-41 2.40546e-33 4.03565e-26 8.18423e-20 2.00627e-14 5.94493e-10 2.12938e-06 0.000921947 0.0482513 0.305417 0.246863 0.152463 0.163829 0.0581589 0.0200439 0.00367049 0.000366157 1.32606e-05 1.25545e-07 2.43849e-10 8.24263e-14 4.34394e-18 3.308e-23 3.45285e-29 4.7681e-36
 1.72026e-41 2.38761e-33 4.00571e-26 8.12349e-20 1.99138e-14 5.90082e-10 2.11358e-06 0.000915107 0.0478934 0.303204 0.247636 0.161727 0.160822 0.0561421 0.018268 0.0031203 0.000261541 7.76483e-06 5.87336e-08 8.71877e-11 2.17384e-14 8.27088e-19 4.51174e-24 3.38173e-30 3.37846e-37
 1.74467e-41 2.42149e-33 4.06256e-26 8.23878e-20 2.01964e-14 5.98456e-10 2.14357e-06 0.000928093 0.0485732 0.307561 0.253093 0.165712 0.151956 0.0532423 0.0161959 0.00254615 0.000185637 4.424e-06 2.58492e-08 2.92295e-11 5.44491e-15 1.51758e-19 5.97393e-25 3.19989e-31 2.27318e-38
 1.68932e-41 2.34466e-33 3.93365e-26 7.97736e-20 1.95556e-14 5.79467e-10 2.07556e-06 0.000898645 0.0470323 0.297911 0.249782 0.180776 0.154574 0.0521311 0.0146418 0.00211523 0.000133179 2.58439e-06 1.16004e-08 9.77154e-12 1.34335e-15 2.74776e-20 7.87925e-26 3.04972e-32 1.55443e-39
 1.58874e-41 2.20506e-33 3.69945e-26 7.50242e-20 1.83913e-14 5.44968e-10 1.95199e-06 0.000845143 0.0442326 0.280334 0.241325 0.197169 0.16111 0.0576742 0.0152278 0.00197179 0.000106431 1.67776e-06 5.83194e-09 3.67141e-12 3.69071e-16 5.46869e-21 1.13284e-26 3.16371e-33 1.16142e-40
 1.58511e-41 2.20003e-33 3.691e-26 7.48528e-20 1.83493e-14 5.43723e-10 1.94753e-06 0.000843213 0.044132 0.279822 0.244211 0.199948 0.155012 0.0588398 0.0152585 0.00184719 8.44176e-05 1.06981e-06 2.87706e-09 1.36081e-12 1.00676e-16 1.0824e-21 1.61259e-27 3.22429e-34 8.46005e-42
 1.64383e-41 2.28153e-33 3.82775e-26 7.76259e-20 1.90291e-14 5.63867e-10 2.01968e-06 0.000874452 0.0457675 0.290304 0.255047 0.198715 0.142359 0.052259 0.0130933 0.00151785 6.06749e-05 6.18982e-07 1.27885e-09 4.53664e-13 2.47697e-17 1.9423e-22 2.09225e-28 3.00539e-35 5.63895e-43
#pred catch len freq
 2.56434e-27 2.59155e-27 3.6086e-26 7.07277e-20 1.73381e-14 5.13757e-10 1.84019e-06 0.000796733 0.0416981 0.263794 0.202025 0.0375476 0.143861 0.133006 0.034193 0.0449758 0.0209594 0.0183904 0.012505 0.01037 0.00877657 0.00810168 0.00862001 0.00792669 0.00245099
 2.56698e-27 2.59831e-27 4.15025e-26 8.21519e-20 2.01385e-14 5.96741e-10 2.13743e-06 0.000925424 0.0484333 0.306403 0.234617 0.0410741 0.147803 0.136174 0.0266243 0.0266044 0.010574 0.00700693 0.00388376 0.00270168 0.00198473 0.00162855 0.00157745 0.00147882 0.000504396
 2.56819e-27 2.60151e-27 4.42022e-26 8.78466e-20 2.15345e-14 6.38107e-10 2.28559e-06 0.000989574 0.0517907 0.327642 0.250841 0.0414418 0.139203 0.128151 0.0237244 0.0219057 0.00753373 0.00334469 0.00142839 0.000742391 0.000424543 0.000290018 0.000244163 0.000221481 7.89789e-05
 2.5687e-27 2.60288e-27 4.53809e-26 9.0333e-20 2.2144e-14 6.56168e-10 2.35028e-06 0.00101758 0.0532566 0.336916 0.25792 0.0413569 0.133584 0.122936 0.0222961 0.0199439 0.00667662 0.00264606 0.000882007 0.000304473 0.000118795 5.88942e-05 3.94669e-05 3.24864e-05 1.16489e-05
 2.56826e-27 2.60163e-27 4.4243e-26 8.79324e-20 2.15556e-14 6.3873e-10 2.28782e-06 0.000990541 0.0518413 0.327963 0.251094 0.0419756 0.143088 0.131649 0.0228044 0.018903 0.00625928 0.00237935 0.000751815 0.00021541 5.36056e-05 1.61435e-05 7.21176e-06 4.85395e-06 1.68196e-06
 2.56632e-27 2.59637e-27 3.95998e-26 7.81372e-20 1.91544e-14 5.67579e-10 2.03297e-06 0.000880199 0.0460665 0.291429 0.223219 0.0433086 0.172817 0.159099 0.0279599 0.0237491 0.0077009 0.00266617 0.000820086 0.000223019 4.7229e-05 8.83246e-06 2.04964e-06 9.13264e-07 2.87562e-07
 2.56718e-27 2.59882e-27 4.18622e-26 8.29104e-20 2.03245e-14 6.02251e-10 2.15716e-06 0.000933968 0.0488805 0.309232 0.236788 0.0417857 0.151694 0.1398 0.028029 0.0287779 0.00941954 0.00335285 0.000995678 0.000249521 5.00747e-05 7.88782e-06 1.00397e-06 2.06176e-07 5.11268e-08
 2.5691e-27 2.60398e-27 4.63845e-26 9.24503e-20 2.26631e-14 6.71548e-10 2.40537e-06 0.00104143 0.0545049 0.344813 0.263943 0.0408631 0.125594 0.115601 0.0216676 0.0203758 0.00709522 0.0032104 0.000985052 0.000249266 4.66376e-05 6.77789e-06 6.77635e-07 5.89221e-08 8.0556e-09
 2.56896e-27 2.60352e-27 4.59054e-26 9.14394e-20 2.24153e-14 6.64205e-10 2.37907e-06 0.00103005 0.0539089 0.341043 0.261075 0.0416063 0.133265 0.122553 0.0206189 0.0162089 0.00544702 0.00221125 0.000749818 0.000230104 4.44622e-05 6.17422e-06 5.53202e-07 3.10761e-08 1.64388e-09
 2.5684e-27 2.60202e-27 4.45836e-26 8.86508e-20 2.17317e-14 6.43949e-10 2.30652e-06 0.000998633 0.0522649 0.330642 0.253138 0.041899 0.141069 0.12979 0.0225646 0.0188101 0.00601723 0.00195888 0.000615655 0.000180507 4.15858e-05 6.37128e-06 5.52336e-07 2.63359e-08 7.01259e-10
 2.56874e-27 2.60293e-27 4.53868e-26 9.03453e-20 2.21471e-14 6.56257e-10 2.3506e-06 0.00101772 0.0532638 0.336962 0.257961 0.0417053 0.136206 0.125291 0.0215377 0.0176048 0.00571441 0.00198648 0.000574801 0.000138334 2.94084e-05 5.0045e-06 4.93409e-07 2.28754e-08 4.67851e-10
 2.56921e-27 2.60422e-27 4.65215e-26 9.2739e-20 2.27339e-14 6.73645e-10 2.41288e-06 0.00104469 0.0546751 0.34589 0.264773 0.0413954 0.129062 0.118693 0.0202814 0.016397 0.00529395 0.00179968 0.000533088 0.00013126 2.35987e-05 3.51764e-06 3.70397e-07 1.93191e-08 3.79875e-10
 2.56902e-27 2.60367e-27 4.60201e-26 9.16813e-20 2.24746e-14 6.65961e-10 2.38536e-06 0.00103277 0.0540515 0.341944 0.261766 0.0417166 0.133619 0.12286 0.0203182 0.0154296 0.00496258 0.00166449 0.00048796 0.000118979 2.19531e-05 2.93842e-06 2.66075e-07 1.44971e-08 3.12939e-10
 2.5687e-27 2.60279e-27 4.52466e-26 9.00495e-20 2.20746e-14 6.54109e-10 2.34291e-06 0.00101439 0.0530895 0.335859 0.257122 0.0418988 0.138268 0.127164 0.0213446 0.0166835 0.00528995 0.00164856 0.000476911 0.000114664 2.08897e-05 2.8162e-06 2.34315e-07 1.11578e-08 2.47842e-10
 2.56757e-27 2.59974e-27 4.25335e-26 8.43261e-20 2.06715e-14 6.12534e-10 2.19399e-06 0.000949916 0.0497152 0.314512 0.240836 0.0427746 0.156376 0.143856 0.023984 0.0185051 0.00590539 0.00190097 0.000537413 0.000121419 2.17041e-05 2.88499e-06 2.38416e-07 1.04599e-08 2.08129e-10
 2.56805e-27 2.60105e-27 4.37128e-26 8.68138e-20 2.12814e-14 6.30605e-10 2.25872e-06 0.000977939 0.0511818 0.32379 0.247912 0.0422539 0.147441 0.135651 0.023255 0.0189077 0.00602101 0.0019101 0.000545503 0.000125479 2.1365e-05 2.72513e-06 2.21386e-07 9.53847e-09 1.75038e-10
 2.56893e-27 2.60343e-27 4.58075e-26 9.12328e-20 2.23646e-14 6.62704e-10 2.37369e-06 0.00102772 0.0537871 0.340272 0.26049 0.0417645 0.13488 0.124027 0.0205881 0.0157521 0.00507449 0.00171166 0.00048953 0.000111692 1.93181e-05 2.40516e-06 1.85826e-07 7.82279e-09 1.39664e-10
 2.56877e-27 2.60297e-27 4.53726e-26 9.03153e-20 2.21397e-14 6.56039e-10 2.34982e-06 0.00101738 0.0532462 0.33685 0.257882 0.0420989 0.139258 0.128022 0.0204965 0.0145313 0.00460704 0.0014484 0.000420435 0.000100696 1.73902e-05 2.17627e-06 1.65622e-07 6.6498e-09 1.1535e-10
 2.56888e-27 2.60326e-27 4.56235e-26 9.08445e-20 2.22694e-14 6.59883e-10 2.36359e-06 0.00102334 0.0535581 0.338824 0.259388 0.0420516 0.137839 0.12671 0.0202171 0.0142192 0.00443562 0.00127683 0.000357246 8.13474e-05 1.45399e-05 1.85898e-06 1.41679e-07 5.60285e-09 9.31804e-11
 2.56919e-27 2.60411e-27 4.63927e-26 9.24671e-20 2.26672e-14 6.7167e-10 2.40581e-06 0.00104162 0.0545148 0.344876 0.264004 0.0416985 0.131909 0.121268 0.0197868 0.0146081 0.0045542 0.0012977 0.000352 7.38401e-05 1.2491e-05 1.596e-06 1.2525e-07 4.97086e-09 8.13081e-11
 2.56915e-27 2.60397e-27 4.6251e-26 9.21682e-20 2.25939e-14 6.69498e-10 2.39803e-06 0.00103826 0.0543385 0.34376 0.263156 0.0419218 0.134204 0.123342 0.0193554 0.0131034 0.00411877 0.00123972 0.000337557 6.95479e-05 1.102e-05 1.30798e-06 1.00741e-07 4.09452e-09 6.73482e-11
 2.56913e-27 2.60393e-27 4.62083e-26 9.20781e-20 2.25718e-14 6.68844e-10 2.39569e-06 0.00103724 0.0542854 0.343424 0.2629 0.0419604 0.134678 0.123775 0.0193804 0.0130465 0.00403082 0.00110143 0.000301623 6.49801e-05 1.02413e-05 1.15389e-06 8.20075e-08 3.2407e-09 5.41599e-11
 2.56976e-27 2.60566e-27 4.77589e-26 9.53492e-20 2.33737e-14 6.92605e-10 2.48079e-06 0.00107409 0.056214 0.355625 0.272206 0.0413677 0.123629 0.11361 0.0181368 0.0127692 0.00394479 0.00106987 0.000283617 5.66609e-05 9.14423e-06 1.0472e-06 7.11165e-08 2.60147e-09 4.2071e-11
 2.56987e-27 2.60594e-27 4.79873e-26 9.58311e-20 2.34918e-14 6.96105e-10 2.49333e-06 0.00107952 0.056498 0.357422 0.27358 0.0414635 0.123393 0.113353 0.0173703 0.0110865 0.00344715 0.000982654 0.000261681 5.14439e-05 7.80751e-06 8.74787e-07 6.05499e-08 2.13021e-09 3.20937e-11
 2.57015e-27 2.60667e-27 4.86198e-26 9.71653e-20 2.38189e-14 7.05797e-10 2.52805e-06 0.00109455 0.0572846 0.362398 0.277379 0.0413746 0.120047 0.110245 0.0164421 0.00974756 0.00297266 0.000761005 0.000202836 4.15476e-05 6.28292e-06 6.72328e-07 4.47305e-08 1.5845e-09 2.30718e-11
 2.57009e-27 2.6065e-27 4.84608e-26 9.68299e-20 2.37367e-14 7.0336e-10 2.51932e-06 0.00109077 0.0570869 0.361147 0.276426 0.0415121 0.121763 0.111808 0.016366 0.00917811 0.00276325 0.000652914 0.000166336 3.12505e-05 4.80887e-06 5.23135e-07 3.35485e-08 1.14042e-09 1.65112e-11
 2.56969e-27 2.60542e-27 4.75063e-26 9.48163e-20 2.32431e-14 6.88734e-10 2.46693e-06 0.00106809 0.0558998 0.353637 0.270695 0.0417345 0.127482 0.117102 0.0176024 0.0106637 0.00319116 0.000710943 0.000175442 3.04563e-05 4.33471e-06 4.56377e-07 2.97875e-08 9.84768e-10 1.37171e-11
 2.56922e-27 2.60417e-27 4.64159e-26 9.25161e-20 2.26792e-14 6.72025e-10 2.40708e-06 0.00104217 0.0545437 0.345058 0.264147 0.041932 0.133586 0.122764 0.0191317 0.0127292 0.00385983 0.000931868 0.000229495 3.76187e-05 5.02417e-06 4.83874e-07 2.99089e-08 9.92719e-10 1.35346e-11
#obs catch len freq
 1.6283e-41 2.25997e-33 3.79156e-26 7.68922e-20 1.88492e-14 5.58537e-10 2.00059e-06 0.000866185 0.0453327 0.286788 0.21973 0.0443112 0.16571 0.140876 0.0438695 0.0357175 0.0117428 0.00404448 0.000884091 0.000118099 6.99756e-06 1.31364e-07 5.75649e-10 4.72529e-13 6.29931e-17
 1.64785e-41 2.28711e-33 3.83711e-26 7.78157e-20 1.90756e-14 5.65245e-10 2.02462e-06 0.000876589 0.0458772 0.290233 0.222423 0.0463288 0.167784 0.135098 0.0432418 0.0331659 0.0106962 0.00348532 0.000702438 8.14723e-05 3.96328e-06 5.79562e-08 1.8989e-10 1.13391e-13 1.08127e-17
 1.91772e-41 2.66167e-33 4.46551e-26 9.05596e-20 2.21996e-14 6.57816e-10 2.35619e-06 0.00102015 0.0533905 0.337764 0.258724 0.0457935 0.133966 0.101832 0.0333531 0.0238978 0.00749149 0.00229229 0.000427617 4.32238e-05 1.71467e-06 1.93668e-08 4.72662e-11 2.05369e-14 1.40408e-18
 1.94743e-41 2.7029e-33 4.53468e-26 9.19623e-20 2.25435e-14 6.68004e-10 2.39268e-06 0.00103595 0.0542175 0.342996 0.262814 0.0489808 0.141588 0.100258 0.0260502 0.0157035 0.00475179 0.00134985 0.000230388 2.02849e-05 6.57376e-07 5.71792e-09 1.03511e-11 3.26613e-15 1.60158e-19
 1.9924e-41 2.76533e-33 4.63941e-26 9.40863e-20 2.30641e-14 6.83433e-10 2.44795e-06 0.00105988 0.0554697 0.350918 0.268934 0.0506441 0.138133 0.0919563 0.0250276 0.0137642 0.00320831 0.000757641 0.000116122 8.79499e-06 2.32338e-07 1.56064e-09 2.09739e-12 4.8012e-16 1.68697e-20
 1.79898e-41 2.49686e-33 4.189e-26 8.49521e-20 2.0825e-14 6.17083e-10 2.21029e-06 0.00095698 0.0500845 0.316851 0.243151 0.0574863 0.174557 0.108818 0.0292853 0.0147771 0.00331635 0.000636595 7.33373e-05 4.55798e-06 9.69623e-08 5.024e-10 5.03189e-13 8.38514e-17 2.11436e-21
 1.49204e-41 2.07085e-33 3.47428e-26 7.04577e-20 1.72719e-14 5.11797e-10 1.83317e-06 0.000793701 0.0415392 0.262792 0.202203 0.0661213 0.219582 0.130799 0.0469517 0.0233841 0.00490516 0.000845416 7.8385e-05 3.50243e-06 5.60829e-08 2.20927e-10 1.64737e-13 2.0055e-17 3.64504e-22
 2.11862e-41 2.9405e-33 4.93331e-26 1.00046e-19 2.45252e-14 7.26727e-10 2.60302e-06 0.00112702 0.0589836 0.373149 0.286075 0.0520632 0.110144 0.0640653 0.0328275 0.0166499 0.00416707 0.000689541 5.46455e-05 1.85614e-06 2.06457e-08 5.7668e-11 3.12817e-14 2.7702e-18 3.63488e-23
 2.01722e-41 2.79976e-33 4.69718e-26 9.5258e-20 2.33514e-14 6.91943e-10 2.47843e-06 0.00107307 0.0561605 0.355291 0.27284 0.0625935 0.148139 0.0745118 0.0182277 0.00807025 0.00258399 0.000469569 3.68934e-05 1.02478e-06 8.29134e-09 1.57787e-11 5.85213e-15 3.63537e-19 3.39537e-24
 2.05932e-41 2.8582e-33 4.79523e-26 9.72462e-20 2.38388e-14 7.06386e-10 2.53016e-06 0.00109547 0.0573326 0.362707 0.278635 0.0639087 0.139492 0.067045 0.0209327 0.00732034 0.00127685 0.000230765 1.97823e-05 5.1472e-07 3.32132e-09 4.5306e-12 1.14415e-15 4.78765e-20 3.05018e-25
 1.7848e-41 2.47718e-33 4.15598e-26 8.42825e-20 2.06609e-14 6.12219e-10 2.19287e-06 0.000949437 0.0496898 0.31436 0.242457 0.0793773 0.191419 0.0856454 0.0258196 0.00858807 0.00151122 0.000170095 1.13726e-05 2.88587e-07 1.65376e-09 1.78027e-12 3.2604e-16 9.44133e-21 4.07876e-26
 2.06573e-41 2.86709e-33 4.81014e-26 9.75488e-20 2.39129e-14 7.08584e-10 2.53803e-06 0.00109888 0.057511 0.363839 0.279928 0.0688614 0.132954 0.0598367 0.0262179 0.00825748 0.00135067 0.000137067 6.27658e-06 1.13032e-07 5.52872e-10 5.0359e-13 7.28435e-17 1.56788e-21 4.82644e-27
 1.90764e-41 2.64767e-33 4.44202e-26 9.00834e-20 2.20829e-14 6.54356e-10 2.3438e-06 0.00101478 0.0531097 0.336 0.259545 0.0843216 0.170571 0.0669434 0.0205385 0.00653775 0.0012916 0.000119882 4.54387e-06 5.66368e-08 1.87619e-10 1.30152e-13 1.50431e-17 2.54518e-22 5.95391e-28
 1.98277e-41 2.75195e-33 4.61697e-26 9.36312e-20 2.29526e-14 6.80127e-10 2.43611e-06 0.00105475 0.0552014 0.349235 0.269819 0.0833078 0.151299 0.0597179 0.0233358 0.00600197 0.00093088 9.0593e-05 3.19941e-06 3.13184e-08 7.21026e-11 3.32357e-14 2.68273e-18 3.36288e-23 5.98318e-29
 1.68545e-41 2.33929e-33 3.92465e-26 7.95911e-20 1.95108e-14 5.78141e-10 2.07081e-06 0.000896588 0.0469239 0.296881 0.231525 0.108233 0.205366 0.0750111 0.0269149 0.00706595 0.00109483 8.24176e-05 2.59076e-06 2.24085e-08 4.01058e-11 1.30765e-14 7.0996e-19 5.96801e-24 7.32558e-30
 1.54523e-41 2.14468e-33 3.59815e-26 7.29698e-20 1.78877e-14 5.30045e-10 1.89853e-06 0.000822 0.0430202 0.272196 0.213727 0.117776 0.212887 0.0866035 0.0415537 0.00988604 0.00142432 0.000100308 2.49955e-06 1.7312e-08 2.55182e-11 6.48622e-15 2.5687e-19 1.50348e-24 1.25286e-30
 1.79476e-41 2.491e-33 4.17917e-26 8.47528e-20 2.07761e-14 6.15635e-10 2.2051e-06 0.000954734 0.049967 0.316144 0.246938 0.105605 0.164736 0.0688535 0.0353804 0.0098136 0.00150906 9.36729e-05 2.00082e-06 1.08349e-08 1.20722e-11 2.3667e-15 7.21392e-20 3.16113e-25 1.90872e-31
 1.75464e-41 2.43532e-33 4.08575e-26 8.28582e-20 2.03117e-14 6.01873e-10 2.15581e-06 0.000933392 0.0488501 0.309096 0.243205 0.12162 0.178664 0.0628524 0.0260503 0.00740268 0.00124302 7.94343e-05 1.46804e-06 6.39588e-09 5.45483e-12 7.89352e-16 1.77018e-20 5.76268e-26 2.59238e-32
 1.768e-41 2.45387e-33 4.11687e-26 8.34894e-20 2.04664e-14 6.06458e-10 2.17223e-06 0.000940502 0.0492222 0.311466 0.246071 0.126482 0.171235 0.0625804 0.0254229 0.00566887 0.000853917 5.49516e-05 9.62519e-07 3.53221e-09 2.35033e-12 2.56098e-16 4.22046e-21 9.94641e-27 3.22821e-33
 1.72581e-41 2.39531e-33 4.01864e-26 8.14971e-20 1.99781e-14 5.91987e-10 2.1204e-06 0.00091806 0.0480477 0.304062 0.242234 0.138073 0.174289 0.0622334 0.0242562 0.00521122 0.000639005 3.40221e-05 5.37911e-07 1.73666e-09 9.49595e-13 8.01769e-17 9.88928e-22 1.71193e-27 4.03159e-34
 1.81477e-41 2.51878e-33 4.22578e-26 8.5698e-20 2.10079e-14 6.22501e-10 2.2297e-06 0.000965383 0.0505244 0.319748 0.254899 0.135458 0.154796 0.0570812 0.0216683 0.0043581 0.000478272 2.02934e-05 2.50632e-07 6.64645e-10 3.00157e-13 2.03585e-17 1.94856e-22 2.54223e-28 4.42137e-35
 1.78423e-41 2.47639e-33 4.15467e-26 8.42558e-20 2.06543e-14 6.12025e-10 2.19217e-06 0.000949136 0.0496742 0.314413 0.253323 0.14893 0.157678 0.0529816 0.0181685 0.00352144 0.000346107 1.22269e-05 1.15697e-07 2.29242e-10 7.92155e-14 4.18967e-18 3.12706e-23 3.14485e-29 4.15067e-36
 1.80453e-41 2.50456e-33 4.20192e-26 8.52142e-20 2.08893e-14 6.18987e-10 2.21711e-06 0.000959932 0.0502394 0.31803 0.257865 0.152909 0.149332 0.0514155 0.0162743 0.00272917 0.000236623 7.05064e-06 5.24502e-08 7.74647e-11 1.94764e-14 7.52492e-19 4.16244e-24 3.13794e-30 3.11852e-37
 1.79234e-41 2.48764e-33 4.17354e-26 8.46386e-20 2.07481e-14 6.14806e-10 2.20213e-06 0.000953448 0.0499002 0.315947 0.258921 0.16157 0.14618 0.0493689 0.0147135 0.00227513 0.000164325 3.99043e-06 2.35399e-08 2.64232e-11 4.88441e-15 1.36017e-19 5.38399e-25 2.91122e-31 2.08982e-38
 1.8165e-41 2.52118e-33 4.22981e-26 8.57797e-20 2.10279e-14 6.23094e-10 2.23182e-06 0.000966302 0.0505731 0.32027 0.264457 0.164746 0.137662 0.0464912 0.0128934 0.00182241 0.000113192 2.18642e-06 9.91549e-09 8.44289e-12 1.16233e-15 2.36649e-20 6.75273e-26 2.60793e-32 1.33067e-39
 1.76211e-41 2.44569e-33 4.10316e-26 8.32113e-20 2.03983e-14 6.04438e-10 2.165e-06 0.000937369 0.0490592 0.310812 0.261619 0.179277 0.139893 0.045268 0.0115634 0.00148881 7.9121e-05 1.23262e-06 4.26701e-09 2.69741e-12 2.73409e-16 4.07753e-21 8.46452e-27 2.36042e-33 8.63816e-41
 1.66404e-41 2.30958e-33 3.8748e-26 7.85802e-20 1.9263e-14 5.70798e-10 2.04451e-06 0.000885201 0.0463295 0.293706 0.253955 0.195403 0.146396 0.0499769 0.0119186 0.00136506 6.16353e-05 7.73432e-07 2.06069e-09 9.69788e-13 7.17189e-17 7.73682e-22 1.15882e-27 2.32922e-34 6.13462e-42
 1.66104e-41 2.30541e-33 3.8678e-26 7.84382e-20 1.92282e-14 5.69767e-10 2.04081e-06 0.000883602 0.0462463 0.293327 0.257104 0.197534 0.141004 0.0507548 0.0118434 0.00125195 4.74083e-05 4.74694e-07 9.73123e-10 3.42834e-13 1.86168e-17 1.45521e-22 1.56621e-28 2.25231e-35 4.23707e-43
#spawning biomass
 8789.99 6621.63 7440.38 10965.7 14859.1 16025.6 16487.1 21463.6 31985.4 46200.5 55510.8 74667.5 99799 126741 129400 107926 98664.2 97976.4 91578.3 98635.2 98678.2 95711.9 105686 118559 121403 122868 134755 158606 223262 373607 401776 381203 335994 284137 235805 195316 163532 139635 122202 109757 101015 94942 90732.1 87813.1 85867.5 84570.6 83706.2 83130 82746 82490 82319.3 82205.6 82129.8 82079.3 82045.6 82023.1 82008.2 81998.2 81991.5 81987.1 81984.1 81982.2 81980.9 81980 81979.4 81979 81978.8 81978.6 81978.5 81978.4 81978.3 81978.3 81978.3 81978.3 81978.3 81978.3 81978.2 81978.2 81978.2 81978.2 81978.2 81978.2 81978.2 81978.2 81978.2 81978.2 81978.2 81978.2 81978.2 81978.2 81978.2 81978.2 81978.2 81978.2 81978.2 81978.2 81978.2 81978.2 81978.2 81978.2 81978.2 81978.2 81978.2 81978.2 81978.2 81978.2 81978.2 81978.2 81978.2 81978.2 81978.2 81978.2 81978.2 81978.2 81978.2 81978.2 81978.2 81978.2 81978.2 81978.2 81978.2 81978.2 81978.2 81978.2 81978.2 81978.2 81978.2 81978.2 0 0 0 0 0 0 0 0 0 0 0 0 0 0 0 0 0 0 0 0 0 0 0 0 0
