SBPRF35
0.224663
Curr Bio
26539.3
B35
69519.8
F35
0.495272
FOFL
0.390226
OFL
20862.6
Bzero
64189.3
#pred survey bio
 8804.39 6923.37 8002.56 9874.47 12406.9 14567 13926.6 13596 22158.9 34037.6 34733.8 43256.5 66954.4 79196.6 69552.6 60178.5 51741.7 56460.4 53965.8 55502.2 57611.6 61491.4 68911.2 71589.6 76216.3 77459.9 68105 65024.5 66096.8 3.66224e+06 2.31561e+06 1.8813e+06 1.4037e+06 1.09792e+06 932409 848062 805746 784279 773063 766955 763474 761403 760123 759309 758780 758434 758204 758051 757949 757880 757833 757802 757781 757767 757757 757751 757746 757743 757741 757740 757739 757738 757738 757737 757737 757737 757737 757737 757737 757737 757737 757737 757737 757737 757737 757737 757737 757737 757737 757737 757737 757737 757737 757737 757737 757737 757737 757737 757737 757737 757737 757737 757737 757737 757737 757737 757737 757737 757737 757737 757737 757737 757737 757737 757737 757737 757737 757737 757737 757737 757737 757737 757737 757737 757737 757737 757737 757737 757737 757737 757737 757737 757737 757737 757737 757737 757737 757737 757737 0 0 0 0 0 0 0 0 0 0 0 0 0 0 0 0 0 0 0 0 0 0 0 0 0
#obs survey bio
 7909.87 9625.01 9945.66 7038.98 12771 12609.9 12850 22541.5 31232.3 36225.1 32272 75086.5 64477.9 60359.7 65428.8 42953 58033.2 45736.2 58499.6 41149.6 56495.9 68639.5 88937.7 74509.1 64420.7 71372.3 56931.8 93482 89561.4
#pred catch bio
 5365.68 3371.2 3784.26 4841.03 6180.9 8055.93 8486.97 7021.71 8505.76 19129.6 21359 20392.5 35100.1 49315.1 43842.3 41624.5 29180 36110.6 32637.2 33473.2 35375 34331 42151.2 43390.2 44658.9 49987.9 43500.3 41382 12363.6 20862.6 30879.7 25823.4 18286.1 13524.3 11093.1 9950.11 9436.28 9211.66 9115.26 9074.4 9057.22 9050.05 9047.06 9045.82 9045.31 9045.1 9045.01 9044.97 9044.96 9044.95 9044.95 9044.95 9044.95 9044.95 9044.95 9044.95 9044.95 9044.95 9044.95 9044.95 9044.95 9044.95 9044.95 9044.95 9044.95 9044.95 9044.95 9044.95 9044.95 9044.95 9044.95 9044.95 9044.95 9044.95 9044.95 9044.95 9044.95 9044.95 9044.95 9044.95 9044.95 9044.95 9044.95 9044.95 9044.95 9044.95 9044.95 9044.95 9044.95 9044.95 9044.95 9044.95 9044.95 9044.95 9044.95 9044.95 9044.95 9044.95 9044.95 9044.95 9044.95 9044.95 9044.95 9044.95 9044.95 9044.95 9044.95 9044.95 9044.95 9044.95 9044.95 9044.95 9044.95 9044.95 9044.95 9044.95 9044.95 9044.95 9044.95 9044.95 9044.95 9044.95 9044.95 9044.95 9044.95 9044.95 9044.95 9044.95 9044.95 0 0 0 0 0 0 0 0 0 0 0 0 0 0 0 0 0 0 0 0 0 0 0 0 0
#obs catch bio
 3255.26 3315.66 3678.6 4819.92 6084.08 8038.96 8708.55 7062.09 8245.49 18610.7 21949.9 19953.2 34330.3 50013.7 44257.4 43678.9 28848.5 36828.6 33128.1 33769.3 35656.9 34061.6 41958.4 43845.7 45133.7 50482.1 44308.7 41570.2 12213.6
#pred cpue bio
 6433.25 4530.8 5140.11 6251.83 7695.16 9329.16 9321.73 8344.99 12029 21443.8 22385.6 23899.9 39287.3 50055.9 45229.1 38683.4 31081.9 35563.2 33022.5 34357.4 35440.5 36969.2 43062.2 43500 46424.6 49260.2 42994.2 39823.4 39770.7 2.5671e+06 1.94238e+06 1.70842e+06 1.25693e+06 951544 785711 701284 658953 637484 626267 620159 616679 614607 613328 612514 611985 611638 611409 611256 611153 611084 611038 611007 610985 610971 610962 610955 610951 610948 610946 610944 610943 610943 610942 610942 610942 610942 610941 610941 610941 610941 610941 610941 610941 610941 610941 610941 610941 610941 610941 610941 610941 610941 610941 610941 610941 610941 610941 610941 610941 610941 610941 610941 610941 610941 610941 610941 610941 610941 610941 610941 610941 610941 610941 610941 610941 610941 610941 610941 610941 610941 610941 610941 610941 610941 610941 610941 610941 610941 610941 610941 610941 610941 610941 610941 610941 610941 610941 610941 610941 0 0 0 0 0 0 0 0 0 0 0 0 0 0 0 0 0 0 0 0 0 0 0 0 0
#obs cpue bio
 3329.16 5525.24 6659.19 6476.75 10747.8 8392.96 6153.27 7705.73 16308.3 20441.1 16442.2 25715.2 42725 42536.6 38882.1 30124.2 33490 29509.1 24440.2 37620.5 41268 32754.9 42895.4 28987.9 39862.4 56742.4 35926.8 41767.6 29851.2
#pred surv len freq
 2.14227e-27 2.16467e-27 5.7163e-27 1.21505e-21 7.22637e-17 9.88077e-13 3.10603e-09 2.24474e-06 0.00037296 0.0142468 0.125116 0.252615 0.117845 0.0281826 0.0960054 0.135118 0.0552069 0.0449853 0.0394077 0.0247553 0.0193825 0.0152345 0.0141975 0.0123048 0.00502167
 2.14256e-27 2.1665e-27 5.96239e-27 1.2986e-21 7.7233e-17 1.05602e-12 3.31962e-09 2.3991e-06 0.000398607 0.0152265 0.13372 0.269987 0.125999 0.0314635 0.110805 0.155732 0.0598412 0.0380003 0.0298867 0.0123129 0.00675538 0.00396829 0.00287572 0.00216742 0.000858457
 2.14308e-27 2.16807e-27 6.14956e-27 1.36217e-21 8.10134e-17 1.10771e-12 3.48211e-09 2.51653e-06 0.000418118 0.0159718 0.140265 0.283201 0.13207 0.0304312 0.100521 0.14138 0.0568344 0.0434271 0.0343469 0.0124777 0.00524484 0.00189411 0.000852763 0.000485336 0.000175483
 2.14333e-27 2.16868e-27 6.21235e-27 1.38346e-21 8.22794e-17 1.12502e-12 3.53653e-09 2.55586e-06 0.000424652 0.0162214 0.142457 0.287627 0.134127 0.0307171 0.100933 0.14186 0.0556353 0.0386478 0.0308226 0.0126566 0.00564521 0.00163832 0.000416588 0.000130462 3.73209e-05
 2.14384e-27 2.16991e-27 6.33864e-27 1.42627e-21 8.48259e-17 1.15984e-12 3.64598e-09 2.63496e-06 0.000437795 0.0167235 0.146866 0.296528 0.138241 0.0306796 0.0980211 0.137709 0.0535472 0.0358424 0.0281244 0.0107367 0.00468599 0.00146884 0.000324302 5.30265e-05 8.54557e-06
 2.14243e-27 2.16645e-27 5.97066e-27 1.30144e-21 7.74016e-17 1.05833e-12 3.32687e-09 2.40434e-06 0.000399477 0.0152598 0.134012 0.270576 0.126293 0.0320183 0.114015 0.160247 0.0614375 0.0385716 0.0298836 0.0110206 0.00456638 0.00135469 0.000297295 4.08975e-05 3.53305e-06
 2.14092e-27 2.16279e-27 5.59341e-27 1.17352e-21 6.97936e-17 9.54303e-13 2.99986e-09 2.16801e-06 0.000360212 0.0137598 0.12084 0.243982 0.114012 0.0323866 0.12428 0.174884 0.0689044 0.0486992 0.0379521 0.0131288 0.00505766 0.00141984 0.000291837 3.78893e-05 2.63153e-06
 2.14445e-27 2.17145e-27 6.50629e-27 1.48317e-21 8.82096e-17 1.20611e-12 3.79142e-09 2.74007e-06 0.000455259 0.0173906 0.152725 0.308356 0.143672 0.0297043 0.0885025 0.124373 0.0499707 0.0381077 0.0301415 0.010916 0.00431045 0.00113133 0.000212951 2.56744e-05 1.63542e-06
 2.14715e-27 2.17794e-27 7.17361e-27 1.70944e-21 1.01667e-16 1.39012e-12 4.36985e-09 3.1581e-06 0.000524714 0.0200437 0.176025 0.355398 0.165401 0.0291753 0.071094 0.0995358 0.0371397 0.0203222 0.0156063 0.00617345 0.00266741 0.000735866 0.000137932 1.53989e-05 9.01023e-07
 2.14218e-27 2.1657e-27 5.87504e-27 1.26893e-21 7.54678e-17 1.03189e-12 3.24375e-09 2.34427e-06 0.000389497 0.0148785 0.130664 0.263817 0.123231 0.0337078 0.126367 0.177446 0.0646685 0.0306675 0.0224922 0.00762421 0.00295256 0.000886929 0.000182793 2.09553e-05 1.17397e-06
 2.14253e-27 2.16675e-27 6.01044e-27 1.31497e-21 7.82065e-17 1.06933e-12 3.36147e-09 2.42934e-06 0.000403632 0.0154185 0.135406 0.27339 0.127559 0.0311047 0.107591 0.151373 0.060831 0.0463453 0.0357299 0.0105463 0.00328363 0.000832853 0.000161793 1.99375e-05 1.17409e-06
 2.14685e-27 2.17724e-27 7.10286e-27 1.68546e-21 1.00241e-16 1.37061e-12 4.30854e-09 3.11379e-06 0.000517352 0.0197625 0.173555 0.350412 0.163093 0.0291048 0.072167 0.101109 0.0385226 0.0234791 0.0181667 0.00677661 0.00264148 0.000589466 8.99512e-05 9.72965e-06 5.76363e-07
 2.1445e-27 2.17138e-27 6.4721e-27 1.47144e-21 8.75122e-17 1.19657e-12 3.76144e-09 2.7184e-06 0.000451659 0.0172531 0.151517 0.305919 0.142636 0.0321231 0.104003 0.145846 0.0524625 0.0227472 0.0164448 0.00567931 0.00219541 0.00060351 0.000104721 9.70936e-06 4.82749e-07
 2.14253e-27 2.16663e-27 5.98307e-27 1.30562e-21 7.765e-17 1.06173e-12 3.33755e-09 2.41205e-06 0.000400759 0.0153087 0.134442 0.271445 0.126711 0.0324712 0.116519 0.163742 0.0622816 0.0375636 0.0280435 0.00797879 0.00236563 0.000600436 0.000111312 1.19378e-05 5.84786e-07
 2.14166e-27 2.16453e-27 5.76678e-27 1.23228e-21 7.32881e-17 1.00208e-12 3.15006e-09 2.27656e-06 0.000378247 0.0144488 0.12689 0.256197 0.11967 0.0326906 0.122454 0.17218 0.0662146 0.0421194 0.0321307 0.0103348 0.0034433 0.000727659 0.00010622 1.10178e-05 5.89018e-07
 2.14244e-27 2.16648e-27 5.9777e-27 1.30385e-21 7.75448e-17 1.06029e-12 3.33303e-09 2.40879e-06 0.000400216 0.015288 0.13426 0.271077 0.126509 0.0316249 0.111463 0.156738 0.0614292 0.0424702 0.0328605 0.0109314 0.00388673 0.000911628 0.000135462 1.16566e-05 5.4783e-07
 2.14417e-27 2.17063e-27 6.40121e-27 1.44743e-21 8.60843e-17 1.17705e-12 3.70007e-09 2.67405e-06 0.00044429 0.0169716 0.149045 0.300928 0.14031 0.0316121 0.102388 0.143702 0.0535206 0.0289389 0.0216526 0.00718831 0.0025667 0.000621014 9.92487e-05 9.00811e-06 3.91418e-07
 2.14259e-27 2.16678e-27 5.99699e-27 1.31033e-21 7.79305e-17 1.06556e-12 3.3496e-09 2.42077e-06 0.000402207 0.015364 0.134928 0.272425 0.127169 0.0325977 0.116996 0.16437 0.061887 0.0354716 0.0265643 0.00827552 0.00275339 0.00067139 0.000111056 1.06664e-05 4.90435e-07
 2.14381e-27 2.16979e-27 6.31741e-27 1.41903e-21 8.43953e-17 1.15395e-12 3.62747e-09 2.62158e-06 0.000435572 0.0166386 0.146121 0.295023 0.137571 0.0313736 0.102712 0.144259 0.0550947 0.0339138 0.0256395 0.0079457 0.00258071 0.00058778 9.15988e-05 8.89236e-06 4.26965e-07
 2.14316e-27 2.16815e-27 6.14013e-27 1.35888e-21 8.08176e-17 1.10504e-12 3.47369e-09 2.51045e-06 0.000417107 0.0159332 0.139926 0.282517 0.131825 0.0323362 0.112357 0.157786 0.0589319 0.0323633 0.0242269 0.00791424 0.0027368 0.000623287 9.32793e-05 8.51306e-06 3.99188e-07
 2.14363e-27 2.16933e-27 6.26944e-27 1.40276e-21 8.34277e-17 1.14072e-12 3.58588e-09 2.59153e-06 0.000430578 0.0164478 0.144445 0.291641 0.136013 0.0315171 0.104607 0.146935 0.0560889 0.0344437 0.0260202 0.00804124 0.00263422 0.000625428 9.81524e-05 8.8452e-06 3.95433e-07
 2.14418e-27 2.17066e-27 6.40444e-27 1.44853e-21 8.61498e-17 1.17794e-12 3.70288e-09 2.67608e-06 0.000444627 0.0169845 0.149158 0.301156 0.140412 0.0315275 0.101803 0.142894 0.0534593 0.0296281 0.0221936 0.00720623 0.00247294 0.000563193 8.59164e-05 7.99948e-06 3.63337e-07
 2.14292e-27 2.16757e-27 6.08109e-27 1.33886e-21 7.9627e-17 1.08876e-12 3.42252e-09 2.47347e-06 0.000410963 0.0156985 0.137865 0.278356 0.129901 0.0323213 0.113521 0.159468 0.0600937 0.034605 0.0259833 0.00822421 0.00277514 0.000660721 0.000103708 9.44171e-06 4.29107e-07
 2.14408e-27 2.17045e-27 6.38761e-27 1.44285e-21 8.58116e-17 1.17332e-12 3.68835e-09 2.66558e-06 0.000442882 0.0169178 0.148573 0.299974 0.139851 0.0311328 0.0997493 0.14008 0.0535735 0.0332033 0.0251788 0.00794682 0.00265203 0.000615929 9.63776e-05 9.03262e-06 4.12769e-07
 2.14363e-27 2.16929e-27 6.25795e-27 1.39883e-21 8.31938e-17 1.13753e-12 3.57583e-09 2.58426e-06 0.000429371 0.0164017 0.144041 0.290824 0.135659 0.032157 0.10876 0.152677 0.0566024 0.0298122 0.0221749 0.00725346 0.00252296 0.000585465 9.00227e-05 8.32114e-06 3.84057e-07
 2.14232e-27 2.16613e-27 5.93066e-27 1.28784e-21 7.65928e-17 1.04727e-12 3.29211e-09 2.37922e-06 0.000395303 0.0151003 0.132612 0.267749 0.125008 0.0326031 0.118438 0.166446 0.0632013 0.037815 0.0284169 0.00865272 0.00278307 0.000662119 0.000105343 9.71607e-06 4.42637e-07
 2.14277e-27 2.16724e-27 6.05017e-27 1.32839e-21 7.90046e-17 1.08025e-12 3.39577e-09 2.45413e-06 0.000407751 0.0155758 0.136787 0.27618 0.128883 0.0320128 0.112294 0.15781 0.0604869 0.0378797 0.0287756 0.00910384 0.00301698 0.000673091 0.000101038 9.45309e-06 4.36877e-07
 2.14372e-27 2.16956e-27 6.29216e-27 1.41046e-21 8.38856e-17 1.14699e-12 3.60557e-09 2.60575e-06 0.000432942 0.0165381 0.145238 0.293242 0.136755 0.0315778 0.104495 0.146745 0.0555887 0.0328849 0.0248704 0.00808665 0.00279204 0.000644478 9.67857e-05 8.59089e-06 3.87598e-07
 2.14401e-27 2.17023e-27 6.35701e-27 1.43243e-21 8.51921e-17 1.16485e-12 3.66172e-09 2.64634e-06 0.000439685 0.0167957 0.1475 0.297809 0.138878 0.0318863 0.105002 0.147374 0.0546497 0.0288141 0.0213236 0.00668455 0.00222508 0.000525099 8.21788e-05 7.43609e-06 3.28169e-07
#obs surv len freq
 8.64411e-40 4.23069e-33 4.76044e-27 1.23148e-21 7.32408e-17 1.00144e-12 3.14802e-09 2.27508e-06 0.000378008 0.0144394 0.126807 0.256031 0.119574 0.0321799 0.119385 0.1679 0.0652533 0.0435746 0.0341209 0.0128452 0.00545238 0.00164437 0.000360112 4.83512e-05 3.32611e-06
 1.03581e-39 5.06957e-33 5.70436e-27 1.47567e-21 8.77633e-17 1.20001e-12 3.77223e-09 2.7262e-06 0.000452961 0.0173025 0.151951 0.306795 0.142984 0.0305725 0.0942729 0.132372 0.0509564 0.0325979 0.0252907 0.00925845 0.0038054 0.0011153 0.000237468 3.1028e-05 2.06408e-06
 9.70119e-40 4.74806e-33 5.34259e-27 1.38208e-21 8.21974e-17 1.1239e-12 3.53299e-09 2.5533e-06 0.000424234 0.0162052 0.142314 0.287339 0.134073 0.0328115 0.113805 0.159695 0.0577872 0.0261373 0.0191041 0.00672998 0.00264821 0.000748732 0.000153259 1.9365e-05 1.25018e-06
 1.05014e-39 5.13971e-33 5.78328e-27 1.49608e-21 8.89775e-17 1.21661e-12 3.82441e-09 2.76391e-06 0.000459228 0.0175419 0.154053 0.31104 0.144976 0.0313728 0.0978794 0.13732 0.0509115 0.0267989 0.0196448 0.00569077 0.00174946 0.000459647 8.92444e-05 1.07873e-05 6.70665e-07
 9.85422e-40 4.82296e-33 5.42687e-27 1.40388e-21 8.34939e-17 1.14163e-12 3.58872e-09 2.59358e-06 0.000430926 0.0164608 0.144559 0.291872 0.13617 0.0328667 0.112777 0.158216 0.0568963 0.0246008 0.0175425 0.00542263 0.00173798 0.000378975 5.89866e-05 6.49718e-06 3.83443e-07
 8.15779e-40 3.99267e-33 4.49262e-27 1.1622e-21 6.91202e-17 9.45094e-13 2.97091e-09 2.14709e-06 0.000356741 0.013627 0.119673 0.241628 0.113014 0.0348001 0.139723 0.196302 0.0717683 0.0346941 0.0249781 0.0069721 0.00195625 0.00043557 6.45908e-05 5.82532e-06 2.93136e-07
 7.93287e-40 3.88259e-33 4.36875e-27 1.13015e-21 6.72145e-17 9.19037e-13 2.889e-09 2.08789e-06 0.000346905 0.0132513 0.116373 0.234966 0.10989 0.0336292 0.134583 0.189312 0.0727792 0.0461916 0.0348292 0.0101664 0.00298185 0.000609011 8.17514e-05 7.06457e-06 3.13046e-07
 1.32813e-39 6.50026e-33 7.3142e-27 1.89211e-21 1.12531e-16 1.53866e-12 4.83679e-09 3.49556e-06 0.000580792 0.0221855 0.194833 0.393372 0.182893 0.0274522 0.0491307 0.0685767 0.0262315 0.0162809 0.0124458 0.00417751 0.00147128 0.000318935 4.29329e-05 3.41528e-06 1.39472e-07
 1.10428e-39 5.4047e-33 6.08146e-27 1.57322e-21 9.3565e-17 1.27933e-12 4.02159e-09 2.90642e-06 0.000482905 0.0184463 0.161996 0.327076 0.152438 0.0326609 0.100909 0.141226 0.0473217 0.00959596 0.00531331 0.00173342 0.000617679 0.000152865 2.40847e-05 2.01813e-06 7.9778e-08
 6.40258e-40 3.13362e-33 3.526e-27 9.12143e-22 5.42486e-17 7.41751e-13 2.3317e-09 1.68513e-06 0.000279986 0.0106951 0.0939244 0.189644 0.089128 0.0387261 0.179357 0.251953 0.0885201 0.0316668 0.0208678 0.00445386 0.000634036 0.00012562 2.0762e-05 1.99091e-06 8.73107e-08
 1.23286e-39 6.03401e-33 6.78956e-27 1.7564e-21 1.04459e-16 1.42829e-12 4.48985e-09 3.24483e-06 0.000539133 0.0205942 0.180858 0.365157 0.169865 0.0278883 0.0602978 0.08451 0.0345231 0.0278512 0.0212548 0.00533853 0.00113925 0.000166988 1.30687e-05 9.66174e-07 4.51224e-08
 1.18023e-39 5.7764e-33 6.4997e-27 1.68141e-21 9.99998e-17 1.36732e-12 4.29817e-09 3.1063e-06 0.000516116 0.0197149 0.173137 0.349569 0.162785 0.0312759 0.085675 0.119798 0.0403738 0.00897772 0.0053102 0.00196953 0.000742944 0.000137954 1.30814e-05 6.74762e-07 1.85526e-08
 8.83155e-40 4.32243e-33 4.86367e-27 1.25818e-21 7.4829e-17 1.02315e-12 3.21628e-09 2.32441e-06 0.000386205 0.0147525 0.129557 0.261583 0.122273 0.0356836 0.139102 0.195113 0.0670966 0.0193504 0.0119858 0.00260009 0.000408845 9.1063e-05 1.41061e-05 9.54592e-07 2.61368e-08
 9.20585e-40 4.50563e-33 5.0698e-27 1.31151e-21 7.80004e-17 1.06651e-12 3.3526e-09 2.42293e-06 0.000402573 0.0153778 0.135048 0.272669 0.127306 0.0332429 0.120861 0.169743 0.0627995 0.0326096 0.0233654 0.00544771 0.000972246 0.000139297 1.20085e-05 9.27643e-07 3.60461e-08
 7.35716e-40 3.60082e-33 4.0517e-27 1.04814e-21 6.23366e-17 8.52341e-13 2.67934e-09 1.93637e-06 0.00032173 0.0122897 0.107928 0.217915 0.102104 0.0362111 0.155483 0.218469 0.0789511 0.0353352 0.0252052 0.00733817 0.00207149 0.000344551 2.85802e-05 1.43677e-06 4.18609e-08
 1.11994e-39 5.48133e-33 6.16768e-27 1.59552e-21 9.48916e-17 1.29747e-12 4.07861e-09 2.94762e-06 0.000489751 0.0187079 0.164293 0.331712 0.154476 0.0298502 0.0823545 0.115534 0.0445559 0.0286786 0.0215149 0.00589342 0.00157526 0.000321058 3.86856e-05 2.27273e-06 5.66376e-08
 8.71466e-40 4.26522e-33 4.79929e-27 1.24153e-21 7.38386e-17 1.00961e-12 3.17371e-09 2.29365e-06 0.000381093 0.0145573 0.127842 0.258121 0.120672 0.03566 0.14 0.196389 0.0676375 0.0198843 0.0129146 0.00420037 0.00141395 0.000286 3.54021e-05 2.60721e-06 8.47654e-08
 9.56172e-40 4.6798e-33 5.26578e-27 1.36221e-21 8.10156e-17 1.10774e-12 3.4822e-09 2.51659e-06 0.000418135 0.0159722 0.140268 0.283209 0.132162 0.0327922 0.114933 0.161372 0.0596377 0.0307713 0.022031 0.00516934 0.00101115 0.000215833 3.17272e-05 2.45376e-06 8.86331e-08
 1.0092e-39 4.93935e-33 5.55783e-27 1.43776e-21 8.55088e-17 1.16918e-12 3.67532e-09 2.65617e-06 0.000441326 0.0168581 0.148048 0.298915 0.139419 0.0326707 0.109457 0.153519 0.0549949 0.0231036 0.0162667 0.00472273 0.00133038 0.00022656 2.26583e-05 1.76636e-06 7.11595e-08
 8.68766e-40 4.252e-33 4.78442e-27 1.23769e-21 7.36098e-17 1.00648e-12 3.16388e-09 2.28654e-06 0.000379913 0.0145122 0.127446 0.257321 0.120279 0.0350435 0.136478 0.191556 0.0677434 0.025682 0.0174971 0.00462894 0.00116617 0.00023447 2.8464e-05 1.81584e-06 5.94002e-08
 1.1173e-39 5.46842e-33 6.15316e-27 1.59176e-21 9.46682e-17 1.29442e-12 4.06901e-09 2.94068e-06 0.000488598 0.0186638 0.163906 0.330932 0.154148 0.0307133 0.0878582 0.123152 0.0453539 0.0229288 0.0164881 0.0042031 0.000963381 0.000176638 2.07382e-05 1.50933e-06 5.10329e-08
 8.88452e-40 4.34836e-33 4.89284e-27 1.26573e-21 7.52778e-17 1.02929e-12 3.23557e-09 2.33836e-06 0.000388521 0.014841 0.130334 0.263152 0.122985 0.0353361 0.136507 0.191488 0.0662346 0.02039 0.0132457 0.00380384 0.00107367 0.000196363 2.09489e-05 1.41511e-06 4.89986e-08
 1.00117e-39 4.90002e-33 5.51358e-27 1.42631e-21 8.48281e-17 1.15987e-12 3.64606e-09 2.63502e-06 0.000437812 0.0167239 0.146869 0.296535 0.138304 0.0322647 0.107696 0.151147 0.0556859 0.0282084 0.0201635 0.00480277 0.000953746 0.000181513 2.25112e-05 1.51914e-06 4.87496e-08
 1.0333e-39 5.05727e-33 5.69052e-27 1.47208e-21 8.75503e-17 1.19709e-12 3.76307e-09 2.71958e-06 0.000451862 0.0172605 0.151582 0.306051 0.142714 0.0325521 0.106582 0.149427 0.0530071 0.0206251 0.0142677 0.00411066 0.00114864 0.000197075 1.91441e-05 1.30528e-06 4.51863e-08
 8.76732e-40 4.291e-33 4.8283e-27 1.24904e-21 7.42848e-17 1.01571e-12 3.1929e-09 2.30751e-06 0.000383396 0.0146452 0.128615 0.259681 0.121369 0.0350424 0.135761 0.190526 0.0671374 0.0246778 0.0166408 0.00427607 0.00101649 0.000200893 2.42555e-05 1.52954e-06 4.64851e-08
 9.25374e-40 4.52906e-33 5.09617e-27 1.31833e-21 7.84061e-17 1.07206e-12 3.37004e-09 2.43553e-06 0.000404667 0.0154578 0.13575 0.274087 0.127962 0.0332536 0.120499 0.169209 0.0622792 0.0313711 0.0225234 0.00568176 0.00126675 0.000224451 2.50887e-05 1.78635e-06 5.97084e-08
 9.67088e-40 4.73323e-33 5.3259e-27 1.37776e-21 8.19406e-17 1.12039e-12 3.52195e-09 2.54532e-06 0.000422909 0.0161546 0.14187 0.286442 0.133665 0.0330099 0.115287 0.161784 0.0585679 0.0265297 0.0189461 0.00546439 0.00154387 0.000279269 2.88958e-05 1.87082e-06 6.23475e-08
 1.12879e-39 5.52463e-33 6.2164e-27 1.60812e-21 9.56411e-17 1.30772e-12 4.11083e-09 2.9709e-06 0.00049362 0.0188556 0.16559 0.334333 0.155733 0.0310535 0.08891 0.124539 0.0445276 0.0184296 0.0128516 0.00352138 0.000942596 0.000191401 2.3721e-05 1.57235e-06 4.87397e-08
 1.12879e-39 5.52463e-33 6.2164e-27 1.60812e-21 9.56411e-17 1.30772e-12 4.11083e-09 2.9709e-06 0.00049362 0.0188556 0.16559 0.334333 0.155733 0.0310535 0.08891 0.124539 0.0445276 0.0184296 0.0128516 0.00352138 0.000942596 0.000191401 2.3721e-05 1.57235e-06 4.87397e-08
#pred catch len freq
 2.13873e-27 2.15553e-27 4.73609e-27 8.82561e-22 5.24892e-17 7.17697e-13 2.25609e-09 1.63048e-06 0.000270902 0.0103483 0.0908791 0.183491 0.0859066 0.0286773 0.119856 0.169008 0.0705305 0.0615845 0.0543207 0.0341651 0.0267238 0.0209537 0.0194984 0.0168909 0.00689272
 2.13835e-27 2.15615e-27 4.8762e-27 9.30209e-22 5.53231e-17 7.56444e-13 2.37789e-09 1.71851e-06 0.000285528 0.010907 0.0957856 0.193399 0.090663 0.0333692 0.145522 0.204916 0.0804881 0.0562562 0.0448003 0.0185446 0.0102 0.0059819 0.00432856 0.00326061 0.0012913
 2.13871e-27 2.15746e-27 5.04657e-27 9.88115e-22 5.87669e-17 8.03533e-13 2.52592e-09 1.82549e-06 0.000303302 0.0115859 0.101748 0.205437 0.0961817 0.0321257 0.134304 0.18933 0.078231 0.0657369 0.0525201 0.019167 0.00808526 0.00291634 0.00131064 0.000745347 0.000269453
 2.13908e-27 2.15839e-27 5.14234e-27 1.02058e-21 6.06977e-17 8.29933e-13 2.60891e-09 1.88546e-06 0.000313267 0.0119666 0.105091 0.212186 0.0993201 0.032605 0.135195 0.190428 0.0764403 0.058171 0.0468966 0.0193381 0.00864719 0.00250672 0.000636263 0.000199018 5.69141e-05
 2.13971e-27 2.15989e-27 5.29497e-27 1.07232e-21 6.3775e-17 8.72009e-13 2.74117e-09 1.98105e-06 0.000329149 0.0125733 0.110419 0.222943 0.104296 0.0326927 0.132489 0.186539 0.0741029 0.0541602 0.042955 0.0164556 0.00719816 0.00225357 0.000496842 8.11453e-05 1.30689e-05
 2.13853e-27 2.15697e-27 4.98098e-27 9.65787e-22 5.7439e-17 7.85376e-13 2.46884e-09 1.78424e-06 0.000296448 0.0113241 0.0994491 0.200796 0.0941099 0.0340961 0.147732 0.207983 0.0811323 0.0550424 0.0430724 0.0159156 0.00660152 0.00195541 0.00042839 5.88725e-05 5.0827e-06
 2.13726e-27 2.15393e-27 4.67077e-27 8.60614e-22 5.1184e-17 6.9985e-13 2.19999e-09 1.58994e-06 0.000264166 0.0100909 0.0886192 0.17893 0.084002 0.0341172 0.154451 0.21765 0.0872151 0.0658264 0.0516765 0.0178855 0.00688887 0.0019304 0.00039601 5.13575e-05 3.56484e-06
 2.14045e-27 2.16176e-27 5.49918e-27 1.14163e-21 6.78968e-17 9.28368e-13 2.91834e-09 2.10909e-06 0.000350422 0.0133859 0.117556 0.237351 0.11091 0.0314364 0.120477 0.169724 0.0697717 0.057651 0.0459855 0.0166962 0.00660467 0.00173136 0.000325337 3.9183e-05 2.49445e-06
 2.14318e-27 2.16828e-27 6.16309e-27 1.36671e-21 8.12834e-17 1.11141e-12 3.49372e-09 2.52492e-06 0.000419512 0.0160251 0.140733 0.284145 0.132549 0.0315658 0.107163 0.150543 0.0573618 0.0349941 0.0273242 0.0108782 0.00472111 0.00130177 0.000243729 2.71865e-05 1.58984e-06
 2.13843e-27 2.15655e-27 4.91304e-27 9.42631e-22 5.60618e-17 7.66545e-13 2.40964e-09 1.74146e-06 0.000289341 0.0110526 0.0970646 0.195982 0.0919669 0.0362914 0.162584 0.228615 0.0843277 0.0431225 0.0320485 0.0108804 0.00421678 0.00126467 0.000260224 2.98028e-05 1.66865e-06
 2.13894e-27 2.15803e-27 5.10197e-27 1.00687e-21 5.98826e-17 8.18787e-13 2.57387e-09 1.86014e-06 0.00030906 0.0118059 0.10368 0.209337 0.0980105 0.032812 0.137319 0.193524 0.0790832 0.0639354 0.0495894 0.0146354 0.00455297 0.00115255 0.000223412 2.75e-05 1.61854e-06
 2.14322e-27 2.16838e-27 6.17708e-27 1.37147e-21 8.15665e-17 1.11528e-12 3.50589e-09 2.53371e-06 0.000420973 0.0160809 0.141223 0.285135 0.132993 0.0312021 0.104645 0.147061 0.0570825 0.0379103 0.0296723 0.0111027 0.00433726 0.000967026 0.000147301 1.59142e-05 9.42142e-07
 2.14077e-27 2.16225e-27 5.50967e-27 1.14498e-21 6.80966e-17 9.311e-13 2.92692e-09 2.1153e-06 0.000351453 0.0134253 0.117901 0.238051 0.111363 0.0348928 0.141367 0.198598 0.0722536 0.0338875 0.0248771 0.00860897 0.003332 0.000914721 0.000158483 1.46792e-05 7.29305e-07
 2.13907e-27 2.1582e-27 5.09962e-27 1.00598e-21 5.98292e-17 8.18058e-13 2.57158e-09 1.85849e-06 0.000308785 0.0117954 0.103587 0.209151 0.0979917 0.0346 0.14829 0.208687 0.0803543 0.0513591 0.0386369 0.0109889 0.00325379 0.00082415 0.000152464 1.63333e-05 7.99632e-07
 2.13818e-27 2.15607e-27 4.8823e-27 9.32294e-22 5.54471e-17 7.5814e-13 2.38322e-09 1.72236e-06 0.000286168 0.0109314 0.0960002 0.193833 0.0909121 0.0346654 0.153306 0.21585 0.0841045 0.0567135 0.0435775 0.0140112 0.00466373 0.000983968 0.000143287 1.48419e-05 7.92941e-07
 2.13936e-27 2.15899e-27 5.19496e-27 1.03837e-21 6.1756e-17 8.44403e-13 2.65439e-09 1.91834e-06 0.000318729 0.0121752 0.106923 0.215886 0.101058 0.0333419 0.13858 0.195125 0.0772109 0.0555016 0.0431218 0.0143082 0.0050702 0.00118642 0.000175876 1.51134e-05 7.09672e-07
 2.14055e-27 2.16179e-27 5.47337e-27 1.13273e-21 6.73677e-17 9.21134e-13 2.8956e-09 2.09266e-06 0.000347692 0.0132816 0.11664 0.235502 0.110151 0.0339779 0.13655 0.191993 0.0724369 0.0419877 0.0317465 0.010548 0.00376727 0.000910124 0.00014518 1.31626e-05 5.71552e-07
 2.13925e-27 2.15862e-27 5.14149e-27 1.02017e-21 6.06732e-17 8.29597e-13 2.60785e-09 1.8847e-06 0.00031314 0.0119617 0.105049 0.212101 0.0993609 0.0347416 0.148265 0.208584 0.079365 0.0479777 0.0361962 0.0112655 0.0037412 0.000910355 0.000150255 1.4414e-05 6.62297e-07
 2.14035e-27 2.16135e-27 5.43315e-27 1.11912e-21 6.65584e-17 9.10067e-13 2.86081e-09 2.06751e-06 0.000343514 0.013122 0.115238 0.232673 0.108824 0.0334687 0.134294 0.18894 0.0730897 0.0477391 0.0363683 0.0112674 0.00365605 0.000831235 0.000129253 1.25322e-05 6.01326e-07
 2.13965e-27 2.15959e-27 5.24174e-27 1.05416e-21 6.26951e-17 8.57243e-13 2.69475e-09 1.94751e-06 0.000323575 0.0123604 0.108549 0.219169 0.102624 0.0346182 0.145381 0.204472 0.0772641 0.0451353 0.034096 0.0111376 0.00384886 0.000875107 0.00013069 1.19124e-05 5.58179e-07
 2.1402e-27 2.16098e-27 5.39408e-27 1.10587e-21 6.57701e-17 8.99289e-13 2.82693e-09 2.04303e-06 0.000339446 0.0129666 0.113873 0.229918 0.107555 0.0336004 0.135929 0.191244 0.0739094 0.0480639 0.0365785 0.0112986 0.00369655 0.000875997 0.000137189 1.23483e-05 5.51637e-07
 2.14052e-27 2.16173e-27 5.46796e-27 1.1309e-21 6.72589e-17 9.19646e-13 2.89092e-09 2.08928e-06 0.00034713 0.0132601 0.116451 0.235122 0.109971 0.0338756 0.13604 0.1913 0.0725509 0.0431697 0.0326754 0.0106202 0.00364638 0.000829309 0.000126264 1.17426e-05 5.32998e-07
 2.13943e-27 2.15906e-27 5.18869e-27 1.03618e-21 6.16256e-17 8.4262e-13 2.64879e-09 1.91429e-06 0.000318056 0.0121495 0.106698 0.21543 0.100892 0.0345195 0.145906 0.205265 0.078285 0.0478736 0.0362476 0.0114704 0.00386693 0.000919016 0.000143955 1.30902e-05 5.94494e-07
 2.14066e-27 2.1621e-27 5.51323e-27 1.14628e-21 6.81739e-17 9.32157e-13 2.93025e-09 2.1177e-06 0.000351852 0.0134405 0.118035 0.23832 0.111425 0.0331973 0.130936 0.1842 0.0713446 0.0468632 0.0358018 0.0112948 0.00376512 0.000872854 0.000136284 1.27572e-05 5.82572e-07
 2.14008e-27 2.16062e-27 5.34735e-27 1.08997e-21 6.48247e-17 8.86363e-13 2.78629e-09 2.01366e-06 0.000334567 0.0127802 0.112237 0.226613 0.106062 0.0345347 0.142628 0.200543 0.0752235 0.042284 0.0317696 0.0103952 0.00361472 0.000837486 0.000128512 1.18647e-05 5.47224e-07
 2.13899e-27 2.158e-27 5.07839e-27 9.98777e-22 5.9401e-17 8.12203e-13 2.55317e-09 1.84518e-06 0.000306575 0.0117109 0.102846 0.207654 0.0973024 0.0346745 0.149196 0.20995 0.080594 0.0508147 0.0384506 0.0116963 0.00375461 0.000891399 0.000141511 1.30359e-05 5.93448e-07
 2.1394e-27 2.15904e-27 5.19213e-27 1.03737e-21 6.16966e-17 8.43591e-13 2.65184e-09 1.91649e-06 0.000318422 0.0121635 0.106821 0.215679 0.100988 0.0340173 0.142766 0.200925 0.0779146 0.0514485 0.039343 0.0124351 0.00411379 0.000916041 0.000137186 1.28183e-05 5.91987e-07
 2.14045e-27 2.16158e-27 5.45546e-27 1.12668e-21 6.70077e-17 9.16211e-13 2.88012e-09 2.08147e-06 0.000345833 0.0132106 0.116016 0.234244 0.109557 0.0336464 0.134906 0.189748 0.0726314 0.0452083 0.0344222 0.0111784 0.00385165 0.000887278 0.000132948 1.17855e-05 5.31323e-07
 2.13869e-27 2.15727e-27 5.00147e-27 9.72681e-22 5.78491e-17 7.90983e-13 2.48646e-09 1.79697e-06 0.000298565 0.011405 0.100159 0.202229 0.0948044 0.0349422 0.152465 0.214549 0.0820696 0.0509103 0.0386321 0.0122533 0.00413492 0.000977775 0.000153024 1.38404e-05 6.10528e-07
#obs catch len freq
 4.08318e-40 1.99843e-33 2.24867e-27 5.8171e-22 3.45965e-17 4.73044e-13 1.48702e-09 1.07467e-06 0.000178558 0.00682069 0.0598993 0.120947 0.0572633 0.0359306 0.182995 0.258 0.102937 0.0765102 0.0608737 0.0234968 0.0102145 0.00312707 0.000701335 9.74011e-05 6.95881e-06
 4.18115e-40 2.04638e-33 2.30262e-27 5.95666e-22 3.54265e-17 4.84393e-13 1.52269e-09 1.10045e-06 0.000182842 0.00698433 0.0613364 0.123849 0.0586142 0.0361806 0.183647 0.258867 0.102557 0.074153 0.0586178 0.0220964 0.00938321 0.002825 0.000617389 8.27571e-05 5.6858e-06
 5.73516e-40 2.80696e-33 3.15844e-27 8.17059e-22 4.85935e-17 6.64429e-13 2.08864e-09 1.50946e-06 0.0002508 0.00958022 0.0841335 0.169875 0.0798518 0.0350817 0.163067 0.229686 0.0899629 0.0620851 0.0486244 0.0178162 0.00732336 0.00214246 0.000455183 5.9374e-05 3.94472e-06
 5.21053e-40 2.55019e-33 2.86952e-27 7.42318e-22 4.41484e-17 6.0365e-13 1.89758e-09 1.37138e-06 0.000227857 0.00870386 0.0764373 0.154338 0.0727917 0.0383641 0.187788 0.264125 0.0966318 0.0469993 0.0348152 0.0122717 0.00482749 0.00136229 0.000278218 3.50927e-05 2.26259e-06
 6.01479e-40 2.94382e-33 3.31244e-27 8.56897e-22 5.09628e-17 6.96825e-13 2.19048e-09 1.58306e-06 0.000263028 0.0100473 0.0882356 0.178157 0.0837396 0.0366431 0.170103 0.239338 0.0898608 0.0507219 0.0375835 0.01089 0.00334616 0.000877452 0.000169966 2.05075e-05 1.27329e-06
 5.47113e-40 2.67774e-33 3.01303e-27 7.79443e-22 4.63564e-17 6.3384e-13 1.99248e-09 1.43997e-06 0.000239253 0.00913916 0.0802602 0.162056 0.0763665 0.0385362 0.186513 0.262267 0.0952 0.0439387 0.0317313 0.00980821 0.00314116 0.000683763 0.000106137 1.1667e-05 6.87582e-07
 4.09411e-40 2.00378e-33 2.25469e-27 5.83266e-22 3.4689e-17 4.7431e-13 1.491e-09 1.07755e-06 0.000179036 0.00683894 0.0600596 0.121272 0.0575573 0.0397645 0.206304 0.290317 0.107225 0.0551776 0.0401493 0.0112041 0.00313986 0.000697797 0.000103229 9.29195e-06 4.66811e-07
 3.93742e-40 1.92709e-33 2.1684e-27 5.60944e-22 3.33614e-17 4.56157e-13 1.43393e-09 1.03631e-06 0.000172184 0.0065772 0.057761 0.11663 0.0553338 0.0376939 0.195063 0.274864 0.107104 0.0721848 0.0548351 0.0159983 0.00468643 0.000955502 0.000127927 1.10334e-05 4.88191e-07
 9.77974e-40 4.78651e-33 5.38585e-27 1.39327e-21 8.28629e-17 1.133e-12 3.5616e-09 2.57397e-06 0.00042767 0.0163364 0.143467 0.289666 0.135088 0.0312099 0.103327 0.145187 0.0562241 0.0369226 0.0284268 0.00953251 0.00335201 0.000725297 9.73903e-05 7.73271e-06 3.15293e-07
 6.94797e-40 3.40055e-33 3.82636e-27 9.89842e-22 5.88696e-17 8.04935e-13 2.53032e-09 1.82867e-06 0.000303836 0.0116061 0.101925 0.205797 0.0966179 0.0393088 0.178045 0.249826 0.0839354 0.0177726 0.0100718 0.00328325 0.00116735 0.000288248 4.53059e-05 3.78983e-06 1.49598e-07
 3.04643e-40 1.49101e-33 1.67771e-27 4.34009e-22 2.58121e-17 3.52934e-13 1.10945e-09 8.01803e-07 0.000133221 0.00508886 0.0446904 0.0902429 0.0433504 0.043454 0.238178 0.334902 0.118338 0.0444946 0.0296828 0.00633384 0.000899201 0.000177601 2.92734e-05 2.80207e-06 1.22727e-07
 8.56247e-40 4.19074e-33 4.71548e-27 1.21985e-21 7.25491e-17 9.91978e-13 3.11829e-09 2.2536e-06 0.000374438 0.0143031 0.125609 0.253612 0.118423 0.0312873 0.114667 0.161525 0.0668958 0.0564765 0.0432852 0.0108604 0.0023115 0.000338336 2.63965e-05 1.94519e-06 9.07003e-08
 7.93613e-40 3.88418e-33 4.37055e-27 1.13062e-21 6.72421e-17 9.19415e-13 2.89019e-09 2.08875e-06 0.000347048 0.0132568 0.116421 0.235064 0.110078 0.0374387 0.157808 0.22137 0.0748133 0.0173313 0.0104481 0.0038691 0.00145647 0.000270037 2.55431e-05 1.31508e-06 3.60813e-08
 4.85167e-40 2.37456e-33 2.67189e-27 6.91193e-22 4.11078e-17 5.62075e-13 1.76689e-09 1.27693e-06 0.000212164 0.0081044 0.0711729 0.14371 0.0680049 0.041738 0.211588 0.297248 0.102649 0.0310084 0.0194991 0.00422894 0.000662903 0.000147185 2.27525e-05 1.53771e-06 4.20477e-08
 5.17697e-40 2.53377e-33 2.85104e-27 7.37536e-22 4.3864e-17 5.99761e-13 1.88535e-09 1.36255e-06 0.00022639 0.00864779 0.0759449 0.153343 0.0723255 0.0381874 0.18701 0.263158 0.0981864 0.0534966 0.0386213 0.00899812 0.00160158 0.000229076 1.96832e-05 1.51626e-06 5.88504e-08
 3.70718e-40 1.81441e-33 2.0416e-27 5.28143e-22 3.14106e-17 4.29484e-13 1.35009e-09 9.7571e-07 0.000162116 0.00619261 0.0543835 0.109812 0.0523011 0.0408776 0.216552 0.304661 0.110896 0.0521151 0.0375121 0.0109073 0.00307181 0.000510218 4.22169e-05 2.11758e-06 6.15668e-08
 7.16313e-40 3.50586e-33 3.94485e-27 1.02049e-21 6.06926e-17 8.29862e-13 2.60868e-09 1.8853e-06 0.000313245 0.0119656 0.105082 0.212168 0.0993709 0.0341784 0.144807 0.203836 0.0794641 0.0536395 0.0404731 0.0110725 0.00295139 0.000600234 7.21528e-05 4.23254e-06 1.05324e-07
 4.78349e-40 2.34119e-33 2.63434e-27 6.8148e-22 4.05301e-17 5.54176e-13 1.74206e-09 1.25899e-06 0.000209183 0.00799052 0.0701728 0.141691 0.0670632 0.0415214 0.210874 0.296256 0.102454 0.0314999 0.0207488 0.00673829 0.00226275 0.000456794 5.63849e-05 4.14469e-06 1.34585e-07
 5.4937e-40 2.68878e-33 3.02546e-27 7.82659e-22 4.65477e-17 6.36455e-13 2.0007e-09 1.44591e-06 0.00024024 0.00917687 0.0805913 0.162724 0.076648 0.0378047 0.181847 0.255862 0.095358 0.0516368 0.0372528 0.00873436 0.00170318 0.000362548 5.31622e-05 4.10442e-06 1.48041e-07
 6.04983e-40 2.96097e-33 3.33173e-27 8.61888e-22 5.12597e-17 7.00884e-13 2.20323e-09 1.59228e-06 0.00026456 0.0101058 0.0887495 0.179196 0.0842739 0.038093 0.178641 0.251116 0.0905236 0.03981 0.0282866 0.00820048 0.00230392 0.000391709 3.90493e-05 3.03643e-06 1.22154e-07
 4.76139e-40 2.33037e-33 2.62217e-27 6.78331e-22 4.03429e-17 5.51616e-13 1.73401e-09 1.25317e-06 0.000208216 0.0079536 0.0698485 0.141036 0.0667224 0.0405079 0.204885 0.288024 0.102439 0.0406813 0.0280108 0.0074022 0.00185934 0.000373005 4.51697e-05 2.8764e-06 9.3918e-08
 7.14691e-40 3.49792e-33 3.93591e-27 1.01818e-21 6.05552e-17 8.27983e-13 2.60277e-09 1.88103e-06 0.000312535 0.0119385 0.104843 0.211688 0.0992076 0.0357419 0.154496 0.217234 0.0806609 0.0427908 0.0310105 0.00789716 0.00180504 0.000330261 3.86636e-05 2.80837e-06 9.4826e-08
 4.90345e-40 2.3999e-33 2.70041e-27 6.9857e-22 4.15465e-17 5.68074e-13 1.78575e-09 1.29056e-06 0.000214429 0.0081909 0.0719325 0.145243 0.0686949 0.0412315 0.208034 0.292289 0.101559 0.0327528 0.0215724 0.00618819 0.00174237 0.000318095 3.38419e-05 2.28116e-06 7.88603e-08
 5.91109e-40 2.89307e-33 3.25533e-27 8.42123e-22 5.00842e-17 6.84811e-13 2.15271e-09 1.55577e-06 0.000258493 0.0098741 0.0867144 0.175086 0.082347 0.0373724 0.175482 0.246856 0.0917085 0.0487798 0.0351433 0.0083644 0.00165624 0.000314454 3.88987e-05 2.62037e-06 8.39559e-08
 6.28385e-40 3.07551e-33 3.46061e-27 8.95228e-22 5.32426e-17 7.27996e-13 2.28846e-09 1.65388e-06 0.000274794 0.0104968 0.0921827 0.186127 0.0874806 0.0381517 0.17691 0.248607 0.0887021 0.0361386 0.0252532 0.00726565 0.00202491 0.000346848 3.35932e-05 2.28502e-06 7.89874e-08
 4.81812e-40 2.35814e-33 2.65341e-27 6.86413e-22 4.08236e-17 5.58188e-13 1.75467e-09 1.2681e-06 0.000210697 0.00804836 0.0706808 0.142716 0.0675029 0.0406067 0.204981 0.288132 0.102096 0.0393287 0.0268165 0.00688421 0.00163172 0.000321759 3.87524e-05 2.43949e-06 7.40139e-08
 5.19109e-40 2.54068e-33 2.85881e-27 7.39548e-22 4.39837e-17 6.01397e-13 1.8905e-09 1.36627e-06 0.000227007 0.00867138 0.076152 0.153762 0.0725222 0.0382795 0.187446 0.263738 0.097894 0.051825 0.0375093 0.00945377 0.00210227 0.000371758 4.14359e-05 2.94431e-06 9.82802e-08
 5.61268e-40 2.74702e-33 3.09099e-27 7.99609e-22 4.75558e-17 6.50239e-13 2.04403e-09 1.47723e-06 0.000245443 0.00937562 0.0823367 0.166248 0.0782945 0.0382647 0.183592 0.258175 0.0941296 0.0447125 0.0322091 0.00927708 0.0026143 0.000472066 4.87097e-05 3.14688e-06 1.04702e-07
 5.51598e-40 2.69969e-33 3.03774e-27 7.85834e-22 4.67365e-17 6.39037e-13 2.00882e-09 1.45178e-06 0.000241215 0.00921409 0.0809182 0.163384 0.0769709 0.0382756 0.184522 0.259515 0.0950057 0.0463133 0.0333584 0.00921054 0.00249444 0.00050768 6.29347e-05 4.17014e-06 1.29178e-07
#spawning biomass
 5204.48 3274.26 3686.24 4422.38 5354.93 6559.78 6753.77 5821.84 7606.03 14593.1 15940.5 15374.8 25557 34586.3 31927.3 27364.4 20790.1 24480.6 22498.6 23378.9 24212.5 24768.3 29538.7 29551.7 31218.1 34173.3 29843.1 27093.3 26539.3 55512.1 76525.5 71781.7 50539.4 36102.2 28700.6 25221.4 23657.4 22973.7 22680.3 22555.9 22503.6 22481.8 22472.7 22468.9 22467.4 22466.7 22466.4 22466.3 22466.3 22466.3 22466.3 22466.3 22466.3 22466.3 22466.3 22466.3 22466.3 22466.3 22466.3 22466.3 22466.3 22466.3 22466.3 22466.3 22466.3 22466.3 22466.3 22466.3 22466.3 22466.3 22466.3 22466.3 22466.3 22466.3 22466.3 22466.3 22466.3 22466.3 22466.3 22466.3 22466.3 22466.3 22466.3 22466.3 22466.3 22466.3 22466.3 22466.3 22466.3 22466.3 22466.3 22466.3 22466.3 22466.3 22466.3 22466.3 22466.3 22466.3 22466.3 22466.3 22466.3 22466.3 22466.3 22466.3 22466.3 22466.3 22466.3 22466.3 22466.3 22466.3 22466.3 22466.3 22466.3 22466.3 22466.3 22466.3 22466.3 22466.3 22466.3 22466.3 22466.3 22466.3 22466.3 22466.3 22466.3 22466.3 22466.3 22466.3 22466.3 0 0 0 0 0 0 0 0 0 0 0 0 0 0 0 0 0 0 0 0 0 0 0 0 0
