SBPRF35
0.256306
Curr Bio
80798.3
B35
180194
F35
0.446359
FOFL
0
OFL
0
Bzero
73230.3
#pred survey bio
 5495.6 5860.77 7961.31 10616.7 17081.9 23578.4 24965.6 29098 44737.7 64372.5 91561.3 123103 162705 181710 171940 139200 153244 156201 143876 132532 146298 164667 185957 192772 178624 183763 186657 131979 2.05127e+06 2.06559e+06 1.68218e+06 1.31298e+06 1.06538e+06 922041 844582 803871 782505 771099 764828 761255 759142 757850 757037 756511 756170 755945 755795 755696 755629 755584 755553 755533 755519 755510 755503 755499 755496 755494 755493 755492 755491 755491 755491 755491 755490 755490 755490 755490 755490 755490 755490 755490 755490 755490 755490 755490 755490 755490 755490 755490 755490 755490 755490 755490 755490 755490 755490 755490 755490 755490 755490 755490 755490 755490 755490 755490 755490 755490 755490 755490 755490 755490 755490 755490 755490 755490 755490 755490 755490 755490 755490 755490 755490 755490 755490 755490 755490 755490 755490 755490 755490 755490 755490 755490 755490 755490 755490 755490 0 0 0 0 0 0 0 0 0 0 0 0 0 0 0 0 0 0 0 0 0 0 0 0 0
#obs survey bio
 5034.35 12450.9 7575.73 9940.36 19834.9 29853.8 19872.5 30681.1 56089.2 40115.3 118517 148966 159097 134527 181356 153870 194533 112832 105796 112752 135667 179222 201916 208749 244766 160048 195364 102665
#pred catch bio
 2965.32 2818.91 3890.72 4800.63 8109.81 13040.8 13850.5 14259.7 21567.2 31634.2 48802.5 63727.7 87399 100857 104796 72657.4 81840.2 88158.3 84414 74218.1 78115.4 83256.1 99316.8 109692 93194 91440.4 113295 98653.4 0 28010 21828.3 16246.2 12677.3 10720.7 9734.97 9263.23 9044.71 8945.64 8901.36 8881.77 8873.16 8869.39 8867.74 8867.02 8866.71 8866.58 8866.52 8866.5 8866.48 8866.48 8866.48 8866.48 8866.48 8866.48 8866.48 8866.48 8866.48 8866.48 8866.48 8866.48 8866.48 8866.48 8866.48 8866.48 8866.48 8866.48 8866.48 8866.48 8866.48 8866.48 8866.48 8866.48 8866.48 8866.48 8866.48 8866.48 8866.48 8866.48 8866.48 8866.48 8866.48 8866.48 8866.48 8866.48 8866.48 8866.48 8866.48 8866.48 8866.48 8866.48 8866.48 8866.48 8866.48 8866.48 8866.48 8866.48 8866.48 8866.48 8866.48 8866.48 8866.48 8866.48 8866.48 8866.48 8866.48 8866.48 8866.48 8866.48 8866.48 8866.48 8866.48 8866.48 8866.48 8866.48 8866.48 8866.48 8866.48 8866.48 8866.48 8866.48 8866.48 8866.48 8866.48 8866.48 8866.48 8866.48 8866.48 8866.48 0 0 0 0 0 0 0 0 0 0 0 0 0 0 0 0 0 0 0 0 0 0 0 0 0
#obs catch bio
 2608.29 2489.99 3529.82 4528.05 7614.17 12047.9 13211.1 13724.5 20287.8 29782.8 47481.9 62316.9 85446.7 105288 109014 73430.5 78692.6 91065.7 87650.8 77329.9 84570 81317.2 96646.6 109895 88089.7 93073.8 114753 105112
#pred cpue bio
 4481.34 4125.32 5670.57 7570.09 11804.9 16879.9 18141.2 20430.5 30594.2 45317 64004.9 84798.7 114282 132077 129257 103456 112336 116503 107560 96757 103851 119484 137748 142719 132791 137886 143513 102687 1.34827e+06 1.97575e+06 1.59234e+06 1.22315e+06 975549 832206 754746 714036 692670 681264 674993 671420 669307 668015 667202 666676 666334 666109 665960 665860 665793 665748 665718 665698 665684 665674 665668 665664 665661 665659 665658 665657 665656 665656 665655 665655 665655 665655 665655 665655 665655 665655 665655 665655 665655 665655 665655 665655 665655 665655 665655 665655 665655 665655 665655 665655 665655 665655 665655 665655 665655 665655 665655 665655 665655 665655 665655 665655 665655 665655 665655 665655 665655 665655 665655 665655 665655 665655 665655 665655 665655 665655 665655 665655 665655 665655 665655 665655 665655 665655 665655 665655 665655 665655 665655 665655 665655 665655 665655 665655 0 0 0 0 0 0 0 0 0 0 0 0 0 0 0 0 0 0 0 0 0 0 0 0 0
#obs cpue bio
 3184.31 5198.74 6930.09 9411.94 13149.4 19500.3 24588.6 21681 34715.2 84462.7 54670.2 73623.8 129846 128230 118186 84696.1 121012 119042 129116 93509.3 73703.3 152072 144216 127906 133461 113447 150789 103188
#pred surv len freq
 3.81722e-11 1.79544e-09 5.84762e-08 1.31878e-06 2.05947e-05 0.000222702 0.00166758 0.00864682 0.0310527 0.0772835 0.133617 0.162008 0.142732 0.102307 0.0742389 0.0605157 0.0490154 0.0373536 0.028396 0.0224211 0.0185769 0.0162547 0.0143716 0.0115955 0.0077011
 4.58387e-11 2.15603e-09 7.02206e-08 1.58365e-06 2.47309e-05 0.00026743 0.00200248 0.0103832 0.0372856 0.0927675 0.160194 0.193316 0.167322 0.113353 0.0731691 0.0521902 0.0368814 0.0230912 0.0134899 0.0082208 0.00547525 0.00396404 0.00301357 0.00220247 0.0013843
 4.40925e-11 2.0739e-09 6.75456e-08 1.52332e-06 2.37888e-05 0.000257243 0.00192621 0.00998786 0.0358682 0.0892634 0.154296 0.186918 0.164115 0.11622 0.0816552 0.062391 0.0444207 0.0263111 0.0134059 0.00646839 0.00314815 0.00160546 0.000894635 0.000528384 0.000293654
 4.40264e-11 2.07079e-09 6.74443e-08 1.52104e-06 2.37532e-05 0.000256857 0.00192332 0.00997286 0.0358142 0.0891276 0.154052 0.186577 0.163677 0.115641 0.0810269 0.0621166 0.044941 0.027544 0.0146985 0.00721693 0.00325714 0.00133242 0.000514462 0.000202262 8.23561e-05
 4.58983e-11 2.15884e-09 7.0312e-08 1.58571e-06 2.47631e-05 0.000267778 0.00200509 0.0103967 0.0373348 0.0928949 0.160449 0.193786 0.168261 0.115146 0.0758877 0.0551977 0.0392276 0.0241821 0.0131912 0.00669455 0.00312165 0.00128465 0.000459436 0.000144311 4.1041e-05
 4.36642e-11 2.05376e-09 6.68895e-08 1.50852e-06 2.35578e-05 0.000254744 0.0019075 0.00989088 0.0355203 0.0884014 0.152831 0.185264 0.163056 0.116317 0.0828405 0.0640884 0.0460252 0.0275336 0.014193 0.00681886 0.0031025 0.00128332 0.00046498 0.000143972 3.7412e-05
 4.27435e-11 2.01045e-09 6.54791e-08 1.47672e-06 2.3061e-05 0.000249373 0.00186728 0.00968239 0.0347723 0.086547 0.149675 0.181671 0.160647 0.116223 0.0848926 0.0671283 0.0488649 0.0296112 0.0154621 0.00743259 0.00330459 0.0013133 0.000457825 0.000138339 3.53714e-05
 4.49216e-11 2.1129e-09 6.88157e-08 1.55197e-06 2.42362e-05 0.00026208 0.00196243 0.0101756 0.0365415 0.0909301 0.157117 0.190052 0.165957 0.115599 0.0788521 0.0590511 0.0422638 0.0257872 0.0137488 0.00678075 0.00307608 0.00123305 0.000427013 0.000126264 3.13302e-05
 4.63473e-11 2.17995e-09 7.09997e-08 1.60122e-06 2.50053e-05 0.000270397 0.0020247 0.0104984 0.0376997 0.0938012 0.162003 0.195607 0.169656 0.115681 0.0756056 0.0543492 0.0380135 0.0227992 0.0119313 0.00580611 0.00263639 0.00107163 0.00037802 0.000113309 2.81963e-05
 4.46183e-11 2.09863e-09 6.83511e-08 1.54149e-06 2.40725e-05 0.00026031 0.00194918 0.0101069 0.0362954 0.0903229 0.156102 0.188986 0.165544 0.116404 0.0807306 0.0610412 0.0433058 0.0256363 0.0129881 0.00606951 0.00266415 0.00105943 0.000369992 0.000111033 2.78748e-05
 4.51319e-11 2.12279e-09 6.91378e-08 1.55923e-06 2.43496e-05 0.000263306 0.00197161 0.0102232 0.0367123 0.0913541 0.157841 0.19089 0.166565 0.115751 0.0785844 0.0585603 0.0417278 0.0252864 0.0133139 0.00644281 0.00285477 0.00111588 0.000378077 0.00011022 2.71384e-05
 4.58714e-11 2.15757e-09 7.02707e-08 1.58478e-06 2.47486e-05 0.000267621 0.00200392 0.0103907 0.0373133 0.092845 0.160386 0.193819 0.168636 0.116126 0.0773734 0.0564963 0.0395316 0.0233708 0.0118962 0.00560099 0.00247298 0.00098246 0.000338893 9.92621e-05 2.41682e-05
 4.4726e-11 2.1037e-09 6.85161e-08 1.54521e-06 2.41306e-05 0.000260939 0.00195388 0.0101313 0.036383 0.09054 0.156473 0.189413 0.16585 0.116471 0.0805801 0.0607863 0.0430493 0.0254139 0.0127936 0.00590228 0.00253781 0.000981834 0.000332493 9.6878e-05 2.36958e-05
 4.26594e-11 2.0065e-09 6.53503e-08 1.47381e-06 2.30157e-05 0.000248882 0.00186361 0.00966336 0.0347042 0.086379 0.149396 0.181387 0.160571 0.116533 0.0855446 0.067809 0.0492202 0.029551 0.0151706 0.00712837 0.00308672 0.00118556 0.000394284 0.00011231 2.69172e-05
 4.04848e-11 1.90421e-09 6.2019e-08 1.39868e-06 2.18424e-05 0.000236195 0.00176862 0.00917092 0.0329373 0.0819982 0.141934 0.172867 0.154776 0.116068 0.0899941 0.0745252 0.0555528 0.0343293 0.0183738 0.00904476 0.00406573 0.0016019 0.000540958 0.000154767 3.68558e-05
 4.13744e-11 1.94606e-09 6.33818e-08 1.42942e-06 2.23224e-05 0.000241385 0.00180748 0.00937235 0.0336599 0.0837877 0.144968 0.176267 0.156869 0.115643 0.0872665 0.0709654 0.0527163 0.0328026 0.0178519 0.00901908 0.00419231 0.00171806 0.000604221 0.00017898 4.3671e-05
 4.24474e-11 1.99652e-09 6.50255e-08 1.46649e-06 2.29013e-05 0.000247645 0.00185435 0.0096153 0.0345312 0.0859449 0.148621 0.180331 0.159274 0.114869 0.0836105 0.0663985 0.0493304 0.0312936 0.0176108 0.00922543 0.00442034 0.00186256 0.000675583 0.000207233 5.24319e-05
 4.11638e-11 1.93615e-09 6.30591e-08 1.42214e-06 2.22088e-05 0.000240156 0.00179828 0.00932465 0.0334887 0.0833634 0.144246 0.175444 0.156314 0.115606 0.0876856 0.0715394 0.0531599 0.0330614 0.0180548 0.00926579 0.00445513 0.00192186 0.000719932 0.000228265 5.96272e-05
 4.10321e-11 1.92996e-09 6.28574e-08 1.41759e-06 2.21377e-05 0.000239388 0.00179253 0.00929483 0.0333817 0.0830972 0.143788 0.174898 0.155867 0.115368 0.0876663 0.0717433 0.0536019 0.0336473 0.0185667 0.00954883 0.00454139 0.00192793 0.00071633 0.000228713 6.09611e-05
 4.26111e-11 2.00422e-09 6.52763e-08 1.47214e-06 2.29896e-05 0.0002486 0.0018615 0.00965239 0.0346644 0.0862771 0.149199 0.181051 0.159964 0.115462 0.0840772 0.0665521 0.0489246 0.0303754 0.0165792 0.00846566 0.00402327 0.0017103 0.000634004 0.00020112 5.33074e-05
 4.42962e-11 2.08348e-09 6.78577e-08 1.53036e-06 2.38988e-05 0.000258431 0.00193511 0.010034 0.0360335 0.0896711 0.154977 0.187629 0.164378 0.115655 0.0803932 0.0611634 0.0440211 0.0268675 0.0143459 0.00715336 0.00333635 0.00140087 0.000515619 0.000162972 4.30861e-05
 4.28362e-11 2.01481e-09 6.56211e-08 1.47992e-06 2.31111e-05 0.000249913 0.00187133 0.00970338 0.0348476 0.0867339 0.149994 0.182039 0.160911 0.116278 0.084742 0.0668411 0.0485161 0.0292806 0.0152386 0.00735641 0.0033288 0.00136134 0.000489752 0.000152055 3.97156e-05
 4.16234e-11 1.95777e-09 6.37632e-08 1.43802e-06 2.24567e-05 0.000242838 0.00181836 0.00942873 0.0338621 0.0842883 0.145816 0.17721 0.157427 0.115467 0.0864355 0.069957 0.0520231 0.0325466 0.0178222 0.00900239 0.00414322 0.00167582 0.000587388 0.000177115 4.5075e-05
 4.17355e-11 1.96304e-09 6.39349e-08 1.44189e-06 2.25172e-05 0.000243492 0.00182325 0.0094541 0.033953 0.0845127 0.146191 0.177605 0.157582 0.115168 0.0857167 0.0691354 0.0514727 0.0324245 0.0180383 0.00936253 0.00447061 0.00188183 0.000680541 0.00020777 5.2512e-05
 4.13721e-11 1.94594e-09 6.33782e-08 1.42934e-06 2.23211e-05 0.000241372 0.00180738 0.00937182 0.033658 0.0837831 0.144961 0.176263 0.156878 0.115671 0.0872964 0.0709451 0.0526026 0.0326333 0.0177379 0.00903352 0.00430117 0.00183715 0.000682775 0.000215366 5.60702e-05
 4.08451e-11 1.92116e-09 6.25709e-08 1.41113e-06 2.20368e-05 0.000238297 0.00178436 0.00925246 0.0332295 0.0827187 0.143134 0.174112 0.155193 0.114943 0.0874928 0.0718571 0.0540812 0.0344254 0.0193787 0.010144 0.00486328 0.00206216 0.000761097 0.000240897 6.36813e-05
 3.9153e-11 1.84157e-09 5.99787e-08 1.35267e-06 2.11239e-05 0.000228425 0.00171044 0.00886927 0.0318546 0.079309 0.137322 0.167454 0.150592 0.114373 0.0906302 0.0767441 0.058801 0.0381524 0.0220843 0.0119589 0.00593172 0.00259146 0.000976379 0.000311873 8.26227e-05
 3.81063e-11 1.79234e-09 5.83753e-08 1.31651e-06 2.05592e-05 0.000222319 0.00166472 0.00863228 0.0310046 0.0772045 0.133758 0.163486 0.148232 0.115093 0.0941232 0.0810705 0.0619232 0.0394513 0.0222569 0.011856 0.00590668 0.0026384 0.00102495 0.000337418 9.15762e-05
#obs surv len freq
 4.08942e-11 1.92346e-09 6.2646e-08 1.41283e-06 2.20633e-05 0.000238583 0.0017865 0.0092636 0.03327 0.0828221 0.143334 0.174449 0.155797 0.115999 0.0889207 0.0730372 0.0542637 0.0334969 0.0179462 0.00888456 0.00404868 0.00163411 0.000571668 0.000171041 4.28567e-05
 4.92252e-11 2.31531e-09 7.54083e-08 1.70065e-06 2.6558e-05 0.000287187 0.00215041 0.0111501 0.0400375 0.0995936 0.171843 0.206715 0.176783 0.115103 0.0679938 0.0440195 0.0294188 0.0175984 0.00934562 0.00460687 0.0020896 0.000838042 0.000290729 8.61239e-05 2.13467e-05
 4.15269e-11 1.95322e-09 6.36152e-08 1.43468e-06 2.24047e-05 0.000242275 0.00181414 0.00940697 0.0337853 0.0841086 0.145586 0.177312 0.158726 0.118873 0.0915893 0.0744099 0.052945 0.0295704 0.0132488 0.00525934 0.00201602 0.000742829 0.000249463 7.293e-05 1.79166e-05
 4.72145e-11 2.22074e-09 7.23281e-08 1.63118e-06 2.54732e-05 0.000275456 0.00206258 0.0106948 0.0384043 0.0955468 0.164968 0.198957 0.171816 0.115543 0.0734016 0.0514219 0.035709 0.0215055 0.0112261 0.00525425 0.00215801 0.000745802 0.00021639 5.43208e-05 1.19784e-05
 4.45734e-11 2.09652e-09 6.82822e-08 1.53994e-06 2.40483e-05 0.000260048 0.00194722 0.0100968 0.0362596 0.0902372 0.155981 0.188967 0.165934 0.117519 0.0824538 0.0625622 0.0436865 0.0247399 0.0115424 0.00485005 0.00193424 0.00070781 0.000224238 5.91185e-05 1.26843e-05
 4.34989e-11 2.04598e-09 6.66361e-08 1.50281e-06 2.34686e-05 0.000253779 0.00190028 0.00985346 0.0353865 0.0880715 0.152286 0.184722 0.16296 0.117052 0.0843346 0.0656908 0.0469623 0.0275262 0.0135212 0.00594331 0.0023664 0.000823053 0.000245206 6.2705e-05 1.36193e-05
 4.32923e-11 2.03626e-09 6.63196e-08 1.49568e-06 2.33571e-05 0.000252574 0.00189126 0.00980666 0.0352185 0.0876542 0.15157 0.183878 0.162294 0.116752 0.084381 0.0659923 0.0474646 0.0281662 0.014167 0.00645163 0.00267707 0.000969076 0.000296864 7.61507e-05 1.61846e-05
 4.5897e-11 2.15877e-09 7.03098e-08 1.58566e-06 2.47624e-05 0.00026777 0.00200503 0.0103965 0.0373342 0.0928968 0.160476 0.193933 0.168752 0.116242 0.0774971 0.0566102 0.0395928 0.02334 0.0117618 0.00539846 0.0022734 0.000842458 0.000266471 7.08655e-05 1.55519e-05
 4.68342e-11 2.20285e-09 7.17455e-08 1.61804e-06 2.52681e-05 0.000273238 0.00204597 0.0106087 0.0380958 0.0947859 0.163699 0.197637 0.171351 0.116664 0.075895 0.0539643 0.0368646 0.0210286 0.0100554 0.00434354 0.00175224 0.00063871 0.000202604 5.46976e-05 1.22836e-05
 4.40451e-11 2.07167e-09 6.74729e-08 1.52168e-06 2.37633e-05 0.000256966 0.00192414 0.00997715 0.0358304 0.0891735 0.154172 0.186915 0.164584 0.117538 0.0837413 0.0644124 0.0453629 0.0258971 0.0121759 0.00509347 0.00196772 0.000682275 0.000205759 5.33544e-05 1.17234e-05
 4.52988e-11 2.13064e-09 6.93935e-08 1.565e-06 2.44397e-05 0.00026428 0.00197891 0.010261 0.0368485 0.0916938 0.158437 0.19165 0.167354 0.116549 0.0793619 0.0590312 0.0415075 0.0243495 0.0120819 0.00538646 0.00217015 0.000757719 0.000223623 5.57435e-05 1.16934e-05
 4.54643e-11 2.13842e-09 6.96471e-08 1.57072e-06 2.4529e-05 0.000265246 0.00198614 0.0102985 0.0369831 0.0920283 0.159012 0.192333 0.167904 0.116822 0.0793549 0.0587648 0.0409863 0.0236742 0.0114775 0.00502366 0.0020333 0.000731801 0.000225343 5.81735e-05 1.23666e-05
 4.32341e-11 2.03352e-09 6.62305e-08 1.49367e-06 2.33257e-05 0.000252235 0.00188871 0.0097935 0.0351715 0.0875395 0.151387 0.18373 0.162401 0.117317 0.0853349 0.0668705 0.0477374 0.0277478 0.0134467 0.00585087 0.00234066 0.000830776 0.000253658 6.57976e-05 1.42587e-05
 4.024e-11 1.89269e-09 6.16438e-08 1.39022e-06 2.17104e-05 0.000234767 0.00175793 0.0091155 0.032739 0.0815097 0.141126 0.172064 0.15463 0.117138 0.0921413 0.0767292 0.0566474 0.0340131 0.0172682 0.00791613 0.00328611 0.00118452 0.000361839 9.3212e-05 2.0044e-05
 3.7869e-11 1.78117e-09 5.80117e-08 1.30831e-06 2.04312e-05 0.000220934 0.00165436 0.00857858 0.0308125 0.0767317 0.13298 0.162726 0.148155 0.116284 0.0964877 0.0836236 0.0634748 0.0395356 0.0212397 0.0104066 0.00458779 0.00174171 0.000556945 0.000148682 3.26558e-05
 4.17419e-11 1.96334e-09 6.39446e-08 1.44211e-06 2.25207e-05 0.000243529 0.00182353 0.00945552 0.0339581 0.0845238 0.146201 0.177574 0.15742 0.11478 0.0851616 0.0687222 0.0515374 0.0329517 0.0186515 0.00972769 0.004558 0.00183981 0.000627005 0.000177978 4.12376e-05
 4.10565e-11 1.9311e-09 6.28946e-08 1.41843e-06 2.21509e-05 0.00023953 0.00179359 0.00930036 0.033402 0.0831509 0.143903 0.175143 0.156416 0.11644 0.089159 0.0729619 0.0537359 0.0326191 0.0170938 0.00836362 0.00385772 0.00160357 0.000576906 0.000174275 4.29619e-05
 4.02507e-11 1.8932e-09 6.16602e-08 1.39059e-06 2.17161e-05 0.000234829 0.00175839 0.00911789 0.0327473 0.0815273 0.141136 0.17198 0.154252 0.116239 0.0907961 0.0755275 0.0562944 0.034649 0.0184002 0.00897088 0.00400707 0.00158545 0.000547699 0.000163639 4.11918e-05
 4.01119e-11 1.88667e-09 6.14476e-08 1.3858e-06 2.16412e-05 0.000234019 0.00175233 0.00908646 0.0326344 0.081246 0.140648 0.171381 0.1537 0.115808 0.0904937 0.0754498 0.0565885 0.0352978 0.019162 0.00958097 0.00436357 0.00173923 0.000595184 0.000173405 4.23593e-05
 4.30228e-11 2.02359e-09 6.59069e-08 1.48637e-06 2.32118e-05 0.000251002 0.00187948 0.00974561 0.034999 0.0871063 0.15061 0.182656 0.161038 0.115503 0.0831851 0.0652884 0.0478447 0.0296621 0.0161125 0.00810781 0.00374113 0.0015191 0.000530084 0.000156529 3.83184e-05
 4.18315e-11 1.96755e-09 6.40819e-08 1.44521e-06 2.2569e-05 0.000244052 0.00182745 0.00947587 0.0340317 0.0847125 0.146564 0.178189 0.158513 0.11668 0.0876943 0.0707104 0.0515952 0.0309591 0.0158934 0.00753992 0.00335359 0.00134534 0.000471168 0.000140809 3.49875e-05
 4.07327e-11 1.91587e-09 6.23986e-08 1.40725e-06 2.19762e-05 0.000237641 0.00177945 0.00922705 0.0331389 0.0824982 0.142789 0.173859 0.155506 0.116276 0.0897182 0.0739767 0.0549168 0.0336992 0.0178104 0.0086114 0.00379415 0.00146929 0.00049278 0.000142465 3.48533e-05
 4.14975e-11 1.95184e-09 6.35702e-08 1.43367e-06 2.23888e-05 0.000242103 0.00181285 0.00940021 0.03376 0.0840358 0.145392 0.176758 0.157225 0.115734 0.0871228 0.070718 0.0524771 0.0325922 0.0176343 0.00878572 0.00398454 0.00157804 0.000534224 0.000153045 3.65432e-05
 4.10483e-11 1.93071e-09 6.28821e-08 1.41815e-06 2.21465e-05 0.000239483 0.00179323 0.00929851 0.0333952 0.083133 0.143865 0.175065 0.156247 0.116119 0.0887292 0.072659 0.053817 0.0330649 0.017601 0.00866807 0.00394186 0.00158783 0.000550983 0.000161677 3.92252e-05
 4.00161e-11 1.88217e-09 6.13009e-08 1.38249e-06 2.15896e-05 0.000233461 0.00174815 0.00906478 0.0325566 0.0810537 0.140323 0.171022 0.153498 0.115902 0.0908549 0.075881 0.0568797 0.0353872 0.0191319 0.00953336 0.00434287 0.00174084 0.000602303 0.000177679 4.37075e-05
 3.94403e-11 1.85508e-09 6.04188e-08 1.3626e-06 2.12789e-05 0.000230102 0.00172299 0.00893438 0.0320887 0.0798924 0.138339 0.168725 0.151831 0.115487 0.0916038 0.077282 0.0584581 0.0368785 0.0203674 0.0103951 0.00483326 0.0019676 0.000687644 0.000203789 5.02156e-05
 3.72427e-11 1.75172e-09 5.70523e-08 1.28667e-06 2.00933e-05 0.000217281 0.001627 0.00843673 0.0303033 0.0754664 0.130805 0.160153 0.146095 0.11528 0.0964712 0.0843541 0.0648398 0.0413848 0.0232029 0.0120633 0.00572372 0.00238204 0.000851494 0.000257424 6.43858e-05
 4.02907e-11 1.89508e-09 6.17215e-08 1.39198e-06 2.17377e-05 0.000235063 0.00176014 0.00912689 0.0327789 0.0815987 0.14121 0.171838 0.153388 0.114101 0.0875754 0.0726739 0.055527 0.0362861 0.0211906 0.0114746 0.0056108 0.00238958 0.00087295 0.000269795 6.89527e-05
#pred catch len freq
 3.17678e-11 1.49421e-09 4.86653e-08 1.09752e-06 1.71394e-05 0.000185339 0.00138782 0.00719648 0.0258484 0.0643719 0.111574 0.136602 0.124628 0.0985571 0.0834964 0.0758382 0.0638686 0.0491443 0.0374249 0.0295567 0.0244895 0.0214282 0.0189457 0.0152861 0.0101522
 4.06807e-11 1.91342e-09 6.2319e-08 1.40545e-06 2.19481e-05 0.000237338 0.00177717 0.00921517 0.0330952 0.08238 0.142519 0.173224 0.153951 0.113048 0.0847713 0.0686791 0.0511825 0.0325261 0.0190647 0.0116245 0.00774265 0.00560564 0.00426156 0.00311457 0.00195758
 3.85586e-11 1.81361e-09 5.90681e-08 1.33213e-06 2.08032e-05 0.000224958 0.00168448 0.00873476 0.0313729 0.0781238 0.135366 0.165519 0.150284 0.117051 0.0958791 0.0818812 0.0608152 0.0364435 0.0186188 0.00898825 0.00437487 0.00223105 0.00124325 0.00073428 0.000408083
 3.8157e-11 1.79472e-09 5.84529e-08 1.31826e-06 2.05865e-05 0.000222615 0.00166694 0.0086438 0.0310463 0.0773116 0.133966 0.163846 0.148895 0.11628 0.0957848 0.0825796 0.0624629 0.038748 0.0207336 0.0101851 0.00459703 0.00188055 0.000726101 0.000285468 0.000116236
 4.07513e-11 1.91675e-09 6.24272e-08 1.40789e-06 2.19862e-05 0.00023775 0.00178026 0.00923124 0.0331536 0.0825326 0.142832 0.173836 0.155243 0.115585 0.0886498 0.0729794 0.0545411 0.0340952 0.0186569 0.00947361 0.00441783 0.00181808 0.000650209 0.000204233 5.80825e-05
 3.86242e-11 1.8167e-09 5.91687e-08 1.3344e-06 2.08386e-05 0.00022534 0.00168735 0.00874962 0.0314263 0.078256 0.135591 0.165777 0.150462 0.117085 0.0958241 0.0819042 0.0610722 0.0369127 0.0190729 0.00916738 0.0041713 0.00172542 0.000625167 0.000193571 5.03006e-05
 3.75056e-11 1.76408e-09 5.74551e-08 1.29575e-06 2.02351e-05 0.000218814 0.00163848 0.00849631 0.0305174 0.0760029 0.131755 0.161406 0.147522 0.116942 0.0982783 0.0855714 0.0645334 0.0394814 0.0206609 0.00993556 0.00441767 0.00175567 0.000612036 0.000184937 4.72858e-05
 3.96247e-11 1.86376e-09 6.07014e-08 1.36897e-06 2.13784e-05 0.000231177 0.00173105 0.00897615 0.0322387 0.0802668 0.138991 0.169541 0.152627 0.116197 0.0922007 0.0775402 0.0580747 0.0358794 0.0191837 0.00946596 0.00429451 0.00172147 0.000596156 0.000176278 4.37404e-05
 4.14044e-11 1.94747e-09 6.34278e-08 1.43045e-06 2.23386e-05 0.00024156 0.00180879 0.00937917 0.0336845 0.0838511 0.145092 0.176481 0.157262 0.11634 0.0882051 0.071716 0.0527696 0.0321045 0.0168561 0.00820758 0.00372713 0.00151501 0.000534421 0.00016019 3.98622e-05
 3.92569e-11 1.84646e-09 6.01379e-08 1.35626e-06 2.118e-05 0.000229032 0.00171498 0.0088929 0.0319404 0.079531 0.137765 0.168268 0.152188 0.117312 0.0946785 0.0801206 0.0593628 0.0355658 0.018069 0.0084483 0.00370858 0.00147477 0.000515043 0.000154562 3.88029e-05
 4.0277e-11 1.89444e-09 6.17006e-08 1.3915e-06 2.17303e-05 0.000234983 0.00175954 0.00912386 0.0327686 0.0815809 0.14123 0.1721 0.154376 0.116364 0.0909157 0.0755962 0.0562531 0.0344995 0.0182144 0.0088186 0.00390773 0.00152748 0.000517531 0.000150875 3.71484e-05
 4.10922e-11 1.93278e-09 6.29495e-08 1.41967e-06 2.21701e-05 0.000239739 0.00179515 0.00930848 0.0334311 0.0832249 0.144039 0.175347 0.156719 0.11691 0.0897692 0.073471 0.0538368 0.0322434 0.0164621 0.00775512 0.00342436 0.00136043 0.000469272 0.00013745 3.34662e-05
 3.98071e-11 1.87234e-09 6.09808e-08 1.37527e-06 2.14768e-05 0.000232242 0.00173902 0.00901749 0.0323873 0.080639 0.13965 0.170409 0.15361 0.117335 0.0934238 0.0783376 0.057805 0.0345155 0.0174216 0.00804144 0.00345783 0.00133779 0.000453034 0.000132 3.22864e-05
 3.74087e-11 1.75952e-09 5.73066e-08 1.29241e-06 2.01828e-05 0.000218249 0.00163425 0.00847438 0.0304389 0.0758095 0.131435 0.161087 0.147459 0.117354 0.0991099 0.0864266 0.064962 0.039372 0.0202561 0.00952181 0.00412336 0.00158373 0.000526702 0.000150028 3.59572e-05
 3.5363e-11 1.66331e-09 5.41728e-08 1.22173e-06 1.90791e-05 0.000206314 0.00154489 0.00801113 0.0287767 0.0716872 0.124407 0.153033 0.141882 0.116638 0.10289 0.0923997 0.0708543 0.0441135 0.02365 0.0116455 0.00523499 0.00206261 0.000696536 0.000199278 4.74554e-05
 3.55177e-11 1.67058e-09 5.44098e-08 1.22708e-06 1.91626e-05 0.000207217 0.00155165 0.00804615 0.0289022 0.0719968 0.124924 0.153572 0.142074 0.116181 0.101844 0.0912469 0.0701514 0.0440505 0.0240217 0.0121404 0.00564345 0.00231278 0.000813374 0.000240934 5.87878e-05
 3.69278e-11 1.73691e-09 5.65699e-08 1.27579e-06 1.99233e-05 0.000215443 0.00161324 0.00836542 0.0300473 0.0748316 0.129723 0.158909 0.145224 0.115141 0.0970059 0.0852161 0.0656951 0.0420862 0.0237351 0.0124382 0.00596 0.00251133 0.0009109 0.000279415 7.06948e-05
 3.56841e-11 1.67841e-09 5.46647e-08 1.23283e-06 1.92524e-05 0.000208188 0.00155892 0.00808382 0.0290373 0.0723315 0.125491 0.154207 0.142464 0.116091 0.101291 0.0904655 0.0694139 0.0435385 0.0238213 0.0122292 0.00588023 0.00253663 0.000950227 0.000301284 7.8701e-05
 3.57573e-11 1.68185e-09 5.47768e-08 1.23535e-06 1.92918e-05 0.000208615 0.00156211 0.00810039 0.0290967 0.0724774 0.125732 0.154445 0.142499 0.115759 0.100657 0.0898852 0.0692639 0.0438349 0.0242317 0.0124662 0.00592912 0.00251706 0.000935225 0.000298603 7.95895e-05
 3.73868e-11 1.75849e-09 5.7273e-08 1.29165e-06 2.0171e-05 0.000218121 0.00163329 0.00846938 0.0304205 0.0757592 0.131318 0.160803 0.146756 0.115919 0.0970439 0.0846003 0.0644405 0.0403915 0.0220928 0.0112852 0.00536351 0.00228005 0.000845208 0.000268118 7.10655e-05
 3.92261e-11 1.84501e-09 6.00907e-08 1.35519e-06 2.11633e-05 0.000228852 0.00171364 0.00888588 0.0319148 0.0794642 0.137627 0.167996 0.151616 0.116222 0.0931578 0.0788357 0.0591156 0.0364876 0.019532 0.00974378 0.0045448 0.00190829 0.000702384 0.000222003 5.86925e-05
 3.71494e-11 1.74733e-09 5.69094e-08 1.28345e-06 2.00429e-05 0.000216736 0.00162292 0.00841566 0.0302281 0.0752862 0.130539 0.160042 0.146673 0.117084 0.0993067 0.0868792 0.0655011 0.0399393 0.0208345 0.0100621 0.00455342 0.00186217 0.000669929 0.000207996 5.43268e-05
 3.59339e-11 1.69016e-09 5.50474e-08 1.24146e-06 1.93872e-05 0.000209645 0.00156983 0.00814039 0.0292402 0.0728338 0.126342 0.155155 0.143031 0.115937 0.100525 0.0896095 0.0689766 0.0435492 0.0238952 0.0120742 0.00555723 0.00224776 0.000787858 0.000237563 6.04587e-05
 3.64136e-11 1.71272e-09 5.57822e-08 1.25803e-06 1.96459e-05 0.000212444 0.00159078 0.008249 0.0296297 0.0737979 0.127973 0.156962 0.144074 0.115515 0.098754 0.0873786 0.0672614 0.0427466 0.0238268 0.0123711 0.00590744 0.00248665 0.000899268 0.000274548 6.93894e-05
 3.55119e-11 1.67031e-09 5.44009e-08 1.22688e-06 1.91595e-05 0.000207183 0.00155139 0.00804484 0.0288975 0.0719853 0.124905 0.153556 0.142079 0.11622 0.101891 0.0912286 0.0700061 0.0438275 0.0238709 0.0121613 0.00579066 0.00247337 0.000919224 0.000289948 7.54876e-05
 3.4646e-11 1.62958e-09 5.30745e-08 1.19696e-06 1.86923e-05 0.000202132 0.00151357 0.00784873 0.0281937 0.0702375 0.12191 0.150052 0.139413 0.115247 0.102535 0.0929897 0.0724603 0.0465461 0.0262534 0.0137473 0.00659103 0.00279478 0.00103149 0.000326481 8.63054e-05
 3.37646e-11 1.58813e-09 5.17242e-08 1.16651e-06 1.82168e-05 0.000196989 0.00147507 0.00764912 0.0274773 0.0684593 0.118868 0.146516 0.136793 0.114453 0.103432 0.0948648 0.074693 0.0488058 0.0282933 0.015325 0.00760153 0.00332098 0.00125124 0.000399668 0.000105882
 3.43416e-11 1.61527e-09 5.26082e-08 1.18645e-06 1.85281e-05 0.000200356 0.00150027 0.00777981 0.0279464 0.0696248 0.120869 0.148876 0.138651 0.11528 0.103255 0.0938811 0.0730329 0.0467506 0.0264022 0.0140666 0.00700815 0.00313041 0.00121609 0.00040034 0.000108654
#obs catch len freq
 3.57496e-11 1.68149e-09 5.4765e-08 1.23509e-06 1.92877e-05 0.00020857 0.00156178 0.00809866 0.0290907 0.0724641 0.12572 0.154484 0.142706 0.116262 0.10142 0.0905881 0.0695177 0.0435454 0.0236381 0.0118655 0.00547684 0.00223772 0.000792658 0.000240129 6.08914e-05
 3.58686e-11 1.68708e-09 5.49472e-08 1.2392e-06 1.93519e-05 0.000209264 0.00156697 0.0081256 0.0291874 0.0727042 0.126132 0.154966 0.143074 0.116401 0.101346 0.090376 0.0692277 0.0432185 0.0233258 0.0116187 0.00531568 0.00214995 0.000752942 0.000225417 5.6502e-05
 4.59215e-11 2.15993e-09 7.03474e-08 1.58651e-06 2.47757e-05 0.000267913 0.0020061 0.010402 0.0373538 0.0929427 0.160535 0.193911 0.168431 0.115393 0.076198 0.0554493 0.0392638 0.0239701 0.0128499 0.00637497 0.00290303 0.00116666 0.000405163 0.000120096 2.97779e-05
 3.67029e-11 1.72633e-09 5.62254e-08 1.26803e-06 1.98021e-05 0.000214132 0.00160343 0.00831466 0.0298669 0.0744007 0.129102 0.158739 0.146931 0.12018 0.104847 0.0921721 0.0674877 0.0380535 0.0171489 0.00685113 0.00264156 0.000976787 0.000328585 9.61363e-05 2.36271e-05
 4.34483e-11 2.0436e-09 6.65587e-08 1.50107e-06 2.34413e-05 0.000253484 0.00189807 0.00984197 0.0353449 0.0879649 0.15208 0.18437 0.162327 0.115948 0.082876 0.0645901 0.0470382 0.0288002 0.0151578 0.00713623 0.00294191 0.00101877 0.000295935 7.43495e-05 1.64043e-05
 4.03112e-11 1.89605e-09 6.1753e-08 1.39269e-06 2.17488e-05 0.000235183 0.00176104 0.00913168 0.0327975 0.0816592 0.141412 0.172535 0.155441 0.118515 0.0939406 0.0780683 0.0565146 0.0323938 0.0152151 0.0064343 0.00257932 0.000946635 0.000300316 7.92305e-05 1.70061e-05
 3.90233e-11 1.83547e-09 5.97801e-08 1.34819e-06 2.1054e-05 0.000227669 0.00170478 0.00884002 0.031751 0.079063 0.13698 0.167434 0.151831 0.117856 0.0960548 0.08171 0.0604455 0.0358502 0.0177316 0.0078411 0.00313574 0.00109333 0.000326162 8.34743e-05 1.81394e-05
 3.87844e-11 1.82423e-09 5.9414e-08 1.33994e-06 2.0925e-05 0.000226275 0.00169434 0.0087859 0.0315567 0.07858 0.13615 0.166449 0.151035 0.117452 0.0960231 0.081983 0.0610056 0.0366344 0.0185564 0.0085017 0.00354266 0.00128536 0.000394223 0.000101195 2.15168e-05
 4.18498e-11 1.96841e-09 6.41099e-08 1.44584e-06 2.25789e-05 0.000244159 0.00182825 0.00948003 0.0340467 0.0847501 0.146632 0.178284 0.158639 0.116858 0.0879305 0.0709466 0.0517368 0.0309416 0.0157133 0.00725723 0.00306929 0.00114003 0.000361024 9.6076e-05 2.10932e-05
 4.29857e-11 2.02184e-09 6.585e-08 1.48508e-06 2.31917e-05 0.000250786 0.00187787 0.00973726 0.0349697 0.08704 0.150541 0.182785 0.16183 0.117462 0.0861219 0.0678503 0.0484446 0.0280507 0.0135161 0.00587649 0.00238226 0.000870751 0.000276589 7.47268e-05 1.67888e-05
 3.96816e-11 1.86643e-09 6.07885e-08 1.37093e-06 2.14091e-05 0.000231509 0.00173354 0.00898911 0.032286 0.0803914 0.139255 0.170087 0.153824 0.11852 0.0954512 0.0802594 0.0585242 0.0338055 0.0159997 0.00673444 0.00261441 0.000909099 0.000274569 7.12555e-05 1.56644e-05
 4.11338e-11 1.93474e-09 6.30131e-08 1.4211e-06 2.21926e-05 0.000239982 0.00179697 0.0093179 0.0334652 0.08331 0.144191 0.175555 0.156977 0.117252 0.0902026 0.0738831 0.0540462 0.0321391 0.0160654 0.00720636 0.00291591 0.00102054 0.000301569 7.52312e-05 1.57893e-05
 4.13038e-11 1.94273e-09 6.32736e-08 1.42698e-06 2.22843e-05 0.000240974 0.0018044 0.00935642 0.0336035 0.0836541 0.144785 0.176269 0.157586 0.117629 0.0903327 0.0737143 0.0535032 0.0313268 0.0153 0.00673972 0.00274078 0.000989023 0.000304954 7.87827e-05 1.6755e-05
 3.8667e-11 1.81871e-09 5.92342e-08 1.33588e-06 2.08617e-05 0.00022559 0.00168922 0.00875935 0.0314616 0.078347 0.13577 0.166098 0.151076 0.118206 0.0973904 0.0832891 0.0614882 0.0361563 0.0176419 0.00772428 0.00310461 0.00110484 0.000337798 8.76909e-05 1.90119e-05
 3.52972e-11 1.66021e-09 5.4072e-08 1.21946e-06 1.90436e-05 0.000205931 0.00154202 0.00799626 0.0287239 0.0715599 0.124217 0.152946 0.14226 0.117851 0.104829 0.0942018 0.0714945 0.0433595 0.0221591 0.0102182 0.0042592 0.00153873 0.000470601 0.000121316 2.60991e-05
 3.25388e-11 1.53047e-09 4.98464e-08 1.12416e-06 1.75554e-05 0.000189838 0.00142152 0.00737161 0.0264825 0.0660005 0.114734 0.142058 0.134649 0.116686 0.109637 0.102011 0.0793968 0.0499343 0.0270123 0.0133127 0.0058913 0.00224106 0.000717392 0.000191639 4.21079e-05
 3.68998e-11 1.73559e-09 5.65269e-08 1.27483e-06 1.99082e-05 0.00021528 0.00161202 0.00835906 0.0300245 0.0747738 0.129617 0.158754 0.145004 0.11482 0.0966307 0.085008 0.0658941 0.0426492 0.0243223 0.0127564 0.00599721 0.00242492 0.000827179 0.000234929 5.44519e-05
 3.61112e-11 1.6985e-09 5.5319e-08 1.24758e-06 1.94828e-05 0.00021068 0.00157757 0.00818057 0.0293848 0.0731954 0.12698 0.155992 0.143962 0.116979 0.101587 0.0901761 0.0684466 0.0420079 0.0221739 0.0109178 0.0050571 0.00210667 0.000758701 0.000229319 5.65491e-05
 3.51098e-11 1.6514e-09 5.37849e-08 1.21299e-06 1.89425e-05 0.000204837 0.00153383 0.00795379 0.0285712 0.0711776 0.123541 0.152057 0.141259 0.1167 0.103581 0.0933364 0.0716355 0.0445738 0.0238434 0.0116964 0.00524568 0.00208002 0.000719378 0.000215076 5.41608e-05
 3.49674e-11 1.6447e-09 5.35668e-08 1.20807e-06 1.88657e-05 0.000204007 0.00152761 0.00792153 0.0284553 0.0708885 0.123037 0.151425 0.140637 0.116132 0.103088 0.093099 0.0719031 0.0453465 0.0247984 0.0124739 0.00570292 0.00227763 0.000780259 0.000227469 5.55872e-05
 3.8282e-11 1.8006e-09 5.86443e-08 1.32258e-06 2.0654e-05 0.000223344 0.00167239 0.00867208 0.0311478 0.0775612 0.13438 0.164266 0.149 0.115802 0.0947888 0.0815438 0.0619394 0.0389019 0.0212978 0.0107831 0.00499489 0.00203226 0.00070989 0.00020975 5.13653e-05
 3.6818e-11 1.73174e-09 5.64016e-08 1.272e-06 1.98641e-05 0.000214803 0.00160845 0.00834061 0.0299591 0.07462 0.129411 0.158789 0.145938 0.117339 0.100462 0.0883171 0.0665656 0.0404111 0.0209027 0.00998266 0.00446052 0.00179375 0.000628974 0.000188093 4.67536e-05
 3.55409e-11 1.67167e-09 5.44453e-08 1.22788e-06 1.91751e-05 0.000207352 0.00155266 0.00805142 0.0289214 0.072046 0.12502 0.153743 0.142398 0.11677 0.102674 0.0920051 0.0704305 0.0437129 0.0232768 0.011326 0.00501117 0.00194494 0.000653095 0.000188948 4.62448e-05
 3.64341e-11 1.71369e-09 5.58136e-08 1.25874e-06 1.9657e-05 0.000212563 0.00159168 0.00825366 0.0296467 0.0738416 0.128059 0.157119 0.144377 0.116075 0.0995502 0.0881171 0.0675581 0.0424671 0.0231551 0.0116083 0.00528558 0.00209765 0.000710909 0.000203793 4.86799e-05
 3.58072e-11 1.6842e-09 5.48532e-08 1.23708e-06 1.93188e-05 0.000208906 0.00156429 0.00811171 0.0291377 0.0725814 0.125927 0.154752 0.142997 0.116579 0.101744 0.0907876 0.069426 0.0431625 0.0231569 0.0114798 0.00524315 0.00211677 0.000735379 0.000215926 5.24068e-05
 3.46321e-11 1.62893e-09 5.30531e-08 1.19648e-06 1.86848e-05 0.00020205 0.00151296 0.00784561 0.0281829 0.0702139 0.121892 0.150139 0.139835 0.116263 0.104066 0.0943762 0.0729079 0.0458792 0.0249972 0.0125365 0.00573464 0.00230373 0.000797974 0.000235559 5.79687e-05
 3.39354e-11 1.59615e-09 5.19857e-08 1.17241e-06 1.83089e-05 0.000197985 0.00148253 0.00768781 0.0276166 0.0688084 0.119489 0.147352 0.137793 0.115703 0.104888 0.0959987 0.0748011 0.0477307 0.0265694 0.0136474 0.00637092 0.00259897 0.000909301 0.000269654 6.64713e-05
 3.15279e-11 1.48292e-09 4.82978e-08 1.08924e-06 1.70101e-05 0.000183941 0.00137737 0.00714266 0.0256607 0.0639594 0.111234 0.137948 0.131467 0.115383 0.110084 0.103624 0.0817557 0.0527321 0.0297937 0.0155878 0.00742486 0.00309621 0.00110796 0.000335165 8.3861e-05
#spawning biomass
 3742.64 2880.47 4006.81 5359.03 8009.36 12004.6 13153.7 14165.3 20430.7 31505.3 44099.3 57197.5 79197.5 95769.2 97718.1 77186 82471.7 87297.2 80836.3 70631.7 73082.1 86473.9 102373 106031 99103.4 104123 111511 80798.3 35284.7 87130.2 68490.8 50036.3 38233.6 31762.7 28502.8 26942.7 26220.1 25892.4 25746 25681.2 25652.7 25640.2 25634.8 25632.4 25631.4 25631 25630.8 25630.7 25630.6 25630.6 25630.6 25630.6 25630.6 25630.6 25630.6 25630.6 25630.6 25630.6 25630.6 25630.6 25630.6 25630.6 25630.6 25630.6 25630.6 25630.6 25630.6 25630.6 25630.6 25630.6 25630.6 25630.6 25630.6 25630.6 25630.6 25630.6 25630.6 25630.6 25630.6 25630.6 25630.6 25630.6 25630.6 25630.6 25630.6 25630.6 25630.6 25630.6 25630.6 25630.6 25630.6 25630.6 25630.6 25630.6 25630.6 25630.6 25630.6 25630.6 25630.6 25630.6 25630.6 25630.6 25630.6 25630.6 25630.6 25630.6 25630.6 25630.6 25630.6 25630.6 25630.6 25630.6 25630.6 25630.6 25630.6 25630.6 25630.6 25630.6 25630.6 25630.6 25630.6 25630.6 25630.6 25630.6 25630.6 25630.6 25630.6 25630.6 0 0 0 0 0 0 0 0 0 0 0 0 0 0 0 0 0 0 0 0 0 0 0 0 0
