SBPRF35
0.230475
Curr Bio
146095
B35
185331
F35
0.429436
FOFL
0.24544
OFL
28340.8
Bzero
65850.1
#pred survey bio
 27381.4 23779.4 17998.1 16711.4 26883.1 43425.5 57697.7 67945 92742.6 120808 141591 175465 210567 250639 252160 236097 212329 195874 217903 220822 223623 221336 236871 255621 277135 291862 277544 244164 214081 6.21205e+06 3.43704e+06 2.48824e+06 1.7211e+06 1.24366e+06 978206 838274 765938 728434 708621 697846 691785 688257 686140 684836 684015 683494 683160 682943 682803 682711 682650 682611 682585 682568 682557 682549 682545 682541 682539 682538 682537 682536 682536 682536 682535 682535 682535 682535 682535 682535 682535 682535 682535 682535 682535 682535 682535 682535 682535 682535 682535 682535 682535 682535 682535 682535 682535 682535 682535 682535 682535 682535 682535 682535 682535 682535 682535 682535 682535 682535 682535 682535 682535 682535 682535 682535 682535 682535 682535 682535 682535 682535 682535 682535 682535 682535 682535 682535 682535 682535 682535 682535 682535 682535 682535 682535 682535 682535 682535 0 0 0 0 0 0 0 0 0 0 0 0 0 0 0 0 0 0 0 0 0 0 0 0 0
#obs survey bio
 23194.2 22732.7 9211.57 19514.9 40079.2 59765.3 44195.7 92443.9 104783 105048 145093 155281 153919 236674 258140 210195 174054 178124 265963 241780 178110 215928 363000 218950 239356 492176 319368 217468 176715
#pred catch bio
 3600.38 3870.81 2773.07 3453.14 5155.6 9454.46 14826.3 15379.5 25065.8 42091 47021.3 64634.6 76659.7 101315 103274 103700 93592.7 67394.1 82474.3 84754.8 93813.1 86647 92368.4 96384.5 98218.6 110346 115293 108406 112890 28340.8 44820.1 31671.2 20960.7 14556.6 11187.1 9536.61 8763.24 8411.11 8253.81 8184.43 8154.11 8140.93 8135.23 8132.77 8131.71 8131.25 8131.06 8130.97 8130.94 8130.92 8130.91 8130.91 8130.91 8130.91 8130.91 8130.91 8130.91 8130.91 8130.91 8130.91 8130.91 8130.91 8130.91 8130.91 8130.91 8130.91 8130.91 8130.91 8130.91 8130.91 8130.91 8130.91 8130.91 8130.91 8130.91 8130.91 8130.91 8130.91 8130.91 8130.91 8130.91 8130.91 8130.91 8130.91 8130.91 8130.91 8130.91 8130.91 8130.91 8130.91 8130.91 8130.91 8130.91 8130.91 8130.91 8130.91 8130.91 8130.91 8130.91 8130.91 8130.91 8130.91 8130.91 8130.91 8130.91 8130.91 8130.91 8130.91 8130.91 8130.91 8130.91 8130.91 8130.91 8130.91 8130.91 8130.91 8130.91 8130.91 8130.91 8130.91 8130.91 8130.91 8130.91 8130.91 8130.91 8130.91 8130.91 8130.91 8130.91 0 0 0 0 0 0 0 0 0 0 0 0 0 0 0 0 0 0 0 0 0 0 0 0 0
#obs catch bio
 3227.05 3939.62 2857.03 3667.01 5144.49 9187.66 14708.1 14512.9 24015.8 42586.4 44612.2 63695.7 76652.2 102667 103468 103331 98478.6 67780.4 80387.4 82926 98491.5 86036.1 89018.5 98699.5 99763.6 103551 113366 111244 114761
#pred cpue bio
 25985.2 23103.7 17679.4 15581.9 23065.4 38338 52125.6 61615.3 82546.8 107596 125550 155181 185356 221461 225749 212737 190098 174816 195014 198360 200324 196765 210387 226963 246932 262945 251615 220843 191771 5.45129e+06 3.31419e+06 2.43323e+06 1.67098e+06 1.19383e+06 928392 788461 716126 678621 658808 648034 641973 638445 636328 635023 634202 633681 633347 633131 632990 632898 632838 632799 632773 632756 632744 632737 632732 632729 632727 632725 632724 632724 632723 632723 632723 632723 632723 632723 632723 632723 632723 632723 632723 632723 632723 632723 632723 632723 632723 632723 632723 632723 632723 632723 632723 632723 632723 632723 632723 632723 632723 632723 632723 632723 632723 632723 632723 632723 632723 632723 632723 632723 632723 632723 632723 632723 632723 632723 632723 632723 632723 632723 632723 632723 632723 632723 632723 632723 632723 632723 632723 632723 632723 632723 632723 632723 632723 632723 632723 0 0 0 0 0 0 0 0 0 0 0 0 0 0 0 0 0 0 0 0 0 0 0 0 0
#obs cpue bio
 22223.4 22593.1 14227.8 14639.3 26034.4 47209.7 55326.6 84514.7 70654.1 87726.3 199304 154584 220341 231568 218544 259589 158156 187229 239845 180894 161472 252448 186823 176533 270575 317378 181090 182792 246369
#pred surv len freq
 2.4525e-11 1.15354e-09 3.75701e-08 8.47299e-07 1.32318e-05 0.000143084 0.00107142 0.00555597 0.0199582 0.049726 0.0863433 0.106446 0.0995081 0.0839027 0.0781654 0.0776892 0.0727981 0.0647315 0.056964 0.0495349 0.0425396 0.0364703 0.030517 0.0232106 0.014711
 1.18963e-11 5.59547e-10 1.82241e-08 4.10999e-07 6.41838e-06 6.94071e-05 0.00051976 0.002696 0.00969507 0.0242582 0.0428249 0.056107 0.0630312 0.0747918 0.0939412 0.105888 0.102146 0.0908123 0.0796888 0.0689875 0.0580403 0.0473856 0.0369885 0.0262896 0.0158326
 9.57232e-12 4.50236e-10 1.46639e-08 3.30708e-07 5.16449e-06 5.58474e-05 0.000418202 0.00216892 0.00779527 0.0194619 0.034068 0.0433084 0.044803 0.047416 0.0583009 0.0745949 0.091614 0.105367 0.109409 0.101377 0.0860981 0.068723 0.0512099 0.0342974 0.0195077
 3.53513e-11 1.66275e-09 5.41549e-08 1.22133e-06 1.90728e-05 0.000206244 0.00154432 0.00800738 0.0287516 0.07151 0.123316 0.148017 0.125576 0.0798208 0.0456613 0.0323302 0.0318002 0.0376493 0.0461467 0.0525243 0.0525586 0.0456201 0.034416 0.0223707 0.0121525
 4.60974e-11 2.1682e-09 7.0617e-08 1.59259e-06 2.48705e-05 0.000268939 0.00201378 0.0104417 0.037494 0.0932713 0.160963 0.193763 0.166148 0.109129 0.0657166 0.0433298 0.0291724 0.0182538 0.0124768 0.0115147 0.0123964 0.0123636 0.0103598 0.007059 0.00383732
 3.68944e-11 1.73534e-09 5.65188e-08 1.27464e-06 1.99053e-05 0.000215249 0.00161178 0.00835784 0.0300198 0.0747611 0.129586 0.158672 0.144781 0.114287 0.0955682 0.0831697 0.0631319 0.0393069 0.0214689 0.0116817 0.00735702 0.00576003 0.00479292 0.0034694 0.00197975
 3.28915e-11 1.54706e-09 5.03867e-08 1.13634e-06 1.77457e-05 0.000191895 0.00143691 0.00745114 0.0267642 0.0666644 0.115627 0.14194 0.130718 0.105988 0.0931556 0.0871576 0.0748559 0.0571705 0.0396468 0.024438 0.0131513 0.00664358 0.00362957 0.00216185 0.00118879
 3.32309e-11 1.56302e-09 5.09066e-08 1.14807e-06 1.79288e-05 0.000193875 0.00145173 0.00752789 0.0270385 0.067333 0.116688 0.14278 0.130015 0.102403 0.0866982 0.0799119 0.0697815 0.0562815 0.0432358 0.0308471 0.0193926 0.0104663 0.00492065 0.00212959 0.000885442
 3.7912e-11 1.7832e-09 5.80776e-08 1.30979e-06 2.04543e-05 0.000221185 0.00165622 0.00858796 0.0308423 0.0767687 0.132788 0.161292 0.143046 0.104619 0.0788221 0.0666911 0.0558045 0.043955 0.0337819 0.0251208 0.0172004 0.010368 0.00531607 0.00227735 0.000819377
 3.65978e-11 1.72139e-09 5.60644e-08 1.26439e-06 1.97453e-05 0.000213518 0.00159882 0.00829049 0.0297762 0.0741376 0.12839 0.15667 0.141255 0.108135 0.0871143 0.0757699 0.0611364 0.044107 0.0306274 0.0213231 0.0144167 0.00899645 0.00492533 0.0022576 0.000837864
 3.75074e-11 1.76417e-09 5.74579e-08 1.29582e-06 2.02361e-05 0.000218825 0.00163855 0.00849646 0.030515 0.0759679 0.131497 0.160164 0.143462 0.107894 0.0848056 0.0731242 0.059803 0.0441556 0.0307498 0.0204929 0.012846 0.00751604 0.00402501 0.00188048 0.000725697
 3.78663e-11 1.78105e-09 5.80077e-08 1.30822e-06 2.04297e-05 0.000220918 0.00165423 0.00857774 0.0308069 0.0766935 0.132746 0.161656 0.144695 0.108582 0.0849545 0.0727677 0.0589426 0.0430108 0.0297452 0.0198253 0.0123361 0.00699583 0.00356613 0.00159647 0.000605019
 3.866e-11 1.81838e-09 5.92235e-08 1.33564e-06 2.08579e-05 0.000225549 0.0016889 0.0087575 0.031452 0.0782947 0.135485 0.164837 0.147044 0.109277 0.0841411 0.0711433 0.0571097 0.041223 0.0281015 0.0184551 0.0113379 0.00634708 0.00317322 0.00137924 0.00050517
 3.76523e-11 1.77098e-09 5.76798e-08 1.30082e-06 2.03142e-05 0.00021967 0.00164488 0.00852931 0.0306334 0.0762668 0.132043 0.160964 0.144603 0.109606 0.0870092 0.0749885 0.0602971 0.0431185 0.0289573 0.0187158 0.0113159 0.00623074 0.00306166 0.00130556 0.000467542
 3.47641e-11 1.63514e-09 5.32554e-08 1.20104e-06 1.8756e-05 0.00020282 0.00151872 0.00787527 0.0282866 0.0704461 0.122115 0.149571 0.136653 0.108425 0.0920797 0.0831379 0.0684271 0.0497819 0.0338737 0.021946 0.0131458 0.00712033 0.00343321 0.00143617 0.000504505
 3.39316e-11 1.59598e-09 5.19801e-08 1.17228e-06 1.83069e-05 0.000197963 0.00148235 0.00768667 0.0276091 0.068758 0.119183 0.145954 0.13328 0.105679 0.0899795 0.082252 0.0696823 0.0532089 0.0382481 0.0258306 0.0158369 0.00864911 0.00415378 0.00171577 0.000592572
 3.57786e-11 1.68285e-09 5.48095e-08 1.23609e-06 1.93033e-05 0.000208739 0.00156303 0.00810491 0.0291097 0.0724779 0.125515 0.15316 0.138101 0.10583 0.0857544 0.0758979 0.0635468 0.048553 0.0354487 0.024754 0.015877 0.00905891 0.00448701 0.00188038 0.000649977
 3.6106e-11 1.69826e-09 5.53111e-08 1.2474e-06 1.948e-05 0.000210649 0.00157733 0.00817911 0.0293764 0.0731444 0.126685 0.154662 0.139684 0.107472 0.0873868 0.0768975 0.0630737 0.0465185 0.0327425 0.0224511 0.0144927 0.00849028 0.00436382 0.00189703 0.000674419
 3.55288e-11 1.6711e-09 5.44268e-08 1.22746e-06 1.91686e-05 0.000207281 0.00155212 0.00804837 0.0289072 0.0719792 0.124689 0.152329 0.137915 0.106851 0.0878888 0.0782286 0.0649561 0.0485611 0.0343671 0.0232923 0.0147099 0.00848438 0.00436981 0.00193589 0.000707579
 3.47216e-11 1.63314e-09 5.31902e-08 1.19957e-06 1.87331e-05 0.000202572 0.00151686 0.00786557 0.0282512 0.0703517 0.12191 0.149121 0.135616 0.106342 0.0890133 0.0801631 0.0669553 0.0503501 0.0359363 0.0245731 0.0155785 0.00893977 0.00455562 0.00200371 0.000734339
 3.5594e-11 1.67417e-09 5.45267e-08 1.22971e-06 1.92037e-05 0.000207662 0.00155497 0.00806312 0.0289598 0.0721069 0.124887 0.152463 0.137694 0.105982 0.0864261 0.0767587 0.0642128 0.0488175 0.0353292 0.0244462 0.0156441 0.00903962 0.00461875 0.00202712 0.000739793
 3.70848e-11 1.74429e-09 5.68105e-08 1.28122e-06 2.00081e-05 0.000216359 0.00162009 0.00840075 0.0301715 0.0751152 0.130037 0.158464 0.142189 0.107458 0.0850806 0.0736773 0.0603326 0.0447599 0.0317126 0.0217801 0.0140121 0.00818212 0.00422161 0.00186474 0.00068235
 3.69375e-11 1.73736e-09 5.65848e-08 1.27613e-06 1.99286e-05 0.0002155 0.00161365 0.00836741 0.0300522 0.0748224 0.12956 0.158019 0.142226 0.10839 0.086839 0.0755438 0.0614285 0.0447421 0.0308659 0.020624 0.01298 0.00748787 0.00385779 0.00171316 0.000631273
 3.69835e-11 1.73952e-09 5.66552e-08 1.27772e-06 1.99534e-05 0.000215768 0.00161566 0.00837782 0.0300895 0.0749145 0.129714 0.158182 0.142294 0.10829 0.0866257 0.0754205 0.0615882 0.0451338 0.0311979 0.0206554 0.0127342 0.00716028 0.00360857 0.00158131 0.000580063
 3.61978e-11 1.70257e-09 5.54516e-08 1.25057e-06 1.95295e-05 0.000211184 0.00158134 0.0081999 0.0294512 0.0733313 0.127015 0.15509 0.140156 0.108019 0.0880666 0.0776539 0.0637272 0.0468303 0.0324846 0.0215874 0.0133116 0.00742767 0.00368288 0.00158146 0.000569689
 3.37926e-11 1.58944e-09 5.17671e-08 1.16748e-06 1.82319e-05 0.000197152 0.00147628 0.00765522 0.0274966 0.0684816 0.118731 0.145525 0.133285 0.106471 0.0914282 0.083585 0.0700422 0.052482 0.0371099 0.0249995 0.0155327 0.00869422 0.00430297 0.00183312 0.000651735
 3.28328e-11 1.5443e-09 5.02967e-08 1.13432e-06 1.7714e-05 0.000191552 0.00143435 0.00743779 0.0267158 0.0665385 0.115373 0.141462 0.12974 0.104065 0.0900961 0.0834503 0.0715537 0.0556073 0.0409882 0.0285726 0.0181986 0.0103662 0.0051851 0.00221758 0.000786883
 3.37396e-11 1.58695e-09 5.16859e-08 1.16565e-06 1.82033e-05 0.000196843 0.00147396 0.00764313 0.0274524 0.0683637 0.118473 0.144959 0.131971 0.103826 0.0875151 0.0797449 0.0680588 0.0530913 0.0397191 0.0284642 0.0188002 0.0111087 0.00572399 0.0024982 0.000896923
 3.58534e-11 1.68637e-09 5.49241e-08 1.23867e-06 1.93437e-05 0.000209175 0.0015663 0.00812185 0.0291704 0.0726281 0.125769 0.153438 0.138248 0.105712 0.0853249 0.0751803 0.0626045 0.0475642 0.0347605 0.0246922 0.0164598 0.0099609 0.00529889 0.00238858 0.000881141
#obs surv len freq
 2.34077e-11 1.10099e-09 3.58584e-08 8.08698e-07 1.2629e-05 0.000136565 0.00102261 0.0053029 0.0190499 0.0474684 0.082463 0.10185 0.0958121 0.0820124 0.0777872 0.0781298 0.0739039 0.0671928 0.0616443 0.0561527 0.0491149 0.0403634 0.0302593 0.0197309 0.0105895
 8.42764e-16 3.97106e-14 1.30253e-12 3.01982e-11 5.22623e-10 7.84348e-09 1.23927e-07 1.98531e-06 2.62795e-05 0.000254535 0.00173345 0.00821868 0.027124 0.0626983 0.10329 0.126471 0.125329 0.113277 0.101349 0.0902422 0.0783836 0.0646837 0.0485834 0.0315311 0.0168021
 1.22479e-11 5.76083e-10 1.87626e-08 4.23145e-07 6.60801e-06 7.14559e-05 0.000535047 0.00277416 0.00995997 0.0247613 0.0426295 0.0508617 0.0423805 0.0266089 0.0205083 0.0349802 0.068381 0.104524 0.123937 0.121916 0.10727 0.0876828 0.0654034 0.0423206 0.022487
 5.23499e-11 2.46229e-09 8.01951e-08 1.8086e-06 2.82439e-05 0.000305416 0.0022869 0.0118574 0.0425722 0.105848 0.182287 0.217636 0.180775 0.105906 0.0460234 0.0173585 0.00797101 0.00664144 0.00917488 0.0128564 0.0148313 0.0139177 0.0108745 0.00708974 0.00375839
 3.15904e-11 1.48586e-09 4.83935e-08 1.0914e-06 1.70438e-05 0.000184305 0.0013801 0.00715697 0.0257137 0.0641071 0.111596 0.13889 0.133874 0.120218 0.116447 0.107367 0.078273 0.0421646 0.0177733 0.00816806 0.00659247 0.00688889 0.00625358 0.00446779 0.00246565
 4.17086e-11 1.96177e-09 6.38936e-08 1.44096e-06 2.25027e-05 0.000243334 0.00182206 0.00944771 0.0339271 0.0844171 0.145816 0.176169 0.153203 0.1057 0.0721957 0.0581255 0.0504042 0.0416022 0.0303546 0.0182352 0.0089437 0.0042235 0.00249702 0.00167751 0.000971065
 2.32484e-11 1.09349e-09 3.56143e-08 8.03194e-07 1.25431e-05 0.000135637 0.00101569 0.00526763 0.018932 0.0472624 0.0827024 0.104943 0.107536 0.109316 0.120069 0.121212 0.0996398 0.0690002 0.0455355 0.0304237 0.0190714 0.0102628 0.00472954 0.00204444 0.000887988
 4.22557e-11 1.98751e-09 6.47318e-08 1.45987e-06 2.27979e-05 0.000246526 0.00184595 0.00957145 0.0343694 0.0854977 0.147546 0.177613 0.152375 0.100676 0.0632124 0.0485805 0.0446271 0.0415892 0.0352187 0.0255778 0.0159471 0.00877874 0.00427042 0.00179047 0.000642452
 3.62092e-11 1.70311e-09 5.54691e-08 1.25097e-06 1.95357e-05 0.000211251 0.00158185 0.0082026 0.0294622 0.0733701 0.127161 0.155639 0.141807 0.111511 0.0927602 0.0806117 0.0619145 0.0408751 0.0265626 0.0189367 0.0135856 0.00860294 0.00453174 0.00195885 0.000692323
 3.75688e-11 1.76706e-09 5.75519e-08 1.29794e-06 2.02692e-05 0.000219183 0.00164123 0.00851035 0.0305649 0.0760898 0.131696 0.160351 0.143455 0.107565 0.0843213 0.0730202 0.060507 0.0452923 0.0313593 0.020169 0.0121088 0.00695795 0.00374426 0.00174646 0.000659586
 3.74017e-11 1.7592e-09 5.72958e-08 1.29217e-06 2.0179e-05 0.000218208 0.00163393 0.00847253 0.0304295 0.0757578 0.131154 0.159844 0.143485 0.108537 0.0859608 0.0741885 0.0601771 0.0439154 0.0304719 0.0204068 0.012656 0.007052 0.00350548 0.00153768 0.000575244
 3.95677e-11 1.86107e-09 6.06139e-08 1.367e-06 2.13476e-05 0.000230844 0.00172855 0.00896301 0.0321894 0.0801216 0.138589 0.168342 0.149297 0.109108 0.0817628 0.0679114 0.0544186 0.0395881 0.0272805 0.018075 0.0111698 0.00626565 0.00311716 0.00133741 0.000481296
 3.72072e-11 1.75005e-09 5.69979e-08 1.28545e-06 2.00741e-05 0.000217073 0.00162544 0.00842855 0.0302723 0.0753739 0.13054 0.159337 0.143794 0.11034 0.0891119 0.0773435 0.0616997 0.0432709 0.0284479 0.0182057 0.0110437 0.00613432 0.00303506 0.00129593 0.000461799
 3.71332e-11 1.74657e-09 5.68845e-08 1.28289e-06 2.00342e-05 0.000216641 0.0016222 0.00841172 0.0302113 0.0752167 0.130231 0.158789 0.142764 0.108497 0.0866546 0.0754815 0.061818 0.0454046 0.0311869 0.020192 0.0119872 0.0064376 0.00309751 0.00129985 0.000458296
 3.11639e-11 1.4658e-09 4.77401e-08 1.07666e-06 1.68136e-05 0.000181816 0.00136145 0.00705996 0.0253613 0.0631896 0.109736 0.135348 0.126673 0.106775 0.0980496 0.0927256 0.0778264 0.0574743 0.0399174 0.0265213 0.0162496 0.00889805 0.00426985 0.00175822 0.000606014
 3.59477e-11 1.69081e-09 5.50685e-08 1.24193e-06 1.93946e-05 0.000209725 0.00157041 0.00814313 0.029246 0.0728071 0.126017 0.153451 0.137347 0.103214 0.0815838 0.0721966 0.0626159 0.0506765 0.0387893 0.0274485 0.0174018 0.00977129 0.00479516 0.0020033 0.000691741
 3.47145e-11 1.6328e-09 5.31794e-08 1.19933e-06 1.87293e-05 0.000202531 0.00151655 0.00786399 0.0282458 0.0703399 0.121902 0.149172 0.135846 0.106847 0.0895923 0.0801631 0.0658054 0.0484629 0.0346029 0.0246197 0.0165901 0.00999655 0.0051782 0.00224123 0.000791329
 3.51959e-11 1.65545e-09 5.39168e-08 1.21596e-06 1.8989e-05 0.000205339 0.00153757 0.00797296 0.0286364 0.0713046 0.12352 0.150896 0.136611 0.105851 0.087182 0.0779537 0.065357 0.0495905 0.0356401 0.0244929 0.0157704 0.00936987 0.00498671 0.00226438 0.000837881
 3.50601e-11 1.64906e-09 5.37087e-08 1.21127e-06 1.89157e-05 0.000204547 0.00153164 0.00794222 0.0285262 0.0710317 0.123058 0.150387 0.136322 0.105968 0.0876193 0.0783639 0.0654532 0.049498 0.0357316 0.0248369 0.0160652 0.00943424 0.00493466 0.00223182 0.000839434
 3.43542e-11 1.61585e-09 5.26273e-08 1.18688e-06 1.85348e-05 0.000200428 0.00150081 0.00778235 0.0279525 0.069609 0.120632 0.147602 0.134376 0.105674 0.0888484 0.0803338 0.0673923 0.0510409 0.0368365 0.0255915 0.0165788 0.00976345 0.00510603 0.0022986 0.000860784
 3.60309e-11 1.69472e-09 5.5196e-08 1.24481e-06 1.94395e-05 0.000210211 0.00157405 0.00816204 0.0293147 0.0729856 0.126377 0.154128 0.138705 0.105729 0.0849976 0.0748588 0.062601 0.0478248 0.0349047 0.0244314 0.0158786 0.00936319 0.00490096 0.00220697 0.000825755
 3.67007e-11 1.72622e-09 5.62219e-08 1.26795e-06 1.98008e-05 0.000214118 0.00160331 0.00831375 0.0298595 0.074341 0.128717 0.156952 0.141141 0.107314 0.0857431 0.0746576 0.0611667 0.0453154 0.0321246 0.0221917 0.0144431 0.00857145 0.00451007 0.00203663 0.000762862
 3.69269e-11 1.73686e-09 5.65685e-08 1.27576e-06 1.99229e-05 0.000215438 0.00161319 0.00836499 0.0300435 0.0747989 0.129508 0.157908 0.141973 0.107886 0.0861162 0.0748895 0.0611957 0.0450085 0.0314035 0.0211737 0.0134288 0.00782368 0.00408699 0.00184664 0.000693838
 3.68911e-11 1.73518e-09 5.65136e-08 1.27452e-06 1.99035e-05 0.000215229 0.00161163 0.00835688 0.0300145 0.0747273 0.129389 0.157787 0.141942 0.108027 0.0864298 0.0752805 0.0615447 0.0452426 0.0314826 0.0210698 0.0131683 0.00751128 0.00383773 0.00170497 0.000634769
 3.36655e-11 1.58346e-09 5.15723e-08 1.16309e-06 1.81633e-05 0.000196411 0.00147072 0.00762644 0.0273937 0.0682287 0.118317 0.145133 0.133287 0.107197 0.0927812 0.0849021 0.0705695 0.0520613 0.0362209 0.0241976 0.0150558 0.00850851 0.00428277 0.00186783 0.000682981
 3.34418e-11 1.57294e-09 5.12296e-08 1.15536e-06 1.80426e-05 0.000195105 0.00146095 0.00757569 0.0272106 0.0677646 0.117458 0.143824 0.131287 0.104037 0.0886583 0.0815185 0.0700298 0.0547283 0.0404407 0.0280647 0.0177226 0.0100321 0.0050229 0.00216844 0.000782123
 3.30887e-11 1.55633e-09 5.06887e-08 1.14316e-06 1.78521e-05 0.000193045 0.00144552 0.00749573 0.0269236 0.0670525 0.11624 0.142413 0.130251 0.103711 0.0888469 0.0816548 0.0697066 0.054227 0.0405439 0.0291517 0.0193301 0.0114313 0.00587807 0.00256186 0.000922332
 3.37102e-11 1.58557e-09 5.16409e-08 1.16463e-06 1.81874e-05 0.000196671 0.00147267 0.00763647 0.0274285 0.0683036 0.118366 0.144815 0.1318 0.103605 0.0872243 0.0794125 0.067738 0.0528237 0.0395756 0.0285691 0.0192118 0.0116933 0.00624533 0.00282094 0.0010415
 3.71305e-11 1.74644e-09 5.68804e-08 1.2828e-06 2.00327e-05 0.000216625 0.00162208 0.00841103 0.030208 0.0751999 0.130144 0.15841 0.14155 0.105762 0.08239 0.0709642 0.0588318 0.0449264 0.0331067 0.0237155 0.0159652 0.0098067 0.00533356 0.00247288 0.000940415
#pred catch len freq
 2.10979e-11 9.92346e-10 3.23201e-08 7.28898e-07 1.13828e-05 0.00012309 0.000921711 0.00477981 0.0171725 0.042809 0.0744943 0.0925994 0.0890025 0.0800624 0.0803357 0.083156 0.0793373 0.0713818 0.06334 0.0553271 0.047609 0.0408502 0.0341924 0.0260087 0.0164849
 9.77512e-12 4.59775e-10 1.49746e-08 3.37715e-07 5.27394e-06 5.70317e-05 0.000427097 0.00221558 0.00797064 0.0199751 0.0354787 0.0474791 0.0563405 0.0719947 0.0946544 0.108678 0.105949 0.0951414 0.0841614 0.0731843 0.0616921 0.0504078 0.0393599 0.0279781 0.01685
 7.72944e-12 3.63556e-10 1.18408e-08 2.67039e-07 4.17022e-06 4.50958e-05 0.000337697 0.00175151 0.00629676 0.0157373 0.0276616 0.0356985 0.0386184 0.044156 0.0576752 0.0758391 0.0944035 0.109453 0.114148 0.106002 0.0901339 0.0719905 0.0536606 0.0359428 0.0204444
 3.19303e-11 1.50185e-09 4.89143e-08 1.10314e-06 1.72271e-05 0.000186286 0.00139488 0.00723257 0.0259702 0.0645989 0.111444 0.133985 0.114393 0.0743873 0.0452355 0.0347842 0.0358626 0.0431783 0.0532332 0.0607148 0.0608005 0.0527907 0.0398312 0.0258923 0.0140659
 4.3787e-11 2.05953e-09 6.70776e-08 1.51277e-06 2.3624e-05 0.00025546 0.00191286 0.00991844 0.0356166 0.088614 0.153015 0.18462 0.159686 0.107911 0.0691808 0.0487457 0.0339663 0.021599 0.0149726 0.0139584 0.0150777 0.0150484 0.0126113 0.00859353 0.00467157
 3.39201e-11 1.59544e-09 5.19625e-08 1.17188e-06 1.83007e-05 0.000197897 0.00148186 0.00768433 0.0276035 0.0687711 0.119391 0.147075 0.137033 0.114032 0.102156 0.0926243 0.071434 0.044858 0.0247171 0.0135679 0.00859672 0.00674813 0.00561912 0.00406808 0.00232146
 2.98308e-11 1.4031e-09 4.56979e-08 1.0306e-06 1.60944e-05 0.000174039 0.00130321 0.00675802 0.0242771 0.0604951 0.105101 0.129841 0.122211 0.104557 0.0982766 0.0955972 0.0834656 0.0643897 0.0450018 0.0278761 0.0150416 0.0076105 0.00416198 0.00248007 0.00136396
 3.00482e-11 1.41332e-09 4.6031e-08 1.03811e-06 1.62116e-05 0.000175307 0.0013127 0.00680713 0.024452 0.0609157 0.105728 0.130131 0.120947 0.100409 0.0912196 0.0878072 0.078125 0.0637234 0.0493592 0.0353863 0.0222972 0.0120469 0.00566692 0.00245334 0.00102021
 3.50491e-11 1.64854e-09 5.36919e-08 1.21089e-06 1.89097e-05 0.000204482 0.00153116 0.00793963 0.0285158 0.0709965 0.122932 0.149923 0.134919 0.102883 0.0829477 0.073764 0.0631058 0.0503078 0.0389971 0.0291448 0.0200018 0.0120686 0.00619078 0.00265261 0.000954489
 3.39594e-11 1.59729e-09 5.20227e-08 1.17324e-06 1.83219e-05 0.000198125 0.00148357 0.00769301 0.0276324 0.0688203 0.119322 0.146265 0.134001 0.107059 0.0916937 0.082997 0.0681059 0.0496227 0.0347506 0.0243346 0.0164992 0.0103078 0.00564584 0.00258833 0.000960684
 3.48552e-11 1.63942e-09 5.33949e-08 1.20419e-06 1.88051e-05 0.000203351 0.00152269 0.00789583 0.0283599 0.0706224 0.122379 0.149696 0.136141 0.106757 0.0893533 0.0804162 0.066989 0.0499747 0.0350859 0.0235081 0.0147766 0.00865662 0.00463851 0.00216764 0.000836595
 3.53591e-11 1.66313e-09 5.41669e-08 1.2216e-06 1.9077e-05 0.000206292 0.00154471 0.00800998 0.0287697 0.0716408 0.12413 0.151771 0.137812 0.107586 0.0893677 0.0797555 0.0657535 0.0484593 0.0337817 0.0226356 0.0141225 0.00801856 0.00408971 0.00183132 0.000694095
 3.61874e-11 1.70208e-09 5.54358e-08 1.25021e-06 1.95239e-05 0.000211124 0.00158089 0.00819757 0.0294429 0.0733119 0.126989 0.155099 0.140287 0.108369 0.088605 0.0781447 0.0638824 0.0465769 0.0320081 0.0211354 0.0130205 0.0072982 0.00365081 0.00158724 0.000581415
 3.52683e-11 1.65885e-09 5.40278e-08 1.21846e-06 1.9028e-05 0.000205762 0.00154074 0.00798946 0.0286964 0.0714631 0.123854 0.151584 0.138118 0.108795 0.0914114 0.0818344 0.0668737 0.0482627 0.0326613 0.0212222 0.0128665 0.00709332 0.00348749 0.00148752 0.000532766
 3.22793e-11 1.51826e-09 4.94488e-08 1.11519e-06 1.74154e-05 0.000188323 0.00141017 0.00731256 0.0262676 0.0654386 0.113577 0.139781 0.129853 0.107489 0.0965397 0.0901701 0.0752769 0.0552424 0.0378688 0.0246592 0.0148099 0.00803143 0.00387474 0.00162131 0.000569607
 3.15125e-11 1.4822e-09 4.82742e-08 1.0887e-06 1.70017e-05 0.00018385 0.00137667 0.00713884 0.0256434 0.0638817 0.110862 0.136383 0.12653 0.104483 0.0938978 0.0887152 0.076226 0.0587103 0.0424938 0.0288237 0.0177107 0.00968251 0.00465244 0.00192222 0.000663948
 3.34173e-11 1.57179e-09 5.11923e-08 1.15451e-06 1.80294e-05 0.000194963 0.00145988 0.00757019 0.0271909 0.0677181 0.117392 0.143814 0.131497 0.104623 0.0895082 0.0821033 0.0698135 0.0538267 0.0395774 0.0277595 0.017843 0.0101904 0.0050497 0.00211663 0.000731712
 3.3428e-11 1.57229e-09 5.12086e-08 1.15488e-06 1.80351e-05 0.000195025 0.00146035 0.00757265 0.0272003 0.0677469 0.117479 0.14409 0.132286 0.106308 0.0919427 0.0841935 0.0702364 0.0523189 0.0371282 0.0255969 0.0165676 0.00971712 0.00499692 0.00217274 0.000772512
 3.29427e-11 1.54947e-09 5.04651e-08 1.13811e-06 1.77733e-05 0.000192194 0.00143915 0.00746274 0.0268058 0.0667668 0.115797 0.142111 0.130743 0.105666 0.0922076 0.085227 0.0719134 0.0542754 0.0387065 0.0263647 0.0166921 0.00963868 0.00496693 0.00220094 0.000804534
 3.21247e-11 1.51099e-09 4.92121e-08 1.10985e-06 1.7332e-05 0.000187422 0.00140342 0.00727749 0.026141 0.0651173 0.112979 0.138855 0.128397 0.105113 0.09329 0.0871301 0.0739099 0.0561022 0.0403472 0.0277254 0.01762 0.0101225 0.00516094 0.00227047 0.00083219
 3.31491e-11 1.55918e-09 5.07814e-08 1.14525e-06 1.78847e-05 0.000193398 0.00144817 0.00750945 0.0269731 0.0671785 0.116477 0.142789 0.130867 0.104758 0.0903511 0.0832229 0.0707213 0.0542635 0.0395557 0.0274966 0.017636 0.010201 0.00521464 0.00228914 0.000835497
 3.46095e-11 1.62786e-09 5.30185e-08 1.1957e-06 1.86726e-05 0.000201918 0.00151196 0.00784019 0.0281601 0.070126 0.121526 0.148688 0.135337 0.106351 0.0892477 0.0803849 0.0669496 0.0501525 0.0358093 0.0247181 0.0159417 0.00931905 0.00481055 0.00212534 0.000777784
 3.44594e-11 1.62081e-09 5.27886e-08 1.19051e-06 1.85916e-05 0.000201042 0.00150541 0.00780624 0.0280387 0.0698283 0.121043 0.148249 0.135422 0.107404 0.0911977 0.0824424 0.0681443 0.0501043 0.0348349 0.0233984 0.0147651 0.00852774 0.00439584 0.00195254 0.000719552
 3.44621e-11 1.62093e-09 5.27928e-08 1.19061e-06 1.85931e-05 0.000201058 0.00150552 0.00780685 0.0280408 0.0698331 0.121048 0.148239 0.135365 0.107274 0.0910472 0.082445 0.0684628 0.0506564 0.035289 0.0234858 0.0145175 0.00817285 0.00412117 0.00180639 0.0006627
 3.3564e-11 1.57869e-09 5.14169e-08 1.15958e-06 1.81085e-05 0.000195819 0.00146629 0.00760347 0.0273111 0.0680233 0.117962 0.144702 0.132911 0.106945 0.0926632 0.0849701 0.0708994 0.0526097 0.0367857 0.0245759 0.0151952 0.00848906 0.00421153 0.00180894 0.000651709
 3.11534e-11 1.46531e-09 4.77242e-08 1.0763e-06 1.6808e-05 0.000181755 0.00136099 0.00705756 0.025352 0.0631621 0.109656 0.135098 0.125966 0.105263 0.0958417 0.0907432 0.0771744 0.0583586 0.0415797 0.0281504 0.0175341 0.00982577 0.00486562 0.00207333 0.00073722
 3.02902e-11 1.42471e-09 4.64018e-08 1.04648e-06 1.63422e-05 0.000176719 0.00132328 0.006862 0.0246496 0.0614128 0.106623 0.131383 0.122581 0.102661 0.0939883 0.0900106 0.0782909 0.0613881 0.0455692 0.0319058 0.0203655 0.0116121 0.00581104 0.00248584 0.000882162
 3.13181e-11 1.47305e-09 4.79764e-08 1.08199e-06 1.68968e-05 0.000182716 0.00136818 0.00709475 0.0254846 0.0634817 0.110138 0.135353 0.12513 0.102433 0.0911285 0.0858743 0.0743597 0.0585222 0.0440859 0.0317281 0.0209986 0.012419 0.00640179 0.00279456 0.00100341
 3.38339e-11 1.59139e-09 5.18304e-08 1.1689e-06 1.82541e-05 0.000197393 0.00147808 0.00766452 0.0275294 0.0685572 0.118821 0.145442 0.132592 0.104661 0.0884984 0.0804284 0.0678833 0.0519877 0.0382343 0.0272689 0.0182125 0.0110308 0.00587019 0.00264653 0.000976363
#obs catch len freq
 2.03757e-11 9.58377e-10 3.12137e-08 7.03948e-07 1.09932e-05 0.000118876 0.000890159 0.00461617 0.0165844 0.0413408 0.0719252 0.0893418 0.0856888 0.0768402 0.0773465 0.0815621 0.0807202 0.0759538 0.0697166 0.0620062 0.0534298 0.0441987 0.0336201 0.0221457 0.0119422
 2.11287e-11 9.93793e-10 3.23672e-08 7.29963e-07 1.13994e-05 0.000123269 0.000923056 0.00478677 0.0171975 0.04287 0.0745929 0.0926863 0.0889687 0.0797766 0.0797058 0.0822154 0.0784686 0.0715858 0.0657861 0.0599723 0.0524715 0.0431268 0.0323324 0.021083 0.0113153
 7.17257e-16 3.3807e-14 1.11023e-12 2.58582e-11 4.54667e-10 7.10079e-09 1.18133e-07 1.95047e-06 2.6086e-05 0.000253379 0.00172685 0.00818901 0.0270285 0.0624851 0.102967 0.126155 0.125167 0.113318 0.101528 0.090469 0.0786048 0.0648737 0.0487282 0.0316256 0.0168525
 1.08301e-11 5.09394e-10 1.65906e-08 3.7416e-07 5.84304e-06 6.31839e-05 0.000473108 0.00245301 0.00880697 0.0218949 0.0376952 0.0449813 0.0375389 0.0239146 0.019747 0.0356693 0.0704011 0.107717 0.127742 0.12567 0.110583 0.0903966 0.0674298 0.0436323 0.0231841
 5.1467e-11 2.42076e-09 7.88426e-08 1.7781e-06 2.77675e-05 0.000300265 0.00224833 0.0116574 0.0418544 0.104065 0.179228 0.21404 0.177969 0.104672 0.046124 0.0180681 0.00878492 0.0075765 0.010543 0.0147859 0.0170591 0.0160086 0.0125083 0.00815498 0.00432311
 2.94815e-11 1.38667e-09 4.51628e-08 1.01854e-06 1.59059e-05 0.000172002 0.00128798 0.00667942 0.0240006 0.0598624 0.104387 0.130755 0.128668 0.120672 0.12203 0.114821 0.0842386 0.0454639 0.0191866 0.00883675 0.00714651 0.0074716 0.00678301 0.00484607 0.00267442
 3.99598e-11 1.87951e-09 6.12145e-08 1.38054e-06 2.15592e-05 0.000233131 0.00174567 0.00905166 0.0325059 0.0808915 0.139798 0.169238 0.148286 0.104763 0.0749718 0.062887 0.0554626 0.0460047 0.033621 0.0202106 0.00991567 0.00468352 0.00276945 0.00186065 0.00107709
 2.13003e-11 1.00186e-09 3.26301e-08 7.35891e-07 1.1492e-05 0.000124272 0.000930593 0.00482649 0.0173493 0.0433383 0.0760199 0.0973226 0.10238 0.108967 0.124108 0.127147 0.105007 0.0728685 0.0481693 0.0322215 0.0202093 0.0108773 0.00501308 0.00216708 0.000941274
 4.05685e-11 1.90815e-09 6.2147e-08 1.40157e-06 2.18876e-05 0.000236682 0.00177225 0.00918933 0.032998 0.0820938 0.141724 0.17085 0.147382 0.0992139 0.0650376 0.0523237 0.049057 0.0459689 0.0389844 0.0283271 0.0176652 0.00972571 0.00473139 0.00198381 0.000711837
 3.44265e-11 1.61926e-09 5.27381e-08 1.18938e-06 1.85739e-05 0.00020085 0.00150397 0.0077989 0.0280138 0.0697793 0.121048 0.148675 0.137121 0.111258 0.0965344 0.0860541 0.0666931 0.0441678 0.0287552 0.0205244 0.014732 0.00933024 0.00491506 0.00212458 0.000750899
 3.58447e-11 1.68596e-09 5.49106e-08 1.23837e-06 1.9339e-05 0.000209124 0.00156592 0.0081199 0.0291639 0.0726155 0.125772 0.153565 0.138761 0.106973 0.0875075 0.0780021 0.0653287 0.0490706 0.0340264 0.0219015 0.0131539 0.00755972 0.00406837 0.00189769 0.000716705
 3.57288e-11 1.68051e-09 5.47332e-08 1.23437e-06 1.92765e-05 0.000208448 0.00156086 0.00809371 0.0290703 0.0723872 0.125409 0.153273 0.13897 0.108046 0.0891608 0.0790773 0.0647885 0.0474375 0.0329662 0.0220953 0.0137081 0.00763933 0.00379765 0.00166588 0.000623207
 3.80824e-11 1.79122e-09 5.83387e-08 1.31569e-06 2.05463e-05 0.000222179 0.00166367 0.00862668 0.0309826 0.0771291 0.133489 0.162508 0.145291 0.108677 0.0846126 0.0722682 0.058534 0.0427283 0.029487 0.0195513 0.012086 0.00678044 0.00337342 0.00144738 0.000520875
 3.56105e-11 1.67495e-09 5.45519e-08 1.23028e-06 1.92127e-05 0.000207758 0.00155569 0.00806697 0.0289751 0.0721574 0.125062 0.153085 0.13955 0.110017 0.0923829 0.0822116 0.0661785 0.0465508 0.0306484 0.0196302 0.0119124 0.00661781 0.00327445 0.00139818 0.000498237
 3.55166e-11 1.67053e-09 5.44081e-08 1.22704e-06 1.9162e-05 0.00020721 0.00155159 0.00804565 0.0288979 0.0719596 0.124681 0.152439 0.138402 0.108027 0.0897619 0.0802467 0.0663458 0.0488812 0.0336217 0.0217845 0.012937 0.00694863 0.00334358 0.00140315 0.000494719
 2.94958e-11 1.38734e-09 4.51848e-08 1.01903e-06 1.59136e-05 0.000172084 0.00128858 0.00668222 0.0240059 0.0598286 0.104008 0.128794 0.122165 0.106273 0.101225 0.0975973 0.0824467 0.0610251 0.0424352 0.0282137 0.0172921 0.00947004 0.00454453 0.00187136 0.000645014
 3.43841e-11 1.61726e-09 5.26732e-08 1.18791e-06 1.8551e-05 0.000200603 0.00150211 0.00778903 0.0279754 0.0696551 0.120637 0.14726 0.132969 0.102407 0.0840639 0.0763209 0.0668143 0.0542328 0.0415595 0.0294243 0.0186586 0.0104779 0.00514212 0.00214828 0.000741807
 3.306e-11 1.55498e-09 5.06448e-08 1.14217e-06 1.78366e-05 0.000192878 0.00144427 0.00748931 0.0269015 0.067006 0.116219 0.142664 0.13135 0.106291 0.0926381 0.0848532 0.0702339 0.0518693 0.0370865 0.0264065 0.0177997 0.0107266 0.00555657 0.00240503 0.000849165
 3.34488e-11 1.57327e-09 5.12403e-08 1.1556e-06 1.80463e-05 0.000195146 0.00146126 0.00757731 0.0272168 0.0677837 0.117515 0.14401 0.131821 0.105173 0.0902809 0.0828421 0.0701 0.053353 0.0383989 0.0264085 0.0170095 0.0101074 0.00537951 0.0024428 0.000903904
 3.33407e-11 1.56819e-09 5.10748e-08 1.15187e-06 1.79881e-05 0.000194516 0.00145654 0.00755285 0.0271291 0.0675668 0.11715 0.143613 0.131614 0.105314 0.0906837 0.0831766 0.0700998 0.0531714 0.0384375 0.0267374 0.0173001 0.0101606 0.00531487 0.00240382 0.000904133
 3.26442e-11 1.53543e-09 5.00078e-08 1.1278e-06 1.76123e-05 0.000190452 0.00142611 0.00739512 0.0265631 0.066163 0.114756 0.140864 0.129693 0.10502 0.0918908 0.0851169 0.0720149 0.054698 0.0395296 0.0274821 0.0178092 0.0104893 0.00548588 0.00246964 0.000924841
 3.43569e-11 1.61598e-09 5.26315e-08 1.18697e-06 1.85363e-05 0.000200444 0.00150093 0.00778296 0.0279545 0.0696119 0.120623 0.147526 0.134103 0.105051 0.0879192 0.0794899 0.0671094 0.0514292 0.0375876 0.0263278 0.0171163 0.0100942 0.00528383 0.00237942 0.000890284
 3.50256e-11 1.64744e-09 5.36559e-08 1.21008e-06 1.88971e-05 0.000204346 0.00153014 0.00793443 0.0284985 0.0709657 0.122963 0.150361 0.136583 0.10674 0.0888205 0.0794246 0.0657077 0.0488362 0.0346718 0.02397 0.0156057 0.00926264 0.00487398 0.002201 0.000824435
 3.5243e-11 1.65766e-09 5.3989e-08 1.21759e-06 1.90144e-05 0.000205614 0.00153964 0.00798368 0.0286754 0.071406 0.123725 0.151288 0.137409 0.10735 0.0892742 0.079753 0.0658132 0.0485618 0.0339335 0.0228978 0.0145274 0.00846494 0.0044222 0.00199814 0.000750766
 3.52547e-11 1.65821e-09 5.40068e-08 1.21799e-06 1.90207e-05 0.000205682 0.00154014 0.00798631 0.0286849 0.0714301 0.12377 0.151356 0.137512 0.107519 0.0895194 0.0800307 0.0660523 0.048708 0.0339426 0.0227333 0.0142128 0.00810817 0.00414291 0.00184058 0.000685262
 3.19013e-11 1.50048e-09 4.88697e-08 1.10214e-06 1.72114e-05 0.000186118 0.00139366 0.00722693 0.0259603 0.0646739 0.112258 0.138198 0.128512 0.106649 0.096113 0.0900259 0.0754344 0.0558049 0.0388802 0.0259947 0.0161798 0.00914499 0.0046034 0.00200771 0.000734134
 3.17034e-11 1.49117e-09 4.85665e-08 1.0953e-06 1.71047e-05 0.000184963 0.00138501 0.00718202 0.025798 0.0642609 0.111481 0.13696 0.126482 0.103276 0.091617 0.0862795 0.074741 0.0585735 0.0433382 0.0300953 0.0190104 0.0107623 0.00538878 0.00232644 0.000839117
 3.13321e-11 1.47371e-09 4.79978e-08 1.08247e-06 1.69044e-05 0.000182797 0.00136879 0.00709794 0.0254963 0.0635121 0.110201 0.135477 0.125391 0.102928 0.091804 0.0864028 0.0743732 0.0580205 0.0434386 0.0312545 0.0207305 0.0122609 0.00630488 0.00274793 0.000989327
 3.20604e-11 1.50797e-09 4.91135e-08 1.10763e-06 1.72973e-05 0.000187046 0.0014006 0.00726285 0.0260879 0.0649783 0.112693 0.138297 0.127225 0.102849 0.0899694 0.0838401 0.0721016 0.0563792 0.042292 0.030549 0.0205486 0.0125082 0.00668077 0.00301765 0.00111413
#spawning biomass
 23340.8 22224.2 17218.8 13014.9 14473 28102.2 41194.2 48946 61071.6 80529 92326.8 113093 132703 161293 172995 166126 144662 131850 148559 153157 152846 146036 155992 168059 185383 205512 200333 174069 146095 109894 150057 104503 67353.4 45233.1 33599.1 27900.8 25230.7 24014.9 23471.8 23232.3 23127.6 23082.1 23062.4 23053.9 23050.3 23048.7 23048 23047.8 23047.6 23047.6 23047.6 23047.5 23047.5 23047.5 23047.5 23047.5 23047.5 23047.5 23047.5 23047.5 23047.5 23047.5 23047.5 23047.5 23047.5 23047.5 23047.5 23047.5 23047.5 23047.5 23047.5 23047.5 23047.5 23047.5 23047.5 23047.5 23047.5 23047.5 23047.5 23047.5 23047.5 23047.5 23047.5 23047.5 23047.5 23047.5 23047.5 23047.5 23047.5 23047.5 23047.5 23047.5 23047.5 23047.5 23047.5 23047.5 23047.5 23047.5 23047.5 23047.5 23047.5 23047.5 23047.5 23047.5 23047.5 23047.5 23047.5 23047.5 23047.5 23047.5 23047.5 23047.5 23047.5 23047.5 23047.5 23047.5 23047.5 23047.5 23047.5 23047.5 23047.5 23047.5 23047.5 23047.5 23047.5 23047.5 23047.5 23047.5 23047.5 0 0 0 0 0 0 0 0 0 0 0 0 0 0 0 0 0 0 0 0 0 0 0 0 0
