SBPRF35
0.224663
Curr Bio
51966.4
B35
185758
F35
0.340122
FOFL
0.0961494
OFL
13103.6
Bzero
64189.3
#pred survey bio
 6432.57 7440.17 8042.47 7676.43 9552.9 13356.8 14885.1 15654.6 27543.4 47983.3 62452 79002.5 107928 135889 147222 123193 111838 111390 115837 109757 123533 134539 136522 141465 152458 169886 159453 170793 6.45281e+06 4.57558e+06 3.68386e+06 2.64841e+06 1.88617e+06 1.40668e+06 1.12717e+06 970419 883949 836336 809886 794952 786339 781253 778175 776264 775065 774298 773801 773475 773260 773117 773021 772957 772913 772884 772865 772851 772843 772836 772832 772830 772828 772827 772826 772825 772825 772824 772824 772824 772824 772824 772824 772824 772824 772824 772824 772824 772824 772824 772824 772824 772824 772824 772824 772824 772824 772824 772824 772824 772824 772824 772824 772824 772824 772824 772824 772824 772824 772824 772824 772824 772824 772824 772824 772824 772824 772824 772824 772824 772824 772824 772824 772824 772824 772824 772824 772824 772824 772824 772824 772824 772824 772824 772824 772824 772824 772824 772824 772824 0 0 0 0 0 0 0 0 0 0 0 0 0 0 0 0 0 0 0 0 0 0 0 0 0
#obs survey bio
 5830.96 7925.34 9042.68 9314.07 12933.2 10754.8 16579.1 17393.8 63068.5 56053.9 87203.8 89466.5 131497 85428.8 147241 146719 108801 111755 175495 106315 118088 148920 119206 183714 174242 177526 144443 208772
#pred catch bio
 3935.1 5271.57 6036.29 5604.13 6499.21 9798.5 11927.4 11337 18097.5 34792 46106.7 57518.3 78477.9 97822 114271 93838.9 83629.6 81904.3 87637.5 78243.7 89509.1 100890 101938 101900 103494 122567 109824 112995 13103.6 52664.6 40796.9 28432.2 19696.8 14392.2 11427.5 9852.02 9041.21 8632.67 8429.72 8329.87 8281.06 8257.31 8245.79 8240.2 8237.51 8236.22 8235.59 8235.29 8235.15 8235.08 8235.04 8235.03 8235.02 8235.02 8235.01 8235.01 8235.01 8235.01 8235.01 8235.01 8235.01 8235.01 8235.01 8235.01 8235.01 8235.01 8235.01 8235.01 8235.01 8235.01 8235.01 8235.01 8235.01 8235.01 8235.01 8235.01 8235.01 8235.01 8235.01 8235.01 8235.01 8235.01 8235.01 8235.01 8235.01 8235.01 8235.01 8235.01 8235.01 8235.01 8235.01 8235.01 8235.01 8235.01 8235.01 8235.01 8235.01 8235.01 8235.01 8235.01 8235.01 8235.01 8235.01 8235.01 8235.01 8235.01 8235.01 8235.01 8235.01 8235.01 8235.01 8235.01 8235.01 8235.01 8235.01 8235.01 8235.01 8235.01 8235.01 8235.01 8235.01 8235.01 8235.01 8235.01 8235.01 8235.01 8235.01 8235.01 0 0 0 0 0 0 0 0 0 0 0 0 0 0 0 0 0 0 0 0 0 0 0 0 0
#obs catch bio
 5189.47 5286.3 6019.55 5498.4 6186.99 9729.86 11747 11282.3 17227.3 33663.4 44831.1 56555.5 76916.6 96574.6 114082 93299.4 83206.6 82310.3 84565.3 77937.6 88025.5 99747.4 102882 100208 100587 120735 110121 112992
#pred cpue bio
 6074.84 6780.56 7375.12 7032.14 8610.48 12133.5 13575.2 14061.6 24436.7 43263.7 56526.7 71331.8 97182.9 123293 135183 113273 102435 101781 105935 100567 112728 122949 124615 129078 139649 156544 147182 156949 5.97903e+06 4.63899e+06 3.68259e+06 2.63397e+06 1.87029e+06 1.39067e+06 1.11115e+06 954391 867922 820308 793858 778924 770312 765226 762147 760237 759037 758271 757774 757448 757232 757089 756993 756929 756886 756857 756837 756824 756815 756809 756805 756802 756800 756799 756798 756797 756797 756797 756797 756796 756796 756796 756796 756796 756796 756796 756796 756796 756796 756796 756796 756796 756796 756796 756796 756796 756796 756796 756796 756796 756796 756796 756796 756796 756796 756796 756796 756796 756796 756796 756796 756796 756796 756796 756796 756796 756796 756796 756796 756796 756796 756796 756796 756796 756796 756796 756796 756796 756796 756796 756796 756796 756796 756796 756796 756796 756796 756796 756796 756796 0 0 0 0 0 0 0 0 0 0 0 0 0 0 0 0 0 0 0 0 0 0 0 0 0
#obs cpue bio
 6940.97 6763.74 6919.7 8757.92 17299 11668.5 17182 12084.2 35066.2 51030.3 60410.6 76168.8 113754 226914 135364 106665 110258 88400.4 161678 85597.7 172898 127881 108895 155042 205801 174113 133760 133481
#pred surv len freq
 2.14625e-27 2.17422e-27 6.70285e-27 1.5496e-21 9.21605e-17 1.26013e-12 3.96123e-09 2.8628e-06 0.000475649 0.0181695 0.159565 0.322166 0.149936 0.0264798 0.0646487 0.0907105 0.0368216 0.0293682 0.0260877 0.0175673 0.0147638 0.0127565 0.0131517 0.0122051 0.00512413
 2.14867e-27 2.18136e-27 7.51686e-27 1.82582e-21 1.08589e-16 1.48476e-12 4.66735e-09 3.37311e-06 0.000560437 0.0214083 0.188009 0.379593 0.176537 0.0278633 0.0557917 0.0779066 0.0285643 0.0141435 0.0112003 0.00595932 0.00411742 0.0029025 0.00248235 0.00209082 0.0008668
 2.14769e-27 2.17914e-27 7.2868e-27 1.74777e-21 1.03947e-16 1.42129e-12 4.46784e-09 3.22892e-06 0.00053648 0.0204932 0.179972 0.363367 0.169107 0.0297465 0.072179 0.100904 0.0354377 0.0126772 0.00884422 0.00328555 0.00159161 0.000823962 0.000522599 0.00036531 0.000143228
 2.14774e-27 2.17931e-27 7.30968e-27 1.75555e-21 1.0441e-16 1.42761e-12 4.48772e-09 3.24329e-06 0.000538868 0.0205844 0.180773 0.364985 0.169844 0.0294776 0.0700508 0.0979587 0.0351688 0.0150222 0.0106589 0.00324336 0.00110356 0.000358584 0.000137658 6.77485e-05 2.3296e-05
 2.14919e-27 2.18288e-27 7.68821e-27 1.88396e-21 1.12047e-16 1.53204e-12 4.81598e-09 3.48052e-06 0.000578283 0.02209 0.193996 0.39168 0.182139 0.0282186 0.0543186 0.0757731 0.0271948 0.0115969 0.00832348 0.00277973 0.000995875 0.000244829 5.12565e-05 1.3057e-05 3.29419e-06
 2.1485e-27 2.18116e-27 7.50199e-27 1.82078e-21 1.08289e-16 1.48065e-12 4.65445e-09 3.36378e-06 0.000558888 0.0213491 0.187489 0.378544 0.1761 0.0291413 0.0639106 0.0892452 0.0312936 0.0110286 0.00757419 0.00253392 0.000933033 0.000244203 4.38655e-05 5.64364e-06 7.13259e-07
 2.14814e-27 2.18029e-27 7.41123e-27 1.78999e-21 1.06458e-16 1.45562e-12 4.57576e-09 3.30691e-06 0.000549439 0.0209882 0.184319 0.372144 0.173149 0.0293409 0.0670581 0.0937062 0.0332079 0.0128203 0.00889064 0.0026785 0.000869873 0.000226785 4.1938e-05 4.65649e-06 3.06315e-07
 2.14946e-27 2.18353e-27 7.75437e-27 1.90639e-21 1.13381e-16 1.55028e-12 4.87331e-09 3.52196e-06 0.000585168 0.022353 0.196305 0.396343 0.184294 0.0282062 0.0528376 0.0736521 0.0259948 0.00970114 0.00670955 0.00211102 0.000704939 0.000166569 2.81223e-05 3.07383e-06 1.73002e-07
 2.15041e-27 2.18586e-27 8.0001e-27 1.98974e-21 1.18338e-16 1.61806e-12 5.08639e-09 3.67595e-06 0.000610753 0.0233303 0.204888 0.413672 0.192279 0.0274897 0.0432405 0.0601027 0.0209174 0.00686227 0.00457959 0.00141872 0.00047038 0.000114495 1.89198e-05 1.89084e-06 9.95461e-08
 2.14913e-27 2.18268e-27 7.66098e-27 1.87469e-21 1.11495e-16 1.5245e-12 4.79228e-09 3.4634e-06 0.000575438 0.0219813 0.193041 0.389753 0.181272 0.0288468 0.0587346 0.0819119 0.0282033 0.00826195 0.00528664 0.00153368 0.000463921 0.00011032 1.82883e-05 1.82291e-06 9.07672e-08
 2.14881e-27 2.18192e-27 7.58232e-27 1.84802e-21 1.09909e-16 1.50281e-12 4.7241e-09 3.41412e-06 0.000567251 0.0216686 0.190295 0.384208 0.17871 0.0288931 0.0606885 0.0847076 0.0297603 0.0106605 0.00718925 0.00197387 0.000537367 0.000117581 1.80587e-05 1.76326e-06 8.73073e-08
 2.14902e-27 2.18245e-27 7.63978e-27 1.86752e-21 1.11069e-16 1.51866e-12 4.77394e-09 3.45014e-06 0.000573236 0.0218972 0.192302 0.388262 0.180574 0.0286412 0.057929 0.0808236 0.0284608 0.0104103 0.00713324 0.00215787 0.00067005 0.000140523 1.93332e-05 1.72332e-06 8.1147e-08
 2.14925e-27 2.18301e-27 7.69874e-27 1.88752e-21 1.12258e-16 1.53493e-12 4.82506e-09 3.48709e-06 0.000579374 0.0221317 0.194362 0.392419 0.18249 0.0284723 0.0556445 0.0775968 0.0272296 0.00965693 0.00657398 0.00201435 0.000651311 0.000150497 2.23732e-05 1.88187e-06 8.02622e-08
 2.1486e-27 2.1814e-27 7.52669e-27 1.82915e-21 1.08787e-16 1.48746e-12 4.67586e-09 3.37926e-06 0.000561458 0.0214473 0.188352 0.380285 0.176905 0.0291301 0.0633176 0.0884017 0.0309003 0.0105686 0.00711288 0.00214475 0.000681624 0.00016068 2.55183e-05 2.33287e-06 1.00738e-07
 2.14749e-27 2.1787e-27 7.24229e-27 1.73268e-21 1.03049e-16 1.40902e-12 4.42926e-09 3.20104e-06 0.000531848 0.0203162 0.178418 0.36023 0.167663 0.0299184 0.0741744 0.103739 0.0367833 0.0142621 0.00988379 0.00292763 0.000903409 0.000209138 3.31495e-05 3.15998e-06 1.46144e-07
 2.14737e-27 2.17841e-27 7.21396e-27 1.72308e-21 1.02478e-16 1.40121e-12 4.40472e-09 3.1833e-06 0.000528901 0.0202037 0.17743 0.358234 0.166736 0.0298043 0.0740797 0.103638 0.0371861 0.0158199 0.011271 0.0035591 0.00118723 0.000272437 4.20035e-05 3.96216e-06 1.8712e-07
 2.14775e-27 2.17935e-27 7.31485e-27 1.75731e-21 1.04514e-16 1.42905e-12 4.49222e-09 3.24654e-06 0.000539408 0.020605 0.180954 0.365351 0.170011 0.029405 0.0694971 0.097184 0.0349696 0.0151957 0.0109435 0.00364602 0.00131436 0.000323633 5.2615e-05 4.92081e-06 2.28646e-07
 2.14797e-27 2.1799e-27 7.37189e-27 1.77666e-21 1.05665e-16 1.44478e-12 4.54167e-09 3.28228e-06 0.000545346 0.0208319 0.182946 0.369372 0.171866 0.0293002 0.067645 0.0945568 0.0338156 0.014041 0.0100337 0.00338919 0.00125874 0.000329918 5.83829e-05 5.83138e-06 2.77432e-07
 2.14789e-27 2.17969e-27 7.34954e-27 1.76907e-21 1.05214e-16 1.43861e-12 4.52229e-09 3.26827e-06 0.000543018 0.0207429 0.182165 0.367796 0.171141 0.0294106 0.0687945 0.0961729 0.034331 0.0140549 0.00998066 0.00328692 0.00119285 0.000318258 5.92144e-05 6.38263e-06 3.26372e-07
 2.14771e-27 2.17924e-27 7.30108e-27 1.75263e-21 1.04236e-16 1.42524e-12 4.48026e-09 3.2379e-06 0.000537972 0.0205502 0.180472 0.364378 0.169568 0.0295934 0.0709408 0.099196 0.0353709 0.0143552 0.0101637 0.00331608 0.00118261 0.000307988 5.69346e-05 6.36134e-06 3.46416e-07
 2.1481e-27 2.18021e-27 7.40604e-27 1.78825e-21 1.06354e-16 1.4542e-12 4.5713e-09 3.30369e-06 0.000548903 0.0209677 0.18414 0.371782 0.172972 0.0290965 0.0656754 0.0917977 0.0330789 0.0145204 0.0104455 0.00339691 0.00120322 0.000309297 5.59234e-05 6.16698e-06 3.42042e-07
 2.14796e-27 2.17986e-27 7.3671e-27 1.77503e-21 1.05568e-16 1.44345e-12 4.53751e-09 3.27927e-06 0.000544846 0.0208128 0.182779 0.369034 0.171712 0.0293695 0.0681703 0.0952881 0.033949 0.0136925 0.00973178 0.00330664 0.00122773 0.000315936 5.64849e-05 6.1148e-06 3.34166e-07
 2.14807e-27 2.18012e-27 7.39481e-27 1.78443e-21 1.06127e-16 1.4511e-12 4.56154e-09 3.29664e-06 0.000547731 0.020923 0.183747 0.370988 0.172612 0.029285 0.0670655 0.0937317 0.0334163 0.013542 0.00957519 0.00310123 0.00110631 0.000295328 5.46083e-05 5.90066e-06 3.17761e-07
 2.1481e-27 2.1802e-27 7.40323e-27 1.78728e-21 1.06297e-16 1.45342e-12 4.56884e-09 3.30191e-06 0.000548608 0.0209564 0.184041 0.371581 0.172887 0.02928 0.0668561 0.0934326 0.0332577 0.0133134 0.00939136 0.00304632 0.00107443 0.000275127 5.02097e-05 5.58747e-06 3.05094e-07
 2.14774e-27 2.17931e-27 7.30932e-27 1.75543e-21 1.04402e-16 1.42751e-12 4.4874e-09 3.24306e-06 0.000538829 0.0205829 0.18076 0.364959 0.169835 0.0295485 0.0704913 0.0985662 0.0351999 0.0144543 0.0102455 0.00330424 0.0011578 0.000294928 5.25143e-05 5.70118e-06 3.13695e-07
 2.14716e-27 2.1779e-27 7.16259e-27 1.70567e-21 1.01443e-16 1.38705e-12 4.3602e-09 3.15113e-06 0.000523556 0.0199995 0.175636 0.354614 0.165062 0.0298194 0.0752632 0.105331 0.0381081 0.0172063 0.0124577 0.00408144 0.00145293 0.000368737 6.51033e-05 6.95028e-06 3.74088e-07
 2.14699e-27 2.1775e-27 7.12073e-27 1.69147e-21 1.00598e-16 1.3755e-12 4.32392e-09 3.12491e-06 0.000519199 0.019833 0.174175 0.351663 0.1637 0.0298589 0.0763937 0.106937 0.0388438 0.0180279 0.0132112 0.00456819 0.00172897 0.00044839 7.99508e-05 8.48774e-06 4.50683e-07
 2.14744e-27 2.17862e-27 7.24167e-27 1.73251e-21 1.03039e-16 1.40887e-12 4.42881e-09 3.20071e-06 0.000531794 0.0203142 0.1784 0.360193 0.167624 0.0293421 0.0706676 0.0988812 0.0362024 0.0176905 0.0131157 0.00462269 0.0018102 0.000497113 9.34971e-05 1.01293e-05 5.38793e-07
#obs surv len freq
 1.23112e-39 6.02547e-33 6.77995e-27 1.75391e-21 1.04312e-16 1.42627e-12 4.4835e-09 3.24023e-06 0.000538369 0.020565 0.180602 0.364641 0.169679 0.0293095 0.0691286 0.0966806 0.034999 0.015877 0.0116208 0.00412139 0.00164385 0.000476844 0.0001003 1.29529e-05 8.55668e-07
 1.31219e-39 6.42226e-33 7.22643e-27 1.86941e-21 1.11181e-16 1.52019e-12 4.77875e-09 3.45361e-06 0.000573822 0.0219193 0.192495 0.388652 0.18074 0.0282511 0.0554302 0.0773563 0.0279681 0.0125758 0.00916586 0.00318894 0.00124275 0.000353995 7.3036e-05 9.23093e-06 5.92961e-07
 1.15485e-39 5.6522e-33 6.35994e-27 1.64526e-21 9.78496e-17 1.33792e-12 4.20575e-09 3.0395e-06 0.000505018 0.019291 0.169414 0.342053 0.159295 0.0308694 0.085459 0.119624 0.042078 0.0152577 0.0105977 0.0036611 0.0014102 0.000393014 7.90358e-05 9.77057e-06 6.13853e-07
 1.34091e-39 6.56281e-33 7.38458e-27 1.91032e-21 1.13614e-16 1.55347e-12 4.88333e-09 3.5292e-06 0.000586381 0.022399 0.196708 0.397158 0.184647 0.0275681 0.0486978 0.0679202 0.0253773 0.0139607 0.0103709 0.00318299 0.00106659 0.000289463 5.70739e-05 6.87458e-06 4.21456e-07
 1.38993e-39 6.80274e-33 7.65455e-27 1.98016e-21 1.17768e-16 1.61026e-12 5.06186e-09 3.65822e-06 0.000607818 0.0232179 0.203899 0.411677 0.191359 0.027561 0.0442783 0.0615629 0.0213844 0.00689479 0.00472264 0.00184162 0.000763556 0.00018905 3.33103e-05 3.86429e-06 2.31087e-07
 1.26283e-39 6.18068e-33 6.9546e-27 1.79909e-21 1.06999e-16 1.46301e-12 4.59899e-09 3.3237e-06 0.000552238 0.0210948 0.185254 0.374033 0.174035 0.0296668 0.068479 0.095638 0.0329231 0.00962309 0.00614676 0.00177534 0.000569326 0.000168525 3.32013e-05 3.54997e-06 1.97572e-07
 1.28061e-39 6.26771e-33 7.05253e-27 1.82442e-21 1.08505e-16 1.48361e-12 4.66375e-09 3.3705e-06 0.000560014 0.0213918 0.187863 0.3793 0.17644 0.0288655 0.0619999 0.0866034 0.0310748 0.0132116 0.00926622 0.00254447 0.000691285 0.000154441 2.71732e-05 3.23164e-06 1.81413e-07
 1.42241e-39 6.96171e-33 7.83342e-27 2.02643e-21 1.2052e-16 1.64789e-12 5.18015e-09 3.7437e-06 0.000622021 0.0237604 0.208664 0.421296 0.195783 0.0269316 0.0375369 0.0520933 0.0184961 0.00725946 0.00511639 0.00170099 0.000590797 0.000125695 1.75172e-05 1.70251e-06 9.46365e-08
 1.41795e-39 6.93986e-33 7.80884e-27 2.02007e-21 1.20141e-16 1.64272e-12 5.16389e-09 3.73195e-06 0.00062007 0.0236859 0.208009 0.419974 0.195188 0.0273556 0.0405236 0.0562428 0.0191403 0.00487501 0.00299632 0.000953353 0.000332153 8.46976e-05 1.37321e-05 1.19032e-06 5.37958e-08
 1.35476e-39 6.6306e-33 7.46086e-27 1.93005e-21 1.14788e-16 1.56951e-12 4.93377e-09 3.56565e-06 0.000592438 0.0226304 0.19874 0.40126 0.186573 0.0283495 0.0522314 0.0727362 0.0248433 0.00661719 0.00404583 0.00104359 0.000260217 6.18179e-05 1.07579e-05 1.08153e-06 4.96748e-08
 1.31655e-39 6.44362e-33 7.25047e-27 1.87563e-21 1.11551e-16 1.52525e-12 4.79465e-09 3.4651e-06 0.000575731 0.0219922 0.193135 0.389945 0.181355 0.0287067 0.0578224 0.0806525 0.0281226 0.00938874 0.00618779 0.00162591 0.000398757 7.59889e-05 1.01177e-05 9.84688e-07 4.96539e-08
 1.36293e-39 6.6706e-33 7.50586e-27 1.9417e-21 1.1548e-16 1.57898e-12 4.96354e-09 3.58716e-06 0.000596011 0.0227669 0.199939 0.40368 0.187675 0.0279018 0.0487685 0.0679102 0.0238867 0.00865014 0.00588891 0.00171868 0.000502666 9.88568e-05 1.19379e-05 9.15486e-07 3.97886e-08
 1.33547e-39 6.53621e-33 7.35465e-27 1.90258e-21 1.13153e-16 1.54717e-12 4.86354e-09 3.51489e-06 0.000584004 0.0223082 0.195911 0.395548 0.183936 0.0284592 0.0546228 0.0761329 0.0263889 0.00830779 0.00546802 0.00166511 0.000529685 0.000117249 1.62188e-05 1.23231e-06 4.57081e-08
 1.28649e-39 6.29646e-33 7.08488e-27 1.83279e-21 1.09003e-16 1.49042e-12 4.68514e-09 3.38596e-06 0.000562582 0.0214899 0.188724 0.38104 0.177252 0.0290836 0.062807 0.0876862 0.0307061 0.0106788 0.00717246 0.00203941 0.000594429 0.000136811 2.10325e-05 1.81054e-06 7.16559e-08
 1.17655e-39 5.75838e-33 6.47942e-27 1.67616e-21 9.96878e-17 1.36305e-12 4.28476e-09 3.09661e-06 0.000514505 0.0196534 0.172597 0.348478 0.16225 0.0304631 0.0810422 0.113425 0.0402714 0.0157865 0.0109783 0.00327638 0.00100657 0.000219108 3.21963e-05 2.94506e-06 1.29751e-07
 1.26218e-39 6.1775e-33 6.95102e-27 1.79816e-21 1.06943e-16 1.46226e-12 4.59662e-09 3.32199e-06 0.000551953 0.0210839 0.185159 0.373841 0.173909 0.0286819 0.0625245 0.0874121 0.0322888 0.0166466 0.0123001 0.00392111 0.00132353 0.000304241 4.5527e-05 4.00998e-06 1.78118e-07
 1.22831e-39 6.01175e-33 6.76451e-27 1.74992e-21 1.04074e-16 1.42302e-12 4.47329e-09 3.23286e-06 0.000537144 0.0205182 0.180191 0.363811 0.169305 0.0295742 0.0709947 0.0992709 0.0353659 0.0142698 0.0102819 0.00385424 0.00156014 0.000392492 6.42316e-05 5.91167e-06 2.61631e-07
 1.27635e-39 6.24687e-33 7.02908e-27 1.81836e-21 1.08145e-16 1.47868e-12 4.64825e-09 3.3593e-06 0.000558152 0.0213207 0.187238 0.378039 0.175852 0.0287431 0.0616329 0.0861071 0.0311696 0.0141247 0.0102206 0.00332725 0.00122782 0.000358689 6.95102e-05 7.09762e-06 3.3554e-07
 1.24778e-39 6.10701e-33 6.8717e-27 1.77764e-21 1.05723e-16 1.44557e-12 4.54417e-09 3.28408e-06 0.000545655 0.0208433 0.183046 0.369575 0.171963 0.0293691 0.0680049 0.0950494 0.0337857 0.0133816 0.00949699 0.00329046 0.00124693 0.00032755 6.3567e-05 7.52342e-06 4.05362e-07
 1.26231e-39 6.17813e-33 6.95174e-27 1.79835e-21 1.06954e-16 1.46241e-12 4.5971e-09 3.32233e-06 0.00055201 0.0210861 0.185178 0.373879 0.17394 0.0290232 0.0645961 0.0902721 0.0324797 0.0141013 0.0101056 0.00324877 0.00115458 0.000313707 5.96272e-05 6.82493e-06 3.96862e-07
 1.27878e-39 6.25876e-33 7.04246e-27 1.82182e-21 1.0835e-16 1.48149e-12 4.65709e-09 3.36569e-06 0.000559214 0.0213613 0.187595 0.378758 0.176189 0.0288576 0.062115 0.08676 0.031035 0.0129118 0.00923234 0.00312019 0.00114811 0.000293722 5.38574e-05 6.14679e-06 3.51438e-07
 1.26078e-39 6.17066e-33 6.94332e-27 1.79617e-21 1.06825e-16 1.46064e-12 4.59154e-09 3.31831e-06 0.000551342 0.0210606 0.184954 0.373427 0.173736 0.0291718 0.0656397 0.09172 0.0326766 0.0131733 0.00932667 0.00308026 0.00112107 0.000297732 5.46138e-05 5.97162e-06 3.34451e-07
 1.26642e-39 6.19824e-33 6.97436e-27 1.8042e-21 1.07303e-16 1.46717e-12 4.61206e-09 3.33314e-06 0.000553806 0.0211547 0.18578 0.375096 0.174502 0.0290098 0.0641481 0.0896325 0.0321435 0.013624 0.00972798 0.00315525 0.00111796 0.000291273 5.37244e-05 5.9534e-06 3.2664e-07
 1.25911e-39 6.1625e-33 6.93414e-27 1.7938e-21 1.06684e-16 1.45871e-12 4.58546e-09 3.31392e-06 0.000550613 0.0210327 0.184709 0.372933 0.173506 0.0291193 0.065468 0.0914906 0.0327651 0.0137495 0.0098325 0.00328035 0.00119323 0.000305656 5.49308e-05 6.03877e-06 3.33329e-07
 1.26306e-39 6.18182e-33 6.95588e-27 1.79942e-21 1.07018e-16 1.46328e-12 4.59984e-09 3.32431e-06 0.000552339 0.0210987 0.185288 0.374102 0.174043 0.0290204 0.0645119 0.0901502 0.0323907 0.0139247 0.0100006 0.00332077 0.001211 0.000318046 5.77915e-05 6.23647e-06 3.39067e-07
 1.19913e-39 5.86892e-33 6.6038e-27 1.70834e-21 1.01601e-16 1.38922e-12 4.36701e-09 3.15605e-06 0.000524382 0.0200307 0.17591 0.355167 0.165323 0.0299233 0.0757307 0.105966 0.0379975 0.0160986 0.0115476 0.00388697 0.00143667 0.000377564 6.94232e-05 7.61126e-06 4.12087e-07
 1.19539e-39 5.85063e-33 6.58322e-27 1.70302e-21 1.01285e-16 1.38489e-12 4.3534e-09 3.14621e-06 0.000522748 0.0199683 0.175361 0.35406 0.164798 0.0295745 0.0739352 0.103503 0.0380561 0.0190868 0.0141171 0.00471916 0.00173672 0.000461978 8.58853e-05 9.49619e-06 5.2051e-07
 1.23247e-39 6.0321e-33 6.78741e-27 1.75584e-21 1.04426e-16 1.42784e-12 4.48843e-09 3.2438e-06 0.000538962 0.0205877 0.180801 0.365042 0.169856 0.029083 0.0676248 0.0945924 0.0346842 0.0171171 0.0127992 0.00473269 0.00191778 0.000513177 9.56496e-05 1.06961e-05 5.92334e-07
#pred catch len freq
 2.14605e-27 2.17374e-27 6.65143e-27 1.53215e-21 9.1123e-17 1.24594e-12 3.91664e-09 2.83057e-06 0.000470295 0.0179649 0.157769 0.318539 0.148267 0.0266744 0.0669294 0.0939221 0.0379121 0.0296374 0.0262498 0.017616 0.0147819 0.0127657 0.0131593 0.012212 0.00512699
 2.14865e-27 2.18132e-27 7.51199e-27 1.82417e-21 1.0849e-16 1.48341e-12 4.66313e-09 3.37006e-06 0.00055993 0.0213889 0.187839 0.37925 0.176381 0.0279372 0.0563459 0.0786808 0.0287482 0.0139245 0.0109774 0.00582132 0.00401446 0.00282829 0.00241847 0.00203695 0.000844467
 2.14774e-27 2.17925e-27 7.29776e-27 1.75149e-21 1.04168e-16 1.42431e-12 4.47733e-09 3.23578e-06 0.00053762 0.0205367 0.180354 0.36414 0.169464 0.0297513 0.071976 0.100612 0.0352501 0.0123368 0.00855491 0.00316917 0.00153125 0.000792145 0.000502302 0.000351109 0.000137659
 2.14775e-27 2.17933e-27 7.31066e-27 1.75588e-21 1.04429e-16 1.42788e-12 4.48857e-09 3.2439e-06 0.000538969 0.0205883 0.180807 0.365053 0.169878 0.0295193 0.0702847 0.0982808 0.0351801 0.0146988 0.0103792 0.00315119 0.00106902 0.000347067 0.000133189 6.55444e-05 2.2538e-05
 2.14912e-27 2.18271e-27 7.66923e-27 1.87752e-21 1.11663e-16 1.5268e-12 4.79951e-09 3.46862e-06 0.000576306 0.0220145 0.193332 0.390341 0.181523 0.0283155 0.055314 0.077171 0.027617 0.0115269 0.00823387 0.00274301 0.00098013 0.000240791 5.03896e-05 1.28345e-05 3.23798e-06
 2.1485e-27 2.18117e-27 7.50344e-27 1.82127e-21 1.08318e-16 1.48105e-12 4.6557e-09 3.36469e-06 0.000559038 0.0213549 0.18754 0.378646 0.176149 0.0291693 0.0640511 0.0894378 0.0312879 0.0107906 0.00736635 0.00245815 0.000902715 0.000236103 4.23951e-05 5.45372e-06 6.89226e-07
 2.14828e-27 2.18063e-27 7.4466e-27 1.80199e-21 1.07171e-16 1.46538e-12 4.60643e-09 3.32908e-06 0.000553122 0.0211289 0.185555 0.374639 0.174299 0.0292585 0.0658036 0.0919312 0.0324901 0.0122605 0.00845494 0.00254152 0.000822942 0.000214378 3.96291e-05 4.3996e-06 2.89403e-07
 2.14945e-27 2.18351e-27 7.75212e-27 1.90563e-21 1.13335e-16 1.54965e-12 4.87136e-09 3.52054e-06 0.000584933 0.0223441 0.196227 0.396184 0.184222 0.0282426 0.0531076 0.0740278 0.0260621 0.00951754 0.00654589 0.00205469 0.000684213 0.000161554 2.72644e-05 2.97966e-06 1.67695e-07
 2.15032e-27 2.18565e-27 7.97693e-27 1.98188e-21 1.1787e-16 1.61166e-12 5.06629e-09 3.66142e-06 0.000608339 0.0232381 0.204079 0.412037 0.191527 0.027592 0.0443577 0.0616737 0.0214203 0.00688497 0.00456654 0.0014114 0.000466632 0.000113498 1.87479e-05 1.8734e-06 9.86236e-08
 2.14912e-27 2.18266e-27 7.65782e-27 1.87362e-21 1.11431e-16 1.52363e-12 4.78954e-09 3.46141e-06 0.000575108 0.0219688 0.192931 0.38953 0.18117 0.0288814 0.0590132 0.0823005 0.0282853 0.00811606 0.00515628 0.00149261 0.000450143 0.000106956 1.77237e-05 1.7664e-06 8.79493e-08
 2.14882e-27 2.18195e-27 7.58557e-27 1.84912e-21 1.09974e-16 1.5037e-12 4.72691e-09 3.41615e-06 0.000567589 0.0216815 0.190408 0.384437 0.178816 0.028912 0.0607349 0.0847677 0.0297101 0.0104137 0.00698222 0.0019133 0.000519252 0.000113518 1.74273e-05 1.70136e-06 8.42382e-08
 2.14902e-27 2.18245e-27 7.63883e-27 1.86719e-21 1.11049e-16 1.5184e-12 4.77311e-09 3.44954e-06 0.000573136 0.0218934 0.192269 0.388194 0.180544 0.0286748 0.0581546 0.0811364 0.0285012 0.0102015 0.00695046 0.00209787 0.000649555 0.000136126 1.872e-05 1.66839e-06 7.85563e-08
 2.14925e-27 2.183e-27 7.69732e-27 1.88703e-21 1.12229e-16 1.53453e-12 4.82383e-09 3.48619e-06 0.000579226 0.022126 0.194312 0.392319 0.182445 0.0285054 0.055877 0.0779197 0.0272788 0.00946792 0.00640746 0.00195884 0.000631551 0.000145823 2.16698e-05 1.82245e-06 7.77237e-08
 2.14858e-27 2.18136e-27 7.52171e-27 1.82746e-21 1.08686e-16 1.48609e-12 4.67153e-09 3.37613e-06 0.000560939 0.0214275 0.188177 0.379933 0.176744 0.0291782 0.0637173 0.0889599 0.031026 0.0103874 0.00694856 0.0020905 0.000662454 0.000156042 2.47719e-05 2.26432e-06 9.77737e-08
 2.14759e-27 2.17893e-27 7.26688e-27 1.74102e-21 1.03545e-16 1.4158e-12 4.45057e-09 3.21644e-06 0.000534407 0.020414 0.179277 0.361964 0.168462 0.0298766 0.0733969 0.102636 0.0362939 0.0137595 0.00948332 0.00280289 0.000862352 0.000199476 3.16054e-05 3.01236e-06 1.3931e-07
 2.14744e-27 2.17858e-27 7.23176e-27 1.72912e-21 1.02837e-16 1.40612e-12 4.42015e-09 3.19446e-06 0.000530754 0.0202744 0.178051 0.359489 0.167315 0.0297933 0.073634 0.103002 0.0368469 0.015327 0.0108656 0.00342304 0.00113866 0.000261104 4.02399e-05 3.79525e-06 1.79229e-07
 2.14779e-27 2.17945e-27 7.32497e-27 1.76074e-21 1.04718e-16 1.43183e-12 4.50099e-09 3.25288e-06 0.000540461 0.0206452 0.181308 0.366064 0.170341 0.0294184 0.069364 0.0969885 0.0347928 0.0147848 0.010596 0.00352147 0.00126607 0.000311529 5.0628e-05 4.73435e-06 2.19971e-07
 2.14799e-27 2.17994e-27 7.37532e-27 1.77782e-21 1.05734e-16 1.44572e-12 4.54464e-09 3.28442e-06 0.000545702 0.0208454 0.183066 0.369613 0.171979 0.0293317 0.0677648 0.0947186 0.0337764 0.0137182 0.00975345 0.00328621 0.00121726 0.000318825 5.63995e-05 5.63259e-06 2.67963e-07
 2.14795e-27 2.17983e-27 7.36348e-27 1.7738e-21 1.05495e-16 1.44245e-12 4.53437e-09 3.277e-06 0.000544469 0.0207983 0.182652 0.368778 0.171595 0.0294071 0.0684766 0.0957174 0.034071 0.0136402 0.00963602 0.00316559 0.00114569 0.000305455 5.68118e-05 6.12294e-06 3.1308e-07
 2.14768e-27 2.17917e-27 7.29323e-27 1.74997e-21 1.04077e-16 1.42307e-12 4.47345e-09 3.23297e-06 0.000537154 0.0205189 0.180198 0.363824 0.169314 0.0296627 0.0715305 0.10002 0.0355667 0.0141239 0.00994905 0.00323815 0.00115167 0.000299714 5.53844e-05 6.18739e-06 3.36931e-07
 2.1481e-27 2.1802e-27 7.40459e-27 1.78775e-21 1.06324e-16 1.4538e-12 4.57003e-09 3.30277e-06 0.000548751 0.0209619 0.184089 0.371679 0.172926 0.029145 0.0660024 0.0922514 0.0331412 0.0142304 0.0101887 0.00330538 0.0011676 0.000299923 5.42082e-05 5.97709e-06 3.31497e-07
 2.148e-27 2.17996e-27 7.37755e-27 1.77857e-21 1.05778e-16 1.44633e-12 4.54656e-09 3.28581e-06 0.000545933 0.0208543 0.183143 0.36977 0.172053 0.0293766 0.0679917 0.0950293 0.0337623 0.0133179 0.00941571 0.0031911 0.00118171 0.000303885 5.43101e-05 5.87863e-06 3.21246e-07
 2.1481e-27 2.18021e-27 7.40349e-27 1.78737e-21 1.06302e-16 1.45349e-12 4.56906e-09 3.30207e-06 0.000548635 0.0209575 0.18405 0.3716 0.172896 0.0292969 0.0669536 0.0935671 0.0332642 0.0131844 0.00927399 0.0029964 0.00106596 0.000284348 5.25591e-05 5.67857e-06 3.05788e-07
 2.14809e-27 2.18017e-27 7.39915e-27 1.7859e-21 1.06214e-16 1.45229e-12 4.56529e-09 3.29935e-06 0.000548182 0.0209402 0.183898 0.371293 0.172755 0.0293336 0.0672701 0.0940097 0.0333722 0.0130707 0.00917243 0.00296811 0.00104398 0.000267136 4.87329e-05 5.42246e-06 2.96072e-07
 2.14765e-27 2.17909e-27 7.28509e-27 1.74721e-21 1.03913e-16 1.42083e-12 4.46639e-09 3.22787e-06 0.000536306 0.0204865 0.179914 0.36325 0.169049 0.0296719 0.0717598 0.100348 0.035738 0.0143651 0.0101322 0.00325989 0.00113912 0.000289962 5.16106e-05 5.60236e-06 3.08246e-07
 2.14715e-27 2.17788e-27 7.15959e-27 1.70465e-21 1.01382e-16 1.38622e-12 4.35759e-09 3.14924e-06 0.000523242 0.0199875 0.175531 0.354401 0.164966 0.029881 0.075703 0.105942 0.0382088 0.0168755 0.0121624 0.003975 0.0014112 0.000357891 6.31646e-05 6.74246e-06 3.62888e-07
 2.14691e-27 2.17731e-27 7.10073e-27 1.68469e-21 1.00195e-16 1.36998e-12 4.30657e-09 3.11237e-06 0.000517115 0.0197534 0.173476 0.350252 0.163052 0.0299769 0.0775389 0.108544 0.0393016 0.0178494 0.013023 0.00449163 0.00169561 0.000439444 7.83268e-05 8.3143e-06 4.41455e-07
 2.14732e-27 2.17833e-27 7.20976e-27 1.72168e-21 1.02395e-16 1.40007e-12 4.40113e-09 3.18071e-06 0.00052847 0.0201872 0.177285 0.357942 0.166589 0.0294941 0.072274 0.101139 0.0369055 0.0176529 0.013034 0.00458204 0.00178973 0.000491161 9.23454e-05 1.00034e-05 5.32073e-07
#obs catch len freq
 1.21875e-39 5.96493e-33 6.71183e-27 1.73629e-21 1.03264e-16 1.41194e-12 4.43845e-09 3.20768e-06 0.000532961 0.0203584 0.178787 0.360977 0.16799 0.029432 0.0709807 0.0992992 0.0360293 0.0166027 0.0122074 0.00438107 0.00177116 0.000519752 0.000111609 1.48439e-05 1.01325e-06
 1.22118e-39 5.97684e-33 6.72524e-27 1.73976e-21 1.0347e-16 1.41476e-12 4.44732e-09 3.21409e-06 0.000534025 0.0203991 0.179145 0.361698 0.168325 0.029477 0.0710382 0.0993684 0.0358947 0.0160415 0.0117027 0.0041377 0.00164503 0.000476464 0.000100101 1.29181e-05 8.52985e-07
 1.30407e-39 6.38251e-33 7.18171e-27 1.85784e-21 1.10493e-16 1.51079e-12 4.74917e-09 3.43224e-06 0.000570271 0.0217836 0.191304 0.386247 0.179634 0.0283876 0.0569888 0.0795501 0.0286999 0.0127126 0.00923494 0.00320327 0.00124425 0.000353883 7.29255e-05 9.21045e-06 5.9138e-07
 1.14403e-39 5.59924e-33 6.30035e-27 1.62984e-21 9.69328e-17 1.32538e-12 4.16634e-09 3.01103e-06 0.000500286 0.0191103 0.167827 0.338848 0.15782 0.031059 0.0875823 0.122611 0.043058 0.0153852 0.0106425 0.00366546 0.00140725 0.000391601 7.86564e-05 9.71674e-06 6.10195e-07
 1.33426e-39 6.53027e-33 7.34796e-27 1.90085e-21 1.13051e-16 1.54576e-12 4.85912e-09 3.5117e-06 0.000583473 0.0222879 0.195732 0.395188 0.183741 0.02768 0.049974 0.0697166 0.0259773 0.0140756 0.0104289 0.00319243 0.00106585 0.000288796 5.68734e-05 6.84553e-06 4.19483e-07
 1.38403e-39 6.77389e-33 7.62209e-27 1.97176e-21 1.17268e-16 1.60343e-12 5.04039e-09 3.6427e-06 0.00060524 0.0231194 0.203035 0.409931 0.190556 0.0276641 0.0454337 0.0631885 0.0219178 0.00696455 0.00474767 0.00184516 0.000762848 0.000188624 3.31914e-05 3.84754e-06 2.29979e-07
 1.25591e-39 6.14683e-33 6.91651e-27 1.78924e-21 1.06413e-16 1.455e-12 4.5738e-09 3.3055e-06 0.000549213 0.0209792 0.18424 0.371985 0.173093 0.029793 0.0698668 0.0975898 0.0335522 0.00966661 0.00614332 0.00176991 0.000565351 0.000167062 3.28789e-05 3.5131e-06 1.95421e-07
 1.27391e-39 6.23493e-33 7.01565e-27 1.81488e-21 1.07938e-16 1.47585e-12 4.63936e-09 3.35288e-06 0.000557085 0.0212799 0.18688 0.377316 0.175527 0.0289861 0.0633343 0.0884804 0.0316834 0.0132663 0.00927307 0.00254071 0.000687607 0.000153363 2.69446e-05 3.20209e-06 1.7968e-07
 1.4178e-39 6.93914e-33 7.80804e-27 2.01987e-21 1.20129e-16 1.64255e-12 5.16336e-09 3.73157e-06 0.000620006 0.0236834 0.207988 0.419931 0.195155 0.0270127 0.0384431 0.0533684 0.0189138 0.00731195 0.00513367 0.00170178 0.000589161 0.000125187 1.74227e-05 1.69181e-06 9.39917e-08
 1.41366e-39 6.91889e-33 7.78524e-27 2.01397e-21 1.19778e-16 1.63775e-12 5.14829e-09 3.72068e-06 0.000618196 0.0236143 0.207381 0.418705 0.194604 0.0274333 0.0413804 0.0574478 0.0195297 0.0049055 0.00299721 0.000950902 0.000330137 8.4059e-05 1.36134e-05 1.17922e-06 5.32638e-08
 1.3483e-39 6.59902e-33 7.42532e-27 1.92086e-21 1.14241e-16 1.56204e-12 4.91027e-09 3.54866e-06 0.000589615 0.0225225 0.197793 0.399349 0.185694 0.0284641 0.0535069 0.0745305 0.0254279 0.00667935 0.00406163 0.00104553 0.000259639 6.15677e-05 1.07009e-05 1.07508e-06 4.93573e-08
 1.31087e-39 6.41582e-33 7.21918e-27 1.86753e-21 1.11069e-16 1.51867e-12 4.77396e-09 3.45015e-06 0.000573247 0.0218973 0.192302 0.388263 0.180581 0.0288109 0.0589655 0.08226 0.0286394 0.00941986 0.00618115 0.00162081 0.00039596 7.53384e-05 1.00163e-05 9.73948e-07 4.90894e-08
 1.35728e-39 6.64294e-33 7.47474e-27 1.93365e-21 1.15001e-16 1.57243e-12 4.94296e-09 3.57228e-06 0.00059354 0.0226725 0.19911 0.402007 0.186905 0.0280024 0.0498872 0.0694839 0.0243993 0.00870439 0.00590182 0.00171819 0.000500719 9.83417e-05 1.18601e-05 9.08733e-07 3.94711e-08
 1.32901e-39 6.50459e-33 7.31906e-27 1.89337e-21 1.12606e-16 1.53968e-12 4.84001e-09 3.49788e-06 0.000581178 0.0222003 0.194963 0.393634 0.183056 0.0285743 0.0559017 0.077932 0.0269748 0.00836943 0.00548272 0.00166516 0.000527828 0.000116673 1.61198e-05 1.22392e-06 4.53722e-08
 1.28035e-39 6.26642e-33 7.05108e-27 1.82405e-21 1.08483e-16 1.48331e-12 4.66279e-09 3.36981e-06 0.000559898 0.0213874 0.187824 0.379222 0.176416 0.0291965 0.0640441 0.0894259 0.0312651 0.0107114 0.00716386 0.00203209 0.000590053 0.00013559 2.08192e-05 1.79094e-06 7.08479e-08
 1.16741e-39 5.71364e-33 6.42908e-27 1.66314e-21 9.89133e-17 1.35246e-12 4.25147e-09 3.07255e-06 0.000510508 0.0195008 0.171256 0.345771 0.161005 0.0306264 0.0828549 0.115975 0.0411013 0.0158718 0.0109966 0.00327351 0.00100209 0.000217818 3.19644e-05 2.92162e-06 1.28659e-07
 1.25449e-39 6.13984e-33 6.90865e-27 1.7872e-21 1.06292e-16 1.45335e-12 4.5686e-09 3.30174e-06 0.000548589 0.0209554 0.18403 0.371562 0.172861 0.0288156 0.0640274 0.0895268 0.032986 0.0167489 0.0123405 0.00392322 0.00131972 0.000302941 4.52763e-05 3.98491e-06 1.76915e-07
 1.21968e-39 5.96951e-33 6.71699e-27 1.73762e-21 1.03343e-16 1.41303e-12 4.44186e-09 3.21014e-06 0.00053337 0.020374 0.178925 0.361255 0.168129 0.0297263 0.0726934 0.101661 0.0361489 0.014368 0.0103135 0.00385359 0.00155522 0.000390733 6.38679e-05 5.87411e-06 2.59845e-07
 1.26864e-39 6.20911e-33 6.98659e-27 1.80737e-21 1.07491e-16 1.46974e-12 4.62015e-09 3.33899e-06 0.000554778 0.0211918 0.186106 0.375754 0.174801 0.0288774 0.0631417 0.0882301 0.0318684 0.0142239 0.0102589 0.00333026 0.00122459 0.000357188 6.91455e-05 7.05591e-06 3.33421e-07
 1.23927e-39 6.06537e-33 6.82485e-27 1.76552e-21 1.05002e-16 1.43572e-12 4.51319e-09 3.26169e-06 0.000541935 0.0207012 0.181798 0.367055 0.170803 0.0295181 0.069674 0.0973978 0.0345565 0.0134833 0.00953301 0.00329295 0.00124384 0.000326256 6.32351e-05 7.47907e-06 4.02814e-07
 1.25369e-39 6.13593e-33 6.90424e-27 1.78606e-21 1.06224e-16 1.45242e-12 4.56569e-09 3.29963e-06 0.000548239 0.020942 0.183913 0.371325 0.172764 0.0291714 0.0662711 0.0926291 0.0332591 0.0142242 0.0101593 0.00325693 0.00115343 0.000312911 5.94056e-05 6.79463e-06 3.94921e-07
 1.26965e-39 6.21404e-33 6.99214e-27 1.8088e-21 1.07576e-16 1.47091e-12 4.62382e-09 3.34164e-06 0.000555218 0.0212086 0.186254 0.376052 0.174944 0.0290121 0.0638739 0.0892356 0.0318587 0.0130587 0.00930434 0.00313531 0.00114988 0.000293747 5.37937e-05 6.13507e-06 3.50607e-07
 1.25144e-39 6.12491e-33 6.89185e-27 1.78286e-21 1.06033e-16 1.44981e-12 4.55749e-09 3.29371e-06 0.000547255 0.0209044 0.183583 0.370658 0.172462 0.0293312 0.0674473 0.094264 0.0335202 0.0133141 0.00939205 0.00309295 0.00112188 0.0002975 5.45064e-05 5.95557e-06 3.33393e-07
 1.25613e-39 6.1479e-33 6.91772e-27 1.78955e-21 1.06431e-16 1.45525e-12 4.5746e-09 3.30608e-06 0.000549309 0.0209829 0.184272 0.37205 0.1731 0.0291807 0.0661092 0.0923931 0.0330684 0.0138107 0.00982761 0.00317866 0.00112241 0.000291991 5.37909e-05 5.95655e-06 3.26664e-07
 1.24818e-39 6.10897e-33 6.87392e-27 1.77822e-21 1.05757e-16 1.44604e-12 4.54564e-09 3.28514e-06 0.000545831 0.02085 0.183105 0.369694 0.172015 0.0292998 0.0675462 0.0944162 0.0337475 0.0139555 0.00994531 0.00330844 0.00119946 0.000306804 5.50689e-05 6.04955e-06 3.3377e-07
 1.25238e-39 6.12952e-33 6.89704e-27 1.7842e-21 1.06113e-16 1.4509e-12 4.56093e-09 3.29619e-06 0.000547667 0.0209202 0.183721 0.370938 0.172586 0.0291966 0.0665412 0.093007 0.0333506 0.0141278 0.0101122 0.00334823 0.00121692 0.00031913 5.7919e-05 6.24576e-06 3.39413e-07
 1.18606e-39 5.80493e-33 6.5318e-27 1.68971e-21 1.00494e-16 1.37407e-12 4.3194e-09 3.12164e-06 0.000518664 0.0198123 0.173992 0.351295 0.16354 0.0301375 0.0782055 0.10945 0.0391708 0.0163559 0.0116923 0.00392429 0.00144569 0.000379376 6.96721e-05 7.63317e-06 4.13085e-07
 1.1826e-39 5.78802e-33 6.51277e-27 1.68479e-21 1.00201e-16 1.37007e-12 4.30682e-09 3.11255e-06 0.000517154 0.0197546 0.173485 0.350272 0.163054 0.0297793 0.0763275 0.106872 0.0392017 0.0193748 0.0142891 0.00476299 0.00174702 0.000464028 8.61631e-05 9.52018e-06 5.21588e-07
#spawning biomass
 3264.32 2343.73 2327.18 2215.16 2427.27 3517.62 4075.83 3776.74 5852.85 11556.9 15874.6 19810.1 26371.2 35126 42399.1 36471.8 32387.3 31476.8 32832.8 31499.5 34795.2 37887.7 38045.7 39225.9 43699.9 51746.2 49581.4 51966.4 59174.5 125821 145047 105288 69912.4 47978.5 35695.8 29167.1 25807.1 24114.2 23273.1 22859.3 22657.1 22558.7 22510.9 22487.8 22476.6 22471.2 22468.7 22467.4 22466.8 22466.5 22466.4 22466.3 22466.3 22466.3 22466.3 22466.3 22466.3 22466.3 22466.3 22466.3 22466.3 22466.3 22466.3 22466.3 22466.3 22466.3 22466.3 22466.3 22466.3 22466.3 22466.3 22466.3 22466.3 22466.3 22466.3 22466.3 22466.3 22466.3 22466.3 22466.3 22466.3 22466.3 22466.3 22466.3 22466.3 22466.3 22466.3 22466.3 22466.3 22466.3 22466.3 22466.3 22466.3 22466.3 22466.3 22466.3 22466.3 22466.3 22466.3 22466.3 22466.3 22466.3 22466.3 22466.3 22466.3 22466.3 22466.3 22466.3 22466.3 22466.3 22466.3 22466.3 22466.3 22466.3 22466.3 22466.3 22466.3 22466.3 22466.3 22466.3 22466.3 22466.3 22466.3 22466.3 22466.3 22466.3 22466.3 22466.3 0 0 0 0 0 0 0 0 0 0 0 0 0 0 0 0 0 0 0 0 0 0 0 0 0
