SBPRF35
0.121094
Curr Bio
178761
B35
155433
F35
1.01237
FOFL
1.01237
OFL
75875.9
Bzero
34598.2
#pred survey bio
 7867.69 9086.31 11962.5 14055.4 21426.7 32928.7 32453.2 36804 51309.3 65071 85501.9 109534 138691 160095 161757 136045 122176 123605 117873 120349 119538 127798 141792 143403 162031 168686 167913 162072 196024 4.43864e+06 3.49876e+06 1.68066e+06 846143 534730 413557 360740 335127 321854 314756 310917 308836 307709 307100 306772 306593 306499 306449 306423 306409 306402 306398 306396 306394 306394 306394 306393 306393 306393 306393 306393 306393 306393 306393 306393 306393 306393 306393 306393 306393 306393 306393 306393 306393 306393 306393 306393 306393 306393 306393 306393 306393 306393 306393 306393 306393 306393 306393 306393 306393 306393 306393 306393 306393 306393 306393 306393 306393 306393 306393 306393 306393 306393 306393 306393 306393 306393 306393 306393 306393 306393 306393 306393 306393 306393 306393 306393 306393 306393 306393 306393 306393 306393 306393 306393 306393 306393 306393 306393 306393 0 0 0 0 0 0 0 0 0 0 0 0 0 0 0 0 0 0 0 0 0 0 0 0 0
#obs survey bio
 6772.73 11744.5 7209.42 20361.1 25993.8 29970.5 23373 34974.8 65148.6 50038.2 74625.1 101597 113828 94811.2 90857.3 103443 81701.2 106392 73272.3 127565 127104 140190 138880 119564 145943 164234 165458 153255 200687
#pred catch bio
 3332.88 3971.94 6014.44 7701.71 9015.02 18497 19677.8 18993.3 27626.5 35261.3 49441.6 62904.8 83927.8 100194 110925 93185.4 77880.4 82013.7 78294.1 83107.4 81506.9 84700.4 98232.5 95089.5 111105 115868 121133 104867 141296 75875.9 76386.6 30369.4 12301.8 7172.47 5879.5 5576.59 5509.09 5494.58 5491.53 5490.91 5490.78 5490.76 5490.75 5490.75 5490.75 5490.75 5490.75 5490.75 5490.75 5490.75 5490.75 5490.75 5490.75 5490.75 5490.75 5490.75 5490.75 5490.75 5490.75 5490.75 5490.75 5490.75 5490.75 5490.75 5490.75 5490.75 5490.75 5490.75 5490.75 5490.75 5490.75 5490.75 5490.75 5490.75 5490.75 5490.75 5490.75 5490.75 5490.75 5490.75 5490.75 5490.75 5490.75 5490.75 5490.75 5490.75 5490.75 5490.75 5490.75 5490.75 5490.75 5490.75 5490.75 5490.75 5490.75 5490.75 5490.75 5490.75 5490.75 5490.75 5490.75 5490.75 5490.75 5490.75 5490.75 5490.75 5490.75 5490.75 5490.75 5490.75 5490.75 5490.75 5490.75 5490.75 5490.75 5490.75 5490.75 5490.75 5490.75 5490.75 5490.75 5490.75 5490.75 5490.75 5490.75 5490.75 5490.75 5490.75 5490.75 0 0 0 0 0 0 0 0 0 0 0 0 0 0 0 0 0 0 0 0 0 0 0 0 0
#obs catch bio
 4692.21 3915.68 5955.2 7676.29 8888.38 18395.1 20246.8 18721.6 27166.3 34763.3 48948.6 61713.6 82819.7 102023 115255 95299 78009.7 81327.7 79594.1 82400.7 80809.3 83066.4 96436.1 92540 108319 111606 117905 103519 141362
#pred cpue bio
 6504 6841.33 9022.03 10569.2 14681.7 24669.7 24810.1 26010.7 37214.1 47467 61534.7 77903.7 99535.8 115093 118734 99361.3 87894.3 89899.9 85052.4 85486.4 84209.3 89243.3 99742.9 100716 113268 118486 119001 112293 136792 3.07687e+06 3.39514e+06 1.63489e+06 794951 482990 361775 308955 283342 270068 262971 259132 257051 255924 255315 254986 254807 254713 254664 254637 254623 254616 254612 254610 254609 254608 254608 254608 254608 254608 254608 254608 254608 254608 254608 254608 254608 254608 254608 254608 254608 254608 254608 254608 254608 254608 254608 254608 254608 254608 254608 254608 254608 254608 254608 254608 254608 254608 254608 254608 254608 254608 254608 254608 254608 254608 254608 254608 254608 254608 254608 254608 254608 254608 254608 254608 254608 254608 254608 254608 254608 254608 254608 254608 254608 254608 254608 254608 254608 254608 254608 254608 254608 254608 254608 254608 254608 254608 254608 254608 254608 0 0 0 0 0 0 0 0 0 0 0 0 0 0 0 0 0 0 0 0 0 0 0 0 0
#obs cpue bio
 7219.24 9220.84 12923.9 9005.78 14899.6 22416.7 23577.8 40788.7 41780.8 69736.6 84249 118507 138858 108988 113064 108658 131475 132777 86383.4 118564 87654.1 118691 136446 191218 188330 232628 172920 125939 142303
#pred surv len freq
 2.56853e-27 2.60278e-27 4.58224e-26 9.12666e-20 2.23729e-14 6.62949e-10 2.37457e-06 0.0010281 0.053807 0.340398 0.260502 0.0365154 0.0949224 0.0876769 0.0232545 0.0313114 0.014841 0.0133234 0.00911617 0.00757128 0.00638494 0.00584942 0.00615554 0.00561107 0.00172888
 2.57065e-27 2.60823e-27 5.02181e-26 1.00538e-19 2.46457e-14 7.30295e-10 2.61579e-06 0.00113254 0.059273 0.374977 0.286946 0.038983 0.095125 0.0875298 0.0174658 0.0179031 0.00702469 0.00453671 0.00255654 0.00180305 0.00132864 0.0010848 0.00103869 0.000962749 0.000326797
 2.57009e-27 2.60666e-27 4.8744e-26 9.74279e-20 2.38833e-14 7.07704e-10 2.53488e-06 0.0010975 0.0574394 0.363378 0.278108 0.040189 0.110513 0.101669 0.01893 0.0176216 0.00598761 0.0025407 0.00105506 0.000540777 0.000314843 0.000215932 0.000180086 0.000161139 5.71012e-05
 2.57012e-27 2.60674e-27 4.88208e-26 9.75899e-20 2.3923e-14 7.08881e-10 2.53909e-06 0.00109933 0.0575349 0.363982 0.278569 0.0401805 0.110124 0.101331 0.0192708 0.0184724 0.00607039 0.00221721 0.000715213 0.000234333 8.89244e-05 4.46125e-05 2.9905e-05 2.42663e-05 8.63291e-06
 2.57284e-27 2.61409e-27 5.52913e-26 1.1124e-19 2.72691e-14 8.08032e-10 2.89424e-06 0.00125309 0.0655824 0.414892 0.317417 0.0385266 0.070244 0.0644742 0.0117319 0.0105451 0.00348585 0.00130607 0.000396714 0.000104754 2.45867e-05 7.11784e-06 3.19392e-06 2.13029e-06 7.31372e-07
 2.57009e-27 2.60658e-27 4.85783e-26 9.7078e-20 2.37975e-14 7.05162e-10 2.52577e-06 0.00109356 0.0572331 0.362072 0.277124 0.0410355 0.117645 0.108099 0.0173417 0.0123556 0.00401014 0.00141309 0.000431634 0.000113804 2.23273e-05 3.85474e-06 8.53678e-07 3.78168e-07 1.18036e-07
 2.56945e-27 2.6049e-27 4.71625e-26 9.40914e-20 2.30654e-14 6.83468e-10 2.44807e-06 0.00105992 0.0554724 0.350934 0.268617 0.0408837 0.122467 0.112695 0.0208022 0.0190801 0.0058791 0.00153226 0.000439802 0.000110604 2.16596e-05 3.18295e-06 3.67573e-07 7.1748e-08 1.76356e-08
 2.57201e-27 2.61183e-27 5.32926e-26 1.07023e-19 2.62355e-14 7.77404e-10 2.78453e-06 0.0012056 0.0630965 0.399166 0.305418 0.0391155 0.0831562 0.0763939 0.0139254 0.0125465 0.00408299 0.00142047 0.000381227 7.3875e-05 1.33696e-05 1.90615e-06 1.77384e-07 1.3811e-08 1.80733e-09
 2.57116e-27 2.60949e-27 5.11647e-26 1.02534e-19 2.5135e-14 7.44795e-10 2.66773e-06 0.00115503 0.0604499 0.382422 0.29265 0.0401834 0.100253 0.0920705 0.0148808 0.0107752 0.00348771 0.00121036 0.000358502 8.55998e-05 1.3003e-05 1.55589e-06 1.35164e-07 7.00014e-09 3.3035e-10
 2.57101e-27 2.6091e-27 5.08477e-26 1.01866e-19 2.49711e-14 7.39939e-10 2.65034e-06 0.00114749 0.0600557 0.379929 0.290744 0.0400781 0.10079 0.092621 0.0159762 0.0131252 0.00405118 0.00107873 0.000308827 7.59391e-05 1.37406e-05 1.61805e-06 1.14518e-07 5.12183e-09 1.23824e-10
 2.57144e-27 2.61026e-27 5.18744e-26 1.04031e-19 2.55021e-14 7.55671e-10 2.70669e-06 0.00117189 0.0613326 0.388007 0.296907 0.0397382 0.0938744 0.0862428 0.0149137 0.0123139 0.00390108 0.00119937 0.000319594 6.29812e-05 1.12354e-05 1.49212e-06 1.10261e-07 4.10565e-09 7.62825e-11
 2.57174e-27 2.61106e-27 5.25615e-26 1.05481e-19 2.58573e-14 7.66199e-10 2.7444e-06 0.00118822 0.0621871 0.393412 0.301035 0.0397469 0.0910402 0.0835779 0.0135448 0.00986002 0.00311442 0.000956012 0.000266851 5.76417e-05 8.74981e-06 1.04266e-06 8.39286e-08 3.26126e-09 5.13479e-11
 2.57146e-27 2.61029e-27 5.18666e-26 1.04015e-19 2.5498e-14 7.55552e-10 2.70626e-06 0.00117171 0.0613229 0.387945 0.296865 0.0400307 0.09613 0.0882605 0.0141192 0.0099859 0.00307241 0.000813589 0.000222591 4.87128e-05 7.99263e-06 8.97535e-07 6.30087e-08 2.56909e-09 4.15556e-11
 2.57141e-27 2.61014e-27 5.17292e-26 1.03725e-19 2.54269e-14 7.53445e-10 2.69871e-06 0.00116844 0.0611519 0.386864 0.29604 0.04009 0.0971608 0.0892087 0.0142311 0.0100012 0.00305781 0.000776473 0.000201409 3.8894e-05 6.30683e-06 7.45229e-07 5.12805e-08 1.86086e-09 3.06231e-11
 2.57075e-27 2.60833e-27 5.01185e-26 1.00327e-19 2.4594e-14 7.28763e-10 2.61031e-06 0.00113016 0.0591487 0.374191 0.286372 0.0406665 0.10834 0.0995034 0.015659 0.0106657 0.00325274 0.000815152 0.000208522 3.82743e-05 5.59929e-06 6.1883e-07 4.39213e-08 1.57172e-09 2.36458e-11
 2.5709e-27 2.60874e-27 5.04761e-26 1.01081e-19 2.47789e-14 7.34243e-10 2.62994e-06 0.00113866 0.0595934 0.377004 0.288519 0.040593 0.106272 0.0975878 0.0151965 0.0100915 0.00305289 0.000726309 0.000183593 3.31675e-05 4.68015e-06 4.72388e-07 3.07154e-08 1.10741e-09 1.64049e-11
 2.57136e-27 2.61e-27 5.1591e-26 1.03433e-19 2.53554e-14 7.51327e-10 2.69113e-06 0.00116516 0.06098 0.385776 0.295212 0.0402534 0.0989858 0.0908659 0.0140383 0.00914134 0.00275356 0.000636615 0.000157921 2.72474e-05 3.77406e-06 3.68699e-07 2.20287e-08 7.26588e-10 1.06362e-11
 2.57103e-27 2.60911e-27 5.08079e-26 1.01781e-19 2.49505e-14 7.39327e-10 2.64814e-06 0.00114655 0.0600061 0.379615 0.29051 0.0404625 0.103881 0.0953891 0.0149546 0.0100925 0.00303911 0.000697047 0.000171437 2.87534e-05 3.84023e-06 3.61795e-07 2.08702e-08 6.35261e-10 8.54163e-12
 2.57128e-27 2.60978e-27 5.14004e-26 1.03031e-19 2.52569e-14 7.48406e-10 2.68067e-06 0.00116063 0.060743 0.384277 0.294067 0.0402754 0.0999572 0.0917702 0.0143426 0.00960857 0.00290589 0.000688198 0.000169785 2.82128e-05 3.69369e-06 3.35249e-07 1.85271e-08 5.4067e-10 6.73542e-12
 2.57173e-27 2.61102e-27 5.24936e-26 1.05338e-19 2.58222e-14 7.65159e-10 2.74067e-06 0.00118661 0.0621026 0.392878 0.30063 0.0399685 0.0930107 0.0853551 0.0131176 0.00842932 0.00254383 0.000597282 0.000148389 2.53329e-05 3.31409e-06 2.95629e-07 1.57512e-08 4.39288e-10 5.21667e-12
 2.57194e-27 2.61156e-27 5.29562e-26 1.06313e-19 2.60614e-14 7.72247e-10 2.76606e-06 0.0011976 0.0626779 0.396518 0.303409 0.0399714 0.0910805 0.083541 0.0121999 0.00679168 0.00202768 0.000450446 0.000110609 1.87779e-05 2.49864e-06 2.25983e-07 1.18699e-08 3.1961e-10 3.62478e-12
 2.57218e-27 2.61221e-27 5.35378e-26 1.0754e-19 2.63622e-14 7.81159e-10 2.79798e-06 0.00121142 0.0634013 0.401094 0.306901 0.0397809 0.0871778 0.079945 0.0116609 0.00646544 0.0018958 0.000362853 8.54241e-05 1.38076e-05 1.81293e-06 1.65081e-07 8.81639e-09 2.35184e-10 2.58015e-12
 2.57198e-27 2.61166e-27 5.30432e-26 1.06497e-19 2.61064e-14 7.73581e-10 2.77084e-06 0.00119967 0.0627862 0.397202 0.303932 0.0399504 0.0905532 0.083055 0.0121243 0.00673935 0.00197661 0.000378383 8.60754e-05 1.21608e-05 1.50321e-06 1.32198e-07 7.0596e-09 1.90927e-10 2.08272e-12
 2.57201e-27 2.61176e-27 5.31276e-26 1.06675e-19 2.61501e-14 7.74874e-10 2.77547e-06 0.00120167 0.0628911 0.397866 0.304439 0.0399561 0.0902407 0.0827592 0.0119371 0.00638677 0.00187002 0.000355604 8.07884e-05 1.13025e-05 1.28453e-06 1.01015e-07 5.1337e-09 1.37655e-10 1.51646e-12
 2.57216e-27 2.61215e-27 5.34881e-26 1.07435e-19 2.63365e-14 7.80398e-10 2.79525e-06 0.00121024 0.0633395 0.400703 0.306602 0.0397661 0.0872748 0.0800421 0.0118162 0.00679464 0.00198668 0.000366928 8.27415e-05 1.15117e-05 1.30089e-06 9.69413e-08 4.37915e-09 1.09587e-10 1.1875e-12
 2.57201e-27 2.61174e-27 5.31099e-26 1.06638e-19 2.61409e-14 7.74602e-10 2.77449e-06 0.00120125 0.0628691 0.397727 0.304333 0.0399773 0.0904765 0.0829726 0.0118996 0.00624812 0.00183615 0.000362143 8.22606e-05 1.11476e-05 1.24779e-06 9.22764e-08 3.99594e-09 8.98237e-11 8.972e-13
 2.57176e-27 2.61106e-27 5.25061e-26 1.05364e-19 2.58287e-14 7.6535e-10 2.74135e-06 0.0011869 0.0621182 0.392976 0.300708 0.0401629 0.0944354 0.0866259 0.0125475 0.00680464 0.00198121 0.000356462 8.05572e-05 1.15454e-05 1.28983e-06 9.34324e-08 4.00238e-09 8.65645e-11 7.86003e-13
 2.57238e-27 2.61275e-27 5.40102e-26 1.08537e-19 2.66065e-14 7.88398e-10 2.82391e-06 0.00122265 0.0639888 0.404811 0.309737 0.0396796 0.0844137 0.0773848 0.0110361 0.00568492 0.00165667 0.000304181 6.77063e-05 8.97616e-06 1.01719e-06 7.6045e-08 3.20609e-09 6.82282e-11 5.97029e-13
 2.5722e-27 2.61226e-27 5.35827e-26 1.07635e-19 2.63854e-14 7.81848e-10 2.80045e-06 0.00121249 0.0634572 0.401447 0.30717 0.0397636 0.0868563 0.07965 0.0116389 0.00648865 0.00188906 0.000337168 7.49178e-05 1.00698e-05 1.09441e-06 7.87343e-08 3.41668e-09 7.25232e-11 6.2289e-13
#obs surv len freq
 1.76314e-41 2.44712e-33 4.10555e-26 8.32597e-20 2.04101e-14 6.0479e-10 2.16626e-06 0.000937915 0.0490867 0.310537 0.237858 0.0440536 0.152394 0.129108 0.0364397 0.0279898 0.00840554 0.0026175 0.000508348 5.89239e-05 2.97359e-06 4.77207e-08 1.8179e-10 1.32134e-13 1.58408e-17
 2.16605e-41 3.00634e-33 5.04376e-26 1.02286e-19 2.50743e-14 7.42998e-10 2.6613e-06 0.00115225 0.0603042 0.381501 0.292017 0.0420086 0.0979327 0.0784674 0.0230749 0.0168738 0.00493771 0.00144528 0.000255594 2.58283e-05 1.07901e-06 1.35681e-08 3.87967e-11 2.06023e-14 1.77673e-18
 1.72487e-41 2.39401e-33 4.01644e-26 8.14526e-20 1.99672e-14 5.91663e-10 2.11924e-06 0.000917559 0.0480214 0.303798 0.232904 0.0511753 0.181373 0.135482 0.0266607 0.0142757 0.00406905 0.00112311 0.000182347 1.59314e-05 5.45229e-07 5.34508e-09 1.1462e-11 4.44692e-15 2.75784e-19
 2.08465e-41 2.89336e-33 4.85421e-26 9.84423e-20 2.4132e-14 7.15075e-10 2.56128e-06 0.00110895 0.0580378 0.367164 0.281194 0.0458605 0.114041 0.0818331 0.0284122 0.018097 0.00344953 0.000688924 0.000101599 7.70281e-06 2.14797e-07 1.63e-09 2.61415e-12 7.41307e-16 3.3106e-20
 2.37213e-41 3.29235e-33 5.52361e-26 1.12018e-19 2.74598e-14 8.13684e-10 2.91449e-06 0.00126187 0.0660413 0.417796 0.319826 0.0442667 0.0789292 0.0519798 0.0116535 0.00609911 0.00175281 0.000355157 3.37181e-05 2.01521e-06 4.5671e-08 2.67819e-10 3.20174e-13 6.62676e-17 2.13241e-21
 1.31981e-41 1.8318e-33 3.07323e-26 6.23244e-20 1.52781e-14 4.52718e-10 1.62156e-06 0.000702081 0.0367441 0.232457 0.179093 0.0712305 0.272316 0.166427 0.0278678 0.0106831 0.00203352 0.000398339 4.32789e-05 1.81319e-06 2.89001e-08 1.28417e-10 1.14473e-13 1.7289e-17 4.00684e-22
 2.21399e-41 3.07287e-33 5.15538e-26 1.0455e-19 2.56292e-14 7.59441e-10 2.72019e-06 0.00117775 0.0616388 0.389945 0.298696 0.0467577 0.0889683 0.0565202 0.0353662 0.01815 0.00245242 0.00029805 2.52028e-05 1.02718e-06 1.21957e-08 3.64121e-11 2.30946e-14 2.53014e-18 4.2277e-23
 1.98238e-41 2.75141e-33 4.61607e-26 9.36129e-20 2.29481e-14 6.79994e-10 2.43563e-06 0.00105454 0.0551906 0.349154 0.26803 0.0611142 0.155842 0.0830064 0.0160614 0.00742065 0.00271751 0.000385408 1.96045e-05 5.45492e-07 5.3949e-09 1.21756e-11 5.2188e-15 3.88383e-19 4.54892e-24
 2.02375e-41 2.80883e-33 4.7124e-26 9.55666e-20 2.3427e-14 6.94185e-10 2.48646e-06 0.00107655 0.0563424 0.356442 0.273683 0.0614661 0.143434 0.0738773 0.0233446 0.00872315 0.00133374 0.000254919 1.98701e-05 3.95171e-07 2.44931e-09 4.07441e-12 1.30895e-15 6.83533e-20 5.40962e-25
 1.97988e-41 2.74794e-33 4.61024e-26 9.34948e-20 2.29192e-14 6.79136e-10 2.43256e-06 0.00105321 0.055121 0.348716 0.268072 0.0670282 0.154408 0.0738223 0.0220354 0.00806239 0.00149868 0.000168635 1.1207e-05 2.82501e-07 1.4732e-09 1.56189e-12 3.35109e-16 1.25478e-20 7.14778e-26
 2.09817e-41 2.91212e-33 4.88569e-26 9.90808e-20 2.42885e-14 7.19712e-10 2.57789e-06 0.00111614 0.0584142 0.369551 0.284032 0.0658529 0.133213 0.0602474 0.0197354 0.0065649 0.001136 0.000128212 6.27067e-06 1.18704e-07 6.22403e-10 5.92551e-13 9.03117e-17 2.19981e-21 8.37902e-27
 2.04262e-41 2.83503e-33 4.75634e-26 9.64577e-20 2.36455e-14 7.00658e-10 2.50964e-06 0.00108659 0.0568678 0.35977 0.277001 0.073256 0.147058 0.0610626 0.0175592 0.00532821 0.000912724 9.20473e-05 4.02405e-06 5.77249e-08 2.17391e-10 1.73672e-13 2.31534e-17 4.49319e-22 1.21721e-27
 1.99599e-41 2.77031e-33 4.64777e-26 9.42558e-20 2.31057e-14 6.84664e-10 2.45236e-06 0.00106179 0.0555696 0.351561 0.271194 0.0795998 0.154258 0.0611786 0.0195106 0.00523156 0.000760814 6.89738e-05 2.62672e-06 3.10309e-08 8.78637e-11 4.95245e-14 4.89419e-18 7.55001e-23 1.654e-28
 1.86835e-41 2.59314e-33 4.35053e-26 8.82279e-20 2.1628e-14 6.40878e-10 2.29552e-06 0.000993881 0.0520158 0.329085 0.254853 0.0913092 0.175371 0.0667167 0.0229035 0.00585672 0.00082929 6.2162e-05 1.94766e-06 1.88452e-08 4.18464e-11 1.75793e-14 1.23424e-18 1.33754e-23 2.11487e-29
 1.692e-41 2.34838e-33 3.93989e-26 7.99003e-20 1.95866e-14 5.80387e-10 2.07885e-06 0.000900071 0.0471062 0.298034 0.232305 0.106349 0.200986 0.076033 0.0298604 0.00732596 0.00102636 7.02283e-05 1.79822e-06 1.34435e-08 2.3042e-11 7.35126e-15 3.82199e-19 2.98746e-24 3.33405e-30
 1.91582e-41 2.65903e-33 4.46108e-26 9.04698e-20 2.21776e-14 6.57163e-10 2.35385e-06 0.00101914 0.0533375 0.337456 0.262102 0.0953627 0.154381 0.0606727 0.0277293 0.00688263 0.000990521 6.3192e-05 1.40605e-06 8.31819e-09 1.06491e-11 2.51122e-15 9.64488e-20 5.53198e-25 4.48196e-31
 1.85819e-41 2.57904e-33 4.32688e-26 8.77482e-20 2.15104e-14 6.37394e-10 2.28304e-06 0.000988478 0.051733 0.327318 0.255697 0.109812 0.16978 0.0574075 0.0209723 0.00541146 0.000824873 5.11714e-05 1.01614e-06 4.96684e-09 4.91788e-12 8.55665e-16 2.3764e-20 9.82846e-26 5.75055e-32
 1.83871e-41 2.55201e-33 4.28153e-26 8.68286e-20 2.1285e-14 6.30714e-10 2.25912e-06 0.000978119 0.0511909 0.323901 0.254131 0.116894 0.168194 0.0579064 0.0216991 0.00446559 0.000599222 3.67943e-05 6.71817e-07 2.79016e-09 2.20687e-12 2.93272e-16 6.01651e-21 1.79788e-26 7.51577e-33
 1.86e-41 2.58156e-33 4.3311e-26 8.78339e-20 2.15314e-14 6.38016e-10 2.28527e-06 0.000989443 0.0517836 0.327665 0.25799 0.121417 0.160402 0.0547615 0.0203964 0.00410095 0.000467572 2.33545e-05 3.7804e-07 1.35904e-09 8.79567e-13 9.15593e-17 1.42592e-21 3.16139e-27 9.63678e-34
 1.93819e-41 2.69007e-33 4.51316e-26 9.15259e-20 2.24365e-14 6.64834e-10 2.38133e-06 0.00103103 0.0539603 0.34145 0.269225 0.121492 0.1448 0.0477168 0.0167472 0.00322081 0.000340719 1.41029e-05 1.77488e-07 5.15327e-10 2.71995e-13 2.25386e-17 2.71722e-22 4.56096e-28 1.03506e-34
 1.94697e-41 2.70227e-33 4.53362e-26 9.19409e-20 2.25382e-14 6.67849e-10 2.39213e-06 0.00103571 0.054205 0.343024 0.271981 0.129238 0.141721 0.0429258 0.013311 0.00232675 0.000221485 7.94953e-06 7.94224e-08 1.73249e-10 6.91661e-14 4.41556e-18 4.11087e-23 5.27794e-29 9.04461e-36
 1.97732e-41 2.74439e-33 4.60429e-26 9.33741e-20 2.28896e-14 6.78259e-10 2.42941e-06 0.00105185 0.05505 0.348397 0.277354 0.132054 0.13251 0.0400587 0.0116316 0.00174494 0.00014071 4.24804e-06 3.44301e-08 5.7743e-11 1.7005e-14 7.9162e-19 5.41594e-24 5.16439e-30 6.60916e-37
 1.91314e-41 2.65531e-33 4.45483e-26 9.03431e-20 2.21466e-14 6.56243e-10 2.35056e-06 0.00101771 0.0532632 0.337148 0.271666 0.146866 0.138145 0.0397353 0.0105993 0.00145721 9.77508e-05 2.3418e-06 1.49305e-08 1.93515e-11 4.28934e-15 1.46511e-19 7.23423e-25 4.9507e-31 4.55723e-38
 1.95473e-41 2.71304e-33 4.55168e-26 9.23072e-20 2.2628e-14 6.7051e-10 2.40166e-06 0.00103984 0.0544213 0.344515 0.278589 0.145981 0.12607 0.0382727 0.00983226 0.00120645 6.91746e-05 1.31795e-06 6.35257e-09 6.16554e-12 1.01967e-15 2.57689e-20 9.30858e-26 4.60892e-32 3.04273e-39
 1.93569e-41 2.68661e-33 4.50735e-26 9.14082e-20 2.24077e-14 6.6398e-10 2.37827e-06 0.00102971 0.0538914 0.341239 0.279089 0.155823 0.124266 0.0352196 0.00840351 0.000987465 4.86841e-05 7.44796e-07 2.73632e-09 1.95203e-12 2.34481e-16 4.30352e-21 1.12972e-26 4.05843e-33 1.93733e-40
 1.86854e-41 2.59341e-33 4.35099e-26 8.82372e-20 2.16303e-14 6.40946e-10 2.29576e-06 0.000993987 0.0520223 0.329527 0.27433 0.1699 0.127791 0.0365685 0.00799413 0.000833938 3.62101e-05 4.55944e-07 1.28978e-09 6.82998e-13 5.95156e-17 7.82657e-22 1.46676e-27 3.76489e-34 1.28656e-41
 1.79681e-41 2.49386e-33 4.18396e-26 8.48499e-20 2.07999e-14 6.1634e-10 2.20763e-06 0.000955829 0.0500257 0.317044 0.269651 0.183895 0.13109 0.0385557 0.00799832 0.000753527 2.75004e-05 2.83364e-07 6.3114e-10 2.52004e-13 1.60995e-17 1.52788e-22 2.04646e-28 3.73256e-35 9.03931e-43
 1.82267e-41 2.52975e-33 4.24418e-26 8.60711e-20 2.10993e-14 6.25211e-10 2.2394e-06 0.000969585 0.0507462 0.321724 0.275756 0.182521 0.122349 0.037695 0.00755377 0.000662367 2.06375e-05 1.70232e-07 2.94243e-10 8.94498e-14 4.25986e-18 2.95688e-23 2.85847e-29 3.73163e-36 6.43402e-44
 1.82274e-41 2.52985e-33 4.24435e-26 8.60745e-20 2.11002e-14 6.25236e-10 2.23949e-06 0.000969624 0.0507482 0.321736 0.275773 0.182794 0.123326 0.0370846 0.00698978 0.000561193 1.54413e-05 1.09083e-07 1.57807e-10 3.95481e-14 1.5377e-18 8.65816e-24 6.75839e-30 7.10044e-37 9.82874e-45
#pred catch len freq
 2.56588e-27 2.59571e-27 3.9732e-26 7.8419e-20 1.92235e-14 5.69626e-10 2.0403e-06 0.000883373 0.0462326 0.29248 0.223918 0.0368574 0.123227 0.113932 0.0302538 0.0407673 0.0192835 0.017264 0.0118033 0.00979919 0.00826282 0.00756959 0.0079657 0.00726111 0.00223729
 2.5685e-27 2.60243e-27 4.51272e-26 8.97984e-20 2.2013e-14 6.52285e-10 2.33637e-06 0.00101156 0.0529414 0.334922 0.256379 0.0401349 0.125366 0.115472 0.0230364 0.0236059 0.00924811 0.00595275 0.00335183 0.00236287 0.00174094 0.00142139 0.00136097 0.00126147 0.000428195
 2.56812e-27 2.60131e-27 4.40235e-26 8.74696e-20 2.14421e-14 6.35368e-10 2.27578e-06 0.000985327 0.0515685 0.326236 0.249768 0.0415012 0.140409 0.129268 0.0240219 0.0222972 0.00756804 0.00319886 0.00132726 0.000679903 0.000395785 0.000271436 0.000226374 0.000202558 7.17782e-05
 2.56835e-27 2.60193e-27 4.45717e-26 8.86261e-20 2.17256e-14 6.43769e-10 2.30587e-06 0.000998355 0.0522503 0.33055 0.25306 0.0413726 0.137118 0.126255 0.0239308 0.0228329 0.00749581 0.00272672 0.000878881 0.00028776 0.000109179 5.47713e-05 3.67144e-05 2.97918e-05 1.05986e-05
 2.5712e-27 2.60965e-27 5.13678e-26 1.02963e-19 2.52401e-14 7.47909e-10 2.67888e-06 0.00115985 0.0607026 0.384021 0.293862 0.0396573 0.0953977 0.0876918 0.0159503 0.0143275 0.00473187 0.00176625 0.000536119 0.000141468 3.31974e-05 9.60994e-06 4.31213e-06 2.87611e-06 9.87428e-07
 2.56838e-27 2.60191e-27 4.44393e-26 8.83464e-20 2.1657e-14 6.41737e-10 2.29859e-06 0.000995204 0.0520854 0.329506 0.252279 0.0423775 0.145314 0.133605 0.0213741 0.0151349 0.00490715 0.00172206 0.000525608 0.000138486 2.71646e-05 4.68953e-06 1.03853e-06 4.60056e-07 1.43595e-07
 2.56784e-27 2.60053e-27 4.32949e-26 8.59324e-20 2.10653e-14 6.24202e-10 2.23579e-06 0.00096801 0.0506622 0.320503 0.245398 0.042028 0.147488 0.135787 0.0249477 0.0227224 0.00699599 0.0018155 0.000520606 0.000130832 2.56161e-05 3.76409e-06 4.34675e-07 8.48455e-08 2.08549e-08
 2.57048e-27 2.60768e-27 4.96173e-26 9.92701e-20 2.43349e-14 7.21086e-10 2.58281e-06 0.00111826 0.0585255 0.370248 0.283354 0.0401891 0.106827 0.0982411 0.017859 0.0160228 0.00520931 0.00180501 0.00048411 9.37419e-05 1.69613e-05 2.41804e-06 2.25015e-07 1.75194e-08 2.29262e-09
 2.56954e-27 2.60508e-27 4.72494e-26 9.42746e-20 2.31103e-14 6.84799e-10 2.45283e-06 0.00106198 0.0555804 0.351617 0.269147 0.0414443 0.126361 0.11614 0.0187239 0.0134843 0.00436025 0.00150699 0.000446027 0.000106425 1.61635e-05 1.93389e-06 1.67998e-07 8.70057e-09 4.10597e-10
 2.56938e-27 2.60465e-27 4.69033e-26 9.35445e-20 2.29313e-14 6.79496e-10 2.43384e-06 0.00105376 0.05515 0.348894 0.267066 0.0412972 0.126704 0.116525 0.020041 0.0163793 0.00505179 0.00133957 0.000383155 9.41499e-05 1.70326e-05 2.00555e-06 1.4194e-07 6.34825e-09 1.53474e-10
 2.57002e-27 2.60642e-27 4.84698e-26 9.68491e-20 2.37414e-14 7.035e-10 2.51982e-06 0.00109099 0.0570982 0.361219 0.276469 0.0407898 0.116236 0.10687 0.0184086 0.0150942 0.00477748 0.0014626 0.000389441 7.66881e-05 1.36776e-05 1.81632e-06 1.34215e-07 4.99756e-09 9.28541e-11
 2.57037e-27 2.60734e-27 4.92524e-26 9.85001e-20 2.41461e-14 7.15492e-10 2.56277e-06 0.00110958 0.0580716 0.367377 0.281171 0.0408188 0.113153 0.103964 0.0167911 0.0121336 0.00382895 0.00117037 0.000326424 7.04591e-05 1.06934e-05 1.27414e-06 1.0256e-07 3.9852e-09 6.27461e-11
 2.57016e-27 2.60675e-27 4.87184e-26 9.73734e-20 2.38699e-14 7.07308e-10 2.53346e-06 0.00109689 0.0574073 0.363174 0.277966 0.041067 0.117294 0.107768 0.0171724 0.012039 0.0037009 0.000975759 0.000266718 5.83272e-05 9.56824e-06 1.07438e-06 7.54219e-08 3.0752e-09 4.97419e-11
 2.57018e-27 2.60679e-27 4.87579e-26 9.74568e-20 2.38903e-14 7.07914e-10 2.53563e-06 0.00109783 0.0574565 0.363485 0.278204 0.0410735 0.117176 0.107657 0.0171001 0.0119004 0.00363537 0.000919072 0.000238182 4.59605e-05 7.45109e-06 8.80363e-07 6.0578e-08 2.19823e-09 3.6175e-11
 2.56968e-27 2.60542e-27 4.75265e-26 9.48591e-20 2.32536e-14 6.89044e-10 2.46804e-06 0.00106857 0.055925 0.353797 0.270813 0.0415408 0.125925 0.115707 0.0181129 0.0121832 0.00371207 0.000926033 0.000236666 4.34071e-05 6.34878e-06 7.01599e-07 4.97946e-08 1.78189e-09 2.68076e-11
 2.56984e-27 2.60587e-27 4.79221e-26 9.56936e-20 2.34581e-14 6.95106e-10 2.48975e-06 0.00107797 0.056417 0.356909 0.273189 0.0414606 0.123645 0.113596 0.0175982 0.011539 0.00348763 0.000825965 0.000208582 3.76532e-05 5.31194e-06 5.36108e-07 3.48577e-08 1.25675e-09 1.86171e-11
 2.57017e-27 2.60676e-27 4.87113e-26 9.73585e-20 2.38663e-14 7.072e-10 2.53307e-06 0.00109672 0.0573985 0.363119 0.277927 0.0412296 0.118559 0.108901 0.0167539 0.0107942 0.00324876 0.00074778 0.00018532 3.19503e-05 4.42446e-06 4.32199e-07 2.58219e-08 8.51698e-10 1.24676e-11
 2.56991e-27 2.60604e-27 4.80738e-26 9.60135e-20 2.35366e-14 6.9743e-10 2.49808e-06 0.00108157 0.0566056 0.358103 0.274099 0.0413845 0.122427 0.11248 0.0175489 0.0117064 0.00352213 0.000804209 0.000197602 3.31164e-05 4.42193e-06 4.16557e-07 2.40285e-08 7.31392e-10 9.83417e-12
 2.57019e-27 2.60681e-27 4.87595e-26 9.74602e-20 2.38912e-14 7.07939e-10 2.53572e-06 0.00109787 0.0574585 0.363498 0.278215 0.0411674 0.117882 0.108288 0.0168422 0.0111509 0.00336939 0.000794383 0.000195797 3.25102e-05 4.25536e-06 3.86189e-07 2.13417e-08 6.22802e-10 7.75858e-12
 2.57082e-27 2.60852e-27 5.02713e-26 1.00649e-19 2.4673e-14 7.31105e-10 2.61869e-06 0.00113379 0.0593387 0.375393 0.287291 0.0407304 0.108181 0.0993318 0.0151863 0.00962852 0.00290304 0.000678507 0.000168405 2.8728e-05 3.75739e-06 3.35141e-07 1.78559e-08 4.97983e-10 5.91368e-12
 2.57102e-27 2.60904e-27 5.07159e-26 1.01587e-19 2.49029e-14 7.37917e-10 2.6431e-06 0.00114436 0.0598917 0.378891 0.289962 0.040762 0.106544 0.0977831 0.0142173 0.00780687 0.0023286 0.000514941 0.000126319 2.14283e-05 2.85066e-06 2.57797e-07 1.35405e-08 3.64592e-10 4.13492e-12
 2.57122e-27 2.6096e-27 5.12107e-26 1.02631e-19 2.51588e-14 7.45499e-10 2.67025e-06 0.00115612 0.060507 0.382784 0.292932 0.0406019 0.103239 0.0947377 0.0137621 0.00753288 0.002207 0.000420534 9.88917e-05 1.59721e-05 2.09664e-06 1.90896e-07 1.01948e-08 2.71952e-10 2.98351e-12
 2.5711e-27 2.60927e-27 5.09186e-26 1.02015e-19 2.50077e-14 7.41023e-10 2.65422e-06 0.00114918 0.0601438 0.380486 0.291179 0.0407026 0.105237 0.0965786 0.0140344 0.00769039 0.00225361 0.000429457 9.75849e-05 1.37761e-05 1.70244e-06 1.49703e-07 7.99421e-09 2.16201e-10 2.35842e-12
 2.57103e-27 2.60907e-27 5.07381e-26 1.01634e-19 2.49144e-14 7.38257e-10 2.64431e-06 0.00114489 0.0599192 0.379065 0.290096 0.0408045 0.106774 0.0979852 0.0140778 0.00743519 0.0021752 0.000411798 9.34515e-05 1.3064e-05 1.48435e-06 1.16715e-07 5.93145e-09 1.59045e-10 1.75209e-12
 2.57128e-27 2.60977e-27 5.13622e-26 1.02951e-19 2.52371e-14 7.47821e-10 2.67857e-06 0.00115972 0.0606954 0.383976 0.293841 0.0405135 0.101928 0.0935386 0.0137449 0.00779493 0.00227731 0.000418714 9.43107e-05 1.31111e-05 1.48126e-06 1.1037e-07 4.98562e-09 1.24763e-10 1.35194e-12
 2.57112e-27 2.6093e-27 5.0939e-26 1.02058e-19 2.50183e-14 7.41336e-10 2.65534e-06 0.00114966 0.0601691 0.380646 0.291303 0.0407526 0.105531 0.0968358 0.0138294 0.00715875 0.00210188 0.000412678 9.36388e-05 1.26796e-05 1.41891e-06 1.0492e-07 4.54331e-09 1.02127e-10 1.02009e-12
 2.57097e-27 2.6089e-27 5.05852e-26 1.01311e-19 2.48353e-14 7.35914e-10 2.63592e-06 0.00114125 0.059729 0.377862 0.289178 0.0408495 0.107761 0.0988967 0.0142555 0.00761013 0.0022138 0.00039649 8.94955e-05 1.28164e-05 1.43147e-06 1.03681e-07 4.44128e-09 9.60561e-11 8.72185e-13
 2.5714e-27 2.61007e-27 5.16213e-26 1.03497e-19 2.53711e-14 7.51791e-10 2.69279e-06 0.00116588 0.0610177 0.386015 0.295398 0.040532 0.100975 0.0926356 0.0131637 0.00669723 0.00195011 0.000356486 7.92596e-05 1.04997e-05 1.18953e-06 8.89194e-08 3.74877e-09 7.97761e-11 6.98077e-13
 2.57146e-27 2.61025e-27 5.1792e-26 1.03857e-19 2.54594e-14 7.54407e-10 2.70216e-06 0.00116993 0.06123 0.387358 0.296422 0.0404006 0.099256 0.0910691 0.0132406 0.0072664 0.00211367 0.000375535 8.33429e-05 1.11934e-05 1.21621e-06 8.74877e-08 3.79642e-09 8.05828e-11 6.92111e-13
#obs catch len freq
 1.75273e-41 2.43268e-33 4.08132e-26 8.27685e-20 2.02897e-14 6.01221e-10 2.15348e-06 0.000932381 0.0487971 0.308705 0.23646 0.0441264 0.153785 0.13028 0.0366785 0.0281914 0.00865465 0.00276546 0.000553142 6.63124e-05 3.48497e-06 5.847e-08 2.32163e-10 1.74916e-13 2.16525e-17
 1.76398e-41 2.44828e-33 4.1075e-26 8.32993e-20 2.04198e-14 6.05077e-10 2.16729e-06 0.000938361 0.0491101 0.310685 0.238031 0.0460227 0.156422 0.125455 0.0363641 0.0264218 0.00776977 0.00230995 0.000422551 4.42199e-05 1.9174e-06 2.50632e-08 7.44522e-11 4.09248e-14 3.63627e-18
 2.17443e-41 3.01797e-33 5.06326e-26 1.02682e-19 2.51713e-14 7.45871e-10 2.67159e-06 0.00115671 0.0605374 0.382977 0.293187 0.0433063 0.0993306 0.0751642 0.0227482 0.0156367 0.00448377 0.00124461 0.000206069 1.86405e-05 6.62499e-07 6.72835e-09 1.49171e-11 5.96996e-15 3.80805e-19
 1.74046e-41 2.41564e-33 4.05274e-26 8.21887e-20 2.01476e-14 5.9701e-10 2.13839e-06 0.00092585 0.0484553 0.306543 0.235093 0.0537023 0.183232 0.128597 0.0255882 0.0130931 0.0036604 0.000952473 0.000143706 1.11346e-05 3.21137e-07 2.52279e-09 4.17197e-12 1.21587e-15 5.56677e-20
 2.10427e-41 2.92059e-33 4.89989e-26 9.93687e-20 2.43591e-14 7.21804e-10 2.58538e-06 0.00111938 0.058584 0.37062 0.283897 0.0474903 0.113917 0.0769917 0.0276076 0.0161552 0.00296214 0.000569736 7.7677e-05 5.1707e-06 1.20323e-07 7.2633e-10 8.93852e-13 1.89816e-16 6.24683e-21
 2.38855e-41 3.31515e-33 5.56185e-26 1.12793e-19 2.76499e-14 8.19318e-10 2.93466e-06 0.00127061 0.0664986 0.420689 0.322084 0.0453509 0.0778842 0.0480114 0.0109707 0.00541741 0.00151529 0.000279181 2.46111e-05 1.29699e-06 2.4307e-08 1.12554e-10 1.02767e-13 1.5882e-17 3.75942e-22
 1.35446e-41 1.8799e-33 3.15392e-26 6.39608e-20 1.56792e-14 4.64605e-10 1.66414e-06 0.000720514 0.0377089 0.238562 0.183968 0.0756669 0.271315 0.154567 0.0260108 0.00939141 0.00173556 0.000320296 3.09806e-05 1.12373e-06 1.48915e-08 5.20282e-11 3.52621e-14 3.96542e-18 6.74878e-23
 2.24309e-41 3.11326e-33 5.22315e-26 1.05924e-19 2.59661e-14 7.69423e-10 2.75595e-06 0.00119323 0.062449 0.395071 0.302685 0.0481384 0.0868129 0.0524647 0.0335735 0.015391 0.00197397 0.000226178 1.7463e-05 6.045e-07 5.84314e-09 1.37298e-11 6.61615e-15 5.38457e-19 6.59609e-24
 2.01896e-41 2.80218e-33 4.70123e-26 9.53401e-20 2.33715e-14 6.9254e-10 2.48057e-06 0.001074 0.0562089 0.355597 0.273101 0.0634933 0.151562 0.07509 0.0147439 0.00657128 0.0022626 0.000280668 1.28854e-05 3.10143e-07 2.48186e-09 4.35149e-12 1.41398e-15 7.81711e-20 6.70441e-25
 2.06337e-41 2.86383e-33 4.80466e-26 9.74376e-20 2.38857e-14 7.07777e-10 2.53514e-06 0.00109763 0.0574455 0.363421 0.279171 0.0636679 0.138443 0.0667803 0.0214372 0.00724039 0.00108718 0.000192664 1.26775e-05 2.10781e-07 1.06716e-09 1.38066e-12 3.34495e-16 1.29508e-20 7.50755e-26
 2.02362e-41 2.80866e-33 4.71211e-26 9.55606e-20 2.34255e-14 6.94142e-10 2.4863e-06 0.00107648 0.0563389 0.356422 0.274155 0.0694236 0.148216 0.0662921 0.0200368 0.00672445 0.00118363 0.000120993 7.19488e-06 1.47336e-07 6.06493e-10 4.9907e-13 8.09518e-17 2.24426e-21 9.3543e-27
 2.14048e-41 2.97085e-33 4.98421e-26 1.01079e-19 2.47783e-14 7.34226e-10 2.62988e-06 0.00113865 0.0595922 0.377004 0.289918 0.0678129 0.126694 0.0537596 0.0177186 0.0053806 0.000885038 8.94775e-05 3.8064e-06 6.01179e-08 2.47246e-10 1.79185e-13 2.05111e-17 3.70187e-22 1.03137e-27
 2.08907e-41 2.89949e-33 4.86449e-26 9.86509e-20 2.41831e-14 7.1659e-10 2.56671e-06 0.0011113 0.0581608 0.367952 0.283498 0.0753999 0.139128 0.0540727 0.0155713 0.0043382 0.000699245 6.29285e-05 2.36303e-06 2.77839e-08 8.26013e-11 5.02439e-14 4.99067e-18 7.14175e-23 1.41611e-28
 2.04608e-41 2.83983e-33 4.7644e-26 9.66212e-20 2.36855e-14 7.01846e-10 2.5139e-06 0.00108843 0.0569641 0.360386 0.278241 0.0818626 0.14531 0.054196 0.0171419 0.0041865 0.000572444 4.61661e-05 1.49526e-06 1.43345e-08 3.17192e-11 1.3595e-14 1.00064e-18 1.13386e-23 1.81083e-29
 1.92499e-41 2.67175e-33 4.48242e-26 9.09026e-20 2.22837e-14 6.60307e-10 2.36511e-06 0.00102401 0.0535927 0.339065 0.262895 0.0939974 0.164837 0.0592656 0.0199953 0.00467176 0.000612124 4.04904e-05 1.07545e-06 8.38066e-09 1.44423e-11 4.58899e-15 2.39422e-19 1.904e-24 2.18945e-30
 1.75524e-41 2.43616e-33 4.08716e-26 8.28867e-20 2.03187e-14 6.0208e-10 2.15655e-06 0.000933714 0.0488669 0.30918 0.241407 0.109757 0.189035 0.0682077 0.0259761 0.00583851 0.00075012 4.4779e-05 9.6008e-07 5.75631e-09 7.62399e-12 1.83215e-15 7.05817e-20 4.04281e-25 3.28021e-31
 1.97504e-41 2.74123e-33 4.59898e-26 9.32665e-20 2.28632e-14 6.77478e-10 2.42662e-06 0.00105064 0.0549864 0.347893 0.270572 0.0974756 0.143578 0.0544811 0.0237755 0.00543674 0.000708329 3.90947e-05 7.1944e-07 3.38035e-09 3.32935e-12 5.89896e-16 1.6749e-20 7.02713e-26 4.13493e-32
 1.91992e-41 2.66472e-33 4.47063e-26 9.06635e-20 2.22251e-14 6.5857e-10 2.35889e-06 0.00102132 0.0534518 0.338201 0.26466 0.111973 0.157108 0.0508146 0.0178673 0.00428494 0.000584089 3.10278e-05 5.03668e-07 1.937e-09 1.46565e-12 1.9093e-16 3.91305e-21 1.18218e-26 5.01718e-33
 1.90217e-41 2.64009e-33 4.4293e-26 8.98254e-20 2.20196e-14 6.52482e-10 2.33708e-06 0.00101188 0.0529577 0.335091 0.263436 0.118854 0.155118 0.0514525 0.0181752 0.0034596 0.000420174 2.19038e-05 3.23016e-07 1.04546e-09 6.27741e-13 6.21918e-17 9.39241e-22 2.04772e-27 6.20476e-34
 1.92395e-41 2.67031e-33 4.48e-26 9.08536e-20 2.22717e-14 6.59951e-10 2.36384e-06 0.00102346 0.0535639 0.338944 0.26744 0.122897 0.147166 0.048567 0.0169335 0.00313074 0.000317641 1.35316e-05 1.76101e-07 4.8888e-10 2.38569e-13 1.84309e-17 2.10701e-22 3.40246e-28 7.51141e-35
 2.00044e-41 2.77648e-33 4.65812e-26 9.44657e-20 2.31572e-14 6.86189e-10 2.45782e-06 0.00106415 0.0556935 0.352433 0.278462 0.122164 0.131813 0.0419864 0.0137246 0.0024236 0.000225468 7.84906e-06 7.92605e-08 1.77279e-10 7.01846e-14 4.29667e-18 3.7905e-23 4.6247e-29 7.59124e-36
 2.00878e-41 2.78806e-33 4.67755e-26 9.48598e-20 2.32538e-14 6.89051e-10 2.46807e-06 0.00106859 0.0559259 0.353935 0.281279 0.129387 0.128325 0.0374298 0.0107764 0.00172416 0.000143477 4.28206e-06 3.39781e-08 5.68877e-11 1.70032e-14 7.99653e-19 5.43139e-24 5.0568e-30 6.25773e-37
 2.03859e-41 2.82943e-33 4.74696e-26 9.62674e-20 2.35988e-14 6.99276e-10 2.50469e-06 0.00108445 0.0567558 0.359218 0.286641 0.131536 0.119396 0.0347474 0.00926378 0.00126478 8.87438e-05 2.21217e-06 1.41241e-08 1.80644e-11 3.97009e-15 1.35922e-19 6.77216e-25 4.67273e-31 4.30931e-38
 1.977e-41 2.74395e-33 4.60354e-26 9.33589e-20 2.28858e-14 6.78149e-10 2.42902e-06 0.00105168 0.0550412 0.348437 0.281553 0.145908 0.12423 0.034305 0.0083729 0.00103789 5.99372e-05 1.17923e-06 5.89258e-09 5.79583e-12 9.55178e-16 2.39427e-20 8.59935e-26 4.25424e-32 2.81858e-39
 2.01765e-41 2.80036e-33 4.69819e-26 9.52784e-20 2.33564e-14 6.92092e-10 2.47896e-06 0.0010733 0.0561731 0.355644 0.288372 0.1443 0.113003 0.032893 0.00765492 0.000841552 4.11353e-05 6.3739e-07 2.3965e-09 1.75956e-12 2.15761e-16 3.99267e-21 1.0476e-26 3.74673e-33 1.77962e-40
 1.99921e-41 2.77477e-33 4.65525e-26 9.44076e-20 2.31429e-14 6.85766e-10 2.4563e-06 0.0010635 0.0556599 0.352488 0.289144 0.153431 0.110968 0.0300405 0.00649722 0.000676728 2.81351e-05 3.47119e-07 9.88429e-10 5.31582e-13 4.72497e-17 6.33921e-22 1.20692e-27 3.12825e-34 1.07353e-41
 1.9349e-41 2.68551e-33 4.5055e-26 9.13707e-20 2.23984e-14 6.63707e-10 2.37729e-06 0.00102928 0.05387 0.341299 0.285068 0.166876 0.114132 0.0310347 0.0061061 0.000562285 2.04085e-05 2.05154e-07 4.47072e-10 1.77809e-13 1.144e-17 1.09833e-22 1.49135e-28 2.75914e-35 6.77156e-43
 1.86555e-41 2.58926e-33 4.34402e-26 8.80959e-20 2.15957e-14 6.39919e-10 2.29209e-06 0.000992395 0.0519399 0.329265 0.281066 0.180299 0.117262 0.032605 0.00605443 0.000498248 1.50926e-05 1.233e-07 2.10202e-10 6.27848e-14 2.95503e-18 2.04479e-23 1.9829e-29 2.60554e-36 4.52979e-44
 1.89881e-41 2.63542e-33 4.42146e-26 8.96663e-20 2.19806e-14 6.51327e-10 2.33295e-06 0.00101009 0.0528657 0.335085 0.283933 0.172644 0.114124 0.033575 0.00625084 0.000497977 1.36409e-05 9.61103e-08 1.38821e-10 3.47558e-14 1.3505e-18 7.60064e-24 5.93092e-30 6.22946e-37 8.62132e-45
#spawning biomass
 7501.01 8460.49 11186 13133.6 19370.1 30791 30535.8 33641.4 47399.8 60210.1 78716.7 100470 127661 147462 150168 126078 112603 114367 108745 110407 109382 116573 129683 131094 147843 154219 154005 147444 178761 175631 160463 62319.8 25829 15496.6 12892.4 12282.3 12146.3 12117.1 12111 12109.7 12109.4 12109.4 12109.4 12109.4 12109.4 12109.4 12109.4 12109.4 12109.4 12109.4 12109.4 12109.4 12109.4 12109.4 12109.4 12109.4 12109.4 12109.4 12109.4 12109.4 12109.4 12109.4 12109.4 12109.4 12109.4 12109.4 12109.4 12109.4 12109.4 12109.4 12109.4 12109.4 12109.4 12109.4 12109.4 12109.4 12109.4 12109.4 12109.4 12109.4 12109.4 12109.4 12109.4 12109.4 12109.4 12109.4 12109.4 12109.4 12109.4 12109.4 12109.4 12109.4 12109.4 12109.4 12109.4 12109.4 12109.4 12109.4 12109.4 12109.4 12109.4 12109.4 12109.4 12109.4 12109.4 12109.4 12109.4 12109.4 12109.4 12109.4 12109.4 12109.4 12109.4 12109.4 12109.4 12109.4 12109.4 12109.4 12109.4 12109.4 12109.4 12109.4 12109.4 12109.4 12109.4 12109.4 12109.4 12109.4 12109.4 0 0 0 0 0 0 0 0 0 0 0 0 0 0 0 0 0 0 0 0 0 0 0 0 0
