SBPRF35
0.288506
Curr Bio
31795
B35
83177.5
F35
0.420979
FOFL
0.203675
OFL
9834.93
Bzero
82430.3
#pred survey bio
 7273.79 6637.17 7447.91 9480.27 12339.1 15048.8 14435.6 13749.6 21106.2 32349.5 31674.7 37756.2 61541.8 71641.7 62524.4 52954.4 50317 52552.4 52308 52892.3 51111 56748.9 65403.1 69408.5 73277.6 74014.4 69359 76120.5 3.21379e+06 2.3927e+06 2.16835e+06 1.73111e+06 1.39193e+06 1.18095e+06 1.06044e+06 994070 957896 938035 926904 920480 916640 914261 912734 911726 911050 910588 910269 910046 909889 909779 909700 909644 909605 909576 909556 909542 909532 909524 909519 909515 909513 909511 909509 909509 909508 909507 909507 909507 909507 909506 909506 909506 909506 909506 909506 909506 909506 909506 909506 909506 909506 909506 909506 909506 909506 909506 909506 909506 909506 909506 909506 909506 909506 909506 909506 909506 909506 909506 909506 909506 909506 909506 909506 909506 909506 909506 909506 909506 909506 909506 909506 909506 909506 909506 909506 909506 909506 909506 909506 909506 909506 909506 909506 909506 909506 909506 909506 909506 0 0 0 0 0 0 0 0 0 0 0 0 0 0 0 0 0 0 0 0 0 0 0 0 0
#obs survey bio
 6334.72 11672.4 8211.67 12349.8 27437.6 14166.8 18411.3 17914.7 28419.5 36803.4 30955.1 63693 63423.9 52621.7 54079.5 58098.8 58521.5 59688.6 44363 42977.1 59921.3 66069.4 82593.6 66706.3 77316.7 46339.4 67941.6 81208.4
#pred catch bio
 4271.49 3637.41 3673.82 4706.53 6040.51 8476.24 9068.83 7695.95 8563.84 19515.4 20558.1 16896.5 34568.3 47286.6 42844.6 36187.4 31221.9 33944.9 33144.7 35472.6 32496.8 33227.2 41519.1 44312.7 46084.8 49755.1 43072.9 39239.9 9834.93 28697.8 27466.5 21149.8 16246.9 13321.4 11734.3 10915.9 10506.9 10306.7 10210 10163.7 10141.7 10131.3 10126.4 10124.1 10123 10122.5 10122.3 10122.2 10122.1 10122.1 10122.1 10122.1 10122.1 10122.1 10122.1 10122.1 10122.1 10122.1 10122.1 10122.1 10122.1 10122.1 10122.1 10122.1 10122.1 10122.1 10122.1 10122.1 10122.1 10122.1 10122.1 10122.1 10122.1 10122.1 10122.1 10122.1 10122.1 10122.1 10122.1 10122.1 10122.1 10122.1 10122.1 10122.1 10122.1 10122.1 10122.1 10122.1 10122.1 10122.1 10122.1 10122.1 10122.1 10122.1 10122.1 10122.1 10122.1 10122.1 10122.1 10122.1 10122.1 10122.1 10122.1 10122.1 10122.1 10122.1 10122.1 10122.1 10122.1 10122.1 10122.1 10122.1 10122.1 10122.1 10122.1 10122.1 10122.1 10122.1 10122.1 10122.1 10122.1 10122.1 10122.1 10122.1 10122.1 10122.1 10122.1 10122.1 0 0 0 0 0 0 0 0 0 0 0 0 0 0 0 0 0 0 0 0 0 0 0 0 0
#obs catch bio
 3242.84 3598.55 3586.93 4584.87 5818.32 8226.58 8956.26 7733.8 8217.88 18631.9 21018.1 16226.2 33192.7 48168.3 43625.8 37516.7 30873.6 33869.2 33534.6 35777.3 32776.8 33022.2 41293.1 44539.8 45726.8 51521.8 44022.7 39444
#pred cpue bio
 5273.63 4423.8 4840.91 6135.1 7883.53 10038.5 10056 8791.56 11853.5 21112.1 21068.4 21585.6 37646.5 46394.2 41473.8 34222.4 31114 33790.2 33070.4 33835.5 31934.3 34719.8 41600 43196.7 45883.3 47774 43774.3 47406.6 2.12303e+06 2.00035e+06 1.9991e+06 1.58859e+06 1.2486e+06 1.03691e+06 916230 849830 813650 793788 782657 776232 772393 770014 768487 767478 766802 766341 766022 765799 765642 765531 765453 765397 765357 765329 765309 765295 765284 765277 765272 765268 765265 765264 765262 765261 765261 765260 765260 765259 765259 765259 765259 765259 765259 765259 765259 765259 765259 765259 765259 765259 765259 765259 765259 765259 765259 765259 765259 765259 765259 765259 765259 765259 765259 765259 765259 765259 765259 765259 765259 765259 765259 765259 765259 765259 765259 765259 765259 765259 765259 765259 765259 765259 765259 765259 765259 765259 765259 765259 765259 765259 765259 765259 765259 765259 765259 765259 765259 765259 0 0 0 0 0 0 0 0 0 0 0 0 0 0 0 0 0 0 0 0 0 0 0 0 0
#obs cpue bio
 3752.97 4014.03 6173.62 7857.56 7127.6 12186 9043.98 7393 23502.5 25176.8 14982.3 38706.4 45546.4 30373.4 34648.2 21925.1 32829.1 32249.8 27742.2 36380.3 27918.4 28564 44147.4 36081.2 48041.1 34883.6 35903.5 57634.3
#pred surv len freq
 2.1427e-27 2.16589e-27 5.85327e-27 1.26152e-21 7.50275e-17 1.02587e-12 3.22483e-09 2.33059e-06 0.000387224 0.0147917 0.129901 0.262276 0.122319 0.0283739 0.0942622 0.132607 0.0536922 0.042378 0.0368756 0.0228149 0.0176595 0.0137219 0.0126432 0.0108717 0.00442191
 2.1424e-27 2.16613e-27 5.92347e-27 1.2854e-21 7.64478e-17 1.04529e-12 3.28587e-09 2.37471e-06 0.000394555 0.0150717 0.132361 0.267242 0.124736 0.0316088 0.112519 0.158146 0.0606637 0.038214 0.0300389 0.0124141 0.00681419 0.00397561 0.00284414 0.00211902 0.000834891
 2.14301e-27 2.16787e-27 6.12461e-27 1.35369e-21 8.05091e-17 1.10082e-12 3.46043e-09 2.50087e-06 0.000415515 0.0158724 0.139392 0.281438 0.13127 0.0308326 0.103503 0.145538 0.0576992 0.0418116 0.032769 0.0116139 0.004772 0.00171874 0.000766938 0.000429913 0.000154132
 2.14307e-27 2.16805e-27 6.14573e-27 1.36086e-21 8.09354e-17 1.10665e-12 3.47876e-09 2.51411e-06 0.000417716 0.0159565 0.14013 0.282929 0.131962 0.0309035 0.103486 0.145476 0.0571377 0.0399197 0.0316762 0.012535 0.00540297 0.00153124 0.000382503 0.000118119 3.33609e-05
 2.14346e-27 2.16901e-27 6.24645e-27 1.39502e-21 8.29669e-17 1.13442e-12 3.56608e-09 2.57721e-06 0.0004282 0.016357 0.143648 0.29003 0.135238 0.0307337 0.10031 0.140974 0.0552382 0.0382035 0.0301545 0.0116557 0.0050884 0.00154668 0.000330451 5.26419e-05 8.31953e-06
 2.14171e-27 2.16472e-27 5.79403e-27 1.24155e-21 7.38399e-17 1.00963e-12 3.17378e-09 2.2937e-06 0.000381095 0.0145576 0.127845 0.258126 0.12054 0.0320934 0.118226 0.166258 0.0645681 0.0429879 0.0337491 0.0129633 0.00559358 0.0016881 0.00036728 4.89387e-05 4.09182e-06
 2.14019e-27 2.16108e-27 5.42095e-27 1.11506e-21 6.63167e-17 9.06763e-13 2.85042e-09 2.06001e-06 0.000342267 0.0130744 0.11482 0.231828 0.108387 0.0322479 0.127096 0.178959 0.0717461 0.0542742 0.0428951 0.0155927 0.00638566 0.00188879 0.000404905 5.28554e-05 3.58804e-06
 2.14383e-27 2.16996e-27 6.35481e-27 1.43181e-21 8.51554e-17 1.16435e-12 3.66014e-09 2.6452e-06 0.000439495 0.0167884 0.147437 0.29768 0.138737 0.0297099 0.0917543 0.129027 0.0525366 0.0420436 0.0336771 0.0128832 0.00541826 0.0015166 0.000308026 3.91914e-05 2.54719e-06
 2.14674e-27 2.17694e-27 7.0691e-27 1.674e-21 9.95591e-17 1.36129e-12 4.27924e-09 3.09262e-06 0.000513834 0.0196281 0.172375 0.348029 0.162003 0.029419 0.0748029 0.104777 0.0391629 0.0216394 0.016709 0.00679175 0.00304597 0.000894208 0.000181476 2.19367e-05 1.36841e-06
 2.14158e-27 2.16426e-27 5.72472e-27 1.21795e-21 7.24359e-17 9.90432e-13 3.11344e-09 2.25009e-06 0.000373849 0.0142808 0.125415 0.253219 0.118342 0.0339975 0.131329 0.184477 0.0676304 0.0333114 0.0246161 0.00840581 0.00331139 0.00103264 0.000225872 2.79979e-05 1.7005e-06
 2.142e-27 2.16547e-27 5.87762e-27 1.26993e-21 7.55277e-17 1.03271e-12 3.24633e-09 2.34613e-06 0.000389806 0.0148903 0.130768 0.264026 0.123238 0.03131 0.111666 0.157158 0.063421 0.0490673 0.0379472 0.0113566 0.00361403 0.000932443 0.000187709 2.44822e-05 1.54779e-06
 2.14641e-27 2.17617e-27 6.99172e-27 1.64776e-21 9.79989e-17 1.33996e-12 4.21218e-09 3.04416e-06 0.000505782 0.0193205 0.169674 0.342576 0.159479 0.0293467 0.0760052 0.10654 0.0407247 0.0252167 0.0195742 0.0073598 0.0028995 0.0006591 0.000103644 1.1627e-05 7.25409e-07
 2.14395e-27 2.17005e-27 6.33609e-27 1.42533e-21 8.47696e-17 1.15907e-12 3.64356e-09 2.63321e-06 0.000437504 0.0167124 0.146769 0.296332 0.138206 0.0321735 0.1072 0.150417 0.0549366 0.0264333 0.0195855 0.00701947 0.00282603 0.000794008 0.000141025 1.34661e-05 6.96213e-07
 2.14233e-27 2.16615e-27 5.93396e-27 1.28896e-21 7.66596e-17 1.04818e-12 3.29498e-09 2.38129e-06 0.000395648 0.0151135 0.132727 0.267983 0.125112 0.0325109 0.117805 0.165569 0.0631094 0.0384696 0.0289086 0.00862419 0.00277039 0.000739769 0.000143293 1.5807e-05 7.96289e-07
 2.14145e-27 2.164e-27 5.70922e-27 1.21274e-21 7.21264e-17 9.862e-13 3.10013e-09 2.24047e-06 0.000372252 0.0142198 0.124879 0.252137 0.117806 0.033024 0.125713 0.17675 0.0675008 0.0415551 0.0315629 0.010157 0.00342384 0.000763247 0.000121552 1.33966e-05 7.43701e-07
 2.14266e-27 2.167e-27 6.02799e-27 1.32089e-21 7.85581e-17 1.07414e-12 3.37658e-09 2.44026e-06 0.000405446 0.0154878 0.136014 0.274619 0.128155 0.0318276 0.111633 0.156921 0.0607346 0.0397712 0.0304306 0.0097572 0.0033293 0.000780689 0.000119612 1.10603e-05 5.61547e-07
 2.14381e-27 2.16974e-27 6.3079e-27 1.41579e-21 8.42022e-17 1.15132e-12 3.61917e-09 2.61559e-06 0.000434576 0.0166005 0.145786 0.294349 0.137276 0.0318144 0.105606 0.14826 0.0554205 0.0305785 0.0229293 0.00755303 0.00265649 0.00062635 9.80758e-05 9.04748e-06 4.14398e-07
 2.14236e-27 2.16618e-27 5.93229e-27 1.28837e-21 7.66246e-17 1.0477e-12 3.29347e-09 2.3802e-06 0.000395467 0.0151066 0.132667 0.26786 0.125073 0.0329699 0.120644 0.169488 0.0633592 0.0349519 0.0260109 0.00805915 0.00265811 0.000640963 0.000103786 9.7503e-06 4.48167e-07
 2.14336e-27 2.1687e-27 6.20462e-27 1.38079e-21 8.21207e-17 1.12285e-12 3.52971e-09 2.55093e-06 0.000423833 0.0161901 0.142183 0.287072 0.1339 0.0314965 0.105859 0.148742 0.0573143 0.0367776 0.0279337 0.00859876 0.00276945 0.000630383 9.78512e-05 9.36455e-06 4.41167e-07
 2.14264e-27 2.16688e-27 6.00703e-27 1.31373e-21 7.81328e-17 1.06833e-12 3.3583e-09 2.42705e-06 0.000403251 0.0154039 0.135278 0.273133 0.127498 0.0326419 0.117052 0.164426 0.0615659 0.0342821 0.0257976 0.00863674 0.00306592 0.000698854 0.00010436 9.50588e-06 4.41884e-07
 2.14354e-27 2.16911e-27 6.24322e-27 1.39386e-21 8.2898e-17 1.13348e-12 3.56312e-09 2.57507e-06 0.000427845 0.0163434 0.143528 0.289789 0.135167 0.0318032 0.106912 0.150151 0.0567952 0.033332 0.0249802 0.00760794 0.00245982 0.000595129 9.52496e-05 8.60733e-06 3.84025e-07
 2.14412e-27 2.17051e-27 6.38897e-27 1.44328e-21 8.58375e-17 1.17368e-12 3.68946e-09 2.66639e-06 0.000443016 0.0169229 0.148618 0.300065 0.139911 0.0316121 0.102648 0.144083 0.0538533 0.0296879 0.022159 0.00703314 0.00234479 0.000528036 8.07229e-05 7.65841e-06 3.52126e-07
 2.14282e-27 2.16734e-27 6.05475e-27 1.32992e-21 7.90954e-17 1.08149e-12 3.39967e-09 2.45695e-06 0.000408219 0.0155937 0.136945 0.276497 0.129049 0.0325137 0.115255 0.161897 0.0607289 0.0341315 0.0255233 0.00803946 0.00268422 0.000626214 9.60976e-05 8.69914e-06 3.99345e-07
 2.1438e-27 2.16975e-27 6.31296e-27 1.41752e-21 8.43056e-17 1.15273e-12 3.62362e-09 2.6188e-06 0.000435109 0.0166209 0.145965 0.29471 0.137427 0.0313966 0.102946 0.144587 0.0551745 0.0338304 0.025583 0.00798363 0.00262705 0.000607407 9.39522e-05 8.63471e-06 3.89561e-07
 2.14324e-27 2.16834e-27 6.1577e-27 1.36483e-21 8.11714e-17 1.10987e-12 3.4889e-09 2.52144e-06 0.000418934 0.016003 0.140539 0.283754 0.132403 0.0324836 0.112884 0.158495 0.0587168 0.0307941 0.0228643 0.00741169 0.00254691 0.000585653 8.92067e-05 8.17542e-06 3.71941e-07
 2.14238e-27 2.16625e-27 5.94299e-27 1.29202e-21 7.68414e-17 1.05067e-12 3.30279e-09 2.38694e-06 0.000396586 0.0151493 0.133042 0.268618 0.12541 0.0326241 0.118304 0.166248 0.0630086 0.0373475 0.027997 0.00843912 0.0026734 0.000630019 9.91493e-05 9.05756e-06 4.08873e-07
 2.14327e-27 2.16845e-27 6.17508e-27 1.37075e-21 8.15237e-17 1.11469e-12 3.50405e-09 2.53239e-06 0.000420752 0.0160724 0.141149 0.284986 0.132949 0.0318701 0.108768 0.152793 0.0580641 0.0348901 0.0263379 0.00827908 0.00271864 0.000601741 8.93334e-05 8.27417e-06 3.78735e-07
 2.14369e-27 2.16948e-27 6.28267e-27 1.40724e-21 8.36939e-17 1.14437e-12 3.59733e-09 2.5998e-06 0.000431953 0.0165003 0.144906 0.292572 0.136448 0.0316554 0.105171 0.14769 0.0558161 0.0326314 0.0246397 0.00801746 0.00277221 0.000641246 9.6268e-05 8.49003e-06 3.79535e-07
#obs surv len freq
 8.63927e-40 4.22833e-33 4.75778e-27 1.23079e-21 7.31998e-17 1.00088e-12 3.14626e-09 2.27381e-06 0.000377797 0.0144313 0.126736 0.255888 0.119508 0.032174 0.119392 0.167911 0.0652639 0.0436023 0.0341659 0.0129205 0.0055188 0.00168054 0.000373166 5.07722e-05 3.52319e-06
 1.03684e-39 5.0746e-33 5.71002e-27 1.47713e-21 8.78504e-17 1.2012e-12 3.77597e-09 2.7289e-06 0.000453411 0.0173197 0.152102 0.307099 0.143124 0.0305688 0.0941589 0.132209 0.0508734 0.0324847 0.0251956 0.00922134 0.00379442 0.00111814 0.000240377 3.18282e-05 2.14593e-06
 9.69645e-40 4.74574e-33 5.33998e-27 1.3814e-21 8.21572e-17 1.12335e-12 3.53127e-09 2.55205e-06 0.000424027 0.0161973 0.142245 0.287199 0.134008 0.0328186 0.11389 0.159815 0.0578303 0.0261554 0.0191154 0.00672933 0.00264612 0.000748518 0.000153807 1.96071e-05 1.28133e-06
 1.04637e-39 5.12128e-33 5.76254e-27 1.49072e-21 8.86584e-17 1.21224e-12 3.8107e-09 2.754e-06 0.000457581 0.017479 0.153501 0.309924 0.144459 0.0313433 0.0980357 0.137554 0.0511859 0.0275142 0.0202458 0.00589062 0.00182267 0.000479522 9.31953e-05 1.13027e-05 7.07962e-07
 9.86248e-40 4.827e-33 5.43142e-27 1.40506e-21 8.3564e-17 1.14259e-12 3.59173e-09 2.59575e-06 0.000431288 0.0164746 0.14468 0.292117 0.136283 0.0328591 0.112656 0.158044 0.0568108 0.0244907 0.0174727 0.00545175 0.00176954 0.000388106 6.07239e-05 6.70261e-06 3.96689e-07
 8.13898e-40 3.98347e-33 4.48226e-27 1.15952e-21 6.89609e-17 9.42916e-13 2.96406e-09 2.14214e-06 0.000355919 0.0135956 0.119397 0.241071 0.112757 0.034803 0.139908 0.196567 0.0719192 0.0349334 0.0251713 0.00702674 0.00197628 0.000444333 6.66997e-05 6.05943e-06 3.06213e-07
 7.92335e-40 3.87793e-33 4.36351e-27 1.1288e-21 6.71339e-17 9.17934e-13 2.88553e-09 2.08538e-06 0.000346489 0.0132354 0.116234 0.234684 0.109758 0.0335731 0.134325 0.188961 0.0728093 0.0466961 0.0352725 0.0103373 0.00304981 0.000624202 8.42997e-05 7.3671e-06 3.29766e-07
 1.32847e-39 6.50193e-33 7.31608e-27 1.8926e-21 1.1256e-16 1.53906e-12 4.83803e-09 3.49646e-06 0.000580941 0.0221912 0.194883 0.393473 0.18294 0.0274637 0.0491706 0.0686299 0.0262074 0.0161355 0.0123279 0.00415492 0.00147096 0.000320208 4.33226e-05 3.46299e-06 1.42636e-07
 1.10341e-39 5.40041e-33 6.07663e-27 1.57197e-21 9.34908e-17 1.27832e-12 4.0184e-09 2.90411e-06 0.000482522 0.0184317 0.161867 0.326817 0.152318 0.0326647 0.101011 0.14137 0.0473938 0.00969062 0.00538913 0.00175498 0.00062474 0.000155292 2.46145e-05 2.07338e-06 8.24037e-08
 6.36402e-40 3.11475e-33 3.50477e-27 9.0665e-22 5.39218e-17 7.37284e-13 2.31766e-09 1.67498e-06 0.0002783 0.0106307 0.0933587 0.188502 0.0885994 0.0387098 0.179602 0.252311 0.0888257 0.0323525 0.0214222 0.00458824 0.000662425 0.000131914 2.18497e-05 2.10632e-06 9.28981e-08
 1.2326e-39 6.03274e-33 6.78814e-27 1.75603e-21 1.04438e-16 1.42799e-12 4.48891e-09 3.24415e-06 0.00053902 0.0205899 0.18082 0.36508 0.169828 0.0278672 0.0601919 0.0843646 0.0345227 0.0280148 0.0214054 0.00541215 0.00117226 0.000173028 1.36986e-05 1.02094e-06 4.78878e-08
 1.18133e-39 5.7818e-33 6.50577e-27 1.68298e-21 1.00093e-16 1.36859e-12 4.30219e-09 3.1092e-06 0.000516598 0.0197334 0.173299 0.349896 0.162936 0.0312637 0.0855022 0.119554 0.040278 0.00891111 0.00525968 0.00195574 0.000740339 0.000138394 1.32881e-05 6.92643e-07 1.92585e-08
 8.82251e-40 4.31801e-33 4.85869e-27 1.2569e-21 7.47524e-17 1.0221e-12 3.21299e-09 2.32204e-06 0.000385809 0.0147374 0.129424 0.261316 0.12215 0.0356925 0.139236 0.195303 0.0671756 0.019417 0.0120355 0.00260892 0.000409272 9.13563e-05 1.42243e-05 9.70527e-07 2.6868e-08
 9.23845e-40 4.52158e-33 5.08776e-27 1.31615e-21 7.82766e-17 1.07029e-12 3.36447e-09 2.43151e-06 0.000403999 0.0154322 0.135526 0.273634 0.127754 0.0332651 0.120706 0.169511 0.0625459 0.0319674 0.0228427 0.0053173 0.000944695 0.000135035 1.16188e-05 8.99778e-07 3.51656e-08
 7.35476e-40 3.59965e-33 4.05038e-27 1.0478e-21 6.23163e-17 8.52063e-13 2.67847e-09 1.93573e-06 0.000321625 0.0122857 0.107893 0.217844 0.102071 0.0362073 0.155481 0.218469 0.0789809 0.03544 0.0252755 0.00731352 0.00204555 0.000339244 2.80416e-05 1.40583e-06 4.09541e-08
 1.12078e-39 5.48544e-33 6.1723e-27 1.59672e-21 9.49627e-17 1.29844e-12 4.08167e-09 2.94983e-06 0.000490118 0.0187219 0.164416 0.331961 0.154591 0.0298548 0.0823072 0.115464 0.0444912 0.0285264 0.0213908 0.00586061 0.00156495 0.000317031 3.78922e-05 2.21658e-06 5.50577e-08
 8.7277e-40 4.2716e-33 4.80648e-27 1.24339e-21 7.39491e-17 1.01112e-12 3.17846e-09 2.29708e-06 0.000381664 0.0145791 0.128033 0.258508 0.120851 0.0356752 0.139977 0.196351 0.0675511 0.0196184 0.0126824 0.00410308 0.00137306 0.00027732 3.42064e-05 2.50207e-06 8.08335e-08
 9.5331e-40 4.66579e-33 5.25002e-27 1.35813e-21 8.07732e-17 1.10443e-12 3.47178e-09 2.50906e-06 0.000416884 0.0159244 0.139848 0.282361 0.13177 0.0327896 0.115173 0.161718 0.059874 0.031223 0.0223889 0.00524195 0.00101793 0.000215958 3.15956e-05 2.43637e-06 8.75906e-08
 1.00985e-39 4.94251e-33 5.56139e-27 1.43868e-21 8.55637e-17 1.16993e-12 3.67768e-09 2.65787e-06 0.000441609 0.0168689 0.148142 0.299107 0.139506 0.0326297 0.109149 0.153089 0.0549104 0.0232875 0.01644 0.00480326 0.00136486 0.000232215 2.30623e-05 1.78568e-06 7.16382e-08
 8.60197e-40 4.21007e-33 4.73724e-27 1.22548e-21 7.28838e-17 9.96555e-13 3.13268e-09 2.26399e-06 0.000376166 0.014369 0.126189 0.254784 0.119105 0.0350295 0.137158 0.192537 0.0684094 0.0269528 0.0185489 0.00496572 0.0012803 0.000260395 3.18803e-05 2.03244e-06 6.60749e-08
 1.11495e-39 5.45693e-33 6.14022e-27 1.58842e-21 9.44691e-17 1.29169e-12 4.06045e-09 2.9345e-06 0.000487571 0.0186246 0.163561 0.330236 0.153824 0.0306681 0.0877924 0.123072 0.0454982 0.0235356 0.0170161 0.00441109 0.00104859 0.000196097 2.3544e-05 1.73696e-06 5.90357e-08
 8.89733e-40 4.35463e-33 4.89989e-27 1.26756e-21 7.53863e-17 1.03077e-12 3.24024e-09 2.34173e-06 0.000389081 0.0148624 0.130522 0.263532 0.123161 0.0353351 0.136387 0.191315 0.0661211 0.0201811 0.0130875 0.00379142 0.00108766 0.000202771 2.23633e-05 1.55094e-06 5.47464e-08
 1.00429e-39 4.91532e-33 5.53079e-27 1.43076e-21 8.50929e-17 1.16349e-12 3.65745e-09 2.64324e-06 0.000439179 0.0167761 0.147327 0.297461 0.138732 0.0322882 0.107561 0.150944 0.0554489 0.0275923 0.0196551 0.00465883 0.000914845 0.000175119 2.21115e-05 1.53005e-06 5.05998e-08
 1.03631e-39 5.07199e-33 5.70709e-27 1.47637e-21 8.78053e-17 1.20058e-12 3.77403e-09 2.7275e-06 0.000453178 0.0173108 0.152024 0.306942 0.143127 0.0325738 0.106446 0.149224 0.0527934 0.0200894 0.0138066 0.0039283 0.00107636 0.000183161 1.76641e-05 1.21403e-06 4.28701e-08
 8.7457e-40 4.28041e-33 4.81639e-27 1.24595e-21 7.41016e-17 1.01321e-12 3.18502e-09 2.30182e-06 0.000382451 0.0146091 0.128297 0.259041 0.121073 0.0350419 0.13595 0.1908 0.0673205 0.0250212 0.0169087 0.00431888 0.00101142 0.000197054 2.33952e-05 1.4613e-06 4.43612e-08
 9.24466e-40 4.52462e-33 5.09117e-27 1.31704e-21 7.83292e-17 1.07101e-12 3.36673e-09 2.43314e-06 0.00040427 0.0154426 0.135617 0.273818 0.127837 0.0332202 0.120376 0.169044 0.0623269 0.0317285 0.0228319 0.00579014 0.00130411 0.000230113 2.53272e-05 1.77323e-06 5.84792e-08
 9.71735e-40 4.75597e-33 5.35149e-27 1.38438e-21 8.23343e-17 1.12577e-12 3.53888e-09 2.55755e-06 0.000424941 0.0162322 0.142551 0.287818 0.134302 0.0330342 0.115021 0.161393 0.0582113 0.025699 0.0182603 0.00526331 0.0014872 0.000270098 2.80746e-05 1.80469e-06 5.92026e-08
 1.12891e-39 5.52522e-33 6.21707e-27 1.6083e-21 9.56514e-17 1.30786e-12 4.11127e-09 2.97122e-06 0.000493673 0.0188577 0.165608 0.334369 0.15575 0.0310658 0.088974 0.124627 0.0445357 0.0183577 0.0127762 0.00346345 0.000910041 0.000184148 2.28495e-05 1.51989e-06 4.71003e-08
#pred catch len freq
 2.13892e-27 2.15621e-27 4.81661e-27 9.09889e-22 5.41146e-17 7.3992e-13 2.32595e-09 1.68097e-06 0.000279291 0.0106687 0.0936932 0.189173 0.0885492 0.0291015 0.120734 0.170193 0.0703297 0.0594967 0.0521235 0.0322413 0.0249094 0.0192975 0.0177496 0.0152543 0.00620385
 2.13838e-27 2.15623e-27 4.88305e-27 9.32527e-22 5.54609e-17 7.58329e-13 2.38382e-09 1.72279e-06 0.000286239 0.0109341 0.0960243 0.193881 0.0908946 0.0336023 0.146799 0.206682 0.0806427 0.0548121 0.0435017 0.0179882 0.00986367 0.00573797 0.00409677 0.00305022 0.00120163
 2.13865e-27 2.15726e-27 5.01983e-27 9.79014e-22 5.82257e-17 7.96132e-13 2.50265e-09 1.80867e-06 0.000300509 0.0114792 0.100811 0.203545 0.0953317 0.0327822 0.138882 0.195701 0.0793951 0.0626843 0.0495901 0.0176098 0.00724293 0.0026028 0.00115862 0.000648858 0.000232585
 2.13872e-27 2.1575e-27 5.04786e-27 9.8853e-22 5.87916e-17 8.03871e-13 2.52698e-09 1.82625e-06 0.00030343 0.0115908 0.101791 0.205523 0.0962511 0.032907 0.139047 0.195876 0.0786295 0.0598189 0.0479303 0.0190049 0.00819882 0.00231937 0.00057798 0.000178223 5.03173e-05
 2.13911e-27 2.15846e-27 5.14784e-27 1.02244e-21 6.08081e-17 8.31443e-13 2.61365e-09 1.88889e-06 0.000313837 0.0119883 0.105282 0.212572 0.0995054 0.0327886 0.1362 0.191833 0.0768178 0.0578928 0.0461507 0.017875 0.00781025 0.00236977 0.000505349 8.0392e-05 1.26958e-05
 2.13769e-27 2.15496e-27 4.77654e-27 8.96477e-22 5.33169e-17 7.29013e-13 2.29166e-09 1.65619e-06 0.000275174 0.0105114 0.0923121 0.186386 0.0874484 0.0341024 0.152113 0.214258 0.0846607 0.0605891 0.0479751 0.0184316 0.00794789 0.00239326 0.0005196 6.91516e-05 5.77759e-06
 2.1365e-27 2.15214e-27 4.49174e-27 7.99931e-22 4.75749e-17 6.50502e-13 2.04486e-09 1.47783e-06 0.000245539 0.00937942 0.0823705 0.166314 0.0781597 0.0338572 0.156666 0.220896 0.0900187 0.072207 0.0574029 0.020839 0.00851662 0.0025126 0.000537382 7.0061e-05 4.75288e-06
 2.13984e-27 2.1603e-27 5.3515e-27 1.09156e-21 6.49194e-17 8.87657e-13 2.79036e-09 2.0166e-06 0.000335055 0.0127989 0.112401 0.226943 0.106096 0.0313666 0.123188 0.173619 0.0721194 0.0616729 0.0497145 0.0190124 0.00798818 0.00223092 0.000452065 5.74458e-05 3.73119e-06
 2.14263e-27 2.16694e-27 6.02264e-27 1.31907e-21 7.84503e-17 1.07267e-12 3.37195e-09 2.43692e-06 0.00040489 0.0154665 0.135828 0.274242 0.127983 0.0319049 0.112218 0.157682 0.060073 0.036629 0.028701 0.0117085 0.00526125 0.00154227 0.000312455 3.77276e-05 2.35193e-06
 2.1379e-27 2.15526e-27 4.77918e-27 8.97234e-22 5.33619e-17 7.29629e-13 2.2936e-09 1.65759e-06 0.000275406 0.0105203 0.0923901 0.186544 0.0876127 0.0365326 0.166901 0.234734 0.0869478 0.0455748 0.0340253 0.0116074 0.00456316 0.00141928 0.000309779 3.83532e-05 2.32791e-06
 2.13845e-27 2.15685e-27 4.97893e-27 9.65145e-22 5.74008e-17 7.84854e-13 2.4672e-09 1.78305e-06 0.000296251 0.0113166 0.099383 0.200662 0.0940082 0.0330353 0.141297 0.199162 0.08149 0.0661702 0.0514128 0.0153561 0.00486976 0.00125278 0.000251498 3.27581e-05 2.06971e-06
 2.14241e-27 2.16642e-27 5.97168e-27 1.30181e-21 7.74235e-17 1.05863e-12 3.32781e-09 2.40502e-06 0.00039959 0.0152641 0.13405 0.270653 0.126313 0.0316183 0.11155 0.156839 0.0611351 0.041353 0.032471 0.0122362 0.00482712 0.00109582 0.000171933 1.9261e-05 1.20085e-06
 2.14018e-27 2.16084e-27 5.36744e-27 1.09677e-21 6.52291e-17 8.91892e-13 2.80367e-09 2.02622e-06 0.000336654 0.0128599 0.112937 0.228027 0.106727 0.0348336 0.144026 0.202431 0.0747341 0.0384325 0.0287998 0.0103165 0.00414759 0.0011627 0.00020609 1.96543e-05 1.01526e-06
 2.13894e-27 2.15789e-27 5.06793e-27 9.9523e-22 5.91901e-17 8.09319e-13 2.5441e-09 1.83863e-06 0.000305486 0.0116694 0.102481 0.206917 0.0969603 0.034642 0.14922 0.209998 0.0808147 0.0515389 0.0389507 0.0115925 0.00370837 0.000987179 0.000190718 2.10118e-05 1.05777e-06
 2.13818e-27 2.15603e-27 4.87334e-27 9.29236e-22 5.52652e-17 7.55653e-13 2.3754e-09 1.71671e-06 0.000285229 0.0108956 0.0956854 0.193197 0.0906328 0.0350533 0.155866 0.219396 0.0845215 0.0541996 0.0413714 0.0132728 0.00445553 0.000990543 0.000157258 1.73038e-05 9.59911e-07
 2.13942e-27 2.15911e-27 5.20153e-27 1.04057e-21 6.18869e-17 8.46193e-13 2.66002e-09 1.9224e-06 0.000319405 0.012201 0.10715 0.216344 0.101286 0.0337711 0.141062 0.198556 0.0775229 0.0527266 0.0405141 0.0129474 0.00439757 0.00102825 0.000157102 1.4504e-05 7.35703e-07
 2.14033e-27 2.16125e-27 5.416e-27 1.11327e-21 6.62104e-17 9.05309e-13 2.84585e-09 2.0567e-06 0.000341718 0.0130534 0.114636 0.231457 0.108287 0.0341436 0.138781 0.195146 0.0736595 0.042792 0.0323236 0.0106258 0.00372608 0.00087637 0.000136864 1.26077e-05 5.76988e-07
 2.13891e-27 2.15778e-27 5.04888e-27 9.88738e-22 5.8804e-17 8.0404e-13 2.52751e-09 1.82664e-06 0.000303493 0.0115932 0.101812 0.205567 0.0963604 0.0352804 0.153524 0.21596 0.0814788 0.0472 0.0353709 0.0109358 0.00359428 0.000864393 0.0001396 1.30963e-05 6.01476e-07
 2.13988e-27 2.1602e-27 5.31514e-27 1.0791e-21 6.41783e-17 8.77524e-13 2.75851e-09 1.99358e-06 0.000331231 0.0126528 0.111117 0.224353 0.104982 0.0335888 0.137535 0.193559 0.075419 0.050839 0.0388413 0.0119318 0.00383019 0.000869618 0.000134614 1.28637e-05 6.05535e-07
 2.13936e-27 2.15887e-27 5.16519e-27 1.0282e-21 6.11508e-17 8.36128e-13 2.62838e-09 1.89954e-06 0.000315605 0.0120559 0.105876 0.213771 0.100137 0.0348491 0.148418 0.208754 0.0787803 0.0457256 0.0346046 0.0115489 0.0040832 0.000928274 0.000138225 1.25709e-05 5.83855e-07
 2.14012e-27 2.16075e-27 5.36559e-27 1.09618e-21 6.51942e-17 8.91415e-13 2.80217e-09 2.02514e-06 0.000336474 0.0128531 0.112876 0.227905 0.10664 0.0340298 0.139157 0.19574 0.0747667 0.0460459 0.0347291 0.0105543 0.00340008 0.000820389 0.000130966 1.18184e-05 5.26842e-07
 2.14048e-27 2.16162e-27 5.4554e-27 1.12663e-21 6.7005e-17 9.16174e-13 2.88001e-09 2.08139e-06 0.00034582 0.0132101 0.116012 0.234235 0.109567 0.0340336 0.137272 0.193022 0.0729677 0.0427062 0.0321523 0.0101937 0.00339169 0.000762133 0.000116204 1.10088e-05 5.0579e-07
 2.13934e-27 2.15882e-27 5.16087e-27 1.02673e-21 6.10637e-17 8.34937e-13 2.62464e-09 1.89683e-06 0.000315156 0.0120387 0.105725 0.213466 0.0999948 0.0348184 0.148323 0.208639 0.0790293 0.046722 0.0351855 0.0110605 0.00368109 0.000856621 0.000131112 1.18514e-05 5.43588e-07
 2.1404e-27 2.16147e-27 5.4449e-27 1.1231e-21 6.6795e-17 9.13302e-13 2.87098e-09 2.07486e-06 0.000344736 0.0131687 0.115648 0.2335 0.109209 0.0335321 0.134432 0.189115 0.0728901 0.0468308 0.0356213 0.01109 0.00363594 0.000838467 0.000129338 1.18695e-05 5.35059e-07
 2.13977e-27 2.15986e-27 5.2659e-27 1.06234e-21 6.31813e-17 8.63891e-13 2.71565e-09 1.96261e-06 0.000326085 0.0124562 0.109391 0.220868 0.10342 0.0348904 0.146531 0.206034 0.0770215 0.0425028 0.0318013 0.0102874 0.00352425 0.000808404 0.000122806 1.12381e-05 5.10854e-07
 2.13908e-27 2.1582e-27 5.09795e-27 1.0054e-21 5.97951e-17 8.17591e-13 2.57011e-09 1.85743e-06 0.000308608 0.0117886 0.103528 0.209032 0.0979428 0.0347669 0.149345 0.210136 0.0803249 0.0496409 0.0374134 0.0112469 0.00354715 0.000833522 0.000130818 1.1933e-05 5.38219e-07
 2.13972e-27 2.15978e-27 5.2667e-27 1.06265e-21 6.32e-17 8.64148e-13 2.71646e-09 1.96319e-06 0.000326182 0.0124599 0.109424 0.220934 0.10342 0.0340974 0.141671 0.199325 0.0765917 0.0485281 0.036885 0.011574 0.00378995 0.000836907 0.000123905 1.1459e-05 5.24095e-07
 2.13959e-27 2.15949e-27 5.23697e-27 1.05257e-21 6.26004e-17 8.5595e-13 2.69069e-09 1.94457e-06 0.000323087 0.0123417 0.108386 0.218838 0.102453 0.0341354 0.142534 0.200544 0.077036 0.0487524 0.0372147 0.0121206 0.00419259 0.000968256 0.000145049 1.27755e-05 5.70648e-07
#obs catch len freq
 4.06939e-40 1.99168e-33 2.24107e-27 5.79745e-22 3.44796e-17 4.71446e-13 1.482e-09 1.07104e-06 0.000177955 0.00679765 0.059697 0.120538 0.0570714 0.035848 0.182614 0.257475 0.10291 0.077015 0.0613874 0.0238782 0.010487 0.0032534 0.000738006 0.000103157 7.40665e-06
 4.18109e-40 2.04635e-33 2.30259e-27 5.95658e-22 3.5426e-17 4.84387e-13 1.52267e-09 1.10044e-06 0.00018284 0.00698424 0.0613356 0.123847 0.0586128 0.036165 0.183552 0.258733 0.102507 0.074132 0.058639 0.022204 0.00948782 0.00288412 0.000639093 8.68096e-05 6.01641e-06
 5.74236e-40 2.81048e-33 3.1624e-27 8.18083e-22 4.86545e-17 6.65262e-13 2.09126e-09 1.51136e-06 0.000251114 0.00959223 0.084239 0.170088 0.0799505 0.0350871 0.163036 0.229639 0.0899094 0.0619458 0.0485035 0.0177678 0.0073118 0.00215071 0.000461358 6.09845e-05 4.10653e-06
 5.17106e-40 2.53087e-33 2.84778e-27 7.36694e-22 4.38139e-17 5.99076e-13 1.8832e-09 1.36099e-06 0.000226131 0.00863792 0.0758582 0.153168 0.0722526 0.0384015 0.188369 0.264947 0.0969664 0.0472667 0.0350247 0.0123398 0.00485203 0.00137 0.000280885 3.57446e-05 2.33292e-06
 5.9882e-40 2.93081e-33 3.29779e-27 8.53108e-22 5.07375e-17 6.93744e-13 2.18079e-09 1.57606e-06 0.000261865 0.0100029 0.0878455 0.17737 0.0833714 0.0365357 0.169685 0.238773 0.0899929 0.0518311 0.0385367 0.0112145 0.00346796 0.000910581 0.000176554 2.13738e-05 1.33698e-06
 5.46807e-40 2.67624e-33 3.01135e-27 7.79008e-22 4.63305e-17 6.33486e-13 1.99137e-09 1.43917e-06 0.00023912 0.00913406 0.0802153 0.161965 0.0763249 0.0385432 0.186583 0.262363 0.0952009 0.0438366 0.0316788 0.0098844 0.00320605 0.000701964 0.000109535 1.2066e-05 7.13114e-07
 4.0684e-40 1.9912e-33 2.24053e-27 5.79603e-22 3.44712e-17 4.71331e-13 1.48163e-09 1.07078e-06 0.000177912 0.00679599 0.0596824 0.12051 0.057205 0.0397568 0.206486 0.290582 0.107424 0.0555893 0.0404858 0.0112997 0.00317448 0.000712394 0.000106686 9.67341e-06 4.88047e-07
 3.94074e-40 1.92872e-33 2.17023e-27 5.61417e-22 3.33896e-17 4.56542e-13 1.43514e-09 1.03718e-06 0.000172329 0.00658275 0.0578098 0.116729 0.0553755 0.0375938 0.194422 0.273976 0.106999 0.0728117 0.0553996 0.016227 0.00478101 0.000976811 0.00013157 1.14757e-05 5.12918e-07
 9.76763e-40 4.78058e-33 5.37918e-27 1.39154e-21 8.27603e-17 1.1316e-12 3.55719e-09 2.57079e-06 0.00042714 0.0163162 0.143289 0.289307 0.134924 0.0312536 0.103702 0.14571 0.0563366 0.0367356 0.0282729 0.00952061 0.0033656 0.000731318 9.86987e-05 7.87463e-06 3.23839e-07
 6.9079e-40 3.38094e-33 3.80428e-27 9.84133e-22 5.853e-17 8.00293e-13 2.51573e-09 1.81812e-06 0.000302083 0.0115392 0.101337 0.20461 0.0960706 0.0393508 0.178659 0.250695 0.0842795 0.0180213 0.0102624 0.00333982 0.00118646 0.000294266 4.65322e-05 3.91296e-06 1.55292e-07
 3.02092e-40 1.47853e-33 1.66367e-27 4.30374e-22 2.5596e-17 3.49979e-13 1.10016e-09 7.95089e-07 0.000132105 0.00504625 0.0443162 0.0894873 0.0429986 0.0433872 0.237999 0.334668 0.118511 0.0453756 0.030409 0.00651147 0.000937523 0.000186117 3.07439e-05 2.95842e-06 1.30313e-07
 8.56743e-40 4.19317e-33 4.71822e-27 1.22056e-21 7.25912e-17 9.92553e-13 3.1201e-09 2.2549e-06 0.000374655 0.0143113 0.125682 0.25376 0.118489 0.0312381 0.114323 0.161045 0.066809 0.0567094 0.0435129 0.0109897 0.00237397 0.000349902 2.7615e-05 2.0515e-06 9.60735e-08
 7.94181e-40 3.88697e-33 4.37368e-27 1.13143e-21 6.72903e-17 9.20073e-13 2.89226e-09 2.09024e-06 0.000347296 0.0132663 0.116504 0.235232 0.110156 0.0374398 0.157764 0.221306 0.074767 0.0172375 0.0103724 0.00385099 0.0014548 0.000271538 2.60081e-05 1.35314e-06 3.75434e-08
 4.86985e-40 2.38345e-33 2.6819e-27 6.93782e-22 4.12618e-17 5.64181e-13 1.77351e-09 1.28172e-06 0.000212959 0.00813477 0.0714396 0.144248 0.0682526 0.0417069 0.211236 0.296753 0.102486 0.0309852 0.0194884 0.00422321 0.000660325 0.000146916 2.28268e-05 1.55542e-06 4.30038e-08
 5.19651e-40 2.54333e-33 2.8618e-27 7.4032e-22 4.40296e-17 6.02025e-13 1.89247e-09 1.36769e-06 0.000227244 0.00868043 0.0762316 0.153922 0.072596 0.0382651 0.18731 0.263561 0.0980682 0.0526218 0.0378947 0.008815 0.00156201 0.000222904 1.91163e-05 1.47626e-06 5.76296e-08
 3.71073e-40 1.81614e-33 2.04355e-27 5.28648e-22 3.14407e-17 4.29894e-13 1.35138e-09 9.76643e-07 0.000162271 0.00619853 0.0544355 0.109917 0.0523492 0.040865 0.216444 0.30451 0.110879 0.0522233 0.0375796 0.0108598 0.00303018 0.00050183 4.13774e-05 2.06977e-06 6.01678e-08
 7.19466e-40 3.52129e-33 3.96221e-27 1.02499e-21 6.09597e-17 8.33514e-13 2.62016e-09 1.89359e-06 0.000314623 0.0120182 0.105544 0.213102 0.0998024 0.0341766 0.144514 0.203416 0.0792103 0.0532078 0.0401247 0.0109786 0.00292316 0.000590895 7.04549e-05 4.11517e-06 1.02068e-07
 4.77713e-40 2.33807e-33 2.63084e-27 6.80573e-22 4.04762e-17 5.53439e-13 1.73974e-09 1.25732e-06 0.000208905 0.00797989 0.0700794 0.141502 0.0669784 0.0415833 0.211309 0.296861 0.102555 0.0311759 0.0204499 0.0066069 0.00220574 0.000444644 5.46931e-05 3.99313e-06 1.28845e-07
 5.45774e-40 2.67119e-33 3.00566e-27 7.77537e-22 4.6243e-17 6.32289e-13 1.98761e-09 1.43645e-06 0.000238668 0.00911681 0.0800638 0.161659 0.0761547 0.0377805 0.18202 0.25612 0.0956461 0.0523715 0.0378406 0.00885322 0.00171399 0.000362636 5.29239e-05 4.07398e-06 1.46252e-07
 5.98595e-40 2.92971e-33 3.29655e-27 8.52787e-22 5.07184e-17 6.93483e-13 2.17997e-09 1.57547e-06 0.000261766 0.00999914 0.0878125 0.177304 0.0833997 0.0381059 0.17929 0.252044 0.0910266 0.0405602 0.0289151 0.00843789 0.00239222 0.00040639 4.0235e-05 3.10759e-06 1.24499e-07
 4.67226e-40 2.28675e-33 2.57308e-27 6.65632e-22 3.95876e-17 5.41289e-13 1.70155e-09 1.22971e-06 0.000204319 0.0078047 0.0685409 0.138396 0.0654982 0.0404106 0.205087 0.288347 0.103077 0.0425929 0.029617 0.00792018 0.00203629 0.000413242 5.04703e-05 3.21193e-06 1.04227e-07
 7.13712e-40 3.49313e-33 3.93052e-27 1.01679e-21 6.04723e-17 8.26849e-13 2.59921e-09 1.87845e-06 0.000312107 0.0119221 0.1047 0.211398 0.099069 0.0356186 0.153831 0.216318 0.0806338 0.0437299 0.0318513 0.00824762 0.00195496 0.000364812 4.36747e-05 3.21576e-06 1.0915e-07
 4.93865e-40 2.41713e-33 2.71979e-27 7.03584e-22 4.18447e-17 5.72151e-13 1.79856e-09 1.29983e-06 0.000215968 0.00824969 0.0724488 0.146286 0.0691761 0.0412144 0.207615 0.291691 0.10125 0.0323279 0.02125 0.00614847 0.00175923 0.000327359 3.60027e-05 2.49155e-06 8.78099e-08
 5.97481e-40 2.92425e-33 3.29042e-27 8.51199e-22 5.0624e-17 6.92192e-13 2.17591e-09 1.57254e-06 0.000261279 0.00998053 0.087649 0.176973 0.0832209 0.0374119 0.175154 0.246371 0.0912194 0.0475823 0.0341587 0.00808986 0.00158367 0.000302385 3.8081e-05 2.63032e-06 8.68493e-08
 6.2908e-40 3.07891e-33 3.46444e-27 8.96217e-22 5.33014e-17 7.28801e-13 2.29099e-09 1.6557e-06 0.000275098 0.0105084 0.0922845 0.186333 0.0875794 0.0382506 0.177452 0.249353 0.0887298 0.0353937 0.0245851 0.00698637 0.00190946 0.000324407 3.11935e-05 2.13877e-06 7.54135e-08
 4.78838e-40 2.34358e-33 2.63704e-27 6.82176e-22 4.05716e-17 5.54743e-13 1.74384e-09 1.26028e-06 0.000209397 0.00799868 0.0702444 0.141835 0.0670952 0.0405947 0.205174 0.288414 0.102344 0.039893 0.0272603 0.00695661 0.00162453 0.000315809 3.74015e-05 2.33209e-06 7.06745e-08
 5.22339e-40 2.55649e-33 2.8766e-27 7.44149e-22 4.42573e-17 6.05139e-13 1.90226e-09 1.37477e-06 0.00022842 0.00872534 0.0766259 0.154718 0.0729608 0.0381787 0.186542 0.262472 0.0975653 0.0520807 0.0377624 0.00956664 0.00214858 0.000378352 4.15225e-05 2.90111e-06 9.55439e-08
 5.65514e-40 2.7678e-33 3.11437e-27 8.05659e-22 4.79155e-17 6.55158e-13 2.0595e-09 1.4884e-06 0.0002473 0.00944655 0.0829596 0.167506 0.0788793 0.0383553 0.183766 0.258394 0.0938445 0.0434482 0.0311495 0.00896643 0.00252703 0.000458134 4.7489e-05 3.04624e-06 9.97683e-08
#spawning biomass
 4171.55 3158.57 3402.01 4294.46 5473.57 7095.23 7325.44 6182.97 7514.45 14332.2 14945.4 13913.6 24702.1 31797.2 28830.8 23614.4 20698.3 22900 22497.7 22933.5 21426.5 22938.8 28091.7 29044 30584.2 32609.3 29601.2 31795 42389.2 76472.3 85021.2 66096.6 49604 39692.2 34314 31540.6 30154.7 29476.2 29148.5 28991.8 28917.3 28882 28865.4 28857.5 28853.8 28852.1 28851.3 28850.9 28850.7 28850.7 28850.6 28850.6 28850.6 28850.6 28850.6 28850.6 28850.6 28850.6 28850.6 28850.6 28850.6 28850.6 28850.6 28850.6 28850.6 28850.6 28850.6 28850.6 28850.6 28850.6 28850.6 28850.6 28850.6 28850.6 28850.6 28850.6 28850.6 28850.6 28850.6 28850.6 28850.6 28850.6 28850.6 28850.6 28850.6 28850.6 28850.6 28850.6 28850.6 28850.6 28850.6 28850.6 28850.6 28850.6 28850.6 28850.6 28850.6 28850.6 28850.6 28850.6 28850.6 28850.6 28850.6 28850.6 28850.6 28850.6 28850.6 28850.6 28850.6 28850.6 28850.6 28850.6 28850.6 28850.6 28850.6 28850.6 28850.6 28850.6 28850.6 28850.6 28850.6 28850.6 28850.6 28850.6 28850.6 28850.6 28850.6 28850.6 0 0 0 0 0 0 0 0 0 0 0 0 0 0 0 0 0 0 0 0 0 0 0 0 0
