SBPRF35
0.131456
Curr Bio
158960
B35
162770
F35
0.891211
FOFL
0.790914
OFL
54047.7
Bzero
37558.8
#pred survey bio
 8806.59 8779.91 11670.6 13732.6 22557.2 33485.5 32347.5 38623.6 50530.3 62276.5 77035.5 105135 144408 179807 155632 139900 126379 126160 120504 113117 118544 127298 138846 144602 155851 156289 157058 150552 174347 5.64549e+06 3.17293e+06 1.68612e+06 897849 574920 444208 387400 360285 346329 338810 334670 332371 331091 330379 329983 329761 329641 329575 329539 329520 329509 329503 329500 329498 329497 329497 329496 329496 329496 329496 329496 329496 329496 329496 329496 329496 329496 329496 329496 329496 329496 329496 329496 329496 329496 329496 329496 329496 329496 329496 329496 329496 329496 329496 329496 329496 329496 329496 329496 329496 329496 329496 329496 329496 329496 329496 329496 329496 329496 329496 329496 329496 329496 329496 329496 329496 329496 329496 329496 329496 329496 329496 329496 329496 329496 329496 329496 329496 329496 329496 329496 329496 329496 329496 329496 329496 329496 329496 329496 329496 0 0 0 0 0 0 0 0 0 0 0 0 0 0 0 0 0 0 0 0 0 0 0 0 0
#obs survey bio
 7854.12 9254.89 9838.08 11160.7 39126 30776.6 27329.5 35093.8 51517 54332.2 63638.1 76757.9 163372 209693 93644.1 94767.4 101164 108064 130625 118028 137547 126844 179121 141124 145980 178308 125482 102368 135295
#pred catch bio
 4574.59 4265.17 6326.52 7424.27 9708.36 18915.5 18606.5 21422.6 29421 38213.1 46587.4 61972.6 81755.2 118168 101521 95893.7 81632.3 83211.5 82199.8 75431.6 80779 86349.3 96406.6 100385 112481 110994 115900 100450 134543 54047.7 65052.4 29914.4 13384.5 7864.34 6236.31 5791.01 5675.29 5646.28 5639.21 5637.51 5637.11 5637.02 5637 5636.99 5636.99 5636.99 5636.99 5636.99 5636.99 5636.99 5636.99 5636.99 5636.99 5636.99 5636.99 5636.99 5636.99 5636.99 5636.99 5636.99 5636.99 5636.99 5636.99 5636.99 5636.99 5636.99 5636.99 5636.99 5636.99 5636.99 5636.99 5636.99 5636.99 5636.99 5636.99 5636.99 5636.99 5636.99 5636.99 5636.99 5636.99 5636.99 5636.99 5636.99 5636.99 5636.99 5636.99 5636.99 5636.99 5636.99 5636.99 5636.99 5636.99 5636.99 5636.99 5636.99 5636.99 5636.99 5636.99 5636.99 5636.99 5636.99 5636.99 5636.99 5636.99 5636.99 5636.99 5636.99 5636.99 5636.99 5636.99 5636.99 5636.99 5636.99 5636.99 5636.99 5636.99 5636.99 5636.99 5636.99 5636.99 5636.99 5636.99 5636.99 5636.99 5636.99 5636.99 5636.99 5636.99 0 0 0 0 0 0 0 0 0 0 0 0 0 0 0 0 0 0 0 0 0 0 0 0 0
#obs catch bio
 4687.19 4279.62 6364.11 7533.57 9438.09 18592.1 18743.4 21159 29238.9 38379.9 47054.8 62183.1 80722 115485 102122 98419.2 81204.5 82220.4 81535.1 73655.4 79463 85229.1 93340.1 98837.2 109722 108285 114494 99461.4 134862
#pred cpue bio
 7419.1 6716.44 8869.03 10483.3 15962.8 26049.9 25475.5 28479.8 37654.6 46234.6 56177.7 75799.6 105147 135345 119634 106030 93811.1 94780.3 90268.6 83792.2 86869.6 92200.9 100791 104840 112220 112368 113853 107784 126253 3.97057e+06 3.06833e+06 1.64243e+06 849963 526509 395754 338942 311828 297871 290352 286212 283913 282633 281921 281525 281303 281183 281117 281081 281062 281051 281045 281042 281040 281039 281039 281038 281038 281038 281038 281038 281038 281038 281038 281038 281038 281038 281038 281038 281038 281038 281038 281038 281038 281038 281038 281038 281038 281038 281038 281038 281038 281038 281038 281038 281038 281038 281038 281038 281038 281038 281038 281038 281038 281038 281038 281038 281038 281038 281038 281038 281038 281038 281038 281038 281038 281038 281038 281038 281038 281038 281038 281038 281038 281038 281038 281038 281038 281038 281038 281038 281038 281038 281038 281038 281038 281038 281038 281038 281038 0 0 0 0 0 0 0 0 0 0 0 0 0 0 0 0 0 0 0 0 0 0 0 0 0
#obs cpue bio
 7492.66 5852.19 8710.96 10575.1 25408.3 22848.6 28197.4 39886 39500.3 44881.2 55658.5 102503 129825 186607 131769 105076 146954 139856 95182.6 128654 91772.9 111462 148259 120256 191336 142165 162654 170081 171252
#pred surv len freq
 2.56829e-27 2.60216e-27 4.52874e-26 9.0138e-20 2.20962e-14 6.54751e-10 2.34521e-06 0.00101539 0.0531416 0.336188 0.257289 0.0365656 0.0975619 0.0901293 0.0239864 0.032373 0.0153118 0.0136996 0.0093265 0.00770348 0.00645297 0.00586793 0.00612526 0.00555239 0.00170725
 2.57087e-27 2.60882e-27 5.07194e-26 1.01595e-19 2.49049e-14 7.37977e-10 2.64331e-06 0.00114445 0.0598965 0.378921 0.289958 0.0390453 0.0934825 0.0859828 0.0166354 0.0163878 0.00639884 0.00409245 0.00229541 0.00160978 0.00117752 0.000953148 0.000903493 0.000830937 0.000281216
 2.57065e-27 2.60816e-27 5.00601e-26 1.00204e-19 2.45638e-14 7.27871e-10 2.60711e-06 0.00112878 0.0590762 0.373732 0.28601 0.0399483 0.103129 0.0948302 0.0172788 0.0155668 0.00520422 0.00207927 0.000852651 0.000432801 0.000250098 0.000169907 0.000139994 0.000123953 4.37421e-05
 2.5704e-27 2.60749e-27 4.94501e-26 9.89172e-20 2.42484e-14 7.18522e-10 2.57363e-06 0.00111428 0.0583175 0.368932 0.28235 0.0402135 0.107719 0.0990663 0.0180443 0.0162375 0.00527403 0.00183364 0.000572432 0.000178067 6.64804e-05 3.29907e-05 2.1809e-05 1.74532e-05 6.17368e-06
 2.57291e-27 2.61428e-27 5.54653e-26 1.11607e-19 2.73591e-14 8.10699e-10 2.90379e-06 0.00125723 0.0657988 0.416261 0.318461 0.0384181 0.0686851 0.0630517 0.0117725 0.0109927 0.00357229 0.00123819 0.000365989 9.18896e-05 2.04003e-05 5.70782e-06 2.51677e-06 1.64902e-06 5.61653e-07
 2.56954e-27 2.60508e-27 4.72608e-26 9.42986e-20 2.31162e-14 6.84973e-10 2.45346e-06 0.00106225 0.0555946 0.351706 0.269215 0.0414113 0.126062 0.115867 0.0187383 0.0135902 0.00446258 0.00164902 0.000490447 0.000120574 2.25053e-05 3.64451e-06 7.68051e-07 3.31605e-07 1.02328e-07
 2.56918e-27 2.60423e-27 4.66149e-26 9.29363e-20 2.27822e-14 6.75078e-10 2.41802e-06 0.00104691 0.0547914 0.346625 0.265323 0.040623 0.122798 0.113098 0.0226506 0.0231979 0.00718498 0.00191815 0.000563208 0.000145567 2.69373e-05 3.70338e-06 3.96436e-07 7.26605e-08 1.75056e-08
 2.5717e-27 2.61104e-27 5.26335e-26 1.05633e-19 2.58947e-14 7.67305e-10 2.74836e-06 0.00118993 0.0622769 0.39398 0.301456 0.0389758 0.0848763 0.0780488 0.0154382 0.015598 0.00528033 0.00214567 0.000588487 0.000117159 2.18735e-05 3.03221e-06 2.61049e-07 1.84711e-08 2.27949e-09
 2.5712e-27 2.60961e-27 5.12844e-26 1.02787e-19 2.51969e-14 7.4663e-10 2.6743e-06 0.00115787 0.0605988 0.383365 0.293367 0.0400579 0.0987937 0.0907377 0.0148944 0.0111505 0.00373735 0.00150205 0.000481633 0.000130421 2.04728e-05 2.53056e-06 2.16297e-07 1.03012e-08 4.35025e-10
 2.57134e-27 2.60998e-27 5.16208e-26 1.03496e-19 2.53709e-14 7.51785e-10 2.69277e-06 0.00116587 0.0610172 0.386011 0.295385 0.0398631 0.0958933 0.0880968 0.0150798 0.0122206 0.00378989 0.00104382 0.000318823 9.0165e-05 1.85324e-05 2.35527e-06 1.72571e-07 7.59821e-09 1.6734e-10
 2.57191e-27 2.61151e-27 5.29647e-26 1.06331e-19 2.60659e-14 7.72378e-10 2.76653e-06 0.0011978 0.0626886 0.396585 0.303454 0.0395712 0.0880028 0.0807888 0.0133016 0.0100067 0.00314668 0.000938211 0.000251406 5.19613e-05 1.05143e-05 1.61582e-06 1.32219e-07 5.12925e-09 9.34181e-11
 2.57224e-27 2.61241e-27 5.37501e-26 1.07988e-19 2.6472e-14 7.84413e-10 2.80964e-06 0.00121647 0.0636654 0.402765 0.308171 0.0394275 0.0835956 0.0767027 0.0122315 0.00859067 0.00265732 0.000727451 0.000197975 4.17691e-05 6.52151e-06 8.70002e-07 8.21511e-08 3.56914e-09 5.88013e-11
 2.57192e-27 2.61153e-27 5.29623e-26 1.06326e-19 2.60646e-14 7.72341e-10 2.76639e-06 0.00119774 0.0626856 0.396566 0.303442 0.0397247 0.0891798 0.0818429 0.0129097 0.00884132 0.00270112 0.000685084 0.00017945 3.55212e-05 5.63575e-06 6.39179e-07 4.99767e-08 2.39354e-09 4.33572e-11
 2.57081e-27 2.60853e-27 5.0318e-26 1.00748e-19 2.46972e-14 7.31822e-10 2.62126e-06 0.00113491 0.0593969 0.375761 0.287567 0.040429 0.105693 0.0971024 0.015999 0.0120458 0.0036747 0.000910964 0.000232577 4.27849e-05 6.37921e-06 7.03237e-07 4.84887e-08 1.95282e-09 3.75226e-11
 2.57002e-27 2.60639e-27 4.84228e-26 9.67499e-20 2.37171e-14 7.02779e-10 2.51724e-06 0.00108987 0.0570397 0.360849 0.27619 0.0409981 0.118017 0.108473 0.0179606 0.0136614 0.0042247 0.00114113 0.000293009 5.2448e-05 7.39569e-06 7.5571e-07 4.93415e-08 1.75872e-09 2.92417e-11
 2.57062e-27 2.60804e-27 4.99115e-26 9.98906e-20 2.4487e-14 7.25593e-10 2.59895e-06 0.00112525 0.0588914 0.372563 0.285123 0.0402759 0.106246 0.097674 0.0172126 0.0146755 0.00455792 0.00125057 0.000329926 6.34219e-05 8.88923e-06 8.64434e-07 5.20909e-08 1.72694e-09 2.54084e-11
 2.57131e-27 2.60988e-27 5.15064e-26 1.03255e-19 2.53117e-14 7.50032e-10 2.68649e-06 0.00116315 0.0608749 0.385111 0.294701 0.0400822 0.0980416 0.0900336 0.0145951 0.0106315 0.00336806 0.00104784 0.000282081 5.53483e-05 8.18881e-06 8.22241e-07 4.74843e-08 1.45362e-09 1.96568e-11
 2.57087e-27 2.60869e-27 5.04463e-26 1.01019e-19 2.47635e-14 7.33786e-10 2.6283e-06 0.00113795 0.0595564 0.37677 0.288338 0.0404561 0.105357 0.0967758 0.0156307 0.0112895 0.00346751 0.000906196 0.000248556 5.4274e-05 8.26739e-06 8.66855e-07 5.22775e-08 1.55194e-09 1.94249e-11
 2.57099e-27 2.60901e-27 5.07462e-26 1.01651e-19 2.49186e-14 7.38383e-10 2.64476e-06 0.00114508 0.0599295 0.37913 0.290137 0.0402871 0.102807 0.0944417 0.0155672 0.0117322 0.00359946 0.000926666 0.000239812 4.5798e-05 7.42069e-06 8.35283e-07 5.26126e-08 1.6281e-09 1.9951e-11
 2.57136e-27 2.61001e-27 5.16176e-26 1.0349e-19 2.53692e-14 7.51735e-10 2.69259e-06 0.00116579 0.0610131 0.385986 0.29537 0.0401161 0.0978302 0.0898269 0.0143496 0.0101177 0.00312094 0.00083765 0.000217163 4.0231e-05 5.84488e-06 6.408e-07 4.37025e-08 1.42498e-09 1.81314e-11
 2.57171e-27 2.61097e-27 5.24644e-26 1.05276e-19 2.58071e-14 7.64711e-10 2.73907e-06 0.00118591 0.0620663 0.392648 0.300453 0.0398767 0.0924366 0.0848479 0.0134357 0.00928425 0.0028306 0.000707158 0.000183702 3.52158e-05 5.05189e-06 5.10215e-07 3.27933e-08 1.13584e-09 1.53177e-11
 2.57207e-27 2.61192e-27 5.32945e-26 1.07027e-19 2.62364e-14 7.77431e-10 2.78463e-06 0.00120564 0.0630987 0.39918 0.305438 0.039715 0.087704 0.0804607 0.0122964 0.00778926 0.00236094 0.000573193 0.000145181 2.62681e-05 3.82565e-06 3.89183e-07 2.33994e-08 7.62232e-10 1.06981e-11
 2.57198e-27 2.61168e-27 5.30735e-26 1.06561e-19 2.61221e-14 7.74045e-10 2.7725e-06 0.00120039 0.0628239 0.397441 0.304112 0.0398493 0.0896568 0.082248 0.0123473 0.00745324 0.00222741 0.000491568 0.000121627 2.13324e-05 2.96383e-06 2.95264e-07 1.79025e-08 5.52516e-10 7.33626e-12
 2.57201e-27 2.61177e-27 5.31516e-26 1.06726e-19 2.61625e-14 7.75241e-10 2.77678e-06 0.00120224 0.062921 0.398055 0.304581 0.0398426 0.0892771 0.0818944 0.0122264 0.00726569 0.00215529 0.000449207 0.000107321 1.72825e-05 2.31607e-06 2.2061e-07 1.29227e-08 3.97734e-10 5.05219e-12
 2.57223e-27 2.61236e-27 5.3673e-26 1.07826e-19 2.64321e-14 7.83232e-10 2.80541e-06 0.00121463 0.0635695 0.402158 0.307711 0.0396701 0.0857649 0.0786573 0.0117248 0.0069364 0.00205333 0.000420753 9.88488e-05 1.50332e-05 1.88302e-06 1.6743e-07 9.35144e-09 2.77052e-10 3.47242e-12
 2.57226e-27 2.61241e-27 5.37134e-26 1.07911e-19 2.6453e-14 7.8385e-10 2.80762e-06 0.00121559 0.0636197 0.402475 0.307955 0.039755 0.0862396 0.0790723 0.0113799 0.00604529 0.00178179 0.000359837 8.39658e-05 1.25252e-05 1.50902e-06 1.24832e-07 6.4364e-09 1.80185e-10 2.17081e-12
 2.572e-27 2.61172e-27 5.30986e-26 1.06614e-19 2.61351e-14 7.7443e-10 2.77388e-06 0.00120098 0.0628551 0.397638 0.304265 0.0399456 0.0902831 0.0828034 0.0120367 0.00660225 0.00192462 0.000349458 7.95247e-05 1.1697e-05 1.38933e-06 1.11056e-07 5.33688e-09 1.3735e-10 1.5528e-12
 2.57239e-27 2.61277e-27 5.40302e-26 1.08579e-19 2.66168e-14 7.88704e-10 2.82501e-06 0.00122312 0.0640137 0.404968 0.309857 0.0396417 0.0840413 0.0770488 0.0111142 0.00594763 0.001737 0.000322489 7.20674e-05 9.63579e-06 1.11025e-06 8.72425e-08 4.05901e-09 9.76644e-11 1.0147e-12
 2.57205e-27 2.61186e-27 5.32314e-26 1.06894e-19 2.62038e-14 7.76464e-10 2.78116e-06 0.00120414 0.0630203 0.398683 0.305061 0.0398288 0.088835 0.0814854 0.0121358 0.00716006 0.00209551 0.000388185 8.71388e-05 1.18247e-05 1.29393e-06 9.45005e-08 4.28557e-09 9.98004e-11 9.72683e-13
#obs surv len freq
 1.76382e-41 2.44806e-33 4.10713e-26 8.32919e-20 2.0418e-14 6.05023e-10 2.1671e-06 0.000938277 0.0491057 0.310657 0.237949 0.0440554 0.152348 0.129067 0.0364068 0.0279489 0.00836982 0.00259305 0.000498893 5.72646e-05 2.86326e-06 4.55322e-08 1.72123e-10 1.24625e-13 1.49403e-17
 2.17329e-41 3.01638e-33 5.0606e-26 1.02628e-19 2.5158e-14 7.45478e-10 2.67018e-06 0.0011561 0.0605055 0.382775 0.292989 0.0419993 0.0972884 0.0779061 0.0225648 0.0163766 0.00477464 0.0013919 0.000244615 2.44798e-05 1.01211e-06 1.26127e-08 3.57808e-11 1.88769e-14 1.62083e-18
 1.72332e-41 2.39186e-33 4.01284e-26 8.13796e-20 1.99492e-14 5.91132e-10 2.11734e-06 0.000916735 0.0479783 0.303525 0.232697 0.0512321 0.181837 0.13581 0.0265879 0.0141541 0.00398017 0.00108805 0.000175685 1.52415e-05 5.16627e-07 5.0166e-09 1.06721e-11 4.11295e-15 2.53644e-19
 2.09282e-41 2.9047e-33 4.87324e-26 9.88283e-20 2.42266e-14 7.17878e-10 2.57132e-06 0.00111329 0.0582654 0.368604 0.282291 0.0457951 0.113087 0.0811052 0.0279065 0.0177142 0.00335261 0.000660231 9.59835e-05 7.21978e-06 1.99832e-07 1.50363e-09 2.39205e-12 6.73694e-16 2.99156e-20
 2.37288e-41 3.2934e-33 5.52536e-26 1.12053e-19 2.74685e-14 8.13942e-10 2.91541e-06 0.00126227 0.0660622 0.417929 0.319927 0.0442909 0.0790084 0.0520022 0.011489 0.00595647 0.00169512 0.000340919 3.1899e-05 1.87644e-06 4.21243e-08 2.4529e-10 2.91221e-13 5.98803e-17 1.9157e-21
 1.32476e-41 1.83868e-33 3.08476e-26 6.25583e-20 1.53354e-14 4.54417e-10 1.62765e-06 0.000704715 0.036882 0.23333 0.179756 0.0711371 0.271547 0.165941 0.0277093 0.010581 0.00198456 0.00038301 4.11723e-05 1.70132e-06 2.66928e-08 1.17437e-10 1.04012e-13 1.56227e-17 3.60197e-22
 2.21258e-41 3.07092e-33 5.15211e-26 1.04484e-19 2.56129e-14 7.58958e-10 2.71846e-06 0.001177 0.0615996 0.389697 0.298508 0.046801 0.0892482 0.0566767 0.0353782 0.0181466 0.00244494 0.000294055 2.44114e-05 9.8197e-07 1.15107e-08 3.38964e-11 2.12833e-14 2.31675e-18 3.85284e-23
 1.9811e-41 2.74964e-33 4.61309e-26 9.35525e-20 2.29333e-14 6.79556e-10 2.43406e-06 0.00105386 0.055155 0.348929 0.267859 0.0611267 0.155964 0.0830969 0.0161753 0.00749004 0.00273965 0.00038785 1.95498e-05 5.34555e-07 5.21158e-09 1.16302e-11 4.92983e-15 3.63332e-19 4.22547e-24
 2.03108e-41 2.81901e-33 4.72947e-26 9.59127e-20 2.35119e-14 6.96699e-10 2.49546e-06 0.00108045 0.0565464 0.357732 0.274663 0.0613333 0.142546 0.0732908 0.0227632 0.00847628 0.00129799 0.00024791 1.92799e-05 3.80598e-07 2.32405e-09 3.81265e-12 1.2124e-15 6.27589e-20 4.92614e-25
 1.98252e-41 2.75161e-33 4.61639e-26 9.36195e-20 2.29497e-14 6.80042e-10 2.4358e-06 0.00105462 0.0551945 0.349181 0.268426 0.0669961 0.154169 0.0736389 0.0217892 0.00792196 0.00145205 0.000162878 1.08219e-05 2.72192e-07 1.41173e-09 1.48104e-12 3.1391e-16 1.16376e-20 6.57822e-26
 2.09654e-41 2.90986e-33 4.88189e-26 9.90037e-20 2.42696e-14 7.19153e-10 2.57589e-06 0.00111527 0.0583688 0.369263 0.283816 0.065928 0.133532 0.0603882 0.0197696 0.00656018 0.00112449 0.000125431 6.08765e-06 1.15064e-07 6.02278e-10 5.7142e-13 8.65647e-17 2.09077e-21 7.89261e-27
 2.05089e-41 2.84649e-33 4.77558e-26 9.68479e-20 2.37411e-14 7.03493e-10 2.5198e-06 0.00109098 0.0570978 0.361225 0.278097 0.0729494 0.145796 0.0604247 0.0171542 0.00518563 0.000883889 8.83914e-05 3.8184e-06 5.43111e-08 2.03871e-10 1.62632e-13 2.16397e-17 4.18694e-22 1.12936e-27
 1.99086e-41 2.76318e-33 4.63581e-26 9.40134e-20 2.30463e-14 6.82903e-10 2.44605e-06 0.00105905 0.0554267 0.350657 0.270516 0.0798494 0.155142 0.0615667 0.0196878 0.0052635 0.000758877 6.84033e-05 2.58402e-06 3.02136e-08 8.48387e-11 4.76018e-14 4.69465e-18 7.23299e-23 1.58231e-28
 1.87159e-41 2.59765e-33 4.35809e-26 8.83813e-20 2.16656e-14 6.41992e-10 2.29951e-06 0.000995609 0.0521062 0.329656 0.255281 0.0911357 0.174819 0.0664861 0.0227989 0.00583127 0.000824504 6.13706e-05 1.90805e-06 1.83257e-08 4.03565e-11 1.6826e-14 1.17496e-18 1.26914e-23 2.00309e-29
 1.68004e-41 2.33179e-33 3.91206e-26 7.93357e-20 1.94482e-14 5.76286e-10 2.06416e-06 0.000893712 0.0467733 0.295929 0.230725 0.106794 0.202423 0.0770286 0.0307296 0.00756406 0.00106272 7.26791e-05 1.85142e-06 1.37428e-08 2.34014e-11 7.41843e-15 3.83312e-19 2.97997e-24 3.31158e-30
 1.91486e-41 2.6577e-33 4.45884e-26 9.04244e-20 2.21665e-14 6.56834e-10 2.35267e-06 0.00101863 0.0533108 0.337287 0.261968 0.095278 0.154244 0.0608067 0.0279815 0.00701581 0.00102052 6.53331e-05 1.45384e-06 8.57094e-09 1.09126e-11 2.55921e-15 9.78001e-20 5.583e-25 4.50293e-31
 1.8597e-41 2.58115e-33 4.33041e-26 8.78198e-20 2.1528e-14 6.37914e-10 2.2849e-06 0.000989284 0.0517752 0.327585 0.255893 0.109693 0.169508 0.057295 0.0209353 0.00543291 0.000836609 5.24659e-05 1.04729e-06 5.1239e-09 5.06457e-12 8.78134e-16 2.42875e-20 1.00043e-25 5.83156e-32
 1.8345e-41 2.54617e-33 4.27173e-26 8.66297e-20 2.12363e-14 6.29269e-10 2.25394e-06 0.000975878 0.0510736 0.32316 0.253582 0.117105 0.168693 0.0582786 0.021953 0.00452665 0.000610992 3.78917e-05 6.9857e-07 2.91847e-09 2.31337e-12 3.07395e-16 6.29674e-21 1.87713e-26 7.82498e-33
 1.86876e-41 2.59371e-33 4.35149e-26 8.82474e-20 2.16328e-14 6.4102e-10 2.29603e-06 0.000994101 0.0520274 0.329207 0.259125 0.120938 0.159365 0.0539528 0.0199004 0.00400565 0.000457791 2.29904e-05 3.75288e-07 1.36011e-09 8.85464e-13 9.24847e-17 1.4424e-21 3.19841e-27 9.74296e-34
 1.94659e-41 2.70174e-33 4.53273e-26 9.1923e-20 2.25338e-14 6.67719e-10 2.39166e-06 0.00103551 0.0541943 0.34293 0.270319 0.121132 0.143986 0.0468391 0.0161588 0.00306666 0.000322737 1.33857e-05 1.69254e-07 4.94623e-10 2.62767e-13 2.18927e-17 2.6501e-22 4.4604e-28 1.01387e-34
 1.93927e-41 2.69158e-33 4.51568e-26 9.1577e-20 2.2449e-14 6.65206e-10 2.38266e-06 0.00103161 0.0539904 0.341668 0.271012 0.129887 0.142794 0.043528 0.0135296 0.00233023 0.000218561 7.78996e-06 7.78602e-08 1.70417e-10 6.83483e-14 4.38479e-18 4.10105e-23 5.2865e-29 9.08934e-36
 1.97991e-41 2.74799e-33 4.61032e-26 9.34963e-20 2.29195e-14 6.79148e-10 2.4326e-06 0.00105323 0.0551221 0.348853 0.277666 0.131727 0.132079 0.0399673 0.0116367 0.00175019 0.000139703 4.15683e-06 3.34272e-08 5.59676e-11 1.65072e-14 7.70601e-19 5.28962e-24 5.06135e-30 6.49902e-37
 1.9106e-41 2.65179e-33 4.44893e-26 9.02234e-20 2.21172e-14 6.55373e-10 2.34744e-06 0.00101636 0.0531925 0.336702 0.271359 0.147134 0.138494 0.0398758 0.0106535 0.00146934 9.87321e-05 2.34869e-06 1.48015e-08 1.9026e-11 4.20138e-15 1.43405e-19 7.08751e-25 4.85877e-31 4.48214e-38
 1.95669e-41 2.71575e-33 4.55624e-26 9.23996e-20 2.26507e-14 6.71181e-10 2.40406e-06 0.00104088 0.0544757 0.344859 0.27882 0.14575 0.125798 0.0381724 0.00980611 0.00120463 6.92426e-05 1.32069e-06 6.33856e-09 6.10211e-12 1.00136e-15 2.51705e-20 9.0653e-26 4.48301e-32 2.95942e-39
 1.92926e-41 2.67769e-33 4.49237e-26 9.11044e-20 2.23332e-14 6.61773e-10 2.37036e-06 0.00102629 0.0537123 0.340108 0.278319 0.156444 0.125058 0.0357088 0.00856201 0.00100812 4.97891e-05 7.63324e-07 2.80752e-09 1.99939e-12 2.39083e-16 4.36259e-21 1.1389e-26 4.0732e-33 1.93815e-40
 1.8745e-41 2.60169e-33 4.36487e-26 8.85187e-20 2.16993e-14 6.4299e-10 2.30309e-06 0.000997157 0.0521882 0.330575 0.275023 0.169254 0.127036 0.0361556 0.00790416 0.0008283 3.60541e-05 4.54724e-07 1.28842e-09 6.83111e-13 5.95276e-17 7.81625e-22 1.46059e-27 3.7351e-34 1.27131e-41
 1.79923e-41 2.49722e-33 4.1896e-26 8.49642e-20 2.0828e-14 6.17171e-10 2.21061e-06 0.000957117 0.0500931 0.317471 0.269974 0.183887 0.130832 0.0381532 0.00786399 0.000738813 2.70354e-05 2.7934e-07 6.23196e-10 2.49155e-13 1.59356e-17 1.51351e-22 2.0276e-28 3.6962e-35 8.94e-43
 1.83071e-41 2.54091e-33 4.26291e-26 8.64509e-20 2.11924e-14 6.2797e-10 2.24929e-06 0.000973864 0.0509701 0.323137 0.276712 0.181908 0.121406 0.036918 0.00731751 0.000635227 1.97104e-05 1.62708e-07 2.81855e-10 8.58282e-14 4.09219e-18 2.84321e-23 2.75088e-29 3.59364e-36 6.19902e-44
 1.83079e-41 2.54101e-33 4.26307e-26 8.64542e-20 2.11932e-14 6.27994e-10 2.24937e-06 0.000973902 0.0509721 0.32315 0.276728 0.182174 0.122359 0.0363178 0.00676955 0.000538151 1.47482e-05 1.04265e-07 1.51159e-10 3.7945e-14 1.47709e-18 8.32471e-24 6.50346e-30 6.8373e-37 9.46918e-45
#pred catch len freq
 2.56635e-27 2.59699e-27 4.08331e-26 8.07417e-20 1.97929e-14 5.86498e-10 2.10074e-06 0.000909539 0.047602 0.301143 0.230533 0.0368416 0.11846 0.109512 0.0291149 0.0392638 0.0185353 0.0165407 0.0112526 0.00929096 0.00778191 0.0070762 0.00738649 0.00669566 0.00205878
 2.56923e-27 2.60438e-27 4.68182e-26 9.33656e-20 2.28874e-14 6.78196e-10 2.42918e-06 0.00105174 0.0550445 0.348226 0.266535 0.0399743 0.117009 0.107713 0.0208289 0.0205042 0.00799507 0.00509782 0.00285719 0.00200292 0.00146491 0.00118575 0.00112397 0.00103371 0.00034984
 2.56919e-27 2.60419e-27 4.65474e-26 9.27939e-20 2.27473e-14 6.74044e-10 2.41431e-06 0.0010453 0.0547075 0.346094 0.264923 0.0409528 0.125589 0.11556 0.0210137 0.0188727 0.00630345 0.00250943 0.00102823 0.000521642 0.000301394 0.000204748 0.0001687 0.00014937 5.27116e-05
 2.5689e-27 2.6034e-27 4.58356e-26 9.12922e-20 2.23792e-14 6.63135e-10 2.37524e-06 0.00102839 0.0538221 0.340493 0.260651 0.0412658 0.130972 0.120528 0.021911 0.0196581 0.00637974 0.00221005 0.000689453 0.000214329 8.00048e-05 3.97003e-05 2.62443e-05 2.10026e-05 7.42921e-06
 2.57154e-27 2.61057e-27 5.21865e-26 1.0469e-19 2.56635e-14 7.60455e-10 2.72382e-06 0.00117931 0.0617209 0.390463 0.298776 0.0393421 0.0895463 0.082313 0.0153763 0.0143675 0.00466568 0.00161179 0.000476118 0.000119463 2.65171e-05 7.41873e-06 3.27113e-06 2.14329e-06 7.29998e-07
 2.56802e-27 2.60093e-27 4.35767e-26 8.65266e-20 2.1211e-14 6.28519e-10 2.25125e-06 0.000974705 0.0510125 0.322719 0.2471 0.0425947 0.150605 0.138494 0.0223536 0.0161436 0.00529606 0.00194989 0.000579553 0.000142387 2.65721e-05 4.30277e-06 9.06757e-07 3.91491e-07 1.20808e-07
 2.56765e-27 2.60007e-27 4.29482e-26 8.52012e-20 2.0886e-14 6.18891e-10 2.21676e-06 0.000959774 0.0502311 0.317776 0.24331 0.0416223 0.145869 0.13441 0.0268377 0.0273839 0.00847599 0.0022543 0.000661351 0.000170824 3.16057e-05 4.34489e-06 4.65098e-07 8.52447e-08 2.05374e-08
 2.57045e-27 2.60766e-27 4.96495e-26 9.93382e-20 2.43516e-14 7.21581e-10 2.58458e-06 0.00111902 0.0585657 0.370503 0.283542 0.0397787 0.103573 0.0953187 0.0188 0.0189248 0.00640008 0.00259135 0.000710334 0.000141319 2.63787e-05 3.65649e-06 3.14788e-07 2.22734e-08 2.74873e-09
 2.56997e-27 2.60626e-27 4.83126e-26 9.65175e-20 2.36601e-14 7.01091e-10 2.51119e-06 0.00108725 0.0569027 0.359982 0.275528 0.0410011 0.118505 0.108912 0.0178298 0.0132743 0.00444445 0.00177964 0.00057026 0.000154325 2.42216e-05 2.99366e-06 2.55875e-07 1.2186e-08 5.14623e-10
 2.57024e-27 2.60699e-27 4.89683e-26 9.79009e-20 2.39992e-14 7.1114e-10 2.54718e-06 0.00110283 0.0577183 0.365142 0.279463 0.0406933 0.113399 0.104242 0.0177775 0.0143096 0.00443433 0.0012165 0.000371242 0.000104923 2.15622e-05 2.74014e-06 2.00767e-07 8.83961e-09 1.9468e-10
 2.57086e-27 2.60867e-27 5.04406e-26 1.01007e-19 2.47606e-14 7.337e-10 2.62799e-06 0.00113782 0.0595494 0.376726 0.288303 0.0403819 0.104818 0.0962922 0.0158016 0.0118065 0.00370955 0.00110173 0.000295009 6.09303e-05 1.23266e-05 1.89422e-06 1.54997e-07 6.01284e-09 1.09511e-10
 2.5712e-27 2.60958e-27 5.12341e-26 1.02681e-19 2.51709e-14 7.45859e-10 2.67154e-06 0.00115668 0.0605362 0.382969 0.293068 0.040254 0.100497 0.0922815 0.014674 0.0102401 0.00316511 0.000863105 0.000234708 4.94855e-05 7.72485e-06 1.03044e-06 9.72992e-08 4.22725e-09 6.96435e-11
 2.57075e-27 2.60835e-27 5.0132e-26 1.00356e-19 2.4601e-14 7.2897e-10 2.61105e-06 0.00113048 0.0591655 0.374297 0.286453 0.0406604 0.108237 0.0994083 0.0156453 0.0106587 0.00325414 0.000822217 0.000215198 4.25679e-05 6.75245e-06 7.65768e-07 5.98732e-08 2.8675e-09 5.19425e-11
 2.56981e-27 2.60579e-27 4.78862e-26 9.56178e-20 2.34396e-14 6.94556e-10 2.48778e-06 0.00107712 0.0563723 0.356627 0.272969 0.0412203 0.121971 0.112109 0.0183913 0.0137243 0.00418353 0.00103289 0.000263484 4.84361e-05 7.2203e-06 7.95891e-07 5.48761e-08 2.21005e-09 4.2465e-11
 2.56891e-27 2.60335e-27 4.57265e-26 9.10619e-20 2.23227e-14 6.61462e-10 2.36925e-06 0.00102579 0.0536863 0.339635 0.260004 0.04187 0.136024 0.125074 0.0206233 0.0155555 0.00480655 0.00129307 0.000331765 5.93431e-05 8.36624e-06 8.54808e-07 5.58105e-08 1.98929e-09 3.30752e-11
 2.5697e-27 2.60555e-27 4.77046e-26 9.5235e-20 2.33457e-14 6.91775e-10 2.47782e-06 0.0010728 0.0561466 0.355199 0.271875 0.0409647 0.120795 0.111093 0.0194673 0.0164403 0.00510174 0.00139398 0.000367464 7.05882e-05 9.89172e-06 9.61837e-07 5.79589e-08 1.92147e-09 2.82704e-11
 2.57032e-27 2.60719e-27 4.91204e-26 9.82215e-20 2.40778e-14 7.13469e-10 2.55553e-06 0.00110645 0.0579073 0.366338 0.280379 0.0408616 0.114035 0.104777 0.0169168 0.0122163 0.00386651 0.0011981 0.000322301 6.31958e-05 9.34803e-06 9.38561e-07 5.42005e-08 1.6592e-09 2.24368e-11
 2.56988e-27 2.60599e-27 4.80516e-26 9.59669e-20 2.35251e-14 6.97091e-10 2.49686e-06 0.00108105 0.0565781 0.357928 0.273964 0.0412451 0.121461 0.111619 0.017952 0.0128472 0.00394273 0.00102619 0.000281227 6.13661e-05 9.34601e-06 9.79869e-07 5.90918e-08 1.75422e-09 2.19567e-11
 2.5701e-27 2.60659e-27 4.85975e-26 9.71184e-20 2.38074e-14 7.05456e-10 2.52683e-06 0.00109402 0.057257 0.362223 0.277239 0.0409895 0.117215 0.107724 0.0176688 0.0131819 0.00404088 0.001036 0.000267881 5.11218e-05 8.28159e-06 9.32116e-07 5.87105e-08 1.81679e-09 2.22632e-11
 2.57046e-27 2.60755e-27 4.9431e-26 9.88767e-20 2.42384e-14 7.18228e-10 2.57257e-06 0.00111383 0.0582936 0.368781 0.282244 0.0408427 0.112581 0.103422 0.0164497 0.0114851 0.0035397 0.000946148 0.000245095 4.53734e-05 6.59064e-06 7.22498e-07 4.92732e-08 1.60661e-09 2.04424e-11
 2.57091e-27 2.60877e-27 5.05084e-26 1.0115e-19 2.47956e-14 7.34738e-10 2.63171e-06 0.00113943 0.0596336 0.377258 0.288712 0.0405332 0.105681 0.0970535 0.0152977 0.0104583 0.00318588 0.000792605 0.00020572 3.94088e-05 5.65228e-06 5.70802e-07 3.66866e-08 1.27068e-09 1.7136e-11
 2.57129e-27 2.60981e-27 5.1414e-26 1.0306e-19 2.52639e-14 7.48615e-10 2.68141e-06 0.00116095 0.0607599 0.384384 0.29415 0.04036 0.100543 0.0922893 0.0140449 0.00879911 0.00266479 0.000644274 0.000163042 2.94786e-05 4.29234e-06 4.36622e-07 2.6251e-08 8.55117e-10 1.20018e-11
 2.57125e-27 2.60968e-27 5.12982e-26 1.02816e-19 2.5204e-14 7.46841e-10 2.67506e-06 0.0011582 0.0606159 0.383473 0.293456 0.0404672 0.101846 0.0934763 0.0139729 0.00833385 0.00248855 0.000546895 0.000135188 2.36938e-05 3.29121e-06 3.2785e-07 1.98778e-08 6.13474e-10 8.14564e-12
 2.57129e-27 2.60978e-27 5.13843e-26 1.02997e-19 2.52485e-14 7.48159e-10 2.67978e-06 0.00116024 0.0607229 0.38415 0.293973 0.0404601 0.101429 0.0930881 0.0138391 0.00812533 0.00240839 0.000499861 0.000119307 1.91985e-05 2.57226e-06 2.44992e-07 1.43505e-08 4.41677e-10 5.61036e-12
 2.57162e-27 2.61069e-27 5.21902e-26 1.04698e-19 2.56653e-14 7.6051e-10 2.72402e-06 0.0011794 0.0617253 0.390491 0.298811 0.0401919 0.0959886 0.0880737 0.013067 0.0076265 0.00225575 0.000460262 0.000108023 1.64164e-05 2.05579e-06 1.82774e-07 1.02082e-08 3.02433e-10 3.79053e-12
 2.57161e-27 2.61065e-27 5.21403e-26 1.04592e-19 2.56395e-14 7.59744e-10 2.72128e-06 0.00117821 0.0616632 0.390098 0.298513 0.0403177 0.0971555 0.0891242 0.012775 0.00669607 0.00197194 0.000396555 9.24412e-05 1.37794e-05 1.65974e-06 1.37287e-07 7.07837e-09 1.98156e-10 2.38731e-12
 2.57142e-27 2.61014e-27 5.16922e-26 1.03647e-19 2.54078e-14 7.52878e-10 2.69668e-06 0.00116756 0.0611059 0.386573 0.295823 0.0404496 0.100049 0.0917964 0.013283 0.00718019 0.0020914 0.000378121 8.59513e-05 1.26329e-05 1.50014e-06 1.19902e-07 5.76183e-09 1.48285e-10 1.67642e-12
 2.57162e-27 2.61067e-27 5.21558e-26 1.04625e-19 2.56475e-14 7.59981e-10 2.72213e-06 0.00117858 0.0616824 0.39022 0.298606 0.0403073 0.0970113 0.0889934 0.0127936 0.00677011 0.00197577 0.00036533 8.15574e-05 1.08967e-05 1.25522e-06 9.86247e-08 4.58845e-09 1.10402e-10 1.14704e-12
 2.5716e-27 2.61062e-27 5.21252e-26 1.0456e-19 2.56317e-14 7.59513e-10 2.72045e-06 0.00117785 0.0616444 0.389979 0.298421 0.040225 0.0965153 0.0885578 0.0131167 0.00761636 0.00222718 0.000410774 9.21075e-05 1.24897e-05 1.36636e-06 9.978e-08 4.52486e-09 1.05372e-10 1.02698e-12
#obs catch len freq
 1.75519e-41 2.43609e-33 4.08704e-26 8.28844e-20 2.03181e-14 6.02064e-10 2.15649e-06 0.000933687 0.0488655 0.309137 0.23679 0.0441348 0.153632 0.130137 0.0365174 0.0279998 0.00853913 0.00270696 0.000536718 6.3827e-05 3.32177e-06 5.52401e-08 2.18673e-10 1.65113e-13 2.0515e-17
 1.76633e-41 2.45155e-33 4.11299e-26 8.34107e-20 2.04471e-14 6.05886e-10 2.17019e-06 0.000939615 0.0491757 0.3111 0.238347 0.0460078 0.156135 0.125221 0.0362706 0.0263372 0.0077215 0.00228325 0.000413668 4.28686e-05 1.84182e-06 2.38599e-08 7.03568e-11 3.85321e-14 3.42355e-18
 2.18154e-41 3.02783e-33 5.07982e-26 1.03018e-19 2.52536e-14 7.4831e-10 2.68032e-06 0.00116049 0.0607353 0.384229 0.294142 0.0432873 0.0986747 0.0746165 0.02223 0.0151743 0.00433433 0.00119821 0.000197079 1.76515e-05 6.20957e-07 6.25123e-09 1.37533e-11 5.46955e-15 3.47405e-19
 1.73992e-41 2.4149e-33 4.05149e-26 8.21634e-20 2.01414e-14 5.96826e-10 2.13773e-06 0.000925565 0.0484404 0.306449 0.235022 0.0537484 0.183534 0.128787 0.0254849 0.0129638 0.00357344 0.000921455 0.000138248 1.06337e-05 3.03751e-07 2.36412e-09 3.87947e-12 1.12336e-15 5.11528e-20
 2.11279e-41 2.93241e-33 4.91973e-26 9.97711e-20 2.44577e-14 7.24727e-10 2.59585e-06 0.00112391 0.0588212 0.37212 0.285041 0.0474007 0.112873 0.0762376 0.0270851 0.0157976 0.00287406 0.000544899 7.32643e-05 4.83946e-06 1.11773e-07 6.69106e-10 8.16986e-13 1.72347e-16 5.6407e-21
 2.38943e-41 3.31637e-33 5.56391e-26 1.12835e-19 2.76601e-14 8.19621e-10 2.93575e-06 0.00127108 0.0665231 0.420845 0.322203 0.0453714 0.0779312 0.0480068 0.0108033 0.00528643 0.00146394 0.000267673 2.324e-05 1.20603e-06 2.23977e-08 1.03001e-10 9.34119e-14 1.43445e-17 3.37639e-22
 1.35923e-41 1.88652e-33 3.16503e-26 6.41863e-20 1.57345e-14 4.66242e-10 1.67e-06 0.000723054 0.0378418 0.239402 0.184607 0.0755619 0.270557 0.154118 0.0258591 0.00929824 0.00169173 0.00030772 2.94474e-05 1.05304e-06 1.3743e-08 4.75635e-11 3.20355e-14 3.58334e-18 6.06801e-23
 2.24154e-41 3.11111e-33 5.21954e-26 1.05851e-19 2.59482e-14 7.68892e-10 2.75405e-06 0.00119241 0.0624058 0.394798 0.302478 0.0481896 0.0871137 0.0526231 0.0335951 0.0153925 0.00196776 0.000222927 1.68996e-05 5.77549e-07 5.51145e-09 1.27777e-11 6.098e-15 4.93211e-19 6.01408e-24
 2.01864e-41 2.80174e-33 4.7005e-26 9.53251e-20 2.33678e-14 6.92432e-10 2.48018e-06 0.00107383 0.0562 0.355541 0.273058 0.0634779 0.151518 0.0750957 0.0148355 0.00662437 0.00227817 0.000282008 1.28181e-05 3.03174e-07 2.3928e-09 4.14932e-12 1.33371e-15 7.30418e-20 6.22136e-25
 2.0705e-41 2.87371e-33 4.82125e-26 9.7774e-20 2.39681e-14 7.1022e-10 2.54389e-06 0.00110142 0.0576438 0.364676 0.280123 0.0635124 0.137551 0.0662101 0.0208893 0.0070341 0.00105779 0.000187292 1.22933e-05 2.0276e-07 1.01132e-09 1.29094e-12 3.09674e-16 1.18879e-20 6.83644e-26
 2.02609e-41 2.81208e-33 4.71785e-26 9.56771e-20 2.34541e-14 6.94988e-10 2.48933e-06 0.0010778 0.0564076 0.356857 0.274485 0.069387 0.147988 0.0661159 0.0198076 0.00660206 0.00114625 0.000116869 6.94686e-06 1.41921e-07 5.80884e-10 4.72985e-13 7.58135e-17 2.08157e-21 8.61106e-27
 2.13945e-41 2.96942e-33 4.98181e-26 1.0103e-19 2.47664e-14 7.33872e-10 2.62861e-06 0.0011381 0.0595635 0.376823 0.289782 0.0678693 0.126906 0.0538454 0.0177345 0.00537006 0.000874645 8.73913e-05 3.69165e-06 5.82222e-08 2.39021e-10 1.7262e-13 1.96414e-17 3.51574e-22 9.71003e-28
 2.09657e-41 2.9099e-33 4.88196e-26 9.90051e-20 2.42699e-14 7.19163e-10 2.57592e-06 0.00111529 0.0583696 0.369273 0.284491 0.0750866 0.137978 0.0535074 0.0152136 0.00422262 0.000677086 6.03944e-05 2.24125e-06 2.61421e-08 7.74877e-11 4.70652e-14 4.66601e-18 6.6578e-23 1.31466e-28
 2.04138e-41 2.8333e-33 4.75346e-26 9.63992e-20 2.36311e-14 7.00233e-10 2.50812e-06 0.00108593 0.0568333 0.359558 0.277623 0.0821184 0.146121 0.0545368 0.0172939 0.00420899 0.000570621 4.57499e-05 1.46949e-06 1.39447e-08 3.06113e-11 1.30635e-14 9.59649e-19 1.08606e-23 1.73213e-29
 1.92744e-41 2.67516e-33 4.48813e-26 9.10184e-20 2.23121e-14 6.61148e-10 2.36812e-06 0.00102532 0.053661 0.339497 0.263217 0.093853 0.164425 0.0590974 0.0199184 0.00465489 0.00060879 3.99774e-05 1.05377e-06 8.15099e-09 1.39322e-11 4.39464e-15 2.28082e-19 1.80804e-24 2.07539e-30
 1.7437e-41 2.42014e-33 4.06028e-26 8.23417e-20 2.01851e-14 5.98122e-10 2.14238e-06 0.000927574 0.0485456 0.307147 0.239889 0.110253 0.190456 0.0691785 0.0267458 0.00603148 0.000776968 4.63416e-05 9.88224e-07 5.88347e-09 7.74253e-12 1.84905e-15 7.08039e-20 4.03416e-25 3.25956e-31
 1.97417e-41 2.74001e-33 4.59694e-26 9.3225e-20 2.2853e-14 6.77176e-10 2.42554e-06 0.00105017 0.0549619 0.347738 0.270449 0.0973927 0.14346 0.0546238 0.0240023 0.0055478 0.000730069 4.0425e-05 7.4378e-07 3.48197e-09 3.41086e-12 6.01095e-16 1.69837e-20 7.09277e-26 4.15523e-32
 1.92117e-41 2.66645e-33 4.47353e-26 9.07223e-20 2.22395e-14 6.58997e-10 2.36042e-06 0.00102198 0.0534864 0.33842 0.26482 0.111865 0.156885 0.0507235 0.0178437 0.00430596 0.000593107 3.18388e-05 5.19301e-07 1.99857e-09 1.50949e-12 1.95966e-16 4.00009e-21 1.20371e-26 5.0899e-33
 1.89857e-41 2.63508e-33 4.4209e-26 8.9655e-20 2.19779e-14 6.51244e-10 2.33265e-06 0.00100996 0.0528572 0.334456 0.262968 0.119046 0.155537 0.0517839 0.0183826 0.0035067 0.000428598 2.25684e-05 3.35939e-07 1.09333e-09 6.57796e-13 6.516e-17 9.82613e-22 2.13732e-27 6.45856e-34
 1.93265e-41 2.68239e-33 4.50027e-26 9.12645e-20 2.23724e-14 6.62935e-10 2.37453e-06 0.00102809 0.0538061 0.340476 0.268557 0.122351 0.146105 0.047783 0.0165109 0.00305642 0.000310887 1.33205e-05 1.74813e-07 4.8913e-10 2.40045e-13 1.86051e-17 2.12989e-22 3.43999e-28 7.58945e-35
 2.00811e-41 2.78713e-33 4.67598e-26 9.4828e-20 2.3246e-14 6.88821e-10 2.46724e-06 0.00106823 0.0559071 0.353784 0.279453 0.1218 0.131053 0.0411719 0.0132335 0.00230619 0.000213611 7.45304e-06 7.56263e-08 1.70241e-10 6.7826e-14 4.17429e-18 3.69716e-23 4.5229e-29 7.43611e-36
 2.00153e-41 2.77799e-33 4.66065e-26 9.45171e-20 2.31698e-14 6.86562e-10 2.45916e-06 0.00106473 0.0557239 0.352658 0.280379 0.130052 0.129329 0.0379747 0.0109465 0.00172471 0.000141483 4.19621e-06 3.33202e-08 5.59774e-11 1.68069e-14 7.94214e-19 5.41872e-24 5.06483e-30 6.28815e-37
 2.041e-41 2.83278e-33 4.75257e-26 9.63812e-20 2.36267e-14 7.00103e-10 2.50766e-06 0.00108573 0.056823 0.359642 0.286926 0.131211 0.119009 0.0346722 0.00927057 0.00126804 8.79975e-05 2.16301e-06 1.37102e-08 1.75101e-11 3.85424e-15 1.32319e-19 6.61389e-25 4.57887e-31 4.23657e-38
 1.97462e-41 2.74064e-33 4.59799e-26 9.32463e-20 2.28582e-14 6.77331e-10 2.42609e-06 0.00105041 0.0549749 0.348018 0.28127 0.146178 0.124551 0.0344299 0.00841732 0.00104683 6.05216e-05 1.1817e-06 5.8383e-09 5.69728e-12 9.35596e-16 2.34359e-20 8.42489e-26 4.17492e-32 2.77171e-39
 2.01937e-41 2.80275e-33 4.70219e-26 9.53594e-20 2.33762e-14 6.92681e-10 2.48107e-06 0.00107422 0.0562208 0.355946 0.288571 0.144085 0.112771 0.0328107 0.00763602 0.000840541 4.11891e-05 6.387e-07 2.39051e-09 1.74114e-12 2.11899e-16 3.9007e-21 1.02045e-26 3.64506e-33 1.73111e-40
 1.99323e-41 2.76647e-33 4.64133e-26 9.41253e-20 2.30737e-14 6.83716e-10 2.44896e-06 0.00106031 0.0554935 0.351437 0.288445 0.15405 0.111702 0.030469 0.00662078 0.000690979 2.87786e-05 3.55801e-07 1.01412e-09 5.44407e-13 4.81742e-17 6.4268e-22 1.217e-27 3.14049e-34 1.07427e-41
 1.94067e-41 2.69352e-33 4.51894e-26 9.16432e-20 2.24652e-14 6.65686e-10 2.38438e-06 0.00103235 0.0540306 0.342312 0.28572 0.166205 0.113408 0.0306724 0.00603758 0.000558447 2.03173e-05 2.04568e-07 4.46507e-10 1.77789e-13 1.14389e-17 1.09661e-22 1.48489e-28 2.73733e-35 6.69209e-43
 1.868e-41 2.59266e-33 4.34973e-26 8.82117e-20 2.1624e-14 6.4076e-10 2.2951e-06 0.000993699 0.0520082 0.329696 0.281385 0.180248 0.11697 0.032244 0.00594934 0.000488449 1.48364e-05 1.21527e-07 2.07508e-10 6.20589e-14 2.9241e-18 2.02493e-23 1.96407e-29 2.5796e-36 4.47952e-44
 1.90648e-41 2.64608e-33 4.43934e-26 9.00289e-20 2.20695e-14 6.5396e-10 2.34238e-06 0.00101417 0.0530794 0.336434 0.284838 0.172017 0.113199 0.0328735 0.00605217 0.000477377 1.3024e-05 9.18311e-08 1.32923e-10 3.33346e-14 1.29679e-18 7.30523e-24 5.70509e-30 5.9964e-37 8.30289e-45
#spawning biomass
 8398.96 8138.56 10825.5 12769.4 20326.9 31434 30453.2 35366.4 46562.8 57288 70364.6 95610.6 131883 166447 145345 129778 116308 116711 111320 104036 108548 116037 126707 131900 141756 142109 143291 136651 158960 145367 147142 65767.8 29897.1 17960.8 14441.2 13478.6 13228.4 13165.7 13150.4 13146.7 13145.9 13145.7 13145.6 13145.6 13145.6 13145.6 13145.6 13145.6 13145.6 13145.6 13145.6 13145.6 13145.6 13145.6 13145.6 13145.6 13145.6 13145.6 13145.6 13145.6 13145.6 13145.6 13145.6 13145.6 13145.6 13145.6 13145.6 13145.6 13145.6 13145.6 13145.6 13145.6 13145.6 13145.6 13145.6 13145.6 13145.6 13145.6 13145.6 13145.6 13145.6 13145.6 13145.6 13145.6 13145.6 13145.6 13145.6 13145.6 13145.6 13145.6 13145.6 13145.6 13145.6 13145.6 13145.6 13145.6 13145.6 13145.6 13145.6 13145.6 13145.6 13145.6 13145.6 13145.6 13145.6 13145.6 13145.6 13145.6 13145.6 13145.6 13145.6 13145.6 13145.6 13145.6 13145.6 13145.6 13145.6 13145.6 13145.6 13145.6 13145.6 13145.6 13145.6 13145.6 13145.6 13145.6 13145.6 13145.6 13145.6 0 0 0 0 0 0 0 0 0 0 0 0 0 0 0 0 0 0 0 0 0 0 0 0 0
