SBPRF35
0.819782
Curr Bio
141240
B35
749921
F35
0.210662
FOFL
0.0562304
OFL
9339.18
Bzero
234224
#pred survey bio
 9195.21 9322.74 7583.26 8933.36 12613.5 19681.7 25883 30283.5 40350.4 53586.9 61113.7 83075.4 111600 149571 133964 112254 121636 94063.5 104293 112210 106107 113399 126181 128926 136109 141366 126564 126542 153739 8.40697e+06 8.54547e+06 9.30485e+06 8.91054e+06 7.92088e+06 6.75649e+06 5.65645e+06 4.72413e+06 3.98274e+06 3.41647e+06 2.99512e+06 2.6868e+06 2.46344e+06 2.30237e+06 2.18507e+06 2.09827e+06 2.03666e+06 1.99248e+06 1.96043e+06 1.93693e+06 1.9195e+06 1.90642e+06 1.89651e+06 1.88892e+06 1.88305e+06 1.87847e+06 1.87488e+06 1.87204e+06 1.86978e+06 1.86797e+06 1.86652e+06 1.86535e+06 1.86441e+06 1.86364e+06 1.86302e+06 1.86252e+06 1.86211e+06 1.86178e+06 1.8615e+06 1.86128e+06 1.8611e+06 1.86095e+06 1.86083e+06 1.86073e+06 1.86065e+06 1.86059e+06 1.86053e+06 1.86049e+06 1.86045e+06 1.86042e+06 1.8604e+06 1.86038e+06 1.86036e+06 1.86035e+06 1.86034e+06 1.86033e+06 1.86032e+06 1.86031e+06 1.86031e+06 1.8603e+06 1.8603e+06 1.8603e+06 1.8603e+06 1.86029e+06 1.86029e+06 1.86029e+06 1.86029e+06 1.86029e+06 1.86029e+06 1.86029e+06 1.86029e+06 1.86029e+06 1.86029e+06 1.86029e+06 1.86029e+06 1.86029e+06 1.86029e+06 1.86029e+06 1.86029e+06 1.86029e+06 1.86029e+06 1.86029e+06 1.86029e+06 1.86029e+06 1.86029e+06 1.86029e+06 1.86029e+06 1.86029e+06 1.86029e+06 1.86029e+06 1.86029e+06 1.86029e+06 1.86029e+06 1.86029e+06 1.86029e+06 1.86029e+06 1.86029e+06 1.86029e+06 1.86029e+06 1.86029e+06 0 0 0 0 0 0 0 0 0 0 0 0 0 0 0 0 0 0 0 0 0 0 0 0 0
#obs survey bio
 8472.54 9188.41 5343.53 10831.7 14659.7 16906.5 30608.6 24721.6 40903.1 55961.4 47779.5 99418.4 135418 126649 123740 148296 130776 110266 123624 118250 98214.1 160237 123358 137165 149547 133500 137500 168935 136867
#pred catch bio
 3388.84 4328.43 2750.38 3105.4 4259.03 9775.16 15102.5 16174.2 22395.5 35867.8 39099 55705.6 70014.3 113242 105518 78933.9 102030 72351 84381.9 97482.6 89181.9 95737.1 115035 116726 123303 136317 120216 119794 109119 9339.18 69662.3 75337.9 71414.9 62643.7 52580.2 43223.5 35412.4 29305 24732.8 21412.3 19053 17403.6 16263.9 15477.8 14934.7 14574.6 14335.7 14177.3 14072.2 14002.5 13956.3 13925.7 13905.3 13891.8 13882.9 13877 13873 13870.4 13868.7 13867.6 13866.8 13866.3 13866 13865.7 13865.6 13865.5 13865.4 13865.4 13865.4 13865.3 13865.3 13865.3 13865.3 13865.3 13865.3 13865.3 13865.3 13865.3 13865.3 13865.3 13865.3 13865.3 13865.3 13865.3 13865.3 13865.3 13865.3 13865.3 13865.3 13865.3 13865.3 13865.3 13865.3 13865.3 13865.3 13865.3 13865.3 13865.3 13865.3 13865.3 13865.3 13865.3 13865.3 13865.3 13865.3 13865.3 13865.3 13865.3 13865.3 13865.3 13865.3 13865.3 13865.3 13865.3 13865.3 13865.3 13865.3 13865.3 13865.3 13865.3 13865.3 13865.3 13865.3 13865.3 13865.3 13865.3 13865.3 13865.3 13865.3 0 0 0 0 0 0 0 0 0 0 0 0 0 0 0 0 0 0 0 0 0 0 0 0 0
#obs catch bio
 3553.57 4252.78 3061.63 3224.83 4175.23 9592.76 14324 15295.7 20558.1 32894.1 36325 51763.2 64698.7 114256 111754 72049.6 90947.4 66629.5 80575.1 91812.6 84200.1 83382 104972 107303 105178 133525 113301 102849 103118
#pred cpue bio
 8403.7 8957.33 6968.26 7821.9 10859 16697.8 21663.1 25288.5 33308.9 43983.9 48766.4 64950.6 86685.2 121057 109075 89939.2 98073.6 73239.7 79696.9 84167.5 78614 84118.8 91839.7 90054.6 97521.5 100058 87275 87788.4 100940 6.55895e+06 8.49355e+06 9.25305e+06 8.85874e+06 7.86908e+06 6.70468e+06 5.60465e+06 4.67233e+06 3.93094e+06 3.36467e+06 2.94332e+06 2.635e+06 2.41164e+06 2.25057e+06 2.13327e+06 2.04647e+06 1.98486e+06 1.94067e+06 1.90863e+06 1.88513e+06 1.8677e+06 1.85462e+06 1.84471e+06 1.83712e+06 1.83125e+06 1.82667e+06 1.82308e+06 1.82023e+06 1.81797e+06 1.81617e+06 1.81472e+06 1.81355e+06 1.81261e+06 1.81184e+06 1.81122e+06 1.81072e+06 1.81031e+06 1.80998e+06 1.8097e+06 1.80948e+06 1.8093e+06 1.80915e+06 1.80903e+06 1.80893e+06 1.80885e+06 1.80878e+06 1.80873e+06 1.80869e+06 1.80865e+06 1.80862e+06 1.8086e+06 1.80858e+06 1.80856e+06 1.80855e+06 1.80853e+06 1.80853e+06 1.80852e+06 1.80851e+06 1.80851e+06 1.8085e+06 1.8085e+06 1.8085e+06 1.8085e+06 1.80849e+06 1.80849e+06 1.80849e+06 1.80849e+06 1.80849e+06 1.80849e+06 1.80849e+06 1.80849e+06 1.80849e+06 1.80849e+06 1.80849e+06 1.80849e+06 1.80849e+06 1.80849e+06 1.80849e+06 1.80849e+06 1.80849e+06 1.80849e+06 1.80849e+06 1.80849e+06 1.80849e+06 1.80849e+06 1.80849e+06 1.80849e+06 1.80849e+06 1.80849e+06 1.80849e+06 1.80849e+06 1.80849e+06 1.80849e+06 1.80849e+06 1.80849e+06 1.80849e+06 1.80849e+06 1.80849e+06 1.80849e+06 1.80849e+06 0 0 0 0 0 0 0 0 0 0 0 0 0 0 0 0 0 0 0 0 0 0 0 0 0
#obs cpue bio
 8174.66 8990.33 4368.08 6587.34 12336.4 26858.4 24642.5 36261.1 48841.3 61542 72392.2 77461.4 86193.8 129732 92317.2 110287 160662 75115.4 81595.3 104471 100096 114432 131463 114701 171657 108628 101998 132344 126174
#pred surv len freq
 9.37614e-12 1.01814e-09 6.51821e-08 2.4603e-06 5.47508e-05 0.000718376 0.00555841 0.0253863 0.0687682 0.11315 0.125545 0.125371 0.136864 0.130593 0.0972033 0.0645038 0.0416757 0.0254135 0.014996 0.00896315 0.00561127 0.00382083 0.00279493 0.00193736 0.00106733
 5.26298e-12 5.71497e-10 3.65878e-08 1.38101e-06 3.07329e-05 0.000403261 0.003121 0.0142722 0.0389091 0.0660132 0.0824689 0.104774 0.137709 0.146469 0.126177 0.100545 0.0734338 0.0469049 0.0271089 0.0146758 0.00773699 0.00425576 0.00256649 0.00158583 0.000837936
 1.02801e-11 1.1163e-09 7.14666e-08 2.69751e-06 6.00292e-05 0.00078761 0.0060932 0.0278077 0.0750383 0.121143 0.123751 0.0985576 0.0868386 0.0862704 0.0854502 0.0828624 0.0725889 0.0554133 0.0368038 0.0210168 0.0105299 0.00491675 0.00233736 0.00117583 0.000555033
 1.29646e-11 1.40781e-09 9.0129e-08 3.40192e-06 7.57049e-05 0.000993282 0.00768434 0.0350691 0.0946303 0.152749 0.15586 0.123021 0.103225 0.0876551 0.0629308 0.0442307 0.0367512 0.0327146 0.0264782 0.0180343 0.0101264 0.0047387 0.00195389 0.000775451 0.000299374
 1.30937e-11 1.42182e-09 9.10263e-08 3.43579e-06 7.64587e-05 0.00100318 0.00776104 0.0354227 0.0956342 0.15477 0.159807 0.131024 0.11571 0.100315 0.0705998 0.0440417 0.0277255 0.0184191 0.0137495 0.0105933 0.00711587 0.00382859 0.00163651 0.000580741 0.000181866
 1.35452e-11 1.47085e-09 9.41653e-08 3.55427e-06 7.90953e-05 0.00103777 0.00802857 0.0366417 0.0988978 0.15983 0.163993 0.131839 0.113707 0.0984458 0.0710826 0.0461898 0.0290964 0.0171254 0.00981885 0.00604375 0.00398057 0.00241664 0.00117705 0.000438727 0.00012714
 1.37838e-11 1.49675e-09 9.58235e-08 3.61686e-06 8.04881e-05 0.00105604 0.00817002 0.0372887 0.100663 0.162836 0.167786 0.136621 0.119259 0.101768 0.0692658 0.0408419 0.0241478 0.0141085 0.00781181 0.00409413 0.00213839 0.00115814 0.000587906 0.000240422 7.30403e-05
 1.3612e-11 1.4781e-09 9.46291e-08 3.57178e-06 7.9485e-05 0.00104288 0.00806831 0.0368268 0.0994485 0.161131 0.167246 0.139267 0.12489 0.107085 0.0712719 0.0396729 0.0215066 0.0113965 0.00582076 0.00287913 0.00134987 0.000606037 0.000266375 0.00010678 3.4051e-05
 1.4153e-11 1.53685e-09 9.83903e-08 3.71374e-06 8.26441e-05 0.00108433 0.00838881 0.038286 0.103339 0.167031 0.171486 0.138043 0.118742 0.100836 0.068779 0.0402409 0.022498 0.011596 0.00545985 0.00243422 0.00103252 0.000412597 0.000154536 5.37398e-05 1.62171e-05
 1.42969e-11 1.55247e-09 9.93908e-08 3.75151e-06 8.34845e-05 0.00109536 0.00847411 0.0386755 0.104392 0.168751 0.173328 0.13968 0.120073 0.101052 0.0670832 0.0374844 0.0204035 0.0106898 0.0051513 0.00224646 0.000878945 0.000312739 0.000102146 3.03851e-05 7.9926e-06
 1.51779e-11 1.64814e-09 1.05515e-07 3.98268e-06 8.86288e-05 0.00116285 0.00899615 0.0410552 0.110776 0.17875 0.182091 0.142807 0.117877 0.0961024 0.0609106 0.0310877 0.0151926 0.00736309 0.00340582 0.00147732 0.00057797 0.000197405 5.84193e-05 1.50823e-05 3.38717e-06
 1.58208e-11 1.71795e-09 1.09985e-07 4.15137e-06 9.23829e-05 0.0012121 0.00937705 0.0427906 0.11542 0.185929 0.18793 0.143556 0.11393 0.0908987 0.0569757 0.0285238 0.0133558 0.00599272 0.00249519 0.000984892 0.000365252 0.000122008 3.50804e-05 8.41657e-06 1.66732e-06
 1.59303e-11 1.72984e-09 1.10746e-07 4.18011e-06 9.30223e-05 0.00122049 0.00944196 0.0430871 0.116222 0.187247 0.189375 0.144928 0.11517 0.0913427 0.0559328 0.0265055 0.0115493 0.00490511 0.001937 0.000705913 0.000236109 7.18313e-05 1.94462e-05 4.47211e-06 8.33718e-07
 1.44661e-11 1.57085e-09 1.00567e-07 3.79591e-06 8.44727e-05 0.00110832 0.00857451 0.0391355 0.105657 0.170986 0.176505 0.144427 0.126182 0.105228 0.0660541 0.0322691 0.0144184 0.00602963 0.00224963 0.000763735 0.000237171 6.58952e-05 1.61031e-05 3.3883e-06 5.91125e-07
 1.41753e-11 1.53927e-09 9.85456e-08 3.7196e-06 8.27746e-05 0.00108605 0.00840225 0.0383513 0.103569 0.167833 0.174314 0.145331 0.129889 0.108963 0.0675699 0.0319546 0.0137693 0.00571175 0.00215619 0.000727639 0.000216017 5.57498e-05 1.24617e-05 2.37288e-06 3.74808e-07
 1.47677e-11 1.60359e-09 1.02663e-07 3.87503e-06 8.62334e-05 0.00113142 0.00875319 0.0399501 0.107844 0.174424 0.179583 0.14571 0.125728 0.103632 0.0636172 0.029569 0.0123766 0.00495672 0.00180579 0.000596067 0.000175907 4.47401e-05 9.55157e-06 1.68425e-06 2.41874e-07
 1.46107e-11 1.58654e-09 1.01572e-07 3.83384e-06 8.53167e-05 0.0011194 0.00866014 0.0395255 0.106699 0.172582 0.177736 0.14437 0.124945 0.103809 0.0652247 0.031976 0.0142949 0.00590412 0.00212951 0.00068078 0.000193887 4.80253e-05 1.00684e-05 1.72801e-06 2.35488e-07
 1.5682e-11 1.70288e-09 1.0902e-07 4.11496e-06 9.15726e-05 0.00120147 0.00929494 0.0424186 0.114453 0.184666 0.18803 0.147151 0.120582 0.0961561 0.0569339 0.0245007 0.00920051 0.00347292 0.00126769 0.000420021 0.000120468 2.91757e-05 5.92008e-06 9.86916e-07 1.30934e-07
 1.63186e-11 1.77201e-09 1.13446e-07 4.28201e-06 9.52899e-05 0.00125024 0.00967208 0.0441362 0.119038 0.191666 0.193293 0.14646 0.114445 0.0893568 0.0532298 0.023548 0.0090632 0.0032711 0.00105272 0.000308154 8.44536e-05 2.06344e-05 4.21373e-06 6.91567e-07 8.92022e-08
 1.68132e-11 1.82572e-09 1.16884e-07 4.41179e-06 9.8178e-05 0.00128813 0.00996512 0.0454715 0.122613 0.197216 0.197911 0.147374 0.111861 0.085426 0.0495137 0.0205817 0.00718808 0.00242985 0.000769802 0.000218647 5.47849e-05 1.20007e-05 2.29592e-06 3.70657e-07 4.76274e-08
 1.70926e-11 1.85605e-09 1.18826e-07 4.48508e-06 9.9809e-05 0.00130953 0.0101306 0.046226 0.124637 0.200379 0.200659 0.148277 0.111002 0.0836434 0.0473429 0.0184395 0.0056278 0.00162087 0.000450911 0.000116279 2.7474e-05 5.7274e-06 1.01376e-06 1.49336e-07 1.79703e-08
 1.70686e-11 1.85345e-09 1.18659e-07 4.4788e-06 9.96692e-05 0.0013077 0.0101164 0.0461612 0.124462 0.2001 0.200383 0.148089 0.110915 0.0837194 0.047645 0.0188405 0.00589581 0.00169774 0.000439912 9.85665e-05 1.98866e-05 3.65645e-06 5.93439e-07 8.14963e-08 9.0822e-09
 1.76021e-11 1.91137e-09 1.22368e-07 4.61878e-06 0.000102784 0.00134856 0.0104325 0.0476006 0.128307 0.205989 0.204905 0.147813 0.106207 0.0782046 0.0441669 0.0174002 0.00542667 0.00156637 0.000410721 9.24966e-05 1.79173e-05 2.95355e-06 4.12407e-07 4.9184e-08 4.9227e-09
 1.85977e-11 2.01949e-09 1.29289e-07 4.88003e-06 0.000108598 0.00142484 0.0110223 0.0502876 0.135489 0.21703 0.21358 0.147943 0.0984011 0.0685671 0.0374096 0.0138107 0.00374082 0.000907317 0.00021465 4.68163e-05 9.05092e-06 1.48965e-06 2.01201e-07 2.19535e-08 1.92289e-09
 1.79422e-11 1.94831e-09 1.24732e-07 4.70802e-06 0.00010477 0.00137462 0.010634 0.048519 0.130767 0.209817 0.208134 0.148588 0.104653 0.0756527 0.0415553 0.0151536 0.00393877 0.000878893 0.000184207 3.43793e-05 5.71201e-06 8.58867e-07 1.12269e-07 1.20745e-08 1.02304e-09
 1.82667e-11 1.98354e-09 1.26988e-07 4.79317e-06 0.000106665 0.00139948 0.0108262 0.0493944 0.133104 0.213383 0.210809 0.148211 0.101473 0.0720977 0.0395483 0.014588 0.00391077 0.000909891 0.000193101 3.45884e-05 5.20776e-06 6.78611e-07 7.60325e-08 7.24437e-09 5.73546e-10
 1.88668e-11 2.0487e-09 1.3116e-07 4.95063e-06 0.000110169 0.00144545 0.0111817 0.0510138 0.137432 0.220029 0.215993 0.148168 0.0965813 0.0661585 0.0355122 0.0125826 0.00304831 0.000602697 0.000113549 1.98082e-05 3.02005e-06 3.89339e-07 4.08497e-08 3.45225e-09 2.36211e-10
 1.87237e-11 2.03317e-09 1.30165e-07 4.91309e-06 0.000109334 0.00143449 0.011097 0.0506279 0.136401 0.218452 0.214795 0.148282 0.0979066 0.0676805 0.0364315 0.0129151 0.00312322 0.000609124 0.000109242 1.71747e-05 2.28294e-06 2.65767e-07 2.684e-08 2.23303e-09 1.46324e-10
 1.99356e-11 2.16477e-09 1.3859e-07 5.23109e-06 0.00011641 0.00152733 0.0118149 0.0538977 0.145133 0.231806 0.224945 0.147316 0.0866942 0.054824 0.0287049 0.010146 0.00247381 0.000490817 8.93572e-05 1.40591e-05 1.82329e-06 1.9847e-07 1.7979e-08 1.33266e-09 8.05048e-11
#obs surv len freq
 2.19286e-11 2.11858e-09 1.20675e-07 4.05256e-06 8.02384e-05 0.000936678 0.00644801 0.0261989 0.0631384 0.092616 0.0932712 0.0904584 0.104027 0.113953 0.110969 0.098919 0.0778853 0.0545799 0.034827 0.0193422 0.00864513 0.00289546 0.000684567 0.000108864 1.12246e-05
 4.61552e-12 4.30099e-10 2.36296e-08 7.65399e-07 1.4618e-05 0.000164661 0.00109576 0.00434625 0.0107523 0.0199806 0.0395737 0.0815253 0.130131 0.154945 0.156435 0.141382 0.109393 0.0727357 0.0428815 0.0219676 0.00912409 0.00283592 0.000617384 8.97722e-05 8.43393e-06
 9.18196e-11 8.23843e-09 4.35805e-07 1.35918e-05 0.000249921 0.00270935 0.017317 0.0652595 0.145042 0.190404 0.149012 0.0743866 0.0375199 0.0442751 0.0656482 0.0726728 0.0592538 0.0388855 0.0217833 0.0103041 0.00390379 0.00110732 0.000220532 2.93308e-05 2.51583e-06
 1.14229e-10 9.85224e-09 5.00994e-07 1.502e-05 0.000265489 0.00276682 0.0170035 0.0616748 0.132661 0.173455 0.154452 0.128316 0.118258 0.0903137 0.0491937 0.025058 0.0179868 0.0139777 0.00865945 0.00406273 0.00143513 0.000370584 6.68497e-05 8.0655e-06 6.29047e-07
 1.23357e-10 1.02118e-08 4.98403e-07 1.43416e-05 0.000243308 0.00243378 0.0143575 0.0500192 0.103658 0.132626 0.122984 0.11832 0.128062 0.121469 0.0956952 0.0619146 0.0302551 0.0114125 0.00417713 0.00164239 0.000554867 0.00013548 2.24867e-05 2.46318e-06 1.7386e-07
 2.1276e-10 1.68802e-08 7.89591e-07 2.17754e-05 0.000354057 0.00339419 0.0191883 0.0640317 0.126788 0.153068 0.127661 0.104001 0.10266 0.0999118 0.0861964 0.0616436 0.0331005 0.0129321 0.00383619 0.000947824 0.000213511 4.20821e-05 6.26266e-06 6.29915e-07 4.06862e-08
 2.75659e-10 2.09321e-08 9.37114e-07 2.47349e-05 0.000384923 0.0035319 0.0191141 0.0611166 0.116515 0.138675 0.124234 0.119625 0.124466 0.110277 0.082731 0.0540113 0.0286845 0.0118066 0.00372759 0.000889789 0.000159649 2.20009e-05 2.36258e-06 1.90029e-07 1.06174e-08
 4.37255e-10 3.17373e-08 1.35814e-06 3.42655e-05 0.0005097 0.00447033 0.0231238 0.0706554 0.128573 0.14525 0.121312 0.108387 0.111092 0.104477 0.0848437 0.0558932 0.02752 0.0101234 0.00292758 0.000672657 0.000117049 1.46426e-05 1.28307e-06 7.82919e-08 3.31357e-09
 6.01031e-10 4.16488e-08 1.70155e-06 4.09854e-05 0.00058205 0.00487387 0.0240746 0.0703109 0.12289 0.136444 0.120395 0.119054 0.122972 0.108114 0.081288 0.0512603 0.0250931 0.00929567 0.00263572 0.000569893 9.17954e-05 1.06757e-05 8.65563e-07 4.73692e-08 1.71028e-09
 9.7758e-10 6.46005e-08 2.51685e-06 5.78122e-05 0.000782939 0.00625197 0.0294488 0.0820033 0.136547 0.143888 0.119279 0.111385 0.113285 0.102193 0.0782441 0.0471974 0.0207265 0.00666336 0.00166041 0.00032798 4.93626e-05 5.35242e-06 4.00939e-07 2.01541e-08 6.64723e-10
 1.38422e-09 8.71379e-08 3.23405e-06 7.07665e-05 0.000912974 0.00694528 0.0311734 0.0828176 0.132382 0.137686 0.121307 0.12266 0.123136 0.103495 0.0730193 0.0410491 0.0169272 0.00505521 0.00113522 0.000196399 2.58141e-05 2.4889e-06 1.69076e-07 7.78867e-09 2.35865e-10
 2.23628e-09 1.33972e-07 4.73197e-06 9.85396e-05 0.00120984 0.00875886 0.0374131 0.0945809 0.14379 0.141897 0.118114 0.114202 0.113666 0.0979263 0.0702283 0.038386 0.0147765 0.00400545 0.000802848 0.000123094 1.42556e-05 1.2027e-06 7.13889e-08 2.89437e-09 7.80741e-11
 2.5773e-09 1.46805e-07 4.93012e-06 9.7615e-05 0.00113956 0.00784561 0.0318945 0.077052 0.114222 0.119258 0.122319 0.139976 0.139997 0.113119 0.075426 0.0388327 0.0142775 0.00371826 0.000708684 0.000100624 1.04942e-05 7.83163e-07 4.07913e-08 1.44752e-09 3.4192e-11
 3.70517e-09 2.00494e-07 6.39638e-06 0.000120312 0.00133429 0.00872697 0.033706 0.0773876 0.109195 0.109253 0.109585 0.127441 0.137935 0.126127 0.0912052 0.0469539 0.0163315 0.00391243 0.000680238 8.8585e-05 8.5199e-06 5.83608e-07 2.75483e-08 8.74111e-10 1.82871e-11
 5.03889e-09 2.58826e-07 7.83826e-06 0.000139952 0.00147338 0.00914931 0.0335764 0.073537 0.100824 0.104376 0.11549 0.138545 0.144457 0.12556 0.0874893 0.0446007 0.0159135 0.00402114 0.000732666 9.56585e-05 8.77242e-06 5.55575e-07 2.39618e-08 6.92269e-10 1.31472e-11
 8.90752e-09 4.34016e-07 1.24679e-05 0.000211168 0.0021088 0.012421 0.0432227 0.0896182 0.115434 0.109529 0.109574 0.125606 0.13286 0.118611 0.0822443 0.0405229 0.0138913 0.00342083 0.0006222 8.25623e-05 7.70001e-06 4.87423e-07 2.04376e-08 5.58359e-10 9.82394e-12
 1.28416e-08 5.93174e-07 1.61541e-05 0.000259379 0.00245571 0.013716 0.0453102 0.0896755 0.113021 0.113017 0.124442 0.141603 0.136209 0.108258 0.0680956 0.0311153 0.0100152 0.00233055 0.000402827 5.12417e-05 4.63477e-06 2.87517e-07 1.18721e-08 3.18592e-10 5.45548e-12
 1.95053e-08 8.53695e-07 2.20289e-05 0.000335145 0.00300656 0.0159126 0.0498254 0.0935925 0.112597 0.109335 0.119223 0.136522 0.135746 0.111452 0.0697997 0.0307615 0.00941514 0.00207155 0.000337175 4.02669e-05 3.41905e-06 1.99776e-07 7.81359e-09 1.99834e-10 3.27769e-12
 3.25532e-08 1.34942e-06 3.29794e-05 0.000475214 0.00403773 0.0202416 0.0600508 0.107015 0.122795 0.115181 0.121538 0.132684 0.125038 0.097565 0.0586019 0.0251509 0.00762231 0.00167006 0.000267085 3.06279e-05 2.45108e-06 1.33628e-07 4.85858e-09 1.15519e-10 1.76513e-12
 4.61972e-08 1.81314e-06 4.19555e-05 0.000572404 0.00460518 0.0218669 0.0615409 0.104811 0.118502 0.117358 0.131337 0.141113 0.126044 0.09222 0.0517937 0.0208057 0.00593449 0.00123759 0.000190771 2.1215e-05 1.64036e-06 8.54836e-08 2.93392e-09 6.51661e-11 9.23892e-13
 6.20963e-08 2.30696e-06 5.05308e-05 0.000652585 0.00497029 0.0223508 0.0596849 0.0973131 0.109044 0.114264 0.135063 0.147638 0.133538 0.0971484 0.0523782 0.0196378 0.00513664 0.000975092 0.000137464 1.41559e-05 1.02634e-06 5.0567e-08 1.64564e-09 3.46039e-11 4.62349e-13
 9.92967e-08 3.49141e-06 7.23787e-05 0.000884679 0.00637722 0.0271438 0.0686263 0.106057 0.113098 0.11377 0.130543 0.141097 0.127981 0.0924445 0.0486845 0.0177502 0.00451912 0.00082782 0.00011018 1.0476e-05 6.93494e-07 3.1202e-08 9.32991e-10 1.81556e-11 2.25762e-13
 1.68023e-07 5.5911e-06 0.000109691 0.00126884 0.00865621 0.0348723 0.0834818 0.122364 0.124401 0.119848 0.130315 0.131752 0.111436 0.0756974 0.0381088 0.0135469 0.00342157 0.00062496 8.20421e-05 7.54393e-06 4.73079e-07 1.98086e-08 5.4428e-10 9.66702e-12 1.0954e-13
 1.95264e-07 6.14911e-06 0.00011417 0.00124993 0.0080729 0.0308344 0.0704701 0.101688 0.11231 0.129786 0.153493 0.150605 0.118708 0.0742623 0.0342472 0.0111009 0.00256026 0.000433114 5.38028e-05 4.75485e-06 2.87606e-07 1.15468e-08 3.01008e-10 5.01437e-12 5.27503e-14
 2.76874e-07 8.25194e-06 0.000145004 0.00150246 0.00918444 0.0332083 0.0719053 0.0986462 0.104824 0.119341 0.144011 0.151297 0.129452 0.0838865 0.0379507 0.0116862 0.00251284 0.00039074 4.4275e-05 3.57693e-06 1.99678e-07 7.4815e-09 1.83506e-10 2.88646e-12 2.86516e-14
 3.95054e-07 1.11443e-05 0.000185355 0.00181792 0.0105214 0.036057 0.0743712 0.0992095 0.107948 0.127986 0.15139 0.150184 0.12081 0.0744543 0.03263 0.00992669 0.00213058 0.000327214 3.56287e-05 2.68966e-06 1.37786e-07 4.70316e-09 1.05139e-10 1.51418e-12 1.38431e-14
 5.11647e-07 1.36629e-05 0.000215117 0.00199737 0.0109476 0.035588 0.0701441 0.0920404 0.104947 0.132019 0.158056 0.156132 0.123527 0.0732086 0.0303701 0.00871968 0.00177975 0.00026313 2.78024e-05 2.03292e-06 9.97718e-08 3.21249e-09 6.67391e-11 8.83293e-13 7.3728e-15
 7.9676e-07 2.01431e-05 0.000300254 0.00263942 0.0136971 0.0421663 0.0787733 0.09826 0.107261 0.130517 0.153643 0.151315 0.118225 0.0676465 0.0266879 0.00724113 0.0013922 0.00019345 1.9215e-05 1.32517e-06 6.15963e-08 1.88251e-09 3.70759e-11 4.63109e-13 3.62416e-15
 1.13262e-06 2.71126e-05 0.000382674 0.00318555 0.0156613 0.045767 0.0818711 0.10086 0.114266 0.141251 0.158987 0.145925 0.106233 0.057234 0.0215273 0.00562491 0.00104394 0.000138929 1.3051e-05 8.42731e-07 3.64926e-08 1.038e-09 1.90505e-11 2.22182e-13 1.62609e-15
#pred catch len freq
 6.41715e-12 6.96825e-10 4.46114e-08 1.68386e-06 3.74725e-05 0.000491691 0.00380527 0.0173985 0.0473923 0.0800859 0.0985763 0.121675 0.154762 0.154758 0.116314 0.077306 0.0499555 0.0304628 0.0179755 0.010744 0.00672615 0.00457998 0.00335025 0.00232229 0.00127939
 3.44522e-12 3.7411e-10 2.39509e-08 9.04031e-07 2.01185e-05 0.000264003 0.00204396 0.00936411 0.0257636 0.0455889 0.0653667 0.101024 0.146405 0.15962 0.138148 0.110155 0.0804572 0.0513912 0.0297017 0.0160794 0.00847701 0.0046628 0.00281196 0.00173751 0.000918081
 7.15257e-12 7.76684e-10 4.9724e-08 1.87683e-06 4.17665e-05 0.000548006 0.00424 0.0193605 0.0523862 0.0857242 0.0930017 0.0884032 0.0957949 0.103554 0.104327 0.101373 0.0888169 0.067802 0.0450319 0.0257155 0.0128841 0.00601598 0.00285992 0.00143871 0.000679121
 9.57634e-12 1.03988e-09 6.65738e-08 2.51283e-06 5.59197e-05 0.000733707 0.00567678 0.0259209 0.0701345 0.114738 0.124262 0.11674 0.120143 0.111241 0.0814883 0.0574672 0.0477655 0.0425199 0.0344144 0.0234396 0.0131615 0.006159 0.00253952 0.00100787 0.000389103
 9.68358e-12 1.05152e-09 6.73194e-08 2.54097e-06 5.6546e-05 0.00074193 0.00574061 0.0262172 0.0710022 0.11669 0.128842 0.127072 0.136744 0.128189 0.0918327 0.0574596 0.0361848 0.0240394 0.017945 0.0138257 0.0092872 0.00499685 0.00213588 0.000757948 0.00023736
 1.07317e-11 1.16533e-09 7.46055e-08 2.81599e-06 6.26661e-05 0.000822222 0.00636158 0.0290466 0.0785753 0.128415 0.138467 0.128655 0.131266 0.121922 0.0894655 0.0582901 0.0367293 0.0216184 0.0123949 0.00762938 0.00502491 0.00305066 0.00148586 0.000553831 0.000160496
 1.13841e-11 1.23617e-09 7.91409e-08 2.98718e-06 6.64756e-05 0.000872206 0.00674828 0.0308115 0.0833397 0.136121 0.146388 0.134937 0.135847 0.123007 0.0848854 0.0501732 0.0296735 0.0173372 0.00959959 0.0050311 0.00262778 0.00142318 0.000722452 0.000295445 8.9756e-05
 1.09839e-11 1.19272e-09 7.63591e-08 2.88218e-06 6.41391e-05 0.000841553 0.0065113 0.0297338 0.0804831 0.131926 0.144056 0.138106 0.144151 0.131281 0.0885968 0.0494391 0.0268093 0.0142068 0.00725612 0.00358911 0.00168274 0.000755482 0.000332061 0.000133112 4.24478e-05
 1.16478e-11 1.26482e-09 8.09746e-08 3.05639e-06 6.80159e-05 0.000892413 0.00690459 0.0315244 0.0852569 0.139163 0.149248 0.136574 0.136563 0.123586 0.0855596 0.050189 0.0280686 0.0144675 0.00681189 0.00303702 0.00128821 0.00051477 0.000192805 6.70476e-05 2.0233e-05
 1.23946e-11 1.34591e-09 8.61663e-08 3.25235e-06 7.23766e-05 0.000949625 0.00734709 0.0335414 0.0906647 0.147612 0.15655 0.138861 0.134054 0.118618 0.0796859 0.0446216 0.024295 0.0127288 0.00613393 0.00267498 0.00104661 0.000372394 0.000121631 3.61812e-05 9.5172e-06
 1.32019e-11 1.43357e-09 9.17783e-08 3.46417e-06 7.70904e-05 0.00101147 0.00782546 0.0357224 0.0965217 0.156837 0.164878 0.142553 0.133331 0.115042 0.0739288 0.0378296 0.018494 0.00896341 0.00414606 0.00179841 0.00070359 0.00024031 7.11164e-05 1.83604e-05 4.12336e-06
 1.40901e-11 1.53002e-09 9.79532e-08 3.69725e-06 8.22771e-05 0.00107952 0.00835172 0.0381201 0.102937 0.166747 0.172903 0.14347 0.127686 0.107683 0.0684391 0.0343527 0.0160911 0.00722027 0.00300631 0.00118664 0.000440072 0.000147 4.22664e-05 1.01407e-05 2.00886e-06
 1.39864e-11 1.51876e-09 9.72324e-08 3.67004e-06 8.16716e-05 0.00107158 0.00829034 0.0378414 0.102205 0.165727 0.172613 0.14515 0.131112 0.110545 0.0687341 0.0326679 0.0142407 0.00604846 0.00238851 0.000870459 0.000291146 8.8575e-05 2.39791e-05 5.51454e-06 1.02805e-06
 1.31313e-11 1.42591e-09 9.12879e-08 3.44566e-06 7.66785e-05 0.00100607 0.00778372 0.0355333 0.0960309 0.156201 0.164961 0.144488 0.136993 0.118335 0.0749096 0.0366535 0.0163812 0.0068506 0.00255593 0.000867724 0.000269463 7.48674e-05 1.82956e-05 3.84965e-06 6.71612e-07
 1.30306e-11 1.41496e-09 9.05874e-08 3.41922e-06 7.60901e-05 0.000998349 0.00772405 0.0352621 0.0953136 0.155161 0.16445 0.145484 0.139314 0.120304 0.0751177 0.0355707 0.0153306 0.0063595 0.00240072 0.00081016 0.000240516 6.20723e-05 1.38749e-05 2.64198e-06 4.17314e-07
 1.31231e-11 1.42501e-09 9.12307e-08 3.44351e-06 7.66305e-05 0.00100544 0.0077789 0.0355122 0.095986 0.156227 0.165442 0.14601 0.139392 0.120017 0.0744522 0.0346749 0.0145182 0.0058146 0.00211833 0.000699233 0.000206352 5.24836e-05 1.12047e-05 1.97575e-06 2.83736e-07
 1.38646e-11 1.50553e-09 9.63856e-08 3.63808e-06 8.09603e-05 0.00106224 0.00821815 0.0375122 0.101319 0.164319 0.171282 0.1444 0.130983 0.111135 0.0701843 0.0344405 0.0153988 0.00636016 0.002294 0.000733364 0.000208863 5.17349e-05 1.08461e-05 1.86148e-06 2.53677e-07
 1.45374e-11 1.57859e-09 1.01063e-07 3.81462e-06 8.4889e-05 0.00111379 0.00861684 0.03933 0.106201 0.172016 0.178265 0.147574 0.130419 0.107778 0.0643873 0.0277572 0.0104264 0.00393581 0.00143666 0.000476005 0.000136524 3.30645e-05 6.70916e-06 1.11846e-06 1.48386e-07
 1.54878e-11 1.68179e-09 1.07669e-07 4.06398e-06 9.04382e-05 0.00118659 0.00917983 0.0418941 0.113047 0.18248 0.186188 0.14672 0.121517 0.0977581 0.0586864 0.0260016 0.01001 0.00361293 0.00116273 0.000340357 9.32792e-05 2.27907e-05 4.65408e-06 7.63837e-07 9.8524e-08
 1.64073e-11 1.78164e-09 1.14062e-07 4.30528e-06 9.58078e-05 0.00125704 0.00972465 0.0443762 0.119688 0.192732 0.194461 0.147559 0.115404 0.0895885 0.0521539 0.0216984 0.00757924 0.00256212 0.000811709 0.00023055 5.77674e-05 1.2654e-05 2.42091e-06 3.90835e-07 5.02202e-08
 1.65266e-11 1.79459e-09 1.14892e-07 4.33658e-06 9.65044e-05 0.00126618 0.00979536 0.0446989 0.120558 0.194135 0.195878 0.148616 0.116066 0.0895323 0.0509961 0.0198882 0.00607136 0.00174868 0.000486468 0.000125448 2.96404e-05 6.17904e-06 1.0937e-06 1.61111e-07 1.93874e-08
 1.65239e-11 1.7943e-09 1.14873e-07 4.33588e-06 9.64887e-05 0.00126597 0.00979376 0.0446915 0.120537 0.194088 0.195776 0.1484 0.115767 0.0893741 0.0511722 0.0202604 0.00634156 0.00182616 0.000473188 0.000106022 2.13909e-05 3.93303e-06 6.38328e-07 8.76609e-08 9.76919e-09
 1.7494e-11 1.89963e-09 1.21616e-07 4.59041e-06 0.000102153 0.00134028 0.0103684 0.0473089 0.127528 0.204796 0.203991 0.147876 0.10717 0.0793275 0.0448666 0.0176813 0.00551463 0.00159177 0.000417383 9.39967e-05 1.82079e-05 3.00145e-06 4.19096e-07 4.99817e-08 5.00254e-09
 1.84742e-11 2.00608e-09 1.28431e-07 4.84763e-06 0.000107877 0.00141538 0.0109492 0.0499544 0.134599 0.215669 0.212542 0.14803 0.099525 0.0698647 0.0382019 0.0141099 0.0038222 0.000927069 0.000219323 4.78356e-05 9.24798e-06 1.52208e-06 2.05582e-07 2.24315e-08 1.96476e-09
 1.78074e-11 1.93367e-09 1.23796e-07 4.67266e-06 0.000103983 0.0013643 0.0105542 0.0481554 0.129796 0.208331 0.207002 0.148686 0.105885 0.077073 0.0424186 0.0154749 0.00402259 0.00089761 0.00018813 3.51115e-05 5.83367e-06 8.77159e-07 1.14661e-07 1.23317e-08 1.04483e-09
 1.84542e-11 2.0039e-09 1.28292e-07 4.84236e-06 0.00010776 0.00141384 0.0109373 0.0499003 0.134455 0.21545 0.212386 0.148079 0.0997647 0.0701258 0.0383447 0.0141345 0.00378871 0.000881477 0.000187071 3.35083e-05 5.04512e-06 6.57418e-07 7.3658e-08 7.01813e-09 5.55634e-10
 1.89646e-11 2.05933e-09 1.3184e-07 4.9763e-06 0.00011074 0.00145294 0.0112397 0.0512777 0.138136 0.221106 0.216813 0.148092 0.0956797 0.0651231 0.0348877 0.0123561 0.00299318 0.00059179 0.000111494 1.94496e-05 2.96539e-06 3.82292e-07 4.01104e-08 3.38977e-09 2.31936e-10
 1.88085e-11 2.04238e-09 1.30755e-07 4.93534e-06 0.000109829 0.00144099 0.0111472 0.0508566 0.137012 0.219387 0.215506 0.148217 0.0971249 0.0667827 0.03589 0.0127187 0.00307551 0.000599813 0.000107572 1.69121e-05 2.24804e-06 2.61704e-07 2.64297e-08 2.1989e-09 1.44087e-10
 1.9083e-11 2.07219e-09 1.32663e-07 5.00737e-06 0.000111432 0.00146201 0.0113098 0.0515973 0.138989 0.222409 0.217796 0.147972 0.0945469 0.063846 0.0341523 0.0121285 0.0029599 0.000587354 0.000106935 1.68247e-05 2.18195e-06 2.37512e-07 2.15157e-08 1.59482e-09 9.63412e-11
#obs catch len freq
 1.64378e-11 1.5881e-09 9.04588e-08 3.03782e-06 6.01475e-05 0.000702159 0.0048342 0.019655 0.047539 0.0710361 0.0772206 0.087568 0.110745 0.121643 0.115923 0.104821 0.0878037 0.065844 0.0436302 0.0246876 0.0112785 0.00388862 0.00094743 0.000154601 1.62538e-05
 1.47256e-11 1.37222e-09 7.53891e-08 2.44194e-06 4.66348e-05 0.000525134 0.0034884 0.0137062 0.0322996 0.0489241 0.0611392 0.0871021 0.122701 0.139606 0.135926 0.12008 0.0934537 0.0648372 0.0407744 0.0220734 0.00949981 0.00302896 0.000675169 0.000100473 9.64227e-06
 1.33959e-12 1.20193e-10 6.35822e-09 1.98318e-07 3.64838e-06 3.96574e-05 0.000257124 0.00104333 0.00321224 0.0105633 0.0350513 0.0851547 0.137787 0.162299 0.16242 0.144927 0.110415 0.0724122 0.0420043 0.020971 0.0083801 0.00247609 0.000507637 6.90322e-05 6.03498e-06
 2.01565e-11 1.73849e-09 8.84038e-08 2.65038e-06 4.68474e-05 0.000488225 0.00300044 0.010884 0.0234242 0.030766 0.0286002 0.0312518 0.0576272 0.114572 0.17484 0.188458 0.150066 0.0966868 0.0530822 0.0244086 0.00888885 0.00239595 0.000449167 5.58456e-05 4.45627e-06
 5.63279e-11 4.66297e-09 2.27583e-07 6.54879e-06 0.000111106 0.00111163 0.00656559 0.0230197 0.0493107 0.073394 0.105167 0.163824 0.201342 0.16075 0.0869097 0.0452149 0.0331131 0.025218 0.0151179 0.00683632 0.00231229 0.000566669 9.61954e-05 1.0849e-05 7.87132e-07
 1.43989e-10 1.1424e-08 5.34371e-07 1.4737e-05 0.000239619 0.00229727 0.0129918 0.0434377 0.0868914 0.11034 0.111288 0.125477 0.145178 0.137485 0.106647 0.0672814 0.0318939 0.0118315 0.00433786 0.00167655 0.000542291 0.000125236 1.95263e-05 1.99837e-06 1.31212e-07
 2.77978e-10 2.11082e-08 9.44997e-07 2.4943e-05 0.00038816 0.00356154 0.0192729 0.0615965 0.117152 0.137824 0.118384 0.107381 0.113031 0.110412 0.0939301 0.0654163 0.0339604 0.0128319 0.00369953 0.000894266 0.000196433 3.70798e-05 5.1993e-06 4.88488e-07 2.93376e-08
 3.32539e-10 2.41367e-08 1.03289e-06 2.60595e-05 0.000387641 0.00340005 0.017594 0.0538648 0.0990281 0.117502 0.115756 0.129157 0.141087 0.124196 0.0919508 0.0588357 0.0303829 0.0121197 0.00369606 0.000848874 0.000146224 1.92988e-05 1.97055e-06 1.49118e-07 7.77058e-09
 5.81602e-10 4.03024e-08 1.64655e-06 3.96606e-05 0.000563235 0.00471629 0.0232958 0.0680285 0.118832 0.13159 0.115286 0.114002 0.121309 0.113368 0.0903894 0.0578052 0.0275009 0.0098013 0.00274872 0.000608746 0.000101241 1.20275e-05 9.96398e-07 5.72336e-08 2.26849e-09
 8.54438e-10 5.6463e-08 2.19981e-06 5.05299e-05 0.000684322 0.00546473 0.0257465 0.071781 0.120274 0.130496 0.118537 0.123051 0.127312 0.110179 0.0813958 0.0499845 0.0236774 0.00847909 0.00232005 0.00048192 7.41447e-05 8.18538e-06 6.2626e-07 3.21833e-08 1.08688e-09
 1.44578e-09 9.10129e-08 3.37787e-06 7.39134e-05 0.000953567 0.00725388 0.0325538 0.0864192 0.137604 0.140602 0.117627 0.113199 0.114844 0.101909 0.0762197 0.0444203 0.0187731 0.00582811 0.00140549 0.000267359 3.84241e-05 3.9494e-06 2.78874e-07 1.3155e-08 4.05639e-10
 2.08357e-09 1.24824e-07 4.40885e-06 9.1811e-05 0.00112724 0.00816115 0.034867 0.0882374 0.134865 0.136298 0.121097 0.124018 0.122577 0.100926 0.0695497 0.0377878 0.014978 0.0043054 0.000932025 0.000155017 1.94734e-05 1.7825e-06 1.1423e-07 4.93779e-09 1.39745e-10
 3.42957e-09 1.95351e-07 6.56043e-06 0.000129894 0.00151634 0.010438 0.042398 0.101988 0.147988 0.141225 0.117313 0.114011 0.111703 0.0942609 0.065719 0.0345264 0.0127231 0.00331025 0.000638619 9.40418e-05 1.0399e-05 8.32467e-07 4.66286e-08 1.77535e-09 4.47859e-11
 4.03094e-09 2.18122e-07 6.95877e-06 0.000130891 0.00145162 0.00949469 0.036678 0.0842909 0.119471 0.121443 0.124129 0.139808 0.136006 0.10729 0.0695614 0.0344478 0.0121259 0.00302743 0.000553766 7.52568e-05 7.47561e-06 5.28751e-07 2.59793e-08 8.65825e-10 1.91329e-11
 5.86918e-09 3.01474e-07 9.12981e-06 0.000163011 0.0017161 0.0106551 0.0390743 0.0852677 0.114892 0.111636 0.111243 0.127558 0.135025 0.120354 0.0838405 0.0411887 0.0136542 0.00312902 0.000521898 6.50634e-05 5.95682e-06 3.86194e-07 1.71723e-08 5.11277e-10 1.00035e-11
 8.06223e-09 3.9283e-07 1.12848e-05 0.000191131 0.00190875 0.0112443 0.0391568 0.0814898 0.106813 0.107692 0.117809 0.138126 0.140398 0.118973 0.080003 0.0390255 0.0133062 0.00321619 0.000559712 6.95325e-05 6.0435e-06 3.61515e-07 1.46761e-08 3.97673e-10 7.06017e-12
 1.44695e-08 6.68365e-07 1.82018e-05 0.000292255 0.00276684 0.0154503 0.0509804 0.100315 0.123092 0.112663 0.110306 0.123441 0.127409 0.110509 0.0735951 0.0346152 0.0113407 0.00267576 0.000465543 5.87671e-05 5.18356e-06 3.08921e-07 1.2153e-08 3.10667e-10 5.10255e-12
 2.08145e-08 9.10994e-07 2.35075e-05 0.00035764 0.00320836 0.0169807 0.0531706 0.099882 0.120168 0.116452 0.125261 0.138218 0.129253 0.0998792 0.0604672 0.0264033 0.00812378 0.00181115 0.000299501 3.62597e-05 3.1029e-06 1.81187e-07 7.01317e-09 1.75843e-10 2.80628e-12
 3.18866e-08 1.32179e-06 3.2304e-05 0.000465482 0.00395503 0.0198269 0.0588184 0.104801 0.120179 0.112655 0.119493 0.132771 0.128466 0.102151 0.0612734 0.0257335 0.00751831 0.00158317 0.000246292 2.7974e-05 2.24645e-06 1.23538e-07 4.52885e-09 1.08193e-10 1.65313e-12
 5.33228e-08 2.0928e-06 4.84267e-05 0.000660683 0.00531506 0.0252293 0.0708857 0.119752 0.130758 0.117813 0.120102 0.1268 0.11616 0.0877796 0.0505391 0.0206966 0.0059909 0.00125446 0.000191173 2.07906e-05 1.57071e-06 8.0513e-08 2.74234e-09 6.08863e-11 8.66438e-13
 7.6588e-08 2.84534e-06 6.23232e-05 0.000804865 0.00612957 0.027552 0.0734169 0.118479 0.127268 0.120343 0.128927 0.133307 0.115499 0.081732 0.0439683 0.0168496 0.0045926 0.000916108 0.000134617 1.41874e-05 1.03399e-06 5.05729e-08 1.62355e-09 3.36377e-11 4.43831e-13
 1.04197e-07 3.66372e-06 7.59507e-05 0.000928338 0.00669189 0.0284822 0.0719985 0.11118 0.11815 0.117646 0.132643 0.139581 0.122343 0.085721 0.0440878 0.0157255 0.00392389 0.000712202 9.57785e-05 9.35602e-06 6.39704e-07 2.95786e-08 8.99897e-10 1.76368e-11 2.19123e-13
 1.66445e-07 5.53859e-06 0.00010866 0.00125692 0.00857471 0.0345408 0.0826512 0.120898 0.121993 0.116102 0.126823 0.132082 0.116005 0.080499 0.0403833 0.0140029 0.00339789 0.000593629 7.5137e-05 6.76291e-06 4.2192e-07 1.78179e-08 4.98236e-10 9.03809e-12 1.04499e-13
 2.81472e-07 8.86389e-06 0.000164573 0.0018016 0.0116315 0.0443446 0.100447 0.139183 0.133242 0.120164 0.123305 0.119694 0.0979377 0.0639562 0.030717 0.0104015 0.00250539 0.00043589 5.42787e-05 4.71178e-06 2.77808e-07 1.08993e-08 2.79769e-10 4.62993e-12 4.87744e-14
 3.33397e-07 9.93655e-06 0.000174606 0.00180915 0.0110585 0.0399712 0.0864111 0.117677 0.121733 0.13106 0.146253 0.137652 0.104806 0.0629556 0.0276693 0.00853844 0.00187929 0.000303377 3.58033e-05 2.98785e-06 1.69769e-07 6.37743e-09 1.55085e-10 2.40432e-12 2.34938e-14
 4.82321e-07 1.3606e-05 0.000226296 0.00221931 0.0128402 0.0439328 0.0899308 0.116112 0.11456 0.120245 0.136777 0.138119 0.113692 0.0702559 0.0301539 0.00881673 0.00180544 0.000267475 2.87776e-05 2.1963e-06 1.15258e-07 4.04258e-09 9.24989e-11 1.35353e-12 1.24724e-14
 6.91217e-07 1.84579e-05 0.000290607 0.00269801 0.0147803 0.0479301 0.0934022 0.116912 0.117265 0.127603 0.142164 0.135469 0.104862 0.0617059 0.0257011 0.0074332 0.0015181 0.000221455 2.28139e-05 1.6228e-06 7.80506e-08 2.49305e-09 5.19952e-11 6.96777e-13 5.91444e-15
 9.13271e-07 2.30886e-05 0.000344157 0.00302522 0.0156959 0.0482723 0.0897714 0.109917 0.11425 0.131302 0.148221 0.140577 0.106717 0.0602313 0.0237205 0.00647556 0.0012587 0.000176866 1.76742e-05 1.21605e-06 5.59289e-08 1.68221e-09 3.25624e-11 4.00702e-13 3.10422e-15
 1.4235e-06 3.40753e-05 0.000480932 0.00400288 0.0196654 0.0572728 0.100885 0.117084 0.115694 0.127887 0.141819 0.133932 0.10011 0.0544233 0.0203595 0.00524855 0.000960315 0.000126752 1.1905e-05 7.72558e-07 3.36472e-08 9.60185e-10 1.7608e-11 2.04333e-13 1.483e-15
#spawning biomass
 9006.21 9234.68 7437.23 8669.45 12196.6 18972.9 24880.4 29096.2 38677.7 51305.8 58182.1 78774.2 105687 142796 128047 106952 116038 89119.6 98457 105558 99586.5 106454 118040 119716 126962 131577 117257 117361 141240 227658 404818 437791 415084 364315 306066 251908 206696 171345 144881 125661 112006 102458 95861.6 91311.6 88168.2 86083.5 84700.9 83783.9 83175.8 82772.5 82505 82327.6 82209.9 82131.9 82080.1 82045.8 82023.1 82008 81998 81991.3 81986.9 81984 81982.1 81980.8 81979.9 81979.4 81979 81978.7 81978.6 81978.5 81978.4 81978.3 81978.3 81978.3 81978.3 81978.3 81978.3 81978.2 81978.2 81978.2 81978.2 81978.2 81978.2 81978.2 81978.2 81978.2 81978.2 81978.2 81978.2 81978.2 81978.2 81978.2 81978.2 81978.2 81978.2 81978.2 81978.2 81978.2 81978.2 81978.2 81978.2 81978.2 81978.2 81978.2 81978.2 81978.2 81978.2 81978.2 81978.2 81978.2 81978.2 81978.2 81978.2 81978.2 81978.2 81978.2 81978.2 81978.2 81978.2 81978.2 81978.2 81978.2 81978.2 81978.2 81978.2 81978.2 81978.2 81978.2 81978.2 0 0 0 0 0 0 0 0 0 0 0 0 0 0 0 0 0 0 0 0 0 0 0 0 0
