SBPRF35
0.175648
Curr Bio
176471
B35
199334
F35
0.683571
FOFL
0.683571
OFL
75086
Bzero
50185.1
#pred survey bio
 1871.76 2896.22 4529.17 7964.99 12730.9 17504.5 27711.1 38246.2 58238 79055.9 93527.2 111781 126027 143623 139276 141492 128523 113137 126026 113462 133177 130914 156392 144247 126812 129378 150988 173765 4.91171e+06 4.84369e+06 2.82304e+06 1.6049e+06 990188 700200 563686 496839 462138 443071 432129 425670 421797 419455 418028 417152 416629 416317 416130 416018 415951 415910 415886 415871 415862 415857 415854 415852 415851 415850 415850 415850 415849 415849 415849 415849 415849 415849 415849 415849 415849 415849 415849 415849 415849 415849 415849 415849 415849 415849 415849 415849 415849 415849 415849 415849 415849 415849 415849 415849 415849 415849 415849 415849 415849 415849 415849 415849 415849 415849 415849 415849 415849 415849 415849 415849 415849 415849 415849 415849 415849 415849 415849 415849 415849 415849 415849 415849 415849 415849 415849 415849 415849 415849 415849 415849 415849 415849 415849 415849 0 0 0 0 0 0 0 0 0 0 0 0 0 0 0 0 0 0 0 0 0 0 0 0 0
#obs survey bio
 1531.68 3259.46 4909.42 11003.8 11312.7 18781.3 25088.8 43745.4 79953.9 80896.9 124879 116228 199193 115890 159144 140603 128710 118523 125630 90423.4 154091 110688 147357 148050 137941 140090 212680 169345
#pred catch bio
 787.545 1470.43 1912.12 3698.16 7439.81 9319.17 16530.2 20175.2 32642 47473.8 56870.9 72016.8 77413 99335.6 93980.3 100060 95004.4 76083.2 98651 78462.8 102930 91401.4 121909 112406 95553 94982.3 111406 108446 75086 87687.3 46298.1 23340.2 12986.6 8841.84 7304.38 6762.91 6579.08 6518.31 6498.62 6492.33 6490.35 6489.72 6489.53 6489.47 6489.45 6489.45 6489.44 6489.44 6489.44 6489.44 6489.44 6489.44 6489.44 6489.44 6489.44 6489.44 6489.44 6489.44 6489.44 6489.44 6489.44 6489.44 6489.44 6489.44 6489.44 6489.44 6489.44 6489.44 6489.44 6489.44 6489.44 6489.44 6489.44 6489.44 6489.44 6489.44 6489.44 6489.44 6489.44 6489.44 6489.44 6489.44 6489.44 6489.44 6489.44 6489.44 6489.44 6489.44 6489.44 6489.44 6489.44 6489.44 6489.44 6489.44 6489.44 6489.44 6489.44 6489.44 6489.44 6489.44 6489.44 6489.44 6489.44 6489.44 6489.44 6489.44 6489.44 6489.44 6489.44 6489.44 6489.44 6489.44 6489.44 6489.44 6489.44 6489.44 6489.44 6489.44 6489.44 6489.44 6489.44 6489.44 6489.44 6489.44 6489.44 6489.44 6489.44 6489.44 0 0 0 0 0 0 0 0 0 0 0 0 0 0 0 0 0 0 0 0 0 0 0 0 0
#obs catch bio
 834.928 1504.91 1836.47 3434.88 7211.99 8795.2 16239.8 19090.3 30525.7 44795.2 51620.9 70516.7 69255.3 100862 91328.9 96784.9 95828.2 73752.9 99965.3 78915.8 102946 86425.6 111562 100236 84159.6 88018.8 100946 105957
#pred cpue bio
 1618.9 2314.76 3701.7 6458.85 10463.5 14045.8 22312 30921.9 47283.5 65027.8 77563.7 91427.3 103744 119405 114442 117296 106751 92408.4 102466 90950.9 107094 104323 125224 116804 103011 102623 119394 137905 4.08669e+06 4.80835e+06 2.78788e+06 1.56975e+06 955030 665042 528528 461681 426980 407913 396970 390512 386639 384297 382869 381994 381471 381159 380972 380860 380793 380752 380728 380713 380704 380699 380696 380694 380693 380692 380692 380691 380691 380691 380691 380691 380691 380691 380691 380691 380691 380691 380691 380691 380691 380691 380691 380691 380691 380691 380691 380691 380691 380691 380691 380691 380691 380691 380691 380691 380691 380691 380691 380691 380691 380691 380691 380691 380691 380691 380691 380691 380691 380691 380691 380691 380691 380691 380691 380691 380691 380691 380691 380691 380691 380691 380691 380691 380691 380691 380691 380691 380691 380691 380691 380691 380691 380691 380691 380691 0 0 0 0 0 0 0 0 0 0 0 0 0 0 0 0 0 0 0 0 0 0 0 0 0
#obs cpue bio
 1165.77 2098.36 4770.33 6977.25 11762.8 16595.8 24487.4 35355.5 48825.7 74245.9 94759.8 80195.1 119069 110864 118387 138227 96980.6 99786.7 101286 96391.8 108738 152084 212770 178888 159417 118541 133232 138413
#pred surv len freq
 1.55138e-11 1.68461e-09 1.07851e-07 4.07082e-06 9.05902e-05 0.00118857 0.00919481 0.0419538 0.11309 0.181593 0.180818 0.131106 0.0962163 0.0759217 0.0527125 0.0338059 0.0225103 0.0154995 0.011102 0.00840079 0.00681242 0.00597454 0.00534279 0.0041937 0.00246879
 1.76048e-11 1.91167e-09 1.22387e-07 4.61948e-06 0.0001028 0.00134877 0.0104339 0.0476042 0.128275 0.205606 0.202963 0.14235 0.0975425 0.0712433 0.0434728 0.0218105 0.0109179 0.00595658 0.00348757 0.00219141 0.00149846 0.00113889 0.0009297 0.000705716 0.000416827
 1.61577e-11 1.75453e-09 1.12327e-07 4.23977e-06 9.435e-05 0.00123791 0.0095767 0.0437013 0.11787 0.18983 0.191651 0.145768 0.114611 0.08991 0.0539198 0.0243388 0.00991308 0.00408076 0.00171348 0.000780843 0.000404669 0.000242805 0.000167017 0.000116056 6.64847e-05
 1.66227e-11 1.80502e-09 1.15559e-07 4.36178e-06 9.70651e-05 0.00127353 0.00985209 0.0449543 0.121199 0.194782 0.194731 0.143161 0.106946 0.0829126 0.0523162 0.0268778 0.0126593 0.00531534 0.0019058 0.000631414 0.000216323 8.55721e-05 4.22877e-05 2.4194e-05 1.27221e-05
 1.59864e-11 1.73593e-09 1.11136e-07 4.19482e-06 9.33497e-05 0.00122479 0.00947516 0.0432379 0.11662 0.187812 0.189598 0.144201 0.113594 0.0899878 0.0557307 0.0272392 0.0124327 0.00549166 0.00219084 0.000757852 0.000223255 5.95363e-05 1.71342e-05 6.30632e-06 2.65299e-06
 1.69296e-11 1.83835e-09 1.17693e-07 4.44233e-06 9.88575e-05 0.00129705 0.010034 0.0457839 0.12343 0.198317 0.198029 0.144916 0.10714 0.0816195 0.049401 0.0232811 0.0100447 0.00418709 0.00161083 0.000567814 0.000177441 4.67117e-05 1.03726e-05 2.1953e-06 5.42789e-07
 1.67598e-11 1.81991e-09 1.16513e-07 4.39777e-06 9.7866e-05 0.00128404 0.00993341 0.0453259 0.122208 0.196462 0.196683 0.145263 0.109047 0.0836941 0.0505156 0.0234894 0.00988366 0.00397603 0.00145388 0.00048371 0.000145796 3.85247e-05 8.56734e-06 1.56189e-06 2.45768e-07
 1.6545e-11 1.79659e-09 1.1502e-07 4.34141e-06 9.66119e-05 0.00126758 0.00980619 0.0447467 0.120665 0.194129 0.19504 0.145865 0.111697 0.0864403 0.0517698 0.0234412 0.0094711 0.00367956 0.00130511 0.000417694 0.000119649 2.99878e-05 6.43823e-06 1.14513e-06 1.63149e-07
 1.64393e-11 1.78511e-09 1.14284e-07 4.31366e-06 9.59943e-05 0.00125948 0.0097435 0.0444606 0.119893 0.19288 0.19376 0.144866 0.111027 0.08648 0.0529289 0.0252286 0.0108789 0.00434522 0.00151453 0.000466877 0.000128485 3.08049e-05 6.28379e-06 1.06345e-06 1.44795e-07
 1.58609e-11 1.72231e-09 1.10264e-07 4.1619e-06 9.26172e-05 0.00121518 0.00940087 0.0429001 0.115725 0.186501 0.188882 0.145231 0.116213 0.0924367 0.0564949 0.0265434 0.0113264 0.00461335 0.00168665 0.000541716 0.000149625 3.4858e-05 6.81166e-06 1.0982e-06 1.42066e-07
 1.54913e-11 1.68217e-09 1.07694e-07 4.06493e-06 9.04591e-05 0.00118686 0.00918191 0.0419027 0.113059 0.182404 0.185673 0.145211 0.119155 0.0960494 0.0590022 0.0278385 0.0118993 0.0048174 0.00174837 0.000567068 0.000161849 3.90142e-05 7.69142e-06 1.21341e-06 1.50719e-07
 1.61348e-11 1.75205e-09 1.12168e-07 4.23378e-06 9.42166e-05 0.00123616 0.00956313 0.043639 0.117697 0.189506 0.191115 0.144843 0.113424 0.0893723 0.054843 0.0261701 0.0113769 0.00466167 0.00170001 0.000550613 0.000156867 3.81818e-05 7.71382e-06 1.24737e-06 1.55918e-07
 1.5768e-11 1.71222e-09 1.09618e-07 4.13753e-06 9.20748e-05 0.00120806 0.00934586 0.04265 0.115063 0.185537 0.188387 0.146082 0.118261 0.0942283 0.0567985 0.0256961 0.0103948 0.00409288 0.00148957 0.000487807 0.000140064 3.41705e-05 6.92278e-06 1.13172e-06 1.44168e-07
 1.53607e-11 1.66799e-09 1.06786e-07 4.03065e-06 8.96964e-05 0.00117686 0.00910453 0.0415503 0.112118 0.180967 0.184589 0.145346 0.120425 0.097528 0.0599453 0.0282043 0.011924 0.00470037 0.00163355 0.000508116 0.000142658 3.48482e-05 7.10818e-06 1.16787e-06 1.49671e-07
 1.58455e-11 1.72063e-09 1.10157e-07 4.15786e-06 9.25273e-05 0.001214 0.00939177 0.0428591 0.115622 0.186394 0.189052 0.146067 0.117622 0.09348 0.0563384 0.0255061 0.0103027 0.00401655 0.00142774 0.000450251 0.000123526 2.89575e-05 5.74558e-06 9.37581e-07 1.20575e-07
 1.54245e-11 1.67491e-09 1.0723e-07 4.04738e-06 9.00687e-05 0.00118174 0.00914234 0.0417231 0.112588 0.181751 0.18551 0.14636 0.121462 0.0979483 0.0591315 0.0266065 0.0105689 0.0039981 0.00136704 0.000420021 0.000115266 2.71561e-05 5.3076e-06 8.40494e-07 1.05465e-07
 1.53225e-11 1.66385e-09 1.06521e-07 4.02063e-06 8.94735e-05 0.00117393 0.00908195 0.0414481 0.111854 0.180635 0.184687 0.146528 0.12254 0.0991297 0.0597703 0.026744 0.0105219 0.00393713 0.0013252 0.000396374 0.000105105 2.4102e-05 4.66042e-06 7.34325e-07 9.08553e-08
 1.60504e-11 1.74288e-09 1.11581e-07 4.21162e-06 9.37236e-05 0.00122969 0.00951317 0.0434125 0.117106 0.188715 0.191072 0.146744 0.117025 0.0922366 0.0548394 0.0240054 0.00913864 0.00332901 0.00110228 0.000325075 8.46597e-05 1.89155e-05 3.54605e-06 5.44469e-07 6.63253e-08
 1.62736e-11 1.76712e-09 1.13133e-07 4.27019e-06 9.50269e-05 0.00124679 0.00964539 0.0440145 0.118711 0.191153 0.192837 0.146277 0.114524 0.0895967 0.0535783 0.0239366 0.00937702 0.00345237 0.0011248 0.000322471 8.19438e-05 1.79556e-05 3.29663e-06 4.93256e-07 5.842e-08
 1.67491e-11 1.81875e-09 1.16438e-07 4.39496e-06 9.78035e-05 0.00128322 0.00992714 0.0452987 0.122154 0.196527 0.197458 0.147657 0.112807 0.0863363 0.0498159 0.0203947 0.00693309 0.00229868 0.000730145 0.000210586 5.32509e-05 1.14225e-05 2.04378e-06 2.98667e-07 3.45615e-08
 1.66695e-11 1.81011e-09 1.15885e-07 4.37407e-06 9.73386e-05 0.00127712 0.00987994 0.0450833 0.121572 0.195588 0.196501 0.146923 0.112343 0.0864357 0.0507805 0.0218008 0.0079578 0.00269383 0.000796005 0.000205219 4.82235e-05 1.01098e-05 1.79231e-06 2.57493e-07 2.91042e-08
 1.69742e-11 1.84319e-09 1.18003e-07 4.45402e-06 9.91177e-05 0.00130046 0.0100605 0.045906 0.123777 0.199019 0.199401 0.147638 0.110975 0.0841405 0.0483736 0.0197115 0.00661363 0.00212608 0.000637773 0.000169155 3.86884e-05 7.47198e-06 1.22247e-06 1.67962e-07 1.85912e-08
 1.68259e-11 1.82709e-09 1.16972e-07 4.41511e-06 9.82519e-05 0.0012891 0.00997262 0.0455055 0.122702 0.197334 0.197916 0.147087 0.111335 0.0850707 0.0496684 0.021047 0.00751823 0.00249537 0.000725251 0.000181856 4.05329e-05 7.84145e-06 1.2589e-06 1.63107e-07 1.68308e-08
 1.63072e-11 1.77077e-09 1.13366e-07 4.279e-06 9.52231e-05 0.00124937 0.00966534 0.0441064 0.118971 0.191667 0.193802 0.148133 0.117092 0.0911855 0.0526535 0.0212975 0.00701575 0.00220328 0.000645895 0.000167386 3.74046e-05 7.00284e-06 1.08744e-06 1.38249e-07 1.39193e-08
 1.61895e-11 1.75799e-09 1.12548e-07 4.24813e-06 9.4536e-05 0.00124035 0.00959563 0.0437887 0.11812 0.190346 0.1927 0.147909 0.117703 0.0921429 0.0535991 0.0220655 0.00746738 0.00235575 0.000662866 0.000161868 3.5128e-05 6.62025e-06 1.03406e-06 1.29315e-07 1.26611e-08
 1.71866e-11 1.86626e-09 1.1948e-07 4.50976e-06 0.000100358 0.00131674 0.0101863 0.046479 0.125304 0.201329 0.201035 0.147069 0.108408 0.0815116 0.0472445 0.0198369 0.00699346 0.00230371 0.000669341 0.000166014 3.54534e-05 6.40725e-06 9.65331e-07 1.19216e-07 1.16417e-08
 1.72815e-11 1.87656e-09 1.20139e-07 4.53465e-06 0.000100912 0.001324 0.0102425 0.0467351 0.12599 0.202403 0.201965 0.147366 0.108095 0.0808676 0.0464528 0.0190703 0.00647915 0.00208747 0.000614653 0.000158236 3.51051e-05 6.48191e-06 9.72053e-07 1.16785e-07 1.1049e-08
 1.71334e-11 1.86048e-09 1.1911e-07 4.4958e-06 0.000100048 0.00131266 0.0101548 0.0463357 0.124924 0.200774 0.20074 0.147526 0.109531 0.0824924 0.0474038 0.0193716 0.00650321 0.00205236 0.000587171 0.000147088 3.24646e-05 6.12866e-06 9.49869e-07 1.16821e-07 1.10794e-08
#obs surv len freq
 1.87342e-11 2.03431e-09 1.30238e-07 4.91584e-06 0.000109395 0.00143529 0.011103 0.0506513 0.136404 0.21795 0.211832 0.139642 0.0845692 0.0591847 0.0406257 0.024875 0.0132809 0.00575503 0.00194803 0.000511243 0.000101982 1.5033e-05 1.59619e-06 1.18994e-07 6.06358e-09
 1.45982e-11 1.58519e-09 1.01485e-07 3.83057e-06 8.52442e-05 0.00111845 0.00865315 0.0394995 0.106695 0.172992 0.179602 0.148222 0.128816 0.105058 0.0635756 0.0287167 0.0112158 0.00406483 0.00128254 0.000326326 6.3323e-05 8.98404e-06 9.03409e-07 6.27783e-08 2.94775e-09
 1.73586e-11 1.88494e-09 1.20676e-07 4.55491e-06 0.000101363 0.00132992 0.0102884 0.0469448 0.126546 0.203101 0.201281 0.142217 0.0981355 0.0738416 0.0496669 0.0279208 0.012806 0.00443193 0.00112389 0.000219961 3.50391e-05 4.43969e-06 4.17194e-07 2.73836e-08 1.20867e-09
 1.61358e-11 1.75215e-09 1.12174e-07 4.23403e-06 9.42226e-05 0.00123625 0.00956433 0.0436534 0.117827 0.190237 0.193342 0.148008 0.114407 0.0874979 0.0532009 0.0254642 0.0105001 0.00369422 0.00102381 0.000210992 3.13432e-05 3.32633e-06 2.54278e-07 1.40246e-08 5.45364e-10
 1.64036e-11 1.78124e-09 1.14037e-07 4.30432e-06 9.57869e-05 0.00125678 0.00972316 0.0443783 0.119775 0.193262 0.195637 0.147307 0.110606 0.0838312 0.0523939 0.026255 0.0108609 0.00354573 0.000876134 0.000164915 2.36431e-05 2.48626e-06 1.82986e-07 9.14124e-09 3.05747e-10
 1.71694e-11 1.86439e-09 1.1936e-07 4.50525e-06 0.000100258 0.00131544 0.010177 0.0464485 0.125339 0.201998 0.20316 0.149045 0.106124 0.0764514 0.0457212 0.0218523 0.00868474 0.00277052 0.000670345 0.000120478 1.59176e-05 1.51865e-06 1.02518e-07 4.78976e-09 1.5095e-10
 1.59745e-11 1.73465e-09 1.11053e-07 4.19173e-06 9.32816e-05 0.00122393 0.00946964 0.043233 0.116813 0.189284 0.194428 0.151541 0.117086 0.0873215 0.0520081 0.0243713 0.00940635 0.00290188 0.000679585 0.000118457 1.51443e-05 1.3826e-06 8.767e-08 3.77985e-09 1.0895e-10
 1.56976e-11 1.70457e-09 1.09128e-07 4.11906e-06 9.16648e-05 0.00120272 0.0093059 0.0424909 0.114863 0.186434 0.19246 0.1515 0.118028 0.0887356 0.0541316 0.0263373 0.0103913 0.00317237 0.00071756 0.000119287 1.44784e-05 1.25435e-06 7.54411e-08 3.0743e-09 8.31591e-11
 1.60077e-11 1.73825e-09 1.11284e-07 4.20045e-06 9.3476e-05 0.00122649 0.00949 0.0433339 0.117157 0.190176 0.196027 0.152767 0.116156 0.0851272 0.0509263 0.0243779 0.00949307 0.00287679 0.000647539 0.000106246 1.2506e-05 1.03231e-06 5.84682e-08 2.23145e-09 5.64258e-11
 1.44454e-11 1.5686e-09 1.00423e-07 3.79049e-06 8.43535e-05 0.00110684 0.00856539 0.039135 0.106058 0.173782 0.185168 0.156597 0.130432 0.0987713 0.0586564 0.0274357 0.0103685 0.00304855 0.000667896 0.000106981 1.22979e-05 9.87648e-07 5.39802e-08 1.96631e-09 4.69405e-11
 1.50756e-11 1.63704e-09 1.04805e-07 3.95588e-06 8.80341e-05 0.00115513 0.00893891 0.0408364 0.110592 0.180591 0.189627 0.153858 0.121963 0.0917862 0.056941 0.0283682 0.0111446 0.0032817 0.000703155 0.000108923 1.20533e-05 9.30426e-07 4.88408e-08 1.70577e-09 3.89102e-11
 1.53662e-11 1.66859e-09 1.06825e-07 4.03212e-06 8.97313e-05 0.00117742 0.00911189 0.0416346 0.112823 0.184562 0.194525 0.158004 0.122951 0.0883654 0.0511542 0.023621 0.00880171 0.00253976 0.00054209 8.32482e-05 8.98412e-06 6.65693e-07 3.32086e-08 1.09707e-09 2.3633e-11
 1.358e-11 1.47463e-09 9.44072e-08 3.56344e-06 7.93026e-05 0.00104064 0.00805533 0.0368405 0.100176 0.165942 0.182075 0.161485 0.137677 0.103395 0.0609936 0.0283118 0.0103633 0.0028779 0.000587771 8.69494e-05 9.12459e-06 6.59836e-07 3.19862e-08 1.01728e-09 2.08825e-11
 1.43497e-11 1.55821e-09 9.97584e-08 3.76543e-06 8.37976e-05 0.00109962 0.00851166 0.038921 0.105738 0.174408 0.188162 0.159839 0.129711 0.0958165 0.0573383 0.0271361 0.00993227 0.00269115 0.000526045 7.34816e-05 7.2336e-06 4.90928e-07 2.24434e-08 6.76781e-10 1.32144e-11
 1.37049e-11 1.4882e-09 9.52759e-08 3.59625e-06 8.00338e-05 0.00105029 0.0081314 0.0372074 0.101318 0.168386 0.185523 0.163614 0.136168 0.0999171 0.0584388 0.0270656 0.00981941 0.00267143 0.000525129 7.28173e-05 6.96992e-06 4.51141e-07 1.94088e-08 5.46886e-10 9.9556e-12
 1.38028e-11 1.49882e-09 9.59562e-08 3.62194e-06 8.06063e-05 0.00105783 0.00819041 0.0374854 0.102126 0.169852 0.186991 0.163662 0.134519 0.0983906 0.0579776 0.026924 0.00962905 0.00255087 0.000487587 6.60261e-05 6.18838e-06 3.91065e-07 1.62858e-08 4.39114e-10 7.5624e-12
 1.2823e-11 1.39243e-09 8.91454e-08 3.36489e-06 7.48878e-05 0.000982884 0.00761274 0.0348821 0.0954005 0.160599 0.18256 0.16865 0.143934 0.105108 0.0604837 0.0272599 0.00948089 0.00244822 0.000454929 5.94978e-05 5.3552e-06 3.24196e-07 1.29312e-08 3.33866e-10 5.49587e-12
 1.4577e-11 1.58289e-09 1.01339e-07 3.82512e-06 8.51294e-05 0.00111724 0.00865139 0.0396048 0.107926 0.179264 0.195327 0.165033 0.128387 0.0899669 0.0514716 0.023042 0.00780394 0.00192899 0.000340515 4.22624e-05 3.6124e-06 2.07596e-07 7.84674e-09 1.91599e-10 2.97853e-12
 1.38756e-11 1.50674e-09 9.64635e-08 3.64114e-06 8.10381e-05 0.00106368 0.00824 0.0377709 0.103355 0.173795 0.195272 0.173068 0.137454 0.0926299 0.0489393 0.0201276 0.00639594 0.00151426 0.000257325 3.05292e-05 2.4703e-06 1.33491e-07 4.73029e-09 1.08185e-10 1.57486e-12
 1.40075e-11 1.52105e-09 9.73802e-08 3.67577e-06 8.18101e-05 0.00107386 0.00831979 0.0381464 0.104428 0.175623 0.196771 0.172652 0.135577 0.091412 0.0486111 0.0197596 0.00599253 0.00131687 0.000205836 2.25819e-05 1.7052e-06 8.64527e-08 2.87457e-09 6.15174e-11 8.35242e-13
 1.41428e-11 1.53575e-09 9.83212e-08 3.71132e-06 8.2603e-05 0.00108433 0.0084023 0.03854 0.105595 0.17781 0.199162 0.173384 0.133891 0.088906 0.0469083 0.0190161 0.00575162 0.00125141 0.000190507 1.99116e-05 1.40521e-06 6.58783e-08 2.02036e-09 3.99503e-11 5.0251e-13
 1.49874e-11 1.62747e-09 1.04193e-07 3.93299e-06 8.75375e-05 0.00114912 0.00890431 0.0408364 0.111781 0.187419 0.206737 0.173377 0.126992 0.080371 0.0407013 0.0158731 0.00463139 0.0009761 0.000144266 1.46071e-05 9.91456e-07 4.42241e-08 1.27517e-09 2.34615e-11 2.72574e-13
 1.46932e-11 1.59552e-09 1.02149e-07 3.85589e-06 8.58258e-05 0.00112682 0.00873502 0.0401053 0.110112 0.186002 0.208279 0.177792 0.130206 0.0800451 0.0385601 0.0141639 0.00388991 0.000774386 0.000108487 1.04382e-05 6.74287e-07 2.86252e-08 7.84043e-10 1.36504e-11 1.49287e-13
 1.33555e-11 1.45027e-09 9.28505e-08 3.50502e-06 7.80242e-05 0.0010247 0.00795032 0.0365926 0.101157 0.173948 0.202609 0.183665 0.141458 0.0887576 0.0426126 0.0152767 0.0040093 0.000750376 9.79604e-05 8.762e-06 5.26931e-07 2.08828e-08 5.35298e-10 8.73643e-12 8.9629e-14
 1.39795e-11 1.51803e-09 9.71893e-08 3.66882e-06 8.16711e-05 0.00107259 0.00832115 0.0382808 0.105608 0.180306 0.20591 0.180276 0.134891 0.0844455 0.0411766 0.0149313 0.00389165 0.000708448 8.83192e-05 7.43065e-06 4.15761e-07 1.52332e-08 3.6013e-10 5.42157e-12 5.138e-14
 1.49831e-11 1.62701e-09 1.04167e-07 3.93225e-06 8.75364e-05 0.00114963 0.00891847 0.0410145 0.112964 0.191652 0.214574 0.179628 0.126014 0.0740555 0.0342898 0.0119792 0.00305039 0.000546459 6.68562e-05 5.46172e-06 2.92627e-07 1.01306e-08 2.23855e-10 3.1251e-12 2.73227e-14
 1.31243e-11 1.42518e-09 9.12478e-08 3.44487e-06 7.67057e-05 0.00100806 0.00783436 0.036203 0.100971 0.176594 0.210266 0.191477 0.141926 0.0826525 0.0361031 0.0116405 0.0027322 0.000455324 5.24183e-05 4.06704e-06 2.07987e-07 6.87425e-09 1.4449e-10 1.90741e-12 1.56642e-14
 1.39497e-11 1.51481e-09 9.69867e-08 3.66153e-06 8.15284e-05 0.00107134 0.00832304 0.0384104 0.106669 0.184282 0.213361 0.186444 0.134326 0.0783282 0.0346573 0.0111085 0.00250213 0.000387724 4.07809e-05 2.88014e-06 1.34762e-07 4.10942e-09 8.03137e-11 9.91234e-13 7.63296e-15
#pred catch len freq
 1.37122e-11 1.48898e-09 9.5326e-08 3.59808e-06 8.00701e-05 0.00105055 0.00812739 0.0370901 0.100072 0.161434 0.16426 0.128457 0.106388 0.0896987 0.06335 0.0407481 0.0271419 0.0186891 0.0133866 0.0101295 0.00821431 0.007204 0.00644224 0.00505669 0.00297683
 1.63983e-11 1.78066e-09 1.13999e-07 4.3029e-06 9.57549e-05 0.00125634 0.00971913 0.0443481 0.119571 0.192216 0.192404 0.142055 0.106732 0.0825173 0.0511588 0.0257466 0.012894 0.00703498 0.00411897 0.00258816 0.00176975 0.00134508 0.00109802 0.000833483 0.000492292
 1.44644e-11 1.57066e-09 1.00555e-07 3.79546e-06 8.44625e-05 0.00110819 0.00857353 0.039132 0.105661 0.171098 0.177115 0.146142 0.128771 0.106807 0.0649634 0.0294053 0.011982 0.00493269 0.0020712 0.000943862 0.000489153 0.000293496 0.000201886 0.000140285 8.03648e-05
 1.51408e-11 1.64411e-09 1.05257e-07 3.97294e-06 8.84122e-05 0.00116001 0.00897418 0.0409552 0.11051 0.178351 0.181833 0.143003 0.118606 0.0972427 0.0622578 0.0320734 0.0151121 0.00634549 0.00227516 0.000753789 0.000258249 0.000102157 5.04835e-05 2.88831e-05 1.51878e-05
 1.49533e-11 1.62375e-09 1.03954e-07 3.92375e-06 8.73174e-05 0.00114565 0.00886313 0.0404501 0.109169 0.176369 0.180657 0.144228 0.121927 0.100093 0.0625548 0.0306281 0.0139831 0.00617667 0.00246412 0.000852386 0.000251104 6.69629e-05 1.92715e-05 7.09297e-06 2.98392e-06
 1.57571e-11 1.71103e-09 1.09542e-07 4.13465e-06 9.20107e-05 0.00120722 0.00933933 0.0426197 0.114974 0.185338 0.187924 0.145066 0.116783 0.0932262 0.0571308 0.0269895 0.0116491 0.00485605 0.0018682 0.000658535 0.000205791 5.4175e-05 1.20298e-05 2.54605e-06 6.29513e-07
 1.5843e-11 1.72036e-09 1.10139e-07 4.1572e-06 9.25126e-05 0.0012138 0.00939026 0.0428519 0.115597 0.186317 0.188796 0.14542 0.116648 0.0928172 0.0565589 0.0263488 0.0110901 0.0044615 0.0016314 0.000542772 0.000163599 4.32287e-05 9.61344e-06 1.7526e-06 2.75777e-07
 1.53159e-11 1.66312e-09 1.06475e-07 4.01889e-06 8.94347e-05 0.00117342 0.009078 0.0414299 0.111803 0.180533 0.184499 0.146166 0.122027 0.0987685 0.0598462 0.0271605 0.0109779 0.00426512 0.00151282 0.000484169 0.000138691 3.47603e-05 7.46286e-06 1.32737e-06 1.89114e-07
 1.53387e-11 1.6656e-09 1.06633e-07 4.02487e-06 8.95678e-05 0.00117517 0.00909147 0.0414906 0.111956 0.180696 0.184269 0.14499 0.120058 0.0973753 0.0602258 0.0287652 0.0124078 0.00495604 0.00172744 0.00053251 0.000146548 3.51354e-05 7.16715e-06 1.21295e-06 1.6515e-07
 1.48944e-11 1.61736e-09 1.03545e-07 3.9083e-06 8.69736e-05 0.00114113 0.00882828 0.0402919 0.108755 0.175803 0.18056 0.145375 0.124193 0.102031 0.062872 0.0295866 0.0126282 0.0051437 0.00188055 0.000603994 0.000166826 3.88654e-05 7.59476e-06 1.22446e-06 1.58399e-07
 1.45363e-11 1.57846e-09 1.01055e-07 3.81431e-06 8.48822e-05 0.0011137 0.00861609 0.0393254 0.106172 0.171833 0.177446 0.145345 0.127029 0.105524 0.0653114 0.0308601 0.0131938 0.00534162 0.00193864 0.000628778 0.000179462 4.32599e-05 8.52843e-06 1.34545e-06 1.67121e-07
 1.53898e-11 1.67114e-09 1.06988e-07 4.03827e-06 8.98659e-05 0.00117908 0.00912172 0.0416284 0.112324 0.181257 0.184688 0.144922 0.119528 0.096737 0.0597733 0.0285611 0.0124188 0.00508873 0.00185575 0.000601056 0.000171238 4.16798e-05 8.42051e-06 1.36165e-06 1.70202e-07
 1.48606e-11 1.61368e-09 1.03309e-07 3.89941e-06 8.67758e-05 0.00113854 0.00880824 0.0402012 0.10852 0.175499 0.180605 0.146307 0.125891 0.10333 0.0627531 0.0284318 0.0115043 0.00452984 0.0016486 0.000539888 0.000155018 3.78187e-05 7.6619e-06 1.25254e-06 1.5956e-07
 1.4813e-11 1.60851e-09 1.02979e-07 3.88693e-06 8.64981e-05 0.0011349 0.00878003 0.0400722 0.108168 0.174905 0.179873 0.14543 0.124953 0.102973 0.0635685 0.0299343 0.012657 0.00498944 0.00173401 0.000539365 0.000151432 3.69914e-05 7.54534e-06 1.2397e-06 1.58876e-07
 1.5234e-11 1.65423e-09 1.05905e-07 3.99739e-06 8.89562e-05 0.00116715 0.00902946 0.0412088 0.111212 0.17963 0.183808 0.146219 0.122765 0.0996156 0.0603548 0.027353 0.0110506 0.0043082 0.00153142 0.000482947 0.000132496 3.10604e-05 6.16281e-06 1.00567e-06 1.2933e-07
 1.4961e-11 1.62458e-09 1.04007e-07 3.92576e-06 8.73622e-05 0.00114623 0.00886773 0.0404723 0.109246 0.176625 0.181538 0.146484 0.125375 0.102611 0.0621771 0.0279974 0.0111227 0.00420768 0.0014387 0.00044204 0.000121308 2.85797e-05 5.58584e-06 8.84556e-07 1.10993e-07
 1.50272e-11 1.63178e-09 1.04468e-07 3.94314e-06 8.77489e-05 0.00115131 0.00890698 0.0406511 0.109725 0.177369 0.182158 0.146612 0.12504 0.102106 0.0617098 0.0276247 0.0108693 0.00406716 0.00136897 0.000409465 0.000108576 2.4898e-05 4.81434e-06 7.58577e-07 9.3856e-08
 1.54385e-11 1.67644e-09 1.07327e-07 4.05106e-06 9.01507e-05 0.00118282 0.00915067 0.0417613 0.112694 0.181952 0.185845 0.14695 0.122254 0.0984358 0.0588465 0.0257876 0.00981888 0.0035769 0.00118437 0.000349283 9.0964e-05 2.03241e-05 3.81011e-06 5.85013e-07 7.12643e-08
 1.62246e-11 1.7618e-09 1.12792e-07 4.25734e-06 9.4741e-05 0.00124304 0.00961638 0.0438824 0.118358 0.190611 0.192417 0.146291 0.114939 0.0900904 0.0539002 0.0240829 0.00943452 0.00347356 0.00113171 0.000324451 8.24469e-05 1.80658e-05 3.31687e-06 4.96285e-07 5.87787e-08
 1.62638e-11 1.76605e-09 1.13064e-07 4.26761e-06 9.49695e-05 0.00124604 0.00963961 0.043989 0.118655 0.191167 0.193339 0.147894 0.117068 0.0913297 0.0529654 0.0217065 0.00738042 0.00244706 0.00077728 0.000224181 5.66886e-05 1.21599e-05 2.17572e-06 3.17948e-07 3.67927e-08
 1.65732e-11 1.79966e-09 1.15216e-07 4.34881e-06 9.67766e-05 0.00126975 0.00982293 0.0448236 0.120879 0.194525 0.195681 0.146961 0.113173 0.0874166 0.0514106 0.0220761 0.00805861 0.00272798 0.000806098 0.000207821 4.8835e-05 1.0238e-05 1.81503e-06 2.60758e-07 2.94732e-08
 1.65304e-11 1.795e-09 1.14917e-07 4.33756e-06 9.65262e-05 0.00126646 0.00979755 0.0447085 0.120578 0.194118 0.195636 0.14786 0.114881 0.0887139 0.0512547 0.0209066 0.00701587 0.00225545 0.000676583 0.000179449 4.10427e-05 7.92668e-06 1.29687e-06 1.78184e-07 1.97226e-08
 1.67638e-11 1.82034e-09 1.1654e-07 4.39881e-06 9.78891e-05 0.00128434 0.00993581 0.0453378 0.122254 0.196647 0.197387 0.147113 0.111874 0.085706 0.0500746 0.0212222 0.00758104 0.00251624 0.000731317 0.000183377 4.08719e-05 7.90704e-06 1.26943e-06 1.64471e-07 1.69715e-08
 1.62405e-11 1.76352e-09 1.12902e-07 4.2615e-06 9.48335e-05 0.00124425 0.00962582 0.0439264 0.11849 0.19093 0.193236 0.148168 0.117681 0.0918744 0.0530863 0.0214754 0.00707458 0.00222177 0.000651318 0.000168791 3.77186e-05 7.06164e-06 1.09657e-06 1.39409e-07 1.40362e-08
 1.59887e-11 1.73618e-09 1.11152e-07 4.19543e-06 9.33633e-05 0.00122497 0.00947665 0.0432468 0.116672 0.188128 0.190995 0.148007 0.119466 0.0942103 0.0549061 0.0226123 0.00765298 0.00241433 0.000679352 0.000165894 3.60018e-05 6.78492e-06 1.05978e-06 1.32532e-07 1.2976e-08
 1.6916e-11 1.83688e-09 1.17598e-07 4.43875e-06 9.87781e-05 0.001296 0.010026 0.0457487 0.123353 0.19834 0.198733 0.147187 0.110763 0.0842834 0.0490109 0.0205923 0.00726062 0.00239176 0.000694926 0.00017236 3.68086e-05 6.65217e-06 1.00223e-06 1.23773e-07 1.20867e-08
 1.70309e-11 1.84935e-09 1.18397e-07 4.46889e-06 9.94487e-05 0.0013048 0.0100941 0.0460589 0.124184 0.199635 0.199838 0.147488 0.110294 0.0834463 0.0480825 0.0197519 0.00671148 0.00216236 0.000636708 0.000163914 3.63647e-05 6.7145e-06 1.00693e-06 1.20976e-07 1.14455e-08
 1.637e-11 1.77759e-09 1.13803e-07 4.29549e-06 9.559e-05 0.00125418 0.00970257 0.0442758 0.119422 0.192345 0.194263 0.147905 0.116244 0.0903581 0.0523663 0.0214366 0.00719866 0.00227194 0.000649996 0.000162826 3.59382e-05 6.7844e-06 1.0515e-06 1.29321e-07 1.22649e-08
#obs catch len freq
 1.08894e-11 1.18246e-09 7.57021e-08 2.85738e-06 6.35874e-05 0.000834314 0.0064553 0.0294776 0.0797747 0.130595 0.141619 0.133177 0.137711 0.130266 0.0972071 0.0605802 0.0322892 0.0138305 0.00462166 0.00120945 0.00024454 3.70401e-05 4.06412e-06 3.12436e-07 1.63211e-08
 1.7554e-11 1.90616e-09 1.22034e-07 4.60618e-06 0.000102504 0.00134488 0.0104039 0.047468 0.127907 0.204942 0.201709 0.139396 0.0930367 0.0697705 0.0487688 0.0298274 0.0157331 0.0066875 0.00220934 0.000562608 0.000108215 1.5288e-05 1.54639e-06 1.09195e-07 5.244e-09
 1.32185e-11 1.43537e-09 9.18936e-08 3.46853e-06 7.71878e-05 0.00101276 0.00783605 0.0357819 0.0968068 0.158091 0.168926 0.150368 0.141268 0.117958 0.0712425 0.0320144 0.0124112 0.00442936 0.00136451 0.000336428 6.28311e-05 8.5272e-06 8.15615e-07 5.36307e-08 2.3718e-09
 1.63118e-11 1.77127e-09 1.13398e-07 4.28022e-06 9.52504e-05 0.00124973 0.0096684 0.0441235 0.119034 0.191721 0.192834 0.142967 0.106522 0.0834457 0.056435 0.0314779 0.0141814 0.00479206 0.00118408 0.000225101 3.45837e-05 4.19055e-06 3.74e-07 2.31941e-08 9.63183e-10
 1.51924e-11 1.64971e-09 1.05616e-07 3.98648e-06 8.8714e-05 0.00116399 0.00900575 0.0411136 0.111088 0.180165 0.18636 0.149843 0.12291 0.0959729 0.0582225 0.0276607 0.0112506 0.00387001 0.00104118 0.00020712 2.95601e-05 3.00065e-06 2.18204e-07 1.1375e-08 4.15691e-10
 1.56659e-11 1.70113e-09 1.08908e-07 4.11074e-06 9.14791e-05 0.00120027 0.00928643 0.0423936 0.114519 0.185456 0.190364 0.148952 0.117274 0.0903455 0.0562544 0.0278868 0.0113222 0.0036039 0.000864808 0.000157298 2.16427e-05 2.17039e-06 1.51596e-07 7.15768e-09 2.25339e-10
 1.64696e-11 1.7884e-09 1.14495e-07 4.32162e-06 9.61721e-05 0.00126185 0.00976281 0.044567 0.120363 0.194645 0.198305 0.15082 0.112557 0.0825254 0.0491708 0.0232463 0.00906773 0.0028176 0.00066058 0.000114456 1.44973e-05 1.31879e-06 8.44383e-08 3.72334e-09 1.10295e-10
 1.5358e-11 1.6677e-09 1.06767e-07 4.02995e-06 8.96819e-05 0.00117671 0.00910489 0.0415781 0.112455 0.182941 0.190533 0.153631 0.122971 0.0924132 0.0546287 0.0252726 0.00955914 0.00286898 0.000650282 0.000109124 1.3352e-05 1.16032e-06 6.97056e-08 2.83499e-09 7.67802e-11
 1.52115e-11 1.65179e-09 1.05749e-07 3.99151e-06 8.88265e-05 0.0011655 0.00901846 0.0411886 0.111449 0.181546 0.189685 0.15351 0.122778 0.0925836 0.0559638 0.0268216 0.0103414 0.0030649 0.000669971 0.000107097 1.24264e-05 1.02353e-06 5.82474e-08 2.23654e-09 5.67974e-11
 1.56e-11 1.69398e-09 1.0845e-07 4.09347e-06 9.10957e-05 0.00119528 0.00924908 0.042244 0.114314 0.186175 0.193956 0.154768 0.120232 0.0881698 0.0522056 0.0245943 0.00935121 0.00274789 0.000596745 9.3965e-05 1.0556e-05 8.27442e-07 4.43032e-08 1.59181e-09 3.77559e-11
 1.40654e-11 1.52734e-09 9.77819e-08 3.69081e-06 8.21357e-05 0.00107776 0.00834114 0.0381232 0.103443 0.170219 0.183664 0.158987 0.134387 0.101298 0.0594132 0.0273142 0.0100685 0.00286783 0.000605528 9.29611e-05 1.01835e-05 7.7541e-07 4.00082e-08 1.37059e-09 3.06693e-11
 1.4854e-11 1.61297e-09 1.03264e-07 3.89773e-06 8.67406e-05 0.00113818 0.0088084 0.0402508 0.109107 0.178704 0.189237 0.15587 0.124557 0.0930958 0.0569585 0.0278098 0.0106232 0.00302422 0.000623605 9.24693e-05 9.739e-06 7.11871e-07 3.52301e-08 1.15568e-09 2.46825e-11
 1.51326e-11 1.64323e-09 1.05201e-07 3.97084e-06 8.83682e-05 0.00115956 0.00897447 0.041019 0.111269 0.182617 0.194196 0.160148 0.125538 0.0895087 0.051072 0.0231263 0.00838431 0.00233739 0.000479276 7.03137e-05 7.21088e-06 5.05365e-07 2.37457e-08 7.3612e-10 1.48327e-11
 1.34723e-11 1.46294e-09 9.36589e-08 3.5352e-06 7.86748e-05 0.00103244 0.00799273 0.0365679 0.0995542 0.165486 0.183025 0.163809 0.139314 0.10324 0.0598752 0.0271851 0.00966079 0.00258881 0.000507569 7.16639e-05 7.13628e-06 4.87283e-07 2.22155e-08 6.62261e-10 1.27067e-11
 1.42535e-11 1.54776e-09 9.90893e-08 3.74018e-06 8.32366e-05 0.0010923 0.00845587 0.0386794 0.105197 0.174052 0.189105 0.162005 0.131238 0.0957026 0.056257 0.0259898 0.00921644 0.00240577 0.000450836 6.00445e-05 5.60435e-06 3.58851e-07 1.54127e-08 4.35105e-10 7.93062e-12
 1.36575e-11 1.48305e-09 9.49464e-08 3.58382e-06 7.97583e-05 0.00104672 0.0081048 0.0371009 0.101151 0.168653 0.187034 0.16586 0.137223 0.0991734 0.0569276 0.0257285 0.00903821 0.00236552 0.000444857 5.86938e-05 5.3187e-06 3.24488e-07 1.31067e-08 3.45536e-10 5.86791e-12
 1.38156e-11 1.50021e-09 9.60452e-08 3.62531e-06 8.06824e-05 0.00105888 0.00819959 0.0375423 0.102396 0.170778 0.188955 0.165798 0.135093 0.0971616 0.0560949 0.0253678 0.00877101 0.00223316 0.000407992 5.25002e-05 4.65102e-06 2.76588e-07 1.08005e-08 2.72244e-10 4.3719e-12
 1.28945e-11 1.4002e-09 8.96426e-08 3.38367e-06 7.53073e-05 0.000988445 0.00765709 0.0351021 0.0961244 0.162278 0.185199 0.170866 0.143936 0.103125 0.0580757 0.0254675 0.00855439 0.00212012 0.000375988 4.66669e-05 3.96574e-06 2.25677e-07 8.43048e-09 2.03238e-10 3.11624e-12
 1.46805e-11 1.59413e-09 1.02059e-07 3.85232e-06 8.5736e-05 0.00112525 0.00871458 0.0399085 0.108854 0.18116 0.197886 0.166838 0.128067 0.0879355 0.0491322 0.0213517 0.00697248 0.00165243 0.000278146 3.27296e-05 2.6384e-06 1.4237e-07 5.0349e-09 1.14689e-10 1.65927e-12
 1.40094e-11 1.52126e-09 9.73933e-08 3.67627e-06 8.18217e-05 0.00107403 0.00832163 0.0381626 0.104541 0.176154 0.198261 0.174815 0.136503 0.0899581 0.0463975 0.0185317 0.0056761 0.0012867 0.000208154 2.33826e-05 1.78272e-06 9.03895e-08 2.99458e-09 6.38421e-11 8.64233e-13
 1.41488e-11 1.5364e-09 9.83627e-08 3.71289e-06 8.26382e-05 0.0010848 0.00840612 0.0385604 0.105676 0.178074 0.199809 0.174383 0.134617 0.0886903 0.045947 0.0180914 0.00527988 0.00111036 0.000165191 1.71497e-05 1.21895e-06 5.79209e-08 1.79893e-09 3.58633e-11 4.5259e-13
 1.43164e-11 1.5546e-09 9.95288e-08 3.75694e-06 8.36206e-05 0.00109777 0.00850805 0.0390433 0.107083 0.180612 0.202398 0.174963 0.132603 0.0859348 0.0441238 0.0173054 0.00502896 0.00104512 0.000151168 1.49358e-05 9.91736e-07 4.3565e-08 1.24745e-09 2.29632e-11 2.68265e-13
 1.51764e-11 1.64798e-09 1.05507e-07 3.98263e-06 8.86448e-05 0.00116374 0.00901924 0.0413812 0.113372 0.190331 0.209904 0.174647 0.1254 0.077333 0.0380594 0.0143457 0.00401797 0.00080794 0.000113301 1.08287e-05 6.90688e-07 2.88443e-08 7.76285e-10 1.32959e-11 1.43476e-13
 1.49027e-11 1.61827e-09 1.03606e-07 3.91094e-06 8.70542e-05 0.00114305 0.00886274 0.0407113 0.11188 0.189205 0.211642 0.178904 0.128194 0.0766916 0.0358694 0.0127248 0.00335198 0.000636069 8.44636e-05 7.66287e-06 4.64638e-07 1.84471e-08 4.71143e-10 7.63064e-12 7.74824e-14
 1.35927e-11 1.47603e-09 9.45005e-08 3.56737e-06 7.94162e-05 0.00104311 0.0080955 0.0372839 0.103182 0.177625 0.206456 0.184905 0.139124 0.0848881 0.0395211 0.0136631 0.00343542 0.000612424 7.57391e-05 6.38374e-06 3.60078e-07 1.33339e-08 3.18415e-10 4.82996e-12 4.59686e-14
 1.42298e-11 1.54521e-09 9.89303e-08 3.73462e-06 8.31401e-05 0.00109201 0.0084741 0.0390061 0.107711 0.184048 0.209706 0.181436 0.132585 0.0806012 0.0380301 0.0132699 0.00330809 0.000572912 6.76008e-05 5.35659e-06 2.81021e-07 9.61828e-09 2.11759e-10 2.96141e-12 2.60195e-14
 1.52411e-11 1.65503e-09 1.05962e-07 4.00009e-06 8.90511e-05 0.00116966 0.00907614 0.0417604 0.115109 0.19538 0.218137 0.180362 0.123444 0.070345 0.0314851 0.0105746 0.00257186 0.000437515 5.05752e-05 3.8864e-06 1.95108e-07 6.30825e-09 1.29815e-10 1.68373e-12 1.36491e-14
 1.34096e-11 1.45617e-09 9.32338e-08 3.51998e-06 7.83846e-05 0.00103032 0.00801047 0.0370438 0.103421 0.18091 0.214381 0.192141 0.138668 0.0782964 0.033064 0.0102487 0.00229676 0.00036319 3.94597e-05 2.87576e-06 1.37601e-07 4.24219e-09 8.29739e-11 1.01727e-12 7.74587e-15
#spawning biomass
 1890.86 2940.24 4591.47 8078.66 12901.6 17765.6 28118.5 38798.3 59063.7 80111.2 94726.6 113314 127702 145442 141143 143308 130157 114697 127800 115159 135143 132920 158742 146312 128602 131398 153374 176471 216243 220781 117230 59752.7 33831.3 23454.3 19605.1 18249.4 17789.2 17637.1 17587.8 17572 17567 17565.5 17565 17564.9 17564.8 17564.8 17564.8 17564.8 17564.8 17564.8 17564.8 17564.8 17564.8 17564.8 17564.8 17564.8 17564.8 17564.8 17564.8 17564.8 17564.8 17564.8 17564.8 17564.8 17564.8 17564.8 17564.8 17564.8 17564.8 17564.8 17564.8 17564.8 17564.8 17564.8 17564.8 17564.8 17564.8 17564.8 17564.8 17564.8 17564.8 17564.8 17564.8 17564.8 17564.8 17564.8 17564.8 17564.8 17564.8 17564.8 17564.8 17564.8 17564.8 17564.8 17564.8 17564.8 17564.8 17564.8 17564.8 17564.8 17564.8 17564.8 17564.8 17564.8 17564.8 17564.8 17564.8 17564.8 17564.8 17564.8 17564.8 17564.8 17564.8 17564.8 17564.8 17564.8 17564.8 17564.8 17564.8 17564.8 17564.8 17564.8 17564.8 17564.8 17564.8 17564.8 17564.8 17564.8 0 0 0 0 0 0 0 0 0 0 0 0 0 0 0 0 0 0 0 0 0 0 0 0 0
