SBPRF35
0.22996
Curr Bio
36396.9
B35
74945.1
F35
0.503073
FOFL
0.298426
OFL
15218.9
Bzero
65702.8
#pred survey bio
 7914.74 6676.53 7755.21 9906.36 12754.9 14805.8 14135.8 14587.9 24112.3 36433.2 37669.9 42832.1 64857.7 76215.9 64306.3 56680 52028.1 56595.5 54693.3 54765.2 53609.2 60130.3 64922.8 67521.7 74055.7 81384.3 71418.9 72336.7 97903.7 4.07836e+06 3.01555e+06 2.51994e+06 1.80211e+06 1.32138e+06 1.05717e+06 921456 853015 818142 799833 789809 784060 780616 778475 777103 776204 775613 775218 774954 774776 774655 774574 774518 774481 774455 774438 774426 774418 774413 774409 774407 774405 774404 774403 774402 774402 774402 774402 774401 774401 774401 774401 774401 774401 774401 774401 774401 774401 774401 774401 774401 774401 774401 774401 774401 774401 774401 774401 774401 774401 774401 774401 774401 774401 774401 774401 774401 774401 774401 774401 774401 774401 774401 774401 774401 774401 774401 774401 774401 774401 774401 774401 774401 774401 774401 774401 774401 774401 774401 774401 774401 774401 774401 774401 774401 774401 774401 774401 774401 774401 0 0 0 0 0 0 0 0 0 0 0 0 0 0 0 0 0 0 0 0 0 0 0 0 0
#obs survey bio
 6886.29 5640.62 10709.5 14414.2 16183.1 13151.6 12965.9 21983.5 28493.3 60061 49962.2 67238.8 71624.1 64953.3 53897.4 52776.9 63322.1 40543.4 76052.6 40250.5 64000.6 59075.1 65044.2 66916.9 68267.9 105634 78002.5 63727.5 113958
#pred catch bio
 4821.52 3551.53 3753.71 4767.73 6463.55 8295.83 8330.07 7457.64 9675.09 19698.5 23434.9 19524 33386.9 49129.6 40764.9 37882.6 29451.7 35560.9 32847.9 34217.7 31160.3 34909.4 40310.7 40784.2 40377.7 52616 45583.7 40278.7 56908.2 15218.9 39337.5 35574.5 24146.6 16522.1 12575 10708 9866.31 9498 9339.97 9273.05 9244.97 9233.26 9228.39 9226.38 9225.54 9225.2 9225.06 9225 9224.98 9224.97 9224.96 9224.96 9224.96 9224.96 9224.96 9224.96 9224.96 9224.96 9224.96 9224.96 9224.96 9224.96 9224.96 9224.96 9224.96 9224.96 9224.96 9224.96 9224.96 9224.96 9224.96 9224.96 9224.96 9224.96 9224.96 9224.96 9224.96 9224.96 9224.96 9224.96 9224.96 9224.96 9224.96 9224.96 9224.96 9224.96 9224.96 9224.96 9224.96 9224.96 9224.96 9224.96 9224.96 9224.96 9224.96 9224.96 9224.96 9224.96 9224.96 9224.96 9224.96 9224.96 9224.96 9224.96 9224.96 9224.96 9224.96 9224.96 9224.96 9224.96 9224.96 9224.96 9224.96 9224.96 9224.96 9224.96 9224.96 9224.96 9224.96 9224.96 9224.96 9224.96 9224.96 9224.96 9224.96 9224.96 9224.96 9224.96 9224.96 0 0 0 0 0 0 0 0 0 0 0 0 0 0 0 0 0 0 0 0 0 0 0 0 0
#obs catch bio
 3413.11 3658.52 3700.2 4669.68 6274.56 8264.88 8421.75 7485.8 9364.75 18818.1 23363.9 18685.6 31862.3 49437.1 41166.1 39193 28803 36071.2 32654 33747.6 31003.4 34202.8 40678.6 41000.1 40276.2 52494 45330.9 40634.9 57189.7
#pred cpue bio
 5556.25 4082.66 4600.09 5907.2 7585.86 9093.72 9070.39 8546.81 12332.4 21910.7 23779.2 23080.9 36910.8 46621 39853.5 34611.8 29859.9 34151.4 32266.6 33006.5 31557.4 34864.6 38605.7 38824.9 42632.8 49921.5 43149.9 41104.7 53295.5 2.3372e+06 2.40018e+06 2.30968e+06 1.64331e+06 1.16313e+06 898328 762476 694010 659133 640824 630799 625051 621607 619465 618093 617195 616603 616209 615944 615766 615646 615564 615509 615471 615446 615428 615417 615409 615403 615399 615397 615395 615394 615393 615393 615392 615392 615392 615392 615392 615392 615392 615392 615392 615392 615392 615392 615392 615392 615392 615392 615392 615392 615392 615392 615392 615392 615392 615392 615392 615392 615392 615392 615392 615392 615392 615392 615392 615392 615392 615392 615392 615392 615392 615392 615392 615392 615392 615392 615392 615392 615392 615392 615392 615392 615392 615392 615392 615392 615392 615392 615392 615392 615392 615392 615392 615392 615392 615392 615392 0 0 0 0 0 0 0 0 0 0 0 0 0 0 0 0 0 0 0 0 0 0 0 0 0
#obs cpue bio
 4074.18 2316.9 6602.98 6333.91 9271.52 6998.86 8195.24 8308.87 19634.5 23304.6 22791.3 36565.3 48732.7 33747.4 33987.8 28898.5 36051.2 31874.5 32399.3 50933 31952.8 44178.7 30878.2 36283 40762.1 53980.9 42658.6 34201.2 53963.1
#pred surv len freq
 2.14254e-27 2.16546e-27 5.80776e-27 1.24609e-21 7.41097e-17 1.01332e-12 3.18538e-09 2.30208e-06 0.000382487 0.0146108 0.128312 0.259068 0.120832 0.0282678 0.0945814 0.133082 0.0541612 0.0435312 0.0380058 0.0236623 0.0183668 0.014265 0.0130977 0.0112183 0.00455347
 2.14311e-27 2.16787e-27 6.10443e-27 1.34677e-21 8.00974e-17 1.09519e-12 3.44274e-09 2.48808e-06 0.000413391 0.0157912 0.13868 0.28 0.130635 0.0316316 0.108813 0.152844 0.0577705 0.0338426 0.0261566 0.0103123 0.00543698 0.00313575 0.00223079 0.00165431 0.000650017
 2.14367e-27 2.16945e-27 6.28419e-27 1.40778e-21 8.3726e-17 1.1448e-12 3.59871e-09 2.6008e-06 0.000432118 0.0165066 0.144962 0.292684 0.136478 0.0310785 0.101615 0.142765 0.0552352 0.0361154 0.027687 0.00907328 0.00337672 0.00113637 0.000486008 0.000269489 9.62466e-05
 2.14343e-27 2.16888e-27 6.22542e-27 1.38785e-21 8.25407e-17 1.1286e-12 3.54776e-09 2.56398e-06 0.000426001 0.0162729 0.14291 0.28854 0.134572 0.031314 0.104302 0.146538 0.0563775 0.0359629 0.0278007 0.00990286 0.00381023 0.000974003 0.00021527 6.20372e-05 1.72498e-05
 2.14361e-27 2.16933e-27 6.27553e-27 1.40486e-21 8.35523e-17 1.14243e-12 3.59124e-09 2.5954e-06 0.000431222 0.0164724 0.144661 0.292076 0.136195 0.0310096 0.101377 0.14244 0.0552525 0.0365675 0.0283522 0.00999947 0.00389347 0.00104512 0.000193636 2.66193e-05 3.82888e-06
 2.14232e-27 2.16616e-27 5.93853e-27 1.29053e-21 7.6753e-17 1.04946e-12 3.29899e-09 2.38419e-06 0.00039613 0.0151319 0.132889 0.268309 0.125254 0.0322583 0.116164 0.163265 0.0623674 0.0384741 0.0295855 0.0104891 0.00409136 0.00109449 0.000204222 2.32125e-05 1.63891e-06
 2.14092e-27 2.16277e-27 5.58769e-27 1.17156e-21 6.96771e-17 9.5271e-13 2.99485e-09 2.16439e-06 0.00035961 0.0137369 0.120638 0.243575 0.113835 0.0327091 0.126371 0.177793 0.0694173 0.0472299 0.0364473 0.0120822 0.00439697 0.0011643 0.000216243 2.40845e-05 1.3803e-06
 2.14443e-27 2.1714e-27 6.4998e-27 1.48096e-21 8.80784e-17 1.20432e-12 3.78578e-09 2.73599e-06 0.000454581 0.0173647 0.152498 0.307898 0.143463 0.0297839 0.0891265 0.125253 0.0502901 0.0382423 0.0300739 0.010454 0.00392562 0.000979312 0.000171362 1.87573e-05 1.03951e-06
 2.14706e-27 2.17771e-27 7.14854e-27 1.70093e-21 1.01161e-16 1.3832e-12 4.3481e-09 3.14238e-06 0.000522102 0.0199439 0.175149 0.353629 0.16459 0.0293671 0.0727986 0.101925 0.0378075 0.020004 0.0152158 0.00584301 0.00243618 0.00064058 0.000112711 1.17023e-05 6.23416e-07
 2.1421e-27 2.16548e-27 5.8491e-27 1.26011e-21 7.49437e-17 1.02472e-12 3.22123e-09 2.32799e-06 0.000386792 0.0147752 0.129757 0.261985 0.122396 0.0340131 0.128783 0.180823 0.0654818 0.0297493 0.0215138 0.00693774 0.00251639 0.000722874 0.000141401 1.52364e-05 7.94314e-07
 2.1418e-27 2.16497e-27 5.82327e-27 1.25149e-21 7.44307e-17 1.01771e-12 3.19918e-09 2.31205e-06 0.000384144 0.0146741 0.128868 0.260191 0.121475 0.0315656 0.114383 0.160986 0.0647805 0.0495854 0.0381134 0.0108871 0.0031893 0.00076116 0.000137698 1.60246e-05 8.90167e-07
 2.14614e-27 2.1755e-27 6.92129e-27 1.62387e-21 9.6578e-17 1.32053e-12 4.15111e-09 3.00002e-06 0.000498449 0.0190404 0.167214 0.337609 0.15719 0.0295382 0.0786713 0.110312 0.0422565 0.0264207 0.0204191 0.00737318 0.00276957 0.000592136 8.36997e-05 8.3668e-06 4.63489e-07
 2.14405e-27 2.17031e-27 6.36139e-27 1.4339e-21 8.52796e-17 1.16605e-12 3.66548e-09 2.64905e-06 0.000440136 0.0168129 0.147652 0.298115 0.139031 0.0322088 0.106878 0.149948 0.0545751 0.0256642 0.0188526 0.0065272 0.00250567 0.000666529 0.000110494 9.61632e-06 4.40546e-07
 2.14222e-27 2.1659e-27 5.90661e-27 1.27969e-21 7.6108e-17 1.04064e-12 3.27127e-09 2.36416e-06 0.000392801 0.0150047 0.131772 0.266055 0.124224 0.0325987 0.118922 0.167149 0.0637536 0.0389792 0.0292266 0.00850865 0.00261261 0.000664804 0.000120794 1.24411e-05 5.76964e-07
 2.14169e-27 2.16458e-27 5.76747e-27 1.23249e-21 7.33008e-17 1.00226e-12 3.15061e-09 2.27695e-06 0.000378312 0.0144513 0.126912 0.256242 0.119706 0.0331001 0.12494 0.175621 0.0665715 0.0394991 0.0297128 0.00919677 0.00293631 0.000627105 9.33437e-05 9.60176e-06 4.97612e-07
 2.14254e-27 2.16671e-27 5.99664e-27 1.31025e-21 7.79254e-17 1.06549e-12 3.34938e-09 2.42061e-06 0.00040218 0.015363 0.134919 0.272407 0.127137 0.0319532 0.113067 0.158946 0.06152 0.040278 0.0306824 0.00947612 0.00305756 0.000682193 9.80215e-05 8.4901e-06 4.00558e-07
 2.14398e-27 2.17016e-27 6.34967e-27 1.42994e-21 8.50441e-17 1.16283e-12 3.65536e-09 2.64174e-06 0.000438921 0.0167665 0.147244 0.297292 0.138639 0.0318927 0.105197 0.147652 0.054794 0.0290166 0.0214993 0.00676101 0.00222862 0.00049679 7.22248e-05 6.22722e-06 2.66226e-07
 2.14244e-27 2.16639e-27 5.95373e-27 1.29564e-21 7.7057e-17 1.05362e-12 3.31206e-09 2.39363e-06 0.000397699 0.0151918 0.133415 0.269372 0.125769 0.0329025 0.119776 0.16827 0.0630027 0.0350444 0.02601 0.0077824 0.00242209 0.000550908 8.26453e-05 7.21483e-06 3.08329e-07
 2.14343e-27 2.16884e-27 6.21665e-27 1.38485e-21 8.23622e-17 1.12616e-12 3.54009e-09 2.55843e-06 0.00042508 0.0162378 0.142601 0.287917 0.1343 0.0317576 0.107198 0.150583 0.057337 0.0347735 0.0261192 0.00778003 0.00237527 0.000512814 7.359e-05 6.51162e-06 2.84004e-07
 2.1425e-27 2.16652e-27 5.96793e-27 1.30046e-21 7.73436e-17 1.05754e-12 3.32438e-09 2.40254e-06 0.000399178 0.0152483 0.133912 0.270374 0.126231 0.0328682 0.119265 0.16754 0.0626028 0.0344543 0.0256887 0.00809341 0.00265713 0.000575967 8.02076e-05 6.77535e-06 2.90332e-07
 2.1435e-27 2.16902e-27 6.23512e-27 1.39111e-21 8.27349e-17 1.13125e-12 3.55611e-09 2.57001e-06 0.000427003 0.0163112 0.143246 0.289219 0.1349 0.0317047 0.106483 0.149572 0.0569532 0.0345429 0.0259367 0.00770755 0.0023727 0.000535258 7.86477e-05 6.62111e-06 2.73942e-07
 2.14385e-27 2.16984e-27 6.31934e-27 1.41967e-21 8.44331e-17 1.15447e-12 3.6291e-09 2.62276e-06 0.000435768 0.016646 0.146186 0.295156 0.137645 0.0317099 0.104725 0.147034 0.0552175 0.0312302 0.0234171 0.00747463 0.0024928 0.000543936 7.76342e-05 6.77228e-06 2.87483e-07
 2.14291e-27 2.16754e-27 6.07494e-27 1.33676e-21 7.95021e-17 1.08705e-12 3.41716e-09 2.46959e-06 0.000410318 0.0156739 0.137649 0.277919 0.12971 0.0326089 0.115408 0.162087 0.0604693 0.0329837 0.0244802 0.00751694 0.00242904 0.000560836 8.41314e-05 7.22022e-06 3.06713e-07
 2.14409e-27 2.17045e-27 6.38366e-27 1.44149e-21 8.57307e-17 1.17221e-12 3.68487e-09 2.66307e-06 0.000442465 0.0169018 0.148433 0.299691 0.139733 0.0314896 0.102013 0.143222 0.0540224 0.0312463 0.0232926 0.00688193 0.00208993 0.000462419 6.86866e-05 6.15153e-06 2.6659e-07
 2.14374e-27 2.16953e-27 6.28051e-27 1.40647e-21 8.36481e-17 1.14374e-12 3.59536e-09 2.59838e-06 0.000431716 0.0164913 0.144827 0.292412 0.1364 0.0323332 0.109357 0.153485 0.0564439 0.0283188 0.0207199 0.00630891 0.00198053 0.000423593 5.91492e-05 5.12936e-06 2.24883e-07
 2.14208e-27 2.16555e-27 5.86934e-27 1.26704e-21 7.53559e-17 1.03036e-12 3.23894e-09 2.34079e-06 0.000388919 0.0148565 0.13047 0.263426 0.123015 0.032764 0.120724 0.169682 0.0645516 0.0389752 0.0292279 0.00863204 0.00261953 0.000576069 8.22321e-05 6.8758e-06 2.88475e-07
 2.14266e-27 2.16695e-27 6.01729e-27 1.31723e-21 7.83407e-17 1.07117e-12 3.36724e-09 2.43351e-06 0.000404324 0.0154449 0.135638 0.273859 0.127822 0.0323131 0.114826 0.161353 0.0613785 0.0370577 0.0279207 0.00858527 0.00272551 0.000582058 8.06379e-05 6.81933e-06 2.84033e-07
 2.14443e-27 2.17126e-27 6.46838e-27 1.47022e-21 8.74397e-17 1.19558e-12 3.75833e-09 2.71615e-06 0.000451285 0.0172388 0.151392 0.305665 0.142488 0.0312903 0.0989958 0.138947 0.052214 0.0296235 0.0221269 0.00681637 0.00218901 0.000484419 6.8839e-05 5.70587e-06 2.34817e-07
 2.14543e-27 2.17371e-27 6.72383e-27 1.55686e-21 9.25921e-17 1.26603e-12 3.97979e-09 2.87621e-06 0.000477877 0.0182546 0.160313 0.323676 0.150796 0.0308023 0.0905883 0.127028 0.047073 0.0247214 0.0182653 0.00567348 0.00184653 0.00041493 6.08365e-05 5.21255e-06 2.16077e-07
#obs surv len freq
 8.65429e-40 4.23567e-33 4.76605e-27 1.23293e-21 7.3327e-17 1.00261e-12 3.15173e-09 2.27776e-06 0.000378453 0.0144564 0.126956 0.256332 0.119714 0.0321856 0.119329 0.167817 0.065161 0.0433405 0.0339393 0.0128265 0.00547406 0.00166482 0.000368806 4.99635e-05 3.44548e-06
 1.03945e-39 5.08737e-33 5.72439e-27 1.48084e-21 8.80714e-17 1.20422e-12 3.78547e-09 2.73576e-06 0.000454551 0.0173633 0.152484 0.307872 0.143483 0.0306173 0.094222 0.132285 0.050728 0.0318772 0.0246494 0.0089589 0.00366178 0.00107667 0.000230996 3.05076e-05 2.04874e-06
 9.70765e-40 4.75122e-33 5.34615e-27 1.383e-21 8.22521e-17 1.12465e-12 3.53534e-09 2.555e-06 0.000424517 0.016216 0.142409 0.287531 0.134162 0.0328244 0.113826 0.159722 0.0577697 0.0260417 0.0189943 0.0066178 0.00257084 0.000721395 0.000147314 1.87243e-05 1.2204e-06
 1.0494e-39 5.1361e-33 5.77922e-27 1.49503e-21 8.8915e-17 1.21575e-12 3.82173e-09 2.76197e-06 0.000458905 0.0175296 0.153945 0.310821 0.144874 0.0313561 0.0978435 0.137274 0.0509618 0.0270299 0.0198385 0.0057466 0.00176139 0.00045764 8.77618e-05 1.05533e-05 6.57884e-07
 9.87832e-40 4.83475e-33 5.44014e-27 1.40731e-21 8.36982e-17 1.14442e-12 3.5975e-09 2.59992e-06 0.00043198 0.0165011 0.144913 0.292586 0.1365 0.0328666 0.11256 0.157905 0.0567034 0.0242632 0.017268 0.00534493 0.00171585 0.000373627 5.77026e-05 6.27629e-06 3.67397e-07
 8.15587e-40 3.99173e-33 4.49156e-27 1.16192e-21 6.9104e-17 9.44872e-13 2.97022e-09 2.14658e-06 0.000356657 0.0136239 0.119645 0.241571 0.112989 0.034838 0.139971 0.196646 0.0718164 0.0344767 0.024777 0.006879 0.00191386 0.000425966 6.31738e-05 5.66945e-06 2.82302e-07
 7.93722e-40 3.88472e-33 4.37115e-27 1.13078e-21 6.72514e-17 9.19542e-13 2.89059e-09 2.08903e-06 0.000347096 0.0132586 0.116437 0.235095 0.109949 0.0336221 0.1345 0.189197 0.0727513 0.0462209 0.0348427 0.0101351 0.00295424 0.000599707 7.99676e-05 6.89846e-06 3.04794e-07
 1.33054e-39 6.51209e-33 7.32752e-27 1.89556e-21 1.12736e-16 1.54146e-12 4.84559e-09 3.50192e-06 0.000581849 0.0222259 0.195188 0.394088 0.183224 0.0274686 0.0490153 0.0684057 0.0260589 0.0158569 0.0120827 0.0040374 0.00141383 0.000304902 4.07205e-05 3.21549e-06 1.30658e-07
 1.10488e-39 5.40762e-33 6.08474e-27 1.57406e-21 9.36155e-17 1.28002e-12 4.02376e-09 2.90798e-06 0.000483165 0.0184563 0.162083 0.327252 0.15252 0.0326606 0.100855 0.141148 0.047281 0.00953842 0.00525847 0.001695 0.000595201 0.000146349 2.2906e-05 1.90611e-06 7.47758e-08
 6.39478e-40 3.1298e-33 3.5217e-27 9.11031e-22 5.41824e-17 7.40847e-13 2.32886e-09 1.68307e-06 0.000279645 0.0106821 0.0938099 0.189413 0.0890202 0.0387025 0.179283 0.251855 0.0885747 0.0319718 0.0211162 0.00450533 0.000638792 0.000124974 2.03762e-05 1.93837e-06 8.44359e-08
 1.23167e-39 6.02818e-33 6.78301e-27 1.7547e-21 1.04359e-16 1.42692e-12 4.48552e-09 3.2417e-06 0.000538612 0.0205743 0.180684 0.364805 0.169702 0.0278825 0.0603682 0.0846132 0.0346108 0.0280481 0.0214224 0.00540167 0.00116245 0.000170582 1.3263e-05 9.66014e-07 4.46055e-08
 1.17837e-39 5.76728e-33 6.48944e-27 1.67876e-21 9.9842e-17 1.36516e-12 4.29139e-09 3.1014e-06 0.000515301 0.0196838 0.172864 0.349017 0.16253 0.0312848 0.0858958 0.120112 0.0405199 0.00914602 0.00545484 0.00203908 0.000774862 0.000144598 1.38096e-05 7.1279e-07 1.941e-08
 8.79225e-40 4.3032e-33 4.84202e-27 1.25259e-21 7.4496e-17 1.0186e-12 3.20197e-09 2.31407e-06 0.000384486 0.0146869 0.12898 0.260419 0.121735 0.0356902 0.139493 0.195673 0.0674179 0.0198642 0.0123975 0.00270518 0.000435677 9.86092e-05 1.54059e-05 1.04893e-06 2.88511e-08
 9.25975e-40 4.532e-33 5.09948e-27 1.31919e-21 7.84571e-17 1.07276e-12 3.37223e-09 2.43712e-06 0.00040493 0.0154678 0.135838 0.274265 0.128045 0.0332575 0.120469 0.169173 0.0623608 0.0316892 0.022631 0.00529184 0.000953153 0.000137741 1.21255e-05 9.53186e-07 3.73217e-08
 7.39048e-40 3.61713e-33 4.07005e-27 1.05288e-21 6.26189e-17 8.56201e-13 2.69148e-09 1.94513e-06 0.000323187 0.0123453 0.108417 0.218902 0.102563 0.0362661 0.155521 0.218507 0.0787433 0.0345483 0.0245127 0.00704412 0.0019519 0.000324552 2.71365e-05 1.38295e-06 4.1125e-08
 1.12253e-39 5.49402e-33 6.18196e-27 1.59921e-21 9.51112e-17 1.30047e-12 4.08805e-09 2.95444e-06 0.000490885 0.0187512 0.164673 0.33248 0.154832 0.0298735 0.0822653 0.115398 0.0443795 0.0282004 0.021099 0.00571905 0.00149685 0.000300278 3.56516e-05 2.09248e-06 5.26053e-08
 8.70596e-40 4.26097e-33 4.79451e-27 1.24029e-21 7.37649e-17 1.0086e-12 3.17055e-09 2.29136e-06 0.000380713 0.0145427 0.127714 0.257864 0.120553 0.0356814 0.140209 0.196682 0.0677294 0.0198811 0.012895 0.00416429 0.00138753 0.000277214 3.35926e-05 2.43138e-06 7.83247e-08
 9.56444e-40 4.68113e-33 5.26728e-27 1.3626e-21 8.10387e-17 1.10806e-12 3.48319e-09 2.51731e-06 0.000418254 0.0159768 0.140308 0.283289 0.1322 0.0327936 0.114918 0.161349 0.0596182 0.0307272 0.0219938 0.00515584 0.00100427 0.000212548 3.08507e-05 2.34664e-06 8.31615e-08
 1.01012e-39 4.94383e-33 5.56287e-27 1.43906e-21 8.55865e-17 1.17024e-12 3.67866e-09 2.65858e-06 0.000441726 0.0168734 0.148182 0.299186 0.139544 0.0326534 0.10927 0.153255 0.0549116 0.023104 0.0162721 0.0047237 0.00133018 0.000226216 2.24852e-05 1.73265e-06 6.88097e-08
 8.63743e-40 4.22742e-33 4.75676e-27 1.23053e-21 7.31842e-17 1.00066e-12 3.14559e-09 2.27332e-06 0.000377716 0.0144283 0.126709 0.255834 0.119591 0.0350542 0.136992 0.19229 0.0681484 0.0262989 0.018 0.00478296 0.00121482 0.000244765 2.97211e-05 1.89068e-06 6.13192e-08
 1.11463e-39 5.45533e-33 6.13842e-27 1.58795e-21 9.44414e-17 1.29132e-12 4.05926e-09 2.93364e-06 0.000487428 0.0186191 0.163513 0.330139 0.153779 0.0306587 0.0877637 0.123035 0.0455281 0.0236834 0.0171283 0.00441214 0.0010341 0.000191432 2.26614e-05 1.6544e-06 5.58983e-08
 8.91218e-40 4.3619e-33 4.90808e-27 1.26967e-21 7.55122e-17 1.03249e-12 3.24565e-09 2.34564e-06 0.000389731 0.0148872 0.13074 0.263972 0.123364 0.0353415 0.136293 0.191177 0.0660066 0.0199274 0.0128788 0.00373092 0.00106902 0.000197888 2.1508e-05 1.47053e-06 5.12421e-08
 1.00038e-39 4.89615e-33 5.50922e-27 1.42518e-21 8.4761e-17 1.15895e-12 3.64318e-09 2.63293e-06 0.000437466 0.0167106 0.146753 0.296301 0.138195 0.0322536 0.107699 0.151156 0.0557512 0.0284303 0.0203361 0.00482141 0.000947337 0.000181469 2.28661e-05 1.56804e-06 5.11356e-08
 1.03518e-39 5.06647e-33 5.70087e-27 1.47476e-21 8.77096e-17 1.19927e-12 3.76992e-09 2.72453e-06 0.000452684 0.017292 0.151858 0.306608 0.142972 0.032584 0.106609 0.149454 0.0528778 0.0201328 0.0138542 0.00398391 0.00110923 0.000189292 1.8265e-05 1.2544e-06 4.40771e-08
 8.74989e-40 4.28247e-33 4.8187e-27 1.24655e-21 7.41371e-17 1.01369e-12 3.18655e-09 2.30292e-06 0.000382634 0.0146161 0.128359 0.259165 0.12113 0.0350207 0.135783 0.190567 0.0672736 0.0251165 0.0169926 0.00434381 0.00102114 0.000201076 2.419e-05 1.51773e-06 4.60892e-08
 9.23101e-40 4.51794e-33 5.08366e-27 1.31509e-21 7.82136e-17 1.06943e-12 3.36176e-09 2.42955e-06 0.000403673 0.0154198 0.135417 0.273414 0.127651 0.033244 0.120643 0.16942 0.0624475 0.0317349 0.0228333 0.00579965 0.00131086 0.000231802 2.56774e-05 1.81854e-06 6.05398e-08
 9.71529e-40 4.75496e-33 5.35036e-27 1.38409e-21 8.23169e-17 1.12553e-12 3.53813e-09 2.55701e-06 0.000424851 0.0162288 0.142521 0.287757 0.134274 0.0330222 0.114966 0.161318 0.0582212 0.0258181 0.0183602 0.00528997 0.00149426 0.000271809 2.83515e-05 1.83095e-06 6.05718e-08
 1.12786e-39 5.52009e-33 6.2113e-27 1.6068e-21 9.55627e-17 1.30665e-12 4.10745e-09 2.96847e-06 0.000493215 0.0188402 0.165454 0.334059 0.155606 0.0310665 0.0890718 0.124768 0.0446173 0.0184912 0.0128879 0.00350417 0.000925475 0.000187432 2.32717e-05 1.55149e-06 4.82759e-08
 1.12786e-39 5.52009e-33 6.2113e-27 1.6068e-21 9.55627e-17 1.30665e-12 4.10745e-09 2.96847e-06 0.000493215 0.0188402 0.165454 0.334059 0.155606 0.0310665 0.0890718 0.124768 0.0446173 0.0184912 0.0128879 0.00350417 0.000925475 0.000187432 2.32717e-05 1.55149e-06 4.82759e-08
#pred catch len freq
 2.13841e-27 2.15486e-27 4.6734e-27 8.61319e-22 5.12259e-17 7.00423e-13 2.20179e-09 1.59124e-06 0.000264382 0.0100992 0.0886918 0.179075 0.0838748 0.028939 0.122785 0.173145 0.0721314 0.0626304 0.0551004 0.034338 0.0266235 0.0206267 0.0189114 0.0161905 0.00657113
 2.13857e-27 2.15671e-27 4.93176e-27 9.49027e-22 5.64422e-17 7.71747e-13 2.426e-09 1.75327e-06 0.000291304 0.0111276 0.0977233 0.197311 0.0924979 0.0340667 0.148601 0.209148 0.0805788 0.0517706 0.0405274 0.0160179 0.00845171 0.00486393 0.00345469 0.00256051 0.00100598
 2.13885e-27 2.1577e-27 5.05757e-27 9.91768e-22 5.89842e-17 8.06504e-13 2.53526e-09 1.83224e-06 0.000304423 0.0116288 0.102124 0.206197 0.0965865 0.0335505 0.142773 0.201068 0.0797194 0.0577454 0.0448262 0.01474 0.00550244 0.00184914 0.000789289 0.000437313 0.000156161
 2.13857e-27 2.15705e-27 4.99184e-27 9.6948e-22 5.76586e-17 7.88379e-13 2.47828e-09 1.79106e-06 0.000297582 0.0113674 0.0998294 0.201563 0.0944546 0.0338252 0.145846 0.205379 0.0809456 0.0573027 0.0448836 0.0160499 0.00619437 0.00158195 0.000348967 0.00010044 2.79189e-05
 2.13889e-27 2.15786e-27 5.07923e-27 9.99135e-22 5.94223e-17 8.12494e-13 2.55409e-09 1.84585e-06 0.000306685 0.0117151 0.102883 0.207728 0.0972891 0.0334054 0.141426 0.19917 0.0790663 0.0575923 0.045174 0.0159782 0.00623469 0.00167161 0.000309214 4.24565e-05 6.10265e-06
 2.13787e-27 2.15533e-27 4.80718e-27 9.06827e-22 5.39324e-17 7.3743e-13 2.31812e-09 1.67531e-06 0.000278351 0.0106328 0.0933778 0.188538 0.088466 0.0347079 0.155161 0.218467 0.0850212 0.0570788 0.044376 0.0157565 0.00615062 0.00164286 0.000305991 3.47436e-05 2.45139e-06
 2.1366e-27 2.15229e-27 4.49482e-27 8.00917e-22 4.76335e-17 6.51304e-13 2.04738e-09 1.47965e-06 0.000245841 0.00939097 0.082472 0.16652 0.0782913 0.0348357 0.162578 0.229101 0.0912358 0.0672368 0.0523689 0.0173774 0.00632645 0.00167252 0.000310058 3.44972e-05 1.97587e-06
 2.13977e-27 2.1601e-27 5.32499e-27 1.08254e-21 6.4383e-17 8.80323e-13 2.76731e-09 1.99994e-06 0.000332287 0.0126931 0.111472 0.225068 0.105247 0.031829 0.126576 0.178369 0.073496 0.0611731 0.0485608 0.0169208 0.00636554 0.0015861 0.000277051 3.02947e-05 1.67795e-06
 2.14255e-27 2.1667e-27 5.99472e-27 1.30959e-21 7.78861e-17 1.06495e-12 3.3477e-09 2.41939e-06 0.000401978 0.0153553 0.134851 0.27227 0.127083 0.0322044 0.114641 0.161079 0.0610402 0.0362292 0.0280554 0.0108315 0.00453316 0.00119111 0.000209299 2.17108e-05 1.15594e-06
 2.13767e-27 2.15466e-27 4.71116e-27 8.74137e-22 5.19882e-17 7.10846e-13 2.23455e-09 1.61492e-06 0.000268316 0.0102495 0.0900117 0.181743 0.0854156 0.0371408 0.172061 0.241958 0.088846 0.0441809 0.0324831 0.0104963 0.0038125 0.00109364 0.00021359 2.29933e-05 1.19802e-06
 2.13765e-27 2.15488e-27 4.77254e-27 8.95142e-22 5.32374e-17 7.27927e-13 2.28825e-09 1.65372e-06 0.000274764 0.0104958 0.0921746 0.186108 0.087298 0.0335173 0.148626 0.209547 0.0859291 0.070275 0.0543772 0.0155288 0.00454423 0.00108242 0.000195376 2.27112e-05 1.26093e-06
 2.1416e-27 2.16446e-27 5.76718e-27 1.23245e-21 7.32985e-17 1.00223e-12 3.15051e-09 2.27688e-06 0.000378301 0.0144508 0.126908 0.256234 0.119663 0.0320575 0.118578 0.166797 0.0653769 0.0452496 0.0354327 0.0128405 0.00483681 0.00103337 0.000145813 1.45589e-05 8.06009e-07
 2.13959e-27 2.15938e-27 5.21275e-27 1.0443e-21 6.21082e-17 8.49219e-13 2.66953e-09 1.92928e-06 0.000320547 0.0122447 0.107533 0.217118 0.101702 0.0353316 0.150354 0.211364 0.0780651 0.0402368 0.0300393 0.0104241 0.00400758 0.00106468 0.000176234 1.53227e-05 7.01457e-07
 2.13833e-27 2.1564e-27 4.91192e-27 9.42319e-22 5.60433e-17 7.66292e-13 2.40885e-09 1.74088e-06 0.000289245 0.011049 0.0970325 0.195917 0.0918878 0.0349868 0.15464 0.217679 0.0840757 0.0545047 0.0411759 0.0119745 0.00366811 0.00093121 0.000168832 1.73699e-05 8.05074e-07
 2.13772e-27 2.15489e-27 4.75174e-27 8.87981e-22 5.28116e-17 7.22104e-13 2.26994e-09 1.6405e-06 0.000272566 0.0104118 0.0914372 0.18462 0.0866858 0.0355361 0.161399 0.227194 0.0872687 0.0551936 0.0418734 0.0129519 0.00412922 0.000880304 0.000130712 1.34277e-05 6.95466e-07
 2.13881e-27 2.15761e-27 5.04447e-27 9.87306e-22 5.87188e-17 8.02875e-13 2.52385e-09 1.82399e-06 0.000303054 0.0115764 0.101665 0.205269 0.0961801 0.0341468 0.146693 0.206532 0.0808688 0.0556569 0.0426452 0.013145 0.0042282 0.00094129 0.00013493 1.16711e-05 5.50195e-07
 2.13978e-27 2.1599e-27 5.27198e-27 1.06441e-21 6.33044e-17 8.65575e-13 2.72095e-09 1.96644e-06 0.000326721 0.0124805 0.109604 0.221299 0.103612 0.0347041 0.145264 0.204282 0.0768743 0.043945 0.0329431 0.0103652 0.00341657 0.000760478 0.000110338 9.50232e-06 4.05962e-07
 2.13849e-27 2.15673e-27 4.93964e-27 9.51687e-22 5.66004e-17 7.7391e-13 2.4328e-09 1.75819e-06 0.000292121 0.0111588 0.0979972 0.197865 0.0928074 0.0354966 0.157165 0.221128 0.0837983 0.0496362 0.0371738 0.0111144 0.00345315 0.000783899 0.000117342 1.02315e-05 4.36939e-07
 2.13934e-27 2.15887e-27 5.1717e-27 1.03043e-21 6.12838e-17 8.37947e-13 2.6341e-09 1.90367e-06 0.000316292 0.0120821 0.106106 0.214236 0.10033 0.0342624 0.144697 0.20363 0.0786679 0.0510626 0.0386954 0.011523 0.00351449 0.000757491 0.000108462 9.58536e-06 4.17781e-07
 2.13852e-27 2.15682e-27 4.94877e-27 9.54784e-22 5.67846e-17 7.76429e-13 2.44071e-09 1.76391e-06 0.000293071 0.0111951 0.0983161 0.198509 0.0931043 0.0354754 0.156842 0.22066 0.0834548 0.048958 0.0368422 0.0115991 0.00380237 0.000822753 0.000114318 9.64439e-06 4.1297e-07
 2.13929e-27 2.15876e-27 5.16039e-27 1.0266e-21 6.10557e-17 8.34828e-13 2.62429e-09 1.89658e-06 0.000315115 0.0120372 0.105711 0.213438 0.0999607 0.0342528 0.144879 0.203895 0.0788724 0.0514927 0.0390377 0.0116037 0.00357095 0.000804301 0.000117945 9.91809e-06 4.10062e-07
 2.13969e-27 2.15971e-27 5.25663e-27 1.05923e-21 6.29961e-17 8.6136e-13 2.7077e-09 1.95686e-06 0.000325129 0.0124197 0.109071 0.220221 0.103101 0.0343622 0.143502 0.201863 0.0768997 0.0467705 0.0354319 0.0113113 0.00377068 0.000821508 0.000117001 1.01941e-05 4.3245e-07
 2.13895e-27 2.15785e-27 5.0572e-27 9.9156e-22 5.89718e-17 8.06335e-13 2.53472e-09 1.83185e-06 0.000304359 0.0116263 0.102103 0.206154 0.0966304 0.0352488 0.153154 0.215442 0.0813363 0.0472732 0.0354139 0.0108664 0.00350562 0.00080785 0.000120928 1.03658e-05 4.40018e-07
 2.14013e-27 2.16078e-27 5.36822e-27 1.09707e-21 6.52471e-17 8.92138e-13 2.80445e-09 2.02678e-06 0.000336747 0.0128635 0.112968 0.22809 0.106727 0.0340526 0.13924 0.195859 0.0748377 0.0461563 0.034712 0.0102497 0.00310793 0.000686381 0.000101725 9.09933e-06 3.94075e-07
 2.1394e-27 2.15894e-27 5.16662e-27 1.02865e-21 6.11779e-17 8.36498e-13 2.62954e-09 1.90038e-06 0.000315745 0.0120612 0.105922 0.213866 0.100198 0.0353191 0.151259 0.212696 0.0793514 0.0432854 0.0321048 0.0097874 0.00307527 0.000656952 9.15552e-05 7.93024e-06 3.47445e-07
 2.1382e-27 2.15608e-27 4.87695e-27 9.3045e-22 5.53374e-17 7.5664e-13 2.37851e-09 1.71896e-06 0.000285602 0.0109098 0.0958104 0.19345 0.0907538 0.0351666 0.156482 0.220263 0.0848351 0.0543061 0.0410356 0.0121059 0.00366561 0.000804497 0.00011458 9.5685e-06 4.01147e-07
 2.13875e-27 2.15742e-27 5.01854e-27 9.78482e-22 5.8194e-17 7.957e-13 2.50129e-09 1.80769e-06 0.000300345 0.011473 0.100756 0.203435 0.0953539 0.0347301 0.150807 0.212247 0.0817519 0.0523612 0.039755 0.0122104 0.00386849 0.000824589 0.00011397 9.62562e-06 4.00631e-07
 2.14021e-27 2.16096e-27 5.38819e-27 1.10385e-21 6.565e-17 8.97647e-13 2.82177e-09 2.0393e-06 0.000338826 0.0129429 0.113666 0.229498 0.107375 0.0339851 0.138403 0.194671 0.0742886 0.0455515 0.0343995 0.0106038 0.00340582 0.000752629 0.000106744 8.83752e-06 3.63438e-07
 2.14159e-27 2.16432e-27 5.73622e-27 1.22187e-21 7.26694e-17 9.93625e-13 3.12347e-09 2.25734e-06 0.000375054 0.0143268 0.125819 0.254035 0.1187 0.0334705 0.127867 0.1797 0.0673802 0.0377852 0.0281998 0.00875464 0.00284549 0.000638249 9.33767e-05 7.99104e-06 3.31024e-07
#obs catch len freq
 4.06797e-40 1.99099e-33 2.24029e-27 5.79542e-22 3.44675e-17 4.71281e-13 1.48148e-09 1.07067e-06 0.000177893 0.00679527 0.0596761 0.120496 0.0570515 0.0358371 0.18256 0.257401 0.102919 0.0771292 0.0614821 0.0238994 0.0104854 0.00324563 0.000732901 0.000101736 7.25296e-06
 4.21646e-40 2.06366e-33 2.32207e-27 6.00697e-22 3.57257e-17 4.88484e-13 1.53556e-09 1.10975e-06 0.000184386 0.00704332 0.0618545 0.124894 0.0590982 0.036193 0.183407 0.258516 0.102265 0.0735085 0.0580996 0.0219817 0.0093834 0.00284863 0.000629728 8.51688e-05 5.86588e-06
 5.7732e-40 2.82558e-33 3.17939e-27 8.22478e-22 4.89158e-17 6.68835e-13 2.10249e-09 1.51947e-06 0.000252463 0.00964375 0.0846915 0.171001 0.0803772 0.0352025 0.163465 0.23022 0.0897956 0.0608792 0.047531 0.0172905 0.00706772 0.00207431 0.000444074 5.85489e-05 3.92691e-06
 5.20272e-40 2.54637e-33 2.86522e-27 7.41205e-22 4.40822e-17 6.02745e-13 1.89473e-09 1.36933e-06 0.000227516 0.00869081 0.0763227 0.154106 0.0726863 0.038407 0.188119 0.26459 0.0967655 0.0469482 0.034712 0.012102 0.00470045 0.00131651 0.000268234 3.4034e-05 2.21538e-06
 6.02687e-40 2.94974e-33 3.31909e-27 8.58618e-22 5.10652e-17 6.98224e-13 2.19487e-09 1.58624e-06 0.000263556 0.0100675 0.0884128 0.178515 0.0839029 0.0365871 0.169654 0.238711 0.089734 0.0509761 0.0378078 0.0109535 0.00335528 0.000870045 0.000166452 1.99793e-05 1.24381e-06
 5.50052e-40 2.69212e-33 3.02922e-27 7.8363e-22 4.66054e-17 6.37245e-13 2.00318e-09 1.44771e-06 0.000240538 0.00918826 0.0806913 0.162926 0.0767697 0.0385581 0.186384 0.262074 0.0949778 0.0433635 0.0312571 0.00967429 0.00310316 0.000674546 0.000103894 1.12776e-05 6.59221e-07
 4.09367e-40 2.00357e-33 2.25444e-27 5.83204e-22 3.46853e-17 4.74259e-13 1.49084e-09 1.07743e-06 0.000179017 0.00683821 0.0600531 0.121259 0.0575534 0.0398214 0.206655 0.290803 0.107279 0.0548199 0.0398206 0.011053 0.00307139 0.000682308 0.000100949 9.04213e-06 4.495e-07
 3.96781e-40 1.94197e-33 2.18513e-27 5.65273e-22 3.36189e-17 4.59678e-13 1.445e-09 1.04431e-06 0.000173513 0.00662796 0.0582068 0.11753 0.0557492 0.0376745 0.194673 0.274312 0.106868 0.071964 0.0546404 0.0158839 0.00462316 0.000936829 0.000124586 1.07264e-05 4.7322e-07
 9.82513e-40 4.80872e-33 5.41085e-27 1.39974e-21 8.32475e-17 1.13826e-12 3.57813e-09 2.58592e-06 0.000429654 0.0164122 0.144132 0.29101 0.135711 0.0312606 0.103232 0.145033 0.0559158 0.0359936 0.0276262 0.00922227 0.00322434 0.000694077 9.24636e-05 7.28753e-06 2.95657e-07
 6.93713e-40 3.39524e-33 3.82038e-27 9.88297e-22 5.87777e-17 8.03679e-13 2.52637e-09 1.82581e-06 0.000303362 0.011588 0.101766 0.205476 0.0964706 0.0393427 0.178349 0.250252 0.0840549 0.0177181 0.0100027 0.00322208 0.00112903 0.00027699 4.32501e-05 3.59292e-06 1.40745e-07
 3.03677e-40 1.48629e-33 1.6724e-27 4.32633e-22 2.57303e-17 3.51816e-13 1.10594e-09 7.99263e-07 0.000132799 0.00507273 0.0445488 0.0899569 0.0432168 0.0434163 0.238035 0.33471 0.118402 0.0449387 0.0300455 0.00640911 0.000906294 0.000176764 2.87417e-05 2.72928e-06 1.18736e-07
 8.51663e-40 4.1683e-33 4.69024e-27 1.21332e-21 7.21607e-17 9.86667e-13 3.1016e-09 2.24153e-06 0.000372434 0.0142265 0.124937 0.252255 0.117795 0.031286 0.115068 0.162102 0.0672553 0.0571092 0.0438103 0.0110358 0.00236903 0.000347171 2.69108e-05 1.95379e-06 9.0072e-08
 7.87756e-40 3.85552e-33 4.33829e-27 1.12227e-21 6.67459e-17 9.12629e-13 2.86886e-09 2.07333e-06 0.000344487 0.0131589 0.115562 0.233329 0.109278 0.0374872 0.158627 0.222529 0.0752931 0.0177368 0.010786 0.00402626 0.00152706 0.000284545 2.71093e-05 1.39668e-06 3.79536e-08
 4.85838e-40 2.37784e-33 2.67559e-27 6.92149e-22 4.11647e-17 5.62853e-13 1.76933e-09 1.2787e-06 0.000212458 0.00811562 0.0712714 0.143909 0.0680934 0.0416483 0.21098 0.296405 0.102545 0.0315839 0.0199906 0.00436042 0.000699851 0.000157882 2.46144e-05 1.6737e-06 4.59751e-08
 5.24609e-40 2.5676e-33 2.8891e-27 7.47384e-22 4.44497e-17 6.0777e-13 1.91053e-09 1.38074e-06 0.000229413 0.00876326 0.076959 0.155391 0.0732742 0.0382458 0.18675 0.262761 0.0976413 0.0520032 0.0374196 0.00874304 0.00157033 0.000226533 1.98751e-05 1.55805e-06 6.09349e-08
 3.74395e-40 1.8324e-33 2.06185e-27 5.33381e-22 3.17222e-17 4.33743e-13 1.36348e-09 9.85387e-07 0.000163723 0.00625402 0.0549228 0.110901 0.0528084 0.0409825 0.216864 0.305075 0.110702 0.050954 0.0364829 0.0104704 0.00289417 0.000480531 4.00771e-05 2.03785e-06 6.04712e-08
 7.19188e-40 3.51993e-33 3.96068e-27 1.02459e-21 6.09362e-17 8.33192e-13 2.61915e-09 1.89286e-06 0.000314502 0.0120136 0.105503 0.213019 0.0997669 0.0342445 0.144954 0.204027 0.0793058 0.0528569 0.0397792 0.0107693 0.00281085 0.000562673 6.66449e-05 3.90559e-06 9.8043e-08
 4.78068e-40 2.33981e-33 2.63279e-27 6.81079e-22 4.05063e-17 5.5385e-13 1.74103e-09 1.25825e-06 0.00020906 0.00798582 0.0701315 0.141607 0.0670253 0.0415395 0.211009 0.296446 0.102503 0.031459 0.0206926 0.00667242 0.00221775 0.00044223 5.34385e-05 3.86044e-06 1.24204e-07
 5.49323e-40 2.68855e-33 3.0252e-27 7.82592e-22 4.65437e-17 6.364e-13 2.00053e-09 1.44579e-06 0.00024022 0.00917608 0.0805844 0.16271 0.0766418 0.0378126 0.181899 0.255934 0.095369 0.0515942 0.0372139 0.00871727 0.00169276 0.000357284 5.17306e-05 3.92811e-06 1.39002e-07
 6.02535e-40 2.94899e-33 3.31825e-27 8.584e-22 5.10523e-17 6.98048e-13 2.19432e-09 1.58584e-06 0.000263489 0.010065 0.0883905 0.178471 0.0839393 0.0381097 0.178962 0.251571 0.0907294 0.040031 0.028462 0.00825138 0.00231781 0.000393553 3.89949e-05 2.99732e-06 1.1887e-07
 4.68782e-40 2.29436e-33 2.58166e-27 6.6785e-22 3.97195e-17 5.43093e-13 1.70722e-09 1.23381e-06 0.000204999 0.00783071 0.0687693 0.138857 0.0657148 0.0405042 0.205519 0.288937 0.103021 0.0417271 0.0288692 0.00766344 0.00194112 0.000390258 4.72728e-05 3.00191e-06 9.71798e-08
 7.15372e-40 3.50125e-33 3.93966e-27 1.01915e-21 6.06128e-17 8.28771e-13 2.60525e-09 1.88282e-06 0.000312833 0.0119498 0.104943 0.21189 0.0992946 0.0355778 0.153433 0.215762 0.0804936 0.0438554 0.0319459 0.00821959 0.00192071 0.000354789 4.18776e-05 3.05121e-06 1.02952e-07
 4.912e-40 2.40408e-33 2.70511e-27 6.99788e-22 4.1619e-17 5.69064e-13 1.78886e-09 1.29281e-06 0.000214803 0.00820518 0.0720579 0.145497 0.0688142 0.0412924 0.208329 0.292692 0.10151 0.0321265 0.0210633 0.00609547 0.0017424 0.000321969 3.48979e-05 2.381e-06 8.2838e-08
 5.94116e-40 2.90779e-33 3.27189e-27 8.46407e-22 5.0339e-17 6.88295e-13 2.16366e-09 1.56368e-06 0.000259808 0.00992433 0.0871555 0.175977 0.0827565 0.037309 0.174826 0.245936 0.0914422 0.0488661 0.0352164 0.00834222 0.00163399 0.000312212 3.92379e-05 2.68591e-06 8.74521e-08
 6.27473e-40 3.07105e-33 3.45559e-27 8.93929e-22 5.31653e-17 7.26939e-13 2.28514e-09 1.65148e-06 0.000274395 0.0104815 0.0920489 0.185857 0.0873598 0.0382616 0.177662 0.249651 0.0888437 0.0354671 0.0246689 0.00708487 0.00196776 0.000335268 3.2255e-05 2.20994e-06 7.75394e-08
 4.79243e-40 2.34556e-33 2.63927e-27 6.82753e-22 4.06059e-17 5.55212e-13 1.74531e-09 1.26134e-06 0.000209574 0.00800545 0.0703039 0.141955 0.0671495 0.0405649 0.204955 0.28811 0.102292 0.0400522 0.0273988 0.00699752 0.00164029 0.000322276 3.86753e-05 2.42239e-06 7.34351e-08
 5.20867e-40 2.54928e-33 2.86849e-27 7.42052e-22 4.41326e-17 6.03434e-13 1.8969e-09 1.37089e-06 0.000227776 0.00870074 0.0764099 0.154282 0.0727602 0.0382064 0.186843 0.262894 0.0976948 0.0520674 0.037749 0.0095784 0.00215884 0.000380978 4.20798e-05 2.97403e-06 9.88718e-08
 5.64382e-40 2.76226e-33 3.10814e-27 8.04046e-22 4.78196e-17 6.53847e-13 2.05537e-09 1.48542e-06 0.000246805 0.00942763 0.0827935 0.167171 0.0787238 0.0383427 0.18379 0.258433 0.0939283 0.0437033 0.0313598 0.00902368 0.00254248 0.000461668 4.80234e-05 3.09483e-06 1.02216e-07
 7.98385e-40 3.90754e-33 4.39683e-27 1.13742e-21 6.76465e-17 9.24943e-13 2.90757e-09 2.10131e-06 0.000349135 0.0133365 0.117121 0.236476 0.110664 0.0356436 0.146424 0.205648 0.0737125 0.0310883 0.0217406 0.00589291 0.001547 0.000312313 3.86548e-05 2.57179e-06 7.98848e-08
#spawning biomass
 4576.37 2998.85 3320.04 4266.82 5487.97 6626.52 6756.36 6208.46 8229.88 15457.5 17702.6 15938.1 25571.9 33723.6 28934.7 25178.1 20873.9 24413.8 23003.8 23590.9 22479.3 24596.4 27419.3 27295 29706.6 36115.6 31063 28742.6 36396.9 45982.3 91830.8 98567 67610.2 44884.4 33045.8 27444.9 24919.9 23815.1 23341 23140.3 23056 23020.9 23006.3 23000.2 22997.7 22996.7 22996.3 22996.1 22996 22996 22996 22996 22996 22996 22996 22996 22996 22996 22996 22996 22996 22996 22996 22996 22996 22996 22996 22996 22996 22996 22996 22996 22996 22996 22996 22996 22996 22996 22996 22996 22996 22996 22996 22996 22996 22996 22996 22996 22996 22996 22996 22996 22996 22996 22996 22996 22996 22996 22996 22996 22996 22996 22996 22996 22996 22996 22996 22996 22996 22996 22996 22996 22996 22996 22996 22996 22996 22996 22996 22996 22996 22996 22996 22996 22996 22996 22996 22996 22996 0 0 0 0 0 0 0 0 0 0 0 0 0 0 0 0 0 0 0 0 0 0 0 0 0
