SBPRF35
0.125459
Curr Bio
45205.9
B35
113399
F35
0.442922
FOFL
0.127585
OFL
11938.4
Bzero
35845.5
#pred survey bio
 8853.79 8105.72 8604.39 8120.47 10419.8 15239.1 16656 19574.1 32797.7 50481.5 69775.1 92053.7 117535 144801 157602 135708 129454 122570 118748 120300 130548 137684 145102 154050 161750 177263 170759 155020 4.91121e+06 3.07345e+06 2.09369e+06 1.33578e+06 913305 704767 607143 562184 541329 531430 526579 524117 522825 522128 521742 521525 521403 521333 521292 521269 521255 521248 521243 521240 521239 521238 521237 521237 521237 521237 521237 521237 521237 521237 521237 521237 521237 521237 521237 521237 521237 521237 521237 521237 521237 521237 521237 521237 521237 521237 521237 521237 521237 521237 521237 521237 521237 521237 521237 521237 521237 521237 521237 521237 521237 521237 521237 521237 521237 521237 521237 521237 521237 521237 521237 521237 521237 521237 521237 521237 521237 521237 521237 521237 521237 521237 521237 521237 521237 521237 521237 521237 521237 521237 521237 521237 521237 521237 521237 521237 0 0 0 0 0 0 0 0 0 0 0 0 0 0 0 0 0 0 0 0 0 0 0 0 0
#obs survey bio
 8219.9 9855.73 8277.11 8572.86 17670.6 13972.9 13025.8 24173.4 46741.1 43554.6 95620.3 82671.2 160076 183204 126954 125219 99701 133135 151185 88419 114218 134079 168553 99547.2 192034 151576 122811 204032
#pred catch bio
 5300.61 5034.56 5838.62 5408.37 6157.23 10048.6 11339 12283.6 20657.8 32443.4 45830.9 62379.1 78117.3 93567.3 111317 94255.2 90567.1 84403.4 79793.3 79818.2 89113.8 91704.7 94368.4 102366 101874 115733 115322 112061 11938.4 40998.5 26443.6 16160.6 10749.5 8246.61 7171.41 6730.21 6554.44 6485.78 6459.31 6449.19 6445.35 6443.9 6443.36 6443.15 6443.07 6443.04 6443.03 6443.03 6443.03 6443.03 6443.03 6443.03 6443.03 6443.03 6443.03 6443.03 6443.03 6443.03 6443.03 6443.03 6443.03 6443.03 6443.03 6443.03 6443.03 6443.03 6443.03 6443.03 6443.03 6443.03 6443.03 6443.03 6443.03 6443.03 6443.03 6443.03 6443.03 6443.03 6443.03 6443.03 6443.03 6443.03 6443.03 6443.03 6443.03 6443.03 6443.03 6443.03 6443.03 6443.03 6443.03 6443.03 6443.03 6443.03 6443.03 6443.03 6443.03 6443.03 6443.03 6443.03 6443.03 6443.03 6443.03 6443.03 6443.03 6443.03 6443.03 6443.03 6443.03 6443.03 6443.03 6443.03 6443.03 6443.03 6443.03 6443.03 6443.03 6443.03 6443.03 6443.03 6443.03 6443.03 6443.03 6443.03 6443.03 6443.03 6443.03 6443.03 0 0 0 0 0 0 0 0 0 0 0 0 0 0 0 0 0 0 0 0 0 0 0 0 0
#obs catch bio
 5066.14 4997.57 5831.17 5414.37 5967.68 9998.54 11275.6 12066 19936.7 32057.3 45591.9 62205.7 76869.6 93247 113074 96975.8 92658.1 83291.7 80006 80596.9 91439.3 91968.6 93570.4 103771 102306 118048 118833 112527
#pred cpue bio
 8368.09 7372.66 7870.07 7394.02 9302.68 13760.7 15131.9 17549.4 29099.1 45164.5 62630.2 82586 105251 130474 143823 123784 117410 111343 107927 109364 118218 124569 131900 140237 146762 161812 156437 141678 4.43413e+06 3.11081e+06 2.08336e+06 1.31819e+06 895105 686524 588896 543937 523082 513184 508332 505870 504578 503881 503496 503279 503156 503086 503045 503022 503009 503001 502996 502993 502992 502991 502991 502990 502990 502990 502990 502990 502990 502990 502990 502990 502990 502990 502990 502990 502990 502990 502990 502990 502990 502990 502990 502990 502990 502990 502990 502990 502990 502990 502990 502990 502990 502990 502990 502990 502990 502990 502990 502990 502990 502990 502990 502990 502990 502990 502990 502990 502990 502990 502990 502990 502990 502990 502990 502990 502990 502990 502990 502990 502990 502990 502990 502990 502990 502990 502990 502990 502990 502990 502990 502990 502990 502990 502990 502990 0 0 0 0 0 0 0 0 0 0 0 0 0 0 0 0 0 0 0 0 0 0 0 0 0
#obs cpue bio
 5883.54 7832.98 7823.25 6822.2 11691.7 12631.7 21600.9 20230.8 42608.5 49493.2 47785.2 96511.4 110436 96752.6 129506 78241.5 111191 162320 70019.7 119754 83282.9 143844 139401 148673 121754 124895 130190 123557
#pred surv len freq
 2.14601e-27 2.17353e-27 6.62326e-27 1.52258e-21 9.0554e-17 1.23816e-12 3.89218e-09 2.81289e-06 0.000467358 0.0178528 0.156784 0.31655 0.147339 0.0264555 0.0661925 0.0929068 0.0378255 0.0304873 0.0271476 0.0183841 0.0155245 0.0134947 0.0140119 0.0130726 0.00550137
 2.14864e-27 2.18128e-27 7.50698e-27 1.82247e-21 1.08389e-16 1.48203e-12 4.65878e-09 3.36691e-06 0.000559408 0.021369 0.187664 0.378896 0.176214 0.0278443 0.0558854 0.0780426 0.0286574 0.0143253 0.0113844 0.0061161 0.00425975 0.00302683 0.00261279 0.00221719 0.000922364
 2.14771e-27 2.17919e-27 7.29217e-27 1.7496e-21 1.04055e-16 1.42277e-12 4.47251e-09 3.23229e-06 0.000537041 0.0205146 0.18016 0.363747 0.169278 0.0296269 0.0713349 0.0997291 0.0352187 0.0132227 0.00934765 0.00350658 0.00172054 0.000902138 0.000579746 0.000409674 0.000161459
 2.14807e-27 2.18013e-27 7.39686e-27 1.78513e-21 1.06169e-16 1.45167e-12 4.56333e-09 3.29793e-06 0.000547947 0.0209312 0.183819 0.371134 0.172674 0.0291314 0.066084 0.0923731 0.0332742 0.0145638 0.0104182 0.00326047 0.00115368 0.000381715 0.000149521 7.48862e-05 2.59732e-05
 2.14973e-27 2.1842e-27 7.82759e-27 1.93124e-21 1.14858e-16 1.57048e-12 4.93683e-09 3.56786e-06 0.000592795 0.0226444 0.198864 0.401509 0.186667 0.0278005 0.0488041 0.0679892 0.0242971 0.0100358 0.00716995 0.00243469 0.000894577 0.000227456 4.96141e-05 1.30341e-05 3.34607e-06
 2.14878e-27 2.18184e-27 7.57376e-27 1.84512e-21 1.09736e-16 1.50045e-12 4.71667e-09 3.40875e-06 0.000566359 0.0216345 0.189996 0.383605 0.178433 0.0289694 0.0613362 0.0856046 0.0298482 0.00997467 0.00673974 0.00221976 0.000807845 0.000215361 4.00512e-05 5.40595e-06 7.12503e-07
 2.14825e-27 2.18055e-27 7.43902e-27 1.79942e-21 1.07018e-16 1.46329e-12 4.59986e-09 3.32433e-06 0.000552333 0.0210987 0.18529 0.374104 0.174052 0.0292652 0.0660053 0.09222 0.032656 0.0125249 0.00864838 0.00254037 0.000793245 0.000203176 3.76105e-05 4.30089e-06 2.97406e-07
 2.14938e-27 2.18335e-27 7.73675e-27 1.90042e-21 1.13025e-16 1.54542e-12 4.85805e-09 3.51093e-06 0.000583335 0.022283 0.195691 0.395102 0.183719 0.0281599 0.0529291 0.0737994 0.026297 0.0106137 0.00747492 0.00235262 0.000780536 0.00017938 2.92418e-05 3.16587e-06 1.81619e-07
 2.15019e-27 2.18531e-27 7.94274e-27 1.97029e-21 1.17181e-16 1.60224e-12 5.03665e-09 3.64e-06 0.000604781 0.0231022 0.202885 0.409627 0.190414 0.027628 0.0453042 0.0630204 0.0220635 0.00766437 0.00522442 0.00169437 0.000593203 0.000145064 2.35876e-05 2.28483e-06 1.17886e-07
 2.14953e-27 2.18368e-27 7.76719e-27 1.91073e-21 1.13638e-16 1.5538e-12 4.8844e-09 3.52997e-06 0.000586499 0.0224039 0.196752 0.397245 0.184719 0.0284201 0.0538714 0.0750663 0.0259135 0.00781296 0.00506281 0.00151459 0.000484143 0.000121332 2.09557e-05 2.08562e-06 1.01521e-07
 2.14927e-27 2.18306e-27 7.70267e-27 1.88885e-21 1.12337e-16 1.53601e-12 4.82846e-09 3.48954e-06 0.000579783 0.0221473 0.194499 0.392696 0.182619 0.0285133 0.055812 0.0778268 0.0272322 0.00940111 0.00628921 0.00175382 0.000493885 0.000112664 1.84231e-05 1.89278e-06 9.55088e-08
 2.14932e-27 2.18317e-27 7.7152e-27 1.8931e-21 1.1259e-16 1.53947e-12 4.83933e-09 3.4974e-06 0.000581088 0.0221972 0.194937 0.39358 0.183025 0.0284302 0.0550383 0.076741 0.0269122 0.00948759 0.00642815 0.00191248 0.000583038 0.000124322 1.78556e-05 1.68581e-06 8.39894e-08
 2.14946e-27 2.18353e-27 7.75314e-27 1.90597e-21 1.13355e-16 1.54993e-12 4.87223e-09 3.52117e-06 0.000585038 0.022348 0.196262 0.396255 0.184258 0.0283336 0.0536417 0.074766 0.0261262 0.00891073 0.00599145 0.00180258 0.000566847 0.000128614 1.90082e-05 1.64418e-06 7.38192e-08
 2.14895e-27 2.18227e-27 7.61935e-27 1.86058e-21 1.10656e-16 1.51302e-12 4.75621e-09 3.43732e-06 0.000571106 0.0218159 0.191588 0.386819 0.179914 0.0288244 0.0594822 0.082994 0.0289701 0.00977831 0.0065439 0.00193674 0.000597326 0.000137517 2.1259e-05 1.91822e-06 8.37566e-08
 2.14784e-27 2.17954e-27 7.33102e-27 1.76278e-21 1.04839e-16 1.43349e-12 4.50619e-09 3.25664e-06 0.000541086 0.0206691 0.181517 0.366487 0.170546 0.0296646 0.0707397 0.0988892 0.0349522 0.0131973 0.0090844 0.00267691 0.000816401 0.000184892 2.83908e-05 2.63196e-06 1.19438e-07
 2.14789e-27 2.17969e-27 7.34969e-27 1.76913e-21 1.05217e-16 1.43865e-12 4.52242e-09 3.26836e-06 0.000543034 0.0207435 0.182171 0.367806 0.171145 0.0293909 0.0686711 0.0960063 0.0343791 0.0144091 0.0102193 0.00318797 0.00104647 0.000237975 3.60389e-05 3.30497e-06 1.51516e-07
 2.14841e-27 2.18097e-27 7.48521e-27 1.8151e-21 1.07951e-16 1.47603e-12 4.63993e-09 3.35329e-06 0.000557144 0.0212825 0.186904 0.377363 0.175547 0.0289385 0.0630289 0.0880473 0.0314821 0.0130531 0.00930231 0.00307843 0.00109843 0.000266864 4.27069e-05 3.93134e-06 1.78431e-07
 2.14826e-27 2.18059e-27 7.44333e-27 1.80088e-21 1.07105e-16 1.46447e-12 4.60359e-09 3.32703e-06 0.000552781 0.0211159 0.185441 0.374408 0.174192 0.0292316 0.0657086 0.0917992 0.0324626 0.0123193 0.00859962 0.00283059 0.001021 0.000264639 4.62186e-05 4.54502e-06 2.127e-07
 2.14822e-27 2.18048e-27 7.43265e-27 1.79726e-21 1.0689e-16 1.46153e-12 4.59434e-09 3.32034e-06 0.00055167 0.0210734 0.185068 0.373655 0.173842 0.0292006 0.0657464 0.0918667 0.0326827 0.0130243 0.00914036 0.00286651 0.000975696 0.000251761 4.56201e-05 4.84295e-06 2.44056e-07
 2.1482e-27 2.18044e-27 7.42863e-27 1.7959e-21 1.06809e-16 1.46042e-12 4.59086e-09 3.31783e-06 0.000551252 0.0210575 0.184928 0.373373 0.173711 0.0291705 0.0656476 0.0917336 0.032719 0.0133065 0.0094112 0.0030297 0.00104998 0.000258988 4.50387e-05 4.85505e-06 2.58825e-07
 2.14855e-27 2.1813e-27 7.51995e-27 1.82688e-21 1.08652e-16 1.48562e-12 4.67005e-09 3.37506e-06 0.000560761 0.0214207 0.188118 0.379813 0.176676 0.0288462 0.0617268 0.0862082 0.0307814 0.012625 0.00895831 0.00291931 0.00103296 0.00026049 4.50273e-05 4.67273e-06 2.47049e-07
 2.14862e-27 2.18147e-27 7.53594e-27 1.8323e-21 1.08974e-16 1.49002e-12 4.68391e-09 3.38507e-06 0.000562425 0.0214842 0.188676 0.38094 0.1772 0.0289197 0.0618362 0.0863403 0.0305279 0.0115708 0.00806919 0.00264017 0.00094211 0.000241348 4.2676e-05 4.46015e-06 2.3113e-07
 2.1482e-27 2.18044e-27 7.42706e-27 1.79536e-21 1.06777e-16 1.45999e-12 4.58948e-09 3.31683e-06 0.000551087 0.0210511 0.184872 0.373261 0.173663 0.0292778 0.0663365 0.0926886 0.0328388 0.0126543 0.00881294 0.00276286 0.000938638 0.000240332 4.3065e-05 4.58924e-06 2.408e-07
 2.14807e-27 2.18014e-27 7.39757e-27 1.78537e-21 1.06183e-16 1.45186e-12 4.56394e-09 3.29837e-06 0.000548019 0.020934 0.183843 0.371183 0.1727 0.0292255 0.0666433 0.093147 0.0333536 0.0139758 0.00992634 0.00313963 0.00106531 0.000261765 4.52871e-05 4.839e-06 2.57915e-07
 2.14837e-27 2.18088e-27 7.47589e-27 1.81194e-21 1.07763e-16 1.47346e-12 4.63185e-09 3.34745e-06 0.000556175 0.0212455 0.186579 0.376706 0.175244 0.0289614 0.0633664 0.0885244 0.0316688 0.0131812 0.00940218 0.00311486 0.00111707 0.000277349 4.71257e-05 4.8558e-06 2.55009e-07
 2.14782e-27 2.17952e-27 7.3316e-27 1.76299e-21 1.04852e-16 1.43366e-12 4.50673e-09 3.25703e-06 0.00054115 0.0206716 0.181539 0.36653 0.170558 0.0294646 0.0695053 0.0971759 0.0347007 0.0142435 0.0101261 0.0033486 0.00121395 0.000315858 5.6027e-05 5.77018e-06 2.95404e-07
 2.14748e-27 2.1787e-27 7.24653e-27 1.73414e-21 1.03136e-16 1.4102e-12 4.43298e-09 3.20373e-06 0.000532294 0.0203333 0.178568 0.360533 0.167791 0.0296105 0.0722041 0.101005 0.0363953 0.0159721 0.011501 0.00377214 0.00135418 0.000353432 6.44624e-05 6.93349e-06 3.61761e-07
 2.14772e-27 2.17928e-27 7.30838e-27 1.75512e-21 1.04384e-16 1.42726e-12 4.48662e-09 3.24249e-06 0.000538735 0.0205793 0.180729 0.364895 0.169798 0.0293571 0.0693422 0.0969755 0.0350275 0.0156404 0.011355 0.00386675 0.00144182 0.000375039 6.81516e-05 7.45652e-06 4.02473e-07
#obs surv len freq
 1.23103e-39 6.02503e-33 6.77946e-27 1.75378e-21 1.04304e-16 1.42617e-12 4.48318e-09 3.24e-06 0.000538331 0.0205635 0.180589 0.364614 0.169666 0.0292867 0.068997 0.0964998 0.0349994 0.0160816 0.0117871 0.00414877 0.00163993 0.000472601 9.87864e-05 1.26991e-05 8.36905e-07
 1.30916e-39 6.40745e-33 7.20976e-27 1.8651e-21 1.10924e-16 1.51669e-12 4.76773e-09 3.44565e-06 0.000572499 0.0218687 0.192051 0.387756 0.180327 0.0282835 0.0558982 0.0780174 0.0282199 0.0127297 0.00929342 0.00325806 0.00127632 0.000360867 7.37444e-05 9.2524e-06 5.91199e-07
 1.16011e-39 5.67794e-33 6.38891e-27 1.65275e-21 9.82952e-17 1.34401e-12 4.22491e-09 3.05335e-06 0.000507318 0.0193789 0.170186 0.34361 0.160012 0.0307891 0.0844994 0.118272 0.0416091 0.0151093 0.0105006 0.0036343 0.00140555 0.000394253 7.92884e-05 9.71902e-06 6.05557e-07
 1.34398e-39 6.57783e-33 7.40148e-27 1.91469e-21 1.13874e-16 1.55702e-12 4.89451e-09 3.53727e-06 0.000587723 0.0224503 0.197158 0.398067 0.185067 0.0275568 0.0483549 0.0674311 0.0251265 0.0136176 0.0100935 0.00309981 0.00104022 0.000283145 5.61287e-05 6.77769e-06 4.13542e-07
 1.39131e-39 6.80951e-33 7.66217e-27 1.98213e-21 1.17885e-16 1.61186e-12 5.0669e-09 3.66186e-06 0.000608423 0.023241 0.204102 0.412086 0.191548 0.0275514 0.0440963 0.061305 0.0212761 0.00679815 0.00463717 0.00179046 0.000736648 0.000182409 3.22239e-05 3.75476e-06 2.25234e-07
 1.26721e-39 6.20213e-33 6.97874e-27 1.80533e-21 1.0737e-16 1.46809e-12 4.61495e-09 3.33524e-06 0.000554154 0.021168 0.185897 0.375332 0.174633 0.0296116 0.0677509 0.0946104 0.0325436 0.00942754 0.00600099 0.00172469 0.000547366 0.000160387 3.14273e-05 3.36361e-06 1.87867e-07
 1.27086e-39 6.21998e-33 6.99882e-27 1.81053e-21 1.07679e-16 1.47232e-12 4.62824e-09 3.34484e-06 0.000555749 0.0212289 0.186432 0.376412 0.17511 0.029 0.0636917 0.0889896 0.0319382 0.0136008 0.00953873 0.00260938 0.000703499 0.000155968 2.71118e-05 3.19795e-06 1.79183e-07
 1.41861e-39 6.9431e-33 7.81248e-27 2.02102e-21 1.20197e-16 1.64348e-12 5.1663e-09 3.7337e-06 0.000620359 0.0236969 0.208106 0.42017 0.195263 0.0269529 0.038006 0.0527603 0.0188082 0.00762149 0.00541077 0.00180114 0.00062576 0.000132559 1.83073e-05 1.75914e-06 9.68122e-08
 1.42023e-39 6.95102e-33 7.8214e-27 2.02332e-21 1.20335e-16 1.64536e-12 5.1722e-09 3.73796e-06 0.000621067 0.023724 0.208344 0.42065 0.195499 0.0273131 0.0400606 0.0555914 0.0189277 0.0048514 0.0029957 0.000970084 0.000345038 8.82733e-05 1.42894e-05 1.23037e-06 5.50121e-08
 1.34855e-39 6.6002e-33 7.42665e-27 1.9212e-21 1.14261e-16 1.56231e-12 4.91115e-09 3.5493e-06 0.000589721 0.0225266 0.197828 0.39942 0.185726 0.0284473 0.0533829 0.074358 0.0253972 0.00676455 0.00413705 0.00107053 0.00026987 6.53567e-05 1.15611e-05 1.16521e-06 5.33042e-08
 1.31424e-39 6.43232e-33 7.23775e-27 1.87234e-21 1.11355e-16 1.52258e-12 4.78623e-09 3.45902e-06 0.000574721 0.0219536 0.192797 0.389261 0.181039 0.0287158 0.058084 0.0810256 0.0283139 0.0096506 0.0063967 0.00168118 0.000412661 7.9045e-05 1.06949e-05 1.06094e-06 5.39897e-08
 1.35591e-39 6.63624e-33 7.46721e-27 1.9317e-21 1.14885e-16 1.57085e-12 4.93797e-09 3.56868e-06 0.000592942 0.0226496 0.198909 0.401601 0.186717 0.0279847 0.0499014 0.0695101 0.024491 0.00900285 0.00615927 0.00181707 0.000539607 0.000106421 1.2891e-05 9.99243e-07 4.42112e-08
 1.33582e-39 6.53791e-33 7.35656e-27 1.90307e-21 1.13183e-16 1.54757e-12 4.8648e-09 3.5158e-06 0.000584155 0.022314 0.195961 0.395651 0.183983 0.0284311 0.0544201 0.0758508 0.0263394 0.0084495 0.00559748 0.00171848 0.000553814 0.000124114 1.73813e-05 1.32746e-06 4.95965e-08
 1.29344e-39 6.3305e-33 7.12318e-27 1.8427e-21 1.09592e-16 1.49848e-12 4.71047e-09 3.40427e-06 0.000565624 0.0216061 0.189745 0.3831 0.178201 0.0289934 0.0616353 0.0860323 0.030091 0.0103497 0.00693749 0.00199022 0.000589312 0.000137192 2.13971e-05 1.86616e-06 7.45428e-08
 1.16887e-39 5.72079e-33 6.43712e-27 1.66522e-21 9.90371e-17 1.35415e-12 4.25679e-09 3.07639e-06 0.000511147 0.0195252 0.17147 0.346203 0.161204 0.030596 0.0825391 0.115531 0.0409684 0.0158973 0.0110229 0.00327246 0.00100035 0.000219759 3.28271e-05 3.0475e-06 1.36096e-07
 1.26472e-39 6.18994e-33 6.96502e-27 1.80179e-21 1.07159e-16 1.46521e-12 4.60588e-09 3.32868e-06 0.000553065 0.0211264 0.185532 0.374594 0.174255 0.0286198 0.0619185 0.0865628 0.0320548 0.0167685 0.0124111 0.00393387 0.00131699 0.000301127 4.50699e-05 4.01798e-06 1.81306e-07
 1.23352e-39 6.03725e-33 6.79321e-27 1.75734e-21 1.04515e-16 1.42906e-12 4.49226e-09 3.24657e-06 0.000539422 0.0206052 0.180955 0.365354 0.170017 0.0295248 0.0702279 0.0981854 0.0349186 0.0138983 0.00999729 0.00378079 0.00153957 0.000385207 6.25488e-05 5.741e-06 2.55602e-07
 1.28237e-39 6.27632e-33 7.06222e-27 1.82693e-21 1.08654e-16 1.48565e-12 4.67016e-09 3.37513e-06 0.000560783 0.0214212 0.188121 0.379821 0.176674 0.0286977 0.0608184 0.0849526 0.0306737 0.0136564 0.00983865 0.00317843 0.00116585 0.000342773 6.6546e-05 6.75591e-06 3.1791e-07
 1.25275e-39 6.13135e-33 6.89909e-27 1.78473e-21 1.06145e-16 1.45134e-12 4.56229e-09 3.29718e-06 0.00054783 0.0209264 0.183776 0.371048 0.172643 0.0293357 0.0673571 0.0941306 0.0333857 0.0129887 0.00916785 0.00314197 0.00117532 0.000306329 5.93405e-05 7.04264e-06 3.78707e-07
 1.25237e-39 6.12946e-33 6.89697e-27 1.78418e-21 1.06112e-16 1.45089e-12 4.56088e-09 3.29616e-06 0.000547662 0.02092 0.183719 0.370934 0.172583 0.0291601 0.0663199 0.0927037 0.0333632 0.014511 0.0103912 0.00330852 0.00115886 0.000310808 5.83424e-05 6.64106e-06 3.86188e-07
 1.27447e-39 6.23767e-33 7.01872e-27 1.81568e-21 1.07985e-16 1.4765e-12 4.6414e-09 3.35435e-06 0.00055733 0.0212893 0.186962 0.377482 0.175599 0.0288652 0.0625458 0.0873764 0.0313769 0.0134371 0.00966748 0.00327083 0.00120153 0.00030399 5.48291e-05 6.17069e-06 3.49808e-07
 1.26246e-39 6.17887e-33 6.95256e-27 1.79856e-21 1.06967e-16 1.46258e-12 4.59765e-09 3.32273e-06 0.000552076 0.0210886 0.1852 0.373924 0.173964 0.0291317 0.0652451 0.0911656 0.0325026 0.0131793 0.00936234 0.00314355 0.00116501 0.000309964 5.64939e-05 6.08805e-06 3.35857e-07
 1.26068e-39 6.17017e-33 6.94278e-27 1.79603e-21 1.06817e-16 1.46053e-12 4.59117e-09 3.31805e-06 0.000551299 0.0210589 0.184939 0.373398 0.173719 0.0290854 0.0651211 0.0910048 0.0326393 0.0138459 0.00989235 0.00322101 0.00115162 0.000305206 5.70549e-05 6.31172e-06 3.42584e-07
 1.2541e-39 6.13796e-33 6.90653e-27 1.78665e-21 1.06259e-16 1.4529e-12 4.5672e-09 3.30073e-06 0.00054842 0.020949 0.183974 0.371448 0.17282 0.0291489 0.0660967 0.0923838 0.0331763 0.01421 0.0102059 0.003408 0.00124214 0.000320156 5.83467e-05 6.51287e-06 3.61218e-07
 1.25642e-39 6.14933e-33 6.91932e-27 1.78996e-21 1.06456e-16 1.45559e-12 4.57566e-09 3.30684e-06 0.000549436 0.0209878 0.184314 0.372136 0.173136 0.0290738 0.0654307 0.0914515 0.0329343 0.0143986 0.010392 0.00349271 0.0012906 0.000339994 6.20806e-05 6.77369e-06 3.73474e-07
 1.19008e-39 5.82462e-33 6.55396e-27 1.69545e-21 1.00835e-16 1.37873e-12 4.33405e-09 3.13223e-06 0.000520424 0.0198795 0.174582 0.352487 0.164086 0.0299906 0.0769493 0.107693 0.0387371 0.0167916 0.0121169 0.00412168 0.00154537 0.000411621 7.65384e-05 8.44118e-06 4.61006e-07
 1.19516e-39 5.84948e-33 6.58192e-27 1.70268e-21 1.01265e-16 1.38461e-12 4.35254e-09 3.14559e-06 0.000522645 0.0199644 0.175327 0.353991 0.164764 0.0295267 0.0736647 0.103129 0.0380206 0.0193839 0.0144007 0.00487923 0.00182687 0.000492647 9.30929e-05 1.04331e-05 5.77011e-07
 1.22569e-39 5.99889e-33 6.75004e-27 1.74617e-21 1.03851e-16 1.41998e-12 4.46372e-09 3.22594e-06 0.000535995 0.0204743 0.179805 0.363032 0.16893 0.0291485 0.0686303 0.0960139 0.0352383 0.0174935 0.013114 0.00490307 0.00201392 0.000547524 0.000104012 1.18306e-05 6.64903e-07
#pred catch len freq
 2.14582e-27 2.17305e-27 6.57176e-27 1.50511e-21 8.95148e-17 1.22396e-12 3.84752e-09 2.78061e-06 0.000461995 0.0176479 0.154985 0.312918 0.145667 0.0266479 0.0684618 0.0961024 0.0389122 0.030761 0.0273154 0.0184393 0.0155492 0.0135101 0.0140263 0.0130858 0.0055069
 2.1485e-27 2.18094e-27 7.47103e-27 1.81027e-21 1.07664e-16 1.47211e-12 4.6276e-09 3.34438e-06 0.000555664 0.021226 0.186408 0.37636 0.175048 0.0279975 0.0575848 0.0804334 0.0294393 0.0144187 0.0114113 0.00611185 0.00424951 0.00301802 0.0026048 0.00221036 0.000919522
 2.14765e-27 2.17904e-27 7.27638e-27 1.74424e-21 1.03737e-16 1.41841e-12 4.45881e-09 3.22239e-06 0.000535396 0.0204517 0.179608 0.362633 0.168766 0.0297219 0.0722504 0.101013 0.0355869 0.0130881 0.00920297 0.00344338 0.00168556 0.000883235 0.000567485 0.000400997 0.000158039
 2.14799e-27 2.17994e-27 7.37618e-27 1.77811e-21 1.05751e-16 1.44596e-12 4.54539e-09 3.28497e-06 0.000545792 0.0208489 0.183096 0.369675 0.172004 0.0292405 0.0671899 0.0939256 0.0337365 0.0144624 0.0102999 0.00321659 0.00113514 0.000375302 0.000146964 7.36009e-05 2.55272e-05
 2.14956e-27 2.1838e-27 7.78452e-27 1.91663e-21 1.13989e-16 1.5586e-12 4.89948e-09 3.54087e-06 0.00058831 0.022473 0.197359 0.398471 0.185269 0.0279717 0.0507646 0.0707488 0.0252186 0.0102116 0.0072622 0.00246032 0.000901841 0.00022916 4.99677e-05 1.31255e-05 3.36949e-06
 2.14869e-27 2.18163e-27 7.55071e-27 1.8373e-21 1.09271e-16 1.49409e-12 4.69668e-09 3.3943e-06 0.000563959 0.0215428 0.18919 0.381979 0.177686 0.0290792 0.0624965 0.0872349 0.0303546 0.00994266 0.00667849 0.00219453 0.000796677 0.000212247 3.94596e-05 5.3255e-06 7.01875e-07
 2.1482e-27 2.18042e-27 7.42475e-27 1.79458e-21 1.0673e-16 1.45935e-12 4.58747e-09 3.31538e-06 0.000550846 0.0210419 0.184791 0.373097 0.17359 0.029349 0.0668204 0.093363 0.0329794 0.0123898 0.00851146 0.00249521 0.000776996 0.000198867 3.68006e-05 4.20783e-06 2.90961e-07
 2.14926e-27 2.18305e-27 7.70442e-27 1.88945e-21 1.12373e-16 1.5365e-12 4.83001e-09 3.49066e-06 0.000579968 0.0221544 0.194561 0.392822 0.182669 0.0282982 0.0544607 0.0759537 0.0269958 0.0106777 0.00748444 0.00235058 0.000777874 0.000178652 2.91124e-05 3.15147e-06 1.80786e-07
 2.15008e-27 2.18506e-27 7.91522e-27 1.96095e-21 1.16625e-16 1.59464e-12 5.01279e-09 3.62275e-06 0.000601915 0.0229928 0.201924 0.407686 0.189521 0.027746 0.0466096 0.0648564 0.0226584 0.00771628 0.00523051 0.00169254 0.000591084 0.000144454 2.34805e-05 2.27419e-06 1.17332e-07
 2.14943e-27 2.18343e-27 7.74e-27 1.9015e-21 1.1309e-16 1.5463e-12 4.86081e-09 3.51292e-06 0.000583666 0.0222957 0.195802 0.395326 0.183837 0.0285403 0.0551839 0.0769119 0.0265036 0.00783715 0.00504574 0.00150636 0.000480215 0.000120262 2.0764e-05 2.06632e-06 1.00578e-07
 2.14919e-27 2.18285e-27 7.6803e-27 1.88126e-21 1.11886e-16 1.52984e-12 4.80906e-09 3.47552e-06 0.000577453 0.0220583 0.193717 0.391118 0.181894 0.0286179 0.056926 0.0793923 0.0277209 0.00937921 0.00623943 0.00173674 0.000487688 0.000111164 1.81712e-05 1.86667e-06 9.41878e-08
 2.14926e-27 2.18304e-27 7.70138e-27 1.88841e-21 1.12311e-16 1.53565e-12 4.82735e-09 3.48874e-06 0.000579649 0.0221422 0.194454 0.392605 0.182577 0.0285049 0.055788 0.0777932 0.0272209 0.00940237 0.00633489 0.00188092 0.000571884 0.000121861 1.74954e-05 1.65157e-06 8.22799e-08
 2.14939e-27 2.18336e-27 7.73451e-27 1.89965e-21 1.12979e-16 1.54479e-12 4.85607e-09 3.5095e-06 0.000583098 0.0222739 0.195611 0.394941 0.183654 0.028424 0.05459 0.0760982 0.0265357 0.0088697 0.00592964 0.00178031 0.000558354 0.000126601 1.8704e-05 1.61766e-06 7.26251e-08
 2.14885e-27 2.18201e-27 7.59134e-27 1.85108e-21 1.10091e-16 1.50529e-12 4.73191e-09 3.41976e-06 0.000568189 0.0217044 0.190609 0.384843 0.179006 0.0289506 0.060848 0.0849141 0.0295794 0.00978708 0.00651222 0.00192349 0.000591638 0.000136111 2.10342e-05 1.8977e-06 8.28575e-08
 2.14783e-27 2.17952e-27 7.32866e-27 1.76198e-21 1.04792e-16 1.43284e-12 4.50415e-09 3.25516e-06 0.00054084 0.0206597 0.181435 0.366321 0.170471 0.0297097 0.0710647 0.0993408 0.0350259 0.0129508 0.00886778 0.00260787 0.000793183 0.000179507 2.75538e-05 2.55404e-06 1.15898e-07
 2.14787e-27 2.17963e-27 7.34218e-27 1.76658e-21 1.05065e-16 1.43658e-12 4.5159e-09 3.26365e-06 0.000542251 0.0207136 0.181908 0.367276 0.170903 0.0294569 0.0692336 0.0967925 0.0345648 0.014185 0.010013 0.00311699 0.00102052 0.000231923 3.51098e-05 3.21935e-06 1.47585e-07
 2.1484e-27 2.18093e-27 7.48056e-27 1.81352e-21 1.07857e-16 1.47475e-12 4.63589e-09 3.35037e-06 0.00055666 0.021264 0.186742 0.377035 0.175397 0.0289918 0.0634532 0.0886392 0.0316072 0.0128312 0.0091002 0.00300469 0.00106948 0.000259668 4.15413e-05 3.8236e-06 1.73534e-07
 2.14822e-27 2.1805e-27 7.43286e-27 1.79733e-21 1.06894e-16 1.46158e-12 4.59451e-09 3.32046e-06 0.00055169 0.0210742 0.185075 0.373669 0.173853 0.0293028 0.0663659 0.0927199 0.0327083 0.0121573 0.00844204 0.00277239 0.000997518 0.000258387 4.51122e-05 4.43575e-06 2.07578e-07
 2.14815e-27 2.18032e-27 7.41448e-27 1.7911e-21 1.06523e-16 1.45652e-12 4.57858e-09 3.30895e-06 0.000549778 0.0210011 0.184433 0.372374 0.173254 0.0292988 0.066732 0.0932499 0.0330897 0.0129165 0.00902018 0.00282275 0.000958306 0.000247106 4.47619e-05 4.75134e-06 2.39432e-07
 2.14812e-27 2.18024e-27 7.40662e-27 1.78843e-21 1.06365e-16 1.45435e-12 4.57177e-09 3.30403e-06 0.00054896 0.0209699 0.184159 0.37182 0.172997 0.029282 0.0667961 0.0933465 0.0332071 0.0132292 0.00931164 0.00299104 0.00103397 0.000254874 4.43079e-05 4.77574e-06 2.54588e-07
 2.1485e-27 2.18119e-27 7.50758e-27 1.82268e-21 1.08402e-16 1.4822e-12 4.65932e-09 3.36731e-06 0.000559473 0.0213715 0.187685 0.37894 0.176275 0.0289237 0.0624632 0.0872403 0.0310667 0.0124787 0.00881189 0.00286517 0.00101127 0.000254855 4.40385e-05 4.56961e-06 2.41588e-07
 2.14854e-27 2.18128e-27 7.51591e-27 1.8255e-21 1.0857e-16 1.4845e-12 4.66653e-09 3.37252e-06 0.000560339 0.0214046 0.187976 0.379527 0.17655 0.0290212 0.0628815 0.0878082 0.0309723 0.011501 0.00797889 0.00260473 0.000927146 0.000237362 4.19573e-05 4.38458e-06 2.27205e-07
 2.14809e-27 2.18017e-27 7.39863e-27 1.78572e-21 1.06203e-16 1.45214e-12 4.56483e-09 3.29901e-06 0.000548126 0.020938 0.183879 0.371255 0.172741 0.0294103 0.0677496 0.0946745 0.0334609 0.0126341 0.00875468 0.00273871 0.000928023 0.000237453 4.25351e-05 4.53229e-06 2.37804e-07
 2.14799e-27 2.17994e-27 7.37585e-27 1.778e-21 1.05744e-16 1.44587e-12 4.5451e-09 3.28476e-06 0.000545757 0.0208476 0.183084 0.369651 0.171996 0.0293371 0.0677865 0.0947522 0.0338363 0.0138875 0.00981791 0.00309864 0.0010487 0.000257515 4.45365e-05 4.75825e-06 2.53602e-07
 2.14824e-27 2.18054e-27 7.43949e-27 1.79959e-21 1.07028e-16 1.46342e-12 4.60028e-09 3.32464e-06 0.000552383 0.0211007 0.185307 0.374139 0.174063 0.0291194 0.065105 0.0909695 0.0324576 0.0132381 0.00939927 0.00310685 0.00111147 0.000275786 4.68444e-05 4.82626e-06 2.53448e-07
 2.14772e-27 2.17926e-27 7.30352e-27 1.75346e-21 1.04285e-16 1.42591e-12 4.48238e-09 3.23943e-06 0.000538226 0.0205599 0.180558 0.36455 0.169648 0.0295988 0.0709215 0.0991659 0.0353182 0.0142024 0.0100491 0.00331559 0.00119901 0.000311772 5.52845e-05 5.6931e-06 2.91448e-07
 2.14742e-27 2.17854e-27 7.22918e-27 1.72825e-21 1.02786e-16 1.40541e-12 4.41793e-09 3.19285e-06 0.000530487 0.0202643 0.177962 0.359309 0.167229 0.029713 0.0731983 0.102399 0.0367912 0.0158118 0.0113347 0.00370929 0.00132829 0.000346452 6.31687e-05 6.79363e-06 3.54452e-07
 2.14775e-27 2.17936e-27 7.31588e-27 1.75767e-21 1.04535e-16 1.42933e-12 4.49312e-09 3.24719e-06 0.000539516 0.0206091 0.180991 0.365424 0.170043 0.0293792 0.0693178 0.0969334 0.0349063 0.0152545 0.0110248 0.00374552 0.00139324 0.000362177 6.57928e-05 7.19768e-06 3.88489e-07
#obs catch len freq
 1.21407e-39 5.94204e-33 6.68608e-27 1.72962e-21 1.02867e-16 1.40652e-12 4.42142e-09 3.19537e-06 0.000530915 0.0202803 0.178101 0.359592 0.167353 0.0295256 0.0719695 0.100689 0.0364674 0.0165977 0.0121664 0.00434297 0.00174534 0.000510118 0.000109085 1.44822e-05 9.91231e-07
 1.2206e-39 5.97401e-33 6.72205e-27 1.73893e-21 1.03421e-16 1.41409e-12 4.44521e-09 3.21256e-06 0.000533772 0.0203894 0.17906 0.361527 0.168245 0.0294604 0.0709881 0.0993025 0.0359377 0.0162685 0.0118858 0.00417077 0.00164329 0.000472851 9.87208e-05 1.26817e-05 8.3538e-07
 1.30161e-39 6.37047e-33 7.16816e-27 1.85434e-21 1.10284e-16 1.50794e-12 4.74022e-09 3.42576e-06 0.000569196 0.0217425 0.190943 0.385518 0.179298 0.0284128 0.0573621 0.0800774 0.0289025 0.0128421 0.00934433 0.00326592 0.00127524 0.000360018 7.34823e-05 9.21296e-06 5.88413e-07
 1.14974e-39 5.62716e-33 6.33177e-27 1.63797e-21 9.74162e-17 1.33199e-12 4.18712e-09 3.02604e-06 0.000502781 0.0192056 0.168664 0.340538 0.158598 0.0309719 0.0865415 0.121145 0.0425495 0.0152245 0.0105373 0.00363593 0.00140156 0.000392543 7.88499e-05 9.65841e-06 6.01507e-07
 1.33756e-39 6.54644e-33 7.36616e-27 1.90556e-21 1.13331e-16 1.54959e-12 4.87115e-09 3.52039e-06 0.000584918 0.0223431 0.196217 0.396167 0.184193 0.0276657 0.049592 0.0691722 0.0257059 0.0137213 0.0101433 0.00310694 0.00103881 0.000282304 5.58942e-05 6.74457e-06 4.11334e-07
 1.38585e-39 6.78278e-33 7.6321e-27 1.97435e-21 1.17422e-16 1.60553e-12 5.04701e-09 3.64749e-06 0.000606035 0.0231498 0.203301 0.410469 0.190804 0.0276481 0.0451737 0.0628207 0.0217712 0.00685539 0.00465364 0.00179081 0.000734672 0.000181677 3.20521e-05 3.73187e-06 2.23758e-07
 1.25913e-39 6.16258e-33 6.93423e-27 1.79382e-21 1.06685e-16 1.45873e-12 4.58552e-09 3.31396e-06 0.00055062 0.021033 0.184712 0.372938 0.173532 0.0297555 0.0693508 0.096861 0.0332763 0.00950375 0.00601899 0.0017256 0.0005455 0.000159567 3.12339e-05 3.34061e-06 1.86488e-07
 1.26341e-39 6.1835e-33 6.95777e-27 1.79991e-21 1.07047e-16 1.46368e-12 4.60109e-09 3.32522e-06 0.00055249 0.0211044 0.185339 0.374204 0.174094 0.0291318 0.065162 0.091058 0.032614 0.0136795 0.00956168 0.00260991 0.000700936 0.000155141 2.69291e-05 3.17404e-06 1.77769e-07
 1.41424e-39 6.92172e-33 7.78844e-27 2.0148e-21 1.19827e-16 1.63842e-12 5.1504e-09 3.7222e-06 0.000618449 0.023624 0.207466 0.418877 0.194668 0.0270307 0.0388708 0.0539768 0.0192048 0.00766446 0.00542103 0.00179932 0.000623105 0.000131829 1.81817e-05 1.74551e-06 9.60104e-08
 1.41535e-39 6.92717e-33 7.79456e-27 2.01638e-21 1.19922e-16 1.63971e-12 5.15445e-09 3.72513e-06 0.000618936 0.0236425 0.207629 0.419206 0.194834 0.0274 0.0410259 0.0569493 0.0193695 0.00489656 0.00300592 0.000970559 0.000344018 8.78839e-05 1.42106e-05 1.22274e-06 5.46403e-08
 1.34185e-39 6.56741e-33 7.38976e-27 1.91166e-21 1.13694e-16 1.55455e-12 4.88675e-09 3.53167e-06 0.000586792 0.0224147 0.196846 0.397436 0.184813 0.028566 0.0547057 0.0762188 0.0260039 0.00683062 0.00415477 0.00107291 0.000269367 6.51152e-05 1.15042e-05 1.1587e-06 5.29839e-08
 1.30761e-39 6.39985e-33 7.20121e-27 1.86289e-21 1.10793e-16 1.51489e-12 4.76207e-09 3.44156e-06 0.00057182 0.0218428 0.191823 0.387296 0.180135 0.0288342 0.0593992 0.0828756 0.0289155 0.00971078 0.00640932 0.00168102 0.000411023 7.86084e-05 1.062e-05 1.05259e-06 5.35401e-08
 1.35028e-39 6.60868e-33 7.43619e-27 1.92367e-21 1.14408e-16 1.56432e-12 4.91746e-09 3.55386e-06 0.000590479 0.0225555 0.198083 0.399933 0.18595 0.0280855 0.0510193 0.0710825 0.0250023 0.00905363 0.00616921 0.00181543 0.0005372 0.000105806 1.27996e-05 9.91293e-07 4.38329e-08
 1.33009e-39 6.50988e-33 7.32503e-27 1.89491e-21 1.12698e-16 1.54094e-12 4.84395e-09 3.50073e-06 0.000581652 0.0222184 0.195122 0.393955 0.183203 0.028535 0.0555654 0.0774617 0.02686 0.00849041 0.00559842 0.00171416 0.000550472 0.000123191 1.72314e-05 1.31508e-06 4.91074e-08
 1.28665e-39 6.29727e-33 7.08579e-27 1.83303e-21 1.09017e-16 1.49061e-12 4.68574e-09 3.3864e-06 0.000562655 0.0214927 0.188749 0.381088 0.177276 0.0291154 0.0629867 0.0879333 0.0307076 0.010406 0.00694553 0.0019877 0.000586353 0.000136289 2.12304e-05 1.85035e-06 7.38777e-08
 1.16009e-39 5.67784e-33 6.38879e-27 1.65272e-21 9.82934e-17 1.34399e-12 4.22483e-09 3.05329e-06 0.000507309 0.0193786 0.170182 0.343604 0.160008 0.0307547 0.0842917 0.117996 0.0417665 0.0159649 0.0110281 0.00326573 0.000994693 0.000218197 3.25507e-05 3.01955e-06 1.34786e-07
 1.25759e-39 6.15503e-33 6.92574e-27 1.79162e-21 1.06555e-16 1.45694e-12 4.57991e-09 3.30991e-06 0.000549946 0.0210072 0.184486 0.372481 0.173283 0.028746 0.0633258 0.0885426 0.0327028 0.0168476 0.0124346 0.0039306 0.00131137 0.000299422 4.47587e-05 3.98721e-06 1.79826e-07
 1.22563e-39 5.99863e-33 6.74976e-27 1.7461e-21 1.03847e-16 1.41992e-12 4.46353e-09 3.2258e-06 0.000535972 0.0204734 0.179798 0.363017 0.168942 0.0296664 0.0717967 0.100392 0.0356367 0.0139714 0.010011 0.00377362 0.00153211 0.000382831 6.2089e-05 5.6948e-06 2.53422e-07
 1.27517e-39 6.24108e-33 7.02257e-27 1.81667e-21 1.08044e-16 1.47731e-12 4.64394e-09 3.35618e-06 0.000557635 0.0213009 0.187065 0.377689 0.175693 0.0288248 0.0622374 0.0869489 0.0313272 0.0137367 0.00986355 0.00317751 0.00116136 0.000340915 6.61155e-05 6.70798e-06 3.15515e-07
 1.24303e-39 6.08379e-33 6.84558e-27 1.77089e-21 1.05321e-16 1.44008e-12 4.5269e-09 3.2716e-06 0.000543581 0.0207641 0.18235 0.36817 0.171318 0.0295014 0.0692363 0.0967753 0.0342624 0.0131343 0.00923542 0.0031557 0.00117663 0.000306216 5.92422e-05 7.02622e-06 3.77677e-07
 1.24322e-39 6.08472e-33 6.84662e-27 1.77116e-21 1.05337e-16 1.4403e-12 4.52759e-09 3.2721e-06 0.000543663 0.0207672 0.182378 0.368226 0.171337 0.0293162 0.068089 0.0951933 0.0341888 0.0146489 0.0104548 0.00331962 0.00115866 0.000310275 5.81729e-05 6.61692e-06 3.84608e-07
 1.26549e-39 6.19369e-33 6.96924e-27 1.80288e-21 1.07224e-16 1.46609e-12 4.60867e-09 3.3307e-06 0.0005534 0.0211392 0.185644 0.37482 0.174375 0.0290175 0.0642778 0.089814 0.0321873 0.0135797 0.00973643 0.0032845 0.00120261 0.00030382 5.47288e-05 6.1549e-06 3.48752e-07
 1.25249e-39 6.13006e-33 6.89764e-27 1.78435e-21 1.06122e-16 1.45103e-12 4.56132e-09 3.29648e-06 0.000547715 0.020922 0.183737 0.37097 0.172605 0.0292995 0.0671598 0.0938605 0.0334008 0.013345 0.00944583 0.00316234 0.00116806 0.000310319 5.64918e-05 6.08345e-06 3.35442e-07
 1.24966e-39 6.11622e-33 6.88207e-27 1.78033e-21 1.05883e-16 1.44775e-12 4.55103e-09 3.28904e-06 0.000546478 0.0208748 0.183322 0.370132 0.172217 0.0292668 0.0672125 0.0939491 0.0336294 0.0140581 0.01001 0.00325017 0.00115808 0.000306454 5.72193e-05 6.3255e-06 3.43176e-07
 1.24236e-39 6.08048e-33 6.84186e-27 1.76992e-21 1.05264e-16 1.43929e-12 4.52443e-09 3.26982e-06 0.000543285 0.0207528 0.182251 0.36797 0.17122 0.0293403 0.0683129 0.0955042 0.0342295 0.0144487 0.0103425 0.00344368 0.00125099 0.000321966 5.8604e-05 6.53687e-06 3.62386e-07
 1.24472e-39 6.09203e-33 6.85485e-27 1.77329e-21 1.05464e-16 1.44203e-12 4.53303e-09 3.27603e-06 0.000544317 0.0207922 0.182597 0.368669 0.17154 0.0292638 0.0676353 0.0945556 0.0339836 0.0146419 0.0105327 0.00352979 0.0013 0.000341965 6.23657e-05 6.79993e-06 3.74744e-07
 1.17703e-39 5.76076e-33 6.48209e-27 1.67686e-21 9.97289e-17 1.36361e-12 4.28653e-09 3.09788e-06 0.000514718 0.0196616 0.172668 0.348622 0.162307 0.0302044 0.0794193 0.11117 0.0399082 0.0170485 0.0122613 0.00415859 0.0015541 0.00041334 7.6766e-05 8.46033e-06 4.6184e-07
 1.18136e-39 5.78196e-33 6.50595e-27 1.68303e-21 1.00096e-16 1.36863e-12 4.3023e-09 3.10929e-06 0.000516612 0.0197339 0.173303 0.349905 0.162883 0.0297434 0.0762189 0.106727 0.0392527 0.0197231 0.0146117 0.00493638 0.0018422 0.000496044 9.36232e-05 1.04852e-05 5.79631e-07
#spawning biomass
 4591.69 2574.69 2507.46 2291.2 2485.7 3872.37 4499.61 4804.65 7214.54 11704.8 16850 22244.4 27866.5 36046.3 43913.3 38382.2 35114.5 33208.7 32464.3 33085.7 34906.4 36138 39514.1 42972.8 44052.4 50445 50430.3 45205.9 36701.7 76304.9 76364.8 46607.2 27796.1 18939.5 15128.3 13564.1 12940.9 12697.5 12603.7 12567.8 12554.2 12549 12547.1 12546.4 12546.1 12546 12546 12545.9 12545.9 12545.9 12545.9 12545.9 12545.9 12545.9 12545.9 12545.9 12545.9 12545.9 12545.9 12545.9 12545.9 12545.9 12545.9 12545.9 12545.9 12545.9 12545.9 12545.9 12545.9 12545.9 12545.9 12545.9 12545.9 12545.9 12545.9 12545.9 12545.9 12545.9 12545.9 12545.9 12545.9 12545.9 12545.9 12545.9 12545.9 12545.9 12545.9 12545.9 12545.9 12545.9 12545.9 12545.9 12545.9 12545.9 12545.9 12545.9 12545.9 12545.9 12545.9 12545.9 12545.9 12545.9 12545.9 12545.9 12545.9 12545.9 12545.9 12545.9 12545.9 12545.9 12545.9 12545.9 12545.9 12545.9 12545.9 12545.9 12545.9 12545.9 12545.9 12545.9 12545.9 12545.9 12545.9 12545.9 12545.9 12545.9 12545.9 12545.9 0 0 0 0 0 0 0 0 0 0 0 0 0 0 0 0 0 0 0 0 0 0 0 0 0
