SBPRF35
0.0845941
Curr Bio
132.494
B35
137.497
F35
0.771315
FOFL
0.639416
OFL
28.0074
Bzero
24169.7
#pred survey bio
 553.988 360.292 304.62 286.445 259.309 230.628 226.349 216.631 216.096 219.222 217.475 211.526 215.894 218.769 217.327 219.009 215.666 219.563 218.614 221.824 217.636 219.98 217.303 219.64 218.688 221.737 221.711 218.31 218.6 216.365 219.531 216.31 214.492 211.342 215.349 222.544 222.181 211.992 215.389 215.657 219.895 222.135 229.799 231.423 227.657 229.672 230.25 228.517 226.08 223.921 223.884 223.642 224.791 223.109 223.28 224.505 218.43 217.724 218.546 216.854 218.327 216.82 217.276 217.523 213.566 217.103 215.183 216.593 216.251 216.92 215.69 218.285 214.291 210.628 206.95 207.086 206.423 207.524 203.742 205.438 204.2 206.364 206.433 210.86 207.788 207.515 209.076 207.311 208.413 206.758 207.515 206.881 204.378 199.317 188.666 129.045 32.8391 15.8474 41.5126 77.4078 137.162 194.904 124.162 132.652 4035.81 26962.3 81265.6 136450 169071 184796 192437 196426 198696 200093 201000 201605 202016 202298 202493 202628 202721 202786 202830 202862 202883 202898 202909 202916 202921 202925 202927 202929 202930 202931 202931 202932 202932 202932 202933 202933 202933 202933 202933 202933 202933 202933 202933 202933 202933 202933 202933 202933 202933 202933 202933 202933 202933 202933 202933 202933 202933 202933 202933 202933 202933 202933 202933 202933 202933 202933 202933 202933 202933 202933 202933 202933 202933 202933 202933 202933 202933 202933 202933 202933 202933 202933 202933 202933 202933 202933 202933 202933 202933 202933 202933 202933 202933 202933 202933 202933 202933 202933 202933 202933 0 0 0 0 0 0 0 0 0 0 0 0 0 0 0 0 0 0 0 0 0 0 0 0 0
#obs survey bio
 825.473 755.065 541.308 803.548 608.523 402.19 529.983 320.827 414.34 437.738 359.661 331.208 373.087 488.868 443.846 576.648 382.919 404.23 333.16 496.248 413.675 497.292 530.273 372.01 662.728 426.558 425.63 346.347 418.198 434.504 357.391 238.352 563.121 424.927 367.144 504.288 555.774 249.854 400.808 633.725 393.889 317.284 395.237 205.723 446.287 360.786 247.558 350.632 360.175 318.058 293.135 193.504 385.785 224.037 278.287 171.254 176.711 186.569 213.65 154.143 195.527 170.587 156.992 200.873 168.412 190.897 226.125 174.147 209.734 169.369 167.238 240.087 258.965 253.213 158.692 163.27 184.369 194.74 192.325 278.534 243.081 298.813 252.05 213.163 224.358 204.627 253.196 292.019 218.024 232.761 256.539 192.63 278.052 256.99 241.928 224.963 205.917 27.2377 159.723 277.675 270.024 263.64 37.7931 33.2463
#pred catch bio
 295.702 163.419 132.439 123.151 111.565 96.6403 95.7594 90.0918 88.8574 91.1498 91.4249 86.5422 88.5207 90.6504 89.5295 91.199 88.3252 90.8573 89.8089 92.6266 89.6801 91.6397 89.2992 91.1855 89.5722 91.8567 92.5102 90.372 90.9359 88.7541 91.4878 90.3219 89.4628 86.1566 87.1363 92.0894 94.3441 87.1795 88.904 87.9031 90.4085 90.1484 94.7858 97.5815 94.7163 96.1691 97.5334 97.0369 95.8827 94.6296 94.74 94.7319 95.6745 94.8482 94.8257 97.6422 93.7608 93.1382 94.2051 92.8401 94.2122 93.2302 93.7045 95.0111 91.4029 94.4816 92.3301 93.5211 92.9438 93.4641 91.8679 93.9658 92.0704 90.7716 88.7708 89.1587 88.5666 90.2854 87.5271 89.2055 88.0265 89.2737 88.3227 92.3361 90.4083 90.0008 91.497 90.056 91.326 90.0294 90.6921 90.8979 89.9343 89.0119 92.1243 78.8093 29.0216 0.00263431 6.51187 20.83 49.1731 106.135 54.2913 51.8881 28.0074 133.652 684.44 1684.93 2293.77 2536.99 2625.56 2656.52 2667.08 2670.65 2671.84 2672.23 2672.36 2672.4 2672.41 2672.42 2672.42 2672.42 2672.42 2672.42 2672.42 2672.42 2672.42 2672.42 2672.42 2672.42 2672.42 2672.42 2672.42 2672.42 2672.42 2672.42 2672.42 2672.42 2672.42 2672.42 2672.42 2672.42 2672.42 2672.42 2672.42 2672.42 2672.42 2672.42 2672.42 2672.42 2672.42 2672.42 2672.42 2672.42 2672.42 2672.42 2672.42 2672.42 2672.42 2672.42 2672.42 2672.42 2672.42 2672.42 2672.42 2672.42 2672.42 2672.42 2672.42 2672.42 2672.42 2672.42 2672.42 2672.42 2672.42 2672.42 2672.42 2672.42 2672.42 2672.42 2672.42 2672.42 2672.42 2672.42 2672.42 2672.42 2672.42 2672.42 2672.42 2672.42 2672.42 2672.42 2672.42 2672.42 2672.42 2672.42 2672.42 2672.42 2672.42 2672.42 2672.42 2672.42 2672.42 2672.42 0 0 0 0 0 0 0 0 0 0 0 0 0 0 0 0 0 0 0 0 0 0 0 0 0
#obs catch bio
 0 149.213 135.077 104.803 90.7049 75.0598 77.4087 67.7445 65.1515 67.6329 67.6148 58.3813 62.1717 65.5012 63.1341 66.6937 61.324 66.451 64.7991 70.4558 65.0466 69.3137 63.035 68.7083 63.2003 70.1793 70.4469 65.9132 67.4379 62.2835 67.6442 66.5834 64.0261 55.8817 58.2885 68.0701 73.9389 59.4958 62.2428 58.8287 67.4676 67.8511 80.4661 93.148 85.857 91.4301 97.1708 95.1077 90.3342 88.2843 90.2145 92.8232 93.9788 93.2866 95.0166 108.432 96.6343 96.893 101.608 97.8113 101.532 100.236 104.412 108.947 97.1657 109.516 99.8851 107.213 107.17 112.054 114.017 130.04 131.19 136.363 138.383 146.811 147.068 160.166 150.55 165.853 163.001 170.878 165.632 197.814 185.002 185.863 196.615 184.238 196.449 184.234 189.209 191.506 181.829 182.882 193.124 185.037 227.528 0.000210781 4.70381 13.5055 42.241 296.721 38.1947 40.512
#pred cpue bio
 520.25 292.589 221.029 203.041 183.296 160.135 156.475 148.232 146.657 149.812 149.451 143.349 146.234 149.145 147.974 149.671 146.348 149.53 148.603 151.811 148.158 150.251 147.719 149.741 148.363 151.135 151.84 149.046 149.311 146.955 150.224 148.235 146.583 142.887 145.005 151.795 153.47 144.315 146.365 145.81 148.776 149.322 155.575 158.148 154.305 155.728 156.784 155.569 153.639 151.582 151.302 150.999 152.021 150.69 150.619 152.909 147.729 146.624 147.527 145.958 147.448 146.1 146.489 147.433 143.352 146.615 144.528 145.744 145.136 145.612 143.768 146.064 143.412 140.953 137.871 137.914 137.306 138.914 135.581 137.167 135.812 137.368 136.94 141.4 139.079 138.543 140.136 138.647 139.843 138.491 139.217 139.257 137.856 135.872 136.344 102.378 24.3363 0.00983567 9.25278 33.2594 78.899 142.702 84.1316 82.043 2235.6 4941.23 25727.7 70991.8 103447 119232 126908 130913 133190 134590 135497 136102 136513 136794 136988 137123 137215 137280 137324 137355 137377 137392 137402 137410 137415 137418 137421 137422 137424 137424 137425 137425 137426 137426 137426 137426 137426 137426 137426 137426 137426 137426 137426 137426 137426 137426 137426 137426 137426 137426 137426 137426 137426 137426 137426 137426 137426 137426 137426 137426 137426 137426 137426 137426 137426 137426 137426 137426 137426 137426 137426 137426 137426 137426 137426 137426 137426 137426 137426 137426 137426 137426 137426 137426 137426 137426 137426 137426 137426 137426 137426 137426 137426 137426 137426 137426 137426 137426 137426 137426 0 0 0 0 0 0 0 0 0 0 0 0 0 0 0 0 0 0 0 0 0 0 0 0 0
#obs cpue bio
 931.808 617.708 403.526 254.809 376.394 349.402 532.877 265.931 236.869 368.566 400.219 232.266 304.841 361.833 322.25 328.268 269.468 412.054 321.758 405.444 240.077 290.896 289.092 276.912 315.881 243.014 369.981 358.664 342.698 297.222 441.425 301.614 227.685 348.006 365.442 407.345 306.103 263.857 405.47 344.401 229.671 300.408 360.779 324.72 237.266 240.601 220.077 186.796 226.478 170.56 158 149.933 188.479 199.529 143.553 150.369 137.635 118.088 114.894 128.815 194.645 139.624 119.519 158.33 115.862 139.692 137.371 147.163 132.098 200.095 113.59 135.494 163.535 211.062 160.957 166.711 154.058 208.189 147.469 171.488 150.574 206.745 210.73 235.135 220.491 187.842 194.623 193.802 185.853 242.158 216.846 238.439 298.199 138.859 227.493 252.851 211.659 18.3516 117.089 189.501 394.624 242.237 22.3428 18.0626
#pred surv len freq
 2.18193e-020 4.0826e-015 1.04208e-010 3.6286e-007 0.000172363 0.0111692 0.0987349 0.119102 0.0230586 0.0458722 0.0815365 0.0335844 0.0635442 0.0534232 0.0622668 0.0620358 0.0667315 0.0655307 0.0656109 0.0707021 0.058563 0.0173569 0.000995256 8.81651e-006 1.12354e-008
 3.86557e-020 7.23285e-015 1.84618e-010 6.42852e-007 0.000305364 0.0197877 0.174921 0.210941 0.0347018 0.000778935 0.000101848 0.0078518 0.0845679 0.125845 0.0503863 0.0571733 0.0354675 0.0325911 0.0324318 0.0339359 0.0343231 0.0352249 0.0239015 0.004604 0.000157827
 3.89996e-020 7.2972e-015 1.86261e-010 6.48572e-007 0.000308081 0.0199638 0.176478 0.212818 0.0350106 0.000786782 0.000414067 0.0211998 0.14893 0.142727 0.0187259 0.00512867 0.04753 0.0685694 0.0303372 0.0173431 0.0139318 0.0142824 0.0144159 0.00938423 0.00171513
 3.85823e-020 7.21912e-015 1.84268e-010 6.41633e-007 0.000304784 0.0197502 0.174589 0.210541 0.034636 0.000779741 0.000731389 0.0295191 0.163055 0.122869 0.0129609 0.0142256 0.0814483 0.0645635 0.0116507 0.0212912 0.0171094 0.00728555 0.00561949 0.00505028 0.00201893
 3.85676e-020 7.21637e-015 1.84197e-010 6.41388e-007 0.000304668 0.0197426 0.174523 0.21046 0.0346228 0.000812091 0.0044685 0.0775178 0.183543 0.0593095 0.00543018 0.0435657 0.0918469 0.0284075 0.0198996 0.0247537 0.00864603 0.00649128 0.00305961 0.00190278 0.000692623
 3.8642e-020 7.2303e-015 1.84553e-010 6.42626e-007 0.000305256 0.0197807 0.17486 0.210866 0.0346901 0.00103413 0.0158167 0.13346 0.153648 0.0248077 0.02144 0.0880984 0.051302 0.0158607 0.0276466 0.0125217 0.00799213 0.00360676 0.00154592 0.000601268 0.000115268
 3.85613e-020 7.2152e-015 1.84167e-010 6.41284e-007 0.000304618 0.0197394 0.174494 0.210426 0.0346174 0.000922425 0.0111554 0.116577 0.166233 0.0335793 0.0299409 0.0926586 0.0425369 0.0221016 0.0240287 0.00999994 0.00664817 0.00279574 0.000961933 0.000247199 3.07522e-005
 3.90392e-020 7.30461e-015 1.8645e-010 6.49231e-007 0.000308393 0.019984 0.176657 0.213034 0.0350467 0.00105244 0.0161644 0.133986 0.151537 0.0248323 0.0316803 0.0912931 0.0406253 0.0259549 0.0206244 0.00951261 0.00501281 0.00201275 0.000576482 9.76179e-005 6.99907e-006
 3.90137e-020 7.29985e-015 1.86328e-010 6.48807e-007 0.000308192 0.019971 0.176542 0.212895 0.0350237 0.000994663 0.013958 0.127315 0.158457 0.02855 0.0338419 0.0913097 0.038126 0.0249488 0.0211631 0.00976843 0.0046718 0.00167823 0.000420491 5.45264e-005 2.61728e-006
 3.87179e-020 7.2445e-015 1.84915e-010 6.43888e-007 0.000305855 0.0198196 0.175203 0.21128 0.034758 0.000944282 0.0120453 0.120448 0.164342 0.0317993 0.0293491 0.0919165 0.043985 0.0252968 0.0215143 0.0098803 0.00500482 0.00168614 0.000377072 4.20567e-005 1.60995e-006
 3.89412e-020 7.28628e-015 1.85982e-010 6.47601e-007 0.000307619 0.0199339 0.176213 0.212499 0.0349585 0.000964224 0.0127044 0.122478 0.161112 0.030051 0.0283378 0.091243 0.0444385 0.0249682 0.0225352 0.0101575 0.00498951 0.0017112 0.000360272 3.48955e-005 1.11908e-006
 3.93549e-020 7.36368e-015 1.87957e-010 6.54481e-007 0.000310887 0.0201456 0.178085 0.214756 0.0353301 0.00104675 0.0157136 0.132629 0.152744 0.0255418 0.0324852 0.0901691 0.0385479 0.0249465 0.0211 0.00977542 0.00477052 0.00156294 0.000310999 2.62971e-005 6.79748e-007
 3.90896e-020 7.31404e-015 1.8669e-010 6.50069e-007 0.000308792 0.0200098 0.176885 0.213309 0.0350917 0.000963015 0.01254 0.122182 0.162438 0.0308657 0.0313956 0.091158 0.0405859 0.0245455 0.021067 0.00974556 0.00490373 0.00164741 0.000329861 2.78647e-005 6.98603e-007
 3.89666e-020 7.29102e-015 1.86103e-010 6.48023e-007 0.000307819 0.0199468 0.176328 0.212637 0.0349812 0.0009546 0.0122667 0.121005 0.162873 0.0310329 0.0282029 0.0911399 0.0447067 0.0249532 0.0217985 0.00983741 0.00494351 0.00170157 0.00035151 3.01814e-005 7.60298e-007
 3.8961e-020 7.28999e-015 1.86076e-010 6.47931e-007 0.000307776 0.019944 0.176303 0.212607 0.0349764 0.000989607 0.013788 0.126657 0.158752 0.028424 0.0299142 0.0912856 0.0422622 0.024779 0.0221112 0.0100054 0.00488029 0.00164469 0.00033841 2.87616e-005 7.00386e-007
 3.89616e-020 7.29009e-015 1.86079e-010 6.47941e-007 0.00030778 0.0199443 0.176306 0.21261 0.0349768 0.000952619 0.0121748 0.120536 0.162832 0.031224 0.0293218 0.0914172 0.0431883 0.0245504 0.0222697 0.0101474 0.00513502 0.00171885 0.000354407 3.10662e-005 7.88181e-007
 3.9111e-020 7.31805e-015 1.86793e-010 6.50426e-007 0.000308961 0.0200208 0.176982 0.213426 0.0351111 0.00101972 0.0148748 0.130187 0.155469 0.026725 0.0311103 0.0909743 0.0407549 0.0251547 0.0212538 0.00977241 0.00486449 0.00163715 0.000325813 2.69289e-005 6.42168e-007
 3.89766e-020 7.29291e-015 1.86151e-010 6.4819e-007 0.000307899 0.019952 0.176374 0.212692 0.0349903 0.000950373 0.0120628 0.120155 0.163309 0.031565 0.030167 0.0915812 0.0422947 0.0245334 0.0219521 0.0100193 0.00500299 0.00170676 0.000352496 3.0191e-005 7.49831e-007
 3.89413e-020 7.2863e-015 1.85982e-010 6.47603e-007 0.00030762 0.0199339 0.176214 0.2125 0.0349587 0.00099187 0.0138996 0.127065 0.158494 0.0282449 0.029867 0.0913338 0.0425966 0.0252405 0.0215564 0.00984353 0.00492308 0.00166056 0.00033857 2.86288e-005 6.92198e-007
 3.88299e-020 7.26545e-015 1.8545e-010 6.4575e-007 0.00030674 0.0198769 0.17571 0.211892 0.0348585 0.000936147 0.0115443 0.118106 0.164873 0.0325467 0.0286206 0.0916368 0.0443324 0.0244407 0.0227238 0.0102906 0.0051403 0.00176108 0.000369847 3.27779e-005 8.46233e-007
 3.89706e-020 7.29178e-015 1.86122e-010 6.48091e-007 0.000307852 0.0199489 0.176347 0.21266 0.034985 0.00101218 0.0146942 0.129678 0.156153 0.026969 0.0302859 0.0912414 0.0419004 0.0252122 0.0216693 0.00992855 0.00497527 0.00166521 0.000337616 2.85476e-005 6.93181e-007
 3.88983e-020 7.27825e-015 1.85777e-010 6.46888e-007 0.00030728 0.0199119 0.176019 0.212265 0.0349199 0.000948807 0.0120657 0.120203 0.163401 0.031574 0.0300422 0.0917213 0.0424982 0.0244735 0.0222629 0.0101586 0.00509254 0.00174158 0.000360477 3.13354e-005 7.93692e-007
 3.9023e-020 7.30159e-015 1.86372e-010 6.48962e-007 0.000308266 0.0199758 0.176584 0.212945 0.0350321 0.00100113 0.0142056 0.128019 0.157416 0.0277152 0.0302023 0.0911485 0.042019 0.0252292 0.02141 0.00981728 0.00493606 0.00166656 0.000339191 2.86089e-005 6.93217e-007
 3.89704e-020 7.29173e-015 1.86121e-010 6.48086e-007 0.00030785 0.0199488 0.176345 0.212658 0.0349847 0.000959803 0.0124899 0.121769 0.161988 0.0306868 0.030182 0.0916129 0.0422574 0.0245999 0.0220778 0.0100597 0.00498436 0.00170367 0.000352573 3.04165e-005 7.57972e-007
 3.90543e-020 7.30744e-015 1.86522e-010 6.49483e-007 0.000308513 0.0199918 0.176725 0.213116 0.0350601 0.00098791 0.0136319 0.126006 0.158924 0.0286243 0.0298941 0.0910394 0.0422655 0.0250281 0.0215594 0.00985789 0.00494714 0.00166284 0.000340108 2.90247e-005 7.10917e-007
 3.87713e-020 7.25448e-015 1.8517e-010 6.44775e-007 0.000306277 0.0198469 0.175444 0.211572 0.0348059 0.000952564 0.0123628 0.121549 0.163063 0.0310713 0.0295462 0.0919183 0.0433408 0.0246545 0.0222757 0.010127 0.00505047 0.0017244 0.00035702 3.10752e-005 7.86336e-007
 3.87817e-020 7.25643e-015 1.8522e-010 6.44948e-007 0.000306359 0.0198522 0.175492 0.211628 0.0348153 0.000953093 0.0123665 0.121395 0.162601 0.0308408 0.0283111 0.0916392 0.0448285 0.0248956 0.0225438 0.010196 0.00517248 0.00176121 0.000368263 3.25141e-005 8.37176e-007
 3.89054e-020 7.27957e-015 1.8581e-010 6.47005e-007 0.000307336 0.0199155 0.176051 0.212303 0.0349264 0.000994284 0.0140239 0.12742 0.157967 0.0280355 0.0303872 0.0914963 0.0418736 0.0249659 0.0221216 0.0101033 0.00502512 0.00170238 0.000348458 2.97844e-005 7.35772e-007
 3.89713e-020 7.29191e-015 1.86125e-010 6.48102e-007 0.000307857 0.0199493 0.17635 0.212663 0.0349855 0.000965583 0.0127434 0.122717 0.161247 0.0302091 0.030322 0.0914967 0.0420264 0.024771 0.0219596 0.0100795 0.00509305 0.00172673 0.000355757 3.07038e-005 7.67386e-007
 3.90056e-020 7.29832e-015 1.86289e-010 6.48672e-007 0.000308128 0.0199668 0.176505 0.21285 0.0350164 0.00100429 0.0143551 0.128631 0.15727 0.0276194 0.0310819 0.0912057 0.0410235 0.0251959 0.0212695 0.00979485 0.00488247 0.00165633 0.000334979 2.79939e-005 6.70802e-007
 3.87596e-020 7.2523e-015 1.85114e-010 6.44582e-007 0.000306185 0.0198409 0.175392 0.211508 0.0347955 0.000942994 0.0119386 0.119876 0.164241 0.0319279 0.0296086 0.0919801 0.0433899 0.0247232 0.0222281 0.0101184 0.00505616 0.00173161 0.000361769 3.15554e-005 7.9626e-007
 3.88839e-020 7.27556e-015 1.85708e-010 6.46649e-007 0.000307167 0.0199046 0.175954 0.212186 0.0349072 0.000986879 0.0137358 0.126426 0.158774 0.0284476 0.0295539 0.0914392 0.0430347 0.0252772 0.021977 0.0100132 0.00500615 0.00169002 0.000347198 2.982e-005 7.35559e-007
 3.91311e-020 7.32181e-015 1.86889e-010 6.5076e-007 0.00030912 0.0200311 0.177073 0.213535 0.035129 0.000970774 0.012826 0.122969 0.160867 0.0299923 0.0299433 0.0907503 0.0417937 0.0245374 0.0220722 0.0100964 0.0050208 0.00170152 0.000350036 3.02147e-005 7.55336e-007
 3.94707e-020 7.38535e-015 1.8851e-010 6.56407e-007 0.000311802 0.0202049 0.178609 0.215388 0.035434 0.00103168 0.0150399 0.13044 0.15436 0.0263909 0.0317343 0.0900387 0.0393439 0.024838 0.020588 0.00956116 0.0047564 0.00158627 0.000315473 2.58774e-005 6.0585e-007
 3.92171e-020 7.33789e-015 1.87299e-010 6.52189e-007 0.000309798 0.0200751 0.177462 0.214004 0.0352062 0.000992213 0.0136807 0.126266 0.159015 0.0288239 0.0323395 0.0909387 0.0393954 0.0246769 0.0207064 0.00952004 0.00466911 0.00157707 0.000315107 2.58009e-005 6.02965e-007
 3.86026e-020 7.22293e-015 1.84365e-010 6.41971e-007 0.000304945 0.0197606 0.174681 0.210651 0.0346545 0.000924272 0.0112239 0.117198 0.166981 0.033548 0.0280269 0.0919859 0.0457863 0.0249042 0.0222284 0.0100037 0.00503137 0.00171385 0.00035919 3.15942e-005 8.05085e-007
 3.8671e-020 7.23573e-015 1.84691e-010 6.43108e-007 0.000305485 0.0197956 0.174991 0.211025 0.0347159 0.00093273 0.0115302 0.117984 0.164732 0.03233 0.0260927 0.0912501 0.0478775 0.0247649 0.0236148 0.0105494 0.00528058 0.00180745 0.000384586 3.50241e-005 9.37211e-007
 3.92111e-020 7.33678e-015 1.87271e-010 6.5209e-007 0.000309751 0.020072 0.177435 0.213972 0.0352011 0.00107069 0.0167096 0.135637 0.150229 0.024244 0.0325112 0.0905258 0.0386769 0.0250483 0.0215539 0.00996502 0.00488975 0.00160504 0.000317091 2.60104e-005 6.09965e-007
 3.91809e-020 7.33112e-015 1.87126e-010 6.51587e-007 0.000309512 0.0200565 0.177298 0.213807 0.0351736 0.000958956 0.0122605 0.120856 0.162556 0.0312734 0.0318418 0.0910482 0.0399375 0.0244354 0.0212304 0.00986435 0.0050245 0.00169742 0.000341734 2.87638e-005 7.03484e-007
 3.92877e-020 7.35111e-015 1.87636e-010 6.53364e-007 0.000310357 0.0201112 0.177781 0.21439 0.0352696 0.000997905 0.0138421 0.126591 0.157967 0.0281705 0.0297674 0.0904248 0.0421059 0.0251732 0.0207889 0.00952984 0.00477533 0.00164186 0.000332862 2.75536e-005 6.55231e-007
 3.92548e-020 7.34495e-015 1.87479e-010 6.52816e-007 0.000310096 0.0200944 0.177632 0.21421 0.03524 0.000974375 0.0128645 0.12296 0.160364 0.0298373 0.0302298 0.0909812 0.0416386 0.0243754 0.0216931 0.0098338 0.00477063 0.00162356 0.000336957 2.86951e-005 6.9497e-007
 3.92313e-020 7.34055e-015 1.87367e-010 6.52425e-007 0.000309911 0.0200823 0.177526 0.214082 0.035219 0.00100198 0.0140602 0.127397 0.157505 0.0279318 0.0308216 0.0909267 0.0410317 0.0248022 0.0210147 0.00960783 0.00476615 0.00156995 0.000316209 2.66422e-005 6.3594e-007
 3.87227e-020 7.24538e-015 1.84938e-010 6.43967e-007 0.000305893 0.019822 0.175224 0.211306 0.0347623 0.000944698 0.0120565 0.120438 0.164162 0.0317548 0.0296571 0.0923873 0.0436451 0.0245852 0.022018 0.00994246 0.00494144 0.00167378 0.000341689 2.94919e-005 7.44205e-007
 3.86419e-020 7.23027e-015 1.84552e-010 6.42623e-007 0.000305255 0.0197806 0.174859 0.210866 0.0346898 0.000974026 0.0134004 0.125234 0.159695 0.0290168 0.0297046 0.092921 0.0440733 0.0252916 0.0221856 0.009996 0.00497067 0.00166707 0.000339548 2.88508e-005 7.12132e-007
 3.88578e-020 7.27068e-015 1.85583e-010 6.46215e-007 0.000306961 0.0198912 0.175836 0.212044 0.0348839 0.00103266 0.0155838 0.132576 0.153895 0.0259921 0.033662 0.0922155 0.0390011 0.0254272 0.0212794 0.00977104 0.00471927 0.0015532 0.000303916 2.43801e-005 5.55798e-007
 3.86641e-020 7.23443e-015 1.84658e-010 6.42993e-007 0.000305431 0.019792 0.17496 0.210987 0.0347099 0.000994035 0.0142383 0.12853 0.158315 0.0282545 0.0342041 0.0930362 0.0392952 0.0254863 0.0206734 0.00962787 0.00471814 0.00154735 0.000300316 2.38731e-005 5.38353e-007
 3.85973e-020 7.22193e-015 1.84339e-010 6.41882e-007 0.000304903 0.0197578 0.174657 0.210622 0.0346499 0.000988751 0.0140768 0.127975 0.158748 0.0283701 0.032735 0.0932776 0.0411111 0.0258134 0.0208585 0.00955297 0.00463289 0.0015429 0.000300397 2.37886e-005 5.34688e-007
 3.86953e-020 7.24026e-015 1.84807e-010 6.43511e-007 0.000305676 0.019808 0.1751 0.211157 0.0347378 0.000989236 0.0140178 0.127805 0.158993 0.0284564 0.0322877 0.0926691 0.0409432 0.0254442 0.0211905 0.00965051 0.0046074 0.00151495 0.000297372 2.36873e-005 5.32314e-007
 3.88505e-020 7.2693e-015 1.85548e-010 6.46093e-007 0.000306903 0.0198874 0.175803 0.212004 0.0348772 0.00100284 0.0144433 0.129225 0.157757 0.0277901 0.0326467 0.0922325 0.0401772 0.0251903 0.0207639 0.00951895 0.00458222 0.00148219 0.000285757 2.26092e-005 5.0373e-007
 3.89928e-020 7.29593e-015 1.86228e-010 6.4846e-007 0.000308027 0.0199603 0.176447 0.212781 0.035005 0.00102266 0.0151163 0.13143 0.155924 0.0268765 0.0338197 0.0918385 0.0387412 0.0251405 0.0201836 0.00925718 0.00442461 0.00143205 0.000270004 2.07015e-005 4.48186e-007
 3.90408e-020 7.30491e-015 1.86457e-010 6.49258e-007 0.000308406 0.0199849 0.176664 0.213043 0.0350481 0.00101363 0.0147266 0.13023 0.157141 0.027515 0.0338981 0.0917503 0.0386459 0.025024 0.0198965 0.00910477 0.00432549 0.00139663 0.000263251 1.99606e-005 4.25936e-007
 3.90402e-020 7.30479e-015 1.86454e-010 6.49247e-007 0.000308401 0.0199845 0.176661 0.213039 0.0350475 0.00102484 0.0151782 0.131827 0.156227 0.0269258 0.0340714 0.091706 0.0385043 0.0250696 0.0196417 0.00895833 0.00420758 0.00134645 0.000251253 1.88055e-005 3.92711e-007
 3.90174e-020 7.30053e-015 1.86346e-010 6.48869e-007 0.000308221 0.0199729 0.176558 0.212915 0.035027 0.000997599 0.0141097 0.128339 0.159281 0.0285288 0.033052 0.0917825 0.0394674 0.0248034 0.0199724 0.00902159 0.00423742 0.00135202 0.000253688 1.92701e-005 4.10813e-007
 3.916e-020 7.32722e-015 1.87027e-010 6.5124e-007 0.000309348 0.0200459 0.177204 0.213693 0.0351552 0.00104133 0.0157154 0.133442 0.154605 0.0261102 0.0340375 0.0913896 0.0382725 0.0249633 0.0194987 0.00885188 0.00411793 0.001293 0.000236373 1.73882e-005 3.57329e-007
 3.90436e-020 7.30543e-015 1.86471e-010 6.49304e-007 0.000308428 0.0199863 0.176677 0.213058 0.0350506 0.00102682 0.0152751 0.132455 0.156717 0.0270593 0.0349553 0.0913983 0.0374101 0.0248139 0.019396 0.00881108 0.00407838 0.00127584 0.000230702 1.67264e-005 3.39098e-007
 3.89503e-020 7.28797e-015 1.86025e-010 6.47752e-007 0.000307691 0.0199385 0.176254 0.212548 0.0349667 0.000995933 0.01411 0.128535 0.159766 0.0286536 0.0331074 0.0919694 0.0396418 0.0248773 0.0196897 0.00889165 0.00417376 0.00131292 0.000240292 1.77161e-005 3.67478e-007
 3.93781e-020 7.36802e-015 1.88068e-010 6.54867e-007 0.000311071 0.0201575 0.17819 0.214883 0.035351 0.00107352 0.0167582 0.136691 0.152131 0.0248841 0.0348589 0.0901713 0.0367187 0.0248771 0.018969 0.00860046 0.00392371 0.00121852 0.000216172 1.51728e-005 2.95216e-007
 3.93976e-020 7.37168e-015 1.88161e-010 6.55192e-007 0.000311225 0.0201675 0.178279 0.21499 0.0353685 0.00105252 0.0159887 0.134709 0.154866 0.0262287 0.0363021 0.0898877 0.0352886 0.0244214 0.0184336 0.00845485 0.00385021 0.00117908 0.000206929 1.4321e-005 2.73088e-007
 3.93948e-020 7.37114e-015 1.88148e-010 6.55144e-007 0.000311202 0.020166 0.178266 0.214974 0.0353659 0.00103816 0.0154408 0.132979 0.156266 0.0268359 0.0349419 0.0902975 0.0368529 0.0245475 0.0182317 0.0082901 0.00380432 0.001172 0.000205013 1.41875e-005 2.71343e-007
 3.94686e-020 7.38496e-015 1.88501e-010 6.56372e-007 0.000311786 0.0202039 0.1786 0.215377 0.0354323 0.00107378 0.0167294 0.136982 0.153045 0.0252304 0.0358891 0.0897141 0.0356405 0.0245474 0.0181071 0.00816506 0.00363564 0.00111033 0.00019151 1.28714e-005 2.37298e-007
 3.94224e-020 7.3763e-015 1.8828e-010 6.55603e-007 0.00031142 0.0201802 0.178391 0.215125 0.0353906 0.00103668 0.0153682 0.132838 0.156673 0.0270466 0.0354193 0.090092 0.0361992 0.0243439 0.0182967 0.00826063 0.00370667 0.00111523 0.00019297 1.31548e-005 2.46086e-007
 3.95587e-020 7.40181e-015 1.88931e-010 6.5787e-007 0.000312497 0.0202499 0.179008 0.215868 0.0355131 0.00107238 0.0166055 0.13654 0.153193 0.0253206 0.0355552 0.089456 0.0357843 0.0245328 0.0179492 0.00812352 0.00363204 0.00108713 0.000183346 1.21733e-005 2.22034e-007
 3.94317e-020 7.37805e-015 1.88324e-010 6.55758e-007 0.000311494 0.0201849 0.178433 0.215176 0.0353991 0.00105527 0.0160898 0.13534 0.155336 0.0262417 0.0360553 0.089619 0.0353813 0.0242973 0.0180304 0.00814904 0.00362081 0.001085 0.000182811 1.20246e-005 2.17787e-007
 3.95286e-020 7.39619e-015 1.88787e-010 6.5737e-007 0.00031226 0.0202346 0.178872 0.215705 0.035486 0.00104106 0.015452 0.133065 0.156355 0.0268421 0.0347838 0.0897729 0.0365685 0.024301 0.0180955 0.00814871 0.00366676 0.00109954 0.000186687 1.24163e-005 2.27225e-007
 3.9766e-020 7.4406e-015 1.89921e-010 6.61318e-007 0.000314135 0.0203561 0.179946 0.217 0.0356993 0.00110872 0.0177691 0.139999 0.150507 0.0240942 0.0365993 0.0881691 0.0341126 0.02428 0.017461 0.00790332 0.00347044 0.00102967 0.000169874 1.0819e-005 1.87366e-007
 3.95917e-020 7.408e-015 1.89089e-010 6.5842e-007 0.000312758 0.0202669 0.179157 0.216049 0.0355427 0.00103265 0.0150898 0.132125 0.157856 0.0276007 0.0356065 0.0893211 0.0354879 0.0238874 0.0177861 0.00803345 0.00358428 0.00106764 0.000179911 1.18262e-005 2.12915e-007
 3.97956e-020 7.44614e-015 1.90062e-010 6.6181e-007 0.000314369 0.0203712 0.18008 0.217161 0.0357258 0.00108344 0.0168432 0.137339 0.152803 0.0250436 0.0351459 0.088479 0.0354727 0.0241914 0.0174243 0.00783063 0.00347475 0.00103259 0.000171222 1.10275e-005 1.9377e-007
 3.97505e-020 7.43771e-015 1.89847e-010 6.61061e-007 0.000314013 0.0203482 0.179876 0.216915 0.0356854 0.00109061 0.0171354 0.138186 0.152058 0.0249148 0.0373196 0.0886046 0.0337729 0.0240065 0.0173678 0.00783032 0.00339939 0.00100028 0.000164089 1.03504e-005 1.77186e-007
 3.98147e-020 7.44971e-015 1.90153e-010 6.62127e-007 0.000314519 0.020381 0.180166 0.217265 0.0357431 0.00114331 0.0189137 0.142994 0.147516 0.0231504 0.0396277 0.0877954 0.0321789 0.0244602 0.0164397 0.00756128 0.00325957 0.000933674 0.000147177 8.83036e-006 1.41682e-007
 3.98543e-020 7.45712e-015 1.90342e-010 6.62786e-007 0.000314832 0.0204013 0.180345 0.217482 0.0357789 0.00120029 0.0207158 0.147291 0.142906 0.0218294 0.0433921 0.0867458 0.0299594 0.0247249 0.0156174 0.00728168 0.00302625 0.000852727 0.000127539 7.09293e-006 1.03995e-007
 3.98729e-020 7.4606e-015 1.90431e-010 6.63095e-007 0.000314979 0.0204108 0.180429 0.217583 0.0357963 0.00137729 0.0257612 0.157693 0.131741 0.0191175 0.05027 0.0833718 0.0267668 0.0251174 0.0140268 0.00675597 0.00265893 0.000706764 9.61869e-005 4.6423e-006 5.69986e-008
 3.95467e-020 7.39957e-015 1.88874e-010 6.57671e-007 0.000312403 0.0202438 0.178953 0.215803 0.0355038 0.00144155 0.0276105 0.16125 0.128549 0.019355 0.0566679 0.0811831 0.0253375 0.0253095 0.0130371 0.00637171 0.00239028 0.000602076 7.46623e-005 3.17196e-006 3.32555e-008
 3.94394e-020 7.37949e-015 1.88361e-010 6.55886e-007 0.000311555 0.0201889 0.178468 0.215217 0.0354103 0.00197677 0.0389762 0.175277 0.107685 0.0176637 0.0677732 0.0731203 0.0239113 0.024816 0.0112786 0.00553893 0.00191213 0.000428207 4.39386e-005 1.43717e-006 1.102e-008
 3.93816e-020 7.36867e-015 1.88085e-010 6.54925e-007 0.000311098 0.0201593 0.178206 0.214902 0.0353616 0.00246679 0.0471373 0.181119 0.0952855 0.0209115 0.0789027 0.0619162 0.0236373 0.0231303 0.0100432 0.00470655 0.00148939 0.000288685 2.37411e-005 5.77899e-007 3.13466e-009
 3.94595e-020 7.38324e-015 1.88457e-010 6.5622e-007 0.000311713 0.0201992 0.178559 0.215327 0.0354352 0.00296275 0.0541041 0.184199 0.0861316 0.0243505 0.0841656 0.054186 0.0251564 0.0206107 0.00897529 0.00396878 0.0011539 0.000190757 1.24479e-005 2.24921e-007 8.66577e-010
 3.9476e-020 7.38634e-015 1.88536e-010 6.56495e-007 0.000311844 0.0202076 0.178633 0.215417 0.0354498 0.00292821 0.0536541 0.184109 0.0868696 0.0262325 0.085542 0.0520042 0.0258513 0.019577 0.00855136 0.00353354 0.000974527 0.000143947 7.94986e-006 1.16795e-007 3.56534e-010
 3.94543e-020 7.38227e-015 1.88432e-010 6.56134e-007 0.000311672 0.0201965 0.178535 0.215299 0.0354324 0.00318846 0.0570652 0.185583 0.0830944 0.0268885 0.0861547 0.0506523 0.0263378 0.01885 0.00822255 0.00323761 0.000833978 0.000111303 5.29641e-006 6.45426e-008 1.59997e-010
 3.94464e-020 7.3808e-015 1.88394e-010 6.56002e-007 0.00031161 0.0201925 0.178499 0.215256 0.0354248 0.00312312 0.0562085 0.185093 0.0839518 0.0276997 0.0867822 0.0500081 0.0264156 0.0188405 0.00818235 0.00313813 0.000772884 9.57589e-005 4.13276e-006 4.46959e-008 9.68711e-011
 3.96887e-020 7.42615e-015 1.89552e-010 6.60033e-007 0.000313525 0.0203165 0.179596 0.216578 0.0356493 0.00388909 0.0649995 0.186546 0.0740798 0.0297286 0.0871991 0.0456891 0.0265877 0.0175476 0.00769854 0.00284798 0.000657141 7.25965e-005 2.67187e-006 2.39101e-008 4.20464e-011
 3.96189e-020 7.41307e-015 1.89218e-010 6.58871e-007 0.000312973 0.0202808 0.17928 0.216197 0.035584 0.00361734 0.0620969 0.186584 0.0776384 0.0315773 0.0878587 0.044344 0.0264399 0.017183 0.00756102 0.0027552 0.000621481 6.49829e-005 2.20319e-006 1.78731e-008 2.82638e-011
 3.96894e-020 7.42628e-015 1.89555e-010 6.60044e-007 0.00031353 0.0203169 0.179599 0.216582 0.035651 0.00401038 0.0663637 0.187116 0.0732025 0.0318891 0.0876435 0.0437307 0.0267376 0.0164044 0.00723316 0.00258439 0.000564002 5.54844e-005 1.71262e-006 1.23593e-008 1.71763e-011
 3.96633e-020 7.42138e-015 1.8943e-010 6.59609e-007 0.000313323 0.0203035 0.179481 0.216439 0.0356246 0.0036995 0.0630134 0.18675 0.0767214 0.0321856 0.0879033 0.04385 0.0266043 0.016699 0.00724891 0.00255257 0.000554024 5.37752e-005 1.61844e-006 1.12583e-008 1.49689e-011
 3.959e-020 7.40768e-015 1.8908e-010 6.58391e-007 0.000312745 0.020266 0.179149 0.21604 0.0355625 0.00407573 0.0671249 0.1875 0.0727318 0.0324919 0.0880618 0.0434221 0.0268117 0.0162903 0.00711873 0.00247138 0.000518569 4.8396e-005 1.38118e-006 8.98329e-009 1.10533e-011
 3.92733e-020 7.34841e-015 1.87568e-010 6.53124e-007 0.000310243 0.0201039 0.177716 0.214311 0.0352723 0.00345314 0.0604073 0.186999 0.0801143 0.0318575 0.0889 0.045587 0.0270613 0.0172196 0.00745337 0.00261962 0.000559296 5.3209e-005 1.56715e-006 1.05943e-008 1.35668e-011
 3.95474e-020 7.3997e-015 1.88877e-010 6.57683e-007 0.000312408 0.0202442 0.178957 0.215807 0.0355234 0.00399178 0.0661546 0.186854 0.0731811 0.0314278 0.0881074 0.0448046 0.0272608 0.0168642 0.00735521 0.00256563 0.000537319 4.9664e-005 1.40215e-006 9.03166e-009 1.09887e-011
 3.95409e-020 7.39849e-015 1.88846e-010 6.57575e-007 0.000312357 0.0202409 0.178927 0.215772 0.0355163 0.00385877 0.0648487 0.187342 0.0751118 0.032708 0.0879904 0.0431349 0.0268322 0.0168814 0.00736977 0.00256527 0.0005374 4.92659e-005 1.37414e-006 8.71465e-009 1.04259e-011
 3.9496e-020 7.39008e-015 1.88631e-010 6.56827e-007 0.000312002 0.0202178 0.178724 0.215526 0.0354729 0.00353657 0.0612715 0.186846 0.0788429 0.0311953 0.0879009 0.0455145 0.0269392 0.0169372 0.00747542 0.00266447 0.000567327 5.33605e-005 1.53374e-006 1.0058e-008 1.24714e-011
 3.96001e-020 7.40956e-015 1.89128e-010 6.58559e-007 0.000312824 0.0202711 0.179195 0.216094 0.0355691 0.00383064 0.0645145 0.187207 0.0752438 0.0309951 0.0874709 0.0448513 0.0268995 0.016968 0.0073621 0.00260242 0.000558028 5.22428e-005 1.48551e-006 9.59716e-009 1.169e-011
 3.95406e-020 7.39842e-015 1.88844e-010 6.57569e-007 0.000312354 0.0202407 0.178926 0.21577 0.0355127 0.00351575 0.0610316 0.186866 0.079145 0.0309365 0.0875312 0.0453133 0.0267373 0.0172991 0.0075468 0.00268014 0.000578262 5.57243e-005 1.63819e-006 1.09569e-008 1.38367e-011
 3.9685e-020 7.42545e-015 1.89534e-010 6.59971e-007 0.000313495 0.0203146 0.179579 0.216558 0.0356443 0.00372394 0.0633042 0.186931 0.0763873 0.0304573 0.0870204 0.0452477 0.0267581 0.0170119 0.00745695 0.00266274 0.000572184 5.47177e-005 1.60689e-006 1.07297e-008 1.34863e-011
 3.96011e-020 7.40975e-015 1.89133e-010 6.58576e-007 0.000312832 0.0202717 0.1792 0.2161 0.0355667 0.00347443 0.0605625 0.186929 0.0797528 0.0303086 0.0869257 0.0456535 0.0266084 0.017389 0.00757203 0.00271825 0.000594539 5.79711e-005 1.74451e-006 1.20401e-008 1.57098e-011
 3.95687e-020 7.40369e-015 1.88979e-010 6.58037e-007 0.000312576 0.0202551 0.179053 0.215923 0.0355378 0.00348754 0.060725 0.186971 0.0795197 0.0295411 0.0867872 0.0466462 0.0267195 0.0174499 0.00763708 0.0027641 0.000607106 6.00823e-005 1.83901e-006 1.29262e-008 1.72331e-011
 3.95555e-020 7.40122e-015 1.88916e-010 6.57818e-007 0.000312472 0.0202483 0.178993 0.215851 0.0355271 0.0036221 0.0623036 0.187427 0.0779542 0.0300012 0.0868622 0.0457179 0.026673 0.0174815 0.00761461 0.002745 0.000603531 5.94828e-005 1.81464e-006 1.26984e-008 1.68261e-011
 3.86579e-020 7.23326e-015 1.84628e-010 6.4289e-007 0.000305381 0.0197888 0.174931 0.210953 0.0347248 0.00399689 0.0671891 0.191365 0.0755763 0.0321949 0.0890297 0.0445575 0.0272192 0.0172356 0.00758992 0.00270244 0.000581994 5.57435e-005 1.63422e-006 1.09148e-008 1.37465e-011
 3.51228e-020 6.57182e-015 1.67745e-010 5.84101e-007 0.000277456 0.0179793 0.158935 0.191662 0.0315456 0.0033534 0.062459 0.201137 0.0894773 0.033376 0.0963501 0.0514156 0.0299352 0.0196043 0.00860054 0.00312793 0.000692774 6.90641e-005 2.14076e-006 1.52721e-008 2.06678e-011
 3.17147e-020 5.93412e-015 1.51468e-010 5.27422e-007 0.000250533 0.0162346 0.143512 0.173066 0.0289874 0.0258657 0.168033 0.152872 0.0296547 0.082948 0.0893505 0.035872 0.0315547 0.0140136 0.00592379 0.00161654 0.000231628 1.18508e-005 1.54949e-007 4.1012e-010 1.90774e-013
 5.00839e-020 9.37152e-015 2.39247e-010 8.3372e-007 0.000397435 0.026174 0.248483 0.394714 0.138288 0.03645 0.0705082 0.0330522 0.025776 0.0159175 0.00721354 0.00247183 0.000507217 4.51127e-005 1.2004e-006 7.15314e-009 7.95752e-012 1.48409e-015 4.35058e-020 1.95112e-025 2.47204e-027
 7.95732e-019 6.99638e-014 9.67232e-010 2.20982e-006 0.000826195 0.0476565 0.400192 0.472331 0.0771116 0.00181609 4.43772e-005 1.5543e-005 3.87093e-006 4.87556e-007 2.12788e-008 2.30727e-010 4.96178e-013 1.8522e-016 1.10984e-020 1.04275e-025 2.47587e-027 2.47379e-027 2.47239e-027 2.47134e-027 2.47052e-027
 5.44362e-020 1.01855e-014 2.59985e-010 9.05287e-007 0.000430024 0.027866 0.246505 0.310023 0.183132 0.193202 0.0377989 0.00103365 8.10511e-006 5.8305e-007 2.74021e-008 3.29311e-010 7.98637e-013 3.39381e-016 2.32647e-020 2.47297e-025 2.47905e-027 2.4757e-027 2.47372e-027 2.4723e-027 2.47125e-027
 4.54455e-020 8.50329e-015 2.17046e-010 7.55769e-007 0.000359 0.0232634 0.205649 0.248801 0.0725171 0.173822 0.168153 0.0887787 0.0180791 0.00057508 2.72187e-006 8.59769e-009 5.38221e-011 7.8128e-014 1.9397e-017 7.64869e-022 7.06825e-027 2.47917e-027 2.47584e-027 2.47373e-027 2.47226e-027
 3.91431e-020 7.32406e-015 1.86946e-010 6.50959e-007 0.000309214 0.0200372 0.177127 0.213601 0.0352599 0.0109507 0.117077 0.190674 0.104283 0.0951026 0.0321413 0.00336718 6.84539e-005 2.06639e-007 1.08165e-010 3.37864e-014 5.68393e-018 1.72854e-022 3.28731e-027 2.47867e-027 2.47527e-027
 3.67919e-020 6.88411e-015 1.75716e-010 6.11857e-007 0.00029064 0.0188336 0.166487 0.20077 0.0330289 0.000889085 0.0114122 0.120107 0.172663 0.044298 0.0802351 0.0952649 0.0432613 0.01162 0.000826605 1.14438e-005 2.52516e-008 8.10603e-012 3.99442e-016 4.60828e-021 2.23967e-026
 4.66255e-020 8.72409e-015 2.22682e-010 7.75393e-007 0.000368322 0.0238674 0.210986 0.254432 0.0421412 0.0170244 0.123967 0.130338 0.0199724 0.0260016 0.0705582 0.0359261 0.0275252 0.0142568 0.0025159 0.000117534 1.01739e-006 1.41323e-009 2.91833e-013 8.59981e-018 3.59265e-023
 4.62073e-020 8.64584e-015 2.20684e-010 7.68439e-007 0.000365019 0.0236534 0.209093 0.25215 0.0415104 0.00487934 0.0724754 0.181522 0.0660284 0.0427795 0.0539859 0.0157829 0.0180175 0.011641 0.00516325 0.000914318 3.73367e-005 2.86549e-007 3.55793e-010 6.64874e-014 1.80182e-018
#obs surv len freq
 nan nan nan nan nan nan nan nan nan nan nan nan nan nan nan nan nan nan nan nan nan nan nan nan nan
 4.91039e-027 7.72858e-021 1.65941e-015 4.86046e-011 1.9421e-007 0.000105861 0.00787178 0.0798507 0.1105 0.0213159 0.0184394 0.0957776 0.0706293 0.0277652 0.0806922 0.0515482 0.0552041 0.0534622 0.0510546 0.0495224 0.0503005 0.0512849 0.0542192 0.0512759 0.01918
 5.28411e-027 8.31679e-021 1.7857e-015 5.23038e-011 2.08991e-007 0.000113918 0.00847089 0.085928 0.11891 0.0229387 0.0198596 0.103157 0.0760704 0.029882 0.0868173 0.0552597 0.0581734 0.0548638 0.0484149 0.0439155 0.0424006 0.0424089 0.0445762 0.0420968 0.0157422
 5.52485e-027 8.6957e-021 1.86706e-015 5.46868e-011 2.18513e-007 0.000119108 0.00885682 0.0898429 0.124327 0.0239848 0.0208073 0.108087 0.0797064 0.0313347 0.0910617 0.0579605 0.0610007 0.0572552 0.0494008 0.0420245 0.0371179 0.0348644 0.0358878 0.0337481 0.0126123
 5.69947e-027 8.97053e-021 1.92607e-015 5.64152e-011 2.25419e-007 0.000122873 0.00913674 0.0926824 0.128257 0.0247416 0.0214151 0.111236 0.0820305 0.0322892 0.0938755 0.0597403 0.0628196 0.0589271 0.0506759 0.0423466 0.0350445 0.0296263 0.0286199 0.0265198 0.00989297
 5.80071e-027 9.12987e-021 1.96028e-015 5.74173e-011 2.29423e-007 0.000125055 0.00929904 0.0943287 0.130535 0.0251811 0.0217951 0.11321 0.083484 0.0328139 0.0953555 0.0607238 0.0640504 0.0601107 0.0517262 0.0431294 0.0349825 0.027213 0.0234472 0.0207833 0.00770639
 5.8577e-027 9.21956e-021 1.97954e-015 5.79813e-011 2.31677e-007 0.000126284 0.00939039 0.0952554 0.131817 0.0254286 0.0220153 0.114355 0.0843286 0.0331507 0.0963386 0.0613411 0.0646639 0.0607547 0.0524656 0.0437931 0.0354157 0.0265768 0.0203421 0.0164517 0.0059891
 5.90384e-027 9.29219e-021 1.99513e-015 5.84381e-011 2.33502e-007 0.000127279 0.00946437 0.0960058 0.132856 0.025628 0.0221517 0.115057 0.0848469 0.0333569 0.0969403 0.061716 0.0650193 0.0610615 0.0526883 0.0440838 0.0357212 0.0265348 0.0187331 0.0133498 0.00465758
 5.92935e-027 9.33233e-021 2.00375e-015 5.86905e-011 2.34511e-007 0.000127829 0.00950525 0.0964205 0.133429 0.0257399 0.0222941 0.115804 0.085396 0.0335226 0.0973721 0.0619751 0.0652173 0.0612097 0.0527246 0.0440666 0.0357497 0.0265498 0.0179589 0.0112751 0.00366078
 5.93625e-027 9.34321e-021 2.00609e-015 5.87589e-011 2.34784e-007 0.000127978 0.00951632 0.0965329 0.133585 0.02577 0.0223244 0.115963 0.0855148 0.0336316 0.0977499 0.0622134 0.0654575 0.0614388 0.0529258 0.0441907 0.0358087 0.0266079 0.0176585 0.0100169 0.00296622
 5.94686e-027 9.3599e-021 2.00967e-015 5.88639e-011 2.35204e-007 0.000128206 0.00953333 0.0967053 0.133824 0.0258155 0.0223444 0.116063 0.0855892 0.0336624 0.0978414 0.0622909 0.065629 0.0615929 0.0530263 0.0442684 0.0358406 0.0265993 0.0174963 0.00925396 0.0024953
 5.94233e-027 9.35277e-021 2.00814e-015 5.88191e-011 2.35024e-007 0.000128109 0.00952606 0.0966317 0.133722 0.0257967 0.0223614 0.116157 0.0856575 0.0336718 0.0978519 0.0623102 0.0657103 0.0617141 0.0532311 0.044438 0.0359671 0.026667 0.0174401 0.0088202 0.00219779
 5.95196e-027 9.36793e-021 2.01139e-015 5.89144e-011 2.35405e-007 0.000128316 0.0095415 0.0967883 0.133938 0.0258377 0.0223631 0.11616 0.0856613 0.033705 0.0979791 0.0623674 0.0656587 0.0616536 0.0531778 0.0444458 0.0359957 0.0266729 0.0173746 0.00854082 0.00200916
 5.95777e-027 9.37706e-021 2.01336e-015 5.89719e-011 2.35635e-007 0.000128441 0.00955081 0.0968827 0.134069 0.0258624 0.022368 0.116183 0.0856766 0.0336762 0.0978618 0.062317 0.0657189 0.0617006 0.0531744 0.0444439 0.0360298 0.0267179 0.0173607 0.00838045 0.00189724
 5.95702e-027 9.37588e-021 2.0131e-015 5.89644e-011 2.35605e-007 0.000128425 0.0095496 0.0968705 0.134052 0.0258599 0.022393 0.116317 0.0857747 0.0336942 0.0978933 0.0623194 0.0656401 0.0616493 0.0531966 0.044441 0.0360164 0.0267324 0.0173582 0.00828406 0.00182959
 5.95143e-027 9.36709e-021 2.01122e-015 5.89092e-011 2.35384e-007 0.000128305 0.00954066 0.0967797 0.133927 0.0258358 0.0223769 0.116234 0.0857152 0.0337073 0.0979674 0.0623682 0.0656983 0.0616952 0.053222 0.0445089 0.036085 0.0267798 0.017392 0.00824561 0.00179268
