SBPRF35
0.159131
Curr Bio
164007
B35
166434
F35
1.13933
FOFL
1.13933
OFL
57405
Bzero
45465.4
#pred survey bio
 15104.5 13802.9 14015.3 16135.2 19202.8 23899.4 26281.7 28260.4 38991.6 53314.5 60290.2 74157.1 101487 135601 126500 100152 87958.1 93029.5 91155.6 90927.6 94161 95762.8 93174 103400 119550 121013 115671 103337 2.49847e+06 2.69806e+06 1.36757e+06 737151 500195 403482 357784 333498 319742 311738 307041 304282 302665 301718 301164 300838 300651 300545 300484 300449 300429 300417 300411 300407 300405 300403 300403 300402 300402 300402 300402 300402 300402 300402 300402 300402 300402 300402 300402 300402 300402 300402 300402 300402 300402 300402 300402 300402 300402 300402 300402 300402 300402 300402 300402 300402 300402 300402 300402 300402 300402 300402 300402 300402 300402 300402 300402 300402 300402 300402 300402 300402 300402 300402 300402 300402 300402 300402 300402 300402 300402 300402 300402 300402 300402 300402 300402 300402 300402 300402 300402 300402 300402 300402 300402 300402 300402 300402 300402 300402 0 0 0 0 0 0 0 0 0 0 0 0 0 0 0 0 0 0 0 0 0 0 0 0 0
#obs survey bio
 13864.8 13443.5 15001.3 12340.7 32627.9 23048 30456.8 17888.2 63543.1 55337.3 51281.6 76223.8 131938 101652 98401.1 73682.8 56009.9 98784.6 101899 97565 81740.2 102706 124695 106681 224262 101172 118149 88554.2
#pred catch bio
 7153.78 7026.95 6896.2 8492.62 9877.61 13383.8 16893.3 17622.8 25122.9 38855 43961.5 56242.4 72242.1 106119 104692 86668.3 73428.3 80554.6 78482.7 78957.4 85819.8 91299.7 86335.7 94471.3 114804 116722 113468 93758.4 57405 69477.8 26793.5 11687.4 7637.97 6667.2 6450.65 6404.68 6395.26 6393.38 6393.01 6392.94 6392.92 6392.92 6392.92 6392.92 6392.92 6392.92 6392.92 6392.92 6392.92 6392.92 6392.92 6392.92 6392.92 6392.92 6392.92 6392.92 6392.92 6392.92 6392.92 6392.92 6392.92 6392.92 6392.92 6392.92 6392.92 6392.92 6392.92 6392.92 6392.92 6392.92 6392.92 6392.92 6392.92 6392.92 6392.92 6392.92 6392.92 6392.92 6392.92 6392.92 6392.92 6392.92 6392.92 6392.92 6392.92 6392.92 6392.92 6392.92 6392.92 6392.92 6392.92 6392.92 6392.92 6392.92 6392.92 6392.92 6392.92 6392.92 6392.92 6392.92 6392.92 6392.92 6392.92 6392.92 6392.92 6392.92 6392.92 6392.92 6392.92 6392.92 6392.92 6392.92 6392.92 6392.92 6392.92 6392.92 6392.92 6392.92 6392.92 6392.92 6392.92 6392.92 6392.92 6392.92 6392.92 6392.92 6392.92 6392.92 0 0 0 0 0 0 0 0 0 0 0 0 0 0 0 0 0 0 0 0 0 0 0 0 0
#obs catch bio
 7049.85 7247.42 7014.22 8814.72 9888.6 13287.2 16892.8 17583.7 24716.4 38550.2 44101.9 56345.9 70140.7 106161 107271 89811.2 73714.6 80835.2 77370.9 76621.5 84965 90231.9 84048.2 92916.7 108714 114560 110716 93350.8
#pred cpue bio
 14455.2 12855.7 12887.4 14763.6 17235.5 21879.6 24059.6 24838.4 33619.4 46925.8 53179.3 63329 85460.1 120233 115420 89500.2 76188.3 81008.3 79411.4 78981.5 80612.3 81789.5 78861.1 86356.9 100880 102296 99297.1 87740.1 2.14612e+06 2.81293e+06 1.35909e+06 720482 483219 386494 340796 316510 302754 294750 290053 287294 285676 284730 284176 283849 283663 283557 283496 283461 283441 283429 283423 283419 283417 283415 283415 283414 283414 283414 283414 283414 283414 283414 283414 283414 283414 283414 283414 283414 283414 283414 283414 283414 283414 283414 283414 283414 283414 283414 283414 283414 283414 283414 283414 283414 283414 283414 283414 283414 283414 283414 283414 283414 283414 283414 283414 283414 283414 283414 283414 283414 283414 283414 283414 283414 283414 283414 283414 283414 283414 283414 283414 283414 283414 283414 283414 283414 283414 283414 283414 283414 283414 283414 283414 283414 283414 283414 283414 283414 0 0 0 0 0 0 0 0 0 0 0 0 0 0 0 0 0 0 0 0 0 0 0 0 0
#obs cpue bio
 13657.9 6509.4 8595.95 10227.9 15823.2 26552.6 22950.5 34583.2 31100.9 47150.9 49621.4 72131.1 107136 124697 95570.2 76240.9 103894 80781.7 95753.6 130777 91915.1 99678.8 93581.8 100052 164698 118524 161971 103898
#pred surv len freq
 2.56077e-27 2.58171e-27 2.71297e-26 5.18326e-20 1.27061e-14 3.76505e-10 1.34858e-06 0.000583883 0.0305583 0.193321 0.148296 0.0427508 0.221209 0.204182 0.0433729 0.0478656 0.0198451 0.0143507 0.00864171 0.00646781 0.0050175 0.004303 0.00428896 0.00378934 0.00115535
 2.56245e-27 2.5866e-27 3.16894e-26 6.14524e-20 1.50643e-14 4.46383e-10 1.59887e-06 0.000692249 0.0362298 0.2292 0.17564 0.0394676 0.177014 0.164177 0.0505637 0.0742152 0.025948 0.0120139 0.0054666 0.00313161 0.00198452 0.00145606 0.00128443 0.00113415 0.000378834
 2.56347e-27 2.5891e-27 3.36077e-26 6.5498e-20 1.6056e-14 4.75769e-10 1.70413e-06 0.000737821 0.0386149 0.244289 0.187196 0.0416055 0.185164 0.171039 0.039826 0.0481409 0.0202399 0.014311 0.00504206 0.00183908 0.000803652 0.000451939 0.000329597 0.000273127 9.4434e-05
 2.56378e-27 2.58987e-27 3.42271e-26 6.68044e-20 1.63763e-14 4.85259e-10 1.73812e-06 0.000752538 0.0393851 0.249161 0.190921 0.0418941 0.184744 0.170661 0.0400078 0.0484756 0.0176503 0.00930586 0.00428543 0.00188807 0.000511198 0.000175683 9.14638e-05 6.51374e-05 2.22844e-05
 2.56496e-27 2.59298e-27 3.68815e-26 7.24039e-20 1.77489e-14 5.25933e-10 1.8838e-06 0.000815615 0.0426863 0.270046 0.206868 0.0418658 0.173325 0.159988 0.0356679 0.0412374 0.015035 0.00783083 0.00291009 0.00116769 0.00041314 9.69045e-05 2.69562e-05 1.38864e-05 4.45099e-06
 2.56381e-27 2.58979e-27 3.40035e-26 6.63323e-20 1.62606e-14 4.8183e-10 1.72583e-06 0.00074722 0.0391068 0.247401 0.189597 0.043177 0.195438 0.18031 0.0377697 0.04089 0.0145474 0.00707823 0.00261313 0.000951321 0.000279532 7.50098e-05 1.35731e-05 3.5705e-06 9.60349e-07
 2.56377e-27 2.58975e-27 3.40068e-26 6.63394e-20 1.62623e-14 4.81881e-10 1.72602e-06 0.0007473 0.039111 0.247427 0.189611 0.0427619 0.192269 0.1775 0.0393483 0.0451825 0.0156097 0.00687809 0.00242461 0.000836848 0.000228825 5.23695e-05 9.26723e-06 1.26795e-06 2.16314e-07
 2.56612e-27 2.59597e-27 3.93732e-26 7.76597e-20 1.90373e-14 5.64111e-10 2.02055e-06 0.000874821 0.045785 0.289648 0.221843 0.0423222 0.166277 0.15326 0.0304508 0.0309677 0.0109301 0.00517255 0.00174253 0.000548951 0.000140332 2.94529e-05 4.52702e-06 4.7612e-07 4.10828e-08
 2.56706e-27 2.5984e-27 4.1411e-26 8.19583e-20 2.00911e-14 5.95335e-10 2.13239e-06 0.000923243 0.0483192 0.305681 0.23409 0.0426323 0.160032 0.147319 0.0261817 0.022674 0.00760414 0.0030478 0.00105162 0.000343316 8.05677e-05 1.54752e-05 2.13096e-06 1.87344e-07 9.86945e-09
 2.56609e-27 2.5957e-27 3.89588e-26 7.67848e-20 1.88229e-14 5.57755e-10 1.99778e-06 0.000864965 0.0452691 0.286385 0.219375 0.043832 0.179501 0.165195 0.027741 0.0217053 0.00692828 0.00224179 0.000697659 0.000202805 4.9154e-05 8.95139e-06 1.10608e-06 8.46274e-08 3.37289e-09
 2.56598e-27 2.59539e-27 3.8666e-26 7.61671e-20 1.86715e-14 5.53269e-10 1.98171e-06 0.000858007 0.044905 0.284082 0.217621 0.0441151 0.182888 0.168284 0.0276419 0.0206898 0.00643772 0.00181465 0.000509932 0.00012093 2.54005e-05 4.50695e-06 5.32802e-07 3.61203e-08 1.20583e-09
 2.56748e-27 2.59948e-27 4.22944e-26 8.38214e-20 2.05478e-14 6.08868e-10 2.18086e-06 0.000944231 0.0494177 0.31263 0.239401 0.0429248 0.158527 0.145832 0.0241758 0.0184324 0.00568853 0.00151989 0.000405002 8.3133e-05 1.44183e-05 2.1214e-06 2.34158e-07 1.49703e-08 4.37713e-10
 2.56808e-27 2.60104e-27 4.36149e-26 8.6607e-20 2.12307e-14 6.29102e-10 2.25334e-06 0.00097561 0.0510599 0.323019 0.247336 0.0430678 0.15404 0.141566 0.0211286 0.0125541 0.00386479 0.00104825 0.000275413 5.32333e-05 8.21102e-06 9.85213e-07 8.76969e-08 5.09432e-09 1.37809e-10
 2.56574e-27 2.59467e-27 3.79625e-26 7.46827e-20 1.83076e-14 5.42486e-10 1.94309e-06 0.000841285 0.0440298 0.278545 0.213405 0.0448697 0.191592 0.176201 0.026952 0.0171055 0.00507704 0.00105318 0.000266322 5.18435e-05 7.67822e-06 8.24247e-07 5.90807e-08 2.73876e-09 6.61601e-11
 2.56418e-27 2.59046e-27 3.42538e-26 6.6859e-20 1.63897e-14 4.85656e-10 1.73954e-06 0.000753153 0.0394173 0.249365 0.191139 0.0457978 0.214299 0.197198 0.0314551 0.0220919 0.00662046 0.0014539 0.000345755 5.34613e-05 7.64305e-06 7.99977e-07 5.12234e-08 1.8965e-09 3.65665e-11
 2.56532e-27 2.59357e-27 3.7028e-26 7.27115e-20 1.78243e-14 5.28167e-10 1.89181e-06 0.00081908 0.0428677 0.271193 0.20779 0.0447872 0.194909 0.179343 0.0289774 0.0209422 0.00636872 0.00155096 0.000380436 6.05691e-05 7.45519e-06 6.74915e-07 4.16543e-08 1.37278e-09 2.10902e-11
 2.56687e-27 2.59772e-27 4.06461e-26 8.03439e-20 1.96953e-14 5.83608e-10 2.09039e-06 0.000905057 0.0473674 0.299659 0.229517 0.0442121 0.175267 0.161096 0.0235442 0.0131431 0.00398845 0.000995349 0.000251719 4.39929e-05 5.63036e-06 4.74112e-07 2.46441e-08 7.54364e-10 1.02536e-11
 2.56663e-27 2.59705e-27 4.00342e-26 7.9053e-20 1.93789e-14 5.74231e-10 2.0568e-06 0.000890516 0.0466064 0.294845 0.225846 0.0445352 0.180305 0.165718 0.0238775 0.0127307 0.00372621 0.000708996 0.000172046 3.09296e-05 4.22764e-06 3.82096e-07 1.90893e-08 4.99634e-10 6.11487e-12
 2.56662e-27 2.59699e-27 3.99666e-26 7.89105e-20 1.93439e-14 5.73196e-10 2.05309e-06 0.00088891 0.0465223 0.294313 0.225443 0.0446832 0.181715 0.16699 0.0235679 0.0117036 0.00340001 0.000612127 0.000137329 1.95164e-05 2.59274e-06 2.47156e-07 1.33159e-08 3.4162e-10 3.64988e-12
 2.56675e-27 2.59736e-27 4.02974e-26 7.96082e-20 1.9515e-14 5.78264e-10 2.07125e-06 0.00089677 0.0469337 0.296916 0.227427 0.0445292 0.179148 0.164636 0.0234093 0.0119328 0.00344517 0.000578672 0.000126332 1.67749e-05 1.88782e-06 1.55462e-07 8.63531e-09 2.37314e-10 2.5148e-12
 2.56739e-27 2.59912e-27 4.18551e-26 8.28943e-20 2.03205e-14 6.02134e-10 2.15674e-06 0.000933787 0.0488711 0.309172 0.236778 0.0440441 0.168887 0.155169 0.0217898 0.0106238 0.0030707 0.000528041 0.000114359 1.42311e-05 1.51888e-06 1.09213e-07 5.08676e-09 1.3815e-10 1.55086e-12
 2.5675e-27 2.59938e-27 4.20536e-26 8.33129e-20 2.04232e-14 6.05175e-10 2.16763e-06 0.000938503 0.0491179 0.310733 0.237974 0.04427 0.169766 0.155912 0.0206767 0.00789871 0.00225375 0.00036757 7.89514e-05 9.99407e-06 1.03463e-06 6.93309e-08 2.86026e-09 6.53349e-11 7.00867e-13
 2.56788e-27 2.6004e-27 4.29444e-26 8.51922e-20 2.08838e-14 6.18825e-10 2.21653e-06 0.000959672 0.0502258 0.317742 0.243323 0.0441068 0.164766 0.151274 0.0194167 0.00619178 0.00172051 0.000221968 4.40909e-05 5.32163e-06 5.49324e-07 3.65725e-08 1.41289e-09 2.86277e-11 2.6102e-13
 2.56841e-27 2.60186e-27 4.42543e-26 8.79556e-20 2.15612e-14 6.38898e-10 2.28843e-06 0.000990801 0.051855 0.328049 0.251185 0.0435552 0.155045 0.142342 0.0185353 0.00642888 0.00177526 0.000197768 3.57874e-05 3.48077e-06 3.27085e-07 2.10691e-08 8.08849e-10 1.55178e-11 1.25912e-13
 2.56801e-27 2.60074e-27 4.32531e-26 8.58434e-20 2.10435e-14 6.23556e-10 2.23347e-06 0.000967008 0.0506097 0.320171 0.245175 0.0439422 0.162212 0.148935 0.0193268 0.00657466 0.00182262 0.000218185 3.98143e-05 3.35743e-06 2.68499e-07 1.42837e-08 5.13714e-10 9.67999e-12 7.4944e-14
 2.56794e-27 2.60053e-27 4.30563e-26 8.54282e-20 2.09417e-14 6.2054e-10 2.22267e-06 0.000962331 0.0503649 0.318622 0.243996 0.044129 0.164463 0.150981 0.0191251 0.00560015 0.00153946 0.000179434 3.27199e-05 2.93307e-06 2.27052e-07 1.01115e-08 2.9641e-10 4.97518e-12 3.72636e-14
 2.56729e-27 2.59877e-27 4.14789e-26 8.21005e-20 2.01259e-14 5.96368e-10 2.13609e-06 0.000924845 0.048403 0.306211 0.234528 0.0447299 0.175687 0.161309 0.0204224 0.00595736 0.00162518 0.000167654 2.89307e-05 2.5332e-06 1.99213e-07 9.1168e-09 2.35294e-10 3.18882e-12 2.05756e-14
 2.56776e-27 2.60004e-27 4.26122e-26 8.44913e-20 2.0712e-14 6.13735e-10 2.19829e-06 0.000951777 0.0498126 0.315128 0.241331 0.044306 0.167682 0.153942 0.0194727 0.00564672 0.00153935 0.000157542 2.66784e-05 2.08617e-06 1.54232e-07 6.98029e-09 1.84455e-10 2.31792e-12 1.22459e-14
#obs surv len freq
 1.24805e-41 1.73221e-33 2.90614e-26 5.89359e-20 1.44474e-14 4.28104e-10 1.5334e-06 0.000663909 0.0347464 0.219816 0.168583 0.0417612 0.170468 0.142703 0.0892739 0.0844359 0.0330518 0.0118465 0.00237356 0.00026309 1.19046e-05 1.61094e-07 4.93118e-10 2.7862e-13 2.54049e-17
 1.5606e-41 2.16602e-33 3.63394e-26 7.36956e-20 1.80656e-14 5.35317e-10 1.91742e-06 0.000830176 0.0434481 0.274866 0.210652 0.0426769 0.142111 0.113237 0.0740736 0.0645402 0.0241963 0.00784215 0.00138923 0.000130615 4.79353e-06 5.0146e-08 1.1413e-10 4.67479e-14 3.04535e-18
 1.29105e-41 1.79189e-33 3.00626e-26 6.09664e-20 1.49452e-14 4.42853e-10 1.58623e-06 0.000686782 0.0359435 0.22739 0.174639 0.0516762 0.203683 0.149787 0.0735026 0.0556962 0.0201121 0.00589142 0.000916287 7.1754e-05 2.09547e-06 1.67722e-08 2.83173e-11 8.41693e-15 3.92314e-19
 1.55602e-41 2.15966e-33 3.62327e-26 7.34793e-20 1.80126e-14 5.33746e-10 1.91179e-06 0.000827739 0.0433206 0.27406 0.21021 0.04741 0.15001 0.10976 0.08485 0.0596479 0.0156536 0.00371382 0.000501801 3.23869e-05 7.40223e-07 4.46516e-09 5.54697e-12 1.19393e-15 3.98547e-20
 1.54035e-41 2.13791e-33 3.58678e-26 7.27392e-20 1.78312e-14 5.2837e-10 1.89254e-06 0.000819402 0.0428843 0.2713 0.208341 0.0552298 0.179463 0.118437 0.0640783 0.0418923 0.0143057 0.00295062 0.000281519 1.41926e-05 2.51212e-07 1.129e-09 1.02091e-12 1.58008e-16 3.76582e-21
 1.3493e-41 1.87273e-33 3.1419e-26 6.37171e-20 1.56195e-14 4.62834e-10 1.6578e-06 0.000717769 0.0375652 0.237651 0.182896 0.0612422 0.205487 0.131098 0.083271 0.046587 0.0111087 0.00216421 0.000201775 7.25242e-06 9.0882e-08 2.98588e-10 1.94992e-13 2.15378e-17 3.64178e-22
 1.56553e-41 2.17285e-33 3.64541e-26 7.39283e-20 1.81226e-14 5.37007e-10 1.92347e-06 0.000832797 0.0435853 0.275736 0.211947 0.0580687 0.165466 0.104936 0.0832352 0.0439382 0.0105552 0.00158157 0.000112316 3.51174e-06 3.21377e-08 7.15256e-11 3.2562e-14 2.54049e-18 3.03107e-23
 1.7297e-41 2.40071e-33 4.02768e-26 8.16806e-20 2.0023e-14 5.93319e-10 2.12517e-06 0.000920126 0.0481557 0.304651 0.234232 0.0628393 0.163573 0.0928775 0.056639 0.0277424 0.00728707 0.00102091 5.85946e-05 1.32105e-06 9.29706e-09 1.51117e-11 4.66253e-15 2.4569e-19 2.01924e-24
 1.65627e-41 2.29879e-33 3.8567e-26 7.8213e-20 1.9173e-14 5.68131e-10 2.03495e-06 0.000881065 0.0461114 0.29172 0.224762 0.0712672 0.184836 0.0980341 0.055139 0.0222857 0.00437451 0.000555928 2.99767e-05 5.3744e-07 2.67628e-09 3.10336e-12 6.88281e-16 2.51769e-20 1.399e-25
 1.53383e-41 2.12886e-33 3.5716e-26 7.24314e-20 1.77557e-14 5.26134e-10 1.88453e-06 0.000815935 0.0427028 0.270159 0.20874 0.0785895 0.199941 0.104757 0.0663946 0.0236977 0.00382675 0.000358225 1.47848e-05 2.25357e-07 8.82199e-10 7.25743e-13 1.11019e-16 2.83646e-21 1.10526e-26
 1.46861e-41 2.03834e-33 3.41974e-26 6.93516e-20 1.70007e-14 5.03762e-10 1.8044e-06 0.000781241 0.040887 0.258675 0.200401 0.0841372 0.203581 0.107233 0.0749755 0.0250137 0.00399695 0.00030619 8.98942e-06 9.6479e-08 2.8805e-10 1.81637e-13 2.01217e-17 3.56496e-22 9.52712e-28
 1.8861e-41 2.61778e-33 4.39187e-26 8.90663e-20 2.18335e-14 6.46968e-10 2.31733e-06 0.00100333 0.0525101 0.332204 0.25617 0.0730672 0.140874 0.0734006 0.0519285 0.0161316 0.0025295 0.000174485 4.24518e-06 3.22116e-08 6.44112e-11 2.84935e-14 2.30942e-18 2.98955e-23 5.69616e-29
 1.56924e-41 2.178e-33 3.65404e-26 7.41032e-20 1.81655e-14 5.38278e-10 1.92802e-06 0.000834768 0.0436884 0.276407 0.215264 0.102333 0.213963 0.0903002 0.0430489 0.0121887 0.00185094 0.000116739 2.52574e-06 1.55075e-08 2.23701e-11 6.61399e-15 3.57821e-19 3.19841e-24 4.327e-30
 1.27237e-41 1.76597e-33 2.96279e-26 6.00847e-20 1.47291e-14 4.36449e-10 1.56329e-06 0.00067685 0.0354237 0.224131 0.176434 0.113634 0.233211 0.11942 0.0781397 0.0170811 0.00175035 9.36967e-05 1.78988e-06 9.27938e-09 1.06469e-11 2.32395e-15 8.69551e-20 5.19341e-25 4.68727e-31
 1.14625e-41 1.59091e-33 2.66909e-26 5.41286e-20 1.3269e-14 3.93184e-10 1.40832e-06 0.000609755 0.0319122 0.201925 0.160247 0.117402 0.227348 0.135383 0.0982212 0.0240257 0.00281458 0.000108764 1.45356e-06 6.01982e-09 5.5737e-12 9.50124e-16 2.66857e-20 1.14871e-25 7.21564e-32
 1.55918e-41 2.16403e-33 3.63062e-26 7.36282e-20 1.80491e-14 5.34827e-10 1.91566e-06 0.000829416 0.0434084 0.274652 0.215098 0.100962 0.165755 0.104151 0.0736848 0.0189645 0.00239523 9.70846e-05 1.12018e-06 3.18896e-09 2.09159e-12 2.69314e-16 5.76656e-21 1.8658e-26 8.64238e-33
 1.4091e-41 1.95574e-33 3.28116e-26 6.65413e-20 1.63118e-14 4.83349e-10 1.73128e-06 0.000749583 0.0392303 0.248249 0.197949 0.135973 0.215157 0.0970084 0.0512943 0.0127502 0.00157178 6.4518e-05 7.38602e-07 1.86846e-09 9.16421e-13 8.07257e-17 1.20414e-21 2.81834e-27 9.60949e-34
 1.4643e-41 2.03236e-33 3.4097e-26 6.91481e-20 1.69508e-14 5.02284e-10 1.7991e-06 0.000778949 0.0407672 0.257982 0.205715 0.130049 0.190023 0.107366 0.0567239 0.00967313 0.000887457 3.29479e-05 3.51287e-07 8.1977e-10 3.51755e-13 2.47989e-17 2.69745e-22 4.36172e-28 1.02037e-34
 1.44396e-41 2.00413e-33 3.36234e-26 6.81875e-20 1.67154e-14 4.95307e-10 1.77411e-06 0.000768128 0.0402009 0.254429 0.205109 0.144674 0.195903 0.100866 0.0485009 0.00884314 0.000687024 1.72322e-05 1.41106e-07 2.7923e-10 1.02671e-13 6.09819e-18 5.4031e-23 6.79881e-29 1.17867e-35
 1.55878e-41 2.16348e-33 3.62969e-26 7.36094e-20 1.80445e-14 5.34691e-10 1.91517e-06 0.000829204 0.0433974 0.27467 0.22124 0.14134 0.174973 0.0949379 0.0415868 0.00655163 0.000461799 1.02401e-05 6.04156e-08 8.31125e-11 2.31366e-14 1.09222e-18 7.76182e-24 7.78419e-30 1.06111e-36
 1.5041e-41 2.08759e-33 3.50237e-26 7.10273e-20 1.74115e-14 5.15935e-10 1.84799e-06 0.000800118 0.0418752 0.265093 0.217112 0.160539 0.184811 0.0897237 0.0346266 0.0051036 0.000307475 5.66457e-06 2.76863e-08 2.87556e-11 5.53968e-15 1.818e-19 9.39457e-25 7.0891e-31 7.38248e-38
 1.55037e-41 2.15181e-33 3.61011e-26 7.32122e-20 1.79471e-14 5.31806e-10 1.90484e-06 0.000824731 0.0431635 0.273281 0.224751 0.160058 0.172446 0.0901538 0.0312802 0.00384235 0.000194839 2.99655e-06 1.16407e-08 9.44735e-12 1.38423e-15 3.27912e-20 1.17451e-25 6.10186e-32 4.45046e-39
 1.55489e-41 2.15809e-33 3.62064e-26 7.34258e-20 1.79995e-14 5.33357e-10 1.9104e-06 0.000827137 0.0432896 0.274148 0.228411 0.170868 0.170294 0.0829727 0.0260616 0.00299776 0.000126073 1.51881e-06 4.61873e-09 2.88451e-12 3.18851e-16 5.63999e-21 1.48815e-26 5.5723e-33 2.86246e-40
 1.59161e-41 2.20905e-33 3.70614e-26 7.51598e-20 1.84245e-14 5.45953e-10 1.95552e-06 0.00084667 0.0443121 0.280688 0.235779 0.174276 0.16228 0.0780958 0.0215239 0.00211905 7.59958e-05 7.51697e-07 1.74628e-09 8.12453e-13 6.67584e-17 8.72753e-22 1.68937e-27 4.6175e-34 1.72417e-41
 1.58907e-41 2.20552e-33 3.70022e-26 7.50397e-20 1.83951e-14 5.45081e-10 1.95239e-06 0.000845318 0.0442417 0.280352 0.239235 0.184083 0.159768 0.0722702 0.0176389 0.00151907 4.44822e-05 3.50434e-07 6.38209e-10 2.24539e-13 1.35092e-17 1.27816e-22 1.78959e-28 3.53932e-35 9.54963e-43
 1.37188e-41 1.90408e-33 3.19449e-26 6.47837e-20 1.5881e-14 4.70582e-10 1.68555e-06 0.000729784 0.0381958 0.242333 0.218701 0.217101 0.183274 0.0809477 0.0174001 0.00128474 3.10178e-05 1.93673e-07 2.69438e-10 7.13362e-14 3.19348e-18 2.21205e-23 2.23327e-29 3.15745e-36 6.07512e-44
 1.39836e-41 1.94084e-33 3.25616e-26 6.60342e-20 1.61875e-14 4.79666e-10 1.71808e-06 0.000743872 0.0389335 0.247096 0.223177 0.204804 0.176965 0.0893033 0.0177946 0.00115753 2.29776e-05 1.13342e-07 1.20764e-10 2.38655e-14 7.84624e-19 3.96392e-24 2.90722e-30 2.97077e-37 4.10509e-45
 1.46576e-41 2.03438e-33 3.41309e-26 6.92168e-20 1.69677e-14 5.02784e-10 1.80089e-06 0.000779724 0.0408098 0.258955 0.23174 0.202703 0.169119 0.0786615 0.0161227 0.00108695 1.99674e-05 8.54423e-08 7.62227e-11 1.23816e-14 3.3102e-19 1.34946e-24 7.94614e-31 6.50503e-38 7.19898e-46
#pred catch len freq
 2.55854e-27 2.57565e-27 2.17728e-26 4.05317e-20 9.93587e-15 2.94417e-10 1.05455e-06 0.000456582 0.0238958 0.151172 0.116136 0.0442994 0.255588 0.23588 0.0484822 0.0515607 0.0213035 0.0153207 0.00921904 0.00689793 0.00535092 0.00458891 0.00457393 0.00404111 0.00123212
 2.56026e-27 2.58069e-27 2.65048e-26 5.05151e-20 1.23832e-14 3.66935e-10 1.3143e-06 0.000569042 0.0297816 0.188407 0.144511 0.0406615 0.207971 0.192806 0.0567534 0.0811419 0.0283084 0.0130233 0.00592062 0.00339046 0.00214843 0.00157631 0.00139051 0.00122782 0.00041012
 2.56115e-27 2.58283e-27 2.8077e-26 5.38306e-20 1.31959e-14 3.91019e-10 1.40056e-06 0.000606391 0.0317363 0.200773 0.153992 0.0431185 0.220006 0.203197 0.0456083 0.0532672 0.0223179 0.0156952 0.00552668 0.0020149 0.000880415 0.000495101 0.000361074 0.000299211 0.000103453
 2.56163e-27 2.58405e-27 2.90826e-26 5.59519e-20 1.37159e-14 4.06427e-10 1.45575e-06 0.000630286 0.0329869 0.208685 0.160037 0.0433712 0.217683 0.201058 0.0453919 0.0531179 0.0192903 0.0101078 0.00465096 0.0020484 0.000554574 0.000190586 9.92225e-05 7.06628e-05 2.41748e-05
 2.56275e-27 2.58699e-27 3.15904e-26 6.12418e-20 1.50127e-14 4.44853e-10 1.59339e-06 0.000689877 0.0361057 0.228415 0.175103 0.0434069 0.20737 0.191401 0.0411722 0.0458986 0.0166901 0.00863959 0.00320826 0.00128677 0.00045524 0.000106778 2.97026e-05 1.53012e-05 4.90448e-06
 2.56183e-27 2.58441e-27 2.92254e-26 5.62523e-20 1.37896e-14 4.0861e-10 1.46357e-06 0.00063367 0.033164 0.209805 0.160914 0.0447005 0.227183 0.209576 0.0424246 0.0441475 0.0156659 0.00757469 0.00279423 0.00101681 0.000298754 8.01664e-05 1.45062e-05 3.81595e-06 1.02636e-06
 2.56228e-27 2.58566e-27 3.03753e-26 5.86783e-20 1.43843e-14 4.26232e-10 1.52669e-06 0.000660999 0.0345943 0.218854 0.167812 0.0439886 0.21692 0.200212 0.0427281 0.0471761 0.0162602 0.00711852 0.00250728 0.000864996 0.000236503 5.41257e-05 9.57799e-06 1.31047e-06 2.23567e-07
 2.56455e-27 2.5917e-27 3.55773e-26 6.96519e-20 1.70743e-14 5.05943e-10 1.8122e-06 0.000784614 0.0410639 0.259782 0.199057 0.0435924 0.191952 0.176917 0.0339974 0.033106 0.0116542 0.00548031 0.00184481 0.000580901 0.000148487 3.11639e-05 4.78999e-06 5.03778e-07 4.34693e-08
 2.56565e-27 2.59454e-27 3.7974e-26 7.47075e-20 1.83136e-14 5.42666e-10 1.94374e-06 0.000841564 0.0440444 0.278637 0.21346 0.0438508 0.1838 0.169205 0.0292205 0.0240967 0.00806122 0.00320976 0.00110652 0.000361075 8.47287e-05 1.62741e-05 2.24096e-06 1.97014e-07 1.03789e-08
 2.56513e-27 2.59307e-27 3.66106e-26 7.18309e-20 1.76085e-14 5.21771e-10 1.8689e-06 0.00080916 0.0423485 0.267909 0.205282 0.0447592 0.196458 0.180791 0.0295526 0.0219101 0.00697746 0.00224238 0.000697124 0.00020255 4.90879e-05 8.93917e-06 1.10456e-06 8.45116e-08 3.36827e-09
 2.56502e-27 2.59275e-27 3.62972e-26 7.11697e-20 1.74464e-14 5.16968e-10 1.85169e-06 0.000801712 0.0419587 0.265443 0.203403 0.0450533 0.200016 0.184037 0.0294605 0.0208711 0.0064799 0.00181405 0.000509193 0.000120692 2.53478e-05 4.4975e-06 5.31683e-07 3.60444e-08 1.20329e-09
 2.56677e-27 2.59752e-27 4.05393e-26 8.01189e-20 1.96402e-14 5.81974e-10 2.08453e-06 0.000902523 0.0472348 0.298821 0.228868 0.0436443 0.171403 0.157669 0.0254492 0.0183562 0.00565299 0.00150003 0.00039925 8.19082e-05 1.42042e-05 2.08985e-06 2.30674e-07 1.47476e-08 4.31201e-10
 2.5671e-27 2.59835e-27 4.12047e-26 8.15223e-20 1.99842e-14 5.92168e-10 2.12105e-06 0.000918332 0.0480622 0.304055 0.23287 0.0440041 0.171329 0.157469 0.0230318 0.0128906 0.00395833 0.00106628 0.000279836 5.4059e-05 8.33739e-06 1.00035e-06 8.90435e-08 5.17254e-09 1.39925e-10
 2.56511e-27 2.59293e-27 3.63908e-26 7.1367e-20 1.74948e-14 5.18401e-10 1.85683e-06 0.000803935 0.042075 0.266179 0.203973 0.0455497 0.203393 0.187041 0.0279787 0.0167175 0.00495117 0.00102006 0.000257566 5.01119e-05 7.4209e-06 7.96599e-07 5.70986e-08 2.64688e-09 6.39405e-11
 2.56386e-27 2.58956e-27 3.34327e-26 6.51266e-20 1.5965e-14 4.73072e-10 1.69446e-06 0.000733638 0.038396 0.242904 0.186212 0.0462595 0.221273 0.203583 0.0316626 0.0209572 0.00626739 0.00136691 0.00032463 5.01668e-05 7.17102e-06 7.50546e-07 4.80581e-08 1.77931e-09 3.43068e-11
 2.5653e-27 2.59348e-27 3.69317e-26 7.25082e-20 1.77745e-14 5.26691e-10 1.88652e-06 0.00081679 0.0427479 0.270435 0.207215 0.0450026 0.196952 0.181185 0.0285088 0.0194089 0.00588968 0.00142439 0.000348963 5.55275e-05 6.83371e-06 6.1863e-07 3.81802e-08 1.25828e-09 1.93312e-11
 2.56661e-27 2.59699e-27 3.99828e-26 7.89445e-20 1.93523e-14 5.73443e-10 2.05398e-06 0.000889293 0.0465424 0.29444 0.225538 0.0445603 0.180713 0.166087 0.023792 0.0124513 0.00376844 0.000933957 0.000235907 4.1207e-05 5.27316e-06 4.44017e-07 2.30796e-08 7.06475e-10 9.60266e-12
 2.56658e-27 2.59689e-27 3.98765e-26 7.87202e-20 1.92973e-14 5.71814e-10 2.04814e-06 0.000886767 0.0464102 0.293604 0.224901 0.0447029 0.182245 0.16748 0.0236681 0.0118098 0.00344801 0.000651586 0.000157864 2.83643e-05 3.87652e-06 3.50349e-07 1.75032e-08 4.58119e-10 5.60677e-12
 2.56652e-27 2.59672e-27 3.97115e-26 7.83722e-20 1.9212e-14 5.69286e-10 2.03909e-06 0.000882846 0.046205 0.292306 0.223913 0.044877 0.184265 0.169314 0.0234705 0.0108963 0.00315717 0.000564557 0.00012645 1.79601e-05 2.38561e-06 2.27404e-07 1.22517e-08 3.14316e-10 3.35817e-12
 2.56671e-27 2.59723e-27 4.01731e-26 7.9346e-20 1.94507e-14 5.76359e-10 2.06442e-06 0.000893816 0.0467791 0.295938 0.226683 0.0446778 0.180802 0.166135 0.0231889 0.0110531 0.00318319 0.000531078 0.000115739 1.53597e-05 1.72827e-06 1.42318e-07 7.90511e-09 2.17247e-10 2.30215e-12
 2.56764e-27 2.59978e-27 4.24366e-26 8.4121e-20 2.06213e-14 6.11045e-10 2.18866e-06 0.000947606 0.0495943 0.313747 0.24027 0.0439297 0.165564 0.152088 0.0209762 0.00954434 0.00275131 0.000469923 0.000101599 1.26362e-05 1.34842e-06 9.69521e-08 4.51566e-09 1.22639e-10 1.37674e-12
 2.56802e-27 2.60077e-27 4.32913e-26 8.5924e-20 2.10632e-14 6.24141e-10 2.23557e-06 0.000967916 0.0506572 0.320472 0.245404 0.0438826 0.161598 0.148378 0.0194004 0.00688536 0.00195795 0.000317181 6.80056e-05 8.60362e-06 8.90535e-07 5.96727e-08 2.46179e-09 5.62327e-11 6.03225e-13
 2.5682e-27 2.60125e-27 4.36947e-26 8.6775e-20 2.12719e-14 6.30323e-10 2.25771e-06 0.000977503 0.051159 0.323646 0.247828 0.0438786 0.159864 0.146751 0.0186185 0.00551056 0.00152534 0.000195531 3.87513e-05 4.67445e-06 4.82435e-07 3.21179e-08 1.24079e-09 2.51405e-11 2.29224e-13
 2.56863e-27 2.60245e-27 4.47789e-26 8.90621e-20 2.18325e-14 6.46936e-10 2.31722e-06 0.00100327 0.0525074 0.332176 0.254334 0.043415 0.151765 0.139311 0.0179129 0.00577315 0.00158873 0.00017591 3.1749e-05 3.08622e-06 2.89946e-07 1.8676e-08 7.16971e-10 1.37551e-11 1.11609e-13
 2.56853e-27 2.60218e-27 4.45325e-26 8.85425e-20 2.17051e-14 6.43161e-10 2.3037e-06 0.000997413 0.052201 0.330238 0.252856 0.0435208 0.153609 0.141004 0.0180688 0.00570295 0.00157528 0.000187397 3.41136e-05 2.87513e-06 2.29872e-07 1.22282e-08 4.39783e-10 8.28688e-12 6.41584e-14
 2.56849e-27 2.60204e-27 4.43991e-26 8.8261e-20 2.16361e-14 6.41117e-10 2.29637e-06 0.000994242 0.052035 0.329188 0.252056 0.043669 0.155299 0.142537 0.017862 0.00484619 0.00132662 0.000153666 2.79515e-05 2.50422e-06 1.9381e-07 8.63067e-09 2.52998e-10 4.24651e-12 3.18058e-14
 2.56799e-27 2.60068e-27 4.3178e-26 8.5685e-20 2.10046e-14 6.22405e-10 2.22935e-06 0.000965224 0.0505163 0.31958 0.244727 0.0441375 0.164013 0.150555 0.0188561 0.00509376 0.0013838 0.000141904 2.44184e-05 2.13689e-06 1.68008e-07 7.68835e-09 1.98424e-10 2.68915e-12 1.73515e-14
 2.56794e-27 2.60054e-27 4.30525e-26 8.54202e-20 2.09397e-14 6.20482e-10 2.22246e-06 0.000962241 0.0503602 0.318593 0.243974 0.0441878 0.164925 0.151394 0.0189514 0.00509988 0.0013846 0.00014087 2.37879e-05 1.85912e-06 1.3741e-07 6.21864e-09 1.64326e-10 2.06497e-12 1.09096e-14
#obs catch len freq
 6.01653e-42 8.35054e-34 1.40098e-26 2.84115e-20 6.96475e-15 2.06378e-10 7.39214e-07 0.000320054 0.0167503 0.105969 0.0816858 0.0424817 0.227339 0.191891 0.131379 0.126862 0.0516658 0.0191647 0.00400674 0.000462054 2.18246e-05 3.09243e-07 9.8972e-10 5.81865e-13 5.49154e-17
 6.8497e-42 9.50693e-34 1.59498e-26 3.2346e-20 7.92923e-15 2.34958e-10 8.4158e-07 0.000364375 0.0190699 0.120643 0.0930034 0.0462494 0.230352 0.184919 0.128957 0.114088 0.0443503 0.0149225 0.00279214 0.000276293 1.06131e-05 1.15747e-07 2.74077e-10 1.16442e-13 7.83668e-18
 1.02986e-41 1.42938e-33 2.39808e-26 4.86326e-20 1.19217e-14 3.53262e-10 1.26533e-06 0.000547843 0.0286719 0.181388 0.139457 0.0482147 0.202552 0.154589 0.110391 0.0893182 0.0330873 0.00999868 0.00164186 0.000136637 4.21741e-06 3.52795e-08 6.17899e-11 1.89735e-14 9.10803e-19
 8.82085e-42 1.22428e-33 2.05398e-26 4.16542e-20 1.0211e-14 3.02572e-10 1.08376e-06 0.000469232 0.0245577 0.155362 0.119915 0.0599959 0.261795 0.182764 0.0959298 0.0676771 0.0240206 0.00651576 0.000931393 6.39789e-05 1.55804e-06 9.90373e-09 1.28064e-11 2.84546e-15 9.75771e-20
 1.21039e-41 1.67995e-33 2.81846e-26 5.71578e-20 1.40116e-14 4.15188e-10 1.48714e-06 0.000643878 0.033698 0.213186 0.163972 0.0540515 0.194176 0.136249 0.110644 0.070759 0.018097 0.00400158 0.000492936 2.76427e-05 5.22443e-07 2.48767e-09 2.35722e-12 3.78275e-16 9.27572e-21
 1.28394e-41 1.78203e-33 2.98972e-26 6.06309e-20 1.4863e-14 4.40417e-10 1.5775e-06 0.000683003 0.0357457 0.226141 0.174175 0.0635093 0.219636 0.137466 0.0773543 0.0467579 0.0154056 0.00286426 0.000249451 1.08978e-05 1.58234e-07 5.58147e-10 3.83592e-13 4.41629e-17 7.72046e-22
 1.17103e-41 1.62531e-33 2.72679e-26 5.52988e-20 1.35559e-14 4.01685e-10 1.43877e-06 0.000622938 0.0326021 0.206255 0.159278 0.0695554 0.235451 0.142999 0.0930137 0.047222 0.0108907 0.00194407 0.000160278 4.93002e-06 5.0689e-08 1.30204e-10 6.44181e-14 5.2824e-18 6.54341e-23
 1.45459e-41 2.01888e-33 3.38709e-26 6.86896e-20 1.68384e-14 4.98954e-10 1.78717e-06 0.000773783 0.0404967 0.256199 0.19734 0.0646363 0.184457 0.112297 0.0896322 0.042921 0.00983383 0.00132512 8.42568e-05 2.22236e-06 1.64447e-08 2.8587e-11 9.85081e-15 5.69746e-19 4.97474e-24
 1.67548e-41 2.32546e-33 3.90144e-26 7.91204e-20 1.93954e-14 5.74722e-10 2.05856e-06 0.000891286 0.0466464 0.295104 0.227262 0.0688688 0.175298 0.0947097 0.0579295 0.0259949 0.00644989 0.000802907 4.04538e-05 7.69174e-07 4.35799e-09 5.48589e-12 1.27867e-15 4.99465e-20 3.00236e-25
 1.645e-41 2.28316e-33 3.83047e-26 7.76812e-20 1.90426e-14 5.64268e-10 2.02112e-06 0.000875073 0.0457979 0.289739 0.223608 0.0770749 0.190041 0.0957693 0.0534599 0.0195624 0.00363774 0.000413616 1.9273e-05 2.86643e-07 1.14339e-09 1.02547e-12 1.71285e-16 4.63877e-21 1.88604e-26
 1.55848e-41 2.16307e-33 3.629e-26 7.35955e-20 1.80411e-14 5.3459e-10 1.91481e-06 0.000829048 0.0433891 0.274503 0.212458 0.0840548 0.199595 0.100046 0.0619629 0.019895 0.00300579 0.000249663 8.96495e-06 1.12555e-07 3.487e-10 2.20714e-13 2.54003e-17 4.80007e-22 1.36775e-27
 1.52351e-41 2.11453e-33 3.54756e-26 7.19439e-20 1.76362e-14 5.22593e-10 1.87184e-06 0.000810443 0.0424154 0.268347 0.208217 0.0890298 0.198712 0.10092 0.0678855 0.0204386 0.00301521 0.000201672 5.09995e-06 4.51541e-08 1.06548e-10 5.13869e-14 4.26673e-18 5.58612e-23 1.09139e-28
 1.93194e-41 2.6814e-33 4.49861e-26 9.1231e-20 2.23642e-14 6.62692e-10 2.37365e-06 0.00102771 0.0537863 0.340281 0.262671 0.0762922 0.13601 0.0687021 0.0462362 0.0130112 0.00186546 0.000111548 2.2994e-06 1.42376e-08 2.24826e-11 7.60889e-15 4.61252e-19 4.40302e-24 6.12982e-30
 1.62322e-41 2.25293e-33 3.77975e-26 7.66526e-20 1.87905e-14 5.56796e-10 1.99435e-06 0.000863486 0.0451914 0.285922 0.223136 0.107318 0.20572 0.0827701 0.0378837 0.00977421 0.00134432 7.31828e-05 1.32713e-06 6.57144e-09 7.42131e-12 1.67501e-15 6.77861e-20 4.46445e-25 4.40613e-31
 1.33605e-41 1.85435e-33 3.11106e-26 6.30916e-20 1.54662e-14 4.58291e-10 1.64152e-06 0.000710723 0.0371964 0.235355 0.185823 0.119958 0.225447 0.112635 0.0682409 0.0133256 0.00124755 5.78263e-05 9.18565e-07 3.8097e-09 3.39494e-12 5.62665e-16 1.57192e-20 6.91906e-26 4.55649e-32
 1.21784e-41 1.69028e-33 2.8358e-26 5.75095e-20 1.40978e-14 4.17743e-10 1.49629e-06 0.00064784 0.0339054 0.214546 0.170838 0.124089 0.220119 0.129281 0.0855745 0.0189744 0.00195734 6.44036e-05 7.20597e-07 2.38294e-09 1.70367e-12 2.19427e-16 4.58658e-21 1.45331e-26 6.66429e-33
 1.63668e-41 2.27161e-33 3.81109e-26 7.72882e-20 1.89463e-14 5.61413e-10 2.01089e-06 0.000870646 0.0455662 0.288312 0.226249 0.104751 0.157432 0.0976935 0.0627163 0.0147272 0.0016238 5.5469e-05 5.22361e-07 1.18225e-09 5.99496e-13 5.81745e-17 9.24075e-22 2.19581e-27 7.41635e-34
 1.48756e-41 2.06463e-33 3.46385e-26 7.02462e-20 1.722e-14 5.10261e-10 1.82767e-06 0.000791319 0.0414146 0.262085 0.209631 0.14056 0.202549 0.0888183 0.0432421 0.00981713 0.00105299 3.62996e-05 3.35354e-07 6.64546e-10 2.49779e-13 1.65636e-17 1.83127e-22 3.14083e-28 7.79147e-35
 1.54851e-41 2.14922e-33 3.60577e-26 7.31243e-20 1.79256e-14 5.31167e-10 1.90255e-06 0.00082374 0.0431114 0.272831 0.218157 0.133705 0.178521 0.0985702 0.046512 0.00716834 0.000580305 1.80791e-05 1.54697e-07 2.80508e-10 9.1438e-14 4.82329e-18 3.88119e-23 4.59952e-29 7.82435e-36
 1.52989e-41 2.12339e-33 3.56242e-26 7.22451e-20 1.771e-14 5.24781e-10 1.87968e-06 0.000813837 0.0425932 0.269589 0.218004 0.147988 0.182926 0.0915935 0.0395721 0.00647725 0.000430955 9.07933e-06 5.99712e-08 9.18732e-11 2.55193e-14 1.1279e-18 7.36216e-24 6.77631e-30 8.54549e-37
 1.64648e-41 2.2852e-33 3.8339e-26 7.77508e-20 1.90597e-14 5.64773e-10 2.02293e-06 0.000875858 0.0458391 0.290146 0.234333 0.143294 0.162165 0.0851575 0.0332118 0.00468853 0.000282692 5.16995e-06 2.43446e-08 2.59751e-11 5.45749e-15 1.91014e-19 9.96116e-25 7.28274e-31 7.20393e-38
 1.5934e-41 2.21153e-33 3.71031e-26 7.52443e-20 1.84453e-14 5.46567e-10 1.95771e-06 0.000847622 0.0443615 0.280863 0.230729 0.162039 0.170408 0.0795875 0.027387 0.00358913 0.000183331 2.77608e-06 1.07353e-08 8.57322e-12 1.24413e-15 3.02578e-20 1.14479e-25 6.27734e-32 4.72893e-39
 1.64173e-41 2.27861e-33 3.82284e-26 7.75264e-20 1.90047e-14 5.63143e-10 2.01709e-06 0.00087333 0.0457071 0.28942 0.238675 0.160583 0.158592 0.0791422 0.0242535 0.00263677 0.000112969 1.41639e-06 4.3295e-09 2.68954e-12 2.95517e-16 5.17719e-21 1.35757e-26 5.12281e-33 2.69778e-40
 1.6471e-41 2.28606e-33 3.83535e-26 7.77801e-20 1.90669e-14 5.64986e-10 2.02369e-06 0.000876187 0.0458569 0.290451 0.242638 0.170426 0.155709 0.0719741 0.0199817 0.00201293 7.07973e-05 6.92287e-07 1.64875e-09 7.84659e-13 6.48415e-17 8.46088e-22 1.6317e-27 4.43682e-34 1.64709e-41
 1.68427e-41 2.33765e-33 3.9219e-26 7.95353e-20 1.94971e-14 5.77736e-10 2.06936e-06 0.000895959 0.0468919 0.297083 0.250139 0.172774 0.147736 0.0668468 0.0162005 0.00139005 4.14609e-05 3.29815e-07 5.96792e-10 2.10945e-13 1.29221e-17 1.24343e-22 1.75624e-28 3.48108e-35 9.38414e-43
 1.68191e-41 2.33438e-33 3.91641e-26 7.94239e-20 1.94698e-14 5.76927e-10 2.06646e-06 0.000894706 0.0468268 0.296799 0.25382 0.181616 0.144829 0.0611314 0.0130836 0.000973202 2.35466e-05 1.48447e-07 2.09428e-10 5.57443e-14 2.49467e-18 1.73446e-23 1.76919e-29 2.53392e-36 4.93063e-44
 1.46716e-41 2.03631e-33 3.41634e-26 6.92827e-20 1.69838e-14 5.03262e-10 1.8026e-06 0.000780465 0.0408488 0.259262 0.234545 0.215065 0.167461 0.0683763 0.0128312 0.000812486 1.61024e-05 7.99336e-08 8.5772e-11 1.71239e-14 5.687e-19 2.89011e-24 2.12399e-30 2.17332e-37 3.01331e-45
 1.49629e-41 2.07676e-33 3.48419e-26 7.06586e-20 1.73211e-14 5.13257e-10 1.8384e-06 0.000795965 0.0416598 0.264303 0.234595 0.196793 0.167299 0.0790856 0.0145951 0.000856276 1.49129e-05 6.30487e-08 5.64194e-11 9.23108e-15 2.48673e-19 1.02205e-24 6.06791e-31 5.0021e-38 5.56222e-46
#spawning biomass
 19215.5 18327.3 19263 22437.4 27583.9 33475.1 36740.9 42097.9 59905.1 79997.2 90329.1 115774 161725 202450 181226 147595 135544 142520 139681 139817 147468 150686 148357 167139 190973 193044 181186 164007 169779 133429 53076.1 25554.6 18180.4 16412.6 16018.2 15934.5 15917.4 15913.9 15913.3 15913.1 15913.1 15913.1 15913.1 15913.1 15913.1 15913.1 15913.1 15913.1 15913.1 15913.1 15913.1 15913.1 15913.1 15913.1 15913.1 15913.1 15913.1 15913.1 15913.1 15913.1 15913.1 15913.1 15913.1 15913.1 15913.1 15913.1 15913.1 15913.1 15913.1 15913.1 15913.1 15913.1 15913.1 15913.1 15913.1 15913.1 15913.1 15913.1 15913.1 15913.1 15913.1 15913.1 15913.1 15913.1 15913.1 15913.1 15913.1 15913.1 15913.1 15913.1 15913.1 15913.1 15913.1 15913.1 15913.1 15913.1 15913.1 15913.1 15913.1 15913.1 15913.1 15913.1 15913.1 15913.1 15913.1 15913.1 15913.1 15913.1 15913.1 15913.1 15913.1 15913.1 15913.1 15913.1 15913.1 15913.1 15913.1 15913.1 15913.1 15913.1 15913.1 15913.1 15913.1 15913.1 15913.1 15913.1 15913.1 15913.1 0 0 0 0 0 0 0 0 0 0 0 0 0 0 0 0 0 0 0 0 0 0 0 0 0
