SBPRF35
0.306388
Curr Bio
132891
B35
309773
F35
0.42355
FOFL
0.27501
OFL
34186.9
Bzero
87539.3
#pred survey bio
 10683.2 10391 7909.79 7712.76 10102.1 16109.6 21658.2 29794 42443.2 53329 66236.6 83575.1 104032 121651 126310 133830 110235 118331 105054 107365 110511 107580 97693.4 125705 141061 133498 127766 116888 128357 7.00909e+06 6.00962e+06 4.84642e+06 3.47549e+06 2.42084e+06 1.72654e+06 1.30456e+06 1.05817e+06 916294 834211 785864 756641 738462 726837 719165 713955 710499 708175 706597 705519 704778 704268 703916 703672 703504 703387 703306 703250 703211 703184 703166 703153 703144 703137 703133 703130 703128 703127 703126 703125 703124 703124 703124 703124 703124 703123 703123 703123 703123 703123 703123 703123 703123 703123 703123 703123 703123 703123 703123 703123 703123 703123 703123 703123 703123 703123 703123 703123 703123 703123 703123 703123 703123 703123 703123 703123 703123 703123 703123 703123 703123 703123 703123 703123 703123 703123 703123 703123 703123 703123 703123 703123 703123 703123 703123 703123 703123 703123 703123 703123 0 0 0 0 0 0 0 0 0 0 0 0 0 0 0 0 0 0 0 0 0 0 0 0 0
#obs survey bio
 9574.98 7335.16 6013.17 5360.28 18244.4 12217.1 26086.1 28824.4 34529.9 58218.8 54066.7 86068.6 70025.2 116690 110540 174669 88146.4 124909 78119.1 133190 96322 128180 96295.4 201944 171020 168678 105999 152843 96746.5
#pred catch bio
 3314.42 4187.36 3030.93 2684.51 2981.64 7661.42 10398.6 13388.6 23710.9 33290.6 43565.9 55669.4 70083.1 85455.7 85135.3 108409 83614.3 99812.7 84979.1 89157.1 94873.6 98037.2 84419.1 114994 135711 131294 129266 118754 92855.5 34186.9 83383.1 63642.5 43461.6 28663.8 19408 14137 11313.4 9863.09 9140.3 8787.92 8618.93 8538.88 8501.32 8483.78 8475.6 8471.89 8470.21 8469.44 8469.09 8468.94 8468.86 8468.83 8468.82 8468.81 8468.81 8468.81 8468.81 8468.8 8468.8 8468.8 8468.8 8468.8 8468.8 8468.8 8468.8 8468.8 8468.8 8468.8 8468.8 8468.8 8468.8 8468.8 8468.8 8468.8 8468.8 8468.8 8468.8 8468.8 8468.8 8468.8 8468.8 8468.8 8468.8 8468.8 8468.8 8468.8 8468.8 8468.8 8468.8 8468.8 8468.8 8468.8 8468.8 8468.8 8468.8 8468.8 8468.8 8468.8 8468.8 8468.8 8468.8 8468.8 8468.8 8468.8 8468.8 8468.8 8468.8 8468.8 8468.8 8468.8 8468.8 8468.8 8468.8 8468.8 8468.8 8468.8 8468.8 8468.8 8468.8 8468.8 8468.8 8468.8 8468.8 8468.8 8468.8 8468.8 8468.8 8468.8 8468.8 0 0 0 0 0 0 0 0 0 0 0 0 0 0 0 0 0 0 0 0 0 0 0 0 0
#obs catch bio
 3814.32 4309.77 3548.97 3001.27 2961.3 8215.38 10195.5 12908.7 22980.7 32118.3 42558.2 54139 65988.4 82163.4 81600.8 105010 82070.8 98761.7 83931.6 81411.4 91486.2 81873 78956.4 101974 116216 119151 127871 102481 87489.4
#pred cpue bio
 10011 10147.5 7430.86 6935.36 8855.77 13953.5 18514.3 25631.2 36513.3 45018.6 54906.1 68662.4 86179.7 101791 106895 113641 90396.2 96656.7 85183.4 86518.6 87666.8 86004 75271.6 94204.2 107716 100882 95048.7 86677.2 90694.3 5.75421e+06 6.08084e+06 4.81634e+06 3.44186e+06 2.38711e+06 1.6928e+06 1.27083e+06 1.02444e+06 882563 800481 752133 722910 704731 693106 685434 680224 676768 674444 672866 671788 671047 670537 670185 669941 669773 669656 669575 669519 669480 669453 669435 669422 669413 669406 669402 669399 669397 669396 669395 669394 669393 669393 669393 669393 669393 669392 669392 669392 669392 669392 669392 669392 669392 669392 669392 669392 669392 669392 669392 669392 669392 669392 669392 669392 669392 669392 669392 669392 669392 669392 669392 669392 669392 669392 669392 669392 669392 669392 669392 669392 669392 669392 669392 669392 669392 669392 669392 669392 669392 669392 669392 669392 669392 669392 669392 669392 669392 669392 669392 669392 0 0 0 0 0 0 0 0 0 0 0 0 0 0 0 0 0 0 0 0 0 0 0 0 0
#obs cpue bio
 8849.34 9802.46 4138.59 5142.32 8689.16 15042.6 22103.2 29246.9 53254 47969.3 68353.7 74779 169002 118336 132601 116758 103357 105225 112014 114026 107073 175650 82587.5 107300 162263 111053 111991 137981 131167
#pred surv len freq
 9.11494e-12 9.89774e-10 6.33662e-08 2.39176e-06 5.32256e-05 0.000698367 0.00540371 0.0246824 0.0668973 0.11036 0.123778 0.126746 0.141113 0.134786 0.0988798 0.0639748 0.040481 0.0244126 0.0143414 0.0085849 0.00540703 0.00371092 0.0027333 0.00190285 0.00105066
 5.04082e-12 5.47373e-10 3.50433e-08 1.32272e-06 2.94356e-05 0.000386242 0.00298939 0.0136731 0.0373126 0.0635986 0.0807696 0.105427 0.140684 0.150162 0.129156 0.102151 0.0733214 0.0455227 0.0255416 0.0135714 0.0071125 0.00392685 0.0023879 0.00148604 0.000788391
 9.57738e-12 1.03999e-09 6.6581e-08 2.5131e-06 5.59256e-05 0.000733771 0.00567681 0.0259101 0.069955 0.113239 0.117101 0.0970174 0.0901479 0.091651 0.0909929 0.0878467 0.0762436 0.0572659 0.0371326 0.020582 0.0100255 0.00460399 0.00218487 0.00110658 0.000525721
 1.26728e-11 1.37611e-09 8.80999e-08 3.32533e-06 7.40006e-05 0.000970923 0.00751145 0.034282 0.0925338 0.149585 0.153664 0.123956 0.107106 0.0919613 0.0655762 0.0451686 0.0367011 0.0321099 0.0255606 0.0170468 0.0093174 0.00423442 0.00170639 0.000671528 0.000260038
 1.35251e-11 1.46867e-09 9.40254e-08 3.54899e-06 7.89777e-05 0.00103623 0.00801668 0.0365884 0.0987659 0.159714 0.164324 0.133202 0.115762 0.0991838 0.0687092 0.0417111 0.0254182 0.0162881 0.0117347 0.00880801 0.0057857 0.0030358 0.00126201 0.000436933 0.000135029
 1.38816e-11 1.50737e-09 9.65034e-08 3.64252e-06 8.10592e-05 0.00106353 0.00822791 0.0375513 0.10135 0.163767 0.167913 0.134636 0.115449 0.0987946 0.0693676 0.0429787 0.0258086 0.0145423 0.00794228 0.00464805 0.00293838 0.00173194 0.000821995 0.000298446 8.44384e-05
 1.42343e-11 1.54567e-09 9.89554e-08 3.73507e-06 8.31188e-05 0.00109056 0.008437 0.0385062 0.103936 0.168021 0.172611 0.139186 0.119728 0.100742 0.0668122 0.0373998 0.0206922 0.0113136 0.00586871 0.00288988 0.00141722 0.000725523 0.000353824 0.000140519 4.16195e-05
 1.38294e-11 1.5017e-09 9.61405e-08 3.62882e-06 8.07544e-05 0.00105954 0.00819713 0.0374139 0.101022 0.163582 0.16933 0.139833 0.124096 0.105933 0.0704234 0.0390253 0.0207272 0.0104551 0.00494636 0.00224847 0.00097232 0.000403662 0.000165386 6.29923e-05 1.94134e-05
 1.38713e-11 1.50625e-09 9.64317e-08 3.63982e-06 8.0999e-05 0.00106275 0.00822191 0.037526 0.10131 0.163937 0.169176 0.13841 0.12159 0.104079 0.0707555 0.040967 0.0226233 0.0114841 0.0052443 0.00220602 0.000859637 0.000311798 0.000106132 3.3935e-05 9.63116e-06
 1.46421e-11 1.58995e-09 1.0179e-07 3.84207e-06 8.54999e-05 0.0011218 0.00867864 0.039608 0.106895 0.172683 0.176833 0.141105 0.119529 0.0993673 0.0646927 0.0348243 0.0181704 0.00922418 0.00433301 0.00183811 0.000688743 0.000228062 6.7516e-05 1.80312e-05 4.30636e-06
 1.52623e-11 1.6573e-09 1.06102e-07 4.00482e-06 8.91215e-05 0.00116931 0.00904615 0.0412835 0.111393 0.179752 0.183146 0.143706 0.118616 0.0963895 0.0603855 0.0299489 0.0139968 0.00644562 0.00282381 0.00116854 0.000440367 0.0001444 4.0208e-05 9.48907e-06 1.91116e-06
 1.55234e-11 1.68566e-09 1.07917e-07 4.07334e-06 9.06464e-05 0.00118932 0.00920091 0.0419892 0.113289 0.18275 0.185903 0.145076 0.118668 0.0954934 0.0586257 0.0276957 0.0119638 0.00501409 0.00196259 0.000725418 0.000252485 7.98582e-05 2.18661e-05 4.954e-06 9.06596e-07
 1.51597e-11 1.64616e-09 1.05389e-07 3.97791e-06 8.85227e-05 0.00116146 0.00898545 0.041008 0.110671 0.178758 0.182932 0.145577 0.122377 0.099667 0.0610651 0.0284391 0.0119333 0.00477558 0.00173585 0.000577735 0.000177872 5.01167e-05 1.26522e-05 2.73664e-06 4.80342e-07
 1.47544e-11 1.60215e-09 1.02571e-07 3.87154e-06 8.61557e-05 0.0011304 0.00874529 0.0399139 0.107745 0.17425 0.179339 0.145357 0.125303 0.103433 0.0639123 0.0301656 0.0128451 0.00514299 0.00182925 0.000580341 0.000164996 4.1555e-05 9.23521e-06 1.78476e-06 2.89153e-07
 1.42612e-11 1.54859e-09 9.91423e-08 3.74213e-06 8.32758e-05 0.00109262 0.00845311 0.0385831 0.104189 0.168798 0.175124 0.145515 0.129501 0.108399 0.0670989 0.0315733 0.0134116 0.00539492 0.00193855 0.000617021 0.000172115 4.11774e-05 8.37949e-06 1.4394e-06 2.05905e-07
 1.41656e-11 1.53822e-09 9.8478e-08 3.71705e-06 8.27179e-05 0.0010853 0.00839646 0.0383243 0.103488 0.167642 0.173834 0.144245 0.128327 0.108022 0.0682157 0.0336229 0.0151371 0.00629485 0.00228369 0.000729973 0.000204782 4.89257e-05 9.72199e-06 1.57574e-06 2.05231e-07
 1.54944e-11 1.68251e-09 1.07716e-07 4.06574e-06 9.04772e-05 0.0011871 0.0091838 0.0419122 0.113097 0.182568 0.186314 0.146903 0.121709 0.0977298 0.0582683 0.0254596 0.00979596 0.00376445 0.00138241 0.00045907 0.0001319 3.18248e-05 6.34325e-06 1.01971e-06 1.28705e-07
 1.56257e-11 1.69677e-09 1.08629e-07 4.10019e-06 9.12438e-05 0.00119716 0.00926158 0.0422665 0.114045 0.184028 0.187479 0.146982 0.120806 0.0966636 0.0576347 0.025151 0.00947403 0.00338088 0.00109377 0.000324106 8.95782e-05 2.19582e-05 4.48209e-06 7.2999e-07 9.2236e-08
 1.5829e-11 1.71884e-09 1.10042e-07 4.15353e-06 9.2431e-05 0.00121273 0.00938206 0.0428161 0.115524 0.186383 0.189725 0.148316 0.121209 0.0960379 0.0557473 0.0226323 0.00751733 0.00240477 0.000731053 0.000202077 5.01682e-05 1.10438e-05 2.12948e-06 3.45084e-07 4.42451e-08
 1.60718e-11 1.74521e-09 1.1173e-07 4.21724e-06 9.38486e-05 0.00123133 0.00952588 0.0434709 0.11727 0.189034 0.191644 0.147809 0.118497 0.0931973 0.054434 0.0226078 0.00776988 0.00248444 0.000704057 0.000173726 3.8821e-05 7.78651e-06 1.35469e-06 1.99284e-07 2.40923e-08
 1.6604e-11 1.80299e-09 1.15429e-07 4.35688e-06 9.69561e-05 0.0012721 0.00984117 0.0449072 0.12111 0.194942 0.196313 0.147968 0.11446 0.0881264 0.0507642 0.0205478 0.00676426 0.00209888 0.000596339 0.000147875 3.17746e-05 5.81288e-06 9.02823e-07 1.18868e-07 1.29437e-08
 1.63031e-11 1.77032e-09 1.13338e-07 4.27794e-06 9.51993e-05 0.00124905 0.00966295 0.0440958 0.118947 0.191666 0.193977 0.148714 0.118016 0.0918382 0.0524865 0.0205406 0.00629172 0.00179446 0.000478496 0.000113535 2.38637e-05 4.31698e-06 6.47791e-07 7.89264e-08 7.71928e-09
 1.74948e-11 1.89972e-09 1.21622e-07 4.59063e-06 0.000102158 0.00134034 0.0103689 0.0473115 0.127539 0.204846 0.204192 0.148407 0.107973 0.0798544 0.044632 0.0169278 0.00484928 0.00126159 0.00030836 6.70299e-05 1.29698e-05 2.20764e-06 3.19171e-07 3.78819e-08 3.56358e-09
 1.8314e-11 1.98868e-09 1.27317e-07 4.80559e-06 0.000106941 0.0014031 0.0108543 0.049522 0.133442 0.213878 0.211079 0.147824 0.100503 0.0712428 0.0393944 0.0149703 0.00432081 0.00112319 0.000266049 5.38845e-05 9.47093e-06 1.46025e-06 1.92874e-07 2.12969e-08 1.90566e-09
 1.77379e-11 1.92612e-09 1.23312e-07 4.65441e-06 0.000103577 0.00135897 0.010513 0.0479677 0.129295 0.207564 0.206415 0.14873 0.106511 0.0777954 0.0428585 0.0156424 0.00407535 0.00091982 0.000199007 3.90349e-05 6.69571e-06 9.79875e-07 1.18937e-07 1.18812e-08 9.66164e-10
 1.80356e-11 1.95845e-09 1.25382e-07 4.73253e-06 0.000105316 0.00138177 0.0106893 0.0487711 0.131442 0.210857 0.208972 0.148666 0.104022 0.0748154 0.0408927 0.0147232 0.00369816 0.000776412 0.000152298 2.64776e-05 4.00528e-06 5.37257e-07 6.20555e-08 5.89855e-09 4.46111e-10
 1.84696e-11 2.00558e-09 1.28399e-07 4.84641e-06 0.00010785 0.00141502 0.0109465 0.0499422 0.13457 0.215651 0.212663 0.148474 0.10024 0.0703638 0.038055 0.0135108 0.00327422 0.000642805 0.00011725 1.90391e-05 2.63801e-06 3.15534e-07 3.21406e-08 2.73562e-09 1.91134e-10
 1.85484e-11 2.01413e-09 1.28947e-07 4.86709e-06 0.00010831 0.00142106 0.0109931 0.0501549 0.135139 0.216531 0.213377 0.148559 0.0997366 0.0696747 0.0374829 0.0131158 0.00304699 0.000548364 9.04788e-05 1.3556e-05 1.73907e-06 1.91681e-07 1.78712e-08 1.36846e-09 8.47414e-11
 1.97676e-11 2.14653e-09 1.37423e-07 5.18702e-06 0.000115429 0.00151446 0.0117154 0.0534446 0.143924 0.229966 0.223593 0.147598 0.0884738 0.0567522 0.0297051 0.0103141 0.00237888 0.000421242 6.73763e-05 9.57533e-06 1.13058e-06 1.12807e-07 9.57718e-09 6.71426e-10 3.79354e-11
#obs surv len freq
 2.068e-11 1.99795e-09 1.13804e-07 3.82181e-06 7.56698e-05 0.000883352 0.00608117 0.0247139 0.0596312 0.0880159 0.0910053 0.0934641 0.111196 0.120534 0.113716 0.098736 0.0766512 0.0529161 0.0330532 0.017995 0.00794559 0.00264786 0.000624989 9.92057e-05 1.01893e-05
 5.62197e-12 5.23886e-10 2.87822e-08 9.32296e-07 1.78051e-05 0.00020054 0.00133376 0.00527416 0.0128492 0.0225095 0.0402244 0.0785325 0.125405 0.153737 0.160793 0.146573 0.110641 0.070615 0.0400886 0.0199645 0.00812416 0.00249143 0.000538317 7.79763e-05 7.30892e-06
 8.7665e-11 7.86566e-09 4.16085e-07 1.29768e-05 0.000238612 0.00258676 0.0165336 0.0623089 0.138506 0.181979 0.143082 0.0731615 0.039633 0.0477281 0.0699352 0.0779519 0.0645432 0.0425206 0.0233515 0.0106781 0.00391913 0.0010864 0.000213138 2.80828e-05 2.39514e-06
 1.13898e-10 9.82374e-09 4.99545e-07 1.49765e-05 0.000264722 0.00275881 0.0169543 0.0614953 0.132265 0.172866 0.153664 0.127192 0.117101 0.0900042 0.0500361 0.0263526 0.0190887 0.0147523 0.00909073 0.00420887 0.00145244 0.000365244 6.44032e-05 7.64103e-06 5.89113e-07
 1.31672e-10 1.09001e-08 5.31997e-07 1.53082e-05 0.000259708 0.0025978 0.0153244 0.0533759 0.110481 0.140502 0.127156 0.116681 0.122541 0.115156 0.0904558 0.0586167 0.028934 0.0112065 0.00425816 0.00170324 0.000572429 0.000137656 2.24172e-05 2.40945e-06 1.67289e-07
 2.13053e-10 1.69034e-08 7.90677e-07 2.18054e-05 0.000354544 0.00339887 0.0192149 0.0641246 0.127013 0.153588 0.128939 0.106317 0.104738 0.0995658 0.0834887 0.0590361 0.0320363 0.0128657 0.00397185 0.00102784 0.000240312 4.80419e-05 7.12594e-06 7.08943e-07 4.51814e-08
 2.86526e-10 2.17573e-08 9.74055e-07 2.571e-05 0.000400097 0.0036711 0.0198666 0.0635096 0.120944 0.143173 0.125733 0.117228 0.120259 0.106921 0.0809147 0.0530113 0.028063 0.0115232 0.00366693 0.00089537 0.000166422 2.38625e-05 2.64354e-06 2.15874e-07 1.20864e-08
 4.27642e-10 3.10396e-08 1.32828e-06 3.35122e-05 0.000498495 0.00437209 0.0226165 0.0691189 0.125907 0.142965 0.121662 0.111902 0.115412 0.106646 0.0845065 0.054662 0.0265591 0.00963544 0.00274834 0.000627258 0.00010975 1.39744e-05 1.2577e-06 7.91e-08 3.43902e-09
 6.21024e-10 4.30342e-08 1.75816e-06 4.23488e-05 0.00060141 0.00503593 0.0248737 0.072623 0.126735 0.139677 0.120265 0.115272 0.118422 0.105791 0.0812024 0.0517218 0.0252506 0.00925161 0.00258458 0.000550573 8.76485e-05 1.01374e-05 8.24073e-07 4.55806e-08 1.67388e-09
 9.87853e-10 6.52793e-08 2.5433e-06 5.84197e-05 0.000791167 0.00631768 0.0297586 0.0828706 0.138029 0.145632 0.121158 0.113275 0.113955 0.10047 0.0751488 0.0447539 0.0195761 0.00628604 0.00156038 0.000305486 4.54193e-05 4.86443e-06 3.60747e-07 1.8023e-08 5.9361e-10
 1.42962e-09 8.99955e-08 3.34011e-06 7.30872e-05 0.000942912 0.00717295 0.0321935 0.085503 0.136474 0.140986 0.121771 0.120505 0.120178 0.101087 0.0712779 0.0397765 0.016134 0.00469779 0.00102563 0.000173514 2.24778e-05 2.14428e-06 1.44223e-07 6.57951e-09 1.97519e-10
 2.06424e-09 1.23665e-07 4.36794e-06 9.0959e-05 0.00111678 0.00808536 0.0345423 0.0874028 0.133492 0.134497 0.118685 0.121593 0.122451 0.104182 0.0736155 0.0398929 0.0152816 0.00411526 0.000814136 0.000122251 1.38143e-05 1.13925e-06 6.64256e-08 2.65812e-09 7.09885e-11
 2.96036e-09 1.68625e-07 5.66287e-06 0.000112123 0.00130891 0.00901067 0.0366133 0.088234 0.129211 0.128331 0.118141 0.12594 0.126624 0.106549 0.0736197 0.0382471 0.0138389 0.00348151 0.000635588 8.68222e-05 8.79558e-06 6.41483e-07 3.27174e-08 1.13819e-09 2.64127e-11
 3.70433e-09 2.00449e-07 6.39494e-06 0.000120285 0.001334 0.00872551 0.0337088 0.0774927 0.110017 0.112627 0.117256 0.136132 0.139553 0.118596 0.0820855 0.0423215 0.0152965 0.0038993 0.000720756 9.70402e-05 9.32868e-06 6.25849e-07 2.87733e-08 8.91026e-10 1.82582e-11
 5.21633e-09 2.6794e-07 8.11428e-06 0.00014488 0.00152524 0.00947087 0.0347469 0.0759944 0.103508 0.104707 0.112001 0.133559 0.142319 0.127058 0.0894478 0.0451248 0.0157101 0.00387149 0.000700513 9.32665e-05 8.86558e-06 5.8114e-07 2.558e-08 7.41545e-10 1.3951e-11
 9.0337e-09 4.40164e-07 1.26446e-05 0.00021416 0.00213868 0.0125972 0.0438408 0.0909478 0.117437 0.11238 0.113622 0.129343 0.133241 0.115018 0.0772695 0.0367227 0.0119475 0.00274072 0.000462648 5.79769e-05 5.24654e-06 3.30373e-07 1.40251e-08 3.91413e-10 7.04095e-12
 1.35918e-08 6.27827e-07 1.70978e-05 0.000274531 0.00259912 0.0145159 0.0479342 0.0946862 0.118285 0.114953 0.121905 0.136936 0.132403 0.106126 0.0669053 0.030343 0.00957103 0.00214644 0.000351598 4.19489e-05 3.55627e-06 2.08567e-07 8.26452e-09 2.16442e-10 3.67186e-12
 1.94191e-08 8.49921e-07 2.19315e-05 0.000333664 0.00299331 0.0158432 0.0496212 0.0933285 0.112918 0.11146 0.123385 0.140148 0.135725 0.108266 0.0663932 0.0287648 0.00862413 0.00184489 0.000289946 3.32576e-05 2.6985e-06 1.5003e-07 5.57522e-09 1.35796e-10 2.13364e-12
 2.97489e-08 1.23318e-06 3.01384e-05 0.000434279 0.00369001 0.0185007 0.0549193 0.0981635 0.11415 0.111416 0.12347 0.138565 0.132878 0.10472 0.0627612 0.0265321 0.0078269 0.00165609 0.000255386 2.82948e-05 2.19027e-06 1.15435e-07 4.0515e-09 9.28485e-11 1.36605e-12
 4.36249e-08 1.71218e-06 3.96193e-05 0.000540532 0.00434879 0.0206503 0.0581274 0.0990861 0.112476 0.112725 0.128542 0.141719 0.131333 0.0998241 0.05786 0.0239367 0.00703201 0.00149835 0.000231849 2.54275e-05 1.91877e-06 9.72352e-08 3.24482e-09 7.01284e-11 9.67907e-13
 6.7881e-08 2.52187e-06 5.5238e-05 0.00071337 0.00543298 0.0244255 0.065147 0.105612 0.115644 0.114973 0.130383 0.141207 0.128098 0.0934065 0.0502452 0.0187216 0.0048642 0.000922191 0.00013098 1.36427e-05 9.96219e-07 4.9001e-08 1.57839e-09 3.26549e-11 4.27939e-13
 9.27559e-08 3.26143e-06 6.76113e-05 0.000826418 0.00595765 0.0253665 0.0642385 0.100045 0.109869 0.117096 0.138489 0.147262 0.129063 0.0909837 0.047674 0.0175456 0.00454211 0.000845679 0.000113773 1.08839e-05 7.24291e-07 3.27927e-08 9.86677e-10 1.92761e-11 2.39712e-13
 1.59275e-07 5.30001e-06 0.00010398 0.00120279 0.00820565 0.0330589 0.0791603 0.116172 0.118734 0.116148 0.129577 0.13587 0.119435 0.0826848 0.0412745 0.0142292 0.0034462 0.000606751 7.81277e-05 7.16168e-06 4.51303e-07 1.90199e-08 5.25619e-10 9.38192e-12 1.068e-13
 2.16194e-07 6.80821e-06 0.000126407 0.00138387 0.00893685 0.0341141 0.0777439 0.110765 0.11729 0.127201 0.145772 0.142722 0.113581 0.0720984 0.0338744 0.01123 0.00264313 0.000450208 5.53098e-05 4.78497e-06 2.83586e-07 1.1237e-08 2.91398e-10 4.85574e-12 5.1241e-14
 2.74254e-07 8.17385e-06 0.000143632 0.00148827 0.00909844 0.0329102 0.0713922 0.0987265 0.107403 0.125328 0.149892 0.151649 0.124435 0.0785908 0.0352517 0.0108902 0.00237106 0.000375729 4.33945e-05 3.54921e-06 1.98545e-07 7.38671e-09 1.78965e-10 2.77794e-12 2.72679e-14
 4.03383e-07 1.13793e-05 0.000189262 0.00185622 0.0107423 0.0368016 0.0757879 0.100437 0.107335 0.125112 0.148617 0.150184 0.12273 0.0756618 0.0326015 0.00961449 0.00198838 0.000296307 3.18086e-05 2.40325e-06 1.24257e-07 4.28803e-09 9.66458e-11 1.39665e-12 1.27507e-14
 5.0468e-07 1.34768e-05 0.000212188 0.00197021 0.0107994 0.0351173 0.0693156 0.0914661 0.105642 0.134023 0.159596 0.155658 0.122073 0.0725343 0.0304998 0.00892635 0.00184947 0.000273777 2.85503e-05 2.04712e-06 9.87424e-08 3.1468e-09 6.51967e-11 8.65358e-13 7.26473e-15
 8.42319e-07 2.12949e-05 0.000317421 0.00279024 0.0144778 0.044541 0.0829634 0.102272 0.108479 0.12873 0.150957 0.149259 0.11641 0.0656771 0.0251771 0.00654725 0.00120112 0.000160985 1.56928e-05 1.07336e-06 4.95468e-08 1.4996e-09 2.91831e-11 3.60214e-13 2.79168e-15
 1.10555e-06 2.64647e-05 0.000373532 0.00310955 0.01529 0.0447142 0.0802457 0.100023 0.115915 0.144945 0.161617 0.145497 0.104349 0.0560119 0.0211561 0.00555208 0.00102587 0.000134057 1.22365e-05 7.66155e-07 3.23379e-08 9.03666e-10 1.6399e-11 1.89757e-13 1.3791e-15
#pred catch len freq
 6.50923e-12 7.06825e-10 4.52516e-08 1.70803e-06 3.80103e-05 0.000498748 0.00385991 0.0176489 0.0480823 0.0813155 0.10037 0.124434 0.158352 0.157196 0.115679 0.074313 0.0467224 0.0281009 0.0164942 0.00987118 0.00621677 0.00426661 0.00314259 0.00218779 0.00120798
 3.48795e-12 3.7875e-10 2.42479e-08 9.15244e-07 2.03681e-05 0.000267278 0.00206934 0.0094809 0.0260918 0.0462248 0.0665117 0.103201 0.149651 0.162603 0.139422 0.109447 0.0782068 0.0484751 0.027182 0.0144398 0.00756709 0.00417776 0.00254047 0.00158098 0.000838762
 7.14638e-12 7.76011e-10 4.9681e-08 1.87521e-06 4.17303e-05 0.000547533 0.00423637 0.0193449 0.0523559 0.0857715 0.093502 0.0899664 0.0984601 0.106238 0.105943 0.101723 0.0880233 0.0660455 0.0428102 0.0237259 0.0115564 0.00530694 0.00251845 0.00127553 0.000605988
 9.87571e-12 1.07238e-09 6.86551e-08 2.59139e-06 5.76679e-05 0.000756643 0.00585423 0.0267309 0.0723214 0.118279 0.127924 0.119734 0.122631 0.112809 0.0813403 0.0556583 0.0449196 0.0392134 0.0312012 0.0208067 0.0113722 0.00516821 0.00208268 0.000819613 0.000317382
 1.05359e-11 1.14407e-09 7.32444e-08 2.76461e-06 6.15228e-05 0.000807225 0.00624565 0.0285197 0.0771829 0.126405 0.137523 0.130689 0.135716 0.124879 0.0875614 0.0528665 0.0319957 0.0204385 0.0147113 0.0110399 0.00725151 0.0038049 0.00158173 0.000547626 0.000169237
 1.1589e-11 1.25843e-09 8.05659e-08 3.04096e-06 6.76725e-05 0.000887906 0.00686965 0.0313633 0.0847996 0.138243 0.147461 0.133004 0.131273 0.119116 0.0844004 0.0519811 0.0310107 0.0174225 0.00950621 0.00556166 0.00351568 0.00207218 0.000983473 0.000357074 0.000101026
 1.19756e-11 1.3004e-09 8.32529e-08 3.14238e-06 6.99295e-05 0.000917521 0.0070988 0.0324102 0.0876385 0.14294 0.152777 0.138452 0.136682 0.121793 0.0815706 0.0454127 0.0249369 0.0135838 0.00703831 0.0034647 0.00169897 0.00086974 0.000424154 0.00016845 4.98922e-05
 1.14212e-11 1.24021e-09 7.93995e-08 2.99694e-06 6.66928e-05 0.000875058 0.00677043 0.0309148 0.0836477 0.136855 0.148243 0.139219 0.142459 0.128677 0.0863533 0.0475949 0.0250921 0.0126091 0.00595789 0.00270723 0.00117057 0.000485953 0.0001991 7.58333e-05 2.33708e-05
 1.19518e-11 1.29782e-09 8.30875e-08 3.13614e-06 6.97906e-05 0.000915698 0.00708469 0.0323454 0.0874598 0.142619 0.152301 0.137737 0.135947 0.122025 0.0835405 0.0480778 0.0263633 0.0133374 0.00608366 0.00255813 0.000996724 0.000361509 0.000123052 3.93449e-05 1.11665e-05
 1.30928e-11 1.42172e-09 9.10201e-08 3.43555e-06 7.64535e-05 0.00100311 0.0077608 0.035427 0.0957197 0.155505 0.163344 0.140923 0.131669 0.114225 0.0748767 0.040077 0.020749 0.0104906 0.00492147 0.00208695 0.000781893 0.000258898 7.6644e-05 2.04689e-05 4.88856e-06
 1.39326e-11 1.51292e-09 9.68585e-08 3.65593e-06 8.13575e-05 0.00106745 0.00825844 0.0376954 0.101805 0.165034 0.171687 0.143875 0.129542 0.109522 0.0690929 0.0340969 0.0158054 0.00724287 0.0031677 0.0013102 0.000493683 0.000161877 4.50739e-05 1.06374e-05 2.14243e-06
 1.42579e-11 1.54824e-09 9.91198e-08 3.74128e-06 8.3257e-05 0.00109237 0.00845119 0.0385743 0.104165 0.168754 0.175058 0.145407 0.129333 0.108195 0.0669056 0.0314678 0.0134817 0.0056195 0.00219509 0.000810848 0.000282166 8.92414e-05 2.4435e-05 5.536e-06 1.0131e-06
 1.39053e-11 1.50995e-09 9.66683e-08 3.64875e-06 8.11978e-05 0.00106536 0.00824229 0.037623 0.101627 0.164889 0.172203 0.145965 0.133044 0.112331 0.0692742 0.0321211 0.013368 0.00531982 0.00192951 0.000641745 0.000197534 5.56528e-05 1.40495e-05 3.03887e-06 5.33391e-07
 1.36327e-11 1.48035e-09 9.47732e-08 3.57722e-06 7.9606e-05 0.00104448 0.00808078 0.0368871 0.0996582 0.161848 0.169744 0.145698 0.134832 0.114755 0.0712613 0.0334724 0.0141368 0.00562961 0.00199818 0.000633503 0.000180068 4.53473e-05 1.00778e-05 1.94758e-06 3.15532e-07
 1.2949e-11 1.4061e-09 9.002e-08 3.39781e-06 7.56136e-05 0.000992097 0.00767572 0.0350422 0.0947289 0.154289 0.163895 0.145905 0.140635 0.121632 0.0756953 0.0354508 0.0149353 0.00597505 0.00214253 0.000681486 0.000190053 4.54656e-05 9.2519e-06 1.58925e-06 2.2734e-07
 1.36873e-11 1.48628e-09 9.51528e-08 3.59155e-06 7.99249e-05 0.00104866 0.00811309 0.0370337 0.10004 0.162359 0.169768 0.14446 0.132496 0.112921 0.0713236 0.034939 0.0156017 0.00645642 0.00233806 0.000746892 0.000209482 5.00448e-05 9.94414e-06 1.61173e-06 2.09918e-07
 1.47394e-11 1.60052e-09 1.02467e-07 3.86761e-06 8.60683e-05 0.00112926 0.00873648 0.0398748 0.107655 0.174231 0.179908 0.147277 0.128344 0.105497 0.0631532 0.0274817 0.0104856 0.00400286 0.00146609 0.000486483 0.000139745 3.37154e-05 6.71995e-06 1.08026e-06 1.36347e-07
 1.53939e-11 1.67159e-09 1.07017e-07 4.03935e-06 8.98899e-05 0.0011794 0.00912422 0.041641 0.112374 0.181474 0.185539 0.147174 0.122962 0.0991297 0.0591091 0.0256704 0.00958982 0.00340009 0.00109695 0.000324751 8.97291e-05 2.19931e-05 4.4891e-06 7.31127e-07 9.23795e-08
 1.53853e-11 1.67066e-09 1.06957e-07 4.0371e-06 8.98401e-05 0.00117874 0.0091192 0.0416189 0.112327 0.18149 0.185991 0.148622 0.125241 0.100695 0.0585929 0.0237097 0.00781442 0.0024807 0.00075135 0.00020744 5.1481e-05 1.13315e-05 2.18488e-06 3.54059e-07 4.53957e-08
 1.57668e-11 1.71209e-09 1.09609e-07 4.13721e-06 9.20678e-05 0.00120797 0.0093452 0.0426481 0.115073 0.185672 0.189083 0.148036 0.121294 0.0964155 0.0563848 0.0233275 0.00795424 0.00252531 0.000713244 0.000175786 3.92647e-05 7.87429e-06 1.3699e-06 2.01518e-07 2.43623e-08
 1.64743e-11 1.78891e-09 1.14528e-07 4.32286e-06 9.61989e-05 0.00126217 0.00976435 0.0445574 0.120176 0.193516 0.195239 0.148104 0.115708 0.0895337 0.0515769 0.0207991 0.00679423 0.00209223 0.000592235 0.000146672 3.15028e-05 5.76229e-06 8.94922e-07 1.17826e-07 1.28301e-08
 1.64846e-11 1.79003e-09 1.14599e-07 4.32556e-06 9.62591e-05 0.00126296 0.00977047 0.0445856 0.120255 0.193673 0.19553 0.14866 0.116475 0.0900046 0.0512902 0.0199974 0.00608089 0.00172033 0.000456703 0.000108196 2.27301e-05 4.11122e-06 6.16882e-07 7.51592e-08 7.35079e-09
 1.74036e-11 1.88982e-09 1.20988e-07 4.56669e-06 0.000101625 0.00133336 0.0103149 0.0470654 0.126882 0.203843 0.203437 0.148505 0.108855 0.0808471 0.0452021 0.0171002 0.00486698 0.00125566 0.000305332 6.62444e-05 1.28098e-05 2.17993e-06 3.15144e-07 3.74031e-08 3.51852e-09
 1.84656e-11 2.00514e-09 1.28371e-07 4.84536e-06 0.000107826 0.00141471 0.0109441 0.0499309 0.134534 0.215552 0.212369 0.14776 0.0991866 0.069691 0.0384023 0.0145431 0.00416941 0.00107494 0.000253351 5.12157e-05 8.99588e-06 1.38665e-06 1.83136e-07 2.02211e-08 1.80939e-09
 1.81379e-11 1.96956e-09 1.26093e-07 4.75937e-06 0.000105913 0.00138961 0.0107499 0.0490471 0.132178 0.211975 0.209784 0.148462 0.102888 0.0736028 0.0402851 0.0146552 0.00379705 0.000849776 0.00018267 3.57354e-05 6.12455e-06 8.9604e-07 1.08751e-07 1.08633e-08 8.8338e-10
 1.85178e-11 2.01081e-09 1.28734e-07 4.85906e-06 0.000108131 0.00141871 0.010975 0.0500721 0.134916 0.216174 0.213025 0.148322 0.0996215 0.0697397 0.0377993 0.0135631 0.00338958 0.000705816 0.000137498 2.38305e-05 3.60101e-06 4.82844e-07 5.5763e-08 5.30019e-09 4.00852e-10
 1.90392e-11 2.06743e-09 1.32359e-07 4.99588e-06 0.000111176 0.00145866 0.0112839 0.0514792 0.138674 0.22193 0.217443 0.148046 0.0950098 0.0643469 0.0344106 0.0121707 0.00293594 0.000571867 0.000103539 1.67521e-05 2.3182e-06 2.77157e-07 2.82266e-08 2.40235e-09 1.67845e-10
 1.91268e-11 2.07694e-09 1.32968e-07 5.01886e-06 0.000111687 0.00146537 0.0113358 0.0517155 0.139307 0.222905 0.218224 0.148106 0.0943979 0.0635468 0.033791 0.0117819 0.00272661 0.000487167 7.97395e-05 1.18942e-05 1.52346e-06 1.67822e-07 1.56435e-08 1.19779e-09 7.41708e-11
 1.92091e-11 2.08588e-09 1.3354e-07 5.04047e-06 0.000112168 0.00147168 0.0113846 0.0519377 0.1399 0.223813 0.21892 0.148057 0.0936613 0.0626903 0.0332598 0.0115712 0.00266178 0.000468105 7.42768e-05 1.05082e-05 1.23863e-06 1.23512e-07 1.04833e-08 7.34881e-10 4.15192e-11
#obs catch len freq
 1.78322e-11 1.72281e-09 9.81319e-08 3.2955e-06 6.52493e-05 0.000761711 0.00524398 0.0213161 0.0514915 0.0764492 0.0809989 0.0875474 0.108043 0.11933 0.115456 0.104608 0.0861372 0.0631356 0.0411245 0.0230751 0.0105341 0.00363749 0.0008843 0.000143216 1.48915e-05
 1.38665e-11 1.29215e-09 7.09907e-08 2.29947e-06 4.39141e-05 0.000494507 0.00328531 0.0129158 0.0305306 0.0469208 0.0612741 0.0915505 0.130194 0.145333 0.136918 0.117926 0.0905092 0.0618171 0.0380483 0.0202049 0.00859711 0.00272856 0.000607254 9.02004e-05 8.62384e-06
 1.64992e-12 1.48038e-10 7.83116e-09 2.44254e-07 4.49295e-06 4.88075e-05 0.000315412 0.00125901 0.00364404 0.0107965 0.0338831 0.0816085 0.133856 0.162848 0.168643 0.151325 0.112243 0.0706377 0.0394869 0.0191803 0.00751516 0.00219237 0.000446287 6.04697e-05 5.27487e-06
 1.83434e-11 1.58212e-09 8.04521e-08 2.41198e-06 4.26338e-05 0.00044432 0.00273088 0.00991138 0.0213902 0.0284957 0.0280519 0.0334999 0.0608586 0.115424 0.173328 0.18829 0.15218 0.0982144 0.0527623 0.0234512 0.00828116 0.0021835 0.000403505 4.972e-05 3.94586e-06
 5.53049e-11 4.57828e-09 2.2345e-07 6.42985e-06 0.000109089 0.00109144 0.00644641 0.0226028 0.0484277 0.0721439 0.103591 0.16172 0.199356 0.160462 0.088678 0.0476677 0.0351455 0.0266194 0.0158642 0.00707204 0.00233599 0.000557778 9.26238e-05 1.02787e-05 7.37489e-07
 1.52975e-10 1.21369e-08 5.67719e-07 1.56566e-05 0.000254571 0.00244061 0.0138016 0.0461312 0.0921321 0.116094 0.11404 0.123912 0.140867 0.132667 0.102696 0.0649329 0.0311298 0.0118772 0.00451677 0.00177129 0.000569289 0.000129453 1.9808e-05 1.99002e-06 1.28586e-07
 2.77308e-10 2.10573e-08 9.42717e-07 2.48828e-05 0.000387224 0.00355297 0.0192269 0.0614558 0.116948 0.137958 0.119688 0.11015 0.115512 0.110087 0.091122 0.0628805 0.0330466 0.012851 0.00385905 0.00097682 0.000222263 4.24768e-05 5.93238e-06 5.51299e-07 3.26775e-08
 3.50538e-10 2.54431e-08 1.08879e-06 2.747e-05 0.000408621 0.00358401 0.0185446 0.0567526 0.104123 0.122367 0.11702 0.12613 0.136335 0.120603 0.0900596 0.0577853 0.0297377 0.0118424 0.00364493 0.000857348 0.000153072 2.10081e-05 2.20997e-06 1.69611e-07 8.85336e-09
 5.65546e-10 3.91898e-08 1.60109e-06 3.85657e-05 0.000547686 0.00458615 0.0226543 0.0661756 0.11578 0.129187 0.115991 0.118116 0.125983 0.115494 0.0898785 0.0564755 0.0265168 0.00931937 0.00257894 0.000567934 9.50758e-05 1.15045e-05 9.79027e-07 5.79392e-08 2.35749e-09
 8.87022e-10 5.86162e-08 2.2837e-06 5.24569e-05 0.000710416 0.00567302 0.0267258 0.0744806 0.124535 0.133808 0.118045 0.118794 0.122566 0.107903 0.0813263 0.0503753 0.0237745 0.00841632 0.00226875 0.000464408 7.06535e-05 7.7622e-06 5.95771e-07 3.09524e-08 1.06319e-09
 1.4636e-09 9.21347e-08 3.4195e-06 7.48244e-05 0.000965322 0.00734331 0.0329555 0.0874901 0.139346 0.142544 0.119583 0.114965 0.115147 0.0997891 0.0729687 0.0420296 0.0177013 0.00548826 0.00131783 0.000248364 3.52596e-05 3.58046e-06 2.50384e-07 1.17428e-08 3.61676e-10
 2.15274e-09 1.28968e-07 4.55522e-06 9.4859e-05 0.00116466 0.00843196 0.0360216 0.0911276 0.139037 0.139417 0.121256 0.121665 0.119596 0.0985605 0.0678416 0.0365575 0.0142398 0.00398868 0.000839762 0.000136699 1.69348e-05 1.53402e-06 9.73426e-08 4.16771e-09 1.16948e-10
 3.18402e-09 1.81365e-07 6.09072e-06 0.000120594 0.00140779 0.00969109 0.0393718 0.0948033 0.138256 0.134879 0.118719 0.121464 0.119898 0.0998057 0.0685905 0.0357448 0.013108 0.00338635 0.000644305 9.2877e-05 1.0022e-05 7.84638e-07 4.31955e-08 1.6239e-09 4.05679e-11
 4.58051e-09 2.4786e-07 7.9075e-06 0.000148735 0.00164949 0.0107878 0.0416515 0.0954638 0.133539 0.128865 0.118719 0.125916 0.123868 0.101884 0.0682965 0.034035 0.0117658 0.00283424 0.000496641 6.50013e-05 6.27758e-06 4.34107e-07 2.08912e-08 6.82776e-10 1.4828e-11
 5.85299e-09 3.00643e-07 9.10464e-06 0.000162562 0.00171139 0.0106264 0.0389806 0.0851886 0.115593 0.11518 0.119129 0.135796 0.135685 0.112576 0.0754319 0.0372732 0.0128783 0.00314304 0.000556131 7.14245e-05 6.52007e-06 4.13691e-07 1.79202e-08 5.20963e-10 9.98788e-12
 8.4685e-09 4.12625e-07 1.18534e-05 0.000200761 0.0020049 0.0118098 0.0411108 0.0853943 0.110944 0.108542 0.113862 0.132413 0.137542 0.119517 0.0809897 0.03902 0.0129728 0.00306181 0.000530576 6.73553e-05 6.06987e-06 3.75376e-07 1.55284e-08 4.21733e-10 7.41352e-12
 1.46403e-08 6.76255e-07 1.84167e-05 0.000295705 0.00279952 0.0156332 0.0515901 0.101577 0.124991 0.115475 0.114283 0.126837 0.127347 0.106811 0.0689139 0.0312234 0.0096884 0.00212715 0.000343921 4.1115e-05 3.52842e-06 2.09574e-07 8.35512e-09 2.18203e-10 3.66283e-12
 2.20949e-08 9.67034e-07 2.49535e-05 0.000379638 0.00340565 0.0180232 0.0564096 0.105728 0.125912 0.118189 0.12215 0.133049 0.125081 0.0974138 0.0590438 0.0255564 0.00769286 0.00164983 0.000258221 2.93153e-05 2.3533e-06 1.30113e-07 4.84118e-09 1.18629e-10 1.87737e-12
 3.17715e-08 1.31702e-06 3.21875e-05 0.000463803 0.00394081 0.0197567 0.058626 0.104598 0.120648 0.114943 0.123562 0.135909 0.127959 0.0989171 0.0581394 0.0240006 0.00686375 0.00140417 0.000210816 2.29895e-05 1.76378e-06 9.22992e-08 3.21633e-09 7.32333e-11 1.07283e-12
 4.86956e-08 1.9112e-06 4.42244e-05 0.000603355 0.004854 0.0230439 0.0647904 0.109826 0.121725 0.114553 0.123027 0.133695 0.124655 0.0950478 0.0545293 0.0219668 0.00618308 0.00124991 0.000183723 1.93106e-05 1.41141e-06 6.99476e-08 2.30018e-09 4.92352e-11 6.74847e-13
 7.32586e-08 2.72165e-06 5.96139e-05 0.000769876 0.00586313 0.0263549 0.0702331 0.113392 0.122058 0.116252 0.126426 0.134117 0.120599 0.0885862 0.0491541 0.0194 0.00544323 0.00110746 0.000163015 1.69206e-05 1.20301e-06 5.72227e-08 1.78665e-09 3.60292e-11 4.62921e-13
 1.12819e-07 3.96686e-06 8.22349e-05 0.00100514 0.00724516 0.0308297 0.0778412 0.119535 0.124232 0.117646 0.127572 0.133159 0.11708 0.0821924 0.0421575 0.0149411 0.00370466 0.000672194 9.11396e-05 9.00317e-06 6.1949e-07 2.85725e-08 8.5996e-10 1.65797e-11 2.0205e-13
 1.56989e-07 5.22392e-06 0.000102487 0.00118553 0.00808821 0.0325916 0.0781094 0.115092 0.119388 0.119919 0.134521 0.137511 0.116709 0.0791916 0.0395961 0.0138732 0.00342359 0.000607594 7.76846e-05 7.03326e-06 4.41118e-07 1.87463e-08 5.27385e-10 9.60193e-12 1.10995e-13
 2.67836e-07 8.43447e-06 0.0001566 0.00171432 0.0110682 0.0421991 0.0956122 0.132657 0.127719 0.117116 0.123604 0.124652 0.105893 0.0702725 0.0333767 0.0109426 0.00252743 0.000424585 5.1963e-05 4.50183e-06 2.66804e-07 1.05349e-08 2.7194e-10 4.52235e-12 4.78587e-14
 3.66509e-07 1.09234e-05 0.000191946 0.00198877 0.0121549 0.0439087 0.0946596 0.127321 0.126368 0.127622 0.137876 0.129504 0.0995945 0.060729 0.027206 0.00858733 0.00192668 0.000312546 3.64261e-05 2.97522e-06 1.65753e-07 6.15044e-09 1.4887e-10 2.3093e-12 2.26375e-14
 4.78735e-07 1.35049e-05 0.000224615 0.00220285 0.0127459 0.0436259 0.0894531 0.116334 0.117285 0.125961 0.141769 0.137707 0.108826 0.0656643 0.0279798 0.00821568 0.00170482 0.000257451 2.82174e-05 2.17799e-06 1.14425e-07 3.98292e-09 9.00093e-11 1.29999e-12 1.18493e-14
 7.01539e-07 1.87336e-05 0.000294946 0.00273826 0.0149999 0.0486287 0.0946401 0.117817 0.116392 0.124848 0.139899 0.135855 0.106709 0.0627034 0.0256369 0.00718097 0.00141366 0.000200414 2.03909e-05 1.45321e-06 7.0564e-08 2.27827e-09 4.78872e-11 6.43691e-13 5.4548e-15
 9.14184e-07 2.31117e-05 0.000344501 0.00302826 0.0157122 0.0483295 0.0899375 0.110405 0.115413 0.132886 0.148767 0.139193 0.104796 0.0593563 0.0237098 0.00659662 0.0012999 0.000182571 1.79891e-05 1.21377e-06 5.48995e-08 1.63553e-09 3.1589e-11 3.89932e-13 3.0383e-15
 1.49022e-06 3.56723e-05 0.00050347 0.00419036 0.0205841 0.0599165 0.105285 0.120988 0.116559 0.125799 0.138974 0.131717 0.0981745 0.0525514 0.0190742 0.00470894 0.000822714 0.000104937 9.68673e-06 6.23692e-07 2.69717e-08 7.62113e-10 1.38099e-11 1.58395e-13 1.13878e-15
#spawning biomass
 10879 10526.4 7999.9 7849.95 10324.1 16485.5 22211.7 30562.2 43518.1 54762.2 68126.7 86035.9 107091 125178 129932 137587 113573 121938 108341 110725 114035 111018 100921 129936 145783 138008 132134 120901 132891 206567 286312 219012 150111 99588.3 67987.1 49991.2 40350.6 35399.1 32931.4 31728.3 31151.3 30878 30749.8 30689.9 30662 30649.3 30643.6 30640.9 30639.8 30639.2 30639 30638.9 30638.8 30638.8 30638.8 30638.8 30638.8 30638.8 30638.8 30638.8 30638.8 30638.8 30638.8 30638.8 30638.8 30638.8 30638.8 30638.8 30638.8 30638.8 30638.8 30638.8 30638.8 30638.8 30638.8 30638.8 30638.8 30638.8 30638.8 30638.8 30638.8 30638.8 30638.8 30638.8 30638.8 30638.8 30638.8 30638.8 30638.8 30638.8 30638.8 30638.8 30638.8 30638.8 30638.8 30638.8 30638.8 30638.8 30638.8 30638.8 30638.8 30638.8 30638.8 30638.8 30638.8 30638.8 30638.8 30638.8 30638.8 30638.8 30638.8 30638.8 30638.8 30638.8 30638.8 30638.8 30638.8 30638.8 30638.8 30638.8 30638.8 30638.8 30638.8 30638.8 30638.8 30638.8 30638.8 30638.8 30638.8 0 0 0 0 0 0 0 0 0 0 0 0 0 0 0 0 0 0 0 0 0 0 0 0 0
