SBPRF35
0.436985
Curr Bio
96.482
B35
861.832
F35
1.10996
FOFL
0.539601
OFL
87.0397
Bzero
124853
#pred survey bio
 1348.43 916.111 673.284 523.297 481.534 439.774 398.887 397.799 383.835 357.634 359.918 359.448 354.3 372.881 391.187 387.131 395.476 392.491 382.527 380.937 346.271 331.734 311.207 319.551 323.559 337.79 352.821 366.623 377.058 356.988 327.035 321 362.185 370.422 366.79 351.099 349.531 337.14 327.332 334.819 332.928 352.952 335.278 335.809 325.909 316.684 308.266 301.293 315.856 313.027 311.233 310.126 218.003 227.275 233.324 259.855 270.819 250.371 246.312 258.747 254.58 278.932 324.648 367.567 279.207 299.522 232.165 232.092 237.853 226.578 228.614 242.288 262.203 259.46 301.162 302.857 340.749 432.542 478.045 294.197 311.935 360.444 332.645 347.245 349.224 363.753 374.166 386.56 376.337 385.943 399.991 437.771 470.084 532.886 188.915 197.552 571.063 168.89 387.766 55.5349 96.0004 15424.7 53293.5 635539 944132 1.03072e+006 1.05684e+006 1.06638e+006 1.07029e+006 1.07205e+006 1.07289e+006 1.07329e+006 1.07349e+006 1.07358e+006 1.07363e+006 1.07366e+006 1.07367e+006 1.07367e+006 1.07368e+006 1.07368e+006 1.07368e+006 1.07368e+006 1.07368e+006 1.07368e+006 1.07368e+006 1.07368e+006 1.07368e+006 1.07368e+006 1.07368e+006 1.07368e+006 1.07368e+006 1.07368e+006 1.07368e+006 1.07368e+006 1.07368e+006 1.07368e+006 1.07368e+006 1.07368e+006 1.07368e+006 1.07368e+006 1.07368e+006 1.07368e+006 1.07368e+006 1.07368e+006 1.07368e+006 1.07368e+006 1.07368e+006 1.07368e+006 1.07368e+006 1.07368e+006 1.07368e+006 1.07368e+006 1.07368e+006 1.07368e+006 1.07368e+006 1.07368e+006 1.07368e+006 1.07368e+006 1.07368e+006 1.07368e+006 1.07368e+006 1.07368e+006 1.07368e+006 1.07368e+006 1.07368e+006 1.07368e+006 1.07368e+006 1.07368e+006 1.07368e+006 1.07368e+006 1.07368e+006 1.07368e+006 1.07368e+006 1.07368e+006 1.07368e+006 1.07368e+006 1.07368e+006 1.07368e+006 1.07368e+006 1.07368e+006 1.07368e+006 1.07368e+006 1.07368e+006 1.07368e+006 1.07368e+006 1.07368e+006 1.07368e+006 1.07368e+006 1.07368e+006 1.07368e+006 1.07368e+006 1.07368e+006 1.07368e+006 1.07368e+006 1.07368e+006 1.07368e+006 1.07368e+006 1.07368e+006 1.07368e+006 1.07368e+006 1.07368e+006 0 0 0 0 0 0 0 0 0 0 0 0 0 0 0 0 0 0 0 0 0 0 0 0 0
#obs survey bio
 1442 859.351 768.376 436.024 585.366 389.796 309.943 604.839 410.964 523.762 456.03 305.303 508.545 379.637 467.62 511.285 424.096 432.949 389.024 400.746 675.256 403.921 429.883 346.539 435.589 351.18 417.364 573.622 576.072 309.735 299.073 355.257 484.834 465.793 454.477 411.508 392.368 291.564 357.872 381.324 541.124 353.915 311.802 297.71 420.129 421.616 312.526 290.797 280.576 264.53 287.928 199.484 318.243 263.024 258.041 241.13 221.888 247.55 244.66 258.417 209.34 250.505 202.294 245.199 165.726 190.397 231.063 201.036 236.42 201.631 204.166 304.309 170.983 186.149 191.371 158.914 228.833 231.052 224.487 169.294 237.168 225.385 247.919 181.715 193.386 245.178 193.381 177.141 279.712 272.862 183.556 234.961 173.155 224.894 195.03 210.245 233.284 237.484 426.771 37.3854 90.7088
#pred catch bio
 139.544 156.692 128.77 104.564 97.4256 92.493 62.0789 73.964 77.1498 65.542 61.7844 67.7809 60.5765 58.8096 67.6376 64.1713 74.5363 66.3013 66.0969 68.6051 58.4759 58.8119 57.1088 65.5061 64.0818 62.1045 72.5344 65.9886 63.1725 67.6192 66.2739 59.0777 61.4394 68.1521 66.649 59.9992 64.289 66.5042 58.0676 62.211 64.712 81.2351 74.9342 79.2977 82.8685 86.0059 89.301 87.0442 99.0872 98.7334 96.0617 85.3636 91.6097 95.0513 92.9599 94.8824 97.0792 92.534 92.2407 101.188 100.442 104.504 94.4683 96.1133 93.9963 96.023 105.095 107.116 112.346 114.913 106.043 113.408 131.621 115.623 147.922 143.605 148.365 162.989 159.722 144.45 144.971 162.559 161.524 181.875 175.717 174.83 179.986 175.31 181.316 162.174 158.359 169.971 175.156 174.193 141.584 177.341 0.00225852 0.00367281 307.726 17.2413 30.1974 87.0397 825.584 9450.96 14795.2 16083.5 16333 16378.3 16386.5 16388 16388.3 16388.3 16388.3 16388.3 16388.3 16388.3 16388.3 16388.3 16388.3 16388.3 16388.3 16388.3 16388.3 16388.3 16388.3 16388.3 16388.3 16388.3 16388.3 16388.3 16388.3 16388.3 16388.3 16388.3 16388.3 16388.3 16388.3 16388.3 16388.3 16388.3 16388.3 16388.3 16388.3 16388.3 16388.3 16388.3 16388.3 16388.3 16388.3 16388.3 16388.3 16388.3 16388.3 16388.3 16388.3 16388.3 16388.3 16388.3 16388.3 16388.3 16388.3 16388.3 16388.3 16388.3 16388.3 16388.3 16388.3 16388.3 16388.3 16388.3 16388.3 16388.3 16388.3 16388.3 16388.3 16388.3 16388.3 16388.3 16388.3 16388.3 16388.3 16388.3 16388.3 16388.3 16388.3 16388.3 16388.3 16388.3 16388.3 16388.3 16388.3 16388.3 16388.3 16388.3 16388.3 16388.3 16388.3 16388.3 16388.3 16388.3 16388.3 0 0 0 0 0 0 0 0 0 0 0 0 0 0 0 0 0 0 0 0 0 0 0 0 0
#obs catch bio
 0 163.502 128.338 110.916 98.9696 91.9811 67.4623 70.6905 76.4755 65.6944 66.8411 65.7632 60.8872 64.9962 66.0376 67.5192 73.0828 68.2298 66.5622 66.9855 62.5721 61.6529 59.896 67.1478 65.3544 63.8618 72.7646 64.8108 65.1853 66.7044 69.3855 60.3842 60.868 66.251 65.7061 62.866 67.7362 68.9224 62.6736 65.0031 62.1677 81.9233 77.3111 81.6335 85.7367 88.9283 93.4207 90.4461 101.521 99.0781 95.5334 94.8116 89.4527 93.7391 89.0701 92.7124 98.59 95.5754 92.9967 107.145 105.123 108.654 97.9791 101.643 103.44 108.892 112.521 107.81 108.434 116.871 115.193 118.409 131.93 119.252 151.913 141.599 147.617 177.517 174.374 154.146 161.582 173.878 175.433 184.208 185.312 180.673 185.104 181.86 180.688 175.793 176.122 185.152 192.868 188.907 180.824 168.663 0.00183574 0.00241673 384.229 19.187 31.3798
#pred cpue bio
 1288.38 858.535 620.033 466.588 424.505 394.557 349.745 348.92 340.196 310.789 310.771 317.403 310.336 324.235 343.495 344.201 348.308 341.773 343.004 342.824 303.317 287.538 271.811 279.428 284.725 299.392 303.715 317.392 328.897 312.02 288.053 280.919 320.878 315.891 316.339 308.248 304.045 292.845 281.425 291.737 283.052 301.553 281.851 285.289 277.163 264.528 249.274 242.115 254.777 255.297 256.76 268.337 161.04 150.852 150.233 135.929 150.313 129.587 134.292 146.55 136.838 143.898 167.394 215.364 155.165 196.508 148.513 144.122 137.502 115.169 115.077 116.447 125.422 107.318 140.007 148.789 164.983 169.135 284.97 187.017 162.524 177.213 161.255 177.211 167.938 188.216 175.865 194.213 184.005 198.107 300.098 358.078 399.428 459.206 141.738 94.6429 1.62007 178.874 288.046 18.2253 43.6339 8981.59 28313.5 340975 581873 660971 685719 694527 698044 699623 700370 700731 700907 700994 701037 701059 701069 701074 701077 701078 701079 701079 701079 701079 701079 701079 701079 701080 701080 701080 701080 701080 701080 701080 701080 701080 701080 701080 701080 701080 701080 701080 701080 701080 701080 701080 701080 701080 701080 701080 701080 701080 701080 701080 701080 701080 701080 701080 701080 701080 701080 701080 701080 701080 701080 701080 701080 701080 701080 701080 701080 701080 701080 701080 701080 701080 701080 701080 701080 701080 701080 701080 701080 701080 701080 701080 701080 701080 701080 701080 701080 701080 701080 701080 701080 701080 701080 701080 701080 701080 701080 0 0 0 0 0 0 0 0 0 0 0 0 0 0 0 0 0 0 0 0 0 0 0 0 0
#obs cpue bio
 553.674 747.177 508.406 420.597 267.769 467.655 309.198 281.22 296.525 235.602 271.059 345.503 326.315 254.348 358.822 351.115 251.018 374.958 225.801 349.863 253.488 247.202 291.502 295.261 252.226 298.168 254.877 283.518 349.802 286.096 328.578 299.496 327.7 221.321 272.426 332.489 314.974 258.922 363.128 263.326 217.709 295.054 357.529 212.331 224.357 211.439 238.108 183.13 182.617 235.876 184.029 156.245 168.314 132.972 166.031 160.863 165.283 117.498 157.159 139.178 143.745 120.819 185.821 90.365 159.802 155.378 143.419 154.815 143.445 131.034 125.838 127.585 139.216 120.465 141.261 192.025 251.913 241.578 140.721 161.528 157.143 298.16 200.345 208.172 199.89 350.578 207.898 195.144 180.227 165.888 343.724 122.794 217.718 211.972 260.094 226.59 175.323 432.749 335.798 19.0954 54.4477
#pred surv len freq
 2.04214e-026 2.35195e-020 4.10812e-015 9.78883e-011 3.1819e-007 0.000141096 0.00853517 0.0704339 0.0792933 0.0127821 0.0178564 0.0698078 0.0389899 0.026846 0.0645309 0.0335908 0.0401961 0.0395048 0.0532342 0.0657756 0.0674388 0.0702121 0.108882 0.105178 0.026771
 2.38781e-026 2.80533e-020 4.90002e-015 1.16758e-010 3.79526e-007 0.000168295 0.0101805 0.0840111 0.0945749 0.0145332 0.00174917 0.0306337 0.0887057 0.041296 0.0501146 0.0560326 0.0478658 0.04831 0.0436302 0.0550826 0.0708771 0.0818729 0.111155 0.0624579 0.00674845
 2.78713e-026 3.32862e-020 5.81405e-015 1.38537e-010 4.50322e-007 0.000199688 0.0120795 0.0996822 0.112217 0.0172343 0.000726906 0.0156831 0.0916941 0.0733312 0.0172564 0.0617332 0.0666476 0.0528326 0.0501823 0.0471215 0.0528262 0.0728282 0.0942852 0.0551368 0.0063021
 2.9418e-026 3.53128e-020 6.16803e-015 1.46972e-010 4.77739e-007 0.000211845 0.0128149 0.105751 0.119049 0.0182869 0.00138454 0.0295898 0.119248 0.0657291 0.0139421 0.0663613 0.0702551 0.0447357 0.0589026 0.050033 0.0473322 0.060632 0.0770126 0.0356429 0.00308429
 2.78964e-026 3.33185e-020 5.81969e-015 1.38672e-010 4.50758e-007 0.000199881 0.0120912 0.0997789 0.112325 0.0172512 0.000806178 0.0192576 0.113726 0.091771 0.0190343 0.0749358 0.0870938 0.0416151 0.0608086 0.0507766 0.0499617 0.0501646 0.0623563 0.0327152 0.00333014
 2.76643e-026 3.30142e-020 5.76655e-015 1.37405e-010 4.46642e-007 0.000198056 0.0119808 0.0988677 0.1113 0.0171 0.00178437 0.0360271 0.124135 0.0586629 0.0182725 0.09194 0.0844739 0.0567846 0.0672799 0.0516876 0.0500915 0.0491895 0.0499192 0.0189888 0.00131672
 2.95667e-026 3.55073e-020 6.20201e-015 1.47782e-010 4.8037e-007 0.000213012 0.0128855 0.106334 0.119704 0.0183966 0.00246444 0.043403 0.123589 0.0490308 0.0297236 0.0984297 0.0582947 0.0644622 0.069773 0.0588282 0.0501177 0.046993 0.037398 0.00953359 0.000425778
 3.09222e-026 3.72837e-020 6.51228e-015 1.55175e-010 5.04402e-007 0.000223669 0.0135301 0.111653 0.125693 0.0193212 0.00296496 0.0481869 0.123709 0.0449278 0.0357791 0.0969936 0.0545696 0.0677612 0.0614733 0.0629321 0.0535199 0.0446991 0.0271818 0.00473745 0.000142104
 2.71082e-026 3.22847e-020 5.63911e-015 1.34369e-010 4.36772e-007 0.000193679 0.011716 0.0966828 0.10884 0.016753 0.0046539 0.0657802 0.137175 0.0419267 0.0477759 0.101365 0.0544076 0.070697 0.0616149 0.061514 0.0559511 0.0425096 0.0183694 0.00203607 3.80434e-005
 3.30629e-026 4.00885e-020 7.0022e-015 1.66849e-010 5.42348e-007 0.000240495 0.014548 0.120053 0.135149 0.0208191 0.00602653 0.0663924 0.10761 0.0298494 0.0658136 0.0977609 0.0547164 0.0693947 0.0586611 0.0568897 0.0512447 0.0344143 0.0097817 0.000627729 6.62833e-006
 2.73119e-026 3.25518e-020 5.68577e-015 1.35481e-010 4.40386e-007 0.000195282 0.011813 0.0974828 0.109741 0.0168645 0.00234983 0.0465645 0.148142 0.0664907 0.0428344 0.0955198 0.058569 0.0762362 0.0636005 0.0592864 0.0530421 0.0381868 0.0121386 0.000930207 1.2353e-005
 2.89644e-026 3.47176e-020 6.06407e-015 1.44495e-010 4.69686e-007 0.000208275 0.0125989 0.103969 0.117042 0.0180144 0.00456879 0.0595574 0.115442 0.0334545 0.0513087 0.118692 0.066078 0.072308 0.0666166 0.0626732 0.0532225 0.0347707 0.00895565 0.000513824 5.00273e-006
 2.90954e-026 3.48891e-020 6.09403e-015 1.45209e-010 4.72007e-007 0.000209304 0.0126612 0.104482 0.11762 0.0181046 0.00477625 0.0634306 0.124846 0.037819 0.0546157 0.0921882 0.0566401 0.0857666 0.0689751 0.0636298 0.0542639 0.0323986 0.00722354 0.000345719 2.76867e-006
 2.89307e-026 3.46734e-020 6.05634e-015 1.44311e-010 4.69088e-007 0.000208009 0.0125829 0.103836 0.116893 0.0179779 0.00365257 0.0549674 0.125823 0.042713 0.051637 0.101014 0.0580662 0.0722656 0.0702515 0.0693906 0.0570048 0.0338584 0.00749378 0.00036079 2.92186e-006
 2.56916e-026 3.04286e-020 5.31491e-015 1.26644e-010 4.11662e-007 0.000182544 0.0110425 0.0911245 0.102583 0.015775 0.00318666 0.0520712 0.129496 0.046418 0.0457133 0.105822 0.0634398 0.0799088 0.0698171 0.071022 0.0643065 0.0386546 0.0089685 0.000463854 4.0937e-006
 2.74598e-026 3.27459e-020 5.71968e-015 1.36289e-010 4.43012e-007 0.000196446 0.0118834 0.0980641 0.110395 0.0170045 0.00516822 0.0617726 0.108195 0.0302439 0.0583676 0.104748 0.0610116 0.0812519 0.0731095 0.0711058 0.0641232 0.036203 0.00687753 0.0002763 1.85905e-006
 2.98656e-026 3.58989e-020 6.2704e-015 1.49411e-010 4.85668e-007 0.000215361 0.0130276 0.107506 0.121025 0.0186108 0.00345897 0.0512446 0.116733 0.0398338 0.0492854 0.0890767 0.0557624 0.0799232 0.0715812 0.0717363 0.0644224 0.038482 0.00774477 0.000327433 2.32927e-006
 2.84764e-026 3.4078e-020 5.95236e-015 1.41833e-010 4.61034e-007 0.000204438 0.0123668 0.102053 0.114886 0.017674 0.00404578 0.0595085 0.13143 0.04246 0.0461382 0.0958812 0.0561511 0.0686982 0.06696 0.0701063 0.0640419 0.0389688 0.0080743 0.00034766 2.50143e-006
 2.56615e-026 3.0389e-020 5.308e-015 1.26479e-010 4.11126e-007 0.000182307 0.0110281 0.091006 0.102449 0.0157625 0.00384337 0.0573537 0.127733 0.0422034 0.0537715 0.110446 0.0600676 0.0746298 0.0657162 0.0678389 0.0657438 0.0410845 0.00875025 0.000386844 2.84112e-006
 2.846e-026 3.40568e-020 5.94865e-015 1.41745e-010 4.60747e-007 0.000204311 0.0123591 0.10199 0.114815 0.0176616 0.00373501 0.0523205 0.110981 0.0355048 0.0511539 0.101787 0.0621483 0.0836665 0.0697406 0.0673538 0.064278 0.0412096 0.00871035 0.000377523 2.70318e-006
 2.89093e-026 3.46449e-020 6.05137e-015 1.44192e-010 4.68703e-007 0.000207839 0.0125726 0.103751 0.116797 0.0180454 0.00844168 0.0814998 0.112433 0.0277712 0.0617601 0.081312 0.0586325 0.0776641 0.0730849 0.0684643 0.0601094 0.0323015 0.005003 0.00014719 6.93563e-007
 2.83002e-026 3.38468e-020 5.91197e-015 1.40871e-010 4.57906e-007 0.000203051 0.0122829 0.101361 0.114107 0.0175734 0.00530641 0.06652 0.12232 0.0383242 0.0713928 0.0917527 0.0554261 0.068498 0.0684921 0.0699808 0.0600967 0.0313768 0.00484421 0.000141401 6.57216e-007
 2.74521e-026 3.2735e-020 5.71776e-015 1.36243e-010 4.42864e-007 0.000196381 0.0118794 0.0980314 0.110358 0.0170467 0.00795701 0.0796435 0.113959 0.0308833 0.0758707 0.0958136 0.0680903 0.0722505 0.0636662 0.0665356 0.0580115 0.0264078 0.00332083 7.70163e-005 2.80394e-007
 2.79058e-026 3.33304e-020 5.82177e-015 1.38721e-010 4.5092e-007 0.000199953 0.0120955 0.0998146 0.112366 0.0172737 0.0028311 0.0469976 0.122046 0.0473821 0.0573511 0.102629 0.0630828 0.0814638 0.0705665 0.0643896 0.0597653 0.0337701 0.0057804 0.000194281 1.05343e-006
 2.60355e-026 3.08793e-020 5.39363e-015 1.2852e-010 4.17758e-007 0.000185248 0.011206 0.0924741 0.104102 0.0160163 0.00384594 0.0573626 0.127863 0.0414634 0.045952 0.105556 0.0669451 0.0806586 0.073213 0.0700666 0.0601545 0.0358601 0.0068172 0.000256521 1.5705e-006
 3.17676e-026 3.83918e-020 6.70583e-015 1.59787e-010 5.19393e-007 0.000230316 0.0139323 0.114972 0.129429 0.0198942 0.00281746 0.0441565 0.110791 0.0403715 0.0444225 0.101995 0.0569267 0.0748567 0.0707061 0.0685632 0.060305 0.0370906 0.00816642 0.00037012 2.75425e-006
 3.0884e-026 3.7233e-020 6.50343e-015 1.54964e-010 5.03717e-007 0.000223365 0.0135118 0.111502 0.125522 0.0193223 0.00519896 0.068364 0.132982 0.0381596 0.0432996 0.085383 0.0529942 0.0727981 0.0644734 0.066242 0.0586795 0.0342136 0.00684691 0.000281265 1.88809e-006
 2.72883e-026 3.25207e-020 5.68034e-015 1.35351e-010 4.39965e-007 0.000195095 0.0118017 0.0973897 0.109636 0.0168615 0.00358756 0.0576217 0.140044 0.0498689 0.0549446 0.11154 0.0550247 0.0638946 0.061373 0.0631671 0.058525 0.0362524 0.00790394 0.000364975 2.80343e-006
 2.837e-026 3.39388e-020 5.92804e-015 1.41254e-010 4.59151e-007 0.000203603 0.0123163 0.101637 0.114417 0.0175936 0.00326121 0.0503643 0.119621 0.0414727 0.0491743 0.114385 0.0676721 0.0814437 0.0620328 0.0600163 0.0577761 0.0375679 0.00862155 0.000421224 3.45255e-006
 2.75877e-026 3.29137e-020 5.74897e-015 1.36987e-010 4.45281e-007 0.000197453 0.0119443 0.0985665 0.110961 0.0170548 0.00255037 0.0449667 0.125764 0.0497666 0.0386282 0.100495 0.0621485 0.0838195 0.0764416 0.06651 0.0575847 0.040965 0.0109856 0.000643971 6.41677e-006
 2.68152e-026 3.1901e-020 5.57209e-015 1.32772e-010 4.31581e-007 0.000191377 0.0115768 0.0955338 0.107547 0.0165523 0.00434699 0.0600385 0.122921 0.0371359 0.0478152 0.106185 0.0591611 0.0757141 0.0733033 0.0736802 0.0601804 0.0383391 0.00929738 0.000476472 4.07379e-006
 3.2154e-026 3.88978e-020 6.79422e-015 1.61893e-010 5.2624e-007 0.000233352 0.0141159 0.116487 0.131135 0.0201741 0.00425093 0.0560136 0.111818 0.0345132 0.0542515 0.0961776 0.0538269 0.0738358 0.0644101 0.0669591 0.0594359 0.0345436 0.0074743 0.000341476 2.57467e-006
 3.00323e-026 3.61174e-020 6.30858e-015 1.50321e-010 4.88625e-007 0.000216672 0.0131069 0.108161 0.121761 0.0187005 0.000900174 0.0212774 0.121458 0.0950351 0.0265567 0.0827372 0.0671781 0.0642798 0.0655468 0.063185 0.0612121 0.0486539 0.0181961 0.00180431 3.28211e-005
 2.9259e-026 3.51033e-020 6.13145e-015 1.461e-010 4.74905e-007 0.000210589 0.0127389 0.105124 0.118343 0.0182403 0.00636784 0.0735534 0.123275 0.0297797 0.0360796 0.106581 0.0631102 0.0676788 0.0636372 0.0629323 0.0589498 0.0414341 0.0112615 0.000694938 7.44571e-006
 2.82846e-026 3.38264e-020 5.90841e-015 1.40786e-010 4.5763e-007 0.000202929 0.0122755 0.1013 0.114038 0.0175516 0.00458634 0.0625543 0.126569 0.0403313 0.0637161 0.0992413 0.048472 0.0780688 0.0653013 0.0614752 0.0568561 0.0378212 0.00915773 0.000476437 4.20295e-006
 2.97277e-026 3.5718e-020 6.2388e-015 1.48658e-010 4.8322e-007 0.000214276 0.012962 0.106965 0.120415 0.0185136 0.00320496 0.0503112 0.122573 0.0437763 0.0499431 0.105476 0.063499 0.0741947 0.061947 0.0634454 0.0553744 0.037251 0.0094154 0.00051357 4.72675e-006
 2.84867e-026 3.40914e-020 5.95469e-015 1.41889e-010 4.61215e-007 0.000204518 0.0123717 0.102094 0.114931 0.0176872 0.00449393 0.0622794 0.12832 0.0390863 0.0472481 0.096686 0.0600078 0.0809077 0.0695059 0.0633109 0.0566091 0.0356125 0.00823678 0.000403354 3.28973e-006
 2.97247e-026 3.57138e-020 6.23807e-015 1.48641e-010 4.83164e-007 0.000214251 0.0129605 0.106952 0.120401 0.0185305 0.00467076 0.0616028 0.120901 0.03678 0.0581322 0.101868 0.0551975 0.0719917 0.0683637 0.0659384 0.0553964 0.0329333 0.00686571 0.000298387 2.14234e-006
 3.07741e-026 3.70892e-020 6.47831e-015 1.54365e-010 5.01771e-007 0.000222502 0.0134596 0.111071 0.125037 0.0192326 0.00401262 0.05816 0.127841 0.041946 0.0520978 0.098112 0.0577731 0.0731986 0.061454 0.0624641 0.0549462 0.031998 0.00667767 0.000293621 2.14509e-006
 3.22076e-026 3.89679e-020 6.80646e-015 1.62185e-010 5.27188e-007 0.000233773 0.0141414 0.116697 0.131371 0.0201979 0.00343435 0.0533073 0.12873 0.0450447 0.0456773 0.100199 0.0574788 0.0701524 0.0619075 0.0586301 0.0528223 0.0324571 0.00717153 0.000342868 2.75918e-006
 2.97242e-026 3.57131e-020 6.23794e-015 1.48638e-010 4.83154e-007 0.000214246 0.0129602 0.10695 0.120398 0.018518 0.00394214 0.0605409 0.140668 0.047107 0.0448322 0.100602 0.0574275 0.0719555 0.0625418 0.0592044 0.0518851 0.032525 0.00736529 0.000359494 2.96916e-006
 3.24323e-026 3.92623e-020 6.85788e-015 1.6341e-010 5.3117e-007 0.000235539 0.0142482 0.117579 0.132363 0.0203532 0.00365324 0.0542372 0.124358 0.0418701 0.0503117 0.109437 0.0576716 0.0687796 0.0602412 0.0572675 0.0493707 0.0306626 0.00701243 0.000344502 2.85466e-006
 2.8773e-026 3.44661e-020 6.02014e-015 1.43448e-010 4.66284e-007 0.000206766 0.0125077 0.103216 0.116194 0.0178905 0.00535595 0.0727286 0.144863 0.0430902 0.0539984 0.10252 0.0581587 0.0744797 0.0594414 0.0550584 0.0468895 0.0274393 0.00570976 0.000250343 1.82947e-006
 3.16606e-026 3.82509e-020 6.68123e-015 1.59201e-010 5.17488e-007 0.000229471 0.0138812 0.11455 0.128954 0.0198255 0.00329656 0.0513635 0.124915 0.044958 0.0568323 0.11811 0.0606813 0.0699012 0.0602429 0.0545207 0.044732 0.0267806 0.00593826 0.000284902 2.30144e-006
 3.23122e-026 3.91044e-020 6.8303e-015 1.62753e-010 5.29034e-007 0.000234591 0.0141909 0.117106 0.131831 0.0202924 0.0053271 0.0696278 0.134917 0.0391894 0.0516112 0.0998184 0.0603742 0.076309 0.0583271 0.0518155 0.0414778 0.0228418 0.00451834 0.0001893 1.32484e-006
 3.47989e-026 4.23634e-020 7.39955e-015 1.76317e-010 5.73125e-007 0.000254143 0.0153736 0.126866 0.142818 0.0219568 0.0036417 0.0569708 0.139158 0.0495372 0.0509193 0.103408 0.0531215 0.0637153 0.0572302 0.0502098 0.0385563 0.0215165 0.00453547 0.00021002 1.6484e-006
 3.51714e-026 4.2851e-020 7.48471e-015 1.78346e-010 5.79721e-007 0.000257068 0.0155505 0.128326 0.144462 0.0222499 0.00667383 0.0810131 0.144234 0.0392579 0.0567521 0.101455 0.0541616 0.0611596 0.0476453 0.0438661 0.0333754 0.0165301 0.00291964 0.000109705 6.90646e-007
 3.39752e-026 4.12829e-020 7.21082e-015 1.7182e-010 5.58507e-007 0.000247661 0.0149815 0.12363 0.139176 0.0214471 0.00727705 0.0860587 0.148032 0.042046 0.0759941 0.106747 0.0520465 0.0589137 0.0445516 0.0367281 0.0276245 0.0125489 0.00188981 5.93336e-005 3.10094e-007
 3.24016e-026 3.92211e-020 6.85069e-015 1.63238e-010 5.30613e-007 0.000235292 0.0142332 0.117455 0.132225 0.0203435 0.00482881 0.0700562 0.152097 0.0503971 0.0693992 0.118565 0.0626926 0.0666877 0.0458814 0.035921 0.0252576 0.011791 0.00187008 6.28952e-005 3.57151e-007
 3.26152e-026 3.9501e-020 6.89957e-015 1.64403e-010 5.344e-007 0.000236971 0.0143348 0.118294 0.133168 0.0204984 0.00551495 0.0739414 0.146671 0.0443548 0.0645548 0.118483 0.0649956 0.0719767 0.0513332 0.036552 0.023279 0.0101929 0.0015664 5.10461e-005 2.80896e-007
 3.06231e-026 3.689e-020 6.44351e-015 1.53536e-010 4.99076e-007 0.000221307 0.0133873 0.110474 0.124366 0.0191643 0.00670358 0.0828687 0.148688 0.0426953 0.0736944 0.116066 0.0615493 0.0723021 0.0548287 0.0399554 0.0229899 0.00880459 0.00120559 3.51303e-005 1.72187e-007
 2.05637e-026 2.3706e-020 4.1407e-015 9.86646e-011 3.20714e-007 0.000142215 0.00860286 0.0709924 0.0799196 0.0124423 0.0119654 0.110579 0.142716 0.0390546 0.108178 0.119913 0.0752557 0.0801503 0.0615579 0.0458714 0.0245958 0.00733523 0.000713797 1.42998e-005 4.74406e-008
 2.56553e-026 3.03735e-020 5.30529e-015 1.26415e-010 4.10916e-007 0.000182214 0.0110226 0.0910223 0.107639 0.0753987 0.0932676 0.0344639 0.110084 0.120265 0.0899562 0.0964344 0.0746284 0.0559036 0.0306334 0.00837244 0.000713295 1.27017e-005 3.79732e-008 1.72739e-011 1.1425e-015
 3.71187e-026 4.54025e-020 7.93038e-015 1.88965e-010 6.1424e-007 0.000272374 0.0164764 0.135967 0.153064 0.0235676 0.00601248 0.0680497 0.132197 0.112056 0.0762653 0.096889 0.0742031 0.0509859 0.0348152 0.0160541 0.00298182 0.000141782 1.28868e-006 1.91032e-009 4.26591e-013
 4.11662e-026 5.07068e-020 8.85688e-015 2.11042e-010 6.86001e-007 0.000304196 0.0184014 0.151852 0.170946 0.0263028 0.00597665 0.0793361 0.158277 0.0479926 0.0595563 0.113949 0.0726215 0.0449646 0.0287969 0.0153028 0.00491105 0.000497362 1.0738e-005 4.04342e-008 2.39223e-011
 4.18734e-026 5.16339e-020 9.01882e-015 2.14901e-010 6.98544e-007 0.000309758 0.0187378 0.154628 0.174071 0.0267467 0.00298573 0.055296 0.171959 0.0749648 0.0444999 0.110178 0.0565098 0.0507025 0.0344845 0.0159816 0.00654101 0.00132896 7.27169e-005 7.59296e-007 1.30302e-009
 4.14102e-026 5.10264e-020 8.9127e-015 2.12372e-010 6.90324e-007 0.000306113 0.0185173 0.152809 0.172023 0.0264786 0.00679507 0.0871062 0.165851 0.0462323 0.0538096 0.118918 0.0563253 0.0496076 0.0266953 0.0130099 0.00453064 0.000922862 6.09788e-005 8.22657e-007 1.85397e-009
 4.43022e-026 5.48161e-020 9.57464e-015 2.28145e-010 7.41595e-007 0.000328848 0.0198926 0.164158 0.1848 0.028497 0.00992547 0.101232 0.149941 0.0386345 0.0778069 0.0986765 0.0437222 0.0464398 0.0225541 0.00983948 0.00301431 0.000507236 2.91569e-005 3.65947e-007 7.84218e-010
 4.33203e-026 5.35295e-020 9.34991e-015 2.2279e-010 7.24188e-007 0.000321129 0.0194257 0.160305 0.180462 0.0277591 0.00581865 0.0820916 0.175568 0.0568744 0.0655541 0.0991049 0.0474854 0.044961 0.0213593 0.00967925 0.0027535 0.000448334 2.75736e-005 4.17388e-007 1.17043e-009
 4.47881e-026 5.54537e-020 9.686e-015 2.30798e-010 7.5022e-007 0.000332673 0.020124 0.166067 0.186949 0.0287312 0.003744 0.0628153 0.171292 0.066158 0.0480571 0.112938 0.0550902 0.0412683 0.0224559 0.0102125 0.00317419 0.000551574 3.81667e-005 7.31907e-007 2.85997e-009
 4.562e-026 5.65437e-020 9.87639e-015 2.35335e-010 7.64966e-007 0.000339212 0.0205196 0.169331 0.190623 0.0293038 0.00456531 0.0716414 0.177168 0.0617336 0.0414093 0.10402 0.0512855 0.0412826 0.0233653 0.00969847 0.00311099 0.000560651 3.98399e-005 7.92462e-007 3.37003e-009
 4.90086e-026 6.09847e-020 1.06521e-014 2.53818e-010 8.25047e-007 0.000365854 0.0221312 0.182631 0.205595 0.0315994 0.00422689 0.0663597 0.16849 0.0604246 0.0417822 0.100704 0.0461492 0.0359288 0.0211215 0.00912837 0.00281449 0.00050842 3.78339e-005 7.88418e-007 3.53496e-009
 4.51198e-026 5.58882e-020 9.7619e-015 2.32607e-010 7.56098e-007 0.000335279 0.0202817 0.167368 0.188414 0.0289463 0.00275678 0.0541566 0.186034 0.0882352 0.0330656 0.0975814 0.0556238 0.0380942 0.0245662 0.0102764 0.00351091 0.000691477 6.00211e-005 1.59583e-006 9.51789e-009
 1.91621e-026 2.18681e-020 3.81967e-015 9.10152e-011 2.95849e-007 0.000131189 0.00793589 0.0654884 0.0737233 0.0114324 0.0104655 0.128914 0.221684 0.056474 0.073285 0.157242 0.0706909 0.0645326 0.0360359 0.0162719 0.0048247 0.000812983 5.44498e-005 1.03247e-006 4.23733e-009
 3.85762e-026 4.73093e-020 8.26343e-015 1.96901e-010 6.40036e-007 0.000283814 0.0171684 0.141697 0.161756 0.0589993 0.0723437 0.0280262 0.0930784 0.154058 0.0771122 0.0990619 0.0573303 0.0287592 0.00882458 0.00141148 8.69268e-005 1.48355e-006 5.42215e-009 3.60814e-012 3.95449e-016
 2.30051e-026 2.69038e-020 4.69923e-015 1.11974e-010 3.63975e-007 0.000161399 0.00976331 0.0805686 0.0907006 0.0143368 0.022042 0.158992 0.177809 0.0890359 0.0680906 0.123227 0.0870744 0.0536635 0.0201649 0.00404354 0.000319269 7.31151e-006 3.75372e-008 3.61668e-011 5.86662e-015
 3.85738e-026 4.73062e-020 8.26289e-015 1.96888e-010 6.39994e-007 0.000283795 0.0171673 0.141671 0.160271 0.0474348 0.0914537 0.0533748 0.0710359 0.158842 0.0922195 0.0735174 0.0613865 0.0257976 0.00517346 0.000363038 6.77323e-006 2.68892e-008 1.95639e-011 2.3699e-015 4.49927e-020
 4.58343e-026 5.68237e-020 9.9253e-015 2.365e-010 7.68755e-007 0.000340891 0.0206212 0.17017 0.191568 0.029521 0.00912106 0.0968743 0.156531 0.0805637 0.0622135 0.0703485 0.063763 0.0310224 0.01444 0.00274402 0.000155084 2.05709e-006 5.38035e-009 2.46855e-012 1.84219e-016
 4.91462e-026 6.11649e-020 1.06836e-014 2.54568e-010 8.27486e-007 0.000366935 0.0221966 0.18317 0.206203 0.0316828 0.003325 0.0593574 0.180591 0.0774529 0.045665 0.097236 0.0475964 0.0226854 0.0153716 0.00590055 0.0011369 6.10987e-005 6.92663e-007 1.44862e-009 5.11467e-013
 5.16304e-026 6.44202e-020 1.12522e-014 2.68117e-010 8.71527e-007 0.000386464 0.0233779 0.192919 0.217177 0.033384 0.00492734 0.07602 0.186432 0.0638107 0.0331031 0.0868768 0.0415531 0.0233234 0.011409 0.00397092 0.0011896 0.000134314 3.71548e-006 1.92791e-008 1.68112e-011
 5.44206e-026 6.80765e-020 1.18908e-014 2.83335e-010 9.20992e-007 0.000408399 0.0247048 0.203869 0.229504 0.0352984 0.006661 0.0894659 0.184374 0.0543764 0.0407868 0.0806573 0.0276182 0.013698 0.00623109 0.00184614 0.000436495 6.08739e-005 2.58696e-006 2.21933e-008 3.23498e-011
 5.14093e-026 6.41296e-020 1.12014e-014 2.66908e-010 8.67594e-007 0.00038472 0.0232725 0.192049 0.216198 0.0332836 0.00873239 0.107225 0.19519 0.0524123 0.0488336 0.0772288 0.0244254 0.014286 0.00490695 0.00128749 0.000253621 2.87664e-005 1.28831e-006 1.35424e-008 2.51807e-011
 5.04605e-026 6.28862e-020 1.09842e-014 2.61733e-010 8.50773e-007 0.000377261 0.0228213 0.188325 0.212006 0.0326268 0.00780677 0.100277 0.192581 0.0552189 0.0571299 0.0876928 0.0256993 0.0122304 0.00402966 0.000998273 0.000162078 1.52789e-005 6.01575e-007 6.64509e-009 1.46203e-011
 5.39748e-026 6.74915e-020 1.17886e-014 2.809e-010 9.13078e-007 0.000404889 0.0244925 0.202117 0.227532 0.0351221 0.013543 0.124343 0.164753 0.0372451 0.0627483 0.0711063 0.0210755 0.0119809 0.00290626 0.000552677 7.21413e-005 4.9093e-006 1.31249e-007 9.97657e-010 1.60907e-012
 5.2507e-026 6.55677e-020 1.14526e-014 2.72893e-010 8.87051e-007 0.000393348 0.0237944 0.196356 0.221046 0.0341549 0.0148994 0.131486 0.166483 0.0405704 0.0734975 0.0628101 0.0198207 0.0115584 0.00263937 0.000447258 4.12011e-005 2.03642e-006 3.83334e-008 2.00627e-010 2.29344e-013
 5.34501e-026 6.68037e-020 1.16685e-014 2.78037e-010 9.03772e-007 0.000400763 0.0242429 0.200057 0.225213 0.0347839 0.0145096 0.130941 0.169922 0.041415 0.0701319 0.0596261 0.017665 0.00863922 0.00205179 0.000367067 3.09226e-005 1.15226e-006 1.57477e-008 6.12881e-011 5.27507e-014
 5.6118e-026 7.03e-020 1.22792e-014 2.92589e-010 9.51073e-007 0.000421737 0.0255117 0.210527 0.237001 0.0368005 0.0215445 0.145693 0.139797 0.033928 0.0722301 0.0483279 0.0177655 0.00832958 0.00181086 0.000287545 2.25919e-005 6.72633e-007 6.10227e-009 1.44827e-011 7.57479e-015
 5.62338e-026 7.0452e-020 1.23057e-014 2.93222e-010 9.53129e-007 0.000422649 0.0255669 0.210983 0.237513 0.0367397 0.0167583 0.131698 0.148431 0.0388524 0.071035 0.0466897 0.0214234 0.0108078 0.00263094 0.000415667 3.06171e-005 8.90663e-007 7.45284e-009 1.45993e-011 5.93999e-015
 3.36203e-026 4.08144e-020 7.12898e-015 1.6987e-010 5.52168e-007 0.00024485 0.0148114 0.122227 0.137597 0.0215661 0.0250494 0.189686 0.200158 0.0517405 0.106008 0.0739581 0.0348313 0.0168499 0.00448971 0.000730357 5.17851e-005 1.3565e-006 1.03043e-008 1.81111e-011 6.24858e-015
 4.65469e-026 5.77438e-020 1.0086e-014 2.4033e-010 7.81205e-007 0.000346429 0.0209731 0.175371 0.239958 0.144394 0.0486227 0.0914957 0.132619 0.0667244 0.053167 0.0205093 0.00518711 0.000604336 2.64504e-005 3.39325e-007 1.06811e-009 7.02824e-013 8.53118e-017 1.75257e-021 8.25503e-027
 5.78287e-026 7.25411e-020 1.26706e-014 3.01917e-010 9.81392e-007 0.000435182 0.026325 0.217239 0.244574 0.040266 0.0545845 0.161043 0.104763 0.0476537 0.0569267 0.0317609 0.0121427 0.00213907 0.000142938 2.80944e-006 1.32453e-008 1.29305e-011 2.3587e-015 7.4284e-020 3.82944e-025
 5.5811e-026 6.98971e-020 1.22088e-014 2.90912e-010 9.45622e-007 0.00041932 0.0253655 0.209321 0.235644 0.0370256 0.0325058 0.164108 0.11956 0.0535343 0.071517 0.0302539 0.0148457 0.00513452 0.000731637 3.27564e-005 3.67718e-007 8.7435e-010 3.90579e-013 3.02785e-017 3.85956e-022
 5.78162e-026 7.25252e-020 1.26679e-014 3.0185e-010 9.81177e-007 0.000435087 0.0263192 0.217191 0.244506 0.03866 0.0371013 0.161827 0.100987 0.0452286 0.0729669 0.0330602 0.0162278 0.00452548 0.000891078 7.11441e-005 1.43627e-006 6.04866e-009 4.72235e-012 6.31465e-016 1.36951e-020
 5.85512e-026 7.34888e-020 1.28362e-014 3.05861e-010 9.94213e-007 0.000440868 0.0266689 0.220077 0.247751 0.0384588 0.0215805 0.143111 0.135657 0.0416233 0.0661124 0.0329775 0.0177575 0.00639096 0.00125638 0.000130689 5.27527e-006 5.08957e-008 9.17238e-011 2.80696e-014 1.38186e-018
 5.55376e-026 6.95388e-020 1.21462e-014 2.89421e-010 9.40775e-007 0.000417171 0.0252355 0.208248 0.234435 0.0365872 0.0274755 0.166433 0.142243 0.0364234 0.0657902 0.0352418 0.014516 0.00547359 0.00131537 0.000156428 7.14606e-006 9.81687e-008 2.92355e-010 1.52318e-013 1.26489e-017
 5.89395e-026 7.39975e-020 1.2925e-014 3.07978e-010 1.00109e-006 0.000443919 0.0268535 0.2216 0.249467 0.0390677 0.0301063 0.154689 0.112863 0.0389683 0.072708 0.0323009 0.0146719 0.00509155 0.00103395 0.000127591 6.18122e-006 8.55606e-008 2.74792e-010 1.69434e-013 1.74349e-017
 6.13195e-026 7.7117e-020 1.34699e-014 3.20961e-010 1.0433e-006 0.000462633 0.0279856 0.230942 0.259983 0.0403183 0.0208206 0.138671 0.132125 0.0362738 0.0590498 0.0306695 0.0154928 0.00577677 0.00126177 0.000157538 8.59927e-006 1.50667e-007 6.16709e-010 4.96439e-013 7.05028e-017
 5.63512e-026 7.06052e-020 1.23325e-014 2.93859e-010 9.55202e-007 0.000423568 0.0256225 0.211441 0.23803 0.0369569 0.0221818 0.15532 0.154235 0.0368473 0.0618993 0.0364077 0.0137145 0.00542879 0.00130448 0.000175877 1.01916e-005 1.97898e-007 9.81457e-010 9.90665e-013 1.77009e-016
 5.67688e-026 7.11524e-020 1.24281e-014 2.96136e-010 9.62604e-007 0.000426851 0.025821 0.21308 0.23988 0.0382404 0.0425293 0.169563 0.0960725 0.0419592 0.0773636 0.032206 0.0163055 0.00533767 0.00108161 0.000126716 5.98281e-006 8.55419e-008 2.9659e-010 2.08045e-013 2.59027e-017
 6.08186e-026 7.64604e-020 1.33552e-014 3.18228e-010 1.03441e-006 0.000458694 0.0277473 0.228976 0.257771 0.0403618 0.0296469 0.145954 0.103375 0.0442272 0.0653322 0.0291215 0.0192896 0.00629292 0.00130498 0.000134173 5.80743e-006 7.81001e-008 2.48824e-010 1.58901e-013 1.8181e-017
 5.99794e-026 7.53606e-020 1.31631e-014 3.13651e-010 1.01954e-006 0.000452096 0.0273482 0.225682 0.254063 0.0397923 0.0298554 0.148191 0.104997 0.0391455 0.0650787 0.0336312 0.0210553 0.00834941 0.00212114 0.000226988 9.19029e-006 1.126e-007 3.37105e-010 2.03132e-013 2.18e-017
 5.73983e-026 7.19784e-020 1.25723e-014 2.99574e-010 9.73779e-007 0.000431806 0.0261208 0.215554 0.242659 0.0376688 0.0202824 0.128496 0.116761 0.0404907 0.0751242 0.0434481 0.0311228 0.0157964 0.00518515 0.000814813 4.36656e-005 6.37725e-007 2.19488e-009 1.54694e-012 1.98842e-016
 4.66143e-026 5.7845e-020 1.01037e-014 2.40751e-010 7.82572e-007 0.000347019 0.0209918 0.173228 0.195012 0.0304319 0.0235861 0.148536 0.132176 0.0421172 0.0877524 0.0579825 0.0462036 0.0274348 0.0115901 0.00242621 0.000179894 3.45967e-006 1.42433e-008 1.13115e-011 1.60583e-015
 3.38777e-026 4.11546e-020 7.1884e-015 1.71285e-010 5.56771e-007 0.000246891 0.0149349 0.123246 0.138743 0.0213551 0.00586922 0.0829085 0.173126 0.0614024 0.0954446 0.107005 0.0678983 0.0586241 0.0342541 0.0127994 0.00204467 9.61226e-005 1.01619e-006 2.04648e-009 7.15758e-013
 4.71886e-017 2.49201e-012 1.79527e-008 1.76437e-005 0.00236616 0.0435982 0.128343 0.207706 0.236397 0.134412 0.0738485 0.0788007 0.0542564 0.0304782 0.00886466 0.000889363 2.17851e-005 1.05116e-007 8.83892e-011 1.20658e-014 2.56376e-019 8.29072e-025 2.47858e-027 2.47473e-027 2.47279e-027
 5.41259e-026 6.76879e-020 1.18229e-014 2.81717e-010 9.15734e-007 0.000406067 0.0245638 0.202705 0.228241 0.0385385 0.0424338 0.145624 0.190318 0.0743921 0.0301667 0.0166987 0.00529535 0.000599258 1.63711e-005 8.62847e-008 7.75823e-011 1.1108e-014 2.43e-019 7.93906e-025 2.47714e-027
 1.03054e-025 1.31816e-019 2.3024e-014 5.48617e-010 1.7833e-006 0.000790777 0.0478356 0.394748 0.444385 0.0682567 0.00253727 0.0134363 0.0222231 0.00504155 0.00039297 0.000298709 5.08188e-005 1.18394e-006 4.14839e-009 2.31412e-011 2.38298e-013 4.59507e-016 1.42034e-019 6.71209e-024 2.51874e-027
 1.16626e-012 9.49086e-009 1.05362e-005 0.00159564 0.0329668 0.0935916 0.0771992 0.345007 0.38811 0.0601634 0.00133617 1.85674e-005 5.46767e-007 2.75934e-009 2.20808e-012 1.17552e-015 4.91161e-019 3.64741e-023 2.89059e-027 2.48143e-027 2.47751e-027 2.47498e-027 2.47323e-027 2.47195e-027 2.47098e-027
 4.81218e-026 5.9823e-020 1.04492e-014 2.48984e-010 8.09332e-007 0.000358885 0.0217096 0.179152 0.201679 0.0309768 0.00143026 0.0170169 0.0612376 0.16622 0.256957 0.061229 0.00202119 1.09112e-005 3.19013e-008 4.94471e-011 1.27135e-014 5.62698e-019 9.43965e-024 2.55326e-027 2.48238e-027
 4.35799e-005 4.35802e-005 4.35804e-005 4.35813e-005 4.54415e-005 0.00086861 0.0499511 0.41189 0.463677 0.0712438 0.00153523 4.78465e-005 4.35857e-005 4.35845e-005 4.35851e-005 4.35857e-005 4.35863e-005 4.3587e-005 4.35877e-005 4.35885e-005 4.35893e-005 4.35903e-005 4.35913e-005 4.35924e-005 4.35936e-005
 6.03513e-006 6.0352e-006 6.03527e-006 6.0358e-006 7.47602e-006 0.000644838 0.0386484 0.31889 0.358988 0.0552668 0.0102891 0.0861914 0.111005 0.0195086 0.000473492 7.56555e-006 6.03798e-006 6.03758e-006 6.03789e-006 6.03824e-006 6.03864e-006 6.0391e-006 6.03962e-006 6.04023e-006 6.04094e-006
#obs surv len freq
 nan nan nan nan nan nan nan nan nan nan nan nan nan nan nan nan nan nan nan nan nan nan nan nan nan
 4.90406e-027 7.71862e-021 1.65727e-015 4.8542e-011 1.9396e-007 0.000105725 0.00786163 0.0797478 0.110357 0.0212888 0.0184299 0.0957306 0.0705947 0.0277543 0.0806632 0.0515358 0.0552197 0.0534882 0.0511029 0.0495776 0.0503613 0.0513486 0.0542872 0.0513405 0.0192041
 5.2764e-027 8.30465e-021 1.7831e-015 5.22275e-011 2.08686e-007 0.000113752 0.00845853 0.0858026 0.118736 0.0229051 0.0198287 0.102996 0.0759526 0.0298565 0.0867639 0.0552341 0.0581864 0.0548968 0.0484938 0.0440144 0.042515 0.0425303 0.0447061 0.0422201 0.0157884
 5.53495e-027 8.71158e-021 1.87047e-015 5.47867e-011 2.18912e-007 0.000119326 0.00887299 0.090007 0.124554 0.0240275 0.0208025 0.108055 0.0796827 0.0313165 0.0910001 0.057916 0.0609291 0.0571789 0.0493199 0.0419769 0.0371033 0.0348677 0.0358967 0.0337575 0.0126158
 5.70274e-027 8.97568e-021 1.92717e-015 5.64476e-011 2.25549e-007 0.000122943 0.00914198 0.0927356 0.12833 0.0247556 0.0214184 0.111252 0.0820405 0.0322489 0.0937151 0.0596481 0.0627703 0.058895 0.0506757 0.0423489 0.0350634 0.0296699 0.0286772 0.0265759 0.00991407
 5.80249e-027 9.13267e-021 1.96088e-015 5.74349e-011 2.29494e-007 0.000125094 0.00930189 0.0943577 0.130575 0.0251891 0.0218144 0.113312 0.0835592 0.0328307 0.0953913 0.060722 0.063934 0.0600005 0.0516515 0.0430836 0.0349549 0.0272078 0.0234657 0.0208075 0.00771571
 5.85806e-027 9.22013e-021 1.97966e-015 5.79849e-011 2.31691e-007 0.000126292 0.00939097 0.0952613 0.131825 0.0254312 0.0220585 0.114586 0.0844991 0.0332232 0.0965542 0.0614523 0.0646561 0.0606799 0.0522518 0.0435974 0.0352637 0.0264721 0.0202801 0.0164143 0.00597637
 5.905e-027 9.29401e-021 1.99552e-015 5.84496e-011 2.33548e-007 0.000127304 0.00946622 0.0960246 0.132882 0.0256329 0.0221537 0.115067 0.0848558 0.0334073 0.0971328 0.0618382 0.0651439 0.0611397 0.052641 0.0439357 0.0355427 0.0264045 0.0186535 0.0133067 0.00464422
 5.93653e-027 9.34364e-021 2.00618e-015 5.87617e-011 2.34795e-007 0.000127984 0.00951677 0.0965374 0.133591 0.0257704 0.0222951 0.115805 0.0853963 0.0335183 0.0973557 0.0619811 0.0653009 0.0612874 0.052765 0.0440234 0.0356106 0.0263936 0.0178559 0.0112218 0.00364569
 5.93508e-027 9.34135e-021 2.00569e-015 5.87473e-011 2.34738e-007 0.000127952 0.00951444 0.0965137 0.133559 0.0257654 0.0223424 0.11606 0.0855853 0.0336311 0.0977208 0.0621968 0.0654504 0.0614594 0.0530096 0.0442538 0.0358005 0.0265165 0.0175674 0.00997118 0.00295494
 5.94639e-027 9.35915e-021 2.00951e-015 5.88592e-011 2.35185e-007 0.000128196 0.00953256 0.0966976 0.133813 0.0258131 0.0223283 0.115977 0.0855267 0.0336665 0.0978813 0.0623108 0.0656241 0.061598 0.0530676 0.0443523 0.0359234 0.0266072 0.017445 0.00921935 0.00248759
 5.96193e-027 9.38361e-021 2.01476e-015 5.9013e-011 2.35799e-007 0.000128531 0.00955748 0.0969503 0.134163 0.0258805 0.0223853 0.116273 0.0857424 0.0336767 0.0978379 0.0622868 0.0656164 0.0615792 0.053009 0.0442465 0.035839 0.026574 0.0173316 0.00874358 0.00217855
 5.95318e-027 9.36984e-021 2.01181e-015 5.89265e-011 2.35453e-007 0.000128342 0.00954345 0.096808 0.133966 0.0258439 0.0224043 0.11638 0.0858211 0.033716 0.0979601 0.0623545 0.0656418 0.0616335 0.0531396 0.0443529 0.0358917 0.0266126 0.0173197 0.00848838 0.00199434
 5.96245e-027 9.38444e-021 2.01494e-015 5.90182e-011 2.3582e-007 0.000128542 0.00955832 0.0969589 0.134175 0.025883 0.0223965 0.116333 0.0857884 0.0337541 0.0981205 0.0624415 0.0656603 0.0616086 0.0530312 0.0442926 0.0358555 0.0265626 0.0172597 0.00831398 0.0018782
 5.96704e-027 9.39167e-021 2.01649e-015 5.90637e-011 2.36002e-007 0.000128641 0.00956568 0.0970335 0.134278 0.025903 0.0224137 0.116422 0.0858526 0.0337323 0.0980117 0.0623983 0.0657365 0.0616736 0.0530394 0.0442424 0.0358068 0.0265341 0.0172137 0.00820554 0.00180834
 5.9589e-027 9.37886e-021 2.01374e-015 5.89831e-011 2.3568e-007 0.000128466 0.00955264 0.0969012 0.134095 0.0258684 0.0224124 0.11642 0.0858511 0.0337381 0.0980345 0.0624068 0.0657197 0.0617086 0.0531996 0.0443704 0.0358704 0.02657 0.0172257 0.00815694 0.00177044
 5.95018e-027 9.36513e-021 2.01079e-015 5.88968e-011 2.35335e-007 0.000128278 0.00953865 0.0967593 0.133898 0.0258312 0.0224082 0.116403 0.0858395 0.0337641 0.0981398 0.06247 0.065767 0.0617355 0.0531962 0.0444413 0.0359589 0.0266079 0.0172361 0.00812886 0.00174786
