SBPRF35
0.931619
Curr Bio
151936
B35
663474
F35
0.236216
FOFL
0
OFL
0
Bzero
266177
#pred survey bio
 11236.1 10248.3 12866.2 18755.1 23514 28018.8 34305.3 39235.9 45844.5 57471.8 73256.8 87010.9 108101 134384 128041 113000 102179 97339.7 94889.9 92356 99163.3 106741 112686 118252 130094 135551 131368 120342 2.88032e+06 4.38219e+06 5.37667e+06 5.40799e+06 4.97526e+06 4.40552e+06 3.85689e+06 3.39228e+06 3.02544e+06 2.74789e+06 2.54349e+06 2.39546e+06 2.28929e+06 2.21335e+06 2.15826e+06 2.11758e+06 2.08884e+06 2.06825e+06 2.0533e+06 2.0423e+06 2.03408e+06 2.02785e+06 2.02308e+06 2.01937e+06 2.01646e+06 2.01415e+06 2.0123e+06 2.01081e+06 2.00961e+06 2.00863e+06 2.00783e+06 2.00717e+06 2.00663e+06 2.00618e+06 2.00582e+06 2.00551e+06 2.00526e+06 2.00505e+06 2.00488e+06 2.00474e+06 2.00462e+06 2.00452e+06 2.00444e+06 2.00437e+06 2.00431e+06 2.00427e+06 2.00423e+06 2.0042e+06 2.00417e+06 2.00415e+06 2.00413e+06 2.00411e+06 2.0041e+06 2.00409e+06 2.00408e+06 2.00407e+06 2.00407e+06 2.00406e+06 2.00406e+06 2.00405e+06 2.00405e+06 2.00405e+06 2.00405e+06 2.00405e+06 2.00404e+06 2.00404e+06 2.00404e+06 2.00404e+06 2.00404e+06 2.00404e+06 2.00404e+06 2.00404e+06 2.00404e+06 2.00404e+06 2.00404e+06 2.00404e+06 2.00404e+06 2.00404e+06 2.00404e+06 2.00404e+06 2.00404e+06 2.00404e+06 2.00404e+06 2.00404e+06 2.00404e+06 2.00404e+06 2.00404e+06 2.00404e+06 2.00404e+06 2.00404e+06 2.00404e+06 2.00404e+06 2.00404e+06 2.00404e+06 2.00404e+06 2.00404e+06 2.00404e+06 2.00404e+06 2.00404e+06 2.00404e+06 0 0 0 0 0 0 0 0 0 0 0 0 0 0 0 0 0 0 0 0 0 0 0 0 0
#obs survey bio
 9970.67 9031.5 14237.1 21334.4 30138.4 26134.9 36173.4 33680.3 36419.3 58375 62263 68855.6 88679.8 121516 107045 124013 82432.1 70141.2 94127.8 103703 105894 116258 102552 97069.3 102038 94668.6 83556.6 106154
#pred catch bio
 7183.11 6139.49 6537.27 10647.9 14334 16898 22385.6 26306.6 32141.4 39746.1 53070.8 65144.6 77418 104383 101636 91741.4 83701.2 81823.8 80002.5 75837.9 83048.1 89456 97308.5 101829 111990 117468 115029 100922 0 33854.3 47605.4 47934.6 43277.3 37551.3 32205.4 27764.8 24318.9 21761.6 19921.6 18627 17730.8 17117.5 16698.5 16412.1 16224.2 16100.9 16020 15966.9 15932.1 15909.2 15894.2 15884.4 15877.9 15873.7 15870.9 15869.1 15867.9 15867.1 15866.6 15866.2 15866 15865.8 15865.8 15865.7 15865.6 15865.6 15865.6 15865.6 15865.6 15865.6 15865.6 15865.6 15865.6 15865.6 15865.6 15865.6 15865.6 15865.6 15865.6 15865.6 15865.6 15865.6 15865.6 15865.6 15865.6 15865.6 15865.6 15865.6 15865.6 15865.6 15865.6 15865.6 15865.6 15865.6 15865.6 15865.6 15865.6 15865.6 15865.6 15865.6 15865.6 15865.6 15865.6 15865.6 15865.6 15865.6 15865.6 15865.6 15865.6 15865.6 15865.6 15865.6 15865.6 15865.6 15865.6 15865.6 15865.6 15865.6 15865.6 15865.6 15865.6 15865.6 15865.6 15865.6 15865.6 15865.6 15865.6 15865.6 0 0 0 0 0 0 0 0 0 0 0 0 0 0 0 0 0 0 0 0 0 0 0 0 0
#obs catch bio
 5807.59 6209.43 6471.62 10410.2 13969.9 16273.8 21735.4 25728.4 32137.8 38489.4 51637 65229.3 74573.5 101056 100761 89982.5 80964.4 82079.2 79520.5 74994.2 80425.6 85569.6 94466.8 98733.9 108400 113401 112864 99564.9
#pred cpue bio
 8310.5 7086.1 7942.91 12042.6 15548.3 18021.9 22013.5 24759.7 28041.1 32692.5 42648.2 50416.6 59109.4 77923.9 78778.7 69329 59903.7 55717.6 52265.8 51519.3 53853.9 57048.6 61178 61543.3 67350.4 72460.4 71552.1 66149.6 1.59668e+06 3.61114e+06 5.19843e+06 5.30859e+06 4.85613e+06 4.27498e+06 3.72259e+06 3.25693e+06 2.88981e+06 2.61218e+06 2.40776e+06 2.25973e+06 2.15356e+06 2.07761e+06 2.02252e+06 1.98185e+06 1.9531e+06 1.93251e+06 1.91757e+06 1.90656e+06 1.89834e+06 1.89212e+06 1.88734e+06 1.88363e+06 1.88072e+06 1.87841e+06 1.87656e+06 1.87508e+06 1.87387e+06 1.87289e+06 1.87209e+06 1.87143e+06 1.87089e+06 1.87045e+06 1.87008e+06 1.86978e+06 1.86953e+06 1.86932e+06 1.86915e+06 1.869e+06 1.86888e+06 1.86879e+06 1.8687e+06 1.86864e+06 1.86858e+06 1.86853e+06 1.86849e+06 1.86846e+06 1.86843e+06 1.86841e+06 1.86839e+06 1.86838e+06 1.86836e+06 1.86835e+06 1.86835e+06 1.86834e+06 1.86833e+06 1.86833e+06 1.86832e+06 1.86832e+06 1.86832e+06 1.86831e+06 1.86831e+06 1.86831e+06 1.86831e+06 1.86831e+06 1.86831e+06 1.86831e+06 1.86831e+06 1.8683e+06 1.8683e+06 1.8683e+06 1.8683e+06 1.8683e+06 1.8683e+06 1.8683e+06 1.8683e+06 1.8683e+06 1.8683e+06 1.8683e+06 1.8683e+06 1.8683e+06 1.8683e+06 1.8683e+06 1.8683e+06 1.8683e+06 1.8683e+06 1.8683e+06 1.8683e+06 1.8683e+06 1.8683e+06 1.8683e+06 1.8683e+06 1.8683e+06 1.8683e+06 1.8683e+06 1.8683e+06 1.8683e+06 1.8683e+06 1.8683e+06 0 0 0 0 0 0 0 0 0 0 0 0 0 0 0 0 0 0 0 0 0 0 0 0 0
#obs cpue bio
 8923.18 6416.42 8525.14 16167.8 23443.3 31624.2 33630.2 34117.2 35030.3 64341.8 61541.8 67709.6 132680 133476 90108 114312 102384 72345 52275.9 62549.7 96423.2 96923.1 110777 118327 133703 170578 144808 124441
#pred surv len freq
 2.5614e-27 2.58368e-27 2.91355e-26 5.6065e-20 1.37437e-14 4.07249e-10 1.4587e-06 0.00063156 0.0330536 0.209107 0.160305 0.0399764 0.191657 0.177234 0.0443397 0.0569653 0.0243071 0.0184476 0.0112311 0.0084585 0.00657598 0.00563854 0.00561154 0.0049506 0.00150848
 2.56361e-27 2.58984e-27 3.46365e-26 6.76698e-20 1.65884e-14 4.91545e-10 1.76063e-06 0.000762286 0.0398953 0.252389 0.193321 0.0378589 0.15235 0.141628 0.0504216 0.079536 0.027074 0.0113689 0.00501966 0.0028138 0.0017732 0.0012987 0.00114336 0.0010076 0.000336273
 2.56647e-27 2.59727e-27 4.08713e-26 8.08213e-20 1.98124e-14 5.87076e-10 2.10281e-06 0.000910435 0.0476489 0.30144 0.230796 0.0391041 0.135497 0.125369 0.0347307 0.0479322 0.0188663 0.0116526 0.00374004 0.00116018 0.000479113 0.000265027 0.000192448 0.00015905 5.49284e-05
 2.56423e-27 2.59113e-27 3.53603e-26 6.91951e-20 1.69624e-14 5.02625e-10 1.80032e-06 0.000779469 0.0407946 0.258078 0.197721 0.0413294 0.175669 0.162367 0.0399972 0.0505331 0.0181742 0.00912971 0.00361069 0.00133119 0.000300394 9.19521e-05 4.66645e-05 3.30638e-05 1.12936e-05
 2.56389e-27 2.59041e-27 3.4916e-26 6.82586e-20 1.67328e-14 4.95822e-10 1.77595e-06 0.000768919 0.0402425 0.254585 0.195029 0.0397684 0.165682 0.153583 0.0462955 0.0670857 0.0228293 0.0094322 0.00321624 0.00109176 0.000306996 5.85343e-05 1.39294e-05 6.98011e-06 2.23069e-06
 2.56479e-27 2.59277e-27 3.69329e-26 7.25132e-20 1.77757e-14 5.26727e-10 1.88665e-06 0.000816846 0.0427508 0.270453 0.207147 0.0398793 0.158011 0.146297 0.0412233 0.0574143 0.0208642 0.0106017 0.0033438 0.000918134 0.000222177 4.62649e-05 6.49925e-06 1.45363e-06 3.84426e-07
 2.56445e-27 2.59177e-27 3.5977e-26 7.04963e-20 1.72813e-14 5.12076e-10 1.83417e-06 0.000794126 0.0415617 0.262931 0.201417 0.0407432 0.168612 0.155971 0.0409839 0.0543851 0.0192076 0.00903844 0.00313352 0.000980883 0.000199406 3.45477e-05 4.5745e-06 4.63776e-07 7.01965e-08
 2.56486e-27 2.59283e-27 3.68678e-26 7.23753e-20 1.77419e-14 5.25725e-10 1.88306e-06 0.000815293 0.0426695 0.269939 0.206769 0.040807 0.165337 0.152916 0.0398693 0.052557 0.0178033 0.00723816 0.00236663 0.000715164 0.000165943 2.65659e-05 2.87678e-06 2.14742e-07 1.37373e-08
 2.56559e-27 2.59473e-27 3.84567e-26 7.57269e-20 1.85635e-14 5.50071e-10 1.97026e-06 0.000853048 0.0446455 0.28244 0.216318 0.0410412 0.16041 0.148225 0.0364374 0.0458836 0.0153658 0.00596367 0.00181451 0.000476339 0.00010369 1.78124e-05 1.85166e-06 1.09976e-07 3.92797e-09
 2.56727e-27 2.59915e-27 4.223e-26 8.36865e-20 2.05147e-14 6.07888e-10 2.17735e-06 0.000942711 0.0493381 0.312127 0.238986 0.0410282 0.144386 0.133209 0.0296528 0.0341411 0.011054 0.00371782 0.00108989 0.000266096 5.06341e-05 7.87725e-06 8.42653e-07 4.73621e-08 1.24156e-09
 2.566e-27 2.59559e-27 3.89868e-26 7.68444e-20 1.88375e-14 5.58188e-10 1.99934e-06 0.000865637 0.0453043 0.286608 0.219528 0.0427567 0.17121 0.157804 0.031134 0.0313012 0.00978639 0.00275687 0.000750069 0.000160271 2.8308e-05 3.87451e-06 3.68972e-07 2.06818e-08 4.94205e-10
 2.56647e-27 2.59692e-27 4.02314e-26 7.94701e-20 1.94811e-14 5.77261e-10 2.06765e-06 0.000895214 0.0468523 0.296401 0.226991 0.0418423 0.159008 0.146689 0.0318032 0.0356051 0.010772 0.00241246 0.000600216 0.000107772 1.6655e-05 2.02587e-06 1.68814e-07 8.42781e-09 1.95402e-10
 2.56775e-27 2.60034e-27 4.31725e-26 8.56743e-20 2.1002e-14 6.22328e-10 2.22907e-06 0.000965103 0.05051 0.31954 0.244658 0.0416646 0.145243 0.133814 0.0263935 0.0265152 0.00812623 0.00200981 0.000479288 6.86925e-05 8.97312e-06 9.13037e-07 6.55316e-08 2.83083e-09 5.87697e-11
 2.5658e-27 2.59498e-27 3.83953e-26 7.55962e-20 1.85315e-14 5.49122e-10 1.96686e-06 0.000851576 0.0445684 0.281952 0.215983 0.0433811 0.178453 0.164399 0.0307244 0.0286824 0.00861825 0.00186201 0.000444735 6.86425e-05 7.93073e-06 6.4048e-07 3.73254e-08 1.35344e-09 2.41416e-11
 2.56413e-27 2.59055e-27 3.45605e-26 6.75069e-20 1.65485e-14 4.90362e-10 1.75639e-06 0.000760451 0.0397993 0.251782 0.192951 0.0437569 0.197494 0.182167 0.0374306 0.0394896 0.0116665 0.00214614 0.000480626 6.55648e-05 7.71489e-06 6.03997e-07 2.79622e-08 7.98118e-10 1.17337e-11
 2.56485e-27 2.59262e-27 3.65028e-26 7.16046e-20 1.7553e-14 5.20127e-10 1.86301e-06 0.000806611 0.0422151 0.267065 0.204598 0.0422861 0.178119 0.164488 0.0379318 0.0451005 0.0136291 0.00299667 0.00067425 7.94102e-05 8.3554e-06 6.12834e-07 2.78481e-08 6.50724e-10 7.40158e-12
 2.56585e-27 2.5952e-27 3.8667e-26 7.61697e-20 1.86721e-14 5.53288e-10 1.98178e-06 0.000858036 0.0449065 0.284091 0.217605 0.0426781 0.171963 0.15855 0.0322104 0.0335576 0.0103043 0.00257244 0.000609963 8.25629e-05 8.33968e-06 5.25306e-07 2.16416e-08 4.83486e-10 4.615e-12
 2.5662e-27 2.59606e-27 3.93516e-26 7.76138e-20 1.90261e-14 5.63777e-10 2.01935e-06 0.000874303 0.0457579 0.289477 0.221725 0.0431064 0.172328 0.158749 0.0297588 0.0278958 0.00827753 0.00161003 0.000374977 5.65997e-05 6.30911e-06 4.23797e-07 1.54197e-08 3.04503e-10 2.70719e-12
 2.56708e-27 2.59843e-27 4.14022e-26 8.19394e-20 2.00865e-14 5.95198e-10 2.1319e-06 0.000923031 0.0483081 0.30561 0.23404 0.0428756 0.161919 0.149058 0.0264813 0.0228529 0.00663238 0.00104663 0.000220165 2.65428e-05 2.97836e-06 2.24211e-07 8.89407e-09 1.63607e-10 1.2763e-12
 2.56644e-27 2.59662e-27 3.97462e-26 7.84457e-20 1.923e-14 5.6982e-10 2.041e-06 0.000883675 0.0462484 0.29258 0.224105 0.04381 0.17601 0.161959 0.0269193 0.0206007 0.00589784 0.000809063 0.000158019 1.55271e-05 1.43993e-06 9.46828e-08 4.07758e-09 8.23651e-11 6.22752e-13
 2.56756e-27 2.59974e-27 4.25808e-26 8.44259e-20 2.0696e-14 6.13259e-10 2.19659e-06 0.00095104 0.049774 0.314884 0.241113 0.0423658 0.15307 0.140934 0.0258153 0.0233718 0.00667904 0.000861803 0.000162308 1.4188e-05 1.14449e-06 5.95457e-08 2.14173e-09 4.4083e-11 3.64231e-13
 2.56756e-27 2.59965e-27 4.24115e-26 8.40684e-20 2.06084e-14 6.10662e-10 2.18729e-06 0.000947013 0.0495633 0.313551 0.240107 0.0431197 0.159514 0.146707 0.0236784 0.0170538 0.00489833 0.000709065 0.000137165 1.1183e-05 8.32602e-07 3.71706e-08 1.06922e-09 1.78027e-11 1.42311e-13
 2.56715e-27 2.59854e-27 4.14374e-26 8.20136e-20 2.01046e-14 5.95737e-10 2.13383e-06 0.000923866 0.0483518 0.305887 0.234259 0.0433821 0.165619 0.152353 0.0249047 0.0184217 0.00519735 0.000583014 0.000104741 9.39551e-06 7.11052e-07 2.91317e-08 7.30793e-10 9.75662e-12 6.23062e-14
 2.56823e-27 2.60148e-27 4.40366e-26 8.74966e-20 2.14487e-14 6.35565e-10 2.27649e-06 0.000985631 0.0515844 0.326337 0.249862 0.0426034 0.148731 0.136766 0.0220999 0.0159516 0.00449239 0.000492667 8.50862e-05 6.08356e-06 4.27783e-07 1.88137e-08 4.52307e-10 5.29758e-12 2.74255e-14
 2.56814e-27 2.60118e-27 4.37336e-26 8.68573e-20 2.1292e-14 6.30921e-10 2.25985e-06 0.00097843 0.0512075 0.323953 0.248049 0.043053 0.153427 0.141012 0.0212644 0.0129796 0.00363045 0.000375939 6.3133e-05 4.3744e-06 2.77862e-07 9.99873e-09 2.4064e-10 2.8247e-12 1.30903e-14
 2.56732e-27 2.59897e-27 4.17696e-26 8.27141e-20 2.02764e-14 6.00825e-10 2.15205e-06 0.000931757 0.0487648 0.3085 0.236259 0.0436624 0.166347 0.152934 0.0233507 0.0147321 0.00409106 0.000365059 5.6506e-05 3.72252e-06 2.27111e-07 7.64106e-09 1.55311e-10 1.66027e-12 7.72984e-15
 2.56696e-27 2.59802e-27 4.09573e-26 8.10007e-20 1.98563e-14 5.88379e-10 2.10748e-06 0.000912456 0.0477547 0.302109 0.23138 0.0436743 0.169866 0.156238 0.0249862 0.0176267 0.00491659 0.000457632 7.16348e-05 4.17239e-06 2.29094e-07 7.26733e-09 1.3933e-10 1.30152e-12 5.3084e-15
 2.56673e-27 2.59738e-27 4.03913e-26 7.98066e-20 1.95636e-14 5.79705e-10 2.07641e-06 0.000899004 0.0470506 0.297656 0.227981 0.0438193 0.173357 0.159466 0.0256587 0.0183487 0.0051449 0.000525148 8.6366e-05 5.19821e-06 2.82137e-07 7.80664e-09 1.36481e-10 1.19266e-12 4.36093e-15
#obs surv len freq
 1.08389e-41 1.50436e-33 2.52388e-26 5.11838e-20 1.25471e-14 3.71794e-10 1.3317e-06 0.000576582 0.030176 0.190903 0.146481 0.0401727 0.173425 0.146741 0.103833 0.101752 0.0441844 0.0173303 0.00391035 0.000488442 2.48991e-05 3.76705e-07 1.27356e-09 7.83857e-13 7.68958e-17
 1.60521e-41 2.22793e-33 3.73782e-26 7.58022e-20 1.8582e-14 5.50619e-10 1.97223e-06 0.000853906 0.0446901 0.282723 0.21661 0.0406931 0.126641 0.102207 0.0759411 0.068593 0.0285964 0.0101728 0.00204823 0.000219794 9.16201e-06 1.07204e-07 2.68734e-10 1.19577e-13 8.36222e-18
 1.53583e-41 2.13164e-33 3.57626e-26 7.25259e-20 1.77789e-14 5.2682e-10 1.88698e-06 0.000816999 0.0427585 0.270504 0.207509 0.0500358 0.1769 0.128933 0.0564544 0.0425511 0.0170246 0.00545671 0.000964182 8.67506e-05 2.90491e-06 2.61573e-08 4.86768e-11 1.56919e-14 7.83636e-19
 1.07674e-41 1.49444e-33 2.50724e-26 5.08462e-20 1.24644e-14 3.69342e-10 1.32292e-06 0.00057278 0.029977 0.189645 0.145996 0.0563922 0.229696 0.162786 0.0982603 0.0660786 0.0160507 0.00390138 0.000597359 4.42933e-05 1.16602e-06 7.96864e-09 1.09679e-11 2.56576e-15 9.17689e-20
 1.50669e-41 2.09119e-33 3.5084e-26 7.11497e-20 1.74415e-14 5.16824e-10 1.85118e-06 0.000801497 0.0419472 0.265371 0.203626 0.0473445 0.142581 0.104241 0.103241 0.0684118 0.0186393 0.00345607 0.000319948 1.78852e-05 3.6302e-07 1.85171e-09 1.86449e-12 3.15205e-16 8.07708e-21
 1.2019e-41 1.66815e-33 2.79867e-26 5.67566e-20 1.39132e-14 4.12273e-10 1.4767e-06 0.000639359 0.0334615 0.211691 0.163191 0.0650151 0.231275 0.14403 0.0783725 0.0495451 0.0188229 0.00365942 0.000285912 9.73345e-06 1.31085e-07 4.83713e-10 3.5176e-13 4.25838e-17 7.77638e-22
 1.37856e-41 1.91335e-33 3.21004e-26 6.5099e-20 1.59583e-14 4.72873e-10 1.69375e-06 0.000733337 0.0383799 0.242806 0.18683 0.05802 0.175373 0.116637 0.109341 0.0565972 0.0126349 0.00242601 0.000214706 6.10746e-06 5.16835e-08 1.18594e-10 5.87008e-14 4.99997e-18 6.45031e-23
 1.1925e-41 1.65512e-33 2.7768e-26 5.63129e-20 1.38045e-14 4.09051e-10 1.46516e-06 0.000634361 0.0332 0.210039 0.162372 0.0721842 0.227055 0.133381 0.0942284 0.0497688 0.0149131 0.00208458 0.000135491 3.76573e-06 2.67126e-08 4.05721e-11 1.23329e-14 6.76235e-19 5.91297e-24
 1.51188e-41 2.09839e-33 3.52048e-26 7.13946e-20 1.75016e-14 5.18603e-10 1.85755e-06 0.000804256 0.0420916 0.266289 0.205144 0.0643624 0.166854 0.104079 0.0966707 0.0424957 0.00971806 0.00140505 8.19972e-05 1.61843e-06 9.473e-09 1.18017e-11 2.55733e-15 9.0164e-20 4.9688e-25
 1.5216e-41 2.11187e-33 3.54311e-26 7.18535e-20 1.7614e-14 5.21936e-10 1.86949e-06 0.000809425 0.0423621 0.268003 0.207075 0.077982 0.19839 0.103532 0.0658399 0.0282102 0.00696985 0.000784884 3.80868e-05 6.45575e-07 2.75912e-09 2.54852e-12 4.29763e-16 1.13909e-20 4.39555e-26
 1.0954e-41 1.52034e-33 2.55068e-26 5.17273e-20 1.26803e-14 3.75742e-10 1.34585e-06 0.000582705 0.0304964 0.192945 0.150832 0.0971756 0.258157 0.13622 0.0955131 0.0319577 0.00552296 0.000572328 2.3564e-05 3.06892e-07 1.03532e-09 7.09324e-13 8.51841e-17 1.64337e-21 4.71351e-27
 1.66472e-41 2.31053e-33 3.87639e-26 7.86124e-20 1.92709e-14 5.71032e-10 2.04534e-06 0.000885563 0.0463469 0.293214 0.226391 0.0711883 0.144577 0.0940892 0.0897367 0.0286225 0.00459919 0.000337017 1.0288e-05 1.07588e-07 2.72737e-10 1.38829e-13 1.22948e-17 1.69973e-22 3.44067e-28
 1.33675e-41 1.85532e-33 3.11268e-26 6.31246e-20 1.54742e-14 4.5853e-10 1.64238e-06 0.000711094 0.0372158 0.235463 0.184472 0.110466 0.242718 0.106665 0.057539 0.0204578 0.00401663 0.000267973 6.14548e-06 4.41832e-08 8.19993e-11 3.07668e-14 1.97111e-18 1.96586e-23 2.8637e-29
 1.11832e-41 1.55215e-33 2.60406e-26 5.28098e-20 1.29457e-14 3.83605e-10 1.37401e-06 0.000594899 0.0311347 0.196998 0.155696 0.111946 0.235317 0.137683 0.10358 0.0238987 0.00294095 0.000204983 4.59979e-06 2.55646e-08 3.24232e-11 8.33767e-15 3.78655e-19 2.70008e-24 2.80111e-30
 8.77875e-42 1.21843e-33 2.04417e-26 4.14554e-20 1.01623e-14 3.01128e-10 1.07859e-06 0.000466993 0.0244406 0.154662 0.124647 0.123692 0.249697 0.159582 0.123875 0.034169 0.00456336 0.000200434 3.40758e-06 1.7197e-08 1.76396e-11 3.22549e-15 9.90246e-20 4.80041e-25 3.45584e-31
 1.4149e-41 1.96379e-33 3.29466e-26 6.68151e-20 1.6379e-14 4.85338e-10 1.7384e-06 0.000752668 0.0393917 0.249239 0.195385 0.0947204 0.160066 0.126448 0.101383 0.0284163 0.00400723 0.000186381 2.47925e-06 8.48358e-09 6.77646e-12 9.99361e-16 2.31979e-20 7.95773e-26 3.91486e-32
 9.73351e-42 1.35095e-33 2.26649e-26 4.5964e-20 1.12675e-14 3.33878e-10 1.1959e-06 0.000517782 0.0270987 0.17152 0.141427 0.161996 0.272641 0.126508 0.0725674 0.0223664 0.00320652 0.000148134 1.92473e-06 5.53868e-09 3.1182e-12 3.20628e-16 5.53336e-21 1.44662e-26 5.32076e-33
 1.43702e-41 1.99449e-33 3.34616e-26 6.78596e-20 1.6635e-14 4.92925e-10 1.76558e-06 0.000764433 0.0400075 0.253161 0.200379 0.108015 0.161427 0.135676 0.0837151 0.015143 0.00163678 7.39587e-05 9.03527e-07 2.35722e-09 1.12353e-12 8.78032e-17 1.06243e-21 1.92184e-27 5.02299e-34
 1.00212e-41 1.39088e-33 2.33349e-26 4.73227e-20 1.16006e-14 3.43747e-10 1.23125e-06 0.000533088 0.0278999 0.176647 0.149301 0.18323 0.260796 0.121466 0.062628 0.0159704 0.00148424 4.3162e-05 4.27219e-07 9.77821e-10 3.9883e-13 2.58167e-17 2.47514e-22 3.35943e-28 6.27955e-35
 1.28461e-41 1.78296e-33 2.99128e-26 6.06626e-20 1.48707e-14 4.40646e-10 1.57832e-06 0.00068336 0.0357645 0.226376 0.183766 0.132439 0.181582 0.152662 0.0743135 0.0114205 0.000963939 2.75874e-05 1.93786e-07 3.13264e-10 1.00534e-13 5.27462e-18 4.0589e-23 4.34768e-29 6.28667e-36
 1.41393e-41 1.96244e-33 3.29239e-26 6.67691e-20 1.63676e-14 4.85003e-10 1.7372e-06 0.000752149 0.0393648 0.249211 0.204919 0.159041 0.187067 0.10151 0.0477589 0.00971036 0.00065081 1.32515e-05 7.92451e-08 9.89064e-11 2.20061e-14 8.18913e-19 4.71117e-24 3.87259e-30 4.31452e-37
 1.1297e-41 1.56795e-33 2.63056e-26 5.33473e-20 1.30775e-14 3.87509e-10 1.38799e-06 0.000600954 0.031452 0.199256 0.172845 0.19685 0.225404 0.122382 0.0444111 0.00637053 0.000419848 7.97626e-06 3.48115e-08 3.23081e-11 5.52197e-15 1.49865e-19 6.00816e-25 3.44048e-31 2.73502e-38
 1.37499e-41 1.9084e-33 3.20174e-26 6.49305e-20 1.5917e-14 4.71649e-10 1.68937e-06 0.000731438 0.0382811 0.242446 0.203047 0.160486 0.179256 0.126396 0.0438309 0.00527336 0.000246868 3.68568e-06 1.39157e-08 1.00468e-11 1.23282e-15 2.42267e-20 7.13798e-26 2.96579e-32 1.66997e-39
 1.35524e-41 1.88098e-33 3.15573e-26 6.39976e-20 1.56883e-14 4.64872e-10 1.6651e-06 0.000720929 0.0377314 0.239109 0.207031 0.193735 0.18799 0.0970996 0.0322275 0.00418375 0.00016835 1.82188e-06 4.92093e-09 2.7463e-12 2.63541e-16 3.85612e-21 8.12808e-27 2.39716e-33 9.65847e-41
 1.18884e-41 1.65003e-33 2.76826e-26 5.61398e-20 1.3762e-14 4.07794e-10 1.46065e-06 0.000632412 0.0330992 0.20996 0.190631 0.214561 0.206827 0.112129 0.0292169 0.0028381 0.000103623 9.88964e-07 2.00789e-09 7.81112e-13 5.32027e-17 5.74596e-22 9.06492e-28 1.97569e-34 5.75596e-42
 1.06662e-41 1.4804e-33 2.48368e-26 5.03685e-20 1.23472e-14 3.65871e-10 1.31049e-06 0.000567398 0.0296972 0.188588 0.178541 0.221211 0.217238 0.129292 0.0320591 0.00273027 7.38589e-05 5.44909e-07 9.09784e-10 2.75691e-13 1.35236e-17 1.01445e-22 1.11574e-28 1.72924e-35 3.64598e-43
 1.04955e-41 1.45671e-33 2.44393e-26 4.95624e-20 1.21496e-14 3.60016e-10 1.28952e-06 0.000558318 0.0292226 0.185744 0.179803 0.221845 0.216887 0.131543 0.0317312 0.00260498 6.03715e-05 3.38456e-07 4.09639e-10 9.32236e-14 3.50162e-18 1.96668e-23 1.5611e-29 1.69904e-36 2.48755e-44
 1.26952e-41 1.76201e-33 2.95614e-26 5.99499e-20 1.4696e-14 4.3547e-10 1.55978e-06 0.000675333 0.0353464 0.224377 0.204715 0.199653 0.192417 0.113331 0.0272035 0.00223052 5.05081e-05 2.61537e-07 2.67839e-10 4.8553e-14 1.43867e-18 6.50401e-24 4.23313e-30 3.79025e-37 4.52236e-45
#pred catch len freq
 2.55639e-27 2.5704e-27 1.77654e-26 3.20802e-20 7.86407e-15 2.33026e-10 8.34661e-07 0.000361377 0.0189131 0.119651 0.0920012 0.0401704 0.241122 0.22331 0.0601322 0.0815766 0.0347389 0.0262332 0.0158744 0.0118973 0.00922268 0.00789766 0.00785625 0.00693026 0.00211167
 2.55793e-27 2.57489e-27 2.18996e-26 4.08022e-20 1.00022e-14 2.96382e-10 1.06159e-06 0.000459628 0.0240553 0.152181 0.116799 0.0375628 0.20386 0.190008 0.0742736 0.121857 0.0414427 0.0173163 0.00760571 0.00423935 0.00266323 0.0019478 0.00171397 0.00151029 0.000504032
 2.56043e-27 2.5813e-27 2.71421e-26 5.18599e-20 1.27128e-14 3.76704e-10 1.34929e-06 0.000584191 0.0305745 0.193423 0.148329 0.039944 0.199828 0.185351 0.0564666 0.0826091 0.0325077 0.0200411 0.00641323 0.00197653 0.000813346 0.000449154 0.000325962 0.000269361 9.30231e-05
 2.5587e-27 2.57641e-27 2.26286e-26 4.23375e-20 1.03785e-14 3.07535e-10 1.10154e-06 0.000476924 0.0249605 0.157907 0.121255 0.0427574 0.24026 0.222449 0.0592514 0.079426 0.0285452 0.0142796 0.00562235 0.00206234 0.000463962 0.000141688 7.18484e-05 5.08995e-05 1.73855e-05
 2.55845e-27 2.57601e-27 2.2543e-26 4.2158e-20 1.03345e-14 3.0623e-10 1.09687e-06 0.000474901 0.0248546 0.157238 0.120706 0.0404418 0.223024 0.207154 0.0676297 0.102339 0.0347849 0.0142844 0.00485058 0.00163627 0.000458699 8.73119e-05 2.07539e-05 1.03971e-05 3.32261e-06
 2.55932e-27 2.57825e-27 2.44225e-26 4.61227e-20 1.13064e-14 3.3503e-10 1.20002e-06 0.000519563 0.027192 0.172025 0.132004 0.0408386 0.218106 0.202324 0.0614676 0.0896042 0.0325082 0.0164189 0.0051605 0.00140774 0.000339516 7.05661e-05 9.90459e-06 2.21429e-06 5.85556e-07
 2.55937e-27 2.57823e-27 2.4258e-26 4.5775e-20 1.12212e-14 3.32504e-10 1.19097e-06 0.000515646 0.0269871 0.170728 0.131034 0.0420841 0.228266 0.21147 0.0589471 0.0814664 0.0287051 0.0133882 0.00462063 0.00143754 0.000291346 5.03683e-05 6.66309e-06 6.75258e-07 1.02193e-07
 2.55992e-27 2.57966e-27 2.54382e-26 4.82645e-20 1.18315e-14 3.50587e-10 1.25575e-06 0.00054369 0.0284548 0.180013 0.138127 0.0422999 0.224925 0.20832 0.0572191 0.0782347 0.0264395 0.0106371 0.00346208 0.00103921 0.000240365 3.841e-05 4.15516e-06 3.10041e-07 1.98306e-08
 2.56096e-27 2.58231e-27 2.76454e-26 5.29202e-20 1.29728e-14 3.84406e-10 1.37688e-06 0.000596136 0.0311996 0.197378 0.151395 0.0428238 0.219591 0.203154 0.051905 0.067373 0.0224979 0.00861943 0.00261073 0.000680416 0.000147608 2.53068e-05 2.62839e-06 1.56043e-07 5.57242e-09
 2.56285e-27 2.58725e-27 3.18146e-26 6.17148e-20 1.51286e-14 4.48289e-10 1.60569e-06 0.000695204 0.0363845 0.230179 0.176447 0.0431908 0.204782 0.189157 0.0434308 0.0515009 0.0166314 0.00551485 0.00160905 0.000389971 7.39543e-05 1.14802e-05 1.22689e-06 6.89324e-08 1.80672e-09
 2.56172e-27 2.58403e-27 2.88171e-26 5.53908e-20 1.35784e-14 4.02352e-10 1.44116e-06 0.000623966 0.0326562 0.206592 0.15847 0.0452854 0.233352 0.215268 0.0434836 0.0450077 0.014041 0.00389548 0.00105474 0.000223644 3.9363e-05 5.37577e-06 5.11403e-07 2.86533e-08 6.84588e-10
 2.56239e-27 2.58594e-27 3.05844e-26 5.91192e-20 1.44924e-14 4.29435e-10 1.53816e-06 0.000665966 0.0348543 0.220498 0.169069 0.0440622 0.216597 0.199995 0.0442015 0.05046 0.0152364 0.00335522 0.000830344 0.0001479 2.27727e-05 2.76346e-06 2.30029e-07 1.14785e-08 2.6609e-10
 2.56369e-27 2.58934e-27 3.34857e-26 6.52395e-20 1.59927e-14 4.73892e-10 1.6974e-06 0.000734909 0.0384625 0.243325 0.1865 0.0441429 0.204964 0.189026 0.0380209 0.0391359 0.0119695 0.0029126 0.000691558 9.83277e-05 1.27947e-05 1.29859e-06 9.30955e-08 4.01954e-09 8.34324e-11
 2.56193e-27 2.58451e-27 2.91491e-26 5.60908e-20 1.375e-14 4.07437e-10 1.45937e-06 0.000631851 0.0330688 0.209203 0.160474 0.0459319 0.236864 0.218358 0.0413005 0.0392164 0.0117599 0.00249566 0.000592899 9.07775e-05 1.04521e-05 8.41802e-07 4.89951e-08 1.77559e-09 3.1665e-11
 2.56026e-27 2.5801e-27 2.53672e-26 4.8113e-20 1.17943e-14 3.49486e-10 1.2518e-06 0.000541982 0.0283654 0.179448 0.137755 0.0460353 0.253613 0.234074 0.0488181 0.0523861 0.0154517 0.00279362 0.000622146 8.41859e-05 9.86843e-06 7.70661e-07 3.56333e-08 1.01642e-09 1.49395e-11
 2.56112e-27 2.58256e-27 2.76738e-26 5.29794e-20 1.29873e-14 3.84836e-10 1.37842e-06 0.000596802 0.0312344 0.197598 0.151585 0.0442364 0.230207 0.212725 0.0495608 0.059476 0.0179315 0.00386869 0.000866215 0.000101194 1.06044e-05 7.75663e-07 3.52035e-08 8.221e-10 9.34823e-12
 2.56232e-27 2.58565e-27 3.02477e-26 5.84087e-20 1.43182e-14 4.24274e-10 1.51968e-06 0.000657962 0.0344354 0.217848 0.167058 0.0448741 0.224188 0.206822 0.0421973 0.0441828 0.0135275 0.00330983 0.000780932 0.000104838 1.05525e-05 6.62814e-07 2.72695e-08 6.08831e-10 5.80989e-12
 2.56293e-27 2.5872e-27 3.15101e-26 6.10714e-20 1.49709e-14 4.43615e-10 1.58895e-06 0.000687957 0.0360052 0.227779 0.174649 0.0453758 0.222672 0.205231 0.0384251 0.0359549 0.0106435 0.0020269 0.000469009 7.01987e-05 7.79769e-06 5.22429e-07 1.89844e-08 3.74634e-10 3.32972e-12
 2.56399e-27 2.59003e-27 3.39574e-26 6.62341e-20 1.62365e-14 4.81116e-10 1.72328e-06 0.000746113 0.0390489 0.247034 0.189349 0.0451547 0.210662 0.194032 0.0343459 0.0294613 0.0085334 0.00131841 0.000275336 3.29115e-05 3.67734e-06 2.76121e-07 1.09403e-08 2.01122e-10 1.56847e-12
 2.56306e-27 2.58743e-27 3.15888e-26 6.1237e-20 1.50115e-14 4.44818e-10 1.59326e-06 0.000689822 0.0361028 0.228397 0.175137 0.0463983 0.230111 0.211855 0.0352587 0.0270516 0.00773359 0.00104065 0.000201765 1.96658e-05 1.81557e-06 1.19036e-07 5.11967e-09 1.03355e-10 7.81242e-13
 2.56451e-27 2.59144e-27 3.52319e-26 6.89228e-20 1.68956e-14 5.00647e-10 1.79323e-06 0.000776401 0.040634 0.257063 0.196997 0.044569 0.200832 0.185016 0.0337542 0.0303722 0.00866614 0.00109578 0.000204725 1.77536e-05 1.42544e-06 7.39395e-08 2.65548e-09 5.46196e-11 4.5117e-13
 2.56452e-27 2.59138e-27 3.50688e-26 6.85783e-20 1.68111e-14 4.98144e-10 1.78427e-06 0.00077252 0.0404309 0.255778 0.196031 0.0455317 0.208837 0.192176 0.0309143 0.0221041 0.0063373 0.000898416 0.000172559 1.39599e-05 1.0344e-06 4.60405e-08 1.32232e-09 2.19994e-11 1.75802e-13
 2.56427e-27 2.5907e-27 3.44666e-26 6.73079e-20 1.64997e-14 4.88916e-10 1.75122e-06 0.00075821 0.039682 0.25104 0.192415 0.0456779 0.212489 0.195561 0.0317744 0.0232048 0.00653716 0.000718704 0.000127898 1.13798e-05 8.57491e-07 3.50268e-08 8.77315e-10 1.17031e-11 7.47084e-14
 2.56555e-27 2.59416e-27 3.75352e-26 7.37814e-20 1.80866e-14 5.35939e-10 1.91964e-06 0.000831132 0.0434984 0.275183 0.210837 0.0447702 0.192639 0.177238 0.0284243 0.0201807 0.00567465 0.000609781 0.000104313 7.40212e-06 5.17677e-07 2.26994e-08 5.4495e-10 6.37736e-12 3.30026e-14
 2.56544e-27 2.59381e-27 3.71664e-26 7.30031e-20 1.78958e-14 5.30285e-10 1.89939e-06 0.000822365 0.0430396 0.272281 0.208629 0.0453339 0.198479 0.182517 0.027353 0.0164115 0.00458342 0.000465291 7.73594e-05 5.3205e-06 3.36182e-07 1.20598e-08 2.89756e-10 3.39859e-12 1.5744e-14
 2.56451e-27 2.59129e-27 3.49355e-26 6.82969e-20 1.67422e-14 4.96101e-10 1.77695e-06 0.000769351 0.0402651 0.254728 0.195237 0.0460174 0.21309 0.196 0.0297536 0.0184868 0.00512746 0.000449235 6.87479e-05 4.4962e-06 2.72824e-07 9.15122e-09 1.85697e-10 1.98328e-12 9.23008e-15
 2.56417e-27 2.59039e-27 3.41779e-26 6.66988e-20 1.63504e-14 4.84491e-10 1.73537e-06 0.000751348 0.0393228 0.248767 0.190685 0.0459511 0.215784 0.198559 0.0315327 0.0218964 0.00609981 0.000557162 8.6273e-05 4.99143e-06 2.72417e-07 8.61495e-09 1.64887e-10 1.53888e-12 6.27372e-15
 2.56355e-27 2.58872e-27 3.27048e-26 6.35911e-20 1.55886e-14 4.61918e-10 1.65451e-06 0.000716341 0.0374907 0.237177 0.181841 0.0463448 0.224994 0.20707 0.0332588 0.02369 0.00663527 0.000664998 0.000108356 6.47848e-06 3.49663e-07 9.64623e-09 1.68331e-10 1.46962e-12 5.37127e-15
#obs catch len freq
 5.0149e-42 6.96035e-34 1.16774e-26 2.36816e-20 5.80526e-15 1.72021e-10 6.1615e-07 0.000266772 0.0139618 0.0883274 0.0681699 0.0398656 0.218464 0.186482 0.143745 0.143416 0.0644708 0.025972 0.00603862 0.000777319 4.12774e-05 6.54218e-07 2.31274e-09 1.48123e-12 1.50387e-16
 5.73732e-42 7.96302e-34 1.33596e-26 2.7093e-20 6.64154e-15 1.96801e-10 7.04909e-07 0.000305201 0.015973 0.101051 0.0779981 0.0436945 0.223234 0.181593 0.142897 0.130874 0.0566012 0.0208624 0.00440236 0.000491171 2.12309e-05 2.58257e-07 6.73367e-10 3.10736e-13 2.24442e-17
 1.08461e-41 1.50537e-33 2.52557e-26 5.1218e-20 1.25555e-14 3.72042e-10 1.33259e-06 0.000576967 0.0301962 0.191031 0.146752 0.0451943 0.181429 0.140661 0.11367 0.0953464 0.0393721 0.0130835 0.00244613 0.000232424 8.13213e-06 7.58749e-08 1.45931e-10 4.8546e-14 2.49583e-18
 1.11305e-41 1.54485e-33 2.5918e-26 5.25612e-20 1.28848e-14 3.81799e-10 1.36754e-06 0.000592098 0.0309881 0.196042 0.150924 0.0584854 0.238373 0.164583 0.0768422 0.0542901 0.0213935 0.00636532 0.00103592 8.18167e-05 2.27935e-06 1.62458e-08 2.30823e-11 5.54759e-15 2.03376e-19
 7.90053e-42 1.09654e-33 1.83967e-26 3.73082e-20 9.14567e-15 2.71003e-10 9.70689e-07 0.000420275 0.0219955 0.139154 0.107744 0.0646644 0.2728 0.183964 0.116533 0.0713853 0.0168928 0.00386977 0.000541401 3.49104e-05 7.58348e-07 4.07672e-09 4.26564e-12 7.41983e-16 1.9453e-20
 1.26322e-41 1.75327e-33 2.94148e-26 5.96526e-20 1.46231e-14 4.3331e-10 1.55205e-06 0.000671982 0.0351689 0.222491 0.171118 0.0530709 0.173007 0.122289 0.124227 0.0747227 0.0196369 0.00330005 0.000281764 1.37262e-05 2.28177e-07 9.10529e-10 6.94471e-13 8.70913e-17 1.63347e-21
 1.0413e-41 1.44525e-33 2.42471e-26 4.91726e-20 1.20541e-14 3.57185e-10 1.27938e-06 0.000553927 0.0289903 0.183407 0.141969 0.0737236 0.260041 0.153416 0.0857556 0.0504569 0.0182871 0.00317144 0.000220568 6.49545e-06 7.21423e-08 2.07713e-10 1.14077e-13 1.02242e-17 1.36479e-22
 1.27684e-41 1.77217e-33 2.97318e-26 6.02955e-20 1.47807e-14 4.3798e-10 1.56877e-06 0.000679224 0.0355479 0.224891 0.173462 0.0644836 0.19283 0.123989 0.116065 0.0541426 0.0116901 0.00205552 0.000158088 3.77246e-06 2.6035e-08 4.68417e-11 1.75258e-14 1.10386e-18 1.03985e-23
 1.14685e-41 1.59175e-33 2.67049e-26 5.4157e-20 1.32759e-14 3.93391e-10 1.40906e-06 0.000610075 0.0319289 0.202 0.156643 0.0797373 0.239066 0.134298 0.094842 0.046194 0.0129706 0.0016123 9.35759e-05 2.16315e-06 1.22271e-08 1.44224e-11 3.31987e-15 1.34829e-19 8.60547e-25
 1.51456e-41 2.10212e-33 3.52674e-26 7.15215e-20 1.75326e-14 5.19524e-10 1.86085e-06 0.000805685 0.0421663 0.266764 0.205825 0.0695215 0.170986 0.103618 0.0937055 0.0373907 0.00811508 0.00104802 5.26666e-05 8.68469e-07 4.0528e-09 3.87663e-12 6.3218e-16 1.65191e-20 6.65759e-26
 1.55326e-41 2.15582e-33 3.61684e-26 7.33488e-20 1.79806e-14 5.32798e-10 1.9084e-06 0.000826269 0.0432437 0.273583 0.211725 0.083231 0.197227 0.098405 0.0614141 0.0242328 0.00553557 0.00055131 2.32066e-05 3.22706e-07 1.09208e-09 7.74856e-13 9.79432e-17 1.9179e-21 5.41648e-27
 1.15198e-41 1.59887e-33 2.68244e-26 5.43994e-20 1.33354e-14 3.95151e-10 1.41537e-06 0.000612806 0.0320718 0.202915 0.15902 0.103941 0.254022 0.129243 0.0871481 0.0263546 0.00426506 0.000391026 1.36984e-05 1.46142e-07 3.87804e-10 2.02794e-13 1.82255e-17 2.59284e-22 5.43003e-28
 1.72509e-41 2.39431e-33 4.01694e-26 8.14628e-20 1.99697e-14 5.91737e-10 2.11951e-06 0.000917673 0.0480274 0.303849 0.234861 0.0747906 0.140282 0.0902556 0.0802156 0.023169 0.00340571 0.000218415 5.71535e-06 4.85161e-08 9.62062e-11 3.72729e-14 2.46243e-18 2.50634e-23 3.70104e-29
 1.39924e-41 1.94205e-33 3.25819e-26 6.60755e-20 1.61976e-14 4.79966e-10 1.71916e-06 0.000744336 0.0389556 0.246476 0.193585 0.11643 0.234145 0.098554 0.0511619 0.0168338 0.00294098 0.000168861 3.2624e-06 1.90438e-08 2.76106e-11 7.8553e-15 3.74622e-19 2.74629e-24 2.91495e-30
 1.18867e-41 1.64979e-33 2.76787e-26 5.61318e-20 1.376e-14 4.07735e-10 1.46044e-06 0.000632321 0.0330932 0.209397 0.166004 0.118693 0.228566 0.131657 0.0908407 0.0188436 0.00214056 0.000128867 2.37849e-06 1.05701e-08 1.04324e-11 2.03426e-15 6.86848e-20 3.59496e-25 2.71488e-31
 9.47193e-42 1.31464e-33 2.20558e-26 4.47288e-20 1.09647e-14 3.24905e-10 1.16376e-06 0.000503867 0.0263704 0.166883 0.135091 0.132025 0.24431 0.154532 0.109406 0.0275316 0.00322255 0.000121582 1.73157e-06 6.91817e-09 5.45579e-12 7.53016e-16 1.71785e-20 6.11074e-26 3.19932e-32
 1.50124e-41 2.08363e-33 3.49572e-26 7.08924e-20 1.73784e-14 5.14955e-10 1.84449e-06 0.000798598 0.0417955 0.264456 0.207715 0.0988954 0.153542 0.120551 0.0870335 0.0223473 0.00275497 0.000108054 1.17365e-06 3.19566e-09 1.96339e-12 2.17256e-16 3.734e-21 9.39555e-27 3.36402e-33
 1.05019e-41 1.45759e-33 2.44542e-26 4.95926e-20 1.2157e-14 3.60235e-10 1.2903e-06 0.000558657 0.029238 0.185077 0.153375 0.17 0.260865 0.11801 0.0628497 0.0177393 0.00220002 8.54184e-05 8.9479e-07 2.014e-09 8.67663e-13 6.69722e-17 8.53829e-22 1.63262e-27 4.36598e-34
 1.52977e-41 2.12322e-33 3.56215e-26 7.22396e-20 1.77087e-14 5.24741e-10 1.87954e-06 0.000813775 0.0425898 0.269513 0.213776 0.111557 0.153655 0.126688 0.0689292 0.0113455 0.0010898 4.11279e-05 4.01672e-07 8.12613e-10 2.93641e-13 1.71347e-17 1.5302e-22 2.02312e-28 3.83563e-35
 1.08526e-41 1.50627e-33 2.52708e-26 5.12486e-20 1.2563e-14 3.72265e-10 1.33339e-06 0.000577313 0.0302145 0.191328 0.162555 0.190215 0.247052 0.11197 0.0530124 0.0120959 0.000954366 2.34317e-05 1.86479e-07 3.28819e-10 1.01036e-13 4.85719e-18 3.42453e-23 3.39381e-29 4.60562e-36
 1.38256e-41 1.9189e-33 3.21936e-26 6.52879e-20 1.60046e-14 4.74245e-10 1.69867e-06 0.000735464 0.0384915 0.243657 0.198344 0.136252 0.173171 0.140395 0.0599822 0.00834456 0.000610156 1.42936e-05 7.98679e-08 9.99022e-11 2.41056e-14 9.35195e-19 5.27217e-24 4.11153e-30 4.30879e-37
 1.50944e-41 2.095e-33 3.51479e-26 7.12793e-20 1.74733e-14 5.17765e-10 1.85455e-06 0.000802957 0.0420239 0.266075 0.219417 0.161086 0.173493 0.0910551 0.0387244 0.0069248 0.000390581 6.59244e-06 3.1141e-08 2.9736e-11 4.96821e-15 1.36636e-19 5.74244e-25 3.42543e-31 2.75847e-38
 1.2231e-41 1.69759e-33 2.84806e-26 5.7758e-20 1.41587e-14 4.19548e-10 1.50275e-06 0.00065064 0.0340526 0.215776 0.187947 0.200587 0.211331 0.109585 0.0352865 0.00452646 0.000252068 3.86679e-06 1.32606e-08 9.41438e-12 1.20254e-15 2.40621e-20 7.04666e-26 2.92546e-32 1.67665e-39
 1.47593e-41 2.04849e-33 3.43676e-26 6.96969e-20 1.70854e-14 5.06271e-10 1.81338e-06 0.000785131 0.0410913 0.260285 0.21854 0.161914 0.168081 0.11156 0.0340054 0.00359339 0.000141704 1.71954e-06 5.05249e-09 2.76757e-12 2.53392e-16 3.6648e-21 7.87064e-27 2.36967e-33 9.62845e-41
 1.45376e-41 2.01772e-33 3.38515e-26 6.86501e-20 1.68288e-14 4.98667e-10 1.78614e-06 0.000773339 0.0404746 0.256552 0.22273 0.193768 0.173247 0.0845893 0.0249713 0.0027979 9.31911e-05 8.13228e-07 1.71148e-09 7.22917e-13 5.15218e-17 5.53719e-22 8.5047e-28 1.81582e-34 5.27073e-42
 1.28646e-41 1.78552e-33 2.99558e-26 6.07497e-20 1.48921e-14 4.41279e-10 1.58059e-06 0.000684342 0.0358175 0.227282 0.20695 0.215444 0.192644 0.0970392 0.0222014 0.00187748 5.66329e-05 4.29437e-07 6.73822e-10 1.98107e-13 1.00102e-17 7.91919e-23 9.08129e-29 1.43185e-35 3.00714e-43
 1.16338e-41 1.61469e-33 2.70898e-26 5.49375e-20 1.34673e-14 3.9906e-10 1.42937e-06 0.000618868 0.0323915 0.205797 0.195335 0.223142 0.204784 0.111871 0.0242538 0.00176673 3.93132e-05 2.30666e-07 2.95732e-10 6.73381e-14 2.44653e-18 1.34407e-23 1.07332e-29 1.20062e-36 1.82019e-44
 1.14674e-41 1.5916e-33 2.67024e-26 5.4152e-20 1.32747e-14 3.93354e-10 1.40893e-06 0.000610019 0.0319283 0.202833 0.191642 0.216707 0.208898 0.118801 0.0265774 0.00196308 3.99102e-05 1.91582e-07 1.94375e-10 3.65097e-14 1.12148e-18 5.12323e-24 3.29321e-30 2.89078e-37 3.40157e-45
#spawning biomass
 13042.3 12214.9 15826.2 22811.3 28399.3 34092.5 41752 47973.8 56507.3 72107 91326.9 108663 136812 167641 157402 139123 127184 121821 119816 116221 125644 135646 142696 151167 166437 172193 166206 151936 151293 234045 267970 260788 235497 205672 177928 154891 137015 123748 114203 107487 102838 99656.6 97482.8 95997.2 95022.4 94382.7 93963 93687.5 93506.8 93388.2 93310.4 93259.3 93225.8 93203.8 93189.4 93179.9 93173.7 93169.6 93167 93165.2 93164.1 93163.3 93162.8 93162.5 93162.3 93162.1 93162 93162 93161.9 93161.9 93161.9 93161.9 93161.9 93161.9 93161.9 93161.9 93161.9 93161.9 93161.9 93161.9 93161.9 93161.9 93161.9 93161.9 93161.9 93161.9 93161.9 93161.9 93161.9 93161.9 93161.9 93161.9 93161.9 93161.9 93161.9 93161.9 93161.9 93161.9 93161.9 93161.9 93161.9 93161.9 93161.9 93161.9 93161.9 93161.9 93161.9 93161.9 93161.9 93161.9 93161.9 93161.9 93161.9 93161.9 93161.9 93161.9 93161.9 93161.9 93161.9 93161.9 93161.9 93161.9 93161.9 93161.9 93161.9 93161.9 93161.9 93161.9 0 0 0 0 0 0 0 0 0 0 0 0 0 0 0 0 0 0 0 0 0 0 0 0 0
