SBPRF35
0.119864
Curr Bio
160523
B35
151194
F35
0.994839
FOFL
0.994839
OFL
82126.5
Bzero
34246.9
#pred survey bio
 8605.9 9343.53 11646 13183.1 22696.6 33586.8 32805.4 43555.5 56823.5 70619.1 87923.4 104376 137649 162452 165811 142691 137625 128448 120809 117434 120372 134156 146097 148949 168979 165753 165243 175299 4.58004e+06 3.30628e+06 1.59502e+06 810726 517015 402732 353127 329226 316921 310379 306859 304960 303936 303385 303089 302929 302845 302800 302777 302765 302758 302755 302753 302752 302751 302751 302751 302751 302751 302751 302751 302751 302751 302751 302751 302751 302751 302751 302751 302751 302751 302751 302751 302751 302751 302751 302751 302751 302751 302751 302751 302751 302751 302751 302751 302751 302751 302751 302751 302751 302751 302751 302751 302751 302751 302751 302751 302751 302751 302751 302751 302751 302751 302751 302751 302751 302751 302751 302751 302751 302751 302751 302751 302751 302751 302751 302751 302751 302751 302751 302751 302751 302751 302751 302751 302751 302751 302751 302751 302751 0 0 0 0 0 0 0 0 0 0 0 0 0 0 0 0 0 0 0 0 0 0 0 0 0
#obs survey bio
 7439.17 8051.02 7902.55 12620.3 28088.3 22445.1 26611.4 48248.6 50120.6 47973.9 71124.1 106004 75408.9 107653 131037 111800 102936 112685 124788 139709 131669 183248 135560 165407 216864 162856 148942 128982
#pred catch bio
 4041.73 4616.3 6308.53 6636.69 9650.43 18659.5 17314 23622.6 31075.4 39012.7 52824.9 58642 83820.8 99571 110371 92943.1 92381.2 85033.8 77978.3 75659 76597.6 86417.5 99749 97973 119428 117277 112433 102729 82126.5 70576 28448.2 11795.2 7021.3 5805.75 5517.78 5452.84 5438.71 5435.7 5435.08 5434.95 5434.93 5434.92 5434.92 5434.92 5434.92 5434.92 5434.92 5434.92 5434.92 5434.92 5434.92 5434.92 5434.92 5434.92 5434.92 5434.92 5434.92 5434.92 5434.92 5434.92 5434.92 5434.92 5434.92 5434.92 5434.92 5434.92 5434.92 5434.92 5434.92 5434.92 5434.92 5434.92 5434.92 5434.92 5434.92 5434.92 5434.92 5434.92 5434.92 5434.92 5434.92 5434.92 5434.92 5434.92 5434.92 5434.92 5434.92 5434.92 5434.92 5434.92 5434.92 5434.92 5434.92 5434.92 5434.92 5434.92 5434.92 5434.92 5434.92 5434.92 5434.92 5434.92 5434.92 5434.92 5434.92 5434.92 5434.92 5434.92 5434.92 5434.92 5434.92 5434.92 5434.92 5434.92 5434.92 5434.92 5434.92 5434.92 5434.92 5434.92 5434.92 5434.92 5434.92 5434.92 5434.92 5434.92 5434.92 5434.92 0 0 0 0 0 0 0 0 0 0 0 0 0 0 0 0 0 0 0 0 0 0 0 0 0
#obs catch bio
 4341.83 4641.28 6344.2 6667.24 9518.8 18505 17432.7 23503.5 30810.3 38549.8 52231.8 57411.3 84967.1 100828 111646 94503.4 92826.3 86094.1 76703.6 72967.1 74946.3 83376.3 97562.7 95029.2 116184 114307 111686 102123
#pred cpue bio
 7174.47 7139.24 8845.47 10032.4 16023.5 25893.2 25620.9 31874.7 42216.8 52757.3 65341.4 76420.3 101014 118993 125482 107335 101985 95080.8 89899.4 87550.6 88643.7 97811.8 106873 107715 121786 119454 118631 126618 3.44861e+06 3.19451e+06 1.55048e+06 762699 468528 354206 304598 280697 268391 261850 258330 256430 255406 254856 254559 254399 254315 254271 254248 254235 254229 254225 254224 254223 254222 254222 254222 254222 254222 254222 254222 254222 254222 254222 254222 254222 254222 254222 254222 254222 254222 254222 254222 254222 254222 254222 254222 254222 254222 254222 254222 254222 254222 254222 254222 254222 254222 254222 254222 254222 254222 254222 254222 254222 254222 254222 254222 254222 254222 254222 254222 254222 254222 254222 254222 254222 254222 254222 254222 254222 254222 254222 254222 254222 254222 254222 254222 254222 254222 254222 254222 254222 254222 254222 254222 254222 254222 254222 254222 254222 0 0 0 0 0 0 0 0 0 0 0 0 0 0 0 0 0 0 0 0 0 0 0 0 0
#obs cpue bio
 6480.2 7715.69 10843.9 10648.2 20072.4 33539.5 30065.8 33044.2 57621.4 92958.2 102317 107479 107808 149671 141800 102272 139131 83788.1 141095 151258 99436.2 143912 143541 164972 145538 175648 130255 197731
#pred surv len freq
 2.56874e-27 2.60335e-27 4.63107e-26 9.22965e-20 2.26254e-14 6.70431e-10 2.40137e-06 0.0010397 0.0544142 0.344239 0.263436 0.0365583 0.0931875 0.0860659 0.0228041 0.0306799 0.0144971 0.0129524 0.00880259 0.00725708 0.00606512 0.00550117 0.00572601 0.00517984 0.00159144
 2.57085e-27 2.60876e-27 5.06638e-26 1.01478e-19 2.48761e-14 7.37125e-10 2.64026e-06 0.00114313 0.0598273 0.378484 0.289624 0.0390487 0.0937428 0.0862264 0.0167381 0.0165612 0.00645577 0.00411271 0.00230223 0.00161106 0.0011754 0.000948613 0.00089605 0.000821776 0.000277807
 2.57058e-27 2.60798e-27 4.98915e-26 9.98485e-20 2.44767e-14 7.25287e-10 2.59786e-06 0.00112477 0.0588665 0.372406 0.284999 0.0400308 0.104467 0.0960587 0.0173739 0.0154739 0.00516751 0.00205658 0.000840085 0.000424471 0.000244526 0.000165558 0.000135839 0.000119825 4.22212e-05
 2.57044e-27 2.60759e-27 4.95404e-26 9.91077e-20 2.42951e-14 7.19906e-10 2.57858e-06 0.00111643 0.0584298 0.369643 0.282891 0.040178 0.107068 0.0984691 0.018 0.0162852 0.00526333 0.00178743 0.000555387 0.000171774 6.37411e-05 3.14865e-05 2.07116e-05 1.64944e-05 5.8225e-06
 2.57295e-27 2.6144e-27 5.55744e-26 1.11837e-19 2.74155e-14 8.1237e-10 2.90977e-06 0.00125982 0.0659345 0.417119 0.319114 0.0383206 0.0674836 0.0619577 0.0118458 0.0114362 0.0037232 0.00129775 0.000380273 9.35234e-05 2.06044e-05 5.7199e-06 2.50479e-06 1.63081e-06 5.53877e-07
 2.56981e-27 2.60582e-27 4.79096e-26 9.56672e-20 2.34517e-14 6.94915e-10 2.48907e-06 0.00107767 0.0564014 0.356811 0.27311 0.0412217 0.121883 0.112009 0.0180151 0.0129134 0.00427752 0.00164024 0.000490476 0.000120659 2.21291e-05 3.52954e-06 7.35781e-07 3.14733e-07 9.67261e-08
 2.56943e-27 2.60487e-27 4.71692e-26 9.41058e-20 2.30689e-14 6.83573e-10 2.44844e-06 0.00106008 0.0554809 0.350987 0.268653 0.0405695 0.120051 0.110538 0.0217381 0.0217593 0.00671452 0.00175602 0.000521896 0.000138893 2.58196e-05 3.50767e-06 3.68041e-07 6.63889e-08 1.58823e-08
 2.5719e-27 2.6116e-27 5.31336e-26 1.06688e-19 2.61533e-14 7.7497e-10 2.77581e-06 0.00120182 0.0628989 0.397916 0.304458 0.0387685 0.0811899 0.0746625 0.0151179 0.0157175 0.00528159 0.00208313 0.0005662 0.000111238 2.12718e-05 2.99289e-06 2.55281e-07 1.76333e-08 2.14086e-09
 2.57123e-27 2.60967e-27 5.13339e-26 1.02891e-19 2.52225e-14 7.47389e-10 2.67702e-06 0.00115905 0.0606604 0.383754 0.293665 0.0400844 0.0987865 0.0907206 0.0147024 0.010718 0.00362135 0.00150136 0.00047606 0.000125543 1.94403e-05 2.42601e-06 2.11301e-07 9.97944e-09 4.101e-10
 2.57106e-27 2.60924e-27 5.0979e-26 1.02143e-19 2.5039e-14 7.41952e-10 2.65755e-06 0.00115062 0.0602191 0.380962 0.291532 0.0399718 0.0994282 0.0913791 0.0160285 0.0135574 0.00418538 0.00111709 0.00034452 9.92894e-05 1.99628e-05 2.48894e-06 1.82921e-07 8.1851e-09 1.78524e-10
 2.57126e-27 2.60977e-27 5.14527e-26 1.03142e-19 2.5284e-14 7.49211e-10 2.68355e-06 0.00116187 0.0608082 0.384689 0.294375 0.0398028 0.0961444 0.0883506 0.0155236 0.0131765 0.00419756 0.00132483 0.000353955 7.15358e-05 1.47095e-05 2.24285e-06 1.79669e-07 6.97045e-09 1.28444e-10
 2.57172e-27 2.61102e-27 5.25303e-26 1.05415e-19 2.58412e-14 7.65722e-10 2.74269e-06 0.00118748 0.0621483 0.393167 0.300846 0.0396692 0.0905814 0.083174 0.013825 0.0106023 0.00336557 0.00105543 0.000297812 6.56138e-05 1.01247e-05 1.34973e-06 1.27203e-07 5.42682e-09 8.92571e-11
 2.57164e-27 2.61079e-27 5.23272e-26 1.04987e-19 2.57362e-14 7.62609e-10 2.73154e-06 0.00118265 0.0618957 0.391569 0.299627 0.0397452 0.0920162 0.0844975 0.0140531 0.0107852 0.00335453 0.000940389 0.000261037 5.82269e-05 9.73109e-06 1.11898e-06 8.69608e-08 4.15106e-09 7.41332e-11
 2.57168e-27 2.61089e-27 5.24005e-26 1.05141e-19 2.57741e-14 7.63733e-10 2.73556e-06 0.00118439 0.0619869 0.392146 0.300069 0.0398225 0.0922938 0.0847311 0.0136847 0.00988498 0.00306528 0.000848037 0.000226366 4.5899e-05 7.60756e-06 9.18179e-07 6.5184e-08 2.61838e-09 5.00346e-11
 2.57051e-27 2.60771e-27 4.95784e-26 9.91877e-20 2.43147e-14 7.20487e-10 2.58066e-06 0.00111733 0.0584769 0.369941 0.283128 0.0407497 0.111252 0.102208 0.0164587 0.0118101 0.00361997 0.000932586 0.000245526 4.86434e-05 7.4634e-06 8.57536e-07 6.24234e-08 2.32185e-09 3.86896e-11
 2.57077e-27 2.60843e-27 5.02307e-26 1.00564e-19 2.4652e-14 7.30483e-10 2.61647e-06 0.00113283 0.0592883 0.375074 0.287042 0.0403907 0.105771 0.0971889 0.0162819 0.0126702 0.00387669 0.000976681 0.000250837 4.6672e-05 6.98511e-06 7.55251e-07 5.15537e-08 1.91865e-09 2.97365e-11
 2.5713e-27 2.60988e-27 5.15146e-26 1.03272e-19 2.5316e-14 7.50158e-10 2.68694e-06 0.00116334 0.0608852 0.385176 0.29475 0.0400103 0.0974605 0.0895169 0.0148589 0.0113594 0.00352947 0.000980436 0.000253723 4.60343e-05 6.5566e-06 6.74924e-07 4.35201e-08 1.51943e-09 2.30959e-11
 2.5713e-27 2.60984e-27 5.14611e-26 1.03159e-19 2.52883e-14 7.49337e-10 2.684e-06 0.00116207 0.0608185 0.384754 0.294431 0.0402235 0.0993065 0.0911748 0.0143262 0.00972478 0.00300038 0.000810959 0.000215191 4.23236e-05 6.00757e-06 5.91918e-07 3.59731e-08 1.18173e-09 1.69059e-11
 2.57112e-27 2.60935e-27 5.10309e-26 1.02252e-19 2.50658e-14 7.42745e-10 2.66039e-06 0.00115185 0.0602835 0.38137 0.291848 0.0403277 0.101914 0.0935899 0.0149129 0.0104513 0.0031625 0.000748737 0.000193169 3.74462e-05 5.62185e-06 5.75438e-07 3.37275e-08 1.04178e-09 1.39775e-11
 2.57107e-27 2.60924e-27 5.09441e-26 1.02069e-19 2.5021e-14 7.41416e-10 2.65563e-06 0.00114979 0.0601756 0.380687 0.291326 0.0402566 0.10174 0.0934514 0.0152916 0.0113514 0.00345932 0.000852368 0.000213184 3.6813e-05 5.35303e-06 5.62688e-07 3.46364e-08 1.04543e-09 1.3204e-11
 2.57151e-27 2.61042e-27 5.19916e-26 1.04279e-19 2.55626e-14 7.57466e-10 2.71312e-06 0.00117468 0.0614783 0.388928 0.297613 0.0399108 0.094691 0.0869525 0.0142482 0.0106097 0.00326627 0.000860024 0.000219607 3.88217e-05 5.23066e-06 5.08366e-07 3.15707e-08 9.94216e-10 1.23975e-11
 2.57182e-27 2.61127e-27 5.27392e-26 1.05856e-19 2.59492e-14 7.68922e-10 2.75415e-06 0.00119244 0.0624081 0.394811 0.302102 0.0397522 0.0903302 0.0829129 0.0132517 0.00935359 0.00287896 0.000762488 0.000198574 3.72762e-05 5.16509e-06 4.8524e-07 2.75923e-08 8.60895e-10 1.10909e-11
 2.57169e-27 2.61091e-27 5.24013e-26 1.05143e-19 2.57745e-14 7.63744e-10 2.7356e-06 0.00118441 0.0619878 0.392152 0.300075 0.0399538 0.0932886 0.0856205 0.0133261 0.00883943 0.00269057 0.000668359 0.000172708 3.27587e-05 4.73907e-06 4.66421e-07 2.61019e-08 7.54083e-10 9.50205e-12
 2.57205e-27 2.61188e-27 5.32545e-26 1.06943e-19 2.62157e-14 7.76819e-10 2.78243e-06 0.00120469 0.063049 0.398865 0.305198 0.0397377 0.0880449 0.0807737 0.012323 0.00776979 0.0023353 0.000534259 0.000133753 2.40061e-05 3.4629e-06 3.5177e-07 2.06932e-08 5.94537e-10 7.03306e-12
 2.57216e-27 2.61216e-27 5.3507e-26 1.07475e-19 2.63463e-14 7.80688e-10 2.79629e-06 0.00121069 0.0633631 0.400852 0.306714 0.0396621 0.0864044 0.0792605 0.0120677 0.00756759 0.00226014 0.000492727 0.000119719 1.99083e-05 2.72439e-06 2.68665e-07 1.61869e-08 4.8658e-10 5.7612e-12
 2.57213e-27 2.61207e-27 5.34113e-26 1.07273e-19 2.62968e-14 7.79221e-10 2.79104e-06 0.00120841 0.063244 0.400099 0.306141 0.0398257 0.088052 0.0807491 0.0117538 0.00647652 0.00192284 0.000409411 9.78548e-05 1.54879e-05 1.99611e-06 1.83027e-07 1.05789e-08 3.22534e-10 3.9701e-12
 2.57225e-27 2.6124e-27 5.37057e-26 1.07895e-19 2.6449e-14 7.83732e-10 2.8072e-06 0.00121541 0.0636101 0.402415 0.307908 0.0397174 0.0859865 0.0788491 0.0115284 0.00643894 0.00188255 0.000350122 8.1036e-05 1.25143e-05 1.5563e-06 1.33904e-07 7.15277e-09 2.07599e-10 2.56978e-12
 2.57207e-27 2.6119e-27 5.32677e-26 1.06971e-19 2.62226e-14 7.77021e-10 2.78316e-06 0.001205 0.0630655 0.398969 0.305279 0.0398297 0.0886884 0.081347 0.0120543 0.0070096 0.00205664 0.000391078 8.8253e-05 1.20865e-05 1.44208e-06 1.19707e-07 6.00225e-09 1.60773e-10 1.88671e-12
#obs surv len freq
 1.77155e-41 2.4588e-33 4.12514e-26 8.3657e-20 2.05075e-14 6.07675e-10 2.17659e-06 0.00094239 0.049321 0.312019 0.238989 0.0440599 0.151716 0.128483 0.0358183 0.0273303 0.00821755 0.00255275 0.000489676 5.57458e-05 2.76682e-06 4.40473e-08 1.6741e-10 1.21552e-13 1.45529e-17
 2.18272e-41 3.02947e-33 5.08257e-26 1.03073e-19 2.52672e-14 7.48715e-10 2.68177e-06 0.00116112 0.0607682 0.384437 0.294257 0.0420061 0.0965706 0.0772622 0.0218416 0.0156421 0.00449708 0.00130115 0.000229265 2.28832e-05 9.38982e-07 1.16315e-08 3.29909e-11 1.74636e-14 1.50418e-18
 1.72594e-41 2.39549e-33 4.01893e-26 8.1503e-20 1.99795e-14 5.92029e-10 2.12055e-06 0.000918126 0.0480511 0.303986 0.233049 0.0512365 0.181665 0.135662 0.0264157 0.0139649 0.00384178 0.00102961 0.000164207 1.42287e-05 4.81095e-07 4.64338e-09 9.82804e-12 3.78151e-15 2.33502e-19
 2.09248e-41 2.90422e-33 4.87244e-26 9.8812e-20 2.42226e-14 7.1776e-10 2.5709e-06 0.00111311 0.0582558 0.368543 0.282246 0.0458289 0.113304 0.0812381 0.0278061 0.0176125 0.00331196 0.000640592 9.07652e-05 6.72844e-06 1.85476e-07 1.39215e-09 2.20502e-12 6.18328e-16 2.73827e-20
 2.37216e-41 3.2924e-33 5.52369e-26 1.12019e-19 2.74602e-14 8.13696e-10 2.91453e-06 0.00126189 0.0660423 0.417803 0.319831 0.0442878 0.0790393 0.0520381 0.0115835 0.00602611 0.00170932 0.000342162 3.14689e-05 1.80408e-06 3.98636e-08 2.30813e-10 2.73347e-13 5.60422e-17 1.78693e-21
 1.32386e-41 1.83743e-33 3.08268e-26 6.25161e-20 1.53251e-14 4.5411e-10 1.62655e-06 0.000704239 0.0368571 0.233172 0.179636 0.0711472 0.271652 0.166013 0.0277597 0.0106208 0.00200534 0.000387732 4.14446e-05 1.68593e-06 2.58303e-08 1.11848e-10 9.83525e-14 1.47273e-17 3.3885e-22
 2.20784e-41 3.06434e-33 5.14106e-26 1.0426e-19 2.5558e-14 7.57332e-10 2.71264e-06 0.00117448 0.0614675 0.388862 0.297872 0.0468217 0.0896181 0.0569992 0.0359144 0.0184473 0.00249271 0.000301577 2.51448e-05 1.00669e-06 1.16431e-08 3.36273e-11 2.07847e-14 2.24209e-18 3.71141e-23
 1.98573e-41 2.75607e-33 4.62387e-26 9.37712e-20 2.29869e-14 6.81144e-10 2.43975e-06 0.00105633 0.0552839 0.349745 0.268477 0.0609994 0.155174 0.082659 0.0160311 0.00743064 0.00273276 0.000387772 1.96476e-05 5.39614e-07 5.24518e-09 1.15924e-11 4.84493e-15 3.52031e-19 4.05e-24
 2.03301e-41 2.82168e-33 4.73395e-26 9.60036e-20 2.35341e-14 6.9736e-10 2.49783e-06 0.00108147 0.0566 0.358072 0.274921 0.061311 0.142362 0.0731479 0.0225688 0.00838674 0.00128156 0.000245607 1.91653e-05 3.79901e-07 2.32967e-09 3.81938e-12 1.20786e-15 6.19772e-20 4.81391e-25
 1.98067e-41 2.74903e-33 4.61207e-26 9.35319e-20 2.29282e-14 6.79406e-10 2.43352e-06 0.00105363 0.0551429 0.348855 0.268179 0.0670758 0.154542 0.073808 0.0218112 0.00791466 0.00144262 0.000161418 1.07427e-05 2.71074e-07 1.4106e-09 1.48521e-12 3.15274e-16 1.16682e-20 6.56763e-26
 2.08995e-41 2.90072e-33 4.86655e-26 9.86927e-20 2.41934e-14 7.16893e-10 2.5678e-06 0.00111177 0.0581854 0.368103 0.282937 0.0660638 0.134268 0.0609026 0.0203459 0.00677988 0.00116384 0.00012942 6.26075e-06 1.18418e-07 6.21413e-10 5.91103e-13 8.97896e-17 2.17381e-21 8.2148e-27
 2.04369e-41 2.8365e-33 4.75882e-26 9.65078e-20 2.36578e-14 7.01023e-10 2.51095e-06 0.00108715 0.0568974 0.359957 0.27714 0.0731673 0.146747 0.0609708 0.0176149 0.00538333 0.000934434 9.38984e-05 4.05085e-06 5.74588e-08 2.15609e-10 1.72265e-13 2.29658e-17 4.45213e-22 1.20322e-27
 1.99938e-41 2.775e-33 4.65564e-26 9.44155e-20 2.31449e-14 6.85824e-10 2.45651e-06 0.00106358 0.0556638 0.352157 0.271642 0.0794639 0.153754 0.0609134 0.0193244 0.00518493 0.000759164 6.95725e-05 2.65261e-06 3.10306e-08 8.69643e-11 4.87394e-14 4.80854e-18 7.41707e-23 1.6248e-28
 1.87026e-41 2.5958e-33 4.355e-26 8.83185e-20 2.16502e-14 6.41536e-10 2.29788e-06 0.000994901 0.0520692 0.329422 0.255112 0.0913451 0.175385 0.0665109 0.0225467 0.00573919 0.000809024 6.09078e-05 1.92568e-06 1.86901e-08 4.12801e-11 1.72003e-14 1.19962e-18 1.29491e-23 2.04395e-29
 1.6969e-41 2.35518e-33 3.9513e-26 8.01316e-20 1.96433e-14 5.82068e-10 2.08487e-06 0.000902677 0.0472426 0.298897 0.23295 0.10613 0.200319 0.0756819 0.0295964 0.00720973 0.000998812 6.79995e-05 1.74437e-06 1.3129e-08 2.25996e-11 7.20226e-15 3.72688e-19 2.8965e-24 3.21628e-30
 1.91259e-41 2.65455e-33 4.45355e-26 9.03171e-20 2.21402e-14 6.56054e-10 2.34988e-06 0.00101742 0.0532476 0.336887 0.261684 0.0956259 0.155026 0.0608532 0.0277441 0.00686756 0.000981644 6.1989e-05 1.37038e-06 8.10606e-09 1.04202e-11 2.46815e-15 9.499e-20 5.44423e-25 4.39871e-31
 1.86215e-41 2.58454e-33 4.33611e-26 8.79354e-20 2.15563e-14 6.38754e-10 2.28791e-06 0.000990587 0.0518434 0.328016 0.256211 0.109536 0.169142 0.0571694 0.020858 0.00536566 0.000814543 5.02006e-05 9.88195e-07 4.79824e-09 4.74055e-12 8.25929e-16 2.30085e-20 9.5451e-26 5.5959e-32
 1.83881e-41 2.55215e-33 4.28177e-26 8.68334e-20 2.12862e-14 6.30748e-10 2.25924e-06 0.000978172 0.0511937 0.323919 0.254146 0.116912 0.168217 0.0578762 0.0216657 0.00445591 0.000596388 3.64605e-05 6.61856e-07 2.72972e-09 2.14595e-12 2.84118e-16 5.82171e-21 1.74086e-26 7.29041e-33
 1.85484e-41 2.57439e-33 4.31908e-26 8.75901e-20 2.14717e-14 6.36245e-10 2.27893e-06 0.000986697 0.0516398 0.326757 0.257324 0.121736 0.161062 0.0551926 0.0206492 0.00415342 0.00047334 2.35881e-05 3.80341e-07 1.36094e-09 8.76248e-13 9.07536e-17 1.40747e-21 3.11144e-27 9.46967e-34
 1.94505e-41 2.6996e-33 4.52915e-26 9.18502e-20 2.2516e-14 6.6719e-10 2.38977e-06 0.00103469 0.0541515 0.342659 0.270098 0.120963 0.143847 0.0472038 0.0165068 0.00318201 0.000336997 1.39396e-05 1.75081e-07 5.06795e-10 2.66568e-13 2.20079e-17 2.6433e-22 4.42084e-28 1.00002e-34
 1.93591e-41 2.68691e-33 4.50785e-26 9.14182e-20 2.24101e-14 6.64052e-10 2.37853e-06 0.00102982 0.0538968 0.341076 0.270589 0.130164 0.143236 0.0437254 0.0136587 0.0023868 0.000227585 8.18246e-06 8.17361e-08 1.78055e-10 7.09384e-14 4.51787e-18 4.19551e-23 5.37271e-29 9.18297e-36
 1.98161e-41 2.75034e-33 4.61426e-26 9.35763e-20 2.29391e-14 6.79728e-10 2.43468e-06 0.00105413 0.0551692 0.349151 0.277873 0.13154 0.13182 0.0398773 0.0116132 0.00175392 0.000141781 4.28491e-06 3.47758e-08 5.83413e-11 1.71704e-14 7.98375e-19 5.45397e-24 5.19203e-30 6.63304e-37
 1.91191e-41 2.6536e-33 4.45197e-26 9.0285e-20 2.21323e-14 6.5582e-10 2.34904e-06 0.00101705 0.0532289 0.336932 0.271517 0.146995 0.138311 0.0398001 0.0106285 0.0014667 9.89793e-05 2.38039e-06 1.51978e-08 1.97186e-11 4.37355e-15 1.49396e-19 7.37354e-25 5.04234e-31 4.63726e-38
 1.95497e-41 2.71337e-33 4.55224e-26 9.23185e-20 2.26308e-14 6.70592e-10 2.40195e-06 0.00103996 0.0544279 0.344557 0.278618 0.145959 0.12604 0.0382521 0.00982625 0.00120683 6.94252e-05 1.32949e-06 6.43344e-09 6.25601e-12 1.03566e-15 2.61917e-20 9.46575e-26 4.68757e-32 3.09437e-39
 1.93507e-41 2.68575e-33 4.50591e-26 9.13789e-20 2.24005e-14 6.63766e-10 2.3775e-06 0.00102938 0.0538741 0.34113 0.279007 0.155835 0.124325 0.0353164 0.00843832 0.000992039 4.89652e-05 7.512e-07 2.77083e-09 1.98378e-12 2.38865e-16 4.38995e-21 1.15335e-26 4.14574e-33 1.97988e-40
 1.87156e-41 2.5976e-33 4.35802e-26 8.83797e-20 2.16652e-14 6.41981e-10 2.29947e-06 0.000995592 0.0521063 0.330058 0.274698 0.169682 0.127436 0.036253 0.00790701 0.000825355 3.5855e-05 4.51909e-07 1.28089e-09 6.8018e-13 5.94433e-17 7.83669e-22 1.4714e-27 3.78164e-34 1.29339e-41
 1.7974e-41 2.49467e-33 4.18533e-26 8.48776e-20 2.08067e-14 6.16542e-10 2.20835e-06 0.000956141 0.0500421 0.317148 0.269738 0.183939 0.131046 0.0384219 0.00793511 0.000744382 2.71523e-05 2.79916e-07 6.23911e-10 2.49416e-13 1.59612e-17 1.51779e-22 2.03713e-28 3.72267e-35 9.03025e-43
 1.82095e-41 2.52735e-33 4.24016e-26 8.59897e-20 2.10793e-14 6.2462e-10 2.23729e-06 0.000968668 0.0506982 0.321421 0.275562 0.182709 0.12257 0.037819 0.00756795 0.000660798 2.05078e-05 1.68921e-07 2.92008e-10 8.8812e-14 4.23223e-18 2.94029e-23 2.8456e-29 3.71962e-36 6.42221e-44
#pred catch len freq
 2.56668e-27 2.59787e-27 4.15933e-26 8.23454e-20 2.0186e-14 5.98146e-10 2.14246e-06 0.000927603 0.0485474 0.307124 0.2351 0.0368315 0.115175 0.106462 0.028264 0.0380767 0.0179595 0.0160057 0.0108694 0.00895748 0.00748532 0.00678913 0.00706657 0.00639252 0.00196402
 2.56926e-27 2.60447e-27 4.68955e-26 9.35286e-20 2.29274e-14 6.7938e-10 2.43343e-06 0.00105358 0.0551406 0.348835 0.266999 0.039941 0.116429 0.107182 0.0208054 0.0205838 0.00801262 0.00508865 0.00284629 0.00199087 0.00145232 0.00117206 0.00110711 0.00101534 0.000343242
 2.56914e-27 2.60406e-27 4.6427e-26 9.25398e-20 2.2685e-14 6.72198e-10 2.4077e-06 0.00104244 0.0545577 0.345147 0.2642 0.0410262 0.126655 0.116536 0.0210472 0.0187028 0.00623986 0.00247427 0.00100985 0.000509952 0.000293723 0.00019886 0.000163161 0.000143926 5.07136e-05
 2.56884e-27 2.60324e-27 4.56948e-26 9.09951e-20 2.23064e-14 6.60977e-10 2.36751e-06 0.00102504 0.053647 0.339385 0.259805 0.0412861 0.131721 0.121225 0.0221528 0.0200326 0.00646954 0.00218925 0.000679738 0.000210088 7.79433e-05 3.85e-05 2.53248e-05 2.01683e-05 7.11937e-06
 2.5716e-27 2.61074e-27 5.23469e-26 1.05028e-19 2.57464e-14 7.62913e-10 2.73263e-06 0.00118312 0.0619204 0.391725 0.299738 0.0392061 0.0878357 0.0807545 0.0154625 0.0149579 0.00486632 0.00169057 0.000495057 0.000121669 2.67999e-05 7.4392e-06 3.25764e-06 2.12097e-06 7.20351e-07
 2.56832e-27 2.60175e-27 4.4303e-26 8.80589e-20 2.15866e-14 6.39649e-10 2.29111e-06 0.000991965 0.0519159 0.328434 0.25146 0.0423802 0.14591 0.134159 0.021548 0.015399 0.00509592 0.00194688 0.00058178 0.00014302 2.6225e-05 4.18247e-06 8.71876e-07 3.72947e-07 1.14617e-07
 2.56777e-27 2.60037e-27 4.32041e-26 8.5741e-20 2.10184e-14 6.22812e-10 2.23081e-06 0.000965854 0.0505493 0.319789 0.244847 0.0416551 0.145038 0.133619 0.0262534 0.0262478 0.00809485 0.00210923 0.000626322 0.000166572 3.09592e-05 4.20556e-06 4.41256e-07 7.95954e-08 1.90417e-08
 2.57067e-27 2.60828e-27 5.02074e-26 1.00515e-19 2.464e-14 7.30129e-10 2.6152e-06 0.00113228 0.0592595 0.374892 0.286889 0.0395353 0.0993685 0.0914591 0.018481 0.0191665 0.00643428 0.00252849 0.000686853 0.000134841 2.57794e-05 3.62682e-06 3.09345e-07 2.13676e-08 2.59424e-09
 2.56991e-27 2.60608e-27 4.81449e-26 9.61637e-20 2.35734e-14 6.98521e-10 2.50199e-06 0.00108326 0.0566941 0.358663 0.274522 0.0410991 0.119957 0.11024 0.0178402 0.0129653 0.0043761 0.00180767 0.000572799 0.000150955 2.33712e-05 2.91628e-06 2.53996e-07 1.19958e-08 4.92961e-10
 2.56973e-27 2.60563e-27 4.7779e-26 9.53918e-20 2.33842e-14 6.92915e-10 2.4819e-06 0.00107457 0.0562391 0.355784 0.272321 0.040944 0.120324 0.110658 0.0193755 0.0163384 0.00504063 0.00134022 0.000412957 0.000118933 2.3908e-05 2.98062e-06 2.19051e-07 9.80171e-09 2.13784e-10
 2.57013e-27 2.60671e-27 4.8736e-26 9.74107e-20 2.38791e-14 7.07579e-10 2.53443e-06 0.00109731 0.0574293 0.363313 0.278066 0.0406306 0.113902 0.104733 0.0183436 0.015486 0.00492901 0.00154952 0.000413688 8.35438e-05 1.71747e-05 2.61854e-06 2.09761e-07 8.13783e-09 1.49954e-10
 2.57053e-27 2.60778e-27 4.9659e-26 9.93579e-20 2.43564e-14 7.21723e-10 2.58509e-06 0.00111925 0.0585773 0.370576 0.28361 0.0405768 0.109598 0.10071 0.0167067 0.0127619 0.0040478 0.00126449 0.000356539 7.84963e-05 1.21102e-05 1.61425e-06 1.52129e-07 6.49021e-09 1.06747e-10
 2.5706e-27 2.60795e-27 4.9807e-26 9.967e-20 2.44329e-14 7.2399e-10 2.59321e-06 0.00112276 0.0587613 0.37174 0.284499 0.0405496 0.108767 0.0999431 0.0165696 0.0126369 0.00392735 0.00109651 0.000304121 6.77873e-05 1.13266e-05 1.30233e-06 1.01207e-07 4.83107e-09 8.62774e-11
 2.57066e-27 2.6081e-27 4.99242e-26 9.99172e-20 2.44935e-14 7.25786e-10 2.59964e-06 0.00112555 0.058907 0.372662 0.285204 0.0406304 0.108886 0.100027 0.0161055 0.0115562 0.00358063 0.000986588 0.000263135 5.33142e-05 8.83467e-06 1.06619e-06 7.569e-08 3.04038e-09 5.80984e-11
 2.56954e-27 2.60505e-27 4.72159e-26 9.42039e-20 2.30929e-14 6.84285e-10 2.45099e-06 0.00106119 0.0555387 0.351353 0.268947 0.0415307 0.127159 0.11687 0.0187423 0.0133276 0.00408173 0.00104708 0.000275425 5.45253e-05 8.36405e-06 9.60929e-07 6.9948e-08 2.60172e-09 4.3353e-11
 2.56977e-27 2.60569e-27 4.7807e-26 9.54508e-20 2.33986e-14 6.93343e-10 2.48344e-06 0.00107523 0.0562738 0.356004 0.272493 0.0411687 0.121913 0.112073 0.0186979 0.0144334 0.00441277 0.00110707 0.000284076 5.2816e-05 7.90286e-06 8.54401e-07 5.83202e-08 2.17046e-09 3.36392e-11
 2.57044e-27 2.60752e-27 4.94232e-26 9.88604e-20 2.42344e-14 7.1811e-10 2.57215e-06 0.00111364 0.058284 0.368721 0.282195 0.0406879 0.111438 0.102403 0.0169189 0.0128143 0.00397799 0.0011003 0.00028451 5.15801e-05 7.34482e-06 7.55987e-07 4.87459e-08 1.70186e-09 2.58689e-11
 2.5704e-27 2.60739e-27 4.92803e-26 9.85589e-20 2.41605e-14 7.15919e-10 2.5643e-06 0.00111025 0.0581062 0.367596 0.281341 0.0409549 0.114069 0.104779 0.0163995 0.0110288 0.00339971 0.000914985 0.000242587 4.76757e-05 6.76583e-06 6.66563e-07 4.05084e-08 1.33071e-09 1.90371e-11
 2.57014e-27 2.60667e-27 4.865e-26 9.72291e-20 2.38345e-14 7.0626e-10 2.52971e-06 0.00109527 0.0573223 0.362636 0.277556 0.0411183 0.117972 0.10839 0.0172084 0.0119606 0.00361652 0.00085265 0.000219773 4.25709e-05 6.38982e-06 6.53986e-07 3.83303e-08 1.18395e-09 1.58849e-11
 2.57008e-27 2.60654e-27 4.85418e-26 9.70009e-20 2.37786e-14 7.04602e-10 2.52377e-06 0.00109269 0.0571877 0.361785 0.276905 0.0410396 0.117831 0.108285 0.0176513 0.0129989 0.00395837 0.000971262 0.00024271 4.1879e-05 6.08824e-06 6.39909e-07 3.93888e-08 1.18886e-09 1.50155e-11
 2.57054e-27 2.60779e-27 4.96548e-26 9.93489e-20 2.43542e-14 7.21658e-10 2.58486e-06 0.00111915 0.058572 0.370543 0.283586 0.0406696 0.110321 0.101362 0.0165478 0.0122273 0.00376126 0.000986246 0.00025163 4.44485e-05 5.98743e-06 5.81856e-07 3.61336e-08 1.1379e-09 1.41891e-11
 2.57093e-27 2.60883e-27 5.05683e-26 1.01276e-19 2.48266e-14 7.35657e-10 2.635e-06 0.00114085 0.0597082 0.37773 0.289071 0.0404701 0.104949 0.0963871 0.0153477 0.0107421 0.00330357 0.000871278 0.000226714 4.25262e-05 5.89127e-06 5.53407e-07 3.14675e-08 9.81797e-10 1.26484e-11
 2.57091e-27 2.60878e-27 5.05126e-26 1.01158e-19 2.47978e-14 7.34802e-10 2.63194e-06 0.00113953 0.0596388 0.377291 0.288738 0.0405948 0.106132 0.0974543 0.0151024 0.00991147 0.00301428 0.00074552 0.00019247 3.64789e-05 5.27609e-06 5.19225e-07 2.90561e-08 8.39423e-10 1.05774e-11
 2.57123e-27 2.60964e-27 5.1263e-26 1.02741e-19 2.51858e-14 7.46301e-10 2.67312e-06 0.00115736 0.0605721 0.383195 0.293244 0.0404195 0.101632 0.0932921 0.0141809 0.00885552 0.00265955 0.000605853 0.000151533 2.71761e-05 3.91927e-06 3.98092e-07 2.34175e-08 6.72804e-10 7.95889e-12
 2.57151e-27 2.6104e-27 5.19426e-26 1.04175e-19 2.55373e-14 7.56715e-10 2.71043e-06 0.00117351 0.0614173 0.388543 0.297323 0.040204 0.0971265 0.0891378 0.0135089 0.00836759 0.00249698 0.000541951 0.000131547 2.18577e-05 2.99044e-06 2.94871e-07 1.77653e-08 5.34024e-10 6.32293e-12
 2.57148e-27 2.61031e-27 5.18416e-26 1.03962e-19 2.5485e-14 7.55167e-10 2.70488e-06 0.00117111 0.0612917 0.387748 0.29672 0.0403835 0.0989163 0.0907542 0.0131565 0.00715662 0.0021229 0.000450009 0.000107449 1.69929e-05 2.18953e-06 2.00741e-07 1.16025e-08 3.53737e-10 4.35417e-12
 2.57153e-27 2.61043e-27 5.19519e-26 1.04195e-19 2.55421e-14 7.56857e-10 2.71093e-06 0.00117373 0.0614289 0.388616 0.297381 0.0403367 0.0980953 0.0900014 0.013111 0.00724003 0.0021152 0.00039171 9.056e-05 1.3974e-05 1.7374e-06 1.4947e-07 7.98401e-09 2.31722e-10 2.86839e-12
 2.57101e-27 2.60903e-27 5.07106e-26 1.01576e-19 2.49001e-14 7.37836e-10 2.6428e-06 0.00114423 0.059885 0.378849 0.28993 0.0407149 0.106209 0.0974874 0.014417 0.00833409 0.00244385 0.000462888 0.000104355 1.42806e-05 1.70342e-06 1.41385e-07 7.08901e-09 1.89881e-10 2.22829e-12
#obs catch len freq
 1.75249e-41 2.43234e-33 4.08076e-26 8.2757e-20 2.02869e-14 6.01138e-10 2.15318e-06 0.000932252 0.0487903 0.308662 0.236427 0.0441067 0.15367 0.130203 0.0368418 0.0283768 0.00865058 0.00273407 0.000537236 6.3385e-05 3.3078e-06 5.54218e-08 2.19792e-10 1.6527e-13 2.04041e-17
 1.77613e-41 2.46515e-33 4.1358e-26 8.38733e-20 2.05605e-14 6.09247e-10 2.18222e-06 0.000944827 0.0494485 0.312826 0.239664 0.045983 0.155183 0.1244 0.0355899 0.0257009 0.00756699 0.00224269 0.000404939 4.16092e-05 1.77564e-06 2.30391e-08 6.82937e-11 3.75007e-14 3.3278e-18
 2.19074e-41 3.0406e-33 5.10124e-26 1.03452e-19 2.53601e-14 7.51465e-10 2.69163e-06 0.00116538 0.0609914 0.385849 0.295379 0.0432833 0.0979522 0.0739912 0.0214953 0.0144897 0.00407871 0.00112037 0.000184723 1.64926e-05 5.758e-07 5.76453e-09 1.26832e-11 5.06067e-15 3.22416e-19
 1.7428e-41 2.4189e-33 4.0582e-26 8.22995e-20 2.01748e-14 5.97815e-10 2.14128e-06 0.000927098 0.0485206 0.306957 0.235409 0.0537441 0.183304 0.128603 0.0253025 0.0127787 0.00344227 0.000870709 0.000129135 9.92321e-06 2.82648e-07 2.1867e-09 3.57103e-12 1.03248e-15 4.70722e-20
 2.11197e-41 2.93127e-33 4.91781e-26 9.97323e-20 2.44482e-14 7.24445e-10 2.59484e-06 0.00112348 0.0587983 0.371976 0.284931 0.0474445 0.113161 0.0764063 0.0270009 0.0157157 0.00283872 0.000528038 6.92196e-05 4.51076e-06 1.03801e-07 6.19779e-10 7.53497e-13 1.58287e-16 5.1668e-21
 2.38869e-41 3.31535e-33 5.56218e-26 1.128e-19 2.76516e-14 8.19366e-10 2.93484e-06 0.00127068 0.0665025 0.420714 0.322103 0.0453704 0.077972 0.0480494 0.0108977 0.00534838 0.00147604 0.000268484 2.28818e-05 1.15772e-06 2.11859e-08 9.69203e-11 8.76834e-14 1.34267e-17 3.15013e-22
 1.35775e-41 1.88446e-33 3.16158e-26 6.41162e-20 1.57173e-14 4.65733e-10 1.66818e-06 0.000722265 0.0378004 0.239141 0.184408 0.0755904 0.270773 0.15425 0.02592 0.00933942 0.00171095 0.000311566 2.9631e-05 1.04205e-06 1.32862e-08 4.52969e-11 3.03029e-14 3.37953e-18 5.71142e-23
 2.2374e-41 3.10536e-33 5.20989e-26 1.05655e-19 2.59002e-14 7.6747e-10 2.74895e-06 0.0011902 0.0622904 0.394068 0.301922 0.0482107 0.0874275 0.0529082 0.0340886 0.0156392 0.00200567 0.000228601 1.73943e-05 5.9125e-07 5.56433e-09 1.26564e-11 5.94951e-15 4.77017e-19 5.79029e-24
 2.0232e-41 2.80806e-33 4.71111e-26 9.55404e-20 2.34206e-14 6.93995e-10 2.48578e-06 0.00107626 0.056327 0.356344 0.273666 0.0633339 0.150726 0.0746845 0.0146989 0.00657352 0.00227246 0.000281979 1.28861e-05 3.05986e-07 2.40658e-09 4.13242e-12 1.30998e-15 7.0757e-20 5.96345e-25
 2.07233e-41 2.87626e-33 4.82552e-26 9.78605e-20 2.39893e-14 7.10848e-10 2.54614e-06 0.00110239 0.0576948 0.364998 0.280368 0.063486 0.137369 0.0660707 0.0207068 0.00695886 0.0010445 0.00018561 1.22232e-05 2.0246e-07 1.01384e-09 1.29294e-12 3.08447e-16 1.17398e-20 6.68278e-26
 2.02353e-41 2.80852e-33 4.71188e-26 9.5556e-20 2.34244e-14 6.94109e-10 2.48618e-06 0.00107643 0.0563362 0.356405 0.274145 0.0695051 0.148488 0.0663306 0.0198469 0.0066009 0.0011397 0.000115944 6.90539e-06 1.41522e-07 5.81173e-10 4.74875e-13 7.6223e-17 2.08929e-21 8.6079e-27
 2.13278e-41 2.96016e-33 4.96628e-26 1.00715e-19 2.46891e-14 7.31584e-10 2.62042e-06 0.00113455 0.0593778 0.375648 0.288893 0.0680416 0.1277 0.0543739 0.0182727 0.00555489 0.000905846 9.02083e-05 3.79937e-06 5.9977e-08 2.46845e-10 1.78725e-13 2.039e-17 3.65819e-22 1.01143e-27
 2.09022e-41 2.90109e-33 4.86718e-26 9.87054e-20 2.41965e-14 7.16986e-10 2.56813e-06 0.00111191 0.0581929 0.368156 0.283649 0.0753001 0.13881 0.0539878 0.0156214 0.00438658 0.000715844 6.41198e-05 2.3757e-06 2.7638e-08 8.19067e-11 4.98273e-14 4.9492e-18 7.07519e-23 1.39973e-28
 2.04964e-41 2.84476e-33 4.77267e-26 9.67888e-20 2.37266e-14 7.03064e-10 2.51826e-06 0.00109032 0.057063 0.361011 0.27871 0.0816966 0.144765 0.053925 0.0169687 0.00414824 0.000571375 4.65677e-05 1.50827e-06 1.43152e-08 3.13647e-11 1.33712e-14 9.82616e-19 1.11331e-23 1.77795e-29
 1.92692e-41 2.67443e-33 4.48692e-26 9.09938e-20 2.23061e-14 6.60969e-10 2.36749e-06 0.00102504 0.0536465 0.339405 0.263156 0.0940205 0.164815 0.0590416 0.019675 0.00457519 0.000597105 3.96946e-05 1.06364e-06 8.30812e-09 1.42376e-11 4.48795e-15 2.32646e-19 1.84301e-24 2.11568e-30
 1.75996e-41 2.44271e-33 4.09815e-26 8.31096e-20 2.03733e-14 6.03699e-10 2.16235e-06 0.000936224 0.0489983 0.310011 0.242026 0.109518 0.188385 0.0678726 0.0257374 0.00574019 0.000729531 4.33504e-05 9.31689e-07 5.6234e-09 7.47708e-12 1.7946e-15 6.88143e-20 3.91966e-25 3.16461e-31
 1.97206e-41 2.73709e-33 4.59203e-26 9.31255e-20 2.28286e-14 6.76454e-10 2.42295e-06 0.00104905 0.0549033 0.347368 0.270189 0.097743 0.144167 0.0546313 0.023784 0.00542224 0.000701376 3.83201e-05 7.01019e-07 3.29457e-09 3.2583e-12 5.79783e-16 1.64942e-20 6.91532e-26 4.05844e-32
 1.92367e-41 2.66993e-33 4.47937e-26 9.08407e-20 2.22685e-14 6.59857e-10 2.3635e-06 0.00102331 0.0535562 0.338862 0.265143 0.111685 0.156509 0.0505988 0.0177668 0.0042472 0.0005765 3.04164e-05 4.895e-07 1.87075e-09 1.41278e-12 1.84302e-16 3.78854e-21 1.14799e-26 4.88178e-33
 1.90211e-41 2.64e-33 4.42915e-26 8.98223e-20 2.20189e-14 6.5246e-10 2.337e-06 0.00101184 0.0529559 0.33508 0.26343 0.118885 0.155163 0.0514307 0.0181501 0.00345227 0.000418122 2.16995e-05 3.18121e-07 1.02258e-09 6.10404e-13 6.02593e-17 9.09005e-22 1.98308e-27 6.01915e-34
 1.91924e-41 2.66378e-33 4.46904e-26 9.06313e-20 2.22172e-14 6.58336e-10 2.35805e-06 0.00102096 0.0534328 0.338115 0.266838 0.123216 0.147767 0.0489604 0.0171419 0.00317038 0.000321476 1.36611e-05 1.77091e-07 4.89354e-10 2.37587e-13 1.82648e-17 2.07953e-22 3.3485e-28 7.3806e-35
 2.00664e-41 2.78508e-33 4.67255e-26 9.47584e-20 2.32289e-14 6.88315e-10 2.46543e-06 0.00106745 0.0558661 0.353524 0.279242 0.121646 0.130963 0.0415309 0.0135326 0.00239538 0.000223058 7.7592e-06 7.81896e-08 1.74355e-10 6.87927e-14 4.19636e-18 3.68847e-23 4.48433e-29 7.33746e-36
 1.99838e-41 2.77362e-33 4.65333e-26 9.43685e-20 2.31333e-14 6.85483e-10 2.45529e-06 0.00106306 0.0556363 0.352104 0.279988 0.130334 0.129737 0.0381551 0.0110593 0.00176904 0.000147478 4.40829e-06 3.49705e-08 5.84683e-11 1.744e-14 8.18278e-19 5.54424e-24 5.14889e-30 6.3555e-37
 2.04261e-41 2.835e-33 4.7563e-26 9.64569e-20 2.36453e-14 7.00652e-10 2.50962e-06 0.00108658 0.0568676 0.359924 0.287118 0.131022 0.118771 0.0345926 0.00925273 0.00127166 8.94225e-05 2.23161e-06 1.42664e-08 1.82509e-11 4.00852e-15 1.37079e-19 6.81983e-25 4.69804e-31 4.32538e-38
 1.97585e-41 2.74234e-33 4.60085e-26 9.33043e-20 2.28725e-14 6.77753e-10 2.4276e-06 0.00105107 0.0550091 0.348234 0.281416 0.146038 0.124383 0.0343628 0.0083975 0.00104512 6.07152e-05 1.19883e-06 5.99855e-09 5.90606e-12 9.73942e-16 2.44142e-20 8.76515e-26 4.33321e-32 2.86833e-39
 2.01783e-41 2.80062e-33 4.69862e-26 9.52871e-20 2.33585e-14 6.92156e-10 2.47919e-06 0.0010734 0.0561782 0.355677 0.288395 0.144284 0.112979 0.0328765 0.00765083 0.000842009 4.1302e-05 6.43212e-07 2.42745e-09 1.78554e-12 2.19158e-16 4.05837e-21 1.06533e-26 3.81085e-33 1.80994e-40
 1.99872e-41 2.77409e-33 4.65411e-26 9.43844e-20 2.31372e-14 6.85598e-10 2.4557e-06 0.00106323 0.0556463 0.352402 0.289079 0.153434 0.111018 0.0301232 0.00652364 0.000679829 2.82992e-05 3.50156e-07 1.00099e-09 5.40216e-13 4.81285e-17 6.46572e-22 1.232e-27 3.1951e-34 1.09695e-41
 1.93779e-41 2.68953e-33 4.51224e-26 9.15073e-20 2.24319e-14 6.64699e-10 2.38084e-06 0.00103082 0.0539505 0.341807 0.285414 0.166642 0.11378 0.030757 0.00603902 0.000556444 2.02068e-05 2.03333e-07 4.4399e-10 1.77066e-13 1.14247e-17 1.09955e-22 1.49576e-28 2.77083e-35 6.80612e-43
 1.86608e-41 2.58999e-33 4.34525e-26 8.81208e-20 2.16018e-14 6.401e-10 2.29273e-06 0.000992676 0.0519546 0.329358 0.281145 0.180339 0.117211 0.0324849 0.00600452 0.00049216 1.49021e-05 1.21804e-07 2.07804e-10 6.21423e-14 2.92964e-18 2.03116e-23 1.97364e-29 2.59825e-36 4.52449e-44
#spawning biomass
 8201.65 8697.19 10855.3 12303.5 20536.1 31567.8 30932.2 39953 52573.5 65451.6 81304.3 95983.8 126710 149475 154671 132708 127206 118741 111916 108841 110989 123219 134411 136416 154550 151661 150953 160523 185380 150373 59050.9 24959.4 15221.6 12742.7 12155.4 12023 11994.1 11988 11986.7 11986.5 11986.4 11986.4 11986.4 11986.4 11986.4 11986.4 11986.4 11986.4 11986.4 11986.4 11986.4 11986.4 11986.4 11986.4 11986.4 11986.4 11986.4 11986.4 11986.4 11986.4 11986.4 11986.4 11986.4 11986.4 11986.4 11986.4 11986.4 11986.4 11986.4 11986.4 11986.4 11986.4 11986.4 11986.4 11986.4 11986.4 11986.4 11986.4 11986.4 11986.4 11986.4 11986.4 11986.4 11986.4 11986.4 11986.4 11986.4 11986.4 11986.4 11986.4 11986.4 11986.4 11986.4 11986.4 11986.4 11986.4 11986.4 11986.4 11986.4 11986.4 11986.4 11986.4 11986.4 11986.4 11986.4 11986.4 11986.4 11986.4 11986.4 11986.4 11986.4 11986.4 11986.4 11986.4 11986.4 11986.4 11986.4 11986.4 11986.4 11986.4 11986.4 11986.4 11986.4 11986.4 11986.4 11986.4 11986.4 11986.4 0 0 0 0 0 0 0 0 0 0 0 0 0 0 0 0 0 0 0 0 0 0 0 0 0
