SBPRF35
0.817576
Curr Bio
110303
B35
613366
F35
0.239641
FOFL
0
OFL
0
Bzero
233593
#pred survey bio
 23139.8 13519.5 12343.1 17001.2 21687.2 22612.4 28662.4 41206.1 54964.9 73942.7 93128.1 107751 142267 177051 162321 132149 124831 109874 123452 119889 136754 141678 129878 154576 176162 165519 147353 124717 2.15581e+06 3.23587e+06 3.82546e+06 3.83176e+06 3.5771e+06 3.24365e+06 2.92311e+06 2.65321e+06 2.44211e+06 2.28435e+06 2.1698e+06 2.08812e+06 2.03048e+06 1.99e+06 1.96124e+06 1.94012e+06 1.92547e+06 1.91516e+06 1.90782e+06 1.90251e+06 1.8986e+06 1.8957e+06 1.89351e+06 1.89183e+06 1.89054e+06 1.88953e+06 1.88873e+06 1.8881e+06 1.8876e+06 1.88719e+06 1.88687e+06 1.88661e+06 1.88639e+06 1.88622e+06 1.88608e+06 1.88597e+06 1.88587e+06 1.8858e+06 1.88573e+06 1.88568e+06 1.88564e+06 1.88561e+06 1.88558e+06 1.88556e+06 1.88554e+06 1.88552e+06 1.88551e+06 1.8855e+06 1.88549e+06 1.88549e+06 1.88548e+06 1.88548e+06 1.88547e+06 1.88547e+06 1.88547e+06 1.88547e+06 1.88546e+06 1.88546e+06 1.88546e+06 1.88546e+06 1.88546e+06 1.88546e+06 1.88546e+06 1.88546e+06 1.88546e+06 1.88546e+06 1.88546e+06 1.88546e+06 1.88546e+06 1.88546e+06 1.88546e+06 1.88546e+06 1.88546e+06 1.88546e+06 1.88546e+06 1.88546e+06 1.88546e+06 1.88546e+06 1.88546e+06 1.88546e+06 1.88546e+06 1.88546e+06 1.88546e+06 1.88546e+06 1.88546e+06 1.88546e+06 1.88546e+06 1.88546e+06 1.88546e+06 1.88546e+06 1.88546e+06 1.88546e+06 1.88546e+06 1.88546e+06 1.88546e+06 1.88546e+06 1.88546e+06 1.88546e+06 1.88546e+06 1.88546e+06 0 0 0 0 0 0 0 0 0 0 0 0 0 0 0 0 0 0 0 0 0 0 0 0 0
#obs survey bio
 21099.3 10137.2 11153.9 16174.2 19337.2 16122.1 30219.6 29919.8 63036.3 58136.7 111726 106681 140030 142114 130688 117877 113710 63045 102104 87818.1 127945 136825 97911.7 136219 114874 112126 103690 92792
#pred catch bio
 16084.8 8469.8 6493.07 8581.1 13415.5 13362.4 16187.9 24293.4 31749.9 44370.2 59008.1 63294.8 83337.7 117114 113013 88018.8 89799.9 70461 86062.2 77874.2 94546.5 105228 87058.2 103136 126781 120318 107336 104352 0 23064.1 32458.7 32990.9 30396.3 27052.2 23897.8 21284.6 19274.6 17800.8 16755.4 16031 15537.7 15206 14983.8 14833.6 14736.9 14674.6 14634.4 14608.6 14591.9 14581.2 14574.3 14569.9 14567 14565.2 14564 14563.2 14562.7 14562.4 14562.2 14562.1 14562 14561.9 14561.9 14561.9 14561.9 14561.8 14561.8 14561.8 14561.8 14561.8 14561.8 14561.8 14561.8 14561.8 14561.8 14561.8 14561.8 14561.8 14561.8 14561.8 14561.8 14561.8 14561.8 14561.8 14561.8 14561.8 14561.8 14561.8 14561.8 14561.8 14561.8 14561.8 14561.8 14561.8 14561.8 14561.8 14561.8 14561.8 14561.8 14561.8 14561.8 14561.8 14561.8 14561.8 14561.8 14561.8 14561.8 14561.8 14561.8 14561.8 14561.8 14561.8 14561.8 14561.8 14561.8 14561.8 14561.8 14561.8 14561.8 14561.8 14561.8 14561.8 14561.8 14561.8 14561.8 14561.8 14561.8 14561.8 0 0 0 0 0 0 0 0 0 0 0 0 0 0 0 0 0 0 0 0 0 0 0 0 0
#obs catch bio
 7565.24 8297.38 6251.82 7761.72 14155.9 13910.8 15611.2 22677.3 29837.8 40355.2 54457.6 57618 71783.3 108496 110671 87585.2 88794.3 71073.7 83689 73929.5 86785.5 103433 81832.2 96145.6 118422 110816 95726.9 104692
#pred cpue bio
 17010.8 8942.63 7303.19 9339.2 12896.3 12740.4 15185.2 21238.3 28605.8 38891.7 49177.3 56648.3 74514.7 96113.1 92570 74903.4 68973.1 57276.8 65209.6 62227.6 70723.6 71991.7 63979.3 76020.9 89171.3 84247.8 76004.6 65761.8 951068 2.44646e+06 3.52827e+06 3.63461e+06 3.39161e+06 3.05932e+06 2.73889e+06 2.469e+06 2.2579e+06 2.10014e+06 1.98558e+06 1.9039e+06 1.84627e+06 1.80578e+06 1.77703e+06 1.75591e+06 1.74125e+06 1.73095e+06 1.72361e+06 1.71829e+06 1.71439e+06 1.71149e+06 1.7093e+06 1.70762e+06 1.70633e+06 1.70531e+06 1.70452e+06 1.70389e+06 1.70338e+06 1.70298e+06 1.70266e+06 1.70239e+06 1.70218e+06 1.70201e+06 1.70187e+06 1.70175e+06 1.70166e+06 1.70158e+06 1.70152e+06 1.70147e+06 1.70143e+06 1.7014e+06 1.70137e+06 1.70135e+06 1.70133e+06 1.70131e+06 1.7013e+06 1.70129e+06 1.70128e+06 1.70128e+06 1.70127e+06 1.70127e+06 1.70126e+06 1.70126e+06 1.70126e+06 1.70125e+06 1.70125e+06 1.70125e+06 1.70125e+06 1.70125e+06 1.70125e+06 1.70125e+06 1.70125e+06 1.70125e+06 1.70125e+06 1.70125e+06 1.70125e+06 1.70125e+06 1.70125e+06 1.70125e+06 1.70125e+06 1.70125e+06 1.70125e+06 1.70125e+06 1.70125e+06 1.70124e+06 1.70124e+06 1.70124e+06 1.70124e+06 1.70124e+06 1.70124e+06 1.70124e+06 1.70124e+06 1.70124e+06 1.70124e+06 1.70124e+06 1.70124e+06 1.70124e+06 1.70124e+06 1.70124e+06 1.70124e+06 1.70124e+06 1.70124e+06 1.70124e+06 1.70124e+06 1.70124e+06 1.70124e+06 1.70124e+06 1.70124e+06 1.70124e+06 0 0 0 0 0 0 0 0 0 0 0 0 0 0 0 0 0 0 0 0 0 0 0 0 0
#obs cpue bio
 10806.5 12207.5 11722.3 11968 11749 13153.8 22623.2 35157.1 33795 72590 56747.2 84449.8 146238 135203 114363 85574.5 87055.6 78727.4 105674 98236.7 118094 77782.9 103288 116435 182137 170870 168844 93484.7
#pred surv len freq
 1.21228e-11 1.31581e-09 8.42117e-08 3.17789e-06 7.07122e-05 0.000927786 0.00717872 0.0327739 0.0885343 0.143513 0.149058 0.124373 0.112625 0.0999757 0.0733596 0.049345 0.0337296 0.0231184 0.0161943 0.0119075 0.00938556 0.00804574 0.00709535 0.00553444 0.00325157
 1.13607e-11 1.2331e-09 7.89182e-08 2.97813e-06 6.62674e-05 0.000869481 0.00672806 0.0307277 0.0831608 0.136045 0.147102 0.137404 0.139986 0.126715 0.0859547 0.0483506 0.026002 0.0133491 0.00676919 0.00374609 0.00236109 0.00170478 0.00135038 0.00101061 0.000593745
 1.52777e-11 1.65825e-09 1.06128e-07 4.00494e-06 8.91148e-05 0.00116923 0.00904638 0.0412895 0.111385 0.179316 0.180451 0.135767 0.106268 0.0879687 0.063276 0.0406807 0.0237187 0.011467 0.00466803 0.00180654 0.000754944 0.000382407 0.000240395 0.000160904 9.09232e-05
 1.59725e-11 1.73367e-09 1.10954e-07 4.18707e-06 9.31676e-05 0.0012224 0.00945778 0.043167 0.116447 0.187446 0.188523 0.141403 0.10925 0.0867805 0.0561201 0.0304345 0.0159719 0.00800722 0.00358454 0.00138118 0.000458883 0.000147279 5.67389e-05 2.81786e-05 1.41118e-05
 1.3548e-11 1.4705e-09 9.4112e-08 3.5515e-06 7.90254e-05 0.00103686 0.00802275 0.0366289 0.0989691 0.160597 0.167578 0.141628 0.129193 0.11118 0.0730317 0.0389629 0.0192594 0.00861037 0.00339486 0.00124166 0.000416844 0.000121776 3.19733e-05 9.13035e-06 3.18611e-06
 1.53544e-11 1.66657e-09 1.0666e-07 4.02503e-06 8.9562e-05 0.0011751 0.00909188 0.0414994 0.111982 0.180527 0.182834 0.140516 0.112998 0.092501 0.061753 0.0347916 0.018004 0.00799318 0.00293085 0.000940217 0.000274787 7.31437e-05 1.73345e-05 3.64068e-06 7.51756e-07
 1.62619e-11 1.76507e-09 1.12964e-07 4.26292e-06 9.48552e-05 0.00124454 0.00962908 0.0439484 0.118549 0.190785 0.191665 0.143167 0.109734 0.0862683 0.0545301 0.0279929 0.0133528 0.00584235 0.00220961 0.000721442 0.000201132 4.77416e-05 9.84471e-06 1.77286e-06 2.77704e-07
 1.66304e-11 1.80507e-09 1.15524e-07 4.35952e-06 9.70049e-05 0.00127275 0.00984723 0.0449428 0.121214 0.194931 0.195158 0.143994 0.108066 0.0836505 0.0520328 0.0258688 0.0117308 0.00480776 0.00168133 0.000517479 0.000142248 3.36359e-05 6.60811e-06 1.06523e-06 1.4145e-07
 1.61591e-11 1.75392e-09 1.1225e-07 4.23598e-06 9.4256e-05 0.00123668 0.00956832 0.0436726 0.117826 0.189789 0.191452 0.145042 0.113474 0.0894074 0.0548923 0.026125 0.0111468 0.00432094 0.00141874 0.000401223 0.000100555 2.209e-05 4.16399e-06 6.50118e-07 8.0891e-08
 1.6127e-11 1.75043e-09 1.12027e-07 4.22756e-06 9.40685e-05 0.00123422 0.00954928 0.0435854 0.117586 0.189363 0.190841 0.144128 0.112346 0.088834 0.0555694 0.0275891 0.0123388 0.00484964 0.00155187 0.000415627 9.6964e-05 1.95429e-05 3.35915e-06 4.85122e-07 5.70884e-08
 1.5943e-11 1.73046e-09 1.10749e-07 4.17933e-06 9.29953e-05 0.00122014 0.00944039 0.0430895 0.116264 0.187358 0.189407 0.144573 0.114497 0.0910556 0.0565474 0.027529 0.0120745 0.00474885 0.00155185 0.000424732 9.85447e-05 1.9023e-05 3.04006e-06 4.01466e-07 4.31135e-08
 1.59153e-11 1.72745e-09 1.10557e-07 4.17207e-06 9.28337e-05 0.00121802 0.00942401 0.0430151 0.116069 0.18709 0.18935 0.145076 0.115498 0.0918779 0.0566006 0.026984 0.0114767 0.00437386 0.0013809 0.000366264 8.39882e-05 1.62698e-05 2.58285e-06 3.2883e-07 3.3019e-08
 1.62529e-11 1.76409e-09 1.12902e-07 4.26056e-06 9.48028e-05 0.00124386 0.00962378 0.0439247 0.118492 0.190747 0.191879 0.143981 0.11111 0.0874523 0.0547934 0.0273775 0.0123364 0.00486548 0.00155261 0.000409973 9.24141e-05 1.75058e-05 2.73651e-06 3.46143e-07 3.43525e-08
 1.5321e-11 1.66295e-09 1.06428e-07 4.01628e-06 8.93673e-05 0.00117254 0.00907224 0.0414121 0.111778 0.180459 0.183977 0.144469 0.119341 0.0970359 0.0607238 0.0297462 0.0131531 0.00522252 0.00172767 0.000478847 0.00011169 2.13614e-05 3.30839e-06 4.11076e-07 4.01292e-08
 1.38556e-11 1.50389e-09 9.62488e-08 3.63213e-06 8.08197e-05 0.00106041 0.00820492 0.0374608 0.101219 0.164268 0.17149 0.145074 0.132073 0.112098 0.070431 0.0339737 0.0146064 0.00559292 0.00176397 0.00046717 0.00010747 2.0964e-05 3.33928e-06 4.21114e-07 4.10011e-08
 1.43551e-11 1.5581e-09 9.97184e-08 3.76307e-06 8.37331e-05 0.00109863 0.00850051 0.0388067 0.104807 0.169693 0.175305 0.143655 0.125897 0.105794 0.0677504 0.0343426 0.0156214 0.00612323 0.00190532 0.000484493 0.000105554 1.95726e-05 3.03068e-06 3.82656e-07 3.79055e-08
 1.50943e-11 1.63834e-09 1.04853e-07 3.95684e-06 8.80448e-05 0.00115519 0.00893802 0.0408 0.110135 0.177874 0.181667 0.143522 0.119726 0.0983161 0.062672 0.0318716 0.0146837 0.00592989 0.00194621 0.000526549 0.000118677 2.17844e-05 3.23923e-06 3.90404e-07 3.74759e-08
 1.58564e-11 1.72106e-09 1.10148e-07 4.15664e-06 9.24905e-05 0.00121352 0.00938921 0.0428572 0.115655 0.186519 0.189223 0.146132 0.117582 0.0935302 0.0565611 0.02571 0.0102477 0.00373885 0.00115757 0.000303388 6.8602e-05 1.30016e-05 1.99286e-06 2.40745e-07 2.24923e-08
 1.57699e-11 1.71167e-09 1.09547e-07 4.13395e-06 9.19856e-05 0.0012069 0.00933794 0.0426231 0.115021 0.185485 0.18812 0.145164 0.116818 0.0934629 0.0576772 0.027477 0.0115796 0.00428165 0.00126726 0.000305419 6.37285e-05 1.15263e-05 1.75048e-06 2.15318e-07 2.05992e-08
 1.5881e-11 1.72373e-09 1.10319e-07 4.16308e-06 9.26339e-05 0.0012154 0.00940376 0.0429236 0.115834 0.18681 0.189527 0.146383 0.117777 0.0935846 0.0563735 0.0253504 0.0098959 0.00349544 0.00102422 0.000245855 4.97242e-05 8.38907e-06 1.1703e-06 1.3495e-07 1.25621e-08
 1.61937e-11 1.75767e-09 1.12491e-07 4.24505e-06 9.44576e-05 0.00123933 0.00958879 0.0437661 0.118078 0.190194 0.191857 0.145336 0.113671 0.0894847 0.054776 0.0258137 0.0107225 0.00391003 0.00113638 0.000264994 5.22945e-05 8.70386e-06 1.18665e-06 1.30034e-07 1.12793e-08
 1.62717e-11 1.76614e-09 1.13033e-07 4.2655e-06 9.49127e-05 0.0012453 0.00963501 0.0439774 0.118653 0.191157 0.193001 0.146624 0.115 0.0899952 0.0536541 0.0236914 0.00900109 0.00310845 0.000895993 0.000211317 4.17924e-05 6.82585e-06 9.03571e-07 9.62963e-08 8.10422e-09
 1.66473e-11 1.80691e-09 1.15642e-07 4.36396e-06 9.71037e-05 0.00127405 0.00985736 0.044991 0.121371 0.195395 0.196618 0.147616 0.113495 0.0873366 0.0507621 0.0210645 0.00718331 0.00221739 0.00057358 0.000119344 2.11013e-05 3.24407e-06 4.19106e-07 4.37903e-08 3.58854e-09
 1.6931e-11 1.8377e-09 1.17613e-07 4.43833e-06 9.87585e-05 0.00129575 0.0100252 0.0457552 0.123405 0.198451 0.198663 0.146476 0.109479 0.0834253 0.0493964 0.0217567 0.00817375 0.00271174 0.000711686 0.000143169 2.34965e-05 3.25641e-06 3.76821e-07 3.61219e-08 2.81608e-09
 1.62708e-11 1.76604e-09 1.13026e-07 4.26525e-06 9.49072e-05 0.00124523 0.00963446 0.043975 0.118649 0.191171 0.193106 0.146935 0.115487 0.0903471 0.0535857 0.0233085 0.00861072 0.00286365 0.000780293 0.000168434 2.96442e-05 4.20588e-06 4.69016e-07 4.13193e-08 2.90076e-09
 1.60485e-11 1.74192e-09 1.11482e-07 4.207e-06 9.3611e-05 0.00122822 0.00950295 0.0433761 0.117051 0.188744 0.191347 0.147399 0.117987 0.0930102 0.0549031 0.0234271 0.00836322 0.00268244 0.000704659 0.000146029 2.50845e-05 3.61725e-06 4.22223e-07 3.85856e-08 2.69243e-09
 1.57542e-11 1.70996e-09 1.09437e-07 4.12983e-06 9.18939e-05 0.00120569 0.00932871 0.0425822 0.11493 0.185486 0.188814 0.147453 0.120442 0.0959681 0.0568826 0.0243728 0.00874114 0.00279962 0.000725019 0.00014558 2.38826e-05 3.28236e-06 3.69645e-07 3.34763e-08 2.38307e-09
 1.52914e-11 1.65974e-09 1.06223e-07 4.00853e-06 8.91949e-05 0.00117029 0.00905483 0.0413344 0.111593 0.180351 0.184763 0.147346 0.124004 0.100411 0.0600522 0.0261096 0.00957805 0.00312574 0.000817998 0.000165218 2.70636e-05 3.65846e-06 3.98131e-07 3.4478e-08 2.35741e-09
#obs surv len freq
 1.16748e-11 1.26719e-09 8.10999e-08 3.06046e-06 6.80995e-05 0.000893519 0.00691402 0.0315749 0.0854119 0.139302 0.148274 0.13208 0.128799 0.119833 0.0911843 0.0593262 0.03338 0.0153214 0.00559611 0.00161419 0.000358104 5.89953e-05 6.98007e-06 5.74709e-07 3.20049e-08
 8.29823e-12 9.00695e-10 5.76444e-08 2.17533e-06 4.84045e-05 0.000635133 0.00491571 0.0224728 0.0610978 0.101994 0.118921 0.130496 0.151963 0.149631 0.114864 0.074362 0.041231 0.0185165 0.00657059 0.00182498 0.00038621 6.01669e-05 6.68096e-06 5.13093e-07 2.65245e-08
 1.84523e-11 2.00283e-09 1.28181e-07 4.83714e-06 0.000107632 0.00141217 0.0109255 0.0498533 0.134295 0.214566 0.207883 0.134588 0.0783982 0.0564922 0.0453238 0.0332799 0.0197596 0.00895986 0.00311716 0.000836476 0.000169337 2.50206e-05 2.6146e-06 1.87716e-07 9.02359e-09
 8.42665e-12 9.14634e-10 5.85365e-08 2.209e-06 4.91543e-05 0.000645007 0.00499335 0.0228524 0.0624238 0.106231 0.131544 0.157393 0.184376 0.162488 0.0967502 0.0426689 0.0172446 0.00699446 0.00249683 0.000687521 0.000137688 1.95668e-05 1.93556e-06 1.30361e-07 5.84346e-09
 1.41983e-11 1.5411e-09 9.863e-08 3.722e-06 8.28194e-05 0.00108665 0.00840797 0.0383851 0.103642 0.167344 0.169712 0.129355 0.104017 0.0955389 0.082305 0.0575783 0.0291859 0.0101788 0.00255742 0.000516909 8.83492e-05 1.18585e-05 1.13479e-06 7.32136e-08 3.09955e-09
 1.19951e-11 1.30196e-09 8.33253e-08 3.14445e-06 6.9969e-05 0.000918089 0.00710543 0.0324733 0.0881017 0.14526 0.15971 0.149281 0.143403 0.120406 0.077692 0.0420872 0.0210038 0.00892332 0.00283217 0.000624878 9.45825e-05 1.00783e-05 7.79345e-07 4.35212e-08 1.68342e-09
 1.64996e-11 1.79088e-09 1.14616e-07 4.32526e-06 9.62429e-05 0.00126278 0.00977089 0.0446081 0.120438 0.194283 0.195623 0.143499 0.103018 0.0788299 0.0546304 0.0318366 0.0148721 0.00534424 0.0014944 0.00032778 5.3564e-05 6.07623e-06 4.58465e-07 2.27268e-08 7.42411e-10
 1.34732e-11 1.46239e-09 9.35926e-08 3.53191e-06 7.85909e-05 0.00103123 0.00798117 0.0364755 0.098928 0.162656 0.176036 0.156146 0.138756 0.108729 0.0646822 0.0304574 0.0123649 0.00424956 0.00115079 0.000234009 3.48236e-05 3.71089e-06 2.74843e-07 1.36417e-08 4.39386e-10
 1.42288e-11 1.5444e-09 9.88415e-08 3.72999e-06 8.29982e-05 0.00108904 0.00842819 0.038508 0.104302 0.170434 0.179924 0.149681 0.125184 0.100169 0.0662487 0.0353143 0.014753 0.00459899 0.00106417 0.000187357 2.50372e-05 2.44115e-06 1.66072e-07 7.62782e-09 2.30901e-10
 1.42222e-11 1.54368e-09 9.87956e-08 3.72826e-06 8.29601e-05 0.00108856 0.00842504 0.0385033 0.104385 0.171109 0.182283 0.153895 0.128461 0.0992883 0.0621267 0.0316407 0.0132011 0.00427981 0.00102599 0.000177072 2.1643e-05 1.85466e-06 1.10467e-07 4.50346e-09 1.22805e-10
 1.28301e-11 1.39259e-09 8.91256e-08 3.36335e-06 7.48412e-05 0.000982077 0.00760229 0.0347686 0.0945281 0.156611 0.172744 0.157132 0.140656 0.111349 0.0695264 0.0346849 0.0138831 0.00427995 0.000986017 0.000166834 2.01765e-05 1.68685e-06 9.49095e-08 3.53158e-09 8.59185e-11
 1.41148e-11 1.53203e-09 9.805e-08 3.70013e-06 8.23349e-05 0.00108039 0.00836261 0.0382303 0.103746 0.170493 0.182418 0.15403 0.127448 0.0989159 0.0636233 0.0330137 0.0134129 0.00407287 0.000904112 0.000145506 1.66909e-05 1.33e-06 7.17125e-08 2.55587e-09 5.90303e-11
 1.35865e-11 1.47469e-09 9.438e-08 3.56164e-06 7.92543e-05 0.00104002 0.00805148 0.0368314 0.10018 0.165954 0.181819 0.160438 0.136038 0.102442 0.0615193 0.0296896 0.0115483 0.00346247 0.000766368 0.000121615 1.34887e-05 1.02208e-06 5.19124e-08 1.73771e-09 3.77233e-11
 1.13724e-11 1.23437e-09 7.90001e-08 2.98127e-06 6.63418e-05 0.000870669 0.00674328 0.0308953 0.0845186 0.142856 0.166137 0.164072 0.153687 0.121378 0.0745635 0.0359748 0.0135065 0.00380733 0.000788901 0.000118603 1.26306e-05 9.23152e-07 4.50113e-08 1.43291e-09 2.9311e-11
 9.25555e-12 1.00461e-09 6.42951e-08 2.42637e-06 5.39958e-05 0.000708745 0.00549212 0.0252115 0.0694406 0.120046 0.148324 0.161685 0.164945 0.139451 0.092261 0.0475154 0.0184462 0.00520162 0.00104862 0.000149837 1.49451e-05 1.01932e-06 4.65492e-08 1.39512e-09 2.69438e-11
 1.21063e-11 1.31402e-09 8.40979e-08 3.17365e-06 7.06228e-05 0.000926844 0.0071777 0.0328684 0.0896792 0.14983 0.167397 0.152704 0.13652 0.114049 0.0798652 0.0440685 0.018159 0.00537974 0.00112242 0.000162033 1.58796e-05 1.03849e-06 4.46793e-08 1.24854e-09 2.23861e-11
 1.17606e-11 1.27651e-09 8.16969e-08 3.08308e-06 6.86101e-05 0.00090055 0.00697731 0.0320012 0.087773 0.14906 0.173486 0.167183 0.148741 0.112612 0.0685222 0.0340162 0.0135449 0.00408306 0.000882342 0.000131392 1.31035e-05 8.5724e-07 3.62255e-08 9.76912e-10 1.66465e-11
 1.23732e-11 1.343e-09 8.59524e-08 3.24368e-06 7.21843e-05 0.000947466 0.00734061 0.03366 0.0922124 0.155773 0.178101 0.165736 0.143574 0.108857 0.0664606 0.0317728 0.0115985 0.0031597 0.000631964 9.03733e-05 8.89163e-06 5.80029e-07 2.44065e-08 6.50325e-10 1.08377e-11
 1.17203e-11 1.27213e-09 8.14172e-08 3.07258e-06 6.83797e-05 0.000897663 0.00695812 0.0319551 0.0879572 0.150616 0.177699 0.172457 0.151454 0.111725 0.065033 0.0296211 0.0103303 0.00266132 0.00049297 6.4336e-05 5.78925e-06 3.5064e-07 1.39485e-08 3.56326e-10 5.73749e-12
 1.20618e-11 1.30921e-09 8.37903e-08 3.16215e-06 7.03742e-05 0.000923877 0.00716176 0.032892 0.0905036 0.154563 0.180453 0.171345 0.147809 0.109069 0.0638882 0.0287993 0.00968996 0.0023644 0.000410576 4.98373e-05 4.13567e-06 2.29315e-07 8.32771e-09 1.94765e-10 2.89132e-12
 1.28146e-11 1.39091e-09 8.90195e-08 3.35952e-06 7.47676e-05 0.000981586 0.00760956 0.0349494 0.0961181 0.163622 0.188523 0.173151 0.142523 0.100579 0.0566953 0.0247657 0.00811798 0.00192533 0.000321321 3.69196e-05 2.86155e-06 1.46797e-07 4.90065e-09 1.04899e-10 1.42134e-12
 1.21067e-11 1.31408e-09 8.41031e-08 3.17405e-06 7.06454e-05 0.000927678 0.00719647 0.033117 0.0915874 0.158208 0.188033 0.179662 0.150088 0.103541 0.0556618 0.0229388 0.00709089 0.0015925 0.000252573 2.75882e-05 2.02527e-06 9.77451e-08 3.04598e-09 6.04229e-11 7.54369e-13
 1.28502e-11 1.39479e-09 8.92686e-08 3.36902e-06 7.49851e-05 0.000984661 0.00763791 0.0351325 0.0969649 0.166242 0.19335 0.17766 0.143337 0.0975868 0.0521774 0.0210781 0.00623793 0.00131661 0.000194481 1.97538e-05 1.3512e-06 6.0895e-08 1.77318e-09 3.28298e-11 3.8159e-13
 1.20597e-11 1.30899e-09 8.37785e-08 3.16194e-06 7.03841e-05 0.00092454 0.00717807 0.0331007 0.0919806 0.160373 0.192846 0.184317 0.150591 0.100174 0.0514405 0.019958 0.0057019 0.00116085 0.000163837 1.56875e-05 9.99971e-07 4.17139e-08 1.12154e-09 1.91752e-11 2.06034e-13
 1.21784e-11 1.32187e-09 8.46036e-08 3.19314e-06 7.10821e-05 0.000933814 0.00725184 0.0334561 0.0930212 0.162137 0.194158 0.183793 0.149064 0.099244 0.0509184 0.0194165 0.00534444 0.00103498 0.000138246 1.25037e-05 7.50736e-07 2.9354e-08 7.35327e-10 1.16483e-11 1.15481e-13
 1.08178e-11 1.17421e-09 7.5155e-08 2.83676e-06 6.31629e-05 0.000830287 0.00645864 0.0299303 0.0841882 0.150819 0.190165 0.191299 0.160267 0.106312 0.0533829 0.0198351 0.00531187 0.00099569 0.000127512 1.09398e-05 6.1781e-07 2.26019e-08 5.28142e-10 7.7874e-12 7.17098e-14
 1.08918e-11 1.18224e-09 7.56704e-08 2.85629e-06 6.36016e-05 0.000836154 0.00650558 0.0301537 0.084784 0.151455 0.189465 0.188893 0.1588 0.107305 0.0548642 0.0204093 0.00536109 0.000971557 0.000119311 9.76206e-06 5.22998e-07 1.80479e-08 3.95584e-10 5.445e-12 4.66349e-14
 1.125e-11 1.22113e-09 7.81604e-08 2.95041e-06 6.5704e-05 0.000863989 0.0067253 0.031199 0.0878241 0.156871 0.194923 0.19036 0.154975 0.101386 0.0505492 0.018492 0.00479641 0.000855467 0.000102418 8.07524e-06 4.12652e-07 1.34802e-08 2.78226e-10 3.59204e-12 2.87624e-14
#pred catch len freq
 7.99006e-12 8.67244e-10 5.55035e-08 2.09453e-06 4.66064e-05 0.000611522 0.00473237 0.0216225 0.0586467 0.0969729 0.109658 0.114409 0.129853 0.126691 0.0972653 0.0683296 0.0481454 0.0334524 0.0235667 0.0173669 0.0136986 0.0117454 0.0103584 0.00807969 0.00474694
 7.21369e-12 7.82976e-10 5.01104e-08 1.89102e-06 4.20781e-05 0.000552124 0.00427338 0.0195411 0.0532171 0.0897288 0.109405 0.132571 0.165759 0.161481 0.113608 0.066787 0.0373693 0.0195875 0.0100295 0.00557592 0.00352018 0.00254276 0.00201432 0.00150752 0.000885687
 1.05231e-11 1.14218e-09 7.30995e-08 2.75855e-06 6.13815e-05 0.000805374 0.00623202 0.0284627 0.0770368 0.126076 0.136579 0.128455 0.133258 0.126666 0.097089 0.0658848 0.039816 0.0195708 0.0080393 0.00313034 0.00131241 0.00066556 0.000418511 0.000280134 0.000158299
 1.13748e-11 1.23462e-09 7.90156e-08 2.98181e-06 6.63493e-05 0.000870555 0.00673637 0.0307658 0.0832658 0.136231 0.147372 0.137835 0.140665 0.127638 0.0871441 0.0498006 0.0274107 0.0140887 0.00637426 0.00246816 0.000821951 0.000264117 0.000101804 5.0567e-05 2.53245e-05
 9.41584e-12 1.022e-09 6.54078e-08 2.46829e-06 5.49231e-05 0.000720648 0.00557697 0.0254839 0.0691528 0.114607 0.130776 0.138933 0.158284 0.148754 0.101367 0.0562367 0.0288374 0.013151 0.00523335 0.00192373 0.000647373 0.000189298 4.97195e-05 1.42001e-05 4.95547e-06
 1.12014e-11 1.2158e-09 7.78112e-08 2.93636e-06 6.53379e-05 0.000857286 0.00663373 0.0302977 0.0820084 0.134251 0.145593 0.137114 0.141197 0.12964 0.0906846 0.0532977 0.0285495 0.0128958 0.0047675 0.00153714 0.000450527 0.000120077 2.84714e-05 5.9808e-06 1.23504e-06
 1.21951e-11 1.32366e-09 8.47142e-08 3.19685e-06 7.11343e-05 0.000933334 0.00722202 0.0329804 0.0892129 0.145586 0.155748 0.141351 0.139651 0.124146 0.0821767 0.0439553 0.0218131 0.00975709 0.0037267 0.00122292 0.00034182 8.12341e-05 1.67605e-05 3.019e-06 4.72946e-07
 1.28698e-11 1.39689e-09 8.94007e-08 3.37371e-06 7.50694e-05 0.000984963 0.00762137 0.0348008 0.0940915 0.15318 0.162162 0.142916 0.136673 0.119391 0.0775531 0.0399675 0.0187828 0.00785905 0.00277434 0.000858226 0.000236558 5.60038e-05 1.10079e-05 1.77484e-06 2.35698e-07
 1.2224e-11 1.3268e-09 8.49148e-08 3.20442e-06 7.13028e-05 0.000935547 0.0072392 0.0330605 0.0894507 0.146145 0.157135 0.144495 0.144304 0.127443 0.0814518 0.0401581 0.0178087 0.00707153 0.00234735 0.000667688 0.000167885 3.69386e-05 6.96755e-06 1.08812e-06 1.35403e-07
 1.23178e-11 1.33697e-09 8.55661e-08 3.229e-06 7.18497e-05 0.000942721 0.00729466 0.0333123 0.0901134 0.147077 0.15744 0.143098 0.141433 0.12517 0.0815387 0.0419207 0.0194125 0.00778475 0.0025137 0.000676696 0.000158372 3.19704e-05 5.49912e-06 7.94411e-07 9.34964e-08
 1.23569e-11 1.34122e-09 8.58379e-08 3.23926e-06 7.20779e-05 0.000945715 0.00731784 0.0334184 0.0904031 0.147573 0.158073 0.143907 0.142339 0.125552 0.0808301 0.0405626 0.0183611 0.00735903 0.00242514 0.000666716 0.000155086 2.9976e-05 4.79336e-06 6.33181e-07 6.8006e-08
 1.19938e-11 1.30182e-09 8.33161e-08 3.14409e-06 6.99604e-05 0.000917935 0.00710299 0.0324399 0.0877917 0.143598 0.155153 0.144534 0.146232 0.129813 0.0831242 0.0410171 0.0181122 0.00706506 0.00225408 0.000601275 0.000138347 2.68453e-05 4.26493e-06 5.43161e-07 5.45489e-08
 1.23662e-11 1.34223e-09 8.59029e-08 3.24171e-06 7.21324e-05 0.00094643 0.00732334 0.0334429 0.0904602 0.147593 0.157758 0.142816 0.140614 0.124413 0.0813419 0.0421649 0.0196995 0.00793151 0.00255455 0.000678128 0.000153365 2.91008e-05 4.55258e-06 5.76063e-07 5.71794e-08
 1.18171e-11 1.28263e-09 8.20884e-08 3.09776e-06 6.89295e-05 0.000904409 0.00699836 0.0319627 0.0865102 0.141581 0.15334 0.14376 0.146453 0.130673 0.084457 0.0425483 0.019371 0.00782629 0.00260909 0.00072607 0.000169741 3.25007e-05 5.0363e-06 6.25934e-07 6.11108e-08
 1.04234e-11 1.13136e-09 7.2407e-08 2.73242e-06 6.08002e-05 0.000797757 0.00617349 0.0282049 0.0764698 0.126199 0.141546 0.144559 0.158912 0.145262 0.0936682 0.0463173 0.0204629 0.00796743 0.00253168 0.000673181 0.000155232 3.03165e-05 4.8315e-06 6.09433e-07 5.93424e-08
 1.07069e-11 1.16213e-09 7.43761e-08 2.80673e-06 6.24536e-05 0.000819448 0.0063412 0.0289678 0.0784933 0.129177 0.14323 0.142431 0.153398 0.140376 0.0927694 0.0484457 0.0226926 0.00904274 0.00283441 0.000723832 0.000158139 2.93666e-05 4.55027e-06 5.74691e-07 5.69355e-08
 1.20254e-11 1.30524e-09 8.35354e-08 3.15237e-06 7.01445e-05 0.000920349 0.00712162 0.0325237 0.0880013 0.143802 0.154734 0.142625 0.143053 0.127506 0.0835911 0.0434873 0.0204751 0.0083699 0.00276172 0.000749355 0.000169182 3.10821e-05 4.62369e-06 5.57381e-07 5.35096e-08
 1.23563e-11 1.34116e-09 8.58339e-08 3.23911e-06 7.20746e-05 0.000945673 0.00731757 0.0334185 0.0904217 0.14775 0.158941 0.146313 0.14603 0.128068 0.0799641 0.0373101 0.0153399 0.00571663 0.00178707 0.000470641 0.000106712 2.02512e-05 3.10593e-06 3.75307e-07 3.50685e-08
 1.26891e-11 1.37728e-09 8.81459e-08 3.32636e-06 7.40159e-05 0.000971141 0.00751452 0.0343151 0.0928085 0.151335 0.161339 0.144973 0.141329 0.123537 0.0784831 0.0382325 0.0164953 0.00618821 0.00184327 0.000445783 9.32285e-05 1.68825e-05 2.5653e-06 3.15619e-07 3.01977e-08
 1.24604e-11 1.35245e-09 8.65569e-08 3.26639e-06 7.26816e-05 0.000953638 0.00737918 0.0336994 0.0911758 0.148934 0.159987 0.146711 0.145814 0.127513 0.079227 0.0365165 0.0146832 0.00529435 0.00156594 0.000377656 7.65971e-05 1.29425e-05 1.80684e-06 2.08423e-07 1.94045e-08
 1.31726e-11 1.42976e-09 9.15047e-08 3.45311e-06 7.68362e-05 0.00100814 0.00780071 0.0356192 0.0962973 0.156715 0.165638 0.145268 0.13789 0.119102 0.0751387 0.036203 0.0153946 0.00569672 0.00166637 0.000389918 7.71226e-05 1.28525e-05 1.7533e-06 1.92181e-07 1.6672e-08
 1.37689e-11 1.49448e-09 9.56464e-08 3.6094e-06 8.03139e-05 0.00105377 0.00815365 0.0372283 0.100613 0.163464 0.171485 0.147131 0.135921 0.115092 0.0702657 0.0314889 0.0121704 0.0042553 0.00123352 0.000291703 5.77802e-05 9.44494e-06 1.25077e-06 1.33324e-07 1.12215e-08
 1.36362e-11 1.48008e-09 9.47246e-08 3.57461e-06 7.95399e-05 0.00104362 0.00807516 0.0368715 0.0996714 0.162113 0.170898 0.148685 0.139369 0.11801 0.0705816 0.0298238 0.0104181 0.00328235 0.000857651 0.000179288 3.17924e-05 4.89604e-06 6.33032e-07 6.61649e-08 5.4229e-09
 1.39479e-11 1.51391e-09 9.68899e-08 3.65633e-06 8.13581e-05 0.00106747 0.0082596 0.037711 0.101903 0.16544 0.173001 0.147035 0.134354 0.113322 0.0692731 0.0311648 0.0120014 0.00405253 0.00107206 0.000216503 3.56292e-05 4.94678e-06 5.72958e-07 5.49475e-08 4.28458e-09
 1.35627e-11 1.47211e-09 9.42146e-08 3.55537e-06 7.91116e-05 0.001038 0.00803167 0.0366728 0.0991316 0.161214 0.16986 0.147581 0.138275 0.117612 0.0715422 0.0316297 0.0119162 0.00402142 0.00110319 0.000238894 4.21276e-05 5.98379e-06 6.67663e-07 5.88374e-08 4.13126e-09
 1.33608e-11 1.45018e-09 9.28114e-08 3.50242e-06 7.79335e-05 0.00102254 0.00791214 0.0361285 0.0976812 0.159023 0.168332 0.148194 0.14084 0.120231 0.0726684 0.0314766 0.0114503 0.00372731 0.000985985 0.000204996 3.52864e-05 5.09474e-06 5.95045e-07 5.43945e-08 3.79606e-09
 1.301e-11 1.41211e-09 9.03752e-08 3.41048e-06 7.58878e-05 0.000995702 0.00770456 0.0351828 0.095153 0.15514 0.165304 0.148231 0.143723 0.12373 0.075043 0.0326459 0.0119342 0.00387952 0.00101167 0.000203798 3.35042e-05 4.61096e-06 5.19625e-07 4.70743e-08 3.35159e-09
 1.35642e-11 1.47227e-09 9.4225e-08 3.55576e-06 7.91204e-05 0.00103811 0.00803257 0.036677 0.0991449 0.161251 0.169968 0.147843 0.138671 0.117892 0.0714781 0.0313042 0.0115776 0.00380129 0.000997561 0.000201747 3.30752e-05 4.47352e-06 4.86965e-07 4.21768e-08 2.88401e-09
#obs catch len freq
 9.8339e-12 1.06738e-09 6.83121e-08 2.57789e-06 5.73618e-05 0.000752643 0.00582439 0.0266094 0.072121 0.118737 0.131451 0.129565 0.139665 0.135296 0.104569 0.0688484 0.0391446 0.0181541 0.00671249 0.00196403 0.000442562 7.41098e-05 8.91448e-06 7.46047e-07 4.22095e-08
 1.00336e-11 1.08906e-09 6.96996e-08 2.63025e-06 5.8527e-05 0.000767935 0.00594285 0.0271526 0.0736122 0.121273 0.134324 0.131761 0.140221 0.13413 0.102536 0.0665125 0.0369912 0.0166766 0.00595187 0.00166686 0.000356562 5.62592e-05 6.33426e-06 4.93435e-07 2.58695e-08
 7.04516e-12 7.64686e-10 4.89398e-08 1.84685e-06 4.10956e-05 0.000539251 0.00417435 0.019099 0.0521181 0.0884023 0.108816 0.13112 0.161261 0.160526 0.123209 0.0793453 0.043408 0.0191162 0.00661722 0.00178141 0.000362902 5.40653e-05 5.7055e-06 4.14119e-07 2.01364e-08
 1.74893e-11 1.89829e-09 1.21491e-07 4.58468e-06 0.000102015 0.00133848 0.0103556 0.0472577 0.127363 0.203921 0.19939 0.133625 0.0841533 0.0646505 0.0526985 0.038391 0.0223888 0.00992802 0.00336297 0.000873183 0.000169882 2.39677e-05 2.37714e-06 1.6112e-07 7.27864e-09
 7.49792e-12 8.13829e-10 5.2085e-08 1.96554e-06 4.37375e-05 0.000573955 0.00444427 0.0203592 0.0558458 0.0966243 0.125635 0.1607 0.193487 0.170012 0.100327 0.0439897 0.017672 0.00704747 0.00244445 0.000649026 0.000124601 1.68785e-05 1.58258e-06 1.00515e-07 4.23049e-09
 1.3285e-11 1.44196e-09 9.22853e-08 3.48257e-06 7.7492e-05 0.00101676 0.00786762 0.0359263 0.0970957 0.157402 0.162127 0.129257 0.110404 0.104088 0.0894416 0.0614731 0.0303862 0.0103197 0.00252596 0.000495492 8.13723e-05 1.03942e-05 9.40768e-07 5.7154e-08 2.26985e-09
 1.12212e-11 1.21796e-09 7.79491e-08 2.94157e-06 6.54551e-05 0.000858883 0.00664795 0.0303965 0.0826243 0.137248 0.154647 0.151558 0.150395 0.126671 0.0813251 0.0437729 0.0215078 0.0088872 0.0027216 0.000576922 8.36572e-05 8.50492e-06 6.23382e-07 3.27636e-08 1.18664e-09
 1.59094e-11 1.72682e-09 1.10516e-07 4.17055e-06 9.28008e-05 0.00121763 0.00942198 0.0430234 0.116248 0.188087 0.191454 0.144691 0.108062 0.0840126 0.0580039 0.0333205 0.0152255 0.00533105 0.0014461 0.000305185 4.7589e-05 5.12351e-06 3.65567e-07 1.7076e-08 5.23397e-10
 1.29229e-11 1.40266e-09 8.97699e-08 3.38766e-06 7.53814e-05 0.000989138 0.00765618 0.0350039 0.0950802 0.157201 0.173112 0.158712 0.144194 0.112812 0.0664669 0.0309256 0.0123237 0.00412158 0.00107861 0.000210703 2.99441e-05 3.02855e-06 2.11686e-07 9.87321e-09 2.9794e-10
 1.37902e-11 1.4968e-09 9.5795e-08 3.61503e-06 8.04405e-05 0.00105551 0.00816929 0.0373365 0.101244 0.166116 0.177622 0.151696 0.129547 0.10369 0.067879 0.0355421 0.0144725 0.0043776 0.000979488 0.000165799 2.11449e-05 1.95459e-06 1.25407e-07 5.4086e-09 1.53169e-10
 1.38773e-11 1.50625e-09 9.64001e-08 3.63787e-06 8.09492e-05 0.0010622 0.00822173 0.0375862 0.102017 0.167892 0.180945 0.156076 0.132071 0.101676 0.0629115 0.0315081 0.0128213 0.0040253 0.000929228 0.000153621 1.78963e-05 1.45435e-06 8.17137e-08 3.12675e-09 7.97065e-11
 1.25563e-11 1.36287e-09 8.72235e-08 3.29158e-06 7.32447e-05 0.000961158 0.00744121 0.034046 0.0926956 0.154286 0.172265 0.159596 0.143807 0.112924 0.0695685 0.0340571 0.013276 0.0039617 0.00087867 0.00014224 1.63588e-05 1.29414e-06 6.86138e-08 2.39685e-09 5.45487e-11
 1.39308e-11 1.51206e-09 9.67721e-08 3.65191e-06 8.12625e-05 0.00106635 0.00825466 0.0377487 0.102547 0.169076 0.182454 0.156137 0.129824 0.0999336 0.0633472 0.0321728 0.0126975 0.00372484 0.000794841 0.000122258 1.33248e-05 1.00356e-06 5.09164e-08 1.70127e-09 3.6727e-11
 1.34593e-11 1.46089e-09 9.34969e-08 3.52833e-06 7.85137e-05 0.00103033 0.00797742 0.0365065 0.099417 0.165274 0.18257 0.162721 0.137835 0.10256 0.0606294 0.0286561 0.0108306 0.00313362 0.000665331 0.000100696 1.05952e-05 7.58028e-07 3.61984e-08 1.135e-09 2.30079e-11
 1.1306e-11 1.22716e-09 7.85384e-08 2.96386e-06 6.59554e-05 0.000865642 0.00670548 0.0307388 0.0842291 0.142999 0.167748 0.166737 0.155188 0.120791 0.0728952 0.0343481 0.012504 0.00339847 0.000675306 9.67605e-05 9.7621e-06 6.72604e-07 3.07925e-08 9.17383e-10 1.75128e-11
 9.23381e-12 1.00225e-09 6.41443e-08 2.42069e-06 5.38707e-05 0.000707156 0.00548112 0.0251795 0.0695003 0.120787 0.150555 0.164724 0.166566 0.13871 0.0900156 0.0451478 0.0169505 0.00459868 0.000887401 0.000120695 1.13962e-05 7.32222e-07 3.13672e-08 8.78793e-10 1.58212e-11
 1.21409e-11 1.31778e-09 8.43386e-08 3.18275e-06 7.08264e-05 0.000929557 0.00719972 0.0329829 0.0900964 0.150961 0.16954 0.155145 0.13776 0.113408 0.0777895 0.0417185 0.0165943 0.00471927 0.000939992 0.000128855 1.19342e-05 7.34497e-07 2.96262e-08 7.73575e-10 1.29233e-11
 1.18233e-11 1.28332e-09 8.2133e-08 3.09956e-06 6.89782e-05 0.000905441 0.00701657 0.0321991 0.0884455 0.150693 0.176175 0.169587 0.149022 0.110897 0.0662027 0.0320435 0.0123302 0.00356341 0.000733411 0.000103449 9.72815e-06 5.97834e-07 2.36547e-08 5.95622e-10 9.45383e-12
 1.24881e-11 1.35547e-09 8.67506e-08 3.27383e-06 7.28567e-05 0.000956351 0.00741076 0.0339983 0.0932527 0.157927 0.181088 0.168015 0.143536 0.106733 0.0636868 0.0295763 0.0104219 0.00272451 0.000519393 7.03038e-05 6.51007e-06 3.98047e-07 1.56519e-08 3.88817e-10 6.02925e-12
 1.18618e-11 1.28749e-09 8.24008e-08 3.10973e-06 6.92084e-05 0.000908617 0.00704462 0.0323716 0.0892288 0.153191 0.181094 0.174741 0.150934 0.109055 0.0620058 0.0274138 0.00921245 0.00227266 0.000400741 4.9492e-05 4.19121e-06 2.37768e-07 8.82612e-09 2.09824e-10 3.138e-12
 1.22347e-11 1.32797e-09 8.49914e-08 3.20751e-06 7.13858e-05 0.000937235 0.00726693 0.0333938 0.0920002 0.157457 0.184026 0.173552 0.147111 0.106174 0.060612 0.0264595 0.00856509 0.00199905 0.000330088 3.78762e-05 2.95574e-06 1.5345e-07 5.19879e-09 1.13093e-10 1.55792e-12
 1.30127e-11 1.41241e-09 9.03962e-08 3.41151e-06 7.59271e-05 0.000996893 0.00772991 0.0355209 0.0977992 0.166768 0.192158 0.175048 0.14136 0.0974386 0.0534816 0.022604 0.00711856 0.00161204 0.000255412 2.77107e-05 2.01833e-06 9.68992e-08 3.01695e-09 6.00567e-11 7.5503e-13
 1.23285e-11 1.33816e-09 8.56445e-08 3.23228e-06 7.19444e-05 0.00094484 0.00733162 0.0337604 0.0934838 0.161741 0.192018 0.181511 0.14845 0.0999022 0.0522433 0.020816 0.0061775 0.00132347 0.000199048 2.0504e-05 1.41291e-06 6.37659e-08 1.85239e-09 3.41666e-11 3.95777e-13
 1.30886e-11 1.42066e-09 9.09252e-08 3.43159e-06 7.63811e-05 0.0010031 0.00778295 0.0358201 0.0989695 0.16989 0.197304 0.179348 0.141584 0.093879 0.0487153 0.0189862 0.00538673 0.00108371 0.000151709 1.45225e-05 9.31677e-07 3.92288e-08 1.06397e-09 1.83046e-11 1.9732e-13
 1.23151e-11 1.33671e-09 8.55539e-08 3.22902e-06 7.18815e-05 0.000944344 0.00733426 0.0338446 0.0941624 0.164354 0.197096 0.185926 0.148404 0.0960907 0.047874 0.0179079 0.00489836 0.000948994 0.000126758 1.14289e-05 6.82976e-07 2.66093e-08 6.6611e-10 1.05769e-11 1.05338e-13
 1.24507e-11 1.35143e-09 8.64965e-08 3.26467e-06 7.2679e-05 0.000954938 0.00741841 0.0342482 0.0953315 0.166301 0.198516 0.185388 0.146783 0.0949777 0.0471785 0.017314 0.00455786 0.000839298 0.000106009 9.01942e-06 5.07206e-07 1.85101e-08 4.31569e-10 6.34836e-12 5.83328e-14
 1.10985e-11 1.20468e-09 7.71067e-08 2.91055e-06 6.48119e-05 0.000852149 0.00663182 0.0307608 0.0866422 0.155309 0.194911 0.192999 0.157702 0.101655 0.0493989 0.0176477 0.00451363 0.000803308 9.71612e-05 7.83525e-06 4.142e-07 1.41358e-08 3.07278e-10 4.20533e-12 3.58789e-14
 1.11867e-11 1.21426e-09 7.7721e-08 2.93383e-06 6.53346e-05 0.000859132 0.00668752 0.0310244 0.0873424 0.156094 0.194348 0.190744 0.156316 0.10247 0.0505863 0.018059 0.00452502 0.000777862 9.01292e-05 6.92455e-06 3.4696e-07 1.11622e-08 2.27505e-10 2.90582e-12 2.30544e-14
#spawning biomass
 21756.6 12629.3 11037.2 14989.6 19712.7 20105.4 25099.7 35840.9 48103.1 64795.4 81802.9 94637.4 124446 156941 146604 118718 111082 96490.8 108641 105216 119559 123561 112465 133380 153582 144738 129425 110303 75269.3 152491 178862 177354 163485 146188 129913 116434 106066 98464.6 93072.1 89335.8 86791.4 85080.4 83934.2 83159.4 82660.4 82339.1 82132.1 81998.8 81913 81857.7 81822.1 81799.1 81784.4 81774.9 81768.7 81764.8 81762.2 81760.6 81759.5 81758.9 81758.4 81758.1 81758 81757.9 81757.8 81757.7 81757.7 81757.7 81757.7 81757.7 81757.6 81757.6 81757.6 81757.6 81757.6 81757.6 81757.6 81757.6 81757.6 81757.6 81757.6 81757.6 81757.6 81757.6 81757.6 81757.6 81757.6 81757.6 81757.6 81757.6 81757.6 81757.6 81757.6 81757.6 81757.6 81757.6 81757.6 81757.6 81757.6 81757.6 81757.6 81757.6 81757.6 81757.6 81757.6 81757.6 81757.6 81757.6 81757.6 81757.6 81757.6 81757.6 81757.6 81757.6 81757.6 81757.6 81757.6 81757.6 81757.6 81757.6 81757.6 81757.6 81757.6 81757.6 81757.6 81757.6 81757.6 81757.6 0 0 0 0 0 0 0 0 0 0 0 0 0 0 0 0 0 0 0 0 0 0 0 0 0
