SBPRF35
0.224663
Curr Bio
36469.6
B35
70275
F35
0.484445
FOFL
0.311694
OFL
15870.8
Bzero
64189.3
#pred survey bio
 6403.11 6555.62 7325 9517.32 12496.7 15444.1 14444.6 14154.4 21962.3 34294.3 36547.3 39845.5 63524.7 74783.1 65534 54515.6 53942.5 56177.8 51545.7 51413.1 52511.1 59139.5 68163.7 72007.4 81380.2 84514.6 81451.7 87513.2 3.59625e+06 2.4778e+06 2.05766e+06 1.52207e+06 1.16674e+06 970572 869257 817975 791833 778155 770720 766499 763999 762462 761488 760857 760444 760172 759990 759868 759787 759732 759695 759669 759653 759641 759633 759628 759625 759622 759621 759619 759619 759618 759618 759618 759618 759617 759617 759617 759617 759617 759617 759617 759617 759617 759617 759617 759617 759617 759617 759617 759617 759617 759617 759617 759617 759617 759617 759617 759617 759617 759617 759617 759617 759617 759617 759617 759617 759617 759617 759617 759617 759617 759617 759617 759617 759617 759617 759617 759617 759617 759617 759617 759617 759617 759617 759617 759617 759617 759617 759617 759617 759617 759617 759617 759617 759617 759617 759617 0 0 0 0 0 0 0 0 0 0 0 0 0 0 0 0 0 0 0 0 0 0 0 0 0
#obs survey bio
 5371.65 7174.07 6780.54 10070.5 12311.6 16963.4 19591 18082.5 36814.2 32186 32193.3 45468.8 101186 78708.6 73479.7 58218.2 56647.8 51754.6 73746.4 44759 59900.8 97591.8 68612.8 67447.2 89408.9 65118.6 83202.5 142330
#pred catch bio
 3356.94 3535.34 3506.99 4651.2 5854.08 8588.09 8564.96 7749.34 8275.69 17917.2 24521.2 18205.1 33301.9 45905.9 42742.1 34263.4 31287.6 36271.2 31662.8 31884.6 30900.9 31893.3 41411.9 40815.1 46147.2 51321 47464.9 43078.5 15870.8 32394.2 28118.4 19788 14327.9 11478.9 10116.2 9494.33 9218.79 9099.04 9047.66 9025.82 9016.59 9012.7 9011.07 9010.39 9010.1 9009.98 9009.93 9009.91 9009.9 9009.9 9009.9 9009.9 9009.9 9009.9 9009.9 9009.9 9009.9 9009.9 9009.9 9009.9 9009.9 9009.9 9009.9 9009.9 9009.9 9009.9 9009.9 9009.9 9009.9 9009.9 9009.9 9009.9 9009.9 9009.9 9009.9 9009.9 9009.9 9009.9 9009.9 9009.9 9009.9 9009.9 9009.9 9009.9 9009.9 9009.9 9009.9 9009.9 9009.9 9009.9 9009.9 9009.9 9009.9 9009.9 9009.9 9009.9 9009.9 9009.9 9009.9 9009.9 9009.9 9009.9 9009.9 9009.9 9009.9 9009.9 9009.9 9009.9 9009.9 9009.9 9009.9 9009.9 9009.9 9009.9 9009.9 9009.9 9009.9 9009.9 9009.9 9009.9 9009.9 9009.9 9009.9 9009.9 9009.9 9009.9 9009.9 9009.9 0 0 0 0 0 0 0 0 0 0 0 0 0 0 0 0 0 0 0 0 0 0 0 0 0
#obs catch bio
 3414.24 3613.35 3499.84 4702.75 5807.41 8583.67 8631.98 7889.88 8036.4 17472.8 25438.9 17992.2 32355 46139.2 43027.4 35408.3 31213.2 37107.9 31464.4 32724 31511 31073.2 41898.9 41242 45509.1 51882.1 48085.8 43342.3
#pred cpue bio
 4472.32 4311.74 4669.5 6014.36 7810.27 10141.7 9920.86 8987.18 12142.8 22072.2 24454.5 22394 38155.2 48418.8 43906.3 35350.4 33487 36297.8 32571.2 32569.6 32656 36486.2 43671.2 44497.8 51267.8 55155.3 52280.9 54981.4 2.37072e+06 2.06247e+06 1.88787e+06 1.38212e+06 1.02703e+06 830472 729065 677767 651622 637943 630508 626287 623787 622250 621276 620645 620232 619960 619778 619657 619575 619520 619483 619458 619441 619429 619422 619416 619413 619410 619409 619408 619407 619407 619406 619406 619406 619406 619406 619406 619406 619406 619405 619405 619405 619405 619405 619405 619405 619405 619405 619405 619405 619405 619405 619405 619405 619405 619405 619405 619405 619405 619405 619405 619405 619405 619405 619405 619405 619405 619405 619405 619405 619405 619405 619405 619405 619405 619405 619405 619405 619405 619405 619405 619405 619405 619405 619405 619405 619405 619405 619405 619405 619405 619405 619405 619405 619405 619405 619405 0 0 0 0 0 0 0 0 0 0 0 0 0 0 0 0 0 0 0 0 0 0 0 0 0
#obs cpue bio
 4654.74 2474.85 5395.62 4396.49 10378.1 8446.94 6590.25 6574.4 15646.9 21598.9 18375.8 22637 42724.5 31522.5 32953.5 20613.9 32725 27641.5 30930.8 16193.6 27675.5 42427.2 27849.6 38174.7 69083.2 50464.1 43015.6 42139.5
#pred surv len freq
 2.14382e-27 2.16887e-27 6.17757e-27 1.37154e-21 8.15705e-17 1.11533e-12 3.50606e-09 2.53384e-06 0.000420994 0.0160817 0.14123 0.285148 0.132897 0.028479 0.0880116 0.123691 0.0492684 0.0365864 0.0314671 0.019026 0.0144872 0.01109 0.0100707 0.00857123 0.0034706
 2.14293e-27 2.16743e-27 6.05908e-27 1.33139e-21 7.91829e-17 1.08269e-12 3.40343e-09 2.45967e-06 0.000408671 0.0156109 0.137096 0.276803 0.129156 0.0316073 0.109629 0.154012 0.0584137 0.0348346 0.0271306 0.0110673 0.0059735 0.00341726 0.00239425 0.00175616 0.000687123
 2.14377e-27 2.1697e-27 6.31417e-27 1.41797e-21 8.43319e-17 1.15309e-12 3.62475e-09 2.61961e-06 0.000435245 0.0166261 0.146011 0.294801 0.137443 0.0306897 0.0986035 0.138556 0.0542334 0.0373024 0.0289454 0.00995259 0.00395229 0.00139409 0.000604168 0.000330082 0.000116948
 2.14394e-27 2.17013e-27 6.36001e-27 1.43351e-21 8.52564e-17 1.16573e-12 3.66449e-09 2.64833e-06 0.000440017 0.0168083 0.147612 0.298033 0.13894 0.0307717 0.0981295 0.137836 0.053257 0.0346644 0.0271497 0.0104215 0.00434843 0.00119168 0.000285823 8.47778e-05 2.33897e-05
 2.1442e-27 2.17076e-27 6.42419e-27 1.45527e-21 8.65507e-17 1.18343e-12 3.72012e-09 2.68854e-06 0.000446697 0.0170635 0.149853 0.302558 0.141032 0.0307739 0.0967793 0.135904 0.0521849 0.0330011 0.0255939 0.00944848 0.00393038 0.00115233 0.000236173 3.57256e-05 5.38037e-06
 2.14239e-27 2.16634e-27 5.95977e-27 1.29775e-21 7.7182e-17 1.05533e-12 3.31743e-09 2.39752e-06 0.000398344 0.0152165 0.133632 0.269809 0.125938 0.0320219 0.114269 0.160613 0.0616846 0.0390387 0.030238 0.0110426 0.00450172 0.00129132 0.000266576 3.38649e-05 2.67076e-06
 2.14079e-27 2.16248e-27 5.5608e-27 1.16246e-21 6.91357e-17 9.45308e-13 2.97159e-09 2.14757e-06 0.000356816 0.0136301 0.119701 0.241682 0.112951 0.032448 0.125347 0.176392 0.0694817 0.0490662 0.0383291 0.0135057 0.0052931 0.00147876 0.000296456 3.64637e-05 2.34298e-06
 2.14426e-27 2.17101e-27 6.46351e-27 1.46867e-21 8.73476e-17 1.19432e-12 3.75437e-09 2.71329e-06 0.00045081 0.0172206 0.151232 0.305343 0.142274 0.029558 0.0885173 0.124436 0.0505426 0.0400923 0.0319653 0.0119095 0.00485962 0.00131286 0.000251717 2.98988e-05 1.82158e-06
 2.14734e-27 2.1784e-27 7.22136e-27 1.72563e-21 1.0263e-16 1.40328e-12 4.41124e-09 3.18802e-06 0.000529684 0.0202336 0.177692 0.358765 0.166955 0.0291127 0.0696975 0.097548 0.0361706 0.019108 0.0146537 0.00595638 0.00265171 0.000757511 0.000147738 1.69232e-05 9.8838e-07
 2.1423e-27 2.166e-27 5.90654e-27 1.27961e-21 7.61031e-17 1.04057e-12 3.27106e-09 2.364e-06 0.000392776 0.0150038 0.131764 0.266038 0.124257 0.0336762 0.125505 0.176218 0.0640676 0.0299052 0.0218488 0.00735763 0.00285953 0.000889226 0.000191243 2.28539e-05 1.3209e-06
 2.14213e-27 2.16578e-27 5.91218e-27 1.28166e-21 7.62254e-17 1.04225e-12 3.27632e-09 2.3678e-06 0.000393407 0.0150279 0.131976 0.266464 0.124355 0.0310452 0.109315 0.153866 0.0625751 0.0497641 0.0386304 0.0116559 0.00374578 0.000963654 0.000193088 2.48819e-05 1.52873e-06
 2.14699e-27 2.17757e-27 7.13549e-27 1.69652e-21 1.00898e-16 1.37961e-12 4.33681e-09 3.13422e-06 0.000520746 0.0198922 0.174694 0.352711 0.16416 0.0292142 0.0721417 0.101035 0.0379842 0.021639 0.0166084 0.00625844 0.00247367 0.000564948 8.9065e-05 9.94044e-06 6.13184e-07
 2.14464e-27 2.17172e-27 6.50809e-27 1.48365e-21 8.82383e-17 1.2065e-12 3.79265e-09 2.74096e-06 0.000455407 0.0173962 0.152775 0.308457 0.143804 0.0319786 0.102356 0.143529 0.0517212 0.0227113 0.0164188 0.00556453 0.0021209 0.00059297 0.000105627 1.01175e-05 5.21959e-07
 2.14252e-27 2.16659e-27 5.97818e-27 1.30395e-21 7.75512e-17 1.06037e-12 3.3333e-09 2.40898e-06 0.000400249 0.0152892 0.134271 0.271099 0.126555 0.0325641 0.11719 0.164673 0.0623907 0.0369082 0.0275321 0.00796883 0.00241804 0.00061054 0.000113586 1.24668e-05 6.29592e-07
 2.14147e-27 2.1641e-27 5.72303e-27 1.21745e-21 7.24061e-17 9.90025e-13 3.11216e-09 2.24916e-06 0.000373695 0.0142749 0.125363 0.253114 0.118245 0.032678 0.123306 0.173407 0.0669841 0.0434866 0.0333081 0.0108439 0.00368266 0.000798133 0.00011968 1.25201e-05 6.80108e-07
 2.14296e-27 2.16774e-27 6.10894e-27 1.34835e-21 8.01918e-17 1.09648e-12 3.4468e-09 2.49101e-06 0.000413878 0.0158098 0.138843 0.280329 0.130778 0.0313942 0.107266 0.150781 0.0587691 0.0396993 0.0306973 0.0103857 0.0037757 0.0009036 0.000138246 1.22595e-05 5.88534e-07
 2.14413e-27 2.17054e-27 6.39538e-27 1.44547e-21 8.59677e-17 1.17546e-12 3.69506e-09 2.67043e-06 0.000443688 0.0169486 0.148843 0.30052 0.140111 0.0313315 0.100798 0.141504 0.0533151 0.0306992 0.0233351 0.00814092 0.00308661 0.000778099 0.000129887 1.21938e-05 5.47259e-07
 2.14252e-27 2.1666e-27 5.97747e-27 1.30371e-21 7.75363e-17 1.06017e-12 3.33266e-09 2.40852e-06 0.000400173 0.0152863 0.134245 0.271048 0.126539 0.0327681 0.118451 0.166397 0.0622488 0.0344879 0.0258269 0.00839438 0.00298057 0.00077368 0.000137075 1.38509e-05 6.63084e-07
 2.14358e-27 2.16921e-27 6.25675e-27 1.39846e-21 8.31717e-17 1.13722e-12 3.57488e-09 2.58358e-06 0.000429257 0.0163973 0.144002 0.290746 0.135599 0.0315322 0.104969 0.147449 0.0563362 0.0347452 0.0262626 0.00811389 0.00265628 0.000637916 0.000108178 1.13412e-05 5.791e-07
 2.14329e-27 2.16848e-27 6.1757e-27 1.37095e-21 8.15355e-17 1.11485e-12 3.50455e-09 2.53275e-06 0.000420813 0.0160748 0.141169 0.285027 0.132979 0.0321541 0.110489 0.155162 0.0581095 0.0323928 0.0243479 0.00806936 0.00283763 0.000652757 0.000101269 9.95394e-06 5.07238e-07
 2.14401e-27 2.17025e-27 6.36333e-27 1.4346e-21 8.5321e-17 1.16661e-12 3.66726e-09 2.65034e-06 0.00044035 0.0168211 0.147724 0.298259 0.13907 0.0314625 0.102279 0.143605 0.0542526 0.031649 0.0237777 0.00744987 0.00249528 0.000605151 9.72482e-05 9.02895e-06 4.27701e-07
 2.14419e-27 2.17069e-27 6.40799e-27 1.44974e-21 8.62213e-17 1.17892e-12 3.70596e-09 2.67831e-06 0.000444997 0.0169986 0.149282 0.301406 0.140527 0.0315005 0.101562 0.142556 0.0533671 0.0296798 0.0222475 0.00723644 0.00250217 0.000584304 9.24891e-05 8.8768e-06 4.15874e-07
 2.14301e-27 2.16783e-27 6.1097e-27 1.34857e-21 8.02048e-17 1.09666e-12 3.44736e-09 2.49141e-06 0.000413945 0.0158124 0.138865 0.280375 0.130825 0.0320848 0.111468 0.156594 0.0593313 0.0351339 0.0265726 0.00864203 0.00301817 0.000730796 0.000117668 1.10985e-05 5.22918e-07
 2.14436e-27 2.17113e-27 6.45925e-27 1.46715e-21 8.72568e-17 1.19308e-12 3.75046e-09 2.71047e-06 0.000450341 0.0172027 0.151075 0.305026 0.14218 0.0309565 0.0971507 0.1364 0.0520275 0.0318454 0.0242096 0.00791059 0.00277273 0.000670215 0.000109433 1.05647e-05 4.98682e-07
 2.14345e-27 2.16887e-27 6.21565e-27 1.38449e-21 8.23411e-17 1.12587e-12 3.53918e-09 2.55778e-06 0.000424971 0.0162336 0.142564 0.287843 0.13428 0.0321252 0.109464 0.153695 0.0572877 0.0311186 0.0233544 0.0078962 0.00287935 0.000704327 0.000115786 1.1274e-05 5.41447e-07
 2.14245e-27 2.16646e-27 5.96925e-27 1.30095e-21 7.73724e-17 1.05793e-12 3.32562e-09 2.40343e-06 0.000399327 0.015254 0.133962 0.270474 0.126253 0.0322072 0.1152 0.161918 0.0620932 0.0389795 0.0296309 0.00942481 0.00323666 0.000812284 0.000138379 1.36705e-05 6.62567e-07
 2.14324e-27 2.16841e-27 6.17725e-27 1.37151e-21 8.15692e-17 1.11531e-12 3.506e-09 2.5338e-06 0.000420987 0.0160814 0.141228 0.285144 0.133005 0.0313971 0.105833 0.148721 0.0574949 0.0374748 0.0288599 0.0097848 0.00355075 0.000848513 0.000139072 1.40362e-05 6.96835e-07
 2.14385e-27 2.16988e-27 6.32839e-27 1.42276e-21 8.46172e-17 1.15699e-12 3.63701e-09 2.62848e-06 0.000436718 0.0166823 0.146505 0.295799 0.137926 0.0312916 0.101977 0.14321 0.0545109 0.0330469 0.0253191 0.00888099 0.00339133 0.000860733 0.000144832 1.41465e-05 6.96578e-07
#obs surv len freq
 8.68045e-40 4.24848e-33 4.78046e-27 1.23666e-21 7.35487e-17 1.00565e-12 3.16126e-09 2.28465e-06 0.000379597 0.0145001 0.12734 0.257107 0.120072 0.0321836 0.119083 0.167466 0.0649855 0.0431065 0.0337142 0.0126608 0.00536802 0.00162315 0.000356006 4.78342e-05 3.30465e-06
 1.03705e-39 5.07562e-33 5.71117e-27 1.47743e-21 8.7868e-17 1.20144e-12 3.77672e-09 2.72945e-06 0.000453501 0.0173232 0.152132 0.307161 0.143155 0.0306252 0.0944846 0.13266 0.0509198 0.0321397 0.0248689 0.00904303 0.00369124 0.00107868 0.000229638 3.00582e-05 2.0025e-06
 9.6762e-40 4.73583e-33 5.32883e-27 1.37852e-21 8.19857e-17 1.12101e-12 3.52389e-09 2.54672e-06 0.000423142 0.0161635 0.141948 0.2866 0.133731 0.0328076 0.114004 0.159983 0.0579901 0.0265359 0.019425 0.00680722 0.00266012 0.000747026 0.000152018 1.91767e-05 1.2392e-06
 1.04894e-39 5.13382e-33 5.77666e-27 1.49437e-21 8.88756e-17 1.21521e-12 3.82003e-09 2.76075e-06 0.000458702 0.0175218 0.153877 0.310684 0.14481 0.031336 0.097762 0.137163 0.0509722 0.0271937 0.0199937 0.00583652 0.00181226 0.00047438 9.13968e-05 1.0974e-05 6.80012e-07
 9.85004e-40 4.82091e-33 5.42457e-27 1.40328e-21 8.34586e-17 1.14114e-12 3.5872e-09 2.59248e-06 0.000430744 0.0164539 0.144498 0.291748 0.136113 0.0328706 0.112837 0.158301 0.0569201 0.0245906 0.0175464 0.00546152 0.00176878 0.000388955 6.0889e-05 6.67362e-06 3.91112e-07
 8.13596e-40 3.98199e-33 4.4806e-27 1.15909e-21 6.89353e-17 9.42566e-13 2.96296e-09 2.14134e-06 0.000355787 0.0135906 0.119353 0.240981 0.112714 0.0347659 0.139709 0.196293 0.0719173 0.0352359 0.0254339 0.00711619 0.00200773 0.000450888 6.76491e-05 6.15127e-06 3.09685e-07
 7.87971e-40 3.85657e-33 4.33948e-27 1.12258e-21 6.67642e-17 9.12879e-13 2.86964e-09 2.0739e-06 0.000344581 0.0131626 0.115594 0.233391 0.109159 0.0335473 0.134557 0.189302 0.0731201 0.0474232 0.0359001 0.0105939 0.00315807 0.00064901 8.78918e-05 7.68102e-06 3.43806e-07
 1.32856e-39 6.50239e-33 7.31659e-27 1.89273e-21 1.12568e-16 1.53916e-12 4.83837e-09 3.4967e-06 0.000580982 0.0221928 0.194897 0.393501 0.182952 0.0274453 0.0490501 0.0684622 0.0261786 0.0162227 0.0124162 0.00421387 0.00150507 0.000330213 4.5099e-05 3.62239e-06 1.49466e-07
 1.1033e-39 5.39989e-33 6.07605e-27 1.57182e-21 9.34818e-17 1.27819e-12 4.01802e-09 2.90383e-06 0.000482475 0.0184299 0.161852 0.326785 0.152304 0.0326713 0.10106 0.141439 0.0474047 0.00965179 0.00535679 0.00174949 0.000625949 0.000156756 2.50862e-05 2.1323e-06 8.53672e-08
 6.39797e-40 3.13136e-33 3.52346e-27 9.11485e-22 5.42094e-17 7.41216e-13 2.33002e-09 1.68391e-06 0.000279784 0.0106874 0.0938566 0.189507 0.0890637 0.0386978 0.179226 0.251775 0.0885431 0.0319494 0.0211027 0.00451122 0.000646624 0.00012879 2.14695e-05 2.08784e-06 9.29149e-08
 1.23219e-39 6.0307e-33 6.78585e-27 1.75543e-21 1.04402e-16 1.42751e-12 4.4874e-09 3.24305e-06 0.000538837 0.0205829 0.180759 0.364957 0.169772 0.0278833 0.0603272 0.0845539 0.0345697 0.0279684 0.0213575 0.00538371 0.00115821 0.000170383 1.34271e-05 1.00249e-06 4.73721e-08
 1.18109e-39 5.78061e-33 6.50443e-27 1.68263e-21 1.00073e-16 1.36831e-12 4.3013e-09 3.10856e-06 0.000516491 0.0197293 0.173263 0.349823 0.162902 0.0312705 0.0855654 0.119643 0.0403036 0.00890253 0.00524813 0.00194528 0.000733944 0.000136728 1.30489e-05 6.76993e-07 1.8782e-08
 8.8207e-40 4.31712e-33 4.85769e-27 1.25664e-21 7.47371e-17 1.02189e-12 3.21233e-09 2.32156e-06 0.000385731 0.0147344 0.129398 0.261262 0.122125 0.035691 0.139244 0.195315 0.0671902 0.0194563 0.0120669 0.00261498 0.000409446 9.107e-05 1.41271e-05 9.59836e-07 2.6436e-08
 9.22924e-40 4.51707e-33 5.08268e-27 1.31484e-21 7.81986e-17 1.06922e-12 3.36112e-09 2.42909e-06 0.000403596 0.0154168 0.135391 0.273361 0.127627 0.0332508 0.120701 0.169509 0.0626123 0.0322067 0.0230407 0.00537065 0.000957735 0.000137 1.17625e-05 9.07291e-07 3.5328e-08
 7.34029e-40 3.59256e-33 4.04241e-27 1.04573e-21 6.21937e-17 8.50386e-13 2.67319e-09 1.93192e-06 0.000320992 0.0122615 0.10768 0.217416 0.101873 0.0362056 0.1556 0.21864 0.0790877 0.0356294 0.0254405 0.00738896 0.0020785 0.000345502 2.86439e-05 1.43704e-06 4.17477e-08
 1.11945e-39 5.47894e-33 6.16499e-27 1.59482e-21 9.48501e-17 1.2969e-12 4.07683e-09 2.94633e-06 0.000489538 0.0186997 0.164221 0.331568 0.154409 0.0298328 0.0822918 0.115449 0.0445794 0.0288583 0.0216733 0.0059575 0.00160105 0.000325946 3.91707e-05 2.29881e-06 5.72272e-08
 8.70473e-40 4.26036e-33 4.79383e-27 1.24012e-21 7.37545e-17 1.00846e-12 3.1701e-09 2.29104e-06 0.000380659 0.0145407 0.127696 0.257827 0.120536 0.0356735 0.140171 0.19663 0.0677203 0.0199089 0.0129359 0.00422132 0.00142735 0.000289801 3.60073e-05 2.64989e-06 8.59993e-08
 9.55063e-40 4.67437e-33 5.25968e-27 1.36063e-21 8.09217e-17 1.10646e-12 3.47816e-09 2.51367e-06 0.00041765 0.0159537 0.140105 0.28288 0.13201 0.0327872 0.115002 0.161473 0.0597249 0.0309685 0.0221909 0.00520931 0.00102106 0.00021881 3.23235e-05 2.50994e-06 9.08389e-08
 1.0089e-39 4.93787e-33 5.55617e-27 1.43733e-21 8.54834e-17 1.16883e-12 3.67423e-09 2.65537e-06 0.000441194 0.016853 0.148003 0.298826 0.139377 0.0326452 0.109328 0.153341 0.0549981 0.0233159 0.0164547 0.00479688 0.00135937 0.000231926 2.32756e-05 1.82381e-06 7.38038e-08
 8.67133e-40 4.24402e-33 4.77544e-27 1.23536e-21 7.34715e-17 1.00459e-12 3.15794e-09 2.28225e-06 0.000379199 0.0144849 0.127206 0.256838 0.120055 0.0350397 0.136601 0.191732 0.0678654 0.0259187 0.0176982 0.00470684 0.00119848 0.000242433 2.95984e-05 1.89494e-06 6.22712e-08
 1.11452e-39 5.45478e-33 6.13781e-27 1.58779e-21 9.4432e-17 1.29119e-12 4.05886e-09 2.93334e-06 0.000487379 0.0186173 0.163497 0.330106 0.153765 0.0306958 0.0880002 0.123362 0.0455634 0.0234395 0.0169129 0.00433497 0.00100591 0.000185998 2.20806e-05 1.61953e-06 5.50416e-08
 8.89249e-40 4.35226e-33 4.89723e-27 1.26687e-21 7.53453e-17 1.03021e-12 3.23848e-09 2.34045e-06 0.00038887 0.0148543 0.130451 0.263388 0.123094 0.035329 0.136392 0.191325 0.0661589 0.020304 0.0131871 0.00381304 0.00108838 0.000200489 2.16406e-05 1.47833e-06 5.16947e-08
 1.00381e-39 4.91295e-33 5.52813e-27 1.43008e-21 8.5052e-17 1.16293e-12 3.65569e-09 2.64197e-06 0.000438967 0.016768 0.147257 0.297318 0.138666 0.0322716 0.107502 0.150865 0.0554767 0.0277797 0.0198142 0.00470844 0.00093048 0.000177986 2.23046e-05 1.52015e-06 4.93454e-08
 1.03656e-39 5.07323e-33 5.70848e-27 1.47673e-21 8.78267e-17 1.20087e-12 3.77495e-09 2.72816e-06 0.000453288 0.017315 0.152061 0.307017 0.143162 0.0325815 0.106471 0.149257 0.0527754 0.0199892 0.0137254 0.0039126 0.00107566 0.000183567 1.7773e-05 1.21825e-06 4.25781e-08
 8.75836e-40 4.28661e-33 4.82336e-27 1.24776e-21 7.42089e-17 1.01467e-12 3.18963e-09 2.30515e-06 0.000383004 0.0146303 0.128483 0.259416 0.121247 0.0350449 0.135856 0.190663 0.0672231 0.0248275 0.0167473 0.00426555 0.000993447 0.000193655 2.30617e-05 1.44501e-06 4.39114e-08
 9.24344e-40 4.52402e-33 5.0905e-27 1.31686e-21 7.83189e-17 1.07087e-12 3.36629e-09 2.43282e-06 0.000404217 0.0154406 0.135599 0.273782 0.127821 0.0332329 0.120465 0.169167 0.0623479 0.0316639 0.0227711 0.00576041 0.00128992 0.00022672 2.48542e-05 1.74092e-06 5.75693e-08
 9.68632e-40 4.74078e-33 5.3344e-27 1.37996e-21 8.20714e-17 1.12218e-12 3.52758e-09 2.54939e-06 0.000423584 0.0161804 0.142096 0.286899 0.133877 0.0330215 0.11522 0.161684 0.0584488 0.0262177 0.0186913 0.00539946 0.00152992 0.000277409 2.87016e-05 1.83717e-06 6.01404e-08
 1.12865e-39 5.52396e-33 6.21564e-27 1.60793e-21 9.56295e-17 1.30756e-12 4.11033e-09 2.97054e-06 0.00049356 0.0188534 0.16557 0.334292 0.155714 0.031053 0.0889192 0.124552 0.0445419 0.0184648 0.0128757 0.00351557 0.000935718 0.00019015 2.36358e-05 1.56895e-06 4.84174e-08
#pred catch len freq
 2.14e-27 2.15913e-27 5.13702e-27 1.01858e-21 6.05791e-17 8.28311e-13 2.60381e-09 1.88178e-06 0.000312655 0.0119432 0.104886 0.211771 0.0990072 0.0293876 0.115671 0.162937 0.0663178 0.0532954 0.0462504 0.0280491 0.0213595 0.0163195 0.0148009 0.0125921 0.00509831
 2.13913e-27 2.15811e-27 5.07959e-27 9.99175e-22 5.94247e-17 8.12527e-13 2.55419e-09 1.84592e-06 0.000306697 0.0117156 0.102887 0.207737 0.0973014 0.0336289 0.142786 0.200932 0.0773996 0.0497044 0.0391058 0.0159806 0.00862765 0.00492546 0.00344576 0.00252611 0.000988281
 2.13967e-27 2.15973e-27 5.2732e-27 1.06492e-21 6.3335e-17 8.65993e-13 2.72226e-09 1.96739e-06 0.000326878 0.0124865 0.109657 0.221405 0.103585 0.0326896 0.132934 0.187202 0.0748533 0.0560398 0.0439194 0.015147 0.00602966 0.00212397 0.000918878 0.000501657 0.000177712
 2.13991e-27 2.16035e-27 5.33931e-27 1.08734e-21 6.46684e-17 8.84225e-13 2.77957e-09 2.00881e-06 0.00033376 0.0127494 0.111966 0.226066 0.105746 0.032847 0.132489 0.186493 0.0734607 0.0519213 0.0410873 0.0158179 0.00661259 0.00181013 0.00043339 0.000128404 3.54154e-05
 2.14011e-27 2.16083e-27 5.3875e-27 1.10368e-21 6.56398e-17 8.97508e-13 2.82133e-09 2.03898e-06 0.000338774 0.0129409 0.113648 0.229462 0.10732 0.0329533 0.132115 0.185931 0.0728117 0.0502147 0.0393821 0.0145878 0.00608279 0.00178163 0.000364671 5.51063e-05 8.29437e-06
 2.13862e-27 2.15718e-27 5.00289e-27 9.73217e-22 5.78809e-17 7.91418e-13 2.48783e-09 1.79796e-06 0.000298729 0.0114113 0.100214 0.20234 0.0948228 0.0340639 0.14707 0.207048 0.0807739 0.0548132 0.0428345 0.0156618 0.00638783 0.00182959 0.000377085 4.78588e-05 3.77221e-06
 2.13716e-27 2.15368e-27 4.64505e-27 8.51892e-22 5.06652e-17 6.92757e-13 2.17769e-09 1.57382e-06 0.000261488 0.00998868 0.0877211 0.177117 0.0831656 0.034169 0.155313 0.218865 0.0876325 0.0659564 0.0518917 0.0182947 0.0071694 0.00199969 0.000400202 4.91769e-05 3.15821e-06
 2.14052e-27 2.16195e-27 5.52145e-27 1.14919e-21 6.83467e-17 9.3452e-13 2.93768e-09 2.12307e-06 0.000352744 0.0134746 0.118335 0.238924 0.111627 0.0311452 0.118226 0.166576 0.0689973 0.0584535 0.0469103 0.0174949 0.00714092 0.00192631 0.000368709 4.37526e-05 2.66423e-06
 2.14353e-27 2.1691e-27 6.2475e-27 1.39533e-21 8.29856e-17 1.13468e-12 3.56688e-09 2.5778e-06 0.000428297 0.0163606 0.14368 0.290096 0.135298 0.0315027 0.104984 0.14743 0.0556922 0.0325493 0.0253661 0.0103676 0.0046319 0.00132236 0.000257617 2.94867e-05 1.7213e-06
 2.13848e-27 2.15666e-27 4.92369e-27 9.46236e-22 5.62762e-17 7.69477e-13 2.41886e-09 1.74812e-06 0.000290447 0.0110949 0.0974359 0.196732 0.0923152 0.0363386 0.162647 0.228689 0.08417 0.0424729 0.0314675 0.0106188 0.00413269 0.00128346 0.000275653 3.29137e-05 1.9014e-06
 2.13896e-27 2.1581e-27 5.11236e-27 1.01041e-21 6.00928e-17 8.21662e-13 2.5829e-09 1.86667e-06 0.000310145 0.0118473 0.104044 0.210072 0.0983408 0.0325608 0.135564 0.191081 0.0786352 0.0651009 0.0507259 0.0152788 0.00489547 0.00125642 0.00025118 3.23333e-05 1.98556e-06
 2.14346e-27 2.16894e-27 6.23174e-27 1.38999e-21 8.26681e-17 1.13034e-12 3.55323e-09 2.56793e-06 0.000426658 0.0162981 0.14313 0.288986 0.134781 0.0313987 0.104684 0.147051 0.0561933 0.0347454 0.0269851 0.0101968 0.00403789 0.000921377 0.000145018 1.61683e-05 9.96818e-07
 2.14103e-27 2.16289e-27 5.57762e-27 1.16804e-21 6.94676e-17 9.49846e-13 2.98585e-09 2.15788e-06 0.000358529 0.0136956 0.120275 0.242843 0.113571 0.0346719 0.138574 0.194663 0.0708816 0.0334242 0.0244971 0.00831373 0.00317078 0.00088528 0.000157472 1.50696e-05 7.7693e-07
 2.13912e-27 2.15832e-27 5.11009e-27 1.00952e-21 6.004e-17 8.2094e-13 2.58063e-09 1.86503e-06 0.000309872 0.0118369 0.103952 0.209888 0.098336 0.0347006 0.148682 0.209212 0.0801618 0.0500864 0.0376389 0.0108894 0.00329984 0.000831591 0.000154408 1.69306e-05 8.54579e-07
 2.13823e-27 2.1562e-27 4.89688e-27 9.37247e-22 5.57416e-17 7.62167e-13 2.39588e-09 1.73151e-06 0.000287688 0.0109895 0.0965102 0.194862 0.0913834 0.0345388 0.152223 0.214333 0.0836951 0.0569688 0.0438816 0.014268 0.0048362 0.00104628 0.000156527 1.63538e-05 8.87835e-07
 2.13963e-27 2.15964e-27 5.26243e-27 1.06125e-21 6.31168e-17 8.63009e-13 2.71288e-09 1.96061e-06 0.000325752 0.0124435 0.109279 0.220642 0.103253 0.033235 0.136493 0.192158 0.0757981 0.0538135 0.0418484 0.0141434 0.0051332 0.00122626 0.000187247 1.6586e-05 7.9566e-07
 2.14068e-27 2.16213e-27 5.51362e-27 1.1464e-21 6.8181e-17 9.32253e-13 2.93055e-09 2.11792e-06 0.000351889 0.0134419 0.118048 0.238345 0.111447 0.0335002 0.132777 0.186721 0.0711878 0.0434952 0.0333359 0.0116291 0.0044062 0.00110893 0.000184781 1.733e-05 7.77306e-07
 2.13933e-27 2.1588e-27 5.15842e-27 1.0259e-21 6.10141e-17 8.34259e-13 2.6225e-09 1.89529e-06 0.0003149 0.012029 0.105639 0.213293 0.0999174 0.0348884 0.148802 0.209296 0.0789885 0.0458462 0.034562 0.0112178 0.00397393 0.00102936 0.000182013 1.83724e-05 8.79026e-07
 2.14025e-27 2.16111e-27 5.40803e-27 1.1106e-21 6.60514e-17 9.03136e-13 2.83902e-09 2.05177e-06 0.000340898 0.0130221 0.114361 0.230901 0.108008 0.0335698 0.135446 0.19056 0.073626 0.047824 0.0363886 0.0112338 0.00367184 0.000880162 0.000148952 1.55988e-05 7.9605e-07
 2.14e-27 2.16045e-27 5.3323e-27 1.08488e-21 6.4522e-17 8.82223e-13 2.77328e-09 2.00426e-06 0.000333004 0.0127205 0.111712 0.225555 0.105565 0.0343182 0.141626 0.199174 0.0753242 0.0441932 0.0334618 0.0110796 0.00389004 0.000893273 0.000138293 1.35771e-05 6.91433e-07
 2.1406e-27 2.16193e-27 5.4908e-27 1.13866e-21 6.77202e-17 9.25953e-13 2.91074e-09 2.1036e-06 0.000349511 0.0133511 0.11725 0.236734 0.110708 0.03363 0.134055 0.188537 0.0720588 0.044517 0.0337093 0.0105591 0.00353345 0.000855497 0.000137226 1.27272e-05 6.02499e-07
 2.14054e-27 2.16178e-27 5.47351e-27 1.13278e-21 6.73709e-17 9.21177e-13 2.89573e-09 2.09275e-06 0.000347708 0.0132822 0.116645 0.235513 0.110151 0.0338453 0.135737 0.190875 0.0724153 0.0431662 0.0326864 0.010643 0.00368232 0.000858822 0.000135705 1.30114e-05 6.09229e-07
 2.13961e-27 2.15952e-27 5.23934e-27 1.05337e-21 6.2648e-17 8.56599e-13 2.69273e-09 1.94604e-06 0.000323332 0.0123511 0.108468 0.219004 0.102532 0.034199 0.142872 0.201008 0.0770281 0.0481996 0.0367256 0.0119382 0.00416455 0.00100664 0.000161774 1.52422e-05 7.17702e-07
 2.14085e-27 2.16259e-27 5.56437e-27 1.16363e-21 6.92057e-17 9.46264e-13 2.97459e-09 2.14975e-06 0.000357177 0.0136439 0.119822 0.241927 0.113087 0.0330687 0.129063 0.181545 0.0701741 0.045694 0.035019 0.0114455 0.00401051 0.000967942 0.000157759 1.52144e-05 7.1774e-07
 2.13988e-27 2.16014e-27 5.30009e-27 1.07395e-21 6.38721e-17 8.73337e-13 2.74535e-09 1.98407e-06 0.00032965 0.0125924 0.110587 0.223283 0.10452 0.0344521 0.143127 0.201281 0.0759309 0.0439884 0.0333328 0.0112757 0.0041114 0.00100423 0.000164796 1.60297e-05 7.69393e-07
 2.13899e-27 2.15803e-27 5.08685e-27 1.00167e-21 5.9573e-17 8.14555e-13 2.56056e-09 1.85053e-06 0.000307462 0.0117449 0.103144 0.208255 0.0975638 0.0342334 0.146322 0.205959 0.0799755 0.0531275 0.0406748 0.0129336 0.00443726 0.00111165 0.000189029 1.8655e-05 9.03613e-07
 2.13967e-27 2.15973e-27 5.27025e-27 1.0639e-21 6.32741e-17 8.6516e-13 2.71964e-09 1.96549e-06 0.000326564 0.0124745 0.109552 0.221192 0.103513 0.033385 0.137244 0.193184 0.0757438 0.0524625 0.0407016 0.0138018 0.00500658 0.00119459 0.000195424 1.97029e-05 9.77604e-07
 2.13987e-27 2.1602e-27 5.31619e-27 1.07946e-21 6.41998e-17 8.77818e-13 2.75943e-09 1.99425e-06 0.000331342 0.012657 0.111155 0.224429 0.105016 0.0335555 0.137309 0.19321 0.0748479 0.0492476 0.0381485 0.0134163 0.0051335 0.00130165 0.000218713 2.13436e-05 1.05037e-06
#obs catch len freq
 4.0862e-40 1.99991e-33 2.25033e-27 5.8214e-22 3.4622e-17 4.73394e-13 1.48812e-09 1.07547e-06 0.00017869 0.00682574 0.0599436 0.121036 0.0573046 0.0359274 0.182949 0.257932 0.102887 0.0764099 0.0608214 0.0235612 0.0102698 0.00314237 0.000705053 9.84528e-05 7.11599e-06
 4.22348e-40 2.0671e-33 2.32593e-27 6.01697e-22 3.57852e-17 4.89297e-13 1.53811e-09 1.1116e-06 0.000184693 0.00705505 0.0619574 0.125102 0.0591953 0.0362197 0.183508 0.258655 0.102277 0.0733897 0.0579425 0.0217857 0.0092399 0.00278902 0.000610442 8.18836e-05 5.64982e-06
 5.72773e-40 2.80333e-33 3.15435e-27 8.16e-22 4.85306e-17 6.63568e-13 2.08593e-09 1.50751e-06 0.000250474 0.0095678 0.0840245 0.169655 0.0797546 0.035204 0.16388 0.230816 0.0901481 0.061466 0.0480269 0.0174816 0.00713723 0.00208199 0.000442282 5.77944e-05 3.84544e-06
 5.16964e-40 2.53018e-33 2.847e-27 7.36492e-22 4.38019e-17 5.98912e-13 1.88269e-09 1.36062e-06 0.000226069 0.00863555 0.0758374 0.153126 0.0722309 0.0383424 0.188021 0.264468 0.0969546 0.0477639 0.0354367 0.0124267 0.00485535 0.00136097 0.000276331 3.47977e-05 2.24571e-06
 6.0032e-40 2.93815e-33 3.30605e-27 8.55245e-22 5.08646e-17 6.95482e-13 2.18625e-09 1.58001e-06 0.000262521 0.010028 0.0880655 0.177814 0.0835777 0.0365599 0.169699 0.238784 0.0898784 0.0514118 0.0382014 0.0111543 0.00346171 0.000904392 0.000173837 2.0835e-05 1.28932e-06
 5.44507e-40 2.66498e-33 2.99868e-27 7.75731e-22 4.61356e-17 6.30821e-13 1.98299e-09 1.43311e-06 0.000238114 0.00909563 0.0798778 0.161284 0.0760105 0.0385599 0.18689 0.262799 0.0953998 0.0440532 0.031843 0.00991225 0.00320817 0.00070428 0.000109959 1.20278e-05 7.03907e-07
 4.04815e-40 1.98129e-33 2.22938e-27 5.76719e-22 3.42997e-17 4.68986e-13 1.47426e-09 1.06545e-06 0.000177026 0.00676217 0.0593854 0.119911 0.0569259 0.0397084 0.206372 0.290433 0.107551 0.0562086 0.0410129 0.0114739 0.00323402 0.000724961 0.000108515 9.84836e-06 4.95014e-07
 3.90666e-40 1.91204e-33 2.15145e-27 5.56561e-22 3.31008e-17 4.52593e-13 1.42273e-09 1.02821e-06 0.000170839 0.00652581 0.0573097 0.115719 0.0549058 0.0375136 0.194236 0.273735 0.107188 0.0737641 0.056242 0.0165876 0.00493822 0.00101307 0.000136831 1.19346e-05 5.33411e-07
 9.77468e-40 4.78403e-33 5.38307e-27 1.39255e-21 8.28201e-17 1.13241e-12 3.55976e-09 2.57264e-06 0.000427448 0.016328 0.143392 0.289516 0.135019 0.0312083 0.103362 0.145236 0.05623 0.0368919 0.02844 0.00964327 0.00343912 0.00075316 0.000102608 8.22614e-06 3.38895e-07
 6.92448e-40 3.38906e-33 3.81342e-27 9.86496e-22 5.86706e-17 8.02214e-13 2.52177e-09 1.82249e-06 0.000302809 0.0115669 0.101581 0.205101 0.0962973 0.0393348 0.178414 0.250347 0.0841352 0.0178985 0.010169 0.00331867 0.00118482 0.000296044 4.72642e-05 4.01057e-06 1.60334e-07
 3.04004e-40 1.48789e-33 1.67419e-27 4.33098e-22 2.5758e-17 3.52194e-13 1.10712e-09 8.00121e-07 0.000132941 0.00507818 0.0445966 0.0900536 0.0432613 0.0434123 0.237981 0.334633 0.118369 0.0449061 0.0300249 0.00641712 0.000917323 0.000182139 3.02801e-05 2.93938e-06 1.30644e-07
 8.56908e-40 4.19397e-33 4.71913e-27 1.22079e-21 7.26052e-17 9.92744e-13 3.1207e-09 2.25534e-06 0.000374727 0.0143141 0.125706 0.253808 0.118513 0.0312627 0.114458 0.161232 0.0668181 0.0565304 0.0433496 0.0109153 0.00234184 0.000344011 2.70248e-05 2.01118e-06 9.48851e-08
 7.93665e-40 3.88444e-33 4.37084e-27 1.13069e-21 6.72466e-17 9.19475e-13 2.89038e-09 2.08888e-06 0.000347071 0.0132577 0.116429 0.235079 0.110086 0.0374534 0.157893 0.221488 0.0748205 0.0172234 0.010352 0.00383132 0.00144259 0.000268338 2.55466e-05 1.3229e-06 3.66235e-08
 4.85906e-40 2.37817e-33 2.67596e-27 6.92245e-22 4.11704e-17 5.62931e-13 1.76958e-09 1.27888e-06 0.000212487 0.00811675 0.0712813 0.143929 0.0681052 0.0417147 0.21138 0.296957 0.102579 0.0310858 0.0195657 0.00423887 0.000661567 0.000146674 2.27049e-05 1.54061e-06 4.23761e-08
 5.18297e-40 2.53671e-33 2.85434e-27 7.38391e-22 4.39149e-17 6.00457e-13 1.88754e-09 1.36413e-06 0.000226652 0.00865782 0.076033 0.153521 0.0724095 0.0382372 0.18726 0.2635 0.098162 0.0530253 0.0382296 0.00890498 0.00158391 0.000226198 1.93574e-05 1.48895e-06 5.79099e-08
 3.69061e-40 1.8063e-33 2.03248e-27 5.25782e-22 3.12702e-17 4.27564e-13 1.34405e-09 9.71349e-07 0.000161391 0.00616493 0.0541404 0.109321 0.0520733 0.0408556 0.216566 0.304689 0.111022 0.0525352 0.0378519 0.0109801 0.00308153 0.000511518 4.23024e-05 2.11757e-06 6.13883e-08
 7.15677e-40 3.50274e-33 3.94134e-27 1.01959e-21 6.06387e-17 8.29125e-13 2.60636e-09 1.88362e-06 0.000312967 0.0119549 0.104988 0.21198 0.0992824 0.0341426 0.144645 0.203616 0.079484 0.0539601 0.0407577 0.0111891 0.00299872 0.000609181 7.30344e-05 4.27975e-06 1.06387e-07
 4.77056e-40 2.33486e-33 2.62722e-27 6.79637e-22 4.04205e-17 5.52678e-13 1.73735e-09 1.25559e-06 0.000208617 0.00796891 0.069983 0.141307 0.0668866 0.041537 0.211084 0.296554 0.10256 0.031541 0.0207861 0.00677303 0.00228464 0.000462957 5.73609e-05 4.21348e-06 1.36575e-07
 5.47058e-40 2.67747e-33 3.01273e-27 7.79366e-22 4.63518e-17 6.33777e-13 1.99228e-09 1.43983e-06 0.00023923 0.00913826 0.0802522 0.16204 0.0763312 0.0377972 0.182007 0.256095 0.0955414 0.0520274 0.0375686 0.00881283 0.00172215 0.000368046 5.42353e-05 4.20418e-06 1.51935e-07
 6.03294e-40 2.95271e-33 3.32243e-27 8.59482e-22 5.11166e-17 6.98927e-13 2.19708e-09 1.58784e-06 0.000263821 0.0100776 0.0885018 0.178695 0.0840414 0.0380611 0.178597 0.251063 0.09063 0.0402499 0.0286674 0.00834525 0.00235884 0.000401798 4.01947e-05 3.14159e-06 1.26954e-07
 4.72499e-40 2.31255e-33 2.60212e-27 6.73144e-22 4.00344e-17 5.47398e-13 1.72075e-09 1.24359e-06 0.000206624 0.00789279 0.0693145 0.139957 0.0662239 0.0405091 0.205217 0.288501 0.102722 0.0411514 0.0284044 0.00754634 0.00191612 0.000386754 4.71032e-05 3.01027e-06 9.87392e-08
 7.12577e-40 3.48757e-33 3.92427e-27 1.01517e-21 6.03761e-17 8.25534e-13 2.59507e-09 1.87546e-06 0.000311611 0.0119031 0.104533 0.211062 0.0989155 0.0356718 0.154257 0.216914 0.0807818 0.0435833 0.0316847 0.00811255 0.00187712 0.000346348 4.09983e-05 3.00114e-06 1.01858e-07
 4.92567e-40 2.41077e-33 2.71264e-27 7.01734e-22 4.17347e-17 5.70648e-13 1.79384e-09 1.29641e-06 0.0002154 0.008228 0.0722584 0.145901 0.0689982 0.04121 0.207704 0.291821 0.101356 0.0325577 0.0214349 0.00619046 0.00176246 0.000324074 3.48824e-05 2.37782e-06 8.30159e-08
 5.97769e-40 2.92567e-33 3.292e-27 8.51611e-22 5.06485e-17 6.92526e-13 2.17696e-09 1.5733e-06 0.000261405 0.00998534 0.0876913 0.177059 0.0832589 0.037371 0.174878 0.245988 0.0911696 0.047836 0.0343809 0.00816288 0.00160808 0.000306826 3.83502e-05 2.60903e-06 8.45568e-08
 6.30445e-40 3.08559e-33 3.47195e-27 8.98162e-22 5.3417e-17 7.30382e-13 2.29596e-09 1.6593e-06 0.000275694 0.0105312 0.0924847 0.186737 0.0877664 0.0382537 0.17735 0.249204 0.0886185 0.0351646 0.0244022 0.00694723 0.00190504 0.000324576 3.13325e-05 2.14257e-06 7.47742e-08
 4.80027e-40 2.3494e-33 2.64358e-27 6.83869e-22 4.06723e-17 5.5612e-13 1.74817e-09 1.2634e-06 0.000209916 0.00801854 0.0704188 0.142187 0.0672586 0.0406124 0.205176 0.288411 0.102262 0.039606 0.0270169 0.006875 0.00159664 0.000310546 3.68902e-05 2.30747e-06 7.00002e-08
 5.19823e-40 2.54417e-33 2.86274e-27 7.40565e-22 4.40442e-17 6.02224e-13 1.8931e-09 1.36815e-06 0.000227319 0.00868331 0.0762568 0.153973 0.0726178 0.0382203 0.187021 0.263146 0.0977983 0.0521514 0.037799 0.009553 0.00213345 0.00037424 4.09087e-05 2.85957e-06 9.44316e-08
 5.62218e-40 2.75167e-33 3.09622e-27 8.00963e-22 4.76362e-17 6.5134e-13 2.04749e-09 1.47973e-06 0.000245859 0.00939149 0.082476 0.16653 0.0784261 0.0383055 0.183756 0.258397 0.0940732 0.0442618 0.0318349 0.00918404 0.00259563 0.000469819 4.8476e-05 3.09636e-06 1.01195e-07
#spawning biomass
 3399.58 2983.85 3165.24 4042.42 5195.95 6937.05 7011.54 6160.24 7367.27 14516.5 17149.6 13783.5 23984.3 32426.6 30287.5 24075.9 21954.2 24223.3 21626.3 21509.2 21387.8 23709.8 29166 29186.1 33701.5 37388.5 35290.4 36469.6 46468.2 77343.1 78980 55739.1 38937.3 30114 25892.9 23966.7 23113.3 22742.4 22583.2 22515.6 22487 22474.9 22469.9 22467.8 22466.9 22466.5 22466.4 22466.3 22466.3 22466.3 22466.3 22466.3 22466.3 22466.3 22466.3 22466.3 22466.3 22466.3 22466.3 22466.3 22466.3 22466.3 22466.3 22466.3 22466.3 22466.3 22466.3 22466.3 22466.3 22466.3 22466.3 22466.3 22466.3 22466.3 22466.3 22466.3 22466.3 22466.3 22466.3 22466.3 22466.3 22466.3 22466.3 22466.3 22466.3 22466.3 22466.3 22466.3 22466.3 22466.3 22466.3 22466.3 22466.3 22466.3 22466.3 22466.3 22466.3 22466.3 22466.3 22466.3 22466.3 22466.3 22466.3 22466.3 22466.3 22466.3 22466.3 22466.3 22466.3 22466.3 22466.3 22466.3 22466.3 22466.3 22466.3 22466.3 22466.3 22466.3 22466.3 22466.3 22466.3 22466.3 22466.3 22466.3 22466.3 22466.3 22466.3 22466.3 0 0 0 0 0 0 0 0 0 0 0 0 0 0 0 0 0 0 0 0 0 0 0 0 0
