SBPRF35
0.827133
Curr Bio
144741
B35
612106
F35
0.260507
FOFL
0.126464
OFL
19610.4
Bzero
236324
#pred survey bio
 9673 10572.5 13276.2 19330.4 24553.8 30519.7 35898.8 41962.8 46616.8 57780.1 72206 89361.8 109206 140524 135370 115927 114839 110776 105129 99870.4 101086 109856 119406 123096 138176 133749 116974 104121 114262 9.35615e+06 8.03036e+06 8.69004e+06 7.98289e+06 6.80364e+06 5.62074e+06 4.61523e+06 3.82939e+06 3.24498e+06 2.82349e+06 2.52508e+06 2.31587e+06 2.16964e+06 2.06677e+06 1.99322e+06 1.94021e+06 1.90276e+06 1.87586e+06 1.85619e+06 1.84157e+06 1.83054e+06 1.8221e+06 1.81556e+06 1.81044e+06 1.80639e+06 1.80317e+06 1.80059e+06 1.79852e+06 1.79684e+06 1.79549e+06 1.79439e+06 1.79349e+06 1.79276e+06 1.79216e+06 1.79168e+06 1.79128e+06 1.79096e+06 1.79069e+06 1.79047e+06 1.7903e+06 1.79015e+06 1.79003e+06 1.78994e+06 1.78986e+06 1.78979e+06 1.78974e+06 1.78969e+06 1.78966e+06 1.78963e+06 1.78961e+06 1.78959e+06 1.78957e+06 1.78956e+06 1.78955e+06 1.78954e+06 1.78953e+06 1.78952e+06 1.78952e+06 1.78951e+06 1.78951e+06 1.78951e+06 1.78951e+06 1.78951e+06 1.7895e+06 1.7895e+06 1.7895e+06 1.7895e+06 1.7895e+06 1.7895e+06 1.7895e+06 1.7895e+06 1.7895e+06 1.7895e+06 1.7895e+06 1.7895e+06 1.7895e+06 1.7895e+06 1.7895e+06 1.7895e+06 1.7895e+06 1.7895e+06 1.7895e+06 1.7895e+06 1.7895e+06 1.7895e+06 1.7895e+06 1.7895e+06 1.7895e+06 1.7895e+06 1.7895e+06 1.7895e+06 1.7895e+06 1.7895e+06 1.7895e+06 1.7895e+06 1.7895e+06 1.7895e+06 1.7895e+06 1.7895e+06 1.7895e+06 0 0 0 0 0 0 0 0 0 0 0 0 0 0 0 0 0 0 0 0 0 0 0 0 0
#obs survey bio
 8172.26 10597.3 17364.3 20702.8 19288.3 24488.7 46116.8 32536.2 47552 51879.6 65659.1 80895.3 97476.9 107743 93648.3 84197.1 90659.9 65597.3 68645.4 76577.7 120055 129812 89015.9 122534 113485 104498 78343.9 106898 104607
#pred catch bio
 5204.58 6083.67 6473.47 10598 14177 18877.2 22323.8 28344.6 31813.6 38991.1 47827.9 64965.9 74112.1 105170 107498 89748.7 91401.4 90617.6 85964.6 81761.1 81555.9 87017.6 99609.4 100303 118360 116329 101033 89035.7 6097.64 19610.4 70016.5 83111.2 76009.7 63322.8 50941.3 40646.1 32763.5 27035.6 23020.3 20276.9 18437.4 17221 16423.2 15901.6 15563.5 15350.2 15215.6 15130.7 15077.1 15043.3 15021.9 15008.5 15000 14994.6 14991.2 14989.1 14987.7 14986.9 14986.4 14986 14985.8 14985.7 14985.6 14985.5 14985.5 14985.5 14985.5 14985.5 14985.4 14985.4 14985.4 14985.4 14985.4 14985.4 14985.4 14985.4 14985.4 14985.4 14985.4 14985.4 14985.4 14985.4 14985.4 14985.4 14985.4 14985.4 14985.4 14985.4 14985.4 14985.4 14985.4 14985.4 14985.4 14985.4 14985.4 14985.4 14985.4 14985.4 14985.4 14985.4 14985.4 14985.4 14985.4 14985.4 14985.4 14985.4 14985.4 14985.4 14985.4 14985.4 14985.4 14985.4 14985.4 14985.4 14985.4 14985.4 14985.4 14985.4 14985.4 14985.4 14985.4 14985.4 14985.4 14985.4 14985.4 14985.4 14985.4 14985.4 14985.4 0 0 0 0 0 0 0 0 0 0 0 0 0 0 0 0 0 0 0 0 0 0 0 0 0
#obs catch bio
 5834.14 6105.39 6355.42 10270.6 14067.1 18694.9 21719 27556 31804.9 37689.9 46051 62650.5 71611.3 102600 107563 90126.2 91996 90601.1 85017.3 81353 78856.1 81458.1 97161.6 94135.5 113932 113694 97360.4 86653.4 5927.08
#pred cpue bio
 6772.74 7099.63 7915.47 11947 15478.3 18701.5 21756.6 25561.9 27174.6 31559.3 40324.3 50861.4 56923.6 77598.5 79787.5 66450.5 62965.7 60483.3 55867.8 53647.8 51973.1 56178.5 62539.6 61619.3 69099.4 68048.9 61154.6 53818.3 53605.3 6.24958e+06 6.95343e+06 8.44002e+06 7.85406e+06 6.66261e+06 5.47123e+06 4.46313e+06 3.67664e+06 3.09207e+06 2.67055e+06 2.37213e+06 2.16292e+06 2.01669e+06 1.91382e+06 1.84027e+06 1.78726e+06 1.74981e+06 1.72291e+06 1.70324e+06 1.68862e+06 1.67759e+06 1.66915e+06 1.66261e+06 1.65749e+06 1.65344e+06 1.65022e+06 1.64764e+06 1.64557e+06 1.64389e+06 1.64254e+06 1.64144e+06 1.64054e+06 1.63981e+06 1.63921e+06 1.63873e+06 1.63833e+06 1.63801e+06 1.63774e+06 1.63752e+06 1.63735e+06 1.6372e+06 1.63708e+06 1.63699e+06 1.63691e+06 1.63684e+06 1.63679e+06 1.63674e+06 1.63671e+06 1.63668e+06 1.63665e+06 1.63664e+06 1.63662e+06 1.63661e+06 1.6366e+06 1.63659e+06 1.63658e+06 1.63657e+06 1.63657e+06 1.63656e+06 1.63656e+06 1.63656e+06 1.63656e+06 1.63655e+06 1.63655e+06 1.63655e+06 1.63655e+06 1.63655e+06 1.63655e+06 1.63655e+06 1.63655e+06 1.63655e+06 1.63655e+06 1.63655e+06 1.63655e+06 1.63655e+06 1.63655e+06 1.63655e+06 1.63655e+06 1.63655e+06 1.63655e+06 1.63655e+06 1.63655e+06 1.63655e+06 1.63655e+06 1.63655e+06 1.63655e+06 1.63655e+06 1.63655e+06 1.63655e+06 1.63655e+06 1.63655e+06 1.63655e+06 1.63655e+06 1.63655e+06 1.63655e+06 1.63655e+06 1.63655e+06 1.63655e+06 1.63655e+06 1.63655e+06 0 0 0 0 0 0 0 0 0 0 0 0 0 0 0 0 0 0 0 0 0 0 0 0 0
#obs cpue bio
 5191.9 7638.06 8380.69 18157.8 19553.2 26070.2 34988.9 44164.7 26100.9 71461.7 69678.2 123751 82103.9 137746 98407.5 93967.4 62945.4 123993 86761 85183.3 91780.3 132581 114033 192424 123832 117420 170349 108002 82319.5
#pred surv len freq
 2.56238e-27 2.58623e-27 3.12816e-26 6.05919e-20 1.48534e-14 4.40132e-10 1.57648e-06 0.000682555 0.0357225 0.225991 0.173202 0.0402557 0.184722 0.17072 0.041181 0.0513436 0.0217202 0.0162421 0.00982633 0.00736497 0.00570734 0.00488342 0.00485295 0.00427798 0.00130317
 2.56362e-27 2.58988e-27 3.46857e-26 6.77736e-20 1.66139e-14 4.92299e-10 1.76333e-06 0.000763455 0.0399565 0.252776 0.193616 0.0377723 0.151485 0.140841 0.0504731 0.0798587 0.0272761 0.0115954 0.00511695 0.00285969 0.00179509 0.00131079 0.00115155 0.00101361 0.000338143
 2.56642e-27 2.59714e-27 4.07526e-26 8.05708e-20 1.9751e-14 5.85256e-10 2.09629e-06 0.000907614 0.0475012 0.300506 0.230083 0.0391568 0.136399 0.126197 0.0347988 0.0478785 0.0188401 0.0116346 0.00375585 0.00117752 0.000485874 0.000267767 0.000193801 0.000159869 5.5178e-05
 2.56429e-27 2.59129e-27 3.55022e-26 6.94944e-20 1.70357e-14 5.04799e-10 1.8081e-06 0.00078284 0.040971 0.259194 0.198573 0.0413018 0.174861 0.161622 0.0398892 0.0504683 0.0180644 0.00894776 0.00353568 0.00130686 0.000298321 9.16826e-05 4.63412e-05 3.27334e-05 1.11701e-05
 2.5643e-27 2.59149e-27 3.58387e-26 7.02049e-20 1.72099e-14 5.0996e-10 1.82659e-06 0.000790844 0.0413899 0.261844 0.200572 0.0397871 0.16193 0.150061 0.0445917 0.0640743 0.021731 0.00886424 0.00299626 0.00100583 0.000283397 5.45877e-05 1.30673e-05 6.52106e-06 2.08053e-06
 2.56506e-27 2.59345e-27 3.74869e-26 7.36817e-20 1.80622e-14 5.35215e-10 1.91705e-06 0.000830009 0.0434397 0.274811 0.210478 0.0400849 0.157236 0.14551 0.0398094 0.0543651 0.0195913 0.00972279 0.00304652 0.000826395 0.000197677 4.11234e-05 5.83661e-06 1.31065e-06 3.45715e-07
 2.56468e-27 2.5923e-27 3.634e-26 7.12617e-20 1.7469e-14 5.17636e-10 1.85409e-06 0.000802749 0.042013 0.265786 0.203608 0.0414204 0.172226 0.159162 0.0389521 0.0488954 0.0167363 0.0070964 0.00239629 0.000728698 0.000146223 2.50051e-05 3.30355e-06 3.38312e-07 5.12868e-08
 2.56469e-27 2.59236e-27 3.64441e-26 7.14815e-20 1.75228e-14 5.19233e-10 1.8598e-06 0.000805224 0.0421425 0.266605 0.204226 0.0409724 0.168382 0.155742 0.0406777 0.05366 0.0176883 0.00642394 0.00198139 0.000546566 0.000122239 1.91809e-05 2.04829e-06 1.52701e-07 9.85096e-09
 2.56569e-27 2.59494e-27 3.86066e-26 7.6043e-20 1.8641e-14 5.52367e-10 1.97848e-06 0.000856608 0.0448318 0.283618 0.217222 0.0413 0.161745 0.1494 0.035634 0.043737 0.014433 0.00526416 0.001519 0.000354187 6.99066e-05 1.12681e-05 1.1399e-06 6.6727e-08 2.38422e-09
 2.56711e-27 2.59869e-27 4.18097e-26 8.27998e-20 2.02974e-14 6.01448e-10 2.15428e-06 0.000932723 0.0488154 0.308819 0.236465 0.0412884 0.148137 0.136649 0.0298669 0.0337513 0.0107472 0.00332657 0.000942414 0.000214208 3.67057e-05 5.05433e-06 4.97938e-07 2.70544e-08 6.99192e-10
 2.56593e-27 2.59539e-27 3.88076e-26 7.64663e-20 1.87448e-14 5.55442e-10 1.9895e-06 0.000861377 0.0450814 0.285197 0.218453 0.0428415 0.172611 0.159095 0.0313359 0.0314296 0.00971564 0.00255198 0.000668807 0.00013149 2.1717e-05 2.67486e-06 2.22104e-07 1.13531e-08 2.61133e-10
 2.56599e-27 2.59568e-27 3.9183e-26 7.72588e-20 1.89391e-14 5.61198e-10 2.01012e-06 0.000870304 0.0455486 0.288153 0.220691 0.0417025 0.162371 0.149898 0.0342902 0.0404734 0.0123093 0.00285083 0.000702146 0.000118801 1.71287e-05 1.91109e-06 1.42218e-07 6.15995e-09 1.29837e-10
 2.56792e-27 2.60079e-27 4.35832e-26 8.65409e-20 2.12145e-14 6.28622e-10 2.25162e-06 0.000974865 0.0510209 0.322772 0.247122 0.0414352 0.141766 0.130627 0.0262218 0.0269309 0.00832858 0.00218121 0.000528185 7.74826e-05 9.79944e-06 9.24571e-07 6.01367e-08 2.29506e-09 4.13715e-11
 2.56592e-27 2.5953e-27 3.86718e-26 7.61796e-20 1.86745e-14 5.53359e-10 1.98204e-06 0.000858148 0.0449124 0.284128 0.217645 0.0433723 0.177218 0.163241 0.0301804 0.0277343 0.00834819 0.00183324 0.000445328 7.23639e-05 8.57434e-06 6.89087e-07 3.73274e-08 1.21547e-09 1.90063e-11
 2.56409e-27 2.59041e-27 3.44225e-26 6.72157e-20 1.64771e-14 4.88247e-10 1.74882e-06 0.000757171 0.0396276 0.250696 0.192125 0.0439583 0.199607 0.184081 0.0371275 0.0383126 0.0112494 0.00195545 0.000433444 5.99502e-05 7.3114e-06 5.97958e-07 2.78444e-08 7.44493e-10 9.77727e-12
 2.56547e-27 2.59423e-27 3.78556e-26 7.44582e-20 1.82525e-14 5.40855e-10 1.93725e-06 0.000838756 0.0438975 0.277708 0.212727 0.042442 0.173594 0.160187 0.0348913 0.0392367 0.011668 0.00225815 0.000490011 5.41235e-05 5.62589e-06 4.24361e-07 2.02026e-08 4.78385e-10 5.13333e-12
 2.56639e-27 2.59664e-27 3.98999e-26 7.87706e-20 1.93097e-14 5.7218e-10 2.04945e-06 0.000887334 0.0464399 0.293792 0.225012 0.0426294 0.166389 0.153338 0.0300477 0.0299261 0.00902959 0.00199602 0.000452446 5.44138e-05 5.16874e-06 3.10491e-07 1.29932e-08 3.03268e-10 2.9454e-12
 2.566e-27 2.59548e-27 3.87884e-26 7.64255e-20 1.87348e-14 5.55145e-10 1.98844e-06 0.000860917 0.0450573 0.285045 0.21835 0.0436911 0.179149 0.164949 0.0291436 0.0249258 0.00728118 0.00123463 0.000271025 3.61427e-05 3.67943e-06 2.22397e-07 7.62585e-09 1.50145e-10 1.38656e-12
 2.56679e-27 2.59764e-27 4.06938e-26 8.0445e-20 1.97201e-14 5.84342e-10 2.09302e-06 0.000906196 0.047427 0.300037 0.229788 0.0430999 0.166614 0.153392 0.0272873 0.0235934 0.00675453 0.000902399 0.000176612 1.8581e-05 1.8654e-06 1.24179e-07 4.40576e-09 7.50557e-11 5.75343e-13
 2.56621e-27 2.596e-27 3.91954e-26 7.7284e-20 1.89452e-14 5.61381e-10 2.01077e-06 0.000870588 0.0455634 0.288247 0.220799 0.0439605 0.179478 0.165164 0.0275793 0.0212971 0.00607808 0.000797637 0.000150189 1.26193e-05 1.03e-06 5.82896e-08 2.19151e-09 3.92787e-11 2.72124e-13
 2.56763e-27 2.5999e-27 4.26911e-26 8.46585e-20 2.0753e-14 6.14949e-10 2.20264e-06 0.00095366 0.0499111 0.315752 0.241779 0.0425688 0.154147 0.141872 0.0249626 0.0211907 0.00601239 0.000709405 0.000128429 1.05788e-05 7.80139e-07 3.4102e-08 1.04122e-09 1.83666e-11 1.33808e-13
 2.56742e-27 2.59926e-27 4.20608e-26 8.33286e-20 2.0427e-14 6.05289e-10 2.16804e-06 0.000938679 0.0491271 0.310792 0.238003 0.0432967 0.162339 0.149299 0.0238639 0.0168214 0.00478387 0.0006119 0.000112658 8.43428e-06 5.88599e-07 2.41452e-08 5.95899e-10 8.21445e-12 5.55574e-14
 2.56694e-27 2.598e-27 4.09757e-26 8.10395e-20 1.98659e-14 5.88661e-10 2.10848e-06 0.000912893 0.0477775 0.302254 0.231485 0.0433795 0.167549 0.154169 0.0258716 0.020167 0.00568786 0.000624774 0.000109649 8.83779e-06 6.19109e-07 2.31521e-08 5.3427e-10 6.2055e-12 3.26591e-14
 2.56799e-27 2.60083e-27 4.34644e-26 8.62896e-20 2.11528e-14 6.26797e-10 2.24508e-06 0.000972034 0.0508728 0.321835 0.246428 0.0427915 0.152576 0.140311 0.0226614 0.0163394 0.00460496 0.00051112 8.84907e-05 6.16824e-06 4.10253e-07 1.61485e-08 3.54145e-10 3.76582e-12 1.715e-14
 2.56787e-27 2.60047e-27 4.31179e-26 8.55585e-20 2.09736e-14 6.21486e-10 2.22606e-06 0.000963799 0.0504418 0.319109 0.244351 0.0431197 0.156532 0.143908 0.0223171 0.0146493 0.00410418 0.000425502 7.16007e-05 5.0242e-06 3.19103e-07 1.10245e-08 2.41729e-10 2.55063e-12 1.06875e-14
 2.56722e-27 2.59867e-27 4.14778e-26 8.20985e-20 2.01255e-14 5.96353e-10 2.13604e-06 0.000924822 0.0484019 0.306204 0.23451 0.043956 0.16981 0.156079 0.0229943 0.013129 0.00362982 0.000309756 4.66101e-05 3.019e-06 1.82911e-07 6.20294e-09 1.23341e-10 1.22017e-12 5.10197e-15
 2.56655e-27 2.59684e-27 3.98692e-26 7.87049e-20 1.92936e-14 5.71703e-10 2.04774e-06 0.000886595 0.0464012 0.293547 0.224852 0.0443778 0.179805 0.16532 0.0249586 0.0152778 0.00420783 0.000317447 4.3234e-05 2.36876e-06 1.23155e-07 3.82854e-09 7.33608e-11 6.7879e-13 2.6079e-15
 2.56709e-27 2.59836e-27 4.12577e-26 8.16344e-20 2.00117e-14 5.92982e-10 2.12396e-06 0.000919595 0.0481283 0.304473 0.233183 0.0435975 0.168015 0.154528 0.0246403 0.0172673 0.00478892 0.000397158 5.73441e-05 2.86043e-06 1.2916e-07 3.30467e-09 5.53356e-11 4.78074e-13 1.73761e-15
 2.56934e-27 2.6045e-27 4.66932e-26 9.31011e-20 2.28226e-14 6.76275e-10 2.4223e-06 0.00104876 0.0548886 0.34724 0.265813 0.0419274 0.13238 0.121647 0.0188599 0.0123706 0.00344654 0.000322624 5.03281e-05 2.71535e-06 1.29256e-07 2.92967e-09 4.09838e-11 2.94284e-13 9.67657e-16
#obs surv len freq
 1.08595e-41 1.50723e-33 2.52869e-26 5.12813e-20 1.2571e-14 3.72502e-10 1.33424e-06 0.00057768 0.0302335 0.191266 0.146759 0.0401834 0.173327 0.146658 0.103765 0.101619 0.0439566 0.0172323 0.00390389 0.000491769 2.53303e-05 3.87192e-07 1.32117e-09 8.18689e-13 8.06156e-17
 1.60701e-41 2.23042e-33 3.74199e-26 7.58869e-20 1.86028e-14 5.51234e-10 1.97443e-06 0.000854861 0.04474 0.283039 0.216852 0.0407524 0.126866 0.10234 0.075702 0.0682756 0.0283166 0.0100239 0.00201043 0.00021644 9.09616e-06 1.07438e-07 2.71685e-10 1.21812e-13 8.57058e-18
 1.53688e-41 2.13309e-33 3.57869e-26 7.25752e-20 1.7791e-14 5.27179e-10 1.88827e-06 0.000817555 0.0427876 0.270688 0.20765 0.0500378 0.176837 0.128888 0.0564383 0.0424992 0.0169214 0.00539824 0.000947521 8.49362e-05 2.85216e-06 2.58611e-08 4.84977e-11 1.57458e-14 7.91268e-19
 1.07895e-41 1.49751e-33 2.51238e-26 5.09506e-20 1.24899e-14 3.701e-10 1.32564e-06 0.000573955 0.0300385 0.190035 0.146296 0.0565498 0.230388 0.163112 0.0975896 0.0654096 0.0156494 0.00374704 0.000566398 4.16188e-05 1.09105e-06 7.46851e-09 1.03303e-11 2.43072e-15 8.74293e-20
 1.5038e-41 2.08718e-33 3.50168e-26 7.10133e-20 1.74081e-14 5.15833e-10 1.84763e-06 0.00079996 0.0418667 0.264863 0.203236 0.0472563 0.142324 0.104209 0.103867 0.068918 0.0188413 0.00348154 0.000317775 1.75225e-05 3.52548e-07 1.79123e-09 1.80407e-12 3.05866e-16 7.86902e-21
 1.20141e-41 1.66748e-33 2.79754e-26 5.67335e-20 1.39075e-14 4.12106e-10 1.4761e-06 0.000639099 0.0334479 0.211605 0.163127 0.0650591 0.231505 0.14413 0.0782515 0.0494689 0.0188117 0.00365957 0.000285084 9.58435e-06 1.27205e-07 4.65239e-10 3.36827e-13 4.07219e-17 7.44223e-22
 1.37704e-41 1.91123e-33 3.20649e-26 6.5027e-20 1.59406e-14 4.72349e-10 1.69188e-06 0.000732525 0.0383374 0.242537 0.186622 0.0579225 0.175041 0.116584 0.109804 0.0569311 0.0127918 0.00246906 0.000219174 6.22412e-06 5.21849e-08 1.18236e-10 5.79865e-14 4.91294e-18 6.32041e-23
 1.19624e-41 1.6603e-33 2.7855e-26 5.64894e-20 1.38477e-14 4.10333e-10 1.46975e-06 0.000636349 0.033304 0.210697 0.162878 0.0723376 0.227469 0.133364 0.0934613 0.0491085 0.0145748 0.00203296 0.000132229 3.68016e-06 2.60687e-08 3.93506e-11 1.18469e-14 6.43661e-19 5.5912e-24
 1.51297e-41 2.0999e-33 3.52302e-26 7.14462e-20 1.75142e-14 5.18978e-10 1.85889e-06 0.000804837 0.0421219 0.266481 0.205292 0.0643869 0.166893 0.104064 0.0965585 0.0423384 0.00960046 0.00137601 7.98409e-05 1.57497e-06 9.22674e-09 1.14896e-11 2.48221e-15 8.70228e-20 4.7618e-25
 1.51725e-41 2.10584e-33 3.53299e-26 7.16482e-20 1.75637e-14 5.20445e-10 1.86415e-06 0.000807113 0.0422411 0.267238 0.20649 0.0779331 0.198417 0.103753 0.0664348 0.0286735 0.00716357 0.000807223 3.89894e-05 6.57696e-07 2.80676e-09 2.59378e-12 4.37533e-16 1.15875e-20 4.46148e-26
 1.09663e-41 1.52205e-33 2.55355e-26 5.17856e-20 1.26946e-14 3.76165e-10 1.34736e-06 0.000583361 0.0305308 0.193162 0.150992 0.0970288 0.257664 0.136092 0.0956479 0.0320914 0.00559571 0.0005861 2.4265e-05 3.15292e-07 1.05923e-09 7.2394e-13 8.68906e-17 1.67671e-21 4.80997e-27
 1.66306e-41 2.30822e-33 3.87252e-26 7.8534e-20 1.92517e-14 5.70463e-10 2.0433e-06 0.00088468 0.0463006 0.292922 0.226172 0.0712666 0.144854 0.0941815 0.0897545 0.0286806 0.00462945 0.00034167 1.05527e-05 1.11183e-07 2.82065e-10 1.432e-13 1.26476e-17 1.74564e-22 3.53141e-28
 1.33603e-41 1.85432e-33 3.11101e-26 6.30906e-20 1.54659e-14 4.58283e-10 1.6415e-06 0.000710711 0.0371958 0.235336 0.184367 0.110293 0.242316 0.106751 0.0579412 0.0207142 0.00409232 0.000274829 6.36247e-06 4.62506e-08 8.66004e-11 3.26145e-14 2.08937e-18 2.08023e-23 3.02447e-29
 1.11804e-41 1.55176e-33 2.6034e-26 5.27965e-20 1.29424e-14 3.83508e-10 1.37366e-06 0.000594749 0.0311268 0.196949 0.155668 0.11214 0.235756 0.13757 0.103242 0.0238106 0.00293243 0.000205189 4.62913e-06 2.59191e-08 3.31684e-11 8.60168e-15 3.92942e-19 2.80995e-24 2.91688e-30
 8.77408e-42 1.21778e-33 2.04309e-26 4.14334e-20 1.01569e-14 3.00968e-10 1.07802e-06 0.000466744 0.0244276 0.154579 0.124583 0.123666 0.249672 0.159734 0.124014 0.034109 0.00454358 0.000199547 3.40151e-06 1.7243e-08 1.77837e-11 3.27309e-15 1.01184e-19 4.93622e-25 3.57115e-31
 1.41542e-41 1.96451e-33 3.29588e-26 6.68397e-20 1.6385e-14 4.85517e-10 1.73904e-06 0.000752945 0.0394062 0.24933 0.195438 0.0944486 0.159544 0.126459 0.10168 0.0286873 0.00406116 0.000188907 2.51383e-06 8.62011e-09 6.90981e-12 1.02309e-15 2.38523e-20 8.22142e-26 4.06489e-32
 9.71241e-42 1.34802e-33 2.26158e-26 4.58644e-20 1.12431e-14 3.33154e-10 1.1933e-06 0.000516659 0.02704 0.171148 0.14114 0.161927 0.272576 0.126592 0.0728994 0.0227175 0.00328857 0.0001532 1.99758e-06 5.75462e-09 3.24418e-12 3.34337e-16 5.78616e-21 1.5172e-26 5.59749e-33
 1.43544e-41 1.99229e-33 3.34248e-26 6.77848e-20 1.66167e-14 4.92382e-10 1.76363e-06 0.000763592 0.0399634 0.252882 0.200169 0.108046 0.161536 0.135868 0.0838519 0.0151876 0.00165397 7.55357e-05 9.30468e-07 2.43937e-09 1.16507e-12 9.11429e-17 1.10407e-21 2.00023e-27 5.23768e-34
 1.0027e-41 1.39168e-33 2.33483e-26 4.73499e-20 1.16073e-14 3.43944e-10 1.23195e-06 0.000533393 0.0279158 0.176748 0.149388 0.183354 0.260942 0.121359 0.062402 0.0158433 0.00147008 4.28863e-05 4.27955e-07 9.86956e-10 4.04677e-13 2.62771e-17 2.52343e-22 3.42816e-28 6.41287e-35
 1.28958e-41 1.78985e-33 3.00285e-26 6.08972e-20 1.49282e-14 4.42351e-10 1.58443e-06 0.000686003 0.0359028 0.227251 0.184431 0.132456 0.181366 0.151948 0.0737589 0.0112329 0.000938762 2.67306e-05 1.87786e-07 3.05e-10 9.84846e-14 5.19399e-18 4.01218e-23 4.309e-29 6.24147e-36
 1.41316e-41 1.96137e-33 3.29061e-26 6.6733e-20 1.63588e-14 4.84741e-10 1.73626e-06 0.000751742 0.0393435 0.249077 0.204853 0.159391 0.187437 0.10135 0.0475242 0.00961732 0.00064035 1.29005e-05 7.65882e-08 9.5382e-11 2.12528e-14 7.93837e-19 4.58685e-24 3.78533e-30 4.23105e-37
 1.12822e-41 1.56589e-33 2.62711e-26 5.32773e-20 1.30603e-14 3.87001e-10 1.38617e-06 0.000600165 0.0314107 0.198995 0.172633 0.196734 0.225436 0.122787 0.044588 0.00638706 0.000419584 7.92915e-06 3.43366e-08 3.16249e-11 5.3817e-15 1.45861e-19 5.85195e-25 3.35815e-31 2.67716e-38
 1.37541e-41 1.90898e-33 3.20271e-26 6.49502e-20 1.59218e-14 4.71792e-10 1.68988e-06 0.00073166 0.0382927 0.242519 0.203075 0.160271 0.179076 0.126495 0.0439719 0.00531315 0.000249041 3.71145e-06 1.396e-08 1.00257e-11 1.22277e-15 2.39003e-20 7.0164e-26 2.90985e-32 1.63762e-39
 1.3557e-41 1.88163e-33 3.15682e-26 6.40197e-20 1.56937e-14 4.65032e-10 1.66567e-06 0.000721178 0.0377444 0.239192 0.20712 0.193921 0.188034 0.0968428 0.0320897 0.00416359 0.000167811 1.81879e-06 4.90901e-09 2.73291e-12 2.61372e-16 3.80918e-21 7.99467e-27 2.34806e-33 9.42757e-41
 1.18334e-41 1.64239e-33 2.75545e-26 5.588e-20 1.36983e-14 4.05907e-10 1.45389e-06 0.000629485 0.032946 0.208989 0.189802 0.213974 0.207099 0.113552 0.0299355 0.00296154 0.000109341 1.05039e-06 2.14132e-09 8.34605e-13 5.68396e-17 6.13002e-22 9.65039e-28 2.09802e-34 6.09543e-42
 1.06817e-41 1.48256e-33 2.48729e-26 5.04418e-20 1.23652e-14 3.66404e-10 1.3124e-06 0.000568224 0.0297404 0.188862 0.178792 0.221449 0.217079 0.128784 0.03192 0.00272786 7.45378e-05 5.56185e-07 9.35264e-10 2.84624e-13 1.39991e-17 1.0516e-22 1.15695e-28 1.79215e-35 3.77456e-43
 1.0492e-41 1.45622e-33 2.44312e-26 4.95459e-20 1.21456e-14 3.59896e-10 1.28909e-06 0.000558132 0.0292128 0.185679 0.17962 0.221168 0.216809 0.132173 0.032066 0.00265003 6.18252e-05 3.49945e-07 4.28164e-10 9.83019e-14 3.71363e-18 2.0934e-23 1.66577e-29 1.81596e-36 2.66137e-44
 1.26746e-41 1.75915e-33 2.95134e-26 5.98527e-20 1.46722e-14 4.34763e-10 1.55725e-06 0.000674237 0.035289 0.224015 0.204465 0.199768 0.192517 0.113534 0.0274174 0.00226655 5.17207e-05 2.69778e-07 2.78337e-10 5.08744e-14 1.51987e-18 6.91903e-24 4.52681e-30 4.06833e-37 4.86713e-45
 1.26749e-41 1.75919e-33 2.9514e-26 5.98539e-20 1.46725e-14 4.34772e-10 1.55728e-06 0.000674251 0.0352897 0.22402 0.204469 0.199777 0.192687 0.113888 0.0270344 0.00211434 4.46696e-05 2.11447e-07 1.95045e-10 3.14942e-14 8.23965e-19 3.26731e-24 1.85687e-30 1.44772e-37 1.50115e-45
#pred catch len freq
 2.55651e-27 2.57072e-27 1.80166e-26 3.261e-20 7.99396e-15 2.36875e-10 8.48447e-07 0.000367345 0.0192255 0.121627 0.093513 0.0403442 0.241382 0.223524 0.0597128 0.0805502 0.0341771 0.0256428 0.0154645 0.0115576 0.00894042 0.00764392 0.00759433 0.00669425 0.00203922
 2.55756e-27 2.57396e-27 2.11462e-26 3.9213e-20 9.6126e-15 2.84838e-10 1.02024e-06 0.000441726 0.0231184 0.146254 0.112268 0.0372177 0.204417 0.19063 0.0763088 0.126367 0.0431932 0.0183819 0.00808785 0.0045038 0.00282157 0.00205859 0.00180801 0.00159134 0.000530875
 2.56001e-27 2.58019e-27 2.62023e-26 4.98775e-20 1.22269e-14 3.62304e-10 1.29771e-06 0.00056186 0.0294057 0.186029 0.142683 0.0399091 0.203529 0.188823 0.0580936 0.0854674 0.0337078 0.0208865 0.00673159 0.00210202 0.000865422 0.000476453 0.00034473 0.000284354 9.81431e-05
 2.55844e-27 2.57574e-27 2.20691e-26 4.11574e-20 1.00892e-14 2.98962e-10 1.07083e-06 0.00046363 0.0242647 0.153506 0.117892 0.0426761 0.242004 0.224113 0.0605459 0.0819633 0.0293722 0.0145666 0.0057412 0.00211519 0.000481899 0.000147889 7.47178e-05 5.2773e-05 1.80084e-05
 2.55846e-27 2.57603e-27 2.25554e-26 4.21841e-20 1.03409e-14 3.0642e-10 1.09755e-06 0.000475196 0.02487 0.157335 0.120781 0.0404462 0.223006 0.207138 0.0676619 0.102413 0.0347506 0.0141735 0.00477982 0.00159811 0.000449384 8.64695e-05 2.06858e-05 1.03215e-05 3.29301e-06
 2.55952e-27 2.57875e-27 2.48046e-26 4.69285e-20 1.1504e-14 3.40883e-10 1.22099e-06 0.00052864 0.0276671 0.17503 0.134305 0.0412192 0.219386 0.20341 0.0599487 0.0858373 0.0309152 0.015295 0.00478136 0.00129115 0.000308164 6.40313e-05 9.08334e-06 2.03924e-06 5.37886e-07
 2.5593e-27 2.57794e-27 2.38836e-26 4.49847e-20 1.10275e-14 3.26763e-10 1.17041e-06 0.000506743 0.0265211 0.167781 0.128799 0.0430933 0.237516 0.219847 0.0575813 0.0761749 0.0260641 0.0110135 0.0037087 0.00112315 0.000224926 3.84114e-05 5.0719e-06 5.19297e-07 7.87185e-08
 2.55964e-27 2.5789e-27 2.47657e-26 4.68458e-20 1.14837e-14 3.40282e-10 1.21883e-06 0.000527708 0.0276183 0.174722 0.13409 0.0424934 0.229235 0.212334 0.0586231 0.0803857 0.0264682 0.00954817 0.00293619 0.000806053 0.000179881 2.81923e-05 3.00876e-06 2.24253e-07 1.44658e-08
 2.56081e-27 2.58189e-27 2.72317e-26 5.20473e-20 1.27588e-14 3.78065e-10 1.35417e-06 0.000586302 0.0306849 0.194122 0.148915 0.0432383 0.224487 0.207622 0.051808 0.0660052 0.0217498 0.00786886 0.0022641 0.000525226 0.000103425 1.66485e-05 1.68327e-06 9.85114e-08 3.51962e-09
 2.56243e-27 2.5861e-27 3.07874e-26 5.95478e-20 1.45974e-14 4.32548e-10 1.54931e-06 0.000670794 0.0351069 0.222097 0.170282 0.0435952 0.212191 0.195983 0.0444648 0.0521249 0.0165761 0.00508361 0.00143558 0.000324626 5.55021e-05 7.63133e-06 7.51355e-07 4.0814e-08 1.05471e-09
 2.56108e-27 2.58232e-27 2.73251e-26 5.22433e-20 1.28068e-14 3.79489e-10 1.35926e-06 0.000588509 0.0308005 0.194853 0.14951 0.0455653 0.241777 0.223089 0.0457126 0.0481148 0.0148652 0.00387497 0.00101268 0.000198071 3.26379e-05 4.0143e-06 3.33105e-07 1.70227e-08 3.91505e-10
 2.56156e-27 2.58378e-27 2.87666e-26 5.52849e-20 1.35524e-14 4.01583e-10 1.4384e-06 0.000622773 0.0325937 0.206197 0.158145 0.0438385 0.222569 0.205685 0.0484624 0.0587518 0.0178464 0.00408677 0.00100307 0.000168766 2.42724e-05 2.70385e-06 2.01079e-07 8.70704e-09 1.83506e-10
 2.56349e-27 2.58884e-27 3.30726e-26 6.43682e-20 1.57791e-14 4.67562e-10 1.67473e-06 0.000725094 0.0379488 0.240075 0.184016 0.0439919 0.205561 0.189636 0.0392031 0.0416874 0.012877 0.00333756 0.000805911 0.000117574 1.48326e-05 1.39713e-06 9.08072e-08 3.46455e-09 6.24465e-11
 2.56178e-27 2.5841e-27 2.87848e-26 5.53223e-20 1.35616e-14 4.01854e-10 1.43937e-06 0.000623194 0.0326157 0.206337 0.158287 0.0460745 0.239486 0.220767 0.0415533 0.0391884 0.0117813 0.0025546 0.000618187 9.98835e-05 1.18079e-05 9.4731e-07 5.12754e-08 1.66909e-09 2.60966e-11
 2.56018e-27 2.57986e-27 2.51261e-26 4.76042e-20 1.16696e-14 3.45791e-10 1.23857e-06 0.000536252 0.0280655 0.177551 0.13631 0.0463051 0.256681 0.236862 0.0485176 0.0509942 0.0149567 0.00256519 0.000566067 7.78327e-05 9.46696e-06 7.72997e-07 3.59684e-08 9.61361e-10 1.26236e-11
 2.56143e-27 2.58335e-27 2.83001e-26 5.43005e-20 1.33111e-14 3.94432e-10 1.41279e-06 0.000611684 0.0320133 0.202526 0.155354 0.0446464 0.230679 0.213028 0.0472238 0.0540544 0.0160536 0.00306549 0.00066271 7.27799e-05 7.5429e-06 5.67932e-07 2.7017e-08 6.39533e-10 6.86152e-12
 2.56272e-27 2.5867e-27 3.11342e-26 6.02787e-20 1.47766e-14 4.37857e-10 1.56833e-06 0.000679027 0.0355378 0.224823 0.172385 0.0449789 0.221243 0.204026 0.0402836 0.0405082 0.0121997 0.0026555 0.000599598 7.16846e-05 6.79146e-06 4.07183e-07 1.70245e-08 3.97215e-10 3.85729e-12
 2.56252e-27 2.58603e-27 3.04143e-26 5.87595e-20 1.44042e-14 4.26821e-10 1.5288e-06 0.000661913 0.0346421 0.219156 0.168078 0.0462021 0.233578 0.215181 0.0381415 0.0327953 0.00956614 0.00159651 0.000348652 4.6212e-05 4.69264e-06 2.83129e-07 9.70021e-09 1.90905e-10 1.76268e-12
 2.56343e-27 2.5885e-27 3.26067e-26 6.33847e-20 1.5538e-14 4.60418e-10 1.64914e-06 0.000714015 0.037369 0.236407 0.18124 0.045536 0.219261 0.201979 0.0359776 0.0311731 0.00891441 0.00117254 0.000228089 2.38514e-05 2.38701e-06 1.58621e-07 5.62337e-09 9.57607e-11 7.33925e-13
 2.56278e-27 2.58666e-27 3.0917e-26 5.98197e-20 1.46641e-14 4.34523e-10 1.55639e-06 0.000673857 0.0352672 0.223111 0.171103 0.0465711 0.23426 0.215693 0.0360979 0.0279971 0.00798192 0.00103166 0.000193127 1.61351e-05 1.3124e-06 7.41226e-08 2.78436e-09 4.9886e-11 3.45555e-13
 2.56433e-27 2.59094e-27 3.47503e-26 6.79067e-20 1.66465e-14 4.93266e-10 1.76679e-06 0.000764955 0.040035 0.253273 0.194109 0.0449876 0.206046 0.189763 0.033423 0.0284206 0.00805598 0.000936296 0.000168399 1.37928e-05 1.01378e-06 4.42246e-08 1.34891e-09 2.37836e-11 1.73246e-13
 2.56396e-27 2.58984e-27 3.36975e-26 6.56854e-20 1.6102e-14 4.77131e-10 1.709e-06 0.000739933 0.0387254 0.244988 0.1878 0.0460131 0.218283 0.20088 0.0322146 0.0228739 0.00649921 0.000819132 0.000149952 1.11662e-05 7.76484e-07 3.17891e-08 7.83783e-10 1.07989e-11 7.30221e-14
 2.56379e-27 2.5894e-27 3.33461e-26 6.49443e-20 1.59203e-14 4.71747e-10 1.68972e-06 0.000731584 0.0382885 0.242224 0.185686 0.0458115 0.218234 0.200914 0.0336546 0.0261416 0.0073656 0.000796725 0.000138814 1.11248e-05 7.76738e-07 2.89885e-08 6.68266e-10 7.75798e-12 4.08204e-14
 2.56487e-27 2.59233e-27 3.5909e-26 7.03507e-20 1.72456e-14 5.11019e-10 1.83038e-06 0.000792487 0.0414759 0.262388 0.201074 0.0452605 0.203229 0.187011 0.0301689 0.0216976 0.00610904 0.000667776 0.000114808 7.95992e-06 5.27392e-07 2.07177e-08 4.53916e-10 4.82425e-12 2.19652e-14
 2.56513e-27 2.593e-27 3.64731e-26 7.15407e-20 1.75373e-14 5.19663e-10 1.86134e-06 0.000805891 0.0421774 0.266826 0.204465 0.0453852 0.201795 0.185616 0.0286157 0.0185088 0.00517907 0.000528331 8.81888e-05 6.15406e-06 3.89395e-07 1.34253e-08 2.94051e-10 3.10118e-12 1.29915e-14
 2.56449e-27 2.5912e-27 3.48283e-26 6.80705e-20 1.66867e-14 4.94456e-10 1.77106e-06 0.0007668 0.0401316 0.253884 0.194597 0.0462984 0.215678 0.198327 0.0290568 0.0163143 0.00450553 0.000378842 5.64531e-05 3.6369e-06 2.19456e-07 7.42698e-09 1.47525e-10 1.45862e-12 6.09757e-15
 2.56363e-27 2.58888e-27 3.27854e-26 6.3761e-20 1.56302e-14 4.63152e-10 1.65893e-06 0.000718254 0.0375908 0.23781 0.182332 0.0468278 0.228324 0.210021 0.0315714 0.0190992 0.00525609 0.000391313 5.27357e-05 2.87547e-06 1.48814e-07 4.6164e-09 8.8359e-11 8.17124e-13 3.13861e-15
 2.56418e-27 2.59042e-27 3.4196e-26 6.67369e-20 1.63598e-14 4.84769e-10 1.73636e-06 0.000751778 0.0393453 0.24891 0.190793 0.0459563 0.215747 0.198524 0.031506 0.0218422 0.00605259 0.000494939 7.07866e-05 3.51562e-06 1.57975e-07 4.03337e-09 6.74515e-11 5.82412e-13 2.11631e-15
 2.56206e-27 2.58474e-27 2.92404e-26 5.6283e-20 1.37971e-14 4.08833e-10 1.46437e-06 0.000634016 0.0331821 0.20992 0.161036 0.0468622 0.243549 0.224326 0.0387404 0.0318358 0.00891745 0.000853848 0.000134772 7.26785e-06 3.45632e-07 7.82437e-09 1.09347e-10 7.84732e-13 2.57964e-15
#obs catch len freq
 5.01392e-42 6.95899e-34 1.16751e-26 2.3677e-20 5.80412e-15 1.71987e-10 6.16029e-07 0.000266719 0.013959 0.08831 0.0681564 0.0398517 0.218382 0.186397 0.143576 0.143308 0.0646465 0.0261666 0.00613741 0.000797985 4.28379e-05 6.86341e-07 2.44406e-09 1.5697e-12 1.59363e-16
 5.7675e-42 8.00491e-34 1.34299e-26 2.72356e-20 6.67648e-15 1.97836e-10 7.08617e-07 0.000306807 0.016057 0.101583 0.0784044 0.0437196 0.223158 0.181517 0.142734 0.130611 0.0562635 0.020734 0.00439452 0.000494593 2.1601e-05 2.65423e-07 6.98263e-10 3.2433e-13 2.3512e-17
 1.08675e-41 1.50834e-33 2.53056e-26 5.13191e-20 1.25803e-14 3.72777e-10 1.33523e-06 0.000578107 0.0302558 0.191408 0.147042 0.0452881 0.181812 0.140871 0.113326 0.0949081 0.0389818 0.0128893 0.00240163 0.00022906 8.08125e-06 7.60989e-08 1.47609e-10 4.94659e-14 2.55819e-18
 1.12079e-41 1.55559e-33 2.60982e-26 5.29266e-20 1.29743e-14 3.84454e-10 1.37705e-06 0.000596215 0.0312035 0.197405 0.151963 0.0584211 0.237516 0.163974 0.0764658 0.0539482 0.0211499 0.00626186 0.00101233 7.96965e-05 2.22747e-06 1.59864e-08 2.28848e-11 5.53811e-15 2.04263e-19
 7.88101e-42 1.09383e-33 1.83513e-26 3.72161e-20 9.12309e-15 2.70334e-10 9.68292e-07 0.000419237 0.0219412 0.13881 0.107488 0.0649105 0.274139 0.184662 0.116028 0.0708304 0.0164991 0.00372369 0.000514424 3.28826e-05 7.11699e-07 3.83318e-09 4.03043e-12 7.0504e-16 1.85854e-20
 1.26213e-41 1.75176e-33 2.93893e-26 5.9601e-20 1.46105e-14 4.32935e-10 1.5507e-06 0.000671401 0.0351385 0.222299 0.170967 0.0529405 0.172472 0.122119 0.124795 0.0751684 0.0198182 0.0033163 0.000279049 1.34143e-05 2.21142e-07 8.79301e-10 6.70914e-13 8.43734e-17 1.58858e-21
 1.03847e-41 1.44132e-33 2.41812e-26 4.9039e-20 1.20213e-14 3.56214e-10 1.2759e-06 0.000552421 0.0289115 0.182908 0.141591 0.0738198 0.260601 0.153698 0.0857478 0.0504594 0.018306 0.00317645 0.000220122 6.39812e-06 7.00644e-08 2.00035e-10 1.09399e-13 9.79263e-18 1.30813e-22
 1.2795e-41 1.77586e-33 2.97938e-26 6.04211e-20 1.48115e-14 4.38893e-10 1.57204e-06 0.00068064 0.035622 0.22536 0.173814 0.0643036 0.191992 0.123638 0.11622 0.0543134 0.0118044 0.00208629 0.000160889 3.83087e-06 2.61849e-08 4.65318e-11 1.72564e-14 1.08132e-18 1.01583e-23
 1.15045e-41 1.59675e-33 2.67887e-26 5.4327e-20 1.33176e-14 3.94625e-10 1.41348e-06 0.00061199 0.0320291 0.202634 0.157132 0.0799051 0.239503 0.13424 0.0940543 0.0455503 0.0126731 0.00157238 9.13372e-05 2.11402e-06 1.19293e-08 1.39827e-11 3.18834e-15 1.2834e-19 8.13866e-25
 1.51299e-41 2.09993e-33 3.52307e-26 7.14472e-20 1.75144e-14 5.18984e-10 1.85892e-06 0.000804847 0.0421225 0.266487 0.205617 0.0696087 0.171344 0.1038 0.0937898 0.0373157 0.00802922 0.00102794 5.13859e-05 8.47043e-07 3.9561e-09 3.78199e-12 6.14882e-16 1.59788e-20 6.39569e-26
 1.54895e-41 2.14984e-33 3.6068e-26 7.31451e-20 1.79307e-14 5.31319e-10 1.9031e-06 0.000823975 0.0431236 0.272824 0.211145 0.0831943 0.197291 0.0986614 0.0619948 0.0246578 0.00569178 0.00056696 2.37504e-05 3.28764e-07 1.11116e-09 7.88783e-13 9.9732e-17 1.95139e-21 5.49936e-27
 1.1531e-41 1.60042e-33 2.68504e-26 5.44521e-20 1.33483e-14 3.95535e-10 1.41674e-06 0.0006134 0.0321029 0.203112 0.159164 0.103789 0.253562 0.12915 0.0872868 0.0264796 0.00432498 0.000400757 1.41068e-05 1.50112e-07 3.96734e-10 2.06988e-13 1.85928e-17 2.64573e-22 5.54178e-28
 1.72257e-41 2.39082e-33 4.01109e-26 8.13442e-20 1.99406e-14 5.90875e-10 2.11642e-06 0.000916337 0.0479574 0.303406 0.23453 0.0749063 0.140661 0.0904126 0.0803054 0.0232428 0.00343241 0.000221814 5.87193e-06 5.01909e-08 9.95734e-11 3.84767e-14 2.53528e-18 2.57636e-23 3.80207e-29
 1.39921e-41 1.94201e-33 3.25812e-26 6.60741e-20 1.61973e-14 4.79955e-10 1.71912e-06 0.00074432 0.0389548 0.246471 0.19357 0.116222 0.23368 0.098627 0.0515101 0.0170467 0.00299634 0.000173221 3.37874e-06 1.99399e-08 2.91557e-11 8.32376e-15 3.96926e-19 2.90494e-24 3.07754e-30
 1.18839e-41 1.6494e-33 2.76722e-26 5.61186e-20 1.37568e-14 4.07639e-10 1.4601e-06 0.000632172 0.0330854 0.209348 0.165978 0.118893 0.228972 0.131514 0.0905373 0.0187728 0.00213474 0.000129038 2.39464e-06 1.07217e-08 1.0676e-11 2.09896e-15 7.12735e-20 3.7409e-25 2.82695e-31
 9.462e-42 1.31326e-33 2.20327e-26 4.46819e-20 1.09532e-14 3.24565e-10 1.16254e-06 0.000503339 0.0263428 0.166708 0.134958 0.132024 0.244357 0.154736 0.109552 0.0274854 0.00320948 0.000121099 1.72956e-06 6.94107e-09 5.50366e-12 7.64515e-16 1.75593e-20 6.28493e-26 3.30653e-32
 1.50123e-41 2.08361e-33 3.49569e-26 7.0892e-20 1.73783e-14 5.14952e-10 1.84447e-06 0.000798594 0.0417953 0.264454 0.207696 0.0986424 0.153123 0.120642 0.0873598 0.0225821 0.00279356 0.000109575 1.19075e-06 3.24936e-09 2.00337e-12 2.22549e-16 3.84131e-21 9.7107e-27 3.49386e-33
 1.04813e-41 1.45473e-33 2.44062e-26 4.94953e-20 1.21332e-14 3.59528e-10 1.28777e-06 0.000557561 0.0291806 0.184714 0.153095 0.169944 0.260831 0.118113 0.0631821 0.0180338 0.00225813 8.83806e-05 9.28817e-07 2.09282e-09 9.02866e-13 6.98452e-17 8.92906e-22 1.71228e-27 4.59268e-34
 1.52855e-41 2.12152e-33 3.5593e-26 7.21818e-20 1.76945e-14 5.24321e-10 1.87803e-06 0.000813123 0.0425557 0.269297 0.213614 0.111578 0.153738 0.126847 0.0690299 0.0113808 0.00110197 4.20261e-05 4.13731e-07 8.40877e-10 3.04448e-13 1.77832e-17 1.58985e-22 2.10511e-28 3.99831e-35
 1.08618e-41 1.50755e-33 2.52923e-26 5.12923e-20 1.25737e-14 3.72582e-10 1.33453e-06 0.000577805 0.0302402 0.191491 0.162687 0.190303 0.247121 0.111827 0.0527899 0.0119938 0.00094506 2.32878e-05 1.86846e-07 3.31892e-10 1.02498e-13 4.94241e-18 3.49025e-23 3.46212e-29 4.70179e-36
 1.38756e-41 1.92583e-33 3.23099e-26 6.55238e-20 1.60624e-14 4.75958e-10 1.7048e-06 0.000738121 0.0386305 0.244537 0.199008 0.136228 0.172886 0.139674 0.0594915 0.00819827 0.00059373 1.38437e-05 7.73866e-08 9.72624e-11 2.361e-14 9.20605e-19 5.20941e-24 4.07319e-30 4.27597e-37
 1.50851e-41 2.09371e-33 3.51263e-26 7.12355e-20 1.74626e-14 5.17447e-10 1.85341e-06 0.000802463 0.0419981 0.265912 0.219334 0.161445 0.173832 0.0909021 0.0385255 0.00685648 0.000384069 6.41453e-06 3.00939e-08 2.86798e-11 4.79893e-15 1.32464e-19 5.5908e-25 3.34792e-31 2.70473e-38
 1.22155e-41 1.69543e-33 2.84443e-26 5.76844e-20 1.41407e-14 4.19014e-10 1.50084e-06 0.000649811 0.0340092 0.215502 0.187728 0.200498 0.211415 0.109972 0.0354306 0.00453805 0.000251868 3.84283e-06 1.30763e-08 9.21511e-12 1.17216e-15 2.34234e-20 6.86428e-26 2.8555e-32 1.64104e-39
 1.47648e-41 2.04926e-33 3.43805e-26 6.9723e-20 1.70918e-14 5.06461e-10 1.81406e-06 0.000785425 0.0411067 0.260382 0.218582 0.161691 0.167914 0.11165 0.0341214 0.00362076 0.000142929 1.73107e-06 5.06697e-09 2.76103e-12 2.51295e-16 3.61541e-21 7.73684e-27 2.32497e-33 9.44124e-41
 1.45363e-41 2.01754e-33 3.38484e-26 6.86438e-20 1.68272e-14 4.98621e-10 1.78598e-06 0.000773268 0.0404709 0.25653 0.22275 0.194002 0.17333 0.0843899 0.0248724 0.00278574 9.29412e-05 8.12167e-07 1.70786e-09 7.19619e-13 5.11171e-17 5.47242e-22 8.37007e-28 1.77983e-34 5.14836e-42
 1.28126e-41 1.77831e-33 2.98348e-26 6.05043e-20 1.48319e-14 4.39497e-10 1.57421e-06 0.000681577 0.0356728 0.226365 0.206162 0.21493 0.193042 0.0983445 0.0227785 0.00196124 5.97991e-05 4.56325e-07 7.18831e-10 2.11724e-13 1.0697e-17 8.45096e-23 9.67136e-29 1.52119e-35 3.18624e-43
 1.16473e-41 1.61657e-33 2.71213e-26 5.50014e-20 1.3483e-14 3.99525e-10 1.43103e-06 0.000619588 0.0324292 0.206036 0.195563 0.223369 0.204597 0.111427 0.0241514 0.0017661 3.97019e-05 2.35528e-07 3.04057e-10 6.9522e-14 2.5325e-18 1.39325e-23 1.11298e-29 1.2444e-36 1.88467e-44
 1.14643e-41 1.59116e-33 2.66951e-26 5.41371e-20 1.32711e-14 3.93246e-10 1.40854e-06 0.000609851 0.0319196 0.202774 0.191473 0.216081 0.208848 0.119391 0.0268633 0.00199738 4.08785e-05 1.98093e-07 2.03135e-10 3.84901e-14 1.18916e-18 5.45252e-24 3.51363e-30 3.08951e-37 3.63927e-45
 1.3532e-41 1.87815e-33 3.15098e-26 6.39013e-20 1.56646e-14 4.64172e-10 1.66259e-06 0.000719844 0.0376759 0.239089 0.214864 0.194201 0.182279 0.104719 0.0245155 0.00189555 3.97587e-05 1.87234e-07 1.7209e-10 2.77137e-14 7.23623e-19 2.86526e-24 1.62667e-30 1.26728e-37 1.31329e-45
#spawning biomass
 11151.4 12382.1 16029.3 23086.8 29219.8 36573.1 43086.1 50324.2 56488.5 71059.5 88232.2 108854 135623 172053 163212 140885 140928 135923 129817 122937 125743 136695 147849 153899 172725 166479 144742 129241 144741 312897 410559 421712 376496 314400 254960 205633 167873 140435 121202 108060 99248.7 93421.9 89600.4 87102.1 85482.5 84460.6 83815.8 83408.9 83152.2 82990.2 82888.1 82823.6 82782.9 82757.2 82741 82730.8 82724.3 82720.3 82717.7 82716.1 82715.1 82714.4 82714 82713.8 82713.6 82713.5 82713.4 82713.4 82713.4 82713.3 82713.3 82713.3 82713.3 82713.3 82713.3 82713.3 82713.3 82713.3 82713.3 82713.3 82713.3 82713.3 82713.3 82713.3 82713.3 82713.3 82713.3 82713.3 82713.3 82713.3 82713.3 82713.3 82713.3 82713.3 82713.3 82713.3 82713.3 82713.3 82713.3 82713.3 82713.3 82713.3 82713.3 82713.3 82713.3 82713.3 82713.3 82713.3 82713.3 82713.3 82713.3 82713.3 82713.3 82713.3 82713.3 82713.3 82713.3 82713.3 82713.3 82713.3 82713.3 82713.3 82713.3 82713.3 82713.3 82713.3 82713.3 82713.3 82713.3 0 0 0 0 0 0 0 0 0 0 0 0 0 0 0 0 0 0 0 0 0 0 0 0 0
