SBPRF35
0.0963699
Curr Bio
191655
B35
132200
F35
1.8872
FOFL
1.8872
OFL
127016
Bzero
27532.4
#pred survey bio
 14053.8 14699.4 13494.8 17512.9 17837.4 17890.2 23444.2 35661.6 48183.1 58515.8 83141.1 99342.9 117905 139785 144023 121410 105431 102657 105020 114024 123562 123759 130496 132642 147572 164158 142730 143729 4.10965e+06 2.99868e+06 957523 475765 325081 260247 228643 212778 204796 200796 198801 197812 197324 197084 196965 196907 196879 196866 196859 196856 196855 196854 196854 196854 196853 196853 196853 196853 196853 196853 196853 196853 196853 196853 196853 196853 196853 196853 196853 196853 196853 196853 196853 196853 196853 196853 196853 196853 196853 196853 196853 196853 196853 196853 196853 196853 196853 196853 196853 196853 196853 196853 196853 196853 196853 196853 196853 196853 196853 196853 196853 196853 196853 196853 196853 196853 196853 196853 196853 196853 196853 196853 196853 196853 196853 196853 196853 196853 196853 196853 196853 196853 196853 196853 196853 196853 196853 196853 196853 196853 0 0 0 0 0 0 0 0 0 0 0 0 0 0 0 0 0 0 0 0 0 0 0 0 0
#obs survey bio
 10854.9 10603.5 11568.2 19395.1 19584.4 16739.5 20166.1 57163.7 44098.7 58472.6 93809.6 123582 107163 131638 101937 112708 127127 98758.2 60973.6 102355 119579 130691 137064 183013 210634 199448 113213 173926
#pred catch bio
 5054.35 8233.37 7458.78 11552 10721 10327.4 12733 20440.9 31286.8 33881.3 54864.7 68471.4 83765.9 99638.7 105545 91145 79950.5 78103.8 78515.7 83602 96024.8 92737.4 104015 105927 113945 143588 119177 95133.4 127016 87153.3 15249 6351.63 5420.27 5332.32 5324.56 5323.91 5323.86 5323.85 5323.85 5323.85 5323.85 5323.85 5323.85 5323.85 5323.85 5323.85 5323.85 5323.85 5323.85 5323.85 5323.85 5323.85 5323.85 5323.85 5323.85 5323.85 5323.85 5323.85 5323.85 5323.85 5323.85 5323.85 5323.85 5323.85 5323.85 5323.85 5323.85 5323.85 5323.85 5323.85 5323.85 5323.85 5323.85 5323.85 5323.85 5323.85 5323.85 5323.85 5323.85 5323.85 5323.85 5323.85 5323.85 5323.85 5323.85 5323.85 5323.85 5323.85 5323.85 5323.85 5323.85 5323.85 5323.85 5323.85 5323.85 5323.85 5323.85 5323.85 5323.85 5323.85 5323.85 5323.85 5323.85 5323.85 5323.85 5323.85 5323.85 5323.85 5323.85 5323.85 5323.85 5323.85 5323.85 5323.85 5323.85 5323.85 5323.85 5323.85 5323.85 5323.85 5323.85 5323.85 5323.85 5323.85 5323.85 5323.85 5323.85 5323.85 0 0 0 0 0 0 0 0 0 0 0 0 0 0 0 0 0 0 0 0 0 0 0 0 0
#obs catch bio
 9576.59 9141.45 8511 12123.9 11258.4 10792.5 13205.9 18436.2 30011 33135.1 52832.4 66666 83567.8 103344 112956 97732.6 80739.3 76788.4 80478.9 80488.8 89671.9 82031.7 92751.4 98862.4 103619 132747 116978 92959.5
#pred cpue bio
 13331.8 14212.3 12304.4 16036.8 17075.2 16486.9 21039 32173.2 44490.6 52521.3 75881.6 90848.1 106498 127491 135897 114345 97248 94428.8 95649.7 104178 113250 113201 119609 119573 132730 150232 130252 128934 3.8255e+06 3.1915e+06 949657 465146 314412 249577 217973 202108 194125 190125 188131 187142 186653 186413 186295 186237 186209 186195 186189 186186 186184 186183 186183 186183 186183 186183 186183 186183 186183 186183 186183 186183 186183 186183 186183 186183 186183 186183 186183 186183 186183 186183 186183 186183 186183 186183 186183 186183 186183 186183 186183 186183 186183 186183 186183 186183 186183 186183 186183 186183 186183 186183 186183 186183 186183 186183 186183 186183 186183 186183 186183 186183 186183 186183 186183 186183 186183 186183 186183 186183 186183 186183 186183 186183 186183 186183 186183 186183 186183 186183 186183 186183 186183 186183 186183 186183 186183 186183 186183 186183 0 0 0 0 0 0 0 0 0 0 0 0 0 0 0 0 0 0 0 0 0 0 0 0 0
#obs cpue bio
 12426.4 12600.1 8265.39 14019.3 15568.5 11616.6 23527.5 47853.7 47085.9 46365.4 90315.4 80576.1 105186 103056 141750 105509 81853.1 108927 126000 161072 173461 181085 181708 99998.1 139254 169386 154878 120115
#pred surv len freq
 1.17576e-11 1.27617e-09 8.16749e-08 3.08216e-06 6.85821e-05 0.000899845 0.00696276 0.0317938 0.0859655 0.139985 0.148363 0.131284 0.12674 0.113413 0.0790248 0.0479073 0.0293568 0.0183203 0.0117974 0.00808158 0.00600027 0.00488855 0.00414948 0.00316129 0.00183343
 1.0232e-11 1.11058e-09 7.1077e-08 2.68223e-06 5.96834e-05 0.0007831 0.00605994 0.0276832 0.0750155 0.123479 0.137033 0.136608 0.147748 0.136512 0.0928999 0.0523971 0.0286977 0.0153434 0.00806818 0.00441367 0.00262476 0.00176353 0.00131535 0.000947767 0.000545614
 1.39924e-11 1.51874e-09 9.7199e-08 3.66799e-06 8.16175e-05 0.00107087 0.00828575 0.0378266 0.102164 0.165449 0.171085 0.140652 0.123991 0.105221 0.0691994 0.0375406 0.0194712 0.0096249 0.00444581 0.00199389 0.000909743 0.000456221 0.00026728 0.000168117 9.17699e-05
 1.37609e-11 1.49362e-09 9.55914e-08 3.60732e-06 8.02677e-05 0.00105316 0.00814893 0.0372061 0.100545 0.163282 0.170966 0.14587 0.133937 0.113343 0.0697286 0.032208 0.0136433 0.00588204 0.00248317 0.00099893 0.000380269 0.000142743 5.86141e-05 2.79095e-05 1.32471e-05
 1.11804e-11 1.21352e-09 7.76652e-08 2.93085e-06 6.52155e-05 0.000855686 0.00662162 0.0302487 0.0819623 0.134871 0.149459 0.148271 0.158447 0.141448 0.0867287 0.0382417 0.0146191 0.00538809 0.00186203 0.000617455 0.000201052 6.27116e-05 1.89614e-05 6.08256e-06 2.13942e-06
 1.33614e-11 1.45025e-09 9.28156e-08 3.50258e-06 7.79369e-05 0.00102258 0.00791234 0.0361266 0.0976367 0.158635 0.166462 0.143024 0.132908 0.114797 0.074455 0.038378 0.0179021 0.00728715 0.00243014 0.000697965 0.000184193 4.58243e-05 1.08821e-05 2.50146e-06 5.84375e-07
 1.47563e-11 1.60165e-09 1.02506e-07 3.86824e-06 8.60734e-05 0.00112933 0.00873803 0.0398899 0.107716 0.174274 0.179425 0.145407 0.12526 0.103282 0.0636231 0.0298984 0.0128682 0.00541297 0.00207178 0.000680649 0.000183517 4.05676e-05 7.71611e-06 1.32852e-06 2.14691e-07
 1.44959e-11 1.57339e-09 1.00697e-07 3.79998e-06 8.45545e-05 0.0011094 0.00858394 0.0391883 0.105848 0.171461 0.177512 0.146361 0.128849 0.106971 0.0652942 0.0297116 0.0120042 0.00464089 0.00164213 0.000532886 0.000155518 3.80621e-05 7.39954e-06 1.13338e-06 1.41761e-07
 1.33017e-11 1.44377e-09 9.24014e-08 3.48694e-06 7.75891e-05 0.00101802 0.00787716 0.0359684 0.0972428 0.158266 0.167328 0.146832 0.139188 0.119214 0.0732017 0.03319 0.0132468 0.00498915 0.00167646 0.000502929 0.000136465 3.27709e-05 6.67722e-06 1.08732e-06 1.34925e-07
 1.47387e-11 1.59975e-09 1.02384e-07 3.86364e-06 8.5971e-05 0.00112799 0.00872767 0.0398433 0.1076 0.174166 0.179685 0.146551 0.1272 0.104848 0.0637269 0.0287635 0.0114223 0.00427496 0.00142008 0.000415167 0.000107206 2.40014e-05 4.59796e-06 7.35017e-07 9.35118e-08
 1.39171e-11 1.51056e-09 9.66758e-08 3.64825e-06 8.11783e-05 0.00106511 0.00824136 0.0376279 0.101681 0.165098 0.172731 0.147019 0.134527 0.113389 0.0690461 0.0308942 0.0120879 0.00447037 0.00147371 0.000427431 0.000108858 2.36959e-05 4.32272e-06 6.49604e-07 7.85876e-08
 1.38192e-11 1.49994e-09 9.59962e-08 3.6226e-06 8.06076e-05 0.00105762 0.00818347 0.0373644 0.100981 0.164055 0.172079 0.14756 0.136144 0.114916 0.0695121 0.0304994 0.0115592 0.00415673 0.00134353 0.000383526 9.64829e-05 2.07639e-05 3.7226e-06 5.42406e-07 6.26287e-08
 1.44374e-11 1.56704e-09 1.0029e-07 3.78465e-06 8.42133e-05 0.00110493 0.00854935 0.0390315 0.105439 0.170918 0.177502 0.147735 0.131441 0.109054 0.0653495 0.028213 0.0104002 0.00362773 0.00113672 0.000314073 7.68548e-05 1.6206e-05 2.86021e-06 4.10475e-07 4.64219e-08
 1.3963e-11 1.51555e-09 9.69952e-08 3.6603e-06 8.14465e-05 0.00106863 0.00826862 0.037753 0.102028 0.165736 0.173743 0.14871 0.136751 0.114718 0.0681598 0.0284854 0.00990254 0.0032667 0.000983975 0.000262376 6.19386e-05 1.26139e-05 2.15912e-06 3.02538e-07 3.35796e-08
 1.20982e-11 1.31315e-09 8.40413e-08 3.17146e-06 7.05694e-05 0.000925927 0.00716491 0.0327246 0.0885882 0.145109 0.157738 0.149162 0.152457 0.133516 0.0805541 0.0342345 0.0121674 0.00403029 0.00117701 0.000297019 6.63573e-05 1.29139e-05 2.12368e-06 2.86861e-07 3.08468e-08
 1.21822e-11 1.32226e-09 8.46244e-08 3.19347e-06 7.1059e-05 0.00093235 0.00721455 0.03295 0.0891803 0.145933 0.157964 0.147779 0.149669 0.131277 0.0805462 0.0358707 0.0137748 0.00487599 0.00147881 0.000379078 8.35738e-05 1.55902e-05 2.42686e-06 3.11356e-07 3.20412e-08
 1.33695e-11 1.45114e-09 9.28725e-08 3.50472e-06 7.79847e-05 0.00102321 0.00791733 0.036152 0.097742 0.1591 0.16831 0.147918 0.140311 0.119704 0.072403 0.031547 0.0118052 0.0041879 0.00132869 0.000364682 8.51168e-05 1.63307e-05 2.53325e-06 3.14736e-07 3.08492e-08
 1.35268e-11 1.46821e-09 9.39651e-08 3.54595e-06 7.89021e-05 0.00103525 0.00801045 0.0365769 0.0988854 0.160919 0.170036 0.148918 0.140576 0.119201 0.0709828 0.029657 0.0103063 0.00341099 0.00103773 0.000281003 6.71397e-05 1.35804e-05 2.22746e-06 2.86529e-07 2.82125e-08
 1.40327e-11 1.52311e-09 9.74789e-08 3.67855e-06 8.18527e-05 0.00107396 0.00830984 0.0379409 0.102531 0.166516 0.174385 0.148818 0.136362 0.114173 0.0677074 0.028152 0.0096582 0.00310342 0.000894521 0.000225449 5.07179e-05 9.99034e-06 1.65687e-06 2.21662e-07 2.28765e-08
 1.38753e-11 1.50603e-09 9.63859e-08 3.63731e-06 8.09349e-05 0.00106192 0.00821672 0.0375167 0.101399 0.164788 0.173092 0.149014 0.137927 0.115921 0.0686902 0.0284203 0.00965585 0.00306898 0.00087345 0.000214748 4.61144e-05 8.51884e-06 1.32957e-06 1.71987e-07 1.77704e-08
 1.37102e-11 1.48811e-09 9.52391e-08 3.59403e-06 7.99719e-05 0.00104928 0.00811899 0.0370713 0.100206 0.162938 0.171566 0.148753 0.13886 0.117284 0.069922 0.0293592 0.0102323 0.00331867 0.000947957 0.000231198 4.89113e-05 8.81077e-06 1.3178e-06 1.6096e-07 1.57305e-08
 1.38202e-11 1.50005e-09 9.60029e-08 3.62285e-06 8.06133e-05 0.0010577 0.00818409 0.0373682 0.101004 0.164198 0.172716 0.149294 0.138797 0.116738 0.0689257 0.0281991 0.00939178 0.00294202 0.000838465 0.000207848 4.45382e-05 8.01677e-06 1.18316e-06 1.4087e-07 1.32317e-08
 1.37105e-11 1.48815e-09 9.52412e-08 3.59411e-06 7.99737e-05 0.00104931 0.00811918 0.0370723 0.10021 0.162958 0.171647 0.148969 0.139189 0.117508 0.0698447 0.0290678 0.00995912 0.00316748 0.000888037 0.000212844 4.46196e-05 8.03616e-06 1.1971e-06 1.42879e-07 1.32836e-08
 1.45358e-11 1.57772e-09 1.00974e-07 3.81044e-06 8.47873e-05 0.00111246 0.00860764 0.0392979 0.106162 0.172122 0.178894 0.14922 0.132926 0.109643 0.0641631 0.0258852 0.00839623 0.00255473 0.000711679 0.000172692 3.62238e-05 6.39962e-06 9.32491e-07 1.10282e-07 1.02709e-08
 1.46436e-11 1.58942e-09 1.01723e-07 3.8387e-06 8.5416e-05 0.00112071 0.00867144 0.0395888 0.106943 0.173343 0.179955 0.14957 0.132595 0.108954 0.0633209 0.0250527 0.00779094 0.00224352 0.000591884 0.000136394 2.76994e-05 4.85907e-06 7.07354e-07 8.27795e-08 7.58289e-09
 1.37963e-11 1.49746e-09 9.58373e-08 3.6166e-06 8.04742e-05 0.00105587 0.00816999 0.0373042 0.100836 0.163969 0.172676 0.149756 0.139701 0.117477 0.068967 0.0276986 0.00884483 0.00259731 0.000677722 0.000149752 2.8692e-05 4.75751e-06 6.64492e-07 7.61496e-08 6.91542e-09
 1.39475e-11 1.51387e-09 9.68873e-08 3.65623e-06 8.13559e-05 0.00106744 0.00825949 0.0377124 0.101934 0.165711 0.174302 0.150622 0.139801 0.11685 0.0675456 0.0259321 0.00753666 0.0020031 0.000501511 0.000111056 2.13134e-05 3.44783e-06 4.5864e-07 4.97193e-08 4.31365e-09
 1.47646e-11 1.60256e-09 1.02563e-07 3.87043e-06 8.61221e-05 0.00112997 0.00874309 0.0399153 0.107816 0.174692 0.181041 0.149672 0.131781 0.107892 0.0625122 0.024541 0.00747658 0.0020656 0.000506379 0.000103966 1.84646e-05 2.87578e-06 3.77904e-07 4.02058e-08 3.35844e-09
#obs surv len freq
 1.16451e-11 1.26397e-09 8.08938e-08 3.05269e-06 6.79264e-05 0.000891248 0.00689645 0.0314947 0.0851959 0.138957 0.147937 0.131863 0.1287 0.119863 0.0913775 0.0596396 0.0337057 0.0155666 0.00573118 0.00166762 0.000373012 6.18825e-05 7.36191e-06 6.08632e-07 3.39972e-08
 8.37356e-12 9.08871e-10 5.81677e-08 2.19508e-06 4.88439e-05 0.000640898 0.00496031 0.0226762 0.0616455 0.102866 0.119746 0.130962 0.152043 0.149308 0.114143 0.0735058 0.0405808 0.0181784 0.00644834 0.00179549 0.000381916 5.98904e-05 6.69531e-06 5.17324e-07 2.6878e-08
 1.84785e-11 2.00567e-09 1.28362e-07 4.844e-06 0.000107785 0.00141417 0.010941 0.049924 0.134486 0.214873 0.208192 0.13481 0.078515 0.0564511 0.0450847 0.0329341 0.0194549 0.00877182 0.00303392 0.000810576 0.000163816 2.42322e-05 2.54083e-06 1.8329e-07 8.85721e-09
 8.43168e-12 9.15179e-10 5.85714e-08 2.21032e-06 4.91836e-05 0.000645392 0.00499632 0.0228659 0.0624595 0.106283 0.131573 0.157359 0.184299 0.162443 0.0967713 0.0427089 0.0172533 0.0069773 0.00247942 0.000679327 0.000135403 1.9171e-05 1.89271e-06 1.27477e-07 5.72401e-09
 1.41654e-11 1.53752e-09 9.84009e-08 3.71335e-06 8.2627e-05 0.00108412 0.00838845 0.0382961 0.103403 0.166965 0.169362 0.129184 0.104046 0.0957508 0.0826514 0.0579151 0.0293944 0.0102656 0.00258299 0.000522281 8.90997e-05 1.19183e-05 1.13637e-06 7.30905e-08 3.08781e-09
 1.19546e-11 1.29756e-09 8.30439e-08 3.13383e-06 6.97328e-05 0.000914989 0.00708144 0.0323638 0.0878059 0.144782 0.159226 0.148935 0.143231 0.120495 0.0780918 0.0426461 0.0214777 0.00918834 0.00293003 0.000648632 9.8429e-05 1.05061e-05 8.1271e-07 4.53308e-08 1.74969e-09
 1.64476e-11 1.78523e-09 1.14255e-07 4.31163e-06 9.59396e-05 0.0012588 0.0097401 0.0444677 0.120061 0.193687 0.19508 0.143249 0.103081 0.0791487 0.0551173 0.0323167 0.0152044 0.00551589 0.00156128 0.00034648 5.70985e-05 6.51186e-06 4.93043e-07 2.44978e-08 8.01361e-10
 1.34708e-11 1.46213e-09 9.3576e-08 3.53129e-06 7.85769e-05 0.00103104 0.00797974 0.0364689 0.098909 0.162618 0.175965 0.156027 0.138621 0.108673 0.0647523 0.0305969 0.0124901 0.0043228 0.00118053 0.000242454 3.64795e-05 3.92938e-06 2.93656e-07 1.46724e-08 4.74747e-10
 1.42388e-11 1.54549e-09 9.89113e-08 3.73262e-06 8.30568e-05 0.00108981 0.00843415 0.0385352 0.104375 0.170553 0.180042 0.149755 0.125192 0.100086 0.066103 0.0351888 0.0146936 0.00458507 0.00106414 0.00018836 2.53574e-05 2.49366e-06 1.71194e-07 7.93384e-09 2.42135e-10
 1.42171e-11 1.54314e-09 9.87608e-08 3.72694e-06 8.29309e-05 0.00108818 0.00842208 0.0384899 0.10435 0.171061 0.182268 0.153952 0.128564 0.0993572 0.0621239 0.0315972 0.013161 0.00425973 0.00101995 0.00017601 2.15459e-05 1.8527e-06 1.10927e-07 4.55159e-09 1.25e-10
 1.28285e-11 1.39242e-09 8.91147e-08 3.36294e-06 7.4832e-05 0.000981957 0.00760136 0.0347644 0.0945164 0.156592 0.172721 0.157112 0.14065 0.111368 0.0695611 0.0347109 0.0138911 0.00427917 0.000984605 0.000166358 2.00957e-05 1.67929e-06 9.45313e-08 3.52333e-09 8.59612e-11
 1.41278e-11 1.53344e-09 9.81404e-08 3.70354e-06 8.24108e-05 0.00108139 0.00837032 0.0382654 0.10384 0.170639 0.182544 0.15407 0.127398 0.0988059 0.0634982 0.0329193 0.0133646 0.00405549 0.000899538 0.00014462 1.65686e-05 1.31852e-06 7.10099e-08 2.52872e-09 5.83838e-11
 1.35331e-11 1.46889e-09 9.40089e-08 3.54764e-06 7.89427e-05 0.00103593 0.00801986 0.0366873 0.0997941 0.16535 0.181289 0.160255 0.136223 0.102884 0.0620434 0.0301003 0.0117665 0.00354239 0.00078659 0.000125113 1.38959e-05 1.05357e-06 5.35131e-08 1.79066e-09 3.88514e-11
 1.13393e-11 1.23078e-09 7.87699e-08 2.97259e-06 6.61485e-05 0.000868133 0.00672364 0.0308056 0.0842754 0.14246 0.165732 0.163807 0.153656 0.121637 0.0750083 0.036375 0.0137363 0.00389701 0.000812982 0.000122995 1.31643e-05 9.65641e-07 4.71976e-08 1.50482e-09 3.08083e-11
 9.21368e-12 1.00006e-09 6.40042e-08 2.41539e-06 5.37515e-05 0.000705539 0.00546731 0.0250979 0.0691318 0.119536 0.147786 0.161303 0.164865 0.139778 0.0928588 0.0480656 0.0187669 0.00532742 0.00108217 0.000155866 1.56653e-05 1.07578e-06 4.94121e-08 1.48775e-09 2.88326e-11
 1.22097e-11 1.32525e-09 8.48161e-08 3.20076e-06 7.12259e-05 0.000934757 0.00723893 0.0331478 0.0904321 0.15103 0.168521 0.153226 0.13626 0.113093 0.0786558 0.0431576 0.0177194 0.00524065 0.00109365 0.000158213 1.55629e-05 1.02266e-06 4.42315e-08 1.24259e-09 2.23901e-11
 1.17962e-11 1.28037e-09 8.1944e-08 3.09241e-06 6.88176e-05 0.000903274 0.00699841 0.032098 0.0880386 0.14951 0.173998 0.167602 0.148898 0.112353 0.0679475 0.0334464 0.0131994 0.00394787 0.000848142 0.00012584 1.25302e-05 8.19859e-07 3.46988e-08 9.38127e-10 1.60376e-11
 1.24513e-11 1.35147e-09 8.6495e-08 3.26416e-06 7.26399e-05 0.000953444 0.00738688 0.0338715 0.0927845 0.156696 0.179001 0.166215 0.143449 0.108153 0.065513 0.0310136 0.0111914 0.003009 0.000593804 8.39387e-05 8.18764e-06 5.31022e-07 2.22654e-08 5.92182e-10 9.86321e-12
 1.17505e-11 1.27541e-09 8.16274e-08 3.08051e-06 6.85562e-05 0.00089998 0.00697606 0.0320372 0.0881806 0.150983 0.178077 0.172698 0.151465 0.111474 0.0646298 0.0292623 0.010124 0.00258228 0.00047277 6.09284e-05 5.41527e-06 3.24373e-07 1.27861e-08 3.24343e-10 5.19588e-12
 1.20993e-11 1.31327e-09 8.40502e-08 3.17196e-06 7.05924e-05 0.000926741 0.00718393 0.0329934 0.0907785 0.155009 0.180893 0.171576 0.147729 0.108701 0.0634222 0.0284478 0.0095139 0.00230409 0.000396503 4.76404e-05 3.91079e-06 2.14479e-07 7.70626e-09 1.78448e-10 2.62568e-12
 1.28368e-11 1.39332e-09 8.91741e-08 3.36535e-06 7.48974e-05 0.00098329 0.00762273 0.0350094 0.096279 0.163874 0.188743 0.173225 0.142438 0.100387 0.0564775 0.0246008 0.00803327 0.00189602 0.000314575 3.58991e-05 2.76139e-06 1.40503e-07 4.6506e-09 9.86899e-11 1.32586e-12
 1.21169e-11 1.31519e-09 8.41741e-08 3.17673e-06 7.07049e-05 0.00092846 0.00720253 0.0331448 0.0916633 0.158333 0.188162 0.179735 0.150065 0.103429 0.055524 0.0228392 0.00704339 0.00157709 0.000249199 2.71004e-05 1.97966e-06 9.50297e-08 2.94435e-09 5.80548e-11 7.20293e-13
 1.28302e-11 1.39261e-09 8.91293e-08 3.36376e-06 7.48682e-05 0.000983128 0.00762609 0.0350789 0.0968248 0.166039 0.19322 0.177709 0.14351 0.097759 0.0522795 0.0211153 0.00624478 0.00131647 0.000194113 1.96704e-05 1.34169e-06 6.0271e-08 1.74876e-09 3.22541e-11 3.73394e-13
 1.20613e-11 1.30915e-09 8.37892e-08 3.16235e-06 7.03931e-05 0.000924657 0.00717896 0.0331044 0.091988 0.160373 0.192815 0.184261 0.150559 0.100197 0.0514847 0.0199863 0.00571157 0.00116272 0.000164025 1.56918e-05 9.98996e-07 4.16061e-08 1.11649e-09 1.90474e-11 2.04175e-13
 1.22016e-11 1.32439e-09 8.47651e-08 3.19924e-06 7.12177e-05 0.000935593 0.0072656 0.0335188 0.0931896 0.162401 0.194381 0.183835 0.148904 0.0989881 0.050709 0.0193107 0.00530987 0.00102749 0.000137156 1.23973e-05 7.4384e-07 2.90617e-08 7.27342e-10 1.15096e-11 1.13968e-13
 1.08113e-11 1.17349e-09 7.51093e-08 2.83504e-06 6.31246e-05 0.000829786 0.00645477 0.0299129 0.0841434 0.150757 0.190136 0.191333 0.160335 0.106362 0.0533978 0.0198319 0.00530763 0.000994176 0.000127229 1.09087e-05 6.15724e-07 2.25146e-08 5.25856e-10 7.74987e-12 7.13259e-14
 1.08739e-11 1.18029e-09 7.55455e-08 2.85158e-06 6.34967e-05 0.000834778 0.00649493 0.0301051 0.0846531 0.151249 0.189288 0.18886 0.158931 0.107511 0.0550272 0.0204881 0.0053851 0.000976228 0.000119891 9.80797e-06 5.25298e-07 1.81205e-08 3.97022e-10 5.46274e-12 4.67701e-14
 1.126e-11 1.22222e-09 7.82304e-08 2.95305e-06 6.57627e-05 0.000864758 0.00673123 0.0312258 0.0878945 0.156973 0.194991 0.190339 0.154887 0.101296 0.0504965 0.0184733 0.00479243 0.000854967 0.000102381 8.07351e-06 4.12578e-07 1.34768e-08 2.78109e-10 3.58968e-12 2.87357e-14
#pred catch len freq
 9.75077e-12 1.05835e-09 6.77345e-08 2.55609e-06 5.68766e-05 0.000746273 0.00577497 0.0263817 0.0714931 0.117716 0.130802 0.130821 0.142081 0.132167 0.0916735 0.0542317 0.0324729 0.020056 0.0128743 0.00881158 0.00654093 0.00532884 0.00452318 0.00344599 0.00199855
 9.14686e-12 9.92804e-10 6.35393e-08 2.39778e-06 5.33541e-05 0.000700064 0.00541772 0.0247576 0.0671996 0.111514 0.1279 0.137365 0.157634 0.147918 0.0998354 0.0549813 0.0293883 0.0155238 0.0081297 0.00444166 0.00264048 0.00177396 0.00132312 0.000953364 0.000548836
 1.28754e-11 1.3975e-09 8.94398e-08 3.37518e-06 7.51023e-05 0.000985392 0.00762465 0.0348148 0.094116 0.153112 0.161588 0.141168 0.13376 0.116676 0.0764098 0.0405333 0.0205089 0.0100074 0.00460146 0.00206056 0.0009397 0.000471184 0.000276039 0.000173626 9.4777e-05
 1.31749e-11 1.43001e-09 9.15203e-08 3.45369e-06 7.68493e-05 0.00100832 0.00780208 0.0356261 0.0963255 0.156837 0.166119 0.146515 0.139641 0.119762 0.0734143 0.0333113 0.0137299 0.00580783 0.00243445 0.000977292 0.000371805 0.000139541 5.72971e-05 2.72822e-05 1.29493e-05
 1.02095e-11 1.10814e-09 7.0921e-08 2.67634e-06 5.95525e-05 0.000781391 0.00604701 0.0276312 0.074971 0.12418 0.141354 0.149135 0.167579 0.151856 0.0928848 0.0403232 0.0150154 0.00542079 0.00185675 0.000613842 0.000199675 6.22641e-05 1.88248e-05 6.03863e-06 2.12396e-06
 1.23303e-11 1.33834e-09 8.56536e-08 3.23231e-06 7.19231e-05 0.000943685 0.00730213 0.0333467 0.0902099 0.147263 0.157767 0.143697 0.142233 0.125599 0.0810915 0.0409281 0.0186277 0.00747777 0.00248025 0.000710747 0.000187367 4.65943e-05 1.10636e-05 2.5431e-06 5.94099e-07
 1.35817e-11 1.47416e-09 9.43461e-08 3.56033e-06 7.9222e-05 0.00103944 0.00804283 0.0367228 0.0992544 0.161314 0.169498 0.146114 0.13579 0.115517 0.0711843 0.0328652 0.0137711 0.00568993 0.00216313 0.00070914 0.000191059 4.22231e-05 8.03016e-06 1.38254e-06 2.23418e-07
 1.34539e-11 1.4603e-09 9.34588e-08 3.52685e-06 7.8477e-05 0.00102967 0.00796726 0.0363791 0.0983427 0.159972 0.168742 0.14709 0.138346 0.117934 0.0719743 0.0322145 0.0126764 0.00480816 0.00168808 0.000546338 0.000159296 3.89752e-05 7.57639e-06 1.16044e-06 1.45144e-07
 1.26357e-11 1.37149e-09 8.77749e-08 3.31236e-06 7.37044e-05 0.000967056 0.00748298 0.0341728 0.0924476 0.150938 0.161799 0.147509 0.145582 0.126441 0.0773922 0.0345019 0.0134129 0.00495584 0.00165209 0.00049423 0.000133964 3.21584e-05 6.55169e-06 1.06684e-06 1.32383e-07
 1.37365e-11 1.49096e-09 9.54215e-08 3.60091e-06 8.01251e-05 0.00105129 0.0081345 0.0371411 0.100381 0.163116 0.171255 0.147266 0.136356 0.11541 0.0701499 0.0311549 0.0120522 0.00442472 0.0014581 0.000425081 0.000109649 2.45387e-05 4.70029e-06 7.51346e-07 9.55881e-08
 1.3323e-11 1.44609e-09 9.25493e-08 3.49253e-06 7.77134e-05 0.00101965 0.00788979 0.0360264 0.097404 0.158564 0.167807 0.147644 0.140262 0.119856 0.0727748 0.0320344 0.0122094 0.00442718 0.00144743 0.000418592 0.000106491 2.31715e-05 4.2265e-06 6.35117e-07 7.68341e-08
 1.33878e-11 1.45312e-09 9.29996e-08 3.50952e-06 7.80914e-05 0.00102461 0.00792816 0.0362015 0.0978758 0.159318 0.168543 0.148123 0.140475 0.119724 0.0721764 0.0311769 0.0115115 0.00405511 0.00129907 0.000369685 9.28946e-05 1.99834e-05 3.58219e-06 5.21924e-07 6.02629e-08
 1.4137e-11 1.53444e-09 9.82039e-08 3.70591e-06 8.24614e-05 0.00108194 0.00837159 0.0382219 0.103278 0.167626 0.17507 0.148211 0.134585 0.112487 0.0671694 0.0285667 0.0102619 0.00350414 0.00108767 0.000299523 7.32038e-05 1.54292e-05 2.72271e-06 3.90723e-07 4.41875e-08
 1.36599e-11 1.48265e-09 9.48892e-08 3.58082e-06 7.96781e-05 0.00104543 0.00808919 0.0369358 0.0998469 0.162413 0.171282 0.149172 0.139896 0.118163 0.0700025 0.0288667 0.00978618 0.00315529 0.000940219 0.000249763 5.88809e-05 1.19852e-05 2.05118e-06 2.87399e-07 3.18987e-08
 1.19065e-11 1.29233e-09 8.27092e-08 3.12119e-06 6.94508e-05 0.000911253 0.00705143 0.0322078 0.0872102 0.143021 0.156252 0.149648 0.154742 0.13589 0.0816352 0.0342006 0.0118516 0.0038406 0.00111029 0.000279147 6.22737e-05 1.21123e-05 1.99148e-06 2.68987e-07 2.89242e-08
 1.21225e-11 1.31578e-09 8.42099e-08 3.17782e-06 7.07109e-05 0.000927784 0.00717925 0.0327894 0.0887549 0.145311 0.157631 0.148287 0.150924 0.132378 0.0807336 0.0353601 0.0132305 0.004592 0.00138093 0.000352879 7.76962e-05 1.4486e-05 2.25454e-06 2.89228e-07 2.97634e-08
 1.33541e-11 1.44946e-09 9.2765e-08 3.50067e-06 7.78945e-05 0.00102203 0.00790819 0.0361106 0.0976344 0.15896 0.168326 0.148331 0.141067 0.120279 0.072342 0.0310273 0.0113119 0.00392971 0.00123544 0.000338017 7.88004e-05 1.51121e-05 2.34383e-06 2.91186e-07 2.85403e-08
 1.35143e-11 1.46684e-09 9.38777e-08 3.54266e-06 7.88288e-05 0.00103429 0.00800302 0.0365432 0.0987979 0.160806 0.170049 0.149253 0.14119 0.119667 0.0709304 0.0292323 0.00990599 0.00320402 0.000964266 0.00026013 6.207e-05 1.2549e-05 2.05797e-06 2.64713e-07 2.6064e-08
 1.39378e-11 1.51282e-09 9.68202e-08 3.65369e-06 8.12995e-05 0.0010667 0.00825372 0.0376854 0.101851 0.165492 0.173691 0.14917 0.137661 0.11546 0.0681947 0.0279786 0.0093632 0.00294046 0.000838259 0.000210428 4.72672e-05 9.3053e-06 1.54297e-06 2.06411e-07 2.13022e-08
 1.36903e-11 1.48595e-09 9.51009e-08 3.58882e-06 7.98559e-05 0.00104776 0.00810724 0.0370181 0.100069 0.162768 0.171631 0.149408 0.140017 0.118135 0.0697643 0.0284925 0.00944465 0.00293319 0.000825467 0.000202128 4.33375e-05 8.00104e-06 1.24849e-06 1.61488e-07 1.66852e-08
 1.3801e-11 1.49796e-09 9.58695e-08 3.61782e-06 8.05012e-05 0.00105623 0.00817272 0.0373162 0.100863 0.163966 0.172457 0.149039 0.138566 0.116682 0.0691888 0.0286458 0.00973637 0.00308797 0.000872784 0.000212045 4.47913e-05 8.06367e-06 1.20579e-06 1.47268e-07 1.43921e-08
 1.37304e-11 1.4903e-09 9.53789e-08 3.5993e-06 8.00893e-05 0.00105082 0.00813093 0.0371262 0.100359 0.163228 0.172058 0.149627 0.140027 0.117956 0.0693878 0.028036 0.00911288 0.00278755 0.000785109 0.000193804 4.14651e-05 7.45926e-06 1.10065e-06 1.31036e-07 1.23078e-08
 1.39253e-11 1.51146e-09 9.6733e-08 3.65041e-06 8.12264e-05 0.00106574 0.0082463 0.0376516 0.101761 0.165354 0.173585 0.149178 0.137779 0.115609 0.0683097 0.028041 0.00937182 0.00291364 0.00080796 0.000192872 4.03684e-05 7.26583e-06 1.08211e-06 1.29144e-07 1.20063e-08
 1.47401e-11 1.5999e-09 1.02393e-07 3.864e-06 8.5979e-05 0.0011281 0.00872857 0.039849 0.107637 0.174396 0.180714 0.149354 0.131484 0.107771 0.0627333 0.0250028 0.00791889 0.00235143 0.000646878 0.000156264 3.27248e-05 5.77788e-06 8.4171e-07 9.95383e-08 9.27007e-09
 1.46831e-11 1.59371e-09 1.01997e-07 3.84907e-06 8.56468e-05 0.00112374 0.00869487 0.0396956 0.10723 0.173796 0.180368 0.149762 0.132568 0.108757 0.0629706 0.0246463 0.00749237 0.00210411 0.000547522 0.000125531 2.5446e-05 4.46061e-06 6.49187e-07 7.59662e-08 6.95859e-09
 1.45032e-11 1.57418e-09 1.00747e-07 3.8019e-06 8.45972e-05 0.00110997 0.00858836 0.0392103 0.105931 0.17179 0.178753 0.149612 0.133791 0.110386 0.0642708 0.0254935 0.00795182 0.00227905 0.000587113 0.00012911 2.46906e-05 4.09082e-06 5.71208e-07 6.54531e-08 5.94385e-09
 1.43765e-11 1.56043e-09 9.98673e-08 3.76868e-06 8.38581e-05 0.00110027 0.00851339 0.0388692 0.105026 0.170457 0.177987 0.150527 0.136202 0.112539 0.0647006 0.0246068 0.00700461 0.00181336 0.000446738 9.83272e-05 1.8831e-05 3.04389e-06 4.04791e-07 4.38774e-08 3.80667e-09
 1.41745e-11 1.53851e-09 9.84642e-08 3.71574e-06 8.268e-05 0.00108481 0.00839384 0.0383244 0.103567 0.168196 0.176127 0.150229 0.137381 0.114248 0.0662361 0.0257568 0.00767698 0.00206869 0.000500016 0.000102102 1.80942e-05 2.81544e-06 3.69843e-07 3.93435e-08 3.28629e-09
#obs catch len freq
 9.76105e-12 1.05947e-09 6.7806e-08 2.55879e-06 5.69368e-05 0.000747068 0.00578125 0.0264125 0.0715904 0.117886 0.130615 0.129008 0.139408 0.135425 0.105178 0.0697317 0.0399397 0.018664 0.00695431 0.00204832 0.000463877 7.79702e-05 9.4057e-06 7.88929e-07 4.47189e-08
 1.00382e-11 1.08955e-09 6.97314e-08 2.63145e-06 5.85537e-05 0.000768286 0.00594555 0.0271648 0.073643 0.121307 0.134287 0.131557 0.139874 0.133843 0.102486 0.066683 0.0372499 0.0168976 0.00607897 0.00171724 0.000370332 5.88353e-05 6.6601e-06 5.20911e-07 2.7392e-08
 7.12226e-12 7.73055e-10 4.94755e-08 1.86706e-06 4.15454e-05 0.000545152 0.00422 0.0193073 0.0526791 0.0892971 0.109673 0.131626 0.161374 0.160197 0.122438 0.0784334 0.0427273 0.0187706 0.00649614 0.00175335 0.00035902 5.3836e-05 5.71918e-06 4.17594e-07 2.04062e-08
 1.75119e-11 1.90075e-09 1.21648e-07 4.59062e-06 0.000102147 0.00134021 0.010369 0.047319 0.127529 0.204192 0.199681 0.133871 0.0843282 0.064656 0.0524688 0.0380296 0.0220655 0.00972939 0.00327676 0.000847194 0.000164566 2.32451e-05 2.31323e-06 1.57522e-07 7.15278e-09
 7.49291e-12 8.13285e-10 5.20502e-08 1.96423e-06 4.37083e-05 0.000573572 0.00444131 0.0203457 0.0558093 0.0965662 0.12558 0.160671 0.193494 0.170065 0.100413 0.0440595 0.0176911 0.00703383 0.00242867 0.000641655 0.000122613 1.65494e-05 1.54879e-06 9.83701e-08 4.14705e-09
 1.32293e-11 1.43591e-09 9.18983e-08 3.46796e-06 7.71671e-05 0.0010125 0.00783465 0.0357759 0.0966922 0.156768 0.161564 0.12904 0.110548 0.104498 0.0899887 0.0619532 0.0306638 0.0104283 0.0025562 0.000501578 8.22145e-05 1.04663e-05 9.43922e-07 5.71727e-08 2.26585e-09
 1.11626e-11 1.21159e-09 7.75417e-08 2.9262e-06 6.5113e-05 0.000854394 0.00661322 0.0302381 0.0821976 0.136568 0.154001 0.151192 0.150336 0.126922 0.0818683 0.0444299 0.0220301 0.0091656 0.00281986 0.000599723 8.71822e-05 8.87808e-06 6.50947e-07 3.41732e-08 1.23514e-09
 1.5852e-11 1.72058e-09 1.10117e-07 4.15549e-06 9.24655e-05 0.00121323 0.00938795 0.0428682 0.115831 0.187429 0.190857 0.144425 0.108149 0.0843831 0.0585473 0.0338401 0.0155753 0.00550634 0.00151185 0.000322749 5.07448e-05 5.49206e-06 3.93208e-07 1.84095e-08 5.65044e-10
 1.29257e-11 1.40296e-09 8.97895e-08 3.38839e-06 7.53978e-05 0.000989353 0.00765784 0.0350113 0.0950983 0.157218 0.173077 0.158578 0.144009 0.112711 0.066516 0.0310585 0.0124457 0.00419192 0.00110635 0.000218275 3.13598e-05 3.20548e-06 2.26044e-07 1.06122e-08 3.21695e-10
 1.38027e-11 1.49815e-09 9.58818e-08 3.6183e-06 8.05134e-05 0.00105646 0.00817669 0.0373702 0.101335 0.166261 0.177762 0.151772 0.129536 0.10358 0.0677126 0.0354081 0.0144121 0.00436399 0.000979452 0.000166692 2.14154e-05 1.99646e-06 1.29246e-07 5.62352e-09 1.60542e-10
 1.38721e-11 1.50569e-09 9.6364e-08 3.6365e-06 8.09189e-05 0.00106181 0.00821866 0.0375724 0.101981 0.167843 0.18093 0.156137 0.132176 0.101744 0.0629052 0.0314626 0.0127815 0.00400625 0.000923774 0.00015271 1.78179e-05 1.45293e-06 8.20542e-08 3.15978e-09 8.11096e-11
 1.25572e-11 1.36297e-09 8.72302e-08 3.29183e-06 7.32504e-05 0.000961233 0.00744178 0.0340485 0.0927021 0.154293 0.172262 0.159573 0.143781 0.112922 0.0695884 0.0340741 0.0132799 0.00395979 0.000877149 0.000141795 1.62893e-05 1.28805e-06 6.83246e-08 2.39057e-09 5.45553e-11
 1.39316e-11 1.51215e-09 9.67776e-08 3.65212e-06 8.12672e-05 0.00106641 0.00825514 0.037751 0.102554 0.169092 0.182486 0.156187 0.129867 0.0999286 0.0632977 0.032121 0.012668 0.00371376 0.000791848 0.000121672 1.32447e-05 9.96235e-07 5.04865e-08 1.68551e-09 3.63743e-11
 1.34006e-11 1.45451e-09 9.30891e-08 3.51294e-06 7.81713e-05 0.00102584 0.00794268 0.0363482 0.098993 0.164613 0.182003 0.162551 0.138075 0.10306 0.0611862 0.0290717 0.0110423 0.00320785 0.00068326 0.000103645 1.09203e-05 7.81753e-07 3.73327e-08 1.17017e-09 2.37082e-11
 1.12666e-11 1.22288e-09 7.82649e-08 2.95354e-06 6.57257e-05 0.000862629 0.00668216 0.0306323 0.0839413 0.142535 0.167296 0.166485 0.155221 0.121123 0.0733818 0.0347563 0.0127267 0.00348123 0.000696419 0.000100406 1.01802e-05 7.0392e-07 3.23041e-08 9.63891e-10 1.84168e-11
 9.20517e-12 9.99137e-10 6.39453e-08 2.41319e-06 5.37036e-05 0.000704963 0.00546412 0.0251014 0.0692852 0.120416 0.150115 0.164334 0.166406 0.138948 0.0905377 0.0456384 0.017233 0.00470649 0.000915074 0.000125441 1.19336e-05 7.71941e-07 3.32578e-08 9.36011e-10 1.69097e-11
 1.22476e-11 1.32937e-09 8.50801e-08 3.21073e-06 7.14489e-05 0.000937726 0.00726292 0.0332713 0.0908732 0.152196 0.170684 0.155643 0.137431 0.112387 0.0765657 0.0408362 0.0161863 0.00459584 0.000915666 0.000125787 1.16929e-05 7.23035e-07 2.93155e-08 7.69452e-10 1.29173e-11
 1.18685e-11 1.28822e-09 8.24467e-08 3.1114e-06 6.92417e-05 0.000908899 0.00704335 0.0323217 0.0887795 0.151245 0.176755 0.169982 0.149076 0.110528 0.0655665 0.0314658 0.0120006 0.00344155 0.000704285 9.89893e-05 9.29443e-06 5.7126e-07 2.26365e-08 5.71388e-10 9.09776e-12
 1.25674e-11 1.36408e-09 8.73017e-08 3.29463e-06 7.33194e-05 0.000962423 0.00745777 0.034213 0.0938336 0.158863 0.181991 0.168469 0.143359 0.105986 0.0627387 0.028849 0.0100484 0.00259272 0.000487776 6.52776e-05 5.9936e-06 3.64378e-07 1.42774e-08 3.54011e-10 5.48613e-12
 1.18952e-11 1.29111e-09 8.26325e-08 3.11847e-06 6.94029e-05 0.00091117 0.00706439 0.032462 0.0894741 0.15359 0.18149 0.174965 0.150899 0.108761 0.0615862 0.0270636 0.00902185 0.00220351 0.000384064 4.68466e-05 3.91921e-06 2.19924e-07 8.09031e-09 1.90992e-10 2.84179e-12
 1.22724e-11 1.33206e-09 8.52532e-08 3.21739e-06 7.16057e-05 0.000940121 0.00728928 0.0334959 0.0922773 0.157906 0.184463 0.173768 0.147005 0.105789 0.0601519 0.0261276 0.00840627 0.0019473 0.000318669 3.61988e-05 2.79485e-06 1.43539e-07 4.81227e-09 1.03666e-10 1.41558e-12
 1.30353e-11 1.41487e-09 9.05534e-08 3.41744e-06 7.60591e-05 0.000998624 0.0077433 0.0355819 0.0979625 0.167022 0.192377 0.175113 0.141262 0.0972383 0.0532652 0.022448 0.00704238 0.00158708 0.000249993 2.69406e-05 1.94761e-06 9.27545e-08 2.8638e-09 5.65269e-11 7.04738e-13
 1.23383e-11 1.33922e-09 8.57124e-08 3.23484e-06 7.20014e-05 0.000945588 0.00733742 0.033787 0.0935566 0.161863 0.192143 0.181579 0.148424 0.0997901 0.052111 0.0207241 0.00613558 0.00131055 0.000196377 2.01414e-05 1.38119e-06 6.20051e-08 1.79111e-09 3.28417e-11 3.78117e-13
 1.30687e-11 1.4185e-09 9.07868e-08 3.42637e-06 7.62649e-05 0.00100158 0.00777121 0.035767 0.0988308 0.169691 0.19718 0.179402 0.141757 0.0940463 0.048811 0.0190196 0.00539253 0.00108357 0.00015142 1.44614e-05 9.25186e-07 3.88321e-08 1.04955e-09 1.79892e-11 1.93162e-13
 1.23176e-11 1.33698e-09 8.55711e-08 3.22967e-06 7.18959e-05 0.000944532 0.00733568 0.0338508 0.094176 0.164362 0.197071 0.185868 0.148369 0.0961083 0.0479119 0.0179317 0.00490617 0.00095042 0.000126889 1.1431e-05 6.82264e-07 2.65398e-08 6.63132e-10 1.05074e-11 1.04404e-13
 1.24734e-11 1.3539e-09 8.66547e-08 3.27064e-06 7.28118e-05 0.00095668 0.00743189 0.0343096 0.0954963 0.166557 0.19873 0.185419 0.146617 0.0947276 0.0469825 0.0172192 0.00452833 0.000833217 0.000105172 8.94265e-06 5.02553e-07 1.83263e-08 4.26906e-10 6.27333e-12 5.75761e-14
 1.10915e-11 1.20392e-09 7.70582e-08 2.90872e-06 6.47712e-05 0.000851617 0.00662772 0.0307424 0.0865949 0.155244 0.194881 0.193036 0.157773 0.101706 0.0494137 0.0176453 0.00451016 0.000802121 9.69508e-05 7.81348e-06 4.1283e-07 1.40823e-08 3.05972e-10 4.18546e-12 3.56909e-14
 1.11691e-11 1.21235e-09 7.75984e-08 2.9292e-06 6.52316e-05 0.00085778 0.00667706 0.0309766 0.0872139 0.155893 0.194179 0.190721 0.156452 0.10267 0.0507381 0.018129 0.0045453 0.0007816 9.05677e-05 6.95718e-06 3.48493e-07 1.12075e-08 2.28342e-10 2.91544e-12 2.31225e-14
#spawning biomass
 16833.2 17543.9 17319.7 22661.5 22157.6 22879 30927.2 46914 62004.5 77408.1 108307 129318 155447 182944 182155 153391 136165 133263 137678 149080 160940 161724 170054 175831 196223 214647 187532 191655 229030 131893 24472.5 11173.2 9781.1 9649.64 9638.05 9637.07 9636.99 9636.99 9636.99 9636.99 9636.99 9636.99 9636.99 9636.99 9636.99 9636.99 9636.99 9636.99 9636.99 9636.99 9636.99 9636.99 9636.99 9636.99 9636.99 9636.99 9636.99 9636.99 9636.99 9636.99 9636.99 9636.99 9636.99 9636.99 9636.99 9636.99 9636.99 9636.99 9636.99 9636.99 9636.99 9636.99 9636.99 9636.99 9636.99 9636.99 9636.99 9636.99 9636.99 9636.99 9636.99 9636.99 9636.99 9636.99 9636.99 9636.99 9636.99 9636.99 9636.99 9636.99 9636.99 9636.99 9636.99 9636.99 9636.99 9636.99 9636.99 9636.99 9636.99 9636.99 9636.99 9636.99 9636.99 9636.99 9636.99 9636.99 9636.99 9636.99 9636.99 9636.99 9636.99 9636.99 9636.99 9636.99 9636.99 9636.99 9636.99 9636.99 9636.99 9636.99 9636.99 9636.99 9636.99 9636.99 9636.99 9636.99 9636.99 9636.99 0 0 0 0 0 0 0 0 0 0 0 0 0 0 0 0 0 0 0 0 0 0 0 0 0
