SBPRF35
0.482442
Curr Bio
126886
B35
390015
F35
0.349645
FOFL
0.0843493
OFL
4591.38
Bzero
137841
#pred survey bio
 13531.4 14471.7 14852.1 19570.7 21762.4 23307.7 27481.8 35842.2 55786.5 80648.8 95884.9 115362 152439 175053 152740 122518 119175 121945 130874 135169 134859 152493 154448 156413 180003 189163 179223 144804 4.4403e+06 3.81887e+06 3.80317e+06 3.24133e+06 2.63581e+06 2.14731e+06 1.79834e+06 1.56506e+06 1.41485e+06 1.31991e+06 1.26021e+06 1.22246e+06 1.19826e+06 1.18243e+06 1.17174e+06 1.16422e+06 1.15908e+06 1.15548e+06 1.15292e+06 1.15106e+06 1.14969e+06 1.14869e+06 1.14794e+06 1.14738e+06 1.14696e+06 1.14664e+06 1.1464e+06 1.14622e+06 1.14609e+06 1.14599e+06 1.14591e+06 1.14585e+06 1.14581e+06 1.14577e+06 1.14575e+06 1.14573e+06 1.14571e+06 1.1457e+06 1.14569e+06 1.14569e+06 1.14568e+06 1.14568e+06 1.14568e+06 1.14567e+06 1.14567e+06 1.14567e+06 1.14567e+06 1.14567e+06 1.14567e+06 1.14567e+06 1.14567e+06 1.14567e+06 1.14567e+06 1.14567e+06 1.14567e+06 1.14567e+06 1.14567e+06 1.14567e+06 1.14567e+06 1.14567e+06 1.14567e+06 1.14567e+06 1.14567e+06 1.14567e+06 1.14567e+06 1.14567e+06 1.14567e+06 1.14567e+06 1.14567e+06 1.14567e+06 1.14567e+06 1.14567e+06 1.14567e+06 1.14567e+06 1.14567e+06 1.14567e+06 1.14567e+06 1.14567e+06 1.14567e+06 1.14567e+06 1.14567e+06 1.14567e+06 1.14567e+06 1.14567e+06 1.14567e+06 1.14567e+06 1.14567e+06 1.14567e+06 1.14567e+06 1.14567e+06 1.14567e+06 1.14567e+06 1.14567e+06 1.14567e+06 1.14567e+06 1.14567e+06 1.14567e+06 1.14567e+06 1.14567e+06 1.14567e+06 0 0 0 0 0 0 0 0 0 0 0 0 0 0 0 0 0 0 0 0 0 0 0 0 0
#obs survey bio
 11015.4 11328.2 11695.1 15056 21312.9 14904.1 30402.9 32565.8 61360.1 76164.1 76423.2 112980 152324 110606 126206 112429 78199.2 125975 102202 123715 104350 140009 159136 113209 192988 154241 192040 115859
#pred catch bio
 6119.92 7853.75 7193.52 10143.3 11944.9 13061.6 15849.1 16819.4 27086.9 45592.4 55615.7 63322.9 87005.8 111042 100728 74976.1 73639.9 74051.8 81206.3 88888.3 83668.4 100208 102848 98346 117695 126934 126665 103240 4591.38 37832 42839.7 36101.5 28260.8 22066.8 17782.6 15032 13350.4 12356.6 11783.7 11459.3 11278.1 11177.9 11122.8 11092.4 11076.2 11067.6 11062.9 11060.5 11059.2 11058.5 11058.1 11057.9 11057.8 11057.7 11057.7 11057.7 11057.7 11057.7 11057.7 11057.7 11057.7 11057.7 11057.7 11057.7 11057.7 11057.7 11057.7 11057.7 11057.7 11057.7 11057.7 11057.7 11057.7 11057.7 11057.7 11057.7 11057.7 11057.7 11057.7 11057.7 11057.7 11057.7 11057.7 11057.7 11057.7 11057.7 11057.7 11057.7 11057.7 11057.7 11057.7 11057.7 11057.7 11057.7 11057.7 11057.7 11057.7 11057.7 11057.7 11057.7 11057.7 11057.7 11057.7 11057.7 11057.7 11057.7 11057.7 11057.7 11057.7 11057.7 11057.7 11057.7 11057.7 11057.7 11057.7 11057.7 11057.7 11057.7 11057.7 11057.7 11057.7 11057.7 11057.7 11057.7 11057.7 11057.7 11057.7 11057.7 0 0 0 0 0 0 0 0 0 0 0 0 0 0 0 0 0 0 0 0 0 0 0 0 0
#obs catch bio
 7803.03 8241.29 7128.38 9393.93 12247.8 13163.5 15676.1 15694.4 24917.2 41871.8 50110.5 61651.4 79559.4 104827 99920 75622.6 69770.3 67694.5 75586.9 82755.9 81403.8 93431.4 93176.4 89315.3 105843 118620 112858 99041.8
#pred cpue bio
 8742.02 9502.97 8898.4 11122.4 13111.3 13669.4 15083.3 18369.4 29877.6 43970.7 52407.4 61350.9 80701.2 97007.3 88712.9 70776.7 67299.8 66574.8 71067.1 73429.8 70220.3 79370.5 80293 80109 91830.3 97260.2 94279.4 77198.6 2.23773e+06 2.9987e+06 3.53183e+06 3.06333e+06 2.46711e+06 1.9794e+06 1.6305e+06 1.39722e+06 1.24701e+06 1.15207e+06 1.09237e+06 1.05462e+06 1.03042e+06 1.01459e+06 1.0039e+06 996385 991244 987644 985077 983217 981855 980848 980099 979539 979118 978802 978564 978384 978249 978146 978069 978010 977966 977932 977907 977888 977873 977862 977854 977847 977843 977839 977836 977834 977833 977831 977831 977830 977829 977829 977829 977828 977828 977828 977828 977828 977828 977828 977828 977828 977828 977828 977828 977828 977828 977828 977828 977828 977828 977828 977828 977828 977828 977828 977828 977828 977828 977828 977828 977828 977828 977828 977828 977828 977828 977828 977828 977828 977828 977828 977828 977828 977828 977828 977828 977828 977828 977828 977828 977828 0 0 0 0 0 0 0 0 0 0 0 0 0 0 0 0 0 0 0 0 0 0 0 0 0
#obs cpue bio
 13364 8932.03 15725.5 17561.8 12113.3 19024.5 18523.5 24003.6 42469.2 65863.6 94202.2 60764.6 134343 168263 102464 74792.7 137170 100784 111201 111718 89977.1 128029 122917 146792 139800 140782 155131 111851
#pred surv len freq
 1.55426e-11 1.687e-09 1.07967e-07 4.07436e-06 9.06595e-05 0.00118949 0.00920307 0.0420023 0.113276 0.182108 0.182058 0.133736 0.10022 0.0796556 0.0545194 0.0337179 0.0213468 0.0138289 0.00925733 0.00656166 0.00501433 0.00418495 0.00361589 0.00278463 0.00162445
 1.22169e-11 1.32602e-09 8.48653e-08 3.20256e-06 7.12611e-05 0.000934996 0.0072348 0.0330369 0.0893396 0.145583 0.154774 0.138095 0.13419 0.119198 0.0803293 0.0449784 0.0241606 0.0124458 0.0062987 0.00341553 0.00207702 0.00144257 0.00110695 0.000811893 0.000471803
 1.56251e-11 1.69595e-09 1.08541e-07 4.09599e-06 9.11409e-05 0.00119581 0.00925197 0.042226 0.113886 0.183146 0.183371 0.13551 0.103053 0.0841794 0.0608104 0.0396322 0.0234925 0.0116108 0.00487986 0.00194792 0.000820232 0.000404079 0.00024294 0.000157197 8.72141e-05
 1.58252e-11 1.71767e-09 1.09931e-07 4.14845e-06 9.23083e-05 0.00121113 0.00937058 0.0427695 0.115382 0.185792 0.18714 0.141107 0.109949 0.0877719 0.0569187 0.0310492 0.0165398 0.00852122 0.00395402 0.00158255 0.000546618 0.000180529 6.88149e-05 3.27866e-05 1.58992e-05
 1.38066e-11 1.49857e-09 9.59082e-08 3.61928e-06 8.05337e-05 0.00105665 0.00817581 0.0373263 0.100835 0.163476 0.169883 0.141801 0.127373 0.108808 0.0712022 0.0378127 0.0186236 0.00834217 0.00333001 0.00125123 0.000436267 0.000132872 3.61811e-05 1.03991e-05 3.52382e-06
 1.52489e-11 1.65512e-09 1.05927e-07 3.99737e-06 8.89466e-05 0.00116702 0.0090294 0.0412139 0.111207 0.179244 0.181376 0.139017 0.111535 0.0918966 0.0628454 0.0370245 0.0200303 0.00919583 0.00348677 0.00115915 0.000350971 9.7211e-05 2.4093e-05 5.2788e-06 1.11354e-06
 1.62643e-11 1.76534e-09 1.12981e-07 4.26356e-06 9.48696e-05 0.00124473 0.00963052 0.0439546 0.11856 0.190752 0.191398 0.142368 0.108457 0.0852627 0.0545039 0.0287896 0.0143512 0.00663753 0.00268834 0.00093925 0.000276904 6.90104e-05 1.4917e-05 2.81808e-06 4.62543e-07
 1.7259e-11 1.8733e-09 1.19891e-07 4.52431e-06 0.000100671 0.00132085 0.0102193 0.0466382 0.125749 0.201918 0.200711 0.144274 0.103429 0.0777404 0.0476462 0.0232928 0.0104131 0.00429018 0.00154994 0.000505942 0.000149714 3.81203e-05 7.9946e-06 1.36445e-06 1.91121e-07
 1.64299e-11 1.78331e-09 1.14132e-07 4.30698e-06 9.58356e-05 0.00125741 0.00972858 0.0444021 0.119767 0.192691 0.193333 0.143755 0.109317 0.0853862 0.0535 0.0269069 0.0123415 0.0050634 0.00174677 0.000522807 0.000139888 3.3183e-05 6.80553e-06 1.15157e-06 1.53735e-07
 1.62621e-11 1.76509e-09 1.12966e-07 4.26297e-06 9.48564e-05 0.00124456 0.00962918 0.0439487 0.118547 0.190753 0.191506 0.142729 0.109092 0.0859382 0.0549449 0.0288185 0.0138943 0.00591694 0.00209724 0.000633193 0.000164248 3.61464e-05 6.75909e-06 1.06514e-06 1.36783e-07
 1.58999e-11 1.72578e-09 1.1045e-07 4.16804e-06 9.27441e-05 0.00121685 0.00941488 0.042973 0.115949 0.186843 0.188853 0.14407 0.114051 0.0908543 0.0568165 0.0281669 0.0127666 0.0052851 0.00187613 0.000575135 0.000151518 3.33544e-05 6.03734e-06 8.88547e-07 1.05088e-07
 1.65506e-11 1.79641e-09 1.1497e-07 4.3386e-06 9.65394e-05 0.00126664 0.00979999 0.0447275 0.120638 0.194037 0.194421 0.143871 0.108531 0.0843558 0.0527149 0.0264025 0.0120131 0.00485804 0.00163589 0.000473713 0.000121181 2.66521e-05 4.86114e-06 7.11662e-07 8.14314e-08
 1.65883e-11 1.8005e-09 1.15232e-07 4.34848e-06 9.67591e-05 0.00126952 0.0098223 0.0448293 0.120912 0.194477 0.194855 0.144165 0.108673 0.084265 0.0523004 0.0258324 0.011602 0.00469403 0.00159632 0.000461833 0.00011478 2.41168e-05 4.24722e-06 6.13918e-07 7.0085e-08
 1.53893e-11 1.67036e-09 1.06903e-07 4.03419e-06 8.97659e-05 0.00117777 0.00911269 0.0415965 0.112274 0.181235 0.184661 0.144721 0.119175 0.0966212 0.0601602 0.0291567 0.0127226 0.00501337 0.0016629 0.000471334 0.000116001 2.41534e-05 4.15267e-06 5.78463e-07 6.38959e-08
 1.41684e-11 1.53785e-09 9.84221e-08 3.71414e-06 8.26445e-05 0.00108435 0.00839007 0.038304 0.103469 0.167689 0.173986 0.144476 0.128641 0.108409 0.0685581 0.0337299 0.0148783 0.00580285 0.00185411 0.000497485 0.000116324 2.33518e-05 3.92277e-06 5.36386e-07 5.78206e-08
 1.46329e-11 1.58826e-09 1.01649e-07 3.8359e-06 8.53538e-05 0.00111989 0.00866495 0.0395556 0.106805 0.172732 0.177526 0.143135 0.122854 0.102477 0.0659796 0.0340194 0.0158578 0.00639734 0.00207407 0.000555672 0.000126758 2.42849e-05 3.86741e-06 5.06075e-07 5.29039e-08
 1.5416e-11 1.67326e-09 1.07088e-07 4.04118e-06 8.99214e-05 0.00117981 0.00912842 0.041667 0.112445 0.181365 0.184105 0.142551 0.115635 0.0940854 0.0607447 0.0319855 0.0154163 0.00650436 0.0022509 0.000649663 0.000156366 3.05739e-05 4.81588e-06 6.08002e-07 6.06317e-08
 1.59301e-11 1.72906e-09 1.10659e-07 4.17594e-06 9.292e-05 0.00121915 0.00943273 0.0430543 0.116165 0.187174 0.189097 0.144022 0.113742 0.0905368 0.0566878 0.0281817 0.0127823 0.00525367 0.00183255 0.000547152 0.000139175 2.90881e-05 4.85454e-06 6.31867e-07 6.29222e-08
 1.59225e-11 1.72823e-09 1.10607e-07 4.17395e-06 9.28756e-05 0.00121857 0.00942824 0.0430341 0.116115 0.187128 0.189214 0.144531 0.114597 0.0912051 0.0566821 0.0276328 0.012145 0.00479447 0.00158632 0.000450207 0.000112282 2.3919e-05 4.18503e-06 5.78113e-07 6.07524e-08
 1.5832e-11 1.71841e-09 1.09978e-07 4.15023e-06 9.23479e-05 0.00121165 0.0093747 0.0427904 0.115466 0.186149 0.188544 0.144845 0.115812 0.0924454 0.0572254 0.0275626 0.0118933 0.00459576 0.00147351 0.000398569 9.37276e-05 1.89146e-05 3.21442e-06 4.47181e-07 4.87385e-08
 1.66215e-11 1.8041e-09 1.15462e-07 4.35719e-06 9.69528e-05 0.00127206 0.00984199 0.0449198 0.121164 0.194945 0.195619 0.14548 0.110434 0.0853712 0.0517237 0.0240525 0.0098983 0.00367219 0.00113229 0.000292174 6.51971e-05 1.24209e-05 1.98325e-06 2.61124e-07 2.75793e-08
 1.65858e-11 1.80023e-09 1.15214e-07 4.34783e-06 9.67447e-05 0.00126933 0.00982088 0.0448237 0.120908 0.194563 0.195374 0.145657 0.110994 0.085917 0.0519217 0.0239552 0.00973097 0.0035541 0.0010718 0.000267609 5.73281e-05 1.04199e-05 1.57585e-06 1.95403e-07 1.94211e-08
 1.64452e-11 1.78497e-09 1.14238e-07 4.31099e-06 9.59248e-05 0.00125858 0.00973771 0.0444451 0.119902 0.193061 0.194417 0.146381 0.113232 0.088044 0.0525895 0.0234418 0.00903929 0.0031583 0.000918261 0.000220057 4.51085e-05 7.84187e-06 1.1304e-06 1.32967e-07 1.24813e-08
 1.67598e-11 1.81911e-09 1.16423e-07 4.39344e-06 9.77596e-05 0.00128265 0.00992388 0.0452933 0.122169 0.196541 0.19712 0.146314 0.110603 0.0849094 0.050547 0.0225049 0.00864111 0.00297586 0.00083738 0.000190309 3.67386e-05 6.0446e-06 8.27471e-07 9.25034e-08 8.24648e-09
 1.69305e-11 1.83764e-09 1.17609e-07 4.4382e-06 9.87554e-05 0.00129571 0.0100249 0.0457534 0.123396 0.198402 0.198451 0.145901 0.108598 0.0828102 0.0495657 0.0224988 0.00890058 0.00314357 0.000901103 0.000207562 3.99447e-05 6.37924e-06 8.30023e-07 8.75734e-08 7.38136e-09
 1.66133e-11 1.80322e-09 1.15406e-07 4.35505e-06 9.69054e-05 0.00127144 0.00983721 0.0448986 0.121116 0.194943 0.195967 0.146636 0.112269 0.0866585 0.0513669 0.0225261 0.00846599 0.00288801 0.000820501 0.000190139 3.7022e-05 5.9708e-06 7.76036e-07 8.01657e-08 6.47988e-09
 1.6091e-11 1.74653e-09 1.11777e-07 4.21814e-06 9.38589e-05 0.00123147 0.00952808 0.0434903 0.117352 0.189169 0.191501 0.146807 0.116741 0.0919858 0.0548516 0.0241005 0.00903938 0.00304256 0.000836673 0.000184396 3.43019e-05 5.41597e-06 7.03307e-07 7.30613e-08 5.90347e-09
 1.57157e-11 1.70579e-09 1.0917e-07 4.11975e-06 9.16697e-05 0.00120275 0.00930595 0.0424784 0.11465 0.185038 0.188375 0.147162 0.120304 0.0960361 0.0572354 0.0248881 0.00916671 0.00303124 0.000818745 0.000175564 3.13312e-05 4.69527e-06 5.78367e-07 5.78343e-08 4.5954e-09
#obs surv len freq
 1.16716e-11 1.26685e-09 8.10781e-08 3.05964e-06 6.80811e-05 0.000893278 0.00691215 0.0315663 0.0853883 0.13926 0.148211 0.131984 0.128672 0.119734 0.0911753 0.059408 0.0335101 0.015446 0.00567803 0.0016514 0.000369672 6.1433e-05 7.3251e-06 6.07195e-07 3.40161e-08
 8.38421e-12 9.10028e-10 5.82417e-08 2.19787e-06 4.8906e-05 0.000641714 0.00496663 0.0227052 0.0617253 0.103007 0.119944 0.131243 0.152367 0.149469 0.113987 0.0731468 0.0402383 0.0179603 0.00634685 0.00176116 0.000373697 5.85317e-05 6.54346e-06 5.06067e-07 2.63341e-08
 1.85055e-11 2.0086e-09 1.2855e-07 4.85108e-06 0.000107943 0.00141624 0.010957 0.049997 0.134682 0.215182 0.208471 0.134933 0.0784868 0.0563216 0.0448839 0.0327046 0.0192576 0.00864515 0.00297416 0.000790299 0.000158953 2.34219e-05 2.44901e-06 1.76372e-07 8.51734e-09
 8.43646e-12 9.15699e-10 5.86047e-08 2.21157e-06 4.92116e-05 0.000645758 0.00499915 0.0228788 0.0624938 0.106335 0.13161 0.157352 0.184255 0.162401 0.0967558 0.0427082 0.017249 0.00696659 0.00246943 0.000674178 0.000133792 1.88553e-05 1.8535e-06 1.24384e-07 5.56952e-09
 1.41278e-11 1.53344e-09 9.81402e-08 3.70351e-06 8.24081e-05 0.00108125 0.00836623 0.0381948 0.103131 0.166541 0.168995 0.129067 0.104178 0.0960381 0.0829965 0.0582053 0.0295598 0.01033 0.00260104 0.000526006 8.96191e-05 1.19562e-05 1.13616e-06 7.28135e-08 3.06527e-09
 1.19898e-11 1.30138e-09 8.32879e-08 3.14304e-06 6.99377e-05 0.000917677 0.00710223 0.0324585 0.0880594 0.145174 0.159551 0.149003 0.143066 0.12024 0.0778392 0.0424296 0.0213247 0.0091092 0.00290226 0.000642189 9.74162e-05 1.03909e-05 8.02672e-07 4.46744e-08 1.71983e-09
 1.6476e-11 1.78831e-09 1.14452e-07 4.31906e-06 9.6105e-05 0.00126097 0.0097569 0.0445444 0.120267 0.194018 0.195398 0.143437 0.103106 0.0789854 0.0547992 0.0319916 0.0149917 0.00541648 0.00152619 0.000337333 5.54444e-05 6.31372e-06 4.77587e-07 2.37096e-08 7.74749e-10
 1.34431e-11 1.45912e-09 9.33836e-08 3.52402e-06 7.84153e-05 0.00102892 0.00796335 0.0363942 0.0987086 0.162304 0.175691 0.155933 0.138711 0.108888 0.0650185 0.0308182 0.012613 0.00436842 0.00119187 0.000244287 3.66581e-05 3.9379e-06 2.93625e-07 1.46468e-08 4.73387e-10
 1.42256e-11 1.54405e-09 9.88193e-08 3.72915e-06 8.29795e-05 0.0010888 0.0084263 0.0384994 0.104279 0.170398 0.179892 0.149668 0.125184 0.100169 0.0662547 0.0353396 0.01479 0.00462728 0.0010771 0.00019111 2.57504e-05 2.53066e-06 1.73455e-07 8.02265e-09 2.44366e-10
 1.42135e-11 1.54274e-09 9.87352e-08 3.72598e-06 8.29094e-05 0.0010879 0.0084199 0.0384799 0.104322 0.171013 0.182206 0.153883 0.128509 0.0993593 0.0621926 0.0316878 0.0132278 0.00429219 0.00103066 0.000178401 2.19043e-05 1.88844e-06 1.13271e-07 4.65112e-09 1.27701e-10
 1.28684e-11 1.39674e-09 8.93916e-08 3.37339e-06 7.50646e-05 0.000985008 0.00762496 0.034872 0.0948052 0.157045 0.173123 0.157265 0.14053 0.111042 0.0691538 0.0343844 0.0137184 0.00421735 0.000969328 0.000163765 1.98002e-05 1.65722e-06 9.34689e-08 3.49055e-09 8.53083e-11
 1.41279e-11 1.53346e-09 9.81412e-08 3.70357e-06 8.24114e-05 0.0010814 0.00837038 0.0382658 0.103842 0.170647 0.182569 0.15412 0.127455 0.098828 0.063468 0.0328635 0.0133186 0.00403238 0.000892151 0.000143107 1.637e-05 1.30184e-06 7.01202e-08 2.49888e-09 5.77614e-11
 1.35474e-11 1.47045e-09 9.41087e-08 3.55141e-06 7.90265e-05 0.00103703 0.00802837 0.0367261 0.0998988 0.165517 0.181449 0.160341 0.136213 0.102777 0.0618791 0.029952 0.0116781 0.00350594 0.000776169 0.000123078 1.36301e-05 1.03075e-06 5.22457e-08 1.74572e-09 3.78454e-11
 1.14017e-11 1.23755e-09 7.92036e-08 2.98895e-06 6.65127e-05 0.000872911 0.00676062 0.0309743 0.0847308 0.143189 0.166432 0.164179 0.15358 0.121111 0.0742557 0.0357537 0.0134035 0.00377492 0.000781731 0.000117461 1.25001e-05 9.12708e-07 4.44442e-08 1.41267e-09 2.88487e-11
 9.22275e-12 1.00105e-09 6.40673e-08 2.41777e-06 5.38045e-05 0.000706234 0.00547269 0.0251226 0.0691996 0.119652 0.147921 0.161431 0.164949 0.139761 0.092725 0.0478837 0.018628 0.0052613 0.00106206 0.000151922 1.51649e-05 1.03479e-06 4.7262e-08 1.41622e-09 2.73382e-11
 1.21132e-11 1.31478e-09 8.4146e-08 3.17547e-06 7.06633e-05 0.000927374 0.00718181 0.0328871 0.08973 0.149912 0.167478 0.152743 0.13649 0.113954 0.0797651 0.0440185 0.0181516 0.0053836 0.00112462 0.000162536 1.59445e-05 1.04358e-06 4.49272e-08 1.25606e-09 2.25276e-11
 1.17492e-11 1.27527e-09 8.16176e-08 3.08009e-06 6.85434e-05 0.000899675 0.00697053 0.0319701 0.0876875 0.148914 0.17332 0.167048 0.148703 0.112716 0.0687144 0.0341862 0.01364 0.00411899 0.000891586 0.000132979 1.32813e-05 8.70021e-07 3.68077e-08 9.93566e-10 1.69437e-11
 1.24574e-11 1.35214e-09 8.65376e-08 3.26577e-06 7.26757e-05 0.000953914 0.00739052 0.033888 0.0928287 0.156764 0.179054 0.166203 0.143353 0.108017 0.0654352 0.0310348 0.0112512 0.00304775 0.000606976 8.65723e-05 8.50768e-06 5.54864e-07 2.33547e-08 6.22641e-10 1.03829e-11
 1.17254e-11 1.27269e-09 8.14532e-08 3.07394e-06 6.84099e-05 0.000898061 0.00696123 0.0319697 0.088 0.150703 0.177842 0.172642 0.151593 0.111703 0.0648531 0.0294111 0.0101963 0.00260873 0.00047987 6.22418e-05 5.57387e-06 3.36455e-07 1.33559e-08 3.40803e-10 5.48501e-12
 1.20768e-11 1.31083e-09 8.38943e-08 3.16607e-06 7.04614e-05 0.000925021 0.0071706 0.0329321 0.0906098 0.154722 0.180572 0.171349 0.147728 0.108965 0.0637909 0.02872 0.00964065 0.00234355 0.000404878 4.88521e-05 4.02902e-06 2.22124e-07 8.0269e-09 1.86989e-10 2.76759e-12
 1.28142e-11 1.39087e-09 8.90172e-08 3.35943e-06 7.47657e-05 0.000981561 0.00760938 0.0349486 0.0961167 0.163623 0.188534 0.173173 0.142538 0.100574 0.0566798 0.0247516 0.00810938 0.0019214 0.000320093 3.66776e-05 2.8324e-06 1.44672e-07 4.80715e-09 1.02417e-10 1.3816e-12
 1.20575e-11 1.30874e-09 8.37611e-08 3.16115e-06 7.03581e-05 0.000923908 0.00716728 0.0329835 0.0912255 0.157622 0.187473 0.179418 0.150293 0.104095 0.0562493 0.0233096 0.00724162 0.00163296 0.000259754 2.84207e-05 2.08731e-06 1.00671e-07 3.13219e-09 6.1991e-11 7.71794e-13
 1.27624e-11 1.38526e-09 8.86587e-08 3.346e-06 7.44729e-05 0.000977939 0.00758587 0.0348945 0.0963209 0.165207 0.192377 0.177271 0.143736 0.0985592 0.0531807 0.0217061 0.00649259 0.00138483 0.000206545 2.11484e-05 1.45532e-06 6.58576e-08 1.92255e-09 3.56416e-11 4.14411e-13
 1.21058e-11 1.31399e-09 8.40989e-08 3.17403e-06 7.06531e-05 0.000928069 0.00720535 0.0332249 0.0923116 0.160881 0.193249 0.184338 0.150224 0.0996678 0.051075 0.0198085 0.00567097 0.00115968 0.000164683 1.588e-05 1.01954e-06 4.28149e-08 1.15779e-09 1.98877e-11 2.14453e-13
 1.22072e-11 1.325e-09 8.4804e-08 3.20071e-06 7.12505e-05 0.000936025 0.007269 0.0335351 0.0932396 0.162507 0.194547 0.183999 0.148938 0.0988462 0.0505076 0.0191771 0.00525875 0.00101581 0.000135585 1.22782e-05 7.39421e-07 2.90348e-08 7.30927e-10 1.16381e-11 1.15954e-13
 1.08708e-11 1.17996e-09 7.55232e-08 2.85066e-06 6.34721e-05 0.000834348 0.00649011 0.0300747 0.0845827 0.151466 0.190796 0.191563 0.159994 0.105658 0.0527416 0.0194618 0.00517427 0.000963137 0.000122582 1.04657e-05 5.8913e-07 2.15194e-08 5.02845e-10 7.42375e-12 6.85128e-14
 1.09298e-11 1.18636e-09 7.59338e-08 2.86624e-06 6.38229e-05 0.000839061 0.00652814 0.0302575 0.0850689 0.151929 0.189939 0.189109 0.158616 0.106826 0.0543793 0.0201196 0.00525149 0.000944968 0.000115191 9.35812e-06 4.98165e-07 1.70985e-08 3.73175e-10 5.12038e-12 4.37634e-14
 1.12504e-11 1.22117e-09 7.81633e-08 2.95052e-06 6.57064e-05 0.000864022 0.00672558 0.0312006 0.0878307 0.156892 0.194971 0.190431 0.155024 0.101368 0.0504786 0.0184261 0.00476406 0.000846171 0.000100805 7.90455e-06 4.01615e-07 1.30448e-08 2.67776e-10 3.43987e-12 2.7422e-14
#pred catch len freq
 1.05007e-11 1.13975e-09 7.29436e-08 2.75267e-06 6.12506e-05 0.000803654 0.00621862 0.0283993 0.0768359 0.12551 0.134853 0.123991 0.125137 0.11569 0.0848187 0.0559619 0.0372257 0.0246895 0.0166928 0.0118788 0.0090894 0.00758864 0.00655724 0.00504985 0.0029459
 7.81338e-12 8.48068e-10 5.42762e-08 2.04822e-06 4.5576e-05 0.000598016 0.00462834 0.0211586 0.0575449 0.0964082 0.114769 0.13303 0.161663 0.156197 0.109705 0.0645336 0.0362444 0.0191139 0.00978053 0.0053316 0.00324852 0.00225742 0.00173241 0.00127067 0.000738406
 1.09379e-11 1.18721e-09 7.59812e-08 2.8673e-06 6.38013e-05 0.00083712 0.00647754 0.029581 0.0800226 0.130632 0.139983 0.127915 0.129046 0.121824 0.0940782 0.0648012 0.0398191 0.020011 0.00848845 0.00340922 0.00144011 0.000710278 0.000427159 0.000276411 0.000153356
 1.15442e-11 1.25301e-09 8.01925e-08 3.02622e-06 6.73375e-05 0.00088352 0.00683665 0.0312226 0.084486 0.138099 0.148794 0.137696 0.139044 0.125634 0.0856559 0.0490253 0.0272817 0.0143786 0.00673576 0.00270748 0.000937057 0.000309788 0.000118139 5.62943e-05 2.72993e-05
 9.51722e-12 1.033e-09 6.6112e-08 2.49487e-06 5.55144e-05 0.000728406 0.00563697 0.0257573 0.0698835 0.115729 0.131648 0.138912 0.157428 0.147699 0.10061 0.055822 0.0286592 0.0131321 0.00529892 0.00200284 0.000700272 0.000213502 5.81596e-05 1.67188e-05 5.66559e-06
 1.1097e-11 1.20447e-09 7.70858e-08 2.90898e-06 6.47288e-05 0.000849293 0.00657185 0.0300145 0.0812328 0.13291 0.143813 0.134697 0.138306 0.128015 0.0919977 0.0566701 0.0317189 0.0148038 0.00565898 0.00189096 0.000574206 0.000159248 3.94882e-05 8.6535e-06 1.82553e-06
 1.25136e-11 1.35823e-09 8.69268e-08 3.28035e-06 7.29921e-05 0.000957708 0.00741051 0.0338386 0.0914992 0.149034 0.158123 0.140276 0.13539 0.119669 0.0799633 0.0438998 0.0226762 0.0106916 0.00436721 0.00153221 0.000452647 0.000112919 2.44193e-05 4.61416e-06 7.57398e-07
 1.31513e-11 1.42745e-09 9.13564e-08 3.44751e-06 7.67116e-05 0.00100651 0.00778801 0.0355601 0.0961231 0.156315 0.164674 0.143109 0.134685 0.116757 0.0754479 0.0386087 0.0180912 0.00766581 0.00280575 0.000922282 0.00027389 6.98422e-05 1.46559e-05 2.50194e-06 3.50488e-07
 1.21773e-11 1.32173e-09 8.45905e-08 3.19218e-06 7.10304e-05 0.000931972 0.0072115 0.0329329 0.0890915 0.145446 0.155864 0.142106 0.141012 0.12537 0.0825456 0.0434616 0.0208588 0.00878216 0.00306614 0.000923985 0.000248198 5.89825e-05 1.21059e-05 2.04904e-06 2.73579e-07
 1.24491e-11 1.35123e-09 8.64785e-08 3.26343e-06 7.26157e-05 0.000952769 0.00737232 0.0336649 0.0910386 0.148357 0.157747 0.1408 0.136814 0.121299 0.0811148 0.0442425 0.0221063 0.0095975 0.00343205 0.00104142 0.000270905 5.97001e-05 1.11704e-05 1.76079e-06 2.26141e-07
 1.21469e-11 1.31843e-09 8.43794e-08 3.18422e-06 7.08532e-05 0.000929647 0.00719354 0.0328516 0.0888806 0.145175 0.155914 0.142967 0.142553 0.126472 0.0822532 0.0422415 0.0198523 0.0083954 0.00300905 0.000927086 0.000244892 5.39764e-05 9.77554e-06 1.43908e-06 1.70219e-07
 1.27349e-11 1.38225e-09 8.84641e-08 3.33836e-06 7.4283e-05 0.000974645 0.00754156 0.034437 0.0931166 0.151663 0.160885 0.142621 0.137325 0.120491 0.0787355 0.0409859 0.0193691 0.0080047 0.00272244 0.000792843 0.000203486 4.48233e-05 8.18075e-06 1.19797e-06 1.37093e-07
 1.29405e-11 1.40456e-09 8.98919e-08 3.39224e-06 7.54819e-05 0.000990374 0.00766323 0.0349917 0.0946039 0.153985 0.162877 0.143199 0.136545 0.11903 0.0770579 0.039437 0.0183582 0.00758511 0.00260411 0.000757276 0.00018875 3.97148e-05 6.99867e-06 1.01192e-06 1.15534e-07
 1.1947e-11 1.29673e-09 8.29904e-08 3.1318e-06 6.96869e-05 0.000914346 0.00707522 0.0323131 0.0874497 0.143046 0.154592 0.144106 0.145937 0.129751 0.0834402 0.041614 0.018722 0.007516 0.00251403 0.000715774 0.000176606 3.68167e-05 6.33322e-06 8.82421e-07 9.74805e-08
 1.07244e-11 1.16403e-09 7.44977e-08 2.81131e-06 6.25557e-05 0.000820788 0.0063516 0.0290159 0.0786312 0.129466 0.14383 0.143664 0.155121 0.141382 0.0919867 0.0465192 0.0211247 0.00838247 0.00269924 0.000727401 0.000170534 3.42796e-05 5.76183e-06 7.88049e-07 8.4958e-08
 1.08645e-11 1.17923e-09 7.54708e-08 2.84804e-06 6.33728e-05 0.000831506 0.00643444 0.0293922 0.0796207 0.130853 0.144261 0.141504 0.150694 0.137794 0.0919093 0.049042 0.0236262 0.00970581 0.0031727 0.000854168 0.000195446 3.75037e-05 5.97692e-06 7.82382e-07 8.18004e-08
 1.17969e-11 1.28044e-09 8.19481e-08 3.09247e-06 6.88117e-05 0.000902862 0.00698632 0.0319062 0.0863362 0.141127 0.152072 0.140745 0.141991 0.127697 0.0856215 0.0466372 0.0231862 0.00994723 0.00346851 0.00100541 0.00024259 4.74916e-05 7.48517e-06 9.45276e-07 9.42787e-08
 1.23772e-11 1.34342e-09 8.5979e-08 3.24458e-06 7.21963e-05 0.000947269 0.00732983 0.0334726 0.0905412 0.14773 0.157929 0.143018 0.140789 0.124313 0.0807861 0.0414827 0.0194421 0.00814542 0.00286583 0.000859569 0.000219181 4.58628e-05 7.65811e-06 9.97026e-07 9.92968e-08
 1.24817e-11 1.35477e-09 8.67049e-08 3.27198e-06 7.28059e-05 0.000955266 0.0073917 0.0337549 0.0913024 0.148952 0.159136 0.143853 0.14125 0.124259 0.0799848 0.0401783 0.018218 0.00732772 0.00244511 0.00069714 0.000174325 3.71822e-05 6.50911e-06 8.99361e-07 9.45206e-08
 1.26675e-11 1.37493e-09 8.79955e-08 3.32068e-06 7.38896e-05 0.000969484 0.00750169 0.0342564 0.0926474 0.151054 0.160957 0.144433 0.140651 0.123077 0.0786049 0.0388386 0.0172163 0.00676309 0.0021845 0.000593236 0.000139832 2.82514e-05 4.80363e-06 6.68414e-07 7.28575e-08
 1.33827e-11 1.45257e-09 9.2964e-08 3.50818e-06 7.80616e-05 0.00102422 0.00792506 0.0361858 0.0978134 0.159055 0.167517 0.145421 0.136412 0.117106 0.0734861 0.035115 0.0148927 0.00563386 0.00175256 0.000454337 0.000101666 1.93963e-05 3.099e-06 4.08144e-07 4.31125e-08
 1.3626e-11 1.47897e-09 9.46537e-08 3.57194e-06 7.94804e-05 0.00104283 0.00806903 0.036842 0.09957 0.161774 0.16974 0.145738 0.134943 0.115064 0.0717701 0.0338909 0.0141262 0.00524738 0.00159456 0.000399717 8.5836e-05 1.56212e-05 2.36383e-06 2.93188e-07 2.91433e-08
 1.35377e-11 1.46939e-09 9.40409e-08 3.54881e-06 7.89658e-05 0.00103608 0.00801685 0.0366048 0.0989438 0.160877 0.169355 0.146786 0.137255 0.117012 0.0719642 0.0327577 0.0129494 0.00460481 0.00134969 0.000324763 6.67355e-05 1.16168e-05 1.67558e-06 1.97148e-07 1.85082e-08
 1.36474e-11 1.4813e-09 9.48029e-08 3.57757e-06 7.96056e-05 0.00104448 0.00808177 0.0369006 0.0997341 0.162087 0.170285 0.146727 0.13629 0.115909 0.0713198 0.0325281 0.0128513 0.00451565 0.00128241 0.000292827 5.67023e-05 9.34535e-06 1.28036e-06 1.43185e-07 1.27667e-08
 1.40485e-11 1.52483e-09 9.75889e-08 3.6827e-06 8.1945e-05 0.00107517 0.00831914 0.0379817 0.10262 0.166487 0.173551 0.146146 0.132174 0.111374 0.0688542 0.0319694 0.0129722 0.00466057 0.00134628 0.000311337 6.00684e-05 9.60678e-06 1.25084e-06 1.32018e-07 1.11292e-08
 1.37986e-11 1.4977e-09 9.58528e-08 3.61719e-06 8.04872e-05 0.00105604 0.00817124 0.0373085 0.100828 0.163797 0.17176 0.14718 0.135759 0.11486 0.0700668 0.031338 0.0120618 0.00418725 0.00119931 0.00027903 5.44606e-05 8.79476e-06 1.14379e-06 1.18191e-07 9.55487e-09
 1.34466e-11 1.4595e-09 9.34075e-08 3.52491e-06 7.84339e-05 0.00102911 0.0079629 0.0363593 0.0982917 0.159909 0.168765 0.147339 0.138842 0.118511 0.0724302 0.0323673 0.0123904 0.00423321 0.00117212 0.000259205 4.83238e-05 7.63953e-06 9.92646e-07 1.03146e-07 8.33542e-09
 1.30479e-11 1.41622e-09 9.06379e-08 3.42039e-06 7.61083e-05 0.000998595 0.00772692 0.0352844 0.0954214 0.155524 0.165468 0.147779 0.142725 0.12288 0.0749389 0.033117 0.0124458 0.00417843 0.00113658 0.000244552 4.37389e-05 6.56325e-06 8.08987e-07 8.09199e-08 6.43065e-09
#obs catch len freq
 9.75763e-12 1.0591e-09 6.77822e-08 2.55789e-06 5.69169e-05 0.000746806 0.00577923 0.0264033 0.0715659 0.11785 0.130592 0.129024 0.139452 0.135449 0.105157 0.0697013 0.0399392 0.0186874 0.00697664 0.00205983 0.000467767 7.88709e-05 9.54818e-06 8.04016e-07 4.57633e-08
 1.00769e-11 1.09375e-09 6.99998e-08 2.64158e-06 5.87791e-05 0.000771243 0.00596843 0.0272691 0.073923 0.121746 0.134676 0.131705 0.13979 0.133621 0.102189 0.0663732 0.037004 0.0167532 0.00601802 0.00169933 0.000366765 5.83677e-05 6.62205e-06 5.19286e-07 2.73847e-08
 7.14166e-12 7.7516e-10 4.96102e-08 1.87214e-06 4.16585e-05 0.000546636 0.00423149 0.0193599 0.0528223 0.0895385 0.109962 0.131944 0.161676 0.160293 0.122196 0.0779985 0.0423374 0.0185321 0.00638943 0.00171871 0.000351088 5.25861e-05 5.58649e-06 4.08281e-07 1.99814e-08
 1.75364e-11 1.90341e-09 1.21818e-07 4.59704e-06 0.00010229 0.00134209 0.0103835 0.0473851 0.127707 0.204474 0.199941 0.134002 0.0843312 0.0645582 0.0522837 0.0378004 0.0218617 0.00959735 0.00321509 0.000826788 0.000159844 2.24922e-05 2.23218e-06 1.51753e-07 6.88628e-09
 7.49202e-12 8.13189e-10 5.20441e-08 1.964e-06 4.37031e-05 0.000573504 0.00444078 0.0203433 0.0558029 0.096556 0.125571 0.160667 0.193498 0.170079 0.100434 0.0440753 0.017693 0.00702518 0.00241953 0.000636951 0.000121188 1.62825e-05 1.51734e-06 9.60288e-08 4.03719e-09
 1.32036e-11 1.43312e-09 9.17197e-08 3.46122e-06 7.70171e-05 0.00101053 0.00781943 0.0357065 0.0965059 0.156475 0.161305 0.12894 0.110614 0.104688 0.0902421 0.0621752 0.0307918 0.0104785 0.00257024 0.00050437 8.25615e-05 1.04829e-05 9.42291e-07 5.68718e-08 2.24613e-09
 1.12092e-11 1.21665e-09 7.78654e-08 2.93841e-06 6.53848e-05 0.00085796 0.0066408 0.0303637 0.0825334 0.137085 0.154421 0.151258 0.150088 0.126566 0.0815391 0.0441662 0.0218539 0.0090788 0.00279077 0.000593264 8.62111e-05 8.77307e-06 6.42352e-07 3.36505e-08 1.21312e-09
 1.58674e-11 1.72225e-09 1.10224e-07 4.15952e-06 9.25554e-05 0.00121441 0.00939708 0.0429099 0.115945 0.187619 0.191073 0.144624 0.108277 0.0843307 0.0583037 0.0335576 0.0153845 0.00541665 0.00148055 0.000314827 4.93716e-05 5.33553e-06 3.81642e-07 1.78528e-08 5.4739e-10
 1.28951e-11 1.39964e-09 8.95769e-08 3.38037e-06 7.52194e-05 0.000987012 0.00763973 0.0349288 0.0948771 0.156872 0.172779 0.158484 0.144121 0.112957 0.0668062 0.0312906 0.0125702 0.00423656 0.00111704 0.000219938 3.1516e-05 3.21285e-06 2.26058e-07 1.05956e-08 3.20836e-10
 1.37861e-11 1.49635e-09 9.57662e-08 3.61394e-06 8.04164e-05 0.00105519 0.00816684 0.0373253 0.101214 0.16607 0.177583 0.151683 0.129553 0.103697 0.0678922 0.0355734 0.0145123 0.00440595 0.000991749 0.000169177 2.17529e-05 2.02661e-06 1.30991e-07 5.68836e-09 1.62081e-10
 1.38785e-11 1.50639e-09 9.64086e-08 3.63819e-06 8.09564e-05 0.0010623 0.00822245 0.0375895 0.102025 0.167903 0.180946 0.156055 0.132039 0.101659 0.0629168 0.0315229 0.012834 0.00403284 0.000932547 0.000154626 1.8095e-05 1.47931e-06 8.36918e-08 3.22522e-09 8.27708e-11
 1.25955e-11 1.36712e-09 8.7496e-08 3.30186e-06 7.34735e-05 0.000964161 0.00746443 0.0341518 0.0929793 0.154729 0.172652 0.159727 0.143669 0.112601 0.0691859 0.0337575 0.0131171 0.00390341 0.000863759 0.000139625 1.60543e-05 1.27146e-06 6.75721e-08 2.36879e-09 5.41503e-11
 1.39364e-11 1.51267e-09 9.68109e-08 3.65338e-06 8.12952e-05 0.00106678 0.00825798 0.037764 0.102589 0.16915 0.182548 0.156235 0.129888 0.0999063 0.0632348 0.0320485 0.0126169 0.00369038 0.000784896 0.000120336 1.30794e-05 9.83153e-07 4.98292e-08 1.66475e-09 3.59664e-11
 1.34282e-11 1.4575e-09 9.32803e-08 3.52015e-06 7.83318e-05 0.00102795 0.00795897 0.0364223 0.0991914 0.164921 0.182261 0.162616 0.137953 0.102833 0.0609439 0.0288883 0.0109436 0.00317024 0.000673235 0.000101815 1.06967e-05 7.63796e-07 3.64006e-08 1.13931e-09 2.30638e-11
 1.13272e-11 1.22946e-09 7.8686e-08 2.96943e-06 6.60793e-05 0.000867269 0.00671807 0.0307963 0.0843841 0.143247 0.167983 0.166852 0.155138 0.120587 0.0726354 0.0341586 0.0124171 0.0033719 0.00066964 9.58963e-05 9.66808e-06 6.65473e-07 3.04271e-08 9.05128e-10 1.72507e-11
 9.20392e-12 9.99001e-10 6.39366e-08 2.41286e-06 5.36963e-05 0.000704868 0.0054634 0.0250984 0.0692796 0.120423 0.150174 0.164472 0.166565 0.139012 0.0904613 0.0454919 0.0171149 0.00465061 0.0008986 0.000122348 1.15611e-05 7.43158e-07 3.18401e-08 8.91886e-10 1.60496e-11
 1.21446e-11 1.31819e-09 8.43643e-08 3.18372e-06 7.08479e-05 0.00092984 0.00720192 0.032993 0.0901243 0.151008 0.169595 0.155183 0.137749 0.11334 0.0777142 0.0416849 0.0165934 0.00472427 0.000942137 0.000129295 1.19866e-05 7.38309e-07 2.9799e-08 7.7845e-10 1.30086e-11
 1.18237e-11 1.28335e-09 8.21352e-08 3.09964e-06 6.898e-05 0.000905464 0.00701672 0.0321994 0.0884429 0.150669 0.17609 0.169436 0.1489 0.110913 0.0663309 0.0321737 0.0124047 0.0035912 0.000740341 0.00010459 9.84962e-06 6.06085e-07 2.40082e-08 6.05098e-10 9.61177e-12
 1.25715e-11 1.36452e-09 8.733e-08 3.29569e-06 7.33431e-05 0.000962734 0.00746017 0.034224 0.0938631 0.158909 0.182027 0.168457 0.143277 0.105871 0.0626821 0.0288812 0.0101076 0.00262761 0.000498828 6.73469e-05 6.22904e-06 3.80779e-07 1.49771e-08 3.72251e-10 5.77593e-12
 1.18674e-11 1.2881e-09 8.24394e-08 3.11118e-06 6.92408e-05 0.000909043 0.00704795 0.0323872 0.0892746 0.153284 0.181241 0.174923 0.151058 0.109014 0.0618189 0.0272108 0.00908998 0.00222713 0.000390022 4.78772e-05 4.03524e-06 2.28156e-07 8.45143e-09 2.00684e-10 2.99985e-12
 1.22493e-11 1.32956e-09 8.50931e-08 3.21135e-06 7.14712e-05 0.000938355 0.00727558 0.033433 0.092104 0.157612 0.18414 0.173554 0.147029 0.106071 0.0605164 0.0263838 0.00852018 0.00198107 0.000325461 3.71254e-05 2.87965e-06 1.48658e-07 5.012e-09 1.08602e-10 1.49159e-12
 1.30078e-11 1.41189e-09 9.03627e-08 3.41024e-06 7.5899e-05 0.000996525 0.00772707 0.0355081 0.0977665 0.166724 0.192142 0.17508 0.141411 0.0974694 0.0534883 0.0226005 0.00711386 0.00160936 0.000254532 2.754e-05 1.99869e-06 9.55494e-08 2.96133e-09 5.86794e-11 7.34517e-13
 1.2274e-11 1.33224e-09 8.5266e-08 3.21799e-06 7.16264e-05 0.000940668 0.00729933 0.0336128 0.0930854 0.161106 0.191436 0.181306 0.148731 0.100507 0.0528342 0.0211679 0.00631312 0.00135796 0.000204827 2.11346e-05 1.45702e-06 6.5715e-08 1.90612e-09 3.50804e-11 4.0527e-13
 1.30051e-11 1.4116e-09 9.03452e-08 3.4097e-06 7.5894e-05 0.000996707 0.00773345 0.0355937 0.0983558 0.168902 0.196377 0.178992 0.142 0.0948318 0.049661 0.0195543 0.00560691 0.00113978 0.000161083 1.55424e-05 1.00307e-06 4.24085e-08 1.15317e-09 1.98659e-11 2.14239e-13
 1.23625e-11 1.34185e-09 8.58828e-08 3.24143e-06 7.21577e-05 0.000947967 0.00736225 0.033972 0.0945011 0.16487 0.197494 0.185922 0.148013 0.0955842 0.0475265 0.0177727 0.00487167 0.000947986 0.000127392 1.15659e-05 6.96046e-07 2.72972e-08 6.87238e-10 1.09633e-11 1.09579e-13
 1.24816e-11 1.35479e-09 8.67116e-08 3.27279e-06 7.28597e-05 0.000957311 0.00743682 0.0343329 0.0955645 0.16669 0.198909 0.185565 0.146615 0.0945602 0.0467792 0.0170944 0.00448352 0.00082358 0.000103947 8.8546e-06 4.99383e-07 1.82997e-08 4.28711e-10 6.33794e-12 5.8522e-14
 1.11524e-11 1.21052e-09 7.74807e-08 2.92466e-06 6.51261e-05 0.000856275 0.0066638 0.0309075 0.0870423 0.155961 0.195531 0.193225 0.157385 0.100991 0.0487857 0.0173092 0.00439543 0.000776896 9.3396e-05 7.49549e-06 3.94962e-07 1.34577e-08 2.92503e-10 4.00762e-12 3.42627e-14
 1.12244e-11 1.21835e-09 7.79825e-08 2.9437e-06 6.55543e-05 0.000862018 0.00670992 0.0311274 0.0876253 0.156563 0.19481 0.190935 0.156106 0.101987 0.0501262 0.0177983 0.00443165 0.000756503 8.70202e-05 6.63907e-06 3.30568e-07 1.05782e-08 2.14683e-10 2.73332e-12 2.16389e-14
#spawning biomass
 12178.5 13374.5 13190 17248.2 19669.1 20721.7 24013.5 30739.2 48525.2 70412.7 84066.9 100135 132201 154517 137093 109413 105362 106866 114635 118516 116705 132013 133904 134910 154883 163501 156190 126886 108885 178988 174767 145094 114537 90650.7 74146.8 63552.4 57075 53247.4 51040.6 49791.1 49093.3 48707.4 48495 48378 48315.6 48282.3 48264.6 48255.1 48250 48247.3 48245.9 48245.1 48244.7 48244.5 48244.4 48244.3 48244.3 48244.2 48244.2 48244.2 48244.2 48244.2 48244.2 48244.2 48244.2 48244.2 48244.2 48244.2 48244.2 48244.2 48244.2 48244.2 48244.2 48244.2 48244.2 48244.2 48244.2 48244.2 48244.2 48244.2 48244.2 48244.2 48244.2 48244.2 48244.2 48244.2 48244.2 48244.2 48244.2 48244.2 48244.2 48244.2 48244.2 48244.2 48244.2 48244.2 48244.2 48244.2 48244.2 48244.2 48244.2 48244.2 48244.2 48244.2 48244.2 48244.2 48244.2 48244.2 48244.2 48244.2 48244.2 48244.2 48244.2 48244.2 48244.2 48244.2 48244.2 48244.2 48244.2 48244.2 48244.2 48244.2 48244.2 48244.2 48244.2 48244.2 48244.2 48244.2 0 0 0 0 0 0 0 0 0 0 0 0 0 0 0 0 0 0 0 0 0 0 0 0 0
