SBPRF35
0.0628122
Curr Bio
416047
B35
187290
F35
11715.8
FOFL
11715.8
OFL
414109
Bzero
11846.7
#pred survey bio
 8889.58 9998.18 12253.5 16921.5 22101.2 24966.7 34720.1 53102.4 55036.8 65096.9 71140.4 72568.7 86611.5 103711 113864 110534 105579 98688.5 88342.8 83852.7 108001 94446.2 117204 127622 108424 120455 123444 113173 2.39865e+06 576066 212012 77432.2 43010.7 34476.4 32376.7 31864.4 31740.5 31710.7 31703.6 31701.9 31701.5 31701.4 31701.4 31701.4 31701.4 31701.4 31701.4 31701.4 31701.4 31701.4 31701.4 31701.4 31701.4 31701.4 31701.4 31701.4 31701.4 31701.4 31701.4 31701.4 31701.4 31701.4 31701.4 31701.4 31701.4 31701.4 31701.4 31701.4 31701.4 31701.4 31701.4 31701.4 31701.4 31701.4 31701.4 31701.4 31701.4 31701.4 31701.4 31701.4 31701.4 31701.4 31701.4 31701.4 31701.4 31701.4 31701.4 31701.4 31701.4 31701.4 31701.4 31701.4 31701.4 31701.4 31701.4 31701.4 31701.4 31701.4 31701.4 31701.4 31701.4 31701.4 31701.4 31701.4 31701.4 31701.4 31701.4 31701.4 31701.4 31701.4 31701.4 31701.4 31701.4 31701.4 31701.4 31701.4 31701.4 31701.4 31701.4 31701.4 31701.4 31701.4 31701.4 31701.4 31701.4 31701.4 31701.4 31701.4 0 0 0 0 0 0 0 0 0 0 0 0 0 0 0 0 0 0 0 0 0 0 0 0 0
#obs survey bio
 7505.44 12822 15082.2 18691 19208.9 20105.8 38301.5 63613.2 55322 67901.5 90308 56853.2 83834.5 86455.5 102464 81584.9 98658.1 120171 78789.8 70784.3 140693 109417 117971 123256 123549 109760 135429 74222.8
#pred catch bio
 5859.59 5713.76 6910.71 10122.3 14423.4 17081.8 20410.2 26670.8 28248.1 42281.3 50936.2 60554.9 77319.1 91978.7 104814 97351.8 83487.9 83596 89205.6 78450.4 87934.3 85958.9 101292 108817 110177 119318 106313 92484.7 414109 6595.84 6595.84 6595.84 6595.84 6595.84 6595.84 6595.84 6595.84 6595.84 6595.84 6595.84 6595.84 6595.84 6595.84 6595.84 6595.84 6595.84 6595.84 6595.84 6595.84 6595.84 6595.84 6595.84 6595.84 6595.84 6595.84 6595.84 6595.84 6595.84 6595.84 6595.84 6595.84 6595.84 6595.84 6595.84 6595.84 6595.84 6595.84 6595.84 6595.84 6595.84 6595.84 6595.84 6595.84 6595.84 6595.84 6595.84 6595.84 6595.84 6595.84 6595.84 6595.84 6595.84 6595.84 6595.84 6595.84 6595.84 6595.84 6595.84 6595.84 6595.84 6595.84 6595.84 6595.84 6595.84 6595.84 6595.84 6595.84 6595.84 6595.84 6595.84 6595.84 6595.84 6595.84 6595.84 6595.84 6595.84 6595.84 6595.84 6595.84 6595.84 6595.84 6595.84 6595.84 6595.84 6595.84 6595.84 6595.84 6595.84 6595.84 6595.84 6595.84 6595.84 6595.84 6595.84 6595.84 6595.84 6595.84 6595.84 0 0 0 0 0 0 0 0 0 0 0 0 0 0 0 0 0 0 0 0 0 0 0 0 0
#obs catch bio
 5969.79 5828.98 6979.04 10142.8 14675.2 17223.5 20511.6 26639.5 28293.1 42471.6 50701.3 61429.2 77202 91443.6 104360 98218.9 82202.3 83566.8 88188.6 78060.1 87206.8 84717.9 100412 107473 108697 117106 104188 92413.4
#pred cpue bio
 8691.85 9503.66 11222.1 15726.9 20638.5 22993.3 31764.2 48480.9 49536 57367.6 63664.9 64663.6 75861.4 93271.7 105131 100805 94601 88159.9 78796.8 74529.4 93878 81825.7 101911 109316 93084.4 105138 108129 99376 2.08238e+06 570344 211742 71416 36677.1 28130.7 26030.6 25518.3 25394.4 25364.6 25357.5 25355.8 25355.4 25355.3 25355.3 25355.3 25355.3 25355.3 25355.3 25355.3 25355.3 25355.3 25355.3 25355.3 25355.3 25355.3 25355.3 25355.3 25355.3 25355.3 25355.3 25355.3 25355.3 25355.3 25355.3 25355.3 25355.3 25355.3 25355.3 25355.3 25355.3 25355.3 25355.3 25355.3 25355.3 25355.3 25355.3 25355.3 25355.3 25355.3 25355.3 25355.3 25355.3 25355.3 25355.3 25355.3 25355.3 25355.3 25355.3 25355.3 25355.3 25355.3 25355.3 25355.3 25355.3 25355.3 25355.3 25355.3 25355.3 25355.3 25355.3 25355.3 25355.3 25355.3 25355.3 25355.3 25355.3 25355.3 25355.3 25355.3 25355.3 25355.3 25355.3 25355.3 25355.3 25355.3 25355.3 25355.3 25355.3 25355.3 25355.3 25355.3 25355.3 25355.3 25355.3 25355.3 25355.3 25355.3 25355.3 25355.3 0 0 0 0 0 0 0 0 0 0 0 0 0 0 0 0 0 0 0 0 0 0 0 0 0
#obs cpue bio
 6396.54 6975.13 7506.49 12827.6 19898.6 23136 25052.6 44982.3 45713.9 55178.2 51992 66521.4 81661.9 119632 120155 124489 123319 75901.7 102725 85862.2 95041.4 78363.8 120462 147604 94131.8 152341 137260 165654
#pred surv len freq
 2.55571e-27 2.56882e-27 1.66252e-26 2.96758e-20 7.27468e-15 2.15562e-10 7.72106e-07 0.000334292 0.0174957 0.110683 0.0851255 0.0383898 0.232401 0.215599 0.0647779 0.0942298 0.0403692 0.0307284 0.0184199 0.0136459 0.0104403 0.00882421 0.00866233 0.00757276 0.00229968
 2.55978e-27 2.57986e-27 2.62301e-26 4.99374e-20 1.22416e-14 3.62739e-10 1.29927e-06 0.000562535 0.029441 0.186253 0.142805 0.0368588 0.180232 0.168109 0.06869 0.1146 0.0387124 0.0157564 0.00689971 0.0038237 0.00236892 0.0017046 0.00147428 0.0012825 0.000425929
 2.56271e-27 2.58705e-27 3.18163e-26 6.17191e-20 1.51297e-14 4.4832e-10 1.60581e-06 0.000695253 0.036387 0.230195 0.176438 0.0418453 0.194548 0.179875 0.04465 0.0568113 0.0212132 0.0116028 0.00362366 0.00107932 0.000440593 0.000239355 0.000169922 0.000137905 4.72954e-05
 2.56104e-27 2.58238e-27 2.75388e-26 5.26948e-20 1.29175e-14 3.82769e-10 1.37101e-06 0.000593596 0.0310667 0.196537 0.150774 0.0441989 0.230491 0.212944 0.0488011 0.0577493 0.0183528 0.00567237 0.0019576 0.000641027 0.000138367 4.1311e-05 2.04535e-05 1.41308e-05 4.77841e-06
 2.56083e-27 2.582e-27 2.74015e-26 5.24058e-20 1.28466e-14 3.80669e-10 1.36349e-06 0.00059034 0.0308963 0.195459 0.149924 0.042495 0.218122 0.20197 0.0548481 0.0742874 0.0231168 0.00619358 0.00163898 0.000353242 8.33092e-05 1.47517e-05 3.37285e-06 1.63438e-06 5.1451e-07
 2.56205e-27 2.58517e-27 3.00757e-26 5.80468e-20 1.42295e-14 4.21645e-10 1.51026e-06 0.000653885 0.034222 0.216498 0.165995 0.0428652 0.209647 0.193853 0.0480262 0.0607993 0.0194468 0.00609101 0.00157594 0.000274347 4.21972e-05 6.37583e-06 8.01368e-07 1.68872e-07 4.35795e-08
 2.56251e-27 2.58631e-27 3.09612e-26 5.99145e-20 1.46873e-14 4.35211e-10 1.55885e-06 0.000674924 0.0353231 0.223464 0.171325 0.0435641 0.211221 0.1951 0.0445239 0.0524619 0.0163697 0.00450091 0.00119854 0.000235124 3.2179e-05 3.27211e-06 2.86794e-07 2.47731e-08 3.53714e-09
 2.56278e-27 2.5871e-27 3.1714e-26 6.15026e-20 1.50766e-14 4.46747e-10 1.60017e-06 0.000692814 0.0362594 0.229387 0.175838 0.04288 0.202845 0.187483 0.0452127 0.0559476 0.0173837 0.00463471 0.00118672 0.000213367 3.13901e-05 3.1247e-06 1.88518e-07 8.80361e-09 4.65086e-10
 2.56393e-27 2.59016e-27 3.437e-26 6.71055e-20 1.64501e-14 4.87446e-10 1.74595e-06 0.000755929 0.0395626 0.250284 0.19179 0.0425924 0.189449 0.174993 0.0406783 0.0487595 0.0153476 0.00442458 0.00113537 0.000196733 2.69514e-05 2.67165e-06 1.60088e-07 5.0887e-09 1.09679e-10
 2.56539e-27 2.59401e-27 3.76559e-26 7.4037e-20 1.81493e-14 5.37796e-10 1.92629e-06 0.000834011 0.0436491 0.276137 0.21153 0.042569 0.175402 0.161813 0.0344108 0.0377647 0.0117351 0.00315949 0.000820676 0.000151385 2.04836e-05 1.9099e-06 1.10549e-07 3.37476e-09 4.5952e-11
 2.56395e-27 2.58993e-27 3.38812e-26 6.60734e-20 1.61971e-14 4.79949e-10 1.7191e-06 0.000744303 0.0389541 0.246435 0.18889 0.0450857 0.21046 0.193857 0.0345157 0.0299065 0.00888184 0.001761 0.000423843 7.26014e-05 1.0117e-05 9.65444e-07 5.31463e-08 1.54994e-09 1.93591e-11
 2.56439e-27 2.5912e-27 3.5067e-26 6.85751e-20 1.68104e-14 4.98121e-10 1.78419e-06 0.000772484 0.040429 0.255766 0.196 0.0441563 0.198392 0.182875 0.0353768 0.0346114 0.0099431 0.00135894 0.000277734 3.58036e-05 4.45474e-06 4.15105e-07 2.34881e-08 6.61437e-10 7.84268e-12
 2.5655e-27 2.59412e-27 3.75608e-26 7.38357e-20 1.80999e-14 5.36334e-10 1.92106e-06 0.000831744 0.0435305 0.275386 0.210982 0.0441848 0.188082 0.173168 0.0301667 0.025182 0.00723879 0.00102554 0.000199401 1.79167e-05 1.67238e-06 1.23282e-07 6.54984e-09 1.86752e-10 2.1616e-12
 2.5634e-27 2.58831e-27 3.23469e-26 6.28362e-20 1.54035e-14 4.56434e-10 1.63487e-06 0.000707836 0.0370456 0.234361 0.179691 0.0463984 0.226912 0.208851 0.0337848 0.0244428 0.00688842 0.000764027 0.000136774 1.23954e-05 9.82254e-07 4.87642e-08 1.92359e-09 4.89588e-11 5.63421e-13
 2.56131e-27 2.58281e-27 2.76302e-26 5.28865e-20 1.29645e-14 3.84161e-10 1.376e-06 0.000595756 0.0311797 0.197252 0.151357 0.0464725 0.247384 0.22808 0.0433206 0.0413267 0.011638 0.00117959 0.00019737 1.45414e-05 1.05074e-06 4.82652e-08 1.3454e-09 2.37709e-11 2.33604e-13
 2.5626e-27 2.58639e-27 3.08974e-26 5.97792e-20 1.46541e-14 4.34229e-10 1.55533e-06 0.0006734 0.0352433 0.22296 0.170958 0.0447004 0.220127 0.203109 0.0421932 0.0450524 0.0129304 0.00171328 0.000315547 2.13473e-05 1.35456e-06 5.11786e-08 1.29331e-09 1.7204e-11 1.14525e-13
 2.5639e-27 2.58982e-27 3.38127e-26 6.59288e-20 1.61617e-14 4.78899e-10 1.71533e-06 0.000742674 0.0388689 0.245896 0.188474 0.0448448 0.208919 0.19251 0.035659 0.0328357 0.00950389 0.00143545 0.000282947 2.40912e-05 1.67668e-06 5.64356e-08 1.18609e-09 1.34568e-11 7.00567e-14
 2.5641e-27 2.59035e-27 3.42584e-26 6.68692e-20 1.63922e-14 4.85729e-10 1.7398e-06 0.000753267 0.0394233 0.249403 0.191153 0.0448964 0.207429 0.191094 0.0346599 0.0309089 0.00884971 0.00117591 0.000227248 2.19885e-05 1.75123e-06 7.28297e-08 1.51264e-09 1.4479e-11 6.25233e-14
 2.56414e-27 2.5904e-27 3.4248e-26 6.68469e-20 1.63867e-14 4.85567e-10 1.73922e-06 0.000753016 0.0394101 0.24932 0.191097 0.0453359 0.210813 0.194113 0.0333143 0.0270794 0.00767738 0.000905387 0.000164692 1.41384e-05 1.13075e-06 5.44972e-08 1.36312e-09 1.43164e-11 5.48077e-14
 2.56429e-27 2.59071e-27 3.44508e-26 6.72745e-20 1.64915e-14 4.88674e-10 1.75035e-06 0.000757834 0.0396623 0.250915 0.192324 0.0459215 0.214408 0.197276 0.0310663 0.0211565 0.00588828 0.00053257 8.42676e-05 6.33458e-06 4.52466e-07 2.00181e-08 5.4761e-10 6.85105e-12 2.99577e-14
 2.566e-27 2.59544e-27 3.87171e-26 7.6275e-20 1.86979e-14 5.54052e-10 1.98452e-06 0.000859222 0.0449686 0.284484 0.217925 0.0439528 0.181439 0.167018 0.0287208 0.0234216 0.00653427 0.000579903 8.8732e-05 5.39131e-06 3.20967e-07 1.22092e-08 2.99423e-10 3.83205e-12 1.94541e-14
 2.56608e-27 2.59559e-27 3.87725e-26 7.63915e-20 1.87265e-14 5.54899e-10 1.98755e-06 0.000860535 0.0450373 0.284919 0.218268 0.0446005 0.186126 0.171178 0.0264389 0.017181 0.00480967 0.000493383 8.1232e-05 4.83173e-06 2.63896e-07 7.89064e-09 1.60525e-10 1.79098e-12 8.88882e-15
 2.56584e-27 2.59495e-27 3.82058e-26 7.51959e-20 1.84334e-14 5.46214e-10 1.95645e-06 0.000847066 0.0443324 0.280459 0.214865 0.0447602 0.189733 0.174511 0.0271315 0.0179168 0.00496341 0.000412438 6.12822e-05 4.11247e-06 2.43385e-07 6.9477e-09 1.18535e-10 1.04384e-12 4.40712e-15
 2.56683e-27 2.59764e-27 4.06079e-26 8.02635e-20 1.96756e-14 5.83024e-10 2.08829e-06 0.000904152 0.0473201 0.29936 0.229284 0.0438975 0.173037 0.159137 0.0249946 0.0169155 0.00469135 0.000395054 5.81575e-05 3.26763e-06 1.76085e-07 5.66421e-09 9.89549e-11 7.6888e-13 2.57763e-15
 2.56659e-27 2.59694e-27 3.99319e-26 7.88372e-20 1.9326e-14 5.72663e-10 2.05118e-06 0.000888084 0.0464791 0.29404 0.225232 0.0445716 0.181014 0.166382 0.0241779 0.0132336 0.00364418 0.000291332 4.14601e-05 2.32642e-06 1.1884e-07 3.20219e-09 5.61575e-11 4.70249e-13 1.47286e-15
 2.56547e-27 2.59387e-27 3.71873e-26 7.30471e-20 1.79066e-14 5.30605e-10 1.90054e-06 0.00082286 0.0430655 0.272445 0.208759 0.0456393 0.200713 0.184504 0.0263742 0.0136774 0.00372894 0.000239442 2.82269e-05 1.49523e-06 7.28712e-08 1.91768e-09 2.98735e-11 2.27395e-13 7.50149e-16
 2.5653e-27 2.59345e-27 3.68549e-26 7.2346e-20 1.77348e-14 5.25512e-10 1.8823e-06 0.000814963 0.0426522 0.26983 0.206759 0.0453817 0.200158 0.184082 0.0279257 0.0173162 0.00474027 0.000302196 3.4886e-05 1.54774e-06 6.07274e-08 1.48284e-09 2.22015e-11 1.56527e-13 4.60197e-16
 2.56521e-27 2.59324e-27 3.6715e-26 7.2051e-20 1.76624e-14 5.2337e-10 1.87462e-06 0.00081164 0.0424783 0.26873 0.205913 0.0450327 0.198096 0.182275 0.029336 0.020985 0.00581128 0.00046188 6.4312e-05 2.87721e-06 1.0859e-07 2.13315e-09 2.69158e-11 1.77346e-13 4.90787e-16
#obs surv len freq
 1.08726e-41 1.50905e-33 2.53174e-26 5.13431e-20 1.25862e-14 3.72951e-10 1.33585e-06 0.000578377 0.0302699 0.191497 0.146935 0.0402121 0.173408 0.146716 0.103729 0.101521 0.0437556 0.0170517 0.00382181 0.000477704 2.45832e-05 3.76272e-07 1.283e-09 7.93306e-13 7.79315e-17
 1.60311e-41 2.22502e-33 3.73293e-26 7.5703e-20 1.85577e-14 5.49899e-10 1.96965e-06 0.000852789 0.0446316 0.282353 0.216328 0.0406934 0.126802 0.102337 0.0760324 0.0687271 0.0287587 0.0102135 0.00204246 0.000217935 9.0963e-06 1.07291e-07 2.71493e-10 1.21714e-13 8.55382e-18
 1.53535e-41 2.13096e-33 3.57514e-26 7.2503e-20 1.77733e-14 5.26654e-10 1.88639e-06 0.000816742 0.042745 0.270418 0.207443 0.0499772 0.176601 0.128755 0.0566344 0.0427786 0.0172121 0.0055441 0.000981728 8.78775e-05 2.92938e-06 2.64071e-08 4.94232e-11 1.60468e-14 8.06585e-19
 1.07415e-41 1.49085e-33 2.50121e-26 5.0724e-20 1.24344e-14 3.68454e-10 1.31974e-06 0.000571403 0.0299049 0.18919 0.145648 0.0563982 0.229901 0.162938 0.0983938 0.066232 0.0161969 0.00396691 0.000611963 4.54922e-05 1.19346e-06 8.12776e-09 1.11877e-11 2.62567e-15 9.43658e-20
 1.50366e-41 2.08698e-33 3.50135e-26 7.10066e-20 1.74064e-14 5.15784e-10 1.84746e-06 0.000799885 0.0418628 0.264837 0.203215 0.0471989 0.142048 0.104055 0.103924 0.0690799 0.0190546 0.00356803 0.000335317 1.89473e-05 3.85899e-07 1.96502e-09 1.97332e-12 3.3326e-16 8.54811e-21
 1.19856e-41 1.66353e-33 2.79091e-26 5.65992e-20 1.38746e-14 4.1113e-10 1.4726e-06 0.000637586 0.0333687 0.211104 0.162742 0.0649753 0.231283 0.144071 0.0785596 0.0499296 0.0192369 0.00378042 0.000300112 1.03847e-05 1.41611e-07 5.24935e-10 3.81712e-13 4.61299e-17 8.41076e-22
 1.38008e-41 1.91547e-33 3.21359e-26 6.5171e-20 1.59759e-14 4.73395e-10 1.69562e-06 0.000734147 0.0384223 0.243074 0.187033 0.057986 0.175146 0.116503 0.109263 0.0565385 0.0126256 0.00244628 0.00021932 6.33071e-06 5.44337e-08 1.26477e-10 6.29965e-14 5.37583e-18 6.93309e-23
 1.19458e-41 1.658e-33 2.78164e-26 5.6411e-20 1.38285e-14 4.09764e-10 1.46771e-06 0.000635467 0.0332578 0.210404 0.162653 0.0722655 0.227269 0.133361 0.0937969 0.0494202 0.0147396 0.00205681 0.000134321 3.77652e-06 2.71357e-08 4.17766e-11 1.28516e-14 7.1041e-19 6.2385e-24
 1.51136e-41 2.09767e-33 3.51927e-26 7.13701e-20 1.74955e-14 5.18425e-10 1.85691e-06 0.000803979 0.0420771 0.266197 0.205076 0.0644191 0.167084 0.104175 0.096648 0.0424063 0.00964204 0.00138716 8.07003e-05 1.59769e-06 9.43613e-09 1.18789e-11 2.60144e-15 9.26632e-20 5.15171e-25
 1.52143e-41 2.11165e-33 3.54273e-26 7.18458e-20 1.76122e-14 5.21881e-10 1.86929e-06 0.000809339 0.0423576 0.267975 0.207052 0.0779347 0.198242 0.103529 0.0659885 0.0282946 0.00699279 0.000785063 3.78945e-05 6.40275e-07 2.73995e-09 2.54558e-12 4.32601e-16 1.15575e-20 4.49487e-26
 1.09667e-41 1.5221e-33 2.55364e-26 5.17874e-20 1.26951e-14 3.76178e-10 1.34741e-06 0.000583382 0.0305319 0.193169 0.151002 0.0971475 0.258019 0.136108 0.0953808 0.0319323 0.00552754 0.000573019 2.35431e-05 3.05262e-07 1.02625e-09 7.02739e-13 8.46064e-17 1.63987e-21 4.72976e-27
 1.6621e-41 2.30689e-33 3.87029e-26 7.84886e-20 1.92406e-14 5.70133e-10 2.04212e-06 0.000884169 0.0462739 0.292753 0.226036 0.0711178 0.144485 0.0942745 0.0902029 0.0289205 0.00469369 0.00034612 1.06183e-05 1.11068e-07 2.80824e-10 1.42511e-13 1.25986e-17 1.74171e-22 3.53135e-28
 1.33414e-41 1.85169e-33 3.1066e-26 6.30013e-20 1.5444e-14 4.57634e-10 1.63917e-06 0.000709705 0.0371431 0.235003 0.184125 0.110547 0.243015 0.106834 0.0577001 0.0205812 0.00406127 0.000273111 6.32005e-06 4.57055e-08 8.50027e-11 3.18657e-14 2.03723e-18 2.02754e-23 2.94929e-29
 1.1142e-41 1.54644e-33 2.59447e-26 5.26153e-20 1.2898e-14 3.82192e-10 1.36895e-06 0.000592708 0.03102 0.196273 0.155128 0.111635 0.234775 0.13826 0.104695 0.0243493 0.00305021 0.0002153 4.88087e-06 2.73887e-08 3.49955e-11 9.03606e-15 4.10909e-19 2.92878e-24 3.03451e-30
 8.78367e-42 1.21912e-33 2.04532e-26 4.14786e-20 1.0168e-14 3.01296e-10 1.0792e-06 0.000467254 0.0244543 0.154748 0.12471 0.12364 0.249562 0.159446 0.123837 0.0343119 0.00461327 0.000205168 3.5452e-06 1.80867e-08 1.87088e-11 3.44557e-15 1.06348e-19 5.17247e-25 3.72961e-31
 1.41818e-41 1.96833e-33 3.30229e-26 6.69698e-20 1.64169e-14 4.86461e-10 1.74243e-06 0.00075441 0.0394829 0.249816 0.195832 0.0948524 0.160193 0.126063 0.100784 0.0280844 0.00395024 0.000184357 2.47317e-06 8.57588e-09 6.93067e-12 1.03036e-15 2.40689e-20 8.30097e-26 4.10171e-32
 9.75276e-42 1.35362e-33 2.27098e-26 4.60549e-20 1.12898e-14 3.34538e-10 1.19826e-06 0.000518806 0.0271523 0.171859 0.141713 0.162415 0.273275 0.126199 0.0718128 0.0218166 0.0030924 0.000141672 1.83821e-06 5.31389e-09 3.01739e-12 3.13408e-16 5.45541e-21 1.43543e-26 5.30622e-33
 1.43729e-41 1.99486e-33 3.34679e-26 6.78722e-20 1.66381e-14 4.93017e-10 1.76591e-06 0.000764576 0.0400149 0.253208 0.200408 0.107933 0.161316 0.135795 0.0837815 0.0150918 0.00161295 7.19536e-05 8.71429e-07 2.26517e-09 1.0808e-12 8.48303e-17 1.03303e-21 1.88224e-27 4.95326e-34
 1.00498e-41 1.39485e-33 2.34014e-26 4.74576e-20 1.16337e-14 3.44727e-10 1.23476e-06 0.000534607 0.0279794 0.17715 0.14974 0.183912 0.261566 0.12073 0.0615012 0.0154267 0.00141695 4.04893e-05 3.94025e-07 8.92509e-10 3.6197e-13 2.33803e-17 2.24275e-22 3.05148e-28 5.7254e-35
 1.28837e-41 1.78817e-33 3.00003e-26 6.08399e-20 1.49142e-14 4.41935e-10 1.58294e-06 0.000685358 0.0358691 0.227037 0.184273 0.132497 0.181507 0.152228 0.073802 0.0111536 0.000921055 2.59156e-05 1.79164e-07 2.8493e-10 9.03598e-14 4.70635e-18 3.60592e-23 3.85372e-29 5.56863e-36
 1.41331e-41 1.96157e-33 3.29095e-26 6.67398e-20 1.63605e-14 4.84791e-10 1.73644e-06 0.000751819 0.0393475 0.249102 0.20484 0.15908 0.187127 0.101552 0.0478192 0.00971898 0.000645876 1.28973e-05 7.57301e-08 9.31906e-11 2.04615e-14 7.52419e-19 4.28954e-24 3.50391e-30 3.88707e-37
 1.12287e-41 1.55847e-33 2.61465e-26 5.30246e-20 1.29984e-14 3.85165e-10 1.3796e-06 0.000597319 0.0312618 0.198052 0.171854 0.196172 0.22527 0.123986 0.0456231 0.0067237 0.000450572 8.57878e-06 3.70824e-08 3.39201e-11 5.72428e-15 1.5372e-19 6.10334e-25 3.46392e-31 2.7325e-38
 1.37254e-41 1.905e-33 3.19603e-26 6.48149e-20 1.58886e-14 4.70809e-10 1.68636e-06 0.000730136 0.0382129 0.242014 0.202664 0.160045 0.179071 0.127048 0.0444751 0.00547091 0.000263052 4.02561e-06 1.53444e-08 1.10553e-11 1.34526e-15 2.61631e-20 7.63498e-26 3.14629e-32 1.75869e-39
 1.35525e-41 1.88099e-33 3.15576e-26 6.39981e-20 1.56884e-14 4.64876e-10 1.66511e-06 0.000720935 0.0377317 0.239111 0.20707 0.193997 0.188086 0.096817 0.0321083 0.0041839 0.000170651 1.89018e-06 5.22634e-09 2.96046e-12 2.85542e-16 4.17231e-21 8.7502e-27 2.56307e-33 1.0253e-40
 1.18749e-41 1.64816e-33 2.76513e-26 5.60764e-20 1.37465e-14 4.07333e-10 1.459e-06 0.000631697 0.0330618 0.209722 0.190388 0.214169 0.206833 0.112718 0.029486 0.00288244 0.000105996 1.02342e-06 2.11454e-09 8.39322e-13 5.81591e-17 6.35292e-22 1.00794e-27 2.20003e-34 6.40104e-42
 1.06155e-41 1.47336e-33 2.47187e-26 5.01289e-20 1.22885e-14 3.64131e-10 1.30426e-06 0.0005647 0.0295559 0.187693 0.177777 0.220726 0.2175 0.130492 0.0327695 0.00284139 7.7921e-05 5.81941e-07 9.82266e-10 3.01306e-13 1.4992e-17 1.14145e-22 1.27244e-28 1.99327e-35 4.23447e-43
 1.05189e-41 1.45996e-33 2.44938e-26 4.9673e-20 1.21768e-14 3.6082e-10 1.2924e-06 0.000559564 0.0292878 0.186156 0.180083 0.221671 0.216567 0.131279 0.0317131 0.00262037 6.1502e-05 3.49667e-07 4.28163e-10 9.83866e-14 3.72796e-18 2.11265e-23 1.69334e-29 1.86202e-36 2.7543e-44
 1.26875e-41 1.76094e-33 2.95433e-26 5.99133e-20 1.4687e-14 4.35204e-10 1.55883e-06 0.00067492 0.0353248 0.224242 0.204665 0.19992 0.192503 0.113218 0.0271698 0.00223006 5.0719e-05 2.6496e-07 2.74429e-10 5.02931e-14 1.504e-18 6.85166e-24 4.48939e-30 4.04511e-37 4.85705e-45
#pred catch len freq
 2.55515e-27 2.56714e-27 1.49633e-26 2.61692e-20 6.41506e-15 1.9009e-10 6.80869e-07 0.00029479 0.0154283 0.0976043 0.0751707 0.0403995 0.25469 0.235963 0.0647714 0.0889964 0.0373624 0.027475 0.0163554 0.0120742 0.0092303 0.00780024 0.00765699 0.00669386 0.00203278
 2.55876e-27 2.57702e-27 2.36305e-26 4.4453e-20 1.08971e-14 3.22901e-10 1.15658e-06 0.000500754 0.0262077 0.165797 0.127209 0.0383282 0.202371 0.18841 0.0699699 0.112378 0.037569 0.014686 0.00637937 0.00351987 0.00217863 0.00156737 0.00135555 0.00117922 0.000391629
 2.56145e-27 2.58357e-27 2.86713e-26 5.50842e-20 1.35032e-14 4.00125e-10 1.43318e-06 0.000620512 0.0324754 0.205449 0.157565 0.0433108 0.21896 0.202298 0.0467277 0.0558809 0.0205576 0.0108356 0.00336681 0.000996983 0.000406429 0.000220736 0.000156699 0.000127173 4.36147e-05
 2.55989e-27 2.57916e-27 2.46101e-26 4.65161e-20 1.14029e-14 3.37887e-10 1.21026e-06 0.000523995 0.027424 0.173492 0.133202 0.0457027 0.254281 0.234759 0.0501506 0.0553234 0.0174331 0.00516669 0.00176777 0.000575999 0.000124185 3.7059e-05 1.83472e-05 1.26756e-05 4.28632e-06
 2.55997e-27 2.57958e-27 2.51515e-26 4.76588e-20 1.1683e-14 3.46188e-10 1.23999e-06 0.000536866 0.0280977 0.177754 0.13643 0.0440353 0.239324 0.22134 0.0547229 0.0691123 0.0213419 0.00547116 0.00143563 0.000307457 7.23938e-05 1.28139e-05 2.9295e-06 1.41953e-06 4.46875e-07
 2.5612e-27 2.58277e-27 2.7849e-26 5.33491e-20 1.30779e-14 3.87521e-10 1.38804e-06 0.000600966 0.0314524 0.198977 0.15264 0.0443357 0.230221 0.212659 0.0480982 0.0562134 0.0178129 0.00533649 0.00137083 0.000237133 3.64085e-05 5.49791e-06 6.90952e-07 1.45602e-07 3.75742e-08
 2.56126e-27 2.58286e-27 2.78425e-26 5.33351e-20 1.30745e-14 3.87419e-10 1.38767e-06 0.000600809 0.0314442 0.198925 0.152611 0.0450303 0.235528 0.21741 0.0463011 0.0508901 0.0157587 0.00415559 0.00109789 0.000214099 2.9258e-05 2.97323e-06 2.6056e-07 2.25065e-08 3.2135e-09
 2.56139e-27 2.58328e-27 2.82819e-26 5.42622e-20 1.33017e-14 3.94154e-10 1.41179e-06 0.000611252 0.0319907 0.202383 0.15524 0.0443284 0.228339 0.210914 0.0476608 0.0556243 0.0171629 0.00439547 0.00111695 0.00019962 2.93201e-05 2.91702e-06 1.75964e-07 8.21706e-09 4.34097e-10
 2.56257e-27 2.5864e-27 3.09927e-26 5.99806e-20 1.47035e-14 4.35692e-10 1.56057e-06 0.000675669 0.0353621 0.223711 0.171521 0.0440097 0.214474 0.197996 0.0431118 0.0485108 0.0151516 0.00419433 0.00106866 0.000184062 2.5174e-05 2.49396e-06 1.4942e-07 4.74944e-09 1.02366e-10
 2.56455e-27 2.59167e-27 3.55161e-26 6.95227e-20 1.70426e-14 5.05004e-10 1.80884e-06 0.000783158 0.0409877 0.2593 0.198692 0.0437814 0.193647 0.178519 0.0350022 0.0349006 0.0107544 0.00276767 0.000712857 0.000130675 1.76528e-05 1.64493e-06 9.51977e-08 2.90603e-09 3.95692e-11
 2.56326e-27 2.58797e-27 3.20797e-26 6.22727e-20 1.52654e-14 4.52341e-10 1.62021e-06 0.000701489 0.0367134 0.23226 0.178084 0.0462069 0.226584 0.208599 0.0346471 0.0264925 0.00781091 0.00147877 0.000351932 5.98914e-05 8.3311e-06 7.94538e-07 4.37318e-08 1.27533e-09 1.59291e-11
 2.56415e-27 2.59046e-27 3.43283e-26 6.70165e-20 1.64283e-14 4.86799e-10 1.74363e-06 0.000754927 0.0395101 0.249952 0.191576 0.0450919 0.208619 0.19214 0.0338884 0.0288871 0.00825298 0.00107701 0.000216552 2.77236e-05 3.44146e-06 3.20471e-07 1.81306e-08 5.10549e-10 6.05356e-12
 2.56541e-27 2.5938e-27 3.72147e-26 7.31052e-20 1.79209e-14 5.31027e-10 1.90205e-06 0.000823515 0.0430998 0.272662 0.208912 0.0448595 0.194671 0.179111 0.0287143 0.020376 0.00581865 0.000785872 0.000150435 1.34279e-05 1.24949e-06 9.2032e-08 4.88862e-09 1.39381e-10 1.61329e-12
 2.56316e-27 2.5876e-27 3.16479e-26 6.13614e-20 1.5042e-14 4.45722e-10 1.5965e-06 0.000691223 0.0361761 0.228861 0.175504 0.0471683 0.235713 0.216837 0.0327217 0.0200118 0.00560536 0.000594959 0.000104423 9.4004e-06 7.42758e-07 3.6841e-08 1.45287e-09 3.69761e-11 4.25521e-13
 2.56131e-27 2.58269e-27 2.74175e-26 5.24374e-20 1.28544e-14 3.80899e-10 1.36432e-06 0.000590696 0.0309149 0.195577 0.150093 0.0474451 0.255673 0.235507 0.0405876 0.0332324 0.00931446 0.000904162 0.000148027 1.08365e-05 7.80217e-07 3.58056e-08 9.97816e-10 1.76284e-11 1.73237e-13
 2.56259e-27 2.58626e-27 3.06713e-26 5.93018e-20 1.45371e-14 4.30761e-10 1.54291e-06 0.000668022 0.0349619 0.221179 0.169615 0.045726 0.228875 0.21095 0.039362 0.0366265 0.0104566 0.00132201 0.000239538 1.61094e-05 1.01831e-06 3.84363e-08 9.70994e-10 1.29155e-11 8.59748e-14
 2.56353e-27 2.58873e-27 3.27697e-26 6.37284e-20 1.56222e-14 4.62915e-10 1.65808e-06 0.000717887 0.0375716 0.237689 0.182223 0.0458257 0.220775 0.203291 0.0346575 0.0278389 0.00800906 0.00115492 0.000224498 1.89949e-05 1.31813e-06 4.43274e-08 9.31292e-10 1.0565e-11 5.50008e-14
 2.56396e-27 2.58988e-27 3.37647e-26 6.58272e-20 1.61368e-14 4.78161e-10 1.71269e-06 0.00074153 0.038809 0.245517 0.188199 0.0457148 0.215733 0.198594 0.033041 0.0253319 0.0072105 0.000914743 0.000173883 1.67132e-05 1.32751e-06 5.51611e-08 1.14536e-09 1.09624e-11 4.73368e-14
 2.56457e-27 2.59149e-27 3.51435e-26 6.87357e-20 1.68497e-14 4.99288e-10 1.78836e-06 0.000774293 0.0405237 0.256365 0.196482 0.0457161 0.209923 0.193133 0.0302472 0.0203371 0.0057281 0.000643992 0.000114858 9.79354e-06 7.80764e-07 3.75962e-08 9.40146e-10 9.87333e-12 3.77975e-14
 2.56426e-27 2.59058e-27 3.42779e-26 6.69095e-20 1.64021e-14 4.86022e-10 1.74085e-06 0.000753722 0.0394471 0.249554 0.191293 0.046469 0.219298 0.201666 0.0296288 0.016778 0.00464141 0.000402882 6.22006e-05 4.64514e-06 3.3063e-07 1.46141e-08 3.99667e-10 4.99983e-12 2.18624e-14
 2.5658e-27 2.59484e-27 3.81262e-26 7.5028e-20 1.83922e-14 5.44994e-10 1.95208e-06 0.000845175 0.0442334 0.279833 0.214385 0.0446365 0.189128 0.17399 0.0277002 0.0193436 0.00537144 0.000458469 6.85047e-05 4.13829e-06 2.45343e-07 9.32314e-09 2.28572e-10 2.92506e-12 1.48493e-14
 2.56603e-27 2.59541e-27 3.85688e-26 7.59615e-20 1.8621e-14 5.51775e-10 1.97636e-06 0.00085569 0.0447837 0.283315 0.21705 0.0450661 0.190525 0.175138 0.0253404 0.0136824 0.00380471 0.000373726 6.0237e-05 3.56265e-06 1.93756e-07 5.78743e-09 1.17691e-10 1.31296e-12 6.51622e-15
 2.5657e-27 2.59451e-27 3.77742e-26 7.42854e-20 1.82102e-14 5.396e-10 1.93276e-06 0.000836809 0.0437956 0.277063 0.212281 0.045305 0.195694 0.17991 0.0262329 0.0145125 0.00399743 0.00031972 4.62892e-05 3.087e-06 1.82017e-07 5.19092e-09 8.85269e-11 7.79503e-13 3.291e-15
 2.56677e-27 2.59742e-27 4.03702e-26 7.97618e-20 1.95526e-14 5.7938e-10 2.07524e-06 0.0008985 0.0470242 0.297489 0.227862 0.0443542 0.177512 0.163171 0.0239849 0.0136014 0.00375096 0.000303942 4.36226e-05 2.43728e-06 1.3075e-07 4.20155e-09 7.33765e-11 5.70078e-13 1.9111e-15
 2.56694e-27 2.59784e-27 4.06983e-26 8.04538e-20 1.97223e-14 5.84406e-10 2.09324e-06 0.000906295 0.0474322 0.300069 0.229837 0.0446286 0.178212 0.163725 0.0224016 0.00985605 0.00269297 0.000206956 2.86274e-05 1.59696e-06 8.12061e-08 2.18581e-09 3.83163e-11 3.20818e-13 1.0048e-15
 2.56572e-27 2.59451e-27 3.77138e-26 7.41577e-20 1.81789e-14 5.38672e-10 1.92943e-06 0.000835371 0.0437203 0.276587 0.211925 0.0457845 0.199594 0.183395 0.024796 0.0103622 0.00280398 0.000174286 1.98423e-05 1.04477e-06 5.06749e-08 1.33212e-09 2.07429e-11 1.57876e-13 5.20796e-16
 2.56515e-27 2.59298e-27 3.63957e-26 7.13772e-20 1.74973e-14 5.18475e-10 1.85709e-06 0.00080405 0.0420811 0.266217 0.204008 0.045923 0.206209 0.189566 0.0270851 0.0140232 0.00381813 0.000236051 2.63606e-05 1.16368e-06 4.54087e-08 1.10745e-09 1.65736e-11 1.16835e-13 3.43489e-16
 2.56494e-27 2.59244e-27 3.59558e-26 7.04493e-20 1.72698e-14 5.11735e-10 1.83295e-06 0.000793597 0.041534 0.262756 0.201362 0.0457305 0.206603 0.190009 0.0286105 0.0173877 0.0047914 0.000367224 4.98101e-05 2.2183e-06 8.32766e-08 1.63402e-09 2.06063e-11 1.35755e-13 3.75677e-16
#obs catch len freq
 5.0337e-42 6.98645e-34 1.17212e-26 2.37704e-20 5.82703e-15 1.72666e-10 6.1846e-07 0.000267772 0.0140141 0.0886586 0.0684248 0.0399781 0.219042 0.186895 0.143452 0.142913 0.0638976 0.0256602 0.00597562 0.000777479 4.18294e-05 6.69241e-07 2.3758e-09 1.52142e-12 1.54063e-16
 5.74434e-42 7.97277e-34 1.3376e-26 2.71262e-20 6.64967e-15 1.97042e-10 7.05772e-07 0.000305575 0.0159926 0.101175 0.0780936 0.0437472 0.223502 0.181808 0.143034 0.130818 0.0561475 0.0205613 0.00431138 0.000481739 2.10287e-05 2.58705e-07 6.80051e-10 3.15201e-13 2.27982e-17
 1.08017e-41 1.4992e-33 2.51522e-26 5.10081e-20 1.2504e-14 3.70518e-10 1.32713e-06 0.000574603 0.0300724 0.190248 0.146155 0.0451958 0.181754 0.140922 0.113937 0.0956636 0.0396496 0.0131472 0.00244107 0.00023073 8.08862e-06 7.60832e-08 1.47674e-10 4.94818e-14 2.5562e-18
 1.11132e-41 1.54244e-33 2.58777e-26 5.24794e-20 1.28647e-14 3.81205e-10 1.36541e-06 0.000591177 0.0309398 0.195737 0.15069 0.0584119 0.238097 0.164461 0.0771608 0.0546391 0.0216558 0.00647533 0.00105541 8.29122e-05 2.30043e-06 1.64202e-08 2.34633e-11 5.6784e-15 2.09487e-19
 7.83924e-42 1.08803e-33 1.8254e-26 3.70188e-20 9.07473e-15 2.68901e-10 9.63159e-07 0.000417014 0.0218249 0.138074 0.106921 0.0647048 0.27338 0.184385 0.116937 0.0717219 0.0170947 0.00394634 0.000556165 3.59332e-05 7.7776e-07 4.16757e-09 4.36171e-12 7.61103e-16 2.00474e-20
 1.25791e-41 1.74589e-33 2.9291e-26 5.94015e-20 1.45616e-14 4.31486e-10 1.54551e-06 0.000669154 0.0350209 0.221555 0.170399 0.0529008 0.172533 0.122247 0.125235 0.0755953 0.0201173 0.00341511 0.000296049 1.45695e-05 2.42901e-07 9.67494e-10 7.3603e-13 9.2213e-17 1.73112e-21
 1.03919e-41 1.44232e-33 2.41979e-26 4.90729e-20 1.20296e-14 3.5646e-10 1.27678e-06 0.000552803 0.0289315 0.183035 0.141683 0.0736535 0.259855 0.153348 0.0858946 0.0508458 0.018685 0.00327692 0.000231589 6.93178e-06 7.79002e-08 2.25216e-10 1.23669e-13 1.10652e-17 1.47478e-22
 1.27982e-41 1.7763e-33 2.98011e-26 6.0436e-20 1.48152e-14 4.39001e-10 1.57243e-06 0.000680808 0.0356308 0.225416 0.17386 0.0644196 0.19243 0.123746 0.115871 0.0540313 0.0116746 0.00207278 0.000161497 3.91111e-06 2.74189e-08 4.99265e-11 1.87911e-14 1.18566e-18 1.1166e-23
 1.14912e-41 1.5949e-33 2.67578e-26 5.42642e-20 1.33022e-14 3.94169e-10 1.41185e-06 0.000611282 0.0319921 0.2024 0.156951 0.0798198 0.239257 0.134236 0.0943835 0.0458479 0.0128151 0.00159068 9.2831e-05 2.17101e-06 1.24291e-08 1.48568e-11 3.45968e-15 1.41616e-19 9.0769e-25
 1.51362e-41 2.1008e-33 3.52453e-26 7.14768e-20 1.75217e-14 5.192e-10 1.85969e-06 0.000805181 0.04214 0.266597 0.2057 0.0695939 0.171266 0.103736 0.0937083 0.0373121 0.0080512 0.00103463 5.18518e-05 8.581e-07 4.0409e-09 3.90501e-12 6.43431e-16 1.69816e-20 6.90311e-26
 1.55319e-41 2.15572e-33 3.61667e-26 7.33454e-20 1.79798e-14 5.32773e-10 1.90831e-06 0.000826231 0.0432416 0.27357 0.211713 0.083179 0.197074 0.0984083 0.0615524 0.0243059 0.00555287 0.000551188 2.30806e-05 3.20032e-07 1.08474e-09 7.74172e-13 9.86006e-17 1.94576e-21 5.53715e-27
 1.1521e-41 1.59903e-33 2.68271e-26 5.44048e-20 1.33367e-14 3.95191e-10 1.41551e-06 0.000612867 0.032075 0.202935 0.159036 0.103951 0.254045 0.129218 0.0870917 0.0263557 0.00427206 0.000391761 1.36922e-05 1.45431e-07 3.84663e-10 2.01075e-13 1.81168e-17 2.58913e-22 5.45166e-28
 1.72252e-41 2.39074e-33 4.01097e-26 8.13416e-20 1.99399e-14 5.90857e-10 2.11635e-06 0.000916308 0.0479559 0.303397 0.234514 0.0747276 0.14022 0.0904699 0.0806583 0.0234305 0.00347785 0.000224458 5.90061e-06 5.0087e-08 9.90583e-11 3.82649e-14 2.5237e-18 2.56865e-23 3.79887e-29
 1.39516e-41 1.9364e-33 3.24871e-26 6.58831e-20 1.61505e-14 4.78568e-10 1.71415e-06 0.000742169 0.0388422 0.245758 0.193048 0.116606 0.234686 0.0988257 0.0513733 0.0169622 0.00297871 0.000172435 3.36088e-06 1.97286e-08 2.86571e-11 8.14544e-15 3.8766e-19 2.83604e-24 3.00592e-30
 1.18481e-41 1.64444e-33 2.75888e-26 5.59496e-20 1.37154e-14 4.06412e-10 1.4557e-06 0.000630268 0.0329858 0.208717 0.165469 0.118384 0.228089 0.132291 0.0918505 0.019222 0.0022226 0.000135478 2.52584e-06 1.13313e-08 1.12639e-11 2.20501e-15 7.45429e-20 3.89993e-25 2.9416e-31
 9.48226e-42 1.31607e-33 2.20799e-26 4.47776e-20 1.09767e-14 3.25259e-10 1.16503e-06 0.000504416 0.0263992 0.167065 0.135225 0.131944 0.244113 0.154355 0.109358 0.0276508 0.00325886 0.00012457 1.80248e-06 7.2776e-09 5.78655e-12 8.04255e-16 1.84432e-20 6.58192e-26 3.45152e-32
 1.50527e-41 2.08921e-33 3.50508e-26 7.10823e-20 1.7425e-14 5.16335e-10 1.84943e-06 0.000800738 0.0419075 0.265164 0.208259 0.0989771 0.153529 0.120059 0.0864204 0.022059 0.00271382 0.000106838 1.17071e-06 3.22996e-09 2.00704e-12 2.23831e-16 3.8708e-21 9.79106e-27 3.52082e-33
 1.05191e-41 1.45999e-33 2.44943e-26 4.9674e-20 1.2177e-14 3.60827e-10 1.29242e-06 0.000559574 0.029286 0.185381 0.153638 0.170419 0.261426 0.117664 0.0621395 0.0172847 0.00211996 8.16616e-05 8.54662e-07 1.93285e-09 8.39848e-13 6.54683e-17 8.41688e-22 1.61957e-27 4.35258e-34
 1.5312e-41 2.1252e-33 3.56546e-26 7.23068e-20 1.77252e-14 5.25229e-10 1.88129e-06 0.000814532 0.0426294 0.269763 0.213954 0.11141 0.153428 0.126687 0.0689106 0.0112892 0.00107177 3.99441e-05 3.869e-07 7.80135e-10 2.8224e-13 1.65402e-17 1.48635e-22 1.97906e-28 3.77735e-35
 1.08834e-41 1.51055e-33 2.53426e-26 5.13943e-20 1.25987e-14 3.73322e-10 1.33718e-06 0.000578953 0.0303003 0.191872 0.163026 0.190843 0.247631 0.111172 0.0519763 0.0116682 0.000909709 2.19406e-05 1.71775e-07 2.99888e-10 9.16473e-14 4.39679e-18 3.10151e-23 3.08089e-29 4.19608e-36
 1.38609e-41 1.9238e-33 3.22758e-26 6.54546e-20 1.60454e-14 4.75455e-10 1.703e-06 0.000737342 0.0385898 0.244279 0.198819 0.136293 0.173065 0.139961 0.0595225 0.00813564 0.000582163 1.34122e-05 7.37615e-08 9.08026e-11 2.16595e-14 8.34354e-19 4.68368e-24 3.64431e-30 3.81632e-37
 1.50773e-41 2.09263e-33 3.51081e-26 7.11986e-20 1.74535e-14 5.17179e-10 1.85245e-06 0.000802047 0.0419763 0.265774 0.219205 0.161229 0.173694 0.091178 0.0388116 0.00693496 0.000387526 6.41379e-06 2.97634e-08 2.8029e-11 4.62263e-15 1.25662e-19 5.23445e-25 3.10304e-31 2.48819e-38
 1.21607e-41 1.68782e-33 2.83167e-26 5.74257e-20 1.40772e-14 4.17134e-10 1.49411e-06 0.000646897 0.0338567 0.214536 0.186936 0.200026 0.211437 0.111166 0.0363301 0.00478796 0.000270815 4.15993e-06 1.4125e-08 9.88625e-12 1.24726e-15 2.46998e-20 7.16527e-26 2.94879e-32 1.67723e-39
 1.47379e-41 2.04552e-33 3.43178e-26 6.95959e-20 1.70606e-14 5.05537e-10 1.81075e-06 0.000783993 0.0410317 0.259907 0.218195 0.161493 0.167965 0.112186 0.0345487 0.00373443 0.000151283 1.8798e-06 5.57153e-09 3.04485e-12 2.76491e-16 3.95856e-21 8.42211e-27 2.51529e-33 1.01471e-40
 1.4535e-41 2.01736e-33 3.38454e-26 6.86378e-20 1.68258e-14 4.98578e-10 1.78583e-06 0.000773201 0.0404674 0.256507 0.22274 0.194044 0.173336 0.0843491 0.0248853 0.00280031 9.46039e-05 8.44976e-07 1.8193e-09 7.79506e-13 5.5828e-17 5.99237e-22 9.15945e-28 1.94277e-34 5.5999e-42
 1.28483e-41 1.78326e-33 2.99179e-26 6.06729e-20 1.48732e-14 4.40721e-10 1.57859e-06 0.000683476 0.0357722 0.226995 0.206675 0.215124 0.19276 0.0976012 0.0224221 0.0019083 5.79866e-05 4.44926e-07 7.10389e-10 2.13013e-13 1.09455e-17 8.7565e-23 1.00992e-28 1.595e-35 3.34617e-43
 1.15839e-41 1.60776e-33 2.69735e-26 5.47018e-20 1.34095e-14 3.97348e-10 1.42324e-06 0.000616213 0.0322526 0.204916 0.194586 0.222739 0.205172 0.113007 0.0248271 0.00184073 4.15173e-05 2.46542e-07 3.1951e-10 7.36302e-14 2.71259e-18 1.51201e-23 1.22349e-29 1.38322e-36 2.1131e-44
 1.14915e-41 1.59494e-33 2.67584e-26 5.42656e-20 1.33026e-14 3.94179e-10 1.41189e-06 0.000611299 0.0319953 0.203255 0.191927 0.216516 0.208566 0.118551 0.0265616 0.00197478 4.06535e-05 1.97871e-07 2.03082e-10 3.85115e-14 1.19315e-18 5.49829e-24 3.56765e-30 3.16306e-37 3.75948e-45
#spawning biomass
 16627.3 24387.1 37137.9 48033.4 61201.2 74252.2 106798 164923 182267 235317 242109 251526 321256 346051 336313 346207 357612 338609 305131 293924 412206 364817 446900 512952 432458 453005 458133 416047 399868 6281.22 6281.22 6281.22 6281.22 6281.22 6281.22 6281.22 6281.22 6281.22 6281.22 6281.22 6281.22 6281.22 6281.22 6281.22 6281.22 6281.22 6281.22 6281.22 6281.22 6281.22 6281.22 6281.22 6281.22 6281.22 6281.22 6281.22 6281.22 6281.22 6281.22 6281.22 6281.22 6281.22 6281.22 6281.22 6281.22 6281.22 6281.22 6281.22 6281.22 6281.22 6281.22 6281.22 6281.22 6281.22 6281.22 6281.22 6281.22 6281.22 6281.22 6281.22 6281.22 6281.22 6281.22 6281.22 6281.22 6281.22 6281.22 6281.22 6281.22 6281.22 6281.22 6281.22 6281.22 6281.22 6281.22 6281.22 6281.22 6281.22 6281.22 6281.22 6281.22 6281.22 6281.22 6281.22 6281.22 6281.22 6281.22 6281.22 6281.22 6281.22 6281.22 6281.22 6281.22 6281.22 6281.22 6281.22 6281.22 6281.22 6281.22 6281.22 6281.22 6281.22 6281.22 6281.22 6281.22 6281.22 6281.22 6281.22 0 0 0 0 0 0 0 0 0 0 0 0 0 0 0 0 0 0 0 0 0 0 0 0 0
