SBPRF35
0.224663
Curr Bio
37791.9
B35
174683
F35
0.327566
FOFL
0.183008
OFL
28817.1
Bzero
64189.3
#pred survey bio
 7030.15 8576.94 8932.36 8543.84 11389.1 16092 16900.4 21212.4 34488 56226.1 73708.6 96721.5 122924 167828 164368 147676 127718 129186 123022 121512 126294 140049 149611 152109 166920 177196 180334 155692 120213 7.67703e+06 4.23559e+06 3.20644e+06 2.3068e+06 1.68683e+06 1.30602e+06 1.08608e+06 963074 895219 857822 837038 825311 818561 814587 812191 810715 809793 809206 808827 808579 808416 808308 808235 808187 808154 808133 808118 808108 808101 808097 808094 808092 808090 808089 808089 808088 808088 808088 808087 808087 808087 808087 808087 808087 808087 808087 808087 808087 808087 808087 808087 808087 808087 808087 808087 808087 808087 808087 808087 808087 808087 808087 808087 808087 808087 808087 808087 808087 808087 808087 808087 808087 808087 808087 808087 808087 808087 808087 808087 808087 808087 808087 808087 808087 808087 808087 808087 808087 808087 808087 808087 808087 808087 808087 808087 808087 808087 808087 808087 808087 0 0 0 0 0 0 0 0 0 0 0 0 0 0 0 0 0 0 0 0 0 0 0 0 0
#obs survey bio
 6421.33 7456.49 7731.13 12357.9 17445.7 17900 11544.2 23958.2 53714.3 70945.8 91990.8 118626 127657 204542 126893 130533 119658 104804 138415 98550.5 142704 135393 129722 176710 182935 150543 166120 116665 139787
#pred catch bio
 3794.02 5367 5889.36 5301.73 6558.93 10365.5 10904.4 12929.8 19211.6 34446.8 46434.9 62280.5 72877.7 108382 108589 101343 82411.9 85949.6 80621.6 80263.9 81083.8 89772.1 97436.2 94100.2 102863 107976 114452 101321 1.24672 28817.1 46007 33990.5 23784.9 16935.9 12857.4 10591.7 9386.43 8762.97 8446.42 8287.71 8208.82 8169.83 8150.63 8141.21 8136.59 8134.34 8133.24 8132.7 8132.44 8132.31 8132.25 8132.22 8132.21 8132.2 8132.2 8132.19 8132.19 8132.19 8132.19 8132.19 8132.19 8132.19 8132.19 8132.19 8132.19 8132.19 8132.19 8132.19 8132.19 8132.19 8132.19 8132.19 8132.19 8132.19 8132.19 8132.19 8132.19 8132.19 8132.19 8132.19 8132.19 8132.19 8132.19 8132.19 8132.19 8132.19 8132.19 8132.19 8132.19 8132.19 8132.19 8132.19 8132.19 8132.19 8132.19 8132.19 8132.19 8132.19 8132.19 8132.19 8132.19 8132.19 8132.19 8132.19 8132.19 8132.19 8132.19 8132.19 8132.19 8132.19 8132.19 8132.19 8132.19 8132.19 8132.19 8132.19 8132.19 8132.19 8132.19 8132.19 8132.19 8132.19 8132.19 8132.19 8132.19 8132.19 8132.19 8132.19 8132.19 0 0 0 0 0 0 0 0 0 0 0 0 0 0 0 0 0 0 0 0 0 0 0 0 0
#obs catch bio
 5135.38 5396.64 5999.82 5201.35 6323.37 10250.7 10991.2 12641 18304.1 33319.2 45963.3 61358.9 71581.4 107167 110523 103807 82872.2 86205.8 80697.8 82015.9 82410.9 90492.6 99004.4 92686.5 101985 109520 115598 106829 1.14291
#pred cpue bio
 6354.09 7434.53 7767.7 7406 9697.33 13844.4 14629.2 18031.4 29069.9 48056.6 63171.1 82421.9 104712 144188 143280 128740 110604 112033 106518 105253 108632 120657 129381 131610 144923 154389 158098 137557 106676 7.20323e+06 4.19925e+06 3.1701e+06 2.27046e+06 1.65049e+06 1.26968e+06 1.04974e+06 926734 858878 821482 800698 788971 782221 778247 775851 774375 773452 772865 772486 772239 772076 771967 771895 771847 771814 771792 771778 771768 771761 771756 771753 771751 771750 771749 771748 771748 771747 771747 771747 771747 771747 771747 771747 771747 771747 771747 771747 771747 771747 771747 771747 771747 771747 771747 771747 771747 771747 771747 771747 771747 771747 771747 771747 771747 771747 771747 771747 771747 771747 771747 771747 771747 771747 771747 771747 771747 771747 771747 771747 771747 771747 771747 771747 771747 771747 771747 771747 771747 771747 771747 771747 771747 771747 771747 771747 771747 771747 771747 771747 771747 0 0 0 0 0 0 0 0 0 0 0 0 0 0 0 0 0 0 0 0 0 0 0 0 0
#obs cpue bio
 6708.58 8351.67 6078.04 8835.54 12941 12038 16298.3 28836.5 51448.6 53319.4 49104.6 91035.3 131624 142153 113754 103387 111882 139210 92165.6 81483.5 75964.5 116690 112515 174817 144028 120298 162134 183469 164017
#pred surv len freq
 2.14736e-27 2.17719e-27 7.02652e-27 1.6594e-21 9.86911e-17 1.34942e-12 4.24193e-09 3.06566e-06 0.000509354 0.019457 0.170872 0.344994 0.160484 0.0263111 0.0567396 0.0794854 0.0319441 0.0245758 0.0217306 0.014585 0.0122514 0.0106047 0.0109654 0.0102004 0.00428715
 2.14906e-27 2.18234e-27 7.62093e-27 1.86113e-21 1.10688e-16 1.51347e-12 4.7576e-09 3.43833e-06 0.000571273 0.0218223 0.191644 0.386932 0.179919 0.0275506 0.0516707 0.0720956 0.0264909 0.0132946 0.0105567 0.00562851 0.00389349 0.00274835 0.00235825 0.00199268 0.000827402
 2.14833e-27 2.18071e-27 7.45522e-27 1.80492e-21 1.07345e-16 1.46776e-12 4.61391e-09 3.33449e-06 0.00055402 0.0211632 0.185856 0.375247 0.17457 0.0289654 0.0638303 0.0891667 0.0317009 0.0125847 0.00904904 0.00349228 0.00175126 0.000914225 0.000582414 0.000408783 0.000160632
 2.14851e-27 2.18121e-27 7.51258e-27 1.82439e-21 1.08504e-16 1.48359e-12 4.66369e-09 3.37046e-06 0.000559998 0.0213915 0.187861 0.379296 0.176429 0.0286336 0.0605849 0.0846348 0.0307123 0.0141549 0.0102948 0.00340502 0.00129799 0.000446128 0.000176774 8.77684e-05 3.02827e-05
 2.14972e-27 2.1842e-27 7.82929e-27 1.93183e-21 1.14893e-16 1.57096e-12 4.93833e-09 3.56894e-06 0.000592975 0.0226512 0.198924 0.401631 0.186717 0.0276326 0.047742 0.0665159 0.0240939 0.0109782 0.00806048 0.00290014 0.00114558 0.000312756 7.36289e-05 1.98477e-05 5.07516e-06
 2.14898e-27 2.18236e-27 7.6315e-27 1.86472e-21 1.10902e-16 1.51638e-12 4.76677e-09 3.44496e-06 0.000572375 0.0218643 0.192014 0.387679 0.180302 0.028567 0.0576514 0.0804407 0.0284264 0.0107323 0.00756288 0.00270617 0.0010902 0.000313724 6.37931e-05 9.41187e-06 1.29622e-06
 2.14856e-27 2.18134e-27 7.52499e-27 1.82859e-21 1.08753e-16 1.48701e-12 4.67443e-09 3.37823e-06 0.000561287 0.0214408 0.188294 0.380169 0.176838 0.0287824 0.0612302 0.0855162 0.0306474 0.0129256 0.00920522 0.00295338 0.00105911 0.000302496 6.26797e-05 7.91496e-06 6.04071e-07
 2.14981e-27 2.18443e-27 7.85283e-27 1.93981e-21 1.15368e-16 1.57745e-12 4.95873e-09 3.58369e-06 0.000595425 0.0227448 0.199746 0.40329 0.187483 0.0276027 0.0470596 0.0655489 0.0236876 0.010614 0.00771257 0.00262905 0.000976355 0.000252008 4.79657e-05 5.91874e-06 3.79995e-07
 2.1503e-27 2.1856e-27 7.97407e-27 1.98092e-21 1.17813e-16 1.61088e-12 5.06383e-09 3.65965e-06 0.000608045 0.0232269 0.20398 0.411837 0.191429 0.027453 0.0435695 0.0605832 0.0213088 0.00772483 0.00538221 0.00190297 0.000745969 0.000202342 3.77495e-05 4.26189e-06 2.5514e-07
 2.1494e-27 2.18338e-27 7.73707e-27 1.90052e-21 1.13031e-16 1.5455e-12 4.8583e-09 3.51111e-06 0.000583365 0.0222841 0.195701 0.395122 0.183735 0.0283444 0.0540496 0.0753465 0.0264036 0.00924834 0.0062895 0.00197083 0.000685235 0.000191159 3.76867e-05 4.29933e-06 2.43186e-07
 2.14924e-27 2.18301e-27 7.70043e-27 1.8881e-21 1.12293e-16 1.5354e-12 4.82655e-09 3.48816e-06 0.000579553 0.0221385 0.194422 0.39254 0.182539 0.0282755 0.0544069 0.0758848 0.0270678 0.0110104 0.00774363 0.00237775 0.000778346 0.000192785 3.53707e-05 4.15731e-06 2.40778e-07
 2.14963e-27 2.18396e-27 7.80128e-27 1.92231e-21 1.14327e-16 1.56322e-12 4.91401e-09 3.55137e-06 0.000590054 0.0225397 0.197945 0.399653 0.185814 0.0279216 0.0501028 0.0698157 0.0248883 0.0100838 0.00715753 0.00238567 0.000855135 0.00020685 3.45572e-05 3.69376e-06 2.09927e-07
 2.14963e-27 2.18396e-27 7.80064e-27 1.92209e-21 1.14314e-16 1.56304e-12 4.91344e-09 3.55096e-06 0.000589986 0.0225371 0.197922 0.399607 0.185797 0.0280382 0.0508282 0.0708186 0.0249759 0.00926467 0.00644145 0.00214529 0.000786037 0.000205761 3.61837e-05 3.66395e-06 1.90434e-07
 2.14907e-27 2.18258e-27 7.65476e-27 1.87261e-21 1.11371e-16 1.5228e-12 4.78695e-09 3.45954e-06 0.000574798 0.0219569 0.192826 0.38932 0.181057 0.0284753 0.0565974 0.0789635 0.0280294 0.0109722 0.00767899 0.00243466 0.000843256 0.000221371 4.08312e-05 4.3885e-06 2.26717e-07
 2.14804e-27 2.18005e-27 7.38795e-27 1.7821e-21 1.05989e-16 1.4492e-12 4.55559e-09 3.29234e-06 0.000547017 0.0208957 0.183507 0.370504 0.172388 0.0292677 0.0671055 0.0937949 0.0335311 0.0138813 0.00987163 0.00322198 0.00113831 0.000285705 5.08306e-05 5.5909e-06 3.02986e-07
 2.14808e-27 2.18018e-27 7.40561e-27 1.78811e-21 1.06346e-16 1.45409e-12 4.57096e-09 3.30344e-06 0.000548862 0.0209662 0.184126 0.371754 0.172951 0.0288864 0.0644011 0.0900347 0.0329032 0.015887 0.0116888 0.00394466 0.00145539 0.000375343 6.64782e-05 7.06217e-06 3.81695e-07
 2.14857e-27 2.18137e-27 7.53078e-27 1.83057e-21 1.08871e-16 1.48861e-12 4.67948e-09 3.38187e-06 0.000561893 0.0214639 0.188497 0.38058 0.17702 0.0285692 0.0598047 0.0835305 0.0302522 0.0137717 0.010151 0.00376173 0.00153343 0.000414285 7.648e-05 8.22522e-06 4.36958e-07
 2.14845e-27 2.18109e-27 7.49958e-27 1.81998e-21 1.08241e-16 1.48001e-12 4.65242e-09 3.36231e-06 0.000558644 0.0213398 0.187407 0.378379 0.176009 0.0287431 0.0615296 0.0859522 0.0309804 0.0136342 0.00993288 0.00355824 0.00144711 0.000428746 8.67923e-05 9.82363e-06 5.34866e-07
 2.14857e-27 2.18137e-27 7.52907e-27 1.82998e-21 1.08836e-16 1.48814e-12 4.67799e-09 3.3808e-06 0.000561715 0.0214571 0.188437 0.380458 0.176967 0.0286465 0.0603131 0.0842385 0.0303908 0.0134606 0.00979158 0.00343288 0.00135407 0.000393249 8.29516e-05 1.02812e-05 5.9927e-07
 2.14853e-27 2.18129e-27 7.5204e-27 1.82704e-21 1.08661e-16 1.48575e-12 4.67047e-09 3.37536e-06 0.000560811 0.0214226 0.188134 0.379847 0.176686 0.028692 0.0607752 0.0848871 0.0305834 0.0134167 0.00974622 0.00342796 0.00134746 0.000381614 7.84569e-05 9.89829e-06 6.16215e-07
 2.14903e-27 2.1825e-27 7.64884e-27 1.87061e-21 1.11252e-16 1.52118e-12 4.78184e-09 3.45585e-06 0.000574185 0.0219335 0.192621 0.388904 0.180858 0.0282769 0.055511 0.0774634 0.0279163 0.0122698 0.00890959 0.00311606 0.00121915 0.000344919 6.98801e-05 8.61882e-06 5.38791e-07
 2.1489e-27 2.18217e-27 7.61291e-27 1.85842e-21 1.10527e-16 1.51126e-12 4.75067e-09 3.43333e-06 0.000570442 0.0217905 0.191365 0.386369 0.179694 0.0285089 0.0576916 0.0805189 0.0287477 0.0117904 0.00844101 0.00295404 0.00115493 0.000325068 6.55237e-05 7.99807e-06 4.91672e-07
 2.14864e-27 2.18153e-27 7.54544e-27 1.83553e-21 1.09166e-16 1.49265e-12 4.69217e-09 3.39105e-06 0.000563417 0.0215222 0.189009 0.381612 0.177502 0.0286877 0.0602169 0.0840895 0.0301615 0.0128053 0.00918563 0.00308682 0.00115788 0.000324312 6.51683e-05 7.90722e-06 4.81701e-07
 2.14861e-27 2.18147e-27 7.5397e-27 1.83359e-21 1.09051e-16 1.49107e-12 4.6872e-09 3.38746e-06 0.000562821 0.0214994 0.188809 0.381208 0.177313 0.0286424 0.0600625 0.0838818 0.0302219 0.0132575 0.00959832 0.00328819 0.00124345 0.000335356 6.52669e-05 7.85685e-06 4.76049e-07
 2.14837e-27 2.18089e-27 7.47878e-27 1.81293e-21 1.07822e-16 1.47427e-12 4.63438e-09 3.34928e-06 0.000556478 0.0212571 0.186681 0.376912 0.175332 0.0287753 0.0621686 0.0868617 0.0314227 0.0141851 0.0103542 0.00361907 0.0014037 0.000384484 7.40019e-05 8.61633e-06 5.12244e-07
 2.14812e-27 2.18029e-27 7.41623e-27 1.79171e-21 1.0656e-16 1.45702e-12 4.58016e-09 3.31009e-06 0.000549967 0.0210084 0.184497 0.372502 0.173297 0.0288883 0.0641875 0.0897226 0.0326364 0.0152928 0.0112676 0.0040099 0.00159181 0.000446593 8.79756e-05 1.02529e-05 5.96255e-07
 2.14766e-27 2.17917e-27 7.29938e-27 1.75208e-21 1.04203e-16 1.42479e-12 4.47885e-09 3.23688e-06 0.000537803 0.0205437 0.180416 0.364263 0.169498 0.0291493 0.068264 0.0954892 0.034946 0.0170367 0.0126822 0.00462099 0.00188501 0.000541149 0.000109615 1.30899e-05 7.6814e-07
 2.14706e-27 2.17769e-27 7.14512e-27 1.69976e-21 1.01091e-16 1.38225e-12 4.34511e-09 3.14022e-06 0.000521743 0.0199302 0.175028 0.353386 0.164483 0.0294931 0.073641 0.103095 0.0379898 0.0193277 0.0145442 0.0054373 0.00228537 0.000674793 0.000140971 1.73236e-05 1.04232e-06
 2.14672e-27 2.17688e-27 7.06247e-27 1.67174e-21 9.94249e-17 1.35946e-12 4.27347e-09 3.08845e-06 0.000513141 0.0196017 0.172143 0.34756 0.16179 0.0295244 0.075588 0.105877 0.0394651 0.021465 0.0163919 0.0063042 0.00273558 0.000833153 0.000180283 2.29002e-05 1.41965e-06
#obs surv len freq
 1.23504e-39 6.04467e-33 6.80156e-27 1.7595e-21 1.04644e-16 1.43082e-12 4.49779e-09 3.25056e-06 0.000540085 0.0206306 0.181178 0.365803 0.170215 0.0292774 0.0685821 0.0959073 0.034687 0.0156337 0.0114111 0.00400068 0.00157381 0.000451246 9.35165e-05 1.19049e-05 7.7792e-07
 1.31501e-39 6.43605e-33 7.24195e-27 1.87342e-21 1.1142e-16 1.52346e-12 4.78901e-09 3.46103e-06 0.000575055 0.0219664 0.192909 0.389487 0.181126 0.0282339 0.0550739 0.0768505 0.0277422 0.0123393 0.00896975 0.00310725 0.00120161 0.000337784 6.8593e-05 8.53722e-06 5.40383e-07
 1.16035e-39 5.67913e-33 6.39024e-27 1.6531e-21 9.83158e-17 1.34429e-12 4.22579e-09 3.05399e-06 0.000507424 0.019383 0.170221 0.343682 0.160046 0.030817 0.0846478 0.118476 0.0416206 0.0149184 0.0103228 0.00354192 0.00135324 0.000374571 7.44186e-05 9.05214e-06 5.5964e-07
 1.34563e-39 6.58591e-33 7.41057e-27 1.91704e-21 1.14014e-16 1.55893e-12 4.90052e-09 3.54162e-06 0.000588444 0.0224778 0.1974 0.398555 0.185292 0.027542 0.0481173 0.0670952 0.024994 0.013523 0.0100128 0.00305328 0.0010126 0.000272458 5.32058e-05 6.33575e-06 3.82692e-07
 1.39305e-39 6.81803e-33 7.67176e-27 1.98461e-21 1.18032e-16 1.61388e-12 5.07324e-09 3.66644e-06 0.000609185 0.0232701 0.204358 0.412602 0.191786 0.0275328 0.0438269 0.0609243 0.0211293 0.00670341 0.00456208 0.00175892 0.000721466 0.000177115 3.08441e-05 3.53928e-06 2.09244e-07
 1.26143e-39 6.17382e-33 6.94688e-27 1.79709e-21 1.0688e-16 1.46139e-12 4.59389e-09 3.32001e-06 0.000551625 0.0210714 0.185049 0.373618 0.173844 0.0296988 0.0687992 0.0960876 0.0330593 0.00960153 0.00611489 0.00175178 0.000552971 0.000161533 3.14537e-05 3.32479e-06 1.82838e-07
 1.27582e-39 6.24428e-33 7.02616e-27 1.8176e-21 1.081e-16 1.47807e-12 4.64631e-09 3.3579e-06 0.00055792 0.0213118 0.18716 0.377882 0.175786 0.0289176 0.0627453 0.0876574 0.0314919 0.0135107 0.00949094 0.00259875 0.000701175 0.000154907 2.67733e-05 3.13889e-06 1.74141e-07
 1.42161e-39 6.95777e-33 7.829e-27 2.02529e-21 1.20451e-16 1.64696e-12 5.17722e-09 3.74159e-06 0.00062167 0.023747 0.208546 0.421058 0.195673 0.0269286 0.0375898 0.0521702 0.0185545 0.00738184 0.00522211 0.00174531 0.000609155 0.000129199 1.78256e-05 1.70437e-06 9.31824e-08
 1.41682e-39 6.93435e-33 7.80264e-27 2.01847e-21 1.20046e-16 1.64141e-12 5.15979e-09 3.72899e-06 0.000619577 0.023667 0.207844 0.419641 0.195034 0.0273705 0.0407147 0.0565122 0.0192364 0.00491435 0.00302692 0.000970527 0.000341683 8.76418e-05 1.42396e-05 1.22658e-06 5.46695e-08
 1.34674e-39 6.59134e-33 7.41668e-27 1.91862e-21 1.14108e-16 1.56022e-12 4.90456e-09 3.54453e-06 0.000588929 0.0224963 0.197563 0.398884 0.185479 0.0284633 0.0536423 0.0747256 0.0255529 0.00690526 0.00424534 0.00109707 0.000275035 6.59395e-05 1.15904e-05 1.17038e-06 5.36346e-08
 1.32487e-39 6.48431e-33 7.29625e-27 1.88747e-21 1.12255e-16 1.53488e-12 4.82492e-09 3.48698e-06 0.000579367 0.0221311 0.194355 0.392407 0.182488 0.0285661 0.056222 0.0783999 0.0273714 0.00924905 0.0061197 0.00161778 0.000401395 7.68565e-05 1.03151e-05 1.01437e-06 5.1498e-08
 1.36559e-39 6.68363e-33 7.52052e-27 1.94549e-21 1.15705e-16 1.58206e-12 4.97323e-09 3.59416e-06 0.000597175 0.0228113 0.200329 0.404469 0.188039 0.0278928 0.0484763 0.0674929 0.0236659 0.00833343 0.0056365 0.00165463 0.000488766 9.68765e-05 1.18211e-05 9.14053e-07 4.01124e-08
 1.33304e-39 6.52433e-33 7.34128e-27 1.89912e-21 1.12948e-16 1.54436e-12 4.8547e-09 3.5085e-06 0.000582942 0.0222676 0.195554 0.394829 0.183606 0.0285019 0.0551002 0.076805 0.026615 0.00835577 0.00548594 0.00164684 0.000514793 0.00011439 1.59837e-05 1.22639e-06 4.59412e-08
 1.29101e-39 6.31862e-33 7.10981e-27 1.83924e-21 1.09387e-16 1.49566e-12 4.70163e-09 3.39788e-06 0.000564562 0.0215655 0.189389 0.382381 0.17787 0.0290135 0.0619749 0.0865141 0.0303042 0.0105665 0.00710078 0.00201553 0.000583805 0.000132449 2.01361e-05 1.74125e-06 6.95688e-08
 1.1657e-39 5.70528e-33 6.41967e-27 1.66071e-21 9.87686e-17 1.35048e-12 4.24525e-09 3.06805e-06 0.000509761 0.0194722 0.171005 0.345265 0.160771 0.0306212 0.0829758 0.11615 0.0412301 0.0161341 0.0112177 0.00335337 0.00103211 0.000224032 3.25886e-05 2.94354e-06 1.29214e-07
 1.26619e-39 6.19712e-33 6.9731e-27 1.80387e-21 1.07283e-16 1.4669e-12 4.61122e-09 3.33254e-06 0.000553706 0.0211509 0.185747 0.375028 0.174454 0.0285905 0.0616087 0.0861271 0.0319142 0.0167588 0.0124183 0.00395454 0.00133355 0.000306928 4.59211e-05 4.01922e-06 1.76614e-07
 1.23316e-39 6.03547e-33 6.7912e-27 1.75682e-21 1.04485e-16 1.42864e-12 4.49094e-09 3.24561e-06 0.000539263 0.0205991 0.180902 0.365246 0.169968 0.029536 0.0703289 0.0983266 0.0349518 0.0138578 0.0099631 0.00377755 0.0015436 0.000388375 6.35413e-05 5.84846e-06 2.57953e-07
 1.27742e-39 6.25206e-33 7.03492e-27 1.81987e-21 1.08234e-16 1.47991e-12 4.65211e-09 3.36209e-06 0.000558616 0.0213384 0.187394 0.378353 0.175998 0.0287517 0.0615907 0.0860441 0.0311005 0.0139482 0.0100609 0.00324431 0.00118845 0.000350423 6.83724e-05 6.98675e-06 3.30209e-07
 1.2452e-39 6.09437e-33 6.85748e-27 1.77397e-21 1.05504e-16 1.44258e-12 4.53477e-09 3.27729e-06 0.000544526 0.0208002 0.182667 0.36881 0.171611 0.0294054 0.0684572 0.0956876 0.0340193 0.0134946 0.00957284 0.00329609 0.00123808 0.000322404 6.24951e-05 7.44772e-06 4.02686e-07
 1.26203e-39 6.17677e-33 6.9502e-27 1.79795e-21 1.06931e-16 1.46209e-12 4.59608e-09 3.3216e-06 0.000551888 0.0210814 0.185137 0.373797 0.173901 0.0290152 0.0645724 0.0902407 0.0324962 0.0141959 0.0101871 0.00327728 0.0011635 0.00031386 5.90784e-05 6.72919e-06 3.92378e-07
 1.28013e-39 6.26533e-33 7.04985e-27 1.82373e-21 1.08464e-16 1.48305e-12 4.66198e-09 3.36922e-06 0.000559801 0.0213837 0.187791 0.379156 0.176372 0.0288406 0.0618912 0.0864439 0.0309152 0.0128408 0.00918259 0.00311437 0.0011504 0.000294379 5.37492e-05 6.08192e-06 3.45472e-07
 1.26224e-39 6.17778e-33 6.95134e-27 1.79825e-21 1.06948e-16 1.46233e-12 4.59683e-09 3.32214e-06 0.000551979 0.0210849 0.185167 0.373858 0.173935 0.0291592 0.0654329 0.0914271 0.0325546 0.0130679 0.00924221 0.00304963 0.00110997 0.000295786 5.43968e-05 5.9343e-06 3.302e-07
 1.25905e-39 6.16218e-33 6.93379e-27 1.79371e-21 1.06678e-16 1.45863e-12 4.58523e-09 3.31375e-06 0.000550585 0.0210316 0.1847 0.372914 0.173496 0.029103 0.0653742 0.0913631 0.0327865 0.0139665 0.00998034 0.00323039 0.00114158 0.000297226 5.49051e-05 6.10036e-06 3.34572e-07
 1.26506e-39 6.1916e-33 6.96689e-27 1.80227e-21 1.07188e-16 1.4656e-12 4.60712e-09 3.32957e-06 0.000553213 0.021132 0.185582 0.374694 0.174316 0.0290163 0.0643084 0.0898588 0.0322268 0.0136694 0.00980028 0.00327806 0.00119495 0.000305521 5.47927e-05 6.02569e-06 3.33215e-07
 1.26415e-39 6.18716e-33 6.96189e-27 1.80097e-21 1.07111e-16 1.46455e-12 4.60381e-09 3.32718e-06 0.000552816 0.0211169 0.185448 0.374425 0.174192 0.0290348 0.0645026 0.0901315 0.0323091 0.0136549 0.00978009 0.00326742 0.00120039 0.000316227 5.75043e-05 6.19528e-06 3.36607e-07
 1.20285e-39 5.88713e-33 6.62429e-27 1.71364e-21 1.01917e-16 1.39353e-12 4.38056e-09 3.16584e-06 0.000526009 0.0200929 0.176456 0.356269 0.165831 0.0298868 0.0751759 0.105181 0.037692 0.0158914 0.0113729 0.00379076 0.0013889 0.000366887 6.79011e-05 7.46199e-06 4.03865e-07
 1.19644e-39 5.85576e-33 6.58899e-27 1.70451e-21 1.01374e-16 1.3861e-12 4.35722e-09 3.14897e-06 0.000523206 0.0199858 0.175515 0.354371 0.164942 0.0295844 0.0739022 0.103453 0.0379864 0.0188943 0.01395 0.00464889 0.00170055 0.000448184 8.29874e-05 9.22098e-06 5.07487e-07
 1.23039e-39 6.02191e-33 6.77595e-27 1.75288e-21 1.0425e-16 1.42543e-12 4.48086e-09 3.23832e-06 0.000538052 0.0205529 0.180496 0.364426 0.169572 0.02911 0.0679757 0.095088 0.0348727 0.0172301 0.0128768 0.00473683 0.00190893 0.000508356 9.39821e-05 1.04421e-05 5.78594e-07
 1.23039e-39 6.02191e-33 6.77595e-27 1.75288e-21 1.0425e-16 1.42543e-12 4.48086e-09 3.23832e-06 0.000538052 0.0205529 0.180496 0.364426 0.169572 0.02911 0.0679757 0.095088 0.0348727 0.0172301 0.0128768 0.00473683 0.00190893 0.000508356 9.39821e-05 1.04421e-05 5.78594e-07
#pred catch len freq
 2.1467e-27 2.17545e-27 6.8368e-27 1.59504e-21 9.4863e-17 1.29708e-12 4.07739e-09 2.94674e-06 0.000489597 0.0187023 0.164244 0.331613 0.154306 0.026539 0.0621634 0.0871626 0.0350296 0.0269496 0.0238295 0.0159937 0.0134348 0.011629 0.0120245 0.0111857 0.00470124
 2.14863e-27 2.18126e-27 7.50605e-27 1.82216e-21 1.08371e-16 1.48177e-12 4.65798e-09 3.36633e-06 0.000559311 0.0213653 0.187631 0.378831 0.176184 0.0278525 0.055955 0.0781419 0.0287127 0.0144096 0.0114421 0.00610057 0.00422003 0.00297885 0.00255603 0.0021598 0.000896795
 2.1479e-27 2.17967e-27 7.34444e-27 1.76734e-21 1.0511e-16 1.4372e-12 4.51784e-09 3.26506e-06 0.000542485 0.0207225 0.181986 0.367434 0.170971 0.0293271 0.0683933 0.0955998 0.0339881 0.0134927 0.00970193 0.00374424 0.00187761 0.000980186 0.000624435 0.000438277 0.000172221
 2.14803e-27 2.18004e-27 7.38917e-27 1.78253e-21 1.06014e-16 1.44955e-12 4.55668e-09 3.29313e-06 0.000547148 0.0209007 0.183551 0.370593 0.17242 0.0290245 0.0655942 0.0917009 0.0332766 0.0153367 0.0111543 0.00368931 0.00140636 0.000483376 0.000191533 9.50963e-05 3.2811e-05
 2.14927e-27 2.1831e-27 7.71302e-27 1.89238e-21 1.12547e-16 1.53888e-12 4.8375e-09 3.49608e-06 0.000580868 0.0221888 0.194863 0.393431 0.18294 0.028001 0.0524629 0.0731748 0.026506 0.0120773 0.00886746 0.00319049 0.00126027 0.000344067 8.10003e-05 2.18347e-05 5.58326e-06
 2.14857e-27 2.18136e-27 7.52501e-27 1.82859e-21 1.08753e-16 1.48701e-12 4.67443e-09 3.37822e-06 0.000561287 0.0214408 0.188294 0.380169 0.176844 0.0289286 0.0621223 0.0867429 0.0306536 0.0115732 0.00815542 0.0029182 0.00117562 0.000338304 6.87912e-05 1.01493e-05 1.39778e-06
 2.14813e-27 2.18028e-27 7.41238e-27 1.79039e-21 1.06482e-16 1.45595e-12 4.57679e-09 3.30766e-06 0.000549562 0.0209929 0.184361 0.372228 0.173181 0.0291535 0.0658892 0.0920859 0.033002 0.0139186 0.00991242 0.00318027 0.00114048 0.000325736 6.74951e-05 8.52304e-06 6.5048e-07
 2.14942e-27 2.18345e-27 7.74929e-27 1.90468e-21 1.13279e-16 1.54889e-12 4.86895e-09 3.5188e-06 0.000584644 0.022333 0.196129 0.395988 0.18412 0.0279349 0.0512884 0.0715132 0.0258431 0.0115798 0.00841438 0.00286828 0.0010652 0.000274939 5.23304e-05 6.45732e-06 4.14573e-07
 2.14988e-27 2.18457e-27 7.86481e-27 1.94386e-21 1.15609e-16 1.58074e-12 4.96909e-09 3.59117e-06 0.000596668 0.0227923 0.200163 0.404132 0.187881 0.0278292 0.0481887 0.0670938 0.0235989 0.00855502 0.00596063 0.00210748 0.000826139 0.000224087 4.18065e-05 4.71991e-06 2.82559e-07
 2.14897e-27 2.18233e-27 7.62612e-27 1.86288e-21 1.10793e-16 1.51489e-12 4.76209e-09 3.44157e-06 0.000571812 0.0218428 0.191825 0.387298 0.180132 0.0287332 0.058781 0.0820144 0.0287404 0.0100668 0.00684613 0.00214525 0.00074588 0.000208077 4.1022e-05 4.67983e-06 2.64708e-07
 2.14883e-27 2.182e-27 7.59308e-27 1.85169e-21 1.10127e-16 1.50579e-12 4.73347e-09 3.42089e-06 0.000568376 0.0217116 0.190672 0.38497 0.179052 0.0286352 0.0588844 0.0821978 0.0293197 0.0119264 0.00838787 0.00257557 0.000843101 0.000208824 3.83133e-05 4.50318e-06 2.6081e-07
 2.14926e-27 2.18306e-27 7.70569e-27 1.88989e-21 1.12399e-16 1.53685e-12 4.83112e-09 3.49146e-06 0.000580102 0.0221595 0.194606 0.392912 0.182709 0.0282406 0.054082 0.075426 0.0268884 0.0108942 0.00773273 0.00257739 0.000923856 0.000223473 3.73343e-05 3.9906e-06 2.26797e-07
 2.1492e-27 2.1829e-27 7.68769e-27 1.88377e-21 1.12035e-16 1.53188e-12 4.81549e-09 3.48017e-06 0.000578225 0.0220878 0.193976 0.391641 0.182128 0.028426 0.0555967 0.0775399 0.0273465 0.010144 0.00705284 0.00234891 0.000860643 0.000225291 3.96181e-05 4.01172e-06 2.08509e-07
 2.14867e-27 2.1816e-27 7.55037e-27 1.8372e-21 1.09265e-16 1.49401e-12 4.69643e-09 3.39412e-06 0.000563928 0.0215417 0.18918 0.381958 0.177667 0.0288288 0.0609741 0.0851335 0.0302197 0.0118295 0.00827903 0.0026249 0.000909149 0.000238669 4.40218e-05 4.73143e-06 2.44433e-07
 2.1476e-27 2.17898e-27 7.27421e-27 1.74352e-21 1.03694e-16 1.41783e-12 4.45696e-09 3.22106e-06 0.000535174 0.0204433 0.179534 0.362483 0.168694 0.0296449 0.071826 0.100451 0.0359106 0.0148663 0.0105722 0.00345063 0.00121909 0.00030598 5.44378e-05 5.98766e-06 3.24488e-07
 2.14769e-27 2.17922e-27 7.30416e-27 1.7537e-21 1.04299e-16 1.42611e-12 4.48299e-09 3.23987e-06 0.000538299 0.0205627 0.180582 0.364599 0.169656 0.0292022 0.0684854 0.0957971 0.0350091 0.0169038 0.0124369 0.00419714 0.00154854 0.000399366 7.07331e-05 7.51417e-06 4.06125e-07
 2.14813e-27 2.18031e-27 7.41846e-27 1.79247e-21 1.06605e-16 1.45763e-12 4.58209e-09 3.31149e-06 0.000550199 0.0210172 0.184574 0.372659 0.173371 0.0289244 0.0643605 0.0899565 0.0325796 0.0148312 0.010932 0.00405113 0.0016514 0.000446157 8.23638e-05 8.85801e-06 4.70574e-07
 2.14805e-27 2.18009e-27 7.39383e-27 1.78411e-21 1.06108e-16 1.45084e-12 4.56072e-09 3.29605e-06 0.000547633 0.0209192 0.183714 0.370921 0.172574 0.0290828 0.0658513 0.0920474 0.0331774 0.014601 0.0106373 0.00381057 0.00154973 0.000459151 9.29472e-05 1.05203e-05 5.72797e-07
 2.14815e-27 2.18034e-27 7.42082e-27 1.79326e-21 1.06652e-16 1.45828e-12 4.58412e-09 3.31296e-06 0.000550443 0.0210265 0.184656 0.372824 0.173451 0.0289942 0.0647366 0.0904772 0.0326417 0.0144575 0.0105168 0.00368713 0.00145436 0.000422374 8.90953e-05 1.10427e-05 6.43654e-07
 2.14812e-27 2.18028e-27 7.41381e-27 1.79089e-21 1.06511e-16 1.45635e-12 4.57804e-09 3.30857e-06 0.000549713 0.0209987 0.184411 0.37233 0.173224 0.0290356 0.0651382 0.0910405 0.0328004 0.0143893 0.0104527 0.00367646 0.00144514 0.000409278 8.41443e-05 1.06158e-05 6.60886e-07
 2.14862e-27 2.1815e-27 7.54256e-27 1.83456e-21 1.09108e-16 1.49186e-12 4.68968e-09 3.38925e-06 0.000563118 0.0215107 0.188908 0.381409 0.177405 0.0286194 0.0598612 0.0835987 0.0301274 0.0132417 0.00961528 0.00336287 0.00131571 0.000372238 7.54149e-05 9.30147e-06 5.81466e-07
 2.14848e-27 2.18115e-27 7.504e-27 1.82147e-21 1.0833e-16 1.48122e-12 4.65623e-09 3.36507e-06 0.000559102 0.0213573 0.187561 0.378689 0.176157 0.0288691 0.0622054 0.0868833 0.0310201 0.0127223 0.00910823 0.00318755 0.00124622 0.000350764 7.07031e-05 8.63028e-06 5.30536e-07
 2.14822e-27 2.1805e-27 7.4365e-27 1.79858e-21 1.06968e-16 1.4626e-12 4.59771e-09 3.32278e-06 0.000552074 0.0210889 0.185203 0.373929 0.173963 0.0290446 0.0647115 0.0904276 0.032435 0.0137705 0.00987801 0.00331949 0.00124516 0.000348757 7.00805e-05 8.50323e-06 5.18009e-07
 2.14814e-27 2.18031e-27 7.41733e-27 1.79208e-21 1.06582e-16 1.45732e-12 4.58109e-09 3.31077e-06 0.000550079 0.0210127 0.184534 0.372578 0.173338 0.029038 0.0650784 0.0909558 0.0327707 0.0143756 0.0104078 0.0035655 0.00134831 0.000363638 7.07713e-05 8.51947e-06 5.16197e-07
 2.14788e-27 2.17968e-27 7.35151e-27 1.76975e-21 1.05254e-16 1.43916e-12 4.52402e-09 3.26952e-06 0.000543227 0.0207509 0.182235 0.367937 0.171198 0.0291814 0.0673525 0.0941734 0.0340679 0.0153792 0.0112258 0.00392372 0.00152187 0.00041685 8.02314e-05 9.34165e-06 5.55364e-07
 2.14761e-27 2.17902e-27 7.28216e-27 1.74623e-21 1.03855e-16 1.42004e-12 4.4639e-09 3.22607e-06 0.000536007 0.0204751 0.179814 0.363047 0.168942 0.0293087 0.0696032 0.0973625 0.0354155 0.0165951 0.0122271 0.00435136 0.00172736 0.000484622 9.5467e-05 1.1126e-05 6.47029e-07
 2.14716e-27 2.17794e-27 7.16917e-27 1.70792e-21 1.01576e-16 1.38888e-12 4.36595e-09 3.15528e-06 0.000524246 0.0200258 0.175868 0.355081 0.165268 0.0295495 0.0734741 0.10284 0.0376364 0.0183483 0.0136585 0.00497674 0.00203013 0.000582809 0.000118054 1.40977e-05 8.27276e-07
 2.14655e-27 2.17645e-27 7.0143e-27 1.65539e-21 9.84524e-17 1.34616e-12 4.23167e-09 3.05824e-06 0.000508123 0.0194099 0.170459 0.344161 0.160232 0.0298859 0.0788192 0.110403 0.0406826 0.0206977 0.0155751 0.00582271 0.00244736 0.000722623 0.000150964 1.85515e-05 1.1162e-06
 2.1453e-27 2.17341e-27 6.69608e-27 1.54746e-21 9.20336e-17 1.2584e-12 3.95578e-09 2.85885e-06 0.000474994 0.0181445 0.159346 0.321724 0.149885 0.0305833 0.0898391 0.125994 0.046964 0.0255437 0.0195066 0.00750208 0.00325538 0.000991463 0.000214539 2.72515e-05 1.68941e-06
#obs catch len freq
 1.22133e-39 5.97756e-33 6.72604e-27 1.73996e-21 1.03482e-16 1.41493e-12 4.44785e-09 3.21447e-06 0.000534089 0.0204015 0.179166 0.361741 0.168344 0.0294448 0.0708285 0.0990773 0.0358522 0.0162193 0.0118704 0.00422304 0.00168734 0.000488655 0.000103598 1.36557e-05 9.25088e-07
 1.22544e-39 5.99767e-33 6.74867e-27 1.74582e-21 1.0383e-16 1.41969e-12 4.46282e-09 3.22529e-06 0.000535886 0.0204702 0.179769 0.362959 0.168906 0.0294403 0.0704343 0.0985141 0.0355536 0.0157858 0.0114842 0.00401405 0.00157393 0.000450596 9.32704e-05 1.18651e-05 7.74971e-07
 1.30742e-39 6.39893e-33 7.20017e-27 1.86262e-21 1.10777e-16 1.51467e-12 4.76139e-09 3.44106e-06 0.000571738 0.0218396 0.191796 0.38724 0.180092 0.0283633 0.0565412 0.0789155 0.0284272 0.0124547 0.0090233 0.00311639 0.00120118 0.000337154 6.83825e-05 8.50497e-06 5.38098e-07
 1.1503e-39 5.62993e-33 6.33489e-27 1.63878e-21 9.74641e-17 1.33265e-12 4.18918e-09 3.02753e-06 0.000503029 0.0192151 0.168747 0.340705 0.158677 0.0309953 0.0866336 0.12127 0.0425326 0.0150219 0.0103512 0.00354095 0.00134841 0.00037267 7.39515e-05 8.98889e-06 5.55477e-07
 1.33947e-39 6.55579e-33 7.37668e-27 1.90828e-21 1.13492e-16 1.5518e-12 4.87811e-09 3.52542e-06 0.000585754 0.022375 0.196497 0.396733 0.184454 0.0276476 0.0493108 0.0687747 0.0255506 0.0136149 0.0100539 0.00305786 0.0010104 0.000271427 5.29401e-05 6.29959e-06 3.80334e-07
 1.38702e-39 6.78849e-33 7.63852e-27 1.97601e-21 1.17521e-16 1.60688e-12 5.05126e-09 3.65055e-06 0.000606545 0.0231692 0.203472 0.410814 0.190964 0.0276379 0.0450074 0.0625853 0.0216751 0.00677771 0.0045904 0.00176394 0.00072145 0.000176877 3.07618e-05 3.52712e-06 2.08429e-07
 1.25401e-39 6.13752e-33 6.90603e-27 1.78653e-21 1.06251e-16 1.4528e-12 4.56687e-09 3.30049e-06 0.000548381 0.0209474 0.18396 0.371422 0.172834 0.0298327 0.0702791 0.0981692 0.033733 0.00965783 0.00611961 0.00174881 0.000549855 0.000160348 3.11902e-05 3.29468e-06 1.81091e-07
 1.26888e-39 6.21031e-33 6.98794e-27 1.80771e-21 1.07511e-16 1.47003e-12 4.62104e-09 3.33963e-06 0.000554885 0.0211959 0.186142 0.375826 0.17484 0.0290419 0.0641238 0.0895965 0.0321221 0.0135726 0.0095025 0.00259619 0.000697787 0.000153903 2.65612e-05 3.11172e-06 1.72562e-07
 1.41687e-39 6.93461e-33 7.80293e-27 2.01854e-21 1.2005e-16 1.64147e-12 5.15998e-09 3.72913e-06 0.0006196 0.0236679 0.207852 0.419657 0.195028 0.0270113 0.0385175 0.0534756 0.0189832 0.007439 0.0052427 0.00174709 0.000607814 0.000128752 1.77397e-05 1.69465e-06 9.26014e-08
 1.41176e-39 6.90958e-33 7.77478e-27 2.01126e-21 1.19617e-16 1.63555e-12 5.14136e-09 3.71567e-06 0.000617364 0.0235825 0.207102 0.418142 0.194345 0.0274604 0.0417154 0.05792 0.0196949 0.00496268 0.00303882 0.000971536 0.000340849 8.72993e-05 1.41683e-05 1.2196e-06 5.4328e-08
 1.34113e-39 6.56392e-33 7.38582e-27 1.91064e-21 1.13633e-16 1.55373e-12 4.88415e-09 3.52979e-06 0.000586479 0.0224027 0.196741 0.397225 0.184715 0.0285649 0.0547624 0.0763009 0.0260616 0.00694393 0.00424599 0.00109499 0.000273389 6.54245e-05 1.14855e-05 1.15902e-06 5.30911e-08
 1.31956e-39 6.45834e-33 7.26702e-27 1.87991e-21 1.11805e-16 1.52874e-12 4.80559e-09 3.47301e-06 0.000577046 0.0220424 0.193576 0.390836 0.181765 0.0286642 0.0572945 0.0799081 0.0278546 0.00927244 0.0061086 0.00161146 0.000398277 7.61414e-05 1.0204e-05 1.00255e-06 5.08745e-08
 1.35972e-39 6.65488e-33 7.48818e-27 1.93712e-21 1.15208e-16 1.57526e-12 4.95184e-09 3.57871e-06 0.000594607 0.0227132 0.199468 0.402729 0.187239 0.0279966 0.0496342 0.0691219 0.0241981 0.00839502 0.00565452 0.00165578 0.000487356 9.64677e-05 1.17558e-05 9.08221e-07 3.98323e-08
 1.32698e-39 6.49467e-33 7.30791e-27 1.89049e-21 1.12434e-16 1.53734e-12 4.83263e-09 3.49255e-06 0.000580292 0.0221664 0.194666 0.393034 0.18278 0.0286111 0.0563072 0.0785026 0.0271653 0.00840466 0.00549198 0.00164435 0.000512172 0.000113645 1.58604e-05 1.21607e-06 4.553e-08
 1.28392e-39 6.28388e-33 7.07072e-27 1.82913e-21 1.08785e-16 1.48744e-12 4.67578e-09 3.3792e-06 0.000561459 0.021447 0.188348 0.380279 0.176903 0.0291402 0.0633817 0.0884931 0.0309481 0.010632 0.00711489 0.00201474 0.000581376 0.000131692 1.99961e-05 1.72794e-06 6.90052e-08
 1.15715e-39 5.66346e-33 6.37262e-27 1.64854e-21 9.80446e-17 1.34058e-12 4.21413e-09 3.04556e-06 0.000506025 0.0193295 0.169752 0.342734 0.159607 0.0307769 0.0846889 0.11856 0.0420079 0.0161922 0.0112159 0.00334428 0.00102563 0.000222306 3.22948e-05 2.91476e-06 1.27891e-07
 1.25901e-39 6.162e-33 6.93358e-27 1.79365e-21 1.06675e-16 1.45859e-12 4.58509e-09 3.31365e-06 0.000550568 0.021031 0.184694 0.372902 0.173477 0.0287171 0.0630221 0.0881156 0.0325659 0.0168414 0.0124445 0.00395207 0.00132815 0.000305257 4.56146e-05 3.98942e-06 1.75215e-07
 1.22462e-39 5.99365e-33 6.74415e-27 1.74465e-21 1.03761e-16 1.41874e-12 4.45982e-09 3.22312e-06 0.000535527 0.0204564 0.179648 0.362715 0.168803 0.0296867 0.0720115 0.100694 0.0357271 0.0139541 0.00999356 0.00377674 0.00153871 0.000386632 6.31811e-05 5.81127e-06 2.5619e-07
 1.26943e-39 6.213e-33 6.99097e-27 1.8085e-21 1.07558e-16 1.47066e-12 4.62304e-09 3.34108e-06 0.000555126 0.0212051 0.186223 0.375989 0.17491 0.0288896 0.0631451 0.0882315 0.0318226 0.0140579 0.0101067 0.00324998 0.00118628 0.000349233 6.80685e-05 6.95131e-06 3.28389e-07
 1.23668e-39 6.05271e-33 6.81061e-27 1.76184e-21 1.04783e-16 1.43272e-12 4.50377e-09 3.25488e-06 0.000540804 0.020658 0.181419 0.366289 0.170451 0.0295547 0.0701283 0.0980387 0.0347906 0.0135953 0.00960786 0.00329821 0.00123485 0.00032109 6.21598e-05 7.40273e-06 4.00099e-07
 1.25357e-39 6.13536e-33 6.90361e-27 1.7859e-21 1.06214e-16 1.45229e-12 4.56527e-09 3.29933e-06 0.000548189 0.0209401 0.183896 0.371291 0.172748 0.0291612 0.0662189 0.0925576 0.0332613 0.0143129 0.0102365 0.003284 0.00116181 0.000312924 5.88323e-05 6.69625e-06 3.90278e-07
 1.2711e-39 6.22114e-33 7.00012e-27 1.81087e-21 1.07699e-16 1.47259e-12 4.6291e-09 3.34546e-06 0.000555853 0.0212329 0.186467 0.376482 0.175142 0.0289936 0.063631 0.0888926 0.0317293 0.0129842 0.00925214 0.00312873 0.00115192 0.00029434 5.36741e-05 6.06902e-06 3.4458e-07
 1.25204e-39 6.12787e-33 6.89518e-27 1.78372e-21 1.06084e-16 1.45051e-12 4.5597e-09 3.2953e-06 0.000547519 0.0209145 0.183671 0.370838 0.172545 0.0293303 0.067388 0.0941791 0.0334726 0.0132401 0.00933002 0.0030698 0.00111353 0.000296291 5.44253e-05 5.93314e-06 3.29978e-07
 1.24946e-39 6.11522e-33 6.88095e-27 1.78004e-21 1.05865e-16 1.44752e-12 4.55029e-09 3.2885e-06 0.000546389 0.0208714 0.183292 0.370072 0.172189 0.029265 0.0672198 0.0939606 0.0336514 0.0141231 0.0100578 0.00324635 0.00114329 0.00029722 5.48365e-05 6.08843e-06 3.33766e-07
 1.25428e-39 6.13885e-33 6.90753e-27 1.78691e-21 1.06274e-16 1.45311e-12 4.56787e-09 3.30121e-06 0.0005485 0.020952 0.184001 0.371502 0.172847 0.0291939 0.0663546 0.0927395 0.0331949 0.0138746 0.00991342 0.00330634 0.00120128 0.000306692 5.49345e-05 6.03689e-06 3.33681e-07
 1.25391e-39 6.13701e-33 6.90547e-27 1.78638e-21 1.06243e-16 1.45268e-12 4.5665e-09 3.30022e-06 0.000548336 0.0209457 0.183945 0.371391 0.172796 0.0292053 0.0664581 0.0928843 0.0332306 0.0138385 0.00987739 0.00329039 0.0012048 0.000316919 5.75614e-05 6.197e-06 3.36542e-07
 1.18989e-39 5.8237e-33 6.55292e-27 1.69518e-21 1.00819e-16 1.37851e-12 4.33337e-09 3.13173e-06 0.000520342 0.0198764 0.174555 0.352431 0.164064 0.0300993 0.07763 0.108636 0.0388551 0.0161451 0.0115151 0.00382715 0.00139757 0.000368629 6.81414e-05 7.48314e-06 4.04826e-07
 1.18339e-39 5.79189e-33 6.51713e-27 1.68592e-21 1.00268e-16 1.37098e-12 4.3097e-09 3.11463e-06 0.000517499 0.0197678 0.173601 0.350506 0.163163 0.0297928 0.076339 0.106884 0.0391546 0.0191922 0.0141292 0.00469519 0.00171178 0.000450473 8.33104e-05 9.2503e-06 5.0887e-07
 1.15866e-39 5.67085e-33 6.38093e-27 1.65069e-21 9.81725e-17 1.34233e-12 4.21963e-09 3.04954e-06 0.000506685 0.0193547 0.169973 0.343181 0.159786 0.0300486 0.0801082 0.112204 0.0411108 0.0201907 0.0150685 0.00552911 0.00222267 0.000591171 0.000109172 1.21218e-05 6.71375e-07
#spawning biomass
 3197.18 2484.01 2368.53 2221.27 2599.28 3853.13 4270.45 4749.4 7022.82 12624.5 17211.3 21712.8 27189.6 39737.6 43419.9 40112.3 33027.4 33502.6 31543.8 31194.4 30861.3 34244.2 37678.4 38676.6 43719.9 47891.4 51212.7 46913.8 37791.9 101448 137687 126484 88976.5 60110.7 42684.3 32990.7 27833.2 25165.4 23810.9 23131.8 22794.1 22627.3 22545.2 22504.8 22485.1 22475.4 22470.7 22468.4 22467.3 22466.8 22466.5 22466.4 22466.3 22466.3 22466.3 22466.3 22466.3 22466.3 22466.3 22466.3 22466.3 22466.3 22466.3 22466.3 22466.3 22466.3 22466.3 22466.3 22466.3 22466.3 22466.3 22466.3 22466.3 22466.3 22466.3 22466.3 22466.3 22466.3 22466.3 22466.3 22466.3 22466.3 22466.3 22466.3 22466.3 22466.3 22466.3 22466.3 22466.3 22466.3 22466.3 22466.3 22466.3 22466.3 22466.3 22466.3 22466.3 22466.3 22466.3 22466.3 22466.3 22466.3 22466.3 22466.3 22466.3 22466.3 22466.3 22466.3 22466.3 22466.3 22466.3 22466.3 22466.3 22466.3 22466.3 22466.3 22466.3 22466.3 22466.3 22466.3 22466.3 22466.3 22466.3 22466.3 22466.3 22466.3 22466.3 22466.3 22466.3 0 0 0 0 0 0 0 0 0 0 0 0 0 0 0 0 0 0 0 0 0 0 0 0 0
