SBPRF35
0.256306
Curr Bio
191914
B35
208577
F35
0.394989
FOFL
0.394989
OFL
84735.1
Bzero
73230.3
#pred survey bio
 25799.5 22994.3 17832.9 15678.2 23889.7 36558.5 50102.1 62547 82547.8 111779 139493 178490 209882 230633 212962 202506 195612 203415 194431 215786 231508 229704 261827 248220 257170 292213 270955 264431 281035 7.51895e+06 6.04081e+06 4.26438e+06 2.83523e+06 1.91508e+06 1.38126e+06 1.08741e+06 929227 844250 798036 772334 757628 748954 743684 740395 738297 736943 736058 735474 735085 734824 734650 734532 734453 734399 734363 734339 734322 734311 734304 734299 734295 734293 734291 734290 734289 734289 734289 734288 734288 734288 734288 734288 734288 734288 734288 734288 734288 734288 734288 734288 734288 734288 734288 734288 734288 734288 734288 734288 734288 734288 734288 734288 734288 734288 734288 734288 734288 734288 734288 734288 734288 734288 734288 734288 734288 734288 734288 734288 734288 734288 734288 734288 734288 734288 734288 734288 734288 734288 734288 734288 734288 734288 734288 734288 734288 734288 734288 734288 734288 0 0 0 0 0 0 0 0 0 0 0 0 0 0 0 0 0 0 0 0 0 0 0 0 0
#obs survey bio
 22224.7 17227.2 14581.6 20493.2 27361.7 27164.5 35751.7 102663 74758.1 103328 184051 150018 235846 266628 160906 227094 161174 252148 215486 221328 270116 213032 247395 211549 223923 251510 281419 268078 316231
#pred catch bio
 3731.81 4060.67 3648.25 2864.69 4967.9 8225.31 13439.6 17698.4 23779.5 39619.3 45972.2 64738.4 80348.9 102526 92296.1 93222 80174.1 87854.5 72793.6 83900.9 95493.9 77394.9 119177 106573 88991.7 126838 114368 104021 85749.5 84735.1 76225.2 52096.8 33215.7 21509.9 15031 11677 10012 9207.81 8826.4 8647.72 8564.71 8526.37 8508.74 8500.64 8496.94 8495.25 8494.48 8494.12 8493.96 8493.89 8493.86 8493.84 8493.84 8493.83 8493.83 8493.83 8493.83 8493.83 8493.83 8493.83 8493.83 8493.83 8493.83 8493.83 8493.83 8493.83 8493.83 8493.83 8493.83 8493.83 8493.83 8493.83 8493.83 8493.83 8493.83 8493.83 8493.83 8493.83 8493.83 8493.83 8493.83 8493.83 8493.83 8493.83 8493.83 8493.83 8493.83 8493.83 8493.83 8493.83 8493.83 8493.83 8493.83 8493.83 8493.83 8493.83 8493.83 8493.83 8493.83 8493.83 8493.83 8493.83 8493.83 8493.83 8493.83 8493.83 8493.83 8493.83 8493.83 8493.83 8493.83 8493.83 8493.83 8493.83 8493.83 8493.83 8493.83 8493.83 8493.83 8493.83 8493.83 8493.83 8493.83 8493.83 8493.83 8493.83 8493.83 8493.83 8493.83 0 0 0 0 0 0 0 0 0 0 0 0 0 0 0 0 0 0 0 0 0 0 0 0 0
#obs catch bio
 3804.25 4115.09 3826.18 2883.52 4876.23 8184.61 13789.6 16817.8 22642.8 37964 42889.2 59831.7 75147.7 98317.8 94582 95203.4 81500.6 91576.4 71840 85313.5 89591.4 73998.2 121951 109584 86206.3 125745 114281 104951 84728.2
#pred cpue bio
 24900.7 22591.1 17635.3 14909.1 21587.8 33716.4 46625.3 58197.1 75937.9 102793 127850 164226 193522 213316 198042 187725 179715 188400 180549 199144 214287 213360 242972 228825 236705 271719 252049 244930 259754 7.02424e+06 5.98275e+06 4.22995e+06 2.80141e+06 1.88127e+06 1.34746e+06 1.05361e+06 895419 810443 764228 738526 723820 715146 709876 706587 704489 703136 702250 701666 701277 701016 700842 700724 700645 700592 700555 700531 700515 700503 700496 700491 700487 700485 700483 700482 700482 700481 700481 700481 700480 700480 700480 700480 700480 700480 700480 700480 700480 700480 700480 700480 700480 700480 700480 700480 700480 700480 700480 700480 700480 700480 700480 700480 700480 700480 700480 700480 700480 700480 700480 700480 700480 700480 700480 700480 700480 700480 700480 700480 700480 700480 700480 700480 700480 700480 700480 700480 700480 700480 700480 700480 700480 700480 700480 700480 700480 700480 700480 700480 700480 0 0 0 0 0 0 0 0 0 0 0 0 0 0 0 0 0 0 0 0 0 0 0 0 0
#obs cpue bio
 24876.9 27229.4 11842.1 15885.9 32484.2 36520.1 46291.1 87785.5 85679.2 135984 137194 282086 195247 200124 166351 173212 187702 126952 198706 163253 373634 208987 210134 225582 352981 339951 224364 228635 243681
#pred surv len freq
 2.45344e-11 1.15398e-09 3.75845e-08 8.47624e-07 1.32369e-05 0.000143139 0.00107183 0.00555809 0.0199658 0.0497436 0.0863663 0.106438 0.0993863 0.0835613 0.0775655 0.076912 0.0719809 0.0640065 0.0564805 0.0494388 0.0429008 0.0372497 0.0315495 0.0242206 0.0154468
 1.30285e-11 6.128e-10 1.99585e-08 4.50114e-07 7.02922e-06 7.60125e-05 0.000569219 0.00295243 0.0106156 0.0265455 0.0467538 0.0607488 0.0667205 0.0765388 0.093901 0.104594 0.0998884 0.0877965 0.0763634 0.0659443 0.0557165 0.0459409 0.0363217 0.0261268 0.0158781
 9.8375e-12 4.62709e-10 1.50701e-08 3.39869e-07 5.30757e-06 5.73946e-05 0.000429791 0.00222907 0.00801215 0.0200102 0.035074 0.0448014 0.0469934 0.0508109 0.0628751 0.0789329 0.0937521 0.104493 0.106185 0.0970392 0.0817943 0.0652855 0.0489931 0.0331642 0.0190614
 3.39911e-11 1.59878e-09 5.20712e-08 1.17433e-06 1.83389e-05 0.000198309 0.00148491 0.00769934 0.0276461 0.0687655 0.11862 0.14255 0.121503 0.0785432 0.0470175 0.0353386 0.0355957 0.0416029 0.0495609 0.0548079 0.0536584 0.0459812 0.034551 0.0225297 0.0123265
 4.3686e-11 2.05478e-09 6.69229e-08 1.50928e-06 2.35695e-05 0.000254871 0.00190844 0.00989555 0.0355343 0.0884086 0.152656 0.184165 0.159224 0.107458 0.0687383 0.0484435 0.0340151 0.0220832 0.0157528 0.0147539 0.0156287 0.0152696 0.0126121 0.00853592 0.00463789
 3.56423e-11 1.67644e-09 5.46007e-08 1.23138e-06 1.92298e-05 0.000207944 0.00155709 0.00807426 0.0290019 0.0722326 0.125247 0.153567 0.140792 0.112556 0.0959048 0.0848346 0.0655765 0.0421401 0.0242352 0.0140586 0.00935397 0.00748381 0.00619792 0.00444155 0.00251706
 3.36878e-11 1.58451e-09 5.16066e-08 1.16386e-06 1.81753e-05 0.000196541 0.0014717 0.00763145 0.0274109 0.0682654 0.118337 0.144954 0.132493 0.10537 0.0902887 0.0833686 0.0716207 0.0552049 0.0389387 0.0246579 0.0138631 0.00746298 0.00433053 0.0026512 0.00146288
 3.42004e-11 1.60862e-09 5.23919e-08 1.18157e-06 1.84519e-05 0.000199531 0.00149409 0.00774749 0.0278268 0.0692919 0.120054 0.146761 0.133189 0.103912 0.0866006 0.0784998 0.0671805 0.052836 0.039801 0.028303 0.0180396 0.010032 0.00494662 0.0022723 0.000993338
 3.74486e-11 1.7614e-09 5.73678e-08 1.29379e-06 2.02043e-05 0.000218481 0.00163598 0.00848307 0.0304663 0.0758404 0.131234 0.159645 0.14236 0.105747 0.0816233 0.0699029 0.0579584 0.0444616 0.033014 0.0238076 0.0159812 0.00958872 0.00498119 0.00220062 0.000828184
 3.69908e-11 1.73987e-09 5.66664e-08 1.27797e-06 1.99573e-05 0.000215811 0.00161598 0.00837948 0.0300955 0.074929 0.129737 0.158203 0.142284 0.108193 0.086336 0.074767 0.0604878 0.0438875 0.0304717 0.0209081 0.0137671 0.00836271 0.00450222 0.00206021 0.000775234
 3.77422e-11 1.77521e-09 5.78175e-08 1.30393e-06 2.03627e-05 0.000220194 0.00164881 0.00854964 0.030706 0.0764431 0.132318 0.161156 0.144322 0.108464 0.0850852 0.0730671 0.0593108 0.0433144 0.0298683 0.0198148 0.0123743 0.00716236 0.00376606 0.00172774 0.000659753
 3.65883e-11 1.72094e-09 5.60499e-08 1.26406e-06 1.97402e-05 0.000213463 0.0015984 0.00828835 0.0297687 0.0741202 0.128369 0.156689 0.14142 0.108596 0.0879892 0.0770794 0.0627477 0.0455774 0.031232 0.0206089 0.0127119 0.00715458 0.00361628 0.0016005 0.000598469
 3.61206e-11 1.69894e-09 5.53334e-08 1.24791e-06 1.94879e-05 0.000210734 0.00157797 0.00818242 0.0293883 0.0731748 0.126742 0.154753 0.139838 0.107755 0.0878699 0.0776064 0.0639314 0.0472492 0.0329275 0.0218941 0.0134699 0.00750201 0.00372155 0.00160342 0.000581634
 3.53235e-11 1.66145e-09 5.41123e-08 1.22037e-06 1.90578e-05 0.000206084 0.00154315 0.00800191 0.0287406 0.0715676 0.123998 0.151587 0.137572 0.10726 0.0889794 0.0794798 0.0658051 0.0488641 0.0343459 0.023135 0.0144325 0.00811158 0.00402322 0.00171585 0.000611249
 3.3782e-11 1.58894e-09 5.17508e-08 1.16711e-06 1.82261e-05 0.00019709 0.00147581 0.00765281 0.027488 0.0684606 0.118698 0.1455 0.133307 0.106573 0.0915726 0.0836366 0.0698715 0.0521374 0.036817 0.0249391 0.0156831 0.00890854 0.00446515 0.00191624 0.000682048
 3.50246e-11 1.64739e-09 5.36544e-08 1.21004e-06 1.88965e-05 0.00020434 0.00153009 0.00793417 0.028497 0.0709584 0.122924 0.150187 0.136031 0.10554 0.0871263 0.0781253 0.0658068 0.0503679 0.0366227 0.0253308 0.0161257 0.00924264 0.00467437 0.00202438 0.000726015
 3.7342e-11 1.75639e-09 5.72044e-08 1.2901e-06 2.01468e-05 0.000217859 0.00163132 0.00845898 0.0303805 0.0756332 0.13092 0.159475 0.142882 0.107529 0.0845648 0.0728565 0.0595 0.0440929 0.0312951 0.0216093 0.0139909 0.00819678 0.00422124 0.0018522 0.000670871
 3.47358e-11 1.63381e-09 5.3212e-08 1.20006e-06 1.87407e-05 0.000202655 0.00151748 0.00786886 0.0282636 0.0703888 0.122016 0.14945 0.136542 0.108315 0.0918853 0.0827012 0.0676574 0.0488859 0.0333447 0.0221439 0.0139529 0.00809382 0.00419402 0.00186764 0.000687211
 3.4295e-11 1.61307e-09 5.25367e-08 1.18483e-06 1.85029e-05 0.000200083 0.00149822 0.00776897 0.0279045 0.0694917 0.120441 0.14743 0.134417 0.10613 0.0897748 0.0815736 0.0686487 0.0519293 0.0369605 0.0248519 0.015363 0.00862736 0.00435136 0.00191323 0.00070434
 3.6317e-11 1.70818e-09 5.56342e-08 1.25469e-06 1.95938e-05 0.000211879 0.00158655 0.00822683 0.0295471 0.0735627 0.127364 0.155276 0.139557 0.105996 0.0847404 0.0743492 0.0620892 0.0474236 0.0345958 0.0241064 0.015438 0.00884312 0.00444823 0.0019221 0.000694521
 3.51724e-11 1.65434e-09 5.38809e-08 1.21515e-06 1.89763e-05 0.000205202 0.00153655 0.0079677 0.0286179 0.0712641 0.123485 0.151022 0.137253 0.107393 0.0894456 0.0798313 0.0656222 0.0482281 0.0338193 0.0231817 0.0150018 0.00881978 0.00455766 0.00200226 0.000725399
 3.4234e-11 1.6102e-09 5.24433e-08 1.18273e-06 1.847e-05 0.000199727 0.00149556 0.00775517 0.0278551 0.0693698 0.120239 0.147222 0.134353 0.106322 0.0901498 0.0818328 0.0684938 0.0514027 0.036454 0.0247171 0.0156089 0.00901373 0.00465767 0.0020748 0.000764714
 3.48056e-11 1.63709e-09 5.3319e-08 1.20248e-06 1.87784e-05 0.000203062 0.00152053 0.00788457 0.0283189 0.0705157 0.122162 0.149279 0.135283 0.105122 0.0870038 0.0782234 0.0661169 0.0508898 0.037282 0.0259888 0.0166635 0.00962426 0.00492453 0.00217382 0.000800276
 3.64877e-11 1.71621e-09 5.58958e-08 1.26059e-06 1.96859e-05 0.000212876 0.00159401 0.00826553 0.0296863 0.0739111 0.12798 0.156087 0.140472 0.107041 0.0858319 0.0749735 0.0616187 0.0458698 0.0327326 0.0227524 0.0148464 0.00877408 0.00456173 0.00202419 0.000743773
 3.66311e-11 1.72295e-09 5.61154e-08 1.26554e-06 1.97633e-05 0.000213712 0.00160027 0.00829802 0.0298033 0.0742048 0.128506 0.156808 0.141375 0.108243 0.0873246 0.0762999 0.062112 0.0452394 0.031247 0.0209803 0.0133341 0.0077986 0.00407688 0.00183294 0.000681519
 3.37136e-11 1.58573e-09 5.16462e-08 1.16475e-06 1.81893e-05 0.000196692 0.00147283 0.00763735 0.0274326 0.0683247 0.118476 0.145289 0.133312 0.106981 0.0923617 0.0845015 0.0704218 0.0521753 0.0363993 0.0242924 0.015095 0.00857153 0.00437381 0.00194333 0.000722362
 3.39797e-11 1.59824e-09 5.20538e-08 1.17394e-06 1.83328e-05 0.000198244 0.00148445 0.00769755 0.027648 0.0688525 0.119332 0.146065 0.133152 0.105108 0.0889603 0.0810945 0.0688059 0.0528626 0.0384646 0.0264918 0.0167086 0.00947124 0.00475878 0.0020696 0.000755117
 3.5318e-11 1.66119e-09 5.41038e-08 1.22018e-06 1.90548e-05 0.000206051 0.00154291 0.0080006 0.0287354 0.0715499 0.123934 0.151353 0.136865 0.105702 0.0866068 0.0771036 0.0645017 0.0490972 0.0358034 0.025164 0.0163975 0.00959116 0.00490972 0.00214125 0.000774286
 3.57621e-11 1.68208e-09 5.47843e-08 1.23552e-06 1.92945e-05 0.000208643 0.00156231 0.00810121 0.0290967 0.0724489 0.125487 0.153228 0.138485 0.106769 0.087146 0.0770638 0.0636769 0.0474929 0.0338408 0.0234262 0.0152543 0.00905111 0.00474435 0.00211826 0.000777956
#obs surv len freq
 2.58992e-11 1.21817e-09 3.96751e-08 8.94774e-07 1.39732e-05 0.000151101 0.00113144 0.00586709 0.0210741 0.052488 0.091016 0.111627 0.102509 0.0827063 0.0730612 0.071153 0.067722 0.0627766 0.058392 0.053477 0.0469862 0.0388811 0.0293553 0.0192442 0.0103658
 8.8217e-16 4.15712e-14 1.36405e-12 3.16684e-11 5.50717e-10 8.36773e-09 1.34409e-07 2.17468e-06 2.88844e-05 0.000280009 0.00190701 0.00903723 0.0297842 0.0685994 0.111996 0.134301 0.127888 0.109747 0.0947681 0.0838918 0.0735312 0.0612883 0.0463999 0.0303116 0.016237
 1.37841e-11 6.48336e-10 2.11159e-08 4.76216e-07 7.43679e-06 8.04179e-05 0.000602153 0.0031221 0.0112092 0.0278669 0.0479759 0.0572376 0.0476678 0.029774 0.0223256 0.0369494 0.0711107 0.106567 0.122613 0.116207 0.0991294 0.0799927 0.0597811 0.0389492 0.0208316
 5.15828e-11 2.42621e-09 7.90199e-08 1.7821e-06 2.783e-05 0.000300941 0.00225338 0.0116837 0.0419487 0.104301 0.179642 0.214571 0.178535 0.105284 0.0468205 0.0187625 0.00932209 0.00789048 0.0105989 0.0144424 0.0162018 0.0148082 0.011358 0.00734929 0.00389782
 3.25395e-11 1.5305e-09 4.98474e-08 1.12419e-06 1.75558e-05 0.000189842 0.00142156 0.00737185 0.0264844 0.0660144 0.114822 0.142459 0.135919 0.119351 0.112938 0.103059 0.0751362 0.0408478 0.0176953 0.00856666 0.00705116 0.00723201 0.00642857 0.00452109 0.00247176
 3.95877e-11 1.86201e-09 6.06445e-08 1.36769e-06 2.13584e-05 0.000230961 0.00172941 0.00896742 0.0322038 0.0801445 0.138539 0.167864 0.147564 0.105272 0.076557 0.0646446 0.0564417 0.0460161 0.0332056 0.0199248 0.00990204 0.00481282 0.00290237 0.00194185 0.00111216
 2.58545e-11 1.21607e-09 3.96066e-08 8.9323e-07 1.39491e-05 0.000150841 0.00112953 0.0058577 0.0210482 0.0525007 0.0915649 0.114774 0.11325 0.107163 0.110817 0.109872 0.0915237 0.0657453 0.0453448 0.0310743 0.0195863 0.0105608 0.00491356 0.00215936 0.000948306
 4.19879e-11 1.97491e-09 6.43214e-08 1.45061e-06 2.26534e-05 0.000244964 0.00183426 0.00951084 0.0341524 0.0849644 0.146669 0.176765 0.152311 0.102034 0.0657388 0.0508651 0.0451611 0.0402914 0.033419 0.0244785 0.0156822 0.00888859 0.00441167 0.0018731 0.000679539
 3.66957e-11 1.72599e-09 5.62144e-08 1.26778e-06 1.97982e-05 0.000214089 0.0016031 0.00831276 0.0298573 0.074349 0.128823 0.15751 0.142992 0.111388 0.0915087 0.079105 0.060974 0.0405466 0.0262863 0.0183758 0.0129465 0.00818779 0.00437382 0.00193 0.000695691
 3.99013e-11 1.87677e-09 6.1125e-08 1.37852e-06 2.15276e-05 0.000232791 0.00174312 0.00903856 0.0324602 0.0807916 0.139719 0.169581 0.14997 0.108728 0.0805336 0.0667203 0.0540696 0.0399062 0.0273595 0.0175046 0.0104521 0.00594832 0.00317394 0.0014802 0.000563863
 3.84108e-11 1.80666e-09 5.88418e-08 1.32703e-06 2.07235e-05 0.000224095 0.00167802 0.0087011 0.0312502 0.0777986 0.13467 0.16405 0.146995 0.11058 0.0866235 0.0736051 0.0582152 0.0407338 0.0268539 0.0172698 0.0104588 0.00574875 0.00283037 0.00123229 0.000459139
 3.84497e-11 1.80849e-09 5.89013e-08 1.32837e-06 2.07444e-05 0.000224322 0.00167971 0.00870987 0.0312813 0.0778724 0.134773 0.16406 0.146641 0.109597 0.0851754 0.0725241 0.0583714 0.042027 0.0282773 0.0180597 0.0106662 0.0057226 0.00275091 0.00115458 0.000410106
 3.66792e-11 1.72521e-09 5.6189e-08 1.2672e-06 1.97892e-05 0.000213993 0.00160237 0.00830894 0.0298429 0.0743058 0.128699 0.15713 0.14194 0.109243 0.0887714 0.077794 0.0630942 0.045435 0.0307056 0.0198687 0.0119019 0.00640587 0.00304115 0.00124615 0.000429265
 3.59529e-11 1.69105e-09 5.50765e-08 1.24211e-06 1.93974e-05 0.000209756 0.00157065 0.00814443 0.0292522 0.0728367 0.126165 0.154089 0.139368 0.107675 0.0881769 0.0781764 0.0646341 0.047952 0.0334618 0.0221333 0.0134268 0.00729771 0.00349047 0.00143089 0.000488084
 3.14197e-11 1.47783e-09 4.81321e-08 1.0855e-06 1.69517e-05 0.000183309 0.00137262 0.00711787 0.0255687 0.0637009 0.110585 0.136215 0.126915 0.105848 0.0960597 0.0905623 0.0765164 0.0573485 0.0405862 0.0274571 0.0171261 0.00955698 0.00466239 0.00193512 0.000663897
 3.75139e-11 1.76447e-09 5.74677e-08 1.29604e-06 2.02395e-05 0.000218862 0.00163883 0.00849779 0.0305187 0.0759647 0.131409 0.15967 0.141789 0.104139 0.0792267 0.0680529 0.0581189 0.0466247 0.0356211 0.0253965 0.0163516 0.00936334 0.00468762 0.00199309 0.000697037
 3.68007e-11 1.73093e-09 5.63752e-08 1.2714e-06 1.98548e-05 0.000214702 0.00160768 0.00833645 0.0299414 0.0745485 0.129101 0.157533 0.142018 0.108668 0.0874186 0.0757883 0.060788 0.0435156 0.0300778 0.0209076 0.013973 0.00845435 0.00443422 0.00195157 0.000701013
 3.11679e-11 1.46599e-09 4.77462e-08 1.0768e-06 1.68158e-05 0.000181839 0.00136162 0.00706086 0.0253644 0.0631964 0.109741 0.135322 0.12655 0.106481 0.0976215 0.0923566 0.0776724 0.0573973 0.0396673 0.0262124 0.0163031 0.00943804 0.00496034 0.00225307 0.000840902
 3.64629e-11 1.71504e-09 5.58577e-08 1.25973e-06 1.96725e-05 0.000212731 0.00159292 0.00825978 0.0296645 0.0738443 0.12778 0.15545 0.138657 0.103183 0.0803154 0.070396 0.0610119 0.0495762 0.0381274 0.0270615 0.0171995 0.00974913 0.00492183 0.00216978 0.000805459
 3.63837e-11 1.71131e-09 5.57363e-08 1.25699e-06 1.96298e-05 0.000212269 0.00158946 0.00824197 0.029602 0.0737035 0.127637 0.155745 0.140403 0.107453 0.0865716 0.0754392 0.0612502 0.0448634 0.0319506 0.0227602 0.0153993 0.00933386 0.00488311 0.00215431 0.0007861
 3.49318e-11 1.64302e-09 5.35122e-08 1.20684e-06 1.88465e-05 0.000203798 0.00152604 0.0079132 0.0284224 0.0707776 0.122647 0.150022 0.136427 0.106947 0.0894197 0.0802833 0.0665776 0.0493759 0.0345897 0.0233541 0.01492 0.00885826 0.00473427 0.00216826 0.000813605
 3.49927e-11 1.64589e-09 5.36055e-08 1.20894e-06 1.88793e-05 0.000204154 0.0015287 0.00792695 0.0284713 0.0708946 0.122818 0.150078 0.135998 0.105647 0.0873603 0.0783766 0.0659458 0.0503416 0.036461 0.0251049 0.0159376 0.00918601 0.00474956 0.0021417 0.000808592
 3.49971e-11 1.6461e-09 5.36123e-08 1.20909e-06 1.88817e-05 0.000204179 0.00152889 0.00792795 0.028475 0.0709049 0.122842 0.15014 0.136151 0.105947 0.0877299 0.0785228 0.0655854 0.0495988 0.0358508 0.0249968 0.0162088 0.00948609 0.00489833 0.00217501 0.000806731
 3.76636e-11 1.77151e-09 5.7697e-08 1.30121e-06 2.03203e-05 0.000219736 0.00164537 0.00853178 0.0306416 0.0762782 0.132004 0.160642 0.143439 0.106936 0.0829539 0.0710711 0.0584431 0.0439621 0.0316247 0.0219393 0.0142147 0.00837573 0.00437364 0.00195734 0.000725676
 3.51668e-11 1.65408e-09 5.38723e-08 1.21496e-06 1.89733e-05 0.00020517 0.00153631 0.00796646 0.0286139 0.0712565 0.123491 0.151118 0.137623 0.108252 0.0907501 0.0810758 0.0661657 0.0478534 0.0328222 0.0220265 0.0140462 0.00822805 0.00429714 0.00193157 0.000720285
 3.29594e-11 1.55025e-09 5.04906e-08 1.13869e-06 1.77823e-05 0.000192291 0.00143988 0.0074665 0.0268193 0.0667991 0.115845 0.142136 0.13066 0.105399 0.0918278 0.0850192 0.0721605 0.054899 0.0392728 0.0265301 0.0164985 0.00934639 0.00476426 0.00211711 0.000787384
 3.51184e-11 1.6518e-09 5.3798e-08 1.21328e-06 1.89471e-05 0.000204887 0.00153419 0.00795537 0.0285728 0.0711422 0.123211 0.15039 0.135745 0.10436 0.0851264 0.0761089 0.064775 0.0506876 0.0378842 0.0268383 0.0173518 0.0100075 0.00506998 0.00220944 0.000806004
 3.528e-11 1.6594e-09 5.40456e-08 1.21887e-06 1.90343e-05 0.00020583 0.00154125 0.00799202 0.0287049 0.0714757 0.123819 0.151278 0.137 0.106204 0.0873851 0.0776926 0.0643969 0.0483043 0.0348745 0.0246382 0.0163712 0.00982495 0.0051505 0.00228564 0.000835015
 3.57401e-11 1.68104e-09 5.47505e-08 1.23476e-06 1.92826e-05 0.000208514 0.00156135 0.00809621 0.0290788 0.0724029 0.1254 0.153091 0.138262 0.106406 0.0866865 0.0767459 0.0637556 0.0479246 0.0342988 0.0236768 0.0153511 0.00913834 0.00485609 0.00221094 0.000827783
#pred catch len freq
 2.18132e-11 1.02599e-09 3.34158e-08 7.53609e-07 1.17687e-05 0.000127263 0.000952956 0.0049418 0.0177539 0.0442529 0.0769698 0.095501 0.091231 0.0809294 0.0799188 0.0818607 0.0774644 0.0691722 0.0611668 0.0535919 0.0465204 0.0403966 0.0342157 0.0262676 0.0167523
 1.12119e-11 5.27355e-10 1.71756e-08 3.87354e-07 6.04912e-06 6.54143e-05 0.000489863 0.00254102 0.00913908 0.0228803 0.0404819 0.0534518 0.0612902 0.0748147 0.0955291 0.107976 0.103646 0.0913582 0.0796126 0.0688156 0.0581626 0.0479627 0.0379213 0.0272775 0.0165775
 8.40762e-12 3.95454e-10 1.28797e-08 2.90469e-07 4.53612e-06 4.90525e-05 0.000367327 0.00190522 0.00684967 0.0171224 0.0301175 0.038964 0.042414 0.0487739 0.0631417 0.0806493 0.0963298 0.107613 0.109469 0.100084 0.0843748 0.0673495 0.0505432 0.0342137 0.0196647
 3.12704e-11 1.47081e-09 4.79034e-08 1.08034e-06 1.6871e-05 0.000182436 0.00136606 0.00708314 0.0254342 0.0632702 0.109185 0.131425 0.112724 0.0744849 0.0471047 0.0377858 0.039245 0.0462261 0.0551643 0.0610313 0.0597584 0.0512102 0.0384806 0.0250922 0.0137285
 4.16325e-11 1.95819e-09 6.37771e-08 1.43833e-06 2.24616e-05 0.00024289 0.00181874 0.00943052 0.0338657 0.0842696 0.145595 0.176049 0.153515 0.106455 0.0719449 0.0534015 0.0383963 0.0251341 0.0180019 0.0168962 0.017909 0.0174995 0.0144541 0.00978267 0.0053153
 3.31653e-11 1.55994e-09 5.08062e-08 1.14581e-06 1.78934e-05 0.000193493 0.00144889 0.00751336 0.0269896 0.0672439 0.116756 0.143905 0.134327 0.112315 0.101346 0.0926584 0.0724526 0.0467484 0.0269522 0.0156646 0.0104338 0.00835081 0.00691648 0.00495655 0.00280892
 3.12675e-11 1.47068e-09 4.7899e-08 1.08024e-06 1.68695e-05 0.000182421 0.00136597 0.00708336 0.0254443 0.0633878 0.110019 0.135412 0.125847 0.104415 0.0945858 0.0902281 0.078405 0.0606806 0.0428888 0.0271891 0.0152939 0.00823504 0.00477897 0.00292582 0.00161443
 3.1832e-11 1.49723e-09 4.87637e-08 1.09974e-06 1.71741e-05 0.000185714 0.00139063 0.00721114 0.0259022 0.0645181 0.111909 0.137401 0.126616 0.102814 0.0905303 0.0848696 0.0735118 0.0580637 0.043832 0.031203 0.0198966 0.0110664 0.00545701 0.00250681 0.00109586
 3.52068e-11 1.65596e-09 5.39335e-08 1.21634e-06 1.89948e-05 0.000205403 0.00153805 0.0079754 0.0286447 0.0713221 0.123527 0.150795 0.136165 0.104767 0.0854214 0.0759768 0.0638999 0.0492601 0.0366611 0.0264681 0.0177753 0.0106669 0.00554154 0.00244821 0.00092137
 3.49377e-11 1.6433e-09 5.35214e-08 1.20704e-06 1.88497e-05 0.000203833 0.0015263 0.00791456 0.0284273 0.0707923 0.122687 0.150134 0.136727 0.107554 0.0902001 0.0806849 0.0660585 0.0481301 0.0334893 0.0230062 0.0151564 0.00920824 0.00495769 0.00226867 0.000853679
 3.56437e-11 1.67651e-09 5.46028e-08 1.23143e-06 1.92306e-05 0.000207952 0.00155714 0.00807442 0.0290009 0.0722147 0.125111 0.152909 0.138645 0.107818 0.0890582 0.0791711 0.065099 0.0477535 0.0330017 0.0219199 0.0136963 0.00792906 0.00416946 0.00191285 0.000730442
 3.4548e-11 1.62497e-09 5.29243e-08 1.19357e-06 1.86394e-05 0.000201559 0.00150928 0.00782631 0.0281109 0.0700092 0.121364 0.148676 0.135918 0.10801 0.0919135 0.0830704 0.0683979 0.0498803 0.0342511 0.0226273 0.0139641 0.00786081 0.00397348 0.00175863 0.000657602
 3.41275e-11 1.60519e-09 5.22801e-08 1.17905e-06 1.84125e-05 0.000199106 0.0014909 0.00773106 0.0277689 0.0691586 0.119897 0.146916 0.134433 0.107115 0.0916066 0.0833784 0.0694402 0.0515175 0.0359721 0.0239441 0.014738 0.00820973 0.00407286 0.00175482 0.000636558
 3.35146e-11 1.57637e-09 5.13413e-08 1.15787e-06 1.80819e-05 0.00019553 0.00146413 0.00759227 0.0272708 0.0679226 0.117785 0.144471 0.132657 0.106657 0.0923356 0.0846794 0.0707766 0.0527318 0.0371284 0.0250329 0.0156229 0.00878195 0.00435593 0.00185778 0.000661813
 3.18975e-11 1.5003e-09 4.8864e-08 1.102e-06 1.72094e-05 0.000186096 0.00139349 0.00722606 0.0259568 0.0646632 0.112224 0.138084 0.128177 0.105924 0.0950365 0.0890215 0.075034 0.0561698 0.0397329 0.0269401 0.0169485 0.00962878 0.00482639 0.0020713 0.000737243
 3.32606e-11 1.56442e-09 5.09522e-08 1.1491e-06 1.79448e-05 0.000194048 0.00145304 0.0075347 0.0270637 0.0674033 0.116861 0.143231 0.131182 0.104826 0.0902107 0.0830223 0.0705904 0.0542068 0.039478 0.0273289 0.017404 0.00997658 0.00504578 0.00218527 0.000783717
 3.54789e-11 1.66876e-09 5.43504e-08 1.22574e-06 1.91417e-05 0.00020699 0.00154994 0.00803709 0.0288667 0.0718791 0.12452 0.152143 0.137809 0.106881 0.0879741 0.0781486 0.0645537 0.0480269 0.0341531 0.0236071 0.0152909 0.00895977 0.00461438 0.00202474 0.000733368
 3.28701e-11 1.54605e-09 5.03539e-08 1.1356e-06 1.77341e-05 0.00019177 0.00143598 0.00744635 0.0267477 0.0666297 0.115611 0.142125 0.131518 0.107793 0.09549 0.0881845 0.0728028 0.0527761 0.0360628 0.0239741 0.0151131 0.00876829 0.00454375 0.00202342 0.000744533
 3.22206e-11 1.5155e-09 4.93589e-08 1.11317e-06 1.73837e-05 0.000187981 0.00140761 0.0072992 0.026219 0.0653113 0.113314 0.139259 0.128746 0.105363 0.093515 0.0874512 0.0743494 0.0564467 0.0402515 0.0270925 0.0167555 0.00941092 0.00474684 0.00208716 0.000768375
 3.43456e-11 1.61545e-09 5.26143e-08 1.18658e-06 1.85302e-05 0.000200378 0.00150043 0.0077804 0.0279453 0.0695897 0.120588 0.147502 0.134138 0.105197 0.088184 0.0798118 0.0674174 0.0516976 0.0377858 0.0263551 0.016885 0.0096734 0.00486611 0.0021027 0.000759784
 3.3249e-11 1.56387e-09 5.09344e-08 1.1487e-06 1.79386e-05 0.000193981 0.00145253 0.00753213 0.0270551 0.0673884 0.116879 0.143458 0.132034 0.106766 0.0930277 0.0853503 0.0708554 0.0522581 0.036714 0.0251923 0.0163102 0.00959052 0.00495618 0.00217738 0.000788844
 3.20379e-11 1.50691e-09 4.9079e-08 1.10685e-06 1.72851e-05 0.000186915 0.00139963 0.00725784 0.0260707 0.0649442 0.112693 0.138574 0.128358 0.105528 0.0941323 0.0880613 0.0744973 0.0561231 0.0398824 0.0270718 0.0171043 0.00987898 0.00510507 0.00227414 0.000838191
 3.3017e-11 1.55296e-09 5.0579e-08 1.14068e-06 1.78134e-05 0.000192627 0.0014424 0.00747953 0.0268656 0.0669109 0.116014 0.142222 0.130354 0.104371 0.0900901 0.0831473 0.0709443 0.0547861 0.0402021 0.0280482 0.0179904 0.0103919 0.00531754 0.00234734 0.000864161
 3.46593e-11 1.63021e-09 5.30949e-08 1.19742e-06 1.86995e-05 0.000202209 0.00151414 0.00785148 0.0282007 0.0702267 0.121699 0.148889 0.135484 0.106385 0.0891469 0.0801355 0.0665596 0.0497303 0.0355526 0.0247369 0.0161479 0.00954464 0.00496258 0.00220209 0.000809145
 3.45388e-11 1.62454e-09 5.29102e-08 1.19326e-06 1.86344e-05 0.000201506 0.00150887 0.00782422 0.0281033 0.0699891 0.121321 0.148586 0.135718 0.107605 0.0912907 0.082378 0.0678539 0.0496261 0.0343499 0.0230913 0.0146834 0.00858933 0.00449052 0.00201894 0.000750683
 3.1831e-11 1.49718e-09 4.87621e-08 1.09971e-06 1.71735e-05 0.000185708 0.00139059 0.00721102 0.025903 0.0645312 0.112009 0.137885 0.128203 0.106367 0.0958741 0.0899336 0.0756081 0.0561958 0.0392716 0.0262347 0.016309 0.00926233 0.00472655 0.00210009 0.000780638
 3.2057e-11 1.50781e-09 4.91083e-08 1.10751e-06 1.72954e-05 0.000187026 0.00140046 0.00726213 0.0260856 0.0649775 0.112723 0.138481 0.127863 0.104322 0.0923137 0.0864298 0.0740313 0.0570695 0.041597 0.0286751 0.0180927 0.0102572 0.00515395 0.0022415 0.000817841
 3.33308e-11 1.56772e-09 5.10596e-08 1.15152e-06 1.79827e-05 0.000194458 0.0014561 0.00755059 0.0271207 0.067545 0.117104 0.143518 0.131404 0.104901 0.0900809 0.0826014 0.0698443 0.0533646 0.0389888 0.02743 0.0178814 0.0104606 0.00535505 0.0023355 0.000844534
 3.35106e-11 1.57618e-09 5.13351e-08 1.15773e-06 1.80797e-05 0.000195507 0.00146396 0.00759134 0.0272673 0.0679116 0.117751 0.144362 0.132339 0.105954 0.0912181 0.083416 0.0697685 0.0522606 0.0373205 0.025866 0.0168516 0.0100006 0.00524235 0.00234065 0.000859637
#obs catch len freq
 1.91748e-11 9.01891e-10 2.9374e-08 6.62458e-07 1.03453e-05 0.00011187 0.000837699 0.0043442 0.0156085 0.0389192 0.0677887 0.0845633 0.0822417 0.0759892 0.0787366 0.0837588 0.0824925 0.0771773 0.0710288 0.0637775 0.0554439 0.0461103 0.0352098 0.0232702 0.012579
 2.35487e-11 1.10762e-09 3.60744e-08 8.13568e-07 1.27051e-05 0.000137388 0.00102876 0.00533477 0.0191636 0.0477449 0.082896 0.102162 0.0954066 0.0803009 0.0748911 0.0752258 0.0723649 0.0673302 0.0627323 0.0574943 0.0505305 0.0418185 0.0315745 0.0206993 0.0111497
 7.5281e-16 3.54864e-14 1.16585e-12 2.71954e-11 4.80683e-10 7.60263e-09 1.28449e-07 2.13901e-06 2.86883e-05 0.00027885 0.00190042 0.00900771 0.0296892 0.0683871 0.111674 0.133985 0.127724 0.109784 0.0949422 0.0841172 0.0737537 0.0614808 0.0465475 0.0304085 0.016289
 1.21951e-11 5.73596e-10 1.86817e-08 4.21319e-07 6.57949e-06 7.11475e-05 0.000532737 0.00276219 0.00991698 0.0246545 0.042446 0.0506476 0.0422433 0.0267633 0.021508 0.0378194 0.0735517 0.110343 0.126978 0.120355 0.102679 0.0828631 0.0619286 0.040349 0.0215803
 5.06249e-11 2.38115e-09 7.75525e-08 1.74901e-06 2.73132e-05 0.000295352 0.00221154 0.0114667 0.04117 0.102367 0.176325 0.210678 0.175517 0.104006 0.047025 0.0196385 0.0102929 0.00896673 0.0121196 0.0165278 0.0185434 0.0169487 0.013 0.0084118 0.00446135
 3.04262e-11 1.4311e-09 4.66101e-08 1.05118e-06 1.64157e-05 0.000177513 0.00132925 0.00689333 0.0247678 0.0617609 0.107596 0.134301 0.130679 0.11975 0.118449 0.110448 0.0810767 0.0441689 0.0191593 0.0092961 0.00766581 0.00786604 0.0069926 0.0049178 0.00268865
 3.77231e-11 1.77431e-09 5.77881e-08 1.30327e-06 2.03524e-05 0.000220083 0.00164796 0.00854517 0.0306887 0.0763858 0.132124 0.160483 0.14235 0.104335 0.0796031 0.0697845 0.061823 0.0506251 0.0365885 0.0219695 0.0109218 0.0053097 0.00320253 0.00214281 0.00122727
 2.37759e-11 1.1183e-09 3.64224e-08 8.21418e-07 1.28277e-05 0.000138714 0.00103873 0.005387 0.0193594 0.048313 0.08443 0.106621 0.107677 0.106631 0.114893 0.115999 0.0971952 0.0699922 0.0483587 0.0331769 0.0209221 0.0112831 0.00525005 0.00230733 0.00101331
 4.02902e-11 1.89506e-09 6.17208e-08 1.39196e-06 2.17374e-05 0.000235059 0.0017601 0.00912637 0.0327727 0.0815403 0.140816 0.169984 0.147363 0.100727 0.067805 0.0548039 0.0495982 0.04449 0.0369598 0.0270879 0.0173582 0.00983981 0.0048841 0.00207374 0.000752341
 3.49864e-11 1.64559e-09 5.35958e-08 1.20872e-06 1.88759e-05 0.000204117 0.00152843 0.00792568 0.0284685 0.070906 0.122961 0.15083 0.138492 0.111131 0.0951137 0.0843259 0.065588 0.0437498 0.028412 0.0198837 0.0140155 0.00886513 0.00473584 0.00208977 0.000753288
 3.83189e-11 1.80234e-09 5.8701e-08 1.32386e-06 2.06739e-05 0.000223559 0.001674 0.00868023 0.0311745 0.0776032 0.134284 0.163359 0.14568 0.108226 0.0835173 0.071343 0.0585054 0.043343 0.0297615 0.0190563 0.0113828 0.00647899 0.00345732 0.0016124 0.000614226
 3.6795e-11 1.73066e-09 5.63664e-08 1.27121e-06 1.98517e-05 0.000214668 0.00160743 0.0083352 0.0299374 0.0745435 0.129126 0.157724 0.142701 0.110256 0.0899357 0.0785292 0.0627395 0.0440458 0.029083 0.0187199 0.0113416 0.00623499 0.00306995 0.00133663 0.000498018
 3.6849e-11 1.7332e-09 5.64491e-08 1.27307e-06 1.98808e-05 0.000214983 0.00160979 0.00834738 0.0299808 0.0746474 0.129279 0.157781 0.142349 0.109194 0.0883445 0.0773237 0.0628762 0.0454218 0.030607 0.0195633 0.0115585 0.00620228 0.00298168 0.00125147 0.000444524
 3.50347e-11 1.64786e-09 5.36698e-08 1.21039e-06 1.8902e-05 0.000204399 0.00153054 0.00793654 0.0285067 0.0709927 0.123054 0.15068 0.137533 0.108831 0.0920264 0.0827149 0.0676998 0.0488991 0.0330941 0.0214313 0.0128426 0.0069132 0.00328218 0.00134495 0.000463301
 3.43685e-11 1.61653e-09 5.26492e-08 1.18737e-06 1.85426e-05 0.000200512 0.00150143 0.00778563 0.0279648 0.0696441 0.120724 0.14786 0.135076 0.107177 0.0911647 0.0827869 0.0690354 0.0513616 0.0358871 0.0237537 0.0144141 0.00783529 0.00374776 0.0015364 0.000524074
 2.97399e-11 1.39882e-09 4.55588e-08 1.02747e-06 1.60454e-05 0.000173509 0.00129925 0.00673747 0.0242038 0.060316 0.104815 0.129606 0.122347 0.105279 0.0991622 0.0953784 0.0811306 0.0609502 0.0431881 0.0292372 0.018242 0.0101809 0.00496699 0.00206158 0.000707286
 3.59705e-11 1.69188e-09 5.51034e-08 1.24272e-06 1.94069e-05 0.000209858 0.00157141 0.00814829 0.0292646 0.0728536 0.126099 0.153561 0.137474 0.103355 0.0816915 0.0721289 0.0622425 0.0500941 0.0383194 0.0273355 0.0176042 0.0100815 0.00504736 0.00214608 0.000750542
 3.51854e-11 1.65495e-09 5.39007e-08 1.2156e-06 1.89833e-05 0.000205278 0.00153712 0.00797065 0.0286289 0.0712939 0.123555 0.151192 0.13767 0.108218 0.0905308 0.0804952 0.0651587 0.0467874 0.0323871 0.0225312 0.0150633 0.00911516 0.00478099 0.00210422 0.000755848
 2.93746e-11 1.38164e-09 4.49992e-08 1.01485e-06 1.58483e-05 0.000171378 0.00128329 0.00665477 0.0239073 0.0595831 0.103582 0.128273 0.121693 0.105919 0.101002 0.0975658 0.0826283 0.0612115 0.0423602 0.0280137 0.0174299 0.0100919 0.00530427 0.00240934 0.000899232
 3.4764e-11 1.63513e-09 5.32551e-08 1.20104e-06 1.87559e-05 0.000202819 0.0015187 0.00787504 0.028284 0.0704195 0.121935 0.14872 0.133889 0.102281 0.0829723 0.0748402 0.0655553 0.0534464 0.0411587 0.0292309 0.0185831 0.0105346 0.0053186 0.00234474 0.000870415
 3.46579e-11 1.63014e-09 5.30926e-08 1.19737e-06 1.86987e-05 0.0002022 0.00151408 0.00785117 0.0281998 0.0702261 0.121709 0.148957 0.135717 0.10688 0.0897584 0.0803369 0.0658639 0.0484008 0.0345244 0.0246145 0.0166599 0.0100992 0.00528373 0.00233109 0.000850613
 3.31415e-11 1.55882e-09 5.07696e-08 1.14498e-06 1.78806e-05 0.000193353 0.00144783 0.00750776 0.0269676 0.0671699 0.116497 0.142978 0.13156 0.106344 0.0927307 0.0854144 0.0714766 0.0531716 0.0373043 0.0252076 0.0161101 0.00956628 0.00511296 0.00234174 0.000878709
 3.33196e-11 1.56719e-09 5.10424e-08 1.15114e-06 1.79767e-05 0.000194392 0.00145561 0.00754805 0.0271118 0.0675228 0.117068 0.143483 0.131407 0.10499 0.090316 0.0830485 0.0704913 0.0539676 0.0391389 0.0269672 0.017125 0.00987151 0.00510422 0.00230167 0.000868993
 3.33489e-11 1.56857e-09 5.10873e-08 1.15215e-06 1.79925e-05 0.000194563 0.00145689 0.0075547 0.0271357 0.0675833 0.117178 0.143646 0.131639 0.105321 0.0906693 0.0831369 0.0700376 0.053117 0.0384447 0.0268237 0.0173986 0.0101835 0.00525869 0.00233506 0.000866097
 3.60514e-11 1.69568e-09 5.52273e-08 1.24552e-06 1.94505e-05 0.00021033 0.00157494 0.0081667 0.0293316 0.0730294 0.126464 0.154291 0.139029 0.106332 0.0858408 0.0755974 0.0628068 0.0474019 0.0341483 0.0237071 0.0153648 0.00905453 0.00472831 0.0021161 0.000784539
 3.34838e-11 1.57492e-09 5.1294e-08 1.15681e-06 1.80652e-05 0.000195351 0.00146279 0.00758532 0.0272464 0.0678654 0.117712 0.14451 0.133091 0.107779 0.0939982 0.0860121 0.0707893 0.0513435 0.035266 0.0236854 0.0151096 0.00885213 0.00462329 0.00207821 0.000774973
 3.1306e-11 1.47248e-09 4.79578e-08 1.08157e-06 1.68903e-05 0.000182645 0.00136765 0.00709208 0.0254758 0.0634671 0.110164 0.135623 0.126137 0.104781 0.0947983 0.0896927 0.0766966 0.0584969 0.0418973 0.0283213 0.0176175 0.00998143 0.0050882 0.00226109 0.000840938
 3.34778e-11 1.57463e-09 5.12848e-08 1.1566e-06 1.8062e-05 0.000195315 0.00146252 0.00758384 0.0272397 0.0678355 0.11757 0.14391 0.131201 0.103621 0.0878814 0.0805533 0.0691724 0.0542863 0.0406256 0.0287983 0.0186239 0.0107423 0.00544243 0.00237179 0.000865232
 3.3592e-11 1.58001e-09 5.14598e-08 1.16055e-06 1.81236e-05 0.000195982 0.00146751 0.00760976 0.0273333 0.068074 0.118019 0.144629 0.132384 0.105575 0.0904071 0.0824146 0.068924 0.0518549 0.0374908 0.0265062 0.017618 0.0105744 0.00554362 0.00246013 0.000898766
#spawning biomass
 22058.2 21366.2 17031.1 12428.4 14178.8 24680.7 35572 44345.7 54808 74115.7 90660.9 118739 141369 158164 150623 140635 128944 140643 136384 146035 159453 161372 182911 166945 171428 206603 191904 182777 191914 237147 270867 185018 115990 73204.5 49524.1 37264.9 31179.5 28240.2 26846.2 26193.1 25889.7 25749.6 25685.1 25655.5 25642 25635.8 25633 25631.7 25631.1 25630.8 25630.7 25630.7 25630.6 25630.6 25630.6 25630.6 25630.6 25630.6 25630.6 25630.6 25630.6 25630.6 25630.6 25630.6 25630.6 25630.6 25630.6 25630.6 25630.6 25630.6 25630.6 25630.6 25630.6 25630.6 25630.6 25630.6 25630.6 25630.6 25630.6 25630.6 25630.6 25630.6 25630.6 25630.6 25630.6 25630.6 25630.6 25630.6 25630.6 25630.6 25630.6 25630.6 25630.6 25630.6 25630.6 25630.6 25630.6 25630.6 25630.6 25630.6 25630.6 25630.6 25630.6 25630.6 25630.6 25630.6 25630.6 25630.6 25630.6 25630.6 25630.6 25630.6 25630.6 25630.6 25630.6 25630.6 25630.6 25630.6 25630.6 25630.6 25630.6 25630.6 25630.6 25630.6 25630.6 25630.6 25630.6 25630.6 25630.6 0 0 0 0 0 0 0 0 0 0 0 0 0 0 0 0 0 0 0 0 0 0 0 0 0
