SBPRF35
0.256306
Curr Bio
163596
B35
202507
F35
0.40165
FOFL
0.287016
OFL
43243.9
Bzero
73230.3
#pred survey bio
 33564.4 25072.6 19876.2 17599.5 27075.8 39889.7 54351.8 63356.5 86033.5 114554 128529 153995 180977 212576 225177 232308 217171 217760 233285 233882 230403 225486 244138 273471 272967 265918 265385 251499 249537 8.16904e+06 4.54661e+06 3.35116e+06 2.31281e+06 1.62919e+06 1.22976e+06 1.00956e+06 891167 827709 793283 774177 763261 756826 752917 750477 748917 747911 747252 746817 746527 746333 746203 746116 746057 746017 745990 745972 745959 745951 745945 745942 745939 745937 745936 745935 745935 745934 745934 745934 745934 745934 745934 745934 745934 745934 745934 745934 745934 745934 745934 745934 745934 745934 745934 745934 745934 745934 745934 745934 745934 745934 745934 745934 745934 745934 745934 745934 745934 745934 745934 745934 745934 745934 745934 745934 745934 745934 745934 745934 745934 745934 745934 745934 745934 745934 745934 745934 745934 745934 745934 745934 745934 745934 745934 745934 745934 745934 745934 745934 745934 0 0 0 0 0 0 0 0 0 0 0 0 0 0 0 0 0 0 0 0 0 0 0 0 0
#obs survey bio
 39915.2 18387.3 17153.6 23487.4 23816.3 52546.9 42135 90312.2 120425 136751 131535 171513 249495 245716 200618 198763 181992 166008 191477 205750 239306 219750 214839 208578 291009 319901 236244 309097 250880
#pred catch bio
 8351.1 3828.81 3916.9 3418.17 6269.34 7185.46 15304.6 15477.8 19968.3 41722.1 44559.8 57005 66458.1 82147.7 84029.3 102922 89433 77362.8 92522.9 95121 96907 85884 90808.3 117372 114524 103601 113274 107465 119554 43243.9 56716.9 41135.1 27261.4 18409.6 13473.2 10915.1 9647.79 9037.9 8749.98 8615.81 8553.84 8525.39 8512.39 8506.45 8503.75 8502.53 8501.98 8501.73 8501.61 8501.56 8501.54 8501.53 8501.52 8501.52 8501.52 8501.52 8501.52 8501.52 8501.52 8501.52 8501.52 8501.52 8501.52 8501.52 8501.52 8501.52 8501.52 8501.52 8501.52 8501.52 8501.52 8501.52 8501.52 8501.52 8501.52 8501.52 8501.52 8501.52 8501.52 8501.52 8501.52 8501.52 8501.52 8501.52 8501.52 8501.52 8501.52 8501.52 8501.52 8501.52 8501.52 8501.52 8501.52 8501.52 8501.52 8501.52 8501.52 8501.52 8501.52 8501.52 8501.52 8501.52 8501.52 8501.52 8501.52 8501.52 8501.52 8501.52 8501.52 8501.52 8501.52 8501.52 8501.52 8501.52 8501.52 8501.52 8501.52 8501.52 8501.52 8501.52 8501.52 8501.52 8501.52 8501.52 8501.52 8501.52 8501.52 8501.52 8501.52 0 0 0 0 0 0 0 0 0 0 0 0 0 0 0 0 0 0 0 0 0 0 0 0 0
#obs catch bio
 3085.21 3831.93 4164.8 3411.98 6497.79 6947.31 15358.6 15239.8 18576.3 41364.4 42033.7 52755.1 62071.8 78098.3 83737.9 103643 94679.4 76884.8 93246.1 94740.2 96201.2 82665.1 92707 121774 115335 103478 112577 109723 120524
#pred cpue bio
 31711 24235.9 19458.7 16405.5 23320.5 35056.9 49046.1 56811.6 76006.7 102162 113379 135452 158695 186728 199803 207509 192057 192907 208286 207892 204821 199719 215788 241218 240737 236280 236958 223238 220075 7.14752e+06 4.3674e+06 3.28289e+06 2.25646e+06 1.57387e+06 1.17452e+06 954334 835938 772480 738054 718948 708032 701597 697688 695248 693688 692682 692023 691588 691298 691104 690974 690887 690828 690788 690761 690743 690730 690722 690716 690713 690710 690708 690707 690706 690706 690705 690705 690705 690705 690705 690705 690705 690705 690705 690705 690705 690705 690705 690705 690705 690705 690705 690705 690705 690705 690705 690705 690705 690705 690705 690705 690705 690705 690705 690705 690705 690705 690705 690705 690705 690705 690705 690705 690705 690705 690705 690705 690705 690705 690705 690705 690705 690705 690705 690705 690705 690705 690705 690705 690705 690705 690705 690705 690705 690705 690705 690705 690705 690705 0 0 0 0 0 0 0 0 0 0 0 0 0 0 0 0 0 0 0 0 0 0 0 0 0
#obs cpue bio
 23039.2 15984.2 13399.3 25487.8 20089.2 42699.4 61774.4 42779.7 107906 61857.3 161465 185164 138639 184962 164439 257434 142892 308602 254949 248233 212153 263590 159261 296862 242746 191002 296434 142616 238763
#pred surv len freq
 2.46139e-11 1.15772e-09 3.77062e-08 8.50368e-07 1.32797e-05 0.000143602 0.0010753 0.00557609 0.0200305 0.0499056 0.0866523 0.106813 0.0998092 0.0840652 0.0781981 0.0776128 0.0726051 0.0644181 0.0565688 0.049137 0.0422341 0.0363345 0.0305642 0.0233691 0.014873
 1.22466e-11 5.76023e-10 1.87607e-08 4.23101e-07 6.60736e-06 7.14508e-05 0.000535062 0.00277535 0.00998 0.0249672 0.0440497 0.0575867 0.0643163 0.0756638 0.0944714 0.106136 0.102032 0.0902588 0.0787316 0.0677664 0.0567631 0.0462717 0.0361847 0.0258184 0.015614
 1.00009e-11 4.70395e-10 1.53205e-08 3.45515e-07 5.39573e-06 5.83479e-05 0.000436925 0.00226599 0.00814367 0.0203271 0.0355508 0.0450451 0.0461359 0.0479544 0.058182 0.0742494 0.0913786 0.105241 0.109115 0.100662 0.0849723 0.0674495 0.0501154 0.0335719 0.0191387
 3.45316e-11 1.6242e-09 5.28992e-08 1.19301e-06 1.86305e-05 0.000201462 0.00150852 0.00782175 0.0280854 0.0698557 0.120483 0.144706 0.123063 0.0788945 0.046141 0.0335278 0.0331903 0.0391358 0.0478264 0.0543233 0.0541784 0.0467996 0.0351307 0.0227583 0.0123497
 4.4925e-11 2.11306e-09 6.8821e-08 1.55208e-06 2.4238e-05 0.000262099 0.00196257 0.0101761 0.0365411 0.0909054 0.156912 0.189041 0.162599 0.107904 0.0665473 0.0451482 0.0310777 0.0199684 0.014162 0.0133814 0.0144557 0.0143756 0.0119974 0.00814321 0.00441357
 3.66238e-11 1.72261e-09 5.61043e-08 1.26529e-06 1.97593e-05 0.00021367 0.00159996 0.00829653 0.0297995 0.0742116 0.128627 0.15747 0.143597 0.113193 0.0945493 0.0824617 0.0631059 0.0400135 0.0225653 0.012826 0.00845272 0.00680801 0.00570906 0.00412905 0.00235002
 3.1672e-11 1.4897e-09 4.85185e-08 1.09421e-06 1.70877e-05 0.00018478 0.00138364 0.00717495 0.0257729 0.0642026 0.111407 0.136999 0.126935 0.104534 0.0938461 0.0891715 0.0775435 0.0601349 0.0424718 0.0267415 0.0148311 0.00784379 0.00450506 0.00276344 0.00153388
 3.49377e-11 1.6433e-09 5.35213e-08 1.20704e-06 1.88496e-05 0.000203832 0.00152629 0.00791437 0.0284247 0.0707669 0.122514 0.149319 0.13408 0.101691 0.0815969 0.0731324 0.0641875 0.0530015 0.0418427 0.0305534 0.0196233 0.010866 0.00529535 0.00239994 0.00104091
 3.78616e-11 1.78083e-09 5.80005e-08 1.30806e-06 2.04272e-05 0.000220891 0.00165402 0.0085766 0.0308018 0.0766715 0.132644 0.161231 0.143352 0.10557 0.0802858 0.0678939 0.0558801 0.0428461 0.0322965 0.0240733 0.0168008 0.0103848 0.00547155 0.00241876 0.000903689
 3.47849e-11 1.63611e-09 5.32872e-08 1.20176e-06 1.87672e-05 0.000202941 0.00151962 0.00787992 0.0283029 0.0704817 0.122144 0.149449 0.136042 0.106901 0.0895789 0.0802569 0.0660543 0.0485569 0.0341253 0.0236875 0.0158657 0.00989375 0.00548589 0.00257062 0.000980422
 3.76899e-11 1.77275e-09 5.77374e-08 1.30212e-06 2.03345e-05 0.000219889 0.00164652 0.00853772 0.0306625 0.0763277 0.13207 0.160631 0.143141 0.106138 0.081766 0.0701188 0.0584045 0.0448103 0.0326337 0.0225103 0.0143822 0.00847068 0.00454262 0.00213218 0.000832599
 3.76553e-11 1.77112e-09 5.76843e-08 1.30093e-06 2.03158e-05 0.000219687 0.00164501 0.00852994 0.0306353 0.0762673 0.132015 0.160794 0.144017 0.108259 0.0848993 0.072756 0.0588416 0.0429439 0.0299996 0.0205154 0.0132394 0.00777995 0.00406791 0.00184733 0.000706011
 3.81446e-11 1.79414e-09 5.84339e-08 1.31783e-06 2.05798e-05 0.000222542 0.00166638 0.00864075 0.0310329 0.0772536 0.133698 0.16273 0.145385 0.108532 0.0842461 0.0718405 0.0582193 0.042571 0.0294259 0.0195523 0.0121802 0.00697365 0.00359312 0.00161004 0.000604259
 3.76143e-11 1.7692e-09 5.76216e-08 1.29951e-06 2.02937e-05 0.000219448 0.00164322 0.00852068 0.0306022 0.0761867 0.131888 0.160698 0.144121 0.108747 0.0858118 0.0739056 0.0599063 0.0435828 0.0299418 0.0197685 0.0121682 0.00681544 0.00341445 0.00149031 0.000547696
 3.53981e-11 1.66496e-09 5.42266e-08 1.22294e-06 1.90981e-05 0.000206519 0.00154641 0.00801881 0.0288014 0.0717203 0.124271 0.151958 0.138028 0.107856 0.089719 0.0801527 0.0660949 0.0486167 0.0336581 0.0222555 0.0136311 0.00755596 0.00372557 0.001592 0.000571287
 3.44772e-11 1.62164e-09 5.28159e-08 1.19113e-06 1.86012e-05 0.000201146 0.00150618 0.00781022 0.0280523 0.0698561 0.121048 0.148056 0.134616 0.10553 0.0884442 0.0801142 0.0677736 0.0519179 0.0375836 0.0256679 0.0159927 0.00891683 0.00438354 0.00185427 0.000655194
 3.70385e-11 1.74211e-09 5.67395e-08 1.27962e-06 1.99831e-05 0.000216089 0.00161806 0.00839022 0.0301333 0.0750163 0.129841 0.158106 0.141489 0.106171 0.0832928 0.0721402 0.0599786 0.0458009 0.0334972 0.0234704 0.015148 0.00873525 0.00439404 0.00187735 0.00066297
 3.60737e-11 1.69674e-09 5.52616e-08 1.24629e-06 1.94626e-05 0.00021046 0.00157592 0.0081718 0.0293502 0.0730803 0.126581 0.154569 0.139706 0.107705 0.0878035 0.0772998 0.0632327 0.0463815 0.0324496 0.0221727 0.0143138 0.00841458 0.00435559 0.00191417 0.000690315
 3.45031e-11 1.62286e-09 5.28555e-08 1.19202e-06 1.86152e-05 0.000201297 0.00150731 0.00781608 0.0280735 0.0699102 0.121151 0.148224 0.134903 0.106014 0.0890769 0.0805835 0.0676944 0.051219 0.0366065 0.0248828 0.0156686 0.00900162 0.00463111 0.00205786 0.000757255
 3.59788e-11 1.69227e-09 5.51162e-08 1.24301e-06 1.94113e-05 0.000209907 0.00157177 0.00815024 0.0292722 0.0728794 0.12619 0.153886 0.138445 0.105455 0.0847381 0.0747631 0.0628508 0.0484124 0.0355718 0.0248728 0.0159744 0.00921726 0.00469909 0.00206419 0.000756517
 3.55963e-11 1.67428e-09 5.45301e-08 1.22979e-06 1.9205e-05 0.000207675 0.00155506 0.00806365 0.0289619 0.0721143 0.124915 0.152564 0.137998 0.106629 0.087318 0.0773906 0.0640342 0.0478638 0.034246 0.0238147 0.0155215 0.00915809 0.00475196 0.00210272 0.000769781
 3.64433e-11 1.71412e-09 5.58278e-08 1.25906e-06 1.9662e-05 0.000212617 0.00159207 0.00825546 0.0296501 0.0738202 0.127818 0.155865 0.140201 0.106709 0.0855112 0.0749233 0.0620816 0.046684 0.033373 0.0228903 0.0146439 0.00855456 0.00445667 0.00199662 0.000739939
 3.67758e-11 1.72976e-09 5.6337e-08 1.27054e-06 1.98413e-05 0.000214556 0.00160659 0.00833076 0.0299204 0.0744918 0.128972 0.157231 0.141292 0.107233 0.0854922 0.074476 0.061278 0.0456713 0.0324179 0.0221746 0.0141491 0.00820679 0.0042351 0.00188663 0.000700029
 3.71355e-11 1.74668e-09 5.68882e-08 1.28297e-06 2.00354e-05 0.000216655 0.0016223 0.00841223 0.0302128 0.0752176 0.130213 0.158674 0.142361 0.10756 0.085149 0.0737847 0.0605098 0.0449184 0.0316871 0.0215083 0.0136194 0.00784751 0.0040252 0.00178194 0.000657501
 3.69182e-11 1.73646e-09 5.65553e-08 1.27546e-06 1.99182e-05 0.000215387 0.00161281 0.00836304 0.0300365 0.0747826 0.129487 0.157912 0.142072 0.10816 0.086555 0.0753413 0.0614737 0.0450546 0.0312821 0.020945 0.0131176 0.00748314 0.00380295 0.00166998 0.000611981
 3.52264e-11 1.65688e-09 5.39635e-08 1.21701e-06 1.90054e-05 0.000205517 0.00153891 0.00797991 0.0286617 0.0713728 0.12367 0.151234 0.137403 0.107443 0.0894971 0.0801163 0.0662948 0.0490536 0.0342313 0.0228391 0.014143 0.00795187 0.00398593 0.00173014 0.000627997
 3.46223e-11 1.62847e-09 5.30382e-08 1.19614e-06 1.86795e-05 0.000201993 0.00151252 0.00784308 0.0281702 0.0701483 0.121546 0.148623 0.134997 0.105543 0.0881058 0.0795845 0.0672231 0.0514573 0.0372839 0.025559 0.0160361 0.00903059 0.00449537 0.00192891 0.000691552
 3.62173e-11 1.70349e-09 5.54815e-08 1.25125e-06 1.954e-05 0.000211298 0.00158219 0.00820425 0.0294661 0.0733614 0.127019 0.154871 0.139243 0.105861 0.0847576 0.0744319 0.0621743 0.0475135 0.0347423 0.0243489 0.015744 0.00911916 0.00462138 0.0019946 0.000712857
 3.72697e-11 1.75299e-09 5.70938e-08 1.28761e-06 2.01078e-05 0.000217438 0.00162817 0.00844262 0.0303218 0.0754878 0.130672 0.159191 0.142689 0.107512 0.0847148 0.0730936 0.0597322 0.0442514 0.0313504 0.021598 0.0139892 0.00823778 0.00427573 0.0018883 0.000685871
#obs surv len freq
 2.37157e-11 1.11547e-09 3.63302e-08 8.19338e-07 1.27952e-05 0.000138362 0.00103606 0.00537265 0.0193003 0.048091 0.0835349 0.103129 0.0968764 0.0826708 0.0782423 0.078749 0.0747758 0.0677771 0.0611714 0.0546187 0.0473325 0.0389265 0.0291813 0.0189439 0.0101186
 9.35163e-16 4.40574e-14 1.44421e-12 3.34027e-11 5.73248e-10 8.41585e-09 1.28955e-07 2.02666e-06 2.66458e-05 0.000257598 0.00175343 0.00831215 0.0274296 0.0633926 0.10439 0.127714 0.126419 0.114161 0.10197 0.0902181 0.077404 0.0630642 0.046985 0.0303666 0.0161334
 1.33435e-11 6.27614e-10 2.0441e-08 4.60995e-07 7.19909e-06 7.78476e-05 0.000582907 0.00302231 0.0108509 0.0269762 0.0464423 0.0554061 0.0461265 0.0287198 0.0212156 0.0347889 0.0675074 0.103046 0.122025 0.119718 0.104744 0.0848239 0.0625922 0.0401341 0.0211926
 5.16828e-11 2.43091e-09 7.91732e-08 1.78556e-06 2.7884e-05 0.000301524 0.00225776 0.0117063 0.04203 0.104502 0.179984 0.214959 0.178788 0.105277 0.0465748 0.0184074 0.00895334 0.00748308 0.0101335 0.014085 0.0161792 0.0150988 0.0117062 0.00756492 0.00397796
 3.42868e-11 1.61269e-09 5.25241e-08 1.18455e-06 1.84985e-05 0.000200036 0.00149788 0.0077675 0.0279037 0.0695315 0.120798 0.149214 0.140282 0.119086 0.108472 0.0970216 0.0702222 0.0380101 0.0163335 0.00780195 0.00643485 0.00670633 0.00605015 0.0042939 0.00235347
 3.66809e-11 1.72529e-09 5.61917e-08 1.26727e-06 1.97902e-05 0.000214003 0.00160244 0.00830921 0.0298424 0.074291 0.128579 0.156547 0.14005 0.105163 0.0832597 0.0742946 0.0650912 0.0519854 0.0367127 0.021714 0.0106896 0.00516795 0.00313019 0.00211462 0.00121999
 2.53502e-11 1.19235e-09 3.88341e-08 8.75807e-07 1.3677e-05 0.000147899 0.00110749 0.00574339 0.0206369 0.0514692 0.0897279 0.112296 0.110276 0.103448 0.106575 0.106845 0.0919045 0.0697633 0.0508795 0.035755 0.0224713 0.0119655 0.00550497 0.00240818 0.00106055
 4.27496e-11 2.01074e-09 6.54883e-08 1.47693e-06 2.30643e-05 0.000249407 0.00186753 0.00968334 0.0347713 0.0864997 0.149289 0.179775 0.15442 0.102344 0.0642832 0.0482788 0.0421581 0.0375794 0.0317183 0.0240635 0.0160877 0.00942503 0.00474353 0.00201262 0.000726074
 3.32409e-11 1.56349e-09 5.09219e-08 1.14842e-06 1.79342e-05 0.000193934 0.00145219 0.00753045 0.0270508 0.0673931 0.116994 0.144099 0.134188 0.111516 0.0997501 0.0905093 0.0705219 0.0464402 0.0295187 0.0204165 0.0145398 0.00944191 0.00520375 0.0023572 0.00086325
 3.78905e-11 1.78219e-09 5.80447e-08 1.30905e-06 2.04428e-05 0.000221059 0.00165528 0.00858312 0.0308252 0.0767281 0.132733 0.161296 0.143291 0.105379 0.0803841 0.0692264 0.0590134 0.0465141 0.0338595 0.0223598 0.0134331 0.00764243 0.00411556 0.00195683 0.000762289
 3.82669e-11 1.79989e-09 5.86213e-08 1.32206e-06 2.06459e-05 0.000223256 0.00167173 0.00866847 0.0311327 0.0775024 0.134134 0.163285 0.145951 0.109059 0.0846092 0.0716653 0.0572089 0.0411354 0.0285019 0.0195345 0.0125741 0.00723405 0.00365887 0.00161766 0.000610848
 3.90569e-11 1.83705e-09 5.98315e-08 1.34935e-06 2.10721e-05 0.000227865 0.00170624 0.00884738 0.0317747 0.0790951 0.136853 0.166418 0.148189 0.109559 0.0836344 0.0702282 0.0561127 0.0402527 0.0271883 0.0177181 0.0109074 0.00619919 0.00316228 0.00139292 0.000511701
 3.89852e-11 1.83368e-09 5.97217e-08 1.34687e-06 2.10334e-05 0.000227446 0.00170311 0.00883117 0.0317168 0.0789541 0.13663 0.16625 0.148363 0.110356 0.0849869 0.0715596 0.0567556 0.0400622 0.0265275 0.0169449 0.0101645 0.00557863 0.00275105 0.00118515 0.000429791
 3.72591e-11 1.75249e-09 5.70773e-08 1.28724e-06 2.01021e-05 0.000217376 0.0016277 0.00844027 0.0303142 0.0754763 0.130705 0.159477 0.143731 0.109918 0.088429 0.0768447 0.0618453 0.0440101 0.0292228 0.0185417 0.0109365 0.00585639 0.00280325 0.00117014 0.000412349
 3.27176e-11 1.53888e-09 5.01203e-08 1.13034e-06 1.76519e-05 0.000190881 0.00142932 0.00741181 0.0266237 0.0663204 0.115073 0.14146 0.130899 0.107318 0.0952743 0.0885547 0.0740828 0.0547123 0.0377498 0.0246175 0.0146885 0.00784559 0.00370183 0.00151003 0.000517717
 3.45802e-11 1.62649e-09 5.29735e-08 1.19469e-06 1.86568e-05 0.000201747 0.00151068 0.00783347 0.0281354 0.0700564 0.121353 0.148232 0.134154 0.103919 0.0858342 0.0776758 0.0668993 0.0529388 0.0396249 0.0276309 0.0173081 0.00956196 0.00459433 0.00187869 0.000637589
 3.78281e-11 1.77925e-09 5.79491e-08 1.3069e-06 2.04091e-05 0.000220696 0.00165256 0.00856904 0.0307752 0.0766089 0.132563 0.161257 0.143779 0.106736 0.0821954 0.0699769 0.0573466 0.0432385 0.0315858 0.0225374 0.0149813 0.00886338 0.00450982 0.00191738 0.000664689
 3.16458e-11 1.48847e-09 4.84783e-08 1.09331e-06 1.70736e-05 0.000184628 0.0013825 0.00716911 0.025753 0.0641623 0.111402 0.137295 0.128145 0.107269 0.0975379 0.0913477 0.0756935 0.0549221 0.0377087 0.0254287 0.0164259 0.00980037 0.0051858 0.00232308 0.000845663
 3.59455e-11 1.69071e-09 5.50652e-08 1.24186e-06 1.93934e-05 0.000209712 0.00157032 0.00814264 0.0292444 0.072804 0.126018 0.153486 0.137483 0.103533 0.0820737 0.0726731 0.0628153 0.0504417 0.0381685 0.0267019 0.0168835 0.00966759 0.00498575 0.00223969 0.000836437
 3.50582e-11 1.64897e-09 5.37058e-08 1.2112e-06 1.89146e-05 0.000204536 0.00153156 0.0079418 0.0285249 0.0710311 0.123074 0.150485 0.136654 0.106687 0.088564 0.0788694 0.0648667 0.0480511 0.034475 0.0244988 0.0164092 0.00984865 0.0051387 0.00228189 0.000842576
 3.51948e-11 1.65539e-09 5.39151e-08 1.21592e-06 1.89884e-05 0.000205333 0.00153753 0.00797271 0.0286356 0.0713037 0.123525 0.150935 0.136748 0.106157 0.0876243 0.0783153 0.0653943 0.0492937 0.035238 0.0241917 0.0155993 0.00927327 0.00493556 0.00225058 0.000843991
 3.71918e-11 1.74932e-09 5.69743e-08 1.28491e-06 2.00658e-05 0.000216983 0.00162476 0.00842494 0.0302582 0.0753274 0.130382 0.15878 0.142137 0.106735 0.0837685 0.0723879 0.059769 0.045075 0.0324687 0.0224798 0.0144754 0.00847559 0.00442997 0.00200592 0.00075722
 3.51554e-11 1.65354e-09 5.38547e-08 1.21456e-06 1.89671e-05 0.000205103 0.00153581 0.00796384 0.0286043 0.0712312 0.123437 0.151002 0.137361 0.107735 0.0900121 0.0804215 0.0659709 0.0482055 0.0334735 0.022666 0.0145074 0.00849318 0.00442432 0.00198687 0.000743671
 3.69466e-11 1.73779e-09 5.65987e-08 1.27644e-06 1.99335e-05 0.000215553 0.00161405 0.00836942 0.030059 0.0748339 0.129544 0.157834 0.141533 0.106809 0.0845217 0.0735569 0.0610195 0.0460793 0.0329398 0.0223657 0.0140353 0.00802337 0.00411311 0.00183143 0.000681483
 3.5225e-11 1.65681e-09 5.39614e-08 1.21697e-06 1.90047e-05 0.000205509 0.00153885 0.00797961 0.0286609 0.0713714 0.123675 0.151274 0.137544 0.107746 0.0898738 0.0802422 0.0658666 0.0482221 0.0335609 0.0227118 0.0144268 0.0083088 0.00423256 0.00185723 0.000681173
 3.35803e-11 1.57946e-09 5.14419e-08 1.16014e-06 1.81173e-05 0.000195914 0.001467 0.00760711 0.0273238 0.0680501 0.117977 0.144572 0.132324 0.105549 0.0905637 0.0830555 0.0702273 0.0533854 0.0383034 0.026077 0.016381 0.00933785 0.00474398 0.00208033 0.000759541
 3.44907e-11 1.62227e-09 5.28364e-08 1.1916e-06 1.86085e-05 0.000201225 0.00150677 0.00781323 0.0280629 0.0698789 0.121066 0.147974 0.134211 0.104531 0.0868467 0.078395 0.0666067 0.0516993 0.0383054 0.0270177 0.0174862 0.0101368 0.00516568 0.00225643 0.000819933
 3.64205e-11 1.71304e-09 5.57928e-08 1.25827e-06 1.96497e-05 0.000212483 0.00159107 0.00825027 0.0296314 0.0737718 0.127723 0.1557 0.139889 0.106125 0.0846154 0.0738977 0.0612559 0.0463809 0.0337862 0.0239061 0.0158209 0.00945755 0.00495497 0.00220368 0.00080701
 3.66441e-11 1.72356e-09 5.61353e-08 1.26599e-06 1.97703e-05 0.000213788 0.00160084 0.00830096 0.0298138 0.0742292 0.128537 0.156798 0.141208 0.107788 0.0865867 0.0755138 0.0615961 0.0451584 0.0315675 0.0215574 0.0139763 0.0083365 0.00442923 0.00201406 0.000753684
#pred catch len freq
 2.14275e-11 1.00785e-09 3.2825e-08 7.40285e-07 1.15606e-05 0.000125013 0.000936109 0.00485445 0.0174404 0.0434738 0.0756312 0.0939185 0.0899717 0.0803371 0.0799729 0.0824455 0.0785293 0.0705782 0.0625735 0.0546506 0.0470997 0.0405714 0.0341459 0.0261124 0.0166199
 1.00334e-11 4.71925e-10 1.53703e-08 3.46639e-07 5.4133e-06 5.85388e-05 0.000438381 0.00227409 0.00818072 0.0204976 0.0363794 0.0485585 0.05725 0.0725534 0.0949224 0.108754 0.105837 0.0947893 0.0835364 0.0723339 0.0607656 0.0496018 0.0388117 0.027699 0.0167525
 8.10491e-12 3.81216e-10 1.2416e-08 2.80011e-07 4.3728e-06 4.72863e-05 0.000354098 0.00183654 0.0066019 0.0164946 0.0289559 0.0371977 0.039714 0.0444674 0.057334 0.0753214 0.0941263 0.109445 0.114088 0.105566 0.0892758 0.0709432 0.0527403 0.0353384 0.0201474
 3.0943e-11 1.45541e-09 4.74018e-08 1.06903e-06 1.66944e-05 0.000180526 0.00135175 0.00700896 0.0251676 0.0626055 0.108027 0.129978 0.111308 0.0731399 0.0456073 0.0360068 0.0373853 0.0449264 0.0553158 0.0630141 0.0629223 0.0543839 0.040836 0.0264582 0.0143585
 4.25092e-11 1.99943e-09 6.51201e-08 1.46862e-06 2.29346e-05 0.000248005 0.00185704 0.00962904 0.0345779 0.0860347 0.148596 0.179449 0.155741 0.106403 0.0698202 0.0504533 0.0358714 0.0234431 0.0169029 0.0161607 0.0175286 0.0174481 0.0145653 0.00988698 0.00535888
 3.35034e-11 1.57584e-09 5.13241e-08 1.15749e-06 1.80758e-05 0.000195465 0.00146365 0.00758992 0.0272643 0.0679261 0.117924 0.145266 0.135349 0.112658 0.101058 0.0919926 0.0716273 0.0458952 0.0261777 0.0150466 0.00999304 0.008077 0.00678045 0.00490522 0.00279194
 2.86076e-11 1.34556e-09 4.38242e-08 9.88344e-07 1.54344e-05 0.000166902 0.00124978 0.00648099 0.0232827 0.0580248 0.100861 0.124849 0.118302 0.102842 0.0985849 0.0972563 0.0860105 0.0674713 0.0480946 0.0304623 0.0169527 0.00898643 0.00516934 0.00317318 0.0017617
 3.17889e-11 1.4952e-09 4.86977e-08 1.09825e-06 1.71508e-05 0.000185462 0.00138874 0.00720128 0.0258658 0.0644168 0.111662 0.136763 0.124975 0.0994188 0.0856182 0.0805099 0.072243 0.0604718 0.0482135 0.035409 0.0228082 0.0126489 0.00616986 0.00279784 0.00121384
 3.48438e-11 1.63888e-09 5.33774e-08 1.20379e-06 1.8799e-05 0.000203285 0.00152219 0.00789317 0.0283494 0.0705872 0.122256 0.149255 0.134809 0.103791 0.0846965 0.0753674 0.0634967 0.0493851 0.0376536 0.0282698 0.0197988 0.0122574 0.00646301 0.00285812 0.00106805
 3.20465e-11 1.50732e-09 4.90923e-08 1.10715e-06 1.72898e-05 0.000186966 0.0014 0.0072598 0.0260777 0.0649621 0.112726 0.138623 0.128423 0.105587 0.0940443 0.0875114 0.0732335 0.0544343 0.0386387 0.0270076 0.0181557 0.0113413 0.00629348 0.00295009 0.00112532
 3.50028e-11 1.64636e-09 5.3621e-08 1.20929e-06 1.88848e-05 0.000204212 0.00152914 0.0079292 0.0284789 0.0709106 0.122823 0.149979 0.135575 0.104653 0.0858784 0.0770497 0.0655148 0.0508889 0.0374163 0.0259683 0.0166463 0.00982126 0.0052717 0.00247547 0.000966835
 3.50629e-11 1.64919e-09 5.37131e-08 1.21136e-06 1.89172e-05 0.000204563 0.00153177 0.00794288 0.0285288 0.0710424 0.123102 0.150559 0.136849 0.107117 0.0892841 0.079785 0.0657415 0.0485381 0.0342481 0.0235825 0.0152732 0.00899039 0.00470475 0.00213741 0.000817028
 3.55721e-11 1.67314e-09 5.44931e-08 1.22896e-06 1.91919e-05 0.000207534 0.00155401 0.0080582 0.0289426 0.0720689 0.124854 0.152576 0.138284 0.107426 0.0886514 0.0789046 0.0651817 0.048219 0.0336563 0.0225137 0.014076 0.00807388 0.00416387 0.00186662 0.000700701
 3.50776e-11 1.64988e-09 5.37356e-08 1.21187e-06 1.89251e-05 0.000204649 0.00153241 0.00794624 0.028541 0.0710744 0.123169 0.150692 0.137138 0.107701 0.0902221 0.080934 0.0668012 0.0491448 0.0340874 0.0226556 0.0139952 0.00785284 0.0039378 0.00171954 0.000632072
 3.27197e-11 1.53898e-09 5.01235e-08 1.13041e-06 1.7653e-05 0.000190893 0.00142941 0.00741227 0.026625 0.066322 0.115062 0.141383 0.130625 0.106684 0.094279 0.0874951 0.0733686 0.0545603 0.0381353 0.0253829 0.015602 0.00866412 0.00427601 0.00182808 0.000656154
 3.19786e-11 1.50412e-09 4.89883e-08 1.10481e-06 1.72532e-05 0.000186569 0.00139704 0.00724439 0.0260219 0.0648191 0.112451 0.138156 0.127597 0.104187 0.0923284 0.086629 0.0744487 0.0576219 0.0420682 0.0288903 0.0180534 0.0100812 0.00496003 0.00209902 0.000741831
 3.45272e-11 1.62399e-09 5.28924e-08 1.19286e-06 1.86282e-05 0.000201438 0.00150836 0.0078215 0.0280926 0.0699537 0.121199 0.148155 0.134432 0.104813 0.0871726 0.0786312 0.0665912 0.0514304 0.0379578 0.0267521 0.0173184 0.0100019 0.00503509 0.00215209 0.00076014
 3.33603e-11 1.56911e-09 5.11049e-08 1.15254e-06 1.79986e-05 0.00019463 0.0014574 0.00755733 0.0271454 0.0676113 0.117252 0.143851 0.132189 0.106477 0.092346 0.0846208 0.0704555 0.0522723 0.0369397 0.0254166 0.0164678 0.00969771 0.00502403 0.00220883 0.000796731
 3.18535e-11 1.49824e-09 4.87966e-08 1.10049e-06 1.71857e-05 0.000185839 0.00139157 0.00721607 0.0259205 0.0645692 0.112036 0.137734 0.127485 0.104645 0.0932757 0.0875545 0.0747682 0.0571852 0.0412439 0.0282056 0.0178189 0.0102542 0.00528016 0.00234727 0.000863923
 3.34017e-11 1.57106e-09 5.11683e-08 1.15397e-06 1.80209e-05 0.000194871 0.0014592 0.00756662 0.0271779 0.0676839 0.11732 0.143667 0.131179 0.104008 0.0886444 0.0813637 0.0696325 0.0542413 0.0402146 0.028282 0.0182187 0.0105283 0.00537182 0.00236066 0.000865343
 3.30639e-11 1.55517e-09 5.06509e-08 1.1423e-06 1.78387e-05 0.000192901 0.00144445 0.00749018 0.0269042 0.0670098 0.116204 0.142545 0.130928 0.105363 0.0913783 0.0840556 0.070708 0.0534216 0.0385754 0.0269917 0.0176486 0.0104292 0.00541567 0.0023973 0.000877779
 3.38139e-11 1.59044e-09 5.17998e-08 1.16821e-06 1.82433e-05 0.000197276 0.00147721 0.00766001 0.0275134 0.0685198 0.118773 0.145459 0.132853 0.105379 0.0897137 0.0818569 0.0690694 0.0525339 0.0379109 0.0261668 0.0167959 0.0098282 0.00512458 0.0022968 0.000851344
 3.41376e-11 1.60567e-09 5.22956e-08 1.1794e-06 1.8418e-05 0.000199165 0.00149135 0.00773332 0.0277766 0.0691742 0.119898 0.146798 0.133946 0.105957 0.0897935 0.0815046 0.0683042 0.0514977 0.0369083 0.0254105 0.0162693 0.00945259 0.00488219 0.00217582 0.000807489
 3.47013e-11 1.63219e-09 5.31592e-08 1.19887e-06 1.87221e-05 0.000202454 0.00151597 0.00786099 0.0282348 0.0703112 0.121842 0.149053 0.135597 0.106416 0.089169 0.080323 0.0670253 0.0502939 0.0358004 0.0244486 0.0155312 0.00896356 0.00460141 0.00203785 0.000752066
 3.44497e-11 1.62035e-09 5.27737e-08 1.19018e-06 1.85864e-05 0.000200986 0.00150498 0.00780403 0.0280306 0.0698074 0.121 0.148166 0.135251 0.107083 0.0907556 0.0820882 0.0681293 0.0504692 0.0353649 0.0238292 0.0149744 0.00855678 0.00435228 0.00191201 0.000700809
 3.25902e-11 1.53289e-09 4.99252e-08 1.12594e-06 1.75832e-05 0.000190138 0.00142376 0.00738294 0.0265197 0.0660595 0.114606 0.140819 0.130094 0.10624 0.0939109 0.0872693 0.0734147 0.0549108 0.0386786 0.0259725 0.0161388 0.00908996 0.00456053 0.00198045 0.000719008
 3.2072e-11 1.50851e-09 4.91313e-08 1.10803e-06 1.73035e-05 0.000187114 0.00140111 0.00726552 0.0260978 0.065007 0.11277 0.138517 0.127831 0.104168 0.0920628 0.0862207 0.0740167 0.0572588 0.0418498 0.0288525 0.0181571 0.0102409 0.00510211 0.00219018 0.000785386
 3.37214e-11 1.58609e-09 5.1658e-08 1.16502e-06 1.81934e-05 0.000196737 0.00147316 0.00763903 0.0274379 0.0683299 0.11843 0.14498 0.132224 0.104502 0.0885989 0.0808683 0.0687377 0.0531076 0.0391797 0.0276174 0.0179108 0.0103896 0.00526922 0.00227508 0.000813253
 3.50106e-11 1.64673e-09 5.3633e-08 1.20956e-06 1.8889e-05 0.000204258 0.00152948 0.00793102 0.028486 0.0709342 0.122903 0.150261 0.136408 0.10644 0.0884253 0.079125 0.0657261 0.0491879 0.035147 0.024354 0.0158219 0.00933063 0.00484644 0.00214108 0.000777813
#obs catch len freq
 2.05714e-11 9.67581e-10 3.15135e-08 7.10709e-07 1.10988e-05 0.000120018 0.000898711 0.00466056 0.0167446 0.0417464 0.0726745 0.0904749 0.0873934 0.0794613 0.0805711 0.0837234 0.0800699 0.0729236 0.0666882 0.060482 0.0527748 0.043346 0.0325089 0.0212524 0.0114736
 2.14155e-11 1.00728e-09 3.28065e-08 7.39869e-07 1.15541e-05 0.000124942 0.000935582 0.00485171 0.0174307 0.0434498 0.0755921 0.0938827 0.0899797 0.0804408 0.0802313 0.0829567 0.0794878 0.0722924 0.0653561 0.058401 0.0506263 0.0416404 0.0312172 0.0202659 0.0108248
 7.97987e-16 3.7605e-14 1.23403e-12 2.86597e-11 4.99001e-10 7.60531e-09 1.22658e-07 1.98931e-06 2.64448e-05 0.000256437 0.00174692 0.00828307 0.0273361 0.063184 0.104074 0.127405 0.126263 0.114205 0.102148 0.090442 0.0776195 0.063247 0.0471231 0.0304564 0.0161812
 1.17823e-11 5.5418e-10 1.80493e-08 4.07057e-07 6.35677e-06 6.87391e-05 0.000514704 0.00266869 0.00958129 0.0238199 0.041009 0.0489311 0.0407955 0.025754 0.0203815 0.03556 0.0697566 0.106597 0.126251 0.123876 0.108393 0.0877847 0.0647793 0.0415371 0.0219335
 5.07417e-11 2.38665e-09 7.77315e-08 1.75304e-06 2.73762e-05 0.000296034 0.00221664 0.0114932 0.0412649 0.102602 0.176725 0.211131 0.175815 0.104002 0.0467452 0.0192319 0.0098699 0.00849828 0.0115829 0.0161126 0.0185103 0.0172746 0.0133932 0.0086552 0.00455129
 3.21156e-11 1.51056e-09 4.91981e-08 1.10954e-06 1.73271e-05 0.000187369 0.00140304 0.00727588 0.0261401 0.0651615 0.113375 0.140833 0.134902 0.119505 0.114149 0.104625 0.0763286 0.0414138 0.0178215 0.00853297 0.00705209 0.0073533 0.00663426 0.00470849 0.00258071
 3.46725e-11 1.63082e-09 5.31149e-08 1.19788e-06 1.87065e-05 0.000202285 0.00151471 0.00785437 0.0282104 0.0702427 0.121673 0.148612 0.134484 0.104267 0.0867047 0.0799685 0.0709098 0.0568484 0.0402086 0.023799 0.0117203 0.00566765 0.00343344 0.00231964 0.00133829
 2.33452e-11 1.09804e-09 3.57626e-08 8.06537e-07 1.25953e-05 0.000136201 0.00101991 0.00528934 0.0190078 0.0474287 0.0828388 0.104399 0.104797 0.102708 0.110176 0.112469 0.0973129 0.0740495 0.0540912 0.038047 0.0239214 0.0127396 0.00586153 0.00256425 0.0011293
 4.1039e-11 1.93028e-09 6.28679e-08 1.41783e-06 2.21414e-05 0.000239428 0.00179281 0.00929595 0.0333811 0.0830494 0.14339 0.172939 0.149423 0.100998 0.0663098 0.0521589 0.0465156 0.0417141 0.0352695 0.0267745 0.017905 0.010491 0.00528032 0.00224043 0.000808272
 3.13774e-11 1.47584e-09 4.80672e-08 1.08404e-06 1.69288e-05 0.000183062 0.00137078 0.00710846 0.0255368 0.0636397 0.110604 0.136823 0.129299 0.111274 0.103734 0.0962479 0.0755608 0.0498928 0.0317684 0.0219991 0.0156752 0.0101809 0.00561132 0.00254186 0.00093088
 3.62214e-11 1.70368e-09 5.54878e-08 1.25139e-06 1.95423e-05 0.000211322 0.00158237 0.00820514 0.0294689 0.0733639 0.126993 0.154701 0.138661 0.104617 0.0831937 0.0738138 0.0636325 0.0503306 0.0366882 0.0242435 0.0145693 0.00828996 0.00446454 0.00212281 0.000826954
 3.66117e-11 1.72204e-09 5.60857e-08 1.26487e-06 1.97528e-05 0.000213599 0.00159942 0.00829365 0.0297878 0.0741675 0.128451 0.156787 0.141497 0.108599 0.0878047 0.0765059 0.0617225 0.0445365 0.0309087 0.0212026 0.013653 0.00785581 0.00397355 0.00175682 0.000663401
 3.75767e-11 1.76743e-09 5.75639e-08 1.29821e-06 2.02734e-05 0.000219229 0.00164158 0.00851217 0.030572 0.0761128 0.131771 0.160611 0.144216 0.109175 0.0865433 0.0746335 0.060236 0.0433506 0.0293217 0.0191225 0.0117759 0.00669366 0.00341467 0.00150412 0.000552553
 3.74726e-11 1.76253e-09 5.74045e-08 1.29462e-06 2.02173e-05 0.000218622 0.00163703 0.00848863 0.0304878 0.0759069 0.13144 0.160324 0.144332 0.110028 0.0880554 0.0761498 0.0610044 0.0432014 0.0286477 0.0183137 0.0109896 0.00603234 0.00297495 0.00128163 0.000464781
 3.56416e-11 1.67641e-09 5.45996e-08 1.23136e-06 1.92294e-05 0.00020794 0.00155705 0.00807401 0.0290001 0.0722179 0.125154 0.153139 0.139416 0.109557 0.0916968 0.0817492 0.0664055 0.0474 0.0315191 0.0200147 0.0118098 0.00632502 0.00302775 0.00126388 0.000445385
 3.10508e-11 1.46048e-09 4.75669e-08 1.07275e-06 1.67526e-05 0.000181156 0.00135651 0.00703436 0.0252694 0.062962 0.109349 0.134912 0.126399 0.106827 0.0984679 0.093455 0.0787399 0.0582939 0.040271 0.0262799 0.0156855 0.00837919 0.0039538 0.00161285 0.000552971
 3.29628e-11 1.55041e-09 5.04958e-08 1.13881e-06 1.77841e-05 0.000192311 0.00144002 0.0074672 0.0268211 0.0667964 0.115791 0.141841 0.129667 0.103175 0.0885354 0.0820642 0.0712825 0.0565628 0.0423879 0.0295746 0.0185302 0.0102381 0.0049194 0.00201165 0.000682716
 3.61213e-11 1.69897e-09 5.53344e-08 1.24793e-06 1.94882e-05 0.000210738 0.001578 0.00818251 0.0293883 0.0731691 0.126697 0.15453 0.1391 0.106072 0.08521 0.0747128 0.0619096 0.0468488 0.034278 0.0244778 0.0162767 0.00963097 0.00490061 0.00208357 0.000722306
 2.99394e-11 1.4082e-09 4.58642e-08 1.03436e-06 1.6153e-05 0.000174672 0.00130796 0.00678268 0.0243665 0.0607241 0.105543 0.130593 0.123545 0.106779 0.100814 0.0963337 0.0803667 0.0584523 0.0401849 0.0271194 0.0175242 0.010457 0.00553351 0.00247888 0.000902383
 3.42645e-11 1.61164e-09 5.24899e-08 1.18378e-06 1.84864e-05 0.000199905 0.00149688 0.00776195 0.0278784 0.0694154 0.120236 0.146833 0.132786 0.102686 0.0847731 0.0771394 0.0673428 0.0542486 0.0411023 0.0287717 0.0181971 0.0104209 0.0053745 0.00241437 0.000901679
 3.3418e-11 1.57182e-09 5.11931e-08 1.15454e-06 1.80297e-05 0.000194967 0.00145991 0.00757037 0.0271922 0.067726 0.11744 0.14403 0.132188 0.106116 0.091557 0.0834978 0.0692562 0.0514487 0.0369634 0.0262863 0.0176118 0.0105716 0.00551611 0.00244951 0.000904475
 3.3457e-11 1.57365e-09 5.12529e-08 1.15588e-06 1.80508e-05 0.000195194 0.00146161 0.00757918 0.0272236 0.0678016 0.117553 0.144089 0.131994 0.105507 0.0907407 0.0832052 0.0701146 0.053013 0.0379509 0.0260737 0.0168185 0.00999942 0.00532231 0.00242699 0.000910149
 3.55115e-11 1.67029e-09 5.44003e-08 1.22686e-06 1.91592e-05 0.00020718 0.00155136 0.00804444 0.0288929 0.0719413 0.124608 0.15216 0.137538 0.1061 0.0867708 0.0771011 0.0643198 0.0486707 0.035111 0.0243275 0.0156704 0.00917641 0.0047965 0.00217192 0.000819893
 3.34993e-11 1.57565e-09 5.13178e-08 1.15735e-06 1.80736e-05 0.000195441 0.00146347 0.00758882 0.0272588 0.0678944 0.11775 0.144495 0.132885 0.107233 0.0931531 0.085229 0.0705039 0.0516633 0.0359239 0.0243437 0.0155864 0.00912605 0.00475421 0.00213505 0.000799138
 3.53483e-11 1.66261e-09 5.41502e-08 1.22122e-06 1.90712e-05 0.000206228 0.00154423 0.00800747 0.0287603 0.0716129 0.124052 0.151538 0.137164 0.106219 0.0874033 0.0780787 0.0653944 0.0495363 0.0354588 0.0240924 0.0151235 0.00864645 0.00443273 0.00197377 0.000734455
 3.34975e-11 1.57556e-09 5.1315e-08 1.15728e-06 1.80726e-05 0.000195431 0.00146339 0.00758841 0.0272573 0.0678907 0.117743 0.144486 0.132874 0.107221 0.093148 0.0852571 0.0706013 0.0518425 0.0361334 0.0244725 0.0155508 0.00895738 0.00456319 0.00200234 0.000734403
 3.18858e-11 1.49975e-09 4.8846e-08 1.1016e-06 1.72031e-05 0.000186028 0.00139298 0.00722337 0.0259469 0.0646352 0.112154 0.137896 0.127687 0.10491 0.0935993 0.0878322 0.0748603 0.0570603 0.0409929 0.027927 0.0175485 0.0100046 0.00508293 0.00222901 0.000813828
 3.28531e-11 1.54525e-09 5.03278e-08 1.13502e-06 1.7725e-05 0.000191671 0.00143523 0.00744238 0.0267323 0.0665784 0.115436 0.14151 0.129689 0.103823 0.0896403 0.0828696 0.0710056 0.0552671 0.0410002 0.0289364 0.0187331 0.0108606 0.00553479 0.00241769 0.000878537
 3.48417e-11 1.63879e-09 5.33742e-08 1.20372e-06 1.87979e-05 0.000203273 0.0015221 0.00789275 0.0283485 0.0705901 0.122297 0.149476 0.135558 0.105505 0.0873971 0.0782777 0.065487 0.0497335 0.0362764 0.0256851 0.017003 0.0101652 0.00532593 0.00236868 0.00086744
#spawning biomass
 28565 23366.6 18969.3 13838 15311.8 26101 39739.1 44418 56422.1 79284.5 83989.1 99803.2 115617 137206 152731 161757 143815 146208 162235 158658 156899 150812 161812 179555 179492 181353 184374 169584 163596 147600 201068 143742 93295.9 61350.2 43552.8 34331.2 29762.7 27564.2 26526.3 26042.6 25819.2 25716.7 25669.8 25648.4 25638.7 25634.3 25632.3 25631.4 25631 25630.8 25630.7 25630.6 25630.6 25630.6 25630.6 25630.6 25630.6 25630.6 25630.6 25630.6 25630.6 25630.6 25630.6 25630.6 25630.6 25630.6 25630.6 25630.6 25630.6 25630.6 25630.6 25630.6 25630.6 25630.6 25630.6 25630.6 25630.6 25630.6 25630.6 25630.6 25630.6 25630.6 25630.6 25630.6 25630.6 25630.6 25630.6 25630.6 25630.6 25630.6 25630.6 25630.6 25630.6 25630.6 25630.6 25630.6 25630.6 25630.6 25630.6 25630.6 25630.6 25630.6 25630.6 25630.6 25630.6 25630.6 25630.6 25630.6 25630.6 25630.6 25630.6 25630.6 25630.6 25630.6 25630.6 25630.6 25630.6 25630.6 25630.6 25630.6 25630.6 25630.6 25630.6 25630.6 25630.6 25630.6 25630.6 25630.6 25630.6 0 0 0 0 0 0 0 0 0 0 0 0 0 0 0 0 0 0 0 0 0 0 0 0 0
