SBPRF35
0.117761
Curr Bio
22.3943
B35
244.921
F35
0.442744
FOFL
0
OFL
0
Bzero
33645.9
#pred survey bio
 2011.12 948.236 562.779 436.034 436.517 371.37 323.677 333.532 317.299 308.729 339.331 367.067 331.57 324.152 347.269 330.483 345.015 374.535 390.774 401.457 360.752 355.524 360.435 370.999 420.299 438.829 445.506 364.62 299.616 244.095 216.473 252.221 308.008 355.663 377.752 349.937 322.747 287.211 308.771 384.024 425.36 448.125 441.301 380.178 351.887 315.643 312.73 314.68 306.248 264.113 251.822 250.622 264.435 291.733 257.551 232.498 237.051 238.224 233.695 237.838 232.676 229.652 225.776 221.36 219.63 227.127 228.209 237.911 230.257 242.537 273.409 292.662 287.198 298.541 319.554 361.727 390.454 431.776 406.541 419.003 508.974 578.916 493.108 494.012 411.275 337.69 383.048 387.607 377.958 372.745 378.353 416.105 492.724 526.988 543.019 326.134 22.4765 245.608 36729.8 99337.6 160867 206043 234592 251307 260800 266183 269286 271124 272248 272957 273416 273719 273923 274060 274155 274219 274264 274295 274317 274332 274342 274349 274354 274358 274360 274362 274363 274364 274365 274365 274365 274366 274366 274366 274366 274366 274366 274366 274366 274366 274366 274366 274366 274366 274366 274366 274366 274366 274366 274366 274366 274366 274366 274366 274366 274366 274366 274366 274366 274366 274366 274366 274366 274366 274366 274366 274366 274366 274366 274366 274366 274366 274366 274366 274366 274366 274366 274366 274366 274366 274366 274366 274366 274366 274366 274366 274366 274366 274366 274366 274366 274366 274366 274366 274366 274366 274366 0 0 0 0 0 0 0 0 0 0 0 0 0 0 0 0 0 0 0 0 0 0 0 0 0
#obs survey bio
 778.221 712.823 643.41 942.125 424.196 567.774 303.097 529.166 417.441 450.73 477.027 483.697 456.511 621.949 465.978 444.901 243.3 576.846 443.736 358.465 357.464 515.258 392.753 429.312 296.549 462.946 325.115 445.386 499.894 356.265 377.908 230.122 401.524 550.135 394.568 429.378 304.149 376.036 484.641 364.133 535.601 494.851 377.423 291.072 456.024 327.224 299.971 385.079 285.051 282.878 233.227 213.252 270.728 327.051 252.835 286.859 211.743 163.832 207.208 191.519 152.879 164.076 167.821 235.743 187.638 192.259 159 221.719 172.041 141.176 179.535 324.87 252.234 199.945 215.97 262.38 186.566 198.448 186.856 168.124 247.011 287.837 192.213 215.811 298.169 170.115 329.244 237.904 196.385 222.149 212.119 184.781 217.898 248.337 170.115 179.817 223.719
#pred catch bio
 600.223 181.163 122.897 96.6057 77.0003 68.5448 62.3565 69.0035 66.584 62.3657 60.1517 66.563 63.7704 62.6705 69.2839 64.4608 61.6279 61.1701 64.1053 56.9742 53.6822 58.7727 58.3238 57.7486 62.9314 62.0758 60.4196 60.389 54.462 52.7547 51.524 55.2498 59.6681 64.8202 56.7073 69.886 56.3638 50.0701 52.8629 57.2354 61.1995 66.4549 70.9589 81.7941 78.499 80.1694 88.6107 73.7536 89.7069 92.0915 95.3477 89.8253 81.4689 100.79 96.8284 79.5178 84.2259 90.9853 86.7925 88.011 91.1855 95.0615 92.7374 95.2698 94.042 104.695 107.041 115.172 106.978 111.339 116.558 124.1 114.408 131.652 137.228 147.704 148.146 160.561 152.668 165.088 160.364 182.285 174.705 197.496 176.229 177.538 179.231 175.44 173.423 171.808 170.525 162.281 193.439 184.21 159.76 334.577 0.00219605 0 373.365 1045.74 1758.46 2292.01 2622.05 2803.39 2896.24 2941.76 2963.44 2973.57 2978.24 2980.37 2981.33 2981.77 2981.97 2982.06 2982.1 2982.12 2982.12 2982.13 2982.13 2982.13 2982.13 2982.13 2982.13 2982.13 2982.13 2982.13 2982.13 2982.13 2982.13 2982.13 2982.13 2982.13 2982.13 2982.13 2982.13 2982.13 2982.13 2982.13 2982.13 2982.13 2982.13 2982.13 2982.13 2982.13 2982.13 2982.13 2982.13 2982.13 2982.13 2982.13 2982.13 2982.13 2982.13 2982.13 2982.13 2982.13 2982.13 2982.13 2982.13 2982.13 2982.13 2982.13 2982.13 2982.13 2982.13 2982.13 2982.13 2982.13 2982.13 2982.13 2982.13 2982.13 2982.13 2982.13 2982.13 2982.13 2982.13 2982.13 2982.13 2982.13 2982.13 2982.13 2982.13 2982.13 2982.13 2982.13 2982.13 2982.13 2982.13 2982.13 2982.13 2982.13 2982.13 2982.13 2982.13 2982.13 2982.13 0 0 0 0 0 0 0 0 0 0 0 0 0 0 0 0 0 0 0 0 0 0 0 0 0
#obs catch bio
 0 167.442 128.959 115.639 86.8552 76.7227 77.0427 77.1126 71.5122 66.4516 65.9244 72.0134 65.5854 64.891 69.3 66.7838 64.3704 64.856 68.8618 62.5517 60.873 67.5216 67.5212 63.0645 65.7259 63.846 63.5424 68.0686 59.8914 63.2856 65.261 63.1919 65.248 69.4994 61.9619 75.1111 63.4443 59.1713 61.9018 64.01 68.9921 73.6287 80.4094 97.2853 88.4448 92.2922 98.957 83.9652 95.4748 92.7916 102.323 95.3993 86.6665 97.4089 96.4838 90.0218 95.5098 101.679 96.9038 96.6015 101.972 106.231 101.111 106.018 99.5143 107.487 111.019 115.248 109.421 119.954 116.967 130.984 120.7 141.157 137.364 143.965 144.577 162.964 156.947 163.935 157.199 191.021 174.651 196.941 174.617 188.004 174.527 182.385 188.371 185.216 187.259 177.98 210.921 183.065 184.503 189.367 0.00186369
#pred cpue bio
 1979.38 901.407 548.163 382.292 376.402 324.82 263.071 266.234 271.607 260.536 282.14 313.316 283.526 277.25 295.905 280.89 292.314 318.024 333.815 350.026 314.849 306.629 308.374 320.44 361.139 385.022 396.584 337.11 281.52 214.575 164.884 189.412 254.035 301.316 330.757 309.141 273.298 225.771 246.595 320.92 360.057 383.091 383.354 322.226 278.513 238 236.132 241.371 242.959 211.926 197.201 192.884 206.594 233.449 203.034 161.366 161.51 159.496 151.014 156.488 152.86 151.261 133.497 127.096 118.678 124.492 122.149 127.871 105.882 93.7041 123.607 125.614 110.448 119.436 102.897 97.6883 90.3186 118.422 148.313 169.077 202.933 227.801 183.383 191.87 143.567 128.465 274.227 325.446 318.867 295.383 262.914 280.462 408.201 460.718 270.569 173.53 23.572 159.97 23947.1 68847.9 118850 158468 184778 200622 209774 215022 218071 219888 221002 221706 222162 222465 222671 222810 222905 222970 223015 223046 223068 223083 223093 223101 223106 223109 223112 223114 223115 223116 223116 223117 223117 223117 223117 223117 223117 223117 223117 223117 223117 223117 223117 223117 223117 223117 223117 223117 223117 223117 223117 223117 223117 223117 223117 223117 223117 223117 223117 223117 223117 223117 223117 223117 223117 223117 223117 223117 223117 223117 223117 223117 223117 223117 223117 223117 223117 223117 223117 223117 223117 223117 223117 223117 223117 223117 223117 223117 223117 223117 223117 223117 223117 223117 223117 223117 223117 223117 223117 0 0 0 0 0 0 0 0 0 0 0 0 0 0 0 0 0 0 0 0 0 0 0 0 0
#obs cpue bio
 589.717 417.764 489.943 314.803 386.286 432.075 328.783 311.84 336.26 279.438 286.59 302.728 305.79 268.937 332.521 239.321 256.575 304.989 244.939 326.78 388.739 394.207 333.489 383.014 312.046 421.26 278.508 228.575 274.595 262.977 213.352 277.807 299.769 289.025 272.496 276.061 259.206 227.996 306.468 437.138 324.998 326.952 349.804 213.493 244.741 151.905 209.78 268.61 212.693 227.031 161.114 179.684 243.353 177.774 200.344 142.605 176.605 146.588 142.706 153.935 126.764 147.418 99.6589 99.0963 91.6034 102.234 119.681 128.635 128.411 136.139 203.37 138.903 147.214 150.861 135.453 209.731 184.319 238.958 236.489 206.304 261.036 214.193 182.932 202.218 150.364 110.057 225.017 215.039 215.993 195.7 261.358 246.546 171.388 167.159 163.642 246.739 207.171
#pred surv len freq
 1.74663e-026 1.97959e-020 3.48064e-015 8.34865e-011 2.73176e-007 0.000121938 0.00742518 0.0616802 0.0698971 0.0109643 0.00489819 0.0187101 0.0117778 0.0317065 0.0837469 0.0382924 0.0307695 0.0301982 0.0383704 0.038722 0.0425661 0.0597037 0.13653 0.214489 0.0694306
 2.96319e-027 6.48601e-022 1.14041e-016 2.73538e-012 8.95042e-009 3.99523e-006 0.000243281 0.00202091 0.0022903 0.000459693 0.00784948 0.0793952 0.109924 0.0279266 0.0279545 0.0373058 0.0776677 0.052097 0.0421538 0.0489944 0.0581591 0.117986 0.213838 0.0881729 0.005557
 2.92611e-026 3.53846e-020 6.22154e-015 1.4923e-010 4.88294e-007 0.000217961 0.0132723 0.110252 0.124938 0.0193654 0.00139516 0.00263461 0.00542436 0.0584655 0.105387 0.0416705 0.0431238 0.0621878 0.0476354 0.0553037 0.11618 0.152509 0.038584 0.00144496 7.5938e-006
 3.02719e-026 3.67173e-020 6.45587e-015 1.54851e-010 5.06685e-007 0.000226171 0.0137722 0.114404 0.129644 0.0200719 0.00410987 0.0607164 0.136394 0.0421718 0.00407891 0.0194152 0.0710909 0.053868 0.049091 0.05147 0.0830529 0.113001 0.0320523 0.001361 8.12886e-006
 2.27479e-026 2.67807e-020 4.70876e-015 1.12944e-010 3.69564e-007 0.000164963 0.0100451 0.0834437 0.0945589 0.0146177 0.000332462 0.00326166 0.0599582 0.150424 0.0543906 0.0530863 0.119981 0.0411291 0.0263187 0.0561686 0.0499514 0.0648602 0.0865242 0.0292547 0.00152709
 2.95323e-026 3.57405e-020 6.28412e-015 1.50731e-010 4.93205e-007 0.000220154 0.0134058 0.111361 0.126195 0.0195661 0.00537044 0.0579593 0.0924061 0.0204351 0.0162516 0.0992721 0.0949912 0.073856 0.0630502 0.0368336 0.0499567 0.0648143 0.0472019 0.00671231 0.00014152
 2.69801e-026 3.23682e-020 5.69119e-015 1.36509e-010 4.46669e-007 0.000199381 0.0121409 0.100853 0.114288 0.0178412 0.0114695 0.0967256 0.115224 0.0289283 0.0671925 0.0609305 0.0394189 0.0893044 0.0746601 0.0509951 0.0481399 0.0525492 0.0180695 0.0010601 9.03622e-006
 2.56325e-026 3.05896e-020 5.37845e-015 1.29008e-010 4.22125e-007 0.000188425 0.0114738 0.0953113 0.108007 0.0167007 0.00127029 0.0283269 0.119225 0.0708283 0.0503598 0.117017 0.0651875 0.062894 0.0552233 0.07198 0.0541029 0.0461228 0.0233358 0.00240582 3.79699e-005
 2.89965e-026 3.50328e-020 6.15968e-015 1.47746e-010 4.83439e-007 0.000215794 0.0131403 0.109155 0.123696 0.019138 0.00267993 0.0438737 0.115337 0.0423019 0.0283265 0.101293 0.0780615 0.0870293 0.0654354 0.0541733 0.0558031 0.0414065 0.0172477 0.00166027 2.51286e-005
 3.56727e-026 4.38508e-020 7.71012e-015 1.84935e-010 6.05124e-007 0.000270111 0.0164479 0.136631 0.154831 0.0239408 0.00167062 0.0317302 0.117798 0.0603912 0.0250748 0.0819212 0.0529883 0.0592186 0.0712698 0.0611547 0.0473062 0.0386822 0.0166888 0.00194529 3.9255e-005
 3.61828e-026 4.45249e-020 7.82865e-015 1.87778e-010 6.14427e-007 0.000274264 0.0167007 0.138731 0.157211 0.0243031 0.000601972 0.00753824 0.0866271 0.135854 0.0317255 0.0416637 0.0861568 0.0436705 0.051734 0.0474462 0.0526875 0.0419432 0.0269727 0.00766694 0.000490536
 3.16031e-026 3.84756e-020 6.76503e-015 1.62266e-010 5.3095e-007 0.000237002 0.0144317 0.119883 0.135852 0.0210014 0.000613264 0.0115595 0.106965 0.135048 0.0243371 0.0293036 0.104784 0.0615347 0.052484 0.0496045 0.0430421 0.0431533 0.0323764 0.0124424 0.00134692
 2.77032e-026 3.33234e-020 5.85914e-015 1.40537e-010 4.59851e-007 0.000205265 0.0124992 0.10383 0.11766 0.0182718 0.007537 0.0841747 0.13512 0.0305809 0.0299183 0.115768 0.0681045 0.0526236 0.069772 0.04986 0.0431198 0.0372914 0.0200337 0.00350269 0.000127612
 3.31116e-026 4.0468e-020 7.11535e-015 1.70669e-010 5.58444e-007 0.000249274 0.0151791 0.126091 0.142887 0.0220943 0.00160599 0.0309764 0.114806 0.0599728 0.0434276 0.109742 0.0522121 0.0644499 0.0626895 0.0531817 0.0450193 0.0341248 0.0181011 0.00308244 0.000106458
 3.41626e-026 4.18569e-020 7.35955e-015 1.76526e-010 5.7761e-007 0.00025783 0.0157 0.130418 0.147791 0.0228467 0.00051428 0.0038643 0.0626969 0.138829 0.0433047 0.0313472 0.0882496 0.0585142 0.0680192 0.05236 0.0515091 0.041853 0.0290292 0.0115719 0.00132316
 3.46521e-026 4.25027e-020 7.47309e-015 1.7925e-010 5.86521e-007 0.000261807 0.0159422 0.13243 0.150071 0.0231997 0.000732095 0.0139352 0.109059 0.11645 0.0178193 0.024814 0.0954796 0.0590722 0.0502559 0.0557007 0.0492261 0.041294 0.0298813 0.0126568 0.00171877
 3.58553e-026 4.40919e-020 7.75252e-015 1.85952e-010 6.08452e-007 0.000271597 0.0165383 0.137382 0.155682 0.0240667 0.000568733 0.00586624 0.0766758 0.136758 0.0341158 0.0254939 0.0963342 0.0551068 0.0385033 0.0573863 0.0436398 0.0417123 0.0326248 0.0175801 0.00369232
 3.56349e-026 4.38001e-020 7.70121e-015 1.84721e-010 6.04425e-007 0.000269799 0.0164289 0.136473 0.154652 0.0239075 0.000582614 0.0069349 0.0836094 0.137544 0.0313154 0.017964 0.0880746 0.0658778 0.0433904 0.0553451 0.0394625 0.0399173 0.032826 0.020136 0.0052887
 3.33568e-026 4.07908e-020 7.1721e-015 1.7203e-010 5.62898e-007 0.000251263 0.0153001 0.127097 0.144027 0.022265 0.000596615 0.00946344 0.0961122 0.133185 0.0259668 0.0245547 0.0985952 0.0592093 0.0424265 0.0590805 0.0441463 0.038751 0.0323942 0.0207912 0.00578704
 2.88691e-026 3.48634e-020 6.12991e-015 1.47032e-010 4.81102e-007 0.000214751 0.0130768 0.108628 0.123098 0.0190297 0.000546179 0.0102552 0.0990092 0.130423 0.024679 0.0323598 0.11086 0.0586125 0.0522001 0.0623536 0.0475567 0.0443391 0.0345117 0.0219991 0.00624739
 2.89565e-026 3.49792e-020 6.15026e-015 1.4752e-010 4.827e-007 0.000215464 0.0131202 0.108989 0.123507 0.0191898 0.00790874 0.0791393 0.113827 0.0234407 0.0304653 0.109891 0.0620637 0.0597965 0.0707135 0.0549262 0.0500272 0.0400222 0.0248828 0.00732285 0.000551731
 3.06294e-026 3.7189e-020 6.5388e-015 1.5684e-010 5.13194e-007 0.000229076 0.0139491 0.115874 0.131309 0.0203383 0.00462593 0.060913 0.120653 0.0386795 0.0629393 0.0861029 0.0410767 0.0761207 0.0605603 0.0604108 0.0498025 0.0367533 0.016895 0.00267759 9.01971e-005
 2.73112e-026 3.28063e-020 5.76821e-015 1.38356e-010 4.52714e-007 0.00020208 0.0123052 0.102218 0.115834 0.0179248 0.00300197 0.0516823 0.138858 0.0533442 0.0445012 0.0995311 0.0620439 0.0692685 0.0581451 0.0625771 0.0539341 0.0379025 0.0148751 0.0018059 4.43594e-005
 3.39606e-026 4.15894e-020 7.31252e-015 1.75398e-010 5.73918e-007 0.000256182 0.0155997 0.129585 0.146846 0.0227077 0.00177059 0.0323344 0.110398 0.0524458 0.0306989 0.10039 0.0654892 0.0658975 0.0623659 0.0553082 0.052127 0.0387384 0.015182 0.00181422 4.39116e-005
 3.30624e-026 4.04037e-020 7.10403e-015 1.70397e-010 5.57556e-007 0.000248878 0.0151549 0.12589 0.14266 0.0220536 0.000513888 0.00505899 0.0715004 0.137908 0.0381864 0.0351645 0.0830352 0.0493186 0.0686719 0.0595831 0.054695 0.0472035 0.03259 0.00980469 0.000757978
 3.33866e-026 4.08316e-020 7.17928e-015 1.72202e-010 5.63461e-007 0.000251514 0.0153154 0.127224 0.144171 0.0222873 0.000577379 0.00825417 0.0865342 0.123781 0.024715 0.0201728 0.0928017 0.0668578 0.0489552 0.0555854 0.055461 0.0497207 0.0382641 0.016867 0.00220299
 2.59073e-026 3.09525e-020 5.44227e-015 1.30538e-010 4.27134e-007 0.000190661 0.0116099 0.0964423 0.109289 0.016895 0.000493147 0.0100049 0.0997551 0.135704 0.0262275 0.0288224 0.103731 0.0570746 0.0509313 0.0705025 0.0539776 0.0541375 0.0458643 0.0240421 0.004304
 5.48709e-027 3.97996e-021 6.99782e-016 1.6785e-011 5.4922e-008 2.45157e-005 0.00149283 0.0124008 0.0140535 0.00249761 0.0167999 0.117739 0.112896 0.0180571 0.0607687 0.151894 0.066921 0.0864068 0.0833171 0.0788517 0.0740997 0.0628003 0.0330863 0.00568882 0.000203589
 2.5278e-026 3.01228e-020 5.29639e-015 1.27039e-010 4.15684e-007 0.00018555 0.0112987 0.0938571 0.106359 0.0164663 0.00180608 0.0119263 0.0141752 0.0300825 0.120875 0.0791483 0.0825308 0.110492 0.0874013 0.0861976 0.0779554 0.0531213 0.0150989 0.00100927 1.19399e-005
 2.93816e-026 3.55407e-020 6.24898e-015 1.49888e-010 4.90448e-007 0.000218923 0.0133308 0.110738 0.12549 0.0198532 0.0187254 0.100798 0.0758402 0.0118114 0.0153759 0.0441646 0.0953495 0.0861115 0.0957366 0.0848884 0.0683567 0.0295376 0.00358906 8.30559e-005 3.09634e-007
 3.34413e-026 4.09021e-020 7.19166e-015 1.72499e-010 5.64434e-007 0.000251948 0.0153419 0.127443 0.14442 0.0225428 0.0128124 0.0956516 0.102118 0.0399459 0.0880045 0.044657 0.0220912 0.0589977 0.0766118 0.0749602 0.054519 0.0181209 0.00148772 2.18796e-005 5.03966e-008
 3.62955e-026 4.46734e-020 7.85476e-015 1.88404e-010 6.16477e-007 0.000275179 0.0167564 0.139194 0.157735 0.0243843 0.000661551 0.0100662 0.0938025 0.119672 0.0366219 0.0847523 0.0759372 0.0604086 0.0342354 0.0385167 0.0534306 0.0403754 0.0122757 0.000886693 1.12736e-005
 3.59749e-026 4.42503e-020 7.78038e-015 1.8662e-010 6.10638e-007 0.000272573 0.0165977 0.137876 0.156242 0.0241532 0.000558518 0.00517372 0.0742427 0.145381 0.0393551 0.0200415 0.0914916 0.0747812 0.0613583 0.0513738 0.0317747 0.0337021 0.0279354 0.00727969 0.000408973
 3.32369e-026 4.06337e-020 7.14448e-015 1.71367e-010 5.6073e-007 0.000250295 0.0152412 0.126607 0.143472 0.0221792 0.00057717 0.00870622 0.0944531 0.139814 0.0287688 0.0202913 0.0968488 0.0691007 0.0436631 0.0651576 0.0498427 0.0338705 0.0263293 0.0132397 0.00158711
 2.57087e-026 3.06901e-020 5.39613e-015 1.29431e-010 4.23512e-007 0.000189044 0.0115115 0.0956245 0.108362 0.016752 0.000560606 0.0130409 0.111875 0.130948 0.0224626 0.03741 0.119807 0.059129 0.0546951 0.0672145 0.0530688 0.0485812 0.0307563 0.0154319 0.00257931
 2.95785e-026 3.58014e-020 6.29484e-015 1.50988e-010 4.94046e-007 0.000220529 0.0134287 0.111551 0.12641 0.0195689 0.00360482 0.0507268 0.109943 0.0330625 0.0221585 0.106553 0.0783779 0.0544863 0.0797692 0.056974 0.0565234 0.0449005 0.0247684 0.00654173 0.00043171
 2.6321e-026 3.14987e-020 5.53831e-015 1.32842e-010 4.34671e-007 0.000194025 0.0118148 0.0981441 0.111218 0.0172042 0.00227878 0.0441769 0.138939 0.0611262 0.0357804 0.0937162 0.0484552 0.0696232 0.0710765 0.0653494 0.057743 0.0456898 0.0228951 0.00437887 0.000196381
 3.04881e-026 3.70018e-020 6.50589e-015 1.5605e-010 5.10611e-007 0.000227923 0.0138789 0.115291 0.130648 0.0204102 0.0121529 0.0878541 0.0899132 0.0210727 0.0763547 0.0966499 0.0567949 0.0636123 0.0604961 0.0614751 0.0520128 0.032054 0.00851498 0.00057841 7.35273e-006
 3.57378e-026 4.39365e-020 7.7252e-015 1.85297e-010 6.06308e-007 0.00027064 0.01648 0.136898 0.155134 0.023989 0.00185839 0.0345325 0.120283 0.0601175 0.0456695 0.082023 0.0494462 0.0743285 0.0565603 0.050355 0.0479511 0.0329896 0.0102623 0.000837765 1.29571e-005
 3.75284e-026 4.63025e-020 8.14121e-015 1.95275e-010 6.38958e-007 0.000285214 0.0173675 0.14427 0.163488 0.0252733 0.000560682 0.00347891 0.0595583 0.139166 0.0456601 0.0303708 0.0858683 0.0559875 0.0554337 0.0510341 0.0477565 0.0392691 0.0270033 0.0076425 0.000525606
 3.77554e-026 4.66018e-020 8.19382e-015 1.96537e-010 6.43087e-007 0.000287057 0.0174797 0.145202 0.164544 0.0254368 0.000651673 0.0088247 0.0921501 0.131294 0.0259011 0.0157784 0.0814715 0.0652104 0.0452795 0.0531339 0.0439964 0.0395212 0.0296079 0.0126713 0.00155659
 3.53409e-026 4.34123e-020 7.63303e-015 1.83086e-010 5.99074e-007 0.000267411 0.0162834 0.135265 0.153283 0.0236958 0.00056408 0.0061933 0.0812583 0.145477 0.0360562 0.0198457 0.0901096 0.0614585 0.0339266 0.0575319 0.0438945 0.0403896 0.0324422 0.0182565 0.00380131
 3.19159e-026 3.88883e-020 6.83758e-015 1.64006e-010 5.36643e-007 0.000239543 0.0145865 0.121168 0.137309 0.0212267 0.000633318 0.0120005 0.10578 0.127217 0.0218617 0.028017 0.104519 0.0593469 0.0482461 0.0566424 0.0421577 0.0421391 0.0334801 0.0191863 0.00424204
 2.81497e-026 3.39133e-020 5.96286e-015 1.43025e-010 4.67991e-007 0.000208899 0.0127205 0.105668 0.119743 0.0185718 0.00625376 0.0769457 0.137747 0.0344317 0.0261159 0.1075 0.0672488 0.0496019 0.0704022 0.0505908 0.0456967 0.0381927 0.0247316 0.00711656 0.000512462
 3.09784e-026 3.76502e-020 6.61991e-015 1.58785e-010 5.19559e-007 0.000231917 0.0141221 0.117311 0.132938 0.0205622 0.00231792 0.0415888 0.125215 0.0539774 0.0485364 0.111312 0.049739 0.066084 0.05917 0.0532586 0.0452517 0.0348526 0.0193211 0.00402302 0.000187575
 3.14015e-026 3.82079e-020 6.71796e-015 1.61137e-010 5.27255e-007 0.000235352 0.0143313 0.119049 0.134907 0.0209607 0.00862205 0.0864067 0.124524 0.029062 0.0566457 0.0963342 0.0620816 0.0722611 0.0520625 0.0480136 0.0389974 0.0257646 0.00888067 0.000844794 1.52e-005
 3.28458e-026 4.01158e-020 7.05342e-015 1.69183e-010 5.53583e-007 0.000247105 0.0150469 0.124993 0.141643 0.021933 0.00462295 0.0644468 0.136232 0.0453917 0.0678337 0.099866 0.0522792 0.0687266 0.0549637 0.0428205 0.0330269 0.0199948 0.00553454 0.000391201 5.0395e-006
 2.80995e-026 3.38467e-020 5.95115e-015 1.42744e-010 4.67073e-007 0.000208489 0.0126955 0.10546 0.119508 0.0185004 0.00386151 0.063418 0.158043 0.0568037 0.053549 0.117263 0.0682782 0.0720024 0.0523819 0.0443084 0.0312208 0.0176398 0.00455708 0.000296163 3.50215e-006
 2.49065e-026 2.96302e-020 5.20977e-015 1.24962e-010 4.08886e-007 0.000182516 0.0111139 0.0923221 0.10462 0.0161781 0.00145312 0.0328492 0.132367 0.0738227 0.0372499 0.130241 0.0893621 0.0817605 0.0736508 0.0542883 0.0385923 0.022425 0.00689964 0.000610377 1.03997e-005
 3.01637e-026 3.65738e-020 6.43064e-015 1.54245e-010 5.04705e-007 0.000225287 0.0137184 0.113957 0.129137 0.0200172 0.00550611 0.065081 0.11364 0.029627 0.0470605 0.114832 0.0685344 0.0916071 0.0722558 0.0564653 0.0364542 0.0177476 0.00391054 0.000220435 2.2787e-006
 3.17781e-026 3.87058e-020 6.80549e-015 1.63237e-010 5.34125e-007 0.000238419 0.014518 0.1206 0.136665 0.0211468 0.00329679 0.055248 0.146057 0.0557396 0.0500039 0.100455 0.0504281 0.0705382 0.063039 0.0548334 0.0364365 0.0169462 0.0036061 0.000202527 2.12915e-006
 3.25618e-026 3.97405e-020 6.98742e-015 1.676e-010 5.48404e-007 0.000244793 0.0149062 0.123824 0.140318 0.0217261 0.0046156 0.0681469 0.152371 0.0492275 0.0496719 0.113927 0.0607177 0.0607886 0.0465891 0.0438049 0.0319431 0.0143587 0.00268747 0.000129975 1.17819e-006
 3.30518e-026 4.03874e-020 7.10118e-015 1.70329e-010 5.57332e-007 0.000248778 0.0151488 0.12584 0.142602 0.0220932 0.00565332 0.0755952 0.150291 0.0452852 0.0637865 0.11796 0.0561386 0.0632891 0.0442499 0.0334949 0.0251061 0.0113032 0.0018404 7.24869e-005 5.27657e-007
 3.31815e-026 4.05593e-020 7.1314e-015 1.71054e-010 5.59704e-007 0.000249837 0.0152133 0.126375 0.143209 0.0221477 0.0021799 0.0433945 0.149959 0.0724693 0.0437215 0.11822 0.0673852 0.0674026 0.0509117 0.0370904 0.0242803 0.0128402 0.00279808 0.000150167 1.52583e-006
 4.05263e-026 5.02603e-020 8.83709e-015 2.11966e-010 6.93573e-007 0.000309593 0.018852 0.156602 0.177462 0.0274593 0.00392615 0.059347 0.143526 0.0488214 0.0352203 0.102011 0.0591236 0.057298 0.0448833 0.0331359 0.0203486 0.0095555 0.00201325 0.000103816 9.80276e-007
 4.32943e-026 5.3916e-020 9.47985e-015 2.27384e-010 7.4402e-007 0.000332111 0.0202232 0.167992 0.19037 0.0294434 0.0030255 0.0544563 0.168212 0.0720963 0.0314264 0.0841301 0.0449331 0.043249 0.0368365 0.0267567 0.0169721 0.0077291 0.00171138 0.000103254 1.17114e-006
 4.10667e-026 5.09735e-020 8.96249e-015 2.14974e-010 7.03416e-007 0.000313986 0.0191195 0.158824 0.17998 0.0278357 0.00284874 0.0542524 0.177499 0.0801823 0.0318896 0.104054 0.0613693 0.0345937 0.0268069 0.0198032 0.013044 0.0060957 0.00139295 9.35845e-005 1.25346e-006
 4.11887e-026 5.11347e-020 8.99082e-015 2.15654e-010 7.05639e-007 0.000314979 0.01918 0.159326 0.180549 0.0279235 0.00281633 0.0529684 0.171799 0.0769659 0.032229 0.109526 0.0661225 0.0399433 0.0301688 0.0152071 0.00931266 0.00451254 0.00105929 7.42498e-005 1.07719e-006
 4.24613e-026 5.28154e-020 9.28635e-015 2.22742e-010 7.28833e-007 0.000325332 0.0198104 0.164563 0.186484 0.0288437 0.00314551 0.0567059 0.172859 0.0729382 0.0327182 0.106048 0.0608221 0.0394389 0.0297029 0.015012 0.00698163 0.00288388 0.000670434 4.62923e-005 6.62371e-007
 4.22307e-026 5.25109e-020 9.2328e-015 2.21458e-010 7.24631e-007 0.000323456 0.0196962 0.163614 0.185408 0.028673 0.00264367 0.0511107 0.174745 0.0824105 0.0316708 0.105397 0.0634977 0.0374271 0.028954 0.0148823 0.00679089 0.00224608 0.000473739 3.46359e-005 5.40172e-007
 4.14822e-026 5.15219e-020 9.05891e-015 2.17287e-010 7.10983e-007 0.000317364 0.0193252 0.160533 0.181917 0.0281523 0.00459596 0.0724688 0.178976 0.0618533 0.0382458 0.110413 0.0559675 0.0392125 0.0264717 0.0136332 0.00592199 0.00171269 0.000267776 1.49331e-005 1.84426e-007
 4.27393e-026 5.31825e-020 9.35089e-015 2.2429e-010 7.33899e-007 0.000327593 0.0199481 0.165707 0.18778 0.0290504 0.00381977 0.0642566 0.175602 0.0674329 0.0431347 0.109797 0.0508171 0.0378416 0.0249 0.0126326 0.00529313 0.00145606 0.000194477 8.89027e-006 9.59296e-008
 4.42559e-026 5.51858e-020 9.70311e-015 2.32739e-010 7.61543e-007 0.000339932 0.0206995 0.171948 0.194853 0.0301325 0.00260936 0.0505954 0.176886 0.0853105 0.0317374 0.0991967 0.0582071 0.0349773 0.0238509 0.0118823 0.00512202 0.00144293 0.000198837 9.17985e-006 1.03157e-007
 4.42269e-026 5.5147e-020 9.69629e-015 2.32575e-010 7.61008e-007 0.000339693 0.0206849 0.171828 0.194716 0.0301373 0.00520692 0.0780093 0.181569 0.0592845 0.0381605 0.106212 0.0509634 0.0310334 0.0190254 0.00854819 0.00332499 0.000852372 9.95457e-005 3.60696e-006 2.99342e-008
 4.41756e-026 5.50795e-020 9.68443e-015 2.32291e-010 7.60077e-007 0.000339278 0.0206596 0.171617 0.194478 0.0300738 0.00253738 0.0504507 0.182414 0.0911456 0.0360949 0.105123 0.0555227 0.0289368 0.0195104 0.00753662 0.00276847 0.000698091 8.90597e-005 3.68442e-006 3.55097e-008
 4.45761e-026 5.56087e-020 9.77747e-015 2.34522e-010 7.67379e-007 0.000342537 0.0208581 0.173266 0.196346 0.030359 0.00202545 0.0422274 0.175574 0.100032 0.025369 0.096036 0.0749261 0.0305208 0.0211961 0.00757136 0.00264527 0.000617347 8.20206e-005 3.97053e-006 4.74044e-008
 4.50862e-026 5.62821e-020 9.89588e-015 2.37363e-010 7.76673e-007 0.000346686 0.0211107 0.175365 0.198724 0.0307336 0.00298063 0.0563466 0.185654 0.0840387 0.0256263 0.0971679 0.0659367 0.0263317 0.0201394 0.0068946 0.00211743 0.000434073 4.95764e-005 2.15904e-006 2.42769e-008
 4.67435e-026 5.84712e-020 1.02808e-014 2.46595e-010 8.06881e-007 0.00036017 0.0219318 0.182185 0.206454 0.0319262 0.00271922 0.0521892 0.181577 0.0869221 0.028734 0.0987954 0.0602756 0.0222071 0.016216 0.0054302 0.00172388 0.000319234 3.19767e-005 1.24878e-006 1.32803e-008
 5.08481e-026 6.38926e-020 1.1234e-014 2.69459e-010 8.81694e-007 0.000393565 0.0239653 0.199077 0.225596 0.0348876 0.00303966 0.055096 0.179704 0.0806391 0.0255214 0.0858212 0.0512521 0.018415 0.011771 0.00354837 0.00106127 0.000192375 1.73651e-005 5.78143e-007 5.32704e-009
 5.22628e-026 6.5761e-020 1.15625e-014 2.77339e-010 9.07477e-007 0.000405073 0.0246661 0.204899 0.232193 0.0359148 0.00388981 0.0651472 0.184799 0.0724598 0.0278099 0.0830395 0.0414544 0.0134376 0.00749675 0.0018627 0.000448299 7.06556e-005 5.67948e-006 1.58339e-007 1.15725e-009
 5.1984e-026 6.53927e-020 1.14978e-014 2.75785e-010 9.02394e-007 0.000402805 0.024528 0.203751 0.230892 0.0357155 0.00409062 0.0679722 0.188818 0.0727859 0.0315432 0.0856236 0.0379318 0.0102418 0.00470929 0.000828263 0.000146105 1.74264e-005 1.15726e-006 2.79582e-008 1.73184e-010
 5.37663e-026 6.77468e-020 1.19117e-014 2.85714e-010 9.34881e-007 0.000417306 0.025411 0.211086 0.239204 0.0370058 0.00457654 0.0710271 0.181259 0.0645072 0.0317342 0.0800956 0.0337713 0.012998 0.00572971 0.00101395 0.00014869 1.19198e-005 5.58925e-007 1.04451e-008 5.28541e-011
 5.54322e-026 6.99471e-020 1.22985e-014 2.94993e-010 9.65243e-007 0.000430859 0.0262363 0.217942 0.246973 0.038212 0.0050544 0.0749093 0.180147 0.0607429 0.0325473 0.0741154 0.0279028 0.00980364 0.0040412 0.000813929 0.000118514 8.11609e-006 2.59292e-007 3.26233e-009 1.22844e-011
 5.89789e-026 7.46319e-020 1.31223e-014 3.1475e-010 1.02989e-006 0.000459716 0.0279935 0.232539 0.263514 0.04076 0.00420898 0.0643449 0.168598 0.0616392 0.0291061 0.0678507 0.0264234 0.00857165 0.00334262 0.000559743 8.07752e-005 5.94881e-006 1.75685e-007 1.70342e-009 4.74769e-012
 6.33724e-026 8.0435e-020 1.41426e-014 3.39224e-010 1.10997e-006 0.000495462 0.0301702 0.25062 0.284005 0.0439217 0.0036814 0.0575303 0.163842 0.0644163 0.0200628 0.0498683 0.0218607 0.00642358 0.00262222 0.000420739 5.44681e-005 3.66498e-006 1.14874e-007 1.14484e-009 2.88375e-012
 6.44074e-026 8.18017e-020 1.43829e-014 3.44988e-010 1.12883e-006 0.000503881 0.0306828 0.254879 0.28883 0.0446878 0.00549672 0.0744099 0.165811 0.0513767 0.0197481 0.0436794 0.0155689 0.00313526 0.00103997 0.000134058 1.4172e-005 7.8041e-007 1.95167e-008 1.65424e-010 3.59286e-013
 6.42377e-026 8.15774e-020 1.43435e-014 3.44042e-010 1.12574e-006 0.000502499 0.0305987 0.25418 0.288038 0.0445793 0.00656989 0.0831696 0.167583 0.0476317 0.0235253 0.0412042 0.0109641 0.00117211 0.000258898 1.97463e-005 1.29335e-006 5.32113e-008 1.02095e-009 6.61116e-012 1.1281e-014
 5.88251e-026 7.4428e-020 1.30864e-014 3.13891e-010 1.02708e-006 0.00045846 0.027917 0.231904 0.262795 0.0406787 0.00684232 0.0908209 0.187999 0.055174 0.029886 0.0504824 0.0130843 0.00162041 0.000321814 1.48079e-005 4.00705e-007 8.48631e-009 1.03118e-010 5.07589e-013 6.92971e-016
 6.02963e-026 7.63713e-020 1.34281e-014 3.22086e-010 1.05389e-006 0.00047043 0.0286459 0.237958 0.269656 0.041783 0.00930167 0.0993953 0.160051 0.0388092 0.039674 0.0556694 0.0135324 0.00419979 0.000812715 3.81091e-005 1.14533e-006 1.22113e-008 5.35106e-011 1.22049e-013 9.8313e-017
 6.24499e-026 7.92159e-020 1.39282e-014 3.34083e-010 1.09315e-006 0.000487953 0.0297129 0.246822 0.2797 0.0433423 0.00952466 0.0972989 0.150011 0.0360651 0.0394461 0.0452722 0.0131258 0.00750664 0.00152659 0.000150395 6.60344e-006 7.41141e-008 2.77748e-010 2.94432e-013 9.33435e-017
 6.3364e-026 8.04231e-020 1.41405e-014 3.39174e-010 1.10981e-006 0.000495389 0.0301657 0.250583 0.283963 0.0440422 0.0115139 0.105483 0.143444 0.0318593 0.0390462 0.0389915 0.0118929 0.00661552 0.00162129 0.000266598 1.52948e-005 2.84872e-007 1.32948e-009 1.32843e-012 2.98174e-016
 6.23344e-026 7.9063e-020 1.39014e-014 3.33438e-010 1.09104e-006 0.000487011 0.0296555 0.246346 0.279161 0.0433404 0.0132873 0.112652 0.140024 0.0309625 0.0448397 0.0382159 0.0122772 0.00673408 0.00168645 0.000306297 2.44645e-005 6.27867e-007 3.8587e-009 5.05077e-012 1.22982e-015
 6.11962e-026 7.75597e-020 1.3637e-014 3.27098e-010 1.0703e-006 0.000477751 0.0290917 0.241661 0.273853 0.0424813 0.0116803 0.107981 0.147597 0.034695 0.0462254 0.0407611 0.0137981 0.00748202 0.00184557 0.000338277 2.99864e-005 1.00372e-006 8.77534e-009 1.58107e-011 5.20219e-015
 5.89599e-026 7.46057e-020 1.31177e-014 3.1464e-010 1.02953e-006 0.000459555 0.0279837 0.232457 0.263422 0.0408835 0.0124958 0.114352 0.153432 0.0353367 0.0489017 0.0451001 0.0149864 0.00790211 0.00192114 0.000335401 2.88995e-005 1.02033e-006 1.04882e-008 2.39134e-011 1.0074e-014
 5.8482e-026 7.39742e-020 1.30066e-014 3.11977e-010 1.02082e-006 0.000455665 0.0277468 0.23049 0.261193 0.0406426 0.0167076 0.129219 0.143898 0.0316931 0.0539866 0.0415004 0.0137549 0.00692265 0.0015321 0.000239192 1.81351e-005 5.57761e-007 5.17194e-009 1.11833e-011 4.65018e-015
 5.78602e-026 7.31529e-020 1.28622e-014 3.08513e-010 1.00948e-006 0.000450606 0.0274387 0.227931 0.258293 0.0402049 0.0172628 0.133276 0.147897 0.0341175 0.0564834 0.0382891 0.011923 0.0053088 0.000984712 0.000130363 8.29245e-006 2.17627e-007 1.75783e-009 3.41844e-012 1.32707e-015
 5.65744e-026 7.14549e-020 1.25637e-014 3.01352e-010 9.86051e-007 0.000440147 0.0268018 0.22264 0.252297 0.0391071 0.00993116 0.107859 0.174363 0.0455954 0.0507659 0.0480892 0.0142056 0.00648199 0.00124785 0.000162854 1.01605e-005 2.71126e-007 2.38271e-009 5.40527e-012 2.59201e-015
 5.62483e-026 7.1024e-020 1.24879e-014 2.99535e-010 9.80105e-007 0.000437492 0.0266402 0.221297 0.250778 0.0394599 0.0274897 0.140053 0.100967 0.0287114 0.0751556 0.0477279 0.0260387 0.0121499 0.00273484 0.000340139 1.70654e-005 3.11464e-007 1.66944e-009 2.18703e-012 5.90857e-016
 5.66717e-026 7.15831e-020 1.25862e-014 3.01892e-010 9.87819e-007 0.000440936 0.0268499 0.223039 0.252755 0.0402837 0.0362461 0.141306 0.0798371 0.0432693 0.0663115 0.034372 0.0337578 0.0160804 0.00483289 0.000591174 2.5767e-005 3.26539e-007 1.0508e-009 7.47799e-013 1.04746e-016
 5.80119e-026 7.33533e-020 1.28974e-014 3.09358e-010 1.01225e-006 0.000451841 0.0275139 0.228555 0.259005 0.0411721 0.0346739 0.137752 0.0800965 0.0445908 0.0597954 0.0341955 0.0277326 0.0169354 0.00650975 0.000973917 4.40493e-005 4.96911e-007 1.23115e-009 6.07871e-013 5.54898e-017
 5.87104e-026 7.42757e-020 1.30596e-014 3.13248e-010 1.02498e-006 0.000457522 0.0278599 0.231429 0.262264 0.0419471 0.0393819 0.144149 0.0773842 0.0436329 0.0559712 0.0313637 0.0235299 0.0136223 0.00587759 0.00107468 5.38235e-005 5.96364e-007 1.29031e-009 5.0548e-013 3.39564e-017
 6.12163e-026 7.75856e-020 1.36416e-014 3.27207e-010 1.07065e-006 0.00047791 0.0291014 0.241742 0.273951 0.0437548 0.0392835 0.143025 0.0766382 0.0425676 0.0510601 0.0260959 0.018156 0.00944593 0.00386883 0.000784724 4.54778e-005 5.46807e-007 1.1888e-009 4.35422e-013 2.57375e-017
 5.38633e-026 6.78737e-020 1.1934e-014 2.86248e-010 9.36631e-007 0.000418087 0.0254586 0.211482 0.239653 0.0373447 0.017799 0.132902 0.142813 0.0449368 0.0665784 0.0375438 0.0242065 0.0122573 0.00511589 0.00134808 0.000138502 3.40291e-006 1.54211e-008 1.15372e-011 1.35312e-015
 5.88082e-026 7.44062e-020 1.30826e-014 3.13799e-010 1.02678e-006 0.000458326 0.0279088 0.231836 0.262718 0.0407808 0.011587 0.0936363 0.111833 0.0317875 0.068508 0.0557215 0.0331342 0.0192565 0.00816237 0.00233553 0.000321907 1.31148e-005 1.094e-007 1.55142e-010 3.43754e-014
 6.66311e-026 8.47397e-020 1.48995e-014 3.57379e-010 1.16938e-006 0.000521978 0.0317848 0.264033 0.299204 0.0462939 0.00517375 0.0592147 0.113981 0.0336845 0.0337255 0.0415127 0.0276556 0.0252287 0.0126396 0.0044509 0.000834553 5.86528e-005 1.02926e-006 3.41833e-009 1.8597e-012
 8.69589e-026 1.1159e-019 1.96204e-014 4.70615e-010 1.53989e-006 0.000687368 0.0418558 0.347692 0.394008 0.0612179 0.0128766 0.0592989 0.0414775 0.00719402 0.0142127 0.00944666 0.00462916 0.00315027 0.00165633 0.00051585 7.55429e-005 3.81277e-006 4.66655e-008 1.08251e-010 4.14021e-014
 4.69662e-016 7.42362e-012 1.60072e-008 4.70911e-006 0.000190757 0.00184462 0.0501165 0.409983 0.464524 0.0718156 0.00151641 4.98269e-006 9.39833e-008 1.11394e-008 6.42741e-010 1.24351e-011 6.64943e-014 8.14916e-017 1.92228e-020 7.74544e-025 2.48337e-027 2.4757e-027 2.47378e-027 2.47239e-027 2.47134e-027
#obs surv len freq
 nan nan nan nan nan nan nan nan nan nan nan nan nan nan nan nan nan nan nan nan nan nan nan nan nan
 4.90869e-027 7.7259e-021 1.65883e-015 4.85878e-011 1.94143e-007 0.000105825 0.00786905 0.0798231 0.110462 0.0213091 0.0184561 0.0958683 0.070696 0.0277888 0.080758 0.0515842 0.0552139 0.0534608 0.05103 0.0494902 0.0502632 0.0512451 0.0541764 0.0512353 0.0191648
 5.27573e-027 8.30359e-021 1.78287e-015 5.22208e-011 2.0866e-007 0.000113737 0.00845744 0.0857917 0.118721 0.0229028 0.0198489 0.103105 0.0760328 0.0298981 0.0868945 0.0553128 0.0582478 0.0549335 0.0484699 0.0439526 0.0424256 0.0424297 0.0445968 0.042116 0.0157494
 5.53961e-027 8.71891e-021 1.87204e-015 5.48328e-011 2.19096e-007 0.000119426 0.00888046 0.0900827 0.124659 0.0240475 0.0208082 0.108083 0.0797041 0.0313491 0.0911185 0.057989 0.0609937 0.0572236 0.0493131 0.0419244 0.0370064 0.034745 0.0357596 0.0336264 0.0125667
 5.69473e-027 8.96307e-021 1.92447e-015 5.63683e-011 2.25232e-007 0.000122771 0.00912915 0.0926054 0.12815 0.0247214 0.0214096 0.111209 0.0820089 0.0322298 0.0936538 0.0596362 0.0628857 0.0590298 0.050834 0.0424672 0.0351227 0.0296742 0.0286553 0.0265502 0.00990423
 5.80957e-027 9.14381e-021 1.96327e-015 5.7505e-011 2.29774e-007 0.000125246 0.00931323 0.0944727 0.130734 0.0252179 0.0217633 0.113034 0.0833554 0.0327792 0.0952696 0.0606502 0.0638868 0.0600053 0.0517811 0.043238 0.0350868 0.0272751 0.0234844 0.0208107 0.00771629
 5.86087e-027 9.22456e-021 1.98061e-015 5.80128e-011 2.31803e-007 0.000126352 0.00939548 0.095307 0.131889 0.0254435 0.0220713 0.114653 0.0845453 0.0331538 0.0962672 0.0612876 0.0645688 0.060619 0.0522521 0.0436863 0.0354054 0.0265837 0.020331 0.0164331 0.00598163
 5.8981e-027 9.28315e-021 1.99319e-015 5.83813e-011 2.33275e-007 0.000127155 0.00945515 0.0959124 0.132726 0.0256045 0.0221879 0.115254 0.0849936 0.0334604 0.0972847 0.0618883 0.0649791 0.0609834 0.0525429 0.0438856 0.0355708 0.0264819 0.0187009 0.013316 0.00464451
 5.9347e-027 9.34076e-021 2.00556e-015 5.87436e-011 2.34723e-007 0.000127944 0.00951384 0.0965076 0.13355 0.0257618 0.0222632 0.115636 0.0852739 0.0335415 0.0974934 0.0620733 0.0654156 0.0613419 0.0526784 0.0439621 0.0355993 0.0264438 0.017919 0.0112471 0.00365002
 5.93558e-027 9.34215e-021 2.00586e-015 5.87523e-011 2.34757e-007 0.000127963 0.00951525 0.0965219 0.13357 0.0257678 0.0223512 0.116106 0.0856184 0.0336118 0.0976336 0.0621642 0.0655235 0.0615303 0.0530415 0.0441884 0.0357106 0.0264858 0.0175892 0.00998644 0.00295613
 5.94973e-027 9.36441e-021 2.01064e-015 5.88923e-011 2.35317e-007 0.000128268 0.00953792 0.0967519 0.133888 0.0258276 0.0223414 0.116046 0.0855772 0.0336903 0.097954 0.0623346 0.0655441 0.0615345 0.0530579 0.0443257 0.0358343 0.0265102 0.0174125 0.00921744 0.0024859
 5.9564e-027 9.37491e-021 2.01289e-015 5.89583e-011 2.35581e-007 0.000128412 0.00954861 0.0968604 0.134038 0.0258571 0.0223859 0.11628 0.0857472 0.0336832 0.0978618 0.0623127 0.0656928 0.0616365 0.0530199 0.0442847 0.0358719 0.0265503 0.0173098 0.00874947 0.00218126
 5.9553e-027 9.37318e-021 2.01252e-015 5.89475e-011 2.35537e-007 0.000128388 0.00954685 0.0968426 0.134014 0.0258522 0.0223771 0.116233 0.0857139 0.0336998 0.0979386 0.0623463 0.0656592 0.0616698 0.0532122 0.0443961 0.0359323 0.0266387 0.0173111 0.00849059 0.00199741
 5.9607e-027 9.38168e-021 2.01435e-015 5.90009e-011 2.35751e-007 0.000128504 0.00955551 0.0969303 0.134135 0.0258754 0.0223889 0.116293 0.0857578 0.0337063 0.0979469 0.0623522 0.0656672 0.0616421 0.0531174 0.0444036 0.0359547 0.026637 0.0172968 0.00832765 0.00188334
 5.96949e-027 9.39551e-021 2.01732e-015 5.90879e-011 2.36098e-007 0.000128694 0.00956959 0.0970733 0.134333 0.0259134 0.0224178 0.116443 0.0858675 0.0337341 0.0980124 0.0623769 0.0656124 0.0615698 0.0530049 0.0442513 0.0358514 0.0265786 0.0172395 0.00821217 0.00181039
 5.96272e-027 9.38486e-021 2.01503e-015 5.90209e-011 2.35831e-007 0.000128548 0.00955875 0.0969632 0.134181 0.0258852 0.022436 0.116544 0.0859422 0.0337631 0.0980961 0.0624331 0.0656848 0.0616287 0.0530267 0.0442415 0.0358023 0.0265489 0.0172181 0.00814977 0.00176844
 5.95397e-027 9.37109e-021 2.01207e-015 5.89343e-011 2.35485e-007 0.00012836 0.00954473 0.096821 0.133984 0.0258473 0.0224058 0.116387 0.0858287 0.0337727 0.0981774 0.0624942 0.0657932 0.0617493 0.0531691 0.0443525 0.0358681 0.0265715 0.0172311 0.00812688 0.0017467
 5.96513e-027 9.38865e-021 2.01584e-015 5.90447e-011 2.35926e-007 0.0001286 0.00956261 0.0970024 0.134235 0.0258944 0.022396 0.116329 0.0857853 0.0337508 0.0981095 0.0624568 0.0657809 0.0617291 0.0531277 0.044328 0.0358454 0.0265311 0.0171884 0.00809015 0.00172912
 5.96663e-027 9.39101e-021 2.01635e-015 5.90596e-011 2.35985e-007 0.000128632 0.00956501 0.0970267 0.134268 0.0259008 0.0223993 0.116345 0.0857956 0.0337037 0.0979228 0.0623538 0.0657488 0.0617351 0.0532102 0.0444021 0.0359118 0.0265776 0.0172003 0.00808191 0.00172181
 5.9689e-027 9.39458e-021 2.01712e-015 5.9082e-011 2.36075e-007 0.000128681 0.00956865 0.0970637 0.13432 0.0259112 0.0224287 0.116501 0.0859103 0.0337395 0.0980167 0.0623769 0.0656012 0.061587 0.0530951 0.0443465 0.0358878 0.026562 0.0171813 0.00806022 0.00171363
 5.96095e-027 9.38208e-021 2.01443e-015 5.90034e-011 2.35761e-007 0.00012851 0.00955591 0.0969345 0.134141 0.0258774 0.0224239 0.11648 0.0858958 0.0337627 0.0981127 0.0624452 0.0657049 0.0616532 0.0530696 0.0443307 0.0359087 0.0265987 0.017204 0.00806159 0.00171112
 5.96468e-027 9.38794e-021 2.01569e-015 5.90403e-011 2.35908e-007 0.00012859 0.00956189 0.096995 0.134225 0.0258934 0.0224329 0.116526 0.0859306 0.0337952 0.0982253 0.0625072 0.0657236 0.0616478 0.0530031 0.0442027 0.035774 0.0265209 0.0171644 0.00803809 0.00170395
 5.96579e-027 9.3897e-021 2.01607e-015 5.90513e-011 2.35952e-007 0.000128614 0.00956368 0.0970132 0.13425 0.0258977 0.0224164 0.116437 0.0858649 0.0337702 0.0981541 0.0624846 0.0658067 0.0617391 0.0530929 0.0442498 0.0357568 0.0264844 0.0171539 0.00803393 0.00170161
 5.9669e-027 9.39145e-021 2.01644e-015 5.90623e-011 2.35996e-007 0.000128638 0.00956546 0.0970313 0.134275 0.025902 0.0223997 0.116347 0.0857978 0.0337251 0.0980048 0.062401 0.0657746 0.0617569 0.0532229 0.0443851 0.0358547 0.0265161 0.0171655 0.00804317 0.00170297
