SBPRF35
0.0477091
Curr Bio
803699
B35
316953
F35
3.35414
FOFL
3.35414
OFL
529622
Bzero
13631.2
#pred survey bio
 63072.6 53659.3 47120 48759.3 79885.6 119057 195044 282726 324304 350342 289052 307127 403278 445087 350539 407076 411533 456307 400904 473253 483517 420644 394073 434570 577525 600287 664785 478657 9.49384e+06 3.51676e+06 1.13431e+06 394858 190266 123478 99387.5 90699.1 87616.8 86536.3 86160.2 86029.8 85984.6 85969 85963.6 85961.7 85961.1 85960.9 85960.8 85960.8 85960.8 85960.8 85960.8 85960.8 85960.8 85960.8 85960.8 85960.8 85960.8 85960.8 85960.8 85960.8 85960.8 85960.8 85960.8 85960.8 85960.8 85960.8 85960.8 85960.8 85960.8 85960.8 85960.8 85960.8 85960.8 85960.8 85960.8 85960.8 85960.8 85960.8 85960.8 85960.8 85960.8 85960.8 85960.8 85960.8 85960.8 85960.8 85960.8 85960.8 85960.8 85960.8 85960.8 85960.8 85960.8 85960.8 85960.8 85960.8 85960.8 85960.8 85960.8 85960.8 85960.8 85960.8 85960.8 85960.8 85960.8 85960.8 85960.8 85960.8 85960.8 85960.8 85960.8 85960.8 85960.8 85960.8 85960.8 85960.8 85960.8 85960.8 85960.8 85960.8 85960.8 85960.8 85960.8 85960.8 85960.8 85960.8 85960.8 85960.8 0 0 0 0 0 0 0 0 0 0 0 0 0 0 0 0 0 0 0 0 0 0 0 0 0
#obs survey bio
 63849.8 66410.6 33313.8 58076 81755.9 136118 190584 262647 342076 314309 243551 303461 410883 533723 312764 415557 383260 478219 342694 472002 400530 439902 344246 524409 685173 649400 671691 475268
#pred catch bio
 21145.6 14406 13410.1 12640.4 19333.1 28144.5 45468.9 76897.2 104263 119032 131452 134872 153613 191709 196848 172427 178891 204609 170819 196412 203496 179323 226715 198307 222973 232591 246694 211920 529622 174795 35906.6 7666.74 4785.14 4628.85 4623.78 4623.67 4623.67 4623.67 4623.67 4623.67 4623.67 4623.67 4623.67 4623.67 4623.67 4623.67 4623.67 4623.67 4623.67 4623.67 4623.67 4623.67 4623.67 4623.67 4623.67 4623.67 4623.67 4623.67 4623.67 4623.67 4623.67 4623.67 4623.67 4623.67 4623.67 4623.67 4623.67 4623.67 4623.67 4623.67 4623.67 4623.67 4623.67 4623.67 4623.67 4623.67 4623.67 4623.67 4623.67 4623.67 4623.67 4623.67 4623.67 4623.67 4623.67 4623.67 4623.67 4623.67 4623.67 4623.67 4623.67 4623.67 4623.67 4623.67 4623.67 4623.67 4623.67 4623.67 4623.67 4623.67 4623.67 4623.67 4623.67 4623.67 4623.67 4623.67 4623.67 4623.67 4623.67 4623.67 4623.67 4623.67 4623.67 4623.67 4623.67 4623.67 4623.67 4623.67 4623.67 4623.67 4623.67 4623.67 4623.67 4623.67 4623.67 4623.67 4623.67 4623.67 0 0 0 0 0 0 0 0 0 0 0 0 0 0 0 0 0 0 0 0 0 0 0 0 0
#obs catch bio
 13568.8 14151.9 13409.1 12816.7 19281.4 28134.5 45126.6 76935.7 104432 118424 132929 135450 152043 191924 200408 170854 178620 205835 170217 196155 203981 177492 231097 198069 222250 231952 245869 212872
#pred cpue bio
 64998.1 55756.6 50379.5 51279.5 75964 110997 181884 265978 306125 332482 275167 289785 378208 417903 327309 379494 384703 426851 375604 445216 455162 396671 373791 409041 539549 562928 626771 451413 8.83451e+06 3.50713e+06 1.21109e+06 427944 197756 120852 93273.1 83530.8 80159.1 79003.9 78609.2 78474.3 78428.1 78412.2 78406.7 78404.9 78404.2 78404 78403.9 78403.9 78403.9 78403.9 78403.9 78403.9 78403.9 78403.9 78403.9 78403.9 78403.9 78403.9 78403.9 78403.9 78403.9 78403.9 78403.9 78403.9 78403.9 78403.9 78403.9 78403.9 78403.9 78403.9 78403.9 78403.9 78403.9 78403.9 78403.9 78403.9 78403.9 78403.9 78403.9 78403.9 78403.9 78403.9 78403.9 78403.9 78403.9 78403.9 78403.9 78403.9 78403.9 78403.9 78403.9 78403.9 78403.9 78403.9 78403.9 78403.9 78403.9 78403.9 78403.9 78403.9 78403.9 78403.9 78403.9 78403.9 78403.9 78403.9 78403.9 78403.9 78403.9 78403.9 78403.9 78403.9 78403.9 78403.9 78403.9 78403.9 78403.9 78403.9 78403.9 78403.9 78403.9 78403.9 78403.9 78403.9 78403.9 78403.9 78403.9 78403.9 0 0 0 0 0 0 0 0 0 0 0 0 0 0 0 0 0 0 0 0 0 0 0 0 0
#obs cpue bio
 67238.2 54442.1 44810.3 46784 93999.3 87195.1 195505 305601 279958 408700 291981 270530 404071 385972 299882 413900 392064 444075 389087 479042 569898 382041 387520 318698 515995 479458 712795 417916
#pred surv len freq
 2.25947e-11 1.06275e-09 3.4613e-08 7.8061e-07 1.21904e-05 0.000131822 0.000987093 0.00511871 0.018388 0.045818 0.079587 0.0982559 0.0923007 0.0787597 0.0744921 0.0748322 0.0707971 0.063868 0.057536 0.052011 0.0475356 0.0443107 0.0404133 0.0329431 0.0219012
 1.40034e-11 6.58655e-10 2.1452e-08 4.83796e-07 7.5552e-06 8.17001e-05 0.000611804 0.00317319 0.0114075 0.0285076 0.0500866 0.0645098 0.0691384 0.0764109 0.0916736 0.102168 0.0991128 0.0888304 0.0777064 0.0660484 0.0541977 0.0434499 0.0338075 0.0242549 0.0148155
 6.29527e-12 2.96099e-10 9.64377e-09 2.17491e-07 3.39647e-06 3.6729e-05 0.000275056 0.00142689 0.00513369 0.0128695 0.0228862 0.0307722 0.0370747 0.0490653 0.0689925 0.0899184 0.10687 0.11814 0.118602 0.105771 0.0849087 0.0627879 0.0430553 0.0268591 0.014551
 2.93721e-11 1.38152e-09 4.49954e-08 1.01476e-06 1.58469e-05 0.000171361 0.00128313 0.00665307 0.023889 0.0594177 0.102478 0.123076 0.104703 0.0675061 0.0413059 0.0350848 0.0427062 0.0566557 0.0697017 0.0750251 0.0691734 0.0542287 0.0362331 0.0206949 0.00999625
 4.50089e-11 2.117e-09 6.89494e-08 1.55498e-06 2.42832e-05 0.000262588 0.00196623 0.0101951 0.0366085 0.0910673 0.157152 0.189141 0.162073 0.106218 0.0636966 0.0420237 0.02899 0.0198685 0.0162909 0.0170544 0.0181114 0.0164912 0.0121853 0.00719827 0.00337975
 3.83143e-11 1.80212e-09 5.8694e-08 1.3237e-06 2.06714e-05 0.000223532 0.00167381 0.00867936 0.0311731 0.077618 0.134434 0.164118 0.148185 0.113748 0.0914215 0.0776748 0.0586653 0.0367987 0.0205768 0.0117789 0.00787866 0.00614478 0.00469622 0.00299944 0.00148967
 3.99247e-11 1.87787e-09 6.11609e-08 1.37933e-06 2.15402e-05 0.000232927 0.00174414 0.00904385 0.0324791 0.0808388 0.1398 0.169677 0.150051 0.108807 0.0807285 0.0672696 0.0551424 0.0412347 0.0281823 0.0171731 0.00911959 0.00446085 0.00224808 0.00117972 0.000565204
 3.7512e-11 1.76439e-09 5.74649e-08 1.29598e-06 2.02385e-05 0.000218851 0.00163875 0.00849754 0.0305194 0.0759833 0.131555 0.160381 0.144122 0.109338 0.0869519 0.0751504 0.0607657 0.0439591 0.0300168 0.0195631 0.0115479 0.00588955 0.00256401 0.000977258 0.000339571
 3.76696e-11 1.7718e-09 5.77063e-08 1.30142e-06 2.03235e-05 0.000219771 0.00164563 0.00853316 0.0306466 0.0762933 0.132045 0.160762 0.143776 0.107692 0.0842286 0.0727198 0.0601251 0.0451951 0.0318684 0.0209754 0.0124299 0.00647837 0.00290927 0.00109529 0.000338955
 3.6135e-11 1.69962e-09 5.53554e-08 1.2484e-06 1.94956e-05 0.000210818 0.0015786 0.00818567 0.0293999 0.0732028 0.126785 0.15478 0.139781 0.107552 0.0875593 0.0773874 0.0640463 0.0477599 0.0336238 0.0224222 0.0135768 0.00721324 0.00328223 0.001247 0.000385726
 3.59098e-11 1.68902e-09 5.50105e-08 1.24062e-06 1.93741e-05 0.000209504 0.00156876 0.00813464 0.0292165 0.0727443 0.12598 0.153742 0.138676 0.106392 0.0864113 0.0767243 0.0644561 0.0492055 0.0353711 0.0237855 0.0144052 0.00766791 0.00351614 0.00135038 0.000421607
 3.84551e-11 1.80875e-09 5.89097e-08 1.32856e-06 2.07474e-05 0.000224354 0.00167995 0.00871104 0.0312847 0.0778741 0.134729 0.163782 0.145681 0.107427 0.0819257 0.0695086 0.0572486 0.0433189 0.0310887 0.0210285 0.0128498 0.00687887 0.00315394 0.00120724 0.000375854
 3.88864e-11 1.82903e-09 5.95703e-08 1.34346e-06 2.098e-05 0.00022687 0.00169879 0.00880875 0.0316359 0.0787504 0.13626 0.165715 0.147618 0.109268 0.0836185 0.070472 0.0566658 0.0411283 0.0282089 0.0185212 0.0111965 0.00600428 0.00277421 0.00107101 0.000335579
 3.81361e-11 1.79374e-09 5.84209e-08 1.31754e-06 2.05752e-05 0.000222492 0.00166601 0.00863885 0.0310263 0.0772395 0.133689 0.162794 0.145684 0.109265 0.0854378 0.0731927 0.0593018 0.0431054 0.0293089 0.0188031 0.0109971 0.00571387 0.00258731 0.000992197 0.000311718
 3.96717e-11 1.86597e-09 6.07734e-08 1.37059e-06 2.14038e-05 0.000231451 0.00173309 0.0089866 0.0322739 0.0803325 0.138954 0.168788 0.149704 0.109441 0.0821072 0.0683882 0.0550616 0.0402122 0.0275016 0.0176203 0.010169 0.0051452 0.00224644 0.000828646 0.000251708
 3.91885e-11 1.84324e-09 6.00331e-08 1.3539e-06 2.1143e-05 0.000228632 0.00171199 0.00887721 0.0318818 0.0793643 0.137332 0.167067 0.148973 0.110569 0.0848927 0.0714342 0.0568245 0.0402842 0.0266203 0.0166577 0.00949896 0.00476003 0.00204633 0.000736444 0.000216514
 3.88103e-11 1.82545e-09 5.94538e-08 1.34083e-06 2.0939e-05 0.000226426 0.00169547 0.00879154 0.0315743 0.0785993 0.136013 0.165485 0.147643 0.109782 0.084662 0.0718076 0.0579118 0.0418954 0.0281857 0.017701 0.0099921 0.00493712 0.00210114 0.000752179 0.000220122
 3.8933e-11 1.83122e-09 5.96417e-08 1.34507e-06 2.10052e-05 0.000227141 0.00170082 0.00881931 0.0316738 0.0788452 0.136427 0.165929 0.14785 0.109536 0.0839859 0.0709829 0.0572801 0.0416427 0.0283033 0.0180402 0.0103459 0.00516945 0.00220547 0.000785535 0.000228032
 3.83381e-11 1.80324e-09 5.87304e-08 1.32452e-06 2.06842e-05 0.000223671 0.00167484 0.00868461 0.0311906 0.0776479 0.134393 0.163634 0.146378 0.109658 0.0855597 0.0731055 0.0590208 0.0426631 0.0287901 0.0182779 0.0104928 0.00527051 0.002265 0.000811595 0.000236063
 3.76761e-11 1.7721e-09 5.77163e-08 1.30165e-06 2.03271e-05 0.000219809 0.00164592 0.00853468 0.0306524 0.0763113 0.1321 0.160941 0.144292 0.108802 0.0858624 0.0742147 0.0606748 0.0446142 0.0306514 0.0196958 0.0113769 0.00574174 0.00248407 0.000898609 0.000264351
 3.79372e-11 1.78438e-09 5.81162e-08 1.31066e-06 2.04679e-05 0.000221332 0.00165732 0.00859378 0.0308643 0.0768353 0.132983 0.161905 0.144795 0.108425 0.0846716 0.072767 0.0596019 0.0441825 0.030746 0.0200582 0.0117692 0.00602392 0.00263388 0.000959845 0.000284094
 3.72734e-11 1.75316e-09 5.70993e-08 1.28773e-06 2.01098e-05 0.000217459 0.00162833 0.00844348 0.0303252 0.0754993 0.130714 0.159344 0.143154 0.108563 0.0864195 0.075101 0.0614737 0.04524 0.03125 0.0203511 0.0119999 0.00620069 0.00274223 0.00101033 0.000301771
 3.59106e-11 1.68906e-09 5.50117e-08 1.24065e-06 1.93746e-05 0.000209509 0.0015688 0.00813485 0.0292176 0.072751 0.126017 0.153911 0.139218 0.107596 0.0882148 0.0784295 0.0651889 0.048704 0.0340828 0.0223217 0.0131569 0.00679202 0.00301127 0.00111695 0.000336808
 3.85718e-11 1.81423e-09 5.90884e-08 1.33259e-06 2.08103e-05 0.000225034 0.00168504 0.00873748 0.0313797 0.0781106 0.135139 0.164286 0.146146 0.107808 0.0822709 0.0698438 0.0575114 0.0433696 0.0307844 0.0203744 0.0120588 0.00621135 0.00273327 0.00100359 0.000299721
 3.97341e-11 1.8689e-09 6.0869e-08 1.37275e-06 2.14374e-05 0.000231815 0.00173582 0.00900073 0.0323247 0.0804588 0.139173 0.169055 0.149941 0.109595 0.082123 0.0681369 0.0544475 0.0394185 0.0269657 0.0176109 0.0105281 0.00553636 0.00248678 0.000927309 0.000279682
 3.79496e-11 1.78497e-09 5.81353e-08 1.3111e-06 2.04746e-05 0.000221405 0.00165787 0.00859665 0.0308751 0.0768668 0.133069 0.162157 0.14549 0.109897 0.0868068 0.0746451 0.0600984 0.0430468 0.0287568 0.0181975 0.0105443 0.0054291 0.00242745 0.000914097 0.00028038
 3.72929e-11 1.75408e-09 5.71292e-08 1.28841e-06 2.01203e-05 0.000217573 0.00162918 0.00844788 0.0303409 0.0755373 0.130772 0.159381 0.14308 0.108301 0.0860398 0.0748874 0.0617027 0.045822 0.031752 0.0204607 0.0118015 0.00595724 0.00259846 0.00095867 0.000290912
 3.76667e-11 1.77166e-09 5.77018e-08 1.30132e-06 2.0322e-05 0.000219754 0.00164551 0.00853252 0.0306445 0.0762892 0.132047 0.160806 0.143948 0.108085 0.0847929 0.073172 0.0601642 0.0448494 0.0314552 0.0207013 0.0122447 0.00630388 0.00276527 0.0010106 0.000300941
#obs surv len freq
 2.53316e-11 1.19148e-09 3.88056e-08 8.75164e-07 1.3667e-05 0.000147789 0.00110665 0.00573868 0.0206146 0.0513606 0.0891782 0.109926 0.102718 0.0865453 0.0806642 0.0804999 0.0761003 0.0684204 0.0604415 0.0516078 0.0416843 0.0315167 0.0218042 0.0132292 0.00668177
 4.72469e-12 2.22227e-10 7.23778e-09 1.63231e-07 2.54913e-06 2.75673e-05 0.000206482 0.00107191 0.0038673 0.00980064 0.0181467 0.0276876 0.0428682 0.0708926 0.105 0.124486 0.121453 0.108248 0.0953149 0.082569 0.0681304 0.0521517 0.035944 0.0214769 0.0106545
 1.42806e-14 6.71705e-13 2.18789e-11 4.93599e-10 7.71903e-09 8.39329e-08 6.42244e-07 3.61376e-06 1.70274e-05 8.25109e-05 0.000419598 0.00184943 0.00625299 0.0161224 0.0337438 0.0616833 0.0995724 0.135761 0.15263 0.145474 0.123651 0.0960448 0.0668842 0.0400586 0.019749
 5.30837e-11 2.4968e-09 8.13192e-08 1.83395e-06 2.86398e-05 0.000309697 0.00231895 0.0120235 0.0431675 0.107317 0.184743 0.220219 0.181783 0.103965 0.0414476 0.0123981 0.00516545 0.00675029 0.0110916 0.0151001 0.0165175 0.0147409 0.0109085 0.00668423 0.00331822
 3.31817e-11 1.56071e-09 5.08313e-08 1.14637e-06 1.79023e-05 0.000193589 0.00144961 0.00751732 0.0270066 0.0673123 0.117054 0.145107 0.138056 0.120413 0.11291 0.10201 0.0731008 0.0382868 0.0155445 0.00743316 0.00671661 0.00713623 0.0062519 0.00425358 0.00222716
 4.20475e-11 1.97771e-09 6.44128e-08 1.45267e-06 2.26855e-05 0.000245312 0.00183687 0.00952448 0.0342028 0.0851038 0.147006 0.177623 0.154515 0.106676 0.0728207 0.0582161 0.0496564 0.0400615 0.0285717 0.0168358 0.00817839 0.00394262 0.00241848 0.00162591 0.000915409
 3.6446e-11 1.71424e-09 5.58318e-08 1.25915e-06 1.96634e-05 0.000212633 0.00159219 0.00825621 0.0296543 0.0738449 0.127959 0.156498 0.142225 0.111156 0.0919546 0.0804157 0.0632857 0.0434035 0.0284737 0.0187744 0.0115641 0.00613301 0.0028142 0.0012265 0.000536075
 3.74419e-11 1.76109e-09 5.73575e-08 1.29356e-06 2.02007e-05 0.000218442 0.00163569 0.00848159 0.0304616 0.0758327 0.13125 0.159805 0.14296 0.107186 0.0840465 0.0729069 0.0607241 0.0459971 0.0324894 0.021305 0.0127023 0.00684597 0.00328201 0.00136184 0.000486348
 3.70816e-11 1.74414e-09 5.68056e-08 1.28111e-06 2.00064e-05 0.000216341 0.00161995 0.00840003 0.0301692 0.0751104 0.130037 0.158506 0.142356 0.107849 0.0856805 0.0742735 0.0606853 0.0448436 0.031651 0.0215883 0.0136074 0.00761973 0.00370344 0.00153236 0.000529556
 3.46354e-11 1.62908e-09 5.30581e-08 1.19659e-06 1.86866e-05 0.000202069 0.00151309 0.00784606 0.0281815 0.0701803 0.12163 0.148859 0.135634 0.106876 0.0900182 0.0812082 0.0675211 0.0502586 0.0354168 0.0239843 0.0151369 0.00865288 0.00435196 0.0018577 0.00065118
 3.62187e-11 1.70355e-09 5.54836e-08 1.2513e-06 1.95408e-05 0.000211306 0.00158225 0.00820456 0.0294672 0.0733626 0.127013 0.154825 0.139081 0.105506 0.0842749 0.0741261 0.0623563 0.0481109 0.0353167 0.0245755 0.0156891 0.00901187 0.00457073 0.00198425 0.000711108
 3.96785e-11 1.86629e-09 6.07837e-08 1.37083e-06 2.14074e-05 0.000231491 0.00173339 0.00898808 0.0322789 0.08034 0.138935 0.168616 0.149069 0.107944 0.079682 0.0656119 0.0528323 0.0392284 0.0280961 0.0196297 0.0128563 0.00760148 0.00393855 0.00173464 0.000629692
 3.69409e-11 1.73752e-09 5.65899e-08 1.27625e-06 1.99304e-05 0.00021552 0.0016138 0.00836823 0.0300558 0.074836 0.129617 0.15825 0.14294 0.109949 0.089107 0.077499 0.0618572 0.0434428 0.0287746 0.0187985 0.0118456 0.00693558 0.00363423 0.00163346 0.000604967
 3.87072e-11 1.8206e-09 5.92957e-08 1.33727e-06 2.08834e-05 0.000225824 0.00169096 0.00876814 0.03149 0.0783856 0.135619 0.16489 0.146744 0.108358 0.082738 0.0700071 0.0570585 0.0422516 0.0293756 0.0192457 0.0115997 0.0063931 0.00320175 0.00141196 0.000523667
 3.98498e-11 1.87434e-09 6.10461e-08 1.37674e-06 2.14998e-05 0.00023249 0.00174087 0.00902693 0.032419 0.080694 0.139584 0.169576 0.150467 0.110091 0.0825245 0.0681847 0.0538469 0.0382605 0.0257818 0.0169026 0.0103975 0.00577757 0.00283479 0.00120348 0.000431074
 3.74223e-11 1.76016e-09 5.73274e-08 1.29288e-06 2.01901e-05 0.000218328 0.00163483 0.00847725 0.0304471 0.0758071 0.131278 0.160179 0.144367 0.110394 0.0887227 0.0768349 0.0613627 0.0431143 0.0282698 0.0178888 0.0106702 0.00583308 0.00285037 0.00120427 0.000424905
 3.91744e-11 1.84258e-09 6.00115e-08 1.35341e-06 2.11355e-05 0.00022855 0.00171137 0.00887396 0.0318698 0.0793288 0.137235 0.166781 0.148186 0.108899 0.0824481 0.0692126 0.0560338 0.0411777 0.0284076 0.0184598 0.0109544 0.00584374 0.00277756 0.0011491 0.000399861
 3.81586e-11 1.7948e-09 5.84554e-08 1.31832e-06 2.05874e-05 0.000222624 0.001667 0.00864396 0.031045 0.0772873 0.133783 0.162962 0.145998 0.109809 0.0860926 0.0734768 0.058733 0.0418468 0.0281537 0.018363 0.011198 0.00613687 0.00294272 0.00120538 0.000411584
 3.75034e-11 1.76398e-09 5.74517e-08 1.29568e-06 2.02339e-05 0.000218802 0.00163838 0.00849558 0.0305123 0.0759641 0.131512 0.160287 0.143902 0.108903 0.0863474 0.074649 0.0606305 0.0440939 0.0301084 0.0195966 0.0118133 0.00644659 0.00311894 0.00129511 0.00044552
 3.6786e-11 1.73023e-09 5.63526e-08 1.27089e-06 1.98468e-05 0.000214616 0.00160703 0.00833309 0.0299292 0.0745164 0.129034 0.157401 0.141744 0.108194 0.0869576 0.0759871 0.0622157 0.0457478 0.0317496 0.0210482 0.0128792 0.00707859 0.00342692 0.00142339 0.000491519
 3.86808e-11 1.81936e-09 5.92553e-08 1.33636e-06 2.08691e-05 0.00022567 0.00168981 0.00876216 0.0314685 0.0783321 0.135526 0.164775 0.146635 0.10825 0.0825714 0.0696955 0.0565961 0.0418568 0.0293955 0.0197644 0.0122873 0.00686755 0.00337313 0.00141454 0.000491004
 3.50413e-11 1.64817e-09 5.368e-08 1.21062e-06 1.89056e-05 0.000204437 0.00153083 0.00793804 0.0285121 0.0710058 0.123075 0.150696 0.137515 0.108737 0.0918036 0.0823012 0.0670831 0.0482432 0.0327336 0.0215988 0.0134332 0.00759628 0.00379024 0.00161442 0.000567792
 3.59556e-11 1.69118e-09 5.50805e-08 1.24221e-06 1.93988e-05 0.000209771 0.00157076 0.00814498 0.0292535 0.072834 0.126119 0.153839 0.13853 0.105801 0.0854089 0.0756946 0.0638493 0.04913 0.0356177 0.0241844 0.0149493 0.00832387 0.00412536 0.0017655 0.000627903
 4.00287e-11 1.88276e-09 6.13202e-08 1.38292e-06 2.15964e-05 0.000233534 0.00174868 0.00906738 0.0325635 0.0810456 0.140138 0.169994 0.150021 0.108066 0.0790569 0.0646818 0.0520305 0.0387108 0.0277702 0.0193368 0.0125109 0.00723749 0.00364712 0.0015627 0.000554824
 3.85086e-11 1.81126e-09 5.89915e-08 1.33041e-06 2.07762e-05 0.000224666 0.00168229 0.00872324 0.0313296 0.077995 0.135002 0.164418 0.147205 0.110483 0.08622 0.0730244 0.0575917 0.0401487 0.0264297 0.0172023 0.010809 0.00628739 0.00325048 0.0014322 0.000518345
 3.61396e-11 1.69983e-09 5.53625e-08 1.24856e-06 1.94981e-05 0.000210845 0.0015788 0.00818675 0.0294044 0.0732176 0.126839 0.154975 0.14037 0.108842 0.089486 0.0791948 0.0647386 0.0469358 0.0317222 0.0203322 0.0120934 0.006609 0.00328436 0.00143386 0.000524506
 3.75846e-11 1.7678e-09 5.7576e-08 1.29849e-06 2.02777e-05 0.000219275 0.00164192 0.00851391 0.0305776 0.076121 0.131745 0.160391 0.143421 0.107372 0.0838864 0.0723158 0.0597089 0.0449368 0.0319724 0.021471 0.0131253 0.00715672 0.00344797 0.00144356 0.000511203
 3.62736e-11 1.70614e-09 5.55677e-08 1.25319e-06 1.95704e-05 0.000211627 0.00158465 0.00821708 0.029513 0.0734851 0.127282 0.155422 0.140468 0.108265 0.0881941 0.0775122 0.0631843 0.0460518 0.0319122 0.0214972 0.0135519 0.00767989 0.00379705 0.00159446 0.000555111
#pred catch len freq
 2.05426e-11 9.66224e-10 3.14693e-08 7.09711e-07 1.10832e-05 0.00011985 0.000897445 0.00465391 0.0167195 0.0416722 0.0724657 0.0898417 0.0856096 0.0755699 0.0744705 0.0769096 0.0743654 0.0686475 0.0630248 0.0574643 0.0522311 0.0476938 0.0422626 0.0335314 0.0218372
 1.22898e-11 5.78053e-10 1.88268e-08 4.24592e-07 6.63065e-06 7.17025e-05 0.000536944 0.00278504 0.0100138 0.0250416 0.0441121 0.0573518 0.0631214 0.0727861 0.0902067 0.102513 0.101462 0.093187 0.0833256 0.0718003 0.0591105 0.0469311 0.0357381 0.0249832 0.0149144
 5.32494e-12 2.5046e-10 8.15732e-09 1.83968e-07 2.87295e-06 3.10679e-05 0.000232665 0.00120707 0.00434399 0.0109015 0.0194664 0.026545 0.0330992 0.0457376 0.0662237 0.0882161 0.107277 0.121072 0.123355 0.11106 0.0894901 0.0658468 0.0444601 0.0271033 0.0143285
 2.63597e-11 1.23983e-09 4.03806e-08 9.10683e-07 1.42216e-05 0.000153786 0.00115153 0.00597076 0.0214394 0.0533282 0.0919978 0.110599 0.0944648 0.0618509 0.0396394 0.0360872 0.0460047 0.0624838 0.0778836 0.084442 0.0780128 0.0609152 0.0402642 0.022605 0.0106907
 4.32612e-11 2.0348e-09 6.62722e-08 1.4946e-06 2.33404e-05 0.000252392 0.00188988 0.00979928 0.035188 0.0875405 0.151113 0.182098 0.156769 0.104356 0.0648523 0.0445826 0.0316394 0.0223464 0.0190373 0.0203792 0.0217249 0.0196925 0.0144191 0.00840883 0.00388554
 3.64565e-11 1.71474e-09 5.5848e-08 1.25951e-06 1.96691e-05 0.000212694 0.00159265 0.00825865 0.0296636 0.0738742 0.12805 0.156799 0.1431 0.113044 0.0947228 0.0828223 0.063542 0.040501 0.0231608 0.0135821 0.00922334 0.00720415 0.00546866 0.00345841 0.00169828
 3.80036e-11 1.78751e-09 5.82179e-08 1.31296e-06 2.05037e-05 0.000221719 0.00166022 0.00860879 0.0309178 0.0769644 0.133179 0.162013 0.144487 0.107414 0.0832226 0.0719502 0.0604235 0.0462011 0.0322349 0.0199371 0.010684 0.0052397 0.00262157 0.00135641 0.000640927
 3.55783e-11 1.67343e-09 5.45027e-08 1.22917e-06 1.91953e-05 0.00020757 0.00155428 0.00805963 0.0289479 0.0720839 0.124892 0.152679 0.138558 0.108005 0.0895216 0.0797945 0.065806 0.048602 0.033943 0.0225154 0.0134317 0.00688104 0.00298833 0.00112546 0.000382896
 3.57972e-11 1.68373e-09 5.4838e-08 1.23673e-06 1.93134e-05 0.000208847 0.00156384 0.00810915 0.029125 0.072517 0.12559 0.153285 0.138325 0.106262 0.0865234 0.0770758 0.065027 0.0498516 0.035834 0.0239177 0.0142907 0.00747623 0.00335578 0.001257 0.000384946
 3.42818e-11 1.61245e-09 5.25165e-08 1.18438e-06 1.84958e-05 0.000200006 0.00149765 0.00776598 0.0278938 0.0694652 0.120397 0.147382 0.134395 0.106158 0.0898541 0.0816966 0.0688485 0.0522954 0.0375078 0.0253493 0.0154587 0.0082309 0.00373799 0.00141248 0.000433379
 3.42337e-11 1.61019e-09 5.24428e-08 1.18272e-06 1.84698e-05 0.000199725 0.00149554 0.00775505 0.0278543 0.0693638 0.120202 0.147051 0.133804 0.10513 0.0884937 0.0806552 0.0688696 0.0533894 0.0389245 0.0264058 0.0160395 0.00852343 0.00388698 0.00148019 0.000457308
 3.68057e-11 1.73116e-09 5.63829e-08 1.27157e-06 1.98575e-05 0.000214731 0.00160789 0.0083375 0.0299442 0.0745476 0.129044 0.157202 0.140901 0.106218 0.0840178 0.0733991 0.0615634 0.0473674 0.0345245 0.0235877 0.0144718 0.00774159 0.00353304 0.00134182 0.000413604
 3.72075e-11 1.75006e-09 5.69984e-08 1.28546e-06 2.00743e-05 0.000217075 0.00162545 0.00842855 0.0302715 0.0753651 0.130478 0.159037 0.14282 0.108184 0.0859618 0.0746154 0.0610947 0.0451193 0.031499 0.0209469 0.0127418 0.00683965 0.00315006 0.00120825 0.00037528
 3.65822e-11 1.72065e-09 5.60405e-08 1.26385e-06 1.97369e-05 0.000213427 0.00159813 0.00828695 0.0297635 0.0741065 0.12834 0.156624 0.141276 0.108337 0.0877285 0.0771692 0.0635163 0.0468466 0.0323093 0.0209246 0.0122783 0.00636786 0.0028662 0.00108917 0.000338425
 3.83493e-11 1.80377e-09 5.87475e-08 1.3249e-06 2.06903e-05 0.000223736 0.00167532 0.00868711 0.0311993 0.0776664 0.134403 0.163548 0.145988 0.108731 0.0841808 0.0718993 0.0587235 0.0433947 0.0299887 0.0193227 0.011151 0.00561462 0.0024297 0.000885496 0.0002652
 3.76416e-11 1.77048e-09 5.76635e-08 1.30045e-06 2.03085e-05 0.000219608 0.00164442 0.0085269 0.0306248 0.0762459 0.13201 0.160938 0.144629 0.109742 0.0873155 0.0755186 0.0610556 0.0439415 0.029491 0.0186618 0.0106966 0.00536156 0.00229645 0.000820677 0.000238972
 3.72409e-11 1.75164e-09 5.70497e-08 1.28661e-06 2.00923e-05 0.00021727 0.00162691 0.00843614 0.0302989 0.0754352 0.130611 0.159257 0.143201 0.108868 0.0870144 0.0758712 0.0622112 0.045698 0.0312093 0.0198056 0.0112328 0.00555087 0.00235372 0.000836891 0.000242691
 3.74208e-11 1.7601e-09 5.73252e-08 1.29283e-06 2.01893e-05 0.000218319 0.00163477 0.00847686 0.030445 0.0757965 0.131221 0.159928 0.143569 0.108654 0.0862482 0.0748885 0.0614076 0.045294 0.0312178 0.0200837 0.0115594 0.00577049 0.00245066 0.000866219 0.000248971
 3.6717e-11 1.72699e-09 5.6247e-08 1.26851e-06 1.98096e-05 0.000214213 0.00160402 0.00831749 0.0298732 0.0743794 0.128811 0.157196 0.141778 0.108688 0.0879464 0.0772509 0.0634168 0.0465705 0.0319303 0.0205017 0.011833 0.00594825 0.00254877 0.000907825 0.000261878
 3.60195e-11 1.69419e-09 5.51786e-08 1.24441e-06 1.94333e-05 0.000210144 0.00157356 0.00815953 0.0293062 0.0729709 0.126394 0.154351 0.139554 0.107728 0.088181 0.0783455 0.0651401 0.0486702 0.0339664 0.022064 0.0128098 0.0064685 0.00278969 0.00100292 0.00029257
 3.6314e-11 1.70804e-09 5.56296e-08 1.25459e-06 1.95922e-05 0.000211862 0.00158642 0.00822619 0.0295452 0.0735622 0.127392 0.155444 0.140141 0.107348 0.0869041 0.0767733 0.0639516 0.0481576 0.0340207 0.0224195 0.0132115 0.00676082 0.00294466 0.00106573 0.000312586
 3.56252e-11 1.67564e-09 5.45745e-08 1.23079e-06 1.92206e-05 0.000207844 0.00155633 0.00807023 0.0289858 0.072176 0.125037 0.152786 0.138436 0.107485 0.0887079 0.0791826 0.0658821 0.0492479 0.0345449 0.0227333 0.0134651 0.00695676 0.00306469 0.00112141 0.000331956
 3.44814e-11 1.62184e-09 5.28223e-08 1.19127e-06 1.86035e-05 0.000201171 0.00150637 0.00781119 0.0280562 0.0698694 0.121096 0.148233 0.135154 0.106724 0.0903007 0.0820848 0.0691032 0.0522152 0.036905 0.0242923 0.0143099 0.00734927 0.00323021 0.00118483 0.000352763
 3.69685e-11 1.73882e-09 5.66323e-08 1.2772e-06 1.99453e-05 0.00021568 0.00161501 0.00837438 0.0300767 0.0748773 0.129614 0.157897 0.141522 0.106684 0.0843878 0.0737228 0.0617861 0.0473402 0.0340965 0.0227788 0.0135322 0.0069656 0.00305186 0.00111229 0.000329013
 3.81127e-11 1.79264e-09 5.83851e-08 1.31673e-06 2.05626e-05 0.000222356 0.00166499 0.00863353 0.031007 0.0771895 0.13359 0.162611 0.145322 0.108582 0.084438 0.0721909 0.0587547 0.0432719 0.0301181 0.019915 0.0119777 0.00630541 0.0028242 0.00104688 0.000313166
 3.62595e-11 1.70547e-09 5.55462e-08 1.2527e-06 1.95628e-05 0.000211544 0.00158404 0.0082139 0.0295016 0.0734591 0.12725 0.155446 0.140695 0.108886 0.0892935 0.0789562 0.0646561 0.0470853 0.0320028 0.0205123 0.0119633 0.00616845 0.00275052 0.00102959 0.000313237
 3.55772e-11 1.67338e-09 5.45009e-08 1.22913e-06 1.91947e-05 0.000207563 0.00155423 0.00805934 0.0289466 0.0720775 0.124861 0.152547 0.138144 0.107123 0.0883456 0.0790831 0.0663084 0.0500746 0.0352682 0.0229851 0.0133319 0.00673652 0.00292941 0.00107371 0.000322894
 3.60919e-11 1.69759e-09 5.52894e-08 1.24691e-06 1.94724e-05 0.000210566 0.00157671 0.00817589 0.0293647 0.0731137 0.126622 0.154539 0.139433 0.107039 0.0869582 0.077058 0.0643842 0.0487085 0.0346378 0.0229978 0.0136456 0.00701548 0.00306183 0.00110978 0.000326968
#obs catch len freq
 2.34784e-11 1.10431e-09 3.59667e-08 8.1114e-07 1.26671e-05 0.000136978 0.0010257 0.00531905 0.0191093 0.0476308 0.0828425 0.102777 0.0981429 0.0869605 0.0856664 0.0873246 0.0817792 0.0715851 0.0613386 0.0513025 0.0413778 0.0318497 0.0226114 0.014023 0.00718361
 2.41805e-11 1.13733e-09 3.70422e-08 8.35396e-07 1.30459e-05 0.000141074 0.00105637 0.00547799 0.0196791 0.0490389 0.0852093 0.105327 0.0993581 0.0856378 0.0819868 0.0829604 0.0787185 0.0707896 0.0625051 0.0533496 0.043081 0.032568 0.0225296 0.0136687 0.00690358
 4.39768e-12 2.06846e-10 6.73683e-09 1.51933e-07 2.37271e-06 2.56595e-05 0.000192198 0.000997856 0.00360156 0.00914143 0.0170216 0.0263925 0.0419509 0.0707177 0.1055 0.125304 0.122251 0.108894 0.0958221 0.0829735 0.0684476 0.0523873 0.0361035 0.0215712 0.010701
 1.3309e-14 6.26006e-13 2.03905e-11 4.60032e-10 7.19487e-09 7.82661e-08 5.9985e-07 3.39471e-06 1.62519e-05 8.06906e-05 0.000417201 0.00185006 0.00626499 0.0161555 0.0337988 0.0617454 0.0996205 0.135782 0.152621 0.145438 0.1236 0.0959937 0.0668434 0.0400325 0.0197357
 5.27554e-11 2.48136e-09 8.08163e-08 1.82261e-06 2.84626e-05 0.000307782 0.0023046 0.0119491 0.0429005 0.106653 0.1836 0.218857 0.180659 0.103328 0.0412143 0.0124002 0.00534396 0.00715753 0.0117898 0.0160519 0.0175577 0.0156685 0.0115945 0.00710434 0.0035267
 3.21733e-11 1.51328e-09 4.92865e-08 1.11154e-06 1.73583e-05 0.000187706 0.00140557 0.00728898 0.0261875 0.065283 0.113608 0.141225 0.135591 0.120682 0.115654 0.105635 0.0759606 0.0398195 0.0161647 0.0077194 0.00696658 0.00739975 0.00648248 0.00441038 0.00230924
 4.12496e-11 1.94018e-09 6.31904e-08 1.4251e-06 2.2255e-05 0.000240656 0.00180201 0.00934378 0.0335544 0.0834955 0.144263 0.174473 0.152311 0.106337 0.0742164 0.0604984 0.0519848 0.0419914 0.0299413 0.0176377 0.00856591 0.00412817 0.00253153 0.0017017 0.000958049
 3.55822e-11 1.67362e-09 5.45086e-08 1.22931e-06 1.91974e-05 0.000207593 0.00155446 0.0080606 0.0289526 0.0721052 0.124998 0.153128 0.13997 0.11107 0.0938492 0.0831468 0.0657102 0.0450903 0.0295617 0.0194786 0.0119932 0.00635942 0.00291774 0.0012715 0.000555701
 3.66282e-11 1.72281e-09 5.61109e-08 1.26544e-06 1.97617e-05 0.000213695 0.00160014 0.00829732 0.0298004 0.0741931 0.128456 0.156609 0.140764 0.10695 0.0856133 0.0753128 0.0630151 0.0477572 0.0337152 0.0220976 0.0131704 0.00709669 0.00340172 0.0014114 0.000504019
 3.62833e-11 1.70659e-09 5.55826e-08 1.25353e-06 1.95756e-05 0.000211683 0.00158508 0.00821926 0.0295206 0.0735021 0.127297 0.155374 0.140216 0.107649 0.0872562 0.0766491 0.062897 0.0464994 0.0328001 0.0223591 0.0140884 0.0078875 0.00383312 0.0015859 0.000548032
 3.38862e-11 1.59384e-09 5.19104e-08 1.17071e-06 1.82824e-05 0.000197698 0.00148037 0.00767641 0.0275728 0.068671 0.119058 0.145921 0.133626 0.106687 0.0914974 0.0834411 0.0696032 0.0518167 0.0364905 0.0246967 0.0155808 0.00890471 0.00447806 0.00191138 0.000669969
 3.54962e-11 1.66957e-09 5.43768e-08 1.22633e-06 1.9151e-05 0.000207091 0.00155069 0.00804094 0.0288801 0.0719067 0.124531 0.151982 0.137117 0.105264 0.0856132 0.0762 0.0643387 0.0496524 0.0364254 0.0253331 0.0161673 0.0092847 0.00470851 0.00204391 0.000732458
 3.90871e-11 1.83847e-09 5.98777e-08 1.35039e-06 2.10883e-05 0.000228041 0.00170755 0.00885415 0.0317984 0.0791484 0.136905 0.166295 0.147478 0.107782 0.0808286 0.067349 0.0544531 0.0404466 0.0289491 0.020213 0.0132334 0.00782287 0.00405278 0.00178483 0.000647882
 3.62988e-11 1.70732e-09 5.56063e-08 1.25406e-06 1.9584e-05 0.000211774 0.00158576 0.00822282 0.0295341 0.0735427 0.127415 0.155741 0.141252 0.109859 0.0904788 0.0795031 0.0636628 0.0447203 0.0295995 0.0193237 0.0121712 0.00712454 0.00373276 0.00167762 0.000621296
 3.82132e-11 1.79736e-09 5.8539e-08 1.3202e-06 2.06168e-05 0.000222942 0.00166938 0.00865627 0.0310886 0.0773904 0.133924 0.162954 0.145426 0.108249 0.0837377 0.071507 0.0584526 0.0432861 0.0300729 0.01969 0.0118628 0.00653656 0.0032731 0.0014433 0.000535264
 3.93489e-11 1.85078e-09 6.02787e-08 1.35944e-06 2.12296e-05 0.000229568 0.00171899 0.0089135 0.032012 0.079685 0.137866 0.167618 0.149147 0.110013 0.0835855 0.0697422 0.0552595 0.039272 0.0264436 0.0173242 0.0106523 0.00591782 0.00290321 0.00123243 0.000441419
 3.68172e-11 1.7317e-09 5.64005e-08 1.27197e-06 1.98637e-05 0.000214798 0.0016084 0.00834024 0.0299555 0.0745884 0.129203 0.157816 0.14278 0.110319 0.0900338 0.0787468 0.0630871 0.0443339 0.0290488 0.018369 0.0109518 0.00598556 0.00292445 0.00123546 0.000435891
 3.85615e-11 1.81375e-09 5.90726e-08 1.33224e-06 2.08048e-05 0.000224974 0.0016846 0.00873517 0.0313719 0.078094 0.135132 0.16438 0.146552 0.108765 0.0836906 0.0710766 0.0577674 0.042466 0.0292777 0.0190138 0.0112789 0.00601549 0.00285878 0.0011826 0.000411495
 3.75216e-11 1.76484e-09 5.74795e-08 1.29631e-06 2.02437e-05 0.000218907 0.00163917 0.00849971 0.0305274 0.0760042 0.131598 0.160471 0.144316 0.109706 0.0874352 0.0754528 0.060531 0.0431406 0.0290043 0.0189052 0.011524 0.0063141 0.0030273 0.00123992 0.000423359
 3.68569e-11 1.73357e-09 5.64613e-08 1.27335e-06 1.98851e-05 0.00021503 0.00161014 0.00834918 0.0299871 0.0746618 0.129294 0.157756 0.142185 0.108776 0.0876786 0.0766306 0.062457 0.0454331 0.0310022 0.0201656 0.0121516 0.00662967 0.00320707 0.0013316 0.000458048
 3.61612e-11 1.70085e-09 5.53955e-08 1.24931e-06 1.95098e-05 0.000210971 0.00157974 0.00819161 0.0294216 0.0732578 0.12689 0.154953 0.140079 0.10806 0.0882259 0.0778837 0.0639705 0.0470444 0.0326265 0.021616 0.0132215 0.00726513 0.00351675 0.00146058 0.000504338
 3.80675e-11 1.79051e-09 5.83158e-08 1.31517e-06 2.05383e-05 0.000222092 0.00166302 0.00862329 0.0309702 0.0770966 0.133421 0.162371 0.144994 0.108101 0.0837915 0.0715332 0.0583074 0.0431349 0.0302729 0.0203418 0.0126416 0.00706402 0.00346918 0.0014547 0.000504922
 3.4307e-11 1.61363e-09 5.2555e-08 1.18525e-06 1.85094e-05 0.000200153 0.00149875 0.00777176 0.0279155 0.0695265 0.120556 0.147823 0.135571 0.108605 0.0933313 0.084559 0.0691444 0.0497348 0.0337225 0.0222368 0.0138246 0.00781585 0.0038993 0.00166075 0.000584057
 3.53256e-11 1.66155e-09 5.41155e-08 1.22044e-06 1.90589e-05 0.000206096 0.00154324 0.00800232 0.0287417 0.0715646 0.123956 0.151363 0.136826 0.105608 0.0866039 0.0775342 0.0656011 0.050481 0.0365725 0.0248185 0.015336 0.00853732 0.00423057 0.00181038 0.000643834
 3.94332e-11 1.85475e-09 6.0408e-08 1.36235e-06 2.12751e-05 0.00023006 0.00172267 0.00893255 0.0320797 0.0798459 0.138094 0.167656 0.148419 0.107902 0.0802105 0.0664314 0.0536662 0.0399443 0.0286363 0.0199276 0.0128885 0.00745442 0.00375598 0.00160923 0.000571318
 3.78702e-11 1.78123e-09 5.80136e-08 1.30835e-06 2.04318e-05 0.000220941 0.0016544 0.00857868 0.030811 0.0767092 0.132813 0.161924 0.145528 0.110398 0.0875907 0.0750229 0.0593888 0.0414163 0.0272454 0.0177206 0.0111299 0.0064725 0.00334574 0.00147406 0.000533475
 3.54742e-11 1.66854e-09 5.43432e-08 1.22558e-06 1.91391e-05 0.000206963 0.00154974 0.00803608 0.0288638 0.0718772 0.124556 0.152371 0.138607 0.10872 0.0908702 0.0812488 0.0666269 0.0483123 0.0326305 0.0209011 0.0124269 0.0067896 0.0033736 0.00147269 0.000538685
 3.70155e-11 1.74103e-09 5.67042e-08 1.27882e-06 1.99707e-05 0.000215955 0.00161706 0.00838504 0.0301152 0.0749744 0.129791 0.158158 0.141894 0.107224 0.0850057 0.0740125 0.0613011 0.0461392 0.0328048 0.0220167 0.0134539 0.00733433 0.00353305 0.00147906 0.000523746
#spawning biomass
 104961 101771 90315.7 75795 102063 196146 312081 477526 543799 605131 499997 504671 659499 741921 564729 665633 678160 748774 666992 797059 808190 713137 685278 714731 927333 1.00696e+06 1.12747e+06 803699 643557 347992 59567.3 9522.92 5006.02 4778.17 4771.07 4770.91 4770.91 4770.91 4770.91 4770.91 4770.91 4770.91 4770.91 4770.91 4770.91 4770.91 4770.91 4770.91 4770.91 4770.91 4770.91 4770.91 4770.91 4770.91 4770.91 4770.91 4770.91 4770.91 4770.91 4770.91 4770.91 4770.91 4770.91 4770.91 4770.91 4770.91 4770.91 4770.91 4770.91 4770.91 4770.91 4770.91 4770.91 4770.91 4770.91 4770.91 4770.91 4770.91 4770.91 4770.91 4770.91 4770.91 4770.91 4770.91 4770.91 4770.91 4770.91 4770.91 4770.91 4770.91 4770.91 4770.91 4770.91 4770.91 4770.91 4770.91 4770.91 4770.91 4770.91 4770.91 4770.91 4770.91 4770.91 4770.91 4770.91 4770.91 4770.91 4770.91 4770.91 4770.91 4770.91 4770.91 4770.91 4770.91 4770.91 4770.91 4770.91 4770.91 4770.91 4770.91 4770.91 4770.91 4770.91 4770.91 4770.91 4770.91 4770.91 4770.91 0 0 0 0 0 0 0 0 0 0 0 0 0 0 0 0 0 0 0 0 0 0 0 0 0
