SBPRF35
0.819782
Curr Bio
151215
B35
664865
F35
0.239649
FOFL
0.0614794
OFL
6760.62
Bzero
234224
#pred survey bio
 20530.4 16245.7 20929.8 26201 29483.1 38725.7 43925.8 52173.4 56351.6 71773.8 85348.7 88342.2 109697 122641 128252 147679 153797 160576 155402 147760 150271 158397 154410 160519 170324 157295 174685 172896 7.589e+06 6.69968e+06 7.32266e+06 6.90333e+06 6.06711e+06 5.16502e+06 4.35935e+06 3.70559e+06 3.20456e+06 2.83417e+06 2.56655e+06 2.37581e+06 2.24081e+06 2.14524e+06 2.07668e+06 2.02678e+06 1.99166e+06 1.9666e+06 1.94845e+06 1.9351e+06 1.92516e+06 1.91765e+06 1.9119e+06 1.90745e+06 1.90398e+06 1.90124e+06 1.89907e+06 1.89734e+06 1.89595e+06 1.89483e+06 1.89392e+06 1.89319e+06 1.89259e+06 1.89211e+06 1.89171e+06 1.89139e+06 1.89113e+06 1.89091e+06 1.89074e+06 1.8906e+06 1.89048e+06 1.89038e+06 1.8903e+06 1.89024e+06 1.89019e+06 1.89014e+06 1.89011e+06 1.89008e+06 1.89006e+06 1.89004e+06 1.89002e+06 1.89001e+06 1.89e+06 1.88999e+06 1.88998e+06 1.88998e+06 1.88997e+06 1.88997e+06 1.88997e+06 1.88996e+06 1.88996e+06 1.88996e+06 1.88996e+06 1.88996e+06 1.88996e+06 1.88995e+06 1.88995e+06 1.88995e+06 1.88995e+06 1.88995e+06 1.88995e+06 1.88995e+06 1.88995e+06 1.88995e+06 1.88995e+06 1.88995e+06 1.88995e+06 1.88995e+06 1.88995e+06 1.88995e+06 1.88995e+06 1.88995e+06 1.88995e+06 1.88995e+06 1.88995e+06 1.88995e+06 1.88995e+06 1.88995e+06 1.88995e+06 1.88995e+06 1.88995e+06 1.88995e+06 1.88995e+06 1.88995e+06 1.88995e+06 1.88995e+06 1.88995e+06 1.88995e+06 1.88995e+06 1.88995e+06 0 0 0 0 0 0 0 0 0 0 0 0 0 0 0 0 0 0 0 0 0 0 0 0 0
#obs survey bio
 18716.9 11800.6 26545.3 23445.5 25526.2 38812.4 49565.2 46520.1 63700.2 44904.2 84908 66177.2 90057.4 134044 101603 139562 148971 139909 170345 132091 119470 136563 148396 101533 132956 163820 161644 114938
#pred catch bio
 13615.7 8477.53 11051 15770.4 15760.6 23442.9 25102.1 31885.3 30931.4 41800.1 55583.2 50383.8 66920 81530.3 80122.9 95970.2 99538.5 108840 106338 99045.9 100544 111086 105252 107488 124465 104821 122747 94809.5 6760.62 50491.2 63119.9 60371.4 52312.2 43575.5 35874 29723 25096.6 21754.3 19407.2 17792.5 16698.5 15964.8 15474 15146.5 14935.5 14799.5 14711.9 14655.5 14619.1 14595.7 14580.6 14570.9 14564.6 14560.6 14558 14556.3 14555.2 14554.5 14554.1 14553.8 14553.6 14553.5 14553.4 14553.4 14553.3 14553.3 14553.3 14553.3 14553.3 14553.3 14553.3 14553.3 14553.3 14553.3 14553.3 14553.3 14553.3 14553.3 14553.3 14553.3 14553.3 14553.3 14553.3 14553.3 14553.3 14553.3 14553.3 14553.3 14553.3 14553.3 14553.3 14553.3 14553.3 14553.3 14553.3 14553.3 14553.3 14553.3 14553.3 14553.3 14553.3 14553.3 14553.3 14553.3 14553.3 14553.3 14553.3 14553.3 14553.3 14553.3 14553.3 14553.3 14553.3 14553.3 14553.3 14553.3 14553.3 14553.3 14553.3 14553.3 14553.3 14553.3 14553.3 14553.3 14553.3 14553.3 14553.3 14553.3 0 0 0 0 0 0 0 0 0 0 0 0 0 0 0 0 0 0 0 0 0 0 0 0 0
#obs catch bio
 8440.58 8548.23 10347.6 15103.1 15785.7 23268.6 22746.5 29110.9 26768.8 39293.1 51049.1 47946.1 60693.1 72376.1 75497.4 95548.9 93469.8 102894 96690.9 90572.1 92324.1 105300 92042.1 97157.4 118515 91481.6 109942 89519.7
#pred cpue bio
 14922.4 9571.64 12026.8 15237.6 16438.4 21817.5 24335 29599.2 31750 40356.6 47628.5 47957.9 60964 68080.8 67818.7 79383.2 83687.4 87511.4 83820.1 79615.4 80078.4 83195.9 80087.6 83409.7 89301.2 79505.6 90239.4 88947.5 4.33151e+06 5.38877e+06 6.87918e+06 6.67667e+06 5.87209e+06 4.9739e+06 4.16868e+06 3.51498e+06 3.01395e+06 2.64356e+06 2.37594e+06 2.1852e+06 2.0502e+06 1.95463e+06 1.88607e+06 1.83617e+06 1.80105e+06 1.77599e+06 1.75783e+06 1.74449e+06 1.73455e+06 1.72703e+06 1.72129e+06 1.71684e+06 1.71337e+06 1.71063e+06 1.70846e+06 1.70673e+06 1.70534e+06 1.70422e+06 1.70331e+06 1.70258e+06 1.70198e+06 1.7015e+06 1.7011e+06 1.70078e+06 1.70052e+06 1.7003e+06 1.70013e+06 1.69998e+06 1.69987e+06 1.69977e+06 1.69969e+06 1.69963e+06 1.69958e+06 1.69953e+06 1.6995e+06 1.69947e+06 1.69945e+06 1.69943e+06 1.69941e+06 1.6994e+06 1.69939e+06 1.69938e+06 1.69937e+06 1.69937e+06 1.69936e+06 1.69936e+06 1.69935e+06 1.69935e+06 1.69935e+06 1.69935e+06 1.69935e+06 1.69934e+06 1.69934e+06 1.69934e+06 1.69934e+06 1.69934e+06 1.69934e+06 1.69934e+06 1.69934e+06 1.69934e+06 1.69934e+06 1.69934e+06 1.69934e+06 1.69934e+06 1.69934e+06 1.69934e+06 1.69934e+06 1.69934e+06 1.69934e+06 1.69934e+06 1.69934e+06 1.69934e+06 1.69934e+06 1.69934e+06 1.69934e+06 1.69934e+06 1.69934e+06 1.69934e+06 1.69934e+06 1.69934e+06 1.69934e+06 1.69934e+06 1.69934e+06 1.69934e+06 1.69934e+06 1.69934e+06 1.69934e+06 1.69934e+06 0 0 0 0 0 0 0 0 0 0 0 0 0 0 0 0 0 0 0 0 0 0 0 0 0
#obs cpue bio
 12149.6 11276.2 15644.2 19629.2 14742.2 27999.6 36007.4 46638.2 54376.6 65449.2 74422.8 67418 119500 112000 85650.6 82522.6 122528 124395 119524 120873 140688 117758 160247 168638 144551 138959 150844 163752
#pred surv len freq
 1.28114e-11 1.39116e-09 8.90634e-08 3.3617e-06 7.48099e-05 0.000981541 0.00759358 0.0346564 0.0935383 0.15116 0.155061 0.124579 0.107445 0.0933875 0.0684443 0.0464007 0.0321135 0.0223717 0.0159585 0.0119345 0.00954461 0.00827427 0.00734769 0.00574917 0.00338041
 1.53207e-11 1.66365e-09 1.06508e-07 4.02016e-06 8.94629e-05 0.00117379 0.00908066 0.0414379 0.111768 0.180025 0.181867 0.138751 0.110347 0.089695 0.0596948 0.0339541 0.0186332 0.00979634 0.00511043 0.00290426 0.00187056 0.001375 0.00110293 0.00083074 0.000489203
 1.5049e-11 1.63414e-09 1.04619e-07 3.94884e-06 8.78758e-05 0.00115297 0.00891967 0.0407054 0.109821 0.177123 0.180035 0.140227 0.115003 0.0948482 0.0630372 0.0352635 0.0184811 0.00871482 0.00365272 0.00148261 0.00064786 0.000340149 0.000219206 0.000148706 8.44981e-05
 1.46576e-11 1.59164e-09 1.01898e-07 3.84615e-06 8.55905e-05 0.00112299 0.00868779 0.0396489 0.106994 0.172753 0.176482 0.139788 0.117508 0.0983668 0.0661302 0.0375672 0.0198823 0.00928131 0.00370324 0.00131525 0.000431753 0.000143936 5.83946e-05 3.00261e-05 1.52599e-05
 1.5515e-11 1.68475e-09 1.07859e-07 4.07114e-06 9.05974e-05 0.00118868 0.00919583 0.0419639 0.113193 0.182365 0.184446 0.141261 0.112897 0.0916075 0.0600735 0.0328952 0.0167821 0.00763546 0.00297163 0.00101509 0.000305215 8.12754e-05 2.07824e-05 6.15788e-06 2.24098e-06
 1.52358e-11 1.65442e-09 1.05918e-07 3.99786e-06 8.89668e-05 0.00116728 0.00903038 0.0412102 0.111177 0.179261 0.181979 0.141132 0.114948 0.0942306 0.0620351 0.0340596 0.0173775 0.00786348 0.00302536 0.00101682 0.000298264 7.49462e-05 1.61495e-05 3.14308e-06 6.41921e-07
 1.53748e-11 1.66951e-09 1.06884e-07 4.03433e-06 8.97783e-05 0.00117793 0.00911276 0.0415861 0.112191 0.180894 0.183627 0.142359 0.115725 0.0942189 0.0608081 0.0320728 0.0156383 0.0068268 0.00253793 0.000824151 0.000234474 5.7122e-05 1.17047e-05 1.9922e-06 2.87712e-07
 1.48474e-11 1.61225e-09 1.03218e-07 3.89595e-06 8.66988e-05 0.00113753 0.0088003 0.0401624 0.108381 0.174997 0.1788 0.141651 0.118891 0.0986973 0.0646973 0.0349097 0.0173328 0.00754599 0.00274169 0.000860672 0.000236224 5.55432e-05 1.09828e-05 1.78382e-06 2.32551e-07
 1.50319e-11 1.63229e-09 1.04501e-07 3.94438e-06 8.77765e-05 0.00115167 0.00890964 0.0406605 0.109713 0.177049 0.180433 0.141743 0.117547 0.0969764 0.0634096 0.0341476 0.0169473 0.00739664 0.00269424 0.000840782 0.000225819 5.12498e-05 9.72666e-06 1.51573e-06 1.88585e-07
 1.54055e-11 1.67286e-09 1.07098e-07 4.04241e-06 8.9958e-05 0.00118029 0.00913094 0.0416679 0.112397 0.181102 0.183262 0.140617 0.112811 0.0920955 0.0612154 0.0343088 0.0177845 0.00801971 0.00301005 0.000966145 0.000264359 6.02138e-05 1.12632e-05 1.70245e-06 2.03595e-07
 1.52612e-11 1.65718e-09 1.06094e-07 4.00453e-06 8.91151e-05 0.00116923 0.00904546 0.0412794 0.111369 0.179615 0.182541 0.142074 0.116187 0.0949675 0.0615375 0.0327247 0.0161841 0.0072174 0.0027559 0.000910193 0.000256413 5.99345e-05 1.1409e-05 1.72998e-06 2.04075e-07
 1.55776e-11 1.69154e-09 1.08294e-07 4.08755e-06 9.09627e-05 0.00119347 0.00923296 0.0421343 0.113666 0.183236 0.185831 0.143591 0.116004 0.0936127 0.0591996 0.0299014 0.0137834 0.00569799 0.00199498 0.000611387 0.000166875 3.92237e-05 7.62612e-06 1.18212e-06 1.41497e-07
 1.53021e-11 1.66162e-09 1.06379e-07 4.01527e-06 8.9354e-05 0.00117236 0.0090697 0.0413898 0.111665 0.18007 0.182905 0.14211 0.115962 0.0948165 0.0616774 0.0329279 0.0160695 0.00680019 0.00235461 0.000692048 0.000176955 3.89491e-05 7.28748e-06 1.12446e-06 1.36624e-07
 1.52327e-11 1.65409e-09 1.05897e-07 3.99707e-06 8.89491e-05 0.00116705 0.00902863 0.041203 0.111169 0.179338 0.182477 0.142583 0.117224 0.0959099 0.0618164 0.0323909 0.0156027 0.00666731 0.00237882 0.000719679 0.000184336 3.92029e-05 6.90649e-06 1.00198e-06 1.16993e-07
 1.6152e-11 1.75391e-09 1.12287e-07 4.23827e-06 9.43166e-05 0.00123747 0.00957325 0.0436846 0.117811 0.189624 0.190923 0.14391 0.111885 0.0883547 0.0553121 0.0275984 0.0125188 0.00507921 0.00172634 0.000503256 0.000127729 2.7386e-05 4.81283e-06 6.77591e-07 7.50995e-08
 1.56177e-11 1.6959e-09 1.08573e-07 4.09809e-06 9.11971e-05 0.00119654 0.00925676 0.0422432 0.113962 0.183737 0.186448 0.144336 0.116838 0.0940639 0.058802 0.0288966 0.012806 0.00506083 0.0016587 0.000460363 0.000111015 2.28692e-05 3.94038e-06 5.52198e-07 6.06951e-08
 1.53394e-11 1.66567e-09 1.06638e-07 4.02505e-06 8.95717e-05 0.00117522 0.00909184 0.0414918 0.111952 0.180636 0.183958 0.144122 0.118755 0.0966062 0.0608224 0.0302017 0.0134996 0.00530937 0.00170129 0.000454502 0.00010453 2.04064e-05 3.32809e-06 4.4608e-07 4.77296e-08
 1.54291e-11 1.67541e-09 1.07261e-07 4.04858e-06 9.00955e-05 0.00118209 0.00914497 0.0417335 0.112595 0.181592 0.184552 0.143619 0.117264 0.0952008 0.0603985 0.030574 0.013997 0.00560559 0.00182124 0.000490283 0.000111804 2.11972e-05 3.30229e-06 4.19201e-07 4.24966e-08
 1.54697e-11 1.67982e-09 1.07544e-07 4.05924e-06 9.03325e-05 0.0011852 0.00916905 0.0418437 0.112896 0.182113 0.185242 0.144549 0.118355 0.0957454 0.0597374 0.0291334 0.0127729 0.00499432 0.00161228 0.000434865 9.96528e-05 1.89321e-05 2.92255e-06 3.61302e-07 3.50997e-08
 1.5426e-11 1.67508e-09 1.0724e-07 4.04777e-06 9.00775e-05 0.00118186 0.00914318 0.041726 0.112583 0.181646 0.184946 0.144776 0.119064 0.0964496 0.060026 0.0290433 0.0125472 0.00479341 0.00149144 0.000384713 8.53268e-05 1.59968e-05 2.46465e-06 3.04326e-07 2.92851e-08
 1.58196e-11 1.71782e-09 1.09977e-07 4.15106e-06 9.2376e-05 0.00121201 0.00937637 0.042788 0.115418 0.185974 0.188196 0.144333 0.115226 0.0921452 0.0575748 0.0283302 0.0125009 0.00483513 0.00150767 0.000385476 8.34857e-05 1.51e-05 2.2463e-06 2.71294e-07 2.58664e-08
 1.6056e-11 1.74349e-09 1.1162e-07 4.2131e-06 9.37564e-05 0.00123012 0.00951644 0.0434263 0.117128 0.188631 0.190427 0.144836 0.114089 0.0903207 0.0557444 0.026792 0.0115145 0.00440802 0.00138401 0.000359065 7.8543e-05 1.41653e-05 2.06918e-06 2.42423e-07 2.23685e-08
 1.60917e-11 1.74736e-09 1.11868e-07 4.22245e-06 9.39646e-05 0.00123285 0.0095376 0.0435232 0.117395 0.189104 0.191106 0.145856 0.115363 0.0910364 0.0551434 0.0252998 0.01018 0.00368348 0.00109999 0.000271467 5.7416e-05 1.02485e-05 1.49745e-06 1.74755e-07 1.58802e-08
 1.61397e-11 1.75258e-09 1.12202e-07 4.23505e-06 9.4245e-05 0.00123653 0.00956603 0.0436525 0.117737 0.189605 0.191375 0.145451 0.114368 0.0901867 0.0550514 0.0257573 0.0106076 0.0038547 0.00112407 0.000264343 5.27323e-05 8.91263e-06 1.24895e-06 1.42429e-07 1.28303e-08
 1.59738e-11 1.73456e-09 1.11048e-07 4.19152e-06 9.32763e-05 0.00122382 0.00946775 0.0432047 0.116539 0.187754 0.189875 0.145281 0.115437 0.0916231 0.0562033 0.0265332 0.0110808 0.00409427 0.00122036 0.000293802 5.8972e-05 9.72595e-06 1.29806e-06 1.40035e-07 1.2041e-08
 1.65608e-11 1.7983e-09 1.15129e-07 4.34555e-06 9.67039e-05 0.00126879 0.00981553 0.0447895 0.120782 0.194335 0.195327 0.146285 0.112252 0.0868905 0.0518494 0.0231327 0.00892464 0.00310265 0.000888451 0.000206983 4.07161e-05 6.68592e-06 8.8959e-07 9.41121e-08 7.77243e-09
 1.62122e-11 1.76045e-09 1.12706e-07 4.25407e-06 9.46683e-05 0.00124209 0.00960899 0.0438483 0.118262 0.190427 0.192091 0.145694 0.114158 0.0897338 0.0544881 0.0251935 0.0101931 0.00363707 0.0010362 0.000235118 4.47304e-05 7.1363e-06 9.31064e-07 9.75573e-08 8.00617e-09
 1.62275e-11 1.76211e-09 1.12812e-07 4.25808e-06 9.47574e-05 0.00124326 0.00961804 0.0438898 0.118376 0.190622 0.192347 0.146033 0.114549 0.0899117 0.0542105 0.0246373 0.00975013 0.00344546 0.000988479 0.00022762 4.35511e-05 6.8452e-06 8.65616e-07 8.76323e-08 7.00043e-09
#obs surv len freq
 1.31093e-11 1.42352e-09 9.11349e-08 3.43989e-06 7.65501e-05 0.00100438 0.00777033 0.0354648 0.0957377 0.15482 0.159177 0.128772 0.113409 0.104139 0.0833582 0.058019 0.0341308 0.0159806 0.00592045 0.00174394 0.00039697 6.68744e-05 8.02702e-06 6.65627e-07 3.71664e-08
 1.38049e-11 1.49905e-09 9.59703e-08 3.6224e-06 8.06117e-05 0.00105767 0.00818286 0.0373518 0.100881 0.163475 0.169344 0.139158 0.121955 0.104801 0.072966 0.042819 0.0225975 0.0102378 0.00374756 0.00106912 0.000230464 3.64842e-05 4.1192e-06 3.2134e-07 1.68156e-08
 1.26939e-11 1.37841e-09 8.82471e-08 3.3309e-06 7.41248e-05 0.000972571 0.00752489 0.0343574 0.0929046 0.151352 0.160159 0.13936 0.130135 0.115206 0.0817346 0.0480674 0.0240899 0.00982255 0.00320015 0.000836935 0.000170623 2.57326e-05 2.74462e-06 2.00419e-07 9.77228e-09
 1.35706e-11 1.47361e-09 9.43417e-08 3.56094e-06 7.92441e-05 0.00103974 0.00804445 0.0367265 0.099261 0.161258 0.16835 0.14026 0.123592 0.10648 0.0755882 0.0448014 0.0222993 0.00879119 0.00266937 0.000626348 0.00011265 1.51404e-05 1.46963e-06 9.91939e-08 4.49543e-09
 1.28245e-11 1.39259e-09 8.91548e-08 3.36516e-06 7.48876e-05 0.000982592 0.00760285 0.0347211 0.093968 0.153541 0.163808 0.143917 0.132978 0.11427 0.0781321 0.0439617 0.0209617 0.00804952 0.00238762 0.000537859 9.00646e-05 1.09338e-05 9.41721e-07 5.63188e-08 2.28306e-09
 1.39107e-11 1.51054e-09 9.67061e-08 3.65018e-06 8.12303e-05 0.00106581 0.00824647 0.0376538 0.101811 0.165584 0.173026 0.142979 0.122625 0.102911 0.0719738 0.0418567 0.0200473 0.00747855 0.00212039 0.000455573 7.27293e-05 8.34684e-06 6.68015e-07 3.63944e-08 1.32353e-09
 1.34215e-11 1.45742e-09 9.3305e-08 3.52181e-06 7.83739e-05 0.00102835 0.00795718 0.0363437 0.0983908 0.160817 0.171015 0.147102 0.130167 0.10775 0.0719669 0.0396825 0.0184255 0.00684469 0.00194405 0.000411608 6.33033e-05 6.88958e-06 5.18473e-07 2.63882e-08 8.89212e-10
 1.29643e-11 1.40777e-09 9.01269e-08 3.40186e-06 7.57047e-05 0.000993341 0.00768682 0.0351181 0.0951716 0.15616 0.168155 0.148412 0.134063 0.11164 0.0747801 0.0408918 0.0183189 0.00641675 0.00171198 0.000344527 5.09818e-05 5.346e-06 3.84406e-07 1.84849e-08 5.83006e-10
 1.27944e-11 1.38933e-09 8.89459e-08 3.35728e-06 7.4713e-05 0.000980343 0.00758666 0.0346678 0.0940205 0.154648 0.167612 0.149326 0.135154 0.112301 0.075473 0.0414215 0.0184287 0.00632114 0.00162426 0.000309245 4.28054e-05 4.19396e-06 2.8308e-07 1.28302e-08 3.81521e-10
 1.38295e-11 1.50172e-09 9.61414e-08 3.62888e-06 8.07571e-05 0.00105965 0.00820024 0.0374671 0.101544 0.166435 0.177603 0.151234 0.128776 0.102619 0.0670434 0.0357856 0.0154566 0.00514523 0.00127955 0.000233944 3.07442e-05 2.82641e-06 1.77406e-07 7.44455e-09 2.04923e-10
 1.22529e-11 1.33052e-09 8.51813e-08 3.2152e-06 7.15521e-05 0.000938916 0.00726753 0.0332346 0.0903846 0.1501 0.16722 0.155939 0.143717 0.116237 0.0741901 0.038168 0.0159027 0.0051348 0.00124063 0.000219514 2.77213e-05 2.42871e-06 1.43997e-07 5.6587e-09 1.44799e-10
 1.35467e-11 1.47101e-09 9.41754e-08 3.55468e-06 7.91067e-05 0.00103803 0.00803392 0.0367227 0.099664 0.164027 0.176733 0.152301 0.129923 0.103852 0.0689209 0.0369769 0.0155143 0.00487177 0.0011247 0.000189249 2.27318e-05 1.89338e-06 1.06425e-07 3.94715e-09 9.48338e-11
 1.16126e-11 1.26099e-09 8.07301e-08 3.0472e-06 6.78148e-05 0.000889942 0.00689032 0.03154 0.0860596 0.14443 0.165303 0.160158 0.149552 0.119537 0.0752794 0.0382735 0.0156992 0.00495177 0.0011503 0.000191083 2.21352e-05 1.74957e-06 9.25946e-08 3.22375e-09 7.26002e-11
 1.39717e-11 1.51716e-09 9.71304e-08 3.66623e-06 8.15899e-05 0.00107065 0.00828716 0.0378907 0.102902 0.169513 0.182242 0.154302 0.127111 0.0989816 0.0647484 0.0339701 0.0137192 0.00411249 0.000903059 0.000143556 1.60882e-05 1.23041e-06 6.24733e-08 2.06358e-09 4.3681e-11
 1.22742e-11 1.33283e-09 8.53294e-08 3.22082e-06 7.168e-05 0.000940721 0.00728478 0.0333628 0.0911504 0.153295 0.175122 0.165872 0.147506 0.1114 0.0660387 0.0314277 0.0120578 0.00356156 0.000772119 0.000118855 1.26663e-05 9.14701e-07 4.38932e-08 1.37347e-09 2.75415e-11
 1.15135e-11 1.25023e-09 8.00415e-08 3.02124e-06 6.72395e-05 0.000882494 0.00683515 0.0313221 0.0857313 0.144937 0.167686 0.162432 0.149269 0.11894 0.075555 0.0374606 0.014074 0.00389329 0.00078477 0.00011392 1.15951e-05 8.00842e-07 3.65137e-08 1.07716e-09 2.02587e-11
 1.20828e-11 1.31205e-09 8.39992e-08 3.17064e-06 7.05648e-05 0.000926151 0.00717347 0.0328717 0.0899283 0.151562 0.173091 0.162415 0.143865 0.112388 0.0713454 0.0358624 0.0137543 0.00385712 0.000769267 0.000107055 1.02121e-05 6.56025e-07 2.788e-08 7.69872e-10 1.35811e-11
 1.18863e-11 1.29072e-09 8.26338e-08 3.11913e-06 6.94203e-05 0.000911213 0.00705983 0.0323807 0.088832 0.15088 0.17526 0.167645 0.14804 0.112123 0.0679764 0.0326354 0.0121008 0.00332803 0.00065633 9.01617e-05 8.39532e-06 5.17797e-07 2.07833e-08 5.35522e-10 8.75912e-12
 1.17981e-11 1.28114e-09 8.20206e-08 3.09601e-06 6.89076e-05 0.000904556 0.00700993 0.032174 0.0884295 0.150865 0.176612 0.169925 0.149555 0.112194 0.0668554 0.0310328 0.0109333 0.00283363 0.00052781 6.9036e-05 6.16687e-06 3.6601e-07 1.41065e-08 3.46889e-10 5.37075e-12
 1.14104e-11 1.23904e-09 7.93258e-08 2.99433e-06 6.66474e-05 0.000875003 0.00678365 0.0311728 0.0859727 0.147997 0.176478 0.173447 0.153545 0.113944 0.0665287 0.0300025 0.0101738 0.00251138 0.00044074 5.389e-05 4.48921e-06 2.49014e-07 9.00734e-09 2.08676e-10 3.05029e-12
 1.25719e-11 1.36517e-09 8.7401e-08 3.29915e-06 7.34316e-05 0.000964038 0.00747264 0.0343135 0.0943526 0.160674 0.185624 0.171965 0.143857 0.103656 0.0596025 0.0263507 0.00865874 0.0020489 0.000341481 3.93111e-05 3.05999e-06 1.57708e-07 5.28325e-09 1.13263e-10 1.53353e-12
 1.17774e-11 1.2789e-09 8.18785e-08 3.09077e-06 6.87991e-05 0.000903438 0.00700797 0.0322484 0.0892174 0.154407 0.184633 0.178647 0.151807 0.10689 0.0589721 0.0250493 0.00797706 0.00183636 0.000296315 3.26916e-05 2.41232e-06 1.16778e-07 3.64862e-09 7.25752e-11 9.0847e-13
 1.27714e-11 1.38684e-09 8.8789e-08 3.35163e-06 7.46058e-05 0.000979664 0.00759809 0.0349398 0.0963953 0.165206 0.192208 0.177048 0.143619 0.0985645 0.05328 0.0218399 0.00658463 0.0014209 0.00021491 2.23158e-05 1.55407e-06 7.09481e-08 2.08327e-09 3.87637e-11 4.51836e-13
 1.11771e-11 1.21372e-09 7.77069e-08 2.93346e-06 6.5308e-05 0.000857977 0.00666341 0.0307619 0.0858015 0.151247 0.186594 0.18559 0.157443 0.107676 0.0566227 0.0224971 0.00658409 0.00137354 0.000198684 1.94921e-05 1.27161e-06 5.41774e-08 1.48352e-09 2.57462e-11 2.79849e-13
 1.20934e-11 1.31322e-09 8.40772e-08 3.17393e-06 7.066e-05 0.000928195 0.00720588 0.0332179 0.092193 0.160088 0.19062 0.180271 0.148555 0.102402 0.0549035 0.0218554 0.00624645 0.0012505 0.000172168 1.60092e-05 9.8565e-07 3.94235e-08 1.00804e-09 1.62666e-11 1.63953e-13
 1.16333e-11 1.26327e-09 8.0881e-08 3.05344e-06 6.79877e-05 0.000893448 0.00694347 0.0320964 0.0896924 0.158148 0.193265 0.186793 0.152471 0.101029 0.0517803 0.0199564 0.00559647 0.00110144 0.000147696 1.31935e-05 7.71047e-07 2.90357e-08 6.95438e-10 1.04753e-11 9.82784e-14
 1.09134e-11 1.18511e-09 7.58787e-08 2.8648e-06 6.37993e-05 0.000838815 0.00652705 0.0302667 0.0852262 0.152806 0.192246 0.191824 0.158966 0.104423 0.0518373 0.0189484 0.00497972 0.000918055 0.000116051 9.83426e-06 5.46391e-07 1.95174e-08 4.41294e-10 6.24142e-12 5.4724e-14
 1.1945e-11 1.29713e-09 8.30513e-08 3.13558e-06 6.98273e-05 0.000917932 0.00713871 0.03304 0.0924775 0.163045 0.197729 0.187421 0.149667 0.0973208 0.0483137 0.0174948 0.0044718 0.000787353 9.37495e-05 7.42493e-06 3.8466e-07 1.2825e-08 2.71187e-10 3.59165e-12 2.94901e-14
#pred catch len freq
 8.90351e-12 9.66814e-10 6.18964e-08 2.33628e-06 5.19909e-05 0.000682161 0.00527809 0.0241034 0.0652575 0.107088 0.117509 0.114279 0.122254 0.117267 0.0904613 0.0645182 0.046279 0.0327932 0.023576 0.0176899 0.0141641 0.0122832 0.0109086 0.00853551 0.00501874
 1.11666e-11 1.21256e-09 7.76294e-08 2.93012e-06 6.5206e-05 0.000855548 0.00661942 0.0302239 0.0817591 0.133612 0.144032 0.133646 0.135681 0.124045 0.087183 0.0524844 0.0302388 0.0163179 0.00862814 0.00493757 0.00318863 0.00234567 0.00188186 0.00141748 0.000834727
 1.09791e-11 1.1922e-09 7.63259e-08 2.88092e-06 6.41111e-05 0.000841185 0.00650841 0.0297196 0.0804303 0.131725 0.143317 0.136214 0.141484 0.130195 0.0910435 0.0537426 0.0295038 0.0142591 0.00605414 0.00247692 0.0010868 0.000571503 0.00036845 0.000249969 0.00014204
 1.09753e-11 1.19179e-09 7.62996e-08 2.87993e-06 6.40891e-05 0.000840896 0.00650617 0.0297094 0.0804029 0.131682 0.14328 0.136213 0.141575 0.130509 0.0916732 0.0544782 0.029945 0.0142554 0.00574516 0.00205304 0.000676244 0.000225817 9.16765e-05 4.7148e-05 2.39623e-05
 1.15853e-11 1.25803e-09 8.05401e-08 3.03999e-06 6.76508e-05 0.000887625 0.0068676 0.0313567 0.0848192 0.138578 0.149218 0.138017 0.139466 0.126551 0.087224 0.0502737 0.026838 0.0125099 0.00492866 0.0016961 0.000512056 0.000136624 3.49684e-05 1.03654e-05 3.77263e-06
 1.1691e-11 1.2695e-09 8.12749e-08 3.06772e-06 6.82681e-05 0.000895723 0.00693023 0.0316422 0.0855848 0.139775 0.150259 0.138362 0.139159 0.125936 0.0865152 0.0495691 0.0262581 0.0121211 0.00471004 0.00159256 0.000468692 0.000117957 2.54363e-05 4.95223e-06 1.01156e-06
 1.16764e-11 1.26792e-09 8.11731e-08 3.06388e-06 6.81826e-05 0.000894603 0.00692161 0.0316038 0.0854951 0.13974 0.150737 0.140034 0.141861 0.12793 0.0862307 0.0475724 0.0242001 0.010815 0.00406745 0.00133007 0.000379886 9.27203e-05 1.90154e-05 3.23778e-06 4.6768e-07
 1.13029e-11 1.22736e-09 7.85765e-08 2.96587e-06 6.60015e-05 0.000865988 0.00670029 0.0305952 0.0827928 0.135535 0.147183 0.139162 0.143548 0.130768 0.0892236 0.0501784 0.0258659 0.0114901 0.00421676 0.00133206 0.000366944 8.64334e-05 1.71051e-05 2.77923e-06 3.62378e-07
 1.11353e-11 1.20916e-09 7.74118e-08 2.92191e-06 6.50233e-05 0.000853153 0.00660103 0.0301429 0.0815815 0.133655 0.14562 0.138855 0.144418 0.132064 0.0904093 0.0511259 0.0265271 0.0118585 0.00437168 0.00137455 0.000370802 8.43386e-05 1.60235e-05 2.49824e-06 3.10895e-07
 1.17274e-11 1.27346e-09 8.15281e-08 3.07728e-06 6.84807e-05 0.000898513 0.00695178 0.0317398 0.0858383 0.140104 0.15022 0.137389 0.137399 0.124659 0.086813 0.0509477 0.0274551 0.0126322 0.00478991 0.00154733 0.000424943 9.69675e-05 1.81544e-05 2.74525e-06 3.28368e-07
 1.20568e-11 1.30922e-09 8.38176e-08 3.1637e-06 7.04038e-05 0.000923745 0.00714697 0.0326305 0.0882396 0.143963 0.154073 0.140139 0.138947 0.124229 0.0834765 0.0459959 0.0235118 0.0106768 0.00411251 0.00136499 0.000385569 9.02412e-05 1.71891e-05 2.60721e-06 3.07599e-07
 1.19447e-11 1.29705e-09 8.30383e-08 3.13428e-06 6.97492e-05 0.000915158 0.00708061 0.0323292 0.0874487 0.142863 0.153777 0.142009 0.142766 0.127519 0.0840407 0.0442915 0.0213137 0.00903366 0.00320177 0.000988559 0.000270991 6.3827e-05 1.24209e-05 1.92612e-06 2.30595e-07
 1.18305e-11 1.28465e-09 8.22443e-08 3.10431e-06 6.90823e-05 0.000906407 0.00701289 0.0320196 0.0866051 0.141438 0.152027 0.139916 0.140496 0.126532 0.0857139 0.0476507 0.024127 0.0104144 0.00364148 0.00107705 0.000276473 6.09747e-05 1.14192e-05 1.76274e-06 2.14214e-07
 1.21368e-11 1.31791e-09 8.4374e-08 3.1847e-06 7.08712e-05 0.000929876 0.00719441 0.032847 0.0888247 0.144914 0.155069 0.14098 0.139637 0.124525 0.0830508 0.044979 0.0223538 0.00971865 0.0034963 0.00106295 0.000273031 5.81492e-05 1.02517e-05 1.48784e-06 1.73751e-07
 1.29902e-11 1.41058e-09 9.03066e-08 3.40862e-06 7.58543e-05 0.000995253 0.00770005 0.0351513 0.0949974 0.154513 0.163148 0.14287 0.135696 0.118232 0.0768457 0.0397036 0.0186582 0.0077288 0.00265311 0.000778022 0.000198162 4.25613e-05 7.48581e-06 1.05432e-06 1.16874e-07
 1.25327e-11 1.36091e-09 8.71265e-08 3.28859e-06 7.31832e-05 0.00096021 0.00742906 0.0339173 0.0917044 0.149495 0.159423 0.143531 0.140395 0.123452 0.0797751 0.0404617 0.0185362 0.00747252 0.00247234 0.000690047 0.00016698 3.44591e-05 5.9423e-06 8.3307e-07 9.15832e-08
 1.21807e-11 1.32268e-09 8.46794e-08 3.19623e-06 7.11278e-05 0.000933244 0.00722051 0.0329671 0.0891622 0.145566 0.156238 0.143161 0.14267 0.126574 0.0823858 0.042264 0.019537 0.00783724 0.00253489 0.000681105 0.000157227 3.07542e-05 5.02049e-06 6.73228e-07 7.20488e-08
 1.2492e-11 1.35648e-09 8.68434e-08 3.27791e-06 7.29453e-05 0.000957089 0.0074049 0.0338067 0.0914017 0.148971 0.158727 0.142586 0.139287 0.122917 0.080493 0.0419731 0.019788 0.00805883 0.00263905 0.000713883 0.000163296 3.10103e-05 4.83503e-06 6.14026e-07 6.22593e-08
 1.26114e-11 1.36944e-09 8.76731e-08 3.30922e-06 7.36423e-05 0.000966234 0.00747565 0.0341297 0.0922755 0.150398 0.160257 0.14395 0.140407 0.123131 0.0791247 0.0396591 0.0179006 0.00712377 0.00231877 0.000628432 0.000144438 2.7483e-05 4.24581e-06 5.25093e-07 5.10213e-08
 1.24639e-11 1.35343e-09 8.66479e-08 3.27053e-06 7.27812e-05 0.000954937 0.0073883 0.033732 0.0912145 0.148785 0.159077 0.144222 0.142022 0.124918 0.080132 0.0398961 0.0177748 0.00691952 0.00217202 0.000563236 0.000125354 2.35444e-05 3.63074e-06 4.485e-07 4.31676e-08
 1.29124e-11 1.40213e-09 8.97656e-08 3.38821e-06 7.53999e-05 0.000989293 0.00765397 0.0349418 0.0944434 0.153709 0.16275 0.143637 0.137527 0.119933 0.0773743 0.0391981 0.0178238 0.00701775 0.00220648 0.000567 0.00012321 2.23257e-05 3.32424e-06 4.01665e-07 3.8305e-08
 1.34509e-11 1.46061e-09 9.35097e-08 3.52952e-06 7.85447e-05 0.00103055 0.00797306 0.0363958 0.0983359 0.159742 0.167729 0.144495 0.134501 0.1155 0.0733548 0.036123 0.0159326 0.00619777 0.00196046 0.000510788 0.000112031 2.02341e-05 2.95782e-06 3.46663e-07 3.19928e-08
 1.33731e-11 1.45216e-09 9.29685e-08 3.5091e-06 7.80902e-05 0.00102459 0.00792699 0.0361867 0.0977878 0.158987 0.167566 0.145904 0.137286 0.117739 0.0733823 0.0344972 0.0142817 0.00526744 0.00158718 0.000393676 8.35352e-05 1.49371e-05 2.18439e-06 2.55029e-07 2.31795e-08
 1.33344e-11 1.44795e-09 9.26992e-08 3.49893e-06 7.78639e-05 0.00102162 0.00790402 0.0360818 0.0975027 0.158512 0.167014 0.14531 0.136702 0.117561 0.0739811 0.0355424 0.015078 0.00558449 0.00164289 0.000388348 7.77491e-05 1.31683e-05 1.84722e-06 2.10761e-07 1.89904e-08
 1.35946e-11 1.47621e-09 9.45085e-08 3.56723e-06 7.93837e-05 0.00104156 0.0080582 0.036784 0.0993785 0.161385 0.169219 0.14517 0.134391 0.114841 0.072239 0.0348065 0.0148629 0.00556969 0.0016709 0.000403746 8.12378e-05 1.34166e-05 1.79191e-06 1.93384e-07 1.66315e-08
 1.3852e-11 1.50416e-09 9.62979e-08 3.63477e-06 8.08867e-05 0.00106128 0.00821074 0.0374796 0.101248 0.164345 0.171962 0.146582 0.134477 0.113757 0.0699365 0.0319654 0.0127009 0.00450855 0.00130381 0.000305389 6.0288e-05 9.91992e-06 1.32122e-06 1.39847e-07 1.15525e-08
 1.3674e-11 1.48484e-09 9.50607e-08 3.58807e-06 7.98475e-05 0.00104764 0.00810528 0.0369988 0.0999566 0.162307 0.170107 0.145724 0.134606 0.114666 0.071559 0.0338346 0.01404 0.0050934 0.00146218 0.000333216 6.3588e-05 1.01634e-05 1.32723e-06 1.39132e-07 1.14207e-08
 1.26718e-11 1.376e-09 8.80929e-08 3.32507e-06 7.39949e-05 0.000970861 0.00751149 0.0342941 0.0927301 0.151222 0.161515 0.145978 0.143045 0.124734 0.0781516 0.0368669 0.0152633 0.00556118 0.00161869 0.000375871 7.23358e-05 1.14084e-05 1.44523e-06 1.46449e-07 1.17048e-08
#obs catch len freq
 8.86338e-12 9.62459e-10 6.16174e-08 2.32576e-06 5.17569e-05 0.000679102 0.00525488 0.0240073 0.0651247 0.107837 0.122557 0.128937 0.147283 0.14491 0.110752 0.0718252 0.0410311 0.0195037 0.00742473 0.00221829 0.000504887 8.48056e-05 1.02054e-05 8.5444e-07 4.8422e-08
 1.16557e-11 1.26567e-09 8.10291e-08 3.05845e-06 6.80618e-05 0.000893015 0.00690922 0.0315438 0.0852712 0.138782 0.146566 0.127925 0.122896 0.116658 0.0938943 0.0650189 0.0377168 0.0173266 0.00627092 0.0017928 0.000393174 6.33773e-05 7.23397e-06 5.67276e-07 2.98096e-08
 1.23726e-11 1.34352e-09 8.60132e-08 3.24658e-06 7.22484e-05 0.000947955 0.00733455 0.0334909 0.0905958 0.147854 0.157619 0.139857 0.133002 0.117529 0.0820785 0.0480341 0.0250837 0.0111521 0.00397918 0.00109928 0.000227981 3.44967e-05 3.69917e-06 2.72548e-07 1.34081e-08
 1.15849e-11 1.25798e-09 8.0537e-08 3.03988e-06 6.76488e-05 0.000887617 0.00686813 0.0313699 0.0849623 0.139383 0.151473 0.14051 0.13909 0.125081 0.0886099 0.0517225 0.0255305 0.010195 0.00323883 0.00082046 0.000160729 2.31284e-05 2.33958e-06 1.61184e-07 7.38176e-09
 1.26082e-11 1.3691e-09 8.76511e-08 3.3084e-06 7.36245e-05 0.000966019 0.0074746 0.0341352 0.0923801 0.15093 0.160974 0.14147 0.131455 0.115012 0.0814817 0.0478518 0.0234005 0.009009 0.00265975 0.000603493 0.000104273 1.33716e-05 1.23023e-06 7.82585e-08 3.32771e-09
 1.19421e-11 1.29677e-09 8.30202e-08 3.13361e-06 6.9735e-05 0.000915005 0.00708049 0.0323475 0.0876827 0.144205 0.157458 0.145689 0.140625 0.121942 0.0830138 0.0462529 0.0216641 0.00811611 0.00233597 0.00050757 8.14779e-05 9.427e-06 7.69395e-07 4.33631e-08 1.64869e-09
 1.31271e-11 1.42545e-09 9.12586e-08 3.44457e-06 7.6655e-05 0.00100579 0.00778268 0.0355469 0.0962368 0.157321 0.16743 0.14454 0.129339 0.109748 0.0764218 0.0439077 0.0206005 0.00748401 0.00205675 0.000425746 6.50538e-05 7.10339e-06 5.38038e-07 2.76111e-08 9.41818e-10
 1.28061e-11 1.39059e-09 8.9027e-08 3.36034e-06 7.47809e-05 0.000981223 0.00759316 0.0346926 0.0940459 0.154506 0.167144 0.149107 0.135872 0.112853 0.0748477 0.0407615 0.0185416 0.00670029 0.00184045 0.000374559 5.50419e-05 5.69233e-06 4.04967e-07 1.93955e-08 6.12643e-10
 1.2456e-11 1.35257e-09 8.6593e-08 3.26847e-06 7.27368e-05 0.000954419 0.00738629 0.0337572 0.0916095 0.151084 0.165331 0.150576 0.139036 0.11574 0.0768269 0.0413865 0.018122 0.00616788 0.00159081 0.000307523 4.34206e-05 4.31929e-06 2.93193e-07 1.32538e-08 3.91561e-10
 1.24298e-11 1.34973e-09 8.64107e-08 3.26159e-06 7.2584e-05 0.00095243 0.00737132 0.0336954 0.0915013 0.151187 0.166075 0.151538 0.139056 0.115079 0.0765098 0.0412895 0.0179207 0.00596097 0.00147785 0.000269874 3.56101e-05 3.30707e-06 2.10505e-07 8.95857e-09 2.49264e-10
 1.34886e-11 1.4647e-09 9.37716e-08 3.53944e-06 7.87672e-05 0.00103356 0.00799905 0.0365597 0.0992005 0.163249 0.176271 0.153395 0.132409 0.105105 0.0678886 0.0356005 0.0149866 0.00483221 0.00115773 0.000202696 2.53559e-05 2.20703e-06 1.30535e-07 5.14001e-09 1.32295e-10
 1.1989e-11 1.30186e-09 8.33464e-08 3.14595e-06 7.00115e-05 0.000918731 0.00711216 0.0325383 0.0886248 0.147898 0.166875 0.158484 0.146861 0.117753 0.0741608 0.0374462 0.0151937 0.00474669 0.00110332 0.000186658 2.24047e-05 1.85602e-06 1.0358e-07 3.81646e-09 9.12644e-11
 1.33374e-11 1.44829e-09 9.27208e-08 3.49978e-06 7.78856e-05 0.00102203 0.0079109 0.0361729 0.0982859 0.162351 0.176615 0.154512 0.132601 0.105178 0.0687988 0.0361192 0.014718 0.0044645 0.000990491 0.000159195 1.81538e-05 1.42797e-06 7.54642e-08 2.6217e-09 5.88202e-11
 1.1494e-11 1.24812e-09 7.99057e-08 3.0161e-06 6.71234e-05 0.000880907 0.00682139 0.03124 0.0853761 0.143936 0.166379 0.162795 0.151518 0.119579 0.0741417 0.0369109 0.0147055 0.00447365 0.000996238 0.000157721 1.732e-05 1.29156e-06 6.42112e-08 2.09225e-09 4.39637e-11
 1.39068e-11 1.51012e-09 9.66795e-08 3.64922e-06 8.12121e-05 0.00106572 0.00824986 0.0377324 0.102574 0.169448 0.183335 0.156418 0.128641 0.098974 0.0636051 0.0325519 0.0127358 0.00367927 0.000774337 0.000117218 1.24341e-05 8.95698e-07 4.26679e-08 1.31796e-09 2.60162e-11
 1.22331e-11 1.32837e-09 8.50438e-08 3.21006e-06 7.14416e-05 0.000937639 0.00726211 0.0332761 0.0910507 0.153729 0.176917 0.168375 0.148578 0.110481 0.0643409 0.0299244 0.0111284 0.00316248 0.000655496 9.59183e-05 9.66608e-06 6.56962e-07 2.95476e-08 8.63624e-10 1.61329e-11
 1.1535e-11 1.25257e-09 8.01913e-08 3.02692e-06 6.73669e-05 0.000884217 0.00684972 0.0314057 0.0860884 0.146069 0.17002 0.165042 0.150224 0.117741 0.0732601 0.0353399 0.0128334 0.00341368 0.00065791 9.07224e-05 8.71919e-06 5.65951e-07 2.416e-08 6.65266e-10 1.16489e-11
 1.21546e-11 1.31985e-09 8.44986e-08 3.18951e-06 7.0986e-05 0.000931733 0.00721793 0.0330917 0.0906479 0.153226 0.175745 0.16484 0.144352 0.110818 0.0688691 0.0336527 0.0124539 0.00334943 0.000637077 8.4093e-05 7.56989e-06 4.56785e-07 1.81615e-08 4.67654e-10 7.67347e-12
 1.20024e-11 1.30332e-09 8.34409e-08 3.14962e-06 7.01005e-05 0.000920204 0.00713088 0.0327242 0.089895 0.153105 0.178374 0.170007 0.14794 0.1099 0.0651692 0.0304067 0.0108745 0.00286552 0.000538079 6.9975e-05 6.13798e-06 3.55186e-07 1.33299e-08 3.20197e-10 4.87003e-12
 1.19525e-11 1.29791e-09 8.30944e-08 3.13656e-06 6.98121e-05 0.0009165 0.007104 0.0326239 0.0897839 0.153548 0.180071 0.172243 0.149088 0.109518 0.0637072 0.0286855 0.00973617 0.00241611 0.000428255 5.2978e-05 4.45237e-06 2.47577e-07 8.91053e-09 2.04085e-10 2.93677e-12
 1.15936e-11 1.25894e-09 8.06001e-08 3.04247e-06 6.77211e-05 0.000889181 0.00689526 0.0317053 0.0875613 0.151071 0.180269 0.175758 0.152741 0.110856 0.063104 0.0275666 0.00899224 0.00212237 0.000354045 4.09111e-05 3.20423e-06 1.66391e-07 5.61503e-09 1.21031e-10 1.64259e-12
 1.27631e-11 1.38593e-09 8.87304e-08 3.34936e-06 7.45517e-05 0.000978827 0.00758897 0.0348667 0.0959864 0.163761 0.18927 0.17401 0.142895 0.100584 0.0562932 0.024069 0.00759765 0.00171682 0.00027166 2.95253e-05 2.15915e-06 1.04117e-07 3.25241e-09 6.48392e-11 8.14591e-13
 1.20055e-11 1.30367e-09 8.34646e-08 3.15069e-06 7.0136e-05 0.000921097 0.00714695 0.0329093 0.0911618 0.158025 0.18873 0.18062 0.150267 0.103241 0.0554139 0.0227518 0.00695245 0.00152595 0.000233402 2.42805e-05 1.68169e-06 7.612e-08 2.21674e-09 4.09905e-11 4.75987e-13
 1.30022e-11 1.4119e-09 9.03939e-08 3.41227e-06 7.59588e-05 0.000997537 0.00773874 0.0356074 0.0983476 0.168783 0.19614 0.178811 0.141989 0.0949358 0.0498165 0.0197028 0.00569468 0.001171 0.000167778 1.64113e-05 1.07155e-06 4.56971e-08 1.24977e-09 2.16086e-11 2.33594e-13
 1.14269e-11 1.24085e-09 7.94446e-08 2.99914e-06 6.67746e-05 0.000877386 0.00681671 0.031495 0.08797 0.155271 0.191028 0.187475 0.155426 0.10353 0.0528365 0.0202396 0.0056704 0.0011254 0.00015401 1.42215e-05 8.6938e-07 3.45807e-08 8.81365e-10 1.42033e-11 1.43089e-13
 1.23608e-11 1.34226e-09 8.59376e-08 3.24424e-06 7.22296e-05 0.000948952 0.00736945 0.0339949 0.0944579 0.164184 0.194996 0.182111 0.146623 0.0982455 0.0509797 0.0195215 0.00533434 0.00101512 0.000132104 1.15504e-05 6.65782e-07 2.48451e-08 5.91063e-10 8.85399e-12 8.26887e-14
 1.19207e-11 1.29449e-09 8.28809e-08 3.12905e-06 6.96768e-05 0.000915814 0.00712014 0.0329387 0.092155 0.16258 0.197849 0.188371 0.149996 0.0965814 0.0479089 0.0177497 0.00475112 0.00088709 0.000112257 9.41979e-06 5.15085e-07 1.80883e-08 4.02902e-10 5.63146e-12 4.89397e-14
 1.12045e-11 1.21673e-09 7.79047e-08 2.94143e-06 6.55128e-05 0.000861547 0.00670726 0.0311311 0.0877752 0.157436 0.197068 0.193462 0.156255 0.0996238 0.0477953 0.0167788 0.00420702 0.000735432 8.76487e-05 6.96804e-06 3.61771e-07 1.20394e-08 2.53005e-10 3.31944e-12 2.69549e-14
#spawning biomass
 19223.1 14551.5 18732 23560.1 26183 34522.3 39041.6 46719.4 50336.8 63858.5 75999 78205.1 97594.3 109180 112554 130557 136515 142416 137643 130921 132450 139067 135356 140657 149648 136819 152861 151215 195279 316925 343159 319763 276883 231667 191932 160209 136351 119114 107010 98683.1 93041.3 89257.6 86726.5 85037.4 83949.1 83248 82796.3 82505.3 82317.8 82197 82119.2 82069 82036.7 82015.9 82002.5 81993.9 81988.3 81984.7 81982.4 81980.9 81980 81979.4 81979 81978.7 81978.5 81978.4 81978.4 81978.3 81978.3 81978.3 81978.3 81978.3 81978.2 81978.2 81978.2 81978.2 81978.2 81978.2 81978.2 81978.2 81978.2 81978.2 81978.2 81978.2 81978.2 81978.2 81978.2 81978.2 81978.2 81978.2 81978.2 81978.2 81978.2 81978.2 81978.2 81978.2 81978.2 81978.2 81978.2 81978.2 81978.2 81978.2 81978.2 81978.2 81978.2 81978.2 81978.2 81978.2 81978.2 81978.2 81978.2 81978.2 81978.2 81978.2 81978.2 81978.2 81978.2 81978.2 81978.2 81978.2 81978.2 81978.2 81978.2 81978.2 81978.2 81978.2 81978.2 81978.2 0 0 0 0 0 0 0 0 0 0 0 0 0 0 0 0 0 0 0 0 0 0 0 0 0
