SBPRF35
12.1235
Curr Bio
106046
B35
8.95704e+06
F35
0.040127
FOFL
0
OFL
0
Bzero
3.46386e+06
#pred survey bio
 9598.71 7248.41 6048.04 5913.1 9219.91 15807.1 20971.3 27777 36331.2 49128.7 66926.6 89063.5 104613 126700 129799 124775 113872 101761 97661.4 106557 113418 121698 113259 128829 152110 158965 140536 132225 125729 2.84737e+06 5.41511e+06 8.3971e+06 1.12642e+07 1.38354e+07 1.60352e+07 1.78604e+07 1.93452e+07 2.05384e+07 2.14914e+07 2.22512e+07 2.28582e+07 2.33458e+07 2.37407e+07 2.40264e+07 2.41364e+07 2.42423e+07 2.43441e+07 2.44418e+07 2.45355e+07 2.46252e+07 2.47113e+07 2.47937e+07 2.48726e+07 2.49482e+07 2.50206e+07 2.50901e+07 2.51566e+07 2.52204e+07 2.52817e+07 2.53404e+07 2.53968e+07 2.54509e+07 2.55029e+07 2.55528e+07 2.56008e+07 2.5647e+07 2.56914e+07 2.57342e+07 2.57753e+07 2.58149e+07 2.58531e+07 2.58898e+07 2.59253e+07 2.59595e+07 2.59924e+07 2.60243e+07 2.6055e+07 2.60846e+07 2.61133e+07 2.6141e+07 2.61677e+07 2.61936e+07 2.62186e+07 2.62428e+07 2.62662e+07 2.62889e+07 2.63108e+07 2.63321e+07 2.63526e+07 2.63726e+07 2.63919e+07 2.64107e+07 2.64288e+07 2.64465e+07 2.64636e+07 2.64801e+07 2.64963e+07 2.65119e+07 2.65271e+07 2.65418e+07 2.65561e+07 2.657e+07 2.65835e+07 2.65967e+07 2.66095e+07 2.66219e+07 2.66339e+07 2.66457e+07 2.66571e+07 2.66682e+07 2.6679e+07 2.66895e+07 2.66998e+07 2.67097e+07 2.67194e+07 2.67289e+07 2.6738e+07 2.6747e+07 2.67557e+07 2.67642e+07 2.67725e+07 2.67805e+07 2.67884e+07 2.6796e+07 2.68035e+07 2.68108e+07 2.68178e+07 2.68247e+07 2.68315e+07 0 0 0 0 0 0 0 0 0 0 0 0 0 0 0 0 0 0 0 0 0 0 0 0 0
#obs survey bio
 10124.3 8382.48 6439.41 5993.63 13485.2 24391.1 16144.6 44940.8 36083 56796.9 118784 126663 61101.2 143990 132922 119902 98954.9 99497.3 64800.4 120599 98351.1 161476 101369 113272 196515 108516 94149.2 117203 87353.6
#pred catch bio
 5795.6 3998.36 3681.97 2790.6 4669.21 11194.2 14933.9 20154.9 26485.7 36050.1 49840.3 69795 80155.6 100303 103866 101937 95411.9 83768.3 79135.3 88672.9 92923.3 104720 94182.4 107136 128875 139436 125536 116399 111993 0 9731.3 15466.5 20933.4 25854.2 30064.5 33547.1 36363 38605.4 40374.1 41761.9 42849 43701.7 44373.2 44835.6 44967.3 45090.9 45206.8 45315.6 45417.7 45513.5 45603.4 45687.8 45766.9 45841.2 45910.9 45976.4 46037.8 46095.4 46149.4 46200.1 46247.7 46292.4 46334.3 46373.7 46410.6 46445.2 46477.7 46508.2 46536.8 46563.7 46588.9 46612.6 46634.7 46655.6 46675.1 46693.5 46710.7 46726.8 46742 46756.2 46769.5 46782.1 46793.8 46804.8 46815.2 46824.9 46834 46842.6 46850.6 46858.1 46865.2 46871.8 46878 46883.9 46889.3 46894.5 46899.3 46903.8 46908.1 46912.1 46915.8 46919.3 46922.6 46925.7 46928.6 46931.3 46933.9 46936.3 46938.5 46940.6 46942.6 46944.5 46946.2 46947.9 46949.4 46950.8 46952.2 46953.5 46954.7 46955.8 46956.8 46957.8 46958.7 46959.6 46960.4 46961.2 46961.9 46962.6 46963.2 0 0 0 0 0 0 0 0 0 0 0 0 0 0 0 0 0 0 0 0 0 0 0 0 0
#obs catch bio
 3756.58 3617.75 4357.41 2555.64 3498.24 8423.31 10709.9 16162.5 21357 30525.2 38053 56252.9 76809.7 91993.5 88402 95049.4 83547.4 75951.9 71582.7 77545.1 81840.7 83308 76424.9 88340.5 104146 124956 111302 105129 89975.9
#pred cpue bio
 8419.3 6619.13 5290.76 4085.32 6374.72 9659.38 11945.4 15911.2 20225.9 26344.9 35362.8 46677.8 54448.8 68093.6 74615.8 72721.2 65010.5 54413.4 52888.2 53487.9 54262.5 61624.2 54113.1 58586.5 67418.1 74606.7 66261.7 53631.3 56382.7 1.18551e+06 5.24056e+06 8.27162e+06 1.11377e+07 1.37089e+07 1.59087e+07 1.77338e+07 1.92186e+07 2.04119e+07 2.13648e+07 2.21246e+07 2.27316e+07 2.32192e+07 2.36141e+07 2.38999e+07 2.40098e+07 2.41157e+07 2.42175e+07 2.43152e+07 2.44089e+07 2.44987e+07 2.45847e+07 2.46671e+07 2.4746e+07 2.48216e+07 2.48941e+07 2.49635e+07 2.50301e+07 2.50939e+07 2.51551e+07 2.52138e+07 2.52702e+07 2.53243e+07 2.53763e+07 2.54263e+07 2.54743e+07 2.55204e+07 2.55649e+07 2.56076e+07 2.56487e+07 2.56883e+07 2.57265e+07 2.57633e+07 2.57987e+07 2.58329e+07 2.58659e+07 2.58977e+07 2.59284e+07 2.59581e+07 2.59867e+07 2.60144e+07 2.60411e+07 2.6067e+07 2.6092e+07 2.61162e+07 2.61396e+07 2.61623e+07 2.61842e+07 2.62055e+07 2.62261e+07 2.6246e+07 2.62653e+07 2.62841e+07 2.63023e+07 2.63199e+07 2.6337e+07 2.63536e+07 2.63697e+07 2.63853e+07 2.64005e+07 2.64152e+07 2.64296e+07 2.64435e+07 2.6457e+07 2.64701e+07 2.64829e+07 2.64953e+07 2.65074e+07 2.65191e+07 2.65305e+07 2.65416e+07 2.65524e+07 2.6563e+07 2.65732e+07 2.65831e+07 2.65928e+07 2.66023e+07 2.66115e+07 2.66204e+07 2.66291e+07 2.66376e+07 2.66459e+07 2.6654e+07 2.66618e+07 2.66695e+07 2.66769e+07 2.66842e+07 2.66913e+07 2.66982e+07 2.67049e+07 0 0 0 0 0 0 0 0 0 0 0 0 0 0 0 0 0 0 0 0 0 0 0 0 0
#obs cpue bio
 9841.98 6662.02 4895.14 5047.22 14545.8 15443.2 34791.2 30379.6 41118.1 44804.2 72792.1 71709.1 81447.4 103885 128111 109185 134495 76346.1 111556 95639.4 92495.5 135500 125629 139653 130973 154586 161054 94311 189700
#pred surv len freq
 7.47789e-12 8.12009e-10 5.19856e-08 1.9622e-06 4.36664e-05 0.000572949 0.00443355 0.0202577 0.0549967 0.0914661 0.105998 0.116779 0.138627 0.138734 0.109822 0.0789717 0.0537265 0.0332585 0.0196607 0.0118059 0.0074871 0.00520378 0.00388995 0.00273945 0.00152322
 5.53329e-12 6.00849e-10 3.84669e-08 1.45194e-06 3.23114e-05 0.000423974 0.00328135 0.0150065 0.0409255 0.0695479 0.0873711 0.111806 0.146175 0.150597 0.12073 0.0891653 0.0642862 0.0428926 0.0260511 0.0144691 0.00770888 0.0043007 0.00265354 0.00167598 0.000898266
 8.31558e-12 9.02972e-10 5.78091e-08 2.18201e-06 4.85577e-05 0.00063711 0.00492934 0.0225067 0.060878 0.0994489 0.107079 0.0995995 0.104658 0.108505 0.101989 0.0912731 0.0735669 0.0521157 0.033649 0.0196868 0.0102638 0.0049329 0.0023989 0.00123686 0.00059576
 1.44937e-11 1.57384e-09 1.00759e-07 3.80315e-06 8.46336e-05 0.00111043 0.00859043 0.0392001 0.105722 0.170205 0.171567 0.129931 0.10237 0.0836718 0.0582216 0.0384189 0.028906 0.0231475 0.0170791 0.0109208 0.00602808 0.00288377 0.00123214 0.000505499 0.000200463
 1.32085e-11 1.43428e-09 9.18242e-08 3.46591e-06 7.7129e-05 0.00101198 0.00782935 0.0357396 0.0965612 0.156844 0.164619 0.141638 0.131614 0.112841 0.0716251 0.0359303 0.017819 0.00997059 0.0064496 0.00440635 0.00272225 0.00140552 0.000601025 0.000219355 7.11611e-05
 1.51706e-11 1.64734e-09 1.05464e-07 3.98075e-06 8.8586e-05 0.00116229 0.00899176 0.0410345 0.110711 0.178573 0.181574 0.141566 0.116077 0.0950569 0.0617323 0.0329716 0.0164472 0.00755973 0.00327039 0.00155352 0.000851327 0.000461772 0.000212186 7.79022e-05 2.29388e-05
 1.53142e-11 1.66294e-09 1.06463e-07 4.01845e-06 8.94249e-05 0.0011733 0.00907717 0.0414293 0.111844 0.18095 0.186548 0.151852 0.130739 0.104682 0.0577565 0.0194659 0.00389584 0.000460333 3.2078e-05 1.31797e-06 3.19261e-08 4.55963e-10 3.84068e-12 1.96007e-14 2.15667e-16
 1.52379e-11 1.65466e-09 1.05933e-07 3.99843e-06 8.89795e-05 0.00116746 0.00903199 0.0412235 0.111295 0.18011 0.185912 0.151919 0.131454 0.105497 0.0582398 0.0196311 0.00392899 0.000464253 3.23512e-05 1.32919e-06 3.2198e-08 4.59843e-10 3.87194e-12 1.92215e-14 5.62578e-17
 1.56165e-11 1.69576e-09 1.08564e-07 4.09776e-06 9.11899e-05 0.00119645 0.00925624 0.0422448 0.114022 0.184278 0.189071 0.151586 0.127905 0.101451 0.0558413 0.0188112 0.00376444 0.000444798 3.09954e-05 1.27349e-06 3.08486e-08 4.40571e-10 3.70966e-12 1.84159e-14 5.39e-17
 1.60827e-11 1.74639e-09 1.11806e-07 4.22011e-06 9.39125e-05 0.00123217 0.00953246 0.0435028 0.117381 0.189413 0.192962 0.151176 0.123533 0.0964675 0.052887 0.0178012 0.00356175 0.000420835 2.93254e-05 1.20487e-06 2.91864e-08 4.16832e-10 3.50979e-12 1.74236e-14 5.09958e-17
 1.62576e-11 1.76538e-09 1.13021e-07 4.266e-06 9.49337e-05 0.00124557 0.00963606 0.0439746 0.118641 0.191339 0.194422 0.151022 0.121894 0.0945982 0.051779 0.0174224 0.00348572 0.000411847 2.8699e-05 1.17913e-06 2.8563e-08 4.07929e-10 3.43481e-12 1.70514e-14 4.99065e-17
 1.6352e-11 1.77563e-09 1.13678e-07 4.29077e-06 9.54849e-05 0.0012528 0.00969199 0.0442293 0.119321 0.192378 0.19521 0.150939 0.121009 0.0935892 0.0511808 0.017218 0.00344469 0.000406996 2.83609e-05 1.16524e-06 2.82265e-08 4.03122e-10 3.39435e-12 1.68505e-14 4.93185e-17
 1.64311e-11 1.78423e-09 1.14228e-07 4.31153e-06 9.59469e-05 0.00125886 0.00973886 0.0444428 0.119891 0.19325 0.19587 0.15087 0.120267 0.0927435 0.0506795 0.0170466 0.00341029 0.000402929 2.80775e-05 1.1536e-06 2.79444e-08 3.99094e-10 3.36043e-12 1.66821e-14 4.88257e-17
 1.60559e-11 1.74348e-09 1.11619e-07 4.21307e-06 9.3756e-05 0.00123012 0.00951658 0.0434305 0.117188 0.189118 0.192738 0.1512 0.123785 0.096754 0.0530569 0.0178593 0.0035734 0.000422213 2.94214e-05 1.20882e-06 2.9282e-08 4.18197e-10 3.52128e-12 1.74807e-14 5.11628e-17
 1.51893e-11 1.64937e-09 1.05594e-07 3.98566e-06 8.86953e-05 0.00116373 0.00900315 0.0410922 0.110944 0.179574 0.185505 0.151962 0.13191 0.106017 0.0585482 0.0197365 0.00395015 0.000466754 3.25255e-05 1.33636e-06 3.23715e-08 4.62321e-10 3.89281e-12 1.9325e-14 5.65609e-17
 1.49977e-11 1.62857e-09 1.04263e-07 3.93539e-06 8.75766e-05 0.00114905 0.00888965 0.0405753 0.109564 0.177464 0.183906 0.15213 0.133707 0.108065 0.0597621 0.0201515 0.00403344 0.000476601 3.32118e-05 1.36455e-06 3.30545e-08 4.72075e-10 3.97494e-12 1.97328e-14 5.77543e-17
 1.52833e-11 1.65959e-09 1.06248e-07 4.01034e-06 8.92445e-05 0.00117093 0.00905887 0.0413459 0.111622 0.18061 0.18629 0.151879 0.131028 0.105012 0.0579523 0.0195328 0.00390927 0.000461921 3.21887e-05 1.32252e-06 3.20363e-08 4.57533e-10 3.85249e-12 1.91249e-14 5.59751e-17
 1.61168e-11 1.7501e-09 1.12043e-07 4.22906e-06 9.41116e-05 0.00123479 0.00955266 0.0435948 0.117627 0.189789 0.193247 0.151146 0.123214 0.0961029 0.052671 0.0177274 0.00354692 0.000419083 2.92032e-05 1.19985e-06 2.90649e-08 4.15096e-10 3.49517e-12 1.7351e-14 5.07834e-17
 1.59634e-11 1.73344e-09 1.10976e-07 4.1888e-06 9.32159e-05 0.00122303 0.00946178 0.0431809 0.116521 0.188099 0.191966 0.151281 0.124652 0.0977426 0.053643 0.0180597 0.00361361 0.000426967 2.97527e-05 1.22243e-06 2.96117e-08 4.22906e-10 3.56093e-12 1.76775e-14 5.17389e-17
 1.68291e-11 1.82743e-09 1.16994e-07 4.41594e-06 9.82704e-05 0.00128935 0.00997459 0.0455164 0.122757 0.197632 0.199191 0.15052 0.116536 0.0884905 0.0481583 0.0161847 0.00323731 0.000382479 2.66522e-05 1.09504e-06 2.65259e-08 3.78835e-10 3.18985e-12 1.58353e-14 4.63472e-17
 1.73179e-11 1.88051e-09 1.20392e-07 4.54421e-06 0.000101125 0.00132679 0.0102642 0.0468353 0.126279 0.203015 0.20327 0.15009 0.111953 0.0832658 0.0450611 0.0151259 0.00302482 0.000357357 2.49014e-05 1.0231e-06 2.47833e-08 3.53949e-10 2.98029e-12 1.47951e-14 4.33025e-17
 1.67355e-11 1.81727e-09 1.16343e-07 4.39139e-06 9.7724e-05 0.00128218 0.00991915 0.0452639 0.122083 0.196601 0.19841 0.150602 0.117414 0.0894907 0.0487512 0.0163874 0.00327799 0.000387289 2.69874e-05 1.10881e-06 2.68595e-08 3.836e-10 3.22996e-12 1.60345e-14 4.69301e-17
 1.73311e-11 1.88195e-09 1.20484e-07 4.54767e-06 0.000101202 0.00132781 0.010272 0.0468709 0.126374 0.20316 0.203381 0.150078 0.111829 0.0831245 0.0449773 0.0150973 0.00301907 0.000356678 2.48541e-05 1.02116e-06 2.47362e-08 3.53276e-10 2.97463e-12 1.47669e-14 4.32202e-17
 1.77914e-11 1.93193e-09 1.23684e-07 4.66845e-06 0.00010389 0.00136307 0.0105447 0.0481128 0.12969 0.208229 0.207222 0.149674 0.107514 0.0782048 0.0420609 0.0141003 0.00281898 0.000333022 2.32055e-05 9.53422e-07 2.30954e-08 3.29842e-10 2.77731e-12 1.37874e-14 4.03532e-17
 1.8016e-11 1.95632e-09 1.25246e-07 4.72739e-06 0.000105201 0.00138027 0.0106778 0.0487188 0.131308 0.210703 0.209097 0.149476 0.105408 0.075804 0.0406377 0.0136137 0.00272134 0.000321478 2.2401e-05 9.20366e-07 2.22946e-08 3.18406e-10 2.68102e-12 1.33094e-14 3.89541e-17
 1.7502e-11 1.90051e-09 1.21673e-07 4.59253e-06 0.0001022 0.0013409 0.0103733 0.0473322 0.127606 0.205043 0.204807 0.149928 0.110227 0.0812973 0.0438941 0.014727 0.00294476 0.000347892 2.42418e-05 9.96e-07 2.41268e-08 3.44572e-10 2.90134e-12 1.44031e-14 4.21554e-17
 1.74585e-11 1.89578e-09 1.2137e-07 4.5811e-06 0.000101946 0.00133757 0.0103475 0.0472146 0.127292 0.204563 0.204444 0.149966 0.110635 0.0817629 0.0441701 0.0148213 0.00296369 0.00035013 2.43978e-05 1.00241e-06 2.42821e-08 3.4679e-10 2.92002e-12 1.44958e-14 4.24267e-17
 1.8721e-11 2.03287e-09 1.30146e-07 4.91237e-06 0.000109318 0.00143428 0.0110954 0.0506208 0.136387 0.218466 0.21498 0.148856 0.0987986 0.068269 0.036171 0.0120868 0.00241488 0.000285247 1.9876e-05 8.16621e-07 1.97815e-08 2.82514e-10 2.37881e-12 1.18091e-14 3.45631e-17
 1.79148e-11 1.94533e-09 1.24542e-07 4.70083e-06 0.00010461 0.00137252 0.0106178 0.0484457 0.130579 0.209588 0.208252 0.149565 0.106357 0.0768857 0.041279 0.013833 0.00276533 0.000326679 2.27635e-05 9.3526e-07 2.26554e-08 3.23558e-10 2.72441e-12 1.35248e-14 3.95845e-17
#obs surv len freq
 2.54872e-11 2.46238e-09 1.40258e-07 4.7102e-06 9.32591e-05 0.00108866 0.00749382 0.030438 0.0732225 0.106405 0.102779 0.0898914 0.0955767 0.104611 0.105354 0.0966191 0.0763691 0.0520444 0.0314599 0.0165141 0.00708609 0.00231601 0.000539558 8.48991e-05 8.67401e-06
 4.53021e-12 4.2215e-10 2.31928e-08 7.51254e-07 1.43481e-05 0.000161634 0.00107609 0.00427831 0.0107083 0.0207483 0.0437451 0.0922835 0.144826 0.163172 0.152145 0.130588 0.100325 0.0671403 0.0390805 0.0192557 0.00762089 0.00227423 0.000481387 6.87457e-05 6.38165e-06
 8.36739e-11 7.50756e-09 3.97142e-07 1.2386e-05 0.000227749 0.002469 0.0157808 0.0594712 0.132189 0.173619 0.136328 0.069805 0.0403943 0.0547304 0.0820211 0.0876746 0.0671352 0.041127 0.0219822 0.0100941 0.00370403 0.00101234 0.000194649 2.51692e-05 2.11487e-06
 1.20406e-10 1.0385e-08 5.28087e-07 1.58322e-05 0.000279846 0.00291641 0.0179222 0.0649928 0.139636 0.181483 0.157399 0.122516 0.107 0.0810134 0.0459073 0.0264535 0.0208775 0.0160543 0.00946671 0.00421396 0.00142606 0.000355763 6.22209e-05 7.29475e-06 5.54698e-07
 1.34144e-10 1.11048e-08 5.41985e-07 1.55957e-05 0.000264584 0.00264657 0.0156123 0.0543807 0.112585 0.143332 0.130233 0.120105 0.125101 0.114049 0.0854738 0.0533467 0.0260906 0.010355 0.00408466 0.00163756 0.000537867 0.000126463 2.02873e-05 2.15908e-06 1.4865e-07
 2.10505e-10 1.67013e-08 7.81223e-07 2.15446e-05 0.000350305 0.00335823 0.0189854 0.0633616 0.125534 0.152 0.128327 0.107186 0.106735 0.101941 0.0852505 0.0592831 0.0310884 0.0119056 0.00351981 0.000894514 0.000209171 4.15929e-05 6.08651e-06 5.96867e-07 3.75923e-08
 2.73704e-10 2.07837e-08 9.30468e-07 2.45595e-05 0.000382193 0.00350685 0.0189783 0.0606797 0.115654 0.137491 0.122676 0.117545 0.122724 0.110416 0.0848781 0.0566672 0.0305495 0.0126726 0.00400245 0.000953156 0.000171925 2.41184e-05 2.64083e-06 2.13875e-07 1.18657e-08
 4.27281e-10 3.10134e-08 1.32716e-06 3.34839e-05 0.000498074 0.00436837 0.0225967 0.0690501 0.125701 0.142282 0.119702 0.108255 0.111584 0.105096 0.0860431 0.0581168 0.0300516 0.0118693 0.00368551 0.000886875 0.000157516 1.98672e-05 1.75374e-06 1.08185e-07 4.63463e-09
 6.12739e-10 4.24601e-08 1.7347e-06 4.17839e-05 0.000593388 0.00496878 0.0245427 0.0716666 0.125157 0.138416 0.120559 0.117239 0.120573 0.106542 0.0806432 0.0510197 0.0250687 0.00943281 0.00277702 0.000634901 0.000108332 1.31747e-05 1.09835e-06 6.1049e-08 2.22542e-09
 8.91613e-10 5.89196e-08 2.29552e-06 5.27284e-05 0.000714093 0.00570236 0.0268636 0.0748575 0.125105 0.134131 0.117626 0.118009 0.122996 0.110248 0.0833109 0.0497304 0.0216442 0.00689504 0.00171094 0.000341571 5.29167e-05 5.97943e-06 4.68084e-07 2.44663e-08 8.31701e-10
 1.54544e-09 9.72868e-08 3.61072e-06 7.90085e-05 0.0010193 0.00775377 0.0347943 0.0923256 0.146671 0.14825 0.119736 0.109991 0.108962 0.0955022 0.070748 0.0408461 0.0169471 0.00503351 0.00111807 0.000191423 2.50638e-05 2.43384e-06 1.68468e-07 7.97634e-09 2.49285e-10
 1.97138e-09 1.18102e-07 4.17144e-06 8.68673e-05 0.00106655 0.00772198 0.032996 0.083571 0.128263 0.131991 0.122822 0.130763 0.129425 0.104359 0.0700672 0.0372908 0.0145054 0.00406699 0.000848372 0.000133741 1.56432e-05 1.31872e-06 7.80988e-08 3.17297e-09 8.63197e-11
 2.91596e-09 1.66096e-07 5.57795e-06 0.000110441 0.00128928 0.00887542 0.0360618 0.0868799 0.127048 0.125461 0.114203 0.121938 0.126009 0.110783 0.0793729 0.041973 0.0152895 0.00387089 0.000717942 0.00010114 1.06855e-05 8.14177e-07 4.31203e-08 1.54366e-09 3.65711e-11
 3.81249e-09 2.06301e-07 6.58164e-06 0.000123797 0.00137295 0.00898014 0.0346906 0.0797264 0.113028 0.115063 0.118428 0.136054 0.138009 0.115779 0.0792384 0.0405205 0.0145332 0.00367295 0.00067391 9.05681e-05 8.77139e-06 5.99172e-07 2.83054e-08 9.05351e-10 1.9172e-11
 4.89818e-09 2.51598e-07 7.61939e-06 0.000136044 0.00143224 0.00889394 0.0326409 0.0715073 0.0981701 0.102148 0.114259 0.139059 0.147785 0.130363 0.0902406 0.0443896 0.0148414 0.003455 0.000588044 7.46442e-05 6.90036e-06 4.46845e-07 1.96394e-08 5.73057e-10 1.09238e-11
 8.86501e-09 4.31945e-07 1.24084e-05 0.000210161 0.00209874 0.0123617 0.0430174 0.0892006 0.114947 0.109257 0.109697 0.126217 0.133943 0.119651 0.0824864 0.0399785 0.0132495 0.00308215 0.000519323 6.35282e-05 5.52528e-06 3.33549e-07 1.36762e-08 3.72777e-10 6.61769e-12
 1.36552e-08 6.30754e-07 1.71776e-05 0.000275811 0.00261124 0.0145835 0.0481569 0.0951192 0.118784 0.11528 0.12188 0.136286 0.131038 0.104874 0.0667974 0.0311132 0.0102648 0.00243826 0.000421847 5.2264e-05 4.50307e-06 2.63214e-07 1.02426e-08 2.6116e-10 4.30262e-12
 1.72103e-08 7.53248e-07 1.9437e-05 0.000295715 0.00265295 0.0140442 0.0440254 0.0831661 0.102591 0.107149 0.126484 0.147354 0.143489 0.114773 0.070802 0.0310745 0.00955177 0.00212799 0.000352727 4.28257e-05 3.6594e-06 2.11965e-07 8.0964e-09 1.99956e-10 3.14755e-12
 3.1938e-08 1.32392e-06 3.23561e-05 0.000466231 0.00396135 0.0198574 0.0588897 0.104764 0.119311 0.109668 0.114416 0.128851 0.129064 0.106304 0.0655203 0.0282266 0.00849324 0.00184382 0.000293653 3.38001e-05 2.73142e-06 1.50629e-07 5.52429e-09 1.31673e-10 2.00132e-12
 4.65309e-08 1.82624e-06 4.22585e-05 0.000576539 0.00463847 0.0220254 0.0619923 0.105624 0.119618 0.118849 0.132857 0.141203 0.123932 0.089615 0.0505783 0.0207703 0.00612458 0.00131939 0.000207576 2.32569e-05 1.80041e-06 9.39307e-08 3.2358e-09 7.23124e-11 1.03246e-12
 6.52376e-08 2.42366e-06 5.30869e-05 0.000685592 0.00522155 0.0234775 0.0626522 0.10183 0.112675 0.11478 0.132744 0.144373 0.130671 0.0949768 0.0509482 0.0189304 0.00490434 0.000928574 0.00013224 1.38803e-05 1.0258e-06 5.1233e-08 1.67997e-09 3.54553e-11 4.74771e-13
 9.95759e-08 3.50123e-06 7.25822e-05 0.000887169 0.00639524 0.0272222 0.0688445 0.106539 0.114197 0.115946 0.13311 0.141889 0.126103 0.0896771 0.0468655 0.0170257 0.00431963 0.000787078 0.000104124 9.86758e-06 6.54897e-07 2.9724e-08 8.99935e-10 1.77393e-11 2.23015e-13
 1.57318e-07 5.23487e-06 0.000102702 0.00118802 0.00810512 0.0326592 0.078265 0.115278 0.11942 0.119677 0.134222 0.137551 0.117033 0.0793265 0.039436 0.013697 0.00335542 0.000594839 7.63754e-05 6.92659e-06 4.30796e-07 1.79528e-08 4.92476e-10 8.76093e-12 9.97399e-14
 2.06695e-07 6.5091e-06 0.000120854 0.00132307 0.00854447 0.0326201 0.0743812 0.106248 0.11354 0.125214 0.145867 0.145522 0.118356 0.0764162 0.0362734 0.0121218 0.00288065 0.000496587 6.17436e-05 5.3882e-06 3.20381e-07 1.26656e-08 3.26365e-10 5.39387e-12 5.64567e-14
 2.87399e-07 8.56563e-06 0.000150516 0.00155958 0.00953367 0.0344724 0.0746558 0.102489 0.109019 0.123561 0.14632 0.14872 0.12297 0.0780018 0.0349949 0.0107849 0.00234115 0.000370694 4.29517e-05 3.53698e-06 1.99533e-07 7.48269e-09 1.82372e-10 2.83977e-12 2.7882e-14
 3.60453e-07 1.01682e-05 0.000169122 0.00165876 0.00960149 0.0329255 0.0681174 0.0920266 0.103736 0.128091 0.154446 0.154729 0.125914 0.078946 0.0355004 0.0111861 0.0024978 0.000397504 4.44943e-05 3.43291e-06 1.79237e-07 6.22255e-09 1.41026e-10 2.04984e-12 1.88207e-14
 5.8357e-07 1.55834e-05 0.000245352 0.00227794 0.0124812 0.0405072 0.0792397 0.10083 0.106271 0.124125 0.146996 0.148857 0.121386 0.0737507 0.0313706 0.00931376 0.00198675 0.000308401 3.40956e-05 2.58929e-06 1.30969e-07 4.31848e-09 9.14493e-11 1.22986e-12 1.04079e-14
 8.04956e-07 2.03504e-05 0.000303346 0.00266668 0.0138408 0.0426412 0.0799351 0.101015 0.113268 0.138943 0.157991 0.146575 0.10896 0.06115 0.024319 0.00678808 0.00136149 0.000198553 2.06917e-05 1.49253e-06 7.22546e-08 2.28834e-09 4.64538e-11 5.95073e-13 4.75525e-15
 1.0232e-06 2.44933e-05 0.000345708 0.00287799 0.0141531 0.0414119 0.0745046 0.0937712 0.111209 0.143233 0.165382 0.154468 0.112519 0.0590703 0.0210069 0.00504949 0.000855084 0.000106391 9.75292e-06 6.36587e-07 2.83752e-08 8.35556e-10 1.58708e-11 1.91083e-13 1.43918e-15
#pred catch len freq
 1.90202e-13 2.06538e-11 1.32231e-09 4.99186e-08 1.11175e-06 1.46461e-05 0.000115656 0.00058252 0.00232278 0.00981283 0.0385278 0.10477 0.17817 0.194814 0.15706 0.113428 0.0772711 0.0478495 0.0282869 0.0169853 0.0107717 0.00748669 0.00559648 0.00394126 0.00219146
 1.14848e-13 1.24713e-11 7.98461e-10 3.01456e-08 6.71719e-07 8.87163e-06 7.09405e-05 0.000377481 0.00175615 0.00879044 0.0369785 0.102235 0.174501 0.191235 0.155361 0.115203 0.0831867 0.0555255 0.0337249 0.0187309 0.00997945 0.00556742 0.0034351 0.00216962 0.00116284
 2.24535e-13 2.43819e-11 1.56098e-09 5.89249e-08 1.31193e-06 1.72557e-05 0.000135181 0.000656196 0.00230982 0.00808531 0.0287961 0.0768841 0.133683 0.158735 0.153204 0.137736 0.111115 0.0787264 0.0508298 0.0297381 0.0155039 0.00745135 0.00362364 0.00186833 0.00089992
 6.16757e-13 6.69726e-11 4.28769e-09 1.61847e-07 3.60257e-06 4.73276e-05 0.000368524 0.00173734 0.00544986 0.0149466 0.044135 0.109793 0.18097 0.189463 0.13939 0.0930122 0.0701512 0.0562017 0.0414693 0.0265162 0.0146365 0.00700191 0.00299169 0.00122737 0.000486732
 5.31162e-13 5.7678e-11 3.69265e-09 1.39389e-07 3.10308e-06 4.07917e-05 0.000318657 0.00152598 0.00510209 0.0161798 0.0537888 0.138857 0.228691 0.231778 0.15256 0.0771333 0.0383474 0.0214754 0.0138936 0.009492 0.00586413 0.0030277 0.0012947 0.000472523 0.000153292
 6.93612e-12 7.53179e-10 4.82193e-08 1.82004e-06 4.05031e-05 0.000531462 0.00411325 0.0188111 0.0513013 0.0871787 0.109464 0.139464 0.178916 0.173057 0.116658 0.0626476 0.0312329 0.014346 0.00620452 0.00294703 0.00161493 0.000875958 0.000402506 0.000147776 4.35136e-05
 8.54531e-12 9.27918e-10 5.94062e-08 2.24229e-06 4.98997e-05 0.000654752 0.00506715 0.0231664 0.0630806 0.106408 0.130056 0.157804 0.194201 0.177031 0.100645 0.0341277 0.00683838 0.000808214 5.63225e-05 2.31411e-06 5.60564e-08 8.00588e-10 6.74352e-12 3.44105e-14 3.77257e-16
 8.91454e-12 9.68012e-10 6.19731e-08 2.33918e-06 5.20558e-05 0.000683038 0.00528589 0.0241626 0.0657406 0.110474 0.133138 0.157479 0.19074 0.173084 0.0983058 0.0333279 0.00667787 0.000789238 5.5e-05 2.25977e-06 5.47402e-08 7.81784e-10 6.58273e-12 3.26786e-14 9.56444e-17
 9.81667e-12 1.06597e-09 6.82446e-08 2.5759e-06 5.73235e-05 0.000752147 0.00582032 0.0265966 0.0722396 0.120409 0.140667 0.156686 0.182282 0.163442 0.0925898 0.0313738 0.0062857 0.000742874 5.17688e-05 2.12701e-06 5.15242e-08 7.35854e-10 6.19599e-12 3.07587e-14 9.00253e-17
 1.08996e-11 1.18357e-09 7.57731e-08 2.86006e-06 6.36471e-05 0.000835109 0.00646188 0.0295184 0.0800412 0.132335 0.149705 0.155734 0.172128 0.151867 0.0857281 0.0290281 0.00581493 0.000687217 4.789e-05 1.96764e-06 4.76636e-08 6.80719e-10 5.73174e-12 2.84541e-14 8.328e-17
 1.15587e-11 1.25514e-09 8.03554e-08 3.03302e-06 6.74959e-05 0.000885603 0.00685236 0.0312968 0.0847897 0.139593 0.155206 0.155154 0.165949 0.144822 0.0815517 0.0276004 0.00552839 0.000653341 4.55292e-05 1.87064e-06 4.53139e-08 6.4716e-10 5.44918e-12 2.70513e-14 7.91744e-17
 1.27402e-11 1.38344e-09 8.85689e-08 3.34304e-06 7.43949e-05 0.000976113 0.0075523 0.0344845 0.0933012 0.152604 0.165066 0.154115 0.154871 0.132194 0.0740656 0.0250413 0.00501478 0.00059262 4.12974e-05 1.69677e-06 4.11021e-08 5.87008e-10 4.94269e-12 2.4537e-14 7.18153e-17
 1.24479e-11 1.35169e-09 8.65366e-08 3.26633e-06 7.26878e-05 0.000953717 0.00737911 0.0336957 0.0911951 0.149385 0.162626 0.154372 0.157612 0.135318 0.075918 0.0256745 0.00514187 0.000607645 4.23445e-05 1.73979e-06 4.21442e-08 6.01892e-10 5.06801e-12 2.51591e-14 7.36362e-17
 1.24464e-11 1.35153e-09 8.65265e-08 3.26595e-06 7.26793e-05 0.000953606 0.00737825 0.0336918 0.0911846 0.149369 0.162614 0.154374 0.157626 0.135334 0.0759272 0.0256776 0.0051425 0.00060772 4.23497e-05 1.74e-06 4.21494e-08 6.01966e-10 5.06863e-12 2.51622e-14 7.36453e-17
 1.1252e-11 1.22184e-09 7.82231e-08 2.95253e-06 6.57049e-05 0.000862106 0.00667066 0.0304692 0.08258 0.136216 0.152646 0.155424 0.168824 0.1481 0.0834951 0.0282648 0.00566173 0.000669105 4.66278e-05 1.91578e-06 4.64073e-08 6.62776e-10 5.58067e-12 2.77041e-14 8.10849e-17
 1.13986e-11 1.23775e-09 7.9242e-08 2.99099e-06 6.65607e-05 0.000873334 0.00675748 0.0308647 0.0836359 0.13783 0.153869 0.155295 0.16745 0.146534 0.0825665 0.0279473 0.00559802 0.000661573 4.61028e-05 1.89421e-06 4.58848e-08 6.55314e-10 5.51784e-12 2.73922e-14 8.0172e-17
 1.23517e-11 1.34124e-09 8.58677e-08 3.24108e-06 7.2126e-05 0.000946347 0.00732211 0.0334362 0.090502 0.148325 0.161823 0.154457 0.158514 0.136347 0.0765276 0.0258829 0.0051837 0.00061259 4.26891e-05 1.75395e-06 4.24872e-08 6.0679e-10 5.10926e-12 2.53639e-14 7.42355e-17
 1.32584e-11 1.4397e-09 9.2171e-08 3.479e-06 7.74204e-05 0.00101581 0.00785925 0.0358825 0.0970339 0.15831 0.169391 0.15366 0.150014 0.126656 0.0707826 0.023919 0.00478954 0.000565991 3.94415e-05 1.62052e-06 3.9255e-08 5.60628e-10 4.72057e-12 2.34343e-14 6.8588e-17
 1.27401e-11 1.38342e-09 8.85681e-08 3.34301e-06 7.43942e-05 0.000976104 0.00755223 0.0344842 0.0933003 0.152603 0.165065 0.154115 0.154873 0.132195 0.0740664 0.0250415 0.00501483 0.000592626 4.12978e-05 1.69678e-06 4.11025e-08 5.87014e-10 4.94274e-12 2.45372e-14 7.1816e-17
 1.44761e-11 1.57193e-09 1.00637e-07 3.79853e-06 8.4531e-05 0.00110909 0.00858066 0.039168 0.105807 0.17172 0.179554 0.152589 0.138597 0.11364 0.0630669 0.0212813 0.00426017 0.000503407 3.50799e-05 1.44131e-06 3.49139e-08 4.9863e-10 4.19853e-12 2.08428e-14 6.1003e-17
 1.49595e-11 1.62442e-09 1.03997e-07 3.92536e-06 8.73534e-05 0.00114612 0.00886701 0.0404721 0.109289 0.177043 0.183588 0.152164 0.134065 0.108474 0.0600043 0.0202343 0.00405005 0.000478565 3.33487e-05 1.37018e-06 3.31908e-08 4.74021e-10 3.99132e-12 1.98141e-14 5.79924e-17
 1.48331e-11 1.6107e-09 1.03118e-07 3.8922e-06 8.66155e-05 0.00113644 0.00879215 0.0401312 0.108378 0.175651 0.182533 0.152275 0.13525 0.109824 0.060805 0.020508 0.00410499 0.00048506 3.38013e-05 1.38877e-06 3.36413e-08 4.80455e-10 4.0455e-12 2.0083e-14 5.87795e-17
 1.51822e-11 1.64861e-09 1.05546e-07 3.98382e-06 8.86543e-05 0.00116319 0.00899899 0.0410732 0.110894 0.179496 0.185447 0.151968 0.131976 0.106092 0.0585927 0.0197517 0.0039532 0.000467115 3.25507e-05 1.33739e-06 3.23966e-08 4.62679e-10 3.89582e-12 1.934e-14 5.66047e-17
 1.58326e-11 1.71923e-09 1.10067e-07 4.15447e-06 9.24519e-05 0.00121301 0.00938428 0.0428279 0.115579 0.186658 0.190875 0.151396 0.125879 0.099141 0.0544719 0.018343 0.00367049 0.000433691 3.02213e-05 1.24168e-06 3.00781e-08 4.29567e-10 3.61702e-12 1.79559e-14 5.25538e-17
 1.63602e-11 1.77652e-09 1.13734e-07 4.29291e-06 9.55326e-05 0.00125343 0.00969682 0.0442514 0.11938 0.192468 0.195278 0.150932 0.120932 0.093502 0.0511291 0.0172003 0.00344114 0.000406576 2.83316e-05 1.16404e-06 2.81974e-08 4.02707e-10 3.39085e-12 1.68332e-14 4.92677e-17
 1.60849e-11 1.74662e-09 1.11821e-07 4.22067e-06 9.39249e-05 0.00123234 0.00953372 0.0435085 0.117396 0.189436 0.19298 0.151174 0.123514 0.0964447 0.0528736 0.0177966 0.00356082 0.000420726 2.93177e-05 1.20456e-06 2.91789e-08 4.16724e-10 3.50887e-12 1.74191e-14 5.09825e-17
 1.62416e-11 1.76364e-09 1.1291e-07 4.26179e-06 9.48402e-05 0.00124434 0.00962658 0.0439314 0.118525 0.191162 0.194288 0.151036 0.122044 0.0947694 0.0518805 0.0174571 0.00349269 0.000412671 2.87564e-05 1.18149e-06 2.86201e-08 4.08744e-10 3.44168e-12 1.70855e-14 5.00063e-17
 1.76578e-11 1.91742e-09 1.22755e-07 4.63339e-06 0.000103109 0.00135283 0.0104655 0.0477523 0.128727 0.206758 0.206107 0.149791 0.108767 0.0796328 0.0429074 0.0143897 0.00287706 0.000339888 2.3684e-05 9.73083e-07 2.35717e-08 3.36644e-10 2.83459e-12 1.40717e-14 4.11854e-17
 1.67737e-11 1.82142e-09 1.16609e-07 4.40141e-06 9.7947e-05 0.0012851 0.00994178 0.045367 0.122358 0.197022 0.198729 0.150568 0.117056 0.0890825 0.0485092 0.0163047 0.00326139 0.000385326 2.68506e-05 1.10319e-06 2.67234e-08 3.81656e-10 3.21359e-12 1.59532e-14 4.66922e-17
#obs catch len freq
 1.50246e-11 1.45157e-09 8.26819e-08 2.77666e-06 5.49766e-05 0.000641799 0.00441882 0.0179701 0.0435147 0.0654117 0.072801 0.0863041 0.112901 0.127595 0.124999 0.112771 0.0904112 0.0637506 0.0401631 0.0220463 0.00990609 0.00337715 0.000814013 0.000131366 1.36658e-05
 1.7916e-11 1.66951e-09 9.17223e-08 2.97099e-06 5.67378e-05 0.000638878 0.00424322 0.0166554 0.039044 0.0576539 0.0662139 0.0846198 0.114905 0.132851 0.134115 0.121716 0.0948476 0.0638079 0.0379731 0.0194541 0.00805245 0.00250853 0.000551321 8.12062e-05 7.72445e-06
 1.33527e-12 1.19806e-10 6.33775e-09 1.97682e-07 3.63698e-06 3.95501e-05 0.000257004 0.00105438 0.00337476 0.0117486 0.0399745 0.0968655 0.152834 0.16972 0.156927 0.133492 0.101202 0.0667265 0.0381105 0.0182746 0.00696334 0.00197835 0.000394835 5.27713e-05 4.5604e-06
 1.58894e-11 1.37046e-09 6.9689e-08 2.0893e-06 3.69301e-05 0.000384875 0.00236544 0.00858345 0.0185068 0.0245533 0.0240006 0.0299892 0.0614726 0.12625 0.191135 0.198222 0.148011 0.0891366 0.046789 0.0208899 0.00736555 0.00191376 0.000346717 4.19499e-05 3.28142e-06
 6.26767e-11 5.18854e-09 2.53235e-07 7.28689e-06 0.000123628 0.00123684 0.00730323 0.0255698 0.0543793 0.0784898 0.104863 0.154864 0.187666 0.150937 0.0856312 0.0506405 0.0403475 0.0302311 0.0172343 0.00740122 0.00240115 0.000568957 9.37033e-05 1.02765e-05 7.27435e-07
 1.57835e-10 1.25225e-08 5.85756e-07 1.61541e-05 0.00026266 0.00251815 0.0142402 0.0475981 0.0950723 0.119857 0.117865 0.127793 0.143277 0.130559 0.0964043 0.0588329 0.028026 0.010985 0.00432719 0.00169499 0.000532254 0.000118436 1.78643e-05 1.77773e-06 1.13933e-07
 2.71284e-10 2.05999e-08 9.2224e-07 2.43424e-05 0.000378813 0.00347581 0.0188097 0.0601288 0.114488 0.135436 0.118781 0.111472 0.118367 0.113322 0.0934531 0.0633217 0.0321133 0.0119053 0.00342992 0.000854571 0.000194484 3.69409e-05 5.0898e-06 4.66398e-07 2.73306e-08
 3.21763e-10 2.33546e-08 9.99414e-07 2.52151e-05 0.000375079 0.00328988 0.0170242 0.0521251 0.0958751 0.114016 0.113131 0.127541 0.14084 0.126201 0.0957879 0.0626431 0.032816 0.0131831 0.00401987 0.000921416 0.000159733 2.14707e-05 2.2337e-06 1.70046e-07 8.79673e-09
 5.68904e-10 3.94225e-08 1.6106e-06 3.87946e-05 0.000550938 0.00461334 0.0227876 0.0665505 0.116304 0.129075 0.113911 0.113709 0.121376 0.113578 0.0914124 0.0600669 0.030084 0.0115228 0.0034631 0.000800983 0.000135744 1.62529e-05 1.35656e-06 7.87805e-08 3.16004e-09
 8.75241e-10 5.78377e-08 2.25337e-06 5.17601e-05 0.000700982 0.00559772 0.0263719 0.0735073 0.123018 0.13273 0.118569 0.120873 0.124597 0.108411 0.0806028 0.0496473 0.023623 0.00860955 0.00245102 0.000538649 8.7688e-05 1.01054e-05 7.93927e-07 4.1408e-08 1.41145e-09
 1.31595e-09 8.28398e-08 3.07453e-06 6.7276e-05 0.000867943 0.00660274 0.0296366 0.0787435 0.125944 0.131362 0.116888 0.120453 0.124624 0.109718 0.0809977 0.0467259 0.0195712 0.00602184 0.00144777 0.000278831 4.12996e-05 4.42462e-06 3.26304e-07 1.59902e-08 5.07747e-10
 2.32571e-09 1.3933e-07 4.9212e-06 0.00010248 0.00125822 0.00910897 0.0389057 0.0983167 0.149178 0.145897 0.118186 0.110727 0.108855 0.093706 0.0676914 0.0376803 0.0150056 0.00428669 0.00091776 0.000151129 1.89295e-05 1.74675e-06 1.14126e-07 5.07075e-09 1.48058e-10
 3.02045e-09 1.72047e-07 5.77782e-06 0.000114399 0.00133548 0.00919373 0.03736 0.090068 0.132146 0.132243 0.123504 0.131225 0.126903 0.10001 0.065497 0.0336487 0.0125657 0.00338575 0.000679285 0.000102663 1.14501e-05 9.15523e-07 5.11756e-08 1.95319e-09 4.97039e-11
 4.54867e-09 2.46137e-07 7.85253e-06 0.000147701 0.00163802 0.0107126 0.0413576 0.0947486 0.132254 0.126544 0.114715 0.12166 0.123138 0.105806 0.0733934 0.0371681 0.0129297 0.00313628 0.000559086 7.55558e-05 7.61202e-06 5.49599e-07 2.74382e-08 9.21964e-10 2.04285e-11
 6.07257e-09 3.11921e-07 9.4462e-06 0.000168661 0.00177558 0.0110248 0.0404381 0.0883296 0.119566 0.118055 0.120019 0.134929 0.133226 0.109075 0.0722815 0.0354283 0.0121455 0.00293875 0.000516355 6.62475e-05 6.09816e-06 3.94258e-07 1.75545e-08 5.27039e-10 1.04375e-11
 7.91162e-09 3.85491e-07 1.1074e-05 0.00018756 0.00187309 0.0110343 0.0384261 0.079976 0.104877 0.105965 0.116659 0.138512 0.143433 0.123108 0.081981 0.0384621 0.0122586 0.00273048 0.000445503 5.40348e-05 4.74426e-06 2.90181e-07 1.19947e-08 3.28037e-10 5.84399e-12
 1.43169e-08 6.6132e-07 1.801e-05 0.000289174 0.00273768 0.0152876 0.050446 0.0992869 0.121968 0.112101 0.110592 0.124501 0.128989 0.111909 0.0740299 0.0341984 0.0108074 0.00240326 0.000386983 4.50761e-05 3.71603e-06 2.1174e-07 8.16228e-09 2.08408e-10 3.45492e-12
 2.20945e-08 9.67015e-07 2.4953e-05 0.000379631 0.00340558 0.018023 0.0564094 0.105735 0.125952 0.118296 0.122209 0.132656 0.124079 0.096603 0.0592608 0.0263968 0.00832508 0.00189158 0.000312225 3.67245e-05 2.98999e-06 1.64519e-07 6.00669e-09 1.4328e-10 2.20271e-12
 2.8216e-08 1.16964e-06 2.85855e-05 0.000411904 0.00349998 0.01755 0.0521287 0.0934515 0.110073 0.111272 0.127612 0.143881 0.136205 0.105619 0.06249 0.026162 0.00768315 0.00163947 0.000259769 2.99716e-05 2.4188e-06 1.31684e-07 4.71027e-09 1.08629e-10 1.59317e-12
 5.24903e-08 2.06013e-06 4.76706e-05 0.000650365 0.00523197 0.0248329 0.0697449 0.117602 0.127379 0.112377 0.11342 0.123896 0.120721 0.096024 0.0565675 0.0232163 0.0066687 0.00138405 0.000210222 2.29642e-05 1.7524e-06 9.08462e-08 3.11968e-09 6.93969e-11 9.81873e-13
 7.72065e-08 2.86832e-06 6.28265e-05 0.000811364 0.00617909 0.027775 0.0740168 0.119489 0.128524 0.121808 0.130166 0.132978 0.113202 0.0792916 0.04295 0.0168519 0.00475027 0.000977785 0.00014641 1.55311e-05 1.13306e-06 5.54917e-08 1.78845e-09 3.72843e-11 4.95397e-13
 1.09152e-07 3.83793e-06 7.95622e-05 0.000972475 0.00700986 0.0298315 0.0753581 0.115995 0.121705 0.117802 0.129969 0.136097 0.119349 0.0835101 0.0427127 0.0150946 0.00373223 0.000676528 9.20202e-05 9.16434e-06 6.3837e-07 2.9901e-08 9.16171e-10 1.80176e-11 2.24338e-13
 1.67445e-07 5.57185e-06 0.000109313 0.00126448 0.00862632 0.0347504 0.0831727 0.121796 0.123398 0.118238 0.1289 0.132202 0.113758 0.0777769 0.0387403 0.0133864 0.00323638 0.00056231 7.0753e-05 6.35065e-06 3.97463e-07 1.69389e-08 4.79616e-10 8.81134e-12 1.0297e-13
 2.62903e-07 8.27913e-06 0.000153716 0.00168277 0.0108649 0.0414316 0.0939579 0.130903 0.127978 0.120684 0.128321 0.126469 0.104096 0.067774 0.0321087 0.0106136 0.00247914 0.000418944 5.10777e-05 4.37639e-06 2.56024e-07 1.00002e-08 2.56339e-10 4.24995e-12 4.49886e-14
 3.5369e-07 1.05413e-05 0.000185232 0.00191922 0.0117301 0.0423776 0.0913967 0.123167 0.123097 0.126041 0.138289 0.132388 0.104016 0.0644548 0.0291594 0.00927827 0.0021024 0.000345192 4.07045e-05 3.35187e-06 1.87238e-07 6.92875e-09 1.66616e-10 2.56346e-12 2.49277e-14
 4.89614e-07 1.38118e-05 0.000229718 0.00225289 0.0130348 0.0446055 0.0913715 0.11832 0.117712 0.124272 0.139326 0.136251 0.108572 0.0657968 0.0280397 0.0082135 0.00169975 0.000256609 2.82299e-05 2.1944e-06 1.16262e-07 4.07845e-09 9.26959e-11 1.34272e-12 1.224e-14
 6.31795e-07 1.68712e-05 0.000265627 0.00246616 0.013512 0.0438455 0.0857016 0.108655 0.113071 0.128679 0.146558 0.141215 0.110684 0.0663299 0.0283796 0.00850781 0.00180737 0.000272962 2.88847e-05 2.09897e-06 1.02861e-07 3.34056e-09 7.06042e-11 9.5452e-13 8.13437e-15
 1.0286e-06 2.60042e-05 0.000387611 0.00340696 0.0176711 0.0542672 0.100237 0.119352 0.115124 0.122664 0.136802 0.133019 0.104031 0.0601857 0.024322 0.00687426 0.00139752 0.000206133 2.15352e-05 1.53741e-06 7.28143e-08 2.24141e-09 4.42061e-11 5.52593e-13 4.33922e-15
 1.45943e-06 3.49356e-05 0.000493076 0.00410404 0.0201645 0.0587548 0.103721 0.121364 0.121924 0.134668 0.143533 0.127516 0.090856 0.0485661 0.018351 0.00487406 0.000931015 0.000128964 1.27024e-05 8.61606e-07 3.90552e-08 1.1541e-09 2.18004e-11 2.59308e-13 1.92094e-15
#spawning biomass
 9288.03 7090.33 5840.94 5397.57 8431.77 14079.7 18450.3 24464.6 31823.2 42731.3 58053.7 77141.4 90495.7 110247 114400 110270 100227 88463.4 85099.4 91586.3 96682.4 104761 96525.1 108905 128059 135075 119507 109826 106046 98925.6 257662 402223 542842 669411 777706 867286 939715 997394 1.04289e+06 1.07858e+06 1.10654e+06 1.12848e+06 1.14575e+06 1.15764e+06 1.16103e+06 1.16421e+06 1.16719e+06 1.16999e+06 1.17262e+06 1.17508e+06 1.17739e+06 1.17956e+06 1.1816e+06 1.18351e+06 1.1853e+06 1.18699e+06 1.18856e+06 1.19005e+06 1.19144e+06 1.19274e+06 1.19397e+06 1.19512e+06 1.19619e+06 1.19721e+06 1.19815e+06 1.19905e+06 1.19988e+06 1.20067e+06 1.2014e+06 1.20209e+06 1.20274e+06 1.20335e+06 1.20392e+06 1.20446e+06 1.20496e+06 1.20543e+06 1.20587e+06 1.20629e+06 1.20668e+06 1.20704e+06 1.20739e+06 1.20771e+06 1.20801e+06 1.2083e+06 1.20856e+06 1.20881e+06 1.20905e+06 1.20927e+06 1.20947e+06 1.20967e+06 1.20985e+06 1.21002e+06 1.21018e+06 1.21033e+06 1.21047e+06 1.2106e+06 1.21073e+06 1.21084e+06 1.21095e+06 1.21105e+06 1.21115e+06 1.21124e+06 1.21132e+06 1.2114e+06 1.21148e+06 1.21155e+06 1.21161e+06 1.21168e+06 1.21173e+06 1.21179e+06 1.21184e+06 1.21189e+06 1.21193e+06 1.21197e+06 1.21201e+06 1.21205e+06 1.21209e+06 1.21212e+06 1.21215e+06 1.21218e+06 1.2122e+06 1.21223e+06 1.21225e+06 1.21228e+06 1.2123e+06 1.21232e+06 1.21234e+06 1.21235e+06 1.21237e+06 0 0 0 0 0 0 0 0 0 0 0 0 0 0 0 0 0 0 0 0 0 0 0 0 0
