SBPRF35
31.5389
Curr Bio
131.843
B35
48429
F35
0.351899
FOFL
0.230077
OFL
4618.79
Bzero
9.01112e+006
#pred survey bio
 855.793 650.302 554.973 556.772 613.595 418.319 389.722 357.012 334.487 279.406 309.869 288.603 294.621 309.97 326.715 341.215 350.358 351.042 347.277 344.555 335.881 328.768 324.498 325.392 319.197 314.854 319.842 314.799 317.971 315.653 315.446 311.817 318.674 323.626 323.862 321.213 318.232 308.898 299.573 297.218 294.013 306.14 296.494 303.216 308.319 309.236 301.99 243.387 288.044 260.151 243.968 262.16 298.023 303.628 323.961 323.989 262.959 229.897 225.308 233.964 223.126 214.297 207.838 216.84 220.039 216.568 221.769 229.557 240.075 257.013 283.151 351.48 447.527 311.256 415.401 318.775 420.04 539.134 359.822 413.017 353.042 469.703 379.464 448.163 382.633 459.056 360.004 415.784 385.968 381.821 391.512 423.616 575.817 749.781 324.438 325.359 44.1607 29.2257 256.101 66.4922 74.7161 115.881 95.7369 76.9579 157.21 93.9516 131.766 1.13756e+006 872905 1.97706e+007 3.78362e+007 4.99901e+007 5.78124e+007 6.2782e+007 6.59373e+007 6.79777e+007 6.93214e+007 7.02221e+007 7.08395e+007 7.12727e+007 7.1584e+007 7.18127e+007 7.1984e+007 7.21146e+007 7.22156e+007 7.22947e+007 7.23571e+007 7.24067e+007 7.24464e+007 7.24783e+007 7.2504e+007 7.25247e+007 7.25415e+007 7.25551e+007 7.25662e+007 7.25751e+007 7.25824e+007 7.25883e+007 7.25931e+007 7.2597e+007 7.26002e+007 7.26027e+007 7.26048e+007 7.26065e+007 7.26079e+007 7.2609e+007 7.26099e+007 7.26107e+007 7.26113e+007 7.26118e+007 7.26122e+007 7.26125e+007 7.26128e+007 7.2613e+007 7.26132e+007 7.26133e+007 7.26134e+007 7.26135e+007 7.26136e+007 7.26137e+007 7.26137e+007 7.26137e+007 7.26138e+007 7.26138e+007 7.26138e+007 7.26138e+007 7.26139e+007 7.26139e+007 7.26139e+007 7.26139e+007 7.26139e+007 7.26139e+007 7.26139e+007 7.26139e+007 7.26139e+007 7.26139e+007 7.26139e+007 7.26139e+007 7.26139e+007 7.26139e+007 7.26139e+007 7.26139e+007 7.26139e+007 7.26139e+007 7.26139e+007 7.26139e+007 7.26139e+007 7.26139e+007 7.26139e+007 7.26139e+007 7.26139e+007 7.26139e+007 7.26139e+007 7.26139e+007 7.26139e+007 7.26139e+007 7.26139e+007 7.26139e+007 7.26139e+007 7.26139e+007 7.26139e+007 7.26139e+007 7.26139e+007 7.26139e+007 7.26139e+007 7.26139e+007 7.26139e+007 0 0 0 0 0 0 0 0 0 0 0 0 0 0 0 0 0 0 0 0 0 0 0 0 0
#obs survey bio
 1442 859.351 768.376 436.024 585.366 389.796 309.943 604.839 410.964 523.762 456.03 305.303 508.545 379.637 467.62 511.285 424.096 432.949 389.024 400.746 675.256 403.921 429.883 346.539 435.589 351.18 417.364 573.622 576.072 309.735 299.073 355.257 484.834 465.793 454.477 411.508 392.368 291.564 357.872 381.324 541.124 353.915 311.802 297.71 420.129 421.616 312.526 290.797 280.576 264.53 287.928 199.484 318.243 263.024 258.041 241.13 221.888 247.55 244.66 258.417 209.34 250.505 202.294 245.199 165.726 190.397 231.063 201.036 236.42 201.631 204.166 304.309 170.983 186.149 191.371 158.914 228.833 231.052 224.487 169.294 237.168 225.385 247.919 181.715 193.386 245.178 193.381 177.141 279.712 272.862 183.556 234.961 173.155 224.894 195.03 210.245 233.284 237.484 426.771 37.3854 90.7088 125.955 71.2896 132.682 158.19 70.3148 92.6348
#pred catch bio
 256.645 130.618 96.2394 96.0562 104.387 80.1093 61.7934 61.1755 62.5126 47.8132 53.4186 50.5507 48.3419 53.5005 56.6665 60.3555 67.0445 64.3172 63.263 63.7807 59.4536 57.8615 55.4543 60.877 58.0765 55.4996 62.2853 55.3817 56.1041 57.4887 60.0147 53.0737 54.2513 59.1689 58.6813 56.0533 59.6565 59.6209 53.9252 55.519 52.6449 68.9729 64.4433 68.1794 71.5262 76.6419 81.4389 63.4864 93.4322 89.4941 80.0544 84.5634 93.0636 96.6508 94.5937 124.05 109.549 89.4809 84.0094 95.1643 90.496 89.0055 83.1299 88.4931 90.428 90.1548 94.4659 96.7187 100.438 107.551 101.894 103.22 127.269 112.925 131.288 126.332 144.887 168.279 157.835 145.988 136.256 165.602 154.045 174.95 161.105 163.741 158.031 184.001 167.791 157.845 156.969 186.473 165.035 115.687 119.106 248 0.00204482 0.00318065 254.683 32.9576 27.9087 68.3557 7.10326 23.8501 112.265 53.6009 58.5131 4618.79 9439.48 182276 391211 522459 605471 655991 686153 704168 714905 721286 725074 727319 728649 729438 729905 730182 730346 730444 730502 730536 730556 730569 730576 730580 730582 730584 730585 730585 730586 730586 730586 730586 730586 730586 730586 730586 730586 730586 730586 730586 730586 730586 730586 730586 730586 730586 730586 730586 730586 730586 730586 730586 730586 730586 730586 730586 730586 730586 730586 730586 730586 730586 730586 730586 730586 730586 730586 730586 730586 730586 730586 730586 730586 730586 730586 730586 730586 730586 730586 730586 730586 730586 730586 730586 730586 730586 730586 730586 730586 730586 730586 730586 730586 730586 730586 730586 730586 730586 730586 0 0 0 0 0 0 0 0 0 0 0 0 0 0 0 0 0 0 0 0 0 0 0 0 0
#obs catch bio
 0 163.502 128.338 110.916 98.9696 91.9811 67.4623 70.6905 76.4755 65.6944 66.8411 65.7632 60.8872 64.9962 66.0376 67.5192 73.0828 68.2298 66.5622 66.9855 62.5721 61.6529 59.896 67.1478 65.3544 63.8618 72.7646 64.8108 65.1853 66.7044 69.3855 60.3842 60.868 66.251 65.7061 62.866 67.7362 68.9224 62.6736 65.0031 62.1677 81.9233 77.3111 81.6335 85.7367 88.9283 93.4207 90.4461 101.521 99.0781 95.5334 94.8116 89.4527 93.7391 89.0701 92.7124 98.59 95.5754 92.9967 107.145 105.123 108.654 97.9791 101.643 103.44 108.892 112.521 107.81 108.434 116.871 115.193 118.409 131.93 119.252 151.913 141.599 147.617 177.517 174.374 154.146 161.582 173.878 175.433 184.208 185.312 180.673 185.104 181.86 180.688 175.793 176.122 185.152 192.868 188.907 180.824 168.663 0.00183574 0.00241673 384.229 19.187 31.3798 84.4802 7.7593 22.3352 125.479 67.6958 74.7808
#pred cpue bio
 815.503 592.463 494.674 488.594 539.709 377.75 337.064 304.637 283.805 233.757 255.143 240.292 241.773 253.721 268.907 283.048 293.421 295.437 291.756 290.788 281.943 274.766 269.691 271.038 264.146 259.601 264.988 260.052 264.504 263.694 264.703 258.856 264.058 268.463 269.288 267.474 266.508 258.424 249.049 244.609 237.485 249.722 239.716 241.599 244.769 245.998 239.585 189.995 224.05 200.718 178.341 186.579 214.085 221.39 246.051 259.148 203.468 161.975 154.839 162.254 153.721 147.04 142.791 146.124 149.983 148.244 152.306 159.146 165.87 175.25 187.902 237.39 329.45 233.855 311.302 245.565 317.74 428.645 291.155 325.851 273.277 370.223 299.801 354.727 299.973 364.268 288.668 331.743 306.519 300.797 313.414 330.238 450.583 609.044 255.532 223.945 0.626893 23.5887 227.039 46.4512 49.2205 89.5034 64.8789 52.9224 128.822 69.3068 87.5399 844756 728306 1.36869e+007 3.0235e+007 4.08792e+007 4.78886e+007 5.23715e+007 5.5221e+007 5.70629e+007 5.82738e+007 5.90853e+007 5.96414e+007 6.0031e+007 6.03107e+007 6.05159e+007 6.06694e+007 6.07865e+007 6.0877e+007 6.09478e+007 6.10037e+007 6.10482e+007 6.10838e+007 6.11123e+007 6.11354e+007 6.1154e+007 6.1169e+007 6.11812e+007 6.11911e+007 6.11991e+007 6.12056e+007 6.12109e+007 6.12152e+007 6.12187e+007 6.12215e+007 6.12239e+007 6.12257e+007 6.12273e+007 6.12285e+007 6.12295e+007 6.12303e+007 6.1231e+007 6.12315e+007 6.1232e+007 6.12323e+007 6.12326e+007 6.12329e+007 6.1233e+007 6.12332e+007 6.12333e+007 6.12334e+007 6.12335e+007 6.12336e+007 6.12336e+007 6.12337e+007 6.12337e+007 6.12338e+007 6.12338e+007 6.12338e+007 6.12338e+007 6.12338e+007 6.12338e+007 6.12338e+007 6.12339e+007 6.12339e+007 6.12339e+007 6.12339e+007 6.12339e+007 6.12339e+007 6.12339e+007 6.12339e+007 6.12339e+007 6.12339e+007 6.12339e+007 6.12339e+007 6.12339e+007 6.12339e+007 6.12339e+007 6.12339e+007 6.12339e+007 6.12339e+007 6.12339e+007 6.12339e+007 6.12339e+007 6.12339e+007 6.12339e+007 6.12339e+007 6.12339e+007 6.12339e+007 6.12339e+007 6.12339e+007 6.12339e+007 6.12339e+007 6.12339e+007 6.12339e+007 6.12339e+007 6.12339e+007 6.12339e+007 6.12339e+007 6.12339e+007 6.12339e+007 0 0 0 0 0 0 0 0 0 0 0 0 0 0 0 0 0 0 0 0 0 0 0 0 0
#obs cpue bio
 553.674 747.177 508.406 420.597 267.769 467.655 309.198 281.22 296.525 235.602 271.059 345.503 326.315 254.348 358.822 351.115 251.018 374.958 225.801 349.863 253.488 247.202 291.502 295.261 252.226 298.168 254.877 283.518 349.802 286.096 328.578 299.496 327.7 221.321 272.426 332.489 314.974 258.922 363.128 263.326 217.709 295.054 357.529 212.331 224.357 211.439 238.108 183.13 182.617 235.876 184.029 156.245 168.314 132.972 166.031 160.863 165.283 117.498 157.159 139.178 143.745 120.819 185.821 90.365 159.802 155.378 143.419 154.815 143.445 131.034 125.838 127.585 139.216 120.465 141.261 192.025 251.913 241.578 140.721 161.528 157.143 298.16 200.345 208.172 199.89 350.578 207.898 195.144 180.227 165.888 343.724 122.794 217.718 211.972 260.094 226.59 175.323 432.749 335.798 19.0954 54.4477 76.5887 63.6377 99.8636 184.019 71.0911 69.1694
#pred surv len freq
 2.29956e-025 2.07919e-019 2.58771e-014 4.39349e-010 1.01759e-006 0.000321519 0.0138583 0.0814866 0.0653796 0.00930365 0.0383551 0.0928279 0.035586 0.0533953 0.0779575 0.0499999 0.0704048 0.0588159 0.0610765 0.0576294 0.0587259 0.0688932 0.0696156 0.0329404 0.00342596
 2.82446e-025 2.55896e-019 3.18482e-014 5.40729e-010 1.2524e-006 0.00039571 0.0170561 0.10029 0.0804457 0.00882399 0.00274559 0.0437514 0.100212 0.0441746 0.0722185 0.0656691 0.0661515 0.064857 0.0651447 0.0622319 0.0604018 0.0671837 0.0596515 0.0176103 0.000984307
 2.97736e-025 2.69871e-019 3.35874e-014 5.70258e-010 1.32079e-006 0.000417319 0.0179876 0.105766 0.0848389 0.00939116 0.00779742 0.0742467 0.0982373 0.0220347 0.051186 0.0888804 0.0687001 0.0689087 0.0668676 0.0649965 0.0631526 0.0647273 0.0368372 0.00491637 0.00010855
 3.02787e-025 2.74488e-019 3.4162e-014 5.80014e-010 1.34339e-006 0.000424459 0.0182953 0.107576 0.0862902 0.00944635 0.00104369 0.0268719 0.109122 0.0615657 0.0323103 0.094102 0.05705 0.0678106 0.0756126 0.0691501 0.0663638 0.0643493 0.0438214 0.00850492 0.000287682
 2.7105e-025 2.4548e-019 3.05519e-014 5.18719e-010 1.20142e-006 0.000379603 0.0163619 0.0962075 0.0771712 0.0084444 0.000148779 0.0028878 0.0500528 0.118363 0.0389037 0.0240983 0.0954125 0.0708926 0.0736678 0.069945 0.0745475 0.0718858 0.0658718 0.0385792 0.00617785
 2.90889e-025 2.63611e-019 3.28083e-014 5.5703e-010 1.29015e-006 0.000407639 0.0175703 0.103314 0.0830826 0.0203603 0.082237 0.0814346 0.0115783 0.0198682 0.094302 0.0684178 0.0611379 0.0814744 0.0744134 0.0745855 0.0709864 0.0452539 0.00922253 0.000350278 2.04125e-006
 3.40428e-025 3.08892e-019 3.84439e-014 6.52712e-010 1.51176e-006 0.00047766 0.0205884 0.121059 0.0971057 0.0106554 0.0034987 0.0512783 0.108991 0.0630633 0.0882179 0.0375153 0.0517575 0.0731349 0.0686847 0.07345 0.0701598 0.048323 0.0114902 0.000543038 4.05593e-006
 3.43588e-025 3.11778e-019 3.88032e-014 6.58812e-010 1.52589e-006 0.000482124 0.0207808 0.122191 0.0980141 0.011041 0.0154308 0.100684 0.0907233 0.0202617 0.0700385 0.0937601 0.0715038 0.0489667 0.0646219 0.0688112 0.0644333 0.0333963 0.00473657 0.000121256 4.77427e-007
 3.38947e-025 3.07537e-019 3.82752e-014 6.49849e-010 1.50513e-006 0.000475565 0.0204981 0.120528 0.0966806 0.0108944 0.0155384 0.102345 0.0936186 0.0339969 0.0960288 0.066131 0.0657159 0.0765146 0.0565002 0.0618673 0.0569155 0.0234069 0.00230367 3.90398e-005 1.00326e-007
 3.44238e-025 3.12371e-019 3.88769e-014 6.60065e-010 1.52879e-006 0.000483041 0.0208203 0.122423 0.0982531 0.0158759 0.0671743 0.119554 0.0378717 0.0753465 0.0928791 0.0683694 0.0701729 0.0658671 0.0589894 0.0538945 0.028161 0.0037721 9.03016e-005 3.33792e-007 1.79419e-010
 3.42484e-025 3.1077e-019 3.86776e-014 6.56681e-010 1.52096e-006 0.000480564 0.0207136 0.121795 0.0976961 0.0107267 0.00416355 0.0600029 0.123526 0.0594328 0.10085 0.0741087 0.0787256 0.0720351 0.064223 0.0572612 0.0414619 0.0120601 0.000728455 7.17082e-006 1.05242e-008
 3.50185e-025 3.17808e-019 3.95536e-014 6.71553e-010 1.5554e-006 0.000491448 0.0211827 0.124554 0.0999152 0.0121945 0.0336667 0.121338 0.0607543 0.0281669 0.100488 0.0908832 0.0831717 0.0717687 0.0646442 0.0528561 0.0288311 0.00493176 0.000159221 8.03978e-007 5.94116e-010
 3.58866e-025 3.25742e-019 4.05411e-014 6.88319e-010 1.59423e-006 0.000503717 0.0217116 0.127663 0.102404 0.0114801 0.0143471 0.0998512 0.0974258 0.0459516 0.100545 0.0592555 0.0779172 0.0821579 0.0681708 0.0547256 0.0300296 0.00564528 0.000212487 1.27974e-006 1.13529e-009
 3.56284e-025 3.23383e-019 4.02474e-014 6.83333e-010 1.58269e-006 0.000500069 0.0215543 0.126739 0.101662 0.0112781 0.0102127 0.0894765 0.109038 0.0325485 0.0874723 0.0878038 0.0760777 0.06829 0.0730494 0.0606343 0.0351975 0.00805606 0.000405076 3.40388e-006 4.29473e-009
 3.5102e-025 3.18572e-019 3.96486e-014 6.73167e-010 1.55914e-006 0.000492629 0.0212336 0.124853 0.100149 0.0110494 0.00740264 0.0788264 0.11723 0.0324521 0.0752972 0.0941496 0.0688851 0.0799201 0.0683283 0.0635016 0.0430167 0.0123295 0.000870995 1.08951e-005 2.1034e-008
 3.4391e-025 3.12073e-019 3.88399e-014 6.59436e-010 1.52734e-006 0.00048258 0.0208005 0.122306 0.098106 0.0107974 0.00584736 0.0709252 0.12073 0.0336253 0.0640238 0.100709 0.0645384 0.080363 0.0717567 0.0654074 0.0495003 0.018273 0.00177382 3.22024e-005 9.29241e-008
 3.3745e-025 3.06169e-019 3.8105e-014 6.4696e-010 1.49844e-006 0.00047345 0.020407 0.119992 0.0962499 0.0105778 0.00480971 0.0645335 0.122148 0.0354844 0.0554309 0.103949 0.0617247 0.0809439 0.0716961 0.0684166 0.0548943 0.0248937 0.00328899 8.41579e-005 3.50129e-007
 3.41149e-025 3.0955e-019 3.85257e-014 6.54102e-010 1.51498e-006 0.000478678 0.0206323 0.121317 0.0973125 0.0106827 0.00401351 0.0588921 0.122768 0.0377743 0.0480046 0.104821 0.0600002 0.0789389 0.0703975 0.0686235 0.0585349 0.0311964 0.00541716 0.000191545 1.11806e-006
 3.41723e-025 3.10075e-019 3.85911e-014 6.55212e-010 1.51755e-006 0.00047949 0.0206673 0.121523 0.0974777 0.0107075 0.00449012 0.0622753 0.122179 0.0354844 0.0468204 0.102942 0.058066 0.0778909 0.0691977 0.068005 0.0598386 0.0347403 0.00692305 0.000289435 2.01903e-006
 3.42881e-025 3.11133e-019 3.87228e-014 6.57448e-010 1.52273e-006 0.000481126 0.0207378 0.121938 0.0978103 0.0107425 0.00439604 0.061587 0.122165 0.0360227 0.0483533 0.10308 0.0563367 0.076145 0.0676272 0.0669435 0.0599307 0.0370862 0.00822181 0.000391381 3.14649e-006
 3.47877e-025 3.15699e-019 3.92911e-014 6.67097e-010 1.54508e-006 0.000488187 0.0210421 0.123727 0.0992458 0.0109137 0.00531541 0.0673139 0.119979 0.0327098 0.0518681 0.101181 0.0562522 0.0760876 0.0655 0.0649592 0.0584724 0.0364456 0.00810903 0.000385087 3.07902e-006
 3.54494e-025 3.21747e-019 4.00438e-014 6.79877e-010 1.57468e-006 0.000497539 0.0214453 0.126098 0.101147 0.0111357 0.00613821 0.0717794 0.117723 0.0309916 0.0580894 0.0979769 0.055459 0.0755804 0.0648611 0.0630124 0.0562352 0.0342642 0.00724162 0.000320829 2.37294e-006
 3.55162e-025 3.22358e-019 4.01198e-014 6.81167e-010 1.57767e-006 0.000498484 0.021486 0.126337 0.101339 0.0111748 0.00714388 0.0773374 0.116995 0.030042 0.0639562 0.0952416 0.0570985 0.0745274 0.0639481 0.0616561 0.0537987 0.0311648 0.00601423 0.000237289 1.54528e-006
 3.54085e-025 3.21373e-019 3.99973e-014 6.79086e-010 1.57285e-006 0.000496961 0.0214203 0.125951 0.10103 0.0111452 0.00735373 0.0782146 0.116181 0.0303083 0.0681093 0.0950264 0.0591173 0.0746595 0.0641519 0.0607387 0.0520882 0.0286967 0.00512466 0.000184091 1.08305e-006
 3.57965e-025 3.24919e-019 4.04386e-014 6.86579e-010 1.5902e-006 0.000502444 0.0216567 0.127341 0.102144 0.011307 0.00922355 0.0860868 0.111763 0.0283926 0.0744726 0.0914917 0.0615761 0.0737858 0.0638012 0.0590931 0.0489876 0.024517 0.00374392 0.000111693 5.38532e-007
 3.555e-025 3.22666e-019 4.01581e-014 6.81818e-010 1.57918e-006 0.00049896 0.0215065 0.126458 0.101436 0.0112863 0.011519 0.0941561 0.106768 0.028769 0.0843287 0.085447 0.0649552 0.0728757 0.0641401 0.057897 0.045602 0.0198537 0.0024446 5.68303e-005 2.10607e-007
 3.49643e-025 3.17313e-019 3.94919e-014 6.70506e-010 1.55298e-006 0.000490682 0.0211497 0.12436 0.0997532 0.0110539 0.0095951 0.0876078 0.11124 0.0313005 0.0846555 0.0878495 0.0675459 0.0739142 0.0654307 0.0585717 0.0448098 0.0184964 0.00212784 4.59509e-005 1.57835e-007
 3.47393e-025 3.15256e-019 3.92359e-014 6.6616e-010 1.54291e-006 0.000487502 0.0210126 0.123554 0.0991068 0.0110192 0.0110443 0.0925366 0.107585 0.0293591 0.0854808 0.0887886 0.069826 0.0745293 0.0660949 0.0584185 0.043144 0.0163156 0.00166463 3.14772e-005 9.42059e-008
 3.42652e-025 3.10923e-019 3.86967e-014 6.57005e-010 1.52171e-006 0.000480802 0.0207238 0.121856 0.0977446 0.0108327 0.00948414 0.0864865 0.109658 0.0307669 0.0843235 0.0889598 0.0694955 0.0779225 0.0687563 0.060441 0.044068 0.0163344 0.00163386 3.03857e-005 8.96207e-008
 3.39777e-025 3.08295e-019 3.83696e-014 6.51451e-010 1.50884e-006 0.000476738 0.0205486 0.120826 0.0969184 0.0107585 0.0101131 0.0881898 0.106796 0.0290599 0.0826427 0.0888287 0.070498 0.077946 0.0709262 0.0629134 0.0449931 0.0160167 0.00151984 2.67293e-005 7.45375e-008
 3.44782e-025 3.1287e-019 3.8939e-014 6.61119e-010 1.53124e-006 0.000483812 0.0208536 0.122619 0.0983566 0.0108717 0.00819905 0.0807839 0.11092 0.0305724 0.0780817 0.0900538 0.0669553 0.0782519 0.0711257 0.0648784 0.0476144 0.0175749 0.00176914 3.34363e-005 1.00846e-007
 3.55239e-025 3.22428e-019 4.01286e-014 6.81316e-010 1.57801e-006 0.000498593 0.0214907 0.126365 0.101361 0.0111953 0.0079945 0.0804499 0.112901 0.0297315 0.0721323 0.0913977 0.0646719 0.0760696 0.069041 0.0646198 0.0490876 0.0189345 0.0020162 4.07411e-005 1.32141e-007
 3.55609e-025 3.22766e-019 4.01706e-014 6.8203e-010 1.57967e-006 0.000499115 0.0215132 0.126497 0.101468 0.0111892 0.00715822 0.0773053 0.116688 0.0310902 0.0686621 0.0933346 0.0616468 0.0761647 0.0679009 0.0641396 0.0509578 0.0212344 0.00249381 5.62601e-005 2.05194e-007
 3.4984e-025 3.17493e-019 3.95144e-014 6.70888e-010 1.55386e-006 0.000490962 0.0211617 0.124431 0.09981 0.0110146 0.00751349 0.0792045 0.116521 0.0302844 0.0686719 0.0953552 0.0616704 0.0759981 0.067139 0.0637278 0.0515839 0.0225561 0.00279739 6.66984e-005 2.57392e-007
 3.47561e-025 3.1541e-019 3.92551e-014 6.66485e-010 1.54366e-006 0.000487739 0.0210229 0.123614 0.0991549 0.0109446 0.00758145 0.0793151 0.115769 0.030363 0.0709071 0.0959871 0.0616079 0.0765432 0.066615 0.0627219 0.0512343 0.0230834 0.00297242 7.34409e-005 2.93137e-007
 3.45065e-025 3.13129e-019 3.89712e-014 6.61665e-010 1.5325e-006 0.000484212 0.0208708 0.12272 0.0984379 0.0108906 0.00871535 0.0837489 0.11198 0.0288945 0.0746781 0.093371 0.0637522 0.0770131 0.067094 0.0623285 0.0501382 0.0220799 0.00273712 6.43705e-005 2.42907e-007
 3.41561e-025 3.09926e-019 3.85726e-014 6.54898e-010 1.51683e-006 0.00047926 0.0206574 0.121465 0.0974312 0.0108112 0.00998709 0.0878806 0.107392 0.0285569 0.0807152 0.0888172 0.0659658 0.0769638 0.0685985 0.0627408 0.0490002 0.0202114 0.00227704 4.7854e-005 1.59974e-007
 3.44219e-025 3.12355e-019 3.8875e-014 6.60031e-010 1.52872e-006 0.000483016 0.0208193 0.122417 0.098195 0.0109242 0.0111246 0.0914126 0.104235 0.0290927 0.085507 0.0849069 0.0681643 0.0749764 0.0685257 0.0624779 0.0471208 0.0178092 0.00177423 3.24223e-005 9.34812e-008
 3.55024e-025 3.22231e-019 4.0104e-014 6.80899e-010 1.57705e-006 0.000498288 0.0214775 0.126287 0.1013 0.0112862 0.0119403 0.0938206 0.10231 0.0297741 0.0880759 0.0818666 0.0693354 0.0729066 0.0669471 0.0608266 0.0445624 0.0154064 0.00135581 2.15825e-005 5.38745e-008
 3.73449e-025 3.39071e-019 4.22e-014 7.16484e-010 1.65947e-006 0.000524329 0.0226 0.132887 0.106594 0.0118772 0.0123619 0.0949813 0.101343 0.0300225 0.0876851 0.0788687 0.0692615 0.0710704 0.0651466 0.0585037 0.0417819 0.0134123 0.001062 1.50444e-005 3.32857e-008
 3.7515e-025 3.40626e-019 4.23934e-014 7.19769e-010 1.66708e-006 0.000526733 0.0227036 0.133496 0.107083 0.0120347 0.0159511 0.106972 0.0994749 0.0314249 0.092567 0.0748298 0.0692039 0.0678176 0.0626032 0.0550934 0.0371092 0.0104155 0.000684084 7.86624e-006 1.40105e-008
 3.70965e-025 3.36801e-019 4.19174e-014 7.11687e-010 1.64836e-006 0.000520818 0.0224486 0.131997 0.10588 0.0117561 0.0110082 0.0940372 0.111723 0.0342901 0.0928272 0.0827379 0.068639 0.0683979 0.0612598 0.0538704 0.0368977 0.0109242 0.000772659 9.645e-006 1.87196e-008
 3.85331e-025 3.49931e-019 4.35516e-014 7.39432e-010 1.71262e-006 0.000541123 0.0233238 0.137143 0.110008 0.0123232 0.0150765 0.105937 0.103191 0.0306271 0.0939258 0.0830318 0.0702658 0.0664264 0.0576455 0.0491016 0.0321438 0.00872898 0.000551218 6.06816e-006 1.03287e-008
 3.95939e-025 3.59627e-019 4.47583e-014 7.59921e-010 1.76007e-006 0.000556116 0.0239701 0.140943 0.113056 0.0125087 0.00980347 0.0916141 0.11932 0.0347056 0.0878577 0.0853108 0.0656029 0.0687758 0.057202 0.0470499 0.0314699 0.00953578 0.000706543 9.31582e-006 1.9151e-008
 3.88996e-025 3.53281e-019 4.39684e-014 7.4651e-010 1.72901e-006 0.000546302 0.0235471 0.138456 0.111061 0.0123298 0.0115712 0.0999082 0.119772 0.0313107 0.0855802 0.0922218 0.066112 0.0666148 0.0561418 0.0456269 0.0294769 0.00901924 0.00069348 9.57874e-006 2.07002e-008
 3.84408e-025 3.49088e-019 4.34466e-014 7.3765e-010 1.70849e-006 0.000539818 0.0232676 0.136813 0.109743 0.0122472 0.013807 0.106088 0.113017 0.0321663 0.0962709 0.0883964 0.066348 0.0679801 0.0547634 0.0435623 0.02685 0.00759269 0.000539263 6.87888e-006 1.37159e-008
 4.0307e-025 3.66145e-019 4.55694e-014 7.73692e-010 1.79197e-006 0.000566194 0.0244045 0.143498 0.115105 0.0129668 0.0178141 0.114036 0.101294 0.0343281 0.103421 0.0791774 0.0699532 0.0634965 0.0523432 0.0396505 0.0223119 0.00532355 0.000305078 3.09681e-006 4.88698e-009
 3.75137e-025 3.40611e-019 4.23916e-014 7.19739e-010 1.66701e-006 0.000526711 0.0227026 0.133492 0.107393 0.0283029 0.119149 0.117119 0.0387972 0.105937 0.0802998 0.0702629 0.0625096 0.0509604 0.037648 0.0201602 0.00449588 0.000239798 2.27081e-006 3.35402e-009 7.28689e-013
 3.89185e-025 3.53454e-019 4.399e-014 7.46876e-010 1.72986e-006 0.00054657 0.0235586 0.138524 0.111115 0.0121846 0.00350386 0.0578334 0.139097 0.0846689 0.124597 0.0763252 0.0739125 0.0585381 0.0469252 0.0322152 0.0141678 0.00220935 7.50907e-005 4.36202e-007 3.8925e-010
 4.36208e-025 3.96432e-019 4.9339e-014 8.37693e-010 1.9402e-006 0.00061303 0.0264232 0.155368 0.124628 0.0141968 0.0230469 0.127172 0.0968272 0.0225622 0.088305 0.108386 0.0790956 0.0539305 0.0405378 0.0265706 0.010793 0.00149819 4.46237e-005 2.26266e-007 1.76163e-010
 4.60755e-025 4.18868e-019 5.21313e-014 8.85101e-010 2.05001e-006 0.000647724 0.0279186 0.164161 0.131679 0.0147048 0.0164434 0.121378 0.124613 0.04146 0.103561 0.0680115 0.0535884 0.0601611 0.0379883 0.0226457 0.00951232 0.00147188 5.1016e-005 3.07657e-007 2.88134e-010
 4.64512e-025 4.22302e-019 5.25587e-014 8.92358e-010 2.06682e-006 0.000653035 0.0281475 0.165507 0.132758 0.0145558 0.0039706 0.0665511 0.161013 0.0583734 0.0674619 0.113027 0.0586357 0.0501403 0.0356866 0.0270663 0.0128724 0.00332527 0.000249243 3.63721e-006 8.67415e-009
 4.72973e-025 4.30037e-019 5.35213e-014 9.08702e-010 2.10467e-006 0.000664995 0.0286631 0.168538 0.13519 0.0147961 0.00104731 0.0297977 0.146548 0.0986765 0.0250576 0.0995022 0.0920636 0.0564443 0.0476857 0.0282882 0.0179321 0.00769415 0.00134672 6.12419e-005 5.16852e-007
 4.51798e-025 4.10682e-019 5.11125e-014 8.67804e-010 2.00994e-006 0.000635066 0.027373 0.160953 0.129105 0.0141678 0.00494014 0.075268 0.163416 0.0491691 0.0269664 0.110997 0.0751631 0.0538026 0.0512477 0.0313097 0.0170176 0.00708792 0.00131436 6.31955e-005 5.84239e-007
 3.88436e-025 3.5277e-019 4.39049e-014 7.45431e-010 1.72651e-006 0.000545512 0.023513 0.138256 0.1109 0.0121428 0.00175464 0.0436469 0.165161 0.08612 0.0340117 0.123769 0.079888 0.0500264 0.0568705 0.037147 0.023658 0.0100282 0.00237744 0.000179505 2.81418e-006
 4.11844e-025 3.74165e-019 4.65676e-014 7.90639e-010 1.83122e-006 0.000578596 0.024939 0.146641 0.117625 0.0128961 0.00347191 0.0586227 0.142941 0.0485107 0.0316223 0.122865 0.0818472 0.0693695 0.0578613 0.0395639 0.0263068 0.0116155 0.00253696 0.000179983 2.75118e-006
 4.82033e-025 4.38317e-019 5.45518e-014 9.26198e-010 2.14519e-006 0.0006778 0.029215 0.171783 0.137793 0.0153221 0.0144779 0.113467 0.123316 0.0248875 0.0670476 0.0930534 0.0433857 0.062752 0.0452439 0.0319108 0.0181246 0.00657478 0.000929754 3.46888e-005 2.55204e-007
 5.10823e-025 4.64631e-019 5.78267e-014 9.81801e-010 2.27398e-006 0.00071849 0.0309688 0.182096 0.146065 0.0160942 0.00941592 0.103333 0.158868 0.0423513 0.0753543 0.0852991 0.0374915 0.0409253 0.0294154 0.0235763 0.0130446 0.00440599 0.000556779 1.71835e-005 1.01483e-007
 5.15299e-025 4.68722e-019 5.83359e-014 9.90446e-010 2.294e-006 0.000724817 0.0312415 0.183699 0.147351 0.0162256 0.00897577 0.102226 0.163279 0.041987 0.070529 0.104593 0.0449563 0.0364741 0.0207451 0.0147707 0.008899 0.00295747 0.000352917 1.00218e-005 5.29593e-008
 5.10189e-025 4.64051e-019 5.77547e-014 9.80577e-010 2.27114e-006 0.000717594 0.0309302 0.181869 0.145883 0.0160286 0.00683905 0.0907896 0.170398 0.0482818 0.0623723 0.109474 0.0476485 0.0441007 0.0236048 0.0120844 0.00636122 0.00230781 0.000298856 9.17483e-006 5.24557e-008
 5.1681e-025 4.70103e-019 5.85078e-014 9.93364e-010 2.30076e-006 0.000726952 0.0313335 0.18424 0.147786 0.0163278 0.0117827 0.116067 0.159313 0.0363544 0.0703731 0.102838 0.0433598 0.0404946 0.0221037 0.0111735 0.00430412 0.00127209 0.000143599 3.66621e-006 1.6871e-008
 5.11512e-025 4.6526e-019 5.79051e-014 9.83131e-010 2.27706e-006 0.000719463 0.0310108 0.182343 0.146263 0.0162468 0.0154505 0.130352 0.152601 0.0362783 0.0880532 0.0904521 0.0399513 0.0372095 0.0193869 0.0096543 0.00327243 0.000692359 5.9211e-005 1.16455e-006 4.03023e-009
 5.29401e-025 4.81611e-019 5.99401e-014 1.01768e-009 2.35708e-006 0.000744748 0.0321006 0.188751 0.151403 0.016756 0.0132076 0.121337 0.155197 0.0391913 0.0879059 0.0891894 0.0410233 0.0340442 0.017376 0.00849268 0.00276185 0.000482823 3.24902e-005 5.45331e-007 1.66816e-009
 5.4329e-025 4.94306e-019 6.152e-014 1.04451e-009 2.41921e-006 0.000764379 0.0329467 0.193726 0.155394 0.017063 0.00646904 0.0891122 0.174353 0.0517699 0.0629861 0.0994047 0.0443772 0.0383831 0.0197319 0.00953591 0.00330428 0.000629686 4.51922e-005 8.7079e-007 3.38831e-009
 5.46421e-025 4.97167e-019 6.18761e-014 1.05055e-009 2.43321e-006 0.000768803 0.0331374 0.194847 0.156294 0.0172004 0.00892284 0.104393 0.17156 0.0427207 0.0571541 0.101339 0.0429781 0.0358731 0.0195558 0.00944931 0.00316444 0.000596868 4.17789e-005 7.58914e-007 2.8147e-009
 5.43009e-025 4.94048e-019 6.1488e-014 1.04396e-009 2.41795e-006 0.00076398 0.0329296 0.193625 0.155314 0.0172657 0.0166373 0.135266 0.152511 0.0331698 0.0782307 0.0868544 0.0359124 0.0338351 0.0169055 0.00792158 0.00244882 0.000386054 2.10674e-005 2.79505e-007 7.21211e-010
 5.38838e-025 4.90236e-019 6.10135e-014 1.03591e-009 2.39929e-006 0.000758085 0.0326755 0.192131 0.154115 0.0169989 0.0109269 0.115078 0.169391 0.0436323 0.078702 0.0879296 0.0373065 0.0330126 0.0164832 0.00797042 0.00247389 0.000391679 2.11181e-005 2.77309e-007 7.06232e-010
 5.62428e-025 5.11797e-019 6.3697e-014 1.08147e-009 2.50482e-006 0.000791427 0.0341126 0.200581 0.160893 0.0176624 0.00634505 0.0887913 0.176866 0.0522037 0.0561552 0.098368 0.0428287 0.034625 0.0176692 0.00860887 0.00292719 0.00053393 3.48182e-005 5.73061e-007 1.87748e-009
 5.94032e-025 5.40683e-019 6.72921e-014 1.14251e-009 2.64619e-006 0.000836096 0.0360379 0.211902 0.169974 0.0186604 0.00663441 0.0900016 0.173853 0.0485559 0.0445518 0.0920021 0.0407532 0.0343715 0.0191632 0.00896492 0.00308265 0.000606876 4.45387e-005 8.40173e-007 3.189e-009
 6.16016e-025 5.60777e-019 6.97929e-014 1.18497e-009 2.74453e-006 0.000867168 0.0373772 0.219777 0.176291 0.0193934 0.00918512 0.104784 0.168386 0.0406409 0.0486007 0.0830537 0.032904 0.0301205 0.0168613 0.00839624 0.00279886 0.000522619 3.69569e-005 6.69909e-007 2.41897e-009
 6.32547e-025 5.75886e-019 7.16733e-014 1.21689e-009 2.81848e-006 0.000890532 0.0383843 0.225698 0.181041 0.0200415 0.0150512 0.128375 0.15248 0.0320374 0.0614408 0.0703576 0.0277074 0.0251706 0.0126373 0.00631457 0.0020258 0.000326368 1.8352e-005 2.5493e-007 6.87671e-010
 5.83862e-025 5.31388e-019 6.61351e-014 1.12286e-009 2.60069e-006 0.000821721 0.0354183 0.208259 0.167052 0.0185609 0.0171888 0.138701 0.155398 0.0356715 0.0764919 0.0690351 0.0315658 0.0258704 0.0123172 0.00565687 0.00172639 0.000250845 1.1621e-005 1.26706e-007 2.63848e-010
 4.65632e-025 4.23325e-019 5.26859e-014 8.94519e-010 2.07182e-006 0.000654616 0.0282157 0.165907 0.133081 0.0149736 0.0217254 0.153374 0.149698 0.0392577 0.10341 0.082114 0.0471514 0.0345951 0.0167934 0.00692706 0.00187553 0.000235224 8.81656e-006 7.30462e-008 1.12013e-010
 5.06065e-025 4.60266e-019 5.72835e-014 9.72579e-010 2.25264e-006 0.000711852 0.0307521 0.187137 0.228485 0.157864 0.0432576 0.0868763 0.103568 0.0594587 0.0551246 0.0293808 0.0130964 0.0037277 0.000532529 2.51064e-005 2.73079e-007 5.56245e-010 1.89711e-013 1.0156e-017 8.19319e-023
 4.75508e-025 4.3235e-019 5.38092e-014 9.1359e-010 2.11599e-006 0.000668573 0.0288172 0.169445 0.135927 0.0168072 0.051379 0.205707 0.178818 0.0664108 0.0624486 0.0447963 0.0265993 0.0100062 0.00200858 0.000156157 3.2738e-006 1.40226e-008 1.04581e-011 1.24714e-015 2.26614e-020
 4.66945e-025 4.24512e-019 5.28337e-014 8.97027e-010 2.07763e-006 0.000656481 0.0283228 0.17006 0.199629 0.17683 0.0664225 0.102292 0.139375 0.0603233 0.0350379 0.0166662 0.00401777 0.000356527 8.61564e-006 4.39257e-008 3.99165e-011 5.86303e-015 1.3166e-019 4.40005e-025 2.47624e-027
 5.70564e-025 5.19232e-019 6.46223e-014 1.09718e-009 2.5412e-006 0.000802924 0.0346081 0.203495 0.163244 0.0201183 0.0509099 0.17482 0.150698 0.0713638 0.071803 0.0398246 0.0146396 0.00340607 0.000259975 4.80097e-006 1.76558e-008 1.13307e-011 1.16662e-015 1.83013e-020 4.48226e-026
 4.89898e-025 4.45504e-019 5.54463e-014 9.41385e-010 2.18037e-006 0.000688913 0.029694 0.1746 0.140057 0.0165546 0.0400345 0.175858 0.110193 0.0640631 0.119739 0.0709566 0.0396644 0.0150757 0.00266 0.000157561 2.0619e-006 4.97932e-009 2.01629e-012 1.28679e-016 1.24152e-021
 4.61792e-025 4.19794e-019 5.22465e-014 8.87064e-010 2.05471e-006 0.000649711 0.0282237 0.179073 0.250633 0.147438 0.0487625 0.114641 0.0859893 0.0762944 0.0485453 0.0169394 0.00268192 0.00012516 1.28215e-006 2.34146e-009 6.92148e-013 3.15438e-017 2.14833e-022 2.69089e-027 2.47597e-027
 5.50166e-025 5.00587e-019 6.23018e-014 1.05778e-009 2.44995e-006 0.000774092 0.0333654 0.196188 0.157433 0.0234432 0.087665 0.207373 0.119114 0.062459 0.0588039 0.0381813 0.0134382 0.00170245 5.722e-005 3.9241e-007 4.70191e-010 8.95943e-014 2.58027e-018 1.09318e-023 2.48471e-027
 5.52022e-025 5.02275e-019 6.25119e-014 1.06135e-009 2.45822e-006 0.000776706 0.0334835 0.198096 0.195745 0.174153 0.0971964 0.0824892 0.115168 0.055252 0.0328634 0.0129905 0.0017276 5.52135e-005 3.4669e-007 3.74104e-010 6.40868e-014 1.65987e-018 6.30345e-024 2.48199e-027 2.47526e-027
 5.23022e-025 4.75778e-019 5.92141e-014 1.00536e-009 2.32853e-006 0.000735728 0.0317118 0.186465 0.1496 0.0203308 0.0718699 0.195367 0.148954 0.0785533 0.0662444 0.0356638 0.0125277 0.0019071 6.76664e-005 4.4887e-007 5.00554e-010 8.78327e-014 2.32404e-018 9.02498e-024 2.4835e-027
 5.21265e-025 4.74163e-019 5.90131e-014 1.00194e-009 2.32063e-006 0.000733238 0.0316139 0.187638 0.194926 0.175292 0.0843754 0.0849039 0.124859 0.0676704 0.0351543 0.0113589 0.00142822 4.42521e-005 2.47789e-007 2.24241e-010 3.11585e-014 6.44259e-019 1.94205e-024 2.48016e-027 2.47544e-027
 5.30325e-025 4.82451e-019 6.00447e-014 1.01946e-009 2.36119e-006 0.000746048 0.0321566 0.18908 0.151841 0.0285515 0.115543 0.190683 0.118943 0.0690702 0.0657272 0.0295647 0.00742618 0.000652609 1.31304e-005 4.72587e-008 2.68618e-011 2.28742e-015 2.844e-020 5.3306e-026 2.47819e-027
 5.59276e-025 5.08908e-019 6.33374e-014 1.07536e-009 2.49067e-006 0.000786959 0.0339215 0.199952 0.182309 0.152742 0.118669 0.0800696 0.116139 0.064737 0.0366684 0.0124711 0.00148633 4.56677e-005 2.70032e-007 2.64095e-010 3.94439e-014 8.62958e-019 2.70835e-024 2.48046e-027 2.47555e-027
 5.33764e-025 4.85596e-019 6.0436e-014 1.0261e-009 2.37658e-006 0.00075091 0.0323662 0.190313 0.152735 0.0241362 0.0963103 0.18972 0.128586 0.0765772 0.0640266 0.0332972 0.0100623 0.00109051 2.74258e-005 1.30421e-007 1.02481e-010 1.23505e-014 2.18988e-019 5.59901e-025 2.47895e-027
 4.99058e-025 4.53864e-019 5.64867e-014 9.5905e-010 2.22128e-006 0.00070186 0.0302717 0.180905 0.203623 0.183373 0.0810972 0.105655 0.113421 0.0604246 0.0313966 0.00838308 0.000732203 1.42739e-005 4.99248e-008 2.83506e-011 2.46069e-015 3.14419e-020 6.02322e-026 2.4787e-027 2.47502e-027
 5.57793e-025 5.07558e-019 6.31694e-014 1.07251e-009 2.48407e-006 0.000784872 0.0338301 0.19892 0.15967 0.0262472 0.098772 0.188928 0.124173 0.0721481 0.061976 0.0274306 0.00660595 0.00050302 8.26045e-006 2.39859e-008 1.10997e-011 7.77754e-016 8.00772e-021 1.4344e-026 2.47783e-027
 5.7398e-025 5.22352e-019 6.50106e-014 1.10377e-009 2.55647e-006 0.000807749 0.0348161 0.204726 0.16579 0.0612386 0.162257 0.093658 0.0842426 0.103283 0.0537651 0.0276588 0.00714847 0.000595301 1.1132e-005 3.71429e-008 1.98536e-011 1.60502e-015 1.89988e-020 3.4778e-026 2.47758e-027
 5.89005e-025 5.36085e-019 6.67198e-014 1.13279e-009 2.62369e-006 0.000828985 0.0357315 0.210104 0.169505 0.0516195 0.154787 0.119277 0.0936642 0.0685483 0.0565915 0.0298841 0.00854443 0.000890521 2.13946e-005 9.49808e-008 6.85997e-011 7.54895e-015 1.22144e-019 2.86937e-025 2.47781e-027
 5.63755e-025 5.13006e-019 6.38474e-014 1.08402e-009 2.51073e-006 0.000793296 0.0341931 0.201058 0.162155 0.0495759 0.158321 0.123708 0.094963 0.0818579 0.0511901 0.0304221 0.0104537 0.00126764 3.8234e-005 2.16896e-007 2.02779e-010 2.91575e-014 6.19206e-019 1.89912e-024 2.47871e-027
 6.54826e-025 5.96246e-019 7.42073e-014 1.25991e-009 2.91812e-006 0.000922016 0.0397413 0.23368 0.18805 0.044489 0.129352 0.1082 0.0852576 0.0777792 0.051571 0.0285455 0.0107334 0.00161525 6.0079e-005 4.33195e-007 5.22542e-010 9.74767e-014 2.6978e-018 1.08114e-023 2.4827e-027
 5.91432e-025 5.38307e-019 6.69963e-014 1.13748e-009 2.63456e-006 0.000832421 0.0358795 0.210971 0.169227 0.0186486 0.0107333 0.113787 0.172593 0.0779115 0.0790422 0.0548722 0.0356363 0.0158489 0.00373414 0.000277334 4.33199e-006 1.1818e-008 5.13667e-012 3.3707e-016 3.23359e-021
 4.11393e-025 3.7375e-019 4.6516e-014 7.89763e-010 1.82919e-006 0.000577955 0.0249114 0.146478 0.117498 0.0137091 0.0331859 0.174245 0.1262 0.0357931 0.114118 0.101378 0.0610023 0.0355295 0.0131997 0.0020823 8.92624e-005 7.50131e-007 1.04993e-009 2.27184e-013 7.30497e-018
 1.4806e-018 1.44769e-013 1.93103e-009 3.51426e-006 0.000873551 0.0299657 0.155041 0.198397 0.153354 0.159131 0.0852079 0.10347 0.0743205 0.0323427 0.00736378 0.00052105 8.03636e-006 2.19122e-008 9.46727e-012 6.13553e-016 5.79235e-021 1.02983e-026 2.47872e-027 2.47509e-027 2.47304e-027
 8.37825e-026 7.42855e-020 9.2454e-015 1.56973e-010 3.63631e-007 0.000115128 0.00508808 0.0394036 0.142819 0.284851 0.234162 0.135091 0.0952984 0.0511199 0.0112737 0.000766802 1.12481e-005 2.91785e-008 1.20614e-011 7.50362e-016 6.80043e-021 1.12712e-026 2.48266e-027 2.47765e-027 2.4749e-027
 1.12023e-018 1.07207e-013 1.39967e-009 2.49386e-006 0.000608165 0.0209052 0.133182 0.386781 0.388332 0.0665852 0.00322339 0.000361614 1.90101e-005 2.06701e-007 3.88278e-010 1.15001e-013 5.10917e-018 3.30621e-023 2.51926e-027 2.48204e-027 2.4779e-027 2.47526e-027 2.47343e-027 2.4721e-027 2.47109e-027
 1.80806e-009 2.70782e-006 0.000572069 0.0193266 0.14838 0.307756 0.154459 0.19909 0.153396 0.0167678 0.000250267 5.09603e-007 1.41567e-010 5.36464e-015 2.77347e-020 2.10716e-026 2.51113e-027 2.48893e-027 2.48121e-027 2.47714e-027 2.47461e-027 2.47288e-027 2.47162e-027 2.47067e-027 2.46993e-027
 5.71752e-025 5.20319e-019 6.47575e-014 1.09947e-009 2.54652e-006 0.000804604 0.0346806 0.203921 0.163572 0.0180529 0.00887359 0.091309 0.19261 0.155943 0.112826 0.0170439 0.000359742 1.03719e-006 4.07971e-010 2.18934e-014 1.60265e-019 1.61963e-025 2.50426e-027 2.48478e-027 2.47854e-027
 8.16158e-006 8.16158e-006 8.16158e-006 8.1642e-006 1.4207e-005 0.00191828 0.0823393 0.484113 0.388325 0.0424993 0.000642455 9.45324e-006 8.16198e-006 8.16162e-006 8.16163e-006 8.16163e-006 8.16163e-006 8.16164e-006 8.16164e-006 8.16165e-006 8.16165e-006 8.16166e-006 8.16166e-006 8.16167e-006 8.16167e-006
 1.72394e-006 1.72394e-006 1.72394e-006 1.7258e-006 6.02372e-006 0.00136029 0.0585595 0.34432 0.276192 0.0307459 0.0234944 0.138613 0.113751 0.0127358 0.0001962 2.12914e-006 1.72409e-006 1.72397e-006 1.72398e-006 1.72398e-006 1.72398e-006 1.72399e-006 1.72399e-006 1.72399e-006 1.724e-006
 6.45584e-007 6.45586e-007 6.45588e-007 6.46842e-007 3.54807e-006 0.000917718 0.0395289 0.232426 0.186437 0.0207893 0.0222594 0.169436 0.178792 0.0396218 0.065303 0.0409118 0.0035239 4.20398e-005 7.11967e-007 6.45643e-007 6.45632e-007 6.45636e-007 6.4564e-007 6.45644e-007 6.45648e-007
 1.49321e-007 1.49322e-007 1.49323e-007 1.50975e-007 3.9735e-006 0.00120844 0.0520808 0.306233 0.24564 0.0269995 0.00886511 0.0810721 0.106096 0.0269904 0.0557494 0.0542481 0.0221794 0.0114908 0.00112695 1.53653e-005 1.77386e-007 1.49361e-007 1.49357e-007 1.4936e-007 1.49364e-007
 7.88428e-008 7.88439e-008 7.88452e-008 8.00389e-008 2.99971e-006 0.00100538 0.0491623 0.345352 0.351223 0.0580135 0.0511707 0.058453 0.0377482 0.0333136 0.0124193 0.00207201 6.27607e-005 3.44591e-007 7.90451e-008 7.88979e-008 7.89056e-008 7.89147e-008 7.89254e-008 7.89381e-008 7.89534e-008
 3.21806e-008 3.21814e-008 3.21823e-008 3.33231e-008 2.67225e-006 0.000834194 0.0359546 0.211412 0.169581 0.0186729 0.0111484 0.141373 0.25817 0.079075 0.0347441 0.02427 0.0123426 0.00231047 0.000107867 8.75251e-007 3.31879e-008 3.22649e-008 3.22854e-008 3.23144e-008 3.23577e-008
 1.32244e-013 1.3225e-013 2.45553e-013 1.92374e-009 4.45533e-006 0.00140771 0.0606762 0.356774 0.286187 0.0325017 0.0281464 0.0880783 0.0389124 0.0182834 0.052313 0.0267733 0.00689328 0.00262455 0.000408964 1.44295e-005 8.99108e-008 8.52302e-011 1.46589e-013 2.08712e-013 1.13109e-007
 1.02554e-024 9.35083e-019 1.16378e-013 1.9759e-009 4.57644e-006 0.00144598 0.0623257 0.366473 0.293962 0.0326895 0.0201858 0.101242 0.0714925 0.0147149 0.0160989 0.00767239 0.00795772 0.00311763 0.000555586 5.96765e-005 1.53992e-006 6.8862e-009 4.78409e-012 8.59722e-012 1.47042e-008
#obs surv len freq
 nan nan nan nan nan nan nan nan nan nan nan nan nan nan nan nan nan nan nan nan nan nan nan nan nan
 4.90406e-027 7.71862e-021 1.65727e-015 4.8542e-011 1.9396e-007 0.000105725 0.00786163 0.0797478 0.110357 0.0212888 0.0184299 0.0957306 0.0705947 0.0277543 0.0806632 0.0515358 0.0552197 0.0534882 0.0511029 0.0495776 0.0503613 0.0513486 0.0542872 0.0513405 0.0192041
 5.2764e-027 8.30465e-021 1.7831e-015 5.22275e-011 2.08686e-007 0.000113752 0.00845853 0.0858026 0.118736 0.0229051 0.0198287 0.102996 0.0759526 0.0298565 0.0867639 0.0552341 0.0581864 0.0548968 0.0484938 0.0440144 0.042515 0.0425303 0.0447061 0.0422201 0.0157884
 5.53495e-027 8.71158e-021 1.87047e-015 5.47867e-011 2.18912e-007 0.000119326 0.00887299 0.090007 0.124554 0.0240275 0.0208025 0.108055 0.0796827 0.0313165 0.0910001 0.057916 0.0609291 0.0571789 0.0493199 0.0419769 0.0371033 0.0348677 0.0358967 0.0337575 0.0126158
 5.70274e-027 8.97568e-021 1.92717e-015 5.64476e-011 2.25549e-007 0.000122943 0.00914198 0.0927356 0.12833 0.0247556 0.0214184 0.111252 0.0820405 0.0322489 0.0937151 0.0596481 0.0627703 0.058895 0.0506757 0.0423489 0.0350634 0.0296699 0.0286772 0.0265759 0.00991407
 5.80249e-027 9.13267e-021 1.96088e-015 5.74349e-011 2.29494e-007 0.000125094 0.00930189 0.0943577 0.130575 0.0251891 0.0218144 0.113312 0.0835592 0.0328307 0.0953913 0.060722 0.063934 0.0600005 0.0516515 0.0430836 0.0349549 0.0272078 0.0234657 0.0208075 0.00771571
 5.85806e-027 9.22013e-021 1.97966e-015 5.79849e-011 2.31691e-007 0.000126292 0.00939097 0.0952613 0.131825 0.0254312 0.0220585 0.114586 0.0844991 0.0332232 0.0965542 0.0614523 0.0646561 0.0606799 0.0522518 0.0435974 0.0352637 0.0264721 0.0202801 0.0164143 0.00597637
