SBPRF35
0.175648
Curr Bio
199847
B35
198272
F35
0.923315
FOFL
0.923315
OFL
74441.7
Bzero
50185.1
#pred survey bio
 2518.26 3800.99 6481.9 10368.4 15367.5 22124.6 34521.3 55342.2 80948.8 107802 129215 158825 181701 162520 157783 152134 142828 146743 143996 153846 151156 165190 167619 176162 189858 203359 207062 235516 5.97131e+06 5.14602e+06 3.00006e+06 1.57894e+06 961706 705408 591388 534982 504320 486597 476018 469611 465710 463332 461876 460980 460446 460127 459935 459820 459751 459710 459685 459670 459661 459656 459653 459651 459649 459649 459648 459648 459648 459648 459648 459648 459648 459648 459648 459648 459648 459648 459648 459648 459648 459648 459648 459648 459648 459648 459648 459648 459648 459648 459648 459648 459648 459648 459648 459648 459648 459648 459648 459648 459648 459648 459648 459648 459648 459648 459648 459648 459648 459648 459648 459648 459648 459648 459648 459648 459648 459648 459648 459648 459648 459648 459648 459648 459648 459648 459648 459648 459648 459648 459648 459648 459648 459648 459648 459648 0 0 0 0 0 0 0 0 0 0 0 0 0 0 0 0 0 0 0 0 0 0 0 0 0
#obs survey bio
 2006.81 2757.45 5340.99 8615.05 17065.7 23702.5 33841.2 57564.8 85167.3 73793.2 97053.1 149686 140659 149904 151072 88101.7 121291 101604 105732 109505 91819.6 203594 112051 141262 151202 158377 204807 141255
#pred catch bio
 988.354 1437.46 2720.81 4681.66 7164.97 8790.45 12903.6 23084.2 35643 53421.8 62142.4 75618.9 103610 89516.8 89324.7 89466.7 78653.7 86104.7 80531.7 91070.2 84850.2 98020.8 99330.1 102039 111788 124648 116033 124487 74441.7 95907.5 55790.7 24014.7 12013.8 8231.23 7131.61 6827.86 6746.9 6725.88 6720.52 6719.18 6718.85 6718.76 6718.74 6718.74 6718.74 6718.74 6718.74 6718.74 6718.74 6718.74 6718.74 6718.74 6718.74 6718.74 6718.74 6718.74 6718.74 6718.74 6718.74 6718.74 6718.74 6718.74 6718.74 6718.74 6718.74 6718.74 6718.74 6718.74 6718.74 6718.74 6718.74 6718.74 6718.74 6718.74 6718.74 6718.74 6718.74 6718.74 6718.74 6718.74 6718.74 6718.74 6718.74 6718.74 6718.74 6718.74 6718.74 6718.74 6718.74 6718.74 6718.74 6718.74 6718.74 6718.74 6718.74 6718.74 6718.74 6718.74 6718.74 6718.74 6718.74 6718.74 6718.74 6718.74 6718.74 6718.74 6718.74 6718.74 6718.74 6718.74 6718.74 6718.74 6718.74 6718.74 6718.74 6718.74 6718.74 6718.74 6718.74 6718.74 6718.74 6718.74 6718.74 6718.74 6718.74 6718.74 6718.74 6718.74 0 0 0 0 0 0 0 0 0 0 0 0 0 0 0 0 0 0 0 0 0 0 0 0 0
#obs catch bio
 1021.3 1482.14 2766.76 4787.06 6986.38 8086.24 11741.6 20731.1 32058.9 49224.5 57204.4 69235.9 99539.9 84826.3 84956.2 93637.1 78726.4 84426.3 78009.2 89080.5 76717.1 85205.3 92041.5 95565.3 96674.9 114877 103985 118886
#pred cpue bio
 1626.25 1859.37 3129.68 4963.9 7385.38 10603.9 17133.3 27693.4 40530.5 55169.2 65151.5 80629.1 96287.9 85475 81914.8 77617.4 71545.9 74386.7 70740.2 75701.5 73880.1 80160.9 80612.9 83436.9 90742.1 96047.9 96795.2 112717 3.0251e+06 4.02507e+06 2.77368e+06 1.43293e+06 819850 563759 449750 393344 362682 344960 334381 327974 324073 321694 320238 319343 318809 318489 318298 318183 318114 318072 318048 318033 318024 318018 318015 318013 318012 318011 318011 318010 318010 318010 318010 318010 318010 318010 318010 318010 318010 318010 318010 318010 318010 318010 318010 318010 318010 318010 318010 318010 318010 318010 318010 318010 318010 318010 318010 318010 318010 318010 318010 318010 318010 318010 318010 318010 318010 318010 318010 318010 318010 318010 318010 318010 318010 318010 318010 318010 318010 318010 318010 318010 318010 318010 318010 318010 318010 318010 318010 318010 318010 318010 318010 318010 318010 318010 318010 318010 0 0 0 0 0 0 0 0 0 0 0 0 0 0 0 0 0 0 0 0 0 0 0 0 0
#obs cpue bio
 1723.68 2066.86 4162.74 5177 9629.32 15138.2 26312.4 43181.2 54413.8 101348 115820 120760 135942 113659 106164 90754.9 89963.9 127718 104624 124999 187205 134506 132383 138016 231945 150634 159995 210819
#pred surv len freq
 1.65976e-11 1.8023e-09 1.15385e-07 4.35519e-06 9.69185e-05 0.0012716 0.00983691 0.0448792 0.120916 0.193677 0.19057 0.132119 0.0891721 0.0668626 0.0461652 0.0300089 0.0202568 0.0140542 0.0100994 0.00764183 0.00618162 0.00539996 0.0048098 0.00376449 0.00221224
 1.89727e-11 2.06021e-09 1.31896e-07 4.97842e-06 0.000110787 0.00145356 0.0112443 0.0512957 0.138141 0.220763 0.214824 0.142388 0.0867093 0.0583253 0.0352274 0.0181308 0.00918085 0.00478822 0.00260915 0.0015616 0.00104592 0.000787821 0.000639439 0.000483481 0.000284881
 1.81779e-11 1.97391e-09 1.26371e-07 4.76989e-06 0.000106147 0.00139268 0.0107736 0.0491529 0.132435 0.212164 0.20892 0.145121 0.0974316 0.0696391 0.041023 0.0187863 0.00777501 0.00311332 0.00118785 0.000469756 0.000214809 0.000120381 8.07803e-05 5.56646e-05 3.17712e-05
 1.8318e-11 1.98911e-09 1.27345e-07 4.80663e-06 0.000106965 0.00140341 0.0108565 0.0495306 0.133442 0.21369 0.210011 0.144791 0.0958389 0.0680926 0.0405569 0.0191227 0.00808131 0.00307861 0.000987828 0.000280588 7.91575e-05 2.54823e-05 1.0915e-05 5.91545e-06 3.0678e-06
 1.81252e-11 1.96818e-09 1.26005e-07 4.75604e-06 0.000105839 0.00138864 0.0107423 0.0490107 0.132057 0.211599 0.208554 0.145378 0.098282 0.0705721 0.0415978 0.0189598 0.00766774 0.00285416 0.000907494 0.000245517 5.7813e-05 1.22079e-05 2.66062e-06 7.70482e-07 2.92473e-07
 1.81668e-11 1.9727e-09 1.26294e-07 4.76696e-06 0.000106082 0.00139182 0.010767 0.049123 0.132357 0.212058 0.208908 0.14536 0.0979267 0.0701734 0.0413803 0.0188908 0.00762117 0.00279106 0.000857078 0.000221887 5.00377e-05 9.68689e-06 1.59994e-06 2.43521e-07 4.30343e-08
 1.77424e-11 1.92661e-09 1.23343e-07 4.65559e-06 0.000103603 0.00135931 0.0105155 0.047977 0.129288 0.207295 0.204943 0.144569 0.100128 0.0735136 0.0445227 0.0214113 0.00926431 0.00357942 0.00113978 0.000302129 6.80814e-05 1.28149e-05 1.9927e-06 2.55583e-07 2.77492e-08
 1.77989e-11 1.93274e-09 1.23736e-07 4.67042e-06 0.000103933 0.00136364 0.0105489 0.0481289 0.129687 0.207855 0.20512 0.143706 0.0983423 0.0720155 0.0443641 0.0223019 0.0102645 0.00421626 0.00144078 0.000413365 9.93801e-05 1.94471e-05 3.05475e-06 3.81642e-07 3.74923e-08
 1.76483e-11 1.91639e-09 1.22689e-07 4.6309e-06 0.000103054 0.0013521 0.0104598 0.047723 0.128608 0.206239 0.204063 0.144389 0.100586 0.0741539 0.0450295 0.0218016 0.00963839 0.0039232 0.001376 0.000415396 0.000106662 2.2453e-05 3.76947e-06 4.92462e-07 4.89945e-08
 1.71807e-11 1.86562e-09 1.19439e-07 4.50822e-06 0.000100324 0.00131628 0.0101828 0.0464614 0.125238 0.201074 0.200083 0.144587 0.104656 0.078982 0.0481739 0.023193 0.010095 0.00399228 0.00134247 0.000391176 0.000100333 2.19031e-05 3.90451e-06 5.46183e-07 5.78545e-08
 1.73898e-11 1.88833e-09 1.20893e-07 4.56309e-06 0.000101545 0.0013323 0.0103067 0.0470259 0.126749 0.203414 0.202005 0.144889 0.103443 0.0772705 0.0467095 0.02212 0.00940109 0.00362395 0.00117807 0.000327232 7.95565e-05 1.66523e-05 2.93336e-06 4.20445e-07 4.6826e-08
 1.72513e-11 1.87329e-09 1.1993e-07 4.52675e-06 0.000100736 0.00132169 0.0102246 0.0466522 0.12575 0.201882 0.200815 0.144919 0.104604 0.078669 0.0476481 0.02257 0.00957721 0.00367094 0.00117799 0.000319854 7.5185e-05 1.5038e-05 2.51756e-06 3.46699e-07 3.80922e-08
 1.64216e-11 1.78319e-09 1.14161e-07 4.30903e-06 9.58912e-05 0.00125813 0.00973303 0.0444128 0.119764 0.192676 0.193564 0.144751 0.111014 0.0866241 0.0532725 0.0256168 0.0110598 0.00428757 0.00138284 0.000375389 8.74923e-05 1.71521e-05 2.77829e-06 3.66211e-07 3.84089e-08
 1.64001e-11 1.78086e-09 1.14012e-07 4.30338e-06 9.57656e-05 0.00125648 0.00972031 0.0443554 0.119616 0.192499 0.193669 0.145552 0.112414 0.08767 0.0531281 0.0246095 0.0100892 0.00375349 0.00117213 0.000308688 7.02885e-05 1.35589e-05 2.16035e-06 2.78139e-07 2.82157e-08
 1.6769e-11 1.82092e-09 1.16577e-07 4.40019e-06 9.79198e-05 0.00128474 0.00993887 0.0453506 0.122273 0.196548 0.196686 0.145059 0.108704 0.0835812 0.0509114 0.0240915 0.0101365 0.00379588 0.00116251 0.000294945 6.45031e-05 1.2018e-05 1.86263e-06 2.34739e-07 2.33478e-08
 1.69646e-11 1.84215e-09 1.17936e-07 4.45149e-06 9.90616e-05 0.00129972 0.0100547 0.0458788 0.123689 0.198768 0.198634 0.145758 0.108194 0.0823595 0.0492823 0.0224277 0.00897042 0.00326385 0.000995803 0.000253257 5.48005e-05 9.9089e-06 1.47427e-06 1.78597e-07 1.72029e-08
 1.71856e-11 1.86615e-09 1.19473e-07 4.5095e-06 0.000100352 0.00131666 0.0101857 0.0464757 0.125289 0.201259 0.200748 0.146304 0.107256 0.0807729 0.0476242 0.020958 0.00794444 0.00273723 0.000789165 0.000188587 3.89274e-05 6.87644e-06 1.00598e-06 1.1869e-07 1.1022e-08
 1.7041e-11 1.85045e-09 1.18468e-07 4.47156e-06 9.95082e-05 0.00130558 0.0101 0.0460853 0.124243 0.199628 0.199357 0.145923 0.107841 0.0818208 0.048787 0.0220133 0.0086401 0.00303462 0.000868848 0.000201421 3.96171e-05 6.61189e-06 9.18248e-07 1.04441e-07 9.45548e-09
 1.75495e-11 1.90567e-09 1.22003e-07 4.60499e-06 0.000102477 0.00134454 0.0104013 0.0474578 0.127913 0.205286 0.203877 0.146236 0.104229 0.0771409 0.0452168 0.0198209 0.00747336 0.00255772 0.000728741 0.000169513 3.31893e-05 5.40819e-06 7.18511e-07 7.72675e-08 6.62496e-09
 1.7507e-11 1.90105e-09 1.21707e-07 4.59384e-06 0.000102229 0.00134128 0.0103761 0.0473431 0.127607 0.204819 0.203529 0.146292 0.104657 0.077622 0.0454959 0.0199028 0.00746722 0.0025322 0.000710059 0.000161673 3.1138e-05 5.04436e-06 6.67066e-07 7.05103e-08 5.83415e-09
 1.75266e-11 1.90317e-09 1.21843e-07 4.59896e-06 0.000102343 0.00134278 0.0103877 0.0473961 0.127752 0.20507 0.203862 0.146744 0.105189 0.0778884 0.0451755 0.0192033 0.00687323 0.00223602 0.000608677 0.000134445 2.50424e-05 3.93189e-06 5.07038e-07 5.27196e-08 4.31152e-09
 1.77608e-11 1.92861e-09 1.23471e-07 4.66042e-06 0.000103711 0.00136072 0.0105264 0.0480278 0.129436 0.207625 0.2057 0.146216 0.102506 0.075072 0.0438508 0.0191679 0.00717051 0.00240385 0.000655555 0.000142139 2.5747e-05 3.92368e-06 4.90436e-07 4.94281e-08 3.93443e-09
 1.77755e-11 1.9302e-09 1.23573e-07 4.66428e-06 0.000103797 0.00136185 0.0105352 0.0480679 0.129549 0.207838 0.206064 0.146867 0.103375 0.0755693 0.0434457 0.0181771 0.00633972 0.00201723 0.000542192 0.000118252 2.15204e-05 3.24572e-06 3.95549e-07 3.85802e-08 2.96856e-09
 1.80478e-11 1.95978e-09 1.25467e-07 4.73575e-06 0.000105387 0.00138271 0.0106965 0.0488029 0.131512 0.210846 0.20838 0.146746 0.101006 0.0727905 0.0416928 0.0174398 0.00606916 0.00190607 0.000495468 0.000102298 1.76389e-05 2.58669e-06 3.12872e-07 3.03019e-08 2.29028e-09
 1.78772e-11 1.94125e-09 1.2428e-07 4.69097e-06 0.000104391 0.00136964 0.0105954 0.0483424 0.130282 0.208964 0.206942 0.146858 0.102548 0.0745754 0.0427898 0.0178632 0.00619221 0.00194013 0.000504597 0.000104051 1.76876e-05 2.50366e-06 2.8854e-07 2.68131e-08 1.97945e-09
 1.8091e-11 1.96447e-09 1.25767e-07 4.74707e-06 0.000105639 0.00138602 0.0107221 0.0489194 0.131823 0.211325 0.208757 0.146755 0.100672 0.0723753 0.0413989 0.0172809 0.0059935 0.00187631 0.000486182 9.9585e-05 1.68062e-05 2.3632e-06 2.69096e-07 2.43668e-08 1.72963e-09
 1.81668e-11 1.9727e-09 1.26294e-07 4.76697e-06 0.000106082 0.00139183 0.0107671 0.0491243 0.132374 0.212197 0.209563 0.147164 0.100684 0.0720381 0.0407027 0.0164358 0.00536797 0.0015878 0.000397701 7.94763e-05 1.31027e-05 1.80688e-06 2.027e-07 1.81253e-08 1.26835e-09
 1.78841e-11 1.94199e-09 1.24328e-07 4.69277e-06 0.000104431 0.00137016 0.0105995 0.0483608 0.13033 0.209028 0.206947 0.146708 0.102267 0.0743688 0.0428316 0.0180719 0.0063662 0.002007 0.000513669 0.000101825 1.64393e-05 2.21803e-06 2.44006e-07 2.14348e-08 1.47689e-09
#obs surv len freq
 1.7661e-11 1.91778e-09 1.22778e-07 4.63425e-06 0.000103128 0.00135307 0.0104672 0.0477546 0.128655 0.205981 0.20214 0.138516 0.091452 0.0685666 0.0482623 0.0299156 0.0161984 0.00719342 0.00254405 0.000712309 0.000153421 2.44118e-05 2.77343e-06 2.18826e-07 1.1697e-08
 1.55291e-11 1.68628e-09 1.07957e-07 4.07485e-06 9.06802e-05 0.00118977 0.00920459 0.0420096 0.113381 0.183099 0.186766 0.14597 0.118277 0.0942853 0.0584944 0.0283085 0.0121251 0.00471993 0.0015609 0.000414312 8.44987e-05 1.27343e-05 1.36972e-06 1.01839e-07 5.08924e-09
 1.71361e-11 1.86078e-09 1.19128e-07 4.49651e-06 0.000100063 0.00131287 0.0101566 0.0463456 0.124958 0.200769 0.199931 0.143651 0.101782 0.0767472 0.0499573 0.0267537 0.011936 0.0041886 0.00112164 0.000238017 4.10653e-05 5.54446e-06 5.49674e-07 3.80202e-08 1.77125e-09
 1.5743e-11 1.7095e-09 1.09444e-07 4.13096e-06 9.19289e-05 0.00120616 0.00933162 0.0425933 0.114992 0.185863 0.189796 0.147542 0.116823 0.0909992 0.0563308 0.0275688 0.0115026 0.00400532 0.00108926 0.000223475 3.40237e-05 3.81065e-06 3.12643e-07 1.8503e-08 7.64414e-10
 1.70866e-11 1.85541e-09 1.18785e-07 4.48354e-06 9.97749e-05 0.0013091 0.0101277 0.0462197 0.124683 0.200714 0.201153 0.146559 0.104457 0.077049 0.0482317 0.024551 0.010353 0.00343868 0.000861223 0.000163071 2.33254e-05 2.44806e-06 1.81916e-07 9.33868e-09 3.26297e-10
 1.60266e-11 1.7403e-09 1.11415e-07 4.20538e-06 9.35853e-05 0.0012279 0.00950017 0.0433683 0.117139 0.189598 0.194169 0.150738 0.116759 0.087663 0.0521643 0.0242752 0.00942067 0.00299207 0.000733157 0.000134456 1.81125e-05 1.75236e-06 1.19223e-07 5.59417e-09 1.77276e-10
 1.61632e-11 1.75513e-09 1.12365e-07 4.24122e-06 9.4383e-05 0.00123837 0.00958125 0.0437392 0.11814 0.191142 0.195137 0.149464 0.113212 0.0849004 0.0525069 0.0260805 0.0105438 0.00329933 0.000766248 0.000131908 1.68013e-05 1.54508e-06 9.93095e-08 4.34355e-09 1.26691e-10
 1.64343e-11 1.78458e-09 1.1425e-07 4.31238e-06 9.59667e-05 0.00125916 0.00974227 0.0444775 0.120161 0.194529 0.198741 0.15168 0.112822 0.0820037 0.0487292 0.0231346 0.00904355 0.00279951 0.000651034 0.00011102 1.36383e-05 1.18078e-06 7.06349e-08 2.87013e-09 7.78221e-11
 1.55799e-11 1.69179e-09 1.0831e-07 4.08818e-06 9.09777e-05 0.00119372 0.00923667 0.0421823 0.114103 0.185626 0.192965 0.153939 0.120568 0.0892843 0.0529229 0.02483 0.00947189 0.0028302 0.00063382 0.000104637 1.25258e-05 1.05686e-06 6.10542e-08 2.36066e-09 6.00413e-11
 1.57186e-11 1.70685e-09 1.09274e-07 4.12458e-06 9.1788e-05 0.00120436 0.00931926 0.0425629 0.115159 0.187424 0.19477 0.154396 0.119014 0.0871196 0.0517675 0.0244827 0.00929274 0.00270773 0.00058215 9.13208e-05 1.03378e-05 8.25265e-07 4.52544e-08 1.66542e-09 4.03074e-11
 1.49383e-11 1.62213e-09 1.0385e-07 3.91985e-06 8.72326e-05 0.00114462 0.00885789 0.0404718 0.109667 0.179489 0.18998 0.157012 0.126165 0.0932897 0.0550146 0.025708 0.009637 0.00277871 0.000590938 9.09201e-05 9.94411e-06 7.55672e-07 3.90444e-08 1.34696e-09 3.05188e-11
 1.4392e-11 1.56281e-09 1.00052e-07 3.7765e-06 8.40431e-05 0.0011028 0.00853501 0.0390098 0.105832 0.173917 0.1863 0.157673 0.129535 0.0971796 0.0585084 0.0279861 0.0105782 0.00302012 0.000629972 9.47084e-05 1.00881e-05 7.42561e-07 3.68647e-08 1.21026e-09 2.58558e-11
 1.33719e-11 1.45204e-09 9.29609e-08 3.50885e-06 7.80876e-05 0.0010247 0.00793201 0.0362778 0.0986611 0.163527 0.179796 0.160335 0.137981 0.105118 0.0634515 0.0303488 0.0114352 0.00324756 0.000671766 9.93872e-05 1.03112e-05 7.32795e-07 3.49158e-08 1.09535e-09 2.22667e-11
 1.33941e-11 1.45445e-09 9.31151e-08 3.51468e-06 7.82177e-05 0.00102643 0.00794578 0.0363459 0.0988754 0.163911 0.17982 0.158805 0.135239 0.104005 0.0649049 0.0322381 0.0124101 0.00354229 0.000730114 0.000106974 1.09135e-05 7.56632e-07 3.48838e-08 1.05072e-09 2.03723e-11
 1.4111e-11 1.53229e-09 9.80987e-08 3.70279e-06 8.24046e-05 0.00108138 0.00837146 0.0382949 0.104168 0.172452 0.187718 0.161485 0.131469 0.0963956 0.0573834 0.0273176 0.0102207 0.00287577 0.000587385 8.49661e-05 8.49297e-06 5.72763e-07 2.55349e-08 7.39863e-10 1.3731e-11
 1.32231e-11 1.43587e-09 9.19264e-08 3.46983e-06 7.72219e-05 0.00101345 0.00784779 0.0359342 0.098069 0.164091 0.183921 0.16662 0.140796 0.102837 0.0592821 0.026886 0.00951649 0.00253574 0.000493407 6.85297e-05 6.61773e-06 4.32011e-07 1.86065e-08 5.18649e-10 9.21667e-12
 1.32939e-11 1.44356e-09 9.24187e-08 3.48843e-06 7.76366e-05 0.00101892 0.00789082 0.0361388 0.0986672 0.165134 0.18465 0.165677 0.138612 0.101897 0.060002 0.0275947 0.00964487 0.0024718 0.000454922 5.93254e-05 5.3768e-06 3.30531e-07 1.34615e-08 3.55948e-10 6.0089e-12
 1.42616e-11 1.54864e-09 9.9146e-08 3.74236e-06 8.32883e-05 0.00109311 0.00846526 0.0387649 0.105754 0.176301 0.194113 0.167238 0.131963 0.0918976 0.0515844 0.0227447 0.00768978 0.00191607 0.000341165 4.24846e-05 3.62512e-06 2.0773e-07 7.85069e-09 1.92564e-10 3.02131e-12
 1.37879e-11 1.49721e-09 9.58534e-08 3.61811e-06 8.05254e-05 0.00105694 0.00818764 0.0375281 0.102666 0.172512 0.193533 0.171425 0.137072 0.0941387 0.0511752 0.0216368 0.0069935 0.00166872 0.000285213 3.41033e-05 2.78525e-06 1.51761e-07 5.40762e-09 1.24024e-10 1.80766e-12
 1.47959e-11 1.60667e-09 1.02861e-07 3.88264e-06 8.64126e-05 0.0011342 0.00878525 0.0402497 0.109906 0.183353 0.200955 0.169171 0.127825 0.0853538 0.0461116 0.0193266 0.00608946 0.00139391 0.000226339 2.5601e-05 1.97562e-06 1.01693e-07 3.42039e-09 7.38934e-11 1.01118e-12
 1.39662e-11 1.51657e-09 9.70935e-08 3.66499e-06 8.15729e-05 0.00107085 0.00829885 0.0380809 0.104472 0.176594 0.199667 0.176225 0.136528 0.0889762 0.0454114 0.0178704 0.00534353 0.00117279 0.000182678 1.96783e-05 1.43354e-06 6.92066e-08 2.17551e-09 4.38658e-11 5.60044e-13
 1.48831e-11 1.61614e-09 1.03468e-07 3.90562e-06 8.69288e-05 0.00114115 0.00884289 0.0405602 0.111073 0.186477 0.206412 0.174221 0.128367 0.0812039 0.0406932 0.0155117 0.0043764 0.000888312 0.000127153 1.26365e-05 8.55027e-07 3.85004e-08 1.12932e-09 2.12089e-11 2.51604e-13
 1.40782e-11 1.52874e-09 9.78734e-08 3.69452e-06 8.2236e-05 0.00107977 0.00837223 0.0384672 0.105847 0.179946 0.204756 0.179823 0.135558 0.0847747 0.0411303 0.0151107 0.00411941 0.000806983 0.000110364 1.03173e-05 6.47684e-07 2.6852e-08 7.2394e-10 1.25151e-11 1.3698e-13
 1.41844e-11 1.54028e-09 9.86129e-08 3.72248e-06 8.28611e-05 0.00108806 0.00843811 0.0387847 0.106784 0.181581 0.206063 0.179357 0.133848 0.0836054 0.0407095 0.0148576 0.00394795 0.00074216 9.65905e-05 8.55607e-06 5.06739e-07 1.96986e-08 4.94316e-10 7.89939e-12 7.95196e-14
 1.48741e-11 1.61517e-09 1.03408e-07 3.90354e-06 8.68931e-05 0.00114105 0.00884959 0.0406748 0.111913 0.189623 0.212419 0.179151 0.127652 0.0762258 0.0357201 0.0126121 0.00325334 0.00059342 7.44962e-05 6.3054e-06 3.53507e-07 1.29168e-08 3.03223e-10 4.51728e-12 4.22596e-14
 1.35888e-11 1.47561e-09 9.44749e-08 3.56652e-06 7.94038e-05 0.00104317 0.00810015 0.0373516 0.103654 0.17937 0.209817 0.18777 0.138759 0.0818829 0.0365738 0.012108 0.00292154 0.000500476 5.92778e-05 4.74678e-06 2.51832e-07 8.68888e-09 1.91891e-10 2.67795e-12 2.33757e-14
 1.32834e-11 1.44245e-09 9.23531e-08 3.48653e-06 7.76292e-05 0.00102005 0.00792417 0.036576 0.101705 0.176626 0.207716 0.187331 0.140454 0.084966 0.0389552 0.0130084 0.00307477 0.000502508 5.58578e-05 4.1683e-06 2.05834e-07 6.61867e-09 1.36434e-10 1.77855e-12 1.44988e-14
 1.41318e-11 1.53458e-09 9.82526e-08 3.70931e-06 8.25914e-05 0.00108528 0.00843061 0.0388979 0.107954 0.186169 0.214584 0.185867 0.132372 0.0765507 0.0339335 0.0110533 0.00256017 0.00040916 4.40576e-05 3.13998e-06 1.45988e-07 4.37208e-09 8.34057e-11 1.00357e-12 7.54914e-15
#pred catch len freq
 1.12925e-11 1.22623e-09 7.85044e-08 2.96315e-06 6.59408e-05 0.00086518 0.0066936 0.0305543 0.0825404 0.133982 0.140235 0.119925 0.112114 0.101586 0.0763501 0.0532449 0.0377404 0.0267673 0.0194085 0.0147357 0.0119327 0.0104267 0.00928774 0.00726931 0.0042719
 1.48953e-11 1.61745e-09 1.03551e-07 3.90853e-06 8.69787e-05 0.0011412 0.00882864 0.0402904 0.108708 0.175375 0.178482 0.13957 0.114957 0.0944364 0.0616561 0.0336379 0.0179724 0.0096555 0.00532805 0.00320507 0.00215021 0.00162028 0.00131522 0.000994451 0.00058596
 1.41604e-11 1.53765e-09 9.84419e-08 3.71569e-06 8.26875e-05 0.0010849 0.0083934 0.0383108 0.103457 0.167635 0.174029 0.144901 0.129343 0.10862 0.0677148 0.0323881 0.0140828 0.00582824 0.00225799 0.000899595 0.000412675 0.000231484 0.000155365 0.000107063 6.11074e-05
 1.45558e-11 1.58058e-09 1.0119e-07 3.81944e-06 8.49962e-05 0.00111519 0.00862762 0.0393774 0.106304 0.171977 0.177273 0.14441 0.125487 0.104557 0.0659134 0.0324061 0.0143004 0.00559553 0.00181752 0.000519792 0.000147242 4.74881e-05 2.03524e-05 1.10313e-05 5.72098e-06
 1.44038e-11 1.56408e-09 1.00134e-07 3.77955e-06 8.41085e-05 0.00110355 0.00853759 0.0389678 0.105217 0.170372 0.176332 0.145446 0.128286 0.107089 0.0664905 0.0314818 0.0132846 0.00508628 0.00163805 0.000446037 0.000105412 2.22996e-05 4.86421e-06 1.40908e-06 5.34919e-07
 1.40235e-11 1.52278e-09 9.74897e-08 3.67975e-06 8.18878e-05 0.00107441 0.00831227 0.0379414 0.102473 0.166148 0.172988 0.145316 0.131155 0.110734 0.0691946 0.0330437 0.0140199 0.00530718 0.00165458 0.000431801 9.78422e-05 1.89868e-05 3.13927e-06 4.78045e-07 8.44958e-08
 1.32624e-11 1.44013e-09 9.21987e-08 3.48004e-06 7.74436e-05 0.0010161 0.00786132 0.0358863 0.0969676 0.157586 0.16578 0.143627 0.134688 0.116444 0.074932 0.0379331 0.0173056 0.00690143 0.00222933 0.000595664 0.000134872 2.54488e-05 3.96174e-06 5.08394e-07 5.52105e-08
 1.35675e-11 1.47327e-09 9.43203e-08 3.56012e-06 7.92255e-05 0.00103948 0.00804208 0.0367089 0.099155 0.160857 0.167901 0.14218 0.129999 0.111854 0.0732227 0.0386825 0.0186625 0.0078713 0.0027221 0.000786131 0.000189702 3.7189e-05 5.84664e-06 7.30741e-07 7.18013e-08
 1.35364e-11 1.46989e-09 9.41035e-08 3.55194e-06 7.90435e-05 0.00103709 0.00802364 0.0366257 0.0989426 0.160612 0.168107 0.14349 0.132235 0.113437 0.0727848 0.0368593 0.0170661 0.00714163 0.00253611 0.000770491 0.000198499 4.18493e-05 7.03062e-06 9.18805e-07 9.14243e-08
 1.32898e-11 1.44312e-09 9.23896e-08 3.48725e-06 7.76039e-05 0.00101821 0.0078776 0.0359606 0.0971685 0.157913 0.166127 0.143924 0.134899 0.116387 0.0744434 0.0372524 0.0168795 0.00683988 0.00232545 0.000681555 0.000175371 3.83402e-05 6.83878e-06 9.56887e-07 1.01369e-07
 1.3478e-11 1.46355e-09 9.36981e-08 3.53664e-06 7.8703e-05 0.00103263 0.00798912 0.0364689 0.098531 0.160039 0.167947 0.144447 0.134196 0.115127 0.0730732 0.0359848 0.015944 0.006307 0.00207434 0.000579759 0.000141447 2.96567e-05 5.22788e-06 7.49547e-07 8.34891e-08
 1.32631e-11 1.44021e-09 9.22037e-08 3.48023e-06 7.74478e-05 0.00101616 0.00786177 0.0358888 0.0969806 0.157658 0.166088 0.144455 0.135942 0.117261 0.0745504 0.0367404 0.0162648 0.00640018 0.00207829 0.000567879 0.000133975 2.68448e-05 4.49772e-06 6.19602e-07 6.80861e-08
 1.28621e-11 1.39667e-09 8.94158e-08 3.375e-06 7.51061e-05 0.000985438 0.00762418 0.0348065 0.0940866 0.153201 0.162549 0.14428 0.138896 0.121009 0.077305 0.038343 0.0171011 0.00676199 0.00220024 0.000600085 0.000140241 2.75295e-05 4.46186e-06 5.8828e-07 6.1707e-08
 1.27131e-11 1.3805e-09 8.83806e-08 3.33593e-06 7.42366e-05 0.000974031 0.00753599 0.0344055 0.0930242 0.151644 0.161702 0.145502 0.141964 0.123744 0.0778679 0.037205 0.0157982 0.0060135 0.00189739 0.000502366 0.000114743 2.21679e-05 3.53441e-06 4.55178e-07 4.61813e-08
 1.32841e-11 1.44249e-09 9.23495e-08 3.48574e-06 7.75703e-05 0.00101777 0.00787421 0.0359457 0.0971353 0.157918 0.1664 0.144819 0.136344 0.117499 0.0744079 0.0362957 0.0157722 0.00602594 0.00186208 0.000474717 0.000104127 1.94303e-05 3.01347e-06 3.79887e-07 3.77893e-08
 1.37279e-11 1.49069e-09 9.54351e-08 3.6022e-06 8.0162e-05 0.00105177 0.0081372 0.0371443 0.100348 0.162924 0.170669 0.145982 0.134546 0.114307 0.0709042 0.0331245 0.0136484 0.00506612 0.0015597 0.000398469 8.64477e-05 1.56521e-05 2.33019e-06 2.82364e-07 2.72014e-08
 1.37507e-11 1.49317e-09 9.55938e-08 3.60819e-06 8.02953e-05 0.00105352 0.00815075 0.0372065 0.100521 0.163245 0.171189 0.146869 0.135725 0.115027 0.0704686 0.0318823 0.0124963 0.00441059 0.00128586 0.000308999 6.39975e-05 1.1325e-05 1.65807e-06 1.95692e-07 1.81754e-08
 1.38235e-11 1.50106e-09 9.60995e-08 3.62728e-06 8.072e-05 0.00105909 0.00819382 0.0374024 0.101039 0.164004 0.171594 0.146252 0.134205 0.113713 0.0702879 0.032544 0.0131545 0.00471342 0.00136173 0.000317146 6.25626e-05 1.04584e-05 1.45354e-06 1.6538e-07 1.49749e-08
 1.42979e-11 1.55258e-09 9.93975e-08 3.75176e-06 8.34902e-05 0.00109544 0.0084749 0.038683 0.104466 0.169304 0.175917 0.146832 0.131273 0.109632 0.0668227 0.0300831 0.0117081 0.00410007 0.00118062 0.000276061 5.42214e-05 8.85051e-06 1.1768e-06 1.26599e-07 1.08566e-08
 1.4491e-11 1.57355e-09 1.0074e-07 3.80244e-06 8.46181e-05 0.00111023 0.00858933 0.0392043 0.10586 0.17145 0.177615 0.146901 0.129828 0.10782 0.0655212 0.0293494 0.0113227 0.00391823 0.00110903 0.00025368 4.89979e-05 7.95014e-06 1.05209e-06 1.11245e-07 9.20607e-09
 1.42989e-11 1.55269e-09 9.94045e-08 3.75203e-06 8.34961e-05 0.00109551 0.00847552 0.0386863 0.104481 0.169377 0.176218 0.147638 0.132496 0.110452 0.0665065 0.0289752 0.010697 0.00356539 0.000981798 0.000218061 4.07547e-05 6.411e-06 8.27473e-07 8.60722e-08 7.04048e-09
 1.48412e-11 1.61158e-09 1.03175e-07 3.89433e-06 8.66629e-05 0.00113706 0.0087968 0.0401493 0.108385 0.175324 0.180622 0.146825 0.126903 0.104331 0.0632441 0.0283008 0.0108783 0.00371916 0.00102342 0.000222888 4.04904e-05 6.18091e-06 7.73205e-07 7.79557e-08 6.20627e-09
 1.48743e-11 1.61518e-09 1.03405e-07 3.90303e-06 8.68564e-05 0.0011396 0.00881645 0.0402394 0.108634 0.175768 0.181275 0.147833 0.128167 0.105001 0.0625467 0.0267298 0.00957469 0.00311369 0.000845782 0.000185376 3.38344e-05 5.11123e-06 6.23387e-07 6.08254e-08 4.68107e-09
 1.51418e-11 1.64422e-09 1.05265e-07 3.97322e-06 8.84183e-05 0.00116009 0.00897493 0.0409612 0.110562 0.178723 0.183549 0.147713 0.125839 0.102279 0.0608431 0.026023 0.00930913 0.00298958 0.00078551 0.000163005 2.81973e-05 4.14309e-06 5.01597e-07 4.86003e-08 3.67401e-09
 1.49836e-11 1.62704e-09 1.04164e-07 3.93169e-06 8.74942e-05 0.00114797 0.00888117 0.0405342 0.109422 0.176979 0.182225 0.147843 0.127308 0.103959 0.0618466 0.0263766 0.0093911 0.00300742 0.000790486 0.000163809 2.79315e-05 3.96097e-06 4.56915e-07 4.24783e-08 3.13658e-09
 1.54556e-11 1.67829e-09 1.07446e-07 4.05554e-06 9.02504e-05 0.00118413 0.0091608 0.0418079 0.112824 0.182196 0.186253 0.147672 0.123254 0.0991581 0.0587479 0.0250074 0.00888174 0.00283479 0.000741422 0.000152526 2.58107e-05 3.63536e-06 4.14295e-07 3.75291e-08 2.66442e-09
 1.51812e-11 1.6485e-09 1.05538e-07 3.98354e-06 8.86481e-05 0.0011631 0.00899826 0.0410679 0.110852 0.179214 0.184152 0.148433 0.126618 0.10261 0.0602538 0.02486 0.00835283 0.00253488 0.000643304 0.000129327 2.13979e-05 2.95721e-06 3.32108e-07 2.9712e-08 2.07965e-09
 1.45469e-11 1.57962e-09 1.01129e-07 3.8171e-06 8.49442e-05 0.00111451 0.00862245 0.0393556 0.10627 0.172129 0.178385 0.147689 0.130589 0.10811 0.0648942 0.0281248 0.0102472 0.00331755 0.000859823 0.000171463 2.77935e-05 3.75972e-06 4.14161e-07 3.64049e-08 2.50911e-09
#obs catch len freq
 1.10369e-11 1.19847e-09 7.67273e-08 2.89608e-06 6.44484e-05 0.000845611 0.00654265 0.0298753 0.0808357 0.132209 0.142805 0.132897 0.135916 0.127804 0.0951245 0.059788 0.0329508 0.0150099 0.00541824 0.00152498 0.00032735 5.22015e-05 6.00658e-06 4.82533e-07 2.623e-08
 1.62674e-11 1.76645e-09 1.1309e-07 4.26858e-06 9.49912e-05 0.00124632 0.00964169 0.0439955 0.11862 0.190615 0.190158 0.13815 0.101337 0.0809877 0.0578896 0.0358418 0.0191865 0.00836602 0.00289046 0.000785503 0.000163051 2.48407e-05 2.68588e-06 2.00567e-07 1.0097e-08
 1.41928e-11 1.54117e-09 9.8667e-08 3.72419e-06 8.2877e-05 0.0010874 0.00841313 0.0384082 0.103796 0.168614 0.176225 0.147618 0.129882 0.106692 0.0662589 0.031943 0.0135711 0.00519659 0.00167759 0.000431593 8.47262e-05 1.22095e-05 1.24805e-06 8.77073e-08 4.12393e-09
 1.60371e-11 1.74144e-09 1.11489e-07 4.20815e-06 9.36467e-05 0.00122869 0.00950577 0.0433842 0.117077 0.188848 0.191172 0.144687 0.110859 0.0868486 0.0567886 0.0302066 0.0132646 0.00455214 0.00118863 0.000244923 4.07214e-05 5.25495e-06 4.94565e-07 3.22973e-08 1.41421e-09
 1.4787e-11 1.6057e-09 1.02798e-07 3.88012e-06 8.63472e-05 0.00113294 0.00876563 0.0400198 0.108164 0.175655 0.182707 0.149355 0.125376 0.0995827 0.0614894 0.0298541 0.0122738 0.00417715 0.00110362 0.000218797 3.20221e-05 3.42933e-06 2.67379e-07 1.49411e-08 5.7965e-10
 1.63606e-11 1.77657e-09 1.13738e-07 4.29304e-06 9.5536e-05 0.00125349 0.00969793 0.0442664 0.119506 0.193006 0.195877 0.148031 0.110916 0.0834925 0.0521521 0.0262716 0.0108729 0.00352054 0.000856004 0.000156577 2.14973e-05 2.15245e-06 1.5181e-07 7.36159e-09 2.41834e-10
 1.52708e-11 1.65823e-09 1.06161e-07 4.00708e-06 8.91726e-05 0.00117002 0.0090529 0.041337 0.111771 0.181693 0.189042 0.152848 0.12383 0.0941482 0.0557068 0.0256421 0.00977547 0.00302612 0.000718577 0.000127017 1.63984e-05 1.51238e-06 9.75883e-08 4.32189e-09 1.2872e-10
 1.55965e-11 1.69359e-09 1.08425e-07 4.09253e-06 9.10743e-05 0.00119498 0.00924599 0.0422181 0.114133 0.185304 0.191521 0.151303 0.118553 0.0896358 0.0550475 0.02697 0.0106675 0.00324458 0.000729357 0.000120933 1.47459e-05 1.29068e-06 7.85723e-08 3.24096e-09 8.88108e-11
 1.59233e-11 1.72909e-09 1.10698e-07 4.1783e-06 9.29832e-05 0.00122003 0.00944007 0.0431077 0.116565 0.189352 0.195715 0.15365 0.117748 0.0860799 0.0507323 0.0237502 0.00908375 0.00273112 0.00061358 0.000100545 1.1804e-05 9.71763e-07 5.50174e-08 2.10649e-09 5.36116e-11
 1.51823e-11 1.64862e-09 1.05546e-07 3.98385e-06 8.86564e-05 0.00116328 0.00900177 0.0411201 0.111338 0.181764 0.19106 0.156052 0.12461 0.0921584 0.0540246 0.0249433 0.00929291 0.00269348 0.000582197 9.22625e-05 1.05392e-05 8.44091e-07 4.60812e-08 1.67725e-09 4.00206e-11
 1.53768e-11 1.66974e-09 1.06898e-07 4.0349e-06 8.97928e-05 0.0011782 0.00911749 0.0416523 0.112802 0.184197 0.193356 0.156467 0.122555 0.0894614 0.0525231 0.0244038 0.00902877 0.00254779 0.000527973 7.94118e-05 8.56979e-06 6.48719e-07 3.35775e-08 1.16175e-09 2.63463e-11
 1.46471e-11 1.59051e-09 1.01826e-07 3.84345e-06 8.55328e-05 0.00112234 0.00868624 0.0396999 0.107693 0.176899 0.189177 0.159253 0.129312 0.0950035 0.0552699 0.0253466 0.00925206 0.00258037 0.000528057 7.77593e-05 8.09516e-06 5.82672e-07 2.83917e-08 9.20091e-10 1.9517e-11
 1.41845e-11 1.54027e-09 9.86097e-08 3.72206e-06 8.28322e-05 0.00108694 0.00841307 0.0384652 0.104472 0.172285 0.18626 0.159913 0.132016 0.0981279 0.0581952 0.0272624 0.0100139 0.00276141 0.000553581 7.95439e-05 8.05282e-06 5.6062e-07 2.62145e-08 8.07687e-10 1.61439e-11
 1.31929e-11 1.43259e-09 9.17161e-08 3.46187e-06 7.7043e-05 0.00101103 0.00782715 0.0358132 0.0975298 0.16231 0.180213 0.162782 0.140269 0.105669 0.0627655 0.0293695 0.0107418 0.00294267 0.000584067 8.24558e-05 8.11898e-06 5.45044e-07 2.4432e-08 7.18526e-10 1.36525e-11
 1.33221e-11 1.44663e-09 9.26147e-08 3.4958e-06 7.77985e-05 0.00102096 0.00790441 0.0361705 0.0985137 0.163848 0.181039 0.161089 0.136726 0.103764 0.0636166 0.0308417 0.0115015 0.003162 0.000624417 8.71578e-05 8.42556e-06 5.50989e-07 2.38681e-08 6.73248e-10 1.21901e-11
 1.4082e-11 1.52914e-09 9.78975e-08 3.69521e-06 8.22367e-05 0.00107922 0.0083557 0.0382368 0.104122 0.172869 0.189259 0.163603 0.132403 0.0956313 0.055877 0.0259564 0.00940355 0.00254551 0.000497332 6.84211e-05 6.4709e-06 4.11068e-07 1.71974e-08 4.66102e-10 8.07014e-12
 1.32301e-11 1.43664e-09 9.19752e-08 3.4717e-06 7.72645e-05 0.00101406 0.0078537 0.0359776 0.0983135 0.165021 0.185984 0.168879 0.141348 0.101477 0.0573332 0.025343 0.00867841 0.00222313 0.000413462 5.45597e-05 4.97824e-06 3.05679e-07 1.23379e-08 3.21328e-10 5.32194e-12
 1.337e-11 1.45183e-09 9.29482e-08 3.50844e-06 7.80831e-05 0.00102484 0.00793779 0.0363694 0.0994095 0.166802 0.187204 0.167815 0.138681 0.10004 0.0576189 0.0257592 0.00869139 0.0021383 0.000375766 4.65186e-05 3.98038e-06 2.29932e-07 8.76609e-09 2.16315e-10 3.39955e-12
 1.43449e-11 1.55769e-09 9.97252e-08 3.76425e-06 8.37768e-05 0.00109957 0.00851659 0.0390159 0.10655 0.178031 0.196615 0.169122 0.131722 0.0899215 0.0493319 0.0211338 0.00689156 0.00164601 0.000279367 3.298e-05 2.65442e-06 1.42848e-07 5.05096e-09 1.15545e-10 1.68641e-12
 1.38997e-11 1.50935e-09 9.66313e-08 3.64751e-06 8.11813e-05 0.00106562 0.0082563 0.0378607 0.103694 0.174638 0.196384 0.173297 0.136446 0.0917202 0.0486741 0.0199755 0.00622198 0.00142174 0.000231364 2.6192e-05 2.01513e-06 1.03007e-07 3.43156e-09 7.33702e-11 9.9452e-13
 1.49397e-11 1.62229e-09 1.03861e-07 3.92042e-06 8.72551e-05 0.00114532 0.00887281 0.0406671 0.111148 0.185739 0.20383 0.170759 0.126912 0.0828139 0.043586 0.017695 0.00536423 0.00117453 0.000181414 1.94096e-05 1.40965e-06 6.80041e-08 2.13641e-09 4.29926e-11 5.46811e-13
 1.41552e-11 1.53709e-09 9.8408e-08 3.71464e-06 8.26803e-05 0.00108547 0.00841384 0.0386271 0.106079 0.179591 0.203041 0.177701 0.134928 0.0857743 0.0426221 0.0162424 0.0046691 0.000978849 0.000144813 1.47379e-05 1.00958e-06 4.56483e-08 1.33947e-09 2.51414e-11 2.98136e-13
 1.50742e-11 1.63689e-09 1.04797e-07 3.95582e-06 8.80486e-05 0.00115593 0.00895913 0.0411114 0.112684 0.189426 0.209619 0.175497 0.126721 0.0780849 0.0380114 0.0140009 0.00379277 0.000735018 9.98992e-05 9.37404e-06 5.95879e-07 2.51052e-08 6.8685e-10 1.20007e-11 1.32176e-13
 1.42932e-11 1.55209e-09 9.93691e-08 3.75104e-06 8.34972e-05 0.00109643 0.00850347 0.0390911 0.107673 0.183278 0.208295 0.181047 0.133499 0.0812608 0.0382806 0.0135803 0.00355034 0.000662971 8.59706e-05 7.5825e-06 4.4705e-07 1.7338e-08 4.3582e-10 7.00541e-12 7.11394e-14
 1.44206e-11 1.56593e-09 1.00255e-07 3.78455e-06 8.42463e-05 0.00110637 0.00858217 0.0394675 0.108767 0.185131 0.209714 0.180514 0.131652 0.0799319 0.037717 0.013267 0.00337641 0.000604515 7.45368e-05 6.22322e-06 3.4584e-07 1.25684e-08 2.93976e-10 4.36804e-12 4.07987e-14
 1.51228e-11 1.64218e-09 1.05138e-07 3.96891e-06 8.83522e-05 0.00116034 0.00900127 0.0413921 0.113979 0.193247 0.215963 0.179996 0.125205 0.0725658 0.032911 0.0111867 0.00276016 0.0004788 5.68693e-05 4.53256e-06 2.38285e-07 8.13555e-09 1.77933e-10 2.46368e-12 2.13792e-14
 1.38537e-11 1.50438e-09 9.63182e-08 3.63621e-06 8.09608e-05 0.00106378 0.00826303 0.0381279 0.105916 0.183382 0.213735 0.188565 0.135835 0.0777793 0.0336169 0.0107101 0.00247033 0.000402095 4.50119e-05 3.39026e-06 1.68481e-07 5.42706e-09 1.11597e-10 1.44694e-12 1.17131e-14
 1.35697e-11 1.47355e-09 9.43455e-08 3.56187e-06 7.93127e-05 0.00104235 0.00810029 0.0374141 0.104136 0.180903 0.21187 0.188252 0.137485 0.0805839 0.0356673 0.0114368 0.00258086 0.000400569 4.20711e-05 2.95171e-06 1.36444e-07 4.09271e-09 7.84854e-11 9.49813e-13 7.17597e-15
#spawning biomass
 2255.14 3194.63 5486.71 8751.27 13007.2 18711.1 29455.1 47230.8 69214.8 92890.1 110898 136627 158463 141662 136790 131371 122791 126519 123017 131521 129104 140584 142497 149019 161097 171882 174661 199847 224041 232384 119829 52890.3 28354.1 20645.9 18405.8 17787.1 17622.2 17579.3 17568.4 17565.7 17565 17564.9 17564.8 17564.8 17564.8 17564.8 17564.8 17564.8 17564.8 17564.8 17564.8 17564.8 17564.8 17564.8 17564.8 17564.8 17564.8 17564.8 17564.8 17564.8 17564.8 17564.8 17564.8 17564.8 17564.8 17564.8 17564.8 17564.8 17564.8 17564.8 17564.8 17564.8 17564.8 17564.8 17564.8 17564.8 17564.8 17564.8 17564.8 17564.8 17564.8 17564.8 17564.8 17564.8 17564.8 17564.8 17564.8 17564.8 17564.8 17564.8 17564.8 17564.8 17564.8 17564.8 17564.8 17564.8 17564.8 17564.8 17564.8 17564.8 17564.8 17564.8 17564.8 17564.8 17564.8 17564.8 17564.8 17564.8 17564.8 17564.8 17564.8 17564.8 17564.8 17564.8 17564.8 17564.8 17564.8 17564.8 17564.8 17564.8 17564.8 17564.8 17564.8 17564.8 17564.8 17564.8 17564.8 17564.8 0 0 0 0 0 0 0 0 0 0 0 0 0 0 0 0 0 0 0 0 0 0 0 0 0
