SBPRF35
0.827133
Curr Bio
135109
B35
610087
F35
0.255204
FOFL
0.116643
OFL
18310.7
Bzero
236324
#pred survey bio
 10680.8 10527.6 13637.6 19020.3 24347 28569 33450.7 38956.6 44868.8 53455.6 66077.4 81369.8 109087 137960 139914 117467 106178 98263.9 112040 101831 98590.3 108140 116938 133119 141206 138172 124704 112966 106549 8.82486e+06 7.42048e+06 7.99543e+06 7.37684e+06 6.32877e+06 5.26854e+06 4.36213e+06 3.65039e+06 3.1188e+06 2.73391e+06 2.46045e+06 2.26815e+06 2.13339e+06 2.03837e+06 1.9704e+06 1.92145e+06 1.8869e+06 1.8621e+06 1.84402e+06 1.83061e+06 1.82051e+06 1.81281e+06 1.80686e+06 1.80221e+06 1.79855e+06 1.79564e+06 1.79331e+06 1.79145e+06 1.78994e+06 1.78872e+06 1.78773e+06 1.78693e+06 1.78628e+06 1.78574e+06 1.78531e+06 1.78495e+06 1.78466e+06 1.78442e+06 1.78423e+06 1.78407e+06 1.78394e+06 1.78384e+06 1.78375e+06 1.78368e+06 1.78362e+06 1.78357e+06 1.78353e+06 1.7835e+06 1.78347e+06 1.78345e+06 1.78343e+06 1.78342e+06 1.78341e+06 1.7834e+06 1.78339e+06 1.78338e+06 1.78338e+06 1.78338e+06 1.78337e+06 1.78337e+06 1.78337e+06 1.78336e+06 1.78336e+06 1.78336e+06 1.78336e+06 1.78336e+06 1.78336e+06 1.78336e+06 1.78336e+06 1.78336e+06 1.78336e+06 1.78336e+06 1.78336e+06 1.78336e+06 1.78336e+06 1.78336e+06 1.78336e+06 1.78336e+06 1.78336e+06 1.78336e+06 1.78336e+06 1.78336e+06 1.78336e+06 1.78336e+06 1.78336e+06 1.78336e+06 1.78336e+06 1.78336e+06 1.78336e+06 1.78336e+06 1.78336e+06 1.78336e+06 1.78336e+06 1.78336e+06 1.78336e+06 1.78336e+06 1.78336e+06 1.78336e+06 1.78336e+06 1.78336e+06 0 0 0 0 0 0 0 0 0 0 0 0 0 0 0 0 0 0 0 0 0 0 0 0 0
#obs survey bio
 9472.35 8439.97 13351.2 18917.5 32205.3 25597.9 41641.2 20373.1 41443.1 47918.7 63429.4 69178.7 87862.9 125243 111485 101037 68040.5 99823.4 94470.5 82887.8 63636.8 160061 115293 165196 91378.9 126834 119938 91581.5 125497
#pred catch bio
 6318.07 5823.55 7083.35 10292.5 14716.5 17744.1 21025.5 25412.2 31404.9 36378.9 44681.5 55805 75654 100082 110538 92943.6 86782 72842.9 92031.4 84801.9 80466.8 88291.4 95018.9 113110 121608 119995 105318 99343.2 1.05531 18310.7 64997.3 75357.7 69112.9 58007.5 47088.1 37958.1 30931.7 25800.2 22184.4 19701.2 18027.5 16914.8 16181 15698.8 15384.7 15185.4 15059.1 14978.9 14928 14895.8 14875.3 14862.4 14854.1 14848.9 14845.6 14843.5 14842.2 14841.3 14840.8 14840.4 14840.2 14840.1 14840 14839.9 14839.9 14839.9 14839.9 14839.9 14839.8 14839.8 14839.8 14839.8 14839.8 14839.8 14839.8 14839.8 14839.8 14839.8 14839.8 14839.8 14839.8 14839.8 14839.8 14839.8 14839.8 14839.8 14839.8 14839.8 14839.8 14839.8 14839.8 14839.8 14839.8 14839.8 14839.8 14839.8 14839.8 14839.8 14839.8 14839.8 14839.8 14839.8 14839.8 14839.8 14839.8 14839.8 14839.8 14839.8 14839.8 14839.8 14839.8 14839.8 14839.8 14839.8 14839.8 14839.8 14839.8 14839.8 14839.8 14839.8 14839.8 14839.8 14839.8 14839.8 14839.8 14839.8 14839.8 14839.8 14839.8 0 0 0 0 0 0 0 0 0 0 0 0 0 0 0 0 0 0 0 0 0 0 0 0 0
#obs catch bio
 5464.67 5819.78 7072.44 10198.9 14425.6 17531.4 20675.2 25247.3 31108.7 35721.6 42867.2 54342 73931.4 97853.7 109282 92531.2 86010.2 71299.4 91069.4 82767.7 79941.7 84664.3 92263.3 109076 119087 116109 102015 103944 0.9635
#pred cpue bio
 7849.41 7383.51 8707.64 12362 16317.5 18607.8 21564.4 25094.1 28274.8 31381.2 39765.9 49070 62008.2 81510.6 89044.7 73621.8 64100.2 57134.8 65722.2 60166.3 55137.2 59399.2 65079.7 72201.4 76150.7 76462.4 70376.6 65521.8 56546.1 6.31375e+06 6.58403e+06 7.7931e+06 7.26686e+06 6.20574e+06 5.13669e+06 4.22747e+06 3.51497e+06 2.9832e+06 2.59826e+06 2.32479e+06 2.13249e+06 1.99772e+06 1.90271e+06 1.83474e+06 1.78579e+06 1.75124e+06 1.72644e+06 1.70835e+06 1.69494e+06 1.68485e+06 1.67715e+06 1.6712e+06 1.66655e+06 1.66288e+06 1.65998e+06 1.65765e+06 1.65578e+06 1.65428e+06 1.65306e+06 1.65207e+06 1.65127e+06 1.65061e+06 1.65008e+06 1.64964e+06 1.64929e+06 1.649e+06 1.64876e+06 1.64857e+06 1.64841e+06 1.64828e+06 1.64817e+06 1.64808e+06 1.64801e+06 1.64796e+06 1.64791e+06 1.64787e+06 1.64784e+06 1.64781e+06 1.64779e+06 1.64777e+06 1.64776e+06 1.64775e+06 1.64774e+06 1.64773e+06 1.64772e+06 1.64772e+06 1.64771e+06 1.64771e+06 1.64771e+06 1.6477e+06 1.6477e+06 1.6477e+06 1.6477e+06 1.6477e+06 1.6477e+06 1.6477e+06 1.6477e+06 1.64769e+06 1.64769e+06 1.64769e+06 1.64769e+06 1.64769e+06 1.64769e+06 1.64769e+06 1.64769e+06 1.64769e+06 1.64769e+06 1.64769e+06 1.64769e+06 1.64769e+06 1.64769e+06 1.64769e+06 1.64769e+06 1.64769e+06 1.64769e+06 1.64769e+06 1.64769e+06 1.64769e+06 1.64769e+06 1.64769e+06 1.64769e+06 1.64769e+06 1.64769e+06 1.64769e+06 1.64769e+06 1.64769e+06 1.64769e+06 1.64769e+06 1.64769e+06 0 0 0 0 0 0 0 0 0 0 0 0 0 0 0 0 0 0 0 0 0 0 0 0 0
#obs cpue bio
 5857.61 9107.3 7737.38 14184.2 24610.3 19165.2 26749.3 41790.2 45488 46335.9 83314.5 90389.7 88609.8 124583 124233 103818 99792.4 89949.2 81175.9 126184 84427.4 90608.3 101006 111213 134170 146231 121962 85973.1 112796
#pred surv len freq
 2.56204e-27 2.58533e-27 3.05171e-26 5.89792e-20 1.4458e-14 4.28418e-10 1.53452e-06 0.000664389 0.0347717 0.219976 0.168609 0.0402118 0.187615 0.173422 0.0422164 0.0530413 0.0224858 0.0168786 0.0102414 0.00769933 0.00598606 0.00513968 0.00512688 0.0045316 0.00138185
 2.56366e-27 2.58997e-27 3.47722e-26 6.79561e-20 1.66586e-14 4.93624e-10 1.76808e-06 0.000765511 0.0400641 0.253457 0.194134 0.0377148 0.150682 0.1401 0.0503331 0.0797328 0.0273458 0.0117993 0.00520921 0.00291068 0.00183049 0.00134124 0.0011836 0.00104566 0.000349346
 2.56639e-27 2.59714e-27 4.08258e-26 8.07256e-20 1.97889e-14 5.86381e-10 2.10032e-06 0.000909357 0.0475925 0.301083 0.230515 0.0385923 0.131799 0.122031 0.0354687 0.0505156 0.0205717 0.0136175 0.00446095 0.00142648 0.000589168 0.000325293 0.000236564 0.000196097 6.78185e-05
 2.56455e-27 2.59198e-27 3.61132e-26 7.07834e-20 1.73517e-14 5.14162e-10 1.84164e-06 0.000797361 0.041731 0.264002 0.202242 0.0411812 0.171365 0.158353 0.03851 0.0481731 0.01779 0.00965525 0.00403092 0.00157387 0.000367186 0.000113696 5.7664e-05 4.09752e-05 1.40214e-05
 2.56409e-27 2.59095e-27 3.54035e-26 6.92869e-20 1.69849e-14 5.03292e-10 1.80271e-06 0.000780503 0.0408487 0.25842 0.197954 0.0395866 0.162243 0.150404 0.0456196 0.0663556 0.0227774 0.00973863 0.00348345 0.00128766 0.000389523 7.76578e-05 1.88349e-05 9.4604e-06 3.02969e-06
 2.56502e-27 2.59339e-27 3.74699e-26 7.36458e-20 1.80534e-14 5.34954e-10 1.91612e-06 0.000829605 0.0434185 0.274678 0.210372 0.0398049 0.15518 0.143653 0.0401762 0.0557036 0.0205239 0.0108404 0.00348109 0.0010015 0.000264473 6.01096e-05 8.94251e-06 2.04481e-06 5.42255e-07
 2.56483e-27 2.59275e-27 3.67937e-26 7.2219e-20 1.77036e-14 5.2459e-10 1.87899e-06 0.000813532 0.0425773 0.269356 0.206325 0.0408759 0.166173 0.153638 0.0390931 0.0506473 0.0178823 0.00842447 0.00297845 0.000964084 0.000204121 3.86205e-05 5.65379e-06 6.12565e-07 9.44397e-08
 2.5649e-27 2.59296e-27 3.69991e-26 7.26523e-20 1.78098e-14 5.27737e-10 1.89027e-06 0.000818413 0.0428328 0.270972 0.207555 0.0406357 0.163481 0.151229 0.0400331 0.0533619 0.0181521 0.00749499 0.00246249 0.000754272 0.000181139 3.03562e-05 3.61463e-06 3.00778e-07 2.05602e-08
 2.56551e-27 2.59454e-27 3.83302e-26 7.54602e-20 1.84982e-14 5.48133e-10 1.96332e-06 0.000850043 0.0444882 0.281445 0.215554 0.0407525 0.15875 0.14675 0.0371936 0.0480067 0.0164283 0.00691555 0.0021394 0.000573056 0.000126408 2.24222e-05 2.46372e-06 1.62321e-07 6.49074e-09
 2.56727e-27 2.59916e-27 4.2266e-26 8.37626e-20 2.05334e-14 6.08441e-10 2.17933e-06 0.000943568 0.049383 0.31241 0.2392 0.0408397 0.1428 0.131775 0.0299063 0.0350974 0.0116065 0.00429467 0.00131623 0.000345936 6.75591e-05 1.07192e-05 1.18658e-06 7.11857e-08 2.08509e-09
 2.56592e-27 2.59541e-27 3.88604e-26 7.65779e-20 1.87721e-14 5.56252e-10 1.9924e-06 0.000862634 0.0451472 0.285614 0.218765 0.0425275 0.170002 0.156741 0.0318868 0.0333003 0.010613 0.00331827 0.000948133 0.000223634 4.26408e-05 6.1428e-06 6.01184e-07 3.50647e-08 9.01969e-10
 2.56644e-27 2.59693e-27 4.03239e-26 7.96657e-20 1.95291e-14 5.78681e-10 2.07274e-06 0.000897417 0.0469676 0.29713 0.227537 0.0411144 0.153086 0.141374 0.0335724 0.0410006 0.0127543 0.00343369 0.000911216 0.000184199 3.13411e-05 4.21315e-06 3.75843e-07 1.94699e-08 4.7265e-10
 2.56796e-27 2.60097e-27 4.38095e-26 8.70186e-20 2.13315e-14 6.32092e-10 2.26405e-06 0.000980246 0.0513025 0.324554 0.248473 0.040831 0.13622 0.125615 0.0272374 0.0305394 0.00989033 0.00331532 0.000864707 0.000150684 2.22568e-05 2.57215e-06 2.07404e-07 9.69865e-09 2.1069e-10
 2.5662e-27 2.59612e-27 3.9425e-26 7.77688e-20 1.90641e-14 5.64903e-10 2.02339e-06 0.000876049 0.0458492 0.290055 0.222163 0.0428891 0.170367 0.156964 0.029881 0.0286524 0.00894633 0.00251042 0.000682642 0.000140361 1.92285e-05 1.87402e-06 1.26969e-07 5.2427e-09 1.0192e-10
 2.56399e-27 2.59025e-27 3.43677e-26 6.71004e-20 1.64489e-14 4.87409e-10 1.74582e-06 0.000755872 0.0395596 0.250266 0.191785 0.0432379 0.194364 0.179403 0.0392008 0.0442391 0.013358 0.00294502 0.000730447 0.000130949 1.97911e-05 2.00129e-06 1.14727e-07 3.91778e-09 6.62107e-11
 2.56506e-27 2.59321e-27 3.70565e-26 7.27728e-20 1.78394e-14 5.28613e-10 1.8934e-06 0.000819771 0.0429038 0.271422 0.207918 0.0418662 0.17259 0.159431 0.0378284 0.0461602 0.0142956 0.00372641 0.000892533 0.00012614 1.639e-05 1.6321e-06 9.9439e-08 2.95991e-09 4.11193e-11
 2.56591e-27 2.5954e-27 3.88727e-26 7.66039e-20 1.87785e-14 5.56441e-10 1.99308e-06 0.000862927 0.0451625 0.28571 0.218836 0.0423222 0.16839 0.15531 0.0326617 0.0354203 0.0111424 0.00322053 0.000812278 0.000130104 1.50003e-05 1.195e-06 6.773e-08 2.08433e-09 2.58907e-11
 2.56667e-27 2.59737e-27 4.05277e-26 8.00949e-20 1.96343e-14 5.81799e-10 2.08391e-06 0.000902252 0.0472206 0.298731 0.228783 0.0426201 0.163669 0.150783 0.0287954 0.027713 0.00836258 0.00186385 0.00046265 8.0623e-05 1.01938e-05 8.13163e-07 3.71774e-08 1.02097e-09 1.26814e-11
 2.56665e-27 2.59737e-27 4.05792e-26 8.02037e-20 1.9661e-14 5.8259e-10 2.08674e-06 0.000903478 0.0472848 0.299137 0.229086 0.0421577 0.159937 0.14745 0.0301908 0.0317321 0.0095356 0.00203356 0.000473287 6.78182e-05 8.71444e-06 7.67148e-07 3.63954e-08 8.4549e-10 9.16674e-12
 2.56586e-27 2.59513e-27 3.84948e-26 7.5806e-20 1.85829e-14 5.50646e-10 1.97232e-06 0.000853939 0.0446921 0.282735 0.216585 0.0436331 0.179948 0.165714 0.0297815 0.026198 0.00782197 0.00161456 0.00036765 4.84461e-05 5.38249e-06 4.26759e-07 2.18484e-08 5.31129e-10 5.08165e-12
 2.56779e-27 2.60041e-27 4.32079e-26 8.57489e-20 2.10203e-14 6.22869e-10 2.23101e-06 0.000965943 0.050554 0.319818 0.244874 0.041895 0.146846 0.135253 0.0259327 0.0250771 0.00730778 0.00118461 0.000254251 3.23538e-05 3.4071e-06 2.36719e-07 1.057e-08 2.645e-10 2.64287e-12
 2.56786e-27 2.6005e-27 4.32001e-26 8.57321e-20 2.10162e-14 6.22747e-10 2.23058e-06 0.000965755 0.0505441 0.319756 0.244838 0.0426371 0.152518 0.140305 0.0235287 0.0183299 0.0053794 0.000968004 0.000204309 2.09443e-05 2.02904e-06 1.33568e-07 5.30306e-09 1.15343e-10 1.14133e-12
 2.56749e-27 2.59949e-27 4.23058e-26 8.38456e-20 2.05537e-14 6.09044e-10 2.18149e-06 0.000944503 0.0494319 0.31272 0.239469 0.042888 0.158199 0.145558 0.0246574 0.0195722 0.00560941 0.000774501 0.000155031 1.72109e-05 1.54107e-06 8.43937e-08 3.10056e-09 6.04599e-11 5.22829e-13
 2.56833e-27 2.6018e-27 4.43714e-26 8.82032e-20 2.16219e-14 6.40697e-10 2.29487e-06 0.000993591 0.052001 0.328972 0.251866 0.0420625 0.143207 0.131772 0.0230862 0.0194609 0.00560075 0.000803409 0.000156631 1.38904e-05 1.19145e-06 6.60305e-08 2.06599e-09 3.55486e-11 2.75966e-13
 2.5681e-27 2.60112e-27 4.3697e-26 8.67802e-20 2.12731e-14 6.30361e-10 2.25785e-06 0.000977561 0.051162 0.323665 0.247827 0.0428856 0.152309 0.140021 0.0218189 0.014497 0.00414167 0.000572221 0.000110526 9.84623e-06 7.65903e-07 3.55113e-08 1.09465e-09 1.68779e-11 1.13065e-13
 2.56738e-27 2.59914e-27 4.19438e-26 8.30816e-20 2.03665e-14 6.03495e-10 2.16162e-06 0.000935897 0.0489815 0.309871 0.237302 0.0434314 0.163857 0.150678 0.023715 0.0161315 0.00452702 0.000477437 8.29701e-05 7.11142e-06 5.4586e-07 2.42401e-08 6.35557e-10 8.99863e-12 5.54595e-14
 2.56692e-27 2.59791e-27 4.0872e-26 8.08207e-20 1.98122e-14 5.87071e-10 2.10279e-06 0.000910428 0.0476485 0.301438 0.230865 0.0435663 0.169406 0.155845 0.0254796 0.0188524 0.00530738 0.000574023 9.80046e-05 6.65533e-06 4.45436e-07 1.90363e-08 4.83017e-10 6.03549e-12 3.29425e-14
 2.56631e-27 2.5963e-27 3.95002e-26 7.7927e-20 1.91029e-14 5.66052e-10 2.0275e-06 0.000877832 0.0459426 0.290645 0.222624 0.0435697 0.175221 0.16131 0.0282407 0.0237723 0.00677415 0.000852588 0.000154953 1.08417e-05 6.80824e-07 2.31105e-08 5.32716e-10 6.38875e-12 3.16354e-14
 2.56882e-27 2.60312e-27 4.55315e-26 9.06504e-20 2.22219e-14 6.58474e-10 2.35854e-06 0.00102116 0.0534438 0.3381 0.258832 0.0418262 0.136515 0.125569 0.0214964 0.017397 0.00498196 0.000676579 0.000127924 1.00873e-05 6.82008e-07 2.30891e-08 4.5208e-10 4.57493e-12 2.12634e-14
#obs surv len freq
 1.08335e-41 1.50361e-33 2.52262e-26 5.11582e-20 1.25408e-14 3.71608e-10 1.33104e-06 0.000576294 0.0301609 0.190808 0.146407 0.0401172 0.173108 0.146507 0.10393 0.101971 0.0444971 0.0174646 0.00393464 0.000492072 2.5161e-05 3.81429e-07 1.28923e-09 7.91918e-13 7.74379e-17
 1.6031e-41 2.22499e-33 3.73288e-26 7.57021e-20 1.85575e-14 5.49892e-10 1.96962e-06 0.000852779 0.0446311 0.282349 0.216325 0.0406772 0.126704 0.102265 0.0760234 0.0687371 0.0288145 0.010303 0.00208307 0.000223551 9.3308e-06 1.09451e-07 2.74839e-10 1.2233e-13 8.54715e-18
 1.5353e-41 2.1309e-33 3.57503e-26 7.25008e-20 1.77727e-14 5.26638e-10 1.88633e-06 0.000816717 0.0427437 0.27041 0.207436 0.0499633 0.176524 0.128704 0.0566414 0.0428137 0.0172754 0.00557995 0.000995557 9.00805e-05 3.02131e-06 2.72416e-08 5.07909e-11 1.63993e-14 8.19633e-19
 1.07483e-41 1.49179e-33 2.50279e-26 5.07561e-20 1.24423e-14 3.68687e-10 1.32058e-06 0.000571764 0.0299238 0.189309 0.145742 0.0565104 0.230452 0.16322 0.0979898 0.0658142 0.0159408 0.00388028 0.000598433 4.47608e-05 1.18487e-06 8.11407e-09 1.11808e-11 2.61903e-15 9.37993e-20
 1.50416e-41 2.08767e-33 3.5025e-26 7.10301e-20 1.74122e-14 5.15955e-10 1.84807e-06 0.000800149 0.0418766 0.264925 0.203282 0.0472009 0.142028 0.104058 0.103995 0.0690441 0.0189225 0.00351927 0.000327423 1.84644e-05 3.7801e-07 1.93877e-09 1.95712e-12 3.31269e-16 8.49684e-21
 1.2015e-41 1.66761e-33 2.79776e-26 5.6738e-20 1.39086e-14 4.12139e-10 1.47621e-06 0.00063915 0.0334506 0.211622 0.163137 0.0649847 0.231156 0.143944 0.0782942 0.0496779 0.0190629 0.0037266 0.000292984 1.00356e-05 1.3631e-07 5.06877e-10 3.70556e-13 4.49962e-17 8.23031e-22
 1.37625e-41 1.91014e-33 3.20466e-26 6.499e-20 1.59315e-14 4.7208e-10 1.69091e-06 0.000732108 0.0383156 0.242399 0.186518 0.0579561 0.175225 0.116661 0.10974 0.0569095 0.0128208 0.00249252 0.000222969 6.38983e-06 5.44567e-08 1.25908e-10 6.27498e-14 5.37255e-18 6.95572e-23
 1.19761e-41 1.6622e-33 2.78869e-26 5.6554e-20 1.38636e-14 4.10802e-10 1.47143e-06 0.000637077 0.0333421 0.210938 0.163063 0.0723724 0.227537 0.133356 0.0933039 0.0488832 0.0144208 0.00200964 0.000131266 3.67992e-06 2.62835e-08 4.01621e-11 1.22824e-14 6.77374e-19 5.95217e-24
 1.51218e-41 2.0988e-33 3.52117e-26 7.14087e-20 1.7505e-14 5.18705e-10 1.85792e-06 0.000804414 0.0420998 0.266341 0.205185 0.0643895 0.166939 0.104116 0.0966564 0.0423981 0.00961414 0.0013732 7.94977e-05 1.57297e-06 9.27276e-09 1.16259e-11 2.5324e-15 8.97144e-20 4.967e-25
 1.52037e-41 2.11017e-33 3.54025e-26 7.17955e-20 1.75998e-14 5.21515e-10 1.86798e-06 0.000808771 0.0423279 0.267787 0.206909 0.0779441 0.198318 0.103584 0.0660672 0.0283847 0.00703803 0.000789877 3.79464e-05 6.37919e-07 2.72468e-09 2.52831e-12 4.28673e-16 1.14147e-20 4.42218e-26
 1.10075e-41 1.52776e-33 2.56314e-26 5.198e-20 1.27423e-14 3.77577e-10 1.35242e-06 0.000585551 0.0306454 0.193887 0.151556 0.0973135 0.258351 0.135855 0.0944879 0.031401 0.00534277 0.000549888 2.24916e-05 2.90061e-07 9.69918e-10 6.62084e-13 7.95906e-17 1.54065e-21 4.4359e-27
 1.66347e-41 2.30879e-33 3.87347e-26 7.85532e-20 1.92564e-14 5.70602e-10 2.04381e-06 0.000884897 0.046312 0.292994 0.226228 0.0713084 0.144957 0.0942071 0.089695 0.0285236 0.00454897 0.000329673 9.94175e-06 1.03198e-07 2.59591e-10 1.31109e-13 1.1548e-17 1.5928e-22 3.22504e-28
 1.33634e-41 1.85476e-33 3.11174e-26 6.31054e-20 1.54696e-14 4.58391e-10 1.64188e-06 0.000710879 0.0372046 0.235392 0.184418 0.110488 0.242792 0.106738 0.0575964 0.0204024 0.00398573 0.000264084 5.98791e-06 4.25202e-08 7.82004e-11 2.91489e-14 1.8559e-18 1.84056e-23 2.66965e-29
 1.11964e-41 1.55399e-33 2.60714e-26 5.28722e-20 1.2961e-14 3.84058e-10 1.37563e-06 0.000595602 0.0311714 0.197231 0.155869 0.111874 0.235107 0.137588 0.10353 0.0238896 0.00293501 0.00020353 4.53744e-06 2.49882e-08 3.13532e-11 7.9873e-15 3.60279e-19 2.5557e-24 2.63908e-30
 8.76139e-42 1.21602e-33 2.04013e-26 4.13734e-20 1.01422e-14 3.00532e-10 1.07646e-06 0.000466069 0.0243922 0.154356 0.124414 0.123685 0.249737 0.159698 0.12409 0.034351 0.00460329 0.000202383 3.43245e-06 1.72338e-08 1.7562e-11 3.1861e-15 9.70235e-20 4.67002e-25 3.34306e-31
 1.40919e-41 1.95587e-33 3.28137e-26 6.65455e-20 1.63129e-14 4.8338e-10 1.73139e-06 0.000749631 0.0392327 0.248233 0.194589 0.0942168 0.159336 0.127165 0.102762 0.0293136 0.00419989 0.000197572 2.64558e-06 9.06626e-09 7.22601e-12 1.06136e-15 2.45153e-20 8.36271e-26 4.09013e-32
 9.72893e-42 1.35031e-33 2.26543e-26 4.59424e-20 1.12622e-14 3.33721e-10 1.19533e-06 0.000517538 0.027086 0.171439 0.141383 0.162243 0.273036 0.126263 0.0722805 0.0223607 0.00323633 0.000151766 1.99532e-06 5.78467e-09 3.26808e-12 3.36136e-16 5.7907e-21 1.50964e-26 5.53407e-33
 1.43324e-41 1.98924e-33 3.33737e-26 6.76812e-20 1.65912e-14 4.91629e-10 1.76093e-06 0.000762424 0.0399023 0.252495 0.199857 0.1078 0.161287 0.136398 0.0843897 0.0153534 0.00167583 7.66404e-05 9.49233e-07 2.50661e-09 1.20479e-12 9.46484e-17 1.14843e-21 2.07913e-27 5.43107e-34
 1.00053e-41 1.38867e-33 2.32978e-26 4.72474e-20 1.15821e-14 3.432e-10 1.22929e-06 0.000532239 0.0278554 0.176366 0.149091 0.183273 0.260895 0.12155 0.0628009 0.0160887 0.00150197 4.40743e-05 4.41361e-07 1.02175e-09 4.211e-13 2.74894e-17 2.65203e-22 3.61535e-28 6.77762e-35
 1.285e-41 1.78349e-33 2.99218e-26 6.06808e-20 1.48752e-14 4.40779e-10 1.5788e-06 0.000683565 0.0357752 0.226443 0.183794 0.13219 0.1813 0.152827 0.0744902 0.0114908 0.000975664 2.80895e-05 1.98813e-07 3.24591e-10 1.05179e-13 5.56584e-18 4.31552e-23 4.6525e-29 6.7631e-36
 1.41412e-41 1.96271e-33 3.29285e-26 6.67784e-20 1.63699e-14 4.85071e-10 1.73744e-06 0.000752254 0.0393702 0.249246 0.20497 0.159279 0.187268 0.101256 0.0475418 0.00965449 0.000647616 1.32369e-05 7.95667e-08 9.98732e-11 2.23748e-14 8.38962e-19 4.86124e-24 4.02169e-30 4.50651e-37
 1.12916e-41 1.5672e-33 2.6293e-26 5.33217e-20 1.30712e-14 3.87323e-10 1.38733e-06 0.000600666 0.0314369 0.19916 0.172737 0.196547 0.225224 0.122776 0.0446583 0.00642624 0.00042445 8.07956e-06 3.53768e-08 3.29782e-11 5.66203e-15 1.54377e-19 6.22038e-25 3.58123e-31 2.86216e-38
 1.37677e-41 1.91087e-33 3.20587e-26 6.50145e-20 1.59375e-14 4.72258e-10 1.69155e-06 0.000732384 0.0383305 0.242759 0.203293 0.160556 0.179152 0.126004 0.0436684 0.00525341 0.000246127 3.67962e-06 1.3913e-08 1.00648e-11 1.23847e-15 2.44173e-20 7.21807e-26 3.00892e-32 1.69996e-39
 1.35556e-41 1.88143e-33 3.15649e-26 6.4013e-20 1.5692e-14 4.64983e-10 1.6655e-06 0.000721102 0.0377404 0.239167 0.207136 0.194171 0.188219 0.0967064 0.0318682 0.00410211 0.000164351 1.77447e-06 4.79111e-09 2.67554e-12 2.57021e-16 3.76613e-21 7.9531e-27 2.35062e-33 9.49274e-41
 1.18917e-41 1.65049e-33 2.76904e-26 5.61556e-20 1.37659e-14 4.07909e-10 1.46106e-06 0.00063259 0.0331085 0.210017 0.190594 0.214053 0.206667 0.112571 0.029395 0.00285588 0.000103843 9.86955e-07 1.99911e-09 7.76965e-13 5.29222e-17 5.71871e-22 9.02872e-28 1.9696e-34 5.74448e-42
 1.0617e-41 1.47357e-33 2.47222e-26 5.01361e-20 1.22903e-14 3.64183e-10 1.30445e-06 0.00056478 0.0295602 0.187721 0.17787 0.221128 0.217576 0.130114 0.0325758 0.00281143 7.66015e-05 5.66158e-07 9.4353e-10 2.853e-13 1.39755e-17 1.04766e-22 1.15215e-28 1.78609e-35 3.76745e-43
 1.04659e-41 1.4526e-33 2.43703e-26 4.94226e-20 1.21154e-14 3.59e-10 1.28588e-06 0.000556743 0.0291401 0.185218 0.179219 0.22091 0.216991 0.13279 0.0324064 0.00270381 6.3683e-05 3.61737e-07 4.40621e-10 1.00423e-13 3.76894e-18 2.11401e-23 1.67617e-29 1.82292e-36 2.66783e-44
 1.26788e-41 1.75974e-33 2.95232e-26 5.98725e-20 1.4677e-14 4.34907e-10 1.55777e-06 0.00067446 0.0353007 0.224089 0.204507 0.199692 0.192434 0.113517 0.0274542 0.00227835 5.2352e-05 2.75342e-07 2.85767e-10 5.22949e-14 1.55761e-18 7.05592e-24 4.59326e-30 4.11016e-37 4.89984e-45
 1.26791e-41 1.75977e-33 2.95238e-26 5.98737e-20 1.46773e-14 4.34916e-10 1.5578e-06 0.000674474 0.0353014 0.224093 0.204511 0.199701 0.192603 0.113873 0.0270707 0.00212528 4.52073e-05 2.15743e-07 2.002e-10 3.23745e-14 8.4474e-19 3.33397e-24 1.88542e-30 1.4636e-37 1.51219e-45
#pred catch len freq
 2.55728e-27 2.57274e-27 1.9729e-26 3.62222e-20 8.87944e-15 2.63114e-10 9.42429e-07 0.000408036 0.0213551 0.135099 0.103802 0.040443 0.234905 0.217458 0.0570604 0.0759918 0.0322421 0.0242005 0.0146252 0.0109573 0.008501 0.00729216 0.00727169 0.00642696 0.00195981
 2.55836e-27 2.57606e-27 2.29403e-26 4.29975e-20 1.05403e-14 3.12329e-10 1.11871e-06 0.000484358 0.0253496 0.160369 0.123046 0.0372317 0.196951 0.183617 0.0728385 0.120213 0.0412611 0.0178263 0.00784548 0.00436665 0.00273991 0.00200553 0.00176921 0.00156291 0.000522149
 2.56106e-27 2.58306e-27 2.87554e-26 5.52636e-20 1.35472e-14 4.01428e-10 1.43785e-06 0.000622533 0.0325812 0.206118 0.158008 0.0390379 0.186132 0.172749 0.0548853 0.0822484 0.033532 0.0222217 0.00726461 0.00231239 0.000952593 0.0005253 0.00038186 0.000316511 0.000109462
 2.5595e-27 2.57856e-27 2.45094e-26 4.63052e-20 1.13512e-14 3.36355e-10 1.20477e-06 0.000521618 0.0272996 0.172706 0.132549 0.0424319 0.229848 0.21275 0.0558708 0.0741878 0.0274234 0.0148932 0.00619911 0.00241221 0.000561519 0.000173578 8.79858e-05 6.25145e-05 2.13917e-05
 2.55924e-27 2.57813e-27 2.43928e-26 4.60603e-20 1.12911e-14 3.34576e-10 1.19839e-06 0.000518859 0.0271552 0.171792 0.131815 0.0401256 0.212813 0.197658 0.0646173 0.0978696 0.0335883 0.0143293 0.00511005 0.00188051 0.000567585 0.000113021 2.739e-05 1.37549e-05 4.40493e-06
 2.56031e-27 2.5809e-27 2.67079e-26 5.09436e-20 1.24882e-14 3.70048e-10 1.32545e-06 0.000573869 0.0300343 0.190005 0.145731 0.0406785 0.207243 0.19217 0.0573156 0.0826927 0.0304407 0.0160214 0.00513128 0.00146898 0.000386935 8.78245e-05 1.30579e-05 2.98496e-06 7.91541e-07
 2.56025e-27 2.58056e-27 2.62385e-26 4.99527e-20 1.22453e-14 3.6285e-10 1.29967e-06 0.000562707 0.0294501 0.18631 0.142933 0.0421506 0.220412 0.204079 0.0550423 0.0744007 0.0262471 0.0123135 0.00433947 0.0013984 0.000295395 5.58009e-05 8.16362e-06 8.84267e-07 1.36318e-07
 2.56046e-27 2.58114e-27 2.6757e-26 5.10467e-20 1.25135e-14 3.70797e-10 1.32813e-06 0.00057503 0.030095 0.19039 0.146043 0.0418483 0.215927 0.200024 0.0558775 0.0772703 0.0262558 0.0107799 0.00353042 0.00107602 0.000257786 4.31429e-05 5.13341e-06 4.27041e-07 2.91885e-08
 2.56145e-27 2.58369e-27 2.89027e-26 5.55727e-20 1.3623e-14 4.03673e-10 1.44589e-06 0.000626014 0.0327633 0.20727 0.158938 0.0421548 0.209199 0.193608 0.0509835 0.0677084 0.023122 0.00964843 0.00297488 0.000792462 0.00017435 3.08801e-05 3.39087e-06 2.2334e-07 8.9298e-09
 2.56335e-27 2.58864e-27 3.30736e-26 6.43709e-20 1.57797e-14 4.67582e-10 1.6748e-06 0.000725125 0.0379504 0.240085 0.184002 0.0426261 0.195176 0.180318 0.0423143 0.051203 0.0169018 0.00619612 0.00189227 0.000494622 9.63527e-05 1.52629e-05 1.68836e-06 1.01262e-07 2.96573e-09
 2.56188e-27 2.58452e-27 2.93077e-26 5.64259e-20 1.38321e-14 4.09871e-10 1.46809e-06 0.000635627 0.0332664 0.210453 0.161408 0.0446916 0.226768 0.209282 0.0440358 0.0477952 0.015216 0.00471795 0.00134368 0.000315175 5.99409e-05 8.62152e-06 8.43137e-07 4.91623e-08 1.26448e-09
 2.56243e-27 2.58619e-27 3.09419e-26 5.98739e-20 1.46774e-14 4.34916e-10 1.5578e-06 0.000674467 0.0352992 0.223313 0.171198 0.0428373 0.20578 0.190254 0.0468466 0.0589779 0.0183258 0.00488874 0.00129313 0.000259895 4.41024e-05 5.91864e-06 5.27589e-07 2.73223e-08 6.63199e-10
 2.56429e-27 2.59109e-27 3.51479e-26 6.87464e-20 1.68523e-14 4.99365e-10 1.78864e-06 0.000774414 0.04053 0.256404 0.196465 0.0427128 0.18708 0.172708 0.0384639 0.0443055 0.0143211 0.00474945 0.00123513 0.000213938 3.1512e-05 3.63509e-06 2.92873e-07 1.36909e-08 2.9738e-10
 2.56256e-27 2.58626e-27 3.07385e-26 5.94439e-20 1.45719e-14 4.31793e-10 1.54661e-06 0.000669623 0.0350456 0.221709 0.17001 0.0451345 0.224095 0.206627 0.0401676 0.0396162 0.0123507 0.00342617 0.000928189 0.000189734 2.59295e-05 2.52227e-06 1.70738e-07 7.04741e-09 1.36987e-10
 2.56063e-27 2.58118e-27 2.64099e-26 5.03129e-20 1.23336e-14 3.65466e-10 1.30904e-06 0.000566764 0.0296624 0.187653 0.144004 0.0450287 0.241563 0.223102 0.049563 0.0568686 0.0171452 0.00372939 0.000921038 0.000164064 2.47261e-05 2.49609e-06 1.42971e-07 4.88027e-09 8.24643e-11
 2.56171e-27 2.58422e-27 2.91879e-26 5.61736e-20 1.37703e-14 4.08038e-10 1.46152e-06 0.000632784 0.0331176 0.209512 0.16067 0.0434673 0.217971 0.201487 0.0485312 0.0599864 0.0185392 0.00476474 0.0011372 0.000159678 2.06835e-05 2.05564e-06 1.25142e-07 3.7236e-09 5.17199e-11
 2.56289e-27 2.58726e-27 3.17167e-26 6.15079e-20 1.50779e-14 4.46785e-10 1.60031e-06 0.000692873 0.0362625 0.229407 0.175872 0.0440939 0.212058 0.195694 0.041383 0.0451495 0.0141641 0.00402857 0.00101212 0.000161046 1.8518e-05 1.47207e-06 8.3354e-08 2.56416e-09 3.18461e-11
 2.56319e-27 2.58797e-27 3.22342e-26 6.25991e-20 1.53454e-14 4.54712e-10 1.6287e-06 0.000705166 0.0369058 0.233477 0.178991 0.0448128 0.215338 0.198536 0.0385625 0.0379659 0.0114412 0.00251795 0.000622475 0.000107806 1.35958e-05 1.08252e-06 4.94468e-08 1.35729e-09 1.6856e-11
 2.56378e-27 2.5896e-27 3.37313e-26 6.57575e-20 1.61197e-14 4.77655e-10 1.71088e-06 0.000740745 0.0387679 0.245257 0.187972 0.0439484 0.20245 0.186746 0.0383412 0.0404251 0.0121233 0.00254256 0.00058901 8.38257e-05 1.07376e-05 9.4347e-07 4.47223e-08 1.03848e-09 1.1257e-11
 2.56302e-27 2.58741e-27 3.16576e-26 6.13825e-20 1.50472e-14 4.45875e-10 1.59705e-06 0.000691461 0.0361886 0.228939 0.17554 0.0456561 0.22418 0.206541 0.0371852 0.0328026 0.00977468 0.001984 0.000449673 5.8855e-05 6.51877e-06 5.15743e-07 2.63799e-08 6.41036e-10 6.13211e-12
 2.56508e-27 2.59305e-27 3.67034e-26 7.20273e-20 1.76566e-14 5.23197e-10 1.874e-06 0.000811372 0.0424643 0.268641 0.205825 0.0437323 0.188262 0.173504 0.0332932 0.0322285 0.0093776 0.00149504 0.000319068 4.03267e-05 4.23368e-06 2.93519e-07 1.30931e-08 3.27491e-10 3.27172e-12
 2.56518e-27 2.59321e-27 3.67342e-26 7.20918e-20 1.76724e-14 5.23666e-10 1.87568e-06 0.0008121 0.0425024 0.268882 0.206024 0.0446745 0.195293 0.179758 0.0301555 0.0235078 0.00688702 0.00121844 0.000255918 2.60616e-05 2.51585e-06 1.65256e-07 6.55468e-09 1.42497e-10 1.40974e-12
 2.56471e-27 2.59194e-27 3.56103e-26 6.97209e-20 1.70912e-14 5.06444e-10 1.814e-06 0.000785391 0.0411045 0.260039 0.199276 0.0449793 0.202353 0.186289 0.0316077 0.0251637 0.0072035 0.000978996 0.000194764 2.1479e-05 1.91731e-06 1.04757e-07 3.84451e-09 7.49301e-11 6.47824e-13
 2.566e-27 2.59547e-27 3.87598e-26 7.6365e-20 1.872e-14 5.54706e-10 1.98686e-06 0.000860236 0.0450217 0.28482 0.21818 0.0438145 0.180207 0.165903 0.0289132 0.024153 0.00694005 0.000977851 0.000189455 1.66906e-05 1.42609e-06 7.88584e-08 2.46479e-09 4.23868e-11 3.28979e-13
 2.56584e-27 2.59494e-27 3.82009e-26 7.51857e-20 1.84309e-14 5.46139e-10 1.95618e-06 0.000846951 0.0443264 0.280421 0.214836 0.0447503 0.189678 0.174456 0.0270459 0.0177453 0.00506126 0.000686728 0.000131773 1.16615e-05 9.03815e-07 4.18052e-08 1.28717e-09 1.9836e-11 1.32848e-13
 2.56505e-27 2.5928e-27 3.63007e-26 7.11771e-20 1.74482e-14 5.17021e-10 1.85188e-06 0.000801795 0.041963 0.26547 0.203429 0.0453376 0.202162 0.185978 0.0291225 0.0195723 0.00548599 0.000569064 9.80685e-05 8.35019e-06 6.38545e-07 2.82902e-08 7.40904e-10 1.04838e-11 6.45972e-14
 2.56432e-27 2.59082e-27 3.45839e-26 6.75555e-20 1.65604e-14 4.90715e-10 1.75766e-06 0.000760998 0.0398279 0.251963 0.193119 0.0456106 0.211483 0.194641 0.0317651 0.0234145 0.00658507 0.00070116 0.000118827 8.02228e-06 5.3454e-07 2.27899e-08 5.77604e-10 7.21314e-12 3.93596e-14
 2.56392e-27 2.58981e-27 3.37392e-26 6.57737e-20 1.61236e-14 4.77772e-10 1.7113e-06 0.000740927 0.0387774 0.245317 0.188041 0.0453841 0.213327 0.196458 0.0341835 0.0284716 0.00810189 0.00100195 0.000180857 1.25783e-05 7.86584e-07 2.66359e-08 6.13153e-10 7.34893e-12 3.63803e-14
 2.56224e-27 2.58535e-27 2.98991e-26 5.76729e-20 1.41378e-14 4.18929e-10 1.50053e-06 0.000649674 0.0340016 0.215104 0.164975 0.0456502 0.231558 0.213498 0.0411201 0.0399967 0.0115094 0.00160416 0.00030572 2.40905e-05 1.62734e-06 5.50121e-08 1.07612e-09 1.08835e-11 5.05702e-14
#obs catch len freq
 5.00821e-42 6.95107e-34 1.16619e-26 2.365e-20 5.79752e-15 1.71791e-10 6.15328e-07 0.000266416 0.0139431 0.0882095 0.068081 0.0399242 0.218898 0.186831 0.143842 0.143354 0.0640838 0.0257576 0.0059932 0.000773926 4.11846e-05 6.52304e-07 2.29888e-09 1.46525e-12 1.47911e-16
 5.72315e-42 7.94335e-34 1.33266e-26 2.70261e-20 6.62513e-15 1.96315e-10 7.03168e-07 0.000304447 0.0159336 0.100802 0.0778059 0.0436107 0.222831 0.181327 0.143108 0.131248 0.0570463 0.0210338 0.00443245 0.000495244 2.1472e-05 2.61665e-07 6.82039e-10 3.14121e-13 2.26189e-17
 1.07911e-41 1.49773e-33 2.51276e-26 5.09582e-20 1.24918e-14 3.70155e-10 1.32583e-06 0.00057404 0.030043 0.190062 0.146012 0.0451723 0.181695 0.140892 0.114006 0.0957526 0.039768 0.0132843 0.00249312 0.000236909 8.30111e-06 7.76403e-08 1.49569e-10 4.97695e-14 2.55658e-18
 1.11593e-41 1.54884e-33 2.5985e-26 5.2697e-20 1.29181e-14 3.82786e-10 1.37108e-06 0.000593629 0.0310682 0.196548 0.151308 0.0583433 0.237425 0.163991 0.0769147 0.0544971 0.0216598 0.00649577 0.00106728 8.47351e-05 2.36417e-06 1.68732e-08 2.40183e-11 5.78136e-15 2.12116e-19
 7.84915e-42 1.08941e-33 1.82771e-26 3.70656e-20 9.0862e-15 2.69241e-10 9.64377e-07 0.000417542 0.0218525 0.138249 0.107058 0.064845 0.274012 0.184661 0.11642 0.0712351 0.0168104 0.00385877 0.000543935 3.53756e-05 7.7243e-07 4.16031e-09 4.35797e-12 7.59017e-16 1.99255e-20
 1.25993e-41 1.7487e-33 2.93381e-26 5.94971e-20 1.4585e-14 4.32181e-10 1.548e-06 0.000670231 0.0350772 0.221911 0.17067 0.0528906 0.17237 0.12215 0.125189 0.0754568 0.0199477 0.00336232 0.000288633 1.41865e-05 2.37801e-07 9.53855e-10 7.29262e-13 9.1562e-17 1.71891e-21
 1.03866e-41 1.44159e-33 2.41857e-26 4.90482e-20 1.20236e-14 3.56281e-10 1.27614e-06 0.000552524 0.0289169 0.182942 0.141615 0.0737299 0.260208 0.153506 0.0858014 0.0507009 0.0185567 0.00323622 0.00022647 6.71174e-06 7.51798e-08 2.18073e-10 1.20374e-13 1.08204e-17 1.44666e-22
 1.28022e-41 1.77687e-33 2.98106e-26 6.04553e-20 1.48199e-14 4.39141e-10 1.57293e-06 0.000681025 0.0356421 0.225487 0.173912 0.0643188 0.192015 0.12359 0.116022 0.0542357 0.0118225 0.00210512 0.000163582 3.93228e-06 2.73296e-08 4.95392e-11 1.86586e-14 1.18111e-18 1.11651e-23
 1.15123e-41 1.59783e-33 2.68069e-26 5.43638e-20 1.33267e-14 3.94893e-10 1.41444e-06 0.000612405 0.0320508 0.202771 0.157238 0.0799555 0.239649 0.134269 0.0939235 0.0453391 0.0125418 0.00155519 9.07589e-05 2.11589e-06 1.20401e-08 1.42863e-11 3.30806e-15 1.35108e-19 8.6647e-25
 1.51385e-41 2.10112e-33 3.52507e-26 7.14877e-20 1.75244e-14 5.19279e-10 1.85997e-06 0.000805305 0.0421464 0.266638 0.205731 0.0695738 0.171191 0.103727 0.0937611 0.0373199 0.00802832 0.00102414 5.11001e-05 8.45175e-07 3.97204e-09 3.82287e-12 6.26586e-16 1.64496e-20 6.65952e-26
 1.5547e-41 2.15782e-33 3.62019e-26 7.34167e-20 1.79972e-14 5.33291e-10 1.91016e-06 0.000827034 0.0432837 0.273837 0.211913 0.0831012 0.196777 0.0982706 0.0614984 0.0243375 0.00557708 0.000553227 2.30512e-05 3.18099e-07 1.07629e-09 7.67186e-13 9.74873e-17 1.9176e-21 5.43652e-27
 1.15714e-41 1.60603e-33 2.69446e-26 5.4643e-20 1.33951e-14 3.96921e-10 1.42171e-06 0.00061555 0.0322154 0.203824 0.159718 0.104068 0.25417 0.128824 0.0861845 0.0258671 0.0041228 0.00037548 1.30645e-05 1.38011e-07 3.63149e-10 1.89264e-13 1.70276e-17 2.43039e-22 5.10888e-28
 1.72415e-41 2.39301e-33 4.01477e-26 8.14188e-20 1.99589e-14 5.91418e-10 2.11836e-06 0.000917178 0.0480014 0.303685 0.234742 0.0749078 0.14061 0.0903313 0.0801474 0.023072 0.00336539 0.000213368 5.51794e-06 4.64992e-08 9.15003e-11 3.51814e-14 2.31206e-18 2.34797e-23 3.46785e-29
 1.39886e-41 1.94152e-33 3.2573e-26 6.60575e-20 1.61932e-14 4.79834e-10 1.71869e-06 0.000744133 0.038945 0.246409 0.193535 0.116453 0.234214 0.0986247 0.0512059 0.0167814 0.00291721 0.000166284 3.17585e-06 1.83145e-08 2.63219e-11 7.44063e-15 3.527e-19 2.5714e-24 2.71778e-30
 1.18961e-41 1.65111e-33 2.77007e-26 5.61765e-20 1.3771e-14 4.0806e-10 1.46161e-06 0.000632825 0.0331195 0.209564 0.166127 0.11863 0.228405 0.131596 0.0908178 0.0188401 0.00213603 0.000127924 2.34546e-06 1.03276e-08 1.00857e-11 1.94882e-15 6.53647e-20 3.40381e-25 2.55894e-31
 9.43941e-42 1.31013e-33 2.19801e-26 4.45752e-20 1.09271e-14 3.2379e-10 1.15976e-06 0.000502137 0.0262799 0.16631 0.13466 0.132096 0.24455 0.154792 0.109716 0.0277136 0.00325425 0.000122875 1.74533e-06 6.93726e-09 5.4353e-12 7.44398e-16 1.68475e-20 5.9514e-26 3.09867e-32
 1.49633e-41 2.07681e-33 3.48428e-26 7.06606e-20 1.73216e-14 5.13271e-10 1.83845e-06 0.000795987 0.0416588 0.263591 0.207023 0.0983852 0.152877 0.121293 0.0882849 0.0230841 0.00288981 0.000114606 1.25255e-06 3.4147e-09 2.0932e-12 2.30698e-16 3.94584e-21 9.87456e-27 3.51546e-33
 1.04906e-41 1.45603e-33 2.44278e-26 4.95392e-20 1.21439e-14 3.59847e-10 1.28891e-06 0.000558055 0.0292065 0.184878 0.153247 0.170301 0.261313 0.117797 0.0626342 0.0177513 0.00222382 8.76338e-05 9.28492e-07 2.10476e-09 9.09752e-13 7.02366e-17 8.93892e-22 1.70456e-27 4.54366e-34
 1.52616e-41 2.11821e-33 3.55374e-26 7.20691e-20 1.76669e-14 5.23503e-10 1.8751e-06 0.000811854 0.0424893 0.268877 0.213277 0.111359 0.153584 0.127414 0.0695135 0.0115128 0.00111699 4.26715e-05 4.22441e-07 8.64699e-10 3.15004e-13 1.84748e-17 1.65435e-22 2.18911e-28 4.14832e-35
 1.08349e-41 1.50382e-33 2.52296e-26 5.11652e-20 1.25425e-14 3.71658e-10 1.33122e-06 0.000576372 0.0301653 0.191017 0.162326 0.190287 0.247188 0.112074 0.0531843 0.0121912 0.000966436 2.39511e-05 1.92831e-07 3.43839e-10 1.06726e-13 5.17309e-18 3.66961e-23 3.65246e-29 4.97106e-36
 1.38319e-41 1.91977e-33 3.22081e-26 6.53174e-20 1.60118e-14 4.74459e-10 1.69943e-06 0.000735797 0.0385089 0.243767 0.1984 0.135988 0.172902 0.14054 0.060126 0.00839822 0.000617771 1.45585e-05 8.19753e-08 1.03548e-10 2.52222e-14 9.86737e-19 5.60401e-24 4.39808e-30 4.63319e-37
 1.50932e-41 2.09484e-33 3.51453e-26 7.12739e-20 1.74719e-14 5.17726e-10 1.85441e-06 0.000802895 0.0420207 0.266055 0.219431 0.161341 0.173687 0.090829 0.0385508 0.00688616 0.000388809 6.58848e-06 3.12822e-08 3.00398e-11 5.05315e-15 1.40005e-19 5.9254e-25 3.55685e-31 2.88052e-38
 1.22274e-41 1.69709e-33 2.84722e-26 5.7741e-20 1.41545e-14 4.19424e-10 1.50231e-06 0.000650448 0.0340425 0.215712 0.18786 0.200282 0.211188 0.109951 0.0354883 0.00456675 0.000254855 3.91743e-06 1.34785e-08 9.61095e-12 1.2331e-15 2.47854e-20 7.29423e-26 3.04413e-32 1.75379e-39
 1.47791e-41 2.05124e-33 3.44138e-26 6.97904e-20 1.71083e-14 5.0695e-10 1.81581e-06 0.000786185 0.0411464 0.260634 0.218809 0.161943 0.167914 0.111175 0.0338685 0.00357882 0.000141247 1.71632e-06 5.05038e-09 2.77188e-12 2.54483e-16 3.69234e-21 7.95552e-27 2.40289e-33 9.79532e-41
 1.45381e-41 2.0178e-33 3.38527e-26 6.86526e-20 1.68294e-14 4.98685e-10 1.78621e-06 0.000773368 0.0404761 0.256563 0.222807 0.194203 0.173438 0.0842247 0.0246792 0.0027426 9.09684e-05 7.92094e-07 1.66649e-09 7.04361e-13 5.02511e-17 5.40821e-22 8.32147e-28 1.78041e-34 5.1795e-42
 1.28662e-41 1.78574e-33 2.99595e-26 6.07572e-20 1.48939e-14 4.41334e-10 1.58079e-06 0.000684426 0.0358219 0.227309 0.206887 0.214979 0.192574 0.0974533 0.0223433 0.00188922 5.67496e-05 4.28599e-07 6.70994e-10 1.97099e-13 9.95957e-18 7.8832e-23 9.04659e-29 1.42763e-35 3.00141e-43
 1.15818e-41 1.60748e-33 2.69689e-26 5.46923e-20 1.34072e-14 3.97279e-10 1.42299e-06 0.000616106 0.032247 0.204882 0.194643 0.223155 0.205235 0.112681 0.0246774 0.001821 4.07986e-05 2.39753e-07 3.06821e-10 6.97167e-14 2.5295e-18 1.38875e-23 1.10885e-29 1.24063e-36 1.8816e-44
 1.14383e-41 1.58756e-33 2.66346e-26 5.40144e-20 1.3241e-14 3.92355e-10 1.40535e-06 0.000608469 0.0318472 0.202316 0.191083 0.215869 0.209062 0.119976 0.0271567 0.00203846 4.21112e-05 2.04785e-07 2.09111e-10 3.93404e-14 1.20757e-18 5.5094e-24 3.53747e-30 3.1028e-37 3.64941e-45
 1.35293e-41 1.87778e-33 3.15037e-26 6.38889e-20 1.56616e-14 4.64082e-10 1.66227e-06 0.000719705 0.0376686 0.239043 0.214828 0.194196 0.182282 0.104754 0.0245598 0.0019062 4.02542e-05 1.9112e-07 1.76719e-10 2.85027e-14 7.4226e-19 2.92528e-24 1.65256e-30 1.28185e-37 1.32364e-45
#spawning biomass
 12355.3 12414.5 16536.6 22917.5 29107.4 34434.3 40413.8 47087.8 54564 66228 81265.9 100116 136235 170434 169467 142995 130500 121906 138737 125745 123527 135987 146583 167953 178281 173364 155735 140148 135109 295407 380620 389213 348931 293439 240028 195479 161205 136175 118538 106426 98262 92834.6 89255.1 86903 85370.9 84399.1 83782.6 83391.6 83143.6 82986.2 82886.4 82823.1 82783 82757.5 82741.3 82731.1 82724.6 82720.5 82717.9 82716.2 82715.1 82714.5 82714.1 82713.8 82713.6 82713.5 82713.4 82713.4 82713.4 82713.4 82713.3 82713.3 82713.3 82713.3 82713.3 82713.3 82713.3 82713.3 82713.3 82713.3 82713.3 82713.3 82713.3 82713.3 82713.3 82713.3 82713.3 82713.3 82713.3 82713.3 82713.3 82713.3 82713.3 82713.3 82713.3 82713.3 82713.3 82713.3 82713.3 82713.3 82713.3 82713.3 82713.3 82713.3 82713.3 82713.3 82713.3 82713.3 82713.3 82713.3 82713.3 82713.3 82713.3 82713.3 82713.3 82713.3 82713.3 82713.3 82713.3 82713.3 82713.3 82713.3 82713.3 82713.3 82713.3 82713.3 82713.3 82713.3 82713.3 0 0 0 0 0 0 0 0 0 0 0 0 0 0 0 0 0 0 0 0 0 0 0 0 0
