SBPRF35
0.031727
Curr Bio
174089
B35
71912.8
F35
5.61984
FOFL
5.61984
OFL
156264
Bzero
9064.85
#pred survey bio
 5952.96 5869.64 8656.58 11355.9 16287.9 22441.9 26630.4 35123.7 49669.8 69170.8 89127.5 115225 155909 170901 163923 148004 145791 142576 132804 139231 158314 176964 183203 179956 185719 186897 173226 153687 3.04504e+06 976990 251779 131934 101938 93702.7 91495.2 90910.7 90756.6 90716 90705.3 90702.5 90701.7 90701.5 90701.5 90701.5 90701.5 90701.5 90701.5 90701.5 90701.5 90701.5 90701.5 90701.5 90701.5 90701.5 90701.5 90701.5 90701.5 90701.5 90701.5 90701.5 90701.5 90701.5 90701.5 90701.5 90701.5 90701.5 90701.5 90701.5 90701.5 90701.5 90701.5 90701.5 90701.5 90701.5 90701.5 90701.5 90701.5 90701.5 90701.5 90701.5 90701.5 90701.5 90701.5 90701.5 90701.5 90701.5 90701.5 90701.5 90701.5 90701.5 90701.5 90701.5 90701.5 90701.5 90701.5 90701.5 90701.5 90701.5 90701.5 90701.5 90701.5 90701.5 90701.5 90701.5 90701.5 90701.5 90701.5 90701.5 90701.5 90701.5 90701.5 90701.5 90701.5 90701.5 90701.5 90701.5 90701.5 90701.5 90701.5 90701.5 90701.5 90701.5 90701.5 90701.5 90701.5 90701.5 90701.5 90701.5 0 0 0 0 0 0 0 0 0 0 0 0 0 0 0 0 0 0 0 0 0 0 0 0 0
#obs survey bio
 4657.73 9790.8 10520.4 10401.9 20296.2 29641.4 28162.6 57034.2 57302.1 75403.8 101847 139656 134293 162951 161399 176793 128288 109912 91028.6 117521 130235 210366 163759 162797 135780 105850 194859 138450
#pred catch bio
 2617.12 2682.24 4432.6 6132.71 7205.12 11421.4 11548.5 13914.6 23074.6 38187.9 52280.8 52336.1 89683.7 98082.7 99930.6 85210.5 78492.8 83729.9 73659 68686.6 73647.8 88196.4 108690 103110 105131 108927 94557.6 103575 156264 41715.1 5417 4409.77 4406.71 4406.7 4406.7 4406.7 4406.7 4406.7 4406.7 4406.7 4406.7 4406.7 4406.7 4406.7 4406.7 4406.7 4406.7 4406.7 4406.7 4406.7 4406.7 4406.7 4406.7 4406.7 4406.7 4406.7 4406.7 4406.7 4406.7 4406.7 4406.7 4406.7 4406.7 4406.7 4406.7 4406.7 4406.7 4406.7 4406.7 4406.7 4406.7 4406.7 4406.7 4406.7 4406.7 4406.7 4406.7 4406.7 4406.7 4406.7 4406.7 4406.7 4406.7 4406.7 4406.7 4406.7 4406.7 4406.7 4406.7 4406.7 4406.7 4406.7 4406.7 4406.7 4406.7 4406.7 4406.7 4406.7 4406.7 4406.7 4406.7 4406.7 4406.7 4406.7 4406.7 4406.7 4406.7 4406.7 4406.7 4406.7 4406.7 4406.7 4406.7 4406.7 4406.7 4406.7 4406.7 4406.7 4406.7 4406.7 4406.7 4406.7 4406.7 4406.7 4406.7 4406.7 4406.7 4406.7 0 0 0 0 0 0 0 0 0 0 0 0 0 0 0 0 0 0 0 0 0 0 0 0 0
#obs catch bio
 2663.99 2689.98 4310.35 6181.43 7045.11 11038.6 11346.5 13174.8 22224.3 37585.1 52462.5 50005.9 90129.9 98451.3 101467 87511.4 78393.9 82359.9 77332.5 69041 72678.3 86859 109915 105960 110302 116580 96257 106008
#pred cpue bio
 5215.13 4073.47 5999.53 8069.14 11147.9 16060.6 19348.3 25167.7 35327.3 48609.1 62711.8 80252.2 111423 124641 123987 111258 108039 107787 99594.4 101994 116179 131679 137616 132665 136664 139064 131105 118908 2.24558e+06 926280 244982 108045 74954.9 66321.3 64069.4 63480.2 63325.6 63284.9 63274.2 63271.4 63270.6 63270.4 63270.4 63270.4 63270.4 63270.4 63270.4 63270.4 63270.4 63270.4 63270.4 63270.4 63270.4 63270.4 63270.4 63270.4 63270.4 63270.4 63270.4 63270.4 63270.4 63270.4 63270.4 63270.4 63270.4 63270.4 63270.4 63270.4 63270.4 63270.4 63270.4 63270.4 63270.4 63270.4 63270.4 63270.4 63270.4 63270.4 63270.4 63270.4 63270.4 63270.4 63270.4 63270.4 63270.4 63270.4 63270.4 63270.4 63270.4 63270.4 63270.4 63270.4 63270.4 63270.4 63270.4 63270.4 63270.4 63270.4 63270.4 63270.4 63270.4 63270.4 63270.4 63270.4 63270.4 63270.4 63270.4 63270.4 63270.4 63270.4 63270.4 63270.4 63270.4 63270.4 63270.4 63270.4 63270.4 63270.4 63270.4 63270.4 63270.4 63270.4 63270.4 63270.4 63270.4 63270.4 63270.4 63270.4 0 0 0 0 0 0 0 0 0 0 0 0 0 0 0 0 0 0 0 0 0 0 0 0 0
#obs cpue bio
 3627.49 3423.05 5440.75 7640.73 10198.1 18217.5 15032.6 28475.8 28239.9 40717.9 54331.2 88795.6 105358 124276 117756 82360.4 132924 167306 79162.6 160608 152207 122595 138165 111329 136941 181446 132757 138410
#pred surv len freq
 3.4096e-11 1.60371e-09 5.22318e-08 1.17796e-06 1.83955e-05 0.000198922 0.00148952 0.00772366 0.0277395 0.0690574 0.119531 0.145571 0.130339 0.097968 0.0771637 0.0673461 0.0569502 0.045221 0.0358438 0.0291876 0.0245086 0.0213328 0.018536 0.0146738 0.00959953
 4.7317e-11 2.22557e-09 7.24852e-08 1.63472e-06 2.55285e-05 0.000276054 0.00206706 0.0107179 0.0384865 0.0957438 0.165255 0.199052 0.171087 0.113316 0.0697695 0.0477228 0.0336203 0.0216227 0.0129114 0.00754925 0.00441935 0.00269414 0.00177078 0.00118295 0.00070855
 4.54275e-11 2.13669e-09 6.95906e-08 1.56944e-06 2.45091e-05 0.000265031 0.00198453 0.0102902 0.0369531 0.0919551 0.158893 0.192223 0.167918 0.117059 0.0797761 0.0591427 0.0410687 0.0234309 0.0111147 0.0047588 0.00193418 0.000749217 0.000287726 0.000118474 5.19818e-05
 4.40752e-11 2.07309e-09 6.75191e-08 1.52272e-06 2.37795e-05 0.000257142 0.00192546 0.00998396 0.0358544 0.0892309 0.154252 0.186925 0.164318 0.116786 0.082607 0.0634914 0.045314 0.0267361 0.013256 0.00581676 0.00224474 0.000726334 0.000194101 4.48858e-05 9.89868e-06
 4.65465e-11 2.18932e-09 7.13049e-08 1.6081e-06 2.51128e-05 0.000271559 0.00203341 0.0105435 0.0378617 0.094204 0.162696 0.196435 0.170342 0.116075 0.0757463 0.0543102 0.0377957 0.0223659 0.0112969 0.00508957 0.00201672 0.000666296 0.000178125 3.85638e-05 6.82151e-06
 4.35485e-11 2.04831e-09 6.67123e-08 1.50453e-06 2.34954e-05 0.000254069 0.00190245 0.0098647 0.0354266 0.0881713 0.152455 0.184907 0.16306 0.116994 0.0841384 0.0654729 0.0468441 0.0275297 0.013573 0.00596817 0.00234877 0.000788484 0.000218134 4.92747e-05 9.01867e-06
 4.29023e-11 2.01792e-09 6.57223e-08 1.4822e-06 2.31467e-05 0.000250299 0.00187422 0.00971834 0.0349013 0.086867 0.150221 0.182299 0.161091 0.116315 0.0846964 0.0668774 0.0487497 0.029589 0.0153224 0.0070729 0.00285168 0.000953149 0.000257947 5.68528e-05 1.02643e-05
 4.41654e-11 2.07733e-09 6.76573e-08 1.52584e-06 2.38282e-05 0.000257668 0.00192939 0.0100043 0.0359271 0.089407 0.154524 0.1871 0.163978 0.115527 0.0805691 0.0616469 0.044784 0.0277051 0.0148918 0.00720465 0.00305037 0.00107462 0.000308102 7.172e-05 1.34625e-05
 4.45031e-11 2.09321e-09 6.81746e-08 1.53751e-06 2.40104e-05 0.000259638 0.00194415 0.0100808 0.0362016 0.0900882 0.155689 0.188451 0.164967 0.115792 0.0801452 0.060791 0.0437432 0.0266793 0.0140851 0.00673995 0.00287354 0.00104016 0.000311625 7.6598e-05 1.52349e-05
 4.50402e-11 2.11848e-09 6.89974e-08 1.55606e-06 2.43002e-05 0.000262772 0.00196761 0.0102025 0.0366381 0.0911714 0.157539 0.19059 0.166512 0.116158 0.0794106 0.0594435 0.04224 0.0252787 0.0129484 0.00597175 0.0024566 0.000860209 0.000250298 6.04016e-05 1.20053e-05
 4.46699e-11 2.10106e-09 6.84302e-08 1.54327e-06 2.41004e-05 0.000260611 0.00195143 0.0101186 0.0363375 0.0904284 0.156289 0.189237 0.165842 0.116778 0.0811841 0.0614506 0.0434785 0.0254719 0.0125395 0.00549536 0.00214783 0.000714123 0.00019602 4.43952e-05 8.30989e-06
 4.53055e-11 2.13096e-09 6.94039e-08 1.56523e-06 2.44433e-05 0.00026432 0.0019792 0.0102626 0.0368539 0.0917078 0.158463 0.191693 0.167424 0.116668 0.0795295 0.0591968 0.0415971 0.0243219 0.0119497 0.00520269 0.00200162 0.000646587 0.000169775 3.62697e-05 6.35421e-06
 4.38488e-11 2.06244e-09 6.71722e-08 1.5149e-06 2.36573e-05 0.000255821 0.00191556 0.00993267 0.0356703 0.0887738 0.153469 0.186009 0.16362 0.116529 0.0827663 0.0639304 0.0459217 0.0274184 0.0138825 0.00626876 0.0024961 0.000831907 0.000225237 4.94366e-05 8.79163e-06
 4.23701e-11 1.99288e-09 6.4907e-08 1.46381e-06 2.28596e-05 0.000247194 0.00185097 0.00959784 0.0344692 0.0857979 0.148416 0.180314 0.159998 0.116917 0.0868163 0.0693737 0.0504036 0.0300591 0.0151062 0.00675595 0.00266814 0.000884039 0.000238461 5.23059e-05 9.33639e-06
 3.99048e-11 1.87693e-09 6.11305e-08 1.37864e-06 2.15295e-05 0.000232812 0.00174329 0.0090396 0.0324664 0.0808329 0.139965 0.170698 0.153567 0.116699 0.0923257 0.0774327 0.0577797 0.0353416 0.0183727 0.00850617 0.00343595 0.00114853 0.000309857 6.77049e-05 1.20283e-05
 4.07787e-11 1.91803e-09 6.24692e-08 1.40883e-06 2.2001e-05 0.00023791 0.00178146 0.00923745 0.033176 0.0825888 0.142933 0.173974 0.155417 0.11583 0.0890094 0.0734495 0.0550306 0.0343998 0.0185443 0.0089289 0.00372113 0.00127445 0.000351509 7.83782e-05 1.41377e-05
 4.17819e-11 1.96522e-09 6.4006e-08 1.44349e-06 2.25422e-05 0.000243763 0.00182528 0.00946463 0.033991 0.0846092 0.146371 0.177883 0.158019 0.115885 0.0867108 0.0700987 0.0519627 0.0322165 0.0172376 0.00828974 0.00349329 0.00122672 0.000351014 8.1654e-05 1.53338e-05
 4.01835e-11 1.89004e-09 6.15573e-08 1.38827e-06 2.16798e-05 0.000234437 0.00175546 0.00910268 0.0326926 0.0813919 0.140905 0.171714 0.154063 0.116213 0.0909543 0.075866 0.05678 0.0351449 0.0186819 0.00892427 0.00374841 0.00131828 0.000379979 8.97039e-05 1.72381e-05
 4.09778e-11 1.9274e-09 6.27741e-08 1.41571e-06 2.21084e-05 0.000239071 0.00179015 0.00928253 0.0333377 0.0829894 0.143613 0.174742 0.155908 0.115786 0.0884702 0.0727049 0.0543861 0.0339893 0.0183481 0.00887592 0.00373724 0.00130387 0.000370332 8.60431e-05 1.63429e-05
 4.26471e-11 2.00592e-09 6.53314e-08 1.47339e-06 2.3009e-05 0.00024881 0.00186307 0.00966055 0.0346938 0.0863507 0.14933 0.181225 0.16017 0.115726 0.0844386 0.0669916 0.049343 0.0305959 0.016421 0.00793155 0.00335937 0.00118766 0.000343236 8.10139e-05 1.55237e-05
 4.23946e-11 1.99404e-09 6.49446e-08 1.46466e-06 2.28728e-05 0.000247337 0.00185204 0.00960338 0.0344888 0.0858434 0.148473 0.180283 0.159652 0.116013 0.085444 0.0681711 0.0501162 0.0308046 0.0163104 0.0077848 0.00328374 0.00116631 0.000341079 8.18895e-05 1.60084e-05
 4.15351e-11 1.95361e-09 6.36279e-08 1.43497e-06 2.24091e-05 0.000242323 0.0018145 0.00940873 0.0337904 0.0841117 0.145523 0.176912 0.157348 0.115802 0.087171 0.0708195 0.0526657 0.0327744 0.0176351 0.00854335 0.00363365 0.00129362 0.000378392 9.1017e-05 1.78999e-05
 4.08894e-11 1.92324e-09 6.26388e-08 1.41266e-06 2.20607e-05 0.000238556 0.00178629 0.00926253 0.0332659 0.0828114 0.143309 0.174392 0.155659 0.115734 0.0885943 0.0729054 0.0545745 0.0341464 0.0184989 0.00902755 0.00386413 0.0013833 0.000406575 9.81263e-05 1.9324e-05
 4.20727e-11 1.9789e-09 6.44514e-08 1.45354e-06 2.26991e-05 0.000245459 0.00183798 0.00953047 0.0342272 0.0851952 0.147371 0.179034 0.158832 0.11603 0.0862339 0.0692936 0.0511156 0.0314809 0.0166834 0.00794458 0.00332552 0.00116549 0.000335106 7.91809e-05 1.53239e-05
 4.20525e-11 1.97795e-09 6.44205e-08 1.45284e-06 2.26882e-05 0.000245341 0.0018371 0.00952591 0.034211 0.0851559 0.147311 0.178997 0.158916 0.11633 0.0867161 0.0697267 0.0512343 0.0312445 0.0162935 0.00761855 0.00313801 0.0010834 0.000306352 7.10155e-05 1.34675e-05
 4.12655e-11 1.94093e-09 6.32149e-08 1.42565e-06 2.22636e-05 0.00024075 0.00180272 0.00934771 0.0335717 0.0835714 0.144616 0.175942 0.15691 0.116363 0.0886236 0.0724258 0.0536125 0.03284 0.0171965 0.0080595 0.0033133 0.00113599 0.000317532 7.25297e-05 1.35343e-05
 4.00487e-11 1.8837e-09 6.13509e-08 1.38361e-06 2.16071e-05 0.000233651 0.00174957 0.00907216 0.0325831 0.0811209 0.140446 0.171203 0.15376 0.116308 0.0914176 0.0764614 0.0572511 0.0353855 0.0187317 0.00887178 0.00367164 0.00126203 0.000352514 8.02225e-05 1.48667e-05
 3.86811e-11 1.81937e-09 5.92558e-08 1.33637e-06 2.08693e-05 0.000225672 0.00168983 0.00876245 0.0314718 0.0783638 0.13574 0.165781 0.14991 0.115565 0.0935718 0.0801704 0.0612135 0.0388834 0.0214014 0.0105526 0.00450754 0.00158841 0.000454021 0.000105578 1.99092e-05
#obs surv len freq
 4.08431e-11 1.92106e-09 6.25678e-08 1.41106e-06 2.20358e-05 0.000238286 0.00178427 0.00925204 0.0332285 0.082719 0.143157 0.174242 0.155636 0.115933 0.0889444 0.0731246 0.0543956 0.0336533 0.0180942 0.00899445 0.00411326 0.00166503 0.000583976 0.00017513 4.39819e-05
 4.94083e-11 2.32393e-09 7.56888e-08 1.70697e-06 2.66568e-05 0.000288255 0.00215841 0.0111915 0.0401863 0.0999626 0.172471 0.207432 0.17727 0.115139 0.0676124 0.0434459 0.0288787 0.0171931 0.00907879 0.00445336 0.00201606 0.00080934 0.000281494 8.3637e-05 2.07884e-05
 4.16215e-11 1.95768e-09 6.37602e-08 1.43795e-06 2.24557e-05 0.000242827 0.00181828 0.0094284 0.0338621 0.0842994 0.145911 0.177684 0.158985 0.118909 0.0914182 0.0741386 0.0526774 0.0293541 0.0130908 0.00515611 0.00195839 0.000716052 0.000239261 6.97941e-05 1.715e-05
 4.72356e-11 2.22173e-09 7.23604e-08 1.63191e-06 2.54846e-05 0.000275579 0.0020635 0.0106996 0.0384214 0.0955893 0.165041 0.199042 0.171881 0.115567 0.073387 0.0513817 0.0356538 0.0214441 0.0111698 0.0052129 0.00213355 0.000733826 0.000211469 5.26483e-05 1.15218e-05
 4.46701e-11 2.10107e-09 6.84303e-08 1.54328e-06 2.41005e-05 0.000260612 0.00195144 0.0101187 0.0363381 0.090432 0.156312 0.189344 0.166187 0.117529 0.0822405 0.062251 0.0434041 0.0245389 0.0114154 0.0047763 0.00189629 0.000691149 0.000218104 5.72479e-05 1.22176e-05
 4.33873e-11 2.04073e-09 6.64652e-08 1.49896e-06 2.34084e-05 0.000253128 0.00189541 0.00982818 0.0352958 0.0878468 0.151904 0.18429 0.162677 0.117059 0.0846095 0.0660773 0.0473003 0.0277498 0.0136453 0.00600253 0.00238928 0.000829532 0.000246355 6.2745e-05 1.35697e-05
 4.32798e-11 2.03567e-09 6.63005e-08 1.49525e-06 2.33504e-05 0.000252501 0.00189071 0.00980384 0.0352083 0.087629 0.151526 0.183826 0.162253 0.116732 0.0843808 0.0660091 0.0474974 0.02821 0.0142101 0.00648298 0.00269424 0.000976277 0.000299172 7.66978e-05 1.62729e-05
 4.59727e-11 2.16233e-09 7.04258e-08 1.58828e-06 2.48033e-05 0.000268212 0.00200834 0.0104136 0.0373958 0.0930494 0.160736 0.194229 0.168949 0.116247 0.0773252 0.0563606 0.0393663 0.0231799 0.0116642 0.00534648 0.00225046 0.000834403 0.000264216 7.03459e-05 1.54493e-05
 4.69967e-11 2.2105e-09 7.19944e-08 1.62366e-06 2.53557e-05 0.000274186 0.00205307 0.0106455 0.0382278 0.0951132 0.164256 0.198271 0.171777 0.116683 0.0755395 0.0534422 0.036386 0.0206834 0.00983659 0.00421932 0.00169174 0.00061419 0.000194375 5.24192e-05 1.17704e-05
 4.42443e-11 2.08104e-09 6.7778e-08 1.52856e-06 2.38707e-05 0.000258128 0.00193284 0.0100223 0.0359922 0.0895747 0.154855 0.187695 0.165115 0.11758 0.0833321 0.0637947 0.0447798 0.0254572 0.0118827 0.00492068 0.00188161 0.000646719 0.000193531 4.98496e-05 1.08992e-05
 4.53967e-11 2.13524e-09 6.95434e-08 1.56838e-06 2.44925e-05 0.000264851 0.00198318 0.0102832 0.036928 0.0918911 0.158774 0.192039 0.167632 0.116606 0.0792148 0.0587741 0.041231 0.0241021 0.011888 0.00525833 0.00210114 0.000727411 0.000212641 5.24664e-05 1.08997e-05
 4.55992e-11 2.14477e-09 6.98536e-08 1.57538e-06 2.46017e-05 0.000266033 0.00199203 0.0103291 0.0370926 0.0923 0.159475 0.192861 0.168263 0.11685 0.0790784 0.0583489 0.040596 0.0233814 0.0112811 0.00490434 0.00197034 0.00070376 0.000214924 5.49896e-05 1.15817e-05
 4.32438e-11 2.03398e-09 6.62454e-08 1.494e-06 2.3331e-05 0.000252291 0.00188914 0.0097957 0.0351794 0.0875592 0.151422 0.183774 0.162445 0.117358 0.0853713 0.0668893 0.0477205 0.0276952 0.0133814 0.00579721 0.00230755 0.000814401 0.000246987 6.35737e-05 1.36641e-05
 4.02458e-11 1.89297e-09 6.16528e-08 1.39043e-06 2.17135e-05 0.000234801 0.00175818 0.00911682 0.0327438 0.0815214 0.141146 0.172086 0.154643 0.117134 0.0921216 0.0767069 0.0566351 0.0340124 0.0172707 0.00791499 0.00328138 0.00117972 0.000358924 9.19779e-05 1.96579e-05
 3.76853e-11 1.77253e-09 5.77303e-08 1.30196e-06 2.0332e-05 0.000219863 0.00164633 0.00853697 0.0306632 0.0763615 0.132349 0.162004 0.147657 0.116227 0.0968387 0.0841718 0.0640108 0.0399607 0.0215372 0.0105867 0.00467744 0.00177749 0.000568337 0.000151534 3.31992e-05
 4.18087e-11 1.96648e-09 6.40469e-08 1.44442e-06 2.25567e-05 0.000243919 0.00182645 0.00947065 0.0340124 0.0846581 0.146429 0.17783 0.157579 0.114751 0.0849616 0.0684588 0.0513248 0.0328337 0.0186079 0.00972251 0.00456578 0.00184764 0.000631217 0.000179498 4.1624e-05
 4.11821e-11 1.93701e-09 6.3087e-08 1.42277e-06 2.22186e-05 0.000240263 0.00179908 0.00932881 0.0335041 0.083404 0.144335 0.175639 0.156762 0.116492 0.0889375 0.0726034 0.0533735 0.0323185 0.0168737 0.00822534 0.00378663 0.00157413 0.000567083 0.000171642 4.24007e-05
 4.00769e-11 1.88502e-09 6.1394e-08 1.38459e-06 2.16224e-05 0.000233815 0.0017508 0.00907854 0.0326061 0.0811774 0.140541 0.171303 0.1538 0.116228 0.0911901 0.076101 0.0568166 0.0350194 0.0186252 0.00908839 0.00405686 0.00160205 0.000552253 0.0001648 4.14878e-05
 4.01882e-11 1.89026e-09 6.15645e-08 1.38843e-06 2.16824e-05 0.000234465 0.00175566 0.00910373 0.0326963 0.0813996 0.140909 0.171674 0.153884 0.11578 0.0902725 0.0751578 0.0563535 0.035167 0.01911 0.00956706 0.00436237 0.00174015 0.000595557 0.00017338 4.22961e-05
 4.29788e-11 2.02152e-09 6.58395e-08 1.48485e-06 2.3188e-05 0.000250745 0.00187756 0.00973564 0.0349633 0.0870177 0.15046 0.182486 0.160928 0.11551 0.0832981 0.0654427 0.0479733 0.0297408 0.0161537 0.00812962 0.00375342 0.00152564 0.000533011 0.000157556 3.85909e-05
 4.15705e-11 1.95528e-09 6.36821e-08 1.43619e-06 2.24282e-05 0.000242529 0.00181605 0.00941678 0.0338197 0.0841867 0.145669 0.177166 0.157815 0.116618 0.0882196 0.0715094 0.0523546 0.0315385 0.0162855 0.00777529 0.00347398 0.00139707 0.000490006 0.00014662 3.64742e-05
 4.0697e-11 1.91419e-09 6.2344e-08 1.40601e-06 2.19569e-05 0.000237433 0.00177789 0.00921896 0.0331099 0.0824258 0.142663 0.173706 0.155366 0.116168 0.0896457 0.0739603 0.0549904 0.0338572 0.0179946 0.0087603 0.00388551 0.00151416 0.000510819 0.000148383 3.64188e-05
 4.15391e-11 1.9538e-09 6.3634e-08 1.43511e-06 2.24113e-05 0.000242346 0.00181467 0.00940964 0.0337938 0.0841197 0.145535 0.17692 0.157333 0.115736 0.0870256 0.0705732 0.0523388 0.0324893 0.0175743 0.00876393 0.00398617 0.00158646 0.000540473 0.000155879 3.74548e-05
 4.09997e-11 1.92843e-09 6.28076e-08 1.41647e-06 2.21202e-05 0.000239199 0.00179111 0.0092875 0.0333557 0.083035 0.143698 0.174875 0.156118 0.11611 0.0888304 0.0728109 0.0539593 0.0331705 0.0176697 0.00870774 0.00396215 0.0015975 0.000555465 0.000163568 3.98771e-05
 4.00211e-11 1.8824e-09 6.13085e-08 1.38266e-06 2.15922e-05 0.00023349 0.00174836 0.00906589 0.0325606 0.0810635 0.14034 0.17104 0.153507 0.115895 0.090832 0.0758542 0.0568616 0.0353822 0.0191356 0.00953972 0.00434816 0.00174406 0.000603888 0.000178341 4.39448e-05
 3.93077e-11 1.84885e-09 6.02157e-08 1.35802e-06 2.12074e-05 0.000229328 0.0017172 0.00890435 0.0319809 0.0796251 0.137883 0.168202 0.151464 0.115429 0.0918327 0.0776555 0.0588374 0.0371952 0.0206018 0.0105448 0.0049128 0.00200261 0.000700593 0.000207822 5.12586e-05
 3.71252e-11 1.74619e-09 5.68723e-08 1.28261e-06 2.00299e-05 0.000216595 0.00162186 0.00841012 0.0302078 0.0752293 0.1304 0.159681 0.145747 0.115177 0.0965978 0.0846161 0.0651535 0.0416994 0.0234759 0.0122606 0.0058403 0.00243879 0.000874316 0.000264928 6.63727e-05
 4.02607e-11 1.89367e-09 6.16755e-08 1.39094e-06 2.17215e-05 0.000234887 0.00175883 0.00912009 0.0327545 0.081538 0.141106 0.171714 0.153286 0.114046 0.0875636 0.0726979 0.0555864 0.0363761 0.0212922 0.0115642 0.00567466 0.0024267 0.000890373 0.000276294 7.08534e-05
#pred catch len freq
 2.75451e-11 1.29559e-09 4.21965e-08 9.51635e-07 1.48612e-05 0.000160703 0.00120335 0.00624014 0.022416 0.0558506 0.0969844 0.119591 0.111852 0.0942387 0.0869487 0.0837845 0.0735455 0.059108 0.0466545 0.037151 0.0301053 0.0252656 0.021379 0.0166751 0.0108304
 4.29229e-11 2.01889e-09 6.5754e-08 1.48291e-06 2.31579e-05 0.000250419 0.00187512 0.00972293 0.0349167 0.0868951 0.150199 0.181941 0.159717 0.113121 0.0798207 0.062135 0.0464203 0.0303871 0.0181666 0.0104885 0.00596243 0.00348302 0.00219737 0.00143001 0.000845718
 4.07857e-11 1.91836e-09 6.24799e-08 1.40908e-06 2.20048e-05 0.000237951 0.00178177 0.00923912 0.0331827 0.0826131 0.143026 0.17433 0.156498 0.118162 0.0923182 0.0760745 0.0550862 0.031794 0.0150997 0.00642954 0.00257501 0.000970366 0.000357585 0.000140714 5.97759e-05
 3.92678e-11 1.84697e-09 6.01546e-08 1.35664e-06 2.11858e-05 0.000229095 0.00171546 0.00889538 0.0319494 0.0795547 0.137814 0.168366 0.1524 0.117731 0.0953208 0.0808232 0.0598639 0.0356587 0.0176901 0.00773684 0.00296541 0.000948048 0.000248275 5.5651e-05 1.17819e-05
 4.17903e-11 1.96561e-09 6.40188e-08 1.44378e-06 2.25468e-05 0.000243811 0.00182565 0.00946655 0.0339982 0.0846299 0.146426 0.178043 0.158455 0.116798 0.0880186 0.0712038 0.0521586 0.0314006 0.0159821 0.00722533 0.00285702 0.000935877 0.000246573 5.23872e-05 9.07891e-06
 3.84343e-11 1.80777e-09 5.88778e-08 1.32784e-06 2.07361e-05 0.000224233 0.00167905 0.00870665 0.0312724 0.0778775 0.134967 0.165162 0.15038 0.117994 0.0976538 0.0838951 0.0623028 0.0370067 0.018291 0.00802909 0.00313897 0.00104081 0.000282919 6.26197e-05 1.1237e-05
 3.71628e-11 1.74796e-09 5.69299e-08 1.28391e-06 2.00501e-05 0.000216814 0.00162351 0.00841869 0.030239 0.0753127 0.130581 0.160076 0.146653 0.116983 0.0992128 0.0870255 0.0660631 0.0407035 0.0212668 0.00986876 0.00397523 0.00131791 0.000351426 7.59759e-05 1.34424e-05
 3.84752e-11 1.80969e-09 5.89405e-08 1.32925e-06 2.07582e-05 0.000224471 0.00168084 0.00871585 0.0313047 0.0779507 0.135044 0.165025 0.149523 0.115879 0.0945111 0.0812423 0.0618844 0.0390076 0.0212136 0.010331 0.00436825 0.00152468 0.000430558 9.84574e-05 1.81655e-05
 3.93287e-11 1.84983e-09 6.02479e-08 1.35874e-06 2.12187e-05 0.00022945 0.00171812 0.00890913 0.0319982 0.0796713 0.137982 0.168412 0.151936 0.116362 0.0931805 0.078897 0.0593085 0.0366894 0.0194747 0.00931948 0.00394657 0.00140909 0.000414306 9.9795e-05 1.94841e-05
 4.05345e-11 1.90655e-09 6.20951e-08 1.4004e-06 2.18692e-05 0.000236485 0.00177079 0.00918219 0.0329781 0.0821019 0.142129 0.17318 0.155292 0.116934 0.0911657 0.0755482 0.0558447 0.0337321 0.017253 0.00790307 0.00321454 0.00110723 0.000315308 7.42892e-05 1.44375e-05
 4.02844e-11 1.89479e-09 6.1712e-08 1.39176e-06 2.17343e-05 0.000235026 0.00175987 0.00912559 0.0327753 0.0816018 0.141297 0.172321 0.155017 0.117744 0.0929289 0.0773773 0.056753 0.0334963 0.0164353 0.00714201 0.00275866 0.000902964 0.000242812 5.36804e-05 9.80833e-06
 4.02799e-11 1.89458e-09 6.17051e-08 1.3916e-06 2.17319e-05 0.000235 0.00175967 0.00912457 0.0327715 0.0815921 0.141277 0.172282 0.154936 0.117592 0.0927274 0.0772368 0.056794 0.0337082 0.0166742 0.00728403 0.00279764 0.000896438 0.00023198 4.8603e-05 8.33697e-06
 3.92142e-11 1.84445e-09 6.00725e-08 1.35478e-06 2.11569e-05 0.000228783 0.00171312 0.00888324 0.0319057 0.0794453 0.137621 0.168112 0.152114 0.117404 0.0949695 0.0805928 0.0599381 0.0360512 0.0182076 0.00816432 0.00321812 0.00105778 0.000281179 6.04019e-05 1.05141e-05
 3.74285e-11 1.76046e-09 5.7337e-08 1.29309e-06 2.01935e-05 0.000218365 0.00163512 0.00847889 0.0304552 0.0758517 0.131518 0.161235 0.147743 0.117878 0.0998685 0.0871734 0.0653524 0.0392358 0.0196781 0.00874589 0.00342142 0.00111844 0.000296225 6.35767e-05 1.11027e-05
 3.47951e-11 1.6366e-09 5.33029e-08 1.20211e-06 1.87727e-05 0.000203001 0.00152008 0.00788256 0.0283158 0.0705476 0.122489 0.150953 0.140841 0.117576 0.105655 0.0957054 0.0732329 0.0449588 0.023269 0.0106852 0.00427072 0.0014078 0.000372826 7.96809e-05 1.38426e-05
 3.55723e-11 1.67315e-09 5.44935e-08 1.22896e-06 1.9192e-05 0.000207536 0.00155403 0.00805852 0.0289467 0.0721077 0.125118 0.153817 0.142326 0.11645 0.102199 0.091746 0.0707434 0.0444739 0.023919 0.0114464 0.00472609 0.00159696 0.000432502 9.44066e-05 1.66754e-05
 3.64978e-11 1.71668e-09 5.59113e-08 1.26094e-06 1.96914e-05 0.000212935 0.00159446 0.0082681 0.0296985 0.0739716 0.128289 0.157423 0.144725 0.116497 0.100069 0.0886378 0.0678899 0.0424398 0.0227112 0.0108754 0.00454248 0.00157292 0.000441717 0.000100631 1.85293e-05
 3.49657e-11 1.64462e-09 5.35642e-08 1.208e-06 1.88648e-05 0.000203996 0.00152753 0.00792117 0.0284541 0.0708884 0.123055 0.15153 0.140998 0.116953 0.104342 0.0943359 0.0725277 0.0451063 0.0238948 0.0113259 0.00470278 0.00162766 0.000459589 0.000106055 1.9949e-05
 3.56608e-11 1.67731e-09 5.4629e-08 1.23202e-06 1.92398e-05 0.000208052 0.0015579 0.00807855 0.0290185 0.0722855 0.125418 0.15415 0.142517 0.11637 0.101868 0.091328 0.0704182 0.0443173 0.0239026 0.0115052 0.00480039 0.00165124 0.000459999 0.000104513 1.9425e-05
 3.72327e-11 1.75125e-09 5.7037e-08 1.28633e-06 2.00879e-05 0.000217222 0.00162656 0.0084345 0.0302954 0.0754503 0.130799 0.160245 0.146499 0.116246 0.0979711 0.0858582 0.0656436 0.0411721 0.0221782 0.0107013 0.00450202 0.00157111 0.000445857 0.000103089 1.93694e-05
 3.67488e-11 1.72849e-09 5.62957e-08 1.26961e-06 1.98268e-05 0.000214399 0.00160542 0.00832493 0.0299025 0.0744773 0.129152 0.158412 0.145414 0.116592 0.0996081 0.0878843 0.0671094 0.0417853 0.0222565 0.0106366 0.00446283 0.00156552 0.000449629 0.000105767 2.02801e-05
 3.59377e-11 1.69034e-09 5.50533e-08 1.24159e-06 1.93892e-05 0.000209667 0.00157 0.00814126 0.0292435 0.072843 0.126366 0.155221 0.14321 0.116325 0.101141 0.0903069 0.0695142 0.0437203 0.0236052 0.0114218 0.00482369 0.00169422 0.000486226 0.000114464 2.20558e-05
 3.58278e-11 1.68517e-09 5.48849e-08 1.23779e-06 1.93299e-05 0.000209026 0.00156519 0.00811638 0.0291542 0.0726219 0.12599 0.1548 0.142946 0.116367 0.101458 0.0907207 0.0698383 0.043893 0.0236753 0.0114515 0.00484064 0.00170367 0.000490114 0.000115563 2.2269e-05
 3.70746e-11 1.74381e-09 5.67948e-08 1.28087e-06 2.00026e-05 0.0002163 0.00161966 0.00839872 0.0301672 0.0751341 0.130272 0.159699 0.146314 0.116733 0.0990482 0.0869773 0.0661981 0.041028 0.0216852 0.0102527 0.00424463 0.00146438 0.000412445 9.52187e-05 1.80241e-05
 3.7003e-11 1.74045e-09 5.66852e-08 1.27839e-06 1.9964e-05 0.000215883 0.00161653 0.00838252 0.0301093 0.0749916 0.130038 0.159474 0.146303 0.117112 0.0997651 0.0876772 0.0664815 0.0408187 0.0212462 0.00987192 0.00402501 0.00136912 0.000379534 8.60034e-05 1.59547e-05
 3.61885e-11 1.70213e-09 5.54374e-08 1.25025e-06 1.95245e-05 0.00021113 0.00158095 0.00819807 0.0294475 0.0733516 0.127249 0.156312 0.144229 0.117154 0.101751 0.0904822 0.0689488 0.0424679 0.0221721 0.0103174 0.00419719 0.00141792 0.000388623 8.67746e-05 1.58367e-05
 3.45218e-11 1.62374e-09 5.28842e-08 1.19267e-06 1.86253e-05 0.000201407 0.00150815 0.00782067 0.0280935 0.0699949 0.121536 0.149812 0.139885 0.117013 0.105485 0.0959346 0.0739282 0.0460236 0.024368 0.0114986 0.00472107 0.00160165 0.000439263 9.78443e-05 1.77542e-05
 3.38869e-11 1.59388e-09 5.19115e-08 1.17073e-06 1.82827e-05 0.000197703 0.00148041 0.00767686 0.0275774 0.0687131 0.119339 0.147239 0.137914 0.116266 0.105905 0.0971745 0.0757028 0.048034 0.0261685 0.0127263 0.00535417 0.00185331 0.000518339 0.000117699 2.1703e-05
#obs catch len freq
 3.55936e-11 1.67415e-09 5.4526e-08 1.2297e-06 1.92035e-05 0.00020766 0.00155496 0.00806333 0.028964 0.0721497 0.125184 0.153871 0.142284 0.116215 0.10172 0.0910532 0.0699688 0.0438993 0.0238844 0.0120165 0.00555586 0.00227335 0.000806901 0.000245165 6.23995e-05
 3.59184e-11 1.68943e-09 5.50235e-08 1.24092e-06 1.93788e-05 0.000209554 0.00156915 0.00813687 0.0292279 0.072804 0.126299 0.155147 0.143159 0.116307 0.101092 0.0900907 0.0690535 0.0431957 0.023392 0.0116968 0.00536951 0.00217788 0.000764643 0.000229447 5.76432e-05
 4.6164e-11 2.17133e-09 7.07188e-08 1.59489e-06 2.49064e-05 0.000269328 0.00201669 0.0104569 0.0375508 0.0934311 0.161367 0.194861 0.169077 0.115445 0.0757011 0.0546965 0.0385496 0.0234283 0.0124891 0.00616579 0.00280248 0.00112738 0.00039253 0.000116699 2.90165e-05
 3.68166e-11 1.73167e-09 5.63995e-08 1.27195e-06 1.98633e-05 0.000214795 0.00160839 0.00834038 0.0299592 0.0746297 0.129492 0.159188 0.147245 0.12023 0.104653 0.091856 0.0671687 0.0377877 0.0169491 0.00671824 0.00256674 0.000941882 0.000315261 9.20371e-05 2.26248e-05
 4.35143e-11 2.0467e-09 6.66597e-08 1.50334e-06 2.34769e-05 0.000253869 0.00190095 0.0098569 0.0353985 0.0880978 0.152307 0.184631 0.16251 0.115978 0.0827635 0.064406 0.0468512 0.0286436 0.0150412 0.00706044 0.00290037 0.000999563 0.000288378 7.18538e-05 1.57337e-05
 4.03767e-11 1.89913e-09 6.18533e-08 1.39495e-06 2.17841e-05 0.000235565 0.0017639 0.00914651 0.0328507 0.0817913 0.141637 0.172794 0.155622 0.118544 0.0938276 0.0778847 0.0563291 0.0322393 0.0151 0.00635914 0.00253806 0.000927841 0.000293215 7.70174e-05 1.64432e-05
 3.89059e-11 1.82995e-09 5.96002e-08 1.34414e-06 2.09906e-05 0.000226984 0.00169965 0.00881344 0.0316556 0.0788266 0.136578 0.166978 0.151531 0.11786 0.0963382 0.0821122 0.0608015 0.0360906 0.0178684 0.00790748 0.00316125 0.00110024 0.000327183 8.33979e-05 1.80453e-05
 3.87973e-11 1.82484e-09 5.94337e-08 1.34038e-06 2.0932e-05 0.00022635 0.00169491 0.00878882 0.0315671 0.0786059 0.136193 0.166494 0.151054 0.117421 0.0959475 0.0819016 0.0609607 0.0366368 0.0185843 0.00852941 0.00355952 0.00129274 0.000396617 0.000101749 2.15972e-05
 4.20033e-11 1.97563e-09 6.4345e-08 1.45114e-06 2.26617e-05 0.000245054 0.00183495 0.00951477 0.0341714 0.0850591 0.147158 0.178881 0.159033 0.116858 0.0875687 0.0704302 0.0512778 0.030628 0.0155295 0.00716184 0.00302731 0.00112499 0.000356647 9.5018e-05 2.08762e-05
 4.32471e-11 2.03414e-09 6.62505e-08 1.49412e-06 2.33328e-05 0.000252311 0.00188929 0.00979646 0.0351821 0.0875665 0.151437 0.183805 0.16251 0.117481 0.0855335 0.0669964 0.0476722 0.0275057 0.0131796 0.00568943 0.00229222 0.000834475 0.000264451 7.13692e-05 1.60322e-05
 3.99486e-11 1.87899e-09 6.11974e-08 1.38016e-06 2.15531e-05 0.000233067 0.0017452 0.00904956 0.0325029 0.0809292 0.140171 0.171133 0.154536 0.118577 0.0949041 0.0794327 0.0577429 0.033215 0.0156054 0.00650181 0.00249843 0.000861212 0.000258104 6.65372e-05 1.45549e-05
 4.12968e-11 1.9424e-09 6.32628e-08 1.42674e-06 2.22806e-05 0.000240933 0.00180409 0.00935482 0.0335977 0.0836386 0.144752 0.176199 0.157429 0.117325 0.0899249 0.0734269 0.05358 0.0317465 0.0157729 0.00701893 0.00281671 0.000977466 0.000286101 7.06457e-05 1.46837e-05
 4.14699e-11 1.95054e-09 6.35279e-08 1.43271e-06 2.23739e-05 0.000241942 0.00181165 0.00939401 0.0337384 0.0839885 0.145355 0.176921 0.158032 0.117671 0.0900034 0.0732118 0.053025 0.0309601 0.015048 0.00658392 0.00265772 0.000951807 0.000291067 7.45263e-05 1.57034e-05
 3.86724e-11 1.81896e-09 5.92424e-08 1.33607e-06 2.08646e-05 0.000225621 0.00168945 0.00876056 0.031466 0.078358 0.13579 0.166126 0.151115 0.118262 0.0974587 0.0833413 0.0614886 0.0361005 0.0175621 0.00765606 0.00306185 0.0010835 0.000329052 8.4763e-05 1.8227e-05
 3.52488e-11 1.65793e-09 5.39977e-08 1.21779e-06 1.90175e-05 0.000205648 0.0015399 0.00798529 0.0286845 0.0714624 0.124051 0.152757 0.142136 0.117852 0.104946 0.0943698 0.0716467 0.0434653 0.0222192 0.0102438 0.00426461 0.00153671 0.000468101 0.000120043 2.56678e-05
 3.23772e-11 1.52287e-09 4.95988e-08 1.11858e-06 1.74682e-05 0.000188895 0.00141446 0.00733501 0.0263512 0.0656747 0.114178 0.141419 0.134197 0.116606 0.109903 0.102457 0.0798629 0.0503362 0.0273154 0.0135048 0.005989 0.00228038 0.000729898 0.000194735 4.26812e-05
 3.70145e-11 1.74098e-09 5.67027e-08 1.27879e-06 1.99701e-05 0.000215949 0.00161703 0.00838504 0.0301177 0.0750047 0.130009 0.159195 0.145283 0.114784 0.0963069 0.0845736 0.065535 0.0424383 0.0242307 0.0127305 0.00599818 0.00243142 0.000831417 0.000236558 5.48742e-05
 3.61866e-11 1.70204e-09 5.54344e-08 1.25019e-06 1.95235e-05 0.000211119 0.00158087 0.00819763 0.0294461 0.0733475 0.127241 0.156296 0.144191 0.117057 0.101521 0.0900174 0.0682374 0.0417831 0.0219765 0.0107822 0.00498532 0.00207706 0.000749073 0.000226854 5.60577e-05
 3.49559e-11 1.64415e-09 5.3549e-08 1.20767e-06 1.88595e-05 0.000203939 0.0015271 0.00791893 0.0284461 0.0708675 0.123013 0.151455 0.140853 0.116677 0.103912 0.0938312 0.0720996 0.0449178 0.0240618 0.0118125 0.00529389 0.002095 0.000723006 0.000215898 5.43725e-05
 3.50298e-11 1.64763e-09 5.36623e-08 1.21022e-06 1.88993e-05 0.00020437 0.00153033 0.00793565 0.0285059 0.0710138 0.123249 0.151662 0.140782 0.116098 0.102891 0.0928462 0.0717073 0.0452482 0.0247707 0.0124762 0.00571079 0.00228262 0.000782049 0.000227815 5.55969e-05
 3.81482e-11 1.79431e-09 5.84394e-08 1.31796e-06 2.05818e-05 0.000222563 0.00166655 0.00864179 0.0310391 0.077292 0.133922 0.163747 0.148662 0.115814 0.0951198 0.0820039 0.0623335 0.0391552 0.0214379 0.0108573 0.00503272 0.00204985 0.000716919 0.000212048 5.19571e-05
 3.65116e-11 1.71733e-09 5.59323e-08 1.26142e-06 1.96988e-05 0.000213015 0.00159506 0.00827124 0.0297102 0.0740027 0.128359 0.157585 0.14511 0.117249 0.101052 0.0892333 0.0674533 0.0411073 0.0213873 0.0102791 0.00461357 0.0018598 0.000653089 0.000195544 4.86632e-05
 3.55166e-11 1.67053e-09 5.44081e-08 1.22704e-06 1.9162e-05 0.000207211 0.0015516 0.00804591 0.0289016 0.0719965 0.124933 0.153628 0.14227 0.116627 0.102522 0.0919044 0.0704594 0.0438772 0.0234958 0.0115106 0.00512646 0.00200216 0.000676246 0.000196574 4.82669e-05
 3.64546e-11 1.71465e-09 5.5845e-08 1.25945e-06 1.96681e-05 0.000212683 0.00159257 0.00825829 0.0296634 0.0738828 0.128129 0.157199 0.144432 0.11608 0.0995066 0.0880444 0.0674782 0.0423984 0.0231135 0.011599 0.00529686 0.00211252 0.000720484 0.000207931 4.99816e-05
 3.57628e-11 1.68211e-09 5.47852e-08 1.23555e-06 1.92948e-05 0.000208647 0.00156235 0.00810166 0.0291016 0.0724919 0.125774 0.154578 0.142876 0.116564 0.101828 0.090919 0.0695547 0.0432642 0.0232272 0.0115221 0.00526535 0.00212771 0.000740678 0.000218249 5.32286e-05
 3.45859e-11 1.62675e-09 5.29823e-08 1.19489e-06 1.86599e-05 0.000201781 0.00151094 0.00783514 0.0281453 0.0701207 0.121734 0.149958 0.139713 0.116255 0.104163 0.0945206 0.0730408 0.0459763 0.0250612 0.0125757 0.00575604 0.00231386 0.000802119 0.000237044 5.84333e-05
 3.37617e-11 1.58799e-09 5.17197e-08 1.16641e-06 1.82152e-05 0.000196972 0.00147494 0.00764848 0.0274755 0.0684583 0.118892 0.146666 0.137311 0.115624 0.105183 0.0964841 0.0752972 0.0481483 0.0268806 0.0138471 0.00647719 0.00264579 0.000926632 0.000275052 6.78674e-05
 3.14005e-11 1.47693e-09 4.81025e-08 1.08483e-06 1.69413e-05 0.000183197 0.0013718 0.00711379 0.0255571 0.0637022 0.110793 0.137434 0.131079 0.115248 0.110186 0.103878 0.0820882 0.0530918 0.030121 0.01583 0.00756978 0.00316727 0.00113668 0.000344636 8.63736e-05
#spawning biomass
 6527.78 5172.77 8282.51 11318.8 14971.1 22720.9 27377.5 34740 48679.2 66795.8 87267.6 110591 156247 178594 181670 160209 154009 156671 143034 143747 164706 188014 197649 188814 195199 200360 191039 174089 138470 56722.5 4465.36 3176.52 3172.7 3172.7 3172.7 3172.7 3172.7 3172.7 3172.7 3172.7 3172.7 3172.7 3172.7 3172.7 3172.7 3172.7 3172.7 3172.7 3172.7 3172.7 3172.7 3172.7 3172.7 3172.7 3172.7 3172.7 3172.7 3172.7 3172.7 3172.7 3172.7 3172.7 3172.7 3172.7 3172.7 3172.7 3172.7 3172.7 3172.7 3172.7 3172.7 3172.7 3172.7 3172.7 3172.7 3172.7 3172.7 3172.7 3172.7 3172.7 3172.7 3172.7 3172.7 3172.7 3172.7 3172.7 3172.7 3172.7 3172.7 3172.7 3172.7 3172.7 3172.7 3172.7 3172.7 3172.7 3172.7 3172.7 3172.7 3172.7 3172.7 3172.7 3172.7 3172.7 3172.7 3172.7 3172.7 3172.7 3172.7 3172.7 3172.7 3172.7 3172.7 3172.7 3172.7 3172.7 3172.7 3172.7 3172.7 3172.7 3172.7 3172.7 3172.7 3172.7 3172.7 3172.7 3172.7 3172.7 0 0 0 0 0 0 0 0 0 0 0 0 0 0 0 0 0 0 0 0 0 0 0 0 0
