SBPRF35
0.17358
Curr Bio
100852
B35
138424
F35
0.618638
FOFL
0.289866
OFL
18785.9
Bzero
49594.2
#pred survey bio
 5191.53 5904.64 8850.48 11470.5 15842.8 22219.2 24758.8 32965.3 49028.4 71558 92469 114408 164007 179905 173715 153896 150670 149499 134742 139249 156564 180121 194030 189155 195914 197926 182134 163692 4.57682e+06 2.59189e+06 1.68028e+06 1.08854e+06 797320 665589 606890 580022 567077 560460 556890 554884 553723 553038 552630 552383 552236 552146 552092 552060 552040 552028 552021 552016 552014 552012 552011 552010 552010 552010 552010 552010 552010 552009 552009 552009 552009 552009 552009 552009 552009 552009 552009 552009 552009 552009 552009 552009 552009 552009 552009 552009 552009 552009 552009 552009 552009 552009 552009 552009 552009 552009 552009 552009 552009 552009 552009 552009 552009 552009 552009 552009 552009 552009 552009 552009 552009 552009 552009 552009 552009 552009 552009 552009 552009 552009 552009 552009 552009 552009 552009 552009 552009 552009 552009 552009 552009 552009 552009 552009 0 0 0 0 0 0 0 0 0 0 0 0 0 0 0 0 0 0 0 0 0 0 0 0 0
#obs survey bio
 4657.73 9790.8 10520.4 10401.9 20296.2 29641.4 28162.6 57034.2 57302.1 75403.8 101847 139656 134293 162951 161399 176793 128288 109912 91028.6 117521 130235 210366 163759 162797 135780 105850 194859 138450
#pred catch bio
 2657.03 2782.52 4497.77 6106.25 7337.43 11874.4 11799.9 14816 23660.9 37925.7 51700.4 53221 88066.2 96097.7 97810.1 83988.8 78526.3 83667.2 71431.9 69874 75121.3 89360.8 107273 100335 101996 105808 94333 102509 18785.9 41456.5 25678.5 15253.5 10524.1 8633.16 7927.79 7675.79 7588.26 7558.41 7548.37 7545.01 7543.9 7543.53 7543.41 7543.37 7543.36 7543.35 7543.35 7543.35 7543.35 7543.35 7543.35 7543.35 7543.35 7543.35 7543.35 7543.35 7543.35 7543.35 7543.35 7543.35 7543.35 7543.35 7543.35 7543.35 7543.35 7543.35 7543.35 7543.35 7543.35 7543.35 7543.35 7543.35 7543.35 7543.35 7543.35 7543.35 7543.35 7543.35 7543.35 7543.35 7543.35 7543.35 7543.35 7543.35 7543.35 7543.35 7543.35 7543.35 7543.35 7543.35 7543.35 7543.35 7543.35 7543.35 7543.35 7543.35 7543.35 7543.35 7543.35 7543.35 7543.35 7543.35 7543.35 7543.35 7543.35 7543.35 7543.35 7543.35 7543.35 7543.35 7543.35 7543.35 7543.35 7543.35 7543.35 7543.35 7543.35 7543.35 7543.35 7543.35 7543.35 7543.35 7543.35 7543.35 7543.35 7543.35 7543.35 7543.35 0 0 0 0 0 0 0 0 0 0 0 0 0 0 0 0 0 0 0 0 0 0 0 0 0
#obs catch bio
 2663.99 2689.98 4310.35 6181.43 7045.11 11038.6 11346.5 13174.8 22224.3 37585.1 52462.5 50005.9 90129.9 98451.3 101467 87511.4 78393.9 82359.9 77332.5 69041 72678.3 86859 109915 105960 110302 116580 96257 106008
#pred cpue bio
 4156.61 3974.12 5921.34 7812.86 10401.8 15303.6 17190.4 22626.3 33249 47872.9 62074.9 76031 111889 125478 125816 110684 106804 108113 96709.6 98390.6 110605 128457 139262 133500 138821 142386 132992 121818 3.17217e+06 2.37636e+06 1.57932e+06 992486 701423 569697 510998 484130 471185 464567 460998 458992 457831 457146 456737 456491 456343 456254 456200 456168 456148 456136 456129 456124 456121 456120 456119 456118 456118 456118 456118 456117 456117 456117 456117 456117 456117 456117 456117 456117 456117 456117 456117 456117 456117 456117 456117 456117 456117 456117 456117 456117 456117 456117 456117 456117 456117 456117 456117 456117 456117 456117 456117 456117 456117 456117 456117 456117 456117 456117 456117 456117 456117 456117 456117 456117 456117 456117 456117 456117 456117 456117 456117 456117 456117 456117 456117 456117 456117 456117 456117 456117 456117 456117 456117 456117 456117 456117 456117 456117 0 0 0 0 0 0 0 0 0 0 0 0 0 0 0 0 0 0 0 0 0 0 0 0 0
#obs cpue bio
 3627.49 3423.05 5440.75 7640.73 10198.1 18217.5 15032.6 28475.8 28239.9 40717.9 54331.2 88795.6 105358 124276 117756 82360.4 132924 167306 79162.6 160608 152207 122595 138165 111329 136941 181446 132757 138410
#pred surv len freq
 3.7575e-11 1.76735e-09 5.75613e-08 1.29815e-06 2.02725e-05 0.000219218 0.00164149 0.00851159 0.0305676 0.0760812 0.131573 0.159691 0.141214 0.102345 0.0757069 0.0625888 0.0508502 0.0386131 0.0291622 0.022855 0.0187783 0.0162811 0.0142763 0.0114488 0.00757343
 4.65779e-11 2.1908e-09 7.1353e-08 1.60919e-06 2.51298e-05 0.000271742 0.00203477 0.0105506 0.0378861 0.0942567 0.162732 0.196216 0.169308 0.113558 0.0717722 0.0501489 0.0351269 0.0219318 0.0127255 0.00759819 0.00489629 0.00342925 0.00254698 0.00183695 0.00114621
 4.54509e-11 2.13779e-09 6.96266e-08 1.57025e-06 2.45217e-05 0.000265168 0.00198555 0.0102955 0.0369719 0.0920002 0.158959 0.192245 0.167753 0.116555 0.0789587 0.0583238 0.0406336 0.0235028 0.0115242 0.00527654 0.00242441 0.00116173 0.000608358 0.000343367 0.000186231
 4.42252e-11 2.08014e-09 6.77489e-08 1.52791e-06 2.38604e-05 0.000258017 0.00193201 0.0100179 0.0359762 0.0895324 0.154763 0.187494 0.164655 0.116674 0.0820645 0.062753 0.0446507 0.0263111 0.0131185 0.00591858 0.00245659 0.00092167 0.000321808 0.000113695 4.25146e-05
 4.65697e-11 2.19041e-09 7.13404e-08 1.6089e-06 2.51253e-05 0.000271695 0.00203442 0.0105488 0.0378805 0.0942506 0.162775 0.196521 0.170389 0.116042 0.0756232 0.0541145 0.0375671 0.0221789 0.0112422 0.00518892 0.00218807 0.000809762 0.000257899 7.15331e-05 1.7859e-05
 4.34424e-11 2.04332e-09 6.65497e-08 1.50086e-06 2.34381e-05 0.00025345 0.00189781 0.00984067 0.0353404 0.0879572 0.152089 0.184485 0.162755 0.116915 0.0842535 0.0656523 0.0469829 0.0276362 0.0137295 0.00620449 0.00259762 0.000969099 0.000311731 8.50962e-05 1.94575e-05
 4.3079e-11 2.02623e-09 6.5993e-08 1.48831e-06 2.3242e-05 0.00025133 0.00188194 0.00975836 0.0350449 0.087223 0.150827 0.182991 0.161562 0.116345 0.0842944 0.066214 0.0480208 0.0289714 0.0149728 0.00703474 0.00299837 0.0011138 0.00035346 9.53887e-05 2.15939e-05
 4.40813e-11 2.07337e-09 6.75284e-08 1.52293e-06 2.37828e-05 0.000257177 0.00192572 0.00998529 0.0358588 0.0892379 0.154238 0.18678 0.163786 0.115571 0.0808028 0.0618741 0.0448262 0.027592 0.014826 0.00731556 0.00327063 0.00126863 0.000417299 0.000115169 2.62518e-05
 4.48262e-11 2.10841e-09 6.86696e-08 1.54867e-06 2.41847e-05 0.000261523 0.00195826 0.010154 0.036464 0.0907384 0.156792 0.18969 0.16574 0.115661 0.079164 0.0594379 0.0425434 0.0259074 0.0137753 0.00678649 0.0030839 0.00123776 0.000425997 0.000123227 2.92681e-05
 4.55138e-11 2.14075e-09 6.97229e-08 1.57243e-06 2.45557e-05 0.000265535 0.0019883 0.0103097 0.0370228 0.0921246 0.159159 0.192419 0.167688 0.116062 0.078128 0.0576322 0.0406054 0.024175 0.0124122 0.00587924 0.00259359 0.00102566 0.000353281 0.00010392 2.54303e-05
 4.51089e-11 2.1217e-09 6.91026e-08 1.55843e-06 2.43372e-05 0.000263172 0.00197061 0.010218 0.0366941 0.0913119 0.15779 0.190931 0.166928 0.11668 0.0799832 0.0597674 0.0419766 0.0244757 0.0120654 0.00541546 0.00226588 0.000854825 0.000282674 8.07188e-05 1.94783e-05
 4.56991e-11 2.14947e-09 7.00068e-08 1.57883e-06 2.46557e-05 0.000266616 0.00199639 0.0103517 0.0371736 0.0925002 0.159811 0.19322 0.168425 0.116642 0.0785432 0.0577665 0.0402704 0.0233817 0.0114466 0.00506101 0.00206038 0.000745807 0.00023399 6.32073e-05 1.45185e-05
 4.41735e-11 2.07771e-09 6.76698e-08 1.52612e-06 2.38326e-05 0.000257715 0.00192975 0.0100062 0.0359342 0.0894276 0.15458 0.187265 0.164431 0.116474 0.0819011 0.0626963 0.0447933 0.0266428 0.0134999 0.00620283 0.002594 0.000947532 0.000294989 7.78212e-05 1.72213e-05
 4.26695e-11 2.00697e-09 6.53656e-08 1.47416e-06 2.30211e-05 0.000248941 0.00186405 0.00966564 0.0347124 0.0864 0.149436 0.181451 0.160678 0.116713 0.085786 0.068012 0.0492617 0.0294083 0.0149362 0.00690984 0.00293301 0.00109564 0.000349662 9.40075e-05 2.09347e-05
 4.00223e-11 1.88246e-09 6.13104e-08 1.3827e-06 2.15929e-05 0.000233497 0.00174842 0.00906619 0.0325617 0.0810684 0.14036 0.171119 0.153752 0.116431 0.0916222 0.0765655 0.0570881 0.0350286 0.0184659 0.00888287 0.00387567 0.00147181 0.000476208 0.00013015 2.95427e-05
 4.08692e-11 1.92229e-09 6.26079e-08 1.41196e-06 2.20498e-05 0.000238438 0.00178541 0.00925795 0.0332494 0.0827695 0.143232 0.174275 0.155481 0.115447 0.0881908 0.0724887 0.0543106 0.0341524 0.0187883 0.00949668 0.00433202 0.00171041 0.000573061 0.000161227 3.74211e-05
 4.19376e-11 1.97254e-09 6.42445e-08 1.44887e-06 2.26262e-05 0.000244671 0.00183208 0.00949987 0.0341173 0.0849212 0.146894 0.17844 0.158261 0.115524 0.0857677 0.0689342 0.0510285 0.0317858 0.0173536 0.00879551 0.00409488 0.00167739 0.00058833 0.0001733 4.1887e-05
 4.03425e-11 1.89752e-09 6.1801e-08 1.39377e-06 2.17657e-05 0.000235365 0.0017624 0.00913868 0.0328216 0.0817108 0.141441 0.172289 0.154328 0.115883 0.0900483 0.0747264 0.055836 0.0346669 0.0187359 0.0093828 0.00433174 0.00177326 0.000628734 0.000189672 4.74348e-05
 4.1014e-11 1.9291e-09 6.28296e-08 1.41696e-06 2.21279e-05 0.000239283 0.00179174 0.00929073 0.033367 0.0830614 0.143731 0.17485 0.155894 0.115535 0.0879678 0.0720724 0.05382 0.0336847 0.0184406 0.00932664 0.00430804 0.00175029 0.000614619 0.000184448 4.62926e-05
 4.2209e-11 1.98531e-09 6.46603e-08 1.45825e-06 2.27727e-05 0.000246254 0.00184394 0.00956133 0.0343377 0.0854671 0.147819 0.179476 0.158897 0.115388 0.0849329 0.067864 0.0502068 0.0313723 0.0172157 0.00876218 0.00408742 0.00167911 0.000594472 0.000178828 4.47755e-05
 4.21533e-11 1.98269e-09 6.45749e-08 1.45632e-06 2.27426e-05 0.000245929 0.0018415 0.00954871 0.0342926 0.0853559 0.147635 0.179292 0.158859 0.115622 0.0854 0.0683283 0.0504047 0.0312535 0.0169512 0.00853814 0.00396718 0.00163445 0.000583092 0.000177091 4.47257e-05
 4.15259e-11 1.95318e-09 6.36139e-08 1.43465e-06 2.24041e-05 0.000242269 0.0018141 0.00940665 0.0337828 0.0840918 0.145481 0.176826 0.15716 0.115428 0.0866025 0.0702105 0.0522522 0.0327207 0.0179675 0.00913633 0.00425274 0.00174503 0.00061961 0.00018793 4.76091e-05
 4.10874e-11 1.93255e-09 6.2942e-08 1.4195e-06 2.21675e-05 0.000239711 0.00179494 0.00930734 0.0334265 0.0832083 0.143976 0.175108 0.155992 0.115333 0.0874933 0.0715465 0.0534962 0.03365 0.0186025 0.00954375 0.00448556 0.00185708 0.00066345 0.000201633 5.10324e-05
 4.22079e-11 1.98526e-09 6.46586e-08 1.45821e-06 2.27721e-05 0.000246248 0.00184389 0.00956108 0.034337 0.0854661 0.147824 0.179512 0.159023 0.115674 0.0853454 0.0682043 0.0502447 0.031086 0.0168099 0.00844773 0.00392532 0.00162133 0.000581083 0.000177583 4.51898e-05
 4.18302e-11 1.96749e-09 6.408e-08 1.44516e-06 2.25683e-05 0.000244044 0.00182739 0.00947557 0.0340303 0.0847068 0.146539 0.178082 0.15818 0.115953 0.0866475 0.0698383 0.0514722 0.0316464 0.0168954 0.0083434 0.00380331 0.00154147 0.000543676 0.000164506 4.17258e-05
 4.07596e-11 1.91714e-09 6.24399e-08 1.40817e-06 2.19907e-05 0.000237798 0.00178062 0.00923313 0.0331604 0.0825502 0.142866 0.173896 0.155355 0.115787 0.0889353 0.0732442 0.0546472 0.0339914 0.0184083 0.00919441 0.00419819 0.00168702 0.000585906 0.000174131 4.34414e-05
 3.9687e-11 1.86669e-09 6.07968e-08 1.37112e-06 2.1412e-05 0.000231541 0.00173377 0.00899024 0.032289 0.0803893 0.139185 0.169689 0.15248 0.115522 0.0910733 0.0764981 0.0577354 0.0363513 0.0200273 0.0101974 0.0047344 0.00192664 0.000673893 0.000200188 4.95475e-05
 3.83433e-11 1.80349e-09 5.87384e-08 1.3247e-06 2.0687e-05 0.000223701 0.00167507 0.00868594 0.031197 0.0776804 0.13456 0.164362 0.148695 0.114782 0.0931599 0.0800669 0.0614982 0.0396497 0.0225933 0.0119154 0.00569305 0.00237202 0.000847094 0.00025595 6.40709e-05
#obs surv len freq
 4.08431e-11 1.92106e-09 6.25678e-08 1.41106e-06 2.20358e-05 0.000238286 0.00178427 0.00925204 0.0332285 0.082719 0.143157 0.174242 0.155636 0.115933 0.0889444 0.0731246 0.0543956 0.0336533 0.0180942 0.00899445 0.00411326 0.00166503 0.000583976 0.00017513 4.39819e-05
 4.94083e-11 2.32393e-09 7.56888e-08 1.70697e-06 2.66568e-05 0.000288255 0.00215841 0.0111915 0.0401863 0.0999626 0.172471 0.207432 0.17727 0.115139 0.0676124 0.0434459 0.0288787 0.0171931 0.00907879 0.00445336 0.00201606 0.00080934 0.000281494 8.3637e-05 2.07884e-05
 4.16215e-11 1.95768e-09 6.37602e-08 1.43795e-06 2.24557e-05 0.000242827 0.00181828 0.0094284 0.0338621 0.0842994 0.145911 0.177684 0.158985 0.118909 0.0914182 0.0741386 0.0526774 0.0293541 0.0130908 0.00515611 0.00195839 0.000716052 0.000239261 6.97941e-05 1.715e-05
 4.72356e-11 2.22173e-09 7.23604e-08 1.63191e-06 2.54846e-05 0.000275579 0.0020635 0.0106996 0.0384214 0.0955893 0.165041 0.199042 0.171881 0.115567 0.073387 0.0513817 0.0356538 0.0214441 0.0111698 0.0052129 0.00213355 0.000733826 0.000211469 5.26483e-05 1.15218e-05
 4.46701e-11 2.10107e-09 6.84303e-08 1.54328e-06 2.41005e-05 0.000260612 0.00195144 0.0101187 0.0363381 0.090432 0.156312 0.189344 0.166187 0.117529 0.0822405 0.062251 0.0434041 0.0245389 0.0114154 0.0047763 0.00189629 0.000691149 0.000218104 5.72479e-05 1.22176e-05
 4.33873e-11 2.04073e-09 6.64652e-08 1.49896e-06 2.34084e-05 0.000253128 0.00189541 0.00982818 0.0352958 0.0878468 0.151904 0.18429 0.162677 0.117059 0.0846095 0.0660773 0.0473003 0.0277498 0.0136453 0.00600253 0.00238928 0.000829532 0.000246355 6.2745e-05 1.35697e-05
 4.32798e-11 2.03567e-09 6.63005e-08 1.49525e-06 2.33504e-05 0.000252501 0.00189071 0.00980384 0.0352083 0.087629 0.151526 0.183826 0.162253 0.116732 0.0843808 0.0660091 0.0474974 0.02821 0.0142101 0.00648298 0.00269424 0.000976277 0.000299172 7.66978e-05 1.62729e-05
 4.59727e-11 2.16233e-09 7.04258e-08 1.58828e-06 2.48033e-05 0.000268212 0.00200834 0.0104136 0.0373958 0.0930494 0.160736 0.194229 0.168949 0.116247 0.0773252 0.0563606 0.0393663 0.0231799 0.0116642 0.00534648 0.00225046 0.000834403 0.000264216 7.03459e-05 1.54493e-05
 4.69967e-11 2.2105e-09 7.19944e-08 1.62366e-06 2.53557e-05 0.000274186 0.00205307 0.0106455 0.0382278 0.0951132 0.164256 0.198271 0.171777 0.116683 0.0755395 0.0534422 0.036386 0.0206834 0.00983659 0.00421932 0.00169174 0.00061419 0.000194375 5.24192e-05 1.17704e-05
 4.42443e-11 2.08104e-09 6.7778e-08 1.52856e-06 2.38707e-05 0.000258128 0.00193284 0.0100223 0.0359922 0.0895747 0.154855 0.187695 0.165115 0.11758 0.0833321 0.0637947 0.0447798 0.0254572 0.0118827 0.00492068 0.00188161 0.000646719 0.000193531 4.98496e-05 1.08992e-05
 4.53967e-11 2.13524e-09 6.95434e-08 1.56838e-06 2.44925e-05 0.000264851 0.00198318 0.0102832 0.036928 0.0918911 0.158774 0.192039 0.167632 0.116606 0.0792148 0.0587741 0.041231 0.0241021 0.011888 0.00525833 0.00210114 0.000727411 0.000212641 5.24664e-05 1.08997e-05
 4.55992e-11 2.14477e-09 6.98536e-08 1.57538e-06 2.46017e-05 0.000266033 0.00199203 0.0103291 0.0370926 0.0923 0.159475 0.192861 0.168263 0.11685 0.0790784 0.0583489 0.040596 0.0233814 0.0112811 0.00490434 0.00197034 0.00070376 0.000214924 5.49896e-05 1.15817e-05
 4.32438e-11 2.03398e-09 6.62454e-08 1.494e-06 2.3331e-05 0.000252291 0.00188914 0.0097957 0.0351794 0.0875592 0.151422 0.183774 0.162445 0.117358 0.0853713 0.0668893 0.0477205 0.0276952 0.0133814 0.00579721 0.00230755 0.000814401 0.000246987 6.35737e-05 1.36641e-05
 4.02458e-11 1.89297e-09 6.16528e-08 1.39043e-06 2.17135e-05 0.000234801 0.00175818 0.00911682 0.0327438 0.0815214 0.141146 0.172086 0.154643 0.117134 0.0921216 0.0767069 0.0566351 0.0340124 0.0172707 0.00791499 0.00328138 0.00117972 0.000358924 9.19779e-05 1.96579e-05
 3.76853e-11 1.77253e-09 5.77303e-08 1.30196e-06 2.0332e-05 0.000219863 0.00164633 0.00853697 0.0306632 0.0763615 0.132349 0.162004 0.147657 0.116227 0.0968387 0.0841718 0.0640108 0.0399607 0.0215372 0.0105867 0.00467744 0.00177749 0.000568337 0.000151534 3.31992e-05
 4.18087e-11 1.96648e-09 6.40469e-08 1.44442e-06 2.25567e-05 0.000243919 0.00182645 0.00947065 0.0340124 0.0846581 0.146429 0.17783 0.157579 0.114751 0.0849616 0.0684588 0.0513248 0.0328337 0.0186079 0.00972251 0.00456578 0.00184764 0.000631217 0.000179498 4.1624e-05
 4.11821e-11 1.93701e-09 6.3087e-08 1.42277e-06 2.22186e-05 0.000240263 0.00179908 0.00932881 0.0335041 0.083404 0.144335 0.175639 0.156762 0.116492 0.0889375 0.0726034 0.0533735 0.0323185 0.0168737 0.00822534 0.00378663 0.00157413 0.000567083 0.000171642 4.24007e-05
 4.00769e-11 1.88502e-09 6.1394e-08 1.38459e-06 2.16224e-05 0.000233815 0.0017508 0.00907854 0.0326061 0.0811774 0.140541 0.171303 0.1538 0.116228 0.0911901 0.076101 0.0568166 0.0350194 0.0186252 0.00908839 0.00405686 0.00160205 0.000552253 0.0001648 4.14878e-05
 4.01882e-11 1.89026e-09 6.15645e-08 1.38843e-06 2.16824e-05 0.000234465 0.00175566 0.00910373 0.0326963 0.0813996 0.140909 0.171674 0.153884 0.11578 0.0902725 0.0751578 0.0563535 0.035167 0.01911 0.00956706 0.00436237 0.00174015 0.000595557 0.00017338 4.22961e-05
 4.29788e-11 2.02152e-09 6.58395e-08 1.48485e-06 2.3188e-05 0.000250745 0.00187756 0.00973564 0.0349633 0.0870177 0.15046 0.182486 0.160928 0.11551 0.0832981 0.0654427 0.0479733 0.0297408 0.0161537 0.00812962 0.00375342 0.00152564 0.000533011 0.000157556 3.85909e-05
 4.15705e-11 1.95528e-09 6.36821e-08 1.43619e-06 2.24282e-05 0.000242529 0.00181605 0.00941678 0.0338197 0.0841867 0.145669 0.177166 0.157815 0.116618 0.0882196 0.0715094 0.0523546 0.0315385 0.0162855 0.00777529 0.00347398 0.00139707 0.000490006 0.00014662 3.64742e-05
 4.0697e-11 1.91419e-09 6.2344e-08 1.40601e-06 2.19569e-05 0.000237433 0.00177789 0.00921896 0.0331099 0.0824258 0.142663 0.173706 0.155366 0.116168 0.0896457 0.0739603 0.0549904 0.0338572 0.0179946 0.0087603 0.00388551 0.00151416 0.000510819 0.000148383 3.64188e-05
 4.15391e-11 1.9538e-09 6.3634e-08 1.43511e-06 2.24113e-05 0.000242346 0.00181467 0.00940964 0.0337938 0.0841197 0.145535 0.17692 0.157333 0.115736 0.0870256 0.0705732 0.0523388 0.0324893 0.0175743 0.00876393 0.00398617 0.00158646 0.000540473 0.000155879 3.74548e-05
 4.09997e-11 1.92843e-09 6.28076e-08 1.41647e-06 2.21202e-05 0.000239199 0.00179111 0.0092875 0.0333557 0.083035 0.143698 0.174875 0.156118 0.11611 0.0888304 0.0728109 0.0539593 0.0331705 0.0176697 0.00870774 0.00396215 0.0015975 0.000555465 0.000163568 3.98771e-05
 4.00211e-11 1.8824e-09 6.13085e-08 1.38266e-06 2.15922e-05 0.00023349 0.00174836 0.00906589 0.0325606 0.0810635 0.14034 0.17104 0.153507 0.115895 0.090832 0.0758542 0.0568616 0.0353822 0.0191356 0.00953972 0.00434816 0.00174406 0.000603888 0.000178341 4.39448e-05
 3.93077e-11 1.84885e-09 6.02157e-08 1.35802e-06 2.12074e-05 0.000229328 0.0017172 0.00890435 0.0319809 0.0796251 0.137883 0.168202 0.151464 0.115429 0.0918327 0.0776555 0.0588374 0.0371952 0.0206018 0.0105448 0.0049128 0.00200261 0.000700593 0.000207822 5.12586e-05
 3.71252e-11 1.74619e-09 5.68723e-08 1.28261e-06 2.00299e-05 0.000216595 0.00162186 0.00841012 0.0302078 0.0752293 0.1304 0.159681 0.145747 0.115177 0.0965978 0.0846161 0.0651535 0.0416994 0.0234759 0.0122606 0.0058403 0.00243879 0.000874316 0.000264928 6.63727e-05
 4.02607e-11 1.89367e-09 6.16755e-08 1.39094e-06 2.17215e-05 0.000234887 0.00175883 0.00912009 0.0327545 0.081538 0.141106 0.171714 0.153286 0.114046 0.0875636 0.0726979 0.0555864 0.0363761 0.0212922 0.0115642 0.00567466 0.0024267 0.000890373 0.000276294 7.08534e-05
#pred catch len freq
 3.16866e-11 1.49039e-09 4.85409e-08 1.09472e-06 1.70956e-05 0.000184865 0.00138427 0.00717809 0.0257823 0.0642077 0.111291 0.136262 0.124341 0.0983874 0.083453 0.0759479 0.0641769 0.0496213 0.0379305 0.0299379 0.0246724 0.0214133 0.0187821 0.0150634 0.00996467
 4.23515e-11 1.99201e-09 6.48786e-08 1.46317e-06 2.28496e-05 0.000247086 0.00185016 0.00959354 0.0344526 0.0857447 0.148244 0.179728 0.158269 0.113127 0.0810173 0.0634444 0.0468215 0.0298443 0.0175512 0.0105892 0.00686255 0.00481663 0.00357965 0.00258213 0.00161125
 4.13316e-11 1.94404e-09 6.33161e-08 1.42794e-06 2.22993e-05 0.000241135 0.00180561 0.0093627 0.0336257 0.0837083 0.144869 0.176322 0.157475 0.117214 0.0896098 0.0728967 0.0528768 0.0310486 0.0153799 0.00711214 0.003292 0.00158341 0.000830386 0.000468894 0.000254342
 4.00368e-11 1.88314e-09 6.13326e-08 1.3832e-06 2.16007e-05 0.000233582 0.00174905 0.0090695 0.0325739 0.0811013 0.140436 0.171298 0.154185 0.117305 0.0928543 0.0775858 0.0572223 0.0341844 0.0172065 0.0078313 0.00327085 0.00123126 0.000430592 0.000152249 5.69503e-05
 4.23719e-11 1.99297e-09 6.49099e-08 1.46388e-06 2.28606e-05 0.000247205 0.00185105 0.00959826 0.0344706 0.0858004 0.148413 0.180277 0.15986 0.116595 0.086321 0.0688831 0.050153 0.0301501 0.0154614 0.00720868 0.00306067 0.00113668 0.000362608 0.000100658 2.5141e-05
 3.91117e-11 1.83963e-09 5.99155e-08 1.35124e-06 2.11016e-05 0.000228185 0.00170864 0.00886003 0.0318225 0.0792399 0.137276 0.167742 0.151943 0.117597 0.0954497 0.0810166 0.0599737 0.0357399 0.0179223 0.00817174 0.00344314 0.0012888 0.000415188 0.000113416 2.59418e-05
 3.81433e-11 1.79408e-09 5.8432e-08 1.31779e-06 2.05791e-05 0.000222535 0.00166634 0.00864072 0.0310355 0.0772867 0.133937 0.163876 0.149129 0.116879 0.0967067 0.0834427 0.0628053 0.0384596 0.0200959 0.00953489 0.00409079 0.00152469 0.000484611 0.000130885 2.96416e-05
 3.91198e-11 1.84001e-09 5.99279e-08 1.35152e-06 2.1106e-05 0.000228232 0.00170899 0.00886181 0.0318283 0.0792486 0.137252 0.167531 0.151178 0.115866 0.0929254 0.0788842 0.0596146 0.037326 0.0203006 0.0101184 0.00455247 0.00177131 0.000583484 0.000161148 3.67459e-05
 4.03209e-11 1.8965e-09 6.17679e-08 1.39302e-06 2.1754e-05 0.000235239 0.00176146 0.00913379 0.0328041 0.0816678 0.14137 0.172221 0.154325 0.115999 0.0902703 0.0749535 0.0559521 0.0346427 0.0186317 0.00926789 0.00423736 0.00170577 0.000587841 0.000170148 4.04246e-05
 4.15842e-11 1.95592e-09 6.37031e-08 1.43666e-06 2.24356e-05 0.000242609 0.00181664 0.00941987 0.0338306 0.0842138 0.145713 0.177206 0.15781 0.116531 0.0880673 0.0713802 0.0523419 0.031641 0.01641 0.00784174 0.00347982 0.00138018 0.000476011 0.000140104 3.42946e-05
 4.13534e-11 1.94507e-09 6.33496e-08 1.42869e-06 2.23111e-05 0.000241263 0.00180657 0.00936765 0.0336435 0.0837526 0.144946 0.176417 0.157568 0.117306 0.089741 0.0731302 0.0532439 0.0314653 0.0156497 0.00708276 0.00298128 0.00112824 0.000373612 0.000106755 2.57688e-05
 4.12991e-11 1.94251e-09 6.32664e-08 1.42682e-06 2.22818e-05 0.000240946 0.00180419 0.00935536 0.0335995 0.0836436 0.144762 0.176218 0.157468 0.117395 0.0900083 0.0734586 0.0534968 0.031576 0.0156286 0.00698131 0.00286346 0.00104063 0.000327087 8.84329e-05 2.03216e-05
 4.00107e-11 1.88191e-09 6.12927e-08 1.3823e-06 2.15866e-05 0.000233429 0.00174791 0.00906359 0.0325526 0.0810476 0.140338 0.171158 0.153995 0.117034 0.0925277 0.0773599 0.0572842 0.0345453 0.0176719 0.00818975 0.0034452 0.0012623 0.000393539 0.000103893 2.29993e-05
 3.81759e-11 1.79561e-09 5.8482e-08 1.31891e-06 2.05968e-05 0.000222725 0.00166777 0.00864812 0.0310622 0.0773543 0.134062 0.164063 0.149407 0.117305 0.097237 0.0838176 0.0627265 0.0379323 0.0194497 0.00907759 0.00387666 0.00145265 0.000464255 0.000124901 2.78241e-05
 3.53444e-11 1.66243e-09 5.41444e-08 1.22109e-06 1.90691e-05 0.000206206 0.00154408 0.00800693 0.0287617 0.0716507 0.124349 0.152987 0.14192 0.116832 0.103231 0.0927594 0.0710686 0.0441073 0.0234632 0.0113785 0.00499092 0.00190037 0.000615625 0.000168357 3.82273e-05
 3.61315e-11 1.69945e-09 5.535e-08 1.24828e-06 1.94937e-05 0.000210798 0.00157846 0.00818511 0.0294005 0.07323 0.127008 0.155874 0.143379 0.115589 0.099564 0.0885582 0.0683967 0.0435666 0.0242031 0.0123335 0.00565418 0.00223783 0.000750609 0.000211297 4.90568e-05
 3.71537e-11 1.74753e-09 5.6916e-08 1.2836e-06 2.00452e-05 0.000216761 0.00162311 0.00841659 0.030231 0.075289 0.130514 0.159868 0.146066 0.115721 0.097323 0.0852035 0.0652197 0.0411947 0.0227268 0.0116206 0.00543966 0.00223403 0.000784472 0.000231202 5.58968e-05
 3.56663e-11 1.67757e-09 5.46374e-08 1.23221e-06 1.92428e-05 0.000208084 0.00155814 0.00807979 0.0290229 0.0722958 0.125431 0.154143 0.142435 0.116137 0.101433 0.0907073 0.0697249 0.0438112 0.0239017 0.0120679 0.00560015 0.00229821 0.000815762 0.000246221 6.15921e-05
 3.61508e-11 1.70036e-09 5.53797e-08 1.24895e-06 1.95042e-05 0.000210911 0.0015793 0.0081895 0.0294163 0.0732696 0.127078 0.155967 0.143485 0.11571 0.09968 0.0885895 0.0682592 0.0432914 0.0239422 0.0122133 0.00567138 0.0023101 0.000812142 0.000243862 6.1221e-05
 3.72948e-11 1.75417e-09 5.71321e-08 1.28847e-06 2.01213e-05 0.000217584 0.00162927 0.00844853 0.0303456 0.0755723 0.130992 0.160392 0.146351 0.11555 0.0967453 0.0845292 0.0647795 0.0410766 0.022789 0.0117049 0.00549077 0.00226164 0.00080167 0.000241294 6.04329e-05
 3.70362e-11 1.742e-09 5.6736e-08 1.27954e-06 1.99818e-05 0.000216076 0.00161798 0.00838999 0.0301356 0.075053 0.130115 0.159431 0.14583 0.115865 0.0978086 0.085771 0.065589 0.0412831 0.0226473 0.0115185 0.0053845 0.00222482 0.000794733 0.000241514 6.10137e-05
 3.64322e-11 1.7136e-09 5.58107e-08 1.25867e-06 1.9656e-05 0.000212552 0.00159159 0.00825321 0.0296448 0.0738356 0.128038 0.157044 0.144151 0.115585 0.0988312 0.0874741 0.0673605 0.0427947 0.0237598 0.0121937 0.00570819 0.00234864 0.000834962 0.000253396 6.42123e-05
 3.6452e-11 1.71453e-09 5.58411e-08 1.25936e-06 1.96667e-05 0.000212668 0.00159246 0.0082577 0.0296609 0.073875 0.128102 0.157102 0.14414 0.115446 0.0985767 0.0872142 0.0672279 0.0428333 0.0239107 0.0123665 0.0058409 0.00242388 0.000866851 0.000263582 6.67277e-05
 3.75646e-11 1.76686e-09 5.75455e-08 1.29779e-06 2.02669e-05 0.000219159 0.00164106 0.00850965 0.0305649 0.0761173 0.131927 0.161494 0.147213 0.115923 0.0966456 0.084065 0.0640259 0.0401578 0.021938 0.0111211 0.00519575 0.00215169 0.000772054 0.000236071 6.00887e-05
 3.70316e-11 1.74179e-09 5.67289e-08 1.27938e-06 1.99793e-05 0.000216049 0.00161778 0.00838896 0.0301321 0.0750455 0.130112 0.159472 0.146008 0.116285 0.0984361 0.0863299 0.0657477 0.0409735 0.0221009 0.0110124 0.0050489 0.00205204 0.000724659 0.000219396 5.56637e-05
 3.59024e-11 1.68868e-09 5.49991e-08 1.24037e-06 1.93701e-05 0.000209461 0.00156845 0.00813325 0.0292146 0.0727706 0.126236 0.155046 0.142992 0.116032 0.100736 0.0898306 0.0690904 0.0435305 0.0238108 0.0119951 0.00550659 0.0022186 0.000771444 0.000229404 5.7247e-05
 3.44935e-11 1.62241e-09 5.28409e-08 1.19169e-06 1.861e-05 0.000201242 0.00150691 0.00781422 0.02807 0.0699322 0.1214 0.149516 0.139205 0.115656 0.103506 0.0940721 0.0731409 0.046654 0.0259733 0.0133424 0.00622838 0.00254123 0.000889919 0.000264513 6.54869e-05
 3.40761e-11 1.60277e-09 5.22014e-08 1.17727e-06 1.83848e-05 0.000198806 0.00148867 0.00771965 0.0277304 0.0690874 0.119942 0.147761 0.137704 0.114708 0.103106 0.094273 0.0741025 0.0482652 0.0277238 0.0147157 0.00705774 0.00294591 0.00105291 0.000318265 7.96858e-05
#obs catch len freq
 3.55936e-11 1.67415e-09 5.4526e-08 1.2297e-06 1.92035e-05 0.00020766 0.00155496 0.00806333 0.028964 0.0721497 0.125184 0.153871 0.142284 0.116215 0.10172 0.0910532 0.0699688 0.0438993 0.0238844 0.0120165 0.00555586 0.00227335 0.000806901 0.000245165 6.23995e-05
 3.59184e-11 1.68943e-09 5.50235e-08 1.24092e-06 1.93788e-05 0.000209554 0.00156915 0.00813687 0.0292279 0.072804 0.126299 0.155147 0.143159 0.116307 0.101092 0.0900907 0.0690535 0.0431957 0.023392 0.0116968 0.00536951 0.00217788 0.000764643 0.000229447 5.76432e-05
 4.6164e-11 2.17133e-09 7.07188e-08 1.59489e-06 2.49064e-05 0.000269328 0.00201669 0.0104569 0.0375508 0.0934311 0.161367 0.194861 0.169077 0.115445 0.0757011 0.0546965 0.0385496 0.0234283 0.0124891 0.00616579 0.00280248 0.00112738 0.00039253 0.000116699 2.90165e-05
 3.68166e-11 1.73167e-09 5.63995e-08 1.27195e-06 1.98633e-05 0.000214795 0.00160839 0.00834038 0.0299592 0.0746297 0.129492 0.159188 0.147245 0.12023 0.104653 0.091856 0.0671687 0.0377877 0.0169491 0.00671824 0.00256674 0.000941882 0.000315261 9.20371e-05 2.26248e-05
 4.35143e-11 2.0467e-09 6.66597e-08 1.50334e-06 2.34769e-05 0.000253869 0.00190095 0.0098569 0.0353985 0.0880978 0.152307 0.184631 0.16251 0.115978 0.0827635 0.064406 0.0468512 0.0286436 0.0150412 0.00706044 0.00290037 0.000999563 0.000288378 7.18538e-05 1.57337e-05
 4.03767e-11 1.89913e-09 6.18533e-08 1.39495e-06 2.17841e-05 0.000235565 0.0017639 0.00914651 0.0328507 0.0817913 0.141637 0.172794 0.155622 0.118544 0.0938276 0.0778847 0.0563291 0.0322393 0.0151 0.00635914 0.00253806 0.000927841 0.000293215 7.70174e-05 1.64432e-05
 3.89059e-11 1.82995e-09 5.96002e-08 1.34414e-06 2.09906e-05 0.000226984 0.00169965 0.00881344 0.0316556 0.0788266 0.136578 0.166978 0.151531 0.11786 0.0963382 0.0821122 0.0608015 0.0360906 0.0178684 0.00790748 0.00316125 0.00110024 0.000327183 8.33979e-05 1.80453e-05
 3.87973e-11 1.82484e-09 5.94337e-08 1.34038e-06 2.0932e-05 0.00022635 0.00169491 0.00878882 0.0315671 0.0786059 0.136193 0.166494 0.151054 0.117421 0.0959475 0.0819016 0.0609607 0.0366368 0.0185843 0.00852941 0.00355952 0.00129274 0.000396617 0.000101749 2.15972e-05
 4.20033e-11 1.97563e-09 6.4345e-08 1.45114e-06 2.26617e-05 0.000245054 0.00183495 0.00951477 0.0341714 0.0850591 0.147158 0.178881 0.159033 0.116858 0.0875687 0.0704302 0.0512778 0.030628 0.0155295 0.00716184 0.00302731 0.00112499 0.000356647 9.5018e-05 2.08762e-05
 4.32471e-11 2.03414e-09 6.62505e-08 1.49412e-06 2.33328e-05 0.000252311 0.00188929 0.00979646 0.0351821 0.0875665 0.151437 0.183805 0.16251 0.117481 0.0855335 0.0669964 0.0476722 0.0275057 0.0131796 0.00568943 0.00229222 0.000834475 0.000264451 7.13692e-05 1.60322e-05
 3.99486e-11 1.87899e-09 6.11974e-08 1.38016e-06 2.15531e-05 0.000233067 0.0017452 0.00904956 0.0325029 0.0809292 0.140171 0.171133 0.154536 0.118577 0.0949041 0.0794327 0.0577429 0.033215 0.0156054 0.00650181 0.00249843 0.000861212 0.000258104 6.65372e-05 1.45549e-05
 4.12968e-11 1.9424e-09 6.32628e-08 1.42674e-06 2.22806e-05 0.000240933 0.00180409 0.00935482 0.0335977 0.0836386 0.144752 0.176199 0.157429 0.117325 0.0899249 0.0734269 0.05358 0.0317465 0.0157729 0.00701893 0.00281671 0.000977466 0.000286101 7.06457e-05 1.46837e-05
 4.14699e-11 1.95054e-09 6.35279e-08 1.43271e-06 2.23739e-05 0.000241942 0.00181165 0.00939401 0.0337384 0.0839885 0.145355 0.176921 0.158032 0.117671 0.0900034 0.0732118 0.053025 0.0309601 0.015048 0.00658392 0.00265772 0.000951807 0.000291067 7.45263e-05 1.57034e-05
 3.86724e-11 1.81896e-09 5.92424e-08 1.33607e-06 2.08646e-05 0.000225621 0.00168945 0.00876056 0.031466 0.078358 0.13579 0.166126 0.151115 0.118262 0.0974587 0.0833413 0.0614886 0.0361005 0.0175621 0.00765606 0.00306185 0.0010835 0.000329052 8.4763e-05 1.8227e-05
 3.52488e-11 1.65793e-09 5.39977e-08 1.21779e-06 1.90175e-05 0.000205648 0.0015399 0.00798529 0.0286845 0.0714624 0.124051 0.152757 0.142136 0.117852 0.104946 0.0943698 0.0716467 0.0434653 0.0222192 0.0102438 0.00426461 0.00153671 0.000468101 0.000120043 2.56678e-05
 3.23772e-11 1.52287e-09 4.95988e-08 1.11858e-06 1.74682e-05 0.000188895 0.00141446 0.00733501 0.0263512 0.0656747 0.114178 0.141419 0.134197 0.116606 0.109903 0.102457 0.0798629 0.0503362 0.0273154 0.0135048 0.005989 0.00228038 0.000729898 0.000194735 4.26812e-05
 3.70145e-11 1.74098e-09 5.67027e-08 1.27879e-06 1.99701e-05 0.000215949 0.00161703 0.00838504 0.0301177 0.0750047 0.130009 0.159195 0.145283 0.114784 0.0963069 0.0845736 0.065535 0.0424383 0.0242307 0.0127305 0.00599818 0.00243142 0.000831417 0.000236558 5.48742e-05
 3.61866e-11 1.70204e-09 5.54344e-08 1.25019e-06 1.95235e-05 0.000211119 0.00158087 0.00819763 0.0294461 0.0733475 0.127241 0.156296 0.144191 0.117057 0.101521 0.0900174 0.0682374 0.0417831 0.0219765 0.0107822 0.00498532 0.00207706 0.000749073 0.000226854 5.60577e-05
 3.49559e-11 1.64415e-09 5.3549e-08 1.20767e-06 1.88595e-05 0.000203939 0.0015271 0.00791893 0.0284461 0.0708675 0.123013 0.151455 0.140853 0.116677 0.103912 0.0938312 0.0720996 0.0449178 0.0240618 0.0118125 0.00529389 0.002095 0.000723006 0.000215898 5.43725e-05
 3.50298e-11 1.64763e-09 5.36623e-08 1.21022e-06 1.88993e-05 0.00020437 0.00153033 0.00793565 0.0285059 0.0710138 0.123249 0.151662 0.140782 0.116098 0.102891 0.0928462 0.0717073 0.0452482 0.0247707 0.0124762 0.00571079 0.00228262 0.000782049 0.000227815 5.55969e-05
 3.81482e-11 1.79431e-09 5.84394e-08 1.31796e-06 2.05818e-05 0.000222563 0.00166655 0.00864179 0.0310391 0.077292 0.133922 0.163747 0.148662 0.115814 0.0951198 0.0820039 0.0623335 0.0391552 0.0214379 0.0108573 0.00503272 0.00204985 0.000716919 0.000212048 5.19571e-05
 3.65116e-11 1.71733e-09 5.59323e-08 1.26142e-06 1.96988e-05 0.000213015 0.00159506 0.00827124 0.0297102 0.0740027 0.128359 0.157585 0.14511 0.117249 0.101052 0.0892333 0.0674533 0.0411073 0.0213873 0.0102791 0.00461357 0.0018598 0.000653089 0.000195544 4.86632e-05
 3.55166e-11 1.67053e-09 5.44081e-08 1.22704e-06 1.9162e-05 0.000207211 0.0015516 0.00804591 0.0289016 0.0719965 0.124933 0.153628 0.14227 0.116627 0.102522 0.0919044 0.0704594 0.0438772 0.0234958 0.0115106 0.00512646 0.00200216 0.000676246 0.000196574 4.82669e-05
 3.64546e-11 1.71465e-09 5.5845e-08 1.25945e-06 1.96681e-05 0.000212683 0.00159257 0.00825829 0.0296634 0.0738828 0.128129 0.157199 0.144432 0.11608 0.0995066 0.0880444 0.0674782 0.0423984 0.0231135 0.011599 0.00529686 0.00211252 0.000720484 0.000207931 4.99816e-05
 3.57628e-11 1.68211e-09 5.47852e-08 1.23555e-06 1.92948e-05 0.000208647 0.00156235 0.00810166 0.0291016 0.0724919 0.125774 0.154578 0.142876 0.116564 0.101828 0.090919 0.0695547 0.0432642 0.0232272 0.0115221 0.00526535 0.00212771 0.000740678 0.000218249 5.32286e-05
 3.45859e-11 1.62675e-09 5.29823e-08 1.19489e-06 1.86599e-05 0.000201781 0.00151094 0.00783514 0.0281453 0.0701207 0.121734 0.149958 0.139713 0.116255 0.104163 0.0945206 0.0730408 0.0459763 0.0250612 0.0125757 0.00575604 0.00231386 0.000802119 0.000237044 5.84333e-05
 3.37617e-11 1.58799e-09 5.17197e-08 1.16641e-06 1.82152e-05 0.000196972 0.00147494 0.00764848 0.0274755 0.0684583 0.118892 0.146666 0.137311 0.115624 0.105183 0.0964841 0.0752972 0.0481483 0.0268806 0.0138471 0.00647719 0.00264579 0.000926632 0.000275052 6.78674e-05
 3.14005e-11 1.47693e-09 4.81025e-08 1.08483e-06 1.69413e-05 0.000183197 0.0013718 0.00711379 0.0255571 0.0637022 0.110793 0.137434 0.131079 0.115248 0.110186 0.103878 0.0820882 0.0530918 0.030121 0.01583 0.00756978 0.00316727 0.00113668 0.000344636 8.63736e-05
#spawning biomass
 3600.51 2849.23 4270.36 5792.39 7275.52 11537.6 13081.1 16893.5 24399.2 34476.7 45048 54332.4 83091.6 96195.8 101247 88015.4 83345.2 86676.2 76713.4 76416.5 85945.6 101017 110392 103617 108423 113370 107810 100852 68537.5 110568 66183.4 38052.4 25356.9 20282.4 18389.6 17713.4 17478.5 17398.4 17371.4 17362.4 17359.4 17358.4 17358.1 17358 17358 17358 17358 17358 17358 17358 17358 17358 17358 17358 17358 17358 17358 17358 17358 17358 17358 17358 17358 17358 17358 17358 17358 17358 17358 17358 17358 17358 17358 17358 17358 17358 17358 17358 17358 17358 17358 17358 17358 17358 17358 17358 17358 17358 17358 17358 17358 17358 17358 17358 17358 17358 17358 17358 17358 17358 17358 17358 17358 17358 17358 17358 17358 17358 17358 17358 17358 17358 17358 17358 17358 17358 17358 17358 17358 17358 17358 17358 17358 17358 17358 17358 17358 17358 0 0 0 0 0 0 0 0 0 0 0 0 0 0 0 0 0 0 0 0 0 0 0 0 0
