SBPRF35
0.0381997
Curr Bio
47455.4
B35
26894.7
F35
3.21537
FOFL
3.21537
OFL
80392.5
Bzero
10914
#pred survey bio
 7871.78 8133.7 9659.95 12241 15247.9 17268.2 15965.5 15404.4 26067.4 39130.1 40165.1 50550.9 76875.1 89593.7 74142.3 63519.5 60874.3 63173.2 60798.2 58241.7 59385.8 65295.4 72077.9 78071.1 87695.3 88483.3 83390.6 103933 3.02215e+06 1.88481e+06 627559 281393 218092 197927 190715 188078 187106 186746 186612 186562 186543 186536 186534 186533 186532 186532 186532 186532 186532 186532 186532 186532 186532 186532 186532 186532 186532 186532 186532 186532 186532 186532 186532 186532 186532 186532 186532 186532 186532 186532 186532 186532 186532 186532 186532 186532 186532 186532 186532 186532 186532 186532 186532 186532 186532 186532 186532 186532 186532 186532 186532 186532 186532 186532 186532 186532 186532 186532 186532 186532 186532 186532 186532 186532 186532 186532 186532 186532 186532 186532 186532 186532 186532 186532 186532 186532 186532 186532 186532 186532 186532 186532 186532 186532 186532 186532 186532 186532 0 0 0 0 0 0 0 0 0 0 0 0 0 0 0 0 0 0 0 0 0 0 0 0 0
#obs survey bio
 5502.49 6220.48 11927.1 14355.4 17411.8 13527.7 14150 16293.7 26707.7 33258.3 60356.2 93505 85248.7 53427 68673.8 57968.6 72927.7 56210.1 79539.5 37243.6 46450.6 73116.4 58089.2 84371.2 85606.9 92281 71560 158494
#pred catch bio
 2762.67 3353.76 3617.13 4816.5 6345.5 8248.4 8997.21 7159.68 8220.96 18917 21580.2 19802 32459.5 53005.7 43462.6 38237.2 32051.3 35856.7 35333 32836.4 32929.7 32714.5 38752.6 39085.1 43855.8 51610.2 42700.2 43156 80392.5 61007.8 13495.6 4963.95 4738.18 4734 4733.93 4733.93 4733.93 4733.93 4733.93 4733.93 4733.93 4733.93 4733.93 4733.93 4733.93 4733.93 4733.93 4733.93 4733.93 4733.93 4733.93 4733.93 4733.93 4733.93 4733.93 4733.93 4733.93 4733.93 4733.93 4733.93 4733.93 4733.93 4733.93 4733.93 4733.93 4733.93 4733.93 4733.93 4733.93 4733.93 4733.93 4733.93 4733.93 4733.93 4733.93 4733.93 4733.93 4733.93 4733.93 4733.93 4733.93 4733.93 4733.93 4733.93 4733.93 4733.93 4733.93 4733.93 4733.93 4733.93 4733.93 4733.93 4733.93 4733.93 4733.93 4733.93 4733.93 4733.93 4733.93 4733.93 4733.93 4733.93 4733.93 4733.93 4733.93 4733.93 4733.93 4733.93 4733.93 4733.93 4733.93 4733.93 4733.93 4733.93 4733.93 4733.93 4733.93 4733.93 4733.93 4733.93 4733.93 4733.93 4733.93 4733.93 4733.93 4733.93 4733.93 4733.93 0 0 0 0 0 0 0 0 0 0 0 0 0 0 0 0 0 0 0 0 0 0 0 0 0
#obs catch bio
 3484.31 3455.96 3592.95 4762.44 6255.23 8220.77 9216.8 7350.2 8038.03 18521.8 22075.8 19129.9 31554.1 53904 43536.1 39911 31419.5 36292.7 35457 32725.4 33912 32190 38763.9 39180.6 43005.2 51938.8 43090.9 43294.9
#pred cpue bio
 5045.79 4385.37 4897.7 6291.86 7765.36 9236.49 9097.73 7542.15 10476.6 20024.3 21500.9 22107 36119.3 48021.4 40442 33652.6 29963.5 32821.9 31115.6 29797.2 29552.4 31660.2 36972.7 38256.4 44354.6 47479 41961.9 48007.2 1.55088e+06 1.34797e+06 548967 198107 133507 113214 105989 103351 102379 102019 101885 101835 101817 101810 101807 101806 101806 101805 101805 101805 101805 101805 101805 101805 101805 101805 101805 101805 101805 101805 101805 101805 101805 101805 101805 101805 101805 101805 101805 101805 101805 101805 101805 101805 101805 101805 101805 101805 101805 101805 101805 101805 101805 101805 101805 101805 101805 101805 101805 101805 101805 101805 101805 101805 101805 101805 101805 101805 101805 101805 101805 101805 101805 101805 101805 101805 101805 101805 101805 101805 101805 101805 101805 101805 101805 101805 101805 101805 101805 101805 101805 101805 101805 101805 101805 101805 101805 101805 101805 101805 0 0 0 0 0 0 0 0 0 0 0 0 0 0 0 0 0 0 0 0 0 0 0 0 0
#obs cpue bio
 3684.88 3537.36 7321.95 7185.07 7859.61 8660.67 6576.25 6262.1 17306.8 22372.2 15895.5 32901.2 25564.9 49444.1 41262 21362.7 40860.7 23919 30175.5 34979.8 23408.7 47222.4 42509.6 33571 67740.9 38192.2 33598.7 37955
#pred surv len freq
 2.14309e-27 2.16709e-27 5.9935e-27 1.30912e-21 7.78586e-17 1.06458e-12 3.34651e-09 2.41854e-06 0.000401836 0.0153499 0.134803 0.272173 0.126894 0.0283748 0.0912855 0.128387 0.0519547 0.0409155 0.0354633 0.0215635 0.0163553 0.0123243 0.0109405 0.00914116 0.00367025
 2.14371e-27 2.16939e-27 6.26747e-27 1.40207e-21 8.33867e-17 1.14016e-12 3.58412e-09 2.59026e-06 0.000430367 0.0164397 0.144375 0.291498 0.135938 0.031296 0.103299 0.145062 0.0549337 0.0324718 0.0248749 0.00911611 0.00445698 0.00246652 0.00167739 0.00119854 0.000462976
 2.14413e-27 2.17048e-27 6.38139e-27 1.44069e-21 8.56835e-17 1.17157e-12 3.68284e-09 2.6616e-06 0.000442221 0.0168925 0.148351 0.299527 0.139673 0.0318987 0.10456 0.146745 0.0543595 0.0284648 0.0207702 0.00580649 0.0016935 0.000493655 0.000188117 9.79757e-05 3.40075e-05
 2.14382e-27 2.16975e-27 6.30583e-27 1.41507e-21 8.41595e-17 1.15073e-12 3.61734e-09 2.61426e-06 0.000434356 0.0165921 0.145713 0.294199 0.137216 0.0320582 0.10714 0.150407 0.0560162 0.0302401 0.0221016 0.00596805 0.00154029 0.000307237 5.00311e-05 1.18155e-05 3.06181e-06
 2.14405e-27 2.17032e-27 6.36554e-27 1.43532e-21 8.53642e-17 1.1672e-12 3.66912e-09 2.65168e-06 0.000440573 0.0168296 0.147798 0.29841 0.139155 0.0318572 0.104643 0.146887 0.0547655 0.0297469 0.0217627 0.00587658 0.00150511 0.00028234 3.34559e-05 3.09482e-06 3.32226e-07
 2.14259e-27 2.16671e-27 5.98092e-27 1.30484e-21 7.76038e-17 1.06109e-12 3.33556e-09 2.41062e-06 0.000400521 0.0152996 0.134362 0.271284 0.12667 0.0333463 0.12191 0.1712 0.0630113 0.0317458 0.0228995 0.00606177 0.00149693 0.000277091 3.14103e-05 2.21126e-06 9.43943e-08
 2.14106e-27 2.16298e-27 5.59243e-27 1.17308e-21 6.97676e-17 9.53948e-13 2.99875e-09 2.1672e-06 0.000360078 0.0137547 0.120795 0.243892 0.114034 0.0340973 0.134751 0.189415 0.0710257 0.0397792 0.0290069 0.00721937 0.00156183 0.000274514 2.97697e-05 1.99626e-06 6.79093e-08
 2.14499e-27 2.17264e-27 6.61209e-27 1.51896e-21 9.03384e-17 1.23522e-12 3.88292e-09 2.8062e-06 0.000466245 0.0178102 0.156411 0.315798 0.14716 0.0309751 0.0940178 0.131925 0.0497 0.0285296 0.0208506 0.00511045 0.00105427 0.00017163 1.63122e-05 1.00733e-06 3.22278e-08
 2.14772e-27 2.17926e-27 7.30174e-27 1.75285e-21 1.04249e-16 1.42541e-12 4.48081e-09 3.23829e-06 0.000538037 0.0205527 0.180495 0.364422 0.169594 0.0297428 0.0718393 0.100451 0.0356756 0.0140054 0.0095867 0.0024439 0.000551299 9.04975e-05 8.20571e-06 4.60317e-07 1.3166e-08
 2.14275e-27 2.16698e-27 5.99543e-27 1.30969e-21 7.78924e-17 1.06504e-12 3.34796e-09 2.41958e-06 0.00040201 0.0153565 0.134862 0.272293 0.127183 0.0345838 0.12916 0.181198 0.0635161 0.0222705 0.0147559 0.00356493 0.000719404 0.000120783 1.19658e-05 6.84074e-07 1.84868e-08
 2.14282e-27 2.1673e-27 6.04698e-27 1.32727e-21 7.89377e-17 1.07933e-12 3.39289e-09 2.45205e-06 0.000407405 0.0155626 0.136672 0.275946 0.128803 0.0327562 0.116902 0.164227 0.061734 0.0350149 0.0253284 0.00562862 0.000874792 0.000128485 1.1513e-05 6.617e-07 1.88247e-08
 2.14667e-27 2.17671e-27 7.03502e-27 1.66239e-21 9.88687e-17 1.35185e-12 4.24957e-09 3.07117e-06 0.000510271 0.019492 0.17118 0.345616 0.160919 0.0302615 0.0806742 0.11298 0.0411386 0.0193592 0.0137027 0.00336677 0.000688078 0.000100611 7.20642e-06 3.43281e-07 9.04069e-09
 2.14482e-27 2.17209e-27 6.53794e-27 1.49373e-21 8.88378e-17 1.2147e-12 3.81842e-09 2.75958e-06 0.000458501 0.0175144 0.153813 0.310553 0.144797 0.032615 0.105609 0.148015 0.0519761 0.0185217 0.0123437 0.00303498 0.000633892 0.000102592 9.03724e-06 4.38689e-07 9.67202e-09
 2.14221e-27 2.16574e-27 5.87398e-27 1.26854e-21 7.5445e-17 1.03158e-12 3.24277e-09 2.34356e-06 0.000389379 0.014874 0.130624 0.263737 0.123208 0.0340643 0.128568 0.180539 0.0657055 0.0308021 0.0216301 0.00490142 0.000817185 0.000125 1.145e-05 6.26275e-07 1.57482e-08
 2.14169e-27 2.16445e-27 5.73737e-27 1.2222e-21 7.26888e-17 9.9389e-13 3.1243e-09 2.25794e-06 0.000375154 0.0143306 0.125852 0.254103 0.118771 0.0345288 0.134307 0.188632 0.0686136 0.0320485 0.0224723 0.00504125 0.000802449 0.000110754 8.24971e-06 4.09498e-07 1.07633e-08
 2.14279e-27 2.1672e-27 6.03188e-27 1.32212e-21 7.86317e-17 1.07515e-12 3.37974e-09 2.44255e-06 0.000405826 0.0155023 0.136142 0.274877 0.128326 0.0332121 0.120008 0.168528 0.0622195 0.0319058 0.0227559 0.00514996 0.0008414 0.000115967 8.19796e-06 3.56786e-07 7.97968e-09
 2.14403e-27 2.17019e-27 6.3402e-27 1.42667e-21 8.48494e-17 1.16016e-12 3.64699e-09 2.63569e-06 0.000437916 0.0167281 0.146907 0.296611 0.138365 0.0329647 0.111947 0.157014 0.0560794 0.0229978 0.0157239 0.00355421 0.000580704 8.03425e-05 5.72233e-06 2.4539e-07 5.10987e-09
 2.14273e-27 2.16699e-27 6.00111e-27 1.31164e-21 7.80085e-17 1.06663e-12 3.35296e-09 2.42319e-06 0.00040261 0.0153794 0.135063 0.272699 0.127351 0.034062 0.125853 0.176633 0.0632481 0.0264441 0.0181274 0.00402482 0.000620026 8.45293e-05 6.10413e-06 2.65432e-07 5.54108e-09
 2.14339e-27 2.16863e-27 6.17906e-27 1.37203e-21 8.15996e-17 1.11573e-12 3.50731e-09 2.53474e-06 0.000421144 0.0160874 0.14128 0.285251 0.133119 0.0331209 0.116324 0.163261 0.0593334 0.0275522 0.0192712 0.00424921 0.000636146 8.4363e-05 5.80573e-06 2.45759e-07 5.16297e-09
 2.14302e-27 2.16769e-27 6.07404e-27 1.33637e-21 7.94793e-17 1.08674e-12 3.41617e-09 2.46888e-06 0.000410201 0.0156694 0.137609 0.27784 0.129724 0.0339577 0.123666 0.173523 0.0617718 0.024687 0.0167601 0.00372414 0.000573535 7.6143e-05 5.08283e-06 2.06204e-07 4.1564e-09
 2.14398e-27 2.17008e-27 6.33126e-27 1.42365e-21 8.46699e-17 1.15771e-12 3.63928e-09 2.63012e-06 0.00043699 0.0166927 0.146596 0.295984 0.138066 0.0327265 0.110682 0.155284 0.0561811 0.0253036 0.0175811 0.00383468 0.000552142 7.21664e-05 4.92737e-06 2.01218e-07 3.95031e-09
 2.14426e-27 2.17074e-27 6.39737e-27 1.44605e-21 8.60024e-17 1.17593e-12 3.69655e-09 2.67151e-06 0.000443867 0.0169554 0.148903 0.300642 0.140226 0.0329128 0.110415 0.154829 0.0549509 0.0214371 0.0144792 0.00322882 0.00050298 6.65187e-05 4.33697e-06 1.72388e-07 3.41374e-09
 2.14314e-27 2.16799e-27 6.1083e-27 1.34801e-21 8.01713e-17 1.0962e-12 3.44592e-09 2.49037e-06 0.000413772 0.0158058 0.138807 0.280259 0.130829 0.0336105 0.120818 0.16955 0.0609375 0.026188 0.018056 0.00401409 0.000619884 8.36943e-05 5.82498e-06 2.38727e-07 4.60869e-09
 2.14443e-27 2.17119e-27 6.45032e-27 1.46404e-21 8.70723e-17 1.19056e-12 3.74254e-09 2.70474e-06 0.000449389 0.0171664 0.150756 0.304382 0.141929 0.0322128 0.105015 0.147311 0.0535737 0.0249953 0.0175294 0.00394919 0.000636205 8.67957e-05 6.01667e-06 2.52095e-07 5.09929e-09
 2.1434e-27 2.16862e-27 6.17412e-27 1.37033e-21 8.14987e-17 1.11435e-12 3.50297e-09 2.53161e-06 0.000420623 0.0160675 0.141106 0.284899 0.132971 0.0335167 0.118847 0.166744 0.0595552 0.0244295 0.0167452 0.00389606 0.000694666 9.90565e-05 7.12424e-06 3.05006e-07 6.21894e-09
 2.14231e-27 2.166e-27 5.9036e-27 1.2786e-21 7.6043e-17 1.03975e-12 3.26847e-09 2.36214e-06 0.000392465 0.0149919 0.13166 0.265828 0.124164 0.0337978 0.126311 0.177388 0.064996 0.0318232 0.0225295 0.00512572 0.000857015 0.000123647 9.65648e-06 4.42116e-07 9.35544e-09
 2.14383e-27 2.16971e-27 6.294e-27 1.41102e-21 8.39186e-17 1.14744e-12 3.60699e-09 2.60678e-06 0.000433112 0.0165446 0.145296 0.293358 0.136851 0.032716 0.111409 0.156331 0.0568531 0.0265236 0.0186193 0.00424416 0.000711314 0.000100068 7.37823e-06 3.37723e-07 7.60706e-09
 2.14554e-27 2.17391e-27 6.73625e-27 1.56103e-21 9.28405e-17 1.26943e-12 3.99047e-09 2.88392e-06 0.000479159 0.0183036 0.160743 0.324545 0.151221 0.0314324 0.0941732 0.131987 0.0475834 0.0209123 0.014539 0.00338152 0.000602675 8.68623e-05 6.46263e-06 2.89793e-07 6.31579e-09
#obs surv len freq
 8.67871e-40 4.24763e-33 4.7795e-27 1.23641e-21 7.3534e-17 1.00544e-12 3.16062e-09 2.28419e-06 0.000379521 0.0144972 0.127315 0.257056 0.120049 0.032211 0.119267 0.16772 0.0650119 0.0429151 0.0335516 0.0126194 0.00536275 0.00162956 0.000361238 4.91043e-05 3.40805e-06
 1.03585e-39 5.06976e-33 5.70458e-27 1.47572e-21 8.77667e-17 1.20005e-12 3.77237e-09 2.7263e-06 0.000452979 0.0173032 0.151957 0.306807 0.142989 0.030572 0.0942664 0.132364 0.0509688 0.0326498 0.0253148 0.00921354 0.00376644 0.0011038 0.00023623 3.12104e-05 2.10191e-06
 9.67854e-40 4.73698e-33 5.33012e-27 1.37885e-21 8.20055e-17 1.12128e-12 3.52474e-09 2.54734e-06 0.000423244 0.0161674 0.141982 0.286669 0.133763 0.0328177 0.114045 0.160037 0.0579635 0.0263815 0.0193123 0.00681998 0.00268568 0.000755591 0.000154146 1.95425e-05 1.27303e-06
 1.05043e-39 5.14112e-33 5.78487e-27 1.49649e-21 8.90019e-17 1.21694e-12 3.82546e-09 2.76467e-06 0.000459354 0.0175467 0.154095 0.311125 0.145015 0.0313532 0.0977345 0.137118 0.050871 0.0268826 0.0197252 0.00573208 0.00177151 0.000466515 9.04475e-05 1.08944e-05 6.78031e-07
 9.85965e-40 4.82561e-33 5.42986e-27 1.40465e-21 8.35399e-17 1.14226e-12 3.5907e-09 2.595e-06 0.000431164 0.0164699 0.144639 0.292033 0.136245 0.032868 0.112736 0.158157 0.0568512 0.0245065 0.0174679 0.00540847 0.00173832 0.00038043 5.94911e-05 6.55758e-06 3.86193e-07
 8.14681e-40 3.9873e-33 4.48657e-27 1.16063e-21 6.90272e-17 9.43822e-13 2.96691e-09 2.14419e-06 0.000356261 0.0136087 0.119512 0.241303 0.112864 0.0348172 0.139925 0.196587 0.0718685 0.0347303 0.0249992 0.0069692 0.00195219 0.000435351 6.47902e-05 5.86892e-06 2.96109e-07
 7.90433e-40 3.86862e-33 4.35303e-27 1.12609e-21 6.69727e-17 9.15731e-13 2.87861e-09 2.08038e-06 0.000345657 0.0132037 0.115955 0.23412 0.109497 0.0335787 0.134529 0.189253 0.0729697 0.0469389 0.0354629 0.0103758 0.00305297 0.000623445 8.36956e-05 7.25173e-06 3.22642e-07
 1.32775e-39 6.49843e-33 7.31213e-27 1.89158e-21 1.12499e-16 1.53823e-12 4.83542e-09 3.49457e-06 0.000580628 0.0221792 0.194778 0.393261 0.182841 0.0274459 0.0491262 0.0685717 0.0262467 0.0163422 0.0125108 0.0042332 0.00150436 0.000327191 4.41542e-05 3.5145e-06 1.4373e-07
 1.10458e-39 5.40614e-33 6.08307e-27 1.57363e-21 9.35899e-17 1.27967e-12 4.02266e-09 2.90719e-06 0.000483033 0.0184512 0.162039 0.327163 0.152478 0.032652 0.100829 0.141113 0.0472909 0.00961399 0.00533248 0.00174449 0.000624817 0.000155914 2.47688e-05 2.08356e-06 8.25192e-08
 6.37289e-40 3.11909e-33 3.50965e-27 9.07912e-22 5.39969e-17 7.3831e-13 2.32089e-09 1.67731e-06 0.000278687 0.0106455 0.0934887 0.188764 0.0887201 0.0386931 0.179421 0.252057 0.0887464 0.0323557 0.0214278 0.00458473 0.000659704 0.000131829 2.19735e-05 2.12584e-06 9.3813e-08
 1.23364e-39 6.03781e-33 6.79384e-27 1.7575e-21 1.04525e-16 1.42919e-12 4.49268e-09 3.24687e-06 0.000539472 0.0206071 0.180972 0.365387 0.169971 0.027891 0.0602448 0.0844322 0.0344528 0.0276891 0.0211344 0.00533818 0.00115356 0.00017 1.34376e-05 1.00534e-06 4.73771e-08
 1.17961e-39 5.77339e-33 6.49631e-27 1.68053e-21 9.99477e-17 1.3666e-12 4.29593e-09 3.10468e-06 0.000515847 0.0197047 0.173047 0.349387 0.162701 0.0312858 0.0857904 0.119961 0.0404295 0.00899317 0.00531861 0.0019688 0.000742251 0.000138571 1.32812e-05 6.91232e-07 1.92328e-08
 8.83809e-40 4.32563e-33 4.86727e-27 1.25912e-21 7.48844e-17 1.02391e-12 3.21867e-09 2.32614e-06 0.000386491 0.0147635 0.129653 0.261777 0.122362 0.0356627 0.138916 0.194853 0.0670328 0.0194158 0.0120442 0.00261383 0.000411443 9.15826e-05 1.42078e-05 9.6764e-07 2.67454e-08
 9.19984e-40 4.50269e-33 5.06649e-27 1.31065e-21 7.79495e-17 1.06582e-12 3.35041e-09 2.42135e-06 0.000402311 0.0153677 0.13496 0.272491 0.127225 0.0332619 0.121031 0.16998 0.0628562 0.0325448 0.0233103 0.00544092 0.000974174 0.000139746 1.20547e-05 9.31922e-07 3.63329e-08
 7.35317e-40 3.59886e-33 4.0495e-27 1.04757e-21 6.23028e-17 8.51878e-13 2.67789e-09 1.93531e-06 0.000321555 0.012283 0.107869 0.217797 0.102049 0.0361907 0.155394 0.218349 0.0789717 0.0355444 0.0253808 0.00738607 0.00208406 0.00034703 2.88658e-05 1.45386e-06 4.24062e-08
 1.12026e-39 5.48289e-33 6.16943e-27 1.59597e-21 9.49185e-17 1.29784e-12 4.07977e-09 2.94846e-06 0.000489891 0.0187132 0.164339 0.331807 0.154519 0.0298418 0.0822744 0.115421 0.044521 0.0286816 0.0215254 0.00591158 0.00158698 0.000323593 3.89944e-05 2.29404e-06 5.72992e-08
 8.72112e-40 4.26838e-33 4.80285e-27 1.24245e-21 7.38933e-17 1.01036e-12 3.17607e-09 2.29535e-06 0.000381376 0.0145681 0.127937 0.258313 0.12076 0.0356683 0.139994 0.196376 0.0675932 0.0197402 0.0127914 0.00415586 0.00139808 0.000283398 3.51894e-05 2.59382e-06 8.43793e-08
 9.5455e-40 4.67186e-33 5.25685e-27 1.3599e-21 8.08782e-17 1.10586e-12 3.47629e-09 2.51232e-06 0.000417426 0.0159451 0.14003 0.282728 0.13194 0.032796 0.115101 0.161613 0.0597742 0.0309868 0.0221998 0.0052021 0.00101357 0.000216022 3.17698e-05 2.46285e-06 8.91561e-08
 1.01438e-39 4.96469e-33 5.58635e-27 1.44514e-21 8.59476e-17 1.17518e-12 3.69418e-09 2.66979e-06 0.00044359 0.0169446 0.148807 0.300449 0.140128 0.0326667 0.108971 0.152821 0.054583 0.0224208 0.0157054 0.00454467 0.00127381 0.000216305 2.15273e-05 1.67448e-06 6.75142e-08
 8.62093e-40 4.21935e-33 4.74768e-27 1.22818e-21 7.30445e-17 9.98751e-13 3.13958e-09 2.26898e-06 0.000376995 0.0144007 0.126467 0.255345 0.119365 0.035033 0.13701 0.192324 0.0682786 0.0267241 0.0183395 0.00484374 0.00121563 0.000243842 2.95181e-05 1.87711e-06 6.12003e-08
 1.11466e-39 5.4555e-33 6.13862e-27 1.588e-21 9.44444e-17 1.29136e-12 4.05939e-09 2.93373e-06 0.000487443 0.0186197 0.163518 0.33015 0.153785 0.0306878 0.0879384 0.123275 0.0455371 0.0234449 0.0169327 0.00437592 0.00103114 0.000189867 2.22279e-05 1.61317e-06 5.43889e-08
 8.89422e-40 4.35311e-33 4.89818e-27 1.26711e-21 7.536e-17 1.03041e-12 3.23911e-09 2.34091e-06 0.000388946 0.0148572 0.130476 0.26344 0.123117 0.0353125 0.136276 0.191164 0.0661329 0.0203931 0.0132669 0.00384283 0.00110142 0.000204595 2.2311e-05 1.51687e-06 5.24167e-08
 1.00525e-39 4.92003e-33 5.53609e-27 1.43213e-21 8.51744e-17 1.16461e-12 3.66095e-09 2.64578e-06 0.000439599 0.0167921 0.147469 0.297746 0.138865 0.0322975 0.107532 0.150898 0.0553718 0.0273689 0.0194775 0.00462746 0.000914332 0.000175186 2.20684e-05 1.51652e-06 4.94198e-08
 1.03532e-39 5.06717e-33 5.70166e-27 1.47497e-21 8.77218e-17 1.19944e-12 3.77044e-09 2.7249e-06 0.000452747 0.0172943 0.151879 0.30665 0.142992 0.0325694 0.106507 0.149313 0.0528711 0.0202661 0.0139499 0.00396405 0.00108447 0.000184959 1.79301e-05 1.2335e-06 4.33794e-08
 8.71883e-40 4.26726e-33 4.80159e-27 1.24213e-21 7.38739e-17 1.01009e-12 3.17524e-09 2.29475e-06 0.000381276 0.0145642 0.127903 0.258245 0.120706 0.0350524 0.136254 0.191233 0.0675387 0.0253112 0.0171455 0.00439698 0.00103797 0.000202403 2.40301e-05 1.50523e-06 4.58492e-08
 9.22694e-40 4.51595e-33 5.08142e-27 1.31451e-21 7.81791e-17 1.06896e-12 3.36028e-09 2.42848e-06 0.000403496 0.015413 0.135357 0.273293 0.127594 0.0332054 0.120444 0.169146 0.0624559 0.0320733 0.023122 0.00588675 0.00133783 0.000237458 2.63097e-05 1.84606e-06 6.09621e-08
 9.73107e-40 4.76268e-33 5.35905e-27 1.38633e-21 8.24505e-17 1.12736e-12 3.54387e-09 2.56116e-06 0.000425541 0.0162551 0.142752 0.288224 0.13449 0.0330255 0.114845 0.161143 0.0580918 0.0255542 0.0181504 0.00524711 0.00149024 0.000271911 2.84966e-05 1.84524e-06 6.08393e-08
 1.1301e-39 5.53107e-33 6.22365e-27 1.61e-21 9.57527e-17 1.30925e-12 4.11563e-09 2.97437e-06 0.000494196 0.0188777 0.165783 0.334723 0.155914 0.031077 0.0889357 0.124568 0.0444489 0.0181143 0.0125717 0.00339674 0.000887917 0.00017998 2.24432e-05 1.50207e-06 4.69045e-08
#pred catch len freq
 2.13541e-27 2.14758e-27 3.92081e-27 6.06129e-22 3.60488e-17 4.92903e-13 1.54945e-09 1.11979e-06 0.000186051 0.00710703 0.0624143 0.126022 0.0593594 0.0292603 0.140735 0.198737 0.0849631 0.0796463 0.069914 0.0418681 0.0313855 0.0234373 0.0207219 0.0172969 0.00694383
 2.1362e-27 2.151e-27 4.3373e-27 7.47417e-22 4.44517e-17 6.07797e-13 1.91062e-09 1.38081e-06 0.000229419 0.00876367 0.076963 0.155397 0.0731718 0.0354395 0.169615 0.238912 0.0930712 0.0627524 0.0487993 0.0176029 0.00844133 0.00462107 0.00312646 0.00223102 0.000861637
 2.13647e-27 2.15179e-27 4.41845e-27 7.749e-22 4.60862e-17 6.30147e-13 1.98088e-09 1.43158e-06 0.000237856 0.00908592 0.079793 0.161112 0.0758678 0.0368841 0.176713 0.248765 0.0946999 0.0573366 0.0427027 0.0118186 0.0033808 0.000974613 0.000368357 0.000191425 6.64224e-05
 2.13626e-27 2.1513e-27 4.36831e-27 7.57901e-22 4.50752e-17 6.16323e-13 1.93742e-09 1.40018e-06 0.000232638 0.0088866 0.0780426 0.157577 0.0742362 0.0369436 0.178142 0.250815 0.0959319 0.0594087 0.0442414 0.0118305 0.00299465 0.000592051 9.55196e-05 2.24544e-05 5.81362e-06
 2.13663e-27 2.1522e-27 4.46293e-27 7.89993e-22 4.69839e-17 6.4242e-13 2.01946e-09 1.45947e-06 0.000242488 0.00926289 0.0813472 0.164249 0.077313 0.0367387 0.17488 0.246196 0.0940175 0.0577873 0.0429894 0.0114872 0.00288221 0.000536077 6.30003e-05 5.7996e-06 6.21152e-07
 2.13561e-27 2.14962e-27 4.18309e-27 6.95033e-22 4.13362e-17 5.65199e-13 1.77671e-09 1.28403e-06 0.00021334 0.00814945 0.0715689 0.144508 0.0682437 0.0382737 0.190201 0.267696 0.100308 0.0559828 0.0409985 0.0107326 0.00259047 0.000475138 5.34213e-05 3.74458e-06 1.59481e-07
 2.13469e-27 2.1474e-27 3.95432e-27 6.17458e-22 3.67225e-17 5.02115e-13 1.57841e-09 1.14072e-06 0.000189529 0.00723987 0.0635809 0.12838 0.0607946 0.0384588 0.196192 0.276263 0.105024 0.0631189 0.0464458 0.0114343 0.00240895 0.000418906 4.50417e-05 3.00682e-06 1.02072e-07
 2.138e-27 2.15554e-27 4.81431e-27 9.0918e-22 5.40724e-17 7.39343e-13 2.32413e-09 1.67966e-06 0.000279073 0.0106604 0.0936201 0.189028 0.0887297 0.0357057 0.161106 0.226767 0.0869954 0.0546128 0.040372 0.0098 0.00197246 0.000317963 2.99628e-05 1.84099e-06 5.87685e-08
 2.14069e-27 2.162e-27 5.47788e-27 1.13417e-21 6.74535e-17 9.22307e-13 2.89928e-09 2.09532e-06 0.000348134 0.0132985 0.116788 0.235803 0.110344 0.0354327 0.145341 0.204172 0.0739157 0.0334612 0.0235758 0.00596237 0.00131975 0.000214995 1.93412e-05 1.07972e-06 3.08104e-08
 2.13595e-27 2.15028e-27 4.22607e-27 7.09485e-22 4.21958e-17 5.76952e-13 1.81366e-09 1.31073e-06 0.000217776 0.00831891 0.0730571 0.147513 0.069714 0.0404305 0.202462 0.284578 0.100833 0.0388147 0.0262951 0.00629698 0.00124006 0.000206064 2.02479e-05 1.15242e-06 3.10748e-08
 2.13616e-27 2.15101e-27 4.33304e-27 7.45916e-22 4.43624e-17 6.06577e-13 1.90678e-09 1.37804e-06 0.000228959 0.00874608 0.0768085 0.155086 0.0731011 0.0373901 0.181619 0.255698 0.0974671 0.0593146 0.0433081 0.00955513 0.0014459 0.000209609 1.86164e-05 1.06438e-06 3.02125e-08
 2.13968e-27 2.15957e-27 5.22802e-27 1.04945e-21 6.2415e-17 8.53414e-13 2.68272e-09 1.93881e-06 0.00032213 0.0123051 0.108064 0.21819 0.102206 0.0355433 0.151324 0.212748 0.0788872 0.0415106 0.0299238 0.00728853 0.00145693 0.000211346 1.50205e-05 7.11023e-07 1.86749e-08
 2.13771e-27 2.15463e-27 4.68916e-27 8.66588e-22 5.15393e-17 7.04708e-13 2.21526e-09 1.60097e-06 0.000265999 0.010161 0.0892344 0.180174 0.0847479 0.0386767 0.181911 0.255634 0.0909278 0.0361193 0.0246853 0.00601732 0.00122868 0.000197064 1.72235e-05 8.32261e-07 1.83059e-08
 2.136e-27 2.1505e-27 4.26374e-27 7.22332e-22 4.29598e-17 5.87399e-13 1.8465e-09 1.33447e-06 0.00022172 0.00846955 0.07438 0.150184 0.0708956 0.0390167 0.193026 0.27152 0.0995416 0.0489003 0.0346018 0.00777397 0.00125908 0.000190065 1.72576e-05 9.39276e-07 2.3567e-08
 2.13547e-27 2.1492e-27 4.12658e-27 6.75806e-22 4.01927e-17 5.49563e-13 1.72756e-09 1.24851e-06 0.000207438 0.00792401 0.0695891 0.140511 0.0664398 0.0394443 0.198552 0.27932 0.102452 0.0504847 0.0357152 0.0079483 0.00123027 0.000167718 1.23855e-05 6.10938e-07 1.60162e-08
 2.13662e-27 2.15207e-27 4.43523e-27 7.80531e-22 4.64211e-17 6.34726e-13 1.99527e-09 1.44199e-06 0.000239584 0.00915195 0.0803729 0.162283 0.0764505 0.0379836 0.183073 0.25757 0.0957084 0.0509494 0.0365311 0.00819514 0.00130021 0.000177002 1.24087e-05 5.36692e-07 1.19694e-08
 2.13748e-27 2.1541e-27 4.63754e-27 8.49095e-22 5.04989e-17 6.90482e-13 2.17054e-09 1.56866e-06 0.00026063 0.00995588 0.0874331 0.176537 0.0830581 0.0384517 0.181634 0.255327 0.0919748 0.0401781 0.0278133 0.00623726 0.000991809 0.000135636 9.58217e-06 4.08464e-07 8.48286e-09
 2.13639e-27 2.15141e-27 4.35314e-27 7.52623e-22 4.47613e-17 6.12032e-13 1.92393e-09 1.39043e-06 0.000231018 0.00882472 0.0774992 0.156481 0.0738198 0.0393582 0.193213 0.271667 0.0979978 0.0432338 0.0299434 0.00659812 0.000988486 0.000133059 9.5288e-06 4.11901e-07 8.57608e-09
 2.13713e-27 2.15327e-27 4.55551e-27 8.21298e-22 4.88457e-17 6.67878e-13 2.09948e-09 1.5173e-06 0.000252098 0.00962995 0.0845708 0.170758 0.0803765 0.0381883 0.181768 0.25562 0.0935047 0.0452909 0.0319007 0.00698032 0.00101541 0.000132891 9.06938e-06 3.81492e-07 7.9924e-09
 2.13667e-27 2.15208e-27 4.42187e-27 7.75927e-22 4.61473e-17 6.30982e-13 1.9835e-09 1.43348e-06 0.000238171 0.00909796 0.0798987 0.161326 0.07606 0.0393688 0.191817 0.269654 0.0966563 0.0407228 0.0279447 0.00616226 0.00092295 0.000121029 8.01415e-06 3.23055e-07 6.49335e-09
 2.13759e-27 2.1544e-27 4.67358e-27 8.61343e-22 5.12273e-17 7.00442e-13 2.20185e-09 1.59128e-06 0.000264389 0.0100995 0.0886943 0.179083 0.084216 0.0379384 0.177733 0.249904 0.0910946 0.0431394 0.0302381 0.00654916 0.000917009 0.000118252 8.00761e-06 3.24995e-07 6.36283e-09
 2.13758e-27 2.15432e-27 4.65883e-27 8.56308e-22 5.09279e-17 6.96348e-13 2.18898e-09 1.58198e-06 0.000262844 0.0100405 0.0881758 0.178037 0.0837563 0.0385827 0.181981 0.255781 0.0916429 0.0384832 0.0263987 0.00584519 0.0008872 0.000116004 7.50455e-06 2.96379e-07 5.85248e-09
 2.13659e-27 2.15193e-27 4.41013e-27 7.71969e-22 4.59119e-17 6.27763e-13 1.97338e-09 1.42617e-06 0.000236956 0.00905155 0.0794912 0.160503 0.075664 0.038954 0.189533 0.266517 0.0966907 0.0443752 0.0309723 0.0068356 0.00102767 0.00013708 9.46378e-06 3.85558e-07 7.42345e-09
 2.1377e-27 2.15468e-27 4.70762e-27 8.72908e-22 5.19152e-17 7.09847e-13 2.23141e-09 1.61265e-06 0.000267939 0.0102351 0.0898852 0.181487 0.0853103 0.0374808 0.174215 0.245003 0.0901517 0.0453048 0.0321713 0.00719364 0.00112901 0.000152299 1.04732e-05 4.36158e-07 8.79893e-09
 2.13663e-27 2.15202e-27 4.41838e-27 7.7476e-22 4.60779e-17 6.30033e-13 1.98052e-09 1.43133e-06 0.000237813 0.00908428 0.0797787 0.161083 0.0759362 0.0390582 0.189994 0.267138 0.0964904 0.0429731 0.0299342 0.00690759 0.00120078 0.000169501 1.20944e-05 5.14791e-07 1.0469e-08
 2.13602e-27 2.15059e-27 4.27664e-27 7.26725e-22 4.32211e-17 5.90971e-13 1.85772e-09 1.34258e-06 0.000223068 0.00852105 0.0748323 0.151097 0.0713051 0.0386809 0.190701 0.268295 0.099124 0.0510439 0.0364198 0.00821498 0.00133505 0.000190271 1.47349e-05 6.70949e-07 1.41625e-08
 2.13711e-27 2.15325e-27 4.55606e-27 8.21499e-22 4.88576e-17 6.68041e-13 2.1e-09 1.51767e-06 0.000252159 0.00963231 0.0845914 0.1708 0.0803869 0.037954 0.180325 0.253624 0.0933138 0.0468651 0.0333071 0.00753228 0.00122969 0.000171079 1.25106e-05 5.69262e-07 1.27893e-08
 2.13843e-27 2.15646e-27 4.89491e-27 9.36433e-22 5.56932e-17 7.61506e-13 2.3938e-09 1.73001e-06 0.000287438 0.0109799 0.0964265 0.194694 0.0913979 0.0369988 0.167292 0.235209 0.0861971 0.0422519 0.0299569 0.00691695 0.00120491 0.000172025 1.26986e-05 5.66234e-07 1.23089e-08
#obs catch len freq
 4.08431e-40 1.99899e-33 2.24929e-27 5.81871e-22 3.4606e-17 4.73175e-13 1.48743e-09 1.07497e-06 0.000178608 0.00682258 0.0599159 0.12098 0.0572766 0.0358716 0.182625 0.257483 0.102823 0.0766922 0.0610994 0.023743 0.0104169 0.00322882 0.000731985 0.000102366 7.36669e-06
 4.20019e-40 2.0557e-33 2.31311e-27 5.98379e-22 3.55879e-17 4.866e-13 1.52963e-09 1.10547e-06 0.000183675 0.00701615 0.0616158 0.124413 0.0588783 0.0362699 0.184022 0.259376 0.102479 0.0732991 0.0578639 0.0217939 0.00926596 0.0028108 0.000621812 8.43852e-05 5.84943e-06
 5.72342e-40 2.80122e-33 3.15198e-27 8.15386e-22 4.84941e-17 6.63069e-13 2.08436e-09 1.50637e-06 0.000250286 0.00956061 0.0839612 0.169527 0.0796913 0.0350876 0.163208 0.229889 0.0900879 0.0622995 0.0487649 0.0177654 0.0072635 0.00212483 0.000453764 5.9849e-05 4.02554e-06
 5.18875e-40 2.53953e-33 2.85752e-27 7.39215e-22 4.39638e-17 6.01127e-13 1.88965e-09 1.36565e-06 0.000226905 0.00866748 0.0761178 0.153692 0.0724929 0.0383486 0.187888 0.264273 0.0967824 0.0473717 0.0351422 0.0124173 0.00488858 0.00137275 0.000279415 3.53616e-05 2.3005e-06
 6.0207e-40 2.94672e-33 3.31569e-27 8.57739e-22 5.10129e-17 6.9751e-13 2.19263e-09 1.58462e-06 0.000263286 0.0100572 0.0883223 0.178333 0.0838192 0.0366072 0.169832 0.238959 0.0897811 0.0508655 0.0377233 0.0109648 0.00338693 0.000890191 0.000172186 2.07024e-05 1.28672e-06
 5.47573e-40 2.67999e-33 3.01557e-27 7.801e-22 4.63954e-17 6.34374e-13 1.99416e-09 1.44118e-06 0.000239455 0.00914686 0.0803277 0.162192 0.0764299 0.0385455 0.186528 0.262286 0.0951641 0.0437896 0.0316118 0.00978744 0.00314332 0.000686722 0.000107098 1.17814e-05 6.92865e-07
 4.06917e-40 1.99158e-33 2.24095e-27 5.79714e-22 3.44777e-17 4.71421e-13 1.48192e-09 1.07098e-06 0.000177945 0.00679728 0.0596938 0.120533 0.0572169 0.0397922 0.206695 0.29087 0.107445 0.0553363 0.0402652 0.0112232 0.00314043 0.000699048 0.000103788 9.38336e-06 4.72653e-07
 3.91475e-40 1.916e-33 2.15591e-27 5.57714e-22 3.31694e-17 4.53531e-13 1.42568e-09 1.03034e-06 0.000171193 0.00653934 0.0574285 0.115959 0.0550195 0.0375896 0.194628 0.274275 0.107212 0.0732334 0.0557358 0.0162994 0.00478993 0.000976466 0.000130743 1.13061e-05 5.02285e-07
 9.76807e-40 4.7808e-33 5.37943e-27 1.39161e-21 8.27641e-17 1.13165e-12 3.55735e-09 2.5709e-06 0.000427159 0.0163169 0.143295 0.28932 0.134928 0.0311978 0.103357 0.145233 0.0562846 0.0370897 0.0285973 0.00966715 0.00343018 0.000744684 0.000100244 7.96403e-06 3.25189e-07
 6.91545e-40 3.38463e-33 3.80844e-27 9.85208e-22 5.8594e-17 8.01167e-13 2.51848e-09 1.82011e-06 0.000302413 0.0115518 0.101448 0.204834 0.0961741 0.0393503 0.178589 0.250593 0.0842151 0.0179061 0.0101729 0.00332596 0.00118883 0.000295998 4.69124e-05 3.93963e-06 1.55805e-07
 3.03563e-40 1.48573e-33 1.67177e-27 4.3247e-22 2.57206e-17 3.51683e-13 1.10552e-09 7.98961e-07 0.000132748 0.00507082 0.044532 0.089923 0.0431992 0.0433649 0.237731 0.334291 0.118382 0.0453378 0.0303829 0.00649906 0.000932517 0.000185755 3.08773e-05 2.9819e-06 1.31423e-07
 8.57028e-40 4.19456e-33 4.71978e-27 1.22096e-21 7.26153e-17 9.92883e-13 3.12114e-09 2.25565e-06 0.00037478 0.0143161 0.125724 0.253844 0.11853 0.0312998 0.114673 0.161528 0.0668212 0.056209 0.0430883 0.0108717 0.00234319 0.000344829 2.7172e-05 2.02634e-06 9.53412e-08
 7.92276e-40 3.87764e-33 4.36318e-27 1.12871e-21 6.71288e-17 9.17866e-13 2.88532e-09 2.08523e-06 0.000346463 0.0132345 0.116225 0.234668 0.109896 0.0374594 0.158054 0.221716 0.0749337 0.0173694 0.0104708 0.00387007 0.00145603 0.000271414 2.59496e-05 1.34803e-06 3.74277e-08
 4.85909e-40 2.37819e-33 2.67597e-27 6.92249e-22 4.11707e-17 5.62934e-13 1.76959e-09 1.27889e-06 0.000212489 0.00811679 0.0712817 0.14393 0.0681054 0.0417097 0.211349 0.296914 0.102575 0.0311182 0.0195951 0.00425147 0.000667136 0.000148029 2.29168e-05 1.55872e-06 4.30267e-08
 5.16529e-40 2.52805e-33 2.8446e-27 7.35872e-22 4.37651e-17 5.98408e-13 1.8811e-09 1.35948e-06 0.000225879 0.00862828 0.0757735 0.152997 0.0721667 0.0382182 0.187302 0.263567 0.098294 0.0534202 0.0385549 0.0089928 0.00160588 0.000229979 1.97732e-05 1.52437e-06 5.93619e-08
 3.70303e-40 1.81238e-33 2.03932e-27 5.27552e-22 3.13755e-17 4.29003e-13 1.34858e-09 9.74618e-07 0.000161934 0.00618568 0.0543226 0.109689 0.052243 0.0408445 0.216387 0.304435 0.11091 0.0524218 0.0377704 0.0109776 0.00309024 0.000513852 4.26358e-05 2.14263e-06 6.23646e-08
 7.17778e-40 3.51303e-33 3.95291e-27 1.02258e-21 6.08168e-17 8.31559e-13 2.61401e-09 1.88915e-06 0.000313885 0.01199 0.105296 0.212602 0.0995707 0.0341568 0.144544 0.203466 0.0793258 0.0535652 0.0404294 0.0110888 0.00296839 0.00060396 7.26059e-05 4.26498e-06 1.06373e-07
 4.78123e-40 2.34008e-33 2.6331e-27 6.81157e-22 4.0511e-17 5.53914e-13 1.74123e-09 1.25839e-06 0.000209084 0.00798673 0.0701395 0.141623 0.0670333 0.0415521 0.211082 0.296545 0.102494 0.0313159 0.0205849 0.00667826 0.00224125 0.000453431 5.61451e-05 4.13072e-06 1.3421e-07
 5.51907e-40 2.7012e-33 3.03943e-27 7.86273e-22 4.67626e-17 6.39394e-13 2.00994e-09 1.45259e-06 0.00024135 0.00921924 0.0809634 0.163475 0.0769936 0.0377574 0.181331 0.255137 0.0951311 0.0516438 0.0372678 0.00872556 0.00169435 0.000360081 5.28223e-05 4.08772e-06 1.47759e-07
 6.03541e-40 2.95391e-33 3.32379e-27 8.59833e-22 5.11375e-17 6.99213e-13 2.19798e-09 1.58849e-06 0.000263929 0.0100818 0.088538 0.178768 0.084081 0.0382143 0.17951 0.252324 0.0907178 0.0391403 0.0276954 0.00800474 0.00223845 0.000379528 3.7654e-05 2.92158e-06 1.17634e-07
 4.69138e-40 2.29611e-33 2.58362e-27 6.68357e-22 3.97497e-17 5.43505e-13 1.70851e-09 1.23475e-06 0.000205155 0.00783665 0.0688215 0.138962 0.0657609 0.0404333 0.205054 0.288295 0.102967 0.0422579 0.0293021 0.00773098 0.00193471 0.000387227 4.67603e-05 2.96827e-06 9.65956e-08
 7.11725e-40 3.4834e-33 3.91958e-27 1.01396e-21 6.03039e-17 8.24547e-13 2.59197e-09 1.87322e-06 0.000311238 0.0118889 0.104408 0.21081 0.0987987 0.0356687 0.154314 0.216996 0.0808303 0.0436662 0.0317769 0.00820348 0.0019277 0.000354217 4.13499e-05 2.99499e-06 1.0084e-07
 4.94537e-40 2.42041e-33 2.72349e-27 7.04541e-22 4.19016e-17 5.72929e-13 1.80101e-09 1.30159e-06 0.000216261 0.00826091 0.0725473 0.146485 0.0692661 0.0411623 0.207237 0.291167 0.101166 0.0326205 0.0215036 0.00622064 0.00177818 0.000329691 3.5852e-05 2.43232e-06 8.39168e-08
 5.9705e-40 2.92215e-33 3.28805e-27 8.50586e-22 5.05876e-17 6.91694e-13 2.17434e-09 1.5714e-06 0.000261091 0.00997333 0.0875858 0.176846 0.0831635 0.0374513 0.175433 0.246757 0.0912685 0.0473226 0.0339463 0.00805847 0.00158748 0.000303409 3.81218e-05 2.61502e-06 8.50842e-08
 6.26808e-40 3.06779e-33 3.45193e-27 8.92981e-22 5.31089e-17 7.26169e-13 2.28272e-09 1.64972e-06 0.000274104 0.0104704 0.0919513 0.18566 0.0872682 0.0382468 0.177632 0.249613 0.0889119 0.0357498 0.0248728 0.0070595 0.00192657 0.000328058 3.17089e-05 2.17625e-06 7.64225e-08
 4.7587e-40 2.32905e-33 2.62069e-27 6.77947e-22 4.03201e-17 5.51304e-13 1.73303e-09 1.25246e-06 0.000208099 0.0079491 0.069809 0.140956 0.0666886 0.0405893 0.205406 0.288749 0.102573 0.0403338 0.0276271 0.00707864 0.00166637 0.000324234 3.83993e-05 2.40112e-06 7.30128e-08
 5.21598e-40 2.55286e-33 2.87252e-27 7.43093e-22 4.41946e-17 6.04281e-13 1.89956e-09 1.37282e-06 0.000228095 0.00871295 0.0765172 0.154499 0.0728574 0.0381293 0.186307 0.262151 0.0975881 0.0525251 0.0381478 0.00970185 0.00219848 0.000389418 4.30216e-05 3.01245e-06 9.93422e-08
 5.68334e-40 2.7816e-33 3.1299e-27 8.09676e-22 4.81544e-17 6.58425e-13 2.06976e-09 1.49582e-06 0.000248533 0.00949365 0.0833732 0.168341 0.0792648 0.0383391 0.183415 0.257895 0.0936015 0.0431451 0.0309164 0.00892509 0.00252808 0.000460445 4.81219e-05 3.10945e-06 1.02354e-07
#spawning biomass
 4973.25 4305.5 4808.62 6168.24 7620.32 9009.7 8830.46 7433.01 10523.8 19530.6 20985.1 22012.8 35565.9 46755.8 39304.5 32838.9 29386.6 32012.2 30430.5 29094.2 28975.5 31083.7 36119.3 37590.9 43379.6 46247.4 41117.9 47455.4 65863.4 51967 14346.5 4120.97 3825.59 3820.07 3819.97 3819.97 3819.97 3819.97 3819.97 3819.97 3819.97 3819.97 3819.97 3819.97 3819.97 3819.97 3819.97 3819.97 3819.97 3819.97 3819.97 3819.97 3819.97 3819.97 3819.97 3819.97 3819.97 3819.97 3819.97 3819.97 3819.97 3819.97 3819.97 3819.97 3819.97 3819.97 3819.97 3819.97 3819.97 3819.97 3819.97 3819.97 3819.97 3819.97 3819.97 3819.97 3819.97 3819.97 3819.97 3819.97 3819.97 3819.97 3819.97 3819.97 3819.97 3819.97 3819.97 3819.97 3819.97 3819.97 3819.97 3819.97 3819.97 3819.97 3819.97 3819.97 3819.97 3819.97 3819.97 3819.97 3819.97 3819.97 3819.97 3819.97 3819.97 3819.97 3819.97 3819.97 3819.97 3819.97 3819.97 3819.97 3819.97 3819.97 3819.97 3819.97 3819.97 3819.97 3819.97 3819.97 3819.97 3819.97 3819.97 3819.97 3819.97 3819.97 3819.97 3819.97 0 0 0 0 0 0 0 0 0 0 0 0 0 0 0 0 0 0 0 0 0 0 0 0 0
