SBPRF35
0.0379771
Curr Bio
1.4514e+06
B35
387485
F35
5.61109
FOFL
5.61109
OFL
1.31531e+06
Bzero
10850.6
#pred survey bio
 83432.6 59747.4 48646.9 55809.3 105604 157026 215611 259164 273307 368549 341468 366646 374135 500528 415175 427321 453070 392965 409460 399699 440844 404394 319046 431643 476352 441981 523243 623553 1.52006e+07 4.45601e+06 1.24596e+06 402361 168454 90490 64339.1 55899.5 53254 52440.1 52192.7 52118 52095.5 52088.8 52086.8 52086.1 52086 52085.9 52085.9 52085.9 52085.9 52085.9 52085.9 52085.9 52085.9 52085.9 52085.9 52085.9 52085.9 52085.9 52085.9 52085.9 52085.9 52085.9 52085.9 52085.9 52085.9 52085.9 52085.9 52085.9 52085.9 52085.9 52085.9 52085.9 52085.9 52085.9 52085.9 52085.9 52085.9 52085.9 52085.9 52085.9 52085.9 52085.9 52085.9 52085.9 52085.9 52085.9 52085.9 52085.9 52085.9 52085.9 52085.9 52085.9 52085.9 52085.9 52085.9 52085.9 52085.9 52085.9 52085.9 52085.9 52085.9 52085.9 52085.9 52085.9 52085.9 52085.9 52085.9 52085.9 52085.9 52085.9 52085.9 52085.9 52085.9 52085.9 52085.9 52085.9 52085.9 52085.9 52085.9 52085.9 52085.9 52085.9 52085.9 52085.9 52085.9 52085.9 52085.9 52085.9 0 0 0 0 0 0 0 0 0 0 0 0 0 0 0 0 0 0 0 0 0 0 0 0 0
#obs survey bio
 85065.1 57608.9 36854.8 49176.8 141028 158848 254068 248210 233859 438505 321579 336347 375688 620926 364342 482405 382883 382633 486322 363876 656707 605655 213256 366990 408386 382412 529838 627211
#pred catch bio
 30241.2 16803.6 11996 10105.5 17373.8 32871.1 55054.7 65123.2 105048 144139 157367 137675 188389 181966 195960 221950 197568 178510 192490 180006 227812 210525 210651 238830 257208 237173 226706 220259 1.31531e+06 308399 40765.4 6139.43 4423.62 4393.12 4392.9 4392.9 4392.9 4392.9 4392.9 4392.9 4392.9 4392.9 4392.9 4392.9 4392.9 4392.9 4392.9 4392.9 4392.9 4392.9 4392.9 4392.9 4392.9 4392.9 4392.9 4392.9 4392.9 4392.9 4392.9 4392.9 4392.9 4392.9 4392.9 4392.9 4392.9 4392.9 4392.9 4392.9 4392.9 4392.9 4392.9 4392.9 4392.9 4392.9 4392.9 4392.9 4392.9 4392.9 4392.9 4392.9 4392.9 4392.9 4392.9 4392.9 4392.9 4392.9 4392.9 4392.9 4392.9 4392.9 4392.9 4392.9 4392.9 4392.9 4392.9 4392.9 4392.9 4392.9 4392.9 4392.9 4392.9 4392.9 4392.9 4392.9 4392.9 4392.9 4392.9 4392.9 4392.9 4392.9 4392.9 4392.9 4392.9 4392.9 4392.9 4392.9 4392.9 4392.9 4392.9 4392.9 4392.9 4392.9 4392.9 4392.9 4392.9 4392.9 4392.9 4392.9 0 0 0 0 0 0 0 0 0 0 0 0 0 0 0 0 0 0 0 0 0 0 0 0 0
#obs catch bio
 15407.3 16606.1 11988.9 10093.7 17225.9 32940 55313.1 64476.9 105708 144111 159052 135997 191139 179946 196265 223673 197115 178045 193126 178680 228845 210383 213006 238070 257593 238752 226242 219033
#pred cpue bio
 92251.5 67036 56472.8 63374.8 106258 155272 214155 259763 274954 372489 344443 367323 373467 498063 414287 428444 452012 390808 409992 400818 441544 405199 319841 432255 478112 442492 522074 622552 1.52722e+07 4.80813e+06 1.46393e+06 486401 195541 96669.6 64162 54076.7 51047.9 50150.6 49885.7 49807.5 49784.3 49777.4 49775.4 49774.8 49774.6 49774.5 49774.5 49774.5 49774.5 49774.5 49774.5 49774.5 49774.5 49774.5 49774.5 49774.5 49774.5 49774.5 49774.5 49774.5 49774.5 49774.5 49774.5 49774.5 49774.5 49774.5 49774.5 49774.5 49774.5 49774.5 49774.5 49774.5 49774.5 49774.5 49774.5 49774.5 49774.5 49774.5 49774.5 49774.5 49774.5 49774.5 49774.5 49774.5 49774.5 49774.5 49774.5 49774.5 49774.5 49774.5 49774.5 49774.5 49774.5 49774.5 49774.5 49774.5 49774.5 49774.5 49774.5 49774.5 49774.5 49774.5 49774.5 49774.5 49774.5 49774.5 49774.5 49774.5 49774.5 49774.5 49774.5 49774.5 49774.5 49774.5 49774.5 49774.5 49774.5 49774.5 49774.5 49774.5 49774.5 49774.5 49774.5 49774.5 49774.5 49774.5 49774.5 49774.5 0 0 0 0 0 0 0 0 0 0 0 0 0 0 0 0 0 0 0 0 0 0 0 0 0
#obs cpue bio
 69575 83056.8 43354.5 84346.6 105668 145631 183081 288772 279831 361003 329620 431663 318006 487010 436287 364980 575870 381424 353726 425978 310761 286507 379144 572748 579928 462712 523919 650360
#pred surv len freq
 2.10256e-11 9.88945e-10 3.22093e-08 7.264e-07 1.13438e-05 0.000122668 0.000918546 0.00476329 0.0171118 0.0426441 0.0741152 0.0916946 0.0867584 0.0753077 0.0726939 0.0739238 0.0704758 0.0641649 0.0586 0.0541078 0.0510324 0.0494247 0.046692 0.0390483 0.0263881
 1.32095e-11 6.21313e-10 2.02358e-08 4.56367e-07 7.12686e-06 7.70682e-05 0.00057712 0.00299333 0.0107613 0.0268966 0.0472825 0.0610225 0.0657905 0.0734624 0.0890107 0.100202 0.0986669 0.0901555 0.0802335 0.0690521 0.0573015 0.0465469 0.0367533 0.0267213 0.0164851
 6.75553e-12 3.17748e-10 1.03488e-08 2.33393e-07 3.64478e-06 3.94142e-05 0.00029516 0.00153108 0.00550713 0.0137916 0.0244306 0.0324092 0.037752 0.0478919 0.0659541 0.0859694 0.103272 0.115844 0.118146 0.107088 0.0872058 0.0650744 0.0447683 0.02792 0.015106
 3.05358e-11 1.43626e-09 4.67779e-08 1.05496e-06 1.64747e-05 0.00017815 0.00133396 0.00691664 0.0248353 0.0617706 0.10653 0.127913 0.10871 0.0697717 0.0419246 0.0342397 0.0402611 0.052766 0.065282 0.0712864 0.0668193 0.0531486 0.0358553 0.0205431 0.00989654
 4.5875e-11 2.15774e-09 7.02763e-08 1.5849e-06 2.47505e-05 0.000267642 0.00200406 0.0103912 0.0373124 0.0928146 0.160141 0.192612 0.164638 0.106998 0.0629057 0.0405353 0.027533 0.0185693 0.0148827 0.0154071 0.0164544 0.0151741 0.0113596 0.00677682 0.00319726
 3.83744e-11 1.80495e-09 5.87859e-08 1.32577e-06 2.07038e-05 0.000223883 0.00167643 0.00869296 0.031222 0.0777404 0.13465 0.164401 0.148498 0.114102 0.0918077 0.0779666 0.0586942 0.0365428 0.0201765 0.0113716 0.00751586 0.0058508 0.00449908 0.00289767 0.00144948
 3.9646e-11 1.86476e-09 6.0734e-08 1.3697e-06 2.13899e-05 0.000231301 0.00173197 0.00898075 0.0322526 0.0802769 0.138841 0.168569 0.149257 0.108637 0.0811515 0.0680445 0.0560316 0.0420693 0.0288187 0.0175286 0.00923458 0.00444624 0.00219664 0.00113713 0.000542148
 3.7806e-11 1.77821e-09 5.79153e-08 1.30613e-06 2.03972e-05 0.000220567 0.00165159 0.00856411 0.0307581 0.0765745 0.132557 0.161501 0.144801 0.109171 0.086017 0.0739606 0.0598652 0.0435408 0.0299398 0.0196116 0.0115879 0.00588144 0.0025248 0.000936772 0.000313748
 3.79197e-11 1.78356e-09 5.80895e-08 1.31006e-06 2.04585e-05 0.00022123 0.00165656 0.00858981 0.0308499 0.0767976 0.132905 0.161752 0.144474 0.107812 0.0838038 0.071995 0.0593458 0.0445159 0.0313867 0.0207255 0.0123513 0.00646979 0.00290773 0.00108769 0.000331148
 3.66739e-11 1.72497e-09 5.61811e-08 1.26702e-06 1.97864e-05 0.000213962 0.00160214 0.00830772 0.0298379 0.0742892 0.128639 0.156913 0.141287 0.107826 0.0867033 0.075978 0.0626304 0.0465696 0.0326809 0.0217218 0.0131138 0.00694992 0.0031544 0.00119363 0.000366476
 3.764e-11 1.77041e-09 5.7661e-08 1.3004e-06 2.03076e-05 0.000219598 0.00164434 0.00852646 0.0306225 0.0762323 0.131934 0.160598 0.14354 0.107331 0.0837358 0.0722328 0.0598565 0.0452755 0.0322724 0.0215398 0.0129476 0.00683114 0.00309963 0.00117643 0.000362592
 3.8701e-11 1.82031e-09 5.92863e-08 1.33705e-06 2.088e-05 0.000225788 0.00169069 0.00876675 0.0314849 0.078374 0.135604 0.164894 0.146819 0.108554 0.0830159 0.0702038 0.0570422 0.042145 0.0294496 0.0195184 0.0117622 0.00622251 0.0028171 0.00106271 0.000325424
 3.90375e-11 1.83614e-09 5.98017e-08 1.34868e-06 2.10616e-05 0.000227751 0.00170539 0.00884296 0.0317585 0.0790542 0.136775 0.16629 0.147969 0.109193 0.0831897 0.070007 0.0564698 0.0412047 0.0282965 0.0184177 0.0109392 0.00574438 0.00260202 0.000986867 0.000303987
 3.92758e-11 1.84735e-09 6.01669e-08 1.35691e-06 2.11902e-05 0.000229142 0.0017158 0.00889695 0.0319524 0.0795363 0.137606 0.167284 0.148802 0.10969 0.083388 0.0699688 0.0561796 0.0406505 0.0275496 0.0176162 0.0102332 0.00523952 0.0023162 0.000861352 0.000261773
 3.85797e-11 1.8146e-09 5.91004e-08 1.33286e-06 2.08146e-05 0.00022508 0.00168539 0.00873931 0.0313868 0.0781337 0.135216 0.164553 0.146933 0.109512 0.0847692 0.0720836 0.0582066 0.0422224 0.0286401 0.0182849 0.0105688 0.00536314 0.00234113 0.000857729 0.000256746
 3.76156e-11 1.76926e-09 5.76236e-08 1.29956e-06 2.02944e-05 0.000219456 0.00164328 0.00852099 0.0306034 0.0761901 0.131897 0.160727 0.144204 0.108952 0.0862232 0.0746054 0.0608957 0.0446155 0.0305324 0.019569 0.0112872 0.00568785 0.00245605 0.000887219 0.000261174
 3.92561e-11 1.84642e-09 6.01366e-08 1.35623e-06 2.11795e-05 0.000229026 0.00171494 0.00889245 0.031936 0.0794927 0.137512 0.167085 0.148354 0.108813 0.0821594 0.068947 0.0560331 0.0414839 0.0288201 0.0186986 0.0108633 0.00548682 0.00236254 0.000846843 0.000246371
 3.93367e-11 1.85021e-09 6.02602e-08 1.35902e-06 2.1223e-05 0.000229497 0.00171846 0.00891075 0.032002 0.0796598 0.13782 0.167549 0.149047 0.109883 0.083511 0.0699526 0.0559515 0.0402751 0.0272235 0.0174651 0.0102044 0.00522537 0.0022813 0.000825953 0.000241573
 3.75303e-11 1.76525e-09 5.74929e-08 1.29661e-06 2.02484e-05 0.000218958 0.00163955 0.00850168 0.0305343 0.0760205 0.13162 0.160465 0.144215 0.109461 0.0871746 0.0755615 0.0613444 0.0444144 0.0299539 0.018977 0.0108831 0.00548727 0.00238295 0.00086706 0.0002563
 3.81098e-11 1.7925e-09 5.83806e-08 1.31663e-06 2.05611e-05 0.000222339 0.00166486 0.00863287 0.0310045 0.0771823 0.133571 0.162557 0.145178 0.108302 0.0841191 0.0721625 0.0593165 0.0442412 0.0308621 0.0199948 0.0115457 0.00578975 0.00248177 0.000889714 0.000260016
 3.84097e-11 1.80661e-09 5.88401e-08 1.32699e-06 2.07229e-05 0.000224089 0.00167797 0.0087008 0.0312484 0.0777883 0.134611 0.163786 0.146151 0.108737 0.0839956 0.0715115 0.0581666 0.0428482 0.0297386 0.0194859 0.0115363 0.00594863 0.00260329 0.000942354 0.000275502
 3.78115e-11 1.77847e-09 5.79236e-08 1.30632e-06 2.04001e-05 0.000220599 0.00165183 0.00856534 0.0307625 0.0765851 0.132572 0.161508 0.144773 0.109093 0.0859507 0.0740634 0.0602255 0.043946 0.0300162 0.0193114 0.011256 0.00575817 0.00252489 0.000922033 0.000272176
 3.78419e-11 1.7799e-09 5.79702e-08 1.30737e-06 2.04165e-05 0.000220776 0.00165316 0.00857221 0.0307871 0.0766447 0.132665 0.161574 0.144682 0.108724 0.085362 0.073578 0.0601991 0.0443932 0.0305912 0.019677 0.0113483 0.00570645 0.00245691 0.000884274 0.000258864
 3.80947e-11 1.79179e-09 5.83575e-08 1.31611e-06 2.05529e-05 0.000222251 0.00166421 0.00862947 0.0309925 0.0771545 0.133536 0.162578 0.145398 0.10887 0.0849693 0.0728761 0.0594193 0.0436967 0.0300947 0.0194176 0.0112506 0.00566673 0.00242814 0.000864082 0.000249172
 3.75441e-11 1.7659e-09 5.75141e-08 1.29709e-06 2.02559e-05 0.000219039 0.00164015 0.00850479 0.0305452 0.0760453 0.131647 0.160422 0.143934 0.108758 0.0860942 0.0745477 0.0609496 0.0448068 0.030834 0.0199047 0.0115671 0.00585975 0.00252982 0.00090665 0.000262565
 3.83896e-11 1.80566e-09 5.88093e-08 1.3263e-06 2.0712e-05 0.000223971 0.00167709 0.00869624 0.031232 0.0777473 0.134539 0.163693 0.146054 0.108646 0.0839493 0.0716116 0.0584921 0.0432896 0.0300245 0.0194609 0.0113099 0.00572087 0.00246785 0.000885232 0.000256991
 3.89199e-11 1.83061e-09 5.96217e-08 1.34462e-06 2.09981e-05 0.000227065 0.00170025 0.00881635 0.0316631 0.0788179 0.136374 0.165843 0.147701 0.109275 0.0836054 0.0705836 0.0570156 0.0416148 0.0285248 0.0184363 0.0107746 0.00549867 0.00239098 0.000862705 0.000251601
 3.86734e-11 1.81901e-09 5.92441e-08 1.3361e-06 2.08651e-05 0.000225627 0.00168948 0.00876053 0.0314629 0.0783217 0.135531 0.164891 0.147089 0.109321 0.0842587 0.0714862 0.0577886 0.0420894 0.0287301 0.0184823 0.0107736 0.00551187 0.00241809 0.000884582 0.000262059
#obs surv len freq
 2.29447e-11 1.07921e-09 3.5149e-08 7.927e-07 1.23792e-05 0.000133864 0.00100239 0.00519812 0.0186748 0.046547 0.0809525 0.100409 0.0958204 0.0848334 0.083725 0.0860696 0.0820269 0.0735286 0.0642285 0.0540937 0.0434841 0.0333006 0.0236456 0.0147328 0.0075794
 5.34513e-12 2.51409e-10 8.18825e-09 1.84666e-07 2.88387e-06 3.11868e-05 0.000233578 0.00121227 0.0043694 0.0110309 0.0201412 0.0294829 0.0424524 0.0664147 0.0968477 0.116159 0.117108 0.109121 0.0993786 0.0870929 0.0716754 0.0546878 0.0379115 0.0230088 0.0116374
 1.67665e-14 7.88632e-13 2.56874e-11 5.79513e-10 9.06215e-09 9.8519e-08 7.53312e-07 4.22772e-06 1.97743e-05 9.46822e-05 0.000476802 0.00208583 0.00697026 0.0175448 0.035197 0.0611144 0.0951664 0.128793 0.147295 0.144752 0.126676 0.100104 0.0702524 0.0423573 0.0210955
 5.36728e-11 2.52451e-09 8.22216e-08 1.85431e-06 2.89576e-05 0.000313134 0.00234468 0.0121569 0.0436465 0.108508 0.186793 0.222663 0.1838 0.105117 0.0418921 0.0124518 0.00490109 0.00595716 0.00955897 0.0130097 0.0144424 0.0131718 0.00994823 0.00618816 0.00310517
 3.2782e-11 1.54191e-09 5.02189e-08 1.13256e-06 1.76866e-05 0.000191257 0.00143215 0.00742681 0.0266821 0.06651 0.115702 0.143639 0.137309 0.121043 0.114819 0.104339 0.0748908 0.0391672 0.0156749 0.00705878 0.00603586 0.0063912 0.00567086 0.00391789 0.00208029
 4.22302e-11 1.98631e-09 6.46927e-08 1.45898e-06 2.27841e-05 0.000246378 0.00184485 0.00956585 0.0343512 0.0854711 0.147628 0.178317 0.15493 0.106561 0.072244 0.05754 0.0492561 0.040025 0.0287071 0.0169169 0.00810958 0.00375621 0.0022066 0.00146724 0.000831256
 3.51875e-11 1.65505e-09 5.39039e-08 1.21567e-06 1.89844e-05 0.00020529 0.00153721 0.00797121 0.0286319 0.0713106 0.123647 0.151602 0.138984 0.111127 0.0948493 0.0844903 0.0667986 0.0457483 0.0299608 0.0197823 0.0122105 0.00645428 0.00291362 0.00123144 0.000523631
 3.88688e-11 1.8282e-09 5.95433e-08 1.34285e-06 2.09706e-05 0.000226767 0.00169801 0.00880469 0.0316205 0.0787035 0.136121 0.165276 0.146375 0.106638 0.0798984 0.0674835 0.0564433 0.0436944 0.0315832 0.0209963 0.0125807 0.00678542 0.00324513 0.0013353 0.000468875
 3.51474e-11 1.65316e-09 5.38424e-08 1.21428e-06 1.89628e-05 0.000205056 0.00153546 0.00796205 0.0285981 0.0712181 0.12343 0.151068 0.137654 0.10842 0.0910061 0.0812344 0.0660929 0.0477117 0.0329228 0.0223636 0.0142616 0.00810334 0.00397599 0.00164962 0.000568124
 3.67487e-11 1.72848e-09 5.62956e-08 1.26961e-06 1.98268e-05 0.000214398 0.00160541 0.0083246 0.029898 0.0744325 0.128846 0.156968 0.140713 0.106124 0.084006 0.0734183 0.0615247 0.0471501 0.0341157 0.0232483 0.0145503 0.008258 0.00416053 0.00178909 0.000631431
 3.72251e-11 1.75089e-09 5.70253e-08 1.28607e-06 2.00838e-05 0.000217178 0.00162622 0.00843252 0.0302857 0.0753985 0.130524 0.159038 0.142641 0.107657 0.0850239 0.0733997 0.0598764 0.0442551 0.0313533 0.0216312 0.0139554 0.00810503 0.00412553 0.0017904 0.000642201
 3.88208e-11 1.82594e-09 5.94698e-08 1.3412e-06 2.09447e-05 0.000226487 0.00169592 0.00879388 0.0315824 0.0786149 0.136012 0.165348 0.147086 0.108447 0.082505 0.069379 0.05602 0.0410895 0.0286588 0.0193201 0.0122386 0.00709454 0.00365932 0.00161706 0.000589403
 3.73541e-11 1.75696e-09 5.7223e-08 1.29052e-06 2.01534e-05 0.000217931 0.00163186 0.00846179 0.0303912 0.0756652 0.131013 0.159762 0.143697 0.109282 0.0871889 0.0753854 0.0606863 0.0434838 0.0294145 0.019323 0.0119884 0.00682146 0.00347297 0.00153028 0.000561531
 3.98484e-11 1.87428e-09 6.1044e-08 1.3767e-06 2.14991e-05 0.000232482 0.00174081 0.00902659 0.0324174 0.0806863 0.139546 0.169413 0.149954 0.108973 0.0809322 0.0669064 0.0537646 0.0393882 0.0272538 0.0179546 0.0109422 0.00606135 0.00300903 0.00130121 0.00047231
 3.56374e-11 1.67621e-09 5.45931e-08 1.23121e-06 1.92271e-05 0.000207915 0.00155686 0.00807305 0.0289968 0.0722111 0.125151 0.153178 0.139582 0.109931 0.0921823 0.0819663 0.0659859 0.0464833 0.0307253 0.0197966 0.012066 0.00669675 0.00329387 0.00139778 0.000497002
 3.78219e-11 1.77896e-09 5.79396e-08 1.30668e-06 2.04058e-05 0.000220659 0.00165229 0.00856765 0.0307704 0.0765985 0.132556 0.161303 0.144 0.107317 0.0833001 0.0716448 0.0593576 0.0448758 0.0318527 0.021122 0.0127199 0.00689294 0.00333357 0.00140022 0.000492623
 3.978e-11 1.87106e-09 6.09392e-08 1.37433e-06 2.14622e-05 0.000232083 0.00173782 0.00901111 0.032362 0.0805504 0.139325 0.169208 0.149971 0.109381 0.0816131 0.067373 0.053553 0.0386447 0.0266524 0.0179171 0.011259 0.00633606 0.00310563 0.0012959 0.000449742
 3.74139e-11 1.75977e-09 5.73145e-08 1.29259e-06 2.01856e-05 0.000218279 0.00163447 0.00847534 0.0304401 0.0757889 0.13124 0.160102 0.144202 0.11007 0.088236 0.0763264 0.0610311 0.0430687 0.028501 0.0183154 0.0111618 0.00625079 0.00311694 0.00133076 0.000468554
 3.60573e-11 1.69596e-09 5.52364e-08 1.24572e-06 1.94537e-05 0.000210365 0.00157521 0.00816809 0.0293371 0.0730477 0.126528 0.154518 0.139712 0.107851 0.0882167 0.0781591 0.0645899 0.047821 0.0331576 0.0216815 0.0129953 0.00704179 0.00341584 0.00144299 0.000510413
 3.86663e-11 1.81868e-09 5.92331e-08 1.33586e-06 2.08613e-05 0.000225586 0.00168917 0.00875887 0.0314565 0.0783 0.135456 0.164624 0.146288 0.107562 0.081588 0.0688251 0.0563503 0.0423704 0.0303359 0.0206717 0.012892 0.00715808 0.00347633 0.00144627 0.000502603
 3.66594e-11 1.72428e-09 5.61587e-08 1.26652e-06 1.97786e-05 0.000213877 0.00160151 0.00830446 0.0298267 0.0742653 0.128626 0.157029 0.141808 0.109039 0.0884232 0.0772268 0.0623176 0.0446851 0.0304101 0.020276 0.0128005 0.00733246 0.00367964 0.0015649 0.000547686
 3.80664e-11 1.79046e-09 5.83141e-08 1.31513e-06 2.05377e-05 0.000222086 0.00166297 0.00862303 0.0309693 0.0770938 0.133414 0.162349 0.144936 0.107988 0.0836641 0.0715214 0.0585135 0.0434472 0.0304232 0.0202254 0.0124332 0.00696074 0.00348612 0.00150652 0.000538813
 3.64907e-11 1.71635e-09 5.59003e-08 1.26069e-06 1.96875e-05 0.000212893 0.00159414 0.00826624 0.0296895 0.0739236 0.128034 0.156308 0.141164 0.108578 0.0881665 0.0772843 0.0628419 0.0456003 0.0313457 0.0208745 0.013005 0.00732688 0.00364568 0.0015605 0.000556949
 3.88315e-11 1.82645e-09 5.94863e-08 1.34157e-06 2.09505e-05 0.00022655 0.00169639 0.00879629 0.0315909 0.0786344 0.136034 0.165323 0.146897 0.107977 0.0818351 0.0689067 0.0561809 0.0418692 0.0295553 0.0198432 0.0122938 0.0068916 0.00343102 0.00147095 0.000524407
 3.55253e-11 1.67094e-09 5.44214e-08 1.22734e-06 1.91667e-05 0.000207261 0.00155197 0.00804764 0.0289054 0.0719813 0.12474 0.15261 0.138864 0.10897 0.0909968 0.0809506 0.0656783 0.0470515 0.031864 0.0210622 0.013146 0.00745397 0.00372977 0.00159913 0.000569585
 3.98364e-11 1.87371e-09 6.10256e-08 1.37628e-06 2.14926e-05 0.000232412 0.00174028 0.00902383 0.0324071 0.080657 0.13947 0.169202 0.149389 0.107791 0.0792285 0.0654261 0.0533961 0.0402808 0.0287436 0.0193118 0.0118766 0.00660686 0.00328044 0.00140886 0.000503692
 3.60832e-11 1.69718e-09 5.5276e-08 1.24661e-06 1.94677e-05 0.000210516 0.00157634 0.008174 0.029359 0.0731091 0.126681 0.154922 0.14076 0.109992 0.0911732 0.080369 0.0643251 0.0451301 0.0299234 0.0195925 0.0122414 0.00695516 0.00347434 0.00148423 0.000527351
 3.96608e-11 1.86545e-09 6.07566e-08 1.37021e-06 2.13979e-05 0.000231387 0.00173261 0.00898407 0.0322646 0.0803045 0.138876 0.168555 0.149057 0.108061 0.0800715 0.0664884 0.0542562 0.0407075 0.0287256 0.0189904 0.0114727 0.00629303 0.003102 0.00132866 0.000474278
#pred catch len freq
 1.87271e-11 8.80835e-10 2.86882e-08 6.46991e-07 1.01037e-05 0.000109258 0.000818138 0.00424271 0.0152431 0.038001 0.0661406 0.0822774 0.0792883 0.0717998 0.0728149 0.0765406 0.0749853 0.0702842 0.0656829 0.0611041 0.0567963 0.0529787 0.0476953 0.0381961 0.0249906
 1.12398e-11 5.28668e-10 1.72184e-08 3.88318e-07 6.06417e-06 6.55768e-05 0.000491074 0.00254717 0.00915927 0.0229119 0.0404099 0.0527695 0.0587921 0.0691179 0.0870817 0.100449 0.101507 0.0956693 0.0874495 0.0764309 0.0634429 0.0505445 0.0384538 0.0267821 0.0159186
 5.45581e-12 2.56615e-10 8.3578e-09 1.8849e-07 2.94356e-06 3.18314e-05 0.000238379 0.00123664 0.00444938 0.0111559 0.0198519 0.0267562 0.0324563 0.043496 0.0623216 0.083719 0.103754 0.119675 0.124526 0.114354 0.0935719 0.0692651 0.0465361 0.0280117 0.0145898
 2.65636e-11 1.24942e-09 4.06929e-08 9.17725e-07 1.43316e-05 0.000154976 0.00116043 0.00601693 0.0216052 0.0537407 0.0927097 0.111455 0.0951885 0.0622589 0.0396085 0.0353456 0.0442865 0.0600982 0.0758693 0.0838009 0.0788339 0.0623846 0.0414609 0.0231792 0.0108268
 4.36692e-11 2.05399e-09 6.68972e-08 1.5087e-06 2.35605e-05 0.000254773 0.00190771 0.00989167 0.0355195 0.088363 0.152517 0.183713 0.157912 0.104576 0.0642522 0.0436438 0.0307847 0.0216445 0.0183319 0.0196347 0.0211137 0.0193583 0.0143093 0.0083821 0.0038652
 3.60875e-11 1.69738e-09 5.52827e-08 1.24676e-06 1.947e-05 0.000210541 0.00157653 0.00817509 0.0293639 0.0731319 0.126792 0.155393 0.142244 0.113246 0.0958901 0.0843272 0.0647237 0.041126 0.0233771 0.0135966 0.00915596 0.00712246 0.00541169 0.00343059 0.00168618
 3.73029e-11 1.75455e-09 5.71445e-08 1.28875e-06 2.01257e-05 0.000217631 0.00162961 0.0084501 0.0303484 0.0755511 0.130763 0.159213 0.142442 0.106876 0.0841083 0.0736962 0.0625004 0.0482376 0.0338918 0.020985 0.0111639 0.00537116 0.00260873 0.00131394 0.000610981
 3.53656e-11 1.66343e-09 5.41768e-08 1.22182e-06 1.90805e-05 0.000206329 0.00154499 0.00801143 0.0287748 0.0716527 0.124145 0.151762 0.137719 0.107356 0.0890617 0.0796378 0.0661583 0.0494807 0.0350696 0.0235226 0.014101 0.00720304 0.00308284 0.00112495 0.000365116
 3.56258e-11 1.67567e-09 5.45755e-08 1.23081e-06 1.92209e-05 0.000207847 0.00155636 0.00807032 0.0289856 0.0721708 0.124996 0.152585 0.137775 0.106017 0.0865499 0.0772693 0.0653243 0.0502426 0.0363023 0.0243962 0.014682 0.0077184 0.00346158 0.00128436 0.000385058
 3.43966e-11 1.61785e-09 5.26924e-08 1.18834e-06 1.85577e-05 0.000200676 0.00150266 0.00779198 0.0279871 0.0696961 0.120788 0.147818 0.134657 0.106085 0.0894836 0.0812434 0.0685355 0.0521823 0.0375043 0.0253545 0.0154385 0.00819598 0.00370471 0.00138941 0.000421289
 3.54876e-11 1.66917e-09 5.43637e-08 1.22604e-06 1.91463e-05 0.000207041 0.00155032 0.00803901 0.0288732 0.071891 0.124512 0.152001 0.137268 0.105676 0.086359 0.0772308 0.0655001 0.0506606 0.0368755 0.0249536 0.0150869 0.00795393 0.00358605 0.00134608 0.000408982
 3.64901e-11 1.71632e-09 5.58995e-08 1.26067e-06 1.96872e-05 0.00021289 0.00159411 0.00826606 0.0296882 0.0739152 0.127983 0.156073 0.140409 0.106925 0.0858049 0.0753946 0.0627955 0.0475462 0.0340503 0.0229702 0.0139707 0.00740844 0.00334224 0.00125014 0.000378197
 3.70296e-11 1.7417e-09 5.67259e-08 1.27931e-06 1.99783e-05 0.000216037 0.00161768 0.00838825 0.0301268 0.0750056 0.129859 0.158302 0.142224 0.107885 0.0859835 0.0749821 0.0618343 0.0460738 0.0322977 0.0213154 0.0127287 0.00667319 0.0030004 0.00112439 0.000341141
 3.71298e-11 1.74641e-09 5.68794e-08 1.28277e-06 2.00323e-05 0.000216622 0.00162206 0.00841096 0.0302084 0.075209 0.130213 0.158744 0.142651 0.108269 0.086341 0.0752562 0.0619032 0.0458673 0.0318499 0.0207358 0.012163 0.00624549 0.00275219 0.00101497 0.000304735
 3.65416e-11 1.71874e-09 5.59783e-08 1.26245e-06 1.9715e-05 0.00021319 0.00159636 0.00827775 0.0297305 0.0740242 0.128197 0.156449 0.141116 0.108217 0.0876603 0.0771974 0.063704 0.0471876 0.0326849 0.0211736 0.0123176 0.00624871 0.0027111 0.000982342 0.000289744
 3.56033e-11 1.67461e-09 5.45409e-08 1.23003e-06 1.92088e-05 0.000207716 0.00155537 0.00806527 0.028968 0.0721324 0.124966 0.152722 0.138451 0.107652 0.0890491 0.0796394 0.0663433 0.0495676 0.0345742 0.022441 0.0130054 0.00654244 0.00280478 0.00100124 0.000290248
 3.72004e-11 1.74973e-09 5.69876e-08 1.28521e-06 2.00704e-05 0.000217034 0.00162514 0.00842693 0.0302654 0.0753474 0.130429 0.158896 0.142434 0.107391 0.0849027 0.0739502 0.0615314 0.0465745 0.0330517 0.0217581 0.0127274 0.00643286 0.00275726 0.000979289 0.000281295
 3.7312e-11 1.75498e-09 5.71586e-08 1.28907e-06 2.01307e-05 0.000217685 0.00163002 0.00845223 0.0303566 0.0755774 0.130848 0.159502 0.143281 0.108622 0.0864143 0.0750449 0.0613818 0.0451451 0.031191 0.0203257 0.0119631 0.00613009 0.00266367 0.00095559 0.00027602
 3.54551e-11 1.66764e-09 5.43139e-08 1.22491e-06 1.91288e-05 0.000206851 0.0015489 0.00803172 0.0288478 0.0718361 0.124473 0.152215 0.138293 0.108146 0.090125 0.0807809 0.0669597 0.0494855 0.0340742 0.0219041 0.0126439 0.00637444 0.00275276 0.000991598 0.000289279
 3.59781e-11 1.69224e-09 5.5115e-08 1.24298e-06 1.94109e-05 0.000209902 0.00157174 0.00815011 0.0292721 0.0728832 0.126224 0.154056 0.139013 0.106768 0.0868794 0.0772827 0.0650144 0.0495831 0.035335 0.0232298 0.0135086 0.00678069 0.00289372 0.00102789 0.000296573
 3.64339e-11 1.71368e-09 5.58134e-08 1.25873e-06 1.96569e-05 0.000212562 0.00159166 0.00825336 0.0296427 0.0738042 0.127805 0.155924 0.14049 0.107432 0.0867204 0.0763902 0.063454 0.0476764 0.0337234 0.0223698 0.0133006 0.00684449 0.00297391 0.00106422 0.000306571
 3.58508e-11 1.68625e-09 5.49201e-08 1.23858e-06 1.93423e-05 0.00020916 0.00156619 0.00812132 0.0291692 0.0726318 0.12582 0.153715 0.139184 0.107864 0.0887581 0.0790117 0.0655354 0.0487294 0.0338976 0.0220679 0.0129112 0.00658668 0.00286528 0.00103389 0.000300731
 3.60017e-11 1.69335e-09 5.51513e-08 1.2438e-06 1.94237e-05 0.00021004 0.00157278 0.00815549 0.0292917 0.0729345 0.126329 0.154264 0.13945 0.107602 0.0880495 0.07829 0.06525 0.0489272 0.0342324 0.0222106 0.0128213 0.00641161 0.00273087 0.000968304 0.000278494
 3.61366e-11 1.69969e-09 5.53579e-08 1.24846e-06 1.94965e-05 0.000210827 0.00157867 0.00818604 0.0294013 0.0732062 0.126792 0.154791 0.139803 0.107612 0.0877276 0.0777814 0.0647211 0.0485117 0.0340245 0.0222112 0.01292 0.00649285 0.00276161 0.000971298 0.000275923
 3.55747e-11 1.67326e-09 5.44971e-08 1.22904e-06 1.91933e-05 0.000207549 0.00155412 0.00805878 0.0289447 0.0720741 0.124863 0.152589 0.138305 0.107489 0.0888649 0.0794777 0.0662797 0.0496488 0.0347867 0.022716 0.0132497 0.00669496 0.00286853 0.00101613 0.000290001
 3.64075e-11 1.71243e-09 5.57728e-08 1.25782e-06 1.96426e-05 0.000212407 0.0015905 0.00824736 0.0296212 0.0737503 0.127711 0.155804 0.140369 0.107325 0.0866729 0.0765151 0.0638382 0.0481914 0.034056 0.022342 0.0130407 0.00658423 0.00282061 0.00100057 0.000286401
 3.68124e-11 1.73148e-09 5.63932e-08 1.27181e-06 1.98611e-05 0.00021477 0.00160819 0.00833907 0.0299504 0.0745681 0.129114 0.157453 0.141651 0.107857 0.0864722 0.0757464 0.062629 0.04676 0.032789 0.0215397 0.0126914 0.00648824 0.00281111 0.0010061 0.00029007
 3.64405e-11 1.71399e-09 5.58235e-08 1.25896e-06 1.96605e-05 0.0002126 0.00159195 0.00825486 0.0296482 0.0738189 0.127838 0.155995 0.140655 0.107766 0.0872178 0.0768803 0.0636985 0.0475524 0.0332927 0.0218279 0.0128625 0.00660898 0.00289564 0.00105283 0.000308906
#obs catch len freq
 2.3662e-11 1.11295e-09 3.6248e-08 8.17484e-07 1.27662e-05 0.000138049 0.00103373 0.00536066 0.0192589 0.048005 0.0835022 0.103635 0.0990801 0.0879694 0.0866175 0.0876212 0.080686 0.0690931 0.0584417 0.0492836 0.0409136 0.0326795 0.0238968 0.015044 0.00772605
 2.18613e-11 1.02825e-09 3.34895e-08 7.55272e-07 1.17947e-05 0.000127544 0.000955062 0.00495278 0.0177943 0.044362 0.0772176 0.0960834 0.0926658 0.0839958 0.0849967 0.0884163 0.0845145 0.0757621 0.0661465 0.0556873 0.0447542 0.034268 0.0243304 0.0151588 0.00779836
 4.98852e-12 2.34636e-10 7.64194e-09 1.72346e-07 2.69147e-06 2.91063e-05 0.000218 0.00113151 0.00407959 0.0103118 0.018913 0.0280647 0.0414329 0.0661813 0.0973294 0.116991 0.117952 0.109842 0.0999748 0.0875815 0.072061 0.0549744 0.038107 0.0231264 0.0116966
 1.56449e-14 7.35879e-13 2.39693e-11 5.40766e-10 8.45709e-09 9.19776e-08 7.04374e-07 3.97485e-06 1.88789e-05 9.2579e-05 0.000474021 0.00208649 0.00698388 0.0175824 0.0352592 0.0611838 0.0952187 0.128814 0.147282 0.144712 0.12662 0.100049 0.0702085 0.042329 0.0210809
 5.33747e-11 2.51049e-09 8.1765e-08 1.84401e-06 2.87968e-05 0.000311395 0.00233166 0.0120894 0.0434041 0.107905 0.185756 0.221426 0.18278 0.104539 0.041682 0.0124573 0.00506676 0.00632286 0.0101749 0.0138492 0.0153735 0.0140203 0.0105887 0.00658634 0.00330491
 3.17961e-11 1.49554e-09 4.87087e-08 1.0985e-06 1.71547e-05 0.000185506 0.00138909 0.00720358 0.0258813 0.0645262 0.112334 0.139846 0.134908 0.121325 0.117533 0.107916 0.0777111 0.0406757 0.0162769 0.00732049 0.00625124 0.00661714 0.00587104 0.00405612 0.00215367
 4.14327e-11 1.94879e-09 6.34709e-08 1.43143e-06 2.23538e-05 0.000241725 0.00181001 0.00938524 0.0337031 0.0838637 0.144886 0.175167 0.152723 0.106213 0.0736254 0.0598127 0.0515895 0.0419742 0.0300987 0.0177319 0.00849844 0.00393517 0.00231101 0.00153646 0.000870436
 3.42496e-11 1.61094e-09 5.24672e-08 1.18327e-06 1.84784e-05 0.000199819 0.00149625 0.00775884 0.02787 0.0694218 0.120432 0.147944 0.136537 0.111037 0.0969116 0.0874593 0.0694303 0.0475754 0.0311383 0.020546 0.0126772 0.00669973 0.00302408 0.001278 0.000543387
 3.80505e-11 1.78971e-09 5.82898e-08 1.31458e-06 2.05291e-05 0.000221993 0.00166227 0.00861939 0.0309557 0.0770546 0.13331 0.162056 0.144146 0.106356 0.0814085 0.0698462 0.0587343 0.0455003 0.0328736 0.0218439 0.0130844 0.00705562 0.00337389 0.00138817 0.000487413
 3.43908e-11 1.61758e-09 5.26834e-08 1.18814e-06 1.85546e-05 0.000200642 0.00150241 0.00779072 0.0279834 0.069694 0.120834 0.148106 0.135645 0.108271 0.0925599 0.0835357 0.0681949 0.0492402 0.033954 0.0230491 0.0146932 0.00834688 0.004095 0.00169888 0.000585059
 3.60798e-11 1.69702e-09 5.52708e-08 1.2465e-06 1.94658e-05 0.000210495 0.00157618 0.0081731 0.0293545 0.0730845 0.126548 0.154338 0.138902 0.105915 0.085269 0.0753649 0.0633791 0.0485807 0.0351284 0.0239249 0.0149685 0.00849356 0.00427864 0.00183974 0.00064928
 3.65304e-11 1.71821e-09 5.59611e-08 1.26206e-06 1.97089e-05 0.000213125 0.00159587 0.00827519 0.0297212 0.0739988 0.128139 0.156313 0.140778 0.107481 0.0863919 0.075461 0.0617912 0.045684 0.0323441 0.022301 0.0143823 0.00835123 0.00425033 0.00184443 0.000661552
 3.81638e-11 1.79504e-09 5.84633e-08 1.31849e-06 2.05902e-05 0.000222654 0.00166722 0.00864509 0.0310485 0.0772912 0.133757 0.162772 0.145328 0.108289 0.083814 0.0713468 0.0578464 0.0424461 0.0295861 0.019933 0.0126221 0.0073152 0.00377265 0.00166702 0.000607586
 3.6724e-11 1.72732e-09 5.62577e-08 1.26875e-06 1.98134e-05 0.000214254 0.00160433 0.00831909 0.0298793 0.0743959 0.128851 0.157297 0.14203 0.109172 0.0885046 0.0773277 0.0624576 0.0447622 0.030258 0.0198638 0.0123189 0.00700787 0.0035674 0.00157177 0.000576727
 3.9294e-11 1.8482e-09 6.01947e-08 1.35754e-06 2.12e-05 0.000229248 0.00171659 0.00890104 0.0319669 0.0795693 0.137644 0.167241 0.148476 0.108852 0.0820546 0.0685878 0.0553237 0.0405424 0.0280336 0.0184567 0.0112439 0.006227 0.00309083 0.00133647 0.000485084
 3.50731e-11 1.64967e-09 5.37286e-08 1.21172e-06 1.89227e-05 0.000204623 0.00153222 0.00794527 0.0285384 0.0710745 0.123217 0.150975 0.138103 0.109865 0.0934077 0.0837486 0.0675871 0.0476104 0.0314455 0.0202458 0.0123344 0.00684404 0.00336585 0.00142821 0.000507797
 3.72711e-11 1.75305e-09 5.70957e-08 1.28765e-06 2.01085e-05 0.000217446 0.00162822 0.00844291 0.0303228 0.0754887 0.130665 0.159141 0.14252 0.107172 0.084381 0.0732884 0.0609065 0.0460502 0.0326636 0.0216469 0.0130312 0.00706005 0.00341389 0.00143383 0.000504423
 3.9156e-11 1.84171e-09 5.99833e-08 1.35277e-06 2.11255e-05 0.000228442 0.00171056 0.0088698 0.031855 0.0792933 0.137184 0.166764 0.148312 0.109253 0.0828875 0.0692683 0.0552934 0.0399185 0.0275129 0.0184837 0.0116106 0.00653252 0.00320152 0.00133581 0.000463573
 3.67249e-11 1.72736e-09 5.6259e-08 1.26878e-06 1.98139e-05 0.000214259 0.00160437 0.00831931 0.0298803 0.074401 0.128877 0.15741 0.142388 0.109969 0.089705 0.0784794 0.0629816 0.0444595 0.029402 0.0188818 0.0115021 0.00643987 0.00321079 0.00137072 0.000482602
 3.53488e-11 1.66264e-09 5.4151e-08 1.22124e-06 1.90715e-05 0.000206231 0.00154426 0.00800764 0.0287614 0.0716203 0.124096 0.151741 0.13782 0.107688 0.0896427 0.0803034 0.066588 0.0493105 0.0341684 0.0223292 0.0133786 0.00724787 0.00351531 0.00148488 0.000525204
 3.80314e-11 1.78881e-09 5.82604e-08 1.31392e-06 2.05188e-05 0.000221881 0.00166144 0.00861508 0.0309406 0.0770207 0.133276 0.162131 0.144579 0.107386 0.0828176 0.0706974 0.0581129 0.0437098 0.0312748 0.021299 0.0132785 0.00737118 0.00357936 0.00148902 0.000517432
 3.60336e-11 1.69485e-09 5.52001e-08 1.2449e-06 1.94409e-05 0.000210227 0.00157417 0.00816276 0.0293183 0.0730048 0.12648 0.154581 0.140152 0.108929 0.0897278 0.0791512 0.0640692 0.0459476 0.0312464 0.0208193 0.0131382 0.00752419 0.00377537 0.00160549 0.000561869
 3.74429e-11 1.76113e-09 5.73589e-08 1.29359e-06 2.02012e-05 0.000218448 0.00163573 0.00848183 0.0304627 0.0758375 0.131273 0.159904 0.143266 0.107835 0.0849027 0.0733911 0.0602599 0.0447549 0.0313182 0.0208078 0.0127865 0.00715688 0.00358386 0.00154864 0.000553849
 3.5806e-11 1.68414e-09 5.48513e-08 1.23704e-06 1.93181e-05 0.000208898 0.00156423 0.00811119 0.0291331 0.0725442 0.125685 0.153627 0.139345 0.10844 0.0895702 0.0793709 0.0647581 0.047001 0.0322864 0.0214871 0.0133815 0.00753735 0.00374992 0.00160499 0.000572801
 3.82217e-11 1.79776e-09 5.8552e-08 1.3205e-06 2.06214e-05 0.000222992 0.00166975 0.00865819 0.0310954 0.0774058 0.133941 0.16293 0.14526 0.10782 0.0830346 0.0707235 0.0578827 0.0431502 0.0304397 0.0204246 0.0126494 0.00708937 0.00352901 0.00151284 0.000539316
 3.49084e-11 1.64192e-09 5.34764e-08 1.20603e-06 1.88339e-05 0.000203662 0.00152502 0.00790796 0.0284042 0.0707388 0.122624 0.150198 0.137235 0.108869 0.0922946 0.0828593 0.0674116 0.0482953 0.0326816 0.0215877 0.0134684 0.00763502 0.00381986 0.00163763 0.000583271
 3.92861e-11 1.84783e-09 6.01827e-08 1.35727e-06 2.11957e-05 0.000229202 0.00171625 0.00889922 0.03196 0.0795483 0.137581 0.167042 0.147907 0.107637 0.0802935 0.067052 0.0549321 0.041451 0.0295593 0.0198482 0.012202 0.00678639 0.00336911 0.00144682 0.000517239
 3.54365e-11 1.66676e-09 5.42853e-08 1.22427e-06 1.91188e-05 0.000206743 0.00154809 0.00802756 0.0288336 0.0718066 0.124463 0.152396 0.139062 0.109908 0.0925648 0.0823959 0.0661462 0.0464145 0.0307522 0.0201207 0.0125661 0.00713798 0.0035652 0.00152293 0.000541076
#spawning biomass
 176759 148559 120421 109861 179949 366395 490924 613559 641633 886668 804064 847566 861549 1.15086e+06 969749 1.01745e+06 1.03911e+06 902780 978970 939297 1.02859e+06 958430 755371 1.01667e+06 1.13446e+06 1.03309e+06 1.21084e+06 1.4514e+06 1.57514e+06 565852 61482.8 6255.02 3838.06 3797.98 3797.71 3797.71 3797.71 3797.71 3797.71 3797.71 3797.71 3797.71 3797.71 3797.71 3797.71 3797.71 3797.71 3797.71 3797.71 3797.71 3797.71 3797.71 3797.71 3797.71 3797.71 3797.71 3797.71 3797.71 3797.71 3797.71 3797.71 3797.71 3797.71 3797.71 3797.71 3797.71 3797.71 3797.71 3797.71 3797.71 3797.71 3797.71 3797.71 3797.71 3797.71 3797.71 3797.71 3797.71 3797.71 3797.71 3797.71 3797.71 3797.71 3797.71 3797.71 3797.71 3797.71 3797.71 3797.71 3797.71 3797.71 3797.71 3797.71 3797.71 3797.71 3797.71 3797.71 3797.71 3797.71 3797.71 3797.71 3797.71 3797.71 3797.71 3797.71 3797.71 3797.71 3797.71 3797.71 3797.71 3797.71 3797.71 3797.71 3797.71 3797.71 3797.71 3797.71 3797.71 3797.71 3797.71 3797.71 3797.71 3797.71 3797.71 3797.71 3797.71 3797.71 3797.71 0 0 0 0 0 0 0 0 0 0 0 0 0 0 0 0 0 0 0 0 0 0 0 0 0
