SBPRF35
0.149432
Curr Bio
134129
B35
166086
F35
1.12911
FOFL
0.699413
OFL
24907.1
Bzero
42694.9
#pred survey bio
 4636.86 5844.15 9132.6 14509.6 26378.4 31972.7 28901.1 36162.8 60903.3 83511.5 102033 126155 171101 210069 180854 170407 152486 143911 153023 155532 167440 168646 180939 197254 211961 202921 184240 157680 4.53997e+06 2.69257e+06 1.53106e+06 843280 587227 490710 448662 427538 415954 409340 405505 403272 401973 401218 400779 400522 400375 400292 400245 400218 400203 400194 400189 400186 400184 400183 400183 400183 400182 400182 400182 400182 400182 400182 400182 400182 400182 400182 400182 400182 400182 400182 400182 400182 400182 400182 400182 400182 400182 400182 400182 400182 400182 400182 400182 400182 400182 400182 400182 400182 400182 400182 400182 400182 400182 400182 400182 400182 400182 400182 400182 400182 400182 400182 400182 400182 400182 400182 400182 400182 400182 400182 400182 400182 400182 400182 400182 400182 400182 400182 400182 400182 400182 400182 400182 400182 400182 400182 400182 400182 0 0 0 0 0 0 0 0 0 0 0 0 0 0 0 0 0 0 0 0 0 0 0 0 0
#obs survey bio
 3658.62 4284.94 9448.52 14583.5 18647.7 38513.1 15904.1 30727.5 72909.5 72336.5 67102.6 103594 99499.4 187092 181329 110875 109815 89186.5 145998 144284 99312.6 130899 209104 204596 140355 149097 145768 128083
#pred catch bio
 1604.85 2235.38 3608.9 5153.63 10267.8 14446.8 13761.9 14623.3 26011.7 36895 48001.8 58572.7 77747.7 116201 90376.9 93463.1 84676.1 76729.2 86302.5 83111.8 97529.7 97351.2 102573 109406 128645 125721 115037 111706 24907.1 53339.6 29437.2 12803.3 7797.78 6570.84 6294.64 6235.6 6223.42 6220.98 6220.49 6220.4 6220.38 6220.38 6220.38 6220.38 6220.38 6220.38 6220.38 6220.38 6220.38 6220.38 6220.38 6220.38 6220.38 6220.38 6220.38 6220.38 6220.38 6220.38 6220.38 6220.38 6220.38 6220.38 6220.38 6220.38 6220.38 6220.38 6220.38 6220.38 6220.38 6220.38 6220.38 6220.38 6220.38 6220.38 6220.38 6220.38 6220.38 6220.38 6220.38 6220.38 6220.38 6220.38 6220.38 6220.38 6220.38 6220.38 6220.38 6220.38 6220.38 6220.38 6220.38 6220.38 6220.38 6220.38 6220.38 6220.38 6220.38 6220.38 6220.38 6220.38 6220.38 6220.38 6220.38 6220.38 6220.38 6220.38 6220.38 6220.38 6220.38 6220.38 6220.38 6220.38 6220.38 6220.38 6220.38 6220.38 6220.38 6220.38 6220.38 6220.38 6220.38 6220.38 6220.38 6220.38 6220.38 6220.38 6220.38 6220.38 0 0 0 0 0 0 0 0 0 0 0 0 0 0 0 0 0 0 0 0 0 0 0 0 0
#obs catch bio
 2242.96 2300.22 3487.8 4919.81 10094.5 13558.5 15201.5 14541.4 23794.6 34164.6 47245.4 56420.7 74241.4 111582 82839 89640.5 82540.4 74658 83662.5 78723 94904.9 93207.4 93255.4 98825.9 117392 124078 109507 111216
#pred cpue bio
 3025.81 3165.85 4387.97 6890.13 12242.2 17499.6 17006.4 17351.1 27934 41234.1 52205.4 61918.1 81227.2 105941 95087.1 92021.9 78665.3 71925.4 74677.8 74508.6 81378.7 79039.9 83323.9 91589 100612 94096.3 86034.2 74963.5 1.9028e+06 1.95345e+06 1.33861e+06 701461 448081 351707 309668 288544 276961 270346 266512 264279 262980 262225 261786 261528 261382 261299 261252 261225 261209 261201 261195 261193 261191 261190 261190 261189 261189 261189 261189 261189 261189 261189 261189 261189 261189 261189 261189 261189 261189 261189 261189 261189 261189 261189 261189 261189 261189 261189 261189 261189 261189 261189 261189 261189 261189 261189 261189 261189 261189 261189 261189 261189 261189 261189 261189 261189 261189 261189 261189 261189 261189 261189 261189 261189 261189 261189 261189 261189 261189 261189 261189 261189 261189 261189 261189 261189 261189 261189 261189 261189 261189 261189 261189 261189 261189 261189 261189 261189 0 0 0 0 0 0 0 0 0 0 0 0 0 0 0 0 0 0 0 0 0 0 0 0 0
#obs cpue bio
 2598.52 4206.48 5697.39 8427.54 15902.6 18769.9 16411.5 27132.3 43962.9 55041.5 70254.7 102236 148813 155360 135475 156728 117870 122473 97827.9 98947.4 145869 126488 118395 130308 207730 119393 139009 98587.4
#pred surv len freq
 1.58569e-11 1.72112e-09 1.10151e-07 4.15676e-06 9.24931e-05 0.00121355 0.00938909 0.0428491 0.115529 0.185479 0.184247 0.132227 0.0952051 0.0742174 0.0512593 0.0326641 0.0215147 0.0145761 0.0102413 0.00760338 0.00605929 0.00523799 0.00463902 0.00362344 0.00212922
 1.75548e-11 1.90541e-09 1.21946e-07 4.60186e-06 0.000102397 0.00134349 0.0103943 0.0474331 0.127843 0.204885 0.201799 0.140162 0.0944969 0.0694201 0.0447379 0.0251346 0.0138215 0.00743511 0.00401513 0.00234235 0.00152621 0.0011248 0.000901111 0.000677521 0.000398613
 1.86116e-11 2.02011e-09 1.29287e-07 4.87888e-06 0.000108561 0.00142436 0.0110198 0.0502852 0.135494 0.216849 0.212174 0.143539 0.0913733 0.0635098 0.0384439 0.0192804 0.00911635 0.00412278 0.00174551 0.000737876 0.000339171 0.000184428 0.000120264 8.16662e-05 4.63715e-05
 1.83787e-11 1.99483e-09 1.27669e-07 4.81783e-06 0.000107203 0.00140654 0.010882 0.0496581 0.133828 0.214374 0.210658 0.144934 0.0954315 0.0674582 0.0399371 0.018646 0.00788147 0.00312746 0.00110974 0.000364928 0.000118364 4.12294e-05 1.76678e-05 9.32215e-06 4.76291e-06
 1.88952e-11 2.0509e-09 1.31257e-07 4.95323e-06 0.000110215 0.00144606 0.0111877 0.0510505 0.137545 0.220044 0.214879 0.144229 0.0902131 0.0617325 0.0368882 0.0180059 0.00800144 0.00318576 0.00106221 0.000306611 8.04273e-05 1.97997e-05 5.03756e-06 1.56929e-06 5.93658e-07
 1.52193e-11 1.65191e-09 1.05722e-07 3.98963e-06 8.87744e-05 0.00116477 0.00901211 0.0411389 0.111058 0.179432 0.183566 0.145764 0.122128 0.099321 0.0608114 0.0282251 0.0116861 0.00450933 0.001515 0.000438613 0.000109214 2.31739e-05 4.32143e-06 7.77066e-07 1.59454e-07
 1.44683e-11 1.57039e-09 1.00505e-07 3.79274e-06 8.43933e-05 0.00110729 0.0085674 0.0391096 0.105591 0.170689 0.175058 0.140268 0.119807 0.101182 0.068275 0.0385807 0.0196709 0.0082922 0.00273617 0.000751698 0.000181092 3.75584e-05 6.50452e-06 9.35462e-07 1.17525e-07
 1.90187e-11 2.0643e-09 1.32115e-07 4.98559e-06 0.000110936 0.00145551 0.0112607 0.0513816 0.13841 0.221208 0.214983 0.141558 0.0850858 0.0575526 0.0366643 0.0208854 0.0112113 0.00527809 0.00206634 0.000667744 0.000172941 3.55432e-05 5.92982e-06 8.08046e-07 8.84681e-08
 1.88629e-11 2.04739e-09 1.31032e-07 4.94475e-06 0.000110027 0.00144359 0.0111686 0.0509641 0.137323 0.219772 0.215011 0.145358 0.0921649 0.0630636 0.0363678 0.0162898 0.00664487 0.00272566 0.00106689 0.000376219 0.000112311 2.68129e-05 4.93735e-06 6.9024e-07 7.34042e-08
 1.74481e-11 1.89382e-09 1.21205e-07 4.57388e-06 0.000101775 0.00133532 0.0103313 0.0471492 0.127126 0.204128 0.202895 0.14578 0.104237 0.0775603 0.0460484 0.0208195 0.00824694 0.00297642 0.000918184 0.000253641 6.77807e-05 1.67588e-05 3.45621e-06 5.48952e-07 6.41542e-08
 1.70762e-11 1.85346e-09 1.18621e-07 4.4764e-06 9.96054e-05 0.00130686 0.0101111 0.0461453 0.124432 0.199895 0.199139 0.144316 0.104998 0.0797328 0.0491747 0.0241593 0.0106638 0.00412171 0.00128245 0.000328222 7.27594e-05 1.43446e-05 2.57376e-06 4.06681e-07 5.15141e-08
 1.79187e-11 1.94491e-09 1.24474e-07 4.69725e-06 0.00010452 0.00137134 0.0106098 0.0484173 0.130505 0.209228 0.206433 0.144283 0.0981513 0.0713594 0.043395 0.0212269 0.00943861 0.00377143 0.00125479 0.000348076 8.03652e-05 1.50845e-05 2.32021e-06 3.01329e-07 3.33995e-08
 1.83283e-11 1.98936e-09 1.27319e-07 4.80461e-06 0.000106909 0.00140268 0.0108522 0.0495222 0.133465 0.213826 0.210267 0.145065 0.096051 0.0681457 0.0403442 0.0187605 0.00782862 0.00300615 0.000989058 0.000278706 6.74025e-05 1.3481e-05 2.15697e-06 2.7052e-07 2.64918e-08
 1.70762e-11 1.85346e-09 1.18621e-07 4.47639e-06 9.96053e-05 0.00130686 0.0101111 0.0461462 0.124444 0.199994 0.19961 0.145614 0.106974 0.0810276 0.0485853 0.022295 0.00903937 0.00334288 0.00104594 0.000278734 6.50839e-05 1.30238e-05 2.15373e-06 2.83292e-07 2.85356e-08
 1.60936e-11 1.7468e-09 1.11795e-07 4.2188e-06 9.38736e-05 0.00123167 0.00952955 0.0434965 0.117363 0.189134 0.191223 0.14598 0.115451 0.0910881 0.0551132 0.0251909 0.0100721 0.00362133 0.00107464 0.000264241 5.64335e-05 1.04448e-05 1.6387e-06 2.1212e-07 2.17376e-08
 1.60591e-11 1.74306e-09 1.11555e-07 4.20976e-06 9.36724e-05 0.00122903 0.00950906 0.0434018 0.11709 0.18856 0.190012 0.143469 0.111898 0.0888744 0.0563857 0.028823 0.0132692 0.00523612 0.00162948 0.000410084 8.67441e-05 1.52659e-05 2.21681e-06 2.65472e-07 2.57311e-08
 1.68854e-11 1.83274e-09 1.17295e-07 4.42636e-06 9.8492e-05 0.00129226 0.00999815 0.0456307 0.123057 0.197794 0.197548 0.144488 0.106779 0.081697 0.0502144 0.0244161 0.0107569 0.00428615 0.00143082 0.000398065 9.13948e-05 1.67739e-05 2.43962e-06 2.81349e-07 2.5526e-08
 1.72723e-11 1.87475e-09 1.19983e-07 4.5278e-06 0.000100749 0.00132187 0.0102272 0.046675 0.125857 0.202162 0.201284 0.14554 0.105282 0.0790246 0.0472949 0.0217295 0.00883436 0.00327785 0.00103006 0.000275815 6.43195e-05 1.26201e-05 1.98738e-06 2.4218e-07 2.23101e-08
 1.77254e-11 1.92392e-09 1.2313e-07 4.64656e-06 0.000103392 0.00135654 0.0104954 0.0478966 0.129123 0.207177 0.205193 0.145489 0.101566 0.0745595 0.0443433 0.0203266 0.00820778 0.00298143 0.000894794 0.000223169 4.83296e-05 9.02927e-06 1.41641e-06 1.80022e-07 1.76731e-08
 1.78618e-11 1.93873e-09 1.24078e-07 4.68233e-06 0.000104188 0.00136698 0.0105762 0.0482652 0.130114 0.208754 0.206683 0.146334 0.101757 0.0740807 0.0430815 0.0186869 0.00694614 0.00236319 0.000679792 0.00016226 3.31463e-05 5.75113e-06 8.34288e-07 1.00103e-07 9.66007e-09
 1.7649e-11 1.91563e-09 1.226e-07 4.62655e-06 0.000102946 0.0013507 0.0104502 0.0476912 0.128578 0.206379 0.204757 0.146111 0.103135 0.0759687 0.044653 0.0197652 0.00754386 0.00258425 0.000723658 0.000163562 3.14271e-05 5.1571e-06 7.04912e-07 7.88206e-08 7.07001e-09
 1.82168e-11 1.97726e-09 1.26544e-07 4.77538e-06 0.000106258 0.00139415 0.0107862 0.0492224 0.132674 0.212691 0.209782 0.146394 0.0989939 0.0706713 0.0407035 0.0174263 0.00633075 0.00208862 0.000574341 0.000127825 2.38498e-05 3.72089e-06 4.76168e-07 4.96813e-08 4.16157e-09
 1.84404e-11 2.00153e-09 1.28097e-07 4.83399e-06 0.000107562 0.00141126 0.0109186 0.0498256 0.134289 0.215189 0.211817 0.146658 0.0975982 0.0687476 0.0390981 0.0163023 0.00565911 0.00178305 0.000470377 9.98269e-05 1.77752e-05 2.67643e-06 3.31253e-07 3.30217e-08 2.60369e-09
 1.82809e-11 1.98422e-09 1.2699e-07 4.7922e-06 0.000106632 0.00139906 0.0108242 0.0493957 0.13314 0.213431 0.210475 0.146771 0.0990545 0.0704337 0.040135 0.0166975 0.00575991 0.00179454 0.000463866 9.49839e-05 1.61056e-05 2.30056e-06 2.70509e-07 2.5755e-08 1.94835e-09
 1.79399e-11 1.94721e-09 1.24621e-07 4.70281e-06 0.000104643 0.00137296 0.0106224 0.0484761 0.13068 0.209643 0.207474 0.146649 0.101615 0.0736652 0.0424906 0.0180392 0.00643009 0.00206018 0.000540001 0.00011112 1.87501e-05 2.62382e-06 2.97018e-07 2.69011e-08 1.93018e-09
 1.82761e-11 1.9837e-09 1.26956e-07 4.79094e-06 0.000106604 0.00139869 0.0108214 0.0493828 0.133107 0.213387 0.210476 0.146889 0.0992723 0.0705977 0.0401123 0.0165436 0.00562059 0.00172853 0.000444254 9.06393e-05 1.52125e-05 2.11737e-06 2.37394e-07 2.10826e-08 1.46341e-09
 1.80534e-11 1.95952e-09 1.25409e-07 4.73255e-06 0.000105305 0.00138164 0.0106896 0.0487825 0.131505 0.210955 0.208718 0.147365 0.101792 0.0732687 0.0414103 0.0166326 0.00536288 0.00155837 0.00038154 7.36783e-05 1.16537e-05 1.55303e-06 1.70092e-07 1.4909e-08 1.02264e-09
 1.77311e-11 1.92454e-09 1.2317e-07 4.64807e-06 0.000103425 0.00135698 0.0104988 0.0479135 0.129183 0.20739 0.205952 0.147443 0.104508 0.0765228 0.0435623 0.0176344 0.00575253 0.00168038 0.000405768 7.53654e-05 1.12126e-05 1.39493e-06 1.42996e-07 1.18376e-08 7.79742e-10
#obs surv len freq
 1.28704e-11 1.39696e-09 8.94051e-08 3.37387e-06 7.50732e-05 0.000985013 0.00762174 0.0348014 0.0940649 0.152825 0.159969 0.135772 0.124785 0.111791 0.0818694 0.0507275 0.0272147 0.0119324 0.0041463 0.00113493 0.000239039 3.74285e-05 4.21614e-06 3.3135e-07 1.76659e-08
 1.83869e-11 1.99572e-09 1.27726e-07 4.81999e-06 0.000107251 0.00140717 0.010887 0.0496808 0.133879 0.214307 0.20955 0.140693 0.0878334 0.0621774 0.0423421 0.0255405 0.0133702 0.00569394 0.00190939 0.000500264 0.000100037 1.47637e-05 1.55761e-06 1.14054e-07 5.64175e-09
 1.56085e-11 1.69416e-09 1.08426e-07 4.09166e-06 9.10449e-05 0.00119457 0.00924309 0.0422 0.113987 0.18448 0.189286 0.149349 0.12057 0.0936452 0.0556827 0.025259 0.00996644 0.00359313 0.00111103 0.000275749 5.22854e-05 7.27589e-06 7.19239e-07 4.90759e-08 2.25236e-09
 1.81019e-11 1.96479e-09 1.25746e-07 4.74527e-06 0.000105588 0.00138537 0.0107187 0.04892 0.131913 0.21173 0.209271 0.145356 0.0954616 0.0673719 0.04234 0.0220058 0.00939258 0.00309174 0.000760326 0.000145626 2.2623e-05 2.77264e-06 2.50969e-07 1.58656e-08 6.75042e-10
 1.66207e-11 1.80402e-09 1.15457e-07 4.357e-06 9.69491e-05 0.00127204 0.00984252 0.0449356 0.121345 0.196031 0.199028 0.150578 0.112538 0.0826293 0.0481591 0.021762 0.0082901 0.00266432 0.000674221 0.000127916 1.77521e-05 1.78534e-06 1.30357e-07 6.87149e-09 2.54653e-10
 7.24934e-12 7.86848e-10 5.03583e-08 1.90038e-06 4.22877e-05 0.000554942 0.00429738 0.0196918 0.0540651 0.0937697 0.122302 0.156225 0.188354 0.170101 0.108578 0.0529461 0.0208872 0.00642078 0.00147281 0.000253092 3.27964e-05 3.12328e-06 2.10126e-07 9.70148e-09 3.02696e-10
 1.59374e-11 1.72985e-09 1.1071e-07 4.17786e-06 9.2963e-05 0.00121973 0.00943743 0.0430779 0.116212 0.186802 0.185466 0.13088 0.0921601 0.0797287 0.069439 0.0491684 0.0250237 0.00874731 0.00212357 0.000367177 4.55274e-05 4.00202e-06 2.4569e-07 1.03761e-08 2.9587e-10
 1.8016e-11 1.95547e-09 1.2515e-07 4.72277e-06 0.000105088 0.00137883 0.0106689 0.0487069 0.131483 0.211874 0.212029 0.151137 0.0997903 0.0658127 0.0368671 0.0176278 0.00802063 0.00325146 0.000998718 0.000210878 2.95352e-05 2.72441e-06 1.65838e-07 6.66548e-09 1.7614e-10
 1.59851e-11 1.73504e-09 1.11042e-07 4.1904e-06 9.3243e-05 0.00122346 0.00946792 0.0432488 0.11703 0.190449 0.197824 0.15679 0.12042 0.0859389 0.0476869 0.0202477 0.0069961 0.0020012 0.0004726 9.13522e-05 1.35338e-05 1.40068e-06 9.50285e-08 4.10237e-09 1.11437e-10
 1.46716e-11 1.59246e-09 1.01917e-07 3.84606e-06 8.55815e-05 0.00112296 0.00869112 0.0397172 0.107651 0.176297 0.187136 0.156398 0.128327 0.0966918 0.0576499 0.0269346 0.00991047 0.00274048 0.000551722 8.21247e-05 9.29779e-06 7.99599e-07 5.01445e-08 2.16295e-09 6.09657e-11
 1.42191e-11 1.54335e-09 9.87744e-08 3.72746e-06 8.29428e-05 0.00108836 0.00842394 0.0385066 0.104469 0.171627 0.183836 0.156268 0.130127 0.0993273 0.0608885 0.029732 0.0114795 0.00332818 0.000696681 0.000103701 1.08541e-05 7.90662e-07 3.99295e-08 1.39557e-09 3.34043e-11
 1.67511e-11 1.81818e-09 1.16363e-07 4.39121e-06 9.77116e-05 0.00128211 0.00992214 0.0453262 0.122634 0.199161 0.20421 0.15408 0.109114 0.0757308 0.0450349 0.0218575 0.00845242 0.00247479 0.000528452 8.05997e-05 8.58287e-06 6.2225e-07 3.00978e-08 9.58302e-10 1.99145e-11
 1.5279e-11 1.65839e-09 1.06137e-07 4.00531e-06 8.9126e-05 0.00116952 0.00905285 0.0413902 0.112345 0.184624 0.196837 0.162672 0.126552 0.0878541 0.0477192 0.0202979 0.00700995 0.00191953 0.000396827 5.96388e-05 6.30886e-06 4.55703e-07 2.19144e-08 6.87836e-10 1.38728e-11
 1.28989e-11 1.40006e-09 8.96039e-08 3.38143e-06 7.52453e-05 0.000987467 0.00764633 0.0350054 0.0954769 0.159626 0.179483 0.16577 0.1449 0.108298 0.0624546 0.0278073 0.0095275 0.0024238 0.000448415 6.03301e-05 5.85269e-06 3.98252e-07 1.83752e-08 5.58503e-10 1.09414e-11
 1.22415e-11 1.32871e-09 8.50374e-08 3.20911e-06 7.14118e-05 0.0009372 0.00725817 0.0332443 0.0908087 0.152475 0.173221 0.162753 0.145548 0.1134 0.0701727 0.0338486 0.0123266 0.00324323 0.000602468 7.83583e-05 7.06668e-06 4.36016e-07 1.81506e-08 5.02336e-10 9.09029e-12
 1.36663e-11 1.48335e-09 9.49347e-08 3.58261e-06 7.97227e-05 0.00104624 0.00810162 0.0370865 0.101059 0.168044 0.184701 0.161213 0.133101 0.0995795 0.0611773 0.029878 0.0111849 0.00306344 0.00059432 7.98172e-05 7.26271e-06 4.39443e-07 1.74349e-08 4.4881e-10 7.42843e-12
 1.35523e-11 1.47098e-09 9.41432e-08 3.55275e-06 7.906e-05 0.00103762 0.00803663 0.0368159 0.100552 0.168326 0.187983 0.16748 0.137646 0.0983821 0.0561844 0.0254678 0.00904946 0.00241894 0.000467681 6.33518e-05 5.83657e-06 3.56301e-07 1.41215e-08 3.57874e-10 5.73326e-12
 1.40009e-11 1.51967e-09 9.72593e-08 3.67036e-06 8.16779e-05 0.001072 0.00830337 0.038041 0.103892 0.173679 0.192544 0.167975 0.134198 0.0940675 0.0528561 0.0231913 0.00777265 0.00192763 0.000346065 4.4149e-05 3.89989e-06 2.31524e-07 8.99525e-09 2.24018e-10 3.52057e-12
 1.41636e-11 1.53733e-09 9.83901e-08 3.71306e-06 8.26294e-05 0.00108455 0.00840187 0.038509 0.105286 0.176427 0.196164 0.170578 0.133779 0.0909767 0.049312 0.0208094 0.00669631 0.00158578 0.000268672 3.19277e-05 2.60886e-06 1.43495e-07 5.2044e-09 1.22138e-10 1.82396e-12
 1.41789e-11 1.53899e-09 9.84963e-08 3.7171e-06 8.27212e-05 0.00108583 0.00841344 0.0385829 0.105637 0.177577 0.198444 0.172847 0.134164 0.0893917 0.0471437 0.0191762 0.00589094 0.00132278 0.000211478 2.36006e-05 1.80058e-06 9.18914e-08 3.07634e-09 6.64704e-11 9.14422e-13
 1.4368e-11 1.55952e-09 9.98105e-08 3.76672e-06 8.38275e-05 0.00110041 0.00852784 0.0391231 0.107207 0.180449 0.201605 0.174182 0.13266 0.0864358 0.0445315 0.0175896 0.00519982 0.00111366 0.000168435 1.76536e-05 1.25774e-06 5.96901e-08 1.85203e-09 3.69755e-11 4.68709e-13
 1.47763e-11 1.60384e-09 1.02647e-07 3.87381e-06 8.62123e-05 0.00113178 0.00877195 0.0402525 0.110334 0.185618 0.206309 0.175105 0.129301 0.0815011 0.040645 0.0154937 0.00440109 0.000901783 0.000129765 1.28523e-05 8.59379e-07 3.80527e-08 1.09653e-09 2.02618e-11 2.37124e-13
 1.45389e-11 1.57808e-09 1.00999e-07 3.81167e-06 8.48335e-05 0.00111383 0.00863604 0.039669 0.109021 0.184559 0.207593 0.178468 0.131587 0.0811856 0.0390906 0.0142634 0.00386017 0.000751697 0.000102524 9.5901e-06 6.0319e-07 2.50204e-08 6.72703e-10 1.15547e-11 1.25292e-13
 1.45145e-11 1.57543e-09 1.0083e-07 3.80536e-06 8.46968e-05 0.00111216 0.00862567 0.0396499 0.109145 0.185342 0.20929 0.179919 0.13149 0.0799592 0.0377782 0.0133936 0.00347529 0.000641457 8.22902e-05 7.20767e-06 4.23465e-07 1.63826e-08 4.10222e-10 6.55192e-12 6.59478e-14
 1.4439e-11 1.56723e-09 1.00307e-07 3.78568e-06 8.42637e-05 0.00110664 0.00858612 0.0395048 0.108977 0.18584 0.211122 0.181929 0.131767 0.07862 0.0362433 0.0124701 0.00312113 0.000552006 6.73262e-05 5.55897e-06 3.05547e-07 1.09977e-08 2.5534e-10 3.77445e-12 3.51292e-14
 1.317e-11 1.4295e-09 9.14934e-08 3.45326e-06 7.68764e-05 0.00101005 0.0078457 0.036209 0.100686 0.175062 0.206879 0.188338 0.142135 0.0857325 0.0391004 0.013135 0.00317965 0.000540079 6.28901e-05 4.92892e-06 2.55639e-07 8.63274e-09 1.87059e-10 2.5691e-12 2.21377e-14
 1.33679e-11 1.45099e-09 9.28695e-08 3.50527e-06 7.80382e-05 0.00102542 0.00796654 0.0367753 0.102249 0.177421 0.208107 0.18683 0.139547 0.084408 0.0388482 0.0130581 0.00310968 0.000511349 5.69789e-05 4.23932e-06 2.07553e-07 6.58769e-09 1.33686e-10 1.71403e-12 1.37472e-14
 1.34869e-11 1.46392e-09 9.36985e-08 3.53671e-06 7.87457e-05 0.00103495 0.00804478 0.0371773 0.103583 0.180274 0.211695 0.188492 0.13767 0.0807833 0.0360812 0.0118255 0.0027592 0.000444885 4.83629e-05 3.47771e-06 1.62832e-07 4.89713e-09 9.35072e-11 1.12245e-12 8.39912e-15
#pred catch len freq
 1.05286e-11 1.14278e-09 7.31379e-08 2.76e-06 6.14137e-05 0.000805791 0.00623505 0.028472 0.0769998 0.125514 0.133637 0.119901 0.11822 0.109228 0.0819381 0.0564627 0.0394004 0.027439 0.0195131 0.014558 0.0116207 0.0100501 0.00890179 0.00695312 0.00408583
 1.31396e-11 1.42618e-09 9.12753e-08 3.44445e-06 7.66435e-05 0.00100561 0.00778087 0.0355232 0.0959641 0.15558 0.16169 0.135081 0.121985 0.106276 0.0736816 0.0441607 0.0256368 0.0141888 0.00776759 0.00456078 0.00297864 0.00219666 0.00176006 0.00132337 0.000778595
 1.48379e-11 1.61052e-09 1.03073e-07 3.88965e-06 8.65497e-05 0.00113558 0.00878626 0.0401076 0.108271 0.174903 0.178823 0.141786 0.118996 0.0984346 0.063796 0.0338101 0.0168628 0.0078659 0.00337952 0.00143958 0.000664033 0.000361509 0.000235806 0.000160134 9.09276e-05
 1.43527e-11 1.55784e-09 9.97018e-08 3.76244e-06 8.37191e-05 0.00109844 0.00849911 0.0388007 0.104795 0.169714 0.175509 0.144263 0.126789 0.106189 0.0670102 0.0330117 0.0148054 0.00610314 0.00220547 0.000732513 0.000238854 8.33891e-05 3.57616e-05 1.88724e-05 9.64261e-06
 1.52545e-11 1.65572e-09 1.05966e-07 3.99883e-06 8.89791e-05 0.00116745 0.00903282 0.0412318 0.111286 0.179622 0.182926 0.143162 0.117878 0.0963412 0.0616709 0.0317514 0.0148616 0.0061001 0.0020635 0.000600804 0.000158424 3.91014e-05 9.95943e-06 3.10378e-06 1.17425e-06
 1.0948e-11 1.1883e-09 7.60511e-08 2.86994e-06 6.38601e-05 0.000837902 0.006484 0.02962 0.0802577 0.132059 0.146316 0.145166 0.155578 0.140568 0.0895748 0.0434045 0.018931 0.00756161 0.00258196 0.000753896 0.0001886 4.01118e-05 7.4884e-06 1.34726e-06 2.76516e-07
 1.01072e-11 1.09704e-09 7.02102e-08 2.64952e-06 5.89556e-05 0.000773551 0.00598607 0.0273463 0.0741107 0.122055 0.135764 0.136186 0.148675 0.139815 0.0991751 0.0590143 0.0313912 0.0135146 0.00450634 0.00124736 0.000302038 6.28049e-05 1.08893e-05 1.56686e-06 1.96896e-07
 1.53967e-11 1.67116e-09 1.06954e-07 4.03612e-06 8.98087e-05 0.00117833 0.00911686 0.0416119 0.112265 0.180819 0.182359 0.138187 0.10903 0.0893915 0.0617898 0.0373652 0.0209786 0.0100984 0.00399631 0.00129947 0.000337693 6.9526e-05 1.16107e-05 1.58301e-06 1.73357e-07
 1.54733e-11 1.67948e-09 1.07487e-07 4.05621e-06 9.02558e-05 0.0011842 0.00916243 0.0418235 0.112885 0.182215 0.18562 0.145346 0.119393 0.0961663 0.0587998 0.0274994 0.0118088 0.00502144 0.0019977 0.000709432 0.000212444 5.07876e-05 9.35792e-06 1.30864e-06 1.3919e-07
 1.36256e-11 1.47893e-09 9.46512e-08 3.57184e-06 7.94782e-05 0.00104281 0.00806882 0.036841 0.0995676 0.161772 0.169747 0.145764 0.134981 0.115069 0.0717073 0.0337895 0.0140562 0.00524566 0.00164451 0.000458552 0.000123234 3.05448e-05 6.30475e-06 1.00169e-06 1.17079e-07
 1.3266e-11 1.4399e-09 9.21534e-08 3.47759e-06 7.73809e-05 0.00101529 0.00785592 0.0358696 0.0969512 0.157593 0.165705 0.143218 0.133994 0.116027 0.0752128 0.0386207 0.0178246 0.00707144 0.00222701 0.00057418 0.000127914 2.52872e-05 4.54295e-06 7.18214e-07 9.09928e-08
 1.43378e-11 1.55623e-09 9.95984e-08 3.75854e-06 8.36323e-05 0.0010973 0.00849027 0.0387599 0.104679 0.169476 0.175032 0.143309 0.125477 0.105474 0.0677349 0.0346435 0.0161082 0.00660868 0.00222587 0.000621742 0.000144136 2.71111e-05 4.17454e-06 5.42459e-07 6.01426e-08
 1.48701e-11 1.61401e-09 1.03296e-07 3.89808e-06 8.67373e-05 0.00113804 0.00880538 0.0401964 0.10853 0.175484 0.180168 0.144745 0.123388 0.101729 0.0636068 0.0308591 0.0134864 0.00533517 0.00177992 0.00050534 0.000122733 2.45984e-05 3.93953e-06 4.94308e-07 4.84181e-08
 1.38634e-11 1.50473e-09 9.63028e-08 3.63417e-06 8.08651e-05 0.001061 0.00820954 0.0374821 0.10128 0.164393 0.171744 0.145585 0.132788 0.112529 0.0701417 0.0332092 0.0139561 0.00528624 0.00167259 0.000448441 0.000105088 2.10668e-05 3.48656e-06 4.58767e-07 4.6218e-08
 1.22798e-11 1.33286e-09 8.53027e-08 3.21906e-06 7.16285e-05 0.000939821 0.0072723 0.033212 0.0898662 0.146869 0.158117 0.14587 0.145984 0.128433 0.080791 0.0383051 0.0160009 0.00592461 0.00178248 0.000441682 9.48046e-05 1.75941e-05 2.76382e-06 3.57955e-07 3.66911e-08
 1.24904e-11 1.35571e-09 8.67652e-08 3.27425e-06 7.28565e-05 0.000955929 0.00739679 0.0337771 0.0913476 0.148906 0.158541 0.142012 0.138403 0.12244 0.0809684 0.0429845 0.0205141 0.00825799 0.00259358 0.000656488 0.000139412 2.45882e-05 3.57435e-06 4.28269e-07 4.15205e-08
 1.35972e-11 1.47585e-09 9.4454e-08 3.5644e-06 7.93127e-05 0.00104063 0.00805196 0.0367631 0.0993442 0.161306 0.168781 0.143777 0.132149 0.113206 0.0724841 0.0364765 0.0166538 0.00678008 0.00228581 0.000639355 0.000147246 2.7067e-05 3.93982e-06 4.54553e-07 4.12493e-08
 1.39765e-11 1.51701e-09 9.70886e-08 3.66382e-06 8.15248e-05 0.00106966 0.00827648 0.037787 0.102095 0.165638 0.172683 0.145472 0.131704 0.111299 0.0694201 0.0329754 0.013926 0.00529927 0.0016851 0.000454115 0.000106301 2.08963e-05 3.29343e-06 4.01488e-07 3.69924e-08
 1.47876e-11 1.60506e-09 1.02723e-07 3.87646e-06 8.62562e-05 0.00113173 0.00875659 0.0399745 0.107943 0.174629 0.179734 0.145522 0.125263 0.103441 0.0640666 0.0302579 0.0126293 0.004689 0.00142161 0.00035655 7.74902e-05 1.45047e-05 2.2773e-06 2.89548e-07 2.84302e-08
 1.47942e-11 1.60577e-09 1.02769e-07 3.87819e-06 8.62948e-05 0.00113224 0.00876054 0.0399933 0.108004 0.174806 0.180283 0.146877 0.127278 0.104759 0.0634712 0.0283509 0.010928 0.00382021 0.00111327 0.00026751 5.48727e-05 9.54218e-06 1.38572e-06 1.6635e-07 1.60567e-08
 1.48378e-11 1.61051e-09 1.03072e-07 3.88962e-06 8.65491e-05 0.00113557 0.00878634 0.0401106 0.108314 0.175259 0.18052 0.146489 0.126344 0.103975 0.0634153 0.0288131 0.0113404 0.00397047 0.00112319 0.000255243 4.92217e-05 8.09414e-06 1.10749e-06 1.23893e-07 1.11152e-08
 1.55695e-11 1.68992e-09 1.08155e-07 4.08143e-06 9.08169e-05 0.00119157 0.00921941 0.042084 0.113594 0.183407 0.187056 0.147018 0.121259 0.0973138 0.0582523 0.0255634 0.00957074 0.00323129 0.00089843 0.000201075 3.76516e-05 5.88631e-06 7.54057e-07 7.87148e-08 6.59519e-09
 1.58123e-11 1.71627e-09 1.09841e-07 4.14507e-06 9.22331e-05 0.00121014 0.00936313 0.0427391 0.115349 0.186132 0.189328 0.147477 0.120006 0.095402 0.0564423 0.0241062 0.00862565 0.00278618 0.000744062 0.000158869 2.83995e-05 4.28617e-06 5.31101e-07 5.29733e-08 4.17794e-09
 1.55153e-11 1.68404e-09 1.07778e-07 4.06721e-06 9.05007e-05 0.00118742 0.00918734 0.0419383 0.113209 0.182854 0.186813 0.147643 0.122652 0.0984977 0.0583904 0.0249022 0.00886813 0.00283655 0.000742758 0.000153063 2.60641e-05 3.73299e-06 4.39538e-07 4.18756e-08 3.16887e-09
 1.54151e-11 1.67316e-09 1.07082e-07 4.04095e-06 8.99164e-05 0.00117975 0.00912804 0.0416679 0.112484 0.18172 0.185832 0.147335 0.122991 0.0991762 0.0592062 0.0256868 0.00940461 0.00307709 0.000814687 0.000168483 2.85258e-05 4.00029e-06 4.53336e-07 4.10816e-08 2.94847e-09
 1.59597e-11 1.73228e-09 1.10865e-07 4.18372e-06 9.3093e-05 0.00122143 0.00945039 0.0431368 0.116414 0.187784 0.190693 0.147717 0.119186 0.0942004 0.0553571 0.0232743 0.00810186 0.00254359 0.000660506 0.000135429 2.28025e-05 3.18008e-06 3.56904e-07 3.17121e-08 2.20182e-09
 1.57109e-11 1.70526e-09 1.09137e-07 4.11848e-06 9.16414e-05 0.00120238 0.00930311 0.0424662 0.114626 0.185077 0.188775 0.148377 0.122195 0.0973141 0.0567542 0.023195 0.0076542 0.00227263 0.000562724 0.00010924 1.73371e-05 2.31552e-06 2.53894e-07 2.22668e-08 1.52774e-09
 1.59245e-11 1.72845e-09 1.1062e-07 4.17447e-06 9.28873e-05 0.00121873 0.00942953 0.043042 0.116165 0.187432 0.19057 0.148221 0.12024 0.095067 0.0554021 0.0227039 0.00752308 0.00222897 0.000542175 0.000101041 1.50663e-05 1.8773e-06 1.92613e-07 1.59519e-08 1.05098e-09
#obs catch len freq
 1.0873e-11 1.18016e-09 7.55301e-08 2.85027e-06 6.34226e-05 0.000832162 0.00643951 0.0294141 0.0796493 0.130553 0.141907 0.133552 0.137328 0.129071 0.0962582 0.0604864 0.0328811 0.0146101 0.00515453 0.00143461 0.00030739 4.89773e-05 5.61379e-06 4.48704e-07 2.43098e-08
 1.11844e-11 1.21396e-09 7.76934e-08 2.93191e-06 6.52392e-05 0.000856 0.00662406 0.0302584 0.0819444 0.13432 0.145737 0.135749 0.136999 0.126746 0.0933172 0.0576693 0.0305925 0.0131742 0.00447323 0.00118906 0.000241564 3.62442e-05 3.88773e-06 2.89291e-07 1.45315e-08
 1.72306e-11 1.87022e-09 1.19694e-07 4.51687e-06 0.000100506 0.00131869 0.0102027 0.0465652 0.125568 0.201624 0.19982 0.140752 0.0963224 0.0725049 0.0501379 0.0301754 0.0155973 0.00651364 0.00213094 0.000541309 0.000104247 1.47213e-05 1.47709e-06 1.02296e-07 4.7632e-09
 1.441e-11 1.56407e-09 1.00101e-07 3.77749e-06 8.40545e-05 0.00110287 0.00853409 0.0389746 0.105416 0.171611 0.180213 0.151458 0.131408 0.104633 0.062152 0.0280424 0.0109665 0.00388712 0.00117227 0.000281704 5.13631e-05 6.82945e-06 6.41252e-07 4.13399e-08 1.78443e-09
 1.72113e-11 1.86813e-09 1.1956e-07 4.51182e-06 0.000100394 0.00131723 0.0101918 0.0465232 0.125542 0.202139 0.202373 0.146499 0.102998 0.0754892 0.0476633 0.0245737 0.010307 0.00331314 0.000793532 0.000147468 2.20653e-05 2.58313e-06 2.21829e-07 1.32342e-08 5.29098e-10
 1.57607e-11 1.71068e-09 1.09483e-07 4.13156e-06 9.19331e-05 0.00120624 0.00933392 0.0426239 0.115221 0.186938 0.192918 0.152629 0.120499 0.0902232 0.0524246 0.0234829 0.00881405 0.00276778 0.000679816 0.000124499 1.65947e-05 1.59505e-06 1.10658e-07 5.50663e-09 1.91577e-10
 6.56221e-12 7.12266e-10 4.55851e-08 1.72026e-06 3.82802e-05 0.000502385 0.00389148 0.0178527 0.0492487 0.0869184 0.118609 0.1595 0.195351 0.175393 0.110848 0.0533788 0.0206484 0.00618276 0.00137583 0.000228285 2.83811e-05 2.57707e-06 1.64485e-07 7.173e-09 2.10464e-10
 1.52843e-11 1.65897e-09 1.06174e-07 4.00668e-06 8.91542e-05 0.00116977 0.00905119 0.0413212 0.111543 0.179744 0.180162 0.130958 0.096888 0.0860431 0.0745873 0.0517299 0.0256066 0.00868117 0.00203824 0.000339321 4.02954e-05 3.37523e-06 1.96482e-07 7.83098e-09 2.09848e-10
 1.75686e-11 1.9069e-09 1.22042e-07 4.60548e-06 0.000102479 0.00134461 0.0104045 0.0475082 0.128334 0.207329 0.209337 0.152778 0.103983 0.0692618 0.0386324 0.0183486 0.00822061 0.00323484 0.000955436 0.000193025 2.57802e-05 2.26028e-06 1.30293e-07 4.94e-09 1.22682e-10
 1.55403e-11 1.68675e-09 1.07952e-07 4.07379e-06 9.06486e-05 0.00118944 0.00920532 0.0420608 0.113932 0.186101 0.195617 0.159063 0.124893 0.0891135 0.0488947 0.0204482 0.00692115 0.00192889 0.000441502 8.19893e-05 1.15606e-05 1.132e-06 7.2425e-08 2.9416e-09 7.50107e-11
 1.42923e-11 1.5513e-09 9.9283e-08 3.74666e-06 8.33699e-05 0.00109396 0.00846747 0.0387078 0.105039 0.172724 0.18558 0.158703 0.132253 0.0992817 0.0584664 0.0268237 0.00961618 0.0025757 0.000500527 7.16187e-05 7.74558e-06 6.31535e-07 3.72973e-08 1.50815e-09 3.97469e-11
 1.39262e-11 1.51156e-09 9.67398e-08 3.65069e-06 8.1235e-05 0.00106597 0.00825149 0.0377311 0.102487 0.169032 0.183039 0.158531 0.133336 0.101145 0.0611839 0.0293017 0.011007 0.00308544 0.00062148 8.85745e-05 8.83329e-06 6.10248e-07 2.90855e-08 9.54299e-10 2.13364e-11
 1.65572e-11 1.79713e-09 1.15016e-07 4.34038e-06 9.65812e-05 0.0012673 0.00980814 0.0448153 0.121341 0.197527 0.203878 0.155793 0.111291 0.0768163 0.0450572 0.0214277 0.00805503 0.00227819 0.000467426 6.81212e-05 6.8951e-06 4.73053e-07 2.15705e-08 6.45164e-10 1.25511e-11
 1.51293e-11 1.64215e-09 1.05098e-07 3.9661e-06 8.82543e-05 0.00115811 0.00896541 0.0410036 0.111412 0.183656 0.197292 0.164778 0.128294 0.0879968 0.0470187 0.0196028 0.00658781 0.00174244 0.000345775 4.95862e-05 4.97774e-06 3.39626e-07 1.53679e-08 4.52417e-10 8.53517e-12
 1.28021e-11 1.38955e-09 8.89313e-08 3.35605e-06 7.46817e-05 0.000980114 0.00759049 0.034766 0.0949598 0.159392 0.180722 0.168241 0.146399 0.10784 0.0610629 0.0265488 0.0088186 0.00216322 0.000384157 4.93341e-05 4.53971e-06 2.91415e-07 1.26306e-08 3.59444e-10 6.57602e-12
 1.22014e-11 1.32435e-09 8.47585e-08 3.1986e-06 7.11789e-05 0.000934191 0.00723601 0.0331591 0.0907062 0.152876 0.174936 0.165247 0.146828 0.1127 0.0684009 0.03214 0.0113188 0.00286475 0.000509526 6.31313e-05 5.39645e-06 3.14117e-07 1.22824e-08 3.18039e-10 5.36745e-12
 1.36757e-11 1.48437e-09 9.49999e-08 3.58508e-06 7.97788e-05 0.00104702 0.00810873 0.0371337 0.101299 0.168909 0.186591 0.163354 0.133848 0.0985748 0.059362 0.0282261 0.0102103 0.0026858 0.000497699 6.35125e-05 5.4662e-06 3.11604e-07 1.16064e-08 2.79579e-10 4.31736e-12
 1.36049e-11 1.47669e-09 9.45086e-08 3.56657e-06 7.93686e-05 0.00104172 0.00806966 0.0369835 0.101128 0.169747 0.190341 0.169548 0.137734 0.0966583 0.0540605 0.0238647 0.0081951 0.00210263 0.000387814 4.98281e-05 4.33303e-06 2.48693e-07 9.23745e-09 2.18812e-10 3.26904e-12
 1.40888e-11 1.52921e-09 9.78703e-08 3.69344e-06 8.2193e-05 0.00107882 0.00835746 0.038305 0.104725 0.175474 0.195114 0.169888 0.133932 0.092024 0.0505299 0.0215411 0.00696669 0.00165752 0.000283825 3.43252e-05 2.85849e-06 1.59281e-07 5.78898e-09 1.34513e-10 1.96834e-12
 1.42851e-11 1.55052e-09 9.92345e-08 3.74495e-06 8.33409e-05 0.00109395 0.0084761 0.038866 0.106373 0.178612 0.198986 0.172329 0.133058 0.0885464 0.046844 0.0191855 0.00594943 0.00134948 0.000217773 2.45123e-05 1.88732e-06 9.73768e-08 3.3006e-09 7.21741e-11 1.002e-12
 1.43293e-11 1.55532e-09 9.95418e-08 3.75658e-06 8.3602e-05 0.00109746 0.00850509 0.0390209 0.106946 0.180105 0.201492 0.174475 0.133073 0.0866284 0.0445241 0.0175524 0.00518999 0.00111502 0.000169607 1.79093e-05 1.28633e-06 6.15407e-08 1.9246e-09 3.87324e-11 4.95087e-13
 1.4543e-11 1.57851e-09 1.01026e-07 3.81265e-06 8.48518e-05 0.00111394 0.00863429 0.0396295 0.108701 0.18325 0.204797 0.175652 0.131253 0.0834366 0.0418313 0.0159907 0.00454399 0.000930011 0.000133686 1.32453e-05 8.87703e-07 3.94671e-08 1.1433e-09 2.12511e-11 2.50228e-13
 1.497e-11 1.62486e-09 1.03993e-07 3.92464e-06 8.73462e-05 0.00114675 0.0088897 0.0408111 0.111967 0.188605 0.209544 0.176357 0.127597 0.0783533 0.0379721 0.013991 0.00381577 0.000746254 0.000101942 9.53491e-06 5.99271e-07 2.48435e-08 6.68058e-10 1.14885e-11 1.2485e-13
 1.47556e-11 1.6016e-09 1.02505e-07 3.86855e-06 8.61026e-05 0.00113059 0.00876796 0.0402946 0.110843 0.187848 0.211026 0.17958 0.12951 0.0777448 0.0363358 0.0128018 0.00332304 0.000616973 7.97987e-05 7.04219e-06 4.15973e-07 1.61429e-08 4.04798e-10 6.46827e-12 6.51113e-14
 1.47492e-11 1.60091e-09 1.02462e-07 3.86699e-06 8.6072e-05 0.00113034 0.0087687 0.0403278 0.111111 0.188846 0.212836 0.180914 0.129178 0.0763346 0.0349544 0.0119478 0.00296998 0.000522186 6.34761e-05 5.24133e-06 2.88978e-07 1.04519e-08 2.43938e-10 3.62254e-12 3.38346e-14
 1.46872e-11 1.59419e-09 1.02032e-07 3.85089e-06 8.57194e-05 0.00112589 0.00873777 0.0402241 0.11106 0.189523 0.214756 0.182793 0.129221 0.0748475 0.033402 0.0110668 0.0026504 0.000445995 5.14907e-05 4.00485e-06 2.06457e-07 6.94435e-09 1.50218e-10 2.06376e-12 1.78159e-14
 1.34421e-11 1.45905e-09 9.33855e-08 3.52477e-06 7.8474e-05 0.00103121 0.00801286 0.0370057 0.103008 0.17919 0.210948 0.189264 0.139228 0.0814887 0.0359509 0.0116175 0.00268805 0.000433951 4.77835e-05 3.5245e-06 1.71322e-07 5.40349e-09 1.09049e-10 1.39166e-12 1.11213e-14
 1.36511e-11 1.48174e-09 9.48392e-08 3.57973e-06 7.9702e-05 0.00104746 0.00814066 0.037604 0.104654 0.181652 0.212218 0.187755 0.136633 0.0800832 0.0355824 0.0114838 0.00261056 0.000407624 4.29164e-05 3.00285e-06 1.3769e-07 4.07926e-09 7.70602e-11 9.17693e-13 6.82411e-15
#spawning biomass
 4186.1 5059.74 7692.98 12240.2 22046.3 28372.6 26005.6 30288.1 50865 71559.2 88130.5 107409 144420 181191 158393 149674 132117 123727 130519 132184 142890 142360 152016 166211 179794 170975 155797 134129 106040 120289 58786.2 27063.1 17837.8 15586.1 15079.4 14971.1 14948.8 14944.3 14943.4 14943.3 14943.2 14943.2 14943.2 14943.2 14943.2 14943.2 14943.2 14943.2 14943.2 14943.2 14943.2 14943.2 14943.2 14943.2 14943.2 14943.2 14943.2 14943.2 14943.2 14943.2 14943.2 14943.2 14943.2 14943.2 14943.2 14943.2 14943.2 14943.2 14943.2 14943.2 14943.2 14943.2 14943.2 14943.2 14943.2 14943.2 14943.2 14943.2 14943.2 14943.2 14943.2 14943.2 14943.2 14943.2 14943.2 14943.2 14943.2 14943.2 14943.2 14943.2 14943.2 14943.2 14943.2 14943.2 14943.2 14943.2 14943.2 14943.2 14943.2 14943.2 14943.2 14943.2 14943.2 14943.2 14943.2 14943.2 14943.2 14943.2 14943.2 14943.2 14943.2 14943.2 14943.2 14943.2 14943.2 14943.2 14943.2 14943.2 14943.2 14943.2 14943.2 14943.2 14943.2 14943.2 14943.2 14943.2 14943.2 14943.2 0 0 0 0 0 0 0 0 0 0 0 0 0 0 0 0 0 0 0 0 0 0 0 0 0
