SBPRF35
0.245208
Curr Bio
169673
B35
225041
F35
0.85035
FOFL
0.613344
OFL
27405.1
Bzero
70059.4
#pred survey bio
 12911.7 14155.6 15551.5 16901.2 20006 24785.5 28593.6 34755.3 45609.1 62614.9 78707.6 95681.7 130898 150547 134894 115646 108157 115327 106002 105910 112454 118495 127740 130111 137854 143521 142661 132919 4.52568e+06 3.4069e+06 2.58326e+06 1.57567e+06 1.02918e+06 777651 661140 603025 571174 552257 540408 532764 527760 524463 522271 520801 519850 519232 518831 518569 518399 518287 518215 518167 518136 518116 518103 518094 518088 518085 518082 518081 518080 518079 518079 518078 518078 518078 518078 518078 518078 518078 518078 518078 518078 518078 518078 518078 518078 518078 518078 518078 518078 518078 518078 518078 518078 518078 518078 518078 518078 518078 518078 518078 518078 518078 518078 518078 518078 518078 518078 518078 518078 518078 518078 518078 518078 518078 518078 518078 518078 518078 518078 518078 518078 518078 518078 518078 518078 518078 518078 518078 518078 518078 518078 518078 518078 518078 518078 518078 0 0 0 0 0 0 0 0 0 0 0 0 0 0 0 0 0 0 0 0 0 0 0 0 0
#obs survey bio
 10426.1 13143.9 11394.9 13053.1 21480 17787.4 28945.8 28331.3 50014 51633.5 64036.2 74986.4 118635 99404 74260.7 92448.1 95835.5 105903 74993.4 96116.8 108097 80973.6 117393 160144 113375 143684 99852.3 85535.7
#pred catch bio
 5629.41 6732.74 7954.84 8878.99 10124.5 13512.3 16383.2 20852.7 25875.2 36110.6 50059.9 57768.1 83544.7 104971 96448.8 84877.9 73631.7 86761.3 78114.7 76895.8 83747.9 88140.7 98165.7 98831.5 104820 111432 113873 104866 27405.1 63480 50372.5 26364.3 14632.1 10213.5 8700.16 8209.37 8056.03 8009.38 7995.47 7991.39 7990.2 7989.86 7989.76 7989.73 7989.73 7989.72 7989.72 7989.72 7989.72 7989.72 7989.72 7989.72 7989.72 7989.72 7989.72 7989.72 7989.72 7989.72 7989.72 7989.72 7989.72 7989.72 7989.72 7989.72 7989.72 7989.72 7989.72 7989.72 7989.72 7989.72 7989.72 7989.72 7989.72 7989.72 7989.72 7989.72 7989.72 7989.72 7989.72 7989.72 7989.72 7989.72 7989.72 7989.72 7989.72 7989.72 7989.72 7989.72 7989.72 7989.72 7989.72 7989.72 7989.72 7989.72 7989.72 7989.72 7989.72 7989.72 7989.72 7989.72 7989.72 7989.72 7989.72 7989.72 7989.72 7989.72 7989.72 7989.72 7989.72 7989.72 7989.72 7989.72 7989.72 7989.72 7989.72 7989.72 7989.72 7989.72 7989.72 7989.72 7989.72 7989.72 7989.72 7989.72 7989.72 7989.72 7989.72 7989.72 0 0 0 0 0 0 0 0 0 0 0 0 0 0 0 0 0 0 0 0 0 0 0 0 0
#obs catch bio
 7609.93 6793.1 8057.93 9025.51 10177.9 13617.9 16470.4 20858.2 25365.4 35297.3 49401.9 56986.9 78701.5 103161 97372.1 84825.1 71861.3 84230.1 76746.6 73999 80192.2 85804 94303.4 92110.9 98968.7 103302 111781 103268
#pred cpue bio
 8619.06 9191.85 9809.46 10388.1 11588 14456 16656.6 19029.8 23537 33070.9 43035.9 49419.1 66648 81245.7 76476.9 64498.7 56230.6 61282.9 55018.8 54135.1 56747.4 58797.9 63016.7 64062.6 67337.6 70846.3 70314.3 65705.1 2.21435e+06 2.61409e+06 2.40786e+06 1.45793e+06 907725 654712 537900 479728 447865 428946 417096 409452 404448 401151 398960 397489 396538 395921 395519 395257 395087 394976 394903 394856 394825 394804 394791 394782 394777 394773 394771 394769 394768 394767 394767 394767 394766 394766 394766 394766 394766 394766 394766 394766 394766 394766 394766 394766 394766 394766 394766 394766 394766 394766 394766 394766 394766 394766 394766 394766 394766 394766 394766 394766 394766 394766 394766 394766 394766 394766 394766 394766 394766 394766 394766 394766 394766 394766 394766 394766 394766 394766 394766 394766 394766 394766 394766 394766 394766 394766 394766 394766 394766 394766 394766 394766 394766 394766 394766 394766 0 0 0 0 0 0 0 0 0 0 0 0 0 0 0 0 0 0 0 0 0 0 0 0 0
#obs cpue bio
 6929.15 7682.93 9147.76 11661.6 10818 16522.9 18602.4 25079 33456.3 53551 62281.1 88699.2 233185 101925 102358 107322 90495.5 118722 90525 130397 116224 115955 150468 190943 176135 233200 100341 150819
#pred surv len freq
 2.56483e-27 2.59273e-27 3.68561e-26 7.23511e-20 1.7736e-14 5.25549e-10 1.88243e-06 0.00081502 0.0426552 0.269849 0.206689 0.0401035 0.160037 0.147735 0.0334552 0.0394213 0.0167425 0.0126284 0.0076961 0.00579179 0.00448448 0.00382002 0.00376892 0.0033028 0.00100373
 2.56486e-27 2.593e-27 3.7202e-26 7.30812e-20 1.7915e-14 5.30853e-10 1.90142e-06 0.000823244 0.0430856 0.272572 0.208752 0.0390705 0.150729 0.139727 0.0427554 0.0624782 0.0211019 0.00863119 0.00383711 0.00217245 0.00137269 0.00100099 0.000873106 0.000762646 0.000253583
 2.56532e-27 2.59419e-27 3.81718e-26 7.51267e-20 1.84164e-14 5.45711e-10 1.95464e-06 0.000846286 0.0442916 0.280201 0.214586 0.0396219 0.150826 0.139605 0.0389114 0.0538564 0.0202491 0.0112524 0.00356152 0.0010935 0.0004573 0.000254074 0.000183144 0.000149723 5.14506e-05
 2.56566e-27 2.59501e-27 3.87958e-26 7.64427e-20 1.8739e-14 5.5527e-10 1.98888e-06 0.000861111 0.0450674 0.285109 0.218344 0.0402639 0.153071 0.141546 0.0368974 0.0486859 0.01732 0.00836664 0.00306497 0.00103201 0.00022843 7.03777e-05 3.57975e-05 2.508e-05 8.51136e-06
 2.56724e-27 2.59919e-27 4.24037e-26 8.40535e-20 2.06047e-14 6.10554e-10 2.1869e-06 0.000946846 0.0495545 0.313495 0.240014 0.0399277 0.135289 0.12501 0.0317147 0.0409714 0.0141022 0.00608666 0.00203511 0.000646168 0.00016315 2.97097e-05 7.07655e-06 3.52745e-06 1.11856e-06
 2.56647e-27 2.597e-27 4.03788e-26 7.97813e-20 1.95574e-14 5.79522e-10 2.07575e-06 0.00089872 0.0470358 0.297561 0.227868 0.0412486 0.153874 0.142009 0.0319912 0.037303 0.0126901 0.00525694 0.00166231 0.000467773 0.000107158 2.00782e-05 2.64316e-06 5.8647e-07 1.54032e-07
 2.5666e-27 2.59739e-27 4.07397e-26 8.05429e-20 1.97441e-14 5.85053e-10 2.09556e-06 0.000907299 0.0474847 0.300402 0.230031 0.0409031 0.149725 0.138265 0.0328797 0.0402361 0.0130264 0.00437357 0.00132697 0.000351751 7.19915e-05 1.20316e-05 1.43251e-06 1.35258e-07 2.02148e-08
 2.56812e-27 2.60143e-27 4.42443e-26 8.79357e-20 2.15564e-14 6.38754e-10 2.28791e-06 0.000990578 0.0518433 0.327975 0.251079 0.0404838 0.131746 0.121531 0.0273252 0.0317744 0.010367 0.00360165 0.00100952 0.000221415 4.21018e-05 6.30352e-06 6.57514e-07 4.4143e-08 2.63738e-09
 2.56894e-27 2.60355e-27 4.59916e-26 9.16214e-20 2.24599e-14 6.65526e-10 2.3838e-06 0.0010321 0.0540162 0.341721 0.261584 0.041018 0.128431 0.118242 0.0225872 0.0217655 0.00686068 0.00203185 0.000563068 0.000121985 1.97638e-05 2.56617e-06 2.36903e-07 1.32695e-08 4.26355e-10
 2.56828e-27 2.60173e-27 4.43729e-26 8.82066e-20 2.16228e-14 6.40722e-10 2.29496e-06 0.000993629 0.052003 0.328985 0.251868 0.0415787 0.139524 0.128474 0.0243184 0.023121 0.00700844 0.00161895 0.000412175 7.84339e-05 1.24272e-05 1.44067e-06 1.11352e-07 5.36905e-09 1.29734e-10
 2.56754e-27 2.59977e-27 4.26732e-26 8.46211e-20 2.07438e-14 6.14677e-10 2.20167e-06 0.000953239 0.0498891 0.315612 0.24166 0.0417545 0.148034 0.136408 0.0271946 0.0276828 0.00838017 0.0018983 0.000451842 6.83174e-05 9.41139e-06 1.00287e-06 6.98818e-08 2.80097e-09 5.62108e-11
 2.56893e-27 2.60353e-27 4.59774e-26 9.15914e-20 2.24525e-14 6.65309e-10 2.38302e-06 0.00103176 0.0539985 0.341609 0.261498 0.0409519 0.127989 0.117865 0.0230822 0.0229724 0.00696398 0.00159692 0.000377864 5.43369e-05 6.37673e-06 5.48459e-07 3.37324e-08 1.20016e-09 2.00021e-11
 2.56902e-27 2.60371e-27 4.60902e-26 9.18294e-20 2.25109e-14 6.67037e-10 2.38921e-06 0.00103444 0.0541388 0.342497 0.262181 0.0413202 0.130311 0.119912 0.0217193 0.0193474 0.00584612 0.00132461 0.00031395 4.56964e-05 5.23459e-06 3.97731e-07 1.94436e-08 5.87884e-10 8.53952e-12
 2.56735e-27 2.59914e-27 4.20144e-26 8.32309e-20 2.04031e-14 6.04579e-10 2.1655e-06 0.000937579 0.0490695 0.310427 0.237717 0.042792 0.158699 0.146058 0.0254218 0.0211987 0.00623717 0.00114041 0.000257896 3.66685e-05 4.20518e-06 3.16328e-07 1.39215e-08 3.37004e-10 4.05438e-12
 2.5661e-27 2.5958e-27 3.91024e-26 7.70881e-20 1.88972e-14 5.59958e-10 2.00568e-06 0.000868381 0.0454479 0.287516 0.22023 0.0432754 0.174664 0.160891 0.0298852 0.0276339 0.00802614 0.00126242 0.000263512 3.05536e-05 3.27552e-06 2.42421e-07 1.05625e-08 2.32816e-10 2.27101e-12
 2.56693e-27 2.5981e-27 4.11951e-26 8.1503e-20 1.99795e-14 5.92027e-10 2.12054e-06 0.000918114 0.0480508 0.303983 0.232786 0.042191 0.15759 0.14524 0.0290143 0.0295935 0.00871319 0.00155473 0.000326729 3.28501e-05 3.01723e-06 1.89436e-07 7.91958e-09 1.7155e-10 1.53469e-12
 2.56844e-27 2.60211e-27 4.46645e-26 8.88216e-20 2.17735e-14 6.45189e-10 2.31096e-06 0.00100056 0.0523655 0.331279 0.253624 0.0418447 0.140315 0.129127 0.0230502 0.0200548 0.00593249 0.00113058 0.000245223 2.70623e-05 2.39892e-06 1.26389e-07 4.38714e-09 8.73075e-11 7.59361e-13
 2.56774e-27 2.6002e-27 4.29537e-26 8.52125e-20 2.08888e-14 6.18973e-10 2.21706e-06 0.000959901 0.0502378 0.317818 0.243356 0.0425449 0.152857 0.14066 0.0243596 0.0201318 0.00586554 0.000972777 0.000207333 2.46379e-05 2.33372e-06 1.28766e-07 3.9153e-09 6.38961e-11 4.94557e-13
 2.56819e-27 2.60138e-27 4.39634e-26 8.73423e-20 2.14109e-14 6.34443e-10 2.27247e-06 0.000983893 0.0514934 0.325761 0.249421 0.0424877 0.148161 0.136271 0.0225654 0.0171412 0.00490242 0.000665042 0.000130364 1.3373e-05 1.25193e-06 7.45263e-08 2.40408e-09 3.62782e-11 2.32017e-13
 2.56855e-27 2.60236e-27 4.48323e-26 8.91755e-20 2.18603e-14 6.47759e-10 2.32017e-06 0.00100454 0.0525742 0.332599 0.254638 0.0422434 0.142636 0.131169 0.0215991 0.0162208 0.00461363 0.000581784 0.000108411 9.3049e-06 7.58237e-07 4.06718e-08 1.37076e-09 2.20626e-11 1.35408e-13
 2.56883e-27 2.60311e-27 4.54912e-26 9.05654e-20 2.2201e-14 6.57856e-10 2.35633e-06 0.0010202 0.0533936 0.337783 0.258594 0.0420858 0.138657 0.127487 0.0207585 0.0152318 0.0043306 0.000546141 0.000100938 8.10503e-06 5.95076e-07 2.63456e-08 7.75463e-10 1.23823e-11 8.05346e-14
 2.56909e-27 2.60379e-27 4.60729e-26 9.17924e-20 2.25018e-14 6.66768e-10 2.38825e-06 0.00103402 0.054117 0.342359 0.262088 0.0421046 0.136345 0.125306 0.0195197 0.0129564 0.0036572 0.000426971 7.66147e-05 6.07701e-06 4.32556e-07 1.7368e-08 4.30208e-10 5.79947e-12 3.59565e-14
 2.56918e-27 2.60404e-27 4.62807e-26 9.22309e-20 2.26093e-14 6.69954e-10 2.39966e-06 0.00103896 0.0543755 0.343994 0.263337 0.042098 0.135418 0.124438 0.0191331 0.0122927 0.00344475 0.000361433 6.15083e-05 4.5521e-06 3.1141e-07 1.2203e-08 2.80761e-10 3.23274e-12 1.67409e-14
 2.56911e-27 2.60384e-27 4.60853e-26 9.18185e-20 2.25082e-14 6.66958e-10 2.38893e-06 0.00103432 0.0541324 0.342456 0.262166 0.0423285 0.137995 0.126774 0.0187946 0.0109329 0.00304154 0.000291392 4.69198e-05 3.1247e-06 1.96009e-07 7.14138e-09 1.58429e-10 1.71794e-12 7.75287e-15
 2.56935e-27 2.60448e-27 4.66679e-26 9.30476e-20 2.28095e-14 6.75886e-10 2.42091e-06 0.00104816 0.054857 0.347041 0.265663 0.0420517 0.133432 0.122589 0.0185086 0.0113331 0.0031462 0.000282636 4.36293e-05 2.69413e-06 1.55213e-07 5.02699e-09 1.02096e-10 1.04439e-12 4.46168e-15
 2.56905e-27 2.60368e-27 4.59434e-26 9.15191e-20 2.24348e-14 6.64783e-10 2.38114e-06 0.00103094 0.0539559 0.34134 0.261314 0.0423745 0.138943 0.127649 0.0189415 0.0110472 0.00306877 0.000285315 4.46482e-05 2.6059e-06 1.40513e-07 4.13962e-09 7.52366e-11 6.87808e-13 2.72975e-15
 2.56909e-27 2.60376e-27 4.60187e-26 9.16779e-20 2.24737e-14 6.65937e-10 2.38528e-06 0.00103273 0.0540495 0.341932 0.261767 0.0423535 0.138465 0.127208 0.0188636 0.0109801 0.00303963 0.00026395 3.98242e-05 2.37567e-06 1.28307e-07 3.52569e-09 5.87463e-11 4.7874e-13 1.68737e-15
 2.56893e-27 2.60331e-27 4.56039e-26 9.08029e-20 2.22592e-14 6.59581e-10 2.36251e-06 0.00102288 0.0535336 0.338668 0.259279 0.0426298 0.142316 0.130724 0.0188181 0.00999186 0.00275292 0.000226506 3.2841e-05 1.83247e-06 9.43302e-08 2.62797e-09 4.23686e-11 3.16497e-13 1.00016e-15
#obs surv len freq
 1.24698e-41 1.73073e-33 2.90366e-26 5.88856e-20 1.44351e-14 4.27739e-10 1.53209e-06 0.000663342 0.0347167 0.219628 0.168438 0.0417023 0.170172 0.142491 0.0894135 0.0846884 0.033361 0.0120228 0.00242056 0.000268059 1.20931e-05 1.63577e-07 5.01492e-10 2.83925e-13 2.59497e-17
 1.55847e-41 2.16305e-33 3.62897e-26 7.35948e-20 1.80409e-14 5.34585e-10 1.9148e-06 0.000829041 0.0433887 0.27449 0.210364 0.0426297 0.141985 0.113166 0.0742303 0.0648003 0.0245239 0.00801525 0.00143465 0.000135729 4.98338e-06 5.20312e-08 1.18345e-10 4.85135e-14 3.16475e-18
 1.29204e-41 1.79327e-33 3.00857e-26 6.10133e-20 1.49567e-14 4.43194e-10 1.58745e-06 0.000687311 0.0359711 0.227565 0.174774 0.0517267 0.203901 0.149903 0.0732909 0.0554353 0.0199135 0.00584082 0.000915707 7.23869e-05 2.12678e-06 1.70407e-08 2.87371e-11 8.53407e-15 3.97779e-19
 1.55934e-41 2.16426e-33 3.631e-26 7.36359e-20 1.8051e-14 5.34883e-10 1.91586e-06 0.000829503 0.0434129 0.274644 0.210654 0.0473572 0.149508 0.109421 0.0847338 0.0595762 0.0156278 0.00370013 0.000500005 3.25105e-05 7.49791e-07 4.54926e-09 5.66245e-12 1.21851e-15 4.0643e-20
 1.53772e-41 2.13425e-33 3.58064e-26 7.26147e-20 1.78006e-14 5.27465e-10 1.8893e-06 0.000817999 0.0428108 0.270836 0.20799 0.0553573 0.180257 0.118876 0.0639111 0.0417151 0.0142092 0.00292548 0.000278244 1.40229e-05 2.49626e-07 1.13035e-09 1.02779e-12 1.5953e-16 3.80555e-21
 1.34989e-41 1.87356e-33 3.14328e-26 6.37451e-20 1.56264e-14 4.63038e-10 1.65853e-06 0.000718084 0.0375817 0.237756 0.182974 0.0611496 0.205029 0.130924 0.0836155 0.0467737 0.0111105 0.00215917 0.000200881 7.20253e-06 9.02244e-08 2.97573e-10 1.95447e-13 2.16989e-17 3.68226e-22
 1.564e-41 2.17073e-33 3.64185e-26 7.3856e-20 1.81049e-14 5.36482e-10 1.92159e-06 0.000831983 0.0435427 0.275467 0.211743 0.0581002 0.165682 0.105043 0.0832355 0.0440089 0.0106346 0.00159372 0.000112844 3.52011e-06 3.21492e-08 7.15026e-11 3.26133e-14 2.55396e-18 3.05985e-23
 1.72857e-41 2.39915e-33 4.02506e-26 8.16275e-20 2.001e-14 5.92933e-10 2.12379e-06 0.000919528 0.0481244 0.304453 0.234079 0.0627673 0.163347 0.0928596 0.0569529 0.0279825 0.00740589 0.00104478 6.03263e-05 1.35967e-06 9.5505e-09 1.54983e-11 4.7771e-15 2.51798e-19 2.07284e-24
 1.65683e-41 2.29956e-33 3.858e-26 7.82394e-20 1.91795e-14 5.68323e-10 2.03564e-06 0.000881361 0.0461269 0.291819 0.224836 0.07125 0.184748 0.0979733 0.0550773 0.0222925 0.00440035 0.00056284 3.05957e-05 5.51992e-07 2.7539e-09 3.18998e-12 7.06481e-16 2.58136e-20 1.43348e-25
 1.53395e-41 2.12902e-33 3.57188e-26 7.2437e-20 1.77571e-14 5.26174e-10 1.88467e-06 0.000815998 0.0427061 0.27018 0.208753 0.0785234 0.199718 0.10472 0.0665362 0.0237971 0.00386777 0.000364581 1.51953e-05 2.33652e-07 9.20722e-10 7.6005e-13 1.16337e-16 2.97011e-21 1.15619e-26
 1.46405e-41 2.032e-33 3.4091e-26 6.9136e-20 1.69479e-14 5.02196e-10 1.79879e-06 0.000778812 0.0407599 0.257871 0.199794 0.084269 0.204165 0.107568 0.075264 0.0251638 0.00404402 0.000311606 9.23201e-06 1.00064e-07 3.01414e-10 1.91316e-13 2.12867e-17 3.78014e-22 1.01095e-27
 1.88559e-41 2.61708e-33 4.39069e-26 8.90424e-20 2.18277e-14 6.46794e-10 2.31671e-06 0.00100306 0.052496 0.332115 0.256097 0.0729526 0.140582 0.0734686 0.0522599 0.0162761 0.00256538 0.000177976 4.36452e-06 3.34046e-08 6.74246e-11 3.00771e-14 2.4539e-18 3.19211e-23 6.10329e-29
 1.56837e-41 2.1768e-33 3.65203e-26 7.40624e-20 1.81555e-14 5.37981e-10 1.92696e-06 0.000834308 0.0436644 0.276255 0.215149 0.102361 0.214061 0.0903376 0.043084 0.0122547 0.00187548 0.000118961 2.59145e-06 1.60274e-08 2.32999e-11 6.94303e-15 3.78427e-19 3.40439e-24 4.62975e-30
 1.27247e-41 1.7661e-33 2.96301e-26 6.00892e-20 1.47302e-14 4.36481e-10 1.56341e-06 0.0006769 0.0354263 0.224148 0.17645 0.113691 0.233334 0.119385 0.0780265 0.017025 0.00174049 9.35489e-05 1.79772e-06 9.3744e-09 1.08212e-11 2.37654e-15 8.94696e-20 5.37564e-25 4.87927e-31
 1.1486e-41 1.59418e-33 2.67457e-26 5.42397e-20 1.32962e-14 3.93991e-10 1.41121e-06 0.000611007 0.0319777 0.20234 0.160563 0.117427 0.227314 0.135153 0.0978829 0.0238435 0.00277825 0.000106946 1.42791e-06 5.9369e-09 5.52371e-12 9.46085e-16 2.66969e-20 1.1545e-25 7.2849e-32
 1.55681e-41 2.16074e-33 3.6251e-26 7.35163e-20 1.80216e-14 5.34014e-10 1.91275e-06 0.000828156 0.0433424 0.274234 0.214769 0.100767 0.16548 0.104464 0.0742534 0.019304 0.00245588 9.96378e-05 1.14865e-06 3.26796e-09 2.14761e-12 2.77553e-16 5.96607e-21 1.93745e-26 9.00579e-33
 1.40685e-41 1.95261e-33 3.27591e-26 6.64348e-20 1.62857e-14 4.82575e-10 1.72851e-06 0.000748383 0.0391675 0.247852 0.197642 0.135891 0.215096 0.0972377 0.05167 0.0130017 0.0016243 6.74871e-05 7.77111e-07 1.96805e-09 9.65088e-13 8.50394e-17 1.27056e-21 2.98145e-27 1.01944e-33
 1.46182e-41 2.0289e-33 3.40391e-26 6.90305e-20 1.6922e-14 5.0143e-10 1.79604e-06 0.000777624 0.0406979 0.257543 0.205373 0.129939 0.189967 0.107766 0.0571414 0.00983973 0.000917567 3.46663e-05 3.74767e-07 8.81947e-10 3.79798e-13 2.68027e-17 2.91583e-22 4.71585e-28 1.10405e-34
 1.44352e-41 2.00352e-33 3.36131e-26 6.81668e-20 1.67103e-14 4.95156e-10 1.77357e-06 0.000767894 0.0401886 0.254352 0.205041 0.144565 0.19578 0.100981 0.0486751 0.00893097 0.000699848 1.78294e-05 1.48695e-07 2.9846e-10 1.10796e-13 6.61873e-18 5.88185e-23 7.41085e-29 1.28537e-35
 1.5567e-41 2.1606e-33 3.62486e-26 7.35114e-20 1.80205e-14 5.33979e-10 1.91263e-06 0.000828101 0.0433397 0.274305 0.220966 0.141366 0.175093 0.0951899 0.0418009 0.00662911 0.000471022 1.05508e-05 6.30824e-08 8.81867e-11 2.49009e-14 1.18786e-18 8.50365e-24 8.57097e-30 1.17218e-36
 1.5092e-41 2.09467e-33 3.51425e-26 7.12683e-20 1.74706e-14 5.17685e-10 1.85426e-06 0.000802832 0.0420173 0.265992 0.217797 0.160573 0.184577 0.0889425 0.0340476 0.00494677 0.000295967 5.45584e-06 2.68099e-08 2.80912e-11 5.47233e-15 1.81739e-19 9.49165e-25 7.22331e-31 7.57148e-38
 1.55213e-41 2.15426e-33 3.61422e-26 7.32956e-20 1.79676e-14 5.32411e-10 1.90701e-06 0.00082567 0.0432126 0.273593 0.225019 0.160337 0.172556 0.0896385 0.0308918 0.00373617 0.000186282 2.82602e-06 1.09235e-08 8.87811e-12 1.30708e-15 3.11729e-20 1.12546e-25 5.89681e-32 4.33645e-39
 1.55659e-41 2.16045e-33 3.6246e-26 7.35061e-20 1.80192e-14 5.33941e-10 1.91249e-06 0.000828042 0.043337 0.274448 0.228636 0.170849 0.170194 0.0827617 0.0258768 0.00294401 0.000122097 1.44445e-06 4.32483e-09 2.67633e-12 2.9492e-16 5.22091e-21 1.38167e-26 5.19545e-33 2.68228e-40
 1.59277e-41 2.21066e-33 3.70884e-26 7.52145e-20 1.8438e-14 5.4635e-10 1.95694e-06 0.000847287 0.0443443 0.280892 0.235936 0.174293 0.162199 0.0778934 0.0214198 0.00209731 7.45243e-05 7.27294e-07 1.66382e-09 7.62664e-13 6.19541e-17 8.04165e-22 1.55115e-27 4.23598e-34 1.58303e-41
 1.59028e-41 2.20721e-33 3.70305e-26 7.50971e-20 1.84092e-14 5.45497e-10 1.95388e-06 0.000845963 0.0442754 0.280566 0.239417 0.184208 0.159709 0.0719613 0.0174794 0.00149305 4.33803e-05 3.38447e-07 6.09368e-10 2.11757e-13 1.25839e-17 1.17725e-22 1.63303e-28 3.20727e-35 8.61279e-43
 1.36979e-41 1.90118e-33 3.18962e-26 6.46848e-20 1.58567e-14 4.69864e-10 1.68297e-06 0.000728671 0.0381375 0.241964 0.218409 0.217038 0.183486 0.0813613 0.0175435 0.00129883 3.12935e-05 1.94364e-07 2.68563e-10 7.05319e-14 3.1297e-18 2.14823e-23 2.14941e-29 3.01302e-36 5.75228e-44
 1.39839e-41 1.94088e-33 3.25622e-26 6.60356e-20 1.61878e-14 4.79675e-10 1.71812e-06 0.000743887 0.0389343 0.247102 0.22322 0.204996 0.176969 0.0891273 0.0177306 0.0011516 2.28533e-05 1.12564e-07 1.1949e-10 2.34947e-14 7.68071e-19 3.85683e-24 2.81084e-30 2.85384e-37 3.91826e-45
 1.46897e-41 2.03884e-33 3.42058e-26 6.93686e-20 1.70049e-14 5.03886e-10 1.80484e-06 0.000781433 0.0408993 0.259521 0.232176 0.202732 0.168805 0.0781186 0.0158843 0.00106087 1.93707e-05 8.25583e-08 7.34768e-11 1.19073e-14 3.17339e-19 1.28887e-24 7.55883e-31 6.16207e-38 6.79013e-46
#pred catch len freq
 2.55881e-27 2.57676e-27 2.31388e-26 4.3415e-20 1.06427e-14 3.15361e-10 1.12957e-06 0.00048906 0.0255957 0.161926 0.124291 0.0407471 0.222824 0.206116 0.0515984 0.0663231 0.0282854 0.0214432 0.0130262 0.00977307 0.00755175 0.0064269 0.00633895 0.00555464 0.00168805
 2.55897e-27 2.57746e-27 2.38936e-26 4.50075e-20 1.1033e-14 3.26929e-10 1.171e-06 0.000507 0.0265346 0.167865 0.128803 0.0392939 0.2086 0.193899 0.0662456 0.102508 0.0346747 0.0142342 0.00631014 0.00355921 0.00224391 0.00163465 0.00142532 0.00124491 0.000413935
 2.55971e-27 2.57934e-27 2.54093e-26 4.82045e-20 1.18167e-14 3.50151e-10 1.25418e-06 0.000543013 0.0284194 0.179789 0.137925 0.0403682 0.210366 0.195153 0.0596507 0.0873338 0.0328677 0.0182818 0.00577461 0.00176443 0.000735926 0.00040838 0.000294253 0.000240536 8.26569e-05
 2.56024e-27 2.5806e-27 2.63499e-26 5.01882e-20 1.2303e-14 3.64561e-10 1.30579e-06 0.000565359 0.0295889 0.187188 0.143592 0.041476 0.214815 0.199036 0.0563475 0.0786767 0.0280037 0.013523 0.00493997 0.00165676 0.000365859 0.000112522 5.7203e-05 4.00726e-05 1.35992e-05
 2.56187e-27 2.5849e-27 3.00206e-26 5.79312e-20 1.42011e-14 4.20805e-10 1.50725e-06 0.000652583 0.0341538 0.216067 0.165643 0.0414214 0.198907 0.184184 0.0506364 0.0693061 0.023867 0.0102967 0.00343411 0.00108551 0.000273454 4.973e-05 1.18355e-05 5.89855e-06 1.87041e-06
 2.56138e-27 2.58338e-27 2.85084e-26 5.47405e-20 1.3419e-14 3.97628e-10 1.42424e-06 0.00061664 0.0322727 0.204167 0.156585 0.0432429 0.219132 0.202559 0.0486821 0.0601822 0.020474 0.00846069 0.00266845 0.000747323 0.000170781 3.19537e-05 4.20372e-06 9.32437e-07 2.44889e-07
 2.56168e-27 2.58423e-27 2.92839e-26 5.63765e-20 1.382e-14 4.09512e-10 1.4668e-06 0.00063507 0.0332373 0.210269 0.161237 0.0427496 0.212111 0.196189 0.0495586 0.0637251 0.0206238 0.00689451 0.00208589 0.000550174 0.000112328 1.8744e-05 2.23018e-06 2.10513e-07 3.14593e-08
 2.56368e-27 2.58953e-27 3.38403e-26 6.59882e-20 1.61762e-14 4.7933e-10 1.71688e-06 0.000743343 0.0389039 0.246117 0.188606 0.042493 0.190929 0.17639 0.0414862 0.0502879 0.0163891 0.00565217 0.00157976 0.00034454 6.53408e-05 9.76751e-06 1.0181e-06 6.83312e-08 4.08209e-09
 2.56458e-27 2.59177e-27 3.56287e-26 6.97602e-20 1.71009e-14 5.06729e-10 1.81502e-06 0.000785834 0.0411277 0.260186 0.199366 0.0435813 0.191651 0.176704 0.0351559 0.0357244 0.0112558 0.00331194 0.000915158 0.0001972 3.18711e-05 4.13099e-06 3.81075e-07 2.13383e-08 6.85536e-10
 2.56384e-27 2.58973e-27 3.38033e-26 6.59092e-20 1.61569e-14 4.78757e-10 1.71483e-06 0.000742454 0.0388574 0.245823 0.188409 0.044244 0.204392 0.188455 0.0371355 0.0372534 0.0112908 0.00259134 0.000657854 0.000124492 1.96738e-05 2.27696e-06 1.75847e-07 8.47595e-09 2.04783e-10
 2.56335e-27 2.58845e-27 3.2719e-26 6.36221e-20 1.55962e-14 4.62143e-10 1.65532e-06 0.00071669 0.037509 0.237292 0.181894 0.0441648 0.208367 0.192222 0.039597 0.0419175 0.0126801 0.00284574 0.000675293 0.000101496 1.39418e-05 1.4829e-06 1.03247e-07 4.13683e-09 8.30081e-11
 2.56482e-27 2.59242e-27 3.62053e-26 7.09766e-20 1.7399e-14 5.15565e-10 1.84667e-06 0.000799536 0.0418448 0.264722 0.202827 0.0433759 0.187656 0.173048 0.0350709 0.036423 0.0110348 0.00250857 0.000591893 8.46217e-05 9.90414e-06 8.50137e-07 5.22397e-08 1.85794e-09 3.09604e-11
 2.56522e-27 2.59341e-27 3.70026e-26 7.26583e-20 1.78113e-14 5.27781e-10 1.89042e-06 0.00081848 0.0428363 0.270995 0.207623 0.04383 0.187742 0.172962 0.0320784 0.0296173 0.00894122 0.00200404 0.000473406 6.84899e-05 7.82456e-06 5.93346e-07 2.8979e-08 8.75806e-10 1.27198e-11
 2.56365e-27 2.58911e-27 3.3143e-26 6.45159e-20 1.58153e-14 4.68636e-10 1.67857e-06 0.000726758 0.0380359 0.240626 0.184459 0.0453798 0.21581 0.198782 0.0351636 0.0301382 0.00885965 0.00159971 0.000360229 5.08966e-05 5.82051e-06 4.36977e-07 1.92137e-08 4.64903e-10 5.59204e-12
 2.56235e-27 2.58563e-27 3.01279e-26 5.81557e-20 1.42562e-14 4.22436e-10 1.51309e-06 0.000655112 0.0342862 0.216904 0.166351 0.0457287 0.231188 0.213116 0.0403035 0.0382384 0.0110982 0.00172434 0.000358356 4.12915e-05 4.41263e-06 3.25921e-07 1.41878e-08 3.12585e-10 3.04854e-12
 2.56341e-27 2.58859e-27 3.2814e-26 6.38224e-20 1.56453e-14 4.63598e-10 1.66053e-06 0.000718947 0.0376271 0.23804 0.182468 0.0443555 0.209416 0.193154 0.0391222 0.0405778 0.0119329 0.00209967 0.00043942 4.39058e-05 4.01916e-06 2.51783e-07 1.05155e-08 2.2768e-10 2.03645e-12
 2.56482e-27 2.59231e-27 3.59998e-26 7.05428e-20 1.72927e-14 5.12414e-10 1.83538e-06 0.00079465 0.0415891 0.263104 0.201606 0.0443175 0.19568 0.180252 0.0327303 0.029257 0.0086463 0.00162724 0.000351638 3.85695e-05 3.40907e-06 1.79214e-07 6.21405e-09 1.23601e-10 1.07482e-12
 2.56457e-27 2.59158e-27 3.53196e-26 6.91077e-20 1.69409e-14 5.0199e-10 1.79804e-06 0.000778484 0.040743 0.257752 0.197528 0.0448516 0.202609 0.186572 0.0325089 0.0271538 0.0079014 0.00129047 0.000273651 3.2306e-05 3.05099e-06 1.67986e-07 5.1027e-09 8.32276e-11 6.44034e-13
 2.56499e-27 2.59268e-27 3.62498e-26 7.10699e-20 1.74219e-14 5.16243e-10 1.84909e-06 0.000800587 0.0418999 0.26507 0.203117 0.0449035 0.199077 0.183238 0.0305517 0.0235244 0.00672235 0.000898936 0.000175224 1.78596e-05 1.66632e-06 9.89852e-08 3.19003e-09 4.81143e-11 3.07641e-13
 2.56535e-27 2.59365e-27 3.71044e-26 7.28726e-20 1.78638e-14 5.29338e-10 1.896e-06 0.000820895 0.0429627 0.271794 0.208247 0.0446723 0.193714 0.178283 0.0295801 0.0225545 0.00641063 0.000797288 0.000147727 1.26022e-05 1.02315e-06 5.47571e-08 1.84356e-09 2.9658e-11 1.81986e-13
 2.56584e-27 2.59499e-27 3.82857e-26 7.53646e-20 1.84747e-14 5.47439e-10 1.96084e-06 0.000848967 0.0444319 0.281088 0.21534 0.0443897 0.18658 0.171682 0.0280731 0.0207814 0.00590326 0.000733545 0.000134768 1.07561e-05 7.86756e-07 3.47504e-08 1.02166e-09 1.63046e-11 1.06022e-13
 2.56617e-27 2.59584e-27 3.90095e-26 7.68915e-20 1.8849e-14 5.58531e-10 2.00056e-06 0.000866167 0.0453321 0.286783 0.219689 0.0444413 0.183916 0.169158 0.0264406 0.0176949 0.00499088 0.000574244 0.000102379 8.07153e-06 5.72387e-07 2.29295e-08 5.67297e-10 7.64285e-12 4.73734e-14
 2.56649e-27 2.59669e-27 3.97528e-26 7.84596e-20 1.92334e-14 5.69921e-10 2.04136e-06 0.000883831 0.0462565 0.292632 0.224152 0.0442953 0.17967 0.165221 0.0254123 0.0163403 0.00457511 0.00047291 7.98791e-05 5.8761e-06 4.00378e-07 1.56529e-08 3.59716e-10 4.13929e-12 2.14296e-14
 2.56634e-27 2.59626e-27 3.93456e-26 7.76004e-20 1.90228e-14 5.6368e-10 2.01901e-06 0.000874152 0.04575 0.289427 0.221711 0.0446468 0.18406 0.169217 0.0251185 0.0146651 0.00407715 0.000385162 6.15321e-05 4.07449e-06 2.54493e-07 9.25033e-09 2.04966e-10 2.22121e-12 1.00213e-14
 2.56663e-27 2.59708e-27 4.00854e-26 7.91611e-20 1.94054e-14 5.75016e-10 2.05961e-06 0.000891733 0.0466701 0.295248 0.22615 0.0442925 0.178244 0.163883 0.0247652 0.0152006 0.00421723 0.000373688 5.7203e-05 3.51297e-06 2.0148e-07 6.51001e-09 1.32044e-10 1.34987e-12 5.76508e-15
 2.5664e-27 2.59644e-27 3.94985e-26 7.79229e-20 1.91019e-14 5.66022e-10 2.0274e-06 0.000877785 0.0459401 0.29063 0.222629 0.0445995 0.183055 0.16829 0.0249637 0.0145451 0.00403737 0.000370021 5.74264e-05 3.33395e-06 1.78929e-07 5.25893e-09 9.5451e-11 8.72008e-13 3.45974e-15
 2.56662e-27 2.59703e-27 4.00266e-26 7.9037e-20 1.9375e-14 5.74115e-10 2.05638e-06 0.000890335 0.0465969 0.294785 0.225799 0.0444358 0.179582 0.165087 0.0244201 0.0141116 0.00390319 0.000334063 4.99374e-05 2.96263e-06 1.59274e-07 4.36643e-09 7.26538e-11 5.91658e-13 2.08467e-15
 2.56635e-27 2.59628e-27 3.93352e-26 7.75784e-20 1.90174e-14 5.6352e-10 2.01843e-06 0.000873904 0.045737 0.289345 0.221651 0.0448412 0.185581 0.170575 0.0245234 0.0129665 0.00356989 0.000289725 4.16103e-05 2.30969e-06 1.18318e-07 3.2885e-09 5.29471e-11 3.95238e-13 1.24857e-15
#obs catch len freq
 5.98477e-42 8.30647e-34 1.39358e-26 2.82616e-20 6.92799e-15 2.05289e-10 7.35312e-07 0.000318365 0.0166619 0.105409 0.0812572 0.0423909 0.227007 0.191683 0.131795 0.127439 0.0521416 0.01937 0.0040392 0.000463988 2.19182e-05 3.11226e-07 9.98577e-10 5.89026e-13 5.58084e-17
 6.81707e-42 9.46164e-34 1.58739e-26 3.21919e-20 7.89146e-15 2.33838e-10 8.37571e-07 0.000362639 0.0189791 0.120069 0.0925629 0.0461551 0.230025 0.184731 0.129333 0.11461 0.0448511 0.0151744 0.00285215 0.000281881 1.0797e-05 1.17727e-07 2.79195e-10 1.18849e-13 8.01689e-18
 1.03137e-41 1.43147e-33 2.40159e-26 4.87037e-20 1.19391e-14 3.53779e-10 1.26718e-06 0.000548644 0.0287139 0.181654 0.139657 0.0481267 0.201942 0.154158 0.110298 0.0894233 0.0334462 0.0101932 0.001691 0.000141539 4.36913e-06 3.64804e-08 6.38581e-11 1.96242e-14 9.43301e-19
 8.81847e-42 1.22395e-33 2.05342e-26 4.1643e-20 1.02083e-14 3.0249e-10 1.08347e-06 0.000469106 0.0245511 0.15532 0.119885 0.0600793 0.262254 0.183024 0.0957322 0.0674118 0.023804 0.00646962 0.000932483 6.46524e-05 1.58326e-06 1.00722e-08 1.30092e-11 2.88805e-15 9.90379e-20
 1.21523e-41 1.68665e-33 2.82971e-26 5.73859e-20 1.40675e-14 4.16845e-10 1.49307e-06 0.000646449 0.0338326 0.214037 0.164619 0.0539704 0.193474 0.135793 0.110435 0.0706327 0.0180546 0.0039837 0.000491079 2.77523e-05 5.29147e-07 2.53339e-09 2.4048e-12 3.85815e-16 9.45338e-21
 1.28078e-41 1.77763e-33 2.98235e-26 6.04814e-20 1.48263e-14 4.39331e-10 1.57361e-06 0.000681319 0.0356575 0.225583 0.173754 0.0636789 0.220598 0.137948 0.0771443 0.0465561 0.0153004 0.00283944 0.000246516 1.07715e-05 1.5733e-07 5.59039e-10 3.86246e-13 4.45909e-17 7.8023e-22
 1.17107e-41 1.62536e-33 2.72688e-26 5.53006e-20 1.35563e-14 4.01698e-10 1.43882e-06 0.000622958 0.0326031 0.206262 0.15928 0.0694531 0.235016 0.142889 0.0934471 0.047426 0.0108952 0.00194017 0.000159613 4.89777e-06 5.0355e-08 1.29861e-10 6.46094e-14 5.32448e-18 6.61879e-23
 1.45095e-41 2.01382e-33 3.3786e-26 6.85173e-20 1.67962e-14 4.97702e-10 1.78269e-06 0.000771842 0.0403952 0.255556 0.196852 0.0647145 0.184944 0.112564 0.089777 0.0430726 0.0099257 0.00133722 8.47751e-05 2.23097e-06 1.64761e-08 2.86264e-11 9.88346e-15 5.73707e-19 5.02962e-24
 1.67441e-41 2.32397e-33 3.89895e-26 7.90699e-20 1.93831e-14 5.74356e-10 2.05725e-06 0.000890717 0.0466166 0.294916 0.227115 0.0687872 0.175054 0.0947088 0.0582562 0.0262306 0.00655789 0.000822145 4.16525e-05 7.91532e-07 4.4762e-09 5.62575e-12 1.31005e-15 5.11869e-20 3.08175e-25
 1.64447e-41 2.28241e-33 3.82922e-26 7.76559e-20 1.90364e-14 5.64084e-10 2.02046e-06 0.000874788 0.0457829 0.289644 0.223537 0.0770919 0.190119 0.0957957 0.0534548 0.0195934 0.00366446 0.000419449 1.97023e-05 2.9478e-07 1.17772e-09 1.05511e-12 1.7599e-16 4.76099e-21 1.93451e-26
 1.5582e-41 2.16268e-33 3.62834e-26 7.35821e-20 1.80378e-14 5.34493e-10 1.91447e-06 0.000828897 0.0433812 0.274453 0.212418 0.0839998 0.199442 0.100056 0.0621221 0.0199924 0.00304046 0.000254369 9.22398e-06 1.16804e-07 3.64162e-10 2.31248e-13 2.6627e-17 5.02821e-22 1.43137e-27
 1.51856e-41 2.10766e-33 3.53604e-26 7.17102e-20 1.75789e-14 5.20895e-10 1.86576e-06 0.000807811 0.0422776 0.267475 0.207561 0.0891996 0.199369 0.101284 0.0681826 0.0205779 0.00305323 0.00020546 5.24378e-06 4.68847e-08 1.1159e-10 5.41612e-14 4.5161e-18 5.92606e-23 1.15866e-28
 1.93127e-41 2.68047e-33 4.49705e-26 9.11992e-20 2.23564e-14 6.62461e-10 2.37283e-06 0.00102735 0.0537676 0.340162 0.262576 0.0761854 0.135772 0.0688104 0.0465506 0.0131362 0.00189319 0.00011388 2.36616e-06 1.47784e-08 2.35528e-11 8.03636e-15 4.90301e-19 4.70266e-24 6.56938e-30
 1.62278e-41 2.25232e-33 3.77873e-26 7.66319e-20 1.87854e-14 5.56646e-10 1.99381e-06 0.000863253 0.0451792 0.285844 0.223078 0.107327 0.205753 0.0827785 0.0379068 0.00982936 0.00136219 7.45862e-05 1.36184e-06 6.79257e-09 7.72996e-12 1.75814e-15 7.16693e-20 4.74991e-25 4.71189e-31
 1.33656e-41 1.85506e-33 3.11224e-26 6.31156e-20 1.54721e-14 4.58465e-10 1.64215e-06 0.000710993 0.0372106 0.235445 0.185893 0.119992 0.225499 0.112559 0.068116 0.0132745 0.00124031 5.77412e-05 9.2264e-07 3.84877e-09 3.4503e-12 5.75297e-16 1.61688e-20 7.15866e-26 4.74039e-32
 1.21908e-41 1.69201e-33 2.8387e-26 5.75682e-20 1.41122e-14 4.18169e-10 1.49781e-06 0.000648502 0.03394 0.214765 0.171009 0.124158 0.2202 0.129125 0.0853214 0.0188347 0.00193283 6.3356e-05 7.08489e-07 2.35231e-09 1.68983e-12 2.18661e-16 4.59155e-21 1.46144e-26 6.73125e-33
 1.63389e-41 2.26773e-33 3.80458e-26 7.71561e-20 1.89139e-14 5.60454e-10 2.00745e-06 0.000869158 0.0454883 0.28782 0.225863 0.104596 0.157279 0.0980779 0.0632695 0.015012 0.00166622 5.6963e-05 5.35949e-07 1.2124e-09 6.16041e-13 5.99981e-17 9.56664e-22 2.28142e-27 7.73192e-34
 1.48489e-41 2.06093e-33 3.45764e-26 7.01203e-20 1.71892e-14 5.09346e-10 1.8244e-06 0.0007899 0.0413403 0.261615 0.209272 0.14053 0.202597 0.0890934 0.0436065 0.0100263 0.00108979 3.80124e-05 3.53066e-07 7.00332e-10 2.63183e-13 1.74583e-17 1.93329e-22 3.32409e-28 8.26884e-35
 1.54597e-41 2.1457e-33 3.59986e-26 7.30045e-20 1.78962e-14 5.30297e-10 1.89944e-06 0.000822391 0.0430408 0.272385 0.21781 0.133622 0.178529 0.0989843 0.0468834 0.00730139 0.000600928 1.90484e-05 1.65186e-07 3.01931e-10 9.87575e-14 5.21438e-18 4.1965e-23 4.97421e-29 8.46771e-36
 1.52924e-41 2.12249e-33 3.56092e-26 7.22146e-20 1.77026e-14 5.24559e-10 1.87889e-06 0.000813493 0.0425752 0.269475 0.21791 0.147904 0.182859 0.0917297 0.0397358 0.00654663 0.000439492 9.40846e-06 6.32733e-08 9.8275e-11 2.75508e-14 1.2245e-18 8.01615e-24 7.38789e-30 9.32119e-37
 1.64526e-41 2.28352e-33 3.83107e-26 7.76933e-20 1.90456e-14 5.64356e-10 2.02143e-06 0.00087521 0.0458053 0.289932 0.234167 0.143267 0.162198 0.0853435 0.0333732 0.00474365 0.000288344 5.32767e-06 2.5426e-08 2.75621e-11 5.8717e-15 2.07616e-19 1.09051e-24 8.01246e-31 7.95167e-38
 1.59863e-41 2.2188e-33 3.72249e-26 7.54914e-20 1.85058e-14 5.48361e-10 1.96414e-06 0.000850405 0.0445072 0.281784 0.231422 0.161997 0.17007 0.0788207 0.0268922 0.00347454 0.00017636 2.67298e-06 1.0394e-08 8.37378e-12 1.2286e-15 3.02298e-20 1.15569e-25 6.39017e-32 4.84515e-39
 1.64351e-41 2.28108e-33 3.82698e-26 7.76104e-20 1.90253e-14 5.63754e-10 2.01928e-06 0.000874276 0.0457566 0.289734 0.238944 0.160824 0.158622 0.0786458 0.0239278 0.00256037 0.00010787 1.33486e-06 4.0618e-09 2.52718e-12 2.78998e-16 4.92012e-21 1.30019e-26 4.94698e-33 2.62626e-40
 1.6488e-41 2.28843e-33 3.83931e-26 7.78604e-20 1.90866e-14 5.6557e-10 2.02578e-06 0.000877092 0.0459042 0.29075 0.242859 0.170384 0.155585 0.0717678 0.0198255 0.00197494 6.84802e-05 6.57679e-07 1.54289e-09 7.2785e-13 5.99674e-17 7.83087e-22 1.51451e-27 4.13491e-34 1.54244e-41
 1.68553e-41 2.3394e-33 3.92483e-26 7.95947e-20 1.95117e-14 5.78167e-10 2.0709e-06 0.000896629 0.046927 0.297304 0.250305 0.17276 0.147621 0.0666533 0.0161146 0.00137482 4.06193e-05 3.18795e-07 5.68157e-10 1.97928e-13 1.199e-17 1.14564e-22 1.61239e-28 3.19279e-35 8.61293e-43
 1.68288e-41 2.33572e-33 3.91866e-26 7.94696e-20 1.9481e-14 5.77259e-10 2.06765e-06 0.00089522 0.0468537 0.29697 0.253971 0.181741 0.144764 0.0608624 0.0129604 0.00095618 2.29536e-05 1.43306e-07 1.99899e-10 5.25655e-14 2.32418e-18 1.59818e-23 1.61528e-29 2.29749e-36 4.44913e-44
 1.46522e-41 2.03363e-33 3.41184e-26 6.91914e-20 1.69615e-14 5.02599e-10 1.80023e-06 0.000779438 0.040795 0.258921 0.234276 0.215021 0.16769 0.0687384 0.0129401 0.000821382 1.62422e-05 8.02006e-08 8.54786e-11 1.69302e-14 5.57433e-19 2.80782e-24 2.04547e-30 2.07554e-37 2.85577e-45
 1.49643e-41 2.07695e-33 3.48451e-26 7.06652e-20 1.73227e-14 5.13305e-10 1.83857e-06 0.00079604 0.0416637 0.264328 0.234646 0.196954 0.167283 0.0789194 0.0145405 0.000851788 1.48299e-05 6.26077e-08 5.58226e-11 9.08861e-15 2.43489e-19 9.94859e-25 5.87028e-31 4.80896e-38 5.31408e-46
#spawning biomass
 15313.2 16968.1 18790.2 20556 24711.2 30530.5 35244.7 43488.4 57790.5 78907.4 98413.7 121227 166287 188625 167049 143895 136733 145022 133980 134325 143023 151220 163210 166268 176486 183302 182264 169673 165455 177691 117018 63008.5 38355.8 29149.1 25999.3 24977.9 24658.8 24561.7 24532.8 24524.3 24521.8 24521.1 24520.9 24520.9 24520.8 24520.8 24520.8 24520.8 24520.8 24520.8 24520.8 24520.8 24520.8 24520.8 24520.8 24520.8 24520.8 24520.8 24520.8 24520.8 24520.8 24520.8 24520.8 24520.8 24520.8 24520.8 24520.8 24520.8 24520.8 24520.8 24520.8 24520.8 24520.8 24520.8 24520.8 24520.8 24520.8 24520.8 24520.8 24520.8 24520.8 24520.8 24520.8 24520.8 24520.8 24520.8 24520.8 24520.8 24520.8 24520.8 24520.8 24520.8 24520.8 24520.8 24520.8 24520.8 24520.8 24520.8 24520.8 24520.8 24520.8 24520.8 24520.8 24520.8 24520.8 24520.8 24520.8 24520.8 24520.8 24520.8 24520.8 24520.8 24520.8 24520.8 24520.8 24520.8 24520.8 24520.8 24520.8 24520.8 24520.8 24520.8 24520.8 24520.8 24520.8 24520.8 24520.8 24520.8 0 0 0 0 0 0 0 0 0 0 0 0 0 0 0 0 0 0 0 0 0 0 0 0 0
