SBPRF35
0.256306
Curr Bio
263760
B35
440241
F35
0.385144
FOFL
0.203811
OFL
55798
Bzero
73230.3
#pred survey bio
 72179.2 69777.1 54371.9 45922.6 71927.2 117365 164397 229327 278949 325989 384881 385571 436140 455825 477909 409919 398477 386013 425587 442720 449496 408974 402892 430161 452486 424125 406420 404600 1.34424e+07 7.59156e+06 5.49247e+06 3.63355e+06 2.38919e+06 1.6505e+06 1.23742e+06 1.01254e+06 890801 824282 787213 766009 753526 745964 741262 738269 736345 735089 734261 733711 733344 733097 732932 732820 732745 732694 732659 732636 732621 732610 732603 732598 732595 732592 732591 732590 732589 732589 732588 732588 732588 732588 732588 732588 732588 732588 732588 732588 732588 732588 732588 732588 732588 732588 732588 732588 732588 732588 732588 732588 732588 732588 732588 732588 732588 732588 732588 732588 732588 732588 732588 732588 732588 732588 732588 732588 732588 732588 732588 732588 732588 732588 732588 732588 732588 732588 732588 732588 732588 732588 732588 732588 732588 732588 732588 732588 732588 732588 732588 732588 0 0 0 0 0 0 0 0 0 0 0 0 0 0 0 0 0 0 0 0 0 0 0 0 0
#obs survey bio
 57491.1 46154.5 32885.9 53550.2 83637.1 205768 166859 248872 323766 353462 352153 373060 360716 474637 521214 454444 265751 355811 313151 377290 591814 456917 230453 388406 544270 437584 365839 499384
#pred catch bio
 10396.1 13670.6 11033.5 10498.7 15855.9 33122.5 44371.7 79359.7 97477.6 113987 177278 164711 208432 209332 250099 194569 200064 171113 185018 185363 214988 190571 188437 192691 211700 195139 187647 204076 55798 94179.4 66063 41951.4 26410.1 17595.1 12946.9 10604.4 9457.74 8907.28 8646.46 8523.96 8466.79 8440.21 8427.89 8422.18 8419.56 8418.35 8417.79 8417.54 8417.42 8417.36 8417.34 8417.33 8417.32 8417.32 8417.32 8417.32 8417.32 8417.32 8417.32 8417.32 8417.32 8417.32 8417.32 8417.32 8417.32 8417.32 8417.32 8417.32 8417.32 8417.32 8417.32 8417.32 8417.32 8417.32 8417.32 8417.32 8417.32 8417.32 8417.32 8417.32 8417.32 8417.32 8417.32 8417.32 8417.32 8417.32 8417.32 8417.32 8417.32 8417.32 8417.32 8417.32 8417.32 8417.32 8417.32 8417.32 8417.32 8417.32 8417.32 8417.32 8417.32 8417.32 8417.32 8417.32 8417.32 8417.32 8417.32 8417.32 8417.32 8417.32 8417.32 8417.32 8417.32 8417.32 8417.32 8417.32 8417.32 8417.32 8417.32 8417.32 8417.32 8417.32 8417.32 8417.32 8417.32 8417.32 8417.32 8417.32 0 0 0 0 0 0 0 0 0 0 0 0 0 0 0 0 0 0 0 0 0 0 0 0 0
#obs catch bio
 13363.5 14451.7 11749.5 11119.5 15905.9 31132.1 41110.4 76354.3 94134.9 112200 176741 160282 218194 207438 247236 181457 215471 173187 191908 187799 220107 187059 205550 198560 203753 186849 183273 205268
#pred cpue bio
 69924.6 68589.3 54013.8 44601.2 66337 110273 154914 216270 263125 308426 363392 362346 408860 426628 449102 386383 374883 361411 399285 417960 425642 385948 378882 402176 426086 401094 383451 380522 1.26012e+07 7.53698e+06 5.4681e+06 3.60943e+06 2.365e+06 1.6263e+06 1.21322e+06 988341 866602 800083 763014 741810 729327 721766 717064 714071 712146 710890 710062 709512 709145 708899 708733 708621 708546 708495 708461 708437 708422 708411 708404 708399 708396 708394 708392 708391 708390 708390 708390 708389 708389 708389 708389 708389 708389 708389 708389 708389 708389 708389 708389 708389 708389 708389 708389 708389 708389 708389 708389 708389 708389 708389 708389 708389 708389 708389 708389 708389 708389 708389 708389 708389 708389 708389 708389 708389 708389 708389 708389 708389 708389 708389 708389 708389 708389 708389 708389 708389 708389 708389 708389 708389 708389 708389 708389 708389 708389 708389 708389 708389 0 0 0 0 0 0 0 0 0 0 0 0 0 0 0 0 0 0 0 0 0 0 0 0 0
#obs cpue bio
 85745.2 61893.2 41576.1 45985.8 87478.9 179490 186164 182870 238766 245419 446601 404420 340501 488835 477001 510529 276918 424339 441783 481176 318345 405646 321236 484178 553216 455431 424304 283316
#pred surv len freq
 2.77372e-11 1.30463e-09 4.24909e-08 9.58275e-07 1.49649e-05 0.000161824 0.00121174 0.00628356 0.0225708 0.0562237 0.0975478 0.11989 0.110883 0.0909637 0.0815347 0.0783104 0.0706097 0.0596577 0.0497246 0.0411979 0.0339217 0.0281166 0.0230047 0.0172822 0.0108876
 1.62846e-11 7.65948e-10 2.49464e-08 5.62605e-07 8.78592e-06 9.50086e-05 0.00071146 0.00368997 0.0132639 0.0331335 0.0581228 0.0744328 0.0784433 0.084185 0.0982968 0.106886 0.100051 0.0852812 0.0708641 0.0576592 0.0454359 0.0349066 0.0259928 0.0179236 0.0106156
 7.28546e-12 3.42673e-10 1.11607e-08 2.51701e-07 3.9307e-06 4.25061e-05 0.000318317 0.00165127 0.00594034 0.0148853 0.0264281 0.0353328 0.0419399 0.0542904 0.0746655 0.0946479 0.108392 0.115421 0.112546 0.0983184 0.0780374 0.0577665 0.0400787 0.0253811 0.0139126
 3.03792e-11 1.42889e-09 4.65382e-08 1.04955e-06 1.63902e-05 0.000177237 0.00132712 0.0068812 0.0247082 0.0614558 0.105997 0.12732 0.108364 0.0699244 0.0426376 0.0354036 0.0415941 0.053665 0.0649586 0.0695507 0.0646377 0.0519569 0.0362611 0.0219258 0.0112362
 4.6943e-11 2.20797e-09 7.19123e-08 1.6218e-06 2.53267e-05 0.000273872 0.00205071 0.0106331 0.0381801 0.0949658 0.163804 0.196791 0.167467 0.1072 0.0607228 0.0373559 0.0247115 0.0165447 0.0133529 0.0140375 0.015275 0.0144767 0.0113101 0.00717072 0.00364956
 3.72299e-11 1.75112e-09 5.70328e-08 1.28623e-06 2.00864e-05 0.000217206 0.00162644 0.00843383 0.0302927 0.0754394 0.130753 0.160062 0.145915 0.114869 0.0955425 0.0824505 0.0616074 0.0372498 0.0196605 0.0108375 0.00752922 0.00641569 0.00535478 0.00371515 0.0020071
 3.69271e-11 1.73687e-09 5.65688e-08 1.27577e-06 1.99229e-05 0.000215439 0.0016132 0.00836502 0.0300434 0.0747976 0.129498 0.157857 0.141819 0.107627 0.0860689 0.0758119 0.0635928 0.0479536 0.0327824 0.0198543 0.0105555 0.0054285 0.00312425 0.0019224 0.00104781
 3.68564e-11 1.73355e-09 5.64606e-08 1.27333e-06 1.98849e-05 0.000215027 0.00161011 0.00834902 0.0299859 0.0746541 0.129247 0.15754 0.141484 0.107205 0.085291 0.0743021 0.0613833 0.0461775 0.0331306 0.02258 0.0138345 0.00736082 0.00345743 0.0015231 0.000648863
 3.67699e-11 1.72948e-09 5.63281e-08 1.27034e-06 1.98382e-05 0.000214522 0.00160633 0.00832944 0.0299157 0.074481 0.128958 0.157238 0.141375 0.107454 0.0858413 0.0748254 0.0614711 0.0456719 0.0323234 0.0220779 0.014023 0.00797663 0.00394092 0.00165883 0.000596161
 3.55671e-11 1.6729e-09 5.44854e-08 1.22878e-06 1.91892e-05 0.000207505 0.00155379 0.00805705 0.0289383 0.0720571 0.124826 0.152503 0.138096 0.10703 0.0880509 0.0782939 0.0648403 0.0483093 0.0341428 0.0231935 0.0146789 0.00842521 0.00427045 0.0018463 0.000659697
 3.66164e-11 1.72226e-09 5.60929e-08 1.26503e-06 1.97553e-05 0.000213626 0.00159962 0.00829464 0.0297905 0.0741672 0.128401 0.156492 0.140496 0.10638 0.0846302 0.0739587 0.0615547 0.0467473 0.0337741 0.0232718 0.0148038 0.00850583 0.00432639 0.00188859 0.000682929
 3.81568e-11 1.79471e-09 5.84526e-08 1.31825e-06 2.05864e-05 0.000222613 0.00166692 0.00864351 0.0310427 0.0772771 0.133732 0.162741 0.145297 0.10825 0.083735 0.0711792 0.057586 0.0422162 0.0295745 0.0201707 0.0129317 0.00752713 0.00386686 0.00169923 0.000618204
 3.87955e-11 1.82475e-09 5.9431e-08 1.34032e-06 2.0931e-05 0.000226339 0.00169482 0.00878817 0.031562 0.0785679 0.135952 0.165379 0.147441 0.109383 0.0839618 0.0707634 0.0566076 0.0406803 0.027645 0.018208 0.0113241 0.00647459 0.00331514 0.00146528 0.000537523
 3.91581e-11 1.84181e-09 5.99866e-08 1.35285e-06 2.11267e-05 0.000228455 0.00171066 0.00887032 0.031857 0.0793015 0.137217 0.166896 0.14872 0.110164 0.084298 0.0707296 0.0561659 0.0398296 0.0265269 0.0170293 0.0102679 0.00567485 0.00282089 0.00122348 0.000445508
 3.76012e-11 1.76858e-09 5.76016e-08 1.29906e-06 2.02867e-05 0.000219372 0.00164265 0.00851776 0.0305921 0.0761658 0.13188 0.160822 0.144658 0.110025 0.0877752 0.0758208 0.0608399 0.0432096 0.0286627 0.0182044 0.0107708 0.00579437 0.00278962 0.00117218 0.00041581
 3.65848e-11 1.72078e-09 5.60445e-08 1.26394e-06 1.97383e-05 0.000213442 0.00159825 0.00828757 0.029766 0.0741147 0.128368 0.156727 0.141581 0.108992 0.088655 0.0778967 0.063503 0.0460467 0.0312293 0.0201059 0.0119092 0.00634248 0.00299461 0.00122577 0.000422413
 3.75822e-11 1.76769e-09 5.75725e-08 1.2984e-06 2.02764e-05 0.000219261 0.00164182 0.0085134 0.0305759 0.0761196 0.131761 0.160492 0.143774 0.10817 0.0850731 0.0733926 0.060069 0.04444 0.0310177 0.020549 0.0124685 0.00675152 0.00320505 0.00130313 0.000441807
 3.9216e-11 1.84453e-09 6.00752e-08 1.35485e-06 2.11579e-05 0.000228792 0.00171318 0.00888339 0.0319037 0.0794149 0.137395 0.167024 0.148555 0.109461 0.0830944 0.0694975 0.0555033 0.0399853 0.0273085 0.0180373 0.0111235 0.00617839 0.00300485 0.00124202 0.000423739
 3.8253e-11 1.79924e-09 5.86e-08 1.32158e-06 2.06383e-05 0.000223174 0.00167112 0.00866535 0.0311217 0.0774786 0.134115 0.163369 0.146372 0.110109 0.0863389 0.0736534 0.0587507 0.0416053 0.0276425 0.017738 0.0107042 0.0058967 0.00288765 0.00121369 0.000421752
 3.59685e-11 1.69178e-09 5.51003e-08 1.24265e-06 1.94058e-05 0.000209846 0.00157133 0.008148 0.0292652 0.072873 0.126253 0.15431 0.139933 0.108844 0.0898823 0.0797373 0.0651978 0.047278 0.032038 0.0206295 0.012266 0.00659919 0.00316644 0.00131816 0.000458915
 3.51651e-11 1.654e-09 5.38697e-08 1.2149e-06 1.89723e-05 0.000205159 0.00153623 0.00796602 0.0286116 0.0712458 0.123436 0.150879 0.136868 0.106616 0.0884624 0.0793879 0.0664831 0.0502002 0.0357073 0.0239424 0.0146093 0.0079404 0.00379161 0.00155658 0.000534219
 3.67164e-11 1.72696e-09 5.62461e-08 1.26849e-06 1.98093e-05 0.00021421 0.00160399 0.00831729 0.0298719 0.0743703 0.128755 0.156939 0.14094 0.106794 0.0849956 0.0741408 0.061391 0.0462922 0.0332938 0.0229403 0.014558 0.0082376 0.0040537 0.00168927 0.000580709
 3.78565e-11 1.78059e-09 5.79926e-08 1.30788e-06 2.04244e-05 0.000220861 0.0016538 0.00857551 0.0307988 0.0766725 0.132704 0.161576 0.144534 0.108272 0.0844868 0.0722592 0.0585716 0.0429037 0.0299553 0.020322 0.0129536 0.00749137 0.00380715 0.00164021 0.000578996
 3.97385e-11 1.86911e-09 6.08757e-08 1.3729e-06 2.14398e-05 0.000231841 0.00173601 0.00900173 0.0323283 0.0804678 0.139189 0.169075 0.149958 0.109598 0.082071 0.0679417 0.0540196 0.0387936 0.0263729 0.0173547 0.0107591 0.00611792 0.00310901 0.00136022 0.000491852
 3.67731e-11 1.72963e-09 5.63329e-08 1.27045e-06 1.98399e-05 0.000214541 0.00160648 0.00833024 0.0299195 0.0744993 0.12905 0.157634 0.142633 0.110242 0.0900082 0.0787355 0.0630741 0.0443459 0.0291269 0.0185101 0.0111098 0.00612452 0.00303337 0.0013079 0.000472299
 3.54607e-11 1.6679e-09 5.43225e-08 1.22511e-06 1.91318e-05 0.000206884 0.00154914 0.00803298 0.0288522 0.0718456 0.124479 0.152176 0.138108 0.107695 0.0894091 0.0800174 0.0664263 0.0492887 0.0341618 0.0222297 0.0131901 0.00704531 0.00336521 0.00140554 0.000495908
 3.67216e-11 1.72721e-09 5.62541e-08 1.26867e-06 1.98121e-05 0.00021424 0.00160422 0.00831848 0.0298762 0.0743814 0.128777 0.156976 0.141012 0.106934 0.0852325 0.0744731 0.0617758 0.046619 0.0333948 0.022719 0.0141074 0.00777212 0.00373244 0.00153249 0.000526053
 3.78086e-11 1.77834e-09 5.79193e-08 1.30622e-06 2.03986e-05 0.000220582 0.00165171 0.00856467 0.0307599 0.0765759 0.132539 0.161386 0.144397 0.10824 0.0845584 0.0724004 0.0587562 0.0431162 0.0301626 0.0204628 0.0129782 0.00741351 0.00369668 0.00155857 0.000539881
#obs surv len freq
 2.6962e-11 1.26816e-09 4.13033e-08 9.31494e-07 1.45466e-05 0.000157302 0.00117788 0.00610797 0.0219404 0.0546558 0.0948451 0.116653 0.108168 0.0893595 0.0810147 0.0788823 0.0725492 0.0630569 0.0542433 0.0462245 0.03839 0.0303491 0.0218268 0.0135203 0.00686279
 5.76917e-12 2.71354e-10 8.83783e-09 1.99316e-07 3.11266e-06 3.3661e-05 0.000252114 0.00130856 0.00471767 0.0119221 0.0218494 0.0323403 0.047487 0.0752687 0.109321 0.128022 0.122693 0.106227 0.0902186 0.0756012 0.0612413 0.0471455 0.0333471 0.0205562 0.010444
 1.59376e-14 7.49646e-13 2.44178e-11 5.50896e-10 8.61614e-09 9.37346e-08 7.18633e-07 4.07153e-06 1.9551e-05 9.74815e-05 0.000504937 0.00223447 0.00751057 0.0190388 0.0386108 0.067756 0.105496 0.140061 0.153698 0.142281 0.11703 0.0886352 0.0612822 0.0370912 0.0186471
 5.24613e-11 2.46753e-09 8.03657e-08 1.81245e-06 2.8304e-05 0.000306066 0.00229176 0.0118825 0.0426613 0.106059 0.182577 0.217638 0.179656 0.102772 0.0410704 0.012593 0.00590361 0.00811893 0.013027 0.0172382 0.0183318 0.0159117 0.0115077 0.00696585 0.00345879
 3.41604e-11 1.60674e-09 5.23304e-08 1.18018e-06 1.84303e-05 0.000199298 0.00149236 0.0077389 0.0278012 0.0692794 0.120382 0.148799 0.140201 0.11959 0.109364 0.0975422 0.0696568 0.0365993 0.015215 0.00781439 0.00733882 0.00769139 0.00659376 0.00440401 0.00227817
 4.11278e-11 1.93445e-09 6.30039e-08 1.4209e-06 2.21893e-05 0.000239946 0.00179669 0.00931623 0.0334558 0.0832529 0.143863 0.174081 0.152262 0.10691 0.075307 0.061503 0.0522465 0.0414402 0.0291144 0.0170792 0.00841295 0.00421924 0.00267393 0.00179941 0.0010025
 3.77206e-11 1.77419e-09 5.77843e-08 1.30318e-06 2.03511e-05 0.000220068 0.00164786 0.00854481 0.0306896 0.0764094 0.132311 0.161391 0.145299 0.110724 0.0883591 0.0757383 0.0596564 0.0414739 0.0276099 0.0182637 0.0111894 0.00592423 0.00275091 0.00122846 0.00054718
 3.92889e-11 1.84796e-09 6.01868e-08 1.35736e-06 2.11972e-05 0.000229218 0.00171637 0.00889987 0.0319627 0.079558 0.137619 0.167188 0.148356 0.108629 0.0817936 0.0685158 0.055642 0.0411212 0.0284817 0.0185626 0.0111181 0.00603086 0.00290378 0.00121195 0.000437882
 3.56288e-11 1.6758e-09 5.45798e-08 1.23091e-06 1.92225e-05 0.000207864 0.00155649 0.00807107 0.0289894 0.0721898 0.125095 0.153016 0.139144 0.109008 0.0908337 0.0807543 0.0656094 0.047129 0.0319542 0.0210069 0.012905 0.00712757 0.00345175 0.00143217 0.000497861
 3.57252e-11 1.68034e-09 5.47276e-08 1.23425e-06 1.92745e-05 0.000208427 0.0015607 0.00809282 0.0290664 0.0723706 0.125334 0.15296 0.137991 0.10592 0.0861301 0.0766373 0.064611 0.0495623 0.0358011 0.0242374 0.0149301 0.00825314 0.00403365 0.00169161 0.000588514
 3.7745e-11 1.77534e-09 5.78218e-08 1.30403e-06 2.03642e-05 0.000220211 0.00164893 0.00855022 0.0307078 0.0764425 0.132285 0.160969 0.143682 0.107007 0.0828535 0.0708487 0.0581803 0.0437944 0.0316672 0.0221143 0.0142878 0.00823318 0.00412323 0.00174985 0.000612939
 3.89556e-11 1.83228e-09 5.96762e-08 1.34585e-06 2.10174e-05 0.000227273 0.00170181 0.0088244 0.031692 0.078888 0.136485 0.165926 0.147606 0.108826 0.0827151 0.0693091 0.0555388 0.0402977 0.0279126 0.0189024 0.0121307 0.00711499 0.00368183 0.00161657 0.000581206
 3.84999e-11 1.81085e-09 5.89782e-08 1.33011e-06 2.07715e-05 0.000224615 0.00168191 0.00872125 0.0313222 0.0779743 0.13495 0.164278 0.14684 0.109734 0.08518 0.0722352 0.057661 0.0410793 0.0275782 0.0179574 0.0110734 0.00630282 0.00322783 0.00143091 0.000525781
 3.87036e-11 1.82043e-09 5.92903e-08 1.33715e-06 2.08814e-05 0.000225803 0.0016908 0.00876737 0.0314876 0.0783834 0.135641 0.165036 0.147253 0.109501 0.0844018 0.071418 0.0573244 0.0412846 0.0279356 0.0180771 0.0108837 0.00597655 0.00295139 0.00127501 0.00046373
 3.70819e-11 1.74415e-09 5.6806e-08 1.28112e-06 2.00065e-05 0.000216342 0.00161996 0.00840015 0.0301701 0.0751176 0.130084 0.158722 0.143058 0.109427 0.0880877 0.0766603 0.061913 0.0444045 0.0299038 0.0193482 0.0116592 0.00635829 0.00307898 0.00129276 0.00045698
 3.6703e-11 1.72633e-09 5.62256e-08 1.26803e-06 1.98021e-05 0.000214132 0.00160341 0.0083143 0.0298617 0.0743479 0.12874 0.15703 0.141376 0.107858 0.0866857 0.0759287 0.062536 0.0463725 0.0323578 0.0213917 0.0129755 0.00707049 0.00340733 0.00141567 0.00049186
 3.88659e-11 1.82807e-09 5.95389e-08 1.34275e-06 2.0969e-05 0.00022675 0.00169789 0.00880409 0.031619 0.0787053 0.136163 0.165511 0.14716 0.108357 0.0822826 0.0691778 0.0560206 0.0413492 0.0290465 0.019592 0.0122206 0.00682927 0.00334035 0.00139321 0.000482001
 3.74893e-11 1.76332e-09 5.74301e-08 1.29519e-06 2.02263e-05 0.000218719 0.00163776 0.0084924 0.030501 0.0759376 0.131477 0.160293 0.14406 0.109316 0.0869172 0.0749668 0.0602855 0.0431924 0.0292624 0.0192894 0.0119968 0.00679182 0.00339264 0.00144445 0.000506897
 3.81501e-11 1.7944e-09 5.84424e-08 1.31802e-06 2.05828e-05 0.000222574 0.00166662 0.00864201 0.0310376 0.077265 0.133718 0.162759 0.145425 0.108597 0.0843654 0.0720501 0.0585323 0.0429162 0.0296407 0.0195041 0.0118903 0.00659006 0.00326266 0.00139642 0.000496678
 3.21441e-11 1.5119e-09 4.92417e-08 1.11052e-06 1.73424e-05 0.000187535 0.00140427 0.00728194 0.0261578 0.0651659 0.113111 0.139243 0.129462 0.107377 0.0966219 0.0902095 0.0751026 0.0549833 0.0378705 0.0250863 0.0154616 0.00860262 0.0042296 0.00179055 0.000632773
 3.72217e-11 1.75073e-09 5.70201e-08 1.28595e-06 2.00819e-05 0.000217158 0.00162606 0.00843163 0.0302813 0.0753759 0.130404 0.158517 0.140985 0.104033 0.0798103 0.0690858 0.0593302 0.0477378 0.0363349 0.0255664 0.0161372 0.00905929 0.00447721 0.00189861 0.000669195
 3.57834e-11 1.68308e-09 5.48168e-08 1.23626e-06 1.93059e-05 0.000208767 0.00156324 0.00810605 0.0291145 0.0724954 0.125585 0.153431 0.138926 0.1076 0.0882119 0.0776847 0.0631732 0.0460856 0.0325686 0.0229844 0.0154024 0.00924509 0.00478132 0.00207438 0.000737983
 3.90155e-11 1.8351e-09 5.97681e-08 1.34792e-06 2.10497e-05 0.000227623 0.00170443 0.00883795 0.0317402 0.0790036 0.136655 0.165995 0.147229 0.107659 0.0809029 0.0677491 0.0552242 0.0412743 0.0292887 0.0199046 0.0126918 0.00747898 0.00395694 0.00179118 0.00066269
 3.80408e-11 1.78925e-09 5.82748e-08 1.31425e-06 2.05238e-05 0.000221936 0.00166185 0.00861728 0.0309492 0.0770492 0.133374 0.162476 0.145603 0.109593 0.0860009 0.0733877 0.0585695 0.041661 0.0281086 0.0185949 0.0116988 0.00675983 0.00349615 0.00156829 0.000586713
 3.54589e-11 1.66782e-09 5.43197e-08 1.22505e-06 1.91309e-05 0.000206874 0.00154907 0.0080326 0.0288512 0.0718447 0.124492 0.152256 0.138384 0.108305 0.0902595 0.0806201 0.0662379 0.0483116 0.0330019 0.0215022 0.0130448 0.00725234 0.00363995 0.00159817 0.000589873
 3.66614e-11 1.72438e-09 5.61618e-08 1.26659e-06 1.97796e-05 0.000213889 0.00160159 0.00830483 0.0298272 0.0742581 0.128556 0.156675 0.140639 0.106453 0.0846866 0.074116 0.0618961 0.0471796 0.0340294 0.0231373 0.0143272 0.00793622 0.00389164 0.00165596 0.000594005
 3.76494e-11 1.77085e-09 5.76753e-08 1.30072e-06 2.03127e-05 0.000219653 0.00164475 0.0085286 0.0306304 0.0762534 0.131981 0.160706 0.14379 0.107794 0.0842468 0.0722384 0.0588374 0.0435031 0.030798 0.0211805 0.0135922 0.00782915 0.00393324 0.0016787 0.00059389
 3.79994e-11 1.78731e-09 5.82115e-08 1.31282e-06 2.05015e-05 0.000221695 0.00166004 0.00860788 0.0309151 0.0769619 0.133204 0.162184 0.145071 0.108654 0.0847371 0.0723724 0.0584711 0.042531 0.0293534 0.0196445 0.0123913 0.00715158 0.00366417 0.00160386 0.000577872
#pred catch len freq
 2.58451e-11 1.21563e-09 3.95923e-08 8.92905e-07 1.3944e-05 0.000150785 0.00112909 0.00585505 0.021033 0.0524072 0.0910225 0.112324 0.105339 0.089419 0.0836177 0.0822303 0.0747599 0.0633649 0.052901 0.0438629 0.0361248 0.0299441 0.0245 0.0184054 0.0115952
 1.48746e-11 6.99632e-10 2.27866e-08 5.13894e-07 8.02523e-06 8.6783e-05 0.00064987 0.00337067 0.012118 0.0302897 0.0532606 0.0687957 0.0743156 0.0830451 0.0998761 0.109864 0.103246 0.0881836 0.0733735 0.0597403 0.0470859 0.0361757 0.0269378 0.0185751 0.0110014
 6.53178e-12 3.07224e-10 1.00061e-08 2.25663e-07 3.52407e-06 3.81091e-05 0.000285394 0.00148058 0.00532762 0.0133634 0.023817 0.0322628 0.0395488 0.05327 0.0748967 0.0956709 0.109877 0.117179 0.114348 0.0999232 0.0793178 0.0587149 0.0407364 0.0257974 0.0141408
 2.86274e-11 1.3465e-09 4.38546e-08 9.89029e-07 1.54451e-05 0.000167017 0.0012506 0.00648443 0.0232839 0.0579166 0.099916 0.120128 0.102619 0.0671108 0.0424157 0.0367856 0.0440239 0.0570212 0.0690709 0.0739646 0.0687412 0.0552551 0.0385625 0.0233172 0.0119492
 4.58252e-11 2.1554e-09 7.01999e-08 1.58318e-06 2.47237e-05 0.000267351 0.00200189 0.0103799 0.0372718 0.0927122 0.159956 0.19235 0.164286 0.106486 0.0622003 0.0397579 0.0268767 0.0181377 0.0146858 0.0154574 0.0168247 0.015946 0.012458 0.00789848 0.00401995
 3.57594e-11 1.68195e-09 5.47801e-08 1.23543e-06 1.9293e-05 0.000208627 0.0015622 0.00810085 0.0290981 0.0724785 0.125717 0.154349 0.142152 0.114892 0.0990133 0.0872989 0.0657263 0.0398409 0.0210592 0.0116233 0.00808091 0.00688702 0.00574826 0.00398814 0.00215458
 3.54111e-11 1.66557e-09 5.42465e-08 1.22339e-06 1.91051e-05 0.000206595 0.00154698 0.00802173 0.0288116 0.0717428 0.12429 0.151892 0.137696 0.107118 0.0888982 0.0802501 0.067926 0.0513773 0.035172 0.0213168 0.0113365 0.00583062 0.00335566 0.00206476 0.00112539
 3.55096e-11 1.6702e-09 5.43974e-08 1.2268e-06 1.91582e-05 0.000207169 0.00155128 0.00804403 0.0288915 0.0719401 0.12462 0.152238 0.137814 0.106733 0.0877542 0.0781408 0.0650775 0.0490881 0.0352614 0.0240461 0.0147357 0.00784065 0.00368277 0.00162233 0.000691127
 3.54291e-11 1.66642e-09 5.42741e-08 1.22402e-06 1.91148e-05 0.0002067 0.00154776 0.00802581 0.0288263 0.0717792 0.124352 0.151963 0.13773 0.107001 0.0883184 0.0786645 0.0651391 0.0485249 0.034384 0.0234991 0.0149288 0.00849217 0.00419558 0.00176599 0.000634668
 3.41992e-11 1.60857e-09 5.239e-08 1.18153e-06 1.84512e-05 0.000199524 0.00149404 0.0077473 0.0278269 0.0693008 0.120127 0.147121 0.134375 0.106564 0.0905719 0.0822073 0.0685857 0.0512272 0.0362474 0.0246376 0.015596 0.00895195 0.00453738 0.00196168 0.000700914
 3.5547e-11 1.67196e-09 5.44547e-08 1.22809e-06 1.91784e-05 0.000207387 0.00155291 0.00805247 0.0289216 0.0720121 0.124726 0.152279 0.13757 0.105978 0.0865461 0.076969 0.0644681 0.0490542 0.0354662 0.0244447 0.015551 0.00893492 0.00454449 0.00198375 0.000717329
 3.7039e-11 1.74214e-09 5.67404e-08 1.27964e-06 1.99834e-05 0.000216092 0.00161809 0.0083904 0.0301345 0.0750249 0.129893 0.158348 0.142271 0.107902 0.0858409 0.0744115 0.0606428 0.0445593 0.0312447 0.0213186 0.0136693 0.00795645 0.0040873 0.00179607 0.000653425
 3.78227e-11 1.779e-09 5.79409e-08 1.30671e-06 2.04062e-05 0.000220664 0.00165233 0.0085679 0.0307717 0.0766081 0.132613 0.161563 0.144832 0.109133 0.0858757 0.073657 0.0593095 0.0427058 0.029042 0.0191336 0.0119005 0.00680399 0.00348367 0.00153973 0.000564826
 3.81484e-11 1.79432e-09 5.84398e-08 1.31796e-06 2.05819e-05 0.000222564 0.00166655 0.00864166 0.0310366 0.0772673 0.133752 0.162939 0.146027 0.10994 0.0863387 0.0737871 0.0590003 0.0419281 0.027947 0.0179473 0.0108225 0.00598131 0.00297312 0.00128948 0.000469531
 3.67234e-11 1.72729e-09 5.62569e-08 1.26873e-06 1.98131e-05 0.000214251 0.00160431 0.00831898 0.029879 0.0743975 0.128868 0.157385 0.142323 0.109844 0.0895709 0.0785018 0.0633192 0.0450369 0.0298888 0.0189861 0.0112334 0.00604296 0.00290915 0.00122236 0.000433604
 3.55542e-11 1.6723e-09 5.44657e-08 1.22834e-06 1.91823e-05 0.00020743 0.00155323 0.00805419 0.0289286 0.0720383 0.124831 0.152684 0.138818 0.108732 0.0906946 0.0809852 0.0664012 0.0482323 0.0327335 0.0210804 0.0124873 0.00665028 0.00313981 0.00128516 0.000442874
 3.66448e-11 1.72359e-09 5.61364e-08 1.26601e-06 1.97706e-05 0.000213792 0.00160087 0.00830111 0.0298142 0.0742307 0.128541 0.156808 0.141241 0.107889 0.0868613 0.0761384 0.062678 0.046448 0.0324372 0.0214937 0.0130421 0.00706182 0.00335221 0.00136292 0.000462069
 3.81678e-11 1.79523e-09 5.84695e-08 1.31863e-06 2.05923e-05 0.000222677 0.0016674 0.00864602 0.031052 0.0773031 0.133797 0.162911 0.145741 0.109187 0.08515 0.0726105 0.058417 0.04218 0.0288326 0.0190513 0.0117502 0.00652644 0.00317403 0.00131192 0.00044758
 3.71583e-11 1.74775e-09 5.69231e-08 1.28376e-06 2.00477e-05 0.000216788 0.0016233 0.00841746 0.0302323 0.0752734 0.130359 0.15908 0.143454 0.10987 0.0885574 0.0769733 0.0618245 0.0438771 0.029178 0.0187314 0.0113053 0.00622783 0.00304972 0.00128178 0.000445406
 3.47802e-11 1.63589e-09 5.328e-08 1.2016e-06 1.87647e-05 0.000202914 0.00151942 0.00787891 0.0282998 0.070479 0.122174 0.149648 0.136744 0.108538 0.092223 0.0832878 0.0685343 0.0497992 0.033777 0.0217589 0.0129395 0.00696162 0.00334025 0.00139048 0.000484087
 3.41178e-11 1.60474e-09 5.22653e-08 1.17871e-06 1.84073e-05 0.000199049 0.00149048 0.00772884 0.0277606 0.0691353 0.119838 0.146758 0.134019 0.106258 0.0903952 0.0823979 0.0693814 0.0524748 0.0373483 0.0250488 0.0152853 0.00830758 0.00396679 0.00162845 0.000558875
 3.56635e-11 1.67744e-09 5.46332e-08 1.23211e-06 1.92412e-05 0.000208067 0.001558 0.00807887 0.0290164 0.0722487 0.125138 0.152793 0.138068 0.106418 0.0869099 0.0771285 0.064265 0.0485511 0.0349428 0.0240832 0.0152843 0.00864838 0.00425569 0.0017734 0.000609622
 3.68339e-11 1.73249e-09 5.64262e-08 1.27255e-06 1.98727e-05 0.000214896 0.00160913 0.00834395 0.0299679 0.0746121 0.129193 0.157558 0.141771 0.107963 0.0864283 0.0752321 0.0613783 0.045048 0.0314754 0.0213597 0.013616 0.0078743 0.00400162 0.00172395 0.000608548
 3.87169e-11 1.82106e-09 5.93106e-08 1.3376e-06 2.08886e-05 0.000225881 0.00169138 0.00877037 0.0314982 0.0784094 0.135682 0.165066 0.147216 0.109332 0.0840765 0.0709774 0.0568583 0.0409264 0.0278469 0.0183315 0.0113659 0.00646293 0.00328423 0.00143685 0.000519553
 3.57291e-11 1.68053e-09 5.47337e-08 1.23438e-06 1.92766e-05 0.00020845 0.00156087 0.00809383 0.0290713 0.0723962 0.125469 0.153548 0.139862 0.110038 0.0921587 0.0819324 0.0660144 0.0464957 0.0305609 0.019428 0.0116618 0.00642878 0.00318395 0.00137278 0.000495724
 3.43698e-11 1.61659e-09 5.26513e-08 1.18742e-06 1.85433e-05 0.00020052 0.00150149 0.00778594 0.0279658 0.0696475 0.120733 0.147889 0.13516 0.107367 0.0914916 0.0832216 0.0694814 0.0516465 0.035821 0.0233166 0.0138362 0.00739033 0.00352987 0.00147427 0.00052015
 3.56578e-11 1.67717e-09 5.46244e-08 1.23192e-06 1.92381e-05 0.000208034 0.00155775 0.00807757 0.0290118 0.0722376 0.125122 0.152789 0.138113 0.10656 0.0871784 0.0775086 0.0646996 0.0489188 0.0350673 0.0238637 0.0148192 0.00816416 0.00392058 0.00160969 0.000552546
 3.68821e-11 1.73476e-09 5.65e-08 1.27421e-06 1.98987e-05 0.000215177 0.00161123 0.00835486 0.0300071 0.0747091 0.129358 0.157746 0.141894 0.107964 0.0863229 0.0750999 0.0613037 0.0450618 0.0315412 0.0214022 0.0135743 0.00775372 0.00386616 0.00162998 0.000564609
#obs catch len freq
 2.4601e-11 1.15711e-09 3.76864e-08 8.49925e-07 1.32728e-05 0.000143527 0.00107474 0.00557326 0.0200213 0.0498913 0.0866874 0.107138 0.100998 0.0868047 0.0823997 0.0818644 0.0753702 0.0658382 0.0581517 0.0515058 0.043871 0.034779 0.0248247 0.0152923 0.00775651
 2.57963e-11 1.21334e-09 3.95175e-08 8.91221e-07 1.39177e-05 0.000150501 0.00112696 0.00584397 0.020993 0.0523048 0.0908273 0.112003 0.104789 0.0884918 0.0824287 0.0814356 0.0752031 0.0653844 0.0562184 0.047888 0.0397615 0.0314286 0.0226015 0.0139995 0.00710589
 5.37677e-12 2.52897e-10 8.23671e-09 1.8576e-07 2.90095e-06 3.13718e-05 0.000234973 0.0012197 0.00439881 0.0111311 0.0204995 0.0307871 0.0463894 0.0750658 0.109933 0.129016 0.12366 0.107003 0.090819 0.0760706 0.0616056 0.0474188 0.0335375 0.0206727 0.010503
 1.48265e-14 6.97387e-13 2.27158e-11 5.12511e-10 8.01673e-09 8.72543e-08 6.70154e-07 3.82106e-06 1.86645e-05 9.54034e-05 0.00050222 0.0022353 0.00752463 0.0190773 0.0386739 0.0678252 0.105546 0.140078 0.153682 0.14224 0.116976 0.0885828 0.0612408 0.0370644 0.0186331
 5.20786e-11 2.44952e-09 7.97794e-08 1.79923e-06 2.80975e-05 0.000303833 0.00227504 0.0117958 0.0423501 0.105285 0.181245 0.21605 0.178346 0.10203 0.0408028 0.0126081 0.00613818 0.00863312 0.0138814 0.0183696 0.019534 0.0169543 0.0122612 0.00742173 0.00368507
 3.31786e-11 1.56056e-09 5.08265e-08 1.14627e-06 1.79006e-05 0.000193571 0.00144948 0.0075166 0.0270038 0.0673037 0.117027 0.145017 0.137791 0.11983 0.112001 0.101034 0.0724149 0.0380836 0.0158292 0.00811839 0.00761559 0.00797949 0.00684046 0.0045687 0.00236334
 4.03474e-11 1.89775e-09 6.18084e-08 1.39393e-06 2.17683e-05 0.000235393 0.0017626 0.0091395 0.0328216 0.0816801 0.141181 0.171005 0.150122 0.106611 0.0767173 0.0637697 0.0545207 0.0432867 0.0304028 0.0178291 0.00878003 0.0044019 0.00278888 0.00187655 0.00104545
 3.68434e-11 1.73294e-09 5.64407e-08 1.27288e-06 1.98778e-05 0.000214951 0.00160955 0.00834618 0.0299769 0.0746427 0.129303 0.157966 0.142996 0.110609 0.0902433 0.0784787 0.0621139 0.0432123 0.0287508 0.0190064 0.0116402 0.00616174 0.00286085 0.00127742 0.000568947
 3.85184e-11 1.81172e-09 5.90065e-08 1.33074e-06 2.07815e-05 0.000224722 0.00168271 0.00872539 0.0313366 0.0780057 0.134974 0.164166 0.146292 0.108437 0.0833229 0.0708311 0.0578146 0.0427558 0.0295989 0.0192802 0.0115438 0.00626041 0.00301389 0.0012578 0.000454424
 3.47684e-11 1.63534e-09 5.32618e-08 1.20119e-06 1.87583e-05 0.000202845 0.0015189 0.00787624 0.0282904 0.0704566 0.122143 0.14965 0.136864 0.108848 0.0926174 0.0833951 0.0680261 0.0488856 0.0331256 0.0217639 0.013365 0.00738009 0.00357358 0.0014826 0.000515368
 3.50305e-11 1.64767e-09 5.36634e-08 1.21025e-06 1.88997e-05 0.000204374 0.00153035 0.0079355 0.028502 0.0709708 0.122948 0.15023 0.136113 0.105708 0.0874498 0.0786679 0.0665444 0.0510529 0.0368542 0.0249365 0.0153554 0.00848648 0.00414714 0.00173907 0.000604994
 3.70484e-11 1.74258e-09 5.67546e-08 1.27996e-06 1.99884e-05 0.000216147 0.0016185 0.00839248 0.0301418 0.075039 0.129893 0.158233 0.141802 0.106803 0.0841846 0.0728796 0.0600906 0.0452482 0.0326974 0.0228204 0.0147388 0.00849144 0.00425207 0.00180439 0.000632018
 3.8344e-11 1.80352e-09 5.87393e-08 1.32472e-06 2.06874e-05 0.000223705 0.00167509 0.00868591 0.0311951 0.0776558 0.134386 0.16353 0.145976 0.108692 0.083952 0.0711546 0.057237 0.0415436 0.028756 0.0194608 0.0124841 0.00732068 0.0037878 0.00166298 0.000597866
 3.78969e-11 1.78249e-09 5.80544e-08 1.30927e-06 2.04462e-05 0.000221097 0.00165556 0.00858469 0.0308323 0.0767595 0.132882 0.16192 0.145247 0.109633 0.0864472 0.0741021 0.0593606 0.0423016 0.0283791 0.0184665 0.0113825 0.00647723 0.00331669 0.00147018 0.000540188
 3.81736e-11 1.7955e-09 5.84783e-08 1.31883e-06 2.05955e-05 0.000222711 0.00166765 0.00864735 0.031057 0.0773157 0.133822 0.162963 0.145852 0.10941 0.0855126 0.0730593 0.0588256 0.0423715 0.0286503 0.0185271 0.0111501 0.00612132 0.00302244 0.00130559 0.000474829
 3.64343e-11 1.71369e-09 5.58139e-08 1.25874e-06 1.96571e-05 0.000212564 0.00159168 0.00825349 0.029644 0.0738131 0.127862 0.156189 0.141347 0.109319 0.0894487 0.0786682 0.063746 0.0457287 0.0307743 0.0198985 0.0119859 0.00653497 0.00316409 0.00132839 0.000469549
 3.61344e-11 1.69959e-09 5.53545e-08 1.24838e-06 1.94953e-05 0.000210814 0.00157857 0.00818553 0.0293997 0.0732024 0.126788 0.154802 0.139859 0.107732 0.0878354 0.0776527 0.064137 0.0475609 0.0331629 0.0219101 0.0132848 0.00723743 0.00348729 0.00144877 0.000503334
 3.81952e-11 1.79652e-09 5.85114e-08 1.31958e-06 2.06071e-05 0.000222837 0.00166859 0.00865219 0.031074 0.077354 0.133861 0.16288 0.145363 0.108192 0.0836127 0.0711828 0.0578885 0.0427461 0.030009 0.0202291 0.0126134 0.0070473 0.00344656 0.0014374 0.000497264
 3.68583e-11 1.73364e-09 5.64635e-08 1.27339e-06 1.98859e-05 0.000215038 0.0016102 0.00834951 0.0299884 0.0746665 0.129312 0.157824 0.14239 0.109205 0.0882342 0.0769109 0.0620582 0.0444723 0.0301084 0.0198337 0.0123304 0.00697905 0.0034857 0.00148396 0.000520739
 3.74533e-11 1.76162e-09 5.7375e-08 1.29395e-06 2.02069e-05 0.000218509 0.00163619 0.00848422 0.0304714 0.0758612 0.131327 0.160028 0.143566 0.10844 0.0857702 0.074158 0.0604898 0.0443689 0.0306253 0.02014 0.0122733 0.00680082 0.00336653 0.00144077 0.000512426
 3.14271e-11 1.47818e-09 4.81433e-08 1.08575e-06 1.69556e-05 0.000183352 0.00137295 0.00711958 0.0255753 0.0637216 0.110651 0.136436 0.127558 0.107235 0.0980963 0.0924008 0.0771164 0.0564557 0.0388564 0.025723 0.0158478 0.00881559 0.00433373 0.00183449 0.000648269
 3.65721e-11 1.72018e-09 5.6025e-08 1.26351e-06 1.97315e-05 0.000213368 0.00159769 0.00828453 0.0297535 0.0740667 0.128171 0.155954 0.139196 0.103763 0.0809373 0.0708871 0.0611046 0.0491754 0.0374064 0.0263072 0.0165996 0.00931704 0.004604 0.00195222 0.000688059
 3.51619e-11 1.65385e-09 5.38647e-08 1.21479e-06 1.89706e-05 0.000205141 0.00153609 0.00796531 0.0286095 0.0712434 0.123452 0.150996 0.137269 0.10746 0.0894599 0.0795429 0.0648742 0.0473293 0.0334214 0.02357 0.0157888 0.0094751 0.00489974 0.00212562 0.00075618
 3.83733e-11 1.8049e-09 5.87843e-08 1.32573e-06 2.07032e-05 0.000223876 0.00167637 0.00869252 0.0312184 0.0777097 0.13445 0.163474 0.145499 0.107478 0.0821438 0.0696391 0.0570014 0.0426192 0.0302242 0.0205282 0.0130846 0.00770872 0.00407796 0.00184583 0.000682882
 3.74079e-11 1.75949e-09 5.73053e-08 1.29238e-06 2.01824e-05 0.000218244 0.0016342 0.00847395 0.030435 0.0757743 0.131203 0.160001 0.14393 0.109485 0.0873262 0.0753389 0.0603421 0.042934 0.0289473 0.0191367 0.0120347 0.00695232 0.00359523 0.00161261 0.000603268
 3.4757e-11 1.6348e-09 5.32445e-08 1.2008e-06 1.87522e-05 0.000202779 0.00151841 0.00787365 0.0282809 0.0704307 0.122083 0.149508 0.136519 0.108164 0.0917006 0.082767 0.0682174 0.0497632 0.0339707 0.0221196 0.0134141 0.00745596 0.00374161 0.00164267 0.000606268
 3.60233e-11 1.69436e-09 5.51842e-08 1.24454e-06 1.94353e-05 0.000210166 0.00157372 0.00816032 0.0293087 0.0729723 0.126365 0.154168 0.138916 0.106267 0.0859099 0.0759889 0.0636697 0.0485379 0.0349856 0.0237737 0.0147161 0.00814994 0.00399591 0.00170019 0.000609839
 3.70228e-11 1.74137e-09 5.67154e-08 1.27908e-06 1.99746e-05 0.000215997 0.00161738 0.00838671 0.0301213 0.0749911 0.12983 0.158249 0.142112 0.107639 0.0854869 0.0741044 0.0605695 0.0447933 0.0316892 0.0217796 0.0139715 0.00804593 0.00404166 0.00172485 0.000610188
#spawning biomass
 59131.6 63203.9 52487.9 38080.3 38725.7 76104.6 109007 153040 186526 223644 259325 249627 276384 284820 309673 272655 260520 241837 271795 298493 310569 274444 262441 266017 298585 290006 272243 263760 243330 342872 240903 150798 92786.8 59885.6 42536.9 33793.5 29513.9 27459.4 26485.9 26028.7 25815.3 25716.1 25670.1 25648.8 25639 25634.5 25632.4 25631.4 25631 25630.8 25630.7 25630.7 25630.6 25630.6 25630.6 25630.6 25630.6 25630.6 25630.6 25630.6 25630.6 25630.6 25630.6 25630.6 25630.6 25630.6 25630.6 25630.6 25630.6 25630.6 25630.6 25630.6 25630.6 25630.6 25630.6 25630.6 25630.6 25630.6 25630.6 25630.6 25630.6 25630.6 25630.6 25630.6 25630.6 25630.6 25630.6 25630.6 25630.6 25630.6 25630.6 25630.6 25630.6 25630.6 25630.6 25630.6 25630.6 25630.6 25630.6 25630.6 25630.6 25630.6 25630.6 25630.6 25630.6 25630.6 25630.6 25630.6 25630.6 25630.6 25630.6 25630.6 25630.6 25630.6 25630.6 25630.6 25630.6 25630.6 25630.6 25630.6 25630.6 25630.6 25630.6 25630.6 25630.6 25630.6 25630.6 25630.6 0 0 0 0 0 0 0 0 0 0 0 0 0 0 0 0 0 0 0 0 0 0 0 0 0
