SBPRF35
0.256306
Curr Bio
199673
B35
210861
F35
0.396212
FOFL
0.396212
OFL
79197.7
Bzero
73230.3
#pred survey bio
 27517.1 23692 18504.2 15845.3 25343.8 40589.4 54421 66740.6 90839.4 115239 132029 177919 222313 252609 244037 232861 208298 195205 216738 225387 225747 224262 227145 251595 258620 276595 279089 272024 290675 7.07734e+06 5.77199e+06 4.10339e+06 2.74569e+06 1.86707e+06 1.35616e+06 1.07464e+06 923043 841602 797313 772682 758589 750274 745221 742067 740054 738755 737906 737345 736971 736721 736553 736440 736364 736313 736278 736255 736239 736228 736221 736216 736213 736211 736209 736208 736207 736207 736207 736206 736206 736206 736206 736206 736206 736206 736206 736206 736206 736206 736206 736206 736206 736206 736206 736206 736206 736206 736206 736206 736206 736206 736206 736206 736206 736206 736206 736206 736206 736206 736206 736206 736206 736206 736206 736206 736206 736206 736206 736206 736206 736206 736206 736206 736206 736206 736206 736206 736206 736206 736206 736206 736206 736206 736206 736206 736206 736206 736206 736206 736206 0 0 0 0 0 0 0 0 0 0 0 0 0 0 0 0 0 0 0 0 0 0 0 0 0
#obs survey bio
 27041 17662.9 13848.1 16543.8 25675.5 56165.4 56145.7 74213.4 119386 105354 115279 225001 205797 208493 248368 184975 179039 221763 228982 283175 254082 186009 233877 239358 261682 221831 206557 304907 307463
#pred catch bio
 4558.5 3985.77 4213.06 2898.97 4433.88 7645.03 12004.1 13911.1 23323.8 40233 39210.4 60377.9 84537.5 111441 105253 110151 93692.8 68321.3 84210.6 92297.5 93832.4 94589.6 87942.1 106463 99963.2 108500 115080 103146 108428 79197.7 73012 50224.6 32219.5 21004.4 14784.3 11561.7 9962 9189.66 8823.6 8652.26 8572.74 8536.05 8519.19 8511.46 8507.92 8506.31 8505.58 8505.25 8505.09 8505.03 8504.99 8504.98 8504.97 8504.97 8504.97 8504.97 8504.97 8504.97 8504.97 8504.97 8504.97 8504.97 8504.97 8504.97 8504.97 8504.97 8504.97 8504.97 8504.97 8504.97 8504.97 8504.97 8504.97 8504.97 8504.97 8504.97 8504.97 8504.97 8504.97 8504.97 8504.97 8504.97 8504.97 8504.97 8504.97 8504.97 8504.97 8504.97 8504.97 8504.97 8504.97 8504.97 8504.97 8504.97 8504.97 8504.97 8504.97 8504.97 8504.97 8504.97 8504.97 8504.97 8504.97 8504.97 8504.97 8504.97 8504.97 8504.97 8504.97 8504.97 8504.97 8504.97 8504.97 8504.97 8504.97 8504.97 8504.97 8504.97 8504.97 8504.97 8504.97 8504.97 8504.97 8504.97 8504.97 8504.97 8504.97 8504.97 8504.97 0 0 0 0 0 0 0 0 0 0 0 0 0 0 0 0 0 0 0 0 0 0 0 0 0
#obs catch bio
 3224.27 4108.75 4645.84 2973.27 4395.39 7255.26 11431.1 13024.6 21368.9 36234 36514.6 56374.4 81738.5 112240 108083 117742 96085.8 68023.7 83629.2 91139.8 91653.4 95211.6 85649.7 108587 101409 113572 120278 104699 108167
#pred cpue bio
 26472.6 23309.2 18283.6 14972.9 22583.2 37257 50925.8 62322.4 83610 106618 121071 162025 203133 231325 224583 214946 191188 179710 200215 207623 208021 206534 208255 230403 237089 254767 258395 251021 267430 6.54062e+06 5.71521e+06 4.06652e+06 2.7092e+06 1.83058e+06 1.31968e+06 1.03816e+06 886559 805118 760829 736198 722105 713790 708737 705583 703570 702271 701422 700860 700487 700237 700069 699956 699880 699829 699794 699771 699755 699744 699737 699732 699729 699727 699725 699724 699723 699723 699723 699722 699722 699722 699722 699722 699722 699722 699722 699722 699722 699722 699722 699722 699722 699722 699722 699722 699722 699722 699722 699722 699722 699722 699722 699722 699722 699722 699722 699722 699722 699722 699722 699722 699722 699722 699722 699722 699722 699722 699722 699722 699722 699722 699722 699722 699722 699722 699722 699722 699722 699722 699722 699722 699722 699722 699722 699722 699722 699722 699722 699722 699722 0 0 0 0 0 0 0 0 0 0 0 0 0 0 0 0 0 0 0 0 0 0 0 0 0
#obs cpue bio
 25998.5 13998 12791.5 20876.1 40101.6 62749.1 52082.4 80527.9 96659.8 172932 130982 171261 189296 243830 169257 200378 234778 151033 224290 178363 208590 217041 244266 198685 207234 235860 310755 229906 278376
#pred surv len freq
 2.44754e-11 1.15121e-09 3.74941e-08 8.45585e-07 1.3205e-05 0.000142795 0.00106925 0.00554478 0.0199186 0.049633 0.0862206 0.106476 0.10011 0.0855441 0.080802 0.0804082 0.0744231 0.0647853 0.0557847 0.0477286 0.0406194 0.0347902 0.0292653 0.0224205 0.0142998
 1.13931e-11 5.35878e-10 1.74532e-08 3.93614e-07 6.14688e-06 6.64714e-05 0.000497779 0.00258207 0.00928642 0.0232465 0.0411118 0.0542006 0.0619087 0.0752095 0.0959149 0.108795 0.105217 0.0933851 0.0811458 0.0689857 0.056843 0.0456857 0.0354368 0.0252186 0.0152564
 1.02985e-11 4.84391e-10 1.57763e-08 3.55795e-07 5.55627e-06 6.00838e-05 0.000449922 0.00233336 0.00838532 0.0209255 0.0365646 0.0461762 0.0468166 0.0477724 0.0572288 0.0730958 0.0906929 0.105374 0.109938 0.101618 0.085374 0.0670018 0.0491249 0.0325822 0.0184801
 3.4761e-11 1.63499e-09 5.32506e-08 1.20093e-06 1.87543e-05 0.000202801 0.00151854 0.00787373 0.0282723 0.0703228 0.121304 0.145766 0.124201 0.0801225 0.0474568 0.0345598 0.0334021 0.0384147 0.0466027 0.0531042 0.0531402 0.0458352 0.0341693 0.0219211 0.0117905
 4.45911e-11 2.09735e-09 6.83094e-08 1.54055e-06 2.40579e-05 0.000260151 0.00194798 0.0101005 0.0362699 0.0902344 0.155778 0.187788 0.161889 0.10824 0.0678619 0.046837 0.0324663 0.0207516 0.01439 0.0132347 0.0141262 0.0140081 0.011665 0.00788137 0.00424404
 3.51459e-11 1.6531e-09 5.38403e-08 1.21423e-06 1.8962e-05 0.000205048 0.0015354 0.00796187 0.0285989 0.0712353 0.123563 0.151712 0.139762 0.113104 0.0978965 0.0872801 0.0674028 0.042973 0.0243464 0.0138185 0.00897652 0.00709477 0.00588364 0.00423182 0.00239817
 3.05572e-11 1.43726e-09 4.68108e-08 1.0557e-06 1.64863e-05 0.000178277 0.00133494 0.00692248 0.0248668 0.0619532 0.107557 0.132512 0.123577 0.103438 0.0948641 0.0914929 0.0804655 0.0631864 0.0451767 0.028707 0.0160036 0.00844778 0.00479719 0.00290391 0.00159772
 3.22283e-11 1.51587e-09 4.93708e-08 1.11343e-06 1.73879e-05 0.000188026 0.00140794 0.00730078 0.0262227 0.065302 0.11317 0.138486 0.12615 0.0995115 0.0846783 0.079003 0.0706674 0.0591709 0.0474124 0.0351601 0.0229202 0.0128477 0.00630266 0.00285196 0.00122702
 3.62929e-11 1.70704e-09 5.55973e-08 1.25386e-06 1.95808e-05 0.000211739 0.00158549 0.00822129 0.0295263 0.0735021 0.127198 0.154789 0.138204 0.103062 0.080183 0.0694525 0.0587057 0.0466911 0.0366315 0.0281935 0.0201504 0.0126968 0.00679511 0.00303788 0.00114125
 3.41482e-11 1.60617e-09 5.23119e-08 1.17976e-06 1.84237e-05 0.000199227 0.00149181 0.00773574 0.0277853 0.0691964 0.11994 0.146866 0.134051 0.106082 0.0897571 0.0808698 0.0666958 0.0492472 0.035144 0.0251589 0.0175509 0.0113815 0.00650594 0.00311545 0.00120633
 3.65352e-11 1.71844e-09 5.59685e-08 1.26223e-06 1.97115e-05 0.000213153 0.00159608 0.00827624 0.0297243 0.0740011 0.128105 0.156092 0.140013 0.105765 0.0838843 0.0732909 0.0612255 0.046765 0.0339468 0.0235543 0.0153565 0.00936234 0.0052318 0.00255026 0.00102556
 3.79166e-11 1.78342e-09 5.80847e-08 1.30995e-06 2.04568e-05 0.000221212 0.00165642 0.00858911 0.0308474 0.0767915 0.132896 0.161744 0.144473 0.107781 0.083573 0.0712258 0.0578165 0.042638 0.0301479 0.0208024 0.0135369 0.0080717 0.00432806 0.00203317 0.000805563
 3.67608e-11 1.72905e-09 5.63141e-08 1.27002e-06 1.98332e-05 0.000214469 0.00160594 0.00832741 0.0299089 0.0744684 0.128966 0.15739 0.141959 0.108802 0.0878559 0.0766473 0.0620416 0.0447032 0.0304494 0.0201861 0.0127074 0.00739671 0.00388351 0.00177903 0.000685641
 3.62583e-11 1.70541e-09 5.55443e-08 1.25266e-06 1.95621e-05 0.000211537 0.00158398 0.00821359 0.0295003 0.0734531 0.127222 0.155328 0.14032 0.108042 0.0879745 0.0775449 0.0636734 0.0467901 0.0323526 0.0213525 0.0130967 0.00734179 0.003713 0.00164776 0.000618159
 3.49841e-11 1.64548e-09 5.35924e-08 1.20864e-06 1.88747e-05 0.000204103 0.00152833 0.00792506 0.028465 0.0708861 0.122849 0.150332 0.13691 0.107726 0.0904723 0.0812555 0.067045 0.049286 0.0341955 0.0227688 0.014077 0.00786587 0.00390149 0.00167868 0.000608884
 3.43986e-11 1.61795e-09 5.26955e-08 1.18841e-06 1.85588e-05 0.000200688 0.00150275 0.00779244 0.0279888 0.0697014 0.120804 0.147868 0.134797 0.106373 0.0898575 0.081429 0.0682151 0.0513337 0.0365068 0.024716 0.0154224 0.00866857 0.00430656 0.00184032 0.000656294
 3.59715e-11 1.69193e-09 5.5105e-08 1.24275e-06 1.94074e-05 0.000209864 0.00157146 0.00814862 0.0292668 0.0728701 0.126202 0.154034 0.139 0.106729 0.08664 0.0764916 0.0634347 0.0476337 0.0340679 0.02341 0.0149097 0.00854521 0.00430353 0.00185102 0.000659792
 3.49932e-11 1.64591e-09 5.36064e-08 1.20896e-06 1.88796e-05 0.000204157 0.00152872 0.00792712 0.0284724 0.0709038 0.122875 0.150344 0.136854 0.107536 0.0901165 0.0807607 0.0664915 0.0488217 0.0340302 0.0230301 0.014658 0.00849122 0.00434745 0.00190095 0.000685942
 3.43389e-11 1.61514e-09 5.2604e-08 1.18635e-06 1.85266e-05 0.000200339 0.00150014 0.0077789 0.0279401 0.0695784 0.12058 0.147545 0.134346 0.105713 0.0890144 0.0807175 0.0680281 0.0517367 0.0372075 0.0254167 0.0160255 0.00916907 0.00467586 0.00205665 0.000750692
 3.52117e-11 1.65619e-09 5.39411e-08 1.21651e-06 1.89975e-05 0.000205431 0.00153827 0.00797655 0.0286491 0.071336 0.12357 0.150941 0.136595 0.105712 0.0868915 0.0775445 0.064963 0.049468 0.0359931 0.0251469 0.0162572 0.00945431 0.00483951 0.00212306 0.000773992
 3.49812e-11 1.64535e-09 5.3588e-08 1.20854e-06 1.88731e-05 0.000204087 0.0015282 0.00792437 0.0284622 0.0708754 0.122805 0.150161 0.136379 0.106543 0.0886438 0.0793489 0.0658318 0.0491456 0.0350259 0.0242375 0.0157503 0.00930582 0.00485361 0.00216016 0.00079351
 3.51259e-11 1.65216e-09 5.38097e-08 1.21354e-06 1.89512e-05 0.000204931 0.00153452 0.00795714 0.0285797 0.0711664 0.123298 0.15071 0.136707 0.106458 0.0882201 0.0789152 0.0656947 0.0492778 0.0351154 0.0240717 0.0154226 0.00902678 0.0047132 0.00211843 0.000788338
 3.62485e-11 1.70495e-09 5.55293e-08 1.25232e-06 1.95568e-05 0.00021148 0.00158355 0.00821135 0.0294919 0.073429 0.127159 0.155147 0.139829 0.10699 0.0863674 0.0758874 0.0626654 0.0467948 0.0332689 0.0227946 0.0145774 0.00848184 0.00439322 0.00196437 0.000731491
 3.64044e-11 1.71229e-09 5.57681e-08 1.25771e-06 1.96409e-05 0.000212389 0.00159037 0.00824667 0.0296188 0.0737459 0.127713 0.15585 0.140545 0.107692 0.0870438 0.0763244 0.0625546 0.046089 0.032266 0.0218572 0.0138901 0.00805137 0.00415426 0.00184859 0.000685159
 3.60246e-11 1.69443e-09 5.51864e-08 1.24459e-06 1.94361e-05 0.000210174 0.00157378 0.00816069 0.0293105 0.0729826 0.126421 0.154413 0.139698 0.107982 0.0883915 0.0780737 0.0639846 0.0468788 0.0324789 0.0216995 0.0135832 0.00776745 0.00396811 0.00175401 0.000646904
 3.48853e-11 1.64084e-09 5.3441e-08 1.20523e-06 1.88214e-05 0.000203527 0.00152401 0.00790266 0.0283845 0.0706843 0.122491 0.149857 0.13636 0.10707 0.0897385 0.0807194 0.0670561 0.0498726 0.0350272 0.0235189 0.014646 0.00827541 0.00416739 0.001818 0.000663626
 3.36773e-11 1.58402e-09 5.15905e-08 1.16349e-06 1.81696e-05 0.000196479 0.00147124 0.00762908 0.0274026 0.0682461 0.118314 0.144973 0.132649 0.105709 0.0905401 0.0828289 0.0697978 0.0528932 0.0379922 0.0260352 0.0164563 0.00936587 0.00470901 0.00203695 0.000735082
 3.48099e-11 1.63729e-09 5.33255e-08 1.20262e-06 1.87807e-05 0.000203087 0.00152071 0.00788554 0.0283224 0.0705246 0.122178 0.149305 0.135324 0.105182 0.0870621 0.0782099 0.0659684 0.0506523 0.0371112 0.025999 0.01681 0.0097706 0.00498992 0.00217536 0.000785196
 3.5525e-11 1.67092e-09 5.4421e-08 1.22733e-06 1.91665e-05 0.000207259 0.00155195 0.00804749 0.0289038 0.0719686 0.124656 0.15222 0.137596 0.106143 0.0867606 0.0769535 0.0639733 0.0482298 0.0348433 0.0244145 0.016011 0.00951066 0.00496963 0.00220956 0.000808825
#obs surv len freq
 2.22439e-11 1.04625e-09 3.40756e-08 7.68491e-07 1.20011e-05 0.000129776 0.000971777 0.00503944 0.0181055 0.0451354 0.0785482 0.0976634 0.0939315 0.084522 0.0844413 0.0861368 0.0799156 0.0695095 0.0604694 0.0528184 0.045433 0.0377696 0.029128 0.019569 0.0107498
 1.08119e-15 5.09218e-14 1.66726e-12 3.8387e-11 6.48223e-10 9.10369e-09 1.3045e-07 1.95915e-06 2.53306e-05 0.000243746 0.00165745 0.00785887 0.0259674 0.0602225 0.100021 0.12469 0.127479 0.119042 0.107307 0.0930006 0.0773946 0.0619095 0.0462226 0.0304097 0.0165475
 1.47332e-11 6.92979e-10 2.25699e-08 5.09007e-07 7.94887e-06 8.59553e-05 0.000643615 0.00333708 0.011981 0.0297857 0.0512784 0.0611671 0.0508492 0.0312276 0.0214347 0.0327251 0.0632224 0.0978968 0.118367 0.118356 0.104103 0.0834088 0.0607085 0.0387759 0.0206378
 5.09495e-11 2.39642e-09 7.80497e-08 1.76022e-06 2.74883e-05 0.000297246 0.00222572 0.0115402 0.041434 0.103023 0.177458 0.212042 0.176686 0.104771 0.047469 0.0198508 0.0101671 0.00827057 0.010807 0.0150159 0.017422 0.0163678 0.0126836 0.00815943 0.00427962
 3.42084e-11 1.609e-09 5.2404e-08 1.18184e-06 1.84562e-05 0.000199579 0.00149446 0.00774973 0.0278397 0.0693708 0.12051 0.148817 0.139781 0.118416 0.107649 0.0963143 0.0699774 0.0382804 0.0168661 0.00837755 0.0070361 0.00735085 0.00664537 0.00472027 0.00258541
 3.86819e-11 1.81941e-09 5.9257e-08 1.3364e-06 2.08697e-05 0.000225677 0.00168985 0.00876234 0.0314683 0.0783237 0.135457 0.16444 0.145551 0.105954 0.0796512 0.0684068 0.0590441 0.0469433 0.0331622 0.0197271 0.00986718 0.00492184 0.00307081 0.00209789 0.00121324
 2.49504e-11 1.17355e-09 3.82216e-08 8.61995e-07 1.34613e-05 0.000145566 0.00109003 0.00565293 0.0203131 0.050674 0.0884256 0.111058 0.110279 0.105734 0.110889 0.111205 0.0939924 0.0689234 0.0483187 0.0330962 0.0206275 0.0110325 0.00516197 0.00232011 0.00104629
 4.21537e-11 1.98271e-09 6.45754e-08 1.45634e-06 2.27428e-05 0.000245931 0.0018415 0.00954837 0.0342869 0.0852963 0.147224 0.177348 0.152533 0.101573 0.0646287 0.0495552 0.0442045 0.0399776 0.0337048 0.0250994 0.0163035 0.00930399 0.00461958 0.00196327 0.000718521
 3.56933e-11 1.67884e-09 5.46787e-08 1.23314e-06 1.92573e-05 0.000208241 0.00155931 0.00808577 0.029043 0.0723309 0.125392 0.153624 0.140455 0.111459 0.0939283 0.0823759 0.0635915 0.0420414 0.0270882 0.0189987 0.0135523 0.00869529 0.00470086 0.00209121 0.000757956
 3.81455e-11 1.79418e-09 5.84353e-08 1.31786e-06 2.05803e-05 0.000222547 0.00166642 0.00864092 0.0310332 0.0772501 0.133664 0.162561 0.144834 0.10734 0.0826369 0.0708183 0.0587762 0.0443886 0.0310446 0.0200736 0.0120296 0.00687704 0.00370313 0.00174629 0.000671933
 3.93802e-11 1.85225e-09 6.03267e-08 1.36052e-06 2.12465e-05 0.000229751 0.00172036 0.00892058 0.0320372 0.0797454 0.137956 0.167656 0.148955 0.109402 0.0825807 0.0687218 0.0547165 0.0394191 0.027106 0.018129 0.011296 0.00632659 0.00315295 0.00138553 0.000520879
 3.93626e-11 1.85143e-09 6.02998e-08 1.35991e-06 2.1237e-05 0.000229648 0.00171959 0.00891662 0.0320233 0.0797142 0.137924 0.167722 0.149349 0.110391 0.0841431 0.0703137 0.0555864 0.0391774 0.0259446 0.0166513 0.0101055 0.00562784 0.00279888 0.0012042 0.000434923
 3.61222e-11 1.69901e-09 5.53358e-08 1.24796e-06 1.94887e-05 0.000210743 0.00157804 0.00818283 0.0293907 0.073187 0.12681 0.155053 0.140799 0.109888 0.0910526 0.0805731 0.0651086 0.0461947 0.0305151 0.0192914 0.011379 0.00612174 0.00295581 0.00124564 0.000441921
 3.68382e-11 1.73269e-09 5.64327e-08 1.2727e-06 1.9875e-05 0.00021492 0.00160932 0.00834491 0.0299713 0.0746189 0.129195 0.157517 0.1416 0.107593 0.0860114 0.0752613 0.0623091 0.0466266 0.0327423 0.0215671 0.0128903 0.00687549 0.00324468 0.00132833 0.00045827
 3.18804e-11 1.4995e-09 4.88378e-08 1.10142e-06 1.72002e-05 0.000185997 0.00139275 0.00722222 0.0259434 0.0646327 0.112192 0.13814 0.128532 0.106806 0.0963709 0.0902273 0.0754415 0.0556964 0.0388794 0.026155 0.0163039 0.00906821 0.00438348 0.00179789 0.000611471
 3.55508e-11 1.67214e-09 5.44604e-08 1.22822e-06 1.91804e-05 0.000207409 0.00155307 0.00805325 0.0289237 0.0720095 0.124669 0.151966 0.136515 0.103627 0.0831135 0.0740178 0.0638386 0.0510243 0.0385968 0.0271688 0.0172699 0.00978958 0.00486671 0.00205634 0.000713969
 3.55742e-11 1.67324e-09 5.44962e-08 1.22903e-06 1.9193e-05 0.000207546 0.0015541 0.00805865 0.0289441 0.0720706 0.124845 0.152505 0.138026 0.106797 0.0875331 0.0773687 0.0635461 0.0471195 0.0338102 0.0239885 0.0160474 0.00962171 0.00498887 0.002173 0.00077395
 3.33168e-11 1.56706e-09 5.10381e-08 1.15104e-06 1.79751e-05 0.000194376 0.00145549 0.00754743 0.0271097 0.0675194 0.117073 0.143545 0.131635 0.105508 0.0910671 0.0836564 0.070493 0.0532589 0.0381129 0.0261973 0.0169075 0.0100483 0.00533621 0.00241911 0.000896165
 3.48443e-11 1.63891e-09 5.33782e-08 1.20381e-06 1.87993e-05 0.000203288 0.00152221 0.00789329 0.0283501 0.07059 0.12227 0.149315 0.13501 0.104291 0.0856655 0.0769109 0.0654811 0.0511201 0.0380537 0.0268863 0.0174626 0.0102548 0.00536293 0.00242496 0.000911678
 3.58802e-11 1.68763e-09 5.4965e-08 1.2396e-06 1.93581e-05 0.000209331 0.00156746 0.00812791 0.0291924 0.0726833 0.125869 0.153584 0.138451 0.106008 0.0856911 0.0754565 0.0626082 0.0473038 0.0344239 0.0244156 0.0162356 0.00976803 0.00516957 0.00233773 0.000876379
 3.44255e-11 1.61921e-09 5.27366e-08 1.18935e-06 1.85733e-05 0.000200845 0.00150392 0.00779854 0.0280108 0.0697561 0.120899 0.147987 0.134908 0.106445 0.0898068 0.081069 0.0673881 0.0502069 0.0356126 0.0245318 0.0159658 0.00955533 0.00510522 0.00234174 0.000887187
 3.61847e-11 1.70195e-09 5.54315e-08 1.25012e-06 1.95224e-05 0.000211107 0.00158077 0.00819685 0.0294397 0.0732956 0.126906 0.15474 0.139148 0.105845 0.0848419 0.074631 0.0624595 0.0477369 0.0347054 0.0240489 0.0154362 0.00903402 0.00474108 0.00216009 0.000820825
 3.61161e-11 1.69873e-09 5.53264e-08 1.24775e-06 1.94854e-05 0.000210708 0.00157777 0.00818137 0.0293845 0.0731633 0.126711 0.154659 0.139574 0.107168 0.0868998 0.0764054 0.0628075 0.046571 0.0330237 0.0227937 0.0147788 0.00870819 0.00454709 0.0020457 0.000768252
 3.68936e-11 1.7353e-09 5.65175e-08 1.27461e-06 1.99049e-05 0.000215243 0.00161173 0.00835743 0.0300162 0.0747297 0.12938 0.15771 0.141663 0.107389 0.0854624 0.0743502 0.061105 0.0454252 0.032069 0.0217888 0.0138555 0.00806361 0.0041963 0.00188626 0.000705633
 3.39847e-11 1.59848e-09 5.20614e-08 1.17412e-06 1.83355e-05 0.000198273 0.00148467 0.00769874 0.027653 0.0688712 0.119408 0.146362 0.134066 0.107099 0.0918561 0.0835928 0.0693575 0.0512032 0.0357776 0.0241262 0.0152276 0.00876097 0.00449674 0.00199834 0.000742188
 3.43464e-11 1.61549e-09 5.26155e-08 1.18661e-06 1.85307e-05 0.000200383 0.00150047 0.00778057 0.0279458 0.0695894 0.120577 0.147439 0.133929 0.104743 0.0875671 0.0794106 0.0676125 0.0523849 0.0384253 0.0265902 0.0168424 0.00962072 0.00488619 0.00214646 0.000788255
 3.12789e-11 1.47121e-09 4.79164e-08 1.08064e-06 1.68757e-05 0.000182487 0.00136647 0.00708593 0.0254535 0.0634095 0.110049 0.135412 0.125718 0.103961 0.0934757 0.0880315 0.0751197 0.0576196 0.0422962 0.0299596 0.0196801 0.0115966 0.00597879 0.00262793 0.000958231
 3.69478e-11 1.73785e-09 5.66005e-08 1.27648e-06 1.99341e-05 0.000215559 0.0016141 0.00836959 0.0300586 0.0748221 0.129451 0.157381 0.140046 0.103476 0.0794948 0.0687303 0.058796 0.0472541 0.0364094 0.0264987 0.0176719 0.0106147 0.00561355 0.00252626 0.000934792
 3.33055e-11 1.56653e-09 5.10208e-08 1.15065e-06 1.7969e-05 0.00019431 0.001455 0.00754492 0.0271012 0.0675032 0.11708 0.143712 0.132285 0.106966 0.093053 0.0849026 0.0697014 0.0507146 0.0356132 0.0251075 0.0170542 0.0105808 0.00575682 0.0026531 0.00100275
#pred catch len freq
 2.15275e-11 1.01255e-09 3.29781e-08 7.43739e-07 1.16146e-05 0.000125596 0.000940479 0.00487716 0.0175227 0.0436859 0.0760476 0.0946573 0.0913724 0.0829126 0.0836928 0.0861281 0.0806012 0.0704365 0.0607624 0.0520304 0.0442933 0.03794 0.0319154 0.0244509 0.0155948
 9.57396e-12 4.50313e-10 1.46664e-08 3.30765e-07 5.16541e-06 5.58582e-05 0.000418312 0.00217008 0.00780784 0.0195762 0.0348318 0.0468968 0.0564826 0.0735115 0.0975974 0.112259 0.109076 0.0970485 0.084462 0.0718605 0.0592282 0.0476066 0.0369276 0.0262796 0.0158982
 8.69365e-12 4.08908e-10 1.33179e-08 3.00351e-07 4.69043e-06 5.07211e-05 0.000379817 0.00196989 0.00708059 0.0176841 0.031 0.0396167 0.0416513 0.045429 0.0574424 0.0749426 0.0935592 0.108922 0.113728 0.105153 0.0883534 0.0693429 0.050842 0.0337212 0.0191262
 3.17687e-11 1.49425e-09 4.86667e-08 1.09755e-06 1.71399e-05 0.000185343 0.00138783 0.00719601 0.0258395 0.0642791 0.11093 0.133541 0.114582 0.075736 0.0476457 0.0372744 0.0372871 0.0432586 0.0525739 0.0599324 0.0599788 0.051735 0.0385677 0.0247429 0.0133083
 4.23082e-11 1.98998e-09 6.48123e-08 1.46168e-06 2.28262e-05 0.000246833 0.00184826 0.00958356 0.034415 0.0856334 0.14793 0.178776 0.155579 0.107207 0.0715556 0.0524862 0.0374264 0.0241492 0.0168136 0.0154945 0.0165476 0.016411 0.0136661 0.00923346 0.00497213
 3.22505e-11 1.51691e-09 4.94048e-08 1.1142e-06 1.73999e-05 0.000188156 0.00140893 0.00730622 0.0262466 0.0654044 0.11364 0.140431 0.132248 0.112917 0.104399 0.0965624 0.0755078 0.0483407 0.0274505 0.0156071 0.0101483 0.00802358 0.00665433 0.00478619 0.00271233
 2.76597e-11 1.30098e-09 4.23721e-08 9.55597e-07 1.49231e-05 0.000161373 0.00120838 0.00626633 0.0225124 0.0561135 0.0975964 0.121078 0.115589 0.102224 0.0999099 0.0996307 0.088597 0.0698354 0.0500214 0.0318153 0.017744 0.00936809 0.00532016 0.00322056 0.00177194
 2.92985e-11 1.37806e-09 4.48826e-08 1.01221e-06 1.58072e-05 0.000170933 0.00127995 0.0066373 0.0238419 0.0593951 0.103084 0.126856 0.117846 0.0977686 0.0889664 0.0863522 0.0783007 0.0658544 0.0528677 0.0392388 0.0255873 0.0143443 0.00703709 0.00318434 0.00137002
 3.36209e-11 1.58137e-09 5.15041e-08 1.16154e-06 1.81392e-05 0.00019615 0.00146877 0.00761619 0.027355 0.0681156 0.118005 0.144206 0.130709 0.10164 0.0843141 0.0762704 0.0655066 0.0523675 0.041172 0.031718 0.0226772 0.0142905 0.00764823 0.00341932 0.00128455
 3.1707e-11 1.49135e-09 4.85722e-08 1.09542e-06 1.71066e-05 0.000184985 0.00138517 0.00718291 0.0258018 0.064277 0.111553 0.137255 0.12739 0.1052 0.0941594 0.0876962 0.073165 0.0542338 0.038776 0.0277869 0.0193921 0.012577 0.00718959 0.00344285 0.00133311
 3.40031e-11 1.59934e-09 5.20895e-08 1.17475e-06 1.83454e-05 0.00019838 0.00148547 0.00770282 0.0276668 0.0688979 0.119401 0.146104 0.133045 0.104723 0.0882841 0.0802833 0.0680462 0.0522176 0.0379806 0.0263787 0.0172048 0.0104906 0.00586254 0.00285774 0.00114921
 3.55852e-11 1.67376e-09 5.45132e-08 1.22941e-06 1.9199e-05 0.00020761 0.00155458 0.00806115 0.0289531 0.0720936 0.124888 0.152573 0.138137 0.106998 0.0878783 0.0778774 0.0641357 0.047519 0.0336672 0.0232543 0.0151386 0.00902802 0.00484104 0.00227418 0.000901054
 3.45156e-11 1.62345e-09 5.28746e-08 1.19245e-06 1.86219e-05 0.00020137 0.00150786 0.00781898 0.0280846 0.0699448 0.121258 0.148577 0.135922 0.108194 0.0922243 0.0832736 0.0682424 0.0493698 0.0336908 0.0223572 0.0140802 0.00819699 0.00430386 0.00197162 0.000759867
 3.42063e-11 1.6089e-09 5.24009e-08 1.18177e-06 1.84551e-05 0.000199566 0.00149435 0.00774893 0.0278331 0.0693187 0.120176 0.147265 0.134775 0.107425 0.0918841 0.0835443 0.0693638 0.0511554 0.0354284 0.0234023 0.0143591 0.00805052 0.00407159 0.00180691 0.000677871
 3.28557e-11 1.54537e-09 5.03318e-08 1.13511e-06 1.77264e-05 0.000191686 0.00143535 0.00744307 0.0267357 0.0665976 0.11554 0.141969 0.131159 0.107087 0.0945262 0.08747 0.0729302 0.0537976 0.0373864 0.0249149 0.0154096 0.00861156 0.00427152 0.00183792 0.000666644
 3.24079e-11 1.52431e-09 4.9646e-08 1.11964e-06 1.74848e-05 0.000189074 0.00141579 0.00734164 0.0263714 0.06569 0.113965 0.140032 0.129372 0.105675 0.0935 0.0871089 0.0736806 0.0556227 0.0396147 0.0268401 0.0167531 0.00941753 0.00467881 0.00199941 0.000713033
 3.39386e-11 1.59631e-09 5.19908e-08 1.17252e-06 1.83106e-05 0.000198004 0.00148266 0.00768827 0.027615 0.0687737 0.119218 0.146031 0.133455 0.106004 0.0903371 0.0822578 0.068975 0.0519799 0.0372353 0.0256067 0.0163141 0.00935116 0.00470958 0.0020257 0.000722055
 3.25817e-11 1.53249e-09 4.99122e-08 1.12564e-06 1.75786e-05 0.000190088 0.00142338 0.00738103 0.026513 0.0660448 0.114594 0.140866 0.130329 0.106791 0.0946713 0.0877496 0.0731021 0.0538864 0.0376308 0.0254923 0.016232 0.00940434 0.00481516 0.00210549 0.000759751
 3.20372e-11 1.50688e-09 4.9078e-08 1.10683e-06 1.72848e-05 0.000186911 0.00139959 0.00725766 0.0260698 0.0649398 0.112671 0.138475 0.128045 0.10484 0.0931298 0.0871959 0.0743124 0.056724 0.0408628 0.0279374 0.0176211 0.0100833 0.00514226 0.00226182 0.000825584
 3.30075e-11 1.55252e-09 5.05645e-08 1.14035e-06 1.78083e-05 0.000192572 0.00144198 0.0074774 0.0268581 0.0668939 0.115995 0.142253 0.130549 0.10485 0.0907842 0.083684 0.0709154 0.0542031 0.0395043 0.0276228 0.0178639 0.0103898 0.00531857 0.00233325 0.00085062
 3.27937e-11 1.54246e-09 5.02369e-08 1.13297e-06 1.76929e-05 0.000191324 0.00143264 0.00742899 0.0266848 0.0664673 0.11529 0.14155 0.130418 0.105774 0.0926341 0.0855516 0.0717621 0.0537671 0.0383839 0.0265841 0.0172813 0.0102116 0.00532623 0.00237053 0.00087079
 3.29645e-11 1.55049e-09 5.04985e-08 1.13887e-06 1.7785e-05 0.000192321 0.0014401 0.00746766 0.0268235 0.0668107 0.115872 0.1422 0.130812 0.105685 0.0921489 0.0850432 0.0715795 0.053886 0.0384623 0.0263881 0.0169126 0.00990004 0.00516935 0.00232348 0.000864646
 3.40033e-11 1.59935e-09 5.20899e-08 1.17476e-06 1.83455e-05 0.000198382 0.00148548 0.00770293 0.0276677 0.0689049 0.119446 0.146311 0.133713 0.106206 0.0904745 0.0822745 0.0687826 0.051569 0.0367287 0.0251878 0.0161139 0.00937703 0.00485708 0.0021718 0.000808737
 3.4292e-11 1.61293e-09 5.25321e-08 1.18473e-06 1.85013e-05 0.000200066 0.00149809 0.00776831 0.0279025 0.0694895 0.120458 0.147545 0.13482 0.107019 0.0910045 0.0824223 0.0683417 0.0505434 0.0354447 0.0240315 0.0152775 0.00885665 0.00456994 0.00203358 0.000753727
 3.37715e-11 1.58845e-09 5.17348e-08 1.16675e-06 1.82205e-05 0.000197029 0.00147536 0.00765046 0.0274798 0.0684427 0.118684 0.14556 0.133609 0.107305 0.0926783 0.0846424 0.070197 0.051631 0.0358356 0.0239647 0.0150072 0.00858293 0.0043849 0.00193827 0.000714863
 3.26139e-11 1.534e-09 4.99615e-08 1.12676e-06 1.75959e-05 0.000190276 0.00142479 0.0073883 0.0265389 0.0661075 0.11469 0.140923 0.130194 0.106326 0.0939716 0.087268 0.07331 0.0547252 0.0385014 0.0258748 0.0161192 0.00910904 0.00458739 0.00200124 0.00073052
 3.14442e-11 1.47899e-09 4.81696e-08 1.08634e-06 1.69649e-05 0.000183452 0.00137369 0.00712339 0.0255881 0.0637461 0.110641 0.136177 0.126545 0.104883 0.0945604 0.0891334 0.0758899 0.0577077 0.0415171 0.0284743 0.0180043 0.0102481 0.00515275 0.00222893 0.000804363
 3.24872e-11 1.52804e-09 4.97673e-08 1.12238e-06 1.75275e-05 0.000189536 0.00141925 0.00735954 0.0264351 0.0658434 0.114195 0.140144 0.128934 0.104233 0.0911062 0.0846306 0.0722319 0.0556761 0.0408623 0.0286513 0.0185313 0.0107723 0.0055017 0.0023985 0.000865742
 3.32047e-11 1.56179e-09 5.08664e-08 1.14716e-06 1.79146e-05 0.000193722 0.00145059 0.00752204 0.0270184 0.0672927 0.116683 0.143079 0.131247 0.105267 0.0909031 0.0834463 0.0702241 0.0531546 0.0384706 0.0269805 0.0177003 0.0105154 0.00549483 0.0024431 0.000894316
#obs catch len freq
 2.26327e-11 1.06454e-09 3.46712e-08 7.81924e-07 1.22109e-05 0.000132044 0.000988756 0.00512738 0.0184198 0.0459036 0.0797794 0.0986997 0.0933772 0.0810314 0.0781782 0.0794103 0.0754673 0.0681879 0.0613836 0.0551739 0.0490376 0.0421022 0.0330886 0.0223055 0.0121927
 2.00422e-11 9.42687e-10 3.07027e-08 6.92424e-07 1.08132e-05 0.000116931 0.000875597 0.00454081 0.016316 0.0406937 0.0709507 0.0888385 0.0874127 0.0825718 0.0866219 0.0904276 0.0845437 0.0737637 0.0642807 0.0561954 0.0483544 0.0402034 0.0310063 0.0208313 0.0114433
 9.22884e-16 4.34756e-14 1.42471e-12 3.29141e-11 5.62581e-10 8.1701e-09 1.23236e-07 1.91715e-06 2.51144e-05 0.000242562 0.001651 0.00783032 0.0258759 0.0600187 0.0997135 0.124392 0.127334 0.119094 0.107486 0.0932178 0.0775974 0.062079 0.0463513 0.0304949 0.016594
 1.30769e-11 6.15073e-10 2.00325e-08 4.51784e-07 7.05525e-06 7.62922e-05 0.00057126 0.00296192 0.0106341 0.0264372 0.0455142 0.0542976 0.0451927 0.0280764 0.0205304 0.0334921 0.0655242 0.101592 0.122857 0.122857 0.108071 0.0865936 0.0630285 0.0402584 0.021427
 4.98819e-11 2.34621e-09 7.64144e-08 1.72334e-06 2.69124e-05 0.000291018 0.00217909 0.0112985 0.0405662 0.100868 0.173763 0.207708 0.173343 0.103391 0.0477656 0.0208946 0.0112738 0.00941991 0.0123868 0.0172265 0.0199895 0.0187804 0.0145533 0.00936228 0.00491053
 3.20533e-11 1.50763e-09 4.91026e-08 1.10739e-06 1.72935e-05 0.000187005 0.00140032 0.00726173 0.0260891 0.0650328 0.113139 0.140489 0.134411 0.118767 0.113186 0.103769 0.0759947 0.041673 0.0183883 0.00915507 0.0077035 0.00805177 0.00727947 0.00517072 0.00283214
 3.67263e-11 1.72743e-09 5.62612e-08 1.26883e-06 1.98146e-05 0.000214267 0.00160442 0.00831948 0.0298792 0.074382 0.128733 0.156714 0.140132 0.105081 0.0830014 0.0739188 0.0646854 0.0516488 0.0365462 0.0217566 0.0108865 0.00543165 0.00338946 0.00231572 0.00133924
 2.29018e-11 1.07719e-09 3.50834e-08 7.91219e-07 1.23561e-05 0.000133615 0.00100054 0.00518902 0.0186486 0.0465463 0.0813912 0.103011 0.104748 0.105127 0.114791 0.117152 0.0995806 0.0731979 0.0514019 0.0352451 0.0219772 0.0117565 0.00550114 0.00247265 0.00111511
 4.05008e-11 1.90496e-09 6.20435e-08 1.39924e-06 2.18511e-05 0.000236288 0.0017693 0.00917405 0.0329436 0.0819624 0.141524 0.170737 0.14769 0.100241 0.0665492 0.0532966 0.0484704 0.0440733 0.0372147 0.0277283 0.0180154 0.0102821 0.00510551 0.00216985 0.000794133
 3.38844e-11 1.59376e-09 5.19077e-08 1.17065e-06 1.82814e-05 0.000197688 0.0014803 0.00767616 0.0275734 0.0686875 0.119189 0.146558 0.1357 0.111201 0.0977612 0.0879111 0.0684635 0.0454009 0.0293059 0.0205788 0.0146869 0.00942476 0.00509546 0.00226678 0.000821598
 3.64104e-11 1.71257e-09 5.57772e-08 1.25792e-06 1.96442e-05 0.000212424 0.00159063 0.00824799 0.0296234 0.0737534 0.127702 0.155727 0.140094 0.106709 0.0857914 0.075787 0.0636187 0.0482214 0.0337773 0.0218578 0.0131037 0.00749237 0.00403477 0.00190273 0.000732135
 3.77684e-11 1.77644e-09 5.78576e-08 1.30484e-06 2.03769e-05 0.000220347 0.00164995 0.00855558 0.0307276 0.076498 0.132422 0.16133 0.144619 0.108961 0.0857089 0.0734683 0.0591615 0.0427793 0.0294647 0.0197235 0.0122942 0.00688663 0.00343225 0.00150829 0.000567037
 3.78152e-11 1.77864e-09 5.79293e-08 1.30645e-06 2.04021e-05 0.00022062 0.001652 0.00856621 0.0307661 0.0765968 0.132614 0.16166 0.145224 0.110052 0.0872759 0.0750013 0.0599237 0.0423799 0.0281086 0.0180554 0.0109618 0.00610567 0.00303669 0.00130654 0.00047189
 3.45066e-11 1.62302e-09 5.28609e-08 1.19215e-06 1.86171e-05 0.000201318 0.00150747 0.00781699 0.028078 0.0699324 0.121266 0.148724 0.136495 0.109541 0.094337 0.0854893 0.069667 0.0495679 0.0327881 0.0207447 0.0122408 0.00658632 0.00318031 0.00134028 0.000475498
 3.52651e-11 1.6587e-09 5.40227e-08 1.21835e-06 1.90263e-05 0.000205743 0.0015406 0.00798866 0.0286931 0.071449 0.123791 0.151329 0.137327 0.107074 0.0889448 0.0798172 0.0666904 0.0500537 0.0351948 0.023198 0.0138692 0.00739853 0.00349168 0.00142948 0.000493168
 3.02117e-11 1.42101e-09 4.62814e-08 1.04376e-06 1.62999e-05 0.000176261 0.00131986 0.00684433 0.0245875 0.0612703 0.106461 0.131582 0.124018 0.106294 0.0995308 0.0950779 0.0800383 0.0592302 0.0413978 0.0278688 0.0173777 0.00966661 0.00467295 0.00191665 0.000651864
 3.39821e-11 1.59836e-09 5.20574e-08 1.17403e-06 1.83341e-05 0.000198258 0.00148455 0.00769801 0.027649 0.0688476 0.119274 0.145761 0.132142 0.102858 0.0856625 0.0782077 0.0680609 0.0545541 0.0413149 0.029098 0.0185004 0.0104881 0.00521415 0.00220317 0.000764953
 3.37461e-11 1.58725e-09 5.16959e-08 1.16587e-06 1.82068e-05 0.000196881 0.00147425 0.00764468 0.0274588 0.0683869 0.118565 0.14531 0.133045 0.106153 0.090858 0.0825202 0.0684421 0.0509188 0.036596 0.0259879 0.0173915 0.010429 0.00540773 0.0023555 0.000838954
 3.1554e-11 1.48415e-09 4.83377e-08 1.09014e-06 1.70241e-05 0.000184092 0.00137849 0.00714824 0.0256774 0.063967 0.111016 0.1366 0.126812 0.104846 0.0942231 0.0886113 0.0752779 0.0570321 0.0408691 0.0281126 0.0181497 0.0107879 0.00572928 0.00259736 0.000962202
 3.31191e-11 1.55776e-09 5.07354e-08 1.14421e-06 1.78685e-05 0.000193223 0.00144685 0.00750262 0.0269483 0.0671128 0.116338 0.142501 0.130233 0.103515 0.0885642 0.081585 0.0701017 0.0548934 0.040918 0.0289295 0.0187952 0.0110387 0.0057731 0.00261047 0.00098143
 3.41907e-11 1.60816e-09 5.23768e-08 1.18123e-06 1.84466e-05 0.000199474 0.00149366 0.00774531 0.0278196 0.0692785 0.120063 0.146925 0.133818 0.105348 0.0886712 0.0801425 0.0671265 0.0508764 0.037077 0.0263166 0.0175053 0.0105332 0.00557473 0.00252098 0.000945084
 3.27123e-11 1.53863e-09 5.01122e-08 1.13016e-06 1.7649e-05 0.00019085 0.00142909 0.00741058 0.0266188 0.0663038 0.115013 0.141244 0.130241 0.105845 0.0929345 0.0859296 0.0720331 0.0538208 0.038229 0.0263538 0.0171573 0.0102698 0.00548718 0.00251698 0.000953585
 3.44731e-11 1.62145e-09 5.28095e-08 1.19099e-06 1.8599e-05 0.000201122 0.001506 0.00780926 0.0280489 0.0698462 0.121023 0.147991 0.134444 0.105155 0.0878375 0.0793814 0.0670907 0.051442 0.0374527 0.0259715 0.0166756 0.00976059 0.00512264 0.00233397 0.000886907
 3.44106e-11 1.61851e-09 5.27138e-08 1.18883e-06 1.85653e-05 0.000200758 0.00150327 0.00779516 0.0279988 0.0697267 0.120852 0.147949 0.134935 0.106586 0.0900361 0.0812623 0.0674344 0.0501594 0.035621 0.0246057 0.0159592 0.00940493 0.00491114 0.00220953 0.00082978
 3.51788e-11 1.65464e-09 5.38905e-08 1.21537e-06 1.89797e-05 0.000205239 0.00153683 0.0079691 0.0286229 0.0712742 0.123489 0.150962 0.136997 0.106802 0.0886189 0.0792503 0.0657922 0.0490726 0.0346967 0.023593 0.0150081 0.00873564 0.00454626 0.00204361 0.000764503
 3.22498e-11 1.51688e-09 4.94037e-08 1.11418e-06 1.73995e-05 0.000188152 0.00140889 0.00730586 0.0262434 0.0653754 0.113449 0.139541 0.129365 0.106548 0.0951114 0.0886057 0.0741177 0.0548698 0.0383931 0.0259099 0.0163592 0.00941328 0.0048318 0.00214728 0.00079751
 3.26506e-11 1.53573e-09 5.00176e-08 1.12802e-06 1.76157e-05 0.00019049 0.00142639 0.00739654 0.0265679 0.0661715 0.114748 0.140748 0.129254 0.104028 0.0904918 0.0840871 0.0722124 0.0561083 0.0412099 0.0285359 0.01808 0.0103289 0.0052461 0.00230461 0.000846337
 2.94822e-11 1.3867e-09 4.51639e-08 1.01856e-06 1.59063e-05 0.000172005 0.00128798 0.00667904 0.0239936 0.0597883 0.103873 0.128326 0.120774 0.103224 0.0965954 0.0929779 0.0799306 0.0614702 0.0451838 0.0320282 0.0210456 0.0124027 0.0063947 0.00281079 0.00102491
 3.52621e-11 1.65856e-09 5.40182e-08 1.21825e-06 1.90247e-05 0.000205725 0.00154046 0.00798785 0.0286888 0.071424 0.123651 0.150705 0.135318 0.102585 0.0821283 0.0731095 0.0632295 0.0509936 0.0393453 0.0286537 0.0191143 0.0114823 0.00607262 0.0027329 0.00101126
#spawning biomass
 23435.6 22209.8 17647.3 12423.1 14515.8 27549.5 40756.1 49452 62524.8 81499.1 89118.8 115667 147214 169280 167896 162747 141309 134555 152072 155846 156363 154867 153184 168621 174327 191159 198112 189812 199673 216387 258191 177732 112086 71199.4 48522.8 36774.5 30942.5 28126.8 26792.2 26167.6 25877.7 25743.9 25682.5 25654.3 25641.4 25635.5 25632.9 25631.6 25631.1 25630.8 25630.7 25630.7 25630.6 25630.6 25630.6 25630.6 25630.6 25630.6 25630.6 25630.6 25630.6 25630.6 25630.6 25630.6 25630.6 25630.6 25630.6 25630.6 25630.6 25630.6 25630.6 25630.6 25630.6 25630.6 25630.6 25630.6 25630.6 25630.6 25630.6 25630.6 25630.6 25630.6 25630.6 25630.6 25630.6 25630.6 25630.6 25630.6 25630.6 25630.6 25630.6 25630.6 25630.6 25630.6 25630.6 25630.6 25630.6 25630.6 25630.6 25630.6 25630.6 25630.6 25630.6 25630.6 25630.6 25630.6 25630.6 25630.6 25630.6 25630.6 25630.6 25630.6 25630.6 25630.6 25630.6 25630.6 25630.6 25630.6 25630.6 25630.6 25630.6 25630.6 25630.6 25630.6 25630.6 25630.6 25630.6 25630.6 25630.6 0 0 0 0 0 0 0 0 0 0 0 0 0 0 0 0 0 0 0 0 0 0 0 0 0
