SBPRF35
0.256306
Curr Bio
195097
B35
208772
F35
0.387419
FOFL
0.377212
OFL
72894.7
Bzero
73230.3
#pred survey bio
 27746.3 23921.1 18661.6 16008.9 25818.9 41198 55037.8 67451.2 91951.9 116600 133860 180461 225327 256101 247452 236019 211574 198307 219752 228570 228990 227540 230636 255369 262528 280256 281840 272803 285536 1.02966e+07 5.45805e+06 3.90704e+06 2.64278e+06 1.81772e+06 1.33437e+06 1.06634e+06 921284 843091 800500 776819 763294 755338 750521 747526 745621 744395 743595 743068 742718 742484 742327 742221 742150 742102 742069 742047 742033 742023 742016 742011 742008 742006 742005 742004 742003 742003 742002 742002 742002 742002 742002 742002 742002 742002 742002 742002 742002 742002 742002 742002 742002 742002 742002 742002 742002 742002 742002 742002 742002 742002 742002 742002 742002 742002 742002 742002 742002 742002 742002 742002 742002 742002 742002 742002 742002 742002 742002 742002 742002 742002 742002 742002 742002 742002 742002 742002 742002 742002 742002 742002 742002 742002 742002 742002 742002 742002 742002 742002 742002 0 0 0 0 0 0 0 0 0 0 0 0 0 0 0 0 0 0 0 0 0 0 0 0 0
#obs survey bio
 27041 17662.9 13848.1 16543.8 25675.5 56165.4 56145.7 74213.4 119386 105354 115279 225001 205797 208493 248368 184975 179039 221763 228982 283175 254082 186009 233877 239358 261682 221831 206557 304907 307463
#pred catch bio
 4459.68 3977.06 4206.12 2893.19 4413.97 7596.56 11905 13817.7 23110.1 39764.9 38870.7 59784.2 83670.5 110300 104288 109180 92844.8 67787.6 83454 91434.9 92941.7 93733.9 87166.9 105460 99092.2 107591 114136 102582 108254 72894.7 67959.4 47025.5 30558.4 20203.1 14405.4 11374 9855.57 9115.87 8762.15 8595.11 8516.9 8480.5 8463.62 8455.81 8452.21 8450.56 8449.8 8449.45 8449.29 8449.21 8449.18 8449.16 8449.16 8449.15 8449.15 8449.15 8449.15 8449.15 8449.15 8449.15 8449.15 8449.15 8449.15 8449.15 8449.15 8449.15 8449.15 8449.15 8449.15 8449.15 8449.15 8449.15 8449.15 8449.15 8449.15 8449.15 8449.15 8449.15 8449.15 8449.15 8449.15 8449.15 8449.15 8449.15 8449.15 8449.15 8449.15 8449.15 8449.15 8449.15 8449.15 8449.15 8449.15 8449.15 8449.15 8449.15 8449.15 8449.15 8449.15 8449.15 8449.15 8449.15 8449.15 8449.15 8449.15 8449.15 8449.15 8449.15 8449.15 8449.15 8449.15 8449.15 8449.15 8449.15 8449.15 8449.15 8449.15 8449.15 8449.15 8449.15 8449.15 8449.15 8449.15 8449.15 8449.15 8449.15 8449.15 8449.15 8449.15 0 0 0 0 0 0 0 0 0 0 0 0 0 0 0 0 0 0 0 0 0 0 0 0 0
#obs catch bio
 3224.27 4108.75 4645.84 2973.27 4395.39 7255.26 11431.1 13024.6 21368.9 36234 36514.6 56374.4 81738.5 112240 108083 117742 96085.8 68023.7 83629.2 91139.8 91653.4 95211.6 85649.7 108587 101409 113572 120278 104699 108167
#pred cpue bio
 26764.8 23597.7 18465.9 15186.6 23171.5 38079.2 51797.1 63326.8 85135.8 108536 123579 165493 207355 236148 229295 219302 195508 183835 204315 211935 212409 210964 212920 235501 242368 259895 262646 253492 264763 9.56926e+06 5.4217e+06 3.87308e+06 2.60883e+06 1.78377e+06 1.30042e+06 1.03239e+06 887335 809142 766551 742870 729345 721390 716572 713577 711672 710446 709647 709119 708769 708535 708378 708272 708201 708153 708120 708099 708084 708074 708067 708062 708059 708057 708056 708055 708054 708054 708053 708053 708053 708053 708053 708053 708053 708053 708053 708053 708053 708053 708053 708053 708053 708053 708053 708053 708053 708053 708053 708053 708053 708053 708053 708053 708053 708053 708053 708053 708053 708053 708053 708053 708053 708053 708053 708053 708053 708053 708053 708053 708053 708053 708053 708053 708053 708053 708053 708053 708053 708053 708053 708053 708053 708053 708053 708053 708053 708053 708053 708053 708053 0 0 0 0 0 0 0 0 0 0 0 0 0 0 0 0 0 0 0 0 0 0 0 0 0
#obs cpue bio
 25998.5 13998 12791.5 20876.1 40101.6 62749.1 52082.4 80527.9 96659.8 172932 130982 171261 189296 243830 169257 200378 234778 151033 224290 178363 208590 217041 244266 198685 207234 235860 310755 229906 278376
#pred surv len freq
 2.51684e-11 1.1838e-09 3.85556e-08 8.69525e-07 1.35789e-05 0.000146837 0.00109952 0.00570171 0.0204819 0.0510315 0.0886157 0.109273 0.102225 0.0863013 0.0803362 0.0792837 0.073108 0.0634777 0.0545478 0.0466046 0.0396213 0.033904 0.0284971 0.0218188 0.0139102
 1.1518e-11 5.41752e-10 1.76445e-08 3.97929e-07 6.21426e-06 6.72e-05 0.000503235 0.00261035 0.00938798 0.023499 0.0415466 0.0547196 0.062339 0.0754573 0.0960062 0.108782 0.105118 0.0932001 0.0808899 0.0686866 0.056528 0.0453778 0.0351598 0.0249998 0.0151147
 1.0446e-11 4.9133e-10 1.60023e-08 3.60892e-07 5.63586e-06 6.09445e-05 0.000456366 0.00236676 0.00850502 0.0212211 0.0370599 0.0467026 0.0470419 0.0474308 0.0563734 0.0721354 0.0900905 0.105283 0.11019 0.101968 0.0856644 0.0671782 0.0491989 0.0325951 0.0184711
 3.5012e-11 1.6468e-09 5.36352e-08 1.20961e-06 1.88897e-05 0.000204265 0.00152951 0.00793058 0.0284762 0.0708286 0.122167 0.146755 0.124886 0.0802076 0.0469714 0.0337572 0.0325449 0.0376789 0.0461089 0.052898 0.0531454 0.0459161 0.0342336 0.0219475 0.0117941
 4.51321e-11 2.1228e-09 6.91382e-08 1.55924e-06 2.43497e-05 0.000263307 0.00197161 0.010223 0.0367094 0.0913239 0.157632 0.189895 0.163291 0.108272 0.0666498 0.0451239 0.0309964 0.019791 0.0138073 0.0128449 0.0138431 0.0138066 0.0115305 0.00779882 0.00419965
 3.56781e-11 1.67813e-09 5.46556e-08 1.23262e-06 1.92491e-05 0.000208153 0.00155865 0.00808239 0.0290313 0.0723074 0.125388 0.153794 0.141171 0.113195 0.0967741 0.0856047 0.0658401 0.0418149 0.0235884 0.0133743 0.00875269 0.00700288 0.00585771 0.00423112 0.0024022
 3.10308e-11 1.45954e-09 4.75363e-08 1.07206e-06 1.67418e-05 0.000181039 0.00135563 0.00702972 0.0252516 0.0629072 0.109182 0.134368 0.124842 0.103545 0.0939092 0.0900539 0.079116 0.0621641 0.0444637 0.0282402 0.0157372 0.00833162 0.00477231 0.00291665 0.00161446
 3.27117e-11 1.5386e-09 5.01113e-08 1.13013e-06 1.76487e-05 0.000190846 0.00142905 0.00741024 0.0266155 0.0662757 0.114828 0.140376 0.127424 0.0995836 0.0836438 0.0774711 0.0692524 0.0581376 0.0467439 0.0347653 0.0227117 0.0127539 0.00627456 0.00285546 0.00123817
 3.6829e-11 1.73226e-09 5.64186e-08 1.27238e-06 1.987e-05 0.000214866 0.00160891 0.00834269 0.0299619 0.0745821 0.129038 0.15689 0.139636 0.103184 0.0790986 0.0678106 0.0571539 0.0455128 0.0358301 0.0277025 0.0198922 0.0125851 0.00675809 0.00303175 0.0011441
 3.46803e-11 1.6312e-09 5.3127e-08 1.19815e-06 1.87108e-05 0.000202331 0.00151505 0.00785623 0.0282176 0.070268 0.121764 0.148942 0.135439 0.106132 0.0885746 0.0791438 0.0651218 0.0481157 0.0344224 0.0247439 0.0173543 0.0113188 0.00650386 0.00312819 0.00121605
 3.69863e-11 1.73966e-09 5.66595e-08 1.27781e-06 1.99549e-05 0.000215784 0.00161578 0.00837838 0.0300907 0.0749092 0.129648 0.15784 0.14115 0.105717 0.0827457 0.0716972 0.0598311 0.0458377 0.0334273 0.0233094 0.0152819 0.00937701 0.00527472 0.00258653 0.00104537
 3.84174e-11 1.80697e-09 5.88519e-08 1.32726e-06 2.0727e-05 0.000224133 0.0016783 0.00870251 0.0312542 0.0777997 0.13461 0.163685 0.145739 0.107735 0.0823201 0.0694637 0.0562658 0.0415992 0.029566 0.0205335 0.0134577 0.00808488 0.00436778 0.00206654 0.000824041
 3.72358e-11 1.75139e-09 5.70418e-08 1.28643e-06 2.00895e-05 0.00021724 0.00162669 0.00843498 0.0302947 0.0754246 0.130591 0.159226 0.143146 0.108727 0.0866179 0.0749284 0.0605483 0.0437268 0.0299263 0.0199668 0.0126679 0.00743906 0.00394103 0.00182077 0.000707129
 3.67593e-11 1.72898e-09 5.63118e-08 1.26997e-06 1.98324e-05 0.00021446 0.00160587 0.00832705 0.0299073 0.0744615 0.128935 0.157258 0.141547 0.107909 0.0865919 0.0756637 0.0620791 0.0457983 0.0318681 0.0211838 0.0130971 0.00740941 0.00378433 0.00169592 0.000642041
 3.54551e-11 1.66764e-09 5.43139e-08 1.22491e-06 1.91288e-05 0.000206851 0.0015489 0.0080317 0.0288476 0.0718336 0.124456 0.152134 0.138023 0.107511 0.0890338 0.0793478 0.0654699 0.0483683 0.0338278 0.0227313 0.0141921 0.0080129 0.00401673 0.00174646 0.000639875
 3.48871e-11 1.64092e-09 5.34439e-08 1.20529e-06 1.88224e-05 0.000203538 0.00152409 0.00790306 0.0283856 0.0706842 0.122471 0.149737 0.135951 0.106147 0.088357 0.0794316 0.0665497 0.0503449 0.0361018 0.024682 0.0155721 0.00885887 0.00445517 0.00192623 0.000694511
 3.64887e-11 1.71625e-09 5.58973e-08 1.26062e-06 1.96864e-05 0.000212881 0.00159405 0.00826573 0.0296868 0.0739106 0.127967 0.156014 0.140225 0.106498 0.0850637 0.074389 0.0616773 0.0465828 0.0336267 0.0233585 0.0150565 0.00874252 0.00446207 0.00194433 0.000701587
 3.54437e-11 1.6671e-09 5.42964e-08 1.22452e-06 1.91226e-05 0.000206785 0.0015484 0.00802911 0.0288382 0.0718099 0.124412 0.152064 0.137911 0.107311 0.0887039 0.0788811 0.0649161 0.047877 0.0336421 0.0230112 0.0148334 0.0087153 0.00452735 0.00200764 0.000734098
 3.48276e-11 1.63812e-09 5.33526e-08 1.20323e-06 1.87902e-05 0.00020319 0.00152149 0.00788955 0.028337 0.0705617 0.12225 0.149426 0.13554 0.105572 0.0876401 0.0788309 0.0663896 0.0506732 0.0366713 0.0252579 0.0160969 0.00933325 0.00483061 0.00215681 0.000798582
 3.57023e-11 1.67926e-09 5.46926e-08 1.23345e-06 1.92622e-05 0.000208293 0.00155969 0.00808762 0.0290476 0.0723232 0.125247 0.15283 0.137794 0.105574 0.0855184 0.0756645 0.0633414 0.0484275 0.0354721 0.0249836 0.016306 0.0095905 0.0049733 0.0022127 0.00081834
 3.54735e-11 1.66851e-09 5.43422e-08 1.22555e-06 1.91388e-05 0.000206959 0.0015497 0.00803585 0.0288621 0.0718661 0.124487 0.152052 0.137567 0.106369 0.0872133 0.0774144 0.0641883 0.048124 0.0345484 0.0241201 0.0158332 0.00946058 0.00499399 0.00225078 0.000837584
 3.55971e-11 1.67432e-09 5.45315e-08 1.22982e-06 1.92054e-05 0.00020768 0.0015551 0.00806384 0.0289625 0.0721145 0.124907 0.152517 0.137836 0.106273 0.0868227 0.0770336 0.0641012 0.0482956 0.0346695 0.0239817 0.0155287 0.00919869 0.00486387 0.00221375 0.000833969
 3.67284e-11 1.72753e-09 5.62646e-08 1.26891e-06 1.98158e-05 0.00021428 0.00160452 0.00832003 0.0298817 0.0743947 0.128797 0.156988 0.140977 0.1068 0.0849418 0.0739721 0.0610507 0.0458081 0.0328267 0.0227063 0.0146798 0.008647 0.00453769 0.00205577 0.000775282
 3.6881e-11 1.73471e-09 5.64983e-08 1.27418e-06 1.98981e-05 0.00021517 0.00161119 0.0083546 0.030006 0.0747051 0.129342 0.157684 0.141705 0.107546 0.0856924 0.0744806 0.0609706 0.0450828 0.031776 0.0217198 0.0139548 0.00819138 0.00428355 0.00193202 0.000725519
 3.64977e-11 1.71668e-09 5.59112e-08 1.26094e-06 1.96913e-05 0.000212934 0.00159445 0.00826782 0.0296947 0.0739344 0.128036 0.156226 0.140825 0.107785 0.0869741 0.076182 0.0624077 0.0459354 0.0320684 0.0216202 0.0136761 0.00791651 0.00409875 0.00183682 0.000686613
 3.53507e-11 1.66273e-09 5.4154e-08 1.22131e-06 1.90725e-05 0.000206242 0.00154434 0.00800806 0.0287625 0.0716209 0.124081 0.151643 0.13748 0.106899 0.0883755 0.0788773 0.0654906 0.0489024 0.034583 0.0234244 0.0147411 0.00843125 0.00430238 0.00190258 0.000703925
 3.41315e-11 1.60538e-09 5.22864e-08 1.17919e-06 1.84147e-05 0.00019913 0.00149108 0.00773194 0.0277715 0.06916 0.119864 0.146713 0.133728 0.105512 0.0891647 0.0809874 0.0682483 0.0519524 0.0375826 0.0259738 0.0165812 0.0095467 0.00486152 0.00213113 0.000779406
 3.51654e-11 1.65401e-09 5.38702e-08 1.21491e-06 1.89725e-05 0.000205161 0.00153624 0.00796604 0.0286112 0.0712395 0.123389 0.150655 0.13613 0.104941 0.0858507 0.0766295 0.0646707 0.0499128 0.0368575 0.0260584 0.0170231 0.010009 0.00517476 0.0022847 0.000835259
 3.5699e-11 1.67911e-09 5.46875e-08 1.23334e-06 1.92604e-05 0.000208274 0.00155955 0.00808688 0.029045 0.0723177 0.125243 0.152853 0.137901 0.105822 0.0858565 0.0758643 0.063155 0.0478747 0.0348785 0.0246834 0.0163684 0.00984134 0.00520714 0.0023443 0.000868762
#obs surv len freq
 2.22439e-11 1.04625e-09 3.40756e-08 7.68491e-07 1.20011e-05 0.000129776 0.000971777 0.00503944 0.0181055 0.0451354 0.0785482 0.0976634 0.0939315 0.084522 0.0844413 0.0861368 0.0799156 0.0695095 0.0604694 0.0528184 0.045433 0.0377696 0.029128 0.019569 0.0107498
 1.08119e-15 5.09218e-14 1.66726e-12 3.8387e-11 6.48223e-10 9.10369e-09 1.3045e-07 1.95915e-06 2.53306e-05 0.000243746 0.00165745 0.00785887 0.0259674 0.0602225 0.100021 0.12469 0.127479 0.119042 0.107307 0.0930006 0.0773946 0.0619095 0.0462226 0.0304097 0.0165475
 1.47332e-11 6.92979e-10 2.25699e-08 5.09007e-07 7.94887e-06 8.59553e-05 0.000643615 0.00333708 0.011981 0.0297857 0.0512784 0.0611671 0.0508492 0.0312276 0.0214347 0.0327251 0.0632224 0.0978968 0.118367 0.118356 0.104103 0.0834088 0.0607085 0.0387759 0.0206378
 5.09495e-11 2.39642e-09 7.80497e-08 1.76022e-06 2.74883e-05 0.000297246 0.00222572 0.0115402 0.041434 0.103023 0.177458 0.212042 0.176686 0.104771 0.047469 0.0198508 0.0101671 0.00827057 0.010807 0.0150159 0.017422 0.0163678 0.0126836 0.00815943 0.00427962
 3.42084e-11 1.609e-09 5.2404e-08 1.18184e-06 1.84562e-05 0.000199579 0.00149446 0.00774973 0.0278397 0.0693708 0.12051 0.148817 0.139781 0.118416 0.107649 0.0963143 0.0699774 0.0382804 0.0168661 0.00837755 0.0070361 0.00735085 0.00664537 0.00472027 0.00258541
 3.86819e-11 1.81941e-09 5.9257e-08 1.3364e-06 2.08697e-05 0.000225677 0.00168985 0.00876234 0.0314683 0.0783237 0.135457 0.16444 0.145551 0.105954 0.0796512 0.0684068 0.0590441 0.0469433 0.0331622 0.0197271 0.00986718 0.00492184 0.00307081 0.00209789 0.00121324
 2.49504e-11 1.17355e-09 3.82216e-08 8.61995e-07 1.34613e-05 0.000145566 0.00109003 0.00565293 0.0203131 0.050674 0.0884256 0.111058 0.110279 0.105734 0.110889 0.111205 0.0939924 0.0689234 0.0483187 0.0330962 0.0206275 0.0110325 0.00516197 0.00232011 0.00104629
 4.21537e-11 1.98271e-09 6.45754e-08 1.45634e-06 2.27428e-05 0.000245931 0.0018415 0.00954837 0.0342869 0.0852963 0.147224 0.177348 0.152533 0.101573 0.0646287 0.0495552 0.0442045 0.0399776 0.0337048 0.0250994 0.0163035 0.00930399 0.00461958 0.00196327 0.000718521
 3.56933e-11 1.67884e-09 5.46787e-08 1.23314e-06 1.92573e-05 0.000208241 0.00155931 0.00808577 0.029043 0.0723309 0.125392 0.153624 0.140455 0.111459 0.0939283 0.0823759 0.0635915 0.0420414 0.0270882 0.0189987 0.0135523 0.00869529 0.00470086 0.00209121 0.000757956
 3.81455e-11 1.79418e-09 5.84353e-08 1.31786e-06 2.05803e-05 0.000222547 0.00166642 0.00864092 0.0310332 0.0772501 0.133664 0.162561 0.144834 0.10734 0.0826369 0.0708183 0.0587762 0.0443886 0.0310446 0.0200736 0.0120296 0.00687704 0.00370313 0.00174629 0.000671933
 3.93802e-11 1.85225e-09 6.03267e-08 1.36052e-06 2.12465e-05 0.000229751 0.00172036 0.00892058 0.0320372 0.0797454 0.137956 0.167656 0.148955 0.109402 0.0825807 0.0687218 0.0547165 0.0394191 0.027106 0.018129 0.011296 0.00632659 0.00315295 0.00138553 0.000520879
 3.93626e-11 1.85143e-09 6.02998e-08 1.35991e-06 2.1237e-05 0.000229648 0.00171959 0.00891662 0.0320233 0.0797142 0.137924 0.167722 0.149349 0.110391 0.0841431 0.0703137 0.0555864 0.0391774 0.0259446 0.0166513 0.0101055 0.00562784 0.00279888 0.0012042 0.000434923
 3.61222e-11 1.69901e-09 5.53358e-08 1.24796e-06 1.94887e-05 0.000210743 0.00157804 0.00818283 0.0293907 0.073187 0.12681 0.155053 0.140799 0.109888 0.0910526 0.0805731 0.0651086 0.0461947 0.0305151 0.0192914 0.011379 0.00612174 0.00295581 0.00124564 0.000441921
 3.68382e-11 1.73269e-09 5.64327e-08 1.2727e-06 1.9875e-05 0.00021492 0.00160932 0.00834491 0.0299713 0.0746189 0.129195 0.157517 0.1416 0.107593 0.0860114 0.0752613 0.0623091 0.0466266 0.0327423 0.0215671 0.0128903 0.00687549 0.00324468 0.00132833 0.00045827
 3.18804e-11 1.4995e-09 4.88378e-08 1.10142e-06 1.72002e-05 0.000185997 0.00139275 0.00722222 0.0259434 0.0646327 0.112192 0.13814 0.128532 0.106806 0.0963709 0.0902273 0.0754415 0.0556964 0.0388794 0.026155 0.0163039 0.00906821 0.00438348 0.00179789 0.000611471
 3.55508e-11 1.67214e-09 5.44604e-08 1.22822e-06 1.91804e-05 0.000207409 0.00155307 0.00805325 0.0289237 0.0720095 0.124669 0.151966 0.136515 0.103627 0.0831135 0.0740178 0.0638386 0.0510243 0.0385968 0.0271688 0.0172699 0.00978958 0.00486671 0.00205634 0.000713969
 3.55742e-11 1.67324e-09 5.44962e-08 1.22903e-06 1.9193e-05 0.000207546 0.0015541 0.00805865 0.0289441 0.0720706 0.124845 0.152505 0.138026 0.106797 0.0875331 0.0773687 0.0635461 0.0471195 0.0338102 0.0239885 0.0160474 0.00962171 0.00498887 0.002173 0.00077395
 3.33168e-11 1.56706e-09 5.10381e-08 1.15104e-06 1.79751e-05 0.000194376 0.00145549 0.00754743 0.0271097 0.0675194 0.117073 0.143545 0.131635 0.105508 0.0910671 0.0836564 0.070493 0.0532589 0.0381129 0.0261973 0.0169075 0.0100483 0.00533621 0.00241911 0.000896165
 3.48443e-11 1.63891e-09 5.33782e-08 1.20381e-06 1.87993e-05 0.000203288 0.00152221 0.00789329 0.0283501 0.07059 0.12227 0.149315 0.13501 0.104291 0.0856655 0.0769109 0.0654811 0.0511201 0.0380537 0.0268863 0.0174626 0.0102548 0.00536293 0.00242496 0.000911678
 3.58802e-11 1.68763e-09 5.4965e-08 1.2396e-06 1.93581e-05 0.000209331 0.00156746 0.00812791 0.0291924 0.0726833 0.125869 0.153584 0.138451 0.106008 0.0856911 0.0754565 0.0626082 0.0473038 0.0344239 0.0244156 0.0162356 0.00976803 0.00516957 0.00233773 0.000876379
 3.44255e-11 1.61921e-09 5.27366e-08 1.18935e-06 1.85733e-05 0.000200845 0.00150392 0.00779854 0.0280108 0.0697561 0.120899 0.147987 0.134908 0.106445 0.0898068 0.081069 0.0673881 0.0502069 0.0356126 0.0245318 0.0159658 0.00955533 0.00510522 0.00234174 0.000887187
 3.61847e-11 1.70195e-09 5.54315e-08 1.25012e-06 1.95224e-05 0.000211107 0.00158077 0.00819685 0.0294397 0.0732956 0.126906 0.15474 0.139148 0.105845 0.0848419 0.074631 0.0624595 0.0477369 0.0347054 0.0240489 0.0154362 0.00903402 0.00474108 0.00216009 0.000820825
 3.61161e-11 1.69873e-09 5.53264e-08 1.24775e-06 1.94854e-05 0.000210708 0.00157777 0.00818137 0.0293845 0.0731633 0.126711 0.154659 0.139574 0.107168 0.0868998 0.0764054 0.0628075 0.046571 0.0330237 0.0227937 0.0147788 0.00870819 0.00454709 0.0020457 0.000768252
 3.68936e-11 1.7353e-09 5.65175e-08 1.27461e-06 1.99049e-05 0.000215243 0.00161173 0.00835743 0.0300162 0.0747297 0.12938 0.15771 0.141663 0.107389 0.0854624 0.0743502 0.061105 0.0454252 0.032069 0.0217888 0.0138555 0.00806361 0.0041963 0.00188626 0.000705633
 3.39847e-11 1.59848e-09 5.20614e-08 1.17412e-06 1.83355e-05 0.000198273 0.00148467 0.00769874 0.027653 0.0688712 0.119408 0.146362 0.134066 0.107099 0.0918561 0.0835928 0.0693575 0.0512032 0.0357776 0.0241262 0.0152276 0.00876097 0.00449674 0.00199834 0.000742188
 3.43464e-11 1.61549e-09 5.26155e-08 1.18661e-06 1.85307e-05 0.000200383 0.00150047 0.00778057 0.0279458 0.0695894 0.120577 0.147439 0.133929 0.104743 0.0875671 0.0794106 0.0676125 0.0523849 0.0384253 0.0265902 0.0168424 0.00962072 0.00488619 0.00214646 0.000788255
 3.12789e-11 1.47121e-09 4.79164e-08 1.08064e-06 1.68757e-05 0.000182487 0.00136647 0.00708593 0.0254535 0.0634095 0.110049 0.135412 0.125718 0.103961 0.0934757 0.0880315 0.0751197 0.0576196 0.0422962 0.0299596 0.0196801 0.0115966 0.00597879 0.00262793 0.000958231
 3.69478e-11 1.73785e-09 5.66005e-08 1.27648e-06 1.99341e-05 0.000215559 0.0016141 0.00836959 0.0300586 0.0748221 0.129451 0.157381 0.140046 0.103476 0.0794948 0.0687303 0.058796 0.0472541 0.0364094 0.0264987 0.0176719 0.0106147 0.00561355 0.00252626 0.000934792
 3.33055e-11 1.56653e-09 5.10208e-08 1.15065e-06 1.7969e-05 0.00019431 0.001455 0.00754492 0.0271012 0.0675032 0.11708 0.143712 0.132285 0.106966 0.093053 0.0849026 0.0697014 0.0507146 0.0356132 0.0251075 0.0170542 0.0105808 0.00575682 0.0026531 0.00100275
#pred catch len freq
 2.23374e-11 1.05065e-09 3.42188e-08 7.7172e-07 1.20515e-05 0.000130321 0.00097586 0.00506059 0.0181811 0.045321 0.0788504 0.0979414 0.0938941 0.0839078 0.0833147 0.0849744 0.0791418 0.0688806 0.0592227 0.0506059 0.0430246 0.0368166 0.0309452 0.0236931 0.0151052
 9.77263e-12 4.59658e-10 1.49708e-08 3.37629e-07 5.2726e-06 5.70173e-05 0.000426991 0.00221508 0.00796945 0.0199783 0.0355261 0.0477343 0.0572056 0.0739906 0.0978657 0.112343 0.108936 0.0966738 0.0839302 0.071276 0.058661 0.0470905 0.0364868 0.0259434 0.0156852
 8.90388e-12 4.18796e-10 1.36399e-08 3.07614e-07 4.80386e-06 5.19476e-05 0.000389 0.00201749 0.00725131 0.0181067 0.0317152 0.0404113 0.0421171 0.0452656 0.0567098 0.0740373 0.0929072 0.108672 0.113756 0.105273 0.0884416 0.0693562 0.0507941 0.0336519 0.01907
 3.21994e-11 1.51451e-09 4.93265e-08 1.11243e-06 1.73723e-05 0.000187856 0.00140664 0.00729355 0.0261896 0.065148 0.112416 0.135267 0.115855 0.0761057 0.0471777 0.0363268 0.0361848 0.0421935 0.0516823 0.0592981 0.0595762 0.0514722 0.0383761 0.0246033 0.0132213
 4.30102e-11 2.023e-09 6.58877e-08 1.48593e-06 2.32049e-05 0.000250928 0.00187892 0.00974252 0.0349853 0.0870474 0.150338 0.181521 0.157433 0.107327 0.0701039 0.0503917 0.0356075 0.0229308 0.0160327 0.0149225 0.0160835 0.0160414 0.0133969 0.00906117 0.00487942
 3.29143e-11 1.54813e-09 5.04217e-08 1.13714e-06 1.7758e-05 0.000192029 0.00143792 0.00745654 0.026786 0.0667418 0.115919 0.143034 0.134025 0.113078 0.10307 0.0945425 0.0735949 0.0468913 0.0264757 0.0150164 0.00982873 0.00786412 0.00657816 0.00475151 0.00269765
 2.82499e-11 1.32874e-09 4.32762e-08 9.75986e-07 1.52414e-05 0.000164816 0.00123415 0.00639997 0.022992 0.0573028 0.0996246 0.123405 0.117209 0.102456 0.0988626 0.0979604 0.0869427 0.0684845 0.0490136 0.0311353 0.0173515 0.00918648 0.005262 0.00321593 0.00178012
 2.99165e-11 1.40713e-09 4.58294e-08 1.03357e-06 1.61406e-05 0.000174539 0.00130695 0.00677725 0.0243441 0.0606405 0.105208 0.129289 0.11953 0.0979848 0.0878287 0.0845651 0.0765564 0.0644652 0.0518655 0.0385806 0.0252053 0.0141544 0.00696356 0.00316901 0.00137413
 3.42767e-11 1.61221e-09 5.25087e-08 1.1842e-06 1.8493e-05 0.000199976 0.00149742 0.00776469 0.0278879 0.0694371 0.120258 0.146788 0.1325 0.101877 0.0831182 0.0743869 0.0636648 0.0508937 0.0401001 0.0310099 0.0222683 0.0140884 0.00756541 0.00339393 0.00128078
 3.23003e-11 1.51925e-09 4.94811e-08 1.11592e-06 1.74267e-05 0.000188446 0.00141109 0.00731726 0.0262838 0.0654722 0.113589 0.139578 0.128967 0.10532 0.0929359 0.0858596 0.0714436 0.0529398 0.0379006 0.0272496 0.0191129 0.0124659 0.00716304 0.00344525 0.00133929
 3.45462e-11 1.62489e-09 5.29215e-08 1.19351e-06 1.86384e-05 0.000201548 0.00150919 0.0078258 0.028108 0.0699916 0.121262 0.14822 0.134451 0.104748 0.0870359 0.0784773 0.0664097 0.0510582 0.0372642 0.0259901 0.0170404 0.0104562 0.00588181 0.00288422 0.00116569
 3.61574e-11 1.70067e-09 5.53897e-08 1.24918e-06 1.95077e-05 0.000210948 0.00157958 0.00819072 0.0294179 0.0732458 0.126848 0.154799 0.13961 0.107004 0.0865333 0.0759434 0.0623926 0.0462995 0.0329349 0.0228782 0.0149953 0.00900879 0.00486693 0.00230271 0.000918214
 3.50354e-11 1.6479e-09 5.36709e-08 1.21041e-06 1.89023e-05 0.000204403 0.00153057 0.00793668 0.0285069 0.0709913 0.123038 0.150593 0.137242 0.108158 0.0909385 0.081454 0.0666265 0.0482693 0.0330606 0.0220627 0.0139985 0.00822062 0.0043551 0.00201207 0.000781426
 3.47184e-11 1.63299e-09 5.31853e-08 1.19946e-06 1.87313e-05 0.000202553 0.00151672 0.00786488 0.028249 0.0703493 0.121927 0.149241 0.136041 0.107316 0.0905074 0.0816514 0.0677369 0.0501152 0.0348957 0.0232007 0.0143448 0.00811543 0.00414494 0.00185753 0.000703223
 3.33409e-11 1.56819e-09 5.10751e-08 1.15187e-06 1.79881e-05 0.000194517 0.00145654 0.00755293 0.0271298 0.0675738 0.117196 0.143829 0.132318 0.106893 0.0930832 0.0855363 0.0713097 0.0528232 0.0369674 0.0248456 0.015513 0.00875881 0.00439067 0.00190905 0.000699444
 3.28878e-11 1.54688e-09 5.0381e-08 1.13622e-06 1.77437e-05 0.000191873 0.00143675 0.00745029 0.026761 0.0666552 0.115602 0.141869 0.130509 0.10546 0.0920347 0.0851483 0.0720303 0.0546249 0.039194 0.0268003 0.0169094 0.00961979 0.00483785 0.00209169 0.000754169
 3.44622e-11 1.62093e-09 5.27928e-08 1.19061e-06 1.85931e-05 0.000201058 0.00150552 0.00780681 0.0280402 0.0698269 0.121005 0.148037 0.134702 0.105784 0.0887605 0.0801413 0.0671877 0.050889 0.0367596 0.0255392 0.0164629 0.00955931 0.00487896 0.002126 0.000767137
 3.30901e-11 1.5564e-09 5.0691e-08 1.14321e-06 1.78529e-05 0.000193054 0.00144559 0.00749615 0.026926 0.0670678 0.11633 0.142817 0.131551 0.106603 0.0931754 0.0857185 0.0713564 0.0527827 0.037116 0.0253924 0.0163694 0.00961794 0.00499627 0.00221558 0.000810132
 3.2566e-11 1.53175e-09 4.9888e-08 1.1251e-06 1.757e-05 0.000189996 0.00142269 0.0073774 0.0264993 0.0660042 0.114479 0.140519 0.12936 0.104742 0.0917204 0.0852229 0.0725578 0.0555338 0.0402149 0.0277035 0.0176564 0.0102376 0.00529871 0.00236582 0.000875968
 3.35281e-11 1.577e-09 5.13619e-08 1.15834e-06 1.80891e-05 0.000195609 0.00146472 0.00759526 0.0272809 0.0679417 0.117776 0.144263 0.13184 0.104746 0.0893893 0.0817431 0.0692073 0.0530645 0.0388945 0.0273988 0.0178833 0.0105183 0.00545446 0.00242678 0.000897514
 3.33105e-11 1.56677e-09 5.10286e-08 1.15082e-06 1.79717e-05 0.000194339 0.00145522 0.00754602 0.0271045 0.0675073 0.117056 0.14354 0.131682 0.105629 0.0911866 0.0835672 0.0700459 0.052662 0.0378314 0.0264169 0.0173419 0.0103622 0.00546995 0.0024653 0.000917411
 3.34566e-11 1.57364e-09 5.12525e-08 1.15587e-06 1.80506e-05 0.000195192 0.0014616 0.00757911 0.0272232 0.0678011 0.117553 0.144092 0.132006 0.105527 0.0907392 0.0831195 0.0699213 0.0528271 0.0379474 0.0262537 0.0170008 0.0100709 0.00532506 0.00242366 0.000913047
 3.45254e-11 1.62391e-09 5.28897e-08 1.19279e-06 1.86272e-05 0.000201427 0.00150829 0.00782114 0.0280917 0.0699554 0.121229 0.148319 0.134984 0.106046 0.0889933 0.0802529 0.0670438 0.0504621 0.0361881 0.0250362 0.0161871 0.00953497 0.00500369 0.00226689 0.0008549
 3.47895e-11 1.63633e-09 5.32943e-08 1.20192e-06 1.87697e-05 0.000202968 0.00151982 0.00788097 0.0283066 0.0704909 0.122159 0.149464 0.136045 0.106899 0.0896398 0.0805359 0.0666931 0.0494616 0.0348872 0.0238509 0.0153249 0.00899575 0.00470419 0.00212175 0.000796766
 3.42853e-11 1.61262e-09 5.25219e-08 1.1845e-06 1.84977e-05 0.000200027 0.0014978 0.0077668 0.0278971 0.0694766 0.120439 0.147535 0.134854 0.107137 0.0912064 0.0826474 0.0685007 0.0505727 0.0353314 0.0238248 0.0150716 0.00872445 0.00451708 0.00202429 0.000756691
 3.31178e-11 1.5577e-09 5.07334e-08 1.14416e-06 1.78678e-05 0.000193215 0.0014468 0.0075024 0.0269482 0.0671216 0.116412 0.142864 0.131429 0.10619 0.0925684 0.0853374 0.0716323 0.0536381 0.0379575 0.0257149 0.0161834 0.00925635 0.00472343 0.00208878 0.000772815
 3.19289e-11 1.50178e-09 4.89121e-08 1.10309e-06 1.72263e-05 0.000186279 0.00139486 0.00723313 0.0259818 0.0647213 0.112297 0.13804 0.127718 0.104721 0.0931624 0.0872294 0.0742519 0.0566669 0.0410181 0.028353 0.018101 0.0104218 0.0053072 0.0023265 0.000850857
 3.29018e-11 1.54754e-09 5.04025e-08 1.1367e-06 1.77513e-05 0.000191955 0.00143736 0.00745343 0.0267719 0.0666776 0.11561 0.14173 0.129912 0.104036 0.0898192 0.082905 0.0707661 0.054774 0.0404741 0.0286203 0.0186977 0.0109937 0.0056839 0.00250949 0.00091744
 3.34617e-11 1.57388e-09 5.12603e-08 1.15605e-06 1.80533e-05 0.000195222 0.00146182 0.00758025 0.0272272 0.0678092 0.117556 0.144041 0.131787 0.104994 0.0898726 0.082138 0.0691716 0.0525905 0.0383407 0.0271386 0.0179974 0.0108209 0.00572547 0.00257765 0.000955241
#obs catch len freq
 2.26327e-11 1.06454e-09 3.46712e-08 7.81924e-07 1.22109e-05 0.000132044 0.000988756 0.00512738 0.0184198 0.0459036 0.0797794 0.0986997 0.0933772 0.0810314 0.0781782 0.0794103 0.0754673 0.0681879 0.0613836 0.0551739 0.0490376 0.0421022 0.0330886 0.0223055 0.0121927
 2.00422e-11 9.42687e-10 3.07027e-08 6.92424e-07 1.08132e-05 0.000116931 0.000875597 0.00454081 0.016316 0.0406937 0.0709507 0.0888385 0.0874127 0.0825718 0.0866219 0.0904276 0.0845437 0.0737637 0.0642807 0.0561954 0.0483544 0.0402034 0.0310063 0.0208313 0.0114433
 9.22884e-16 4.34756e-14 1.42471e-12 3.29141e-11 5.62581e-10 8.1701e-09 1.23236e-07 1.91715e-06 2.51144e-05 0.000242562 0.001651 0.00783032 0.0258759 0.0600187 0.0997135 0.124392 0.127334 0.119094 0.107486 0.0932178 0.0775974 0.062079 0.0463513 0.0304949 0.016594
 1.30769e-11 6.15073e-10 2.00325e-08 4.51784e-07 7.05525e-06 7.62922e-05 0.00057126 0.00296192 0.0106341 0.0264372 0.0455142 0.0542976 0.0451927 0.0280764 0.0205304 0.0334921 0.0655242 0.101592 0.122857 0.122857 0.108071 0.0865936 0.0630285 0.0402584 0.021427
 4.98819e-11 2.34621e-09 7.64144e-08 1.72334e-06 2.69124e-05 0.000291018 0.00217909 0.0112985 0.0405662 0.100868 0.173763 0.207708 0.173343 0.103391 0.0477656 0.0208946 0.0112738 0.00941991 0.0123868 0.0172265 0.0199895 0.0187804 0.0145533 0.00936228 0.00491053
 3.20533e-11 1.50763e-09 4.91026e-08 1.10739e-06 1.72935e-05 0.000187005 0.00140032 0.00726173 0.0260891 0.0650328 0.113139 0.140489 0.134411 0.118767 0.113186 0.103769 0.0759947 0.041673 0.0183883 0.00915507 0.0077035 0.00805177 0.00727947 0.00517072 0.00283214
 3.67263e-11 1.72743e-09 5.62612e-08 1.26883e-06 1.98146e-05 0.000214267 0.00160442 0.00831948 0.0298792 0.074382 0.128733 0.156714 0.140132 0.105081 0.0830014 0.0739188 0.0646854 0.0516488 0.0365462 0.0217566 0.0108865 0.00543165 0.00338946 0.00231572 0.00133924
 2.29018e-11 1.07719e-09 3.50834e-08 7.91219e-07 1.23561e-05 0.000133615 0.00100054 0.00518902 0.0186486 0.0465463 0.0813912 0.103011 0.104748 0.105127 0.114791 0.117152 0.0995806 0.0731979 0.0514019 0.0352451 0.0219772 0.0117565 0.00550114 0.00247265 0.00111511
 4.05008e-11 1.90496e-09 6.20435e-08 1.39924e-06 2.18511e-05 0.000236288 0.0017693 0.00917405 0.0329436 0.0819624 0.141524 0.170737 0.14769 0.100241 0.0665492 0.0532966 0.0484704 0.0440733 0.0372147 0.0277283 0.0180154 0.0102821 0.00510551 0.00216985 0.000794133
 3.38844e-11 1.59376e-09 5.19077e-08 1.17065e-06 1.82814e-05 0.000197688 0.0014803 0.00767616 0.0275734 0.0686875 0.119189 0.146558 0.1357 0.111201 0.0977612 0.0879111 0.0684635 0.0454009 0.0293059 0.0205788 0.0146869 0.00942476 0.00509546 0.00226678 0.000821598
 3.64104e-11 1.71257e-09 5.57772e-08 1.25792e-06 1.96442e-05 0.000212424 0.00159063 0.00824799 0.0296234 0.0737534 0.127702 0.155727 0.140094 0.106709 0.0857914 0.075787 0.0636187 0.0482214 0.0337773 0.0218578 0.0131037 0.00749237 0.00403477 0.00190273 0.000732135
 3.77684e-11 1.77644e-09 5.78576e-08 1.30484e-06 2.03769e-05 0.000220347 0.00164995 0.00855558 0.0307276 0.076498 0.132422 0.16133 0.144619 0.108961 0.0857089 0.0734683 0.0591615 0.0427793 0.0294647 0.0197235 0.0122942 0.00688663 0.00343225 0.00150829 0.000567037
 3.78152e-11 1.77864e-09 5.79293e-08 1.30645e-06 2.04021e-05 0.00022062 0.001652 0.00856621 0.0307661 0.0765968 0.132614 0.16166 0.145224 0.110052 0.0872759 0.0750013 0.0599237 0.0423799 0.0281086 0.0180554 0.0109618 0.00610567 0.00303669 0.00130654 0.00047189
 3.45066e-11 1.62302e-09 5.28609e-08 1.19215e-06 1.86171e-05 0.000201318 0.00150747 0.00781699 0.028078 0.0699324 0.121266 0.148724 0.136495 0.109541 0.094337 0.0854893 0.069667 0.0495679 0.0327881 0.0207447 0.0122408 0.00658632 0.00318031 0.00134028 0.000475498
 3.52651e-11 1.6587e-09 5.40227e-08 1.21835e-06 1.90263e-05 0.000205743 0.0015406 0.00798866 0.0286931 0.071449 0.123791 0.151329 0.137327 0.107074 0.0889448 0.0798172 0.0666904 0.0500537 0.0351948 0.023198 0.0138692 0.00739853 0.00349168 0.00142948 0.000493168
 3.02117e-11 1.42101e-09 4.62814e-08 1.04376e-06 1.62999e-05 0.000176261 0.00131986 0.00684433 0.0245875 0.0612703 0.106461 0.131582 0.124018 0.106294 0.0995308 0.0950779 0.0800383 0.0592302 0.0413978 0.0278688 0.0173777 0.00966661 0.00467295 0.00191665 0.000651864
 3.39821e-11 1.59836e-09 5.20574e-08 1.17403e-06 1.83341e-05 0.000198258 0.00148455 0.00769801 0.027649 0.0688476 0.119274 0.145761 0.132142 0.102858 0.0856625 0.0782077 0.0680609 0.0545541 0.0413149 0.029098 0.0185004 0.0104881 0.00521415 0.00220317 0.000764953
 3.37461e-11 1.58725e-09 5.16959e-08 1.16587e-06 1.82068e-05 0.000196881 0.00147425 0.00764468 0.0274588 0.0683869 0.118565 0.14531 0.133045 0.106153 0.090858 0.0825202 0.0684421 0.0509188 0.036596 0.0259879 0.0173915 0.010429 0.00540773 0.0023555 0.000838954
 3.1554e-11 1.48415e-09 4.83377e-08 1.09014e-06 1.70241e-05 0.000184092 0.00137849 0.00714824 0.0256774 0.063967 0.111016 0.1366 0.126812 0.104846 0.0942231 0.0886113 0.0752779 0.0570321 0.0408691 0.0281126 0.0181497 0.0107879 0.00572928 0.00259736 0.000962202
 3.31191e-11 1.55776e-09 5.07354e-08 1.14421e-06 1.78685e-05 0.000193223 0.00144685 0.00750262 0.0269483 0.0671128 0.116338 0.142501 0.130233 0.103515 0.0885642 0.081585 0.0701017 0.0548934 0.040918 0.0289295 0.0187952 0.0110387 0.0057731 0.00261047 0.00098143
 3.41907e-11 1.60816e-09 5.23768e-08 1.18123e-06 1.84466e-05 0.000199474 0.00149366 0.00774531 0.0278196 0.0692785 0.120063 0.146925 0.133818 0.105348 0.0886712 0.0801425 0.0671265 0.0508764 0.037077 0.0263166 0.0175053 0.0105332 0.00557473 0.00252098 0.000945084
 3.27123e-11 1.53863e-09 5.01122e-08 1.13016e-06 1.7649e-05 0.00019085 0.00142909 0.00741058 0.0266188 0.0663038 0.115013 0.141244 0.130241 0.105845 0.0929345 0.0859296 0.0720331 0.0538208 0.038229 0.0263538 0.0171573 0.0102698 0.00548718 0.00251698 0.000953585
 3.44731e-11 1.62145e-09 5.28095e-08 1.19099e-06 1.8599e-05 0.000201122 0.001506 0.00780926 0.0280489 0.0698462 0.121023 0.147991 0.134444 0.105155 0.0878375 0.0793814 0.0670907 0.051442 0.0374527 0.0259715 0.0166756 0.00976059 0.00512264 0.00233397 0.000886907
 3.44106e-11 1.61851e-09 5.27138e-08 1.18883e-06 1.85653e-05 0.000200758 0.00150327 0.00779516 0.0279988 0.0697267 0.120852 0.147949 0.134935 0.106586 0.0900361 0.0812623 0.0674344 0.0501594 0.035621 0.0246057 0.0159592 0.00940493 0.00491114 0.00220953 0.00082978
 3.51788e-11 1.65464e-09 5.38905e-08 1.21537e-06 1.89797e-05 0.000205239 0.00153683 0.0079691 0.0286229 0.0712742 0.123489 0.150962 0.136997 0.106802 0.0886189 0.0792503 0.0657922 0.0490726 0.0346967 0.023593 0.0150081 0.00873564 0.00454626 0.00204361 0.000764503
 3.22498e-11 1.51688e-09 4.94037e-08 1.11418e-06 1.73995e-05 0.000188152 0.00140889 0.00730586 0.0262434 0.0653754 0.113449 0.139541 0.129365 0.106548 0.0951114 0.0886057 0.0741177 0.0548698 0.0383931 0.0259099 0.0163592 0.00941328 0.0048318 0.00214728 0.00079751
 3.26506e-11 1.53573e-09 5.00176e-08 1.12802e-06 1.76157e-05 0.00019049 0.00142639 0.00739654 0.0265679 0.0661715 0.114748 0.140748 0.129254 0.104028 0.0904918 0.0840871 0.0722124 0.0561083 0.0412099 0.0285359 0.01808 0.0103289 0.0052461 0.00230461 0.000846337
 2.94822e-11 1.3867e-09 4.51639e-08 1.01856e-06 1.59063e-05 0.000172005 0.00128798 0.00667904 0.0239936 0.0597883 0.103873 0.128326 0.120774 0.103224 0.0965954 0.0929779 0.0799306 0.0614702 0.0451838 0.0320282 0.0210456 0.0124027 0.0063947 0.00281079 0.00102491
 3.52621e-11 1.65856e-09 5.40182e-08 1.21825e-06 1.90247e-05 0.000205725 0.00154046 0.00798785 0.0286888 0.071424 0.123651 0.150705 0.135318 0.102585 0.0821283 0.0731095 0.0632295 0.0509936 0.0393453 0.0286537 0.0191143 0.0114823 0.00607262 0.0027329 0.00101126
#spawning biomass
 23421.3 22381.2 17777.1 12494.5 14467.3 27539.8 40789.9 49459.4 62407.7 81396.3 89227.7 115574 147170 169297 168252 163082 141712 135191 152424 156162 156732 155329 153621 168975 174778 191462 197988 188688 195097 203547 243339 168897 107748 69286.5 47752.9 36494 30854.3 28106.9 26793.2 26172.7 25882.3 25747 25684.4 25655.4 25642 25635.8 25633 25631.7 25631.1 25630.8 25630.7 25630.7 25630.6 25630.6 25630.6 25630.6 25630.6 25630.6 25630.6 25630.6 25630.6 25630.6 25630.6 25630.6 25630.6 25630.6 25630.6 25630.6 25630.6 25630.6 25630.6 25630.6 25630.6 25630.6 25630.6 25630.6 25630.6 25630.6 25630.6 25630.6 25630.6 25630.6 25630.6 25630.6 25630.6 25630.6 25630.6 25630.6 25630.6 25630.6 25630.6 25630.6 25630.6 25630.6 25630.6 25630.6 25630.6 25630.6 25630.6 25630.6 25630.6 25630.6 25630.6 25630.6 25630.6 25630.6 25630.6 25630.6 25630.6 25630.6 25630.6 25630.6 25630.6 25630.6 25630.6 25630.6 25630.6 25630.6 25630.6 25630.6 25630.6 25630.6 25630.6 25630.6 25630.6 25630.6 25630.6 25630.6 25630.6 0 0 0 0 0 0 0 0 0 0 0 0 0 0 0 0 0 0 0 0 0 0 0 0 0
