SBPRF35
0.256306
Curr Bio
180567
B35
205921
F35
0.412932
FOFL
0.393131
OFL
68684.3
Bzero
73230.3
#pred survey bio
 26752.1 23618.6 18830.3 16864.3 24941.6 35501.2 46962.5 59834 79919 105591 134082 182671 252182 268634 280602 247444 238666 225592 225331 226857 224463 241089 258315 261461 247932 274868 266891 266244 272988 1.01232e+07 5.29547e+06 3.8159e+06 2.57138e+06 1.76632e+06 1.30319e+06 1.05116e+06 916982 845560 806965 785569 773330 766095 761682 758917 757145 755997 755244 754745 754413 754190 754040 753939 753871 753826 753795 753774 753759 753750 753743 753739 753736 753734 753733 753732 753731 753731 753730 753730 753730 753730 753730 753730 753730 753730 753730 753730 753730 753730 753730 753730 753730 753730 753730 753730 753730 753730 753730 753730 753730 753730 753730 753730 753730 753730 753730 753730 753730 753730 753730 753730 753730 753730 753730 753730 753730 753730 753730 753730 753730 753730 753730 753730 753730 753730 753730 753730 753730 753730 753730 753730 753730 753730 753730 753730 753730 753730 753730 753730 753730 0 0 0 0 0 0 0 0 0 0 0 0 0 0 0 0 0 0 0 0 0 0 0 0 0
#obs survey bio
 25634.9 16286.8 18597.3 18763.8 39322.6 51017.9 36429.9 72003.8 92467.8 84632.4 160704 195987 197045 353599 262789 263790 160952 280351 244910 182534 204776 307944 246510 291568 248354 267502 290859 303144 326597
#pred catch bio
 3701.74 3448.01 3259.39 2829.08 5018.76 6947.04 10445.8 14783.3 20280.8 32017.5 37559.4 49981.2 99301.6 96477.6 121983 101406 98682.1 85381.6 87505.6 91269.1 80928.4 90532.9 105238 111489 81815.6 105900 104192 103612 98077.4 68684.3 65679 47101.7 30560.8 20018.5 14206.9 11237.7 9787.2 9098.44 8777.41 8629.65 8562.21 8531.61 8517.78 8511.55 8508.74 8507.49 8506.92 8506.67 8506.56 8506.51 8506.49 8506.48 8506.47 8506.47 8506.47 8506.47 8506.47 8506.47 8506.47 8506.47 8506.47 8506.47 8506.47 8506.47 8506.47 8506.47 8506.47 8506.47 8506.47 8506.47 8506.47 8506.47 8506.47 8506.47 8506.47 8506.47 8506.47 8506.47 8506.47 8506.47 8506.47 8506.47 8506.47 8506.47 8506.47 8506.47 8506.47 8506.47 8506.47 8506.47 8506.47 8506.47 8506.47 8506.47 8506.47 8506.47 8506.47 8506.47 8506.47 8506.47 8506.47 8506.47 8506.47 8506.47 8506.47 8506.47 8506.47 8506.47 8506.47 8506.47 8506.47 8506.47 8506.47 8506.47 8506.47 8506.47 8506.47 8506.47 8506.47 8506.47 8506.47 8506.47 8506.47 8506.47 8506.47 8506.47 8506.47 8506.47 8506.47 0 0 0 0 0 0 0 0 0 0 0 0 0 0 0 0 0 0 0 0 0 0 0 0 0
#obs catch bio
 3290.33 3506.17 3333.99 2841.87 4908.63 6628.67 10143.1 14247.5 18909.9 31050.6 36136.3 46293.7 94299.8 90006.6 122839 101124 100930 84025.3 90506.6 97343.6 81807.5 90746.5 105154 110505 80156.7 105266 107844 107901 97603.6
#pred cpue bio
 24476 22248.6 18120.4 15489.2 20867.7 30009 40440 51436.2 67619.6 89424.2 112734 152932 211152 226000 239756 211438 202666 192020 192490 192763 190349 204697 218270 220575 210019 234609 228531 226370 231181 8.61942e+06 4.92325e+06 3.67192e+06 2.48035e+06 1.68483e+06 1.22324e+06 971448 837306 765890 727296 705900 693661 686426 682013 679248 677476 676328 675575 675076 674744 674521 674371 674271 674203 674157 674126 674105 674090 674081 674074 674070 674067 674065 674064 674063 674062 674062 674061 674061 674061 674061 674061 674061 674061 674061 674061 674061 674061 674061 674061 674061 674061 674061 674061 674061 674061 674061 674061 674061 674061 674061 674061 674061 674061 674061 674061 674061 674061 674061 674061 674061 674061 674061 674061 674061 674061 674061 674061 674061 674061 674061 674061 674061 674061 674061 674061 674061 674061 674061 674061 674061 674061 674061 674061 674061 674061 674061 674061 674061 674061 0 0 0 0 0 0 0 0 0 0 0 0 0 0 0 0 0 0 0 0 0 0 0 0 0
#obs cpue bio
 21026.5 20416.8 17049.6 16274.4 26882 28589.7 44616.9 55401.7 92510.4 94323.4 108398 238811 291550 217396 189214 197457 256895 184766 123923 173309 230142 171567 239441 226566 199244 267037 144093 171463 234536
#pred surv len freq
 2.63839e-11 1.24097e-09 4.04177e-08 9.1152e-07 1.42347e-05 0.000153929 0.00115262 0.00597697 0.0214695 0.0534799 0.0927847 0.114024 0.10543 0.0864888 0.0777577 0.0754933 0.0696669 0.0610324 0.0530023 0.0456858 0.039094 0.0335825 0.0282678 0.0216456 0.0137956
 1.20667e-11 5.67562e-10 1.84851e-08 4.16886e-07 6.51032e-06 7.04014e-05 0.000527206 0.00273464 0.00983419 0.0246082 0.0434551 0.0569895 0.064191 0.0764374 0.0961484 0.108198 0.10381 0.0913362 0.0789619 0.0671901 0.0556238 0.044932 0.0349646 0.0249111 0.0150694
 9.67947e-12 4.55276e-10 1.4828e-08 3.34409e-07 5.2223e-06 5.64724e-05 0.000422881 0.00219314 0.0078818 0.0196726 0.0344004 0.0435624 0.0445565 0.0462992 0.0565725 0.0734362 0.0923194 0.107967 0.112466 0.103278 0.0862177 0.0675019 0.0495513 0.0329346 0.0187048
 3.34657e-11 1.57407e-09 5.12664e-08 1.15618e-06 1.80555e-05 0.000195244 0.00146196 0.00758032 0.0272185 0.0676994 0.116764 0.14024 0.119271 0.0764932 0.0448612 0.0329748 0.0334323 0.0405752 0.0507424 0.0583671 0.0583325 0.0500583 0.0371461 0.0237792 0.0127879
 4.42256e-11 2.08016e-09 6.77496e-08 1.52792e-06 2.38607e-05 0.000258019 0.00193201 0.0100177 0.0359723 0.0894915 0.154479 0.186141 0.16021 0.106555 0.0660593 0.0451337 0.0313466 0.0205531 0.0152162 0.0150471 0.0166463 0.0166696 0.0138768 0.00934803 0.00502087
 3.58078e-11 1.68423e-09 5.48542e-08 1.2371e-06 1.93191e-05 0.000208909 0.00156431 0.00811172 0.0291361 0.0725636 0.125799 0.154139 0.140983 0.112027 0.0946844 0.08338 0.0644214 0.0414985 0.0240316 0.0142057 0.00984931 0.00827414 0.00706733 0.0051266 0.0029074
 3.34367e-11 1.5727e-09 5.1222e-08 1.15518e-06 1.80398e-05 0.000195076 0.00146073 0.00757455 0.0272063 0.0677532 0.117432 0.143764 0.131152 0.103826 0.0886056 0.0821735 0.0717164 0.0566425 0.0409008 0.026316 0.015002 0.00828631 0.00500954 0.00317818 0.00178671
 3.52734e-11 1.65909e-09 5.40356e-08 1.21864e-06 1.90308e-05 0.000205791 0.00154096 0.00799042 0.0286978 0.0714464 0.123687 0.150734 0.135298 0.102465 0.0818875 0.0727997 0.0630325 0.0512123 0.0400893 0.0294355 0.0192257 0.0109189 0.00551486 0.00261534 0.00118223
 3.81915e-11 1.79634e-09 5.85058e-08 1.31945e-06 2.06051e-05 0.000222815 0.00166843 0.00865128 0.0310697 0.0773352 0.133771 0.162499 0.144153 0.105477 0.0794119 0.0668147 0.0551498 0.0425315 0.032074 0.0237255 0.0164268 0.0101611 0.00542425 0.00245951 0.000951868
 3.67661e-11 1.7293e-09 5.63223e-08 1.27021e-06 1.98361e-05 0.0002145 0.00160617 0.00832858 0.0299126 0.0744731 0.128944 0.157216 0.141336 0.107365 0.0856236 0.0743438 0.0606282 0.0446113 0.0314827 0.0219064 0.014638 0.00907386 0.00501061 0.00235556 0.00091022
 3.83579e-11 1.80417e-09 5.87608e-08 1.3252e-06 2.06949e-05 0.000223786 0.0016757 0.00868902 0.0312056 0.0776767 0.134384 0.163351 0.145256 0.107026 0.0815076 0.0690775 0.0568438 0.0429558 0.0308287 0.021074 0.0134063 0.00786798 0.00419955 0.00196252 0.000765619
 3.87207e-11 1.82124e-09 5.93165e-08 1.33774e-06 2.08907e-05 0.000225903 0.00169155 0.00877121 0.0315008 0.0784125 0.135663 0.164931 0.146736 0.108235 0.0823992 0.0693291 0.0560349 0.0412451 0.0290059 0.0197652 0.0126022 0.00730438 0.00377683 0.00170122 0.000646437
 3.8473e-11 1.80959e-09 5.89371e-08 1.32918e-06 2.0757e-05 0.000224458 0.00168073 0.00871512 0.0312997 0.0779144 0.13482 0.163992 0.146179 0.10842 0.0832993 0.0705674 0.0571636 0.0419697 0.0292196 0.0195639 0.0122375 0.0069862 0.00356459 0.00157702 0.000584931
 3.72356e-11 1.75139e-09 5.70415e-08 1.28643e-06 2.00894e-05 0.000217239 0.00162668 0.00843493 0.0302945 0.0754232 0.130584 0.159192 0.143037 0.108501 0.0863435 0.0748564 0.0609381 0.0445174 0.0306948 0.0202986 0.0124914 0.00698463 0.003485 0.00150963 0.000548961
 3.43502e-11 1.61567e-09 5.26213e-08 1.18674e-06 1.85327e-05 0.000200405 0.00150063 0.00778147 0.0279495 0.0696039 0.120638 0.147681 0.134677 0.106392 0.0900295 0.0817348 0.0686107 0.0517156 0.0367155 0.0246616 0.0151817 0.00840463 0.004126 0.00175248 0.000624186
 3.538e-11 1.6641e-09 5.41988e-08 1.22232e-06 1.90883e-05 0.000206413 0.00154561 0.00801461 0.0287853 0.0716702 0.124116 0.151451 0.13656 0.104694 0.0850625 0.0759017 0.0646005 0.0504953 0.0374927 0.026189 0.0165992 0.0093537 0.0046131 0.00194579 0.000683198
 3.66669e-11 1.72464e-09 5.61703e-08 1.26678e-06 1.97826e-05 0.000213921 0.00160183 0.00830607 0.0298313 0.074267 0.12856 0.156624 0.140413 0.105889 0.083709 0.0728453 0.0606194 0.046318 0.0340381 0.0241261 0.0158317 0.00928801 0.00473576 0.00203905 0.000721489
 3.56122e-11 1.67503e-09 5.45545e-08 1.23034e-06 1.92135e-05 0.000207768 0.00155576 0.00806725 0.0289748 0.0721463 0.124969 0.152626 0.138039 0.106635 0.087315 0.0774378 0.0641617 0.0479919 0.0342357 0.0236453 0.0153279 0.0090546 0.00472684 0.00209848 0.000763373
 3.52218e-11 1.65666e-09 5.39564e-08 1.21685e-06 1.90029e-05 0.00020549 0.0015387 0.0079788 0.0286571 0.0713545 0.123594 0.150927 0.136451 0.10535 0.0863843 0.0772221 0.0651491 0.0500602 0.0365112 0.0252835 0.0161485 0.00936262 0.00484201 0.00216054 0.000799112
 3.66078e-11 1.72185e-09 5.60797e-08 1.26474e-06 1.97507e-05 0.000213576 0.00159925 0.00829266 0.0297832 0.0741466 0.128349 0.156353 0.140128 0.105601 0.0834516 0.0727709 0.0608889 0.046855 0.0345258 0.0243294 0.0158093 0.00923898 0.00476084 0.00210684 0.000775894
 3.6503e-11 1.71692e-09 5.59191e-08 1.26112e-06 1.96941e-05 0.000212965 0.00159467 0.00826897 0.0296986 0.0739407 0.128025 0.156113 0.140402 0.106804 0.0854623 0.0746685 0.0615902 0.0461128 0.033033 0.0229367 0.0149175 0.00880766 0.00459106 0.00204542 0.000753923
 3.629e-11 1.70691e-09 5.55929e-08 1.25376e-06 1.95793e-05 0.000211722 0.00158537 0.00822074 0.0295254 0.0735101 0.127283 0.155226 0.139665 0.106394 0.0854099 0.075031 0.0624317 0.0472405 0.0339781 0.0233708 0.0149318 0.00868878 0.00450931 0.00201721 0.000748644
 3.73518e-11 1.75685e-09 5.72194e-08 1.29044e-06 2.01521e-05 0.000217916 0.00163175 0.00846117 0.030388 0.0756493 0.130928 0.159393 0.14252 0.106678 0.0833256 0.0718449 0.0594146 0.0449749 0.0324871 0.0224709 0.0143885 0.00833086 0.00427848 0.00189506 0.000699848
 3.72009e-11 1.74975e-09 5.69883e-08 1.28523e-06 2.00707e-05 0.000217036 0.00162516 0.00842704 0.0302659 0.0753497 0.130441 0.158944 0.14258 0.107671 0.085142 0.0736513 0.0602428 0.0445833 0.0314236 0.0214047 0.0136352 0.00789012 0.00404656 0.00178408 0.000654338
 3.62156e-11 1.70341e-09 5.54789e-08 1.25119e-06 1.95391e-05 0.000211288 0.00158212 0.00820391 0.0294653 0.0733644 0.127057 0.155071 0.139914 0.107377 0.0870698 0.0767124 0.0633314 0.0470902 0.0331084 0.0222567 0.0138935 0.0078874 0.00399485 0.00174961 0.000638911
 3.52119e-11 1.6562e-09 5.39414e-08 1.21651e-06 1.89976e-05 0.000205432 0.00153827 0.00797658 0.0286492 0.0713356 0.123566 0.15092 0.136528 0.105581 0.0867697 0.0776476 0.0654703 0.0502187 0.0365171 0.0251322 0.0158355 0.00896184 0.00448776 0.0019389 0.000700052
 3.4885e-11 1.64082e-09 5.34406e-08 1.20522e-06 1.88212e-05 0.000203525 0.00152399 0.00790254 0.0283834 0.0706746 0.122427 0.149558 0.135389 0.104899 0.0864645 0.0775767 0.065625 0.0507071 0.0374234 0.0263501 0.0170521 0.00987364 0.00500577 0.00216451 0.000776136
 3.66431e-11 1.72352e-09 5.61338e-08 1.26596e-06 1.97697e-05 0.000213782 0.00160079 0.00830066 0.0298118 0.0742166 0.128462 0.156455 0.140105 0.105345 0.0829765 0.072256 0.0605516 0.0467786 0.0346626 0.0246085 0.0161562 0.00954944 0.00495296 0.00218318 0.000791979
 3.68627e-11 1.73385e-09 5.64702e-08 1.27354e-06 1.98882e-05 0.000215063 0.00161039 0.00835043 0.0299908 0.0746654 0.129259 0.157521 0.141356 0.106868 0.0847007 0.0735127 0.0604771 0.0452494 0.0324531 0.0226197 0.0148092 0.0088222 0.00464329 0.00208451 0.000770266
#obs surv len freq
 2.32486e-11 1.0935e-09 3.56146e-08 8.032e-07 1.25431e-05 0.000135637 0.00101566 0.00526691 0.0189212 0.0471543 0.0819614 0.101438 0.0960862 0.083592 0.080757 0.0817496 0.0770028 0.0687235 0.0610483 0.0538034 0.0461815 0.0378478 0.0285008 0.0186948 0.0101058
 9.03068e-16 4.25467e-14 1.39486e-12 3.22768e-11 5.54861e-10 8.18246e-09 1.26179e-07 1.9911e-06 2.62165e-05 0.000253556 0.00172622 0.00818481 0.027022 0.0625237 0.103255 0.127134 0.127259 0.116286 0.104161 0.0913073 0.0771698 0.0620738 0.0459702 0.029745 0.0158996
 1.25892e-11 5.92136e-10 1.92855e-08 4.34936e-07 6.79214e-06 7.3447e-05 0.000549956 0.00285146 0.0102375 0.0254513 0.0438173 0.052277 0.0435443 0.0272483 0.0206623 0.0347786 0.0680123 0.104421 0.124544 0.122937 0.10757 0.0864614 0.0631523 0.0402093 0.0211941
 5.07352e-11 2.38634e-09 7.77215e-08 1.75282e-06 2.73727e-05 0.000295996 0.00221636 0.0114917 0.0412596 0.102588 0.176696 0.211075 0.175696 0.103769 0.0463948 0.0188566 0.00959908 0.00840198 0.0116754 0.0163895 0.0189107 0.0176604 0.0136453 0.00876574 0.00458431
 3.40789e-11 1.60291e-09 5.22056e-08 1.17737e-06 1.83863e-05 0.000198823 0.0014888 0.00772041 0.0277345 0.0691097 0.120064 0.148302 0.13941 0.11832 0.107767 0.0964412 0.0699308 0.0380715 0.0167025 0.00847222 0.00742248 0.00788105 0.00713052 0.00505261 0.00276001
 3.8657e-11 1.81824e-09 5.92189e-08 1.33554e-06 2.08563e-05 0.000225532 0.00168876 0.00875671 0.0314481 0.0782736 0.135372 0.164342 0.145484 0.105945 0.0796917 0.0684573 0.0590601 0.0469013 0.0330749 0.0196477 0.00986228 0.00501454 0.00321564 0.00222641 0.00129084
 2.79748e-11 1.3158e-09 4.28547e-08 9.66482e-07 1.5093e-05 0.000163211 0.00122214 0.00633781 0.0227704 0.0567675 0.0988095 0.122934 0.118426 0.106591 0.105074 0.102375 0.0857216 0.0626229 0.0437816 0.0299222 0.0186277 0.00998003 0.00471126 0.00215641 0.000990419
 4.20683e-11 1.97869e-09 6.44446e-08 1.45339e-06 2.26967e-05 0.000245433 0.00183777 0.00952909 0.0342183 0.0851323 0.146986 0.177274 0.153153 0.103434 0.0675679 0.0522767 0.0451719 0.0388607 0.031501 0.022973 0.0147868 0.00840874 0.00417567 0.00178312 0.000659557
 3.5745e-11 1.68128e-09 5.4758e-08 1.23493e-06 1.92852e-05 0.000208543 0.00156157 0.00809748 0.029085 0.0724346 0.125566 0.153811 0.140542 0.111379 0.0937754 0.0824278 0.0640705 0.0427617 0.027517 0.0188127 0.0129501 0.00808412 0.00430345 0.00190245 0.00068963
 3.92941e-11 1.84821e-09 6.01949e-08 1.35755e-06 2.12001e-05 0.000229248 0.0017166 0.00890104 0.0319666 0.0795655 0.137616 0.167109 0.148049 0.107929 0.0807963 0.0677417 0.0556335 0.0417856 0.0291605 0.0188466 0.0112278 0.00630088 0.00330386 0.00152185 0.000576738
 3.72683e-11 1.75292e-09 5.70915e-08 1.28756e-06 2.01071e-05 0.00021743 0.00162811 0.00844237 0.0303218 0.0754948 0.130735 0.159505 0.143725 0.109826 0.0881659 0.0762983 0.0610143 0.0432237 0.0289999 0.0190258 0.0117277 0.00651752 0.00321192 0.00138719 0.000510988
 4.11698e-11 1.93643e-09 6.30682e-08 1.42235e-06 2.2212e-05 0.000240191 0.00179853 0.00932581 0.033491 0.0833489 0.144086 0.174615 0.153559 0.109449 0.0785517 0.0632231 0.0502799 0.0366872 0.0252512 0.0164905 0.00994285 0.00544328 0.00266206 0.00112909 0.000402051
 3.82179e-11 1.79759e-09 5.85462e-08 1.32036e-06 2.06194e-05 0.00022297 0.00166959 0.00865744 0.0310939 0.0774141 0.134037 0.16343 0.146922 0.11152 0.0884736 0.0755259 0.0592214 0.0405235 0.0259012 0.0162447 0.00973462 0.00533429 0.00258996 0.0010833 0.000379135
 3.60562e-11 1.69591e-09 5.52346e-08 1.24568e-06 1.94531e-05 0.000210358 0.00157516 0.00816786 0.0293366 0.0730497 0.126554 0.154656 0.140176 0.108899 0.0898177 0.079745 0.0654136 0.0475744 0.0320975 0.0203074 0.0117475 0.00615066 0.00289533 0.00119214 0.000412785
 3.15627e-11 1.48456e-09 4.83511e-08 1.09044e-06 1.70288e-05 0.000184143 0.00137887 0.00715025 0.0256849 0.0639891 0.111077 0.136782 0.127319 0.105945 0.0959314 0.0904662 0.0766695 0.0576861 0.0407749 0.0272179 0.0165063 0.00885467 0.00414259 0.00166249 0.00055977
 3.67693e-11 1.72945e-09 5.63271e-08 1.27032e-06 1.98378e-05 0.000214518 0.0016063 0.00832918 0.0299137 0.0744641 0.128849 0.156733 0.139741 0.103837 0.0805301 0.0701329 0.0601841 0.0483517 0.0369911 0.0263899 0.0169213 0.00955636 0.00466508 0.0019192 0.000648868
 3.47351e-11 1.63377e-09 5.32109e-08 1.20004e-06 1.87404e-05 0.000202651 0.00151745 0.00786867 0.0282628 0.0703839 0.121989 0.149331 0.136157 0.107424 0.0904098 0.0809121 0.0660809 0.0481242 0.0338599 0.0238211 0.015993 0.00966392 0.00503036 0.0021809 0.000766394
 3.34786e-11 1.57467e-09 5.1286e-08 1.15663e-06 1.80624e-05 0.00019532 0.00146256 0.00758406 0.027241 0.0678434 0.117616 0.144119 0.131877 0.105134 0.0901816 0.0828016 0.0702236 0.053594 0.0385681 0.0263679 0.0168048 0.00988395 0.00523129 0.0023732 0.000878674
 3.41753e-11 1.60744e-09 5.23533e-08 1.1807e-06 1.84383e-05 0.000199385 0.00149299 0.0077418 0.0278066 0.0692427 0.119977 0.14671 0.133277 0.104249 0.0871511 0.0789913 0.0672424 0.0522883 0.0388528 0.0275164 0.0179182 0.0105015 0.00545613 0.00244969 0.000916642
 3.56402e-11 1.67634e-09 5.45973e-08 1.23131e-06 1.92286e-05 0.000207931 0.00155698 0.00807355 0.0289972 0.0721976 0.12503 0.15257 0.137573 0.105429 0.085407 0.0755118 0.0631094 0.048189 0.0354029 0.0252143 0.0167748 0.0100911 0.00533719 0.0024077 0.00089879
 3.37797e-11 1.58883e-09 5.17472e-08 1.16703e-06 1.82249e-05 0.000197077 0.00147571 0.00765226 0.0274859 0.0684531 0.118671 0.1454 0.133004 0.105891 0.0904766 0.0823716 0.0688131 0.0515681 0.036894 0.0256801 0.0168777 0.0101705 0.00545115 0.00250161 0.000946642
 3.60971e-11 1.69783e-09 5.52973e-08 1.2471e-06 1.94752e-05 0.000210597 0.00157694 0.00817701 0.0293683 0.0731165 0.126587 0.154311 0.138633 0.105198 0.084077 0.0740039 0.0623154 0.0481611 0.0354671 0.0248584 0.0161246 0.00953757 0.00505324 0.00231802 0.000884059
 3.68966e-11 1.73544e-09 5.65221e-08 1.27472e-06 1.99065e-05 0.000215261 0.00161187 0.00835812 0.0300188 0.0747365 0.129395 0.157745 0.141742 0.107528 0.0855761 0.0742068 0.0605247 0.0446173 0.0315652 0.0218857 0.0143378 0.00855605 0.00452314 0.00205704 0.000779197
 3.6021e-11 1.69425e-09 5.51807e-08 1.24447e-06 1.94341e-05 0.000210153 0.00157362 0.00815986 0.0293076 0.0729749 0.126406 0.15439 0.139658 0.107912 0.088285 0.0779451 0.0638512 0.0467465 0.0323698 0.0216782 0.0137025 0.00799061 0.00419206 0.00190526 0.000720739
 3.44027e-11 1.61814e-09 5.27017e-08 1.18856e-06 1.8561e-05 0.000200711 0.00150293 0.00779336 0.0279923 0.06971 0.12082 0.147896 0.134846 0.106458 0.0899698 0.0815134 0.0681993 0.0511918 0.0362812 0.0244939 0.0152981 0.00868792 0.00442517 0.00196643 0.00073448
 3.38201e-11 1.59073e-09 5.18092e-08 1.16843e-06 1.82467e-05 0.000197312 0.00147747 0.00766138 0.0275183 0.06853 0.118778 0.145409 0.132629 0.104846 0.0889152 0.0811462 0.0688927 0.0530304 0.0388031 0.0270008 0.0172533 0.009897 0.0050104 0.00218605 0.000798713
 3.29627e-11 1.55041e-09 5.04958e-08 1.13881e-06 1.77841e-05 0.00019231 0.00144002 0.00746722 0.0268215 0.0668008 0.115822 0.141987 0.130136 0.104181 0.0898712 0.0828243 0.0705098 0.0544023 0.0401561 0.0284786 0.0187027 0.0110419 0.00571295 0.00251624 0.000916566
 3.66869e-11 1.72557e-09 5.62008e-08 1.26747e-06 1.97934e-05 0.000214037 0.0016027 0.00831055 0.0298473 0.0743033 0.128602 0.15658 0.140069 0.10501 0.0823541 0.0715689 0.0600751 0.0466297 0.0347928 0.0249263 0.0165753 0.00997069 0.00528276 0.00238172 0.00088276
 3.43246e-11 1.61446e-09 5.2582e-08 1.18586e-06 1.85189e-05 0.000200256 0.00149952 0.00777569 0.0279292 0.069556 0.120575 0.147698 0.134983 0.10717 0.0910518 0.0821317 0.0675208 0.0494075 0.0346083 0.0239494 0.0158415 0.00962234 0.00517985 0.0023802 0.000899995
#pred catch len freq
 2.25139e-11 1.05894e-09 3.44891e-08 7.77816e-07 1.21467e-05 0.00013135 0.000983563 0.00510047 0.0183233 0.0456654 0.0793806 0.0982768 0.0932011 0.081326 0.0789261 0.0803237 0.0761706 0.0683439 0.0605628 0.0529275 0.0456969 0.0394735 0.0333257 0.0255529 0.0162947
 9.68491e-12 4.55532e-10 1.48364e-08 3.34598e-07 5.22527e-06 5.65054e-05 0.000423156 0.00219516 0.00789736 0.0197936 0.0351704 0.0471316 0.0561229 0.072046 0.0950265 0.109372 0.106914 0.0961466 0.0847888 0.0731385 0.0610775 0.0496092 0.0387251 0.0276327 0.016727
 7.58129e-12 3.56588e-10 1.16138e-08 2.61921e-07 4.09029e-06 4.42314e-05 0.000331222 0.00171789 0.00617532 0.0154283 0.0270813 0.0347789 0.0371236 0.0416989 0.0544658 0.0733533 0.094447 0.112317 0.11828 0.109479 0.0919872 0.0723685 0.0532841 0.0354722 0.0201613
 2.92053e-11 1.37368e-09 4.47398e-08 1.00899e-06 1.57569e-05 0.000170388 0.00127584 0.00661536 0.0237543 0.0590901 0.101962 0.122689 0.105097 0.0691602 0.0434221 0.0350005 0.03768 0.0471261 0.0598172 0.0693175 0.0695663 0.059861 0.0445035 0.0285239 0.0153503
 4.13889e-11 1.94673e-09 6.34039e-08 1.42991e-06 2.23302e-05 0.000241469 0.00180809 0.00937528 0.0336668 0.0837695 0.144695 0.174794 0.15188 0.104163 0.0689179 0.0503091 0.0362345 0.0243829 0.0186394 0.0188844 0.0210867 0.0211801 0.0176537 0.0119003 0.00639432
 3.25275e-11 1.52994e-09 4.9829e-08 1.12377e-06 1.75493e-05 0.000189772 0.00142102 0.00736887 0.0264707 0.0659534 0.11453 0.141229 0.132048 0.110872 0.100626 0.0925137 0.0729055 0.0477274 0.0282 0.0170302 0.0120153 0.0101941 0.00873964 0.00634699 0.0036009
 3.00055e-11 1.41132e-09 4.59656e-08 1.03664e-06 1.61886e-05 0.000175058 0.00131084 0.00679749 0.0244177 0.0608331 0.105605 0.130072 0.121201 0.101298 0.0929667 0.0903471 0.0808461 0.0651462 0.0478423 0.0311448 0.0179073 0.00997005 0.00606706 0.00386208 0.00217378
 3.19056e-11 1.50068e-09 4.88763e-08 1.10228e-06 1.72137e-05 0.000186143 0.00139384 0.0072277 0.0259606 0.0646529 0.11207 0.137256 0.125397 0.0996691 0.085624 0.0801101 0.0713025 0.0592133 0.0472207 0.0351044 0.023102 0.0131865 0.00668532 0.00317956 0.00143996
 3.50235e-11 1.64734e-09 5.36527e-08 1.21e-06 1.88959e-05 0.000204333 0.00153004 0.00793385 0.0284951 0.0709464 0.122853 0.149867 0.13499 0.103175 0.0833927 0.0740527 0.062896 0.0495875 0.0381519 0.0286269 0.0199925 0.0124314 0.00665739 0.00302471 0.00117215
 3.37048e-11 1.58531e-09 5.16326e-08 1.16444e-06 1.81845e-05 0.00019664 0.00147244 0.00763531 0.0274249 0.068301 0.118404 0.145061 0.132652 0.105524 0.0900565 0.0819199 0.0684146 0.0513243 0.0369226 0.026074 0.0175872 0.0109652 0.00607591 0.00286195 0.00110711
 3.53123e-11 1.66092e-09 5.40952e-08 1.21998e-06 1.90518e-05 0.000206018 0.00154266 0.0079993 0.0287305 0.0715358 0.123896 0.151244 0.136569 0.105095 0.0857951 0.0765751 0.064739 0.0499343 0.0365071 0.0252976 0.0162382 0.00958854 0.00513845 0.00240694 0.000940199
 3.57061e-11 1.67944e-09 5.46984e-08 1.23359e-06 1.92642e-05 0.000208316 0.00155986 0.00808852 0.0290511 0.0723349 0.125287 0.152974 0.138226 0.106516 0.0869198 0.0769779 0.0638808 0.0479881 0.034411 0.0237939 0.0153118 0.0089275 0.00463382 0.00209221 0.000796123
 3.57777e-11 1.68281e-09 5.48081e-08 1.23606e-06 1.93029e-05 0.000208733 0.00156299 0.00810474 0.0291094 0.0724809 0.125545 0.15331 0.138597 0.106946 0.0874439 0.0775251 0.0642739 0.0480334 0.0340088 0.0230626 0.0145453 0.00834834 0.00427442 0.00189505 0.000703757
 3.43812e-11 1.61713e-09 5.26687e-08 1.18781e-06 1.85494e-05 0.000200586 0.00150199 0.0077885 0.0279749 0.0696689 0.120762 0.147884 0.135025 0.10698 0.0907949 0.0822929 0.0685187 0.0509597 0.0357557 0.0239633 0.0148743 0.00836411 0.00418881 0.00181868 0.000662237
 3.15802e-11 1.48538e-09 4.8378e-08 1.09104e-06 1.70382e-05 0.000184245 0.00137963 0.00715418 0.0256985 0.064019 0.111101 0.136676 0.1268 0.10469 0.0940185 0.0886635 0.0758981 0.0581487 0.0419274 0.0284875 0.0176678 0.00982994 0.00484201 0.00206096 0.000734992
 3.25281e-11 1.52997e-09 4.983e-08 1.12379e-06 1.75496e-05 0.000189775 0.00142104 0.00736876 0.0264677 0.065919 0.114289 0.140084 0.128329 0.10267 0.0887593 0.0826413 0.0719238 0.0572242 0.043162 0.0304861 0.0194609 0.0110191 0.00545215 0.00230447 0.00081017
 3.38903e-11 1.59404e-09 5.19167e-08 1.17085e-06 1.82845e-05 0.000197722 0.00148054 0.00767726 0.0275749 0.068668 0.118996 0.145574 0.132453 0.104035 0.0874627 0.0794963 0.0676657 0.0526332 0.0393218 0.0282051 0.0186459 0.0109902 0.00562042 0.00242446 0.000858837
 3.27071e-11 1.53838e-09 5.01042e-08 1.12997e-06 1.76462e-05 0.000190819 0.00142886 0.00740936 0.026614 0.0662888 0.114966 0.141083 0.129771 0.104831 0.0914494 0.0845993 0.0716303 0.0545413 0.0395843 0.0276953 0.0181021 0.0107497 0.00563026 0.00250445 0.00091209
 3.2311e-11 1.51975e-09 4.94974e-08 1.11629e-06 1.74325e-05 0.000188508 0.00141155 0.00731961 0.0262916 0.0654848 0.113566 0.139338 0.128091 0.103374 0.0902873 0.0842076 0.0726296 0.0568141 0.0421215 0.0295178 0.0189992 0.0110729 0.00574618 0.00256932 0.000951433
 3.37902e-11 1.58933e-09 5.17635e-08 1.1674e-06 1.82306e-05 0.000197138 0.00147617 0.00765459 0.0274934 0.0684649 0.118642 0.145134 0.132032 0.103679 0.0872072 0.0794868 0.0680607 0.0533298 0.0399466 0.0284828 0.0186467 0.0109503 0.00566066 0.00251001 0.000925463
 3.35814e-11 1.57951e-09 5.14436e-08 1.16018e-06 1.81179e-05 0.00019592 0.00146705 0.00760736 0.0273244 0.0680502 0.117965 0.144504 0.132087 0.104986 0.0896128 0.0818573 0.0690837 0.0526866 0.0384152 0.0270275 0.0177249 0.0105206 0.00550222 0.00245632 0.000906455
 3.33974e-11 1.57086e-09 5.11617e-08 1.15382e-06 1.80186e-05 0.000194847 0.00145901 0.00756567 0.0271747 0.0676776 0.117322 0.143725 0.131409 0.104547 0.08946 0.0821237 0.0699052 0.0538635 0.0394021 0.0274414 0.0176745 0.0103397 0.0053847 0.00241383 0.000896911
 3.46036e-11 1.62759e-09 5.30095e-08 1.1955e-06 1.86694e-05 0.000201883 0.0015117 0.00783881 0.0281547 0.0701081 0.121465 0.148469 0.134684 0.10494 0.0871946 0.0785971 0.0665097 0.0512505 0.0376318 0.0263428 0.0169969 0.00989039 0.00509602 0.00226172 0.000836249
 3.45231e-11 1.6238e-09 5.28862e-08 1.19272e-06 1.8626e-05 0.000201414 0.00150819 0.00782063 0.0280899 0.0699512 0.121224 0.148321 0.135014 0.106129 0.0891376 0.0804339 0.0672214 0.0505989 0.0362495 0.0249969 0.0160481 0.00933275 0.0048017 0.00212114 0.000778852
 3.32118e-11 1.56212e-09 5.08774e-08 1.14741e-06 1.79185e-05 0.000193764 0.00145091 0.00752367 0.0270244 0.0673084 0.116717 0.143149 0.131408 0.10561 0.0915046 0.0843049 0.0712136 0.0539444 0.0386101 0.0263057 0.0165645 0.009458 0.00480843 0.00211079 0.000771834
 3.22972e-11 1.51911e-09 4.94763e-08 1.11581e-06 1.74251e-05 0.000188428 0.00141095 0.00731651 0.0262805 0.0654583 0.113526 0.13932 0.128172 0.103637 0.0907341 0.0847059 0.0730134 0.0570145 0.042145 0.0293525 0.0186368 0.0106016 0.00532728 0.0023066 0.00083389
 3.1961e-11 1.50329e-09 4.89613e-08 1.1042e-06 1.72437e-05 0.000186466 0.00139626 0.00724035 0.0260071 0.064778 0.112352 0.137909 0.126965 0.102857 0.0902924 0.0844882 0.0730602 0.0574767 0.0431272 0.0307295 0.0200364 0.0116588 0.00592981 0.00256924 0.000922391
 3.37816e-11 1.58893e-09 5.17503e-08 1.1671e-06 1.82259e-05 0.000197088 0.00147579 0.00765263 0.0274863 0.0684462 0.118603 0.145056 0.131863 0.10335 0.0867233 0.079007 0.067791 0.0533474 0.0401941 0.0288785 0.0191037 0.0113472 0.00590401 0.0026074 0.000946957
 3.39532e-11 1.59699e-09 5.20131e-08 1.17302e-06 1.83185e-05 0.000198089 0.00148329 0.00769153 0.0276264 0.068799 0.119241 0.14596 0.133074 0.105056 0.0888281 0.0806589 0.0679176 0.0517704 0.0377959 0.026695 0.0176239 0.0105544 0.00557339 0.00250703 0.000927467
#obs catch len freq
 2.14485e-11 1.00883e-09 3.2857e-08 7.41008e-07 1.15719e-05 0.000125135 0.000937023 0.00485919 0.0174576 0.0435177 0.0757151 0.0940582 0.0902133 0.0807455 0.0804993 0.082861 0.0787508 0.0711405 0.0643869 0.0578964 0.0504573 0.0418108 0.0318478 0.0211518 0.0115561
 2.09996e-11 9.87719e-10 3.21694e-08 7.25501e-07 1.13298e-05 0.000122516 0.000917417 0.00475758 0.0170933 0.0426169 0.0741979 0.0924092 0.0893802 0.0814952 0.08283 0.0859948 0.0816889 0.0731425 0.0650823 0.0574045 0.0492884 0.040399 0.0304233 0.0199562 0.0107878
 7.68859e-16 3.62338e-14 1.18922e-12 2.76363e-11 4.8221e-10 7.38907e-09 1.20007e-07 1.95433e-06 2.60166e-05 0.000252388 0.00171963 0.0081553 0.0269271 0.0623119 0.102935 0.126822 0.127105 0.116335 0.104346 0.0915351 0.0773857 0.0622549 0.0461064 0.0298337 0.015947
 1.11073e-11 5.22434e-10 1.70153e-08 3.83738e-07 5.99262e-06 6.48014e-05 0.000485219 0.00251581 0.00903242 0.0224554 0.03866 0.0461309 0.0384839 0.024432 0.0198656 0.0354977 0.0701277 0.10778 0.12857 0.126924 0.111069 0.0892792 0.0652126 0.0415218 0.021886
 4.96818e-11 2.33679e-09 7.61078e-08 1.71642e-06 2.68044e-05 0.00028985 0.00217034 0.0112531 0.0404031 0.100461 0.173047 0.206785 0.172353 0.102309 0.0465326 0.0197223 0.0105835 0.00952314 0.0133104 0.0186984 0.0215771 0.0201509 0.0155697 0.010002 0.00523089
 3.19773e-11 1.50406e-09 4.89862e-08 1.10476e-06 1.72525e-05 0.000186562 0.001397 0.00724453 0.0260273 0.0648795 0.112876 0.14018 0.134169 0.118652 0.113147 0.103682 0.0757612 0.0413418 0.0181633 0.00923473 0.00810504 0.00860932 0.00778986 0.00551985 0.00301524
 3.67485e-11 1.72847e-09 5.62952e-08 1.2696e-06 1.98266e-05 0.000214397 0.00160539 0.0083245 0.0298973 0.0744267 0.128809 0.156802 0.140196 0.105094 0.0829621 0.0738356 0.0645602 0.0514827 0.0363635 0.021617 0.0108548 0.00552057 0.0035407 0.00245161 0.00142142
 2.5853e-11 1.216e-09 3.96044e-08 8.9318e-07 1.39483e-05 0.000150833 0.00112946 0.00585734 0.0210465 0.0524926 0.0915245 0.114601 0.112706 0.10598 0.10914 0.108557 0.0915169 0.0670381 0.046951 0.0321229 0.0200073 0.0107212 0.00506153 0.00231682 0.00106412
 4.039e-11 1.89975e-09 6.18736e-08 1.39541e-06 2.17913e-05 0.000235641 0.00176446 0.00914902 0.0328544 0.0817479 0.141204 0.170589 0.148325 0.10228 0.0698105 0.0563361 0.0495807 0.0428829 0.0348195 0.0254094 0.0163595 0.00930427 0.00462066 0.0019732 0.000729876
 3.40317e-11 1.60069e-09 5.21334e-08 1.17574e-06 1.83609e-05 0.000198547 0.00148673 0.0077095 0.027693 0.0689836 0.11969 0.147116 0.136035 0.11113 0.0974056 0.0876904 0.0687356 0.0460078 0.0296544 0.0202955 0.0139773 0.00872669 0.00464571 0.00205379 0.000744493
 3.76401e-11 1.77041e-09 5.7661e-08 1.3004e-06 2.03076e-05 0.000219599 0.00164434 0.00852647 0.0306226 0.0762324 0.131933 0.160597 0.14354 0.107347 0.0838326 0.0725034 0.0602571 0.04543 0.0317531 0.0205381 0.0122399 0.00686999 0.00360252 0.00165946 0.000628896
 3.55825e-11 1.67363e-09 5.45091e-08 1.22932e-06 1.91976e-05 0.000207595 0.00155447 0.00806062 0.0289521 0.0720986 0.124949 0.152898 0.139224 0.10944 0.0915496 0.0813652 0.0656996 0.0466937 0.0313773 0.0206038 0.0127055 0.00706205 0.00348047 0.00150321 0.00055373
 3.96819e-11 1.86644e-09 6.07889e-08 1.37094e-06 2.14092e-05 0.00023151 0.00173353 0.00898887 0.0322821 0.080351 0.138976 0.16877 0.149541 0.10901 0.0814001 0.0675939 0.0544312 0.0398741 0.0274883 0.0179655 0.010836 0.00593311 0.00290177 0.00123079 0.000438268
 3.65889e-11 1.72097e-09 5.60508e-08 1.26409e-06 1.97405e-05 0.000213466 0.00159843 0.00828857 0.0297704 0.0741329 0.12845 0.157063 0.142629 0.111274 0.0919328 0.0806002 0.0638211 0.0438125 0.0280477 0.0176075 0.010556 0.00578541 0.00280916 0.00117501 0.000411236
 3.44497e-11 1.62035e-09 5.27737e-08 1.19018e-06 1.85864e-05 0.000200986 0.00150499 0.00780408 0.0280314 0.0698132 0.121039 0.148353 0.135864 0.108482 0.0929825 0.0845578 0.0699555 0.0510209 0.034468 0.0218229 0.0126285 0.00661284 0.00311307 0.00128183 0.000443841
 2.98554e-11 1.40425e-09 4.57356e-08 1.03145e-06 1.61077e-05 0.000174182 0.00130429 0.00676361 0.0242976 0.0605487 0.105212 0.130064 0.122677 0.10537 0.0990937 0.0953822 0.0813958 0.06139 0.043447 0.0290215 0.0176056 0.00944555 0.00441925 0.00177356 0.000597171
 3.51664e-11 1.65406e-09 5.38716e-08 1.21494e-06 1.8973e-05 0.000205167 0.00153628 0.00796619 0.0286112 0.071233 0.123335 0.150389 0.135261 0.103025 0.0830934 0.0743702 0.064471 0.0519613 0.0398031 0.0284125 0.0182226 0.0102923 0.00502453 0.0020671 0.000698879
 3.30274e-11 1.55345e-09 5.05948e-08 1.14104e-06 1.7819e-05 0.000192688 0.00144285 0.00748195 0.0268752 0.0669429 0.116125 0.142619 0.131535 0.106891 0.0936152 0.0858113 0.0706757 0.0516189 0.0363718 0.025609 0.0171993 0.0103941 0.00541069 0.00234583 0.000824355
 3.17584e-11 1.49376e-09 4.86509e-08 1.0972e-06 1.71344e-05 0.000185285 0.00138742 0.00719453 0.0258433 0.0643769 0.111704 0.137339 0.127157 0.104458 0.0932218 0.0876107 0.0749059 0.0573236 0.0413059 0.0282592 0.0180158 0.0105975 0.00560922 0.00254469 0.000942175
 3.24685e-11 1.52716e-09 4.97387e-08 1.12173e-06 1.75175e-05 0.000189427 0.00141843 0.00735529 0.0264197 0.0658028 0.11411 0.139971 0.128558 0.103498 0.0900418 0.0836319 0.0718103 0.056001 0.0416665 0.0295286 0.019234 0.0112739 0.00585769 0.00263003 0.000984128
 3.38922e-11 1.59413e-09 5.19197e-08 1.17092e-06 1.82856e-05 0.000197733 0.00148063 0.00767772 0.0275769 0.0686748 0.119022 0.145675 0.132762 0.104706 0.0884315 0.0803093 0.067772 0.051916 0.0381974 0.027225 0.0181184 0.0109007 0.00576564 0.00260102 0.000970964
 3.20212e-11 1.50612e-09 4.90535e-08 1.10628e-06 1.72762e-05 0.000186818 0.0013989 0.00725406 0.0260571 0.0649096 0.112629 0.138475 0.1282 0.105247 0.0936448 0.0873173 0.0735552 0.0552789 0.0396048 0.027588 0.0181378 0.0109312 0.00585916 0.0026889 0.00101752
 3.4476e-11 1.62159e-09 5.2814e-08 1.19109e-06 1.86006e-05 0.000201139 0.00150613 0.00780991 0.028051 0.0698493 0.121015 0.147912 0.134158 0.104501 0.0868485 0.0784407 0.0666741 0.0516864 0.0381132 0.0267302 0.0173436 0.0102597 0.00543605 0.00249366 0.000951049
 3.52868e-11 1.65972e-09 5.4056e-08 1.2191e-06 1.9038e-05 0.000205869 0.00154155 0.00799358 0.0287108 0.0714927 0.123865 0.151412 0.137369 0.106989 0.0885511 0.0787985 0.064881 0.0479777 0.0339909 0.0235851 0.0154561 0.00922448 0.0048767 0.00221786 0.00084012
 3.42793e-11 1.61233e-09 5.25126e-08 1.18429e-06 1.84944e-05 0.000199991 0.00149754 0.00776544 0.0278924 0.0694654 0.120425 0.147545 0.134947 0.107379 0.0915833 0.0830057 0.0686396 0.0504106 0.0349599 0.0234322 0.0148168 0.0086417 0.0045339 0.00206067 0.000779532
 3.2649e-11 1.53565e-09 5.00151e-08 1.12797e-06 1.76148e-05 0.00019048 0.00142632 0.00739623 0.0265673 0.066176 0.114795 0.140993 0.130067 0.105844 0.0931796 0.086517 0.0730111 0.0549632 0.0390089 0.0263553 0.0164663 0.00935264 0.004764 0.00211704 0.000790741
 3.21476e-11 1.51207e-09 4.92471e-08 1.11065e-06 1.73444e-05 0.000187555 0.00140442 0.00728265 0.0261593 0.0651594 0.113029 0.138813 0.128028 0.104162 0.0918281 0.085776 0.0734179 0.0566674 0.041517 0.0289081 0.0184772 0.0106003 0.00536666 0.00234152 0.000855522
 3.13106e-11 1.4727e-09 4.79649e-08 1.08173e-06 1.68928e-05 0.000182672 0.00136785 0.00709309 0.025479 0.0634711 0.110143 0.135468 0.125581 0.103482 0.0927093 0.087348 0.0749315 0.0579631 0.0428369 0.0303989 0.0199692 0.0117908 0.00610066 0.00268704 0.000978785
 3.50466e-11 1.64842e-09 5.3688e-08 1.2108e-06 1.89084e-05 0.000204468 0.00153105 0.0079391 0.0285144 0.0709973 0.122963 0.150101 0.135527 0.104271 0.0851052 0.0759962 0.0644347 0.0501759 0.0374904 0.0268769 0.0178773 0.0107551 0.00569858 0.00256923 0.000952262
#spawning biomass
 22299.5 22008.8 17998.6 13459.9 14566.1 23764.3 33403.9 41538.9 51875.8 69948.4 85671.6 115052 159417 174435 194645 169599 159105 153080 154674 151546 149556 161445 169007 170839 165411 188380 184732 178002 180567 196541 235202 163998 103739 66253.6 45724.7 35255.3 30143.5 27716.5 26585.3 26064.6 25827 25719.2 25670.5 25648.5 25638.6 25634.2 25632.2 25631.3 25630.9 25630.8 25630.7 25630.6 25630.6 25630.6 25630.6 25630.6 25630.6 25630.6 25630.6 25630.6 25630.6 25630.6 25630.6 25630.6 25630.6 25630.6 25630.6 25630.6 25630.6 25630.6 25630.6 25630.6 25630.6 25630.6 25630.6 25630.6 25630.6 25630.6 25630.6 25630.6 25630.6 25630.6 25630.6 25630.6 25630.6 25630.6 25630.6 25630.6 25630.6 25630.6 25630.6 25630.6 25630.6 25630.6 25630.6 25630.6 25630.6 25630.6 25630.6 25630.6 25630.6 25630.6 25630.6 25630.6 25630.6 25630.6 25630.6 25630.6 25630.6 25630.6 25630.6 25630.6 25630.6 25630.6 25630.6 25630.6 25630.6 25630.6 25630.6 25630.6 25630.6 25630.6 25630.6 25630.6 25630.6 25630.6 25630.6 25630.6 25630.6 0 0 0 0 0 0 0 0 0 0 0 0 0 0 0 0 0 0 0 0 0 0 0 0 0
