SBPRF35
0.178135
Curr Bio
136609
B35
197258
F35
0.653148
FOFL
0.517489
OFL
44493.7
Bzero
50895.7
#pred survey bio
 6761.63 8717.57 11088 13027.1 20164.8 30679.7 29260.5 35240.7 44775.9 57140.9 75820.2 98899.5 132945 159017 152006 125039 122010 121228 107332 110324 105977 128828 134919 131915 136383 147536 157566 149738 5.97225e+06 3.697e+06 2.39398e+06 1.43022e+06 920175 674410 557897 501092 471936 456116 447128 441855 438701 436793 435630 434912 434482 434225 434070 433976 433920 433886 433866 433853 433846 433841 433839 433837 433836 433835 433835 433835 433835 433835 433835 433835 433835 433835 433835 433835 433835 433835 433835 433835 433835 433835 433835 433835 433835 433835 433835 433835 433835 433835 433835 433835 433835 433835 433835 433835 433835 433835 433835 433835 433835 433835 433835 433835 433835 433835 433835 433835 433835 433835 433835 433835 433835 433835 433835 433835 433835 433835 433835 433835 433835 433835 433835 433835 433835 433835 433835 433835 433835 433835 433835 433835 433835 433835 433835 433835 0 0 0 0 0 0 0 0 0 0 0 0 0 0 0 0 0 0 0 0 0 0 0 0 0
#obs survey bio
 5693.2 7476.9 13029.4 19812.4 23292.6 28846.5 29706.6 34681.9 43929.5 54767.9 96442.5 99167.2 145906 96122 134606 97045.1 114606 98457.8 130310 127616 150738 99169.9 109020 95278.7 169157 135204 156148 131345
#pred catch bio
 3223.6 4873.07 6342.76 7497.21 9533.43 19090.4 18343.5 22115.5 27377.4 34174.8 47291.2 60059.6 83032.3 106603 109753 87946.9 85268.7 89935.8 75000.5 81058 72159.6 96591 103695 102488 103142 109110 121399 97845.6 44493.7 64182.9 38623.5 20690.8 12133.4 8562.64 7186.14 6682.97 6505.82 6445.11 6424.73 6417.98 6415.78 6415.06 6414.83 6414.76 6414.73 6414.73 6414.72 6414.72 6414.72 6414.72 6414.72 6414.72 6414.72 6414.72 6414.72 6414.72 6414.72 6414.72 6414.72 6414.72 6414.72 6414.72 6414.72 6414.72 6414.72 6414.72 6414.72 6414.72 6414.72 6414.72 6414.72 6414.72 6414.72 6414.72 6414.72 6414.72 6414.72 6414.72 6414.72 6414.72 6414.72 6414.72 6414.72 6414.72 6414.72 6414.72 6414.72 6414.72 6414.72 6414.72 6414.72 6414.72 6414.72 6414.72 6414.72 6414.72 6414.72 6414.72 6414.72 6414.72 6414.72 6414.72 6414.72 6414.72 6414.72 6414.72 6414.72 6414.72 6414.72 6414.72 6414.72 6414.72 6414.72 6414.72 6414.72 6414.72 6414.72 6414.72 6414.72 6414.72 6414.72 6414.72 6414.72 6414.72 6414.72 6414.72 6414.72 6414.72 0 0 0 0 0 0 0 0 0 0 0 0 0 0 0 0 0 0 0 0 0 0 0 0 0
#obs catch bio
 4749.04 4949.45 6254.58 7362.71 9313.59 18707.5 18375.2 22144.5 27053.3 33533.8 45928.4 58892.7 80562.2 105497 108662 88670.5 85016 90014.1 74118.9 78929.8 69004.7 97930.3 102204 100986 101739 105807 119262 97168.8
#pred cpue bio
 5592.44 6679.04 8464.92 10106.1 14568.9 23856.8 23078.1 26000.1 33344.7 42809.6 56605.4 73138.3 98835.4 120110 117098 95331.2 90977.3 91056.1 79972.2 82255 78162.9 93933 97379.1 95611.1 97020 106149 114587 108746 4.51809e+06 3.56357e+06 2.34741e+06 1.38092e+06 870209 624376 507858 451052 421896 406077 397088 391815 388661 386754 385590 384872 384443 384185 384030 383937 383881 383847 383826 383814 383806 383802 383799 383798 383797 383796 383796 383795 383795 383795 383795 383795 383795 383795 383795 383795 383795 383795 383795 383795 383795 383795 383795 383795 383795 383795 383795 383795 383795 383795 383795 383795 383795 383795 383795 383795 383795 383795 383795 383795 383795 383795 383795 383795 383795 383795 383795 383795 383795 383795 383795 383795 383795 383795 383795 383795 383795 383795 383795 383795 383795 383795 383795 383795 383795 383795 383795 383795 383795 383795 383795 383795 383795 383795 383795 383795 0 0 0 0 0 0 0 0 0 0 0 0 0 0 0 0 0 0 0 0 0 0 0 0 0
#obs cpue bio
 7570.82 6022.3 10720.4 10423.3 18286.6 27264.9 23317 23203 47521.1 62045.6 80504.8 85938.6 160848 189295 159733 96853.8 107875 112522 82804.1 124381 118616 69969.2 181123 164081 97663.6 202033 146622 133172
#pred surv len freq
 2.56904e-27 2.60415e-27 4.69792e-26 9.37068e-20 2.29711e-14 6.80674e-10 2.43806e-06 0.00105559 0.0552456 0.349499 0.267455 0.0367184 0.0915831 0.0845563 0.0220395 0.0292941 0.0137383 0.0121431 0.00818575 0.00669801 0.00555456 0.00499914 0.00516247 0.00464524 0.00142436
 2.57075e-27 2.6085e-27 5.04361e-26 1.00998e-19 2.47584e-14 7.33635e-10 2.62776e-06 0.00113772 0.059544 0.376692 0.288257 0.039126 0.0952917 0.0876581 0.01704 0.0168878 0.00653397 0.00408995 0.00226374 0.00156663 0.00113119 0.000903905 0.000845098 0.000769219 0.000259299
 2.57039e-27 2.60743e-27 4.94017e-26 9.88152e-20 2.42233e-14 7.17781e-10 2.57097e-06 0.00111313 0.0582573 0.368552 0.282059 0.040241 0.108132 0.099427 0.0177272 0.0154309 0.00514316 0.00203219 0.000819379 0.000406499 0.000230609 0.000154051 0.000124712 0.00010886 3.82043e-05
 2.56969e-27 2.60557e-27 4.77739e-26 9.53812e-20 2.33816e-14 6.92838e-10 2.48163e-06 0.00107445 0.0562328 0.355744 0.272285 0.0405848 0.117615 0.10823 0.0202411 0.0189405 0.00608681 0.00200657 0.000619603 0.000189507 6.88027e-05 3.32955e-05 2.15026e-05 1.68752e-05 5.92326e-06
 2.57234e-27 2.61278e-27 5.41612e-26 1.08856e-19 2.66847e-14 7.90716e-10 2.83221e-06 0.00122624 0.064177 0.406001 0.310629 0.0386117 0.0756604 0.0695306 0.013684 0.0137279 0.00450547 0.00162285 0.000471749 0.000113033 2.45926e-05 6.65975e-06 2.83543e-06 1.80708e-06 6.08693e-07
 2.56949e-27 2.60497e-27 4.71814e-26 9.41311e-20 2.30751e-14 6.83757e-10 2.4491e-06 0.00106037 0.0554958 0.351082 0.268735 0.0412512 0.12518 0.11509 0.01926 0.0149851 0.00503075 0.00202272 0.00061544 0.000154883 2.78687e-05 4.34644e-06 8.76677e-07 3.62239e-07 1.09876e-07
 2.56898e-27 2.60367e-27 4.61072e-26 9.18654e-20 2.25197e-14 6.67299e-10 2.39015e-06 0.00103484 0.05416 0.342631 0.262277 0.0408838 0.126922 0.116874 0.02278 0.0225467 0.00705337 0.00200907 0.000616478 0.00017105 3.261e-05 4.41558e-06 4.49558e-07 7.72724e-08 1.80283e-08
 2.57166e-27 2.61095e-27 5.25465e-26 1.0545e-19 2.58497e-14 7.65972e-10 2.74358e-06 0.00118787 0.0621687 0.393296 0.300934 0.0390117 0.0855162 0.0786405 0.0155642 0.0157311 0.00524077 0.00200345 0.000556964 0.000118363 2.37638e-05 3.45849e-06 2.96072e-07 1.96325e-08 2.26855e-09
 2.57116e-27 2.60949e-27 5.11612e-26 1.02527e-19 2.51332e-14 7.44743e-10 2.66754e-06 0.00115494 0.0604456 0.382395 0.292629 0.040199 0.100386 0.0921848 0.014748 0.0104495 0.00348023 0.00136788 0.000425537 0.000110264 1.80428e-05 2.42049e-06 2.19756e-07 1.04127e-08 4.06005e-10
 2.57097e-27 2.609e-27 5.07548e-26 1.0167e-19 2.49231e-14 7.38515e-10 2.64524e-06 0.00114529 0.0599401 0.379198 0.290186 0.0401043 0.101382 0.0931679 0.0160961 0.0132592 0.00406485 0.00103884 0.000310783 8.53741e-05 1.67675e-05 2.15214e-06 1.712e-07 8.03481e-09 1.74831e-10
 2.57113e-27 2.60942e-27 5.11425e-26 1.02488e-19 2.51236e-14 7.44457e-10 2.66652e-06 0.0011545 0.0604224 0.382249 0.292513 0.0398965 0.0981665 0.0902177 0.0158761 0.0135088 0.00427301 0.00129885 0.000341161 6.58506e-05 1.28747e-05 1.89766e-06 1.54894e-07 6.46996e-09 1.25259e-10
 2.57144e-27 2.61026e-27 5.18711e-26 1.04025e-19 2.55004e-14 7.55622e-10 2.70651e-06 0.00117182 0.0613286 0.387981 0.296888 0.0397995 0.0943536 0.08667 0.0147183 0.011761 0.00373904 0.00117658 0.000327857 6.97353e-05 1.03726e-05 1.30439e-06 1.1807e-07 5.11756e-09 8.99125e-11
 2.57124e-27 2.60972e-27 5.13839e-26 1.02997e-19 2.52484e-14 7.48155e-10 2.67977e-06 0.00116024 0.0607226 0.384148 0.293964 0.039988 0.0978424 0.0898817 0.0151458 0.0119243 0.00373901 0.00109517 0.000306078 6.81635e-05 1.10852e-05 1.22318e-06 8.9386e-08 4.09202e-09 7.41687e-11
 2.57065e-27 2.60812e-27 4.99662e-26 1.00006e-19 2.45153e-14 7.26431e-10 2.60195e-06 0.00112655 0.0589594 0.372993 0.285454 0.0404181 0.107095 0.0984194 0.0166426 0.0131886 0.00412012 0.00117951 0.000320736 6.75186e-05 1.12493e-05 1.33218e-06 9.04563e-08 3.41367e-09 6.26771e-11
 2.56987e-27 2.60599e-27 4.80857e-26 9.60388e-20 2.35428e-14 6.97614e-10 2.49874e-06 0.00108186 0.0566205 0.358197 0.274164 0.0409759 0.119271 0.109656 0.0186508 0.0149408 0.00466478 0.00132909 0.000358493 7.33983e-05 1.16429e-05 1.36606e-06 9.79797e-08 3.48462e-09 5.46214e-11
 2.5703e-27 2.60715e-27 4.91172e-26 9.82149e-20 2.40762e-14 7.13421e-10 2.55535e-06 0.00110637 0.0579035 0.366313 0.280356 0.0406367 0.11234 0.103267 0.0176545 0.0142764 0.00445581 0.00126573 0.000340645 6.92289e-05 1.07571e-05 1.20753e-06 8.47108e-08 3.11824e-09 4.6259e-11
 2.57113e-27 2.60943e-27 5.1126e-26 1.02453e-19 2.5115e-14 7.44203e-10 2.66561e-06 0.00115411 0.0604018 0.382118 0.292416 0.0400604 0.0994818 0.0913962 0.0154448 0.0122247 0.00382548 0.00110533 0.000297885 6.0374e-05 9.32929e-06 1.02873e-06 6.92475e-08 2.48858e-09 3.75159e-11
 2.57082e-27 2.60854e-27 5.03166e-26 1.00745e-19 2.46964e-14 7.31799e-10 2.62118e-06 0.00113487 0.0593951 0.375749 0.28756 0.0405206 0.106395 0.0977255 0.0156551 0.0111088 0.00345388 0.000972871 0.000262754 5.4005e-05 8.34624e-06 9.1547e-07 6.05452e-08 2.09452e-09 3.08432e-11
 2.5711e-27 2.6093e-27 5.09821e-26 1.02149e-19 2.50406e-14 7.41997e-10 2.65771e-06 0.00115069 0.0602227 0.380985 0.291555 0.0403664 0.102415 0.0940451 0.0148768 0.0102552 0.00311613 0.000761726 0.00019992 4.02374e-05 6.26545e-06 6.91879e-07 4.55322e-08 1.54668e-09 2.19994e-11
 2.57109e-27 2.60929e-27 5.09822e-26 1.02149e-19 2.50407e-14 7.41999e-10 2.65772e-06 0.00115069 0.060223 0.380987 0.291555 0.0402873 0.101813 0.0935093 0.0151317 0.0109711 0.00332869 0.000798327 0.000200491 3.56941e-05 5.36144e-06 5.88595e-07 3.90397e-08 1.32103e-09 1.84462e-11
 2.57146e-27 2.61027e-27 5.18364e-26 1.03951e-19 2.54824e-14 7.55088e-10 2.7046e-06 0.00117099 0.0612853 0.387707 0.296684 0.0401247 0.0969719 0.089019 0.0139197 0.00933819 0.00284737 0.000713574 0.000179488 3.10252e-05 4.24791e-06 4.28365e-07 2.79249e-08 9.49198e-10 1.3211e-11
 2.57187e-27 2.6114e-27 5.28463e-26 1.06082e-19 2.60046e-14 7.70564e-10 2.76003e-06 0.00119499 0.0625413 0.395653 0.302745 0.0397177 0.089616 0.0822569 0.0131922 0.00937967 0.00283476 0.000663276 0.000167127 2.99827e-05 4.05913e-06 3.80648e-07 2.24374e-08 7.37949e-10 1.02719e-11
 2.57215e-27 2.61212e-27 5.34628e-26 1.07382e-19 2.63234e-14 7.8001e-10 2.79386e-06 0.00120964 0.063308 0.400504 0.30645 0.039769 0.0874041 0.0801593 0.0117956 0.00672273 0.00203361 0.000494673 0.000123035 2.08501e-05 2.86647e-06 2.71762e-07 1.50675e-08 4.49007e-10 5.97667e-12
 2.57199e-27 2.61167e-27 5.30515e-26 1.06514e-19 2.61107e-14 7.73708e-10 2.77129e-06 0.00119986 0.0627965 0.397268 0.303982 0.0399969 0.0908713 0.0833367 0.0119599 0.00629339 0.00184141 0.000350193 8.41999e-05 1.46544e-05 1.94661e-06 1.80652e-07 1.01378e-08 2.87105e-10 3.48674e-12
 2.57259e-27 2.61331e-27 5.45147e-26 1.09601e-19 2.68674e-14 7.96129e-10 2.8516e-06 0.00123463 0.0646163 0.40878 0.312765 0.039476 0.0807374 0.0740051 0.0106688 0.00569744 0.0016531 0.000288494 6.416e-05 9.02626e-06 1.17035e-06 1.07906e-07 5.87527e-09 1.66431e-10 1.93498e-12
 2.57222e-27 2.6123e-27 5.36028e-26 1.07677e-19 2.63958e-14 7.82155e-10 2.80155e-06 0.00121296 0.0634821 0.401605 0.307292 0.0398463 0.0874003 0.0801306 0.0113357 0.00567651 0.00164792 0.000293801 6.45402e-05 8.28038e-06 9.18247e-07 7.40125e-08 3.97666e-09 1.09874e-10 1.26427e-12
 2.57188e-27 2.6114e-27 5.28198e-26 1.06026e-19 2.59909e-14 7.70157e-10 2.75857e-06 0.00119436 0.0625083 0.395444 0.302591 0.0400191 0.0920186 0.0844082 0.0123817 0.00698392 0.00202225 0.000340794 7.42182e-05 9.6627e-06 1.02354e-06 7.14471e-08 3.25331e-09 8.5676e-11 9.64931e-13
 2.57193e-27 2.61152e-27 5.29198e-26 1.06236e-19 2.60426e-14 7.71689e-10 2.76406e-06 0.00119673 0.0626326 0.396231 0.303191 0.0400023 0.0914691 0.0838969 0.0122139 0.00673151 0.00196971 0.000369468 8.15096e-05 1.01005e-05 1.06514e-06 7.30219e-08 2.9379e-09 6.52668e-11 6.80677e-13
#obs surv len freq
 1.76756e-41 2.45325e-33 4.11584e-26 8.34684e-20 2.04613e-14 6.06306e-10 2.17169e-06 0.000940266 0.0492098 0.311316 0.238452 0.0440287 0.151843 0.128633 0.0362302 0.0278051 0.00837308 0.00260508 0.000501572 5.77553e-05 2.9089e-06 4.6589e-08 1.76457e-10 1.27421e-13 1.52124e-17
 2.17293e-41 3.01589e-33 5.05977e-26 1.02611e-19 2.51539e-14 7.45357e-10 2.66975e-06 0.00115591 0.0604956 0.382713 0.292942 0.0420145 0.0974153 0.0779998 0.0225251 0.0163225 0.00475437 0.00138892 0.000245501 2.46285e-05 1.02197e-06 1.28159e-08 3.65696e-11 1.93449e-14 1.66017e-18
 1.72147e-41 2.38928e-33 4.00852e-26 8.12919e-20 1.99278e-14 5.90496e-10 2.11506e-06 0.000915748 0.0479266 0.303198 0.232448 0.0512262 0.181942 0.135912 0.0267809 0.0143302 0.00402522 0.00109934 0.0001778 1.5501e-05 5.27302e-07 5.1387e-09 1.09855e-11 4.25411e-15 2.63218e-19
 2.09101e-41 2.90218e-33 4.86902e-26 9.87427e-20 2.42056e-14 7.17256e-10 2.5691e-06 0.00111233 0.0582149 0.368285 0.282048 0.0458245 0.113383 0.0813121 0.0279373 0.0177344 0.00337412 0.000667305 9.69359e-05 7.303e-06 2.02968e-07 1.53273e-09 2.44597e-12 6.9134e-16 3.08147e-20
 2.37493e-41 3.29625e-33 5.53014e-26 1.1215e-19 2.74923e-14 8.14646e-10 2.91793e-06 0.00126336 0.0661194 0.41829 0.320202 0.0442506 0.0786568 0.0517713 0.011447 0.00593548 0.00168701 0.000339932 3.19798e-05 1.8836e-06 4.23491e-08 2.47392e-10 2.94643e-13 6.07433e-17 1.94825e-21
 1.323e-41 1.83623e-33 3.08066e-26 6.24753e-20 1.53151e-14 4.53814e-10 1.62549e-06 0.00070378 0.036833 0.23302 0.179521 0.0711862 0.271899 0.166149 0.0277062 0.0105705 0.00198444 0.000382987 4.1216e-05 1.71025e-06 2.6903e-08 1.18538e-10 1.05225e-13 1.58447e-17 3.66137e-22
 2.20385e-41 3.0588e-33 5.13178e-26 1.04071e-19 2.55119e-14 7.55964e-10 2.70774e-06 0.00117236 0.0613565 0.38816 0.297336 0.0468281 0.089879 0.057256 0.0364241 0.0187276 0.00252683 0.000304472 2.53042e-05 1.01927e-06 1.19854e-08 3.53939e-11 2.22591e-14 2.42662e-18 4.04268e-23
 1.98575e-41 2.75609e-33 4.62391e-26 9.37719e-20 2.29871e-14 6.81149e-10 2.43977e-06 0.00105633 0.0552843 0.349747 0.268479 0.0609822 0.1551 0.0826279 0.0160599 0.0074779 0.00276884 0.000393022 1.98462e-05 5.43479e-07 5.30613e-09 1.18677e-11 5.04287e-15 3.72334e-19 4.33556e-24
 2.02668e-41 2.8129e-33 4.71923e-26 9.57051e-20 2.3461e-14 6.95191e-10 2.49006e-06 0.00107811 0.0564241 0.356958 0.274076 0.0614556 0.143245 0.0736724 0.0229476 0.00855122 0.00131458 0.000253986 1.98635e-05 3.92959e-07 2.40365e-09 3.94863e-12 1.25758e-15 6.52148e-20 5.12785e-25
 1.98969e-41 2.76156e-33 4.63309e-26 9.39581e-20 2.30327e-14 6.82502e-10 2.44461e-06 0.00105843 0.0553941 0.350444 0.269382 0.0667971 0.153118 0.073054 0.0213963 0.00776037 0.00142164 0.000159891 1.07283e-05 2.71546e-07 1.41211e-09 1.48392e-12 3.14932e-16 1.16887e-20 6.61488e-26
 2.09888e-41 2.91311e-33 4.88735e-26 9.91144e-20 2.42967e-14 7.19956e-10 2.57877e-06 0.00111652 0.058434 0.369676 0.28413 0.0658972 0.133327 0.0602149 0.019527 0.00645049 0.00109607 0.000121965 5.93402e-06 1.13035e-07 5.95408e-10 5.66665e-13 8.59947e-17 2.07963e-21 7.85859e-27
 2.04356e-41 2.83633e-33 4.75853e-26 9.6502e-20 2.36563e-14 7.0098e-10 2.5108e-06 0.00108709 0.0568939 0.359935 0.277125 0.0732205 0.146913 0.0609998 0.0175315 0.00530062 0.000897751 8.91392e-05 3.83358e-06 5.4611e-08 2.0615e-10 1.65399e-13 2.20888e-17 4.283e-22 1.15687e-27
 2.00179e-41 2.77836e-33 4.66127e-26 9.45297e-20 2.31728e-14 6.86654e-10 2.45948e-06 0.00106487 0.0557311 0.352582 0.271964 0.0794147 0.153524 0.0607176 0.0190903 0.00510163 0.000737967 6.62004e-05 2.48213e-06 2.88822e-08 8.10815e-11 4.56406e-14 4.52144e-18 6.99356e-23 1.53423e-28
 1.87189e-41 2.59806e-33 4.35879e-26 8.83954e-20 2.16691e-14 6.42095e-10 2.29988e-06 0.000995768 0.0521146 0.329709 0.255326 0.0912376 0.175059 0.0664198 0.0225517 0.00572229 0.000800285 5.95784e-05 1.84769e-06 1.76369e-08 3.8652e-11 1.6085e-14 1.12409e-18 1.21718e-23 1.92707e-29
 1.69547e-41 2.3532e-33 3.94798e-26 8.00642e-20 1.96268e-14 5.81578e-10 2.08312e-06 0.000901918 0.0472028 0.298645 0.232767 0.106296 0.200739 0.0757176 0.0294834 0.0071823 0.000993457 6.71586e-05 1.70313e-06 1.26161e-08 2.13915e-11 6.75145e-15 3.47809e-19 2.70051e-24 3.00156e-30
 1.90427e-41 2.643e-33 4.43419e-26 8.99244e-20 2.20439e-14 6.53201e-10 2.33966e-06 0.00101299 0.053016 0.335422 0.260579 0.0957997 0.155687 0.061707 0.0286069 0.00708833 0.00101332 6.39191e-05 1.40521e-06 8.23267e-09 1.04548e-11 2.44552e-15 9.31525e-20 5.30116e-25 4.26533e-31
 1.86242e-41 2.58492e-33 4.33674e-26 8.79482e-20 2.15594e-14 6.38846e-10 2.28824e-06 0.00099073 0.0518509 0.328064 0.256242 0.109454 0.168979 0.0571447 0.0209277 0.00545696 0.000835774 5.15431e-05 1.01342e-06 4.90115e-09 4.80961e-12 8.30841e-16 2.29306e-20 9.42682e-26 5.4828e-32
 1.83879e-41 2.55212e-33 4.2817e-26 8.68321e-20 2.12859e-14 6.30739e-10 2.2592e-06 0.000978157 0.0511929 0.323914 0.254142 0.116905 0.168206 0.0578738 0.0216707 0.00447079 0.000605098 3.73743e-05 6.80183e-07 2.8035e-09 2.19878e-12 2.89947e-16 5.90976e-21 1.75641e-26 7.30762e-33
 1.86149e-41 2.58363e-33 4.33457e-26 8.79042e-20 2.15487e-14 6.38527e-10 2.2871e-06 0.000990235 0.051825 0.327928 0.258189 0.121411 0.16033 0.0545515 0.0202267 0.00405925 0.000463446 2.33095e-05 3.79319e-07 1.3626e-09 8.77766e-13 9.08222e-17 1.40581e-21 3.09921e-27 9.40013e-34
 1.94319e-41 2.69702e-33 4.5248e-26 9.17621e-20 2.24944e-14 6.6655e-10 2.38747e-06 0.00103369 0.0540995 0.342331 0.269871 0.121219 0.144246 0.0472538 0.0164554 0.00314417 0.000331284 1.37241e-05 1.73588e-07 5.06378e-10 2.67626e-13 2.21392e-17 2.65999e-22 4.44642e-28 1.00472e-34
 1.93913e-41 2.69139e-33 4.51536e-26 9.15706e-20 2.24475e-14 6.65159e-10 2.38249e-06 0.00103154 0.0539867 0.341644 0.270993 0.129882 0.142788 0.0435222 0.013561 0.00235772 0.000222964 7.96926e-06 7.96233e-08 1.74237e-10 6.98296e-14 4.46954e-18 4.16434e-23 5.34246e-29 9.13837e-36
 1.97885e-41 2.74652e-33 4.60785e-26 9.34463e-20 2.29073e-14 6.78784e-10 2.43129e-06 0.00105267 0.0550926 0.348666 0.277526 0.131742 0.132154 0.0401285 0.0117212 0.00176852 0.000142328 4.27062e-06 3.44714e-08 5.77513e-11 1.70298e-14 7.94771e-19 5.45185e-24 5.20933e-30 6.67467e-37
 1.90855e-41 2.64894e-33 4.44414e-26 9.01263e-20 2.20934e-14 6.54668e-10 2.34491e-06 0.00101527 0.0531354 0.33634 0.271099 0.147262 0.138714 0.0400818 0.010756 0.00149087 0.000100655 2.41156e-06 1.53092e-08 1.97655e-11 4.37229e-15 1.49294e-19 7.37795e-25 5.05689e-31 4.66342e-38
 1.96451e-41 2.72661e-33 4.57445e-26 9.27689e-20 2.27412e-14 6.73864e-10 2.41367e-06 0.00104504 0.0546934 0.346235 0.279788 0.145157 0.12488 0.037414 0.00954278 0.00117391 6.77435e-05 1.29837e-06 6.26715e-09 6.0692e-12 1.00057e-15 2.52223e-20 9.09709e-26 4.50134e-32 2.97195e-39
 1.94293e-41 2.69666e-33 4.52421e-26 9.17502e-20 2.24915e-14 6.66463e-10 2.38716e-06 0.00103356 0.054093 0.342513 0.27999 0.155365 0.123486 0.0344445 0.00808715 0.000938044 4.61837e-05 7.09985e-07 2.62177e-09 1.87524e-12 2.25245e-16 4.12723e-21 1.08113e-26 3.87625e-33 1.84751e-40
 1.87416e-41 2.60121e-33 4.36406e-26 8.85023e-20 2.16953e-14 6.42872e-10 2.30266e-06 0.000996973 0.0521785 0.330515 0.275031 0.169597 0.127201 0.0359228 0.00773186 0.000789862 3.38031e-05 4.23808e-07 1.20168e-09 6.38867e-13 5.58473e-17 7.35664e-22 1.37911e-27 3.53752e-34 1.20739e-41
 1.79256e-41 2.48795e-33 4.17405e-26 8.4649e-20 2.07507e-14 6.14881e-10 2.2024e-06 0.000953566 0.0499073 0.316297 0.269187 0.184479 0.131663 0.0387596 0.00798584 0.000739702 2.6477e-05 2.68855e-07 5.9498e-10 2.3741e-13 1.51982e-17 1.44625e-22 1.94174e-28 3.54764e-35 8.59994e-43
 1.8239e-41 2.53145e-33 4.24704e-26 8.61291e-20 2.11135e-14 6.25632e-10 2.24091e-06 0.000970239 0.0507804 0.321938 0.275857 0.182209 0.122208 0.0377768 0.00757683 0.000660499 2.02821e-05 1.64491e-07 2.80484e-10 8.45638e-14 4.01226e-18 2.78301e-23 2.69288e-29 3.52124e-36 6.08223e-44
#pred catch len freq
 2.56706e-27 2.59887e-27 4.24364e-26 8.41238e-20 2.06219e-14 6.11065e-10 2.18873e-06 0.000947637 0.0495959 0.313757 0.240168 0.0370025 0.112916 0.104344 0.0273181 0.0364269 0.0170607 0.0150511 0.01014 0.00829447 0.00687782 0.00618995 0.00639216 0.00575172 0.00176364
 2.56938e-27 2.60478e-27 4.71721e-26 9.41121e-20 2.30704e-14 6.83619e-10 2.44861e-06 0.00106015 0.0554846 0.351011 0.26866 0.0399032 0.114975 0.10584 0.0205743 0.0203899 0.0078799 0.0049196 0.00272116 0.00188249 0.0013591 0.001086 0.00101534 0.000924178 0.000311535
 2.56902e-27 2.60373e-27 4.61239e-26 9.19005e-20 2.25283e-14 6.67554e-10 2.39107e-06 0.00103524 0.0541807 0.342762 0.262382 0.041191 0.129187 0.118857 0.0211832 0.0184272 0.00613728 0.00241783 0.000974207 0.000483078 0.000274019 0.000183044 0.000148183 0.000129347 4.53943e-05
 2.56825e-27 2.60166e-27 4.43178e-26 8.80904e-20 2.15943e-14 6.39878e-10 2.29193e-06 0.00099232 0.0519344 0.328552 0.251537 0.0415624 0.139632 0.128558 0.0240334 0.0224763 0.00721861 0.00237256 0.00073216 0.000223805 8.12422e-05 3.93136e-05 2.5389e-05 1.99252e-05 6.99383e-06
 2.571e-27 2.60913e-27 5.09451e-26 1.02071e-19 2.50215e-14 7.41433e-10 2.65569e-06 0.00114981 0.060177 0.380696 0.29132 0.0394635 0.0957087 0.0880537 0.0173702 0.0174781 0.00573306 0.00205962 0.000598417 0.000143303 3.11733e-05 8.44129e-06 3.59389e-06 2.29047e-06 7.71514e-07
 2.56821e-27 2.60149e-27 4.40946e-26 8.76193e-20 2.14788e-14 6.36456e-10 2.27968e-06 0.000987013 0.0516567 0.326795 0.250206 0.0422122 0.145512 0.133841 0.0223634 0.0173476 0.00581884 0.00233233 0.000709252 0.00017839 3.20934e-05 5.00499e-06 1.00949e-06 4.17115e-07 1.26521e-07
 2.56766e-27 2.60009e-27 4.29518e-26 8.52089e-20 2.08879e-14 6.18946e-10 2.21696e-06 0.00095986 0.0502356 0.317804 0.243334 0.0417597 0.146898 0.135322 0.0263229 0.0259847 0.00812411 0.00230658 0.000707258 0.000196129 3.73858e-05 5.06193e-06 5.15355e-07 8.85815e-08 2.06668e-08
 2.57067e-27 2.60825e-27 5.01714e-26 1.00439e-19 2.46215e-14 7.29578e-10 2.61323e-06 0.00113143 0.0592148 0.374609 0.286675 0.0396542 0.100424 0.0924105 0.0182407 0.0183739 0.00611609 0.00233059 0.00064757 0.000137533 2.76076e-05 4.01766e-06 3.43935e-07 2.28062e-08 2.63527e-09
 2.57005e-27 2.60645e-27 4.84662e-26 9.68414e-20 2.37395e-14 7.03444e-10 2.51962e-06 0.0010909 0.0570937 0.36119 0.276451 0.0410678 0.118364 0.108758 0.017375 0.012272 0.00408375 0.00160008 0.000497488 0.000128836 2.10788e-05 2.82757e-06 2.56709e-07 1.21636e-08 4.74276e-10
 2.56979e-27 2.60577e-27 4.78907e-26 9.56276e-20 2.3442e-14 6.94627e-10 2.48804e-06 0.00107722 0.0563781 0.356663 0.272993 0.0409845 0.12016 0.110491 0.0190655 0.015671 0.00480174 0.00122327 0.000365681 0.000100399 1.97155e-05 2.53037e-06 2.01284e-07 9.44666e-09 2.05552e-10
 2.57005e-27 2.60649e-27 4.85457e-26 9.70093e-20 2.37807e-14 7.04664e-10 2.52399e-06 0.00109279 0.0571927 0.361817 0.276923 0.0406834 0.115108 0.105848 0.0185887 0.0157624 0.00498253 0.00150959 0.000396282 7.64418e-05 1.49426e-05 2.20232e-06 1.79758e-07 7.50853e-09 1.45365e-10
 2.57035e-27 2.6073e-27 4.92415e-26 9.84771e-20 2.41405e-14 7.15325e-10 2.56218e-06 0.00110932 0.058058 0.367291 0.281102 0.0406158 0.111657 0.102629 0.0174019 0.0138656 0.0044052 0.00138179 0.000384805 8.17997e-05 1.21651e-05 1.52968e-06 1.3846e-07 6.00133e-09 1.0544e-10
 2.57018e-27 2.60684e-27 4.88277e-26 9.7604e-20 2.39265e-14 7.08984e-10 2.53946e-06 0.00109949 0.0575433 0.364035 0.278619 0.0407901 0.114728 0.105454 0.0177356 0.0139118 0.0043594 0.0012727 0.000355463 7.91142e-05 1.2864e-05 1.41935e-06 1.0372e-07 4.74819e-09 8.6062e-11
 2.56969e-27 2.60549e-27 4.76349e-26 9.50878e-20 2.33096e-14 6.90706e-10 2.47399e-06 0.00107114 0.0560599 0.35465 0.271459 0.0411549 0.122535 0.112657 0.0189916 0.0149626 0.00467103 0.0013326 0.00036212 7.61833e-05 1.26907e-05 1.50277e-06 1.02038e-07 3.85072e-09 7.07015e-11
 2.56904e-27 2.60372e-27 4.6071e-26 9.17887e-20 2.25009e-14 6.66742e-10 2.38816e-06 0.00103398 0.0541148 0.342345 0.26207 0.0416198 0.132668 0.122009 0.0206601 0.0164144 0.0051209 0.0014537 0.000391827 8.01726e-05 1.27152e-05 1.49176e-06 1.06994e-07 3.80519e-09 5.96463e-11
 2.56942e-27 2.60478e-27 4.70086e-26 9.37666e-20 2.29858e-14 6.81109e-10 2.43962e-06 0.00105626 0.0552809 0.349722 0.267698 0.041304 0.126311 0.116151 0.0197777 0.0158761 0.0049514 0.00140146 0.00037691 7.65509e-05 1.18927e-05 1.33491e-06 9.36451e-08 3.4471e-09 5.11376e-11
 2.57033e-27 2.60723e-27 4.91768e-26 9.83407e-20 2.4107e-14 7.14334e-10 2.55863e-06 0.00110779 0.0579776 0.366782 0.280715 0.0406814 0.112428 0.103334 0.0173937 0.013665 0.00427293 0.00123018 0.000331305 6.71053e-05 1.03676e-05 1.14314e-06 7.69473e-08 2.76528e-09 4.16872e-11
 2.57015e-27 2.60671e-27 4.86844e-26 9.73017e-20 2.38523e-14 7.06787e-10 2.53159e-06 0.00109608 0.0573651 0.362907 0.277762 0.0410673 0.117439 0.107903 0.0172077 0.0120878 0.0037551 0.00105373 0.000284384 5.84135e-05 9.02598e-06 9.89954e-07 6.547e-08 2.26487e-09 3.33518e-11
 2.57029e-27 2.60709e-27 4.90165e-26 9.80023e-20 2.40241e-14 7.11877e-10 2.54982e-06 0.00110398 0.0577781 0.36552 0.279757 0.0410234 0.115704 0.106292 0.0167569 0.0114599 0.00347983 0.000847568 0.000222275 4.47087e-05 6.96045e-06 7.6857e-07 5.05781e-08 1.71808e-09 2.44373e-11
 2.57042e-27 2.60744e-27 4.93416e-26 9.86881e-20 2.41922e-14 7.16858e-10 2.56767e-06 0.0011117 0.0581824 0.368078 0.281707 0.0408337 0.11289 0.103718 0.0167088 0.0119977 0.00363756 0.000869132 0.0002181 3.88036e-05 5.82737e-06 6.39698e-07 4.24284e-08 1.43569e-09 2.00472e-11
 2.57062e-27 2.60799e-27 4.98103e-26 9.96768e-20 2.44346e-14 7.2404e-10 2.59339e-06 0.00112284 0.0587653 0.371766 0.284522 0.0408044 0.110689 0.10166 0.0158494 0.0105569 0.00321679 0.000803308 0.000201914 3.48792e-05 4.77469e-06 4.81446e-07 3.13846e-08 1.06679e-09 1.48477e-11
 2.57131e-27 2.60989e-27 5.1504e-26 1.0325e-19 2.53105e-14 7.49994e-10 2.68635e-06 0.00116309 0.0608719 0.385092 0.294688 0.0401699 0.098718 0.0906446 0.0144672 0.0101758 0.0030731 0.00071629 0.000180336 3.23312e-05 4.37626e-06 4.10353e-07 2.41878e-08 7.95514e-10 1.10732e-11
 2.57168e-27 2.61085e-27 5.23245e-26 1.04981e-19 2.57348e-14 7.62567e-10 2.73139e-06 0.00118259 0.0618923 0.391548 0.299618 0.040174 0.0952861 0.0874177 0.0128093 0.00720729 0.00217828 0.000527788 0.000131167 2.22132e-05 3.05327e-06 2.89448e-07 1.60477e-08 4.78216e-10 6.36545e-12
 2.57153e-27 2.61044e-27 5.19487e-26 1.04188e-19 2.55404e-14 7.56807e-10 2.71076e-06 0.00117365 0.0614248 0.38859 0.297363 0.0403961 0.0985608 0.0904165 0.0129237 0.0067088 0.00196141 0.000371563 8.92477e-05 1.55226e-05 2.06154e-06 1.91302e-07 1.07352e-08 3.04022e-10 3.69219e-12
 2.57212e-27 2.61203e-27 5.33695e-26 1.07185e-19 2.62752e-14 7.78581e-10 2.78874e-06 0.00120742 0.063192 0.39977 0.305891 0.0398874 0.0886969 0.0813343 0.011681 0.00616044 0.00178618 0.00031054 6.89922e-05 9.69951e-06 1.25735e-06 1.15918e-07 6.31139e-09 1.78784e-10 2.07859e-12
 2.57166e-27 2.61077e-27 5.22441e-26 1.04811e-19 2.56932e-14 7.61334e-10 2.72697e-06 0.00118067 0.0617923 0.390915 0.299137 0.040337 0.0968644 0.0888446 0.0125277 0.00620081 0.00179886 0.00031952 7.01217e-05 8.99049e-06 9.96761e-07 8.03334e-08 4.31617e-09 1.19253e-10 1.37219e-12
 2.5714e-27 2.61009e-27 5.16458e-26 1.03549e-19 2.53838e-14 7.52166e-10 2.69413e-06 0.00116646 0.0610482 0.386207 0.295544 0.040439 0.100165 0.0919099 0.0134255 0.00747546 0.0021631 0.000363144 7.90016e-05 1.02786e-05 1.08853e-06 7.59762e-08 3.45944e-09 9.11039e-11 1.02606e-12
 2.57106e-27 2.60915e-27 5.08059e-26 1.01777e-19 2.49494e-14 7.39296e-10 2.64804e-06 0.0011465 0.0600036 0.379599 0.290503 0.0407435 0.106024 0.0973031 0.0141377 0.00774332 0.00226459 0.000423348 9.33177e-05 1.15564e-05 1.21839e-06 8.35201e-08 3.36019e-09 7.46474e-11 7.78508e-13
#obs catch len freq
 1.74892e-41 2.42739e-33 4.07245e-26 8.25885e-20 2.02456e-14 5.99914e-10 2.14879e-06 0.000930353 0.048691 0.308033 0.235948 0.0441342 0.154165 0.130623 0.0369563 0.0284641 0.00868235 0.00275414 0.000547769 6.5649e-05 3.44519e-06 5.73501e-08 2.2593e-10 1.69692e-13 2.10099e-17
 1.77e-41 2.45664e-33 4.12153e-26 8.35837e-20 2.04896e-14 6.07144e-10 2.17469e-06 0.000941565 0.0492778 0.311746 0.23884 0.0459751 0.155627 0.124806 0.0360946 0.0262065 0.00772834 0.00229409 0.000415973 4.32599e-05 1.87248e-06 2.44215e-08 7.21285e-11 3.93973e-14 3.48644e-18
 2.18063e-41 3.02657e-33 5.0777e-26 1.02975e-19 2.5243e-14 7.47997e-10 2.6792e-06 0.00116 0.0607099 0.384068 0.29402 0.0433104 0.0988845 0.0747664 0.0222072 0.0151371 0.00431978 0.00119722 0.000198022 1.77783e-05 6.27843e-07 6.36027e-09 1.40714e-11 5.61028e-15 3.56175e-19
 1.73832e-41 2.41268e-33 4.04777e-26 8.2088e-20 2.01229e-14 5.96278e-10 2.13577e-06 0.000924716 0.0483959 0.306168 0.234807 0.053741 0.183605 0.128864 0.0256754 0.013122 0.00361279 0.000930827 0.000139934 1.08163e-05 3.10036e-07 2.42183e-09 3.99335e-12 1.16172e-15 5.30702e-20
 2.11111e-41 2.93008e-33 4.91582e-26 9.96919e-20 2.44383e-14 7.24152e-10 2.59379e-06 0.00112302 0.0587746 0.371825 0.284816 0.0474328 0.113156 0.0764215 0.0271102 0.0158154 0.00289348 0.000550636 7.39831e-05 4.89609e-06 1.13547e-07 6.82088e-10 8.35393e-13 1.76842e-16 5.80893e-21
 2.39134e-41 3.31902e-33 5.56834e-26 1.12925e-19 2.76822e-14 8.20275e-10 2.93809e-06 0.00127209 0.0665762 0.421181 0.322458 0.0453279 0.0775972 0.0478019 0.0107661 0.00526845 0.00145721 0.000267048 2.33081e-05 1.21092e-06 2.25262e-08 1.03923e-10 9.45355e-14 1.4554e-17 3.43413e-22
 1.35629e-41 1.88244e-33 3.15819e-26 6.40474e-20 1.57005e-14 4.65234e-10 1.66639e-06 0.00072149 0.0377599 0.238884 0.184214 0.0756492 0.271128 0.154435 0.0258767 0.00929778 0.00169326 0.000307985 2.95145e-05 1.05986e-06 1.38654e-08 4.80594e-11 3.24419e-14 3.63767e-18 6.17344e-23
 2.23363e-41 3.10013e-33 5.20111e-26 1.05477e-19 2.58566e-14 7.66177e-10 2.74432e-06 0.0011882 0.0621855 0.393404 0.301416 0.0482229 0.087683 0.0531626 0.0345769 0.0158763 0.00203271 0.000230706 1.75081e-05 5.99245e-07 5.73654e-09 1.33353e-11 6.37392e-15 5.16284e-19 6.30618e-24
 2.02273e-41 2.80742e-33 4.71002e-26 9.55183e-20 2.34152e-14 6.93835e-10 2.4852e-06 0.00107601 0.0563139 0.356262 0.273603 0.0633325 0.150744 0.0747027 0.0147371 0.00662332 0.0023043 0.00028594 1.30205e-05 3.08415e-07 2.43772e-09 4.23666e-12 1.36503e-15 7.48877e-20 6.38631e-25
 2.06693e-41 2.86876e-33 4.81295e-26 9.76056e-20 2.39269e-14 7.08997e-10 2.53951e-06 0.00109952 0.0575445 0.364047 0.279648 0.0636241 0.138119 0.0665068 0.0210423 0.00709061 0.00107129 0.000191851 1.2657e-05 2.09193e-07 1.04515e-09 1.33591e-12 3.20949e-16 1.23424e-20 7.10988e-26
 2.03309e-41 2.82179e-33 4.73414e-26 9.60073e-20 2.35351e-14 6.97387e-10 2.49793e-06 0.00108152 0.0566023 0.358088 0.275416 0.0691617 0.146939 0.0655589 0.0194403 0.00646539 0.00112198 0.000114772 6.8899e-06 1.41582e-07 5.80949e-10 4.73806e-13 7.60417e-17 2.09013e-21 8.65635e-27
 2.14117e-41 2.9718e-33 4.98581e-26 1.01111e-19 2.47862e-14 7.34461e-10 2.63072e-06 0.00113901 0.0596113 0.377125 0.290012 0.0678555 0.126794 0.0537129 0.0175251 0.00528133 0.000852867 8.50419e-05 3.60305e-06 5.72716e-08 2.36524e-10 1.71323e-13 1.95268e-17 3.49954e-22 9.67492e-28
 2.09042e-41 2.90137e-33 4.86765e-26 9.87149e-20 2.41988e-14 7.17055e-10 2.56837e-06 0.00111202 0.0581985 0.368191 0.283677 0.0753371 0.138904 0.0539824 0.0155349 0.0043101 0.000686613 6.08069e-05 2.24768e-06 2.6267e-08 7.82991e-11 4.78228e-14 4.7579e-18 6.80307e-23 1.34517e-28
 2.05181e-41 2.84778e-33 4.77774e-26 9.68917e-20 2.37519e-14 7.03811e-10 2.52094e-06 0.00109148 0.0571237 0.361395 0.279 0.0816468 0.144559 0.0537403 0.0167614 0.00407982 0.000554672 4.42383e-05 1.41051e-06 1.33254e-08 2.92528e-11 1.25245e-14 9.2409e-19 1.04983e-23 1.67897e-29
 1.92859e-41 2.67676e-33 4.49082e-26 9.1073e-20 2.23255e-14 6.61544e-10 2.36954e-06 0.00102593 0.0536931 0.3397 0.263374 0.0938995 0.164485 0.0589563 0.0196749 0.00455867 0.000590186 3.87664e-05 1.01883e-06 7.83279e-09 1.33269e-11 4.19648e-15 2.17973e-19 1.73203e-24 1.99416e-30
 1.75792e-41 2.43988e-33 4.0934e-26 8.30134e-20 2.03498e-14 6.03e-10 2.15985e-06 0.00093514 0.0489415 0.309652 0.241765 0.109734 0.188891 0.0679314 0.0256556 0.00572221 0.000725815 4.28091e-05 9.0924e-07 5.40132e-09 7.07786e-12 1.6831e-15 6.42638e-20 3.65693e-25 2.95516e-31
 1.96424e-41 2.72624e-33 4.57383e-26 9.27563e-20 2.27381e-14 6.73772e-10 2.41334e-06 0.00104489 0.0546856 0.345991 0.269155 0.0979405 0.14482 0.055469 0.0245301 0.00559733 0.000724106 3.95062e-05 7.18471e-07 3.34397e-09 3.2675e-12 5.74355e-16 1.61767e-20 6.73525e-26 3.93643e-32
 1.92393e-41 2.67028e-33 4.47995e-26 9.08525e-20 2.22714e-14 6.59943e-10 2.36381e-06 0.00102345 0.0535632 0.338906 0.265171 0.111604 0.156362 0.050583 0.017838 0.00432421 0.000591616 3.12293e-05 5.01897e-07 1.9102e-09 1.43286e-12 1.85358e-16 3.77571e-21 1.13401e-26 4.78491e-33
 1.90239e-41 2.64039e-33 4.4298e-26 8.98354e-20 2.20221e-14 6.52555e-10 2.33735e-06 0.00101199 0.0529636 0.335129 0.263464 0.118852 0.155104 0.0514118 0.0181493 0.00346483 0.00042454 2.22437e-05 3.26811e-07 1.04973e-09 6.2511e-13 6.14665e-17 9.22423e-22 2.0004e-27 6.03329e-34
 1.92556e-41 2.67255e-33 4.48376e-26 9.09297e-20 2.22904e-14 6.60504e-10 2.36582e-06 0.00102432 0.0536088 0.339228 0.267653 0.122866 0.147053 0.0483522 0.0167857 0.00309785 0.000314893 1.35096e-05 1.76658e-07 4.89901e-10 2.37952e-13 1.82749e-17 2.07674e-22 3.33509e-28 7.32671e-35
 2.00493e-41 2.78271e-33 4.66858e-26 9.46778e-20 2.32092e-14 6.8773e-10 2.46334e-06 0.00106654 0.0558186 0.353224 0.279037 0.121898 0.131314 0.0415645 0.0134829 0.00236532 0.000219251 7.64218e-06 7.75643e-08 1.74257e-10 6.9067e-14 4.22109e-18 3.71147e-23 4.51006e-29 7.37201e-36
 2.00131e-41 2.77769e-33 4.66015e-26 9.4507e-20 2.31673e-14 6.86489e-10 2.45889e-06 0.00106462 0.0557179 0.35262 0.280351 0.130058 0.129337 0.0379758 0.0109787 0.00174659 0.000144406 4.2933e-06 3.40782e-08 5.72383e-11 1.71722e-14 8.0963e-19 5.50335e-24 5.12013e-30 6.32507e-37
 2.03994e-41 2.8313e-33 4.75009e-26 9.63308e-20 2.36144e-14 6.99737e-10 2.50634e-06 0.00108516 0.0567933 0.359454 0.286787 0.131239 0.1191 0.0348245 0.00934024 0.00128217 8.9733e-05 2.22342e-06 1.41415e-08 1.80706e-11 3.9768e-15 1.36487e-19 6.81781e-25 4.71379e-31 4.35247e-38
 1.97293e-41 2.7383e-33 4.59407e-26 9.31669e-20 2.28388e-14 6.76754e-10 2.42402e-06 0.00104952 0.054928 0.347721 0.281058 0.146281 0.124728 0.0346072 0.00849852 0.00106223 6.17131e-05 1.2137e-06 6.03883e-09 5.91764e-12 9.73385e-16 2.43913e-20 8.76766e-26 4.34397e-32 2.88309e-39
 2.0271e-41 2.81348e-33 4.72019e-26 9.57246e-20 2.34658e-14 6.95333e-10 2.49057e-06 0.00107833 0.0564361 0.357306 0.289509 0.143425 0.111839 0.0321182 0.00742602 0.000818735 4.02829e-05 6.27694e-07 2.36272e-09 1.73086e-12 2.1159e-16 3.90584e-21 1.02326e-26 3.65728e-33 1.73719e-40
 2.0062e-41 2.78448e-33 4.67154e-26 9.47378e-20 2.32239e-14 6.88166e-10 2.4649e-06 0.00106722 0.0558546 0.353719 0.289997 0.152925 0.110181 0.0293404 0.00624376 0.000642359 2.66862e-05 3.30869e-07 9.46794e-10 5.10442e-13 4.53669e-17 6.07692e-22 1.15459e-27 2.98683e-34 1.02342e-41
 1.94017e-41 2.69283e-33 4.51779e-26 9.16198e-20 2.24595e-14 6.65516e-10 2.38377e-06 0.00103209 0.0540168 0.342226 0.285716 0.166552 0.113547 0.0304595 0.00589716 0.000531828 1.90398e-05 1.90686e-07 4.16557e-10 1.66313e-13 1.07334e-17 1.03221e-22 1.40205e-28 2.59234e-35 6.35484e-43
 1.86143e-41 2.58355e-33 4.33443e-26 8.79015e-20 2.1548e-14 6.38507e-10 2.28703e-06 0.000990205 0.0518253 0.328542 0.280632 0.180892 0.117798 0.0327752 0.00603988 0.000488504 1.45162e-05 1.16947e-07 1.98177e-10 5.91605e-14 2.79e-18 1.93566e-23 1.88148e-29 2.47652e-36 4.3099e-44
#spawning biomass
 6404.02 8083.04 10305.8 12193.1 18294.1 28784.3 27578.1 32251.9 41241.8 52739.2 69852.1 90774.4 122319 147320 142043 116303 112402 112108 98929.2 101692 97258.2 117615 122737 120260 123328 134091 143829 136609 158336 174335 101329 54709.3 32589.6 23363.3 19806.7 18506.6 18048.9 17892 17839.3 17821.9 17816.2 17814.4 17813.8 17813.6 17813.5 17813.5 17813.5 17813.5 17813.5 17813.5 17813.5 17813.5 17813.5 17813.5 17813.5 17813.5 17813.5 17813.5 17813.5 17813.5 17813.5 17813.5 17813.5 17813.5 17813.5 17813.5 17813.5 17813.5 17813.5 17813.5 17813.5 17813.5 17813.5 17813.5 17813.5 17813.5 17813.5 17813.5 17813.5 17813.5 17813.5 17813.5 17813.5 17813.5 17813.5 17813.5 17813.5 17813.5 17813.5 17813.5 17813.5 17813.5 17813.5 17813.5 17813.5 17813.5 17813.5 17813.5 17813.5 17813.5 17813.5 17813.5 17813.5 17813.5 17813.5 17813.5 17813.5 17813.5 17813.5 17813.5 17813.5 17813.5 17813.5 17813.5 17813.5 17813.5 17813.5 17813.5 17813.5 17813.5 17813.5 17813.5 17813.5 17813.5 17813.5 17813.5 17813.5 17813.5 0 0 0 0 0 0 0 0 0 0 0 0 0 0 0 0 0 0 0 0 0 0 0 0 0
