SBPRF35
0.819782
Curr Bio
127021
B35
694914
F35
0.210909
FOFL
0.0532185
OFL
7734.9
Bzero
234224
#pred survey bio
 12568.2 8929.3 8035.39 8359.11 11021 17519.9 25445.9 30349.8 38274.7 44789.9 60666 79549.8 104962 121014 118808 130069 112689 116270 100034 104446 91032.7 102233 103909 105028 114010 100115 108844 112844 134438 7.30728e+06 7.67931e+06 8.40673e+06 8.08956e+06 7.22835e+06 6.20247e+06 5.22862e+06 4.40128e+06 3.74255e+06 3.23908e+06 2.86435e+06 2.59014e+06 2.39153e+06 2.24837e+06 2.14416e+06 2.06701e+06 2.01228e+06 1.97305e+06 1.94463e+06 1.9238e+06 1.90836e+06 1.89678e+06 1.88801e+06 1.8813e+06 1.87611e+06 1.87207e+06 1.86889e+06 1.86638e+06 1.86439e+06 1.86279e+06 1.86151e+06 1.86048e+06 1.85965e+06 1.85898e+06 1.85843e+06 1.85799e+06 1.85763e+06 1.85733e+06 1.85709e+06 1.8569e+06 1.85674e+06 1.8566e+06 1.8565e+06 1.85641e+06 1.85634e+06 1.85628e+06 1.85623e+06 1.85619e+06 1.85616e+06 1.85614e+06 1.85611e+06 1.8561e+06 1.85608e+06 1.85607e+06 1.85606e+06 1.85605e+06 1.85605e+06 1.85604e+06 1.85604e+06 1.85603e+06 1.85603e+06 1.85603e+06 1.85603e+06 1.85602e+06 1.85602e+06 1.85602e+06 1.85602e+06 1.85602e+06 1.85602e+06 1.85602e+06 1.85602e+06 1.85602e+06 1.85602e+06 1.85602e+06 1.85602e+06 1.85602e+06 1.85602e+06 1.85602e+06 1.85602e+06 1.85602e+06 1.85602e+06 1.85602e+06 1.85602e+06 1.85602e+06 1.85602e+06 1.85602e+06 1.85602e+06 1.85602e+06 1.85602e+06 1.85602e+06 1.85602e+06 1.85602e+06 1.85602e+06 1.85602e+06 1.85602e+06 1.85602e+06 1.85602e+06 1.85602e+06 1.85602e+06 1.85602e+06 0 0 0 0 0 0 0 0 0 0 0 0 0 0 0 0 0 0 0 0 0 0 0 0 0
#obs survey bio
 13257.7 4766.11 7258.17 7251.3 13911.6 22861.9 29547.4 36665.2 29476.8 57116.4 52007.6 81415.7 147126 119931 122300 88102.1 102520 176829 73112.9 120776 84668.3 136923 77834.6 149102 141424 74732.7 124690 95543.4 135296
#pred catch bio
 6904.49 3780.64 3523.94 3282.45 3907.99 8179.18 14920.8 17180.3 25010.3 28778.8 41574.4 54507.1 74834.8 91469.2 85986.4 109677 90586.3 98857.2 80226.4 93019.7 76506.2 90981 96617 95523.8 111022 96223.5 107546 112499 101995 7734.9 62662.5 68137.3 64909.4 57242.9 48349.1 40042.6 33092 27650.2 23573 20610.5 18505 17032.8 16015.6 15314.1 14829.2 14507.6 14294.4 14153 14059.3 13997.2 13955.9 13928.6 13910.5 13898.5 13890.5 13885.3 13881.8 13879.4 13877.9 13876.9 13876.2 13875.7 13875.4 13875.2 13875.1 13875 13875 13874.9 13874.9 13874.9 13874.9 13874.9 13874.9 13874.9 13874.9 13874.9 13874.9 13874.9 13874.9 13874.9 13874.9 13874.9 13874.9 13874.9 13874.9 13874.9 13874.9 13874.9 13874.9 13874.9 13874.9 13874.9 13874.9 13874.9 13874.9 13874.9 13874.9 13874.9 13874.9 13874.9 13874.9 13874.9 13874.9 13874.9 13874.9 13874.9 13874.9 13874.9 13874.9 13874.9 13874.9 13874.9 13874.9 13874.9 13874.9 13874.9 13874.9 13874.9 13874.9 13874.9 13874.9 13874.9 13874.9 13874.9 13874.9 13874.9 13874.9 13874.9 13874.9 0 0 0 0 0 0 0 0 0 0 0 0 0 0 0 0 0 0 0 0 0 0 0 0 0
#obs catch bio
 4446.07 4019.6 4106.2 3404.65 3783.89 7914.6 14041 16080.7 24992 28231.2 41837.6 53072 67986.6 83275.4 80650.2 114847 89014.6 92563.4 78345.1 84186.3 66731.1 80318.1 93097.9 83790.8 94277.5 93768.2 95196.6 109679 96803.9
#pred cpue bio
 11771.3 8546.9 7413.31 7430.87 9581.93 14802.6 21456.7 25658.9 32112.8 36365.8 48375.6 62995.3 83418.4 98602.1 96680.8 104917 87787.9 91948.5 79061.8 81405.4 68938.9 77239.9 76951 75477.1 84003.7 71106.8 76110.9 78264.5 89422.2 5.73171e+06 7.63122e+06 8.35867e+06 8.04149e+06 7.18029e+06 6.15441e+06 5.18056e+06 4.35322e+06 3.69448e+06 3.19101e+06 2.81629e+06 2.54208e+06 2.34347e+06 2.2003e+06 2.0961e+06 2.01894e+06 1.96421e+06 1.92499e+06 1.89657e+06 1.87573e+06 1.86029e+06 1.84872e+06 1.83995e+06 1.83323e+06 1.82805e+06 1.824e+06 1.82083e+06 1.81832e+06 1.81632e+06 1.81473e+06 1.81345e+06 1.81242e+06 1.81159e+06 1.81091e+06 1.81037e+06 1.80992e+06 1.80956e+06 1.80927e+06 1.80903e+06 1.80883e+06 1.80867e+06 1.80854e+06 1.80843e+06 1.80835e+06 1.80828e+06 1.80822e+06 1.80817e+06 1.80813e+06 1.8081e+06 1.80807e+06 1.80805e+06 1.80803e+06 1.80802e+06 1.80801e+06 1.808e+06 1.80799e+06 1.80798e+06 1.80798e+06 1.80797e+06 1.80797e+06 1.80797e+06 1.80796e+06 1.80796e+06 1.80796e+06 1.80796e+06 1.80796e+06 1.80796e+06 1.80796e+06 1.80796e+06 1.80796e+06 1.80796e+06 1.80795e+06 1.80795e+06 1.80795e+06 1.80795e+06 1.80795e+06 1.80795e+06 1.80795e+06 1.80795e+06 1.80795e+06 1.80795e+06 1.80795e+06 1.80795e+06 1.80795e+06 1.80795e+06 1.80795e+06 1.80795e+06 1.80795e+06 1.80795e+06 1.80795e+06 1.80795e+06 1.80795e+06 1.80795e+06 1.80795e+06 1.80795e+06 1.80795e+06 1.80795e+06 1.80795e+06 1.80795e+06 1.80795e+06 0 0 0 0 0 0 0 0 0 0 0 0 0 0 0 0 0 0 0 0 0 0 0 0 0
#obs cpue bio
 9591.14 5669.31 6143.41 8065.14 11727.5 14963 25252 26141.7 35719.2 31463.3 51201.9 72945.2 99590.7 136532 108019 129273 102036 88246.8 102612 129790 117129 96694.1 110714 95298.8 133442 91549.6 119009 95993.1 108436
#pred surv len freq
 7.65085e-12 8.30791e-10 5.3188e-08 2.00759e-06 4.46764e-05 0.000586203 0.00453617 0.0207279 0.0562909 0.0937598 0.10929 0.121751 0.145033 0.143049 0.108649 0.0737057 0.0482585 0.0294611 0.0172978 0.0102732 0.00639407 0.00433448 0.00316166 0.0021883 0.00120472
 5.83275e-12 6.33367e-10 4.05487e-08 1.53052e-06 3.40599e-05 0.00044691 0.00345858 0.0158106 0.04303 0.0724187 0.0878454 0.105976 0.134921 0.141924 0.1215 0.096631 0.0711422 0.0461908 0.027085 0.0147236 0.00772851 0.00422075 0.00253018 0.00155807 0.000822004
 1.00591e-11 1.0923e-09 6.99302e-08 2.63952e-06 5.87387e-05 0.000770681 0.00596234 0.0272127 0.0734639 0.118853 0.122589 0.10065 0.0919087 0.0910093 0.0869474 0.08142 0.0701238 0.0533379 0.0356726 0.0206469 0.0104611 0.00489472 0.0023138 0.00115634 0.000543792
 1.21142e-11 1.31546e-09 8.4217e-08 3.17877e-06 7.07391e-05 0.000928134 0.00718054 0.0327745 0.0885025 0.143373 0.148716 0.12366 0.111153 0.0971721 0.069481 0.0473623 0.0375057 0.0320707 0.0254335 0.0172633 0.00976479 0.00461863 0.00191572 0.000758602 0.000291265
 1.28037e-11 1.39033e-09 8.90101e-08 3.35969e-06 7.47651e-05 0.000980957 0.00758919 0.0346394 0.0935334 0.151484 0.156947 0.130075 0.116627 0.102351 0.0733046 0.0468555 0.0297617 0.0192767 0.0137075 0.0101669 0.00672117 0.00361522 0.00155616 0.000555672 0.000174092
 1.39776e-11 1.5178e-09 9.7171e-08 3.66772e-06 8.16199e-05 0.00107089 0.00828473 0.037809 0.102023 0.164675 0.168003 0.132566 0.111354 0.0950132 0.0680491 0.0439809 0.0278514 0.0166444 0.00958267 0.00573081 0.00361351 0.00213457 0.00103115 0.000385194 0.000112137
 1.36443e-11 1.48161e-09 9.4854e-08 3.58027e-06 7.96738e-05 0.00104536 0.00808743 0.0369129 0.0996643 0.161348 0.16685 0.137375 0.121559 0.104027 0.0701457 0.0405037 0.0234414 0.0135526 0.00751712 0.00396374 0.00204739 0.00107154 0.000527074 0.000212394 6.43565e-05
 1.32821e-11 1.44228e-09 9.23363e-08 3.48523e-06 7.7559e-05 0.00101762 0.00787292 0.0359368 0.0970706 0.157484 0.164423 0.139367 0.127713 0.110507 0.0736251 0.0408358 0.0219184 0.0114064 0.00570196 0.00278328 0.00130075 0.000579425 0.000248459 9.67526e-05 3.03034e-05
 1.36689e-11 1.48428e-09 9.50249e-08 3.58672e-06 7.98174e-05 0.00104724 0.00810201 0.0369798 0.09985 0.161689 0.167392 0.138322 0.123061 0.105882 0.0719541 0.0415558 0.0229355 0.011715 0.0054528 0.00238716 0.000992416 0.000390936 0.000144605 4.92599e-05 1.45004e-05
 1.48844e-11 1.61627e-09 1.03475e-07 3.90567e-06 8.69152e-05 0.00114037 0.00882225 0.0402624 0.108648 0.175411 0.179134 0.14166 0.118437 0.0975974 0.0629202 0.0332969 0.017093 0.00863866 0.0040792 0.00175335 0.000675462 0.000235664 7.54351e-05 2.20251e-05 5.6755e-06
 1.54305e-11 1.67557e-09 1.07272e-07 4.04897e-06 9.01041e-05 0.0011822 0.00914584 0.0417374 0.112603 0.181593 0.184489 0.143389 0.116783 0.0944306 0.0594103 0.029836 0.0141255 0.00651711 0.00283948 0.00117275 0.000445274 0.00014903 4.32416e-05 1.0923e-05 2.39895e-06
 1.55556e-11 1.68915e-09 1.08141e-07 4.08179e-06 9.08344e-05 0.00119179 0.00921998 0.0420759 0.11352 0.183094 0.186125 0.144919 0.118161 0.094978 0.0583925 0.0277303 0.0121122 0.00516429 0.00206253 0.000772486 0.000269689 8.55578e-05 2.37507e-05 5.55631e-06 1.07547e-06
 1.53969e-11 1.67192e-09 1.07038e-07 4.04015e-06 8.99078e-05 0.00117963 0.00912597 0.0416478 0.112377 0.18135 0.184818 0.145109 0.119751 0.0968396 0.0596115 0.0282311 0.0121467 0.00497064 0.00184533 0.000629194 0.000198276 5.67667e-05 1.44567e-05 3.16108e-06 5.68283e-07
 1.4403e-11 1.56399e-09 1.00128e-07 3.77934e-06 8.41039e-05 0.00110349 0.00853712 0.0389658 0.105213 0.170376 0.176384 0.145603 0.128491 0.10708 0.0660753 0.030932 0.0130758 0.0052756 0.00192406 0.000630409 0.000184708 4.78271e-05 1.08903e-05 2.14241e-06 3.52038e-07
 1.44699e-11 1.57126e-09 1.00594e-07 3.79691e-06 8.44949e-05 0.00110862 0.00857679 0.0391464 0.105693 0.171096 0.176862 0.145322 0.12753 0.10616 0.0657834 0.0311336 0.0133235 0.00537972 0.00193832 0.000623454 0.000178014 4.39779e-05 9.25233e-06 1.63787e-06 2.40208e-07
 1.48668e-11 1.61436e-09 1.03353e-07 3.90106e-06 8.68125e-05 0.00113902 0.00881191 0.040217 0.108549 0.175438 0.18004 0.1446 0.123233 0.10151 0.0633666 0.0307463 0.0136242 0.00564972 0.00206911 0.00066945 0.000189725 4.59584e-05 9.34705e-06 1.56291e-06 2.10427e-07
 1.59405e-11 1.73095e-09 1.10817e-07 4.18278e-06 9.30818e-05 0.00122127 0.00944807 0.0431163 0.116318 0.187542 0.190331 0.147323 0.118773 0.0938222 0.0551777 0.0234245 0.00858512 0.00316351 0.00113828 0.000376357 0.000108858 2.65796e-05 5.36967e-06 8.78088e-07 1.13507e-07
 1.53859e-11 1.67072e-09 1.06961e-07 4.03725e-06 8.98433e-05 0.00117879 0.0091195 0.0416198 0.112321 0.181421 0.18564 0.147643 0.123746 0.0997084 0.0590181 0.0250893 0.00901844 0.00306704 0.000950115 0.000270044 7.25484e-05 1.76148e-05 3.60934e-06 5.94284e-07 7.61989e-08
 1.53765e-11 1.6697e-09 1.06896e-07 4.03479e-06 8.97885e-05 0.00117807 0.00911395 0.0415947 0.112258 0.181351 0.185719 0.148084 0.124495 0.100252 0.0589087 0.024522 0.00849899 0.00279793 0.000841662 0.000223994 5.31042e-05 1.11927e-05 2.09134e-06 3.34404e-07 4.29301e-08
 1.59315e-11 1.72997e-09 1.10754e-07 4.18043e-06 9.30295e-05 0.00122059 0.00944275 0.0430918 0.11625 0.187414 0.190119 0.146957 0.118322 0.0936928 0.0556992 0.0242496 0.00905169 0.00313568 0.000943487 0.000243727 5.53423e-05 1.08679e-05 1.81282e-06 2.55294e-07 2.98949e-08
 1.67546e-11 1.81935e-09 1.16477e-07 4.39641e-06 9.78357e-05 0.00128364 0.00993042 0.045314 0.1222 0.196638 0.197747 0.148321 0.11378 0.0869785 0.0495496 0.0194917 0.00609771 0.00183764 0.000541794 0.000145704 3.39256e-05 6.57228e-06 1.04787e-06 1.36746e-07 1.43989e-08
 1.68416e-11 1.8288e-09 1.17081e-07 4.41923e-06 9.83436e-05 0.00129031 0.00998195 0.0455485 0.122824 0.197578 0.198386 0.148007 0.112615 0.0858606 0.0492002 0.0197245 0.00634369 0.00188591 0.000503024 0.000117148 2.49118e-05 4.77777e-06 7.73906e-07 1.00377e-07 1.01446e-08
 1.73998e-11 1.88941e-09 1.20962e-07 4.56569e-06 0.000101603 0.00133307 0.0103126 0.047055 0.126852 0.203783 0.203319 0.14827 0.108527 0.080641 0.0453142 0.0174318 0.00516743 0.00141687 0.000366573 8.41771e-05 1.68526e-05 2.89117e-06 4.23137e-07 5.24133e-08 5.25552e-09
 1.81937e-11 1.97562e-09 1.26481e-07 4.77403e-06 0.000106239 0.00139389 0.010783 0.0491976 0.132578 0.212578 0.21019 0.148246 0.10211 0.0728377 0.0400028 0.0147693 0.00398043 0.000950002 0.0002172 4.51649e-05 8.42422e-06 1.3824e-06 1.91301e-07 2.16904e-08 1.98321e-09
 1.75006e-11 1.90035e-09 1.21662e-07 4.59214e-06 0.000102191 0.00134079 0.0103724 0.0473273 0.127584 0.204938 0.204373 0.14877 0.108481 0.0801703 0.0444514 0.0164091 0.00438698 0.00102065 0.000219922 4.11103e-05 6.68201e-06 9.66158e-07 1.21582e-07 1.28671e-08 1.10291e-09
 1.84735e-11 2.006e-09 1.28426e-07 4.84743e-06 0.000107872 0.00141532 0.0109487 0.0499526 0.134597 0.215685 0.212654 0.148356 0.10003 0.0702073 0.0380791 0.013663 0.00341509 0.000713871 0.000141151 2.51434e-05 3.88453e-06 5.15676e-07 5.74182e-08 5.31903e-09 4.06919e-10
 1.88585e-11 2.04781e-09 1.31102e-07 4.94846e-06 0.000110121 0.00144482 0.0111768 0.0509915 0.137372 0.219933 0.215903 0.148117 0.0965716 0.0661928 0.0355979 0.0126894 0.00312304 0.000631 0.000118155 1.9447e-05 2.72419e-06 3.31819e-07 3.44991e-08 2.95309e-09 2.02941e-10
 1.90436e-11 2.06791e-09 1.32389e-07 4.99703e-06 0.000111202 0.001459 0.0112865 0.051491 0.138707 0.221985 0.21751 0.148125 0.0950944 0.0643817 0.0343437 0.0120412 0.00283105 0.000523583 8.95473e-05 1.38933e-05 1.84811e-06 2.10294e-07 2.00392e-08 1.56197e-09 9.84451e-11
 1.99787e-11 2.16944e-09 1.3889e-07 5.24239e-06 0.000116662 0.00153063 0.0118405 0.054014 0.145444 0.232291 0.225357 0.147421 0.0865073 0.0545041 0.0283634 0.00984475 0.0022773 0.000406452 6.59151e-05 9.56978e-06 1.16877e-06 1.21791e-07 1.07958e-08 7.86218e-10 4.5803e-11
#obs surv len freq
 2.33143e-11 2.25246e-09 1.28301e-07 4.30864e-06 8.53086e-05 0.000995859 0.00685517 0.0278481 0.0670462 0.0978407 0.0963194 0.0884861 0.0979351 0.10762 0.1074 0.0984422 0.0793365 0.0563077 0.0357507 0.0195241 0.0085807 0.00284013 0.000665969 0.000105105 1.07457e-05
 5.36468e-12 4.9991e-10 2.7465e-08 8.89632e-07 1.69906e-05 0.000191378 0.00127327 0.00504448 0.0124071 0.0225513 0.042999 0.0864277 0.135426 0.156301 0.151528 0.13391 0.104218 0.0708121 0.0425426 0.0218839 0.00901196 0.00276552 0.000595216 8.5786e-05 8.00236e-06
 9.08026e-11 8.14718e-09 4.30977e-07 1.34413e-05 0.000247152 0.00267935 0.0171252 0.0645377 0.143449 0.188389 0.147775 0.0747269 0.0394607 0.047526 0.0691734 0.0743928 0.0583487 0.0369738 0.0204589 0.00973037 0.00370613 0.00104895 0.000207364 2.73382e-05 2.3261e-06
 1.07417e-10 9.26469e-09 4.71117e-07 1.41242e-05 0.000249657 0.00260183 0.0159902 0.0580109 0.124912 0.164214 0.14966 0.131134 0.125995 0.0977498 0.0538363 0.0275747 0.0192766 0.0143907 0.00861531 0.00395627 0.00138715 0.000358101 6.45746e-05 7.76741e-06 6.02708e-07
 1.33804e-10 1.10766e-08 5.40612e-07 1.55562e-05 0.000263913 0.00263985 0.015572 0.0542306 0.112164 0.14209 0.126607 0.112848 0.117603 0.113314 0.0927018 0.061823 0.0305716 0.0114137 0.00400759 0.00150108 0.000492334 0.000118495 1.95504e-05 2.13672e-06 1.50585e-07
 2.18316e-10 1.7321e-08 8.10212e-07 2.23441e-05 0.000363304 0.00348284 0.0196895 0.0657065 0.130126 0.157224 0.131505 0.107341 0.10421 0.0971064 0.0796974 0.0558147 0.0304155 0.0123164 0.00378311 0.000942725 0.000207054 3.94382e-05 5.73519e-06 5.69818e-07 3.65796e-08
 2.75164e-10 2.08945e-08 9.35429e-07 2.46905e-05 0.000384232 0.00352555 0.0190797 0.0610067 0.116304 0.138422 0.124007 0.119461 0.124518 0.110705 0.0832717 0.0541966 0.028555 0.0117049 0.00372978 0.000909823 0.000166745 2.31085e-05 2.4475e-06 1.92562e-07 1.05577e-08
 4.32176e-10 3.13686e-08 1.34236e-06 3.38675e-05 0.000503779 0.00441841 0.0228553 0.0698375 0.127107 0.14372 0.120435 0.108235 0.111343 0.104991 0.0857372 0.057135 0.0286893 0.0108375 0.0032156 0.000752968 0.000133081 1.69128e-05 1.50221e-06 9.22166e-08 3.88676e-09
 5.86916e-10 4.06706e-08 1.66159e-06 4.00229e-05 0.000568381 0.00475943 0.0235098 0.0686688 0.120087 0.133688 0.119018 0.119159 0.123978 0.109671 0.0832138 0.0531835 0.0265674 0.0101282 0.00297026 0.000663553 0.000109861 1.30521e-05 1.07587e-06 5.96798e-08 2.17861e-09
 9.95482e-10 6.57835e-08 2.56294e-06 5.88709e-05 0.000797275 0.00636641 0.0299869 0.083488 0.1389 0.14577 0.119181 0.109273 0.110669 0.100513 0.0776873 0.0472671 0.0209835 0.00687178 0.00176174 0.000360092 5.60571e-05 6.26423e-06 4.81306e-07 2.46972e-08 8.28043e-10
 1.35557e-09 8.53339e-08 3.1671e-06 6.93015e-05 0.000894075 0.00680158 0.03053 0.0811307 0.129868 0.135931 0.121923 0.125402 0.125905 0.104643 0.0728958 0.0407312 0.0168204 0.00506361 0.00115386 0.000203917 2.75314e-05 2.73462e-06 1.91295e-07 9.04957e-09 2.80429e-10
 2.11477e-09 1.26693e-07 4.47486e-06 9.31855e-05 0.00114411 0.00828309 0.0353835 0.0894855 0.136318 0.135773 0.116181 0.116138 0.118079 0.103662 0.0756162 0.0418852 0.0163483 0.00451494 0.000926101 0.000145331 1.71936e-05 1.4814e-06 8.99248e-08 3.73323e-09 1.03122e-10
 2.88064e-09 1.64084e-07 5.51038e-06 0.000109104 0.00127367 0.00876826 0.0356325 0.0859214 0.126197 0.126889 0.120077 0.130127 0.129629 0.106676 0.0725262 0.0377514 0.0139519 0.0036508 0.000701802 0.000101067 1.07391e-05 8.18103e-07 4.34853e-08 1.5731e-09 3.7852e-11
 3.68052e-09 1.9916e-07 6.35382e-06 0.000119512 0.00132543 0.00866934 0.0334908 0.0769791 0.109206 0.1115 0.115707 0.134881 0.140204 0.121166 0.0843336 0.0429284 0.0150488 0.00367989 0.00065685 8.75965e-05 8.57781e-06 5.96345e-07 2.85673e-08 9.20779e-10 1.95791e-11
 5.61667e-09 2.88504e-07 8.73703e-06 0.000155999 0.00164228 0.0101971 0.0374019 0.081696 0.110586 0.109323 0.112303 0.130631 0.137793 0.122083 0.0852052 0.0424293 0.0144401 0.00343034 0.000591468 7.49371e-05 6.8439e-06 4.38235e-07 1.92005e-08 5.6318e-10 1.08405e-11
 9.40262e-09 4.5814e-07 1.3161e-05 0.000222906 0.00222602 0.0131116 0.0456294 0.0946433 0.122111 0.116442 0.116608 0.130504 0.130868 0.109511 0.0716851 0.033251 0.0104703 0.00229111 0.00036493 4.31235e-05 3.70033e-06 2.22397e-07 9.07789e-09 2.45831e-10 4.33642e-12
 1.34133e-08 6.19578e-07 1.68732e-05 0.000270924 0.00256499 0.0143256 0.0473116 0.0935131 0.117148 0.114895 0.123353 0.139122 0.134069 0.10658 0.0662886 0.0293887 0.0089287 0.00189681 0.000291404 3.26008e-05 2.6027e-06 1.44434e-07 5.4437e-09 1.36394e-10 2.22692e-12
 1.75571e-08 7.68429e-07 1.98287e-05 0.000301674 0.00270639 0.0143265 0.0449003 0.0847261 0.104018 0.107221 0.124995 0.145614 0.142876 0.115074 0.0709597 0.0307893 0.00919726 0.00194188 0.000297066 3.27127e-05 2.52477e-06 1.3305e-07 4.69085e-09 1.08767e-10 1.63367e-12
 2.86511e-08 1.18767e-06 2.90263e-05 0.000418253 0.00355383 0.0178178 0.0528891 0.0945111 0.109802 0.107078 0.119522 0.137373 0.136766 0.111592 0.0683681 0.0293202 0.0087592 0.00187373 0.000290411 3.20272e-05 2.44124e-06 1.25446e-07 4.26014e-09 9.40127e-11 1.32913e-12
 4.99739e-08 1.96137e-06 4.53853e-05 0.000619192 0.00498139 0.0236481 0.0664805 0.11262 0.124467 0.116112 0.123069 0.131886 0.121185 0.0917597 0.0530864 0.0219544 0.00646037 0.00138275 0.000215464 2.38065e-05 1.80559e-06 9.15353e-08 3.03775e-09 6.48941e-11 8.8046e-13
 6.07916e-08 2.25848e-06 4.94692e-05 0.000638879 0.00486609 0.0218864 0.0585005 0.0958098 0.10922 0.11837 0.141793 0.151286 0.130924 0.0920516 0.0493318 0.0188945 0.00516515 0.00103831 0.000154559 1.65595e-05 1.22758e-06 6.09112e-08 1.97322e-09 4.09595e-11 5.37147e-13
 1.00655e-07 3.53916e-06 7.33685e-05 0.000896773 0.00646426 0.0275114 0.0695199 0.107179 0.113246 0.111885 0.127692 0.140183 0.129779 0.0943513 0.0489588 0.0172346 0.00418115 0.000734243 9.63184e-05 9.31257e-06 6.37851e-07 2.97474e-08 9.15448e-10 1.81537e-11 2.27909e-13
 1.50154e-07 4.99648e-06 9.80253e-05 0.00113393 0.00773649 0.0311812 0.0748094 0.110777 0.117033 0.121593 0.138758 0.140881 0.117882 0.0794845 0.0400231 0.0142708 0.00359587 0.00064697 8.26432e-05 7.37175e-06 4.52244e-07 1.88156e-08 5.21753e-10 9.4498e-12 1.09631e-13
 1.97813e-07 6.22937e-06 0.00011566 0.00126622 0.00817752 0.0312228 0.0712357 0.102021 0.11004 0.123493 0.146557 0.149363 0.123839 0.0801683 0.0373004 0.0119765 0.00270893 0.00044859 5.47098e-05 4.754e-06 2.82268e-07 1.11029e-08 2.83782e-10 4.65494e-12 4.85511e-14
 2.83056e-07 8.4362e-06 0.000148242 0.00153601 0.00938966 0.0339523 0.0735361 0.100995 0.107603 0.122411 0.145839 0.149601 0.12499 0.0799498 0.0360782 0.0111421 0.00240289 0.000372747 4.18164e-05 3.32721e-06 1.82666e-07 6.736e-09 1.62767e-10 2.52309e-12 2.46823e-14
 4.2285e-07 1.19284e-05 0.000198396 0.00194578 0.0112602 0.0385698 0.0793676 0.104823 0.110818 0.126964 0.148138 0.146607 0.117533 0.0716823 0.0307905 0.00909132 0.00188502 0.000281046 3.00211e-05 2.24127e-06 1.13841e-07 3.8493e-09 8.50999e-11 1.21088e-12 1.09364e-14
 5.39864e-07 1.44163e-05 0.00022698 0.0021075 0.0115509 0.037543 0.0739413 0.0967107 0.109243 0.135402 0.158912 0.152673 0.1173 0.0677602 0.02735 0.00756541 0.00147039 0.000206103 2.07625e-05 1.46281e-06 6.99105e-08 2.21084e-09 4.53748e-11 5.95191e-13 4.92981e-15
 7.42204e-07 1.87639e-05 0.000279698 0.00245882 0.0127625 0.0393274 0.0737967 0.0936709 0.106514 0.134217 0.159193 0.155763 0.120248 0.0676278 0.0259646 0.00675349 0.0012265 0.000159908 1.49429e-05 9.76218e-07 4.33147e-08 1.27355e-09 2.43167e-11 2.96531e-13 2.27885e-15
 1.07278e-06 2.56801e-05 0.000362456 0.00301727 0.0148348 0.043362 0.0776557 0.0961028 0.110197 0.138744 0.160137 0.151496 0.112826 0.0612567 0.0229025 0.00587439 0.00105695 0.000134902 1.20657e-05 7.39274e-07 3.03858e-08 8.23093e-10 1.44585e-11 1.62284e-13 1.14915e-15
#pred catch len freq
 5.63277e-12 6.11652e-10 3.91585e-08 1.47804e-06 3.28923e-05 0.0004316 0.00334049 0.0152799 0.0417105 0.0711961 0.0908328 0.119052 0.156965 0.159332 0.12172 0.0826477 0.0541184 0.0330387 0.0193983 0.0115207 0.00717052 0.00486083 0.0035456 0.00245403 0.00135101
 3.89009e-12 4.22417e-10 2.70436e-08 1.02077e-06 2.27162e-05 0.000298084 0.00230755 0.0105653 0.0289813 0.0505916 0.0695701 0.101972 0.144209 0.155934 0.134195 0.106806 0.078638 0.0510578 0.0299389 0.016275 0.00854285 0.00466548 0.00279678 0.00172224 0.000908617
 7.34513e-12 7.97593e-10 5.10627e-08 1.92736e-06 4.28909e-05 0.00056276 0.00435419 0.0198829 0.0538122 0.0881582 0.0960999 0.0923755 0.100529 0.106679 0.10336 0.096957 0.0835157 0.0635245 0.0424854 0.0245902 0.012459 0.00582953 0.0027557 0.00137718 0.000647647
 9.09e-12 9.87065e-10 6.31928e-08 2.38522e-06 5.30799e-05 0.000696451 0.0053887 0.0246097 0.0666439 0.109488 0.120708 0.118605 0.12717 0.119119 0.0865155 0.0591289 0.0468361 0.0400496 0.0317612 0.0215582 0.0121942 0.00576771 0.00239234 0.000947337 0.000363729
 9.63949e-12 1.04673e-09 6.70129e-08 2.5294e-06 5.62886e-05 0.000738552 0.00571446 0.0260976 0.0706762 0.116137 0.128152 0.126238 0.135904 0.128124 0.0932544 0.0597671 0.0379739 0.0245963 0.0174903 0.0129725 0.00857595 0.00461288 0.0019856 0.000709015 0.000222134
 1.12455e-11 1.22113e-09 7.81778e-08 2.95082e-06 6.56666e-05 0.000861588 0.00666604 0.030434 0.0822898 0.134176 0.143239 0.129537 0.128497 0.117856 0.085844 0.0556377 0.0352438 0.0210627 0.0121264 0.00725205 0.00457271 0.00270119 0.00130486 0.000487444 0.000141903
 1.14367e-11 1.24189e-09 7.95072e-08 3.001e-06 6.67833e-05 0.000876243 0.00677952 0.0309545 0.0837297 0.136785 0.147229 0.136004 0.137096 0.123778 0.0845089 0.0489048 0.028311 0.0163682 0.00907889 0.00478725 0.00247276 0.00129417 0.000636579 0.000256522 7.77273e-05
 1.09723e-11 1.19146e-09 7.62785e-08 2.87914e-06 6.40714e-05 0.000840665 0.00650444 0.0297027 0.0804021 0.131819 0.14406 0.138398 0.144727 0.131854 0.0888897 0.0494062 0.0265256 0.0138043 0.00690063 0.00336838 0.00157419 0.000701232 0.000300691 0.000117092 3.66738e-05
 1.1812e-11 1.28264e-09 8.21161e-08 3.09947e-06 6.89746e-05 0.000904992 0.00700189 0.0319681 0.0864482 0.14104 0.150944 0.137331 0.136424 0.122859 0.0843804 0.048823 0.0269525 0.013767 0.00640792 0.0028053 0.00116625 0.000459413 0.000169935 5.78883e-05 1.70403e-05
 1.30622e-11 1.4184e-09 9.08072e-08 3.42752e-06 7.62747e-05 0.00100077 0.00774266 0.0353445 0.0955016 0.155188 0.163183 0.14121 0.132351 0.114807 0.0749399 0.0397486 0.0204112 0.0103159 0.0048712 0.00209377 0.000806606 0.000281419 9.00812e-05 2.63014e-05 6.77742e-06
 1.38989e-11 1.50926e-09 9.66241e-08 3.64708e-06 8.11607e-05 0.00106487 0.00823844 0.037604 0.101556 0.164615 0.171181 0.143288 0.128914 0.10924 0.0695291 0.0349941 0.0165726 0.00764634 0.00333148 0.00137595 0.000522428 0.000174853 5.07342e-05 1.28157e-05 2.81462e-06
 1.40414e-11 1.52473e-09 9.76145e-08 3.68446e-06 8.19926e-05 0.00107579 0.0083229 0.0379897 0.1026 0.16633 0.173065 0.145083 0.130565 0.109925 0.068363 0.032537 0.0142163 0.00606164 0.00242091 0.000906714 0.000316551 0.000100424 2.78777e-05 6.52179e-06 1.26234e-06
 1.40261e-11 1.52306e-09 9.75079e-08 3.68044e-06 8.1903e-05 0.00107461 0.00831382 0.0379485 0.102492 0.166175 0.173003 0.145284 0.131026 0.110417 0.068665 0.0325824 0.014023 0.00573858 0.00213044 0.000726403 0.00022891 6.55371e-05 1.66902e-05 3.64947e-06 6.56082e-07
 1.32164e-11 1.43514e-09 9.18789e-08 3.46797e-06 7.71749e-05 0.00101258 0.00783412 0.0357637 0.0966564 0.157243 0.166173 0.145798 0.138318 0.118881 0.0738999 0.0346439 0.014648 0.00591005 0.00215545 0.000706224 0.000206921 5.35789e-05 1.22e-05 2.40006e-06 3.94375e-07
 1.30875e-11 1.42114e-09 9.09829e-08 3.43415e-06 7.64224e-05 0.00100271 0.00775776 0.0354157 0.0957242 0.155793 0.164952 0.145512 0.138922 0.119872 0.0749206 0.035516 0.0152027 0.00613862 0.00221175 0.000711405 0.000203126 5.01819e-05 1.05576e-05 1.86892e-06 2.74094e-07
 1.43012e-11 1.55294e-09 9.94204e-08 3.75263e-06 8.35094e-05 0.00109569 0.00847679 0.0386904 0.10447 0.169174 0.175152 0.144637 0.127832 0.107078 0.0671177 0.0325919 0.0144437 0.0059896 0.00219358 0.000709723 0.000201139 4.87232e-05 9.90935e-06 1.65693e-06 2.23087e-07
 1.5175e-11 1.64782e-09 1.05495e-07 3.98191e-06 8.86117e-05 0.00116263 0.00899455 0.0410506 0.1108 0.179084 0.18381 0.14763 0.12539 0.101622 0.0601559 0.0255712 0.00937391 0.00345425 0.0012429 0.000410947 0.000118863 2.90225e-05 5.86318e-06 9.58791e-07 1.2394e-07
 1.48982e-11 1.61777e-09 1.03571e-07 3.90929e-06 8.69957e-05 0.00114143 0.00883059 0.0403038 0.108806 0.176034 0.181487 0.147844 0.127972 0.10469 0.0622022 0.0264629 0.00951334 0.00323539 0.00100227 0.000284868 7.65309e-05 1.85818e-05 3.80747e-06 6.26906e-07 8.03818e-08
 1.45621e-11 1.58126e-09 1.01234e-07 3.82108e-06 8.50328e-05 0.00111567 0.00863146 0.0393971 0.106387 0.172356 0.178798 0.14846 0.131613 0.108613 0.0642107 0.0267614 0.00927706 0.00305415 0.000918739 0.000244507 5.79674e-05 1.22177e-05 2.28286e-06 3.65028e-07 4.68615e-08
 1.57442e-11 1.70963e-09 1.09452e-07 4.13128e-06 9.19357e-05 0.00120624 0.00933178 0.0425863 0.1149 0.185344 0.18852 0.147024 0.11993 0.0955963 0.0569278 0.0247928 0.00925497 0.00320612 0.000964682 0.000249202 5.65855e-05 1.11121e-05 1.85354e-06 2.6103e-07 3.05665e-08
 1.62727e-11 1.76702e-09 1.13126e-07 4.26995e-06 9.50215e-05 0.00124672 0.00964491 0.0440136 0.118726 0.19132 0.193672 0.148599 0.118077 0.0919817 0.0526622 0.0207373 0.00648857 0.00195548 0.000576538 0.000155048 3.61011e-05 6.99375e-06 1.11507e-06 1.45516e-07 1.53223e-08
 1.66699e-11 1.81015e-09 1.15887e-07 4.37417e-06 9.73408e-05 0.00127715 0.00988021 0.0450851 0.121586 0.195682 0.196932 0.148101 0.114137 0.0876385 0.0503143 0.0201789 0.00649029 0.00192951 0.000514653 0.000119857 2.54878e-05 4.88822e-06 7.91799e-07 1.02698e-07 1.03791e-08
 1.74756e-11 1.89764e-09 1.21489e-07 4.58559e-06 0.000102046 0.00133888 0.0103576 0.0472596 0.127399 0.204619 0.203959 0.148223 0.107845 0.0798496 0.0448252 0.0172401 0.00511041 0.00140123 0.000362526 8.32479e-05 1.66665e-05 2.85925e-06 4.18466e-07 5.18347e-08 5.19751e-09
 1.81546e-11 1.97138e-09 1.26209e-07 4.76377e-06 0.000106011 0.00139089 0.0107599 0.0490921 0.132297 0.212146 0.209861 0.148273 0.102466 0.0732488 0.0402538 0.0148639 0.00400602 0.000956116 0.000218598 4.54556e-05 8.47844e-06 1.39129e-06 1.92532e-07 2.183e-08 1.99597e-09
 1.78326e-11 1.9364e-09 1.2397e-07 4.67926e-06 0.00010413 0.00136622 0.010569 0.0482231 0.129976 0.208598 0.207165 0.148535 0.105454 0.0766778 0.042321 0.0156076 0.00417196 0.000970596 0.000209136 3.90941e-05 6.35431e-06 9.18774e-07 1.15619e-07 1.22361e-08 1.04882e-09
 1.86924e-11 2.02977e-09 1.29948e-07 4.90488e-06 0.000109151 0.00143209 0.0110785 0.0505434 0.136175 0.218099 0.214491 0.148191 0.0980179 0.0678936 0.0366789 0.0131494 0.00328619 0.000686907 0.000135819 2.41936e-05 3.73779e-06 4.96197e-07 5.52492e-08 5.1181e-09 3.91547e-10
 1.91858e-11 2.08335e-09 1.33378e-07 5.03434e-06 0.000112032 0.00146989 0.0113707 0.0518745 0.13973 0.22354 0.218648 0.147867 0.0935599 0.0627314 0.0335062 0.0119261 0.00293433 0.000592843 0.00011101 1.82709e-05 2.55944e-06 3.11752e-07 3.24127e-08 2.77449e-09 1.90668e-10
 1.93976e-11 2.10634e-09 1.3485e-07 5.08991e-06 0.000113268 0.00148611 0.0114962 0.0524461 0.141257 0.225885 0.220475 0.147844 0.0918219 0.0606281 0.0320862 0.0112303 0.0026395 0.000488127 8.34827e-05 1.29523e-05 1.72295e-06 1.96052e-07 1.8682e-08 1.45618e-09 9.17778e-11
 1.93978e-11 2.10636e-09 1.34851e-07 5.08996e-06 0.00011327 0.00148613 0.0114963 0.0524466 0.141259 0.22589 0.220493 0.147887 0.0918861 0.0606696 0.032066 0.0111683 0.00258522 0.000461466 7.4838e-05 1.08653e-05 1.32699e-06 1.38279e-07 1.22572e-08 8.9265e-10 5.20034e-11
#obs catch len freq
 1.50646e-11 1.45543e-09 8.2902e-08 2.78405e-06 5.51228e-05 0.000643505 0.00443049 0.0180161 0.0436075 0.0654095 0.0721884 0.0842933 0.109218 0.12298 0.12098 0.111566 0.0930784 0.0684377 0.0443182 0.0246719 0.011181 0.00383217 0.000925306 0.000149138 1.54692e-05
 1.5964e-11 1.48761e-09 8.17289e-08 2.64729e-06 5.05562e-05 0.000569281 0.00378128 0.0148487 0.0348901 0.0521105 0.0622289 0.083867 0.116168 0.133725 0.133653 0.121398 0.0966473 0.0678095 0.0423706 0.0225497 0.00954771 0.00300995 0.000665589 9.8316e-05 9.35787e-06
 1.59583e-12 1.43185e-10 7.57443e-09 2.3625e-07 4.34599e-06 4.7227e-05 0.000305749 0.00123153 0.0036899 0.011608 0.0375765 0.0902957 0.143847 0.164156 0.157855 0.138061 0.105999 0.0710593 0.0419532 0.0210022 0.00831676 0.00242665 0.000492034 6.63413e-05 5.76003e-06
 2.00387e-11 1.72834e-09 8.78873e-08 2.63489e-06 4.65738e-05 0.000485377 0.00298307 0.0108235 0.0233223 0.0308259 0.0294319 0.0337248 0.062252 0.12088 0.180146 0.188429 0.144293 0.0899221 0.0488683 0.0226025 0.00826947 0.00222303 0.000413663 5.0992e-05 4.03727e-06
 5.1058e-11 4.22672e-09 2.06291e-07 5.93611e-06 0.000100712 0.00100767 0.00595282 0.0208938 0.0450029 0.0685129 0.102941 0.165775 0.205935 0.165349 0.0902159 0.0470729 0.0334838 0.0245033 0.0142123 0.00630006 0.00211709 0.00051877 8.80206e-05 9.89655e-06 7.14427e-07
 1.57059e-10 1.24609e-08 5.82875e-07 1.60746e-05 0.000261367 0.00250573 0.0141691 0.0473464 0.0944203 0.118132 0.113232 0.119096 0.13504 0.130765 0.105408 0.0684449 0.0327772 0.0120018 0.004212 0.00155318 0.000488639 0.000111348 1.72653e-05 1.76326e-06 1.15603e-07
 2.83849e-10 2.1554e-08 9.64954e-07 2.54698e-05 0.000396358 0.00363677 0.0196803 0.0629034 0.119686 0.141083 0.12201 0.111394 0.115353 0.1078 0.0874078 0.0598252 0.0315975 0.012382 0.00369016 0.000896705 0.000191726 3.50075e-05 4.80235e-06 4.45972e-07 2.66279e-08
 3.27435e-10 2.37662e-08 1.01703e-06 2.56595e-05 0.000381691 0.00334787 0.0173243 0.0530439 0.0975641 0.116017 0.115064 0.129458 0.142122 0.12563 0.0932339 0.0594386 0.0304522 0.0121101 0.00373245 0.000876337 0.000154031 2.04101e-05 2.05382e-06 1.52072e-07 7.78071e-09
 5.70736e-10 3.95495e-08 1.61579e-06 3.89196e-05 0.000552712 0.0046282 0.022861 0.0667645 0.116675 0.129475 0.11424 0.114076 0.121977 0.114347 0.091731 0.0593867 0.0288364 0.0105561 0.00303557 0.000684757 0.000115656 1.39562e-05 1.17136e-06 6.76484e-08 2.66934e-09
 8.32442e-10 5.50095e-08 2.14318e-06 4.92291e-05 0.000666706 0.00532409 0.0250846 0.0699462 0.117291 0.127714 0.117263 0.123282 0.128437 0.111861 0.0834298 0.0519568 0.0251365 0.00926963 0.00262342 0.000562743 8.89299e-05 1.0023e-05 7.79303e-07 4.05808e-08 1.38528e-09
 1.47307e-09 9.27307e-08 3.44162e-06 7.53084e-05 0.000971564 0.00739073 0.0331667 0.0880281 0.140019 0.142371 0.117301 0.110924 0.112238 0.100332 0.0757487 0.0445301 0.0190356 0.00602572 0.00149618 0.000294515 4.37611e-05 4.63269e-06 3.35328e-07 1.61386e-08 5.05667e-10
 2.02855e-09 1.21528e-07 4.29243e-06 8.93866e-05 0.00109748 0.00794579 0.0339495 0.0859491 0.131628 0.134186 0.121935 0.12727 0.125768 0.102372 0.0696948 0.0376695 0.0149632 0.00433847 0.000953637 0.000162109 2.09233e-05 1.97273e-06 1.30126e-07 5.7734e-09 1.67116e-10
 3.2531e-09 1.85299e-07 6.22285e-06 0.00012321 0.00143832 0.00990107 0.0402205 0.0967922 0.140758 0.135656 0.115853 0.116145 0.116129 0.0998476 0.0707762 0.0376753 0.014082 0.00373465 0.000737413 0.000111116 1.25491e-05 1.02588e-06 5.87595e-08 2.29032e-09 5.91458e-11
 4.4892e-09 2.42919e-07 7.74987e-06 0.000145771 0.00161662 0.010573 0.040827 0.0936283 0.131345 0.128207 0.120908 0.129626 0.125979 0.101296 0.0669163 0.0334768 0.0118425 0.00297157 0.000548501 7.56389e-05 7.65651e-06 5.52749e-07 2.77086e-08 9.41146e-10 2.11803e-11
 5.85933e-09 3.00968e-07 9.1145e-06 0.000162738 0.00171324 0.0106378 0.0390198 0.0852468 0.115496 0.11447 0.11752 0.134277 0.136038 0.114674 0.077113 0.0375442 0.0125625 0.00294096 0.00050357 6.42473e-05 5.98581e-06 3.93791e-07 1.7769e-08 5.37357e-10 1.06842e-11
 9.14638e-09 4.45655e-07 1.28023e-05 0.000216831 0.00216536 0.0127542 0.0443851 0.0920555 0.118735 0.113156 0.113582 0.128692 0.132268 0.114026 0.0765727 0.0363844 0.0118089 0.00268303 0.000442838 5.35373e-05 4.64268e-06 2.80968e-07 1.15861e-08 3.18652e-10 5.73254e-12
 1.52625e-08 7.04998e-07 1.91995e-05 0.000308273 0.0029185 0.0162974 0.0537794 0.10586 0.130097 0.119568 0.116857 0.127191 0.124138 0.100944 0.0634869 0.0280592 0.008415 0.00175996 0.000268412 3.0277e-05 2.46593e-06 1.39922e-07 5.36882e-09 1.36187e-10 2.2437e-12
 2.17865e-08 9.53537e-07 2.46052e-05 0.000374341 0.00335814 0.0177723 0.055632 0.104344 0.124658 0.118196 0.123744 0.13531 0.126736 0.0978465 0.0584624 0.0247028 0.0071495 0.00145054 0.000212888 2.26762e-05 1.71556e-06 8.98228e-08 3.18152e-09 7.46462e-11 1.13778e-12
 2.88198e-08 1.19466e-06 2.91972e-05 0.000420717 0.00357483 0.0179245 0.0532272 0.0953017 0.11165 0.111261 0.125958 0.142056 0.13551 0.105735 0.062465 0.0258128 0.00734899 0.00148189 0.000216245 2.2617e-05 1.65007e-06 8.18702e-08 2.7084e-09 5.87484e-11 8.23298e-13
 4.73109e-08 1.85685e-06 4.29668e-05 0.000586197 0.00471594 0.022388 0.0629389 0.10663 0.11793 0.110543 0.119294 0.132815 0.128579 0.101356 0.0593695 0.0242532 0.00691239 0.00141201 0.000208402 2.17799e-05 1.56606e-06 7.56247e-08 2.40566e-09 4.95892e-11 6.53347e-13
 8.22142e-08 3.05436e-06 6.69013e-05 0.00086398 0.00657948 0.0295677 0.0787005 0.126327 0.132668 0.118352 0.120494 0.124618 0.111216 0.0814275 0.0451135 0.0178042 0.00500555 0.00102337 0.000151718 1.58631e-05 1.1331e-06 5.38915e-08 1.67258e-09 3.3328e-11 4.2088e-13
 1.02783e-07 3.614e-06 7.49201e-05 0.000915748 0.00660137 0.0281019 0.0710988 0.110237 0.118959 0.121967 0.138708 0.142025 0.119059 0.0808262 0.0414458 0.0151413 0.00395585 0.000760482 0.000107833 1.09376e-05 7.6333e-07 3.55014e-08 1.07433e-09 2.07773e-11 2.53335e-13
 1.6869e-07 5.61327e-06 0.000110125 0.00127387 0.0086901 0.0350019 0.0837104 0.122148 0.122113 0.11415 0.124113 0.13138 0.117655 0.0819859 0.0404309 0.0135115 0.0031237 0.000524434 6.56566e-05 6.02334e-06 3.88993e-07 1.70162e-08 4.8921e-10 9.0354e-12 1.05405e-13
 2.54704e-07 8.02093e-06 0.000148922 0.0016303 0.0105265 0.0401491 0.0911339 0.127509 0.126618 0.122837 0.132155 0.128746 0.10423 0.0676155 0.0324968 0.0110343 0.00264825 0.000453178 5.48742e-05 4.62363e-06 2.6708e-07 1.04275e-08 2.7039e-10 4.56451e-12 4.92243e-14
 3.40202e-07 1.01394e-05 0.000178169 0.00184604 0.011283 0.040767 0.0879687 0.118829 0.119793 0.124781 0.139576 0.136571 0.109253 0.0677168 0.0299579 0.00914497 0.00197301 0.000311859 3.61446e-05 2.96571e-06 1.65391e-07 6.08755e-09 1.452e-10 2.21778e-12 2.1498e-14
 4.94271e-07 1.39431e-05 0.000231903 0.0022743 0.0131584 0.0450228 0.0921733 0.11906 0.11753 0.122863 0.137631 0.135557 0.109024 0.0665741 0.0285205 0.00836468 0.00171716 0.000253579 2.69935e-05 2.02856e-06 1.04707e-07 3.61524e-09 8.15056e-11 1.17551e-12 1.06767e-14
 7.42122e-07 1.98173e-05 0.000312008 0.00289663 0.0158666 0.0514255 0.0999653 0.123805 0.120299 0.125727 0.137652 0.13067 0.10069 0.058564 0.0238787 0.00669744 0.00132163 0.000187361 1.89547e-05 1.33398e-06 6.36159e-08 2.0127e-09 4.15124e-11 5.49662e-13 4.6099e-15
 9.6412e-07 2.43742e-05 0.000363318 0.00319362 0.016569 0.050947 0.0946551 0.115427 0.118538 0.133693 0.147539 0.135926 0.100197 0.055112 0.0210977 0.00554144 0.00102486 0.000136579 1.30271e-05 8.64684e-07 3.87654e-08 1.14597e-09 2.19233e-11 2.67435e-13 2.05607e-15
 1.33713e-06 3.2008e-05 0.000451758 0.0037602 0.0184764 0.0538556 0.0952327 0.11224 0.115247 0.132046 0.147646 0.1385 0.102236 0.0545784 0.0198405 0.00489519 0.000845206 0.000104689 9.25793e-06 5.69659e-07 2.3706e-08 6.51414e-10 1.15902e-11 1.31392e-13 9.36898e-16
#spawning biomass
 12434.4 8864.83 7932.32 8205.22 10782.5 17070.1 24784.7 29571.6 37253.4 43395.4 58632.5 76810.6 101397 117299 115141 125904 108569 112243 96561.5 100635 87380.5 98102.3 99455.9 100150 109054 95328.6 103445 107141 127021 201325 363955 395726 377062 332734 281310 233281 193093 161628 138053 120924 108750 100238 94356.1 90300.1 87496 85636.8 84404 83586.7 83044.7 82685.4 82447.1 82289.1 82184.4 82114.9 82068.9 82038.3 82018.1 82004.7 81995.8 81989.9 81985.9 81983.3 81981.6 81980.5 81979.7 81979.2 81978.9 81978.7 81978.5 81978.4 81978.4 81978.3 81978.3 81978.3 81978.3 81978.3 81978.3 81978.2 81978.2 81978.2 81978.2 81978.2 81978.2 81978.2 81978.2 81978.2 81978.2 81978.2 81978.2 81978.2 81978.2 81978.2 81978.2 81978.2 81978.2 81978.2 81978.2 81978.2 81978.2 81978.2 81978.2 81978.2 81978.2 81978.2 81978.2 81978.2 81978.2 81978.2 81978.2 81978.2 81978.2 81978.2 81978.2 81978.2 81978.2 81978.2 81978.2 81978.2 81978.2 81978.2 81978.2 81978.2 81978.2 81978.2 81978.2 81978.2 81978.2 81978.2 81978.2 0 0 0 0 0 0 0 0 0 0 0 0 0 0 0 0 0 0 0 0 0 0 0 0 0
