SBPRF35
0.256306
Curr Bio
101518
B35
178428
F35
0.482712
FOFL
0.245506
OFL
21594.6
Bzero
73230.3
#pred survey bio
 57351.1 40661.8 45202.5 46955.9 50706.2 50407.9 52612.8 59581.3 61561.5 70782.5 82940.6 97761.9 90652.7 94126.6 103357 114325 113508 135671 130772 148730 163843 162101 162067 168239 172586 176723 184000 177463 5.98068e+06 3.69394e+06 2.72348e+06 1.88566e+06 1.36452e+06 1.07688e+06 926197 848378 807737 785893 773689 766581 762277 759586 757860 756730 755987 755494 755165 754944 754795 754695 754628 754582 754551 754530 754516 754507 754500 754496 754493 754491 754490 754489 754488 754488 754487 754487 754487 754487 754487 754487 754487 754487 754487 754487 754487 754487 754487 754487 754487 754487 754487 754487 754487 754487 754487 754487 754487 754487 754487 754487 754487 754487 754487 754487 754487 754487 754487 754487 754487 754487 754487 754487 754487 754487 754487 754487 754487 754487 754487 754487 754487 754487 754487 754487 754487 754487 754487 754487 754487 754487 754487 754487 754487 754487 754487 754487 754487 754487 0 0 0 0 0 0 0 0 0 0 0 0 0 0 0 0 0 0 0 0 0 0 0 0 0
#obs survey bio
 52408.5 48068.9 62887.4 64367.5 63043.7 51206 67327.1 59217.6 48143.9 65441.1 69896.5 99185.5 81995.8 94171.5 86139.7 136624 157630 136447 146144 199751 202021 151313 140173 123131 193270 157770 206545 189808
#pred catch bio
 37086.3 21953.2 25793.5 25908 29081.3 28758 29028.5 34823.8 32961.8 37855 43423.5 58539.9 51738.1 51689.3 55494.8 65315.4 55470.5 78827.5 67944.1 77665.5 89741 87738.4 86463.5 93512.1 95089.9 96674.4 102580 100677 21594.6 51862.1 37517.5 24370.2 16570.7 12539.2 10606 9720.95 9327.61 9156.22 9082.52 9051.12 9037.82 9032.22 9029.86 9028.87 9028.45 9028.28 9028.21 9028.18 9028.17 9028.16 9028.16 9028.16 9028.16 9028.16 9028.16 9028.16 9028.16 9028.16 9028.16 9028.16 9028.16 9028.16 9028.16 9028.16 9028.16 9028.16 9028.16 9028.16 9028.16 9028.16 9028.16 9028.16 9028.16 9028.16 9028.16 9028.16 9028.16 9028.16 9028.16 9028.16 9028.16 9028.16 9028.16 9028.16 9028.16 9028.16 9028.16 9028.16 9028.16 9028.16 9028.16 9028.16 9028.16 9028.16 9028.16 9028.16 9028.16 9028.16 9028.16 9028.16 9028.16 9028.16 9028.16 9028.16 9028.16 9028.16 9028.16 9028.16 9028.16 9028.16 9028.16 9028.16 9028.16 9028.16 9028.16 9028.16 9028.16 9028.16 9028.16 9028.16 9028.16 9028.16 9028.16 9028.16 9028.16 9028.16 9028.16 9028.16 0 0 0 0 0 0 0 0 0 0 0 0 0 0 0 0 0 0 0 0 0 0 0 0 0
#obs catch bio
 21963.3 21966.4 25565.4 24716.6 27786.8 27317.5 28288 35074.3 33176.3 37927.2 44377.2 58172.6 50329.1 50751.5 55178 65176.9 52409.4 77275.6 66950.7 74228.8 85319.3 82861.1 83810.9 96906.1 97802.1 99962.4 102394 100404
#pred cpue bio
 44885 27085.1 30007.4 31004.4 33707.5 33729.8 34649.8 38926.4 40197.5 46813.6 54406 64769.9 60491.7 62122.4 68468.9 76449.6 76112.3 92161.5 87487.5 99994.9 111141 111499 111546 115008 115850 119689 124183 122071 4.05846e+06 3.42312e+06 2.60018e+06 1.76823e+06 1.24728e+06 959643 808956 731137 690496 668653 656448 649340 645036 642346 640619 639489 638746 638253 637924 637703 637555 637454 637387 637341 637310 637289 637275 637266 637259 637255 637252 637250 637249 637248 637247 637247 637246 637246 637246 637246 637246 637246 637246 637246 637246 637246 637246 637246 637246 637246 637246 637246 637246 637246 637246 637246 637246 637246 637246 637246 637246 637246 637246 637246 637246 637246 637246 637246 637246 637246 637246 637246 637246 637246 637246 637246 637246 637246 637246 637246 637246 637246 637246 637246 637246 637246 637246 637246 637246 637246 637246 637246 637246 637246 637246 637246 637246 637246 637246 637246 0 0 0 0 0 0 0 0 0 0 0 0 0 0 0 0 0 0 0 0 0 0 0 0 0
#obs cpue bio
 26662.5 23583.1 24795.5 27962.3 33468.2 39482.9 28413.6 37334.1 46261.7 51991.8 55151.3 76846.2 74328.4 64198.6 80878.5 69568.9 70443.5 100162 74428 102018 110646 150682 131317 122628 94084.8 116346 123688 113587
#pred surv len freq
 3.70035e-11 1.74047e-09 5.6686e-08 1.27841e-06 1.99642e-05 0.000215885 0.00161653 0.00838216 0.030103 0.0749265 0.129588 0.157339 0.139319 0.101384 0.0755843 0.0630316 0.0517122 0.0398006 0.0304994 0.0241468 0.019925 0.0172689 0.0150992 0.012071 0.00796581
 4.31977e-11 2.03182e-09 6.61749e-08 1.49241e-06 2.33061e-05 0.000252023 0.00188712 0.00978521 0.0351408 0.0874566 0.151196 0.183273 0.161273 0.114977 0.0817859 0.0631853 0.0453677 0.0273503 0.0147227 0.00814562 0.00504603 0.00350052 0.00259643 0.00186938 0.00116384
 4.24391e-11 1.99613e-09 6.50128e-08 1.4662e-06 2.28968e-05 0.000247597 0.00185399 0.00961347 0.0345251 0.0859351 0.148639 0.18052 0.159971 0.116453 0.0859242 0.0683573 0.0496496 0.0297633 0.015247 0.00720752 0.00326564 0.00147345 0.000723131 0.000394477 0.000211699
 4.26411e-11 2.00563e-09 6.53221e-08 1.47318e-06 2.30058e-05 0.000248775 0.00186281 0.0096592 0.0346892 0.0863419 0.149332 0.181312 0.160514 0.116511 0.0855569 0.0678465 0.049273 0.0296041 0.0152034 0.00713362 0.00308114 0.00119208 0.000418927 0.00014341 5.09664e-05
 4.22796e-11 1.98863e-09 6.47684e-08 1.46069e-06 2.28107e-05 0.000246666 0.00184702 0.00957734 0.0343955 0.0856137 0.148092 0.179896 0.159549 0.116432 0.0862969 0.0689703 0.0503458 0.0304297 0.0157683 0.00747287 0.00324427 0.00124063 0.000409859 0.000117524 2.98116e-05
 4.1859e-11 1.96885e-09 6.41241e-08 1.44616e-06 2.25838e-05 0.000244212 0.00182865 0.0094821 0.0340539 0.0847675 0.146656 0.178285 0.158549 0.116607 0.0875385 0.0705859 0.0516128 0.0311003 0.0160216 0.00755366 0.00327599 0.00125564 0.000414378 0.000116381 2.74475e-05
 4.28481e-11 2.01537e-09 6.56393e-08 1.48033e-06 2.31175e-05 0.000249983 0.00187185 0.00970607 0.0348573 0.0867576 0.150034 0.182081 0.160928 0.116252 0.0846962 0.0668443 0.0486253 0.0294526 0.0153447 0.00731748 0.00319174 0.00122349 0.000402894 0.000112819 2.64014e-05
 4.32516e-11 2.03435e-09 6.62574e-08 1.49427e-06 2.33352e-05 0.000252337 0.00188948 0.00979744 0.0351851 0.0875707 0.151419 0.183666 0.162017 0.11637 0.0839106 0.0656173 0.04742 0.0284981 0.0146933 0.00694833 0.00302835 0.00116814 0.000387982 0.000109339 2.56444e-05
 4.31255e-11 2.02842e-09 6.60642e-08 1.48991e-06 2.32671e-05 0.000251601 0.00188397 0.0097689 0.0350829 0.0873191 0.151003 0.183251 0.161936 0.116904 0.084983 0.0666969 0.0479104 0.0282712 0.0141103 0.0064178 0.0027094 0.00102354 0.000335901 9.42394e-05 2.21319e-05
 4.25596e-11 2.0018e-09 6.51973e-08 1.47036e-06 2.29618e-05 0.0002483 0.00185925 0.00964075 0.034623 0.0861774 0.14905 0.180982 0.160259 0.116414 0.0856178 0.0680366 0.0495666 0.0299436 0.0154872 0.00728846 0.00311736 0.00116499 0.000373104 0.000101991 2.348e-05
 4.31123e-11 2.0278e-09 6.60441e-08 1.48946e-06 2.326e-05 0.000251524 0.0018834 0.0097659 0.0350719 0.0872891 0.150934 0.183086 0.161533 0.11609 0.0838371 0.0657542 0.0477979 0.0290594 0.0152556 0.0073451 0.00323039 0.00124343 0.000408227 0.000112916 2.58917e-05
 4.25203e-11 1.99995e-09 6.51372e-08 1.46901e-06 2.29406e-05 0.000248071 0.00185754 0.00963185 0.034591 0.0860978 0.148912 0.18081 0.160097 0.116275 0.0854946 0.0679467 0.0495541 0.0300396 0.0156813 0.00752627 0.0033258 0.00129864 0.000435996 0.000123812 2.91013e-05
 4.19041e-11 1.97097e-09 6.41932e-08 1.44772e-06 2.26082e-05 0.000244476 0.00183062 0.00949234 0.0340908 0.0848602 0.146823 0.178518 0.15885 0.117014 0.0880195 0.0709205 0.0515384 0.0306096 0.0153947 0.00707344 0.00302068 0.00115554 0.000384436 0.000109329 2.59813e-05
 4.27101e-11 2.00888e-09 6.54279e-08 1.47556e-06 2.3043e-05 0.000249178 0.00186583 0.00967483 0.0347452 0.0864801 0.149563 0.181551 0.160593 0.116297 0.0850927 0.067386 0.0490908 0.0297408 0.0154658 0.00732684 0.00315392 0.00118658 0.000383216 0.000105861 2.46642e-05
 4.24865e-11 1.99836e-09 6.50854e-08 1.46784e-06 2.29224e-05 0.000247873 0.00185606 0.0096242 0.0345636 0.0860303 0.1488 0.180696 0.160066 0.1164 0.0857579 0.0682231 0.0497009 0.0300187 0.0155639 0.00739958 0.00323282 0.00124422 0.000410104 0.000114126 2.63637e-05
 4.20041e-11 1.97567e-09 6.43464e-08 1.45117e-06 2.26621e-05 0.000245059 0.00183499 0.00951495 0.0341716 0.0850581 0.147142 0.178796 0.158749 0.116228 0.0866486 0.0696391 0.0511095 0.0311579 0.0163696 0.00788589 0.0034752 0.00134581 0.000447561 0.000126275 2.96298e-05
 4.17819e-11 1.96522e-09 6.40059e-08 1.44349e-06 2.25422e-05 0.000243762 0.00182528 0.00946463 0.0339912 0.0846116 0.146388 0.177966 0.158289 0.11647 0.0875189 0.0706647 0.0517876 0.031351 0.0162875 0.00776975 0.00341537 0.00132869 0.000445412 0.000126759 3.00096e-05
 4.13186e-11 1.94343e-09 6.32962e-08 1.42749e-06 2.22923e-05 0.000241059 0.00180504 0.00935969 0.0336143 0.083674 0.144769 0.176013 0.156607 0.115387 0.0870478 0.0709188 0.0529852 0.0333206 0.018339 0.00926053 0.00421396 0.0016621 0.000559819 0.000159954 3.8097e-05
 4.19914e-11 1.97508e-09 6.4327e-08 1.45073e-06 2.26553e-05 0.000244985 0.00183443 0.00951209 0.0341614 0.0850328 0.1471 0.178753 0.158735 0.116263 0.0867111 0.069655 0.0510175 0.0310008 0.0162762 0.00792826 0.00359844 0.00145688 0.000508599 0.000149678 3.62996e-05
 4.18163e-11 1.96684e-09 6.40587e-08 1.44468e-06 2.25608e-05 0.000243963 0.00182678 0.00947242 0.0340189 0.0846782 0.146487 0.178009 0.15808 0.115814 0.0864893 0.0697534 0.05156 0.0318842 0.0171372 0.00847113 0.00382137 0.00151682 0.000521198 0.000153496 3.78574e-05
 4.12999e-11 1.94255e-09 6.32675e-08 1.42684e-06 2.22822e-05 0.00024095 0.00180422 0.00935547 0.0335993 0.0836382 0.144718 0.176001 0.156754 0.115813 0.087695 0.0714502 0.0530266 0.0328583 0.0177318 0.00884466 0.00404606 0.00162938 0.000564403 0.000165935 4.0635e-05
 4.03988e-11 1.90017e-09 6.18872e-08 1.39571e-06 2.1796e-05 0.000235693 0.00176486 0.00915143 0.0328674 0.0818246 0.141637 0.172523 0.154522 0.115994 0.0900802 0.0746899 0.0557266 0.0344936 0.0185389 0.00920921 0.00420728 0.00169933 0.000592943 0.000176021 4.3473e-05
 4.05131e-11 1.90554e-09 6.20624e-08 1.39966e-06 2.18577e-05 0.00023636 0.00176986 0.00917731 0.0329601 0.0820524 0.142012 0.172889 0.154564 0.115439 0.0890089 0.0736376 0.0552924 0.0347899 0.019172 0.00975275 0.00451537 0.00183134 0.000639413 0.000190095 4.71389e-05
 4.09769e-11 1.92736e-09 6.27728e-08 1.41568e-06 2.21079e-05 0.000239066 0.00179011 0.00928232 0.0333368 0.0829859 0.143598 0.17468 0.155713 0.115345 0.0877687 0.0719261 0.0538176 0.0338544 0.0187181 0.00961012 0.00452167 0.00187212 0.000666783 0.000201091 5.02663e-05
 4.19409e-11 1.9727e-09 6.42495e-08 1.44899e-06 2.2628e-05 0.00024469 0.00183222 0.00950063 0.0341201 0.0849289 0.146913 0.178489 0.158387 0.115782 0.0861311 0.069229 0.0510514 0.0315159 0.0169727 0.00849726 0.0039423 0.00162941 0.000584863 0.000178876 4.54531e-05
 4.12748e-11 1.94137e-09 6.32291e-08 1.42597e-06 2.22686e-05 0.000240804 0.00180313 0.00934981 0.0335792 0.0835896 0.144645 0.175963 0.156884 0.116241 0.0883741 0.0720555 0.0531831 0.0325069 0.0171594 0.00836666 0.00377693 0.00152137 0.0005347 0.000161564 4.09802e-05
 4.1582e-11 1.95582e-09 6.36998e-08 1.43659e-06 2.24344e-05 0.000242596 0.00181655 0.00941936 0.0338286 0.0842065 0.145685 0.177103 0.157496 0.115852 0.0870952 0.0705803 0.0522522 0.0323113 0.0173614 0.00858552 0.00387744 0.00154002 0.000528708 0.000155639 3.85807e-05
 4.03119e-11 1.89608e-09 6.17541e-08 1.39271e-06 2.17492e-05 0.000235187 0.00176107 0.00913177 0.032797 0.0816509 0.141348 0.172225 0.154429 0.116281 0.0907024 0.0753367 0.0560524 0.0344187 0.0182568 0.00893943 0.00403646 0.00161388 0.000556967 0.000163442 3.9996e-05
#obs surv len freq
 4.15157e-11 1.9527e-09 6.35981e-08 1.4343e-06 2.23986e-05 0.00024221 0.00181365 0.00940435 0.0337749 0.0840738 0.145463 0.17687 0.157405 0.116025 0.0874906 0.0709738 0.0524064 0.032202 0.0171689 0.00847393 0.00386484 0.00156587 0.00055055 0.000165808 4.19981e-05
 4.09599e-11 1.92655e-09 6.27466e-08 1.4151e-06 2.20987e-05 0.000238967 0.00178937 0.00927849 0.0333235 0.0829561 0.14357 0.174758 0.156139 0.116382 0.0893252 0.0732985 0.0541732 0.0330436 0.0173549 0.00839695 0.00375211 0.00149091 0.000514802 0.000152394 3.78752e-05
 4.23361e-11 1.99129e-09 6.48549e-08 1.46264e-06 2.28412e-05 0.000246996 0.00184949 0.00959011 0.0344413 0.0857248 0.148267 0.18003 0.159418 0.115822 0.0852764 0.0680214 0.050024 0.030838 0.0165203 0.00813837 0.00365711 0.00144213 0.000489967 0.000142223 3.46561e-05
 4.14818e-11 1.9511e-09 6.35461e-08 1.43313e-06 2.23803e-05 0.000242012 0.00181217 0.00939669 0.0337477 0.0840092 0.145373 0.17686 0.157715 0.116901 0.0888443 0.0721724 0.0527145 0.0315043 0.0160264 0.00749798 0.00327669 0.00128591 0.000438459 0.000127274 3.07741e-05
 4.27815e-11 2.01223e-09 6.55371e-08 1.47803e-06 2.30815e-05 0.000249594 0.00186894 0.00969098 0.0348034 0.0866247 0.149814 0.181862 0.160887 0.11654 0.0852727 0.0674291 0.0489 0.0293422 0.0150318 0.00701919 0.00300364 0.00113554 0.000371854 0.000104758 2.49384e-05
 4.12606e-11 1.9407e-09 6.32073e-08 1.42548e-06 2.2261e-05 0.000240721 0.00180251 0.0093466 0.033568 0.0835632 0.144611 0.175979 0.157078 0.116753 0.0891631 0.0727812 0.0534361 0.0321931 0.0165397 0.00775942 0.00334084 0.00126773 0.000413094 0.000114346 2.64883e-05
 4.28889e-11 2.01729e-09 6.57017e-08 1.48174e-06 2.31395e-05 0.000250221 0.00187364 0.00971531 0.0348906 0.0868403 0.150176 0.182254 0.16108 0.116356 0.0847514 0.0668371 0.0485307 0.0292821 0.0151578 0.00717308 0.00310657 0.00118247 0.000386053 0.000106925 2.46926e-05
 4.29598e-11 2.02062e-09 6.58103e-08 1.48419e-06 2.31777e-05 0.000250634 0.00187673 0.00973138 0.0349484 0.0869853 0.150435 0.182602 0.161497 0.116873 0.085329 0.0672133 0.048391 0.0286285 0.0143487 0.00656254 0.00278442 0.00105451 0.000345376 9.61331e-05 2.22807e-05
 4.20311e-11 1.97694e-09 6.43876e-08 1.4521e-06 2.26767e-05 0.000245216 0.00183616 0.00952106 0.0341939 0.0851149 0.147252 0.178983 0.159084 0.116816 0.0874432 0.0702918 0.0511994 0.0306224 0.015554 0.0071781 0.00303149 0.00112755 0.00036094 9.86649e-05 2.26648e-05
 4.10977e-11 1.93304e-09 6.29578e-08 1.41986e-06 2.21731e-05 0.000239771 0.00179539 0.0093097 0.0334355 0.0832338 0.144043 0.1753 0.156513 0.116431 0.0890851 0.0729515 0.0538873 0.0328529 0.0171911 0.00821051 0.0035653 0.00134997 0.000435585 0.000118762 2.69747e-05
 4.32719e-11 2.0353e-09 6.62884e-08 1.49497e-06 2.33461e-05 0.000252455 0.00189036 0.00980202 0.0352016 0.0876096 0.151475 0.183682 0.161863 0.115914 0.0832034 0.0649963 0.0472743 0.028883 0.0153011 0.00745001 0.00331283 0.00128942 0.000428354 0.000119804 2.7683e-05
 4.08391e-11 1.92087e-09 6.25616e-08 1.41092e-06 2.20336e-05 0.000238262 0.0017841 0.00925117 0.0332258 0.0827163 0.143179 0.174396 0.156178 0.117152 0.0907248 0.0746428 0.0546877 0.0325867 0.0164504 0.00761379 0.0032898 0.00127662 0.00043004 0.000123012 2.91563e-05
 4.28932e-11 2.01749e-09 6.57082e-08 1.48189e-06 2.31418e-05 0.000250246 0.00187382 0.00971627 0.034894 0.0868481 0.150186 0.182247 0.161013 0.116186 0.084501 0.0666368 0.0485248 0.0294718 0.0153985 0.00733412 0.00317161 0.0011989 0.000389767 0.000108616 2.55335e-05
 4.14301e-11 1.94867e-09 6.34669e-08 1.43134e-06 2.23524e-05 0.00024171 0.00180991 0.00938498 0.0337057 0.0839051 0.145196 0.176659 0.157581 0.1169 0.0889713 0.0723696 0.0529179 0.0316675 0.0161182 0.00751199 0.00324198 0.0012433 0.000410312 0.000114538 2.65655e-05
 4.23283e-11 1.99092e-09 6.48429e-08 1.46237e-06 2.2837e-05 0.00024695 0.00184915 0.00958836 0.0344352 0.0857119 0.14826 0.180091 0.159693 0.116475 0.0862475 0.0688724 0.0502359 0.0303208 0.0156629 0.00738048 0.00317752 0.00120232 0.000391295 0.000108586 2.52357e-05
 4.03957e-11 1.90002e-09 6.18824e-08 1.39561e-06 2.17944e-05 0.000235676 0.00176473 0.00915075 0.0328653 0.0818204 0.14164 0.172576 0.154725 0.116462 0.0907798 0.0753246 0.0559363 0.0341935 0.01796 0.0086393 0.00379596 0.00146142 0.000481144 0.000133945 3.10114e-05
 4.12029e-11 1.93799e-09 6.31189e-08 1.42349e-06 2.22299e-05 0.000240385 0.00179999 0.0093335 0.0335206 0.0834417 0.144377 0.175582 0.156371 0.115519 0.0875091 0.0714569 0.0533329 0.0334097 0.0182885 0.00920078 0.00418688 0.00165458 0.000557112 0.000158211 3.72035e-05
 4.17157e-11 1.96211e-09 6.39045e-08 1.44121e-06 2.25065e-05 0.000243376 0.00182239 0.00944964 0.0339375 0.0844776 0.146156 0.177684 0.158039 0.11629 0.0874019 0.0706192 0.0518523 0.0315433 0.0165692 0.00806497 0.00365148 0.00147333 0.000512742 0.000150523 3.63969e-05
 4.00682e-11 1.88462e-09 6.13807e-08 1.38429e-06 2.16177e-05 0.000233765 0.00175042 0.00907659 0.0325992 0.0811613 0.140521 0.171314 0.153923 0.116546 0.0916689 0.0765078 0.0568865 0.0347272 0.0181993 0.00875585 0.00387592 0.00152178 0.000519027 0.000151867 3.72342e-05
 4.20763e-11 1.97907e-09 6.44569e-08 1.45367e-06 2.27011e-05 0.00024548 0.00183814 0.00953127 0.0342301 0.0852004 0.147369 0.178979 0.158618 0.11553 0.0854668 0.068543 0.0507503 0.0316466 0.0172391 0.00862834 0.00391039 0.00154287 0.000521386 0.000149941 3.61205e-05
 4.02635e-11 1.8938e-09 6.16798e-08 1.39104e-06 2.1723e-05 0.000234904 0.00175895 0.0091208 0.0327579 0.0815548 0.141192 0.172084 0.15446 0.116621 0.091304 0.0758936 0.056224 0.0341612 0.0178322 0.00861173 0.00387371 0.00155559 0.00053954 0.000158181 3.83423e-05
 4.1376e-11 1.94613e-09 6.33841e-08 1.42947e-06 2.23233e-05 0.000241394 0.00180755 0.0093727 0.0336612 0.0837902 0.14497 0.176255 0.156815 0.115521 0.087106 0.0708878 0.0528372 0.0330738 0.0180765 0.00906657 0.00411272 0.00162689 0.000554091 0.000161473 3.945e-05
 3.93967e-11 1.85303e-09 6.0352e-08 1.36109e-06 2.12554e-05 0.000229847 0.00172109 0.0089245 0.0320535 0.0798069 0.138205 0.168633 0.15197 0.116038 0.0924994 0.0780797 0.0586578 0.0364194 0.019651 0.00982966 0.00453221 0.00184495 0.00064484 0.000190177 4.64133e-05
 4.15627e-11 1.95491e-09 6.36701e-08 1.43592e-06 2.2424e-05 0.000242484 0.0018157 0.00941497 0.0338128 0.0841651 0.145602 0.176946 0.157181 0.115267 0.0862867 0.0699074 0.0521443 0.0328323 0.0181627 0.00928012 0.00431319 0.00175651 0.000616292 0.000184043 4.5718e-05
 3.92034e-11 1.84394e-09 6.00558e-08 1.35441e-06 2.11511e-05 0.000228719 0.00171264 0.00888074 0.0318966 0.0794191 0.137553 0.167929 0.151627 0.116375 0.0934382 0.0791214 0.0592626 0.0364559 0.0193915 0.00958156 0.00440718 0.00181013 0.000644183 0.000194586 4.87451e-05
 4.13554e-11 1.94516e-09 6.33526e-08 1.42876e-06 2.23122e-05 0.000241274 0.00180665 0.00936803 0.0336443 0.0837473 0.144889 0.176127 0.156606 0.115175 0.0866475 0.0705124 0.0527836 0.0333801 0.0185501 0.00948795 0.00438872 0.00177252 0.000617993 0.000184706 4.63257e-05
 4.03375e-11 1.89728e-09 6.17933e-08 1.39359e-06 2.1763e-05 0.000235336 0.00176219 0.00913756 0.0328178 0.0817015 0.141428 0.172292 0.154389 0.116044 0.0902842 0.0749085 0.0558248 0.03447 0.0185057 0.00924605 0.0042907 0.00177104 0.000630769 0.00019004 4.74423e-05
 3.93643e-11 1.85151e-09 6.03024e-08 1.35997e-06 2.12379e-05 0.000229658 0.00171967 0.00891716 0.0320269 0.0797392 0.138077 0.168426 0.151624 0.115462 0.0917503 0.0775199 0.058703 0.0370756 0.0204887 0.010444 0.00484425 0.00197275 0.00069505 0.000209588 5.28376e-05
#pred catch len freq
 3.06193e-11 1.44018e-09 4.69059e-08 1.05784e-06 1.65198e-05 0.000178638 0.00133765 0.00693636 0.0249147 0.0620531 0.107598 0.131939 0.121034 0.0971128 0.0840126 0.0775451 0.0661778 0.0517386 0.0400044 0.0318266 0.0263137 0.02282 0.0199562 0.0159545 0.0105287
 3.7127e-11 1.74628e-09 5.68751e-08 1.28267e-06 2.00308e-05 0.000216605 0.00162194 0.00841053 0.0302091 0.0752331 0.130407 0.159693 0.145755 0.11511 0.0961835 0.0833093 0.0625469 0.0383306 0.0208618 0.011655 0.00726192 0.0050483 0.00374644 0.00269766 0.00167955
 3.66049e-11 1.72172e-09 5.60754e-08 1.26464e-06 1.97492e-05 0.00021356 0.00159914 0.00829238 0.0297859 0.0741903 0.128677 0.157936 0.14531 0.117157 0.100688 0.0887548 0.0670181 0.0407458 0.0210643 0.0100374 0.00457267 0.00206884 0.00101647 0.000554695 0.000297708
 3.66428e-11 1.7235e-09 5.61333e-08 1.26595e-06 1.97696e-05 0.000213781 0.00160079 0.00830095 0.0298167 0.0742669 0.128809 0.158097 0.145454 0.11727 0.100795 0.0888991 0.0672251 0.0409901 0.0212526 0.0100545 0.00436663 0.00169405 0.000596045 0.000204152 7.25699e-05
 3.64456e-11 1.71423e-09 5.58313e-08 1.25913e-06 1.96632e-05 0.00021263 0.00159218 0.00825629 0.0296564 0.0738692 0.128129 0.157309 0.14488 0.11712 0.101046 0.0893879 0.0678023 0.0415599 0.0217325 0.0103795 0.00452908 0.00173625 0.000574208 0.000164728 4.17951e-05
 3.58908e-11 1.68813e-09 5.49813e-08 1.23997e-06 1.93639e-05 0.000209393 0.00156794 0.00813066 0.0292058 0.072753 0.126236 0.155185 0.14356 0.117352 0.102686 0.0915206 0.069473 0.0424419 0.0220641 0.0104851 0.00457123 0.00175659 0.000580335 0.000163069 3.8467e-05
 3.68968e-11 1.73545e-09 5.65224e-08 1.27472e-06 1.99066e-05 0.000215263 0.00161189 0.00835845 0.0300228 0.0747768 0.129669 0.159034 0.145943 0.116911 0.09968 0.0876211 0.0664255 0.0408472 0.0214883 0.0103308 0.00452991 0.00174092 0.000573914 0.000160786 3.76352e-05
 3.77968e-11 1.77778e-09 5.79011e-08 1.30581e-06 2.03922e-05 0.000220513 0.0016512 0.00856225 0.030754 0.0765897 0.132755 0.162553 0.148319 0.117051 0.0977544 0.0847486 0.0637382 0.0388577 0.0202133 0.00963047 0.00421803 0.00163095 0.000542246 0.000152879 3.58636e-05
 3.70811e-11 1.74412e-09 5.68048e-08 1.28109e-06 2.00061e-05 0.000216338 0.00161994 0.00840022 0.030173 0.0751521 0.130328 0.159885 0.146852 0.11787 0.10063 0.0881561 0.0660392 0.0395611 0.0199373 0.00914772 0.00388553 0.00147237 0.00048383 0.000135817 3.19042e-05
 3.6343e-11 1.7094e-09 5.56741e-08 1.25559e-06 1.96079e-05 0.000212032 0.0015877 0.00823306 0.0295731 0.0736628 0.127779 0.156914 0.144628 0.117149 0.10134 0.0898082 0.0681929 0.041829 0.021851 0.010371 0.00446061 0.00167158 0.000535998 0.0001466 3.37586e-05
 3.69061e-11 1.73589e-09 5.65367e-08 1.27504e-06 1.99117e-05 0.000215317 0.0016123 0.00836056 0.0300304 0.0747948 0.129695 0.159044 0.145879 0.116717 0.0993739 0.0873442 0.0663437 0.0409938 0.0217465 0.0105614 0.00467079 0.00180268 0.000592511 0.000163973 3.7608e-05
 3.705e-11 1.74265e-09 5.67571e-08 1.28001e-06 1.99893e-05 0.000216156 0.00161858 0.00839315 0.0301473 0.0750852 0.130193 0.159626 0.146324 0.11688 0.0992648 0.0870349 0.0658971 0.0404928 0.0213204 0.0103065 0.00457553 0.00179062 0.000601736 0.000170947 4.01878e-05
 3.59609e-11 1.69143e-09 5.50887e-08 1.24239e-06 1.94017e-05 0.000209803 0.00157101 0.00814656 0.029263 0.0728967 0.126493 0.155537 0.143999 0.11792 0.103339 0.0919629 0.069348 0.0417434 0.0211817 0.00981107 0.00421319 0.00161622 0.000538329 0.000153169 3.64076e-05
 3.66943e-11 1.72593e-09 5.62123e-08 1.26773e-06 1.97974e-05 0.000214082 0.00160305 0.00831261 0.0298584 0.0743694 0.128977 0.158255 0.14545 0.116973 0.100255 0.0884097 0.067106 0.0412721 0.0216712 0.0103506 0.00447919 0.00168958 0.000546289 0.000150987 3.51868e-05
 3.62739e-11 1.70615e-09 5.55682e-08 1.2532e-06 1.95706e-05 0.000211629 0.00158468 0.00821741 0.0295169 0.0735235 0.127541 0.156642 0.144441 0.117123 0.101449 0.0899495 0.0682784 0.0418693 0.0219256 0.0105137 0.00461914 0.00178262 0.000588243 0.000163782 3.78435e-05
 3.60699e-11 1.69655e-09 5.52557e-08 1.24615e-06 1.94605e-05 0.000210438 0.00157577 0.0081712 0.029351 0.0731114 0.126834 0.155808 0.143783 0.116829 0.101507 0.0902845 0.068841 0.0425641 0.0225696 0.0109572 0.00485277 0.00188381 0.00062712 0.000177016 4.15448e-05
 3.48543e-11 1.63938e-09 5.33936e-08 1.20416e-06 1.88047e-05 0.000203347 0.00152267 0.00789596 0.0283638 0.0706656 0.122683 0.15114 0.140851 0.117245 0.104969 0.0948482 0.0724884 0.0445849 0.0234192 0.0112801 0.00498986 0.00194717 0.000653592 0.00018611 4.40718e-05
 3.53183e-11 1.6612e-09 5.41043e-08 1.22019e-06 1.9055e-05 0.000206053 0.00154293 0.00800097 0.0287399 0.0715927 0.124224 0.152719 0.141312 0.115637 0.101555 0.09136 0.0708461 0.0451853 0.0250999 0.0127666 0.00583465 0.00230604 0.0007774 0.000222214 5.29361e-05
 3.54502e-11 1.66741e-09 5.43064e-08 1.22475e-06 1.91262e-05 0.000206823 0.0015487 0.00803089 0.0288477 0.0718641 0.124714 0.153414 0.142239 0.116926 0.103082 0.0923819 0.0705021 0.0435067 0.0230832 0.0113462 0.00517977 0.00210285 0.00073493 0.000216386 5.24885e-05
 3.52495e-11 1.65797e-09 5.39989e-08 1.21781e-06 1.90179e-05 0.000205652 0.00153993 0.00798542 0.0286843 0.071457 0.124007 0.152541 0.141425 0.116275 0.102634 0.0923454 0.0711303 0.0446802 0.0242691 0.0121006 0.00548806 0.00218395 0.000751255 0.000221358 5.46064e-05
 3.49047e-11 1.64175e-09 5.34708e-08 1.2059e-06 1.88319e-05 0.000203641 0.00152487 0.00790735 0.0284043 0.0707627 0.122826 0.151196 0.140526 0.116242 0.103386 0.0934136 0.0720543 0.0453096 0.0246963 0.01242 0.00571045 0.0023051 0.000799265 0.000235086 5.75808e-05
 3.37336e-11 1.58667e-09 5.16768e-08 1.16544e-06 1.82e-05 0.000196809 0.00147372 0.00764217 0.027453 0.0684056 0.118821 0.146675 0.137622 0.116469 0.106474 0.0976138 0.0755611 0.0474416 0.0257556 0.0129027 0.00592587 0.00239941 0.00083809 0.000248907 6.14867e-05
 3.37666e-11 1.58822e-09 5.17273e-08 1.16658e-06 1.82178e-05 0.000197001 0.00147515 0.00764961 0.0274794 0.0684686 0.118911 0.146695 0.137355 0.115694 0.105277 0.0965698 0.0753304 0.0481098 0.0267889 0.0137416 0.00639416 0.0025994 0.000908486 0.00027021 6.70191e-05
 3.45909e-11 1.62699e-09 5.299e-08 1.19506e-06 1.86625e-05 0.00020181 0.00151116 0.00783625 0.028149 0.0701278 0.121731 0.149883 0.139418 0.115573 0.103143 0.0935993 0.0727485 0.046438 0.025932 0.0134195 0.00634387 0.00263226 0.000938362 0.000283105 7.07799e-05
 3.57343e-11 1.68077e-09 5.47417e-08 1.23456e-06 1.92795e-05 0.000208481 0.00156111 0.0080952 0.0290782 0.0724331 0.125667 0.154419 0.142647 0.116217 0.101383 0.0905535 0.0694923 0.0435477 0.0236871 0.0119561 0.0055751 0.00230967 0.000829837 0.000253902 6.45289e-05
 3.48778e-11 1.64048e-09 5.34295e-08 1.20497e-06 1.88173e-05 0.000203484 0.0015237 0.00790127 0.0283826 0.0707111 0.122751 0.151176 0.14073 0.116843 0.104321 0.0942366 0.0722497 0.0447991 0.0238819 0.0117427 0.00532954 0.00215226 0.000757244 0.00022891 5.8074e-05
 3.537e-11 1.66364e-09 5.41835e-08 1.22197e-06 1.90829e-05 0.000206355 0.0015452 0.00801271 0.0287823 0.0716998 0.124421 0.153013 0.141747 0.116301 0.102387 0.0919655 0.0707633 0.0443994 0.0240892 0.0120076 0.00544977 0.00216958 0.000745591 0.000219582 5.44424e-05
 3.39482e-11 1.59676e-09 5.20054e-08 1.17285e-06 1.83158e-05 0.00019806 0.00148309 0.00769076 0.0276274 0.0688392 0.119567 0.147562 0.138345 0.116849 0.10652 0.097365 0.0750172 0.0466826 0.0249948 0.0123371 0.00559909 0.00224408 0.000775236 0.000227592 5.5705e-05
#obs catch len freq
 3.58404e-11 1.68576e-09 5.49041e-08 1.23823e-06 1.93367e-05 0.0002091 0.00156574 0.00811921 0.0291644 0.0726458 0.126023 0.154802 0.142823 0.116008 0.100843 0.089992 0.069231 0.043624 0.0238736 0.0120544 0.00557427 0.00228502 0.000819936 0.000254885 6.688e-05
 3.63484e-11 1.70965e-09 5.56822e-08 1.25578e-06 1.96107e-05 0.000212063 0.00158793 0.00823425 0.0295772 0.0736706 0.127777 0.156841 0.144337 0.116468 0.100308 0.0888337 0.067791 0.0421632 0.0226574 0.0112565 0.00515598 0.00209367 0.000736974 0.0002221 5.62784e-05
 3.55486e-11 1.67203e-09 5.4457e-08 1.22814e-06 1.91793e-05 0.000207397 0.001553 0.00805316 0.0289277 0.0720622 0.125051 0.153797 0.142496 0.11694 0.102885 0.0921238 0.0703199 0.0434084 0.022982 0.0111966 0.00502631 0.00200212 0.0006922 0.000205056 5.09854e-05
 3.75644e-11 1.76685e-09 5.75451e-08 1.29779e-06 2.02668e-05 0.000219157 0.00164105 0.0085096 0.030565 0.0761181 0.131934 0.161532 0.147339 0.116206 0.0970785 0.0844966 0.0642539 0.0400919 0.0216377 0.0107231 0.00483709 0.0019113 0.000650066 0.000188814 4.60268e-05
 3.67288e-11 1.72754e-09 5.6265e-08 1.26892e-06 1.9816e-05 0.000214282 0.00160455 0.00832043 0.0298868 0.0744415 0.129113 0.158476 0.145819 0.117583 0.101031 0.0889389 0.0669307 0.0404281 0.0207059 0.00974584 0.004277 0.00168224 0.000574244 0.000166791 4.03435e-05
 3.77687e-11 1.77646e-09 5.7858e-08 1.30484e-06 2.0377e-05 0.000220349 0.00164997 0.00855589 0.0307314 0.0765337 0.132663 0.162465 0.148315 0.117204 0.0980518 0.085065 0.0639205 0.0388455 0.0200578 0.0094296 0.00405388 0.00153646 0.000503814 0.000142043 3.38304e-05
 3.63791e-11 1.7111e-09 5.57293e-08 1.25684e-06 1.96273e-05 0.000212242 0.00158927 0.00824123 0.0296026 0.0737364 0.127909 0.157089 0.144833 0.117393 0.101597 0.0899438 0.068055 0.0414467 0.0214423 0.0101205 0.00437556 0.00166407 0.000542875 0.00015037 3.48475e-05
 3.82641e-11 1.79976e-09 5.86169e-08 1.32196e-06 2.06443e-05 0.000223239 0.00167161 0.00866806 0.0311337 0.0775301 0.134352 0.164352 0.149459 0.116922 0.0964729 0.0830485 0.0623748 0.0380888 0.0198594 0.00945477 0.00411136 0.00156832 0.000512608 0.000142071 3.28219e-05
 3.8104e-11 1.79223e-09 5.83718e-08 1.31643e-06 2.0558e-05 0.000222306 0.00166462 0.00863184 0.031004 0.0772109 0.133825 0.163831 0.149376 0.117643 0.0978883 0.0844424 0.0629504 0.0377018 0.0190392 0.00876622 0.00373715 0.00141899 0.000465363 0.000129625 3.0056e-05
 3.68383e-11 1.7327e-09 5.64328e-08 1.2727e-06 1.98751e-05 0.000214922 0.00160934 0.00834523 0.0299758 0.0746619 0.129487 0.158897 0.146084 0.117554 0.100755 0.0886255 0.0667752 0.0404275 0.020695 0.00961649 0.00408081 0.00152181 0.000487821 0.000133456 3.06718e-05
 3.58524e-11 1.68632e-09 5.49225e-08 1.23864e-06 1.93432e-05 0.00020917 0.00156627 0.00812196 0.0291746 0.0726742 0.126094 0.154985 0.1433 0.116997 0.102271 0.09125 0.069582 0.04292 0.022632 0.01088 0.00474517 0.00180091 0.000581807 0.000158746 3.60728e-05
 3.84772e-11 1.80978e-09 5.89434e-08 1.32932e-06 2.07593e-05 0.000224483 0.00168092 0.0087163 0.0313066 0.0779568 0.135065 0.165103 0.149754 0.116364 0.0951572 0.0816318 0.0615887 0.0381261 0.0203581 0.00997571 0.00445439 0.00173753 0.000577878 0.000161731 3.73861e-05
 3.58749e-11 1.68738e-09 5.49569e-08 1.23942e-06 1.93553e-05 0.000209301 0.00156725 0.00812708 0.0291933 0.0727235 0.126198 0.155201 0.143771 0.117904 0.103512 0.0922061 0.0695497 0.0418773 0.0212861 0.00991378 0.00430268 0.00167366 0.000564465 0.000161569 3.83095e-05
 3.80226e-11 1.7884e-09 5.82471e-08 1.31362e-06 2.05141e-05 0.000221831 0.00166107 0.00861338 0.0309375 0.077043 0.133519 0.163384 0.148747 0.11672 0.0967571 0.0836408 0.063106 0.0388181 0.0204396 0.00979747 0.00425489 0.00161207 0.000524734 0.000146335 3.4416e-05
 3.65547e-11 1.71936e-09 5.59983e-08 1.2629e-06 1.97221e-05 0.000213267 0.00159695 0.00828101 0.0297454 0.074091 0.128517 0.1578 0.145376 0.117594 0.101467 0.0895695 0.067515 0.0408444 0.0209345 0.00981717 0.00425514 0.00163562 0.000540418 0.000150955 3.50257e-05
 3.7018e-11 1.74115e-09 5.67081e-08 1.27891e-06 1.9972e-05 0.00021597 0.00161718 0.00838591 0.0301216 0.0750219 0.13009 0.159535 0.146351 0.117123 0.0997055 0.0874885 0.0661382 0.0404406 0.0210646 0.00999681 0.00432482 0.00164072 0.000534715 0.000148506 3.45304e-05
 3.47355e-11 1.63379e-09 5.32115e-08 1.20005e-06 1.87406e-05 0.000202654 0.00151748 0.00786905 0.0282673 0.0704254 0.122269 0.15065 0.140452 0.117041 0.10496 0.0950238 0.0728514 0.0450704 0.0238688 0.0115638 0.0051052 0.00197047 0.000649602 0.000180982 4.19219e-05
 3.60952e-11 1.69774e-09 5.52944e-08 1.24703e-06 1.94741e-05 0.000210586 0.00157687 0.00817689 0.0293713 0.0731578 0.126889 0.15576 0.143374 0.115785 0.0999331 0.0889172 0.0685387 0.0434519 0.0239686 0.012132 0.00554186 0.00219442 0.000739674 0.00021019 4.9446e-05
 3.65531e-11 1.71928e-09 5.59958e-08 1.26285e-06 1.97212e-05 0.000213257 0.00159687 0.00828061 0.0297437 0.0740844 0.128489 0.157688 0.145027 0.11683 0.100347 0.0885782 0.0672373 0.041402 0.02192 0.0107417 0.00488524 0.00197576 0.000688405 0.000202223 4.89168e-05
 3.45542e-11 1.62526e-09 5.29337e-08 1.19379e-06 1.86428e-05 0.000201596 0.00150956 0.00782799 0.02812 0.0700607 0.121651 0.149957 0.140026 0.117126 0.105505 0.0957117 0.0733551 0.0452919 0.0239224 0.0115882 0.00515334 0.0020283 0.000692679 0.000202828 4.97502e-05
 3.69223e-11 1.73665e-09 5.65615e-08 1.27561e-06 1.99204e-05 0.000215412 0.001613 0.0083642 0.0300432 0.0748236 0.129724 0.158982 0.145517 0.115826 0.0980439 0.0861965 0.0661014 0.041756 0.022932 0.0115519 0.00525664 0.00207847 0.000703196 0.000202367 4.87705e-05
 3.46475e-11 1.62965e-09 5.30767e-08 1.19701e-06 1.86931e-05 0.00020214 0.00151364 0.00784912 0.0281958 0.0702491 0.121974 0.150337 0.140321 0.117244 0.105437 0.0954736 0.0729693 0.0448561 0.0236059 0.0114827 0.00519039 0.00208968 0.00072572 0.000212916 5.16313e-05
 3.57844e-11 1.68313e-09 5.48183e-08 1.23629e-06 1.93065e-05 0.000208773 0.0015633 0.00810653 0.0291188 0.0725321 0.125825 0.154555 0.142585 0.115805 0.100698 0.0899977 0.0694885 0.0440784 0.0243018 0.0122743 0.0055924 0.00221738 0.000756168 0.000220533 5.39043e-05
 3.37597e-11 1.58789e-09 5.17166e-08 1.16634e-06 1.82141e-05 0.000196961 0.00147485 0.00764806 0.0274742 0.0684579 0.118909 0.146772 0.137674 0.116433 0.106352 0.0974502 0.0754145 0.0473592 0.0257596 0.0129734 0.0060081 0.00245133 0.000857785 0.000253148 6.18063e-05
 3.61824e-11 1.70184e-09 5.5428e-08 1.25004e-06 1.95212e-05 0.000211095 0.00158068 0.00819663 0.029442 0.073332 0.127179 0.156055 0.143454 0.115463 0.0992496 0.0881853 0.0681196 0.043457 0.0242442 0.01247 0.00581976 0.00237517 0.000834321 0.000249323 6.19594e-05
 3.3526e-11 1.5769e-09 5.13587e-08 1.15827e-06 1.80881e-05 0.000195598 0.00146465 0.00759517 0.0272846 0.0679893 0.118122 0.145925 0.137274 0.116873 0.107534 0.0987475 0.076148 0.0473681 0.0253978 0.0126373 0.00583962 0.00240422 0.000856644 0.000258938 6.48911e-05
 3.58496e-11 1.68619e-09 5.49181e-08 1.23854e-06 1.93416e-05 0.000209153 0.00156614 0.00812126 0.0291715 0.0726613 0.126035 0.154743 0.14254 0.115335 0.0998563 0.0891753 0.0691391 0.0443066 0.0248348 0.0127881 0.00593988 0.00240426 0.00083926 0.000251019 6.29852e-05
 3.45214e-11 1.62372e-09 5.28835e-08 1.19266e-06 1.86251e-05 0.000201404 0.00150813 0.00782054 0.0280931 0.0699919 0.12152 0.149741 0.139654 0.116484 0.104622 0.0949258 0.0731027 0.0457069 0.0247536 0.0124605 0.00581051 0.00240437 0.000857425 0.000258511 6.45627e-05
#spawning biomass
 40094.3 21741.7 24155 24842.1 27178 27376.5 27676.1 30859.3 31895.8 37562 43269.3 52033.3 49020.4 49729.6 55017.7 61953 61874.7 75627.3 70926.7 81357.6 91169.9 92658.5 92632.8 94896.6 94100.9 98140.8 101407 101518 95131.9 161486 114329 73292.1 49059.3 36536.5 30531.8 27782.6 26560.8 26028.4 25799.5 25701.9 25660.6 25643.2 25635.9 25632.8 25631.5 25631 25630.8 25630.7 25630.6 25630.6 25630.6 25630.6 25630.6 25630.6 25630.6 25630.6 25630.6 25630.6 25630.6 25630.6 25630.6 25630.6 25630.6 25630.6 25630.6 25630.6 25630.6 25630.6 25630.6 25630.6 25630.6 25630.6 25630.6 25630.6 25630.6 25630.6 25630.6 25630.6 25630.6 25630.6 25630.6 25630.6 25630.6 25630.6 25630.6 25630.6 25630.6 25630.6 25630.6 25630.6 25630.6 25630.6 25630.6 25630.6 25630.6 25630.6 25630.6 25630.6 25630.6 25630.6 25630.6 25630.6 25630.6 25630.6 25630.6 25630.6 25630.6 25630.6 25630.6 25630.6 25630.6 25630.6 25630.6 25630.6 25630.6 25630.6 25630.6 25630.6 25630.6 25630.6 25630.6 25630.6 25630.6 25630.6 25630.6 25630.6 25630.6 25630.6 0 0 0 0 0 0 0 0 0 0 0 0 0 0 0 0 0 0 0 0 0 0 0 0 0
