SBPRF35
0.256306
Curr Bio
198432
B35
201100
F35
0.396128
FOFL
0.396128
OFL
87274.4
Bzero
73230.3
#pred survey bio
 25488 23227.5 18183.9 16432.6 23874 36752.3 49495.9 63058.2 86558.6 112337 147410 165574 203760 224220 222504 219805 228646 201655 207584 200221 202897 205951 216705 247877 263471 259297 258617 257963 300431 7.92487e+06 6.3122e+06 4.46211e+06 2.95987e+06 1.99001e+06 1.42692e+06 1.1169e+06 950036 860409 811669 784560 769047 759893 754330 750856 748640 747209 746274 745655 745244 744969 744784 744659 744576 744519 744481 744455 744438 744426 744418 744412 744409 744406 744405 744403 744403 744402 744402 744402 744401 744401 744401 744401 744401 744401 744401 744401 744401 744401 744401 744401 744401 744401 744401 744401 744401 744401 744401 744401 744401 744401 744401 744401 744401 744401 744401 744401 744401 744401 744401 744401 744401 744401 744401 744401 744401 744401 744401 744401 744401 744401 744401 744401 744401 744401 744401 744401 744401 744401 744401 744401 744401 744401 744401 744401 744401 744401 744401 744401 744401 0 0 0 0 0 0 0 0 0 0 0 0 0 0 0 0 0 0 0 0 0 0 0 0 0
#obs survey bio
 19641 18842.4 11204.1 19052.2 28703.8 50150.1 45048 69340.5 61984.2 133796 170676 135044 225895 268938 135227 219491 203976 231330 212228 208520 170868 227415 264188 265790 227377 327230 242720 346530 273401
#pred catch bio
 2972.04 3673.21 3214.63 3621.48 4560.33 7929.98 11930 15849 24811.2 34197.1 58853.8 56521.4 79936.2 93563 92911.9 85339 104954 75817.7 85713.2 79938.7 79924.5 81923.4 77851 94626.3 106359 98349.3 104035 88948.7 95233.1 87274.4 79142.8 54474.9 34610.9 22244 15394.5 11849.1 10090.1 9241.12 8838.82 8650.54 8563.16 8522.84 8504.31 8495.82 8491.94 8490.17 8489.36 8488.99 8488.83 8488.75 8488.72 8488.7 8488.69 8488.69 8488.69 8488.69 8488.69 8488.69 8488.69 8488.69 8488.69 8488.69 8488.69 8488.69 8488.69 8488.69 8488.69 8488.69 8488.69 8488.69 8488.69 8488.69 8488.69 8488.69 8488.69 8488.69 8488.69 8488.69 8488.69 8488.69 8488.69 8488.69 8488.69 8488.69 8488.69 8488.69 8488.69 8488.69 8488.69 8488.69 8488.69 8488.69 8488.69 8488.69 8488.69 8488.69 8488.69 8488.69 8488.69 8488.69 8488.69 8488.69 8488.69 8488.69 8488.69 8488.69 8488.69 8488.69 8488.69 8488.69 8488.69 8488.69 8488.69 8488.69 8488.69 8488.69 8488.69 8488.69 8488.69 8488.69 8488.69 8488.69 8488.69 8488.69 8488.69 8488.69 8488.69 8488.69 8488.69 0 0 0 0 0 0 0 0 0 0 0 0 0 0 0 0 0 0 0 0 0 0 0 0 0
#obs catch bio
 3207.61 3812.34 3366.01 3791.19 4471.23 7725.74 11730.8 15624.4 25077 33063.5 56633.3 53844.4 78015.6 86596.8 97979.3 84909.2 104252 74201.4 87704.6 80906.5 79506.8 81569.3 75771.1 91705.2 109473 96454.3 106581 88024 94858.3
#pred cpue bio
 24293 22675.3 17915.6 15444.9 20919.7 33000.1 45085.8 57345.6 77549.3 101015 131691 147649 182442 200972 200975 198228 206519 182399 188399 181187 183124 186318 194590 222769 237899 235054 235520 232751 269932 7.20697e+06 6.18951e+06 4.41161e+06 2.91336e+06 1.94368e+06 1.38059e+06 1.07058e+06 903714 814087 765346 738238 722725 713571 708007 704534 702317 700887 699951 699333 698921 698646 698461 698337 698253 698197 698158 698133 698115 698103 698095 698090 698086 698084 698082 698081 698080 698080 698079 698079 698079 698079 698079 698079 698079 698079 698079 698079 698079 698079 698079 698079 698079 698079 698079 698079 698079 698079 698079 698079 698079 698079 698079 698079 698079 698079 698079 698079 698079 698079 698079 698079 698079 698079 698079 698079 698079 698079 698079 698079 698079 698079 698079 698079 698079 698079 698079 698079 698079 698079 698079 698079 698079 698079 698079 698079 698079 698079 698079 698079 698079 0 0 0 0 0 0 0 0 0 0 0 0 0 0 0 0 0 0 0 0 0 0 0 0 0
#obs cpue bio
 28987.9 18137.2 16679.7 19009 30788.2 32264.1 43660.2 53329.8 86842.3 124405 151560 196502 172640 287475 147427 250928 274956 158266 151392 169977 238508 174377 190128 244976 192737 237091 200281 198236 294618
#pred surv len freq
 2.47311e-11 1.16323e-09 3.78858e-08 8.54419e-07 1.3343e-05 0.000144286 0.00108042 0.00560265 0.020126 0.050144 0.0870701 0.107346 0.100363 0.0846496 0.0788818 0.0783827 0.0733638 0.0650553 0.0569527 0.0491143 0.0416861 0.0352427 0.0290969 0.0219005 0.0137829
 1.20147e-11 5.65115e-10 1.84054e-08 4.15089e-07 6.48225e-06 7.00978e-05 0.00052493 0.0027228 0.00979105 0.0244948 0.0432178 0.0565078 0.0631436 0.0743769 0.0930938 0.105119 0.102035 0.0914954 0.0807782 0.0699412 0.0584834 0.0472036 0.0363269 0.025478 0.0151881
 9.48939e-12 4.46336e-10 1.45369e-08 3.27843e-07 5.11975e-06 5.53635e-05 0.000414579 0.00215012 0.00772769 0.0192929 0.0337696 0.0429178 0.044365 0.0468957 0.0576432 0.073864 0.0910204 0.105219 0.109984 0.102637 0.087547 0.0697356 0.0515121 0.0340835 0.0191595
 3.42756e-11 1.61216e-09 5.25071e-08 1.18416e-06 1.84924e-05 0.000199969 0.00149734 0.00776375 0.027877 0.0693362 0.119579 0.143583 0.121987 0.0779436 0.0452443 0.0327416 0.0327035 0.0390685 0.0482224 0.0552532 0.0556287 0.0484703 0.0365425 0.0236192 0.0127188
 4.46511e-11 2.10017e-09 6.84013e-08 1.54262e-06 2.40902e-05 0.000260501 0.0019506 0.0101141 0.0363184 0.0903532 0.15597 0.187958 0.161834 0.107759 0.0669393 0.0457174 0.031486 0.0201354 0.0142397 0.0135595 0.0148238 0.0148906 0.0125175 0.00852726 0.00461958
 3.61493e-11 1.70029e-09 5.53773e-08 1.2489e-06 1.95033e-05 0.000210901 0.00157923 0.00818906 0.0294139 0.0732546 0.126992 0.155578 0.142224 0.112847 0.0951419 0.0835322 0.0642201 0.0409533 0.0232697 0.0133289 0.00886688 0.00723159 0.00613095 0.00446545 0.00255059
 3.3693e-11 1.58476e-09 5.16146e-08 1.16404e-06 1.81781e-05 0.000196571 0.00147192 0.00763262 0.027415 0.0682747 0.118347 0.144938 0.132388 0.105112 0.0899139 0.0830793 0.0716368 0.0555169 0.0393024 0.0248587 0.0138939 0.00744261 0.00434568 0.00270248 0.00151251
 3.48544e-11 1.63938e-09 5.33937e-08 1.20416e-06 1.88047e-05 0.000203347 0.00152265 0.00789556 0.0283578 0.0706063 0.122277 0.149223 0.134608 0.103334 0.0842014 0.0755255 0.0649794 0.051895 0.0397675 0.0286234 0.0183552 0.0102228 0.00503843 0.00232028 0.00102283
 3.82409e-11 1.79867e-09 5.85814e-08 1.32116e-06 2.06318e-05 0.000223103 0.00167058 0.00866247 0.03111 0.077436 0.133949 0.162734 0.144423 0.105805 0.0798162 0.067228 0.0554432 0.0426044 0.0318838 0.0233002 0.0158827 0.00965473 0.00505795 0.00224504 0.000848053
 3.66313e-11 1.72296e-09 5.61158e-08 1.26555e-06 1.97634e-05 0.000213713 0.00160028 0.00829808 0.0298034 0.0742051 0.128505 0.1568 0.141342 0.108148 0.0871005 0.0758493 0.0613958 0.0444474 0.0307903 0.0211505 0.0140191 0.00861308 0.00469768 0.00217448 0.000825348
 3.82238e-11 1.79786e-09 5.85553e-08 1.32057e-06 2.06226e-05 0.000223004 0.00166984 0.00865866 0.0310968 0.0774087 0.133939 0.162895 0.145125 0.107505 0.0825478 0.0702283 0.0575752 0.0430705 0.0304936 0.0205657 0.012929 0.00751458 0.0039781 0.00184284 0.000711183
 3.81714e-11 1.7954e-09 5.84751e-08 1.31876e-06 2.05943e-05 0.000222698 0.00166756 0.00864685 0.031055 0.0773106 0.13381 0.16293 0.145764 0.109208 0.0851352 0.0724807 0.0581103 0.041767 0.0285114 0.018974 0.0119116 0.00682628 0.00349619 0.00156162 0.000588674
 3.729e-11 1.75394e-09 5.71248e-08 1.28831e-06 2.01188e-05 0.000217556 0.00162905 0.00844725 0.0303387 0.0755332 0.130773 0.15942 0.143234 0.108632 0.0864255 0.0749117 0.0609517 0.0444363 0.0304809 0.0200023 0.0122313 0.00683458 0.00342912 0.00149903 0.00055104
 3.71532e-11 1.74751e-09 5.69153e-08 1.28358e-06 2.0045e-05 0.000216758 0.00162308 0.00841626 0.0302274 0.075256 0.130293 0.158831 0.142694 0.10821 0.086113 0.0747678 0.0611111 0.0449548 0.0312335 0.0207394 0.0127371 0.00706149 0.00347664 0.00148399 0.000532595
 3.53636e-11 1.66333e-09 5.41737e-08 1.22175e-06 1.90794e-05 0.000206317 0.0015449 0.00801099 0.0287734 0.0716505 0.12415 0.151813 0.137903 0.107768 0.0896456 0.0800566 0.0659712 0.0485325 0.0337181 0.0224843 0.0139239 0.00778256 0.00384045 0.00162816 0.000575683
 3.61213e-11 1.69897e-09 5.53344e-08 1.24793e-06 1.94882e-05 0.000210738 0.001578 0.00818253 0.0293883 0.0731707 0.126708 0.154583 0.139278 0.106506 0.0860131 0.0759036 0.0633196 0.0479689 0.0344155 0.023429 0.0146479 0.00823468 0.00408669 0.00173989 0.000615137
 3.57323e-11 1.68068e-09 5.47386e-08 1.23449e-06 1.92784e-05 0.000208469 0.00156101 0.00809447 0.0290725 0.0723889 0.125385 0.153112 0.138409 0.106776 0.0872533 0.077282 0.0640158 0.0479145 0.0342101 0.0235653 0.0150888 0.0086922 0.00439015 0.00188882 0.00067177
 3.53317e-11 1.66184e-09 5.41249e-08 1.22065e-06 1.90622e-05 0.000206132 0.00154351 0.00800375 0.0287471 0.0715825 0.124015 0.151565 0.137417 0.10686 0.0883374 0.0787914 0.0653275 0.0487152 0.0345026 0.0235424 0.0150057 0.00869507 0.00446023 0.00195554 0.000706947
 3.4741e-11 1.63405e-09 5.322e-08 1.20024e-06 1.87435e-05 0.000202685 0.0015177 0.00786995 0.0282667 0.0703879 0.121957 0.149104 0.135366 0.105676 0.0879849 0.079214 0.0666099 0.050716 0.036673 0.0253035 0.0161441 0.00932588 0.0047816 0.00210859 0.000770964
 3.55708e-11 1.67308e-09 5.44912e-08 1.22891e-06 1.91912e-05 0.000207526 0.00155395 0.00805786 0.0289408 0.0720591 0.124801 0.152338 0.13752 0.10572 0.0860577 0.0763545 0.0639026 0.0487199 0.0355059 0.024852 0.0161262 0.00944157 0.00487484 0.00215577 0.000790505
 3.60731e-11 1.69671e-09 5.52606e-08 1.24626e-06 1.94622e-05 0.000210457 0.00157589 0.00817162 0.0293492 0.0730738 0.126544 0.154399 0.13916 0.106495 0.0860123 0.0756737 0.0626782 0.0471024 0.0338557 0.0235598 0.0153511 0.00909051 0.00475933 0.00213031 0.000787783
 3.53826e-11 1.66423e-09 5.42029e-08 1.22241e-06 1.90897e-05 0.000206429 0.00154573 0.00801528 0.0287884 0.0716842 0.124184 0.151736 0.13746 0.106661 0.0879036 0.0782791 0.0649287 0.0485239 0.0345101 0.0237001 0.0152563 0.00897512 0.00470575 0.0021229 0.000793261
 3.72371e-11 1.75145e-09 5.70437e-08 1.28648e-06 2.00902e-05 0.000217247 0.00162674 0.00843521 0.0302949 0.0754187 0.130538 0.158957 0.142257 0.106749 0.083704 0.0723345 0.0597967 0.0451469 0.0324759 0.0223771 0.0143204 0.00833503 0.00432696 0.00194192 0.000726059
 3.67447e-11 1.7283e-09 5.62895e-08 1.26947e-06 1.98246e-05 0.000214375 0.00160523 0.00832375 0.0298954 0.0744319 0.128883 0.157192 0.141476 0.107813 0.0864029 0.0752768 0.0614646 0.0451792 0.0316538 0.0215624 0.0138141 0.0080615 0.00417562 0.00186232 0.000691842
 3.56458e-11 1.67661e-09 5.46061e-08 1.2315e-06 1.92317e-05 0.000207964 0.00155723 0.00807489 0.0290024 0.0722166 0.125102 0.152839 0.138394 0.107248 0.088203 0.0783793 0.064812 0.0481172 0.0337866 0.0227552 0.0142977 0.00820658 0.00421422 0.00187278 0.000693656
 3.48875e-11 1.64094e-09 5.34443e-08 1.2053e-06 1.88225e-05 0.00020354 0.0015241 0.00790313 0.0283859 0.0706851 0.122474 0.149748 0.135983 0.106214 0.0884495 0.0794971 0.0665315 0.0502449 0.0359789 0.0245879 0.0155246 0.00886026 0.00449262 0.00196999 0.000722435
 3.39908e-11 1.59876e-09 5.20707e-08 1.17432e-06 1.83388e-05 0.000198308 0.00148493 0.00770005 0.0276569 0.0688745 0.119368 0.146097 0.133146 0.105017 0.0887468 0.0807327 0.0683176 0.0523952 0.0382694 0.026704 0.0171933 0.00996087 0.00508442 0.00222454 0.000809319
 3.648e-11 1.71584e-09 5.58839e-08 1.26032e-06 1.96817e-05 0.00021283 0.00159367 0.00826372 0.0296793 0.0738882 0.127904 0.155822 0.13969 0.105352 0.0833656 0.0727919 0.0609974 0.0470535 0.0348164 0.0247044 0.0162234 0.00960033 0.00499467 0.00221501 0.000811057
 3.70655e-11 1.74338e-09 5.67809e-08 1.28055e-06 1.99977e-05 0.000216247 0.00161925 0.00839637 0.0301557 0.0750752 0.129964 0.158356 0.142027 0.107197 0.0846913 0.0732035 0.059879 0.0444611 0.0317093 0.0221253 0.0145877 0.00876977 0.00465514 0.00210568 0.000783902
#obs surv len freq
 2.32881e-11 1.09536e-09 3.56752e-08 8.04565e-07 1.25645e-05 0.000135867 0.00101738 0.00527577 0.0189521 0.0472214 0.0820116 0.101189 0.094875 0.0806535 0.0762209 0.0773159 0.0748299 0.0695649 0.0639916 0.0574451 0.0494885 0.0402797 0.0299271 0.0193147 0.0102764
 9.01277e-16 4.24624e-14 1.39212e-12 3.2215e-11 5.53896e-10 8.17206e-09 1.26103e-07 1.99072e-06 2.62151e-05 0.000253545 0.00172601 0.00818198 0.0269968 0.0623729 0.102639 0.125419 0.124063 0.112487 0.101828 0.0918753 0.0800911 0.0655982 0.0486898 0.0312501 0.0164988
 1.21611e-11 5.71999e-10 1.86296e-08 4.20145e-07 6.56116e-06 7.09492e-05 0.000531253 0.00275449 0.00988935 0.0245858 0.0423273 0.0505014 0.042082 0.0264315 0.0204055 0.034838 0.0680648 0.103986 0.123426 0.121964 0.108128 0.0888644 0.0662002 0.0425394 0.0224026
 5.16305e-11 2.42845e-09 7.9093e-08 1.78375e-06 2.78557e-05 0.000301219 0.00225547 0.0116945 0.0419873 0.104395 0.179794 0.214702 0.178476 0.104872 0.0460605 0.0178868 0.00859197 0.00736731 0.0102507 0.0143983 0.0166633 0.0157026 0.0123085 0.00802463 0.00423898
 3.24013e-11 1.524e-09 4.96358e-08 1.11941e-06 1.74813e-05 0.000189036 0.00141552 0.00734057 0.0263721 0.0657364 0.11435 0.141927 0.13558 0.11938 0.113277 0.103446 0.0753068 0.0407449 0.0174679 0.00840715 0.00709141 0.00750765 0.00684199 0.00489717 0.00270283
 4.00099e-11 1.88187e-09 6.12913e-08 1.38227e-06 2.15862e-05 0.000233424 0.00174786 0.00906303 0.0325469 0.0809948 0.139986 0.169511 0.148667 0.105312 0.0756188 0.063272 0.0551824 0.0450969 0.0325978 0.0195497 0.00970602 0.00475662 0.00294138 0.00201768 0.00117455
 2.63374e-11 1.23879e-09 4.03465e-08 9.09915e-07 1.42097e-05 0.000153659 0.00115062 0.00596708 0.0214408 0.0534756 0.0932355 0.116729 0.114741 0.10772 0.110501 0.108993 0.0903241 0.0643933 0.0440528 0.0300579 0.0189354 0.0102273 0.00478882 0.00213861 0.000960293
 4.1779e-11 1.96508e-09 6.40014e-08 1.44339e-06 2.25406e-05 0.000243745 0.00182513 0.00946354 0.0339828 0.0845443 0.145958 0.175975 0.151846 0.102195 0.0664819 0.0518286 0.0459448 0.0407139 0.0335136 0.0243669 0.0155005 0.00873941 0.00433097 0.00184543 0.000676231
 3.40498e-11 1.60154e-09 5.21611e-08 1.17636e-06 1.83706e-05 0.000198653 0.00148752 0.00771359 0.0277076 0.0690189 0.119745 0.14715 0.135961 0.110848 0.0968911 0.0870462 0.0681588 0.0457292 0.0298412 0.0208719 0.0146288 0.00918782 0.00487789 0.00214414 0.000772716
 3.78159e-11 1.77868e-09 5.79303e-08 1.30648e-06 2.04025e-05 0.000220624 0.00165202 0.00856623 0.0307648 0.0765799 0.132491 0.161073 0.143317 0.105854 0.0812207 0.0699556 0.0591374 0.0460325 0.0332597 0.0220543 0.0134106 0.00767784 0.00409081 0.00189939 0.000720512
 4.0202e-11 1.89091e-09 6.15856e-08 1.38891e-06 2.16898e-05 0.000234545 0.00175625 0.00910666 0.0327048 0.0814006 0.140774 0.170866 0.151109 0.10949 0.0807343 0.0659309 0.0520117 0.0373525 0.0258441 0.0176194 0.0112812 0.00648384 0.0032854 0.00144977 0.00054194
 3.72745e-11 1.75321e-09 5.71009e-08 1.28777e-06 2.01104e-05 0.000217466 0.00162838 0.00844378 0.030327 0.0755103 0.130777 0.159631 0.144073 0.110578 0.0893121 0.0774559 0.0616207 0.0429412 0.027942 0.0177239 0.010769 0.00608224 0.00309054 0.00135779 0.000497438
 3.75418e-11 1.76579e-09 5.75105e-08 1.29701e-06 2.02546e-05 0.000219025 0.00164005 0.00850426 0.0305434 0.07604 0.131634 0.16039 0.143851 0.108584 0.085831 0.0742709 0.0607345 0.0446334 0.0306484 0.0197792 0.0116745 0.00624323 0.00301414 0.00128238 0.000462002
 3.74693e-11 1.76237e-09 5.73994e-08 1.2945e-06 2.02155e-05 0.000218602 0.00163688 0.00848784 0.0304845 0.0758948 0.131392 0.160139 0.143763 0.10878 0.0862043 0.074447 0.0603954 0.0439734 0.0302748 0.0200135 0.0122281 0.00667784 0.00319581 0.00131569 0.000455858
 3.27465e-11 1.54024e-09 5.01645e-08 1.13134e-06 1.76674e-05 0.000191049 0.00143058 0.00741836 0.0266474 0.0663809 0.115188 0.141649 0.13122 0.107851 0.0959295 0.0889194 0.0737114 0.053673 0.0366662 0.0240627 0.014716 0.00813863 0.00396676 0.00165148 0.000569532
 3.67368e-11 1.72792e-09 5.62773e-08 1.2692e-06 1.98203e-05 0.000214329 0.00160488 0.00832186 0.0298878 0.0744026 0.128765 0.156733 0.14007 0.104768 0.0820459 0.0717202 0.0611479 0.048329 0.0360832 0.0250084 0.0155938 0.00865618 0.00423274 0.00177589 0.000618132
 3.44209e-11 1.61899e-09 5.27295e-08 1.18918e-06 1.85708e-05 0.000200818 0.00150372 0.00779752 0.0280076 0.0697516 0.120916 0.148125 0.135402 0.10755 0.0913769 0.0822937 0.0674066 0.0491182 0.0343936 0.0238587 0.0156593 0.00921689 0.00468943 0.00200707 0.000705477
 3.51982e-11 1.65556e-09 5.39204e-08 1.21604e-06 1.89902e-05 0.000205353 0.00153768 0.00797348 0.0286381 0.0713075 0.123515 0.150848 0.13643 0.105446 0.0866178 0.0775592 0.0654989 0.0502672 0.0364388 0.0249883 0.0158519 0.00919711 0.00477015 0.00211824 0.000770913
 3.28335e-11 1.54433e-09 5.02978e-08 1.13434e-06 1.77144e-05 0.000191557 0.00143438 0.00743799 0.026717 0.0665455 0.115413 0.141644 0.13032 0.105327 0.0918718 0.0847962 0.0714217 0.0539995 0.0390002 0.0272255 0.0176829 0.0103567 0.00534973 0.00237232 0.000873352
 3.66049e-11 1.72172e-09 5.60753e-08 1.26464e-06 1.97491e-05 0.000213559 0.00159912 0.00829199 0.0297806 0.0741369 0.128312 0.156215 0.13971 0.104693 0.0821305 0.0716173 0.0605768 0.0474638 0.0355298 0.0252364 0.0164988 0.00974915 0.00509725 0.00228214 0.000845026
 3.45406e-11 1.62462e-09 5.29129e-08 1.19332e-06 1.86354e-05 0.000201516 0.00150895 0.0078246 0.0281045 0.0699901 0.12131 0.148513 0.135456 0.106988 0.0902615 0.0811252 0.0667395 0.0490591 0.0346409 0.0241688 0.0160362 0.00968958 0.00515378 0.00233588 0.000873556
 3.49444e-11 1.64362e-09 5.35316e-08 1.20727e-06 1.88533e-05 0.000203872 0.00152659 0.00791601 0.0284321 0.0707976 0.122654 0.149898 0.135899 0.105704 0.087566 0.0786334 0.0661149 0.0503099 0.0362296 0.0248497 0.015871 0.00932321 0.00493426 0.00225986 0.000857233
 3.87725e-11 1.82367e-09 5.93958e-08 1.33952e-06 2.09186e-05 0.000226205 0.00169381 0.00878289 0.0315425 0.0785122 0.135809 0.164987 0.146395 0.107177 0.080702 0.0676963 0.0553225 0.0416925 0.0301526 0.0210087 0.0135987 0.00796592 0.00414439 0.00186589 0.000702803
 3.44049e-11 1.61824e-09 5.27051e-08 1.18863e-06 1.85622e-05 0.000200725 0.00150303 0.00779394 0.0279952 0.0697252 0.120901 0.148249 0.13597 0.108921 0.0935158 0.0844523 0.068569 0.0487854 0.0328157 0.0217634 0.0138441 0.00811824 0.00424037 0.00190497 0.00071165
 3.60482e-11 1.69553e-09 5.52224e-08 1.2454e-06 1.94488e-05 0.000210311 0.0015748 0.00816595 0.0293288 0.0730209 0.12644 0.154217 0.138826 0.105936 0.0854078 0.0756288 0.0637498 0.0489516 0.0353036 0.0237827 0.0146161 0.00817378 0.00413318 0.00183117 0.000680811
 3.16569e-11 1.48899e-09 4.84954e-08 1.09369e-06 1.70796e-05 0.000184692 0.00138298 0.00717158 0.0257614 0.0641781 0.111395 0.137125 0.127481 0.10573 0.0952336 0.089259 0.0750623 0.0561398 0.0400339 0.0276707 0.017776 0.0102225 0.00514532 0.00222285 0.000805041
 3.5035e-11 1.64788e-09 5.36704e-08 1.2104e-06 1.89022e-05 0.0002044 0.00153054 0.00793645 0.0285046 0.0709695 0.122892 0.14991 0.135026 0.103249 0.0837192 0.0750433 0.064779 0.0517466 0.0392539 0.0279143 0.0180909 0.0105442 0.00542184 0.00238053 0.000863303
 3.60354e-11 1.69493e-09 5.52028e-08 1.24496e-06 1.94419e-05 0.000210237 0.00157424 0.00816307 0.0293186 0.0729973 0.126411 0.154234 0.139001 0.106331 0.0857554 0.0751903 0.0619435 0.0464117 0.0337078 0.0241321 0.016277 0.00988573 0.00523127 0.00234225 0.000862094
 3.75653e-11 1.76689e-09 5.75465e-08 1.29782e-06 2.02673e-05 0.000219162 0.00164108 0.00850956 0.0305621 0.0760839 0.131692 0.160374 0.143557 0.107758 0.0843981 0.0724812 0.0590324 0.0434963 0.030531 0.0208472 0.013523 0.00812365 0.00437194 0.00201487 0.000762008
#pred catch len freq
 2.13284e-11 1.00319e-09 3.26731e-08 7.3686e-07 1.15072e-05 0.000124434 0.00093178 0.00483202 0.0173602 0.0432775 0.0753142 0.09364 0.0900692 0.0811454 0.0815142 0.0843054 0.0801715 0.0717167 0.0631426 0.0546124 0.0464094 0.039254 0.0324137 0.0243982 0.0153549
 9.90437e-12 4.65854e-10 1.51726e-08 3.4218e-07 5.34367e-06 5.77858e-05 0.000432743 0.00224485 0.00807559 0.0202349 0.0359181 0.0479661 0.0566243 0.0719024 0.0942755 0.108371 0.106094 0.0958027 0.0850308 0.0738303 0.0618068 0.0499078 0.038414 0.0269431 0.0160618
 7.73373e-12 3.63758e-10 1.18474e-08 2.67188e-07 4.17254e-06 4.51208e-05 0.000337884 0.00175248 0.00630018 0.0157454 0.0276724 0.0356967 0.0385665 0.0439993 0.057365 0.0753618 0.093842 0.109082 0.114345 0.106848 0.0911966 0.0726653 0.0536835 0.035522 0.0199684
 3.09526e-11 1.45586e-09 4.74166e-08 1.06936e-06 1.66996e-05 0.000180582 0.00135217 0.00701113 0.0251753 0.0626233 0.108048 0.129961 0.111152 0.0727268 0.0449227 0.0352136 0.0366881 0.0444109 0.0550344 0.0631373 0.0635928 0.0554181 0.0417831 0.0270071 0.0145433
 4.21645e-11 1.98322e-09 6.45921e-08 1.45671e-06 2.27487e-05 0.000245994 0.00184198 0.00955099 0.0342979 0.0853407 0.147415 0.17811 0.154856 0.106395 0.0705843 0.0514561 0.0365796 0.023708 0.0169333 0.0162283 0.0177768 0.017864 0.0150181 0.0102309 0.00554256
 3.31054e-11 1.55712e-09 5.07143e-08 1.14373e-06 1.78611e-05 0.000193143 0.00144627 0.00749978 0.0269409 0.0671237 0.116555 0.143692 0.134238 0.112458 0.101689 0.0930142 0.0726073 0.0466342 0.0266654 0.0153613 0.0102554 0.00837547 0.00710315 0.00517391 0.00295529
 3.0591e-11 1.43886e-09 4.68626e-08 1.05687e-06 1.65045e-05 0.000178474 0.00133642 0.00693015 0.0248944 0.0620223 0.10768 0.132677 0.123771 0.103669 0.0951036 0.0915999 0.080278 0.0627185 0.044644 0.0283298 0.0158604 0.00850355 0.00496752 0.00308977 0.00172935
 3.18009e-11 1.49576e-09 4.87161e-08 1.09867e-06 1.71573e-05 0.000185533 0.00138927 0.00720407 0.0258765 0.0644505 0.111768 0.137116 0.126 0.10162 0.0888252 0.0833325 0.072999 0.0588135 0.0453292 0.0327317 0.0210198 0.0117139 0.00577495 0.00265982 0.00117258
 3.54524e-11 1.66751e-09 5.43098e-08 1.22482e-06 1.91273e-05 0.000206835 0.00154878 0.008031 0.0288441 0.0718151 0.124357 0.1517 0.136634 0.104397 0.0842557 0.0745059 0.0626987 0.048629 0.0366128 0.0268492 0.01833 0.0111491 0.00584218 0.00259339 0.00097968
 3.38302e-11 1.59121e-09 5.18247e-08 1.16878e-06 1.82521e-05 0.000197372 0.00147792 0.00766375 0.0275274 0.0685604 0.118881 0.145771 0.133697 0.107133 0.0921585 0.0837229 0.0689133 0.0502974 0.0350553 0.024176 0.0160544 0.00987069 0.00538505 0.00249291 0.000946245
 3.57885e-11 1.68332e-09 5.48247e-08 1.23643e-06 1.93087e-05 0.000208797 0.00156346 0.00810718 0.029118 0.0725007 0.125568 0.153288 0.138419 0.106495 0.0867739 0.0769694 0.0641896 0.048398 0.0344455 0.0233055 0.014674 0.00853438 0.00451921 0.00209374 0.000808044
 3.55647e-11 1.67279e-09 5.44817e-08 1.2287e-06 1.91879e-05 0.00020749 0.00155369 0.00805654 0.028937 0.072058 0.124857 0.152679 0.138692 0.108362 0.0899988 0.0799824 0.0652422 0.0472752 0.0324612 0.021685 0.0136384 0.0078217 0.0040072 0.00179008 0.000674828
 3.47942e-11 1.63655e-09 5.33015e-08 1.20208e-06 1.87722e-05 0.000202996 0.00152003 0.00788207 0.0283108 0.070504 0.1222 0.149599 0.136439 0.107772 0.0910186 0.0820654 0.0678326 0.0498246 0.0343603 0.0226257 0.0138588 0.00774952 0.00388934 0.00170042 0.000625102
 3.47301e-11 1.63354e-09 5.32032e-08 1.19987e-06 1.87376e-05 0.000202621 0.00151723 0.00786753 0.0282585 0.0703729 0.121967 0.149288 0.136076 0.107327 0.0905004 0.0816448 0.0677639 0.0502146 0.035069 0.0233625 0.0143707 0.00797249 0.00392626 0.00167611 0.000601576
 3.28693e-11 1.54602e-09 5.03528e-08 1.13558e-06 1.77337e-05 0.000191766 0.00143595 0.00744616 0.0267467 0.0666241 0.11558 0.14199 0.131089 0.106855 0.0941529 0.0871211 0.0728005 0.0539296 0.037661 0.0251966 0.0156284 0.00874103 0.00431462 0.00182939 0.000646867
 3.35494e-11 1.578e-09 5.13946e-08 1.15908e-06 1.81006e-05 0.000195733 0.00146565 0.00760012 0.0272985 0.0679872 0.117866 0.14443 0.132172 0.105388 0.0904018 0.0829584 0.0702953 0.0536567 0.0386973 0.0264273 0.0165472 0.00930838 0.00462081 0.00196753 0.00069565
 3.33869e-11 1.57036e-09 5.11457e-08 1.15346e-06 1.8013e-05 0.000194786 0.00145856 0.00756334 0.0271667 0.067662 0.117323 0.143859 0.131949 0.105798 0.0913085 0.0837392 0.0703315 0.0530013 0.0380273 0.026274 0.016847 0.00971063 0.00490568 0.00211083 0.00075076
 3.26938e-11 1.53776e-09 5.00838e-08 1.12951e-06 1.7639e-05 0.000190742 0.00142828 0.00740637 0.0266036 0.0662661 0.114948 0.141161 0.130161 0.105784 0.0929351 0.0860941 0.0724572 0.0544338 0.0387609 0.0265374 0.0169417 0.00982338 0.00504036 0.00221014 0.000799022
 3.21993e-11 1.5145e-09 4.93263e-08 1.11243e-06 1.73722e-05 0.000187856 0.00140667 0.00729435 0.0262013 0.0652649 0.113217 0.139063 0.128321 0.104522 0.0922425 0.0860987 0.0734395 0.0563148 0.0409271 0.0283254 0.0180982 0.010461 0.00536498 0.0023661 0.000865155
 3.30097e-11 1.55262e-09 5.05679e-08 1.14043e-06 1.78095e-05 0.000192585 0.00144208 0.00747788 0.0268598 0.066897 0.115994 0.142218 0.130412 0.104531 0.0903056 0.0832374 0.0707312 0.0543287 0.0397991 0.0279441 0.0181588 0.0106379 0.00549388 0.00242978 0.000891017
 3.35172e-11 1.57649e-09 5.13452e-08 1.15796e-06 1.80833e-05 0.000195545 0.00146425 0.00759282 0.0272724 0.0679225 0.117757 0.144309 0.1321 0.105384 0.0903602 0.0826355 0.06951 0.0526303 0.0380303 0.0265513 0.0173265 0.0102666 0.0053764 0.00240676 0.000890049
 3.2816e-11 1.54351e-09 5.02711e-08 1.13374e-06 1.7705e-05 0.000191455 0.00143362 0.00743405 0.0267028 0.0665114 0.115361 0.14161 0.130389 0.105589 0.0923371 0.0853408 0.0718335 0.0540759 0.0386612 0.0266383 0.0171742 0.0101098 0.00530206 0.00239216 0.00089391
 3.46215e-11 1.62843e-09 5.30369e-08 1.19611e-06 1.86791e-05 0.000201988 0.00151248 0.00784289 0.0281696 0.070147 0.121545 0.14863 0.135026 0.105601 0.0881433 0.0794676 0.0668308 0.0508672 0.0367918 0.0254349 0.0163026 0.00949491 0.00493042 0.002213 0.000827447
 3.4185e-11 1.6079e-09 5.23682e-08 1.18103e-06 1.84435e-05 0.000199441 0.00149342 0.00774408 0.0278155 0.0692734 0.120087 0.147106 0.134468 0.106842 0.0909684 0.0824463 0.068387 0.0506509 0.0356828 0.0243915 0.0156523 0.00914026 0.00473565 0.00211231 0.000784748
 3.31115e-11 1.55741e-09 5.07237e-08 1.14395e-06 1.78644e-05 0.000193179 0.00144652 0.00750097 0.0269431 0.0671091 0.116392 0.142848 0.131439 0.106251 0.0926784 0.0854583 0.0717056 0.0536191 0.0378463 0.0255732 0.0160937 0.00924353 0.004748 0.00211023 0.000781639
 3.22423e-11 1.51652e-09 4.93922e-08 1.11392e-06 1.73954e-05 0.000188108 0.00140856 0.00730412 0.0262365 0.0653539 0.11338 0.139306 0.128678 0.105072 0.092969 0.0867471 0.0736789 0.0560537 0.0403505 0.0276651 0.0174943 0.00999089 0.00506729 0.00222223 0.000814977
 3.13898e-11 1.47643e-09 4.80862e-08 1.08446e-06 1.69355e-05 0.000183134 0.00137131 0.00711103 0.0255434 0.0636318 0.110423 0.135815 0.125915 0.103785 0.0930268 0.0877005 0.0752641 0.0581351 0.0426777 0.0298716 0.0192602 0.0111649 0.00570043 0.00249433 0.000907508
 3.37768e-11 1.5887e-09 5.1743e-08 1.16693e-06 1.82233e-05 0.00019706 0.00147559 0.00765157 0.0274827 0.0684394 0.118606 0.145129 0.132149 0.104012 0.0877204 0.0799334 0.0681482 0.0530029 0.0394343 0.0280712 0.0184615 0.0109314 0.00568859 0.00252301 0.000923875
 3.43154e-11 1.61403e-09 5.25681e-08 1.18554e-06 1.85139e-05 0.000200202 0.00149912 0.0077736 0.0279211 0.0695328 0.120511 0.147507 0.134456 0.106057 0.0894465 0.0807495 0.0672161 0.0503276 0.0361059 0.0252854 0.0166995 0.010046 0.005334 0.002413 0.000898349
#obs catch len freq
 1.94988e-11 9.17131e-10 2.98704e-08 6.73653e-07 1.05201e-05 0.000113761 0.000851857 0.00441766 0.015873 0.0395838 0.0689819 0.0862167 0.0843561 0.0788505 0.0822667 0.0867698 0.0834973 0.0760209 0.0689018 0.0616207 0.053167 0.0434365 0.0324946 0.0211781 0.0113901
 2.10163e-11 9.88506e-10 3.2195e-08 7.26079e-07 1.13388e-05 0.000122614 0.000918143 0.00476127 0.0171055 0.0426372 0.0741639 0.0920429 0.0880163 0.0783455 0.0780277 0.0813257 0.0794297 0.0740873 0.06826 0.0613214 0.0528435 0.0430154 0.0319612 0.0206278 0.0109751
 7.67289e-16 3.616e-14 1.18682e-12 2.75821e-11 4.81364e-10 7.37994e-09 1.19939e-07 1.95398e-06 2.6015e-05 0.000252374 0.00171939 0.00815236 0.0269015 0.0621601 0.102316 0.125103 0.1239 0.112526 0.102006 0.0921053 0.0803156 0.0657893 0.0488338 0.0313429 0.0165479
 1.07295e-11 5.04666e-10 1.64366e-08 3.70688e-07 5.78881e-06 6.25975e-05 0.000468717 0.00243025 0.00872523 0.0216917 0.0373454 0.0445642 0.0371937 0.0237108 0.019635 0.0355278 0.0700903 0.107186 0.127244 0.125749 0.111494 0.0916365 0.0682675 0.0438684 0.0231026
 5.06591e-11 2.38276e-09 7.7605e-08 1.75019e-06 2.73317e-05 0.000295552 0.00221304 0.0114745 0.0411977 0.102433 0.176428 0.210744 0.175386 0.103509 0.0461612 0.0186564 0.00947866 0.00839011 0.0117513 0.0165191 0.0191198 0.0180179 0.0141235 0.00920798 0.00486411
 3.02486e-11 1.42275e-09 4.6338e-08 1.04504e-06 1.63198e-05 0.000176477 0.00132149 0.00685311 0.0246235 0.0614034 0.106989 0.133616 0.130242 0.119785 0.118888 0.110963 0.0813381 0.0440995 0.0189309 0.00913241 0.00771836 0.00817524 0.00745085 0.005333 0.00294338
 3.81517e-11 1.79447e-09 5.84449e-08 1.31808e-06 2.05837e-05 0.000222583 0.00166669 0.00864224 0.0310369 0.0772492 0.133594 0.162154 0.143463 0.104363 0.0786313 0.0683746 0.0605411 0.0497009 0.0359827 0.0215944 0.0107247 0.00525708 0.00325139 0.00223046 0.00129844
 2.42445e-11 1.14034e-09 3.71402e-08 8.37606e-07 1.30805e-05 0.000141448 0.0010592 0.00549312 0.0197403 0.049259 0.0860522 0.108523 0.109144 0.107216 0.114652 0.115203 0.0960442 0.0686428 0.0470436 0.0321356 0.0202547 0.010942 0.00512383 0.00228831 0.00102754
 4.00552e-11 1.884e-09 6.13608e-08 1.38384e-06 2.16106e-05 0.000233688 0.00174983 0.00907317 0.0325818 0.0810678 0.140016 0.169093 0.146836 0.1009 0.0686292 0.0558764 0.0504747 0.0449684 0.0370748 0.0269723 0.0171623 0.00967766 0.00479626 0.00204375 0.000748914
 3.21444e-11 1.51192e-09 4.92423e-08 1.11054e-06 1.73427e-05 0.000187537 0.00140429 0.00728213 0.0261596 0.065181 0.11321 0.139702 0.130934 0.11054 0.100876 0.0928378 0.0732981 0.0493229 0.0322451 0.0225806 0.0158347 0.0099468 0.0052811 0.00232141 0.000836612
 3.6138e-11 1.69976e-09 5.536e-08 1.24851e-06 1.94972e-05 0.000210835 0.00157873 0.00818627 0.0294014 0.0731982 0.126723 0.154449 0.138682 0.105129 0.0841033 0.0746099 0.0637734 0.0498147 0.0360433 0.0239164 0.0145475 0.00832992 0.00443852 0.00206088 0.000781778
 3.86139e-11 1.81621e-09 5.91528e-08 1.33405e-06 2.0833e-05 0.00022528 0.00168688 0.00874704 0.0314145 0.078201 0.135321 0.164631 0.146834 0.109046 0.0837975 0.0705774 0.0563526 0.0406292 0.0281594 0.0192148 0.0123075 0.00707468 0.00358496 0.00158199 0.000591371
 3.56422e-11 1.67643e-09 5.46004e-08 1.23138e-06 1.92297e-05 0.000207943 0.00155707 0.00807414 0.0290009 0.0722221 0.125177 0.153242 0.139742 0.110265 0.0926823 0.0824572 0.0662079 0.0462792 0.030159 0.0191468 0.0116384 0.00657434 0.00334078 0.00146776 0.00053773
 3.59366e-11 1.69028e-09 5.50514e-08 1.24155e-06 1.93886e-05 0.00020966 0.00156993 0.00814074 0.0292391 0.0728055 0.126121 0.154084 0.139519 0.108115 0.0889156 0.0790041 0.0652363 0.0480934 0.0330707 0.0213581 0.0126107 0.00674486 0.00325651 0.00138553 0.000499166
 3.59986e-11 1.6932e-09 5.51464e-08 1.24369e-06 1.9422e-05 0.000210022 0.00157264 0.0081548 0.0292896 0.0729316 0.126342 0.154364 0.139803 0.108369 0.0890503 0.0787833 0.0644808 0.0470823 0.0324562 0.0214697 0.0131217 0.00716659 0.00342985 0.00141206 0.00048925
 3.10317e-11 1.45958e-09 4.75376e-08 1.07209e-06 1.67423e-05 0.000181045 0.00135567 0.00703004 0.0252541 0.062926 0.109301 0.134918 0.126606 0.107381 0.0992621 0.0939899 0.0784814 0.0572904 0.0391893 0.0257381 0.0157463 0.00870963 0.00424529 0.00176747 0.000609538
 3.52314e-11 1.65712e-09 5.39712e-08 1.21719e-06 1.90081e-05 0.000205546 0.00153912 0.00798095 0.0286645 0.0713684 0.123588 0.150785 0.135893 0.104075 0.08456 0.0758091 0.0652378 0.0517119 0.0386538 0.0268044 0.0167176 0.0092808 0.00453833 0.00190413 0.00066277
 3.2689e-11 1.53753e-09 5.00765e-08 1.12935e-06 1.76364e-05 0.000190714 0.00142807 0.00740533 0.0266004 0.066262 0.114969 0.14132 0.130721 0.107024 0.0946535 0.087296 0.0721019 0.05269 0.0369486 0.0256521 0.0168423 0.0099145 0.00504459 0.00215912 0.000758925
 3.35083e-11 1.57607e-09 5.13315e-08 1.15765e-06 1.80784e-05 0.000195493 0.00146385 0.00759077 0.0272649 0.0679016 0.117707 0.144183 0.131784 0.104762 0.0895755 0.0822607 0.0700989 0.0539573 0.039166 0.0268769 0.0170551 0.00989642 0.0051331 0.00227945 0.000829589
 3.10929e-11 1.46246e-09 4.76313e-08 1.07421e-06 1.67753e-05 0.000181402 0.00135834 0.00704382 0.0253027 0.0630378 0.109432 0.134786 0.125558 0.104672 0.0949819 0.0896714 0.0761186 0.0577054 0.0417328 0.0291542 0.0189416 0.0110952 0.00573148 0.00254165 0.000935695
 3.48875e-11 1.64094e-09 5.34444e-08 1.20531e-06 1.88226e-05 0.00020354 0.0015241 0.00790307 0.0283851 0.0706753 0.122406 0.149428 0.134943 0.103895 0.0849793 0.0762367 0.065164 0.0512313 0.0384052 0.0272978 0.0178517 0.0105499 0.00551616 0.00246974 0.000914496
 3.29221e-11 1.5485e-09 5.04335e-08 1.1374e-06 1.77622e-05 0.000192074 0.00143825 0.00745809 0.0267895 0.0667289 0.115751 0.142148 0.131064 0.106457 0.0932658 0.0857465 0.0711048 0.0524082 0.0370544 0.0258712 0.0171711 0.0103764 0.00551931 0.00250159 0.000935527
 3.32419e-11 1.56354e-09 5.09234e-08 1.14845e-06 1.79347e-05 0.000193939 0.00145222 0.00753045 0.0270486 0.0673664 0.116803 0.143187 0.131229 0.105041 0.0905815 0.0833955 0.0707428 0.0539899 0.0389324 0.0267224 0.0170724 0.0100302 0.00530868 0.00243139 0.000922304
 3.71571e-11 1.74769e-09 5.69212e-08 1.28372e-06 2.00471e-05 0.000216781 0.00162325 0.00841709 0.03023 0.0752569 0.130258 0.158621 0.141971 0.10656 0.0835767 0.0722137 0.0596861 0.0451452 0.0326998 0.0228005 0.0147633 0.00864918 0.00450008 0.00202607 0.000763139
 3.27496e-11 1.54038e-09 5.01692e-08 1.13144e-06 1.76691e-05 0.000191067 0.00143072 0.00741909 0.0266502 0.0663902 0.115219 0.141758 0.13154 0.108517 0.0967998 0.0893861 0.0731377 0.0521732 0.0351423 0.023325 0.0148429 0.0087051 0.00454711 0.0020428 0.000763146
 3.43667e-11 1.61644e-09 5.26465e-08 1.18731e-06 1.85416e-05 0.000200501 0.00150135 0.00778517 0.0279625 0.0696322 0.120661 0.147587 0.134209 0.105269 0.0883767 0.0803446 0.0683721 0.0526637 0.0380323 0.0256384 0.0157614 0.00881539 0.00445785 0.00197506 0.000734311
 3.00153e-11 1.41178e-09 4.59806e-08 1.03698e-06 1.61939e-05 0.000175115 0.00131128 0.00679983 0.0244275 0.0608701 0.105756 0.130665 0.123013 0.105163 0.0982434 0.093928 0.0795207 0.0596134 0.0425624 0.029438 0.0189168 0.0108798 0.00547633 0.00236588 0.000856846
 3.33701e-11 1.56957e-09 5.11198e-08 1.15288e-06 1.80039e-05 0.000194687 0.00145781 0.00755941 0.0271517 0.0676134 0.117165 0.143323 0.130379 0.10242 0.0864019 0.0794593 0.0692257 0.055463 0.042126 0.0299746 0.0194312 0.0113265 0.00582435 0.00255729 0.000927413
 3.44418e-11 1.61998e-09 5.27616e-08 1.18991e-06 1.85821e-05 0.00020094 0.00150463 0.0078022 0.0280238 0.0697859 0.120935 0.147956 0.134641 0.10573 0.0885944 0.0796252 0.0661878 0.0497384 0.0361728 0.0259147 0.0174843 0.0106201 0.00562007 0.00251636 0.00092618
#spawning biomass
 21631.3 21687.9 17403.2 12996.9 13667.9 24369.1 34970.6 44056.6 56191.3 74610.2 94579.7 105493 132558 146574 151211 147925 155107 137803 144053 136908 137034 140809 142639 164129 178591 179022 182366 173656 198432 241779 282350 193452 120887 75786.8 50811.2 37883.7 31469.8 28374.2 26907.3 26220.8 25902.2 25755.2 25687.6 25656.6 25642.5 25636 25633.1 25631.7 25631.1 25630.8 25630.7 25630.7 25630.6 25630.6 25630.6 25630.6 25630.6 25630.6 25630.6 25630.6 25630.6 25630.6 25630.6 25630.6 25630.6 25630.6 25630.6 25630.6 25630.6 25630.6 25630.6 25630.6 25630.6 25630.6 25630.6 25630.6 25630.6 25630.6 25630.6 25630.6 25630.6 25630.6 25630.6 25630.6 25630.6 25630.6 25630.6 25630.6 25630.6 25630.6 25630.6 25630.6 25630.6 25630.6 25630.6 25630.6 25630.6 25630.6 25630.6 25630.6 25630.6 25630.6 25630.6 25630.6 25630.6 25630.6 25630.6 25630.6 25630.6 25630.6 25630.6 25630.6 25630.6 25630.6 25630.6 25630.6 25630.6 25630.6 25630.6 25630.6 25630.6 25630.6 25630.6 25630.6 25630.6 25630.6 25630.6 25630.6 25630.6 0 0 0 0 0 0 0 0 0 0 0 0 0 0 0 0 0 0 0 0 0 0 0 0 0
