SBPRF35
0.0235637
Curr Bio
49684.1
B35
24341.6
F35
8.51262
FOFL
8.51262
OFL
99417.3
Bzero
6730.06
#pred survey bio
 10693.8 8622.61 10027 12029.8 14524.9 17027.5 16077.4 16109.3 26203.4 37286.1 36734.8 45150.4 70750.4 82522.1 68194.6 57971.9 57540.6 60632.8 60207 60029.8 61816.2 68743.5 75332.3 74138.4 79439.6 76411.6 70997.7 69144.8 91476.9 2.29122e+06 1.40612e+06 347440 162550 122164 110819 107572 106637 106365 106287 106264 106257 106255 106254 106254 106254 106254 106254 106254 106254 106254 106254 106254 106254 106254 106254 106254 106254 106254 106254 106254 106254 106254 106254 106254 106254 106254 106254 106254 106254 106254 106254 106254 106254 106254 106254 106254 106254 106254 106254 106254 106254 106254 106254 106254 106254 106254 106254 106254 106254 106254 106254 106254 106254 106254 106254 106254 106254 106254 106254 106254 106254 106254 106254 106254 106254 106254 106254 106254 106254 106254 106254 106254 106254 106254 106254 106254 106254 106254 106254 106254 106254 106254 106254 106254 106254 106254 106254 106254 106254 0 0 0 0 0 0 0 0 0 0 0 0 0 0 0 0 0 0 0 0 0 0 0 0 0
#obs survey bio
 8031.55 10318.4 11477.7 12465.7 13588.4 19122.1 13727.3 24352.3 36310.1 36321.5 28474.8 63459.4 72410.6 67291.7 48259 61879.1 60646.1 55746.5 53649.8 63613 74465.9 85216.9 54899.6 69957 66333.1 57962.4 58894.7 87510.5 85067
#pred catch bio
 4416.1 3265.92 3731.04 4965.31 5735.26 8386.22 9362.05 7973.14 9023.71 19795.4 24231.1 19370.5 31574.6 51955 43093.9 36473.3 31748.9 35718.8 36270.3 35391.3 34513.4 33875.8 47486.1 41837.2 47928.5 46556.9 46390.5 43018.5 88026.8 99417.3 67402.9 5924.74 4291.72 4291.36 4291.36 4291.36 4291.36 4291.36 4291.36 4291.36 4291.36 4291.36 4291.36 4291.36 4291.36 4291.36 4291.36 4291.36 4291.36 4291.36 4291.36 4291.36 4291.36 4291.36 4291.36 4291.36 4291.36 4291.36 4291.36 4291.36 4291.36 4291.36 4291.36 4291.36 4291.36 4291.36 4291.36 4291.36 4291.36 4291.36 4291.36 4291.36 4291.36 4291.36 4291.36 4291.36 4291.36 4291.36 4291.36 4291.36 4291.36 4291.36 4291.36 4291.36 4291.36 4291.36 4291.36 4291.36 4291.36 4291.36 4291.36 4291.36 4291.36 4291.36 4291.36 4291.36 4291.36 4291.36 4291.36 4291.36 4291.36 4291.36 4291.36 4291.36 4291.36 4291.36 4291.36 4291.36 4291.36 4291.36 4291.36 4291.36 4291.36 4291.36 4291.36 4291.36 4291.36 4291.36 4291.36 4291.36 4291.36 4291.36 4291.36 4291.36 4291.36 4291.36 4291.36 4291.36 4291.36 0 0 0 0 0 0 0 0 0 0 0 0 0 0 0 0 0 0 0 0 0 0 0 0 0
#obs catch bio
 3446.31 3290.95 3697.65 4908.89 5651.08 8411.09 9572.69 8184.14 8785.38 19376.9 25391.7 19113.9 30972.9 52404.6 42979.9 37531.4 31359.2 36075.8 36524.2 35234.7 34652 33044.2 48115.1 41707.2 47853.9 47328.1 47122.6 42686.6 87931
#pred cpue bio
 7555.62 4728.64 5233.35 6324.47 7370.15 9043.26 9061.34 7872.54 10712.8 19107.5 19793.9 18739.6 32313.2 44020.8 37569.9 30689 28201.7 31359.2 30719.8 30492 31040 33785.8 39556.4 36590.4 40149.9 39849.3 37141.1 33827.2 38935.9 962569 949653 306508 111023 68887.7 57395.7 54138.2 53201.5 52930.2 52851.4 52828.4 52821.6 52819.7 52819.1 52818.9 52818.9 52818.9 52818.9 52818.8 52818.8 52818.8 52818.8 52818.8 52818.8 52818.8 52818.8 52818.8 52818.8 52818.8 52818.8 52818.8 52818.8 52818.8 52818.8 52818.8 52818.8 52818.8 52818.8 52818.8 52818.8 52818.8 52818.8 52818.8 52818.8 52818.8 52818.8 52818.8 52818.8 52818.8 52818.8 52818.8 52818.8 52818.8 52818.8 52818.8 52818.8 52818.8 52818.8 52818.8 52818.8 52818.8 52818.8 52818.8 52818.8 52818.8 52818.8 52818.8 52818.8 52818.8 52818.8 52818.8 52818.8 52818.8 52818.8 52818.8 52818.8 52818.8 52818.8 52818.8 52818.8 52818.8 52818.8 52818.8 52818.8 52818.8 52818.8 52818.8 52818.8 52818.8 52818.8 52818.8 52818.8 52818.8 52818.8 52818.8 52818.8 52818.8 52818.8 52818.8 52818.8 0 0 0 0 0 0 0 0 0 0 0 0 0 0 0 0 0 0 0 0 0 0 0 0 0
#obs cpue bio
 3707.87 4545.42 6777.5 8009.43 7813.73 5453.92 6789.82 5457.4 17729.2 13781.5 14459.8 22464.8 29680.3 48599.1 47801.7 21591.3 33018.5 24949.9 35373.2 29860.6 29534.4 42005.3 34245.2 45590.5 41095.1 35376.1 43241.2 39589.8 34759.4
#pred surv len freq
 2.14178e-27 2.16346e-27 5.59679e-27 1.17456e-21 6.98558e-17 9.55154e-13 3.00254e-09 2.16994e-06 0.000360533 0.0137721 0.120947 0.244198 0.113918 0.0272269 0.0927067 0.130609 0.0553908 0.0508046 0.0452986 0.0292092 0.0229636 0.0177256 0.0159842 0.0134622 0.00542084
 2.14361e-27 2.16917e-27 6.24709e-27 1.39517e-21 8.29763e-17 1.13455e-12 3.56648e-09 2.57751e-06 0.000428249 0.0163588 0.143664 0.290063 0.135268 0.0311126 0.102613 0.144145 0.0553011 0.0348084 0.0267378 0.00937931 0.00438076 0.00240998 0.00166036 0.00120114 0.000466256
 2.14384e-27 2.16981e-27 6.31463e-27 1.41807e-21 8.43379e-17 1.15317e-12 3.62501e-09 2.6198e-06 0.000435276 0.0166273 0.146021 0.294823 0.137492 0.0317365 0.104988 0.14742 0.0555834 0.0320656 0.0237074 0.00651835 0.00181024 0.000480327 0.000169674 8.84327e-05 3.09313e-05
 2.14359e-27 2.16921e-27 6.25157e-27 1.39668e-21 8.30657e-17 1.13578e-12 3.57033e-09 2.58028e-06 0.00042871 0.0163764 0.143819 0.290376 0.135445 0.0319677 0.10774 0.151305 0.0570554 0.0329284 0.0242515 0.0063957 0.00156524 0.00029264 4.13564e-05 8.60741e-06 2.19062e-06
 2.14433e-27 2.17101e-27 6.43984e-27 1.46053e-21 8.68634e-17 1.1877e-12 3.73356e-09 2.69825e-06 0.00044831 0.0171252 0.150394 0.303651 0.141565 0.0315238 0.101029 0.141812 0.0532531 0.030063 0.0219997 0.00561272 0.00127508 0.00022073 2.30868e-05 1.81572e-06 1.64245e-07
 2.14298e-27 2.16768e-27 6.08509e-27 1.34018e-21 7.97057e-17 1.08983e-12 3.4259e-09 2.47591e-06 0.000411369 0.015714 0.138001 0.278631 0.130049 0.0328819 0.11686 0.164106 0.0608288 0.0319509 0.0231176 0.00588043 0.00132153 0.000221472 2.12498e-05 1.29011e-06 4.58298e-08
 2.14143e-27 2.16389e-27 5.68669e-27 1.20505e-21 7.16689e-17 9.79945e-13 3.08047e-09 2.22626e-06 0.00036989 0.0141296 0.124087 0.250538 0.1171 0.0339147 0.131633 0.185003 0.0692364 0.0383589 0.0277664 0.00648182 0.00117814 0.000184253 1.68614e-05 9.52459e-07 2.71482e-08
 2.14518e-27 2.1731e-27 6.66135e-27 1.53567e-21 9.13323e-17 1.24881e-12 3.92564e-09 2.83707e-06 0.000471375 0.0180062 0.158131 0.319272 0.14876 0.0307858 0.0918153 0.128831 0.0487675 0.0286781 0.0208815 0.00471607 0.000765584 0.000106747 8.01525e-06 3.97179e-07 1.04904e-08
 2.1475e-27 2.17871e-27 7.24236e-27 1.7327e-21 1.0305e-16 1.40903e-12 4.42931e-09 3.20107e-06 0.000531853 0.0203164 0.17842 0.360234 0.167666 0.0299738 0.0745118 0.104218 0.0370076 0.0145029 0.00984375 0.0022968 0.000411853 5.77045e-05 3.94961e-06 1.6767e-07 3.71993e-09
 2.14274e-27 2.16697e-27 5.99455e-27 1.3094e-21 7.78748e-17 1.0648e-12 3.34721e-09 2.41904e-06 0.00040192 0.0153531 0.134831 0.272231 0.127151 0.0345116 0.128738 0.180621 0.0635713 0.0231087 0.0153614 0.0034645 0.000565417 8.01309e-05 6.06251e-06 2.66152e-07 5.40833e-09
 2.14274e-27 2.1671e-27 6.02538e-27 1.31994e-21 7.85016e-17 1.07337e-12 3.37415e-09 2.43851e-06 0.000405155 0.0154766 0.135917 0.274422 0.128102 0.0328517 0.117945 0.165699 0.0622945 0.0353444 0.0254533 0.00534629 0.000656144 7.98303e-05 5.44006e-06 2.33376e-07 5.01498e-09
 2.14734e-27 2.17833e-27 7.20325e-27 1.71944e-21 1.02262e-16 1.39825e-12 4.39541e-09 3.17657e-06 0.000527783 0.0201609 0.177054 0.357477 0.166393 0.0300057 0.0755376 0.105687 0.0378516 0.0158483 0.0108275 0.00229671 0.00029349 3.39679e-05 1.81377e-06 5.96687e-08 1.13657e-09
 2.14518e-27 2.17296e-27 6.62767e-27 1.52416e-21 9.06474e-17 1.23944e-12 3.8962e-09 2.81579e-06 0.00046784 0.0178712 0.156946 0.316879 0.147719 0.0325498 0.103305 0.144728 0.0502927 0.0162156 0.0104043 0.00225875 0.000319753 3.93911e-05 2.23802e-06 7.25057e-08 1.13798e-09
 2.14229e-27 2.16594e-27 5.89349e-27 1.27515e-21 7.58381e-17 1.03695e-12 3.25967e-09 2.35577e-06 0.000391408 0.0149515 0.131305 0.265112 0.123845 0.0341081 0.128421 0.180319 0.065453 0.0301397 0.0209621 0.00439127 0.000532689 6.26953e-05 3.83568e-06 1.36313e-07 2.2491e-09
 2.14159e-27 2.16422e-27 5.71463e-27 1.21449e-21 7.22306e-17 9.87625e-13 3.10461e-09 2.24371e-06 0.000372789 0.0142403 0.125059 0.252501 0.118027 0.0344226 0.134142 0.18844 0.0691152 0.034039 0.0239588 0.00500977 0.000598735 6.7208e-05 3.5778e-06 1.13599e-07 1.93181e-09
 2.14303e-27 2.16779e-27 6.09637e-27 1.344e-21 7.99331e-17 1.09294e-12 3.43568e-09 2.48297e-06 0.000412543 0.0157588 0.138395 0.279426 0.130415 0.0328525 0.116442 0.163532 0.0608817 0.0327542 0.0234233 0.00498361 0.000642128 7.45927e-05 3.93301e-06 1.17936e-07 1.79303e-09
 2.14426e-27 2.17076e-27 6.40155e-27 1.44749e-21 8.60876e-17 1.17709e-12 3.70021e-09 2.67415e-06 0.000444306 0.0169722 0.149051 0.300939 0.140353 0.0326374 0.108644 0.152384 0.0547853 0.0235941 0.0162208 0.003461 0.000453724 5.36853e-05 2.94935e-06 9.21815e-08 1.39198e-09
 2.14292e-27 2.16745e-27 6.05092e-27 1.32854e-21 7.90135e-17 1.08037e-12 3.39615e-09 2.45441e-06 0.000407796 0.0155775 0.136803 0.276212 0.128966 0.0338364 0.123416 0.173212 0.062226 0.0266481 0.0182848 0.00386207 0.000485464 5.67997e-05 3.21153e-06 1.04851e-07 1.65097e-09
 2.14366e-27 2.1693e-27 6.25172e-27 1.39668e-21 8.30661e-17 1.13578e-12 3.57034e-09 2.5803e-06 0.000428713 0.0163765 0.14382 0.290378 0.135474 0.0327229 0.112349 0.157689 0.057788 0.0283131 0.0199151 0.0041763 0.0005064 5.77371e-05 3.16272e-06 1.00988e-07 1.62004e-09
 2.14333e-27 2.16845e-27 6.15608e-27 1.36421e-21 8.11349e-17 1.10937e-12 3.48733e-09 2.52031e-06 0.000418745 0.0159958 0.140476 0.283627 0.132384 0.0335484 0.119424 0.167569 0.0600282 0.0251728 0.0171999 0.00363851 0.000459678 5.30159e-05 2.81657e-06 8.59783e-08 1.33404e-09
 2.14387e-27 2.16981e-27 6.30327e-27 1.41416e-21 8.41054e-17 1.14999e-12 3.61501e-09 2.61258e-06 0.000434076 0.0165814 0.145619 0.294011 0.137155 0.0327578 0.111468 0.156407 0.0567978 0.0262298 0.0182435 0.00379685 0.00044497 4.98868e-05 2.72278e-06 8.51347e-08 1.29669e-09
 2.14429e-27 2.17082e-27 6.40981e-27 1.45029e-21 8.62545e-17 1.17938e-12 3.70739e-09 2.67934e-06 0.000445168 0.0170051 0.14934 0.301523 0.140618 0.0325089 0.107684 0.151049 0.0545615 0.0243002 0.0168229 0.00360236 0.000478237 5.62527e-05 2.967e-06 8.96188e-08 1.37963e-09
 2.14283e-27 2.16727e-27 6.03561e-27 1.32337e-21 7.87059e-17 1.07616e-12 3.38293e-09 2.44485e-06 0.000406209 0.0155169 0.13627 0.275136 0.128458 0.0335336 0.121892 0.171126 0.0623387 0.0294025 0.0206211 0.00453723 0.000669849 8.44389e-05 4.92085e-06 1.6265e-07 2.50122e-09
 2.14422e-27 2.17065e-27 6.39224e-27 1.44434e-21 8.59002e-17 1.17453e-12 3.69216e-09 2.66833e-06 0.00044334 0.0169353 0.148726 0.300284 0.140047 0.0325328 0.108203 0.151789 0.0549432 0.0248231 0.0171978 0.00359033 0.000428534 4.97759e-05 2.99605e-06 1.05723e-07 1.76576e-09
 2.14345e-27 2.16875e-27 6.188e-27 1.37504e-21 8.17789e-17 1.11818e-12 3.51502e-09 2.54031e-06 0.000422069 0.0161227 0.141591 0.285878 0.133421 0.0334441 0.118108 0.165714 0.0593531 0.0248574 0.0169807 0.00359458 0.00045543 5.25662e-05 2.80108e-06 8.83578e-08 1.48634e-09
 2.14278e-27 2.16711e-27 6.01579e-27 1.31663e-21 7.8305e-17 1.07068e-12 3.3657e-09 2.4324e-06 0.00040414 0.0154379 0.135576 0.273735 0.127822 0.0338605 0.12431 0.174492 0.062954 0.0277972 0.0191564 0.00395459 0.000445912 4.89346e-05 2.65681e-06 8.28035e-08 1.27025e-09
 2.14296e-27 2.16758e-27 6.06873e-27 1.3346e-21 7.9374e-17 1.0853e-12 3.41165e-09 2.46561e-06 0.000409657 0.0156486 0.137427 0.277472 0.129532 0.0333872 0.120295 0.168885 0.0616891 0.0296043 0.0207412 0.0043325 0.000514965 5.70593e-05 2.89741e-06 8.39454e-08 1.27246e-09
 2.14424e-27 2.1707e-27 6.3946e-27 1.44512e-21 8.59471e-17 1.17517e-12 3.69417e-09 2.66979e-06 0.000443581 0.0169445 0.148808 0.300448 0.14013 0.0327291 0.109352 0.153372 0.0549948 0.0232253 0.0158628 0.00327584 0.000369852 4.00681e-05 2.05989e-06 5.95761e-08 8.58129e-10
 2.14675e-27 2.17684e-27 7.04306e-27 1.66509e-21 9.90292e-17 1.35405e-12 4.25646e-09 3.07616e-06 0.000511099 0.0195236 0.171458 0.346177 0.161198 0.030779 0.083664 0.117104 0.0413739 0.0155395 0.010327 0.00209916 0.000218872 2.24786e-05 1.11809e-06 3.13395e-08 4.50203e-10
#obs surv len freq
 8.70011e-40 4.2581e-33 4.79128e-27 1.23946e-21 7.37153e-17 1.00792e-12 3.16842e-09 2.28982e-06 0.000380457 0.014533 0.127629 0.25769 0.120344 0.0322489 0.119307 0.167767 0.0649043 0.0424743 0.0331418 0.0123861 0.00522351 0.00157394 0.000345535 4.66772e-05 3.23601e-06
 1.03664e-39 5.07365e-33 5.70895e-27 1.47685e-21 8.78338e-17 1.20097e-12 3.77526e-09 2.72839e-06 0.000453325 0.0173164 0.152073 0.307042 0.143099 0.0306158 0.0944628 0.132633 0.0509643 0.032327 0.0250058 0.00902901 0.00365674 0.00106271 0.000225105 2.94391e-05 1.96789e-06
 9.71534e-40 4.75498e-33 5.35038e-27 1.38409e-21 8.23172e-17 1.12554e-12 3.53814e-09 2.55702e-06 0.000424853 0.0162288 0.142522 0.287759 0.134266 0.0328096 0.113667 0.159499 0.0576922 0.0260181 0.0189905 0.00664632 0.0025883 0.000720876 0.000145361 1.82251e-05 1.17485e-06
 1.05091e-39 5.14348e-33 5.78752e-27 1.49718e-21 8.90427e-17 1.2175e-12 3.82722e-09 2.76594e-06 0.000459564 0.0175548 0.154166 0.311268 0.145081 0.031363 0.0977511 0.137139 0.0508471 0.026773 0.0196249 0.0056793 0.00174025 0.000453429 8.67622e-05 1.03196e-05 6.34702e-07
 9.85409e-40 4.82289e-33 5.42679e-27 1.40386e-21 8.34929e-17 1.14161e-12 3.58867e-09 2.59354e-06 0.000430921 0.0164606 0.144557 0.291868 0.136169 0.0328689 0.112791 0.158236 0.0568984 0.0245862 0.0175306 0.00542084 0.00173777 0.0003783 5.84967e-05 6.3599e-06 3.69561e-07
 8.11571e-40 3.97208e-33 4.46944e-27 1.1562e-21 6.87637e-17 9.4022e-13 2.95559e-09 2.13601e-06 0.000354901 0.0135568 0.119055 0.240381 0.112437 0.0347803 0.139977 0.196674 0.0720875 0.0354136 0.025576 0.00716074 0.00201938 0.000450403 6.67972e-05 5.99837e-06 2.9866e-07
 7.90491e-40 3.8689e-33 4.35335e-27 1.12617e-21 6.69776e-17 9.15798e-13 2.87882e-09 2.08053e-06 0.000345683 0.0132046 0.115963 0.234138 0.109505 0.0335739 0.134495 0.189203 0.0729399 0.0468909 0.0354518 0.0104467 0.0031081 0.000638306 8.61099e-05 7.45326e-06 3.29498e-07
 1.33037e-39 6.51122e-33 7.32653e-27 1.8953e-21 1.12721e-16 1.54125e-12 4.84494e-09 3.50145e-06 0.000581771 0.0222229 0.195162 0.394035 0.183199 0.0274549 0.0489475 0.0683123 0.0260534 0.0159437 0.0121699 0.00409822 0.00145132 0.000317528 4.32605e-05 3.46448e-06 1.41958e-07
 1.10457e-39 5.4061e-33 6.08304e-27 1.57362e-21 9.35893e-17 1.27966e-12 4.02264e-09 2.90717e-06 0.00048303 0.0184511 0.162038 0.327161 0.152477 0.0326632 0.100898 0.141209 0.0473047 0.00955401 0.00527284 0.00170631 0.000603068 0.00014966 2.37599e-05 2.01198e-06 8.02997e-08
 6.39968e-40 3.1322e-33 3.5244e-27 9.11729e-22 5.42239e-17 7.41414e-13 2.33064e-09 1.68436e-06 0.000279859 0.0106902 0.0938817 0.189558 0.0890877 0.0387144 0.179312 0.251892 0.0885399 0.0318053 0.0209803 0.00447536 0.000634513 0.000124662 2.05038e-05 1.97479e-06 8.73525e-08
 1.23132e-39 6.02645e-33 6.78106e-27 1.7542e-21 1.04329e-16 1.42651e-12 4.48423e-09 3.24076e-06 0.000538457 0.0205684 0.180632 0.3647 0.169653 0.0278842 0.0604102 0.0846731 0.0346428 0.0280945 0.0214563 0.00540182 0.00115855 0.000169875 1.32285e-05 9.70517e-07 4.53056e-08
 1.18404e-39 5.79506e-33 6.5207e-27 1.68684e-21 1.00323e-16 1.37173e-12 4.31206e-09 3.11633e-06 0.000517783 0.0197786 0.173696 0.350698 0.163306 0.0312415 0.0851248 0.119019 0.0400559 0.00872089 0.0051015 0.00188337 0.000708012 0.000131602 1.25069e-05 6.44408e-07 1.76077e-08
 8.82521e-40 4.31933e-33 4.86018e-27 1.25728e-21 7.47753e-17 1.02242e-12 3.21398e-09 2.32275e-06 0.000385928 0.0147419 0.129464 0.261396 0.122187 0.035709 0.139313 0.195409 0.0671647 0.0192597 0.011902 0.00256885 0.000395572 8.71459e-05 1.34636e-05 9.11818e-07 2.49853e-08
 9.25081e-40 4.52763e-33 5.09456e-27 1.31791e-21 7.83813e-17 1.07172e-12 3.36897e-09 2.43476e-06 0.000404539 0.0154529 0.135707 0.274 0.127923 0.0332568 0.120545 0.169283 0.062445 0.0318638 0.0227574 0.00528357 0.00093111 0.000132125 1.11678e-05 8.51431e-07 3.30112e-08
 7.38065e-40 3.61232e-33 4.06464e-27 1.05148e-21 6.25356e-17 8.55062e-13 2.68789e-09 1.94255e-06 0.000322757 0.0123289 0.108272 0.218611 0.102428 0.0362665 0.155611 0.218636 0.0788185 0.0346718 0.0246191 0.00709004 0.00196846 0.000325049 2.66359e-05 1.31854e-06 3.77148e-08
 1.12604e-39 5.51121e-33 6.2013e-27 1.60422e-21 9.54088e-17 1.30454e-12 4.10084e-09 2.96369e-06 0.000492421 0.0188098 0.165188 0.333521 0.155313 0.0298807 0.0819955 0.115008 0.0441036 0.0276562 0.0206526 0.00558832 0.00145872 0.000292779 3.47095e-05 2.01665e-06 4.95952e-08
 8.70037e-40 4.25823e-33 4.79143e-27 1.2395e-21 7.37175e-17 1.00795e-12 3.16851e-09 2.28989e-06 0.000380468 0.0145334 0.127632 0.257698 0.120478 0.0357089 0.140427 0.196986 0.0678006 0.0197909 0.0128007 0.00410226 0.00135445 0.000269836 3.26306e-05 2.35918e-06 7.56392e-08
 9.54417e-40 4.67121e-33 5.25612e-27 1.35971e-21 8.0867e-17 1.10571e-12 3.47581e-09 2.51197e-06 0.000417368 0.0159429 0.140011 0.282689 0.131922 0.0327816 0.115025 0.161509 0.0597793 0.0311217 0.0223116 0.005227 0.00101458 0.000213111 3.06958e-05 2.32693e-06 8.23077e-08
 1.01186e-39 4.95238e-33 5.57249e-27 1.44155e-21 8.57345e-17 1.17226e-12 3.68502e-09 2.66317e-06 0.00044249 0.0169025 0.148438 0.299704 0.139783 0.0326519 0.109105 0.153018 0.0547679 0.022859 0.0160769 0.00467855 0.00132204 0.00022466 2.22018e-05 1.69614e-06 6.69627e-08
 8.68071e-40 4.24861e-33 4.7806e-27 1.2367e-21 7.35509e-17 1.00568e-12 3.16135e-09 2.28472e-06 0.000379609 0.0145006 0.127344 0.257116 0.120184 0.0350659 0.136677 0.191834 0.0678149 0.0256233 0.017439 0.00460244 0.00115485 0.000232497 2.82665e-05 1.79363e-06 5.77536e-08
 1.11871e-39 5.4753e-33 6.16089e-27 1.59376e-21 9.47871e-17 1.29604e-12 4.07412e-09 2.94438e-06 0.000489212 0.0186873 0.164112 0.331347 0.154339 0.0307009 0.0876574 0.122868 0.0452359 0.0228283 0.0164081 0.00417498 0.000952782 0.000174136 2.03862e-05 1.48409e-06 5.00949e-08
 8.90186e-40 4.35684e-33 4.90239e-27 1.2682e-21 7.54247e-17 1.0313e-12 3.24189e-09 2.34292e-06 0.00038928 0.01487 0.130588 0.263666 0.123223 0.0353441 0.136401 0.191333 0.0661041 0.0200984 0.0130015 0.00372183 0.00104525 0.000190579 2.02334e-05 1.36137e-06 4.70459e-08
 1.00542e-39 4.92085e-33 5.53702e-27 1.43237e-21 8.51886e-17 1.1648e-12 3.66156e-09 2.64622e-06 0.000439673 0.0167949 0.147493 0.297795 0.138887 0.0322829 0.107428 0.150754 0.055357 0.0274775 0.0195624 0.00462934 0.000902953 0.000170423 2.10084e-05 1.41104e-06 4.50678e-08
 1.03513e-39 5.06626e-33 5.70064e-27 1.4747e-21 8.77061e-17 1.19922e-12 3.76976e-09 2.72442e-06 0.000452666 0.0172912 0.151852 0.306596 0.142967 0.0325853 0.106621 0.149471 0.0528944 0.0201712 0.0138694 0.00394489 0.00108004 0.000183373 1.75172e-05 1.18069e-06 4.06205e-08
 8.74757e-40 4.28133e-33 4.81742e-27 1.24622e-21 7.41174e-17 1.01342e-12 3.1857e-09 2.30231e-06 0.000382532 0.0146122 0.128325 0.259096 0.121099 0.0350513 0.135991 0.190855 0.0673107 0.0249236 0.016827 0.00429708 0.00100579 0.000195813 2.32067e-05 1.44199e-06 4.31745e-08
 9.23853e-40 4.52162e-33 5.0878e-27 1.31617e-21 7.82773e-17 1.0703e-12 3.3645e-09 2.43153e-06 0.000404002 0.0154324 0.135527 0.273637 0.127753 0.0332241 0.120454 0.169155 0.0623807 0.0317945 0.0228814 0.0057958 0.00130203 0.000229574 2.52518e-05 1.76564e-06 5.80389e-08
 9.7161e-40 4.75536e-33 5.35081e-27 1.3842e-21 8.23237e-17 1.12563e-12 3.53842e-09 2.55722e-06 0.000424887 0.0162301 0.142533 0.287781 0.134285 0.0330232 0.114965 0.161316 0.0582132 0.0257923 0.0183419 0.0052928 0.00149769 0.000271776 2.81931e-05 1.81027e-06 5.93246e-08
 1.13074e-39 5.53419e-33 6.22715e-27 1.61091e-21 9.58066e-17 1.30998e-12 4.11794e-09 2.97604e-06 0.000494474 0.0188883 0.165877 0.334911 0.156001 0.0310729 0.088854 0.124452 0.0443934 0.0180477 0.0125216 0.00339044 0.000889245 0.000179962 2.23326e-05 1.48366e-06 4.58976e-08
 1.13074e-39 5.53419e-33 6.22715e-27 1.61091e-21 9.58066e-17 1.30998e-12 4.11794e-09 2.97604e-06 0.000494474 0.0188883 0.165877 0.334911 0.156001 0.0310729 0.088854 0.124452 0.0443934 0.0180477 0.0125216 0.00339044 0.000889245 0.000179962 2.23326e-05 1.48366e-06 4.58976e-08
#pred catch len freq
 2.13468e-27 2.14535e-27 3.67461e-27 5.22641e-22 3.10834e-17 4.2501e-13 1.33602e-09 9.65549e-07 0.000160424 0.00612811 0.0538174 0.108664 0.0512508 0.0270236 0.13231 0.187156 0.0845225 0.091285 0.0816686 0.050619 0.0387608 0.0293761 0.0262777 0.0220878 0.00889144
 2.13587e-27 2.15024e-27 4.26547e-27 7.23092e-22 4.3005e-17 5.88016e-13 1.84844e-09 1.33587e-06 0.000221953 0.00847845 0.0744582 0.15034 0.0708137 0.0349056 0.16788 0.236619 0.0943518 0.0698841 0.0545294 0.018566 0.00833714 0.00448792 0.00306032 0.00220813 0.000856807
 2.1361e-27 2.15095e-27 4.33997e-27 7.48327e-22 4.45058e-17 6.08538e-13 1.91295e-09 1.38249e-06 0.000229699 0.00877434 0.0770567 0.155587 0.0732901 0.0362553 0.17454 0.245869 0.0959737 0.0651314 0.0490901 0.0132201 0.00352584 0.000915246 0.000317635 0.000164761 5.7591e-05
 2.13607e-27 2.15087e-27 4.32901e-27 7.44598e-22 4.4284e-17 6.05505e-13 1.90341e-09 1.3756e-06 0.000228554 0.00873062 0.0766728 0.154812 0.0729427 0.0365482 0.176562 0.24869 0.0966027 0.0641799 0.048065 0.0124215 0.00291431 0.000535207 7.42442e-05 1.52921e-05 3.88387e-06
 2.13675e-27 2.1525e-27 4.49859e-27 8.02108e-22 4.77044e-17 6.52273e-13 2.05043e-09 1.48185e-06 0.000246207 0.00940494 0.0825947 0.166768 0.0784598 0.0362694 0.171256 0.241164 0.0933008 0.0608773 0.0453555 0.0113596 0.00247399 0.000420934 4.3314e-05 3.3718e-06 3.03386e-07
 2.13595e-27 2.15048e-27 4.27523e-27 7.26295e-22 4.31955e-17 5.90621e-13 1.85663e-09 1.34179e-06 0.000222936 0.00851601 0.0747881 0.151007 0.0712298 0.0377777 0.185215 0.260709 0.0984288 0.0571376 0.0418891 0.010436 0.0022368 0.00036812 3.47463e-05 2.08906e-06 7.38418e-08
 2.13496e-27 2.14806e-27 4.02009e-27 6.39754e-22 3.80485e-17 5.20246e-13 1.6354e-09 1.18191e-06 0.000196372 0.00750129 0.0658767 0.133015 0.0629385 0.0384849 0.194955 0.274487 0.10399 0.0614094 0.0447984 0.0102773 0.001772 0.000270891 2.43757e-05 1.3633e-06 3.86767e-08
 2.13827e-27 2.15621e-27 4.88503e-27 9.33165e-22 5.54989e-17 7.58848e-13 2.38545e-09 1.72397e-06 0.000286435 0.0109416 0.0960899 0.194014 0.0910276 0.035508 0.158396 0.222954 0.0857627 0.0544884 0.040041 0.00891069 0.00137508 0.00018746 1.38459e-05 6.77891e-07 1.78119e-08
 2.14054e-27 2.16163e-27 5.43715e-27 1.12035e-21 6.66315e-17 9.11067e-13 2.86395e-09 2.06978e-06 0.000343892 0.0131364 0.115365 0.232929 0.109024 0.0356477 0.147519 0.20724 0.074975 0.0337636 0.0235638 0.0054214 0.000931026 0.000128205 8.64653e-06 3.6267e-07 8.00123e-09
 2.13606e-27 2.15055e-27 4.25498e-27 7.19293e-22 4.2779e-17 5.84927e-13 1.83873e-09 1.32885e-06 0.000220787 0.00843391 0.074067 0.149552 0.0706513 0.0402884 0.20098 0.282506 0.100338 0.0393708 0.0266194 0.0059165 0.000917769 0.000127137 9.4667e-06 4.11165e-07 8.31309e-09
 2.13662e-27 2.15209e-27 4.44184e-27 7.82793e-22 4.65556e-17 6.36565e-13 2.00105e-09 1.44617e-06 0.000240278 0.00917847 0.0806058 0.162753 0.0766511 0.0375405 0.180226 0.253647 0.09556 0.0548155 0.0395035 0.00820343 0.000953492 0.000112328 7.52465e-06 3.18731e-07 6.8119e-09
 2.14082e-27 2.1623e-27 5.50786e-27 1.14434e-21 6.8058e-17 9.30572e-13 2.92527e-09 2.1141e-06 0.000351254 0.0134177 0.117835 0.237916 0.11132 0.0354024 0.144519 0.20302 0.0736135 0.0336496 0.0233755 0.00490792 0.000598276 6.75346e-05 3.55749e-06 1.15284e-07 2.18048e-09
 2.13822e-27 2.15582e-27 4.80986e-27 9.07502e-22 5.39726e-17 7.37978e-13 2.31984e-09 1.67656e-06 0.000278558 0.0106407 0.0934473 0.18868 0.0886849 0.0387999 0.180099 0.252995 0.088829 0.0315946 0.0208034 0.00446586 0.000603257 7.26736e-05 4.07297e-06 1.30222e-07 2.03143e-09
 2.13606e-27 2.15064e-27 4.27509e-27 7.26167e-22 4.31879e-17 5.90518e-13 1.8563e-09 1.34155e-06 0.000222897 0.00851451 0.0747749 0.150981 0.071273 0.0392501 0.194211 0.273152 0.0996026 0.0472636 0.0330261 0.00684412 0.000787889 8.99198e-05 5.41517e-06 1.8999e-07 3.11717e-09
 2.1354e-27 2.14903e-27 4.11035e-27 6.70309e-22 3.98658e-17 5.45093e-13 1.71351e-09 1.23836e-06 0.000205751 0.00785955 0.069023 0.139368 0.0659072 0.0393335 0.198221 0.278895 0.102888 0.0524975 0.0371427 0.00768516 0.000872484 9.5073e-05 4.98951e-06 1.56077e-07 2.63604e-09
 2.13675e-27 2.15239e-27 4.47051e-27 7.92506e-22 4.71333e-17 6.44464e-13 2.02588e-09 1.46411e-06 0.00024326 0.00929236 0.081606 0.164772 0.077591 0.037708 0.18064 0.25418 0.095044 0.0523828 0.0375636 0.00789602 0.00096431 0.00010894 5.66553e-06 1.67438e-07 2.5284e-09
 2.13767e-27 2.15458e-27 4.68966e-27 8.66785e-22 5.1551e-17 7.04867e-13 2.21576e-09 1.60134e-06 0.00026606 0.0101633 0.0892546 0.180215 0.084746 0.0381256 0.178535 0.250992 0.0909137 0.0412659 0.028638 0.00603987 0.000752303 8.66939e-05 4.69665e-06 1.44778e-07 2.1726e-09
 2.13648e-27 2.15163e-27 4.3764e-27 7.60514e-22 4.52306e-17 6.18448e-13 1.9441e-09 1.40501e-06 0.00023344 0.00891724 0.0783117 0.158122 0.0745736 0.0392339 0.19196 0.269915 0.0975866 0.0437306 0.0302513 0.00631931 0.000754582 8.58313e-05 4.78264e-06 1.54026e-07 2.41055e-09
 2.13727e-27 2.15363e-27 4.59642e-27 8.35188e-22 4.96718e-17 6.79173e-13 2.13499e-09 1.54296e-06 0.000256361 0.00979281 0.086001 0.173645 0.0816987 0.0378499 0.178832 0.251525 0.0926567 0.0468683 0.0331186 0.00687032 0.000790858 8.75326e-05 4.72568e-06 1.48761e-07 2.37104e-09
 2.1369e-27 2.15265e-27 4.48334e-27 7.96783e-22 4.73877e-17 6.47942e-13 2.03682e-09 1.47201e-06 0.000244573 0.00934251 0.0820464 0.165662 0.0780512 0.0390109 0.188325 0.264764 0.0953813 0.041675 0.0286897 0.00600099 0.000719927 8.07614e-05 4.23168e-06 1.27323e-07 1.96236e-09
 2.13726e-27 2.1536e-27 4.59007e-27 8.33022e-22 4.95429e-17 6.77411e-13 2.12945e-09 1.53896e-06 0.000255696 0.00976741 0.0857779 0.173195 0.0814994 0.0380871 0.180416 0.253718 0.0928987 0.0452608 0.031762 0.00654604 0.000730192 7.94751e-05 4.27567e-06 1.31845e-07 1.99553e-09
 2.13736e-27 2.15383e-27 4.61507e-27 8.415e-22 5.00472e-17 6.84306e-13 2.15112e-09 1.55462e-06 0.000258298 0.00986683 0.086651 0.174958 0.0823114 0.0380095 0.179411 0.252296 0.0923207 0.0448086 0.0314908 0.00666992 0.000844115 9.69278e-05 5.04576e-06 1.50247e-07 2.29764e-09
 2.13659e-27 2.15194e-27 4.4145e-27 7.73464e-22 4.60008e-17 6.28979e-13 1.9772e-09 1.42893e-06 0.000237415 0.00906909 0.0796452 0.160814 0.0757966 0.0386589 0.187638 0.2639 0.0965063 0.0466597 0.0328306 0.00711883 0.00099462 0.000122298 7.02471e-06 2.2913e-07 3.50294e-09
 2.13768e-27 2.15461e-27 4.6957e-27 8.68845e-22 5.16735e-17 7.06543e-13 2.22103e-09 1.60514e-06 0.000266692 0.0101875 0.0894668 0.180643 0.0849356 0.0379012 0.177036 0.24892 0.0907305 0.0429417 0.0299856 0.00619665 0.000703179 7.92406e-05 4.69594e-06 1.6356e-07 2.71611e-09
 2.1371e-27 2.15315e-27 4.53537e-27 8.14431e-22 4.84373e-17 6.62293e-13 2.08193e-09 1.50461e-06 0.00024999 0.00954943 0.0838636 0.169331 0.0797427 0.0388868 0.186462 0.262127 0.0943017 0.0407984 0.0280317 0.00586578 0.000705133 7.91379e-05 4.15834e-06 1.29235e-07 2.15909e-09
 2.13644e-27 2.15153e-27 4.36773e-27 7.57578e-22 4.5056e-17 6.16061e-13 1.93659e-09 1.39958e-06 0.000232539 0.00888281 0.0780093 0.157511 0.0742886 0.0391602 0.191694 0.269562 0.0977643 0.0447554 0.0310356 0.00634602 0.000680508 7.23464e-05 3.87058e-06 1.18949e-07 1.81306e-09
 2.13684e-27 2.15256e-27 4.48053e-27 7.95861e-22 4.73329e-17 6.47192e-13 2.03446e-09 1.47031e-06 0.00024429 0.00933169 0.0819514 0.16547 0.0779417 0.0384578 0.185007 0.260192 0.0952152 0.0462243 0.0324242 0.00669893 0.000754897 8.11188e-05 4.06298e-06 1.1595e-07 1.74508e-09
 2.13807e-27 2.15552e-27 4.78628e-27 8.99542e-22 5.34992e-17 7.31506e-13 2.2995e-09 1.66185e-06 0.000276115 0.0105474 0.0926277 0.187025 0.0878937 0.0381045 0.176354 0.247863 0.0890532 0.0381587 0.0261202 0.00534018 0.000572338 6.00301e-05 3.04286e-06 8.67266e-08 1.24073e-09
 2.14361e-27 2.16909e-27 6.2161e-27 1.38453e-21 8.23435e-17 1.1259e-12 3.53928e-09 2.55785e-06 0.000424983 0.0162341 0.142568 0.287852 0.134356 0.0340521 0.121225 0.169979 0.0591118 0.0191953 0.0122675 0.00246456 0.000241854 2.38157e-05 1.16651e-06 3.2186e-08 4.58966e-10
#obs catch len freq
 4.11377e-40 2.0134e-33 2.26551e-27 5.86067e-22 3.48556e-17 4.76587e-13 1.49816e-09 1.08272e-06 0.000179896 0.00687178 0.060348 0.121853 0.0576825 0.0359398 0.182779 0.257686 0.102707 0.0760419 0.0604745 0.0233426 0.0101592 0.00312371 0.00070527 9.87479e-05 7.11626e-06
 4.23109e-40 2.07083e-33 2.33013e-27 6.02782e-22 3.58497e-17 4.9018e-13 1.54088e-09 1.1136e-06 0.000185026 0.00706777 0.0620691 0.125328 0.0593045 0.0363511 0.184242 0.259668 0.102352 0.072512 0.0571287 0.0213781 0.00901921 0.00271295 0.000594349 8.01544e-05 5.54994e-06
 5.75165e-40 2.81503e-33 3.16752e-27 8.19408e-22 4.87333e-17 6.66339e-13 2.09464e-09 1.5138e-06 0.00025152 0.00960776 0.0843754 0.170363 0.0800808 0.0351667 0.163439 0.230197 0.089976 0.0615461 0.0480603 0.0173679 0.00703437 0.00204057 0.000431294 5.63081e-05 3.75917e-06
 5.21953e-40 2.5546e-33 2.87448e-27 7.43599e-22 4.42246e-17 6.04692e-13 1.90086e-09 1.37375e-06 0.000228251 0.00871889 0.0765693 0.154604 0.0729156 0.0383814 0.187813 0.264157 0.0966036 0.0468601 0.0346671 0.01214 0.00472664 0.00131396 0.000264352 3.30858e-05 2.13002e-06
 6.02093e-40 2.94683e-33 3.31582e-27 8.57771e-22 5.10149e-17 6.97536e-13 2.19271e-09 1.58468e-06 0.000263296 0.0100576 0.0883257 0.178339 0.0838233 0.0366349 0.169999 0.239191 0.0898124 0.0507146 0.0375768 0.0108772 0.00333141 0.000866348 0.000165387 1.96358e-05 1.20607e-06
 5.44315e-40 2.66405e-33 2.99763e-27 7.75458e-22 4.61194e-17 6.30599e-13 1.98229e-09 1.43261e-06 0.00023803 0.00909243 0.0798498 0.161227 0.0759846 0.0385672 0.186952 0.262887 0.0954402 0.0440962 0.0318533 0.00985076 0.00315601 0.000685897 0.000105779 1.14776e-05 6.66006e-07
 4.0507e-40 1.98254e-33 2.23078e-27 5.77082e-22 3.43212e-17 4.69281e-13 1.47519e-09 1.06612e-06 0.000177138 0.00676643 0.0594228 0.119986 0.0569603 0.0396949 0.206266 0.290286 0.107522 0.0562723 0.0410716 0.0114969 0.00323857 0.000720998 0.000106674 9.56095e-06 4.75266e-07
 3.93957e-40 1.92815e-33 2.16958e-27 5.6125e-22 3.33797e-17 4.56407e-13 1.43472e-09 1.03687e-06 0.000172278 0.0065808 0.0577926 0.116694 0.0553587 0.0375719 0.194299 0.273805 0.106969 0.0729004 0.0555101 0.0163472 0.00485661 0.000995621 0.000133956 1.1572e-05 5.10824e-07
 9.81757e-40 4.80502e-33 5.40668e-27 1.39866e-21 8.31834e-17 1.13738e-12 3.57537e-09 2.58393e-06 0.000429324 0.0163996 0.144021 0.290786 0.135607 0.0312325 0.103127 0.144891 0.0559326 0.0362163 0.0278448 0.00936765 0.00331217 0.000723314 9.82995e-05 7.85745e-06 3.21461e-07
 6.94331e-40 3.39827e-33 3.82378e-27 9.89177e-22 5.88301e-17 8.04395e-13 2.52862e-09 1.82744e-06 0.000303632 0.0115983 0.101857 0.205659 0.0965547 0.0393288 0.178209 0.250056 0.0839928 0.017718 0.0100111 0.00323725 0.00114165 0.000282677 4.47701e-05 3.78465e-06 1.50831e-07
 3.03864e-40 1.4872e-33 1.67343e-27 4.329e-22 2.57462e-17 3.52032e-13 1.10662e-09 7.99754e-07 0.00013288 0.00507585 0.0445762 0.0900123 0.0432433 0.0434402 0.238164 0.334886 0.118398 0.0447241 0.0298678 0.00636986 0.000900712 0.000176416 2.8937e-05 2.78201e-06 1.22901e-07
 8.59144e-40 4.20491e-33 4.73144e-27 1.22398e-21 7.27945e-17 9.95334e-13 3.12884e-09 2.26122e-06 0.000375705 0.0143514 0.126034 0.25447 0.118818 0.0312371 0.114102 0.160729 0.0666276 0.0564174 0.043261 0.0108784 0.00232637 0.000340604 2.64401e-05 1.93341e-06 9.01091e-08
 7.98229e-40 3.90677e-33 4.39597e-27 1.13719e-21 6.76332e-17 9.24762e-13 2.907e-09 2.10089e-06 0.000349066 0.0133339 0.117098 0.236431 0.110709 0.0374181 0.15727 0.220604 0.0744456 0.0168809 0.0100694 0.00371176 0.00139245 0.000258432 2.45e-05 1.25998e-06 3.43546e-08
 4.87499e-40 2.38597e-33 2.68473e-27 6.94515e-22 4.13054e-17 5.64777e-13 1.77538e-09 1.28307e-06 0.000213184 0.00814336 0.071515 0.144401 0.068324 0.0417331 0.21135 0.296907 0.102462 0.0307246 0.0192677 0.00415745 0.000638083 0.000140112 2.16007e-05 1.46097e-06 3.99807e-08
 5.2358e-40 2.56256e-33 2.88343e-27 7.45917e-22 4.43625e-17 6.06577e-13 1.90678e-09 1.37803e-06 0.000228962 0.00874606 0.076808 0.155086 0.0731329 0.0382379 0.186793 0.262828 0.0977404 0.0522786 0.03762 0.00872763 0.00153375 0.000217267 1.83037e-05 1.39149e-06 5.38871e-08
 3.7557e-40 1.83816e-33 2.06832e-27 5.35056e-22 3.18218e-17 4.35105e-13 1.36776e-09 9.8848e-07 0.000164237 0.00627366 0.0550953 0.111249 0.0529684 0.0409558 0.216596 0.304699 0.110588 0.050969 0.0365114 0.0105002 0.00290773 0.000479452 3.91894e-05 1.9356e-06 5.52466e-08
 7.23506e-40 3.54106e-33 3.98446e-27 1.03074e-21 6.1302e-17 8.38195e-13 2.63487e-09 1.90423e-06 0.00031639 0.0120857 0.106137 0.214298 0.10036 0.0342859 0.144821 0.203822 0.0789866 0.0519495 0.0390255 0.0105469 0.00274539 0.000549847 6.50297e-05 3.77259e-06 9.26451e-08
 4.7638e-40 2.33155e-33 2.6235e-27 6.78674e-22 4.03633e-17 5.51895e-13 1.73489e-09 1.25381e-06 0.000208322 0.00795761 0.0698838 0.141107 0.0667961 0.0415924 0.211483 0.29711 0.102685 0.031359 0.0205758 0.00658464 0.00216882 0.000431253 5.20045e-05 3.75278e-06 1.20171e-07
 5.49107e-40 2.6875e-33 3.02401e-27 7.82284e-22 4.65254e-17 6.3615e-13 1.99974e-09 1.44522e-06 0.000240125 0.00917247 0.0805527 0.162646 0.0766102 0.037757 0.181579 0.255494 0.0953618 0.0520639 0.0376036 0.00880256 0.00170318 0.000356762 5.12583e-05 3.87897e-06 1.37004e-07
 6.07474e-40 2.97316e-33 3.34545e-27 8.65437e-22 5.14708e-17 7.0377e-13 2.21231e-09 1.59884e-06 0.000265649 0.0101475 0.089115 0.179933 0.0846149 0.0380901 0.178401 0.250771 0.0903176 0.0394644 0.0280126 0.00814011 0.00229412 0.000389218 3.83419e-05 2.92177e-06 1.15188e-07
 4.76085e-40 2.3301e-33 2.62187e-27 6.78253e-22 4.03382e-17 5.51553e-13 1.73381e-09 1.25303e-06 0.000208192 0.00795268 0.0698405 0.141019 0.0667157 0.0405297 0.205023 0.288216 0.102461 0.0405413 0.0278847 0.00735101 0.00183902 0.000369402 4.48002e-05 2.83771e-06 9.12031e-08
 7.1817e-40 3.51494e-33 3.95507e-27 1.02314e-21 6.08499e-17 8.32013e-13 2.61544e-09 1.89018e-06 0.000314057 0.0119966 0.105354 0.212718 0.0996829 0.0357135 0.154012 0.216548 0.0803683 0.0425206 0.030796 0.00782768 0.00178121 0.000324848 3.79205e-05 2.75505e-06 9.28695e-08
 4.94595e-40 2.4207e-33 2.72381e-27 7.04624e-22 4.19066e-17 5.72997e-13 1.80122e-09 1.30175e-06 0.000216287 0.00826188 0.0725559 0.146502 0.0692766 0.0412297 0.207643 0.291729 0.101223 0.0321881 0.0211058 0.00603442 0.00169025 0.000307621 3.2568e-05 2.18655e-06 7.54408e-08
 5.97935e-40 2.92648e-33 3.29292e-27 8.51847e-22 5.06626e-17 6.92719e-13 2.17757e-09 1.57373e-06 0.000261478 0.00998812 0.0877157 0.177108 0.0832836 0.0374207 0.175167 0.246386 0.0911916 0.047465 0.0340581 0.00805319 0.001566 0.000294837 3.62509e-05 2.43046e-06 7.75041e-08
 6.28881e-40 3.07794e-33 3.46334e-27 8.95934e-22 5.32845e-17 7.2857e-13 2.29027e-09 1.65518e-06 0.00027501 0.010505 0.0922553 0.186274 0.087552 0.0382461 0.177443 0.249341 0.0887441 0.035458 0.0246379 0.00699885 0.00191124 0.000323976 3.08575e-05 2.07491e-06 7.12803e-08
 4.78832e-40 2.34355e-33 2.637e-27 6.82168e-22 4.05711e-17 5.54736e-13 1.74382e-09 1.26026e-06 0.000209394 0.00799859 0.0702436 0.141833 0.0670952 0.0406138 0.205291 0.288575 0.102355 0.0397506 0.0271396 0.00692436 0.00161618 0.000313956 3.71164e-05 2.30231e-06 6.88163e-08
 5.21379e-40 2.55179e-33 2.87131e-27 7.42782e-22 4.4176e-17 6.04027e-13 1.89877e-09 1.37224e-06 0.000228 0.0087093 0.0764851 0.154434 0.0728295 0.0381826 0.186652 0.262629 0.0976486 0.0522004 0.0378536 0.00957851 0.00214577 0.000377576 4.14113e-05 2.88958e-06 9.48541e-08
 5.67616e-40 2.77809e-33 3.12595e-27 8.08654e-22 4.80937e-17 6.57594e-13 2.06715e-09 1.49393e-06 0.000248219 0.00948166 0.083268 0.168128 0.0791656 0.0383123 0.183316 0.257762 0.0936484 0.0434623 0.0311772 0.00898374 0.00253525 0.000459225 4.75065e-05 3.04389e-06 9.95881e-08
 1.06284e-39 5.20185e-33 5.85321e-27 1.51417e-21 9.00533e-17 1.23132e-12 3.87065e-09 2.79733e-06 0.00046478 0.017754 0.155916 0.3148 0.146743 0.0321198 0.101306 0.141994 0.0504536 0.019887 0.0136958 0.00368752 0.000957279 0.000192864 2.38403e-05 1.58e-06 4.87822e-08
#spawning biomass
 8286.44 5601.62 6306.26 7613.12 8946.52 10892.4 10773 9631.89 13788.3 23399 23745.6 24008.1 40666.4 53198.8 45034.1 37000.3 34745.7 38203 37414.3 37304.5 37987.5 41569.2 47921.4 44968.8 49173.4 48432.9 45021.6 41716 49684.1 54351.7 41646.7 4033.6 2356.77 2356.37 2356.37 2356.37 2356.37 2356.37 2356.37 2356.37 2356.37 2356.37 2356.37 2356.37 2356.37 2356.37 2356.37 2356.37 2356.37 2356.37 2356.37 2356.37 2356.37 2356.37 2356.37 2356.37 2356.37 2356.37 2356.37 2356.37 2356.37 2356.37 2356.37 2356.37 2356.37 2356.37 2356.37 2356.37 2356.37 2356.37 2356.37 2356.37 2356.37 2356.37 2356.37 2356.37 2356.37 2356.37 2356.37 2356.37 2356.37 2356.37 2356.37 2356.37 2356.37 2356.37 2356.37 2356.37 2356.37 2356.37 2356.37 2356.37 2356.37 2356.37 2356.37 2356.37 2356.37 2356.37 2356.37 2356.37 2356.37 2356.37 2356.37 2356.37 2356.37 2356.37 2356.37 2356.37 2356.37 2356.37 2356.37 2356.37 2356.37 2356.37 2356.37 2356.37 2356.37 2356.37 2356.37 2356.37 2356.37 2356.37 2356.37 2356.37 2356.37 2356.37 2356.37 2356.37 2356.37 0 0 0 0 0 0 0 0 0 0 0 0 0 0 0 0 0 0 0 0 0 0 0 0 0
