SBPRF35
0.433543
Curr Bio
165122
B35
381272
F35
0.383077
FOFL
0.186024
OFL
18709.4
Bzero
123870
#pred survey bio
 16648 14171.6 16003.6 19929 22622.3 23737.4 26769.8 41218.5 56792.8 78492.8 95194.8 123495 147683 184147 169557 154989 130253 138918 141379 144510 137998 145447 156490 182244 190863 197627 181102 189816 7.68523e+06 5.90552e+06 5.4243e+06 4.27769e+06 3.22118e+06 2.44122e+06 1.91961e+06 1.58877e+06 1.38452e+06 1.25954e+06 1.18269e+06 1.13471e+06 1.10409e+06 1.084e+06 1.07036e+06 1.06079e+06 1.05419e+06 1.04956e+06 1.04625e+06 1.04386e+06 1.04213e+06 1.04085e+06 1.03992e+06 1.03923e+06 1.03872e+06 1.03834e+06 1.03806e+06 1.03785e+06 1.0377e+06 1.03758e+06 1.0375e+06 1.03744e+06 1.03739e+06 1.03735e+06 1.03733e+06 1.03731e+06 1.03729e+06 1.03728e+06 1.03728e+06 1.03727e+06 1.03727e+06 1.03726e+06 1.03726e+06 1.03726e+06 1.03726e+06 1.03726e+06 1.03726e+06 1.03725e+06 1.03725e+06 1.03725e+06 1.03725e+06 1.03725e+06 1.03725e+06 1.03725e+06 1.03725e+06 1.03725e+06 1.03725e+06 1.03725e+06 1.03725e+06 1.03725e+06 1.03725e+06 1.03725e+06 1.03725e+06 1.03725e+06 1.03725e+06 1.03725e+06 1.03725e+06 1.03725e+06 1.03725e+06 1.03725e+06 1.03725e+06 1.03725e+06 1.03725e+06 1.03725e+06 1.03725e+06 1.03725e+06 1.03725e+06 1.03725e+06 1.03725e+06 1.03725e+06 1.03725e+06 1.03725e+06 1.03725e+06 1.03725e+06 1.03725e+06 1.03725e+06 1.03725e+06 1.03725e+06 1.03725e+06 1.03725e+06 1.03725e+06 1.03725e+06 1.03725e+06 1.03725e+06 1.03725e+06 1.03725e+06 1.03725e+06 1.03725e+06 1.03725e+06 1.03725e+06 0 0 0 0 0 0 0 0 0 0 0 0 0 0 0 0 0 0 0 0 0 0 0 0 0
#obs survey bio
 14586.6 9295.29 14994.5 17981.1 12077.5 14545.2 19414.1 56539.9 62577.1 79882.1 93201.5 89122.9 153794 125800 100254 154477 102528 140223 114903 106521 128969 201888 140221 139037 149846 211934 151403 154228
#pred catch bio
 9094.36 7080.59 8078.78 9776.65 12305.9 13758.6 12968.5 20505.2 27256.7 43035.9 49035.3 70787.4 78728.6 113710 101916 102736 77522.4 84877.9 85898.7 96041.9 87093.2 89233.1 90791.2 117029 123458 135060 113732 102618 18709.4 63625.4 65396.1 50746.6 36417.4 26098.5 19476.1 15497.9 13211.2 11937.2 11243.3 10871.7 10675.3 10572.3 10518.6 10490.7 10476.6 10469.4 10465.8 10463.9 10463 10462.5 10462.3 10462.2 10462.1 10462.1 10462.1 10462.1 10462 10462 10462 10462 10462 10462 10462 10462 10462 10462 10462 10462 10462 10462 10462 10462 10462 10462 10462 10462 10462 10462 10462 10462 10462 10462 10462 10462 10462 10462 10462 10462 10462 10462 10462 10462 10462 10462 10462 10462 10462 10462 10462 10462 10462 10462 10462 10462 10462 10462 10462 10462 10462 10462 10462 10462 10462 10462 10462 10462 10462 10462 10462 10462 10462 10462 10462 10462 10462 10462 10462 10462 0 0 0 0 0 0 0 0 0 0 0 0 0 0 0 0 0 0 0 0 0 0 0 0 0
#obs catch bio
 6803.09 7554.26 8659.35 8774.1 13217.4 14644.7 12888.4 18751.2 24059.8 37852.6 44201.8 69929.7 68238.2 115611 105909 104882 76813.6 79223 76844.6 92663.6 87648.8 73935.3 77071.3 100169 116722 124620 106509 97929.4
#pred cpue bio
 11117.2 9083.73 9438.97 11148.3 13613.7 13826.9 14318.8 21340.7 30697.8 43129.8 51422.7 67260 77791.4 100279 95778.7 89856.1 70975.3 75180.6 76601.3 78502.6 70861.7 75479.6 82404.1 96592.8 97420.8 101059 92502.6 99220.1 4.31269e+06 4.72784e+06 5.0765e+06 4.0877e+06 3.04864e+06 2.27033e+06 1.74886e+06 1.41804e+06 1.21379e+06 1.08881e+06 1.01196e+06 963981 933358 913273 899629 890058 883464 878830 875523 873136 871398 870126 869190 868500 867989 867611 867331 867123 866969 866855 866770 866707 866660 866625 866599 866580 866566 866555 866547 866541 866537 866534 866531 866530 866528 866527 866527 866526 866526 866525 866525 866525 866525 866525 866525 866525 866525 866524 866524 866524 866524 866524 866524 866524 866524 866524 866524 866524 866524 866524 866524 866524 866524 866524 866524 866524 866524 866524 866524 866524 866524 866524 866524 866524 866524 866524 866524 866524 866524 866524 866524 866524 866524 866524 866524 866524 866524 866524 866524 866524 0 0 0 0 0 0 0 0 0 0 0 0 0 0 0 0 0 0 0 0 0 0 0 0 0
#obs cpue bio
 10399 7153.59 11117.3 22003.5 14216.5 18671 22778 29132.6 48151.2 69237.2 67852.9 86437.9 166615 95974.1 120792 107911 85156.9 118417 145214 111734 71634.4 163361 159034 219622 130443 142114 133485 160436
#pred surv len freq
 1.47272e-11 1.5985e-09 1.02304e-07 3.86062e-06 8.59037e-05 0.0011271 0.00872043 0.0398022 0.107379 0.172919 0.174252 0.131678 0.103467 0.084781 0.0591639 0.0374695 0.0242502 0.0159545 0.0108011 0.0077153 0.005926 0.00496227 0.00429607 0.00331191 0.00193306
 1.25162e-11 1.35852e-09 8.69448e-08 3.28103e-06 7.30073e-05 0.000957905 0.007412 0.0338446 0.0915035 0.148946 0.157588 0.138705 0.132751 0.117055 0.0784345 0.0434978 0.0230714 0.0117179 0.00584502 0.00314216 0.00190906 0.00132973 0.00102344 0.000752026 0.000437408
 1.5972e-11 1.73361e-09 1.10951e-07 4.18694e-06 9.31646e-05 0.00122236 0.0094573 0.0431613 0.116384 0.186957 0.186225 0.135087 0.0996169 0.080353 0.0586793 0.0390782 0.0235189 0.0116781 0.00489155 0.00193034 0.000800186 0.000390389 0.000234584 0.000152143 8.45439e-05
 1.58059e-11 1.71558e-09 1.09797e-07 4.14339e-06 9.21957e-05 0.00120965 0.00935917 0.042718 0.115251 0.185641 0.187276 0.141942 0.111391 0.088865 0.0568138 0.0300548 0.015539 0.00792445 0.00367937 0.00147012 0.000502681 0.000162889 6.09385e-05 2.88344e-05 1.39877e-05
 1.37081e-11 1.48788e-09 9.52244e-08 3.59347e-06 7.99595e-05 0.00104912 0.00811751 0.0370601 0.100115 0.162298 0.168618 0.140668 0.126445 0.108654 0.0723935 0.039781 0.0201748 0.00905506 0.00354576 0.0013053 0.000450292 0.000135999 3.64625e-05 1.02563e-05 3.4299e-06
 1.53442e-11 1.66547e-09 1.0659e-07 4.02236e-06 8.95026e-05 0.00117432 0.00908581 0.0414706 0.111889 0.180254 0.181986 0.138415 0.109826 0.0902451 0.0622484 0.0373635 0.0206628 0.00971502 0.00378003 0.00127376 0.000381884 0.000103494 2.5173e-05 5.42181e-06 1.11977e-06
 1.66006e-11 1.80184e-09 1.15317e-07 4.35172e-06 9.68313e-05 0.00127047 0.00982958 0.0448617 0.120988 0.194507 0.194452 0.142748 0.106336 0.0823749 0.0521424 0.0271621 0.0133545 0.00614427 0.00249781 0.000882417 0.000263748 6.61151e-05 1.41447e-05 2.61596e-06 4.19619e-07
 1.72497e-11 1.87229e-09 1.19826e-07 4.52187e-06 0.000100617 0.00132014 0.0102138 0.0466122 0.125669 0.20171 0.200131 0.142898 0.10139 0.0763737 0.0481599 0.0251369 0.0121406 0.00526189 0.00196121 0.000655504 0.00019745 5.10286e-05 1.08292e-05 1.85363e-06 2.56957e-07
 1.59781e-11 1.73427e-09 1.10993e-07 4.18852e-06 9.31999e-05 0.00122283 0.00946113 0.0431837 0.116511 0.187702 0.189498 0.143979 0.113278 0.0899681 0.0562751 0.0279756 0.0127534 0.00533389 0.00192865 0.000610453 0.00017038 4.14922e-05 8.66136e-06 1.48512e-06 1.99898e-07
 1.61304e-11 1.7508e-09 1.12051e-07 4.22845e-06 9.40884e-05 0.00123448 0.00955122 0.0435928 0.117587 0.189207 0.189949 0.141585 0.108407 0.0860684 0.056301 0.0308558 0.0155068 0.00670672 0.0023776 0.000723655 0.000193643 4.46771e-05 8.73523e-06 1.42046e-06 1.86092e-07
 1.6189e-11 1.75716e-09 1.12458e-07 4.24382e-06 9.44303e-05 0.00123897 0.00958597 0.043752 0.118025 0.189983 0.191057 0.143235 0.11043 0.0870782 0.0550442 0.0281972 0.0133861 0.00580442 0.00216084 0.000688579 0.000184971 4.12575e-05 7.6606e-06 1.17309e-06 1.44593e-07
 1.6109e-11 1.74847e-09 1.11902e-07 4.22283e-06 9.39633e-05 0.00123284 0.00953856 0.0435357 0.117442 0.189049 0.190144 0.142634 0.110175 0.0873288 0.0559778 0.0294305 0.0142258 0.00608182 0.00218341 0.000681889 0.000186856 4.32127e-05 8.1332e-06 1.21784e-06 1.4316e-07
 1.66382e-11 1.80592e-09 1.15579e-07 4.36158e-06 9.70505e-05 0.00127335 0.00985185 0.0449637 0.121268 0.194999 0.195136 0.143746 0.107618 0.0832942 0.0520299 0.0261481 0.0120476 0.00501978 0.00177705 0.000542518 0.000143635 3.2372e-05 6.10074e-06 9.30061e-07 1.10141e-07
 1.58363e-11 1.71888e-09 1.10008e-07 4.15136e-06 9.2373e-05 0.00121198 0.00937722 0.0428012 0.115486 0.186109 0.188164 0.143694 0.114001 0.0911441 0.0574937 0.0289921 0.0133251 0.00547413 0.00188681 0.000559236 0.000144668 3.18749e-05 5.84906e-06 8.73753e-07 1.03095e-07
 1.4677e-11 1.59305e-09 1.01955e-07 3.84747e-06 8.56111e-05 0.00112326 0.00869109 0.0396754 0.107135 0.173313 0.178347 0.144339 0.124326 0.103223 0.0650926 0.032099 0.0142812 0.00568294 0.0018855 0.000532636 0.000131118 2.76294e-05 4.88634e-06 7.07944e-07 8.13776e-08
 1.45363e-11 1.57778e-09 1.00978e-07 3.81058e-06 8.47903e-05 0.0011125 0.00860773 0.0392942 0.106096 0.171556 0.176187 0.141752 0.121513 0.101978 0.0671149 0.0362011 0.0177318 0.0074023 0.00247281 0.000687807 0.000164252 3.31686e-05 5.58578e-06 7.72291e-07 8.53192e-08
 1.58581e-11 1.72124e-09 1.10159e-07 4.15707e-06 9.25e-05 0.00121364 0.0093901 0.0428598 0.115642 0.18634 0.188302 0.143553 0.113605 0.0907657 0.0573659 0.0290875 0.0134896 0.00560196 0.00194566 0.000568881 0.00013935 2.79293e-05 4.55961e-06 6.03056e-07 6.34138e-08
 1.5953e-11 1.73155e-09 1.10819e-07 4.18196e-06 9.30539e-05 0.00122091 0.00944631 0.0431161 0.116329 0.187413 0.189223 0.143825 0.113267 0.0901577 0.0567103 0.0284641 0.012986 0.00527796 0.00178816 0.000516947 0.000129272 2.70361e-05 4.56955e-06 6.08264e-07 6.26027e-08
 1.57925e-11 1.71412e-09 1.09703e-07 4.13987e-06 9.21173e-05 0.00120862 0.00935129 0.0426834 0.115176 0.185672 0.188016 0.144334 0.115342 0.0922793 0.0576332 0.028349 0.0125954 0.00500426 0.00165482 0.000463864 0.000112482 2.31214e-05 3.93751e-06 5.38958e-07 5.70411e-08
 1.57968e-11 1.71459e-09 1.09734e-07 4.141e-06 9.21425e-05 0.00120895 0.00935384 0.0426949 0.115204 0.185696 0.187937 0.144015 0.114826 0.0919349 0.0577808 0.0288209 0.0129866 0.00516533 0.00168421 0.000460652 0.000108524 2.16232e-05 3.57523e-06 4.80836e-07 5.09941e-08
 1.68074e-11 1.82428e-09 1.16754e-07 4.40592e-06 9.80372e-05 0.00128629 0.00995202 0.045421 0.122502 0.196988 0.197146 0.145247 0.108577 0.0832896 0.0505343 0.0237148 0.00991089 0.00374472 0.00118248 0.000313853 7.15842e-05 1.37692e-05 2.19299e-06 2.84438e-07 2.92687e-08
 1.64301e-11 1.78333e-09 1.14133e-07 4.30703e-06 9.58367e-05 0.00125742 0.00972875 0.044404 0.119788 0.192851 0.194083 0.145819 0.112494 0.0876108 0.0529013 0.0242576 0.00976358 0.00354127 0.00106413 0.000265851 5.74109e-05 1.05933e-05 1.62704e-06 2.0341e-07 2.01601e-08
 1.62836e-11 1.76742e-09 1.13115e-07 4.2686e-06 9.49818e-05 0.00124621 0.00964197 0.0440082 0.118723 0.191166 0.192523 0.145025 0.112466 0.0882613 0.0542535 0.0259022 0.0109798 0.00409843 0.00123043 0.000300304 6.2231e-05 1.08787e-05 1.57789e-06 1.87583e-07 1.78238e-08
 1.63576e-11 1.77546e-09 1.13629e-07 4.28801e-06 9.54136e-05 0.00125187 0.00968577 0.0442072 0.119249 0.191919 0.192844 0.144139 0.110508 0.0865843 0.0540239 0.026803 0.0119863 0.00470953 0.00149776 0.000389872 8.44323e-05 1.48575e-05 2.10014e-06 2.38356e-07 2.1451e-08
 1.68947e-11 1.83376e-09 1.1736e-07 4.42882e-06 9.85467e-05 0.00129298 0.0100037 0.0456566 0.123133 0.197969 0.197967 0.145421 0.108138 0.0826059 0.0498706 0.0231717 0.00956365 0.00358981 0.00113278 0.000299875 6.73146e-05 1.2424e-05 1.83214e-06 2.11583e-07 1.8779e-08
 1.66682e-11 1.80917e-09 1.15787e-07 4.36944e-06 9.72254e-05 0.00127564 0.00986967 0.0450463 0.121507 0.195515 0.196269 0.146155 0.111092 0.085623 0.0511809 0.0229957 0.00898074 0.00317195 0.000931481 0.000227234 4.81357e-05 8.75849e-06 1.31811e-06 1.5812e-07 1.45756e-08
 1.65714e-11 1.79866e-09 1.15114e-07 4.34405e-06 9.66605e-05 0.00126823 0.00981236 0.0447854 0.120813 0.194478 0.195603 0.146636 0.112611 0.0870868 0.0516805 0.0226958 0.00852531 0.00288234 0.00080054 0.000179653 3.43307e-05 5.64669e-06 7.85235e-07 9.05482e-08 8.35101e-09
 1.63299e-11 1.77246e-09 1.13437e-07 4.28076e-06 9.52524e-05 0.00124976 0.00966944 0.0441336 0.119062 0.191716 0.193095 0.145493 0.112816 0.0883162 0.0538158 0.0251504 0.0103197 0.00371354 0.0010587 0.000238579 4.46796e-05 6.96299e-06 8.88746e-07 9.2911e-08 7.88231e-09
#obs surv len freq
 1.16108e-11 1.26024e-09 8.06552e-08 3.04368e-06 6.77261e-05 0.000888619 0.00687611 0.0314019 0.0849456 0.138555 0.147539 0.131592 0.128576 0.119947 0.0917142 0.06009 0.0340675 0.0157699 0.00581787 0.00169624 0.000380225 6.32341e-05 7.54402e-06 6.25636e-07 3.50616e-08
 8.33353e-12 9.04527e-10 5.78896e-08 2.18458e-06 4.86104e-05 0.000637835 0.00493661 0.022568 0.0613532 0.102392 0.11926 0.130587 0.151801 0.14931 0.114489 0.0740649 0.0411051 0.0185208 0.00660961 0.00185002 0.000395072 6.2143e-05 6.96543e-06 5.3954e-07 2.81027e-08
 1.8476e-11 2.00539e-09 1.28345e-07 4.84334e-06 0.00010777 0.00141398 0.0109395 0.0499172 0.134467 0.214844 0.208163 0.134789 0.0784991 0.0564366 0.0450786 0.0329501 0.0194941 0.00881482 0.00306221 0.000822572 0.00016717 2.48527e-05 2.61657e-06 1.89361e-07 9.17434e-09
 8.44935e-12 9.17098e-10 5.86942e-08 2.21495e-06 4.92867e-05 0.000646744 0.00500678 0.0229135 0.0625871 0.106481 0.131738 0.157395 0.184217 0.162313 0.0966414 0.0425978 0.0171748 0.0069369 0.00246603 0.000677024 0.000135404 1.92546e-05 1.90982e-06 1.29194e-07 5.82319e-09
 1.41343e-11 1.53414e-09 9.8185e-08 3.7052e-06 8.24457e-05 0.00108174 0.00837003 0.0382121 0.103177 0.166608 0.169033 0.129026 0.104078 0.0959599 0.0829852 0.05823 0.0295798 0.0103379 0.00260394 0.000527372 9.01596e-05 1.20909e-05 1.15634e-06 7.4633e-08 3.1646e-09
 1.19881e-11 1.3012e-09 8.32768e-08 3.14262e-06 6.99283e-05 0.000917554 0.00710129 0.0324543 0.0880498 0.145171 0.159599 0.149154 0.143277 0.120354 0.0777698 0.0422582 0.0211748 0.00902901 0.00287402 0.000635632 9.64189e-05 1.0293e-05 7.96834e-07 4.45097e-08 1.72142e-09
 1.64616e-11 1.78675e-09 1.14352e-07 4.3153e-06 9.60214e-05 0.00125987 0.0097484 0.0445056 0.120162 0.193847 0.195224 0.143313 0.103063 0.0790703 0.055 0.0321941 0.0151098 0.00546122 0.00153833 0.000339846 5.5836e-05 6.35728e-06 4.80951e-07 2.38914e-08 7.81713e-10
 1.34976e-11 1.46504e-09 9.37625e-08 3.53832e-06 7.87335e-05 0.0010331 0.00799564 0.0365414 0.0991038 0.162925 0.176244 0.156152 0.138583 0.108503 0.0644979 0.0303479 0.0123216 0.00424154 0.00115222 0.000235355 3.52184e-05 3.77475e-06 2.81006e-07 1.40033e-08 4.52372e-10
 1.42036e-11 1.54167e-09 9.86668e-08 3.72339e-06 8.28515e-05 0.00108712 0.00841332 0.0384404 0.104122 0.170165 0.179736 0.149732 0.125423 0.100408 0.0663809 0.0353602 0.0147632 0.00460068 0.0010648 0.000187704 2.5148e-05 2.46098e-06 1.68159e-07 7.75967e-09 2.35943e-10
 1.42099e-11 1.54236e-09 9.87107e-08 3.72505e-06 8.28888e-05 0.00108763 0.0084178 0.0384702 0.104295 0.170962 0.182126 0.153773 0.128415 0.099369 0.0623126 0.031822 0.0133055 0.00431905 0.00103613 0.000178922 2.18851e-05 1.87772e-06 1.12059e-07 4.58059e-09 1.25309e-10
 1.28215e-11 1.39166e-09 8.9066e-08 3.3611e-06 7.47911e-05 0.000981421 0.0075972 0.0347454 0.0944654 0.15651 0.172643 0.157067 0.14064 0.111394 0.0696241 0.0347921 0.0139584 0.00431542 0.000997201 0.000169168 2.04968e-05 1.71577e-06 9.66304e-08 3.59925e-09 8.7675e-11
 1.41317e-11 1.53386e-09 9.81671e-08 3.70455e-06 8.24332e-05 0.00108168 0.00837258 0.0382757 0.103866 0.170675 0.182554 0.154023 0.127321 0.0987602 0.063504 0.0329494 0.0133911 0.00406982 0.000904838 0.000145935 1.67812e-05 1.34037e-06 7.24179e-08 2.58509e-09 5.97764e-11
 1.35593e-11 1.47174e-09 9.41914e-08 3.55453e-06 7.9096e-05 0.00103794 0.00803543 0.0367584 0.0999864 0.165661 0.1816 0.160447 0.136231 0.102673 0.0616975 0.0297984 0.011601 0.00348186 0.000771585 0.000122615 1.36221e-05 1.03414e-06 5.26332e-08 1.76551e-09 3.84016e-11
 1.13921e-11 1.2365e-09 7.91364e-08 2.98642e-06 6.64562e-05 0.00087217 0.00675488 0.0309481 0.08466 0.143075 0.16632 0.164117 0.153597 0.121211 0.0743877 0.0358466 0.0134417 0.00378464 0.000783465 0.000117728 1.2538e-05 9.16877e-07 4.47453e-08 1.42609e-09 2.92102e-11
 9.24492e-12 1.00345e-09 6.42213e-08 2.42358e-06 5.39338e-05 0.000707932 0.00548583 0.0251828 0.0693639 0.119926 0.148222 0.161656 0.164994 0.139551 0.0923659 0.0475861 0.0184766 0.0052099 0.00105001 0.000149972 1.49517e-05 1.01943e-06 4.65495e-08 1.39537e-09 2.69603e-11
 1.21722e-11 1.32118e-09 8.45559e-08 3.19094e-06 7.10074e-05 0.00093189 0.00721673 0.0330464 0.0901575 0.150585 0.16808 0.152979 0.136319 0.113474 0.0791648 0.0435297 0.0178829 0.00528393 0.00109991 0.00015849 1.55097e-05 1.01314e-06 4.35476e-08 1.21602e-09 2.17913e-11
 1.17488e-11 1.27522e-09 8.16148e-08 3.07998e-06 6.85411e-05 0.000899646 0.00697034 0.0319699 0.0876936 0.148961 0.173483 0.167355 0.148981 0.11273 0.0684733 0.033899 0.0134552 0.00404299 0.0008711 0.000129384 1.28752e-05 8.40788e-07 3.5478e-08 9.55607e-10 1.62676e-11
 1.24837e-11 1.35499e-09 8.67198e-08 3.27264e-06 7.28286e-05 0.000955921 0.00740604 0.0339589 0.0930198 0.157069 0.179341 0.166344 0.143311 0.107811 0.065148 0.0307836 0.0111027 0.00298805 0.000590892 8.37265e-05 8.18282e-06 5.31291e-07 2.22802e-08 5.92162e-10 9.84883e-12
 1.16955e-11 1.26945e-09 8.12456e-08 3.0661e-06 6.82356e-05 0.000895772 0.00694348 0.0318882 0.0877764 0.150325 0.177427 0.172354 0.151598 0.112055 0.065342 0.0297642 0.0103514 0.00265184 0.000487426 6.30526e-05 5.62387e-06 3.37935e-07 1.33556e-08 3.39454e-10 5.4448e-12
 1.20711e-11 1.3102e-09 8.38543e-08 3.16457e-06 7.04278e-05 0.000924581 0.00716721 0.0329168 0.0905699 0.154666 0.180539 0.171359 0.147746 0.108969 0.0638098 0.0287619 0.00967599 0.00235875 0.00040857 4.93783e-05 4.07341e-06 2.24316e-07 8.08799e-09 1.87858e-10 2.77139e-12
 1.28918e-11 1.3993e-09 8.95564e-08 3.37978e-06 7.52184e-05 0.000987502 0.00765534 0.0351585 0.0966827 0.164525 0.189364 0.173497 0.142213 0.0997654 0.0558137 0.0241862 0.007871 0.00185539 0.000308073 3.52424e-05 2.72031e-06 1.38951e-07 4.61681e-09 9.83152e-11 1.32492e-12
 1.20842e-11 1.31163e-09 8.39466e-08 3.16815e-06 7.0514e-05 0.000925952 0.0071831 0.0330557 0.0914197 0.15793 0.187754 0.179534 0.15021 0.103855 0.0559589 0.0230883 0.00713183 0.00159774 0.000252517 2.74765e-05 2.00959e-06 9.66541e-08 3.00228e-09 5.937e-11 7.38876e-13
 1.27968e-11 1.38899e-09 8.88976e-08 3.35502e-06 7.46736e-05 0.000980574 0.0076063 0.0349884 0.0965784 0.165637 0.192826 0.17752 0.143629 0.0981348 0.0526999 0.0213922 0.00636044 0.00134767 0.000199559 2.02846e-05 1.38638e-06 6.23644e-08 1.81164e-09 3.34565e-11 3.87893e-13
 1.20713e-11 1.31024e-09 8.38587e-08 3.16497e-06 7.04514e-05 0.000925424 0.00718492 0.033132 0.0920654 0.160509 0.19297 0.184351 0.150504 0.100022 0.0513206 0.0199078 0.00569219 0.00116089 0.000164221 1.57613e-05 1.00662e-06 4.20413e-08 1.13071e-09 1.93231e-11 2.07398e-13
 1.21622e-11 1.32012e-09 8.44914e-08 3.18891e-06 7.09879e-05 0.000932578 0.00724228 0.0334124 0.0929037 0.161953 0.193999 0.18376 0.149175 0.099425 0.0510677 0.0194928 0.00537026 0.00104104 0.000139242 1.26151e-05 7.58902e-07 2.97334e-08 7.46244e-10 1.18402e-11 1.17524e-13
 1.08328e-11 1.17583e-09 7.52589e-08 2.84068e-06 6.32501e-05 0.000831433 0.00646751 0.029971 0.0842991 0.150999 0.190336 0.191356 0.160169 0.106122 0.0532185 0.0197514 0.00528504 0.000990162 0.00012678 1.08782e-05 6.1461e-07 2.2502e-08 5.26351e-10 7.77046e-12 7.16479e-14
 1.09198e-11 1.18528e-09 7.58645e-08 2.86362e-06 6.37646e-05 0.000838293 0.00652214 0.0302294 0.0849879 0.151778 0.189747 0.188961 0.158618 0.106992 0.0545935 0.0202651 0.00531184 0.000960725 0.000117782 9.62465e-06 5.15198e-07 1.77705e-08 3.89449e-10 5.36123e-12 4.59334e-14
 1.12473e-11 1.22084e-09 7.81418e-08 2.94971e-06 6.56884e-05 0.000863787 0.00672377 0.0311924 0.0878092 0.15686 0.194944 0.190417 0.155021 0.101384 0.0505136 0.01846 0.00478182 0.000851561 0.000101785 8.01251e-06 4.08848e-07 1.33392e-08 2.75039e-10 3.5482e-12 2.83965e-14
#pred catch len freq
 1.03641e-11 1.12492e-09 7.19947e-08 2.71686e-06 6.04538e-05 0.000793199 0.00613772 0.0280299 0.075837 0.123883 0.133128 0.12248 0.1238 0.114904 0.0850955 0.0571038 0.038611 0.0259473 0.017734 0.0127182 0.00978222 0.00819466 0.00709515 0.00546987 0.00319259
 8.17405e-12 8.87215e-10 5.67816e-08 2.14277e-06 4.76798e-05 0.000625616 0.00484182 0.0221316 0.0601499 0.100442 0.118076 0.133533 0.159571 0.153363 0.107485 0.0630355 0.0352005 0.0183866 0.0093019 0.00503696 0.00306895 0.00213938 0.0016469 0.00121018 0.000703893
 1.17376e-11 1.274e-09 8.15359e-08 3.07691e-06 6.84653e-05 0.00089831 0.00695081 0.0317372 0.0857849 0.139471 0.146814 0.127635 0.122192 0.113732 0.0889187 0.0625883 0.0390098 0.0196926 0.00833056 0.00331052 0.00137756 0.000673084 0.00040462 0.000262443 0.000145837
 1.16767e-11 1.26739e-09 8.11129e-08 3.06095e-06 6.81103e-05 0.000893659 0.0069151 0.0315807 0.0854524 0.139657 0.150373 0.138884 0.139808 0.125618 0.0844333 0.0470701 0.0256187 0.0134383 0.00631582 0.00253766 0.000870077 0.000282353 0.000105706 5.0028e-05 2.42696e-05
 9.64622e-12 1.047e-09 6.70082e-08 2.52868e-06 5.62668e-05 0.000738277 0.00571327 0.0261039 0.0707964 0.11702 0.13211 0.137105 0.153645 0.144647 0.100593 0.057996 0.0307018 0.0140991 0.00558678 0.00207192 0.00071742 0.000216995 5.82115e-05 1.63779e-05 5.47757e-06
 1.15908e-11 1.25807e-09 8.05162e-08 3.03843e-06 6.76092e-05 0.000887082 0.00686411 0.0313457 0.0847868 0.138332 0.147856 0.134034 0.133286 0.122342 0.088657 0.0556631 0.0318382 0.0152178 0.00597202 0.00202355 0.000608605 0.000165192 4.02068e-05 8.66206e-06 1.78914e-06
 1.26341e-11 1.37131e-09 8.77638e-08 3.31193e-06 7.36949e-05 0.000966928 0.00748182 0.0341636 0.0923686 0.150375 0.159196 0.140353 0.134534 0.118551 0.079096 0.0433528 0.0223821 0.0105833 0.00435783 0.00154986 0.000464816 0.00011671 2.49894e-05 4.62339e-06 7.41742e-07
 1.35394e-11 1.46957e-09 9.40524e-08 3.54925e-06 7.89754e-05 0.00103621 0.00801765 0.0366052 0.0988994 0.160439 0.167205 0.140808 0.128029 0.110512 0.0736013 0.0403269 0.0203667 0.00904785 0.00341356 0.00114927 0.000347547 8.99746e-05 1.9108e-05 3.27172e-06 4.53603e-07
 1.19003e-11 1.29167e-09 8.26665e-08 3.11958e-06 6.94149e-05 0.000910777 0.00704757 0.0321862 0.0870967 0.142394 0.153542 0.142319 0.143533 0.128163 0.0840326 0.0438461 0.0210243 0.00906061 0.00332351 0.00106053 0.000297329 7.2564e-05 1.51622e-05 2.60083e-06 3.50132e-07
 1.24127e-11 1.34728e-09 8.6226e-08 3.2539e-06 7.24037e-05 0.000949986 0.00735075 0.0335655 0.0907579 0.147803 0.156714 0.138823 0.134089 0.119642 0.0821674 0.0471096 0.0246051 0.0108574 0.00388763 0.00119095 0.000319933 7.39544e-05 1.44719e-05 2.35419e-06 3.08468e-07
 1.23302e-11 1.33833e-09 8.56528e-08 3.23227e-06 7.19224e-05 0.000943673 0.00730198 0.0333447 0.0901864 0.147079 0.156898 0.141293 0.138485 0.122802 0.0813787 0.0436611 0.0216922 0.0096528 0.00363782 0.00116715 0.000314688 7.032e-05 1.30689e-05 2.00217e-06 2.46833e-07
 1.25787e-11 1.36529e-09 8.73787e-08 3.2974e-06 7.33716e-05 0.000962686 0.00744902 0.0340143 0.0919716 0.149783 0.158821 0.140662 0.135556 0.119865 0.0802564 0.0439398 0.0220493 0.00962178 0.00348879 0.00109615 0.000301408 6.98163e-05 1.31497e-05 1.96965e-06 2.31571e-07
 1.30098e-11 1.41209e-09 9.03738e-08 3.41043e-06 7.58865e-05 0.000995682 0.00770426 0.0351781 0.0950957 0.154686 0.163158 0.142311 0.13461 0.11735 0.0767646 0.0402612 0.0193579 0.00826753 0.0029614 0.00091023 0.000241916 5.46245e-05 1.03034e-05 1.57137e-06 1.86119e-07
 1.25819e-11 1.36565e-09 8.74013e-08 3.29826e-06 7.33906e-05 0.000962937 0.007451 0.0340244 0.0920125 0.14996 0.159518 0.142507 0.138369 0.121819 0.0796936 0.0415611 0.0197536 0.0082738 0.002878 0.000857588 0.000222538 4.91062e-05 9.01725e-06 1.34745e-06 1.59009e-07
 1.11385e-11 1.20898e-09 7.73746e-08 2.91988e-06 6.49714e-05 0.00085248 0.00659671 0.0301324 0.0816129 0.134021 0.147262 0.143223 0.151095 0.136781 0.0892156 0.0455744 0.0210535 0.0085685 0.00287323 0.000816743 0.000201814 4.26066e-05 7.54169e-06 1.09309e-06 1.25671e-07
 1.13502e-11 1.23196e-09 7.88451e-08 2.97537e-06 6.62061e-05 0.000868677 0.0067219 0.0307009 0.0831065 0.136103 0.147848 0.139782 0.144143 0.131214 0.0892401 0.0496903 0.0250391 0.0106102 0.00356983 0.000997535 0.000238921 4.83211e-05 8.14349e-06 1.1263e-06 1.24448e-07
 1.24503e-11 1.35136e-09 8.64866e-08 3.26374e-06 7.26225e-05 0.00095286 0.00737306 0.033669 0.0910601 0.148476 0.158259 0.142183 0.138926 0.122744 0.0806391 0.0424079 0.020392 0.00864596 0.00303231 0.000891564 0.000219097 4.39848e-05 7.18674e-06 9.50922e-07 1.00013e-07
 1.26815e-11 1.37645e-09 8.80929e-08 3.32436e-06 7.39713e-05 0.000970556 0.00750994 0.034293 0.0927321 0.151077 0.160448 0.142692 0.13786 0.12107 0.07903 0.0410403 0.0193732 0.00803119 0.00274644 0.000798353 0.000200291 4.19558e-05 7.09644e-06 9.4495e-07 9.72706e-08
 1.24795e-11 1.35453e-09 8.66896e-08 3.2714e-06 7.2793e-05 0.000955097 0.00739039 0.0337487 0.0912825 0.148894 0.158962 0.143427 0.140616 0.123843 0.0801694 0.0407805 0.0187652 0.00761337 0.00254248 0.000716776 0.00017441 3.59136e-05 6.12098e-06 8.38142e-07 8.87203e-08
 1.28895e-11 1.39903e-09 8.95375e-08 3.37887e-06 7.51844e-05 0.000986471 0.00763304 0.0348541 0.0942361 0.153419 0.162431 0.143192 0.136967 0.119618 0.077592 0.0397889 0.0184336 0.0074515 0.00244798 0.00067253 0.000158876 3.17003e-05 5.2449e-06 7.05612e-07 7.48427e-08
 1.39215e-11 1.51105e-09 9.6707e-08 3.64942e-06 8.12044e-05 0.00106545 0.00824396 0.0376386 0.101694 0.164996 0.172051 0.145042 0.13149 0.111401 0.0699671 0.033766 0.0145532 0.00560867 0.00178746 0.000476854 0.000109099 2.10189e-05 3.35021e-06 4.34691e-07 4.47372e-08
 1.33428e-11 1.44823e-09 9.26865e-08 3.4977e-06 7.78285e-05 0.00102116 0.00790142 0.0360784 0.097529 0.158642 0.167311 0.145809 0.137332 0.117918 0.0736449 0.0347539 0.0144654 0.00536592 0.00162949 0.000409495 8.87644e-05 1.64116e-05 2.52305e-06 3.15568e-07 3.12824e-08
 1.29142e-11 1.40171e-09 8.97094e-08 3.38536e-06 7.53287e-05 0.000988364 0.00764772 0.0349217 0.0944266 0.153792 0.163113 0.144484 0.138766 0.120809 0.0771326 0.0381179 0.0167735 0.00640736 0.00194431 0.000477569 9.93962e-05 1.7418e-05 2.52938e-06 3.00873e-07 2.85963e-08
 1.3409e-11 1.45542e-09 9.31468e-08 3.51507e-06 7.8215e-05 0.00102623 0.00794056 0.0362554 0.0979835 0.159189 0.166996 0.14336 0.133051 0.11473 0.07412 0.0378754 0.0174452 0.00697339 0.00223541 0.00058461 0.000126982 2.23806e-05 3.16614e-06 3.59495e-07 3.23601e-08
 1.41496e-11 1.5358e-09 9.8291e-08 3.7092e-06 8.25345e-05 0.0010829 0.00837893 0.0382537 0.103341 0.167546 0.174137 0.145343 0.130112 0.109464 0.0683053 0.0325679 0.0138349 0.00529201 0.00168462 0.000448077 0.000100865 1.86433e-05 2.75121e-06 3.17832e-07 2.8214e-08
 1.41577e-11 1.53668e-09 9.83476e-08 3.71133e-06 8.2582e-05 0.00108353 0.00838378 0.0382764 0.10341 0.167717 0.174594 0.146409 0.13169 0.110538 0.0679475 0.0311703 0.0124749 0.00448211 0.00132681 0.000325071 6.90495e-05 1.25823e-05 1.89486e-06 2.27375e-07 2.09625e-08
 1.36436e-11 1.48089e-09 9.47765e-08 3.57657e-06 7.95834e-05 0.00104419 0.00807953 0.0368906 0.09971 0.162072 0.170379 0.147076 0.136854 0.116302 0.0712011 0.0320527 0.0124199 0.00429579 0.00120603 0.000272211 5.22216e-05 8.60905e-06 1.19852e-06 1.38278e-07 1.2756e-08
 1.27354e-11 1.38231e-09 8.84675e-08 3.33849e-06 7.42859e-05 0.000974684 0.00754192 0.0344401 0.0931438 0.15186 0.161798 0.145132 0.141207 0.123281 0.0781815 0.0379234 0.016229 0.00599853 0.00173132 0.000393 7.39897e-05 1.15678e-05 1.47893e-06 1.54739e-07 1.31332e-08
#obs catch len freq
 9.74597e-12 1.05783e-09 6.77013e-08 2.55484e-06 5.68489e-05 0.000745914 0.00577233 0.0263719 0.0714827 0.117727 0.130521 0.129104 0.139663 0.135647 0.105224 0.0696538 0.0398566 0.0186236 0.00694481 0.00204908 0.000465271 7.84652e-05 9.50094e-06 8.00013e-07 4.55178e-08
 9.9878e-12 1.08408e-09 6.93811e-08 2.61823e-06 5.82595e-05 0.000764427 0.0059157 0.0270286 0.0732763 0.120723 0.13373 0.131233 0.139804 0.134046 0.102965 0.0672561 0.0376889 0.0171363 0.00617743 0.00174857 0.000377895 6.01839e-05 6.83185e-06 5.35987e-07 2.82753e-08
 7.09032e-12 7.69588e-10 4.92536e-08 1.85869e-06 4.1359e-05 0.000542707 0.00420108 0.0192209 0.0524446 0.0889104 0.109246 0.131226 0.161042 0.160115 0.122748 0.0789919 0.0432588 0.0191149 0.00665502 0.00180548 0.000371138 5.58213e-05 5.9455e-06 4.35189e-07 2.13183e-08
 1.75146e-11 1.90105e-09 1.21667e-07 4.59133e-06 0.000102163 0.00134042 0.0103706 0.0473263 0.127548 0.204221 0.199698 0.133856 0.0842794 0.0645933 0.0524192 0.0380177 0.0220934 0.00977038 0.00330514 0.000859153 0.000167812 2.38208e-05 2.38008e-06 1.62588e-07 7.40172e-09
 7.49803e-12 8.13841e-10 5.20858e-08 1.96557e-06 4.37381e-05 0.000573964 0.00444434 0.0203595 0.0558468 0.0966271 0.125643 0.16072 0.193522 0.170055 0.100357 0.0439799 0.0176262 0.00700012 0.00241822 0.00064022 0.000122757 1.66403e-05 1.56443e-06 9.97923e-08 4.22276e-09
 1.32197e-11 1.43487e-09 9.18317e-08 3.46545e-06 7.71111e-05 0.00101176 0.00782896 0.0357499 0.0966214 0.156649 0.161428 0.128909 0.110456 0.104528 0.0901566 0.0621477 0.0307853 0.0104773 0.00257093 0.000505289 8.2999e-05 1.05931e-05 9.58226e-07 5.82368e-08 2.31635e-09
 1.1197e-11 1.21533e-09 7.7781e-08 2.93523e-06 6.53139e-05 0.00085703 0.00663361 0.0303311 0.0824484 0.136969 0.154389 0.151426 0.150391 0.126772 0.0815219 0.0440197 0.0217181 0.00900686 0.00276615 0.00058776 8.54113e-05 8.699e-06 6.38308e-07 3.35573e-08 1.21523e-09
 1.58779e-11 1.7234e-09 1.10297e-07 4.16229e-06 9.26169e-05 0.00121521 0.00940331 0.0429382 0.116019 0.187721 0.191104 0.144494 0.10805 0.0841988 0.0583425 0.0336622 0.0154543 0.00544292 0.00148724 0.00031609 4.95508e-05 5.35406e-06 3.83023e-07 1.79283e-08 5.504e-10
 1.29462e-11 1.40519e-09 8.99321e-08 3.39378e-06 7.55177e-05 0.000990925 0.00767 0.0350669 0.095248 0.157458 0.17331 0.158717 0.144029 0.112595 0.0662893 0.0308212 0.0122842 0.00411532 0.0010804 0.000212006 3.02952e-05 3.08158e-06 2.16478e-07 1.01366e-08 3.06786e-10
 1.37601e-11 1.49353e-09 9.55861e-08 3.60714e-06 8.02652e-05 0.00105321 0.00815151 0.0372556 0.101029 0.165795 0.1774 0.151756 0.129827 0.10397 0.0680375 0.0356014 0.0144883 0.00438105 0.000980525 0.000166191 2.12495e-05 1.97143e-06 1.27036e-07 5.50397e-09 1.56556e-10
 1.38622e-11 1.50461e-09 9.62951e-08 3.6339e-06 8.0861e-05 0.00106105 0.00821277 0.0375453 0.101906 0.167712 0.180762 0.155953 0.132048 0.10179 0.0631221 0.0316993 0.0129266 0.00406335 0.000938678 0.00015527 1.81019e-05 1.47287e-06 8.29137e-08 3.181e-09 8.13436e-11
 1.25489e-11 1.36206e-09 8.71721e-08 3.28964e-06 7.32016e-05 0.000960593 0.00743683 0.034026 0.0926414 0.154197 0.172173 0.159528 0.143782 0.112962 0.0696629 0.0341614 0.0133478 0.00399448 0.00088859 0.000144216 1.66164e-05 1.31614e-06 6.9848e-08 2.44239e-09 5.56533e-11
 1.39447e-11 1.51356e-09 9.68681e-08 3.65553e-06 8.13431e-05 0.0010674 0.00826284 0.0377859 0.102646 0.169225 0.182565 0.15613 0.129719 0.0998048 0.063249 0.0321217 0.0126818 0.00372362 0.000795824 0.000122671 1.34021e-05 1.01174e-06 5.14341e-08 1.72125e-09 3.72026e-11
 1.3437e-11 1.45846e-09 9.33415e-08 3.52246e-06 7.83832e-05 0.00102862 0.00796419 0.0364463 0.0992571 0.165032 0.18239 0.162727 0.137991 0.102748 0.0607779 0.0287478 0.010875 0.00314968 0.000669541 0.000101476 1.06947e-05 7.66573e-07 3.66807e-08 1.15247e-09 2.3407e-11
 1.13232e-11 1.22903e-09 7.86582e-08 2.96838e-06 6.6056e-05 0.000866962 0.00671569 0.0307853 0.0843536 0.143192 0.167913 0.166783 0.155112 0.120642 0.0727338 0.034231 0.0124461 0.00337884 0.000670793 9.60683e-05 9.69285e-06 6.68185e-07 3.0617e-08 9.1318e-10 1.74553e-11
 9.2297e-12 1.0018e-09 6.41157e-08 2.41962e-06 5.38467e-05 0.000706841 0.00547868 0.0251683 0.0694699 0.120737 0.150503 0.16469 0.166568 0.138755 0.0900785 0.0451935 0.01697 0.00460364 0.000888116 0.000120742 1.13954e-05 7.31932e-07 3.13516e-08 8.78498e-10 1.58224e-11
 1.22059e-11 1.32484e-09 8.47904e-08 3.1998e-06 7.12057e-05 0.000934534 0.00723822 0.0331585 0.0905682 0.151705 0.170211 0.155408 0.137542 0.112822 0.077098 0.0412049 0.0163412 0.00463511 0.000921152 0.000126042 1.1657e-05 7.16615e-07 2.88782e-08 7.53491e-10 1.2581e-11
 1.1827e-11 1.28371e-09 8.21583e-08 3.10052e-06 6.89995e-05 0.000905721 0.00701875 0.0322094 0.088476 0.150757 0.176285 0.169735 0.149132 0.110875 0.0660616 0.0318848 0.0122296 0.00352303 0.000722979 0.000101719 9.54495e-06 5.85534e-07 2.31343e-08 5.81828e-10 9.22594e-12
 1.25909e-11 1.36663e-09 8.74651e-08 3.30079e-06 7.34566e-05 0.000964224 0.0074717 0.0342768 0.0940064 0.159144 0.182265 0.168604 0.143277 0.105712 0.0624317 0.0286577 0.0099775 0.00257703 0.000485822 6.51683e-05 5.99493e-06 3.64852e-07 1.42985e-08 3.54302e-10 5.48321e-12
 1.18386e-11 1.28498e-09 8.22399e-08 3.10366e-06 6.90733e-05 0.000906844 0.0070309 0.0323088 0.0890589 0.152917 0.180835 0.174646 0.151079 0.109374 0.0622922 0.0275384 0.00922773 0.00226361 0.000396089 4.84927e-05 4.07104e-06 2.29157e-07 8.45181e-09 1.99915e-10 2.97834e-12
 1.22506e-11 1.3297e-09 8.51021e-08 3.21169e-06 7.14787e-05 0.000938454 0.00727636 0.0334366 0.0921138 0.157629 0.184155 0.173549 0.146989 0.10602 0.0605018 0.0264086 0.00854685 0.00199275 0.000328213 3.74985e-05 2.90927e-06 1.50023e-07 5.0471e-09 1.09051e-10 1.49299e-12
 1.30848e-11 1.42024e-09 9.08972e-08 3.43041e-06 7.63478e-05 0.00100241 0.00777265 0.0357162 0.0983275 0.167616 0.192955 0.175374 0.141048 0.0966494 0.0526511 0.0220775 0.0069033 0.00155389 0.00024496 2.64613e-05 1.91947e-06 9.17627e-08 2.84381e-09 5.63258e-11 7.04384e-13
 1.23035e-11 1.33545e-09 8.54712e-08 3.22574e-06 7.17988e-05 0.000942929 0.00731681 0.0336926 0.0932992 0.161441 0.19173 0.181403 0.148609 0.100237 0.052536 0.0209555 0.00621408 0.00132805 0.000199048 2.04269e-05 1.40245e-06 6.3079e-08 1.82663e-09 3.35879e-11 3.87869e-13
 1.30375e-11 1.41511e-09 9.05703e-08 3.4182e-06 7.6083e-05 0.000999189 0.0077527 0.0356822 0.0985996 0.169312 0.196806 0.179225 0.141881 0.0944137 0.049207 0.0192698 0.00549233 0.00110915 0.000155643 1.491e-05 9.55811e-07 4.01732e-08 1.08707e-09 1.86555e-11 2.00605e-13
 1.23257e-11 1.33786e-09 8.56271e-08 3.23178e-06 7.1943e-05 0.000945151 0.00734051 0.0338733 0.0942401 0.16448 0.197211 0.185955 0.14832 0.0959487 0.0477661 0.0178651 0.00489073 0.00094915 0.000127065 1.1483e-05 6.87518e-07 2.68182e-08 6.71589e-10 1.06597e-11 1.06056e-13
 1.24356e-11 1.34979e-09 8.63918e-08 3.26072e-06 7.25911e-05 0.000953784 0.00740948 0.0342074 0.0952217 0.166128 0.198367 0.185359 0.146892 0.0951492 0.0473151 0.0173812 0.0045797 0.000844181 0.000106766 9.09899e-06 5.12657e-07 1.8746e-08 4.37886e-10 6.45156e-12 5.93531e-14
 1.11141e-11 1.20637e-09 7.72147e-08 2.91462e-06 6.49025e-05 0.00085334 0.00664104 0.030803 0.0867571 0.155494 0.19508 0.193044 0.15759 0.101462 0.0492417 0.0175717 0.00449049 0.00079879 9.65961e-05 7.79056e-06 4.12015e-07 1.40715e-08 3.06184e-10 4.1953e-12 3.5839e-14
 1.12145e-11 1.21728e-09 7.79139e-08 2.94111e-06 6.54966e-05 0.000861258 0.00670397 0.0310995 0.0875446 0.156412 0.194622 0.190798 0.156122 0.102159 0.0503312 0.0179298 0.00448317 0.000769165 8.89736e-05 6.82712e-06 3.41787e-07 1.09905e-08 2.23969e-10 2.86094e-12 2.27054e-14
#spawning biomass
 15166.5 13056.7 14158.9 17564.1 20494.2 21101 23274.8 35441.3 49771.7 68784.9 83227.4 108151 128126 161745 151285 138809 114388 121786 124176 126950 119169 126291 136305 158709 164549 170870 156742 165122 194954 276730 247911 189022 136811 99622.6 75788.9 61474.3 53246.5 48662.3 46165.6 44828.5 44121.5 43751.1 43557.9 43457.4 43406.5 43380.8 43367.7 43361.1 43357.8 43356.1 43355.2 43354.8 43354.6 43354.4 43354.4 43354.4 43354.3 43354.3 43354.3 43354.3 43354.3 43354.3 43354.3 43354.3 43354.3 43354.3 43354.3 43354.3 43354.3 43354.3 43354.3 43354.3 43354.3 43354.3 43354.3 43354.3 43354.3 43354.3 43354.3 43354.3 43354.3 43354.3 43354.3 43354.3 43354.3 43354.3 43354.3 43354.3 43354.3 43354.3 43354.3 43354.3 43354.3 43354.3 43354.3 43354.3 43354.3 43354.3 43354.3 43354.3 43354.3 43354.3 43354.3 43354.3 43354.3 43354.3 43354.3 43354.3 43354.3 43354.3 43354.3 43354.3 43354.3 43354.3 43354.3 43354.3 43354.3 43354.3 43354.3 43354.3 43354.3 43354.3 43354.3 43354.3 43354.3 43354.3 43354.3 43354.3 0 0 0 0 0 0 0 0 0 0 0 0 0 0 0 0 0 0 0 0 0 0 0 0 0
