SBPRF35
0.819782
Curr Bio
121274
B35
687105
F35
0.212347
FOFL
0.0920848
OFL
22469.4
Bzero
234224
#pred survey bio
 6250.7 6428.07 8123.06 11422.9 16170.9 19166.7 18242.4 23269.4 37147.8 51816.9 58510.8 74588.7 103794 126609 127617 111482 104415 108528 106150 106612 106712 114900 117848 119096 119249 123133 123168 115543 130014 1.11818e+07 9.1319e+06 9.60557e+06 8.92511e+06 7.77699e+06 6.55367e+06 5.4511e+06 4.54192e+06 3.83174e+06 3.29596e+06 2.90084e+06 2.61359e+06 2.40643e+06 2.25705e+06 2.14819e+06 2.06891e+06 2.01261e+06 1.9722e+06 1.94287e+06 1.92133e+06 1.90533e+06 1.89331e+06 1.88419e+06 1.87719e+06 1.87177e+06 1.86754e+06 1.86421e+06 1.86158e+06 1.85948e+06 1.8578e+06 1.85645e+06 1.85537e+06 1.85449e+06 1.85378e+06 1.8532e+06 1.85273e+06 1.85235e+06 1.85203e+06 1.85178e+06 1.85157e+06 1.8514e+06 1.85127e+06 1.85115e+06 1.85106e+06 1.85098e+06 1.85092e+06 1.85087e+06 1.85083e+06 1.8508e+06 1.85077e+06 1.85075e+06 1.85073e+06 1.85071e+06 1.8507e+06 1.85069e+06 1.85068e+06 1.85067e+06 1.85067e+06 1.85066e+06 1.85066e+06 1.85066e+06 1.85065e+06 1.85065e+06 1.85065e+06 1.85065e+06 1.85065e+06 1.85065e+06 1.85065e+06 1.85065e+06 1.85065e+06 1.85064e+06 1.85064e+06 1.85064e+06 1.85064e+06 1.85064e+06 1.85064e+06 1.85064e+06 1.85064e+06 1.85064e+06 1.85064e+06 1.85064e+06 1.85064e+06 1.85064e+06 1.85064e+06 1.85064e+06 1.85064e+06 1.85064e+06 1.85064e+06 1.85064e+06 1.85064e+06 1.85064e+06 1.85064e+06 1.85064e+06 1.85064e+06 1.85064e+06 1.85064e+06 1.85064e+06 1.85064e+06 1.85064e+06 1.85064e+06 0 0 0 0 0 0 0 0 0 0 0 0 0 0 0 0 0 0 0 0 0 0 0 0 0
#obs survey bio
 5547.77 8366.1 11177.3 9353.68 28468 26161.7 17619.2 24187.7 40834 48030 72213.9 66806.9 138852 126918 86582 91409.7 73597.4 91696.1 97439.3 99883.8 153651 168513 139772 174761 144579 95701.4 119136 84419.6 143418
#pred catch bio
 4230.58 4519.21 5662.16 7859.31 11008.2 14545.9 13487.3 15639.4 25975.1 40381.9 44547.2 55069.3 79246.7 98478.8 103778 91557.3 84141.5 90179.5 88071 89305.9 86377 94412.9 99021.6 102262 101984 106035 105594 94515.7 1.45811 22469.4 74195.5 78342.8 71935 61788.1 51202.2 41798.3 34156.3 28286.6 23947.6 20826 18624.2 17093.5 16038.3 15312.2 14817.8 14490.4 14273.7 14130.1 14035.1 13972.2 13930.6 13903 13884.7 13872.6 13864.6 13859.3 13855.8 13853.5 13852 13850.9 13850.3 13849.8 13849.5 13849.3 13849.2 13849.1 13849.1 13849 13849 13849 13849 13849 13849 13849 13849 13849 13849 13849 13849 13849 13849 13849 13849 13849 13849 13849 13849 13849 13849 13849 13849 13849 13849 13849 13849 13849 13849 13849 13849 13849 13849 13849 13849 13849 13849 13849 13849 13849 13849 13849 13849 13849 13849 13849 13849 13849 13849 13849 13849 13849 13849 13849 13849 13849 13849 13849 13849 13849 13849 0 0 0 0 0 0 0 0 0 0 0 0 0 0 0 0 0 0 0 0 0 0 0 0 0
#obs catch bio
 4804.64 4537.38 5520.29 7722.43 10627.1 13997.6 13332.6 14983.7 24649.4 39725.8 43001.3 53856.4 77340.5 96617.1 104489 93007 84295.6 90076.2 88381.7 88667.8 82882.9 89657.6 94211 97793.5 98488.6 105666 104521 98439.6 1.33399
#pred cpue bio
 5252.26 5032.27 6140.17 8551.53 12212.3 15347.4 14239.4 17127 27537.1 39158.4 43858.4 55002.5 76487.2 95091.9 99531.9 86010.2 78654.9 81518.5 79339.5 79381.9 79060.8 85848.7 87915.5 87683.6 86987.5 89784.4 90086.6 86278.6 94859.8 9.79064e+06 8.96075e+06 9.56029e+06 8.87149e+06 7.71967e+06 6.49568e+06 5.393e+06 4.48382e+06 3.77363e+06 3.23786e+06 2.84273e+06 2.55548e+06 2.34833e+06 2.19894e+06 2.09008e+06 2.01081e+06 1.95451e+06 1.9141e+06 1.88476e+06 1.86322e+06 1.84723e+06 1.83521e+06 1.82608e+06 1.81908e+06 1.81366e+06 1.80943e+06 1.8061e+06 1.80347e+06 1.80137e+06 1.79969e+06 1.79834e+06 1.79726e+06 1.79638e+06 1.79567e+06 1.79509e+06 1.79462e+06 1.79424e+06 1.79393e+06 1.79367e+06 1.79347e+06 1.7933e+06 1.79316e+06 1.79304e+06 1.79295e+06 1.79288e+06 1.79281e+06 1.79276e+06 1.79272e+06 1.79269e+06 1.79266e+06 1.79264e+06 1.79262e+06 1.7926e+06 1.79259e+06 1.79258e+06 1.79257e+06 1.79257e+06 1.79256e+06 1.79256e+06 1.79255e+06 1.79255e+06 1.79255e+06 1.79254e+06 1.79254e+06 1.79254e+06 1.79254e+06 1.79254e+06 1.79254e+06 1.79254e+06 1.79254e+06 1.79254e+06 1.79254e+06 1.79254e+06 1.79254e+06 1.79254e+06 1.79254e+06 1.79254e+06 1.79254e+06 1.79254e+06 1.79254e+06 1.79254e+06 1.79254e+06 1.79254e+06 1.79254e+06 1.79254e+06 1.79254e+06 1.79254e+06 1.79254e+06 1.79254e+06 1.79254e+06 1.79254e+06 1.79254e+06 1.79254e+06 1.79254e+06 1.79254e+06 1.79254e+06 1.79254e+06 1.79254e+06 1.79254e+06 1.79254e+06 0 0 0 0 0 0 0 0 0 0 0 0 0 0 0 0 0 0 0 0 0 0 0 0 0
#obs cpue bio
 6793.04 3869.59 7901.66 12373.6 13910.3 19416 17231.8 37506.4 59886.3 39551.6 76351.7 71459.9 91323.8 113274 116890 85237.2 108765 102392 79074.8 104047 122017 137916 157142 119149 115796 105328 118780 133475 168459
#pred surv len freq
 2.56708e-27 2.5989e-27 4.24429e-26 8.41375e-20 2.06253e-14 6.11164e-10 2.18909e-06 0.000947791 0.049604 0.313808 0.240209 0.0371421 0.113949 0.105291 0.0273703 0.0362947 0.0168199 0.0146192 0.00979333 0.00798896 0.00662736 0.00598294 0.0062112 0.00561398 0.00172458
 2.56866e-27 2.60286e-27 4.54949e-26 9.05739e-20 2.22031e-14 6.57918e-10 2.35655e-06 0.0010203 0.0533986 0.337814 0.258589 0.0402213 0.124472 0.114639 0.0227762 0.0232031 0.00883165 0.00531012 0.00287696 0.00196025 0.0014074 0.00112518 0.00105725 0.000967782 0.00032705
 2.56958e-27 2.60528e-27 4.75385e-26 9.48848e-20 2.32599e-14 6.89231e-10 2.46871e-06 0.00106886 0.0559401 0.353893 0.270869 0.0404244 0.11739 0.108049 0.0206841 0.0200145 0.00669205 0.00265561 0.00104126 0.000496104 0.000274721 0.000182063 0.000147752 0.000129801 4.56999e-05
 2.56981e-27 2.60589e-27 4.80409e-26 9.59446e-20 2.35197e-14 6.96929e-10 2.49628e-06 0.0010808 0.0565649 0.357845 0.27389 0.0405862 0.116499 0.107176 0.0196033 0.0177584 0.00583774 0.00213897 0.000668615 0.000202415 7.01137e-05 3.28268e-05 2.10386e-05 1.66023e-05 5.85017e-06
 2.56946e-27 2.60493e-27 4.71908e-26 9.41511e-20 2.308e-14 6.83902e-10 2.44962e-06 0.00106059 0.0555076 0.351156 0.268786 0.0408676 0.122226 0.11246 0.0205432 0.0185658 0.00599182 0.00201794 0.000606325 0.000158115 3.45119e-05 8.92511e-06 3.65673e-06 2.32561e-06 7.86544e-07
 2.56696e-27 2.59817e-27 4.12417e-26 8.16012e-20 2.00036e-14 5.92741e-10 2.1231e-06 0.000919221 0.0481087 0.304349 0.233069 0.0423521 0.158618 0.146107 0.0276673 0.026354 0.00851234 0.00286242 0.000832324 0.000200376 3.85592e-05 6.22947e-06 1.19611e-06 4.78828e-07 1.45417e-07
 2.56828e-27 2.60183e-27 4.45562e-26 8.85936e-20 2.17176e-14 6.43533e-10 2.30503e-06 0.000997988 0.0522311 0.330428 0.252957 0.0407665 0.132578 0.122211 0.0258561 0.0282487 0.00923776 0.00326037 0.000952102 0.000226162 4.06151e-05 5.64094e-06 5.99723e-07 9.79354e-08 2.24863e-08
 2.57047e-27 2.60771e-27 4.96807e-26 9.94039e-20 2.43677e-14 7.22057e-10 2.58629e-06 0.00111976 0.0586044 0.370747 0.28373 0.0398899 0.104286 0.095945 0.0183256 0.0176874 0.00605788 0.00258685 0.000783287 0.00019359 3.46366e-05 4.54016e-06 3.89537e-07 2.65002e-08 2.93934e-09
 2.57012e-27 2.60668e-27 4.87184e-26 9.73737e-20 2.387e-14 7.07311e-10 2.53347e-06 0.00109689 0.0574075 0.363176 0.27796 0.04061 0.11382 0.104654 0.0182583 0.0153214 0.00503176 0.00185 0.000600529 0.000174006 3.27697e-05 4.35212e-06 3.50764e-07 1.63862e-08 6.40852e-10
 2.5694e-27 2.60473e-27 4.69955e-26 9.37391e-20 2.2979e-14 6.80909e-10 2.4389e-06 0.00105595 0.0552647 0.34962 0.267616 0.0410809 0.124671 0.114687 0.0203921 0.0176521 0.00558183 0.00170232 0.000506166 0.000133957 2.88446e-05 4.23689e-06 3.49233e-07 1.48455e-08 3.14541e-10
 2.56968e-27 2.60548e-27 4.76427e-26 9.51042e-20 2.33137e-14 6.90825e-10 2.47442e-06 0.00107133 0.0560695 0.354711 0.271503 0.0410132 0.121426 0.111663 0.0193401 0.0160132 0.0050732 0.0015629 0.000433977 9.60596e-05 1.84302e-05 2.86225e-06 2.66705e-07 1.16443e-08 2.09345e-10
 2.57027e-27 2.60709e-27 4.90676e-26 9.81103e-20 2.40506e-14 7.12661e-10 2.55263e-06 0.00110519 0.0578418 0.365923 0.280057 0.0405804 0.112121 0.103081 0.0178947 0.0148733 0.00467006 0.00137069 0.000379948 8.29033e-05 1.37476e-05 1.83035e-06 1.72927e-07 8.43649e-09 1.54683e-10
 2.57027e-27 2.60709e-27 4.90589e-26 9.80919e-20 2.40461e-14 7.12528e-10 2.55215e-06 0.00110499 0.0578309 0.365854 0.280006 0.0406705 0.112843 0.103726 0.0176354 0.0141194 0.00443972 0.00131692 0.000359687 7.54904e-05 1.23717e-05 1.47938e-06 1.18291e-07 5.74004e-09 1.15119e-10
 2.56955e-27 2.60512e-27 4.72993e-26 9.43797e-20 2.31361e-14 6.85563e-10 2.45557e-06 0.00106317 0.0556424 0.352009 0.269445 0.0413215 0.125217 0.115118 0.0191567 0.0147187 0.00458096 0.00128767 0.000350478 7.37859e-05 1.17303e-05 1.36063e-06 9.87879e-08 4.10549e-09 8.11207e-11
 2.56805e-27 2.60105e-27 4.37143e-26 8.68169e-20 2.12821e-14 6.30627e-10 2.2588e-06 0.000977975 0.0511837 0.323802 0.247921 0.0422393 0.147324 0.135556 0.0234682 0.0194063 0.00599543 0.00159838 0.000424494 8.5476e-05 1.35478e-05 1.54292e-06 1.07493e-07 4.04532e-09 6.97525e-11
 2.56859e-27 2.60256e-27 4.50907e-26 8.97207e-20 2.1994e-14 6.5172e-10 2.33435e-06 0.00101069 0.0528956 0.334632 0.256179 0.0414842 0.135776 0.124976 0.0229867 0.0209783 0.00657588 0.00189192 0.000499408 9.55757e-05 1.45245e-05 1.614e-06 1.10618e-07 3.97415e-09 6.19124e-11
 2.5695e-27 2.60499e-27 4.72137e-26 9.41994e-20 2.30918e-14 6.84253e-10 2.45088e-06 0.00106114 0.0555361 0.351336 0.268928 0.0411216 0.12406 0.114096 0.0198127 0.0164824 0.00527541 0.00170946 0.000468597 9.51595e-05 1.4074e-05 1.48501e-06 9.8231e-08 3.45227e-09 5.11598e-11
 2.56956e-27 2.60514e-27 4.73253e-26 9.44346e-20 2.31495e-14 6.85961e-10 2.457e-06 0.00106379 0.0556747 0.352214 0.2696 0.0412757 0.124759 0.114703 0.0192168 0.0149621 0.00468329 0.00136042 0.00038326 8.65749e-05 1.35941e-05 1.45186e-06 9.12737e-08 3.07716e-09 4.43245e-11
 2.56971e-27 2.60554e-27 4.76562e-26 9.51327e-20 2.33206e-14 6.91032e-10 2.47516e-06 0.00107165 0.0560863 0.354817 0.271589 0.0413133 0.123649 0.113649 0.0185168 0.0136257 0.00419644 0.00111177 0.000297875 6.21754e-05 1.04801e-05 1.22143e-06 7.90967e-08 2.5619e-09 3.53057e-11
 2.56984e-27 2.60589e-27 4.7968e-26 9.57904e-20 2.34819e-14 6.95809e-10 2.49227e-06 0.00107906 0.056474 0.35727 0.273461 0.0412433 0.121801 0.111941 0.0181545 0.0132264 0.00403206 0.000999452 0.000257846 4.91831e-05 7.66029e-06 9.00668e-07 6.39934e-08 2.15623e-09 2.88623e-11
 2.57001e-27 2.60633e-27 4.83511e-26 9.65986e-20 2.368e-14 7.0168e-10 2.5133e-06 0.00108816 0.0569506 0.360285 0.275762 0.041193 0.119801 0.110081 0.0175589 0.0123357 0.00374949 0.000914525 0.000230955 4.12423e-05 5.95783e-06 6.38058e-07 4.44931e-08 1.61986e-09 2.26593e-11
 2.56972e-27 2.60555e-27 4.76679e-26 9.51573e-20 2.33267e-14 6.91211e-10 2.4758e-06 0.00107193 0.0561008 0.354909 0.271659 0.0413213 0.12366 0.113661 0.0185365 0.0136631 0.00413952 0.00098064 0.000245521 4.30235e-05 5.92308e-06 5.84035e-07 3.69113e-08 1.30483e-09 1.93744e-11
 2.56978e-27 2.60573e-27 4.78257e-26 9.54903e-20 2.34083e-14 6.9363e-10 2.48447e-06 0.00107568 0.0562971 0.356151 0.272606 0.0412502 0.122454 0.112551 0.0184171 0.013672 0.00417296 0.00103893 0.000260069 4.43791e-05 6.00814e-06 5.68765e-07 3.30239e-08 1.058e-09 1.5185e-11
 2.57024e-27 2.60695e-27 4.88966e-26 9.77493e-20 2.39621e-14 7.10039e-10 2.54324e-06 0.00110113 0.057629 0.364577 0.279036 0.0410134 0.116134 0.1067 0.0170196 0.0119574 0.00364549 0.000907599 0.000230239 4.08879e-05 5.47699e-06 5.05676e-07 2.82139e-08 8.31574e-10 1.0852e-11
 2.57051e-27 2.60769e-27 4.95297e-26 9.90849e-20 2.42895e-14 7.19741e-10 2.57799e-06 0.00111617 0.0584164 0.369558 0.28284 0.0409891 0.113277 0.104026 0.0158651 0.00999456 0.00300875 0.000696464 0.000174618 3.11069e-05 4.2851e-06 4.01463e-07 2.1855e-08 6.17191e-10 7.43067e-12
 2.57052e-27 2.60769e-27 4.9526e-26 9.90771e-20 2.42875e-14 7.19684e-10 2.57779e-06 0.00111608 0.0584117 0.369529 0.282818 0.0410306 0.113608 0.104324 0.0157837 0.00973109 0.00288388 0.000592562 0.000142688 2.3863e-05 3.25483e-06 3.10437e-07 1.72676e-08 4.79002e-10 5.51486e-12
 2.57041e-27 2.60738e-27 4.92493e-26 9.84933e-20 2.41444e-14 7.15443e-10 2.5626e-06 0.00110951 0.0580676 0.367351 0.281157 0.0411474 0.115663 0.106213 0.0159825 0.00970831 0.00286744 0.000573519 0.000133479 1.99986e-05 2.55767e-06 2.34482e-07 1.31688e-08 3.72619e-10 4.23808e-12
 2.56967e-27 2.60537e-27 4.74698e-26 9.47393e-20 2.32242e-14 6.88175e-10 2.46493e-06 0.00106722 0.0558544 0.35335 0.270475 0.0417064 0.127423 0.11706 0.0178088 0.0111421 0.00328794 0.000648666 0.000149674 2.17244e-05 2.57637e-06 2.13848e-07 1.13743e-08 3.21292e-10 3.71327e-12
 2.57058e-27 2.60789e-27 4.97501e-26 9.955e-20 2.44035e-14 7.23119e-10 2.59009e-06 0.00112141 0.0586906 0.371293 0.284158 0.0405942 0.109346 0.100479 0.0167023 0.0127941 0.00381367 0.000792003 0.000184059 2.63894e-05 3.0656e-06 2.39068e-07 1.14462e-08 3.0201e-10 3.45001e-12
#obs surv len freq
 1.6424e-41 2.27954e-33 3.8244e-26 7.7558e-20 1.90124e-14 5.63373e-10 2.01791e-06 0.000873686 0.0457252 0.289271 0.221626 0.0442795 0.164284 0.139622 0.043129 0.0349541 0.011401 0.0038858 0.000832695 0.000107201 6.01756e-06 1.06593e-07 4.4299e-10 3.47097e-13 4.44123e-17
 1.90316e-41 2.64146e-33 4.4316e-26 8.9872e-20 2.20311e-14 6.52821e-10 2.3383e-06 0.0010124 0.0529851 0.335199 0.256708 0.0440521 0.132409 0.106518 0.033864 0.0258487 0.00819102 0.00262737 0.000520885 5.89298e-05 2.75319e-06 3.82898e-08 1.19384e-10 6.82208e-14 6.26222e-18
 1.92898e-41 2.67729e-33 4.49172e-26 9.10911e-20 2.23299e-14 6.61676e-10 2.37002e-06 0.00102614 0.0537038 0.339746 0.260263 0.0470604 0.140823 0.105969 0.026956 0.0172346 0.00530452 0.00159176 0.000289894 2.86765e-05 1.10595e-06 1.20328e-08 2.81716e-11 1.17602e-14 7.75693e-19
 1.96649e-41 2.72935e-33 4.57906e-26 9.28624e-20 2.27641e-14 6.74542e-10 2.4161e-06 0.00104609 0.0547481 0.346353 0.265371 0.0487469 0.138901 0.0984462 0.0261652 0.0154396 0.00369712 0.000918474 0.000151823 1.30134e-05 4.11499e-07 3.48547e-09 6.12059e-12 1.87022e-15 8.8886e-20
 1.76621e-41 2.45138e-33 4.11269e-26 8.34046e-20 2.04457e-14 6.05842e-10 2.17003e-06 0.000939548 0.0491722 0.311079 0.238629 0.0548961 0.175807 0.116943 0.0309098 0.0168217 0.00389204 0.000801491 9.9738e-05 7.06497e-06 1.8133e-07 1.19003e-09 1.56429e-12 3.49941e-16 1.20076e-20
 1.45005e-41 2.01257e-33 3.3765e-26 6.84747e-20 1.67858e-14 4.97393e-10 1.78158e-06 0.000771363 0.0403701 0.255395 0.196384 0.0625451 0.221274 0.140346 0.049149 0.0267424 0.00581911 0.00108558 0.000110846 5.68829e-06 1.10401e-07 5.53781e-10 5.43324e-13 8.89455e-17 2.20496e-21
 2.07967e-41 2.88644e-33 4.8426e-26 9.8207e-20 2.40743e-14 7.13365e-10 2.55516e-06 0.0011063 0.0578991 0.366288 0.280742 0.0503211 0.113073 0.0696808 0.0352174 0.0195674 0.00508801 0.00092876 8.22237e-05 3.26354e-06 4.4356e-08 1.58282e-10 1.1332e-13 1.35153e-17 2.41985e-22
 1.98644e-41 2.75705e-33 4.62553e-26 9.38048e-20 2.29951e-14 6.81388e-10 2.44062e-06 0.0010567 0.0553037 0.34987 0.268549 0.0601558 0.151564 0.0816471 0.0192353 0.00895759 0.00299833 0.000604496 5.41923e-05 1.79099e-06 1.79404e-08 4.38829e-11 2.15389e-14 1.80614e-18 2.30537e-23
 2.01445e-41 2.79593e-33 4.69075e-26 9.51275e-20 2.33194e-14 6.90996e-10 2.47504e-06 0.0010716 0.0560835 0.354804 0.272446 0.061855 0.145417 0.0746827 0.0229615 0.00879784 0.00154778 0.000300222 2.98519e-05 9.4193e-07 7.64728e-09 1.35284e-11 4.5396e-15 2.56958e-19 2.24169e-24
 1.72642e-41 2.39615e-33 4.02004e-26 8.15256e-20 1.9985e-14 5.92193e-10 2.12114e-06 0.000918381 0.0480644 0.304076 0.234346 0.0762367 0.199347 0.0954872 0.0288238 0.0104999 0.00194338 0.0002375 1.76417e-05 5.47067e-07 4.00509e-09 5.65211e-12 1.3834e-15 5.43247e-20 3.2173e-25
 2.01554e-41 2.79744e-33 4.69328e-26 9.51787e-20 2.33319e-14 6.91368e-10 2.47637e-06 0.00107218 0.0561137 0.354997 0.272973 0.0667441 0.139788 0.0666062 0.0294398 0.0102616 0.00178835 0.000202563 1.05447e-05 2.26216e-07 1.4115e-09 1.70031e-12 3.30852e-16 9.69044e-21 4.09488e-26
 1.84384e-41 2.55913e-33 4.29347e-26 8.70707e-20 2.13444e-14 6.32472e-10 2.26541e-06 0.000980845 0.0513335 0.324761 0.250663 0.0818073 0.180911 0.0759184 0.0235521 0.00813029 0.00174732 0.000184789 8.1863e-06 1.23699e-07 5.16936e-10 4.71875e-13 7.36077e-17 1.70112e-21 5.47422e-27
 1.92171e-41 2.66721e-33 4.47479e-26 9.07479e-20 2.22458e-14 6.59183e-10 2.36109e-06 0.00102227 0.0535015 0.338478 0.261289 0.0809865 0.160981 0.0673741 0.0271954 0.00773476 0.00128623 0.000143044 6.06847e-06 7.3737e-08 2.1698e-10 1.31248e-13 1.42332e-17 2.43706e-22 5.97729e-28
 1.61386e-41 2.23993e-33 3.75796e-26 7.62106e-20 1.86821e-14 5.53586e-10 1.98285e-06 0.000858507 0.0449309 0.284268 0.221354 0.10458 0.217748 0.0843278 0.0312425 0.00900478 0.00154564 0.000133456 5.04238e-06 5.51783e-08 1.28481e-10 5.55438e-14 4.059e-18 4.65023e-23 7.85762e-29
 1.4735e-41 2.04513e-33 3.43112e-26 6.95825e-20 1.70573e-14 5.0544e-10 1.8104e-06 0.000783842 0.0410232 0.259555 0.203376 0.113283 0.224578 0.0948851 0.0478442 0.0125097 0.0019905 0.000163796 4.9745e-06 4.37591e-08 8.48108e-11 2.89031e-14 1.55278e-18 1.24341e-23 1.42696e-29
 1.71369e-41 2.37849e-33 3.99041e-26 8.09247e-20 1.98377e-14 5.87828e-10 2.1055e-06 0.000911611 0.0477101 0.301859 0.23546 0.103082 0.177162 0.0767542 0.0420281 0.012667 0.00219988 0.000160274 4.2244e-06 2.94049e-08 4.33322e-11 1.14629e-14 4.77159e-19 2.8758e-24 2.40003e-30
 1.68303e-41 2.33593e-33 3.91901e-26 7.94768e-20 1.94828e-14 5.77311e-10 2.06783e-06 0.000895301 0.0468565 0.296473 0.232787 0.118527 0.191755 0.0704301 0.0308243 0.00949814 0.00180926 0.00013774 3.17603e-06 1.79307e-08 2.03809e-11 4.00038e-15 1.23089e-19 5.53801e-25 3.45811e-31
 1.69206e-41 2.34846e-33 3.94003e-26 7.99031e-20 1.95873e-14 5.80408e-10 2.07893e-06 0.000900103 0.0471079 0.298076 0.235001 0.124109 0.185261 0.070153 0.0306123 0.0074199 0.00125845 9.72694e-05 2.15186e-06 1.03228e-08 9.20102e-12 1.3656e-15 3.09815e-20 1.01208e-25 4.57428e-32
 1.65211e-41 2.29302e-33 3.84701e-26 7.80166e-20 1.91248e-14 5.66704e-10 2.02984e-06 0.000878852 0.0459957 0.291061 0.231263 0.135581 0.188574 0.0695975 0.0291811 0.00684719 0.000955848 6.0979e-05 1.22625e-06 5.21931e-09 3.84237e-12 4.43009e-16 7.53586e-21 1.81129e-26 5.94899e-33
 1.74532e-41 2.42239e-33 4.06406e-26 8.24183e-20 2.02039e-14 5.98678e-10 2.14437e-06 0.000928436 0.0485908 0.307494 0.244482 0.133815 0.168333 0.0637151 0.0261403 0.00574011 0.0007226 3.70662e-05 5.83601e-07 2.05107e-09 1.25404e-12 1.16517e-16 1.53965e-21 2.78929e-27 6.76552e-34
 1.7085e-41 2.37129e-33 3.97832e-26 8.06796e-20 1.97777e-14 5.86048e-10 2.09913e-06 0.00090885 0.0475658 0.301046 0.241884 0.1481 0.172938 0.0600477 0.0222372 0.00471256 0.000534457 2.29907e-05 2.78824e-07 7.34341e-10 3.44958e-13 2.51017e-17 2.59436e-22 3.62774e-28 6.67767e-35
 1.71975e-41 2.3869e-33 4.00451e-26 8.12108e-20 1.99079e-14 5.89906e-10 2.11295e-06 0.000914834 0.047879 0.303062 0.245151 0.153167 0.165196 0.0595919 0.0207985 0.00383846 0.000385344 1.40736e-05 1.34763e-07 2.65114e-10 9.07565e-14 4.8375e-18 3.7188e-23 3.91137e-29 5.43507e-36
 1.72296e-41 2.39136e-33 4.01199e-26 8.13625e-20 1.9945e-14 5.91008e-10 2.1169e-06 0.000916543 0.0479686 0.303679 0.247926 0.161123 0.160186 0.0562257 0.0184838 0.00320956 0.000271847 8.12986e-06 6.19527e-08 9.27654e-11 2.33471e-14 8.96743e-19 4.93619e-24 3.73064e-30 3.75444e-37
 1.75147e-41 2.43093e-33 4.07839e-26 8.27089e-20 2.02751e-14 6.00789e-10 2.15193e-06 0.00093171 0.0487625 0.308758 0.253965 0.16544 0.151278 0.0523113 0.0158472 0.00251357 0.00018596 4.4824e-06 2.63805e-08 3.00114e-11 5.62518e-15 1.57807e-19 6.25376e-25 3.37223e-31 2.41124e-38
 1.68736e-41 2.34194e-33 3.9291e-26 7.96813e-20 1.95329e-14 5.78797e-10 2.07316e-06 0.000897605 0.0469778 0.297567 0.249562 0.181063 0.154895 0.0522314 0.0145771 0.0020915 0.000132558 2.60463e-06 1.18139e-08 1.00214e-11 1.3848e-15 2.84538e-20 8.1954e-26 3.18641e-32 1.63156e-39
 1.59593e-41 2.21504e-33 3.71619e-26 7.53636e-20 1.84745e-14 5.47433e-10 1.96082e-06 0.000848966 0.0444327 0.281598 0.242217 0.196738 0.160321 0.0568766 0.0149407 0.00192093 0.000103103 1.63143e-06 5.72292e-09 3.63482e-12 3.6788e-16 5.47823e-21 1.13923e-26 3.19223e-33 1.17556e-40
 1.58359e-41 2.19792e-33 3.68746e-26 7.4781e-20 1.83317e-14 5.43202e-10 1.94566e-06 0.000842404 0.0440897 0.279555 0.244048 0.200179 0.155258 0.0589139 0.0152005 0.001827 8.29472e-05 1.04648e-06 2.81766e-09 1.34001e-12 9.98033e-17 1.07965e-21 1.61668e-27 3.24564e-34 8.54407e-42
 1.64365e-41 2.28127e-33 3.82731e-26 7.76171e-20 1.90269e-14 5.63803e-10 2.01945e-06 0.000874352 0.0457623 0.29027 0.255011 0.198659 0.142387 0.0523492 0.0131111 0.00151317 6.0085e-05 6.0935e-07 1.2539e-09 4.44367e-13 2.4309e-17 1.91341e-22 2.07046e-28 2.98747e-35 5.62838e-43
 1.64374e-41 2.28141e-33 3.82754e-26 7.76217e-20 1.9028e-14 5.63836e-10 2.01957e-06 0.000874404 0.045765 0.290288 0.255034 0.199039 0.143792 0.0516507 0.0122199 0.00129033 4.51555e-05 3.9103e-07 6.7149e-10 1.95611e-13 8.71281e-18 5.5499e-23 4.84022e-29 5.61311e-36 8.4821e-44
#pred catch len freq
 2.56523e-27 2.59396e-27 3.81737e-26 7.51317e-20 1.84176e-14 5.45747e-10 1.95477e-06 0.000846343 0.0442945 0.280219 0.214566 0.0374888 0.134603 0.124439 0.032303 0.0427892 0.0197912 0.0171547 0.0114828 0.00936339 0.00776658 0.00701118 0.00727863 0.00657877 0.00202096
 2.56715e-27 2.59879e-27 4.19098e-26 8.30111e-20 2.03492e-14 6.02982e-10 2.15978e-06 0.000935103 0.0489399 0.309607 0.237064 0.0410861 0.146175 0.134688 0.026682 0.0270825 0.010293 0.00616751 0.00333873 0.00227378 0.00163229 0.00130493 0.00122615 0.00112238 0.000379295
 2.56816e-27 2.60144e-27 4.41515e-26 8.77397e-20 2.15083e-14 6.3733e-10 2.28281e-06 0.000988369 0.0517277 0.327244 0.250535 0.0413576 0.138778 0.127798 0.0243944 0.0235116 0.00785346 0.00310472 0.00121633 0.000579165 0.000320664 0.000212502 0.000172453 0.000151501 5.33401e-05
 2.56839e-27 2.60203e-27 4.46309e-26 8.87509e-20 2.17562e-14 6.44675e-10 2.30912e-06 0.00099976 0.0523238 0.331015 0.253418 0.0415773 0.138424 0.127411 0.0232474 0.0209804 0.00689048 0.00251519 0.000785643 0.000237676 8.23113e-05 3.85355e-05 2.46971e-05 1.94893e-05 6.86746e-06
 2.56796e-27 2.60086e-27 4.3596e-26 8.65675e-20 2.1221e-14 6.28816e-10 2.25231e-06 0.000975165 0.0510366 0.322872 0.247205 0.041917 0.145374 0.133825 0.0243946 0.0219755 0.00708631 0.00237759 0.000713858 0.000186027 4.05964e-05 1.04978e-05 4.301e-06 2.73535e-06 9.25123e-07
 2.5656e-27 2.59448e-27 3.79844e-26 7.47297e-20 1.83191e-14 5.42827e-10 1.94431e-06 0.000841814 0.0440575 0.27872 0.213514 0.0432963 0.179542 0.16542 0.0311817 0.0295108 0.00952298 0.00318929 0.000926666 0.000222925 4.28899e-05 6.92855e-06 1.33031e-06 5.32549e-07 1.61732e-07
 2.56692e-27 2.59816e-27 4.13188e-26 8.17641e-20 2.00435e-14 5.93925e-10 2.12734e-06 0.000921056 0.0482048 0.304957 0.233521 0.0416047 0.152612 0.140726 0.0296333 0.0322077 0.0105224 0.00369902 0.00107942 0.000256219 4.60037e-05 6.38882e-06 6.79218e-07 1.10917e-07 2.54668e-08
 2.56908e-27 2.60393e-27 4.63415e-26 9.23597e-20 2.26409e-14 6.70889e-10 2.40301e-06 0.00104041 0.0544514 0.344475 0.263684 0.040813 0.125395 0.115437 0.0219999 0.0211688 0.00724256 0.00308156 0.0009325 0.000230307 4.11981e-05 5.3998e-06 4.63281e-07 3.15169e-08 3.49577e-09
 2.56878e-27 2.60307e-27 4.55162e-26 9.06184e-20 2.2214e-14 6.58241e-10 2.35771e-06 0.0010208 0.0534248 0.33798 0.258737 0.0415819 0.134722 0.123936 0.0215635 0.0180094 0.00590884 0.00216414 0.000701966 0.000203264 3.8273e-05 5.08261e-06 4.09629e-07 1.9136e-08 7.48392e-10
 2.56835e-27 2.60188e-27 4.44686e-26 8.84084e-20 2.16723e-14 6.42188e-10 2.30021e-06 0.000995902 0.0521219 0.329738 0.252447 0.0418606 0.141262 0.12999 0.0229885 0.0197226 0.00623071 0.0018921 0.000562108 0.000148654 3.2003e-05 4.70048e-06 3.87437e-07 1.64695e-08 3.48948e-10
 2.56857e-27 2.60247e-27 4.49758e-26 8.94782e-20 2.19345e-14 6.49959e-10 2.32804e-06 0.00100795 0.0527526 0.333728 0.255494 0.041847 0.139018 0.127888 0.0220479 0.0181059 0.00573089 0.00175814 0.000487803 0.000107892 2.0696e-05 3.21387e-06 2.99463e-07 1.30745e-08 2.35056e-10
 2.56913e-27 2.60398e-27 4.63156e-26 9.23047e-20 2.26274e-14 6.7049e-10 2.40158e-06 0.00103979 0.0544191 0.34427 0.263537 0.041435 0.130232 0.119785 0.020711 0.0170925 0.0053623 0.00156741 0.000434127 9.46549e-05 1.5693e-05 2.08918e-06 1.97376e-07 9.62922e-09 1.76551e-10
 2.56924e-27 2.60429e-27 4.65733e-26 9.28484e-20 2.27607e-14 6.74439e-10 2.41573e-06 0.00104592 0.0547396 0.346297 0.265086 0.0414598 0.129333 0.118932 0.0201262 0.0159734 0.00501812 0.0014822 0.000404503 8.48322e-05 1.38997e-05 1.66194e-06 1.32886e-07 6.4482e-09 1.29321e-10
 2.56851e-27 2.60229e-27 4.47844e-26 8.90744e-20 2.18355e-14 6.47025e-10 2.31754e-06 0.0010034 0.0525146 0.332222 0.254348 0.0421365 0.142026 0.130614 0.0216317 0.0164631 0.00511928 0.00143282 0.000389655 8.19718e-05 1.30289e-05 1.51112e-06 1.09712e-07 4.55943e-09 9.009e-11
 2.56706e-27 2.59837e-27 4.13357e-26 8.17991e-20 2.00521e-14 5.94178e-10 2.12825e-06 0.000921449 0.0482253 0.305087 0.233642 0.043002 0.16316 0.150158 0.025839 0.021138 0.00652463 0.00173178 0.000459508 9.2455e-05 1.46508e-05 1.66837e-06 1.1623e-07 4.37411e-09 7.54217e-11
 2.56769e-27 2.60011e-27 4.29212e-26 8.5144e-20 2.0872e-14 6.18476e-10 2.21528e-06 0.00095913 0.0501974 0.317563 0.243155 0.0421538 0.150022 0.138117 0.0252237 0.022773 0.0071317 0.00204268 0.000538751 0.000103025 1.56529e-05 1.73924e-06 1.19198e-07 4.28237e-09 6.6714e-11
 2.56859e-27 2.60252e-27 4.50218e-26 8.95753e-20 2.19583e-14 6.50664e-10 2.33057e-06 0.00100905 0.0528099 0.33409 0.25577 0.0418169 0.138596 0.1275 0.0220054 0.0181105 0.00579034 0.00186811 0.00051169 0.000103831 1.53533e-05 1.61983e-06 1.07146e-07 3.76557e-09 5.58025e-11
 2.56879e-27 2.60303e-27 4.54466e-26 9.04714e-20 2.2178e-14 6.57173e-10 2.35388e-06 0.00101914 0.0533382 0.337432 0.258323 0.0418955 0.1374 0.126353 0.0210312 0.0161677 0.00505548 0.00146186 0.00041147 9.28774e-05 1.45808e-05 1.5571e-06 9.7887e-08 3.30009e-09 4.75356e-11
 2.56894e-27 2.60343e-27 4.57874e-26 9.11902e-20 2.23542e-14 6.62395e-10 2.37259e-06 0.00102724 0.053762 0.340113 0.260371 0.041941 0.136307 0.125314 0.0202925 0.0147388 0.00453488 0.00119597 0.000320136 6.67701e-05 1.1252e-05 1.31129e-06 8.49136e-08 2.75029e-09 3.79019e-11
 2.56912e-27 2.60393e-27 4.62206e-26 9.21041e-20 2.25782e-14 6.69032e-10 2.39636e-06 0.00103753 0.0543007 0.343521 0.262972 0.0418351 0.133674 0.122881 0.019803 0.0142319 0.00433452 0.00106949 0.00027565 5.25374e-05 8.18084e-06 9.61782e-07 6.83339e-08 2.30247e-09 3.08197e-11
 2.56917e-27 2.60403e-27 4.63024e-26 9.22767e-20 2.26205e-14 6.70287e-10 2.40085e-06 0.00103948 0.0544025 0.344165 0.263464 0.0418847 0.133705 0.122893 0.0194983 0.0135332 0.00410985 0.000997954 0.000251788 4.49271e-05 6.48862e-06 6.94835e-07 4.84509e-08 1.76394e-09 2.46748e-11
 2.56891e-27 2.60334e-27 4.57036e-26 9.10135e-20 2.23109e-14 6.61111e-10 2.36799e-06 0.00102525 0.0536578 0.339454 0.259868 0.0419794 0.136952 0.125911 0.0204132 0.0148591 0.00449798 0.00106076 0.000265323 4.64568e-05 6.39424e-06 6.30429e-07 3.98422e-08 1.40843e-09 2.09127e-11
 2.56907e-27 2.60378e-27 4.6099e-26 9.18477e-20 2.25154e-14 6.6717e-10 2.38969e-06 0.00103465 0.0541496 0.342565 0.262242 0.0418329 0.13417 0.123348 0.0200525 0.0146839 0.00447763 0.00110965 0.000277514 4.73181e-05 6.40449e-06 6.06225e-07 3.51979e-08 1.12764e-09 1.61845e-11
 2.56965e-27 2.60534e-27 4.74699e-26 9.47396e-20 2.32243e-14 6.88177e-10 2.46493e-06 0.00106722 0.0558546 0.353351 0.270473 0.0415074 0.12591 0.115706 0.0183323 0.0126838 0.0038631 0.000957255 0.000242602 4.30491e-05 5.76514e-06 5.32225e-07 2.96943e-08 8.75201e-10 1.14213e-11
 2.56993e-27 2.60609e-27 4.81061e-26 9.60817e-20 2.35533e-14 6.97925e-10 2.49985e-06 0.00108234 0.0566458 0.358357 0.274294 0.0414926 0.123112 0.113084 0.0171438 0.0106304 0.00319701 0.000736573 0.000184485 3.28385e-05 4.52256e-06 4.23668e-07 2.30631e-08 6.51304e-10 7.84136e-12
 2.56996e-27 2.60616e-27 4.81696e-26 9.62156e-20 2.35861e-14 6.98898e-10 2.50333e-06 0.00108385 0.0567247 0.358856 0.274676 0.0415143 0.123009 0.112981 0.0169916 0.010306 0.00305141 0.000624049 0.000150102 2.50825e-05 3.42033e-06 3.26189e-07 1.81432e-08 5.03288e-10 5.79446e-12
 2.56982e-27 2.60578e-27 4.78281e-26 9.54952e-20 2.34095e-14 6.93665e-10 2.48459e-06 0.00107573 0.0563 0.356169 0.272627 0.0416545 0.125516 0.115286 0.0172476 0.010309 0.00304209 0.00060562 0.000140794 2.10773e-05 2.6949e-06 2.47038e-07 1.38735e-08 3.92556e-10 4.46483e-12
 2.56883e-27 2.60309e-27 4.54416e-26 9.04606e-20 2.21753e-14 6.57094e-10 2.3536e-06 0.00101902 0.0533318 0.337392 0.258301 0.042414 0.141361 0.129899 0.0196653 0.0121433 0.00358054 0.000703255 0.000162095 2.35085e-05 2.78722e-06 2.31323e-07 1.23034e-08 3.47533e-10 4.01653e-12
 2.56715e-27 2.59858e-27 4.15017e-26 8.21492e-20 2.01379e-14 5.96722e-10 2.13736e-06 0.000925394 0.0484318 0.306393 0.234641 0.0431149 0.163318 0.150275 0.0253603 0.0200025 0.00596465 0.00123746 0.000287488 4.11944e-05 4.78447e-06 3.73074e-07 1.78616e-08 4.7128e-10 5.38365e-12
#obs catch len freq
 1.63069e-41 2.26329e-33 3.79713e-26 7.70051e-20 1.88769e-14 5.59357e-10 2.00352e-06 0.000867457 0.0453992 0.287209 0.220052 0.0443232 0.165587 0.14075 0.0436406 0.0354591 0.0116637 0.00403527 0.000886815 0.000117252 6.82578e-06 1.26145e-07 5.46346e-10 4.44521e-13 5.88448e-17
 1.64926e-41 2.28907e-33 3.84038e-26 7.78822e-20 1.90919e-14 5.65728e-10 2.02635e-06 0.000877338 0.0459164 0.290481 0.222613 0.0463644 0.167901 0.135162 0.0430162 0.0328962 0.0105588 0.00343278 0.00069433 8.07661e-05 3.89194e-06 5.6037e-08 1.8113e-10 1.0706e-13 1.01303e-17
 1.91632e-41 2.65972e-33 4.46223e-26 9.04932e-20 2.21833e-14 6.57333e-10 2.35446e-06 0.0010194 0.0533513 0.337516 0.258536 0.0458062 0.134151 0.10198 0.033452 0.0239668 0.0074759 0.00227612 0.00042315 4.28718e-05 1.70182e-06 1.90699e-08 4.59781e-11 1.97529e-14 1.33833e-18
 1.94765e-41 2.70321e-33 4.53519e-26 9.19727e-20 2.2546e-14 6.6808e-10 2.39295e-06 0.00103607 0.0542236 0.343035 0.262843 0.0489654 0.141485 0.100194 0.0260929 0.0157496 0.00477129 0.00135204 0.000229367 2.01297e-05 6.52993e-07 5.67788e-09 1.0223e-11 3.19801e-15 1.55415e-19
 1.99022e-41 2.7623e-33 4.63433e-26 9.39833e-20 2.30389e-14 6.82685e-10 2.44526e-06 0.00105872 0.0554089 0.350534 0.268642 0.0506759 0.138447 0.0921715 0.0251158 0.0138236 0.00323034 0.000764249 0.000116916 8.80844e-06 2.3199e-07 1.55833e-09 2.0937e-12 4.7792e-16 1.67056e-20
 1.7969e-41 2.49398e-33 4.18418e-26 8.48542e-20 2.0801e-14 6.16372e-10 2.20775e-06 0.000955878 0.0500268 0.316486 0.242872 0.0574905 0.174706 0.108949 0.0295038 0.0149255 0.00335671 0.000645922 7.45838e-05 4.62774e-06 9.80326e-08 5.06534e-10 5.06992e-13 8.44755e-17 2.12808e-21
 1.48828e-41 2.06563e-33 3.46552e-26 7.028e-20 1.72283e-14 5.10506e-10 1.82855e-06 0.000791699 0.0414344 0.262129 0.201698 0.0661602 0.219978 0.131079 0.0472355 0.0235718 0.00497474 0.000860725 8.00418e-05 3.58367e-06 5.73152e-08 2.2508e-10 1.67405e-13 2.03543e-17 3.69806e-22
 2.11504e-41 2.93553e-33 4.92497e-26 9.98773e-20 2.44838e-14 7.25498e-10 2.59862e-06 0.00112511 0.0588839 0.372518 0.285594 0.0520401 0.110239 0.0642441 0.0333456 0.0169671 0.00427157 0.000710694 5.66496e-05 1.93093e-06 2.1518e-08 6.00764e-11 3.25223e-14 2.87377e-18 3.76465e-23
 2.02577e-41 2.81164e-33 4.71711e-26 9.56621e-20 2.34504e-14 6.94879e-10 2.48894e-06 0.00107763 0.0563987 0.356798 0.273983 0.0624029 0.146964 0.0738139 0.0177203 0.00782117 0.00252018 0.000460248 3.6377e-05 1.01605e-06 8.2517e-09 1.57341e-11 5.8376e-15 3.62308e-19 3.37885e-24
 2.05652e-41 2.85431e-33 4.7887e-26 9.71139e-20 2.38063e-14 7.05425e-10 2.52672e-06 0.00109398 0.0572546 0.362214 0.278262 0.0640133 0.139999 0.0672961 0.0210245 0.00732857 0.00126216 0.000228502 1.97042e-05 5.15589e-07 3.34372e-09 4.57807e-12 1.15874e-15 4.85399e-20 3.09295e-25
 1.7783e-41 2.46816e-33 4.14086e-26 8.39758e-20 2.05857e-14 6.09991e-10 2.18489e-06 0.000945981 0.0495089 0.313216 0.24159 0.0795308 0.192209 0.0861535 0.0263258 0.00878602 0.00154674 0.000172764 1.15187e-05 2.93695e-07 1.69128e-09 1.82849e-12 3.3603e-16 9.7551e-21 4.22133e-26
 2.06343e-41 2.8639e-33 4.80479e-26 9.74402e-20 2.38863e-14 7.07795e-10 2.53521e-06 0.00109766 0.057447 0.363434 0.279619 0.0688512 0.133018 0.0600105 0.0265639 0.00841508 0.00139301 0.000141732 6.4592e-06 1.15936e-07 5.6858e-10 5.19895e-13 7.54671e-17 1.62931e-21 5.02826e-27
 1.89844e-41 2.63492e-33 4.42062e-26 8.96492e-20 2.19764e-14 6.51202e-10 2.3325e-06 0.00100989 0.0528538 0.334381 0.258326 0.0846566 0.171845 0.0676226 0.0210556 0.00676254 0.00135267 0.00012691 4.8379e-06 6.01628e-08 1.9869e-10 1.37897e-13 1.59773e-17 2.71063e-22 6.3571e-28
 1.97644e-41 2.74316e-33 4.60223e-26 9.33322e-20 2.28793e-14 6.77955e-10 2.42833e-06 0.00105138 0.0550251 0.34812 0.268975 0.0834216 0.151821 0.0602669 0.0240018 0.00623042 0.000983651 9.7078e-05 3.46651e-06 3.41501e-08 7.86459e-11 3.6171e-14 2.91618e-18 3.6576e-23 6.51777e-29
 1.6778e-41 2.32868e-33 3.90684e-26 7.92299e-20 1.94223e-14 5.75518e-10 2.06141e-06 0.00089252 0.046711 0.295535 0.23051 0.108439 0.206105 0.0756382 0.0275744 0.00734163 0.0011598 8.88778e-05 2.83883e-06 2.48162e-08 4.47084e-11 1.46146e-14 7.9317e-19 6.65832e-24 8.16497e-30
 1.54216e-41 2.14042e-33 3.59099e-26 7.28246e-20 1.78521e-14 5.2899e-10 1.89476e-06 0.000820365 0.0429346 0.271655 0.213311 0.117716 0.212876 0.0869459 0.0420383 0.0101077 0.00148464 0.000106691 2.70854e-06 1.90482e-08 2.83688e-11 7.25949e-15 2.88678e-19 1.69287e-24 1.41103e-30
 1.78139e-41 2.47245e-33 4.14804e-26 8.41215e-20 2.06214e-14 6.11049e-10 2.18868e-06 0.000947623 0.0495948 0.31379 0.245172 0.105985 0.165908 0.0701003 0.0365531 0.0102469 0.00159728 0.00010107 2.20262e-06 1.21353e-08 1.37096e-11 2.71518e-15 8.33508e-20 3.6707e-25 2.22411e-31
 1.75135e-41 2.43076e-33 4.0781e-26 8.2703e-20 2.02737e-14 6.00746e-10 2.15177e-06 0.000931644 0.0487586 0.308517 0.242755 0.121474 0.178546 0.0632955 0.0266246 0.00769661 0.00131211 8.50878e-05 1.59977e-06 7.09353e-09 6.14166e-12 8.99757e-16 2.0377e-20 6.68413e-26 3.02431e-32
 1.76167e-41 2.44508e-33 4.10213e-26 8.31903e-20 2.03931e-14 6.04285e-10 2.16445e-06 0.000937133 0.0490459 0.310351 0.245239 0.126691 0.171776 0.0631898 0.025926 0.00587727 0.000904241 5.91888e-05 1.05134e-06 3.91292e-09 2.64052e-12 2.91405e-16 4.85479e-21 1.15466e-26 3.77649e-33
 1.72337e-41 2.39193e-33 4.01296e-26 8.1382e-20 1.99498e-14 5.9115e-10 2.1174e-06 0.000916763 0.0479798 0.303632 0.241905 0.138034 0.174342 0.0625744 0.0245687 0.0053405 0.000666838 3.62804e-05 5.83057e-07 1.90563e-09 1.05347e-12 8.98976e-17 1.12013e-21 1.95717e-27 4.64743e-34
 1.81562e-41 2.51996e-33 4.22775e-26 8.57379e-20 2.10176e-14 6.22791e-10 2.23074e-06 0.000965832 0.050548 0.319897 0.254999 0.13532 0.1546 0.0570434 0.021711 0.00440357 0.000489585 2.11595e-05 2.66367e-07 7.16822e-10 3.27197e-13 2.23871e-17 2.1598e-22 2.83929e-28 4.9742e-35
 1.77982e-41 2.47028e-33 4.1444e-26 8.40477e-20 2.06033e-14 6.10514e-10 2.18676e-06 0.000946792 0.0495516 0.313638 0.252768 0.149258 0.158206 0.0533409 0.0183508 0.00357123 0.000354059 1.26756e-05 1.21876e-07 2.45317e-10 8.58721e-14 4.58653e-18 3.44963e-23 3.4917e-29 4.63528e-36
 1.79168e-41 2.48674e-33 4.17202e-26 8.46077e-20 2.07406e-14 6.14581e-10 2.20133e-06 0.000953099 0.0498818 0.315769 0.256239 0.153681 0.150701 0.0527555 0.0169031 0.00285684 0.000249289 7.49267e-06 5.63754e-08 8.43145e-11 2.14622e-14 8.38418e-19 4.68067e-24 3.55512e-30 3.55485e-37
 1.79522e-41 2.49165e-33 4.18026e-26 8.47748e-20 2.07815e-14 6.15795e-10 2.20568e-06 0.000954982 0.0499805 0.316453 0.259225 0.160936 0.14558 0.0494511 0.0148998 0.0023418 0.000170856 4.17904e-06 2.4836e-08 2.81173e-11 5.24554e-15 1.47429e-19 5.88742e-25 3.2093e-31 2.32041e-38
 1.82296e-41 2.53014e-33 4.24484e-26 8.60845e-20 2.11026e-14 6.25309e-10 2.23975e-06 0.000969737 0.0507528 0.321406 0.265276 0.164441 0.136969 0.0456473 0.0126188 0.0018008 0.00011349 2.21618e-06 1.01212e-08 8.66934e-12 1.20074e-15 2.46029e-20 7.06626e-26 2.74681e-32 1.41045e-39
 1.76039e-41 2.4433e-33 4.09914e-26 8.31298e-20 2.03783e-14 6.03846e-10 2.16288e-06 0.000936452 0.0490112 0.310509 0.261431 0.179545 0.140171 0.045339 0.0115027 0.00147225 7.88177e-05 1.24312e-06 4.34681e-09 2.76653e-12 2.81822e-16 4.22158e-21 8.80142e-27 2.46513e-33 9.06155e-41
 1.67097e-41 2.31919e-33 3.89093e-26 7.89073e-20 1.93432e-14 5.73174e-10 2.05302e-06 0.000888885 0.0465223 0.294923 0.254797 0.19493 0.145601 0.0492594 0.0116867 0.00132876 5.96998e-05 7.52352e-07 2.0227e-09 9.60124e-13 7.14737e-17 7.74797e-22 1.16491e-27 2.34916e-34 6.20602e-42
 1.65953e-41 2.30332e-33 3.8643e-26 7.83672e-20 1.92108e-14 5.69251e-10 2.03897e-06 0.000882802 0.0462045 0.293064 0.256949 0.197772 0.141238 0.0508103 0.0117927 0.00123772 4.65648e-05 4.64358e-07 9.53303e-10 3.37668e-13 1.84562e-17 1.45136e-22 1.56988e-28 2.26665e-35 4.27794e-43
 1.70527e-41 2.36681e-33 3.97081e-26 8.05273e-20 1.97403e-14 5.84941e-10 2.09517e-06 0.000907135 0.0474779 0.30109 0.261825 0.19177 0.136452 0.0480228 0.0112339 0.00117797 4.10627e-05 3.54771e-07 6.08381e-10 1.77072e-13 7.88255e-18 5.01903e-23 4.37597e-29 5.07361e-36 7.66553e-44
#spawning biomass
 6028.85 6115.99 7655.77 10739.6 15257.1 18488.8 17390.6 21721.8 34820.1 48926 55095.7 69800 97132.1 119387 122049 106063 98499.7 102328 99941.6 100241 100166 108172 110873 111521 111336 114962 115139 108863 121274 317421 442057 453686 415851 357475 296637 242596 198679 164947 140012 122073 109420 100624 94559.7 90387.4 87545.9 85664.6 84418.9 83594.2 83048.2 82686.6 82447.3 82288.8 82183.8 82114.4 82068.4 82037.9 82017.8 82004.4 81995.6 81989.7 81985.8 81983.3 81981.6 81980.4 81979.7 81979.2 81978.9 81978.7 81978.5 81978.4 81978.4 81978.3 81978.3 81978.3 81978.3 81978.3 81978.3 81978.2 81978.2 81978.2 81978.2 81978.2 81978.2 81978.2 81978.2 81978.2 81978.2 81978.2 81978.2 81978.2 81978.2 81978.2 81978.2 81978.2 81978.2 81978.2 81978.2 81978.2 81978.2 81978.2 81978.2 81978.2 81978.2 81978.2 81978.2 81978.2 81978.2 81978.2 81978.2 81978.2 81978.2 81978.2 81978.2 81978.2 81978.2 81978.2 81978.2 81978.2 81978.2 81978.2 81978.2 81978.2 81978.2 81978.2 81978.2 81978.2 81978.2 81978.2 81978.2 0 0 0 0 0 0 0 0 0 0 0 0 0 0 0 0 0 0 0 0 0 0 0 0 0
