SBPRF35
0.384994
Curr Bio
118753
B35
363225
F35
0.354721
FOFL
0.122691
OFL
10146.4
Bzero
109998
#pred survey bio
 8829.87 9808.46 8017.87 8271.99 11302.3 17696.9 24559.2 32921.7 43473.3 60043.1 67238 82762.5 108924 128157 113212 113859 119315 107844 108387 113066 98518.7 107795 115311 106014 129782 116413 123198 136633 119403 4.83603e+06 4.99535e+06 4.4851e+06 3.58198e+06 2.7316e+06 2.08496e+06 1.64342e+06 1.35947e+06 1.18268e+06 1.07413e+06 1.00749e+06 966190 940162 923415 912331 904687 899558 896049 893610 891896 890679 889811 889187 888738 888413 888179 888008 887885 887796 887731 887684 887649 887625 887606 887593 887584 887577 887572 887568 887565 887564 887562 887561 887560 887560 887559 887559 887559 887559 887559 887559 887559 887559 887559 887558 887558 887558 887558 887558 887558 887558 887558 887558 887558 887558 887558 887558 887558 887558 887558 887558 887558 887558 887558 887558 887558 887558 887558 887558 887558 887558 887558 887558 887558 887558 887558 887558 887558 887558 887558 887558 887558 887558 887558 887558 887558 887558 887558 887558 887558 0 0 0 0 0 0 0 0 0 0 0 0 0 0 0 0 0 0 0 0 0 0 0 0 0
#obs survey bio
 7014.54 6322.97 7971.54 8253.03 12414.3 20666.5 38033.8 21998.5 55859.1 56174.2 71016.7 69531.8 87122.9 163854 94478.7 108521 80799 126857 134384 85664.5 114034 113642 134997 110420 132572 115724 130486 191699 104654
#pred catch bio
 2254.64 4020.5 3077.58 2619.26 3464.78 7936.57 11618.7 16861.8 22805.1 39882.9 44326.1 51809.9 70856.5 97955 83146.5 85269.8 98537.8 85554 85058.8 98943.8 82582 92253.4 108536 93480.4 125713 109394 115988 141793 112533 10146.4 60257.2 52711.3 40742 29922.3 21984.2 16781.6 13603.5 11751.9 10708.4 10134.4 9824.13 9658.72 9571.41 9525.57 9501.45 9489.16 9482.9 9479.7 9478.08 9477.25 9476.82 9476.61 9476.5 9476.44 9476.41 9476.4 9476.39 9476.39 9476.39 9476.38 9476.38 9476.38 9476.38 9476.38 9476.38 9476.38 9476.38 9476.38 9476.38 9476.38 9476.38 9476.38 9476.38 9476.38 9476.38 9476.38 9476.38 9476.38 9476.38 9476.38 9476.38 9476.38 9476.38 9476.38 9476.38 9476.38 9476.38 9476.38 9476.38 9476.38 9476.38 9476.38 9476.38 9476.38 9476.38 9476.38 9476.38 9476.38 9476.38 9476.38 9476.38 9476.38 9476.38 9476.38 9476.38 9476.38 9476.38 9476.38 9476.38 9476.38 9476.38 9476.38 9476.38 9476.38 9476.38 9476.38 9476.38 9476.38 9476.38 9476.38 9476.38 9476.38 9476.38 9476.38 9476.38 9476.38 9476.38 9476.38 9476.38 0 0 0 0 0 0 0 0 0 0 0 0 0 0 0 0 0 0 0 0 0 0 0 0 0
#obs catch bio
 3649.17 4472.67 3631.24 2768.36 3415.78 7940.07 10765.8 16417.6 21248.3 38766.8 42231.7 50348.3 67727.1 94652.5 83563 85948.6 110697 80599.6 79768.5 104306 76833.1 82793.5 93264.7 88198.3 109806 98719.1 103133 123764 107884
#pred cpue bio
 8095.71 9370.52 7413.87 7336.94 9811.04 15015.3 20693 27972.7 36000.2 49616.3 54577.7 66297.6 88247.6 105307 92313.6 91890.9 94577 85026.8 85573.5 88708.9 75280.2 81468.2 87122.4 76624.5 94998.8 84553.8 88673.9 97554.8 82008.5 3.52721e+06 4.95196e+06 4.44171e+06 3.53859e+06 2.68821e+06 2.04157e+06 1.60003e+06 1.31608e+06 1.13929e+06 1.03074e+06 964103 922802 896774 880027 868943 861299 856170 852661 850223 848508 847292 846423 845799 845350 845025 844791 844621 844497 844408 844343 844296 844262 844237 844219 844205 844196 844189 844184 844180 844178 844176 844174 844173 844173 844172 844172 844171 844171 844171 844171 844171 844171 844171 844171 844171 844171 844171 844171 844171 844171 844171 844171 844171 844171 844171 844171 844171 844171 844171 844171 844171 844171 844171 844171 844171 844171 844171 844171 844171 844171 844171 844171 844171 844171 844171 844171 844171 844171 844171 844171 844171 844171 844171 844171 844171 844171 844171 844171 844171 844171 0 0 0 0 0 0 0 0 0 0 0 0 0 0 0 0 0 0 0 0 0 0 0 0 0
#obs cpue bio
 7683.78 5773.64 4363.78 6202.83 14273.8 15706.3 22419.3 37323.8 41253.1 54699.9 62973.8 77460.2 135546 103121 91730 93696.2 85311.2 109508 85404.4 90175.2 94696.7 122210 143941 78878 183623 117396 135137 126470 98128.1
#pred surv len freq
 9.55179e-12 1.03721e-09 6.64031e-08 2.50639e-06 5.57764e-05 0.000731831 0.00566245 0.0258597 0.0700269 0.11503 0.126755 0.124511 0.134135 0.127973 0.0963429 0.0651188 0.0426069 0.0260463 0.0152901 0.0090349 0.00556639 0.00372339 0.0026812 0.00183899 0.00100714
 6.12371e-12 6.64961e-10 4.25715e-08 1.60686e-06 3.57589e-05 0.000469201 0.00363101 0.016597 0.0451448 0.0757745 0.0909948 0.10772 0.135335 0.141253 0.119673 0.0940655 0.0687314 0.0444535 0.0260286 0.0141434 0.00739919 0.00400033 0.00236197 0.00143502 0.000750777
 9.84929e-12 1.06951e-09 6.84713e-08 2.58445e-06 5.75134e-05 0.000754607 0.00583811 0.0266486 0.0719811 0.116776 0.121954 0.103946 0.0988573 0.0974601 0.0891612 0.0797266 0.066818 0.0500323 0.0331423 0.0190864 0.00964542 0.00449464 0.00210239 0.00103452 0.000480359
 1.23621e-11 1.34238e-09 8.59403e-08 3.24382e-06 7.21866e-05 0.000947125 0.00732741 0.0334438 0.0902946 0.146154 0.15103 0.124154 0.110144 0.0962617 0.0697508 0.0481029 0.0372631 0.0305338 0.0234367 0.015615 0.00874395 0.00411162 0.00169475 0.000663506 0.000251077
 1.30096e-11 1.41268e-09 9.04412e-08 3.4137e-06 7.59672e-05 0.000996728 0.00771118 0.0351956 0.0950278 0.153843 0.159102 0.131106 0.116603 0.101646 0.0721114 0.0455688 0.0288806 0.0187114 0.0130153 0.00930139 0.00597298 0.00315871 0.00134607 0.000476384 0.000147512
 1.38869e-11 1.50796e-09 9.65407e-08 3.64393e-06 8.10905e-05 0.00106394 0.00823105 0.037565 0.101379 0.163749 0.167589 0.1336 0.113722 0.0972288 0.0688076 0.0434499 0.0269044 0.0158358 0.00903349 0.00532796 0.00326274 0.00186689 0.00088169 0.000324662 9.3461e-05
 1.38047e-11 1.49903e-09 9.5969e-08 3.62235e-06 8.06104e-05 0.00105765 0.00818248 0.0373464 0.100831 0.163205 0.168621 0.138437 0.121963 0.103863 0.0693162 0.0391806 0.0220546 0.0123997 0.00670168 0.00346275 0.00175512 0.000894468 0.000426692 0.000167721 4.99521e-05
 1.3283e-11 1.44237e-09 9.23421e-08 3.48546e-06 7.7564e-05 0.00101768 0.0078734 0.0359386 0.0970697 0.157437 0.164163 0.138633 0.1266 0.109814 0.0740536 0.0420045 0.0228999 0.0118285 0.00576034 0.00272256 0.00123491 0.000535257 0.000222882 8.42074e-05 2.5718e-05
 1.44568e-11 1.56984e-09 1.00502e-07 3.79346e-06 8.44181e-05 0.0011076 0.00856882 0.0391066 0.10554 0.170474 0.174485 0.139056 0.117855 0.098935 0.066433 0.0379438 0.0208859 0.0107918 0.00509121 0.00222077 0.000900605 0.000342613 0.000122318 4.02694e-05 1.14907e-05
 1.43835e-11 1.56188e-09 9.99929e-08 3.77423e-06 8.39902e-05 0.00110199 0.00852548 0.0389105 0.105034 0.169844 0.174715 0.141441 0.122122 0.102256 0.0663117 0.0352372 0.0181001 0.00910322 0.00428639 0.0018531 0.000718269 0.000248306 7.72409e-05 2.16992e-05 5.38126e-06
 1.49059e-11 1.61861e-09 1.03625e-07 3.91131e-06 8.70408e-05 0.00114202 0.00883506 0.0403223 0.108829 0.175853 0.18029 0.144345 0.122461 0.100563 0.0625793 0.0303346 0.0137518 0.00620083 0.00268455 0.00110534 0.000419301 0.000140664 4.06979e-05 1.00897e-05 2.14156e-06
 1.5356e-11 1.66748e-09 1.06754e-07 4.02942e-06 8.9669e-05 0.0011765 0.00910174 0.0415373 0.11208 0.180882 0.184388 0.1449 0.119749 0.0969748 0.0598614 0.0285475 0.0124399 0.00519255 0.00199738 0.00072364 0.000248591 7.84561e-05 2.17522e-05 5.07426e-06 9.6995e-07
 1.49082e-11 1.61886e-09 1.03641e-07 3.91192e-06 8.70542e-05 0.00114219 0.00883644 0.0403289 0.10885 0.175919 0.180504 0.144891 0.123341 0.101385 0.0629347 0.0301606 0.0131792 0.0054504 0.002024 0.000678971 0.000207225 5.74286e-05 1.43406e-05 3.11077e-06 5.56632e-07
 1.43314e-11 1.55622e-09 9.96308e-08 3.76057e-06 8.36861e-05 0.001098 0.00849472 0.0387722 0.10469 0.169525 0.175487 0.144838 0.12789 0.106961 0.0667816 0.0321595 0.0141395 0.00587969 0.00218789 0.000726371 0.000213128 5.43462e-05 1.20224e-05 2.29673e-06 3.70183e-07
 1.45353e-11 1.57836e-09 1.01048e-07 3.81405e-06 8.48763e-05 0.00111362 0.00861553 0.0393235 0.106177 0.17192 0.177904 0.146631 0.128997 0.106835 0.0647771 0.0290618 0.0115938 0.00453666 0.00166077 0.000551847 0.000161797 4.05647e-05 8.53771e-06 1.48805e-06 2.12625e-07
 1.49691e-11 1.62546e-09 1.04064e-07 3.92789e-06 8.74096e-05 0.00114686 0.00887254 0.0404939 0.109301 0.176685 0.181464 0.146086 0.124704 0.102135 0.0623038 0.0285377 0.0115989 0.00443377 0.00151137 0.000465138 0.000130785 3.23753e-05 6.75276e-06 1.1453e-06 1.54045e-07
 1.56114e-11 1.69521e-09 1.08529e-07 4.09643e-06 9.11603e-05 0.00119606 0.00925309 0.0422277 0.113938 0.183842 0.187222 0.146615 0.120348 0.096372 0.0577667 0.0256148 0.00997558 0.00373695 0.0012762 0.000387614 0.000103516 2.39365e-05 4.7493e-06 7.85088e-07 1.03421e-07
 1.56786e-11 1.7025e-09 1.08996e-07 4.11405e-06 9.15524e-05 0.00120121 0.00929293 0.0424101 0.114439 0.184721 0.188443 0.148376 0.122506 0.0975562 0.0566955 0.023025 0.00766943 0.00248555 0.000779967 0.000226855 5.94366e-05 1.34535e-05 2.55294e-06 3.98143e-07 4.99397e-08
 1.56524e-11 1.69966e-09 1.08814e-07 4.10719e-06 9.13997e-05 0.0011992 0.00927742 0.0423392 0.114246 0.184396 0.188052 0.147927 0.122046 0.0974244 0.0571937 0.0238644 0.00826349 0.00266462 0.000762668 0.000191688 4.43109e-05 9.331e-06 1.70508e-06 2.57551e-07 3.09414e-08
 1.58916e-11 1.72564e-09 1.10477e-07 4.16996e-06 9.27966e-05 0.00121753 0.00941914 0.0429846 0.115969 0.187027 0.19003 0.147665 0.119721 0.0947971 0.0556634 0.0233894 0.00823414 0.00272368 0.000802774 0.000203536 4.45487e-05 8.33259e-06 1.33908e-06 1.84532e-07 2.09871e-08
 1.66933e-11 1.81269e-09 1.1605e-07 4.38032e-06 9.74776e-05 0.00127894 0.0098941 0.0451487 0.12176 0.195982 0.197325 0.148622 0.114736 0.0879023 0.0498696 0.0193089 0.00581217 0.00165261 0.000457676 0.000116177 2.59651e-05 4.88497e-06 7.52624e-07 9.41396e-08 9.52749e-09
 1.70486e-11 1.85128e-09 1.1852e-07 4.47356e-06 9.95525e-05 0.00130617 0.0101046 0.0461074 0.12432 0.199894 0.200285 0.148297 0.111393 0.0841255 0.0476909 0.0186161 0.00566678 0.00157978 0.000399832 8.8052e-05 1.75106e-05 3.14784e-06 4.84485e-07 6.04363e-08 5.8892e-09
 1.70359e-11 1.8499e-09 1.18432e-07 4.47022e-06 9.94784e-05 0.00130519 0.0100971 0.0460733 0.124231 0.199777 0.200288 0.148606 0.111964 0.0845546 0.0476313 0.0182143 0.00530476 0.00140919 0.000348529 7.5369e-05 1.4131e-05 2.2725e-06 3.10596e-07 3.59484e-08 3.40486e-09
 1.82773e-11 1.9847e-09 1.27062e-07 4.79596e-06 0.000106727 0.00140029 0.0108325 0.0494233 0.133183 0.213516 0.210973 0.14841 0.101687 0.0721811 0.0393672 0.0142503 0.00364901 0.000802841 0.000171526 3.40931e-05 6.07501e-06 9.41767e-07 1.21982e-07 1.2896e-08 1.09834e-09
 1.79361e-11 1.94764e-09 1.2469e-07 4.70642e-06 0.000104735 0.00137415 0.0106304 0.0485025 0.130723 0.209744 0.208058 0.148523 0.104605 0.0756532 0.0416347 0.0152747 0.00402734 0.000912351 0.000188969 3.32835e-05 5.00982e-06 6.74918e-07 8.01277e-08 7.99873e-09 6.42527e-10
 1.81219e-11 1.96782e-09 1.25982e-07 4.75519e-06 0.00010582 0.00138839 0.0107405 0.0490042 0.132066 0.211823 0.209763 0.148785 0.103508 0.0740833 0.0402507 0.0142516 0.00341863 0.000661406 0.000121273 2.05979e-05 3.05616e-06 3.85292e-07 4.00879e-08 3.44215e-09 2.45285e-10
 1.83776e-11 1.99559e-09 1.2776e-07 4.82228e-06 0.000107313 0.00140798 0.010892 0.0496941 0.133907 0.214632 0.211865 0.148471 0.100976 0.071267 0.0386813 0.013834 0.00341685 0.000691543 0.00012778 2.01676e-05 2.63475e-06 2.9828e-07 2.92577e-08 2.37433e-09 1.53396e-10
 1.85879e-11 2.01842e-09 1.29221e-07 4.87746e-06 0.000108541 0.00142409 0.0110165 0.0502614 0.135422 0.216953 0.213643 0.148351 0.0991019 0.0690811 0.0373155 0.0132829 0.00324627 0.000646726 0.000119024 1.91408e-05 2.55923e-06 2.85148e-07 2.58886e-08 1.886e-09 1.10893e-10
 1.95182e-11 2.11945e-09 1.35689e-07 5.12157e-06 0.000113973 0.00149536 0.0115677 0.0527718 0.142128 0.227228 0.221552 0.147929 0.0909816 0.0595265 0.0312289 0.0106892 0.00234865 0.000372534 5.25331e-05 7.22851e-06 9.14198e-07 1.00991e-07 9.26294e-09 6.74923e-10 3.81937e-11
#obs surv len freq
 2.56038e-11 2.47365e-09 1.409e-07 4.73176e-06 9.3686e-05 0.00109365 0.00752813 0.0305776 0.073561 0.106917 0.103331 0.0902758 0.0947296 0.100288 0.0973962 0.0900404 0.0762682 0.057304 0.0374653 0.0204851 0.00891824 0.00292389 0.000680718 0.000106913 1.0902e-05
 5.01636e-12 4.67452e-10 2.56818e-08 8.31872e-07 1.58876e-05 0.000178967 0.00119115 0.00472859 0.0117469 0.0221589 0.0448678 0.0928003 0.144951 0.162943 0.150719 0.127032 0.0961546 0.065626 0.0407392 0.0216463 0.00904033 0.00277281 0.000593224 8.49641e-05 7.88653e-06
 8.80636e-11 7.90143e-09 4.17977e-07 1.30358e-05 0.000239697 0.00259852 0.0166087 0.0625908 0.139119 0.182693 0.14329 0.0726474 0.0396616 0.0504714 0.0746561 0.0798867 0.0614778 0.0379857 0.0207803 0.0100063 0.00389678 0.0011211 0.000223071 2.93981e-05 2.49279e-06
 1.1199e-10 9.6591e-09 4.91173e-07 1.47255e-05 0.000260285 0.00271258 0.0166703 0.0604677 0.130082 0.170201 0.152016 0.127224 0.118074 0.0908645 0.0508145 0.0278248 0.0209772 0.015976 0.00949732 0.00432428 0.00151952 0.000396811 7.24875e-05 8.79983e-06 6.85865e-07
 1.34928e-10 1.11697e-08 5.45152e-07 1.56868e-05 0.00026613 0.00266202 0.015703 0.0546886 0.113134 0.143463 0.128328 0.115044 0.119252 0.11229 0.0889462 0.0581751 0.0291219 0.0116439 0.00460371 0.0018611 0.000622681 0.000150507 2.4965e-05 2.74991e-06 1.95365e-07
 2.13647e-10 1.69505e-08 7.92882e-07 2.18662e-05 0.000355533 0.00340835 0.0192687 0.064306 0.127395 0.154184 0.129895 0.107794 0.106101 0.0995847 0.0820025 0.0572186 0.030862 0.0123997 0.00387087 0.0010271 0.000246516 4.99566e-05 7.45984e-06 7.48647e-07 4.83392e-08
 2.75788e-10 2.09419e-08 9.37551e-07 2.47465e-05 0.000385103 0.00353355 0.0191229 0.0611433 0.11655 0.138633 0.123939 0.119095 0.124326 0.11121 0.084105 0.0544158 0.0280254 0.0110833 0.00341017 0.000819008 0.000152725 2.22709e-05 2.51538e-06 2.08348e-07 1.17756e-08
 4.39596e-10 3.19073e-08 1.36541e-06 3.4449e-05 0.000512429 0.00449426 0.0232475 0.071032 0.129244 0.145932 0.12163 0.108247 0.110609 0.103813 0.0842757 0.0556619 0.0275078 0.0101039 0.00288121 0.000647173 0.000110865 1.39201e-05 1.25051e-06 7.93071e-08 3.49336e-09
 6.46668e-10 4.48112e-08 1.83076e-06 4.40975e-05 0.000626244 0.00524385 0.0259001 0.0756103 0.131863 0.144871 0.123323 0.115921 0.116851 0.101868 0.0760569 0.0475166 0.0229744 0.00839076 0.00234787 0.000501455 7.96572e-05 9.12846e-06 7.32469e-07 4.00578e-08 1.46243e-09
 9.26312e-10 6.12126e-08 2.38486e-06 5.47804e-05 0.000741882 0.00592425 0.0279081 0.0777581 0.129864 0.138781 0.120375 0.118712 0.121575 0.106459 0.0784438 0.0459098 0.0196173 0.00609295 0.00145761 0.000277821 4.08007e-05 4.35145e-06 3.21725e-07 1.59897e-08 5.2267e-10
 1.43681e-09 9.04482e-08 3.35691e-06 7.34548e-05 0.000947653 0.00720894 0.0323533 0.0859028 0.136913 0.14051 0.1191 0.11607 0.117263 0.102263 0.0748993 0.0427135 0.0174362 0.00505301 0.00108542 0.000178727 2.24392e-05 2.08374e-06 1.37653e-07 6.2174e-09 1.85634e-10
 1.93577e-09 1.15969e-07 4.09611e-06 8.52984e-05 0.00104729 0.00758247 0.0323989 0.0820461 0.125827 0.129082 0.11938 0.127405 0.128923 0.10827 0.0756169 0.0409904 0.0159115 0.00438698 0.000890662 0.0001359 1.53496e-05 1.24767e-06 7.11685e-08 2.78329e-09 7.28863e-11
 2.74723e-09 1.56484e-07 5.25517e-06 0.000104051 0.00121468 0.00836213 0.0339814 0.0819325 0.120287 0.120786 0.114379 0.125944 0.130897 0.114744 0.0822074 0.0438 0.0162214 0.00420803 0.000799146 0.000113729 1.19197e-05 8.89301e-07 4.5826e-08 1.59251e-09 3.66023e-11
 3.87647e-09 2.09763e-07 6.69209e-06 0.000125875 0.00139598 0.00913053 0.0352666 0.080992 0.114423 0.114951 0.115586 0.131916 0.136081 0.117256 0.0816989 0.0418528 0.0148543 0.00369477 0.000670051 9.00389e-05 8.79983e-06 6.06868e-07 2.87416e-08 9.13065e-10 1.90571e-11
 5.59041e-09 2.87155e-07 8.69618e-06 0.000155269 0.00163461 0.0101497 0.0372314 0.0813626 0.110387 0.11002 0.11439 0.132944 0.138088 0.120129 0.0831631 0.0416432 0.014437 0.00353347 0.000631081 8.25495e-05 7.71909e-06 5.01469e-07 2.21081e-08 6.48246e-10 1.24164e-11
 8.62244e-09 4.20126e-07 1.20689e-05 0.000204411 0.00204134 0.0120245 0.0418588 0.0869537 0.113001 0.110615 0.115842 0.133526 0.136361 0.116332 0.0779354 0.0373766 0.0124103 0.00292813 0.000507491 6.45462e-05 5.84952e-06 3.65571e-07 1.53484e-08 4.24016e-10 7.57908e-12
 1.37285e-08 6.34137e-07 1.72697e-05 0.000277289 0.00262522 0.0146612 0.0484062 0.0955411 0.118912 0.114211 0.119504 0.13476 0.13275 0.108274 0.0682795 0.030313 0.00917249 0.00195106 0.000305754 3.57624e-05 3.03616e-06 1.7977e-07 7.17744e-09 1.88338e-10 3.18525e-12
 1.90609e-08 8.34242e-07 2.15269e-05 0.00032751 0.00293811 0.0155516 0.0487163 0.0917047 0.111374 0.111147 0.124415 0.141249 0.135834 0.108096 0.0670395 0.0298438 0.00930491 0.00206603 0.000330099 3.74909e-05 2.96781e-06 1.61102e-07 5.90207e-09 1.43192e-10 2.25523e-12
 2.83951e-08 1.17706e-06 2.87669e-05 0.000414517 0.00352213 0.0176599 0.052437 0.0938471 0.109752 0.108909 0.123164 0.140141 0.136144 0.108709 0.066008 0.0284024 0.008618 0.00189772 0.00030607 3.52665e-05 2.80099e-06 1.49013e-07 5.20601e-09 1.17774e-10 1.70684e-12
 4.26587e-08 1.67426e-06 3.87419e-05 0.000528562 0.00425251 0.0201936 0.0568497 0.0969721 0.110392 0.111518 0.128475 0.14308 0.13397 0.102283 0.0589025 0.0239613 0.00688655 0.00144421 0.000223645 2.49846e-05 1.94099e-06 1.01479e-07 3.47902e-09 7.66545e-11 1.06926e-12
 6.86132e-08 2.54906e-06 5.58338e-05 0.000721062 0.0054915 0.0246873 0.0658271 0.106575 0.116079 0.11398 0.128096 0.138987 0.127254 0.0941232 0.0516789 0.019849 0.00536458 0.001056 0.000153409 1.61024e-05 1.17994e-06 5.8497e-08 1.91194e-09 4.03327e-11 5.39901e-13
 1.0192e-07 3.58365e-06 7.4291e-05 0.000908056 0.00654582 0.0278633 0.0704685 0.109068 0.116938 0.118537 0.134832 0.140859 0.122034 0.0853921 0.044669 0.0165195 0.00433491 0.000826668 0.000114784 1.13421e-05 7.75036e-07 3.57139e-08 1.08564e-09 2.13532e-11 2.67351e-13
 1.45407e-07 4.83852e-06 9.49265e-05 0.00109808 0.00749205 0.0301982 0.072477 0.107505 0.114321 0.120499 0.139789 0.144468 0.122577 0.0821938 0.0400283 0.0134621 0.00317073 0.000544789 6.93892e-05 6.39531e-06 4.09981e-07 1.76727e-08 4.99714e-10 9.10066e-12 1.05253e-13
 2.22882e-07 7.01883e-06 0.000130317 0.00142665 0.00921239 0.0351521 0.0799591 0.112965 0.116275 0.120981 0.137991 0.140209 0.1174 0.0769749 0.0363139 0.0118185 0.00268813 0.000439357 5.19232e-05 4.35875e-06 2.53477e-07 9.96875e-09 2.59139e-10 4.36006e-12 4.66548e-14
 2.8377e-07 8.45746e-06 0.000148616 0.00153991 0.00941422 0.0340536 0.0738846 0.102234 0.111314 0.129377 0.152212 0.149373 0.118456 0.0731063 0.0324202 0.00994219 0.00214129 0.000332822 3.73732e-05 2.95724e-06 1.60025e-07 5.78051e-09 1.36797e-10 2.08839e-12 2.02988e-14
 3.83997e-07 1.08324e-05 0.000180167 0.00176704 0.010227 0.0350488 0.0723 0.0965052 0.105301 0.125879 0.151311 0.153516 0.125571 0.0772695 0.0331254 0.00968473 0.00197941 0.00029102 3.07937e-05 2.28864e-06 1.1602e-07 3.91316e-09 8.60501e-11 1.21335e-12 1.08263e-14
 5.88212e-07 1.57074e-05 0.000247304 0.00229609 0.0125814 0.0408438 0.0800013 0.102328 0.109226 0.128505 0.150101 0.147755 0.117143 0.0696722 0.0290028 0.00832703 0.00168372 0.000243317 2.48673e-05 1.75418e-06 8.34281e-08 2.62327e-09 5.36025e-11 7.00966e-13 5.79094e-15
 7.36e-07 1.86071e-05 0.000277363 0.00243837 0.0126584 0.0390366 0.0735041 0.0945088 0.110275 0.140334 0.162614 0.152743 0.114283 0.063922 0.025054 0.00681154 0.00131621 0.000183421 1.81544e-05 1.23732e-06 5.64192e-08 1.68363e-09 3.23331e-11 3.94377e-13 3.02328e-15
 1.13779e-06 2.72364e-05 0.000384418 0.00319993 0.0157291 0.0459252 0.0818369 0.0994134 0.109724 0.134872 0.156513 0.150364 0.112734 0.0606181 0.022098 0.00547209 0.000954545 0.000120728 1.10065e-05 7.01175e-07 3.01693e-08 8.52952e-10 1.55172e-11 1.78788e-13 1.28913e-15
#pred catch len freq
 6.58688e-12 7.15257e-10 4.57914e-08 1.7284e-06 3.84636e-05 0.000504693 0.00390579 0.0178558 0.0486062 0.0818836 0.0996536 0.12059 0.151733 0.151948 0.115547 0.078223 0.0511893 0.0312932 0.0183702 0.0108549 0.00668771 0.00447345 0.00322132 0.00220945 0.00121003
 4.20914e-12 4.57063e-10 2.92616e-08 1.10448e-06 2.45793e-05 0.000322528 0.00249663 0.0114277 0.0313004 0.0542722 0.0730273 0.103895 0.144679 0.155211 0.132193 0.103983 0.0759828 0.0491436 0.0287748 0.0156356 0.00817986 0.00442239 0.00261117 0.00158643 0.000829989
 7.18521e-12 7.80228e-10 4.99509e-08 1.8854e-06 4.19571e-05 0.000550512 0.00425957 0.0194542 0.0526977 0.0867012 0.0962127 0.0965503 0.108479 0.11381 0.105446 0.0944429 0.0791615 0.0592752 0.039265 0.0226125 0.0114273 0.00532498 0.00249079 0.00122564 0.000569101
 9.27703e-12 1.00737e-09 6.44931e-08 2.43429e-06 5.4172e-05 0.000710779 0.00549952 0.0251147 0.0679962 0.111588 0.122463 0.119019 0.126562 0.11888 0.0875598 0.060548 0.0469166 0.0384445 0.0295087 0.0196605 0.0110093 0.00517686 0.00213383 0.000835407 0.000316126
 9.88149e-12 1.07301e-09 6.86952e-08 2.5929e-06 5.77017e-05 0.000757091 0.00585787 0.0267516 0.0724337 0.118916 0.130714 0.12753 0.136001 0.127394 0.0918625 0.0582087 0.0369027 0.0239093 0.0166309 0.0118853 0.00763223 0.00403617 0.00172 0.000608721 0.00018849
 1.1314e-11 1.22856e-09 7.86538e-08 2.96879e-06 6.60664e-05 0.000866835 0.00670665 0.0306198 0.0827976 0.135047 0.144369 0.131028 0.130312 0.119102 0.0856077 0.0542002 0.0335707 0.01976 0.011272 0.00664825 0.00407125 0.00232951 0.00110017 0.000405114 0.000116621
 1.13448e-11 1.23192e-09 7.88684e-08 2.97689e-06 6.62467e-05 0.000869203 0.00672511 0.0307072 0.0830774 0.135853 0.146839 0.137134 0.139636 0.12617 0.0853712 0.0483741 0.0272378 0.0153143 0.0082769 0.00427667 0.00216766 0.00110471 0.000526986 0.000207144 6.16934e-05
 1.09819e-11 1.1925e-09 7.63451e-08 2.88165e-06 6.41273e-05 0.000841398 0.00651009 0.0297279 0.0804628 0.131857 0.143821 0.137514 0.143319 0.130937 0.0893514 0.0507878 0.0276955 0.0143058 0.00696677 0.00329277 0.00149355 0.000647361 0.000269563 0.000101844 3.11043e-05
 1.22724e-11 1.33264e-09 8.53169e-08 3.22029e-06 7.16631e-05 0.000940265 0.00727468 0.033211 0.0897749 0.146189 0.155163 0.13796 0.133677 0.118963 0.0809954 0.0463749 0.0255344 0.0131939 0.00622449 0.0027151 0.00110107 0.000418877 0.000149545 4.92332e-05 1.40484e-05
 1.2929e-11 1.40393e-09 8.9881e-08 3.39256e-06 7.54967e-05 0.000990562 0.00766372 0.0349849 0.0945393 0.1537 0.161977 0.141068 0.133208 0.115983 0.0759191 0.0404116 0.0207627 0.0104425 0.00491703 0.00212573 0.000823945 0.000284839 8.8605e-05 2.48918e-05 6.17298e-06
 1.34686e-11 1.46253e-09 9.36325e-08 3.53416e-06 7.86479e-05 0.0010319 0.00798353 0.0364435 0.0984627 0.159933 0.167857 0.144401 0.134078 0.114624 0.0720296 0.0349804 0.0158622 0.00715261 0.00309662 0.001275 0.000483662 0.000162255 4.69448e-05 1.16385e-05 2.47028e-06
 1.3777e-11 1.49601e-09 9.57761e-08 3.61507e-06 8.04484e-05 0.00105553 0.00816623 0.037276 0.100693 0.163399 0.170765 0.145063 0.132676 0.112567 0.0702865 0.0335927 0.0146431 0.00611239 0.00235122 0.000851831 0.000292629 9.23544e-05 2.56056e-05 5.97316e-06 1.14177e-06
 1.34247e-11 1.45776e-09 9.3327e-08 3.52263e-06 7.83913e-05 0.00102854 0.00795752 0.0363253 0.0981517 0.159493 0.167702 0.145036 0.135475 0.116032 0.0727478 0.0349295 0.0152673 0.00631412 0.00234474 0.000786568 0.000240064 6.65294e-05 1.66131e-05 3.60374e-06 6.44842e-07
 1.35061e-11 1.46661e-09 9.38935e-08 3.54401e-06 7.88671e-05 0.00103478 0.00800579 0.0365451 0.0987382 0.160386 0.168362 0.14491 0.134626 0.115099 0.0722431 0.0348244 0.0153134 0.00636793 0.00236957 0.000786688 0.000230826 5.8859e-05 1.30207e-05 2.48745e-06 4.00922e-07
 1.35294e-11 1.46913e-09 9.40554e-08 3.55012e-06 7.90031e-05 0.00103657 0.00801964 0.0366093 0.098925 0.160797 0.169288 0.146905 0.137493 0.116948 0.0713656 0.0320576 0.0127915 0.00500539 0.00183236 0.000608866 0.000178514 4.4756e-05 9.41986e-06 1.64181e-06 2.34594e-07
 1.40805e-11 1.52898e-09 9.78864e-08 3.69472e-06 8.2221e-05 0.00107878 0.0083461 0.0380961 0.102894 0.166855 0.173837 0.146287 0.132149 0.111037 0.0681595 0.0312577 0.0127068 0.00485735 0.00165576 0.000509577 0.00014328 3.54684e-05 7.3979e-06 1.25472e-06 1.68762e-07
 1.52578e-11 1.65681e-09 1.06071e-07 4.00364e-06 8.90954e-05 0.00116897 0.00904359 0.0412735 0.111389 0.179932 0.184197 0.146723 0.123352 0.0999422 0.0600847 0.0266582 0.0103829 0.00388957 0.00132832 0.000403445 0.000107744 2.49141e-05 4.94327e-06 8.17153e-07 1.07645e-07
 1.51179e-11 1.64162e-09 1.05098e-07 3.96693e-06 8.82785e-05 0.00115826 0.00896076 0.0408972 0.110398 0.17853 0.183689 0.148664 0.127448 0.103338 0.0603295 0.0245232 0.00816977 0.00264775 0.000830869 0.000241659 6.33155e-05 1.43315e-05 2.71955e-06 4.24127e-07 5.31988e-08
 1.50355e-11 1.63267e-09 1.04525e-07 3.9453e-06 8.77971e-05 0.00115194 0.00891191 0.0406745 0.109799 0.177582 0.182809 0.14821 0.127435 0.103758 0.061216 0.0255682 0.00885491 0.00285538 0.000817269 0.000205411 4.74832e-05 9.99903e-06 1.82715e-06 2.7599e-07 3.31566e-08
 1.5874e-11 1.72373e-09 1.10355e-07 4.16534e-06 9.26938e-05 0.00121618 0.00940871 0.0429371 0.115842 0.186832 0.189881 0.147673 0.119875 0.0949775 0.0557782 0.0234384 0.00825144 0.0027294 0.000804461 0.000203963 4.46423e-05 8.3501e-06 1.34189e-06 1.8492e-07 2.10312e-08
 1.64535e-11 1.78666e-09 1.14383e-07 4.3174e-06 9.60776e-05 0.00126058 0.00975206 0.0445018 0.120032 0.193337 0.195301 0.148769 0.116887 0.0904005 0.0514158 0.0199178 0.00599602 0.0017049 0.00047216 0.000119854 2.67868e-05 5.03955e-06 7.76441e-07 9.71187e-08 9.82899e-09
 1.69208e-11 1.83739e-09 1.17632e-07 4.44e-06 9.88059e-05 0.00129637 0.0100289 0.0457624 0.123398 0.198483 0.199205 0.148374 0.112537 0.0854564 0.0485174 0.0189445 0.00576707 0.00160775 0.000406911 8.9611e-05 1.78207e-05 3.20358e-06 4.93064e-07 6.15064e-08 5.99347e-09
 1.74116e-11 1.89069e-09 1.21044e-07 4.5688e-06 0.000101672 0.00133397 0.0103197 0.0470871 0.126939 0.203921 0.203456 0.148365 0.108578 0.0806286 0.0452101 0.0172719 0.0050294 0.00133601 0.000330428 7.14548e-05 1.33971e-05 2.15448e-06 2.94466e-07 3.40814e-08 3.22803e-09
 1.82972e-11 1.98685e-09 1.272e-07 4.80117e-06 0.000106843 0.00140181 0.0108443 0.0494769 0.133326 0.213735 0.21114 0.148395 0.101505 0.0719716 0.0392401 0.0142033 0.00363693 0.00080018 0.000170957 3.39801e-05 6.05488e-06 9.38645e-07 1.21578e-07 1.28533e-08 1.0947e-09
 1.84046e-11 1.99852e-09 1.27947e-07 4.82936e-06 0.00010747 0.00141004 0.0109079 0.0497666 0.134099 0.214909 0.211995 0.148187 0.100328 0.0707201 0.03863 0.0141498 0.00372965 0.000844873 0.000174991 3.08217e-05 4.63926e-06 6.24997e-07 7.4201e-08 7.40709e-09 5.95002e-10
 1.84318e-11 2.00147e-09 1.28136e-07 4.83649e-06 0.000107629 0.00141213 0.0109241 0.0498402 0.134298 0.215238 0.21236 0.148543 0.100648 0.0708012 0.0382732 0.0135367 0.00324647 0.000628076 0.000115161 1.95598e-05 2.90214e-06 3.65874e-07 3.80676e-08 3.26867e-09 2.32923e-10
 1.86829e-11 2.02874e-09 1.29882e-07 4.90239e-06 0.000109095 0.00143136 0.0110728 0.0505177 0.136106 0.217997 0.214426 0.148239 0.0981682 0.0680389 0.0367297 0.0131207 0.00323996 0.000655718 0.000121159 1.91228e-05 2.49824e-06 2.82826e-07 2.77419e-08 2.25131e-09 1.45449e-10
 1.93132e-11 2.09718e-09 1.34263e-07 5.06777e-06 0.000112776 0.00147965 0.0114462 0.0522183 0.140648 0.224946 0.219725 0.147792 0.0924225 0.0614068 0.0326815 0.011596 0.00283224 0.000564183 0.000103831 1.66976e-05 2.23256e-06 2.4875e-07 2.2584e-08 1.64526e-09 9.67381e-11
 1.9766e-11 2.14635e-09 1.37411e-07 5.18659e-06 0.00011542 0.00151434 0.0117145 0.0534403 0.143913 0.229958 0.223624 0.147723 0.0886763 0.0568896 0.0296533 0.0101354 0.00222632 0.000353111 4.97938e-05 6.85158e-06 8.66527e-07 9.57247e-08 8.77992e-09 6.3973e-10 3.62021e-11
#obs catch len freq
 1.48839e-11 1.43797e-09 8.19072e-08 2.75064e-06 5.44613e-05 0.000635776 0.00437706 0.0177939 0.0430059 0.0640261 0.0686454 0.0763663 0.0981347 0.115879 0.123262 0.120378 0.1022 0.0745989 0.0475852 0.0261669 0.011756 0.00400014 0.000960921 0.000154656 1.60811e-05
 1.8082e-11 1.68498e-09 9.25722e-08 2.99852e-06 5.72636e-05 0.000644798 0.00428254 0.0168099 0.0394079 0.0582001 0.0668343 0.0850478 0.113629 0.126983 0.12393 0.113986 0.0955614 0.0708565 0.0454581 0.0241876 0.0101439 0.0031685 0.000695837 0.000102305 9.71289e-06
 1.45247e-12 1.30322e-10 6.89402e-09 2.15031e-07 3.95599e-06 4.30089e-05 0.000279127 0.00113808 0.00356471 0.012026 0.0403112 0.0973408 0.153479 0.170124 0.155927 0.130201 0.0974662 0.0658384 0.0401989 0.0207524 0.00832059 0.00242506 0.000488787 6.55024e-05 5.65988e-06
 1.78905e-11 1.54305e-09 7.84654e-08 2.35242e-06 4.15809e-05 0.000433343 0.00266328 0.00966336 0.0208248 0.0275496 0.0265091 0.0315616 0.061676 0.123904 0.186473 0.193754 0.145437 0.0884322 0.0476253 0.0223343 0.0083514 0.00227982 0.000426722 5.25722e-05 4.14826e-06
 5.27103e-11 4.36349e-09 2.12967e-07 6.1282e-06 0.000103971 0.00104025 0.00614459 0.0215539 0.0462825 0.0695823 0.101875 0.161189 0.199292 0.160331 0.0892617 0.0500262 0.0382052 0.0284147 0.0163541 0.00719443 0.00242539 0.0006013 0.000103315 1.17189e-05 8.49583e-07
 1.58195e-10 1.2551e-08 5.87091e-07 1.61909e-05 0.000263258 0.00252387 0.0142719 0.0476934 0.09515 0.119272 0.115049 0.121803 0.13712 0.129593 0.101189 0.0645868 0.0314384 0.0124046 0.00489949 0.00193715 0.000620106 0.000141885 2.21205e-05 2.27667e-06 1.50441e-07
 2.80338e-10 2.12874e-08 9.5302e-07 2.51548e-05 0.000391456 0.0035918 0.0194371 0.0621287 0.118238 0.139533 0.1212 0.111587 0.11633 0.109266 0.0888132 0.0605171 0.0316303 0.0123154 0.00374455 0.000972545 0.000226934 4.39188e-05 6.17408e-06 5.78789e-07 3.47529e-08
 3.32066e-10 2.41023e-08 1.03141e-06 2.60224e-05 0.000387089 0.0033952 0.0175689 0.0537863 0.0988699 0.117241 0.115313 0.128628 0.141176 0.125519 0.0935797 0.0592131 0.0296097 0.0113552 0.00338383 0.000784355 0.000140697 1.96458e-05 2.10602e-06 1.63851e-07 8.63075e-09
 5.87915e-10 4.07399e-08 1.66442e-06 4.0091e-05 0.000569348 0.00476747 0.0235483 0.0687619 0.120077 0.132775 0.115743 0.113624 0.120397 0.112271 0.089503 0.0573973 0.0274015 0.00974127 0.00269073 0.000582663 9.55408e-05 1.14117e-05 9.70149e-07 5.79119e-08 2.387e-09
 9.27756e-10 6.1308e-08 2.38857e-06 5.48657e-05 0.000743039 0.00593349 0.0279519 0.0778836 0.130103 0.139173 0.121 0.119182 0.120579 0.103518 0.0759228 0.0461752 0.0215981 0.00762551 0.00205943 0.000422544 6.41067e-05 6.97555e-06 5.28523e-07 2.71596e-08 9.27754e-10
 1.36846e-09 8.61457e-08 3.19723e-06 6.99607e-05 0.000902578 0.00686618 0.0308181 0.0818693 0.130832 0.135921 0.119461 0.120974 0.122941 0.105681 0.0761043 0.0430625 0.017701 0.00530461 0.00122828 0.000225705 3.16842e-05 3.20489e-06 2.23424e-07 1.04228e-08 3.18601e-10
 2.16491e-09 1.29697e-07 4.58097e-06 9.5395e-05 0.00117124 0.00847949 0.0362222 0.0916035 0.13952 0.138832 0.118345 0.117173 0.117001 0.100086 0.0714684 0.0392864 0.0153823 0.00428374 0.000886365 0.000140347 1.68554e-05 1.48756e-06 9.27901e-08 3.93533e-09 1.09852e-10
 2.96772e-09 1.69044e-07 5.67695e-06 0.000112402 0.00131216 0.00903315 0.0367061 0.0884755 0.129693 0.129334 0.120046 0.128054 0.126869 0.104231 0.0708842 0.037005 0.0137675 0.00364361 0.000711017 0.00010399 1.11999e-05 8.63609e-07 4.65079e-08 1.70936e-09 4.18931e-11
 4.30687e-09 2.33053e-07 7.43512e-06 0.00013985 0.00155096 0.0101436 0.0391671 0.0898061 0.12588 0.122532 0.115374 0.125693 0.12772 0.109409 0.0759377 0.0387806 0.0137278 0.00341296 0.000622355 8.48123e-05 8.46462e-06 5.98072e-07 2.90501e-08 9.47784e-10 2.03809e-11
 6.1302e-09 3.14881e-07 9.53584e-06 0.000170261 0.00179242 0.0111291 0.0408152 0.0890935 0.120214 0.117313 0.11707 0.131371 0.13222 0.111187 0.0748946 0.0367211 0.0124472 0.00296449 0.00051538 6.61897e-05 6.15056e-06 4.01265e-07 1.78987e-08 5.3344e-10 1.04102e-11
 8.97455e-09 4.37283e-07 1.25618e-05 0.000212758 0.00212469 0.0125151 0.0435601 0.0904196 0.117083 0.113135 0.11592 0.131724 0.133405 0.113058 0.0754366 0.0360986 0.0119504 0.00279975 0.000478616 5.96916e-05 5.29482e-06 3.24823e-07 1.34698e-08 3.70195e-10 6.62589e-12
 1.41241e-08 6.52414e-07 1.77674e-05 0.000285281 0.00270086 0.0150829 0.0497866 0.0981472 0.121473 0.114486 0.116639 0.130474 0.129668 0.107526 0.0692618 0.0317043 0.0100497 0.00226982 0.000376417 4.56048e-05 3.91523e-06 2.30695e-07 9.09612e-09 2.3522e-10 3.92483e-12
 2.21308e-08 9.68603e-07 2.4994e-05 0.000380254 0.00341115 0.0180519 0.0564922 0.105817 0.125663 0.116968 0.119985 0.131714 0.126315 0.0999898 0.0604891 0.025573 0.00737262 0.00149997 0.000225124 2.51209e-05 2.02206e-06 1.12873e-07 4.22961e-09 1.03799e-10 1.63726e-12
 3.10416e-08 1.28676e-06 3.1448e-05 0.000453149 0.00385032 0.0193039 0.0572955 0.102338 0.118621 0.114585 0.124874 0.137371 0.128497 0.099243 0.0591013 0.025109 0.00747083 0.00158372 0.000241024 2.59721e-05 1.94344e-06 9.93806e-08 3.41768e-09 7.75635e-11 1.13925e-12
 4.69909e-08 1.84429e-06 4.26762e-05 0.000582233 0.00468411 0.0222383 0.0625378 0.106112 0.118116 0.112552 0.122782 0.135064 0.127534 0.0984986 0.0572609 0.0234999 0.00681237 0.00143435 0.000220426 2.40628e-05 1.80143e-06 8.99847e-08 2.94288e-09 6.21673e-11 8.39501e-13
 7.11213e-08 2.64224e-06 5.78747e-05 0.000747417 0.00569214 0.0255875 0.068204 0.110241 0.11924 0.115044 0.127014 0.136392 0.123954 0.0913797 0.050321 0.0195139 0.00535779 0.00107459 0.000158623 1.67943e-05 1.22969e-06 6.03214e-08 1.93342e-09 3.97165e-11 5.154e-13
 1.14091e-07 4.01159e-06 8.3162e-05 0.00101647 0.00732674 0.031175 0.0786898 0.120669 0.124705 0.116568 0.125243 0.131014 0.116321 0.0828799 0.0434322 0.0158852 0.00409845 0.000771098 0.000106733 1.06155e-05 7.33122e-07 3.41001e-08 1.04181e-09 2.04815e-11 2.54912e-13
 1.72173e-07 5.72918e-06 0.0001124 0.00130018 0.00886987 0.0357311 0.0855142 0.125182 0.126617 0.120594 0.129721 0.130109 0.109131 0.0735305 0.0367256 0.0129406 0.00324057 0.000589616 7.78255e-05 7.274e-06 4.68004e-07 2.02242e-08 5.74529e-10 1.05294e-11 1.22547e-13
 2.46253e-07 7.75482e-06 0.000143982 0.00157622 0.0101775 0.0388214 0.0881584 0.123597 0.123705 0.122118 0.133929 0.132952 0.109016 0.0701326 0.0325044 0.010392 0.00233428 0.000383133 4.64649e-05 4.05305e-06 2.44517e-07 9.87549e-09 2.60745e-10 4.42219e-12 4.75255e-14
 3.80701e-07 1.13464e-05 0.000199378 0.00206573 0.0126242 0.0455847 0.0980734 0.13072 0.125799 0.121255 0.130044 0.126807 0.102451 0.0643185 0.0288527 0.00892291 0.00193254 0.000300814 3.37528e-05 2.67824e-06 1.46581e-07 5.40366e-09 1.31198e-10 2.05554e-12 2.04331e-14
 4.91607e-07 1.3868e-05 0.000230654 0.00226209 0.0130888 0.0448022 0.0918905 0.119635 0.120901 0.129562 0.143424 0.135044 0.103225 0.0609489 0.0256943 0.00748828 0.00153593 0.000227288 2.42067e-05 1.80757e-06 9.19019e-08 3.108e-09 6.86545e-11 9.7584e-13 8.81199e-15
 6.75052e-07 1.80263e-05 0.000283811 0.00263492 0.0144347 0.0468096 0.0912222 0.114218 0.114792 0.125888 0.142606 0.138974 0.109211 0.0640248 0.026033 0.00722616 0.00140551 0.000196572 1.97111e-05 1.38153e-06 6.57591e-08 2.07498e-09 4.25586e-11 5.58338e-13 4.62588e-15
 1.03553e-06 2.61794e-05 0.000390223 0.00342996 0.0177913 0.0546502 0.101062 0.1209 0.118005 0.126604 0.139152 0.131469 0.10002 0.0566557 0.0223849 0.00610611 0.0011742 0.000161071 1.55622e-05 1.03342e-06 4.60973e-08 1.35511e-09 2.58145e-11 3.13968e-13 2.40767e-15
 1.33428e-06 3.19396e-05 0.000450796 0.00375229 0.01844 0.0537817 0.0953597 0.113545 0.1191 0.137441 0.149852 0.134915 0.0967135 0.0514769 0.0191489 0.00494826 0.000909828 0.000120365 1.12559e-05 7.21342e-07 3.08067e-08 8.5836e-10 1.53524e-11 1.74037e-13 1.23783e-15
#spawning biomass
 8815.63 9799.25 8006.72 8254.88 11275 17648.2 24488.5 32830.4 43337.7 59853 67007.9 82464.8 108548 127738 112829 113459 118868 107431 107974 112627 98103 107326 114809 105497 129168 115852 122591 135948 118753 137512 235182 206033 159652 117726 86966.5 66806.7 54492 47317 43273.5 41049 39846.9 39206 38867.6 38690 38596.6 38548.9 38524.7 38512.3 38506 38502.8 38501.1 38500.3 38499.9 38499.7 38499.5 38499.5 38499.5 38499.4 38499.4 38499.4 38499.4 38499.4 38499.4 38499.4 38499.4 38499.4 38499.4 38499.4 38499.4 38499.4 38499.4 38499.4 38499.4 38499.4 38499.4 38499.4 38499.4 38499.4 38499.4 38499.4 38499.4 38499.4 38499.4 38499.4 38499.4 38499.4 38499.4 38499.4 38499.4 38499.4 38499.4 38499.4 38499.4 38499.4 38499.4 38499.4 38499.4 38499.4 38499.4 38499.4 38499.4 38499.4 38499.4 38499.4 38499.4 38499.4 38499.4 38499.4 38499.4 38499.4 38499.4 38499.4 38499.4 38499.4 38499.4 38499.4 38499.4 38499.4 38499.4 38499.4 38499.4 38499.4 38499.4 38499.4 38499.4 38499.4 38499.4 38499.4 38499.4 0 0 0 0 0 0 0 0 0 0 0 0 0 0 0 0 0 0 0 0 0 0 0 0 0
