SBPRF35
0.0750875
Curr Bio
167742
B35
107957
F35
3.19661
FOFL
3.19661
OFL
112275
Bzero
21448.3
#pred survey bio
 23764.9 21767.5 25108.5 27381.7 28403.7 31601.9 39044.6 45491.6 52272.8 60442.3 74977.2 83336.7 95449.2 105929 106636 121908 138125 134325 123768 133674 130272 123188 124635 125530 114310 119002 116099 117243 2.71588e+06 1.79106e+06 488071 279424 204187 170752 155551 148670 145579 144202 143593 143325 143208 143157 143135 143125 143121 143119 143119 143118 143118 143118 143118 143118 143118 143118 143118 143118 143118 143118 143118 143118 143118 143118 143118 143118 143118 143118 143118 143118 143118 143118 143118 143118 143118 143118 143118 143118 143118 143118 143118 143118 143118 143118 143118 143118 143118 143118 143118 143118 143118 143118 143118 143118 143118 143118 143118 143118 143118 143118 143118 143118 143118 143118 143118 143118 143118 143118 143118 143118 143118 143118 143118 143118 143118 143118 143118 143118 143118 143118 143118 143118 143118 143118 143118 143118 143118 143118 143118 143118 0 0 0 0 0 0 0 0 0 0 0 0 0 0 0 0 0 0 0 0 0 0 0 0 0
#obs survey bio
 20271.6 22614.7 27883.1 29257.8 30368.9 28010 43029.9 38557.7 43433.7 60189.1 71882 77722.4 86022.1 104589 121018 138795 94229.2 113900 150638 162100 156388 132751 168976 116551 117972 121584 130771 82241.4
#pred catch bio
 9859.47 10709.8 13095.8 15623.2 16533.6 16843.9 23065.8 29033 34422.5 37568.9 49747.7 52042 61079.9 73609.2 68495.3 78893.6 99420.9 102071 82712.1 95112.6 96821.5 87354.5 89763.2 104176 91319.1 102021 99893.7 101087 112275 56713.4 6463.17 4975.81 4938.57 4937.72 4937.71 4937.71 4937.71 4937.71 4937.71 4937.71 4937.71 4937.71 4937.71 4937.71 4937.71 4937.71 4937.71 4937.71 4937.71 4937.71 4937.71 4937.71 4937.71 4937.71 4937.71 4937.71 4937.71 4937.71 4937.71 4937.71 4937.71 4937.71 4937.71 4937.71 4937.71 4937.71 4937.71 4937.71 4937.71 4937.71 4937.71 4937.71 4937.71 4937.71 4937.71 4937.71 4937.71 4937.71 4937.71 4937.71 4937.71 4937.71 4937.71 4937.71 4937.71 4937.71 4937.71 4937.71 4937.71 4937.71 4937.71 4937.71 4937.71 4937.71 4937.71 4937.71 4937.71 4937.71 4937.71 4937.71 4937.71 4937.71 4937.71 4937.71 4937.71 4937.71 4937.71 4937.71 4937.71 4937.71 4937.71 4937.71 4937.71 4937.71 4937.71 4937.71 4937.71 4937.71 4937.71 4937.71 4937.71 4937.71 4937.71 4937.71 4937.71 4937.71 4937.71 4937.71 0 0 0 0 0 0 0 0 0 0 0 0 0 0 0 0 0 0 0 0 0 0 0 0 0
#obs catch bio
 11095.7 11643.7 13583.3 16025.8 16905.8 17365.9 22716.3 30662 35849.8 39877.3 50629.7 51046.6 63175.1 73582.2 65916.7 75753.6 101406 103450 78192.3 88641.6 93828.1 79256.9 81138.4 102292 88317.7 96823.7 92507.7 100069
#pred cpue bio
 23463.4 20734.6 24424.8 26684 27472.3 30267.3 37539.9 43371.9 49984.7 57266.1 71501.1 80138.6 91185.2 102272 102260 116233 132762 129991 118647 128990 125635 118595 119844 120352 108346 112724 109390 110404 2.56104e+06 1.97152e+06 484311 273444 198152 164716 149515 142634 139543 138166 137557 137289 137172 137121 137099 137089 137085 137083 137083 137082 137082 137082 137082 137082 137082 137082 137082 137082 137082 137082 137082 137082 137082 137082 137082 137082 137082 137082 137082 137082 137082 137082 137082 137082 137082 137082 137082 137082 137082 137082 137082 137082 137082 137082 137082 137082 137082 137082 137082 137082 137082 137082 137082 137082 137082 137082 137082 137082 137082 137082 137082 137082 137082 137082 137082 137082 137082 137082 137082 137082 137082 137082 137082 137082 137082 137082 137082 137082 137082 137082 137082 137082 137082 137082 137082 137082 137082 137082 137082 137082 0 0 0 0 0 0 0 0 0 0 0 0 0 0 0 0 0 0 0 0 0 0 0 0 0
#obs cpue bio
 12861.2 12577.2 23100.3 26004.2 22019 26170.2 47384.9 31914.8 53655.6 40296.2 86809.7 94917.7 73707.7 127312 109301 114049 157883 161990 131077 144088 115053 176701 130714 121073 115639 150392 134167 147255
#pred surv len freq
 1.04643e-11 1.1363e-09 7.27472e-08 2.74584e-06 6.11051e-05 0.000801741 0.00620313 0.0283234 0.076622 0.125248 0.135165 0.125826 0.128397 0.118512 0.0855548 0.0549379 0.035669 0.0232924 0.0155908 0.0110284 0.0084073 0.00699793 0.00602994 0.00463248 0.00269678
 1.36212e-11 1.4791e-09 9.46936e-08 3.57421e-06 7.95391e-05 0.00104359 0.00807377 0.036851 0.099504 0.161142 0.166886 0.138025 0.12274 0.104919 0.069959 0.0392896 0.021796 0.012108 0.00673668 0.0038998 0.00243415 0.00170009 0.00130284 0.000953075 0.00055252
 1.25179e-11 1.3593e-09 8.70235e-08 3.2847e-06 7.30966e-05 0.000959076 0.00742032 0.0338782 0.0916108 0.149438 0.1598 0.144894 0.142424 0.124243 0.077777 0.0370275 0.0164207 0.00743196 0.0033725 0.00155947 0.00075648 0.000406158 0.000251232 0.00016307 9.02953e-05
 1.23265e-11 1.33851e-09 8.56928e-08 3.23448e-06 7.19789e-05 0.000944411 0.00730688 0.0333608 0.0902187 0.147224 0.157702 0.143702 0.142261 0.125416 0.0806049 0.0404214 0.0184935 0.00774886 0.00287609 0.00101861 0.000370089 0.00014372 6.3705e-05 3.24469e-05 1.59448e-05
 1.28535e-11 1.39574e-09 8.93565e-08 3.37276e-06 7.50563e-05 0.000984785 0.00761913 0.0347837 0.0940279 0.153129 0.162581 0.144561 0.139323 0.121073 0.0766308 0.0374114 0.016757 0.00709608 0.00267753 0.000893774 0.000266238 7.44458e-05 2.17531e-05 7.36857e-06 2.77864e-06
 1.34885e-11 1.46469e-09 9.37708e-08 3.53938e-06 7.87641e-05 0.00103343 0.00799535 0.0364979 0.0986158 0.16023 0.168396 0.145425 0.135562 0.11583 0.0722173 0.0342253 0.01469 0.00598873 0.00220029 0.000727206 0.000213377 5.41035e-05 1.20366e-05 2.57482e-06 6.04157e-07
 1.32513e-11 1.43893e-09 9.21216e-08 3.47713e-06 7.73788e-05 0.00101526 0.00785479 0.0358575 0.0969033 0.15759 0.166287 0.145282 0.137261 0.118061 0.0739731 0.0353313 0.0152368 0.00613639 0.00218166 0.00069146 0.00019608 4.84068e-05 1.01351e-05 1.78307e-06 2.76255e-07
 1.37765e-11 1.49596e-09 9.57729e-08 3.61495e-06 8.04457e-05 0.00105549 0.00816598 0.0372754 0.100698 0.163464 0.171097 0.145994 0.134129 0.113651 0.0701859 0.0325852 0.0135572 0.00535495 0.00189518 0.000595083 0.000164338 3.90336e-05 7.84858e-06 1.30539e-06 1.75847e-07
 1.3664e-11 1.48375e-09 9.49908e-08 3.58543e-06 7.97888e-05 0.00104688 0.00809937 0.0369728 0.0998999 0.162324 0.170625 0.147379 0.13716 0.116224 0.0704967 0.0311509 0.0119958 0.00443185 0.00149664 0.000454874 0.000123333 2.88373e-05 5.64869e-06 9.04061e-07 1.15382e-07
 1.41805e-11 1.53984e-09 9.85817e-08 3.72097e-06 8.2805e-05 0.00108645 0.00840539 0.0383667 0.103626 0.168049 0.175111 0.147411 0.133074 0.111266 0.0671609 0.0294803 0.0111632 0.00397912 0.00126364 0.0003559 9.04391e-05 2.02448e-05 3.85742e-06 6.03359e-07 7.47703e-08
 1.3818e-11 1.50047e-09 9.60613e-08 3.62583e-06 8.06879e-05 0.00105867 0.0081906 0.0373883 0.101011 0.164032 0.171968 0.147407 0.135983 0.114822 0.0696111 0.0307369 0.0117303 0.0041913 0.0013174 0.000359865 8.64917e-05 1.80077e-05 3.20226e-06 4.75936e-07 5.69679e-08
 1.33584e-11 1.45056e-09 9.28662e-08 3.50524e-06 7.80043e-05 0.00102346 0.00791833 0.0361484 0.0977007 0.158978 0.16817 0.147914 0.140447 0.119833 0.0724689 0.0315794 0.0118046 0.00416222 0.00130694 0.000357675 8.52865e-05 1.72637e-05 2.91353e-06 4.04493e-07 4.5279e-08
 1.36863e-11 1.48617e-09 9.51458e-08 3.59128e-06 7.9919e-05 0.00104858 0.00811256 0.0370325 0.100054 0.162517 0.170564 0.146684 0.135942 0.11539 0.070815 0.0322125 0.0128322 0.00470931 0.00148375 0.000401132 9.47946e-05 1.91083e-05 3.19119e-06 4.30781e-07 4.59207e-08
 1.31002e-11 1.42253e-09 9.10714e-08 3.43749e-06 7.64967e-05 0.00100368 0.00776536 0.0354514 0.0958346 0.156085 0.165777 0.147485 0.141858 0.121884 0.0742936 0.0329819 0.012744 0.00466801 0.00152525 0.000432715 0.000105036 2.12064e-05 3.51405e-06 4.7023e-07 4.94125e-08
 1.35148e-11 1.46755e-09 9.39536e-08 3.54628e-06 7.89177e-05 0.00103545 0.008011 0.0365704 0.0988276 0.1607 0.169474 0.147772 0.138973 0.118149 0.0714646 0.0312306 0.0117373 0.00416612 0.00132214 0.000369604 9.10988e-05 1.90645e-05 3.25683e-06 4.408e-07 4.61876e-08
 1.38168e-11 1.50034e-09 9.60533e-08 3.62553e-06 8.06812e-05 0.00105858 0.00818991 0.037385 0.101 0.163997 0.171853 0.147117 0.135552 0.114546 0.0697515 0.0311563 0.0120919 0.00436358 0.00137075 0.000372586 8.90772e-05 1.83242e-05 3.14992e-06 4.36998e-07 4.70011e-08
 1.33738e-11 1.45224e-09 9.29736e-08 3.50929e-06 7.80945e-05 0.00102465 0.00792748 0.0361899 0.0978096 0.159128 0.168204 0.147638 0.139899 0.119386 0.0724497 0.0318858 0.0121283 0.00435536 0.00139076 0.000386008 9.26158e-05 1.87146e-05 3.1351e-06 4.27767e-07 4.60825e-08
 1.30133e-11 1.41309e-09 9.04672e-08 3.41469e-06 7.59892e-05 0.000997027 0.00771391 0.0352176 0.0952187 0.15521 0.165442 0.148636 0.144322 0.12395 0.0744907 0.0317492 0.0114295 0.00390547 0.0012091 0.000330548 7.95501e-05 1.62855e-05 2.74338e-06 3.70451e-07 3.9159e-08
 1.35796e-11 1.47458e-09 9.44043e-08 3.56329e-06 7.92962e-05 0.00104041 0.00804943 0.0367461 0.0993048 0.161497 0.170407 0.148797 0.140024 0.118598 0.0706943 0.0296611 0.0103582 0.00340171 0.00100394 0.000259795 5.97487e-05 1.19337e-05 1.99983e-06 2.71517e-07 2.87948e-08
 1.31468e-11 1.42758e-09 9.13951e-08 3.44971e-06 7.67686e-05 0.00100725 0.00779296 0.0355773 0.0961736 0.156626 0.166302 0.147823 0.142024 0.121877 0.0740518 0.0325386 0.012235 0.00423478 0.00125549 0.000315274 6.90877e-05 1.30656e-05 2.08606e-06 2.74619e-07 2.87775e-08
 1.32008e-11 1.43345e-09 9.17708e-08 3.46389e-06 7.70842e-05 0.00101139 0.00782499 0.0357234 0.0965672 0.157256 0.166916 0.14822 0.142183 0.121696 0.0734164 0.0317057 0.011669 0.00405255 0.0012525 0.000333156 7.54335e-05 1.41335e-05 2.16841e-06 2.71074e-07 2.70873e-08
 1.33301e-11 1.44749e-09 9.26695e-08 3.49781e-06 7.78391e-05 0.0010213 0.00790159 0.0360726 0.0975047 0.15873 0.168233 0.148764 0.141976 0.120998 0.0723569 0.0305337 0.0107841 0.00359613 0.00108111 0.000284957 6.58688e-05 1.28763e-05 2.04553e-06 2.56632e-07 2.49401e-08
 1.33762e-11 1.4525e-09 9.29901e-08 3.50992e-06 7.81084e-05 0.00102483 0.0079289 0.0361967 0.0978324 0.1592 0.168442 0.148239 0.140812 0.12004 0.0723187 0.0311578 0.0113649 0.00385217 0.00113966 0.000289398 6.4553e-05 1.24166e-05 1.9925e-06 2.57435e-07 2.57399e-08
 1.35544e-11 1.47185e-09 9.42291e-08 3.55668e-06 7.9149e-05 0.00103848 0.00803449 0.0366778 0.0991193 0.161188 0.170047 0.148406 0.139629 0.118441 0.0710105 0.0302816 0.0108908 0.00368196 0.00110677 0.000286789 6.405e-05 1.20344e-05 1.87142e-06 2.37272e-07 2.37895e-08
 1.42512e-11 1.54751e-09 9.90733e-08 3.73952e-06 8.32179e-05 0.00109187 0.00844736 0.0385592 0.104158 0.169015 0.176592 0.149802 0.136158 0.11303 0.0657604 0.0259641 0.00807921 0.00237501 0.000664935 0.000168303 3.76592e-05 7.16295e-06 1.11847e-06 1.39881e-07 1.37003e-08
 1.42779e-11 1.55041e-09 9.92585e-08 3.74651e-06 8.33735e-05 0.00109391 0.00846313 0.038631 0.104349 0.169301 0.176777 0.149677 0.135764 0.112689 0.0657258 0.0261297 0.0081865 0.00235354 0.000606035 0.000134222 2.66282e-05 4.75593e-06 7.30039e-07 9.15314e-08 8.9821e-09
 1.4577e-11 1.58289e-09 1.01338e-07 3.82501e-06 8.51202e-05 0.00111682 0.00864038 0.0394387 0.106511 0.172653 0.179547 0.150166 0.134103 0.110238 0.0634842 0.0244017 0.00712302 0.0018953 0.000468852 0.000101295 1.89705e-05 3.04559e-06 4.14614e-07 4.77182e-08 4.50536e-09
 1.46105e-11 1.58652e-09 1.01571e-07 3.83378e-06 8.53155e-05 0.00111938 0.00866019 0.039529 0.106753 0.17303 0.179872 0.150263 0.133983 0.110018 0.0632417 0.0241724 0.006949 0.00179379 0.000422578 8.52252e-05 1.48977e-05 2.26884e-06 2.91143e-07 3.06244e-08 2.59655e-09
#obs surv len freq
 1.31682e-11 1.42991e-09 9.15442e-08 3.45534e-06 7.68939e-05 0.00100889 0.00780529 0.0356256 0.0961885 0.155681 0.160662 0.131371 0.116637 0.105447 0.0810192 0.0539813 0.0313226 0.015 0.00582907 0.0018178 0.000436318 7.67622e-05 9.53242e-06 8.12769e-07 4.65434e-08
 1.32051e-11 1.43392e-09 9.18005e-08 3.46502e-06 7.71093e-05 0.00101172 0.00782751 0.0357331 0.0965536 0.156808 0.164016 0.138749 0.126171 0.110526 0.0776531 0.0456256 0.0237082 0.0104395 0.00374131 0.00107257 0.000238745 3.95945e-05 4.68749e-06 3.81024e-07 2.06169e-08
 1.22561e-11 1.33087e-09 8.52036e-08 3.21602e-06 7.15684e-05 0.000939031 0.00726547 0.0331748 0.0897318 0.146377 0.155766 0.137716 0.131251 0.118173 0.0857086 0.0518149 0.026503 0.0108741 0.00351484 0.000903521 0.000181641 2.74297e-05 2.98244e-06 2.24782e-07 1.1364e-08
 1.36317e-11 1.48024e-09 9.4766e-08 3.57695e-06 7.96004e-05 0.00104441 0.00808055 0.0368899 0.0996851 0.161814 0.168351 0.138927 0.12126 0.10482 0.0757383 0.0461541 0.0236681 0.00961356 0.00300351 0.000718997 0.000130128 1.74148e-05 1.68e-06 1.13376e-07 5.1862e-09
 1.27825e-11 1.38803e-09 8.88632e-08 3.35415e-06 7.46425e-05 0.000979379 0.00757801 0.0346082 0.0936706 0.153113 0.163595 0.144264 0.133694 0.11468 0.0779386 0.0436101 0.0208704 0.00814905 0.00248263 0.000576657 9.93344e-05 1.23217e-05 1.0746e-06 6.45356e-08 2.61487e-09
 1.36277e-11 1.4798e-09 9.47382e-08 3.57591e-06 7.95774e-05 0.00104412 0.0080788 0.0368904 0.0997742 0.162469 0.170613 0.142956 0.124724 0.105542 0.0739768 0.0429886 0.020521 0.00762374 0.00216072 0.000468149 7.60956e-05 8.94318e-06 7.33392e-07 4.08045e-08 1.50723e-09
 1.33291e-11 1.44738e-09 9.26624e-08 3.49756e-06 7.78341e-05 0.00102127 0.00790244 0.0360946 0.0977274 0.159812 0.170276 0.147208 0.131007 0.108721 0.0726227 0.0399467 0.0184329 0.00677825 0.00190173 0.000398285 6.08879e-05 6.63396e-06 5.03499e-07 2.59932e-08 8.91054e-10
 1.38012e-11 1.49865e-09 9.59449e-08 3.62146e-06 8.05915e-05 0.00105745 0.00818247 0.0373737 0.101178 0.165271 0.17495 0.147855 0.127335 0.103971 0.0695202 0.0381407 0.0171255 0.00599385 0.00159206 0.000317886 4.6583e-05 4.83948e-06 3.45676e-07 1.65803e-08 5.24035e-10
 1.25821e-11 1.36627e-09 8.74699e-08 3.30157e-06 7.34734e-05 0.000964086 0.00746111 0.0340994 0.0925413 0.152639 0.167085 0.152135 0.13987 0.114973 0.0746068 0.0391839 0.0168871 0.00570347 0.00145535 0.000275721 3.79466e-05 3.69113e-06 2.47098e-07 1.11082e-08 3.2801e-10
 1.36698e-11 1.48438e-09 9.50314e-08 3.58698e-06 7.98248e-05 0.00104741 0.00810552 0.0370336 0.100361 0.164445 0.175317 0.149167 0.127733 0.103801 0.0701008 0.0386387 0.0169127 0.00559751 0.0013726 0.000247842 3.23358e-05 2.96243e-06 1.85489e-07 7.75943e-09 2.12688e-10
 1.28973e-11 1.40049e-09 8.9661e-08 3.38428e-06 7.53146e-05 0.000988273 0.00764904 0.0349693 0.09499 0.157009 0.172132 0.15498 0.138055 0.110115 0.070275 0.0365367 0.0155422 0.00514945 0.00127144 0.000227325 2.86845e-05 2.49603e-06 1.46861e-07 5.73695e-09 1.46207e-10
 1.26417e-11 1.37275e-09 8.78845e-08 3.31723e-06 7.3823e-05 0.000968723 0.00749839 0.0342909 0.0932412 0.154594 0.170778 0.155438 0.139364 0.112016 0.0724454 0.0376417 0.0154729 0.00483238 0.00112299 0.000191659 2.33871e-05 1.97156e-06 1.11475e-07 4.13548e-09 9.90257e-11
 1.23873e-11 1.34512e-09 8.6116e-08 3.25049e-06 7.23382e-05 0.000949267 0.00734852 0.0336169 0.0915077 0.152206 0.169395 0.155635 0.140021 0.113013 0.0741306 0.039241 0.0163485 0.00512106 0.00117303 0.000193056 2.23543e-05 1.77932e-06 9.51948e-08 3.35136e-09 7.61568e-11
 1.21248e-11 1.31661e-09 8.42909e-08 3.18161e-06 7.08063e-05 0.000929207 0.0071944 0.0329304 0.0898094 0.150273 0.169805 0.159449 0.144245 0.114413 0.0728275 0.0372314 0.0150225 0.00458504 0.00102657 0.000164667 1.84246e-05 1.40078e-06 7.08049e-08 2.3376e-09 4.96513e-11
 1.3083e-11 1.42066e-09 9.09522e-08 3.43305e-06 7.6402e-05 0.00100264 0.00776263 0.0355232 0.0967666 0.161041 0.178317 0.159569 0.136836 0.105552 0.0663959 0.0333641 0.013032 0.00380686 0.000812447 0.000124327 1.32962e-05 9.66125e-07 4.65299e-08 1.45591e-09 2.91273e-11
 1.22251e-11 1.32751e-09 8.49885e-08 3.20797e-06 7.13947e-05 0.000937009 0.00725682 0.0332448 0.0908961 0.153077 0.174975 0.165013 0.146053 0.11139 0.0676509 0.0326969 0.0123717 0.00351779 0.000727604 0.000106808 1.08543e-05 7.45403e-07 3.38585e-08 9.98442e-10 1.8809e-11
 1.17118e-11 1.27177e-09 8.14203e-08 3.0733e-06 6.8399e-05 0.000897751 0.00695424 0.0318794 0.0873333 0.147873 0.171099 0.164299 0.148107 0.115719 0.0724113 0.035555 0.0132979 0.00366243 0.000727548 0.00010229 9.9274e-06 6.47871e-07 2.78002e-08 7.70368e-10 1.35873e-11
 1.16973e-11 1.27019e-09 8.13196e-08 3.06952e-06 6.83164e-05 0.000896727 0.00694771 0.0318684 0.0874456 0.148639 0.173088 0.166594 0.148706 0.114335 0.0704548 0.0341464 0.0126219 0.00342357 0.000662819 8.95855e-05 8.26475e-06 5.09307e-07 2.05649e-08 5.35006e-10 8.83861e-12
 1.24757e-11 1.35472e-09 8.67313e-08 3.2738e-06 7.28631e-05 0.00095641 0.0074099 0.0339801 0.0931177 0.157375 0.179712 0.165956 0.142004 0.107005 0.0655543 0.0315706 0.0115334 0.00308018 0.000585021 7.70901e-05 6.87309e-06 4.05304e-07 1.55175e-08 3.79995e-10 5.87911e-12
 1.07234e-11 1.16444e-09 7.45499e-08 2.81408e-06 6.26374e-05 0.000822445 0.0063785 0.0293467 0.0812576 0.141558 0.173667 0.177599 0.160501 0.118016 0.0674038 0.0300057 0.0102514 0.00259326 0.000469755 5.91861e-05 5.04574e-06 2.84021e-07 1.03458e-08 2.40002e-10 3.50093e-12
 1.23065e-11 1.33635e-09 8.55558e-08 3.22949e-06 7.18809e-05 0.000943668 0.00731444 0.0335826 0.092307 0.157042 0.181252 0.168698 0.144138 0.10791 0.0646916 0.029452 0.00981101 0.00233796 0.000393827 4.61844e-05 3.68418e-06 1.94893e-07 6.68601e-09 1.46126e-10 2.00662e-12
 1.13106e-11 1.22821e-09 7.86334e-08 2.96829e-06 6.6074e-05 0.000867707 0.0067321 0.0309981 0.0859232 0.149533 0.181162 0.178843 0.154689 0.110441 0.0620956 0.0271572 0.00896042 0.00213327 0.000353423 3.97344e-05 2.97559e-06 1.46141e-07 4.64039e-09 9.3969e-11 1.19828e-12
 1.1717e-11 1.27234e-09 8.1459e-08 3.07498e-06 6.84504e-05 0.000898953 0.00697494 0.0321149 0.0889462 0.154161 0.184365 0.177953 0.151461 0.107828 0.0600499 0.0252926 0.00783656 0.00174288 0.000272458 2.92278e-05 2.09453e-06 9.7867e-08 2.92678e-09 5.52766e-11 6.52823e-13
 1.14227e-11 1.24039e-09 7.94143e-08 2.99788e-06 6.674e-05 0.000876699 0.0068067 0.0313942 0.0873295 0.152856 0.185897 0.181966 0.154143 0.10743 0.0582888 0.0239346 0.00721077 0.0015433 0.000228814 2.30198e-05 1.54093e-06 6.73514e-08 1.88936e-09 3.35112e-11 3.71184e-13
 1.18516e-11 1.28696e-09 8.23966e-08 3.11052e-06 6.92502e-05 0.000909753 0.00706446 0.0325895 0.0906343 0.158214 0.190416 0.18233 0.150636 0.102901 0.0546584 0.0217762 0.00630718 0.00129039 0.000182119 1.73505e-05 1.09265e-06 4.46389e-08 1.16482e-09 1.91708e-11 1.96948e-13
 1.22426e-11 1.32942e-09 8.5116e-08 3.21327e-06 7.15429e-05 0.000940033 0.0073025 0.0337162 0.0939099 0.164185 0.197047 0.185509 0.147911 0.0963577 0.0485558 0.0183358 0.00503732 0.000976565 0.000130187 1.16712e-05 6.89379e-07 2.63422e-08 6.41172e-10 9.81576e-12 9.3549e-14
 1.22279e-11 1.32784e-09 8.50159e-08 3.20964e-06 7.14703e-05 0.000939352 0.00730235 0.0337713 0.0944036 0.166168 0.201128 0.189524 0.14844 0.0931674 0.0445124 0.0157357 0.00401579 0.000721015 8.90176e-05 7.40009e-06 4.05785e-07 1.44007e-08 3.25439e-10 4.62244e-12 4.0837e-14
 1.16472e-11 1.2648e-09 8.0982e-08 3.05755e-06 6.80949e-05 0.000895353 0.00696724 0.0322976 0.0907692 0.161547 0.199203 0.191813 0.152706 0.0967131 0.0461968 0.0160856 0.00397093 0.000678232 7.8606e-05 6.07772e-06 3.08305e-07 1.00971e-08 2.1044e-10 2.75699e-12 2.2473e-14
#pred catch len freq
 9.08659e-12 9.86695e-10 6.31692e-08 2.38432e-06 5.30601e-05 0.000696195 0.00538691 0.0246058 0.0666918 0.110038 0.123484 0.126534 0.140527 0.132644 0.0943147 0.0584239 0.0367976 0.0237153 0.0158062 0.0111664 0.00850978 0.00708276 0.00610298 0.00468858 0.00272944
 1.24999e-11 1.35734e-09 8.68979e-08 3.27996e-06 7.29911e-05 0.000957687 0.00740944 0.0338254 0.0914241 0.148781 0.157472 0.13886 0.133021 0.116745 0.0771121 0.0419129 0.0224635 0.0122639 0.00678292 0.00391921 0.00244498 0.00170746 0.00130846 0.000957186 0.000554904
 1.14324e-11 1.24142e-09 7.94771e-08 2.99987e-06 6.67581e-05 0.000875918 0.00677725 0.0309495 0.0837917 0.137492 0.15078 0.145957 0.152771 0.135972 0.084643 0.0392602 0.0167643 0.00739919 0.00332594 0.0015334 0.000743188 0.000398936 0.000246755 0.000160163 8.86856e-05
 1.15001e-11 1.24878e-09 7.99479e-08 3.01764e-06 6.71535e-05 0.000881105 0.00681733 0.0311315 0.0842685 0.138149 0.150923 0.144756 0.150509 0.134593 0.0857321 0.0417818 0.0184502 0.00756732 0.0027846 0.000982728 0.000356547 0.000138401 6.13415e-05 3.12426e-05 1.53529e-05
 1.20838e-11 1.31216e-09 8.40055e-08 3.17079e-06 7.05617e-05 0.000925819 0.00716315 0.0327071 0.0884857 0.144677 0.156271 0.145551 0.147021 0.129634 0.0814084 0.0386687 0.0167 0.00691145 0.00258452 0.000859874 0.000255804 7.14931e-05 2.08869e-05 7.07487e-06 2.66787e-06
 1.24698e-11 1.35407e-09 8.66889e-08 3.27208e-06 7.28156e-05 0.00095539 0.00739185 0.0337494 0.0912777 0.149018 0.159923 0.146401 0.145236 0.126805 0.0786509 0.0363316 0.0150333 0.00598048 0.00217567 0.000716466 0.000209933 5.32041e-05 1.18345e-05 2.53146e-06 5.93975e-07
 1.25243e-11 1.35999e-09 8.70675e-08 3.28637e-06 7.31337e-05 0.000959562 0.00742411 0.0338962 0.0916688 0.149607 0.160328 0.146217 0.144531 0.126142 0.0784753 0.0365092 0.015183 0.00597047 0.0021022 0.000663804 0.000187954 4.63752e-05 9.70798e-06 1.70783e-06 2.64593e-07
 1.33023e-11 1.44447e-09 9.24761e-08 3.49051e-06 7.76766e-05 0.00101916 0.00788506 0.0359962 0.0972856 0.158272 0.167284 0.14681 0.139186 0.119136 0.073048 0.0330761 0.0132654 0.00510746 0.00178871 0.00055949 0.000154275 3.6623e-05 7.36248e-06 1.22447e-06 1.64942e-07
 1.32788e-11 1.44192e-09 9.23129e-08 3.48435e-06 7.75396e-05 0.00101737 0.00787119 0.0359338 0.0971286 0.158111 0.16755 0.148104 0.141363 0.120741 0.0727928 0.0314602 0.0116814 0.00419409 0.00139887 0.000423258 0.000114566 2.67712e-05 5.24292e-06 8.39064e-07 1.07085e-07
 1.36047e-11 1.47731e-09 9.45788e-08 3.56988e-06 7.94428e-05 0.00104234 0.00806428 0.0368134 0.0994799 0.161727 0.170398 0.148171 0.13886 0.11768 0.070709 0.0303776 0.0110969 0.003844 0.0012053 0.000337839 8.56815e-05 1.91656e-05 3.65089e-06 5.71012e-07 7.07601e-08
 1.34609e-11 1.4617e-09 9.35792e-08 3.53215e-06 7.86031e-05 0.00103132 0.00797909 0.0364253 0.0984422 0.160129 0.169129 0.148108 0.139921 0.119033 0.0717174 0.0309741 0.0114028 0.0039611 0.00122966 0.00033431 8.01906e-05 1.66826e-05 2.96579e-06 4.40749e-07 5.27546e-08
 1.27768e-11 1.38741e-09 8.88233e-08 3.35264e-06 7.46085e-05 0.000978912 0.00757382 0.0345795 0.0935139 0.152596 0.16342 0.14871 0.146335 0.12634 0.0760403 0.0324451 0.0117013 0.00400734 0.00124199 0.000338246 8.04942e-05 1.6281e-05 2.74689e-06 3.81321e-07 4.26837e-08
 1.32096e-11 1.43441e-09 9.18321e-08 3.46621e-06 7.71357e-05 0.00101207 0.00783019 0.0357467 0.0966237 0.157296 0.166721 0.147474 0.140977 0.120863 0.0736847 0.03273 0.0125765 0.00449609 0.00140074 0.000377015 8.89206e-05 1.79098e-05 2.99016e-06 4.03604e-07 4.30221e-08
 1.29146e-11 1.40237e-09 8.97809e-08 3.38878e-06 7.54128e-05 0.000989464 0.00765541 0.0349509 0.0945023 0.154081 0.164418 0.148171 0.144397 0.124406 0.0752662 0.0326653 0.012171 0.00433448 0.0013991 0.000395149 9.57462e-05 1.93172e-05 3.20014e-06 4.28182e-07 4.49925e-08
 1.30337e-11 1.4153e-09 9.06089e-08 3.42003e-06 7.61082e-05 0.000998588 0.00772597 0.0352725 0.0953646 0.155427 0.165578 0.148524 0.143985 0.123628 0.0743829 0.0318195 0.0115366 0.00397794 0.0012462 0.000346692 8.52858e-05 1.78347e-05 3.04596e-06 4.12223e-07 4.31919e-08
 1.3375e-11 1.45237e-09 9.29818e-08 3.5096e-06 7.81014e-05 0.00102474 0.00792818 0.0361933 0.0978202 0.159159 0.168296 0.147865 0.140243 0.119635 0.0724055 0.0316146 0.0118354 0.00415569 0.00128994 0.000349003 8.32738e-05 1.71167e-05 2.94151e-06 4.08047e-07 4.38858e-08
 1.33296e-11 1.44743e-09 9.26659e-08 3.49768e-06 7.7836e-05 0.00102126 0.00790127 0.0360709 0.097496 0.158684 0.168037 0.148236 0.141168 0.120431 0.0725073 0.0312089 0.0114493 0.00399577 0.00125998 0.000348075 8.33564e-05 1.6831e-05 2.81877e-06 3.84568e-07 4.14273e-08
 1.3195e-11 1.43282e-09 9.17302e-08 3.46236e-06 7.70501e-05 0.00101095 0.00782155 0.0357082 0.0965331 0.157256 0.167175 0.149072 0.143528 0.122616 0.0730974 0.0305279 0.010607 0.00351492 0.00107281 0.000291755 7.00701e-05 1.43335e-05 2.41389e-06 3.25928e-07 3.44515e-08
 1.32264e-11 1.43623e-09 9.19486e-08 3.4706e-06 7.72335e-05 0.00101335 0.00784017 0.0357932 0.096763 0.157631 0.167575 0.149428 0.143824 0.122698 0.0727987 0.0299782 0.0101124 0.0032182 0.000935552 0.000240724 5.52356e-05 1.10223e-05 1.84652e-06 2.50676e-07 2.65837e-08
 1.30519e-11 1.41728e-09 9.07359e-08 3.42483e-06 7.62149e-05 0.000999988 0.0077368 0.0353218 0.0954955 0.155623 0.165706 0.148443 0.143731 0.123432 0.0744237 0.0319888 0.011607 0.0039058 0.00114342 0.000285705 6.24675e-05 1.18022e-05 1.88366e-06 2.47944e-07 2.59812e-08
 1.32865e-11 1.44275e-09 9.23663e-08 3.48637e-06 7.75844e-05 0.00101796 0.00787576 0.0359549 0.0971898 0.158244 0.167841 0.148726 0.142265 0.121372 0.0726369 0.0307127 0.0109066 0.00367689 0.00112118 0.000296741 6.70526e-05 1.25529e-05 1.9253e-06 2.40653e-07 2.40464e-08
 1.32068e-11 1.4341e-09 9.18126e-08 3.46547e-06 7.71193e-05 0.00101185 0.00782858 0.0357404 0.0966208 0.157405 0.167361 0.149304 0.143791 0.122754 0.0729592 0.030198 0.0102989 0.0033289 0.000986099 0.000258488 5.96199e-05 1.16448e-05 1.84933e-06 2.31992e-07 2.25446e-08
 1.33248e-11 1.44691e-09 9.26325e-08 3.49642e-06 7.7808e-05 0.00102089 0.00789844 0.0360583 0.0974665 0.158672 0.168195 0.148787 0.14206 0.121098 0.0724314 0.030563 0.0107606 0.00354119 0.00103351 0.000261068 5.81016e-05 1.11652e-05 1.79107e-06 2.31383e-07 2.31342e-08
 1.41542e-11 1.53698e-09 9.83987e-08 3.71406e-06 8.26513e-05 0.00108443 0.00838983 0.0382965 0.103447 0.16785 0.175324 0.148625 0.135144 0.112787 0.066898 0.027937 0.00969793 0.00318045 0.000942608 0.000242961 5.41443e-05 1.01642e-05 1.58007e-06 2.00308e-07 2.00825e-08
 1.4615e-11 1.58701e-09 1.01602e-07 3.83496e-06 8.53417e-05 0.00111973 0.00866284 0.0395408 0.106782 0.173051 0.179773 0.149883 0.133359 0.109548 0.0632871 0.0246145 0.00742159 0.00210537 0.000577932 0.000145226 3.24121e-05 6.1591e-06 9.61404e-07 1.20223e-07 1.17745e-08
 1.49819e-11 1.62685e-09 1.04152e-07 3.93124e-06 8.74841e-05 0.00114784 0.0088802 0.0405308 0.109426 0.177092 0.182837 0.149566 0.129936 0.10567 0.0610354 0.0238784 0.00724835 0.00201365 0.000508823 0.000111857 2.2122e-05 3.94586e-06 6.05408e-07 7.5894e-08 7.44723e-09
 1.52712e-11 1.65827e-09 1.06164e-07 4.00715e-06 8.91735e-05 0.00117 0.00905161 0.0413118 0.111516 0.180327 0.185482 0.149945 0.128186 0.103206 0.0589107 0.0223427 0.00633707 0.00162625 0.000393414 8.42536e-05 1.57262e-05 2.52127e-06 3.43052e-07 3.94744e-08 3.72676e-09
 1.53106e-11 1.66255e-09 1.06438e-07 4.01751e-06 8.9404e-05 0.00117302 0.00907499 0.0414183 0.111801 0.180769 0.18585 0.150017 0.12798 0.102901 0.058634 0.0221235 0.00618457 0.00154008 0.000354626 7.08618e-05 1.2341e-05 1.87641e-06 2.40632e-07 2.53055e-08 2.14541e-09
#obs catch len freq
 9.54275e-12 1.03623e-09 6.63403e-08 2.50402e-06 5.57239e-05 0.000731145 0.00565727 0.0258386 0.0699968 0.115146 0.12744 0.126233 0.137678 0.135043 0.106106 0.0722388 0.0436093 0.0219236 0.00879397 0.00273819 0.0006426 0.000110806 1.37025e-05 1.1824e-06 6.91896e-08
 1.17167e-11 1.2723e-09 8.14534e-08 3.07447e-06 6.84183e-05 0.000897694 0.00694549 0.0317109 0.0857431 0.139706 0.148233 0.13091 0.126552 0.118019 0.0911316 0.0604951 0.0346807 0.0163158 0.00619657 0.00187481 0.000433232 7.28793e-05 8.60167e-06 6.93286e-07 3.7347e-08
 1.17762e-11 1.27876e-09 8.18671e-08 3.09008e-06 6.87659e-05 0.000902266 0.00698122 0.0318815 0.0862944 0.141235 0.152356 0.139503 0.137236 0.123263 0.086779 0.0507985 0.026098 0.0112809 0.00394616 0.00109689 0.000234976 3.72286e-05 4.18264e-06 3.20878e-07 1.6314e-08
 1.11076e-11 1.20616e-09 7.72192e-08 2.91465e-06 6.4862e-05 0.000851054 0.00658533 0.0300808 0.081504 0.133961 0.146688 0.138724 0.14033 0.128382 0.0930102 0.0558008 0.0280944 0.0112822 0.00355456 0.000885271 0.000171151 2.46742e-05 2.5442e-06 1.80802e-07 8.5786e-09
 1.26735e-11 1.37619e-09 8.81047e-08 3.32552e-06 7.40055e-05 0.000971016 0.00751319 0.0343098 0.0928315 0.151512 0.160933 0.139975 0.128925 0.113291 0.0817427 0.0493617 0.0248687 0.00986324 0.00299474 0.000692771 0.000120406 1.53759e-05 1.40632e-06 8.94522e-08 3.83794e-09
 1.19113e-11 1.29343e-09 8.28065e-08 3.12554e-06 6.95555e-05 0.00091265 0.0070623 0.032265 0.0874669 0.143907 0.157362 0.146074 0.14128 0.12222 0.0826908 0.0458353 0.0215605 0.00821644 0.00242904 0.000544058 8.98016e-05 1.06116e-05 8.76742e-07 4.96216e-08 1.88592e-09
 1.28991e-11 1.40069e-09 8.96735e-08 3.38474e-06 7.53236e-05 0.000988327 0.00764763 0.0349321 0.0945973 0.15482 0.165515 0.144569 0.131075 0.111886 0.0780195 0.0447725 0.0209322 0.00757408 0.00208147 0.000434635 6.76194e-05 7.55879e-06 5.86407e-07 3.07218e-08 1.06423e-09
 1.27133e-11 1.38051e-09 8.83815e-08 3.33598e-06 7.42387e-05 0.00097411 0.00753817 0.0344424 0.0933802 0.153501 0.166415 0.149236 0.136732 0.113828 0.0754913 0.0410039 0.0185322 0.00662873 0.00179884 0.000362227 5.29266e-05 5.48038e-06 3.9318e-07 1.90951e-08 6.13357e-10
 1.33213e-11 1.44654e-09 9.26086e-08 3.49553e-06 7.77895e-05 0.0010207 0.00789874 0.0360887 0.0978135 0.160468 0.172253 0.149854 0.132011 0.107865 0.0714899 0.038633 0.0169514 0.00576366 0.00147975 0.000283806 3.96875e-05 3.91207e-06 2.63826e-07 1.18962e-08 3.52135e-10
 1.21446e-11 1.31876e-09 8.44282e-08 3.18677e-06 7.0919e-05 0.000930593 0.00720267 0.0329315 0.0895071 0.148429 0.16508 0.154558 0.144375 0.118229 0.0759075 0.0392402 0.0165144 0.00541118 0.00133232 0.000242098 3.17626e-05 2.92875e-06 1.84921e-07 7.80689e-09 2.15723e-10
 1.33239e-11 1.44682e-09 9.26265e-08 3.49621e-06 7.78053e-05 0.00102094 0.00790132 0.0361122 0.0979779 0.161186 0.173889 0.151263 0.131427 0.106473 0.0710863 0.0384544 0.0163897 0.00525305 0.00124132 0.000214702 2.66676e-05 2.31316e-06 1.36476e-07 5.35744e-09 1.37323e-10
 1.26519e-11 1.37385e-09 8.79552e-08 3.3199e-06 7.38825e-05 0.000969509 0.00750461 0.0343221 0.0933556 0.15497 0.171832 0.15737 0.140986 0.111523 0.0702543 0.035865 0.0148597 0.00476182 0.00113033 0.000193143 2.31634e-05 1.90618e-06 1.05586e-07 3.86753e-09 9.21113e-11
 1.24104e-11 1.34762e-09 8.62763e-08 3.25654e-06 7.2473e-05 0.000951041 0.00736242 0.0336835 0.0917208 0.152758 0.170686 0.157907 0.142246 0.113323 0.0722378 0.0367578 0.0146863 0.00443294 0.000990213 0.000161401 1.86915e-05 1.48768e-06 7.90802e-08 2.74835e-09 6.1467e-11
 1.22808e-11 1.33355e-09 8.53751e-08 3.22253e-06 7.17168e-05 0.000941146 0.00728655 0.033347 0.0908916 0.151756 0.170356 0.158056 0.14197 0.113256 0.0731143 0.037841 0.0152961 0.00462091 0.00101515 0.000159296 1.74879e-05 1.31306e-06 6.59745e-08 2.17328e-09 4.60757e-11
 1.2077e-11 1.31142e-09 8.39589e-08 3.16909e-06 7.05285e-05 0.000925601 0.00716748 0.0328219 0.0896354 0.150538 0.171384 0.16193 0.145659 0.113934 0.0712824 0.0355999 0.0139262 0.00409498 0.000878068 0.000134069 1.41998e-05 1.0171e-06 4.82394e-08 1.48917e-09 2.94902e-11
 1.3058e-11 1.41795e-09 9.07789e-08 3.42652e-06 7.62577e-05 0.00100078 0.0077493 0.0354767 0.0967561 0.161534 0.179987 0.161873 0.13798 0.104895 0.0647617 0.0317341 0.0119996 0.00337345 0.000688859 0.000100238 1.01354e-05 6.92945e-07 3.12778e-08 9.14259e-10 1.70418e-11
 1.22269e-11 1.3277e-09 8.50012e-08 3.20847e-06 7.1407e-05 0.000937223 0.00725973 0.0332753 0.091112 0.153992 0.177111 0.167478 0.146876 0.110204 0.0656418 0.0309237 0.0113176 0.00309253 0.000611004 8.51679e-05 8.17425e-06 5.27701e-07 2.24441e-08 6.1771e-10 1.08325e-11
 1.17829e-11 1.27949e-09 8.1915e-08 3.09199e-06 6.88164e-05 0.000903286 0.0069984 0.0320988 0.0880579 0.14957 0.173838 0.166805 0.148569 0.114023 0.069826 0.033331 0.012035 0.00318143 0.000603042 8.04097e-05 7.36085e-06 4.51064e-07 1.81069e-08 4.67966e-10 7.67859e-12
 1.1782e-11 1.27939e-09 8.19084e-08 3.09177e-06 6.88132e-05 0.000903313 0.00700019 0.0321276 0.0882862 0.150539 0.175999 0.16908 0.148971 0.11243 0.0677543 0.0318956 0.0113676 0.00295441 0.000544838 6.97445e-05 6.06293e-06 3.5052e-07 1.32296e-08 3.20744e-10 4.92635e-12
 1.26303e-11 1.3715e-09 8.7806e-08 3.31439e-06 7.37682e-05 0.000968354 0.00750381 0.0344273 0.0944514 0.159975 0.18301 0.168173 0.141657 0.104568 0.0625397 0.0292096 0.0102753 0.00262585 0.000474321 5.91033e-05 4.95835e-06 2.74013e-07 9.79837e-09 2.23479e-10 3.21292e-12
 1.08875e-11 1.18226e-09 7.5691e-08 2.85719e-06 6.35995e-05 0.000835169 0.00647908 0.0298315 0.0827369 0.144529 0.177493 0.180016 0.159694 0.114898 0.0640489 0.0276524 0.0090933 0.00219911 0.000378442 4.50348e-05 3.60832e-06 1.90124e-07 6.46185e-09 1.39504e-10 1.88985e-12
 1.24961e-11 1.35693e-09 8.68739e-08 3.27928e-06 7.29914e-05 0.000958328 0.00742971 0.0341303 0.0939226 0.1601 0.184922 0.170947 0.143503 0.104964 0.061196 0.0269234 0.00861533 0.00196128 0.000313735 3.47285e-05 2.60132e-06 1.28682e-07 4.11493e-09 8.36196e-11 1.06555e-12
 1.1533e-11 1.25236e-09 8.01798e-08 3.02671e-06 6.73776e-05 0.000884933 0.00686783 0.0316452 0.0878382 0.153135 0.185314 0.180944 0.153285 0.106869 0.0584983 0.0247338 0.0078276 0.00177567 0.000278734 2.95443e-05 2.07658e-06 9.53446e-08 2.82077e-09 5.30771e-11 6.27604e-13
 1.19545e-11 1.29813e-09 8.31106e-08 3.13738e-06 6.98429e-05 0.000917355 0.00711985 0.032804 0.0909699 0.157905 0.188572 0.180012 0.149969 0.104059 0.0562642 0.0228666 0.00679233 0.00143931 0.000213044 2.15165e-05 1.44505e-06 6.3057e-08 1.75622e-09 3.08184e-11 3.37506e-13
 1.16782e-11 1.26814e-09 8.11917e-08 3.06506e-06 6.82395e-05 0.00089653 0.00696307 0.0321392 0.089518 0.156879 0.190309 0.183916 0.152306 0.103382 0.0544176 0.0215346 0.00620923 0.00126413 0.000177277 1.67813e-05 1.05217e-06 4.29143e-08 1.12006e-09 1.8442e-11 1.893e-13
 1.21283e-11 1.31702e-09 8.43218e-08 3.18328e-06 7.08747e-05 0.000931236 0.00723377 0.033394 0.0929787 0.162443 0.194887 0.184097 0.14852 0.0986486 0.0507467 0.0194571 0.00538763 0.00104737 0.000139657 1.2506e-05 7.37095e-07 2.80861e-08 6.81633e-10 1.04101e-11 9.9059e-14
 1.25342e-11 1.3611e-09 8.71453e-08 3.28998e-06 7.32561e-05 0.000962706 0.00748135 0.0345663 0.0963796 0.168581 0.201506 0.186918 0.145334 0.0919397 0.0448211 0.0162725 0.00426904 0.000785496 9.88307e-05 8.3207e-06 4.59631e-07 1.637e-08 3.70387e-10 5.25971e-12 4.64188e-14
 1.25165e-11 1.35919e-09 8.70244e-08 3.28559e-06 7.31681e-05 0.000961858 0.00748044 0.034622 0.0968904 0.170607 0.205571 0.190736 0.145574 0.0886334 0.0409207 0.013895 0.00338375 0.000576228 6.70974e-05 5.23431e-06 2.68223e-07 8.86605e-09 1.86142e-10 2.45125e-12 2.00452e-14
#spawning biomass
 28858.4 29147.9 33668.7 36555.9 38420.4 43442.6 53384.5 63045.5 72528.4 84897.5 104433 115015 132308 145183 147636 169673 190556 184291 172083 183608 179302 170285 172250 174254 161891 168611 165917 167742 168687 74164.3 9473.63 7557.83 7509.85 7508.77 7508.75 7508.75 7508.75 7508.75 7508.75 7508.75 7508.75 7508.75 7508.75 7508.75 7508.75 7508.75 7508.75 7508.75 7508.75 7508.75 7508.75 7508.75 7508.75 7508.75 7508.75 7508.75 7508.75 7508.75 7508.75 7508.75 7508.75 7508.75 7508.75 7508.75 7508.75 7508.75 7508.75 7508.75 7508.75 7508.75 7508.75 7508.75 7508.75 7508.75 7508.75 7508.75 7508.75 7508.75 7508.75 7508.75 7508.75 7508.75 7508.75 7508.75 7508.75 7508.75 7508.75 7508.75 7508.75 7508.75 7508.75 7508.75 7508.75 7508.75 7508.75 7508.75 7508.75 7508.75 7508.75 7508.75 7508.75 7508.75 7508.75 7508.75 7508.75 7508.75 7508.75 7508.75 7508.75 7508.75 7508.75 7508.75 7508.75 7508.75 7508.75 7508.75 7508.75 7508.75 7508.75 7508.75 7508.75 7508.75 7508.75 7508.75 7508.75 7508.75 7508.75 7508.75 0 0 0 0 0 0 0 0 0 0 0 0 0 0 0 0 0 0 0 0 0 0 0 0 0
