SBPRF35
28.0639
Curr Bio
192890
B35
4.50185e+07
F35
0.0240568
FOFL
0
OFL
0
Bzero
8.01826e+06
#pred survey bio
 25037.5 18941.5 17966.3 23196.2 36996.1 51445 75549.8 86636.7 111987 140430 147310 189410 207540 248927 250011 256308 261738 244226 250303 231645 229342 216816 232679 263791 246340 314549 262314 230980 5.32202e+06 1.05014e+07 1.66719e+07 2.279e+07 2.84454e+07 3.34268e+07 3.7676e+07 4.12237e+07 4.41444e+07 4.65282e+07 4.84654e+07 5.00384e+07 5.13184e+07 5.23651e+07 5.31292e+07 5.33468e+07 5.35625e+07 5.37754e+07 5.39852e+07 5.41915e+07 5.43941e+07 5.4593e+07 5.47881e+07 5.49793e+07 5.51668e+07 5.53504e+07 5.55303e+07 5.57066e+07 5.58793e+07 5.60485e+07 5.62142e+07 5.63767e+07 5.65358e+07 5.66918e+07 5.68447e+07 5.69945e+07 5.71414e+07 5.72854e+07 5.74266e+07 5.75651e+07 5.7701e+07 5.78342e+07 5.79649e+07 5.80932e+07 5.82191e+07 5.83426e+07 5.84638e+07 5.85829e+07 5.86997e+07 5.88145e+07 5.89272e+07 5.90379e+07 5.91466e+07 5.92535e+07 5.93584e+07 5.94616e+07 5.9563e+07 5.96626e+07 5.97606e+07 5.9857e+07 5.99517e+07 6.00449e+07 6.01365e+07 6.02266e+07 6.03153e+07 6.04026e+07 6.04885e+07 6.0573e+07 6.06562e+07 6.07382e+07 6.08188e+07 6.08982e+07 6.09765e+07 6.10535e+07 6.11294e+07 6.12042e+07 6.12778e+07 6.13504e+07 6.1422e+07 6.14925e+07 6.1562e+07 6.16305e+07 6.16981e+07 6.17647e+07 6.18305e+07 6.18953e+07 6.19592e+07 6.20223e+07 6.20845e+07 6.21459e+07 6.22065e+07 6.22664e+07 6.23254e+07 6.23837e+07 6.24412e+07 6.2498e+07 6.25541e+07 6.26095e+07 6.26642e+07 6.27183e+07 0 0 0 0 0 0 0 0 0 0 0 0 0 0 0 0 0 0 0 0 0 0 0 0 0
#obs survey bio
 25315 17354.1 26705.1 29604.6 33715.8 50206.3 58850.2 86513 114404 81757.6 179826 195152 206436 229327 214410 154063 282784 150659 179752 253817 198828 195289 273418 250027 234301 234404 135670 184077
#pred catch bio
 17163.2 12547.8 10175.5 12608.3 26903.5 36843 60148 66511.4 84478.7 115263 113202 155524 162929 204980 207899 213225 223668 206823 218231 199566 203979 191171 199717 240598 207135 288955 242736 214281 0 11712.4 18892.5 26033 32670.1 38527.7 43520.3 47675.1 51076.5 53830.6 56045.4 57820.4 59242 60382.6 61188.5 61358.9 61524.2 61684.4 61839.8 61990.4 62136.5 62278.1 62415.5 62548.7 62677.8 62803.1 62924.5 63042.3 63156.5 63267.2 63374.5 63478.7 63579.6 63677.5 63772.4 63864.5 63953.7 64040.3 64124.2 64205.5 64284.5 64361 64435.2 64507.1 64576.9 64644.5 64710.1 64773.7 64835.4 64895.2 64953.2 65009.4 65064 65116.8 65168.1 65217.8 65266 65312.8 65358.1 65402.1 65444.7 65486 65526.1 65565 65602.6 65639.2 65674.6 65709 65742.3 65774.6 65805.9 65836.3 65865.7 65894.3 65922 65948.9 65974.9 66000.2 66024.6 66048.4 66071.4 66093.7 66115.4 66136.4 66156.7 66176.5 66195.6 66214.2 66232.2 66249.6 66266.5 66282.9 66298.8 66314.3 66329.2 66343.7 66357.8 66371.4 66384.7 66397.5 0 0 0 0 0 0 0 0 0 0 0 0 0 0 0 0 0 0 0 0 0 0 0 0 0
#obs catch bio
 15051.5 12018.1 10697.6 9688.21 21422.5 31892.9 54704.6 58340.4 73402.1 113912 98247.2 149644 143979 192379 199431 210777 187412 201586 229863 174746 182589 170569 169707 205761 167085 250641 226701 195918
#pred cpue bio
 21329 15772.2 13253.2 17097.8 23256.6 28067 41800.6 47261 60160 81205.7 78818 102475 108513 137061 139992 135595 141132 129669 126341 116974 113922 99005 100597 121976 103330 140515 119284 95307.7 2.06685e+06 1.03513e+07 1.65563e+07 2.26707e+07 2.83258e+07 3.33072e+07 3.75564e+07 4.11041e+07 4.40247e+07 4.64086e+07 4.83458e+07 4.99188e+07 5.11987e+07 5.22454e+07 5.30095e+07 5.32272e+07 5.34428e+07 5.36557e+07 5.38655e+07 5.40718e+07 5.42745e+07 5.44734e+07 5.46684e+07 5.48597e+07 5.50471e+07 5.52307e+07 5.54107e+07 5.5587e+07 5.57596e+07 5.59288e+07 5.60946e+07 5.6257e+07 5.64162e+07 5.65721e+07 5.6725e+07 5.68749e+07 5.70217e+07 5.71658e+07 5.7307e+07 5.74455e+07 5.75813e+07 5.77146e+07 5.78453e+07 5.79735e+07 5.80994e+07 5.82229e+07 5.83442e+07 5.84632e+07 5.85801e+07 5.86948e+07 5.88075e+07 5.89182e+07 5.9027e+07 5.91338e+07 5.92388e+07 5.93419e+07 5.94433e+07 5.9543e+07 5.9641e+07 5.97373e+07 5.9832e+07 5.99252e+07 6.00168e+07 6.0107e+07 6.01957e+07 6.0283e+07 6.03689e+07 6.04534e+07 6.05366e+07 6.06185e+07 6.06992e+07 6.07786e+07 6.08568e+07 6.09338e+07 6.10097e+07 6.10845e+07 6.11582e+07 6.12308e+07 6.13023e+07 6.13728e+07 6.14424e+07 6.15109e+07 6.15785e+07 6.16451e+07 6.17108e+07 6.17756e+07 6.18396e+07 6.19026e+07 6.19649e+07 6.20263e+07 6.20869e+07 6.21467e+07 6.22057e+07 6.2264e+07 6.23216e+07 6.23784e+07 6.24345e+07 6.24899e+07 6.25446e+07 6.25986e+07 0 0 0 0 0 0 0 0 0 0 0 0 0 0 0 0 0 0 0 0 0 0 0 0 0
#obs cpue bio
 16900.5 16988.8 17394.7 25766 39087.1 52030.6 76876.9 76952.2 100243 145901 119454 125355 162032 193203 199927 228350 295407 202376 154511 193608 207182 169012 165313 250742 235254 345450 279097 181002
#pred surv len freq
 8.8399e-12 9.59486e-10 6.1407e-08 2.31731e-06 5.15636e-05 0.000676566 0.00523573 0.0239227 0.0648884 0.107318 0.121454 0.126801 0.143122 0.136325 0.0979737 0.0613206 0.0381935 0.0235659 0.0148021 0.00991815 0.00727626 0.00592641 0.0050664 0.00389022 0.00226893
 9.05752e-12 9.83106e-10 6.29187e-08 2.37436e-06 5.28329e-05 0.000693223 0.0053647 0.0245133 0.0665096 0.110152 0.125359 0.132463 0.150637 0.142768 0.100304 0.0599407 0.0351067 0.0198749 0.0108565 0.00596293 0.00347728 0.00229692 0.00170889 0.00123835 0.000717262
 1.23627e-11 1.34185e-09 8.58781e-08 3.24078e-06 7.21116e-05 0.000946151 0.007321 0.0334279 0.0903605 0.146954 0.154877 0.134887 0.128056 0.114226 0.0801807 0.0487574 0.0286218 0.0156688 0.0079593 0.0038631 0.00183987 0.000924801 0.00053451 0.00033481 0.000183396
 1.20053e-11 1.30306e-09 8.3396e-08 3.14711e-06 7.00274e-05 0.000918812 0.00710967 0.0324681 0.0878361 0.143413 0.153765 0.140376 0.139431 0.123869 0.0814799 0.0435746 0.0228237 0.0119996 0.00601931 0.00280163 0.00119887 0.000488759 0.000207768 9.8946e-05 4.68227e-05
 1.51189e-11 1.64101e-09 1.05024e-07 3.96329e-06 8.81883e-05 0.00115707 0.00895248 0.0408638 0.110277 0.17786 0.180517 0.139736 0.113572 0.0934374 0.0624482 0.0354509 0.0190539 0.00938673 0.00422318 0.0018194 0.000740197 0.000274616 9.43146e-05 3.25304e-05 1.16873e-05
 1.61648e-11 1.75454e-09 1.1229e-07 4.23748e-06 9.42894e-05 0.00123712 0.00957189 0.0436923 0.117925 0.190318 0.193712 0.151131 0.122722 0.0955689 0.0523907 0.017648 0.00353511 0.000418422 2.93145e-05 1.25774e-06 5.02716e-08 7.54637e-09 2.1855e-09 6.06213e-10 1.59424e-10
 1.5991e-11 1.73567e-09 1.11083e-07 4.19191e-06 9.32754e-05 0.00122382 0.009469 0.0432236 0.116673 0.188403 0.19226 0.151282 0.124352 0.0974286 0.0534937 0.0180249 0.00361045 0.000427098 2.98001e-05 1.2261e-06 2.97484e-08 4.25661e-10 3.59413e-12 1.80031e-14 6.69308e-17
 1.61663e-11 1.75469e-09 1.123e-07 4.23786e-06 9.42978e-05 0.00123724 0.00957274 0.0436962 0.117936 0.190334 0.193724 0.15113 0.122709 0.0955539 0.0523814 0.0176443 0.00353398 0.000418045 2.91682e-05 1.20008e-06 2.91147e-08 4.16478e-10 3.51284e-12 1.74714e-14 5.12349e-17
 1.63509e-11 1.77473e-09 1.13583e-07 4.28626e-06 9.53746e-05 0.00125136 0.009682 0.0441939 0.119265 0.192367 0.195267 0.15097 0.12098 0.0935796 0.05121 0.0172434 0.00345344 0.000408513 2.8503e-05 1.17271e-06 2.84507e-08 4.0698e-10 3.43273e-12 1.7073e-14 5.0068e-17
 1.54121e-11 1.67283e-09 1.07061e-07 4.04016e-06 8.98987e-05 0.00117952 0.00912638 0.0416628 0.112504 0.182028 0.187423 0.151784 0.129777 0.10362 0.0571672 0.0192819 0.00386299 0.000456988 3.18857e-05 1.31189e-06 3.18273e-08 4.55282e-10 3.84015e-12 1.90996e-14 5.60136e-17
 1.63985e-11 1.77989e-09 1.13913e-07 4.29872e-06 9.56521e-05 0.001255 0.00971016 0.0443221 0.119608 0.192891 0.195664 0.150929 0.120534 0.0930708 0.0509081 0.0171402 0.00343269 0.000406057 2.83316e-05 1.16566e-06 2.82797e-08 4.04533e-10 3.41208e-12 1.69702e-14 4.97654e-17
 1.62664e-11 1.76556e-09 1.12995e-07 4.2641e-06 9.48816e-05 0.00124489 0.00963198 0.043966 0.118656 0.191436 0.19456 0.151043 0.121772 0.0944835 0.0517464 0.017427 0.00349032 0.000412878 2.88076e-05 1.18524e-06 2.87548e-08 4.11329e-10 3.46941e-12 1.72554e-14 5.06021e-17
 1.66642e-11 1.80873e-09 1.15759e-07 4.36838e-06 9.72019e-05 0.00127534 0.00986741 0.0450385 0.121521 0.195818 0.197884 0.150698 0.118044 0.0902292 0.0492221 0.0165632 0.00331678 0.000392337 2.73742e-05 1.12627e-06 2.7324e-08 3.90862e-10 3.29678e-12 1.63968e-14 4.80836e-17
 1.60516e-11 1.74225e-09 1.11504e-07 4.20781e-06 9.36291e-05 0.00122846 0.00950489 0.043387 0.11711 0.189071 0.192766 0.151229 0.123784 0.0967801 0.053109 0.0178932 0.00358399 0.000423966 2.95813e-05 1.21708e-06 2.95271e-08 4.22377e-10 3.56259e-12 1.77188e-14 5.19606e-17
 1.58391e-11 1.71918e-09 1.10027e-07 4.15209e-06 9.23893e-05 0.0012122 0.00937909 0.042814 0.115579 0.18673 0.19099 0.151414 0.125776 0.0990532 0.0544577 0.0183547 0.00367671 0.00043494 3.03472e-05 1.24859e-06 3.02916e-08 4.33312e-10 3.65483e-12 1.81776e-14 5.33058e-17
 1.65302e-11 1.7942e-09 1.14828e-07 4.33326e-06 9.64206e-05 0.00126509 0.00978814 0.0446774 0.120556 0.194342 0.196765 0.150814 0.119299 0.0916617 0.0500721 0.0168541 0.00337521 0.000399253 2.78569e-05 1.14612e-06 2.78058e-08 3.97754e-10 3.35491e-12 1.66859e-14 4.89314e-17
 1.63065e-11 1.76992e-09 1.13275e-07 4.27463e-06 9.5116e-05 0.00124797 0.00965576 0.0440743 0.118946 0.191879 0.194896 0.151008 0.121395 0.0940538 0.0514914 0.0173397 0.00347279 0.000410803 2.86628e-05 1.17928e-06 2.86102e-08 4.09262e-10 3.45197e-12 1.71686e-14 5.03471e-17
 1.64886e-11 1.78968e-09 1.14539e-07 4.32236e-06 9.61779e-05 0.0012619 0.00976352 0.0445652 0.120257 0.193884 0.196417 0.15085 0.119689 0.0921066 0.050336 0.0169444 0.00339336 0.000401401 2.80068e-05 1.15229e-06 2.79554e-08 3.99894e-10 3.37296e-12 1.67756e-14 4.91947e-17
 1.70488e-11 1.85048e-09 1.18431e-07 4.4692e-06 9.94454e-05 0.00130477 0.0100951 0.0460755 0.124291 0.200054 0.201098 0.150365 0.11444 0.0861156 0.0467814 0.015728 0.00314898 0.000372476 2.59883e-05 1.06924e-06 2.59406e-08 3.71073e-10 3.12986e-12 1.55666e-14 4.56491e-17
 1.70442e-11 1.84998e-09 1.18399e-07 4.468e-06 9.94186e-05 0.00130442 0.0100923 0.0460631 0.124258 0.200003 0.20106 0.150369 0.114483 0.0861648 0.0468105 0.015738 0.00315099 0.000372713 2.60049e-05 1.06993e-06 2.59571e-08 3.71309e-10 3.13185e-12 1.55765e-14 4.56782e-17
 1.72157e-11 1.8686e-09 1.1959e-07 4.51295e-06 0.000100419 0.00131754 0.0101938 0.0465254 0.125493 0.201892 0.202492 0.15022 0.112876 0.0843309 0.0457225 0.0153657 0.00307619 0.000363859 2.5387e-05 1.0445e-06 2.53404e-08 3.62487e-10 3.05744e-12 1.52064e-14 4.45929e-17
 1.80188e-11 1.95576e-09 1.25169e-07 4.72347e-06 0.000105103 0.001379 0.0106691 0.0486906 0.131276 0.210737 0.209202 0.149524 0.10535 0.0757421 0.0406264 0.0136219 0.00272584 0.00032239 2.24933e-05 9.25444e-07 2.24519e-08 3.21168e-10 2.70893e-12 1.34731e-14 3.95099e-17
 1.84812e-11 2.00596e-09 1.28381e-07 4.84471e-06 0.000107801 0.00141439 0.0109429 0.0499375 0.134607 0.215831 0.213067 0.149123 0.101016 0.0707959 0.0376916 0.0126177 0.00252408 0.00029851 2.08269e-05 8.5688e-07 2.07884e-08 2.97373e-10 2.50823e-12 1.24749e-14 3.65826e-17
 1.79064e-11 1.94356e-09 1.24388e-07 4.69401e-06 0.000104448 0.00137039 0.0106026 0.0483876 0.130467 0.209499 0.208263 0.149621 0.106403 0.0769441 0.0413396 0.013866 0.00277487 0.000328194 2.28983e-05 9.42107e-07 2.28561e-08 3.26951e-10 2.75771e-12 1.37157e-14 4.02213e-17
 1.87196e-11 2.03183e-09 1.30037e-07 4.90719e-06 0.000109191 0.00143263 0.0110839 0.0505801 0.136323 0.218456 0.215058 0.148916 0.0987826 0.0682469 0.0361792 0.0121002 0.00242011 0.000286202 1.99681e-05 8.21544e-07 1.99312e-08 2.8511e-10 2.4048e-12 1.19604e-14 3.50741e-17
 1.82096e-11 1.97648e-09 1.26494e-07 4.7735e-06 0.000106216 0.0013936 0.0107821 0.0492052 0.13265 0.212839 0.210797 0.149358 0.103562 0.073701 0.0394153 0.0132075 0.00264258 0.000312536 2.18056e-05 8.9715e-07 2.17654e-08 3.11349e-10 2.62611e-12 1.30611e-14 3.83019e-17
 1.80555e-11 1.95975e-09 1.25423e-07 4.73309e-06 0.000105317 0.0013818 0.0106908 0.0487895 0.13154 0.211141 0.209509 0.149492 0.105006 0.0753497 0.0403936 0.0135422 0.00270984 0.000320496 2.23611e-05 9.20005e-07 2.23199e-08 3.1928e-10 2.69301e-12 1.33939e-14 3.92776e-17
 1.88443e-11 2.04536e-09 1.30903e-07 4.93987e-06 0.000109918 0.00144217 0.0111577 0.0509163 0.137221 0.219829 0.2161 0.148808 0.0976142 0.0669135 0.035388 0.0118294 0.00236572 0.000279764 1.95188e-05 8.0306e-07 1.94827e-08 2.78695e-10 2.35069e-12 1.16913e-14 3.42849e-17
#obs surv len freq
 4.16428e-11 3.85931e-09 2.10895e-07 6.79533e-06 0.000129105 0.00144638 0.00955627 0.0372677 0.0861721 0.120943 0.114987 0.102524 0.109909 0.11696 0.110798 0.0897377 0.0568941 0.0276098 0.0106978 0.00336275 0.000826386 0.000150903 1.96366e-05 1.76275e-06 1.06362e-07
 2.08407e-11 1.86286e-09 9.81828e-08 3.05127e-06 5.59148e-05 0.000604284 0.00385453 0.014574 0.0333973 0.0514305 0.0721091 0.114487 0.161082 0.172805 0.151832 0.113141 0.0664161 0.0297256 0.0105658 0.00306864 0.000708065 0.000122967 1.52686e-05 1.30078e-06 7.37316e-08
 1.44649e-10 1.2449e-08 6.31742e-07 1.8903e-05 0.000333512 0.0034696 0.0212838 0.076998 0.164396 0.207985 0.159453 0.0840133 0.0505808 0.0554637 0.0661007 0.0576322 0.0335559 0.0134379 0.00404728 0.000994222 0.000200285 3.13521e-05 3.58482e-06 2.84679e-07 1.51165e-08
 1.29185e-10 1.06875e-08 5.21349e-07 1.49957e-05 0.000254332 0.00254364 0.0150068 0.0523259 0.108902 0.142111 0.141015 0.148491 0.15651 0.121572 0.0649168 0.0276681 0.0116732 0.00482816 0.00165409 0.00042336 7.88789e-05 1.07486e-05 1.06671e-06 7.50242e-08 3.60007e-09
 1.91249e-10 1.5186e-08 7.11009e-07 1.96288e-05 0.000319525 0.00306707 0.0173638 0.0580451 0.115265 0.140247 0.120122 0.103959 0.109965 0.114761 0.103062 0.0703859 0.0321803 0.00927428 0.00170909 0.000224372 2.5554e-05 2.72986e-06 2.37665e-07 1.47759e-08 6.2186e-10
 3.31708e-10 2.52439e-08 1.13277e-06 2.9972e-05 0.000467608 0.00430186 0.0233419 0.0747883 0.142372 0.166173 0.136555 0.111639 0.1058 0.0928594 0.0697713 0.0433623 0.0201574 0.00659374 0.00151281 0.000243975 2.72688e-05 2.10694e-06 1.17068e-07 4.96424e-09 1.61667e-10
 4.14688e-10 3.02055e-08 1.29729e-06 3.28532e-05 0.000490583 0.00431989 0.02244 0.0689031 0.126372 0.145772 0.129246 0.124585 0.126884 0.108461 0.0761799 0.0430007 0.0175092 0.00478306 0.00088637 0.000119452 1.24401e-05 9.8588e-07 5.56351e-08 2.11992e-09 5.35084e-11
 6.06999e-10 4.22634e-08 1.73511e-06 4.20028e-05 0.000599549 0.00504659 0.0250594 0.0735603 0.12903 0.142614 0.12207 0.115702 0.119776 0.109358 0.0833423 0.0486158 0.0193185 0.00494261 0.000820698 9.31017e-05 7.70499e-06 4.83268e-07 2.28058e-08 7.82494e-10 1.87073e-11
 8.64426e-10 5.74639e-08 2.25242e-06 5.20587e-05 0.000709469 0.00570184 0.0270374 0.0758525 0.127685 0.137995 0.121805 0.121871 0.125329 0.10948 0.0793701 0.044457 0.0172971 0.00447061 0.000780401 9.54203e-05 8.2959e-06 5.05422e-07 2.11719e-08 6.06201e-10 1.18841e-11
 1.18412e-09 7.50704e-08 2.80626e-06 6.18552e-05 0.000803943 0.00616216 0.0278741 0.074679 0.120703 0.128265 0.118186 0.125733 0.131915 0.11635 0.0838846 0.0450059 0.0161101 0.00366857 0.000537401 5.34452e-05 3.87204e-06 2.11775e-07 8.52255e-09 2.39471e-10 4.50308e-12
 1.86786e-09 1.12814e-07 4.01765e-06 8.43664e-05 0.00104464 0.0076283 0.0328748 0.0839252 0.129343 0.131427 0.116692 0.120901 0.125553 0.111403 0.0799761 0.0415738 0.0141223 0.00300617 0.00040349 3.55105e-05 2.1686e-06 9.60487e-08 3.10838e-09 7.21436e-11 1.17264e-12
 2.72614e-09 1.56708e-07 5.31155e-06 0.000106156 0.00125104 0.00869531 0.0356782 0.0868482 0.128554 0.129212 0.120209 0.128768 0.129726 0.108562 0.0730126 0.0355464 0.0112928 0.00223489 0.000275305 2.17578e-05 1.16117e-06 4.39506e-08 1.19982e-09 2.32295e-11 3.11108e-13
 3.9613e-09 2.16525e-07 6.97855e-06 0.000132622 0.00148619 0.00982299 0.038338 0.0888839 0.126094 0.124446 0.118608 0.129695 0.131218 0.110451 0.0735471 0.0345914 0.0104663 0.00196374 0.000229352 1.71994e-05 8.67963e-07 3.06612e-08 7.63904e-10 1.3164e-11 1.53528e-13
 4.88367e-09 2.53616e-07 7.76594e-06 0.000140219 0.00149295 0.00937726 0.034812 0.07713 0.10689 0.111233 0.122222 0.144433 0.146515 0.121114 0.0779235 0.0348451 0.00992205 0.00173873 0.000187885 1.28617e-05 5.83941e-07 1.84384e-08 4.13408e-10 6.48969e-12 6.94051e-14
 8.70096e-09 4.28967e-07 1.247e-05 0.000213749 0.00216054 0.0128816 0.0453732 0.0951576 0.123448 0.116001 0.112376 0.126194 0.132248 0.115261 0.0752724 0.0328084 0.00893471 0.00149206 0.000154435 1.02281e-05 4.53059e-07 1.39056e-08 2.97157e-10 4.33193e-12 4.21415e-14
 1.30272e-08 6.09303e-07 1.68037e-05 0.000273259 0.00262046 0.0148255 0.0495962 0.0992192 0.12522 0.121663 0.127042 0.139902 0.131184 0.0999008 0.0583096 0.0233141 0.00589947 0.000918424 8.84435e-05 5.42324e-06 2.21452e-07 6.27513e-09 1.24928e-10 1.71602e-12 1.584e-14
 1.72151e-08 7.63414e-07 1.99618e-05 0.000307779 0.00279854 0.0150158 0.0476909 0.0910513 0.112181 0.113355 0.127886 0.146204 0.140726 0.109215 0.0628827 0.0240481 0.00571574 0.000824971 7.24708e-05 3.956e-06 1.39452e-07 3.33369e-09 5.60557e-11 6.64849e-13 5.43584e-15
 2.61733e-08 1.0999e-06 2.72545e-05 0.000398223 0.00343144 0.0174499 0.0525523 0.0953535 0.112711 0.111942 0.126027 0.143737 0.139358 0.108114 0.0607185 0.0223022 0.005093 0.000716777 6.32676e-05 3.62454e-06 1.39721e-07 3.68093e-09 6.53918e-11 7.63612e-13 5.75918e-15
 3.73021e-08 1.48489e-06 3.48533e-05 0.000482395 0.00393779 0.0189762 0.0542408 0.0940979 0.109523 0.113914 0.13409 0.150378 0.139549 0.102709 0.0544753 0.0188943 0.00409364 0.000552345 4.75667e-05 2.72023e-06 1.06869e-07 2.90264e-09 5.34313e-11 6.4985e-13 5.12971e-15
 5.90079e-08 2.2243e-06 4.94389e-05 0.000647969 0.00500885 0.0228594 0.061905 0.101924 0.113334 0.114222 0.131586 0.145971 0.135226 0.0978428 0.0496428 0.016133 0.00322199 0.000392835 2.97203e-05 1.44655e-06 4.75971e-08 1.10332e-09 1.81544e-11 2.07044e-13 1.5853e-15
 9.30863e-08 3.32194e-06 6.99022e-05 0.000867369 0.00634802 0.0274359 0.0704409 0.110518 0.119288 0.120152 0.136307 0.143823 0.124934 0.0845702 0.0402576 0.0123416 0.00234578 0.000276219 2.06208e-05 1.0125e-06 3.37842e-08 7.72728e-10 1.19284e-11 1.21749e-13 8.12474e-16
 1.30889e-07 4.42149e-06 8.80702e-05 0.00103446 0.00716749 0.0293426 0.0715391 0.107791 0.116202 0.123335 0.143398 0.147995 0.123828 0.0799061 0.0359322 0.0103629 0.00185309 0.000205955 1.46057e-05 6.87653e-07 2.22293e-08 4.96913e-10 7.54219e-12 7.58593e-14 4.96648e-16
 1.86235e-07 5.95468e-06 0.000112267 0.00124818 0.0081869 0.0317435 0.0734703 0.10616 0.113398 0.12378 0.145569 0.149712 0.124324 0.0781001 0.0334458 0.00906486 0.00151186 0.000155691 1.01513e-05 4.36144e-07 1.28372e-08 2.62924e-10 3.69963e-12 3.4913e-14 2.16549e-16
 2.76248e-07 8.36038e-06 0.000149194 0.00157008 0.00974883 0.0358008 0.0786588 0.108938 0.114753 0.126543 0.147328 0.147889 0.119138 0.0716739 0.0290723 0.00743446 0.00117216 0.000114823 7.1857e-06 2.98408e-07 8.47054e-09 1.65019e-10 2.16827e-12 1.88266e-14 1.06613e-16
 4.12798e-07 1.18255e-05 0.000199757 0.00198994 0.0116975 0.0406917 0.084911 0.112884 0.117485 0.130258 0.148766 0.144277 0.111562 0.063848 0.0245007 0.00593372 0.000892668 8.45995e-05 5.21595e-06 2.16618e-07 6.16219e-09 1.18968e-10 1.52521e-12 1.27517e-14 6.87996e-17
 4.39363e-07 1.19152e-05 0.000190544 0.00179725 0.0100102 0.0331036 0.0666618 0.0906731 0.109506 0.143209 0.170271 0.161249 0.119402 0.064625 0.0232447 0.0052453 0.000731049 6.37373e-05 3.5905e-06 1.36067e-07 3.56562e-09 6.45531e-11 7.90256e-13 6.38714e-15 3.34718e-17
 6.32837e-07 1.62486e-05 0.000246011 0.00219691 0.0115849 0.0362693 0.0691169 0.0888762 0.102013 0.131145 0.162182 0.166047 0.130036 0.0703172 0.0241778 0.00507878 0.000644648 4.97683e-05 2.38737e-06 7.38022e-08 1.53865e-09 2.23978e-11 2.28704e-13 1.60403e-15 7.51955e-18
 9.20554e-07 2.23808e-05 0.000320869 0.0027136 0.0135579 0.0403041 0.0736165 0.0936897 0.111441 0.14406 0.168061 0.158074 0.113905 0.0573644 0.0186147 0.00374953 0.000467415 3.67382e-05 1.87597e-06 6.38843e-08 1.45996e-09 2.20604e-11 2.15815e-13 1.34896e-15 5.37575e-18
#pred catch len freq
 7.27488e-13 7.8962e-11 5.0536e-09 1.90716e-07 4.24462e-06 5.57559e-05 0.000433933 0.00203988 0.00631746 0.0167518 0.0478813 0.117766 0.193876 0.203403 0.148986 0.0934847 0.0582139 0.0359088 0.0225517 0.01511 0.011085 0.00902853 0.00771835 0.00592651 0.00345657
 7.42479e-13 8.05891e-11 5.15774e-09 1.94646e-07 4.33216e-06 5.69092e-05 0.000443048 0.00208594 0.0065029 0.0175443 0.0509993 0.126149 0.207488 0.216005 0.154603 0.0926277 0.0542409 0.0306989 0.0167665 0.00920843 0.00536977 0.00354698 0.00263892 0.0019123 0.00110762
 1.2091e-12 1.31236e-10 8.39913e-09 3.16966e-07 7.05388e-06 9.26172e-05 0.000719229 0.00334431 0.00986765 0.0227199 0.0550759 0.126284 0.204244 0.212933 0.154385 0.0943501 0.0553967 0.0303205 0.0153999 0.00747392 0.00355948 0.00178915 0.00103408 0.000647733 0.000354802
 1.09633e-12 1.18996e-10 7.61579e-09 2.87406e-07 6.39625e-06 8.39958e-05 0.000652803 0.00304761 0.00915623 0.022292 0.058002 0.137078 0.221877 0.226162 0.1531 0.0822716 0.043105 0.022658 0.0113643 0.00528905 0.00226322 0.000922671 0.00039222 0.000186788 8.8391e-05
 7.56431e-12 8.21034e-10 5.25461e-08 1.98293e-06 4.41233e-05 0.000578958 0.00448101 0.0204891 0.0557789 0.0938887 0.113755 0.136238 0.168886 0.163355 0.113181 0.0645417 0.0346522 0.0170567 0.00767151 0.00330461 0.00134438 0.000498766 0.000171296 5.90825e-05 2.12268e-05
 1.0457e-11 1.13501e-09 7.26403e-08 2.74122e-06 6.09962e-05 0.000800335 0.0061937 0.0283034 0.0768209 0.127453 0.14602 0.156079 0.17621 0.156612 0.0886103 0.030042 0.00602548 0.000713363 4.99789e-05 2.14376e-06 8.54657e-08 1.2783e-08 3.70071e-09 1.02649e-09 2.69949e-10
 1.24176e-11 1.34781e-09 8.62598e-08 3.25518e-06 7.24323e-05 0.000950371 0.0073541 0.0335894 0.0909401 0.149047 0.162402 0.15438 0.157838 0.135645 0.0761689 0.025784 0.00516932 0.000611613 4.26759e-05 1.75588e-06 4.26021e-08 6.09581e-10 5.14705e-12 2.57805e-14 9.57074e-17
 1.19926e-11 1.30168e-09 8.33076e-08 3.14377e-06 6.99533e-05 0.000917848 0.00710256 0.0324436 0.0878795 0.144366 0.158851 0.154749 0.161821 0.14019 0.0788657 0.0267068 0.00535472 0.000633557 4.42069e-05 1.81883e-06 4.41262e-08 6.31214e-10 5.32405e-12 2.64796e-14 7.76516e-17
 1.19649e-11 1.29867e-09 8.31149e-08 3.1365e-06 6.97916e-05 0.000915726 0.00708615 0.0323688 0.0876798 0.14406 0.15862 0.154773 0.16208 0.140487 0.0790417 0.026767 0.00536682 0.000634989 4.43068e-05 1.82294e-06 4.4226e-08 6.32641e-10 5.3361e-12 2.65396e-14 7.78294e-17
 1.21037e-11 1.31374e-09 8.40792e-08 3.17289e-06 7.06012e-05 0.000926348 0.0071683 0.032743 0.0886794 0.145589 0.159779 0.154652 0.16078 0.139002 0.0781609 0.0264656 0.00530626 0.000627822 4.38066e-05 1.80237e-06 4.37267e-08 6.255e-10 5.27589e-12 2.62405e-14 7.69556e-17
 1.24164e-11 1.34769e-09 8.62518e-08 3.25488e-06 7.24255e-05 0.000950282 0.00735341 0.0335863 0.0909317 0.149034 0.162393 0.154381 0.157849 0.135657 0.0761763 0.0257865 0.00516982 0.000611672 4.26797e-05 1.756e-06 4.26018e-08 6.09408e-10 5.14013e-12 2.55648e-14 7.49689e-17
 1.34094e-11 1.45546e-09 9.31495e-08 3.51517e-06 7.82174e-05 0.00102627 0.00794109 0.0362634 0.0980824 0.15997 0.170689 0.15352 0.148544 0.125038 0.0698753 0.0236304 0.00473665 0.000560399 3.91018e-05 1.60879e-06 3.90304e-08 5.58319e-10 4.70922e-12 2.34217e-14 6.86849e-17
 1.32562e-11 1.43883e-09 9.20849e-08 3.475e-06 7.73235e-05 0.00101454 0.00785039 0.0358502 0.0969788 0.158282 0.169409 0.153653 0.14998 0.126677 0.0708478 0.0239632 0.0048035 0.000568312 3.9654e-05 1.63151e-06 3.95816e-08 5.66204e-10 4.77572e-12 2.37524e-14 6.9654e-17
 1.31368e-11 1.42587e-09 9.12557e-08 3.44371e-06 7.66272e-05 0.00100541 0.00777974 0.0355284 0.0961192 0.156968 0.168411 0.153756 0.151099 0.127953 0.0716053 0.0242224 0.00485558 0.000574476 4.00841e-05 1.64921e-06 4.00109e-08 5.72346e-10 4.82752e-12 2.401e-14 7.04096e-17
 1.29954e-11 1.41053e-09 9.02737e-08 3.40665e-06 7.58026e-05 0.000994588 0.00769608 0.0351473 0.0951012 0.155411 0.16723 0.153879 0.152423 0.129465 0.0725023 0.0245293 0.00491725 0.000581776 4.05935e-05 1.67016e-06 4.05194e-08 5.79619e-10 4.88887e-12 2.43151e-14 7.13043e-17
 1.40146e-11 1.52116e-09 9.73538e-08 3.67383e-06 8.17476e-05 0.00107258 0.0082993 0.0378952 0.102441 0.166636 0.175746 0.152995 0.142872 0.118565 0.0660348 0.0223162 0.00447262 0.000529147 3.6921e-05 1.51906e-06 3.68535e-08 5.2718e-10 4.44657e-12 2.21153e-14 6.48533e-17
 1.41209e-11 1.53269e-09 9.80921e-08 3.70169e-06 8.23675e-05 0.00108072 0.0083622 0.0381817 0.103206 0.167807 0.176634 0.152903 0.141876 0.117428 0.0653603 0.0220855 0.00442625 0.000523659 3.65381e-05 1.50331e-06 3.64713e-08 5.21712e-10 4.40044e-12 2.18859e-14 6.41806e-17
 1.42335e-11 1.54491e-09 9.88739e-08 3.7312e-06 8.3024e-05 0.00108933 0.00842882 0.0384852 0.104017 0.169046 0.177575 0.152806 0.140822 0.116225 0.0646462 0.0218411 0.00437715 0.000517848 3.61325e-05 1.48662e-06 3.60665e-08 5.15921e-10 4.3516e-12 2.1643e-14 6.34683e-17
 1.54038e-11 1.67194e-09 1.07004e-07 4.03799e-06 8.98505e-05 0.00117889 0.00912149 0.0416405 0.112445 0.181936 0.187354 0.151791 0.129854 0.103708 0.0572196 0.0192998 0.00386659 0.000457415 3.19155e-05 1.31311e-06 3.18571e-08 4.55707e-10 3.84371e-12 1.9117e-14 5.60607e-17
 1.524e-11 1.65416e-09 1.05866e-07 3.99505e-06 8.8895e-05 0.00116635 0.00902453 0.0411989 0.111265 0.180132 0.185985 0.151933 0.131389 0.10546 0.0582591 0.0196555 0.00393806 0.000465874 3.25057e-05 1.3374e-06 3.24462e-08 4.64135e-10 3.9148e-12 1.94706e-14 5.70975e-17
 1.58682e-11 1.72234e-09 1.1023e-07 4.15973e-06 9.25592e-05 0.00121443 0.00939633 0.0428925 0.115789 0.187051 0.191234 0.151388 0.125503 0.0987416 0.0542728 0.0182915 0.00366401 0.000433436 3.02422e-05 1.24427e-06 3.01868e-08 4.31814e-10 3.64219e-12 1.81147e-14 5.31215e-17
 1.67787e-11 1.82117e-09 1.16555e-07 4.39841e-06 9.78701e-05 0.0012841 0.00993521 0.0453474 0.122346 0.197079 0.198841 0.150599 0.11697 0.089004 0.0484952 0.0163145 0.0032668 0.000386421 2.69615e-05 1.10928e-06 2.6912e-08 3.84968e-10 3.24706e-12 1.61495e-14 4.73585e-17
 1.70985e-11 1.85588e-09 1.18776e-07 4.48224e-06 9.97355e-05 0.00130857 0.0101245 0.0462096 0.124649 0.200602 0.201513 0.150322 0.113974 0.0855838 0.0464658 0.0156201 0.00312729 0.000369908 2.58091e-05 1.06187e-06 2.57617e-08 3.68514e-10 3.10828e-12 1.54593e-14 4.53344e-17
 1.69896e-11 1.84405e-09 1.18019e-07 4.45368e-06 9.90999e-05 0.00130024 0.01006 0.0459158 0.123864 0.199401 0.200603 0.150416 0.114995 0.0867492 0.0471573 0.0158567 0.00317483 0.000375535 2.62018e-05 1.07803e-06 2.61536e-08 3.74121e-10 3.15557e-12 1.56944e-14 4.60241e-17
 1.72137e-11 1.86839e-09 1.19576e-07 4.51244e-06 0.000100407 0.00131739 0.0101927 0.0465202 0.125479 0.201871 0.202476 0.150222 0.112894 0.0843517 0.0457348 0.0153699 0.00307703 0.000363959 2.5394e-05 1.04479e-06 2.53473e-08 3.62587e-10 3.05828e-12 1.52106e-14 4.46052e-17
 1.7416e-11 1.89033e-09 1.20981e-07 4.56545e-06 0.000101587 0.00133287 0.0103124 0.0470654 0.126935 0.204098 0.204166 0.150046 0.110999 0.0821889 0.0444515 0.0149308 0.00298881 0.000353517 2.46653e-05 1.01481e-06 2.462e-08 3.52182e-10 2.97053e-12 1.47741e-14 4.33252e-17
 1.73059e-11 1.87839e-09 1.20217e-07 4.53661e-06 0.000100945 0.00132445 0.0102472 0.0467687 0.126143 0.202886 0.203246 0.150142 0.11203 0.0833657 0.0451497 0.0151697 0.00303681 0.000359198 2.50618e-05 1.03112e-06 2.50157e-08 3.57843e-10 3.01828e-12 1.50116e-14 4.40217e-17
 1.82333e-11 1.97905e-09 1.26659e-07 4.77972e-06 0.000106355 0.00139542 0.0107961 0.0492691 0.132821 0.2131 0.210995 0.149338 0.103339 0.0734473 0.0392648 0.013156 0.00263223 0.000311311 2.17201e-05 8.93633e-07 2.16801e-08 3.10128e-10 2.61581e-12 1.30099e-14 3.81517e-17
#obs catch len freq
 2.86663e-11 2.6567e-09 1.45177e-07 4.67782e-06 8.88751e-05 0.000995706 0.00657988 0.0256854 0.0596987 0.0860114 0.0910564 0.101569 0.126592 0.139352 0.131978 0.10739 0.0693418 0.0345267 0.0136094 0.00426979 0.00103587 0.000187469 2.44698e-05 2.23028e-06 1.37745e-07
 5.06619e-11 4.52844e-09 2.38673e-07 7.41729e-06 0.000135918 0.00146866 0.00935982 0.0352234 0.0787647 0.108088 0.105008 0.102941 0.118021 0.126633 0.118931 0.0945625 0.0585137 0.0277325 0.0104951 0.00320549 0.000759483 0.000132727 1.64226e-05 1.39385e-06 7.91246e-08
 2.51252e-11 2.16236e-09 1.09732e-07 3.28345e-06 5.79342e-05 0.000602888 0.00370436 0.0135173 0.0301804 0.0470496 0.0712878 0.119422 0.167355 0.176652 0.15311 0.11192 0.0640389 0.0279449 0.00969445 0.00273653 0.000608857 0.000101124 1.19229e-05 9.58916e-07 5.10736e-08
 1.77354e-18 7.79617e-16 2.02074e-13 3.08839e-11 2.78328e-09 1.47917e-07 4.63693e-06 8.58114e-05 0.000939897 0.00614218 0.0245311 0.0638185 0.122114 0.190175 0.230406 0.19435 0.109083 0.0423041 0.012406 0.00296608 0.000577331 8.6523e-05 9.3951e-06 7.03962e-07 3.50944e-08
 1.40557e-10 1.11608e-08 5.22552e-07 1.44262e-05 0.00023484 0.00225447 0.0127718 0.0428432 0.0866234 0.114785 0.130399 0.16418 0.1826 0.139558 0.0727012 0.0306599 0.0128873 0.00523491 0.00173702 0.00042782 7.64691e-05 9.96079e-06 9.39612e-07 6.24096e-08 2.81224e-09
 2.69826e-10 2.05345e-08 9.21446e-07 2.43806e-05 0.000380373 0.00349937 0.0189888 0.0608612 0.116064 0.136692 0.116762 0.105106 0.11343 0.117421 0.103177 0.067995 0.0297502 0.00819207 0.00144881 0.000184614 2.05791e-05 2.12735e-06 1.76362e-07 1.03498e-08 4.0908e-10
 4.8406e-10 3.52585e-08 1.51431e-06 3.83491e-05 0.000572646 0.00504233 0.0261881 0.080334 0.146602 0.16504 0.133815 0.111315 0.105756 0.0914431 0.0674847 0.0408178 0.018303 0.00575885 0.0012695 0.000196185 2.09489e-05 1.54513e-06 8.19913e-08 3.31119e-09 1.01913e-10
 6.1541e-10 4.2849e-08 1.75915e-06 4.25848e-05 0.000607858 0.0051166 0.0254088 0.0746135 0.131124 0.146206 0.128632 0.125105 0.125755 0.10519 0.0723014 0.0395638 0.0154629 0.00404422 0.000719889 9.35714e-05 9.38348e-06 7.10734e-07 3.80557e-08 1.36973e-09 3.2569e-11
 9.10251e-10 6.05102e-08 2.37183e-06 5.48184e-05 0.000747077 0.00600396 0.0284671 0.0798208 0.133999 0.142999 0.12133 0.116013 0.118839 0.106459 0.0791197 0.0444421 0.0168622 0.00411178 0.000652202 7.09454e-05 5.64054e-06 3.39074e-07 1.52545e-08 4.95991e-10 1.11757e-11
 1.34538e-09 8.52938e-08 3.18843e-06 7.02788e-05 0.000913419 0.00700104 0.0316628 0.0847468 0.136301 0.141637 0.122202 0.120359 0.120823 0.10316 0.072881 0.039323 0.0146255 0.00360996 0.000602924 7.05709e-05 5.85825e-06 3.39477e-07 1.34843e-08 3.65201e-10 6.75343e-12
 1.87626e-09 1.13322e-07 4.03571e-06 8.47456e-05 0.00104934 0.00766267 0.0330243 0.0843253 0.1301 0.132807 0.119211 0.123959 0.12659 0.108993 0.076272 0.0392245 0.0133574 0.00288998 0.000403303 3.83812e-05 2.66724e-06 1.39495e-07 5.33333e-09 1.41544e-10 2.50373e-12
 3.00122e-09 1.7252e-07 5.84751e-06 0.000116867 0.00137725 0.00957199 0.0392635 0.0954274 0.140171 0.136353 0.11706 0.117786 0.118937 0.102915 0.0714621 0.0354856 0.0114382 0.00230749 0.000294065 2.46563e-05 1.43834e-06 6.08191e-08 1.87239e-09 4.11584e-11 6.30926e-13
 4.42746e-09 2.42005e-07 7.79978e-06 0.000148228 0.00166106 0.0109783 0.042836 0.0991829 0.139807 0.134376 0.120449 0.124591 0.121634 0.0990987 0.0644025 0.0299211 0.00900734 0.00168619 0.000196729 1.47695e-05 7.51024e-07 2.7099e-08 7.03215e-10 1.28875e-11 1.62766e-13
 6.5453e-09 3.39906e-07 1.04082e-05 0.000187926 0.00200081 0.0125644 0.0465916 0.102648 0.138462 0.130183 0.1186 0.124511 0.121976 0.0998057 0.0639948 0.0286404 0.00819736 0.00145324 0.000160612 1.14302e-05 5.48768e-07 1.84403e-08 4.35718e-10 7.09448e-12 7.79395e-14
 8.23812e-09 4.06148e-07 1.18067e-05 0.00020238 0.00204567 0.0121982 0.0429931 0.0904489 0.119072 0.117799 0.123235 0.139464 0.136887 0.109812 0.0678542 0.0288104 0.00774723 0.00128065 0.000130705 8.47402e-06 3.65477e-07 1.09738e-08 2.33442e-10 3.46318e-12 3.48752e-14
 1.47323e-08 6.89056e-07 1.90032e-05 0.000309023 0.0029633 0.0167614 0.0560098 0.111427 0.13704 0.121788 0.111511 0.119785 0.121641 0.102511 0.0639274 0.0263617 0.00676831 0.00106549 0.000104148 6.53255e-06 2.74688e-07 8.00159e-09 1.6181e-10 2.22431e-12 2.03477e-14
 2.22769e-08 9.8788e-07 2.58311e-05 0.00039827 0.00362115 0.019424 0.0616046 0.116797 0.139424 0.127308 0.124525 0.130264 0.117856 0.0868176 0.0484909 0.0183597 0.00437883 0.000642074 5.83262e-05 3.38329e-06 1.31047e-07 3.52396e-09 6.64057e-11 8.60108e-13 7.46192e-15
 2.98192e-08 1.25312e-06 3.10511e-05 0.000453692 0.00390929 0.019877 0.0598184 0.108151 0.125832 0.119156 0.125981 0.13729 0.127699 0.0955777 0.0524338 0.0189324 0.00423267 0.000574264 4.74691e-05 2.44381e-06 8.14926e-08 1.84701e-09 2.94288e-11 3.29683e-13 2.53638e-15
 4.56578e-08 1.8175e-06 4.26603e-05 0.000590439 0.00481933 0.0232141 0.0662103 0.113668 0.126579 0.117185 0.123162 0.13396 0.125482 0.0935962 0.0499389 0.0172976 0.00371648 0.000492414 4.10079e-05 2.22216e-06 8.11021e-08 2.01925e-09 3.37864e-11 3.70502e-13 2.61932e-15
 6.64806e-08 2.50599e-06 5.56998e-05 0.000730019 0.00564288 0.0257477 0.0696563 0.114133 0.124374 0.119002 0.129595 0.138216 0.123714 0.0874074 0.0439996 0.0143859 0.00293296 0.000372838 3.03318e-05 1.6427e-06 6.11239e-08 1.56815e-09 2.71665e-11 3.10029e-13 2.29136e-15
 1.05036e-07 3.74838e-06 7.88753e-05 0.000978693 0.00716215 0.0309415 0.0792781 0.123184 0.127933 0.118076 0.125602 0.132611 0.118352 0.0819183 0.0393274 0.0120214 0.00225431 0.00025824 1.83972e-05 8.4592e-07 2.6369e-08 5.79107e-10 8.9996e-12 9.65267e-14 6.92565e-16
 1.65602e-07 5.5941e-06 0.000111426 0.00130875 0.00906642 0.0370853 0.0900495 0.133151 0.133607 0.122263 0.127542 0.127858 0.106869 0.0691591 0.0311461 0.00898315 0.00160436 0.000177722 1.25119e-05 5.80667e-07 1.83174e-08 3.95191e-10 5.73597e-12 5.4908e-14 3.43081e-16
 2.36851e-07 7.57305e-06 0.000142778 0.00158734 0.0104095 0.0403238 0.0929158 0.131571 0.13064 0.124449 0.132695 0.130093 0.104588 0.0644034 0.0273667 0.00742134 0.00124675 0.000130366 8.72104e-06 3.88217e-07 1.18664e-08 2.50174e-10 3.56869e-12 3.36355e-14 2.05902e-16
 3.41256e-07 1.03278e-05 0.000184301 0.00193945 0.0120396 0.0441664 0.0965496 0.130736 0.12752 0.123841 0.133564 0.130626 0.104039 0.0621791 0.0251104 0.00639193 0.00100065 9.68562e-05 5.95105e-06 2.41559e-07 6.72193e-09 1.29898e-10 1.71867e-12 1.52023e-14 8.81644e-17
 5.07736e-07 1.45452e-05 0.000245695 0.00244742 0.0143828 0.0499678 0.103628 0.134119 0.128012 0.124819 0.133333 0.127304 0.0982015 0.0561015 0.0214383 0.00514776 0.000761972 7.01894e-05 4.14063e-06 1.62394e-07 4.352e-09 7.9839e-11 9.84772e-13 8.00642e-15 4.23736e-17
 7.64742e-07 2.07391e-05 0.000331636 0.00312737 0.0174002 0.0572553 0.112665 0.139376 0.129925 0.126044 0.13177 0.121422 0.0897414 0.0487008 0.0175973 0.00400274 0.000565793 5.04817e-05 2.93686e-06 1.15183e-07 3.08934e-09 5.60598e-11 6.73559e-13 5.26624e-15 2.65257e-17
 8.68869e-07 2.23088e-05 0.000337759 0.003016 0.0158981 0.0496833 0.0938982 0.116716 0.12225 0.139275 0.152915 0.137799 0.0973551 0.0498766 0.0168747 0.0035737 0.00046762 3.83499e-05 2.03721e-06 7.29149e-08 1.80298e-09 3.07096e-11 3.52503e-13 2.66401e-15 1.30254e-17
 1.25617e-06 3.05401e-05 0.000437826 0.00370191 0.018477 0.0546694 0.0977673 0.114793 0.113941 0.127415 0.145934 0.14213 0.105659 0.0538282 0.0173615 0.00341613 0.00040622 2.94136e-05 1.32597e-06 3.86153e-08 7.59666e-10 1.0428e-11 1.00122e-13 6.57961e-16 2.88132e-18
#spawning biomass
 24059.2 18107.6 16680.7 21545 33187.9 44970.8 66213.3 75732.1 97618.3 124106 128316 165320 180036 217969 219603 222807 228310 212441 215801 199730 197190 183866 195657 224148 206212 265829 222303 192890 183602 502221 801671 1.10308e+06 1.38325e+06 1.6305e+06 1.84125e+06 2.01663e+06 2.16021e+06 2.27646e+06 2.36996e+06 2.44488e+06 2.50489e+06 2.55303e+06 2.58706e+06 2.59425e+06 2.60122e+06 2.60799e+06 2.61454e+06 2.6209e+06 2.62707e+06 2.63305e+06 2.63885e+06 2.64447e+06 2.64992e+06 2.65521e+06 2.66033e+06 2.6653e+06 2.67012e+06 2.6748e+06 2.67933e+06 2.68372e+06 2.68799e+06 2.69212e+06 2.69612e+06 2.70001e+06 2.70378e+06 2.70743e+06 2.71097e+06 2.71441e+06 2.71774e+06 2.72097e+06 2.7241e+06 2.72714e+06 2.73008e+06 2.73294e+06 2.73571e+06 2.73839e+06 2.74099e+06 2.74352e+06 2.74597e+06 2.74834e+06 2.75064e+06 2.75287e+06 2.75504e+06 2.75714e+06 2.75917e+06 2.76115e+06 2.76306e+06 2.76491e+06 2.76671e+06 2.76846e+06 2.77015e+06 2.77179e+06 2.77338e+06 2.77492e+06 2.77642e+06 2.77787e+06 2.77928e+06 2.78064e+06 2.78196e+06 2.78324e+06 2.78449e+06 2.78569e+06 2.78686e+06 2.788e+06 2.7891e+06 2.79016e+06 2.79119e+06 2.7922e+06 2.79317e+06 2.79411e+06 2.79502e+06 2.79591e+06 2.79677e+06 2.7976e+06 2.79841e+06 2.79919e+06 2.79995e+06 2.80069e+06 2.8014e+06 2.8021e+06 2.80277e+06 2.80342e+06 2.80405e+06 2.80466e+06 2.80526e+06 2.80583e+06 2.80639e+06 2.80693e+06 0 0 0 0 0 0 0 0 0 0 0 0 0 0 0 0 0 0 0 0 0 0 0 0 0
