SBPRF35
26.3034
Curr Bio
207024
B35
2.55603e+07
F35
0.0255471
FOFL
0
OFL
0
Bzero
7.51527e+06
#pred survey bio
 8400.34 7233.22 6193.89 7385.76 11897.5 19316.6 25906.5 36083.1 53695 84011.8 117715 156623 188473 214164 191967 172515 173042 180341 185625 159638 171788 194238 216843 228153 248174 271205 264904 261122 229806 4.12956e+06 7.51306e+06 1.1668e+07 1.58144e+07 1.96923e+07 2.31707e+07 2.62121e+07 2.88328e+07 3.10754e+07 3.29921e+07 3.46354e+07 3.60533e+07 3.72874e+07 3.83728e+07 3.92301e+07 3.97851e+07 4.03264e+07 4.08538e+07 4.13676e+07 4.1868e+07 4.23551e+07 4.28292e+07 4.32907e+07 4.37398e+07 4.41769e+07 4.46024e+07 4.50165e+07 4.54195e+07 4.58118e+07 4.61937e+07 4.65655e+07 4.69275e+07 4.728e+07 4.76232e+07 4.79575e+07 4.82831e+07 4.86002e+07 4.89092e+07 4.92102e+07 4.95035e+07 4.97893e+07 5.00679e+07 5.03394e+07 5.0604e+07 5.08621e+07 5.11137e+07 5.1359e+07 5.15983e+07 5.18317e+07 5.20594e+07 5.22815e+07 5.24983e+07 5.27098e+07 5.29162e+07 5.31178e+07 5.33145e+07 5.35066e+07 5.36941e+07 5.38773e+07 5.40563e+07 5.42311e+07 5.44019e+07 5.45687e+07 5.47318e+07 5.48913e+07 5.50471e+07 5.51995e+07 5.53485e+07 5.54942e+07 5.56368e+07 5.57762e+07 5.59126e+07 5.60462e+07 5.61768e+07 5.63047e+07 5.643e+07 5.65526e+07 5.66726e+07 5.67902e+07 5.69054e+07 5.70183e+07 5.71289e+07 5.72373e+07 5.73435e+07 5.74477e+07 5.75498e+07 5.76499e+07 5.77481e+07 5.78445e+07 5.7939e+07 5.80317e+07 5.81228e+07 5.82121e+07 5.82998e+07 5.83859e+07 5.84704e+07 5.85535e+07 5.8635e+07 5.87152e+07 5.87939e+07 0 0 0 0 0 0 0 0 0 0 0 0 0 0 0 0 0 0 0 0 0 0 0 0 0
#obs survey bio
 8589.53 6521.69 6683.38 8686.3 11115.6 16432.5 24982.6 54178.4 51121.5 114474 132514 180538 174851 205787 151861 129740 167338 189554 136276 169413 175237 230426 130815 321612 219733 248596 289770 340210 212522
#pred catch bio
 4650.7 4063.05 3558.44 3780.33 6714.97 13699.3 18204.1 25571.5 35840.6 59660.7 83568.8 116531 137349 166978 150968 133119 132627 134723 149868 121454 129522 147258 168453 175927 188459 213754 207514 207083 198531 0 8831.81 13984.9 19117.7 23938.7 28268.1 32048.5 35294.4 38057.1 40402 42395.7 44100 45568.4 46846.1 47838.5 48457 49055.9 49635.8 50197.2 50740.8 51267.1 51776.8 52270.2 52747.9 53210.5 53658.4 54092 54511.9 54918.4 55312 55693.1 56062.1 56419.4 56765.3 57100.3 57424.6 57738.6 58042.6 58336.9 58622 58897.9 59165.1 59423.8 59674.3 59916.8 60151.6 60379 60599.1 60812.3 61018.6 61218.4 61411.9 61599.2 61780.6 61956.2 62126.2 62290.8 62450.2 62604.6 62754 62898.7 63038.8 63174.4 63305.7 63432.9 63556 63675.2 63790.6 63902.4 64010.6 64115.3 64216.8 64315 64410.1 64502.1 64591.3 64677.6 64761.2 64842.1 64920.4 64996.3 65069.7 65140.8 65209.7 65276.3 65340.9 65403.4 65463.9 65522.5 65579.2 65634.1 65687.3 65738.8 65788.7 65836.9 65883.7 65928.9 65972.7 66015.2 66056.2 0 0 0 0 0 0 0 0 0 0 0 0 0 0 0 0 0 0 0 0 0 0 0 0 0
#obs catch bio
 3888.92 3830.84 3744.99 3362.22 5559.45 12383.9 13835.4 20721.6 29564.3 46880.7 72313.8 98315.2 126844 143111 151249 144932 125753 121315 148851 111348 115970 136035 164091 151955 173352 197118 180956 190962 190629
#pred cpue bio
 7229.52 6704.07 5202.98 4802.42 7998.64 11849.1 14702.4 20416.5 27994 47220.2 64923.3 91265.3 108139 136884 127331 110108 105852 109358 122009 97992.6 102858 114021 127644 133227 143437 162896 158810 158061 149557 2.21806e+06 7.34587e+06 1.15422e+07 1.56876e+07 1.95654e+07 2.30438e+07 2.60852e+07 2.8706e+07 3.09485e+07 3.28652e+07 3.45085e+07 3.59264e+07 3.71605e+07 3.82459e+07 3.91032e+07 3.96582e+07 4.01995e+07 4.0727e+07 4.12408e+07 4.17411e+07 4.22282e+07 4.27023e+07 4.31638e+07 4.36129e+07 4.40501e+07 4.44755e+07 4.48896e+07 4.52926e+07 4.56849e+07 4.60668e+07 4.64386e+07 4.68006e+07 4.71531e+07 4.74963e+07 4.78306e+07 4.81562e+07 4.84733e+07 4.87823e+07 4.90833e+07 4.93766e+07 4.96624e+07 4.9941e+07 5.02125e+07 5.04772e+07 5.07352e+07 5.09868e+07 5.12321e+07 5.14714e+07 5.17048e+07 5.19325e+07 5.21546e+07 5.23714e+07 5.25829e+07 5.27893e+07 5.29909e+07 5.31876e+07 5.33797e+07 5.35673e+07 5.37504e+07 5.39294e+07 5.41042e+07 5.4275e+07 5.44419e+07 5.4605e+07 5.47644e+07 5.49202e+07 5.50726e+07 5.52216e+07 5.53673e+07 5.55099e+07 5.56493e+07 5.57858e+07 5.59193e+07 5.60499e+07 5.61779e+07 5.63031e+07 5.64257e+07 5.65458e+07 5.66634e+07 5.67786e+07 5.68914e+07 5.7002e+07 5.71104e+07 5.72166e+07 5.73208e+07 5.74229e+07 5.7523e+07 5.76213e+07 5.77176e+07 5.78121e+07 5.79049e+07 5.79959e+07 5.80852e+07 5.81729e+07 5.8259e+07 5.83435e+07 5.84266e+07 5.85081e+07 5.85883e+07 5.8667e+07 0 0 0 0 0 0 0 0 0 0 0 0 0 0 0 0 0 0 0 0 0 0 0 0 0
#obs cpue bio
 9195.36 6941.65 7635.85 5697.22 13552.9 20110.7 33352.3 38441.8 46167.7 112349 95747.6 162382 140164 270126 148175 118242 134932 148895 191300 127502 152140 149538 203801 201588 194582 269727 244983 170515 222518
#pred surv len freq
 8.32358e-12 9.03842e-10 5.78648e-08 2.18411e-06 4.86046e-05 0.000637737 0.00493463 0.0225411 0.0611118 0.100962 0.113924 0.118438 0.134441 0.132495 0.104235 0.0746239 0.0507099 0.0314572 0.0186471 0.0112039 0.00708642 0.00489816 0.00363853 0.00255027 0.00141405
 4.79573e-12 5.20759e-10 3.33395e-08 1.2584e-06 2.80046e-05 0.00036747 0.00284436 0.0130155 0.0355978 0.0613108 0.0806697 0.110943 0.150725 0.156681 0.125478 0.0922979 0.0663234 0.044179 0.0268419 0.0149398 0.00797285 0.00443956 0.00272341 0.00170944 0.00091236
 1.02014e-11 1.10775e-09 7.0919e-08 2.67684e-06 5.95693e-05 0.000781577 0.0060466 0.0275964 0.0744874 0.12041 0.12374 0.100504 0.091015 0.0915287 0.0901842 0.0848481 0.0698642 0.0496838 0.032039 0.018727 0.0097696 0.00470019 0.00228156 0.00116997 0.00056046
 1.53133e-11 1.66284e-09 1.06457e-07 4.01821e-06 8.94194e-05 0.00117322 0.00907613 0.0414152 0.111678 0.179645 0.180375 0.13467 0.103264 0.0815743 0.0531016 0.031437 0.0224023 0.0183413 0.013884 0.0089599 0.00495124 0.0023684 0.00101183 0.000414185 0.000163478
 1.33829e-11 1.45322e-09 9.30364e-08 3.51166e-06 7.81472e-05 0.00102534 0.00793278 0.0362131 0.0978588 0.159099 0.167666 0.145905 0.136956 0.116519 0.0709145 0.0317667 0.0130651 0.00611536 0.00360187 0.00244308 0.00153211 0.000797348 0.000341589 0.000124604 4.03255e-05
 1.48115e-11 1.60835e-09 1.02968e-07 3.88652e-06 8.64891e-05 0.00113478 0.00877912 0.0400679 0.108155 0.174869 0.179769 0.145178 0.124571 0.10269 0.0635822 0.0301339 0.0128027 0.00503703 0.00180366 0.000694269 0.000338715 0.000180086 8.3239e-05 3.06955e-05 9.04328e-06
 1.53898e-11 1.67114e-09 1.06988e-07 4.03827e-06 8.9866e-05 0.00117909 0.00912192 0.0416331 0.112388 0.181782 0.187179 0.151785 0.130031 0.103874 0.0572779 0.0193023 0.003863 0.000456451 3.18075e-05 1.30685e-06 3.16569e-08 4.52114e-10 3.80686e-12 1.88984e-14 5.53261e-17
 1.54294e-11 1.67545e-09 1.07264e-07 4.04868e-06 9.00977e-05 0.00118213 0.00914543 0.0417402 0.112674 0.182219 0.18751 0.15175 0.129659 0.10345 0.0570265 0.0192163 0.00384575 0.000454411 3.16653e-05 1.30101e-06 3.15154e-08 4.50094e-10 3.78985e-12 1.88139e-14 5.5065e-17
 1.64293e-11 1.78403e-09 1.14215e-07 4.31106e-06 9.59364e-05 0.00125873 0.0097378 0.044438 0.119878 0.19323 0.195855 0.150871 0.120284 0.0927627 0.0506909 0.0170505 0.00341107 0.000403022 2.80839e-05 1.15386e-06 2.79508e-08 3.99186e-10 3.3612e-12 1.6686e-14 4.88369e-17
 1.55167e-11 1.68493e-09 1.07871e-07 4.07158e-06 9.06073e-05 0.00118881 0.00919713 0.0419756 0.113303 0.18318 0.188238 0.151674 0.12884 0.102517 0.0564735 0.0190273 0.00380781 0.000449926 3.13527e-05 1.28817e-06 3.12043e-08 4.4565e-10 3.75244e-12 1.86282e-14 5.45214e-17
 1.57589e-11 1.71123e-09 1.09554e-07 4.13513e-06 9.20215e-05 0.00120736 0.00934061 0.042629 0.115048 0.185847 0.190259 0.151461 0.12657 0.0999289 0.054939 0.0185027 0.00370253 0.000437479 3.04853e-05 1.25253e-06 3.03409e-08 4.3332e-10 3.64862e-12 1.81128e-14 5.3013e-17
 1.50296e-11 1.63203e-09 1.04484e-07 3.94376e-06 8.7763e-05 0.0011515 0.00890856 0.0406614 0.109794 0.177815 0.184173 0.152102 0.133407 0.107724 0.0595599 0.0200824 0.00401956 0.000474961 3.30975e-05 1.35986e-06 3.29408e-08 4.70451e-10 3.96126e-12 1.96649e-14 5.75555e-17
 1.52429e-11 1.65519e-09 1.05967e-07 3.99972e-06 8.90082e-05 0.00116783 0.00903489 0.0412367 0.11133 0.180164 0.185953 0.151915 0.131408 0.105445 0.0582087 0.0196205 0.00392686 0.000464001 3.23336e-05 1.32847e-06 3.21805e-08 4.59593e-10 3.86984e-12 1.9211e-14 5.62272e-17
 1.36047e-11 1.47731e-09 9.45787e-08 3.56987e-06 7.94427e-05 0.00104234 0.00806443 0.0368169 0.0995289 0.162124 0.172281 0.153355 0.146767 0.122954 0.0685882 0.0231688 0.00463899 0.000548191 3.82011e-05 1.56955e-06 3.80203e-08 5.42995e-10 4.57209e-12 2.26972e-14 6.64307e-17
 1.29499e-11 1.4062e-09 9.00265e-08 3.39805e-06 7.56191e-05 0.000992175 0.00767651 0.0350502 0.0948116 0.154913 0.166816 0.153931 0.152906 0.129953 0.0727372 0.0245871 0.00492364 0.000581845 4.05464e-05 1.66591e-06 4.03546e-08 5.76334e-10 4.85281e-12 2.40908e-14 7.05094e-17
 1.36287e-11 1.47992e-09 9.47457e-08 3.57618e-06 7.9583e-05 0.00104418 0.00807866 0.0368817 0.099702 0.162389 0.172481 0.153334 0.146541 0.122697 0.068436 0.0231167 0.00462854 0.000546957 3.8115e-05 1.56601e-06 3.79347e-08 5.41772e-10 4.56179e-12 2.26461e-14 6.62811e-17
 1.43153e-11 1.55447e-09 9.95184e-08 3.75632e-06 8.35918e-05 0.00109677 0.00848538 0.038734 0.104648 0.169949 0.178211 0.15273 0.140105 0.115359 0.064086 0.0216297 0.00433009 0.000511673 3.5656e-05 1.46498e-06 3.54873e-08 5.06819e-10 4.26748e-12 2.11851e-14 6.20049e-17
 1.44489e-11 1.56897e-09 1.00447e-07 3.79138e-06 8.43719e-05 0.00110701 0.00856452 0.0390945 0.10561 0.17142 0.179326 0.152613 0.138852 0.113931 0.0632396 0.0213403 0.00427202 0.000504807 3.51775e-05 1.44532e-06 3.5011e-08 5.00018e-10 4.21022e-12 2.09008e-14 6.11728e-17
 1.31156e-11 1.42419e-09 9.11782e-08 3.44153e-06 7.65865e-05 0.00100487 0.00777465 0.0354972 0.0960051 0.156738 0.168199 0.153785 0.151352 0.128182 0.0716875 0.0242283 0.00485162 0.00057333 3.9953e-05 1.64153e-06 3.9764e-08 5.67899e-10 4.78178e-12 2.37382e-14 6.94774e-17
 1.42613e-11 1.54861e-09 9.91432e-08 3.74216e-06 8.32767e-05 0.00109264 0.0084534 0.0385884 0.104259 0.169355 0.177761 0.152778 0.140611 0.115936 0.064428 0.0217466 0.00435356 0.000514447 3.58493e-05 1.47292e-06 3.56797e-08 5.09567e-10 4.29062e-12 2.12999e-14 6.23411e-17
 1.46389e-11 1.58961e-09 1.01768e-07 3.84124e-06 8.54815e-05 0.00112156 0.0086771 0.0396072 0.106979 0.173513 0.180912 0.152446 0.13707 0.1119 0.0620355 0.0209287 0.00418941 0.000495041 3.44969e-05 1.41735e-06 3.43336e-08 4.90342e-10 4.12875e-12 2.04963e-14 5.99891e-17
 1.49257e-11 1.62076e-09 1.03762e-07 3.91651e-06 8.71565e-05 0.00114354 0.00884703 0.0403811 0.109046 0.176672 0.183306 0.152193 0.134381 0.108834 0.060218 0.0203074 0.00406471 0.000480298 3.34695e-05 1.37514e-06 3.3311e-08 4.75738e-10 4.00578e-12 1.98859e-14 5.82024e-17
 1.48862e-11 1.61647e-09 1.03488e-07 3.90615e-06 8.69258e-05 0.00114051 0.00882363 0.0402746 0.108761 0.176237 0.182976 0.152228 0.134751 0.109256 0.0604683 0.0203929 0.00408189 0.000482329 3.36109e-05 1.38095e-06 3.34518e-08 4.7775e-10 4.02272e-12 1.997e-14 5.84485e-17
 1.50001e-11 1.62883e-09 1.04279e-07 3.93602e-06 8.75906e-05 0.00114923 0.00889107 0.0405817 0.109581 0.17749 0.183926 0.152128 0.133684 0.108039 0.059747 0.0201464 0.0040324 0.000476478 3.32032e-05 1.3642e-06 3.3046e-08 4.71954e-10 3.97391e-12 1.97277e-14 5.77394e-17
 1.51429e-11 1.64434e-09 1.05272e-07 3.9735e-06 8.84248e-05 0.00116018 0.0089757 0.0409671 0.11061 0.179064 0.185119 0.152002 0.132345 0.106512 0.0588418 0.0198369 0.00397029 0.000469136 3.26915e-05 1.34318e-06 3.25367e-08 4.6468e-10 3.91267e-12 1.94237e-14 5.68496e-17
 1.45922e-11 1.58454e-09 1.01444e-07 3.829e-06 8.5209e-05 0.00111799 0.00864945 0.0394813 0.106643 0.172999 0.180523 0.152487 0.137508 0.112399 0.0623312 0.0210298 0.0042097 0.000497439 3.4664e-05 1.42422e-06 3.45e-08 4.92719e-10 4.14876e-12 2.05957e-14 6.02798e-17
 1.46204e-11 1.5876e-09 1.0164e-07 3.83639e-06 8.53735e-05 0.00112015 0.00866613 0.0395573 0.106846 0.173309 0.180758 0.152462 0.137244 0.112098 0.0621528 0.0209688 0.00419746 0.000495992 3.45632e-05 1.42008e-06 3.43996e-08 4.91285e-10 4.13669e-12 2.05357e-14 6.01044e-17
 1.44759e-11 1.57191e-09 1.00635e-07 3.79848e-06 8.45298e-05 0.00110908 0.00858054 0.0391675 0.105805 0.171718 0.179552 0.152589 0.138598 0.113642 0.0630682 0.0212817 0.00426026 0.000503417 3.50806e-05 1.44134e-06 3.49146e-08 4.9864e-10 4.19862e-12 2.08432e-14 6.10043e-17
 1.32925e-11 1.44341e-09 9.24082e-08 3.48795e-06 7.76196e-05 0.00101842 0.00787947 0.0359746 0.0972797 0.158686 0.169675 0.15363 0.149694 0.126291 0.0705664 0.023845 0.00477471 0.000564237 3.93193e-05 1.61549e-06 3.91333e-08 5.58891e-10 4.70594e-12 2.33617e-14 6.83754e-17
#obs surv len freq
 8.0285e-12 8.718e-10 5.58134e-08 2.10668e-06 4.68814e-05 0.000615116 0.00475918 0.02173 0.0587808 0.096059 0.103671 0.0975071 0.105354 0.113603 0.109443 0.096686 0.0762067 0.0529755 0.0330606 0.0180505 0.00802811 0.00268252 0.000629617 9.8891e-05 1.00499e-05
 1.1631e-12 1.26299e-10 8.08579e-09 3.05204e-07 6.79252e-06 8.91618e-05 0.000691382 0.00319198 0.00911058 0.0186778 0.0376478 0.078921 0.13181 0.161906 0.162327 0.143303 0.108688 0.0707986 0.0408072 0.0204561 0.00835381 0.00257032 0.000556211 8.04125e-05 7.49818e-06
 1.54522e-11 1.67793e-09 1.07422e-07 4.05465e-06 9.02302e-05 0.00118383 0.00915736 0.041765 0.112334 0.178385 0.168335 0.0986553 0.0490402 0.0483273 0.0703308 0.0793487 0.064626 0.0411794 0.0221317 0.0101029 0.00372981 0.00103912 0.00020449 2.69832e-05 2.30091e-06
 1.38731e-11 1.50645e-09 9.64444e-08 3.6403e-06 8.10101e-05 0.00106291 0.00822364 0.0375437 0.101467 0.164882 0.172522 0.144751 0.126507 0.100992 0.059918 0.0309363 0.0205706 0.0152836 0.00921344 0.00418387 0.00142834 0.00035862 6.34032e-05 7.54517e-06 5.82928e-07
 1.179e-11 1.28026e-09 8.19632e-08 3.09371e-06 6.88466e-05 0.000903321 0.0069892 0.0319133 0.0863115 0.140674 0.148947 0.12981 0.123696 0.118133 0.0963428 0.0641512 0.0326491 0.0126628 0.00445527 0.00162373 0.000520672 0.000122869 1.98625e-05 2.13103e-06 1.48081e-07
 1.28629e-11 1.39676e-09 8.94216e-08 3.37523e-06 7.51113e-05 0.000985513 0.00762489 0.0348098 0.094057 0.15257 0.158083 0.128894 0.112892 0.104871 0.0878118 0.0623331 0.0347618 0.0143798 0.00445416 0.00110463 0.000238316 4.43073e-05 6.30621e-06 6.15535e-07 3.89067e-08
 1.17463e-11 1.27551e-09 8.1659e-08 3.08223e-06 6.85914e-05 0.000899988 0.00696392 0.0318072 0.0861229 0.140951 0.151106 0.134284 0.127424 0.117366 0.0918106 0.0604618 0.0322043 0.0132059 0.00413169 0.000984851 0.000177309 2.419e-05 2.51566e-06 1.9405e-07 1.04493e-08
 1.29048e-11 1.40131e-09 8.97133e-08 3.38624e-06 7.53567e-05 0.000988746 0.00765034 0.0349336 0.0944677 0.153662 0.160479 0.132578 0.116457 0.107031 0.0874726 0.0587621 0.0300911 0.0113142 0.0031996 0.000701268 0.000117433 1.44e-05 1.24899e-06 7.52913e-08 3.1216e-09
 1.20264e-11 1.30592e-09 8.36065e-08 3.15574e-06 7.02277e-05 0.000921475 0.00713069 0.0325774 0.0882859 0.14487 0.156144 0.138885 0.129549 0.116473 0.0886077 0.0555844 0.0273749 0.0100864 0.00276799 0.000570407 8.74151e-05 9.71448e-06 7.59323e-07 4.05061e-08 1.4382e-09
 1.20734e-11 1.31103e-09 8.39334e-08 3.16808e-06 7.05024e-05 0.000925086 0.00715877 0.0327071 0.0886407 0.145386 0.156119 0.137215 0.127118 0.116807 0.0919275 0.0576799 0.0268036 0.00886346 0.00212934 0.000386981 5.34592e-05 5.41501e-06 3.84809e-07 1.85394e-08 5.90692e-10
 1.20766e-11 1.31138e-09 8.39558e-08 3.16893e-06 7.05217e-05 0.000925355 0.00716134 0.0327271 0.0887762 0.146058 0.158197 0.140904 0.130531 0.117465 0.0894382 0.0540132 0.0241136 0.00760054 0.00170098 0.000278115 3.36475e-05 2.97072e-06 1.86035e-07 8.00256e-09 2.29443e-10
 1.12267e-11 1.21908e-09 7.80469e-08 2.94591e-06 6.55591e-05 0.00086027 0.0066586 0.0304466 0.0827659 0.137234 0.152356 0.142698 0.137993 0.125647 0.0948712 0.0557902 0.0238266 0.00707152 0.00146747 0.000219351 2.39532e-05 1.88389e-06 1.03847e-07 3.90874e-09 9.82326e-11
 1.0945e-11 1.1885e-09 7.60891e-08 2.87202e-06 6.39151e-05 0.000838716 0.00649229 0.0296942 0.0807906 0.134298 0.149987 0.141748 0.138526 0.128306 0.0985222 0.0579391 0.0242525 0.0069508 0.00137397 0.000192421 1.9349e-05 1.38176e-06 6.84653e-08 2.29874e-09 5.12188e-11
 8.49473e-12 9.22428e-10 5.90549e-08 2.22907e-06 4.96084e-05 0.000651066 0.00504235 0.0231087 0.0633549 0.108266 0.131364 0.144005 0.157255 0.150124 0.114421 0.065984 0.0270484 0.00761739 0.0014815 0.00020266 1.95788e-05 1.31675e-06 6.0364e-08 1.84998e-09 3.72701e-11
 8.28913e-12 9.00102e-10 5.76256e-08 2.17512e-06 4.84079e-05 0.000635311 0.00492021 0.0225445 0.0617382 0.104957 0.125285 0.134759 0.150641 0.154405 0.126049 0.074497 0.0298861 0.00798356 0.00144785 0.000184037 1.66371e-05 1.05558e-06 4.57261e-08 1.31692e-09 2.47019e-11
 1.07845e-11 1.17107e-09 7.4973e-08 2.8299e-06 6.29793e-05 0.000826498 0.00639922 0.0292892 0.0798432 0.133305 0.149773 0.141616 0.138564 0.130618 0.101197 0.0579832 0.0230245 0.00619698 0.00113975 0.000145076 1.27766e-05 7.68848e-07 3.11072e-08 8.32975e-10 1.45355e-11
 9.29223e-12 1.00903e-09 6.45994e-08 2.43838e-06 5.42689e-05 0.000712327 0.0055191 0.0253245 0.0696506 0.119765 0.145713 0.155735 0.160274 0.142121 0.0990919 0.0514557 0.0188768 0.00476238 0.000830868 0.000101659 8.70412e-06 5.10788e-07 2.00124e-08 5.12096e-10 8.42183e-12
 9.81391e-12 1.06568e-09 6.8226e-08 2.57527e-06 5.73148e-05 0.000752268 0.00582724 0.0267128 0.073185 0.124065 0.144987 0.146202 0.149431 0.140627 0.104971 0.0564381 0.0206855 0.00509425 0.000854739 9.94853e-05 8.0532e-06 4.46657e-07 1.65978e-08 4.04342e-10 6.33866e-12
 9.03012e-12 9.80568e-10 6.27776e-08 2.36965e-06 5.27417e-05 0.000692383 0.00536696 0.0246582 0.068055 0.117975 0.145445 0.156943 0.161908 0.144088 0.100211 0.0511069 0.0182147 0.00444455 0.000743942 8.57572e-05 6.7607e-06 3.58769e-07 1.25924e-08 2.87739e-10 4.22098e-12
 1.01788e-11 1.1053e-09 7.07629e-08 2.67106e-06 5.94491e-05 0.000780373 0.00604703 0.0277466 0.0761999 0.129827 0.152631 0.153062 0.15206 0.136705 0.0960651 0.0480879 0.0163407 0.00373359 0.000582451 6.30502e-05 4.7264e-06 2.40481e-07 8.09537e-09 1.76398e-10 2.44788e-12
 9.63508e-12 1.04626e-09 6.69839e-08 2.52847e-06 5.62796e-05 0.000738941 0.00573023 0.0263546 0.0728994 0.126754 0.155831 0.164199 0.16201 0.136632 0.0891354 0.0421821 0.013852 0.00309772 0.000472318 4.929e-05 3.50221e-06 1.67081e-07 5.26081e-09 1.07494e-10 1.40347e-12
 1.1294e-11 1.2264e-09 7.85168e-08 2.96378e-06 6.59666e-05 0.000866011 0.00671222 0.0308138 0.0846741 0.144078 0.16729 0.160955 0.149356 0.124364 0.0803252 0.0366175 0.0112349 0.00229533 0.000316632 3.00318e-05 1.96465e-06 8.72591e-08 2.56816e-09 4.89791e-11 5.95081e-13
 1.03354e-11 1.12231e-09 7.18532e-08 2.71235e-06 6.03773e-05 0.000792914 0.00615231 0.0283362 0.078624 0.137367 0.168846 0.1736 0.161716 0.126054 0.0749295 0.0319841 0.00939939 0.00186278 0.000248539 2.24167e-05 1.36465e-06 5.55417e-08 1.49053e-09 2.59844e-11 2.90033e-13
 1.03117e-11 1.11974e-09 7.16888e-08 2.70617e-06 6.02411e-05 0.000791162 0.00613914 0.0282755 0.0784082 0.136587 0.166642 0.17056 0.161425 0.1295 0.0779917 0.032628 0.00909719 0.00167084 0.000204078 1.6831e-05 9.4232e-07 3.54582e-08 8.79872e-10 1.4123e-11 1.44374e-13
 1.00118e-11 1.08718e-09 6.96054e-08 2.62762e-06 5.84981e-05 0.000768481 0.00596764 0.0275417 0.0767785 0.135413 0.168844 0.175901 0.164995 0.128377 0.0747628 0.0304886 0.00837504 0.00152539 0.000184129 1.47766e-05 7.87073e-07 2.76115e-08 6.31028e-10 9.28674e-12 8.70217e-14
 1.00291e-11 1.08906e-09 6.97262e-08 2.63224e-06 5.86048e-05 0.000770001 0.00598162 0.0276281 0.0771368 0.136349 0.170264 0.177105 0.165446 0.127722 0.0731713 0.0290806 0.00774387 0.0013666 0.000160207 1.25112e-05 6.47632e-07 2.19435e-08 4.79393e-10 6.66223e-12 5.8269e-14
 8.89971e-12 9.66433e-10 6.18771e-08 2.33613e-06 5.2024e-05 0.000683971 0.00532251 0.0246984 0.0697986 0.126982 0.167259 0.184366 0.176111 0.13381 0.0740653 0.0282646 0.0072156 0.00121988 0.000136838 1.02112e-05 5.04596e-07 1.63161e-08 3.40047e-10 4.50264e-12 3.74238e-14
 8.55909e-12 9.2945e-10 5.95103e-08 2.24687e-06 5.00418e-05 0.000658081 0.00512404 0.0238078 0.0674586 0.123361 0.164106 0.184028 0.17961 0.138485 0.0764677 0.0285561 0.00702423 0.00113188 0.000120138 8.44467e-06 3.92239e-07 1.19147e-08 2.33319e-10 2.904e-12 2.26955e-14
 1.02271e-11 1.11058e-09 7.11074e-08 2.68468e-06 5.97884e-05 0.000786055 0.00611519 0.028333 0.0795818 0.141991 0.178671 0.184354 0.166544 0.121154 0.0636359 0.0226076 0.00527564 0.000802979 8.00639e-05 5.25812e-06 2.27264e-07 6.41021e-09 1.16493e-10 1.34595e-12 9.77061e-15
#pred catch len freq
 1.56238e-13 1.69657e-11 1.0862e-09 4.10066e-08 9.13437e-07 1.20446e-05 9.55468e-05 0.000491157 0.00208184 0.00946905 0.0383878 0.105195 0.179089 0.195576 0.157115 0.112977 0.0768613 0.047693 0.0282719 0.0169865 0.0107438 0.00742618 0.00551642 0.0038665 0.00214386
 7.10378e-14 7.71397e-12 4.93896e-10 1.86498e-08 4.15905e-07 5.51579e-06 4.50002e-05 0.000259599 0.00144494 0.00834361 0.0367823 0.102744 0.175657 0.192299 0.155681 0.114861 0.0826264 0.0550539 0.0334499 0.0186175 0.00993541 0.00553237 0.00339378 0.00213022 0.00113694
 2.27175e-13 2.46685e-11 1.57933e-09 5.96168e-08 1.32726e-06 1.74525e-05 0.00013653 0.000658299 0.00225993 0.00755706 0.0261688 0.0695387 0.122156 0.149896 0.15341 0.1451 0.119559 0.0850313 0.0548322 0.0320491 0.0167195 0.0080438 0.00390461 0.00200226 0.000959158
 6.09526e-13 6.61874e-11 4.23742e-09 1.5995e-07 3.56045e-06 4.67807e-05 0.00036452 0.00172435 0.00548728 0.0155908 0.0475148 0.119324 0.195895 0.200694 0.138599 0.082985 0.0592487 0.0485208 0.0367297 0.023703 0.0130982 0.00626547 0.00267674 0.0010957 0.000432471
 4.83343e-13 5.24855e-11 3.36023e-09 1.26843e-07 2.82396e-06 3.71353e-05 0.0002906 0.00140328 0.00484437 0.0163551 0.0567279 0.148171 0.24378 0.243942 0.153742 0.0693456 0.028562 0.0133739 0.00787735 0.00534296 0.00335068 0.00174377 0.00074704 0.000272504 8.81903e-05
 6.57393e-12 7.13851e-10 4.57014e-08 1.72501e-06 3.83883e-05 0.000503721 0.00389888 0.0178384 0.0487532 0.0836841 0.108788 0.146273 0.192401 0.184373 0.118058 0.0562538 0.0238907 0.00939237 0.00336213 0.00129401 0.000631292 0.00033564 0.000155139 5.72094e-05 1.68546e-05
 8.33087e-12 9.04632e-10 5.79154e-08 2.18602e-06 4.86476e-05 0.000638324 0.00494011 0.0225878 0.0615358 0.104047 0.128266 0.157992 0.196212 0.179323 0.102004 0.0345922 0.0069316 0.000819235 5.70906e-05 2.34567e-06 5.68209e-08 8.115e-10 6.83294e-12 3.39208e-14 9.93048e-17
 8.66613e-12 9.41038e-10 6.02462e-08 2.274e-06 5.06053e-05 0.000664008 0.00513872 0.0234924 0.063951 0.107739 0.131064 0.157698 0.193069 0.17574 0.0998797 0.033866 0.00678586 0.000802005 5.58898e-05 2.29633e-06 5.56257e-08 7.94431e-10 6.68922e-12 3.32072e-14 9.71917e-17
 9.3091e-12 1.01086e-09 6.4716e-08 2.44271e-06 5.43597e-05 0.000713264 0.00551963 0.0252271 0.0685831 0.114819 0.136431 0.157132 0.18704 0.168867 0.0958058 0.0324732 0.00650635 0.00076896 5.35868e-05 2.20171e-06 5.33336e-08 7.61696e-10 6.41358e-12 3.18389e-14 9.31868e-17
 8.91523e-12 9.68087e-10 6.19779e-08 2.33936e-06 5.20598e-05 0.00068309 0.00528629 0.0241644 0.0657456 0.110482 0.133143 0.157479 0.190733 0.173077 0.0983014 0.0333264 0.00667757 0.000789203 5.49976e-05 2.25967e-06 5.47377e-08 7.81749e-10 6.58243e-12 3.26771e-14 9.56401e-17
 9.4302e-12 1.02401e-09 6.55579e-08 2.47449e-06 5.50668e-05 0.000722541 0.00559137 0.0255539 0.0694554 0.116153 0.137441 0.157026 0.185905 0.167573 0.0950385 0.0322109 0.0064537 0.000762736 5.31531e-05 2.18388e-06 5.29019e-08 7.5553e-10 6.36167e-12 3.15812e-14 9.24325e-17
 9.19177e-12 9.98116e-10 6.39003e-08 2.41192e-06 5.36746e-05 0.000704275 0.00545012 0.0249106 0.0677378 0.113527 0.135451 0.157235 0.18814 0.170121 0.0965492 0.0327274 0.00655735 0.00077499 5.40071e-05 2.21897e-06 5.37519e-08 7.67669e-10 6.46388e-12 3.20886e-14 9.39176e-17
 9.05313e-12 9.83062e-10 6.29366e-08 2.37555e-06 5.28651e-05 0.000693655 0.00536799 0.0245365 0.066739 0.112001 0.134294 0.157357 0.18944 0.171603 0.0974276 0.0330277 0.00661762 0.000782115 5.45036e-05 2.23938e-06 5.42461e-08 7.74728e-10 6.52331e-12 3.23836e-14 9.47811e-17
 7.83259e-12 8.50526e-10 5.44515e-08 2.05528e-06 4.57381e-05 0.000600153 0.00464492 0.0212434 0.0579462 0.0985596 0.124108 0.158431 0.200883 0.184649 0.105161 0.0356714 0.00714821 0.000844843 5.88753e-05 2.41899e-06 5.85972e-08 8.36868e-10 7.04654e-12 3.49811e-14 1.02384e-16
 6.90314e-12 7.49598e-10 4.799e-08 1.81139e-06 4.03107e-05 0.00052895 0.00409429 0.0187357 0.0512503 0.0883241 0.116351 0.159248 0.209598 0.194583 0.11105 0.0376847 0.00755225 0.000892612 6.22044e-05 2.55578e-06 6.19106e-08 8.84189e-10 7.44499e-12 3.69592e-14 1.08173e-16
 7.55369e-12 8.2024e-10 5.25126e-08 1.98209e-06 4.41094e-05 0.000578786 0.00447969 0.0204909 0.0559369 0.0954882 0.12178 0.158676 0.203498 0.18763 0.106928 0.0362756 0.00726945 0.000859178 5.98743e-05 2.46004e-06 5.95914e-08 8.51068e-10 7.16611e-12 3.55747e-14 1.04121e-16
 8.64597e-12 9.38849e-10 6.0106e-08 2.26871e-06 5.04875e-05 0.000662463 0.00512678 0.023438 0.0638058 0.107517 0.130896 0.157715 0.193258 0.175955 0.100007 0.0339096 0.00679462 0.000803041 5.5962e-05 2.29929e-06 5.56976e-08 7.95457e-10 6.69786e-12 3.32502e-14 9.73172e-17
 8.15368e-12 8.85392e-10 5.66836e-08 2.13953e-06 4.76129e-05 0.00062475 0.00483514 0.0221097 0.0602593 0.102095 0.126788 0.158148 0.197873 0.181217 0.103127 0.034976 0.00700863 0.000828342 5.77252e-05 2.37174e-06 5.74525e-08 8.20521e-10 6.9089e-12 3.42978e-14 1.00384e-16
 8.03373e-12 8.72367e-10 5.58498e-08 2.10806e-06 4.69125e-05 0.000615561 0.00476408 0.0217861 0.0593952 0.100775 0.125787 0.158254 0.198998 0.182499 0.103887 0.0352358 0.00706077 0.000834506 5.81549e-05 2.3894e-06 5.78802e-08 8.26628e-10 6.96032e-12 3.45531e-14 1.01131e-16
 8.32874e-12 9.04402e-10 5.79007e-08 2.18547e-06 4.86352e-05 0.000638161 0.00493885 0.0225821 0.0615205 0.104023 0.128249 0.157994 0.196232 0.179346 0.102018 0.0345968 0.00693252 0.000819345 5.70982e-05 2.34598e-06 5.68285e-08 8.11608e-10 6.83385e-12 3.39253e-14 9.92932e-17
 8.79626e-12 9.55169e-10 6.11508e-08 2.30814e-06 5.13651e-05 0.000673977 0.00521582 0.0238435 0.0648885 0.109172 0.132151 0.157583 0.191849 0.174349 0.0990552 0.0335841 0.00672929 0.000795317 5.54237e-05 2.27718e-06 5.51618e-08 7.87805e-10 6.63343e-12 3.29303e-14 9.63811e-17
 9.4954e-12 1.03109e-09 6.60112e-08 2.4916e-06 5.54476e-05 0.000727536 0.00563 0.0257298 0.0699252 0.116871 0.137985 0.156968 0.185294 0.166876 0.0946254 0.0320697 0.00642536 0.000759385 5.29195e-05 2.17429e-06 5.26695e-08 7.52211e-10 6.33371e-12 3.14424e-14 9.20264e-17
 1.00503e-11 1.09134e-09 6.98685e-08 2.63719e-06 5.86875e-05 0.000770042 0.00595871 0.0272268 0.0739224 0.122981 0.142616 0.156481 0.180092 0.160945 0.0911097 0.0308679 0.00618415 0.000730869 5.09322e-05 2.09263e-06 5.06915e-08 7.23961e-10 6.09585e-12 3.02616e-14 8.85703e-17
 1.00681e-11 1.09327e-09 6.99923e-08 2.64186e-06 5.87915e-05 0.000771406 0.00596926 0.0272749 0.0740507 0.123177 0.142765 0.156465 0.179925 0.160755 0.0909969 0.0308293 0.00617641 0.000729953 5.08684e-05 2.09001e-06 5.0628e-08 7.23055e-10 6.08822e-12 3.02237e-14 8.84594e-17
 9.9451e-12 1.07992e-09 6.91374e-08 2.6096e-06 5.80734e-05 0.000761986 0.00589641 0.0269431 0.0731648 0.121823 0.141739 0.156573 0.181078 0.162069 0.091776 0.0310956 0.00622987 0.000736273 5.13088e-05 2.10811e-06 5.10664e-08 7.29315e-10 6.14093e-12 3.04854e-14 8.92254e-17
 9.89959e-12 1.07498e-09 6.88211e-08 2.59766e-06 5.78077e-05 0.0007585 0.00586945 0.0268203 0.072837 0.121322 0.141359 0.156613 0.181504 0.162556 0.0920643 0.0311942 0.00624965 0.000738612 5.14718e-05 2.11481e-06 5.12286e-08 7.31632e-10 6.16044e-12 3.05823e-14 8.95088e-17
 9.7924e-12 1.06334e-09 6.80759e-08 2.56953e-06 5.71818e-05 0.000750288 0.00580595 0.0265311 0.0720648 0.120142 0.140464 0.156707 0.182509 0.163701 0.0927435 0.0314264 0.00629625 0.000744121 5.18558e-05 2.13058e-06 5.16107e-08 7.3709e-10 6.2064e-12 3.08104e-14 9.01765e-17
 9.85695e-12 1.07035e-09 6.85246e-08 2.58647e-06 5.75587e-05 0.000755233 0.00584419 0.0267053 0.0725298 0.120853 0.141003 0.156651 0.181904 0.163012 0.0923345 0.0312866 0.00626819 0.000740804 5.16246e-05 2.12108e-06 5.13806e-08 7.33803e-10 6.17872e-12 3.0673e-14 8.97744e-17
 1.01634e-11 1.10363e-09 7.06551e-08 2.66688e-06 5.93482e-05 0.00077871 0.00602574 0.0275321 0.0747376 0.124227 0.143561 0.156381 0.179031 0.159736 0.0903928 0.0306228 0.00613497 0.000725053 5.05269e-05 2.07598e-06 5.02881e-08 7.182e-10 6.04735e-12 3.00208e-14 8.78655e-17
#obs catch len freq
 6.42436e-12 6.97609e-10 4.46615e-08 1.68575e-06 3.75143e-05 0.000492219 0.00380855 0.0173948 0.0471265 0.0776024 0.086523 0.0884826 0.103872 0.117187 0.117216 0.107268 0.0875672 0.0637599 0.0419921 0.0239537 0.010946 0.00372285 0.00088831 0.000142032 1.46977e-05
 5.46457e-12 5.93388e-10 3.79892e-08 1.43391e-06 3.191e-05 0.000418698 0.00324014 0.0148089 0.0402544 0.0673144 0.0795883 0.0917299 0.116335 0.131471 0.127381 0.111852 0.0872946 0.0600258 0.036879 0.0196226 0.00839759 0.00266807 0.000589853 8.66544e-05 8.19512e-06
 5.45678e-13 5.92544e-11 3.79355e-09 1.43195e-07 3.18734e-06 4.18681e-05 0.000325778 0.00152911 0.0046913 0.0120184 0.0327634 0.0793053 0.136503 0.167961 0.167716 0.146656 0.109869 0.0706475 0.0400172 0.0195232 0.00766441 0.00224027 0.000456213 6.16454e-05 5.34689e-06
 8.23105e-12 8.93796e-10 5.72215e-08 2.15983e-06 4.80638e-05 0.000630608 0.00487816 0.0222525 0.0599059 0.0955652 0.0924201 0.0622503 0.0527719 0.0838045 0.129895 0.144487 0.115626 0.0724596 0.0381605 0.0169223 0.00600003 0.00158721 0.000293817 3.62215e-05 2.872e-06
 1.05446e-11 1.14502e-09 7.33051e-08 2.76691e-06 6.15745e-05 0.000807933 0.00625219 0.0285703 0.0775568 0.128563 0.145385 0.147026 0.153078 0.129587 0.077573 0.0404296 0.0269442 0.0195898 0.0114507 0.00501769 0.00164067 0.000390831 6.49884e-05 7.22482e-06 5.18945e-07
 1.11135e-11 1.20679e-09 7.72598e-08 2.91618e-06 6.48961e-05 0.0008515 0.00658867 0.0300928 0.0814844 0.133467 0.143907 0.130873 0.129497 0.124592 0.100794 0.0659396 0.032828 0.0125197 0.00435419 0.0015457 0.000473706 0.000105747 1.60604e-05 1.60956e-06 1.03995e-07
 1.25318e-11 1.36081e-09 8.71201e-08 3.28836e-06 7.31784e-05 0.00096016 0.00742904 0.0339213 0.0917192 0.149179 0.15603 0.130084 0.116302 0.108301 0.0899385 0.0627546 0.0341625 0.0137527 0.00414165 0.000997842 0.000207769 3.67556e-05 4.91688e-06 4.4797e-07 2.63222e-08
 1.1361e-11 1.23367e-09 7.89805e-08 2.98113e-06 6.63419e-05 0.000870486 0.00673607 0.0307747 0.0834152 0.137074 0.148919 0.13596 0.13148 0.121028 0.0938064 0.0607608 0.031618 0.012615 0.00382317 0.000877875 0.000151454 1.96844e-05 1.93389e-06 1.39635e-07 6.99112e-09
 1.27405e-11 1.38347e-09 8.85711e-08 3.34313e-06 7.43975e-05 0.000976172 0.00755338 0.0344967 0.0933464 0.152189 0.160091 0.134197 0.11904 0.109012 0.0880245 0.0579321 0.0288944 0.0105572 0.00289252 0.000610411 9.76777e-05 1.13699e-05 9.30815e-07 5.266e-08 2.03676e-09
 1.20373e-11 1.30711e-09 8.36825e-08 3.15862e-06 7.02918e-05 0.00092233 0.00713767 0.0326153 0.0884456 0.145429 0.157541 0.140931 0.131005 0.116552 0.0874952 0.05381 0.0258091 0.0092248 0.00244597 0.000484278 7.08467e-05 7.46797e-06 5.50437e-07 2.75495e-08 9.13846e-10
 1.21806e-11 1.32267e-09 8.46783e-08 3.1962e-06 7.11285e-05 0.000933312 0.00722276 0.0330048 0.0894948 0.147008 0.158347 0.139346 0.128109 0.116237 0.0900033 0.0551476 0.0248817 0.00796969 0.00184985 0.000323051 4.25698e-05 4.08536e-06 2.7355e-07 1.23611e-08 3.67963e-10
 1.22277e-11 1.32779e-09 8.50061e-08 3.20858e-06 7.14043e-05 0.00093695 0.00725145 0.0331446 0.0899565 0.148205 0.160885 0.143106 0.131143 0.116306 0.0870299 0.0512798 0.0221998 0.00676456 0.00145932 0.00022891 2.64058e-05 2.20892e-06 1.30313e-07 5.25511e-09 1.40707e-10
 1.14055e-11 1.23851e-09 7.92904e-08 2.99285e-06 6.66041e-05 0.000873999 0.00676531 0.030941 0.0841614 0.139754 0.155442 0.145114 0.138534 0.124166 0.0919988 0.0526969 0.0217917 0.00624422 0.00124758 0.000178701 1.85856e-05 1.38394e-06 7.18562e-08 2.53603e-09 5.9528e-11
 1.11412e-11 1.20981e-09 7.74531e-08 2.9235e-06 6.50613e-05 0.000853777 0.00660935 0.0302364 0.0823184 0.137037 0.153283 0.14429 0.139146 0.12678 0.0953648 0.0545214 0.0220652 0.00609728 0.00115876 0.0001553 1.48577e-05 1.00386e-06 4.68317e-08 1.47421e-09 3.06855e-11
 8.71165e-12 9.45984e-10 6.0563e-08 2.286e-06 5.08761e-05 0.000667728 0.00517201 0.0237113 0.0650671 0.111391 0.13523 0.147083 0.158073 0.148317 0.110639 0.0619745 0.0245432 0.00665717 0.00124289 0.000162419 1.49063e-05 9.47527e-07 4.08752e-08 1.17427e-09 2.21011e-11
 8.51671e-12 9.24816e-10 5.92078e-08 2.23485e-06 4.97378e-05 0.000652789 0.00505616 0.0231752 0.0635199 0.108164 0.12921 0.138094 0.15215 0.153095 0.121856 0.0697136 0.0269648 0.00693053 0.00120593 0.000146365 1.25585e-05 7.52127e-07 3.06209e-08 8.25969e-10 1.44687e-11
 1.10435e-11 1.1992e-09 7.6774e-08 2.89789e-06 6.4493e-05 0.000846388 0.00655381 0.0300043 0.0818438 0.136801 0.153741 0.144439 0.13913 0.128582 0.0971119 0.0538683 0.0206163 0.00533199 0.000938856 0.00011385 9.50282e-06 5.39444e-07 2.0504e-08 5.1392e-10 8.36835e-12
 9.50865e-12 1.03253e-09 6.61042e-08 2.4952e-06 5.55344e-05 0.000728979 0.00564906 0.0259327 0.0714033 0.123023 0.149752 0.158748 0.160597 0.139598 0.0949718 0.04778 0.0168942 0.0040943 0.000683516 7.9596e-05 6.44913e-06 3.56404e-07 1.31007e-08 3.13562e-10 4.81092e-12
 1.00604e-11 1.09245e-09 6.994e-08 2.63998e-06 5.87559e-05 0.00077122 0.00597488 0.0273997 0.0751327 0.127561 0.149137 0.14937 0.150214 0.138336 0.100392 0.0521388 0.0183861 0.00434425 0.000696698 7.71043e-05 5.90133e-06 3.07945e-07 1.07236e-08 2.44035e-10 3.56474e-12
 9.27276e-12 1.00692e-09 6.44647e-08 2.43335e-06 5.41609e-05 0.000711066 0.0055129 0.0253419 0.0700233 0.121601 0.14984 0.16014 0.162213 0.141243 0.0955912 0.0471209 0.0161535 0.00377702 0.000603148 6.59863e-05 4.91194e-06 2.45043e-07 8.05539e-09 1.71851e-10 2.34747e-12
 1.04358e-11 1.13321e-09 7.25502e-08 2.73854e-06 6.09525e-05 0.000800158 0.0062014 0.0284671 0.0782525 0.133523 0.156977 0.156206 0.152438 0.133792 0.0912061 0.0440302 0.0143753 0.00314624 0.000468185 4.80706e-05 3.39821e-06 1.62289e-07 5.10997e-09 1.03867e-10 1.34155e-12
 9.89908e-12 1.07493e-09 6.88195e-08 2.59779e-06 5.78245e-05 0.000759293 0.00588944 0.0271022 0.0750539 0.130693 0.16045 0.16722 0.161702 0.133112 0.0843122 0.0384947 0.012138 0.00259628 0.000376934 3.72598e-05 2.49486e-06 1.11664e-07 3.28637e-09 6.2578e-11 7.59608e-13
 1.15654e-11 1.25587e-09 8.04034e-08 3.03503e-06 6.75542e-05 0.000886919 0.00687556 0.0315778 0.0868523 0.147971 0.171707 0.163757 0.148963 0.120767 0.0755013 0.0331373 0.00975358 0.00190585 0.000250397 2.2492e-05 1.38529e-06 5.76488e-08 1.58421e-09 2.81373e-11 3.17694e-13
 1.0603e-11 1.15137e-09 7.37144e-08 2.78266e-06 6.1945e-05 0.000813597 0.00631459 0.0291024 0.0808487 0.141444 0.173507 0.176257 0.160649 0.121964 0.0702558 0.0288871 0.00813854 0.00154027 0.000195404 1.66738e-05 9.55452e-07 3.64407e-08 9.12979e-10 1.48135e-11 1.53525e-13
 1.05768e-11 1.14853e-09 7.35327e-08 2.77583e-06 6.17947e-05 0.000811664 0.00630008 0.0290357 0.0806155 0.140639 0.171362 0.173517 0.160703 0.12531 0.0729287 0.0293316 0.00783396 0.00137397 0.000159594 1.24497e-05 6.55569e-07 2.30924e-08 5.34583e-10 7.98467e-12 7.57966e-14
 1.027e-11 1.11522e-09 7.14014e-08 2.69548e-06 6.00128e-05 0.000788501 0.00612533 0.0282915 0.0789802 0.139511 0.173641 0.178794 0.164024 0.124034 0.069799 0.0273545 0.00719061 0.00124858 0.000143075 1.08476e-05 5.43307e-07 1.78481e-08 3.80634e-10 5.21208e-12 4.53353e-14
 1.02924e-11 1.11766e-09 7.15582e-08 2.70148e-06 6.01506e-05 0.000790447 0.00614284 0.0283958 0.0793937 0.140547 0.175169 0.180047 0.164372 0.123154 0.0680847 0.02598 0.00661576 0.00111217 0.000123629 9.10843e-06 4.42715e-07 1.40319e-08 2.8593e-10 3.69775e-12 3.00363e-14
 9.15142e-12 9.93772e-10 6.36287e-08 2.40236e-06 5.35047e-05 0.000703611 0.0054783 0.0254491 0.0720501 0.131289 0.172435 0.187502 0.174879 0.128897 0.0688133 0.0251983 0.00614721 0.000989152 0.000105115 7.3928e-06 3.42669e-07 1.03532e-08 2.01034e-10 2.47467e-12 1.90885e-14
 8.82343e-12 9.58164e-10 6.13501e-08 2.31645e-06 5.15977e-05 0.000678723 0.0052878 0.0245962 0.0698182 0.127869 0.169576 0.187486 0.178411 0.133157 0.0707773 0.0253298 0.00594936 0.000911923 9.16432e-05 6.0673e-06 2.64135e-07 7.49046e-09 1.36538e-10 1.57843e-12 1.14381e-14
#spawning biomass
 8074.89 7096.21 5908.74 6636.19 10784.9 17167 22682.9 31574.6 46260.6 73418.9 102496 137856 165378 192175 173665 154755 153833 160030 167589 142021 152042 171219 191252 200902 218081 240187 234515 231628 207024 149066 358274 560654 764827 956599 1.12882e+06 1.2792e+06 1.40832e+06 1.51821e+06 1.61149e+06 1.6908e+06 1.75859e+06 1.817e+06 1.86783e+06 1.9073e+06 1.93191e+06 1.95573e+06 1.97879e+06 2.00113e+06 2.02275e+06 2.04369e+06 2.06396e+06 2.08359e+06 2.10259e+06 2.12099e+06 2.13881e+06 2.15606e+06 2.17276e+06 2.18893e+06 2.20459e+06 2.21975e+06 2.23443e+06 2.24864e+06 2.2624e+06 2.27572e+06 2.28862e+06 2.30111e+06 2.31321e+06 2.32492e+06 2.33625e+06 2.34723e+06 2.35786e+06 2.36815e+06 2.37811e+06 2.38776e+06 2.3971e+06 2.40614e+06 2.4149e+06 2.42338e+06 2.43159e+06 2.43954e+06 2.44723e+06 2.45468e+06 2.4619e+06 2.46888e+06 2.47565e+06 2.4822e+06 2.48854e+06 2.49468e+06 2.50062e+06 2.50638e+06 2.51195e+06 2.51734e+06 2.52257e+06 2.52762e+06 2.53252e+06 2.53726e+06 2.54185e+06 2.5463e+06 2.5506e+06 2.55477e+06 2.55881e+06 2.56271e+06 2.5665e+06 2.57016e+06 2.5737e+06 2.57714e+06 2.58046e+06 2.58368e+06 2.5868e+06 2.58981e+06 2.59274e+06 2.59556e+06 2.5983e+06 2.60096e+06 2.60352e+06 2.60601e+06 2.60842e+06 2.61075e+06 2.613e+06 2.61519e+06 2.6173e+06 2.61935e+06 2.62133e+06 2.62325e+06 2.62511e+06 2.62691e+06 2.62866e+06 2.63034e+06 2.63198e+06 0 0 0 0 0 0 0 0 0 0 0 0 0 0 0 0 0 0 0 0 0 0 0 0 0
