SBPRF35
0.256306
Curr Bio
280891
B35
432292
F35
0.381157
FOFL
0.208855
OFL
59013.4
Bzero
73230.3
#pred survey bio
 84988.3 83989.3 65900.6 52710.8 74303.6 114851 173293 238335 287295 340340 360375 370502 385882 385045 425194 426114 409178 365272 398251 437033 442396 420339 456369 483026 498727 474156 459146 429126 1.38073e+07 7.83247e+06 5.64734e+06 3.73747e+06 2.45463e+06 1.68994e+06 1.2608e+06 1.02651e+06 899396 829845 791064 768886 755838 747944 743042 739925 737923 736618 735759 735188 734807 734552 734380 734264 734186 734134 734098 734074 734058 734047 734039 734034 734031 734028 734027 734026 734025 734025 734024 734024 734024 734024 734024 734024 734024 734024 734024 734024 734024 734024 734024 734024 734024 734024 734024 734024 734024 734024 734024 734024 734024 734024 734024 734024 734024 734024 734024 734024 734024 734024 734024 734024 734024 734024 734024 734024 734024 734024 734024 734024 734024 734024 734024 734024 734024 734024 734024 734024 734024 734024 734024 734024 734024 734024 734024 734024 734024 734024 734024 734024 0 0 0 0 0 0 0 0 0 0 0 0 0 0 0 0 0 0 0 0 0 0 0 0 0
#obs survey bio
 59704.4 81391.5 48876 58387 81453.8 183863 233965 325273 244549 303156 312503 440669 304307 477622 372393 440719 409934 335578 483466 552089 382770 421283 554403 357790 521805 424536 411011 422390
#pred catch bio
 10267.2 15329.4 14821.5 10622.7 16173.7 27973 42997.5 67344 78687.9 123137 154405 162910 181072 162587 196817 205389 204134 153304 174334 198663 202338 167527 193694 213320 237031 217959 222357 222967 59013.4 96604.9 67401.8 42851.4 26964.6 17909.7 13113.2 10685.3 9491.92 8916.64 8642.93 8513.86 8453.37 8425.14 8412 8405.89 8403.07 8401.76 8401.16 8400.88 8400.75 8400.69 8400.67 8400.65 8400.65 8400.65 8400.64 8400.64 8400.64 8400.64 8400.64 8400.64 8400.64 8400.64 8400.64 8400.64 8400.64 8400.64 8400.64 8400.64 8400.64 8400.64 8400.64 8400.64 8400.64 8400.64 8400.64 8400.64 8400.64 8400.64 8400.64 8400.64 8400.64 8400.64 8400.64 8400.64 8400.64 8400.64 8400.64 8400.64 8400.64 8400.64 8400.64 8400.64 8400.64 8400.64 8400.64 8400.64 8400.64 8400.64 8400.64 8400.64 8400.64 8400.64 8400.64 8400.64 8400.64 8400.64 8400.64 8400.64 8400.64 8400.64 8400.64 8400.64 8400.64 8400.64 8400.64 8400.64 8400.64 8400.64 8400.64 8400.64 8400.64 8400.64 8400.64 8400.64 8400.64 8400.64 8400.64 8400.64 0 0 0 0 0 0 0 0 0 0 0 0 0 0 0 0 0 0 0 0 0 0 0 0 0
#obs catch bio
 13257.2 16045.4 15596.4 10640.6 16606.6 27141 39619.4 61256.4 71215.9 111088 144159 156402 184070 156678 186029 196809 195423 151367 173484 196732 195259 160541 181764 213924 237432 212716 224764 224282
#pred cpue bio
 82741.6 82948.4 65605.6 51417.8 69805.2 109009 164258 227629 275468 326533 344237 351504 366156 364865 403163 404277 388091 347424 377657 413346 420403 400688 434004 458620 473440 450498 436730 407261 1.30424e+07 7.80792e+06 5.62676e+06 3.71679e+06 2.43395e+06 1.66926e+06 1.24012e+06 1.00583e+06 878713 809162 770382 748203 735155 727261 722359 719242 717240 715935 715076 714505 714124 713869 713697 713581 713503 713451 713415 713391 713375 713364 713356 713351 713348 713346 713344 713343 713342 713342 713341 713341 713341 713341 713341 713341 713341 713341 713341 713341 713341 713341 713341 713341 713341 713341 713341 713341 713341 713341 713341 713341 713341 713341 713341 713341 713341 713341 713341 713341 713341 713341 713341 713341 713341 713341 713341 713341 713341 713341 713341 713341 713341 713341 713341 713341 713341 713341 713341 713341 713341 713341 713341 713341 713341 713341 713341 713341 713341 713341 713341 713341 0 0 0 0 0 0 0 0 0 0 0 0 0 0 0 0 0 0 0 0 0 0 0 0 0
#obs cpue bio
 74803.9 63557.5 62425.5 71852.4 45629.6 160432 255283 258688 430087 484350 392558 297892 362894 393984 638557 432319 482433 318215 329883 353410 634200 452506 529740 446633 480510 581002 416342 420558
#pred surv len freq
 2.73494e-11 1.28639e-09 4.18967e-08 9.44876e-07 1.47556e-05 0.000159562 0.0011948 0.00619575 0.0222559 0.0554447 0.0962332 0.118448 0.110103 0.091455 0.0832293 0.0804797 0.0724347 0.060766 0.0501539 0.0411036 0.0334609 0.0274468 0.0222842 0.0166635 0.0104722
 1.50891e-11 7.0972e-10 2.31151e-08 5.21304e-07 8.14094e-06 8.80342e-05 0.000659238 0.00341922 0.0122921 0.0307201 0.0539857 0.069585 0.0747236 0.0827421 0.0989819 0.108974 0.102988 0.0886607 0.0741302 0.0602458 0.0471057 0.0357736 0.0263278 0.0179918 0.0105964
 6.80111e-12 3.19892e-10 1.04187e-08 2.34967e-07 3.66938e-06 3.96802e-05 0.000297155 0.0015415 0.00554553 0.013897 0.0246799 0.0330276 0.039317 0.0511874 0.0710505 0.0914856 0.10717 0.116816 0.116018 0.102695 0.0821186 0.060768 0.0418524 0.026236 0.0142532
 2.97792e-11 1.40067e-09 4.56189e-08 1.02882e-06 1.60665e-05 0.000173736 0.00130091 0.00674527 0.0242201 0.0602414 0.1039 0.124788 0.106164 0.0683951 0.0415145 0.0343042 0.0404627 0.0529713 0.0655103 0.0717691 0.0680014 0.0553558 0.0388187 0.0234203 0.0119262
 4.44296e-11 2.08976e-09 6.8062e-08 1.53497e-06 2.39707e-05 0.000259209 0.00194092 0.0100639 0.0361375 0.0898971 0.155142 0.186767 0.160184 0.105295 0.0635611 0.042186 0.0290503 0.0196972 0.0160691 0.0172323 0.0191697 0.0185155 0.0146645 0.00936692 0.00477538
 3.72085e-11 1.75011e-09 5.7e-08 1.28549e-06 2.00748e-05 0.000217081 0.0016255 0.00842893 0.0302744 0.0753883 0.130625 0.159721 0.145021 0.112996 0.0927765 0.079827 0.0603885 0.0377135 0.0210591 0.0124242 0.00912385 0.00805105 0.00686375 0.00482605 0.00262815
 3.79709e-11 1.78597e-09 5.81679e-08 1.31183e-06 2.04861e-05 0.000221529 0.00165879 0.0086014 0.0308915 0.0769007 0.133081 0.161953 0.144617 0.107866 0.0838723 0.0722867 0.0598987 0.0448367 0.0306953 0.018941 0.0105358 0.00584423 0.00363424 0.00233995 0.00130186
 3.46349e-11 1.62906e-09 5.30574e-08 1.19658e-06 1.86863e-05 0.000202066 0.00151307 0.00784597 0.0281812 0.0701818 0.121645 0.148936 0.135888 0.107438 0.0908334 0.0819164 0.0677499 0.050054 0.0350947 0.0235829 0.0144713 0.00787418 0.00388965 0.00184354 0.000839905
 3.32172e-11 1.56238e-09 5.08857e-08 1.1476e-06 1.79214e-05 0.000193795 0.00145114 0.00752485 0.0270281 0.0673126 0.11669 0.142955 0.130725 0.104066 0.0892198 0.0822686 0.0706187 0.0550485 0.0406111 0.0282253 0.0178831 0.0101196 0.00503568 0.0021806 0.000823986
 3.32654e-11 1.56465e-09 5.09596e-08 1.14926e-06 1.79474e-05 0.000194077 0.00145324 0.00753573 0.0270667 0.0674038 0.116814 0.142951 0.130217 0.102627 0.0868291 0.079618 0.0687135 0.0545559 0.0416319 0.0303083 0.0202131 0.0119908 0.00617825 0.00269893 0.000980257
 3.53913e-11 1.66464e-09 5.42162e-08 1.22271e-06 1.90944e-05 0.000206479 0.00154611 0.00801716 0.0287943 0.0716907 0.124138 0.151416 0.136325 0.104059 0.0838967 0.0742413 0.0626748 0.0488362 0.0368829 0.0270751 0.0185825 0.0115079 0.00621501 0.00282519 0.00104828
 3.79771e-11 1.78626e-09 5.81774e-08 1.31204e-06 2.04895e-05 0.000221565 0.00165907 0.00860279 0.0308963 0.0769107 0.133086 0.161896 0.144354 0.107159 0.0824587 0.0699833 0.0569076 0.0422796 0.0303246 0.0214441 0.0144922 0.00903453 0.00500386 0.00235749 0.000907156
 3.74335e-11 1.76069e-09 5.73446e-08 1.29326e-06 2.01962e-05 0.000218393 0.00163532 0.00847974 0.0304554 0.075824 0.131278 0.16004 0.143799 0.109047 0.086611 0.074634 0.0599713 0.04294 0.0291348 0.0193906 0.0123996 0.00742244 0.00403764 0.00191034 0.000749516
 3.79228e-11 1.78371e-09 5.80942e-08 1.31017e-06 2.04602e-05 0.000221248 0.0016567 0.00859055 0.0308529 0.0768088 0.13295 0.161924 0.145 0.108946 0.0853999 0.0732108 0.0592106 0.0429432 0.0292941 0.0191387 0.0116973 0.00659618 0.00339397 0.00154595 0.000596438
 3.76272e-11 1.7698e-09 5.76413e-08 1.29995e-06 2.03007e-05 0.000219523 0.00164378 0.0085236 0.0306128 0.0762137 0.131939 0.160782 0.144265 0.108996 0.0861575 0.0742265 0.0600459 0.0434953 0.0297059 0.0194829 0.0118912 0.00658483 0.00325951 0.00141273 0.000520612
 3.73732e-11 1.75785e-09 5.72522e-08 1.29118e-06 2.01636e-05 0.000218041 0.00163269 0.00846608 0.0304064 0.0757019 0.131067 0.159784 0.143577 0.108918 0.0866452 0.0749873 0.0607881 0.0440802 0.0301165 0.0197476 0.0120471 0.00665513 0.00326304 0.00138382 0.000493178
 3.7513e-11 1.76443e-09 5.74664e-08 1.29601e-06 2.02391e-05 0.000218857 0.00163879 0.00849774 0.0305199 0.0759832 0.131544 0.16032 0.143912 0.108865 0.0862388 0.0744534 0.0603633 0.0438513 0.0300331 0.0197304 0.0120474 0.00665312 0.00325406 0.00137088 0.000482151
 3.62893e-11 1.70687e-09 5.55918e-08 1.25373e-06 1.95789e-05 0.000211718 0.00158534 0.00822064 0.0295258 0.0735187 0.12735 0.155549 0.140728 0.108767 0.0889624 0.0783676 0.0638286 0.046233 0.0315209 0.0206595 0.0126183 0.00697728 0.0034147 0.00143679 0.000503274
 3.77892e-11 1.77742e-09 5.78895e-08 1.30555e-06 2.03881e-05 0.000220468 0.00165086 0.00856026 0.0307439 0.0765348 0.132459 0.161246 0.144141 0.107801 0.0840311 0.072169 0.0592068 0.0441175 0.031071 0.0207767 0.0127705 0.00706262 0.00345436 0.00145324 0.000508766
 3.86886e-11 1.81972e-09 5.92673e-08 1.33662e-06 2.08733e-05 0.000225715 0.00169015 0.00876396 0.0314751 0.0783519 0.135582 0.164941 0.147095 0.109218 0.0839501 0.0708327 0.0567365 0.040928 0.028061 0.0186986 0.0116858 0.00659862 0.00327289 0.00138527 0.00048574
 3.65661e-11 1.7199e-09 5.60159e-08 1.2633e-06 1.97282e-05 0.000213333 0.00159743 0.00828335 0.029751 0.0740794 0.12832 0.156728 0.14177 0.109504 0.0893971 0.0784144 0.0633009 0.0451423 0.0302009 0.0195271 0.0118951 0.00663655 0.00330265 0.00141426 0.000501723
 3.54484e-11 1.66732e-09 5.43037e-08 1.22468e-06 1.91252e-05 0.000206812 0.00154861 0.0080302 0.0288422 0.0718203 0.124433 0.152109 0.138012 0.107543 0.0891757 0.0797105 0.0661015 0.0490592 0.0341646 0.0225022 0.0136067 0.00742757 0.003616 0.00152876 0.000541193
 3.67626e-11 1.72914e-09 5.63169e-08 1.27008e-06 1.98342e-05 0.000214479 0.00160601 0.00832775 0.0299094 0.0744629 0.12891 0.157102 0.141009 0.106689 0.0847609 0.0739564 0.0614325 0.0465314 0.0335075 0.0229504 0.0143942 0.00804885 0.0039394 0.00165006 0.000576104
 3.73075e-11 1.75477e-09 5.71516e-08 1.28891e-06 2.01282e-05 0.000217658 0.00162982 0.00845118 0.0303526 0.0755658 0.130816 0.159406 0.143008 0.108008 0.0853709 0.0736767 0.0599472 0.0440337 0.0308854 0.0210809 0.0134966 0.00780191 0.00394503 0.00169001 0.000595552
 3.7258e-11 1.75244e-09 5.70758e-08 1.2872e-06 2.01015e-05 0.000217369 0.00162766 0.00843999 0.0303127 0.0754683 0.130661 0.159283 0.143106 0.10852 0.0862902 0.0746963 0.0606442 0.0441462 0.0304092 0.0202522 0.0126879 0.00727888 0.00371982 0.00162985 0.000588493
 3.68415e-11 1.73285e-09 5.64378e-08 1.27281e-06 1.98768e-05 0.00021494 0.00160946 0.00834569 0.0299744 0.0746299 0.129236 0.157669 0.142054 0.108563 0.0873541 0.0762219 0.0620505 0.0451621 0.0310052 0.0204692 0.0126254 0.00710186 0.00357113 0.00155591 0.000565289
 3.64156e-11 1.71282e-09 5.57853e-08 1.2581e-06 1.9647e-05 0.000212455 0.00159086 0.00824923 0.0296281 0.07377 0.127761 0.155939 0.140723 0.108036 0.0875852 0.0769718 0.0631392 0.0464352 0.0322257 0.021401 0.0131825 0.00735315 0.00364711 0.00156542 0.000562398
 3.74163e-11 1.75988e-09 5.73183e-08 1.29267e-06 2.01869e-05 0.000218293 0.00163457 0.00847583 0.0304411 0.0757854 0.131191 0.159842 0.143331 0.10812 0.0853431 0.0737002 0.0601583 0.0443201 0.0309376 0.0207213 0.0128784 0.0072258 0.00358314 0.00152792 0.000543247
#obs surv len freq
 2.56094e-11 1.20454e-09 3.92312e-08 8.84763e-07 1.38169e-05 0.00014941 0.00111879 0.00580167 0.0208415 0.0519319 0.0902105 0.111387 0.104673 0.0893232 0.0841933 0.0835581 0.0769968 0.0665183 0.056573 0.0472936 0.03829 0.0296833 0.0212772 0.0133118 0.00685248
 5.24707e-12 2.46797e-10 8.03802e-09 1.81278e-07 2.83097e-06 3.06149e-05 0.000229302 0.00119023 0.0042921 0.0108567 0.019965 0.0298571 0.0446738 0.0720068 0.105761 0.125548 0.123117 0.109817 0.0953063 0.0801452 0.064147 0.0484132 0.0336351 0.0205522 0.0104526
 1.74763e-14 8.22016e-13 2.67747e-11 6.0403e-10 9.44476e-09 1.02646e-07 7.83901e-07 4.37991e-06 2.02297e-05 9.49314e-05 0.000471467 0.00205556 0.00689591 0.0175621 0.0360017 0.0641815 0.101662 0.137371 0.153829 0.145582 0.121747 0.0924911 0.063351 0.0378383 0.018839
 5.27301e-11 2.48017e-09 8.07775e-08 1.82174e-06 2.8449e-05 0.000307634 0.0023035 0.0119434 0.0428799 0.106602 0.183512 0.218753 0.180575 0.103287 0.0412278 0.0124881 0.00553131 0.00743396 0.0120932 0.0162932 0.0176411 0.015541 0.0113266 0.00685057 0.00338003
 3.02647e-11 1.4235e-09 4.63626e-08 1.0456e-06 1.63285e-05 0.000176571 0.00132219 0.00685678 0.024637 0.0614401 0.107073 0.133817 0.130726 0.120739 0.120139 0.11173 0.0808274 0.0425348 0.0175089 0.00873285 0.00810756 0.00858036 0.0074372 0.00500295 0.00259405
 4.23551e-11 1.99218e-09 6.4884e-08 1.4633e-06 2.28515e-05 0.000247106 0.0018503 0.00959408 0.034452 0.0857159 0.14801 0.178584 0.154543 0.104997 0.0696648 0.0551288 0.0483636 0.0408543 0.0302842 0.0182896 0.0090742 0.00450875 0.00283351 0.00191047 0.00106914
 3.87709e-11 1.82359e-09 5.93933e-08 1.33947e-06 2.09177e-05 0.000226196 0.00169374 0.00878267 0.0315432 0.0785287 0.135938 0.165615 0.148449 0.11171 0.0872598 0.0732235 0.056361 0.0380483 0.0248677 0.0167135 0.0106332 0.00582855 0.00276184 0.00124049 0.000552427
 3.65087e-11 1.7172e-09 5.59279e-08 1.26132e-06 1.96973e-05 0.000212998 0.00159493 0.00827033 0.0297041 0.07396 0.128097 0.156381 0.141227 0.108654 0.0883974 0.0779215 0.0639605 0.0466936 0.0315852 0.0200689 0.0118227 0.00642493 0.00315436 0.00135057 0.000498122
 3.50338e-11 1.64782e-09 5.36684e-08 1.21036e-06 1.89015e-05 0.000204393 0.00153049 0.00793626 0.0285049 0.0709801 0.122978 0.15033 0.136404 0.106328 0.0883258 0.0793689 0.0666115 0.0505289 0.036213 0.0244775 0.015007 0.00816161 0.00390309 0.0016182 0.0005688
 3.59366e-11 1.69028e-09 5.50514e-08 1.24155e-06 1.93886e-05 0.00020966 0.00156993 0.00814067 0.029238 0.0727949 0.126049 0.15374 0.138395 0.105583 0.0850182 0.0750448 0.0629808 0.0483942 0.0355474 0.0249311 0.0160423 0.00917788 0.0045528 0.00190895 0.000661368
 3.84989e-11 1.8108e-09 5.89767e-08 1.33007e-06 2.0771e-05 0.000224609 0.00168186 0.00872096 0.0313204 0.0779622 0.134878 0.163948 0.145773 0.10735 0.0815753 0.0687395 0.0559894 0.0418621 0.030114 0.0210741 0.0138207 0.00818973 0.0042411 0.00185209 0.000660359
 3.93429e-11 1.8505e-09 6.02695e-08 1.35923e-06 2.12263e-05 0.000229533 0.00171873 0.00891213 0.032007 0.079671 0.137833 0.167534 0.148932 0.109563 0.0828981 0.069017 0.054754 0.0390868 0.0265471 0.0177046 0.0112873 0.00664562 0.00349027 0.0015681 0.000578332
 3.61301e-11 1.69939e-09 5.5348e-08 1.24824e-06 1.9493e-05 0.00021079 0.00157839 0.00818463 0.029397 0.0732014 0.126826 0.155032 0.140647 0.109497 0.0904198 0.0798836 0.0646125 0.0460209 0.0306581 0.0196925 0.0119389 0.0066947 0.0034051 0.00151509 0.000563731
 3.94391e-11 1.85502e-09 6.04169e-08 1.36255e-06 2.12782e-05 0.000230094 0.00172293 0.00893387 0.0320844 0.079858 0.138116 0.167691 0.148478 0.108035 0.0805345 0.0671223 0.0547704 0.0410649 0.0290514 0.0193138 0.0116938 0.00636888 0.00310304 0.00132518 0.000479573
 3.74292e-11 1.76049e-09 5.73379e-08 1.29311e-06 2.01939e-05 0.000218368 0.00163513 0.00847879 0.0304525 0.0758192 0.13129 0.16015 0.144201 0.109966 0.0879952 0.0759471 0.060585 0.0427587 0.0285609 0.018729 0.0116297 0.00652879 0.0032105 0.00134944 0.000473892
 3.89572e-11 1.83236e-09 5.96787e-08 1.34591e-06 2.10183e-05 0.000227283 0.00170188 0.00882477 0.0316933 0.0788914 0.136491 0.165939 0.147636 0.108912 0.0829596 0.0698806 0.0565095 0.0413566 0.0284314 0.01853 0.0111587 0.00611543 0.00299923 0.00127167 0.000448211
 3.75569e-11 1.7665e-09 5.75336e-08 1.29753e-06 2.02628e-05 0.000219113 0.00164071 0.00850771 0.0305561 0.0760754 0.13172 0.160612 0.144418 0.109731 0.0873926 0.0753787 0.0604529 0.0430552 0.0288963 0.0187873 0.0114425 0.00630052 0.00306283 0.0012818 0.000448265
 3.52938e-11 1.66005e-09 5.40667e-08 1.21934e-06 1.90418e-05 0.00020591 0.00154185 0.00799518 0.0287167 0.0715096 0.123909 0.151532 0.137696 0.107721 0.089802 0.0804601 0.0666202 0.049231 0.034113 0.0224003 0.013539 0.00738853 0.00358082 0.00149672 0.000521277
 3.98599e-11 1.87482e-09 6.10616e-08 1.37709e-06 2.15053e-05 0.000232549 0.00174131 0.00902915 0.0324261 0.0807036 0.139545 0.169269 0.149367 0.107597 0.0788426 0.0649295 0.0529468 0.040077 0.0289306 0.0198067 0.0123818 0.00689666 0.00336399 0.0014034 0.000486817
 3.79093e-11 1.78307e-09 5.80735e-08 1.3097e-06 2.04529e-05 0.000221169 0.00165611 0.00858753 0.0308427 0.0767876 0.132944 0.162063 0.145583 0.110294 0.087329 0.0746969 0.0591345 0.0413502 0.0274066 0.0180078 0.011353 0.00653021 0.00329171 0.00140506 0.000493055
 3.62346e-11 1.7043e-09 5.5508e-08 1.25185e-06 1.95494e-05 0.000211399 0.00158295 0.00820824 0.0294813 0.0734067 0.127149 0.155276 0.140391 0.108347 0.088534 0.0782271 0.0642607 0.0470733 0.0322076 0.0208532 0.0124996 0.00686568 0.00340688 0.00147046 0.000527141
 3.55351e-11 1.6714e-09 5.44364e-08 1.22768e-06 1.9172e-05 0.000207318 0.00155239 0.00804979 0.0289123 0.0719911 0.124705 0.152327 0.137846 0.10667 0.0876411 0.0781065 0.0651839 0.0491605 0.0350661 0.0237051 0.0146386 0.00806891 0.00392008 0.00164664 0.000581151
 3.94272e-11 1.85446e-09 6.03987e-08 1.36214e-06 2.12718e-05 0.000230025 0.00172241 0.00893115 0.0320745 0.0798316 0.138059 0.167568 0.148193 0.107446 0.0795916 0.0659945 0.053782 0.0405742 0.0293398 0.0203451 0.0130131 0.00744297 0.00371339 0.00157308 0.0005512
 3.65769e-11 1.7204e-09 5.60323e-08 1.26367e-06 1.9734e-05 0.000213396 0.0015979 0.00828579 0.02976 0.0741018 0.128362 0.156797 0.141882 0.109669 0.0895298 0.0782676 0.0626696 0.0442236 0.0295592 0.0195376 0.0123973 0.00721922 0.00370875 0.00161789 0.00057919
 3.76786e-11 1.77222e-09 5.772e-08 1.30173e-06 2.03284e-05 0.000219823 0.00164602 0.0085352 0.0306541 0.0763118 0.132078 0.160808 0.143834 0.10776 0.0842666 0.0726147 0.0597537 0.0445772 0.0312289 0.0206173 0.0125305 0.00696038 0.00349442 0.0015297 0.000557574
 3.6526e-11 1.71801e-09 5.59544e-08 1.26191e-06 1.97066e-05 0.000213099 0.00159568 0.00827422 0.0297179 0.0739925 0.128141 0.156377 0.141032 0.108083 0.0873491 0.0764989 0.0625174 0.0458597 0.0319507 0.0214918 0.0134358 0.0075493 0.00373573 0.00159401 0.000570633
 3.65393e-11 1.71863e-09 5.59747e-08 1.26237e-06 1.97137e-05 0.000213176 0.00159626 0.0082772 0.0297284 0.0740162 0.128166 0.156332 0.140752 0.107395 0.0863351 0.0756585 0.0623993 0.046464 0.0327564 0.0220857 0.0138078 0.00781206 0.00390966 0.0016773 0.000597178
 3.78054e-11 1.77819e-09 5.79143e-08 1.30611e-06 2.03969e-05 0.000220563 0.00165157 0.00856393 0.0307572 0.0765677 0.132516 0.161315 0.1442 0.107825 0.0839686 0.0719197 0.0587085 0.0435196 0.030708 0.0208537 0.0131684 0.00751358 0.00378442 0.0016333 0.000584513
#pred catch len freq
 2.55917e-11 1.20371e-09 3.9204e-08 8.84149e-07 1.38073e-05 0.000149307 0.00111802 0.00579768 0.0208274 0.0518999 0.0901753 0.111437 0.105013 0.090157 0.0853735 0.0843306 0.0764079 0.0642043 0.0530125 0.0434509 0.0353726 0.0290149 0.0235573 0.0176155 0.0110705
 1.38541e-11 6.51631e-10 2.12232e-08 4.78637e-07 7.47464e-06 8.08292e-05 0.000605289 0.00313953 0.0112885 0.0282295 0.0497294 0.0646595 0.0711479 0.0818332 0.100501 0.111717 0.105857 0.0911918 0.0762614 0.0619817 0.0484637 0.0368049 0.0270867 0.0185104 0.0109019
 6.17925e-12 2.90642e-10 9.46604e-09 2.13483e-07 3.33387e-06 3.60523e-05 0.00026999 0.00140066 0.00504002 0.0126415 0.0225276 0.0305046 0.0373768 0.050418 0.0713488 0.0924277 0.108431 0.118228 0.11743 0.103946 0.0831189 0.0615079 0.0423618 0.0265553 0.0144267
 2.8165e-11 1.32475e-09 4.31461e-08 9.73052e-07 1.51956e-05 0.000164319 0.00123039 0.00637968 0.0229076 0.0569802 0.0982965 0.118162 0.100873 0.0658049 0.0413031 0.0355404 0.0426178 0.0559535 0.0692206 0.0758359 0.0718546 0.0584923 0.0410182 0.0247472 0.012602
 4.32634e-11 2.0349e-09 6.62755e-08 1.49468e-06 2.33415e-05 0.000252405 0.00188998 0.00979978 0.0351898 0.0875458 0.151127 0.182135 0.156866 0.104552 0.0651045 0.0446884 0.031293 0.0213275 0.0174203 0.018685 0.0207863 0.0200769 0.0159011 0.0101568 0.00517809
 3.57936e-11 1.68356e-09 5.48325e-08 1.23661e-06 1.93114e-05 0.000208826 0.00156369 0.00810853 0.029125 0.072539 0.125777 0.154211 0.141356 0.11292 0.095968 0.0843495 0.0642816 0.0402246 0.0224728 0.0132603 0.00973832 0.00859331 0.00732603 0.00515109 0.00280516
 3.65866e-11 1.72086e-09 5.60473e-08 1.264e-06 1.97393e-05 0.000213452 0.00159833 0.00828792 0.0297667 0.0741114 0.128327 0.156512 0.14087 0.107439 0.0865046 0.0763634 0.0638179 0.0478725 0.0327886 0.0202347 0.0112557 0.00624351 0.00388251 0.0024998 0.00139079
 3.32454e-11 1.56371e-09 5.09289e-08 1.14857e-06 1.79366e-05 0.00019396 0.00145238 0.00753133 0.0270523 0.0673823 0.116874 0.14348 0.132144 0.107044 0.0935122 0.0859969 0.0715898 0.0529775 0.0371575 0.0249709 0.0153232 0.00833772 0.00411861 0.00195205 0.000889341
 3.1787e-11 1.49511e-09 4.86948e-08 1.09819e-06 1.71498e-05 0.000185451 0.00138867 0.00720098 0.025866 0.0644303 0.111774 0.137316 0.126794 0.103491 0.091728 0.0862504 0.0745112 0.0581731 0.0429301 0.029839 0.0189057 0.0106982 0.00532359 0.00230527 0.000871093
 3.20378e-11 1.50691e-09 4.9079e-08 1.10685e-06 1.72851e-05 0.000186915 0.00139962 0.00725773 0.0260691 0.0649295 0.112593 0.138101 0.126814 0.102065 0.0888736 0.0829166 0.071969 0.0572168 0.0436724 0.0317945 0.0212041 0.0125785 0.00648106 0.00283121 0.0010283
 3.43573e-11 1.616e-09 5.26322e-08 1.18699e-06 1.85365e-05 0.000200447 0.00150094 0.00778301 0.0279541 0.0696067 0.120584 0.147335 0.133469 0.103609 0.0856504 0.0770386 0.0654001 0.0510256 0.0385435 0.0282938 0.0194186 0.0120255 0.00649451 0.00295224 0.00109542
 3.70206e-11 1.74127e-09 5.67122e-08 1.279e-06 1.99734e-05 0.000215985 0.00161728 0.0083862 0.0301191 0.0749834 0.1298 0.158133 0.141754 0.106836 0.0842194 0.0726996 0.0594777 0.0442539 0.0317476 0.02245 0.0151717 0.00945796 0.00523835 0.00246796 0.000949663
 3.65401e-11 1.71867e-09 5.5976e-08 1.2624e-06 1.97142e-05 0.000213181 0.00159629 0.00827743 0.0297296 0.0740241 0.128212 0.156537 0.141411 0.108835 0.0883923 0.0773056 0.062441 0.0447635 0.0303768 0.0202165 0.0129273 0.00773816 0.00420935 0.00199157 0.000781388
 3.69233e-11 1.7367e-09 5.65631e-08 1.27564e-06 1.99209e-05 0.000215417 0.00161304 0.00836422 0.0300409 0.0747952 0.129519 0.158004 0.142322 0.108696 0.0873777 0.0761984 0.0620014 0.0450336 0.0307273 0.0200751 0.0122693 0.00691865 0.00355986 0.00162151 0.000625588
 3.67216e-11 1.72721e-09 5.62541e-08 1.26867e-06 1.98121e-05 0.00021424 0.00160422 0.00831854 0.029877 0.0743893 0.128831 0.157231 0.141841 0.108776 0.0879595 0.0769415 0.0625756 0.0453852 0.0310019 0.0203323 0.0124092 0.00687156 0.00340141 0.00147422 0.000543274
 3.65116e-11 1.71733e-09 5.59324e-08 1.26141e-06 1.96988e-05 0.000213015 0.00159505 0.00827098 0.0297064 0.0739662 0.12811 0.156406 0.141272 0.10871 0.0883602 0.0775715 0.0631965 0.0458799 0.0313502 0.0205556 0.0125396 0.00692706 0.00339634 0.00144035 0.000513322
 3.66981e-11 1.7261e-09 5.62181e-08 1.26786e-06 1.97994e-05 0.000214103 0.0016032 0.00831322 0.0298579 0.0743415 0.128747 0.157124 0.141731 0.108666 0.087857 0.076894 0.0626401 0.0455554 0.0312036 0.0204983 0.0125157 0.00691158 0.00338045 0.00142412 0.000500874
 3.52499e-11 1.65799e-09 5.39995e-08 1.21782e-06 1.90181e-05 0.000205654 0.00153994 0.00798527 0.0286813 0.0714247 0.123782 0.151474 0.137947 0.108518 0.091035 0.0814878 0.0667336 0.0484009 0.0330058 0.0216327 0.0132124 0.00730567 0.00357539 0.0015044 0.000526955
 3.68243e-11 1.73204e-09 5.64113e-08 1.27222e-06 1.98675e-05 0.000214839 0.00160871 0.00834174 0.0299599 0.0745905 0.129145 0.157454 0.141532 0.107508 0.0858648 0.0749867 0.0618836 0.0461773 0.0325284 0.021751 0.013369 0.00739352 0.00361617 0.00152131 0.000532596
 3.77851e-11 1.77723e-09 5.78833e-08 1.30541e-06 2.03859e-05 0.000220445 0.00165068 0.00855938 0.0307411 0.0765319 0.132481 0.161399 0.144676 0.108997 0.0857426 0.0735307 0.0592442 0.0427978 0.0293489 0.0195563 0.0122215 0.00690099 0.00342284 0.00144873 0.000507991
 3.56265e-11 1.6757e-09 5.45765e-08 1.23083e-06 1.92213e-05 0.000207851 0.00155639 0.00807057 0.0289876 0.0721865 0.125096 0.153048 0.13927 0.109309 0.0913155 0.0812748 0.0659383 0.047079 0.0315015 0.0203674 0.0124066 0.0069218 0.00344457 0.00147503 0.000523281
 3.4342e-11 1.61528e-09 5.26088e-08 1.18646e-06 1.85283e-05 0.000200358 0.00150028 0.00777965 0.0279432 0.069591 0.120635 0.147764 0.13503 0.107228 0.09131 0.0829737 0.0691897 0.0514193 0.035816 0.0235901 0.0142643 0.00778644 0.00379068 0.0016026 0.000567334
 3.57435e-11 1.6812e-09 5.47557e-08 1.23488e-06 1.92844e-05 0.000208534 0.0015615 0.00809698 0.0290814 0.0724093 0.12541 0.153093 0.138236 0.106342 0.0866393 0.0768745 0.0642301 0.0487176 0.035089 0.0240335 0.0150733 0.00842843 0.00412516 0.00172786 0.000603266
 3.63419e-11 1.70935e-09 5.56725e-08 1.25555e-06 1.96073e-05 0.000212025 0.00158764 0.00823254 0.0295682 0.0736205 0.127501 0.155614 0.140405 0.107731 0.0872257 0.0765011 0.0625986 0.0460436 0.0323014 0.022047 0.0141149 0.00815915 0.00412564 0.00176738 0.000622815
 3.63768e-11 1.71099e-09 5.57258e-08 1.25676e-06 1.96261e-05 0.000212228 0.00158916 0.00824044 0.0295967 0.0736929 0.127636 0.155825 0.140741 0.108291 0.0880196 0.0773126 0.0630881 0.04598 0.0316769 0.0210956 0.0132158 0.00758161 0.00387449 0.00169762 0.00061296
 3.59126e-11 1.68916e-09 5.50148e-08 1.24072e-06 1.93756e-05 0.000209521 0.00156889 0.00813534 0.0292196 0.0727584 0.126047 0.154025 0.139564 0.108328 0.0891868 0.0789914 0.0646372 0.0471019 0.0323422 0.0213512 0.013169 0.0074075 0.00372479 0.00162285 0.000589609
 3.55432e-11 1.67178e-09 5.44489e-08 1.22796e-06 1.91763e-05 0.000207365 0.00155275 0.00805167 0.0289193 0.0720123 0.124766 0.152515 0.138377 0.1078 0.089284 0.0795538 0.0655652 0.0482714 0.0335039 0.0222488 0.0137042 0.007644 0.00379133 0.00162732 0.000584635
 3.66549e-11 1.72407e-09 5.6152e-08 1.26637e-06 1.97761e-05 0.000213851 0.00160131 0.00830342 0.0298225 0.0742514 0.128577 0.156853 0.141281 0.107908 0.0868173 0.0759443 0.0622688 0.0459212 0.0320577 0.02147 0.0133431 0.00748637 0.00371231 0.001583 0.000562828
#obs catch len freq
 2.53654e-11 1.19307e-09 3.88574e-08 8.76332e-07 1.36852e-05 0.000147987 0.00110813 0.00574639 0.0206429 0.0514374 0.0893531 0.110336 0.103707 0.0885276 0.0834163 0.0826078 0.0757883 0.0652209 0.0557688 0.0477331 0.0401712 0.0322894 0.023587 0.0148026 0.00759375
 2.44506e-11 1.15004e-09 3.74561e-08 8.4473e-07 1.31917e-05 0.00014265 0.00106818 0.00553925 0.0198998 0.0495951 0.0862178 0.10677 0.101332 0.0884993 0.0856598 0.0861628 0.0796856 0.0688564 0.0585327 0.0489117 0.03959 0.0306863 0.0219943 0.0137599 0.00708295
 4.89224e-12 2.30107e-10 7.49445e-09 1.6902e-07 2.63953e-06 2.85448e-05 0.000213802 0.00110988 0.00400376 0.0101414 0.0187441 0.0284512 0.0436768 0.0718134 0.1063 0.126436 0.123993 0.110533 0.0958678 0.0805838 0.064482 0.0486586 0.0338027 0.0206537 0.0105039
 1.62478e-14 7.64234e-13 2.48928e-11 5.61588e-10 8.78201e-09 9.54806e-08 7.30289e-07 4.10275e-06 1.92464e-05 9.26032e-05 0.000468254 0.0020555 0.00690822 0.0175974 0.0360604 0.064247 0.101711 0.13739 0.153816 0.145544 0.121696 0.0924403 0.0633112 0.0378128 0.0188258
 5.23586e-11 2.4627e-09 8.02084e-08 1.8089e-06 2.82486e-05 0.000305467 0.00228727 0.0118593 0.0425778 0.105851 0.182219 0.217212 0.179303 0.102566 0.040966 0.0124963 0.00574499 0.00791125 0.0129001 0.0173814 0.0188183 0.0165773 0.0120813 0.00730685 0.00360509
 2.92181e-11 1.37428e-09 4.47594e-08 1.00944e-06 1.57638e-05 0.000170465 0.00127648 0.0066198 0.0237869 0.0593338 0.103496 0.129786 0.128162 0.121005 0.122967 0.11547 0.0837798 0.0441204 0.018158 0.00904418 0.00838677 0.00887359 0.00769104 0.00517363 0.00268251
 4.1596e-11 1.95647e-09 6.37211e-08 1.43707e-06 2.24419e-05 0.000242677 0.00181714 0.00942217 0.0338351 0.0841855 0.145397 0.175576 0.152409 0.104591 0.0708704 0.0571972 0.0505607 0.0427625 0.0316922 0.019135 0.00949152 0.00471466 0.00296206 0.0019969 0.00111747
 3.78944e-11 1.78237e-09 5.80506e-08 1.30919e-06 2.04448e-05 0.000221082 0.00165546 0.00858419 0.0308311 0.0767634 0.132934 0.162197 0.146163 0.111629 0.0891888 0.0759916 0.0588005 0.0397294 0.0259517 0.0174301 0.0110849 0.00607509 0.00287834 0.00129269 0.000575635
 3.56161e-11 1.67521e-09 5.45605e-08 1.23048e-06 1.92157e-05 0.000207791 0.00155593 0.00806819 0.0289789 0.0721617 0.125034 0.152884 0.138849 0.108463 0.0902161 0.0806487 0.0664972 0.0485724 0.0328395 0.0208546 0.0122811 0.0066725 0.00327543 0.00140229 0.00051717
 3.42278e-11 1.60991e-09 5.24337e-08 1.18251e-06 1.84666e-05 0.000199691 0.00149528 0.00775374 0.02785 0.0693561 0.12021 0.147164 0.134231 0.106098 0.0898784 0.0817415 0.0688551 0.0522446 0.03742 0.0252796 0.0154936 0.00842454 0.0040283 0.00166997 0.000586968
 3.52112e-11 1.65617e-09 5.39402e-08 1.21649e-06 1.89972e-05 0.000205428 0.00153824 0.00797641 0.0286486 0.0713333 0.123557 0.150887 0.136427 0.105346 0.0863702 0.0771316 0.064967 0.0499313 0.0366529 0.0256921 0.0165264 0.009453 0.00468872 0.0019658 0.000681033
 3.78695e-11 1.7812e-09 5.80124e-08 1.30833e-06 2.04314e-05 0.000220937 0.00165436 0.00857841 0.030809 0.0766939 0.132716 0.161476 0.144077 0.107171 0.082786 0.0705802 0.0577131 0.0431641 0.0310298 0.0217016 0.014227 0.0084288 0.00436439 0.0019058 0.000679481
 3.87205e-11 1.82122e-09 5.9316e-08 1.33773e-06 2.08905e-05 0.000225902 0.00169154 0.00877118 0.0315013 0.0784172 0.135698 0.165098 0.147282 0.109445 0.0841841 0.0709197 0.0564904 0.0403426 0.0273817 0.018249 0.0116296 0.00684561 0.00359484 0.00161497 0.000595592
 3.54946e-11 1.66949e-09 5.43743e-08 1.22628e-06 1.91501e-05 0.000207082 0.00155063 0.0080407 0.0288806 0.0719212 0.124646 0.152547 0.138972 0.109401 0.0917702 0.0818667 0.0664133 0.0473092 0.0314938 0.0202156 0.0122508 0.00686795 0.00349271 0.00155394 0.000578161
 3.88908e-11 1.82924e-09 5.9577e-08 1.34361e-06 2.09824e-05 0.000226895 0.00169898 0.00880971 0.031639 0.0787534 0.136234 0.16554 0.147006 0.107893 0.0816129 0.0687588 0.0563087 0.0422278 0.0298541 0.0198357 0.0120054 0.00653709 0.00318454 0.00135986 0.0004921
 3.68606e-11 1.73375e-09 5.6467e-08 1.27347e-06 1.98871e-05 0.000215051 0.0016103 0.00835005 0.0299906 0.0746741 0.12934 0.157929 0.142706 0.109888 0.0892131 0.0777252 0.0621876 0.0438948 0.0292974 0.0191981 0.0119159 0.00668791 0.00328832 0.00138204 0.000485317
 3.84403e-11 1.80805e-09 5.88869e-08 1.32805e-06 2.07394e-05 0.000224267 0.0016793 0.00870773 0.0312734 0.0778501 0.134718 0.163915 0.146262 0.108807 0.0840198 0.0714623 0.057971 0.0424314 0.0291494 0.0189857 0.0114286 0.00626183 0.00307058 0.00130181 0.000458812
 3.68571e-11 1.73358e-09 5.64616e-08 1.27335e-06 1.98852e-05 0.000215031 0.00161014 0.00834924 0.0299876 0.0746658 0.12932 0.157875 0.14257 0.109616 0.0888656 0.0775479 0.0624279 0.0444775 0.0298314 0.0193827 0.0118004 0.00649612 0.00315749 0.00132131 0.000462059
 3.46616e-11 1.63031e-09 5.30982e-08 1.1975e-06 1.87007e-05 0.000202222 0.00151424 0.00785202 0.0282031 0.070236 0.121739 0.149055 0.136011 0.107585 0.0910869 0.0823832 0.068403 0.05055 0.0350021 0.0229697 0.0138778 0.00757173 0.00366909 0.00153349 0.000534055
 3.92864e-11 1.84784e-09 6.0183e-08 1.35728e-06 2.11959e-05 0.000229203 0.00171626 0.00889927 0.0319601 0.079548 0.137576 0.167016 0.147819 0.107428 0.0799401 0.0666094 0.054536 0.0412937 0.0297895 0.0203829 0.0127375 0.0070933 0.00345945 0.00144311 0.000500568
 3.72469e-11 1.75192e-09 5.70587e-08 1.28682e-06 2.00955e-05 0.000217305 0.00162717 0.00843753 0.0303045 0.0754533 0.130673 0.159475 0.143842 0.110203 0.0887466 0.0767651 0.0609951 0.0426656 0.0282589 0.0185547 0.0116928 0.00672416 0.00338905 0.0014465 0.000507576
 3.55241e-11 1.67088e-09 5.44195e-08 1.2273e-06 1.9166e-05 0.000207254 0.00155191 0.00804734 0.028904 0.0719753 0.124711 0.152493 0.138499 0.108198 0.0899837 0.0803952 0.0662693 0.0485559 0.0332007 0.0214833 0.0128723 0.00706877 0.00350715 0.00151361 0.000542584
 3.48283e-11 1.63815e-09 5.33536e-08 1.20326e-06 1.87906e-05 0.000203194 0.00152152 0.00788973 0.028338 0.070567 0.122278 0.149552 0.135946 0.106479 0.0890182 0.0802 0.0671526 0.0506531 0.0361069 0.0243945 0.0150591 0.00829894 0.00403131 0.00169322 0.000597561
 3.88296e-11 1.82636e-09 5.94833e-08 1.3415e-06 2.09494e-05 0.000226539 0.00169631 0.00879584 0.031589 0.0786277 0.136008 0.16522 0.14658 0.10727 0.0807327 0.0677388 0.0554272 0.0418295 0.0302277 0.0209484 0.0133942 0.00765938 0.00382089 0.0016185 0.000567089
 3.59221e-11 1.6896e-09 5.50293e-08 1.24105e-06 1.93808e-05 0.000209576 0.0015693 0.00813752 0.029228 0.072783 0.126117 0.154238 0.140157 0.109571 0.0909191 0.0803012 0.0645051 0.0455278 0.0304089 0.020085 0.0127392 0.00741666 0.0038097 0.00166181 0.000594887
 3.69614e-11 1.73849e-09 5.66213e-08 1.27695e-06 1.99415e-05 0.000215639 0.0016147 0.00837279 0.0300714 0.0748669 0.129616 0.157994 0.141909 0.107574 0.0856777 0.0747556 0.0617651 0.0460951 0.0322731 0.0212945 0.0129374 0.00718481 0.00360658 0.00157866 0.000575397
 3.58946e-11 1.68831e-09 5.49871e-08 1.2401e-06 1.93659e-05 0.000209415 0.0015681 0.00813124 0.0292049 0.0727205 0.125974 0.153903 0.139349 0.107945 0.0886281 0.0784091 0.0642799 0.0471585 0.032832 0.0220704 0.0137923 0.00774791 0.00383352 0.00163561 0.000585494
 3.59277e-11 1.68986e-09 5.50378e-08 1.24124e-06 1.93838e-05 0.000209608 0.00156954 0.00813871 0.0292315 0.0727841 0.126067 0.153933 0.139115 0.107245 0.0875494 0.0774889 0.0641048 0.0477381 0.0336307 0.022661 0.0141622 0.00801078 0.00400858 0.00171961 0.000612212
#spawning biomass
 69606.2 76535.4 63707.3 44064.7 44158.7 75109.6 112113 165414 206689 246338 250850 241905 252082 248286 275809 277988 266181 243981 258747 276686 292944 286690 304710 317545 327205 313561 306917 280891 246645 352312 247748 155333 95521.6 61430.9 43372.8 34232.1 29739.1 27573.3 26542.8 26056.9 25829.1 25722.8 25673.4 25650.4 25639.8 25634.8 25632.6 25631.5 25631 25630.8 25630.7 25630.7 25630.6 25630.6 25630.6 25630.6 25630.6 25630.6 25630.6 25630.6 25630.6 25630.6 25630.6 25630.6 25630.6 25630.6 25630.6 25630.6 25630.6 25630.6 25630.6 25630.6 25630.6 25630.6 25630.6 25630.6 25630.6 25630.6 25630.6 25630.6 25630.6 25630.6 25630.6 25630.6 25630.6 25630.6 25630.6 25630.6 25630.6 25630.6 25630.6 25630.6 25630.6 25630.6 25630.6 25630.6 25630.6 25630.6 25630.6 25630.6 25630.6 25630.6 25630.6 25630.6 25630.6 25630.6 25630.6 25630.6 25630.6 25630.6 25630.6 25630.6 25630.6 25630.6 25630.6 25630.6 25630.6 25630.6 25630.6 25630.6 25630.6 25630.6 25630.6 25630.6 25630.6 25630.6 25630.6 25630.6 0 0 0 0 0 0 0 0 0 0 0 0 0 0 0 0 0 0 0 0 0 0 0 0 0
