SBPRF35
0.256306
Curr Bio
179029
B35
211846
F35
0.394729
FOFL
0.329818
OFL
58951.8
Bzero
73230.3
#pred survey bio
 27059.9 23365.4 17941.6 15949.7 26187.1 42289.2 59149.4 67816.7 90622.3 120852 149204 183223 247254 269511 261030 232773 216323 201910 205921 214372 202316 212629 213624 212573 245569 242340 254639 239187 269598 9.42904e+06 5.25732e+06 3.8096e+06 2.58629e+06 1.78257e+06 1.31141e+06 1.05055e+06 909664 833862 792615 769680 756566 748837 744146 741221 739355 738152 737365 736846 736501 736270 736115 736010 735940 735893 735861 735839 735824 735814 735808 735803 735800 735798 735797 735796 735795 735795 735794 735794 735794 735794 735794 735794 735794 735794 735794 735794 735794 735794 735794 735794 735794 735794 735794 735794 735794 735794 735794 735794 735794 735794 735794 735794 735794 735794 735794 735794 735794 735794 735794 735794 735794 735794 735794 735794 735794 735794 735794 735794 735794 735794 735794 735794 735794 735794 735794 735794 735794 735794 735794 735794 735794 735794 735794 735794 735794 735794 735794 735794 735794 0 0 0 0 0 0 0 0 0 0 0 0 0 0 0 0 0 0 0 0 0 0 0 0 0
#obs survey bio
 25764 17461.5 10269.6 18164.7 28094.4 48264.7 80923.1 69919 96613.2 130978 209210 176569 324672 191337 250855 183149 158782 136660 153896 222363 267442 211211 250197 177365 231759 218804 328602 162848 232586
#pred catch bio
 4539.94 4185.88 3490.37 2945.37 5382.77 7775.75 16064.2 16053 22511.3 39647.2 54996.3 60904.2 101529 112443 118661 108168 98636.9 84862.8 85674 98951.1 80803.5 91028.1 93895 77369 106123 94027.7 116738 92263 120979 58951.8 66262.3 46526.9 30316.7 20066 14332.1 11344.8 9855.94 9134.84 8792.2 8631.46 8556.71 8522.16 8506.26 8498.95 8495.61 8494.08 8493.39 8493.07 8492.92 8492.86 8492.83 8492.81 8492.81 8492.8 8492.8 8492.8 8492.8 8492.8 8492.8 8492.8 8492.8 8492.8 8492.8 8492.8 8492.8 8492.8 8492.8 8492.8 8492.8 8492.8 8492.8 8492.8 8492.8 8492.8 8492.8 8492.8 8492.8 8492.8 8492.8 8492.8 8492.8 8492.8 8492.8 8492.8 8492.8 8492.8 8492.8 8492.8 8492.8 8492.8 8492.8 8492.8 8492.8 8492.8 8492.8 8492.8 8492.8 8492.8 8492.8 8492.8 8492.8 8492.8 8492.8 8492.8 8492.8 8492.8 8492.8 8492.8 8492.8 8492.8 8492.8 8492.8 8492.8 8492.8 8492.8 8492.8 8492.8 8492.8 8492.8 8492.8 8492.8 8492.8 8492.8 8492.8 8492.8 8492.8 8492.8 8492.8 8492.8 0 0 0 0 0 0 0 0 0 0 0 0 0 0 0 0 0 0 0 0 0 0 0 0 0
#obs catch bio
 3658.65 4290.71 3756.52 3028.09 5430.69 7391.52 15119.8 15251.8 21148.1 36897.8 52503.4 60115.2 97757.3 111131 116818 116098 103254 89914.7 88538.8 104176 78651.8 90582.3 91499.8 76575.1 107666 92952.2 119598 91277.1 122015
#pred cpue bio
 26066.1 22967.1 17753.9 15141.3 23368.5 38739.9 55328 63509.5 83480.1 111732 136891 167076 225192 247850 242821 215495 198738 186498 189558 197213 186215 196327 196613 195469 225960 223631 235613 219967 247432 8.65228e+06 5.19855e+06 3.77402e+06 2.55127e+06 1.74756e+06 1.27641e+06 1.01554e+06 874659 798857 757610 734675 721561 713832 709140 706215 704349 703146 702360 701840 701495 701264 701109 701005 700934 700887 700855 700833 700819 700809 700802 700798 700794 700792 700791 700790 700789 700789 700789 700788 700788 700788 700788 700788 700788 700788 700788 700788 700788 700788 700788 700788 700788 700788 700788 700788 700788 700788 700788 700788 700788 700788 700788 700788 700788 700788 700788 700788 700788 700788 700788 700788 700788 700788 700788 700788 700788 700788 700788 700788 700788 700788 700788 700788 700788 700788 700788 700788 700788 700788 700788 700788 700788 700788 700788 700788 700788 700788 700788 700788 700788 0 0 0 0 0 0 0 0 0 0 0 0 0 0 0 0 0 0 0 0 0 0 0 0 0
#obs cpue bio
 23530.3 19704.7 11827.1 20663.5 34449 68129.6 60520.4 61472 104370 138710 94767 130392 266544 301426 276015 153602 247346 192861 247171 163816 191160 190394 213472 191868 248591 247301 169880 323321 291497
#pred surv len freq
 2.47084e-11 1.16217e-09 3.7851e-08 8.53634e-07 1.33307e-05 0.000144154 0.00107943 0.00559752 0.0201077 0.0500999 0.0870032 0.107309 0.100471 0.0850103 0.0794361 0.078808 0.0732796 0.0643794 0.0559731 0.0482361 0.0412082 0.0352922 0.0295988 0.0225903 0.0143622
 1.22564e-11 5.76483e-10 1.87757e-08 4.23439e-07 6.61265e-06 7.15079e-05 0.000535491 0.00277759 0.00998823 0.0249897 0.0441019 0.0577132 0.0646324 0.0763298 0.0955163 0.107318 0.102995 0.090772 0.0787184 0.06725 0.0558704 0.0452026 0.035147 0.0249856 0.0150779
 9.1705e-12 4.31336e-10 1.40483e-08 3.16825e-07 4.9477e-06 5.35032e-05 0.000400651 0.00207795 0.00746914 0.0186558 0.032712 0.041843 0.0440918 0.0481612 0.0604902 0.0774946 0.0943544 0.107435 0.110543 0.101391 0.085026 0.0669549 0.0493495 0.0328459 0.0186439
 3.4252e-11 1.61105e-09 5.24708e-08 1.18335e-06 1.84797e-05 0.000199831 0.0014963 0.0077584 0.0278578 0.0692889 0.1195 0.143502 0.121966 0.0780549 0.0455649 0.0333708 0.0337195 0.0403525 0.0493458 0.0556785 0.0550982 0.0472306 0.0351788 0.0226189 0.0121975
 4.54658e-11 2.1385e-09 6.96494e-08 1.57077e-06 2.45298e-05 0.000265254 0.00198619 0.0102986 0.0369806 0.0919962 0.158777 0.191202 0.16418 0.108339 0.0659538 0.0440673 0.0300069 0.0191121 0.013492 0.0127776 0.0138053 0.0136647 0.0113265 0.00763278 0.0041095
 3.64737e-11 1.71555e-09 5.58744e-08 1.26011e-06 1.96784e-05 0.000212794 0.00159341 0.00826257 0.0296779 0.0739127 0.128135 0.156991 0.143549 0.113944 0.0960191 0.0839916 0.0639411 0.0399602 0.0220086 0.0122036 0.00792578 0.00635356 0.00531045 0.00382261 0.00216381
 3.12899e-11 1.47173e-09 4.79333e-08 1.08101e-06 1.68816e-05 0.000182552 0.00136695 0.00708846 0.0254628 0.0634354 0.110113 0.135581 0.126176 0.105033 0.0955126 0.0912276 0.0791168 0.0608631 0.0425052 0.026397 0.0143759 0.00742935 0.00418009 0.00253516 0.00139899
 3.19663e-11 1.50354e-09 4.89694e-08 1.10438e-06 1.72465e-05 0.000186497 0.00139649 0.00724149 0.0260103 0.0647785 0.1123 0.137598 0.125903 0.100474 0.0867896 0.0814375 0.0724123 0.0597376 0.0469183 0.034032 0.0216654 0.0118458 0.00566999 0.00251447 0.00107013
 3.70001e-11 1.74031e-09 5.66808e-08 1.27829e-06 1.99624e-05 0.000215865 0.00161638 0.00838145 0.030101 0.0749273 0.129629 0.157575 0.140143 0.103351 0.0790113 0.0677292 0.0572868 0.0457912 0.0359353 0.0273824 0.0192103 0.0118297 0.00617794 0.0026948 0.000989475
 3.51695e-11 1.65421e-09 5.38765e-08 1.21505e-06 1.89747e-05 0.000205185 0.00153643 0.00796703 0.0286154 0.0712566 0.123464 0.150956 0.137062 0.106949 0.088653 0.0786869 0.0642405 0.0469376 0.033181 0.0236272 0.0163965 0.0105175 0.00590871 0.00277025 0.00104897
 3.72402e-11 1.7516e-09 5.70485e-08 1.28659e-06 2.00919e-05 0.000217266 0.00162688 0.00843591 0.0302974 0.0754245 0.130546 0.158956 0.142225 0.106663 0.0835793 0.0722368 0.0597582 0.0450687 0.0322284 0.0220485 0.0141999 0.00856245 0.00473038 0.00227442 0.000899813
 3.83945e-11 1.8059e-09 5.88169e-08 1.32647e-06 2.07147e-05 0.000224 0.0016773 0.00869737 0.0312361 0.0777583 0.134563 0.163744 0.146162 0.108814 0.0840069 0.0711279 0.0571095 0.0413443 0.028544 0.0192512 0.0122815 0.00719433 0.00379678 0.00175817 0.000687128
 3.84637e-11 1.80915e-09 5.89228e-08 1.32886e-06 2.0752e-05 0.000224404 0.00168032 0.00871305 0.0312926 0.0779003 0.134819 0.164104 0.146638 0.109494 0.0849178 0.0720632 0.0577167 0.0413626 0.0279349 0.0182335 0.0112257 0.00637111 0.00326593 0.00146577 0.000555281
 3.58165e-11 1.68463e-09 5.48675e-08 1.2374e-06 1.93238e-05 0.00020896 0.00156469 0.00811359 0.029142 0.0725696 0.12575 0.153805 0.139818 0.109446 0.0910883 0.0808898 0.0655812 0.0467987 0.0312369 0.0200545 0.0120617 0.00663219 0.00327841 0.0014195 0.000520318
 3.29262e-11 1.54869e-09 5.04399e-08 1.13755e-06 1.77644e-05 0.000192098 0.00143843 0.00745903 0.0267927 0.066737 0.115763 0.142156 0.13106 0.106487 0.0935538 0.0867435 0.0730893 0.0547789 0.0384342 0.0253954 0.0153223 0.00830352 0.00400158 0.00167825 0.000594384
 3.48732e-11 1.64027e-09 5.34225e-08 1.20481e-06 1.88148e-05 0.000203456 0.00152348 0.00789986 0.0283737 0.0706504 0.122384 0.149501 0.135325 0.104837 0.0864534 0.0777391 0.0660677 0.0513349 0.0379216 0.0264456 0.0167492 0.00939932 0.00459343 0.00191394 0.00066412
 3.67561e-11 1.72883e-09 5.6307e-08 1.26986e-06 1.98307e-05 0.000214441 0.00160573 0.00832631 0.0299044 0.0744522 0.128904 0.15715 0.141224 0.107177 0.0853909 0.0742198 0.0608204 0.0451988 0.0322902 0.0225507 0.0147797 0.00871166 0.0044606 0.00192145 0.000677311
 3.49411e-11 1.64346e-09 5.35265e-08 1.20716e-06 1.88515e-05 0.000203853 0.00152645 0.00791533 0.0284303 0.0708014 0.122715 0.150225 0.136994 0.108146 0.0911462 0.0817676 0.0669304 0.0485099 0.033236 0.0221879 0.0140798 0.0082413 0.00430333 0.00191969 0.000701638
 3.6152e-11 1.70042e-09 5.53816e-08 1.24899e-06 1.95048e-05 0.000210917 0.00157934 0.0081895 0.0294134 0.0732337 0.12682 0.154735 0.139463 0.106746 0.0863122 0.0761791 0.0634348 0.0478299 0.0340321 0.0229325 0.0142415 0.00805063 0.00409199 0.0018121 0.000670002
 3.61919e-11 1.70229e-09 5.54426e-08 1.25037e-06 1.95263e-05 0.00021115 0.00158108 0.00819855 0.0294462 0.0733181 0.126985 0.155024 0.139996 0.107683 0.0875207 0.0769899 0.0631299 0.0465173 0.0326318 0.0221693 0.0140585 0.00804707 0.0040633 0.00176634 0.000642354
 3.59496e-11 1.6909e-09 5.50714e-08 1.242e-06 1.93956e-05 0.000209736 0.0015705 0.00814369 0.0292495 0.0728315 0.126164 0.154124 0.139514 0.108003 0.0886011 0.0783617 0.0642329 0.0470354 0.0325565 0.0217341 0.0135985 0.00776252 0.00394126 0.00172073 0.000623906
 3.51912e-11 1.65523e-09 5.39097e-08 1.2158e-06 1.89864e-05 0.000205312 0.00153737 0.00797194 0.0286331 0.0713006 0.123541 0.151053 0.137168 0.10712 0.0890977 0.0797824 0.0662163 0.0492813 0.0346406 0.0232607 0.0144737 0.00816662 0.00410295 0.00178196 0.000645499
 3.61818e-11 1.70182e-09 5.54271e-08 1.25002e-06 1.95209e-05 0.000211091 0.00158064 0.00819625 0.0294377 0.0732948 0.12693 0.154888 0.13966 0.107001 0.086569 0.076236 0.0631045 0.0472401 0.0335889 0.0228787 0.0144256 0.00820119 0.00411839 0.00177781 0.000639411
 3.62687e-11 1.7059e-09 5.55602e-08 1.25302e-06 1.95677e-05 0.000211598 0.00158444 0.00821595 0.0295087 0.0734736 0.127255 0.155352 0.140292 0.107904 0.0876775 0.0770656 0.0630634 0.0462676 0.0322422 0.0217696 0.0137804 0.00791895 0.00402037 0.0017472 0.000629242
 3.61501e-11 1.70033e-09 5.53785e-08 1.24892e-06 1.95037e-05 0.000210906 0.00157926 0.00818908 0.0294121 0.0732327 0.126834 0.154823 0.139768 0.107426 0.0872888 0.0769703 0.0634929 0.0471265 0.0330911 0.0222593 0.0139301 0.00793082 0.00402106 0.00175663 0.000637091
 3.5298e-11 1.66025e-09 5.40733e-08 1.21949e-06 1.9044e-05 0.000205935 0.00154204 0.00799614 0.02872 0.0715176 0.123919 0.15153 0.137641 0.107555 0.0894587 0.0798915 0.0658645 0.0485366 0.0338716 0.0227782 0.0142901 0.00813027 0.00410237 0.00178316 0.000645626
 3.4737e-11 1.63386e-09 5.32139e-08 1.20011e-06 1.87414e-05 0.000202662 0.00151753 0.00786907 0.0282637 0.0703827 0.121962 0.149178 0.135646 0.106329 0.0889853 0.0802013 0.0671193 0.0505762 0.036064 0.0245165 0.0154019 0.00875043 0.00440994 0.00191373 0.000691149
 3.64528e-11 1.71456e-09 5.58422e-08 1.25938e-06 1.96671e-05 0.000212672 0.00159248 0.00825761 0.0296578 0.0738402 0.127857 0.155935 0.140333 0.106945 0.085824 0.0751609 0.0620895 0.0465052 0.0332056 0.0228203 0.0145692 0.00839196 0.00426014 0.00185224 0.000668484
 3.68239e-11 1.73202e-09 5.64107e-08 1.2722e-06 1.98673e-05 0.000214837 0.00160869 0.00834167 0.0299597 0.0745916 0.129156 0.15751 0.141715 0.107898 0.0863605 0.0751938 0.0614042 0.045124 0.0315412 0.021377 0.0136096 0.00789088 0.00405203 0.00178155 0.000647891
#obs surv len freq
 2.4416e-11 1.14841e-09 3.7403e-08 8.43532e-07 1.3173e-05 0.000142448 0.00106666 0.00553125 0.0198694 0.0495036 0.0859504 0.105931 0.0989357 0.0832647 0.0775307 0.0774338 0.0734815 0.0666918 0.060117 0.0533635 0.0459266 0.0377548 0.0285595 0.0187885 0.0101429
 9.10664e-16 4.29074e-14 1.40705e-12 3.25916e-11 5.62246e-10 8.36837e-09 1.30725e-07 2.07963e-06 2.74603e-05 0.000265785 0.00180962 0.00857792 0.0282962 0.0653303 0.107312 0.130529 0.127778 0.113696 0.100365 0.0882482 0.0754055 0.0612341 0.0456234 0.029632 0.0158681
 1.15684e-11 5.44122e-10 1.77217e-08 3.99669e-07 6.2414e-06 6.74916e-05 0.000505363 0.00262025 0.0094074 0.0233876 0.0402649 0.0480458 0.0400796 0.0254325 0.0206115 0.0366202 0.0718429 0.10921 0.128203 0.124314 0.107489 0.0863035 0.063414 0.0406486 0.0215256
 5.186e-11 2.43925e-09 7.94446e-08 1.79168e-06 2.79796e-05 0.000302558 0.0022655 0.0117464 0.0421738 0.104858 0.180584 0.215613 0.179127 0.105015 0.0457585 0.0174211 0.0082423 0.00725006 0.0103021 0.0144327 0.0164753 0.0152294 0.011705 0.00752185 0.00394745
 3.3605e-11 1.58062e-09 5.14797e-08 1.161e-06 1.81307e-05 0.000196058 0.0014681 0.00761313 0.0273499 0.0681599 0.118471 0.146602 0.138657 0.119357 0.110445 0.099531 0.0720659 0.0388243 0.0165338 0.00790785 0.00665755 0.00699321 0.00628895 0.00443782 0.00242065
 4.07413e-11 1.91628e-09 6.24119e-08 1.40755e-06 2.19808e-05 0.000237691 0.00177981 0.0092287 0.0331416 0.0824726 0.142525 0.172511 0.151049 0.106423 0.0755046 0.06218 0.0532655 0.0426887 0.0303595 0.018013 0.00887018 0.00430143 0.00262365 0.00177723 0.00102359
 2.33772e-11 1.09955e-09 3.58117e-08 8.07645e-07 1.26126e-05 0.000136389 0.00102132 0.00529677 0.0190362 0.0475168 0.0831097 0.105284 0.107349 0.108188 0.118178 0.11958 0.0993711 0.0701249 0.047018 0.0313491 0.019366 0.0102981 0.00475224 0.00208789 0.000922708
 4.24023e-11 1.9944e-09 6.49563e-08 1.46493e-06 2.2877e-05 0.000247381 0.00185236 0.00960465 0.0344886 0.0857938 0.148055 0.178215 0.152852 0.10089 0.0631412 0.0482191 0.0439893 0.0408556 0.0347085 0.0254388 0.016023 0.00886029 0.00429899 0.00179635 0.000646233
 3.49008e-11 1.64156e-09 5.34647e-08 1.20576e-06 1.88297e-05 0.000203618 0.00152469 0.0079063 0.0283991 0.0707349 0.122677 0.15054 0.138407 0.111414 0.0956685 0.0847468 0.0654929 0.0432438 0.0280162 0.0199202 0.0143124 0.00910955 0.00482682 0.00209471 0.00074154
 3.88537e-11 1.82749e-09 5.95202e-08 1.34233e-06 2.09624e-05 0.000226679 0.00169736 0.00880127 0.0316084 0.0786745 0.136079 0.165263 0.146485 0.106973 0.0804377 0.0679988 0.056601 0.0432765 0.0306644 0.0200074 0.0120747 0.00694685 0.00374493 0.00175257 0.00066438
 3.86369e-11 1.81729e-09 5.91881e-08 1.33484e-06 2.08455e-05 0.000225414 0.00168789 0.00875228 0.0314336 0.0782508 0.135424 0.164833 0.147261 0.109871 0.0849914 0.0717102 0.0568622 0.0403118 0.0272579 0.0181306 0.0113613 0.00642476 0.00322858 0.00142471 0.000534854
 3.90817e-11 1.83821e-09 5.98694e-08 1.35021e-06 2.10854e-05 0.000228009 0.00170732 0.00885299 0.0317948 0.0791457 0.136943 0.16654 0.148337 0.109754 0.0838909 0.0705096 0.0563455 0.0403679 0.0271304 0.0174688 0.0105312 0.0058264 0.00289692 0.00125238 0.000454774
 3.83033e-11 1.8016e-09 5.8677e-08 1.32332e-06 2.06655e-05 0.000223468 0.00167332 0.00867674 0.0311626 0.0775796 0.134285 0.163552 0.146462 0.110023 0.0861056 0.0734176 0.0586694 0.0417073 0.0278083 0.0178189 0.0106502 0.00577654 0.00279377 0.00117576 0.000417013
 3.47958e-11 1.63663e-09 5.33039e-08 1.20214e-06 1.87731e-05 0.000203005 0.0015201 0.00788245 0.0283126 0.0705111 0.122232 0.14973 0.136853 0.108688 0.0923997 0.083402 0.0684875 0.0496059 0.0335656 0.0216312 0.0128862 0.00692736 0.00330478 0.00136446 0.000472861
 3.05126e-11 1.43517e-09 4.67424e-08 1.05416e-06 1.64622e-05 0.000178017 0.001333 0.00691242 0.0248311 0.0618678 0.107434 0.13248 0.123911 0.104368 0.0960849 0.0919141 0.0791373 0.0607952 0.0438261 0.0296129 0.0181267 0.00986541 0.00471212 0.00193137 0.000660474
 3.83086e-11 1.80185e-09 5.86851e-08 1.3235e-06 2.06683e-05 0.000223498 0.00167354 0.00867775 0.0311643 0.0775641 0.134125 0.162733 0.14374 0.10393 0.077007 0.0649692 0.0554119 0.0449115 0.0349168 0.0253911 0.0166015 0.00954398 0.00473435 0.00197954 0.000680881
 3.33619e-11 1.56918e-09 5.11073e-08 1.1526e-06 1.79995e-05 0.00019464 0.00145747 0.00755775 0.0271478 0.067624 0.117322 0.144161 0.133178 0.108627 0.0953775 0.0869407 0.0702921 0.0496324 0.0336882 0.0232785 0.0156945 0.00963449 0.00511036 0.00225642 0.000806461
 3.47355e-11 1.63379e-09 5.32115e-08 1.20005e-06 1.87406e-05 0.000202653 0.00151746 0.00786866 0.0282617 0.0703706 0.121895 0.148885 0.134713 0.104289 0.0860667 0.0778232 0.0668583 0.0524347 0.0384992 0.0262549 0.0164128 0.00948174 0.00499845 0.00228739 0.000859292
 3.57058e-11 1.67943e-09 5.4698e-08 1.23358e-06 1.92641e-05 0.000208314 0.00155985 0.00808844 0.0290508 0.0723322 0.125271 0.152904 0.137996 0.105991 0.0860769 0.0760292 0.0631774 0.0478329 0.0349146 0.0247462 0.0162689 0.0095687 0.00494148 0.00220039 0.000821137
 3.56304e-11 1.67588e-09 5.45824e-08 1.23097e-06 1.92234e-05 0.000207874 0.00155656 0.00807137 0.0289898 0.0721837 0.125037 0.152722 0.138167 0.106815 0.0875319 0.0775902 0.0641208 0.0477362 0.0338878 0.0233686 0.0152029 0.00905307 0.00477946 0.00215544 0.000802883
 3.55837e-11 1.67369e-09 5.45108e-08 1.22936e-06 1.91982e-05 0.000207601 0.00155452 0.0080608 0.0289518 0.0720889 0.124871 0.152515 0.137967 0.106648 0.0874329 0.0776743 0.0645042 0.0483387 0.0344015 0.0235237 0.0150213 0.00877328 0.00458868 0.00207578 0.000780216
 3.52472e-11 1.65786e-09 5.39954e-08 1.21773e-06 1.90167e-05 0.000205639 0.00153982 0.0079846 0.0286784 0.0714107 0.123713 0.151181 0.137019 0.106458 0.0879354 0.0785132 0.0653561 0.0490927 0.0350687 0.0240749 0.015381 0.00892567 0.00461124 0.00206044 0.000769093
 3.7489e-11 1.7633e-09 5.74295e-08 1.29518e-06 2.02261e-05 0.000218717 0.00163774 0.00849225 0.0304999 0.0759282 0.131417 0.160015 0.143161 0.107319 0.0839463 0.0722271 0.0592561 0.0442441 0.0315024 0.0216082 0.0138199 0.00802724 0.00413927 0.00183865 0.000680531
 3.51206e-11 1.6519e-09 5.38014e-08 1.21336e-06 1.89483e-05 0.0002049 0.00153429 0.00795597 0.0285761 0.071162 0.123323 0.150895 0.137364 0.107945 0.090426 0.0809012 0.0663355 0.0483507 0.03339 0.0224124 0.0141893 0.00821316 0.00423104 0.00187729 0.000692859
 3.67879e-11 1.73033e-09 5.63556e-08 1.27096e-06 1.98479e-05 0.000214627 0.00160712 0.00833348 0.0299301 0.0745141 0.128998 0.157209 0.141102 0.106759 0.0848296 0.0740549 0.0615402 0.0465307 0.033273 0.022549 0.0140773 0.00797813 0.00404487 0.00177951 0.000654143
 3.32725e-11 1.56498e-09 5.09703e-08 1.14951e-06 1.79513e-05 0.000194118 0.00145356 0.00753746 0.0270744 0.067437 0.116968 0.14359 0.132227 0.107067 0.0934489 0.0857995 0.0711905 0.0523893 0.0366038 0.024834 0.0157814 0.00906783 0.00459379 0.0019988 0.000725575
 3.57892e-11 1.68335e-09 5.48257e-08 1.23646e-06 1.93091e-05 0.000208801 0.00156349 0.00810729 0.029118 0.072495 0.125522 0.153062 0.137678 0.104847 0.0843429 0.0747981 0.0635535 0.0496066 0.0366733 0.0254768 0.0161662 0.00925368 0.00470321 0.00205691 0.000746958
 3.68845e-11 1.73487e-09 5.65035e-08 1.2743e-06 1.99e-05 0.00021519 0.00161134 0.00835537 0.0300088 0.074711 0.129346 0.157665 0.141605 0.107289 0.0852423 0.0738958 0.0604065 0.0447817 0.031961 0.0223467 0.0146743 0.00868003 0.00448925 0.00197533 0.000718988
 3.65694e-11 1.72005e-09 5.60208e-08 1.26341e-06 1.973e-05 0.000213352 0.00159758 0.00828405 0.0297532 0.0740802 0.128291 0.156554 0.141171 0.108143 0.0873297 0.0763964 0.0622894 0.0454545 0.031427 0.021092 0.0134038 0.00785243 0.00411273 0.00184794 0.000684336
#pred catch len freq
 2.1935e-11 1.03172e-09 3.36024e-08 7.57818e-07 1.18344e-05 0.000127973 0.00095828 0.00496943 0.0178535 0.0445045 0.07743 0.0961777 0.09221 0.0824434 0.0820165 0.08405 0.0790148 0.0697044 0.0607277 0.0523831 0.0447661 0.0383432 0.0321584 0.024544 0.0156043
 1.04603e-11 4.92001e-10 1.60242e-08 3.61385e-07 5.64359e-06 6.10291e-05 0.000457029 0.00237081 0.00852836 0.0213658 0.037901 0.0505001 0.0592692 0.0746394 0.0971532 0.110706 0.106768 0.0943583 0.0819799 0.0701012 0.0582588 0.0471397 0.0366542 0.0260572 0.0157246
 7.75643e-12 3.64825e-10 1.18821e-08 2.67972e-07 4.18479e-06 4.52534e-05 0.000338878 0.00175768 0.0063195 0.0157997 0.0278089 0.0360636 0.0395414 0.0460988 0.0606833 0.0791294 0.096888 0.110565 0.113874 0.104488 0.0876363 0.0690144 0.0508687 0.0338572 0.019218
 3.14308e-11 1.47835e-09 4.81491e-08 1.08588e-06 1.69576e-05 0.000183372 0.00137306 0.00711944 0.0255642 0.0635902 0.109714 0.131954 0.112823 0.0737535 0.0455008 0.0357198 0.0373324 0.0450504 0.0551862 0.0622939 0.0616512 0.0528495 0.0393643 0.0253102 0.0136488
 4.34931e-11 2.04571e-09 6.66273e-08 1.50261e-06 2.34654e-05 0.000253745 0.00190001 0.00985186 0.0353776 0.08802 0.151994 0.183408 0.158703 0.107393 0.069057 0.0488421 0.0341975 0.0219934 0.0155948 0.0148018 0.0160024 0.0158412 0.0131307 0.00884869 0.00476415
 3.3809e-11 1.59022e-09 5.17923e-08 1.16804e-06 1.82407e-05 0.000197248 0.00147701 0.00765916 0.0275132 0.0685466 0.119006 0.14662 0.136673 0.113859 0.102131 0.0926461 0.0714283 0.0448337 0.0247567 0.0137563 0.0089455 0.00717409 0.00599679 0.00431672 0.00244351
 2.87352e-11 1.35157e-09 4.40197e-08 9.92754e-07 1.55033e-05 0.000167647 0.00125536 0.00650993 0.023387 0.0582871 0.101334 0.125515 0.119181 0.104072 0.100125 0.0985567 0.0863511 0.0666772 0.0466575 0.029007 0.0158054 0.00816992 0.00459721 0.00278823 0.00153865
 2.93054e-11 1.37838e-09 4.48931e-08 1.01245e-06 1.58109e-05 0.000170973 0.00128025 0.00663888 0.023848 0.0594139 0.103142 0.127047 0.1184 0.0989804 0.0908245 0.0882619 0.0794449 0.0658228 0.0518047 0.0376135 0.023955 0.0130995 0.00627041 0.0027808 0.00118349
 3.45116e-11 1.62326e-09 5.28686e-08 1.19232e-06 1.86198e-05 0.000201347 0.00150768 0.00781791 0.0280788 0.0699107 0.121066 0.147716 0.133151 0.102001 0.0828271 0.0740682 0.0636589 0.0511584 0.0402422 0.0306978 0.0215451 0.0132693 0.00693 0.00302289 0.00110995
 3.28619e-11 1.54567e-09 5.03414e-08 1.13532e-06 1.77297e-05 0.000191722 0.00143562 0.00744446 0.0267404 0.0666065 0.115537 0.141876 0.130782 0.106154 0.092871 0.0851911 0.0703748 0.0516353 0.0365835 0.0260826 0.0181098 0.0116184 0.00652748 0.0030604 0.00115884
 3.51329e-11 1.65248e-09 5.38203e-08 1.21378e-06 1.8955e-05 0.000204971 0.00153482 0.00795869 0.0285851 0.0711777 0.123304 0.150651 0.136448 0.105847 0.0873186 0.0781327 0.0654744 0.0495957 0.035538 0.0243384 0.0156817 0.00945746 0.00522511 0.00251233 0.00099394
 3.62312e-11 1.70414e-09 5.55029e-08 1.25173e-06 1.95475e-05 0.000211379 0.0015828 0.00820748 0.0294784 0.0733995 0.127135 0.155246 0.14032 0.108172 0.0881297 0.0774239 0.0630332 0.0458491 0.0317267 0.0214244 0.0136753 0.00801223 0.00422866 0.00195819 0.000765307
 3.65511e-11 1.71919e-09 5.59929e-08 1.26278e-06 1.97201e-05 0.000213246 0.00159678 0.00827994 0.0297386 0.074047 0.128254 0.156599 0.141503 0.108993 0.088668 0.0777443 0.0630343 0.0453617 0.0306975 0.0200591 0.0123558 0.00701372 0.00359555 0.00161374 0.000611338
 3.38256e-11 1.59099e-09 5.18176e-08 1.16862e-06 1.82496e-05 0.000197345 0.00147772 0.00766276 0.0275244 0.0685587 0.118917 0.145999 0.134494 0.108972 0.0950643 0.0868763 0.0711585 0.0509611 0.0340799 0.0219041 0.0131808 0.00724887 0.00358347 0.00155161 0.000568749
 3.09937e-11 1.4578e-09 4.74795e-08 1.07078e-06 1.67218e-05 0.000180823 0.00135401 0.0070214 0.0252225 0.0628428 0.109125 0.134553 0.125806 0.105836 0.0971365 0.0923167 0.0784528 0.0589802 0.0414499 0.027413 0.0165464 0.00896821 0.00432213 0.00181272 0.000642014
 3.3013e-11 1.55277e-09 5.05728e-08 1.14054e-06 1.78112e-05 0.000192604 0.00144222 0.0074786 0.0268622 0.0669013 0.115989 0.142158 0.130188 0.104033 0.0896327 0.0828403 0.071101 0.055434 0.0410163 0.0286274 0.0181372 0.0101795 0.00497491 0.00207293 0.000719291
 3.49243e-11 1.64267e-09 5.35008e-08 1.20658e-06 1.88424e-05 0.000203755 0.00152571 0.00791148 0.028416 0.0707608 0.12261 0.149939 0.13623 0.106528 0.0887221 0.0793973 0.0657659 0.0490549 0.0351083 0.0245421 0.0160913 0.009486 0.00485729 0.00209236 0.000737559
 3.29325e-11 1.54899e-09 5.04496e-08 1.13776e-06 1.77678e-05 0.000192135 0.00143871 0.00746049 0.0267984 0.0667545 0.115818 0.142337 0.131577 0.107567 0.0950016 0.0876458 0.0724566 0.0527 0.0361746 0.0241757 0.0153485 0.00898538 0.00469211 0.00209316 0.000765043
 3.41618e-11 1.60681e-09 5.23327e-08 1.18023e-06 1.8431e-05 0.000199306 0.0014924 0.0077388 0.0277963 0.069223 0.119982 0.146897 0.134026 0.106018 0.0899105 0.0818241 0.0688991 0.0521491 0.0371737 0.0250738 0.0155778 0.00880736 0.00447686 0.00198257 0.000733035
 3.43629e-11 1.61627e-09 5.26408e-08 1.18718e-06 1.85395e-05 0.000200479 0.00150119 0.00778438 0.0279602 0.0696327 0.120703 0.147832 0.135036 0.107092 0.0909367 0.082256 0.0681341 0.0503811 0.0354044 0.0240759 0.0152738 0.00874398 0.0044154 0.00191942 0.00069803
 3.38995e-11 1.59447e-09 5.19309e-08 1.17117e-06 1.82895e-05 0.000197776 0.00148095 0.00767945 0.0275838 0.0687007 0.119124 0.146068 0.13397 0.107376 0.0924863 0.0843256 0.0698833 0.0513688 0.0356253 0.0238086 0.0149035 0.00850889 0.00432045 0.00188632 0.000683948
 3.32144e-11 1.56225e-09 5.08813e-08 1.1475e-06 1.79199e-05 0.000193779 0.00145102 0.00752428 0.0270268 0.0673172 0.11675 0.143276 0.131794 0.106455 0.0927567 0.0854602 0.0716544 0.0535189 0.0376872 0.0253314 0.015769 0.00889882 0.00447104 0.00194185 0.000703425
 3.42736e-11 1.61206e-09 5.25039e-08 1.18409e-06 1.84913e-05 0.000199958 0.00149729 0.00776412 0.0278872 0.0694494 0.120374 0.147376 0.134457 0.106324 0.0900469 0.081661 0.0683211 0.0513339 0.0365655 0.0249299 0.0157253 0.00894139 0.00449031 0.00193839 0.00069717
 3.41131e-11 1.60452e-09 5.22581e-08 1.17855e-06 1.84048e-05 0.000199022 0.00149028 0.00772782 0.0277573 0.0691303 0.119852 0.146879 0.134454 0.107226 0.0917321 0.0833006 0.0689753 0.0508133 0.0354837 0.0239857 0.0151907 0.00873088 0.00443283 0.00192648 0.000693813
 3.42162e-11 1.60937e-09 5.24161e-08 1.18211e-06 1.84604e-05 0.000199624 0.00149478 0.00775115 0.0278408 0.0693359 0.120191 0.147216 0.134512 0.106778 0.0908722 0.0825256 0.0688067 0.0512594 0.036059 0.0242796 0.0152009 0.00865565 0.00438878 0.0019173 0.000695367
 3.31891e-11 1.56106e-09 5.08426e-08 1.14663e-06 1.79063e-05 0.000193631 0.00144992 0.00751857 0.0270065 0.0672682 0.116676 0.143238 0.131925 0.106883 0.0934145 0.0859873 0.0716599 0.0530083 0.0370648 0.0249528 0.0156617 0.00891212 0.00449712 0.00195478 0.000707768
 3.28539e-11 1.54529e-09 5.03292e-08 1.13505e-06 1.77254e-05 0.000191676 0.00143527 0.00744263 0.0267336 0.0665879 0.115492 0.141762 0.130503 0.105641 0.0923903 0.0855349 0.0722703 0.05464 0.0390274 0.026555 0.0166891 0.00948301 0.00477935 0.00207407 0.000749062
 3.4372e-11 1.61669e-09 5.26547e-08 1.18749e-06 1.85444e-05 0.000200532 0.00150159 0.00778641 0.0279671 0.0696471 0.120708 0.147742 0.134654 0.106193 0.0895928 0.0810473 0.067751 0.0509532 0.036454 0.0250791 0.0160184 0.00922811 0.00468485 0.00203693 0.000735143
 3.49709e-11 1.64486e-09 5.35721e-08 1.20818e-06 1.88675e-05 0.000204026 0.00152775 0.00792205 0.0284541 0.0708578 0.122792 0.150224 0.136691 0.107303 0.0898273 0.080535 0.0664757 0.0490316 0.0343349 0.0232934 0.014836 0.0086032 0.00441801 0.00194249 0.000706424
#obs catch len freq
 2.05139e-11 9.64875e-10 3.14254e-08 7.08722e-07 1.10677e-05 0.000119683 0.000896199 0.00464754 0.016698 0.0416315 0.0724842 0.0902833 0.0873525 0.0797147 0.0811438 0.0844683 0.0806754 0.0729495 0.065829 0.0590699 0.0517336 0.0432921 0.0331699 0.021958 0.0118711
 2.21387e-11 1.0413e-09 3.39143e-08 7.64854e-07 1.19443e-05 0.000129161 0.000967173 0.0050155 0.0180184 0.0449086 0.0780867 0.0967774 0.0921088 0.0810597 0.0795056 0.0816101 0.078163 0.0711807 0.0642682 0.0570916 0.0491502 0.0404096 0.0305691 0.0201108 0.0108568
 7.75887e-16 3.65679e-14 1.20055e-12 2.79314e-11 4.89288e-10 7.57162e-09 1.24527e-07 2.04269e-06 2.72594e-05 0.000264611 0.00180299 0.00854824 0.0282008 0.0651172 0.106989 0.130214 0.127619 0.11374 0.100547 0.0884773 0.0756252 0.0614197 0.0457637 0.0297236 0.0159172
 1.01889e-11 4.79236e-10 1.56084e-08 3.52009e-07 5.49712e-06 5.94433e-05 0.000445099 0.00230779 0.00828558 0.0205987 0.0354641 0.0423245 0.0353695 0.0228144 0.0198842 0.0373286 0.0738807 0.112409 0.131976 0.127984 0.110673 0.0888662 0.0652993 0.0418577 0.022166
 5.09309e-11 2.39555e-09 7.80213e-08 1.75958e-06 2.74783e-05 0.000297138 0.00222491 0.011536 0.0414185 0.102981 0.177364 0.211824 0.176161 0.103687 0.0458171 0.018119 0.0090721 0.00824707 0.0117957 0.0165373 0.0188797 0.0174523 0.0134136 0.00861989 0.00452371
 3.14421e-11 1.47889e-09 4.81663e-08 1.08627e-06 1.69637e-05 0.00018344 0.00137362 0.00712337 0.0255931 0.0638066 0.111076 0.138255 0.133303 0.119786 0.116115 0.107115 0.0781406 0.0421911 0.0179918 0.00862579 0.00727683 0.00764743 0.00687772 0.00485333 0.0026473
 3.89576e-11 1.83238e-09 5.96794e-08 1.34592e-06 2.10185e-05 0.000227285 0.00170189 0.00882477 0.0316922 0.0788773 0.136391 0.165459 0.146091 0.105591 0.0785124 0.0671774 0.0584303 0.0470437 0.0335109 0.0198967 0.00980111 0.00475396 0.00290014 0.00196464 0.00113154
 2.14377e-11 1.00832e-09 3.28405e-08 7.40636e-07 1.15661e-05 0.000125073 0.000936591 0.00485756 0.0174604 0.0436096 0.0764544 0.0976872 0.102186 0.107774 0.122108 0.12542 0.104721 0.0740568 0.0497354 0.0331976 0.0205184 0.010913 0.00503633 0.00221279 0.000977924
 4.06889e-11 1.91381e-09 6.23315e-08 1.40573e-06 2.19525e-05 0.000237385 0.00177751 0.0092166 0.033096 0.0823373 0.142142 0.171348 0.147787 0.0994144 0.0650039 0.0520159 0.0484598 0.0452645 0.0385128 0.0282421 0.0177929 0.00984022 0.00477477 0.00199523 0.000717791
 3.3055e-11 1.55475e-09 5.06371e-08 1.14199e-06 1.78339e-05 0.000192849 0.00144406 0.00748833 0.0268995 0.0670172 0.116347 0.14333 0.133556 0.111154 0.0995798 0.0903859 0.070443 0.0466511 0.0302792 0.0215556 0.0154954 0.00986405 0.00522683 0.00226835 0.000803012
 3.72308e-11 1.75116e-09 5.70341e-08 1.28626e-06 2.00868e-05 0.000217211 0.00162646 0.00843376 0.0302897 0.0754039 0.130501 0.158865 0.14203 0.106333 0.0833169 0.0725843 0.0611148 0.0468967 0.0332776 0.0217277 0.0131172 0.00754775 0.00406912 0.00190432 0.000721915
 3.69529e-11 1.73809e-09 5.66084e-08 1.27666e-06 1.99369e-05 0.00021559 0.00161433 0.00837094 0.0300654 0.0748582 0.129644 0.158231 0.142757 0.109466 0.0883396 0.0767349 0.0615132 0.0437667 0.0296442 0.0197363 0.0123727 0.00699779 0.00351676 0.00155191 0.000582612
 3.74845e-11 1.76309e-09 5.74227e-08 1.29503e-06 2.02237e-05 0.000218691 0.00163755 0.0084913 0.0304971 0.0759279 0.13146 0.160276 0.144056 0.109353 0.0870525 0.0752905 0.0608196 0.0437264 0.0294333 0.0189674 0.0114391 0.00632966 0.00314734 0.00136067 0.000494101
 3.6691e-11 1.72577e-09 5.62071e-08 1.26761e-06 1.97956e-05 0.000214062 0.00160289 0.00831163 0.0298526 0.0743314 0.128752 0.157233 0.142157 0.109655 0.0893495 0.0782885 0.0631969 0.0450748 0.0300993 0.0193031 0.0115418 0.0062611 0.0030283 0.00127449 0.000452035
 3.31714e-11 1.56022e-09 5.08155e-08 1.14602e-06 1.78967e-05 0.000193528 0.00144914 0.0075146 0.0269928 0.0672383 0.116655 0.143357 0.132495 0.108271 0.0956013 0.0882549 0.0730436 0.0530455 0.0359395 0.0231779 0.0138123 0.00742619 0.00354294 0.00146281 0.000506951
 2.88849e-11 1.35861e-09 4.4249e-08 9.97927e-07 1.55841e-05 0.000168521 0.0012619 0.00654382 0.0235086 0.0585876 0.101841 0.126066 0.119452 0.103745 0.0989899 0.0965041 0.0836161 0.0643772 0.0464597 0.0314111 0.0192326 0.0104684 0.00500033 0.00204953 0.000700885
 3.684e-11 1.73278e-09 5.64354e-08 1.27276e-06 1.9876e-05 0.000214931 0.00160939 0.00834517 0.0299709 0.0746036 0.129072 0.156914 0.139616 0.103143 0.079287 0.0687792 0.0592933 0.0482154 0.0375307 0.027306 0.0178573 0.0102667 0.00509303 0.00212953 0.000732475
 3.15828e-11 1.4855e-09 4.83819e-08 1.09113e-06 1.70397e-05 0.00018426 0.00137975 0.00715488 0.0257023 0.0640397 0.111215 0.137184 0.128413 0.108184 0.0988823 0.0921886 0.0751131 0.0531809 0.0361518 0.0250039 0.0168645 0.0103542 0.00549238 0.00242514 0.000866767
 3.30697e-11 1.55544e-09 5.06597e-08 1.1425e-06 1.78419e-05 0.000192935 0.0014447 0.00749143 0.0269081 0.0670132 0.116168 0.142305 0.130101 0.103544 0.0888833 0.0823831 0.0713999 0.0561563 0.0412829 0.0281706 0.0176153 0.0101776 0.00536551 0.0024554 0.000922416
 3.40706e-11 1.60252e-09 5.2193e-08 1.17708e-06 1.83819e-05 0.000198774 0.00148842 0.00771814 0.0277221 0.0690369 0.119652 0.146459 0.133514 0.105356 0.0889678 0.0805721 0.0675585 0.0513025 0.0374981 0.0265956 0.0174899 0.0102879 0.00531311 0.00236591 0.000882907
 3.39483e-11 1.59677e-09 5.20056e-08 1.17286e-06 1.83159e-05 0.000198061 0.00148308 0.00769047 0.0276231 0.0687942 0.119258 0.146101 0.133585 0.106226 0.090604 0.0823642 0.0686835 0.0512869 0.0364599 0.0251612 0.0163745 0.00975194 0.00514865 0.00232198 0.000864921
 3.38838e-11 1.59373e-09 5.19068e-08 1.17063e-06 1.82811e-05 0.000197684 0.00148026 0.00767585 0.0275706 0.0686634 0.119031 0.145823 0.13333 0.10604 0.0905228 0.0824948 0.0691352 0.0519664 0.0370355 0.0253437 0.0161889 0.00945641 0.00494622 0.00223756 0.00084103
 3.37226e-11 1.58615e-09 5.16598e-08 1.16506e-06 1.81941e-05 0.000196744 0.00147322 0.00763934 0.0274395 0.0683382 0.118475 0.145178 0.13286 0.105911 0.0907035 0.0828326 0.0695065 0.0523474 0.037438 0.0257171 0.0164346 0.00953796 0.00492773 0.00220189 0.00082189
 3.58008e-11 1.6839e-09 5.48435e-08 1.23686e-06 1.93153e-05 0.000208868 0.001564 0.00810997 0.0291282 0.0725265 0.125617 0.15337 0.138559 0.106721 0.0870224 0.077019 0.0638528 0.0478401 0.034115 0.0234186 0.0149829 0.00870396 0.00448845 0.0019938 0.00073796
 3.34774e-11 1.57462e-09 5.12842e-08 1.15659e-06 1.80618e-05 0.000195313 0.00146251 0.00758387 0.027241 0.0678512 0.117681 0.14444 0.13293 0.107463 0.0935682 0.0856991 0.0708531 0.051787 0.0358115 0.0240558 0.0152349 0.00881949 0.0045436 0.002016 0.000744058
 3.51859e-11 1.65497e-09 5.39014e-08 1.21561e-06 1.89836e-05 0.000205281 0.00153714 0.0079707 0.0286284 0.0712857 0.123494 0.150899 0.136723 0.106167 0.0877187 0.0785903 0.0659316 0.0500044 0.035805 0.0242812 0.0151633 0.00859461 0.00435762 0.00191713 0.000704738
 3.15884e-11 1.48576e-09 4.83904e-08 1.09133e-06 1.70426e-05 0.000184293 0.00137999 0.00715608 0.025706 0.0640435 0.111184 0.13697 0.127668 0.106543 0.0966247 0.0906741 0.0758024 0.0559274 0.0391274 0.0265657 0.0168873 0.00970453 0.00491656 0.00213928 0.000776574
 3.41654e-11 1.60698e-09 5.23382e-08 1.18036e-06 1.8433e-05 0.000199327 0.00149256 0.00773956 0.0277985 0.0692222 0.119939 0.14665 0.133187 0.104131 0.0870989 0.079238 0.0679501 0.0531963 0.0393771 0.0273721 0.0173735 0.00994582 0.0050552 0.00221088 0.000802877
 3.53178e-11 1.66118e-09 5.41035e-08 1.22017e-06 1.90547e-05 0.00020605 0.0015429 0.00800058 0.0287358 0.0715541 0.123964 0.1515 0.137341 0.106749 0.0881123 0.0783399 0.0646352 0.0480621 0.0343491 0.0240333 0.0157865 0.00933891 0.0048302 0.00212538 0.000773607
#spawning biomass
 23022.7 21790.8 17195.6 12624.1 14600.3 27813.8 43608.8 50262.5 61399.8 83631.8 98864 117177 157029 181121 186876 162242 144465 139046 139080 144295 136582 146106 144141 142722 165484 165993 177016 160662 179029 178750 234456 164735 105441 67953.6 46984.7 36060.4 30615.6 27978.6 26725.5 26137.7 25864.3 25738 25679.8 25653.1 25640.9 25635.3 25632.8 25631.6 25631.1 25630.8 25630.7 25630.7 25630.6 25630.6 25630.6 25630.6 25630.6 25630.6 25630.6 25630.6 25630.6 25630.6 25630.6 25630.6 25630.6 25630.6 25630.6 25630.6 25630.6 25630.6 25630.6 25630.6 25630.6 25630.6 25630.6 25630.6 25630.6 25630.6 25630.6 25630.6 25630.6 25630.6 25630.6 25630.6 25630.6 25630.6 25630.6 25630.6 25630.6 25630.6 25630.6 25630.6 25630.6 25630.6 25630.6 25630.6 25630.6 25630.6 25630.6 25630.6 25630.6 25630.6 25630.6 25630.6 25630.6 25630.6 25630.6 25630.6 25630.6 25630.6 25630.6 25630.6 25630.6 25630.6 25630.6 25630.6 25630.6 25630.6 25630.6 25630.6 25630.6 25630.6 25630.6 25630.6 25630.6 25630.6 25630.6 25630.6 25630.6 0 0 0 0 0 0 0 0 0 0 0 0 0 0 0 0 0 0 0 0 0 0 0 0 0
