SBPRF35
0.185482
Curr Bio
137647
B35
184772
F35
1.26547
FOFL
1.26547
OFL
67433.9
Bzero
52994.1
#pred survey bio
 14358.1 15938 17199.3 19444.8 22564.9 26633.2 30820.4 39183.9 53855.1 70625.8 84499.5 105911 143958 174975 157743 129028 116099 116465 111710 103124 106505 113525 120030 130303 145870 150171 135501 119909 105519 3.68807e+06 3.06141e+06 1.80771e+06 972923 650301 524470 466093 434613 416208 405077 398264 394082 391514 389939 388970 388373 388015 387800 387671 387593 387546 387518 387501 387491 387484 387481 387478 387477 387476 387476 387475 387475 387475 387475 387475 387475 387475 387475 387475 387475 387475 387475 387475 387475 387475 387475 387475 387475 387475 387475 387475 387475 387475 387475 387475 387475 387475 387475 387475 387475 387475 387475 387475 387475 387475 387475 387475 387475 387475 387475 387475 387475 387475 387475 387475 387475 387475 387475 387475 387475 387475 387475 387475 387475 387475 387475 387475 387475 387475 387475 387475 387475 387475 387475 387475 387475 387475 387475 387475 387475 0 0 0 0 0 0 0 0 0 0 0 0 0 0 0 0 0 0 0 0 0 0 0 0 0
#obs survey bio
 11269.7 16944.6 15338.4 15962.2 20090.9 13777.9 15712.1 35212.1 52696.5 54053 40505 110967 140648 139225 97402.9 77490.5 65502 94184.2 76106.4 114176 86078.1 73141.8 112805 122763 196682 127772 51288.7 99873.1 65418.5
#pred catch bio
 5531.51 7040.97 7482.29 9241.67 10820.9 13158.2 15597.8 20287.2 29058.8 39772.1 48633.1 59768.9 80236.7 112451 109435 92556.6 80235.4 82591.5 82188.8 72964.1 75664.8 82977.5 87330.4 94233.5 106767 116812 108492 99445.9 39164.3 67433.9 70777 38013 15329.7 8788.23 7310.4 7005.31 6945.45 6934.11 6932.02 6931.64 6931.57 6931.56 6931.55 6931.55 6931.55 6931.55 6931.55 6931.55 6931.55 6931.55 6931.55 6931.55 6931.55 6931.55 6931.55 6931.55 6931.55 6931.55 6931.55 6931.55 6931.55 6931.55 6931.55 6931.55 6931.55 6931.55 6931.55 6931.55 6931.55 6931.55 6931.55 6931.55 6931.55 6931.55 6931.55 6931.55 6931.55 6931.55 6931.55 6931.55 6931.55 6931.55 6931.55 6931.55 6931.55 6931.55 6931.55 6931.55 6931.55 6931.55 6931.55 6931.55 6931.55 6931.55 6931.55 6931.55 6931.55 6931.55 6931.55 6931.55 6931.55 6931.55 6931.55 6931.55 6931.55 6931.55 6931.55 6931.55 6931.55 6931.55 6931.55 6931.55 6931.55 6931.55 6931.55 6931.55 6931.55 6931.55 6931.55 6931.55 6931.55 6931.55 6931.55 6931.55 6931.55 6931.55 6931.55 6931.55 6931.55 0 0 0 0 0 0 0 0 0 0 0 0 0 0 0 0 0 0 0 0 0 0 0 0 0
#obs catch bio
 7278 7092.13 7493.61 9379.41 10858.3 13346 15823.4 20157.3 28520.8 39342.1 48831 58394.3 76174.4 109442 109867 94664 80673.4 82057.5 82410.3 69957.3 73899.2 82124.6 84875.8 90725.8 101486 110400 109254 99311.5 38365.2
#pred cpue bio
 9415.84 10319.8 10807.8 12063.8 13261.7 15592.7 18028.2 21482.8 28304.6 37538.7 45955.4 55244.5 73402.6 95646.6 90696.2 71944.5 60135.5 60309.6 57843.1 52584.7 53461 56150.6 58362.8 63087.2 70032.8 74450.5 66878 57983.4 49487.4 2.14735e+06 2.41782e+06 1.65993e+06 862049 537189 410552 352003 320488 302075 290942 284129 279947 277380 275805 274835 274238 273880 273666 273536 273458 273412 273383 273366 273356 273350 273346 273344 273342 273341 273341 273341 273340 273340 273340 273340 273340 273340 273340 273340 273340 273340 273340 273340 273340 273340 273340 273340 273340 273340 273340 273340 273340 273340 273340 273340 273340 273340 273340 273340 273340 273340 273340 273340 273340 273340 273340 273340 273340 273340 273340 273340 273340 273340 273340 273340 273340 273340 273340 273340 273340 273340 273340 273340 273340 273340 273340 273340 273340 273340 273340 273340 273340 273340 273340 273340 273340 273340 273340 273340 273340 0 0 0 0 0 0 0 0 0 0 0 0 0 0 0 0 0 0 0 0 0 0 0 0 0
#obs cpue bio
 8203.85 8061 10050 11934.3 16154.1 18722 32138.1 38036.6 41874.3 49710.6 75035.9 130616 178186 125469 111709 89710 92519.5 95664 79519.7 125981 77329.7 97265.6 114138 128632 129221 188494 109559 95688.3 113115
#pred surv len freq
 2.5655e-27 2.5945e-27 3.83744e-26 7.55538e-20 1.85211e-14 5.48814e-10 1.96576e-06 0.000851098 0.0445434 0.281794 0.21581 0.0400619 0.153312 0.141481 0.0314858 0.0364776 0.0154413 0.011582 0.00703871 0.0052828 0.00407883 0.00346446 0.003408 0.00298049 0.000905092
 2.56508e-27 2.59358e-27 3.76984e-26 7.41282e-20 1.81716e-14 5.38458e-10 1.92867e-06 0.000835039 0.0437029 0.276477 0.211734 0.0390878 0.148765 0.13788 0.0418049 0.0607731 0.0205506 0.00844361 0.00374161 0.00210774 0.00132559 0.000962636 0.000836274 0.000728343 0.000241911
 2.56574e-27 2.59533e-27 3.9189e-26 7.72726e-20 1.89424e-14 5.61298e-10 2.01048e-06 0.00087046 0.0455567 0.288204 0.220692 0.039297 0.144064 0.133369 0.0378703 0.0530537 0.0200317 0.0112455 0.00356618 0.00109529 0.000454702 0.000250899 0.000179806 0.000146374 5.02203e-05
 2.56584e-27 2.59554e-27 3.93139e-26 7.75358e-20 1.9007e-14 5.6321e-10 2.01732e-06 0.000873425 0.0457119 0.289186 0.221449 0.0397472 0.146958 0.135956 0.0368459 0.0500154 0.0183366 0.00965666 0.00359683 0.00122818 0.000272336 8.32852e-05 4.19652e-05 2.92135e-05 9.89097e-06
 2.56725e-27 2.59926e-27 4.2499e-26 8.42546e-20 2.0654e-14 6.12015e-10 2.19213e-06 0.00094911 0.049673 0.314245 0.240582 0.0396122 0.132489 0.122467 0.0319825 0.0422535 0.0149702 0.00712217 0.00251485 0.000860014 0.000221701 4.05807e-05 9.57485e-06 4.72116e-06 1.4915e-06
 2.56672e-27 2.59771e-27 4.10266e-26 8.11482e-20 1.98925e-14 5.8945e-10 2.11131e-06 0.000914117 0.0478416 0.302659 0.231755 0.0408921 0.14843 0.13701 0.0315381 0.0375435 0.0129986 0.00573997 0.00190673 0.000588994 0.000146534 2.86404e-05 3.79827e-06 8.31737e-07 2.16889e-07
 2.56688e-27 2.59818e-27 4.14754e-26 8.20949e-20 2.01246e-14 5.96327e-10 2.13594e-06 0.000924782 0.0483998 0.30619 0.234445 0.0404558 0.14322 0.132302 0.0325302 0.0409574 0.0135122 0.00494112 0.00155675 0.000442513 9.91297e-05 1.82666e-05 2.30308e-06 2.18976e-07 3.23359e-08
 2.56855e-27 2.60265e-27 4.53599e-26 9.02895e-20 2.21334e-14 6.55851e-10 2.34915e-06 0.00101709 0.0532309 0.336753 0.257773 0.0398751 0.122411 0.112965 0.0266747 0.0324686 0.0109098 0.00428754 0.00125686 0.00030114 6.14545e-05 1.01313e-05 1.17975e-06 8.4322e-08 5.06197e-09
 2.56898e-27 2.6037e-27 4.61662e-26 9.19899e-20 2.25502e-14 6.68203e-10 2.39339e-06 0.00103625 0.0542334 0.343095 0.262628 0.0406453 0.124861 0.115008 0.0231026 0.0237754 0.00777993 0.00276587 0.000822992 0.00020208 3.56555e-05 5.08289e-06 5.22766e-07 3.28436e-08 1.12226e-09
 2.56847e-27 2.60228e-27 4.48779e-26 8.92719e-20 2.18839e-14 6.4846e-10 2.32268e-06 0.00100563 0.052631 0.332958 0.254897 0.0412762 0.135093 0.124414 0.0241173 0.0236932 0.00731842 0.00192092 0.000528347 0.000119063 2.13351e-05 2.7753e-06 2.39622e-07 1.30344e-08 3.53023e-10
 2.56793e-27 2.60082e-27 4.35997e-26 8.65756e-20 2.1223e-14 6.28875e-10 2.25252e-06 0.000975256 0.0510414 0.322902 0.247222 0.0414992 0.142184 0.131001 0.0260814 0.0265088 0.00808157 0.0019291 0.000476429 8.12403e-05 1.29441e-05 1.62485e-06 1.29956e-07 5.91145e-09 1.34946e-10
 2.56911e-27 2.60404e-27 4.64624e-26 9.26148e-20 2.27034e-14 6.72743e-10 2.40965e-06 0.00104329 0.0546019 0.345426 0.264406 0.0405554 0.122928 0.11325 0.023271 0.0245705 0.00753874 0.00187196 0.000454529 6.93673e-05 8.86362e-06 8.94242e-07 6.62991e-08 2.76082e-09 5.28481e-11
 2.56935e-27 2.60462e-27 4.69217e-26 9.35836e-20 2.29409e-14 6.79779e-10 2.43486e-06 0.0010542 0.055173 0.349039 0.267171 0.0409146 0.123719 0.113861 0.0212141 0.0197266 0.00608425 0.00158175 0.00039017 6.11303e-05 7.35276e-06 6.07946e-07 3.48816e-08 1.29006e-09 2.22345e-11
 2.56751e-27 2.59964e-27 4.25095e-26 8.42755e-20 2.06591e-14 6.12167e-10 2.19268e-06 0.000949346 0.0496854 0.314323 0.240683 0.0422159 0.152232 0.140185 0.0261104 0.0242565 0.00729949 0.00159784 0.000387953 6.34017e-05 7.82246e-06 6.32079e-07 3.02999e-08 8.61502e-10 1.27607e-11
 2.56617e-27 2.59604e-27 3.93695e-26 7.76517e-20 1.90354e-14 5.64052e-10 2.02034e-06 0.00087473 0.0457802 0.289618 0.221827 0.042754 0.169574 0.156291 0.0308263 0.0309496 0.0092081 0.00181587 0.000413344 5.7086e-05 6.96119e-06 5.82046e-07 2.75654e-08 6.66932e-10 7.63702e-12
 2.56728e-27 2.59907e-27 4.20671e-26 8.33426e-20 2.04304e-14 6.0539e-10 2.16841e-06 0.000938837 0.0491354 0.310844 0.238019 0.0417897 0.15086 0.139056 0.0284019 0.0297624 0.0089013 0.0018245 0.000408865 5.02562e-05 5.37038e-06 4.03566e-07 1.94714e-08 4.66826e-10 4.61742e-12
 2.56878e-27 2.60304e-27 4.54865e-26 9.05557e-20 2.21986e-14 6.57785e-10 2.35608e-06 0.00102009 0.0533879 0.337746 0.258558 0.0415994 0.134981 0.124203 0.0221357 0.019211 0.00571551 0.00114663 0.000256852 3.19254e-05 3.2146e-06 2.08627e-07 8.79777e-09 2.0707e-10 2.02354e-12
 2.56854e-27 2.60236e-27 4.48388e-26 8.91891e-20 2.18636e-14 6.47858e-10 2.32052e-06 0.0010047 0.0525822 0.332649 0.254675 0.0421482 0.141885 0.130495 0.0218157 0.0168895 0.00489346 0.000773427 0.000163618 1.99908e-05 2.0173e-06 1.27653e-07 4.7293e-09 9.61461e-11 8.94719e-13
 2.56853e-27 2.60232e-27 4.48085e-26 8.91252e-20 2.1848e-14 6.47394e-10 2.31886e-06 0.00100398 0.0525445 0.332411 0.254494 0.042166 0.142149 0.130739 0.0218802 0.0169708 0.00485056 0.000649142 0.000125775 1.23569e-05 1.1532e-06 7.20258e-08 2.6205e-09 4.78662e-11 3.84705e-13
 2.5688e-27 2.60304e-27 4.54229e-26 9.04212e-20 2.21657e-14 6.56808e-10 2.35258e-06 0.00101858 0.0533086 0.337245 0.258184 0.0421453 0.139398 0.128161 0.020705 0.0149403 0.00424664 0.000536041 9.95146e-05 8.27676e-06 6.50967e-07 3.3684e-08 1.1695e-09 2.0898e-11 1.5358e-13
 2.56925e-27 2.60427e-27 4.65267e-26 9.27499e-20 2.27365e-14 6.73724e-10 2.41317e-06 0.00104481 0.0546815 0.34593 0.264809 0.0416906 0.131284 0.120703 0.019922 0.0150317 0.00426936 0.000526818 9.65193e-05 7.67895e-06 5.53892e-07 2.3495e-08 6.63107e-10 1.06855e-11 7.60107e-14
 2.56948e-27 2.60489e-27 4.7056e-26 9.38665e-20 2.30102e-14 6.81834e-10 2.44222e-06 0.00105739 0.0553398 0.350095 0.267989 0.0416894 0.12904 0.118593 0.0188325 0.0130805 0.00371641 0.000471005 8.68458e-05 6.74223e-06 4.72596e-07 1.8641e-08 4.45469e-10 5.73301e-12 3.5369e-14
 2.56976e-27 2.60562e-27 4.76831e-26 9.51892e-20 2.33345e-14 6.91442e-10 2.47663e-06 0.00107229 0.0561196 0.355028 0.271755 0.0416486 0.126084 0.11583 0.0177024 0.0111988 0.0031465 0.000346972 6.07696e-05 4.76511e-06 3.32745e-07 1.27078e-08 2.86459e-10 3.19407e-12 1.58093e-14
 2.56982e-27 2.60578e-27 4.78192e-26 9.54765e-20 2.34049e-14 6.93529e-10 2.48411e-06 0.00107552 0.056289 0.356099 0.272573 0.041652 0.125534 0.115313 0.0174247 0.0106952 0.00298707 0.0003007 4.98444e-05 3.46575e-06 2.27568e-07 8.71903e-09 1.92583e-10 2.03581e-12 8.91847e-15
 2.57001e-27 2.60629e-27 4.82815e-26 9.64516e-20 2.36439e-14 7.00612e-10 2.50947e-06 0.00108651 0.0568638 0.359736 0.275348 0.0414876 0.122334 0.112365 0.0170122 0.0104963 0.00292863 0.000288906 4.70381e-05 3.02346e-06 1.81295e-07 6.17205e-09 1.31981e-10 1.37869e-12 5.77263e-15
 2.56921e-27 2.6041e-27 4.63226e-26 9.2319e-20 2.26309e-14 6.70594e-10 2.40195e-06 0.00103995 0.0544275 0.344323 0.263591 0.0422531 0.13642 0.125322 0.0185508 0.0107429 0.0029898 0.00028899 4.64719e-05 2.9172e-06 1.67911e-07 5.17907e-09 9.86653e-11 9.53107e-13 3.91494e-15
 2.5693e-27 2.60436e-27 4.65447e-26 9.27877e-20 2.27458e-14 6.73998e-10 2.41415e-06 0.00104523 0.0547038 0.346071 0.264925 0.0421932 0.135027 0.124036 0.0183043 0.0105037 0.00290347 0.000246169 3.66572e-05 2.22195e-06 1.23886e-07 3.67765e-09 6.49712e-11 5.57203e-13 2.07321e-15
 2.56969e-27 2.60538e-27 4.74409e-26 9.46782e-20 2.32092e-14 6.8773e-10 2.46333e-06 0.00106653 0.0558183 0.353122 0.270306 0.0420187 0.129918 0.119297 0.0170276 0.00878677 0.00241548 0.000192176 2.71544e-05 1.45938e-06 7.28926e-08 2.06516e-09 3.50892e-11 2.82244e-13 9.43276e-16
 2.57023e-27 2.60684e-27 4.87163e-26 9.73687e-20 2.38688e-14 7.07274e-10 2.53334e-06 0.00109684 0.0574045 0.363157 0.277964 0.0417563 0.122541 0.112458 0.0152562 0.00647122 0.00175762 0.000119646 1.48542e-05 7.42875e-07 3.35434e-08 8.2335e-10 1.27628e-11 9.7731e-14 3.08769e-16
#obs surv len freq
 1.24828e-41 1.73253e-33 2.90668e-26 5.89468e-20 1.44501e-14 4.28183e-10 1.53368e-06 0.000664032 0.0347528 0.219857 0.168614 0.0417782 0.17056 0.142755 0.089109 0.0842706 0.0330611 0.0118991 0.00239934 0.000266472 1.20484e-05 1.62952e-07 4.9877e-10 2.81855e-13 2.57128e-17
 1.55829e-41 2.1628e-33 3.62854e-26 7.35861e-20 1.80388e-14 5.34521e-10 1.91457e-06 0.000828942 0.0433835 0.274457 0.21034 0.0426515 0.142133 0.113283 0.0742979 0.0647903 0.02436 0.00792218 0.00141252 0.000133709 4.92144e-06 5.14793e-08 1.17113e-10 4.79627e-14 3.12459e-18
 1.2929e-41 1.79446e-33 3.01057e-26 6.10538e-20 1.49666e-14 4.43488e-10 1.5885e-06 0.000687767 0.035995 0.227716 0.174888 0.0516999 0.203687 0.149763 0.0733244 0.0554853 0.0199402 0.00583065 0.000908096 7.14923e-05 2.1003e-06 1.68604e-08 2.8479e-11 8.4626e-15 3.94347e-19
 1.55638e-41 2.16016e-33 3.62411e-26 7.34963e-20 1.80167e-14 5.33869e-10 1.91223e-06 0.00082793 0.0433306 0.274123 0.210256 0.0473408 0.149618 0.109535 0.0849972 0.0598448 0.0158176 0.00376445 0.000508928 3.29331e-05 7.56655e-07 4.58837e-09 5.71799e-12 1.23217e-15 4.11371e-20
 1.54018e-41 2.13767e-33 3.58639e-26 7.27312e-20 1.78292e-14 5.28312e-10 1.89233e-06 0.000819312 0.0428795 0.27127 0.20832 0.0553071 0.179856 0.118624 0.0638363 0.0416671 0.0141925 0.00293118 0.000280594 1.41602e-05 2.5119e-07 1.13353e-09 1.02941e-12 1.59835e-16 3.81641e-21
 1.34861e-41 1.87178e-33 3.1403e-26 6.36847e-20 1.56115e-14 4.62599e-10 1.65695e-06 0.000717404 0.037546 0.23753 0.182805 0.0612885 0.205741 0.131245 0.0832985 0.0465102 0.0109844 0.00212663 0.000197844 7.12351e-06 8.94047e-08 2.94249e-10 1.92706e-13 2.13553e-17 3.62172e-22
 1.56046e-41 2.16582e-33 3.63361e-26 7.36889e-20 1.8064e-14 5.35269e-10 1.91724e-06 0.000830101 0.0434442 0.274844 0.211264 0.0579711 0.165324 0.105069 0.0840692 0.0445788 0.010854 0.00163049 0.000115465 3.6057e-06 3.30414e-08 7.3673e-11 3.35925e-14 2.62575e-18 3.13985e-23
 1.73238e-41 2.40443e-33 4.03392e-26 8.18072e-20 2.00541e-14 5.94239e-10 2.12847e-06 0.000921552 0.0482304 0.305123 0.23459 0.0627566 0.163114 0.0926213 0.056503 0.0277213 0.00732171 0.00103379 5.97693e-05 1.34663e-06 9.46135e-09 1.53835e-11 4.75256e-15 2.50771e-19 2.06359e-24
 1.65491e-41 2.2969e-33 3.85352e-26 7.81487e-20 1.91572e-14 5.67664e-10 2.03328e-06 0.00088034 0.0460735 0.29148 0.224582 0.0713566 0.185221 0.0981661 0.0550384 0.022241 0.00437062 0.000557704 3.03032e-05 5.47246e-07 2.731e-09 3.16371e-12 7.01302e-16 2.56648e-20 1.42742e-25
 1.53439e-41 2.12963e-33 3.5729e-26 7.24577e-20 1.77621e-14 5.26325e-10 1.88521e-06 0.000816231 0.0427183 0.270257 0.20881 0.0784658 0.199511 0.10469 0.0666667 0.0238258 0.00385955 0.000362456 1.5045e-05 2.31017e-07 9.10622e-10 7.52067e-13 1.15133e-16 2.94013e-21 1.14528e-26
 1.46613e-41 2.03489e-33 3.41394e-26 6.92341e-20 1.69719e-14 5.02909e-10 1.80134e-06 0.000779917 0.0408178 0.258237 0.200068 0.0841606 0.203752 0.107384 0.0752029 0.0252019 0.00407062 0.000313722 9.27038e-06 1.00131e-07 3.00991e-10 1.90977e-13 2.12554e-17 3.77578e-22 1.00996e-27
 1.87922e-41 2.60824e-33 4.37586e-26 8.87416e-20 2.1754e-14 6.4461e-10 2.30889e-06 0.000999668 0.0523187 0.330993 0.255241 0.0729181 0.140734 0.0739368 0.0531452 0.0167935 0.00272133 0.00019192 4.76577e-06 3.65948e-08 7.37997e-11 3.28686e-14 2.67934e-18 3.48494e-23 6.66462e-29
 1.56636e-41 2.17401e-33 3.64735e-26 7.39676e-20 1.81323e-14 5.37293e-10 1.9245e-06 0.00083324 0.0436085 0.275901 0.214875 0.102261 0.213887 0.0905096 0.0435136 0.01252 0.00195869 0.000127507 2.85179e-06 1.79212e-08 2.62573e-11 7.83921e-15 4.2704e-19 3.83784e-24 5.21547e-30
 1.27199e-41 1.76544e-33 2.96189e-26 6.00665e-20 1.47246e-14 4.36317e-10 1.56282e-06 0.000676645 0.0354129 0.224064 0.176389 0.113758 0.233498 0.119367 0.0779478 0.0170336 0.00175417 9.59123e-05 1.88919e-06 1.00992e-08 1.18763e-11 2.63712e-15 9.9828e-20 6.00969e-25 5.4554e-31
 1.14778e-41 1.59304e-33 2.67266e-26 5.42011e-20 1.32868e-14 3.93711e-10 1.41021e-06 0.000610571 0.0319549 0.202196 0.160443 0.117247 0.226983 0.135345 0.098276 0.0240212 0.00281214 0.000109002 1.47897e-06 6.28413e-09 5.97631e-12 1.04283e-15 2.98325e-20 1.30182e-25 8.25992e-32
 1.55543e-41 2.15883e-33 3.62189e-26 7.34512e-20 1.80057e-14 5.33542e-10 1.91106e-06 0.000827423 0.043304 0.273992 0.214574 0.100602 0.16522 0.104619 0.0746395 0.0195986 0.00251746 0.000102944 1.19688e-06 3.44727e-09 2.30502e-12 3.03362e-16 6.63037e-21 2.18405e-26 1.0269e-32
 1.4072e-41 1.9531e-33 3.27673e-26 6.64514e-20 1.62898e-14 4.82696e-10 1.72894e-06 0.000748571 0.0391773 0.247914 0.197694 0.135962 0.215191 0.0971148 0.0515278 0.0129723 0.00162825 6.82597e-05 7.92355e-07 2.02144e-09 9.99673e-13 8.90721e-17 1.34866e-21 3.20807e-27 1.11096e-33
 1.46032e-41 2.02682e-33 3.40042e-26 6.89598e-20 1.69047e-14 5.00917e-10 1.7942e-06 0.000776827 0.0406561 0.25728 0.20518 0.130031 0.19016 0.107911 0.0572122 0.00983948 0.00091716 3.4769e-05 3.7848e-07 8.9732e-10 3.88902e-13 2.76115e-17 3.02375e-22 4.92877e-28 1.16437e-34
 1.44532e-41 2.006e-33 3.36549e-26 6.82514e-20 1.6731e-14 4.95771e-10 1.77577e-06 0.000768848 0.0402386 0.254667 0.205275 0.144498 0.195625 0.10082 0.0485266 0.00886905 0.00069258 1.75974e-05 1.46863e-07 2.96048e-10 1.10516e-13 6.63769e-18 5.92714e-23 7.50138e-29 1.30696e-35
 1.56e-41 2.16517e-33 3.63252e-26 7.36668e-20 1.80585e-14 5.35108e-10 1.91667e-06 0.000829852 0.0434313 0.274885 0.22143 0.141629 0.175216 0.0944845 0.0411937 0.00643837 0.000451584 1.00188e-05 5.95396e-08 8.30389e-11 2.34731e-14 1.12328e-18 8.07249e-24 8.16793e-30 1.1211e-36
 1.50514e-41 2.08904e-33 3.50479e-26 7.10765e-20 1.74236e-14 5.16292e-10 1.84927e-06 0.000800672 0.0419042 0.265277 0.217233 0.16036 0.184614 0.0897841 0.0346321 0.0050835 0.000304575 5.57914e-06 2.7222e-08 2.83663e-11 5.5077e-15 1.82714e-19 9.54957e-25 7.28136e-31 7.6515e-38
 1.55238e-41 2.1546e-33 3.61479e-26 7.33071e-20 1.79704e-14 5.32495e-10 1.90731e-06 0.0008258 0.0432194 0.273636 0.225045 0.160284 0.172482 0.0896039 0.0309412 0.0037675 0.000189353 2.88652e-06 1.11323e-08 8.99659e-12 1.31737e-15 3.12887e-20 1.12652e-25 5.89367e-32 4.33256e-39
 1.55509e-41 2.15836e-33 3.6211e-26 7.34352e-20 1.80018e-14 5.33425e-10 1.91064e-06 0.000827242 0.0432951 0.274184 0.228466 0.171088 0.170439 0.0827793 0.0258562 0.00293994 0.000122312 1.45673e-06 4.38662e-09 2.71875e-12 2.98896e-16 5.27008e-21 1.38905e-26 5.2053e-33 2.68013e-40
 1.59341e-41 2.21154e-33 3.71032e-26 7.52446e-20 1.84453e-14 5.46569e-10 1.95772e-06 0.000847625 0.0443621 0.281004 0.235977 0.173989 0.162025 0.0780885 0.0215177 0.00211186 7.51575e-05 7.35457e-07 1.69084e-09 7.79383e-13 6.35597e-17 8.26088e-22 1.59199e-27 4.33767e-34 1.61652e-41
 1.5876e-41 2.20348e-33 3.69679e-26 7.49702e-20 1.83781e-14 5.44576e-10 1.95058e-06 0.000844535 0.0442007 0.280093 0.23907 0.184281 0.159939 0.0723159 0.0176811 0.00152754 4.47271e-05 3.50811e-07 6.3396e-10 2.21117e-13 1.31962e-17 1.23975e-22 1.72548e-28 3.39583e-35 9.12586e-43
 1.37309e-41 1.90576e-33 3.1973e-26 6.48407e-20 1.58949e-14 4.70996e-10 1.68703e-06 0.000730427 0.0382294 0.242546 0.218881 0.217209 0.183196 0.0806596 0.017251 0.00126469 3.04521e-05 1.89873e-07 2.63349e-10 6.9369e-14 3.08579e-18 2.12347e-23 2.13062e-29 2.9955e-36 5.73491e-44
 1.40553e-41 1.95079e-33 3.27285e-26 6.63728e-20 1.62705e-14 4.82125e-10 1.72689e-06 0.000747686 0.0391331 0.248362 0.224267 0.205435 0.176255 0.0875835 0.0171126 0.00108091 2.10012e-05 1.02086e-07 1.07977e-10 2.12533e-14 6.96191e-19 3.50262e-24 2.55711e-30 2.60055e-37 3.57665e-45
 1.46936e-41 2.03938e-33 3.42148e-26 6.9387e-20 1.70094e-14 5.0402e-10 1.80532e-06 0.00078164 0.0409102 0.259591 0.232284 0.203012 0.168862 0.0778308 0.015679 0.00102989 1.83943e-05 7.65213e-08 6.69064e-11 1.07358e-14 2.8505e-19 1.1574e-24 6.79499e-31 5.54699e-38 6.1206e-46
 1.46938e-41 2.0394e-33 3.42152e-26 6.93877e-20 1.70096e-14 5.04025e-10 1.80533e-06 0.000781648 0.0409106 0.259593 0.232286 0.203016 0.168946 0.077999 0.0154849 0.000964255 1.59913e-05 6.0474e-08 4.72697e-11 6.70654e-15 1.56238e-19 5.53869e-25 2.82907e-31 2.00418e-38 1.91556e-46
#pred catch len freq
 2.55953e-27 2.57866e-27 2.47568e-26 4.68279e-20 1.14793e-14 3.40152e-10 1.21837e-06 0.000527507 0.0276078 0.174655 0.134011 0.0407505 0.216021 0.19978 0.0494408 0.0629678 0.0268086 0.0202625 0.0122759 0.00918376 0.00707421 0.00600195 0.00590178 0.00516101 0.00156724
 2.55931e-27 2.57836e-27 2.46719e-26 4.66493e-20 1.14355e-14 3.38855e-10 1.21372e-06 0.000525495 0.0275025 0.173989 0.133479 0.03926 0.205057 0.190588 0.0648952 0.100261 0.0339762 0.0140409 0.00620476 0.00348127 0.00218379 0.00158391 0.00137539 0.00119777 0.000397821
 2.55998e-27 2.58011e-27 2.61385e-26 4.9743e-20 1.21939e-14 3.61327e-10 1.29421e-06 0.000560345 0.0293264 0.185527 0.142297 0.0397713 0.202751 0.188199 0.0597213 0.089268 0.0338003 0.0190751 0.00603879 0.00184586 0.000764048 0.00042098 0.00030154 0.000245446 8.42105e-05
 2.56037e-27 2.58105e-27 2.68457e-26 5.12343e-20 1.25595e-14 3.7216e-10 1.33301e-06 0.000577144 0.0302056 0.19109 0.146558 0.0405852 0.205953 0.190974 0.0569941 0.0822536 0.0302055 0.0159497 0.00592481 0.00201496 0.000445627 0.000136002 6.84804e-05 4.76649e-05 1.61379e-05
 2.56198e-27 2.58526e-27 3.04048e-26 5.87419e-20 1.43999e-14 4.26694e-10 1.52835e-06 0.000661716 0.0346318 0.219091 0.167942 0.0408067 0.192614 0.178448 0.0508887 0.0713789 0.0253166 0.0120604 0.00424697 0.00144571 0.000371738 6.79381e-05 1.60134e-05 7.89401e-06 2.49381e-06
 2.5616e-27 2.58405e-27 2.91556e-26 5.61059e-20 1.37537e-14 4.07546e-10 1.45976e-06 0.000632022 0.0330777 0.209259 0.160465 0.0426567 0.211946 0.195994 0.0487067 0.0619208 0.0214586 0.00948085 0.00314123 0.000965656 0.000239594 4.67554e-05 6.19571e-06 1.35617e-06 3.53628e-07
 2.56182e-27 2.58468e-27 2.97603e-26 5.73818e-20 1.40664e-14 4.16814e-10 1.49296e-06 0.000646394 0.0338299 0.214018 0.164088 0.0420333 0.204656 0.18942 0.0503275 0.0672157 0.0221878 0.00811123 0.002549 0.000720958 0.000161067 2.9629e-05 3.73272e-06 3.54777e-07 5.23834e-08
 2.56388e-27 2.59016e-27 3.44922e-26 6.73638e-20 1.65134e-14 4.89323e-10 1.75267e-06 0.00075884 0.0397149 0.251248 0.19251 0.0416093 0.181461 0.167785 0.0423282 0.0544162 0.0182837 0.00716699 0.00209573 0.000499359 0.000101614 1.67221e-05 1.94557e-06 1.39011e-07 8.34387e-09
 2.56468e-27 2.59212e-27 3.60062e-26 7.05569e-20 1.72962e-14 5.12517e-10 1.83575e-06 0.000794809 0.0415974 0.263157 0.201624 0.0429112 0.184965 0.17064 0.0359984 0.0392059 0.0128249 0.00453745 0.00134608 0.000328676 5.78333e-05 8.22819e-06 8.45494e-07 5.31002e-08 1.81418e-09
 2.56424e-27 2.59085e-27 3.48332e-26 6.80821e-20 1.66895e-14 4.9454e-10 1.77136e-06 0.00076693 0.0401384 0.253927 0.194588 0.0436981 0.195897 0.18066 0.0365642 0.0379266 0.0117124 0.00305554 0.000837741 0.000187665 3.35314e-05 4.35376e-06 3.75549e-07 2.042e-08 5.52974e-10
 2.56366e-27 2.58929e-27 3.34747e-26 6.52164e-20 1.5987e-14 4.73723e-10 1.6968e-06 0.000734649 0.0384489 0.243238 0.18643 0.0438639 0.202891 0.187181 0.0389312 0.0416742 0.0127022 0.00301292 0.000742066 0.000125751 1.99727e-05 2.50217e-06 1.9994e-07 9.0911e-09 2.07497e-10
 2.56501e-27 2.59299e-27 3.67656e-26 7.21589e-20 1.76889e-14 5.24153e-10 1.87743e-06 0.000812855 0.0425419 0.269132 0.206184 0.04275 0.180535 0.166579 0.0357755 0.0396682 0.0121665 0.00300099 0.000726785 0.000110235 1.4043e-05 1.41354e-06 1.04693e-07 4.35779e-09 8.34035e-11
 2.56532e-27 2.59373e-27 3.73241e-26 7.33368e-20 1.79776e-14 5.32709e-10 1.90807e-06 0.000826124 0.0432363 0.273525 0.209548 0.043377 0.182942 0.168609 0.0326711 0.0320783 0.00989142 0.0025546 0.000628514 9.78733e-05 1.17389e-05 9.68415e-07 5.55012e-08 2.05163e-09 3.5354e-11
 2.56367e-27 2.58923e-27 3.3331e-26 6.49128e-20 1.59126e-14 4.71518e-10 1.6889e-06 0.000731229 0.0382699 0.242106 0.185577 0.044633 0.209342 0.192968 0.0369523 0.0356936 0.0107331 0.00232532 0.000562513 9.13252e-05 1.12347e-05 9.05789e-07 4.33734e-08 1.23252e-09 1.82523e-11
 2.56249e-27 2.58609e-27 3.06141e-26 5.91815e-20 1.45076e-14 4.29887e-10 1.53978e-06 0.000666667 0.034891 0.22073 0.16926 0.0449485 0.223208 0.205891 0.0415613 0.0429414 0.0127631 0.0024864 0.000563718 7.73165e-05 9.39647e-06 7.83927e-07 3.70873e-08 8.96835e-10 1.02671e-11
 2.56392e-27 2.58999e-27 3.40775e-26 6.6488e-20 1.62987e-14 4.8296e-10 1.72988e-06 0.000748973 0.0391986 0.247981 0.19005 0.0437758 0.199677 0.184206 0.0382423 0.0408354 0.0121951 0.00246405 0.000549891 6.71125e-05 7.14665e-06 5.35719e-07 2.58186e-08 6.18684e-10 6.11806e-12
 2.56556e-27 2.59431e-27 3.77703e-26 7.42777e-20 1.82083e-14 5.39544e-10 1.93256e-06 0.000836723 0.0437911 0.277035 0.212235 0.0438165 0.184399 0.169832 0.0306986 0.0272502 0.00809681 0.00160158 0.000357255 4.40932e-05 4.42517e-06 2.86475e-07 1.2066e-08 2.83831e-10 2.77304e-12
 2.56543e-27 2.59388e-27 3.73335e-26 7.3356e-20 1.79823e-14 5.32849e-10 1.90857e-06 0.00082634 0.0432477 0.273597 0.20962 0.0444546 0.191092 0.175895 0.0297089 0.0234565 0.00678966 0.00105767 0.00022258 2.70005e-05 2.71546e-06 1.71412e-07 6.34296e-09 1.28872e-10 1.19895e-12
 2.56562e-27 2.5944e-27 3.77823e-26 7.43027e-20 1.82144e-14 5.39726e-10 1.93321e-06 0.000837005 0.0438058 0.277128 0.212315 0.0443505 0.188407 0.173413 0.0292091 0.0229359 0.00654945 0.000863255 0.000166252 1.62174e-05 1.50743e-06 9.39132e-08 3.4128e-09 6.23011e-11 5.0058e-13
 2.56574e-27 2.59471e-27 3.8036e-26 7.48379e-20 1.83456e-14 5.43613e-10 1.94713e-06 0.000843034 0.0441213 0.279124 0.213841 0.0444887 0.188386 0.173342 0.0282633 0.0207972 0.00590779 0.000735448 0.000135754 1.12161e-05 8.78474e-07 4.53334e-08 1.5719e-09 2.80717e-11 2.06245e-13
 2.56631e-27 2.59628e-27 3.9446e-26 7.78126e-20 1.90748e-14 5.65221e-10 2.02453e-06 0.000876543 0.0458751 0.290219 0.222304 0.0439079 0.178021 0.163815 0.0272638 0.0209154 0.00593645 0.000722196 0.000131528 1.03957e-05 7.46753e-07 3.159e-08 8.90302e-10 1.43365e-11 1.01952e-13
 2.56677e-27 2.59749e-27 4.04863e-26 8.00071e-20 1.96128e-14 5.81162e-10 2.08162e-06 0.000901263 0.0471689 0.298403 0.228552 0.0438256 0.173004 0.159129 0.0253853 0.0178148 0.00505704 0.000631117 0.00011565 8.91903e-06 6.2253e-07 2.44889e-08 5.84395e-10 7.51514e-12 4.63478e-14
 2.5671e-27 2.59836e-27 4.12293e-26 8.15743e-20 1.9997e-14 5.92546e-10 2.1224e-06 0.000918918 0.0480928 0.304249 0.233015 0.0438085 0.169739 0.156065 0.0239481 0.0153083 0.00429821 0.000467027 8.12199e-05 6.32616e-06 4.39911e-07 1.67556e-08 3.77176e-10 4.20238e-12 2.07925e-14
 2.56714e-27 2.59848e-27 4.13294e-26 8.17855e-20 2.00487e-14 5.9408e-10 2.12789e-06 0.000921296 0.0482173 0.305036 0.233617 0.0438404 0.169558 0.155884 0.0236564 0.0146878 0.00410001 0.000406959 6.69551e-05 4.62597e-06 3.02345e-07 1.15528e-08 2.54823e-10 2.69171e-12 1.17876e-14
 2.56745e-27 2.59931e-27 4.2067e-26 8.33415e-20 2.04302e-14 6.05382e-10 2.16838e-06 0.000938824 0.0491347 0.31084 0.238044 0.043587 0.164519 0.151242 0.0229679 0.0142866 0.00398376 0.00038737 6.25812e-05 3.9979e-06 2.38563e-07 8.09928e-09 1.72932e-10 1.80509e-12 7.55531e-15
 2.56679e-27 2.59751e-27 4.04498e-26 7.99298e-20 1.95938e-14 5.806e-10 2.07961e-06 0.000900392 0.0471233 0.298115 0.228339 0.0442845 0.176646 0.162382 0.0240241 0.0138909 0.00386258 0.000367607 5.86107e-05 3.65641e-06 2.09413e-07 6.44144e-09 1.2252e-10 1.18257e-12 4.85565e-15
 2.56709e-27 2.5983e-27 4.11479e-26 8.14026e-20 1.99549e-14 5.91298e-10 2.11793e-06 0.000916983 0.0479916 0.303608 0.23253 0.0440766 0.172119 0.158205 0.0232834 0.0132526 0.00366007 0.000305639 4.50539e-05 2.71395e-06 1.50537e-07 4.45653e-09 7.86069e-11 6.73572e-13 2.50517e-15
 2.56777e-27 2.60015e-27 4.27777e-26 8.48408e-20 2.07977e-14 6.16273e-10 2.20739e-06 0.000955714 0.0500186 0.316432 0.242316 0.0436918 0.162316 0.149131 0.02118 0.0107429 0.00294989 0.000231097 3.22877e-05 1.72517e-06 8.56683e-08 2.42025e-09 4.1056e-11 3.29958e-13 1.10228e-15
 2.56558e-27 2.59414e-27 3.74167e-26 7.35309e-20 1.80252e-14 5.3412e-10 1.91313e-06 0.000828311 0.0433508 0.274249 0.210138 0.0456719 0.199992 0.183813 0.0257811 0.0125008 0.00340953 0.000232871 2.89917e-05 1.44573e-06 6.50441e-08 1.59298e-09 2.46546e-11 1.88637e-13 5.95739e-16
#obs catch len freq
 6.00549e-42 8.33522e-34 1.39841e-26 2.83594e-20 6.95197e-15 2.06e-10 7.37857e-07 0.000319467 0.0167196 0.105774 0.0815342 0.0423051 0.226284 0.191122 0.131801 0.127586 0.0524278 0.0195412 0.00409073 0.000471152 2.22481e-05 3.15241e-07 1.00919e-09 5.93876e-13 5.6128e-17
 6.83492e-42 9.48642e-34 1.59154e-26 3.22762e-20 7.91213e-15 2.34451e-10 8.39765e-07 0.000363589 0.0190288 0.120383 0.0928052 0.0462725 0.230605 0.185091 0.128864 0.114019 0.0444326 0.015017 0.00282728 0.000280234 1.0756e-05 1.17248e-07 2.77615e-10 1.17962e-13 7.9428e-18
 1.03077e-41 1.43064e-33 2.4002e-26 4.86756e-20 1.19322e-14 3.53574e-10 1.26644e-06 0.000548327 0.0286972 0.181549 0.139578 0.0481612 0.202182 0.154342 0.110426 0.0894138 0.0332188 0.0100742 0.0016653 0.000139501 4.31687e-06 3.61059e-08 6.32106e-11 1.94071e-14 9.31644e-19
 8.80089e-42 1.22151e-33 2.04933e-26 4.156e-20 1.01879e-14 3.01887e-10 1.08131e-06 0.000468171 0.0245022 0.155011 0.119649 0.060067 0.262306 0.183095 0.0959551 0.0676051 0.0238816 0.00646832 0.000926212 6.39764e-05 1.56694e-06 9.98715e-09 1.29192e-11 2.86973e-15 9.83863e-20
 1.21319e-41 1.68383e-33 2.82497e-26 5.72897e-20 1.40439e-14 4.16146e-10 1.49057e-06 0.000645365 0.0337758 0.213678 0.164345 0.0539355 0.193428 0.135808 0.110658 0.0708875 0.0182615 0.00404897 0.000499102 2.80687e-05 5.33302e-07 2.55229e-09 2.42565e-12 3.89685e-16 9.55691e-21
 1.28552e-41 1.78421e-33 2.99339e-26 6.07053e-20 1.48812e-14 4.40957e-10 1.57943e-06 0.000683841 0.0357895 0.226418 0.174389 0.0635819 0.219878 0.13751 0.0769494 0.0464353 0.0152617 0.00284212 0.000248305 1.08586e-05 1.58036e-07 5.5972e-10 3.86279e-13 4.461e-17 7.81276e-22
 1.16576e-41 1.61799e-33 2.71452e-26 5.50499e-20 1.34948e-14 3.99877e-10 1.43229e-06 0.000620134 0.0324553 0.205327 0.158574 0.069694 0.236324 0.143525 0.0933286 0.0472754 0.0107974 0.00191596 0.000157681 4.85891e-06 5.00328e-08 1.28748e-10 6.38769e-14 5.2548e-18 6.52816e-23
 1.45041e-41 2.01307e-33 3.37734e-26 6.84918e-20 1.679e-14 4.97517e-10 1.78203e-06 0.000771556 0.0403802 0.255461 0.196774 0.0645055 0.184155 0.112389 0.0904638 0.0435376 0.0101077 0.00136462 8.65239e-05 2.27985e-06 1.68938e-08 2.94206e-11 1.01537e-14 5.88324e-19 5.14814e-24
 1.67818e-41 2.32921e-33 3.90773e-26 7.9248e-20 1.94267e-14 5.75649e-10 2.06188e-06 0.000892723 0.0467216 0.29558 0.227621 0.0687727 0.174825 0.0944599 0.0577991 0.0259854 0.00648419 0.000813719 4.12734e-05 7.84027e-07 4.43542e-09 5.58548e-12 1.30355e-15 5.0985e-20 3.06851e-25
 1.64264e-41 2.27987e-33 3.82496e-26 7.75694e-20 1.90152e-14 5.63456e-10 2.01821e-06 0.000873815 0.045732 0.289322 0.223295 0.0772081 0.190582 0.0959631 0.053407 0.0195409 0.00363842 0.000415525 1.95125e-05 2.92219e-07 1.16776e-09 1.0463e-12 1.74682e-16 4.73287e-21 1.926e-26
 1.55815e-41 2.1626e-33 3.62822e-26 7.35795e-20 1.80372e-14 5.34474e-10 1.9144e-06 0.000828869 0.0433797 0.274444 0.212409 0.0839556 0.199312 0.100079 0.0622709 0.0200221 0.00303463 0.000252911 9.13519e-06 1.15538e-07 3.60339e-10 2.28923e-13 2.63632e-17 4.97964e-22 1.41846e-27
 1.5177e-41 2.10647e-33 3.53405e-26 7.16698e-20 1.7569e-14 5.20602e-10 1.86471e-06 0.000807355 0.0422538 0.267325 0.207446 0.0891939 0.199386 0.101337 0.0682919 0.0206649 0.00308102 0.000207323 5.27689e-06 4.70201e-08 1.11697e-10 5.41961e-14 4.52037e-18 5.93347e-23 1.16031e-28
 1.92436e-41 2.67088e-33 4.48096e-26 9.0873e-20 2.22765e-14 6.60092e-10 2.36434e-06 0.00102368 0.0535753 0.338946 0.261651 0.0762047 0.136076 0.06937 0.047416 0.0135961 0.00201314 0.000123087 2.58782e-06 1.62092e-08 2.58087e-11 8.79252e-15 5.35992e-19 5.14027e-24 7.1822e-30
 1.6212e-41 2.25012e-33 3.77505e-26 7.65572e-20 1.87671e-14 5.56104e-10 1.99187e-06 0.000862412 0.0451352 0.285566 0.22286 0.107215 0.205556 0.0829507 0.0382914 0.0100547 0.00142463 8.01004e-05 1.5003e-06 7.59836e-09 8.71065e-12 1.98466e-15 8.08589e-20 5.35367e-25 5.30704e-31
 1.33553e-41 1.85362e-33 3.10984e-26 6.30669e-20 1.54601e-14 4.58112e-10 1.64088e-06 0.000710445 0.0371819 0.235263 0.185761 0.120093 0.225735 0.112576 0.0680766 0.0132904 0.00125172 5.93256e-05 9.71692e-07 4.15322e-09 3.79042e-12 6.38746e-16 1.80481e-20 8.00612e-26 5.30238e-32
 1.21762e-41 1.68998e-33 2.83529e-26 5.74991e-20 1.40952e-14 4.17667e-10 1.49602e-06 0.000647723 0.0338993 0.214508 0.170804 0.124012 0.219993 0.1294 0.0857204 0.0189919 0.0019581 6.46657e-05 7.35228e-07 2.49444e-09 1.83082e-12 2.41236e-16 5.13363e-21 1.64855e-26 7.63481e-33
 1.63285e-41 2.26629e-33 3.80218e-26 7.71074e-20 1.8902e-14 5.601e-10 2.00619e-06 0.00086861 0.0454596 0.287638 0.225713 0.104422 0.157025 0.0982326 0.0636185 0.0152518 0.0017087 5.8879e-05 5.58741e-07 1.27986e-09 6.61581e-13 6.55917e-17 1.06302e-21 2.57064e-27 8.8109e-34
 1.4852e-41 2.06136e-33 3.45836e-26 7.01348e-20 1.71927e-14 5.09452e-10 1.82477e-06 0.000790064 0.0413489 0.261669 0.209319 0.1406 0.202678 0.0889694 0.0434857 0.0100056 0.00109312 3.8471e-05 3.60152e-07 7.19601e-10 2.72706e-13 1.82898e-17 2.05195e-22 3.57532e-28 9.00508e-35
 1.54474e-41 2.144e-33 3.59701e-26 7.29465e-20 1.7882e-14 5.29876e-10 1.89793e-06 0.000821738 0.0430066 0.272168 0.217653 0.133705 0.178688 0.0991035 0.0469319 0.00729944 0.000600658 1.91105e-05 1.66878e-07 3.07247e-10 1.01128e-13 5.37128e-18 4.35082e-23 5.19648e-29 8.92394e-36
 1.53175e-41 2.12597e-33 3.56675e-26 7.23329e-20 1.77316e-14 5.25419e-10 1.88196e-06 0.000814826 0.0426449 0.269916 0.218232 0.147762 0.182595 0.0915154 0.0395791 0.00649491 0.00043453 9.279e-06 6.24631e-08 9.7437e-11 2.7466e-14 1.22718e-18 8.07156e-24 7.47152e-30 9.46817e-37
 1.64749e-41 2.28661e-33 3.83627e-26 7.77988e-20 1.90715e-14 5.65122e-10 2.02418e-06 0.000876398 0.0458674 0.290325 0.234498 0.143577 0.162359 0.0847255 0.0328837 0.00460523 0.000276412 5.05966e-06 2.40076e-08 2.59689e-11 5.53871e-15 1.96449e-19 1.03575e-24 7.6389e-31 7.60776e-38
 1.59484e-41 2.21354e-33 3.71367e-26 7.53124e-20 1.84619e-14 5.47061e-10 1.95949e-06 0.000848389 0.0444017 0.281117 0.230895 0.161816 0.170175 0.0796132 0.0273753 0.00357238 0.000181455 2.7326e-06 1.05523e-08 8.45605e-12 1.23672e-15 3.03975e-20 1.1629e-25 6.44191e-32 4.89622e-39
 1.64381e-41 2.2815e-33 3.8277e-26 7.76249e-20 1.90288e-14 5.63859e-10 2.01965e-06 0.00087444 0.0457652 0.289788 0.238977 0.160765 0.158545 0.0786155 0.0239724 0.00258305 0.00010969 1.36331e-06 4.13809e-09 2.56029e-12 2.81164e-16 4.93832e-21 1.30145e-26 4.94435e-33 2.62374e-40
 1.6472e-41 2.2862e-33 3.83558e-26 7.77847e-20 1.9068e-14 5.6502e-10 2.02381e-06 0.00087624 0.0458596 0.290469 0.242682 0.170641 0.155826 0.0717906 0.0198115 0.00197275 6.86378e-05 6.63612e-07 1.56535e-09 7.39458e-13 6.0783e-17 7.90637e-22 1.52307e-27 4.14424e-34 1.54178e-41
 1.68598e-41 2.34002e-33 3.92587e-26 7.96159e-20 1.95169e-14 5.78322e-10 2.07145e-06 0.000896868 0.0469395 0.297383 0.250321 0.172489 0.147509 0.0668405 0.0161937 0.00138477 4.09777e-05 3.22513e-07 5.77628e-10 2.02325e-13 1.23029e-17 1.17708e-22 1.65528e-28 3.27071e-35 8.79938e-43
 1.68064e-41 2.33262e-33 3.91345e-26 7.93639e-20 1.94551e-14 5.76491e-10 2.0649e-06 0.00089403 0.0467914 0.296576 0.253683 0.181798 0.144969 0.0611679 0.0131163 0.000978594 2.36695e-05 1.48541e-07 2.07954e-10 5.4883e-14 2.43679e-18 1.68252e-23 1.70616e-29 2.43183e-36 4.71323e-44
 1.46884e-41 2.03866e-33 3.42027e-26 6.93624e-20 1.70034e-14 5.03841e-10 1.80468e-06 0.000781364 0.0408958 0.259559 0.234775 0.215084 0.167293 0.0680853 0.0127093 0.000799243 1.57998e-05 7.83166e-08 8.37793e-11 1.66421e-14 5.49289e-19 2.77365e-24 2.02609e-30 2.06178e-37 2.84467e-45
 1.50336e-41 2.08656e-33 3.50063e-26 7.09922e-20 1.74029e-14 5.15679e-10 1.84708e-06 0.000799723 0.0418564 0.265549 0.235642 0.197278 0.166528 0.0775082 0.0140236 0.000799159 1.36234e-05 5.67651e-08 5.0422e-11 8.2168e-15 2.2056e-19 9.02884e-25 5.33666e-31 4.3789e-38 4.84689e-46
 1.55545e-41 2.15886e-33 3.62194e-26 7.34522e-20 1.8006e-14 5.33549e-10 1.91109e-06 0.000827435 0.0433067 0.274715 0.242238 0.195009 0.158284 0.0708762 0.0138739 0.00085404 1.40591e-05 5.28594e-08 4.11449e-11 5.82055e-15 1.35316e-19 4.78977e-25 2.44379e-31 1.72974e-38 1.65212e-46
#spawning biomass
 17262.5 19285.5 20993.6 23812.5 28038.6 33094.9 38323.4 49521.9 68679.7 89797.4 106860 135312 184768 220886 196659 162186 148421 148828 142754 132218 137063 146543 155485 168935 189464 193656 174908 155446 137647 199379 152697 73143.3 32789.7 21680.2 19186.8 18672.5 18571.6 18552.5 18549 18548.3 18548.2 18548.2 18548.2 18548.2 18548.2 18548.2 18548.2 18548.2 18548.2 18548.2 18548.2 18548.2 18548.2 18548.2 18548.2 18548.2 18548.2 18548.2 18548.2 18548.2 18548.2 18548.2 18548.2 18548.2 18548.2 18548.2 18548.2 18548.2 18548.2 18548.2 18548.2 18548.2 18548.2 18548.2 18548.2 18548.2 18548.2 18548.2 18548.2 18548.2 18548.2 18548.2 18548.2 18548.2 18548.2 18548.2 18548.2 18548.2 18548.2 18548.2 18548.2 18548.2 18548.2 18548.2 18548.2 18548.2 18548.2 18548.2 18548.2 18548.2 18548.2 18548.2 18548.2 18548.2 18548.2 18548.2 18548.2 18548.2 18548.2 18548.2 18548.2 18548.2 18548.2 18548.2 18548.2 18548.2 18548.2 18548.2 18548.2 18548.2 18548.2 18548.2 18548.2 18548.2 18548.2 18548.2 18548.2 18548.2 18548.2 0 0 0 0 0 0 0 0 0 0 0 0 0 0 0 0 0 0 0 0 0 0 0 0 0
