SBPRF35
0.277571
Curr Bio
234774
B35
273845
F35
0.73831
FOFL
0.73831
OFL
101416
Bzero
79306.1
#pred survey bio
 15926.2 14194.2 15284.2 17003.4 19924.7 23587.6 27357.8 31925.8 43559 57547.8 65929.4 83365.9 119144 140359 140837 124440 111977 106039 106533 103642 111980 116528 118796 123344 137006 147030 134672 131511 178393 7.80477e+06 7.86762e+06 5.79032e+06 3.44365e+06 2.05726e+06 1.36051e+06 1.0178e+06 842475 746380 689740 654341 631333 616033 605717 598667 593841 590624 588472 587029 586059 585408 584969 584674 584475 584341 584251 584190 584149 584121 584103 584090 584082 584076 584072 584069 584068 584067 584066 584065 584065 584065 584064 584064 584064 584064 584064 584064 584064 584064 584064 584064 584064 584064 584064 584064 584064 584064 584064 584064 584064 584064 584064 584064 584064 584064 584064 584064 584064 584064 584064 584064 584064 584064 584064 584064 584064 584064 584064 584064 584064 584064 584064 584064 584064 584064 584064 584064 584064 584064 584064 584064 584064 584064 584064 584064 584064 584064 584064 584064 584064 0 0 0 0 0 0 0 0 0 0 0 0 0 0 0 0 0 0 0 0 0 0 0 0 0
#obs survey bio
 13677.1 9871.95 9445.27 14417 27322.1 15794.6 21064.8 40652.4 37972.3 46629.4 47587.5 76075.6 96532.6 112547 112259 96410.5 89167.4 59401.1 72561.5 106813 104501 105338 156552 101267 156908 131399 75531.1 91873.2 192518
#pred catch bio
 8586.91 7184.83 7994.95 9196.96 10774.2 13171 17347.5 19445.5 26195.5 37554.7 43424.9 54229.4 81109.4 94647 101011 93924.2 85716.3 79709.6 83693.4 77671.5 86020.1 92658.3 95638.1 98953.2 109673 123397 112662 101549 43257.6 101416 140972 107335 55913.3 27990.9 15987 11268.4 9508.7 8875.87 8654.18 8578.02 8552.24 8543.6 8540.74 8539.79 8539.48 8539.38 8539.35 8539.33 8539.33 8539.33 8539.33 8539.33 8539.33 8539.33 8539.33 8539.33 8539.33 8539.33 8539.33 8539.33 8539.33 8539.33 8539.33 8539.33 8539.33 8539.33 8539.33 8539.33 8539.33 8539.33 8539.33 8539.33 8539.33 8539.33 8539.33 8539.33 8539.33 8539.33 8539.33 8539.33 8539.33 8539.33 8539.33 8539.33 8539.33 8539.33 8539.33 8539.33 8539.33 8539.33 8539.33 8539.33 8539.33 8539.33 8539.33 8539.33 8539.33 8539.33 8539.33 8539.33 8539.33 8539.33 8539.33 8539.33 8539.33 8539.33 8539.33 8539.33 8539.33 8539.33 8539.33 8539.33 8539.33 8539.33 8539.33 8539.33 8539.33 8539.33 8539.33 8539.33 8539.33 8539.33 8539.33 8539.33 8539.33 8539.33 8539.33 8539.33 8539.33 0 0 0 0 0 0 0 0 0 0 0 0 0 0 0 0 0 0 0 0 0 0 0 0 0
#obs catch bio
 6588.49 7161.64 8072.9 9390.71 10633.6 12965.9 17768.7 19341.9 25876 36566.9 42695.7 53548.4 80319.4 91022.6 100181 92767.9 83563.6 78898 83034.9 75222.9 82147.4 88642.9 91104.8 95086.1 104929 118451 110006 100042 42413.1
#pred cpue bio
 11237.4 9347.23 9623.15 10420.1 11674.9 13872.4 15981.7 16944.6 22295.9 30491.9 35436 41948 57461.7 73294.7 79875.4 69918.8 58936.6 54555.3 54475.1 51476.5 55770.3 57689.3 57345.9 58620.3 63434 70009.4 65264.2 61489.2 78115.4 4.69399e+06 6.5285e+06 5.60145e+06 3.34169e+06 1.93873e+06 1.2367e+06 892894 717353 621214 564564 529162 506154 490854 480538 473488 468662 465445 463293 461850 460880 460229 459790 459495 459296 459162 459072 459011 458970 458942 458924 458911 458903 458897 458893 458890 458889 458888 458887 458886 458886 458886 458885 458885 458885 458885 458885 458885 458885 458885 458885 458885 458885 458885 458885 458885 458885 458885 458885 458885 458885 458885 458885 458885 458885 458885 458885 458885 458885 458885 458885 458885 458885 458885 458885 458885 458885 458885 458885 458885 458885 458885 458885 458885 458885 458885 458885 458885 458885 458885 458885 458885 458885 458885 458885 458885 458885 458885 458885 458885 458885 0 0 0 0 0 0 0 0 0 0 0 0 0 0 0 0 0 0 0 0 0 0 0 0 0
#obs cpue bio
 9163.05 13770.2 9667.21 9967.55 16099.2 21279.7 12598.2 19446.6 29185 64354 54908 61572 72395.3 187786 94637.9 135651 104688 98599.2 96053.4 98241.1 127862 126430 99304.1 120945 116344 137118 152452 117152 106286
#pred surv len freq
 2.56321e-27 2.58846e-27 3.32407e-26 6.47248e-20 1.58665e-14 4.70153e-10 1.68401e-06 0.000729111 0.0381591 0.241405 0.184964 0.0397259 0.172426 0.159326 0.0382866 0.0476144 0.020651 0.0161483 0.0100561 0.00771841 0.00608787 0.00527688 0.00529624 0.00469442 0.00143262
 2.56444e-27 2.59191e-27 3.62957e-26 7.11694e-20 1.74463e-14 5.16966e-10 1.85169e-06 0.000801709 0.0419586 0.265442 0.203304 0.038834 0.152757 0.141698 0.0448976 0.0668772 0.0225818 0.00923347 0.00417329 0.0024207 0.00156817 0.00117017 0.00104403 0.000926985 0.000310114
 2.56528e-27 2.59408e-27 3.80834e-26 7.49402e-20 1.83707e-14 5.44356e-10 1.94979e-06 0.000844186 0.0441816 0.279505 0.214054 0.0395653 0.150769 0.139566 0.0391364 0.0543872 0.0205291 0.0115153 0.00363564 0.0011179 0.000480439 0.000275478 0.00020475 0.000171323 5.93913e-05
 2.56556e-27 2.59473e-27 3.85504e-26 7.5925e-20 1.86121e-14 5.51509e-10 1.97541e-06 0.000855279 0.0447622 0.283178 0.216871 0.0403342 0.154641 0.142997 0.0371986 0.0490051 0.0173773 0.00831417 0.00305506 0.00103237 0.000228395 7.23422e-05 3.83953e-05 2.78225e-05 9.56338e-06
 2.56668e-27 2.5977e-27 4.10965e-26 8.12958e-20 1.99287e-14 5.90523e-10 2.11515e-06 0.00091578 0.0479286 0.30321 0.232164 0.0401922 0.142816 0.131988 0.0335173 0.0433251 0.0148034 0.00622186 0.00206102 0.000647838 0.000164037 2.99632e-05 7.41149e-06 3.88757e-06 1.25726e-06
 2.56605e-27 2.5959e-27 3.9424e-26 7.77672e-20 1.90637e-14 5.64891e-10 2.02334e-06 0.000876031 0.0458483 0.290049 0.222133 0.0413415 0.15861 0.146428 0.0336619 0.0399982 0.0134638 0.00535037 0.00166015 0.000452757 0.000102178 1.90954e-05 2.54004e-06 5.97935e-07 1.62513e-07
 2.56643e-27 2.59697e-27 4.03985e-26 7.98232e-20 1.95677e-14 5.79826e-10 2.07684e-06 0.000899192 0.0470605 0.297718 0.22798 0.0407594 0.150073 0.138641 0.0339421 0.0425702 0.013822 0.00469371 0.00139987 0.000355826 7.04488e-05 1.14919e-05 1.36058e-06 1.32406e-07 2.09541e-08
 2.56839e-27 2.60213e-27 4.48133e-26 8.9136e-20 2.18506e-14 6.47473e-10 2.31914e-06 0.0010041 0.0525509 0.332451 0.254502 0.0407561 0.131413 0.121129 0.0255309 0.0277695 0.0089394 0.00292615 0.00081258 0.000175684 3.21056e-05 4.60236e-06 4.6556e-07 3.11696e-08 1.95658e-09
 2.56877e-27 2.60305e-27 4.55362e-26 9.06606e-20 2.22244e-14 6.58547e-10 2.35881e-06 0.00102127 0.0534497 0.338138 0.258852 0.041284 0.132374 0.121858 0.0228191 0.0213734 0.00657777 0.00169121 0.000449749 9.19714e-05 1.46246e-05 1.8325e-06 1.60904e-07 8.71848e-09 2.82148e-10
 2.56785e-27 2.60055e-27 4.33152e-26 8.59753e-20 2.10758e-14 6.24514e-10 2.2369e-06 0.000968494 0.0506875 0.320663 0.24552 0.0419973 0.147169 0.13551 0.0252196 0.0233988 0.00699535 0.00145316 0.000348278 5.75652e-05 8.50457e-06 9.4434e-07 7.02824e-08 3.21712e-09 7.53023e-11
 2.56752e-27 2.59966e-27 4.25388e-26 8.43374e-20 2.06743e-14 6.12616e-10 2.19429e-06 0.000950043 0.0497218 0.314554 0.240858 0.042136 0.151501 0.139534 0.0264126 0.025102 0.0074379 0.00142379 0.000319301 4.23923e-05 5.14977e-06 4.85352e-07 3.17869e-08 1.21751e-09 2.32074e-11
 2.56919e-27 2.60421e-27 4.65704e-26 9.28424e-20 2.27592e-14 6.74396e-10 2.41557e-06 0.00104585 0.054736 0.346275 0.26506 0.0408878 0.124998 0.115083 0.022207 0.0216685 0.00644494 0.00127081 0.000282315 3.44232e-05 3.60227e-06 2.65607e-07 1.41131e-08 4.62096e-10 7.30471e-12
 2.5697e-27 2.60551e-27 4.76478e-26 9.5115e-20 2.33163e-14 6.90903e-10 2.4747e-06 0.00107145 0.0560758 0.354751 0.271537 0.0412029 0.122845 0.112944 0.0190422 0.0149906 0.00444246 0.000873641 0.000194767 2.41084e-05 2.42384e-06 1.55658e-07 6.45247e-09 1.65631e-10 2.1778e-12
 2.56758e-27 2.59971e-27 4.24548e-26 8.41597e-20 2.06307e-14 6.11326e-10 2.18967e-06 0.000948042 0.0496171 0.313891 0.240369 0.043213 0.16004 0.147167 0.0232997 0.0160739 0.00459593 0.000636698 0.000129606 1.57284e-05 1.58455e-06 1.0025e-07 3.68977e-09 7.42257e-11 7.50243e-13
 2.56595e-27 2.59541e-27 3.87782e-26 7.64041e-20 1.87295e-14 5.5499e-10 1.98788e-06 0.000860676 0.0450447 0.284965 0.218281 0.0431722 0.175248 0.161485 0.0309944 0.0300038 0.00858919 0.00112011 0.000212493 1.9229e-05 1.73955e-06 1.0868e-07 3.95759e-09 7.19668e-11 5.7605e-13
 2.56654e-27 2.59706e-27 4.02914e-26 7.95965e-20 1.95121e-14 5.78179e-10 2.07094e-06 0.000896638 0.0469268 0.296872 0.227359 0.0423194 0.16238 0.149694 0.0303991 0.0316331 0.00936583 0.00175524 0.000363618 3.07389e-05 2.35955e-06 1.14463e-07 3.92686e-09 7.02467e-11 5.14703e-13
 2.56786e-27 2.60056e-27 4.32921e-26 8.59265e-20 2.10638e-14 6.24159e-10 2.23563e-06 0.000967944 0.0506587 0.320481 0.245385 0.0422355 0.149077 0.137219 0.0245971 0.0215437 0.00635787 0.00118499 0.000257593 2.92765e-05 2.4385e-06 1.04352e-07 2.79865e-09 4.36067e-11 3.09505e-13
 2.56804e-27 2.60096e-27 4.35741e-26 8.65211e-20 2.12096e-14 6.28478e-10 2.2511e-06 0.000974642 0.0510092 0.322699 0.247086 0.0427478 0.15178 0.139576 0.0225154 0.016196 0.00463255 0.000637836 0.000127758 1.43737e-05 1.35697e-06 7.37145e-08 1.90998e-09 2.38965e-11 1.41264e-13
 2.56824e-27 2.60151e-27 4.40771e-26 8.75822e-20 2.14697e-14 6.36186e-10 2.27871e-06 0.000986595 0.0516348 0.326656 0.250104 0.0425031 0.147798 0.135926 0.0223339 0.0166965 0.00471592 0.000536735 9.63389e-05 8.34122e-06 7.12191e-07 4.07398e-08 1.29764e-09 1.74466e-11 8.69944e-14
 2.56873e-27 2.6028e-27 4.51862e-26 8.99218e-20 2.20432e-14 6.53181e-10 2.33958e-06 0.00101295 0.0530142 0.335382 0.256767 0.0424615 0.1428 0.131242 0.0201966 0.0130045 0.00365043 0.000393812 6.75542e-05 4.83185e-06 3.34592e-07 1.5148e-08 4.74654e-10 7.43524e-12 4.17832e-14
 2.56873e-27 2.60282e-27 4.52088e-26 8.99695e-20 2.20549e-14 6.53527e-10 2.34083e-06 0.00101349 0.0530423 0.33556 0.256901 0.0423538 0.141887 0.130425 0.0205168 0.0139383 0.00390008 0.000390564 6.45239e-05 4.44306e-06 2.8136e-07 1.00741e-08 2.44937e-10 3.46915e-12 2.15838e-14
 2.56878e-27 2.60295e-27 4.5316e-26 9.01956e-20 2.21104e-14 6.55169e-10 2.34671e-06 0.00101603 0.0531756 0.336403 0.257546 0.0424451 0.142128 0.130617 0.0199949 0.0127014 0.00355019 0.000357552 5.87826e-05 3.7672e-06 2.24918e-07 7.511e-09 1.52035e-10 1.63873e-12 8.72307e-15
 2.56924e-27 2.60418e-27 4.63871e-26 9.24552e-20 2.26643e-14 6.71583e-10 2.4055e-06 0.00104149 0.0545078 0.344831 0.263979 0.042252 0.136139 0.125059 0.018432 0.0105375 0.00291848 0.000258209 3.96186e-05 2.51125e-06 1.45591e-07 4.48139e-09 8.44075e-11 7.83331e-13 3.21805e-15
 2.56947e-27 2.6048e-27 4.6916e-26 9.35709e-20 2.29378e-14 6.79688e-10 2.43453e-06 0.00105406 0.0551656 0.348992 0.267156 0.042227 0.133717 0.12279 0.0174304 0.00882585 0.00242274 0.000188673 2.63685e-05 1.48561e-06 7.85355e-08 2.35685e-09 4.18417e-11 3.56253e-13 1.28824e-15
 2.57e-27 2.60623e-27 4.81887e-26 9.62558e-20 2.35959e-14 6.9919e-10 2.50438e-06 0.0010843 0.0567484 0.359006 0.274795 0.0418061 0.125146 0.11489 0.0161862 0.00797793 0.00218031 0.000155106 2.00296e-05 1.01305e-06 4.68921e-08 1.23134e-09 2.04227e-11 1.65746e-13 5.52548e-16
 2.56933e-27 2.6044e-27 4.65473e-26 9.27929e-20 2.27471e-14 6.74036e-10 2.41428e-06 0.00104529 0.0547069 0.346091 0.264944 0.0425 0.137348 0.126101 0.0173021 0.00770052 0.00209558 0.000144252 1.80005e-05 8.43071e-07 3.48453e-08 7.95562e-10 1.14038e-11 8.25986e-14 2.60058e-16
 2.56891e-27 2.60324e-27 4.55076e-26 9.05997e-20 2.22094e-14 6.58105e-10 2.35722e-06 0.00102059 0.0534138 0.33791 0.258705 0.0429118 0.144865 0.133016 0.0181074 0.00779551 0.00210982 0.000128052 1.40242e-05 6.29734e-07 2.43539e-08 5.00199e-10 6.2599e-12 3.8584e-14 1.06087e-16
 2.56977e-27 2.6056e-27 4.7627e-26 9.50708e-20 2.33055e-14 6.90583e-10 2.47355e-06 0.00107095 0.0560498 0.354587 0.271424 0.0420425 0.129314 0.11872 0.0165814 0.00791425 0.00214866 0.000130368 1.41832e-05 5.80025e-07 1.9333e-08 3.72059e-10 4.26951e-12 2.30087e-14 5.40501e-17
 2.57109e-27 2.60923e-27 5.08758e-26 1.01924e-19 2.49855e-14 7.40366e-10 2.65187e-06 0.00114816 0.0600904 0.380148 0.290923 0.0407878 0.106066 0.0973323 0.0139725 0.00735068 0.00201351 0.000145174 1.86993e-05 7.80947e-07 2.61946e-08 4.48881e-10 4.55035e-12 2.25285e-14 4.71249e-17
#obs surv len freq
 1.24858e-41 1.73295e-33 2.90738e-26 5.89611e-20 1.44536e-14 4.28287e-10 1.53405e-06 0.000664193 0.0347612 0.21991 0.168655 0.0417894 0.170608 0.142803 0.0891964 0.0843167 0.0329335 0.011756 0.00233682 0.000256877 1.15397e-05 1.55605e-07 4.75789e-10 2.6864e-13 2.44742e-17
 1.55982e-41 2.16493e-33 3.63211e-26 7.36586e-20 1.80565e-14 5.35048e-10 1.91646e-06 0.000829759 0.0434263 0.274728 0.210546 0.0426467 0.141987 0.113165 0.0742088 0.0647127 0.0243284 0.00789138 0.00139407 0.000130121 4.73585e-06 4.92244e-08 1.11638e-10 4.56598e-14 2.97243e-18
 1.2929e-41 1.79446e-33 3.01058e-26 6.10539e-20 1.49667e-14 4.43489e-10 1.58851e-06 0.000687768 0.0359951 0.227717 0.17489 0.0517837 0.204164 0.150056 0.073108 0.0551972 0.0197022 0.00573718 0.000888592 6.92334e-05 2.00654e-06 1.59376e-08 2.67517e-11 7.92234e-15 3.68521e-19
 1.55591e-41 2.15951e-33 3.62302e-26 7.34741e-20 1.80113e-14 5.33708e-10 1.91166e-06 0.000827681 0.0433175 0.27404 0.210193 0.0473071 0.14947 0.10948 0.0852252 0.0600127 0.0158335 0.00375387 0.000504596 3.24455e-05 7.38062e-07 4.42425e-09 5.4616e-12 1.1695e-15 3.88923e-20
 1.54216e-41 2.14042e-33 3.591e-26 7.28248e-20 1.78521e-14 5.28992e-10 1.89476e-06 0.000820366 0.0429347 0.271619 0.208588 0.0553616 0.180003 0.118649 0.0635157 0.0413524 0.013991 0.00287593 0.000273128 1.36757e-05 2.40799e-07 1.07724e-09 9.69217e-13 1.49251e-16 3.54108e-21
 1.34704e-41 1.8696e-33 3.13665e-26 6.36106e-20 1.55934e-14 4.62061e-10 1.65503e-06 0.00071657 0.0375024 0.237254 0.182593 0.0612269 0.205549 0.131221 0.083672 0.0467958 0.0111087 0.00215192 0.000199558 7.14087e-06 8.89514e-08 2.90775e-10 1.89135e-13 2.08118e-17 3.50564e-22
 1.56669e-41 2.17447e-33 3.64812e-26 7.39831e-20 1.81361e-14 5.37405e-10 1.9249e-06 0.000833414 0.0436176 0.275941 0.212104 0.058094 0.165511 0.104913 0.083049 0.0437878 0.0104738 0.00156088 0.000109816 3.40896e-06 3.10349e-08 6.87134e-11 3.11369e-14 2.4205e-18 2.87916e-23
 1.72905e-41 2.39981e-33 4.02619e-26 8.16503e-20 2.00156e-14 5.93099e-10 2.12438e-06 0.000919785 0.0481379 0.304538 0.234143 0.0627385 0.16321 0.0927912 0.0569457 0.0280256 0.0074414 0.00104594 5.99669e-05 1.34347e-06 9.39048e-09 1.51884e-11 4.6665e-15 2.4494e-19 2.00633e-24
 1.65255e-41 2.29363e-33 3.84804e-26 7.80375e-20 1.913e-14 5.66856e-10 2.03039e-06 0.000879087 0.0460079 0.291066 0.224262 0.0712509 0.184951 0.0982238 0.0555828 0.022619 0.00453747 0.000586595 3.20197e-05 5.75554e-07 2.85655e-09 3.29435e-12 7.27243e-16 2.65054e-20 1.46817e-25
 1.53327e-41 2.12808e-33 3.5703e-26 7.2405e-20 1.77492e-14 5.25942e-10 1.88384e-06 0.000815637 0.0426872 0.27006 0.208661 0.0784927 0.199647 0.104751 0.0666969 0.0238919 0.00390609 0.000372193 1.57408e-05 2.43656e-07 9.5943e-10 7.88953e-13 1.20283e-16 3.06092e-21 1.18858e-26
 1.46763e-41 2.03697e-33 3.41744e-26 6.93049e-20 1.69893e-14 5.03424e-10 1.80318e-06 0.000780716 0.0408595 0.258501 0.200275 0.0842805 0.204052 0.107306 0.0747488 0.0249065 0.00397393 0.000305955 9.1196e-06 1.00009e-07 3.03791e-10 1.93238e-13 2.14673e-17 3.80123e-22 1.01358e-27
 1.88303e-41 2.61352e-33 4.38472e-26 8.89213e-20 2.1798e-14 6.45915e-10 2.31356e-06 0.00100169 0.0524246 0.331663 0.25575 0.0728861 0.1405 0.0736664 0.0527337 0.0165435 0.00264066 0.000183799 4.51822e-06 3.47808e-08 7.0893e-11 3.19181e-14 2.61788e-18 3.41085e-23 6.51746e-29
 1.56959e-41 2.17848e-33 3.65485e-26 7.41197e-20 1.81696e-14 5.38398e-10 1.92845e-06 0.000834954 0.0436982 0.276469 0.215315 0.102421 0.214166 0.0902052 0.042792 0.0121269 0.0018502 0.000117909 2.5806e-06 1.59904e-08 2.33199e-11 6.99103e-15 3.83928e-19 3.47696e-24 4.74973e-30
 1.2719e-41 1.76532e-33 2.96169e-26 6.00624e-20 1.47236e-14 4.36287e-10 1.56271e-06 0.000676599 0.0354105 0.224048 0.176373 0.113674 0.23332 0.119473 0.0781505 0.0170399 0.00173772 9.31909e-05 1.79395e-06 9.39704e-09 1.08811e-11 2.39495e-15 9.04415e-20 5.45848e-25 4.98096e-31
 1.14915e-41 1.59495e-33 2.67586e-26 5.42659e-20 1.33027e-14 3.94182e-10 1.4119e-06 0.000611302 0.0319931 0.202437 0.160636 0.117391 0.227222 0.135107 0.0978625 0.0238503 0.00277957 0.000106838 1.42291e-06 5.91495e-09 5.51751e-12 9.48001e-16 2.68141e-20 1.16172e-25 7.3456e-32
 1.5532e-41 2.15574e-33 3.6167e-26 7.33459e-20 1.79799e-14 5.32777e-10 1.90832e-06 0.000826237 0.043242 0.273599 0.214281 0.100697 0.165477 0.104845 0.0748034 0.0196114 0.00251366 0.000102428 1.18318e-06 3.36453e-09 2.20972e-12 2.85815e-16 6.15604e-21 2.00374e-26 9.33253e-33
 1.40523e-41 1.95036e-33 3.27214e-26 6.63582e-20 1.62669e-14 4.82019e-10 1.72651e-06 0.000747521 0.0391223 0.247566 0.197412 0.135703 0.214844 0.0974975 0.0521029 0.013256 0.00167574 7.04243e-05 8.16987e-07 2.07673e-09 1.01969e-12 8.98436e-17 1.34212e-21 3.15085e-27 1.07859e-33
 1.46221e-41 2.02945e-33 3.40483e-26 6.90492e-20 1.69266e-14 5.01566e-10 1.79653e-06 0.000777835 0.0407089 0.257613 0.205425 0.129919 0.189914 0.107684 0.057118 0.00987406 0.000929112 3.55405e-05 3.88556e-07 9.2189e-10 3.9894e-13 2.82262e-17 3.07409e-22 4.97296e-28 1.16414e-34
 1.43961e-41 1.99808e-33 3.35219e-26 6.79818e-20 1.66649e-14 4.93812e-10 1.76876e-06 0.00076581 0.0400796 0.253662 0.204514 0.144527 0.195895 0.101521 0.049181 0.009114 0.000720921 1.85955e-05 1.57307e-07 3.19396e-10 1.19576e-13 7.1855e-18 6.41026e-23 8.09616e-29 1.40623e-35
 1.55647e-41 2.16027e-33 3.62431e-26 7.35002e-20 1.80177e-14 5.33898e-10 1.91234e-06 0.000827975 0.0433331 0.274263 0.220929 0.141314 0.175045 0.0952575 0.0418769 0.00666423 0.00047671 1.07812e-05 6.51623e-08 9.22144e-11 2.6325e-14 1.26645e-18 9.12429e-24 9.24082e-30 1.26831e-36
 1.50631e-41 2.09066e-33 3.50752e-26 7.11318e-20 1.74371e-14 5.16694e-10 1.85071e-06 0.000801295 0.0419369 0.265483 0.217391 0.16037 0.184539 0.089534 0.034537 0.00509219 0.000308333 5.74905e-06 2.85627e-08 3.02344e-11 5.94937e-15 1.99512e-19 1.05087e-24 8.05254e-31 8.48715e-38
 1.55407e-41 2.15695e-33 3.61873e-26 7.33871e-20 1.799e-14 5.33076e-10 1.90939e-06 0.000826701 0.0432666 0.273934 0.225282 0.160374 0.17245 0.0892591 0.0307041 0.00371188 0.000186178 2.85438e-06 1.11447e-08 9.14258e-12 1.35747e-15 3.26287e-20 1.18687e-25 6.2635e-32 4.63701e-39
 1.5597e-41 2.16476e-33 3.63183e-26 7.36529e-20 1.80551e-14 5.35007e-10 1.91631e-06 0.000829694 0.0434234 0.274996 0.22909 0.171161 0.170183 0.0819936 0.0253695 0.00283443 0.000116251 1.3706e-06 4.12114e-09 2.56932e-12 2.85237e-16 5.08426e-21 1.35399e-26 5.12097e-33 2.65832e-40
 1.59476e-41 2.21342e-33 3.71347e-26 7.53083e-20 1.84609e-14 5.47032e-10 1.95938e-06 0.000848344 0.0443997 0.281242 0.236198 0.174274 0.162068 0.077626 0.0212213 0.00204855 7.15667e-05 6.87341e-07 1.55924e-09 7.13918e-13 5.81944e-17 7.59345e-22 1.47271e-27 4.04252e-34 1.51797e-41
 1.58614e-41 2.20146e-33 3.6934e-26 7.49014e-20 1.83612e-14 5.44076e-10 1.94879e-06 0.00084376 0.0441601 0.279836 0.238875 0.184279 0.160094 0.0725844 0.017752 0.00152888 4.43341e-05 3.42283e-07 6.08405e-10 2.09271e-13 1.23688e-17 1.15574e-22 1.60576e-28 3.16363e-35 8.52742e-43
 1.37332e-41 1.90608e-33 3.19785e-26 6.48517e-20 1.58976e-14 4.71076e-10 1.68732e-06 0.00073055 0.0382358 0.242586 0.218848 0.216853 0.183094 0.080937 0.0173981 0.00128461 3.0996e-05 1.92456e-07 2.64282e-10 6.87324e-14 3.01972e-18 2.05617e-23 2.04625e-29 2.86026e-36 5.45623e-44
 1.40076e-41 1.94416e-33 3.26173e-26 6.61473e-20 1.62152e-14 4.80487e-10 1.72103e-06 0.000745146 0.0390002 0.24752 0.223587 0.20524 0.176718 0.0885246 0.0175123 0.00112801 2.22508e-05 1.09276e-07 1.15907e-10 2.27389e-14 7.39614e-19 3.6885e-24 2.66867e-30 2.69144e-37 3.67475e-45
 1.46612e-41 2.03487e-33 3.41392e-26 6.92336e-20 1.69718e-14 5.02905e-10 1.80133e-06 0.000779913 0.0408197 0.259018 0.2318 0.202771 0.169153 0.0785575 0.0160111 0.0010701 1.94822e-05 8.26612e-08 7.33163e-11 1.18612e-14 3.15851e-19 1.28111e-24 7.49367e-31 6.08547e-38 6.67463e-46
 1.46613e-41 2.03489e-33 3.41395e-26 6.92343e-20 1.6972e-14 5.0291e-10 1.80134e-06 0.000779921 0.0408201 0.25902 0.231802 0.202775 0.16924 0.0787319 0.0158105 0.00100157 1.69276e-05 6.52753e-08 5.17622e-11 7.40605e-15 1.73099e-19 6.13227e-25 3.12192e-31 2.20083e-38 2.09146e-46
#pred catch len freq
 2.55748e-27 2.57329e-27 2.02512e-26 3.7324e-20 9.14953e-15 2.71117e-10 9.71095e-07 0.000420447 0.0220047 0.139208 0.106932 0.039977 0.22916 0.212138 0.0557431 0.0743598 0.0322625 0.0251973 0.0156062 0.0119244 0.00937894 0.0081191 0.00814519 0.00721894 0.00220302
 2.55838e-27 2.57594e-27 2.26333e-26 4.23492e-20 1.03814e-14 3.07619e-10 1.10184e-06 0.000477054 0.0249673 0.157951 0.121227 0.0389129 0.211024 0.196287 0.0693899 0.109091 0.0368519 0.0150607 0.00677633 0.00391025 0.00252552 0.00188193 0.00167824 0.00148993 0.000498437
 2.5594e-27 2.57852e-27 2.47159e-26 4.67417e-20 1.14582e-14 3.39526e-10 1.21612e-06 0.000526536 0.027557 0.174334 0.133759 0.040341 0.213086 0.197706 0.060862 0.0894698 0.0337632 0.0188998 0.00594955 0.0018174 0.000778286 0.000445523 0.000330948 0.000276883 9.59837e-05
 2.55991e-27 2.5797e-27 2.5566e-26 4.85343e-20 1.18976e-14 3.52547e-10 1.26277e-06 0.000546729 0.0286138 0.18102 0.138885 0.0416525 0.219465 0.203343 0.0574026 0.0799954 0.0283502 0.013513 0.00494534 0.00166227 0.000366606 0.000115844 6.14362e-05 4.45117e-05 1.52997e-05
 2.56115e-27 2.58294e-27 2.83076e-26 5.43176e-20 1.33153e-14 3.94556e-10 1.41323e-06 0.000611876 0.0320234 0.202589 0.155358 0.0417901 0.20894 0.193481 0.0530011 0.0723532 0.0247041 0.0103331 0.00341004 0.00106534 0.000268925 4.90335e-05 1.21145e-05 6.35278e-06 2.05448e-06
 2.56068e-27 2.58152e-27 2.69066e-26 5.13616e-20 1.25907e-14 3.73084e-10 1.33632e-06 0.000578578 0.0302807 0.191564 0.146964 0.0433759 0.226904 0.209819 0.0515572 0.0649071 0.0218317 0.008627 0.00266739 0.000722849 0.000162603 3.03295e-05 4.03065e-06 9.48392e-07 2.5775e-07
 2.56159e-27 2.584e-27 2.9104e-26 5.59972e-20 1.3727e-14 4.06757e-10 1.45693e-06 0.000630797 0.0330136 0.208854 0.160154 0.0426039 0.211763 0.195914 0.0503328 0.0655645 0.0212489 0.00713889 0.00212004 0.000535175 0.000105609 1.71909e-05 2.03334e-06 1.97791e-07 3.12976e-08
 2.56382e-27 2.58981e-27 3.40112e-26 6.63485e-20 1.62645e-14 4.81947e-10 1.72625e-06 0.000747402 0.0391163 0.247461 0.189642 0.0431219 0.194987 0.179989 0.039479 0.0447827 0.0143909 0.00465796 0.00128843 0.000276555 5.03664e-05 7.20467e-06 7.2805e-07 4.87226e-08 3.0579e-09
 2.56431e-27 2.59099e-27 3.49062e-26 6.8236e-20 1.67272e-14 4.95658e-10 1.77536e-06 0.000768665 0.0402292 0.254501 0.195032 0.0440467 0.198238 0.182736 0.0354035 0.0347525 0.0106837 0.00271554 0.000719088 0.000145994 2.31379e-05 2.89253e-06 2.5371e-07 1.37409e-08 4.44605e-10
 2.56356e-27 2.58895e-27 3.30815e-26 6.43866e-20 1.57836e-14 4.67696e-10 1.67521e-06 0.000725301 0.0379596 0.240144 0.18408 0.0447366 0.211182 0.194663 0.0371917 0.0358084 0.0106937 0.00219157 0.000522825 8.57535e-05 1.26228e-05 1.39838e-06 1.03956e-07 4.75618e-09 1.11306e-10
 2.56321e-27 2.588e-27 3.22549e-26 6.26428e-20 1.53561e-14 4.5503e-10 1.62984e-06 0.000705659 0.0369316 0.23364 0.179116 0.0448421 0.215473 0.198662 0.0386244 0.038062 0.0112671 0.00212798 0.000475114 6.26e-05 7.57555e-06 7.12122e-07 4.65839e-08 1.78334e-09 3.39858e-11
 2.56521e-27 2.59345e-27 3.70841e-26 7.28305e-20 1.78535e-14 5.29031e-10 1.8949e-06 0.00082042 0.0429378 0.271637 0.208106 0.0433739 0.183932 0.169558 0.0334954 0.0336953 0.0100097 0.00194521 0.000430227 5.20597e-05 5.42746e-06 3.99082e-07 2.11774e-08 6.92994e-10 1.09523e-11
 2.56616e-27 2.59591e-27 3.91376e-26 7.71619e-20 1.89153e-14 5.60495e-10 2.0076e-06 0.000869213 0.0454915 0.287792 0.220449 0.0437939 0.178456 0.164255 0.0280297 0.0225671 0.00667764 0.00129139 0.000286471 3.51817e-05 3.52419e-06 2.25701e-07 9.34327e-09 2.39673e-10 3.15052e-12
 2.56349e-27 2.58856e-27 3.25684e-26 6.33036e-20 1.55181e-14 4.59829e-10 1.64703e-06 0.000713101 0.0373212 0.236104 0.181022 0.0463454 0.225574 0.207608 0.0334129 0.0239144 0.00683529 0.000933937 0.00018901 2.27627e-05 2.28485e-06 1.44172e-07 5.29949e-09 1.06534e-10 1.07647e-12
 2.56187e-27 2.58437e-27 2.90432e-26 5.58674e-20 1.36952e-14 4.05814e-10 1.45356e-06 0.000629335 0.0329371 0.20837 0.159834 0.045754 0.235959 0.217601 0.0425981 0.0423277 0.0121088 0.00155654 0.000293557 2.63693e-05 2.37471e-06 1.47957e-07 5.38091e-09 9.77844e-11 7.82459e-13
 2.56282e-27 2.58701e-27 3.14401e-26 6.09242e-20 1.49348e-14 4.42546e-10 1.58512e-06 0.000686298 0.0359184 0.22723 0.174217 0.0445894 0.216992 0.200186 0.0411162 0.0433577 0.0128149 0.00235945 0.000486467 4.08219e-05 3.11953e-06 1.50871e-07 5.16813e-09 9.23893e-11 6.7674e-13
 2.56452e-27 2.59149e-27 3.52696e-26 6.90022e-20 1.69151e-14 5.01224e-10 1.7953e-06 0.000777296 0.0406809 0.257359 0.197223 0.044606 0.200954 0.185104 0.0333141 0.0293649 0.00864908 0.00158134 0.000341816 3.85389e-05 3.19884e-06 1.36495e-07 3.65503e-09 5.69033e-11 4.03747e-13
 2.56464e-27 2.59172e-27 3.53742e-26 6.92226e-20 1.69691e-14 5.02824e-10 1.80103e-06 0.000779778 0.0408108 0.258181 0.197863 0.0453829 0.206417 0.189958 0.030787 0.0223704 0.00639107 0.000864426 0.000171925 1.91875e-05 1.80438e-06 9.77602e-08 2.52987e-09 3.16263e-11 1.86886e-13
 2.56518e-27 2.59319e-27 3.66873e-26 7.19926e-20 1.76481e-14 5.22946e-10 1.8731e-06 0.000810982 0.0424439 0.268512 0.205744 0.044883 0.197075 0.181366 0.0297903 0.0222551 0.00627866 0.000701675 0.000124884 1.07281e-05 9.11581e-07 5.19972e-08 1.65406e-09 2.22243e-11 1.10779e-13
 2.56549e-27 2.59398e-27 3.73395e-26 7.33684e-20 1.79854e-14 5.32939e-10 1.9089e-06 0.00082648 0.043255 0.273643 0.209666 0.0450834 0.195845 0.180134 0.0278061 0.0180437 0.00506071 0.000536837 9.13416e-05 6.48678e-06 4.46886e-07 2.01695e-08 6.31025e-10 9.87794e-12 5.54938e-14
 2.56564e-27 2.59441e-27 3.77397e-26 7.42127e-20 1.81923e-14 5.39072e-10 1.93086e-06 0.000835991 0.0437527 0.276792 0.212066 0.0448271 0.192209 0.176813 0.0278389 0.0189523 0.0052983 0.00052164 8.54034e-05 5.83927e-06 3.67894e-07 1.31324e-08 3.18747e-10 4.51072e-12 2.80546e-14
 2.56595e-27 2.59522e-27 3.844e-26 7.569e-20 1.85545e-14 5.49803e-10 1.9693e-06 0.000852632 0.0446237 0.282302 0.216273 0.0447834 0.18892 0.173736 0.0265337 0.0167529 0.00467736 0.000462677 7.53561e-05 4.79608e-06 2.84786e-07 9.48154e-09 1.91603e-10 2.06331e-12 1.09785e-14
 2.56661e-27 2.597e-27 3.99964e-26 7.89732e-20 1.93593e-14 5.73652e-10 2.05472e-06 0.000889617 0.0465594 0.294548 0.225618 0.0444874 0.180102 0.165556 0.0243098 0.0137427 0.00380198 0.000330587 5.01741e-05 3.15819e-06 1.82102e-07 5.58837e-09 1.05076e-10 9.74253e-13 4.00061e-15
 2.56689e-27 2.59772e-27 4.06131e-26 8.02742e-20 1.96783e-14 5.83102e-10 2.08857e-06 0.000904272 0.0473264 0.2994 0.229323 0.0444806 0.177446 0.163061 0.0230692 0.011543 0.00316544 0.000242586 3.3492e-05 1.8747e-06 9.8507e-08 2.94717e-09 5.22325e-11 4.44309e-13 1.60595e-15
 2.56754e-27 2.59952e-27 4.22049e-26 8.36323e-20 2.05015e-14 6.07495e-10 2.17594e-06 0.000942101 0.0493062 0.311925 0.238879 0.0439574 0.166752 0.153202 0.0215022 0.0104524 0.00285381 0.000199971 2.54809e-05 1.28104e-06 5.89117e-08 1.54218e-09 2.55302e-11 2.07003e-13 6.89772e-16
 2.56703e-27 2.59809e-27 4.09173e-26 8.09158e-20 1.98355e-14 5.87762e-10 2.10527e-06 0.0009115 0.0477046 0.301793 0.231152 0.0445651 0.176805 0.162426 0.0221679 0.00964918 0.00262256 0.000177788 2.18714e-05 1.01861e-06 4.18101e-08 9.51664e-10 1.36137e-11 9.85044e-14 3.09986e-16
 2.56648e-27 2.59659e-27 3.9572e-26 7.80777e-20 1.91398e-14 5.67147e-10 2.03142e-06 0.000879529 0.0460314 0.291208 0.223078 0.045095 0.18651 0.171353 0.0232193 0.0097989 0.00264917 0.000158665 1.71031e-05 7.63778e-07 2.93305e-08 6.00626e-10 7.50078e-12 4.61831e-14 1.26913e-16
 2.56702e-27 2.59809e-27 4.09266e-26 8.09356e-20 1.98404e-14 5.87906e-10 2.10578e-06 0.000911723 0.0477163 0.301867 0.231206 0.0444493 0.175885 0.161606 0.0225443 0.0107119 0.00290666 0.00017421 1.86783e-05 7.60287e-07 2.51541e-08 4.82623e-10 5.52643e-12 2.97503e-14 6.98471e-17
 2.56548e-27 2.59394e-27 3.7292e-26 7.32681e-20 1.79608e-14 5.3221e-10 1.90629e-06 0.00082535 0.0431958 0.273269 0.209382 0.0452101 0.197009 0.181184 0.0275659 0.0172266 0.00473946 0.000344102 4.45671e-05 1.85714e-06 6.2034e-08 1.06073e-09 1.0731e-11 5.30733e-14 1.10956e-16
#obs catch len freq
 6.03243e-42 8.37261e-34 1.40468e-26 2.84866e-20 6.98316e-15 2.06924e-10 7.41167e-07 0.0003209 0.0167946 0.106249 0.0819004 0.042525 0.227492 0.192008 0.131363 0.126721 0.0512977 0.0189287 0.00392788 0.000449781 2.11802e-05 2.9991e-07 9.58967e-10 5.6313e-13 5.3095e-17
 6.83859e-42 9.49151e-34 1.5924e-26 3.22935e-20 7.91637e-15 2.34577e-10 8.40215e-07 0.000363784 0.019039 0.120448 0.0928549 0.0462899 0.230683 0.185166 0.128993 0.114067 0.0442426 0.0148215 0.002751 0.000269967 1.02985e-05 1.11951e-07 2.64814e-10 1.12429e-13 7.56046e-18
 1.03511e-41 1.43667e-33 2.41031e-26 4.88805e-20 1.19825e-14 3.55063e-10 1.27178e-06 0.000550636 0.0288181 0.182313 0.140161 0.0481484 0.2018 0.154034 0.110115 0.0891541 0.0331138 0.0100118 0.00163875 0.000135359 4.1439e-06 3.44517e-08 6.01391e-11 1.84407e-14 8.8464e-19
 8.79106e-42 1.22014e-33 2.04704e-26 4.15135e-20 1.01766e-14 3.0155e-10 1.0801e-06 0.000467647 0.0244748 0.154837 0.119519 0.0601922 0.263038 0.183521 0.0957212 0.0672846 0.0236055 0.0063674 0.000906399 6.19338e-05 1.49677e-06 9.44352e-09 1.21431e-11 2.68854e-15 9.20163e-20
 1.21636e-41 1.68823e-33 2.83236e-26 5.74397e-20 1.40807e-14 4.17236e-10 1.49447e-06 0.000647054 0.0338642 0.214237 0.164769 0.0538571 0.192843 0.135462 0.110661 0.0708868 0.0182247 0.00402435 0.000493214 2.75543e-05 5.18259e-07 2.45245e-09 2.30964e-12 3.68792e-16 9.01008e-21
 1.28394e-41 1.78203e-33 2.98972e-26 6.06309e-20 1.4863e-14 4.40417e-10 1.5775e-06 0.000683003 0.0357457 0.226141 0.17418 0.0637129 0.220571 0.137854 0.0767721 0.0462049 0.0150851 0.00279556 0.000242269 1.05127e-05 1.51869e-07 5.33267e-10 3.64695e-13 4.17816e-17 7.27217e-22
 1.17102e-41 1.6253e-33 2.72678e-26 5.52985e-20 1.35558e-14 4.01682e-10 1.43876e-06 0.000622934 0.0326019 0.206254 0.159275 0.0694946 0.235194 0.142944 0.0933083 0.0473447 0.0108677 0.00192872 0.000158188 4.84348e-06 4.95056e-08 1.26546e-10 6.2366e-14 5.09531e-18 6.28841e-23
 1.45221e-41 2.01557e-33 3.38154e-26 6.85769e-20 1.68108e-14 4.98135e-10 1.78424e-06 0.000772514 0.0404303 0.255779 0.197023 0.0647337 0.184958 0.112549 0.0896844 0.0428898 0.00978369 0.00131081 8.25704e-05 2.16281e-06 1.59221e-08 2.75378e-11 9.44665e-15 5.44449e-19 4.73987e-24
 1.67175e-41 2.32028e-33 3.89276e-26 7.89443e-20 1.93523e-14 5.73443e-10 2.05398e-06 0.000889302 0.0465425 0.294447 0.22676 0.0688396 0.175366 0.0948962 0.0584241 0.0263565 0.00660879 0.000825119 4.1511e-05 7.84168e-07 4.41362e-09 5.52936e-12 1.28352e-15 4.99459e-20 2.99251e-25
 1.64046e-41 2.27685e-33 3.81989e-26 7.74666e-20 1.899e-14 5.62709e-10 2.01553e-06 0.000872657 0.0456714 0.288939 0.222999 0.0770933 0.190299 0.096047 0.0539446 0.0198933 0.00378127 0.000437323 2.0612e-05 3.07189e-07 1.22104e-09 1.08925e-12 1.81118e-16 4.88773e-21 1.98115e-26
 1.55889e-41 2.16364e-33 3.62996e-26 7.36148e-20 1.80458e-14 5.3473e-10 1.91532e-06 0.000829266 0.0434005 0.274575 0.212508 0.0839201 0.199173 0.0999929 0.0622058 0.0200547 0.00306884 0.000259686 9.55137e-06 1.21676e-07 3.78964e-10 2.39729e-13 2.74969e-17 5.17615e-22 1.46991e-27
 1.52012e-41 2.10983e-33 3.53968e-26 7.1784e-20 1.7597e-14 5.21431e-10 1.86768e-06 0.000808642 0.0423211 0.267751 0.207773 0.0892747 0.199513 0.10115 0.0678075 0.0203879 0.00300417 0.000202082 5.19178e-06 4.69627e-08 1.12662e-10 5.47854e-14 4.56104e-18 5.96818e-23 1.16353e-28
 1.92997e-41 2.67866e-33 4.49402e-26 9.11377e-20 2.23413e-14 6.62015e-10 2.37123e-06 0.00102666 0.0537313 0.339933 0.262396 0.0760761 0.135549 0.068943 0.0469265 0.0133483 0.00194704 0.000117477 2.44719e-06 1.53771e-08 2.4747e-11 8.51973e-15 5.22435e-19 5.01871e-24 7.00694e-30
 1.62365e-41 2.25352e-33 3.78075e-26 7.66728e-20 1.87954e-14 5.56943e-10 1.99488e-06 0.000863714 0.0452034 0.285997 0.223198 0.107401 0.205886 0.0826517 0.0376522 0.00972543 0.00134438 7.39737e-05 1.35662e-06 6.77921e-09 7.74008e-12 1.77106e-15 7.27307e-20 4.85173e-25 4.83433e-31
 1.33603e-41 1.85432e-33 3.11101e-26 6.30906e-20 1.54659e-14 4.58283e-10 1.6415e-06 0.000710711 0.0371958 0.235351 0.185821 0.119976 0.225488 0.11265 0.0682235 0.0132846 0.00123811 5.75204e-05 9.20989e-07 3.85893e-09 3.46974e-12 5.79797e-16 1.63449e-20 7.26832e-26 4.83804e-32
 1.21885e-41 1.69168e-33 2.83815e-26 5.75571e-20 1.41094e-14 4.18089e-10 1.49753e-06 0.000648377 0.0339335 0.214724 0.170978 0.124159 0.220211 0.129146 0.0853497 0.0188508 0.00193467 6.33142e-05 7.06324e-07 2.34513e-09 1.68907e-12 2.19234e-16 4.61418e-21 1.47131e-26 6.7902e-33
 1.62986e-41 2.26214e-33 3.7952e-26 7.6966e-20 1.88673e-14 5.59073e-10 2.00251e-06 0.000867017 0.0453762 0.287111 0.225323 0.104572 0.157384 0.0985225 0.0638046 0.0152717 0.00170715 5.86101e-05 5.52434e-07 1.24902e-09 6.34296e-13 6.18287e-17 9.87796e-22 2.36095e-27 8.01716e-34
 1.48341e-41 2.05887e-33 3.45419e-26 7.00503e-20 1.7172e-14 5.08838e-10 1.82257e-06 0.000789111 0.041299 0.261354 0.20906 0.140348 0.202387 0.0893651 0.043998 0.0102326 0.00112537 3.96954e-05 3.71316e-07 7.39129e-10 2.78094e-13 1.84459e-17 2.04233e-22 3.51314e-28 8.74859e-35
 1.54572e-41 2.14536e-33 3.59928e-26 7.29927e-20 1.78933e-14 5.30211e-10 1.89913e-06 0.000822257 0.0430338 0.27234 0.217779 0.133646 0.17856 0.098958 0.0468948 0.00733445 0.00060935 1.95563e-05 1.71456e-07 3.15861e-10 1.03799e-13 5.49428e-18 4.42657e-23 5.24819e-29 8.93335e-36
 1.52553e-41 2.11733e-33 3.55227e-26 7.20393e-20 1.76596e-14 5.23286e-10 1.87432e-06 0.000811518 0.0424718 0.268821 0.217413 0.147888 0.183012 0.0922572 0.0401744 0.00668629 0.000453112 9.82385e-06 6.69981e-08 1.05229e-10 2.97437e-14 1.32956e-18 8.73701e-24 8.07154e-30 1.01983e-36
 1.64441e-41 2.28234e-33 3.82909e-26 7.76532e-20 1.90358e-14 5.64065e-10 2.02039e-06 0.000874759 0.0457816 0.289782 0.234054 0.143272 0.162246 0.0854577 0.0334585 0.00477347 0.000292184 5.45089e-06 2.62977e-08 2.88527e-11 6.21262e-15 2.21488e-19 1.17067e-24 8.64222e-31 8.60705e-38
 1.59622e-41 2.21544e-33 3.71687e-26 7.53773e-20 1.84779e-14 5.47533e-10 1.96117e-06 0.000849121 0.04444 0.281359 0.231076 0.161792 0.170052 0.079366 0.0272977 0.00357947 0.000183844 2.81831e-06 1.10783e-08 9.01506e-12 1.33581e-15 3.31817e-20 1.27913e-25 7.12079e-32 5.42849e-39
 1.64591e-41 2.28441e-33 3.83258e-26 7.77239e-20 1.90531e-14 5.64578e-10 2.02223e-06 0.000875555 0.0458235 0.290158 0.23926 0.160788 0.158417 0.0782575 0.0237661 0.00254279 0.000107815 1.34825e-06 4.14337e-09 2.60159e-12 2.89607e-16 5.14641e-21 1.36998e-26 5.24931e-33 2.80509e-40
 1.65184e-41 2.29264e-33 3.84638e-26 7.80038e-20 1.91217e-14 5.66611e-10 2.02951e-06 0.000878708 0.0459888 0.291286 0.243301 0.17064 0.155481 0.0710465 0.0194102 0.0018992 6.51585e-05 6.23946e-07 1.47021e-09 6.9866e-13 5.79823e-17 7.62264e-22 1.48333e-27 4.07283e-34 1.52743e-41
 1.68709e-41 2.34157e-33 3.92847e-26 7.96686e-20 1.95298e-14 5.78704e-10 2.07282e-06 0.000897462 0.0469705 0.29758 0.250513 0.17276 0.147515 0.0664231 0.0159569 0.00134178 3.89757e-05 3.01188e-07 5.32514e-10 1.8533e-13 1.12649e-17 1.08187e-22 1.53078e-28 3.0465e-35 8.2569e-43
 1.67912e-41 2.3305e-33 3.9099e-26 7.9292e-20 1.94375e-14 5.75969e-10 2.06303e-06 0.00089322 0.046749 0.296308 0.253484 0.181828 0.145153 0.0614098 0.0131702 0.000979206 2.34471e-05 1.44846e-07 1.99518e-10 5.19472e-14 2.28467e-18 1.56904e-23 1.58817e-29 2.26566e-36 4.40336e-44
 1.46882e-41 2.03863e-33 3.42023e-26 6.93615e-20 1.70032e-14 5.03835e-10 1.80465e-06 0.000781353 0.0408953 0.259554 0.234712 0.214783 0.167266 0.0683516 0.0128266 0.000812211 1.60842e-05 7.93733e-08 8.40696e-11 1.64923e-14 5.37774e-19 2.6875e-24 1.9473e-30 1.97011e-37 2.70808e-45
 1.49859e-41 2.07994e-33 3.48953e-26 7.07669e-20 1.73477e-14 5.14044e-10 1.84122e-06 0.000797185 0.0417236 0.264709 0.234979 0.197167 0.167034 0.0783795 0.0143595 0.000834298 1.44387e-05 6.07775e-08 5.41454e-11 8.79682e-15 2.34543e-19 9.51996e-25 5.57762e-31 4.53905e-38 4.98774e-46
 1.55312e-41 2.15563e-33 3.61652e-26 7.33423e-20 1.7979e-14 5.32751e-10 1.90823e-06 0.000826197 0.043242 0.274304 0.241867 0.194721 0.158478 0.0715019 0.0141565 0.000886514 1.48724e-05 5.70208e-08 4.50303e-11 6.42439e-15 1.49848e-19 5.30074e-25 2.6956e-31 1.89866e-38 1.80308e-46
#spawning biomass
 18696.1 17080.5 18620.8 20856.8 24720.7 29218.4 33960.4 40502.3 55660.8 72973.3 83339.3 106934 154052 178367 175789 155744 142169 135215 136041 133122 143768 149770 153451 159795 178406 190371 173737 170914 234774 417740 403755 260649 135563 71808.5 44613.2 33933.2 29950.9 28518.7 28017.1 27844.7 27786.3 27766.8 27760.3 27758.2 27757.5 27757.3 27757.2 27757.2 27757.1 27757.1 27757.1 27757.1 27757.1 27757.1 27757.1 27757.1 27757.1 27757.1 27757.1 27757.1 27757.1 27757.1 27757.1 27757.1 27757.1 27757.1 27757.1 27757.1 27757.1 27757.1 27757.1 27757.1 27757.1 27757.1 27757.1 27757.1 27757.1 27757.1 27757.1 27757.1 27757.1 27757.1 27757.1 27757.1 27757.1 27757.1 27757.1 27757.1 27757.1 27757.1 27757.1 27757.1 27757.1 27757.1 27757.1 27757.1 27757.1 27757.1 27757.1 27757.1 27757.1 27757.1 27757.1 27757.1 27757.1 27757.1 27757.1 27757.1 27757.1 27757.1 27757.1 27757.1 27757.1 27757.1 27757.1 27757.1 27757.1 27757.1 27757.1 27757.1 27757.1 27757.1 27757.1 27757.1 27757.1 27757.1 27757.1 27757.1 27757.1 0 0 0 0 0 0 0 0 0 0 0 0 0 0 0 0 0 0 0 0 0 0 0 0 0
