SBPRF35
0.551116
Curr Bio
143646
B35
457666
F35
0.319461
FOFL
0.0949297
OFL
7523.69
Bzero
157462
#pred survey bio
 12913.7 13405 14262.1 18498.2 20419 22366.3 29726.1 44283.1 55778.6 70644.1 88337.2 108644 151540 177569 166961 127198 118116 135221 135031 141934 144788 148314 164554 171679 181411 177905 187511 163871 6.03044e+06 5.06561e+06 5.08486e+06 4.38351e+06 3.57689e+06 2.89009e+06 2.37461e+06 2.0138e+06 1.77141e+06 1.61224e+06 1.50878e+06 1.44153e+06 1.3975e+06 1.36824e+06 1.34826e+06 1.33418e+06 1.3245e+06 1.31768e+06 1.31279e+06 1.30922e+06 1.30658e+06 1.3046e+06 1.30311e+06 1.30198e+06 1.30112e+06 1.30045e+06 1.29995e+06 1.29956e+06 1.29926e+06 1.29902e+06 1.29885e+06 1.29871e+06 1.2986e+06 1.29852e+06 1.29845e+06 1.2984e+06 1.29837e+06 1.29834e+06 1.29831e+06 1.2983e+06 1.29828e+06 1.29827e+06 1.29826e+06 1.29826e+06 1.29825e+06 1.29825e+06 1.29825e+06 1.29824e+06 1.29824e+06 1.29824e+06 1.29824e+06 1.29824e+06 1.29824e+06 1.29824e+06 1.29824e+06 1.29824e+06 1.29824e+06 1.29824e+06 1.29824e+06 1.29824e+06 1.29824e+06 1.29824e+06 1.29824e+06 1.29824e+06 1.29824e+06 1.29824e+06 1.29824e+06 1.29824e+06 1.29824e+06 1.29824e+06 1.29824e+06 1.29824e+06 1.29824e+06 1.29824e+06 1.29824e+06 1.29824e+06 1.29824e+06 1.29824e+06 1.29824e+06 1.29824e+06 1.29824e+06 1.29824e+06 1.29824e+06 1.29824e+06 1.29824e+06 1.29824e+06 1.29824e+06 1.29824e+06 1.29824e+06 1.29824e+06 1.29824e+06 1.29824e+06 1.29824e+06 1.29824e+06 1.29824e+06 1.29824e+06 1.29824e+06 1.29824e+06 1.29824e+06 1.29824e+06 0 0 0 0 0 0 0 0 0 0 0 0 0 0 0 0 0 0 0 0 0 0 0 0 0
#obs survey bio
 10679.9 12003.3 12950.4 14219.2 22411.7 13684.5 26333.4 39386.2 49279.7 50409.2 62470.6 102392 130540 237144 108983 76798.9 96256.7 118465 110507 135217 106230 156840 126000 143676 168820 157832 173626 99622.9
#pred catch bio
 6181.22 7299.15 7286.27 9937.11 11418.9 11930.6 15276 25367.7 32125.4 40701.5 52329.9 58809.3 88808.7 109147 113132 83837.8 70618.2 88813.3 85439.9 92599.7 96175.2 94153.9 110756 114338 125536 114371 130489 101271 7523.69 47735.9 54311.3 46510.6 36741 28562.8 22585.7 18536.3 15925.5 14299.2 13311.1 12721.5 12374.6 12172.4 12055.1 11987.1 11948.8 11927.4 11915.3 11908.5 11904.7 11902.5 11901.3 11900.7 11900.3 11900.1 11899.9 11899.9 11899.8 11899.8 11899.8 11899.8 11899.8 11899.8 11899.8 11899.8 11899.8 11899.8 11899.8 11899.8 11899.8 11899.8 11899.8 11899.8 11899.8 11899.8 11899.8 11899.8 11899.8 11899.8 11899.8 11899.8 11899.8 11899.8 11899.8 11899.8 11899.8 11899.8 11899.8 11899.8 11899.8 11899.8 11899.8 11899.8 11899.8 11899.8 11899.8 11899.8 11899.8 11899.8 11899.8 11899.8 11899.8 11899.8 11899.8 11899.8 11899.8 11899.8 11899.8 11899.8 11899.8 11899.8 11899.8 11899.8 11899.8 11899.8 11899.8 11899.8 11899.8 11899.8 11899.8 11899.8 11899.8 11899.8 11899.8 11899.8 11899.8 11899.8 11899.8 11899.8 0 0 0 0 0 0 0 0 0 0 0 0 0 0 0 0 0 0 0 0 0 0 0 0 0
#obs catch bio
 9175.68 7294.34 7415.3 9169.19 11330.1 12069.3 14967 23756.5 30110 39006.9 50476.3 55090.9 82922.6 92618.7 113956 82981.2 70192 86347.8 81584.2 84223.4 92914.8 80915.5 101643 107152 113338 103285 113840 94463.1
#pred cpue bio
 8385.99 8659.59 8335.5 10201.4 12016 12719 15740.7 22700.7 29084.7 36485.7 45989.2 55694.1 77957.1 94530.4 96065 72861.4 62674.5 71426.6 69862.3 74509.7 74616.5 74891.7 83782.3 84644.7 90280 87811 97102.6 84959.6 3.24047e+06 4.06124e+06 4.77746e+06 4.19448e+06 3.39953e+06 2.71372e+06 2.19832e+06 1.83752e+06 1.59512e+06 1.43596e+06 1.3325e+06 1.26525e+06 1.22122e+06 1.19196e+06 1.17198e+06 1.1579e+06 1.14822e+06 1.1414e+06 1.13651e+06 1.13294e+06 1.13029e+06 1.12832e+06 1.12683e+06 1.1257e+06 1.12483e+06 1.12417e+06 1.12367e+06 1.12328e+06 1.12297e+06 1.12274e+06 1.12256e+06 1.12243e+06 1.12232e+06 1.12224e+06 1.12217e+06 1.12212e+06 1.12208e+06 1.12205e+06 1.12203e+06 1.12201e+06 1.122e+06 1.12199e+06 1.12198e+06 1.12198e+06 1.12197e+06 1.12197e+06 1.12196e+06 1.12196e+06 1.12196e+06 1.12196e+06 1.12196e+06 1.12196e+06 1.12196e+06 1.12196e+06 1.12196e+06 1.12195e+06 1.12195e+06 1.12195e+06 1.12195e+06 1.12195e+06 1.12195e+06 1.12195e+06 1.12195e+06 1.12195e+06 1.12195e+06 1.12195e+06 1.12195e+06 1.12195e+06 1.12195e+06 1.12195e+06 1.12195e+06 1.12195e+06 1.12195e+06 1.12195e+06 1.12195e+06 1.12195e+06 1.12195e+06 1.12195e+06 1.12195e+06 1.12195e+06 1.12195e+06 1.12195e+06 1.12195e+06 1.12195e+06 1.12195e+06 1.12195e+06 1.12195e+06 1.12195e+06 1.12195e+06 1.12195e+06 1.12195e+06 1.12195e+06 1.12195e+06 1.12195e+06 1.12195e+06 1.12195e+06 1.12195e+06 1.12195e+06 1.12195e+06 1.12195e+06 0 0 0 0 0 0 0 0 0 0 0 0 0 0 0 0 0 0 0 0 0 0 0 0 0
#obs cpue bio
 14457.5 9339.57 10172 16971.5 12395.7 15581.1 24119.2 34603.1 42539.2 55817.8 73029.9 81878.7 121033 156449 105000 131317 71994.7 106671 97536.9 127047 107947 150542 137737 125177 158230 137378 202445 174581
#pred surv len freq
 1.50874e-11 1.63759e-09 1.04806e-07 3.95504e-06 8.80047e-05 0.00115466 0.00893365 0.0407743 0.109986 0.176989 0.177752 0.132729 0.102259 0.0827062 0.0571498 0.03572 0.0228355 0.0148961 0.0100248 0.00713516 0.00547143 0.00458022 0.00396673 0.00305939 0.00178623
 1.22137e-11 1.32568e-09 8.4843e-08 3.20172e-06 7.12424e-05 0.000934751 0.0072329 0.0330281 0.0893149 0.145535 0.154685 0.137926 0.133956 0.119049 0.0803997 0.045195 0.0243474 0.0125377 0.00633712 0.00344061 0.00210032 0.00146526 0.00112849 0.000829645 0.000482741
 1.56417e-11 1.69775e-09 1.08656e-07 4.10033e-06 9.12375e-05 0.00119708 0.00926178 0.0422709 0.114009 0.183355 0.183638 0.135851 0.103448 0.0843982 0.0606287 0.0391697 0.023055 0.0113398 0.0047423 0.00188333 0.000790948 0.000390487 0.000235929 0.000153265 8.52171e-05
 1.57198e-11 1.70623e-09 1.09199e-07 4.12082e-06 9.16935e-05 0.00120306 0.00930821 0.0424859 0.11463 0.184689 0.186538 0.141971 0.112151 0.0898443 0.0575912 0.0304983 0.0156264 0.00777249 0.00350182 0.0013724 0.00046764 0.000153126 5.82588e-05 2.78605e-05 1.35594e-05
 1.36524e-11 1.48183e-09 9.48371e-08 3.57886e-06 7.96343e-05 0.00104485 0.00808456 0.0369109 0.0997295 0.161817 0.168784 0.142463 0.129657 0.111138 0.0722572 0.0376966 0.0180675 0.0077969 0.00294487 0.00103923 0.000345285 0.000102028 2.72848e-05 7.77951e-06 2.63779e-06
 1.53512e-11 1.66622e-09 1.06638e-07 4.02418e-06 8.95432e-05 0.00117485 0.00908995 0.04149 0.111948 0.180407 0.182404 0.139409 0.111333 0.0913936 0.0622067 0.0363321 0.0194063 0.0087294 0.00319432 0.00100748 0.000285653 7.38634e-05 1.73257e-05 3.66459e-06 7.58797e-07
 1.64969e-11 1.79058e-09 1.14597e-07 4.32453e-06 9.62262e-05 0.00126253 0.00976817 0.0445817 0.120236 0.19332 0.193373 0.142253 0.106415 0.0828872 0.0530413 0.0282139 0.0141542 0.00654059 0.00262378 0.000898732 0.000256031 6.05094e-05 1.22126e-05 2.15124e-06 3.33875e-07
 1.68132e-11 1.82491e-09 1.16794e-07 4.40745e-06 9.80711e-05 0.00128674 0.00995542 0.0454356 0.122529 0.196931 0.196624 0.143662 0.106069 0.0814365 0.0507764 0.025554 0.0118556 0.00504112 0.00187311 0.000624609 0.000185653 4.65727e-05 9.43883e-06 1.52644e-06 1.99763e-07
 1.60341e-11 1.74035e-09 1.11382e-07 4.20321e-06 9.35267e-05 0.00122712 0.00949433 0.0433357 0.116928 0.188426 0.190471 0.145326 0.11491 0.0909072 0.0555801 0.0261176 0.0109745 0.00423751 0.0014108 0.000413564 0.000110207 2.62622e-05 5.37278e-06 8.92303e-07 1.14786e-07
 1.6456e-11 1.78614e-09 1.14313e-07 4.31381e-06 9.59876e-05 0.0012594 0.00974401 0.0444727 0.11996 0.19302 0.193749 0.144281 0.109936 0.085778 0.0533334 0.0262902 0.0116424 0.00452254 0.00142496 0.000376115 8.78847e-05 1.82529e-05 3.33215e-06 5.21013e-07 6.62913e-08
 1.61562e-11 1.7536e-09 1.1223e-07 4.23521e-06 9.42387e-05 0.00123646 0.00956657 0.0436646 0.117804 0.189745 0.191374 0.144898 0.113279 0.0893005 0.0549967 0.0263655 0.0113448 0.00440419 0.00142712 0.000386897 8.86773e-05 1.69362e-05 2.71309e-06 3.68657e-07 4.19166e-08
 1.64952e-11 1.79039e-09 1.14585e-07 4.32408e-06 9.62162e-05 0.0012624 0.00976723 0.0445788 0.120247 0.193494 0.194277 0.144799 0.110409 0.0859076 0.0528314 0.0254127 0.0109413 0.00419737 0.00132565 0.000350658 8.00997e-05 1.54319e-05 2.43131e-06 3.07755e-07 3.10839e-08
 1.6561e-11 1.79754e-09 1.15042e-07 4.34134e-06 9.66003e-05 0.00126744 0.00980618 0.0447559 0.120716 0.194179 0.194638 0.144221 0.108991 0.0846488 0.0525799 0.0259562 0.0115717 0.00457208 0.00148219 0.000400168 9.17213e-05 1.7499e-05 2.73721e-06 3.45135e-07 3.40837e-08
 1.55604e-11 1.68894e-09 1.08092e-07 4.07904e-06 9.07639e-05 0.00119087 0.00921399 0.0420584 0.113513 0.183178 0.186367 0.145333 0.118739 0.0955931 0.0588167 0.0277756 0.0117008 0.00447722 0.0014429 0.000392921 9.14667e-05 1.77135e-05 2.78806e-06 3.50155e-07 3.43028e-08
 1.37078e-11 1.48785e-09 9.52221e-08 3.59339e-06 7.99576e-05 0.00104909 0.00811742 0.0370619 0.100149 0.162595 0.170045 0.144623 0.132582 0.11312 0.0716685 0.0351579 0.0153913 0.00591374 0.00183797 0.000473765 0.000106025 2.03058e-05 3.21848e-06 4.08959e-07 4.03501e-08
 1.41369e-11 1.53442e-09 9.82026e-08 3.70586e-06 8.24603e-05 0.00108193 0.00837134 0.0382181 0.103231 0.167253 0.173305 0.143357 0.127193 0.107606 0.0692861 0.0354543 0.0163335 0.00649261 0.00205699 0.000532703 0.000116658 2.13473e-05 3.23122e-06 4.00238e-07 3.93305e-08
 1.60444e-11 1.74146e-09 1.11453e-07 4.2059e-06 9.35865e-05 0.0012279 0.00950035 0.0433621 0.116985 0.188405 0.189924 0.143576 0.112159 0.0890392 0.0562645 0.028567 0.0131708 0.00533685 0.001765 0.000483768 0.00011093 2.0723e-05 3.11169e-06 3.73277e-07 3.52674e-08
 1.58662e-11 1.72213e-09 1.10216e-07 4.1592e-06 9.25475e-05 0.00121427 0.00939496 0.0428826 0.115713 0.186526 0.188828 0.144809 0.115471 0.0920286 0.0569221 0.0274186 0.0118943 0.00468034 0.00155376 0.000437453 0.000104852 2.06981e-05 3.27202e-06 4.04791e-07 3.83523e-08
 1.60348e-11 1.74042e-09 1.11387e-07 4.20339e-06 9.35308e-05 0.00122717 0.00949476 0.043338 0.116939 0.18848 0.190701 0.145947 0.115869 0.0916126 0.0554844 0.0254024 0.0102024 0.00370833 0.00112693 0.000289098 6.53364e-05 1.279e-05 2.07888e-06 2.69113e-07 2.66937e-08
 1.57773e-11 1.71247e-09 1.09598e-07 4.13589e-06 9.20288e-05 0.00120746 0.00934235 0.0426434 0.115079 0.185605 0.188362 0.145655 0.117505 0.0938801 0.0574068 0.026751 0.0109583 0.00398375 0.00117294 0.000281599 5.81011e-05 1.03447e-05 1.5654e-06 1.97077e-07 1.97923e-08
 1.61626e-11 1.7543e-09 1.12275e-07 4.2369e-06 9.42764e-05 0.00123695 0.00957041 0.0436825 0.117858 0.189879 0.191725 0.145715 0.114492 0.0901487 0.0547773 0.0253459 0.0103025 0.00373632 0.00110346 0.000264867 5.35577e-05 9.03936e-06 1.25705e-06 1.44001e-07 1.34092e-08
 1.64259e-11 1.78288e-09 1.14104e-07 4.30593e-06 9.58123e-05 0.0012571 0.00972629 0.0443931 0.119763 0.192848 0.19425 0.14638 0.113387 0.0882403 0.0527355 0.0235234 0.00906956 0.00315648 0.000907692 0.00021312 4.23969e-05 7.07138e-06 9.6251e-07 1.05229e-07 9.09873e-09
 1.63216e-11 1.77156e-09 1.13379e-07 4.27859e-06 9.52039e-05 0.00124912 0.00966454 0.0441116 0.119008 0.191669 0.193239 0.146088 0.113786 0.0889869 0.0535952 0.0243197 0.00959001 0.00336816 0.000957073 0.000218461 4.20741e-05 6.83328e-06 9.11781e-07 9.8e-08 8.27691e-09
 1.68313e-11 1.82687e-09 1.1692e-07 4.41218e-06 9.81765e-05 0.00128812 0.00996619 0.0454863 0.122687 0.197356 0.197847 0.146608 0.110474 0.0845 0.049934 0.0218423 0.00816781 0.00275911 0.000769624 0.000173376 3.27592e-05 5.16852e-06 6.65522e-07 6.91402e-08 5.68317e-09
 1.65446e-11 1.79575e-09 1.14928e-07 4.33702e-06 9.65042e-05 0.00126618 0.00979651 0.0447135 0.120625 0.194216 0.195534 0.147084 0.113511 0.0878094 0.0516829 0.0221674 0.00800562 0.00260728 0.000700037 0.000150294 2.7076e-05 4.12983e-06 5.18404e-07 5.23776e-08 4.16614e-09
 1.66576e-11 1.80802e-09 1.15713e-07 4.36666e-06 9.71637e-05 0.00127483 0.00986344 0.0450185 0.121441 0.195482 0.196578 0.147262 0.112875 0.0868876 0.0508634 0.0215462 0.00760945 0.00241478 0.00062802 0.00012843 2.17237e-05 3.10712e-06 3.67755e-07 3.53968e-08 2.71354e-09
 1.58264e-11 1.7178e-09 1.09939e-07 4.14876e-06 9.23152e-05 0.00121122 0.00937144 0.0427765 0.115443 0.186227 0.18916 0.14668 0.118682 0.0944796 0.0567319 0.0252225 0.00959861 0.00323516 0.000868577 0.000180877 3.075e-05 4.3184e-06 4.89423e-07 4.44245e-08 3.20602e-09
 1.57438e-11 1.70884e-09 1.09366e-07 4.12712e-06 9.18337e-05 0.00120491 0.00932259 0.0425541 0.11485 0.185333 0.188543 0.146951 0.119757 0.0955479 0.0571372 0.0250904 0.00938802 0.00314583 0.000856345 0.000184049 3.24644e-05 4.68145e-06 5.35863e-07 4.81559e-08 3.36522e-09
#obs surv len freq
 1.16604e-11 1.26562e-09 8.09997e-08 3.05668e-06 6.80154e-05 0.000892415 0.00690548 0.031536 0.0853074 0.139138 0.148127 0.132018 0.128804 0.119848 0.091197 0.0593839 0.0335073 0.015466 0.00569587 0.00165933 0.000371936 6.1878e-05 7.38521e-06 6.12602e-07 3.43293e-08
 8.35765e-12 9.07144e-10 5.80571e-08 2.1909e-06 4.8751e-05 0.00063968 0.00495089 0.0226332 0.0615291 0.102676 0.119547 0.1308 0.151939 0.149337 0.114344 0.0737707 0.0407726 0.0182704 0.00648168 0.00180546 0.000384387 6.03693e-05 6.76275e-06 5.23819e-07 2.72884e-08
 1.84986e-11 2.00785e-09 1.28502e-07 4.84928e-06 0.000107903 0.00141572 0.010953 0.0499784 0.134632 0.215103 0.208397 0.134893 0.0784745 0.056321 0.0449001 0.032756 0.0193373 0.00871654 0.0030141 0.000805024 0.000162652 2.40611e-05 2.52419e-06 1.82274e-07 8.82072e-09
 8.44134e-12 9.16228e-10 5.86385e-08 2.21285e-06 4.924e-05 0.000646131 0.00500204 0.0228921 0.062531 0.106404 0.13172 0.157525 0.18446 0.162501 0.0966571 0.0424862 0.0170422 0.00684511 0.00242193 0.000661937 0.00013174 1.8634e-05 1.83854e-06 1.23796e-07 5.55935e-09
 1.40956e-11 1.52994e-09 9.79163e-08 3.69506e-06 8.22201e-05 0.00107878 0.00834714 0.0381076 0.102895 0.166156 0.168592 0.128752 0.104023 0.0961936 0.0834763 0.0587241 0.0298664 0.0104397 0.00262703 0.000530723 9.03974e-05 1.20736e-05 1.1499e-06 7.3906e-08 3.12078e-09
 1.19162e-11 1.29339e-09 8.27771e-08 3.12376e-06 6.95087e-05 0.000912049 0.0070587 0.0322599 0.0875257 0.144331 0.158777 0.148628 0.143089 0.120568 0.0784299 0.0431479 0.0219306 0.00945287 0.00302954 0.000672695 0.000102248 1.09204e-05 8.44575e-07 4.7075e-08 1.81554e-09
 1.64256e-11 1.78285e-09 1.14102e-07 4.30586e-06 9.58113e-05 0.00125711 0.00972708 0.0444082 0.1199 0.193428 0.19482 0.143073 0.103015 0.0792342 0.0553514 0.0325927 0.0154164 0.00563598 0.00161185 0.000361395 6.00076e-05 6.87591e-06 5.22057e-07 2.59799e-08 8.50449e-10
 1.34939e-11 1.46464e-09 9.37367e-08 3.53735e-06 7.87119e-05 0.00103281 0.00799344 0.0365314 0.0990767 0.162882 0.176202 0.156125 0.138568 0.108499 0.0645131 0.0303875 0.0123718 0.00428033 0.00117165 0.000241827 3.66439e-05 3.97807e-06 2.99367e-07 1.50364e-08 4.88283e-10
 1.42927e-11 1.55134e-09 9.92856e-08 3.74675e-06 8.33711e-05 0.00109394 0.00846606 0.0386809 0.104768 0.171182 0.180653 0.150114 0.125216 0.0997206 0.0654517 0.034573 0.0143284 0.00443766 0.0010216 0.000179547 2.40837e-05 2.36952e-06 1.63231e-07 7.60239e-09 2.33255e-10
 1.42393e-11 1.54555e-09 9.89149e-08 3.73276e-06 8.30603e-05 0.00108988 0.00843522 0.0385498 0.10451 0.171311 0.182483 0.154024 0.128502 0.099223 0.061953 0.0314229 0.013029 0.00419085 0.000996033 0.000170524 2.07126e-05 1.76877e-06 1.05365e-07 4.31257e-09 1.18445e-10
 1.28672e-11 1.39662e-09 8.93837e-08 3.37309e-06 7.50579e-05 0.00098492 0.00762428 0.034869 0.0947979 0.157039 0.173138 0.157318 0.140601 0.11108 0.0691368 0.0343359 0.0136711 0.00418803 0.000957241 0.000160501 1.92332e-05 1.59459e-06 8.90946e-08 3.29823e-09 8.00071e-11
 1.41716e-11 1.5382e-09 9.84447e-08 3.71503e-06 8.26663e-05 0.00108474 0.00839626 0.0383839 0.10416 0.171154 0.183049 0.154369 0.12741 0.0984901 0.0629637 0.0324254 0.0130711 0.00393619 0.000865712 0.000137962 1.56712e-05 1.23698e-06 6.61031e-08 2.33679e-09 5.35859e-11
 1.35769e-11 1.47365e-09 9.43135e-08 3.55914e-06 7.91986e-05 0.00103929 0.00804583 0.0368057 0.100113 0.165854 0.181753 0.16047 0.136152 0.102566 0.0615893 0.0296896 0.0115147 0.00343578 0.000755621 0.000119025 1.30964e-05 9.84137e-07 4.9569e-08 1.64581e-09 3.54536e-11
 1.1402e-11 1.23758e-09 7.92053e-08 2.98902e-06 6.65141e-05 0.00087293 0.00676077 0.0309752 0.0847344 0.143203 0.166474 0.164258 0.153661 0.121128 0.0741995 0.0356733 0.0133436 0.00374566 0.000772109 0.000115362 1.22021e-05 8.85554e-07 4.2871e-08 1.35513e-09 2.75277e-11
 9.21879e-12 1.00062e-09 6.40397e-08 2.41673e-06 5.37813e-05 0.000705931 0.00547034 0.0251119 0.069171 0.119608 0.147886 0.161427 0.16498 0.139813 0.0927688 0.0478995 0.0186235 0.00525387 0.00105852 0.000150994 1.50172e-05 1.02024e-06 4.63731e-08 1.38271e-09 2.65616e-11
 1.21497e-11 1.31874e-09 8.43996e-08 3.18504e-06 7.08762e-05 0.000930168 0.00720342 0.0329857 0.0899949 0.15033 0.167857 0.152899 0.136383 0.113638 0.0793764 0.043717 0.0179949 0.00532774 0.00111093 0.000160247 1.56861e-05 1.02412e-06 4.3963e-08 1.22512e-09 2.18951e-11
 1.17354e-11 1.27377e-09 8.1522e-08 3.07648e-06 6.84632e-05 0.000898624 0.00696241 0.0319334 0.087592 0.148781 0.173258 0.16714 0.14888 0.112843 0.0687414 0.0341565 0.0136067 0.00410206 0.000886447 0.000132 1.31628e-05 8.60883e-07 3.63605e-08 9.79744e-10 1.66757e-11
 1.24846e-11 1.35509e-09 8.67264e-08 3.27289e-06 7.28342e-05 0.000955993 0.00740659 0.0339613 0.0930247 0.157069 0.179314 0.166278 0.143236 0.107783 0.0651842 0.0308505 0.0111558 0.00301289 0.000598166 8.50752e-05 8.34109e-06 5.42965e-07 2.2817e-08 6.07421e-10 1.01152e-11
 1.16931e-11 1.26918e-09 8.12284e-08 3.06545e-06 6.82212e-05 0.000895585 0.00694205 0.031882 0.0877625 0.150319 0.177467 0.172452 0.151678 0.112041 0.0652636 0.0296989 0.0103245 0.00264613 0.000487064 6.31498e-05 5.64855e-06 3.40432e-07 1.34919e-08 3.43753e-10 5.52504e-12
 1.20723e-11 1.31034e-09 8.38627e-08 3.16488e-06 7.04349e-05 0.000924674 0.00716793 0.0329201 0.0905788 0.15468 0.180555 0.171373 0.147756 0.10897 0.0637929 0.0287368 0.00965866 0.00235216 0.000407131 4.91979e-05 4.06097e-06 2.23918e-07 8.08808e-09 1.88251e-10 2.7832e-12
 1.27972e-11 1.38902e-09 8.8899e-08 3.35497e-06 7.46663e-05 0.000980257 0.00759926 0.0349022 0.0959896 0.163411 0.18831 0.173037 0.142573 0.100778 0.0569283 0.0249214 0.00818377 0.00194332 0.00032448 3.7265e-05 2.88391e-06 1.47572e-07 4.91034e-09 1.0471e-10 1.41314e-12
 1.21165e-11 1.31514e-09 8.4171e-08 3.17661e-06 7.07024e-05 0.000928424 0.00720224 0.0331431 0.0916565 0.15831 0.188104 0.179647 0.15 0.103442 0.0556022 0.0229218 0.00709175 0.00159463 0.000253233 2.76886e-05 2.03382e-06 9.81582e-08 3.05704e-09 6.05706e-11 7.54921e-13
 1.27849e-11 1.38769e-09 8.88146e-08 3.35188e-06 7.46038e-05 0.00097966 0.00759924 0.0349563 0.0964936 0.165511 0.192736 0.177536 0.143735 0.0982537 0.0527702 0.021415 0.00636497 0.00134887 0.000199996 2.03808e-05 1.39781e-06 6.31246e-08 1.84077e-09 3.41126e-11 3.96675e-13
 1.20759e-11 1.31074e-09 8.38908e-08 3.16618e-06 7.04784e-05 0.000925775 0.00718758 0.0331435 0.0920907 0.160523 0.192914 0.184224 0.150417 0.100051 0.0514092 0.0199732 0.00571833 0.00116733 0.000165251 1.58721e-05 1.01478e-06 4.24488e-08 1.14408e-09 1.9601e-11 2.10964e-13
 1.21631e-11 1.32022e-09 8.44979e-08 3.18916e-06 7.09934e-05 0.000932653 0.00724292 0.0334162 0.0929203 0.162007 0.194116 0.183895 0.149202 0.0993132 0.05093 0.0194161 0.00534573 0.00103616 0.000138614 1.25621e-05 7.55992e-07 2.96321e-08 7.44113e-10 1.18152e-11 1.17392e-13
 1.08413e-11 1.17676e-09 7.53183e-08 2.84292e-06 6.32999e-05 0.000832083 0.00647247 0.0299926 0.0843502 0.151049 0.190305 0.191242 0.16009 0.106138 0.0532658 0.0197765 0.00529139 0.000991052 0.00012686 1.08841e-05 6.15011e-07 2.25223e-08 5.26999e-10 7.78284e-12 7.179e-14
 1.09278e-11 1.18615e-09 7.59202e-08 2.86572e-06 6.38115e-05 0.000838911 0.00652699 0.0302523 0.0850553 0.151907 0.189912 0.189069 0.158569 0.106817 0.0544312 0.0201841 0.00528693 0.000955709 0.000117107 9.56445e-06 5.11729e-07 1.76441e-08 3.86587e-10 5.32131e-12 4.55923e-14
 1.12403e-11 1.22007e-09 7.8093e-08 2.94787e-06 6.56474e-05 0.000863249 0.00671961 0.0311735 0.0877591 0.156785 0.194893 0.190434 0.155097 0.101457 0.0505461 0.0184637 0.00477949 0.000850519 0.000101593 7.9931e-06 4.07673e-07 1.32956e-08 2.7404e-10 3.53415e-12 2.8276e-14
#pred catch len freq
 9.74193e-12 1.05739e-09 6.7673e-08 2.55377e-06 5.68249e-05 0.00074559 0.00576948 0.0263519 0.0713476 0.116956 0.127575 0.122038 0.128101 0.120419 0.0891517 0.0594965 0.0399603 0.0266748 0.0181239 0.0129479 0.00994064 0.00832408 0.00720959 0.00556054 0.00324654
 7.50003e-12 8.14056e-10 5.20995e-08 1.96608e-06 4.37483e-05 0.000574036 0.00444286 0.0203132 0.0552801 0.0928899 0.111832 0.13242 0.163236 0.158568 0.111876 0.0662369 0.037373 0.0197142 0.010076 0.00549933 0.00336347 0.00234767 0.00180828 0.00132943 0.000773549
 1.07787e-11 1.16992e-09 7.4875e-08 2.82555e-06 6.28723e-05 0.000824933 0.00638329 0.0291518 0.0788783 0.128899 0.13875 0.128323 0.130961 0.123849 0.0950734 0.0648651 0.0395686 0.0197844 0.00834678 0.0033337 0.00140414 0.000693939 0.000419379 0.00027245 0.000151486
 1.12433e-11 1.22035e-09 7.81023e-08 2.94734e-06 6.55824e-05 0.000860494 0.00665859 0.0304121 0.0823296 0.134869 0.146683 0.139079 0.143636 0.130254 0.0876292 0.0486001 0.0260202 0.0132503 0.00602796 0.00237249 0.000809999 0.000265478 0.000101045 4.83271e-05 2.35207e-05
 9.11673e-12 9.89533e-10 6.333e-08 2.38988e-06 5.31784e-05 0.000697759 0.00539995 0.0246779 0.0670047 0.111361 0.128507 0.139832 0.162106 0.15279 0.103375 0.0563401 0.0281745 0.012447 0.00475301 0.00168757 0.000562364 0.000166359 4.45065e-05 1.26918e-05 4.30359e-06
 1.07196e-11 1.16351e-09 7.44644e-08 2.81006e-06 6.25276e-05 0.000820414 0.00634849 0.0289968 0.0785124 0.128731 0.140554 0.134738 0.141439 0.131905 0.094807 0.058176 0.0322742 0.0147852 0.00545825 0.00173118 0.000492447 0.000127528 2.99315e-05 6.33222e-06 1.31126e-06
 1.20552e-11 1.30848e-09 8.37426e-08 3.16019e-06 7.03185e-05 0.00092263 0.00713918 0.032602 0.0881873 0.143897 0.153872 0.139512 0.137907 0.123364 0.0833027 0.0464837 0.0243537 0.0115163 0.00466685 0.00160659 0.000458818 0.000108562 2.19236e-05 3.86282e-06 5.99576e-07
 1.29353e-11 1.404e-09 8.98559e-08 3.39089e-06 7.54517e-05 0.000989977 0.00766014 0.0349772 0.0945587 0.153864 0.162528 0.142355 0.135256 0.118034 0.0770548 0.0402528 0.0193632 0.00840522 0.00315211 0.00105611 0.000314647 7.90087e-05 1.60188e-05 2.59096e-06 3.39099e-07
 1.20257e-11 1.30528e-09 8.35375e-08 3.15245e-06 7.01462e-05 0.000920373 0.00712186 0.0325261 0.0880256 0.143985 0.155588 0.144967 0.146614 0.129842 0.0825323 0.0401146 0.0175078 0.00692615 0.00233134 0.000687254 0.000183695 4.38331e-05 8.97217e-06 1.49037e-06 1.91736e-07
 1.25263e-11 1.35961e-09 8.70148e-08 3.28367e-06 7.30661e-05 0.000958679 0.0074181 0.0338749 0.0916192 0.149406 0.159336 0.143341 0.140133 0.1234 0.0800973 0.0409244 0.0187832 0.00744946 0.00236901 0.000628592 0.000147364 3.06566e-05 5.6004e-06 8.75912e-07 1.11458e-07
 1.22884e-11 1.33379e-09 8.53624e-08 3.22131e-06 7.16786e-05 0.000940476 0.00727733 0.0332341 0.0899137 0.146848 0.15764 0.144349 0.143567 0.126682 0.0811237 0.0401926 0.0179135 0.00710574 0.00232468 0.000633355 0.000145575 2.78422e-05 4.46313e-06 6.06642e-07 6.89848e-08
 1.23411e-11 1.33951e-09 8.57283e-08 3.23512e-06 7.19859e-05 0.000944508 0.00730851 0.033376 0.090291 0.147411 0.157998 0.144078 0.142742 0.125945 0.0809938 0.0404886 0.0181547 0.00713794 0.00227937 0.000606573 0.00013906 2.68393e-05 4.23189e-06 5.3586e-07 5.41315e-08
 1.27327e-11 1.38201e-09 8.84486e-08 3.33778e-06 7.427e-05 0.000974475 0.00754026 0.0344315 0.0931069 0.151691 0.161112 0.143303 0.138399 0.121273 0.078606 0.0401758 0.018541 0.00747414 0.00244465 0.000663219 0.000152448 2.91263e-05 4.55897e-06 5.75015e-07 5.67929e-08
 1.17377e-11 1.27401e-09 8.15366e-08 3.07694e-06 6.84662e-05 0.000898331 0.00695138 0.0317494 0.0859493 0.140795 0.153101 0.144999 0.148992 0.132754 0.0845597 0.041156 0.0179309 0.00700886 0.00228037 0.000623987 0.000145649 2.82436e-05 4.4481e-06 5.58792e-07 5.47485e-08
 1.00832e-11 1.09444e-09 7.00439e-08 2.64324e-06 5.8816e-05 0.000771724 0.00597212 0.0272871 0.0740106 0.122376 0.138341 0.143857 0.160589 0.14793 0.0963273 0.0485293 0.0218531 0.00853835 0.00267339 0.000691918 0.000155238 2.97692e-05 4.72107e-06 6.00028e-07 5.9208e-08
 1.03784e-11 1.12647e-09 7.20941e-08 2.72061e-06 6.05374e-05 0.000794308 0.00614675 0.0280816 0.0761205 0.125502 0.140213 0.141967 0.155324 0.14309 0.0950879 0.0501413 0.0237841 0.00960843 0.00306593 0.000797236 0.000175039 3.20736e-05 4.85784e-06 6.01893e-07 5.91541e-08
 1.21488e-11 1.31863e-09 8.43923e-08 3.18471e-06 7.0864e-05 0.000929789 0.00719462 0.0328561 0.0888869 0.145138 0.155659 0.142226 0.141446 0.125869 0.0828892 0.0435907 0.0207857 0.00858229 0.0028621 0.000788091 0.0001812 3.38961e-05 5.09297e-06 6.11141e-07 5.77493e-08
 1.2443e-11 1.35057e-09 8.64361e-08 3.26183e-06 7.25801e-05 0.000952305 0.00736881 0.0336509 0.0910284 0.148563 0.158991 0.144377 0.142357 0.125156 0.0799979 0.0395571 0.0176401 0.00705919 0.00236095 0.000667205 0.000160247 3.16639e-05 5.0077e-06 6.19642e-07 5.8714e-08
 1.24875e-11 1.3554e-09 8.67454e-08 3.27351e-06 7.28399e-05 0.000955714 0.00739522 0.0337722 0.0913655 0.149186 0.159995 0.146084 0.144631 0.12658 0.0792462 0.0372445 0.0154174 0.0057183 0.00175367 0.000451975 0.000102426 2.00774e-05 3.26522e-06 4.22783e-07 4.19406e-08
 1.23219e-11 1.33743e-09 8.55951e-08 3.23009e-06 7.1874e-05 0.000943041 0.0072972 0.0333253 0.0901673 0.147317 0.158394 0.14563 0.145285 0.1278 0.0806569 0.038543 0.0162362 0.00600948 0.00178352 0.000429975 8.89502e-05 1.58599e-05 2.40153e-06 3.02426e-07 3.03757e-08
 1.2908e-11 1.40104e-09 8.96666e-08 3.38374e-06 7.52928e-05 0.000987894 0.00764411 0.034906 0.0943947 0.153824 0.163539 0.145803 0.140828 0.122207 0.0766218 0.0362896 0.0151361 0.00558211 0.00166088 0.00040018 8.11077e-05 1.37064e-05 1.9072e-06 2.1854e-07 2.03527e-08
 1.30153e-11 1.41269e-09 9.0412e-08 3.41187e-06 7.59187e-05 0.000996107 0.00770765 0.0351961 0.095178 0.155091 0.16484 0.146826 0.141525 0.122197 0.0754845 0.0345006 0.0136923 0.00486325 0.00141148 0.000332923 6.64141e-05 1.10938e-05 1.51106e-06 1.65254e-07 1.42908e-08
 1.31984e-11 1.43256e-09 9.16837e-08 3.45986e-06 7.69865e-05 0.00101012 0.007816 0.0356895 0.0964937 0.157087 0.16627 0.146392 0.139396 0.119985 0.0744878 0.0345325 0.0139515 0.00498083 0.00142568 0.000326622 6.30525e-05 1.02538e-05 1.36903e-06 1.47186e-07 1.24327e-08
 1.38106e-11 1.49901e-09 9.59362e-08 3.62033e-06 8.05572e-05 0.00105696 0.00817835 0.0373409 0.100915 0.163934 0.171885 0.147239 0.135756 0.114818 0.0699924 0.0312413 0.0119663 0.00411398 0.00115685 0.000261617 4.95487e-05 7.82767e-06 1.00855e-06 1.04808e-07 8.61613e-09
 1.368e-11 1.48484e-09 9.50294e-08 3.58611e-06 7.97958e-05 0.00104697 0.0081011 0.0369893 0.09998 0.162536 0.170984 0.147874 0.137778 0.116759 0.0706336 0.0308205 0.0113676 0.0037629 0.00101802 0.000219345 3.9603e-05 6.04823e-06 7.59675e-07 7.67756e-08 6.10754e-09
 1.34086e-11 1.45537e-09 9.31436e-08 3.51495e-06 7.82124e-05 0.0010262 0.00794044 0.0362575 0.0980262 0.159555 0.168755 0.148219 0.140493 0.11979 0.0723434 0.0312855 0.0113462 0.00367743 0.000966016 0.000198476 3.36726e-05 4.82504e-06 5.71607e-07 5.50408e-08 4.22027e-09
 1.27946e-11 1.38873e-09 8.88784e-08 3.354e-06 7.4631e-05 0.000979212 0.007577 0.034601 0.0935897 0.152673 0.163058 0.147192 0.143875 0.124802 0.0769472 0.0348554 0.0135608 0.00464251 0.00125517 0.000262269 4.46881e-05 6.28461e-06 7.12768e-07 6.47194e-08 4.67145e-09
 1.20388e-11 1.30669e-09 8.36283e-08 3.15587e-06 7.02225e-05 0.000921376 0.00712968 0.0325631 0.0881444 0.144328 0.156643 0.14757 0.150532 0.132589 0.0818286 0.0368586 0.0142407 0.00488498 0.00134409 0.000290392 5.13953e-05 7.4261e-06 8.50871e-07 7.65016e-08 5.34738e-09
#obs catch len freq
 9.75174e-12 1.05846e-09 6.77413e-08 2.55635e-06 5.68825e-05 0.000746355 0.00577573 0.0263872 0.0715211 0.117767 0.130457 0.128802 0.139175 0.135309 0.105293 0.069997 0.0401955 0.0188324 0.0070389 0.00208078 0.000473093 7.98387e-05 9.66786e-06 8.13693e-07 4.62585e-08
 1.00403e-11 1.08978e-09 6.97457e-08 2.63199e-06 5.85657e-05 0.000768444 0.00594678 0.0271705 0.0736596 0.121343 0.134367 0.131717 0.140084 0.133949 0.102385 0.066469 0.0370745 0.0168094 0.00604935 0.00171099 0.000369764 5.89098e-05 6.68985e-06 5.2496e-07 2.76923e-08
 7.11693e-12 7.72476e-10 4.94384e-08 1.86566e-06 4.15143e-05 0.000544744 0.00421684 0.0192928 0.0526388 0.0892239 0.109563 0.131461 0.16119 0.160135 0.122576 0.0786598 0.0428953 0.0188501 0.00652441 0.00176168 0.000361061 5.4224e-05 5.77213e-06 4.22478e-07 2.0699e-08
 1.75479e-11 1.90466e-09 1.21898e-07 4.60004e-06 0.000102357 0.00134296 0.0103903 0.047416 0.127789 0.204599 0.200034 0.133989 0.0842131 0.0643995 0.0521544 0.0377502 0.0218891 0.00964899 0.00324888 0.000839716 0.000163073 2.30355e-05 2.29355e-06 1.56337e-07 7.10889e-09
 7.47789e-12 8.11655e-10 5.19459e-08 1.96029e-06 4.36206e-05 0.000572423 0.00443242 0.0203054 0.0557037 0.0964194 0.125532 0.160871 0.19388 0.17036 0.100435 0.04389 0.0175004 0.00691205 0.00237662 0.000626393 0.000119522 1.61166e-05 1.50737e-06 9.57145e-08 4.03551e-09
 1.31446e-11 1.42672e-09 9.131e-08 3.44576e-06 7.6673e-05 0.00100601 0.0077845 0.0355471 0.0960765 0.155789 0.160644 0.128556 0.110583 0.105081 0.0909753 0.0628744 0.0311823 0.0106138 0.00260183 0.000510077 8.34778e-05 1.06114e-05 9.55967e-07 5.78598e-08 2.292e-09
 1.11128e-11 1.20619e-09 7.71963e-08 2.91316e-06 6.48229e-05 0.000850588 0.00658377 0.0301037 0.0818357 0.13599 0.153447 0.150865 0.150255 0.127092 0.082303 0.045005 0.0225203 0.00943896 0.00291822 0.000622482 9.0636e-05 9.23524e-06 6.76994e-07 3.55163e-08 1.28266e-09
 1.5842e-11 1.7195e-09 1.10048e-07 4.15287e-06 9.24073e-05 0.00121246 0.00938204 0.0428411 0.115757 0.1873 0.190692 0.144236 0.107986 0.0843632 0.058711 0.0340788 0.0157703 0.00561891 0.00155872 0.000336127 5.32399e-05 5.78877e-06 4.15591e-07 1.94875e-08 5.98567e-10
 1.2973e-11 1.4081e-09 9.01183e-08 3.4008e-06 7.56739e-05 0.000992975 0.00768586 0.035139 0.0954394 0.157744 0.173507 0.158653 0.143755 0.112312 0.0661267 0.0307763 0.0123003 0.00414172 0.00109573 0.000217264 3.14349e-05 3.23796e-06 2.29897e-07 1.08491e-08 3.30056e-10
 1.38576e-11 1.50411e-09 9.62629e-08 3.63268e-06 8.08335e-05 0.00106066 0.00820918 0.0375185 0.101735 0.166904 0.17839 0.152144 0.129556 0.103187 0.0670321 0.0347827 0.0140518 0.00422305 0.000940229 0.000158908 2.03444e-05 1.89755e-06 1.23257e-07 5.38897e-09 1.54649e-10
 1.39047e-11 1.50922e-09 9.65901e-08 3.64504e-06 8.11088e-05 0.0010643 0.00823792 0.0376601 0.102215 0.168205 0.181227 0.1562 0.132033 0.101515 0.0626659 0.0312519 0.0126369 0.00393623 0.000900934 0.000147768 1.71092e-05 1.38567e-06 7.78648e-08 2.99096e-09 7.67748e-11
 1.26082e-11 1.36851e-09 8.75845e-08 3.3052e-06 7.35478e-05 0.000965136 0.00747197 0.0341862 0.0930714 0.154872 0.172776 0.159766 0.143628 0.112513 0.0690816 0.0336639 0.0130526 0.0038702 0.000851604 0.000136622 1.55708e-05 1.22168e-06 6.43285e-08 2.23575e-09 5.07321e-11
 1.39841e-11 1.51785e-09 9.71421e-08 3.66588e-06 8.15733e-05 0.00107042 0.00828621 0.0378928 0.102936 0.169701 0.183061 0.15648 0.129802 0.0995172 0.0626976 0.0316039 0.0123756 0.00360031 0.000761211 0.000115949 1.25152e-05 9.33813e-07 4.69619e-08 1.55655e-09 3.33666e-11
 1.34578e-11 1.46072e-09 9.34864e-08 3.52793e-06 7.85049e-05 0.00103022 0.00797653 0.0365024 0.0994065 0.165259 0.182566 0.162743 0.137885 0.102612 0.0606485 0.028629 0.0107878 0.00310603 0.000655278 9.84485e-05 1.02771e-05 7.29259e-07 3.45389e-08 1.07432e-09 2.1613e-11
 1.13274e-11 1.22948e-09 7.86874e-08 2.96949e-06 6.60805e-05 0.000867284 0.00671819 0.030797 0.0843875 0.143261 0.168026 0.166933 0.155216 0.1206 0.0725758 0.0340786 0.0123599 0.00334516 0.000661275 9.41694e-05 9.43695e-06 6.45682e-07 2.9353e-08 8.68422e-10 1.64652e-11
 9.20348e-12 9.98954e-10 6.39335e-08 2.41274e-06 5.36937e-05 0.000704834 0.00546314 0.0250972 0.0692762 0.120416 0.150165 0.164466 0.16657 0.139033 0.090481 0.0454937 0.0171052 0.00464242 0.000895277 0.000121556 1.14447e-05 7.32507e-07 3.12353e-08 8.70692e-10 1.55935e-11
 1.21803e-11 1.32206e-09 8.46122e-08 3.19308e-06 7.10561e-05 0.000932571 0.00722304 0.0330893 0.0903833 0.151418 0.169966 0.155332 0.137635 0.11302 0.0773323 0.0413984 0.0164498 0.00467521 0.00093067 0.000127476 1.17928e-05 7.24592e-07 2.91629e-08 7.59418e-10 1.26468e-11
 1.1813e-11 1.2822e-09 8.20613e-08 3.09686e-06 6.8918e-05 0.000904651 0.00701045 0.0321712 0.0883698 0.15057 0.176054 0.169525 0.149049 0.111008 0.0663359 0.0321346 0.01237 0.00357518 0.000735827 0.000103787 9.75883e-06 5.99555e-07 2.37106e-08 5.96554e-10 9.45815e-12
 1.25932e-11 1.36688e-09 8.7481e-08 3.30139e-06 7.34699e-05 0.000964398 0.00747304 0.0342827 0.0940205 0.159157 0.182246 0.168535 0.143194 0.105677 0.0624641 0.0287201 0.0100255 0.00259853 0.000491793 6.6213e-05 6.11011e-06 3.72809e-07 1.46402e-08 3.63358e-10 5.63036e-12
 1.18366e-11 1.28475e-09 8.22254e-08 3.10311e-06 6.90611e-05 0.000906685 0.00702969 0.0323037 0.089048 0.152915 0.18088 0.174741 0.15115 0.109352 0.0622131 0.027477 0.00920374 0.00225882 0.000395812 4.85686e-05 4.08882e-06 2.30833e-07 8.537e-09 2.02415e-10 3.02171e-12
 1.22426e-11 1.32883e-09 8.50466e-08 3.20959e-06 7.14321e-05 0.000937843 0.00727164 0.0334152 0.0920581 0.157549 0.18411 0.173582 0.147074 0.106094 0.060532 0.0264064 0.00853851 0.00198888 0.000327347 3.73954e-05 2.90301e-06 1.49888e-07 5.05132e-09 1.09364e-10 1.50044e-12
 1.29961e-11 1.41061e-09 9.0281e-08 3.40716e-06 7.58303e-05 0.000995623 0.00772007 0.0354758 0.0976761 0.166565 0.191953 0.174941 0.141416 0.0976372 0.0537038 0.0227466 0.00717614 0.00162702 0.000257902 2.79673e-05 2.03396e-06 9.74107e-08 3.02318e-09 5.99596e-11 7.50883e-13
 1.23346e-11 1.33882e-09 8.56868e-08 3.23387e-06 7.19799e-05 0.000945305 0.00733521 0.0337767 0.093527 0.161806 0.192065 0.181502 0.148392 0.0998344 0.0522046 0.0208082 0.00618058 0.00132573 0.000199637 2.05854e-05 1.41932e-06 6.40565e-08 1.8598e-09 3.42647e-11 3.96266e-13
 1.30249e-11 1.41374e-09 9.04826e-08 3.41489e-06 7.60094e-05 0.000998224 0.00774525 0.0356484 0.0985106 0.16918 0.196715 0.179247 0.141995 0.0945345 0.0492756 0.0192917 0.00549685 0.00111031 0.000156009 1.49825e-05 9.63733e-07 4.06608e-08 1.10442e-09 1.90182e-11 2.05109e-13
 1.23313e-11 1.33847e-09 8.56665e-08 3.23327e-06 7.1976e-05 0.000945581 0.00734378 0.0338874 0.094272 0.164502 0.19716 0.18583 0.148233 0.0959748 0.0478466 0.0179225 0.00491273 0.000954318 0.000127849 1.15626e-05 6.93013e-07 2.70739e-08 6.79373e-10 1.08096e-11 1.07837e-13
 1.24359e-11 1.34983e-09 8.63939e-08 3.2608e-06 7.2593e-05 0.000953812 0.00740976 0.0342096 0.0952345 0.166177 0.19848 0.185488 0.146913 0.0950405 0.0471885 0.0173137 0.00455907 0.000840274 0.00010629 9.06116e-06 5.1071e-07 1.86827e-08 4.3664e-10 6.4378e-12 5.92823e-14
 1.11233e-11 1.20737e-09 7.72786e-08 2.91703e-06 6.49561e-05 0.000854039 0.00664637 0.0308263 0.0868119 0.155548 0.195052 0.192932 0.157512 0.101474 0.0492823 0.0175925 0.00449552 0.000799457 9.66519e-05 7.79436e-06 4.12257e-07 1.40831e-08 3.06533e-10 4.20156e-12 3.5906e-14
 1.12223e-11 1.21812e-09 7.79681e-08 2.94315e-06 6.55422e-05 0.00086186 0.0067087 0.0311219 0.0876108 0.15654 0.194782 0.190895 0.156063 0.101987 0.0501804 0.0178579 0.00446211 0.000765143 8.84634e-05 6.78447e-06 3.39491e-07 1.09126e-08 2.22327e-10 2.83965e-12 2.25366e-14
#spawning biomass
 11704 12395.2 12665.6 16319.9 18486.4 19858.4 25899.2 38318.8 48767.2 61415.1 77115.4 94342.4 131538 156345 150779 114357 103423 118583 117966 124512 126261 128706 143078 147947 156998 153642 164200 143646 152081 238183 235067 198142 157451 123735 99117.5 82441.6 71689.9 64992.8 60923.4 58495.7 57067 56234.4 55751.1 55471 55313.6 55225.1 55175.4 55147.5 55131.7 55122.9 55118 55115.2 55113.6 55112.7 55112.2 55111.9 55111.8 55111.7 55111.6 55111.6 55111.6 55111.6 55111.6 55111.6 55111.6 55111.6 55111.6 55111.6 55111.6 55111.6 55111.6 55111.6 55111.6 55111.6 55111.6 55111.6 55111.6 55111.6 55111.6 55111.6 55111.6 55111.6 55111.6 55111.6 55111.6 55111.6 55111.6 55111.6 55111.6 55111.6 55111.6 55111.6 55111.6 55111.6 55111.6 55111.6 55111.6 55111.6 55111.6 55111.6 55111.6 55111.6 55111.6 55111.6 55111.6 55111.6 55111.6 55111.6 55111.6 55111.6 55111.6 55111.6 55111.6 55111.6 55111.6 55111.6 55111.6 55111.6 55111.6 55111.6 55111.6 55111.6 55111.6 55111.6 55111.6 55111.6 55111.6 55111.6 0 0 0 0 0 0 0 0 0 0 0 0 0 0 0 0 0 0 0 0 0 0 0 0 0
