SBPRF35
27.396
Curr Bio
183060
B35
4.61384e+07
F35
0.0245828
FOFL
0
OFL
0
Bzero
7.82743e+06
#pred survey bio
 19333.1 23138.7 19300.9 21363.5 34285.2 46946.5 64900.1 99225.5 123331 155722 175818 214903 268872 250315 269504 270383 291987 264895 275010 245106 224321 252116 275113 298656 300273 257259 250780 218429 4.65031e+06 9.14709e+06 1.45501e+07 1.99384e+07 2.49462e+07 2.9386e+07 3.32037e+07 3.64227e+07 3.91052e+07 4.13268e+07 4.31641e+07 4.46869e+07 4.59558e+07 4.70216e+07 4.78437e+07 4.81869e+07 4.85239e+07 4.88541e+07 4.91774e+07 4.94936e+07 4.98027e+07 5.01047e+07 5.03996e+07 5.06877e+07 5.09689e+07 5.12435e+07 5.15116e+07 5.17733e+07 5.20288e+07 5.22784e+07 5.2522e+07 5.27599e+07 5.29923e+07 5.32193e+07 5.3441e+07 5.36576e+07 5.38693e+07 5.40761e+07 5.42782e+07 5.44757e+07 5.46688e+07 5.48576e+07 5.50422e+07 5.52227e+07 5.53992e+07 5.55719e+07 5.57408e+07 5.59061e+07 5.60678e+07 5.6226e+07 5.63809e+07 5.65326e+07 5.6681e+07 5.68264e+07 5.69687e+07 5.71081e+07 5.72447e+07 5.73785e+07 5.75096e+07 5.76381e+07 5.7764e+07 5.78874e+07 5.80084e+07 5.81271e+07 5.82434e+07 5.83575e+07 5.84695e+07 5.85793e+07 5.8687e+07 5.87927e+07 5.88965e+07 5.89984e+07 5.90984e+07 5.91965e+07 5.9293e+07 5.93877e+07 5.94807e+07 5.95721e+07 5.96619e+07 5.97501e+07 5.98368e+07 5.9922e+07 6.00058e+07 6.00882e+07 6.01693e+07 6.02489e+07 6.03273e+07 6.04044e+07 6.04803e+07 6.05549e+07 6.06284e+07 6.07007e+07 6.07719e+07 6.0842e+07 6.0911e+07 6.09789e+07 6.10459e+07 6.11118e+07 6.11768e+07 6.12408e+07 0 0 0 0 0 0 0 0 0 0 0 0 0 0 0 0 0 0 0 0 0 0 0 0 0
#obs survey bio
 16970.2 20389.3 25101.4 20076.9 37995.6 45497 48395.6 81495.9 157789 151206 170755 126845 199726 208804 201714 288439 258350 219099 202642 230656 157254 109337 212453 405128 207573 224013 139216 143107
#pred catch bio
 9382.06 15901.1 12110 11817.4 24182.3 35627.1 45237.6 78001.2 94819.4 123494 138147 162664 224534 201855 225015 221405 250276 219824 236143 215797 189492 218510 241051 265088 274748 226334 226453 203156 0 10358.4 16820.1 23242.7 29242.8 34571.6 39149.5 42996.8 46185.1 48805.6 50951.7 52709.6 54154.4 55349.2 56248.9 56579.6 56900.1 57210.8 57511.8 57803.6 58086.4 58360.5 58626.1 58883.5 59133 59374.8 59609.1 59836.2 60056.3 60269.6 60476.4 60676.7 60870.9 61059.1 61241.5 61418.3 61589.6 61755.7 61916.6 62072.5 62223.7 62370.2 62512.1 62649.7 62783.1 62912.3 63037.6 63159 63276.6 63390.6 63501.1 63608.2 63712 63812.6 63910.1 64004.6 64096.2 64184.9 64270.9 64354.3 64435.1 64513.4 64589.3 64662.8 64734.1 64803.2 64870.1 64935 64997.9 65058.8 65117.9 65175.1 65230.6 65284.4 65336.5 65387 65435.9 65483.4 65529.3 65573.9 65617.1 65658.9 65699.5 65738.8 65776.9 65813.8 65849.6 65884.3 65917.9 65950.5 65982 66012.6 66042.3 66071 66098.9 66125.9 66152 66177.4 66202 66225.8 0 0 0 0 0 0 0 0 0 0 0 0 0 0 0 0 0 0 0 0 0 0 0 0 0
#obs catch bio
 14773.1 17138.9 14235.9 9398.25 19609.4 29701.8 39985 77809.7 91879.9 107781 125419 164582 208960 186659 233212 202742 250966 185899 226679 184879 178771 218972 226927 226298 258038 189479 202541 178530
#pred cpue bio
 14814.3 19715 14593.3 15834.1 20842.4 27383.9 32472.7 55362.4 62929.6 84472.1 96384.3 111957 152031 138297 146533 140998 153225 139101 143138 130250 104065 118315 120314 127889 131264 111783 116697 98151.1 1.7697e+06 8.96096e+06 1.44302e+07 1.98164e+07 2.48242e+07 2.92639e+07 3.30816e+07 3.63007e+07 3.89831e+07 4.12048e+07 4.30421e+07 4.45649e+07 4.58338e+07 4.68996e+07 4.77216e+07 4.80648e+07 4.84018e+07 4.8732e+07 4.90553e+07 4.93715e+07 4.96806e+07 4.99826e+07 5.02776e+07 5.05656e+07 5.08468e+07 5.11214e+07 5.13895e+07 5.16512e+07 5.19068e+07 5.21563e+07 5.23999e+07 5.26379e+07 5.28702e+07 5.30972e+07 5.33189e+07 5.35355e+07 5.37472e+07 5.3954e+07 5.41561e+07 5.43536e+07 5.45467e+07 5.47355e+07 5.49201e+07 5.51006e+07 5.52771e+07 5.54498e+07 5.56187e+07 5.5784e+07 5.59457e+07 5.6104e+07 5.62589e+07 5.64105e+07 5.65589e+07 5.67043e+07 5.68467e+07 5.69861e+07 5.71226e+07 5.72564e+07 5.73875e+07 5.7516e+07 5.76419e+07 5.77654e+07 5.78864e+07 5.8005e+07 5.81213e+07 5.82354e+07 5.83474e+07 5.84572e+07 5.85649e+07 5.86707e+07 5.87744e+07 5.88763e+07 5.89763e+07 5.90745e+07 5.91709e+07 5.92656e+07 5.93586e+07 5.945e+07 5.95398e+07 5.9628e+07 5.97147e+07 5.98e+07 5.98838e+07 5.99662e+07 6.00472e+07 6.01269e+07 6.02052e+07 6.02823e+07 6.03582e+07 6.04329e+07 6.05063e+07 6.05786e+07 6.06498e+07 6.07199e+07 6.07889e+07 6.08569e+07 6.09238e+07 6.09897e+07 6.10547e+07 6.11187e+07 0 0 0 0 0 0 0 0 0 0 0 0 0 0 0 0 0 0 0 0 0 0 0 0 0
#obs cpue bio
 26098 14780.2 15020.8 25285.9 30185.2 66464.1 46574.8 89732.6 60596.6 142152 137710 158920 333510 208281 183814 187674 184934 308323 228736 284169 164418 258243 217281 194323 234569 255496 315341 260015
#pred surv len freq
 1.18646e-11 1.28779e-09 8.24185e-08 3.11022e-06 6.92065e-05 0.000908039 0.00702621 0.0320846 0.0867664 0.141408 0.150416 0.134424 0.130928 0.116707 0.0794663 0.0459211 0.0265957 0.0157611 0.00968623 0.00640436 0.00465173 0.0037528 0.00318101 0.00242797 0.00141103
 8.18929e-12 8.88868e-10 5.68875e-08 2.14676e-06 4.77686e-05 0.000626779 0.00485072 0.0221699 0.0602222 0.100308 0.116767 0.129545 0.15326 0.148703 0.108124 0.0677653 0.04028 0.0218245 0.0110901 0.0057535 0.00325006 0.00210794 0.00154849 0.00111252 0.000641104
 1.1902e-11 1.29185e-09 8.26783e-08 3.12002e-06 6.94247e-05 0.000910899 0.00704828 0.0321839 0.0870145 0.141648 0.149918 0.132207 0.127534 0.115406 0.0831507 0.0529882 0.0328054 0.0187934 0.00971548 0.00456287 0.00203281 0.000961848 0.000536611 0.000330431 0.000179502
 1.17761e-11 1.27818e-09 8.18033e-08 3.08701e-06 6.86901e-05 0.000901267 0.00697402 0.0318509 0.0861988 0.141 0.152381 0.142037 0.143799 0.127753 0.0822101 0.0418927 0.0210446 0.0111657 0.00585726 0.0028426 0.00122552 0.00047946 0.000190245 8.59511e-05 3.97394e-05
 1.56832e-11 1.70226e-09 1.08944e-07 4.11122e-06 9.14797e-05 0.00120026 0.00928646 0.0423854 0.114344 0.184099 0.185347 0.139572 0.108823 0.0879161 0.0590976 0.0340959 0.0183746 0.00881926 0.0038263 0.00164021 0.000688018 0.000261907 8.85939e-05 2.88312e-05 9.77145e-06
 1.53189e-11 1.66272e-09 1.06414e-07 4.01573e-06 8.93552e-05 0.00117239 0.00907123 0.0414116 0.111833 0.181 0.186639 0.151851 0.13063 0.104602 0.057762 0.0195009 0.00392019 0.000471861 3.69405e-05 3.22127e-06 7.15002e-07 2.3027e-07 7.14986e-08 1.98236e-08 5.0052e-09
 1.71922e-11 1.86605e-09 1.19427e-07 4.50679e-06 0.000100282 0.00131574 0.0101799 0.0464621 0.125324 0.201633 0.202296 0.15024 0.113096 0.0845821 0.0458715 0.0154167 0.00308646 0.000365087 2.54756e-05 1.04858e-06 2.5478e-08 3.66822e-10 3.27425e-12 4.69392e-14 6.4294e-15
 1.5919e-11 1.72786e-09 1.10583e-07 4.17305e-06 9.28557e-05 0.00121832 0.00942641 0.0430296 0.116155 0.187611 0.191658 0.151344 0.125026 0.098198 0.0539504 0.0181812 0.00364191 0.000430845 3.00673e-05 1.23796e-06 3.01114e-08 4.34737e-10 3.78847e-12 2.10234e-14 8.47581e-17
 1.6982e-11 1.84323e-09 1.17966e-07 4.45169e-06 9.90556e-05 0.00129966 0.0100555 0.0458953 0.12381 0.199318 0.20054 0.150423 0.115066 0.0868304 0.0472055 0.0158732 0.00317814 0.000375927 2.62292e-05 1.07916e-06 2.61817e-08 3.74552e-10 3.16008e-12 1.57327e-14 4.63037e-17
 1.62737e-11 1.76635e-09 1.13046e-07 4.26602e-06 9.49244e-05 0.00124546 0.00963632 0.0439858 0.118709 0.191517 0.194622 0.151037 0.121703 0.0944051 0.0516998 0.0174111 0.00348712 0.000412499 2.87812e-05 1.18416e-06 2.87287e-08 4.1097e-10 3.46679e-12 1.72497e-14 5.06628e-17
 1.61431e-11 1.75218e-09 1.12139e-07 4.23179e-06 9.41627e-05 0.00123546 0.00955904 0.0436337 0.117769 0.190079 0.193531 0.15115 0.122926 0.0958016 0.0525284 0.0176946 0.00354408 0.000419241 2.92517e-05 1.20351e-06 2.91982e-08 4.17679e-10 3.52316e-12 1.75263e-14 5.14337e-17
 1.67505e-11 1.81811e-09 1.16359e-07 4.39101e-06 9.77055e-05 0.00128194 0.00991852 0.0452713 0.122143 0.196769 0.198606 0.150623 0.117235 0.0893058 0.0486742 0.0163757 0.00327911 0.000387878 2.70632e-05 1.11347e-06 2.70139e-08 3.86445e-10 3.26006e-12 1.62239e-14 4.768e-17
 1.5744e-11 1.70886e-09 1.09367e-07 4.12717e-06 9.18349e-05 0.00120492 0.00932283 0.0425577 0.114895 0.185683 0.190196 0.151496 0.126666 0.10007 0.0550609 0.0185612 0.00371818 0.000439849 3.06898e-05 1.2627e-06 3.06355e-08 4.38311e-10 3.69935e-12 1.84414e-14 5.45273e-17
 1.60449e-11 1.74152e-09 1.11457e-07 4.20605e-06 9.359e-05 0.00122795 0.00950092 0.043369 0.117062 0.188998 0.19271 0.151235 0.123847 0.0968517 0.0531515 0.0179078 0.00358692 0.000424311 2.96055e-05 1.21807e-06 2.95512e-08 4.22722e-10 3.56551e-12 1.77334e-14 5.20044e-17
 1.62452e-11 1.76326e-09 1.12848e-07 4.25854e-06 9.4758e-05 0.00124327 0.00961944 0.0439089 0.118504 0.191203 0.194383 0.151061 0.12197 0.0947101 0.0518808 0.017473 0.00349956 0.000413971 2.88839e-05 1.18838e-06 2.8831e-08 4.12422e-10 3.47871e-12 1.7303e-14 5.07563e-17
 1.67394e-11 1.8169e-09 1.16281e-07 4.3881e-06 9.76408e-05 0.00128109 0.00991194 0.0452413 0.122063 0.196646 0.198513 0.150633 0.117339 0.0894245 0.0487447 0.0163999 0.00328396 0.000388452 2.71031e-05 1.11511e-06 2.70534e-08 3.86991e-10 3.26413e-12 1.62344e-14 4.76078e-17
 1.66674e-11 1.80909e-09 1.15781e-07 4.36922e-06 9.72207e-05 0.00127558 0.00986932 0.0450472 0.121544 0.195853 0.197911 0.150695 0.118014 0.0901947 0.0492016 0.0165562 0.00331537 0.00039217 2.73626e-05 1.12579e-06 2.73124e-08 3.90696e-10 3.29538e-12 1.63899e-14 4.80641e-17
 1.66597e-11 1.80825e-09 1.15728e-07 4.3672e-06 9.71758e-05 0.00127499 0.00986477 0.0450264 0.121489 0.195768 0.197847 0.150702 0.118086 0.090277 0.0492505 0.0165729 0.00331873 0.000392568 2.73904e-05 1.12693e-06 2.73401e-08 3.91092e-10 3.29872e-12 1.64064e-14 4.81119e-17
 1.6761e-11 1.81925e-09 1.16432e-07 4.39377e-06 9.77668e-05 0.00128275 0.00992474 0.0452996 0.122219 0.196884 0.198693 0.150614 0.117136 0.0891934 0.0486075 0.0163529 0.00327453 0.000387336 2.70252e-05 1.11191e-06 2.69756e-08 3.85879e-10 3.25475e-12 1.61877e-14 4.74709e-17
 1.65211e-11 1.79321e-09 1.14765e-07 4.33088e-06 9.63675e-05 0.00126439 0.00978275 0.0446528 0.120491 0.194242 0.196689 0.150822 0.119384 0.0917591 0.0501299 0.0168738 0.00337919 0.000399723 2.78897e-05 1.14747e-06 2.78385e-08 3.98222e-10 3.35886e-12 1.67055e-14 4.89891e-17
 1.79375e-11 1.94695e-09 1.24604e-07 4.70218e-06 0.000104629 0.00137278 0.010621 0.0484716 0.130691 0.209842 0.208524 0.149594 0.106111 0.076611 0.0411419 0.0137983 0.00276128 0.000326585 2.2786e-05 9.37488e-07 2.27441e-08 3.25348e-10 2.74419e-12 1.36484e-14 4.00241e-17
 1.78302e-11 1.9353e-09 1.23859e-07 4.67405e-06 0.000104003 0.00136457 0.0105575 0.0481823 0.129918 0.20866 0.207627 0.149687 0.107117 0.0777585 0.0418228 0.0140313 0.00280809 0.000332126 2.31727e-05 9.53396e-07 2.313e-08 3.30868e-10 2.79075e-12 1.388e-14 4.07032e-17
 1.84546e-11 2.00307e-09 1.28196e-07 4.83773e-06 0.000107645 0.00141235 0.0109271 0.0498657 0.134415 0.215537 0.212844 0.149146 0.101266 0.0710808 0.0378607 0.0126755 0.0025357 0.000299885 2.09229e-05 8.60829e-07 2.08843e-08 2.98744e-10 2.51979e-12 1.25324e-14 3.67512e-17
 1.8627e-11 2.02178e-09 1.29393e-07 4.88291e-06 0.000108651 0.00142554 0.0110291 0.0503304 0.135656 0.217436 0.214284 0.148996 0.0996507 0.0692376 0.036767 0.0123013 0.00246052 0.000290986 2.03018e-05 8.35278e-07 2.02644e-08 2.89876e-10 2.445e-12 1.21604e-14 3.56604e-17
 1.8458e-11 2.00343e-09 1.2822e-07 4.83861e-06 0.000107665 0.00141261 0.0109291 0.0498748 0.134439 0.215574 0.212872 0.149143 0.101234 0.0710449 0.0378394 0.0126682 0.00253424 0.000299712 2.09108e-05 8.60331e-07 2.08722e-08 2.98571e-10 2.51833e-12 1.25251e-14 3.673e-17
 1.8508e-11 2.00887e-09 1.28567e-07 4.85173e-06 0.000107957 0.00141644 0.0109587 0.0500097 0.134799 0.216126 0.21329 0.1491 0.100765 0.0705097 0.0375218 0.0125596 0.00251241 0.000297127 2.07304e-05 8.52911e-07 2.06922e-08 2.95996e-10 2.49661e-12 1.24171e-14 3.64132e-17
 1.79092e-11 1.94387e-09 1.24407e-07 4.69475e-06 0.000104464 0.00137061 0.0106043 0.0483952 0.130487 0.20953 0.208287 0.149619 0.106377 0.0769141 0.0413218 0.0138599 0.00277365 0.000328049 2.28882e-05 9.4169e-07 2.2846e-08 3.26806e-10 2.75649e-12 1.37096e-14 4.02035e-17
 1.82234e-11 1.97797e-09 1.2659e-07 4.77712e-06 0.000106297 0.00139465 0.0107902 0.0492423 0.13275 0.212991 0.210912 0.149346 0.103432 0.0735536 0.0393279 0.0131776 0.00263657 0.000311824 2.1756e-05 8.95107e-07 2.17159e-08 3.1064e-10 2.62013e-12 1.30314e-14 3.82147e-17
#obs surv len freq
 3.6147e-11 3.34998e-09 1.83062e-07 5.89853e-06 0.000112067 0.00125551 0.00829595 0.0323673 0.0750197 0.106579 0.106678 0.1066 0.123042 0.130017 0.118396 0.0928147 0.0577048 0.0273135 0.0100719 0.00293524 0.000663297 0.000112659 1.39033e-05 1.20382e-06 7.08558e-08
 2.01736e-11 1.80323e-09 9.50398e-08 2.95359e-06 5.41246e-05 0.000584925 0.00373066 0.0140977 0.0322135 0.048991 0.066629 0.103834 0.14916 0.170304 0.162408 0.127114 0.0745018 0.0320306 0.0106994 0.00290486 0.000626001 0.000101254 1.17242e-05 9.392e-07 5.06833e-08
 1.47415e-10 1.2687e-08 6.4382e-07 1.92645e-05 0.000339888 0.00353594 0.0216907 0.0784696 0.167533 0.211914 0.162281 0.0848539 0.0494054 0.0520565 0.0613729 0.0542073 0.0326971 0.013851 0.00441331 0.00110599 0.000216762 3.21205e-05 3.45053e-06 2.57679e-07 1.29171e-08
 1.27475e-10 1.0546e-08 5.14445e-07 1.47971e-05 0.000250964 0.00250997 0.0148084 0.0516388 0.107524 0.140642 0.140712 0.15002 0.159029 0.123446 0.0653559 0.0270639 0.0108157 0.00426599 0.00144277 0.000376268 7.21681e-05 9.97844e-06 9.78059e-07 6.64185e-08 3.04271e-09
 1.97446e-10 1.56781e-08 7.34049e-07 2.02649e-05 0.000329879 0.00316644 0.017926 0.0599166 0.118902 0.144185 0.121788 0.102387 0.106575 0.1116 0.101013 0.0693319 0.0317676 0.00915923 0.00168371 0.00021906 2.46423e-05 2.63262e-06 2.31972e-07 1.45647e-08 6.11884e-10
 3.15719e-10 2.40271e-08 1.07817e-06 2.85274e-05 0.000445069 0.00409455 0.0222182 0.0712071 0.135746 0.159555 0.134818 0.116315 0.113422 0.0987278 0.072306 0.0436658 0.0196789 0.00618542 0.00135217 0.000208208 2.24734e-05 1.69619e-06 9.27621e-08 3.9003e-09 1.27026e-10
 3.97065e-10 2.89218e-08 1.24216e-06 3.1457e-05 0.000469735 0.00413632 0.0214869 0.0659834 0.121083 0.140042 0.125392 0.123105 0.128115 0.113118 0.0826835 0.0480208 0.019788 0.00540815 0.000991694 0.000130164 1.29947e-05 9.82542e-07 5.32304e-08 1.96582e-09 4.84993e-11
 6.19054e-10 4.31027e-08 1.76957e-06 4.28369e-05 0.000611454 0.00514677 0.025556 0.0750058 0.131454 0.144706 0.122149 0.113549 0.11695 0.107536 0.0828181 0.0487777 0.0196004 0.0051073 0.000874757 0.000103676 8.96081e-06 5.75161e-07 2.70011e-08 9.02742e-10 2.08597e-11
 9.41543e-10 6.25903e-08 2.45336e-06 5.67028e-05 0.000772758 0.00621035 0.0294456 0.0825639 0.138596 0.14785 0.125126 0.118353 0.118042 0.101164 0.0720816 0.039818 0.0152881 0.00388199 0.000661841 7.90893e-05 6.8058e-06 4.18278e-07 1.79392e-08 5.28106e-10 1.05678e-11
 1.24048e-09 7.86435e-08 2.93983e-06 6.47992e-05 0.000842206 0.00645541 0.0291998 0.0782187 0.126326 0.133756 0.121833 0.127198 0.13005 0.110514 0.0769015 0.0404503 0.0143805 0.00327421 0.000481097 4.79896e-05 3.46978e-06 1.87965e-07 7.47143e-09 2.08372e-10 3.92503e-12
 1.7107e-09 1.03322e-07 3.6796e-06 7.72677e-05 0.000956752 0.00698676 0.0301159 0.0769596 0.119207 0.123817 0.116413 0.12707 0.133692 0.118137 0.0843322 0.0437289 0.0148606 0.00317309 0.000428733 3.81674e-05 2.36788e-06 1.06568e-07 3.4877e-09 8.1274e-11 1.31773e-12
 2.89088e-09 1.66178e-07 5.63254e-06 0.000112571 0.00132663 0.00922027 0.0378234 0.0919604 0.135322 0.13268 0.11636 0.119713 0.122368 0.106806 0.0745756 0.0370849 0.0119264 0.00238979 0.000300296 2.45352e-05 1.37304e-06 5.47798e-08 1.56424e-09 3.12791e-11 4.28278e-13
 3.50641e-09 1.9166e-07 6.17718e-06 0.000117393 0.00131556 0.00869612 0.0339585 0.0789487 0.113508 0.117958 0.124101 0.143102 0.142625 0.114984 0.0738787 0.0342179 0.0103573 0.00196898 0.0002367 1.8657e-05 1.00979e-06 3.85586e-08 1.03139e-09 1.88693e-11 2.31688e-13
 5.50526e-09 2.85896e-07 8.75437e-06 0.000158065 0.00168291 0.0105688 0.039205 0.086525 0.117716 0.114587 0.112904 0.128604 0.136345 0.120665 0.0813696 0.0370716 0.0105598 0.00182538 0.000191084 1.23235e-05 5.08878e-07 1.4291e-08 2.90212e-10 4.35651e-12 4.70296e-14
 8.40165e-09 4.1421e-07 1.20411e-05 0.000206397 0.00208626 0.01244 0.04384 0.0921754 0.121005 0.118544 0.122133 0.137314 0.13505 0.108936 0.0677669 0.029042 0.00793845 0.00135327 0.000145887 1.02923e-05 4.91741e-07 1.60678e-08 3.52301e-10 5.04706e-12 4.65888e-14
 1.17043e-08 5.4743e-07 1.50974e-05 0.000245511 0.0023544 0.0133211 0.0445786 0.0893304 0.113621 0.113399 0.123879 0.142429 0.140408 0.112592 0.0679786 0.0276054 0.00702997 0.00109837 0.000106265 6.57887e-06 2.74028e-07 8.03999e-09 1.68179e-10 2.44783e-12 2.3922e-14
 1.94763e-08 8.63685e-07 2.25837e-05 0.000348201 0.00316596 0.0169838 0.0538868 0.102369 0.12335 0.116428 0.120922 0.134968 0.131899 0.104614 0.061061 0.0234955 0.00560007 0.00080996 7.13608e-05 3.91551e-06 1.39232e-07 3.37135e-09 5.7611e-11 6.96303e-13 5.82474e-15
 2.59035e-08 1.08857e-06 2.69737e-05 0.000394121 0.00339619 0.017273 0.0520547 0.0947584 0.113552 0.11677 0.134628 0.149846 0.137108 0.100521 0.0546463 0.0198149 0.00451226 0.000636723 5.66042e-05 3.28067e-06 1.28334e-07 3.43077e-09 6.17038e-11 7.27914e-13 5.54258e-15
 3.78509e-08 1.50673e-06 3.53661e-05 0.00048949 0.00399563 0.0192529 0.0550033 0.0951872 0.109695 0.111513 0.129557 0.147374 0.14076 0.106076 0.0567463 0.0195741 0.00415587 0.000537743 4.29712e-05 2.191e-06 7.47112e-08 1.77727e-09 2.98375e-11 3.46126e-13 2.68803e-15
 6.21715e-08 2.34355e-06 5.20894e-05 0.000682705 0.00527728 0.0240826 0.0651924 0.107139 0.118217 0.116785 0.13146 0.142957 0.129851 0.0926749 0.0468265 0.0152852 0.0030947 0.000387702 3.07274e-05 1.59811e-06 5.6415e-08 1.3653e-09 2.23003e-11 2.40452e-13 1.68949e-15
 8.76079e-08 3.12644e-06 6.57885e-05 0.000816332 0.00597478 0.0258289 0.0663914 0.104724 0.115386 0.121265 0.141481 0.149232 0.128051 0.0856113 0.0403588 0.0122424 0.00228779 0.000261358 1.854e-05 8.45467e-07 2.59582e-08 5.56566e-10 8.37315e-12 8.63742e-14 5.93453e-16
 1.35907e-07 4.59099e-06 9.14463e-05 0.0010741 0.00744177 0.0304575 0.0741635 0.111103 0.117305 0.120005 0.137563 0.144471 0.124411 0.0819799 0.0371453 0.01068 0.0018846 0.000203739 1.37528e-05 6.00012e-07 1.75905e-08 3.54558e-10 4.88973e-12 4.52057e-14 2.7532e-16
 1.72671e-07 5.52098e-06 0.000104091 0.00115731 0.0075917 0.0294518 0.0683438 0.0998979 0.110833 0.127913 0.153423 0.15532 0.12555 0.0772641 0.0327191 0.008808 0.0014585 0.000148441 9.47939e-06 3.93623e-07 1.10371e-08 2.1297e-10 2.80286e-12 2.45948e-14 1.41157e-16
 2.7129e-07 8.21034e-06 0.000146516 0.00154189 0.00957346 0.0351511 0.0771723 0.106534 0.111176 0.121699 0.143848 0.149715 0.125317 0.0771668 0.0315374 0.00803666 0.00124978 0.000119084 7.10822e-06 2.75586e-07 7.21123e-09 1.29958e-10 1.60087e-12 1.31836e-14 7.11643e-17
 3.75845e-07 1.07669e-05 0.000181876 0.00181188 0.0106526 0.0370862 0.077674 0.104895 0.114301 0.134057 0.156229 0.150781 0.115274 0.0653158 0.0248334 0.00593781 0.000873724 7.96705e-05 4.62098e-06 1.76749e-07 4.5887e-09 8.12356e-11 9.64103e-13 7.51072e-15 3.78912e-17
 4.45785e-07 1.20894e-05 0.000193328 0.00182345 0.0101545 0.0335561 0.0673472 0.0904419 0.106245 0.136781 0.165342 0.162571 0.124921 0.0690869 0.0250347 0.00563945 0.000778464 6.653e-05 3.62028e-06 1.30292e-07 3.19907e-09 5.39261e-11 6.13676e-13 4.60901e-15 2.24607e-17
 6.5579e-07 1.68379e-05 0.000254933 0.00227659 0.012005 0.0375831 0.0716073 0.0919874 0.105135 0.133674 0.162198 0.162341 0.125039 0.0671654 0.0231271 0.00490144 0.000634155 5.07233e-05 2.58062e-06 8.67094e-08 1.98389e-09 3.11152e-11 3.29328e-13 2.3028e-15 1.0472e-17
 8.79682e-07 2.13872e-05 0.000306626 0.00259323 0.0129585 0.0385512 0.0706476 0.0909903 0.110798 0.145651 0.170662 0.16045 0.115417 0.0579764 0.0187332 0.00374488 0.000460748 3.54774e-05 1.7637e-06 5.85432e-08 1.32107e-09 2.01375e-11 2.0328e-13 1.33513e-15 5.64798e-18
#pred catch len freq
 1.29036e-12 1.40056e-10 8.9636e-09 3.38267e-07 7.52786e-06 9.88355e-05 0.000767323 0.0035634 0.0104528 0.0236142 0.0557393 0.126046 0.202464 0.208458 0.146387 0.0851438 0.0494 0.0292896 0.0180013 0.0119019 0.00864475 0.00697416 0.00591155 0.00451211 0.00262224
 8.80211e-13 9.55386e-11 6.1145e-09 2.30751e-07 5.1355e-06 6.74467e-05 0.00052447 0.00245508 0.00746456 0.0188172 0.0509952 0.122882 0.201592 0.212203 0.156844 0.0985991 0.0586427 0.031777 0.0161469 0.00837664 0.00473176 0.00306893 0.00225443 0.00161971 0.000933378
 1.6608e-12 1.80264e-10 1.15369e-08 4.35376e-07 9.68859e-06 0.000127181 0.000986466 0.00455971 0.0130871 0.0274247 0.0575637 0.122315 0.194346 0.203562 0.151218 0.0968739 0.0600204 0.0343868 0.017776 0.00834821 0.00371916 0.00175976 0.000981762 0.000604543 0.00032841
 1.44129e-12 1.56438e-10 1.00121e-08 3.77835e-07 8.4084e-06 0.000110396 0.000857071 0.00398006 0.0116735 0.0263587 0.0621532 0.140273 0.223973 0.226014 0.14943 0.0765702 0.0385206 0.0204463 0.0107262 0.00520545 0.00224418 0.000877986 0.000348375 0.000157393 7.27707e-05
 7.91913e-12 8.59546e-10 5.50108e-08 2.07594e-06 4.61929e-05 0.00060611 0.004691 0.0214455 0.0583304 0.0977667 0.116579 0.135552 0.165049 0.159456 0.111643 0.0647822 0.0348952 0.016739 0.00726071 0.00311217 0.00130543 0.000496933 0.000168094 5.47031e-05 1.854e-05
 1.02494e-11 1.11247e-09 7.11979e-08 2.68679e-06 5.97851e-05 0.000784446 0.00607082 0.0277436 0.0753255 0.125164 0.144278 0.156239 0.178124 0.158811 0.0899331 0.030518 0.00614101 0.000739257 5.7845e-05 5.03227e-06 1.11485e-06 3.58962e-07 1.11456e-07 3.0902e-08 7.80237e-09
 1.20298e-11 1.30572e-09 8.35662e-08 3.15353e-06 7.01705e-05 0.000920697 0.0071246 0.032544 0.0881476 0.144776 0.159162 0.154716 0.161472 0.139792 0.0786295 0.026626 0.00533854 0.000631662 4.40796e-05 1.81434e-06 4.40839e-08 6.34682e-10 5.66358e-12 8.09366e-14 1.10678e-14
 1.20854e-11 1.31176e-09 8.39522e-08 3.1681e-06 7.04946e-05 0.000924949 0.00715748 0.0326938 0.0885478 0.145388 0.159627 0.154668 0.160951 0.139198 0.0782769 0.0265054 0.00531435 0.000628813 4.38845e-05 1.80686e-06 4.39485e-08 6.34482e-10 5.52827e-12 3.0663e-14 1.23479e-16
 1.3455e-11 1.46041e-09 9.3466e-08 3.52712e-06 7.84831e-05 0.00102975 0.00796806 0.0363862 0.0984105 0.160472 0.17107 0.153481 0.148117 0.124551 0.0695862 0.0235315 0.00471677 0.000558047 3.89377e-05 1.60205e-06 3.88677e-08 5.56034e-10 4.69124e-12 2.33556e-14 6.87378e-17
 1.28359e-11 1.39321e-09 8.91653e-08 3.36482e-06 7.48719e-05 0.000982378 0.00760164 0.0347171 0.0939521 0.153653 0.165897 0.154017 0.153918 0.131172 0.0735148 0.0248758 0.00498685 0.000590015 4.11685e-05 1.69383e-06 4.10938e-08 5.87855e-10 4.95892e-12 2.46741e-14 7.24678e-17
 1.24484e-11 1.35115e-09 8.64735e-08 3.26324e-06 7.26116e-05 0.000952724 0.0073723 0.0336723 0.0911615 0.149385 0.162659 0.154353 0.15755 0.135316 0.0759737 0.0257172 0.0051559 0.000610024 4.25647e-05 1.75127e-06 4.24873e-08 6.07779e-10 5.12667e-12 2.55031e-14 7.48426e-17
 1.27794e-11 1.38708e-09 8.87729e-08 3.35002e-06 7.45424e-05 0.000978055 0.00756821 0.0345648 0.0935453 0.153031 0.165425 0.154066 0.154448 0.131776 0.0738732 0.0249984 0.0050115 0.000592932 4.1372e-05 1.7022e-06 4.12972e-08 5.90772e-10 4.98377e-12 2.4802e-14 7.28892e-17
 1.29651e-11 1.40724e-09 9.0063e-08 3.3987e-06 7.56257e-05 0.000992267 0.00767812 0.0350655 0.0948827 0.155077 0.166977 0.153905 0.152708 0.12979 0.0726948 0.0245952 0.00493048 0.000583343 4.0703e-05 1.67469e-06 4.06312e-08 5.81322e-10 4.90635e-12 2.4458e-14 7.23144e-17
 1.27804e-11 1.38718e-09 8.87796e-08 3.35027e-06 7.45481e-05 0.000978129 0.00756878 0.0345674 0.0935523 0.153042 0.165433 0.154066 0.154439 0.131765 0.0738671 0.0249963 0.00501107 0.000592881 4.13685e-05 1.70205e-06 4.1293e-08 5.90685e-10 4.98221e-12 2.47795e-14 7.26676e-17
 1.36897e-11 1.48588e-09 9.50962e-08 3.58864e-06 7.9852e-05 0.00104771 0.00810696 0.037019 0.100101 0.163057 0.173031 0.153277 0.145918 0.122041 0.068097 0.0230219 0.00461439 0.000545928 3.8092e-05 1.56724e-06 3.80225e-08 5.43906e-10 4.58774e-12 2.28193e-14 6.69376e-17
 1.41011e-11 1.53054e-09 9.79546e-08 3.6965e-06 8.22521e-05 0.0010792 0.00835049 0.0381283 0.103064 0.167589 0.176469 0.15292 0.142062 0.11764 0.0654859 0.0221284 0.00443489 0.000524681 3.66094e-05 1.50624e-06 3.65425e-08 5.2273e-10 4.40904e-12 2.19287e-14 6.43065e-17
 1.46869e-11 1.59413e-09 1.02024e-07 3.85007e-06 8.5669e-05 0.00112403 0.0086972 0.0397077 0.107282 0.174041 0.181364 0.152412 0.136572 0.111375 0.0617687 0.0208565 0.00417933 0.000494433 3.44986e-05 1.41939e-06 3.44355e-08 4.92591e-10 4.15482e-12 2.06644e-14 6.05993e-17
 1.41918e-11 1.54039e-09 9.85846e-08 3.72028e-06 8.27811e-05 0.00108614 0.00840417 0.0383729 0.103717 0.168588 0.177227 0.152842 0.141212 0.11667 0.0649104 0.0219315 0.00439532 0.000519998 3.62826e-05 1.49279e-06 3.62162e-08 5.18063e-10 4.36967e-12 2.17329e-14 6.37318e-17
 1.48389e-11 1.61062e-09 1.0308e-07 3.88991e-06 8.65556e-05 0.00113566 0.00878716 0.0401175 0.108377 0.175715 0.182634 0.152281 0.135148 0.109749 0.0608042 0.0205264 0.00411302 0.000486584 3.39509e-05 1.39686e-06 3.38888e-08 4.8477e-10 4.08886e-12 2.03362e-14 5.96365e-17
 1.48761e-11 1.61465e-09 1.03338e-07 3.89964e-06 8.67721e-05 0.0011385 0.00880913 0.0402176 0.108644 0.176124 0.182944 0.152249 0.1348 0.109352 0.0605686 0.0204458 0.00409683 0.000484667 3.38171e-05 1.39136e-06 3.37553e-08 4.8286e-10 4.07274e-12 2.02561e-14 5.94011e-17
 1.6222e-11 1.76074e-09 1.12687e-07 4.25247e-06 9.46228e-05 0.0012415 0.00960572 0.0438464 0.118337 0.190948 0.19419 0.151082 0.122187 0.094958 0.0520279 0.0175233 0.00350967 0.000415168 2.89674e-05 1.19182e-06 2.89143e-08 4.13612e-10 3.48866e-12 1.73511e-14 5.08822e-17
 1.6371e-11 1.77691e-09 1.13722e-07 4.29152e-06 9.54917e-05 0.0012529 0.00969388 0.044248 0.11941 0.192588 0.195434 0.150952 0.120791 0.0933649 0.0510826 0.0171999 0.00344469 0.000407477 2.84307e-05 1.16973e-06 2.83786e-08 4.05948e-10 3.42402e-12 1.70296e-14 4.99394e-17
 1.72822e-11 1.87581e-09 1.20052e-07 4.53038e-06 0.000100807 0.00132263 0.0102332 0.0467047 0.125972 0.202624 0.203048 0.150162 0.112252 0.0836197 0.0453004 0.0152213 0.00304717 0.000360425 2.51474e-05 1.03464e-06 2.51012e-08 3.59065e-10 3.02858e-12 1.50629e-14 4.4172e-17
 1.76167e-11 1.91213e-09 1.22376e-07 4.61808e-06 0.000102758 0.00134823 0.0104312 0.0476067 0.128381 0.206309 0.205843 0.149872 0.109118 0.0800419 0.0431776 0.0144949 0.00290123 0.00034315 2.3942e-05 9.85048e-07 2.38979e-08 3.41853e-10 2.8834e-12 1.43408e-14 4.20546e-17
 1.7686e-11 1.91965e-09 1.22857e-07 4.63625e-06 0.000103162 0.00135353 0.0104722 0.0477936 0.12888 0.207072 0.206422 0.149812 0.108468 0.0793005 0.0427377 0.0143444 0.00287099 0.000339571 2.36922e-05 9.74772e-07 2.36486e-08 3.38287e-10 2.85332e-12 1.41912e-14 4.16158e-17
 1.73881e-11 1.88731e-09 1.20788e-07 4.55815e-06 0.000101424 0.00133073 0.0102959 0.0469903 0.126734 0.203791 0.203933 0.150071 0.11126 0.082487 0.0446284 0.0149913 0.00300097 0.000354956 2.47658e-05 1.01894e-06 2.47202e-08 3.53616e-10 2.98262e-12 1.48343e-14 4.35016e-17
 1.69092e-11 1.83533e-09 1.17461e-07 4.4326e-06 9.86309e-05 0.00129408 0.0100124 0.045699 0.123285 0.198516 0.199931 0.150486 0.115748 0.087609 0.0476674 0.0160312 0.0032099 0.000379686 2.64914e-05 1.08994e-06 2.64428e-08 3.78257e-10 3.19046e-12 1.5868e-14 4.65329e-17
 1.75623e-11 1.90622e-09 1.21998e-07 4.60383e-06 0.000102441 0.00134407 0.010399 0.0474601 0.127989 0.20571 0.205389 0.149919 0.109627 0.0806233 0.0435226 0.0146129 0.00292495 0.000345958 2.41379e-05 9.93109e-07 2.40935e-08 3.44651e-10 2.907e-12 1.44582e-14 4.23987e-17
#obs catch len freq
 3.20831e-11 2.97335e-09 1.62481e-07 5.23537e-06 9.94679e-05 0.00111437 0.00736361 0.0287357 0.0666769 0.095266 0.0976161 0.102593 0.123897 0.136323 0.129481 0.103575 0.0636626 0.0292146 0.0104843 0.00304759 0.00070318 0.000123131 1.56926e-05 1.40527e-06 8.57912e-08
 4.37641e-11 3.91188e-09 2.06177e-07 6.40741e-06 0.000117413 0.00126873 0.00808659 0.0304505 0.0683106 0.0952574 0.0985144 0.108207 0.131181 0.138641 0.125036 0.0963322 0.0584601 0.0269825 0.00969689 0.00274332 0.000598237 9.74147e-05 1.1449e-05 9.38231e-07 5.19871e-08
 2.4169e-11 2.08007e-09 1.05556e-07 3.15849e-06 5.57291e-05 0.000579926 0.00356279 0.0129915 0.0289033 0.0444072 0.0653248 0.108164 0.155528 0.175243 0.164675 0.125917 0.0716866 0.0299838 0.00976806 0.00257775 0.00053573 8.29171e-05 9.12704e-06 6.91173e-07 3.50881e-08
 1.8439e-18 8.10547e-16 2.10091e-13 3.21091e-11 2.89368e-09 1.53782e-07 4.82056e-06 8.91963e-05 0.000976508 0.00637206 0.0253387 0.0651841 0.122164 0.186375 0.224633 0.192355 0.112049 0.0460005 0.0142412 0.00345991 0.000653551 9.26804e-05 9.46118e-06 6.67323e-07 3.14409e-08
 1.36666e-10 1.08519e-08 5.08085e-07 1.40268e-05 0.000228339 0.00219208 0.012419 0.0416708 0.0843683 0.112486 0.129977 0.166462 0.186187 0.142139 0.0733349 0.0299787 0.0119256 0.00463109 0.00152164 0.000382415 7.03153e-05 9.2766e-06 8.63085e-07 5.53376e-08 2.38195e-09
 2.81622e-10 2.14322e-08 9.61729e-07 2.54464e-05 0.000397002 0.00365233 0.0198181 0.0635068 0.120987 0.141779 0.118739 0.103006 0.109148 0.113358 0.100362 0.0664488 0.029132 0.00802389 0.00141501 0.000178604 1.96749e-05 2.0362e-06 1.70863e-07 1.01211e-08 3.99175e-10
 4.59768e-10 3.34891e-08 1.43832e-06 3.64246e-05 0.00054391 0.00478936 0.0248758 0.0763333 0.139538 0.1584 0.132557 0.116562 0.113608 0.0972262 0.0698952 0.0410768 0.0178471 0.00539162 0.00113244 0.000167245 1.72655e-05 1.24487e-06 6.50519e-08 2.60621e-09 8.02443e-11
 5.8792e-10 4.0935e-08 1.68057e-06 4.06826e-05 0.000580706 0.00488808 0.0242747 0.0712929 0.125378 0.140282 0.124922 0.124031 0.127592 0.110385 0.0789302 0.0443698 0.0175289 0.00458283 0.00080631 0.000101939 9.79394e-06 7.08119e-07 3.6433e-08 1.27194e-09 2.95782e-11
 9.33021e-10 6.20239e-08 2.43116e-06 5.61896e-05 0.000765763 0.00615409 0.0291776 0.0817948 0.137155 0.14558 0.121352 0.113422 0.11554 0.104254 0.0782894 0.0443997 0.0170422 0.00423607 0.000693823 7.88797e-05 6.54186e-06 4.01596e-07 1.79449e-08 5.68251e-10 1.23785e-11
 1.45786e-09 9.24244e-08 3.45498e-06 7.6154e-05 0.000989776 0.00758612 0.0343051 0.0917659 0.147157 0.150852 0.124727 0.116361 0.113437 0.095026 0.065999 0.0351273 0.0128899 0.00312413 0.00050952 5.83312e-05 4.79979e-06 2.8093e-07 1.14296e-08 3.18154e-10 6.00086e-12
 1.95506e-09 1.18081e-07 4.20521e-06 8.83049e-05 0.00109341 0.00798445 0.0344103 0.0878529 0.135453 0.137844 0.122498 0.125155 0.12447 0.103201 0.0697936 0.0352421 0.0119289 0.00258148 0.000361391 3.44871e-05 2.39038e-06 1.23778e-07 4.6753e-09 1.23222e-10 2.18441e-12
 2.75207e-09 1.58198e-07 5.36207e-06 0.000107165 0.00126293 0.00877782 0.0360136 0.0876252 0.129418 0.1289 0.117512 0.124663 0.127481 0.109846 0.0758705 0.0375934 0.0121257 0.00245439 0.000314984 2.67249e-05 1.58398e-06 6.8038e-08 2.11713e-09 4.6704e-11 7.13955e-13
 4.67069e-09 2.553e-07 8.22827e-06 0.000156371 0.0017523 0.0115807 0.0451759 0.104473 0.146385 0.137235 0.116112 0.115754 0.114993 0.0977608 0.065856 0.0312128 0.00950909 0.00180311 0.000214793 1.66899e-05 8.90481e-07 3.38518e-08 9.17836e-10 1.73561e-11 2.23961e-13
 5.86341e-09 3.04495e-07 9.3239e-06 0.000168348 0.00179241 0.0112569 0.0417658 0.0922681 0.126109 0.124694 0.124961 0.1378 0.132617 0.103909 0.0644125 0.0284381 0.00815246 0.00146619 0.000167054 1.25168e-05 6.4506e-07 2.3418e-08 5.93356e-10 1.02461e-11 1.18414e-13
 9.19932e-09 4.53536e-07 1.31843e-05 0.000225992 0.00228427 0.0136189 0.0479628 0.100511 0.12991 0.120322 0.113205 0.124016 0.127604 0.10947 0.0706774 0.0305082 0.00819556 0.00133455 0.00013169 8.02265e-06 3.14012e-07 8.38946e-09 1.62235e-10 2.31126e-12 2.35512e-14
 1.42125e-08 6.64743e-07 1.83327e-05 0.000298121 0.00285881 0.0161721 0.0540684 0.107843 0.134239 0.124442 0.121237 0.130124 0.123748 0.0967191 0.0576641 0.0234372 0.00604964 0.000973764 9.93235e-05 6.64568e-06 3.01272e-07 9.31836e-09 1.92704e-10 2.59652e-12 2.25097e-14
 2.02231e-08 8.96804e-07 2.34497e-05 0.000361553 0.00328735 0.0176347 0.0559476 0.106242 0.127772 0.119756 0.122608 0.13422 0.12788 0.0990858 0.0571267 0.0219408 0.00526408 0.000774647 7.07172e-05 4.14439e-06 1.6392e-07 4.56911e-09 9.05222e-11 1.24221e-12 1.14008e-14
 3.34066e-08 1.40387e-06 3.47865e-05 0.000508267 0.00437937 0.0222627 0.0669317 0.120427 0.137116 0.121434 0.118165 0.125723 0.118769 0.0907805 0.0504391 0.0183159 0.00410577 0.000558224 4.62851e-05 2.39575e-06 8.0613e-08 1.85108e-09 2.99772e-11 3.42257e-13 2.69451e-15
 4.54914e-08 1.81088e-06 4.25049e-05 0.000588291 0.00480191 0.0231329 0.0660175 0.113656 0.12807 0.122195 0.130889 0.138411 0.122186 0.0862914 0.0446697 0.0152934 0.00327857 0.000435715 3.65599e-05 2.00483e-06 7.42537e-08 1.87558e-09 3.17633e-11 3.51823e-13 2.51099e-15
 6.70652e-08 2.52802e-06 5.61895e-05 0.000736436 0.00569237 0.0259713 0.070231 0.114841 0.124114 0.116479 0.125565 0.136089 0.125406 0.0906016 0.0459332 0.0149157 0.00297488 0.000361728 2.72167e-05 1.31061e-06 4.23286e-08 9.54122e-10 1.51362e-11 1.65237e-13 1.20327e-15
 1.10632e-07 3.9481e-06 8.30778e-05 0.00103083 0.00754359 0.0325866 0.0834582 0.12942 0.133274 0.120214 0.124394 0.128433 0.112352 0.0767659 0.0367328 0.0112873 0.00214808 0.000253231 1.89317e-05 9.30989e-07 3.10873e-08 7.10075e-10 1.09104e-11 1.10374e-13 7.26356e-16
 1.57666e-07 5.32602e-06 0.000106087 0.00124604 0.00863237 0.0353169 0.0858382 0.127495 0.130197 0.123802 0.132677 0.1329 0.109705 0.070133 0.0312792 0.00892256 0.00156517 0.000167938 1.12126e-05 4.82701e-07 1.40244e-08 2.84485e-10 4.03686e-12 3.91255e-14 2.51746e-16
 2.45794e-07 7.85899e-06 0.000148168 0.00164725 0.0108018 0.0418335 0.0962813 0.135606 0.131983 0.121009 0.126845 0.126493 0.104597 0.0656784 0.0280883 0.00758667 0.00125628 0.000127565 8.10536e-06 3.33708e-07 9.24459e-09 1.75869e-10 2.28242e-12 1.97983e-14 1.12887e-16
 3.20549e-07 9.70111e-06 0.000173119 0.00182181 0.0113104 0.04151 0.0909369 0.124315 0.12529 0.128284 0.141232 0.135932 0.105418 0.0617751 0.0246824 0.00624089 0.000969708 9.27056e-05 5.57325e-06 2.18392e-07 5.78442e-09 1.05268e-10 1.30252e-12 1.07135e-14 5.7508e-17
 5.04891e-07 1.44636e-05 0.000244317 0.00243368 0.0143015 0.049676 0.102933 0.132716 0.125178 0.120457 0.130232 0.128873 0.103153 0.0602131 0.0231561 0.00553573 0.000807325 7.22285e-05 4.05713e-06 1.48371e-07 3.66575e-09 6.22836e-11 7.21127e-13 5.56505e-15 2.80854e-17
 7.07412e-07 1.91843e-05 0.000306777 0.00289302 0.0160985 0.0530055 0.104611 0.131069 0.127173 0.130501 0.139616 0.12811 0.0936303 0.0503101 0.0180071 0.00404107 0.000558018 4.78208e-05 2.61257e-06 9.42852e-08 2.30882e-09 3.84594e-11 4.28169e-13 3.12142e-15 1.47105e-17
 8.74816e-07 2.24615e-05 0.000340069 0.00303655 0.0160046 0.0499906 0.0942578 0.116088 0.118943 0.133639 0.149322 0.139795 0.102396 0.053537 0.018233 0.00385227 0.000498876 4.0063e-05 2.05319e-06 6.97158e-08 1.61454e-09 2.56082e-11 2.7334e-13 1.92045e-15 8.73708e-18
 1.29843e-06 3.15675e-05 0.000452556 0.00382644 0.0190984 0.0565046 0.101021 0.118452 0.116929 0.129034 0.144761 0.137799 0.100822 0.0510581 0.0165016 0.00327836 0.000397815 2.98917e-05 1.43175e-06 4.53637e-08 9.78417e-10 1.44319e-11 1.43224e-13 9.36644e-16 3.97574e-18
#spawning biomass
 18041.6 22199.6 17952.8 19793.7 30357.4 41282.8 55411.4 86479.6 105676 134976 152706 184849 234956 217740 233703 232612 251494 228188 236509 211616 189005 212842 229546 248351 250522 214427 211408 183060 158280 436600 699183 964556 1.21247e+06 1.43266e+06 1.62181e+06 1.78078e+06 1.91252e+06 2.02079e+06 2.10947e+06 2.18211e+06 2.24181e+06 2.29117e+06 2.32835e+06 2.34201e+06 2.35526e+06 2.36809e+06 2.38053e+06 2.39259e+06 2.40427e+06 2.4156e+06 2.42657e+06 2.43721e+06 2.44752e+06 2.45751e+06 2.46719e+06 2.47657e+06 2.48567e+06 2.49448e+06 2.50302e+06 2.5113e+06 2.51933e+06 2.5271e+06 2.53464e+06 2.54194e+06 2.54902e+06 2.55588e+06 2.56253e+06 2.56898e+06 2.57522e+06 2.58127e+06 2.58714e+06 2.59283e+06 2.59834e+06 2.60368e+06 2.60885e+06 2.61387e+06 2.61873e+06 2.62344e+06 2.62801e+06 2.63243e+06 2.63672e+06 2.64088e+06 2.6449e+06 2.64881e+06 2.65259e+06 2.65626e+06 2.65981e+06 2.66326e+06 2.6666e+06 2.66983e+06 2.67297e+06 2.676e+06 2.67895e+06 2.6818e+06 2.68457e+06 2.68725e+06 2.68985e+06 2.69237e+06 2.69481e+06 2.69717e+06 2.69947e+06 2.70169e+06 2.70384e+06 2.70593e+06 2.70795e+06 2.70991e+06 2.71181e+06 2.71365e+06 2.71543e+06 2.71716e+06 2.71884e+06 2.72046e+06 2.72204e+06 2.72356e+06 2.72504e+06 2.72648e+06 2.72786e+06 2.72921e+06 2.73051e+06 2.73178e+06 2.733e+06 2.73419e+06 2.73534e+06 2.73646e+06 2.73754e+06 2.73859e+06 2.7396e+06 2.74059e+06 0 0 0 0 0 0 0 0 0 0 0 0 0 0 0 0 0 0 0 0 0 0 0 0 0
