SBPRF35
0.146434
Curr Bio
182394
B35
162415
F35
1.25667
FOFL
1.25667
OFL
96091.4
Bzero
41837.4
#pred survey bio
 12137.1 13588.1 14354.1 15290.5 17535 21672.4 24689.3 29036.3 37370.1 51559.3 64986.1 77299.1 106331 125605 114485 96873.5 88259.3 94448.8 85829.4 85247.4 89649.3 93576.1 101081 103011 108708 113591 111028 102691 105010 3.56794e+06 3.0981e+06 1.42009e+06 729633 479263 375348 324642 297301 281908 273118 268086 265211 263573 262643 262113 261812 261644 261552 261500 261471 261455 261446 261441 261439 261437 261436 261436 261435 261435 261435 261435 261435 261435 261435 261435 261435 261435 261435 261435 261435 261435 261435 261435 261435 261435 261435 261435 261435 261435 261435 261435 261435 261435 261435 261435 261435 261435 261435 261435 261435 261435 261435 261435 261435 261435 261435 261435 261435 261435 261435 261435 261435 261435 261435 261435 261435 261435 261435 261435 261435 261435 261435 261435 261435 261435 261435 261435 261435 261435 261435 261435 261435 261435 261435 261435 261435 261435 261435 261435 261435 0 0 0 0 0 0 0 0 0 0 0 0 0 0 0 0 0 0 0 0 0 0 0 0 0
#obs survey bio
 10426.1 13143.9 11394.9 13053.1 21480 17787.4 28945.8 28331.3 50014 51633.5 64036.2 74986.4 118635 99404 74260.7 92448.1 95835.5 105903 74993.4 96116.8 108097 80973.6 117393 160144 113375 143684 99852.3 85535.7 87961.7
#pred catch bio
 4614.03 6613.3 7804.21 8704.12 9970.61 13270.9 16128.3 20576.6 25579.8 35615.7 49397.3 57236.7 82412.8 103276 94934.2 83687.7 72866.7 85560.4 77199.9 75989.1 82799.4 87172.4 97140.2 97766.2 103627 109978 112618 104265 69830.5 96091.4 86044.8 26853.3 10769.2 7094.27 6338.8 6193.93 6167.45 6162.78 6161.97 6161.84 6161.81 6161.81 6161.81 6161.81 6161.81 6161.81 6161.81 6161.81 6161.81 6161.81 6161.81 6161.81 6161.81 6161.81 6161.81 6161.81 6161.81 6161.81 6161.81 6161.81 6161.81 6161.81 6161.81 6161.81 6161.81 6161.81 6161.81 6161.81 6161.81 6161.81 6161.81 6161.81 6161.81 6161.81 6161.81 6161.81 6161.81 6161.81 6161.81 6161.81 6161.81 6161.81 6161.81 6161.81 6161.81 6161.81 6161.81 6161.81 6161.81 6161.81 6161.81 6161.81 6161.81 6161.81 6161.81 6161.81 6161.81 6161.81 6161.81 6161.81 6161.81 6161.81 6161.81 6161.81 6161.81 6161.81 6161.81 6161.81 6161.81 6161.81 6161.81 6161.81 6161.81 6161.81 6161.81 6161.81 6161.81 6161.81 6161.81 6161.81 6161.81 6161.81 6161.81 6161.81 6161.81 6161.81 6161.81 6161.81 6161.81 0 0 0 0 0 0 0 0 0 0 0 0 0 0 0 0 0 0 0 0 0 0 0 0 0
#obs catch bio
 7609.93 6793.1 8057.93 9025.51 10177.9 13617.9 16470.4 20858.2 25365.4 35297.3 49401.9 56986.9 78701.5 103161 97372.1 84825.1 71861.3 84230.1 76746.6 73999 80192.2 85804 94303.4 92110.9 98968.7 103302 111781 103268 68829.6
#pred cpue bio
 12302.7 13524.3 14264.8 15187.4 17029.9 21375.9 24294.8 27811.1 35358.9 49474.9 63180.3 72715.4 100528 123047 114321 95353.3 84550.5 91857.9 82616.4 81530.6 85339.1 88263.4 95236.9 97554.1 101921 107943 105073 96660.4 96574.4 3.53721e+06 3.4782e+06 1.44006e+06 731791 480597 376638 325930 298589 283195 274405 269374 266499 264861 263930 263400 263099 262932 262839 262787 262759 262743 262734 262729 262726 262724 262724 262723 262723 262723 262723 262723 262722 262722 262722 262722 262722 262722 262722 262722 262722 262722 262722 262722 262722 262722 262722 262722 262722 262722 262722 262722 262722 262722 262722 262722 262722 262722 262722 262722 262722 262722 262722 262722 262722 262722 262722 262722 262722 262722 262722 262722 262722 262722 262722 262722 262722 262722 262722 262722 262722 262722 262722 262722 262722 262722 262722 262722 262722 262722 262722 262722 262722 262722 262722 262722 262722 262722 262722 262722 262722 0 0 0 0 0 0 0 0 0 0 0 0 0 0 0 0 0 0 0 0 0 0 0 0 0
#obs cpue bio
 6929.15 7682.93 9147.76 11661.6 10818 16522.9 18602.4 25079 33456.3 53551 62281.1 88699.2 233185 101925 102358 107322 90495.5 118722 90525 130397 116224 115955 150468 190943 176135 233200 100341 150819 140135
#pred surv len freq
 2.56187e-27 2.58467e-27 2.97015e-26 5.72578e-20 1.40361e-14 4.15913e-10 1.48973e-06 0.000644997 0.0337568 0.213555 0.163741 0.0423902 0.207613 0.1916 0.0405258 0.04451 0.0183705 0.0131657 0.00786616 0.0058404 0.00449334 0.00382167 0.00377687 0.00331748 0.00100928
 2.56255e-27 2.58691e-27 3.19843e-26 6.20746e-20 1.52168e-14 4.50902e-10 1.61506e-06 0.000699257 0.0365966 0.23152 0.177408 0.0391951 0.173699 0.161162 0.0508424 0.0756134 0.0264275 0.0122063 0.0054955 0.00310593 0.00194538 0.00141195 0.00123179 0.0010787 0.000359175
 2.5633e-27 2.58869e-27 3.33084e-26 6.48669e-20 1.59013e-14 4.71185e-10 1.68771e-06 0.000730712 0.0382428 0.241935 0.185393 0.0412474 0.183706 0.169763 0.0408498 0.0508433 0.0217682 0.0158645 0.00557764 0.00201271 0.000864 0.000478267 0.000343674 0.000281503 9.68951e-05
 2.56366e-27 2.58954e-27 3.39149e-26 6.61457e-20 1.62148e-14 4.80474e-10 1.72098e-06 0.000745118 0.0389968 0.246705 0.189049 0.0421386 0.18792 0.173541 0.0395855 0.0468015 0.01736 0.00964592 0.00455674 0.00204027 0.000547222 0.000184099 9.37791e-05 6.56837e-05 2.23269e-05
 2.56522e-27 2.59369e-27 3.74964e-26 7.3701e-20 1.80669e-14 5.35355e-10 1.91755e-06 0.000830227 0.0434511 0.274884 0.21056 0.0417673 0.169981 0.156889 0.0348942 0.0402399 0.0145345 0.00738912 0.00281964 0.00118369 0.000429419 0.00010026 2.71246e-05 1.36131e-05 4.32062e-06
 2.56454e-27 2.59172e-27 3.56554e-26 6.98167e-20 1.71147e-14 5.0714e-10 1.81649e-06 0.000786471 0.0411611 0.260396 0.19952 0.043151 0.188267 0.173596 0.0348247 0.0358477 0.012774 0.00624991 0.00226862 0.000817217 0.000251373 6.97113e-05 1.25538e-05 3.18315e-06 8.41314e-07
 2.56466e-27 2.59205e-27 3.59527e-26 7.04439e-20 1.72685e-14 5.11696e-10 1.83281e-06 0.000793536 0.0415308 0.262736 0.201303 0.0429552 0.185525 0.17112 0.0353897 0.0377258 0.0128228 0.0053506 0.00187913 0.000644518 0.000173234 4.09949e-05 7.5199e-06 1.01298e-06 1.67401e-07
 2.5663e-27 2.59644e-27 3.9768e-26 7.84924e-20 1.92415e-14 5.70159e-10 2.04221e-06 0.0008842 0.0462758 0.292754 0.224216 0.0424063 0.16525 0.152282 0.0297364 0.0295635 0.0101783 0.00443741 0.00144385 0.000434202 0.000110028 2.28085e-05 3.60517e-06 3.89943e-07 3.28187e-08
 2.56716e-27 2.59863e-27 4.15657e-26 8.22843e-20 2.0171e-14 5.97703e-10 2.14087e-06 0.000926916 0.0485114 0.306897 0.235024 0.0429526 0.161814 0.148883 0.025018 0.0196185 0.00655826 0.00260529 0.000859766 0.000259757 5.77718e-05 1.08154e-05 1.47789e-06 1.33514e-07 7.13143e-09
 2.5665e-27 2.59681e-27 3.9941e-26 7.88568e-20 1.93308e-14 5.72806e-10 2.05169e-06 0.000888305 0.0464907 0.294113 0.225272 0.0435466 0.173186 0.159372 0.0267928 0.0210003 0.00658667 0.00194239 0.000594604 0.000168171 3.76963e-05 6.40823e-06 7.62847e-07 5.81485e-08 2.37534e-09
 2.56576e-27 2.59484e-27 3.82206e-26 7.52276e-20 1.84411e-14 5.46444e-10 1.95727e-06 0.000847423 0.0443511 0.280577 0.214941 0.0438402 0.182679 0.168185 0.0293092 0.0245242 0.00770149 0.00225912 0.000617023 0.000134595 2.73669e-05 4.52663e-06 4.93766e-07 3.21132e-08 1.07202e-09
 2.56745e-27 2.5994e-27 4.22359e-26 8.36981e-20 2.05176e-14 6.07973e-10 2.17766e-06 0.000942842 0.049345 0.31217 0.239048 0.042822 0.157992 0.145359 0.0244422 0.0191718 0.00610348 0.00193594 0.00053329 0.000111562 1.81357e-05 2.50005e-06 2.56624e-07 1.51105e-08 4.24359e-10
 2.5673e-27 2.59895e-27 4.17938e-26 8.27654e-20 2.02889e-14 6.01197e-10 2.15339e-06 0.000932335 0.048795 0.308691 0.2364 0.0433607 0.163952 0.150768 0.0237568 0.0162381 0.0050813 0.00149339 0.000418644 9.34139e-05 1.49531e-05 1.73357e-06 1.4223e-07 7.61201e-09 1.90338e-10
 2.56556e-27 2.5942e-27 3.75574e-26 7.38283e-20 1.80981e-14 5.36279e-10 1.92086e-06 0.00083166 0.0435261 0.275358 0.210972 0.0448824 0.193398 0.177887 0.0275969 0.0181608 0.00553353 0.00138775 0.000370832 7.8292e-05 1.30827e-05 1.53843e-06 1.08366e-07 4.61865e-09 1.0212e-10
 2.56441e-27 2.5911e-27 3.48328e-26 6.80804e-20 1.66891e-14 4.94528e-10 1.77131e-06 0.000766912 0.0401374 0.253921 0.194612 0.0455049 0.209629 0.192913 0.0311316 0.0224383 0.0068078 0.00163436 0.000413524 7.56652e-05 1.18146e-05 1.38978e-06 9.95502e-08 3.67812e-09 6.53355e-11
 2.56515e-27 2.59314e-27 3.66842e-26 7.19864e-20 1.76466e-14 5.229e-10 1.87294e-06 0.000810912 0.0424402 0.268489 0.205722 0.0445668 0.194685 0.179208 0.0302534 0.0238937 0.00737418 0.00195861 0.000497201 8.63695e-05 1.2053e-05 1.26536e-06 8.84529e-08 3.26639e-09 5.05959e-11
 2.5667e-27 2.5973e-27 4.03165e-26 7.96488e-20 1.95249e-14 5.78559e-10 2.0723e-06 0.000897227 0.0469576 0.297067 0.227534 0.043956 0.174712 0.160661 0.0248613 0.0162669 0.00509386 0.00150587 0.000398964 7.53137e-05 1.03122e-05 9.81617e-07 6.02811e-08 2.12823e-09 3.22954e-11
 2.56598e-27 2.59531e-27 3.8529e-26 7.58777e-20 1.86005e-14 5.51166e-10 1.97419e-06 0.000854747 0.0447344 0.283002 0.216806 0.044685 0.187797 0.172698 0.0263093 0.0165277 0.00499571 0.00119412 0.000317494 6.61404e-05 9.74922e-06 9.56253e-07 5.39202e-08 1.67425e-09 2.39239e-11
 2.56657e-27 2.5969e-27 3.99006e-26 7.87712e-20 1.93098e-14 5.72184e-10 2.04947e-06 0.000887341 0.0464403 0.293794 0.225044 0.0445347 0.180865 0.166241 0.0240739 0.0130526 0.00390812 0.000891664 0.000220835 3.87879e-05 5.97563e-06 6.43158e-07 3.80286e-08 1.10344e-09 1.3967e-11
 2.5669e-27 2.59777e-27 4.0671e-26 8.03964e-20 1.97082e-14 5.83989e-10 2.09175e-06 0.000905649 0.0473984 0.299855 0.229669 0.044332 0.176073 0.161815 0.0232272 0.0122312 0.00359032 0.000702086 0.000167068 2.76412e-05 3.71658e-06 3.77476e-07 2.4367e-08 7.46006e-10 8.95813e-12
 2.56712e-27 2.59838e-27 4.12096e-26 8.15327e-20 1.99867e-14 5.92243e-10 2.12132e-06 0.000918448 0.0480683 0.304093 0.232902 0.0441602 0.172494 0.158515 0.0226966 0.0118511 0.00346663 0.000657371 0.000149888 2.15881e-05 2.72012e-06 2.46368e-07 1.4474e-08 4.69512e-10 5.94708e-12
 2.56758e-27 2.5996e-27 4.22775e-26 8.37854e-20 2.0539e-14 6.08606e-10 2.17993e-06 0.000943825 0.0493964 0.312495 0.239315 0.0439758 0.166586 0.15303 0.0211268 0.00965246 0.00281031 0.000528289 0.00011946 1.65751e-05 1.90072e-06 1.52857e-07 8.03342e-09 2.3631e-10 3.08279e-12
 2.56764e-27 2.59978e-27 4.24236e-26 8.40936e-20 2.06145e-14 6.10846e-10 2.18795e-06 0.000947297 0.0495781 0.313645 0.240193 0.0440179 0.166289 0.152737 0.0207276 0.00881392 0.00252672 0.000416893 9.1351e-05 1.25485e-05 1.40676e-06 1.04832e-07 4.83519e-09 1.2568e-10 1.4921e-12
 2.56745e-27 2.59922e-27 4.19076e-26 8.30049e-20 2.03476e-14 6.02937e-10 2.15962e-06 0.000935033 0.0489362 0.309584 0.237098 0.0443302 0.17084 0.156899 0.0207912 0.00791046 0.00224527 0.000345983 7.25986e-05 8.8711e-06 9.60085e-07 7.01116e-08 3.02674e-09 6.92309e-11 7.20244e-13
 2.56787e-27 2.60038e-27 4.29537e-26 8.52118e-20 2.08886e-14 6.18968e-10 2.21704e-06 0.000959894 0.0502374 0.317816 0.243376 0.0438692 0.162921 0.149628 0.0201572 0.00829362 0.00234072 0.000325913 6.56292e-05 7.48773e-06 7.45493e-07 4.96969e-08 2.08031e-09 4.47545e-11 4.12357e-13
 2.56729e-27 2.59879e-27 4.15317e-26 8.22119e-20 2.01532e-14 5.97177e-10 2.13899e-06 0.0009261 0.0484687 0.306627 0.234841 0.0444646 0.173448 0.159302 0.0211317 0.00808174 0.00228834 0.00034177 6.9083e-05 7.17269e-06 6.69636e-07 4.08571e-08 1.54532e-09 3.14821e-11 2.7312e-13
 2.56747e-27 2.59929e-27 4.1977e-26 8.31514e-20 2.03836e-14 6.04001e-10 2.16343e-06 0.000936683 0.0490226 0.310131 0.237514 0.0442847 0.170201 0.156317 0.0208122 0.0081037 0.00228361 0.000319377 6.40628e-05 7.05532e-06 6.41879e-07 3.56233e-08 1.23126e-09 2.25908e-11 1.82438e-13
 2.56775e-27 2.60003e-27 4.26098e-26 8.44863e-20 2.07108e-14 6.13698e-10 2.19816e-06 0.000951721 0.0498096 0.31511 0.241315 0.0442445 0.167225 0.153533 0.0196457 0.00614585 0.00171906 0.00024422 4.86946e-05 5.06825e-06 4.6578e-07 2.65058e-08 8.49104e-10 1.40845e-11 1.02401e-13
 2.56871e-27 2.60265e-27 4.49488e-26 8.94206e-20 2.19204e-14 6.4954e-10 2.32654e-06 0.0010073 0.0527187 0.333513 0.255354 0.0433854 0.150823 0.138436 0.0176543 0.00540456 0.00148961 0.000175261 3.28732e-05 3.457e-06 3.10397e-07 1.71011e-08 5.59423e-10 8.86522e-12 5.8251e-14
#obs surv len freq
 1.24698e-41 1.73073e-33 2.90366e-26 5.88856e-20 1.44351e-14 4.27739e-10 1.53209e-06 0.000663342 0.0347167 0.219628 0.168438 0.0417023 0.170172 0.142491 0.0894135 0.0846884 0.033361 0.0120228 0.00242056 0.000268059 1.20931e-05 1.63577e-07 5.01492e-10 2.83925e-13 2.59497e-17
 1.55847e-41 2.16305e-33 3.62897e-26 7.35948e-20 1.80409e-14 5.34585e-10 1.9148e-06 0.000829041 0.0433887 0.27449 0.210364 0.0426297 0.141985 0.113166 0.0742303 0.0648003 0.0245239 0.00801525 0.00143465 0.000135729 4.98338e-06 5.20312e-08 1.18345e-10 4.85135e-14 3.16475e-18
 1.29204e-41 1.79327e-33 3.00857e-26 6.10133e-20 1.49567e-14 4.43194e-10 1.58745e-06 0.000687311 0.0359711 0.227565 0.174774 0.0517267 0.203901 0.149903 0.0732909 0.0554353 0.0199135 0.00584082 0.000915707 7.23869e-05 2.12678e-06 1.70407e-08 2.87371e-11 8.53407e-15 3.97779e-19
 1.55934e-41 2.16426e-33 3.631e-26 7.36359e-20 1.8051e-14 5.34883e-10 1.91586e-06 0.000829503 0.0434129 0.274644 0.210654 0.0473572 0.149508 0.109421 0.0847338 0.0595762 0.0156278 0.00370013 0.000500005 3.25105e-05 7.49791e-07 4.54926e-09 5.66245e-12 1.21851e-15 4.0643e-20
 1.53772e-41 2.13425e-33 3.58064e-26 7.26147e-20 1.78006e-14 5.27465e-10 1.8893e-06 0.000817999 0.0428108 0.270836 0.20799 0.0553573 0.180257 0.118876 0.0639111 0.0417151 0.0142092 0.00292548 0.000278244 1.40229e-05 2.49626e-07 1.13035e-09 1.02779e-12 1.5953e-16 3.80555e-21
 1.34989e-41 1.87356e-33 3.14328e-26 6.37451e-20 1.56264e-14 4.63038e-10 1.65853e-06 0.000718084 0.0375817 0.237756 0.182974 0.0611496 0.205029 0.130924 0.0836155 0.0467737 0.0111105 0.00215917 0.000200881 7.20253e-06 9.02244e-08 2.97573e-10 1.95447e-13 2.16989e-17 3.68226e-22
 1.564e-41 2.17073e-33 3.64185e-26 7.3856e-20 1.81049e-14 5.36482e-10 1.92159e-06 0.000831983 0.0435427 0.275467 0.211743 0.0581002 0.165682 0.105043 0.0832355 0.0440089 0.0106346 0.00159372 0.000112844 3.52011e-06 3.21492e-08 7.15026e-11 3.26133e-14 2.55396e-18 3.05985e-23
 1.72857e-41 2.39915e-33 4.02506e-26 8.16275e-20 2.001e-14 5.92933e-10 2.12379e-06 0.000919528 0.0481244 0.304453 0.234079 0.0627673 0.163347 0.0928596 0.0569529 0.0279825 0.00740589 0.00104478 6.03263e-05 1.35967e-06 9.5505e-09 1.54983e-11 4.7771e-15 2.51798e-19 2.07284e-24
 1.65683e-41 2.29956e-33 3.858e-26 7.82394e-20 1.91795e-14 5.68323e-10 2.03564e-06 0.000881361 0.0461269 0.291819 0.224836 0.07125 0.184748 0.0979733 0.0550773 0.0222925 0.00440035 0.00056284 3.05957e-05 5.51992e-07 2.7539e-09 3.18998e-12 7.06481e-16 2.58136e-20 1.43348e-25
 1.53395e-41 2.12902e-33 3.57188e-26 7.2437e-20 1.77571e-14 5.26174e-10 1.88467e-06 0.000815998 0.0427061 0.27018 0.208753 0.0785234 0.199718 0.10472 0.0665362 0.0237971 0.00386777 0.000364581 1.51953e-05 2.33652e-07 9.20722e-10 7.6005e-13 1.16337e-16 2.97011e-21 1.15619e-26
 1.46405e-41 2.032e-33 3.4091e-26 6.9136e-20 1.69479e-14 5.02196e-10 1.79879e-06 0.000778812 0.0407599 0.257871 0.199794 0.084269 0.204165 0.107568 0.075264 0.0251638 0.00404402 0.000311606 9.23201e-06 1.00064e-07 3.01414e-10 1.91316e-13 2.12867e-17 3.78014e-22 1.01095e-27
 1.88559e-41 2.61708e-33 4.39069e-26 8.90424e-20 2.18277e-14 6.46794e-10 2.31671e-06 0.00100306 0.052496 0.332115 0.256097 0.0729526 0.140582 0.0734686 0.0522599 0.0162761 0.00256538 0.000177976 4.36452e-06 3.34046e-08 6.74246e-11 3.00771e-14 2.4539e-18 3.19211e-23 6.10329e-29
 1.56837e-41 2.1768e-33 3.65203e-26 7.40624e-20 1.81555e-14 5.37981e-10 1.92696e-06 0.000834308 0.0436644 0.276255 0.215149 0.102361 0.214061 0.0903376 0.043084 0.0122547 0.00187548 0.000118961 2.59145e-06 1.60274e-08 2.32999e-11 6.94303e-15 3.78427e-19 3.40439e-24 4.62975e-30
 1.27247e-41 1.7661e-33 2.96301e-26 6.00892e-20 1.47302e-14 4.36481e-10 1.56341e-06 0.0006769 0.0354263 0.224148 0.17645 0.113691 0.233334 0.119385 0.0780265 0.017025 0.00174049 9.35489e-05 1.79772e-06 9.3744e-09 1.08212e-11 2.37654e-15 8.94696e-20 5.37564e-25 4.87927e-31
 1.1486e-41 1.59418e-33 2.67457e-26 5.42397e-20 1.32962e-14 3.93991e-10 1.41121e-06 0.000611007 0.0319777 0.20234 0.160563 0.117427 0.227314 0.135153 0.0978829 0.0238435 0.00277825 0.000106946 1.42791e-06 5.9369e-09 5.52371e-12 9.46085e-16 2.66969e-20 1.1545e-25 7.2849e-32
 1.55681e-41 2.16074e-33 3.6251e-26 7.35163e-20 1.80216e-14 5.34014e-10 1.91275e-06 0.000828156 0.0433424 0.274234 0.214769 0.100767 0.16548 0.104464 0.0742534 0.019304 0.00245588 9.96378e-05 1.14865e-06 3.26796e-09 2.14761e-12 2.77553e-16 5.96607e-21 1.93745e-26 9.00579e-33
 1.40685e-41 1.95261e-33 3.27591e-26 6.64348e-20 1.62857e-14 4.82575e-10 1.72851e-06 0.000748383 0.0391675 0.247852 0.197642 0.135891 0.215096 0.0972377 0.05167 0.0130017 0.0016243 6.74871e-05 7.77111e-07 1.96805e-09 9.65088e-13 8.50394e-17 1.27056e-21 2.98145e-27 1.01944e-33
 1.46182e-41 2.0289e-33 3.40391e-26 6.90305e-20 1.6922e-14 5.0143e-10 1.79604e-06 0.000777624 0.0406979 0.257543 0.205373 0.129939 0.189967 0.107766 0.0571414 0.00983973 0.000917567 3.46663e-05 3.74767e-07 8.81947e-10 3.79798e-13 2.68027e-17 2.91583e-22 4.71585e-28 1.10405e-34
 1.44352e-41 2.00352e-33 3.36131e-26 6.81668e-20 1.67103e-14 4.95156e-10 1.77357e-06 0.000767894 0.0401886 0.254352 0.205041 0.144565 0.19578 0.100981 0.0486751 0.00893097 0.000699848 1.78294e-05 1.48695e-07 2.9846e-10 1.10796e-13 6.61873e-18 5.88185e-23 7.41085e-29 1.28537e-35
 1.5567e-41 2.1606e-33 3.62486e-26 7.35114e-20 1.80205e-14 5.33979e-10 1.91263e-06 0.000828101 0.0433397 0.274305 0.220966 0.141366 0.175093 0.0951899 0.0418009 0.00662911 0.000471022 1.05508e-05 6.30824e-08 8.81867e-11 2.49009e-14 1.18786e-18 8.50365e-24 8.57097e-30 1.17218e-36
 1.5092e-41 2.09467e-33 3.51425e-26 7.12683e-20 1.74706e-14 5.17685e-10 1.85426e-06 0.000802832 0.0420173 0.265992 0.217797 0.160573 0.184577 0.0889425 0.0340476 0.00494677 0.000295967 5.45584e-06 2.68099e-08 2.80912e-11 5.47233e-15 1.81739e-19 9.49165e-25 7.22331e-31 7.57148e-38
 1.55213e-41 2.15426e-33 3.61422e-26 7.32956e-20 1.79676e-14 5.32411e-10 1.90701e-06 0.00082567 0.0432126 0.273593 0.225019 0.160337 0.172556 0.0896385 0.0308918 0.00373617 0.000186282 2.82602e-06 1.09235e-08 8.87811e-12 1.30708e-15 3.11729e-20 1.12546e-25 5.89681e-32 4.33645e-39
 1.55659e-41 2.16045e-33 3.6246e-26 7.35061e-20 1.80192e-14 5.33941e-10 1.91249e-06 0.000828042 0.043337 0.274448 0.228636 0.170849 0.170194 0.0827617 0.0258768 0.00294401 0.000122097 1.44445e-06 4.32483e-09 2.67633e-12 2.9492e-16 5.22091e-21 1.38167e-26 5.19545e-33 2.68228e-40
 1.59277e-41 2.21066e-33 3.70884e-26 7.52145e-20 1.8438e-14 5.4635e-10 1.95694e-06 0.000847287 0.0443443 0.280892 0.235936 0.174293 0.162199 0.0778934 0.0214198 0.00209731 7.45243e-05 7.27294e-07 1.66382e-09 7.62664e-13 6.19541e-17 8.04165e-22 1.55115e-27 4.23598e-34 1.58303e-41
 1.59028e-41 2.20721e-33 3.70305e-26 7.50971e-20 1.84092e-14 5.45497e-10 1.95388e-06 0.000845963 0.0442754 0.280566 0.239417 0.184208 0.159709 0.0719613 0.0174794 0.00149305 4.33803e-05 3.38447e-07 6.09368e-10 2.11757e-13 1.25839e-17 1.17725e-22 1.63303e-28 3.20727e-35 8.61279e-43
 1.36979e-41 1.90118e-33 3.18962e-26 6.46848e-20 1.58567e-14 4.69864e-10 1.68297e-06 0.000728671 0.0381375 0.241964 0.218409 0.217038 0.183486 0.0813613 0.0175435 0.00129883 3.12935e-05 1.94364e-07 2.68563e-10 7.05319e-14 3.1297e-18 2.14823e-23 2.14941e-29 3.01302e-36 5.75228e-44
 1.39839e-41 1.94088e-33 3.25622e-26 6.60356e-20 1.61878e-14 4.79675e-10 1.71812e-06 0.000743887 0.0389343 0.247102 0.22322 0.204996 0.176969 0.0891273 0.0177306 0.0011516 2.28533e-05 1.12564e-07 1.1949e-10 2.34947e-14 7.68071e-19 3.85683e-24 2.81084e-30 2.85384e-37 3.91826e-45
 1.46897e-41 2.03884e-33 3.42058e-26 6.93686e-20 1.70049e-14 5.03886e-10 1.80484e-06 0.000781433 0.0408993 0.259521 0.232176 0.202732 0.168805 0.0781186 0.0158843 0.00106087 1.93707e-05 8.25583e-08 7.34768e-11 1.19073e-14 3.17339e-19 1.28887e-24 7.55883e-31 6.16207e-38 6.79013e-46
 1.46899e-41 2.03886e-33 3.42061e-26 6.93693e-20 1.70051e-14 5.03891e-10 1.80486e-06 0.000781441 0.0408997 0.259523 0.232179 0.202736 0.168892 0.0782912 0.015686 0.000992964 1.6829e-05 6.51819e-08 5.18669e-11 7.43413e-15 1.73901e-19 6.16814e-25 3.14766e-31 2.22694e-38 2.12565e-46
#pred catch len freq
 2.5594e-27 2.57792e-27 2.36872e-26 4.45699e-20 1.09258e-14 3.2375e-10 1.15962e-06 0.000502071 0.0262766 0.166234 0.127641 0.0445551 0.249451 0.230112 0.0456008 0.0463942 0.0190134 0.0134716 0.00803434 0.00596049 0.00458499 0.00389951 0.00385378 0.00338504 0.00102983
 2.56053e-27 2.58139e-27 2.70781e-26 5.17244e-20 1.26796e-14 3.7572e-10 1.34576e-06 0.000582665 0.0304946 0.192918 0.147958 0.0408732 0.207161 0.19199 0.05538 0.0782017 0.0272119 0.0124045 0.0055731 0.00314661 0.00197048 0.00143011 0.00124764 0.00109257 0.000363795
 2.56147e-27 2.58368e-27 2.88271e-26 5.5413e-20 1.35838e-14 4.02513e-10 1.44173e-06 0.000624216 0.0326692 0.206675 0.158496 0.0429621 0.215652 0.199157 0.0444997 0.0517649 0.0220029 0.015861 0.00556914 0.00200711 0.000861376 0.000476791 0.000342611 0.000280633 9.65955e-05
 2.56192e-27 2.58475e-27 2.96297e-26 5.71057e-20 1.39988e-14 4.14809e-10 1.48578e-06 0.000643284 0.0336672 0.212988 0.163331 0.0438308 0.218867 0.202005 0.04294 0.0472821 0.0174403 0.00956996 0.00451233 0.00201855 0.000541283 0.000182088 9.27535e-05 6.49654e-05 2.20827e-05
 2.56348e-27 2.58889e-27 3.32104e-26 6.46591e-20 1.58504e-14 4.69676e-10 1.6823e-06 0.000728372 0.0381203 0.24116 0.184835 0.043397 0.200457 0.184931 0.038397 0.0411677 0.014791 0.00742431 0.00282802 0.00118583 0.000430103 0.000100415 2.7166e-05 1.36339e-05 4.32722e-06
 2.56297e-27 2.58739e-27 3.17687e-26 6.16172e-20 1.51047e-14 4.4758e-10 1.60316e-06 0.000694105 0.036327 0.229815 0.176194 0.0447409 0.216756 0.199788 0.0377011 0.0358097 0.0126924 0.00613062 0.00222137 0.000799251 0.000245786 6.81577e-05 1.22739e-05 3.11217e-06 8.22554e-07
 2.56331e-27 2.58834e-27 3.2616e-26 6.34048e-20 1.55429e-14 4.60565e-10 1.64967e-06 0.000714242 0.0373809 0.236482 0.181279 0.0443882 0.210498 0.194066 0.0376662 0.0371361 0.0125642 0.00517331 0.0018133 0.000621194 0.000166924 3.94988e-05 7.24537e-06 9.75999e-07 1.61289e-07
 2.5653e-27 2.59367e-27 3.72654e-26 7.32128e-20 1.79472e-14 5.31809e-10 1.90485e-06 0.000824728 0.0431633 0.273063 0.209198 0.0435425 0.184447 0.169909 0.0312763 0.0286323 0.009809 0.00422042 0.00137077 0.000411697 0.000104297 2.16189e-05 3.41709e-06 3.696e-07 3.11066e-08
 2.56599e-27 2.59542e-27 3.86853e-26 7.62077e-20 1.86814e-14 5.53563e-10 1.98277e-06 0.000858464 0.0449289 0.284233 0.217737 0.0441634 0.183173 0.168513 0.0270384 0.0192818 0.00641266 0.00251348 0.000827839 0.000249798 5.55423e-05 1.03972e-05 1.42072e-06 1.28348e-07 6.85554e-09
 2.56532e-27 2.59358e-27 3.70419e-26 7.27408e-20 1.78315e-14 5.2838e-10 1.89257e-06 0.00081941 0.042885 0.271303 0.207873 0.0447798 0.194794 0.179226 0.0287693 0.0205078 0.00640532 0.00186292 0.000568888 0.000160687 3.60088e-05 6.12087e-06 7.28628e-07 5.55399e-08 2.26878e-09
 2.56498e-27 2.59267e-27 3.62622e-26 7.1096e-20 1.74283e-14 5.16433e-10 1.84978e-06 0.000800882 0.0419153 0.265168 0.20319 0.0448016 0.198251 0.182467 0.0302634 0.0231017 0.00722564 0.00209042 0.000569648 0.000124084 2.52213e-05 4.17137e-06 4.55006e-07 2.95923e-08 9.87867e-10
 2.5666e-27 2.59706e-27 4.01302e-26 7.92558e-20 1.94286e-14 5.75704e-10 2.06208e-06 0.0008928 0.0467259 0.295601 0.226412 0.043774 0.174115 0.160162 0.0257142 0.0183436 0.00581407 0.00181894 0.000499999 0.00010445 1.69741e-05 2.33967e-06 2.40156e-07 1.41409e-08 3.97127e-10
 2.56662e-27 2.59706e-27 4.00887e-26 7.91682e-20 1.94071e-14 5.75068e-10 2.0598e-06 0.000891813 0.0466743 0.295275 0.226168 0.0441678 0.177283 0.163001 0.0246745 0.0152495 0.00475014 0.00137687 0.000385088 8.58079e-05 1.37313e-05 1.59176e-06 1.30592e-07 6.98914e-09 1.74763e-10
 2.56512e-27 2.59295e-27 3.64105e-26 7.14085e-20 1.75049e-14 5.18703e-10 1.85791e-06 0.000804402 0.0420995 0.266334 0.204091 0.0455308 0.203166 0.18683 0.0278873 0.0165701 0.00502723 0.00124338 0.000331382 6.9864e-05 1.16705e-05 1.37223e-06 9.6657e-08 4.11959e-09 9.10851e-11
 2.56402e-27 2.58997e-27 3.3797e-26 6.58952e-20 1.61534e-14 4.78654e-10 1.71446e-06 0.000742295 0.0388491 0.24577 0.188399 0.0461641 0.21901 0.201488 0.0311653 0.0203548 0.00615149 0.00145645 0.000367532 6.71518e-05 1.04815e-05 1.23283e-06 8.83056e-08 3.26265e-09 5.79553e-11
 2.56501e-27 2.59273e-27 3.62867e-26 7.11477e-20 1.7441e-14 5.16808e-10 1.85112e-06 0.000801464 0.0419457 0.265361 0.20334 0.04503 0.199883 0.183925 0.0296355 0.0212944 0.00654629 0.00171476 0.000434261 7.53265e-05 1.0508e-05 1.10303e-06 7.71038e-08 2.84728e-09 4.41039e-11
 2.5663e-27 2.59617e-27 3.92806e-26 7.74633e-20 1.89892e-14 5.62684e-10 2.01544e-06 0.000872609 0.0456692 0.288916 0.221319 0.0445431 0.183546 0.168749 0.0251308 0.0148431 0.00462604 0.0013488 0.000356561 6.72132e-05 9.19994e-06 8.75634e-07 5.37712e-08 1.89838e-09 2.88076e-11
 2.56608e-27 2.59556e-27 3.87192e-26 7.62789e-20 1.86989e-14 5.5408e-10 1.98462e-06 0.000859266 0.0449709 0.284498 0.217951 0.0448539 0.188278 0.173089 0.0254168 0.0143926 0.00433155 0.00102109 0.000270743 5.63218e-05 8.29929e-06 8.13947e-07 4.58948e-08 1.42505e-09 2.0363e-11
 2.5666e-27 2.59695e-27 3.99297e-26 7.88325e-20 1.93248e-14 5.72629e-10 2.05106e-06 0.000888032 0.0464764 0.294023 0.225221 0.04471 0.182074 0.167313 0.0234764 0.0114193 0.00340288 0.000765701 0.000189115 3.31678e-05 5.10787e-06 5.49703e-07 3.2502e-08 9.43077e-10 1.19372e-11
 2.56687e-27 2.59767e-27 4.05624e-26 8.01672e-20 1.9652e-14 5.82324e-10 2.08579e-06 0.000903067 0.0472633 0.299001 0.22902 0.0445428 0.178134 0.163674 0.0227854 0.0107555 0.00314277 0.000606188 0.00014379 2.37548e-05 3.1928e-06 3.24238e-07 2.09299e-08 6.40772e-10 7.69446e-12
 2.56729e-27 2.59883e-27 4.15933e-26 8.2342e-20 2.01852e-14 5.98122e-10 2.14237e-06 0.000927566 0.0485455 0.307112 0.235208 0.0441893 0.171096 0.15719 0.0218337 0.010217 0.00297511 0.000556498 0.000126481 1.81897e-05 2.29093e-06 2.07469e-07 1.21883e-08 3.95367e-10 5.00792e-12
 2.56778e-27 2.60013e-27 4.2735e-26 8.47505e-20 2.07756e-14 6.15617e-10 2.20504e-06 0.000954696 0.0499654 0.316095 0.242063 0.0439449 0.16442 0.151006 0.0203037 0.00828508 0.00239996 0.000445024 0.000100307 1.3897e-05 1.59292e-06 1.28086e-07 6.73136e-09 1.98008e-10 2.58311e-12
 2.56802e-27 2.60078e-27 4.33025e-26 8.59477e-20 2.1069e-14 6.24313e-10 2.23619e-06 0.000968183 0.0506712 0.32056 0.245471 0.0438177 0.161057 0.147894 0.0195842 0.00742604 0.00211781 0.000344758 7.5268e-05 1.03238e-05 1.15685e-06 8.61971e-08 3.97555e-09 1.03335e-10 1.22681e-12
 2.56774e-27 2.6e-27 4.25987e-26 8.44629e-20 2.0705e-14 6.13528e-10 2.19755e-06 0.000951457 0.0497958 0.315022 0.241248 0.0441829 0.166803 0.15316 0.0198573 0.00672277 0.00189738 0.000288515 6.03058e-05 7.35798e-06 7.95936e-07 5.81162e-08 2.50881e-09 5.73839e-11 5.96993e-13
 2.56818e-27 2.60122e-27 4.36942e-26 8.67741e-20 2.12716e-14 6.30316e-10 2.25769e-06 0.000977492 0.0511584 0.323642 0.247822 0.0437103 0.158588 0.145614 0.0191569 0.00702402 0.00197228 0.000271064 5.43519e-05 6.19182e-06 6.16155e-07 4.10687e-08 1.71907e-09 3.69827e-11 3.40749e-13
 2.56771e-27 2.59992e-27 4.25272e-26 8.4312e-20 2.06681e-14 6.12432e-10 2.19363e-06 0.000949757 0.0497069 0.314459 0.240818 0.0442063 0.167283 0.153602 0.0199332 0.00678411 0.0019102 0.000281551 5.66867e-05 5.87699e-06 5.48365e-07 3.34527e-08 1.26522e-09 2.57755e-11 2.23613e-13
 2.56817e-27 2.6012e-27 4.36683e-26 8.67193e-20 2.12582e-14 6.29918e-10 2.25626e-06 0.000976875 0.0511261 0.323438 0.247667 0.0437682 0.159137 0.146108 0.0190226 0.00659361 0.00184804 0.000255117 5.09567e-05 5.60361e-06 5.09542e-07 2.82744e-08 9.77218e-10 1.79295e-11 1.44794e-13
 2.56842e-27 2.60187e-27 4.42433e-26 8.79322e-20 2.15555e-14 6.38729e-10 2.28782e-06 0.000990538 0.0518412 0.327962 0.251121 0.0437107 0.156273 0.143437 0.0180303 0.0050045 0.00139043 0.000194967 3.87133e-05 4.02343e-06 3.69555e-07 2.10268e-08 6.73559e-10 1.11725e-11 8.12297e-14
 2.56745e-27 2.5992e-27 4.18561e-26 8.28962e-20 2.0321e-14 6.02148e-10 2.15679e-06 0.000933809 0.0488722 0.309179 0.236793 0.0446341 0.173367 0.159163 0.0199478 0.00541675 0.0014831 0.000172341 3.21636e-05 3.37731e-06 3.03077e-07 1.66952e-08 5.46123e-10 8.65436e-12 5.68654e-14
#obs catch len freq
 5.98477e-42 8.30647e-34 1.39358e-26 2.82616e-20 6.92799e-15 2.05289e-10 7.35312e-07 0.000318365 0.0166619 0.105409 0.0812572 0.0423909 0.227007 0.191683 0.131795 0.127439 0.0521416 0.01937 0.0040392 0.000463988 2.19182e-05 3.11226e-07 9.98577e-10 5.89026e-13 5.58084e-17
 6.81707e-42 9.46164e-34 1.58739e-26 3.21919e-20 7.89146e-15 2.33838e-10 8.37571e-07 0.000362639 0.0189791 0.120069 0.0925629 0.0461551 0.230025 0.184731 0.129333 0.11461 0.0448511 0.0151744 0.00285215 0.000281881 1.0797e-05 1.17727e-07 2.79195e-10 1.18849e-13 8.01689e-18
 1.03137e-41 1.43147e-33 2.40159e-26 4.87037e-20 1.19391e-14 3.53779e-10 1.26718e-06 0.000548644 0.0287139 0.181654 0.139657 0.0481267 0.201942 0.154158 0.110298 0.0894233 0.0334462 0.0101932 0.001691 0.000141539 4.36913e-06 3.64804e-08 6.38581e-11 1.96242e-14 9.43301e-19
 8.81847e-42 1.22395e-33 2.05342e-26 4.1643e-20 1.02083e-14 3.0249e-10 1.08347e-06 0.000469106 0.0245511 0.15532 0.119885 0.0600793 0.262254 0.183024 0.0957322 0.0674118 0.023804 0.00646962 0.000932483 6.46524e-05 1.58326e-06 1.00722e-08 1.30092e-11 2.88805e-15 9.90379e-20
 1.21523e-41 1.68665e-33 2.82971e-26 5.73859e-20 1.40675e-14 4.16845e-10 1.49307e-06 0.000646449 0.0338326 0.214037 0.164619 0.0539704 0.193474 0.135793 0.110435 0.0706327 0.0180546 0.0039837 0.000491079 2.77523e-05 5.29147e-07 2.53339e-09 2.4048e-12 3.85815e-16 9.45338e-21
 1.28078e-41 1.77763e-33 2.98235e-26 6.04814e-20 1.48263e-14 4.39331e-10 1.57361e-06 0.000681319 0.0356575 0.225583 0.173754 0.0636789 0.220598 0.137948 0.0771443 0.0465561 0.0153004 0.00283944 0.000246516 1.07715e-05 1.5733e-07 5.59039e-10 3.86246e-13 4.45909e-17 7.8023e-22
 1.17107e-41 1.62536e-33 2.72688e-26 5.53006e-20 1.35563e-14 4.01698e-10 1.43882e-06 0.000622958 0.0326031 0.206262 0.15928 0.0694531 0.235016 0.142889 0.0934471 0.047426 0.0108952 0.00194017 0.000159613 4.89777e-06 5.0355e-08 1.29861e-10 6.46094e-14 5.32448e-18 6.61879e-23
 1.45095e-41 2.01382e-33 3.3786e-26 6.85173e-20 1.67962e-14 4.97702e-10 1.78269e-06 0.000771842 0.0403952 0.255556 0.196852 0.0647145 0.184944 0.112564 0.089777 0.0430726 0.0099257 0.00133722 8.47751e-05 2.23097e-06 1.64761e-08 2.86264e-11 9.88346e-15 5.73707e-19 5.02962e-24
 1.67441e-41 2.32397e-33 3.89895e-26 7.90699e-20 1.93831e-14 5.74356e-10 2.05725e-06 0.000890717 0.0466166 0.294916 0.227115 0.0687872 0.175054 0.0947088 0.0582562 0.0262306 0.00655789 0.000822145 4.16525e-05 7.91532e-07 4.4762e-09 5.62575e-12 1.31005e-15 5.11869e-20 3.08175e-25
 1.64447e-41 2.28241e-33 3.82922e-26 7.76559e-20 1.90364e-14 5.64084e-10 2.02046e-06 0.000874788 0.0457829 0.289644 0.223537 0.0770919 0.190119 0.0957957 0.0534548 0.0195934 0.00366446 0.000419449 1.97023e-05 2.9478e-07 1.17772e-09 1.05511e-12 1.7599e-16 4.76099e-21 1.93451e-26
 1.5582e-41 2.16268e-33 3.62834e-26 7.35821e-20 1.80378e-14 5.34493e-10 1.91447e-06 0.000828897 0.0433812 0.274453 0.212418 0.0839998 0.199442 0.100056 0.0621221 0.0199924 0.00304046 0.000254369 9.22398e-06 1.16804e-07 3.64162e-10 2.31248e-13 2.6627e-17 5.02821e-22 1.43137e-27
 1.51856e-41 2.10766e-33 3.53604e-26 7.17102e-20 1.75789e-14 5.20895e-10 1.86576e-06 0.000807811 0.0422776 0.267475 0.207561 0.0891996 0.199369 0.101284 0.0681826 0.0205779 0.00305323 0.00020546 5.24378e-06 4.68847e-08 1.1159e-10 5.41612e-14 4.5161e-18 5.92606e-23 1.15866e-28
 1.93127e-41 2.68047e-33 4.49705e-26 9.11992e-20 2.23564e-14 6.62461e-10 2.37283e-06 0.00102735 0.0537676 0.340162 0.262576 0.0761854 0.135772 0.0688104 0.0465506 0.0131362 0.00189319 0.00011388 2.36616e-06 1.47784e-08 2.35528e-11 8.03636e-15 4.90301e-19 4.70266e-24 6.56938e-30
 1.62278e-41 2.25232e-33 3.77873e-26 7.66319e-20 1.87854e-14 5.56646e-10 1.99381e-06 0.000863253 0.0451792 0.285844 0.223078 0.107327 0.205753 0.0827785 0.0379068 0.00982936 0.00136219 7.45862e-05 1.36184e-06 6.79257e-09 7.72996e-12 1.75814e-15 7.16693e-20 4.74991e-25 4.71189e-31
 1.33656e-41 1.85506e-33 3.11224e-26 6.31156e-20 1.54721e-14 4.58465e-10 1.64215e-06 0.000710993 0.0372106 0.235445 0.185893 0.119992 0.225499 0.112559 0.068116 0.0132745 0.00124031 5.77412e-05 9.2264e-07 3.84877e-09 3.4503e-12 5.75297e-16 1.61688e-20 7.15866e-26 4.74039e-32
 1.21908e-41 1.69201e-33 2.8387e-26 5.75682e-20 1.41122e-14 4.18169e-10 1.49781e-06 0.000648502 0.03394 0.214765 0.171009 0.124158 0.2202 0.129125 0.0853214 0.0188347 0.00193283 6.3356e-05 7.08489e-07 2.35231e-09 1.68983e-12 2.18661e-16 4.59155e-21 1.46144e-26 6.73125e-33
 1.63389e-41 2.26773e-33 3.80458e-26 7.71561e-20 1.89139e-14 5.60454e-10 2.00745e-06 0.000869158 0.0454883 0.28782 0.225863 0.104596 0.157279 0.0980779 0.0632695 0.015012 0.00166622 5.6963e-05 5.35949e-07 1.2124e-09 6.16041e-13 5.99981e-17 9.56664e-22 2.28142e-27 7.73192e-34
 1.48489e-41 2.06093e-33 3.45764e-26 7.01203e-20 1.71892e-14 5.09346e-10 1.8244e-06 0.0007899 0.0413403 0.261615 0.209272 0.14053 0.202597 0.0890934 0.0436065 0.0100263 0.00108979 3.80124e-05 3.53066e-07 7.00332e-10 2.63183e-13 1.74583e-17 1.93329e-22 3.32409e-28 8.26884e-35
 1.54597e-41 2.1457e-33 3.59986e-26 7.30045e-20 1.78962e-14 5.30297e-10 1.89944e-06 0.000822391 0.0430408 0.272385 0.21781 0.133622 0.178529 0.0989843 0.0468834 0.00730139 0.000600928 1.90484e-05 1.65186e-07 3.01931e-10 9.87575e-14 5.21438e-18 4.1965e-23 4.97421e-29 8.46771e-36
 1.52924e-41 2.12249e-33 3.56092e-26 7.22146e-20 1.77026e-14 5.24559e-10 1.87889e-06 0.000813493 0.0425752 0.269475 0.21791 0.147904 0.182859 0.0917297 0.0397358 0.00654663 0.000439492 9.40846e-06 6.32733e-08 9.8275e-11 2.75508e-14 1.2245e-18 8.01615e-24 7.38789e-30 9.32119e-37
 1.64526e-41 2.28352e-33 3.83107e-26 7.76933e-20 1.90456e-14 5.64356e-10 2.02143e-06 0.00087521 0.0458053 0.289932 0.234167 0.143267 0.162198 0.0853435 0.0333732 0.00474365 0.000288344 5.32767e-06 2.5426e-08 2.75621e-11 5.8717e-15 2.07616e-19 1.09051e-24 8.01246e-31 7.95167e-38
 1.59863e-41 2.2188e-33 3.72249e-26 7.54914e-20 1.85058e-14 5.48361e-10 1.96414e-06 0.000850405 0.0445072 0.281784 0.231422 0.161997 0.17007 0.0788207 0.0268922 0.00347454 0.00017636 2.67298e-06 1.0394e-08 8.37378e-12 1.2286e-15 3.02298e-20 1.15569e-25 6.39017e-32 4.84515e-39
 1.64351e-41 2.28108e-33 3.82698e-26 7.76104e-20 1.90253e-14 5.63754e-10 2.01928e-06 0.000874276 0.0457566 0.289734 0.238944 0.160824 0.158622 0.0786458 0.0239278 0.00256037 0.00010787 1.33486e-06 4.0618e-09 2.52718e-12 2.78998e-16 4.92012e-21 1.30019e-26 4.94698e-33 2.62626e-40
 1.6488e-41 2.28843e-33 3.83931e-26 7.78604e-20 1.90866e-14 5.6557e-10 2.02578e-06 0.000877092 0.0459042 0.29075 0.242859 0.170384 0.155585 0.0717678 0.0198255 0.00197494 6.84802e-05 6.57679e-07 1.54289e-09 7.2785e-13 5.99674e-17 7.83087e-22 1.51451e-27 4.13491e-34 1.54244e-41
 1.68553e-41 2.3394e-33 3.92483e-26 7.95947e-20 1.95117e-14 5.78167e-10 2.0709e-06 0.000896629 0.046927 0.297304 0.250305 0.17276 0.147621 0.0666533 0.0161146 0.00137482 4.06193e-05 3.18795e-07 5.68157e-10 1.97928e-13 1.199e-17 1.14564e-22 1.61239e-28 3.19279e-35 8.61293e-43
 1.68288e-41 2.33572e-33 3.91866e-26 7.94696e-20 1.9481e-14 5.77259e-10 2.06765e-06 0.00089522 0.0468537 0.29697 0.253971 0.181741 0.144764 0.0608624 0.0129604 0.00095618 2.29536e-05 1.43306e-07 1.99899e-10 5.25655e-14 2.32418e-18 1.59818e-23 1.61528e-29 2.29749e-36 4.44913e-44
 1.46522e-41 2.03363e-33 3.41184e-26 6.91914e-20 1.69615e-14 5.02599e-10 1.80023e-06 0.000779438 0.040795 0.258921 0.234276 0.215021 0.16769 0.0687384 0.0129401 0.000821382 1.62422e-05 8.02006e-08 8.54786e-11 1.69302e-14 5.57433e-19 2.80782e-24 2.04547e-30 2.07554e-37 2.85577e-45
 1.49643e-41 2.07695e-33 3.48451e-26 7.06652e-20 1.73227e-14 5.13305e-10 1.83857e-06 0.00079604 0.0416637 0.264328 0.234646 0.196954 0.167283 0.0789194 0.0145405 0.000851788 1.48299e-05 6.26077e-08 5.58226e-11 9.08861e-15 2.43489e-19 9.94859e-25 5.87028e-31 4.80896e-38 5.31408e-46
 1.55981e-41 2.16491e-33 3.63209e-26 7.3658e-20 1.80564e-14 5.35044e-10 1.91644e-06 0.000829754 0.0434281 0.275479 0.242659 0.194192 0.157659 0.0708643 0.0139972 0.000875849 1.4734e-05 5.67395e-08 4.49637e-11 6.42629e-15 1.50019e-19 5.31316e-25 2.70833e-31 1.91446e-38 1.82613e-46
#spawning biomass
 16580.9 18947.4 20623.9 22346.9 26789.1 32713.1 37390.9 46097.5 61231.3 83004.7 102373 127876 175645 197823 174651 150354 143414 150559 139381 139782 147960 156698 169724 172105 183787 188935 185625 173304 182394 239611 153685 50658.5 22662.9 16266.4 14951.5 14699.3 14653.3 14645.1 14643.7 14643.5 14643.4 14643.4 14643.4 14643.4 14643.4 14643.4 14643.4 14643.4 14643.4 14643.4 14643.4 14643.4 14643.4 14643.4 14643.4 14643.4 14643.4 14643.4 14643.4 14643.4 14643.4 14643.4 14643.4 14643.4 14643.4 14643.4 14643.4 14643.4 14643.4 14643.4 14643.4 14643.4 14643.4 14643.4 14643.4 14643.4 14643.4 14643.4 14643.4 14643.4 14643.4 14643.4 14643.4 14643.4 14643.4 14643.4 14643.4 14643.4 14643.4 14643.4 14643.4 14643.4 14643.4 14643.4 14643.4 14643.4 14643.4 14643.4 14643.4 14643.4 14643.4 14643.4 14643.4 14643.4 14643.4 14643.4 14643.4 14643.4 14643.4 14643.4 14643.4 14643.4 14643.4 14643.4 14643.4 14643.4 14643.4 14643.4 14643.4 14643.4 14643.4 14643.4 14643.4 14643.4 14643.4 14643.4 14643.4 14643.4 14643.4 0 0 0 0 0 0 0 0 0 0 0 0 0 0 0 0 0 0 0 0 0 0 0 0 0
