SBPRF35
0.298504
Curr Bio
997.062
B35
715.477
F35
0.245179
FOFL
0.245179
OFL
260.589
Bzero
85286.9
#pred survey bio
 1192.61 771.919 531.423 503.014 453.664 395.332 360.153 435.463 372.105 327.243 291.766 269.2 260.627 284.34 286.841 290.554 293.577 284.306 273.562 268.244 260.937 269.647 279.364 289.01 304.326 322.197 337.792 345.465 344.03 332.446 321.438 307.051 302.35 298.101 294.287 292.954 296.334 298.921 307.119 318.855 320.959 319.455 296.407 295.19 303.506 305.006 298.415 289.899 281.518 256.708 237.155 224.684 217.948 221.554 225.562 218.105 206.501 193.699 204.18 199.974 191.035 182.755 185.076 181.547 178.221 206.241 204.124 211.019 214.922 222.622 227.368 250.306 261.865 272.503 310.683 343.832 366.968 390.087 349.173 346.262 443.139 508.192 466.455 420.421 444.164 507.851 449.275 405.59 374.622 340.437 334.572 355.458 449.117 584.894 225.461 312.516 383.399 417.574 978.188 44602.6 90424.5 173946 272309 365492 444196 506144 552599 586364 610535 627744 640020 648832 655218 659900 663381 665995 667988 669528 670733 671687 672448 673062 673559 673965 674298 674571 674797 674983 675138 675266 675372 675461 675535 675596 675647 675690 675725 675755 675779 675800 675817 675831 675843 675853 675861 675868 675874 675879 675883 675886 675889 675891 675893 675895 675896 675898 675898 675899 675900 675900 675901 675901 675902 675902 675902 675902 675902 675903 675903 675903 675903 675903 675903 675903 675903 675903 675903 675903 675903 675903 675903 675903 675903 675903 675903 675903 675903 675903 675903 675903 675903 675903 675903 675903 675903 675903 675903 675903 675903 0 0 0 0 0 0 0 0 0 0 0 0 0 0 0 0 0 0 0 0 0 0 0 0 0
#obs survey bio
 1442 859.351 768.376 436.024 585.366 389.796 309.943 604.839 410.964 523.762 456.03 305.303 508.545 379.637 467.62 511.285 424.096 432.949 389.024 400.746 675.256 403.921 429.883 346.539 435.589 351.18 417.364 573.622 576.072 309.735 299.073 355.257 484.834 465.793 454.477 411.508 392.368 291.564 357.872 381.324 541.124 353.915 311.802 297.71 420.129 421.616 312.526 290.797 280.576 264.53 287.928 199.484 318.243 263.024 258.041 241.13 221.888 247.55 244.66 258.417 209.34 250.505 202.294 245.199 165.726 190.397 231.063 201.036 236.42 201.631 204.166 304.309 170.983 186.149 191.371 158.914 228.833 231.052 224.487 169.294 237.168 225.385 247.919 181.715 193.386 245.178 193.381 177.141 279.712 272.862 183.556 234.961 173.155 224.894 195.03 210.245 233.284 237.484 426.771
#pred catch bio
 130.146 164.875 131.908 107.395 92.4299 84.657 61.9387 75.4366 80.1167 69.0497 64.6794 60.8488 55.1703 62.8547 63.8689 65.6831 71.8924 67.5705 65.7949 65.6701 59.8773 59.631 58.3986 64.5207 64.4402 64.5199 73.4738 67.1301 67.9411 69.4825 70.8576 60.2939 58.9989 62.2437 61.0013 58.263 62.7675 64.2569 60.0415 63.1315 60.0934 76.5811 68.3889 71.861 77.8112 82.2814 87.4065 87.3623 98.3142 94.7136 91.2012 90.5384 85.7216 88.6575 86.5338 91.0454 96.5031 93.2946 91.86 100.567 99.1361 99.6468 94.9321 94.9369 93.5254 110.228 109.978 106.602 106.16 113.359 109.037 116.372 133.552 112.665 141.338 143 142.873 179.503 166.049 147.608 165.372 164.839 174.279 192.306 181.194 175.97 187.901 188.165 177.946 176.096 171.367 167.738 179.272 196.02 167.094 157.49 0.00161652 0.00311531 309.435 260.589 593.804 1159.63 1887.4 2624.46 3278.48 3806.1 4200.04 4479.32 4671.44 4801.16 4887.74 4945.12 4982.95 5007.82 5024.19 5034.88 5041.84 5046.39 5049.35 5051.29 5052.55 5053.37 5053.91 5054.26 5054.49 5054.64 5054.74 5054.8 5054.84 5054.87 5054.89 5054.9 5054.9 5054.91 5054.91 5054.91 5054.92 5054.92 5054.92 5054.92 5054.92 5054.92 5054.92 5054.92 5054.92 5054.92 5054.92 5054.92 5054.92 5054.92 5054.92 5054.92 5054.92 5054.92 5054.92 5054.92 5054.92 5054.92 5054.92 5054.92 5054.92 5054.92 5054.92 5054.92 5054.92 5054.92 5054.92 5054.92 5054.92 5054.92 5054.92 5054.92 5054.92 5054.92 5054.92 5054.92 5054.92 5054.92 5054.92 5054.92 5054.92 5054.92 5054.92 5054.92 5054.92 5054.92 5054.92 5054.92 5054.92 5054.92 5054.92 5054.92 5054.92 5054.92 5054.92 5054.92 5054.92 5054.92 5054.92 0 0 0 0 0 0 0 0 0 0 0 0 0 0 0 0 0 0 0 0 0 0 0 0 0
#obs catch bio
 0 163.502 128.338 110.916 98.9696 91.9811 67.4623 70.6905 76.4755 65.6944 66.8411 65.7632 60.8872 64.9962 66.0376 67.5192 73.0828 68.2298 66.5622 66.9855 62.5721 61.6529 59.896 67.1478 65.3544 63.8618 72.7646 64.8108 65.1853 66.7044 69.3855 60.3842 60.868 66.251 65.7061 62.866 67.7362 68.9224 62.6736 65.0031 62.1677 81.9233 77.3111 81.6335 85.7367 88.9283 93.4207 90.4461 101.521 99.0781 95.5334 94.8116 89.4527 93.7391 89.0701 92.7124 98.59 95.5754 92.9967 107.145 105.123 108.654 97.9791 101.643 103.44 108.892 112.521 107.81 108.434 116.871 115.193 118.409 131.93 119.252 151.913 141.599 147.617 177.517 174.374 154.146 161.582 173.878 175.433 184.208 185.312 180.673 185.104 181.86 180.688 175.793 176.122 185.152 192.868 188.907 180.824 168.663 0.00183574 0.00241673 384.229
#pred cpue bio
 1142.36 715.706 486.387 455.759 412.096 359.192 322.934 393.231 344.019 298.381 263.769 242.042 234.043 255.929 260.664 264.01 267.089 259.617 248.873 243.441 235.555 242.734 252.152 261.432 274.285 290.982 306.471 314.503 315.01 304.24 293.797 279.172 273.932 268.527 264.05 262.235 264.51 265.263 271.663 280.072 279.849 279.325 254.397 245.06 247.155 246.446 241.978 234.076 230.716 212.137 192.577 177.192 167.003 165.274 167.458 164.032 153.657 137.353 147.307 145.088 133.523 123.261 128.367 120.77 124.269 138.458 131.434 128.774 123.201 124.858 122.743 127.665 128.368 113.937 125.136 118.762 197.738 208.535 162.297 161.486 172.809 274.14 241.211 183.88 202.689 322.469 263.299 210.142 200.018 191.471 252.76 289.321 401.786 550.625 224.655 312.25 188.25 72.8144 166.042 28833.8 60353.9 118605 194664 273118 344278 403184 448520 481871 505883 523025 535266 544060 550437 555116 558609 561232 563232 564778 565987 566944 567708 568324 568823 569231 569564 569839 570065 570252 570407 570536 570643 570732 570806 570867 570918 570961 570997 571026 571051 571072 571089 571103 571115 571125 571134 571141 571146 571151 571155 571159 571161 571164 571166 571167 571169 571170 571171 571172 571172 571173 571173 571174 571174 571174 571174 571175 571175 571175 571175 571175 571175 571175 571175 571175 571175 571175 571175 571175 571175 571175 571175 571176 571176 571176 571176 571176 571176 571176 571176 571176 571176 571176 571176 571176 571176 571176 571176 571176 571176 0 0 0 0 0 0 0 0 0 0 0 0 0 0 0 0 0 0 0 0 0 0 0 0 0
#obs cpue bio
 553.674 747.177 508.406 420.597 267.769 467.655 309.198 281.22 296.525 235.602 271.059 345.503 326.315 254.348 358.822 351.115 251.018 374.958 225.801 349.863 253.488 247.202 291.502 295.261 252.226 298.168 254.877 283.518 349.802 286.096 328.578 299.496 327.7 221.321 272.426 332.489 314.974 258.922 363.128 263.326 217.709 295.054 357.529 212.331 224.357 211.439 238.108 183.13 182.617 235.876 184.029 156.245 168.314 132.972 166.031 160.863 165.283 117.498 157.159 139.178 143.745 120.819 185.821 90.365 159.802 155.378 143.419 154.815 143.445 131.034 125.838 127.585 139.216 120.465 141.261 192.025 251.913 241.578 140.721 161.528 157.143 298.16 200.345 208.172 199.89 350.578 207.898 195.144 180.227 165.888 343.724 122.794 217.718 211.972 260.094 226.59 175.323 432.749 335.798
#pred surv len freq
 8.17383e-026 8.39324e-020 1.20596e-014 2.3638e-010 6.32057e-007 0.000230555 0.0114726 0.0778789 0.0721249 0.0100761 0.0213011 0.0631885 0.0283289 0.0370541 0.0681916 0.0417071 0.0643988 0.0543354 0.0594754 0.059688 0.0643408 0.0772102 0.10283 0.0743158 0.0118499
 8.42902e-026 8.66353e-020 1.2448e-014 2.43992e-010 6.52412e-007 0.00023798 0.011842 0.0803869 0.0744414 0.00942459 0.00265945 0.0412034 0.0929525 0.0375222 0.0518195 0.0493783 0.0567707 0.0602795 0.0653996 0.0661672 0.0702984 0.0873665 0.10022 0.0389028 0.0027259
 1.24944e-025 1.29682e-019 1.86331e-014 3.65227e-010 9.76581e-007 0.000356227 0.0177261 0.120329 0.11143 0.0140772 0.000482165 0.0116542 0.0773294 0.0701687 0.0175633 0.0646149 0.0726464 0.0491752 0.0505983 0.0573211 0.0615239 0.0691967 0.0839131 0.0450778 0.00481522
 1.22595e-025 1.27176e-019 1.82729e-014 3.58167e-010 9.57704e-007 0.000349341 0.0173835 0.118003 0.109276 0.0138045 0.000238665 0.000295553 0.0155217 0.111415 0.109116 0.0167234 0.0353023 0.0788754 0.0432166 0.058257 0.0494992 0.0487276 0.0563033 0.0692646 0.0484265
 1.02956e-025 1.06393e-019 1.52868e-014 2.99636e-010 8.01198e-007 0.000292252 0.0145427 0.0987196 0.0914182 0.0115505 0.000761075 0.0226742 0.124777 0.0936735 0.00984179 0.0129238 0.0898282 0.0880549 0.0391195 0.0593799 0.052161 0.0506091 0.0535933 0.0592113 0.026868
 9.96082e-026 1.02854e-019 1.47783e-014 2.8967e-010 7.74549e-007 0.000282531 0.014059 0.095436 0.0883775 0.0112367 0.00629758 0.0703414 0.110566 0.0253316 0.0381382 0.117563 0.0525387 0.0383942 0.0815926 0.0553089 0.054643 0.052801 0.0543464 0.0292849 0.00346
 1.14529e-025 1.18654e-019 1.70484e-014 3.34166e-010 8.93527e-007 0.000325931 0.0162186 0.110096 0.101953 0.0129073 0.00345542 0.0511325 0.110341 0.0363808 0.0538759 0.0971334 0.0478016 0.079165 0.0530139 0.0616724 0.0561786 0.051908 0.04285 0.0128614 0.000728109
 9.13074e-026 9.40646e-020 1.35154e-014 2.64916e-010 7.08359e-007 0.000258387 0.0128575 0.0872804 0.080825 0.0102104 0.000183365 0.00140896 0.0365536 0.129414 0.0634305 0.0295885 0.0956469 0.0672662 0.0763017 0.0692398 0.0676869 0.0610996 0.0571359 0.0420189 0.0115932
 8.94052e-026 9.20507e-020 1.32261e-014 2.59244e-010 6.93193e-007 0.000252855 0.0125823 0.0854118 0.0790948 0.010106 0.0079812 0.0728125 0.0926146 0.0162944 0.0124464 0.0886262 0.0947529 0.0650681 0.0824177 0.0774163 0.0725632 0.0648602 0.0483968 0.0152623 0.00103878
 9.16663e-026 9.4445e-020 1.35701e-014 2.65987e-010 7.11224e-007 0.000259432 0.0129095 0.0876334 0.0811519 0.0102919 0.00422829 0.0556295 0.104277 0.0328145 0.0632907 0.0860738 0.0307169 0.0768843 0.0834626 0.081146 0.0784342 0.0667348 0.0372576 0.00658198 0.000221284
 9.28307e-026 9.56775e-020 1.37472e-014 2.69458e-010 7.20505e-007 0.000262818 0.013078 0.088777 0.0822111 0.0104947 0.00784048 0.0732965 0.0957651 0.0243638 0.0675675 0.0897974 0.064975 0.0658925 0.0656913 0.0846318 0.0809539 0.0611666 0.0213861 0.00182106 2.67784e-005
 9.2883e-026 9.57327e-020 1.37551e-014 2.69614e-010 7.2092e-007 0.000262969 0.0130856 0.0888281 0.0822586 0.0105317 0.00917758 0.0787674 0.0943146 0.0278211 0.0821695 0.0806888 0.0659288 0.0788578 0.0686556 0.0750574 0.080627 0.0511459 0.0112943 0.000522538 3.97456e-006
 9.25213e-026 9.53496e-020 1.37001e-014 2.68535e-010 7.18035e-007 0.000261917 0.0130332 0.0884727 0.0819295 0.0104979 0.00949058 0.0799083 0.0938592 0.0291882 0.0865107 0.0821014 0.0728579 0.0770697 0.0760214 0.0742896 0.0759316 0.0419136 0.00646962 0.000191491 9.0716e-007
 9.06725e-026 9.33928e-020 1.34189e-014 2.63024e-010 7.033e-007 0.000256542 0.0127657 0.086657 0.0802478 0.0101508 0.00215769 0.0400414 0.11033 0.0451008 0.0533135 0.10105 0.0673823 0.0855906 0.0791692 0.0791416 0.0775161 0.0555294 0.0129873 0.000607137 4.66468e-006
 9.04842e-026 9.31932e-020 1.33902e-014 2.62462e-010 7.01796e-007 0.000255994 0.0127384 0.0864718 0.0800763 0.0101797 0.00564426 0.0638773 0.10179 0.0255036 0.0499372 0.100825 0.067284 0.0863207 0.082659 0.0834756 0.079477 0.0521502 0.0108915 0.000438771 2.836e-006
 8.9499e-026 9.21501e-020 1.32404e-014 2.59524e-010 6.93941e-007 0.000253128 0.0125959 0.0855039 0.07918 0.0100456 0.00442916 0.0573684 0.105528 0.0315327 0.059517 0.0945087 0.0550556 0.0847916 0.0832851 0.0870992 0.0834036 0.0539874 0.0114375 0.000473439 3.1294e-006
 8.63264e-026 8.87909e-020 1.27577e-014 2.50063e-010 6.68645e-007 0.000243901 0.0121367 0.082387 0.0762936 0.00966352 0.00320295 0.0491486 0.108534 0.0357978 0.0489879 0.101456 0.0623822 0.080922 0.0761932 0.0878608 0.0882853 0.0610449 0.0147272 0.00072569 5.80141e-006
 8.62695e-026 8.87306e-020 1.2749e-014 2.49893e-010 6.6819e-007 0.000243735 0.0121284 0.082331 0.0762418 0.00966773 0.0039572 0.0539429 0.104729 0.0309111 0.049536 0.102717 0.0612282 0.0833667 0.0778373 0.0830141 0.0889459 0.0632282 0.0152192 0.000747843 5.9841e-006
 8.72334e-026 8.97511e-020 1.28957e-014 2.52767e-010 6.75875e-007 0.000246538 0.0122679 0.083278 0.0771187 0.0098045 0.00550723 0.0623784 0.099474 0.0267966 0.0599733 0.0955028 0.0592375 0.0845078 0.0792139 0.0841517 0.0874468 0.0598992 0.0126671 0.000523862 3.48662e-006
 8.9297e-026 9.19361e-020 1.32096e-014 2.58921e-010 6.9233e-007 0.00025254 0.0125666 0.0853054 0.0789961 0.0100353 0.00516954 0.0608246 0.101064 0.0289075 0.0636109 0.0930631 0.0604479 0.0813955 0.0780554 0.0843719 0.0862491 0.0576369 0.0115996 0.000444594 2.71638e-006
 9.08126e-026 9.35406e-020 1.34402e-014 2.6344e-010 7.04413e-007 0.000256948 0.0127859 0.0867942 0.080375 0.0102444 0.00701437 0.0701859 0.0983669 0.0264013 0.0695529 0.0904363 0.0641787 0.0797262 0.0768585 0.0827615 0.0841322 0.0509543 0.00869947 0.000272936 1.34076e-006
 9.18762e-026 9.46672e-020 1.3602e-014 2.66613e-010 7.12896e-007 0.000260043 0.0129399 0.0878395 0.0813428 0.0103128 0.00403554 0.0548773 0.106537 0.0336073 0.0615149 0.0956193 0.0621595 0.0820195 0.0767714 0.0808086 0.0834586 0.0548049 0.0106963 0.000391914 2.25744e-006
 9.18882e-026 9.46799e-020 1.36038e-014 2.66649e-010 7.12992e-007 0.000260077 0.0129416 0.0878513 0.0813537 0.0103205 0.00445522 0.0576273 0.105933 0.0305502 0.0537726 0.0982967 0.0640512 0.0829964 0.0776915 0.081373 0.0826959 0.0558801 0.0114973 0.000448519 2.76195e-006
 9.24081e-026 9.52303e-020 1.36829e-014 2.68199e-010 7.17137e-007 0.000261589 0.0130169 0.088362 0.0818267 0.0103959 0.0053706 0.0623326 0.102137 0.0280105 0.0596998 0.0943336 0.059823 0.083691 0.0798582 0.082976 0.0829771 0.0539898 0.0105477 0.00038713 2.23461e-006
 9.51003e-026 9.80813e-020 1.40926e-014 2.76228e-010 7.38607e-007 0.000269421 0.0134066 0.0910074 0.0842764 0.0106644 0.00259604 0.044054 0.10976 0.0400791 0.0461547 0.0982334 0.0588438 0.0797244 0.0758663 0.0827384 0.0838031 0.0618945 0.0158126 0.000808541 6.64874e-006
 9.41481e-026 9.70731e-020 1.39477e-014 2.73389e-010 7.31015e-007 0.000266652 0.0132688 0.0900719 0.0834101 0.0105508 0.00222701 0.0410262 0.11226 0.043214 0.0327797 0.0983083 0.0639021 0.0774532 0.0748121 0.0798026 0.0840623 0.0689055 0.0221326 0.0015283 1.74348e-005
 9.2346e-026 9.5165e-020 1.36735e-014 2.68015e-010 7.16645e-007 0.00026141 0.013008 0.0883014 0.0817705 0.0103461 0.00243542 0.0427836 0.110619 0.0403297 0.0328119 0.0996585 0.0606935 0.075322 0.077135 0.0797223 0.0836379 0.0728181 0.0262134 0.00210335 2.83621e-005
 9.04675e-026 9.3176e-020 1.33878e-014 2.62413e-010 7.01667e-007 0.000255946 0.0127361 0.0864559 0.0800615 0.0101249 0.00190924 0.0375148 0.110662 0.0456131 0.0304229 0.0987879 0.0620602 0.0731263 0.0751586 0.0794685 0.0833919 0.0766109 0.0323741 0.00320997 5.46292e-005
 8.88779e-026 9.14927e-020 1.31459e-014 2.57673e-010 6.88991e-007 0.000251323 0.012506 0.084894 0.0786151 0.00995709 0.00320709 0.0485665 0.105994 0.0332216 0.0361318 0.0999284 0.0587369 0.078053 0.0750212 0.0804406 0.085171 0.0765435 0.0300365 0.00268306 4.05748e-005
 8.84647e-026 9.10551e-020 1.3083e-014 2.5644e-010 6.85696e-007 0.000250121 0.0124462 0.0844879 0.0782391 0.00991954 0.00390675 0.0531337 0.1031 0.0303281 0.0470348 0.0960914 0.0532811 0.0802764 0.0758049 0.0821816 0.0867372 0.0748921 0.0259146 0.00194913 2.43777e-005
 9.05242e-026 9.32358e-020 1.33964e-014 2.62582e-010 7.02117e-007 0.000256111 0.0127443 0.0865113 0.0801129 0.0101613 0.00423919 0.0551493 0.10211 0.0295992 0.0517489 0.094266 0.0558638 0.0785174 0.0736226 0.0823966 0.087288 0.0718987 0.022083 0.00141618 1.48785e-005
 9.36208e-026 9.65145e-020 1.38674e-014 2.71815e-010 7.26807e-007 0.000265117 0.0131924 0.0895535 0.0829302 0.0105464 0.00596621 0.0651038 0.100006 0.0265131 0.0602265 0.0901479 0.0577107 0.0776972 0.0732113 0.0799218 0.0859648 0.0643348 0.0159241 0.000777003 6.07705e-006
 9.50717e-026 9.80505e-020 1.40881e-014 2.76141e-010 7.38374e-007 0.000269336 0.0134024 0.0909788 0.0842501 0.0107499 0.00773838 0.0728202 0.0958979 0.0260285 0.0716938 0.0837776 0.0616316 0.0772367 0.0744694 0.07957 0.0839404 0.0548217 0.0103564 0.000364201 2.00947e-006
 9.61715e-026 9.92149e-020 1.42554e-014 2.79421e-010 7.47143e-007 0.000272535 0.0135615 0.0920592 0.0852506 0.0109014 0.00882848 0.0771983 0.094299 0.0273169 0.0788194 0.0801445 0.0667623 0.0761202 0.0755914 0.0796826 0.0808498 0.0454847 0.00668092 0.000174788 7.05699e-007
 9.82535e-026 1.01419e-019 1.45722e-014 2.85629e-010 7.63744e-007 0.00027859 0.0138629 0.0941047 0.0871448 0.0111222 0.00811394 0.0754541 0.0982427 0.0290186 0.07964 0.0823571 0.0683197 0.0762433 0.0753116 0.0784699 0.0771356 0.0398895 0.00517232 0.000117168 4.063e-007
 1.00547e-025 1.03848e-019 1.49211e-014 2.92468e-010 7.82032e-007 0.000285261 0.0141948 0.096358 0.0892314 0.0113775 0.00779062 0.0748391 0.100774 0.0289085 0.0773824 0.085491 0.0687771 0.077437 0.0751967 0.0771537 0.073837 0.0364246 0.00444637 9.41632e-005 3.04046e-007
 1.01677e-025 1.05044e-019 1.5093e-014 2.95838e-010 7.91042e-007 0.000288547 0.0143583 0.0974681 0.0902594 0.0114849 0.00676348 0.0711309 0.105246 0.0299509 0.0730233 0.088456 0.0668936 0.0791639 0.0758931 0.0767377 0.072205 0.0360303 0.00454522 0.000100255 3.379e-007
 1.03211e-025 1.06669e-019 1.53264e-014 3.00413e-010 8.03274e-007 0.000293009 0.0145804 0.0989753 0.091655 0.011632 0.00521178 0.0640569 0.111756 0.0326921 0.0646173 0.094981 0.0637147 0.0788378 0.0748247 0.0761023 0.0715409 0.0387069 0.00567158 0.000149349 6.07051e-007
 1.0585e-025 1.09464e-019 1.57281e-014 3.08285e-010 8.24325e-007 0.000300688 0.0149625 0.101569 0.0940569 0.0119119 0.00366369 0.0543806 0.116662 0.0376527 0.0518958 0.101125 0.0616547 0.0790481 0.0726642 0.0743536 0.0714166 0.0440866 0.0082976 0.000295712 1.65883e-006
 1.08605e-025 1.12381e-019 1.61472e-014 3.16501e-010 8.46292e-007 0.000308701 0.0153612 0.104276 0.0965634 0.01223 0.0037778 0.0552003 0.116534 0.0363004 0.0459845 0.10059 0.0598477 0.0790286 0.0724408 0.0733331 0.070718 0.0468671 0.0101979 0.000437129 2.99747e-006
 1.10553e-025 1.14444e-019 1.64436e-014 3.2231e-010 8.61824e-007 0.000314367 0.0156431 0.10619 0.0983358 0.0124896 0.00607101 0.0696762 0.113123 0.0295556 0.0565818 0.0963376 0.0560313 0.0774094 0.0707271 0.0720424 0.0680875 0.0426293 0.00842926 0.000323377 1.97729e-006
 1.13779e-025 1.17859e-019 1.69342e-014 3.31927e-010 8.87541e-007 0.000323747 0.0161099 0.109358 0.10127 0.0129444 0.00994324 0.0852663 0.102186 0.0267222 0.077012 0.0849077 0.0599636 0.07404 0.0685148 0.0696771 0.0635238 0.0332366 0.00486748 0.000131347 5.54478e-007
 1.21103e-025 1.25614e-019 1.80485e-014 3.53768e-010 9.4594e-007 0.00034505 0.0171699 0.116554 0.107934 0.0139664 0.0161465 0.10419 0.0936675 0.0316949 0.0942999 0.0715924 0.0661812 0.0652922 0.0635785 0.0626151 0.0525078 0.0203375 0.00189482 3.06458e-005 7.58145e-008
 1.25758e-025 1.30543e-019 1.87567e-014 3.6765e-010 9.83061e-007 0.00035859 0.0178437 0.121128 0.112169 0.0143337 0.0107987 0.0928242 0.111857 0.0366822 0.0943018 0.0778991 0.0674718 0.063828 0.0586348 0.0559054 0.0457306 0.0167638 0.00144671 2.15398e-005 4.89775e-008
 1.29826e-025 1.3485e-019 1.93756e-014 3.79781e-010 1.0155e-006 0.000370422 0.0184325 0.125124 0.11587 0.0147191 0.00716407 0.0799058 0.126175 0.0367303 0.0793525 0.0956136 0.0675799 0.0672321 0.0561894 0.0499327 0.0409887 0.016859 0.00172773 3.12292e-005 8.70422e-008
 1.31757e-025 1.36894e-019 1.96693e-014 3.85538e-010 1.03089e-006 0.000376037 0.0187119 0.127021 0.117627 0.0149326 0.00679049 0.0795768 0.132286 0.0366844 0.070582 0.103057 0.0635253 0.0713469 0.0567526 0.04659 0.0361421 0.0160397 0.00191592 4.14142e-005 1.39361e-007
 1.32869e-025 1.38073e-019 1.98386e-014 3.88856e-010 1.03976e-006 0.000379273 0.0188729 0.128114 0.118639 0.0150433 0.00581224 0.0750478 0.138397 0.0402603 0.0663622 0.108798 0.0602646 0.0709073 0.0563544 0.0461105 0.0330863 0.0153291 0.00216237 5.77768e-005 2.43956e-007
 1.30355e-025 1.35411e-019 1.94562e-014 3.8136e-010 1.01972e-006 0.000371962 0.0185091 0.125645 0.116352 0.0147266 0.00385214 0.062508 0.148129 0.0510172 0.0537891 0.117373 0.0628878 0.0704501 0.0555231 0.0463374 0.0331191 0.0163357 0.00295961 0.000112364 6.98962e-007
 1.24154e-025 1.28844e-019 1.85126e-014 3.62865e-010 9.70266e-007 0.000353923 0.0176115 0.119551 0.110709 0.0140307 0.00514209 0.0724952 0.146307 0.0435096 0.0553815 0.123513 0.0649101 0.0731402 0.0565882 0.0457733 0.0323698 0.0156189 0.00287597 0.000117471 8.09183e-007
 1.25365e-025 1.30126e-019 1.86969e-014 3.66477e-010 9.79924e-007 0.000357446 0.0177868 0.120741 0.111811 0.0142396 0.0091058 0.0932896 0.134056 0.0336686 0.0793523 0.116391 0.0589065 0.0723703 0.0538082 0.0424566 0.0280597 0.0118087 0.00173431 5.4705e-005 2.90399e-007
 1.302e-025 1.35246e-019 1.94325e-014 3.80895e-010 1.01848e-006 0.000371509 0.0184865 0.125491 0.11621 0.0148155 0.0101051 0.0980366 0.133277 0.0362269 0.0925576 0.104519 0.0606277 0.0670313 0.0496954 0.0386928 0.0239999 0.00877997 0.00104825 2.60735e-005 1.08578e-007
 1.42522e-025 1.48294e-019 2.13072e-014 4.17642e-010 1.11673e-006 0.000407349 0.02027 0.137598 0.127421 0.0162228 0.00974009 0.0969067 0.135577 0.0372643 0.0908118 0.10258 0.0605077 0.0602544 0.0442481 0.0330858 0.0198286 0.00657411 0.00068591 1.47321e-005 5.28972e-008
 1.52162e-025 1.585e-019 2.27737e-014 4.46387e-010 1.19359e-006 0.000435386 0.0216651 0.147069 0.136191 0.0173009 0.00847233 0.0947164 0.149817 0.0411241 0.0812418 0.103744 0.0557958 0.0554909 0.0382387 0.0271245 0.0158541 0.00517362 0.000532678 1.14154e-005 4.12629e-008
 1.50299e-025 1.56528e-019 2.24903e-014 4.40832e-010 1.17874e-006 0.000429969 0.0213956 0.145239 0.134497 0.0170253 0.00461158 0.0732921 0.16971 0.0576898 0.0616134 0.118717 0.057583 0.0551249 0.0370788 0.0253084 0.0145722 0.00538156 0.000708242 2.07713e-005 1.0647e-007
 1.44463e-025 1.50349e-019 2.16025e-014 4.2343e-010 1.13221e-006 0.000412995 0.020551 0.139505 0.129187 0.0163371 0.00301451 0.0587982 0.172554 0.0707386 0.0433419 0.128961 0.0724621 0.0565143 0.0404231 0.025722 0.014535 0.00587552 0.00102034 4.43075e-005 3.54304e-007
 1.35719e-025 1.41089e-019 2.0272e-014 3.97352e-010 1.06248e-006 0.00038756 0.0192853 0.130913 0.121231 0.0154377 0.00997891 0.104693 0.153952 0.0356816 0.0683009 0.130417 0.060259 0.0658713 0.0415458 0.0249403 0.0123888 0.0041441 0.000553662 1.77559e-005 1.02782e-007
 1.41865e-025 1.47597e-019 2.12072e-014 4.15681e-010 1.11149e-006 0.000405438 0.0201749 0.136952 0.126823 0.0161773 0.011344 0.107056 0.141474 0.0378873 0.0982784 0.108074 0.0547176 0.0636064 0.0394642 0.0240345 0.0104321 0.00280863 0.000282301 6.59347e-006 2.74625e-008
 1.55678e-025 1.62224e-019 2.33087e-014 4.56873e-010 1.22163e-006 0.000445614 0.0221741 0.150524 0.139391 0.017747 0.0107015 0.106699 0.149566 0.0402838 0.0916252 0.101199 0.0557872 0.0512358 0.0321246 0.0199729 0.00842367 0.0019363 0.000159895 3.07476e-006 1.06198e-008
 1.52833e-025 1.59211e-019 2.28758e-014 4.48389e-010 1.19895e-006 0.000437339 0.0217623 0.147728 0.136802 0.0172985 0.00301843 0.0602955 0.182311 0.0781356 0.0555264 0.122788 0.0603821 0.0510119 0.0315901 0.0187184 0.00919493 0.00268395 0.000304192 9.09122e-006 5.34099e-008
 1.48855e-025 1.54998e-019 2.22705e-014 4.36523e-010 1.16722e-006 0.000425765 0.0211864 0.143819 0.133182 0.0170884 0.0162334 0.131386 0.147788 0.0298978 0.0797063 0.121114 0.0557468 0.0509869 0.0283327 0.0152246 0.00629008 0.00147188 0.000116361 2.15407e-006 7.46216e-009
 1.56137e-025 1.62709e-019 2.33784e-014 4.5824e-010 1.22529e-006 0.000446948 0.0222405 0.150974 0.139808 0.0177808 0.010042 0.108404 0.164856 0.046963 0.0974965 0.101819 0.0447275 0.0483728 0.0263786 0.0134966 0.0050343 0.00107737 7.98195e-005 1.35582e-006 4.23638e-009
 1.59495e-025 1.66264e-019 2.38893e-014 4.68253e-010 1.25206e-006 0.000456713 0.0227264 0.154273 0.142863 0.0181573 0.00970915 0.109567 0.174371 0.046256 0.0827628 0.111236 0.0505749 0.0399806 0.0209133 0.0113172 0.00399459 0.000784848 5.53106e-005 9.18139e-007 2.80335e-009
 1.66124e-025 1.73284e-019 2.4898e-014 4.88024e-010 1.30493e-006 0.000475998 0.023686 0.160787 0.148895 0.0188205 0.00240715 0.0535243 0.187625 0.0915784 0.046821 0.123329 0.0622906 0.0397908 0.0236438 0.0107713 0.00433559 0.00109973 0.000114605 3.33054e-006 1.97605e-008
 1.67319e-025 1.7455e-019 2.50798e-014 4.91588e-010 1.31446e-006 0.000479473 0.023859 0.161961 0.149982 0.0190309 0.00833839 0.104021 0.18425 0.0468991 0.0469276 0.118889 0.0565196 0.041503 0.0228531 0.0101671 0.003474 0.000771757 7.13796e-005 1.76792e-006 8.91637e-009
 1.70432e-025 1.77845e-019 2.55532e-014 5.00868e-010 1.33927e-006 0.000488525 0.0243094 0.165018 0.152814 0.0194895 0.01345 0.126798 0.167348 0.0395624 0.0850897 0.103803 0.0362772 0.0366474 0.0182495 0.00789544 0.00233026 0.000400712 2.73971e-005 4.83998e-007 1.67692e-009
 1.75807e-025 1.83538e-019 2.63712e-014 5.16902e-010 1.38214e-006 0.000504163 0.0250875 0.170301 0.157705 0.0199257 0.00125876 0.0342018 0.174313 0.12219 0.0395734 0.108023 0.0648397 0.0390539 0.0250431 0.0119976 0.00476808 0.00109117 0.000117315 4.14276e-006 3.39532e-008
 1.82108e-025 1.90209e-019 2.73298e-014 5.3569e-010 1.43238e-006 0.000522489 0.0259994 0.176491 0.163437 0.0206934 0.00585399 0.0879561 0.191945 0.0579738 0.0275769 0.104736 0.0666387 0.0343556 0.021476 0.00977419 0.0036372 0.000845811 8.27554e-005 2.49553e-006 1.74538e-008
 1.97666e-025 2.06684e-019 2.96969e-014 5.82088e-010 1.55645e-006 0.000567743 0.0282513 0.191777 0.177593 0.0224495 0.00291107 0.0589278 0.187646 0.0827373 0.0352524 0.102908 0.0511152 0.0249687 0.020725 0.00828938 0.003045 0.000743986 8.60594e-005 3.08736e-006 2.57561e-008
 2.04596e-025 2.14021e-019 3.07511e-014 6.02751e-010 1.6117e-006 0.000587897 0.0292542 0.198585 0.183898 0.0232987 0.00734765 0.0976053 0.187076 0.0508091 0.0384527 0.0969853 0.0420123 0.0241981 0.012406 0.00525231 0.00182039 0.0003726 3.58403e-005 1.04423e-006 6.72173e-009
 2.06466e-025 2.16001e-019 3.10356e-014 6.08329e-010 1.62661e-006 0.000593337 0.0295249 0.200423 0.185599 0.0235461 0.00938684 0.110193 0.184452 0.0467736 0.0570348 0.0910387 0.0284147 0.0198728 0.00895966 0.00311653 0.000894223 0.00016255 1.22613e-005 2.73073e-007 1.31881e-009
 2.17805e-025 2.28008e-019 3.27607e-014 6.42142e-010 1.71702e-006 0.000626317 0.031166 0.211563 0.195916 0.0249058 0.0122721 0.12242 0.172687 0.0399583 0.062759 0.0782815 0.0240322 0.0157569 0.00539411 0.00179523 0.000404464 5.63722e-005 3.26392e-006 5.19328e-008 1.74775e-010
 2.23225e-025 2.33747e-019 3.35854e-014 6.58307e-010 1.76025e-006 0.000642084 0.0319506 0.216889 0.200847 0.0254789 0.00973456 0.110742 0.180028 0.0459922 0.0584661 0.0743132 0.0234067 0.014936 0.00490965 0.00136655 0.000264167 3.01591e-005 1.43988e-006 1.97214e-008 5.72111e-011
 2.31293e-025 2.42289e-019 3.48128e-014 6.82364e-010 1.82457e-006 0.000665548 0.0331182 0.224815 0.208187 0.026408 0.0097892 0.109704 0.175917 0.0435454 0.0530526 0.0731061 0.0229839 0.0131895 0.00422614 0.0010938 0.000180003 1.6744e-005 6.51118e-007 7.43876e-009 1.87085e-011
 2.47379e-025 2.59323e-019 3.72602e-014 7.30336e-010 1.95285e-006 0.000712338 0.0354465 0.24062 0.222823 0.0282004 0.00627046 0.0881454 0.183228 0.0547531 0.0388084 0.0660947 0.0209799 0.0097389 0.00329439 0.00075051 0.000120657 1.04985e-005 3.80752e-007 4.29667e-009 1.13648e-011
 2.46053e-025 2.57919e-019 3.70585e-014 7.26382e-010 1.94227e-006 0.000708481 0.0352546 0.239317 0.221617 0.0282031 0.0143554 0.12691 0.158449 0.0321694 0.0495284 0.0633421 0.0177834 0.00933831 0.00247874 0.000477541 6.08076e-005 4.06009e-006 1.05528e-007 7.95782e-010 1.37656e-012
 2.44991e-025 2.56794e-019 3.68968e-014 7.23213e-010 1.9338e-006 0.000705391 0.0351008 0.238273 0.22065 0.0279918 0.0103398 0.112609 0.175552 0.0434802 0.0522681 0.0583484 0.0146315 0.00773454 0.00194984 0.00032652 3.4788e-005 1.94246e-006 4.32794e-008 2.81644e-010 4.1947e-013
 2.41114e-025 2.52688e-019 3.63069e-014 7.11651e-010 1.90288e-006 0.000694113 0.0345396 0.234464 0.217128 0.028632 0.0398565 0.175812 0.107782 0.028817 0.0751435 0.0409732 0.0111562 0.00424786 0.000660653 8.57894e-005 5.73239e-006 1.77891e-007 1.93523e-009 5.60795e-012 3.46834e-015
 2.37643e-025 2.49014e-019 3.57789e-014 7.01301e-010 1.87521e-006 0.000684019 0.0340373 0.231054 0.213966 0.0274505 0.0218619 0.14837 0.141387 0.041711 0.0731124 0.036224 0.0195783 0.00872806 0.00162802 0.000194071 1.07735e-005 2.62076e-007 2.10647e-009 4.48852e-012 2.0724e-015
 2.41873e-025 2.53492e-019 3.64223e-014 7.13913e-010 1.90893e-006 0.00069632 0.0346494 0.235209 0.217825 0.0297679 0.0557559 0.185121 0.0868202 0.0387185 0.0681029 0.0277117 0.0135374 0.00474534 0.00120786 0.00012447 5.02845e-006 6.94097e-008 2.7919e-010 2.69171e-013 5.32461e-017
 2.58348e-025 2.70936e-019 3.89287e-014 7.63041e-010 2.0403e-006 0.000744237 0.0370338 0.251395 0.23283 0.0331931 0.0700508 0.174517 0.0675087 0.0555342 0.050053 0.0161814 0.0084033 0.00211135 0.000401543 3.90946e-005 1.21013e-006 1.00052e-008 2.00574e-011 8.693e-015 7.29406e-019
 2.70015e-025 2.83292e-019 4.07041e-014 7.9784e-010 2.13335e-006 0.000778179 0.0387228 0.26286 0.243419 0.031068 0.0178902 0.129429 0.133166 0.0437265 0.0579367 0.0254337 0.0115067 0.00330479 0.00067558 7.61686e-005 3.83838e-006 5.66092e-008 1.82729e-010 1.16702e-013 1.39042e-017
 2.5491e-025 2.67296e-019 3.84058e-014 7.52791e-010 2.01289e-006 0.00073424 0.0365363 0.248018 0.229682 0.0306274 0.0463218 0.177549 0.0952321 0.031711 0.0617319 0.0277997 0.0106211 0.00289054 0.000493367 4.71348e-005 1.9603e-006 2.55273e-008 7.67018e-011 4.31455e-014 4.14716e-018
 2.60088e-025 2.7278e-019 3.91937e-014 7.68235e-010 2.05419e-006 0.000749303 0.0372859 0.253106 0.234388 0.0302321 0.0261486 0.143998 0.112079 0.0409205 0.0671904 0.0289599 0.0172765 0.00636034 0.0011805 0.000116862 4.93175e-006 6.91434e-008 2.44151e-010 1.74751e-013 2.18958e-017
 2.70893e-025 2.84221e-019 4.08376e-014 8.00458e-010 2.14034e-006 0.000780732 0.0388498 0.263722 0.244218 0.0311616 0.0175367 0.127107 0.130086 0.0318472 0.0542589 0.0344091 0.0166436 0.0070763 0.00200621 0.000279713 1.44886e-005 2.47557e-007 1.12286e-009 1.1089e-012 2.04628e-016
 2.66673e-025 2.79752e-019 4.01955e-014 7.87872e-010 2.10669e-006 0.000768456 0.0382389 0.259576 0.240379 0.0309228 0.0255638 0.153661 0.129083 0.02762 0.0503952 0.0291131 0.00956136 0.00397196 0.000974337 0.0001577 1.06361e-005 2.0526e-007 9.67638e-010 9.78379e-013 1.8766e-016
 2.54262e-025 2.66611e-019 3.83073e-014 7.5086e-010 2.00773e-006 0.000732356 0.0364426 0.247382 0.229087 0.0295278 0.0264086 0.155702 0.128409 0.0331363 0.0628643 0.0320527 0.0122489 0.00485785 0.000988688 0.000146573 1.04475e-005 2.43617e-007 1.31398e-009 1.3977e-012 2.71007e-016
 2.56987e-025 2.69497e-019 3.8722e-014 7.58989e-010 2.02946e-006 0.000740285 0.0368371 0.25006 0.231567 0.0297507 0.0228487 0.136843 0.115163 0.0337231 0.0694688 0.0391718 0.0219732 0.00928963 0.00223113 0.000310302 2.00982e-005 4.84124e-007 2.98827e-009 3.66973e-012 7.85503e-016
 2.63343e-025 2.76227e-019 3.9689e-014 7.77943e-010 2.08014e-006 0.000758772 0.0377571 0.256305 0.237349 0.0302965 0.0177776 0.129821 0.133622 0.0317087 0.0546702 0.0360143 0.0195668 0.0104198 0.00332049 0.000568485 4.10971e-005 1.03707e-006 7.35199e-009 1.14699e-011 3.27058e-015
 2.62507e-025 2.75341e-019 3.95617e-014 7.75448e-010 2.07347e-006 0.000756339 0.037636 0.255483 0.23659 0.0306602 0.030622 0.159989 0.116629 0.0276481 0.0548171 0.0290873 0.012189 0.00566988 0.00184063 0.000353492 2.70621e-005 6.30653e-007 3.72647e-009 4.76965e-012 1.15234e-015
 2.556e-025 2.68028e-019 3.85109e-014 7.54852e-010 2.0184e-006 0.000736249 0.0366363 0.248697 0.230303 0.0293294 0.0155513 0.130951 0.155831 0.0379807 0.0563384 0.0359478 0.0132652 0.00636013 0.00167366 0.00035684 3.79007e-005 1.29893e-006 1.07499e-008 1.83797e-011 5.87355e-015
 2.42668e-025 2.54334e-019 3.65434e-014 7.16286e-010 1.91528e-006 0.000698634 0.0347646 0.235991 0.218538 0.0279728 0.0204354 0.148613 0.151236 0.0320639 0.0585974 0.0446864 0.0164902 0.00757566 0.00193869 0.000359542 3.61914e-005 1.43519e-006 1.44472e-008 2.90944e-011 1.04399e-014
 2.37086e-025 2.48424e-019 3.56941e-014 6.9964e-010 1.87077e-006 0.000682398 0.0339566 0.230507 0.213462 0.0280192 0.0352804 0.156934 0.0978785 0.0369923 0.082531 0.0413332 0.0263974 0.0122563 0.00322397 0.000504363 3.81837e-005 1.08395e-006 8.19485e-009 1.24462e-011 3.2704e-015
 1.94997e-025 2.03857e-019 2.92907e-014 5.74126e-010 1.53516e-006 0.000559978 0.0278649 0.189154 0.175164 0.0221989 0.00744243 0.0958762 0.177868 0.0575635 0.0786486 0.071249 0.0455937 0.0331815 0.0137495 0.00349322 0.000375387 1.52953e-005 1.8777e-007 5.45592e-010 3.05451e-013
 1.68878e-025 1.76201e-019 2.53171e-014 4.96239e-010 1.32689e-006 0.00048401 0.0240847 0.163493 0.151401 0.0191285 0.00104242 0.0273597 0.14325 0.102891 0.0308919 0.10475 0.0876478 0.0647465 0.0462817 0.0247091 0.00701333 0.000795621 2.73364e-005 2.43382e-007 4.80563e-010
 5.68364e-013 5.25736e-009 6.63403e-006 0.00114198 0.0268192 0.0867116 0.077695 0.282095 0.304388 0.0820098 0.0435021 0.0475759 0.0307264 0.0141832 0.00295326 0.000188751 2.89975e-006 9.26843e-009 5.62332e-012 5.99365e-016 1.05183e-020 3.13824e-026 2.47565e-027 2.47338e-027 2.47195e-027
 3.28383e-025 3.45098e-019 4.95845e-014 9.71905e-010 2.59878e-006 0.000947954 0.0471709 0.320208 0.296536 0.0384756 0.0141222 0.0378469 0.0993937 0.0928662 0.0267671 0.0161545 0.00780016 0.00161284 9.41812e-005 1.18373e-006 2.78209e-009 1.13145e-012 7.58852e-017 8.09825e-022 3.80663e-027
 1.15708e-025 1.19899e-019 1.72274e-014 3.37674e-010 9.02908e-007 0.000329353 0.0163888 0.111252 0.103023 0.0130361 0.00403762 0.0923695 0.30528 0.140336 0.0316988 0.0749804 0.0740635 0.0239331 0.00797595 0.00124701 4.78488e-005 3.54912e-007 4.51557e-010 9.26013e-014 2.95152e-018
 2.55944e-025 2.68389e-019 3.85628e-014 7.55869e-010 2.02112e-006 0.000737242 0.0366862 0.249211 0.239074 0.0836288 0.0485427 0.0162162 0.0952413 0.120537 0.0425761 0.0439901 0.0195874 0.00367471 0.000289531 5.09627e-006 1.57169e-008 7.77268e-012 5.88819e-016 6.65503e-021 1.35007e-026
 8.12113e-014 8.92248e-010 1.33729e-006 0.000273449 0.00764024 0.0308336 0.0804039 0.419214 0.390624 0.0605931 0.00703795 0.00289327 0.000463499 2.1575e-005 2.28761e-007 4.2162e-010 1.21172e-013 5.20297e-018 3.26279e-023 2.51126e-027 2.4782e-027 2.47545e-027 2.47358e-027 2.47223e-027 2.47121e-027
#obs surv len freq
 nan nan nan nan nan nan nan nan nan nan nan nan nan nan nan nan nan nan nan nan nan nan nan nan nan
 4.90406e-027 7.71862e-021 1.65727e-015 4.8542e-011 1.9396e-007 0.000105725 0.00786163 0.0797478 0.110357 0.0212888 0.0184299 0.0957306 0.0705947 0.0277543 0.0806632 0.0515358 0.0552197 0.0534882 0.0511029 0.0495776 0.0503613 0.0513486 0.0542872 0.0513405 0.0192041
 5.2764e-027 8.30465e-021 1.7831e-015 5.22275e-011 2.08686e-007 0.000113752 0.00845853 0.0858026 0.118736 0.0229051 0.0198287 0.102996 0.0759526 0.0298565 0.0867639 0.0552341 0.0581864 0.0548968 0.0484938 0.0440144 0.042515 0.0425303 0.0447061 0.0422201 0.0157884
 5.53495e-027 8.71158e-021 1.87047e-015 5.47867e-011 2.18912e-007 0.000119326 0.00887299 0.090007 0.124554 0.0240275 0.0208025 0.108055 0.0796827 0.0313165 0.0910001 0.057916 0.0609291 0.0571789 0.0493199 0.0419769 0.0371033 0.0348677 0.0358967 0.0337575 0.0126158
 5.70274e-027 8.97568e-021 1.92717e-015 5.64476e-011 2.25549e-007 0.000122943 0.00914198 0.0927356 0.12833 0.0247556 0.0214184 0.111252 0.0820405 0.0322489 0.0937151 0.0596481 0.0627703 0.058895 0.0506757 0.0423489 0.0350634 0.0296699 0.0286772 0.0265759 0.00991407
 5.80249e-027 9.13267e-021 1.96088e-015 5.74349e-011 2.29494e-007 0.000125094 0.00930189 0.0943577 0.130575 0.0251891 0.0218144 0.113312 0.0835592 0.0328307 0.0953913 0.060722 0.063934 0.0600005 0.0516515 0.0430836 0.0349549 0.0272078 0.0234657 0.0208075 0.00771571
 5.85806e-027 9.22013e-021 1.97966e-015 5.79849e-011 2.31691e-007 0.000126292 0.00939097 0.0952613 0.131825 0.0254312 0.0220585 0.114586 0.0844991 0.0332232 0.0965542 0.0614523 0.0646561 0.0606799 0.0522518 0.0435974 0.0352637 0.0264721 0.0202801 0.0164143 0.00597637
 5.905e-027 9.29401e-021 1.99552e-015 5.84496e-011 2.33548e-007 0.000127304 0.00946622 0.0960246 0.132882 0.0256329 0.0221537 0.115067 0.0848558 0.0334073 0.0971328 0.0618382 0.0651439 0.0611397 0.052641 0.0439357 0.0355427 0.0264045 0.0186535 0.0133067 0.00464422
 5.93653e-027 9.34364e-021 2.00618e-015 5.87617e-011 2.34795e-007 0.000127984 0.00951677 0.0965374 0.133591 0.0257704 0.0222951 0.115805 0.0853963 0.0335183 0.0973557 0.0619811 0.0653009 0.0612874 0.052765 0.0440234 0.0356106 0.0263936 0.0178559 0.0112218 0.00364569
 5.93508e-027 9.34135e-021 2.00569e-015 5.87473e-011 2.34738e-007 0.000127952 0.00951444 0.0965137 0.133559 0.0257654 0.0223424 0.11606 0.0855853 0.0336311 0.0977208 0.0621968 0.0654504 0.0614594 0.0530096 0.0442538 0.0358005 0.0265165 0.0175674 0.00997118 0.00295494
 5.94639e-027 9.35915e-021 2.00951e-015 5.88592e-011 2.35185e-007 0.000128196 0.00953256 0.0966976 0.133813 0.0258131 0.0223283 0.115977 0.0855267 0.0336665 0.0978813 0.0623108 0.0656241 0.061598 0.0530676 0.0443523 0.0359234 0.0266072 0.017445 0.00921935 0.00248759
 5.96193e-027 9.38361e-021 2.01476e-015 5.9013e-011 2.35799e-007 0.000128531 0.00955748 0.0969503 0.134163 0.0258805 0.0223853 0.116273 0.0857424 0.0336767 0.0978379 0.0622868 0.0656164 0.0615792 0.053009 0.0442465 0.035839 0.026574 0.0173316 0.00874358 0.00217855
 5.95318e-027 9.36984e-021 2.01181e-015 5.89265e-011 2.35453e-007 0.000128342 0.00954345 0.096808 0.133966 0.0258439 0.0224043 0.11638 0.0858211 0.033716 0.0979601 0.0623545 0.0656418 0.0616335 0.0531396 0.0443529 0.0358917 0.0266126 0.0173197 0.00848838 0.00199434
 5.96245e-027 9.38444e-021 2.01494e-015 5.90182e-011 2.3582e-007 0.000128542 0.00955832 0.0969589 0.134175 0.025883 0.0223965 0.116333 0.0857884 0.0337541 0.0981205 0.0624415 0.0656603 0.0616086 0.0530312 0.0442926 0.0358555 0.0265626 0.0172597 0.00831398 0.0018782
 5.96704e-027 9.39167e-021 2.01649e-015 5.90637e-011 2.36002e-007 0.000128641 0.00956568 0.0970335 0.134278 0.025903 0.0224137 0.116422 0.0858526 0.0337323 0.0980117 0.0623983 0.0657365 0.0616736 0.0530394 0.0442424 0.0358068 0.0265341 0.0172137 0.00820554 0.00180834
 5.9589e-027 9.37886e-021 2.01374e-015 5.89831e-011 2.3568e-007 0.000128466 0.00955264 0.0969012 0.134095 0.0258684 0.0224124 0.11642 0.0858511 0.0337381 0.0980345 0.0624068 0.0657197 0.0617086 0.0531996 0.0443704 0.0358704 0.02657 0.0172257 0.00815694 0.00177044
 5.95018e-027 9.36513e-021 2.01079e-015 5.88968e-011 2.35335e-007 0.000128278 0.00953865 0.0967593 0.133898 0.0258312 0.0224082 0.116403 0.0858395 0.0337641 0.0981398 0.06247 0.065767 0.0617355 0.0531962 0.0444413 0.0359589 0.0266079 0.0172361 0.00812886 0.00174786
 5.95942e-027 9.37967e-021 2.01392e-015 5.89883e-011 2.357e-007 0.000128477 0.00955346 0.0969096 0.134106 0.0258706 0.0224132 0.116424 0.0858558 0.0337921 0.0982424 0.0625234 0.0657656 0.0616925 0.0530563 0.0442801 0.0358508 0.0265492 0.017179 0.00807978 0.00172726
 5.97379e-027 9.40229e-021 2.01877e-015 5.91305e-011 2.36269e-007 0.000128787 0.0095765 0.0971433 0.13443 0.025931 0.022389 0.116286 0.0857533 0.0337266 0.098028 0.0624164 0.0657918 0.0617368 0.0531118 0.0442775 0.0358038 0.026527 0.0171681 0.0080579 0.00171625
 5.98212e-027 9.41539e-021 2.02159e-015 5.92129e-011 2.36598e-007 0.000128966 0.00958984 0.0972787 0.134617 0.0259682 0.022461 0.116666 0.0860301 0.0337378 0.097964 0.0623466 0.065584 0.0615479 0.0529888 0.0441788 0.0356896 0.0264084 0.0170955 0.00801568 0.00170296
 5.96527e-027 9.38886e-021 2.01589e-015 5.90461e-011 2.35931e-007 0.000128603 0.00956283 0.0970046 0.134238 0.0258961 0.0224404 0.116566 0.0859584 0.0337725 0.0981262 0.0624439 0.0656588 0.0616256 0.0530878 0.0443125 0.0358268 0.0264878 0.0171312 0.00802909 0.00170313
