SBPRF35
0.827133
Curr Bio
147663
B35
596725
F35
0.261969
FOFL
0
OFL
0
Bzero
236324
#pred survey bio
 10009.8 10466.5 13290.8 19180.2 23575 27912.9 33624.8 39148.3 42507.2 51101.1 69734.4 85888.4 106910 130333 131512 115625 103530 97535.5 115183 102649 100665 105717 114289 125975 138797 146136 123378 117328 2.61983e+06 3.97518e+06 4.80717e+06 4.72995e+06 4.26083e+06 3.71316e+06 3.2199e+06 2.82327e+06 2.52383e+06 2.30625e+06 2.1518e+06 2.04365e+06 1.96836e+06 1.91591e+06 1.87873e+06 1.85172e+06 1.83287e+06 1.8195e+06 1.80984e+06 1.80274e+06 1.79744e+06 1.79342e+06 1.79033e+06 1.78793e+06 1.78604e+06 1.78455e+06 1.78336e+06 1.7824e+06 1.78163e+06 1.78101e+06 1.7805e+06 1.78009e+06 1.77976e+06 1.77949e+06 1.77926e+06 1.77908e+06 1.77894e+06 1.77881e+06 1.77871e+06 1.77863e+06 1.77857e+06 1.77851e+06 1.77847e+06 1.77843e+06 1.7784e+06 1.77838e+06 1.77836e+06 1.77834e+06 1.77833e+06 1.77832e+06 1.77831e+06 1.7783e+06 1.7783e+06 1.77829e+06 1.77829e+06 1.77828e+06 1.77828e+06 1.77828e+06 1.77828e+06 1.77828e+06 1.77827e+06 1.77827e+06 1.77827e+06 1.77827e+06 1.77827e+06 1.77827e+06 1.77827e+06 1.77827e+06 1.77827e+06 1.77827e+06 1.77827e+06 1.77827e+06 1.77827e+06 1.77827e+06 1.77827e+06 1.77827e+06 1.77827e+06 1.77827e+06 1.77827e+06 1.77827e+06 1.77827e+06 1.77827e+06 1.77827e+06 1.77827e+06 1.77827e+06 1.77827e+06 1.77827e+06 1.77827e+06 1.77827e+06 1.77827e+06 1.77827e+06 1.77827e+06 1.77827e+06 1.77827e+06 1.77827e+06 1.77827e+06 1.77827e+06 1.77827e+06 1.77827e+06 1.77827e+06 0 0 0 0 0 0 0 0 0 0 0 0 0 0 0 0 0 0 0 0 0 0 0 0 0
#obs survey bio
 8584.08 11703.7 14037.4 15790.8 26895.8 28680.2 35662.9 32582.9 44398.3 49359.8 71149.5 77824.6 105186 71926.2 141311 69101 92501.2 104555 86499.3 116498 100760 108990 91604 119354 201488 119508 107597 106180
#pred catch bio
 5687.32 5974.43 6582.84 11024.4 14545 17267.7 21392.1 27040.9 30418.9 33171.2 48567.1 63697.4 77835.5 97455.7 103881 93711.7 85414.7 71600.8 97087.6 85127.1 83777.9 87150.9 95120.9 105918 115442 132056 104842 101451 0 32303.3 45585.5 45060 39722.6 33782.3 28587.1 24499.1 21478.3 19337.3 17863.8 16870.8 16212.2 15780.1 15497.4 15312.2 15195.6 15122.1 15075.7 15046.6 15028.2 15016.6 15009.3 15004.7 15001.8 15000 14998.8 14998.1 14997.7 14997.4 14997.2 14997.1 14997 14997 14996.9 14996.9 14996.9 14996.9 14996.9 14996.9 14996.9 14996.9 14996.9 14996.9 14996.9 14996.9 14996.9 14996.9 14996.9 14996.9 14996.9 14996.9 14996.9 14996.9 14996.9 14996.9 14996.9 14996.9 14996.9 14996.9 14996.9 14996.9 14996.9 14996.9 14996.9 14996.9 14996.9 14996.9 14996.9 14996.9 14996.9 14996.9 14996.9 14996.9 14996.9 14996.9 14996.9 14996.9 14996.9 14996.9 14996.9 14996.9 14996.9 14996.9 14996.9 14996.9 14996.9 14996.9 14996.9 14996.9 14996.9 14996.9 14996.9 14996.9 14996.9 14996.9 14996.9 14996.9 14996.9 14996.9 0 0 0 0 0 0 0 0 0 0 0 0 0 0 0 0 0 0 0 0 0 0 0 0 0
#obs catch bio
 6117.87 6001.34 6424.5 10846.4 14453 16912 21002.4 26780.8 29740.9 32114.5 47142.3 63215.4 75711.1 96337.4 102616 95028.2 83634.9 69199.3 96036.4 82717 79621.2 83696.4 93457.8 101176 107189 128957 101151 100334
#pred cpue bio
 7073.13 7055.3 8063.35 11965.8 14939.4 17106.3 20504 23931.2 25191.7 27776.5 39067.4 48009.2 55924.8 71503.3 77763.3 67896.9 58128.2 52765.3 63393 56100.3 53376.9 54286.5 59072.4 63511.4 69711.5 76379.4 63740 62511.9 1.36215e+06 3.15165e+06 4.57534e+06 4.60416e+06 4.12493e+06 3.56879e+06 3.07268e+06 2.67527e+06 2.37563e+06 2.15799e+06 2.00353e+06 1.89537e+06 1.82009e+06 1.76764e+06 1.73045e+06 1.70344e+06 1.6846e+06 1.67122e+06 1.66156e+06 1.65446e+06 1.64916e+06 1.64515e+06 1.64206e+06 1.63966e+06 1.63777e+06 1.63627e+06 1.63508e+06 1.63413e+06 1.63336e+06 1.63273e+06 1.63223e+06 1.63182e+06 1.63148e+06 1.63121e+06 1.63099e+06 1.63081e+06 1.63066e+06 1.63054e+06 1.63044e+06 1.63036e+06 1.63029e+06 1.63024e+06 1.63019e+06 1.63016e+06 1.63013e+06 1.6301e+06 1.63008e+06 1.63007e+06 1.63005e+06 1.63004e+06 1.63004e+06 1.63003e+06 1.63002e+06 1.63002e+06 1.63001e+06 1.63001e+06 1.63001e+06 1.63e+06 1.63e+06 1.63e+06 1.63e+06 1.63e+06 1.63e+06 1.63e+06 1.63e+06 1.63e+06 1.63e+06 1.63e+06 1.63e+06 1.63e+06 1.63e+06 1.63e+06 1.63e+06 1.62999e+06 1.62999e+06 1.62999e+06 1.62999e+06 1.62999e+06 1.62999e+06 1.62999e+06 1.62999e+06 1.62999e+06 1.62999e+06 1.62999e+06 1.62999e+06 1.62999e+06 1.62999e+06 1.62999e+06 1.62999e+06 1.62999e+06 1.62999e+06 1.62999e+06 1.62999e+06 1.62999e+06 1.62999e+06 1.62999e+06 1.62999e+06 1.62999e+06 1.62999e+06 1.62999e+06 0 0 0 0 0 0 0 0 0 0 0 0 0 0 0 0 0 0 0 0 0 0 0 0 0
#obs cpue bio
 9486.03 6426.94 12362 14272.3 17152.5 22713.3 27138.5 30319.1 44035.6 43932.5 52611.2 65911.1 82060.8 123177 93566.1 94110.6 94014.9 93283.8 82227.2 97920.1 127931 81977.2 97777.9 159668 159379 105657 128060 103418
#pred surv len freq
 2.56223e-27 2.58587e-27 3.0996e-26 5.99896e-20 1.47057e-14 4.35757e-10 1.56081e-06 0.00067577 0.0353674 0.223744 0.171484 0.0400634 0.184466 0.17052 0.0417946 0.0528097 0.0224178 0.016863 0.0102232 0.00767258 0.00594821 0.00508829 0.00505323 0.00445203 0.00135589
 2.56357e-27 2.58976e-27 3.4579e-26 6.75486e-20 1.65587e-14 4.90665e-10 1.75748e-06 0.000760921 0.0398239 0.251937 0.192975 0.0377763 0.151965 0.141293 0.0507303 0.0803302 0.0274017 0.0115876 0.00508008 0.0028212 0.00176733 0.00128938 0.00113172 0.000995356 0.000331947
 2.56624e-27 2.59671e-27 4.04163e-26 7.98617e-20 1.95771e-14 5.80106e-10 2.07784e-06 0.000899626 0.0470832 0.297861 0.22806 0.0388822 0.135731 0.125653 0.036006 0.0507916 0.020075 0.0125028 0.00401269 0.00123831 0.00050448 0.000276604 0.000199836 0.000164661 5.68062e-05
 2.56428e-27 2.59128e-27 3.553e-26 6.95533e-20 1.70501e-14 5.05226e-10 1.80964e-06 0.000783503 0.0410057 0.259414 0.198736 0.0410284 0.172665 0.159639 0.0403112 0.0519539 0.0188835 0.00977002 0.0038709 0.001426 0.000319975 9.64316e-05 4.8375e-05 3.40992e-05 1.16285e-05
 2.56421e-27 2.59124e-27 3.5612e-26 6.97266e-20 1.70926e-14 5.06485e-10 1.81415e-06 0.000785456 0.0411079 0.26006 0.199211 0.0398779 0.163577 0.151573 0.04471 0.0639655 0.0217265 0.00892173 0.00306151 0.00104886 0.000294186 5.57066e-05 1.30072e-05 6.44054e-06 2.05238e-06
 2.56511e-27 2.59356e-27 3.7564e-26 7.38442e-20 1.8102e-14 5.36395e-10 1.92128e-06 0.000831839 0.0435355 0.275418 0.210943 0.0401787 0.157624 0.145858 0.0396861 0.0539742 0.0191314 0.00903391 0.00280231 0.000753962 0.00018329 3.81465e-05 5.30453e-06 1.15976e-06 3.04483e-07
 2.56477e-27 2.59257e-27 3.66107e-26 7.18328e-20 1.76089e-14 5.21784e-10 1.86894e-06 0.000809181 0.0423496 0.267916 0.205229 0.0410865 0.168546 0.155825 0.0394242 0.0508168 0.0173894 0.00734494 0.00240411 0.000694061 0.000136939 2.35417e-05 3.11486e-06 3.10486e-07 4.61072e-08
 2.56473e-27 2.59247e-27 3.65405e-26 7.16849e-20 1.75727e-14 5.2071e-10 1.8651e-06 0.000807515 0.0422624 0.267364 0.204805 0.040928 0.167638 0.155054 0.040517 0.0534752 0.0177619 0.00665871 0.00204306 0.000547829 0.000115765 1.75494e-05 1.86967e-06 1.38824e-07 8.68703e-09
 2.56536e-27 2.59407e-27 3.78549e-26 7.44573e-20 1.82523e-14 5.40849e-10 1.93723e-06 0.000838746 0.043897 0.277704 0.212707 0.0413506 0.165302 0.152724 0.0369635 0.0459334 0.0151117 0.00543789 0.00157444 0.000369666 7.11356e-05 1.08479e-05 1.04875e-06 6.08482e-08 2.14708e-09
 2.5675e-27 2.59976e-27 4.27606e-26 8.48059e-20 2.07891e-14 6.16019e-10 2.20648e-06 0.00095532 0.049998 0.316301 0.242173 0.0409222 0.14134 0.130398 0.0291428 0.0336716 0.010693 0.00325626 0.000908107 0.000199957 3.41819e-05 4.61232e-06 4.29576e-07 2.22563e-08 5.66776e-10
 2.56618e-27 2.59611e-27 3.94733e-26 7.78708e-20 1.90891e-14 5.65644e-10 2.02604e-06 0.000877198 0.0459094 0.290436 0.222445 0.0423958 0.166414 0.153428 0.0312605 0.0326946 0.0102569 0.00293284 0.000772301 0.000148251 2.37145e-05 2.86279e-06 2.32551e-07 1.12487e-08 2.47073e-10
 2.56653e-27 2.5971e-27 4.04045e-26 7.98355e-20 1.95707e-14 5.79915e-10 2.07716e-06 0.00089933 0.0470677 0.297763 0.228029 0.0416795 0.15704 0.144896 0.031909 0.0363018 0.011049 0.00258298 0.000646892 0.000114662 1.63308e-05 1.75589e-06 1.26764e-07 5.33497e-09 1.06642e-10
 2.56792e-27 2.60078e-27 4.35565e-26 8.64845e-20 2.12006e-14 6.28213e-10 2.25015e-06 0.00097423 0.0509877 0.322562 0.246964 0.0415679 0.142888 0.131638 0.0259558 0.0260625 0.00795444 0.0019127 0.000455602 6.60985e-05 8.56967e-06 8.18662e-07 5.13782e-08 1.89146e-09 3.29233e-11
 2.56615e-27 2.59592e-27 3.91974e-26 7.72883e-20 1.89463e-14 5.61413e-10 2.01089e-06 0.000870637 0.045566 0.288263 0.220802 0.0433837 0.175087 0.161239 0.0291881 0.0259683 0.00770868 0.00151431 0.000349936 5.10303e-05 5.84608e-06 4.70306e-07 2.58966e-08 8.19619e-10 1.23273e-11
 2.56427e-27 2.59095e-27 3.49223e-26 6.82701e-20 1.67356e-14 4.95905e-10 1.77625e-06 0.000769048 0.0402492 0.254628 0.195121 0.0435538 0.194424 0.179361 0.0374327 0.0401943 0.0117799 0.00199694 0.000429248 5.26046e-05 5.80603e-06 4.35978e-07 1.99907e-08 5.39861e-10 6.93388e-12
 2.56504e-27 2.59312e-27 3.69227e-26 7.24904e-20 1.77701e-14 5.26561e-10 1.88605e-06 0.000816589 0.0427373 0.270368 0.207121 0.042312 0.176543 0.163001 0.0370715 0.0435082 0.0130799 0.00276234 0.00060577 6.42262e-05 6.16314e-06 4.0621e-07 1.73991e-08 3.97105e-10 4.26834e-12
 2.56593e-27 2.59539e-27 3.88157e-26 7.64834e-20 1.8749e-14 5.55566e-10 1.98994e-06 0.00086157 0.0450915 0.285261 0.2185 0.042778 0.172095 0.158644 0.0317292 0.0324269 0.00981452 0.00221603 0.000509351 6.41686e-05 6.03891e-06 3.36397e-07 1.23082e-08 2.54027e-10 2.33766e-12
 2.56663e-27 2.59722e-27 4.03576e-26 7.9736e-20 1.95463e-14 5.79192e-10 2.07457e-06 0.000898209 0.047009 0.297392 0.227766 0.0429534 0.166919 0.153727 0.0283058 0.0258405 0.00756385 0.00129627 0.000284759 3.77718e-05 3.91993e-06 2.41307e-07 7.81167e-09 1.35166e-10 1.09451e-12
 2.56656e-27 2.59711e-27 4.03336e-26 7.96855e-20 1.95339e-14 5.78825e-10 2.07325e-06 0.00089764 0.0469792 0.297204 0.227612 0.042305 0.162093 0.149431 0.0303999 0.0316974 0.00932952 0.00165543 0.000351596 3.81305e-05 3.85102e-06 2.5798e-07 9.3341e-09 1.53134e-10 1.04314e-12
 2.56593e-27 2.59526e-27 3.85539e-26 7.59306e-20 1.86135e-14 5.5155e-10 1.97556e-06 0.000855342 0.0447655 0.283199 0.216946 0.044044 0.18282 0.16827 0.028518 0.0226625 0.00659021 0.00107747 0.000223643 2.34975e-05 2.1131e-06 1.21934e-07 4.60432e-09 8.36339e-11 5.64998e-13
 2.56723e-27 2.59885e-27 4.1804e-26 8.27871e-20 2.02943e-14 6.01355e-10 2.15395e-06 0.00093258 0.0488079 0.308772 0.236448 0.0424683 0.157128 0.144712 0.0270927 0.0253308 0.00722177 0.000896012 0.000169557 1.67415e-05 1.45569e-06 7.76567e-08 2.51427e-09 4.48036e-11 3.29306e-13
 2.56764e-27 2.59989e-27 4.26486e-26 8.45686e-20 2.0731e-14 6.14296e-10 2.20031e-06 0.000952648 0.0498582 0.315417 0.241528 0.0428976 0.156825 0.144263 0.023918 0.0182139 0.0052287 0.000742227 0.000141614 1.08839e-05 8.25281e-07 4.12829e-08 1.24896e-09 1.94322e-11 1.34665e-13
 2.56742e-27 2.59929e-27 4.21043e-26 8.34204e-20 2.04495e-14 6.05955e-10 2.17043e-06 0.000939713 0.0491812 0.311134 0.238262 0.0431207 0.160818 0.147937 0.024383 0.0183438 0.0051793 0.000584992 0.000104699 8.95867e-06 6.48928e-07 2.55023e-08 6.90199e-10 9.95767e-12 6.13107e-14
 2.5681e-27 2.60113e-27 4.37431e-26 8.68776e-20 2.1297e-14 6.31068e-10 2.26038e-06 0.000978658 0.0512194 0.324028 0.248099 0.0425688 0.149707 0.137697 0.0228171 0.0173511 0.00489254 0.000538899 9.30912e-05 6.5529e-06 4.47377e-07 1.85657e-08 4.25326e-10 5.12898e-12 2.87914e-14
 2.56797e-27 2.60074e-27 4.33601e-26 8.60694e-20 2.10989e-14 6.25198e-10 2.23935e-06 0.000969554 0.050743 0.321014 0.245804 0.0430156 0.154719 0.142241 0.0221535 0.0146961 0.00412393 0.000437831 7.41958e-05 5.04085e-06 3.1416e-07 1.09644e-08 2.50473e-10 2.78292e-12 1.29064e-14
 2.56698e-27 2.59807e-27 4.10027e-26 8.10964e-20 1.98798e-14 5.89074e-10 2.10997e-06 0.000913534 0.0478111 0.302466 0.231652 0.0436493 0.169485 0.155889 0.0249679 0.0176734 0.00493709 0.000472599 7.6019e-05 5.02527e-06 3.04709e-07 9.97384e-09 1.96853e-10 2.00485e-12 8.82785e-15
 2.56711e-27 2.5984e-27 4.12595e-26 8.1638e-20 2.00126e-14 5.93009e-10 2.12406e-06 0.000919636 0.0481304 0.304486 0.233197 0.0438407 0.169855 0.156165 0.0238253 0.0149999 0.00415938 0.000360397 5.42115e-05 3.18208e-06 1.75591e-07 5.51507e-09 1.03384e-10 9.34307e-13 3.64635e-15
 2.56657e-27 2.59697e-27 4.00505e-26 7.90877e-20 1.93874e-14 5.74483e-10 2.0577e-06 0.000890906 0.0466268 0.294974 0.225932 0.0437413 0.174203 0.160293 0.0266515 0.0203997 0.0056892 0.000512352 7.84317e-05 4.35431e-06 2.21737e-07 6.13313e-09 1.067e-10 9.14937e-13 3.24293e-15
#obs surv len freq
 1.08281e-41 1.50288e-33 2.52139e-26 5.11332e-20 1.25347e-14 3.71426e-10 1.33039e-06 0.000576012 0.0301462 0.190714 0.146336 0.0401167 0.173148 0.146554 0.104065 0.102059 0.0443838 0.0174285 0.00394761 0.000497817 2.56993e-05 3.92982e-07 1.33638e-09 8.23983e-13 8.07766e-17
 1.60088e-41 2.22191e-33 3.72772e-26 7.55973e-20 1.85318e-14 5.49131e-10 1.9669e-06 0.000851599 0.0445693 0.281959 0.216025 0.040598 0.12639 0.102068 0.0762725 0.0691345 0.0292595 0.010501 0.00212952 0.000230083 9.69019e-06 1.1468e-07 2.90118e-10 1.29837e-13 9.10545e-18
 1.53694e-41 2.13317e-33 3.57883e-26 7.2578e-20 1.77916e-14 5.27199e-10 1.88834e-06 0.000817586 0.0427892 0.270698 0.207657 0.0500331 0.176806 0.12885 0.0563289 0.0424441 0.0170054 0.00549283 0.000982796 8.91724e-05 3.00911e-06 2.7343e-08 5.13568e-11 1.66855e-14 8.38057e-19
 1.07731e-41 1.49523e-33 2.50856e-26 5.0873e-20 1.24709e-14 3.69536e-10 1.32362e-06 0.000573081 0.0299928 0.189745 0.146075 0.0565187 0.230332 0.163117 0.0978281 0.0656237 0.0157621 0.00380266 0.000583825 4.37438e-05 1.16179e-06 7.99722e-09 1.10877e-11 2.61265e-15 9.406e-20
 1.50237e-41 2.08518e-33 3.49833e-26 7.09454e-20 1.73914e-14 5.1534e-10 1.84586e-06 0.000799195 0.0418267 0.264609 0.203041 0.0472146 0.142207 0.104183 0.104096 0.0691521 0.0189999 0.00352586 0.000325095 1.82343e-05 3.73584e-07 1.92177e-09 1.94763e-12 3.31162e-16 8.53308e-21
 1.20221e-41 1.66859e-33 2.79941e-26 5.67714e-20 1.39168e-14 4.12382e-10 1.47708e-06 0.000639526 0.0334703 0.211746 0.163235 0.0650676 0.231497 0.144101 0.0781367 0.0493772 0.0187731 0.0036592 0.00028645 9.72602e-06 1.3121e-07 4.87542e-10 3.57082e-13 4.34769e-17 7.97706e-22
 1.37443e-41 1.90762e-33 3.20042e-26 6.49039e-20 1.59104e-14 4.71455e-10 1.68868e-06 0.000731139 0.0382649 0.242078 0.18627 0.0578432 0.174844 0.116604 0.110291 0.0573164 0.0129999 0.0025248 0.000225163 6.43121e-06 5.44474e-08 1.25082e-10 6.21894e-14 5.32675e-18 6.90691e-23
 1.19569e-41 1.65954e-33 2.78423e-26 5.64635e-20 1.38414e-14 4.10145e-10 1.46907e-06 0.000636058 0.0332887 0.2106 0.162802 0.0722542 0.227168 0.133266 0.0936336 0.0493675 0.0147665 0.00207536 0.000136482 3.82295e-06 2.72293e-08 4.14158e-11 1.25972e-14 6.92091e-19 6.07243e-24
 1.51833e-41 2.10734e-33 3.53551e-26 7.16993e-20 1.75763e-14 5.20816e-10 1.86548e-06 0.000807688 0.0422712 0.267425 0.206018 0.0645674 0.167292 0.103891 0.0954781 0.0415792 0.00926754 0.00132235 7.69273e-05 1.52885e-06 9.01428e-09 1.12773e-11 2.44878e-15 8.64117e-20 4.76512e-25
 1.52121e-41 2.11134e-33 3.54221e-26 7.18352e-20 1.76096e-14 5.21804e-10 1.86902e-06 0.000809219 0.0423513 0.267935 0.207021 0.0779148 0.198187 0.10355 0.0661005 0.0283344 0.0069815 0.000775441 3.69833e-05 6.23485e-07 2.67423e-09 2.48582e-12 4.21189e-16 1.11957e-20 4.32736e-26
 1.09656e-41 1.52196e-33 2.5534e-26 5.17825e-20 1.26939e-14 3.76142e-10 1.34728e-06 0.000583326 0.030529 0.19315 0.15099 0.097207 0.258202 0.136121 0.0952539 0.0318657 0.00550437 0.000568427 2.31419e-05 2.96646e-07 9.9192e-10 6.79261e-13 8.18724e-17 1.58648e-21 4.56663e-27
 1.66797e-41 2.31504e-33 3.88395e-26 7.87658e-20 1.93085e-14 5.72146e-10 2.04934e-06 0.000887291 0.0464373 0.293786 0.226836 0.0714106 0.145061 0.0938547 0.0888838 0.0280783 0.00443055 0.000321633 9.72345e-06 1.00562e-07 2.51547e-10 1.26692e-13 1.11663e-17 1.54332e-22 3.13079e-28
 1.33755e-41 1.85643e-33 3.11455e-26 6.31625e-20 1.54835e-14 4.58805e-10 1.64337e-06 0.000711521 0.0372382 0.235604 0.184578 0.110441 0.242631 0.106677 0.0575556 0.0203401 0.00395586 0.000260221 5.87801e-06 4.18089e-08 7.6825e-11 2.8531e-14 1.81007e-18 1.79183e-23 2.59894e-29
 1.11922e-41 1.55341e-33 2.60616e-26 5.28524e-20 1.29561e-14 3.83914e-10 1.37512e-06 0.000595379 0.0311598 0.197157 0.155831 0.112224 0.235903 0.137455 0.102972 0.023633 0.00286755 0.00019694 4.35412e-06 2.38352e-08 2.98587e-11 7.60646e-15 3.42616e-19 2.42412e-24 2.49657e-30
 8.77208e-42 1.21751e-33 2.04262e-26 4.14239e-20 1.01546e-14 3.00899e-10 1.07777e-06 0.000466638 0.024422 0.154544 0.124541 0.123395 0.249128 0.159863 0.124455 0.0343882 0.00459218 0.000200281 3.35834e-06 1.67222e-08 1.69394e-11 3.06238e-15 9.31452e-20 4.48194e-25 3.20611e-31
 1.41308e-41 1.96127e-33 3.29043e-26 6.67294e-20 1.63579e-14 4.84715e-10 1.73617e-06 0.000751702 0.0393411 0.248919 0.195139 0.0946706 0.160023 0.126528 0.101652 0.0287085 0.00407359 0.000189927 2.51888e-06 8.53544e-09 6.73788e-12 9.8332e-16 2.26121e-20 7.69101e-26 3.7557e-32
 9.74544e-42 1.3526e-33 2.26927e-26 4.60204e-20 1.12814e-14 3.34287e-10 1.19736e-06 0.000518417 0.027132 0.17173 0.141599 0.162179 0.272904 0.126322 0.0721762 0.0221179 0.00317086 0.000147074 1.91538e-06 5.50541e-09 3.08271e-12 3.14284e-16 5.3754e-21 1.39409e-26 5.09108e-33
 1.43633e-41 1.99353e-33 3.34457e-26 6.78271e-20 1.6627e-14 4.92689e-10 1.76473e-06 0.000764068 0.0399884 0.25304 0.200289 0.108043 0.161502 0.135787 0.0837659 0.0151178 0.00162644 7.33394e-05 8.97873e-07 2.34841e-09 1.12002e-12 8.73747e-17 1.05291e-21 1.8936e-27 4.91736e-34
 1.00661e-41 1.39711e-33 2.34394e-26 4.75345e-20 1.16525e-14 3.45286e-10 1.23676e-06 0.000535473 0.0280247 0.177437 0.149958 0.183907 0.261513 0.120606 0.0612771 0.0152964 0.00140309 4.023e-05 3.94768e-07 9.02251e-10 3.68421e-13 2.38757e-17 2.28953e-22 3.10451e-28 5.79058e-35
 1.29092e-41 1.79172e-33 3.00598e-26 6.09607e-20 1.49438e-14 4.42812e-10 1.58608e-06 0.000686718 0.0359403 0.227488 0.18462 0.132556 0.181442 0.151788 0.0734864 0.0110582 0.000907508 2.5442e-05 1.76062e-07 2.81483e-10 8.98892e-14 4.7116e-18 3.62753e-23 3.88861e-29 5.6256e-36
 1.41139e-41 1.95891e-33 3.28648e-26 6.66492e-20 1.63383e-14 4.84133e-10 1.73409e-06 0.000750799 0.0392941 0.248764 0.204608 0.159311 0.187441 0.101647 0.0478211 0.00970522 0.000643306 1.27786e-05 7.4711e-08 9.18468e-11 2.02098e-14 7.46356e-19 4.27629e-24 3.50962e-30 3.90919e-37
 1.12993e-41 1.56826e-33 2.63109e-26 5.3358e-20 1.30801e-14 3.87587e-10 1.38827e-06 0.000601074 0.0314583 0.199296 0.172879 0.196889 0.22545 0.12238 0.0443073 0.00631658 0.000413992 7.79077e-06 3.33978e-08 3.03486e-11 5.10306e-15 1.36912e-19 5.44158e-25 3.09572e-31 2.44974e-38
 1.37947e-41 1.91461e-33 3.21216e-26 6.51419e-20 1.59688e-14 4.73184e-10 1.69487e-06 0.000733819 0.0384057 0.243234 0.203647 0.160512 0.178979 0.125674 0.0433941 0.00517418 0.000239925 3.54731e-06 1.32726e-08 9.46994e-12 1.14449e-15 2.21459e-20 6.44195e-26 2.65051e-32 1.48112e-39
 1.3543e-41 1.87968e-33 3.15355e-26 6.39533e-20 1.56774e-14 4.6455e-10 1.66394e-06 0.00072043 0.0377053 0.238944 0.206957 0.194098 0.18825 0.0969466 0.0320686 0.0041411 0.000165441 1.77291e-06 4.74302e-09 2.62517e-12 2.49922e-16 3.62376e-21 7.55836e-27 2.20455e-33 8.79e-41
 1.18468e-41 1.64426e-33 2.75859e-26 5.59436e-20 1.37139e-14 4.06368e-10 1.45554e-06 0.000630201 0.0329835 0.209225 0.189925 0.213618 0.206875 0.113665 0.0299984 0.00296885 0.000109296 1.04329e-06 2.10832e-09 8.14704e-13 5.51208e-17 5.91714e-22 9.28155e-28 2.01089e-34 5.82036e-42
 1.06356e-41 1.47615e-33 2.47655e-26 5.02239e-20 1.23118e-14 3.64821e-10 1.30673e-06 0.00056577 0.0296119 0.188049 0.178118 0.221123 0.217344 0.129776 0.0325131 0.00281962 7.77154e-05 5.81925e-07 9.76689e-10 2.95749e-13 1.4456e-17 1.07929e-22 1.18126e-28 1.82238e-35 3.82604e-43
 1.05022e-41 1.45764e-33 2.4455e-26 4.95942e-20 1.21574e-14 3.60247e-10 1.29035e-06 0.000558676 0.0292413 0.185862 0.179878 0.221772 0.216821 0.13148 0.031709 0.00261466 6.1363e-05 3.49874e-07 4.29875e-10 9.87612e-14 3.72356e-18 2.0916e-23 1.65725e-29 1.79861e-36 2.62472e-44
 1.26847e-41 1.76056e-33 2.9537e-26 5.99005e-20 1.46839e-14 4.35111e-10 1.5585e-06 0.000674775 0.0353172 0.224193 0.204573 0.199643 0.192496 0.113504 0.0273026 0.00224378 5.09993e-05 2.6632e-07 2.76154e-10 5.07317e-14 1.52038e-18 6.92872e-24 4.53056e-30 4.06482e-37 4.85135e-45
#pred catch len freq
 2.55673e-27 2.57131e-27 1.85575e-26 3.37512e-20 8.27371e-15 2.45165e-10 8.78139e-07 0.000380201 0.0198983 0.125883 0.0967586 0.0400647 0.236975 0.219475 0.0593189 0.0806773 0.0343132 0.0258483 0.0155985 0.0116588 0.00901483 0.00770223 0.00764587 0.0067356 0.00205135
 2.55771e-27 2.57438e-27 2.15099e-26 3.99803e-20 9.80069e-15 2.90412e-10 1.04021e-06 0.00045037 0.0235707 0.149115 0.114452 0.0371463 0.202339 0.188712 0.0759742 0.126082 0.0430371 0.0182125 0.00795303 0.00439518 0.00274546 0.00200035 0.00175492 0.00154331 0.000514681
 2.56008e-27 2.58045e-27 2.64867e-26 5.04777e-20 1.2374e-14 3.66664e-10 1.31333e-06 0.000568621 0.0297596 0.188268 0.144383 0.0393277 0.19791 0.183735 0.058951 0.0887326 0.0351422 0.0219496 0.00702879 0.00215724 0.000876021 0.00047956 0.000346275 0.00028529 9.84205e-05
 2.55876e-27 2.57665e-27 2.28991e-26 4.29085e-20 1.05185e-14 3.11682e-10 1.11639e-06 0.000483355 0.0252971 0.160037 0.122872 0.0421986 0.234871 0.217562 0.0599337 0.0822452 0.0299048 0.015457 0.00610125 0.00223753 0.000500656 0.000150552 7.54683e-05 5.31888e-05 1.81382e-05
 2.55883e-27 2.577e-27 2.3376e-26 4.39152e-20 1.07653e-14 3.18995e-10 1.14259e-06 0.000494696 0.0258906 0.163792 0.125713 0.0405715 0.220494 0.204736 0.0657199 0.0985809 0.0334692 0.013696 0.00468286 0.00159532 0.000446183 8.43544e-05 1.96752e-05 9.73966e-06 3.10362e-06
 2.55979e-27 2.57945e-27 2.53907e-26 4.81649e-20 1.1807e-14 3.49863e-10 1.25315e-06 0.000542567 0.028396 0.179642 0.137827 0.041275 0.217336 0.201493 0.0591583 0.0844793 0.0299182 0.0140671 0.00435021 0.00116336 0.000281923 5.85705e-05 8.13805e-06 1.77851e-06 4.66906e-07
 2.55965e-27 2.57893e-27 2.47934e-26 4.69041e-20 1.1498e-14 3.40706e-10 1.22035e-06 0.000528365 0.0276527 0.174939 0.134257 0.0425369 0.229448 0.21247 0.0575188 0.0778923 0.0266287 0.0111854 0.00364786 0.00104713 0.000206002 3.53418e-05 4.67204e-06 4.65533e-07 6.91233e-08
 2.55997e-27 2.57977e-27 2.55259e-26 4.84494e-20 1.18768e-14 3.5193e-10 1.26055e-06 0.000545772 0.0285637 0.180703 0.138654 0.0423556 0.224979 0.20838 0.0574308 0.0786707 0.0260838 0.00968859 0.00296097 0.000788827 0.000166178 2.51458e-05 2.67631e-06 1.9864e-07 1.24283e-08
 2.56087e-27 2.58205e-27 2.73853e-26 5.23714e-20 1.28382e-14 3.80419e-10 1.3626e-06 0.000589953 0.030876 0.195331 0.149836 0.0431145 0.222897 0.206178 0.0519443 0.0666756 0.021886 0.00778462 0.0022449 0.000523446 0.0001004 1.52801e-05 1.4759e-06 8.55959e-08 3.01985e-09
 2.56285e-27 2.58726e-27 3.18381e-26 6.17644e-20 1.51408e-14 4.48649e-10 1.60698e-06 0.000695763 0.0364137 0.230364 0.176586 0.0430666 0.203739 0.188237 0.0440514 0.05313 0.0168508 0.00508241 0.00141209 0.000308861 5.26338e-05 7.08705e-06 6.59422e-07 3.41511e-08 8.69546e-10
 2.56175e-27 2.58416e-27 2.89833e-26 5.57415e-20 1.36643e-14 4.04899e-10 1.45028e-06 0.000627916 0.0328629 0.2079 0.159461 0.0448076 0.22902 0.211369 0.0445824 0.0485012 0.0151929 0.00429407 0.00112645 0.000214706 3.42317e-05 4.12355e-06 3.34619e-07 1.61788e-08 3.55304e-10
 2.56245e-27 2.58612e-27 3.07715e-26 5.95141e-20 1.45892e-14 4.32303e-10 1.54844e-06 0.000670414 0.035087 0.221971 0.170189 0.0437951 0.213778 0.197439 0.044579 0.0519708 0.0157907 0.00363727 0.000906682 0.000159515 2.26429e-05 2.42889e-06 1.75163e-07 7.36843e-09 1.47263e-10
 2.56403e-27 2.59028e-27 3.43098e-26 6.69778e-20 1.64188e-14 4.86519e-10 1.74263e-06 0.000754492 0.0394874 0.249808 0.191447 0.0439314 0.199879 0.184327 0.0370733 0.0381544 0.0116234 0.0027523 0.000652818 9.39918e-05 1.21417e-05 1.15715e-06 7.25393e-08 2.66915e-09 4.64511e-11
 2.56217e-27 2.58513e-27 2.96717e-26 5.7193e-20 1.40202e-14 4.15443e-10 1.48805e-06 0.000644268 0.0337186 0.213314 0.163614 0.0460384 0.235468 0.217012 0.0400245 0.0366376 0.0108622 0.00210228 0.000483464 6.99761e-05 7.98974e-06 6.41105e-07 3.52594e-08 1.11535e-09 1.67716e-11
 2.56043e-27 2.58057e-27 2.57975e-26 4.90209e-20 1.20169e-14 3.56082e-10 1.27542e-06 0.00055221 0.0289007 0.182834 0.140336 0.0457403 0.249555 0.230375 0.0489984 0.0537198 0.0157244 0.00262464 0.000561232 6.82584e-05 7.50536e-06 5.62186e-07 2.57465e-08 6.94884e-10 8.92288e-12
 2.56137e-27 2.58323e-27 2.82458e-26 5.4186e-20 1.3283e-14 3.936e-10 1.40981e-06 0.000610394 0.0319458 0.202099 0.155022 0.0442372 0.227799 0.210465 0.0484885 0.0575941 0.0172795 0.00358564 0.000782755 8.23625e-05 7.87188e-06 5.17424e-07 2.21349e-08 5.04891e-10 5.42547e-12
 2.56252e-27 2.58619e-27 3.06987e-26 5.936e-20 1.45514e-14 4.31184e-10 1.54443e-06 0.000668678 0.0349962 0.221396 0.169768 0.0449279 0.222694 0.205407 0.0412891 0.0424558 0.0128184 0.00283918 0.000649356 8.11649e-05 7.61252e-06 4.22886e-07 1.54516e-08 3.18694e-10 2.93196e-12
 2.5626e-27 2.5863e-27 3.07188e-26 5.94021e-20 1.45617e-14 4.31489e-10 1.54552e-06 0.000669152 0.035021 0.221553 0.169899 0.0455964 0.227689 0.209871 0.0394471 0.0371082 0.0108518 0.00183347 0.000400755 5.27656e-05 5.45779e-06 3.3515e-07 1.08365e-08 1.87373e-10 1.5168e-12
 2.56341e-27 2.58859e-27 3.28221e-26 6.38394e-20 1.56495e-14 4.63722e-10 1.66097e-06 0.000719138 0.0376371 0.238103 0.182516 0.0443237 0.20914 0.192907 0.0392172 0.0408555 0.0120004 0.00208686 0.000440585 4.74e-05 4.76722e-06 3.18532e-07 1.15114e-08 1.88739e-10 1.28528e-12
 2.56262e-27 2.58624e-27 3.0564e-26 5.90751e-20 1.44815e-14 4.29114e-10 1.53701e-06 0.000665469 0.0348282 0.220334 0.168982 0.0465235 0.235388 0.216764 0.036844 0.0294372 0.00854609 0.0013711 0.000282861 2.94885e-05 2.64144e-06 1.51993e-07 5.7318e-09 1.04052e-10 7.02745e-13
 2.56412e-27 2.59041e-27 3.43392e-26 6.70395e-20 1.64339e-14 4.86967e-10 1.74423e-06 0.000755186 0.0395237 0.250038 0.191634 0.0446401 0.205141 0.189042 0.0353757 0.0330523 0.00941098 0.00114603 0.000215149 2.10765e-05 1.82507e-06 9.70933e-08 3.1393e-09 5.59025e-11 4.10769e-13
 2.56456e-27 2.59152e-27 3.52141e-26 6.88849e-20 1.68863e-14 5.00371e-10 1.79225e-06 0.000775974 0.0406117 0.256921 0.1969 0.0452712 0.206244 0.189837 0.0314675 0.0239525 0.00686546 0.00095597 0.000181184 1.38244e-05 1.04306e-06 5.20282e-08 1.5719e-09 2.44395e-11 1.69311e-13
 2.56437e-27 2.59098e-27 3.47338e-26 6.78716e-20 1.66379e-14 4.93011e-10 1.76588e-06 0.00076456 0.0400143 0.253142 0.194018 0.0454937 0.209962 0.193254 0.031823 0.023896 0.00673903 0.000747392 0.00013263 1.1263e-05 8.12418e-07 3.18341e-08 8.60205e-10 1.24013e-11 7.63316e-14
 2.56526e-27 2.59341e-27 3.68867e-26 7.24135e-20 1.77513e-14 5.26003e-10 1.88405e-06 0.000815723 0.042692 0.270082 0.206941 0.0447866 0.195501 0.179923 0.0297064 0.0224261 0.00631548 0.000682677 0.0001169 8.17042e-06 5.54922e-07 2.2963e-08 5.25326e-10 6.32952e-12 3.55176e-14
 2.56503e-27 2.59274e-27 3.62436e-26 7.10565e-20 1.74186e-14 5.16145e-10 1.84875e-06 0.000800436 0.041892 0.26502 0.203086 0.045405 0.202915 0.186661 0.0290192 0.0191653 0.00537186 0.000560076 9.40763e-05 6.34737e-06 3.9359e-07 1.3696e-08 3.12371e-10 3.46799e-12 1.60775e-14
 2.56453e-27 2.59137e-27 3.50481e-26 6.85345e-20 1.68004e-14 4.97826e-10 1.78313e-06 0.000772027 0.0404051 0.255614 0.195908 0.0456696 0.209972 0.193199 0.0306499 0.0212339 0.00592323 0.000556165 8.85008e-05 5.80891e-06 3.50367e-07 1.14348e-08 2.25323e-10 2.29278e-12 1.00918e-14
 2.56418e-27 2.59038e-27 3.41299e-26 6.65975e-20 1.63256e-14 4.83756e-10 1.73273e-06 0.000750207 0.0392631 0.24839 0.190401 0.0462746 0.218445 0.200939 0.0305816 0.0191306 0.00529987 0.000451635 6.72127e-05 3.91991e-06 2.15078e-07 6.73547e-09 1.26058e-10 1.13823e-12 4.44034e-15
 2.56367e-27 2.58907e-27 3.30363e-26 6.42906e-20 1.57601e-14 4.66999e-10 1.67271e-06 0.00072422 0.0379031 0.239786 0.183827 0.0460136 0.221078 0.203515 0.0337012 0.0255885 0.00712918 0.000631044 9.56017e-05 5.27489e-06 2.67045e-07 7.36465e-09 1.27899e-10 1.09574e-12 3.88217e-15
#obs catch len freq
 5.00321e-42 6.94413e-34 1.16502e-26 2.36264e-20 5.79173e-15 1.7162e-10 6.14713e-07 0.00026615 0.0139292 0.0881215 0.0680138 0.0399239 0.218936 0.186831 0.143599 0.143178 0.0642933 0.0259766 0.00609347 0.000794147 4.26651e-05 6.80164e-07 2.40632e-09 1.5378e-12 1.55536e-16
 5.6897e-42 7.89693e-34 1.32487e-26 2.68682e-20 6.58642e-15 1.95167e-10 6.99058e-07 0.000302668 0.0158404 0.100213 0.0773559 0.043595 0.22299 0.181503 0.143554 0.131604 0.0570151 0.0210425 0.00445966 0.00050255 2.19969e-05 2.7032e-07 7.08695e-10 3.27584e-13 2.3646e-17
 1.08244e-41 1.50235e-33 2.52051e-26 5.11154e-20 1.25303e-14 3.71297e-10 1.32993e-06 0.000575812 0.0301357 0.190648 0.146457 0.0450385 0.180694 0.14019 0.113887 0.0958987 0.0402077 0.0134763 0.00253746 0.000242821 8.58493e-06 8.09936e-08 1.5715e-10 5.25674e-14 2.71006e-18
 1.11869e-41 1.55267e-33 2.60493e-26 5.28274e-20 1.295e-14 3.83732e-10 1.37447e-06 0.000595097 0.031145 0.197035 0.151681 0.0584376 0.237743 0.164112 0.0764345 0.0539796 0.0213044 0.00639221 0.00105316 8.38662e-05 2.3546e-06 1.69338e-08 2.42774e-11 5.87896e-15 2.16729e-19
 7.85727e-42 1.09054e-33 1.8296e-26 3.7104e-20 9.09561e-15 2.69519e-10 9.65375e-07 0.000417974 0.0218751 0.138392 0.107168 0.0648761 0.274116 0.184712 0.116361 0.071098 0.0166314 0.00378425 0.000531356 3.46239e-05 7.58602e-07 4.10704e-09 4.32808e-12 7.58146e-16 2.00034e-20
 1.26173e-41 1.7512e-33 2.938e-26 5.9582e-20 1.46058e-14 4.32797e-10 1.55021e-06 0.000671187 0.0351272 0.222228 0.170912 0.0528777 0.172207 0.122009 0.124965 0.075372 0.0199728 0.00335715 0.000285567 1.39684e-05 2.34381e-07 9.42945e-10 7.23726e-13 9.12684e-17 1.72101e-21
 1.03616e-41 1.43812e-33 2.41274e-26 4.893e-20 1.19946e-14 3.55422e-10 1.27306e-06 0.000551193 0.0288472 0.182501 0.141283 0.0738885 0.261017 0.153922 0.0857959 0.0504711 0.018309 0.00318396 0.000221781 6.51445e-06 7.25143e-08 2.10232e-10 1.16261e-13 1.04781e-17 1.40509e-22
 1.27594e-41 1.77093e-33 2.9711e-26 6.02533e-20 1.47704e-14 4.37673e-10 1.56767e-06 0.000678749 0.035523 0.224734 0.173334 0.0642286 0.191877 0.123752 0.116817 0.0547382 0.0120109 0.00213562 0.000165459 3.9633e-06 2.73612e-08 4.9294e-11 1.85254e-14 1.17316e-18 1.11061e-23
 1.15437e-41 1.6022e-33 2.68802e-26 5.45124e-20 1.33631e-14 3.95972e-10 1.41831e-06 0.000614079 0.0321384 0.203325 0.157653 0.0797066 0.238604 0.133813 0.0939622 0.0456779 0.0128068 0.00160172 9.4049e-05 2.19025e-06 1.24277e-08 1.46783e-11 3.38087e-15 1.37573e-19 8.80969e-25
 1.5189e-41 2.10814e-33 3.53684e-26 7.17264e-20 1.75829e-14 5.21013e-10 1.86618e-06 0.000807993 0.0422871 0.267528 0.206417 0.0697791 0.171647 0.103508 0.092661 0.0365841 0.00774098 0.00098723 4.95026e-05 8.22136e-07 3.86357e-09 3.71035e-12 6.0627e-16 1.58553e-20 6.39404e-26
 1.55341e-41 2.15603e-33 3.61718e-26 7.33557e-20 1.79823e-14 5.32848e-10 1.90857e-06 0.000826347 0.0432477 0.273609 0.211741 0.0831432 0.196958 0.0984036 0.0616354 0.024329 0.00553893 0.000543622 2.25086e-05 3.11568e-07 1.05845e-09 7.5566e-13 9.59566e-17 1.88426e-21 5.33009e-27
 1.155e-41 1.60306e-33 2.68946e-26 5.45418e-20 1.33703e-14 3.96186e-10 1.41907e-06 0.000614409 0.0321557 0.203446 0.159423 0.103898 0.253785 0.128985 0.0868009 0.026245 0.00424471 0.000387613 1.3419e-05 1.40958e-07 3.71014e-10 1.9397e-13 1.74956e-17 2.49975e-22 5.25344e-28
 1.72814e-41 2.39854e-33 4.02405e-26 8.16069e-20 2.0005e-14 5.92784e-10 2.12326e-06 0.000919296 0.0481123 0.304386 0.235281 0.075011 0.140718 0.0899671 0.0794166 0.0226954 0.0032779 0.000208259 5.39668e-06 4.52993e-08 8.86564e-11 3.40005e-14 2.236e-18 2.27527e-23 3.36674e-29
 1.40112e-41 1.94466e-33 3.26258e-26 6.61644e-20 1.62194e-14 4.80611e-10 1.72147e-06 0.000745337 0.039008 0.246807 0.193832 0.11634 0.233883 0.0984906 0.0511222 0.016711 0.00289153 0.000163631 3.11515e-06 1.79931e-08 2.58323e-11 7.27565e-15 3.43685e-19 2.50118e-24 2.64343e-30
 1.18882e-41 1.65001e-33 2.76823e-26 5.61392e-20 1.37619e-14 4.07789e-10 1.46064e-06 0.000632405 0.0330976 0.209425 0.166043 0.119008 0.22919 0.131439 0.0903265 0.0186262 0.00208565 0.000123716 2.24987e-06 9.85069e-09 9.60634e-12 1.8561e-15 6.21674e-20 3.22916e-25 2.42134e-31
 9.46226e-42 1.3133e-33 2.20333e-26 4.46831e-20 1.09535e-14 3.24573e-10 1.16257e-06 0.000503352 0.0263435 0.166713 0.134944 0.131735 0.243831 0.154886 0.109958 0.027719 0.0032429 0.000121413 1.70537e-06 6.72407e-09 5.23807e-12 7.14978e-16 1.61631e-20 5.70786e-26 2.96985e-32
 1.50008e-41 2.08201e-33 3.493e-26 7.08374e-20 1.73649e-14 5.14555e-10 1.84305e-06 0.000797978 0.0417631 0.26425 0.207554 0.0988276 0.153455 0.120594 0.0872627 0.022582 0.00280025 0.000110063 1.19135e-06 3.21183e-09 1.95061e-12 2.13645e-16 3.63839e-21 9.07909e-27 3.22716e-33
 1.05131e-41 1.45915e-33 2.44803e-26 4.96456e-20 1.217e-14 3.6062e-10 1.29168e-06 0.000559254 0.0292693 0.185274 0.153539 0.170179 0.261089 0.117805 0.0624838 0.0175378 0.00217606 8.48224e-05 8.90394e-07 2.00134e-09 8.57485e-13 6.56327e-17 8.29443e-22 1.57359e-27 4.17881e-34
 1.5305e-41 2.12423e-33 3.56384e-26 7.2274e-20 1.77171e-14 5.24991e-10 1.88043e-06 0.000814162 0.0426101 0.269641 0.21387 0.111512 0.153575 0.126655 0.0688893 0.0113104 0.00108138 4.07414e-05 3.98784e-07 8.08711e-10 2.92382e-13 1.70309e-17 1.51484e-22 1.99155e-28 3.75214e-35
 1.09014e-41 1.51304e-33 2.53844e-26 5.1479e-20 1.26195e-14 3.73938e-10 1.33939e-06 0.000579908 0.0303503 0.192188 0.163263 0.190809 0.247534 0.111027 0.0517599 0.0115653 0.000900738 2.18075e-05 1.7217e-07 3.03221e-10 9.3275e-14 4.48906e-18 3.16564e-23 3.13439e-29 4.24493e-36
 1.38858e-41 1.92725e-33 3.23336e-26 6.5572e-20 1.60742e-14 4.76308e-10 1.70606e-06 0.000738664 0.0386589 0.244717 0.199155 0.136336 0.172965 0.139529 0.0592507 0.00806152 0.000573324 1.31651e-05 7.24941e-08 8.97219e-11 2.1548e-14 8.35202e-19 4.71079e-24 3.6765e-30 3.8548e-37
 1.50712e-41 2.09179e-33 3.50941e-26 7.117e-20 1.74465e-14 5.16972e-10 1.85171e-06 0.000801726 0.0419595 0.265667 0.219138 0.161352 0.173828 0.0911707 0.0387711 0.0069173 0.000385473 6.34616e-06 2.93302e-08 2.75987e-11 4.56157e-15 1.24524e-19 5.2124e-25 3.10428e-31 2.49913e-38
 1.22361e-41 1.69829e-33 2.84923e-26 5.77818e-20 1.41645e-14 4.19721e-10 1.50337e-06 0.000650909 0.0340666 0.215865 0.188015 0.200594 0.211333 0.109552 0.0351841 0.0044854 0.00024837 3.77239e-06 1.27053e-08 8.83601e-12 1.11088e-15 2.19794e-20 6.38229e-26 2.63256e-32 1.5019e-39
 1.48034e-41 2.05462e-33 3.44705e-26 6.99054e-20 1.71365e-14 5.07785e-10 1.8188e-06 0.00078748 0.0412142 0.261062 0.219127 0.161894 0.167742 0.11087 0.03364 0.00352266 0.000137588 1.65363e-06 4.81513e-09 2.60673e-12 2.35132e-16 3.34977e-21 7.10421e-27 2.11831e-33 8.54237e-41
 1.45217e-41 2.01552e-33 3.38145e-26 6.8575e-20 1.68104e-14 4.98122e-10 1.78419e-06 0.000772494 0.0404304 0.256274 0.222586 0.194193 0.173545 0.0844832 0.0248521 0.00276961 9.15734e-05 7.91343e-07 1.64984e-09 6.91243e-13 4.88813e-17 5.20706e-22 7.91634e-28 1.67204e-34 4.80382e-42
 1.28233e-41 1.77979e-33 2.98597e-26 6.05548e-20 1.48443e-14 4.39864e-10 1.57552e-06 0.000682147 0.0357026 0.226553 0.206247 0.214606 0.192884 0.0984659 0.022832 0.00196623 5.97661e-05 4.53134e-07 7.0767e-10 2.06694e-13 1.0376e-17 8.16004e-23 9.30522e-29 1.45871e-35 3.04432e-43
 1.16034e-41 1.61048e-33 2.70192e-26 5.47943e-20 1.34322e-14 3.9802e-10 1.42564e-06 0.000617255 0.0323071 0.205263 0.194922 0.223095 0.204942 0.112356 0.0246274 0.00182686 4.14124e-05 2.46454e-07 3.17527e-10 7.22455e-14 2.61577e-18 1.43048e-23 1.13688e-29 1.26601e-36 1.91133e-44
 1.14739e-41 1.59251e-33 2.67176e-26 5.41828e-20 1.32823e-14 3.93578e-10 1.40973e-06 0.000610366 0.0319465 0.202947 0.191714 0.216634 0.208831 0.118742 0.0265606 0.00197072 4.0568e-05 1.98005e-07 2.03897e-10 3.86647e-14 1.19237e-18 5.44897e-24 3.49695e-30 3.06151e-37 3.59115e-45
#spawning biomass
 11689.9 12455.3 16279.1 23281.9 28528.8 34072.9 41069.4 47794.8 52290.4 64193 86880.3 107137 135358 163019 161589 142464 128881 122430 144113 128428 126976 134204 144858 160580 176983 184695 156286 147663 138185 212523 239323 227414 200723 172271 147494 128007 113608 103403 96378.6 91645.7 88506.2 86446.8 85099 84216.4 83660.3 83310 83089.2 82950.2 82862.5 82807.3 82772.6 82750.6 82736.8 82728.1 82722.7 82719.2 82717 82715.7 82714.8 82714.2 82713.9 82713.7 82713.6 82713.5 82713.4 82713.4 82713.4 82713.3 82713.3 82713.3 82713.3 82713.3 82713.3 82713.3 82713.3 82713.3 82713.3 82713.3 82713.3 82713.3 82713.3 82713.3 82713.3 82713.3 82713.3 82713.3 82713.3 82713.3 82713.3 82713.3 82713.3 82713.3 82713.3 82713.3 82713.3 82713.3 82713.3 82713.3 82713.3 82713.3 82713.3 82713.3 82713.3 82713.3 82713.3 82713.3 82713.3 82713.3 82713.3 82713.3 82713.3 82713.3 82713.3 82713.3 82713.3 82713.3 82713.3 82713.3 82713.3 82713.3 82713.3 82713.3 82713.3 82713.3 82713.3 82713.3 82713.3 82713.3 0 0 0 0 0 0 0 0 0 0 0 0 0 0 0 0 0 0 0 0 0 0 0 0 0
