SBPRF35
0.224663
Curr Bio
39516.5
B35
180245
F35
0.329733
FOFL
0
OFL
0
Bzero
64189.3
#pred survey bio
 6921.26 8226.84 9073.36 8186.67 10209.2 14985.3 16892.7 20104.4 32488.3 53527.4 77088.3 85797.6 119725 152141 151085 143686 145985 133620 131968 126069 128362 136468 139415 157309 176623 187401 179507 138152 2.4368e+06 2.72963e+06 2.32401e+06 1.81217e+06 1.41409e+06 1.15527e+06 1.00119e+06 913588 864846 837888 822900 814458 809614 806773 805068 804016 803361 802946 802678 802504 802389 802313 802262 802228 802205 802190 802179 802173 802168 802165 802162 802161 802160 802159 802159 802159 802158 802158 802158 802158 802158 802158 802158 802158 802158 802158 802158 802158 802158 802158 802158 802158 802158 802158 802158 802158 802158 802158 802158 802158 802158 802158 802158 802158 802158 802158 802158 802158 802158 802158 802158 802158 802158 802158 802158 802158 802158 802158 802158 802158 802158 802158 802158 802158 802158 802158 802158 802158 802158 802158 802158 802158 802158 802158 802158 802158 802158 802158 802158 802158 0 0 0 0 0 0 0 0 0 0 0 0 0 0 0 0 0 0 0 0 0 0 0 0 0
#obs survey bio
 6378.88 9068.16 6446.18 8686.94 17224.3 23020.3 17929.1 35430.9 41595.2 40084.5 97824.5 65351.8 111314 215620 121005 120390 207129 97590.6 144770 119603 142195 132660 121768 124538 190434 153618 121104 125933
#pred catch bio
 3931.25 5164.31 6297 5582.12 6130.94 9532.45 11236.2 12476.3 19482.8 33361.7 53750.1 56565.9 78566 101428 100835 94691.1 100384 90676.1 89261.4 82493.5 82823 90816.8 88788.7 100364 111833 119902 126305 114233 0 29824.9 24826.5 18877.3 14394.5 11571.6 9954.35 9078.36 8620.32 8386.29 8268.53 8209.89 8180.89 8166.63 8159.63 8156.2 8154.53 8153.71 8153.32 8153.13 8153.03 8152.99 8152.96 8152.95 8152.95 8152.95 8152.94 8152.94 8152.94 8152.94 8152.94 8152.94 8152.94 8152.94 8152.94 8152.94 8152.94 8152.94 8152.94 8152.94 8152.94 8152.94 8152.94 8152.94 8152.94 8152.94 8152.94 8152.94 8152.94 8152.94 8152.94 8152.94 8152.94 8152.94 8152.94 8152.94 8152.94 8152.94 8152.94 8152.94 8152.94 8152.94 8152.94 8152.94 8152.94 8152.94 8152.94 8152.94 8152.94 8152.94 8152.94 8152.94 8152.94 8152.94 8152.94 8152.94 8152.94 8152.94 8152.94 8152.94 8152.94 8152.94 8152.94 8152.94 8152.94 8152.94 8152.94 8152.94 8152.94 8152.94 8152.94 8152.94 8152.94 8152.94 8152.94 8152.94 8152.94 8152.94 8152.94 8152.94 0 0 0 0 0 0 0 0 0 0 0 0 0 0 0 0 0 0 0 0 0 0 0 0 0
#obs catch bio
 5272.48 5205.79 6389.52 5579.88 5996.24 9232.3 11130.7 12044 18731.4 33214.6 52106.1 57006.4 79035.1 99946 102141 96402.5 99033.8 92160.3 89613.3 81260.1 81361 91126.2 89224.9 100356 111560 119356 129888 115523
#pred cpue bio
 6318.54 7191.98 7979.46 7174.28 8743.37 13001.4 14830.9 17358.5 27790.3 46017.5 66568.2 74067.2 102615 131698 133077 126448 128010 117310 115348 110771 112767 119733 122023 137724 154643 165252 159315 122198 2.0539e+06 2.69688e+06 2.29125e+06 1.77942e+06 1.38134e+06 1.12251e+06 968438 880833 832091 805132 790145 781703 776858 774017 772312 771261 770606 770191 769923 769748 769633 769557 769507 769473 769450 769434 769424 769417 769412 769409 769407 769406 769405 769404 769403 769403 769403 769403 769403 769403 769403 769403 769403 769403 769403 769403 769402 769402 769402 769402 769402 769402 769402 769402 769402 769402 769402 769402 769402 769402 769402 769402 769402 769402 769402 769402 769402 769402 769402 769402 769402 769402 769402 769402 769402 769402 769402 769402 769402 769402 769402 769402 769402 769402 769402 769402 769402 769402 769402 769402 769402 769402 769402 769402 769402 769402 769402 769402 769402 769402 0 0 0 0 0 0 0 0 0 0 0 0 0 0 0 0 0 0 0 0 0 0 0 0 0
#obs cpue bio
 6940.6 5832.15 8799.79 7375.69 8362.68 15176.6 13610 20933.5 41727.2 47620.5 108838 63070.9 105551 140178 109542 111398 140086 100933 109148 164644 135791 102480 124427 182910 152772 216670 130687 130158
#pred surv len freq
 2.14707e-27 2.1764e-27 6.93974e-27 1.62996e-21 9.69401e-17 1.32548e-12 4.16667e-09 3.01127e-06 0.000500318 0.0191118 0.167841 0.338874 0.157656 0.0263774 0.0589883 0.0826725 0.0332719 0.0257312 0.0227768 0.0153197 0.0128864 0.0111664 0.011554 0.0107509 0.00451883
 2.14911e-27 2.18246e-27 7.63366e-27 1.86544e-21 1.10945e-16 1.51698e-12 4.76863e-09 3.4463e-06 0.000572598 0.0218729 0.192089 0.38783 0.180334 0.0275531 0.0514153 0.0717293 0.0262802 0.0129544 0.0102638 0.00549557 0.003814 0.0026987 0.00231929 0.00196106 0.000814413
 2.14813e-27 2.18024e-27 7.40356e-27 1.78739e-21 1.06303e-16 1.4535e-12 4.5691e-09 3.3021e-06 0.000548639 0.0209577 0.184051 0.371603 0.172895 0.0292299 0.0665436 0.0929778 0.0328669 0.0124457 0.00883715 0.00337096 0.00167758 0.000879225 0.000562245 0.000395309 0.000155408
 2.14836e-27 2.18085e-27 7.47376e-27 1.81122e-21 1.0772e-16 1.47288e-12 4.63002e-09 3.34613e-06 0.000555955 0.0212371 0.186505 0.376557 0.175171 0.0288428 0.0626875 0.0875878 0.0316106 0.0140269 0.0100947 0.00324959 0.00119694 0.000405656 0.00016044 7.99731e-05 2.76312e-05
 2.15002e-27 2.18494e-27 7.90601e-27 1.95784e-21 1.1644e-16 1.59212e-12 5.00484e-09 3.61701e-06 0.000600961 0.0229563 0.201603 0.40704 0.189212 0.0274909 0.0452467 0.0629801 0.0225973 0.00962165 0.00694838 0.00244061 0.000935404 0.000247269 5.63921e-05 1.50827e-05 3.86477e-06
 2.14906e-27 2.18253e-27 7.64756e-27 1.87015e-21 1.11225e-16 1.52081e-12 4.78068e-09 3.45501e-06 0.000574045 0.0219281 0.192574 0.38881 0.180829 0.0286775 0.0579852 0.0808858 0.0282432 0.00957171 0.00652573 0.00223884 0.000859865 0.000239728 4.69513e-05 6.6735e-06 9.04407e-07
 2.14817e-27 2.18037e-27 7.42139e-27 1.79344e-21 1.06663e-16 1.45843e-12 4.58458e-09 3.31329e-06 0.000550498 0.0210287 0.184675 0.372862 0.173476 0.0292037 0.0660045 0.0922383 0.0329239 0.0134624 0.00945997 0.00286066 0.000940933 0.000254437 5.01401e-05 6.07346e-06 4.45048e-07
 2.14947e-27 2.18358e-27 7.76307e-27 1.90936e-21 1.13557e-16 1.55269e-12 4.8809e-09 3.52744e-06 0.000586079 0.0223878 0.196611 0.39696 0.184567 0.0278805 0.0506632 0.0706346 0.02557 0.0115946 0.00842489 0.002817 0.00100885 0.000242962 4.23224e-05 4.90454e-06 2.99956e-07
 2.15007e-27 2.18505e-27 7.91599e-27 1.96122e-21 1.16641e-16 1.59486e-12 5.01347e-09 3.62325e-06 0.000601998 0.0229959 0.201951 0.407742 0.189542 0.0276302 0.0458855 0.0638512 0.0225071 0.00831632 0.00582754 0.00207456 0.000813727 0.000215016 3.78513e-05 3.92482e-06 2.17496e-07
 2.14971e-27 2.18414e-27 7.81775e-27 1.92789e-21 1.14659e-16 1.56776e-12 4.92826e-09 3.56167e-06 0.000591766 0.0226051 0.198519 0.400812 0.186356 0.0280872 0.0507645 0.0707122 0.0247152 0.00845024 0.00571695 0.00181015 0.000638749 0.00017908 3.48227e-05 3.79147e-06 1.99289e-07
 2.1494e-27 2.18339e-27 7.73912e-27 1.90122e-21 1.13073e-16 1.54607e-12 4.86009e-09 3.5124e-06 0.00058358 0.0222924 0.195773 0.395268 0.1838 0.0282926 0.0536892 0.0748479 0.026357 0.00964246 0.00660668 0.00200224 0.000646617 0.000161651 2.9999e-05 3.50064e-06 1.95983e-07
 2.14942e-27 2.18344e-27 7.74395e-27 1.90286e-21 1.1317e-16 1.5474e-12 4.86427e-09 3.51542e-06 0.000584083 0.0223116 0.195941 0.395608 0.183958 0.0282926 0.0535864 0.0746989 0.0262479 0.00942354 0.00645339 0.00202543 0.0006759 0.000160148 2.65927e-05 2.865e-06 1.62608e-07
 2.14993e-27 2.18469e-27 7.87766e-27 1.94822e-21 1.15868e-16 1.58429e-12 4.98023e-09 3.59923e-06 0.000598006 0.0228434 0.200612 0.405038 0.188298 0.0277865 0.047655 0.0663465 0.0234104 0.00871725 0.0060168 0.00187118 0.000622803 0.000151813 2.51318e-05 2.49524e-06 1.29632e-07
 2.14921e-27 2.18292e-27 7.6879e-27 1.88384e-21 1.12039e-16 1.53193e-12 4.81565e-09 3.48029e-06 0.000578244 0.0220885 0.193983 0.391654 0.18214 0.0285683 0.0564615 0.0787368 0.0274736 0.00924396 0.00622981 0.0019744 0.000671503 0.000163297 2.72501e-05 2.72235e-06 1.35164e-07
 2.14789e-27 2.17967e-27 7.34608e-27 1.76789e-21 1.05143e-16 1.43765e-12 4.51927e-09 3.26609e-06 0.000542655 0.0207291 0.182044 0.36755 0.171033 0.0295602 0.0697819 0.0975468 0.0345816 0.0133904 0.00929145 0.00279365 0.000892049 0.000218944 3.70942e-05 3.72462e-06 1.85484e-07
 2.14803e-27 2.18005e-27 7.39053e-27 1.78299e-21 1.06042e-16 1.44993e-12 4.55787e-09 3.29399e-06 0.000547291 0.0209061 0.183599 0.370689 0.172463 0.0289809 0.0652991 0.0912967 0.0333024 0.0158836 0.0116047 0.00376269 0.0012999 0.0003067 4.98527e-05 5.03187e-06 2.52982e-07
 2.14832e-27 2.18077e-27 7.46669e-27 1.80883e-21 1.07578e-16 1.47094e-12 4.62391e-09 3.34171e-06 0.000555221 0.0212091 0.186259 0.37606 0.174938 0.028779 0.0624475 0.087258 0.0316013 0.0143817 0.0105885 0.00388963 0.00155509 0.000399366 6.76776e-05 6.63129e-06 3.27689e-07
 2.1482e-27 2.18046e-27 7.43271e-27 1.79729e-21 1.06892e-16 1.46156e-12 4.59443e-09 3.3204e-06 0.00055168 0.0210738 0.185071 0.373662 0.17384 0.0290381 0.0647519 0.0904834 0.0324316 0.0137022 0.00989987 0.00354422 0.00143662 0.000419369 8.16449e-05 8.59457e-06 4.28393e-07
 2.14856e-27 2.18134e-27 7.52579e-27 1.82887e-21 1.0877e-16 1.48723e-12 4.67514e-09 3.37874e-06 0.000561372 0.021444 0.188323 0.380227 0.176861 0.0286783 0.0605768 0.0846084 0.0304993 0.0134277 0.00972489 0.0033277 0.00128078 0.000370068 7.71488e-05 9.25817e-06 5.09316e-07
 2.14813e-27 2.18027e-27 7.41198e-27 1.79026e-21 1.06473e-16 1.45584e-12 4.57644e-09 3.3074e-06 0.00054952 0.0209913 0.184347 0.372199 0.173168 0.0291557 0.0659109 0.092111 0.032929 0.0136391 0.00978654 0.00342646 0.00133169 0.000367966 7.40959e-05 9.22286e-06 5.59411e-07
 2.14816e-27 2.18038e-27 7.4253e-27 1.79479e-21 1.06743e-16 1.45952e-12 4.58802e-09 3.31577e-06 0.000550911 0.0210444 0.184813 0.373141 0.173594 0.0289281 0.0642376 0.0897852 0.0325553 0.0149263 0.0108789 0.00367822 0.00138817 0.000388062 7.70972e-05 9.28351e-06 5.6962e-07
 2.14827e-27 2.18065e-27 7.45366e-27 1.80441e-21 1.07315e-16 1.46734e-12 4.61261e-09 3.33355e-06 0.000553864 0.0211572 0.185804 0.375141 0.174516 0.0288371 0.063079 0.0881471 0.0319031 0.0144529 0.0105953 0.00380236 0.00150698 0.000410909 8.01992e-05 9.59023e-06 5.7659e-07
 2.14845e-27 2.18109e-27 7.49918e-27 1.81985e-21 1.08233e-16 1.4799e-12 4.65207e-09 3.36207e-06 0.000558602 0.0213382 0.187393 0.378351 0.175997 0.0287636 0.0616632 0.086138 0.0310105 0.0135318 0.00983761 0.00351013 0.00140831 0.000404834 8.09637e-05 9.52075e-06 5.64731e-07
 2.14843e-27 2.18103e-27 7.49269e-27 1.81764e-21 1.08102e-16 1.4781e-12 4.64644e-09 3.35799e-06 0.000557926 0.0213124 0.187166 0.377892 0.175786 0.028788 0.0619503 0.0865438 0.0311716 0.0136465 0.00989723 0.00345176 0.00135274 0.000389161 8.02642e-05 9.78065e-06 5.81655e-07
 2.14842e-27 2.18102e-27 7.49177e-27 1.81733e-21 1.08084e-16 1.47785e-12 4.64564e-09 3.35742e-06 0.00055783 0.0213087 0.187134 0.377828 0.175756 0.028785 0.0619517 0.0865468 0.0311875 0.0137002 0.00994548 0.00347319 0.00135361 0.000380736 7.74597e-05 9.60122e-06 5.88407e-07
 2.14785e-27 2.17961e-27 7.34291e-27 1.76683e-21 1.0508e-16 1.43679e-12 4.51656e-09 3.26413e-06 0.00054233 0.0207167 0.181935 0.36733 0.17092 0.0292547 0.0679829 0.0950543 0.0342753 0.0151254 0.010993 0.00384715 0.00150286 0.000421895 8.46479e-05 1.03275e-05 6.36095e-07
 2.14733e-27 2.17835e-27 7.21184e-27 1.72239e-21 1.02437e-16 1.40064e-12 4.40294e-09 3.18202e-06 0.000528687 0.0201955 0.177358 0.358089 0.166656 0.0294737 0.0721048 0.100902 0.0368502 0.0177223 0.0130948 0.00459725 0.00180194 0.000507049 0.000101701 1.22957e-05 7.47522e-07
 2.14763e-27 2.17908e-27 7.29022e-27 1.74898e-21 1.04018e-16 1.42227e-12 4.47091e-09 3.23114e-06 0.000536849 0.0205073 0.180096 0.363617 0.169202 0.029203 0.0687862 0.0962204 0.0351348 0.0168878 0.0125687 0.00465235 0.00191697 0.000544096 0.000109514 1.32444e-05 8.00553e-07
#obs surv len freq
 1.24321e-39 6.08464e-33 6.84653e-27 1.77113e-21 1.05336e-16 1.44028e-12 4.52753e-09 3.27205e-06 0.000543656 0.020767 0.182376 0.368221 0.17133 0.029177 0.0672402 0.0940129 0.0339778 0.0152397 0.0111166 0.00390642 0.00154031 0.000442846 9.28645e-05 1.20434e-05 7.97749e-07
 1.31516e-39 6.43679e-33 7.24277e-27 1.87364e-21 1.11432e-16 1.52363e-12 4.78956e-09 3.46142e-06 0.00057512 0.0219689 0.19293 0.389531 0.181147 0.0282641 0.0552452 0.0770866 0.0277545 0.0121163 0.00877192 0.00303003 0.00116929 0.000329389 6.71453e-05 8.43492e-06 5.4229e-07
 1.15448e-39 5.65038e-33 6.3579e-27 1.64473e-21 9.78182e-17 1.33749e-12 4.2044e-09 3.03853e-06 0.000504856 0.0192848 0.169359 0.341943 0.159245 0.0308924 0.0856324 0.119867 0.042143 0.0152138 0.0105315 0.00357486 0.00134964 0.000372193 7.39157e-05 9.02381e-06 5.62289e-07
 1.3469e-39 6.59212e-33 7.41755e-27 1.91885e-21 1.14121e-16 1.5604e-12 4.90514e-09 3.54495e-06 0.000588999 0.022499 0.197586 0.398931 0.185465 0.0275052 0.0477789 0.0666212 0.0248678 0.0136077 0.0100974 0.00308982 0.00102621 0.00027325 5.28249e-05 6.27399e-06 3.7981e-07
 1.39463e-39 6.82574e-33 7.68043e-27 1.98685e-21 1.18166e-16 1.6157e-12 5.07897e-09 3.67058e-06 0.000609873 0.0232964 0.204589 0.413068 0.192001 0.027516 0.043584 0.0605808 0.020992 0.00660103 0.00448539 0.00174192 0.000719336 0.000177088 3.07264e-05 3.4907e-06 2.05202e-07
 1.26314e-39 6.1822e-33 6.95631e-27 1.79953e-21 1.07025e-16 1.46337e-12 4.60012e-09 3.32452e-06 0.000552374 0.0211 0.1853 0.374126 0.174078 0.0296809 0.0685373 0.0957174 0.0329139 0.0095 0.00603482 0.00172152 0.000541158 0.000159072 3.11475e-05 3.29041e-06 1.79714e-07
 1.27931e-39 6.26132e-33 7.04534e-27 1.82256e-21 1.08395e-16 1.4821e-12 4.659e-09 3.36707e-06 0.000559443 0.02137 0.187671 0.378913 0.176262 0.0288816 0.0622149 0.0869074 0.031194 0.0132936 0.00932279 0.00254502 0.000682507 0.000150101 2.59375e-05 3.05639e-06 1.69849e-07
 1.41705e-39 6.93549e-33 7.80393e-27 2.0188e-21 1.20066e-16 1.64168e-12 5.16064e-09 3.72961e-06 0.000619679 0.023671 0.207878 0.41971 0.195052 0.0269946 0.0383992 0.0533112 0.0189581 0.00753502 0.00532687 0.00177391 0.000616313 0.000130198 1.78551e-05 1.70237e-06 9.3284e-08
 1.42042e-39 6.95195e-33 7.82244e-27 2.02359e-21 1.20351e-16 1.64558e-12 5.17289e-09 3.73846e-06 0.00062115 0.0237271 0.208372 0.420706 0.195524 0.0273066 0.0400035 0.0555119 0.0189115 0.00488303 0.00302001 0.000967579 0.000339952 8.68506e-05 1.40408e-05 1.20315e-06 5.33915e-08
 1.34901e-39 6.60248e-33 7.42922e-27 1.92187e-21 1.14301e-16 1.56286e-12 4.91285e-09 3.55053e-06 0.000589925 0.0225344 0.197897 0.399558 0.18579 0.0284414 0.0533055 0.0742486 0.0253556 0.00673942 0.00411968 0.00106914 0.000270343 6.48363e-05 1.136e-05 1.14178e-06 5.20639e-08
 1.32673e-39 6.49343e-33 7.30652e-27 1.89013e-21 1.12413e-16 1.53704e-12 4.83171e-09 3.49189e-06 0.000580182 0.0221622 0.194628 0.392959 0.182743 0.0285501 0.0559578 0.0780257 0.0272153 0.00911394 0.00601104 0.00157756 0.000386492 7.41591e-05 1.00142e-05 9.84267e-07 4.97794e-08
 1.36035e-39 6.65798e-33 7.49166e-27 1.93802e-21 1.15261e-16 1.57599e-12 4.95414e-09 3.58037e-06 0.000594884 0.0227238 0.19956 0.402917 0.187325 0.0279667 0.0493953 0.0687888 0.0241307 0.00853018 0.00577271 0.00168736 0.000494582 9.7225e-05 1.17642e-05 9.11216e-07 4.0092e-08
 1.3317e-39 6.51775e-33 7.33387e-27 1.8972e-21 1.12834e-16 1.5428e-12 4.8498e-09 3.50496e-06 0.000582354 0.0222452 0.195357 0.394431 0.183421 0.028502 0.0552208 0.0769782 0.026721 0.00853881 0.00563707 0.00169577 0.00053093 0.000117434 1.62684e-05 1.23768e-06 4.61724e-08
 1.2878e-39 6.30288e-33 7.0921e-27 1.83466e-21 1.09114e-16 1.49194e-12 4.68992e-09 3.38941e-06 0.000563156 0.0215118 0.188917 0.381428 0.177431 0.029051 0.0624908 0.0872426 0.0305782 0.010723 0.00722338 0.00206828 0.000607419 0.00013832 2.10138e-05 1.80609e-06 7.15784e-08
 1.16767e-39 5.71491e-33 6.43051e-27 1.66351e-21 9.89353e-17 1.35276e-12 4.25242e-09 3.07323e-06 0.000510622 0.0195051 0.171294 0.345848 0.161039 0.0305795 0.0825458 0.115546 0.0410444 0.0161528 0.0112488 0.00337284 0.00104451 0.000228969 3.36908e-05 3.052e-06 1.33561e-07
 1.26909e-39 6.2113e-33 6.98905e-27 1.808e-21 1.07529e-16 1.47026e-12 4.62177e-09 3.34017e-06 0.000554973 0.0211993 0.186172 0.375886 0.174851 0.028571 0.0612308 0.0855903 0.0316692 0.0164903 0.0122071 0.003899 0.00132059 0.000305285 4.60625e-05 4.07557e-06 1.80386e-07
 1.23087e-39 6.02423e-33 6.77856e-27 1.75355e-21 1.0429e-16 1.42598e-12 4.48258e-09 3.23957e-06 0.000538259 0.0205608 0.180565 0.364566 0.169655 0.0295763 0.0707799 0.0989613 0.0351642 0.0138992 0.00997827 0.00376372 0.00153255 0.000386722 6.36014e-05 5.89488e-06 2.62455e-07
 1.27569e-39 6.2436e-33 7.0254e-27 1.8174e-21 1.08088e-16 1.47791e-12 4.64581e-09 3.35754e-06 0.000557859 0.0213095 0.18714 0.377841 0.175761 0.0287616 0.0618057 0.08635 0.0312452 0.0141195 0.0101972 0.0032825 0.00119801 0.0003516 6.85224e-05 7.0294e-06 3.34276e-07
 1.24516e-39 6.09418e-33 6.85727e-27 1.77391e-21 1.05501e-16 1.44254e-12 4.53463e-09 3.27719e-06 0.000544509 0.0207995 0.182662 0.368799 0.171605 0.0293963 0.0684053 0.0956157 0.0340117 0.0135493 0.00962659 0.00332946 0.00125558 0.000326304 6.29632e-05 7.48347e-06 4.05249e-07
 1.25367e-39 6.13584e-33 6.90415e-27 1.78604e-21 1.06222e-16 1.4524e-12 4.56563e-09 3.29959e-06 0.000548231 0.0209417 0.18391 0.37132 0.17276 0.0291118 0.0659087 0.0921281 0.0332146 0.0146313 0.0105204 0.00339413 0.00121047 0.000328012 6.18553e-05 7.02406e-06 4.08292e-07
 1.27225e-39 6.22676e-33 7.00645e-27 1.8125e-21 1.07796e-16 1.47392e-12 4.63328e-09 3.34848e-06 0.000556355 0.021252 0.186635 0.376822 0.175295 0.0288955 0.0629299 0.0879175 0.0315631 0.0134922 0.00971301 0.00331213 0.00123112 0.000316338 5.80609e-05 6.59075e-06 3.74087e-07
 1.25856e-39 6.15977e-33 6.93107e-27 1.793e-21 1.06637e-16 1.45806e-12 4.58343e-09 3.31246e-06 0.00055037 0.0210234 0.184628 0.372768 0.173431 0.0291685 0.0658182 0.0919766 0.0328327 0.0134428 0.00956854 0.00321067 0.00119173 0.000320073 5.92509e-05 6.49834e-06 3.63003e-07
 1.26025e-39 6.16807e-33 6.94041e-27 1.79542e-21 1.0678e-16 1.46003e-12 4.58961e-09 3.31692e-06 0.000551111 0.0210517 0.184876 0.37327 0.17366 0.0290728 0.0650825 0.0909532 0.0326592 0.0139757 0.0100098 0.00327707 0.00117865 0.000312765 5.88122e-05 6.59403e-06 3.6385e-07
 1.26003e-39 6.16695e-33 6.93916e-27 1.79509e-21 1.06761e-16 1.45976e-12 4.58878e-09 3.31632e-06 0.000551011 0.0210479 0.184843 0.373203 0.173629 0.0290787 0.065139 0.0910311 0.0326593 0.013891 0.00996851 0.00334488 0.00122734 0.00031825 5.8307e-05 6.54191e-06 3.66608e-07
 1.26594e-39 6.19588e-33 6.9717e-27 1.80351e-21 1.07262e-16 1.46661e-12 4.6103e-09 3.33187e-06 0.000553596 0.0211466 0.18571 0.374953 0.174435 0.0289914 0.0640785 0.0895366 0.0321378 0.013715 0.0098447 0.00329425 0.00121339 0.000321227 5.90919e-05 6.48936e-06 3.5992e-07
 1.19491e-39 5.84824e-33 6.58053e-27 1.70232e-21 1.01243e-16 1.38432e-12 4.35162e-09 3.14493e-06 0.000522534 0.0199601 0.17529 0.353916 0.164746 0.0299873 0.0764985 0.107048 0.0383755 0.0162269 0.0116288 0.00389923 0.00143848 0.000381079 7.08578e-05 7.86248e-06 4.32403e-07
 1.19596e-39 5.85342e-33 6.58636e-27 1.70383e-21 1.01333e-16 1.38555e-12 4.35548e-09 3.14771e-06 0.000522997 0.0199778 0.175445 0.354229 0.164875 0.0295455 0.073707 0.103185 0.0379937 0.0192224 0.0142362 0.00475304 0.00174493 0.000462821 8.62514e-05 9.6323e-06 5.34429e-07
 1.22495e-39 5.99528e-33 6.74598e-27 1.74512e-21 1.03789e-16 1.41913e-12 4.46104e-09 3.224e-06 0.000535672 0.020462 0.179697 0.362814 0.168829 0.0291618 0.0687774 0.0962213 0.0353151 0.0175328 0.0131345 0.00488509 0.00198892 0.000531616 9.883e-05 1.10566e-05 6.16422e-07
#pred catch len freq
 2.14656e-27 2.17505e-27 6.7929e-27 1.58014e-21 9.39773e-17 1.28497e-12 4.03932e-09 2.91923e-06 0.000485026 0.0185277 0.162711 0.328517 0.152875 0.026551 0.0631695 0.0885912 0.035654 0.0275734 0.0244075 0.0164166 0.013809 0.0119658 0.0123812 0.0115206 0.00484236
 2.14878e-27 2.18165e-27 7.54732e-27 1.83615e-21 1.09203e-16 1.49316e-12 4.69376e-09 3.3922e-06 0.000563609 0.0215295 0.189073 0.381741 0.177527 0.0277822 0.0546489 0.0762926 0.0279521 0.0137786 0.0109167 0.0058452 0.00405665 0.0028704 0.00246685 0.00208582 0.000866226
 2.14788e-27 2.1796e-27 7.33615e-27 1.76452e-21 1.04943e-16 1.4349e-12 4.51064e-09 3.25985e-06 0.00054162 0.0206895 0.181696 0.366849 0.170705 0.0294541 0.0693451 0.0969269 0.034263 0.0129743 0.00921251 0.00351414 0.00174884 0.00091657 0.000586126 0.0004121 0.000162009
 2.14809e-27 2.18019e-27 7.40326e-27 1.7873e-21 1.06298e-16 1.45343e-12 4.56889e-09 3.30195e-06 0.000548614 0.0209567 0.184043 0.371585 0.172881 0.0290701 0.0655738 0.0916584 0.0330797 0.0146788 0.0105639 0.00340062 0.00125257 0.000424509 0.000167897 8.369e-05 2.89154e-05
 2.14972e-27 2.18418e-27 7.82604e-27 1.93072e-21 1.14827e-16 1.57006e-12 4.9355e-09 3.5669e-06 0.000592635 0.0226382 0.19881 0.4014 0.186615 0.0277517 0.048539 0.0676228 0.0242632 0.010331 0.00746062 0.00262054 0.00100436 0.000265497 6.05494e-05 1.61946e-05 4.14969e-06
 2.14874e-27 2.18176e-27 7.56567e-27 1.84238e-21 1.09573e-16 1.49822e-12 4.70967e-09 3.40369e-06 0.000565518 0.0216024 0.189713 0.383035 0.17817 0.0289656 0.0614845 0.0858169 0.0299651 0.0101553 0.00692358 0.00237533 0.000912288 0.000254343 4.98137e-05 7.08036e-06 9.59546e-07
 2.14786e-27 2.17962e-27 7.34155e-27 1.76636e-21 1.05052e-16 1.4364e-12 4.51535e-09 3.26326e-06 0.000542185 0.0207111 0.181886 0.367231 0.170883 0.0294709 0.0693325 0.0969307 0.0345989 0.0141473 0.00994124 0.0030062 0.000988803 0.000267381 5.2691e-05 6.38244e-06 4.67689e-07
 2.14915e-27 2.18281e-27 7.68137e-27 1.88165e-21 1.11909e-16 1.53015e-12 4.81006e-09 3.47624e-06 0.000577572 0.0220629 0.193757 0.391199 0.181913 0.0281419 0.0539957 0.075335 0.0272717 0.0123663 0.00898555 0.00300447 0.00107599 0.000259131 4.51389e-05 5.23093e-06 3.19918e-07
 2.14977e-27 2.1843e-27 7.83643e-27 1.93423e-21 1.15036e-16 1.57292e-12 4.94448e-09 3.57339e-06 0.000593714 0.0226795 0.199172 0.402131 0.186959 0.0279025 0.0492388 0.0685777 0.0241732 0.00893196 0.00625895 0.00222814 0.000873966 0.000230933 4.06534e-05 4.21537e-06 2.33597e-07
 2.14941e-27 2.18341e-27 7.7401e-27 1.90155e-21 1.13092e-16 1.54633e-12 4.86092e-09 3.513e-06 0.00058368 0.0222962 0.195806 0.395336 0.183834 0.028361 0.0540863 0.0753932 0.0263513 0.00900966 0.00609542 0.00192999 0.000681035 0.000190935 3.7128e-05 4.04247e-06 2.12482e-07
 2.14919e-27 2.18288e-27 7.6848e-27 1.88279e-21 1.11977e-16 1.53108e-12 4.81298e-09 3.47836e-06 0.000577924 0.0220763 0.193875 0.391437 0.182036 0.028481 0.055994 0.0780963 0.0275009 0.010061 0.00689343 0.00208914 0.000674682 0.000168667 3.1301e-05 3.65258e-06 2.04489e-07
 2.14916e-27 2.18279e-27 7.6754e-27 1.8796e-21 1.11787e-16 1.52849e-12 4.80483e-09 3.47246e-06 0.000576944 0.0220389 0.193547 0.390774 0.181731 0.0285312 0.0565005 0.0788061 0.0276912 0.00994169 0.00680823 0.0021368 0.000713064 0.000168954 2.80549e-05 3.02253e-06 1.71549e-07
 2.14969e-27 2.1841e-27 7.81432e-27 1.92673e-21 1.1459e-16 1.56681e-12 4.9253e-09 3.55953e-06 0.00059141 0.0225915 0.1984 0.400571 0.186241 0.0280048 0.0503336 0.0701221 0.0247427 0.00921334 0.00635922 0.00197767 0.000658247 0.000160453 2.6562e-05 2.63724e-06 1.3701e-07
 2.14895e-27 2.18228e-27 7.61968e-27 1.86069e-21 1.10663e-16 1.51311e-12 4.75649e-09 3.43753e-06 0.000571141 0.0218172 0.1916 0.386843 0.179925 0.02881 0.0593872 0.0828596 0.0289123 0.009728 0.00655602 0.00207779 0.000706665 0.000171848 2.8677e-05 2.8649e-06 1.42242e-07
 2.14758e-27 2.1789e-27 7.26443e-27 1.74019e-21 1.03496e-16 1.41512e-12 4.44846e-09 3.21491e-06 0.000534153 0.0204043 0.179192 0.361792 0.168382 0.0298387 0.0732173 0.10239 0.0362985 0.0140552 0.00975276 0.00293235 0.000936337 0.000229814 3.89359e-05 3.90954e-06 1.94693e-07
 2.1477e-27 2.17925e-27 7.30667e-27 1.75455e-21 1.0435e-16 1.4268e-12 4.48515e-09 3.24143e-06 0.000538559 0.0205726 0.180669 0.364775 0.169739 0.0292445 0.0686906 0.0960814 0.0350478 0.0167161 0.0122129 0.00395989 0.00136802 0.000322774 5.24654e-05 5.29559e-06 2.6624e-07
 2.14806e-27 2.18012e-27 7.39849e-27 1.78569e-21 1.06202e-16 1.45212e-12 4.56477e-09 3.29897e-06 0.000548119 0.0209378 0.183877 0.371251 0.172723 0.028995 0.0652158 0.0911628 0.0330155 0.0150253 0.0110624 0.0040637 0.00162468 0.000417238 7.07063e-05 6.92805e-06 3.42353e-07
 2.14792e-27 2.17977e-27 7.35928e-27 1.77239e-21 1.05411e-16 1.4413e-12 4.53075e-09 3.27439e-06 0.000544035 0.0207817 0.182506 0.368484 0.171455 0.0292778 0.0677761 0.0947479 0.0339601 0.014348 0.0103665 0.00371127 0.00150433 0.000439135 8.5493e-05 8.99965e-06 4.48584e-07
 2.14828e-27 2.18067e-27 7.45485e-27 1.8048e-21 1.07339e-16 1.46767e-12 4.61362e-09 3.33428e-06 0.000553986 0.0211619 0.185845 0.375224 0.174557 0.0289071 0.063482 0.0887057 0.0319763 0.014078 0.0101959 0.00348886 0.00134281 0.00038799 8.0885e-05 9.70653e-06 5.33981e-07
 2.1478e-27 2.17947e-27 7.32695e-27 1.76141e-21 1.04758e-16 1.43238e-12 4.5027e-09 3.25412e-06 0.000540667 0.0206531 0.181377 0.366203 0.170406 0.029436 0.0694291 0.0970719 0.0347025 0.0143736 0.0103136 0.003611 0.00140341 0.000387784 7.80866e-05 9.7196e-06 5.8954e-07
 2.14782e-27 2.17954e-27 7.3368e-27 1.76477e-21 1.04957e-16 1.43511e-12 4.51127e-09 3.26031e-06 0.000541696 0.0206924 0.181722 0.3669 0.17072 0.0292094 0.0678361 0.0948611 0.0343959 0.0157702 0.0114939 0.00388617 0.00146665 0.000410002 8.14561e-05 9.80837e-06 6.01824e-07
 2.14797e-27 2.17991e-27 7.37516e-27 1.77778e-21 1.05731e-16 1.44569e-12 4.54454e-09 3.28435e-06 0.00054569 0.020845 0.183062 0.369605 0.171966 0.0290866 0.0662707 0.092649 0.0335324 0.015191 0.0111364 0.00399655 0.00158395 0.000431896 8.42952e-05 1.008e-05 6.06038e-07
 2.14811e-27 2.18025e-27 7.41043e-27 1.78974e-21 1.06443e-16 1.45541e-12 4.57511e-09 3.30645e-06 0.000549361 0.0209852 0.184293 0.372092 0.173114 0.0290499 0.0652977 0.0912636 0.0328559 0.014337 0.010423 0.00371901 0.00149212 0.000428924 8.57816e-05 1.00873e-05 5.98337e-07
 2.14809e-27 2.18019e-27 7.40411e-27 1.78759e-21 1.06315e-16 1.45367e-12 4.56963e-09 3.30248e-06 0.000548703 0.0209601 0.184072 0.371646 0.172909 0.0290739 0.0655787 0.0916609 0.0330148 0.0144535 0.0104825 0.00365586 0.00143272 0.000412172 8.50103e-05 1.0359e-05 6.16049e-07
 2.14808e-27 2.18016e-27 7.40114e-27 1.78659e-21 1.06255e-16 1.45285e-12 4.56705e-09 3.30062e-06 0.000548394 0.0209483 0.183969 0.371436 0.172812 0.0290773 0.0656621 0.0917797 0.0330733 0.0145286 0.0105468 0.0036832 0.00143545 0.000403757 8.21433e-05 1.01818e-05 6.23985e-07
 2.14749e-27 2.17872e-27 7.24852e-27 1.73482e-21 1.03176e-16 1.41075e-12 4.43471e-09 3.20498e-06 0.000532503 0.0203412 0.178638 0.360674 0.167854 0.0295584 0.0718434 0.100499 0.0362386 0.0159918 0.0116227 0.00406752 0.00158894 0.000446062 8.94966e-05 1.09191e-05 6.72531e-07
 2.14706e-27 2.1777e-27 7.14328e-27 1.69913e-21 1.01054e-16 1.38173e-12 4.34349e-09 3.13905e-06 0.000521549 0.0199228 0.174963 0.353254 0.164429 0.0296865 0.0748613 0.104791 0.0382706 0.0184053 0.0135995 0.00477445 0.00187139 0.000526592 0.000105621 1.27696e-05 7.76335e-07
 2.14763e-27 2.17909e-27 7.29057e-27 1.74909e-21 1.04025e-16 1.42236e-12 4.47121e-09 3.23136e-06 0.000536885 0.0205087 0.180108 0.363642 0.169213 0.0292019 0.0687722 0.0962006 0.0351276 0.0168844 0.0125661 0.00465139 0.00191658 0.000543984 0.000109492 1.32417e-05 8.00389e-07
#obs catch len freq
 1.2203e-39 5.97254e-33 6.7204e-27 1.7385e-21 1.03395e-16 1.41374e-12 4.44412e-09 3.21177e-06 0.000533641 0.0203844 0.179016 0.361438 0.168204 0.0294477 0.0709374 0.0992326 0.0359313 0.0163263 0.0119578 0.00425388 0.00170772 0.000503035 0.000108642 1.44747e-05 9.83571e-07
 1.23362e-39 6.03772e-33 6.79373e-27 1.75748e-21 1.04524e-16 1.42917e-12 4.49262e-09 3.24682e-06 0.000539464 0.0206068 0.180969 0.365382 0.170023 0.0293391 0.0690858 0.0966104 0.0348425 0.0153952 0.0111928 0.00392124 0.00154113 0.000442409 9.26615e-05 1.20086e-05 7.95086e-07
 1.30708e-39 6.39726e-33 7.19829e-27 1.86213e-21 1.10748e-16 1.51428e-12 4.76014e-09 3.44017e-06 0.000571588 0.0218339 0.191746 0.387139 0.180047 0.0284004 0.0567979 0.079272 0.0284824 0.0122492 0.00883797 0.00304368 0.00117069 0.000329285 6.70433e-05 8.41609e-06 5.40835e-07
 1.1445e-39 5.60155e-33 6.30295e-27 1.63051e-21 9.69728e-17 1.32593e-12 4.16806e-09 3.01227e-06 0.000500493 0.0191182 0.167896 0.338988 0.157885 0.03107 0.0876072 0.122645 0.0430488 0.0153126 0.0105562 0.00357254 0.00134427 0.00037015 7.34208e-05 8.95696e-06 5.57869e-07
 1.34105e-39 6.56352e-33 7.38538e-27 1.91053e-21 1.13626e-16 1.55363e-12 4.88386e-09 3.52958e-06 0.000586444 0.0224014 0.196729 0.397201 0.184668 0.0276066 0.0489196 0.0682263 0.0253972 0.0136864 0.0101289 0.00309137 0.00102298 0.000271951 5.25093e-05 6.23202e-06 3.77095e-07
 1.38874e-39 6.7969e-33 7.64798e-27 1.97846e-21 1.17666e-16 1.60888e-12 5.05751e-09 3.65508e-06 0.000607296 0.0231979 0.203724 0.411323 0.191198 0.0276189 0.0447383 0.0622049 0.021525 0.00667136 0.00451107 0.00174601 0.000718971 0.000176765 3.06299e-05 3.47706e-06 2.04305e-07
 1.25603e-39 6.14738e-33 6.91713e-27 1.78939e-21 1.06422e-16 1.45513e-12 4.57421e-09 3.30579e-06 0.000549262 0.0209811 0.184256 0.372018 0.173109 0.0298102 0.0699615 0.0977204 0.0335606 0.00954874 0.00603481 0.00171729 0.000537688 0.000157779 3.08623e-05 3.25807e-06 1.77858e-07
 1.27168e-39 6.224e-33 7.00335e-27 1.8117e-21 1.07749e-16 1.47327e-12 4.63123e-09 3.347e-06 0.000556108 0.0212426 0.186553 0.376655 0.175223 0.0290151 0.0637107 0.0890118 0.0318845 0.0133838 0.00935467 0.00254815 0.000680717 0.000149459 2.5789e-05 3.03663e-06 1.68681e-07
 1.41267e-39 6.91406e-33 7.77981e-27 2.01256e-21 1.19695e-16 1.63661e-12 5.14469e-09 3.71808e-06 0.000617764 0.0235978 0.207236 0.418413 0.194455 0.0270728 0.0392676 0.0545327 0.019356 0.00757696 0.00533619 0.00177184 0.000613607 0.000129463 1.773e-05 1.68893e-06 9.24977e-08
 1.41562e-39 6.92848e-33 7.79603e-27 2.01676e-21 1.19944e-16 1.64002e-12 5.15542e-09 3.72583e-06 0.000619052 0.023647 0.207668 0.419285 0.194871 0.0273922 0.0409542 0.0568492 0.0193464 0.00492658 0.00302928 0.000967756 0.000338831 8.6437e-05 1.39585e-05 1.19528e-06 5.30122e-08
 1.3437e-39 6.57648e-33 7.39996e-27 1.9143e-21 1.13851e-16 1.5567e-12 4.89351e-09 3.53655e-06 0.000587602 0.0224457 0.197118 0.397985 0.185066 0.0285383 0.0543711 0.0757473 0.0258383 0.00677155 0.00411643 0.00106608 0.000268468 6.4269e-05 1.12465e-05 1.12962e-06 5.14875e-08
 1.32071e-39 6.46394e-33 7.27333e-27 1.88154e-21 1.11902e-16 1.53006e-12 4.80976e-09 3.47603e-06 0.000577547 0.0220615 0.193745 0.391175 0.181922 0.0286588 0.0571592 0.0797155 0.0277624 0.00916028 0.00601543 0.00157546 0.000384476 7.36566e-05 9.93168e-06 9.75296e-07 4.93029e-08
 1.35427e-39 6.62821e-33 7.45817e-27 1.92936e-21 1.14746e-16 1.56895e-12 4.932e-09 3.56436e-06 0.000592224 0.0226222 0.198668 0.401115 0.186496 0.0280739 0.0505925 0.0704731 0.0246816 0.00859622 0.00579332 0.00168919 0.000493345 9.68522e-05 1.17037e-05 9.05738e-07 3.9827e-08
 1.32534e-39 6.48662e-33 7.29884e-27 1.88814e-21 1.12295e-16 1.53543e-12 4.82664e-09 3.48822e-06 0.000579573 0.0221389 0.194424 0.392547 0.182555 0.0286157 0.0564824 0.0787529 0.0272981 0.00859645 0.00564888 0.0016949 0.000528758 0.000116787 1.61593e-05 1.2285e-06 4.58052e-08
 1.28088e-39 6.26904e-33 7.05402e-27 1.82481e-21 1.08528e-16 1.48393e-12 4.66474e-09 3.37122e-06 0.000560132 0.0213963 0.187903 0.37938 0.176489 0.0291752 0.0638662 0.0891772 0.031206 0.0107813 0.00723239 0.00206588 0.000604437 0.000137428 2.08525e-05 1.79097e-06 7.09465e-08
 1.15953e-39 5.67511e-33 6.38572e-27 1.65193e-21 9.82462e-17 1.34334e-12 4.2228e-09 3.05183e-06 0.000507065 0.0193692 0.170101 0.343439 0.159931 0.0307293 0.084186 0.117853 0.0417859 0.0161973 0.0112376 0.00336085 0.00103707 0.000227011 3.33588e-05 3.01963e-06 1.32083e-07
 1.26161e-39 6.17473e-33 6.9479e-27 1.79736e-21 1.06896e-16 1.4616e-12 4.59456e-09 3.3205e-06 0.000551706 0.0210745 0.185076 0.373673 0.173832 0.028701 0.0626919 0.0876462 0.0323465 0.016588 0.0122448 0.00390033 0.00131653 0.000303919 4.57997e-05 4.0493e-06 1.79133e-07
 1.22213e-39 5.98149e-33 6.73047e-27 1.74111e-21 1.0355e-16 1.41586e-12 4.45078e-09 3.21659e-06 0.00053444 0.0204149 0.179284 0.36198 0.168465 0.0297298 0.0724965 0.101376 0.0359561 0.0140008 0.0100123 0.0037643 0.00152824 0.000385121 6.32629e-05 5.85944e-06 2.60753e-07
 1.26762e-39 6.20412e-33 6.98097e-27 1.80591e-21 1.07404e-16 1.46856e-12 4.61643e-09 3.3363e-06 0.000554332 0.0211748 0.185957 0.375451 0.174662 0.0289007 0.063375 0.0885582 0.0319749 0.0142325 0.0102454 0.0032888 0.00119603 0.000350466 6.8229e-05 6.99487e-06 3.32488e-07
 1.2357e-39 6.04792e-33 6.80521e-27 1.76045e-21 1.047e-16 1.43159e-12 4.5002e-09 3.25231e-06 0.000540376 0.0206417 0.181275 0.365999 0.170317 0.0295586 0.0702396 0.098197 0.0348655 0.0136845 0.0096864 0.00334007 0.00125553 0.000325811 6.27868e-05 7.45743e-06 4.0368e-07
 1.24419e-39 6.08944e-33 6.85194e-27 1.77253e-21 1.05419e-16 1.44142e-12 4.5311e-09 3.27464e-06 0.000544086 0.0207834 0.18252 0.368512 0.171468 0.0292721 0.0677333 0.0946962 0.0340695 0.0147852 0.0105959 0.00340897 0.00121154 0.000327798 6.1742e-05 7.00608e-06 4.0706e-07
 1.26282e-39 6.18064e-33 6.95456e-27 1.79908e-21 1.06998e-16 1.463e-12 4.59896e-09 3.32368e-06 0.000552234 0.0210946 0.185253 0.374031 0.174011 0.0290539 0.0647381 0.0904626 0.0324119 0.0136503 0.009793 0.00332954 0.00123356 0.000316505 5.80184e-05 6.58117e-06 3.73372e-07
 1.24854e-39 6.11073e-33 6.87589e-27 1.77873e-21 1.05788e-16 1.44645e-12 4.54694e-09 3.28608e-06 0.000545987 0.020856 0.183157 0.3698 0.172066 0.0293371 0.0677419 0.0946843 0.0337353 0.0136097 0.00965268 0.00322948 0.0011947 0.000320395 5.92406e-05 6.49256e-06 3.62508e-07
 1.24997e-39 6.11773e-33 6.88376e-27 1.78076e-21 1.05909e-16 1.44811e-12 4.55215e-09 3.28985e-06 0.000546613 0.0208799 0.183367 0.370224 0.172258 0.0292439 0.0670457 0.0937167 0.0335845 0.0141607 0.010108 0.00329985 0.00118281 0.000313394 5.8859e-05 6.59466e-06 3.6372e-07
 1.24946e-39 6.11523e-33 6.88095e-27 1.78004e-21 1.05865e-16 1.44752e-12 4.55029e-09 3.2885e-06 0.00054639 0.0208714 0.183292 0.370072 0.172188 0.0292538 0.0671514 0.093864 0.0336093 0.0140859 0.0100738 0.00337041 0.00123262 0.00031915 5.83997e-05 6.54757e-06 3.66759e-07
 1.25479e-39 6.14133e-33 6.91032e-27 1.78764e-21 1.06317e-16 1.4537e-12 4.56971e-09 3.30254e-06 0.000548722 0.0209605 0.184075 0.371652 0.172916 0.0291737 0.0661865 0.0925045 0.0331379 0.0139362 0.00996964 0.00332643 0.00122117 0.00032281 5.9312e-05 6.50888e-06 3.60833e-07
 1.18193e-39 5.78471e-33 6.50905e-27 1.68383e-21 1.00144e-16 1.36928e-12 4.30436e-09 3.11077e-06 0.000516859 0.0197433 0.173386 0.350072 0.162977 0.0302006 0.0789592 0.110512 0.0395407 0.0164777 0.0117683 0.00393463 0.00144672 0.000382697 7.10729e-05 7.88079e-06 4.33211e-07
 1.18215e-39 5.78579e-33 6.51026e-27 1.68414e-21 1.00162e-16 1.36954e-12 4.30516e-09 3.11135e-06 0.000516955 0.019747 0.173418 0.350137 0.162991 0.0297628 0.0762672 0.106791 0.0392281 0.0195604 0.0144458 0.0048093 0.00175972 0.000466053 8.67492e-05 9.68103e-06 5.36889e-07
#spawning biomass
 3234.41 2377.22 2439.02 2152.1 2234.91 3519.03 4415.21 4732.19 6905.57 11681 17537.3 19448.2 25734.4 34939.9 40038.2 39246.5 38861.9 35430.7 34028.8 33458.9 34528.8 36417.6 36340.5 41057 46137.9 51532.4 52359.7 39516.5 19056.8 61325.9 85155.1 67507.4 48989.5 37010.8 30131.2 26403.9 24455 23459.1 22958.1 22708.6 22585.2 22524.5 22494.7 22480.1 22473 22469.5 22467.9 22467 22466.6 22466.4 22466.4 22466.3 22466.3 22466.3 22466.3 22466.3 22466.3 22466.3 22466.3 22466.3 22466.3 22466.3 22466.3 22466.3 22466.3 22466.3 22466.3 22466.3 22466.3 22466.3 22466.3 22466.3 22466.3 22466.3 22466.3 22466.3 22466.3 22466.3 22466.3 22466.3 22466.3 22466.3 22466.3 22466.3 22466.3 22466.3 22466.3 22466.3 22466.3 22466.3 22466.3 22466.3 22466.3 22466.3 22466.3 22466.3 22466.3 22466.3 22466.3 22466.3 22466.3 22466.3 22466.3 22466.3 22466.3 22466.3 22466.3 22466.3 22466.3 22466.3 22466.3 22466.3 22466.3 22466.3 22466.3 22466.3 22466.3 22466.3 22466.3 22466.3 22466.3 22466.3 22466.3 22466.3 22466.3 22466.3 22466.3 22466.3 0 0 0 0 0 0 0 0 0 0 0 0 0 0 0 0 0 0 0 0 0 0 0 0 0
