SBPRF35
0.178135
Curr Bio
168860
B35
201847
F35
0.660024
FOFL
0.660024
OFL
77581.8
Bzero
50895.7
#pred survey bio
 6751.38 8811.57 10998.6 12878 21315.1 31996.6 29896.3 35886 49356.7 61928.2 76901.9 98342.2 131288 159676 153218 137678 116724 113154 104247 107464 112079 118375 127882 132208 146368 157878 158410 185013 5.51097e+06 4.89991e+06 3.06561e+06 1.76015e+06 1.07914e+06 753282 599151 523908 485156 464047 452013 444937 440698 438132 436565 435601 435024 434677 434469 434343 434268 434222 434195 434178 434168 434162 434158 434156 434155 434154 434153 434153 434153 434153 434153 434153 434153 434153 434153 434153 434153 434153 434153 434153 434153 434153 434153 434153 434153 434153 434153 434153 434153 434153 434153 434153 434153 434153 434153 434153 434153 434153 434153 434153 434153 434153 434153 434153 434153 434153 434153 434153 434153 434153 434153 434153 434153 434153 434153 434153 434153 434153 434153 434153 434153 434153 434153 434153 434153 434153 434153 434153 434153 434153 434153 434153 434153 434153 434153 434153 0 0 0 0 0 0 0 0 0 0 0 0 0 0 0 0 0 0 0 0 0 0 0 0 0
#obs survey bio
 5614.78 11470.1 8000.2 11977.8 48272.7 25841.6 28098.8 40633.1 73653.4 62206.9 92102.1 84212.8 177290 158133 106404 193025 120960 135710 96491.1 100148 70604.8 128980 108949 113646 157404 154775 161555 138808
#pred catch bio
 3030.13 4792.82 6328.07 6957.76 9451.76 19653.6 18683.4 20830.9 29702.7 38645.4 48874.3 60234.7 80039.9 106260 105817 100547 80576.3 80685.9 73152.2 77671.7 82458.3 84566.5 94122.4 97686.1 110054 121282 112322 99722.2 77581.8 85584.9 49624.5 25321.8 13916.7 9215.65 7421.89 6772.17 6545.34 6468.24 6442.55 6434.11 6431.37 6430.49 6430.21 6430.12 6430.09 6430.08 6430.08 6430.08 6430.08 6430.08 6430.08 6430.08 6430.08 6430.08 6430.08 6430.08 6430.08 6430.08 6430.08 6430.08 6430.08 6430.08 6430.08 6430.08 6430.08 6430.08 6430.08 6430.08 6430.08 6430.08 6430.08 6430.08 6430.08 6430.08 6430.08 6430.08 6430.08 6430.08 6430.08 6430.08 6430.08 6430.08 6430.08 6430.08 6430.08 6430.08 6430.08 6430.08 6430.08 6430.08 6430.08 6430.08 6430.08 6430.08 6430.08 6430.08 6430.08 6430.08 6430.08 6430.08 6430.08 6430.08 6430.08 6430.08 6430.08 6430.08 6430.08 6430.08 6430.08 6430.08 6430.08 6430.08 6430.08 6430.08 6430.08 6430.08 6430.08 6430.08 6430.08 6430.08 6430.08 6430.08 6430.08 6430.08 6430.08 6430.08 6430.08 6430.08 0 0 0 0 0 0 0 0 0 0 0 0 0 0 0 0 0 0 0 0 0 0 0 0 0
#obs catch bio
 4494.6 4746.51 6260.89 6937.14 8988.6 18928.8 18690.4 20525.1 28801.7 37998.6 47578.3 59138.6 77185.2 103102 105391 99520.6 78348.6 78800.1 72076.4 77005.8 82284.3 81905.5 90555.6 95550 107420 119152 109399 98840.1
#pred cpue bio
 5569.33 6732.33 8386.83 9831.88 15244.5 25041.1 23441.2 26134.3 36579.8 46158.6 56585.8 71645.7 96276 119793 116779 104039 86957.2 84646.4 77483.1 78588.6 80958.3 84826.6 92823.3 95022.9 103758 111990 112736 132723 4.27181e+06 4.73333e+06 3.0171e+06 1.70884e+06 1.02705e+06 701122 546984 471740 432988 411879 399846 392769 388530 385965 384398 383433 382856 382510 382301 382176 382100 382055 382027 382010 382000 381994 381991 381988 381987 381986 381986 381985 381985 381985 381985 381985 381985 381985 381985 381985 381985 381985 381985 381985 381985 381985 381985 381985 381985 381985 381985 381985 381985 381985 381985 381985 381985 381985 381985 381985 381985 381985 381985 381985 381985 381985 381985 381985 381985 381985 381985 381985 381985 381985 381985 381985 381985 381985 381985 381985 381985 381985 381985 381985 381985 381985 381985 381985 381985 381985 381985 381985 381985 381985 381985 381985 381985 381985 381985 381985 0 0 0 0 0 0 0 0 0 0 0 0 0 0 0 0 0 0 0 0 0 0 0 0 0
#obs cpue bio
 6850.78 8244.45 11121.5 11679.3 31834.7 27184.7 24167.5 28905.3 48960.3 49768.2 82516.8 98107.8 151709 173132 142823 103812 134214 100958 97476.2 96257.1 127768 157065 200271 140575 145430 147473 178060 185510
#pred surv len freq
 2.56887e-27 2.60369e-27 4.65969e-26 9.29002e-20 2.27734e-14 6.74816e-10 2.41708e-06 0.0010465 0.0547701 0.346491 0.265156 0.0366097 0.0923707 0.0852981 0.0224254 0.0300001 0.0141468 0.0126055 0.00856234 0.00705912 0.00590307 0.00535906 0.00558445 0.00505589 0.00155381
 2.57048e-27 2.60778e-27 4.9824e-26 9.97066e-20 2.44419e-14 7.24256e-10 2.59416e-06 0.00112317 0.0587829 0.371876 0.284581 0.0391363 0.0979533 0.090137 0.0178828 0.018196 0.00708313 0.00449386 0.0025093 0.00175319 0.00127899 0.001033 0.000977031 0.000897047 0.000303382
 2.57e-27 2.6064e-27 4.85007e-26 9.69146e-20 2.37575e-14 7.03976e-10 2.52152e-06 0.00109172 0.0571369 0.361463 0.276649 0.0403927 0.113087 0.10402 0.0189053 0.0169681 0.00570971 0.00233874 0.000954802 0.000480352 0.000276023 0.00018685 0.000153496 0.000135595 4.78064e-05
 2.5699e-27 2.60615e-27 4.82937e-26 9.64779e-20 2.36504e-14 7.00803e-10 2.51016e-06 0.0010868 0.0568794 0.359834 0.275405 0.0403554 0.113678 0.104611 0.0198645 0.0189956 0.00615014 0.00209952 0.000661123 0.000208928 7.7305e-05 3.80628e-05 2.5042e-05 1.99756e-05 7.05702e-06
 2.57222e-27 2.61244e-27 5.38571e-26 1.08214e-19 2.65275e-14 7.86056e-10 2.81552e-06 0.00121901 0.0637987 0.403608 0.308803 0.0386896 0.0775366 0.0712629 0.0140058 0.0140285 0.00463874 0.00172649 0.000510119 0.000126549 2.85059e-05 7.9561e-06 3.47346e-06 2.26393e-06 7.69683e-07
 2.56875e-27 2.60297e-27 4.54215e-26 9.04186e-20 2.2165e-14 6.5679e-10 2.35251e-06 0.00101855 0.0533071 0.337235 0.258169 0.0416821 0.135884 0.124986 0.0213528 0.0172724 0.00580349 0.00233675 0.0007207 0.000187107 3.4751e-05 5.65424e-06 1.19052e-06 5.08745e-07 1.56504e-07
 2.56884e-27 2.60331e-27 4.58259e-26 9.12721e-20 2.23743e-14 6.62989e-10 2.37472e-06 0.00102816 0.0538103 0.340418 0.260584 0.0406541 0.126365 0.116429 0.0239635 0.0253645 0.00800587 0.00238604 0.000736731 0.000205638 4.02768e-05 5.65459e-06 6.06131e-07 1.10504e-07 2.64476e-08
 2.57165e-27 2.61091e-27 5.25174e-26 1.05388e-19 2.58347e-14 7.65527e-10 2.74199e-06 0.00118718 0.0621326 0.393067 0.30076 0.0390266 0.0857517 0.0788508 0.0154725 0.0154763 0.00527432 0.00220135 0.000625888 0.000138227 2.80168e-05 4.16754e-06 3.71787e-07 2.63851e-08 3.23216e-09
 2.57089e-27 2.60875e-27 5.05245e-26 1.01184e-19 2.4804e-14 7.34986e-10 2.6326e-06 0.00113981 0.0596537 0.377386 0.288806 0.0403045 0.103875 0.0954228 0.0156486 0.0116905 0.00389078 0.0015226 0.00049257 0.000137549 2.33807e-05 3.21885e-06 2.98918e-07 1.48508e-08 6.29674e-10
 2.57071e-27 2.60829e-27 5.0139e-26 1.00371e-19 2.46046e-14 7.29079e-10 2.61144e-06 0.00113065 0.0591743 0.374353 0.286489 0.040221 0.104868 0.0963991 0.0169177 0.0143226 0.00443389 0.00120194 0.000361732 0.000100436 2.11362e-05 2.87034e-06 2.36591e-07 1.14226e-08 2.63246e-10
 2.57117e-27 2.60953e-27 5.12305e-26 1.02673e-19 2.51691e-14 7.45805e-10 2.67135e-06 0.00115659 0.0605319 0.382941 0.293042 0.0399185 0.0979618 0.0900167 0.0156207 0.0129775 0.00412066 0.0012815 0.000343344 6.96233e-05 1.37926e-05 2.14341e-06 1.87161e-07 8.15722e-09 1.63573e-10
 2.57147e-27 2.61033e-27 5.19228e-26 1.04133e-19 2.55271e-14 7.56412e-10 2.70934e-06 0.00117304 0.0613928 0.388387 0.2972 0.0398669 0.094648 0.0869237 0.0144373 0.0110539 0.00348647 0.00105702 0.000295476 6.43666e-05 9.96036e-06 1.29869e-06 1.23457e-07 5.72461e-09 1.05435e-10
 2.57124e-27 2.60971e-27 5.13685e-26 1.02964e-19 2.52404e-14 7.47919e-10 2.67892e-06 0.00115987 0.0607034 0.384026 0.293873 0.0400517 0.0983917 0.0903766 0.0150164 0.0115019 0.00356966 0.0009875 0.000270414 5.85092e-05 9.6464e-06 1.10406e-06 8.45931e-08 4.08458e-09 7.89238e-11
 2.57044e-27 2.60753e-27 4.94472e-26 9.89111e-20 2.42469e-14 7.18478e-10 2.57347e-06 0.00111421 0.0583139 0.36891 0.282338 0.0405723 0.110458 0.101524 0.0172186 0.0137196 0.00426235 0.00117982 0.000313704 6.26747e-05 1.0122e-05 1.1939e-06 8.3947e-08 3.33676e-09 6.48705e-11
 2.56984e-27 2.6059e-27 4.80102e-26 9.58796e-20 2.35037e-14 6.96458e-10 2.49459e-06 0.00108006 0.0565266 0.357603 0.273711 0.0409631 0.119493 0.109869 0.0188375 0.0153136 0.004785 0.00136694 0.000364984 7.22197e-05 1.09653e-05 1.22974e-06 8.711e-08 3.19612e-09 5.28571e-11
 2.57019e-27 2.60688e-27 4.88861e-26 9.77275e-20 2.39567e-14 7.0988e-10 2.54267e-06 0.00110088 0.0576161 0.364495 0.278968 0.040614 0.113143 0.104029 0.0181602 0.0152401 0.00477861 0.00138884 0.000375284 7.62264e-05 1.15582e-05 1.2403e-06 8.27026e-08 2.99304e-09 4.56458e-11
 2.57067e-27 2.60814e-27 4.99699e-26 1.00014e-19 2.45172e-14 7.26487e-10 2.60216e-06 0.00112663 0.058964 0.373022 0.285478 0.0405579 0.108142 0.0993508 0.0161916 0.0119263 0.00374675 0.00111469 0.00030363 6.27055e-05 9.71858e-06 1.05408e-06 6.78115e-08 2.3151e-09 3.42434e-11
 2.57052e-27 2.60774e-27 4.96195e-26 9.92744e-20 2.43359e-14 7.21117e-10 2.58292e-06 0.00111831 0.0585281 0.370265 0.283373 0.0406288 0.11016 0.101226 0.0167433 0.012707 0.00390037 0.00100837 0.000271722 5.73522e-05 9.02491e-06 1.00042e-06 6.52835e-08 2.16283e-09 3.03118e-11
 2.57075e-27 2.60835e-27 5.01567e-26 1.00408e-19 2.46137e-14 7.29349e-10 2.6124e-06 0.00113107 0.0591962 0.374491 0.286599 0.0405064 0.106962 0.0982652 0.0160477 0.0118666 0.00365633 0.000969243 0.000250907 4.71216e-05 7.40413e-06 8.37616e-07 5.58903e-08 1.87682e-09 2.56372e-11
 2.57132e-27 2.6099e-27 5.15262e-26 1.03297e-19 2.5322e-14 7.50335e-10 2.68758e-06 0.00116362 0.0608995 0.385267 0.29482 0.0400841 0.0979723 0.0899729 0.0146444 0.0107524 0.00329876 0.000851901 0.000221403 4.19187e-05 6.0448e-06 6.44939e-07 4.37507e-08 1.50308e-09 2.07744e-11
 2.57168e-27 2.61088e-27 5.23751e-26 1.05088e-19 2.5761e-14 7.63343e-10 2.73417e-06 0.00118379 0.0619553 0.391946 0.299919 0.0400002 0.0937521 0.0860387 0.0132282 0.00851131 0.00259752 0.000659137 0.000169527 3.14416e-05 4.5567e-06 4.62837e-07 2.90732e-08 1.00055e-09 1.41329e-11
 2.57192e-27 2.6115e-27 5.29147e-26 1.06226e-19 2.604e-14 7.71612e-10 2.76378e-06 0.00119661 0.0626264 0.396191 0.303159 0.0399209 0.0908712 0.0833631 0.0124444 0.00739383 0.00220484 0.000480028 0.000119837 2.18262e-05 3.10603e-06 3.12523e-07 1.89311e-08 6.06429e-10 8.47166e-12
 2.5715e-27 2.61036e-27 5.18986e-26 1.04082e-19 2.55145e-14 7.56041e-10 2.70801e-06 0.00117247 0.0613627 0.388197 0.29706 0.0402546 0.0976964 0.0896558 0.0134588 0.00812143 0.00239995 0.000483003 0.000114181 1.81913e-05 2.4954e-06 2.45923e-07 1.46519e-08 4.53037e-10 5.94623e-12
 2.57183e-27 2.61126e-27 5.27064e-26 1.05786e-19 2.59323e-14 7.68419e-10 2.75235e-06 0.00119166 0.0623673 0.394552 0.301908 0.0399541 0.0920032 0.0844159 0.0127783 0.00788898 0.00233496 0.000473855 0.000110161 1.61869e-05 1.99776e-06 1.7908e-07 1.03587e-08 3.13689e-10 3.9711e-12
 2.57225e-27 2.6124e-27 5.37119e-26 1.07908e-19 2.64522e-14 7.83827e-10 2.80754e-06 0.00121556 0.0636178 0.402464 0.307945 0.0396797 0.0856741 0.0785683 0.0116142 0.00670672 0.00198732 0.000412416 9.64688e-05 1.4205e-05 1.67141e-06 1.34455e-07 6.93772e-09 2.0021e-10 2.47256e-12
 2.5722e-27 2.61227e-27 5.35828e-26 1.07635e-19 2.63855e-14 7.81849e-10 2.80045e-06 0.00121249 0.0634573 0.401448 0.307172 0.0398225 0.0873035 0.0800478 0.0114387 0.00593306 0.0017378 0.000334194 7.74065e-05 1.1622e-05 1.37595e-06 1.077e-07 5.02346e-09 1.28579e-10 1.4906e-12
 2.57209e-27 2.61197e-27 5.33099e-26 1.07059e-19 2.62443e-14 7.77667e-10 2.78547e-06 0.001206 0.0631178 0.399301 0.305534 0.0399452 0.0893879 0.0819625 0.0116199 0.00586297 0.0016954 0.000290378 6.44602e-05 9.05541e-06 1.06896e-06 8.48209e-08 3.88004e-09 9.07443e-11 9.33969e-13
 2.57188e-27 2.61139e-27 5.28155e-26 1.06017e-19 2.59887e-14 7.70091e-10 2.75834e-06 0.00119426 0.062503 0.395411 0.302564 0.0399604 0.0915907 0.0840277 0.0125758 0.00752221 0.00218369 0.00037234 8.06812e-05 1.01936e-05 1.12672e-06 8.58477e-08 3.95871e-09 9.11772e-11 8.65979e-13
#obs surv len freq
 1.76254e-41 2.44629e-33 4.10416e-26 8.32316e-20 2.04033e-14 6.04586e-10 2.16553e-06 0.000937599 0.0490702 0.310432 0.237777 0.044025 0.152247 0.129003 0.036577 0.02818 0.00851027 0.00265959 0.000515749 5.98308e-05 3.03867e-06 4.91927e-08 1.88621e-10 1.37614e-13 1.6534e-17
 2.17521e-41 3.01904e-33 5.06507e-26 1.02719e-19 2.51802e-14 7.46137e-10 2.67254e-06 0.00115712 0.0605589 0.383113 0.293247 0.0420078 0.0971884 0.0778038 0.0223593 0.0161715 0.00473029 0.00138771 0.000246514 2.49129e-05 1.04216e-06 1.31772e-08 3.79454e-11 2.02669e-14 1.75458e-18
 1.72719e-41 2.39722e-33 4.02183e-26 8.1562e-20 1.9994e-14 5.92458e-10 2.12209e-06 0.00091879 0.0480858 0.304206 0.233216 0.0511935 0.181308 0.135406 0.026446 0.0140391 0.00392 0.00106925 0.00017381 1.52411e-05 5.22285e-07 5.12838e-09 1.10423e-11 4.30688e-15 2.6843e-19
 2.08642e-41 2.89581e-33 4.85833e-26 9.85258e-20 2.41525e-14 7.15681e-10 2.56345e-06 0.00110989 0.0580871 0.367476 0.281432 0.0458562 0.113891 0.0817106 0.0282804 0.0179835 0.00340036 0.000666699 9.65343e-05 7.30157e-06 2.0417e-07 1.552e-09 2.49262e-12 7.08675e-16 3.17622e-20
 2.37238e-41 3.29271e-33 5.5242e-26 1.1203e-19 2.74627e-14 8.13772e-10 2.9148e-06 0.00126201 0.0660484 0.417841 0.31986 0.0442717 0.0789391 0.0519791 0.0116126 0.00606294 0.0017361 0.000349803 3.26195e-05 1.91257e-06 4.31173e-08 2.53202e-10 3.03205e-13 6.2832e-17 2.02481e-21
 1.31938e-41 1.83121e-33 3.07224e-26 6.23044e-20 1.52732e-14 4.52573e-10 1.62104e-06 0.000701855 0.0367323 0.232383 0.179036 0.0712252 0.272317 0.166443 0.0279484 0.0107328 0.00203743 0.000397518 4.29045e-05 1.76964e-06 2.76972e-08 1.22174e-10 1.08861e-13 1.64615e-17 3.81935e-22
 2.21726e-41 3.07742e-33 5.163e-26 1.04705e-19 2.56671e-14 7.60563e-10 2.72421e-06 0.00117949 0.0617299 0.390522 0.299136 0.0467568 0.0887742 0.0563166 0.0349306 0.0179099 0.00242227 0.000294127 2.47498e-05 1.00128e-06 1.17329e-08 3.449e-11 2.16731e-14 2.36732e-18 3.95531e-23
 1.98972e-41 2.76161e-33 4.63317e-26 9.39597e-20 2.30331e-14 6.82514e-10 2.44465e-06 0.00105845 0.0553951 0.350448 0.269013 0.0609643 0.154811 0.0823995 0.0157257 0.00718622 0.00260839 0.000369469 1.87791e-05 5.20162e-07 5.10763e-09 1.14119e-11 4.83262e-15 3.55994e-19 4.14451e-24
 2.0286e-41 2.81557e-33 4.7237e-26 9.57957e-20 2.34832e-14 6.9585e-10 2.49242e-06 0.00107913 0.0564775 0.357296 0.274334 0.0614305 0.143051 0.0735386 0.0227985 0.0084629 0.00127131 0.000239349 1.85838e-05 3.69082e-07 2.27929e-09 3.76957e-12 1.20238e-15 6.22617e-20 4.88442e-25
 1.98059e-41 2.74893e-33 4.6119e-26 9.35283e-20 2.29274e-14 6.7938e-10 2.43343e-06 0.00105359 0.0551407 0.348841 0.268168 0.0670297 0.154381 0.0737896 0.0219663 0.00799392 0.00146123 0.000161875 1.05556e-05 2.64414e-07 1.37617e-09 1.45539e-12 3.11006e-16 1.15886e-20 6.56548e-26
 2.10525e-41 2.92195e-33 4.90218e-26 9.94151e-20 2.43705e-14 7.22141e-10 2.58659e-06 0.00111991 0.0586114 0.370798 0.284977 0.0656862 0.132353 0.0596966 0.0191895 0.00634981 0.00108913 0.000121158 5.81491e-06 1.08115e-07 5.62009e-10 5.33535e-13 8.11733e-17 1.97271e-21 7.49137e-27
 2.04518e-41 2.83858e-33 4.7623e-26 9.65786e-20 2.36751e-14 7.01536e-10 2.51279e-06 0.00108795 0.056939 0.360221 0.277342 0.073206 0.146802 0.0608745 0.0173367 0.00521752 0.000879177 8.77474e-05 3.78141e-06 5.32997e-08 1.97459e-10 1.56143e-13 2.07214e-17 4.01286e-22 1.08553e-27
 1.99075e-41 2.76302e-33 4.63555e-26 9.40079e-20 2.30449e-14 6.82864e-10 2.44591e-06 0.00105899 0.0554235 0.350637 0.270499 0.0798001 0.155012 0.0615948 0.0198262 0.00531043 0.000765106 6.83703e-05 2.56812e-06 2.99405e-08 8.35396e-11 4.64279e-14 4.53803e-18 6.95238e-23 1.51729e-28
 1.8715e-41 2.59752e-33 4.35788e-26 8.83769e-20 2.16646e-14 6.41961e-10 2.2994e-06 0.00099556 0.0521037 0.32964 0.25527 0.0911707 0.174908 0.0664663 0.0227268 0.00582537 0.000827597 6.15985e-05 1.90344e-06 1.81687e-08 3.98711e-11 1.65576e-14 1.14943e-18 1.23293e-23 1.93326e-29
 1.69534e-41 2.35302e-33 3.94769e-26 8.00583e-20 1.96254e-14 5.81535e-10 2.08296e-06 0.000901852 0.0471993 0.298623 0.232748 0.106254 0.200649 0.0757412 0.0295653 0.00723263 0.00101158 6.93519e-05 1.76786e-06 1.30694e-08 2.21359e-11 6.9902e-15 3.60144e-19 2.79095e-24 3.08908e-30
 1.91327e-41 2.6555e-33 4.45515e-26 9.03495e-20 2.21481e-14 6.5629e-10 2.35072e-06 0.00101778 0.0532667 0.337008 0.26177 0.095515 0.154781 0.0608682 0.0278352 0.006886 0.000986407 6.27976e-05 1.39754e-06 8.24605e-09 1.04786e-11 2.44821e-15 9.32115e-20 5.30568e-25 4.26948e-31
 1.85745e-41 2.57802e-33 4.32516e-26 8.77135e-20 2.15019e-14 6.37141e-10 2.28214e-06 0.000988086 0.0517125 0.327189 0.255596 0.109775 0.169742 0.0575302 0.0211237 0.00545781 0.000830605 5.13104e-05 1.0163e-06 4.96415e-09 4.90865e-12 8.50802e-16 2.34901e-20 9.65071e-26 5.61024e-32
 1.83832e-41 2.55146e-33 4.28061e-26 8.68098e-20 2.12804e-14 6.30577e-10 2.25862e-06 0.000977907 0.0511798 0.323831 0.254074 0.11684 0.168123 0.0579985 0.0218158 0.00451089 0.000607657 3.72808e-05 6.78564e-07 2.81091e-09 2.22059e-12 2.94871e-16 6.04063e-21 1.80033e-26 7.49793e-33
 1.8557e-41 2.57558e-33 4.32108e-26 8.76306e-20 2.14816e-14 6.36539e-10 2.27998e-06 0.000987153 0.0516637 0.326908 0.257437 0.121711 0.160988 0.0550707 0.0205768 0.00415461 0.0004763 2.38904e-05 3.86778e-07 1.38759e-09 8.96046e-13 9.31306e-17 1.4491e-21 3.2107e-27 9.77894e-34
 1.94364e-41 2.69764e-33 4.52586e-26 9.17835e-20 2.24996e-14 6.66706e-10 2.38803e-06 0.00103393 0.0541121 0.34241 0.269922 0.121107 0.144085 0.0472755 0.01652 0.0031801 0.000337573 1.40445e-05 1.77441e-07 5.15742e-10 2.71966e-13 2.25005e-17 2.7085e-22 4.54091e-28 1.02966e-34
 1.94148e-41 2.69464e-33 4.52082e-26 9.16814e-20 2.24746e-14 6.65964e-10 2.38537e-06 0.00103278 0.054052 0.342057 0.271293 0.129728 0.142506 0.0432981 0.0134543 0.00234517 0.000223232 8.03816e-06 8.06565e-08 1.76573e-10 7.06237e-14 4.50992e-18 4.19607e-23 5.38184e-29 9.21257e-36
 1.98073e-41 2.74912e-33 4.61222e-26 9.35349e-20 2.2929e-14 6.79428e-10 2.4336e-06 0.00105366 0.0551448 0.348997 0.277767 0.131649 0.131968 0.039921 0.011608 0.00174462 0.000140521 4.24015e-06 3.44424e-08 5.79538e-11 1.71201e-14 7.98803e-19 5.47224e-24 5.22053e-30 6.68021e-37
 1.9197e-41 2.66442e-33 4.47012e-26 9.0653e-20 2.22225e-14 6.58494e-10 2.35862e-06 0.0010212 0.0534459 0.338303 0.272489 0.146403 0.137386 0.0390933 0.0103386 0.00141986 9.53033e-05 2.28224e-06 1.45437e-08 1.88703e-11 4.19155e-15 1.43513e-19 7.1018e-25 4.86881e-31 4.48771e-38
 1.95025e-41 2.70681e-33 4.54124e-26 9.20954e-20 2.25761e-14 6.68971e-10 2.39615e-06 0.00103745 0.0542963 0.343726 0.278068 0.146588 0.126747 0.0384435 0.00982776 0.00119375 6.81818e-05 1.29895e-06 6.26061e-09 6.0742e-12 1.00476e-15 2.54164e-20 9.19451e-26 4.55988e-32 3.01524e-39
 1.93493e-41 2.68555e-33 4.50557e-26 9.13719e-20 2.23988e-14 6.63716e-10 2.37732e-06 0.0010293 0.05387 0.341104 0.278972 0.155725 0.124302 0.0354636 0.00848843 0.000993749 4.86014e-05 7.39601e-07 2.71409e-09 1.93602e-12 2.32523e-16 4.26695e-21 1.12025e-26 4.02632e-33 1.92349e-40
 1.88041e-41 2.60988e-33 4.37862e-26 8.87975e-20 2.17677e-14 6.45016e-10 2.31034e-06 0.0010003 0.0523525 0.331613 0.275742 0.168819 0.126349 0.0355568 0.00772305 0.00080643 3.49017e-05 4.36637e-07 1.22859e-09 6.4901e-13 5.6516e-17 7.43105e-22 1.3925e-27 3.57388e-34 1.22123e-41
 1.79873e-41 2.49651e-33 4.18842e-26 8.49402e-20 2.08221e-14 6.16997e-10 2.20998e-06 0.000956847 0.050079 0.317382 0.269947 0.184113 0.130942 0.0380435 0.00778277 0.000724242 2.63642e-05 2.71023e-07 6.00929e-10 2.3883e-13 1.52075e-17 1.44063e-22 1.92809e-28 3.51566e-35 8.51311e-43
 1.82338e-41 2.53073e-33 4.24582e-26 8.61044e-20 2.11075e-14 6.25453e-10 2.24027e-06 0.000969961 0.0507658 0.321848 0.275852 0.182533 0.122313 0.0375871 0.00746487 0.000644471 1.98351e-05 1.62773e-07 2.80741e-10 8.51114e-14 4.03962e-18 2.79494e-23 2.69487e-29 3.51156e-36 6.04752e-44
#pred catch len freq
 2.56664e-27 2.59776e-27 4.14907e-26 8.2129e-20 2.01329e-14 5.96575e-10 2.13683e-06 0.000925166 0.0484199 0.306317 0.234485 0.0368723 0.115917 0.107146 0.0283632 0.0381298 0.0179596 0.0159765 0.0108461 0.00893933 0.0074747 0.00678571 0.00707108 0.00640181 0.00196745
 2.56893e-27 2.60358e-27 4.61373e-26 9.19292e-20 2.25353e-14 6.67762e-10 2.39181e-06 0.00103556 0.0541976 0.342869 0.262444 0.0399753 0.11989 0.110407 0.021932 0.0223508 0.0086914 0.00550113 0.00306988 0.0021441 0.00156401 0.00126318 0.00119473 0.00109692 0.000370981
 2.56851e-27 2.60236e-27 4.49339e-26 8.939e-20 2.19129e-14 6.49318e-10 2.32575e-06 0.00100696 0.0527007 0.333399 0.255236 0.0414015 0.135809 0.124994 0.0227204 0.0203963 0.00685839 0.00280145 0.00114298 0.000574765 0.000330236 0.000223543 0.000183638 0.000162221 5.71942e-05
 2.56827e-27 2.60172e-27 4.43815e-26 8.82247e-20 2.16272e-14 6.40853e-10 2.29543e-06 0.000993833 0.0520136 0.329053 0.251917 0.0414335 0.138385 0.127429 0.0242296 0.0232125 0.00751136 0.00255738 0.000804845 0.000254214 9.40474e-05 4.63045e-05 3.04641e-05 2.43007e-05 8.58501e-06
 2.57068e-27 2.60828e-27 5.01902e-26 1.00479e-19 2.46311e-14 7.29865e-10 2.61425e-06 0.00113187 0.0592381 0.374756 0.286788 0.039653 0.100335 0.0923285 0.0182205 0.0183455 0.00606335 0.00225152 0.000664948 0.000164873 3.71331e-05 1.03634e-05 4.52439e-06 2.9489e-06 1.00256e-06
 2.56728e-27 2.59897e-27 4.18779e-26 8.2943e-20 2.03325e-14 6.02488e-10 2.15801e-06 0.000934336 0.0488998 0.309354 0.236897 0.0427612 0.159041 0.146348 0.024983 0.0201799 0.00677514 0.0027201 0.000838495 0.000217572 4.04037e-05 6.57354e-06 1.38406e-06 5.9145e-07 1.81946e-07
 2.56741e-27 2.59944e-27 4.24244e-26 8.40963e-20 2.06152e-14 6.10865e-10 2.18802e-06 0.000947327 0.0495797 0.313655 0.240162 0.0415432 0.147479 0.135942 0.0279398 0.029524 0.00931342 0.0027673 0.000853885 0.000238213 4.66507e-05 6.54905e-06 7.02e-07 1.27981e-07 3.06306e-08
 2.57043e-27 2.60761e-27 4.96079e-26 9.92503e-20 2.433e-14 7.20942e-10 2.58229e-06 0.00111803 0.0585139 0.370175 0.283292 0.039803 0.103933 0.0956462 0.0187594 0.0187524 0.0063858 0.00265778 0.000755317 0.000166717 3.37858e-05 5.0254e-06 4.48311e-07 3.18157e-08 3.89741e-09
 2.56963e-27 2.60533e-27 4.7491e-26 9.47843e-20 2.32352e-14 6.88501e-10 2.4661e-06 0.00106773 0.0558809 0.353518 0.270596 0.0412601 0.123941 0.113925 0.0186684 0.0139241 0.00463059 0.00180682 0.000584193 0.000163052 2.7712e-05 3.81489e-06 3.54264e-07 1.76004e-08 7.46257e-10
 2.56951e-27 2.60503e-27 4.7249e-26 9.42738e-20 2.31101e-14 6.84793e-10 2.45282e-06 0.00106198 0.05558 0.351614 0.26914 0.0410981 0.123732 0.113803 0.0199419 0.0168396 0.00521024 0.001408 0.000423448 0.000117508 2.47255e-05 3.3576e-06 2.7675e-07 1.33615e-08 3.07928e-10
 2.57007e-27 2.60655e-27 4.85934e-26 9.711e-20 2.38053e-14 7.05395e-10 2.52661e-06 0.00109392 0.057252 0.362192 0.277211 0.0407253 0.115224 0.105942 0.018349 0.0151929 0.00482091 0.00149457 0.0004002 8.11044e-05 1.60643e-05 2.49628e-06 2.17971e-07 9.50001e-09 1.90499e-10
 2.57034e-27 2.60725e-27 4.91899e-26 9.83682e-20 2.41138e-14 7.14534e-10 2.55934e-06 0.0011081 0.0579938 0.366885 0.280794 0.0407295 0.112738 0.103606 0.0171874 0.0131279 0.00413809 0.00125074 0.000349418 7.60748e-05 1.17703e-05 1.53457e-06 1.45878e-07 6.76426e-09 1.24583e-10
 2.57007e-27 2.60651e-27 4.85283e-26 9.69724e-20 2.37716e-14 7.04396e-10 2.52303e-06 0.00109237 0.0571709 0.361679 0.276823 0.0409496 0.117204 0.107725 0.0178795 0.0136654 0.00423879 0.00116902 0.00031992 6.91815e-05 1.14042e-05 1.30516e-06 9.99993e-08 4.82845e-09 9.3297e-11
 2.56937e-27 2.60461e-27 4.68593e-26 9.34517e-20 2.29086e-14 6.78821e-10 2.43142e-06 0.00105271 0.0550952 0.348548 0.266803 0.0413856 0.127561 0.117297 0.0198432 0.0157355 0.00488557 0.0013479 0.000358163 7.15149e-05 1.15478e-05 1.36198e-06 9.57636e-08 3.80643e-09 7.40013e-11
 2.5688e-27 2.60309e-27 4.55179e-26 9.06218e-20 2.22149e-14 6.58266e-10 2.3578e-06 0.00102084 0.0534269 0.337993 0.258749 0.0417439 0.135946 0.125044 0.0213702 0.0172708 0.00539287 0.00153541 0.000409701 8.10197e-05 1.22994e-05 1.37925e-06 9.76994e-08 3.58464e-09 5.92822e-11
 2.56936e-27 2.60463e-27 4.68899e-26 9.35162e-20 2.29244e-14 6.7929e-10 2.4331e-06 0.00105344 0.0551333 0.348788 0.266984 0.0412392 0.12632 0.116182 0.0201887 0.0168079 0.00526622 0.00152513 0.000411833 8.35998e-05 1.26742e-05 1.35995e-06 9.06794e-08 3.2817e-09 5.00481e-11
 2.56972e-27 2.60556e-27 4.76815e-26 9.51861e-20 2.33337e-14 6.9142e-10 2.47655e-06 0.00107225 0.0561178 0.355016 0.271741 0.0413008 0.123447 0.11346 0.0184349 0.0134915 0.00423534 0.00125579 0.000341846 7.05562e-05 1.09336e-05 1.18578e-06 7.62825e-08 2.60429e-09 3.85208e-11
 2.56965e-27 2.60537e-27 4.75169e-26 9.48389e-20 2.32486e-14 6.88898e-10 2.46752e-06 0.00106834 0.0559131 0.353722 0.270752 0.0413105 0.124215 0.114183 0.0188162 0.0141728 0.00434735 0.00112 0.00030158 6.36166e-05 1.00091e-05 1.10944e-06 7.23963e-08 2.39846e-09 3.36141e-11
 2.56985e-27 2.60592e-27 4.79987e-26 9.58551e-20 2.34977e-14 6.9628e-10 2.49396e-06 0.00107979 0.0565122 0.357512 0.273645 0.0412099 0.121417 0.111591 0.0181625 0.0133355 0.00410616 0.00108473 0.000280612 5.26682e-05 8.2742e-06 9.35982e-07 6.24527e-08 2.09718e-09 2.86473e-11
 2.57057e-27 2.60786e-27 4.97121e-26 9.94698e-20 2.43838e-14 7.22536e-10 2.588e-06 0.00112051 0.0586433 0.370993 0.283931 0.0406806 0.110163 0.10121 0.0164079 0.0119457 0.00366226 0.000942408 0.000244749 4.63105e-05 6.67697e-06 7.12335e-07 4.83217e-08 1.66011e-09 2.29447e-11
 2.57102e-27 2.60907e-27 5.07645e-26 1.0169e-19 2.4928e-14 7.38662e-10 2.64576e-06 0.00114551 0.0599521 0.379273 0.290251 0.0405515 0.104739 0.0961614 0.0147282 0.00938393 0.00286165 0.000723531 0.000185952 3.44666e-05 4.99423e-06 5.0724e-07 3.18618e-08 1.09651e-09 1.54884e-11
 2.5712e-27 2.60955e-27 5.11772e-26 1.0256e-19 2.51415e-14 7.44986e-10 2.66842e-06 0.00115532 0.0604654 0.38252 0.29273 0.0405243 0.102791 0.0943435 0.0140398 0.00826767 0.00246381 0.000534517 0.000133331 2.42689e-05 3.45304e-06 3.47414e-07 2.10442e-08 6.74114e-10 9.41719e-12
 2.57082e-27 2.6085e-27 5.02424e-26 1.00588e-19 2.4658e-14 7.30661e-10 2.61711e-06 0.00113311 0.0593027 0.375165 0.287119 0.0408311 0.109069 0.100131 0.0149778 0.00894828 0.00264258 0.000529925 0.000125165 1.99286e-05 2.7332e-06 2.69338e-07 1.60466e-08 4.96159e-10 6.51221e-12
 2.57119e-27 2.60952e-27 5.11567e-26 1.02517e-19 2.51309e-14 7.44672e-10 2.66729e-06 0.00115483 0.0604399 0.382359 0.292606 0.0404913 0.102627 0.0942026 0.0142064 0.00868177 0.00256793 0.000519254 0.000120613 1.77115e-05 2.18547e-06 1.95891e-07 1.13308e-08 3.43127e-10 4.34376e-12
 2.5717e-27 2.6109e-27 5.23713e-26 1.05079e-19 2.5759e-14 7.63284e-10 2.73395e-06 0.0011837 0.0619505 0.391916 0.299898 0.0401523 0.0949239 0.0870875 0.0128246 0.00732241 0.00216821 0.000448299 0.000104774 1.54181e-05 1.81378e-06 1.45896e-07 7.52789e-09 2.17239e-10 2.68287e-12
 2.5717e-27 2.6109e-27 5.23641e-26 1.05064e-19 2.57552e-14 7.63174e-10 2.73356e-06 0.00118353 0.0619415 0.391859 0.299857 0.040262 0.0957878 0.0878597 0.0125088 0.0064067 0.00187513 0.000359259 8.31352e-05 1.24742e-05 1.47655e-06 1.15565e-07 5.39016e-09 1.37964e-10 1.5994e-12
 2.57138e-27 2.61002e-27 5.15733e-26 1.03396e-19 2.53463e-14 7.51055e-10 2.69015e-06 0.00116473 0.060958 0.385637 0.29511 0.0405672 0.101445 0.0930654 0.0131602 0.00658004 0.00190164 0.000324586 7.19852e-05 1.01062e-05 1.19276e-06 9.46362e-08 4.32893e-09 1.01242e-10 1.04201e-12
 2.57057e-27 2.60783e-27 4.96507e-26 9.93402e-20 2.43521e-14 7.21595e-10 2.58463e-06 0.00111905 0.0585669 0.37051 0.283567 0.0410395 0.113149 0.103892 0.0155568 0.0093187 0.00270458 0.000459916 9.95825e-05 1.25744e-05 1.38959e-06 1.05868e-07 4.88177e-09 1.12436e-10 1.06789e-12
#obs catch len freq
 1.74793e-41 2.42602e-33 4.07015e-26 8.25418e-20 2.02341e-14 5.99575e-10 2.14758e-06 0.000929828 0.0486635 0.307859 0.235815 0.0441266 0.154197 0.130657 0.0370228 0.0285522 0.00875251 0.00279242 0.000558963 6.74796e-05 3.58144e-06 6.0502e-08 2.41081e-10 1.82023e-13 2.25649e-17
 1.76598e-41 2.45106e-33 4.11216e-26 8.33937e-20 2.0443e-14 6.05763e-10 2.16975e-06 0.000939425 0.0491658 0.311037 0.238298 0.0459682 0.155907 0.125062 0.0364182 0.0265363 0.00784956 0.00234082 0.000427566 4.48e-05 1.9556e-06 2.57817e-08 7.70637e-11 4.25124e-14 3.78539e-18
 2.18355e-41 3.03063e-33 5.08451e-26 1.03113e-19 2.52769e-14 7.49001e-10 2.6828e-06 0.00116156 0.0607914 0.384584 0.294413 0.0432924 0.0985526 0.0744986 0.0220151 0.0149818 0.00429455 0.00119516 0.00019872 1.79753e-05 6.39925e-07 6.5358e-09 1.45899e-11 5.87163e-15 3.75941e-19
 1.74291e-41 2.41904e-33 4.05844e-26 8.23043e-20 2.01759e-14 5.9785e-10 2.1414e-06 0.000927153 0.0485235 0.306975 0.235422 0.0537155 0.183133 0.128496 0.0253645 0.0128662 0.00352074 0.000906566 0.000136993 1.06519e-05 3.0758e-07 2.42051e-09 4.01918e-12 1.1774e-15 5.41666e-20
 2.10616e-41 2.9232e-33 4.90428e-26 9.94579e-20 2.43809e-14 7.22451e-10 2.5877e-06 0.00112039 0.0586365 0.370952 0.284151 0.0474805 0.11374 0.0768551 0.0274694 0.0160472 0.00291624 0.000550313 7.37437e-05 4.90112e-06 1.14359e-07 6.91441e-10 8.52141e-13 1.81417e-16 5.9911e-21
 2.38863e-41 3.31527e-33 5.56205e-26 1.12797e-19 2.76509e-14 8.19347e-10 2.93477e-06 0.00127065 0.0665009 0.420704 0.322095 0.0453591 0.0779199 0.0480255 0.010934 0.00538651 0.00150096 0.000274833 2.37743e-05 1.23039e-06 2.29572e-08 1.06462e-10 9.736e-14 1.50641e-17 3.57082e-22
 1.35465e-41 1.88017e-33 3.15437e-26 6.39701e-20 1.56815e-14 4.64672e-10 1.66438e-06 0.000720618 0.0377143 0.238596 0.183994 0.0756457 0.271206 0.154523 0.0260791 0.00943015 0.00173764 0.000319364 3.06703e-05 1.09446e-06 1.42535e-08 4.94711e-11 3.35192e-14 3.77387e-18 6.42981e-23
 2.24679e-41 3.1184e-33 5.23177e-26 1.06099e-19 2.6009e-14 7.70693e-10 2.7605e-06 0.0011952 0.062552 0.395723 0.303182 0.0481203 0.0865362 0.0522084 0.0331203 0.0151715 0.00194767 0.000222893 1.71217e-05 5.88113e-07 5.60897e-09 1.29825e-11 6.20127e-15 5.03256e-19 6.16427e-24
 2.02665e-41 2.81285e-33 4.71914e-26 9.57033e-20 2.34605e-14 6.95179e-10 2.49002e-06 0.00107809 0.056423 0.356952 0.274128 0.0633026 0.150431 0.0744665 0.0144126 0.00635329 0.00216931 0.000268815 1.23285e-05 2.95321e-07 2.34613e-09 4.07238e-12 1.30773e-15 7.15854e-20 6.1034e-25
 2.06798e-41 2.87022e-33 4.81538e-26 9.7655e-20 2.3939e-14 7.09356e-10 2.5408e-06 0.00110008 0.0575737 0.364232 0.279788 0.0636227 0.138065 0.066445 0.0209242 0.00702012 0.0010346 0.000180792 1.18551e-05 1.9682e-07 9.92702e-10 1.2769e-12 3.07187e-16 1.17962e-20 6.78007e-26
 2.02508e-41 2.81067e-33 4.71549e-26 9.56291e-20 2.34424e-14 6.9464e-10 2.48809e-06 0.00107726 0.0563793 0.356678 0.274349 0.0693917 0.148048 0.0661952 0.0199503 0.00665441 0.00115167 0.000115821 6.76389e-06 1.37733e-07 5.65881e-10 4.64474e-13 7.5042e-17 2.07054e-21 8.5848e-27
 2.14732e-41 2.98034e-33 5.00013e-26 1.01402e-19 2.48574e-14 7.36571e-10 2.63828e-06 0.00114228 0.0597826 0.378209 0.290828 0.0676216 0.125837 0.053225 0.0172163 0.00520062 0.000847498 8.44051e-05 3.52302e-06 5.4687e-08 2.23133e-10 1.61277e-13 1.84293e-17 3.31874e-22 9.21935e-28
 2.0911e-41 2.90231e-33 4.86923e-26 9.87469e-20 2.42067e-14 7.17287e-10 2.56921e-06 0.00111238 0.0582174 0.36831 0.28377 0.0753633 0.138949 0.0539177 0.0153765 0.00424568 0.000673345 5.99582e-05 2.21866e-06 2.56338e-08 7.50087e-11 4.51848e-14 4.46858e-18 6.3817e-23 1.26364e-28
 2.04137e-41 2.83329e-33 4.75344e-26 9.63988e-20 2.3631e-14 7.00231e-10 2.50811e-06 0.00108593 0.056833 0.359557 0.27762 0.0820634 0.145986 0.0545684 0.0174158 0.00424647 0.000574935 4.56921e-05 1.45999e-06 1.38123e-08 3.01237e-11 1.27351e-14 9.27432e-19 1.04385e-23 1.66084e-29
 1.92814e-41 2.67614e-33 4.48977e-26 9.10517e-20 2.23203e-14 6.6139e-10 2.36899e-06 0.00102569 0.0536806 0.339621 0.26331 0.0938386 0.164365 0.05902 0.0198372 0.00464739 0.000610574 4.00725e-05 1.0496e-06 8.07106e-09 1.37487e-11 4.31953e-15 2.2289e-19 1.75491e-24 2.00155e-30
 1.75836e-41 2.44049e-33 4.09444e-26 8.30343e-20 2.03549e-14 6.03152e-10 2.16039e-06 0.000935376 0.0489539 0.30973 0.24182 0.109655 0.188715 0.0679254 0.0257162 0.00576279 0.000739461 4.42164e-05 9.43165e-07 5.59154e-09 7.32014e-12 1.74168e-15 6.65047e-20 3.77746e-25 3.04032e-31
 1.97251e-41 2.73772e-33 4.59309e-26 9.31469e-20 2.28339e-14 6.76609e-10 2.4235e-06 0.00104929 0.0549159 0.347447 0.270244 0.0976442 0.143976 0.0546699 0.0238679 0.00543826 0.000705346 3.88577e-05 7.1517e-07 3.35029e-09 3.27517e-12 5.75047e-16 1.61891e-20 6.74183e-26 3.94082e-32
 1.91913e-41 2.66362e-33 4.46878e-26 9.06259e-20 2.22159e-14 6.58297e-10 2.35791e-06 0.00102089 0.0534296 0.338061 0.264552 0.111947 0.157099 0.0509452 0.0180008 0.00432227 0.00058804 3.1108e-05 5.03784e-07 1.93617e-09 1.46292e-12 1.89847e-16 3.86845e-21 1.16115e-26 4.89701e-33
 1.90171e-41 2.63945e-33 4.42823e-26 8.98037e-20 2.20143e-14 6.52324e-10 2.33652e-06 0.00101163 0.0529449 0.33501 0.263371 0.118809 0.155075 0.0515515 0.018279 0.00349663 0.000426157 2.21909e-05 3.26227e-07 1.05327e-09 6.31707e-13 6.25372e-17 9.43125e-22 2.05094e-27 6.19216e-34
 1.92005e-41 2.66491e-33 4.47093e-26 9.06696e-20 2.22266e-14 6.58615e-10 2.35905e-06 0.00102139 0.0534555 0.338258 0.266944 0.123188 0.147692 0.0488442 0.0170842 0.00317257 0.000323661 1.38417e-05 1.8012e-07 4.99005e-10 2.42984e-13 1.8744e-17 2.14096e-22 3.45508e-28 7.62152e-35
 2.00546e-41 2.78344e-33 4.6698e-26 9.47027e-20 2.32152e-14 6.8791e-10 2.46398e-06 0.00106682 0.0558332 0.353316 0.279096 0.121777 0.131158 0.0415859 0.0135395 0.00239361 0.000223493 7.82004e-06 7.92563e-08 1.77428e-10 7.01778e-14 4.28961e-18 3.77865e-23 4.60486e-29 7.55244e-36
 2.00361e-41 2.78088e-33 4.6655e-26 9.46155e-20 2.31939e-14 6.87277e-10 2.46171e-06 0.00106584 0.0557819 0.353024 0.28064 0.129887 0.129055 0.0377656 0.0108915 0.00173774 0.00014465 4.3316e-06 3.45184e-08 5.7991e-11 1.73631e-14 8.16797e-19 5.54445e-24 5.15696e-30 6.37487e-37
 2.04203e-41 2.8342e-33 4.75496e-26 9.64297e-20 2.36386e-14 7.00455e-10 2.50892e-06 0.00108627 0.0568515 0.359822 0.28705 0.131102 0.118869 0.0346181 0.00924299 0.00126406 8.85816e-05 2.20753e-06 1.41271e-08 1.81267e-11 3.9958e-15 1.37107e-19 6.83993e-25 4.72178e-31 4.35416e-38
 1.98319e-41 2.75253e-33 4.61795e-26 9.36511e-20 2.29575e-14 6.80271e-10 2.43662e-06 0.00105497 0.0552135 0.349526 0.282317 0.145426 0.1235 0.0337241 0.00816492 0.00101118 5.84281e-05 1.14899e-06 5.73927e-09 5.65136e-12 9.33317e-16 2.34492e-20 8.44022e-26 4.1829e-32 2.77493e-39
 2.0133e-41 2.79433e-33 4.68807e-26 9.5073e-20 2.3306e-14 6.906e-10 2.47362e-06 0.00107099 0.056052 0.35488 0.287881 0.14492 0.113631 0.0330414 0.00764799 0.000832496 4.05524e-05 6.28341e-07 2.36225e-09 1.73385e-12 2.12655e-16 3.93887e-21 1.03493e-26 3.70729e-33 1.76367e-40
 1.99876e-41 2.77414e-33 4.6542e-26 9.43862e-20 2.31377e-14 6.85612e-10 2.45575e-06 0.00106326 0.0556473 0.352409 0.289064 0.153308 0.11099 0.0302481 0.00656 0.000680441 2.80642e-05 3.44549e-07 9.80087e-10 5.27053e-13 4.68402e-17 6.28337e-22 1.19642e-27 3.10239e-34 1.06544e-41
 1.94629e-41 2.70133e-33 4.53203e-26 9.19088e-20 2.25303e-14 6.67616e-10 2.39129e-06 0.00103535 0.0541872 0.343301 0.286391 0.165744 0.112734 0.0301449 0.0058968 0.000543397 1.96526e-05 1.96294e-07 4.25592e-10 1.68874e-13 1.08581e-17 1.04231e-22 1.41515e-28 2.61787e-35 6.42449e-43
 1.86736e-41 2.59177e-33 4.34823e-26 8.81813e-20 2.16166e-14 6.4054e-10 2.29431e-06 0.000993357 0.0519903 0.329584 0.281347 0.180486 0.117073 0.0321458 0.00588481 0.000478698 1.44658e-05 1.17886e-07 2.00075e-10 5.94914e-14 2.79103e-18 1.92787e-23 1.86803e-29 2.45387e-36 4.26562e-44
#spawning biomass
 6404.01 8193.86 10262.8 12023.7 19367.4 30229.8 28202.6 32842.3 45595.7 57316.5 70799.7 90212.5 120768 148252 143184 128166 108100 104967 96457.1 98767.3 102546 107987 117281 120742 132943 143483 144176 168860 225569 230157 128940 66263.9 37009.8 24955.8 20356.5 18690.6 18109 17911.3 17845.5 17823.8 17816.8 17814.5 17813.8 17813.6 17813.5 17813.5 17813.5 17813.5 17813.5 17813.5 17813.5 17813.5 17813.5 17813.5 17813.5 17813.5 17813.5 17813.5 17813.5 17813.5 17813.5 17813.5 17813.5 17813.5 17813.5 17813.5 17813.5 17813.5 17813.5 17813.5 17813.5 17813.5 17813.5 17813.5 17813.5 17813.5 17813.5 17813.5 17813.5 17813.5 17813.5 17813.5 17813.5 17813.5 17813.5 17813.5 17813.5 17813.5 17813.5 17813.5 17813.5 17813.5 17813.5 17813.5 17813.5 17813.5 17813.5 17813.5 17813.5 17813.5 17813.5 17813.5 17813.5 17813.5 17813.5 17813.5 17813.5 17813.5 17813.5 17813.5 17813.5 17813.5 17813.5 17813.5 17813.5 17813.5 17813.5 17813.5 17813.5 17813.5 17813.5 17813.5 17813.5 17813.5 17813.5 17813.5 17813.5 17813.5 0 0 0 0 0 0 0 0 0 0 0 0 0 0 0 0 0 0 0 0 0 0 0 0 0
