SBPRF35
0.0418769
Curr Bio
2.704e+06
B35
1.50943e+06
F35
1.12916e+08
FOFL
1.12916e+08
OFL
4.29378e+06
Bzero
4528.12
#pred survey bio
 38116.7 20110.6 12609.3 17517.8 25320.3 49736.4 75215.2 122628 123198 153966 148951 175763 206960 240501 194196 180022 208928 193371 170032 193372 204254 171664 216384 216383 232711 206428 262273 218735 5.35527e+06 267800 23780.3 7707.86 7233.23 7222.16 7221.92 7221.91 7221.91 7221.91 7221.91 7221.91 7221.91 7221.91 7221.91 7221.91 7221.91 7221.91 7221.91 7221.91 7221.91 7221.91 7221.91 7221.91 7221.91 7221.91 7221.91 7221.91 7221.91 7221.91 7221.91 7221.91 7221.91 7221.91 7221.91 7221.91 7221.91 7221.91 7221.91 7221.91 7221.91 7221.91 7221.91 7221.91 7221.91 7221.91 7221.91 7221.91 7221.91 7221.91 7221.91 7221.91 7221.91 7221.91 7221.91 7221.91 7221.91 7221.91 7221.91 7221.91 7221.91 7221.91 7221.91 7221.91 7221.91 7221.91 7221.91 7221.91 7221.91 7221.91 7221.91 7221.91 7221.91 7221.91 7221.91 7221.91 7221.91 7221.91 7221.91 7221.91 7221.91 7221.91 7221.91 7221.91 7221.91 7221.91 7221.91 7221.91 7221.91 7221.91 7221.91 7221.91 7221.91 7221.91 7221.91 7221.91 7221.91 7221.91 7221.91 7221.91 0 0 0 0 0 0 0 0 0 0 0 0 0 0 0 0 0 0 0 0 0 0 0 0 0
#obs survey bio
 32672.5 23126.7 12594.4 17863.2 27301.1 48792.2 101031 136976 98070 156205 118809 222627 229232 242482 178618 146154 184081 206356 143372 202771 189255 165405 231801 203550 251190 192143 247019 200696
#pred catch bio
 40255.3 19485.7 11873.5 8987.71 11691.3 18768.7 31758 72042.7 92173.6 125530 116101 117274 158950 205027 213650 249551 186219 193051 191689 204035 172875 172655 183032 208435 202532 197735 193012 234199 4.29378e+06 6611.8 6611.8 6611.8 6611.8 6611.8 6611.8 6611.8 6611.8 6611.8 6611.8 6611.8 6611.8 6611.8 6611.8 6611.8 6611.8 6611.8 6611.8 6611.8 6611.8 6611.8 6611.8 6611.8 6611.8 6611.8 6611.8 6611.8 6611.8 6611.8 6611.8 6611.8 6611.8 6611.8 6611.8 6611.8 6611.8 6611.8 6611.8 6611.8 6611.8 6611.8 6611.8 6611.8 6611.8 6611.8 6611.8 6611.8 6611.8 6611.8 6611.8 6611.8 6611.8 6611.8 6611.8 6611.8 6611.8 6611.8 6611.8 6611.8 6611.8 6611.8 6611.8 6611.8 6611.8 6611.8 6611.8 6611.8 6611.8 6611.8 6611.8 6611.8 6611.8 6611.8 6611.8 6611.8 6611.8 6611.8 6611.8 6611.8 6611.8 6611.8 6611.8 6611.8 6611.8 6611.8 6611.8 6611.8 6611.8 6611.8 6611.8 6611.8 6611.8 6611.8 6611.8 6611.8 6611.8 6611.8 6611.8 6611.8 0 0 0 0 0 0 0 0 0 0 0 0 0 0 0 0 0 0 0 0 0 0 0 0 0
#obs catch bio
 18680.9 19222 12058.5 9564.66 11534.5 18721.2 31346.8 72458.6 91789.9 125043 117174 115763 158342 203906 211859 254267 182600 193304 191811 204120 171168 173658 181636 209104 201586 198969 190808 235665
#pred cpue bio
 39689.1 21630.8 13683.4 18561.2 25891.5 51419.4 76857.9 126238 127160 160106 153814 179157 210801 244586 198178 183777 211901 194790 170647 193685 204021 170503 214251 213587 229759 203167 257400 214146 5.28298e+06 294290 25165.5 7563.9 7075.39 7064.26 7064.01 7064 7064 7064 7064 7064 7064 7064 7064 7064 7064 7064 7064 7064 7064 7064 7064 7064 7064 7064 7064 7064 7064 7064 7064 7064 7064 7064 7064 7064 7064 7064 7064 7064 7064 7064 7064 7064 7064 7064 7064 7064 7064 7064 7064 7064 7064 7064 7064 7064 7064 7064 7064 7064 7064 7064 7064 7064 7064 7064 7064 7064 7064 7064 7064 7064 7064 7064 7064 7064 7064 7064 7064 7064 7064 7064 7064 7064 7064 7064 7064 7064 7064 7064 7064 7064 7064 7064 7064 7064 7064 7064 7064 7064 0 0 0 0 0 0 0 0 0 0 0 0 0 0 0 0 0 0 0 0 0 0 0 0 0
#obs cpue bio
 36034.9 29173.8 7213.29 18735.4 25207.1 53929.1 59702.2 121607 153662 164151 180121 149800 194121 262819 216518 205502 261432 186821 194941 186073 234315 165686 211454 223484 221151 204204 300598 223378
#pred surv len freq
 4.11013e-12 4.46116e-10 2.85513e-08 1.07744e-06 2.39748e-05 0.000314582 0.0024348 0.0111331 0.0303108 0.0510417 0.0620013 0.0752267 0.09776 0.10915 0.10586 0.0985994 0.0854402 0.068285 0.0526373 0.0403226 0.0318459 0.0267615 0.0230135 0.0176105 0.0102261
 6.85986e-12 7.44572e-10 4.76525e-08 1.79826e-06 4.0014e-05 0.000525034 0.00406343 0.0185747 0.0504984 0.0844524 0.0999053 0.1149 0.141901 0.148112 0.125687 0.0953496 0.0611832 0.0303553 0.0124957 0.00518451 0.00257244 0.00162097 0.00120308 0.000871349 0.000503051
 4.53016e-12 4.91706e-10 3.14691e-08 1.18755e-06 2.64252e-05 0.000346753 0.00268451 0.0122915 0.0336924 0.0585585 0.0793292 0.113913 0.159457 0.171367 0.14473 0.108107 0.0678149 0.0319179 0.0113225 0.00325757 0.000812709 0.000212071 8.39671e-05 4.80103e-05 2.59749e-05
 1.2787e-11 1.3879e-09 8.88256e-08 3.352e-06 7.45863e-05 0.000978605 0.00757148 0.0345568 0.0932094 0.149956 0.150493 0.112722 0.0910707 0.0886205 0.088858 0.0809836 0.056951 0.0287637 0.0109262 0.00330054 0.000784601 0.000145525 2.36699e-05 5.0291e-06 1.76752e-06
 1.90369e-11 2.06628e-09 1.32241e-07 4.99038e-06 0.000111042 0.00145691 0.0112716 0.0514313 0.138548 0.22146 0.215375 0.142183 0.085795 0.0575824 0.0354307 0.0191953 0.0104776 0.00565695 0.00267955 0.00100003 0.000275662 5.59278e-05 8.58171e-06 1.04852e-06 1.26609e-07
 1.74831e-11 1.89763e-09 1.21448e-07 4.58306e-06 0.000101979 0.001338 0.010352 0.0472436 0.127379 0.204516 0.203202 0.145789 0.103972 0.0772353 0.0458267 0.0207005 0.0081754 0.00293108 0.000897608 0.00024878 6.68449e-05 1.58828e-05 2.92896e-06 3.93974e-07 3.87646e-08
 1.92552e-11 2.08997e-09 1.33758e-07 5.04759e-06 0.000112315 0.00147361 0.0114008 0.052021 0.140137 0.224003 0.217865 0.143861 0.0867866 0.0579695 0.0349177 0.0175677 0.00790773 0.00295205 0.00081615 0.000169763 2.94029e-05 4.62269e-06 6.89122e-07 9.36981e-08 1.02661e-08
 1.81366e-11 1.96855e-09 1.25987e-07 4.75436e-06 0.00010579 0.00138801 0.0107388 0.0490057 0.132089 0.211747 0.208822 0.145665 0.0985287 0.0707236 0.0415564 0.018731 0.00736777 0.00259035 0.000736842 0.000165359 2.96627e-05 4.1314e-06 4.42014e-07 3.89004e-08 3.09671e-09
 1.7787e-11 1.9306e-09 1.23558e-07 4.66271e-06 0.000103751 0.00136125 0.0105318 0.0480625 0.129564 0.207837 0.20562 0.145197 0.100647 0.0737603 0.0442565 0.02071 0.00846501 0.00294378 0.000765541 0.000145365 2.17661e-05 2.71565e-06 2.76588e-07 2.22016e-08 1.38366e-09
 1.66019e-11 1.80198e-09 1.15326e-07 4.35206e-06 9.68388e-05 0.00127057 0.00983042 0.044867 0.121022 0.194721 0.195415 0.145391 0.110486 0.0856107 0.0521694 0.0244921 0.0100219 0.00349063 0.000909579 0.0001722 2.50823e-05 2.88662e-06 2.54722e-07 1.71219e-08 9.06724e-10
 1.77484e-11 1.92642e-09 1.2329e-07 4.6526e-06 0.000103526 0.0013583 0.010509 0.0479581 0.12928 0.207363 0.205063 0.144586 0.100033 0.0735489 0.0448294 0.021749 0.00928238 0.00329792 0.000852369 0.000156096 2.162e-05 2.36839e-06 1.99744e-07 1.2595e-08 5.97615e-10
 1.9507e-11 2.11729e-09 1.35506e-07 5.11359e-06 0.000113784 0.00149288 0.0115498 0.0527008 0.141964 0.226893 0.220522 0.145168 0.0867492 0.0568058 0.0326451 0.0148497 0.00589536 0.00201324 0.000519283 9.73995e-05 1.39789e-05 1.56726e-06 1.31586e-07 8.04433e-09 3.63334e-10
 1.95559e-11 2.1226e-09 1.35846e-07 5.12641e-06 0.000114069 0.00149662 0.0115788 0.0528332 0.142324 0.227493 0.221224 0.14593 0.0875137 0.0570786 0.0319565 0.0135776 0.00487041 0.00154092 0.000382264 6.98534e-05 9.80928e-06 1.09212e-06 9.31956e-08 5.90055e-09 2.76564e-10
 1.97436e-11 2.14297e-09 1.3715e-07 5.17561e-06 0.000115164 0.00151098 0.0116899 0.0533394 0.143678 0.229578 0.222877 0.146003 0.0861145 0.0553128 0.0306723 0.0128442 0.00449283 0.00137738 0.000326547 5.49585e-05 6.80676e-06 6.65732e-07 5.16955e-08 3.07934e-09 1.39148e-10
 1.9286e-11 2.09331e-09 1.33972e-07 5.05567e-06 0.000112495 0.00147597 0.0114191 0.0521059 0.140384 0.224548 0.219095 0.146512 0.0905741 0.0603205 0.0335285 0.0136793 0.00455111 0.00132973 0.000303999 4.88499e-05 5.59677e-06 4.91495e-07 3.38212e-08 1.75672e-09 6.78385e-11
 1.92381e-11 2.08811e-09 1.33639e-07 5.04311e-06 0.000112215 0.0014723 0.0113907 0.0519767 0.140039 0.224024 0.218713 0.146604 0.0911002 0.0608863 0.0338164 0.0137171 0.0045086 0.00129604 0.000289375 4.43359e-05 4.62451e-06 3.53344e-07 2.1038e-08 9.59045e-10 3.21696e-11
 2.004e-11 2.17515e-09 1.3921e-07 5.25333e-06 0.000116893 0.00153367 0.0118654 0.0541393 0.14582 0.232899 0.225617 0.146469 0.0844351 0.0528575 0.0284517 0.0111533 0.00346174 0.000939474 0.000201956 2.98108e-05 2.91146e-06 1.98743e-07 1.02752e-08 4.07984e-10 1.18357e-11
 2.08402e-11 2.26201e-09 1.44768e-07 5.4631e-06 0.000121561 0.00159491 0.012339 0.0562968 0.151584 0.241723 0.232354 0.145913 0.0771451 0.0444323 0.0233022 0.00921003 0.0029418 0.000824516 0.000181764 2.76891e-05 2.87052e-06 2.1627e-07 1.24626e-08 5.31255e-10 1.57405e-11
 2.12215e-11 2.30339e-09 1.47416e-07 5.56304e-06 0.000123784 0.00162408 0.0125646 0.0573249 0.154333 0.245957 0.235703 0.146034 0.0742572 0.0407956 0.020659 0.00771798 0.00221426 0.000552829 0.000113996 1.67907e-05 1.68707e-06 1.22041e-07 6.77783e-09 2.85228e-10 8.59709e-12
 2.14252e-11 2.3255e-09 1.48832e-07 5.61645e-06 0.000124973 0.00163967 0.0126852 0.0578744 0.155802 0.248213 0.237465 0.146019 0.072593 0.0387746 0.0192866 0.00703839 0.00192427 0.000451261 8.87619e-05 1.25569e-05 1.18274e-06 7.64642e-08 3.68352e-09 1.37446e-10 3.81778e-12
 2.17098e-11 2.35639e-09 1.50808e-07 5.69104e-06 0.000126632 0.00166145 0.0128536 0.0586416 0.157852 0.251353 0.239871 0.145851 0.070046 0.0358083 0.0174418 0.00630463 0.00170237 0.000392846 7.63402e-05 1.07016e-05 9.94225e-07 6.25814e-08 2.88883e-09 1.02344e-10 2.676e-12
 2.22687e-11 2.41705e-09 1.54691e-07 5.83755e-06 0.000129892 0.00170422 0.0131844 0.0601486 0.161878 0.257517 0.24458 0.145475 0.0649733 0.0299365 0.0138404 0.00493026 0.00132341 0.00030403 5.9019e-05 8.31142e-06 7.82775e-07 5.06713e-08 2.43489e-09 8.9402e-11 2.38207e-12
 2.25567e-11 2.44831e-09 1.56692e-07 5.91305e-06 0.000131572 0.00172626 0.0133549 0.0609251 0.163953 0.260701 0.247041 0.145375 0.0625005 0.0270016 0.0119383 0.00408511 0.0010126 0.00020656 3.65928e-05 4.92318e-06 4.49205e-07 2.78411e-08 1.26094e-09 4.38928e-11 1.13534e-12
 2.28407e-11 2.47914e-09 1.58664e-07 5.9875e-06 0.000133229 0.00174799 0.013523 0.0616908 0.165999 0.263832 0.249432 0.145179 0.0599154 0.0240133 0.010111 0.00339422 0.000826169 0.000164003 2.83477e-05 3.75172e-06 3.35974e-07 2.01277e-08 8.63716e-10 2.836e-11 7.01254e-13
 2.28152e-11 2.47637e-09 1.58487e-07 5.98081e-06 0.00013308 0.00174604 0.0135079 0.0616221 0.165816 0.263555 0.249233 0.145241 0.0602144 0.0243246 0.0102531 0.00339123 0.000788138 0.000143412 2.27798e-05 2.87536e-06 2.49756e-07 1.43513e-08 5.75121e-10 1.73755e-11 3.99797e-13
 2.30987e-11 2.50714e-09 1.60456e-07 6.05513e-06 0.000134734 0.00176773 0.0136757 0.0623864 0.167857 0.266678 0.251609 0.145015 0.0575884 0.0213124 0.00844402 0.00274589 0.000639388 0.000117607 1.88792e-05 2.38803e-06 2.05627e-07 1.15234e-08 4.39468e-10 1.23994e-11 2.6763e-13
 2.33429e-11 2.53365e-09 1.62153e-07 6.11916e-06 0.000136158 0.00178642 0.0138202 0.063045 0.169617 0.269372 0.253666 0.144846 0.0553649 0.0187421 0.00687231 0.00215171 0.000479198 8.11888e-05 1.19152e-05 1.43233e-06 1.2071e-07 6.66772e-09 2.49166e-10 6.82651e-12 1.42689e-13
 2.35503e-11 2.55616e-09 1.63594e-07 6.17352e-06 0.000137368 0.00180229 0.013943 0.0636041 0.17111 0.271657 0.255405 0.144686 0.0534505 0.0165428 0.00554681 0.00167329 0.000365079 5.99855e-05 8.48812e-06 9.97523e-07 8.32625e-08 4.57349e-09 1.69719e-10 4.60657e-12 9.54863e-14
#obs surv len freq
 4.69383e-11 4.35008e-09 2.37713e-07 7.65945e-06 0.000145523 0.0016303 0.0107715 0.0420072 0.0971339 0.136342 0.129573 0.114481 0.117529 0.112717 0.0919993 0.0674686 0.0427963 0.0221417 0.00922675 0.0030603 0.000789389 0.000154014 2.19268e-05 2.18655e-06 1.47065e-07
 2.67647e-11 2.39238e-09 1.26091e-07 3.91858e-06 7.18078e-05 0.000776011 0.00494884 0.0186897 0.0425722 0.0638148 0.0832171 0.122719 0.164987 0.167094 0.13571 0.0959814 0.0568512 0.0272308 0.0107718 0.00349326 0.000880405 0.000163402 2.15051e-05 1.95007e-06 1.18737e-07
 1.36186e-11 1.17206e-09 5.94781e-08 1.77973e-06 3.14024e-05 0.000326803 0.0020085 0.00733901 0.0164999 0.0264901 0.0430667 0.0789616 0.127627 0.171567 0.19271 0.165103 0.100902 0.0452582 0.0160834 0.00470592 0.00109922 0.000192888 2.40368e-05 2.03972e-06 1.1451e-07
 2.66433e-10 2.2042e-08 1.07523e-06 3.09271e-05 0.000524523 0.00524537 0.0309299 0.107543 0.220519 0.26688 0.19148 0.0837787 0.0272578 0.0146797 0.0155865 0.0151625 0.0110493 0.00600284 0.00242318 0.000719923 0.000157244 2.5119e-05 2.86498e-06 2.24918e-07 1.17342e-08
 1.82012e-10 1.44526e-08 6.76671e-07 1.86809e-05 0.000304098 0.0029192 0.0165329 0.0553782 0.111119 0.142156 0.145225 0.161184 0.167949 0.120699 0.0540028 0.015814 0.00414309 0.00157245 0.000684914 0.000232262 5.48597e-05 8.80696e-06 9.52338e-07 6.87686e-08 3.2735e-09
 4.43392e-10 3.37433e-08 1.51417e-06 4.00634e-05 0.000625043 0.00575 0.0311933 0.0998392 0.189013 0.214496 0.155866 0.0930993 0.0673877 0.0566457 0.0439525 0.0270213 0.0114137 0.00305788 0.00052244 6.57294e-05 8.28446e-06 1.10205e-06 1.16504e-07 8.26857e-09 3.75933e-10
 5.33415e-10 3.88535e-08 1.66871e-06 4.22592e-05 0.000631035 0.00555651 0.0288597 0.0885491 0.161777 0.183098 0.151102 0.127176 0.112356 0.0777554 0.0390725 0.0160092 0.00580652 0.00174347 0.000393537 6.27128e-05 6.8136e-06 5.12632e-07 2.92066e-08 1.38187e-09 5.20538e-11
 7.59332e-10 5.28698e-08 2.17055e-06 5.25438e-05 0.000750008 0.00631291 0.0313439 0.0919539 0.1608 0.17507 0.141492 0.119752 0.108197 0.0810558 0.0484668 0.0236073 0.00860094 0.00213624 0.000358067 4.33852e-05 4.12823e-06 3.07771e-07 1.66183e-08 6.10167e-10 1.50502e-11
 1.07206e-09 7.12666e-08 2.79345e-06 6.45629e-05 0.000879876 0.00707115 0.0335254 0.0939795 0.157552 0.166981 0.137827 0.123468 0.112644 0.082686 0.0485883 0.0234662 0.00860165 0.00221262 0.000395164 5.00429e-05 4.52991e-06 2.90575e-07 1.31466e-08 4.19483e-10 9.31304e-12
 1.21185e-09 7.68279e-08 2.87196e-06 6.33034e-05 0.000822773 0.00630682 0.028536 0.0765563 0.124578 0.136247 0.134398 0.147556 0.142516 0.103431 0.0593005 0.0275218 0.00948888 0.00225681 0.000370476 4.38002e-05 3.8284e-06 2.42909e-07 1.07576e-08 3.22006e-10 6.39087e-12
 2.73394e-09 1.65123e-07 5.88052e-06 0.000123484 0.00152898 0.0111639 0.048087 0.122432 0.186145 0.177645 0.129253 0.101869 0.0873582 0.0655295 0.0408123 0.0197247 0.00662399 0.00146001 0.000213459 2.17913e-05 1.63361e-06 9.08589e-08 3.64879e-09 1.02036e-10 1.92514e-12
 3.44217e-09 1.97868e-07 6.70665e-06 0.000134037 0.00157962 0.0109788 0.0450407 0.109552 0.161517 0.15941 0.14019 0.135755 0.114528 0.070561 0.0332314 0.0127724 0.0038023 0.000807319 0.000119613 1.25647e-05 9.40572e-07 4.93212e-08 1.77675e-09 4.35283e-11 7.20218e-13
 5.45788e-09 2.98328e-07 9.61504e-06 0.000182725 0.00204762 0.0135325 0.0527895 0.122078 0.171016 0.15994 0.132757 0.122858 0.102857 0.0667117 0.0344923 0.0139407 0.00396204 0.000731449 8.64583e-05 6.80154e-06 3.82695e-07 1.63128e-08 5.23078e-10 1.19504e-11 1.84623e-13
 7.92045e-09 4.1132e-07 1.2595e-05 0.000227408 0.00242117 0.0152038 0.0563745 0.124147 0.167082 0.155327 0.135815 0.129448 0.104643 0.0635633 0.030491 0.0115145 0.00310558 0.000554043 6.45094e-05 5.04062e-06 2.73599e-07 1.04356e-08 2.76437e-10 5.02256e-12 6.24241e-14
 9.86506e-09 4.86358e-07 1.41384e-05 0.000242348 0.00244967 0.0146073 0.0514849 0.108321 0.142595 0.140579 0.143182 0.148585 0.121066 0.073797 0.0356908 0.0132939 0.00344212 0.000580652 6.35549e-05 4.67155e-06 2.40241e-07 8.77011e-09 2.23211e-10 3.85076e-12 4.4073e-14
 1.71623e-08 8.0271e-07 2.21376e-05 0.000359995 0.00345211 0.0195272 0.0652677 0.129998 0.160705 0.144894 0.13207 0.127772 0.102806 0.0648231 0.0325934 0.0121415 0.00303054 0.000483455 4.95631e-05 3.38942e-06 1.61357e-07 5.44359e-09 1.2831e-10 2.05951e-12 2.2051e-14
 2.47926e-08 1.09944e-06 2.87482e-05 0.000443247 0.00403013 0.0216188 0.0685812 0.130167 0.156102 0.144144 0.139967 0.13522 0.102109 0.0587347 0.0269141 0.00932837 0.00222342 0.000348449 3.6239e-05 2.579e-06 1.27726e-07 4.35334e-09 9.97481e-11 1.51064e-12 1.50027e-14
 4.1094e-08 1.72692e-06 4.27915e-05 0.000625227 0.00538708 0.0273843 0.0823114 0.147933 0.167469 0.144573 0.130652 0.119947 0.0887717 0.0513541 0.0235493 0.00792403 0.00178698 0.000261147 2.5167e-05 1.66655e-06 7.81478e-08 2.58487e-09 5.86795e-11 8.88562e-13 8.78643e-15
 5.53921e-08 2.205e-06 5.17556e-05 0.000716325 0.00584693 0.0281659 0.0803609 0.138176 0.154724 0.143917 0.144311 0.133328 0.0927489 0.0490927 0.0205705 0.00641671 0.00136249 0.000189974 1.76566e-05 1.13141e-06 5.08999e-08 1.59135e-09 3.37935e-11 4.78361e-13 4.45496e-15
 8.37154e-08 3.15565e-06 7.01395e-05 0.000919268 0.00710558 0.0324186 0.0876591 0.143271 0.154293 0.141605 0.140918 0.127829 0.08866 0.0477614 0.0200794 0.00604433 0.0011976 0.000151809 1.25365e-05 7.04157e-07 2.79526e-08 7.89175e-10 1.54854e-11 2.05033e-13 1.78921e-15
 1.28153e-07 4.57336e-06 9.62349e-05 0.00119409 0.00873844 0.0377511 0.0967208 0.150231 0.155499 0.14024 0.137279 0.121063 0.0823551 0.0440137 0.0182489 0.00537118 0.00104786 0.000133874 1.14604e-05 6.7384e-07 2.72719e-08 7.46213e-10 1.35444e-11 1.61532e-13 1.26134e-15
 1.88727e-07 6.37529e-06 0.000126987 0.00149152 0.0103329 0.0422721 0.102717 0.152358 0.154457 0.142395 0.140486 0.119164 0.0763629 0.0381639 0.0147677 0.00406063 0.000741736 8.9115e-05 7.23956e-06 4.10206e-07 1.62995e-08 4.44766e-10 8.1075e-12 9.66047e-14 7.40757e-16
 2.78466e-07 8.90365e-06 0.000167864 0.00186624 0.0122384 0.0474083 0.109234 0.154605 0.152846 0.141829 0.139227 0.115136 0.0723184 0.035577 0.0133581 0.00350142 0.000604071 6.83396e-05 5.22244e-06 2.78004e-07 1.03691e-08 2.66064e-10 4.58575e-12 5.20937e-14 3.84253e-16
 3.77077e-07 1.14119e-05 0.000203648 0.00214309 0.0133053 0.0488362 0.107033 0.146543 0.147886 0.148286 0.149493 0.119104 0.0703869 0.0322939 0.0112614 0.00273211 0.000433582 4.46753e-05 3.07631e-06 1.46891e-07 4.94103e-09 1.15544e-10 1.83116e-12 1.92306e-14 1.31563e-16
 5.37691e-07 1.54033e-05 0.000260192 0.00259191 0.0152341 0.0529608 0.11018 0.144509 0.143459 0.144929 0.145812 0.117178 0.0722728 0.0348174 0.0123255 0.00294585 0.000457602 4.65838e-05 3.19923e-06 1.51354e-07 4.9165e-09 1.07612e-10 1.55957e-12 1.48083e-14 9.14309e-17
 8.03566e-07 2.1792e-05 0.000348476 0.0032863 0.018288 0.0602309 0.119015 0.149795 0.146525 0.14758 0.143466 0.108793 0.0627279 0.0281735 0.00931879 0.00209057 0.000306668 2.97198e-05 1.96154e-06 8.9937e-08 2.84598e-09 6.07508e-11 8.55414e-13 7.81725e-15 4.58028e-17
 1.07387e-06 2.75723e-05 0.000417448 0.00372752 0.0196471 0.061376 0.115784 0.142719 0.145068 0.1544 0.149626 0.109752 0.0609835 0.0262441 0.00822763 0.00173575 0.000238582 2.1637e-05 1.33642e-06 5.74276e-08 1.70839e-09 3.4426e-11 4.59618e-13 3.99751e-15 2.23455e-17
 1.66936e-06 4.05856e-05 0.00058184 0.00491954 0.0245536 0.0726363 0.129774 0.151482 0.145682 0.147066 0.137027 0.0989111 0.055042 0.0235028 0.00713869 0.00143671 0.000187559 1.61666e-05 9.48809e-07 3.85636e-08 1.07704e-09 2.0244e-11 2.51196e-13 2.02902e-15 1.0546e-17
#pred catch len freq
 5.93384e-12 6.44061e-10 4.12198e-08 1.55551e-06 3.46125e-05 0.000454159 0.00351491 0.0160674 0.0436829 0.0730627 0.0864635 0.0994512 0.122489 0.126801 0.106917 0.0847801 0.0649487 0.0470435 0.0337226 0.0248092 0.0192405 0.0160612 0.013786 0.0105451 0.00612284
 7.81822e-12 8.48592e-10 5.43098e-08 2.04949e-06 4.56042e-05 0.00059838 0.00463098 0.0211665 0.0575087 0.0958874 0.112092 0.125616 0.150766 0.150616 0.116943 0.0793402 0.0470352 0.0220254 0.00846069 0.00325848 0.0015419 0.000954645 0.000705542 0.00051061 0.000294751
 5.02931e-12 5.45883e-10 3.49365e-08 1.3184e-06 2.93367e-05 0.000384957 0.00298023 0.0136442 0.0373812 0.0648186 0.0871214 0.123471 0.170127 0.176643 0.138338 0.0938627 0.055043 0.0247513 0.00835188 0.00227361 0.000541711 0.000136543 5.29872e-05 3.01481e-05 1.63013e-05
 1.32327e-11 1.43628e-09 9.19219e-08 3.46885e-06 7.71862e-05 0.00101272 0.00783544 0.0357622 0.0964698 0.155274 0.156158 0.117697 0.095176 0.0897519 0.0847017 0.0733008 0.0499609 0.024512 0.00896598 0.00260642 0.000602741 0.000109768 1.75897e-05 3.69255e-06 1.29213e-06
 1.89873e-11 2.06089e-09 1.31896e-07 4.97736e-06 0.000110752 0.00145311 0.0112422 0.051298 0.138199 0.220983 0.215295 0.143156 0.0877215 0.059245 0.0357331 0.0183335 0.00930718 0.00473024 0.00214642 0.00078 0.000211594 4.2434e-05 6.45083e-06 7.82637e-07 9.40032e-08
 1.72573e-11 1.87311e-09 1.19879e-07 4.52385e-06 0.000100661 0.00132072 0.0102183 0.0466349 0.125756 0.20206 0.201465 0.1464 0.106723 0.0800851 0.0471153 0.020638 0.00776005 0.00266057 0.000782215 0.000206798 5.34396e-05 1.24483e-05 2.27638e-06 3.04964e-07 2.99339e-08
 1.91338e-11 2.07679e-09 1.32915e-07 5.01578e-06 0.000111607 0.00146432 0.011329 0.0516941 0.139267 0.222705 0.217033 0.144468 0.0886895 0.0597749 0.0354731 0.0171225 0.00733254 0.00264569 0.000712513 0.000143297 2.38318e-05 3.6201e-06 5.27946e-07 7.09954e-08 7.74432e-09
 1.81436e-11 1.96931e-09 1.26036e-07 4.7562e-06 0.000105831 0.00138855 0.0107429 0.0490251 0.132146 0.211877 0.209132 0.146351 0.0995193 0.0713533 0.0412268 0.017748 0.0064966 0.00214777 0.00058391 0.000125346 2.15992e-05 2.92639e-06 3.07399e-07 2.66619e-08 2.09974e-09
 1.79467e-11 1.94794e-09 1.24668e-07 4.70458e-06 0.000104683 0.00137348 0.0106264 0.0484939 0.130724 0.209676 0.207334 0.146103 0.100738 0.0730885 0.0427597 0.018857 0.0070928 0.00231941 0.000580704 0.000105992 1.51022e-05 1.80159e-06 1.78249e-07 1.40684e-08 8.67927e-10
 1.68799e-11 1.83215e-09 1.17257e-07 4.42493e-06 9.84601e-05 0.00129184 0.00999497 0.0456173 0.123037 0.197889 0.198239 0.14653 0.109979 0.0840074 0.0497668 0.0218981 0.00817914 0.00266206 0.000665674 0.000120976 1.67834e-05 1.8509e-06 1.58814e-07 1.04787e-08 5.47284e-10
 1.79869e-11 1.9523e-09 1.24947e-07 4.71511e-06 0.000104917 0.00137655 0.0106501 0.0486019 0.131009 0.210088 0.207522 0.145663 0.0997486 0.0722678 0.0427134 0.0193726 0.00757846 0.00253666 0.000633139 0.000111866 1.4792e-05 1.55056e-06 1.26929e-07 7.85513e-09 3.67799e-10
 1.95875e-11 2.12604e-09 1.36066e-07 5.13471e-06 0.000114253 0.00149904 0.0115975 0.0529184 0.14255 0.22783 0.221433 0.145752 0.0869886 0.0565936 0.0318318 0.013732 0.00504416 0.0016225 0.000403301 7.29195e-05 1.00177e-05 1.08102e-06 8.85494e-08 5.32837e-09 2.3776e-10
 1.9694e-11 2.13759e-09 1.36805e-07 5.16261e-06 0.000114874 0.00150719 0.0116605 0.0532059 0.143324 0.229057 0.222582 0.146373 0.0870742 0.0561585 0.0308174 0.0124644 0.00410903 0.00120454 0.000285081 5.00107e-05 6.6966e-06 7.14082e-07 5.92211e-08 3.68332e-09 1.70496e-10
 1.99463e-11 2.16498e-09 1.38558e-07 5.22877e-06 0.000116346 0.0015265 0.0118099 0.0538865 0.145143 0.231855 0.224777 0.146392 0.0850722 0.0536995 0.0291129 0.0115791 0.00370083 0.00104409 0.000235997 3.83255e-05 4.53868e-06 4.22252e-07 3.15526e-08 1.83507e-09 8.16422e-11
 1.96773e-11 2.13578e-09 1.3669e-07 5.15824e-06 0.000114777 0.00150591 0.0116507 0.0531613 0.143208 0.228908 0.222606 0.146836 0.0879138 0.0567854 0.030721 0.0118578 0.00355534 0.000935009 0.00020114 3.11099e-05 3.40975e-06 2.83608e-07 1.86294e-08 9.39301e-10 3.55828e-11
 1.98339e-11 2.15278e-09 1.37778e-07 5.1993e-06 0.000115691 0.0015179 0.0117434 0.0535837 0.144337 0.230645 0.223971 0.146857 0.0866836 0.0552649 0.0296538 0.0112913 0.003292 0.000835501 0.000173849 2.56658e-05 2.57684e-06 1.86552e-07 1.04898e-08 4.58938e-10 1.50143e-11
 2.02435e-11 2.19723e-09 1.40623e-07 5.30666e-06 0.00011808 0.00154924 0.0119858 0.054688 0.147288 0.235169 0.227455 0.146673 0.0831051 0.0510523 0.0269713 0.0101515 0.0029006 0.000717689 0.000146123 2.10047e-05 2.00192e-06 1.31624e-07 6.48688e-09 2.47382e-10 6.99875e-12
 2.10788e-11 2.2879e-09 1.46425e-07 5.52564e-06 0.000122952 0.00161316 0.0124802 0.0569402 0.153305 0.24438 0.234485 0.146086 0.0754847 0.0422511 0.0216005 0.00813431 0.00236628 0.000600271 0.000124907 1.84448e-05 1.85088e-06 1.33199e-07 7.31611e-09 3.01584e-10 8.76658e-12
 2.14815e-11 2.33161e-09 1.49223e-07 5.63121e-06 0.000125301 0.00164398 0.0127186 0.0580263 0.156208 0.248841 0.237969 0.146064 0.0722078 0.0382636 0.0188817 0.00677704 0.00178313 0.000396992 7.56963e-05 1.07119e-05 1.04031e-06 7.18321e-08 3.78572e-09 1.53137e-10 4.50878e-12
 2.16363e-11 2.34841e-09 1.50298e-07 5.67178e-06 0.000126204 0.00165583 0.0128102 0.0584436 0.157324 0.250553 0.239297 0.146024 0.0708999 0.0367001 0.0178531 0.00630286 0.00159866 0.000336192 6.10239e-05 8.30413e-06 7.61831e-07 4.75056e-08 2.17681e-09 7.74755e-11 2.08608e-12
 2.18193e-11 2.36828e-09 1.51569e-07 5.71975e-06 0.000127271 0.00166983 0.0129185 0.058937 0.158642 0.25257 0.240835 0.14589 0.0692228 0.0347673 0.0166796 0.00586896 0.00148797 0.000312915 5.67427e-05 7.69363e-06 6.9919e-07 4.26954e-08 1.88621e-09 6.39652e-11 1.62397e-12
 2.24068e-11 2.43204e-09 1.5565e-07 5.87375e-06 0.000130698 0.00171479 0.0132662 0.0605209 0.162873 0.259047 0.245778 0.145476 0.0638611 0.0285765 0.0129042 0.00445363 0.00111421 0.000230438 4.12998e-05 5.59245e-06 5.12964e-07 3.20454e-08 1.46723e-09 5.15199e-11 1.3342e-12
 2.26294e-11 2.4562e-09 1.57197e-07 5.93211e-06 0.000131996 0.00173182 0.0133979 0.0611212 0.164477 0.261506 0.24767 0.145373 0.0619119 0.0262836 0.0114464 0.00383706 0.000904931 0.000168966 2.75932e-05 3.55568e-06 3.16373e-07 1.90248e-08 8.25036e-10 2.74691e-11 6.8903e-13
 2.29294e-11 2.48876e-09 1.59281e-07 6.01075e-06 0.000133746 0.00175478 0.0135755 0.06193 0.166638 0.264813 0.250192 0.145154 0.0591638 0.0231158 0.00952183 0.00312413 0.000722259 0.000130405 2.05631e-05 2.59044e-06 2.26005e-07 1.316e-08 5.4109e-10 1.69281e-11 4.0373e-13
 2.2883e-11 2.48373e-09 1.58958e-07 5.9986e-06 0.000133476 0.00175123 0.013548 0.0618051 0.166305 0.264305 0.249813 0.145218 0.0596341 0.0236346 0.00980414 0.00318985 0.000713066 0.000119699 1.7352e-05 2.07457e-06 1.75502e-07 9.84592e-09 3.80415e-10 1.09698e-11 2.42722e-13
 2.31708e-11 2.51497e-09 1.60958e-07 6.07404e-06 0.000135155 0.00177326 0.0137184 0.062581 0.168377 0.267476 0.252224 0.144986 0.0569627 0.020573 0.00796929 0.00253993 0.000566489 9.54893e-05 1.39135e-05 1.66391e-06 1.39635e-07 7.66041e-09 2.82604e-10 7.60844e-12 1.57154e-13
 2.33652e-11 2.53606e-09 1.62308e-07 6.12498e-06 0.000136288 0.00178813 0.0138334 0.063105 0.169777 0.269618 0.253857 0.144843 0.05518 0.0185194 0.00672352 0.00208068 0.000450352 7.15382e-05 9.6601e-06 1.09951e-06 9.03242e-08 4.89495e-09 1.77776e-10 4.67373e-12 9.38387e-14
 2.3607e-11 2.56231e-09 1.63988e-07 6.18838e-06 0.000137699 0.00180663 0.0139765 0.063757 0.171519 0.272283 0.255884 0.144651 0.0529417 0.0159508 0.00517969 0.00152843 0.000322044 4.89332e-05 6.20722e-06 6.75222e-07 5.43604e-08 2.91588e-09 1.0472e-10 2.71057e-12 5.35914e-14
#obs catch len freq
 4.54321e-11 4.21049e-09 2.30086e-07 7.41367e-06 0.000140853 0.00157799 0.0104258 0.0406579 0.0940003 0.131848 0.124949 0.109986 0.114218 0.11421 0.0993469 0.0755692 0.0469046 0.0229419 0.00915873 0.00304425 0.000817057 0.000167945 2.50448e-05 2.58427e-06 1.77836e-07
 6.45491e-11 5.76976e-09 3.04097e-07 9.45049e-06 0.000173176 0.00187122 0.0119247 0.0448618 0.100153 0.136289 0.127699 0.114645 0.118731 0.112634 0.0910175 0.0660166 0.0411337 0.0208259 0.00846554 0.00272538 0.000678234 0.000126764 1.71581e-05 1.61548e-06 1.02009e-07
 3.78111e-11 3.25415e-09 1.65137e-07 4.94127e-06 8.71836e-05 0.000907179 0.00557108 0.0202721 0.0446212 0.0654338 0.0856991 0.126737 0.167101 0.165692 0.132767 0.0925363 0.0537022 0.0251794 0.00973338 0.00306287 0.000742628 0.000131624 1.64376e-05 1.4062e-06 8.03608e-08
 1.98088e-11 1.63878e-09 7.99417e-08 2.29942e-06 3.90009e-05 0.000390179 0.00230569 0.00810872 0.0176315 0.0278617 0.0455654 0.0830159 0.132006 0.174934 0.192464 0.160025 0.0947707 0.0413681 0.0143436 0.00407723 0.000917157 0.00015361 1.81359e-05 1.44969e-06 7.63138e-08
 3.83642e-10 3.04629e-08 1.42627e-06 3.9375e-05 0.000640954 0.00615204 0.0348179 0.116195 0.228689 0.265678 0.183097 0.07729 0.0250196 0.0142703 0.0152413 0.0144408 0.0102126 0.00537442 0.00209444 0.000598811 0.000125417 1.91083e-05 2.06495e-06 1.52652e-07 7.4627e-09
 2.7128e-10 2.06451e-08 9.26411e-07 2.4512e-05 0.00038243 0.00351854 0.0191001 0.0613404 0.118192 0.146184 0.146966 0.161278 0.162875 0.112294 0.0482126 0.0137259 0.00364464 0.00141357 0.000600923 0.000195058 4.38305e-05 6.6682e-06 6.80785e-07 4.62289e-08 2.06112e-09
 6.57892e-10 4.79203e-08 2.05812e-06 5.21206e-05 0.000778282 0.0068527 0.0355818 0.10901 0.197599 0.215034 0.150893 0.0888389 0.0642733 0.0534935 0.0406808 0.0241759 0.00977051 0.00249728 0.000409263 5.03377e-05 6.28817e-06 8.08762e-07 8.08236e-08 5.37966e-09 2.28599e-10
 8.06278e-10 5.61385e-08 2.30475e-06 5.57924e-05 0.000796377 0.0067032 0.0332815 0.0976337 0.170692 0.185603 0.149081 0.123593 0.106204 0.070943 0.0346747 0.0139633 0.00496281 0.00144454 0.000313472 4.77515e-05 4.94683e-06 3.55593e-07 1.94194e-08 8.76138e-10 3.10822e-11
 1.15717e-09 7.69247e-08 3.01523e-06 6.96888e-05 0.000949728 0.00763236 0.0361823 0.101371 0.169457 0.177169 0.139504 0.116488 0.102694 0.0748072 0.0437043 0.0206892 0.0072449 0.00172115 0.000276646 3.23247e-05 2.96667e-06 2.11585e-07 1.08351e-08 3.75507e-10 8.72118e-12
 1.65851e-09 1.05145e-07 3.9305e-06 8.66352e-05 0.001126 0.0086301 0.0390236 0.104354 0.167066 0.16988 0.136296 0.11953 0.105762 0.0753803 0.0432758 0.020314 0.00716391 0.00176541 0.000302087 3.66367e-05 3.16771e-06 1.93491e-07 8.31363e-09 2.51062e-10 5.25174e-12
 1.9256e-09 1.16302e-07 4.14184e-06 8.69743e-05 0.00107695 0.00786468 0.0339042 0.0866928 0.134678 0.141491 0.135514 0.144084 0.134013 0.0942501 0.0526995 0.0237021 0.00783984 0.00178278 0.000280323 3.17932e-05 2.65883e-06 1.60526e-07 6.72965e-09 1.89944e-10 3.54417e-12
 4.26833e-09 2.45359e-07 8.31632e-06 0.000166207 0.00195868 0.0136115 0.0558031 0.135249 0.195889 0.178649 0.125402 0.0961619 0.0800803 0.0585227 0.0354602 0.0164838 0.00527738 0.00110692 0.000154412 1.5091e-05 1.08316e-06 5.74467e-08 2.18783e-09 5.77351e-11 1.02376e-12
 5.49767e-09 3.00503e-07 9.68515e-06 0.000184058 0.00206256 0.0136314 0.0531799 0.123033 0.17271 0.162894 0.137697 0.127898 0.103225 0.0612597 0.0280517 0.010465 0.00299428 0.000607774 8.60521e-05 8.63407e-06 6.15531e-07 3.06194e-08 1.04306e-09 2.40987e-11 3.74943e-13
 8.73428e-09 4.53583e-07 1.38891e-05 0.000250773 0.00266989 0.0167643 0.0621356 0.136552 0.18194 0.162311 0.129144 0.114543 0.0920204 0.0577555 0.028989 0.0112655 0.00304621 0.000532881 5.97573e-05 4.47965e-06 2.41194e-07 9.82899e-09 2.99425e-10 6.45487e-12 9.36444e-14
 1.27696e-08 6.29555e-07 1.83011e-05 0.000313699 0.00317074 0.0189025 0.0665434 0.139158 0.178003 0.157699 0.131794 0.119895 0.0927494 0.0544168 0.0253256 0.00920043 0.00236266 0.000399725 4.41713e-05 3.28259e-06 1.69509e-07 6.13631e-09 1.5378e-10 2.63653e-12 3.085e-14
 1.62909e-08 7.61954e-07 2.10136e-05 0.000341718 0.00327691 0.0185379 0.0619903 0.12376 0.154671 0.14485 0.14004 0.138067 0.107643 0.0634286 0.0297006 0.0106017 0.00260633 0.000416259 4.32001e-05 3.01905e-06 1.47725e-07 5.11761e-09 1.23088e-10 1.99932e-12 2.14839e-14
 2.80544e-08 1.24409e-06 3.25303e-05 0.000501557 0.00456011 0.024457 0.0775082 0.146394 0.171669 0.146865 0.126979 0.116852 0.0902491 0.0550975 0.0267251 0.00949283 0.00224251 0.000338065 3.28164e-05 2.13118e-06 9.64494e-08 3.08629e-09 6.87283e-11 1.03847e-12 1.04364e-14
 4.08117e-08 1.71506e-06 4.24976e-05 0.000620934 0.00535013 0.0271974 0.0817635 0.14707 0.167111 0.145963 0.133776 0.12248 0.0885241 0.0492202 0.0217741 0.00720884 0.0016292 0.000241795 2.38561e-05 1.6123e-06 7.56968e-08 2.43703e-09 5.25727e-11 7.47861e-13 6.96324e-15
 6.72592e-08 2.67739e-06 6.28434e-05 0.00086977 0.00709881 0.0341821 0.0973231 0.165659 0.177444 0.144391 0.122586 0.106512 0.0755515 0.042245 0.018638 0.00596811 0.00127305 0.00017592 1.60734e-05 1.01139e-06 4.50232e-08 1.40839e-09 3.01079e-11 4.2785e-13 3.95971e-15
 9.23456e-08 3.48097e-06 7.73701e-05 0.00101403 0.00783771 0.0357518 0.0965784 0.157116 0.165887 0.144141 0.134614 0.117258 0.077971 0.0398246 0.0160574 0.00477052 0.000958756 0.000126467 1.11436e-05 6.77767e-07 2.88905e-08 8.5273e-10 1.70368e-11 2.26275e-13 1.97248e-15
 1.38535e-07 4.94387e-06 0.000104031 0.00129082 0.00944592 0.0407993 0.10443 0.161462 0.16397 0.140762 0.130886 0.112314 0.074677 0.0388105 0.0156372 0.00446432 0.000834583 9.98146e-05 7.7983e-06 4.15569e-07 1.56521e-08 4.17926e-10 7.72223e-12 9.59225e-14 7.83013e-16
 2.12841e-07 7.18986e-06 0.000143211 0.00168205 0.0116517 0.0476454 0.115514 0.169553 0.164863 0.137853 0.125171 0.104263 0.0680266 0.0350422 0.0138976 0.00387735 0.000714601 8.63218e-05 6.9986e-06 3.896e-07 1.48879e-08 3.83346e-10 6.53147e-12 7.29892e-14 5.33136e-16
 3.1359e-07 1.00267e-05 0.000189036 0.00210158 0.0137803 0.0533558 0.122655 0.171765 0.163037 0.138582 0.126541 0.101319 0.0622117 0.0299365 0.0110731 0.00288507 0.0004978 5.65614e-05 4.35509e-06 2.33889e-07 8.78248e-09 2.25547e-10 3.85599e-12 4.29759e-14 3.0757e-16
 4.6765e-07 1.41529e-05 0.000252561 0.00265768 0.0164959 0.0604719 0.131756 0.175677 0.16133 0.136049 0.122558 0.0955224 0.0574753 0.0271687 0.00972357 0.00241077 0.000392523 4.19732e-05 3.03828e-06 1.53194e-07 5.39705e-09 1.30314e-10 2.10659e-12 2.23854e-14 1.54098e-16
 6.32423e-07 1.81171e-05 0.00030603 0.00304842 0.017914 0.0622243 0.128931 0.166124 0.155363 0.14203 0.132454 0.0997594 0.0564749 0.02488 0.00826445 0.00189501 0.000283516 2.75764e-05 1.79697e-06 8.12659e-08 2.58343e-09 5.68781e-11 8.45614e-13 8.3066e-15 5.30266e-17
 9.16573e-07 2.48565e-05 0.000397478 0.00374822 0.0208534 0.0686003 0.134821 0.165796 0.15081 0.13695 0.126884 0.0965501 0.0570917 0.0263174 0.00883786 0.00199305 0.000291936 2.80718e-05 1.82335e-06 8.1499e-08 2.49377e-09 5.12559e-11 6.9585e-13 6.17704e-15 3.55872e-17
 1.36349e-06 3.50082e-05 0.000530017 0.00473216 0.0249296 0.0776906 0.144945 0.170616 0.151923 0.136866 0.122432 0.0878428 0.0485018 0.0208277 0.00653373 0.00138322 0.000191402 1.75294e-05 1.09462e-06 4.74186e-08 1.41295e-09 2.83017e-11 3.7289e-13 3.18147e-15 1.73699e-17
 1.84327e-06 4.48138e-05 0.00064245 0.00543177 0.0271047 0.0801065 0.1425 0.163412 0.149633 0.142147 0.127215 0.0884077 0.0470092 0.0193087 0.00573309 0.00114052 0.000147815 1.26639e-05 7.39819e-07 3.003e-08 8.41121e-10 1.59032e-11 1.98644e-13 1.61257e-15 8.39611e-18
#spawning biomass
 81089.2 77455.4 44643.3 87830.1 224491 420417 694030 1.07631e+06 1.05552e+06 1.23497e+06 1.26635e+06 1.66851e+06 1.98548e+06 2.33628e+06 1.84303e+06 1.70509e+06 2.07745e+06 2.01245e+06 1.81649e+06 2.09357e+06 2.24984e+06 1.95609e+06 2.51242e+06 2.55719e+06 2.74711e+06 2.47984e+06 3.20001e+06 2.704e+06 2.76247e+06 4187.69 4187.69 4187.69 4187.69 4187.69 4187.69 4187.69 4187.69 4187.69 4187.69 4187.69 4187.69 4187.69 4187.69 4187.69 4187.69 4187.69 4187.69 4187.69 4187.69 4187.69 4187.69 4187.69 4187.69 4187.69 4187.69 4187.69 4187.69 4187.69 4187.69 4187.69 4187.69 4187.69 4187.69 4187.69 4187.69 4187.69 4187.69 4187.69 4187.69 4187.69 4187.69 4187.69 4187.69 4187.69 4187.69 4187.69 4187.69 4187.69 4187.69 4187.69 4187.69 4187.69 4187.69 4187.69 4187.69 4187.69 4187.69 4187.69 4187.69 4187.69 4187.69 4187.69 4187.69 4187.69 4187.69 4187.69 4187.69 4187.69 4187.69 4187.69 4187.69 4187.69 4187.69 4187.69 4187.69 4187.69 4187.69 4187.69 4187.69 4187.69 4187.69 4187.69 4187.69 4187.69 4187.69 4187.69 4187.69 4187.69 4187.69 4187.69 4187.69 4187.69 4187.69 4187.69 4187.69 4187.69 4187.69 4187.69 0 0 0 0 0 0 0 0 0 0 0 0 0 0 0 0 0 0 0 0 0 0 0 0 0
