SBPRF35
0.112873
Curr Bio
233.316
B35
387.37
F35
1.69898
FOFL
1.69898
OFL
85.8497
Bzero
32247.4
#pred survey bio
 1445.12 1146.35 882.099 712.195 613.369 543.321 505.305 484.755 469.301 467.203 468.716 471.898 474.089 481.065 491.455 494.407 484.783 484.906 477.175 468.262 466.094 465.589 464.503 460.118 458.582 456.411 453.856 451.3 450.888 447.023 452.431 449.031 451.93 453.173 451.077 451.681 449.996 445.932 443.063 436.23 425.183 414.182 392.715 370.265 349.324 326.952 304.869 286.642 274.979 267.565 257.607 249.038 241.068 230.207 232.702 233.413 231.535 230.944 225.578 219.178 216.153 207.379 204.43 197.787 196.34 192.013 193.497 186.938 180.853 188.184 192.379 186.824 190.675 195.75 202.146 207.37 205.108 213.803 212.171 210.104 212.053 214.412 213.855 215.911 217.009 218.109 224.528 225.091 226.014 220.061 215.66 214.274 219.072 227.177 205.157 183.189 143.445 24.0171 23.6965 22.6615 22.3784 22.6597 24.2611 25.0816 27.5419 95.8253 6378.34 24498 61820.5 106182 135232 148075 154319 157980 160320 161855 162868 163535 163974 164262 164451 164574 164654 164705 164739 164760 164774 164783 164789 164793 164796 164797 164798 164799 164799 164800 164800 164800 164800 164800 164800 164800 164800 164800 164800 164800 164800 164800 164800 164800 164800 164800 164800 164800 164800 164800 164800 164800 164800 164800 164800 164800 164800 164800 164800 164800 164800 164800 164800 164800 164800 164800 164800 164800 164800 164800 164800 164800 164800 164800 164800 164800 164800 164800 164800 164800 164800 164800 164800 164800 164800 164800 164800 164800 164800 164800 164800 164800 164800 164800 164800 164800 164800 164800 164800 164800 0 0 0 0 0 0 0 0 0 0 0 0 0 0 0 0 0 0 0 0 0 0 0 0 0
#obs survey bio
 707.323 627.306 664.917 846.334 449.607 474.257 284.911 519.155 366.841 304.489 444.378 352.917 392.593 465.735 471.183 550.106 595.428 461.159 397.02 509.172 482.072 529.578 438.106 475.192 402.724 376.79 348.57 388.809 398.232 334.699 329.52 446.947 377.514 382.049 394.892 348.497 433.591 474.655 386.059 426.622 602.855 461.843 430.126 210.662 341.834 306.488 220.294 235.31 389.771 354.039 256.634 280.463 272.127 216.486 238.542 353.795 236.786 186.419 206.351 265.257 204.666 166.914 202.784 192.867 190.699 238.674 111.013 182.479 158.662 214.131 173.78 223.017 235.107 187.473 236.21 300.443 176.586 240.813 195.343 157.573 211.331 342.038 203.887 219.252 265.765 181.628 225.354 328.56 291.509 289.754 170.789 224.999 174.502 287.451 177.36 309.569 258.811 37.8833 35.9579 36.7853 37.5127 39.9035 36.2724 31.2274 36.6439 40.8048
#pred catch bio
 125.641 165.61 127.954 93.9309 91.6427 76.1018 68.9889 71.4035 61.6919 60.9546 61.7343 65.1635 60.818 55.7807 61.5205 73.4181 60.2776 67.3532 68.4702 61.3129 59.6869 60.279 63.9044 60.646 61.3375 62.0172 62.5776 60.9181 65.8975 56.1482 66.4188 59.4213 60.8487 64.3851 61.1056 62.9998 64.3402 60.6326 62.2621 64.7891 63.5238 76.113 80.2429 82.5379 88.6663 93.164 93.2016 88.8076 85.5175 89.2806 88.3072 88.8159 94.8371 82.8724 89.1973 95.8257 96.6037 103.816 105.926 102.005 108.731 101.433 106.273 100.503 104.521 97.6145 108.777 111.859 101.342 111.731 129.307 122.926 128.727 135.147 144.032 159.91 152.752 173.572 180.732 180.663 182.139 186.749 185.052 188.869 192.418 190.834 202.037 200.343 205.422 199.297 195.456 191.823 190.57 224.054 200.973 189.915 263.03 46.9622 46.2673 43.5066 43.3122 44.1773 47.789 48.9933 48.2097 38.1532 85.8497 335.752 1046.42 2530.05 3489.51 3723.7 3761.75 3767.14 3767.86 3767.96 3767.97 3767.97 3767.97 3767.97 3767.97 3767.97 3767.97 3767.97 3767.97 3767.97 3767.97 3767.97 3767.97 3767.97 3767.97 3767.97 3767.97 3767.97 3767.97 3767.97 3767.97 3767.97 3767.97 3767.97 3767.97 3767.97 3767.97 3767.97 3767.97 3767.97 3767.97 3767.97 3767.97 3767.97 3767.97 3767.97 3767.97 3767.97 3767.97 3767.97 3767.97 3767.97 3767.97 3767.97 3767.97 3767.97 3767.97 3767.97 3767.97 3767.97 3767.97 3767.97 3767.97 3767.97 3767.97 3767.97 3767.97 3767.97 3767.97 3767.97 3767.97 3767.97 3767.97 3767.97 3767.97 3767.97 3767.97 3767.97 3767.97 3767.97 3767.97 3767.97 3767.97 3767.97 3767.97 3767.97 3767.97 3767.97 3767.97 3767.97 3767.97 3767.97 3767.97 3767.97 3767.97 3767.97 3767.97 3767.97 3767.97 3767.97 0 0 0 0 0 0 0 0 0 0 0 0 0 0 0 0 0 0 0 0 0 0 0 0 0
#obs catch bio
 0 169.612 130.997 95.4043 94.1041 78.1793 71.1185 74.0013 63.4848 62.8353 63.5743 67.3805 62.7432 57.313 63.2553 75.744 61.494 69.076 70.3156 62.7136 61.0616 61.74 65.7511 62.137 62.9219 63.6594 64.4948 62.6188 68.0424 57.5971 68.9222 61.1241 62.6756 66.4306 62.8645 64.9981 66.4223 62.4363 64.0625 66.5022 64.8712 78.0072 82.3454 84.98 91.6905 96.2409 96.3593 92.3336 87.8552 90.8353 89.617 89.6391 95.826 83.5022 90.5889 97.2391 97.8295 105.697 107.53 103.244 110.927 102.269 107.277 101.472 105.487 97.7692 110.481 112.965 101.95 110.331 129.238 119.995 125.741 132.484 139.839 154.896 146.974 165.833 174.688 173.458 176.244 177.134 174.676 183.772 182.823 183.337 196.482 192.015 194.264 187.274 185.171 180.745 181.727 212.889 189.739 176.121 228.836 40.1477 40.0248 37.1127 36.559 37.9377 41.7804 43.1553 42.3311 37.1799
#pred cpue bio
 1485.64 1164.51 880.082 698.352 594.01 519.74 479.351 457.584 440.946 438.575 439.497 441.689 442.79 450.24 462.969 468.071 458.945 460.587 452.868 442.979 440.254 439.543 438.665 434.407 433.165 430.811 427.853 424.864 424.084 419.249 424.995 421.183 424.705 426.418 424.145 424.943 423.674 420.652 419.874 414.707 404.119 392.907 369.303 344.102 320.623 295.74 271.01 250.452 237.677 230.23 219.948 210.781 201.598 188.019 188.029 185.873 181.836 180.503 174.287 166.946 163.935 155.095 152.026 144.543 142.466 137.619 139.177 131.286 121.411 124.003 124.267 115.541 115.435 115.591 116.704 117.522 111.939 115.508 109.818 103.991 102.345 104.225 103.897 104.093 103.903 102.903 105.178 104.559 106.729 104.152 101.888 99.7794 100.681 106.606 93.2428 85.2176 69.9614 3.54226 3.47861 3.38639 3.42789 3.33412 3.4792 3.58107 3.933 11.3275 1619.53 6566.97 20766.1 55527.2 89355.9 105165 112523 116630 119160 120777 121824 122507 122952 123243 123433 123557 123637 123689 123722 123744 123758 123767 123773 123777 123779 123781 123782 123783 123783 123784 123784 123784 123784 123784 123784 123784 123784 123784 123784 123784 123784 123784 123784 123784 123784 123784 123784 123784 123784 123784 123784 123784 123784 123784 123784 123784 123784 123784 123784 123784 123784 123784 123784 123784 123784 123784 123784 123784 123784 123784 123784 123784 123784 123784 123784 123784 123784 123784 123784 123784 123784 123784 123784 123784 123784 123784 123784 123784 123784 123784 123784 123784 123784 123784 123784 123784 123784 123784 123784 123784 0 0 0 0 0 0 0 0 0 0 0 0 0 0 0 0 0 0 0 0 0 0 0 0 0
#obs cpue bio
 840.148 587.765 606.164 552.771 300.299 237.227 299.62 253.39 355.707 345.104 336.105 306.605 292.743 285.677 441.052 487.285 287.17 342.944 345.951 279.096 278.791 240.229 257.98 338.481 310.267 331.621 248.869 353.218 317.345 265.416 298.755 335.378 316.344 351.426 300.51 299.611 302.77 248.038 400.185 439.102 269.06 330.532 230.588 325.823 214.25 250.204 222.478 132.665 185.466 212.005 177.992 191.699 159.753 148.753 122.577 120.778 148.011 156.596 168.488 122.427 121.224 191.154 137.449 120.871 135.731 122.16 143.704 141.703 121.509 187.45 126.779 185.485 130.496 152.755 185.331 155.656 232.18 231.73 187.979 262.086 171.48 202.025 235.347 129.381 244.183 186.181 157.648 181.732 228.238 226.548 255.847 252.975 227.936 230.924 260.136 198.061 204.106 28.2827 22.0985 26.5273 29.0157 19.8996 18.5197 21.2146 26.9627 26.3239
#pred surv len freq
 5.84894e-027 5.96912e-021 1.28163e-015 3.75394e-011 1.49996e-007 8.17612e-005 0.0060797 0.0616721 0.0853437 0.0164656 0.0143396 0.0744989 0.054994 0.0231967 0.0690007 0.0456432 0.0562881 0.0576227 0.0620366 0.0637327 0.0672228 0.0703226 0.0780253 0.0707718 0.0226613
 6.3616e-027 6.87556e-021 1.47625e-015 4.324e-011 1.72774e-007 9.41771e-005 0.00700293 0.0710374 0.0983036 0.0189464 0.0157491 0.0817023 0.0602954 0.024985 0.0738911 0.0480903 0.0556983 0.0557543 0.0573754 0.0579074 0.0605482 0.0624162 0.0668113 0.0618867 0.0215046
 6.86633e-027 7.76876e-021 1.66803e-015 4.88573e-011 1.95219e-007 0.000106412 0.00791268 0.0802657 0.111074 0.0214133 0.0180154 0.0934952 0.0689552 0.0273623 0.0797833 0.0514555 0.0573793 0.0556649 0.052881 0.0505578 0.0508592 0.0515356 0.0537448 0.049636 0.0179021
 7.29224e-027 8.523e-021 1.82997e-015 5.36007e-011 2.14173e-007 0.000116743 0.0086809 0.0880585 0.121858 0.0234843 0.0194502 0.100891 0.0744196 0.0297996 0.0871367 0.055605 0.0592246 0.0565656 0.0514576 0.0458644 0.0426417 0.041126 0.041754 0.038002 0.0138632
 7.58906e-027 9.04893e-021 1.94289e-015 5.69082e-011 2.27388e-007 0.000123947 0.00921657 0.0934923 0.129377 0.0249285 0.0204574 0.106084 0.0782375 0.0309873 0.0902855 0.0577866 0.0623244 0.0588248 0.051413 0.0441428 0.0380263 0.0333724 0.0320649 0.028494 0.0103602
 7.84293e-027 9.49877e-021 2.03948e-015 5.97372e-011 2.38692e-007 0.000130108 0.00967474 0.09814 0.135809 0.0261643 0.0213392 0.110634 0.0815827 0.0320073 0.0929546 0.0592509 0.0627747 0.0592684 0.0518025 0.0430522 0.035122 0.0280142 0.0242806 0.0206007 0.00739734
 7.97563e-027 9.73406e-021 2.09e-015 6.1217e-011 2.44605e-007 0.000133331 0.00991439 0.100571 0.139173 0.0268132 0.0219008 0.113551 0.0837291 0.0327232 0.094907 0.0603981 0.0635243 0.0596798 0.0515277 0.0427965 0.0340102 0.0251799 0.0192556 0.0149652 0.00524625
 8.04511e-027 9.85737e-021 2.11647e-015 6.19925e-011 2.47704e-007 0.00013502 0.01004 0.101845 0.140936 0.0271531 0.0221865 0.115034 0.0848244 0.0331996 0.0963354 0.0612645 0.0642296 0.0602175 0.0516397 0.04247 0.0334646 0.0238794 0.0162901 0.011127 0.00372787
 8.12133e-027 9.9925e-021 2.14549e-015 6.28423e-011 2.51099e-007 0.000136871 0.0101776 0.103241 0.142868 0.0275233 0.022408 0.116169 0.0856595 0.0334886 0.097136 0.0617385 0.0645562 0.0603735 0.051382 0.0419494 0.0326636 0.0228957 0.0144663 0.00852021 0.00264651
 8.16743e-027 1.00743e-020 2.16305e-015 6.33567e-011 2.53154e-007 0.000137991 0.0102609 0.104086 0.144038 0.0277442 0.0224209 0.116208 0.0856873 0.0334693 0.0970515 0.0617437 0.0648415 0.0607241 0.0518192 0.0421613 0.0325702 0.0224994 0.0135845 0.00699511 0.00195706
 8.20364e-027 1.01385e-020 2.17684e-015 6.37604e-011 2.54768e-007 0.000138871 0.0103263 0.10475 0.144956 0.0279198 0.0225158 0.116692 0.0860373 0.0334167 0.0967121 0.0615187 0.0645689 0.0605496 0.0518991 0.0423394 0.0326567 0.0223303 0.0130845 0.00607709 0.00151186
 8.23175e-027 1.01883e-020 2.18753e-015 6.40738e-011 2.5602e-007 0.000139553 0.0103771 0.105264 0.145668 0.0280566 0.0226108 0.117181 0.086396 0.0334961 0.0968803 0.0615378 0.064177 0.0601337 0.0515128 0.0421504 0.0326289 0.0222555 0.0127863 0.00551718 0.00123052
 8.21617e-027 1.01608e-020 2.18161e-015 6.39004e-011 2.55327e-007 0.000139176 0.010349 0.10498 0.145274 0.0279869 0.0227929 0.118166 0.0871202 0.0337315 0.0975144 0.0618824 0.0642565 0.0600286 0.0510062 0.0416394 0.0322742 0.0220789 0.0125686 0.00515874 0.00105343
 8.10621e-027 9.9662e-021 2.13984e-015 6.26768e-011 2.50438e-007 0.000136511 0.0101508 0.102969 0.142492 0.0274618 0.0227795 0.118166 0.0871321 0.0340527 0.0987591 0.062701 0.0652365 0.0609459 0.0517311 0.0420209 0.0324303 0.022213 0.0126297 0.00502818 0.000962762
 7.99072e-027 9.76194e-021 2.09598e-015 6.13923e-011 2.45306e-007 0.000133713 0.00994279 0.100859 0.139572 0.0269016 0.0224159 0.116297 0.0857728 0.0340571 0.0993053 0.0632496 0.0667538 0.0625577 0.0534362 0.0434735 0.0334584 0.0228221 0.0129733 0.00508541 0.000932836
 7.9295e-027 9.65368e-021 2.07274e-015 6.07115e-011 2.42585e-007 0.00013223 0.00983252 0.0997405 0.138024 0.0266039 0.0221937 0.115149 0.084929 0.0338062 0.09866 0.0630317 0.0674369 0.0634633 0.0547541 0.0447695 0.0345569 0.0235043 0.01331 0.00517668 0.000925631
 7.92657e-027 9.64849e-021 2.07163e-015 6.06788e-011 2.42455e-007 0.000132159 0.00982724 0.0996869 0.13795 0.026591 0.0222359 0.115376 0.0850943 0.0338075 0.0985993 0.0629146 0.0669502 0.0630642 0.0546555 0.0449275 0.0348836 0.0237827 0.0134207 0.00518663 0.00091428
 7.91024e-027 9.61968e-021 2.06544e-015 6.04976e-011 2.41731e-007 0.000131764 0.00979789 0.0993892 0.137538 0.0265071 0.0219923 0.114083 0.0841468 0.0335938 0.0981365 0.0627134 0.0671777 0.0633903 0.0551913 0.0456752 0.0357832 0.0245832 0.0138936 0.00534189 0.000933519
 7.96477e-027 9.71617e-021 2.08616e-015 6.11045e-011 2.44155e-007 0.000133086 0.00989617 0.100386 0.138917 0.0267682 0.0220271 0.114234 0.0842485 0.0333704 0.0972288 0.0621336 0.0665619 0.0628269 0.0547548 0.0454002 0.0357798 0.0248278 0.0141339 0.00542815 0.000942982
 8.03461e-027 9.83973e-021 2.11269e-015 6.18815e-011 2.4726e-007 0.000134778 0.010022 0.101663 0.140684 0.0271054 0.0221817 0.115015 0.0848159 0.033361 0.0969701 0.061829 0.0655871 0.0618292 0.0537998 0.0446075 0.0352167 0.024609 0.0141596 0.00546312 0.000946351
 8.05447e-027 9.87483e-021 2.12022e-015 6.21022e-011 2.48142e-007 0.000135259 0.0100578 0.102025 0.141186 0.0272023 0.0222678 0.115463 0.0851429 0.0333958 0.0969783 0.0617923 0.0653491 0.0615 0.0532847 0.0441656 0.0348932 0.0244618 0.0142065 0.00553253 0.000959777
 8.03319e-027 9.83715e-021 2.11213e-015 6.18653e-011 2.47195e-007 0.000134743 0.0100194 0.101636 0.140647 0.0271024 0.0223347 0.115834 0.0854177 0.0335227 0.0973649 0.0620111 0.0654497 0.0615502 0.0532149 0.0439687 0.0346709 0.0243353 0.0142147 0.00559389 0.00097617
 8.00402e-027 9.78553e-021 2.10105e-015 6.15406e-011 2.45898e-007 0.000134036 0.00996681 0.101103 0.139909 0.0269625 0.0223086 0.115714 0.0853351 0.0336589 0.0979261 0.0623701 0.0658313 0.0618618 0.0533529 0.0439919 0.0345689 0.0242086 0.0141779 0.00562758 0.000990496
 8.01707e-027 9.80864e-021 2.10601e-015 6.16859e-011 2.46479e-007 0.000134352 0.00999035 0.101341 0.140239 0.0270238 0.022269 0.115494 0.0851751 0.0336674 0.0980216 0.0624645 0.0660848 0.0620517 0.0533477 0.0438476 0.034325 0.0239392 0.0140022 0.00558854 0.000992231
 8.03863e-027 9.84679e-021 2.1142e-015 6.19259e-011 2.47438e-007 0.000134875 0.0100292 0.101736 0.140785 0.0271256 0.0222255 0.115247 0.0849897 0.0335121 0.0974908 0.0621857 0.0660732 0.062146 0.053635 0.0440332 0.0343554 0.023852 0.0138963 0.00555509 0.00099312
 8.05196e-027 9.87037e-021 2.11927e-015 6.20742e-011 2.4803e-007 0.000135198 0.0100532 0.101979 0.141122 0.0271913 0.0223086 0.115683 0.0853058 0.0334794 0.0972408 0.0619807 0.0656479 0.0617967 0.0535189 0.0440741 0.0344078 0.0237948 0.013791 0.005502 0.000987393
 8.06471e-027 9.89291e-021 2.12411e-015 6.2216e-011 2.48597e-007 0.000135507 0.0100762 0.102212 0.141444 0.0272534 0.0223589 0.115943 0.0854987 0.0335802 0.0975565 0.0621028 0.0654027 0.0614657 0.0530599 0.0437776 0.0342973 0.0237312 0.0136899 0.00543743 0.000976182
 8.09556e-027 9.9475e-021 2.13582e-015 6.25592e-011 2.49968e-007 0.000136255 0.0101318 0.102776 0.142225 0.0274011 0.022379 0.11603 0.0855628 0.0335955 0.0975913 0.0621251 0.0654213 0.0613633 0.0526469 0.0432855 0.0339028 0.023537 0.013567 0.00536165 0.00096017
 8.12234e-027 9.99488e-021 2.146e-015 6.28572e-011 2.51159e-007 0.000136903 0.01018 0.103266 0.142902 0.0275299 0.0224191 0.116227 0.0857042 0.0335446 0.097339 0.0619734 0.0653057 0.0612772 0.052591 0.0430601 0.0335577 0.0232859 0.0134522 0.00530193 0.000945687
 8.1455e-027 1.00358e-020 2.15479e-015 6.31147e-011 2.52188e-007 0.000137464 0.0102217 0.103689 0.143487 0.0276449 0.0225984 0.117172 0.086396 0.0336918 0.0976418 0.0620638 0.0649198 0.0608117 0.0520077 0.0425171 0.0329908 0.0227616 0.013145 0.00518131 0.000921046
 8.11372e-027 9.97961e-021 2.14272e-015 6.27612e-011 2.50775e-007 0.000136694 0.0101645 0.103108 0.142684 0.0274908 0.0224989 0.11666 0.0860255 0.033731 0.0979384 0.0622997 0.0653874 0.06128 0.0524449 0.0428678 0.0332352 0.0228339 0.0131242 0.0051712 0.000917815
 8.10913e-027 9.97144e-021 2.14097e-015 6.27098e-011 2.5057e-007 0.000136583 0.0101562 0.103024 0.142567 0.0274718 0.0226181 0.117301 0.0864957 0.0338579 0.0982497 0.0624725 0.065447 0.0612345 0.0521563 0.0425218 0.0328935 0.0225458 0.0128912 0.00506203 0.000897673
 8.08395e-027 9.92692e-021 2.13141e-015 6.24298e-011 2.49451e-007 0.000135973 0.0101108 0.102564 0.14193 0.0273481 0.0224762 0.116558 0.0859562 0.033864 0.0984824 0.0626681 0.0658752 0.061723 0.052743 0.0429404 0.0331311 0.0226537 0.012905 0.00504173 0.0008922
 8.08414e-027 9.92728e-021 2.13148e-015 6.24321e-011 2.4946e-007 0.000135978 0.0101112 0.102567 0.141936 0.0273475 0.0224152 0.116232 0.0857133 0.0337129 0.097991 0.0624389 0.0660288 0.0619401 0.0530641 0.0433096 0.0334224 0.0227842 0.0129348 0.00502862 0.000886618
 8.09139e-027 9.94009e-021 2.13424e-015 6.25127e-011 2.49782e-007 0.000136153 0.0101242 0.1027 0.142119 0.027384 0.022489 0.116622 0.0859974 0.0337231 0.0979196 0.0623328 0.0656367 0.0616084 0.0529253 0.0432565 0.0334513 0.0228047 0.0129013 0.00499235 0.000876346
 8.06763e-027 9.89807e-021 2.12521e-015 6.22484e-011 2.48726e-007 0.000135577 0.0100814 0.102265 0.141518 0.0272703 0.022476 0.116568 0.0859605 0.0337875 0.0981836 0.0624898 0.0657476 0.0616792 0.0529325 0.0433773 0.0336518 0.0229948 0.0129976 0.00500786 0.000875024
 8.01029e-027 9.79658e-021 2.10342e-015 6.16101e-011 2.46176e-007 0.000134187 0.00997806 0.101217 0.140067 0.0269975 0.0225135 0.116806 0.0861389 0.0339355 0.0986906 0.0628271 0.0661684 0.062034 0.0531133 0.0434588 0.0337521 0.0231466 0.0131073 0.00503762 0.000876348
 7.92307e-027 9.64224e-021 2.07028e-015 6.06395e-011 2.42298e-007 0.000132073 0.00982087 0.0996223 0.13786 0.0265799 0.0224609 0.116582 0.0859845 0.0341713 0.0996671 0.0634664 0.06692 0.062737 0.053682 0.0438285 0.0339564 0.023309 0.0132445 0.00509139 0.000882831
 7.8538e-027 9.51974e-021 2.04398e-015 5.98691e-011 2.39219e-007 0.000130395 0.0096961 0.0983566 0.136109 0.0262418 0.0221622 0.11503 0.0848531 0.0341043 0.0998472 0.06375 0.0680085 0.063889 0.0548699 0.0448386 0.0346996 0.0237694 0.0135286 0.00521276 0.000902779
 7.85041e-027 9.5138e-021 2.04271e-015 5.98317e-011 2.3907e-007 0.000130314 0.00969005 0.0982953 0.136024 0.026221 0.0219745 0.114028 0.0841128 0.0337746 0.0988545 0.0632648 0.0681946 0.0643036 0.0557307 0.0457006 0.0354326 0.0242428 0.0137816 0.00532114 0.00092229
 7.88343e-027 9.57223e-021 2.05525e-015 6.01992e-011 2.40538e-007 0.000131114 0.00974956 0.098899 0.136859 0.0263797 0.0220169 0.114233 0.0842555 0.0335964 0.0981054 0.0627318 0.0673793 0.0636576 0.0555674 0.0458773 0.0357851 0.0245327 0.0139301 0.00537917 0.000933822
 7.93652e-027 9.66616e-021 2.07542e-015 6.07899e-011 2.42898e-007 0.000132401 0.00984523 0.0998694 0.138202 0.0266346 0.0220786 0.114528 0.0844693 0.0335697 0.0979167 0.0625028 0.0666259 0.0628362 0.0546982 0.0453782 0.0356944 0.0246461 0.0140207 0.00541079 0.000940161
 8.09061e-027 9.93873e-021 2.13394e-015 6.25041e-011 2.49748e-007 0.000136134 0.0101229 0.102686 0.142099 0.0273788 0.0224318 0.116316 0.0857765 0.0337585 0.0981408 0.0624177 0.065455 0.0612573 0.0522588 0.0429675 0.03375 0.0234916 0.0134536 0.00519814 0.000903329
 8.23166e-027 1.01882e-020 2.1875e-015 6.40728e-011 2.56016e-007 0.000139551 0.0103769 0.105263 0.145666 0.0280659 0.0229921 0.119221 0.0879039 0.0341826 0.0989626 0.0626815 0.0645033 0.0598332 0.0497796 0.0400778 0.0308975 0.0214374 0.0123743 0.00480592 0.000835771
 8.34216e-027 1.03836e-020 2.22945e-015 6.53016e-011 2.60926e-007 0.000142227 0.0105759 0.107282 0.148459 0.0286058 0.0234978 0.121854 0.0898415 0.0348334 0.100738 0.06352 0.0639989 0.0588039 0.0476023 0.0373926 0.0279551 0.0189609 0.0109195 0.00427144 0.00074513
 8.50324e-027 1.06685e-020 2.29062e-015 6.70933e-011 2.68085e-007 0.00014613 0.0108661 0.110225 0.152533 0.0293856 0.0239436 0.124133 0.0915182 0.0353885 0.102243 0.0642389 0.0636106 0.0577891 0.0451574 0.0344608 0.0248215 0.0162106 0.00912901 0.00357329 0.000626547
 8.68504e-027 1.099e-020 2.35966e-015 6.91155e-011 2.76165e-007 0.000150534 0.0111936 0.113547 0.15713 0.0302677 0.0245264 0.127132 0.0937144 0.0358258 0.10309 0.064531 0.0627449 0.0564129 0.0426159 0.0314286 0.0216376 0.0134776 0.00727795 0.00280315 0.000492697
 8.7988e-027 1.11911e-020 2.40285e-015 7.03804e-011 2.81219e-007 0.000153289 0.0113985 0.115625 0.160006 0.0308261 0.0251476 0.13038 0.0960983 0.0364372 0.104539 0.0651261 0.0618231 0.055042 0.040326 0.0288317 0.018933 0.0111452 0.00568466 0.0021088 0.000367668
 8.82827e-027 1.12432e-020 2.41402e-015 7.07078e-011 2.82527e-007 0.000154002 0.0114515 0.116163 0.16075 0.0309746 0.0254681 0.132076 0.097353 0.0370537 0.106447 0.0661482 0.0619783 0.0547394 0.0390149 0.0271845 0.0171326 0.00952181 0.00453295 0.00158628 0.00026969
 8.85265e-027 1.12863e-020 2.42328e-015 7.0979e-011 2.83611e-007 0.000154593 0.0114954 0.116609 0.161366 0.0310917 0.0254972 0.132215 0.0974631 0.0372976 0.107353 0.0667408 0.0626634 0.0551556 0.0387132 0.0264196 0.0160816 0.00849876 0.00376417 0.00122079 0.000198324
 8.93585e-027 1.14335e-020 2.45488e-015 7.19046e-011 2.8731e-007 0.000156609 0.0116453 0.118129 0.163471 0.0314935 0.0256875 0.133179 0.0981652 0.0373402 0.107246 0.0665958 0.0621488 0.0545306 0.0378418 0.0254424 0.0150621 0.00762215 0.00315929 0.000940532 0.00014309
 9.02871e-027 1.15978e-020 2.49015e-015 7.29377e-011 2.91437e-007 0.000158859 0.0118126 0.119827 0.165819 0.0319418 0.0258933 0.134218 0.0989234 0.0373994 0.10718 0.0663977 0.0612066 0.0534927 0.0366776 0.0243956 0.0141654 0.00693018 0.00271325 0.000742269 0.000104172
 9.20117e-027 1.19029e-020 2.55567e-015 7.48568e-011 2.99106e-007 0.000163039 0.0121234 0.122979 0.170182 0.0327687 0.0260393 0.134886 0.0994054 0.0372963 0.106589 0.065841 0.0597717 0.0519103 0.0348702 0.0228849 0.0130562 0.00623221 0.00233233 0.000591476 7.6128e-005
 9.46777e-027 1.23746e-020 2.65694e-015 7.7823e-011 3.10958e-007 0.000169499 0.0126038 0.127852 0.176926 0.0340535 0.0265386 0.137382 0.101214 0.0371224 0.105208 0.0646195 0.0568823 0.048831 0.0315825 0.0202081 0.0112015 0.00521675 0.00188566 0.000449261 5.32254e-005
 9.58283e-027 1.25781e-020 2.70065e-015 7.91032e-011 3.16073e-007 0.000172287 0.0128112 0.129956 0.179836 0.0346077 0.0267384 0.138375 0.101933 0.0370176 0.104521 0.0640808 0.0558421 0.0477523 0.0304446 0.0190699 0.0102195 0.00460548 0.00161149 0.000365562 4.03014e-005
 9.59195e-027 1.25941e-020 2.70408e-015 7.92037e-011 3.16475e-007 0.000172506 0.0128274 0.130121 0.180065 0.0346661 0.0273385 0.14158 0.104278 0.0374339 0.105227 0.0642164 0.0545136 0.0462421 0.0287456 0.0176998 0.00921868 0.00399214 0.00134156 0.000291416 3.02942e-005
 9.57232e-027 1.25593e-020 2.6966e-015 7.89845e-011 3.15599e-007 0.000172029 0.0127919 0.129761 0.179566 0.0345807 0.0276765 0.143401 0.105632 0.0382705 0.107946 0.0655198 0.0538601 0.045117 0.0268364 0.0160664 0.00809078 0.00338097 0.0010842 0.00022455 2.21997e-005
 9.56655e-027 1.2549e-020 2.6944e-015 7.89201e-011 3.15341e-007 0.000171889 0.0127815 0.129655 0.17942 0.0345528 0.0276646 0.143341 0.1056 0.0386037 0.109253 0.0663522 0.0547147 0.0455007 0.0260697 0.0150869 0.00724582 0.0029044 0.000889914 0.000174773 1.64316e-005
 9.66695e-027 1.27267e-020 2.73254e-015 8.00372e-011 3.19805e-007 0.000174322 0.0129624 0.13149 0.18196 0.0350361 0.0278315 0.144168 0.1062 0.0385562 0.108835 0.0659664 0.0537491 0.0444706 0.0249438 0.0140127 0.00638263 0.00241725 0.000702217 0.000130555 1.16269e-005
 9.68557e-027 1.27595e-020 2.73958e-015 8.02435e-011 3.2063e-007 0.000174771 0.0129958 0.131829 0.182429 0.0351376 0.0283419 0.146886 0.108186 0.0388348 0.109145 0.0658945 0.0524135 0.0430286 0.0234675 0.0129088 0.00565644 0.00201811 0.000547915 9.56949e-005 8.0461e-006
 9.66198e-027 1.27177e-020 2.73061e-015 7.99808e-011 3.1958e-007 0.000174199 0.0129533 0.131397 0.181832 0.0350252 0.0283504 0.146948 0.108247 0.0393021 0.110933 0.0668359 0.0524678 0.0428339 0.0228348 0.0123168 0.0052296 0.00178666 0.00045295 7.33491e-005 5.78058e-006
 9.79272e-027 1.2949e-020 2.78028e-015 8.14356e-011 3.25393e-007 0.000177367 0.0131889 0.133788 0.185139 0.0356522 0.0284725 0.147515 0.108656 0.0391926 0.110346 0.0663204 0.0512549 0.0414649 0.0212226 0.0111403 0.00455635 0.00149639 0.000358958 5.37672e-005 3.92577e-006
 9.85579e-027 1.30606e-020 2.80424e-015 8.21375e-011 3.28197e-007 0.000178896 0.0133026 0.134941 0.186735 0.0359555 0.0285596 0.147939 0.108957 0.0389886 0.109438 0.0657669 0.0507916 0.0410338 0.0208218 0.0107103 0.0042073 0.00132548 0.000302731 4.23983e-005 2.8553e-006
 9.97289e-027 1.32678e-020 2.84872e-015 8.34402e-011 3.33403e-007 0.000181734 0.0135136 0.137081 0.189696 0.0365226 0.0288881 0.149619 0.110178 0.0389455 0.108792 0.0650386 0.0485495 0.0389039 0.0192329 0.00973802 0.00372089 0.00112083 0.000243046 3.20631e-005 2.00522e-006
 1.00015e-026 1.33184e-020 2.85958e-015 8.37585e-011 3.34674e-007 0.000182427 0.0135651 0.137604 0.19042 0.0366621 0.0290069 0.150236 0.11063 0.0390329 0.108955 0.0650423 0.0480797 0.0383138 0.0184479 0.00917257 0.00341719 0.000999007 0.000206147 2.56127e-005 1.49878e-006
 1.00264e-026 1.33623e-020 2.86902e-015 8.4035e-011 3.35779e-007 0.000183029 0.0136099 0.138058 0.191048 0.036789 0.0293352 0.151976 0.111901 0.0392172 0.109175 0.0649493 0.0468912 0.0370837 0.0173157 0.00840217 0.00301823 0.000854752 0.000169704 1.99391e-005 1.09425e-006
 1.00296e-026 1.3368e-020 2.87025e-015 8.40709e-011 3.35922e-007 0.000183107 0.0136157 0.138117 0.19113 0.0367977 0.029072 0.150566 0.110878 0.039288 0.109846 0.0654288 0.0476295 0.0376714 0.0174921 0.00838631 0.00292754 0.000799221 0.00015259 1.71188e-005 8.85378e-007
 1.03587e-026 1.39505e-020 2.9953e-015 8.77336e-011 3.50558e-007 0.000191084 0.0142089 0.144134 0.199457 0.0383683 0.0290607 0.150289 0.110645 0.0383914 0.106448 0.0631196 0.0445346 0.0348987 0.0156306 0.00733984 0.002492 0.000657165 0.000120072 1.28638e-005 6.32037e-007
 1.07686e-026 1.46757e-020 3.15102e-015 9.22947e-011 3.68782e-007 0.000201019 0.0149476 0.151627 0.209826 0.0403368 0.0295437 0.152603 0.112288 0.0372595 0.101407 0.0595898 0.039354 0.0302834 0.0126567 0.00568927 0.0018317 0.00046482 8.13651e-005 8.29794e-006 3.87942e-007
 1.07789e-026 1.46938e-020 3.15491e-015 9.24086e-011 3.69237e-007 0.000201267 0.014966 0.151815 0.210085 0.040401 0.0301464 0.155821 0.114631 0.0373302 0.100773 0.0589667 0.0376838 0.0287204 0.0115328 0.0049936 0.00150651 0.000360929 6.0104e-005 5.83856e-006 2.59333e-007
 1.0752e-026 1.46461e-020 3.14466e-015 9.21084e-011 3.68038e-007 0.000200613 0.0149174 0.151321 0.209403 0.040284 0.0306083 0.158309 0.116463 0.0379729 0.102551 0.0595641 0.03581 0.026837 0.0100889 0.00417828 0.00118203 0.00026348 4.08023e-005 3.73751e-006 1.5756e-007
 1.1046e-026 1.51664e-020 3.25638e-015 9.53807e-011 3.81113e-007 0.00020774 0.0154474 0.156697 0.216842 0.041692 0.0307844 0.159058 0.116992 0.037545 0.100672 0.0578771 0.0317529 0.0231022 0.00757181 0.00285983 0.000725968 0.000148432 2.10065e-005 1.77242e-006 7.01468e-008
 1.11944e-026 1.54289e-020 3.31273e-015 9.70312e-011 3.87708e-007 0.000211335 0.0157147 0.159409 0.220594 0.0424052 0.0309932 0.160078 0.117714 0.0369694 0.0981573 0.0562999 0.0302179 0.0217339 0.00659506 0.00230037 0.000503797 9.07656e-005 1.14689e-005 8.74756e-007 3.17998e-008
 1.13532e-026 1.57099e-020 3.37306e-015 9.87985e-011 3.9477e-007 0.000215184 0.0160009 0.162312 0.224612 0.0431677 0.0311722 0.160931 0.118319 0.0365327 0.0962217 0.0548734 0.0278285 0.019747 0.00572474 0.00190195 0.000374236 5.82576e-005 6.25141e-006 4.176e-007 1.36349e-008
 1.14101e-026 1.58105e-020 3.39466e-015 9.94311e-011 3.97298e-007 0.000216562 0.0161034 0.163352 0.22605 0.0434502 0.0316113 0.163243 0.119994 0.0363708 0.0949421 0.0538731 0.0259253 0.0181118 0.00489236 0.00153824 0.000282306 3.96979e-005 3.61761e-006 2.01643e-007 5.6957e-009
 1.14038e-026 1.57992e-020 3.39224e-015 9.93602e-011 3.97014e-007 0.000216407 0.0160919 0.163235 0.225889 0.0434304 0.0320263 0.165467 0.12162 0.036592 0.0951673 0.0536983 0.0242651 0.0166537 0.00418302 0.00123007 0.000205607 2.65188e-005 2.1538e-006 1.01091e-007 2.36424e-009
 1.16653e-026 1.62621e-020 3.49163e-015 1.02271e-010 4.08646e-007 0.000222748 0.0165633 0.168018 0.232507 0.0446792 0.0320393 0.165364 0.121519 0.0358574 0.0923451 0.0516702 0.0210749 0.0140399 0.00313638 0.00082582 0.000122485 1.40277e-005 1.01178e-006 4.17159e-008 8.17813e-010
 1.17364e-026 1.63879e-020 3.51865e-015 1.03063e-010 4.11808e-007 0.000224471 0.0166915 0.169318 0.234306 0.045021 0.0321334 0.165821 0.121837 0.0354486 0.0906362 0.05069 0.0205555 0.013623 0.00288265 0.000708635 9.29035e-005 9.28178e-006 5.80024e-007 2.0896e-008 3.55581e-010
 1.18717e-026 1.66272e-020 3.57003e-015 1.04568e-010 4.17822e-007 0.000227749 0.0169353 0.17179 0.237728 0.0456833 0.0327931 0.169261 0.124316 0.034819 0.0872281 0.0483266 0.0172071 0.0110043 0.00214114 0.000476956 5.62424e-005 4.88369e-006 2.57339e-007 7.86655e-009 1.15182e-010
 1.21985e-026 1.72056e-020 3.6942e-015 1.08205e-010 4.32355e-007 0.000235671 0.0175243 0.177766 0.245997 0.0472391 0.0326335 0.168192 0.123499 0.0336826 0.0831242 0.0456452 0.014096 0.00860038 0.00146356 0.000271255 2.80183e-005 2.08238e-006 9.32398e-008 2.36922e-009 2.89385e-011
 1.20759e-026 1.69883e-020 3.64756e-015 1.06839e-010 4.26896e-007 0.000232696 0.0173031 0.175521 0.242891 0.0466843 0.0338526 0.174795 0.128298 0.0336159 0.0810142 0.04429 0.0126504 0.00749293 0.00116061 0.000181029 1.58477e-005 9.42311e-007 3.5027e-008 7.40218e-010 7.44246e-012
 1.19327e-026 1.67349e-020 3.59315e-015 1.05245e-010 4.20527e-007 0.000229224 0.0170449 0.172903 0.239267 0.0460023 0.0339131 0.175213 0.128639 0.0346559 0.0849133 0.0462866 0.0124684 0.0072231 0.00107479 0.000153358 1.20376e-005 5.82095e-007 1.71128e-008 2.87085e-010 2.35263e-012
 1.21331e-026 1.70898e-020 3.66934e-015 1.07477e-010 4.29445e-007 0.000234085 0.0174064 0.176569 0.244341 0.0469399 0.0331476 0.170986 0.125544 0.0340762 0.0838571 0.0457603 0.0125878 0.00733607 0.00106092 0.000141604 1.05603e-005 4.56495e-007 1.12643e-008 1.47421e-010 9.34061e-013
 1.21044e-026 1.70388e-020 3.65839e-015 1.07156e-010 4.28163e-007 0.000233386 0.0173544 0.176042 0.243612 0.0468154 0.0336594 0.173743 0.127537 0.0337167 0.0816968 0.0446115 0.0124549 0.00729977 0.00106753 0.000145673 1.05923e-005 4.27693e-007 9.68058e-009 1.08496e-010 5.43739e-013
 1.21517e-026 1.71225e-020 3.67637e-015 1.07683e-010 4.30268e-007 0.000234533 0.0174397 0.176908 0.244809 0.0470383 0.0335405 0.173075 0.127051 0.03372 0.0818935 0.044597 0.0117889 0.00677537 0.000985239 0.00013294 9.70893e-006 3.93011e-007 8.50814e-009 8.76177e-011 3.85082e-013
 1.23474e-026 1.74689e-020 3.75075e-015 1.09861e-010 4.38973e-007 0.000239278 0.0177926 0.180487 0.249762 0.0479643 0.0332137 0.171198 0.125657 0.0328902 0.0792106 0.0430883 0.0111426 0.00634174 0.000892668 0.000111461 7.98244e-006 3.16782e-007 6.84595e-009 6.90698e-011 2.83604e-013
 1.23252e-026 1.74296e-020 3.7423e-015 1.09614e-010 4.37983e-007 0.000238739 0.0177525 0.18008 0.249199 0.0478672 0.0335695 0.173116 0.127046 0.0327116 0.0779835 0.0424027 0.0108808 0.00617318 0.000864733 0.000106369 7.37776e-006 2.73504e-007 5.74123e-009 5.71466e-011 2.32077e-013
 1.21907e-026 1.71914e-020 3.69117e-015 1.08116e-010 4.31999e-007 0.000235477 0.0175099 0.177619 0.245795 0.0472421 0.0342471 0.17683 0.12976 0.033113 0.0784922 0.0425391 0.010162 0.00559547 0.000764512 8.80279e-005 5.96526e-006 2.1176e-007 4.19659e-009 3.92873e-011 1.55297e-013
 1.20389e-026 1.69228e-020 3.6335e-015 1.06427e-010 4.2525e-007 0.000231798 0.0172363 0.174844 0.241954 0.0465177 0.0342458 0.176923 0.129861 0.0340531 0.0820994 0.0445136 0.0107165 0.00591544 0.000794488 8.69168e-005 5.72962e-006 1.92676e-007 3.67971e-009 3.27315e-011 1.21499e-013
 1.20501e-026 1.69426e-020 3.63774e-015 1.06551e-010 4.25746e-007 0.000232069 0.0172564 0.175048 0.242237 0.0465681 0.0341365 0.17633 0.129431 0.0340591 0.0822889 0.0446376 0.0108592 0.00601893 0.000804517 8.65896e-005 5.58267e-006 1.77146e-007 3.22309e-009 2.71765e-011 9.62004e-014
 1.21541e-026 1.71267e-020 3.67727e-015 1.07709e-010 4.30372e-007 0.00023459 0.017444 0.176951 0.244869 0.0470562 0.0338038 0.174482 0.128074 0.033692 0.0813878 0.0441716 0.0108698 0.00605488 0.000814453 8.9278e-005 5.75027e-006 1.79722e-007 3.1578e-009 2.51383e-011 8.42559e-014
 1.24079e-026 1.7576e-020 3.77374e-015 1.10534e-010 4.41663e-007 0.000240745 0.0179016 0.181593 0.251293 0.0482546 0.0332771 0.171497 0.125865 0.0326224 0.0780893 0.0423684 0.0103675 0.0057623 0.000776468 8.56055e-005 5.54633e-006 1.75596e-007 3.07464e-009 2.38994e-011 7.6443e-014
 1.24557e-026 1.76605e-020 3.79188e-015 1.11066e-010 4.43787e-007 0.000241902 0.0179877 0.182466 0.252501 0.0484896 0.0335512 0.172932 0.12689 0.0320874 0.0756196 0.0410035 0.00991758 0.0054859 0.000739146 8.1504e-005 5.29412e-006 1.68993e-007 2.98836e-009 2.34143e-011 7.40449e-014
 1.20014e-026 1.68563e-020 3.61921e-015 1.06008e-010 4.23577e-007 0.000230887 0.0171686 0.174157 0.241003 0.0463503 0.0347225 0.179497 0.131724 0.0337821 0.0803325 0.0435793 0.0106393 0.00591055 0.000804671 9.14401e-005 6.00002e-006 1.94775e-007 3.48308e-009 2.76449e-011 8.84118e-014
 1.21098e-026 1.70481e-020 3.6604e-015 1.07215e-010 4.28398e-007 0.000233514 0.0173639 0.176139 0.243746 0.0468736 0.0349517 0.180652 0.13255 0.033381 0.0784514 0.0422271 0.00852009 0.00431231 0.000546039 4.91509e-005 3.0357e-006 9.22319e-008 1.61115e-009 1.27206e-011 4.085e-014
 1.10964e-026 1.5254e-020 3.27518e-015 9.59313e-011 3.83313e-007 0.000208939 0.0155366 0.157602 0.218094 0.0421197 0.0382972 0.199217 0.146165 0.0366265 0.0857973 0.0461389 0.00908219 0.00452542 0.000546009 3.97674e-005 2.20989e-006 5.44372e-008 8.52259e-010 6.34347e-012 1.99725e-014
 1.05004e-026 1.4199e-020 3.04867e-015 8.9297e-011 3.56804e-007 0.00019449 0.0144621 0.146703 0.203012 0.0392752 0.0383298 0.199784 0.146721 0.0406872 0.101327 0.0543582 0.0098743 0.00468365 0.000551426 3.53597e-005 1.81253e-006 3.58419e-008 4.57454e-010 2.78004e-012 7.85363e-015
 2.02196e-026 3.14054e-020 6.74305e-015 1.97507e-010 7.8918e-007 0.000430172 0.0319872 0.324477 0.449015 0.0850183 0.0122094 0.0536475 0.0391469 0.00391396 0.000117381 3.40628e-005 2.44174e-006 2.39467e-008 3.20542e-011 6.10226e-015 6.41274e-019 1.31841e-022 7.22459e-027 2.47344e-027 2.47202e-027
 2.02388e-026 3.14393e-020 6.75033e-015 1.9772e-010 7.90032e-007 0.000430636 0.0320218 0.324827 0.4495 0.0851077 0.0121306 0.0532135 0.0388297 0.00386858 6.34832e-005 5.88383e-006 4.16018e-007 4.07976e-009 5.45803e-012 9.96425e-016 2.53212e-020 2.24678e-025 2.4804e-027 2.4734e-027 2.47202e-027
 2.01192e-026 3.12275e-020 6.70486e-015 1.96388e-010 7.84709e-007 0.000427735 0.0318061 0.322639 0.446472 0.0845505 0.0126799 0.0562307 0.0410317 0.00408804 6.73723e-005 6.36986e-006 4.50563e-007 4.41853e-009 5.91124e-012 1.07893e-015 2.69662e-020 1.21875e-025 2.47652e-027 2.47345e-027 2.47205e-027
 1.99462e-026 3.09212e-020 6.63908e-015 1.94462e-010 7.77011e-007 0.000423539 0.031494 0.319474 0.442092 0.0837444 0.0134733 0.060589 0.0442125 0.00440667 7.92727e-005 1.03827e-005 7.38477e-007 7.24216e-009 9.68877e-012 1.76857e-015 4.45018e-020 2.78471e-025 2.48021e-027 2.47353e-027 2.47211e-027
 2.02246e-026 3.14142e-020 6.74493e-015 1.97562e-010 7.89399e-007 0.000430291 0.0319961 0.324567 0.44914 0.0850415 0.0121951 0.0535676 0.0390882 0.00389561 6.88402e-005 8.52344e-006 6.05732e-007 5.94033e-009 7.94715e-012 1.45065e-015 3.64949e-020 2.26896e-025 2.47911e-027 2.47341e-027 2.47202e-027
 2.03893e-026 3.17059e-020 6.80756e-015 1.99396e-010 7.96729e-007 0.000434287 0.0322932 0.327581 0.45331 0.085809 0.0114393 0.0494157 0.036058 0.00359262 5.96327e-005 5.82273e-006 4.12123e-007 4.04157e-009 5.40693e-012 9.86912e-016 2.47222e-020 1.26685e-025 2.47677e-027 2.47333e-027 2.47197e-027
 2.04161e-026 3.17533e-020 6.81775e-015 1.99695e-010 7.97922e-007 0.000434937 0.0323416 0.328071 0.453989 0.0859339 0.0113167 0.0487424 0.0355666 0.00354289 5.58754e-005 4.19161e-006 2.94951e-007 2.89244e-009 3.86958e-012 7.0627e-016 1.76259e-020 7.36021e-026 2.47569e-027 2.47332e-027 2.47196e-027
 2.04154e-026 3.17521e-020 6.81748e-015 1.99687e-010 7.9789e-007 0.00043492 0.0323403 0.328058 0.453971 0.0859306 0.0113197 0.0487587 0.0355785 0.00354446 5.73437e-005 4.9569e-006 3.49965e-007 3.43197e-009 4.59139e-012 8.38018e-016 2.09245e-020 8.97068e-026 2.47587e-027 2.47332e-027 2.47196e-027
 2.13959e-026 3.34882e-020 7.19024e-015 2.10605e-010 8.41516e-007 0.0004587 0.0341086 0.345995 0.478792 0.0904983 0.00681311 0.0240045 0.0175128 0.00175035 5.02136e-005 1.40272e-005 1.00527e-006 9.85881e-009 1.31903e-011 2.42107e-015 8.68086e-020 7.32755e-024 2.73198e-027 2.47286e-027 2.47165e-027
#obs surv len freq
 nan nan nan nan nan nan nan nan nan nan nan nan nan nan nan nan nan nan nan nan nan nan nan nan nan
 4.90959e-027 7.72732e-021 1.65914e-015 4.85967e-011 1.94179e-007 0.000105844 0.0078705 0.0798377 0.110482 0.0213132 0.0184679 0.0959306 0.0707419 0.0278046 0.0808017 0.0516071 0.0552147 0.0534526 0.0510029 0.0494571 0.0502256 0.0512055 0.054134 0.051195 0.0191497
 5.276e-027 8.30401e-021 1.78296e-015 5.22235e-011 2.0867e-007 0.000113743 0.00845787 0.085796 0.118727 0.0229032 0.0198205 0.102953 0.0759213 0.0298704 0.0868302 0.0552841 0.0582752 0.0549736 0.0485313 0.0440081 0.042476 0.0424787 0.0446481 0.0421644 0.0157675
 5.52204e-027 8.69126e-021 1.86611e-015 5.46589e-011 2.18401e-007 0.000119048 0.0088523 0.0897971 0.124264 0.0239722 0.0207797 0.107941 0.0795984 0.0312827 0.090902 0.057882 0.0610279 0.0573129 0.0495158 0.0421439 0.0372224 0.0349498 0.0359708 0.0338254 0.0126411
 5.6886e-027 8.95342e-021 1.92239e-015 5.63076e-011 2.24989e-007 0.000122638 0.00911931 0.0925056 0.128012 0.0246946 0.0213822 0.111066 0.0819048 0.032228 0.0936865 0.0596346 0.0627793 0.0589497 0.0508458 0.0425595 0.0352648 0.0298163 0.0287951 0.0266799 0.00995265
 5.80755e-027 9.14063e-021 1.96259e-015 5.7485e-011 2.29694e-007 0.000125203 0.00931 0.0944399 0.130689 0.0252092 0.021761 0.113023 0.083347 0.0327674 0.0952274 0.060633 0.0639122 0.0599925 0.0516771 0.0431871 0.0351206 0.0273608 0.0235764 0.0208937 0.00774709
 5.86348e-027 9.22866e-021 1.98149e-015 5.80386e-011 2.31906e-007 0.000126408 0.00939965 0.0953493 0.131947 0.0254538 0.0220423 0.114496 0.08443 0.0331194 0.0961778 0.0612373 0.0645481 0.0606276 0.0523147 0.0436929 0.0354133 0.0266554 0.0204311 0.0165231 0.00601459
 5.89583e-027 9.27958e-021 1.99243e-015 5.83588e-011 2.33185e-007 0.000127106 0.00945152 0.0958755 0.132675 0.0255949 0.0221877 0.115255 0.0849927 0.0334184 0.0971223 0.0617968 0.0649399 0.0609687 0.0525849 0.0439663 0.0356328 0.026537 0.0187926 0.0134041 0.00467628
 5.90963e-027 9.3013e-021 1.99709e-015 5.84954e-011 2.33731e-007 0.000127404 0.00947364 0.0960999 0.132986 0.025655 0.0222459 0.115558 0.0852174 0.0335389 0.0975051 0.0620851 0.0654499 0.06142 0.0528662 0.0441808 0.0358299 0.026626 0.018069 0.0113721 0.00369349
 5.93582e-027 9.34252e-021 2.00594e-015 5.87546e-011 2.34767e-007 0.000127968 0.00951562 0.0965258 0.133575 0.025767 0.0222804 0.115727 0.0853423 0.0335889 0.0976511 0.0621775 0.0655471 0.0615506 0.0530647 0.0442798 0.0358595 0.0266398 0.01771 0.0100804 0.00298863
 5.95233e-027 9.3685e-021 2.01152e-015 5.8918e-011 2.3542e-007 0.000128324 0.00954208 0.0967942 0.133947 0.0258389 0.0223507 0.116094 0.0856098 0.033619 0.0976649 0.0621829 0.0655373 0.0615355 0.05305 0.0443189 0.0358753 0.0266059 0.0175082 0.00928764 0.00250986
 5.95774e-027 9.37702e-021 2.01335e-015 5.89716e-011 2.35634e-007 0.000128441 0.00955077 0.0968822 0.134068 0.0258629 0.0223912 0.116307 0.0857676 0.0336914 0.0978847 0.0622923 0.0655095 0.0614979 0.0530121 0.0442865 0.0358759 0.0265947 0.0173862 0.00880902 0.00220061
 5.95544e-027 9.3734e-021 2.01257e-015 5.89488e-011 2.35543e-007 0.000128391 0.00954707 0.0968448 0.134017 0.0258536 0.0224105 0.116412 0.0858453 0.0337446 0.0980616 0.0624085 0.0656462 0.0615861 0.0529834 0.0442469 0.0358438 0.0265829 0.0173133 0.00851698 0.00200792
