SBPRF35
0.112872
Curr Bio
152.433
B35
377.22
F35
1.64895
FOFL
1.60966
OFL
49.1336
Bzero
32247.4
#pred survey bio
 1499.72 1192.64 923.287 746.534 633.346 565.052 522.885 499.867 480.037 468.34 461.902 457.754 456.072 461.792 461.459 462.972 460.308 453.335 453.584 452.937 453.057 452.077 457.807 463.42 467.496 465.57 467.568 467.424 467.506 465.024 459.216 455.745 455.478 450.951 448.436 445.87 444.184 440.568 435.96 430.466 421.06 411.512 395.049 375.813 351.037 331.296 318.003 299.163 282.337 269.997 252.636 243.753 237.086 235.277 226.327 219.582 218.154 216.713 215.488 207.93 206.345 207.184 204.996 202.235 199.22 195.487 184.37 176.254 180.71 187.97 192.619 196.678 194.722 188.898 184.378 194.474 190.846 195.969 201.11 203.354 202.225 215.877 214.502 222.229 209.594 212.579 211.794 220.33 218.399 215.328 218.501 210.55 213.948 217.802 208.768 185.386 144.959 22.7487 23.5991 24.412 25.0004 21.9699 21.6221 24.2909 23.9007 24.3929 62.0583 5820.16 20795.9 57993.9 102910 132415 145548 151921 155643 158021 159582 160613 161293 161741 162036 162229 162355 162437 162490 162524 162546 162560 162569 162575 162579 162582 162584 162585 162585 162586 162586 162586 162586 162587 162587 162587 162587 162587 162587 162587 162587 162587 162587 162587 162587 162587 162587 162587 162587 162587 162587 162587 162587 162587 162587 162587 162587 162587 162587 162587 162587 162587 162587 162587 162587 162587 162587 162587 162587 162587 162587 162587 162587 162587 162587 162587 162587 162587 162587 162587 162587 162587 162587 162587 162587 162587 162587 162587 162587 162587 162587 162587 162587 162587 162587 162587 162587 162587 162587 162587 162587 0 0 0 0 0 0 0 0 0 0 0 0 0 0 0 0 0 0 0 0 0 0 0 0 0
#obs survey bio
 742.355 820.004 631.391 865.509 693.171 359.853 436.686 839.279 456.078 481.258 372.469 271.373 435.022 459.103 436.376 513 389.428 465.248 298.394 518.914 394.306 309.986 508.856 425.07 592.598 337.079 430.499 377.063 355.35 298.691 362.22 545.877 356.517 486.875 363.533 328.079 433.269 276.861 485.408 551.033 375.332 320.392 393.724 348.144 345.454 213.514 287.839 362.983 244.705 269.298 248.444 216.412 221.155 244.919 237.167 228.375 216.177 222.647 222.043 266.529 134.805 158.97 225.084 165.037 164.335 194.544 195.206 141.721 172.664 213.53 201.8 208.163 267.459 250.296 192.802 203.209 278.132 167.265 240.81 251.372 242.024 303.418 191.395 222.916 223.95 277.396 204.272 276.498 188.944 221.656 259.174 303.785 182.747 288.625 202.492 181.677 220.954 41.9857 35.8754 26.8981 28.4679 36.1201 40.5223 34.8765 42.1457 29.1172 30.4281
#pred catch bio
 130.175 169.597 135.729 112.244 92.615 82.1976 71.8173 74.8219 69.7052 66.4524 66.2735 65.4837 57.4984 63.4833 59.9039 63.4403 68.414 60.7745 62.2921 62.2858 65.2765 59.5382 60.7749 62.5906 68.8977 63.4034 64.3539 62.3375 63.5197 66.2654 63.1105 59.0041 63.9053 62.1824 62.7158 61.7151 63.1869 62.8159 61.849 64.7854 64.344 72.8588 78.1395 88.2189 86.9143 83.2549 92.8286 92.9595 89.3391 97.1445 89.5828 89.7074 86.4323 97.5773 97.6603 94.1327 96.7188 97.761 105.57 97.9824 95.4291 100.011 101.583 102.146 102.228 110.505 108.124 97.9104 102.879 114.299 120.534 130.726 137.356 139.25 126.677 151.535 146.637 154.743 167.618 179.763 166.525 190.761 179.849 205.953 183.324 189.855 180.219 197.244 198.945 190.847 207.164 195.126 197.052 209.215 207.7 195.12 270.958 44.0173 45.9937 48.3562 50.3739 43.7076 41.4718 47.2111 46.1817 47.0787 38.0238 49.1336 239.938 943.901 2469.78 3459.44 3708.47 3750.82 3757.12 3758 3758.13 3758.14 3758.14 3758.14 3758.14 3758.14 3758.14 3758.14 3758.14 3758.14 3758.14 3758.14 3758.14 3758.14 3758.14 3758.14 3758.14 3758.14 3758.14 3758.14 3758.14 3758.14 3758.14 3758.14 3758.14 3758.14 3758.14 3758.14 3758.14 3758.14 3758.14 3758.14 3758.14 3758.14 3758.14 3758.14 3758.14 3758.14 3758.14 3758.14 3758.14 3758.14 3758.14 3758.14 3758.14 3758.14 3758.14 3758.14 3758.14 3758.14 3758.14 3758.14 3758.14 3758.14 3758.14 3758.14 3758.14 3758.14 3758.14 3758.14 3758.14 3758.14 3758.14 3758.14 3758.14 3758.14 3758.14 3758.14 3758.14 3758.14 3758.14 3758.14 3758.14 3758.14 3758.14 3758.14 3758.14 3758.14 3758.14 3758.14 3758.14 3758.14 3758.14 3758.14 3758.14 3758.14 3758.14 3758.14 3758.14 3758.14 3758.14 0 0 0 0 0 0 0 0 0 0 0 0 0 0 0 0 0 0 0 0 0 0 0 0 0
#obs catch bio
 0 172.856 139.191 115.527 95.0915 84.802 73.9838 77.0759 71.9271 68.4357 68.1904 67.7106 59.2706 65.5708 61.5189 65.0618 70.4985 62.3027 64.2315 64.1069 67.3618 61.1619 62.6801 64.7265 71.323 65.4354 66.2447 64.0908 65.3457 68.3991 64.8312 60.3848 65.8056 63.7718 64.5354 63.7007 65.1502 64.9204 63.7867 66.5365 65.9255 75.007 80.6656 91.0696 89.1557 85.6354 95.8344 95.2699 91.1443 99.5543 90.7946 91.5701 88.1215 99.9035 99.8146 96.9775 98.8152 100.185 108.856 99.483 96.1204 101.222 102.231 102.606 102.622 111.346 108.541 98.4324 103.37 114.137 120.123 128.632 133.083 133.153 121.853 147.965 140.045 148.746 159.843 169.977 159.705 181.528 172.812 198.198 175.277 179.45 172.827 185.571 189.335 182.779 194.19 183.689 190.25 201.478 196.781 183.756 241.843 37.9033 39.0417 42.6356 44.5354 37.4567 35.7406 40.692 39.1023 40.7675 37.0484
#pred cpue bio
 1558.78 1224.88 931.747 741.342 621.65 550.401 506.431 482.74 462.18 450.391 443.498 438.015 435.321 442.229 443.194 446.171 443.598 435.292 435.055 434.072 433.793 431.41 436.215 441.703 446.735 445.57 448.772 449.326 450.299 448.515 442.558 438.858 438.748 433.605 430.516 427.629 426.359 423.512 420.12 415.904 406.625 396.411 378.132 356.79 328.838 306.273 291.342 270.637 252.533 239.543 220.151 209.287 200.486 197.38 186.296 177.329 174.109 171.065 169.312 161.736 160.447 160.841 157.547 153.973 150.738 147.59 136.336 125.909 125.622 126.877 126.676 128.2 125.334 118.299 110.443 115.733 108.312 108.953 109.119 106.006 100.436 109.686 107.66 114.085 104.064 106.493 104.942 111.049 108.298 105.252 107.905 100.106 100.064 102.522 98.8972 89.5434 73.0423 3.37917 3.79421 3.75734 3.76132 3.36588 3.26887 3.83856 3.80271 3.87181 7.4742 1470.48 4647.25 18376.3 54613.1 89724.7 106161 113778 118002 120595 122250 123322 124021 124477 124775 124970 125097 125178 125231 125266 125288 125302 125312 125318 125322 125324 125326 125327 125328 125328 125329 125329 125329 125329 125329 125329 125329 125329 125329 125329 125329 125329 125329 125329 125329 125329 125329 125329 125329 125329 125329 125329 125329 125329 125329 125329 125329 125329 125329 125329 125329 125329 125329 125329 125329 125329 125329 125329 125329 125329 125329 125329 125329 125329 125329 125329 125329 125329 125329 125329 125329 125329 125329 125329 125329 125329 125329 125329 125329 125329 125329 125329 125329 125329 125329 125329 125329 125329 125329 125329 125329 0 0 0 0 0 0 0 0 0 0 0 0 0 0 0 0 0 0 0 0 0 0 0 0 0
#obs cpue bio
 1438.87 716.51 381.498 309.511 364.885 307.214 293.199 307.245 194.805 296.371 383.479 270.843 192.576 449.508 368.211 399.052 296.928 263.742 265.679 292.898 313.077 363.74 183.232 229.279 338.669 291.227 470.965 330.133 388.242 393.486 501.764 277.77 287.418 347.355 253.845 239.545 368.863 310.163 287.877 429.494 317.715 337.534 243.582 387.568 309.894 225.984 248.367 229.35 228.466 177.111 223.262 133.664 151.518 147.384 134.994 86.5575 158.97 104.663 109.551 138.407 218.899 158.625 161.682 178.459 171.989 144.111 127.81 115.787 126.099 138.657 136.524 199.17 196.948 199.148 158.918 147.141 209.424 203.762 223.301 218.42 140.88 192.149 192.698 222.383 211.854 221.97 183.508 288.186 228.646 205.035 296.099 167.922 152.17 173.501 264.692 231.818 204.448 21.6551 32.0352 22.5489 23.0407 24.5589 18.7533 27.0078 30.7082 29.0244 17.4866
#pred surv len freq
 5.90856e-027 6.07462e-021 1.30428e-015 3.82029e-011 1.52648e-007 8.32062e-005 0.00618715 0.0627621 0.0868521 0.0167505 0.0143531 0.0745318 0.0550151 0.0231156 0.0686767 0.0454127 0.0559316 0.0572424 0.0616059 0.0633205 0.0668684 0.0700785 0.0778677 0.0706928 0.0226518
 6.45231e-027 7.03608e-021 1.51071e-015 4.42495e-011 1.76808e-007 9.63757e-005 0.00716643 0.0726958 0.100599 0.0193818 0.0158448 0.0821549 0.0606196 0.024846 0.073225 0.0476315 0.0550548 0.0551191 0.0567674 0.0573373 0.0600205 0.0619786 0.0664535 0.0615971 0.0214107
 6.93442e-027 7.88924e-021 1.6939e-015 4.9615e-011 1.98247e-007 0.000108062 0.00803539 0.0815105 0.112797 0.0217431 0.0182039 0.0944588 0.069655 0.0273361 0.0794086 0.051108 0.056507 0.0548123 0.0521534 0.0499782 0.0503908 0.0511559 0.0534409 0.0493856 0.0178115
 7.30967e-027 8.55382e-021 1.83659e-015 5.37945e-011 2.14947e-007 0.000117165 0.00871228 0.0883769 0.122299 0.0235718 0.0196235 0.101807 0.0750922 0.0299971 0.0876419 0.055797 0.0588143 0.0560159 0.0506821 0.0452414 0.0422099 0.040836 0.0415393 0.0378288 0.013797
 7.59063e-027 9.05168e-021 1.94348e-015 5.69255e-011 2.27458e-007 0.000123984 0.00921937 0.0935208 0.129417 0.0249402 0.0206263 0.106987 0.0789071 0.0313604 0.0914754 0.0584553 0.062599 0.0587954 0.0506901 0.0432219 0.0371581 0.0327282 0.0315372 0.0280441 0.0101935
 7.79194e-027 9.40856e-021 2.02011e-015 5.91699e-011 2.36425e-007 0.000128872 0.00958286 0.0972079 0.134519 0.0259191 0.0212648 0.11027 0.0813233 0.0321654 0.0936714 0.0597985 0.0637738 0.0601883 0.0524129 0.0431672 0.0348682 0.0277476 0.0241309 0.0205004 0.00735916
 7.92441e-027 9.64346e-021 2.07054e-015 6.06472e-011 2.42328e-007 0.00013209 0.00982211 0.0996349 0.137878 0.0265649 0.0217455 0.112754 0.0831482 0.0326819 0.0949734 0.0605596 0.0642567 0.0605436 0.0526107 0.0436421 0.0344027 0.0251945 0.0192324 0.0149737 0.00524886
 7.96414e-027 9.71413e-021 2.08572e-015 6.10916e-011 2.44104e-007 0.000133058 0.00989409 0.100365 0.138888 0.0267629 0.0220333 0.114268 0.0842631 0.0330928 0.0961396 0.0612492 0.064734 0.0609362 0.0528361 0.0437768 0.0345878 0.0244683 0.0165221 0.0112725 0.00377732
 8.00013e-027 9.77806e-021 2.09945e-015 6.14937e-011 2.45711e-007 0.000133934 0.00995921 0.101026 0.139802 0.0269402 0.0222249 0.115269 0.085005 0.0334796 0.0973551 0.0619495 0.0651189 0.0611127 0.0525589 0.0433689 0.0341638 0.0240175 0.0150169 0.00877453 0.00272316
 8.06388e-027 9.8911e-021 2.12372e-015 6.22045e-011 2.48551e-007 0.000135482 0.0100743 0.102193 0.141418 0.0272443 0.0221941 0.115062 0.0848549 0.0334916 0.097461 0.0620788 0.0655408 0.0614596 0.0526421 0.0431724 0.0337878 0.0236412 0.0142646 0.00726061 0.00202231
 8.15762e-027 1.00571e-020 2.15937e-015 6.32488e-011 2.52723e-007 0.000137756 0.0102435 0.103909 0.143792 0.0276936 0.0222507 0.115304 0.0850218 0.033243 0.0964315 0.0614684 0.065118 0.0611802 0.0526448 0.0430878 0.0335103 0.0232626 0.013777 0.00635603 0.00156805
 8.21156e-027 1.01526e-020 2.17987e-015 6.38492e-011 2.55123e-007 0.000139064 0.0103407 0.104895 0.145157 0.027958 0.0225224 0.116721 0.086054 0.0332804 0.0961754 0.0611605 0.0641219 0.0602468 0.0519884 0.042703 0.0332157 0.0228921 0.0133619 0.00578565 0.00127988
 8.17296e-027 1.00843e-020 2.1652e-015 6.34196e-011 2.53406e-007 0.000138128 0.0102711 0.10419 0.144181 0.0277796 0.0227513 0.117972 0.0869783 0.0337063 0.0974706 0.061827 0.064074 0.0599654 0.0512907 0.0421667 0.0329212 0.0226833 0.0130904 0.00543658 0.00110725
 8.07448e-027 9.9101e-021 2.1278e-015 6.2324e-011 2.49028e-007 0.000135742 0.0100937 0.10239 0.14169 0.0273049 0.0225604 0.117015 0.086291 0.0339433 0.0986596 0.062694 0.065492 0.0612389 0.0521157 0.0426162 0.0332202 0.0229752 0.0132052 0.00533289 0.00102605
 8.03644e-027 9.84285e-021 2.11336e-015 6.19011e-011 2.47339e-007 0.000134821 0.0100252 0.101695 0.140729 0.0271189 0.0223817 0.116084 0.0856111 0.033861 0.098606 0.0628253 0.0664055 0.0622135 0.0530816 0.0432087 0.0334361 0.0230661 0.0132678 0.005272 0.000976792
 8.02648e-027 9.82529e-021 2.10959e-015 6.17907e-011 2.46897e-007 0.000134581 0.0100073 0.101514 0.140477 0.0270666 0.0221863 0.115045 0.0848448 0.0335627 0.0977447 0.0623969 0.0665292 0.0626438 0.0541714 0.044299 0.034227 0.0234393 0.0134474 0.00530328 0.000959747
 8.07493e-027 9.91106e-021 2.128e-015 6.23301e-011 2.49053e-007 0.000135755 0.0100947 0.1024 0.141704 0.0272976 0.0221714 0.114934 0.0847554 0.0333206 0.0968374 0.0617859 0.0657363 0.0619988 0.053965 0.0445747 0.0347409 0.0237555 0.0135365 0.00530859 0.000947815
 8.13557e-027 1.00183e-020 2.15103e-015 6.30047e-011 2.51748e-007 0.000137225 0.0102039 0.103508 0.143237 0.0275924 0.0223885 0.116055 0.0855719 0.0333537 0.0966474 0.0615173 0.06476 0.0609083 0.0527269 0.0436739 0.034358 0.0237089 0.013475 0.0052472 0.000929138
 8.13133e-027 1.00108e-020 2.14942e-015 6.29574e-011 2.51559e-007 0.000137122 0.0101963 0.10343 0.14313 0.0275737 0.0224502 0.116388 0.0858187 0.0334833 0.0970547 0.0617216 0.0647126 0.0607544 0.0523405 0.0432186 0.0340537 0.0237462 0.0135942 0.00526955 0.000926729
 8.13828e-027 1.00231e-020 2.15205e-015 6.30346e-011 2.51868e-007 0.00013729 0.0102088 0.103557 0.143305 0.0276069 0.0224552 0.11641 0.0858377 0.0335657 0.0973678 0.0619187 0.0649044 0.060837 0.0521393 0.0428533 0.0336093 0.023489 0.0135894 0.00528308 0.0009244
 8.20065e-027 1.01335e-020 2.17576e-015 6.37289e-011 2.54642e-007 0.000138802 0.0103212 0.104698 0.144884 0.0279031 0.0223913 0.116027 0.0855546 0.0334283 0.0969435 0.0616795 0.0647979 0.0607414 0.0520162 0.0425823 0.0331948 0.0230923 0.0134237 0.00526169 0.000920151
 8.29136e-027 1.0294e-020 2.21021e-015 6.47381e-011 2.58674e-007 0.000141 0.0104847 0.106356 0.147178 0.0283401 0.0225543 0.116839 0.0861399 0.0332776 0.0961312 0.0611177 0.0640018 0.059974 0.0513335 0.0419649 0.032573 0.0224985 0.0130433 0.00514693 0.00090393
 8.26114e-027 1.02404e-020 2.19872e-015 6.44015e-011 2.57329e-007 0.000140267 0.0104301 0.105803 0.146413 0.0282015 0.0227827 0.118081 0.0870494 0.0334643 0.0965036 0.0612504 0.0636556 0.0596427 0.0511237 0.0418417 0.0324691 0.0223206 0.0128531 0.00507727 0.000896828
 8.18725e-027 1.01096e-020 2.17064e-015 6.3579e-011 2.54043e-007 0.000138476 0.0102969 0.104452 0.144543 0.0278488 0.0227821 0.118127 0.0870968 0.0338679 0.0980522 0.0621578 0.0642319 0.0600145 0.0510875 0.0418113 0.0324877 0.022315 0.0127736 0.00502518 0.000890623
 8.11676e-027 9.98494e-021 2.14386e-015 6.27947e-011 2.50909e-007 0.000136767 0.0101699 0.103163 0.14276 0.0275087 0.0226379 0.117402 0.0865738 0.0339852 0.0987133 0.0627328 0.0655501 0.0611794 0.0517423 0.0420838 0.0325846 0.0223987 0.0127892 0.00500216 0.000885943
 8.10108e-027 9.95722e-021 2.13791e-015 6.26204e-011 2.50212e-007 0.000136388 0.0101417 0.102877 0.142364 0.0274314 0.022539 0.116883 0.0861951 0.0339415 0.0986915 0.0627981 0.0659936 0.0617342 0.0524612 0.0424385 0.0325675 0.0222761 0.0127082 0.00494906 0.000873317
 8.08579e-027 9.93021e-021 2.13211e-015 6.24505e-011 2.49534e-007 0.000136018 0.0101142 0.102598 0.141978 0.0273548 0.0223911 0.116102 0.0856191 0.0337226 0.0980654 0.0625021 0.0661706 0.0621187 0.0532996 0.0433797 0.0332639 0.0225449 0.0127972 0.00496978 0.000873189
 8.04816e-027 9.86363e-021 2.11782e-015 6.20318e-011 2.47861e-007 0.000135106 0.0100464 0.10191 0.141026 0.0271758 0.0224139 0.116248 0.0857234 0.0336597 0.0977803 0.0623182 0.0659729 0.0620605 0.053623 0.0439883 0.0340198 0.023044 0.0129668 0.00501095 0.000877156
 8.00392e-027 9.78536e-021 2.10101e-015 6.15396e-011 2.45894e-007 0.000134034 0.00996664 0.101101 0.139907 0.0269617 0.0222981 0.115658 0.0852958 0.0337091 0.098137 0.062523 0.0660827 0.0621872 0.0538503 0.0444381 0.0347082 0.0237261 0.0133194 0.00510704 0.000890095
 8.00766e-027 9.79202e-021 2.10244e-015 6.15814e-011 2.46061e-007 0.000134125 0.00997342 0.10117 0.140002 0.0269763 0.0221656 0.114947 0.0847734 0.0335646 0.0977785 0.0623785 0.0663197 0.06239 0.0539155 0.0445407 0.0349854 0.0241854 0.013677 0.00521931 0.000904212
 8.04882e-027 9.86486e-021 2.11808e-015 6.20396e-011 2.47892e-007 0.000135123 0.0100476 0.101922 0.141043 0.0271737 0.0222 0.115104 0.0848823 0.0334105 0.0971377 0.061964 0.0658585 0.0620176 0.0537334 0.044307 0.0347867 0.02421 0.0138508 0.00530168 0.000913755
 8.05398e-027 9.87396e-021 2.12004e-015 6.20968e-011 2.4812e-007 0.000135247 0.0100569 0.102016 0.141173 0.0272005 0.0222898 0.11558 0.0852293 0.0334185 0.0970333 0.0618359 0.0654378 0.0616317 0.0534952 0.0442316 0.0347449 0.0241954 0.0139679 0.00539607 0.000929465
 8.05662e-027 9.87866e-021 2.12104e-015 6.21263e-011 2.48238e-007 0.000135312 0.0100617 0.102065 0.14124 0.0272114 0.0222193 0.115202 0.0849542 0.0334226 0.0971551 0.0618965 0.0654191 0.0615845 0.053409 0.0442521 0.0348852 0.0243326 0.0140994 0.00550224 0.000952398
 8.10822e-027 9.96995e-021 2.14064e-015 6.27004e-011 2.50532e-007 0.000136562 0.0101546 0.103008 0.142546 0.027459 0.0222734 0.115457 0.0851374 0.0333567 0.0968279 0.0616836 0.0651704 0.0612491 0.0528506 0.0436798 0.034439 0.0241016 0.0140045 0.00550448 0.000960386
 8.11356e-027 9.97935e-021 2.14266e-015 6.27596e-011 2.50769e-007 0.000136691 0.0101642 0.103105 0.14268 0.0274882 0.0224234 0.116256 0.0857208 0.0334218 0.0968549 0.0616512 0.0649073 0.0609956 0.0526293 0.0433451 0.0340434 0.0238275 0.0138939 0.00548948 0.000965269
 8.09297e-027 9.94289e-021 2.13483e-015 6.25302e-011 2.49852e-007 0.000136191 0.0101271 0.102729 0.142159 0.0273914 0.0224847 0.116598 0.0859775 0.0336602 0.0976806 0.0620958 0.0649902 0.0609681 0.0524059 0.0431275 0.0337729 0.0235405 0.0137382 0.00545301 0.000965058
 8.05657e-027 9.87849e-021 2.12101e-015 6.21253e-011 2.48234e-007 0.000135309 0.0100615 0.102063 0.141238 0.0272166 0.02244 0.116383 0.085825 0.0337701 0.0981683 0.0624728 0.0656921 0.0615499 0.0526385 0.0431734 0.0337246 0.0234288 0.0136302 0.00542385 0.000964895
 7.99885e-027 9.77634e-021 2.09907e-015 6.14828e-011 2.45667e-007 0.00013391 0.00995745 0.101008 0.139778 0.0269407 0.0224285 0.116359 0.0858112 0.0338651 0.098544 0.0627675 0.0662642 0.0621635 0.0532836 0.0435352 0.0338269 0.0234114 0.013566 0.00539331 0.000962784
 7.93802e-027 9.66872e-021 2.07597e-015 6.0806e-011 2.42963e-007 0.000132436 0.00984784 0.0998959 0.138239 0.0266473 0.0223056 0.115741 0.0853649 0.0339438 0.0990231 0.0631167 0.0668391 0.0627892 0.0540197 0.0442322 0.0343022 0.0235967 0.013607 0.00539228 0.000963464
 7.93595e-027 9.66512e-021 2.0752e-015 6.07834e-011 2.42872e-007 0.000132387 0.00984417 0.0998587 0.138187 0.026632 0.0220838 0.114556 0.0844959 0.0337464 0.0985937 0.0629605 0.0672239 0.0632535 0.0546061 0.0448599 0.0348996 0.0239594 0.0137274 0.00541329 0.000965759
 7.99332e-027 9.76665e-021 2.097e-015 6.14219e-011 2.45424e-007 0.000133777 0.00994758 0.100908 0.139639 0.0269062 0.0221008 0.114609 0.0845251 0.0334752 0.0975289 0.0623028 0.066634 0.0627988 0.0544592 0.0448383 0.0349964 0.0240927 0.0137561 0.00538962 0.00095814
 8.03619e-027 9.84248e-021 2.11328e-015 6.18988e-011 2.47329e-007 0.000134816 0.0100248 0.101691 0.140723 0.0271153 0.0222784 0.115531 0.0851958 0.0334822 0.0972944 0.0620173 0.0656987 0.0618883 0.0537264 0.0443778 0.0347651 0.0240217 0.0137333 0.00535316 0.000946717
 8.09819e-027 9.9521e-021 2.13681e-015 6.25882e-011 2.50084e-007 0.000136318 0.0101365 0.102824 0.142291 0.0274192 0.0225998 0.11721 0.0864301 0.0338659 0.0983041 0.0624235 0.0650036 0.0608051 0.0518807 0.042666 0.0334319 0.0231847 0.0133004 0.00517693 0.000910811
 8.22141e-027 1.01701e-020 2.18361e-015 6.3959e-011 2.55561e-007 0.000139303 0.0103585 0.105076 0.145407 0.0280134 0.0228489 0.118462 0.0873528 0.0342122 0.0992903 0.0628931 0.0647359 0.0600466 0.0499659 0.0403279 0.0311642 0.0215835 0.0124274 0.00484536 0.000849818
 8.41587e-027 1.0514e-020 2.25746e-015 6.61221e-011 2.64204e-007 0.000144014 0.0107088 0.108629 0.150325 0.0289548 0.0233856 0.121205 0.0893588 0.034529 0.0997432 0.0629663 0.063791 0.0586331 0.0474548 0.0372928 0.0279451 0.0189986 0.0109171 0.0042691 0.000748474
 8.53297e-027 1.07211e-020 2.30192e-015 6.74242e-011 2.69407e-007 0.000146851 0.0109197 0.110769 0.153285 0.0295287 0.0239887 0.124355 0.0916686 0.0350736 0.100962 0.0634574 0.0629622 0.057419 0.0454249 0.0348193 0.0251629 0.0164891 0.0092978 0.00363235 0.000637788
 8.58162e-027 1.08071e-020 2.32038e-015 6.7965e-011 2.71568e-007 0.000148028 0.0110073 0.111657 0.154514 0.0297687 0.0243059 0.12602 0.0929005 0.035671 0.102805 0.064439 0.0630816 0.057104 0.0441514 0.033169 0.0232197 0.0145664 0.00789666 0.00304051 0.000533864
 8.67281e-027 1.09683e-020 2.355e-015 6.8979e-011 2.7562e-007 0.000150237 0.0111715 0.113323 0.15682 0.0302149 0.0247484 0.128327 0.094598 0.0362268 0.104305 0.0651813 0.0628447 0.0563241 0.0421555 0.0308522 0.020887 0.012571 0.00647253 0.00240694 0.000419133
 8.75209e-027 1.11085e-020 2.3851e-015 6.98607e-011 2.79143e-007 0.000152157 0.0113143 0.114771 0.158824 0.0306019 0.0250985 0.130148 0.0959389 0.0367004 0.105624 0.0658351 0.0626461 0.0557199 0.0406298 0.0288929 0.018797 0.0108349 0.0052867 0.00186559 0.000317307
 8.8505e-027 1.12826e-020 2.42248e-015 7.09556e-011 2.83518e-007 0.000154542 0.0114916 0.11657 0.161313 0.0310748 0.0252272 0.130772 0.0963982 0.0368615 0.106072 0.0660457 0.0625103 0.0553375 0.0396511 0.0276105 0.0173187 0.00951101 0.00438714 0.00145484 0.000237524
 9.08563e-027 1.16986e-020 2.5118e-015 7.35717e-011 2.93971e-007 0.00016024 0.0119153 0.120868 0.167261 0.0322074 0.0256418 0.132835 0.0978983 0.0368524 0.105451 0.0653647 0.0604498 0.0530289 0.0369257 0.0251483 0.0152663 0.00800728 0.00347562 0.00107635 0.000166309
 9.24771e-027 1.19853e-020 2.57336e-015 7.53749e-011 3.01176e-007 0.000164167 0.0122073 0.123831 0.17136 0.0329907 0.0260336 0.134825 0.0993446 0.036842 0.104848 0.0647807 0.0588955 0.0513161 0.0349404 0.0232812 0.013689 0.00689736 0.00282363 0.00081243 0.000117582
 9.33168e-027 1.21338e-020 2.60524e-015 7.63085e-011 3.04906e-007 0.0001662 0.0123585 0.125364 0.173483 0.0334038 0.0265312 0.137432 0.101252 0.0371762 0.105403 0.0648143 0.0574271 0.0496189 0.032919 0.0214802 0.0122406 0.00592929 0.00230178 0.000615393 8.28073e-005
 9.36625e-027 1.21949e-020 2.61836e-015 7.66929e-011 3.06442e-007 0.000167038 0.0124208 0.125996 0.174357 0.0335718 0.026652 0.138056 0.101718 0.0375252 0.106577 0.0654003 0.0572763 0.0491549 0.0318095 0.0203367 0.0112494 0.00524999 0.00193841 0.000483774 6.03447e-005
 9.53992e-027 1.25021e-020 2.68433e-015 7.86251e-011 3.14163e-007 0.000171246 0.0127337 0.12917 0.178749 0.0344094 0.0270045 0.139827 0.103009 0.0376052 0.106383 0.0649966 0.0555285 0.047108 0.0292469 0.0181441 0.00965582 0.00433393 0.00152474 0.000356815 4.13298e-005
 9.66095e-027 1.27162e-020 2.73028e-015 7.99712e-011 3.19541e-007 0.000174178 0.0129517 0.131382 0.18181 0.034999 0.0274847 0.142317 0.104825 0.0377579 0.106269 0.064642 0.0538296 0.045195 0.0270119 0.0161856 0.0081976 0.00350815 0.00117394 0.000258466 2.79049e-005
 9.76057e-027 1.28924e-020 2.76813e-015 8.10796e-011 3.2397e-007 0.000176592 0.0131313 0.133203 0.18433 0.035477 0.0275872 0.1428 0.105181 0.0378764 0.106588 0.0646512 0.0529238 0.0441245 0.0256788 0.0149748 0.00723787 0.00292583 0.000923185 0.000191129 1.9303e-005
 9.75333e-027 1.28795e-020 2.76535e-015 8.09983e-011 3.23645e-007 0.000176415 0.0131181 0.133069 0.184145 0.0354544 0.0280711 0.145393 0.107075 0.0381223 0.10681 0.0646553 0.0522837 0.0432957 0.0245007 0.0139614 0.00649287 0.00248692 0.000733318 0.000141709 1.33951e-005
 9.65368e-027 1.2703e-020 2.72747e-015 7.98887e-011 3.19212e-007 0.000173998 0.0129384 0.131246 0.181622 0.0349845 0.0283025 0.146697 0.108051 0.0388987 0.109444 0.0660355 0.0523344 0.0430926 0.0239163 0.013349 0.00599411 0.00219508 0.000606547 0.000108492 9.54734e-006
 9.72376e-027 1.2827e-020 2.75409e-015 8.06685e-011 3.22327e-007 0.000175697 0.0130647 0.132527 0.183395 0.0353187 0.0282933 0.146601 0.10799 0.0391549 0.110459 0.06649 0.0518973 0.0422944 0.0224319 0.0121944 0.00528561 0.00185475 0.000484094 8.01965e-005 6.51995e-006
 9.82666e-027 1.30092e-020 2.7932e-015 8.18141e-011 3.26905e-007 0.000178192 0.0132502 0.134409 0.185999 0.0358042 0.0280653 0.145314 0.107037 0.0386614 0.108915 0.0657553 0.0522864 0.0426671 0.0225238 0.0119835 0.00498413 0.0016806 0.000416591 6.43972e-005 4.82818e-006
 9.86547e-027 1.30779e-020 2.80794e-015 8.22459e-011 3.2863e-007 0.000179132 0.0133201 0.135119 0.186981 0.0359932 0.0282181 0.146106 0.1076 0.0383079 0.107325 0.064811 0.0516289 0.0423202 0.0228339 0.0121978 0.00500103 0.00161732 0.000381404 5.5408e-005 3.85085e-006
 9.88878e-027 1.3119e-020 2.81679e-015 8.25049e-011 3.29665e-007 0.000179696 0.0133621 0.135544 0.18757 0.0361122 0.028527 0.147743 0.108799 0.03855 0.107795 0.0647782 0.050043 0.0407927 0.0217496 0.0116764 0.00483692 0.00154238 0.00034782 4.76235e-005 3.08979e-006
 9.92903e-027 1.31902e-020 2.83207e-015 8.29525e-011 3.31454e-007 0.000180671 0.0134346 0.13628 0.188588 0.0363072 0.0286439 0.148342 0.109243 0.0387748 0.108494 0.0650253 0.0493676 0.0398772 0.0204498 0.0107856 0.00442823 0.00142113 0.000315337 4.10739e-005 2.49953e-006
 9.8844e-027 1.31111e-020 2.81509e-015 8.24553e-011 3.29467e-007 0.000179588 0.013354 0.135463 0.187457 0.0361021 0.0289662 0.150095 0.110528 0.0390704 0.109144 0.0653407 0.0492319 0.0395597 0.0197679 0.0101465 0.00400745 0.00126671 0.000280886 3.57613e-005 2.06319e-006
 9.83839e-027 1.30297e-020 2.7976e-015 8.1943e-011 3.2742e-007 0.000178473 0.0132711 0.134621 0.186293 0.0358832 0.0289977 0.150295 0.110689 0.0395265 0.110851 0.0662422 0.0493061 0.0394702 0.019431 0.00980089 0.00373428 0.00113185 0.000245489 3.10036e-005 1.73633e-006
 1.01136e-026 1.35168e-020 2.90218e-015 8.50061e-011 3.39659e-007 0.000185144 0.0137672 0.139653 0.193256 0.037195 0.0289216 0.149706 0.110244 0.0390357 0.109109 0.0649118 0.0468679 0.0370699 0.0173357 0.00849818 0.00312366 0.000907218 0.000187689 2.3108e-005 1.2748e-006
 1.06071e-026 1.43901e-020 3.08969e-015 9.04984e-011 3.61605e-007 0.000197106 0.0146567 0.148676 0.205742 0.0395505 0.0289213 0.14938 0.109953 0.0375164 0.103314 0.0611586 0.0426445 0.0333237 0.014792 0.00695232 0.00240556 0.000667342 0.000131179 1.53866e-005 8.27055e-007
 1.08953e-026 1.49001e-020 3.1992e-015 9.37058e-011 3.74421e-007 0.000204092 0.0151761 0.153946 0.213034 0.0409351 0.0292714 0.151063 0.111138 0.0364126 0.0985664 0.0581211 0.0394112 0.030618 0.0133476 0.00611919 0.00200549 0.000522342 9.67883e-005 1.07274e-005 5.50826e-007
 1.09374e-026 1.49744e-020 3.21515e-015 9.41733e-011 3.76289e-007 0.00020511 0.0152518 0.154714 0.214097 0.0411567 0.0301003 0.15547 0.114349 0.0365931 0.0980178 0.0572779 0.0362342 0.0277212 0.0115428 0.00515867 0.00163172 0.000401644 6.91695e-005 7.16162e-006 3.47058e-007
 1.0902e-026 1.49116e-020 3.20166e-015 9.37779e-011 3.74709e-007 0.000204249 0.0151878 0.154064 0.213198 0.0410026 0.0307085 0.158747 0.116761 0.037399 0.100205 0.0580307 0.0340312 0.0254073 0.00953221 0.00400571 0.00118753 0.000278551 4.49203e-005 4.29254e-006 1.93785e-007
 1.08113e-026 1.47509e-020 3.16716e-015 9.27676e-011 3.70672e-007 0.000202048 0.0150242 0.152404 0.210901 0.0405769 0.0310078 0.160408 0.117994 0.0381173 0.102514 0.0591955 0.0338135 0.0248793 0.00853998 0.00332433 0.000876379 0.000189153 2.85201e-005 2.52994e-006 1.05253e-007
 1.08227e-026 1.4771e-020 3.17148e-015 9.28942e-011 3.71178e-007 0.000202324 0.0150447 0.152612 0.211189 0.0406362 0.0312043 0.161452 0.118763 0.03838 0.103232 0.0593874 0.0327729 0.023826 0.00768565 0.00281223 0.000657156 0.000124666 1.67757e-005 1.3706e-006 5.26398e-008
 1.11405e-026 1.53335e-020 3.29226e-015 9.64316e-011 3.85312e-007 0.000210029 0.0156176 0.158424 0.219231 0.042147 0.0309526 0.159896 0.1176 0.0375024 0.100266 0.0573682 0.0300513 0.0215058 0.00644566 0.00222111 0.000471309 7.89601e-005 9.09897e-006 6.52313e-007 2.28447e-008
 1.14899e-026 1.59518e-020 3.42501e-015 1.0032e-010 4.00849e-007 0.000218498 0.0162473 0.164812 0.228071 0.0438237 0.0313102 0.161579 0.118773 0.0360527 0.0941792 0.0535091 0.0261098 0.0183125 0.00503091 0.00161124 0.000308046 4.62977e-005 4.61262e-006 2.79288e-007 8.51447e-009
 1.1446e-026 1.58741e-020 3.40832e-015 9.98312e-011 3.98896e-007 0.000217433 0.0161682 0.164009 0.22696 0.0436227 0.0316464 0.163406 0.120107 0.0361955 0.0942176 0.0534353 0.0255794 0.0178468 0.00479787 0.00148926 0.000262083 3.56458e-005 3.12281e-006 1.6142e-007 4.13493e-009
 1.16892e-026 1.63044e-020 3.50072e-015 1.02538e-010 4.0971e-007 0.000223327 0.0166065 0.168455 0.233112 0.0447931 0.0320286 0.165291 0.121454 0.0355374 0.0911304 0.0510831 0.0213335 0.0143601 0.00343833 0.000973041 0.000158233 1.95907e-005 1.51511e-006 6.77701e-008 1.46685e-009
 1.18274e-026 1.65489e-020 3.55322e-015 1.04075e-010 4.15854e-007 0.000226677 0.0168555 0.170981 0.236609 0.0454535 0.0320626 0.165382 0.121504 0.0350676 0.0892844 0.0498669 0.019875 0.0131447 0.00284576 0.000724522 0.000103442 1.14546e-005 7.94246e-007 3.10992e-008 5.76904e-010
 1.19499e-026 1.67657e-020 3.59975e-015 1.05438e-010 4.213e-007 0.000229645 0.0170763 0.173221 0.239707 0.0460444 0.0323106 0.166628 0.122391 0.0345087 0.0867696 0.0482442 0.0180891 0.011749 0.00239119 0.000562693 7.05254e-005 6.70296e-006 3.99738e-007 1.37767e-008 2.22309e-010
 1.22216e-026 1.72465e-020 3.70299e-015 1.08462e-010 4.33383e-007 0.000236231 0.017566 0.178188 0.246582 0.0473421 0.0323438 0.166627 0.122353 0.0334521 0.0826765 0.0456168 0.0152561 0.0095696 0.00177316 0.000371598 4.195e-005 3.45625e-006 1.71933e-007 4.97763e-009 6.93477e-011
 1.22977e-026 1.7381e-020 3.73187e-015 1.09308e-010 4.36763e-007 0.000238074 0.017703 0.179578 0.248505 0.047731 0.0333672 0.172052 0.12627 0.0326816 0.078171 0.0427429 0.0122585 0.00728979 0.00118649 0.000204054 1.98589e-005 1.37274e-006 5.78076e-008 1.37849e-009 1.58421e-011
 1.20891e-026 1.70118e-020 3.6526e-015 1.06986e-010 4.27486e-007 0.000233017 0.017327 0.175764 0.243227 0.0467341 0.0333234 0.171955 0.126245 0.0339716 0.0831845 0.0455172 0.0131993 0.00786384 0.00123859 0.000198693 1.71207e-005 9.75063e-007 3.39468e-008 6.70073e-010 6.30231e-012
 1.21227e-026 1.70713e-020 3.66537e-015 1.0736e-010 4.2898e-007 0.000233831 0.0173875 0.176378 0.244077 0.0469 0.0335397 0.17309 0.127062 0.0337102 0.0818544 0.0446955 0.0124652 0.00731666 0.00111039 0.000165275 1.33628e-005 6.6929e-007 1.92485e-008 3.04571e-010 2.31998e-012
 1.19401e-026 1.6748e-020 3.59597e-015 1.05327e-010 4.20857e-007 0.000229404 0.0170583 0.173038 0.239455 0.0460286 0.0335562 0.173299 0.127245 0.034613 0.0852887 0.0467104 0.0137618 0.00823241 0.00127162 0.000195199 1.54663e-005 7.32601e-007 1.91385e-008 2.55113e-010 1.54962e-012
 1.21203e-026 1.70669e-020 3.66443e-015 1.07333e-010 4.2887e-007 0.000233771 0.0173831 0.176333 0.244014 0.0468946 0.0337893 0.174427 0.128033 0.0336875 0.0813893 0.044312 0.0116646 0.00669879 0.000989776 0.000139055 1.07748e-005 4.93942e-007 1.22172e-008 1.48494e-010 7.75064e-013
 1.21652e-026 1.71464e-020 3.6815e-015 1.07833e-010 4.30868e-007 0.000234861 0.017464 0.177154 0.245151 0.0470973 0.0333299 0.17194 0.126226 0.0337384 0.082284 0.0448763 0.0122185 0.00709823 0.00103522 0.000140892 1.05677e-005 4.58575e-007 1.10418e-008 1.28813e-010 6.22276e-013
 1.22086e-026 1.72232e-020 3.69799e-015 1.08316e-010 4.32798e-007 0.000235913 0.0175423 0.177948 0.246249 0.0473106 0.0335712 0.173202 0.127128 0.0332739 0.0801348 0.0436786 0.011771 0.00681377 0.000994684 0.000135423 9.9633e-006 4.12633e-007 9.43659e-009 1.04868e-010 4.87803e-013
 1.21403e-026 1.71024e-020 3.67204e-015 1.07556e-010 4.29761e-007 0.000234257 0.0174192 0.176699 0.244521 0.046978 0.0333074 0.171836 0.126153 0.0337971 0.0825416 0.0450908 0.012676 0.00745579 0.00111734 0.000160979 1.20798e-005 5.10995e-007 1.14434e-008 1.21355e-010 5.35899e-013
 1.22146e-026 1.72338e-020 3.70026e-015 1.08382e-010 4.33064e-007 0.000236058 0.0175531 0.178057 0.2464 0.0473381 0.0335277 0.172966 0.126956 0.0332671 0.0801748 0.043706 0.0118074 0.00684517 0.00101228 0.000142122 1.07775e-005 4.68743e-007 1.06837e-008 1.1315e-010 4.81821e-013
 1.22122e-026 1.72295e-020 3.69934e-015 1.08355e-010 4.32956e-007 0.000235999 0.0175487 0.178013 0.246339 0.0473357 0.0338912 0.174911 0.128367 0.0331526 0.0791845 0.0430242 0.0108663 0.00613285 0.000875774 0.000113536 8.3525e-006 3.50275e-007 8.05196e-009 8.71044e-011 3.74095e-013
 1.22067e-026 1.722e-020 3.69729e-015 1.08295e-010 4.32716e-007 0.000235868 0.017539 0.177914 0.246203 0.0473014 0.0335514 0.173097 0.127058 0.0334523 0.0808515 0.0439755 0.0113381 0.00644714 0.000911698 0.000115088 8.21077e-006 3.23855e-007 7.16775e-009 7.62843e-011 3.32707e-013
 1.25382e-026 1.78067e-020 3.82327e-015 1.11985e-010 4.4746e-007 0.000243905 0.0181366 0.183976 0.254591 0.0488789 0.0333544 0.171825 0.126075 0.0318205 0.0748969 0.0405686 0.00958016 0.00524859 0.000715159 8.18108e-005 5.59303e-006 2.04555e-007 4.24127e-009 4.22973e-011 1.78232e-013
 1.2622e-026 1.79549e-020 3.8551e-015 1.12917e-010 4.51185e-007 0.000245935 0.0182875 0.185508 0.25671 0.0492823 0.0334992 0.172545 0.126578 0.0312517 0.0724957 0.0391995 0.00890188 0.00478775 0.000635295 6.70664e-005 4.38114e-006 1.46258e-007 2.83168e-009 2.61454e-011 1.02679e-013
 1.22805e-026 1.73503e-020 3.72527e-015 1.09115e-010 4.35991e-007 0.000237653 0.0176717 0.179261 0.248066 0.0476816 0.0346794 0.179083 0.131372 0.0323299 0.074832 0.0404178 0.00893619 0.00474417 0.000621123 6.27287e-005 3.96634e-006 1.22358e-007 2.1985e-009 1.8556e-011 6.73401e-014
 1.21333e-026 1.70896e-020 3.66931e-015 1.07476e-010 4.29441e-007 0.000234083 0.0174062 0.176568 0.244339 0.0469837 0.0348804 0.180255 0.132256 0.0332404 0.0780201 0.0420341 0.00869744 0.00446222 0.000567313 5.17238e-005 3.14545e-006 9.02994e-008 1.51667e-009 1.17018e-011 3.87868e-014
 1.12066e-026 1.5449e-020 3.31706e-015 9.71581e-011 3.88215e-007 0.000211611 0.0157352 0.159617 0.220883 0.0426382 0.0379981 0.197544 0.144933 0.0361733 0.0845148 0.0454743 0.00909336 0.00457419 0.000561895 4.44955e-005 2.54559e-006 6.49525e-008 1.00678e-009 7.15092e-012 2.17616e-014
 1.05944e-026 1.43654e-020 3.0844e-015 9.03433e-011 3.60985e-007 0.000196768 0.0146316 0.148422 0.205391 0.0397244 0.0383501 0.199831 0.146731 0.0400229 0.0987469 0.0529894 0.00972389 0.0046446 0.000554127 3.8216e-005 2.03765e-006 4.43173e-008 6.05377e-010 3.79786e-012 1.05175e-014
 2.05187e-026 3.1935e-020 6.85675e-015 2.00837e-010 8.02486e-007 0.000437425 0.0325266 0.329948 0.456586 0.0864117 0.0108413 0.0461316 0.0336615 0.00335945 7.74479e-005 1.6913e-005 1.20983e-006 1.18649e-008 1.58763e-011 2.94209e-015 1.59602e-019 2.34253e-023 3.31316e-027 2.47327e-027 2.47193e-027
 1.99932e-026 3.10044e-020 6.65696e-015 1.94985e-010 7.79103e-007 0.000424679 0.0315788 0.320334 0.443282 0.0839635 0.0132579 0.0594058 0.043349 0.0043198 7.46165e-005 8.5421e-006 6.06309e-007 5.94596e-009 7.95475e-012 1.45293e-015 3.82781e-020 6.90417e-025 2.49603e-027 2.47351e-027 2.47209e-027
 2.02922e-026 3.15339e-020 6.77063e-015 1.98315e-010 7.92407e-007 0.000431931 0.0321181 0.325804 0.450852 0.0853565 0.0118844 0.0518612 0.0378429 0.00377176 6.76751e-005 8.79369e-006 6.25384e-007 6.13307e-009 8.20501e-012 1.49784e-015 3.79102e-020 2.95424e-025 2.48139e-027 2.47337e-027 2.472e-027
 2.04356e-026 3.17878e-020 6.82515e-015 1.99912e-010 7.98788e-007 0.000435409 0.0323767 0.328427 0.454482 0.0860245 0.0112271 0.0482501 0.0352073 0.00350748 5.67688e-005 4.9175e-006 3.47199e-007 3.40485e-009 4.55511e-012 8.31445e-016 2.08531e-020 1.13907e-025 2.47675e-027 2.47331e-027 2.47195e-027
 2.03199e-026 3.1583e-020 6.78117e-015 1.98624e-010 7.93641e-007 0.000432604 0.0321681 0.326311 0.451553 0.0854857 0.0117589 0.0511714 0.0373393 0.00371891 5.6467e-005 3.24463e-006 2.26554e-007 2.22165e-009 2.97218e-012 5.42471e-016 1.35256e-020 5.37431e-026 2.47554e-027 2.47336e-027 2.47199e-027
 2.04051e-026 3.17338e-020 6.81355e-015 1.99572e-010 7.9743e-007 0.000434669 0.0323216 0.327869 0.453709 0.0858824 0.0113674 0.0490207 0.0357697 0.00356325 5.667e-005 4.4661e-006 3.14647e-007 3.08561e-009 4.12801e-012 7.53434e-016 1.87967e-020 7.66691e-026 2.47566e-027 2.47332e-027 2.47196e-027
 2.01157e-026 3.12214e-020 6.70354e-015 1.96349e-010 7.84555e-007 0.000427651 0.0317998 0.322575 0.446384 0.0845342 0.0126946 0.0563117 0.0410909 0.00409583 7.48372e-005 1.02618e-005 7.30343e-007 7.1624e-009 9.58209e-012 1.74936e-015 4.45389e-020 4.15097e-025 2.48508e-027 2.47346e-027 2.47206e-027
 2.0068e-026 3.11369e-020 6.6854e-015 1.95818e-010 7.82432e-007 0.000426494 0.0317137 0.321702 0.445176 0.084312 0.012914 0.0575165 0.0419702 0.00418308 7.48876e-005 9.664e-006 6.8721e-007 6.73938e-009 9.01617e-012 1.64608e-015 4.19739e-020 4.08096e-025 2.48518e-027 2.47348e-027 2.47207e-027
 2.00852e-026 3.11674e-020 6.69195e-015 1.9601e-010 7.83198e-007 0.000426911 0.0317448 0.322017 0.445612 0.0843922 0.0128344 0.0570795 0.0416512 0.00415202 7.71157e-005 1.10647e-005 7.87961e-007 7.72748e-009 1.03381e-011 1.88758e-015 4.84428e-020 5.51011e-025 2.4896e-027 2.47347e-027 2.47207e-027
 2.15499e-026 3.37609e-020 7.2488e-015 2.1232e-010 8.4837e-007 0.000462435 0.0343863 0.348813 0.482691 0.0912159 0.00610892 0.0201359 0.0146893 0.00146433 2.72909e-005 3.9519e-006 2.81464e-007 2.7603e-009 3.69283e-012 6.74315e-016 1.74213e-020 2.29487e-025 2.48059e-027 2.47279e-027 2.4716e-027
#obs surv len freq
 nan nan nan nan nan nan nan nan nan nan nan nan nan nan nan nan nan nan nan nan nan nan nan nan nan
 4.91192e-027 7.73098e-021 1.65992e-015 4.86198e-011 1.94271e-007 0.000105894 0.00787423 0.0798756 0.110534 0.0213224 0.0184383 0.0957712 0.0706245 0.0277633 0.0806865 0.0515445 0.0551994 0.0534574 0.0510494 0.0495172 0.0502951 0.0512794 0.0542133 0.0512704 0.0191779
 5.27452e-027 8.30168e-021 1.78246e-015 5.22089e-011 2.08612e-007 0.000113711 0.0084555 0.085772 0.118694 0.0228978 0.019857 0.103149 0.0760643 0.0298747 0.0867915 0.0552509 0.0582008 0.0549021 0.0484752 0.0439788 0.0424664 0.0424764 0.0446477 0.0421645 0.0157676
 5.53139e-027 8.70598e-021 1.86927e-015 5.47515e-011 2.18771e-007 0.000119249 0.00886729 0.0899491 0.124474 0.0240119 0.0207812 0.107943 0.0796017 0.0313308 0.0910867 0.0579676 0.0609666 0.0572224 0.0493796 0.0420203 0.0371254 0.0348755 0.0359004 0.0337602 0.0126168
 5.67917e-027 8.93858e-021 1.91921e-015 5.62143e-011 2.24616e-007 0.000122435 0.0091042 0.0923523 0.1278 0.0246548 0.0213906 0.111117 0.081941 0.0322099 0.0936029 0.0596186 0.0629368 0.0590876 0.0509046 0.0425753 0.0352636 0.0298281 0.0288205 0.0267068 0.00996283
 5.80709e-027 9.13992e-021 1.96244e-015 5.74805e-011 2.29676e-007 0.000125193 0.00930927 0.0944325 0.130678 0.0252069 0.0217431 0.112928 0.0832783 0.0327885 0.0953353 0.0606806 0.0638643 0.0599812 0.0517622 0.0432263 0.0351094 0.0273389 0.0235691 0.0208944 0.00774772
 5.85862e-027 9.22102e-021 1.97985e-015 5.79905e-011 2.31714e-007 0.000126304 0.00939187 0.0952704 0.131838 0.0254334 0.0220488 0.114533 0.0844569 0.0331108 0.0961345 0.0612298 0.0646329 0.0606845 0.0523019 0.0437345 0.0354552 0.0266525 0.0204235 0.0165247 0.00601602
 5.89008e-027 9.27053e-021 1.99048e-015 5.83019e-011 2.32958e-007 0.000126982 0.00944229 0.0957819 0.132546 0.0255704 0.0221833 0.115234 0.0849785 0.0334402 0.0972121 0.061843 0.0649377 0.0609858 0.0526483 0.043984 0.0356555 0.0265599 0.0187894 0.0134032 0.0046771
 5.92906e-027 9.33188e-021 2.00366e-015 5.86877e-011 2.34499e-007 0.000127822 0.00950479 0.0964158 0.133423 0.0257372 0.0222375 0.115502 0.0851761 0.0335341 0.0975022 0.0620764 0.065407 0.0613391 0.0527036 0.0440533 0.0357142 0.0265377 0.018004 0.0113251 0.0036789
 5.94134e-027 9.35121e-021 2.00781e-015 5.88093e-011 2.34985e-007 0.000128087 0.00952448 0.0966155 0.133699 0.0257915 0.0223221 0.115947 0.085501 0.0335617 0.0974846 0.0620853 0.0655157 0.0615281 0.0530418 0.0442078 0.035779 0.026575 0.0176638 0.010049 0.00297899
 5.94474e-027 9.35657e-021 2.00896e-015 5.8843e-011 2.3512e-007 0.000128161 0.00952993 0.0966709 0.133776 0.0258068 0.0223557 0.116125 0.0856335 0.0336575 0.0978048 0.0622449 0.065477 0.0615036 0.053109 0.0443834 0.0359011 0.0266032 0.0175017 0.00928073 0.00250721
 5.96942e-027 9.3954e-021 2.01729e-015 5.90872e-011 2.36096e-007 0.000128692 0.00956949 0.0970721 0.134331 0.0259121 0.0223768 0.116223 0.0857066 0.0336995 0.0979395 0.0623258 0.0655351 0.0614679 0.0528591 0.0441889 0.0358229 0.0265362 0.0173337 0.00877879 0.00219225
