SBPRF35
0.827133
Curr Bio
137004
B35
615760
F35
0.226036
FOFL
0
OFL
0
Bzero
236324
#pred survey bio
 9827.3 9975.46 12113.4 17748.6 22468.8 26345.1 30741.3 35880.5 40254.7 50217.2 67050.8 76695.2 97899.5 124941 133676 108956 98259.8 91475.4 89752.2 88947.7 93788.8 95953.6 99684.8 108180 121689 121148 106727 101768 2.42052e+06 4.23678e+06 4.78509e+06 4.67642e+06 4.27691e+06 3.79054e+06 3.3295e+06 2.94105e+06 2.63519e+06 2.40431e+06 2.23468e+06 2.11216e+06 2.02454e+06 1.96213e+06 1.91709e+06 1.88395e+06 1.86066e+06 1.84409e+06 1.83215e+06 1.82343e+06 1.81699e+06 1.81217e+06 1.80851e+06 1.8057e+06 1.80353e+06 1.80184e+06 1.8005e+06 1.79944e+06 1.7986e+06 1.79792e+06 1.79738e+06 1.79694e+06 1.79658e+06 1.79629e+06 1.79606e+06 1.79586e+06 1.79571e+06 1.79558e+06 1.79548e+06 1.79539e+06 1.79532e+06 1.79527e+06 1.79522e+06 1.79518e+06 1.79515e+06 1.79513e+06 1.79511e+06 1.79509e+06 1.79508e+06 1.79506e+06 1.79506e+06 1.79505e+06 1.79504e+06 1.79504e+06 1.79503e+06 1.79503e+06 1.79503e+06 1.79502e+06 1.79502e+06 1.79502e+06 1.79502e+06 1.79502e+06 1.79502e+06 1.79502e+06 1.79502e+06 1.79502e+06 1.79501e+06 1.79501e+06 1.79501e+06 1.79501e+06 1.79501e+06 1.79501e+06 1.79501e+06 1.79501e+06 1.79501e+06 1.79501e+06 1.79501e+06 1.79501e+06 1.79501e+06 1.79501e+06 1.79501e+06 1.79501e+06 1.79501e+06 1.79501e+06 1.79501e+06 1.79501e+06 1.79501e+06 1.79501e+06 1.79501e+06 1.79501e+06 1.79501e+06 1.79501e+06 1.79501e+06 1.79501e+06 1.79501e+06 1.79501e+06 1.79501e+06 1.79501e+06 1.79501e+06 1.79501e+06 0 0 0 0 0 0 0 0 0 0 0 0 0 0 0 0 0 0 0 0 0 0 0 0 0
#obs survey bio
 9321.62 7903.85 13254.5 22165.5 24194 21957.8 34706.8 39732.4 35106.2 49457.2 83034.7 80833.5 77680.9 89733.7 106489 117647 98336.2 114206 94292.3 72041.9 95576.4 85084.2 114242 112184 156639 145075 120259 98134.9
#pred catch bio
 5520.01 6026.3 6751.72 10309.6 14325.2 17903 21059.4 26264.2 30052.2 37540.2 52730.9 60281.9 79984.7 101058 114468 93400.3 86239.3 79997.3 79151.4 78080.9 88605.6 89897.1 92545 102787 118307 118679 101521 95688.8 0 36208.7 41138.1 39780.8 35898.6 31335.7 27091.3 23572.9 20850.3 18836.6 17393.2 16381.7 15684.5 15209.6 14886.8 14666.7 14523.1 14429.2 14367.9 14327.9 14301.7 14284.7 14273.5 14266.2 14261.5 14258.4 14256.4 14255 14254.2 14253.6 14253.2 14253 14252.8 14252.7 14252.7 14252.6 14252.6 14252.6 14252.6 14252.5 14252.5 14252.5 14252.5 14252.5 14252.5 14252.5 14252.5 14252.5 14252.5 14252.5 14252.5 14252.5 14252.5 14252.5 14252.5 14252.5 14252.5 14252.5 14252.5 14252.5 14252.5 14252.5 14252.5 14252.5 14252.5 14252.5 14252.5 14252.5 14252.5 14252.5 14252.5 14252.5 14252.5 14252.5 14252.5 14252.5 14252.5 14252.5 14252.5 14252.5 14252.5 14252.5 14252.5 14252.5 14252.5 14252.5 14252.5 14252.5 14252.5 14252.5 14252.5 14252.5 14252.5 14252.5 14252.5 14252.5 14252.5 14252.5 14252.5 14252.5 0 0 0 0 0 0 0 0 0 0 0 0 0 0 0 0 0 0 0 0 0 0 0 0 0
#obs catch bio
 5951.71 6197.42 6768.23 10101.4 14293.2 17973.8 21019.6 26548.6 30051.7 37008.1 51690.1 59007.4 78703.9 102510 118276 94307.8 84453.1 79273.5 76280.4 77746.4 87988.1 88141.9 89938.8 100055 115008 115905 100492 96533
#pred cpue bio
 9003.17 8879.95 10272.2 15491.6 19720.5 22750.1 26536.8 30843.8 34175.1 41187.6 56437.8 64042.3 79259 103697 115509 92935.3 82691 76515.4 74556.1 74058.4 76054.9 77546.7 81118.3 86139.9 97240.6 98801.9 87073 82937.8 1.96938e+06 4.12864e+06 4.74336e+06 4.63545e+06 4.23593e+06 3.74957e+06 3.28853e+06 2.90007e+06 2.59421e+06 2.36333e+06 2.19371e+06 2.07119e+06 1.98357e+06 1.92115e+06 1.87612e+06 1.84298e+06 1.81968e+06 1.80311e+06 1.79117e+06 1.78246e+06 1.77602e+06 1.77119e+06 1.76753e+06 1.76473e+06 1.76256e+06 1.76086e+06 1.75953e+06 1.75847e+06 1.75762e+06 1.75694e+06 1.7564e+06 1.75596e+06 1.7556e+06 1.75532e+06 1.75508e+06 1.75489e+06 1.75473e+06 1.75461e+06 1.7545e+06 1.75442e+06 1.75435e+06 1.75429e+06 1.75425e+06 1.75421e+06 1.75418e+06 1.75415e+06 1.75413e+06 1.75411e+06 1.7541e+06 1.75409e+06 1.75408e+06 1.75407e+06 1.75407e+06 1.75406e+06 1.75406e+06 1.75405e+06 1.75405e+06 1.75405e+06 1.75405e+06 1.75405e+06 1.75404e+06 1.75404e+06 1.75404e+06 1.75404e+06 1.75404e+06 1.75404e+06 1.75404e+06 1.75404e+06 1.75404e+06 1.75404e+06 1.75404e+06 1.75404e+06 1.75404e+06 1.75404e+06 1.75404e+06 1.75404e+06 1.75404e+06 1.75404e+06 1.75404e+06 1.75404e+06 1.75404e+06 1.75404e+06 1.75404e+06 1.75404e+06 1.75404e+06 1.75404e+06 1.75404e+06 1.75404e+06 1.75404e+06 1.75404e+06 1.75404e+06 1.75404e+06 1.75404e+06 1.75404e+06 1.75404e+06 1.75404e+06 1.75404e+06 1.75404e+06 1.75404e+06 1.75404e+06 0 0 0 0 0 0 0 0 0 0 0 0 0 0 0 0 0 0 0 0 0 0 0 0 0
#obs cpue bio
 5764.47 7254.72 9132.42 21003.2 19370.3 20197.2 28788.7 20197.4 46518.8 51037.5 59858.3 102756 95065.7 95213.8 91029.1 94773.4 102409 79989.8 112672 91873.6 93126.9 105618 128613 120572 113702 115262 84370.7 87844
#pred surv len freq
 2.55887e-27 2.5766e-27 2.26526e-26 4.23878e-20 1.03909e-14 3.079e-10 1.10284e-06 0.000477489 0.0249901 0.158095 0.121412 0.0436776 0.247149 0.228178 0.0486709 0.0539322 0.0220559 0.0155273 0.00922851 0.00685041 0.00530521 0.00456288 0.00457691 0.00406662 0.00124281
 2.56117e-27 2.58337e-27 2.90686e-26 5.59244e-20 1.37092e-14 4.06228e-10 1.45504e-06 0.000629976 0.0329707 0.208582 0.159878 0.0382758 0.179019 0.166413 0.0579007 0.0904616 0.0320368 0.0154063 0.00690887 0.00387453 0.00242442 0.00177487 0.00157392 0.00139952 0.000468965
 2.56398e-27 2.59049e-27 3.48464e-26 6.81113e-20 1.66967e-14 4.94752e-10 1.77212e-06 0.00076726 0.0401556 0.254036 0.194633 0.0412344 0.177115 0.163543 0.0372267 0.044178 0.0202406 0.0164032 0.00594985 0.0022262 0.00095045 0.000525905 0.000383431 0.000320116 0.000111132
 2.56182e-27 2.58449e-27 2.94056e-26 5.66329e-20 1.38829e-14 4.11375e-10 1.47347e-06 0.000637958 0.0333884 0.211225 0.161985 0.0438597 0.220032 0.203086 0.0432189 0.0476324 0.0173367 0.0092694 0.0048462 0.00236527 0.000664063 0.00022527 0.000115381 8.25321e-05 2.83709e-05
 2.56156e-27 2.58401e-27 2.91994e-26 5.61986e-20 1.37764e-14 4.0822e-10 1.46217e-06 0.000633066 0.0331324 0.209605 0.160719 0.0420669 0.207279 0.191776 0.0495351 0.0649062 0.0228892 0.0107675 0.00400289 0.00172723 0.000704395 0.000174628 4.82015e-05 2.4623e-05 7.92605e-06
 2.56262e-27 2.58677e-27 3.15283e-26 6.11114e-20 1.49807e-14 4.43906e-10 1.59e-06 0.000688407 0.0360288 0.227928 0.174715 0.0423629 0.199697 0.184499 0.0431305 0.0522068 0.0202041 0.0121419 0.00430473 0.00146243 0.000452636 0.000139494 2.70847e-05 7.0884e-06 1.9044e-06
 2.56246e-27 2.58616e-27 3.08216e-26 5.96198e-20 1.46151e-14 4.33071e-10 1.55119e-06 0.000671605 0.0351494 0.222365 0.170492 0.0439326 0.21461 0.198007 0.0409893 0.0438182 0.016056 0.0085618 0.0034985 0.00138689 0.0003559 8.38546e-05 1.69624e-05 2.48241e-06 4.22985e-07
 2.56271e-27 2.58685e-27 3.14339e-26 6.09116e-20 1.49317e-14 4.42454e-10 1.5848e-06 0.000686157 0.035911 0.227183 0.174166 0.0436213 0.20966 0.193518 0.0416398 0.0463804 0.0160402 0.00712656 0.00265104 0.00102224 0.000313994 6.61634e-05 1.04787e-05 1.25111e-06 1.13744e-07
 2.56337e-27 2.58853e-27 3.28084e-26 6.38109e-20 1.56425e-14 4.63514e-10 1.66023e-06 0.000718816 0.0376202 0.237996 0.182431 0.0441181 0.207634 0.19145 0.0376889 0.0378784 0.0132843 0.00616696 0.00208641 0.000678285 0.000193201 4.56155e-05 6.63231e-06 6.16221e-07 3.63535e-08
 2.56517e-27 2.59334e-27 3.69895e-26 7.26308e-20 1.78046e-14 5.27581e-10 1.88971e-06 0.000818171 0.0428201 0.270892 0.20754 0.0435039 0.185319 0.170748 0.0320316 0.0301351 0.0101306 0.00407642 0.00139624 0.000451917 0.00010871 2.30816e-05 3.55441e-06 2.95233e-07 1.27468e-08
 2.56366e-27 2.58911e-27 3.31397e-26 6.45089e-20 1.58136e-14 4.68585e-10 1.67839e-06 0.000726679 0.0380318 0.2406 0.184441 0.0455109 0.216821 0.199633 0.0338198 0.0269209 0.00883434 0.00324427 0.00102734 0.000299984 7.20858e-05 1.34096e-05 1.83474e-06 1.53584e-07 5.65993e-09
 2.56413e-27 2.59044e-27 3.43603e-26 6.70842e-20 1.64449e-14 4.87291e-10 1.74539e-06 0.000755689 0.03955 0.250205 0.191764 0.0447786 0.206103 0.189848 0.0339963 0.0297651 0.00936208 0.00277181 0.000824665 0.000218138 4.66729e-05 8.25978e-06 1.00276e-06 7.53173e-08 2.66849e-09
 2.56569e-27 2.59465e-27 3.80567e-26 7.48819e-20 1.83564e-14 5.43933e-10 1.94828e-06 0.000843529 0.0441473 0.279288 0.213957 0.0439052 0.183864 0.169266 0.0292773 0.0241905 0.0077753 0.00257499 0.00071681 0.000156698 3.01228e-05 4.70886e-06 5.22991e-07 3.47501e-08 1.1175e-09
 2.56431e-27 2.59079e-27 3.45285e-26 6.74384e-20 1.65317e-14 4.89864e-10 1.75461e-06 0.00075968 0.0397589 0.251526 0.19279 0.0458973 0.213895 0.196766 0.0302926 0.0195693 0.00616244 0.00188781 0.000542196 0.000126643 2.09946e-05 2.78519e-06 2.69404e-07 1.5982e-08 4.54375e-10
 2.56202e-27 2.58463e-27 2.91467e-26 5.60853e-20 1.37486e-14 4.07396e-10 1.45923e-06 0.000631789 0.0330656 0.209182 0.160474 0.0469196 0.24438 0.225051 0.0380953 0.0302277 0.00913649 0.00211546 0.000567875 0.000125928 2.20119e-05 2.71857e-06 2.17028e-07 1.10098e-08 2.75597e-10
 2.56288e-27 2.58704e-27 3.13271e-26 6.06852e-20 1.48762e-14 4.4081e-10 1.57891e-06 0.000683606 0.0357775 0.226339 0.173556 0.0458225 0.22684 0.208956 0.0368842 0.0315401 0.00988118 0.00284514 0.000724707 0.000125535 2.01662e-05 2.50429e-06 1.90772e-07 8.00816e-09 1.69289e-10
 2.56363e-27 2.589e-27 3.30157e-26 6.42473e-20 1.57495e-14 4.66685e-10 1.67159e-06 0.000723733 0.0378776 0.239624 0.1837 0.0457586 0.219226 0.20182 0.0336283 0.0259146 0.00824032 0.00260186 0.000714604 0.000145296 2.00372e-05 2.08629e-06 1.54177e-07 6.12121e-09 1.08132e-10
 2.5639e-27 2.58967e-27 3.35443e-26 6.53622e-20 1.60227e-14 4.74783e-10 1.70059e-06 0.000736291 0.0385348 0.243782 0.186881 0.0461228 0.219763 0.202202 0.0316434 0.0212756 0.00658779 0.00182591 0.000508882 0.000113909 1.79421e-05 1.8414e-06 1.12021e-07 4.15184e-09 6.82724e-11
 2.56427e-27 2.59067e-27 3.44245e-26 6.7219e-20 1.64779e-14 4.88271e-10 1.7489e-06 0.000757208 0.0396296 0.250708 0.192165 0.0458622 0.214068 0.196953 0.0308434 0.0207624 0.0062787 0.00148913 0.000388355 7.87129e-05 1.31207e-05 1.52455e-06 9.60193e-08 3.0265e-09 4.51747e-11
 2.56412e-27 2.59023e-27 3.40159e-26 6.6357e-20 1.62666e-14 4.82009e-10 1.72647e-06 0.000747498 0.0391213 0.247493 0.189715 0.0461974 0.21834 0.200846 0.0306288 0.0192926 0.00582556 0.00137778 0.000343427 6.00935e-05 9.03353e-06 1.04028e-06 7.33274e-08 2.41311e-09 3.17367e-11
 2.56548e-27 2.59396e-27 3.73364e-26 7.33619e-20 1.79838e-14 5.32892e-10 1.90873e-06 0.000826407 0.0432511 0.273619 0.209646 0.0449913 0.195158 0.179506 0.0277963 0.0182014 0.00544801 0.00120018 0.000295491 5.08795e-05 6.88686e-06 6.90208e-07 4.67615e-08 1.68067e-09 2.30222e-11
 2.56552e-27 2.59397e-27 3.72405e-26 7.31593e-20 1.79341e-14 5.3142e-10 1.90346e-06 0.000824124 0.0431317 0.272863 0.209083 0.045902 0.202484 0.186056 0.0251423 0.0104996 0.00311326 0.00069825 0.000169299 2.73959e-05 3.63382e-06 3.37908e-07 1.97833e-08 6.72459e-10 9.81677e-12
 2.56519e-27 2.59308e-27 3.64552e-26 7.15026e-20 1.7528e-14 5.19386e-10 1.86035e-06 0.000805462 0.042155 0.266684 0.204368 0.0461087 0.20737 0.190579 0.0262057 0.011776 0.00334056 0.000480107 0.0001058 1.72685e-05 2.20313e-06 1.95329e-07 1.06826e-08 3.16874e-10 4.34041e-12
 2.56623e-27 2.59593e-27 3.90104e-26 7.68932e-20 1.88494e-14 5.58542e-10 2.00061e-06 0.000866186 0.045333 0.28679 0.219704 0.0450745 0.188725 0.173436 0.0243067 0.0117622 0.00336411 0.00051731 0.000106061 1.16617e-05 1.35821e-06 1.18023e-07 6.11365e-09 1.68354e-10 2.03778e-12
 2.56603e-27 2.59533e-27 3.84456e-26 7.57015e-20 1.85573e-14 5.49886e-10 1.9696e-06 0.000852761 0.0446305 0.282345 0.216318 0.0455864 0.194999 0.179142 0.0238003 0.00917327 0.00261963 0.0004293 9.05236e-05 1.03399e-05 9.7581e-07 6.34975e-08 3.1246e-09 8.17008e-11 9.13401e-13
 2.56504e-27 2.59262e-27 3.60133e-26 7.05702e-20 1.72994e-14 5.12613e-10 1.83609e-06 0.000794959 0.0416053 0.263207 0.20172 0.0465864 0.212865 0.195567 0.0255861 0.00910786 0.00254632 0.000335644 6.72704e-05 8.14819e-06 7.98934e-07 4.76025e-08 1.73159e-09 3.98136e-11 4.2127e-13
 2.56503e-27 2.59261e-27 3.60065e-26 7.0556e-20 1.72959e-14 5.1251e-10 1.83572e-06 0.000794798 0.0415969 0.263154 0.201679 0.0465165 0.212363 0.195122 0.02584 0.00979762 0.00273141 0.000334249 6.29595e-05 6.27685e-06 5.96534e-07 3.74889e-08 1.3055e-09 2.325e-11 2.05131e-13
 2.56511e-27 2.59286e-27 3.6258e-26 7.10866e-20 1.7426e-14 5.16365e-10 1.84953e-06 0.000800776 0.0419097 0.265133 0.203185 0.0462036 0.208923 0.192005 0.0263286 0.0116958 0.00329336 0.000430235 8.20191e-05 7.57958e-06 6.36814e-07 3.46807e-08 1.23207e-09 2.14614e-11 1.53752e-13
#obs surv len freq
 1.08199e-41 1.50172e-33 2.51946e-26 5.1094e-20 1.25251e-14 3.71142e-10 1.32937e-06 0.000575571 0.0301231 0.190568 0.146225 0.0401429 0.173385 0.146732 0.104015 0.102004 0.044402 0.017398 0.00391297 0.000489329 2.50919e-05 3.82241e-07 1.29993e-09 8.03475e-13 7.89796e-17
 1.60523e-41 2.22795e-33 3.73785e-26 7.58028e-20 1.85822e-14 5.50624e-10 1.97224e-06 0.000853914 0.0446904 0.282725 0.216611 0.0406654 0.126471 0.102089 0.0759828 0.0686769 0.0287054 0.0102348 0.00206206 0.000220835 9.21804e-06 1.084e-07 2.7328e-10 1.22202e-13 8.579e-18
 1.53492e-41 2.13037e-33 3.57414e-26 7.24828e-20 1.77683e-14 5.26507e-10 1.88586e-06 0.000816514 0.0427331 0.270343 0.207387 0.0500366 0.17697 0.128983 0.0564715 0.042593 0.0171016 0.00549817 0.000975056 8.78261e-05 2.93869e-06 2.64954e-08 4.94861e-11 1.60225e-14 8.03425e-19
 1.07963e-41 1.49846e-33 2.51398e-26 5.09829e-20 1.24979e-14 3.70335e-10 1.32648e-06 0.000574319 0.0300576 0.190155 0.146387 0.0564775 0.229958 0.162868 0.0977633 0.0655845 0.0157482 0.0038003 0.000581308 4.3175e-05 1.13733e-06 7.77005e-09 1.0702e-11 2.50903e-15 9.00086e-20
 1.49946e-41 2.08116e-33 3.49157e-26 7.08084e-20 1.73578e-14 5.14344e-10 1.8423e-06 0.000797651 0.0417459 0.264098 0.20265 0.0471799 0.142214 0.104236 0.104355 0.0694836 0.0192872 0.00359846 0.000333163 1.86521e-05 3.79426e-07 1.9376e-09 1.95133e-12 3.29984e-16 8.46426e-21
 1.19934e-41 1.6646e-33 2.79272e-26 5.66358e-20 1.38836e-14 4.11396e-10 1.47356e-06 0.000637998 0.0333903 0.21124 0.162848 0.0650258 0.231471 0.144154 0.0784559 0.0497107 0.0190229 0.00373605 0.00029555 1.00915e-05 1.36067e-07 5.0295e-10 3.66178e-13 4.435e-17 8.10026e-22
 1.37876e-41 1.91363e-33 3.21051e-26 6.51085e-20 1.59606e-14 4.72941e-10 1.694e-06 0.000733442 0.0383855 0.242841 0.186854 0.05794 0.175023 0.116515 0.109562 0.0567512 0.0127097 0.00245754 0.000219855 6.32646e-06 5.38661e-08 1.23831e-10 6.13744e-14 5.23368e-18 6.75681e-23
 1.19411e-41 1.65734e-33 2.78054e-26 5.63887e-20 1.3823e-14 4.09602e-10 1.46713e-06 0.000635215 0.0332446 0.210321 0.162588 0.07221 0.227075 0.133301 0.0939216 0.0496062 0.0148732 0.00208206 0.000136168 3.82183e-06 2.73807e-08 4.18804e-11 1.27719e-14 7.013e-19 6.13829e-24
 1.51211e-41 2.0987e-33 3.52101e-26 7.14054e-20 1.75042e-14 5.18681e-10 1.85783e-06 0.000804377 0.0420979 0.266329 0.205175 0.0643572 0.166825 0.104062 0.0966573 0.0424851 0.00971542 0.00140626 8.2254e-05 1.63251e-06 9.6367e-09 1.21058e-11 2.6412e-15 9.35526e-20 5.16875e-25
 1.5164e-41 2.10467e-33 3.53101e-26 7.16082e-20 1.75539e-14 5.20155e-10 1.86311e-06 0.000806662 0.0422175 0.267089 0.206373 0.0778439 0.198159 0.103738 0.0666917 0.0289201 0.00728905 0.00082914 4.05906e-05 6.91506e-07 2.97134e-09 2.76347e-12 4.69254e-16 1.25138e-20 4.85333e-26
 1.09551e-41 1.52049e-33 2.55094e-26 5.17325e-20 1.26816e-14 3.75779e-10 1.34598e-06 0.000582763 0.0304995 0.192964 0.150845 0.0971169 0.257974 0.136163 0.0955572 0.0320729 0.00560778 0.000591387 2.47266e-05 3.25152e-07 1.10349e-09 7.59427e-13 9.16437e-17 1.7773e-21 5.12367e-27
 1.66642e-41 2.31288e-33 3.88033e-26 7.86924e-20 1.92905e-14 5.71613e-10 2.04742e-06 0.000886464 0.046394 0.293513 0.226617 0.0711661 0.144449 0.0939422 0.0895324 0.0285544 0.00459345 0.00033915 1.05285e-05 1.11891e-07 2.86695e-10 1.46904e-13 1.30669e-17 1.81291e-22 3.68289e-28
 1.33731e-41 1.8561e-33 3.114e-26 6.31513e-20 1.54808e-14 4.58724e-10 1.64308e-06 0.000711395 0.0372316 0.235563 0.184556 0.110656 0.243172 0.10661 0.0571444 0.0201591 0.00392772 0.00026125 6.00632e-06 4.36945e-08 8.22727e-11 3.12126e-14 2.01457e-18 2.01923e-23 2.95185e-29
 1.11752e-41 1.55105e-33 2.6022e-26 5.27722e-20 1.29365e-14 3.83331e-10 1.37303e-06 0.000594475 0.0311125 0.196858 0.155593 0.112027 0.235531 0.137784 0.103595 0.0238031 0.00289588 0.000199741 4.45676e-06 2.47692e-08 3.16198e-11 8.21919e-15 3.77241e-19 2.7124e-24 2.83107e-30
 8.7626e-42 1.21619e-33 2.04041e-26 4.13792e-20 1.01436e-14 3.00574e-10 1.07661e-06 0.000466134 0.0243956 0.154377 0.124419 0.123477 0.24932 0.159847 0.124424 0.0344576 0.00461135 0.000201432 3.39027e-06 1.69963e-08 1.73968e-11 3.18758e-15 9.84215e-20 4.80838e-25 3.48908e-31
 1.4123e-41 1.96018e-33 3.28861e-26 6.66924e-20 1.63489e-14 4.84447e-10 1.73521e-06 0.000751286 0.0393193 0.248781 0.195024 0.0945144 0.159768 0.126698 0.101963 0.0288732 0.00411078 0.000192378 2.55889e-06 8.6998e-09 6.90159e-12 1.01384e-15 2.35072e-20 8.07359e-26 3.98474e-32
 9.75772e-42 1.35431e-33 2.27213e-26 4.60783e-20 1.12956e-14 3.34708e-10 1.19887e-06 0.00051907 0.0271661 0.171946 0.141776 0.162359 0.273149 0.126067 0.0717938 0.021934 0.00314111 0.000145838 1.90363e-06 5.48532e-09 3.07901e-12 3.14865e-16 5.4064e-21 1.40871e-26 5.17261e-33
 1.43659e-41 1.99389e-33 3.34516e-26 6.78391e-20 1.663e-14 4.92776e-10 1.76504e-06 0.000764203 0.0399954 0.253084 0.200305 0.107812 0.161169 0.135952 0.0839963 0.0152052 0.0016399 7.40103e-05 9.07309e-07 2.37781e-09 1.1365e-12 8.8842e-17 1.07276e-21 1.93364e-27 5.03447e-34
 9.99963e-42 1.38788e-33 2.32846e-26 4.72207e-20 1.15756e-14 3.43006e-10 1.22859e-06 0.000531938 0.0278397 0.176266 0.149027 0.183408 0.261087 0.121519 0.0627289 0.0160529 0.00149423 4.34323e-05 4.29456e-07 9.84364e-10 4.02756e-13 2.61496e-17 2.51201e-22 3.41173e-28 6.37342e-35
 1.28581e-41 1.78462e-33 2.99407e-26 6.07192e-20 1.48846e-14 4.41058e-10 1.5798e-06 0.000683997 0.0357979 0.226587 0.183905 0.132215 0.1813 0.152731 0.0743609 0.0114244 0.000966155 2.77105e-05 1.94729e-07 3.14597e-10 1.00973e-13 5.30511e-18 4.09104e-23 4.39166e-29 6.36171e-36
 1.41477e-41 1.96361e-33 3.29436e-26 6.68091e-20 1.63775e-14 4.85294e-10 1.73824e-06 0.0007526 0.0393883 0.249361 0.20508 0.159498 0.187457 0.101031 0.0472431 0.00953856 0.000636536 1.29229e-05 7.72716e-08 9.64808e-11 2.14612e-14 7.98292e-19 4.59268e-24 3.77777e-30 4.21388e-37
 1.12991e-41 1.56825e-33 2.63106e-26 5.33573e-20 1.30799e-14 3.87582e-10 1.38826e-06 0.000601067 0.0314579 0.199293 0.172851 0.196662 0.225292 0.122616 0.0444579 0.00634294 0.000415401 7.85282e-06 3.41647e-08 3.16673e-11 5.41251e-15 1.46919e-19 5.88955e-25 3.37172e-31 2.67989e-38
 1.37351e-41 1.90634e-33 3.19827e-26 6.48603e-20 1.58998e-14 4.71139e-10 1.68754e-06 0.000730648 0.0382397 0.242184 0.202828 0.160331 0.179229 0.126725 0.0441289 0.00534763 0.000250628 3.72848e-06 1.40197e-08 1.00909e-11 1.23586e-15 2.42659e-20 7.14855e-26 2.9705e-32 1.67275e-39
 1.35578e-41 1.88173e-33 3.15699e-26 6.40231e-20 1.56945e-14 4.65057e-10 1.66576e-06 0.000721216 0.0377464 0.239204 0.207124 0.193881 0.18802 0.0968767 0.0320911 0.00416399 0.000168055 1.82281e-06 4.91517e-09 2.73374e-12 2.61529e-16 3.8178e-21 8.03432e-27 2.36713e-33 9.53271e-41
 1.18791e-41 1.64875e-33 2.76611e-26 5.60962e-20 1.37513e-14 4.07477e-10 1.45952e-06 0.000631921 0.0330735 0.209795 0.190422 0.214028 0.206727 0.11276 0.029556 0.0028968 0.000106354 1.01956e-06 2.07752e-09 8.09256e-13 5.5059e-17 5.93358e-22 9.34031e-28 2.03189e-34 5.9108e-42
 1.06274e-41 1.47502e-33 2.47465e-26 5.01854e-20 1.23024e-14 3.64541e-10 1.30573e-06 0.000565336 0.0295892 0.187905 0.178017 0.221169 0.217494 0.129906 0.0324744 0.00280181 7.66914e-05 5.71423e-07 9.59737e-10 2.91967e-13 1.43599e-17 1.07849e-22 1.18599e-28 1.83618e-35 3.86584e-43
 1.04913e-41 1.45612e-33 2.44294e-26 4.95423e-20 1.21447e-14 3.5987e-10 1.289e-06 0.000558091 0.0292107 0.185666 0.179639 0.221313 0.216837 0.132049 0.0320118 0.00265089 6.21738e-05 3.53134e-07 4.31978e-10 9.90412e-14 3.73777e-18 2.106e-23 1.67551e-29 1.82637e-36 2.67614e-44
 1.26692e-41 1.7584e-33 2.95008e-26 5.9827e-20 1.46659e-14 4.34577e-10 1.55658e-06 0.000673948 0.0352739 0.223919 0.204399 0.199809 0.192609 0.113592 0.0274065 0.00226335 5.16798e-05 2.70391e-07 2.79996e-10 5.12804e-14 1.53216e-18 6.9695e-24 4.55598e-30 4.09205e-37 4.89375e-45
#pred catch len freq
 2.55679e-27 2.571e-27 1.77703e-26 3.20885e-20 7.8661e-15 2.33087e-10 8.34878e-07 0.00036147 0.018918 0.119682 0.0920947 0.0445588 0.274453 0.253435 0.0542141 0.0602597 0.0246432 0.0173471 0.0103099 0.00765315 0.00592687 0.00509756 0.00511323 0.00454314 0.00138844
 2.55896e-27 2.57748e-27 2.3995e-26 4.52218e-20 1.10856e-14 3.28486e-10 1.17658e-06 0.000509415 0.0266609 0.168665 0.129403 0.0386418 0.203215 0.188962 0.0658858 0.103038 0.0364894 0.0175449 0.00786777 0.00441226 0.00276089 0.0020212 0.00179236 0.00159376 0.000534051
 2.5615e-27 2.58384e-27 2.90513e-26 5.58863e-20 1.36998e-14 4.05951e-10 1.45405e-06 0.000629547 0.0329482 0.20844 0.159833 0.0422843 0.209554 0.193569 0.0441718 0.0525429 0.024072 0.0195062 0.00707535 0.0026473 0.00113023 0.000625384 0.00045596 0.000380668 0.000132153
 2.55957e-27 2.57843e-27 2.40882e-26 4.54156e-20 1.11331e-14 3.29894e-10 1.18162e-06 0.000511598 0.0267752 0.169388 0.130058 0.0450591 0.251591 0.232272 0.0495279 0.0547019 0.0199094 0.0106435 0.00556452 0.00271585 0.000762489 0.000258659 0.000132482 9.47648e-05 3.2576e-05
 2.55959e-27 2.57874e-27 2.46004e-26 4.64971e-20 1.13982e-14 3.37749e-10 1.20976e-06 0.00052378 0.0274127 0.173421 0.133103 0.0428896 0.232942 0.215567 0.0557132 0.0730336 0.0257539 0.0121129 0.004503 0.00194301 0.000792394 0.000196444 5.42233e-05 2.76992e-05 8.91624e-06
 2.56089e-27 2.58213e-27 2.74729e-26 5.25562e-20 1.28835e-14 3.81762e-10 1.36741e-06 0.000592035 0.030985 0.19602 0.150364 0.0431894 0.223096 0.206157 0.0481508 0.0582371 0.0225357 0.0135404 0.00480046 0.00163083 0.000504757 0.000155557 3.02036e-05 7.90463e-06 2.12369e-06
 2.56079e-27 2.58167e-27 2.68718e-26 5.12874e-20 1.25725e-14 3.72545e-10 1.3344e-06 0.000577742 0.0302369 0.191288 0.146777 0.0448972 0.238612 0.220192 0.0455395 0.0486308 0.0178178 0.00949925 0.00388148 0.0015387 0.000394858 9.30336e-05 1.88192e-05 2.75414e-06 4.69286e-07
 2.56136e-27 2.5832e-27 2.82308e-26 5.41545e-20 1.32753e-14 3.93371e-10 1.40899e-06 0.000610039 0.0319272 0.201981 0.154935 0.0444058 0.229141 0.211528 0.0454069 0.0504494 0.0174455 0.00774891 0.00288247 0.00111147 0.000341403 7.19389e-05 1.13934e-05 1.36032e-06 1.23673e-07
 2.56214e-27 2.58519e-27 2.98659e-26 5.76033e-20 1.41208e-14 4.18423e-10 1.49872e-06 0.000648889 0.0339605 0.214844 0.164765 0.0449139 0.226101 0.208505 0.0409394 0.0410082 0.0143801 0.00667382 0.00225783 0.000734008 0.000209073 4.93629e-05 7.17716e-06 6.66845e-07 3.934e-08
 2.564e-27 2.59015e-27 3.41687e-26 6.66801e-20 1.63458e-14 4.84356e-10 1.73488e-06 0.000751138 0.0393119 0.248698 0.190606 0.0443104 0.203354 0.187394 0.0350616 0.0328607 0.0110454 0.00444325 0.00152183 0.000492565 0.000118488 2.51577e-05 3.87411e-06 3.21787e-07 1.38933e-08
 2.56274e-27 2.58662e-27 3.09279e-26 5.9843e-20 1.46698e-14 4.34692e-10 1.55699e-06 0.000674119 0.035281 0.223198 0.171164 0.0462144 0.231503 0.21317 0.0360072 0.0285044 0.00935239 0.00343342 0.0010872 0.000317459 7.62849e-05 1.41907e-05 1.94161e-06 1.62531e-07 5.98962e-09
 2.56322e-27 2.58796e-27 3.21623e-26 6.24472e-20 1.53082e-14 4.53609e-10 1.62475e-06 0.000703455 0.0368163 0.23291 0.178569 0.045455 0.220522 0.203148 0.0362594 0.0315797 0.00993143 0.00293941 0.000874489 0.000231315 4.94922e-05 8.75872e-06 1.06333e-06 7.9867e-08 2.82969e-09
 2.56507e-27 2.59295e-27 3.65433e-26 7.16891e-20 1.75737e-14 5.20741e-10 1.86521e-06 0.000807563 0.0422649 0.26738 0.204872 0.044392 0.193951 0.178566 0.0307673 0.0252486 0.00811391 0.00268617 0.000747728 0.000163455 3.14217e-05 4.91191e-06 5.45542e-07 3.62486e-08 1.16569e-09
 2.56359e-27 2.58881e-27 3.27672e-26 6.37227e-20 1.56208e-14 4.62874e-10 1.65794e-06 0.000717823 0.0375682 0.237668 0.182218 0.0465039 0.225939 0.207861 0.0319114 0.0204688 0.00644431 0.00197347 0.000566772 0.000132382 2.19459e-05 2.91139e-06 2.81612e-07 1.67062e-08 4.74965e-10
 2.56168e-27 2.5837e-27 2.83162e-26 5.43333e-20 1.33191e-14 3.9467e-10 1.41364e-06 0.000612053 0.0320326 0.202648 0.155489 0.0472184 0.250156 0.23037 0.0388247 0.0305522 0.00923277 0.00213692 0.000573596 0.000127195 2.22333e-05 2.74592e-06 2.19212e-07 1.11206e-08 2.7837e-10
 2.56256e-27 2.58614e-27 3.0529e-26 5.90015e-20 1.44635e-14 4.28579e-10 1.5351e-06 0.000664639 0.0347848 0.220059 0.168766 0.0461042 0.232349 0.21403 0.0375995 0.0318942 0.00999014 0.00287539 0.000732373 0.000126862 2.03793e-05 2.53075e-06 1.92787e-07 8.09276e-09 1.71077e-10
 2.56349e-27 2.58862e-27 3.26738e-26 6.35259e-20 1.55726e-14 4.61444e-10 1.65282e-06 0.000715606 0.0374523 0.236934 0.181648 0.0459048 0.221781 0.204167 0.0338582 0.025848 0.00821711 0.00259348 0.000712265 0.000144819 1.99713e-05 2.07943e-06 1.5367e-07 6.10109e-09 1.07777e-10
 2.56373e-27 2.5892e-27 3.31268e-26 6.44814e-20 1.58068e-14 4.68385e-10 1.67768e-06 0.000726369 0.0380155 0.240497 0.184375 0.046292 0.222811 0.205005 0.0319515 0.0212725 0.00658507 0.00182441 0.000508435 0.000113808 1.7926e-05 1.83976e-06 1.11922e-07 4.14813e-09 6.82115e-11
 2.56416e-27 2.59039e-27 3.4173e-26 6.66885e-20 1.63479e-14 4.84417e-10 1.7351e-06 0.000751232 0.0393168 0.248729 0.190656 0.0459767 0.215999 0.198727 0.0309901 0.0206505 0.00624321 0.0014801 0.000385972 7.8229e-05 1.30401e-05 1.51517e-06 9.54288e-08 3.00789e-09 4.48969e-11
 2.56398e-27 2.58985e-27 3.367e-26 6.56273e-20 1.60877e-14 4.76708e-10 1.70749e-06 0.000739278 0.0386911 0.244771 0.187639 0.0463427 0.220903 0.203202 0.0308683 0.0192457 0.00580977 0.00137348 0.000342331 5.99011e-05 9.00458e-06 1.03695e-06 7.30924e-08 2.40537e-09 3.1635e-11
 2.56595e-27 2.59523e-27 3.84648e-26 7.57424e-20 1.85673e-14 5.50183e-10 1.97066e-06 0.000853222 0.0446546 0.282497 0.21642 0.0446487 0.187792 0.172709 0.0266075 0.0172015 0.00514705 0.00113335 0.000279014 4.80418e-05 6.50274e-06 6.51711e-07 4.41533e-08 1.58693e-09 2.17381e-11
 2.5659e-27 2.59501e-27 3.81672e-26 7.51142e-20 1.84133e-14 5.4562e-10 1.95432e-06 0.000846146 0.0442842 0.280155 0.214646 0.0455846 0.19616 0.18023 0.0242788 0.00999693 0.00296264 0.000664164 0.000161021 2.60561e-05 3.4561e-06 3.21382e-07 1.88157e-08 6.3957e-10 9.33664e-12
 2.5655e-27 2.59393e-27 3.72099e-26 7.30947e-20 1.79183e-14 5.30951e-10 1.90178e-06 0.000823396 0.0430936 0.272622 0.208898 0.0458571 0.202272 0.18588 0.0254754 0.0112937 0.0032023 0.000460039 0.000101364 1.65443e-05 2.11074e-06 1.87137e-07 1.02346e-08 3.03584e-10 4.15838e-12
 2.56671e-27 2.59724e-27 4.01802e-26 7.93609e-20 1.94544e-14 5.76468e-10 2.06481e-06 0.000893984 0.0467879 0.295993 0.226725 0.044679 0.180782 0.166116 0.023193 0.0110656 0.00316346 0.000486237 9.96785e-05 1.09597e-05 1.27644e-06 1.10918e-07 5.74561e-09 1.58219e-10 1.91511e-12
 2.56671e-27 2.5972e-27 4.0107e-26 7.92063e-20 1.94165e-14 5.75345e-10 2.06079e-06 0.000892243 0.0466968 0.295417 0.22629 0.0449933 0.183479 0.168534 0.0223199 0.00846833 0.00241684 0.00039588 8.34668e-05 9.5337e-06 8.99724e-07 5.85464e-08 2.88097e-09 7.53304e-11 8.42181e-13
 2.56584e-27 2.59481e-27 3.79649e-26 7.46874e-20 1.83087e-14 5.4252e-10 1.94322e-06 0.000841338 0.0440326 0.278563 0.213435 0.0458799 0.199259 0.183039 0.0238751 0.0083605 0.00233579 0.000307753 6.1671e-05 7.46984e-06 7.3242e-07 4.36394e-08 1.58743e-09 3.64989e-11 3.86197e-13
 2.56556e-27 2.59404e-27 3.72875e-26 7.32583e-20 1.79584e-14 5.32139e-10 1.90603e-06 0.000825239 0.04319 0.273232 0.209368 0.0460622 0.203503 0.186962 0.024686 0.00922045 0.00256901 0.000314241 5.91816e-05 5.90011e-06 5.60727e-07 3.52386e-08 1.22714e-09 2.18544e-11 1.92818e-13
 2.56554e-27 2.59401e-27 3.72861e-26 7.32553e-20 1.79577e-14 5.32118e-10 1.90596e-06 0.000825206 0.0431883 0.273222 0.209356 0.045853 0.201919 0.185551 0.0253576 0.0111066 0.00312597 0.000408193 7.78059e-05 7.19013e-06 6.04091e-07 3.28986e-08 1.16876e-09 2.03586e-11 1.45851e-13
#obs catch len freq
 5.01272e-42 6.95733e-34 1.16724e-26 2.36713e-20 5.80275e-15 1.71946e-10 6.15883e-07 0.000266656 0.0139557 0.0882891 0.0681418 0.039928 0.218887 0.186818 0.143814 0.143319 0.064049 0.0257254 0.00598723 0.000775577 4.1485e-05 6.61965e-07 2.35078e-09 1.50695e-12 1.52639e-16
 5.72112e-42 7.94054e-34 1.33219e-26 2.70165e-20 6.62279e-15 1.96245e-10 7.02919e-07 0.00030434 0.0159279 0.100766 0.0777794 0.0436486 0.223077 0.181507 0.143106 0.131168 0.0568659 0.0209319 0.00440368 0.000492113 2.14008e-05 2.62079e-07 6.87241e-10 3.1843e-13 2.30456e-17
 1.08373e-41 1.50414e-33 2.52351e-26 5.11762e-20 1.25452e-14 3.71738e-10 1.33151e-06 0.000576497 0.0301715 0.190875 0.146632 0.0451527 0.181255 0.140562 0.113806 0.0955326 0.0395549 0.013174 0.00246389 0.000233676 8.1901e-06 7.68009e-08 1.48531e-10 4.96471e-14 2.56206e-18
 1.11751e-41 1.55103e-33 2.60218e-26 5.27717e-20 1.29364e-14 3.83328e-10 1.37302e-06 0.000594469 0.0311122 0.196827 0.151522 0.0584278 0.23777 0.16415 0.0765583 0.0541215 0.0214012 0.00638731 0.00104317 8.24582e-05 2.29565e-06 1.63856e-08 2.33654e-11 5.63944e-15 2.07562e-19
 7.84437e-42 1.08875e-33 1.8266e-26 3.7043e-20 9.08067e-15 2.69077e-10 9.63789e-07 0.000417287 0.0218392 0.138164 0.106994 0.0648642 0.274138 0.184765 0.116567 0.0712329 0.0166598 0.00379148 0.000530099 3.42391e-05 7.44163e-07 3.99929e-09 4.18776e-12 7.29991e-16 1.9194e-20
 1.25738e-41 1.74516e-33 2.92786e-26 5.93765e-20 1.45554e-14 4.31304e-10 1.54486e-06 0.000668872 0.0350061 0.221461 0.170326 0.0528444 0.172304 0.12215 0.125376 0.0758234 0.0203009 0.00343006 0.00029291 1.42925e-05 2.38102e-07 9.5112e-10 7.25545e-13 9.10151e-17 1.7087e-21
 1.03829e-41 1.44108e-33 2.41771e-26 4.90307e-20 1.20193e-14 3.56154e-10 1.27569e-06 0.000552328 0.0289067 0.182877 0.141566 0.0737445 0.26029 0.153567 0.0858671 0.0506559 0.0184955 0.00324204 0.000228146 6.73628e-06 7.49093e-08 2.16037e-10 1.18781e-13 1.06505e-17 1.42192e-22
 1.2777e-41 1.77336e-33 2.97518e-26 6.03361e-20 1.47907e-14 4.38275e-10 1.56983e-06 0.000679682 0.0355719 0.225043 0.173574 0.0643798 0.192381 0.123833 0.116256 0.0542726 0.0117588 0.00208298 0.000161963 3.90851e-06 2.7127e-08 4.88923e-11 1.83167e-14 1.15495e-18 1.08877e-23
 1.14796e-41 1.5933e-33 2.67309e-26 5.42097e-20 1.32889e-14 3.93774e-10 1.41043e-06 0.000610669 0.03196 0.202196 0.156794 0.0797756 0.239151 0.134241 0.0945613 0.0460596 0.0129407 0.00161138 9.41443e-05 2.1978e-06 1.25436e-08 1.48953e-11 3.43931e-15 1.39872e-19 8.93606e-25
 1.51073e-41 2.0968e-33 3.51782e-26 7.13406e-20 1.74883e-14 5.1821e-10 1.85615e-06 0.000803647 0.0420597 0.266089 0.205314 0.0696118 0.171451 0.103916 0.0940009 0.0375051 0.00814054 0.00105259 5.30261e-05 8.79503e-07 4.13897e-09 3.99122e-12 6.55192e-16 1.71975e-20 6.94848e-26
 1.5485e-41 2.14922e-33 3.60575e-26 7.3124e-20 1.79255e-14 5.31165e-10 1.90255e-06 0.000823737 0.0431111 0.272745 0.21108 0.0830905 0.196995 0.0986427 0.0622289 0.0248794 0.00579323 0.000582822 2.47419e-05 3.45765e-07 1.17646e-09 8.40409e-13 1.0695e-16 2.10677e-21 5.97935e-27
 1.15221e-41 1.5992e-33 2.68299e-26 5.44104e-20 1.33381e-14 3.95231e-10 1.41565e-06 0.000612929 0.0320783 0.202956 0.159049 0.103875 0.253832 0.129188 0.0871904 0.0264627 0.0043353 0.000404597 1.43856e-05 1.54905e-07 4.13426e-10 2.17145e-13 1.96082e-17 2.80385e-22 5.90116e-28
 1.72773e-41 2.39798e-33 4.02311e-26 8.15878e-20 2.00003e-14 5.92645e-10 2.12276e-06 0.000919081 0.048101 0.304315 0.235213 0.0747294 0.14003 0.0900228 0.0799523 0.023091 0.00339904 0.000219815 5.85078e-06 5.04476e-08 1.01068e-10 3.94074e-14 2.61451e-18 2.67038e-23 3.95697e-29
 1.40001e-41 1.94313e-33 3.26e-26 6.61121e-20 1.62066e-14 4.80231e-10 1.72011e-06 0.000744748 0.0389772 0.246612 0.193698 0.116607 0.234517 0.0984478 0.0507811 0.0165713 0.00287428 0.000164571 3.18968e-06 1.88459e-08 2.77123e-11 7.96897e-15 3.82791e-19 2.81985e-24 3.00342e-30
 1.18733e-41 1.64793e-33 2.76475e-26 5.60686e-20 1.37445e-14 4.07276e-10 1.4588e-06 0.000631609 0.0330559 0.209161 0.165831 0.118805 0.228845 0.131795 0.0908768 0.018763 0.00210675 0.000125544 2.30505e-06 1.02477e-08 1.01824e-11 2.00672e-15 6.84568e-20 3.6122e-25 2.74429e-31
 9.44954e-42 1.31153e-33 2.20037e-26 4.46231e-20 1.09388e-14 3.24137e-10 1.16101e-06 0.000502676 0.0263081 0.166489 0.13478 0.131839 0.244057 0.154893 0.109963 0.027786 0.00325737 0.000122161 1.72262e-06 6.83941e-09 5.38354e-12 7.44628e-16 1.70828e-20 6.12285e-26 3.23053e-32
 1.49981e-41 2.08164e-33 3.49238e-26 7.08247e-20 1.73618e-14 5.14463e-10 1.84272e-06 0.000797836 0.0417556 0.264203 0.207506 0.0986519 0.153182 0.120739 0.0875145 0.0227105 0.00282574 0.000111476 1.21013e-06 3.27351e-09 1.9979e-12 2.20248e-16 3.78127e-21 9.52541e-27 3.42104e-33
 1.05208e-41 1.46022e-33 2.44982e-26 4.96819e-20 1.21789e-14 3.60884e-10 1.29263e-06 0.000559663 0.0292906 0.18541 0.153657 0.170383 0.26135 0.117561 0.0621527 0.0173927 0.00215613 8.41384e-05 8.8525e-07 1.99467e-09 8.56705e-13 6.57709e-17 8.34373e-22 1.59017e-27 4.24521e-34
 1.52935e-41 2.12264e-33 3.56117e-26 7.22197e-20 1.77038e-14 5.24596e-10 1.87902e-06 0.00081355 0.0425781 0.269439 0.213703 0.111357 0.15344 0.126972 0.0691704 0.0113923 0.00109173 4.11678e-05 4.03517e-07 8.1993e-10 2.97067e-13 1.73385e-17 1.54526e-22 2.03598e-28 3.84556e-35
 1.08305e-41 1.50321e-33 2.52194e-26 5.11444e-20 1.25374e-14 3.71508e-10 1.33068e-06 0.000576138 0.030153 0.190939 0.162279 0.190415 0.247346 0.112029 0.0531154 0.0121614 0.000960887 2.35779e-05 1.87479e-07 3.31097e-10 1.02049e-13 4.92033e-18 3.47575e-23 3.44692e-29 4.6752e-36
 1.38424e-41 1.92124e-33 3.22328e-26 6.53674e-20 1.60241e-14 4.74822e-10 1.70074e-06 0.00073636 0.0385384 0.243953 0.198541 0.13599 0.172859 0.140413 0.0599962 0.00834497 0.00061145 1.4353e-05 8.02237e-08 1.00288e-10 2.42027e-14 9.40264e-19 5.31171e-24 4.15119e-30 4.35811e-37
 1.51009e-41 2.0959e-33 3.51631e-26 7.131e-20 1.74808e-14 5.17988e-10 1.85535e-06 0.000803303 0.042042 0.26619 0.219555 0.161533 0.173812 0.0905904 0.0382847 0.00679969 0.000381901 6.42837e-06 3.0365e-08 2.90053e-11 4.8449e-15 1.3319e-19 5.59772e-25 3.34125e-31 2.69373e-38
 1.22311e-41 1.69759e-33 2.84806e-26 5.77582e-20 1.41587e-14 4.19549e-10 1.50276e-06 0.000650642 0.0340527 0.215776 0.187926 0.200422 0.211277 0.109815 0.0353202 0.00450555 0.000249344 3.80674e-06 1.30153e-08 9.22924e-12 1.17891e-15 2.35932e-20 6.90877e-26 2.86752e-32 1.64315e-39
 1.47465e-41 2.04671e-33 3.43379e-26 6.96365e-20 1.70706e-14 5.05832e-10 1.81181e-06 0.000784451 0.0410557 0.260059 0.218348 0.161764 0.168075 0.111869 0.0342523 0.00364471 0.000143833 1.73903e-06 5.0894e-09 2.77951e-12 2.54014e-16 3.67075e-21 7.88224e-27 2.37339e-33 9.64435e-41
 1.45396e-41 2.018e-33 3.38562e-26 6.86597e-20 1.68311e-14 4.98736e-10 1.78639e-06 0.000773447 0.0404802 0.256588 0.222784 0.193935 0.173288 0.0844017 0.0248678 0.00278565 9.30641e-05 8.13756e-07 1.70956e-09 7.19693e-13 5.11381e-17 5.48348e-22 8.40874e-28 1.79352e-34 5.20327e-42
 1.28544e-41 1.78411e-33 2.99322e-26 6.07018e-20 1.48803e-14 4.40932e-10 1.57935e-06 0.000683803 0.0357893 0.227102 0.206728 0.214964 0.192645 0.097633 0.0224768 0.00191753 5.81551e-05 4.42916e-07 6.974e-10 2.05288e-13 1.03619e-17 8.18024e-23 9.36048e-29 1.47314e-35 3.08922e-43
 1.15938e-41 1.60915e-33 2.69968e-26 5.4749e-20 1.34211e-14 3.97691e-10 1.42446e-06 0.000616744 0.0322804 0.205094 0.194806 0.223164 0.205114 0.112474 0.0245944 0.00181482 4.08574e-05 2.42033e-07 3.12099e-10 7.1336e-14 2.5985e-18 1.4293e-23 1.14128e-29 1.27539e-36 1.93086e-44
 1.14633e-41 1.59104e-33 2.66929e-26 5.41327e-20 1.327e-14 3.93214e-10 1.40843e-06 0.000609802 0.031917 0.202759 0.191489 0.216218 0.208873 0.119276 0.0268186 0.00199817 4.11074e-05 1.99883e-07 2.04945e-10 3.87814e-14 1.19693e-18 5.48543e-24 3.53417e-30 3.10725e-37 3.65956e-45
#spawning biomass
 11309.2 12018.3 15577.1 21915.1 27556.8 33040.9 38534.3 45237.5 51579.7 67214.7 86788.9 100327 133039 164561 166989 138591 127193 119297 118086 116666 127115 130487 134449 149726 167690 162915 143467 137004 136058 207905 228913 221416 200321 175529 152469 133353 118560 107619 99777.2 94281.4 90493.3 87913.4 86159.3 84963.8 84183.1 83673.2 83340.2 83122.8 82980.7 82888 82827.4 82787.8 82762 82745.1 82734.1 82726.9 82722.2 82719.1 82717.1 82715.8 82714.9 82714.4 82714 82713.8 82713.6 82713.5 82713.4 82713.4 82713.4 82713.4 82713.3 82713.3 82713.3 82713.3 82713.3 82713.3 82713.3 82713.3 82713.3 82713.3 82713.3 82713.3 82713.3 82713.3 82713.3 82713.3 82713.3 82713.3 82713.3 82713.3 82713.3 82713.3 82713.3 82713.3 82713.3 82713.3 82713.3 82713.3 82713.3 82713.3 82713.3 82713.3 82713.3 82713.3 82713.3 82713.3 82713.3 82713.3 82713.3 82713.3 82713.3 82713.3 82713.3 82713.3 82713.3 82713.3 82713.3 82713.3 82713.3 82713.3 82713.3 82713.3 82713.3 82713.3 82713.3 82713.3 82713.3 82713.3 0 0 0 0 0 0 0 0 0 0 0 0 0 0 0 0 0 0 0 0 0 0 0 0 0
