SBPRF35
0.224663
Curr Bio
39213.4
B35
180437
F35
0.339375
FOFL
0.205535
OFL
35477.1
Bzero
64189.3
#pred survey bio
 8908.73 7366 7907.65 7670.5 10047 13283.4 14534.7 17557.2 27999.6 46619.7 63013.3 76008.3 104830 130919 137652 130337 119402 116661 116368 121398 127181 127734 136146 152173 159074 161996 163936 149834 120833 8.23114e+06 4.77064e+06 3.6086e+06 2.53814e+06 1.80213e+06 1.35368e+06 1.09679e+06 954162 875942 833007 809192 795751 787997 783413 780636 778915 777833 777141 776692 776398 776203 776074 775987 775929 775890 775864 775846 775834 775826 775820 775817 775814 775813 775811 775811 775810 775810 775809 775809 775809 775809 775809 775809 775809 775809 775809 775809 775809 775809 775809 775809 775809 775809 775809 775809 775809 775809 775809 775809 775809 775809 775809 775809 775809 775809 775809 775809 775809 775809 775809 775809 775809 775809 775809 775809 775809 775809 775809 775809 775809 775809 775809 775809 775809 775809 775809 775809 775809 775809 775809 775809 775809 775809 775809 775809 775809 775809 775809 775809 775809 0 0 0 0 0 0 0 0 0 0 0 0 0 0 0 0 0 0 0 0 0 0 0 0 0
#obs survey bio
 8387.06 9241.32 8147.2 6338.17 18071.5 14547.9 17138.9 21809.2 41576.9 54923.3 99470.6 75678.2 123307 182942 110152 122216 135487 127492 121188 135921 155398 166169 139027 283365 145783 159146 155877 161141 173323
#pred catch bio
 6260.13 5116.5 5854.41 5716.61 7242.91 9885.78 10886.9 12470.6 18590.7 32788.8 46693.4 54317.1 76454.7 95683.7 101962 99507.8 89802 87206.1 85106.9 88528 93360.8 90668.2 95370.3 108784 112685 111693 115259 109987 1.26438 35477.1 54151.5 39690.2 27101.5 18732.2 13803.2 11096.1 9672.5 8944.63 8579.37 8398.37 8309.45 8266.02 8244.89 8234.63 8229.67 8227.27 8226.12 8225.57 8225.3 8225.17 8225.11 8225.08 8225.06 8225.06 8225.05 8225.05 8225.05 8225.05 8225.05 8225.05 8225.05 8225.05 8225.05 8225.05 8225.05 8225.05 8225.05 8225.05 8225.05 8225.05 8225.05 8225.05 8225.05 8225.05 8225.05 8225.05 8225.05 8225.05 8225.05 8225.05 8225.05 8225.05 8225.05 8225.05 8225.05 8225.05 8225.05 8225.05 8225.05 8225.05 8225.05 8225.05 8225.05 8225.05 8225.05 8225.05 8225.05 8225.05 8225.05 8225.05 8225.05 8225.05 8225.05 8225.05 8225.05 8225.05 8225.05 8225.05 8225.05 8225.05 8225.05 8225.05 8225.05 8225.05 8225.05 8225.05 8225.05 8225.05 8225.05 8225.05 8225.05 8225.05 8225.05 8225.05 8225.05 8225.05 8225.05 8225.05 8225.05 0 0 0 0 0 0 0 0 0 0 0 0 0 0 0 0 0 0 0 0 0 0 0 0 0
#obs catch bio
 5384.77 5077.36 5760.3 5833.65 6999.44 9838.17 10902.5 12038 17771.1 31808.5 45111.3 53402.8 74852.2 94874.9 103226 100411 90664.1 86164.1 85682.7 88365.1 91246 87585.3 95348.9 106173 110339 110769 116271 115614 1.15796
#pred cpue bio
 8432.69 6689.62 7228.72 6980.39 8942.06 11968.7 13166.6 15730.4 24900.1 41783.6 56785.2 68367.7 93973.6 117984 125540 119018 108512 106023 105718 110374 115616 116393 124103 138435 145137 148235 150662 138220 111526 7.95332e+06 4.79117e+06 3.59752e+06 2.52031e+06 1.7836e+06 1.33508e+06 1.07818e+06 935554 857334 814399 790584 777142 769388 764805 762027 760306 759225 758533 758084 757790 757595 757465 757379 757321 757282 757255 757238 757226 757218 757212 757208 757206 757204 757203 757202 757202 757201 757201 757201 757201 757201 757201 757201 757201 757201 757201 757201 757201 757201 757201 757201 757201 757201 757201 757201 757201 757201 757201 757201 757201 757201 757201 757201 757201 757201 757201 757201 757201 757201 757201 757201 757201 757201 757201 757201 757201 757201 757201 757201 757201 757201 757201 757201 757201 757201 757201 757201 757201 757201 757201 757201 757201 757201 757201 757201 757201 757201 757201 757201 757201 0 0 0 0 0 0 0 0 0 0 0 0 0 0 0 0 0 0 0 0 0 0 0 0 0
#obs cpue bio
 7069.25 6735.89 9300.37 4911.55 12299.7 9387.52 10664.8 28450.2 37163 49404.9 63824 77958 117696 89621.5 112621 118964 79117.4 135351 78726.5 109242 157782 163591 94488.7 134263 213041 154480 127081 140579 135117
#pred surv len freq
 2.14573e-27 2.1727e-27 6.52722e-27 1.48999e-21 8.86153e-17 1.21166e-12 3.80886e-09 2.75267e-06 0.000457352 0.0174705 0.153427 0.309773 0.144203 0.026378 0.0677613 0.0951463 0.0389359 0.0319434 0.028556 0.0195054 0.0165772 0.0145056 0.0151607 0.0142065 0.0059896
 2.14867e-27 2.18135e-27 7.51358e-27 1.8247e-21 1.08522e-16 1.48385e-12 4.6645e-09 3.37104e-06 0.000560094 0.0213952 0.187894 0.379361 0.17643 0.0278564 0.0558193 0.0779427 0.0285289 0.0139791 0.011092 0.00601681 0.00423031 0.00303736 0.00264813 0.0022624 0.000943835
 2.14757e-27 2.17884e-27 7.25468e-27 1.73688e-21 1.03299e-16 1.41243e-12 4.43999e-09 3.20879e-06 0.000533136 0.0203654 0.17885 0.361103 0.168062 0.0298018 0.0731998 0.102351 0.0360538 0.0132441 0.00929273 0.00343257 0.00166888 0.00088523 0.00057765 0.000412804 0.000163452
 2.14796e-27 2.17986e-27 7.36832e-27 1.77545e-21 1.05593e-16 1.44379e-12 4.53859e-09 3.28005e-06 0.000544975 0.0208177 0.182822 0.369121 0.171746 0.0292013 0.0671171 0.0938353 0.0338719 0.0150462 0.0107768 0.00332375 0.00114897 0.000374427 0.000147416 7.51524e-05 2.62925e-05
 2.1499e-27 2.18462e-27 7.87185e-27 1.94625e-21 1.15751e-16 1.58269e-12 4.97521e-09 3.5956e-06 0.000597403 0.0228204 0.20041 0.40463 0.188105 0.0276703 0.0470684 0.065539 0.0233819 0.00953303 0.00679625 0.00231862 0.000852696 0.000213142 4.54321e-05 1.1962e-05 3.11388e-06
 2.14882e-27 2.18194e-27 7.58294e-27 1.84822e-21 1.09921e-16 1.50297e-12 4.72461e-09 3.41449e-06 0.000567313 0.021671 0.190315 0.38425 0.178736 0.0290707 0.0617598 0.0861796 0.0297532 0.00898574 0.00588303 0.00191381 0.000688384 0.000183662 3.38892e-05 4.48227e-06 5.89342e-07
 2.14835e-27 2.1808e-27 7.46428e-27 1.80798e-21 1.07528e-16 1.47025e-12 4.62175e-09 3.34015e-06 0.000554961 0.0211991 0.186172 0.375884 0.174874 0.0292412 0.0653227 0.0912493 0.0322006 0.0119908 0.00817577 0.00227904 0.000654915 0.000163779 3.00317e-05 3.4116e-06 2.32416e-07
 2.14934e-27 2.18324e-27 7.72401e-27 1.8961e-21 1.12768e-16 1.5419e-12 4.84699e-09 3.50294e-06 0.000582007 0.0222323 0.195245 0.394203 0.183306 0.0282486 0.0537417 0.0749381 0.0266098 0.0104444 0.00729374 0.00225052 0.000719361 0.000155675 2.36357e-05 2.49249e-06 1.41519e-07
 2.14994e-27 2.1847e-27 7.87728e-27 1.94808e-21 1.1586e-16 1.58418e-12 4.97988e-09 3.59897e-06 0.000597964 0.0228418 0.200598 0.40501 0.188289 0.0278789 0.0482272 0.0671367 0.0234668 0.00802836 0.00543795 0.00173049 0.000589523 0.000140122 2.16253e-05 1.95615e-06 9.60116e-08
 2.14928e-27 2.18309e-27 7.70499e-27 1.88963e-21 1.12384e-16 1.53665e-12 4.83047e-09 3.49099e-06 0.000580023 0.0221565 0.194579 0.392859 0.182697 0.0285701 0.0561093 0.0782322 0.0271883 0.00879079 0.00581273 0.00172346 0.000540963 0.000132421 2.21191e-05 2.1057e-06 9.65363e-08
 2.14882e-27 2.18195e-27 7.58559e-27 1.84913e-21 1.09975e-16 1.50371e-12 4.72693e-09 3.41617e-06 0.000567591 0.0216816 0.190409 0.384439 0.178816 0.028878 0.0605269 0.0844785 0.0296601 0.0105642 0.00714928 0.00205745 0.000606941 0.00013788 2.20146e-05 2.19038e-06 1.0615e-07
 2.14899e-27 2.18238e-27 7.63155e-27 1.86473e-21 1.10903e-16 1.51639e-12 4.7668e-09 3.44498e-06 0.000572379 0.0218645 0.192015 0.387681 0.180307 0.0286604 0.0582212 0.081237 0.028628 0.0105405 0.00723103 0.00218114 0.000682288 0.00015059 2.23202e-05 2.08744e-06 1.01059e-07
 2.14928e-27 2.1831e-27 7.70787e-27 1.89062e-21 1.12442e-16 1.53745e-12 4.83298e-09 3.49281e-06 0.000580325 0.022168 0.194681 0.393063 0.182785 0.0283999 0.0550087 0.0767075 0.0270095 0.00987457 0.00677659 0.00208335 0.000675953 0.000156599 2.3903e-05 2.1383e-06 9.70735e-08
 2.14881e-27 2.18193e-27 7.58366e-27 1.84847e-21 1.09936e-16 1.50318e-12 4.72526e-09 3.41496e-06 0.00056739 0.0216739 0.190341 0.384303 0.178754 0.0289247 0.0608531 0.0849289 0.0296861 0.0101535 0.00684542 0.00209554 0.000679956 0.000161273 2.57487e-05 2.39394e-06 1.07915e-07
 2.14771e-27 2.17922e-27 7.29703e-27 1.75125e-21 1.04154e-16 1.42411e-12 4.47672e-09 3.23534e-06 0.000537547 0.0205339 0.18033 0.36409 0.169443 0.0297975 0.0722731 0.101047 0.0356721 0.0133324 0.00915872 0.00271042 0.000838826 0.000197285 3.18363e-05 3.06205e-06 1.43476e-07
 2.14761e-27 2.179e-27 7.27723e-27 1.74455e-21 1.03755e-16 1.41867e-12 4.4596e-09 3.22296e-06 0.000535491 0.0204554 0.17964 0.362697 0.168789 0.0295467 0.0711617 0.0995334 0.0358493 0.015677 0.0112059 0.00347134 0.00113055 0.000258847 4.02621e-05 3.86304e-06 1.85024e-07
 2.14807e-27 2.18015e-27 7.3985e-27 1.78568e-21 1.06202e-16 1.45212e-12 4.56475e-09 3.29896e-06 0.000548117 0.0209377 0.183876 0.371249 0.172729 0.0291833 0.0663657 0.0927583 0.0332464 0.0140386 0.0100702 0.00340296 0.00123925 0.000299909 4.79063e-05 4.4864e-06 2.11091e-07
 2.14806e-27 2.18011e-27 7.39387e-27 1.78411e-21 1.06108e-16 1.45083e-12 4.56072e-09 3.29604e-06 0.000547633 0.0209192 0.183713 0.370921 0.172582 0.0293058 0.0672125 0.0939346 0.0334263 0.0133511 0.00943929 0.00313348 0.00114715 0.000303537 5.37279e-05 5.28592e-06 2.49623e-07
 2.1481e-27 2.1802e-27 7.40295e-27 1.78719e-21 1.06291e-16 1.45334e-12 4.5686e-09 3.30174e-06 0.000548579 0.0209553 0.184031 0.371562 0.172877 0.0292597 0.066738 0.0932702 0.0332549 0.0134859 0.00952982 0.00306576 0.00107827 0.000282407 5.21783e-05 5.6368e-06 2.86263e-07
 2.14803e-27 2.18002e-27 7.3845e-27 1.78093e-21 1.05919e-16 1.44825e-12 4.5526e-09 3.29018e-06 0.000546658 0.020882 0.183387 0.370261 0.172277 0.0292981 0.0673646 0.0941574 0.0336207 0.0137916 0.00978101 0.00317302 0.00111697 0.000283335 5.08231e-05 5.59492e-06 3.03665e-07
 2.14804e-27 2.18006e-27 7.38909e-27 1.78249e-21 1.06012e-16 1.44952e-12 4.55658e-09 3.29305e-06 0.000547136 0.0209002 0.183547 0.370585 0.172425 0.0292579 0.0670217 0.0936777 0.0335012 0.0139069 0.0098958 0.00323203 0.0011489 0.000292959 5.18555e-05 5.55299e-06 3.01438e-07
 2.14781e-27 2.1795e-27 7.32935e-27 1.76222e-21 1.04806e-16 1.43304e-12 4.50477e-09 3.25561e-06 0.000540915 0.0206626 0.18146 0.366371 0.170485 0.0294718 0.069597 0.0973057 0.0347544 0.0142881 0.0101543 0.00333843 0.00119783 0.000308044 5.49669e-05 5.85683e-06 3.12078e-07
 2.14779e-27 2.17944e-27 7.32481e-27 1.76069e-21 1.04715e-16 1.43179e-12 4.50086e-09 3.25278e-06 0.000540445 0.0206446 0.181302 0.366053 0.170334 0.0293637 0.069033 0.0965319 0.0347692 0.0152136 0.0109463 0.00358413 0.00128209 0.000332014 5.98704e-05 6.43272e-06 3.42785e-07
 2.14798e-27 2.17993e-27 7.37678e-27 1.77832e-21 1.05764e-16 1.44613e-12 4.54593e-09 3.28536e-06 0.000545857 0.0208514 0.183118 0.369719 0.172021 0.0291714 0.0667546 0.0933204 0.033631 0.014778 0.0106906 0.00362833 0.00134765 0.000349497 6.31058e-05 6.8393e-06 3.67668e-07
 2.14769e-27 2.17921e-27 7.29935e-27 1.75205e-21 1.04201e-16 1.42477e-12 4.47877e-09 3.23682e-06 0.000537793 0.0205433 0.180412 0.364257 0.169509 0.0295166 0.0705082 0.0985973 0.0353044 0.0147983 0.0106054 0.00360884 0.00135802 0.000364859 6.77549e-05 7.38408e-06 3.99173e-07
 2.14741e-27 2.17852e-27 7.22708e-27 1.72754e-21 1.02744e-16 1.40484e-12 4.41612e-09 3.19154e-06 0.00053027 0.020256 0.177889 0.359161 0.167158 0.0296397 0.0727954 0.101844 0.0367628 0.0163386 0.0118082 0.00391272 0.00143215 0.000386381 7.35357e-05 8.27208e-06 4.54708e-07
 2.14697e-27 2.17745e-27 7.11662e-27 1.69008e-21 1.00516e-16 1.37437e-12 4.32036e-09 3.12233e-06 0.000518771 0.0198167 0.174031 0.351373 0.163565 0.0298498 0.0764255 0.106987 0.0389226 0.0182524 0.0133857 0.00458905 0.00172776 0.000456197 8.54119e-05 9.7428e-06 5.50188e-07
 2.14657e-27 2.1765e-27 7.01709e-27 1.65633e-21 9.85081e-17 1.34692e-12 4.23407e-09 3.05997e-06 0.00050841 0.0194209 0.170556 0.344356 0.160328 0.030036 0.0796767 0.111592 0.0408457 0.0199279 0.0147806 0.00523492 0.00205466 0.000561042 0.000106238 1.19473e-05 6.75574e-07
 2.14652e-27 2.17637e-27 7.00469e-27 1.65213e-21 9.82582e-17 1.34351e-12 4.22333e-09 3.05221e-06 0.000507121 0.0193717 0.170123 0.343482 0.159924 0.0300201 0.0798432 0.111833 0.0410182 0.0202758 0.0151205 0.00548464 0.00222271 0.000630868 0.000124778 1.43675e-05 8.12099e-07
#obs surv len freq
 1.2363e-39 6.05085e-33 6.80851e-27 1.7613e-21 1.04751e-16 1.43228e-12 4.50239e-09 3.25388e-06 0.000540637 0.0206517 0.181363 0.366177 0.170386 0.0292263 0.0681575 0.0953136 0.0345419 0.015787 0.0115666 0.00408887 0.00162109 0.000465542 9.70754e-05 1.25006e-05 8.2618e-07
 1.31556e-39 6.43875e-33 7.24499e-27 1.87421e-21 1.11466e-16 1.5241e-12 4.79102e-09 3.46248e-06 0.000575296 0.0219756 0.192989 0.38965 0.181201 0.0282325 0.0550161 0.0767674 0.0276896 0.0122463 0.00890211 0.00311012 0.0012159 0.00034489 7.0518e-05 8.82654e-06 5.64035e-07
 1.15077e-39 5.63222e-33 6.33746e-27 1.63944e-21 9.75037e-17 1.33319e-12 4.19089e-09 3.02876e-06 0.000503233 0.0192229 0.168815 0.340844 0.158739 0.0309379 0.0862414 0.120726 0.0424542 0.0153562 0.0106462 0.00364327 0.00139168 0.000388808 7.81773e-05 9.59582e-06 5.97382e-07
 1.34582e-39 6.58685e-33 7.41163e-27 1.91732e-21 1.1403e-16 1.55916e-12 4.90122e-09 3.54212e-06 0.000588528 0.022481 0.197428 0.398612 0.185317 0.0275056 0.0478776 0.0667628 0.0249513 0.013746 0.0102118 0.00312856 0.00104311 0.000280527 5.50257e-05 6.62532e-06 4.04371e-07
 1.38997e-39 6.80296e-33 7.6548e-27 1.98022e-21 1.17771e-16 1.61031e-12 5.06203e-09 3.65834e-06 0.000607838 0.0232186 0.203906 0.41169 0.191366 0.0275752 0.0443607 0.0616765 0.0213917 0.00679249 0.00463231 0.00180777 0.000749657 0.000185063 3.23628e-05 3.72666e-06 2.22154e-07
 1.26493e-39 6.19095e-33 6.96616e-27 1.80208e-21 1.07176e-16 1.46544e-12 4.60663e-09 3.32922e-06 0.000553155 0.0211298 0.185562 0.374655 0.174321 0.029637 0.0681097 0.0951176 0.032742 0.00956325 0.00610215 0.0017492 0.000554722 0.000164004 3.22613e-05 3.4303e-06 1.89512e-07
 1.2732e-39 6.23143e-33 7.01171e-27 1.81386e-21 1.07877e-16 1.47503e-12 4.63675e-09 3.35099e-06 0.000556772 0.021268 0.186775 0.377104 0.175428 0.0289613 0.0632466 0.0883628 0.0317254 0.0135489 0.00951153 0.00261146 0.000708023 0.0001569 2.73647e-05 3.24509e-06 1.8145e-07
 1.42394e-39 6.96918e-33 7.84183e-27 2.02861e-21 1.20649e-16 1.64966e-12 5.18571e-09 3.74772e-06 0.000622689 0.0237859 0.208888 0.421749 0.195991 0.0268953 0.0371786 0.0515906 0.0183506 0.00730734 0.00516855 0.00172256 0.000599793 0.000127541 1.76879e-05 1.70387e-06 9.41374e-08
 1.42055e-39 6.95262e-33 7.8232e-27 2.02379e-21 1.20362e-16 1.64574e-12 5.17339e-09 3.73882e-06 0.00062121 0.0237294 0.208392 0.420747 0.195544 0.0273202 0.0400744 0.055609 0.0189094 0.00476586 0.00291965 0.000936207 0.000329431 8.42959e-05 1.36868e-05 1.18331e-06 5.31066e-08
 1.34975e-39 6.60611e-33 7.4333e-27 1.92293e-21 1.14364e-16 1.56371e-12 4.91555e-09 3.55248e-06 0.000590249 0.0225468 0.198006 0.399778 0.185891 0.0284314 0.0531779 0.0740689 0.0252934 0.00672005 0.00410314 0.001054 0.000261155 6.24596e-05 1.09634e-05 1.10565e-06 5.07484e-08
 1.32475e-39 6.48371e-33 7.29558e-27 1.8873e-21 1.12245e-16 1.53474e-12 4.82448e-09 3.48666e-06 0.000579314 0.022129 0.194337 0.392371 0.182472 0.028578 0.0563054 0.0785158 0.0273913 0.00918912 0.00606356 0.00159103 0.000388798 7.37644e-05 9.80357e-06 9.60602e-07 4.8706e-08
 1.35911e-39 6.65191e-33 7.48484e-27 1.93626e-21 1.15156e-16 1.57456e-12 4.94963e-09 3.57711e-06 0.000594342 0.0227031 0.199379 0.402549 0.187155 0.0279771 0.0495696 0.0690358 0.0242355 0.00862534 0.00584789 0.00171097 0.000502132 9.86348e-05 1.18633e-05 9.06789e-07 3.94989e-08
 1.34056e-39 6.56112e-33 7.38268e-27 1.90983e-21 1.13585e-16 1.55307e-12 4.88208e-09 3.52829e-06 0.00058623 0.0223932 0.196657 0.397056 0.18463 0.0283772 0.0536673 0.0747878 0.025938 0.00821539 0.00541121 0.00163273 0.000513412 0.000113724 1.5761e-05 1.1953e-06 4.41866e-08
 1.2905e-39 6.31609e-33 7.10696e-27 1.8385e-21 1.09343e-16 1.49506e-12 4.69975e-09 3.39652e-06 0.000564336 0.0215569 0.189313 0.382227 0.1778 0.0290504 0.0622462 0.0868912 0.0303646 0.0103573 0.00692259 0.00197327 0.000576158 0.000131484 2.00483e-05 1.72526e-06 6.82803e-08
 1.1666e-39 5.70971e-33 6.42466e-27 1.662e-21 9.88452e-17 1.35153e-12 4.24855e-09 3.07043e-06 0.000510157 0.0194873 0.171138 0.345533 0.160894 0.0306062 0.0828032 0.115908 0.0411593 0.0161535 0.0112246 0.00331847 0.00100686 0.000219142 3.21328e-05 2.9168e-06 1.27934e-07
 1.26805e-39 6.20625e-33 6.98337e-27 1.80653e-21 1.07441e-16 1.46906e-12 4.61802e-09 3.33745e-06 0.000554522 0.021182 0.186021 0.37558 0.174709 0.0285778 0.061365 0.0857811 0.0317584 0.0165932 0.0122879 0.00391786 0.00131949 0.000300477 4.45421e-05 3.91161e-06 1.72926e-07
 1.23069e-39 6.02337e-33 6.77759e-27 1.7533e-21 1.04275e-16 1.42578e-12 4.48194e-09 3.23911e-06 0.000538182 0.0205579 0.180539 0.364514 0.16963 0.0295741 0.0707822 0.0989652 0.0351742 0.0139307 0.0100085 0.00378318 0.00154241 0.000387979 6.31552e-05 5.75951e-06 2.53221e-07
 1.28184e-39 6.2737e-33 7.05926e-27 1.82617e-21 1.08609e-16 1.48503e-12 4.66821e-09 3.37372e-06 0.000560549 0.0214122 0.188042 0.379662 0.176601 0.0286926 0.0608352 0.0849785 0.0307151 0.0137744 0.00993429 0.00320053 0.00117002 0.000343984 6.69747e-05 6.8221e-06 3.20312e-07
 1.2418e-39 6.07775e-33 6.83878e-27 1.76913e-21 1.05217e-16 1.43865e-12 4.5224e-09 3.26835e-06 0.000543041 0.0207435 0.182169 0.367804 0.171148 0.029465 0.0691245 0.0966262 0.0343259 0.0135303 0.00958466 0.00330055 0.00123961 0.000322368 6.23153e-05 7.40574e-06 3.9925e-07
 1.25626e-39 6.14851e-33 6.9184e-27 1.78973e-21 1.06442e-16 1.4554e-12 4.57506e-09 3.3064e-06 0.000549363 0.020985 0.18429 0.372087 0.173112 0.0290647 0.0653899 0.091399 0.0329862 0.0146381 0.0105329 0.00337777 0.00119466 0.000322117 6.05841e-05 6.88518e-06 4.00348e-07
 1.2838e-39 6.28332e-33 7.07009e-27 1.82897e-21 1.08775e-16 1.48731e-12 4.67536e-09 3.3789e-06 0.000561408 0.0214451 0.188331 0.380244 0.176873 0.0287741 0.0611574 0.0854114 0.0305741 0.0127891 0.00917 0.00313789 0.0011687 0.000298415 5.43242e-05 6.13977e-06 3.4816e-07
 1.25805e-39 6.15729e-33 6.92828e-27 1.79228e-21 1.06594e-16 1.45748e-12 4.58159e-09 3.31112e-06 0.000550148 0.0210149 0.184553 0.372618 0.173364 0.0292269 0.0662202 0.0925354 0.0329239 0.0131364 0.00928305 0.00307659 0.00112809 0.000303294 5.6061e-05 6.10501e-06 3.38998e-07
 1.26116e-39 6.17251e-33 6.9454e-27 1.79671e-21 1.06857e-16 1.46108e-12 4.59291e-09 3.31931e-06 0.000551507 0.0210669 0.185009 0.373539 0.173784 0.0290578 0.06491 0.0907115 0.0325933 0.0140116 0.010027 0.00323482 0.00114018 0.000298375 5.56183e-05 6.2238e-06 3.41873e-07
 1.25964e-39 6.16507e-33 6.93704e-27 1.79455e-21 1.06728e-16 1.45932e-12 4.58738e-09 3.31531e-06 0.000550843 0.0210415 0.184786 0.373089 0.173577 0.0290893 0.0652379 0.0911696 0.0326959 0.0138657 0.00994768 0.00334543 0.00122548 0.000312712 5.61236e-05 6.21611e-06 3.46372e-07
 1.26667e-39 6.19947e-33 6.97574e-27 1.80456e-21 1.07324e-16 1.46746e-12 4.61297e-09 3.3338e-06 0.000553916 0.0211589 0.185817 0.37517 0.174535 0.0289808 0.0639482 0.0893531 0.0320748 0.0136967 0.00983067 0.00328413 0.00120822 0.000319854 5.83332e-05 6.28744e-06 3.43083e-07
 1.19503e-39 5.84882e-33 6.58119e-27 1.70249e-21 1.01254e-16 1.38446e-12 4.35206e-09 3.14524e-06 0.000522587 0.0199621 0.175307 0.353951 0.164763 0.0299905 0.0765075 0.107059 0.0383681 0.0161873 0.0115955 0.00388922 0.00143459 0.000379517 7.04572e-05 7.77305e-06 4.21564e-07
 1.19469e-39 5.8472e-33 6.57936e-27 1.70202e-21 1.01225e-16 1.38407e-12 4.35085e-09 3.14437e-06 0.000522441 0.0199566 0.175259 0.353853 0.164701 0.0295582 0.0738981 0.103455 0.0381035 0.0193094 0.0143024 0.00476934 0.00174875 0.000463803 8.63714e-05 9.62709e-06 5.31659e-07
 1.2309e-39 6.02441e-33 6.77876e-27 1.7536e-21 1.04293e-16 1.42602e-12 4.48271e-09 3.23966e-06 0.000538275 0.0205614 0.18057 0.364576 0.169642 0.0290952 0.0678398 0.0948966 0.0348058 0.0172092 0.0128843 0.00479532 0.00195288 0.000521389 9.68306e-05 1.08256e-05 6.02549e-07
 1.2309e-39 6.02441e-33 6.77876e-27 1.7536e-21 1.04293e-16 1.42602e-12 4.48271e-09 3.23966e-06 0.000538275 0.0205614 0.18057 0.364576 0.169642 0.0290952 0.0678398 0.0948966 0.0348058 0.0172092 0.0128843 0.00479532 0.00195288 0.000521389 9.68306e-05 1.08256e-05 6.02549e-07
#pred catch len freq
 2.14572e-27 2.1727e-27 6.52875e-27 1.49051e-21 8.86463e-17 1.21208e-12 3.81019e-09 2.75363e-06 0.000457512 0.0174767 0.153481 0.309882 0.144258 0.026503 0.0684919 0.0961647 0.0391554 0.0315724 0.0281554 0.0191782 0.0162792 0.0142392 0.0148808 0.013944 0.00587891
 2.14863e-27 2.18125e-27 7.50287e-27 1.82107e-21 1.08306e-16 1.48089e-12 4.65521e-09 3.36433e-06 0.000558979 0.0213526 0.18752 0.378605 0.176083 0.0279349 0.0565261 0.0789337 0.0288112 0.0138673 0.0109627 0.00593069 0.00416355 0.00298811 0.00260486 0.00222539 0.000928395
 2.1476e-27 2.17891e-27 7.26145e-27 1.73917e-21 1.03435e-16 1.41429e-12 4.44585e-09 3.21303e-06 0.00053384 0.0203923 0.179086 0.361579 0.168283 0.0298156 0.0731398 0.102261 0.0359483 0.0129684 0.00905561 0.00333744 0.00161922 0.000858407 0.00056005 0.000400216 0.000158467
 2.148e-27 2.17995e-27 7.37762e-27 1.7786e-21 1.0578e-16 1.44636e-12 4.54665e-09 3.28588e-06 0.000545943 0.0208547 0.183147 0.369777 0.17205 0.0292089 0.0669657 0.0936152 0.0337047 0.0146973 0.0104862 0.00322819 0.0011133 0.000362563 0.000142706 7.27473e-05 2.5451e-05
 2.14989e-27 2.18461e-27 7.86976e-27 1.94554e-21 1.15709e-16 1.58211e-12 4.97339e-09 3.59428e-06 0.000597185 0.0228121 0.200337 0.404482 0.188038 0.0277012 0.0473014 0.0658635 0.0234437 0.0093875 0.00666435 0.00226894 0.000832681 0.000208027 4.43274e-05 1.167e-05 3.03783e-06
 2.14885e-27 2.182e-27 7.58907e-27 1.8503e-21 1.10045e-16 1.50466e-12 4.72993e-09 3.41833e-06 0.000567951 0.0216953 0.190529 0.384682 0.178936 0.0290701 0.0616259 0.0859875 0.0296395 0.00879616 0.00572535 0.00185874 0.000667091 0.000177879 3.28132e-05 4.33953e-06 5.70556e-07
 2.14839e-27 2.18089e-27 7.47379e-27 1.81121e-21 1.0772e-16 1.47287e-12 4.62999e-09 3.34611e-06 0.000555951 0.021237 0.186504 0.376555 0.175184 0.029237 0.0650943 0.0909225 0.0320178 0.0117072 0.00794546 0.00221127 0.00063383 0.000158395 2.90359e-05 3.29817e-06 2.24681e-07
 2.14931e-27 2.18318e-27 7.71733e-27 1.89383e-21 1.12633e-16 1.54006e-12 4.8412e-09 3.49875e-06 0.000581312 0.0222057 0.195012 0.393732 0.18309 0.0282964 0.0541757 0.0755457 0.0267673 0.0103209 0.0071766 0.0022103 0.000704903 0.00015246 2.31397e-05 2.43989e-06 1.38528e-07
 2.14985e-27 2.18449e-27 7.85529e-27 1.94062e-21 1.15416e-16 1.57811e-12 4.96081e-09 3.58519e-06 0.000595674 0.0227544 0.19983 0.403459 0.187575 0.0279753 0.0492832 0.0686217 0.0239436 0.00805493 0.00542979 0.00172458 0.000586212 0.000139257 2.14854e-05 1.94329e-06 9.5377e-08
 2.14925e-27 2.18299e-27 7.69481e-27 1.88618e-21 1.12178e-16 1.53384e-12 4.82163e-09 3.48461e-06 0.000578963 0.022116 0.194224 0.392141 0.182367 0.0286272 0.0566741 0.0790247 0.0274172 0.00871391 0.00573189 0.00169647 0.000531224 0.000129955 2.17009e-05 2.06569e-06 9.46988e-08
 2.14884e-27 2.182e-27 7.59085e-27 1.85091e-21 1.10081e-16 1.50516e-12 4.73149e-09 3.41946e-06 0.000568139 0.0217025 0.190593 0.38481 0.178987 0.0288848 0.0604563 0.0843747 0.0295651 0.0103424 0.00696537 0.00200112 0.000588885 0.000133691 2.1339e-05 2.12294e-06 1.02878e-07
 2.14897e-27 2.18233e-27 7.62596e-27 1.86283e-21 1.1079e-16 1.51485e-12 4.76195e-09 3.44148e-06 0.000571796 0.0218422 0.19182 0.387287 0.180126 0.028705 0.0586121 0.0817838 0.0287626 0.0104041 0.00710471 0.00213918 0.000667609 0.000147263 2.182e-05 2.04043e-06 9.87796e-08
 2.14929e-27 2.1831e-27 7.70827e-27 1.89075e-21 1.1245e-16 1.53756e-12 4.83333e-09 3.49306e-06 0.000580367 0.0221696 0.194695 0.393092 0.182799 0.0284224 0.0551376 0.0768851 0.0270173 0.0097021 0.00662701 0.00203359 0.000658289 0.000152418 2.32576e-05 2.08034e-06 9.44389e-08
 2.14882e-27 2.18195e-27 7.58448e-27 1.84875e-21 1.09952e-16 1.5034e-12 4.72597e-09 3.41547e-06 0.000567476 0.0216772 0.19037 0.384361 0.178782 0.0289462 0.0609666 0.0850847 0.0296853 0.00997461 0.00669096 0.00204446 0.000661845 0.000156884 2.50404e-05 2.32785e-06 1.04932e-07
 2.14773e-27 2.17928e-27 7.3033e-27 1.75337e-21 1.0428e-16 1.42584e-12 4.48215e-09 3.23926e-06 0.000538199 0.0205588 0.180549 0.364532 0.169647 0.0298081 0.0722045 0.100945 0.0355613 0.0130521 0.00892489 0.00263657 0.000814019 0.000191331 3.0866e-05 2.96843e-06 1.39085e-07
 2.14768e-27 2.17918e-27 7.29611e-27 1.75095e-21 1.04136e-16 1.42387e-12 4.47596e-09 3.23479e-06 0.000537455 0.0205304 0.180299 0.364028 0.169404 0.0295242 0.0706234 0.0987676 0.0354813 0.0152274 0.0108411 0.00335212 0.00108922 0.000249237 3.87551e-05 3.71804e-06 1.78073e-07
 2.14812e-27 2.18027e-27 7.41071e-27 1.78983e-21 1.06448e-16 1.45548e-12 4.57534e-09 3.30661e-06 0.000549388 0.0209862 0.184302 0.37211 0.173127 0.0291788 0.066079 0.092348 0.033018 0.0136858 0.00977642 0.00329692 0.00119808 0.000289793 4.62766e-05 4.33334e-06 2.03882e-07
 2.1481e-27 2.18021e-27 7.40359e-27 1.7874e-21 1.06304e-16 1.45351e-12 4.56914e-09 3.30213e-06 0.000548644 0.0209578 0.184053 0.371606 0.172899 0.0293069 0.0670128 0.0936473 0.0332478 0.0130378 0.00917752 0.00304043 0.00111065 0.000293717 5.19755e-05 5.11305e-06 2.41452e-07
 2.14811e-27 2.18022e-27 7.405e-27 1.78788e-21 1.06332e-16 1.4539e-12 4.57037e-09 3.30302e-06 0.000548792 0.0209635 0.184102 0.371706 0.172944 0.0292863 0.0668571 0.0934324 0.0332361 0.0132356 0.00931337 0.00299031 0.00104938 0.000274682 5.07367e-05 5.48057e-06 2.78321e-07
 2.14803e-27 2.18004e-27 7.38563e-27 1.78131e-21 1.05942e-16 1.44856e-12 4.55358e-09 3.29088e-06 0.000546775 0.0208864 0.183426 0.37034 0.172315 0.0293286 0.067527 0.0943804 0.0336219 0.0135439 0.00956522 0.00309694 0.00108778 0.000275774 4.94524e-05 5.44351e-06 2.95439e-07
 2.14806e-27 2.1801e-27 7.39258e-27 1.78367e-21 1.06082e-16 1.45048e-12 4.55961e-09 3.29524e-06 0.000547499 0.0209141 0.183669 0.370831 0.17254 0.0292811 0.0670889 0.0937666 0.0334534 0.0136359 0.00966276 0.00314969 0.00111717 0.000284707 5.03804e-05 5.39452e-06 2.92826e-07
 2.14778e-27 2.17943e-27 7.32119e-27 1.75946e-21 1.04642e-16 1.43079e-12 4.4977e-09 3.2505e-06 0.000540066 0.0206301 0.181175 0.365796 0.170221 0.0295341 0.0701512 0.0980812 0.0349509 0.0141144 0.00998961 0.00327779 0.00117351 0.000301621 5.38054e-05 5.73254e-06 3.05446e-07
 2.14774e-27 2.17933e-27 7.31255e-27 1.75653e-21 1.04468e-16 1.42841e-12 4.49022e-09 3.24509e-06 0.000539167 0.0205958 0.180874 0.365188 0.169937 0.0294409 0.0697656 0.0975587 0.0350526 0.0150667 0.0107992 0.00352907 0.00125964 0.000326015 5.8772e-05 6.31411e-06 3.36454e-07
 2.14797e-27 2.17989e-27 7.37158e-27 1.77656e-21 1.05659e-16 1.44469e-12 4.54141e-09 3.28209e-06 0.000545314 0.0208306 0.182936 0.369351 0.171853 0.0292253 0.0671943 0.0939341 0.0337675 0.0145727 0.0105014 0.00355684 0.0013183 0.000341701 6.16805e-05 6.6842e-06 3.5932e-07
 2.14766e-27 2.17913e-27 7.29055e-27 1.74907e-21 1.04024e-16 1.42234e-12 4.47114e-09 3.2313e-06 0.000536876 0.0205083 0.180105 0.363636 0.169225 0.0295825 0.0710976 0.0994222 0.0355162 0.0146232 0.0104376 0.00354447 0.00133097 0.000357397 6.6351e-05 7.23044e-06 3.90856e-07
 2.14734e-27 2.17835e-27 7.20899e-27 1.7214e-21 1.02379e-16 1.39984e-12 4.40043e-09 3.1802e-06 0.000528386 0.020184 0.177257 0.357885 0.166572 0.0297382 0.0737813 0.103228 0.0371698 0.0162301 0.0116861 0.0038646 0.00141148 0.000380589 7.24135e-05 8.14514e-06 4.47718e-07
 2.14693e-27 2.17735e-27 7.10512e-27 1.68618e-21 1.00283e-16 1.3712e-12 4.31037e-09 3.11512e-06 0.000517573 0.0197709 0.173629 0.350562 0.163193 0.0299316 0.0771695 0.108028 0.0391965 0.0180544 0.0131931 0.00451377 0.00169585 0.000447532 8.37659e-05 9.55418e-06 5.39521e-07
 2.1466e-27 2.17655e-27 7.02249e-27 1.65816e-21 9.8617e-17 1.34841e-12 4.23875e-09 3.06336e-06 0.000508972 0.0194424 0.170744 0.344736 0.160505 0.0300704 0.0797724 0.111718 0.0407743 0.0195299 0.0144342 0.00510142 0.00199815 0.000545325 0.000103234 1.16084e-05 6.56394e-07
 2.14539e-27 2.17359e-27 6.71098e-27 1.55249e-21 9.23328e-17 1.26249e-12 3.96864e-09 2.86815e-06 0.000476539 0.0182035 0.159864 0.32277 0.150383 0.0309498 0.0917615 0.128644 0.0471121 0.0230649 0.0171673 0.00621522 0.00251424 0.000713263 0.000141039 1.62385e-05 9.1783e-07
#obs catch len freq
 1.21399e-39 5.94165e-33 6.68564e-27 1.72951e-21 1.02861e-16 1.40643e-12 4.42113e-09 3.19516e-06 0.000530881 0.020279 0.17809 0.359569 0.167342 0.0295109 0.071887 0.100576 0.0364679 0.0167271 0.0122725 0.00436314 0.00174662 0.000510589 0.000109527 1.45906e-05 9.97916e-07
 1.22677e-39 6.00421e-33 6.75603e-27 1.74772e-21 1.03944e-16 1.42124e-12 4.46768e-09 3.2288e-06 0.00053647 0.0204925 0.179965 0.363354 0.169087 0.0293879 0.0699948 0.0978995 0.0354019 0.015939 0.0116399 0.00410218 0.00162111 0.000464844 9.68138e-05 1.2458e-05 8.22997e-07
 1.30701e-39 6.39692e-33 7.19791e-27 1.86203e-21 1.10742e-16 1.5142e-12 4.75989e-09 3.43998e-06 0.000571558 0.0218328 0.191735 0.387118 0.180036 0.0283748 0.0566475 0.0790639 0.0284586 0.0124001 0.00898369 0.00312912 0.00121934 0.000345346 7.05268e-05 8.82138e-06 5.6345e-07
 1.14087e-39 5.58375e-33 6.28293e-27 1.62533e-21 9.66647e-17 1.32172e-12 4.15482e-09 3.0027e-06 0.000498903 0.0190574 0.167362 0.337911 0.157389 0.0311146 0.0882045 0.123487 0.0433536 0.015451 0.0106676 0.00363963 0.00138568 0.000386544 7.76285e-05 9.52169e-06 5.92499e-07
 1.3393e-39 6.55492e-33 7.3757e-27 1.90803e-21 1.13477e-16 1.5516e-12 4.87746e-09 3.52495e-06 0.000585676 0.0223721 0.196471 0.39668 0.184428 0.0276153 0.0491299 0.0685255 0.02554 0.0138584 0.0102683 0.0031377 0.00104235 0.000279869 5.48295e-05 6.59697e-06 4.02457e-07
 1.38423e-39 6.77483e-33 7.62315e-27 1.97204e-21 1.17284e-16 1.60365e-12 5.04109e-09 3.64321e-06 0.000605324 0.0231226 0.203063 0.409988 0.190583 0.0276762 0.0454904 0.0632659 0.0219123 0.00685724 0.00465379 0.00181004 0.000748463 0.000184525 3.2226e-05 3.70804e-06 2.20941e-07
 1.25706e-39 6.15245e-33 6.92284e-27 1.79087e-21 1.0651e-16 1.45633e-12 4.57799e-09 3.30852e-06 0.000549716 0.0209984 0.184408 0.372325 0.17325 0.0297776 0.0696704 0.0973129 0.0334554 0.00963311 0.00611593 0.00174883 0.000552415 0.000163042 3.20388e-05 3.40433e-06 1.87982e-07
 1.26686e-39 6.2004e-33 6.97679e-27 1.80483e-21 1.0734e-16 1.46768e-12 4.61366e-09 3.3343e-06 0.000553999 0.0211621 0.185845 0.375227 0.174565 0.0290776 0.0645226 0.0901573 0.0323029 0.0135856 0.00950497 0.00260388 0.000703249 0.000155583 2.70956e-05 3.2108e-06 1.79459e-07
 1.4196e-39 6.94795e-33 7.81794e-27 2.02243e-21 1.20281e-16 1.64463e-12 5.16991e-09 3.7363e-06 0.000620793 0.0237135 0.208252 0.420464 0.1954 0.0269723 0.0380363 0.0527972 0.0187443 0.0073515 0.00518011 0.00172139 0.000597448 0.000126881 1.75724e-05 1.69123e-06 9.33893e-08
 1.41586e-39 6.92964e-33 7.79734e-27 2.0171e-21 1.19964e-16 1.6403e-12 5.15629e-09 3.72646e-06 0.000619157 0.023651 0.207703 0.419356 0.194904 0.0274042 0.0410066 0.0569204 0.0193353 0.00480658 0.00292707 0.000935875 0.000328169 8.38493e-05 1.35992e-05 1.17493e-06 5.27007e-08
 1.34413e-39 6.57857e-33 7.40231e-27 1.91491e-21 1.13887e-16 1.5572e-12 4.89506e-09 3.53767e-06 0.000587788 0.0224528 0.19718 0.398111 0.185124 0.0285332 0.0543019 0.0756498 0.0258043 0.00676016 0.00410491 0.00105231 0.000259667 6.19887e-05 1.08672e-05 1.09521e-06 5.02477e-08
 1.31859e-39 6.45359e-33 7.26168e-27 1.87853e-21 1.11723e-16 1.52761e-12 4.80206e-09 3.47046e-06 0.000576622 0.0220262 0.193434 0.390548 0.181634 0.0286887 0.0575307 0.0802394 0.0279499 0.0092386 0.00606986 0.00158941 0.000386895 7.32891e-05 9.72594e-06 9.52146e-07 4.82548e-08
 1.35402e-39 6.62697e-33 7.45677e-27 1.929e-21 1.14725e-16 1.56865e-12 4.93107e-09 3.5637e-06 0.000592113 0.022618 0.198631 0.40104 0.186461 0.02807 0.0505914 0.0704729 0.0246991 0.008659 0.0058463 0.00170625 0.000498947 9.78781e-05 1.17568e-05 8.97869e-07 3.90864e-08
 1.33452e-39 6.53153e-33 7.34938e-27 1.90122e-21 1.13072e-16 1.54606e-12 4.86006e-09 3.51237e-06 0.000583586 0.0222922 0.19577 0.395265 0.183806 0.0284856 0.0548692 0.0764784 0.0264869 0.00826732 0.00541994 0.00163108 0.000511062 0.000113043 1.56477e-05 1.18586e-06 4.38142e-08
 1.28343e-39 6.28149e-33 7.06804e-27 1.82843e-21 1.08744e-16 1.48688e-12 4.67401e-09 3.37791e-06 0.000561245 0.0214388 0.188276 0.380134 0.176837 0.0291768 0.0636488 0.0888642 0.031006 0.0104207 0.00693512 0.00197211 0.000573652 0.000130709 1.99054e-05 1.71177e-06 6.77155e-08
 1.15841e-39 5.66959e-33 6.37951e-27 1.65032e-21 9.81507e-17 1.34203e-12 4.21869e-09 3.04886e-06 0.000506572 0.0193504 0.169935 0.343105 0.159777 0.0307569 0.084455 0.118231 0.0419064 0.0161996 0.0112144 0.00330716 0.000999802 0.000217288 3.18189e-05 2.8861e-06 1.26529e-07
 1.2606e-39 6.16975e-33 6.9423e-27 1.79591e-21 1.06809e-16 1.46043e-12 4.59086e-09 3.31782e-06 0.000551261 0.0210575 0.184927 0.373372 0.173693 0.0287078 0.0628239 0.0878338 0.0324344 0.0166898 0.0123247 0.00391886 0.00131533 0.000299113 4.42844e-05 3.88605e-06 1.71709e-07
 1.22279e-39 5.98471e-33 6.7341e-27 1.74205e-21 1.03606e-16 1.41663e-12 4.45317e-09 3.21832e-06 0.000534728 0.0204259 0.179381 0.362175 0.168554 0.0297161 0.0723539 0.101176 0.0358931 0.0140023 0.0100208 0.00377548 0.00153471 0.000385529 6.26822e-05 5.7124e-06 2.51029e-07
 1.27339e-39 6.23234e-33 7.01273e-27 1.81413e-21 1.07893e-16 1.47524e-12 4.63743e-09 3.35148e-06 0.000556854 0.0212711 0.186803 0.37716 0.175449 0.0288363 0.062467 0.0872752 0.0314778 0.0139057 0.00999633 0.00321152 0.00116986 0.000343397 6.67899e-05 6.799e-06 3.19087e-07
 1.23254e-39 6.03244e-33 6.7878e-27 1.75594e-21 1.04432e-16 1.42792e-12 4.48869e-09 3.24398e-06 0.000538992 0.0205888 0.180811 0.365063 0.169886 0.029625 0.0709274 0.0991632 0.0351629 0.0136554 0.00963681 0.00330855 0.0012386 0.00032163 6.20923e-05 7.37422e-06 3.97397e-07
 1.24832e-39 6.10968e-33 6.87471e-27 1.77842e-21 1.05769e-16 1.44621e-12 4.54616e-09 3.28552e-06 0.000545894 0.0208525 0.183126 0.369737 0.172031 0.0292039 0.0669481 0.0935913 0.0337056 0.0147321 0.0105653 0.00337876 0.00119082 0.000320585 6.02245e-05 6.8393e-06 3.97498e-07
 1.27435e-39 6.23707e-33 7.01805e-27 1.8155e-21 1.07975e-16 1.47636e-12 4.64095e-09 3.35402e-06 0.000557276 0.0212872 0.186944 0.377446 0.175585 0.0289324 0.0629671 0.0879587 0.0314248 0.0129516 0.0092538 0.00315718 0.00117208 0.000298845 5.43337e-05 6.1364e-06 3.47808e-07
 1.24801e-39 6.10815e-33 6.87298e-27 1.77798e-21 1.05743e-16 1.44584e-12 4.54502e-09 3.2847e-06 0.000545757 0.0208472 0.18308 0.369644 0.171996 0.0293964 0.0681509 0.0952528 0.0338286 0.0132998 0.00936411 0.00309452 0.00113083 0.000303576 5.60472e-05 6.09915e-06 3.38512e-07
 1.25094e-39 6.12248e-33 6.88912e-27 1.78215e-21 1.05991e-16 1.44924e-12 4.55569e-09 3.29241e-06 0.000547038 0.0208961 0.18351 0.370512 0.17239 0.0292279 0.0668611 0.0934579 0.0335128 0.0141953 0.0101243 0.00325713 0.0011441 0.000298946 5.56564e-05 6.22369e-06 3.41713e-07
 1.24914e-39 6.11367e-33 6.8792e-27 1.77958e-21 1.05839e-16 1.44715e-12 4.54913e-09 3.28767e-06 0.000546251 0.0208661 0.183246 0.369978 0.172145 0.0292636 0.0672394 0.0939871 0.0336401 0.0140573 0.0100505 0.00337018 0.00123049 0.000313534 5.62009e-05 6.22012e-06 3.46436e-07
 1.25557e-39 6.14516e-33 6.91463e-27 1.78875e-21 1.06384e-16 1.4546e-12 4.57256e-09 3.3046e-06 0.000549064 0.0209735 0.18419 0.371884 0.173022 0.0291624 0.0660474 0.0923085 0.0330705 0.0139166 0.0099547 0.00331599 0.00121587 0.000321406 5.85468e-05 6.30596e-06 3.4393e-07
 1.18185e-39 5.78434e-33 6.50863e-27 1.68372e-21 1.00137e-16 1.3692e-12 4.30408e-09 3.11057e-06 0.000516825 0.0197421 0.173375 0.350049 0.162967 0.0302065 0.0790025 0.110572 0.0395507 0.0164452 0.0117402 0.00392636 0.0014435 0.00038131 7.07047e-05 7.7949e-06 4.22557e-07
 1.18169e-39 5.78355e-33 6.50775e-27 1.68349e-21 1.00124e-16 1.36901e-12 4.30349e-09 3.11014e-06 0.000516755 0.0197394 0.173351 0.350001 0.162928 0.0297653 0.0763236 0.106871 0.0392673 0.0196097 0.0144838 0.00481606 0.00176 0.000466093 8.66933e-05 9.65615e-06 5.33023e-07
 1.15923e-39 5.67363e-33 6.38406e-27 1.6515e-21 9.82206e-17 1.34299e-12 4.2217e-09 3.05103e-06 0.000506933 0.0193642 0.170056 0.343349 0.159863 0.0300316 0.0799539 0.111987 0.0410351 0.0201677 0.0150782 0.00559763 0.002274 0.000606372 0.000112489 1.25679e-05 6.99223e-07
#spawning biomass
 4743.6 2324.13 2309.94 2179.21 2335.65 3299.37 3850.08 4287.4 6292.9 11125.3 15916.3 19015.2 25477.9 32986.8 38549.3 37814.9 33344 32291.3 32140.5 33804.6 35453.9 36231.9 39106.4 43143.1 45809.7 48098.7 50842.1 48226.1 39213.4 112836 157670 145094 100273 66056 45623.3 34385.9 28475.6 25453.8 23937.3 23185.9 22816.7 22636.4 22548.6 22506 22485.4 22475.5 22470.7 22468.4 22467.3 22466.8 22466.5 22466.4 22466.3 22466.3 22466.3 22466.3 22466.3 22466.3 22466.3 22466.3 22466.3 22466.3 22466.3 22466.3 22466.3 22466.3 22466.3 22466.3 22466.3 22466.3 22466.3 22466.3 22466.3 22466.3 22466.3 22466.3 22466.3 22466.3 22466.3 22466.3 22466.3 22466.3 22466.3 22466.3 22466.3 22466.3 22466.3 22466.3 22466.3 22466.3 22466.3 22466.3 22466.3 22466.3 22466.3 22466.3 22466.3 22466.3 22466.3 22466.3 22466.3 22466.3 22466.3 22466.3 22466.3 22466.3 22466.3 22466.3 22466.3 22466.3 22466.3 22466.3 22466.3 22466.3 22466.3 22466.3 22466.3 22466.3 22466.3 22466.3 22466.3 22466.3 22466.3 22466.3 22466.3 22466.3 22466.3 22466.3 22466.3 0 0 0 0 0 0 0 0 0 0 0 0 0 0 0 0 0 0 0 0 0 0 0 0 0
