SBPRF35
0.271011
Curr Bio
194924
B35
639749
F35
0.39412
FOFL
0.163244
OFL
36782.4
Bzero
77431.7
#pred survey bio
 34000.9 30413.1 20506.2 14956.1 24833.2 45041.6 70975 103204 133002 167392 174880 165508 169602 229264 234593 239717 195418 232470 222760 175386 193619 198438 176449 205032 235747 205788 186887 220552 1.08288e+07 8.93677e+06 7.09041e+06 4.98095e+06 3.33292e+06 2.23876e+06 1.57147e+06 1.18217e+06 959207 831575 757615 713876 687381 670938 660470 653568 649134 646244 644342 643080 642239 641676 641299 641045 640874 640759 640681 640629 640594 640570 640554 640543 640536 640531 640528 640526 640524 640523 640522 640522 640522 640521 640521 640521 640521 640521 640521 640521 640521 640521 640521 640521 640521 640521 640521 640521 640521 640521 640521 640521 640521 640521 640521 640521 640521 640521 640521 640521 640521 640521 640521 640521 640521 640521 640521 640521 640521 640521 640521 640521 640521 640521 640521 640521 640521 640521 640521 640521 640521 640521 640521 640521 640521 640521 640521 640521 640521 640521 640521 640521 0 0 0 0 0 0 0 0 0 0 0 0 0 0 0 0 0 0 0 0 0 0 0 0 0
#obs survey bio
 32170.9 17094.9 13201.7 17246.3 27559.8 52414.7 81178.8 114243 142312 253896 146074 126813 141501 267807 219391 265871 171003 307270 231164 140384 191894 267945 156001 204372 245348 252649 223037 183371
#pred catch bio
 17104.8 15394.5 10473.5 7648.35 11942.4 25209.7 43482.4 68238.2 84483.5 113979 138507 140981 128512 194044 202998 224276 171522 213615 219649 174063 199159 211270 186324 223184 265501 232483 210214 192524 36782.4 113669 87097.8 58545.2 37187.1 23674.8 15920.7 11743.1 9587.71 8509.46 7982.07 7728.41 7607.95 7551.29 7524.79 7512.39 7506.74 7504.18 7503.01 7502.48 7502.24 7502.13 7502.08 7502.05 7502.04 7502.04 7502.04 7502.03 7502.03 7502.03 7502.03 7502.03 7502.03 7502.03 7502.03 7502.03 7502.03 7502.03 7502.03 7502.03 7502.03 7502.03 7502.03 7502.03 7502.03 7502.03 7502.03 7502.03 7502.03 7502.03 7502.03 7502.03 7502.03 7502.03 7502.03 7502.03 7502.03 7502.03 7502.03 7502.03 7502.03 7502.03 7502.03 7502.03 7502.03 7502.03 7502.03 7502.03 7502.03 7502.03 7502.03 7502.03 7502.03 7502.03 7502.03 7502.03 7502.03 7502.03 7502.03 7502.03 7502.03 7502.03 7502.03 7502.03 7502.03 7502.03 7502.03 7502.03 7502.03 7502.03 7502.03 7502.03 7502.03 7502.03 7502.03 7502.03 7502.03 7502.03 7502.03 7502.03 0 0 0 0 0 0 0 0 0 0 0 0 0 0 0 0 0 0 0 0 0 0 0 0 0
#obs catch bio
 17583.2 17764.3 12808.6 8215.62 11345.2 23783.2 42490.1 63653.9 79751.8 104478 147563 144466 122639 185109 208976 219288 166890 204046 204281 184417 188848 192749 177779 222074 246048 205897 183293 183821
#pred cpue bio
 32758.8 29732.4 20260 14474.6 23276.3 42822.5 67076.9 97628.4 125803 159073 166382 155352 158424 215101 219408 223930 181970 216059 207491 162208 177995 182274 161697 187397 214818 187499 170100 200315 1.01205e+07 8.92644e+06 7.08011e+06 4.97065e+06 3.32262e+06 2.22846e+06 1.56118e+06 1.17187e+06 948909 821277 747317 703578 677083 660641 650172 643271 638836 635947 634044 632782 631941 631378 631001 630747 630576 630461 630383 630331 630296 630272 630256 630245 630238 630233 630230 630228 630226 630225 630224 630224 630224 630223 630223 630223 630223 630223 630223 630223 630223 630223 630223 630223 630223 630223 630223 630223 630223 630223 630223 630223 630223 630223 630223 630223 630223 630223 630223 630223 630223 630223 630223 630223 630223 630223 630223 630223 630223 630223 630223 630223 630223 630223 630223 630223 630223 630223 630223 630223 630223 630223 630223 630223 630223 630223 630223 630223 630223 630223 630223 630223 0 0 0 0 0 0 0 0 0 0 0 0 0 0 0 0 0 0 0 0 0 0 0 0 0
#obs cpue bio
 33492.1 18464.3 11169.7 16465.9 34539.2 50092.8 54971.6 133670 138412 152889 126907 201947 226273 235659 188593 246253 216270 205920 275777 141526 241735 200666 206233 189449 297037 247436 245415 274972
#pred surv len freq
 1.53348e-11 1.66445e-09 1.06524e-07 4.0199e-06 8.94479e-05 0.0011736 0.00908022 0.0414444 0.11181 0.180057 0.181449 0.137065 0.107249 0.0863231 0.0572034 0.0328126 0.0190632 0.011465 0.00718263 0.00481875 0.00352735 0.00285276 0.00241709 0.00184285 0.00107003
 1.08083e-11 1.17314e-09 7.50806e-08 2.83331e-06 6.30451e-05 0.000827203 0.006401 0.029236 0.0791513 0.129708 0.141288 0.134568 0.140014 0.128856 0.0900423 0.0534924 0.0304875 0.0162905 0.00832977 0.00440221 0.00253982 0.00167045 0.00123316 0.00088623 0.000510323
 7.19143e-12 7.80561e-10 4.99558e-08 1.88518e-06 4.19481e-05 0.000550406 0.00425965 0.0194682 0.0528793 0.088048 0.102398 0.113737 0.136799 0.140792 0.118131 0.0905228 0.0622344 0.0360082 0.0181431 0.00838575 0.00375968 0.00181705 0.00103322 0.000641164 0.000348751
 1.52557e-11 1.65586e-09 1.05975e-07 3.99917e-06 8.89863e-05 0.00116753 0.00903285 0.0412184 0.111065 0.17777 0.174055 0.11844 0.0785772 0.0642755 0.0577623 0.0526819 0.0442583 0.0322375 0.0199337 0.0101975 0.00438263 0.00170409 0.000684917 0.00031556 0.000147335
 2.00804e-11 2.17954e-09 1.3949e-07 5.26392e-06 0.000117129 0.00153676 0.0118891 0.0542445 0.146061 0.23294 0.224028 0.141047 0.0753542 0.044812 0.0259871 0.0140611 0.00909814 0.00713025 0.00540092 0.00344742 0.00176461 0.000720082 0.000247037 8.11341e-05 2.7933e-05
 1.70568e-11 1.85135e-09 1.18486e-07 4.47131e-06 9.94922e-05 0.00130538 0.0100997 0.0460938 0.124303 0.199771 0.1994 0.145478 0.106799 0.0805303 0.0475947 0.0212183 0.00862239 0.00383391 0.00207834 0.00133988 0.000818562 0.000402018 0.000151476 4.51623e-05 1.1696e-05
 1.82846e-11 1.98461e-09 1.27015e-07 4.79315e-06 0.000106653 0.00139933 0.0108262 0.0494024 0.133124 0.213131 0.208891 0.142313 0.0921786 0.065662 0.0415296 0.0224729 0.0111879 0.00481854 0.00176524 0.000653438 0.000295265 0.000147686 6.3915e-05 2.1036e-05 5.199e-06
 1.80149e-11 1.95534e-09 1.25142e-07 4.72246e-06 0.000105081 0.0013787 0.0106667 0.0486763 0.131195 0.210265 0.207129 0.143892 0.0967023 0.0696764 0.0422246 0.0208198 0.00979042 0.00454095 0.00191639 0.000694934 0.000218347 6.88341e-05 2.44124e-05 8.27641e-06 2.19391e-06
 1.80197e-11 1.95586e-09 1.25175e-07 4.72371e-06 0.000105108 0.00137906 0.0106695 0.0486892 0.131229 0.210316 0.207164 0.143881 0.0966801 0.0697607 0.0424745 0.0210415 0.00972229 0.00425995 0.00170504 0.000631241 0.00020892 5.88136e-05 1.4606e-05 3.58014e-06 8.51681e-07
 1.71907e-11 1.86588e-09 1.19416e-07 4.50639e-06 0.000100273 0.00131562 0.0101788 0.0464535 0.125251 0.201116 0.199907 0.143687 0.103048 0.077661 0.0480386 0.0240614 0.0112522 0.00496139 0.00196146 0.000698573 0.000222835 6.23113e-05 1.48151e-05 2.95704e-06 5.1813e-07
 1.70257e-11 1.84797e-09 1.1827e-07 4.46314e-06 9.93104e-05 0.00130299 0.0100812 0.0460081 0.124055 0.199234 0.198223 0.142987 0.103296 0.0785167 0.0493301 0.0255014 0.0123767 0.00559348 0.00224425 0.000803867 0.000253397 6.87729e-05 1.58181e-05 3.01152e-06 4.64682e-07
 1.92733e-11 2.09193e-09 1.33883e-07 5.05234e-06 0.000112421 0.00147499 0.0114115 0.0520698 0.140268 0.224208 0.21804 0.143897 0.0866135 0.0574688 0.0340556 0.0167867 0.00783428 0.00353133 0.0014548 0.000537049 0.000172571 4.7046e-05 1.06811e-05 1.97518e-06 2.90616e-07
 1.98306e-11 2.15242e-09 1.37755e-07 5.19843e-06 0.000115671 0.00151764 0.0117414 0.0535738 0.144301 0.23051 0.223474 0.145561 0.0846995 0.053832 0.0299127 0.0128348 0.00490881 0.00190509 0.00072844 0.000262836 8.55335e-05 2.39102e-05 5.52652e-06 1.02407e-06 1.48273e-07
 1.91586e-11 2.07948e-09 1.33086e-07 5.02227e-06 0.000111752 0.00146622 0.0113437 0.0517618 0.139458 0.223077 0.217709 0.145734 0.0903912 0.0606853 0.034513 0.0150198 0.00571335 0.00205775 0.000671124 0.000202669 5.87556e-05 1.57408e-05 3.64507e-06 6.87155e-07 1.00738e-07
 1.96406e-11 2.1318e-09 1.36435e-07 5.14862e-06 0.000114563 0.0015031 0.0116289 0.0530614 0.142931 0.228402 0.221815 0.145534 0.0862056 0.0557507 0.0313653 0.0136767 0.00524689 0.0019075 0.00061866 0.000176326 4.46848e-05 1.01263e-05 2.06907e-06 3.69073e-07 5.36732e-08
 1.97883e-11 2.14783e-09 1.37461e-07 5.18735e-06 0.000115425 0.00151441 0.0117164 0.05346 0.143999 0.230061 0.223201 0.145821 0.0854555 0.0545942 0.0302576 0.0127766 0.00466333 0.00163577 0.000525893 0.000150261 3.7639e-05 8.03649e-06 1.45065e-06 2.22503e-07 2.87847e-08
 2.02094e-11 2.19353e-09 1.40386e-07 5.29772e-06 0.000117881 0.00154663 0.0119656 0.0545955 0.147036 0.23474 0.226915 0.145999 0.0823416 0.0506594 0.027394 0.011133 0.00379968 0.00124119 0.000376294 0.000102579 2.50266e-05 5.28244e-06 9.31344e-07 1.33698e-07 1.54044e-08
 2.04748e-11 2.22235e-09 1.4223e-07 5.36731e-06 0.000119429 0.00156694 0.0121227 0.0553114 0.148948 0.237669 0.229158 0.145837 0.0799603 0.0479018 0.0257067 0.0104848 0.0035984 0.00116237 0.000337562 8.589e-05 1.95187e-05 3.8963e-06 6.62304e-07 9.26965e-08 1.02978e-08
 2.01475e-11 2.18682e-09 1.39956e-07 5.2815e-06 0.00011752 0.00154189 0.011929 0.0544288 0.146592 0.234072 0.226464 0.146232 0.0831981 0.0515144 0.0277336 0.0110362 0.00360318 0.00111335 0.000317546 7.98325e-05 1.7566e-05 3.30588e-06 5.23922e-07 6.899e-08 7.33136e-09
 2.10944e-11 2.28959e-09 1.46534e-07 5.52972e-06 0.000123043 0.00161436 0.0124894 0.0569821 0.153415 0.244534 0.234534 0.145847 0.0749897 0.0418334 0.0215513 0.0083771 0.00264509 0.000782396 0.000212809 5.09262e-05 1.07905e-05 1.97925e-06 3.03478e-07 3.79196e-08 3.77873e-09
 2.18223e-11 2.36861e-09 1.5159e-07 5.72055e-06 0.000127289 0.00167006 0.0129203 0.058945 0.158661 0.252584 0.240769 0.145636 0.0688091 0.0344728 0.016752 0.00620323 0.00180261 0.000484024 0.000123003 2.79565e-05 5.62455e-06 9.79996e-07 1.43688e-07 1.73091e-08 1.66068e-09
 2.19034e-11 2.3774e-09 1.52153e-07 5.7418e-06 0.000127762 0.00167627 0.0129682 0.0591637 0.159247 0.253492 0.241517 0.145762 0.0683484 0.0338051 0.0161566 0.00575328 0.00152222 0.000355517 7.96056e-05 1.62242e-05 2.96566e-06 4.79881e-07 6.62594e-08 7.55958e-09 6.91137e-10
 2.21729e-11 2.40666e-09 1.54026e-07 5.81245e-06 0.000129334 0.00169689 0.0131278 0.0598904 0.161189 0.256468 0.243805 0.145627 0.0659744 0.0310237 0.0144051 0.005029 0.00128043 0.000278755 5.69414e-05 1.03083e-05 1.63334e-06 2.30586e-07 2.83974e-08 2.95724e-09 2.51704e-10
 2.24717e-11 2.43908e-09 1.56101e-07 5.89077e-06 0.000131076 0.00171975 0.0133046 0.0606959 0.163341 0.259763 0.246323 0.145429 0.0632673 0.0278892 0.0124817 0.00429309 0.00107424 0.000226972 4.46097e-05 7.65812e-06 1.1176e-06 1.40869e-07 1.51152e-08 1.36093e-09 1.01666e-10
 2.28018e-11 2.47492e-09 1.58394e-07 5.97731e-06 0.000133002 0.00174502 0.0135 0.0615861 0.165719 0.263406 0.249115 0.145233 0.0603097 0.0244468 0.0103442 0.00344597 0.000818515 0.00015803 2.85164e-05 4.64363e-06 6.49613e-07 7.78064e-08 7.76806e-09 6.31315e-10 4.14034e-11
 2.28084e-11 2.47563e-09 1.5844e-07 5.97903e-06 0.000133041 0.00174552 0.0135039 0.0616039 0.165767 0.263482 0.249186 0.145273 0.0603174 0.0244217 0.0102812 0.00336575 0.000758765 0.000130938 2.05972e-05 2.99744e-06 3.79712e-07 4.17492e-08 3.9115e-09 3.0067e-10 1.84409e-11
 2.29215e-11 2.48791e-09 1.59226e-07 6.00869e-06 0.0001337 0.00175418 0.0135708 0.0619089 0.166582 0.264729 0.250135 0.145184 0.0592723 0.0232217 0.00955903 0.0031062 0.000697126 0.000119019 1.81953e-05 2.48935e-06 2.83374e-07 2.72526e-08 2.25404e-09 1.56172e-10 8.80885e-12
 2.31466e-11 2.51234e-09 1.6079e-07 6.0677e-06 0.000135013 0.0017714 0.0137041 0.0625158 0.168203 0.267209 0.252022 0.145007 0.0571903 0.020832 0.00812184 0.00259103 0.000576529 9.72468e-05 1.46438e-05 1.97773e-06 2.21185e-07 2.04643e-08 1.57166e-09 9.74828e-11 4.83398e-12
#obs surv len freq
 4.49791e-11 4.16851e-09 2.27791e-07 7.33975e-06 0.000139449 0.00156226 0.0103222 0.0402597 0.0931522 0.131178 0.126426 0.1155 0.121705 0.117273 0.0950463 0.068729 0.0429323 0.0220997 0.00937599 0.00322765 0.000864185 0.000172617 2.48063e-05 2.47598e-06 1.65997e-07
 3.32593e-11 2.9729e-09 1.56688e-07 4.86944e-06 8.92316e-05 0.00096426 0.00614782 0.0231869 0.0524521 0.0761509 0.0903796 0.120278 0.156062 0.158284 0.13022 0.0926421 0.0541907 0.0252127 0.00967245 0.00309941 0.000790563 0.000150551 2.03468e-05 1.88153e-06 1.15829e-07
 1.55353e-11 1.33702e-09 6.78491e-08 2.03021e-06 3.58221e-05 0.000372804 0.00229143 0.00837673 0.0188762 0.0305651 0.0502982 0.0913094 0.140687 0.17435 0.181944 0.150241 0.090751 0.0404955 0.0142168 0.00407078 0.00093199 0.000162384 2.03863e-05 1.75846e-06 1.00575e-07
 2.67327e-10 2.2116e-08 1.07884e-06 3.10309e-05 0.000526283 0.00526297 0.0310337 0.107904 0.221264 0.267803 0.192229 0.0843287 0.0278103 0.0152344 0.0156952 0.014294 0.00949932 0.00469125 0.00176406 0.000502615 0.000106992 1.67603e-05 1.88481e-06 1.47056e-07 7.68873e-09
 2.01532e-10 1.60025e-08 7.49239e-07 2.06843e-05 0.000336709 0.00323218 0.0183032 0.0612683 0.122527 0.154273 0.14946 0.154227 0.155373 0.110812 0.0496029 0.0146049 0.00381814 0.00137223 0.000549711 0.000172739 3.84594e-05 5.9246e-06 6.23167e-07 4.41538e-08 2.07479e-09
 4.17724e-10 3.17899e-08 1.42651e-06 3.77441e-05 0.000588859 0.00541718 0.0293891 0.0940854 0.17833 0.203603 0.152154 0.0987843 0.0776874 0.0653893 0.049007 0.0293421 0.0122589 0.00328017 0.000563351 7.11816e-05 8.75293e-06 1.10395e-06 1.11117e-07 7.6007e-09 3.36376e-10
 5.30412e-10 3.86347e-08 1.65932e-06 4.20213e-05 0.000627482 0.00552521 0.028697 0.0880461 0.160824 0.181839 0.149533 0.125291 0.11121 0.0787451 0.0416925 0.0183422 0.00695043 0.00208956 0.00046286 7.23898e-05 7.77409e-06 5.80002e-07 3.24691e-08 1.483e-09 5.35745e-11
 7.69326e-10 5.35657e-08 2.19912e-06 5.32354e-05 0.000759879 0.00639598 0.0317559 0.0931548 0.162831 0.176919 0.141906 0.11856 0.106322 0.0794643 0.0475092 0.0232201 0.00854568 0.00216886 0.000378004 4.83224e-05 4.81453e-06 3.66197e-07 1.97825e-08 7.21051e-10 1.75788e-11
 1.12007e-09 7.44583e-08 2.91855e-06 6.74544e-05 0.000919279 0.00738774 0.0350245 0.0981547 0.164318 0.172978 0.139492 0.120639 0.107679 0.0777025 0.0446544 0.0210899 0.00759098 0.00191805 0.000336124 4.20052e-05 3.8126e-06 2.50023e-07 1.17055e-08 3.86028e-10 8.75707e-12
 1.25297e-09 7.94347e-08 2.96941e-06 6.54514e-05 0.00085069 0.00652076 0.0295029 0.0791347 0.128646 0.140091 0.136624 0.148024 0.14094 0.0996816 0.0549398 0.024541 0.00821084 0.00189128 0.000296723 3.30777e-05 2.72822e-06 1.66007e-07 7.19705e-09 2.1474e-10 4.30867e-12
 2.30121e-09 1.38988e-07 4.94976e-06 0.00010394 0.00128699 0.00939763 0.0404913 0.103257 0.158259 0.156783 0.12872 0.119186 0.109955 0.083949 0.0525063 0.0254026 0.00852363 0.00187235 0.000271417 2.72068e-05 1.97578e-06 1.05147e-07 4.01639e-09 1.07089e-10 1.94461e-12
 3.99678e-09 2.29749e-07 7.78724e-06 0.000155633 0.00183409 0.0127463 0.0522681 0.126834 0.184824 0.173319 0.132669 0.112196 0.0924437 0.0604132 0.0316584 0.0133918 0.00418754 0.000902395 0.000133495 1.39061e-05 1.02945e-06 5.32482e-08 1.88318e-09 4.49791e-11 7.2048e-13
 5.04569e-09 2.75798e-07 8.8889e-06 0.000168926 0.00189301 0.0125115 0.0488236 0.113105 0.159812 0.15487 0.139579 0.137156 0.113759 0.069215 0.0326225 0.0123082 0.00342904 0.000648049 8.17967e-05 7.17605e-06 4.60168e-07 2.18253e-08 7.41134e-10 1.72486e-11 2.66102e-13
 7.60657e-09 3.9502e-07 1.20958e-05 0.000218396 0.00232523 0.0146015 0.0541449 0.119278 0.160797 0.150527 0.133894 0.130455 0.108909 0.0700012 0.0359535 0.0142179 0.00389182 0.000689022 7.83571e-05 5.93021e-06 3.14779e-07 1.21341e-08 3.38881e-10 6.69221e-12 9.10143e-14
 1.15084e-08 5.67378e-07 1.64937e-05 0.000282718 0.00285765 0.0170375 0.060005 0.125769 0.162632 0.150278 0.136767 0.13239 0.10507 0.0628289 0.0297946 0.0109392 0.00280724 0.00046968 5.07821e-05 3.65891e-06 1.82896e-07 6.45897e-09 1.59253e-10 2.68357e-12 3.04706e-14
 1.59725e-08 7.4706e-07 2.06029e-05 0.000335039 0.00321287 0.0181758 0.0607833 0.121387 0.151923 0.143007 0.139545 0.138886 0.109789 0.0661912 0.0317937 0.0115576 0.00287563 0.000464636 4.8953e-05 3.4819e-06 1.72697e-07 5.99497e-09 1.42636e-10 2.27275e-12 2.39002e-14
 2.80579e-08 1.24424e-06 3.25344e-05 0.00050162 0.0045607 0.0244602 0.0775199 0.146431 0.171792 0.1472 0.127524 0.117207 0.0899914 0.0544664 0.0262874 0.00937947 0.00225423 0.000351957 3.62411e-05 2.5534e-06 1.26144e-07 4.34162e-09 1.0159e-10 1.58077e-12 1.61225e-14
 3.42636e-08 1.43989e-06 3.56791e-05 0.000521315 0.00449207 0.0228427 0.0687806 0.124676 0.14659 0.142024 0.148367 0.143722 0.104534 0.0575495 0.0252337 0.00837465 0.00192595 0.000296196 3.09113e-05 2.24552e-06 1.13931e-07 3.95707e-09 9.18859e-11 1.40404e-12 1.39702e-14
 5.60928e-08 2.23289e-06 5.24103e-05 0.000725382 0.0059207 0.0285176 0.0813125 0.139385 0.15406 0.138386 0.13479 0.127182 0.0955839 0.056862 0.0263693 0.00868177 0.00188029 0.000263476 2.45797e-05 1.59834e-06 7.44652e-08 2.46048e-09 5.58535e-11 8.44577e-13 8.31365e-15
 8.59634e-08 3.24039e-06 7.2023e-05 0.000943951 0.00729628 0.0332866 0.0899796 0.146855 0.157211 0.141992 0.138861 0.124772 0.0859118 0.0460216 0.0194141 0.00596102 0.00123358 0.00016886 1.56352e-05 1.00616e-06 4.5191e-08 1.39262e-09 2.88796e-11 3.98004e-13 3.61038e-15
 1.24888e-07 4.45685e-06 9.37832e-05 0.00116368 0.00851605 0.0367942 0.0943183 0.146858 0.153514 0.141726 0.141374 0.124585 0.0834565 0.0435996 0.0177229 0.00514459 0.000992055 0.000125354 1.06762e-05 6.36047e-07 2.68586e-08 7.89933e-10 1.57246e-11 2.06847e-13 1.76716e-15
 1.96402e-07 6.63454e-06 0.00013215 0.00155216 0.0107527 0.043983 0.106799 0.157896 0.158033 0.141552 0.136323 0.114648 0.0732496 0.0364802 0.014021 0.00380633 0.000679266 7.84563e-05 6.01896e-06 3.19252e-07 1.19808e-08 3.15609e-10 5.69496e-12 6.8755e-14 5.45168e-16
 2.5809e-07 8.25215e-06 0.000155582 0.00172972 0.0113441 0.0439619 0.101492 0.144929 0.147982 0.145914 0.14884 0.123345 0.0761226 0.0365481 0.0134673 0.00349093 0.000597118 6.67838e-05 5.00847e-06 2.59032e-07 9.29358e-09 2.27627e-10 3.73042e-12 4.03574e-14 2.85655e-16
 3.925e-07 1.18786e-05 0.000211977 0.0022307 0.0138481 0.0508092 0.111156 0.150979 0.148333 0.142611 0.141626 0.115307 0.0716485 0.0348511 0.0126697 0.00314423 0.000506129 5.28665e-05 3.69674e-06 1.78986e-07 6.06061e-09 1.41144e-10 2.20444e-12 2.262e-14 1.5024e-16
 5.76864e-07 1.65255e-05 0.000279147 0.0027807 0.0163427 0.0567985 0.118003 0.153838 0.149669 0.146058 0.142173 0.109543 0.063478 0.0286712 0.00971004 0.00225885 0.000343058 3.40201e-05 2.26711e-06 1.04381e-07 3.33395e-09 7.25994e-11 1.05493e-12 1.00666e-14 6.23339e-17
 7.49281e-07 2.03198e-05 0.000324937 0.00306441 0.0170557 0.0562113 0.111429 0.142147 0.144588 0.152902 0.151618 0.11468 0.0652677 0.0288626 0.00941667 0.00208235 0.000299278 2.81208e-05 1.78074e-06 7.79864e-08 2.36447e-09 4.86877e-11 6.66058e-13 5.95548e-15 3.43848e-17
 1.18431e-06 3.04079e-05 0.000460374 0.00411061 0.021661 0.0675898 0.126839 0.153032 0.146751 0.146299 0.138475 0.102114 0.0576746 0.0251598 0.00790789 0.00165191 0.000221764 1.93292e-05 1.13053e-06 4.57024e-08 1.28332e-09 2.45906e-11 3.14192e-13 2.62803e-15 1.4192e-17
 1.62401e-06 3.94832e-05 0.000566039 0.00478611 0.0238914 0.0707288 0.126782 0.14991 0.148782 0.154188 0.142407 0.0984815 0.0513539 0.0206731 0.0060523 0.00119111 0.00015238 1.27951e-05 7.25139e-07 2.82632e-08 7.54175e-10 1.35165e-11 1.59744e-13 1.22956e-15 6.10579e-18
#pred catch len freq
 1.54355e-11 1.67538e-09 1.07224e-07 4.0463e-06 9.00354e-05 0.00118131 0.00913983 0.0417161 0.112536 0.181178 0.182351 0.137144 0.106568 0.0854504 0.0565694 0.0324431 0.0188482 0.0113357 0.00710161 0.00476439 0.00348756 0.00282058 0.00238983 0.00182206 0.00105796
 1.0924e-11 1.1857e-09 7.58845e-08 2.86365e-06 6.37201e-05 0.000836059 0.0064695 0.0295481 0.0799864 0.130997 0.142321 0.13465 0.139212 0.127825 0.0892765 0.0530329 0.0302253 0.0161504 0.00825813 0.00436435 0.00251797 0.00165608 0.00122255 0.000878609 0.000505934
 7.29874e-12 7.92208e-10 5.07012e-08 1.91331e-06 4.2574e-05 0.000558618 0.00432317 0.0197577 0.0536548 0.0892515 0.103397 0.113928 0.136234 0.139963 0.117395 0.0899543 0.0618433 0.0357819 0.0180291 0.00833305 0.00373605 0.00180563 0.00102672 0.000637134 0.000346559
 1.53723e-11 1.66851e-09 1.06785e-07 4.02972e-06 8.96661e-05 0.00117645 0.00910184 0.0415329 0.111908 0.179086 0.175185 0.118772 0.0781665 0.0635598 0.0570279 0.052001 0.0436856 0.0318203 0.0196758 0.0100655 0.00432592 0.00168204 0.000676054 0.000311477 0.000145428
 2.01172e-11 2.18353e-09 1.39746e-07 5.27357e-06 0.000117343 0.00153957 0.0119109 0.0543438 0.146326 0.233349 0.224356 0.141074 0.0751034 0.0444967 0.0257673 0.013938 0.00901811 0.00706752 0.00535341 0.00341709 0.00174909 0.000713747 0.000244864 8.04203e-05 2.76873e-05
 1.72343e-11 1.87061e-09 1.19719e-07 4.51783e-06 0.000100527 0.00131896 0.0102047 0.0465723 0.125582 0.201735 0.200926 0.145444 0.105322 0.0787679 0.0464473 0.0206973 0.00841009 0.00373949 0.00202716 0.00130688 0.000798401 0.000392116 0.000147745 4.405e-05 1.1408e-05
 1.85167e-11 2.00981e-09 1.28628e-07 4.85401e-06 0.000108008 0.0014171 0.0109637 0.0500286 0.134799 0.215709 0.210929 0.142383 0.0904178 0.0634601 0.0399558 0.0216026 0.0107534 0.00463136 0.00169666 0.000628055 0.000283796 0.000141949 6.14322e-05 2.02189e-05 4.99704e-06
 1.833e-11 1.98954e-09 1.27331e-07 4.80506e-06 0.000106918 0.00140281 0.0108532 0.0495261 0.133467 0.213757 0.209865 0.143903 0.0941876 0.0666146 0.0401457 0.019773 0.00929668 0.00431189 0.00181972 0.000659879 0.000207333 6.53619e-05 2.3181e-05 7.85892e-06 2.08324e-06
 1.82937e-11 1.98561e-09 1.27079e-07 4.79556e-06 0.000106707 0.00140003 0.0108317 0.0494283 0.133205 0.213354 0.209544 0.143891 0.094492 0.0670916 0.0406538 0.0201204 0.00929547 0.00407289 0.00163017 0.000603522 0.000199746 5.6231e-05 1.39647e-05 3.42292e-06 8.14282e-07
 1.757e-11 1.90706e-09 1.22051e-07 4.60584e-06 0.000102486 0.00134465 0.0104034 0.0474765 0.127986 0.205321 0.203204 0.14371 0.100033 0.073976 0.0455155 0.022774 0.0106486 0.0046952 0.00185622 0.000661093 0.000210879 5.89681e-05 1.40202e-05 2.79839e-06 4.90331e-07
 1.76264e-11 1.91318e-09 1.22443e-07 4.62062e-06 0.000102814 0.00134897 0.0104367 0.0476281 0.128386 0.205898 0.203465 0.143081 0.0986101 0.0727434 0.0453187 0.0233897 0.0113494 0.00512908 0.00205792 0.000737126 0.000232359 6.30629e-05 1.45048e-05 2.76149e-06 4.26101e-07
 1.98097e-11 2.15016e-09 1.3761e-07 5.19296e-06 0.00011555 0.00151605 0.011729 0.0535165 0.144135 0.230154 0.222699 0.14392 0.0823372 0.0522539 0.030502 0.0149886 0.00699197 0.00315153 0.00129833 0.000479288 0.00015401 4.19861e-05 9.53234e-06 1.76275e-06 2.5936e-07
 2.01874e-11 2.19115e-09 1.40233e-07 5.29197e-06 0.000117753 0.00154495 0.0119526 0.054536 0.146873 0.234455 0.226525 0.145444 0.0816513 0.0502196 0.0275852 0.0118065 0.00451366 0.00175166 0.000669771 0.000241667 7.86445e-05 2.19844e-05 5.08141e-06 9.41594e-07 1.36331e-07
 1.96951e-11 2.13772e-09 1.36814e-07 5.16292e-06 0.000114881 0.00150728 0.0116612 0.0532085 0.143324 0.229009 0.222299 0.145564 0.0858132 0.0552486 0.0309906 0.0134476 0.00511287 0.00184139 0.000600556 0.000181358 5.25775e-05 1.40857e-05 3.26179e-06 6.14901e-07 9.01455e-08
 2.01599e-11 2.18816e-09 1.40042e-07 5.28474e-06 0.000117592 0.00154284 0.0119363 0.0544617 0.146673 0.234144 0.22626 0.145374 0.0817829 0.0504945 0.0279543 0.0121472 0.0046575 0.00169313 0.00054913 0.000156509 3.96628e-05 8.98823e-06 1.83653e-06 3.27594e-07 4.7641e-08
 2.03946e-11 2.21364e-09 1.41673e-07 5.34628e-06 0.000118961 0.0015608 0.0120752 0.0550948 0.148368 0.236761 0.228373 0.14559 0.080223 0.0484115 0.0262938 0.0110539 0.00403158 0.00141405 0.000454609 0.000129893 3.2537e-05 6.94715e-06 1.25401e-06 1.92342e-07 2.4883e-08
 2.0686e-11 2.24526e-09 1.43697e-07 5.42266e-06 0.000120661 0.0015831 0.0122477 0.0558807 0.15047 0.240004 0.230967 0.145777 0.0781671 0.0457568 0.024291 0.00983139 0.00335304 0.00109519 0.00033203 9.05121e-05 2.20827e-05 4.66106e-06 8.21789e-07 1.17971e-07 1.35924e-08
 2.09731e-11 2.27643e-09 1.45691e-07 5.49792e-06 0.000122335 0.00160507 0.0124176 0.0566548 0.152538 0.243172 0.233396 0.14561 0.0756037 0.0427802 0.0224574 0.00911398 0.00312523 0.00100942 0.000293141 7.45875e-05 1.69502e-05 3.38358e-06 5.7515e-07 8.04983e-08 8.9427e-09
 2.07788e-11 2.25534e-09 1.44342e-07 5.447e-06 0.000121202 0.00159021 0.0123026 0.0561312 0.151141 0.241042 0.231819 0.145907 0.07762 0.0449865 0.0236328 0.00935276 0.00305058 0.000942484 0.000268809 6.75798e-05 1.487e-05 2.79849e-06 4.43511e-07 5.84015e-08 6.20615e-09
 2.15934e-11 2.34375e-09 1.5e-07 5.66053e-06 0.000125953 0.00165254 0.0127847 0.0583275 0.15701 0.250042 0.238761 0.145573 0.0705562 0.0366569 0.0183154 0.00706777 0.00222872 0.000659122 0.000179276 4.29017e-05 9.09025e-06 1.66738e-06 2.55658e-07 3.19446e-08 3.18331e-09
 2.22396e-11 2.4139e-09 1.54489e-07 5.82993e-06 0.000129723 0.00170199 0.0131672 0.0600701 0.161667 0.257188 0.244292 0.145375 0.0650524 0.0301112 0.0140593 0.0051534 0.00149463 0.000401215 0.000101957 2.3173e-05 4.66216e-06 8.12313e-07 1.19103e-07 1.43474e-08 1.37653e-09
 2.23365e-11 2.42441e-09 1.55162e-07 5.85533e-06 0.000130288 0.00170941 0.0132246 0.0603314 0.162366 0.258267 0.245162 0.145459 0.0644001 0.0292454 0.0133753 0.00470889 0.00124309 0.000290224 6.4983e-05 1.32439e-05 2.4209e-06 3.91732e-07 5.40882e-08 6.17096e-09 5.64182e-10
 2.25506e-11 2.44765e-09 1.56649e-07 5.91146e-06 0.000131537 0.00172579 0.0133513 0.0609087 0.163909 0.260632 0.24698 0.145353 0.062516 0.027037 0.0119832 0.00413163 0.00104932 0.000228348 4.66424e-05 8.44382e-06 1.33792e-06 1.88879e-07 2.32611e-08 2.42236e-09 2.06178e-10
 2.2816e-11 2.47646e-09 1.58493e-07 5.98103e-06 0.000133085 0.0017461 0.0135084 0.0616243 0.165821 0.263559 0.249217 0.145176 0.0601089 0.024251 0.0102752 0.00348 0.000868042 0.000183308 3.60257e-05 6.18449e-06 9.02546e-07 1.13762e-07 1.22066e-08 1.09905e-09 8.21023e-11
 2.31019e-11 2.50749e-09 1.60479e-07 6.05596e-06 0.000134752 0.00176798 0.0136776 0.062395 0.16788 0.266713 0.251632 0.145002 0.0575431 0.0212672 0.00842607 0.00275136 0.000650768 0.00012555 2.26534e-05 3.68886e-06 5.16047e-07 6.18088e-08 6.17088e-09 5.01511e-10 3.28905e-11
 2.31088e-11 2.50824e-09 1.60527e-07 6.05778e-06 0.000134793 0.00176851 0.0136817 0.0624138 0.167931 0.266792 0.251704 0.145033 0.0575332 0.0212289 0.00836504 0.00268373 0.000602407 0.000103874 1.6338e-05 2.37759e-06 3.0119e-07 3.31157e-08 3.10263e-09 2.38494e-10 1.46274e-11
 2.31963e-11 2.51773e-09 1.61134e-07 6.08071e-06 0.000135303 0.0017752 0.0137334 0.0626496 0.16856 0.267756 0.252437 0.144964 0.0567253 0.0203013 0.00780677 0.00248302 0.000554695 9.46213e-05 1.44637e-05 1.97881e-06 2.25256e-07 2.16632e-08 1.79175e-09 1.24142e-10 7.00221e-12
 2.32826e-11 2.5271e-09 1.61734e-07 6.10334e-06 0.000135806 0.00178181 0.0137845 0.0628823 0.169182 0.268707 0.253161 0.144898 0.0559292 0.0193863 0.00725483 0.00228317 0.000506515 8.539e-05 1.28573e-05 1.73645e-06 1.942e-07 1.79676e-08 1.37992e-09 8.55898e-11 4.24423e-12
#obs catch len freq
 4.63886e-11 4.29914e-09 2.3493e-07 7.56976e-06 0.000143819 0.00161121 0.0106453 0.0415131 0.0959692 0.134549 0.127233 0.111224 0.114058 0.111732 0.0948584 0.0719326 0.0461357 0.0238527 0.00999819 0.00340096 0.000917079 0.000188231 2.79496e-05 2.86198e-06 1.94899e-07
 6.20279e-11 5.5444e-09 2.9222e-07 9.08137e-06 0.000166412 0.00179814 0.0114592 0.0431163 0.0963221 0.13153 0.125045 0.115932 0.122819 0.116864 0.0936993 0.066987 0.0411211 0.020748 0.00860237 0.00287542 0.00074199 0.000141809 1.9362e-05 1.82428e-06 1.14825e-07
 4.70122e-11 4.04603e-09 2.05321e-07 6.14368e-06 0.000108398 0.00112786 0.00692432 0.0251582 0.0549449 0.0777673 0.0922777 0.123604 0.157889 0.157003 0.127428 0.0892221 0.051056 0.0232374 0.00872129 0.00271728 0.000667638 0.000121424 1.55621e-05 1.35676e-06 7.83619e-08
 2.27326e-11 1.88067e-09 9.17414e-08 2.63882e-06 4.47578e-05 0.000447779 0.0026463 0.00931067 0.0202881 0.0323017 0.0532812 0.095696 0.144514 0.176347 0.18075 0.145242 0.0851017 0.0369446 0.0126435 0.00351647 0.000776026 0.000129197 1.53759e-05 1.24927e-06 6.69771e-08
 3.84837e-10 3.05578e-08 1.43072e-06 3.94977e-05 0.000642951 0.00617122 0.0349264 0.116558 0.229407 0.266536 0.183784 0.0778151 0.0255707 0.0148071 0.0152891 0.0135249 0.00871331 0.00417552 0.00152024 0.000417634 8.53167e-05 1.27534e-05 1.35967e-06 9.99417e-08 4.89729e-09
 2.98783e-10 2.27381e-08 1.02033e-06 2.69971e-05 0.000421198 0.00387513 0.0210331 0.0675014 0.129599 0.157629 0.150176 0.153751 0.1506 0.10314 0.044321 0.0126891 0.00335127 0.00122487 0.000478995 0.00014434 3.06337e-05 4.47902e-06 4.4523e-07 2.96831e-08 1.30691e-09
 6.21244e-10 4.52509e-08 1.94347e-06 4.92173e-05 0.00073493 0.00647104 0.0336016 0.102968 0.18689 0.204732 0.148065 0.0950103 0.0743845 0.0617406 0.0453513 0.0262876 0.010519 0.00268675 0.000442746 5.46159e-05 6.6358e-06 8.09149e-07 7.70953e-08 4.95113e-09 2.04943e-10
 8.01562e-10 5.58101e-08 2.29127e-06 5.5466e-05 0.000791718 0.00666397 0.0330864 0.0970577 0.169649 0.184288 0.14753 0.121867 0.105362 0.0721697 0.0372618 0.0160996 0.00595468 0.001731 0.000368492 5.51232e-05 5.64746e-06 4.02481e-07 2.15773e-08 9.39436e-10 3.19841e-11
 1.17404e-09 7.8046e-08 3.05918e-06 7.07046e-05 0.000963571 0.00774358 0.0367088 0.102835 0.171814 0.179176 0.139796 0.115011 0.100564 0.0730734 0.0426917 0.0202881 0.00718227 0.00174575 0.000292181 3.6022e-05 3.45491e-06 2.50912e-07 1.28455e-08 4.41865e-10 1.01427e-11
 1.7324e-09 1.0983e-07 4.10562e-06 9.04952e-05 0.00117616 0.00901448 0.0407592 0.108961 0.174159 0.175749 0.137449 0.116154 0.10047 0.0703333 0.0394706 0.0181241 0.00627731 0.00151935 0.000255161 3.05711e-05 2.65449e-06 1.65939e-07 7.37826e-09 2.30114e-10 4.91416e-12
 1.98395e-09 1.19826e-07 4.26736e-06 8.96101e-05 0.00110958 0.00810296 0.0349301 0.0892997 0.1386 0.14503 0.137462 0.144348 0.132279 0.0905322 0.0486376 0.021072 0.00676573 0.00148878 0.000223448 2.38881e-05 1.88739e-06 1.09475e-07 4.49947e-09 1.26716e-10 2.39144e-12
 3.63612e-09 2.09017e-07 7.08454e-06 0.00014159 0.00166859 0.0115963 0.0475569 0.115456 0.168645 0.159914 0.12698 0.114168 0.101994 0.0757969 0.0461094 0.0214523 0.00686097 0.0014337 0.000198163 1.89972e-05 1.31956e-06 6.69334e-08 2.42532e-09 6.10738e-11 1.04332e-12
 6.29975e-09 3.44345e-07 1.10981e-05 0.00021091 0.00236342 0.0156184 0.0609027 0.14056 0.194963 0.174578 0.12855 0.10481 0.0830572 0.0525449 0.026806 0.0109624 0.0032816 0.0006747 9.53043e-05 9.48001e-06 6.68271e-07 3.27847e-08 1.09607e-09 2.46823e-11 3.71763e-13
 8.11362e-09 4.21351e-07 1.29021e-05 0.000232954 0.00248021 0.0155744 0.0577463 0.127139 0.17092 0.158166 0.136751 0.128573 0.101994 0.0598379 0.0273915 0.00998232 0.00265765 0.000477692 5.74178e-05 4.81297e-06 2.95057e-07 1.33238e-08 4.28221e-10 9.38582e-12 1.3588e-13
 1.23572e-08 6.09223e-07 1.77101e-05 0.000303568 0.00306834 0.0182923 0.0643985 0.134707 0.172532 0.153681 0.130244 0.120943 0.0967753 0.0602032 0.0299647 0.011362 0.00295375 0.000495118 5.3384e-05 3.84331e-06 1.945e-07 7.13922e-09 1.89096e-10 3.52586e-12 4.50933e-14
 1.86844e-08 8.73901e-07 2.41009e-05 0.000391921 0.00375822 0.0212576 0.0710317 0.141282 0.173509 0.152581 0.132321 0.121964 0.0926307 0.0535256 0.0245848 0.00865647 0.0021098 0.000334134 3.42354e-05 2.34362e-06 1.11414e-07 3.73409e-09 8.70565e-11 1.3826e-12 1.47568e-14
 2.62221e-08 1.16283e-06 3.04058e-05 0.000468802 0.00426241 0.0228629 0.0724962 0.137303 0.16306 0.145765 0.13502 0.127746 0.0967548 0.0564272 0.0261918 0.00910021 0.00214655 0.000328198 3.27794e-05 2.21517e-06 1.04363e-07 3.43073e-09 7.70049e-11 1.15402e-12 1.13873e-14
 4.5424e-08 1.90889e-06 4.73003e-05 0.000691101 0.00595449 0.0302639 0.0908968 0.162744 0.181055 0.147222 0.121055 0.105878 0.0780515 0.0457241 0.0212688 0.00723235 0.00164585 0.000243177 2.37502e-05 1.5899e-06 7.45351e-08 2.4256e-09 5.34649e-11 7.81429e-13 7.46864e-15
 5.68894e-08 2.2646e-06 5.31545e-05 0.000735685 0.00600488 0.028925 0.0825016 0.141649 0.157614 0.144037 0.141636 0.12991 0.0904137 0.0480937 0.0203437 0.00644773 0.00140691 0.000205183 2.03373e-05 1.4029e-06 6.73907e-08 2.20751e-09 4.8194e-11 6.90727e-13 6.4326e-15
 9.29568e-08 3.504e-06 7.78821e-05 0.00102073 0.00788935 0.0359832 0.0971487 0.157618 0.164532 0.138682 0.126488 0.113091 0.0816587 0.0469199 0.0208498 0.00651164 0.00133226 0.000176528 1.56231e-05 9.6586e-07 4.27143e-08 1.33386e-09 2.84856e-11 4.03761e-13 3.71523e-15
 1.42225e-07 5.07553e-06 0.000106802 0.00132519 0.00969731 0.0418824 0.107167 0.165437 0.166912 0.140767 0.128325 0.108932 0.0718697 0.0371586 0.0150435 0.00438979 0.000859576 0.0001114 9.78373e-06 5.97094e-07 2.5363e-08 7.36596e-10 1.43547e-11 1.8547e-13 1.57368e-15
 2.09117e-07 7.06405e-06 0.000140705 0.00165263 0.0114481 0.0468167 0.113552 0.166996 0.163649 0.139443 0.128555 0.106813 0.0685441 0.0345057 0.0134227 0.00369427 0.000672991 8.04254e-05 6.49545e-06 3.6725e-07 1.46802e-08 4.06991e-10 7.60762e-12 9.36893e-14 7.47553e-16
 3.25033e-07 1.03926e-05 0.000195934 0.00217825 0.0142827 0.055293 0.127021 0.177315 0.166206 0.137214 0.122117 0.0968597 0.0592743 0.0284127 0.0104328 0.00268131 0.000451367 4.92221e-05 3.57502e-06 1.79802e-07 6.38825e-09 1.58736e-10 2.69147e-12 3.0437e-14 2.25456e-16
 4.35658e-07 1.31848e-05 0.000235284 0.00247592 0.015369 0.0563637 0.12304 0.165488 0.156939 0.141066 0.132701 0.103796 0.0613561 0.0283199 0.00995606 0.00244219 0.000394205 4.16509e-05 2.95639e-06 1.44707e-07 4.90104e-09 1.12934e-10 1.73633e-12 1.75836e-14 1.16263e-16
 6.63487e-07 1.9007e-05 0.000321061 0.00319808 0.0187918 0.0652455 0.134919 0.172292 0.15624 0.13561 0.123649 0.0950736 0.0566181 0.0264042 0.00912284 0.00213719 0.00032424 3.19738e-05 2.11565e-06 9.69611e-08 3.09995e-09 6.79096e-11 9.94349e-13 9.54038e-15 5.91212e-17
 9.70514e-07 2.63194e-05 0.000420868 0.00396875 0.0220793 0.0726152 0.142549 0.174413 0.155867 0.136909 0.122503 0.0891413 0.0494603 0.0214052 0.00688949 0.00151326 0.000216668 2.02871e-05 1.27876e-06 5.5671e-08 1.67681e-09 3.43148e-11 4.67225e-13 4.16794e-15 2.40758e-17
 1.29316e-06 3.32025e-05 0.000502682 0.00448821 0.0236472 0.0737341 0.13791 0.164074 0.150929 0.142164 0.129677 0.0927605 0.0505277 0.0213598 0.00660835 0.00137832 0.000186696 1.65616e-05 9.91706e-07 4.10419e-08 1.1725e-09 2.26711e-11 2.90398e-13 2.42562e-15 1.30564e-17
 2.01652e-06 4.90256e-05 0.000702823 0.00594193 0.0296436 0.087517 0.154927 0.174115 0.150407 0.132795 0.115345 0.0804541 0.0434542 0.0180714 0.00537268 0.00105703 0.000133617 1.09873e-05 6.07361e-07 2.31977e-08 6.13774e-10 1.10433e-11 1.32089e-13 1.03178e-15 5.19252e-18
#spawning biomass
 32422.2 29543.7 20190.3 14345.1 22859.5 42222.5 66028.1 96126.4 123863 156826 164087 152625 155426 211295 215332 219693 178364 211663 203397 158683 173822 177956 157759 182692 209238 182624 165626 194924 283721 416156 318913 214234 135932 86393.2 57965.4 42649.6 34747.6 30794.5 28861 27931 27489.4 27281.7 27184.5 27139.1 27118.4 27109 27104.7 27102.7 27101.8 27101.4 27101.2 27101.2 27101.1 27101.1 27101.1 27101.1 27101.1 27101.1 27101.1 27101.1 27101.1 27101.1 27101.1 27101.1 27101.1 27101.1 27101.1 27101.1 27101.1 27101.1 27101.1 27101.1 27101.1 27101.1 27101.1 27101.1 27101.1 27101.1 27101.1 27101.1 27101.1 27101.1 27101.1 27101.1 27101.1 27101.1 27101.1 27101.1 27101.1 27101.1 27101.1 27101.1 27101.1 27101.1 27101.1 27101.1 27101.1 27101.1 27101.1 27101.1 27101.1 27101.1 27101.1 27101.1 27101.1 27101.1 27101.1 27101.1 27101.1 27101.1 27101.1 27101.1 27101.1 27101.1 27101.1 27101.1 27101.1 27101.1 27101.1 27101.1 27101.1 27101.1 27101.1 27101.1 27101.1 27101.1 27101.1 27101.1 0 0 0 0 0 0 0 0 0 0 0 0 0 0 0 0 0 0 0 0 0 0 0 0 0
