SBPRF35
1.04812
Curr Bio
140429
B35
743944
F35
0.219274
FOFL
0
OFL
0
Bzero
299463
#pred survey bio
 12181.3 9653.83 12656.3 18245.9 23456.9 27835.1 33421.4 37519.4 43103.2 55728.1 73819.5 82899.8 104827 125795 124224 109637 104052 99897.3 105568 100841 101154 106665 103708 112023 128496 145845 125724 111165 111095 2.32077e+06 3.83449e+06 4.95925e+06 5.18881e+06 4.94323e+06 4.51461e+06 4.05856e+06 3.64792e+06 3.30838e+06 3.04153e+06 2.83847e+06 2.68717e+06 2.5759e+06 2.49466e+06 2.43464e+06 2.38934e+06 2.357e+06 2.3337e+06 2.31672e+06 2.3042e+06 2.29487e+06 2.28781e+06 2.28242e+06 2.27825e+06 2.27499e+06 2.2724e+06 2.27034e+06 2.26868e+06 2.26734e+06 2.26624e+06 2.26534e+06 2.26459e+06 2.26398e+06 2.26346e+06 2.26304e+06 2.26268e+06 2.26238e+06 2.26213e+06 2.26193e+06 2.26175e+06 2.2616e+06 2.26148e+06 2.26137e+06 2.26129e+06 2.26121e+06 2.26115e+06 2.2611e+06 2.26106e+06 2.26102e+06 2.26099e+06 2.26096e+06 2.26094e+06 2.26092e+06 2.2609e+06 2.26089e+06 2.26088e+06 2.26087e+06 2.26086e+06 2.26086e+06 2.26085e+06 2.26085e+06 2.26084e+06 2.26084e+06 2.26084e+06 2.26083e+06 2.26083e+06 2.26083e+06 2.26083e+06 2.26083e+06 2.26083e+06 2.26082e+06 2.26082e+06 2.26082e+06 2.26082e+06 2.26082e+06 2.26082e+06 2.26082e+06 2.26082e+06 2.26082e+06 2.26082e+06 2.26082e+06 2.26082e+06 2.26082e+06 2.26082e+06 2.26082e+06 2.26082e+06 2.26082e+06 2.26082e+06 2.26082e+06 2.26082e+06 2.26082e+06 2.26082e+06 2.26082e+06 2.26082e+06 2.26082e+06 2.26082e+06 2.26082e+06 2.26082e+06 2.26082e+06 2.26082e+06 0 0 0 0 0 0 0 0 0 0 0 0 0 0 0 0 0 0 0 0 0 0 0 0 0
#obs survey bio
 11130.2 13518.5 15766.5 17226.2 15402 22646.2 41442 28280.2 31708.1 50516.6 82854.7 47346.2 72206.9 85408.6 86630.6 79840.2 123705 71938.5 91828.6 82517.2 99688.8 104441 70809.2 76448.7 121839 118231 88992.2 88783.1 95260
#pred catch bio
 8426.96 5573.5 6622.34 10394.2 15021.7 17930.9 22892.9 26324.1 30863.3 37971.2 55514.6 62036.1 79534.4 98225.9 100691 88500.4 85680.3 80150.5 89308.8 86434.6 86328.1 94607.9 91156.4 97913.8 107021 132243 114701 97037.7 105652 0 26822.1 41369.1 43437.2 40707 36547.7 32293.5 28535.4 25472.4 23100.4 21326.1 20031.2 19103 18446.3 17982.2 17652.6 17429.5 17278.5 17176.4 17107.3 17060.5 17028.8 17007.4 16992.9 16983.1 16976.5 16972 16968.9 16966.9 16965.5 16964.6 16963.9 16963.5 16963.2 16963 16962.9 16962.8 16962.7 16962.7 16962.6 16962.6 16962.6 16962.6 16962.6 16962.6 16962.6 16962.6 16962.6 16962.6 16962.6 16962.6 16962.6 16962.6 16962.6 16962.6 16962.6 16962.6 16962.6 16962.6 16962.6 16962.6 16962.6 16962.6 16962.6 16962.6 16962.6 16962.6 16962.6 16962.6 16962.6 16962.6 16962.6 16962.6 16962.6 16962.6 16962.6 16962.6 16962.6 16962.6 16962.6 16962.6 16962.6 16962.6 16962.6 16962.6 16962.6 16962.6 16962.6 16962.6 16962.6 16962.6 16962.6 16962.6 16962.6 16962.6 16962.6 16962.6 16962.6 16962.6 16962.6 0 0 0 0 0 0 0 0 0 0 0 0 0 0 0 0 0 0 0 0 0 0 0 0 0
#obs catch bio
 5306.56 5532.91 6477.18 9974.15 15081.4 17838.3 22293.9 26026 30801.6 37397.8 52979.6 60866.2 77312.1 98011.3 100181 88503.3 81856.4 78034.1 85955.4 86328.7 83728.4 90535.5 90219.7 96759.8 103010 127288 111619 94772.6 103247
#pred cpue bio
 9157.42 6479.25 7557.77 11255.3 14839 16767 20135.2 22369.8 24737.3 29267.8 40973.3 45715.7 53895.8 67156.9 72100.5 63174.7 57571.1 54077.7 56195.6 53357.8 50899.7 53448.6 51494.2 53090.6 60352.9 73928.6 64413.9 55097 55885.5 1.08272e+06 3.03084e+06 4.78581e+06 5.0843e+06 4.81536e+06 4.37483e+06 3.91496e+06 3.50325e+06 3.16342e+06 2.89649e+06 2.69341e+06 2.5421e+06 2.43083e+06 2.34959e+06 2.28957e+06 2.24427e+06 2.21194e+06 2.18863e+06 2.17165e+06 2.15914e+06 2.1498e+06 2.14275e+06 2.13736e+06 2.13318e+06 2.12992e+06 2.12734e+06 2.12528e+06 2.12362e+06 2.12227e+06 2.12117e+06 2.12027e+06 2.11953e+06 2.11891e+06 2.1184e+06 2.11797e+06 2.11762e+06 2.11732e+06 2.11707e+06 2.11686e+06 2.11668e+06 2.11654e+06 2.11641e+06 2.11631e+06 2.11622e+06 2.11615e+06 2.11609e+06 2.11603e+06 2.11599e+06 2.11595e+06 2.11592e+06 2.11589e+06 2.11587e+06 2.11585e+06 2.11584e+06 2.11582e+06 2.11581e+06 2.1158e+06 2.1158e+06 2.11579e+06 2.11578e+06 2.11578e+06 2.11578e+06 2.11577e+06 2.11577e+06 2.11577e+06 2.11576e+06 2.11576e+06 2.11576e+06 2.11576e+06 2.11576e+06 2.11576e+06 2.11576e+06 2.11576e+06 2.11576e+06 2.11576e+06 2.11576e+06 2.11576e+06 2.11576e+06 2.11576e+06 2.11575e+06 2.11575e+06 2.11575e+06 2.11575e+06 2.11575e+06 2.11575e+06 2.11575e+06 2.11575e+06 2.11575e+06 2.11575e+06 2.11575e+06 2.11575e+06 2.11575e+06 2.11575e+06 2.11575e+06 2.11575e+06 2.11575e+06 2.11575e+06 2.11575e+06 2.11575e+06 2.11575e+06 0 0 0 0 0 0 0 0 0 0 0 0 0 0 0 0 0 0 0 0 0 0 0 0 0
#obs cpue bio
 5514.65 6258.4 8733.75 22173.7 16580 22003.7 34643.6 26899.7 36990.2 41734.4 88114 100758 103415 88851.4 112689 102426 104279 111084 104079 66534.3 97050.8 100453 82276.1 93176.7 117101 169042 133489 104123 112052
#pred surv len freq
 2.56015e-27 2.58041e-27 2.64186e-26 5.03342e-20 1.23388e-14 3.65621e-10 1.30959e-06 0.000567004 0.029675 0.187732 0.143973 0.0392472 0.197582 0.182883 0.0485451 0.0652264 0.0282321 0.0219516 0.0135412 0.0103239 0.00812344 0.00704871 0.00710072 0.00631617 0.00193046
 2.56371e-27 2.5901e-27 3.48712e-26 6.8165e-20 1.67098e-14 4.95142e-10 1.77352e-06 0.000767865 0.0401873 0.254236 0.194731 0.0377908 0.150842 0.140236 0.0501626 0.0792884 0.0268846 0.0111389 0.0049929 0.00285988 0.00183585 0.00136644 0.00122237 0.00108995 0.000365373
 2.56616e-27 2.59642e-27 4.01131e-26 7.92218e-20 1.94203e-14 5.75457e-10 2.06119e-06 0.000892417 0.0467059 0.295474 0.226245 0.0393695 0.140714 0.130178 0.0354937 0.0484557 0.0189335 0.0115119 0.0036804 0.00114475 0.00048636 0.00027599 0.000204872 0.000172154 5.98302e-05
 2.56415e-27 2.59087e-27 3.51089e-26 6.86647e-20 1.68323e-14 4.98771e-10 1.78652e-06 0.000773493 0.0404818 0.2561 0.196214 0.0415818 0.178649 0.1651 0.0402024 0.0502829 0.0176352 0.00819854 0.00318876 0.0011603 0.000262081 8.26316e-05 4.34167e-05 3.15214e-05 1.08656e-05
 2.56405e-27 2.59079e-27 3.52134e-26 6.88858e-20 1.68865e-14 5.00378e-10 1.79227e-06 0.000775984 0.0406122 0.256924 0.196819 0.0400328 0.166436 0.154223 0.0454 0.0648516 0.0216812 0.00834859 0.00272268 0.000866644 0.000239159 4.55883e-05 1.12654e-05 5.87727e-06 1.90507e-06
 2.56511e-27 2.59349e-27 3.74445e-26 7.35918e-20 1.80401e-14 5.34562e-10 1.91471e-06 0.000828996 0.0433867 0.274476 0.210232 0.0407237 0.16227 0.150049 0.038693 0.0506236 0.0176454 0.00789839 0.00239262 0.000608498 0.000137157 2.75152e-05 3.87654e-06 9.14085e-07 2.48207e-07
 2.56451e-27 2.59176e-27 3.58208e-26 7.01663e-20 1.72004e-14 5.09679e-10 1.82558e-06 0.000790408 0.0413671 0.2617 0.200496 0.0419217 0.178228 0.164652 0.0390664 0.047734 0.0157679 0.00580803 0.00184194 0.000511356 9.641e-05 1.53464e-05 1.93422e-06 1.99572e-07 3.16987e-08
 2.56482e-27 2.59262e-27 3.65713e-26 7.17494e-20 1.75885e-14 5.21179e-10 1.86677e-06 0.000808242 0.0423005 0.267605 0.205001 0.0417028 0.173397 0.160223 0.0388301 0.0482738 0.0153724 0.00473436 0.0013515 0.000323584 6.53756e-05 9.44589e-06 9.29266e-07 6.60039e-08 4.36067e-09
 2.56568e-27 2.59486e-27 3.84812e-26 7.57783e-20 1.85761e-14 5.50444e-10 1.9716e-06 0.000853627 0.0446758 0.282631 0.216476 0.0417881 0.165983 0.153234 0.034916 0.0410969 0.0130555 0.0039703 0.00106365 0.000211563 3.63139e-05 5.11475e-06 4.66996e-07 2.50134e-08 8.58128e-10
 2.56757e-27 2.59987e-27 4.27937e-26 8.48754e-20 2.08062e-14 6.16524e-10 2.20829e-06 0.000956104 0.050039 0.316561 0.242379 0.0414591 0.14528 0.133919 0.0276925 0.0294573 0.00910843 0.00238457 0.000622345 0.000119013 1.76751e-05 2.04527e-06 1.71676e-07 8.28899e-09 1.95613e-10
 2.56558e-27 2.5944e-27 3.78724e-26 7.44931e-20 1.82611e-14 5.41109e-10 1.93816e-06 0.00083915 0.0439181 0.277838 0.212845 0.0435705 0.182099 0.167755 0.0311423 0.0287932 0.00868843 0.00194329 0.00047469 7.95651e-05 1.12671e-05 1.15979e-06 7.90654e-08 3.38272e-09 6.84989e-11
 2.56611e-27 2.5959e-27 3.92698e-26 7.74413e-20 1.89838e-14 5.62524e-10 2.01487e-06 0.000872361 0.0456562 0.288834 0.221226 0.0426051 0.168864 0.155686 0.0316288 0.0329218 0.00964486 0.00163745 0.000363397 5.17368e-05 6.47075e-06 6.00086e-07 3.63974e-08 1.2703e-09 2.2196e-11
 2.56771e-27 2.6002e-27 4.30263e-26 8.53658e-20 2.09264e-14 6.20086e-10 2.22105e-06 0.000961628 0.0503281 0.31839 0.243783 0.0419114 0.147736 0.136077 0.0261234 0.0253143 0.00752806 0.00148219 0.000322596 3.56204e-05 3.77253e-06 2.95486e-07 1.56787e-08 4.77983e-10 6.86191e-12
 2.56611e-27 2.59572e-27 3.8945e-26 7.67555e-20 1.88157e-14 5.57542e-10 1.99702e-06 0.000864635 0.0452519 0.286276 0.219296 0.044092 0.181534 0.167043 0.027572 0.0208144 0.00604048 0.00097675 0.000208094 2.54213e-05 2.42768e-06 1.47592e-07 6.42614e-09 1.66989e-10 2.05797e-12
 2.56405e-27 2.59022e-27 3.41646e-26 6.66712e-20 1.63437e-14 4.84292e-10 1.73465e-06 0.000751038 0.0393066 0.248665 0.190587 0.0447251 0.206524 0.19031 0.0354562 0.0329169 0.0093725 0.00114334 0.000216418 2.23622e-05 2.13798e-06 1.31137e-07 4.55073e-09 9.31802e-11 9.58539e-13
 2.56496e-27 2.59282e-27 3.65844e-26 7.17765e-20 1.75951e-14 5.21375e-10 1.86748e-06 0.000808547 0.0423164 0.267706 0.205099 0.043041 0.183511 0.169298 0.0357801 0.038954 0.011334 0.00177017 0.000348723 2.80094e-05 2.2268e-06 1.22015e-07 4.25399e-09 7.35594e-11 5.86101e-13
 2.56575e-27 2.59486e-27 3.83007e-26 7.53967e-20 1.84826e-14 5.47672e-10 1.96167e-06 0.000849328 0.0444508 0.281208 0.215414 0.0433052 0.178275 0.164267 0.0312865 0.0299887 0.00887788 0.00168044 0.000357331 3.52606e-05 2.75533e-06 1.15991e-07 3.42668e-09 5.6627e-11 3.95824e-13
 2.56594e-27 2.5953e-27 3.86091e-26 7.60472e-20 1.86421e-14 5.52397e-10 1.97859e-06 0.000856656 0.0448343 0.283634 0.217275 0.0438573 0.181168 0.16679 0.0290616 0.0242693 0.00699301 0.0010216 0.000209709 2.43043e-05 2.17559e-06 1.05077e-07 2.61742e-09 3.46699e-11 2.21299e-13
 2.56654e-27 2.59696e-27 4.0109e-26 7.92113e-20 1.94177e-14 5.75381e-10 2.06092e-06 0.000892299 0.0466997 0.295436 0.226276 0.043184 0.169721 0.156283 0.0282273 0.0250072 0.00714767 0.000928982 0.00017698 1.65683e-05 1.48768e-06 8.51187e-08 2.46076e-09 3.08755e-11 1.57935e-13
 2.56613e-27 2.59573e-27 3.89187e-26 7.67e-20 1.88021e-14 5.5714e-10 1.99558e-06 0.00086401 0.0452192 0.286069 0.219143 0.0444157 0.184106 0.169345 0.0267018 0.0182435 0.00515802 0.000611894 0.000110833 9.05544e-06 6.94874e-07 3.43562e-08 1.10638e-09 1.62579e-11 8.44115e-14
 2.56752e-27 2.59953e-27 4.23062e-26 8.38463e-20 2.05539e-14 6.09049e-10 2.18151e-06 0.000944511 0.0494323 0.312722 0.239476 0.0431735 0.160367 0.147495 0.0238485 0.0172333 0.00480041 0.000431509 6.8014e-05 5.08846e-06 3.5481e-07 1.47649e-08 4.00662e-10 5.9915e-12 3.59392e-14
 2.56726e-27 2.59878e-27 4.15822e-26 8.23187e-20 2.01794e-14 5.97953e-10 2.14177e-06 0.000927303 0.0485317 0.307025 0.235137 0.0439366 0.169222 0.155533 0.0228351 0.0129043 0.0035746 0.000319094 4.88128e-05 2.85357e-06 1.64042e-07 6.08225e-09 1.415e-10 1.75831e-12 1.00935e-14
 2.56737e-27 2.59905e-27 4.17963e-26 8.27704e-20 2.02902e-14 6.01234e-10 2.15352e-06 0.000932391 0.048798 0.30871 0.236425 0.0440313 0.169038 0.155325 0.0221113 0.0113055 0.0030864 0.000207874 2.58262e-05 1.46496e-06 7.64215e-08 2.15722e-09 4.21197e-11 4.48201e-13 2.14265e-15
 2.56847e-27 2.60207e-27 4.44948e-26 8.84631e-20 2.16857e-14 6.42585e-10 2.30163e-06 0.000996519 0.0521542 0.329942 0.252622 0.0430356 0.150082 0.137875 0.0198034 0.0104362 0.00284646 0.000182705 2.12678e-05 9.61314e-07 3.92797e-08 1.03072e-09 1.65304e-11 1.37233e-13 5.52213e-16
 2.56849e-27 2.60208e-27 4.44732e-26 8.84175e-20 2.16745e-14 6.42254e-10 2.30045e-06 0.000996005 0.0521273 0.329772 0.252496 0.0433035 0.152208 0.139773 0.0189579 0.00803388 0.00217616 0.000137449 1.56875e-05 6.77492e-07 2.45952e-08 4.9012e-10 6.50208e-12 4.62783e-14 1.45276e-16
 2.56688e-27 2.59773e-27 4.06276e-26 8.03049e-20 1.96858e-14 5.83325e-10 2.08937e-06 0.000904618 0.0473445 0.299514 0.229409 0.04439 0.176697 0.162392 0.0233641 0.0123809 0.00337175 0.000206106 2.26947e-05 9.79624e-07 3.52753e-08 6.54691e-10 7.16672e-12 3.8981e-14 1.02667e-16
 2.56653e-27 2.59675e-27 3.97396e-26 7.84314e-20 1.92265e-14 5.69716e-10 2.04063e-06 0.000883513 0.0462399 0.292526 0.22408 0.0448086 0.183627 0.168751 0.0238207 0.0118225 0.00321575 0.000199678 2.23138e-05 9.24434e-07 3.11979e-08 5.7293e-10 6.05942e-12 2.87449e-14 5.89391e-17
 2.56743e-27 2.59921e-27 4.19411e-26 8.30757e-20 2.0365e-14 6.03452e-10 2.16146e-06 0.000935831 0.048978 0.309849 0.237294 0.0439591 0.167878 0.154262 0.0220612 0.0114576 0.00311621 0.000185966 1.98727e-05 8.31545e-07 2.83486e-08 4.94313e-10 4.98049e-12 2.3075e-14 4.33879e-17
 2.5671e-27 2.59831e-27 4.11523e-26 8.14118e-20 1.99571e-14 5.91365e-10 2.11817e-06 0.000917087 0.047997 0.303643 0.232558 0.0441813 0.172896 0.158897 0.0229575 0.0123343 0.00336866 0.000221323 2.62066e-05 1.07723e-06 3.55484e-08 6.26349e-10 6.24647e-12 2.73615e-14 4.96063e-17
#obs surv len freq
 1.08273e-41 1.50276e-33 2.52119e-26 5.11291e-20 1.25337e-14 3.71397e-10 1.33028e-06 0.000575966 0.0301438 0.190699 0.146324 0.040115 0.173144 0.146547 0.104034 0.102053 0.04445 0.0174473 0.00394311 0.000496504 2.56351e-05 3.92225e-07 1.33315e-09 8.2066e-13 8.02927e-17
 1.60599e-41 2.22901e-33 3.73963e-26 7.5839e-20 1.8591e-14 5.50887e-10 1.97319e-06 0.000854322 0.0447118 0.28286 0.216715 0.0407074 0.126669 0.10221 0.0758116 0.0684621 0.0285501 0.0101668 0.00204959 0.000220497 9.26568e-06 1.09619e-07 2.77375e-10 1.24106e-13 8.69578e-18
 1.53689e-41 2.13311e-33 3.57873e-26 7.25759e-20 1.77911e-14 5.27184e-10 1.88829e-06 0.000817563 0.042788 0.27069 0.207652 0.0500555 0.176937 0.128944 0.056357 0.0424183 0.0168921 0.00540314 0.000954344 8.59601e-05 2.88794e-06 2.6186e-08 4.9155e-11 1.59706e-14 8.02147e-19
 1.07806e-41 1.49628e-33 2.51032e-26 5.09089e-20 1.24797e-14 3.69797e-10 1.32455e-06 0.000573485 0.0300139 0.189879 0.146177 0.0565195 0.230286 0.163081 0.097786 0.0655782 0.0157182 0.0037716 0.000572383 4.23258e-05 1.11479e-06 7.6405e-09 1.05701e-11 2.48842e-15 8.95658e-20
 1.50102e-41 2.08331e-33 3.49519e-26 7.08817e-20 1.73758e-14 5.14877e-10 1.84421e-06 0.000798478 0.0417891 0.264372 0.20286 0.0472316 0.142375 0.104298 0.104174 0.0692092 0.0190232 0.00352728 0.000323425 1.79288e-05 3.62851e-07 1.8515e-09 1.86815e-12 3.16884e-16 8.15467e-21
 1.20018e-41 1.66577e-33 2.79467e-26 5.66753e-20 1.38933e-14 4.11684e-10 1.47458e-06 0.000638444 0.0334136 0.211388 0.162958 0.0649616 0.231127 0.143985 0.0785515 0.0498334 0.0191004 0.00373717 0.000293326 9.9228e-06 1.32503e-07 4.87174e-10 3.54106e-13 4.29106e-17 7.85066e-22
 1.38102e-41 1.91677e-33 3.21578e-26 6.52154e-20 1.59868e-14 4.73718e-10 1.69678e-06 0.000734647 0.0384485 0.24324 0.18716 0.0579931 0.175126 0.116451 0.109102 0.0564674 0.0126163 0.00243638 0.000217209 6.20474e-06 5.23401e-08 1.19246e-10 5.87532e-14 4.99596e-18 6.44423e-23
 1.19336e-41 1.65631e-33 2.7788e-26 5.63534e-20 1.38144e-14 4.09345e-10 1.46621e-06 0.000634818 0.0332238 0.21019 0.162489 0.0722413 0.227235 0.13339 0.0939623 0.0495834 0.0148365 0.00207415 0.000135387 3.78788e-06 2.69823e-08 4.09596e-11 1.23945e-14 6.7631e-19 5.89518e-24
 1.51263e-41 2.09943e-33 3.52223e-26 7.14301e-20 1.75102e-14 5.18861e-10 1.85847e-06 0.000804655 0.0421125 0.266421 0.205248 0.0644443 0.167115 0.104122 0.0964393 0.0422556 0.00957624 0.00137772 8.02286e-05 1.58722e-06 9.33782e-09 1.16803e-11 2.53467e-15 8.92416e-20 4.90204e-25
 1.51993e-41 2.10956e-33 3.53922e-26 7.17747e-20 1.75947e-14 5.21363e-10 1.86744e-06 0.000808537 0.0423156 0.267709 0.206846 0.0778415 0.197999 0.103558 0.0663495 0.0286002 0.00712767 0.000802411 3.88285e-05 6.57275e-07 2.81335e-09 2.60833e-12 4.41521e-16 1.17329e-20 4.53236e-26
 1.09803e-41 1.524e-33 2.55682e-26 5.18519e-20 1.27109e-14 3.76647e-10 1.34909e-06 0.000584108 0.0305699 0.193409 0.151189 0.0972277 0.258203 0.136 0.0949782 0.0317542 0.00548909 0.000571192 2.35521e-05 3.05976e-07 1.03019e-09 7.05871e-13 8.49275e-17 1.64294e-21 4.72506e-27
 1.66698e-41 2.31366e-33 3.88165e-26 7.8719e-20 1.92971e-14 5.71807e-10 2.04812e-06 0.000886765 0.0464097 0.293612 0.226697 0.0712752 0.144728 0.0939229 0.0892737 0.0283388 0.0045133 0.000329611 1.0065e-05 1.05402e-07 2.66906e-10 1.35601e-13 1.19969e-17 1.6589e-22 3.36198e-28
 1.3369e-41 1.85553e-33 3.11303e-26 6.31316e-20 1.5476e-14 4.58581e-10 1.64256e-06 0.000711173 0.03722 0.235489 0.184501 0.110676 0.24324 0.106675 0.0571987 0.0201218 0.00390225 0.000257491 5.84772e-06 4.19118e-08 7.77906e-11 2.91835e-14 1.86756e-18 1.86013e-23 2.70732e-29
 1.1193e-41 1.55351e-33 2.60634e-26 5.2856e-20 1.2957e-14 3.8394e-10 1.37521e-06 0.000595419 0.0311619 0.19717 0.155831 0.112021 0.235452 0.137613 0.103368 0.0237139 0.00287136 0.000196816 4.35775e-06 2.39653e-08 3.021e-11 7.75411e-15 3.52074e-19 2.50994e-24 2.60212e-30
 8.74722e-42 1.21406e-33 2.03683e-26 4.13065e-20 1.01258e-14 3.00046e-10 1.07472e-06 0.000465315 0.0243528 0.154106 0.124206 0.123355 0.249123 0.160006 0.124794 0.0347201 0.00466431 0.000203692 3.41532e-06 1.70188e-08 1.72887e-11 3.13906e-15 9.59742e-20 4.6445e-25 3.34195e-31
 1.41228e-41 1.96015e-33 3.28857e-26 6.66914e-20 1.63486e-14 4.8444e-10 1.73518e-06 0.000751275 0.0393188 0.248778 0.195023 0.0945357 0.159806 0.126678 0.101927 0.0288678 0.00411784 0.000193366 2.57499e-06 8.73485e-09 6.89859e-12 1.00804e-15 2.32338e-20 7.92685e-26 3.88481e-32
 9.74594e-42 1.35267e-33 2.26939e-26 4.60227e-20 1.12819e-14 3.34304e-10 1.19742e-06 0.000518443 0.0271333 0.171739 0.1416 0.162092 0.272749 0.126292 0.0722732 0.0222483 0.00320255 0.000149373 1.95796e-06 5.65617e-09 3.17508e-12 3.24e-16 5.54478e-21 1.43929e-26 5.2633e-33
 1.436e-41 1.99307e-33 3.34379e-26 6.78114e-20 1.66232e-14 4.92574e-10 1.76432e-06 0.00076389 0.039979 0.252981 0.200235 0.107927 0.161345 0.135887 0.0839345 0.0152197 0.00164988 7.48921e-05 9.2214e-07 2.42554e-09 1.16246e-12 9.09992e-17 1.0988e-21 1.97815e-27 5.13982e-34
 1.00625e-41 1.39661e-33 2.34311e-26 4.75178e-20 1.16484e-14 3.45164e-10 1.23632e-06 0.000535285 0.0280149 0.177375 0.149924 0.184073 0.26173 0.120505 0.0611435 0.0152543 0.00140173 4.043e-05 3.99425e-07 9.17714e-10 3.76444e-13 2.44965e-17 2.35736e-22 3.20532e-28 5.99044e-35
 1.28791e-41 1.78753e-33 2.99895e-26 6.08182e-20 1.49089e-14 4.41777e-10 1.58237e-06 0.000685113 0.0358562 0.226956 0.184205 0.132427 0.181462 0.152384 0.0739099 0.0111676 0.000919953 2.58712e-05 1.79923e-07 2.89485e-10 9.29345e-14 4.89095e-18 3.77852e-23 4.06294e-29 5.89399e-36
 1.41352e-41 1.96187e-33 3.29145e-26 6.67499e-20 1.63629e-14 4.84864e-10 1.7367e-06 0.000751933 0.0393534 0.24914 0.204896 0.159345 0.187375 0.101336 0.0475357 0.00961611 0.000637097 1.26705e-05 7.42297e-08 9.15377e-11 2.02283e-14 7.50469e-19 4.31682e-24 3.55413e-30 3.96932e-37
 1.133e-41 1.57253e-33 2.63824e-26 5.3503e-20 1.31156e-14 3.8864e-10 1.39205e-06 0.000602708 0.0315438 0.199837 0.173297 0.196958 0.225328 0.121863 0.0439464 0.00621172 0.000404314 7.58389e-06 3.24956e-08 2.95578e-11 4.97887e-15 1.33904e-19 5.33802e-25 3.04667e-31 2.4184e-38
 1.37984e-41 1.91513e-33 3.21303e-26 6.51596e-20 1.59731e-14 4.73312e-10 1.69533e-06 0.000734019 0.0384161 0.243301 0.203721 0.160699 0.179075 0.12546 0.0432254 0.00512782 0.000236032 3.46073e-06 1.28861e-08 9.17776e-12 1.10902e-15 2.14753e-20 6.25443e-26 2.57734e-32 1.44288e-39
 1.354e-41 1.87926e-33 3.15284e-26 6.3939e-20 1.56739e-14 4.64446e-10 1.66357e-06 0.000720269 0.0376969 0.238891 0.206936 0.194232 0.188369 0.096914 0.0319655 0.00410879 0.000163316 1.73728e-06 4.61106e-09 2.53693e-12 2.40725e-16 3.48532e-21 7.26666e-27 2.11991e-33 8.45746e-41
 1.18354e-41 1.64268e-33 2.75593e-26 5.58897e-20 1.37007e-14 4.05977e-10 1.45414e-06 0.000629594 0.0329517 0.209024 0.189778 0.213653 0.207001 0.113837 0.0300456 0.00296922 0.000108913 1.03476e-06 2.07937e-09 7.98404e-13 5.36999e-17 5.73883e-22 8.97551e-28 1.94123e-34 5.6136e-42
 1.0633e-41 1.4758e-33 2.47595e-26 5.02118e-20 1.23088e-14 3.64734e-10 1.30642e-06 0.000565634 0.0296048 0.188002 0.17801 0.220709 0.217256 0.130174 0.0327433 0.0028535 7.87991e-05 5.89483e-07 9.86453e-10 2.97567e-13 1.44818e-17 1.07623e-22 1.17273e-28 1.80237e-35 3.77268e-43
 1.04835e-41 1.45505e-33 2.44114e-26 4.95059e-20 1.21358e-14 3.59606e-10 1.28805e-06 0.000557682 0.0291893 0.18553 0.179516 0.221202 0.216789 0.132229 0.0322288 0.00269206 6.37887e-05 3.66083e-07 4.50842e-10 1.03525e-13 3.89559e-18 2.18259e-23 1.72432e-29 1.8656e-36 2.71385e-44
 1.26994e-41 1.76259e-33 2.95712e-26 5.99697e-20 1.47009e-14 4.35614e-10 1.5603e-06 0.000675556 0.035358 0.224453 0.204859 0.200082 0.192367 0.112867 0.0270594 0.00222648 5.09832e-05 2.68492e-07 2.80223e-10 5.16865e-14 1.55155e-18 7.07044e-24 4.61852e-30 4.13739e-37 4.92906e-45
 1.26997e-41 1.76263e-33 2.95717e-26 5.99709e-20 1.47012e-14 4.35622e-10 1.56033e-06 0.000675569 0.0353587 0.224457 0.204863 0.200091 0.192532 0.113215 0.0266843 0.0020772 4.4029e-05 2.1036e-07 1.96249e-10 3.1979e-14 8.40875e-19 3.33885e-24 1.89511e-30 1.47321e-37 1.52157e-45
#pred catch len freq
 2.5548e-27 2.56629e-27 1.43655e-26 2.49088e-20 6.10609e-15 1.80934e-10 6.48076e-07 0.000280592 0.0146852 0.0929034 0.0715603 0.039088 0.247245 0.229216 0.0656862 0.0928785 0.0400402 0.030882 0.0189224 0.0143529 0.0112613 0.00975922 0.00982701 0.00874045 0.00267139
 2.55686e-27 2.5721e-27 1.95319e-26 3.58076e-20 8.77781e-15 2.60102e-10 9.31642e-07 0.000403365 0.0211107 0.133553 0.102571 0.0373242 0.212041 0.197753 0.0791713 0.131087 0.0444007 0.018287 0.00815113 0.00464193 0.00297067 0.0022081 0.00197436 0.00176031 0.000590081
 2.55911e-27 2.57774e-27 2.40405e-26 4.53171e-20 1.11089e-14 3.29178e-10 1.17906e-06 0.000510488 0.0267171 0.16902 0.129704 0.0404875 0.217049 0.201322 0.0607246 0.088314 0.0344583 0.0208544 0.00664465 0.00205223 0.00086878 0.000492199 0.000365169 0.000306816 0.000106629
 2.55768e-27 2.57364e-27 2.01827e-26 3.71778e-20 9.11369e-15 2.70055e-10 9.67291e-07 0.0004188 0.0219185 0.138663 0.10657 0.0433821 0.255332 0.236411 0.0627294 0.0838097 0.0293571 0.0135585 0.00524777 0.00189914 0.000427638 0.000134519 7.06279e-05 5.12696e-05 1.76727e-05
 2.55785e-27 2.57434e-27 2.10313e-26 3.89689e-20 9.55275e-15 2.83065e-10 1.01389e-06 0.000438976 0.0229744 0.145343 0.111635 0.0411228 0.234581 0.2178 0.069216 0.103237 0.0344432 0.0131281 0.00426154 0.00134713 0.000370578 7.05204e-05 1.74074e-05 9.07936e-06 2.94294e-06
 2.55901e-27 2.57724e-27 2.33528e-26 4.38654e-20 1.07531e-14 3.18633e-10 1.14129e-06 0.000494135 0.0258612 0.163606 0.125603 0.042543 0.235574 0.218202 0.0599407 0.0820142 0.0285063 0.0126192 0.0038073 0.000961325 0.000215937 4.32352e-05 6.08617e-06 1.43451e-06 3.89501e-07
 2.55882e-27 2.57653e-27 2.25461e-26 4.21629e-20 1.03357e-14 3.06266e-10 1.09699e-06 0.000474957 0.0248575 0.157256 0.12078 0.0441768 0.251396 0.232549 0.0579396 0.0737273 0.0242898 0.00882718 0.00278546 0.000767985 0.000144341 2.29259e-05 2.88679e-06 2.97743e-07 4.7286e-08
 2.55926e-27 2.57771e-27 2.35676e-26 4.43178e-20 1.0864e-14 3.21919e-10 1.15306e-06 0.000499231 0.026128 0.165293 0.126914 0.0439612 0.245446 0.227085 0.0574644 0.0739631 0.0234964 0.00712967 0.00202537 0.000481266 9.69036e-05 1.39745e-05 1.37339e-06 9.75082e-08 6.44112e-09
 2.56033e-27 2.58047e-27 2.58889e-26 4.92143e-20 1.20643e-14 3.57487e-10 1.28046e-06 0.000554389 0.0290147 0.183556 0.140864 0.0443422 0.238544 0.220472 0.0518915 0.0629037 0.0199291 0.00596176 0.00158977 0.000313727 5.36578e-05 7.54102e-06 6.87879e-07 3.68287e-08 1.26326e-09
 2.56228e-27 2.58559e-27 3.02463e-26 5.8406e-20 1.43175e-14 4.24254e-10 1.51961e-06 0.000657931 0.0344337 0.217838 0.167043 0.0444413 0.220905 0.203888 0.043405 0.047684 0.0147123 0.00378828 0.000983783 0.000186668 2.76289e-05 3.1895e-06 2.67436e-07 1.29071e-08 3.04545e-10
 2.56067e-27 2.5811e-27 2.61346e-26 4.97315e-20 1.21911e-14 3.61243e-10 1.29391e-06 0.000560215 0.0293196 0.185485 0.142376 0.046797 0.256162 0.236173 0.0445848 0.042225 0.0127153 0.00279184 0.000678242 0.000112762 1.59104e-05 1.63395e-06 1.11265e-07 4.75801e-09 9.63313e-11
 2.56119e-27 2.58258e-27 2.75424e-26 5.27016e-20 1.29192e-14 3.82818e-10 1.37119e-06 0.000593673 0.0310707 0.196562 0.150816 0.0455731 0.240919 0.222319 0.0459825 0.0488724 0.0142966 0.00238345 0.000525642 7.42262e-05 9.24837e-06 8.55541e-07 5.18332e-08 1.80809e-09 3.15864e-11
 2.56323e-27 2.58804e-27 3.22932e-26 6.27236e-20 1.53759e-14 4.55616e-10 1.63194e-06 0.000706568 0.0369792 0.233941 0.179346 0.0448713 0.215534 0.198708 0.0384391 0.0376298 0.0111662 0.00215421 0.000466282 5.10682e-05 5.38546e-06 4.20698e-07 2.22953e-08 6.79329e-10 9.7503e-12
 2.56158e-27 2.58339e-27 2.80148e-26 5.36974e-20 1.31633e-14 3.90051e-10 1.3971e-06 0.00060489 0.0316578 0.200276 0.153683 0.0475251 0.25376 0.233662 0.0388268 0.0297042 0.00860696 0.00136464 0.000288797 3.49936e-05 3.32973e-06 2.01859e-07 8.77703e-09 2.27941e-10 2.80848e-12
 2.55959e-27 2.57812e-27 2.34726e-26 4.41157e-20 1.08144e-14 3.20451e-10 1.1478e-06 0.000496954 0.0260088 0.16454 0.126398 0.0477483 0.274628 0.253212 0.0476067 0.0447786 0.0127366 0.00152564 0.000286469 2.93629e-05 2.79542e-06 1.71013e-07 5.927e-09 1.21275e-10 1.2472e-12
 2.56045e-27 2.58063e-27 2.58547e-26 4.91414e-20 1.20464e-14 3.56957e-10 1.27856e-06 0.000553568 0.0289717 0.183284 0.140679 0.04573 0.249236 0.230085 0.0490356 0.0538698 0.0156483 0.00239621 0.000469136 3.74001e-05 2.95878e-06 1.61656e-07 5.62857e-09 9.72665e-11 7.7475e-13
 2.56153e-27 2.58343e-27 2.8199e-26 5.40865e-20 1.32587e-14 3.92878e-10 1.40722e-06 0.000609273 0.0318872 0.201728 0.154769 0.0461688 0.242675 0.223741 0.0426483 0.0409229 0.0120866 0.00223891 0.000473315 4.63348e-05 3.60667e-06 1.51387e-07 4.4654e-09 7.37396e-11 5.1529e-13
 2.56157e-27 2.58342e-27 2.8091e-26 5.38583e-20 1.32027e-14 3.9122e-10 1.40128e-06 0.000606702 0.0317526 0.200876 0.154133 0.0470524 0.249846 0.230163 0.0402628 0.0338519 0.00973924 0.00139454 0.000284152 3.26636e-05 2.91329e-06 1.40331e-07 3.49104e-09 4.62039e-11 2.94818e-13
 2.56273e-27 2.58659e-27 3.0921e-26 5.98284e-20 1.46662e-14 4.34586e-10 1.55661e-06 0.000673955 0.0352723 0.223143 0.171119 0.045984 0.229782 0.211704 0.0380033 0.0333411 0.0095135 0.00121023 0.000228617 2.12285e-05 1.89736e-06 1.0827e-07 3.1263e-09 3.91997e-11 2.00444e-13
 2.56238e-27 2.58552e-27 2.98403e-26 5.75482e-20 1.41073e-14 4.18023e-10 1.49729e-06 0.000648269 0.0339281 0.214639 0.164649 0.0474657 0.245603 0.226023 0.0354461 0.0239103 0.00674914 0.000783988 0.000140723 1.1408e-05 8.71188e-07 4.29464e-08 1.38108e-09 2.0282e-11 1.05274e-13
 2.56402e-27 2.59001e-27 3.38447e-26 6.5996e-20 1.61781e-14 4.79386e-10 1.71708e-06 0.000743431 0.0389085 0.246146 0.188684 0.0459929 0.217508 0.200165 0.0320937 0.0227694 0.00633435 0.000558571 8.69968e-05 6.45872e-06 4.481e-07 1.85918e-08 5.03741e-10 7.52728e-12 4.51381e-14
 2.5641e-27 2.59014e-27 3.3876e-26 6.60617e-20 1.61942e-14 4.79864e-10 1.71879e-06 0.000744172 0.0389473 0.246392 0.188882 0.0466794 0.222593 0.204685 0.029767 0.0163338 0.00451698 0.000395319 5.9746e-05 3.46915e-06 1.98206e-07 7.32653e-09 1.70182e-10 2.113e-12 1.21253e-14
 2.56414e-27 2.59021e-27 3.39198e-26 6.61539e-20 1.62168e-14 4.80534e-10 1.72119e-06 0.00074521 0.0390016 0.246735 0.189148 0.0468757 0.2239 0.205842 0.0290683 0.0144486 0.00393913 0.000261083 3.19292e-05 1.79885e-06 9.32818e-08 2.62525e-09 5.1163e-11 5.43965e-13 2.59945e-15
 2.56548e-27 2.59389e-27 3.72e-26 7.3074e-20 1.79132e-14 5.308e-10 1.90124e-06 0.000823163 0.0430814 0.272545 0.208836 0.0456638 0.200845 0.184619 0.0262681 0.0134068 0.00365163 0.00023078 2.64242e-05 1.18776e-06 4.81801e-08 1.2603e-09 2.01764e-11 1.6734e-13 6.73059e-16
 2.56506e-27 2.5927e-27 3.61037e-26 7.0761e-20 1.73462e-14 5.13999e-10 1.84106e-06 0.000797108 0.0417178 0.263918 0.20226 0.0463811 0.210924 0.193824 0.0261677 0.010864 0.00293932 0.000182964 2.05509e-05 8.82947e-07 3.18232e-08 6.3229e-10 8.3698e-12 5.95128e-14 1.86734e-16
 2.56387e-27 2.58948e-27 3.32708e-26 6.47848e-20 1.58812e-14 4.70589e-10 1.68557e-06 0.000729787 0.0381944 0.241629 0.185251 0.0470504 0.227967 0.209601 0.0298521 0.0152876 0.00415758 0.000250406 2.70973e-05 1.16346e-06 4.15919e-08 7.69746e-10 8.40806e-12 4.56833e-14 1.20252e-16
 2.56351e-27 2.58847e-27 3.236e-26 6.28634e-20 1.54102e-14 4.56632e-10 1.63558e-06 0.000708143 0.0370617 0.234463 0.179786 0.0475033 0.235253 0.216281 0.0302415 0.0144953 0.00393688 0.000240797 2.64527e-05 1.09045e-06 3.65247e-08 6.68816e-10 7.05858e-12 3.34501e-14 6.85471e-17
 2.56414e-27 2.59023e-27 3.3933e-26 6.61818e-20 1.62237e-14 4.80736e-10 1.72192e-06 0.000745524 0.039018 0.246839 0.189226 0.0468409 0.22358 0.205554 0.029171 0.0147537 0.00400801 0.000235856 2.47717e-05 1.03128e-06 3.49001e-08 6.06865e-10 6.101e-12 2.82369e-14 5.30642e-17
 2.56468e-27 2.59169e-27 3.52435e-26 6.89464e-20 1.69014e-14 5.00818e-10 1.79385e-06 0.000776667 0.0406479 0.25715 0.197092 0.0463477 0.2143 0.197014 0.0280692 0.0143924 0.00392362 0.000253541 2.95219e-05 1.20758e-06 3.95467e-08 6.94808e-10 6.91425e-12 3.0255e-14 5.48203e-17
#obs catch len freq
 5.00394e-42 6.94514e-34 1.16519e-26 2.36298e-20 5.79258e-15 1.71645e-10 6.14803e-07 0.000266189 0.0139313 0.0881343 0.0680235 0.0399197 0.218903 0.186822 0.143742 0.143286 0.0641887 0.0258856 0.00606298 0.000790509 4.25084e-05 6.77153e-07 2.38983e-09 1.52353e-12 1.5391e-16
 5.73758e-42 7.96338e-34 1.33602e-26 2.70943e-20 6.64184e-15 1.9681e-10 7.04941e-07 0.000305215 0.0159737 0.101056 0.0780001 0.0436156 0.222751 0.181262 0.143056 0.131148 0.0568916 0.0209818 0.00443665 0.000499259 2.18577e-05 2.68746e-07 7.04186e-10 3.24983e-13 2.34135e-17
 1.08687e-41 1.5085e-33 2.53082e-26 5.13245e-20 1.25816e-14 3.72816e-10 1.33537e-06 0.000578167 0.030259 0.191428 0.147056 0.0452152 0.181388 0.140589 0.113378 0.0950817 0.0392741 0.0130651 0.00244568 0.000233067 8.22327e-06 7.75614e-08 1.50521e-10 5.03384e-14 2.59293e-18
 1.11933e-41 1.55356e-33 2.60641e-26 5.28575e-20 1.29574e-14 3.83951e-10 1.37525e-06 0.000595436 0.0311628 0.197147 0.151767 0.0584624 0.237833 0.16417 0.0764328 0.0539062 0.0211399 0.00627757 0.00102136 8.07641e-05 2.25803e-06 1.62073e-08 2.32235e-11 5.62396e-15 2.0733e-19
 7.86143e-42 1.09111e-33 1.83057e-26 3.71236e-20 9.10042e-15 2.69662e-10 9.65886e-07 0.000418195 0.0218867 0.138465 0.107224 0.0648817 0.274118 0.18471 0.11634 0.0710636 0.0165853 0.00375158 0.000520482 3.34816e-05 7.27819e-07 3.92428e-09 4.12697e-12 7.22294e-16 1.90529e-20
 1.25721e-41 1.74492e-33 2.92747e-26 5.93685e-20 1.45535e-14 4.31246e-10 1.54465e-06 0.000668782 0.0350014 0.221431 0.170305 0.0529257 0.172688 0.122353 0.125323 0.0755977 0.020041 0.00336517 0.000284498 1.37501e-05 2.27991e-07 9.10213e-10 6.95673e-13 8.75277e-17 1.6484e-21
 1.04045e-41 1.44407e-33 2.42273e-26 4.91324e-20 1.20442e-14 3.56893e-10 1.27833e-06 0.000553473 0.0289666 0.183257 0.141852 0.0736439 0.259747 0.1533 0.0859087 0.0507468 0.0185533 0.00323851 0.000226096 6.61262e-06 7.28495e-08 2.09053e-10 1.14767e-13 1.02961e-17 1.37684e-22
 1.27955e-41 1.77594e-33 2.9795e-26 6.04238e-20 1.48122e-14 4.38912e-10 1.57211e-06 0.00068067 0.0356235 0.22537 0.173826 0.0644469 0.19255 0.123781 0.115802 0.054014 0.0116751 0.00206543 0.000159992 3.83213e-06 2.63512e-08 4.70814e-11 1.75388e-14 1.10288e-18 1.03877e-23
 1.14904e-41 1.5948e-33 2.6756e-26 5.42607e-20 1.33014e-14 3.94144e-10 1.41176e-06 0.000611243 0.03199 0.202387 0.156939 0.0797675 0.239072 0.134184 0.0944836 0.0459744 0.0128912 0.00160299 9.34663e-05 2.1747e-06 1.23398e-08 1.45439e-11 3.33285e-15 1.34718e-19 8.57197e-25
 1.51279e-41 2.09965e-33 3.5226e-26 7.14376e-20 1.75121e-14 5.18915e-10 1.85867e-06 0.00080474 0.0421169 0.266451 0.205592 0.0696684 0.171549 0.103833 0.0936581 0.0372341 0.00800928 0.00102943 5.16379e-05 8.53754e-07 4.00426e-09 3.84494e-12 6.27841e-16 1.63835e-20 6.58228e-26
 1.55282e-41 2.15521e-33 3.61581e-26 7.33279e-20 1.79755e-14 5.32646e-10 1.90785e-06 0.000826034 0.0432313 0.273505 0.211658 0.0830471 0.196691 0.0983835 0.0618485 0.0245642 0.00565663 0.000563 2.36336e-05 3.28274e-07 1.11277e-09 7.92469e-13 1.00539e-16 1.97371e-21 5.5801e-27
 1.15523e-41 1.60339e-33 2.69002e-26 5.4553e-20 1.3373e-14 3.96267e-10 1.41937e-06 0.000614536 0.0321624 0.203488 0.159458 0.10396 0.253946 0.128943 0.086612 0.0261718 0.00423774 0.000390152 1.36822e-05 1.45602e-07 3.85669e-10 2.01712e-13 1.81619e-17 2.59074e-22 5.43999e-28
 1.72831e-41 2.39878e-33 4.02446e-26 8.16152e-20 2.0007e-14 5.92844e-10 2.12347e-06 0.00091939 0.0481172 0.304417 0.235296 0.0748378 0.14028 0.0899755 0.0797003 0.0228988 0.00333722 0.000213353 5.58588e-06 4.74748e-08 9.40305e-11 3.63624e-14 2.4e-18 2.44329e-23 3.61201e-29
 1.39995e-41 1.94304e-33 3.25985e-26 6.6109e-20 1.62058e-14 4.80209e-10 1.72003e-06 0.000744714 0.0389754 0.246601 0.193689 0.11661 0.23453 0.0984876 0.0508114 0.0165308 0.00285363 0.000162026 3.10154e-06 1.80544e-08 2.61793e-11 7.44669e-15 3.54741e-19 2.59719e-24 2.75431e-30
 1.18846e-41 1.6495e-33 2.76738e-26 5.61218e-20 1.37576e-14 4.07663e-10 1.46018e-06 0.000632209 0.0330873 0.20936 0.165983 0.11882 0.228834 0.131667 0.0907061 0.0186949 0.00208879 0.000123685 2.25319e-06 9.91154e-09 9.72618e-12 1.89326e-15 6.39103e-20 3.34429e-25 2.52396e-31
 9.43554e-42 1.30959e-33 2.19711e-26 4.4557e-20 1.09226e-14 3.23657e-10 1.15929e-06 0.000501931 0.0262691 0.166242 0.134585 0.131716 0.243877 0.155069 0.110311 0.0280086 0.00329497 0.000123509 1.73468e-06 6.84566e-09 5.3481e-12 7.33122e-16 1.66578e-20 5.91537e-26 3.09546e-32
 1.49916e-41 2.08073e-33 3.49086e-26 7.07939e-20 1.73543e-14 5.1424e-10 1.84192e-06 0.000797489 0.0417374 0.264088 0.207422 0.0987013 0.153284 0.120775 0.0875265 0.0227194 0.00283274 0.000112123 1.21826e-06 3.28761e-09 1.99762e-12 2.19072e-16 3.73919e-21 9.35861e-27 3.33814e-33
 1.0511e-41 1.45886e-33 2.44754e-26 4.96357e-20 1.21676e-14 3.60548e-10 1.29143e-06 0.000559143 0.0292634 0.185238 0.153506 0.170111 0.260986 0.117803 0.0625958 0.0176503 0.00219905 8.62074e-05 9.10711e-07 2.05689e-09 8.83385e-13 6.76756e-17 8.55746e-22 1.62487e-27 4.32065e-34
 1.53035e-41 2.12403e-33 3.5635e-26 7.22671e-20 1.77154e-14 5.2494e-10 1.88025e-06 0.000814084 0.042606 0.269615 0.21384 0.111389 0.153423 0.126746 0.0690341 0.0113917 0.00109748 4.16186e-05 4.09681e-07 8.35424e-10 3.03472e-13 1.77362e-17 1.5807e-22 2.08024e-28 3.92143e-35
 1.08945e-41 1.51208e-33 2.53683e-26 5.14464e-20 1.26115e-14 3.73701e-10 1.33854e-06 0.00057954 0.0303311 0.192066 0.163189 0.191005 0.247772 0.110944 0.0516539 0.0115363 0.000900342 2.19315e-05 1.74298e-07 3.08549e-10 9.53371e-14 4.60682e-18 3.2599e-23 3.23649e-29 4.39182e-36
 1.38595e-41 1.92361e-33 3.22726e-26 6.54481e-20 1.60438e-14 4.75408e-10 1.70283e-06 0.000737269 0.0385859 0.244255 0.198792 0.136206 0.173002 0.140084 0.059599 0.00814316 0.000581264 1.339e-05 7.41056e-08 9.22896e-11 2.22789e-14 8.66942e-19 4.9062e-24 3.84053e-30 4.03768e-37
 1.50941e-41 2.09496e-33 3.51474e-26 7.12781e-20 1.7473e-14 5.17757e-10 1.85452e-06 0.000802943 0.0420232 0.266071 0.219443 0.161347 0.173703 0.0908509 0.0385179 0.0068511 0.000381659 6.29128e-06 2.91366e-08 2.75018e-11 4.56479e-15 1.25171e-19 5.25971e-25 3.14223e-31 2.53631e-38
 1.22672e-41 1.70261e-33 2.85648e-26 5.79289e-20 1.42006e-14 4.2079e-10 1.5072e-06 0.000652566 0.0341533 0.216414 0.188434 0.200622 0.211148 0.109047 0.0348739 0.00440748 0.000242439 3.67118e-06 1.23599e-08 8.60439e-12 1.08365e-15 2.14917e-20 6.25887e-26 2.58981e-32 1.482e-39
 1.48075e-41 2.05519e-33 3.448e-26 6.99248e-20 1.71412e-14 5.07926e-10 1.81931e-06 0.000787698 0.0412257 0.261135 0.219206 0.162065 0.167798 0.110658 0.0334969 0.00348924 0.000135263 1.61252e-06 4.67393e-09 2.52602e-12 2.27824e-16 3.24795e-21 6.89633e-27 2.05939e-33 8.31951e-41
 1.45183e-41 2.01504e-33 3.38065e-26 6.85589e-20 1.68064e-14 4.98005e-10 1.78377e-06 0.000772312 0.0404209 0.256214 0.222562 0.194327 0.173653 0.0844459 0.0247651 0.00274723 9.03608e-05 7.75111e-07 1.60352e-09 6.67963e-13 4.70838e-17 5.00835e-22 7.61099e-28 1.60783e-34 4.62184e-42
 1.28107e-41 1.77803e-33 2.98302e-26 6.04951e-20 1.48297e-14 4.3943e-10 1.57397e-06 0.000681474 0.0356673 0.22633 0.206089 0.214668 0.193036 0.0986303 0.0228702 0.00196635 5.95492e-05 4.49378e-07 6.97899e-10 2.02569e-13 1.01104e-17 7.91623e-23 9.00091e-29 1.40854e-35 2.93683e-43
 1.15993e-41 1.60991e-33 2.70096e-26 5.4775e-20 1.34274e-14 3.9788e-10 1.42514e-06 0.000617037 0.0322957 0.205189 0.194792 0.222722 0.204932 0.112744 0.0248149 0.00184947 4.19977e-05 2.49674e-07 3.20729e-10 7.27009e-14 2.62111e-18 1.42696e-23 1.1292e-29 1.25275e-36 1.88565e-44
 1.14571e-41 1.59017e-33 2.66785e-26 5.41034e-20 1.32628e-14 3.93002e-10 1.40767e-06 0.000609472 0.0318997 0.202649 0.191386 0.21611 0.208826 0.119445 0.0270026 0.00202934 4.21744e-05 2.07178e-07 2.13852e-10 4.05355e-14 1.24776e-18 5.68797e-24 3.6401e-30 3.17726e-37 3.71544e-45
 1.37588e-41 1.90963e-33 3.20379e-26 6.49723e-20 1.59272e-14 4.71952e-10 1.69045e-06 0.000731909 0.0383073 0.243075 0.217548 0.192411 0.179635 0.102578 0.0238395 0.00183432 3.85961e-05 1.83445e-07 1.70524e-10 2.7714e-14 7.27306e-19 2.88378e-24 1.63512e-30 1.27014e-37 1.31108e-45
#spawning biomass
 13917.2 11468.9 15475.9 22117.7 28296.6 33958.3 40746 45865.7 53141.9 70003.4 91557.8 103038 132188 157213 152500 134963 129172 124523 132103 126221 127956 134950 131419 143249 164530 184063 158300 140924 140429 123938 206216 248312 251617 235702 212710 189267 168564 151691 138624 128850 121716 116603 112986 110429 108613 107384 106553 105990 105609 105351 105177 105059 104979 104925 104889 104864 104847 104836 104828 104823 104819 104817 104815 104814 104814 104813 104813 104813 104812 104812 104812 104812 104812 104812 104812 104812 104812 104812 104812 104812 104812 104812 104812 104812 104812 104812 104812 104812 104812 104812 104812 104812 104812 104812 104812 104812 104812 104812 104812 104812 104812 104812 104812 104812 104812 104812 104812 104812 104812 104812 104812 104812 104812 104812 104812 104812 104812 104812 104812 104812 104812 104812 104812 104812 104812 104812 104812 104812 104812 0 0 0 0 0 0 0 0 0 0 0 0 0 0 0 0 0 0 0 0 0 0 0 0 0
