SBPRF35
0.128068
Curr Bio
216025
B35
155129
F35
2.24942
FOFL
2.24942
OFL
105844
Bzero
36578.2
#pred survey bio
 12191.1 10600.8 12715.5 18057.7 22555.8 25997.2 30878.4 33873 37610.9 46910.5 62933.5 69645.9 85000.2 104705 106536 92813.8 86364.3 82260 84597.7 80189 77934.3 81516.8 78381.1 82986.7 96495.2 111438 96897.3 86794.7 97860 2.61222e+06 2.42262e+06 1.01861e+06 512291 349884 274921 235251 213584 201694 195183 191633 189704 188660 188098 187794 187630 187543 187498 187473 187461 187454 187450 187449 187448 187447 187447 187447 187447 187446 187446 187446 187446 187446 187446 187446 187446 187446 187446 187446 187446 187446 187446 187446 187446 187446 187446 187446 187446 187446 187446 187446 187446 187446 187446 187446 187446 187446 187446 187446 187446 187446 187446 187446 187446 187446 187446 187446 187446 187446 187446 187446 187446 187446 187446 187446 187446 187446 187446 187446 187446 187446 187446 187446 187446 187446 187446 187446 187446 187446 187446 187446 187446 187446 187446 187446 187446 187446 187446 187446 187446 0 0 0 0 0 0 0 0 0 0 0 0 0 0 0 0 0 0 0 0 0 0 0 0 0
#obs survey bio
 11130.2 13518.5 15766.5 17226.2 15402 22646.2 41442 28280.2 31708.1 50516.6 82854.7 47346.2 72206.9 85408.6 86630.6 79840.2 123705 71938.5 91828.6 82517.2 99688.8 104441 70809.2 76448.7 121839 118231 88992.2 88783.1 95260
#pred catch bio
 6329.08 5430.84 6435.09 10020.1 14608.7 17494.9 22250.1 25764.9 30286.7 37334.3 54353 61045.7 78358.1 97018 99062.9 87130.6 84275.3 78991.2 88111.9 85756.9 85360.8 93679.1 90594.1 97325.8 106047 131001 113737 96092.7 103794 105844 90335 18349.3 6980.56 6045.67 5978.09 5973.53 5973.23 5973.22 5973.22 5973.22 5973.22 5973.22 5973.22 5973.22 5973.22 5973.22 5973.22 5973.22 5973.22 5973.22 5973.22 5973.22 5973.22 5973.22 5973.22 5973.22 5973.22 5973.22 5973.22 5973.22 5973.22 5973.22 5973.22 5973.22 5973.22 5973.22 5973.22 5973.22 5973.22 5973.22 5973.22 5973.22 5973.22 5973.22 5973.22 5973.22 5973.22 5973.22 5973.22 5973.22 5973.22 5973.22 5973.22 5973.22 5973.22 5973.22 5973.22 5973.22 5973.22 5973.22 5973.22 5973.22 5973.22 5973.22 5973.22 5973.22 5973.22 5973.22 5973.22 5973.22 5973.22 5973.22 5973.22 5973.22 5973.22 5973.22 5973.22 5973.22 5973.22 5973.22 5973.22 5973.22 5973.22 5973.22 5973.22 5973.22 5973.22 5973.22 5973.22 5973.22 5973.22 5973.22 5973.22 5973.22 5973.22 5973.22 5973.22 5973.22 5973.22 0 0 0 0 0 0 0 0 0 0 0 0 0 0 0 0 0 0 0 0 0 0 0 0 0
#obs catch bio
 5306.56 5532.91 6477.18 9974.15 15081.4 17838.3 22293.9 26026 30801.6 37397.8 52979.6 60866.2 77312.1 98011.3 100181 88503.3 81856.4 78034.1 85955.4 86328.7 83728.4 90535.5 90219.7 96759.8 103010 127288 111619 94772.6 103247
#pred cpue bio
 12689 10659.5 12457 18291.1 22759.1 25950.9 31256.2 34109.7 37432 45365.9 63186 69089.5 82266 104317 109200 93680.9 86682.3 82207.8 84070.5 80081.1 76083.7 80286.9 76752.1 79355.1 92579.9 110283 96428.9 84595.6 94366.8 2.58577e+06 2.733e+06 1.05896e+06 517580 352953 277822 238139 216470 204580 198070 194519 192590 191547 190984 190680 190516 190429 190384 190360 190347 190340 190337 190335 190334 190333 190333 190333 190333 190333 190333 190333 190333 190333 190333 190333 190333 190333 190333 190333 190333 190333 190333 190333 190333 190333 190333 190333 190333 190333 190333 190333 190333 190333 190333 190333 190333 190333 190333 190333 190333 190333 190333 190333 190333 190333 190333 190333 190333 190333 190333 190333 190333 190333 190333 190333 190333 190333 190333 190333 190333 190333 190333 190333 190333 190333 190333 190333 190333 190333 190333 190333 190333 190333 190333 190333 190333 190333 190333 190333 190333 0 0 0 0 0 0 0 0 0 0 0 0 0 0 0 0 0 0 0 0 0 0 0 0 0
#obs cpue bio
 5514.65 6258.4 8733.75 22173.7 16580 22003.7 34643.6 26899.7 36990.2 41734.4 88114 100758 103415 88851.4 112689 102426 104279 111084 104079 66534.3 97050.8 100453 82276.1 93176.7 117101 169042 133489 104123 112052
#pred surv len freq
 2.55803e-27 2.57462e-27 2.12079e-26 3.93413e-20 9.64404e-15 2.8577e-10 1.02358e-06 0.000443171 0.023194 0.146732 0.112702 0.0415592 0.237147 0.219334 0.0539837 0.0684096 0.0285085 0.0207215 0.0123357 0.00913059 0.00702212 0.00598718 0.00594567 0.00524466 0.00159838
 2.56116e-27 2.58347e-27 2.92782e-26 5.63672e-20 1.38177e-14 4.09444e-10 1.46656e-06 0.000634965 0.0332318 0.210234 0.161121 0.0371644 0.169688 0.158041 0.0607432 0.0990595 0.0347561 0.0162055 0.00724735 0.00405274 0.00251777 0.00182521 0.0015989 0.0014076 0.000469812
 2.56402e-27 2.59065e-27 3.50486e-26 6.85379e-20 1.68012e-14 4.97851e-10 1.78322e-06 0.000772066 0.0404071 0.255627 0.195838 0.0406556 0.171864 0.158856 0.039304 0.0500615 0.021501 0.0157364 0.0054845 0.0019425 0.000819628 0.000448757 0.000322516 0.000265685 9.17321e-05
 2.56204e-27 2.58513e-27 3.00053e-26 5.78981e-20 1.4193e-14 4.20565e-10 1.50639e-06 0.00065221 0.0341343 0.215944 0.165579 0.0433251 0.213439 0.197129 0.0444988 0.052023 0.0182337 0.00859441 0.00395293 0.00174015 0.000456339 0.000149855 7.54675e-05 5.3047e-05 1.80976e-05
 2.56202e-27 2.58525e-27 3.02956e-26 5.85112e-20 1.43433e-14 4.25018e-10 1.52234e-06 0.000659116 0.0344958 0.21823 0.167298 0.0416376 0.19939 0.184581 0.0498386 0.0673512 0.0227269 0.00911031 0.00306554 0.00110229 0.000386186 8.78979e-05 2.30769e-05 1.15054e-05 3.66388e-06
 2.56307e-27 2.58792e-27 3.24845e-26 6.31282e-20 1.54751e-14 4.58555e-10 1.64247e-06 0.000711126 0.0372178 0.23545 0.180461 0.0424792 0.196546 0.181586 0.0425689 0.0515584 0.018455 0.00902182 0.00287074 0.000804565 0.000204001 5.21212e-05 9.071e-06 2.23271e-06 5.89235e-07
 2.56228e-27 2.58568e-27 3.04041e-26 5.8739e-20 1.43992e-14 4.26673e-10 1.52827e-06 0.000661683 0.0346301 0.21908 0.167982 0.0438333 0.215618 0.199062 0.043462 0.0491218 0.0165805 0.00671768 0.00232003 0.000739471 0.000155107 2.86821e-05 4.67217e-06 6.00132e-07 9.71879e-08
 2.56261e-27 2.58662e-27 3.12572e-26 6.05389e-20 1.48404e-14 4.39747e-10 1.5751e-06 0.000681958 0.0356912 0.225793 0.1731 0.0433593 0.208415 0.192493 0.0437284 0.0513556 0.0168337 0.00600108 0.0018654 0.000530542 0.000125709 2.09017e-05 2.48296e-06 2.33926e-07 1.86964e-08
 2.56357e-27 2.58911e-27 3.33649e-26 6.49849e-20 1.59303e-14 4.72042e-10 1.69078e-06 0.000732041 0.0383124 0.242375 0.185766 0.0435746 0.201155 0.1856 0.0390056 0.0423125 0.0139853 0.0051743 0.00153266 0.000379759 7.82524e-05 1.3437e-05 1.46398e-06 9.87045e-08 4.57152e-09
 2.56547e-27 2.59414e-27 3.76924e-26 7.41136e-20 1.8168e-14 5.38352e-10 1.92829e-06 0.000834874 0.0436943 0.276422 0.211759 0.0432877 0.180709 0.166523 0.0318364 0.0307224 0.00983022 0.00315862 0.000935515 0.000234443 4.3203e-05 6.37197e-06 6.74599e-07 4.01457e-08 1.23855e-09
 2.56336e-27 2.58833e-27 3.24638e-26 6.30832e-20 1.54641e-14 4.58229e-10 1.6413e-06 0.00071062 0.0371913 0.235283 0.180381 0.0455475 0.219951 0.202587 0.0355318 0.030052 0.0093229 0.00254786 0.000701675 0.00015725 2.89833e-05 3.95795e-06 3.5867e-07 1.9922e-08 5.11148e-10
 2.56401e-27 2.59017e-27 3.41606e-26 6.6663e-20 1.63416e-14 4.84232e-10 1.73444e-06 0.000750945 0.0393017 0.248634 0.190558 0.0444159 0.204191 0.188204 0.0359199 0.0345412 0.0104256 0.00233038 0.000590975 0.000113349 1.85785e-05 2.4017e-06 2.02672e-07 9.71876e-09 2.24911e-10
 2.56553e-27 2.59423e-27 3.76969e-26 7.41228e-20 1.81703e-14 5.38419e-10 1.92853e-06 0.000834978 0.0436997 0.276457 0.211795 0.043893 0.185291 0.170628 0.0303396 0.0262505 0.00808973 0.00210639 0.000518638 8.22829e-05 1.16273e-05 1.28937e-06 9.9477e-08 4.37971e-09 8.829e-11
 2.56402e-27 2.59001e-27 3.38535e-26 6.60145e-20 1.61827e-14 4.79521e-10 1.71756e-06 0.000743639 0.0389194 0.246215 0.188736 0.045951 0.217153 0.199823 0.0317661 0.0221407 0.00663918 0.00146983 0.000367026 6.5306e-05 8.31838e-06 7.57837e-07 4.89999e-08 1.92534e-09 3.51158e-11
 2.562e-27 2.5846e-27 2.91427e-26 5.60769e-20 1.37466e-14 4.07336e-10 1.45901e-06 0.000631695 0.0330606 0.209151 0.160446 0.0467003 0.242731 0.223599 0.0391012 0.0328666 0.00961154 0.00165534 0.000376773 5.88858e-05 7.9166e-06 7.19308e-07 3.81714e-08 1.23131e-09 1.97074e-11
 2.56286e-27 2.58706e-27 3.14326e-26 6.09082e-20 1.49309e-14 4.42429e-10 1.58471e-06 0.000686118 0.0359089 0.22717 0.174179 0.0450649 0.220637 0.203426 0.0394427 0.0387391 0.0116305 0.00247663 0.000558626 6.91561e-05 8.06809e-06 7.02805e-07 3.78757e-08 1.03168e-09 1.34228e-11
 2.56338e-27 2.58838e-27 3.251e-26 6.31806e-20 1.5488e-14 4.58936e-10 1.64383e-06 0.000711716 0.0372487 0.235646 0.180658 0.0454864 0.219293 0.201996 0.0357376 0.0306654 0.00943541 0.00243301 0.000591457 8.70741e-05 9.28171e-06 6.50296e-07 3.19912e-08 8.62085e-10 9.71066e-12
 2.56375e-27 2.58933e-27 3.33003e-26 6.48477e-20 1.58966e-14 4.71046e-10 1.68721e-06 0.000730496 0.0382315 0.241864 0.185409 0.0457217 0.217745 0.200466 0.0336262 0.0262187 0.00783465 0.00166022 0.000410068 7.19949e-05 8.77545e-06 6.48621e-07 2.62176e-08 6.18104e-10 6.68471e-12
 2.56409e-27 2.59026e-27 3.41267e-26 6.6591e-20 1.6324e-14 4.83709e-10 1.73256e-06 0.000750134 0.0392593 0.248366 0.190369 0.0454074 0.211868 0.195063 0.0330425 0.0262416 0.00775092 0.0014805 0.000341127 5.12251e-05 6.76975e-06 5.92983e-07 2.62934e-08 5.42372e-10 5.02766e-12
 2.56394e-27 2.58976e-27 3.35885e-26 6.54553e-20 1.60456e-14 4.75459e-10 1.70301e-06 0.00073734 0.0385897 0.24413 0.18715 0.0463675 0.221436 0.203702 0.0311165 0.0196742 0.00576274 0.00106022 0.000236891 3.19258e-05 3.71458e-06 3.12989e-07 1.62104e-08 3.72991e-10 3.1857e-12
 2.56526e-27 2.59334e-27 3.67678e-26 7.21623e-20 1.76897e-14 5.24178e-10 1.87752e-06 0.000812893 0.0425439 0.269145 0.206235 0.0453613 0.200371 0.18428 0.0279864 0.0174183 0.00497657 0.000701987 0.00014547 1.88094e-05 2.03822e-06 1.50025e-07 7.18089e-09 1.8423e-10 1.76159e-12
 2.56485e-27 2.59217e-27 3.56699e-26 6.9846e-20 1.71219e-14 5.07352e-10 1.81725e-06 0.0007868 0.0411783 0.260506 0.199652 0.0461965 0.211351 0.194291 0.0275465 0.0138967 0.00394003 0.000537054 0.000105179 1.0691e-05 1.05476e-06 7.2577e-08 3.06002e-09 7.1564e-11 7.32168e-13
 2.5652e-27 2.5931e-27 3.64806e-26 7.15562e-20 1.75411e-14 5.19775e-10 1.86175e-06 0.000806066 0.0421866 0.266884 0.20452 0.0460841 0.207075 0.190315 0.026297 0.0120461 0.00335157 0.000360599 6.43688e-05 6.25058e-06 5.38643e-07 3.01832e-08 1.16219e-09 2.41402e-11 2.2442e-13
 2.56643e-27 2.59645e-27 3.94589e-26 7.78392e-20 1.90813e-14 5.65414e-10 2.02522e-06 0.000876843 0.0458908 0.290318 0.222398 0.0450783 0.186861 0.171686 0.023458 0.0102623 0.00283751 0.000280379 4.66735e-05 3.65161e-06 2.81431e-07 1.42441e-08 4.47361e-10 8.06409e-12 6.67475e-14
 2.5663e-27 2.59607e-27 3.90905e-26 7.7062e-20 1.88908e-14 5.59769e-10 2.005e-06 0.000868088 0.0454326 0.287419 0.22019 0.0454317 0.191101 0.17554 0.0230637 0.00839472 0.00230088 0.000217354 3.50371e-05 2.51961e-06 1.70281e-07 6.99923e-09 1.94766e-10 2.91805e-12 2.0332e-14
 2.56461e-27 2.59149e-27 3.5046e-26 6.85297e-20 1.67992e-14 4.97791e-10 1.783e-06 0.000771973 0.0404023 0.255596 0.195909 0.0465584 0.216735 0.199221 0.0277424 0.0130962 0.00360427 0.000310667 4.73493e-05 3.26702e-06 2.09401e-07 7.62243e-09 1.74522e-10 2.19707e-12 1.28511e-14
 2.56431e-27 2.59067e-27 3.42953e-26 6.6946e-20 1.6411e-14 4.86287e-10 1.7418e-06 0.000754133 0.0394686 0.24969 0.191405 0.0469671 0.22301 0.204966 0.0279293 0.012079 0.00333989 0.000332068 5.41949e-05 3.43562e-06 2.05314e-07 7.06547e-09 1.4678e-10 1.53959e-12 7.38665e-15
 2.56545e-27 2.59379e-27 3.7093e-26 7.2848e-20 1.78578e-14 5.29159e-10 1.89536e-06 0.000820618 0.0429482 0.271702 0.208196 0.0458866 0.202989 0.186548 0.0257043 0.0116414 0.00321153 0.000297888 4.75833e-05 3.42328e-06 2.1561e-07 6.77525e-09 1.31315e-10 1.26022e-12 5.14197e-15
 2.56598e-27 2.59526e-27 3.84171e-26 7.56415e-20 1.85426e-14 5.4945e-10 1.96804e-06 0.000852086 0.0445951 0.282121 0.216142 0.0452604 0.192642 0.177054 0.0250099 0.012448 0.00346011 0.000350978 5.82535e-05 3.96096e-06 2.51384e-07 8.88122e-09 1.6907e-10 1.4868e-12 5.56454e-15
#obs surv len freq
 1.08273e-41 1.50276e-33 2.52119e-26 5.11291e-20 1.25337e-14 3.71397e-10 1.33028e-06 0.000575966 0.0301438 0.190699 0.146324 0.040115 0.173144 0.146547 0.104034 0.102053 0.04445 0.0174473 0.00394311 0.000496504 2.56351e-05 3.92225e-07 1.33315e-09 8.2066e-13 8.02927e-17
 1.60599e-41 2.22901e-33 3.73963e-26 7.5839e-20 1.8591e-14 5.50887e-10 1.97319e-06 0.000854322 0.0447118 0.28286 0.216715 0.0407074 0.126669 0.10221 0.0758116 0.0684621 0.0285501 0.0101668 0.00204959 0.000220497 9.26568e-06 1.09619e-07 2.77375e-10 1.24106e-13 8.69578e-18
 1.53689e-41 2.13311e-33 3.57873e-26 7.25759e-20 1.77911e-14 5.27184e-10 1.88829e-06 0.000817563 0.042788 0.27069 0.207652 0.0500555 0.176937 0.128944 0.056357 0.0424183 0.0168921 0.00540314 0.000954344 8.59601e-05 2.88794e-06 2.6186e-08 4.9155e-11 1.59706e-14 8.02147e-19
 1.07806e-41 1.49628e-33 2.51032e-26 5.09089e-20 1.24797e-14 3.69797e-10 1.32455e-06 0.000573485 0.0300139 0.189879 0.146177 0.0565195 0.230286 0.163081 0.097786 0.0655782 0.0157182 0.0037716 0.000572383 4.23258e-05 1.11479e-06 7.6405e-09 1.05701e-11 2.48842e-15 8.95658e-20
 1.50102e-41 2.08331e-33 3.49519e-26 7.08817e-20 1.73758e-14 5.14877e-10 1.84421e-06 0.000798478 0.0417891 0.264372 0.20286 0.0472316 0.142375 0.104298 0.104174 0.0692092 0.0190232 0.00352728 0.000323425 1.79288e-05 3.62851e-07 1.8515e-09 1.86815e-12 3.16884e-16 8.15467e-21
 1.20018e-41 1.66577e-33 2.79467e-26 5.66753e-20 1.38933e-14 4.11684e-10 1.47458e-06 0.000638444 0.0334136 0.211388 0.162958 0.0649616 0.231127 0.143985 0.0785515 0.0498334 0.0191004 0.00373717 0.000293326 9.9228e-06 1.32503e-07 4.87174e-10 3.54106e-13 4.29106e-17 7.85066e-22
 1.38102e-41 1.91677e-33 3.21578e-26 6.52154e-20 1.59868e-14 4.73718e-10 1.69678e-06 0.000734647 0.0384485 0.24324 0.18716 0.0579931 0.175126 0.116451 0.109102 0.0564674 0.0126163 0.00243638 0.000217209 6.20474e-06 5.23401e-08 1.19246e-10 5.87532e-14 4.99596e-18 6.44423e-23
 1.19336e-41 1.65631e-33 2.7788e-26 5.63534e-20 1.38144e-14 4.09345e-10 1.46621e-06 0.000634818 0.0332238 0.21019 0.162489 0.0722413 0.227235 0.13339 0.0939623 0.0495834 0.0148365 0.00207415 0.000135387 3.78788e-06 2.69823e-08 4.09596e-11 1.23945e-14 6.7631e-19 5.89518e-24
 1.51263e-41 2.09943e-33 3.52223e-26 7.14301e-20 1.75102e-14 5.18861e-10 1.85847e-06 0.000804655 0.0421125 0.266421 0.205248 0.0644443 0.167115 0.104122 0.0964393 0.0422556 0.00957624 0.00137772 8.02286e-05 1.58722e-06 9.33782e-09 1.16803e-11 2.53467e-15 8.92416e-20 4.90204e-25
 1.51993e-41 2.10956e-33 3.53922e-26 7.17747e-20 1.75947e-14 5.21363e-10 1.86744e-06 0.000808537 0.0423156 0.267709 0.206846 0.0778415 0.197999 0.103558 0.0663495 0.0286002 0.00712767 0.000802411 3.88285e-05 6.57275e-07 2.81335e-09 2.60833e-12 4.41521e-16 1.17329e-20 4.53236e-26
 1.09803e-41 1.524e-33 2.55682e-26 5.18519e-20 1.27109e-14 3.76647e-10 1.34909e-06 0.000584108 0.0305699 0.193409 0.151189 0.0972277 0.258203 0.136 0.0949782 0.0317542 0.00548909 0.000571192 2.35521e-05 3.05976e-07 1.03019e-09 7.05871e-13 8.49275e-17 1.64294e-21 4.72506e-27
 1.66698e-41 2.31366e-33 3.88165e-26 7.8719e-20 1.92971e-14 5.71807e-10 2.04812e-06 0.000886765 0.0464097 0.293612 0.226697 0.0712752 0.144728 0.0939229 0.0892737 0.0283388 0.0045133 0.000329611 1.0065e-05 1.05402e-07 2.66906e-10 1.35601e-13 1.19969e-17 1.6589e-22 3.36198e-28
 1.3369e-41 1.85553e-33 3.11303e-26 6.31316e-20 1.5476e-14 4.58581e-10 1.64256e-06 0.000711173 0.03722 0.235489 0.184501 0.110676 0.24324 0.106675 0.0571987 0.0201218 0.00390225 0.000257491 5.84772e-06 4.19118e-08 7.77906e-11 2.91835e-14 1.86756e-18 1.86013e-23 2.70732e-29
 1.1193e-41 1.55351e-33 2.60634e-26 5.2856e-20 1.2957e-14 3.8394e-10 1.37521e-06 0.000595419 0.0311619 0.19717 0.155831 0.112021 0.235452 0.137613 0.103368 0.0237139 0.00287136 0.000196816 4.35775e-06 2.39653e-08 3.021e-11 7.75411e-15 3.52074e-19 2.50994e-24 2.60212e-30
 8.74722e-42 1.21406e-33 2.03683e-26 4.13065e-20 1.01258e-14 3.00046e-10 1.07472e-06 0.000465315 0.0243528 0.154106 0.124206 0.123355 0.249123 0.160006 0.124794 0.0347201 0.00466431 0.000203692 3.41532e-06 1.70188e-08 1.72887e-11 3.13906e-15 9.59742e-20 4.6445e-25 3.34195e-31
 1.41228e-41 1.96015e-33 3.28857e-26 6.66914e-20 1.63486e-14 4.8444e-10 1.73518e-06 0.000751275 0.0393188 0.248778 0.195023 0.0945357 0.159806 0.126678 0.101927 0.0288678 0.00411784 0.000193366 2.57499e-06 8.73485e-09 6.89859e-12 1.00804e-15 2.32338e-20 7.92685e-26 3.88481e-32
 9.74594e-42 1.35267e-33 2.26939e-26 4.60227e-20 1.12819e-14 3.34304e-10 1.19742e-06 0.000518443 0.0271333 0.171739 0.1416 0.162092 0.272749 0.126292 0.0722732 0.0222483 0.00320255 0.000149373 1.95796e-06 5.65617e-09 3.17508e-12 3.24e-16 5.54478e-21 1.43929e-26 5.2633e-33
 1.436e-41 1.99307e-33 3.34379e-26 6.78114e-20 1.66232e-14 4.92574e-10 1.76432e-06 0.00076389 0.039979 0.252981 0.200235 0.107927 0.161345 0.135887 0.0839345 0.0152197 0.00164988 7.48921e-05 9.2214e-07 2.42554e-09 1.16246e-12 9.09992e-17 1.0988e-21 1.97815e-27 5.13982e-34
 1.00625e-41 1.39661e-33 2.34311e-26 4.75178e-20 1.16484e-14 3.45164e-10 1.23632e-06 0.000535285 0.0280149 0.177375 0.149924 0.184073 0.26173 0.120505 0.0611435 0.0152543 0.00140173 4.043e-05 3.99425e-07 9.17714e-10 3.76444e-13 2.44965e-17 2.35736e-22 3.20532e-28 5.99044e-35
 1.28791e-41 1.78753e-33 2.99895e-26 6.08182e-20 1.49089e-14 4.41777e-10 1.58237e-06 0.000685113 0.0358562 0.226956 0.184205 0.132427 0.181462 0.152384 0.0739099 0.0111676 0.000919953 2.58712e-05 1.79923e-07 2.89485e-10 9.29345e-14 4.89095e-18 3.77852e-23 4.06294e-29 5.89399e-36
 1.41352e-41 1.96187e-33 3.29145e-26 6.67499e-20 1.63629e-14 4.84864e-10 1.7367e-06 0.000751933 0.0393534 0.24914 0.204896 0.159345 0.187375 0.101336 0.0475357 0.00961611 0.000637097 1.26705e-05 7.42297e-08 9.15377e-11 2.02283e-14 7.50469e-19 4.31682e-24 3.55413e-30 3.96932e-37
 1.133e-41 1.57253e-33 2.63824e-26 5.3503e-20 1.31156e-14 3.8864e-10 1.39205e-06 0.000602708 0.0315438 0.199837 0.173297 0.196958 0.225328 0.121863 0.0439464 0.00621172 0.000404314 7.58389e-06 3.24956e-08 2.95578e-11 4.97887e-15 1.33904e-19 5.33802e-25 3.04667e-31 2.4184e-38
 1.37984e-41 1.91513e-33 3.21303e-26 6.51596e-20 1.59731e-14 4.73312e-10 1.69533e-06 0.000734019 0.0384161 0.243301 0.203721 0.160699 0.179075 0.12546 0.0432254 0.00512782 0.000236032 3.46073e-06 1.28861e-08 9.17776e-12 1.10902e-15 2.14753e-20 6.25443e-26 2.57734e-32 1.44288e-39
 1.354e-41 1.87926e-33 3.15284e-26 6.3939e-20 1.56739e-14 4.64446e-10 1.66357e-06 0.000720269 0.0376969 0.238891 0.206936 0.194232 0.188369 0.096914 0.0319655 0.00410879 0.000163316 1.73728e-06 4.61106e-09 2.53693e-12 2.40725e-16 3.48532e-21 7.26666e-27 2.11991e-33 8.45746e-41
 1.18354e-41 1.64268e-33 2.75593e-26 5.58897e-20 1.37007e-14 4.05977e-10 1.45414e-06 0.000629594 0.0329517 0.209024 0.189778 0.213653 0.207001 0.113837 0.0300456 0.00296922 0.000108913 1.03476e-06 2.07937e-09 7.98404e-13 5.36999e-17 5.73883e-22 8.97551e-28 1.94123e-34 5.6136e-42
 1.0633e-41 1.4758e-33 2.47595e-26 5.02118e-20 1.23088e-14 3.64734e-10 1.30642e-06 0.000565634 0.0296048 0.188002 0.17801 0.220709 0.217256 0.130174 0.0327433 0.0028535 7.87991e-05 5.89483e-07 9.86453e-10 2.97567e-13 1.44818e-17 1.07623e-22 1.17273e-28 1.80237e-35 3.77268e-43
 1.04835e-41 1.45505e-33 2.44114e-26 4.95059e-20 1.21358e-14 3.59606e-10 1.28805e-06 0.000557682 0.0291893 0.18553 0.179516 0.221202 0.216789 0.132229 0.0322288 0.00269206 6.37887e-05 3.66083e-07 4.50842e-10 1.03525e-13 3.89559e-18 2.18259e-23 1.72432e-29 1.8656e-36 2.71385e-44
 1.26994e-41 1.76259e-33 2.95712e-26 5.99697e-20 1.47009e-14 4.35614e-10 1.5603e-06 0.000675556 0.035358 0.224453 0.204859 0.200082 0.192367 0.112867 0.0270594 0.00222648 5.09832e-05 2.68492e-07 2.80223e-10 5.16865e-14 1.55155e-18 7.07044e-24 4.61852e-30 4.13739e-37 4.92906e-45
 1.26997e-41 1.76263e-33 2.95717e-26 5.99709e-20 1.47012e-14 4.35622e-10 1.56033e-06 0.000675569 0.0353587 0.224457 0.204863 0.200091 0.192532 0.113215 0.0266843 0.0020772 4.4029e-05 2.1036e-07 1.96249e-10 3.1979e-14 8.40875e-19 3.33885e-24 1.89511e-30 1.47321e-37 1.52157e-45
#pred catch len freq
 2.55641e-27 2.5701e-27 1.70967e-26 3.06681e-20 7.5179e-15 2.22769e-10 7.97921e-07 0.000345469 0.0180806 0.114384 0.0880367 0.0437612 0.271234 0.250631 0.0566868 0.066653 0.0273194 0.0192797 0.0114079 0.00841774 0.00646884 0.00551451 0.00547614 0.00483047 0.00147215
 2.5592e-27 2.57809e-27 2.44745e-26 4.62331e-20 1.13335e-14 3.35832e-10 1.20289e-06 0.000520807 0.0272571 0.172437 0.132289 0.0389548 0.20357 0.189243 0.0651163 0.101161 0.0351216 0.0158289 0.00703258 0.00391749 0.00243154 0.00176234 0.00154379 0.00135908 0.000453617
 2.56179e-27 2.58456e-27 2.9611e-26 5.70668e-20 1.39892e-14 4.14526e-10 1.48476e-06 0.000642846 0.0336442 0.212843 0.163201 0.04265 0.209971 0.193942 0.0440807 0.0521146 0.0219957 0.0156492 0.00543123 0.00191447 0.000806864 0.000441649 0.000317395 0.000261466 9.02753e-05
 2.56002e-27 2.57955e-27 2.49911e-26 4.73201e-20 1.15999e-14 3.43727e-10 1.23117e-06 0.000533051 0.0278979 0.176491 0.135487 0.0454332 0.250623 0.231312 0.0481858 0.051813 0.0179568 0.00818005 0.00373755 0.00163963 0.000429564 0.000141005 7.10063e-05 4.9911e-05 1.70276e-05
 2.56045e-27 2.5809e-27 2.63523e-26 5.01922e-20 1.2304e-14 3.6459e-10 1.3059e-06 0.000565404 0.0295912 0.187203 0.143637 0.0435531 0.230591 0.213214 0.0520342 0.0651316 0.0217648 0.00842159 0.00281657 0.0010079 0.000352735 8.0262e-05 2.10702e-05 1.05048e-05 3.34526e-06
 2.56153e-27 2.58367e-27 2.86342e-26 5.50054e-20 1.34839e-14 3.99552e-10 1.43113e-06 0.000619624 0.0324289 0.205155 0.157357 0.0443321 0.226879 0.209427 0.0447888 0.0495916 0.0175353 0.00828611 0.00262344 0.000731643 0.000185277 4.73189e-05 8.23464e-06 2.02682e-06 5.34898e-07
 2.56094e-27 2.58194e-27 2.70043e-26 5.15667e-20 1.2641e-14 3.74574e-10 1.34166e-06 0.000580888 0.0304016 0.192329 0.147584 0.0456283 0.243609 0.224721 0.0449227 0.0459762 0.0153586 0.00600443 0.00206088 0.000653921 0.000137013 2.53245e-05 4.12483e-06 5.2982e-07 8.5801e-08
 2.56148e-27 2.58344e-27 2.83438e-26 5.43924e-20 1.33336e-14 3.951e-10 1.41518e-06 0.000612719 0.0320675 0.202869 0.155623 0.0450445 0.233519 0.215478 0.0445231 0.047366 0.0153834 0.00528745 0.0016332 0.000462206 0.000109385 1.81804e-05 2.15947e-06 2.03445e-07 1.62601e-08
 2.56262e-27 2.58643e-27 3.08966e-26 5.97774e-20 1.46537e-14 4.34216e-10 1.55529e-06 0.00067338 0.0352423 0.222953 0.170959 0.0450724 0.222956 0.205549 0.0394803 0.0383579 0.0125533 0.00447785 0.00131855 0.000325041 6.689e-05 1.14808e-05 1.25073e-06 8.43246e-08 3.9055e-09
 2.56442e-27 2.59122e-27 3.50365e-26 6.85106e-20 1.67945e-14 4.97653e-10 1.78251e-06 0.000771758 0.040391 0.255525 0.195824 0.0446744 0.202457 0.186458 0.0329321 0.0281949 0.00894068 0.00276824 0.000814452 0.000203079 3.73766e-05 5.50994e-06 5.8327e-07 3.47099e-08 1.07084e-09
 2.56259e-27 2.58614e-27 3.04482e-26 5.88307e-20 1.44216e-14 4.27339e-10 1.53066e-06 0.000662716 0.0346842 0.219422 0.16829 0.0467932 0.237926 0.219026 0.0357583 0.0264239 0.0081288 0.00213941 0.000584897 0.00013039 2.39999e-05 3.27587e-06 2.96824e-07 1.64864e-08 4.22998e-10
 2.56336e-27 2.5883e-27 3.24327e-26 6.30174e-20 1.5448e-14 4.57751e-10 1.63959e-06 0.000709878 0.0371525 0.235037 0.180195 0.0456128 0.22058 0.203169 0.0356863 0.0302375 0.00906519 0.00195144 0.000490754 9.36161e-05 1.53212e-05 1.97958e-06 1.6703e-07 8.0094e-09 1.85352e-10
 2.5651e-27 2.59299e-27 3.65318e-26 7.16647e-20 1.75677e-14 5.20563e-10 1.86457e-06 0.000807288 0.0422505 0.267289 0.204809 0.0448044 0.197134 0.181426 0.0298865 0.0224937 0.00687546 0.00172353 0.000421403 6.6488e-05 9.37958e-06 1.03951e-06 8.01885e-08 3.53038e-09 7.1168e-11
 2.56352e-27 2.58858e-27 3.2528e-26 6.3218e-20 1.54971e-14 4.59207e-10 1.6448e-06 0.000712137 0.0372707 0.235785 0.180786 0.0468616 0.229668 0.211251 0.0316026 0.0188886 0.00561845 0.00119766 0.000296563 5.24831e-05 6.67535e-06 6.07761e-07 3.929e-08 1.54376e-09 2.81559e-11
 2.56158e-27 2.58339e-27 2.79852e-26 5.36348e-20 1.31479e-14 3.89596e-10 1.39547e-06 0.000604185 0.0316209 0.200043 0.153508 0.0477326 0.255461 0.235182 0.0381854 0.027862 0.00809899 0.00134426 0.000302841 4.70672e-05 6.31716e-06 5.73647e-07 3.04368e-08 9.8177e-10 1.57133e-11
 2.56258e-27 2.5862e-27 3.05752e-26 5.9099e-20 1.44874e-14 4.29288e-10 1.53764e-06 0.000665739 0.0348424 0.220423 0.169044 0.0461 0.232122 0.213841 0.0379584 0.032729 0.00976183 0.00200157 0.000447838 5.51352e-05 6.41954e-06 5.58834e-07 3.01119e-08 8.20169e-10 1.06709e-11
 2.56325e-27 2.58795e-27 3.20543e-26 6.22189e-20 1.52522e-14 4.5195e-10 1.61881e-06 0.000700883 0.0366817 0.232059 0.177932 0.0462833 0.227272 0.209206 0.0342325 0.0254119 0.00775448 0.00192457 0.000464573 6.80207e-05 7.23901e-06 5.06817e-07 2.49278e-08 6.71713e-10 7.56621e-12
 2.56348e-27 2.58853e-27 3.25194e-26 6.32e-20 1.54927e-14 4.59077e-10 1.64434e-06 0.000711935 0.0372601 0.235718 0.18073 0.0465277 0.227166 0.209025 0.0326957 0.0219399 0.00650753 0.00132766 0.000325071 5.67626e-05 6.90883e-06 5.10332e-07 2.06241e-08 4.86205e-10 5.25818e-12
 2.56432e-27 2.59082e-27 3.45555e-26 6.74954e-20 1.65457e-14 4.90278e-10 1.75609e-06 0.000760322 0.0397925 0.251739 0.192952 0.0458334 0.213296 0.196248 0.0308528 0.0209489 0.00614431 0.00112988 0.000257909 3.85123e-05 5.08088e-06 4.4479e-07 1.97193e-08 4.06743e-10 3.77037e-12
 2.56426e-27 2.59057e-27 3.42624e-26 6.68767e-20 1.6394e-14 4.85784e-10 1.74e-06 0.000753352 0.0394277 0.249431 0.191201 0.0465682 0.220117 0.202388 0.0291328 0.0154811 0.00449816 0.000796769 0.000176329 2.36313e-05 2.74447e-06 2.31094e-07 1.19669e-08 2.75339e-10 2.35163e-12
 2.56571e-27 2.59451e-27 3.77624e-26 7.42605e-20 1.82041e-14 5.39419e-10 1.93211e-06 0.000836529 0.0437809 0.27697 0.212211 0.0453963 0.196438 0.180569 0.0258492 0.0134806 0.00382435 0.000520219 0.00010648 1.36905e-05 1.48078e-06 1.08918e-07 5.21235e-09 1.3372e-10 1.27861e-12
 2.56559e-27 2.59414e-27 3.73897e-26 7.34739e-20 1.80112e-14 5.33705e-10 1.91164e-06 0.000827668 0.0433172 0.274037 0.209979 0.045886 0.201733 0.185363 0.0250362 0.0104216 0.00292973 0.000385144 7.44919e-05 7.53009e-06 7.41198e-07 5.09642e-08 2.14836e-09 5.02404e-11 5.14001e-13
 2.56594e-27 2.59509e-27 3.82208e-26 7.52273e-20 1.84411e-14 5.46442e-10 1.95726e-06 0.00084742 0.0443509 0.280576 0.21497 0.0457141 0.196918 0.180903 0.0239227 0.00900381 0.00248389 0.000258413 4.54074e-05 4.38489e-06 3.76999e-07 2.11086e-08 8.12592e-10 1.68775e-11 1.56901e-13
 2.5672e-27 2.59853e-27 4.12881e-26 8.16979e-20 2.00273e-14 5.93444e-10 2.12562e-06 0.00092031 0.0481657 0.30471 0.23338 0.0446319 0.175747 0.161404 0.0211458 0.00758082 0.00207793 0.00019877 3.25338e-05 2.53195e-06 1.9459e-07 9.84075e-09 3.0899e-10 5.56943e-12 4.60982e-14
 2.56663e-27 2.59695e-27 3.98542e-26 7.86729e-20 1.92857e-14 5.7147e-10 2.04691e-06 0.000886234 0.0463823 0.293427 0.224776 0.0453276 0.187087 0.171804 0.0218284 0.00652056 0.00176947 0.000161967 2.56569e-05 1.83563e-06 1.2369e-07 5.07972e-09 1.41311e-10 2.11701e-12 1.47503e-14
 2.5655e-27 2.5939e-27 3.7161e-26 7.29914e-20 1.7893e-14 5.302e-10 1.89909e-06 0.000822233 0.0430327 0.272237 0.208608 0.0460763 0.204145 0.187563 0.0249503 0.00966804 0.00264017 0.000220784 3.30078e-05 2.26588e-06 1.4479e-07 5.2659e-09 1.20529e-10 1.51721e-12 8.87428e-15
 2.56519e-27 2.59303e-27 3.63749e-26 7.13331e-20 1.74865e-14 5.18155e-10 1.85594e-06 0.000803553 0.0420551 0.266052 0.203891 0.0464692 0.210448 0.193341 0.0252689 0.00894194 0.00245066 0.000235849 3.78566e-05 2.38843e-06 1.42263e-07 4.89128e-09 1.0158e-10 1.06538e-12 5.11134e-15
 2.56588e-27 2.59494e-27 3.80855e-26 7.49417e-20 1.83711e-14 5.44367e-10 1.94983e-06 0.000844203 0.0441825 0.279511 0.214157 0.0457759 0.197959 0.181859 0.0240168 0.00897642 0.00245655 0.000220847 3.4654e-05 2.48037e-06 1.55773e-07 4.89077e-09 9.47569e-11 9.09288e-13 3.70999e-15
 2.56615e-27 2.59569e-27 3.87689e-26 7.63835e-20 1.87245e-14 5.5484e-10 1.98734e-06 0.000860444 0.0450325 0.284888 0.218257 0.0454003 0.19222 0.176604 0.0238282 0.00986882 0.00272303 0.000267397 4.36698e-05 2.95474e-06 1.86945e-07 6.59892e-09 1.25584e-10 1.10427e-12 4.13276e-15
#obs catch len freq
 5.00394e-42 6.94514e-34 1.16519e-26 2.36298e-20 5.79258e-15 1.71645e-10 6.14803e-07 0.000266189 0.0139313 0.0881343 0.0680235 0.0399197 0.218903 0.186822 0.143742 0.143286 0.0641887 0.0258856 0.00606298 0.000790509 4.25084e-05 6.77153e-07 2.38983e-09 1.52353e-12 1.5391e-16
 5.73758e-42 7.96338e-34 1.33602e-26 2.70943e-20 6.64184e-15 1.9681e-10 7.04941e-07 0.000305215 0.0159737 0.101056 0.0780001 0.0436156 0.222751 0.181262 0.143056 0.131148 0.0568916 0.0209818 0.00443665 0.000499259 2.18577e-05 2.68746e-07 7.04186e-10 3.24983e-13 2.34135e-17
 1.08687e-41 1.5085e-33 2.53082e-26 5.13245e-20 1.25816e-14 3.72816e-10 1.33537e-06 0.000578167 0.030259 0.191428 0.147056 0.0452152 0.181388 0.140589 0.113378 0.0950817 0.0392741 0.0130651 0.00244568 0.000233067 8.22327e-06 7.75614e-08 1.50521e-10 5.03384e-14 2.59293e-18
 1.11933e-41 1.55356e-33 2.60641e-26 5.28575e-20 1.29574e-14 3.83951e-10 1.37525e-06 0.000595436 0.0311628 0.197147 0.151767 0.0584624 0.237833 0.16417 0.0764328 0.0539062 0.0211399 0.00627757 0.00102136 8.07641e-05 2.25803e-06 1.62073e-08 2.32235e-11 5.62396e-15 2.0733e-19
 7.86143e-42 1.09111e-33 1.83057e-26 3.71236e-20 9.10042e-15 2.69662e-10 9.65886e-07 0.000418195 0.0218867 0.138465 0.107224 0.0648817 0.274118 0.18471 0.11634 0.0710636 0.0165853 0.00375158 0.000520482 3.34816e-05 7.27819e-07 3.92428e-09 4.12697e-12 7.22294e-16 1.90529e-20
 1.25721e-41 1.74492e-33 2.92747e-26 5.93685e-20 1.45535e-14 4.31246e-10 1.54465e-06 0.000668782 0.0350014 0.221431 0.170305 0.0529257 0.172688 0.122353 0.125323 0.0755977 0.020041 0.00336517 0.000284498 1.37501e-05 2.27991e-07 9.10213e-10 6.95673e-13 8.75277e-17 1.6484e-21
 1.04045e-41 1.44407e-33 2.42273e-26 4.91324e-20 1.20442e-14 3.56893e-10 1.27833e-06 0.000553473 0.0289666 0.183257 0.141852 0.0736439 0.259747 0.1533 0.0859087 0.0507468 0.0185533 0.00323851 0.000226096 6.61262e-06 7.28495e-08 2.09053e-10 1.14767e-13 1.02961e-17 1.37684e-22
 1.27955e-41 1.77594e-33 2.9795e-26 6.04238e-20 1.48122e-14 4.38912e-10 1.57211e-06 0.00068067 0.0356235 0.22537 0.173826 0.0644469 0.19255 0.123781 0.115802 0.054014 0.0116751 0.00206543 0.000159992 3.83213e-06 2.63512e-08 4.70814e-11 1.75388e-14 1.10288e-18 1.03877e-23
 1.14904e-41 1.5948e-33 2.6756e-26 5.42607e-20 1.33014e-14 3.94144e-10 1.41176e-06 0.000611243 0.03199 0.202387 0.156939 0.0797675 0.239072 0.134184 0.0944836 0.0459744 0.0128912 0.00160299 9.34663e-05 2.1747e-06 1.23398e-08 1.45439e-11 3.33285e-15 1.34718e-19 8.57197e-25
 1.51279e-41 2.09965e-33 3.5226e-26 7.14376e-20 1.75121e-14 5.18915e-10 1.85867e-06 0.00080474 0.0421169 0.266451 0.205592 0.0696684 0.171549 0.103833 0.0936581 0.0372341 0.00800928 0.00102943 5.16379e-05 8.53754e-07 4.00426e-09 3.84494e-12 6.27841e-16 1.63835e-20 6.58228e-26
 1.55282e-41 2.15521e-33 3.61581e-26 7.33279e-20 1.79755e-14 5.32646e-10 1.90785e-06 0.000826034 0.0432313 0.273505 0.211658 0.0830471 0.196691 0.0983835 0.0618485 0.0245642 0.00565663 0.000563 2.36336e-05 3.28274e-07 1.11277e-09 7.92469e-13 1.00539e-16 1.97371e-21 5.5801e-27
 1.15523e-41 1.60339e-33 2.69002e-26 5.4553e-20 1.3373e-14 3.96267e-10 1.41937e-06 0.000614536 0.0321624 0.203488 0.159458 0.10396 0.253946 0.128943 0.086612 0.0261718 0.00423774 0.000390152 1.36822e-05 1.45602e-07 3.85669e-10 2.01712e-13 1.81619e-17 2.59074e-22 5.43999e-28
 1.72831e-41 2.39878e-33 4.02446e-26 8.16152e-20 2.0007e-14 5.92844e-10 2.12347e-06 0.00091939 0.0481172 0.304417 0.235296 0.0748378 0.14028 0.0899755 0.0797003 0.0228988 0.00333722 0.000213353 5.58588e-06 4.74748e-08 9.40305e-11 3.63624e-14 2.4e-18 2.44329e-23 3.61201e-29
 1.39995e-41 1.94304e-33 3.25985e-26 6.6109e-20 1.62058e-14 4.80209e-10 1.72003e-06 0.000744714 0.0389754 0.246601 0.193689 0.11661 0.23453 0.0984876 0.0508114 0.0165308 0.00285363 0.000162026 3.10154e-06 1.80544e-08 2.61793e-11 7.44669e-15 3.54741e-19 2.59719e-24 2.75431e-30
 1.18846e-41 1.6495e-33 2.76738e-26 5.61218e-20 1.37576e-14 4.07663e-10 1.46018e-06 0.000632209 0.0330873 0.20936 0.165983 0.11882 0.228834 0.131667 0.0907061 0.0186949 0.00208879 0.000123685 2.25319e-06 9.91154e-09 9.72618e-12 1.89326e-15 6.39103e-20 3.34429e-25 2.52396e-31
 9.43554e-42 1.30959e-33 2.19711e-26 4.4557e-20 1.09226e-14 3.23657e-10 1.15929e-06 0.000501931 0.0262691 0.166242 0.134585 0.131716 0.243877 0.155069 0.110311 0.0280086 0.00329497 0.000123509 1.73468e-06 6.84566e-09 5.3481e-12 7.33122e-16 1.66578e-20 5.91537e-26 3.09546e-32
 1.49916e-41 2.08073e-33 3.49086e-26 7.07939e-20 1.73543e-14 5.1424e-10 1.84192e-06 0.000797489 0.0417374 0.264088 0.207422 0.0987013 0.153284 0.120775 0.0875265 0.0227194 0.00283274 0.000112123 1.21826e-06 3.28761e-09 1.99762e-12 2.19072e-16 3.73919e-21 9.35861e-27 3.33814e-33
 1.0511e-41 1.45886e-33 2.44754e-26 4.96357e-20 1.21676e-14 3.60548e-10 1.29143e-06 0.000559143 0.0292634 0.185238 0.153506 0.170111 0.260986 0.117803 0.0625958 0.0176503 0.00219905 8.62074e-05 9.10711e-07 2.05689e-09 8.83385e-13 6.76756e-17 8.55746e-22 1.62487e-27 4.32065e-34
 1.53035e-41 2.12403e-33 3.5635e-26 7.22671e-20 1.77154e-14 5.2494e-10 1.88025e-06 0.000814084 0.042606 0.269615 0.21384 0.111389 0.153423 0.126746 0.0690341 0.0113917 0.00109748 4.16186e-05 4.09681e-07 8.35424e-10 3.03472e-13 1.77362e-17 1.5807e-22 2.08024e-28 3.92143e-35
 1.08945e-41 1.51208e-33 2.53683e-26 5.14464e-20 1.26115e-14 3.73701e-10 1.33854e-06 0.00057954 0.0303311 0.192066 0.163189 0.191005 0.247772 0.110944 0.0516539 0.0115363 0.000900342 2.19315e-05 1.74298e-07 3.08549e-10 9.53371e-14 4.60682e-18 3.2599e-23 3.23649e-29 4.39182e-36
 1.38595e-41 1.92361e-33 3.22726e-26 6.54481e-20 1.60438e-14 4.75408e-10 1.70283e-06 0.000737269 0.0385859 0.244255 0.198792 0.136206 0.173002 0.140084 0.059599 0.00814316 0.000581264 1.339e-05 7.41056e-08 9.22896e-11 2.22789e-14 8.66942e-19 4.9062e-24 3.84053e-30 4.03768e-37
 1.50941e-41 2.09496e-33 3.51474e-26 7.12781e-20 1.7473e-14 5.17757e-10 1.85452e-06 0.000802943 0.0420232 0.266071 0.219443 0.161347 0.173703 0.0908509 0.0385179 0.0068511 0.000381659 6.29128e-06 2.91366e-08 2.75018e-11 4.56479e-15 1.25171e-19 5.25971e-25 3.14223e-31 2.53631e-38
 1.22672e-41 1.70261e-33 2.85648e-26 5.79289e-20 1.42006e-14 4.2079e-10 1.5072e-06 0.000652566 0.0341533 0.216414 0.188434 0.200622 0.211148 0.109047 0.0348739 0.00440748 0.000242439 3.67118e-06 1.23599e-08 8.60439e-12 1.08365e-15 2.14917e-20 6.25887e-26 2.58981e-32 1.482e-39
 1.48075e-41 2.05519e-33 3.448e-26 6.99248e-20 1.71412e-14 5.07926e-10 1.81931e-06 0.000787698 0.0412257 0.261135 0.219206 0.162065 0.167798 0.110658 0.0334969 0.00348924 0.000135263 1.61252e-06 4.67393e-09 2.52602e-12 2.27824e-16 3.24795e-21 6.89633e-27 2.05939e-33 8.31951e-41
 1.45183e-41 2.01504e-33 3.38065e-26 6.85589e-20 1.68064e-14 4.98005e-10 1.78377e-06 0.000772312 0.0404209 0.256214 0.222562 0.194327 0.173653 0.0844459 0.0247651 0.00274723 9.03608e-05 7.75111e-07 1.60352e-09 6.67963e-13 4.70838e-17 5.00835e-22 7.61099e-28 1.60783e-34 4.62184e-42
 1.28107e-41 1.77803e-33 2.98302e-26 6.04951e-20 1.48297e-14 4.3943e-10 1.57397e-06 0.000681474 0.0356673 0.22633 0.206089 0.214668 0.193036 0.0986303 0.0228702 0.00196635 5.95492e-05 4.49378e-07 6.97899e-10 2.02569e-13 1.01104e-17 7.91623e-23 9.00091e-29 1.40854e-35 2.93683e-43
 1.15993e-41 1.60991e-33 2.70096e-26 5.4775e-20 1.34274e-14 3.9788e-10 1.42514e-06 0.000617037 0.0322957 0.205189 0.194792 0.222722 0.204932 0.112744 0.0248149 0.00184947 4.19977e-05 2.49674e-07 3.20729e-10 7.27009e-14 2.62111e-18 1.42696e-23 1.1292e-29 1.25275e-36 1.88565e-44
 1.14571e-41 1.59017e-33 2.66785e-26 5.41034e-20 1.32628e-14 3.93002e-10 1.40767e-06 0.000609472 0.0318997 0.202649 0.191386 0.21611 0.208826 0.119445 0.0270026 0.00202934 4.21744e-05 2.07178e-07 2.13852e-10 4.05355e-14 1.24776e-18 5.68797e-24 3.6401e-30 3.17726e-37 3.71544e-45
 1.37588e-41 1.90963e-33 3.20379e-26 6.49723e-20 1.59272e-14 4.71952e-10 1.69045e-06 0.000731909 0.0383073 0.243075 0.217548 0.192411 0.179635 0.102578 0.0238395 0.00183432 3.85961e-05 1.83445e-07 1.70524e-10 2.7714e-14 7.27306e-19 2.88378e-24 1.63512e-30 1.27014e-37 1.31108e-45
#spawning biomass
 18532.2 17920.5 24537.8 33224.3 41100 49513.5 57713.6 63979.6 73846 99411.2 124560 140364 181693 213615 201769 179609 171014 165718 172414 163648 166817 172626 168357 186570 216334 234291 201837 188192 216025 237849 135941 29672.9 14175.2 12905.2 12813.4 12807.2 12806.8 12806.8 12806.8 12806.8 12806.8 12806.8 12806.8 12806.8 12806.8 12806.8 12806.8 12806.8 12806.8 12806.8 12806.8 12806.8 12806.8 12806.8 12806.8 12806.8 12806.8 12806.8 12806.8 12806.8 12806.8 12806.8 12806.8 12806.8 12806.8 12806.8 12806.8 12806.8 12806.8 12806.8 12806.8 12806.8 12806.8 12806.8 12806.8 12806.8 12806.8 12806.8 12806.8 12806.8 12806.8 12806.8 12806.8 12806.8 12806.8 12806.8 12806.8 12806.8 12806.8 12806.8 12806.8 12806.8 12806.8 12806.8 12806.8 12806.8 12806.8 12806.8 12806.8 12806.8 12806.8 12806.8 12806.8 12806.8 12806.8 12806.8 12806.8 12806.8 12806.8 12806.8 12806.8 12806.8 12806.8 12806.8 12806.8 12806.8 12806.8 12806.8 12806.8 12806.8 12806.8 12806.8 12806.8 12806.8 12806.8 12806.8 12806.8 12806.8 12806.8 0 0 0 0 0 0 0 0 0 0 0 0 0 0 0 0 0 0 0 0 0 0 0 0 0
