SBPRF35
0.119871
Curr Bio
157875
B35
148463
F35
0.991736
FOFL
0.779207
OFL
42116.9
Bzero
34248.8
#pred survey bio
 6538.04 9229.5 11580.7 13783.9 22879.9 35742.8 33478.2 38409.1 49824.3 63604.5 83074.3 111039 134923 162169 155647 129806 129834 127453 116979 113774 119367 131753 135612 138982 153410 150228 156568 162004 170240 4.63847e+06 2.63274e+06 1.34368e+06 712628 473813 381245 341367 322259 312446 307231 304423 302906 302088 301648 301411 301283 301215 301180 301161 301151 301146 301143 301142 301141 301141 301140 301140 301140 301140 301140 301140 301140 301140 301140 301140 301140 301140 301140 301140 301140 301140 301140 301140 301140 301140 301140 301140 301140 301140 301140 301140 301140 301140 301140 301140 301140 301140 301140 301140 301140 301140 301140 301140 301140 301140 301140 301140 301140 301140 301140 301140 301140 301140 301140 301140 301140 301140 301140 301140 301140 301140 301140 301140 301140 301140 301140 301140 301140 301140 301140 301140 301140 301140 301140 301140 301140 301140 301140 301140 301140 0 0 0 0 0 0 0 0 0 0 0 0 0 0 0 0 0 0 0 0 0 0 0 0 0
#obs survey bio
 5125.55 10786.4 7675.96 10481.4 29768.6 25492 28262.2 28357.4 62367.3 54381.2 94135.1 134324 103246 170954 86219.8 93325.6 150727 90501.9 96988.1 137007 98845.2 141312 147704 183002 201914 123937 129192 142372 115247
#pred catch bio
 2336.15 4561.2 6134.52 7499.16 8976.58 20205.4 19594.8 21330.8 27106.6 35795.4 47713.2 67070.9 79102.1 100366 103481 82611.5 84142.1 85369.8 77605 74456.5 78155.3 89446.4 92417.8 92133.3 109574 105515 111118 108614 148362 42116.9 56678.9 24472.2 10786.2 6779.2 5746.62 5499.87 5443.84 5431.57 5428.95 5428.4 5428.29 5428.26 5428.26 5428.26 5428.26 5428.26 5428.26 5428.26 5428.26 5428.26 5428.26 5428.26 5428.26 5428.26 5428.26 5428.26 5428.26 5428.26 5428.26 5428.26 5428.26 5428.26 5428.26 5428.26 5428.26 5428.26 5428.26 5428.26 5428.26 5428.26 5428.26 5428.26 5428.26 5428.26 5428.26 5428.26 5428.26 5428.26 5428.26 5428.26 5428.26 5428.26 5428.26 5428.26 5428.26 5428.26 5428.26 5428.26 5428.26 5428.26 5428.26 5428.26 5428.26 5428.26 5428.26 5428.26 5428.26 5428.26 5428.26 5428.26 5428.26 5428.26 5428.26 5428.26 5428.26 5428.26 5428.26 5428.26 5428.26 5428.26 5428.26 5428.26 5428.26 5428.26 5428.26 5428.26 5428.26 5428.26 5428.26 5428.26 5428.26 5428.26 5428.26 5428.26 5428.26 5428.26 5428.26 5428.26 5428.26 0 0 0 0 0 0 0 0 0 0 0 0 0 0 0 0 0 0 0 0 0 0 0 0 0
#obs catch bio
 4888.5 4557.82 6217.13 7652.51 8828.14 19879.4 19768.9 21303.1 26764.8 35466.9 47613.3 66063.4 79055.7 99618.8 105214 82356 84180.8 85944.7 76671.9 72953.3 77066.1 87549.7 89818.9 88442.8 106229 103688 110618 106548 149802
#pred cpue bio
 5346.34 7111.89 8864.12 10533.9 16201 27876.1 26473.7 28405 37202.8 47843.1 61437.4 81614.5 99833.7 121243 119936 99149.3 97212.5 95775.2 87888.9 84742.3 88197 96527.8 99600.5 101933 112108 109043 113344 116995 125716 3.11358e+06 2.52179e+06 1.30057e+06 666147 426832 334220 294338 275230 265416 260201 257393 255877 255059 254618 254382 254253 254186 254150 254131 254122 254116 254114 254112 254111 254111 254111 254111 254111 254111 254110 254110 254110 254110 254110 254110 254110 254110 254110 254110 254110 254110 254110 254110 254110 254110 254110 254110 254110 254110 254110 254110 254110 254110 254110 254110 254110 254110 254110 254110 254110 254110 254110 254110 254110 254110 254110 254110 254110 254110 254110 254110 254110 254110 254110 254110 254110 254110 254110 254110 254110 254110 254110 254110 254110 254110 254110 254110 254110 254110 254110 254110 254110 254110 254110 254110 254110 254110 254110 254110 254110 0 0 0 0 0 0 0 0 0 0 0 0 0 0 0 0 0 0 0 0 0 0 0 0 0
#obs cpue bio
 8729.51 8055.42 7232.56 11482.5 23321.1 40587.3 27736.7 36997.8 43048.8 59632 53702.5 98737.7 106504 144295 138591 169308 80559.2 118192 146706 104066 123208 138137 148004 159510 128869 154373 138680 187644 162494
#pred surv len freq
 2.5697e-27 2.60591e-27 4.84815e-26 9.68758e-20 2.37479e-14 7.03693e-10 2.52051e-06 0.00109129 0.0571139 0.361318 0.276481 0.0367922 0.0858029 0.0791753 0.020275 0.0265903 0.0123925 0.0108554 0.00726866 0.00591081 0.00487076 0.00435646 0.00447056 0.00400568 0.00122632
 2.57078e-27 2.60858e-27 5.05197e-26 1.01174e-19 2.48016e-14 7.34916e-10 2.63235e-06 0.00113971 0.0596481 0.37735 0.288758 0.0390432 0.0943093 0.0867665 0.0171535 0.0173718 0.00669059 0.0041389 0.00226917 0.00155546 0.00111327 0.000882351 0.000818173 0.000740246 0.000248968
 2.57058e-27 2.60797e-27 4.98913e-26 9.98481e-20 2.44766e-14 7.25284e-10 2.59785e-06 0.00112477 0.0588663 0.372404 0.284997 0.0399767 0.104057 0.0956911 0.0175104 0.0158809 0.00534012 0.00217737 0.000873058 0.000427279 0.0002392 0.000157968 0.000126488 0.000109483 3.83004e-05
 2.57058e-27 2.60797e-27 4.989e-26 9.98453e-20 2.44759e-14 7.25264e-10 2.59777e-06 0.00112474 0.0588646 0.372394 0.284989 0.0399965 0.104213 0.0958513 0.0178368 0.0165741 0.00538125 0.00186448 0.000586687 0.000183179 6.56226e-05 3.12125e-05 1.98471e-05 1.53915e-05 5.37794e-06
 2.57314e-27 2.6149e-27 5.60102e-26 1.12756e-19 2.76409e-14 8.19048e-10 2.93369e-06 0.00127018 0.0664765 0.420548 0.321732 0.0382993 0.0654827 0.060086 0.0110575 0.0101083 0.0033017 0.00117243 0.000346517 8.67839e-05 1.93749e-05 5.21815e-06 2.17142e-06 1.35953e-06 4.54871e-07
 2.56961e-27 2.60526e-27 4.74138e-26 9.46214e-20 2.31953e-14 6.87318e-10 2.46186e-06 0.00106589 0.0557849 0.35291 0.270133 0.0413504 0.124953 0.114849 0.0186489 0.0136407 0.00444662 0.00159203 0.000476194 0.000119104 2.22039e-05 3.59329e-06 7.21702e-07 2.90163e-07 8.70591e-08
 2.56917e-27 2.60419e-27 4.65798e-26 9.28623e-20 2.27641e-14 6.7454e-10 2.41609e-06 0.00104607 0.0547478 0.346349 0.265112 0.0406304 0.123003 0.113288 0.0227079 0.0232804 0.00720293 0.00190861 0.00055195 0.000139123 2.6054e-05 3.60566e-06 3.82341e-07 6.49382e-08 1.48559e-08
 2.57183e-27 2.61139e-27 5.29384e-26 1.06276e-19 2.60523e-14 7.71978e-10 2.76509e-06 0.00119718 0.0626561 0.396379 0.303287 0.0389057 0.0830562 0.076366 0.0150818 0.0152063 0.00512414 0.00204639 0.000558662 0.000109676 1.99622e-05 2.75848e-06 2.39532e-07 1.64387e-08 1.86996e-09
 2.57134e-27 2.60999e-27 5.16151e-26 1.03484e-19 2.53679e-14 7.51697e-10 2.69245e-06 0.00116573 0.0610101 0.385966 0.295353 0.039974 0.0967606 0.0888595 0.0145256 0.0107803 0.00359523 0.00141735 0.000449547 0.000119664 1.85709e-05 2.24136e-06 1.89504e-07 9.04385e-09 3.60946e-10
 2.5711e-27 2.60936e-27 5.10804e-26 1.02356e-19 2.50915e-14 7.43505e-10 2.66311e-06 0.00115302 0.0603452 0.38176 0.29214 0.0399345 0.0987176 0.0907246 0.015937 0.013514 0.00418225 0.00113159 0.000341534 9.46203e-05 1.90995e-05 2.39042e-06 1.71209e-07 7.43658e-09 1.62042e-10
 2.57171e-27 2.61102e-27 5.25549e-26 1.05467e-19 2.5854e-14 7.661e-10 2.74404e-06 0.00118806 0.062179 0.393361 0.300991 0.0394803 0.089042 0.0817956 0.0143445 0.0121363 0.00386138 0.00121159 0.00032468 6.57524e-05 1.30218e-05 1.95889e-06 1.57303e-07 5.96824e-09 1.07057e-10
 2.57188e-27 2.61145e-27 5.29151e-26 1.06227e-19 2.60402e-14 7.71619e-10 2.76381e-06 0.00119662 0.062627 0.396195 0.303157 0.0395647 0.0881627 0.0809398 0.0133907 0.0101737 0.00322625 0.00100723 0.000283341 6.21246e-05 9.60804e-06 1.24936e-06 1.15106e-07 4.89784e-09 7.89599e-11
 2.57162e-27 2.61074e-27 5.22657e-26 1.04857e-19 2.57044e-14 7.61667e-10 2.72816e-06 0.00118119 0.0618193 0.391086 0.29926 0.0398805 0.0933041 0.0856594 0.0137776 0.00986252 0.00304851 0.00082962 0.000228816 5.06943e-05 8.42713e-06 9.66926e-07 7.37039e-08 3.43657e-09 6.09125e-11
 2.57128e-27 2.60981e-27 5.14589e-26 1.03155e-19 2.52872e-14 7.49304e-10 2.68388e-06 0.00116202 0.0608158 0.384737 0.294415 0.0400174 0.0977497 0.0897881 0.0149866 0.0115792 0.00354885 0.000905424 0.000236693 4.67029e-05 7.66751e-06 9.19176e-07 6.49196e-08 2.56082e-09 4.78759e-11
 2.57011e-27 2.60664e-27 4.86485e-26 9.7226e-20 2.38338e-14 7.06238e-10 2.52963e-06 0.00109523 0.0573204 0.362625 0.277544 0.0409014 0.11633 0.106922 0.0177961 0.0136777 0.00424538 0.00117159 0.000303872 5.59423e-05 8.31259e-06 9.36106e-07 6.75534e-08 2.49416e-09 4.08293e-11
 2.57051e-27 2.60773e-27 4.96367e-26 9.93108e-20 2.43449e-14 7.21381e-10 2.58387e-06 0.00111872 0.0585496 0.3704 0.283474 0.040407 0.108402 0.0996523 0.0173623 0.0145182 0.00449844 0.00121943 0.000322878 6.31231e-05 9.03438e-06 9.22249e-07 6.12389e-08 2.25224e-09 3.45874e-11
 2.57126e-27 2.60979e-27 5.1454e-26 1.03145e-19 2.52847e-14 7.49229e-10 2.68361e-06 0.0011619 0.0608098 0.384699 0.294383 0.0398697 0.0966482 0.0888015 0.0153512 0.0126671 0.00400004 0.00120935 0.000322988 6.26838e-05 9.36701e-06 9.61412e-07 5.82657e-08 1.96226e-09 2.93866e-11
 2.57108e-27 2.60925e-27 5.09519e-26 1.02085e-19 2.5025e-14 7.41535e-10 2.65605e-06 0.00114997 0.0601853 0.380748 0.291373 0.0402696 0.101806 0.0935039 0.015139 0.0109965 0.00345085 0.00102261 0.000282084 5.98881e-05 9.00804e-06 9.45186e-07 5.82792e-08 1.81792e-09 2.49576e-11
 2.57108e-27 2.60925e-27 5.09461e-26 1.02073e-19 2.5022e-14 7.41446e-10 2.65573e-06 0.00114983 0.060178 0.380703 0.291338 0.0402839 0.101939 0.0936275 0.0151855 0.0110658 0.00338336 0.00085678 0.000229718 4.8451e-05 7.79495e-06 8.59091e-07 5.39278e-08 1.70392e-09 2.19574e-11
 2.5714e-27 2.61012e-27 5.17255e-26 1.03717e-19 2.5425e-14 7.5339e-10 2.69852e-06 0.00116835 0.0611474 0.386835 0.296017 0.0400131 0.0965919 0.0887021 0.0144751 0.0106857 0.00327111 0.000831717 0.000212702 3.91816e-05 6.12631e-06 7.01897e-07 4.69628e-08 1.52234e-09 1.97516e-11
 2.57167e-27 2.61086e-27 5.23727e-26 1.05083e-19 2.57597e-14 7.63307e-10 2.73404e-06 0.00118373 0.0619524 0.391928 0.299903 0.0398572 0.0926749 0.0850782 0.013665 0.00975049 0.00299087 0.000773746 0.000198673 3.61982e-05 5.11627e-06 5.3892e-07 3.68225e-08 1.26812e-09 1.69932e-11
 2.57195e-27 2.6116e-27 5.3025e-26 1.06459e-19 2.60971e-14 7.73303e-10 2.76984e-06 0.00119924 0.0627636 0.39706 0.303819 0.0397063 0.0887753 0.08147 0.0128501 0.00879882 0.0026806 0.000666761 0.000171054 3.16384e-05 4.46087e-06 4.38717e-07 2.70977e-08 9.34977e-10 1.32082e-11
 2.57183e-27 2.61129e-27 5.27298e-26 1.05836e-19 2.59444e-14 7.68778e-10 2.75363e-06 0.00119222 0.0623964 0.394736 0.302048 0.0399215 0.0916568 0.0841 0.0127911 0.00800066 0.00241356 0.000567828 0.000142788 2.55557e-05 3.62069e-06 3.57555e-07 2.09048e-08 6.55998e-10 9.15297e-12
 2.57189e-27 2.61143e-27 5.2856e-26 1.06102e-19 2.60097e-14 7.70713e-10 2.76056e-06 0.00119522 0.0625534 0.39573 0.302806 0.039859 0.0906486 0.083177 0.0127622 0.0081651 0.00243222 0.000517796 0.000126104 2.1433e-05 2.93981e-06 2.86151e-07 1.67681e-08 5.01445e-10 6.43268e-12
 2.57201e-27 2.61178e-27 5.31785e-26 1.06783e-19 2.61764e-14 7.75655e-10 2.77827e-06 0.00120288 0.0629546 0.398268 0.304741 0.0397172 0.0882095 0.0809366 0.0125527 0.00825178 0.00246914 0.000541578 0.000129355 2.00767e-05 2.61431e-06 2.42755e-07 1.38936e-08 4.13205e-10 5.0735e-12
 2.57221e-27 2.61229e-27 5.36106e-26 1.07694e-19 2.63999e-14 7.82275e-10 2.80198e-06 0.00121315 0.0634919 0.401667 0.307337 0.0397171 0.0863853 0.0792222 0.0116852 0.00670517 0.00200295 0.000443944 0.000106969 1.68985e-05 2.08416e-06 1.78415e-07 9.65686e-09 2.78587e-10 3.37657e-12
 2.57229e-27 2.61252e-27 5.38129e-26 1.08121e-19 2.65045e-14 7.85376e-10 2.81308e-06 0.00121796 0.0637435 0.403259 0.308552 0.0396512 0.0850306 0.0779748 0.0115147 0.00662807 0.00194674 0.000375137 8.82805e-05 1.40992e-05 1.76422e-06 1.47701e-07 7.35207e-09 1.98546e-10 2.3221e-12
 2.57236e-27 2.61271e-27 5.39806e-26 1.08474e-19 2.65912e-14 7.87945e-10 2.82229e-06 0.00122194 0.0639521 0.404578 0.309559 0.0396232 0.0841103 0.0771202 0.0112661 0.00627635 0.00184209 0.000354656 8.07902e-05 1.14179e-05 1.40129e-06 1.18853e-07 5.84724e-09 1.46736e-10 1.59746e-12
 2.57163e-27 2.61072e-27 5.22168e-26 1.04754e-19 2.56791e-14 7.60917e-10 2.72548e-06 0.00118003 0.0617584 0.3907 0.29897 0.0401558 0.0956028 0.0877254 0.0131454 0.00789176 0.00231533 0.000437241 9.92245e-05 1.39005e-05 1.5802e-06 1.23636e-07 6.08882e-09 1.51379e-10 1.54782e-12
#obs surv len freq
 1.76403e-41 2.44835e-33 4.10762e-26 8.33018e-20 2.04204e-14 6.05095e-10 2.16735e-06 0.000938389 0.0491115 0.310694 0.237977 0.0440462 0.152266 0.129001 0.0364155 0.0279725 0.00839575 0.0026118 0.000506035 5.84731e-05 2.94775e-06 4.72638e-08 1.79237e-10 1.29543e-13 1.5481e-17
 2.17318e-41 3.01623e-33 5.06035e-26 1.02623e-19 2.51568e-14 7.45442e-10 2.67005e-06 0.00115604 0.0605025 0.382756 0.292975 0.0420073 0.0973488 0.0779492 0.0225338 0.0163396 0.00476596 0.00139145 0.000245644 2.47577e-05 1.03134e-06 1.29511e-08 3.69901e-11 1.95868e-14 1.6823e-18
 1.72544e-41 2.3948e-33 4.01777e-26 8.14796e-20 1.99738e-14 5.91859e-10 2.11994e-06 0.000917862 0.0480372 0.303898 0.232981 0.0511993 0.181476 0.135543 0.0265554 0.0141428 0.00397079 0.00108483 0.000175456 1.52924e-05 5.21984e-07 5.10467e-09 1.09305e-11 4.23647e-15 2.62324e-19
 2.09155e-41 2.90293e-33 4.87026e-26 9.87679e-20 2.42118e-14 7.1744e-10 2.56975e-06 0.00111261 0.0582298 0.368379 0.28212 0.0458289 0.11337 0.0812941 0.0278767 0.0176771 0.00334693 0.000658828 9.56846e-05 7.20916e-06 2.00441e-07 1.51741e-09 2.42851e-12 6.87662e-16 3.06809e-20
 2.36933e-41 3.28848e-33 5.5171e-26 1.11886e-19 2.74275e-14 8.12726e-10 2.91105e-06 0.00126039 0.0659635 0.417304 0.319451 0.0443211 0.0794048 0.0522961 0.0117319 0.00613195 0.0017457 0.000351229 3.28724e-05 1.93302e-06 4.34626e-08 2.54034e-10 3.03046e-13 6.26124e-17 2.01196e-21
 1.32326e-41 1.8366e-33 3.08127e-26 6.24876e-20 1.53181e-14 4.53904e-10 1.62581e-06 0.000703919 0.0368403 0.233066 0.179555 0.071149 0.271698 0.16605 0.0278091 0.0106612 0.00202685 0.000394406 4.24281e-05 1.75364e-06 2.75154e-08 1.21203e-10 1.07629e-13 1.62214e-17 3.75363e-22
 2.22065e-41 3.08211e-33 5.17088e-26 1.04864e-19 2.57063e-14 7.61724e-10 2.72837e-06 0.00118129 0.061824 0.391117 0.29959 0.0467535 0.0885626 0.0561049 0.0345015 0.0176656 0.00238228 0.000288713 2.42572e-05 9.78721e-07 1.14766e-08 3.38024e-11 2.12394e-14 2.3155e-18 3.85904e-23
 1.98503e-41 2.75509e-33 4.62223e-26 9.37379e-20 2.29787e-14 6.80902e-10 2.43888e-06 0.00105595 0.0552643 0.349621 0.268385 0.0610953 0.15562 0.0828457 0.0158643 0.0072426 0.00261495 0.00036959 1.87334e-05 5.17846e-07 5.07474e-09 1.1336e-11 4.80626e-15 3.54343e-19 4.12377e-24
 2.02397e-41 2.80913e-33 4.7129e-26 9.55767e-20 2.34295e-14 6.94259e-10 2.48672e-06 0.00107667 0.0563484 0.356479 0.273712 0.0614763 0.143463 0.0738781 0.0232988 0.00868852 0.00131045 0.000246181 1.90581e-05 3.77575e-07 2.32631e-09 3.84065e-12 1.22407e-15 6.34015e-20 4.97772e-25
 1.98633e-41 2.75689e-33 4.62526e-26 9.37993e-20 2.29938e-14 6.81348e-10 2.44048e-06 0.00105664 0.0553005 0.349852 0.268933 0.0668677 0.15353 0.0733088 0.0216323 0.00788585 0.00145858 0.000162418 1.05899e-05 2.64588e-07 1.37402e-09 1.45004e-12 3.0933e-16 1.15129e-20 6.5192e-26
 2.09847e-41 2.91254e-33 4.8864e-26 9.90951e-20 2.4292e-14 7.19816e-10 2.57826e-06 0.0011163 0.0584227 0.369604 0.284075 0.0658933 0.133332 0.060239 0.019587 0.00648645 0.001111 0.000124576 6.02824e-06 1.12253e-07 5.8257e-10 5.52041e-13 8.3846e-17 2.03446e-21 7.7158e-27
 2.04479e-41 2.83803e-33 4.76138e-26 9.65599e-20 2.36705e-14 7.01401e-10 2.5123e-06 0.00108774 0.056928 0.360151 0.277288 0.0731656 0.146697 0.0609032 0.0174912 0.00529223 0.000899244 8.98651e-05 3.89273e-06 5.52803e-08 2.05445e-10 1.62402e-13 2.15244e-17 4.16287e-22 1.1247e-27
 1.98932e-41 2.76105e-33 4.63223e-26 9.39407e-20 2.30285e-14 6.82375e-10 2.44416e-06 0.00105824 0.0553839 0.350386 0.270311 0.0798679 0.155252 0.0616912 0.0198631 0.00533614 0.000775743 6.98889e-05 2.63697e-06 3.08706e-08 8.66381e-11 4.8349e-14 4.73223e-18 7.24785e-23 1.58046e-28
 1.86695e-41 2.5912e-33 4.34727e-26 8.81618e-20 2.16118e-14 6.40398e-10 2.2938e-06 0.000993137 0.0519769 0.328838 0.254666 0.0913082 0.175421 0.0668455 0.0231018 0.00593552 0.000846482 6.3494e-05 1.97965e-06 1.90012e-08 4.1856e-11 1.74546e-14 1.2166e-18 1.30863e-23 2.05465e-29
 1.68678e-41 2.34115e-33 3.92776e-26 7.96541e-20 1.95263e-14 5.78599e-10 2.07245e-06 0.000897298 0.046961 0.297116 0.231612 0.106462 0.201431 0.076506 0.0303806 0.00749642 0.00105973 7.30328e-05 1.87491e-06 1.39732e-08 2.38065e-11 7.54614e-15 3.89986e-19 3.03153e-24 3.36524e-30
 1.91215e-41 2.65394e-33 4.45253e-26 9.02965e-20 2.21351e-14 6.55904e-10 2.34934e-06 0.00101718 0.0532353 0.336809 0.261616 0.0954647 0.154718 0.0609853 0.0280469 0.00701737 0.00102071 6.57063e-05 1.47296e-06 8.74477e-09 1.11857e-11 2.62825e-15 1.00475e-19 5.73577e-25 4.62649e-31
 1.8583e-41 2.5792e-33 4.32714e-26 8.77534e-20 2.15117e-14 6.37432e-10 2.28318e-06 0.000988537 0.0517361 0.327338 0.255706 0.109715 0.1696 0.0574545 0.02109 0.00547419 0.000841935 5.27929e-05 1.05804e-06 5.2082e-09 5.17861e-12 9.02169e-16 2.50288e-20 1.03258e-25 6.02253e-32
 1.84734e-41 2.56398e-33 4.30161e-26 8.72358e-20 2.13848e-14 6.33672e-10 2.26971e-06 0.000982706 0.0514309 0.32542 0.255256 0.116463 0.167169 0.0571221 0.0211696 0.00435993 0.000588139 3.64288e-05 6.71504e-07 2.81229e-09 2.23874e-12 2.98872e-16 6.14834e-21 1.83934e-26 7.68762e-33
 1.86349e-41 2.58641e-33 4.33923e-26 8.79988e-20 2.15719e-14 6.39214e-10 2.28956e-06 0.000991301 0.0518808 0.328281 0.258458 0.121421 0.160265 0.0542846 0.0199739 0.00396921 0.000450127 2.25821e-05 3.68316e-07 1.33454e-09 8.69816e-13 9.10717e-17 1.42484e-21 3.17001e-27 9.68708e-34
 1.94602e-41 2.70095e-33 4.5314e-26 9.1896e-20 2.25272e-14 6.67523e-10 2.39096e-06 0.0010352 0.0541784 0.34283 0.270236 0.121059 0.143929 0.0470144 0.0162925 0.00308712 0.000321857 1.32267e-05 1.66783e-07 4.87015e-10 2.5863e-13 2.15531e-17 2.6115e-22 4.40241e-28 1.00271e-34
 1.94014e-41 2.69279e-33 4.51771e-26 9.16183e-20 2.24591e-14 6.65506e-10 2.38373e-06 0.00103207 0.0540148 0.341822 0.271127 0.12987 0.142725 0.0433864 0.0134661 0.00232826 0.000218275 7.72204e-06 7.65556e-08 1.66879e-10 6.68387e-14 4.28569e-18 4.0075e-23 5.16639e-29 8.88671e-36
 1.97784e-41 2.74511e-33 4.60549e-26 9.33984e-20 2.28955e-14 6.78436e-10 2.43005e-06 0.00105213 0.0550644 0.348488 0.277405 0.131883 0.132336 0.0401556 0.0117092 0.00175909 0.000140686 4.18601e-06 3.34906e-08 5.57097e-11 1.63537e-14 7.61548e-19 5.2217e-24 4.9938e-30 6.41058e-37
 1.91339e-41 2.65566e-33 4.45542e-26 9.03551e-20 2.21495e-14 6.5633e-10 2.35087e-06 0.00101784 0.0532702 0.337193 0.271692 0.146797 0.138075 0.0397528 0.0106304 0.001469 9.87204e-05 2.35029e-06 1.48129e-08 1.89875e-11 4.17402e-15 1.41841e-19 6.98636e-25 4.77876e-31 4.40252e-38
 1.96352e-41 2.72524e-33 4.57215e-26 9.27224e-20 2.27298e-14 6.73525e-10 2.41246e-06 0.00104451 0.054666 0.346062 0.279684 0.145372 0.125071 0.0373657 0.00950011 0.00116385 6.69101e-05 1.27675e-06 6.13004e-09 5.90267e-12 9.67679e-16 2.42672e-20 8.71313e-26 4.29519e-32 2.82741e-39
 1.94008e-41 2.69271e-33 4.51758e-26 9.16156e-20 2.24585e-14 6.65486e-10 2.38366e-06 0.00103204 0.0540137 0.342012 0.279644 0.155611 0.123833 0.0347011 0.00815966 0.000943716 4.62838e-05 7.08777e-07 2.60744e-09 1.85742e-12 2.22161e-16 4.05363e-21 1.05758e-26 3.77746e-33 1.79419e-40
 1.87565e-41 2.60327e-33 4.36753e-26 8.85727e-20 2.17125e-14 6.43382e-10 2.30449e-06 0.000997765 0.05222 0.330776 0.275199 0.1694 0.126998 0.0358512 0.0077299 0.000791507 3.38137e-05 4.22479e-07 1.19385e-09 6.32739e-13 5.51463e-17 7.2424e-22 1.35359e-27 3.46167e-34 1.17807e-41
 1.79837e-41 2.49603e-33 4.1876e-26 8.49237e-20 2.0818e-14 6.16877e-10 2.20955e-06 0.00095666 0.0500692 0.31732 0.269879 0.183998 0.130967 0.0382162 0.00783941 0.000725817 2.60118e-05 2.63922e-07 5.82617e-10 2.31845e-13 1.48047e-17 1.40558e-22 1.88305e-28 3.4331e-35 8.30474e-43
 1.81453e-41 2.51845e-33 4.22522e-26 8.56867e-20 2.10051e-14 6.22419e-10 2.2294e-06 0.000965255 0.0505196 0.320294 0.274824 0.18332 0.123367 0.0383475 0.00767501 0.000665924 2.04269e-05 1.65769e-07 2.82644e-10 8.51068e-14 4.0305e-18 2.79025e-23 2.69495e-29 3.51797e-36 6.06696e-44
 1.81461e-41 2.51855e-33 4.2254e-26 8.56902e-20 2.10059e-14 6.22444e-10 2.22949e-06 0.000965295 0.0505216 0.320307 0.274841 0.183598 0.124364 0.0377222 0.00710021 0.00056399 1.52789e-05 1.06215e-07 1.51611e-10 3.76381e-14 1.45527e-18 8.17147e-24 6.37209e-30 6.6938e-37 9.26769e-45
#pred catch len freq
 2.5675e-27 2.60002e-27 4.34041e-26 8.61651e-20 2.11223e-14 6.25893e-10 2.24184e-06 0.000970632 0.0507994 0.321371 0.245984 0.0371499 0.109952 0.101572 0.0261807 0.0345033 0.016053 0.0140271 0.00938434 0.00762772 0.00628461 0.00562081 0.00576798 0.00516818 0.00158222
 2.56926e-27 2.60449e-27 4.69215e-26 9.35836e-20 2.29409e-14 6.7978e-10 2.43486e-06 0.0010542 0.055173 0.34904 0.267155 0.0398864 0.115904 0.106718 0.0210981 0.0213661 0.00821657 0.00506516 0.00277442 0.00190073 0.00136016 0.00107798 0.000999568 0.000904363 0.000304166
 2.56917e-27 2.60414e-27 4.65059e-26 9.27063e-20 2.27258e-14 6.73407e-10 2.41203e-06 0.00104432 0.0546558 0.345768 0.264673 0.0409369 0.125643 0.115616 0.0211324 0.0191323 0.00642663 0.00260989 0.00104549 0.000511307 0.000286185 0.000188987 0.000151324 0.00013098 4.58206e-05
 2.56922e-27 2.60428e-27 4.66263e-26 9.29603e-20 2.27881e-14 6.75252e-10 2.41864e-06 0.00104718 0.0548055 0.346715 0.265396 0.0409281 0.125068 0.115104 0.0213844 0.0198226 0.00643 0.00221864 0.000697524 0.000217605 7.79363e-05 3.70667e-05 2.35694e-05 1.82781e-05 6.38654e-06
 2.57182e-27 2.61133e-27 5.28542e-26 1.06099e-19 2.60088e-14 7.70687e-10 2.76047e-06 0.00119518 0.0625513 0.395717 0.302785 0.0391925 0.0855911 0.0786512 0.0145105 0.0133146 0.00434579 0.00153775 0.000454161 0.000113651 2.53669e-05 6.83125e-06 2.84262e-06 1.77977e-06 5.95474e-07
 2.5682e-27 2.60143e-27 4.40241e-26 8.74704e-20 2.14423e-14 6.35374e-10 2.2758e-06 0.000985336 0.0515689 0.326239 0.249785 0.0424362 0.147513 0.135648 0.0219893 0.0160263 0.00521899 0.00186076 0.000556121 0.000138979 2.5903e-05 4.19145e-06 8.41817e-07 3.38453e-07 1.01548e-07
 2.56779e-27 2.60045e-27 4.32799e-26 8.5901e-20 2.10576e-14 6.23974e-10 2.23497e-06 0.000967657 0.0506437 0.320386 0.245301 0.0415309 0.143774 0.132476 0.0264752 0.0270431 0.00836094 0.00220582 0.000637256 0.00016049 3.00482e-05 4.15801e-06 4.40898e-07 7.48832e-08 1.7131e-08
 2.57069e-27 2.60832e-27 5.02283e-26 1.00559e-19 2.46509e-14 7.3045e-10 2.61635e-06 0.00113278 0.0592855 0.375056 0.287017 0.0396362 0.100046 0.0920599 0.0181362 0.0182279 0.00613547 0.00244019 0.000665725 0.000130577 2.37598e-05 3.28292e-06 2.85063e-07 1.95632e-08 2.22539e-09
 2.5701e-27 2.6066e-27 4.86116e-26 9.71481e-20 2.38147e-14 7.05672e-10 2.5276e-06 0.00109435 0.0572745 0.362334 0.277323 0.0409255 0.116669 0.107216 0.0175008 0.0129488 0.0043137 0.00169365 0.000536751 0.000142765 2.21512e-05 2.67315e-06 2.26004e-07 1.07857e-08 4.30462e-10
 2.56988e-27 2.60604e-27 4.81452e-26 9.61645e-20 2.35736e-14 6.98527e-10 2.50201e-06 0.00108327 0.0566946 0.358665 0.27452 0.0408274 0.117892 0.108415 0.0190032 0.0160548 0.00496481 0.00133753 0.00040328 0.000111636 2.2529e-05 2.81939e-06 2.01927e-07 8.77073e-09 1.91112e-10
 2.57062e-27 2.60806e-27 4.99316e-26 9.99331e-20 2.44974e-14 7.25901e-10 2.60006e-06 0.00112573 0.0589164 0.372721 0.285244 0.0402783 0.106179 0.0976055 0.0170722 0.0143792 0.00457081 0.00142798 0.000382356 7.73626e-05 1.53169e-05 2.30392e-06 1.85004e-07 7.01919e-09 1.25908e-10
 2.57091e-27 2.60882e-27 5.05744e-26 1.01289e-19 2.48298e-14 7.3575e-10 2.63533e-06 0.001141 0.0597158 0.377778 0.289106 0.0403132 0.103731 0.0952941 0.0157155 0.0118635 0.00375844 0.00116812 0.000328311 7.19221e-05 1.11206e-05 1.44585e-06 1.33206e-07 5.66794e-09 9.13749e-11
 2.57056e-27 2.60784e-27 4.96932e-26 9.94299e-20 2.4374e-14 7.22246e-10 2.58697e-06 0.00112006 0.0586197 0.370844 0.283818 0.0407201 0.110543 0.101551 0.0162927 0.0115986 0.00358218 0.000970538 0.000267426 5.91968e-05 9.83808e-06 1.12869e-06 8.60316e-08 4.01133e-09 7.11e-11
 2.57028e-27 2.60708e-27 4.90382e-26 9.80482e-20 2.40353e-14 7.1221e-10 2.55102e-06 0.00110449 0.0578052 0.365691 0.279884 0.0407926 0.113858 0.104641 0.0174042 0.0133542 0.0040895 0.0010386 0.00027124 5.34711e-05 8.77629e-06 1.05198e-06 7.42968e-08 2.93068e-09 5.47906e-11
 2.56915e-27 2.60402e-27 4.63207e-26 9.23155e-20 2.263e-14 6.70568e-10 2.40186e-06 0.00103991 0.0544254 0.34431 0.263571 0.0416552 0.131884 0.121261 0.020091 0.0153022 0.00474506 0.00130328 0.000337714 6.21154e-05 9.22726e-06 1.03898e-06 7.49748e-08 2.76814e-09 4.53143e-11
 2.56947e-27 2.60492e-27 4.71484e-26 9.40615e-20 2.30581e-14 6.83251e-10 2.44729e-06 0.00105958 0.0554548 0.350822 0.268536 0.0411813 0.124789 0.114767 0.0199122 0.0165292 0.00511709 0.00138072 0.000365238 7.13403e-05 1.02078e-05 1.0419e-06 6.91815e-08 2.54432e-09 3.90729e-11
 2.57036e-27 2.60733e-27 4.92778e-26 9.85538e-20 2.41593e-14 7.15882e-10 2.56417e-06 0.00111019 0.0581032 0.367577 0.28132 0.0405511 0.111012 0.102049 0.0175602 0.0143714 0.00453367 0.00136428 0.000364046 7.0588e-05 1.05453e-05 1.08222e-06 6.5585e-08 2.20874e-09 3.30777e-11
 2.57023e-27 2.60695e-27 4.89055e-26 9.77682e-20 2.39667e-14 7.10176e-10 2.54373e-06 0.00110134 0.0576401 0.364647 0.279089 0.0409444 0.115572 0.106192 0.0171148 0.0123094 0.00385877 0.00113804 0.000313627 6.65254e-05 1.00039e-05 1.04955e-06 6.47118e-08 2.01856e-09 2.77119e-11
 2.57021e-27 2.60688e-27 4.8843e-26 9.76363e-20 2.39344e-14 7.09218e-10 2.5403e-06 0.00109985 0.0575624 0.364155 0.278714 0.0409776 0.116088 0.106669 0.0172243 0.0124326 0.00379784 0.000957157 0.000256361 5.40216e-05 8.68891e-06 9.57508e-07 6.01037e-08 1.89904e-09 2.44717e-11
 2.57053e-27 2.60777e-27 4.96342e-26 9.93054e-20 2.43435e-14 7.21342e-10 2.58373e-06 0.00111865 0.0585463 0.37038 0.283463 0.0406988 0.11063 0.101643 0.0165156 0.0120818 0.00369522 0.000935109 0.000238906 4.39678e-05 6.87271e-06 7.87323e-07 5.26767e-08 1.70755e-09 2.21545e-11
 2.57084e-27 2.60859e-27 5.03607e-26 1.00838e-19 2.47193e-14 7.32476e-10 2.62361e-06 0.00113592 0.05945 0.376097 0.287825 0.0405236 0.106232 0.0975737 0.0156062 0.0110322 0.00338093 0.000870511 0.0002233 4.06478e-05 5.74359e-06 6.04921e-07 4.13307e-08 1.42336e-09 1.90734e-11
 2.57123e-27 2.60964e-27 5.12827e-26 1.02783e-19 2.5196e-14 7.46603e-10 2.67421e-06 0.00115783 0.0605966 0.383351 0.29336 0.040294 0.100595 0.0923621 0.0145005 0.00982093 0.00298917 0.000739903 0.000189621 3.50402e-05 4.93915e-06 4.85694e-07 2.99982e-08 1.03504e-09 1.46217e-11
 2.57111e-27 2.60931e-27 5.09742e-26 1.02132e-19 2.50365e-14 7.41876e-10 2.65728e-06 0.0011505 0.0602129 0.380923 0.291511 0.0405275 0.103672 0.095169 0.0144129 0.00891254 0.00268615 0.000628886 0.000157971 2.82468e-05 4.00084e-06 3.95047e-07 2.30959e-08 7.24749e-10 1.01122e-11
 2.57111e-27 2.6093e-27 5.09667e-26 1.02116e-19 2.50326e-14 7.41761e-10 2.65686e-06 0.00115032 0.0602036 0.380865 0.291465 0.040506 0.10354 0.0950547 0.0145268 0.00919886 0.00273792 0.000580104 0.000141118 2.39624e-05 3.2858e-06 3.19787e-07 1.87384e-08 5.60362e-10 7.18846e-12
 2.57142e-27 2.61016e-27 5.17331e-26 1.03733e-19 2.5429e-14 7.53505e-10 2.69893e-06 0.00116853 0.0611568 0.386895 0.296065 0.0402155 0.0980973 0.0900459 0.0138922 0.00901328 0.00269452 0.000588059 0.000140299 2.17545e-05 2.8319e-06 2.62924e-07 1.50474e-08 4.47515e-10 5.49475e-12
 2.57159e-27 2.61061e-27 5.21136e-26 1.04536e-19 2.56257e-14 7.59335e-10 2.71981e-06 0.00117757 0.06163 0.389888 0.298351 0.0402459 0.0967225 0.0887426 0.0130324 0.00738071 0.00220263 0.000485783 0.00011692 1.8453e-05 2.27521e-06 1.94743e-07 1.05402e-08 3.04065e-10 3.68537e-12
 2.57171e-27 2.61092e-27 5.2393e-26 1.05125e-19 2.57702e-14 7.63617e-10 2.73515e-06 0.00118421 0.0619775 0.392087 0.300029 0.0401539 0.0948444 0.087013 0.0127912 0.00726369 0.00213156 0.000408723 9.60618e-05 1.53273e-05 1.91733e-06 1.60498e-07 7.98871e-09 2.15736e-10 2.52314e-12
 2.57167e-27 2.6108e-27 5.22832e-26 1.04894e-19 2.57134e-14 7.61934e-10 2.72912e-06 0.00118161 0.061841 0.391223 0.29937 0.0402229 0.0958318 0.0879156 0.0127962 0.00704796 0.00206687 0.000396036 9.01085e-05 1.27228e-05 1.56092e-06 1.32375e-07 6.51222e-09 1.63422e-10 1.77911e-12
 2.57156e-27 2.61053e-27 5.20469e-26 1.04395e-19 2.55912e-14 7.58313e-10 2.71615e-06 0.00117599 0.061547 0.389363 0.297951 0.0402387 0.0969499 0.088961 0.0132274 0.0077675 0.00227633 0.000427479 9.68729e-05 1.35576e-05 1.54069e-06 1.20528e-07 5.93548e-09 1.47565e-10 1.50882e-12
#obs catch len freq
 1.75296e-41 2.43299e-33 4.08185e-26 8.27791e-20 2.02923e-14 6.01299e-10 2.15375e-06 0.000932501 0.0488034 0.308744 0.23649 0.0441304 0.153793 0.130284 0.0366555 0.0281604 0.00863414 0.00275263 0.000548716 6.57652e-05 3.45625e-06 5.76154e-08 2.27174e-10 1.70876e-13 2.12051e-17
 1.76672e-41 2.45209e-33 4.11389e-26 8.34288e-20 2.04516e-14 6.06018e-10 2.17066e-06 0.00093982 0.0491864 0.311168 0.238399 0.045996 0.156028 0.125138 0.0362748 0.0263561 0.00774583 0.00230033 0.000419736 4.37919e-05 1.89716e-06 2.47716e-08 7.32506e-11 4.00444e-14 3.54704e-18
 2.18139e-41 3.02763e-33 5.07948e-26 1.03011e-19 2.52519e-14 7.48259e-10 2.68014e-06 0.00116041 0.0607312 0.384203 0.294122 0.0432964 0.0987414 0.0746609 0.0221988 0.015141 0.00432697 0.00119817 0.000198021 1.7864e-05 6.33162e-07 6.42234e-09 1.42219e-11 5.67573e-15 3.60614e-19
 1.74212e-41 2.41795e-33 4.05661e-26 8.22673e-20 2.01669e-14 5.97581e-10 2.14044e-06 0.000926736 0.0485017 0.306837 0.235317 0.0537088 0.183151 0.128521 0.0254523 0.0129514 0.00356427 0.000918681 0.000138091 1.06738e-05 3.07036e-07 2.40634e-09 3.97391e-12 1.15702e-15 5.28944e-20
 2.11052e-41 2.92926e-33 4.91444e-26 9.96638e-20 2.44314e-14 7.23947e-10 2.59306e-06 0.00112271 0.0587579 0.37172 0.284736 0.0474546 0.113311 0.0765176 0.0270926 0.0157881 0.00287352 0.000544497 7.31488e-05 4.84103e-06 1.12332e-07 6.76496e-10 8.30854e-13 1.76191e-16 5.79305e-21
 2.38605e-41 3.31168e-33 5.55603e-26 1.12675e-19 2.7621e-14 8.1846e-10 2.93159e-06 0.00126928 0.0664289 0.420249 0.321749 0.0454075 0.07832 0.048283 0.0110397 0.00544211 0.00150759 0.000275768 2.39474e-05 1.24241e-06 2.31138e-08 1.06697e-10 9.72178e-14 1.49988e-17 3.54552e-22
 1.35885e-41 1.88599e-33 3.16414e-26 6.41681e-20 1.57301e-14 4.6611e-10 1.66953e-06 0.000722849 0.0378311 0.239335 0.184555 0.0755481 0.270516 0.154112 0.0259374 0.00936496 0.00172806 0.000316646 3.03216e-05 1.08453e-06 1.41556e-08 4.90545e-11 3.3126e-14 3.71766e-18 6.31766e-23
 2.24973e-41 3.12248e-33 5.2386e-26 1.06238e-19 2.60429e-14 7.717e-10 2.7641e-06 0.00119676 0.0626337 0.39624 0.303576 0.0481175 0.0863657 0.0520209 0.0327242 0.0149702 0.00191596 0.000218888 1.67842e-05 5.75107e-07 5.48989e-09 1.27302e-11 6.07976e-15 4.92469e-19 6.01749e-24
 2.0215e-41 2.80571e-33 4.70717e-26 9.54604e-20 2.3401e-14 6.93414e-10 2.4837e-06 0.00107536 0.0562798 0.356046 0.273442 0.0634682 0.151336 0.0749322 0.0145534 0.00640601 0.00217624 0.000269082 1.23072e-05 2.94208e-07 2.33288e-09 4.04901e-12 1.30176e-15 7.13153e-20 6.07832e-25
 2.06409e-41 2.86482e-33 4.80633e-26 9.74714e-20 2.3894e-14 7.08022e-10 2.53602e-06 0.00109801 0.0574654 0.363547 0.279267 0.0636596 0.13838 0.066734 0.0213784 0.00720371 0.00106577 0.000185771 1.21471e-05 2.01175e-07 1.01236e-09 1.30001e-12 3.12514e-16 1.2004e-20 6.90473e-26
 2.02987e-41 2.81733e-33 4.72665e-26 9.58556e-20 2.34979e-14 6.96285e-10 2.49398e-06 0.00107981 0.0565128 0.357523 0.274987 0.0692414 0.147343 0.0658015 0.0196606 0.00657431 0.00115119 0.000116326 6.7901e-06 1.37917e-07 5.65408e-10 4.63127e-13 7.46991e-17 2.0588e-21 8.53164e-27
 2.14082e-41 2.97131e-33 4.98499e-26 1.01095e-19 2.47822e-14 7.34341e-10 2.63029e-06 0.00113882 0.0596015 0.377063 0.289964 0.0678509 0.126794 0.0537362 0.0175798 0.00531265 0.000865003 8.68761e-05 3.65405e-06 5.6786e-08 2.31315e-10 1.66892e-13 1.90393e-17 3.42333e-22 9.49781e-28
 2.09072e-41 2.90178e-33 4.86834e-26 9.8729e-20 2.42023e-14 7.17157e-10 2.56874e-06 0.00111218 0.0582069 0.368244 0.283717 0.075324 0.138856 0.0539573 0.0155182 0.00430929 0.000688868 6.14215e-05 2.28557e-06 2.65971e-08 7.80474e-11 4.69958e-14 4.64183e-18 6.62061e-23 1.30935e-28
 2.03969e-41 2.83096e-33 4.74952e-26 9.63194e-20 2.36116e-14 6.99654e-10 2.50605e-06 0.00108503 0.0567862 0.359261 0.277398 0.0821547 0.146275 0.0546775 0.0174575 0.00427118 0.000583588 4.6752e-05 1.50023e-06 1.4254e-08 3.12649e-11 1.32694e-14 9.67572e-19 1.08873e-23 1.73085e-29
 1.92328e-41 2.66939e-33 4.47846e-26 9.08222e-20 2.2264e-14 6.59723e-10 2.36302e-06 0.00102311 0.0535453 0.338765 0.262668 0.0940242 0.16496 0.0594227 0.0201821 0.00473958 0.000625247 4.1368e-05 1.09299e-06 8.44925e-09 1.44468e-11 4.55753e-15 2.36095e-19 1.86395e-24 2.12872e-30
 1.75009e-41 2.42901e-33 4.07516e-26 8.26435e-20 2.02591e-14 6.00313e-10 2.15022e-06 0.000930973 0.0487234 0.308272 0.240725 0.1099 0.189512 0.068689 0.0264426 0.0059799 0.000775184 4.65984e-05 1.00118e-06 5.98255e-09 7.87638e-12 1.88087e-15 7.20361e-20 4.10395e-25 3.31258e-31
 1.97149e-41 2.7363e-33 4.59071e-26 9.30986e-20 2.2822e-14 6.76258e-10 2.42225e-06 0.00104875 0.0548874 0.347267 0.270104 0.0975954 0.143922 0.0547917 0.0240601 0.00554908 0.000730567 4.06862e-05 7.54114e-07 3.55447e-09 3.49725e-12 6.17421e-16 1.7451e-20 7.28803e-26 4.26994e-32
 1.92041e-41 2.6654e-33 4.47176e-26 9.06865e-20 2.22307e-14 6.58737e-10 2.35949e-06 0.00102158 0.0534653 0.338287 0.264717 0.111845 0.156885 0.0508481 0.0179647 0.00433558 0.00059643 3.20234e-05 5.2452e-07 2.03091e-09 1.54283e-12 2.01216e-16 4.11946e-21 1.24154e-26 5.25304e-33
 1.91062e-41 2.65182e-33 4.44898e-26 9.02243e-20 2.21174e-14 6.5538e-10 2.34746e-06 0.00101637 0.0531929 0.336579 0.264529 0.118369 0.154085 0.0506923 0.0177224 0.00337707 0.000412478 2.16931e-05 3.22926e-07 1.05369e-09 6.36637e-13 6.33527e-17 9.59342e-22 2.09389e-27 6.34376e-34
 1.92754e-41 2.6753e-33 4.48838e-26 9.10234e-20 2.23133e-14 6.61184e-10 2.36825e-06 0.00102537 0.053664 0.339577 0.267918 0.122859 0.146959 0.0480859 0.0165645 0.00302643 0.000305705 1.30856e-05 1.71591e-07 4.80047e-10 2.35869e-13 1.83255e-17 2.10435e-22 3.40977e-28 7.54611e-35
 2.00767e-41 2.78651e-33 4.67495e-26 9.4807e-20 2.32408e-14 6.88668e-10 2.4667e-06 0.00106799 0.0558947 0.353705 0.279386 0.121723 0.131001 0.041337 0.013342 0.00232013 0.000212812 7.36143e-06 7.45107e-08 1.67604e-10 6.67528e-14 4.10926e-18 3.64297e-23 4.46346e-29 7.3527e-36
 2.00227e-41 2.77903e-33 4.66239e-26 9.45524e-20 2.31784e-14 6.86818e-10 2.46007e-06 0.00106513 0.0557447 0.352789 0.280477 0.130039 0.129268 0.037847 0.0108983 0.00172365 0.000141241 4.15695e-06 3.27522e-08 5.48143e-11 1.64366e-14 7.76319e-19 5.29552e-24 4.95008e-30 6.14818e-37
 2.03906e-41 2.83009e-33 4.74806e-26 9.62897e-20 2.36043e-14 6.99438e-10 2.50527e-06 0.0010847 0.056769 0.3593 0.286685 0.131371 0.119252 0.0348421 0.00932769 0.00127464 8.86317e-05 2.1776e-06 1.37305e-08 1.74253e-11 3.8182e-15 1.30768e-19 6.52927e-25 4.51796e-31 4.17909e-38
 1.97756e-41 2.74472e-33 4.60483e-26 9.33851e-20 2.28923e-14 6.7834e-10 2.4297e-06 0.00105198 0.0550567 0.348534 0.281614 0.145801 0.124126 0.0343103 0.00839672 0.00104617 6.049e-05 1.18207e-06 5.83952e-09 5.68217e-12 9.28997e-16 2.31703e-20 8.30166e-26 4.10475e-32 2.7215e-39
 2.02608e-41 2.81207e-33 4.71783e-26 9.56766e-20 2.3454e-14 6.94985e-10 2.48932e-06 0.00107779 0.0564078 0.357128 0.289405 0.143646 0.112015 0.0320747 0.0073918 0.000811574 3.97794e-05 6.17092e-07 2.31054e-09 1.68318e-12 2.04639e-16 3.75849e-21 9.80309e-27 3.49086e-33 1.65326e-40
 2.00353e-41 2.78076e-33 4.66531e-26 9.46115e-20 2.31929e-14 6.87248e-10 2.46161e-06 0.00106579 0.0557802 0.353248 0.28968 0.153175 0.110511 0.0295655 0.00629907 0.000646102 2.67377e-05 3.30242e-07 9.4147e-10 5.05546e-13 4.47458e-17 5.96917e-22 1.12966e-27 2.91156e-34 9.94246e-42
 1.94171e-41 2.69497e-33 4.52137e-26 9.16924e-20 2.24773e-14 6.66044e-10 2.38566e-06 0.00103291 0.0540596 0.342497 0.285883 0.166337 0.113345 0.0303949 0.00589581 0.000532805 1.90376e-05 1.90011e-07 4.13705e-10 1.64673e-13 1.05965e-17 1.01606e-22 1.37604e-28 2.53684e-35 6.20119e-43
 1.86689e-41 2.59112e-33 4.34714e-26 8.81592e-20 2.16112e-14 6.40379e-10 2.29373e-06 0.000993108 0.0519772 0.329501 0.281267 0.180402 0.117132 0.0323039 0.00592827 0.000479352 1.42602e-05 1.14779e-07 1.94025e-10 5.77671e-14 2.71763e-18 1.88124e-23 1.82471e-29 2.39684e-36 4.16268e-44
 1.891e-41 2.62459e-33 4.40329e-26 8.92978e-20 2.18903e-14 6.48649e-10 2.32336e-06 0.00100593 0.0526484 0.333714 0.283044 0.173442 0.115115 0.0341619 0.00635213 0.000500674 1.35032e-05 9.3622e-08 1.33423e-10 3.30899e-14 1.27857e-18 7.17599e-24 5.59391e-30 5.8748e-37 8.13209e-45
#spawning biomass
 6208.96 8649.82 10866 12929.9 20800.2 33886.3 31842.5 35511.5 46355 59327 76932.9 102633 125110 150977 146784 121883 120885 118945 109170 105782 110625 121695 125442 128476 141579 138318 143999 148862 157875 118238 122273 51050.4 22938.1 14747.5 12637.6 12133.4 12018.9 11993.8 11988.5 11987.4 11987.1 11987.1 11987.1 11987.1 11987.1 11987.1 11987.1 11987.1 11987.1 11987.1 11987.1 11987.1 11987.1 11987.1 11987.1 11987.1 11987.1 11987.1 11987.1 11987.1 11987.1 11987.1 11987.1 11987.1 11987.1 11987.1 11987.1 11987.1 11987.1 11987.1 11987.1 11987.1 11987.1 11987.1 11987.1 11987.1 11987.1 11987.1 11987.1 11987.1 11987.1 11987.1 11987.1 11987.1 11987.1 11987.1 11987.1 11987.1 11987.1 11987.1 11987.1 11987.1 11987.1 11987.1 11987.1 11987.1 11987.1 11987.1 11987.1 11987.1 11987.1 11987.1 11987.1 11987.1 11987.1 11987.1 11987.1 11987.1 11987.1 11987.1 11987.1 11987.1 11987.1 11987.1 11987.1 11987.1 11987.1 11987.1 11987.1 11987.1 11987.1 11987.1 11987.1 11987.1 11987.1 11987.1 11987.1 11987.1 11987.1 0 0 0 0 0 0 0 0 0 0 0 0 0 0 0 0 0 0 0 0 0 0 0 0 0
