SBPRF35
0.224663
Curr Bio
28237.8
B35
69950.3
F35
0.5117
FOFL
0.507166
OFL
33111.1
Bzero
64189.3
#pred survey bio
 7525.19 6477.63 7460.03 9543.87 12439.8 15402.5 15202.9 14000 23455.2 35073.3 36699.5 41981.6 64524.3 79136.6 67667.3 60736.2 57327.8 59710.9 57220.4 58155.5 61778.7 63733.5 70832.6 73540.6 81851.3 81852.7 71840.5 72509.5 85913.8 5.11275e+06 3.20871e+06 2.47195e+06 1.7313e+06 1.2818e+06 1.04308e+06 922361 861882 831070 814816 805847 800659 797528 795569 794311 793489 792947 792587 792347 792185 792076 792003 791954 791920 791898 791882 791872 791865 791860 791857 791855 791854 791853 791852 791851 791851 791851 791851 791851 791851 791851 791851 791851 791851 791850 791850 791850 791850 791850 791850 791850 791850 791850 791850 791850 791850 791850 791850 791850 791850 791850 791850 791850 791850 791850 791850 791850 791850 791850 791850 791850 791850 791850 791850 791850 791850 791850 791850 791850 791850 791850 791850 791850 791850 791850 791850 791850 791850 791850 791850 791850 791850 791850 791850 791850 791850 791850 791850 791850 791850 0 0 0 0 0 0 0 0 0 0 0 0 0 0 0 0 0 0 0 0 0 0 0 0 0
#obs survey bio
 6534.31 8097.62 4727.92 11731.2 12115.1 16697.2 12774.4 15296 38001 30723.8 41409.8 58194.6 91474.5 60156.3 66645.2 43636.6 54825.9 55901.6 37152.6 49499.4 81712.4 47386.1 71868.5 75745.7 85729.7 63553 72295.9 97172.2 83892.3
#pred catch bio
 4145.87 3280.5 3616.57 4726.5 5767.37 7763.4 9368 7027.82 9339.53 18178.1 22859.3 19688.3 30857.3 48992.9 41005.2 38596 32434.5 36261.2 33649.1 32694.3 37636.6 34381.7 42022.7 41087 46569.8 51941 43262 43215.3 13090 33111.1 43879.1 35093.7 22824.7 15697 12166.2 10536.7 9816.25 9506.4 9375.57 9321.02 9298.47 9289.2 9285.4 9283.85 9283.22 9282.97 9282.86 9282.82 9282.8 9282.8 9282.79 9282.79 9282.79 9282.79 9282.79 9282.79 9282.79 9282.79 9282.79 9282.79 9282.79 9282.79 9282.79 9282.79 9282.79 9282.79 9282.79 9282.79 9282.79 9282.79 9282.79 9282.79 9282.79 9282.79 9282.79 9282.79 9282.79 9282.79 9282.79 9282.79 9282.79 9282.79 9282.79 9282.79 9282.79 9282.79 9282.79 9282.79 9282.79 9282.79 9282.79 9282.79 9282.79 9282.79 9282.79 9282.79 9282.79 9282.79 9282.79 9282.79 9282.79 9282.79 9282.79 9282.79 9282.79 9282.79 9282.79 9282.79 9282.79 9282.79 9282.79 9282.79 9282.79 9282.79 9282.79 9282.79 9282.79 9282.79 9282.79 9282.79 9282.79 9282.79 9282.79 9282.79 9282.79 9282.79 9282.79 9282.79 9282.79 0 0 0 0 0 0 0 0 0 0 0 0 0 0 0 0 0 0 0 0 0 0 0 0 0
#obs catch bio
 3425.54 3267.57 3618.24 4733.82 5715.91 7586.69 9518.8 7098.81 8904.68 17599.7 23434.7 18835.7 29520.2 49904.2 41620 40923.2 31949.2 37052.3 33970 32616.9 37911.9 34233.7 41855.6 40821.2 46130 54076.5 43934.9 43628.2 12886.6
#pred cpue bio
 5266.84 3834.56 4102.95 5122.24 6536.38 8791.51 9509.88 7462.05 10342.6 19486.8 21673.9 19478.6 32155.7 45094.2 39059.4 34482.6 30024.8 33436.3 31216.8 31671.9 33955.2 33124.7 39452.7 38876.6 44106.6 46617.6 39586.2 38661.3 41806.2 3.27591e+06 2.70582e+06 2.29155e+06 1.55879e+06 1.10688e+06 867681 746888 686398 655585 639331 630362 625174 622042 620084 618826 618004 617462 617102 616862 616700 616591 616518 616469 616435 616413 616397 616387 616380 616375 616372 616370 616369 616368 616367 616366 616366 616366 616366 616366 616366 616366 616366 616366 616365 616365 616365 616365 616365 616365 616365 616365 616365 616365 616365 616365 616365 616365 616365 616365 616365 616365 616365 616365 616365 616365 616365 616365 616365 616365 616365 616365 616365 616365 616365 616365 616365 616365 616365 616365 616365 616365 616365 616365 616365 616365 616365 616365 616365 616365 616365 616365 616365 616365 616365 616365 616365 616365 616365 616365 616365 0 0 0 0 0 0 0 0 0 0 0 0 0 0 0 0 0 0 0 0 0 0 0 0 0
#obs cpue bio
 4239.39 4469.32 4358.89 5187.85 7038.29 12457 8071.81 7829.32 17648.7 18647.6 23012.7 29752.5 33165.2 35140.9 26031 24830.2 37979 25767.4 40946.2 35015.6 34399.8 29627.9 60372.3 37797.9 42971.6 29813.3 34991.2 38556.5 37579.4
#pred surv len freq
 2.14188e-27 2.16378e-27 5.62661e-27 1.18464e-21 7.04549e-17 9.63345e-13 3.02829e-09 2.18855e-06 0.000363625 0.0138902 0.121985 0.246292 0.114937 0.0285936 0.10042 0.14134 0.0574274 0.0458853 0.0399669 0.0247007 0.0191027 0.014838 0.0136828 0.0117785 0.00479345
 2.14321e-27 2.16809e-27 6.12757e-27 1.35462e-21 8.05644e-17 1.10157e-12 3.46281e-09 2.50259e-06 0.000415801 0.0158833 0.139488 0.281632 0.131379 0.0313381 0.10653 0.149642 0.0568349 0.0341295 0.0266277 0.010947 0.00607635 0.00365265 0.00265325 0.00198561 0.000783262
 2.14407e-27 2.17034e-27 6.36995e-27 1.43683e-21 8.54537e-17 1.16843e-12 3.67297e-09 2.65446e-06 0.000441035 0.0168472 0.147953 0.298723 0.139289 0.0315755 0.102829 0.144338 0.0539137 0.0296254 0.0222167 0.00741032 0.00288258 0.00106437 0.0004988 0.000286381 0.000103151
 2.14433e-27 2.17099e-27 6.43555e-27 1.45907e-21 8.67762e-17 1.18651e-12 3.72981e-09 2.69554e-06 0.000447861 0.017108 0.150243 0.303346 0.141434 0.0317705 0.102626 0.143996 0.0530625 0.0269606 0.0198425 0.00625612 0.00213603 0.000567196 0.000141432 4.6161e-05 1.33475e-05
 2.14463e-27 2.17171e-27 6.50864e-27 1.48384e-21 8.82498e-17 1.20666e-12 3.79315e-09 2.74132e-06 0.000455466 0.0173985 0.152794 0.308497 0.143816 0.0317952 0.101225 0.14198 0.051815 0.0247722 0.0179303 0.00535507 0.00167812 0.000400897 7.10003e-05 1.0957e-05 1.80782e-06
 2.14279e-27 2.16721e-27 6.03465e-27 1.32307e-21 7.8688e-17 1.07592e-12 3.38216e-09 2.4443e-06 0.000406117 0.0155134 0.136239 0.275074 0.128414 0.0331429 0.119526 0.167829 0.0616535 0.0307244 0.0223671 0.00658651 0.00199706 0.000447563 6.94527e-05 7.29805e-06 5.55959e-07
 2.14065e-27 2.16204e-27 5.50009e-27 1.14179e-21 6.79068e-17 9.28504e-13 2.91877e-09 2.1094e-06 0.000350474 0.0133879 0.117573 0.237387 0.111016 0.0338126 0.134973 0.189804 0.0721568 0.0434231 0.0325945 0.00974628 0.00300527 0.000661934 9.71526e-05 8.90695e-06 4.53668e-07
 2.14475e-27 2.17207e-27 6.55587e-27 1.49991e-21 8.92053e-17 1.21972e-12 3.83422e-09 2.771e-06 0.000460398 0.0175869 0.154449 0.311837 0.145324 0.0308388 0.0943792 0.132464 0.0502549 0.0299463 0.022553 0.00702158 0.00228796 0.000511899 7.49973e-05 6.58929e-06 2.95305e-07
 2.14751e-27 2.17875e-27 7.25097e-27 1.73564e-21 1.03225e-16 1.41142e-12 4.43682e-09 3.2065e-06 0.000532755 0.0203509 0.178722 0.360845 0.167937 0.0296724 0.0724879 0.101394 0.0363854 0.0154953 0.0110647 0.00355544 0.00121848 0.000286503 4.41621e-05 3.92958e-06 1.71478e-07
 2.14282e-27 2.16718e-27 6.01789e-27 1.31732e-21 7.83458e-17 1.07124e-12 3.36745e-09 2.43367e-06 0.00040435 0.0154459 0.135647 0.273878 0.127909 0.0344207 0.127687 0.179124 0.0628102 0.0221081 0.0148706 0.00416376 0.00119426 0.000284196 4.64902e-05 4.36783e-06 1.96654e-07
 2.14223e-27 2.16588e-27 5.90176e-27 1.27803e-21 7.60092e-17 1.03929e-12 3.26702e-09 2.36109e-06 0.000392291 0.0149852 0.131601 0.265709 0.124073 0.0328159 0.120352 0.169153 0.0643179 0.0387002 0.0285652 0.00726283 0.00167985 0.000336807 4.83335e-05 4.60134e-06 2.18413e-07
 2.14678e-27 2.17698e-27 7.06398e-27 1.67222e-21 9.94531e-17 1.35984e-12 4.27469e-09 3.08933e-06 0.000513287 0.0196072 0.172192 0.347659 0.161861 0.0301933 0.079642 0.111505 0.0403258 0.0181469 0.0130059 0.00391654 0.00118052 0.00022127 2.52082e-05 2.0002e-06 8.89461e-08
 2.14515e-27 2.1729e-27 6.62315e-27 1.52263e-21 9.05567e-17 1.2382e-12 3.8923e-09 2.81298e-06 0.000467372 0.0178533 0.156789 0.316562 0.147568 0.0324215 0.102617 0.143771 0.0501165 0.0166846 0.0110422 0.00305245 0.000843184 0.000183149 2.48396e-05 1.7952e-06 6.52026e-08
 2.14257e-27 2.16662e-27 5.96622e-27 1.29983e-21 7.73058e-17 1.05702e-12 3.32275e-09 2.40136e-06 0.000398983 0.0152409 0.133846 0.270242 0.126206 0.0338157 0.125089 0.175614 0.0636439 0.0290179 0.0204366 0.00508025 0.00111767 0.000217394 2.90858e-05 2.39089e-06 9.14251e-08
 2.14221e-27 2.16574e-27 5.8734e-27 1.26834e-21 7.5433e-17 1.03141e-12 3.24226e-09 2.34319e-06 0.000389317 0.0148716 0.130604 0.263696 0.123192 0.0341602 0.129165 0.181349 0.0655311 0.0292941 0.0206784 0.00546788 0.00133594 0.000235856 2.55004e-05 1.8991e-06 7.53634e-08
 2.14287e-27 2.16739e-27 6.05288e-27 1.32925e-21 7.90554e-17 1.08094e-12 3.39795e-09 2.45571e-06 0.000408013 0.0155858 0.136875 0.276358 0.129008 0.0331533 0.119202 0.167373 0.0615104 0.0307085 0.022131 0.00589612 0.00147747 0.000277046 3.13129e-05 2.07057e-06 7.03215e-08
 2.14434e-27 2.17094e-27 6.41908e-27 1.45343e-21 8.64409e-17 1.18193e-12 3.7154e-09 2.68513e-06 0.00044613 0.0170419 0.149663 0.302174 0.140928 0.0327455 0.108932 0.152742 0.0542381 0.0212695 0.0146356 0.00394922 0.0010157 0.000192907 2.25416e-05 1.56184e-06 5.17977e-08
 2.14278e-27 2.16709e-27 6.01155e-27 1.31518e-21 7.82189e-17 1.0695e-12 3.362e-09 2.42973e-06 0.000403695 0.0154209 0.135427 0.273434 0.127693 0.0341267 0.126026 0.176848 0.0629088 0.0250111 0.0171552 0.00434292 0.00098985 0.000186609 2.2419e-05 1.59568e-06 5.48426e-08
 2.14364e-27 2.16926e-27 6.24594e-27 1.39471e-21 8.2949e-17 1.13418e-12 3.56531e-09 2.57666e-06 0.000428108 0.0163534 0.143617 0.289968 0.135291 0.0328952 0.113525 0.159302 0.0577391 0.026349 0.0185877 0.00468979 0.0010463 0.000184403 2.01851e-05 1.41693e-06 4.98902e-08
 2.14353e-27 2.16897e-27 6.21187e-27 1.38314e-21 8.22608e-17 1.12477e-12 3.53573e-09 2.55528e-06 0.000424556 0.0162177 0.142425 0.287563 0.134194 0.0333112 0.116789 0.163845 0.0585462 0.0241162 0.0167572 0.00447143 0.00111501 0.000199589 2.10674e-05 1.37128e-06 4.55046e-08
 2.14351e-27 2.16894e-27 6.21346e-27 1.3837e-21 8.2294e-17 1.12522e-12 3.53716e-09 2.55631e-06 0.000424728 0.0162243 0.142483 0.287679 0.134234 0.0329294 0.114423 0.160579 0.0583307 0.0270246 0.0191821 0.00501284 0.00121453 0.00022882 2.63818e-05 1.74143e-06 5.51267e-08
 2.14448e-27 2.17129e-27 6.45652e-27 1.46613e-21 8.71961e-17 1.19225e-12 3.74786e-09 2.70859e-06 0.000450028 0.0171908 0.15097 0.304814 0.142145 0.0326443 0.107518 0.150746 0.0534859 0.0208343 0.0142867 0.00378142 0.000935718 0.000173473 1.98321e-05 1.3804e-06 4.61142e-08
 2.14302e-27 2.16771e-27 6.07928e-27 1.33817e-21 7.9586e-17 1.0882e-12 3.42076e-09 2.47219e-06 0.000410751 0.0156904 0.137794 0.278213 0.129886 0.0336919 0.121931 0.171111 0.0613549 0.0259367 0.0180482 0.00462638 0.00107781 0.000200412 2.32687e-05 1.61292e-06 5.47953e-08
 2.14435e-27 2.17101e-27 6.4317e-27 1.45773e-21 8.66967e-17 1.18542e-12 3.72639e-09 2.69307e-06 0.00044745 0.0170923 0.150105 0.303068 0.141324 0.0322766 0.105799 0.148405 0.0537847 0.0245336 0.0173556 0.00451287 0.001074 0.00019415 2.15291e-05 1.48587e-06 5.0813e-08
 2.14374e-27 2.16946e-27 6.26334e-27 1.4006e-21 8.32989e-17 1.13896e-12 3.58035e-09 2.58753e-06 0.000429914 0.0164224 0.144223 0.291191 0.135869 0.0332211 0.115145 0.161512 0.0574914 0.0229865 0.0158875 0.0042901 0.00109995 0.000204271 2.2836e-05 1.53238e-06 5.09734e-08
 2.14252e-27 2.16649e-27 5.95132e-27 1.29477e-21 7.70048e-17 1.0529e-12 3.30981e-09 2.39201e-06 0.000397429 0.0151815 0.133325 0.26919 0.125726 0.033992 0.126483 0.177552 0.0639807 0.0280398 0.0196558 0.00504207 0.00118045 0.000223752 2.66316e-05 1.84003e-06 6.09465e-08
 2.1433e-27 2.1684e-27 6.15284e-27 1.36312e-21 8.10701e-17 1.10849e-12 3.48455e-09 2.51829e-06 0.000418411 0.015983 0.140364 0.2834 0.132274 0.0334134 0.118667 0.166514 0.0597837 0.0255153 0.0177981 0.00458194 0.00106925 0.000192418 2.14701e-05 1.51013e-06 5.22659e-08
 2.14403e-27 2.1702e-27 6.34302e-27 1.42763e-21 8.49068e-17 1.16095e-12 3.64946e-09 2.63747e-06 0.000438212 0.0167394 0.147006 0.296812 0.138452 0.0328284 0.111054 0.155769 0.0557992 0.0234182 0.016284 0.00420679 0.000989688 0.000178691 1.95955e-05 1.3095e-06 4.40028e-08
 2.14571e-27 2.1743e-27 6.77432e-27 1.57393e-21 9.36075e-17 1.27992e-12 4.02343e-09 2.90775e-06 0.000483118 0.0184548 0.162071 0.327226 0.152469 0.0316532 0.0947127 0.132678 0.0468666 0.0175896 0.0119144 0.00303972 0.000698402 0.000125873 1.38751e-05 9.22372e-07 3.0096e-08
#obs surv len freq
 8.67957e-40 4.24805e-33 4.77997e-27 1.23653e-21 7.35413e-17 1.00554e-12 3.16094e-09 2.28442e-06 0.000379559 0.0144987 0.127327 0.257081 0.120061 0.0322046 0.11922 0.167653 0.0649812 0.0428819 0.0335446 0.0126718 0.00541563 0.00165569 0.00036813 4.99607e-05 3.4543e-06
 1.03934e-39 5.08683e-33 5.72378e-27 1.48069e-21 8.80621e-17 1.20409e-12 3.78507e-09 2.73548e-06 0.000454503 0.0173614 0.152468 0.307839 0.143468 0.0306115 0.0941961 0.132251 0.050741 0.0319619 0.0247108 0.00895055 0.00364682 0.00107273 0.000230983 3.06467e-05 2.06397e-06
 9.69206e-40 4.74359e-33 5.33757e-27 1.38078e-21 8.21201e-17 1.12284e-12 3.52967e-09 2.5509e-06 0.000423835 0.01619 0.14218 0.287069 0.133949 0.0328474 0.114106 0.160116 0.0579056 0.0260826 0.0190245 0.00663604 0.00257837 0.000721257 0.000147005 1.87262e-05 1.2255e-06
 1.05277e-39 5.15258e-33 5.79776e-27 1.49983e-21 8.92003e-17 1.21965e-12 3.83399e-09 2.77083e-06 0.000460378 0.0175858 0.154439 0.311818 0.145335 0.031357 0.0975482 0.136849 0.0507001 0.0265744 0.0194597 0.00561668 0.00171262 0.000444568 8.50929e-05 1.02074e-05 6.3663e-07
 9.86879e-40 4.83009e-33 5.4349e-27 1.40596e-21 8.36175e-17 1.14332e-12 3.59403e-09 2.59741e-06 0.000431564 0.0164852 0.144773 0.292304 0.13637 0.0328808 0.112732 0.158148 0.0567959 0.0243182 0.0172995 0.00532833 0.00169857 0.00036829 5.66388e-05 6.14759e-06 3.59153e-07
 8.11326e-40 3.97088e-33 4.4681e-27 1.15586e-21 6.8743e-17 9.39936e-13 2.9547e-09 2.13537e-06 0.000354794 0.0135527 0.11902 0.240309 0.112404 0.0347807 0.140002 0.196709 0.0721154 0.0354724 0.0256147 0.00714603 0.0020018 0.000444292 6.55102e-05 5.85198e-06 2.90448e-07
 7.93555e-40 3.8839e-33 4.37023e-27 1.13054e-21 6.72373e-17 9.19348e-13 2.88998e-09 2.08859e-06 0.000347023 0.0132558 0.116413 0.235045 0.109926 0.0336068 0.134422 0.189088 0.0727223 0.046244 0.0349065 0.0102657 0.00304316 0.000621994 8.32709e-05 7.16011e-06 3.14708e-07
 1.32773e-39 6.49832e-33 7.31201e-27 1.89155e-21 1.12497e-16 1.5382e-12 4.83534e-09 3.49451e-06 0.000580618 0.0221789 0.194775 0.393255 0.182838 0.0274501 0.0491539 0.0686105 0.0262579 0.0163376 0.0124965 0.00420378 0.00148657 0.000324729 4.40844e-05 3.50937e-06 1.42775e-07
 1.10305e-39 5.39868e-33 6.07469e-27 1.57146e-21 9.34608e-17 1.27791e-12 4.01711e-09 2.90318e-06 0.000482367 0.0184258 0.161815 0.326712 0.15227 0.032666 0.10105 0.141426 0.047419 0.00971796 0.00541559 0.00177526 0.000636288 0.000158105 2.50731e-05 2.11799e-06 8.41447e-08
 6.37239e-40 3.11884e-33 3.50937e-27 9.07841e-22 5.39927e-17 7.38253e-13 2.3207e-09 1.67718e-06 0.000278665 0.0106447 0.0934814 0.188749 0.0887128 0.0386815 0.179354 0.251965 0.0887424 0.0324451 0.0215051 0.00461015 0.000668929 0.00013427 2.23628e-05 2.15809e-06 9.53178e-08
 1.23051e-39 6.02247e-33 6.77658e-27 1.75304e-21 1.0426e-16 1.42556e-12 4.48127e-09 3.23862e-06 0.000538102 0.0205548 0.180512 0.364459 0.169541 0.0278705 0.0603998 0.0846622 0.034691 0.0282795 0.0216225 0.00548075 0.00119365 0.000176634 1.40746e-05 1.05827e-06 4.98329e-08
 1.18131e-39 5.78169e-33 6.50565e-27 1.68295e-21 1.00091e-16 1.36857e-12 4.3021e-09 3.10914e-06 0.000516588 0.019733 0.173295 0.349889 0.162932 0.0312631 0.0855006 0.119552 0.0402781 0.00891427 0.00526399 0.00196137 0.000744122 0.000139459 1.34518e-05 7.04413e-07 1.97392e-08
 8.79724e-40 4.30564e-33 4.84478e-27 1.2533e-21 7.45383e-17 1.01918e-12 3.20379e-09 2.31539e-06 0.000384705 0.0146952 0.129053 0.260568 0.121804 0.0356998 0.139507 0.19569 0.0673856 0.0197298 0.0122832 0.0026667 0.000420939 9.44086e-05 1.47473e-05 1.00966e-06 2.80782e-08
 9.26255e-40 4.53338e-33 5.10103e-27 1.31959e-21 7.84808e-17 1.07308e-12 3.37325e-09 2.43785e-06 0.000405052 0.0154725 0.135879 0.274348 0.128084 0.0332725 0.120536 0.169263 0.0623491 0.0315455 0.0225072 0.00524998 0.000938439 0.000134565 1.16398e-05 9.06049e-07 3.55254e-08
 7.37096e-40 3.60757e-33 4.0593e-27 1.0501e-21 6.24535e-17 8.53939e-13 2.68436e-09 1.94e-06 0.000322333 0.0123127 0.10813 0.218324 0.102294 0.0362289 0.155469 0.218444 0.078876 0.0350929 0.0249702 0.00718241 0.0019921 0.000330554 2.74528e-05 1.38308e-06 4.05212e-08
 1.1248e-39 5.50513e-33 6.19446e-27 1.60245e-21 9.53036e-17 1.3031e-12 4.09632e-09 2.96042e-06 0.000491878 0.0187891 0.165006 0.333153 0.155143 0.0298849 0.0821319 0.115202 0.0441976 0.0277736 0.0207568 0.0056452 0.00148644 0.000298583 3.54311e-05 2.07241e-06 5.16836e-08
 8.72203e-40 4.26883e-33 4.80335e-27 1.24258e-21 7.3901e-17 1.01046e-12 3.1764e-09 2.29559e-06 0.000381416 0.0145696 0.12795 0.25834 0.120774 0.0356917 0.140128 0.196563 0.0676192 0.0196209 0.0126641 0.00405478 0.00133877 0.000267921 3.26085e-05 2.36287e-06 7.59973e-08
 9.52795e-40 4.66327e-33 5.24719e-27 1.3574e-21 8.07296e-17 1.10383e-12 3.4699e-09 2.50771e-06 0.000416659 0.0159158 0.139773 0.282209 0.131699 0.0327593 0.115034 0.161529 0.0599006 0.0315308 0.0226453 0.00530577 0.00103004 0.000216418 3.12426e-05 2.38066e-06 8.46168e-08
 1.01099e-39 4.94808e-33 5.56766e-27 1.4403e-21 8.566e-17 1.17125e-12 3.68182e-09 2.66086e-06 0.000442106 0.0168879 0.148309 0.299443 0.139663 0.0326694 0.10929 0.153278 0.0548427 0.0228334 0.0160583 0.0046938 0.00133482 0.000227065 2.24425e-05 1.71664e-06 6.79994e-08
 8.63021e-40 4.22389e-33 4.75279e-27 1.2295e-21 7.3123e-17 9.99826e-13 3.14296e-09 2.27142e-06 0.0003774 0.0144162 0.126603 0.25562 0.119491 0.0350149 0.136816 0.192052 0.0681862 0.0267021 0.0183351 0.00486588 0.00123478 0.000250448 3.06615e-05 1.9505e-06 6.28918e-08
 1.11235e-39 5.44418e-33 6.12588e-27 1.58471e-21 9.42484e-17 1.28868e-12 4.05097e-09 2.92764e-06 0.000486432 0.0185811 0.163179 0.329464 0.153468 0.0306788 0.0880898 0.123496 0.0457156 0.0238326 0.0172523 0.00447095 0.00106041 0.000196647 2.33222e-05 1.7138e-06 5.8171e-08
 8.87534e-40 4.34386e-33 4.88779e-27 1.26442e-21 7.52e-17 1.02822e-12 3.23223e-09 2.33594e-06 0.00038812 0.0148257 0.130199 0.26288 0.122859 0.0353178 0.136477 0.19145 0.0662787 0.0205915 0.0134373 0.00392 0.00113576 0.000212004 2.32973e-05 1.60071e-06 5.60189e-08
 1.0009e-39 4.89873e-33 5.51213e-27 1.42594e-21 8.48057e-17 1.15957e-12 3.6451e-09 2.63432e-06 0.000437697 0.0167195 0.14683 0.296457 0.138267 0.0322602 0.107692 0.151142 0.0556996 0.0282632 0.0202138 0.00483033 0.000970434 0.000188152 2.39729e-05 1.66058e-06 5.46236e-08
 1.0357e-39 5.06901e-33 5.70374e-27 1.4755e-21 8.77537e-17 1.19987e-12 3.77181e-09 2.7259e-06 0.000452911 0.0173006 0.151934 0.306762 0.143043 0.032568 0.106465 0.149253 0.052828 0.0201817 0.0138966 0.0039906 0.00111039 0.000191053 1.88139e-05 1.31327e-06 4.66641e-08
 8.71266e-40 4.26424e-33 4.79819e-27 1.24125e-21 7.38216e-17 1.00938e-12 3.17299e-09 2.29312e-06 0.000381006 0.0145539 0.127813 0.258062 0.120621 0.0350461 0.136271 0.19126 0.067585 0.0254463 0.0172556 0.00442425 0.00104618 0.000206175 2.48731e-05 1.57904e-06 4.88573e-08
 9.2412e-40 4.52293e-33 5.08927e-27 1.31655e-21 7.82999e-17 1.07061e-12 3.36547e-09 2.43223e-06 0.000404119 0.0154368 0.135566 0.273716 0.127789 0.0332022 0.120297 0.168936 0.0623369 0.0318867 0.0229747 0.00585476 0.00133316 0.000236795 2.63595e-05 1.87247e-06 6.27354e-08
 9.70404e-40 4.74945e-33 5.34416e-27 1.38248e-21 8.22215e-17 1.12423e-12 3.53403e-09 2.55405e-06 0.000424359 0.01621 0.142356 0.287424 0.13412 0.0330236 0.115075 0.161474 0.0583049 0.0259419 0.0184693 0.00534528 0.00152092 0.000277958 2.92049e-05 1.89735e-06 6.30595e-08
 1.13072e-39 5.53409e-33 6.22704e-27 1.61088e-21 9.58049e-17 1.30996e-12 4.11787e-09 2.97599e-06 0.000494465 0.0188879 0.165874 0.334905 0.155997 0.0310521 0.0887291 0.12428 0.04438 0.0181946 0.0126505 0.00343621 0.000906812 0.000184345 2.30369e-05 1.54522e-06 4.83999e-08
 1.13072e-39 5.53409e-33 6.22704e-27 1.61088e-21 9.58049e-17 1.30996e-12 4.11787e-09 2.97599e-06 0.000494465 0.0188879 0.165874 0.334905 0.155997 0.0310521 0.0887291 0.12428 0.04438 0.0181946 0.0126505 0.00343621 0.000906812 0.000184345 2.30369e-05 1.54522e-06 4.83999e-08
#pred catch len freq
 2.13508e-27 2.14635e-27 3.76093e-27 5.51797e-22 3.28174e-17 4.48719e-13 1.41055e-09 1.01941e-06 0.000169374 0.00646996 0.0568196 0.114727 0.0541643 0.0299793 0.148528 0.209633 0.0875058 0.0764396 0.0671135 0.0413821 0.0319288 0.0247451 0.0227944 0.0196166 0.00798292
 2.1358e-27 2.14984e-27 4.20562e-27 7.02731e-22 4.1794e-17 5.71459e-13 1.79639e-09 1.29825e-06 0.000215703 0.00823971 0.0723616 0.146107 0.0688795 0.0355087 0.172836 0.243429 0.0942199 0.061828 0.0487865 0.0200159 0.011079 0.00664387 0.00481996 0.00360585 0.00142231
 2.13655e-27 2.15197e-27 4.43818e-27 7.81605e-22 4.6485e-17 6.356e-13 1.99802e-09 1.44397e-06 0.000239914 0.00916454 0.0804835 0.162505 0.0764999 0.0365545 0.17428 0.245321 0.0931979 0.0559358 0.042478 0.0141457 0.00548768 0.00202137 0.000945616 0.000542634 0.000195433
 2.13698e-27 2.153e-27 4.54198e-27 8.1678e-22 4.8577e-17 6.64204e-13 2.08793e-09 1.50896e-06 0.000250711 0.00957698 0.0841055 0.169818 0.0798987 0.0370326 0.174995 0.246217 0.0920425 0.0507786 0.0378564 0.0119152 0.00405642 0.00107488 0.000267483 8.7224e-05 2.52165e-05
 2.1371e-27 2.15326e-27 4.56506e-27 8.24585e-22 4.90412e-17 6.70551e-13 2.10789e-09 1.52337e-06 0.000253106 0.00966849 0.0849092 0.171441 0.0806622 0.037388 0.176676 0.248525 0.0920516 0.0481889 0.0354161 0.0105651 0.00330257 0.000787509 0.000139212 2.1462e-05 3.53961e-06
 2.13546e-27 2.14927e-27 4.14638e-27 6.82581e-22 4.05956e-17 5.55073e-13 1.74488e-09 1.26103e-06 0.000209518 0.00800345 0.0702867 0.141919 0.0670521 0.0384121 0.191825 0.269957 0.100674 0.0547794 0.040445 0.0118948 0.00359714 0.000804708 0.000124643 1.30849e-05 9.96298e-07
 2.13423e-27 2.14637e-27 3.85584e-27 5.84101e-22 3.47387e-17 4.7499e-13 1.49314e-09 1.07909e-06 0.00017929 0.00684875 0.0601461 0.121445 0.0575685 0.0379281 0.195042 0.274745 0.10583 0.0677832 0.0512873 0.0152982 0.00469852 0.0010328 0.000151294 1.38574e-05 7.05473e-07
 2.13744e-27 2.15422e-27 4.68292e-27 8.64647e-22 5.14238e-17 7.03129e-13 2.2103e-09 1.59739e-06 0.000265403 0.0101382 0.0890345 0.179769 0.0844447 0.0355797 0.163126 0.229661 0.0885633 0.0570329 0.0433873 0.0134822 0.00437982 0.000978142 0.000143043 1.25564e-05 5.62462e-07
 2.14037e-27 2.16124e-27 5.40223e-27 1.10854e-21 6.59288e-17 9.01459e-13 2.83375e-09 2.04796e-06 0.000340265 0.0129979 0.114148 0.230473 0.107877 0.0353369 0.146362 0.205641 0.0747794 0.0349391 0.0253991 0.00815211 0.00278763 0.000654341 0.000100688 8.95172e-06 3.90458e-07
 2.13575e-27 2.14981e-27 4.178e-27 6.93183e-22 4.12262e-17 5.63695e-13 1.77198e-09 1.28062e-06 0.000212772 0.00812776 0.0713784 0.144124 0.0681502 0.0405134 0.203989 0.286723 0.10146 0.0386672 0.0265215 0.00741686 0.00212056 0.0005036 8.22386e-05 7.72007e-06 3.47436e-07
 2.1358e-27 2.15016e-27 4.25021e-27 7.17846e-22 4.2693e-17 5.83751e-13 1.83503e-09 1.32618e-06 0.000220343 0.00841695 0.0739181 0.14925 0.0703946 0.0371638 0.181996 0.256293 0.098505 0.0623888 0.0463566 0.0117619 0.0027067 0.00054136 7.75249e-05 7.373e-06 3.49827e-07
 2.13995e-27 2.16023e-27 5.29536e-27 1.07229e-21 6.37729e-17 8.71981e-13 2.74108e-09 1.98099e-06 0.000329138 0.0125729 0.110415 0.222937 0.104402 0.0355773 0.150101 0.210946 0.0771346 0.0373453 0.0271224 0.00815179 0.00244919 0.000458342 5.21102e-05 4.12994e-06 1.83556e-07
 2.13798e-27 2.15527e-27 4.75462e-27 8.88776e-22 5.28589e-17 7.22751e-13 2.27198e-09 1.64196e-06 0.00027281 0.0104212 0.0915191 0.184787 0.0868847 0.0387899 0.181211 0.254572 0.0894897 0.0322132 0.0217631 0.00600899 0.00165461 0.000358716 4.85678e-05 3.50704e-06 1.27307e-07
 2.13624e-27 2.15109e-27 4.32596e-27 7.43437e-22 4.4215e-17 6.04561e-13 1.90044e-09 1.37346e-06 0.000228198 0.008717 0.0765532 0.154571 0.0729188 0.0388786 0.190861 0.268437 0.0980151 0.0469581 0.0333678 0.00827862 0.00181183 0.000351527 4.69349e-05 3.85431e-06 1.47318e-07
 2.13576e-27 2.14991e-27 4.20162e-27 7.01257e-22 4.17064e-17 5.7026e-13 1.79262e-09 1.29553e-06 0.000215251 0.00822243 0.0722098 0.145802 0.0688807 0.0393042 0.196101 0.275817 0.100499 0.047515 0.0338876 0.00894224 0.0021749 0.000383226 4.1346e-05 3.07541e-06 1.21979e-07
 2.13668e-27 2.15223e-27 4.45359e-27 7.86761e-22 4.67916e-17 6.39792e-13 2.01119e-09 1.4535e-06 0.000241496 0.00922499 0.0810144 0.163578 0.0770461 0.0379011 0.182179 0.256284 0.0948581 0.0494155 0.0358558 0.00952783 0.00237476 0.000444313 5.01171e-05 3.31044e-06 1.12363e-07
 2.13775e-27 2.15475e-27 4.70625e-27 8.72399e-22 5.18849e-17 7.09433e-13 2.23011e-09 1.61171e-06 0.000267783 0.0102291 0.0898327 0.181382 0.0852938 0.0383421 0.179504 0.252279 0.0902221 0.0374046 0.0260487 0.00701403 0.00179575 0.000340366 3.96933e-05 2.74737e-06 9.10673e-08
 2.1364e-27 2.15142e-27 4.3525e-27 7.524e-22 4.4748e-17 6.1185e-13 1.92336e-09 1.39002e-06 0.000230949 0.00882209 0.0774761 0.156435 0.0738049 0.0395323 0.194289 0.273134 0.0978081 0.0409356 0.0283864 0.00717222 0.00162655 0.000305932 3.66805e-05 2.60807e-06 8.95907e-08
 2.13711e-27 2.15323e-27 4.55333e-27 8.20567e-22 4.88022e-17 6.67283e-13 2.09761e-09 1.51595e-06 0.000251873 0.00962138 0.0844954 0.170606 0.0803034 0.0381139 0.18136 0.255039 0.0931933 0.0448695 0.0319593 0.00804818 0.00178688 0.000314246 3.43261e-05 2.4068e-06 8.46984e-08
 2.13678e-27 2.1524e-27 4.45958e-27 7.88738e-22 4.69092e-17 6.414e-13 2.01625e-09 1.45715e-06 0.000242103 0.00924817 0.0812179 0.163989 0.0772733 0.0388881 0.18808 0.264423 0.0952889 0.0417822 0.0294031 0.0078314 0.0019448 0.000347479 3.66046e-05 2.37989e-06 7.89286e-08
 2.13716e-27 2.15337e-27 4.56883e-27 8.25829e-22 4.91152e-17 6.71562e-13 2.11106e-09 1.52567e-06 0.000253488 0.00968308 0.0850373 0.1717 0.0808041 0.0379817 0.180222 0.253444 0.092735 0.0450417 0.0322373 0.00840505 0.00202591 0.00038083 4.38204e-05 2.88955e-06 9.14208e-08
 2.13768e-27 2.15458e-27 4.68717e-27 8.65927e-22 5.14999e-17 7.0417e-13 2.21357e-09 1.59975e-06 0.000265796 0.0101532 0.0891663 0.180036 0.0846745 0.0384152 0.180356 0.253481 0.0906689 0.0376388 0.0261697 0.00691469 0.00170404 0.0003153 3.59744e-05 2.5013e-06 8.35162e-08
 2.1365e-27 2.15171e-27 4.38766e-27 7.64346e-22 4.54585e-17 6.21564e-13 1.95389e-09 1.41209e-06 0.000234616 0.00896217 0.0787062 0.158918 0.0749351 0.0390555 0.19063 0.268039 0.0968502 0.0432642 0.0304349 0.00778664 0.00180548 0.000334985 3.88155e-05 2.68774e-06 9.12606e-08
 2.13765e-27 2.15457e-27 4.69491e-27 8.68595e-22 5.16586e-17 7.06339e-13 2.22039e-09 1.60468e-06 0.000266615 0.0101845 0.089441 0.180591 0.0849005 0.0376076 0.175259 0.246438 0.09012 0.0436118 0.0311814 0.00809265 0.00191739 0.000345914 3.82801e-05 2.63904e-06 9.01996e-08
 2.13708e-27 2.15311e-27 4.53358e-27 8.13832e-22 4.84017e-17 6.61806e-13 2.0804e-09 1.50351e-06 0.000249806 0.00954241 0.0838019 0.169206 0.0796822 0.0388085 0.186021 0.261488 0.0937951 0.0397663 0.0278264 0.00749881 0.0019143 0.000354812 3.95864e-05 2.65353e-06 8.82184e-08
 2.13635e-27 2.15134e-27 4.35021e-27 7.51649e-22 4.47034e-17 6.11239e-13 1.92144e-09 1.38863e-06 0.000230719 0.0088133 0.0773989 0.156278 0.0737141 0.0390355 0.191303 0.269014 0.0975589 0.0446915 0.0315908 0.00808514 0.00188269 0.000356015 4.22885e-05 2.91879e-06 9.66263e-08
 2.13689e-27 2.15266e-27 4.48823e-27 7.98464e-22 4.74877e-17 6.49309e-13 2.04111e-09 1.47512e-06 0.000245089 0.00936222 0.0822195 0.166011 0.0782009 0.0386971 0.186305 0.261942 0.0947129 0.0425146 0.0299487 0.00769387 0.00178656 0.000320806 3.57211e-05 2.50966e-06 8.6814e-08
 2.13767e-27 2.15458e-27 4.69032e-27 8.67012e-22 5.15645e-17 7.05052e-13 2.21634e-09 1.60176e-06 0.000266129 0.010166 0.089278 0.180262 0.0847681 0.0381329 0.178565 0.251007 0.0905068 0.0398418 0.0279682 0.00720941 0.00168742 0.000304003 3.3269e-05 2.22077e-06 7.45817e-08
 2.13647e-27 2.15163e-27 4.37946e-27 7.61567e-22 4.52932e-17 6.19304e-13 1.94679e-09 1.40695e-06 0.000233763 0.00892958 0.0784201 0.15834 0.0746679 0.0390522 0.190784 0.268261 0.0970093 0.0435807 0.0306919 0.00785237 0.00181074 0.000326328 3.59183e-05 2.38557e-06 7.77986e-08
#obs catch len freq
 4.07497e-40 1.99441e-33 2.24415e-27 5.80539e-22 3.45268e-17 4.72092e-13 1.48403e-09 1.07251e-06 0.000178199 0.00680696 0.0597788 0.120704 0.0571458 0.035795 0.182241 0.256953 0.102789 0.0771737 0.0615866 0.0240867 0.0106179 0.00328825 0.000743885 0.000103572 7.40842e-06
 4.22788e-40 2.06926e-33 2.32836e-27 6.02325e-22 3.58225e-17 4.89808e-13 1.53972e-09 1.11276e-06 0.000184886 0.00706241 0.0620221 0.125233 0.0592569 0.0362524 0.183668 0.258872 0.102221 0.0729514 0.057608 0.0217876 0.00931414 0.00284249 0.000630689 8.5451e-05 5.90074e-06
 5.77325e-40 2.8256e-33 3.17942e-27 8.22485e-22 4.89163e-17 6.68841e-13 2.10251e-09 1.51949e-06 0.000252465 0.00964384 0.0846922 0.171003 0.0803774 0.0351897 0.163387 0.230113 0.0898029 0.0610244 0.0476347 0.0172689 0.00703655 0.00206604 0.000443897 5.87961e-05 3.95476e-06
 5.2148e-40 2.55228e-33 2.87187e-27 7.42926e-22 4.41846e-17 6.04144e-13 1.89913e-09 1.37251e-06 0.000228044 0.00871099 0.0764999 0.154464 0.0728517 0.0384061 0.188006 0.264427 0.0966687 0.0467864 0.0345825 0.0120689 0.00468765 0.00130878 0.000266138 3.38417e-05 2.21181e-06
 6.05197e-40 2.96202e-33 3.33291e-27 8.62193e-22 5.12778e-17 7.01132e-13 2.20401e-09 1.59285e-06 0.000264654 0.0101094 0.088781 0.179259 0.0842483 0.0366346 0.169719 0.23879 0.0895743 0.0503163 0.0372423 0.0107515 0.00327649 0.000848873 0.000162096 1.94089e-05 1.20888e-06
 5.45244e-40 2.66859e-33 3.00274e-27 7.76781e-22 4.61981e-17 6.31676e-13 1.98568e-09 1.43505e-06 0.000238436 0.00910795 0.0799861 0.161502 0.0761135 0.038611 0.187136 0.263138 0.095406 0.0436902 0.0314932 0.00970143 0.00309091 0.000669076 0.000102623 1.11165e-05 6.48529e-07
 4.06533e-40 1.9897e-33 2.23884e-27 5.79167e-22 3.44452e-17 4.70976e-13 1.48052e-09 1.06997e-06 0.000177778 0.00679088 0.0596375 0.12042 0.0571601 0.0396802 0.206046 0.289976 0.10741 0.0562195 0.0410183 0.0114401 0.00320069 0.000709043 0.000104297 9.29874e-06 4.60758e-07
 3.93403e-40 1.92544e-33 2.16653e-27 5.60461e-22 3.33327e-17 4.55765e-13 1.4327e-09 1.03542e-06 0.000172036 0.00657154 0.0577113 0.11653 0.0552863 0.0376645 0.194913 0.274657 0.107079 0.0723311 0.0550073 0.0161697 0.0047875 0.000976851 0.000130437 1.11941e-05 4.9129e-07
 9.75046e-40 4.77218e-33 5.36973e-27 1.3891e-21 8.26149e-17 1.12961e-12 3.55094e-09 2.56627e-06 0.000426389 0.0162875 0.143037 0.288798 0.134688 0.0312216 0.10366 0.145661 0.0564536 0.0372084 0.0286677 0.0096355 0.00340242 0.000741882 0.000100468 7.98295e-06 3.24275e-07
 6.89796e-40 3.37607e-33 3.79881e-27 9.82716e-22 5.84458e-17 7.99141e-13 2.51211e-09 1.8155e-06 0.000301649 0.0115226 0.101191 0.204316 0.0959348 0.0393578 0.178791 0.250881 0.0843558 0.0180845 0.0103207 0.00338108 0.0012094 0.000299848 4.74389e-05 4.00051e-06 1.58708e-07
 3.01873e-40 1.47746e-33 1.66246e-27 4.30063e-22 2.55774e-17 3.49725e-13 1.09936e-09 7.94513e-07 0.000132009 0.00504259 0.044284 0.0894225 0.0429678 0.0433645 0.23788 0.334505 0.118517 0.0455789 0.0305789 0.00655384 0.000948423 0.000189787 3.15241e-05 3.03677e-06 1.33956e-07
 8.54529e-40 4.18233e-33 4.70602e-27 1.2174e-21 7.24036e-17 9.89988e-13 3.11204e-09 2.24908e-06 0.000373687 0.0142744 0.125357 0.253104 0.118186 0.0312267 0.11445 0.161233 0.0669748 0.0570903 0.0438327 0.011098 0.00241047 0.000356182 2.82921e-05 2.12044e-06 9.96918e-08
 7.91716e-40 3.8749e-33 4.3601e-27 1.12792e-21 6.70814e-17 9.17217e-13 2.88328e-09 2.08375e-06 0.000346218 0.0132251 0.116143 0.234502 0.10982 0.0374749 0.158198 0.221918 0.074981 0.0173113 0.0104268 0.00387962 0.00146902 0.000274904 2.6452e-05 1.3826e-06 3.86615e-08
 4.86865e-40 2.38287e-33 2.68124e-27 6.93612e-22 4.12517e-17 5.64043e-13 1.77307e-09 1.2814e-06 0.000212907 0.00813278 0.0714221 0.144213 0.0682346 0.0416616 0.21097 0.296386 0.102473 0.031351 0.0197942 0.0042958 0.000675748 0.000151054 2.35455e-05 1.60987e-06 4.47109e-08
 5.22694e-40 2.55822e-33 2.87855e-27 7.44655e-22 4.42874e-17 6.0555e-13 1.90355e-09 1.3757e-06 0.000228575 0.00873126 0.076678 0.154823 0.0730137 0.0382933 0.18721 0.263407 0.0978276 0.0519385 0.0373468 0.00870517 0.0015519 0.000222155 1.91529e-05 1.4867e-06 5.82251e-08
 3.74617e-40 1.83349e-33 2.06307e-27 5.33698e-22 3.1741e-17 4.34001e-13 1.36429e-09 9.85973e-07 0.000163821 0.00625774 0.0549555 0.110967 0.0528356 0.0408928 0.216297 0.304291 0.11063 0.0515795 0.0370226 0.0106344 0.00294196 0.000487448 4.03806e-05 2.0298e-06 5.93415e-08
 7.23586e-40 3.54145e-33 3.9849e-27 1.03086e-21 6.13089e-17 8.38288e-13 2.63517e-09 1.90444e-06 0.000316425 0.012087 0.106148 0.214322 0.10037 0.0342706 0.14472 0.203681 0.0789561 0.0520005 0.0390905 0.0106177 0.00278779 0.000558778 6.61467e-05 3.8631e-06 9.62008e-08
 4.76054e-40 2.32995e-33 2.6217e-27 6.78209e-22 4.03356e-17 5.51517e-13 1.7337e-09 1.25295e-06 0.000208179 0.00795216 0.069836 0.141011 0.0667524 0.041618 0.211669 0.297368 0.102729 0.0312219 0.0204529 0.00654011 0.0021544 0.000430336 5.22314e-05 3.7777e-06 1.21352e-07
 5.48196e-40 2.68304e-33 3.019e-27 7.80987e-22 4.64482e-17 6.35096e-13 1.99643e-09 1.44282e-06 0.000239727 0.00915727 0.0804191 0.162377 0.0764833 0.0376985 0.181303 0.255118 0.095407 0.0526481 0.0380878 0.00891676 0.0017255 0.000361527 5.20598e-05 3.96001e-06 1.40545e-07
 6.00837e-40 2.94068e-33 3.3089e-27 8.55981e-22 5.09084e-17 6.9608e-13 2.18813e-09 1.58137e-06 0.000262747 0.0100366 0.0881413 0.177968 0.0837092 0.0381749 0.179511 0.252337 0.0908877 0.0397334 0.0282208 0.00823861 0.00233745 0.000397011 3.9118e-05 2.98472e-06 1.18066e-07
 4.67781e-40 2.28946e-33 2.57614e-27 6.66423e-22 3.96347e-17 5.41933e-13 1.70357e-09 1.23117e-06 0.000204561 0.00781398 0.0686224 0.13856 0.0655752 0.0404381 0.205205 0.288509 0.103067 0.0423746 0.0294081 0.00779681 0.00197317 0.000399347 4.87727e-05 3.09723e-06 9.96837e-08
 7.0815e-40 3.4659e-33 3.89989e-27 1.00886e-21 6.00009e-17 8.20405e-13 2.57895e-09 1.86381e-06 0.000309675 0.0118292 0.103884 0.209751 0.098308 0.0356391 0.154452 0.217205 0.0810964 0.0443796 0.032369 0.00837976 0.00198208 0.000366802 4.33782e-05 3.18133e-06 1.07838e-07
 4.89378e-40 2.39517e-33 2.69508e-27 6.97192e-22 4.14646e-17 5.66954e-13 1.78222e-09 1.28802e-06 0.000214006 0.00817475 0.0717907 0.144957 0.068561 0.0411935 0.207888 0.292091 0.101584 0.0330686 0.0218765 0.00637463 0.00184243 0.000343292 3.76206e-05 2.5794e-06 9.01271e-08
 5.93998e-40 2.90721e-33 3.27124e-27 8.46239e-22 5.0329e-17 6.88158e-13 2.16323e-09 1.56337e-06 0.000259756 0.00992236 0.0871381 0.175942 0.0827411 0.0373315 0.174974 0.24614 0.0914429 0.0486407 0.0350526 0.008369 0.00167617 0.000324169 4.11958e-05 2.8485e-06 9.35521e-08
 6.26295e-40 3.06528e-33 3.4491e-27 8.9225e-22 5.30654e-17 7.25574e-13 2.28085e-09 1.64837e-06 0.00027388 0.0104619 0.091876 0.185508 0.0871984 0.0382592 0.177753 0.249782 0.0889385 0.0356564 0.0248201 0.00711897 0.00197613 0.00033947 3.3331e-05 2.32116e-06 8.23581e-08
 4.76022e-40 2.3298e-33 2.62152e-27 6.78164e-22 4.03329e-17 5.5148e-13 1.73358e-09 1.25286e-06 0.000208165 0.00795163 0.0698313 0.141001 0.0667084 0.0405648 0.205243 0.288523 0.102547 0.040496 0.0277639 0.00711196 0.00167697 0.000329752 3.96831e-05 2.51485e-06 7.76789e-08
 5.20745e-40 2.54868e-33 2.86782e-27 7.41878e-22 4.41223e-17 6.03292e-13 1.89645e-09 1.37057e-06 0.000227722 0.0086987 0.076392 0.154246 0.0727417 0.0381575 0.186555 0.262497 0.0976693 0.0524244 0.0380621 0.00968982 0.00220035 0.000390039 4.3293e-05 3.06903e-06 1.02684e-07
 5.65353e-40 2.76701e-33 3.11348e-27 8.05428e-22 4.79018e-17 6.54971e-13 2.05891e-09 1.48798e-06 0.000247229 0.00944385 0.0829358 0.167458 0.0788556 0.0383122 0.183517 0.258051 0.0938209 0.0437521 0.031423 0.00908159 0.00257721 0.000470154 4.92626e-05 3.19366e-06 1.05969e-07
 5.54246e-40 2.71265e-33 3.05232e-27 7.89606e-22 4.69608e-17 6.42105e-13 2.01846e-09 1.45875e-06 0.000242373 0.00925833 0.0813066 0.164169 0.0773347 0.0383085 0.184486 0.259454 0.0948347 0.0457703 0.0328791 0.00899821 0.0024026 0.000489563 6.11939e-05 4.10311e-06 1.28431e-07
#spawning biomass
 4347.82 2847.47 2927.1 3600.3 4550.4 6174.94 6852.99 5319.09 7048.34 13236.1 15474.3 13358.6 21599.2 31252.9 27081.1 24135.1 20473.7 22885.3 21582.6 21730.7 23541.3 22553.5 27142.3 26842.5 30177 32217.4 27240.3 26513.3 28237.8 69361.5 101885 94378.2 62334.2 41479.8 31019.8 26186.3 24048.9 23129.6 22741.5 22579.7 22512.8 22485.3 22474 22469.4 22467.5 22466.8 22466.5 22466.3 22466.3 22466.3 22466.3 22466.3 22466.3 22466.3 22466.3 22466.3 22466.3 22466.3 22466.3 22466.3 22466.3 22466.3 22466.3 22466.3 22466.3 22466.3 22466.3 22466.3 22466.3 22466.3 22466.3 22466.3 22466.3 22466.3 22466.3 22466.3 22466.3 22466.3 22466.3 22466.3 22466.3 22466.3 22466.3 22466.3 22466.3 22466.3 22466.3 22466.3 22466.3 22466.3 22466.3 22466.3 22466.3 22466.3 22466.3 22466.3 22466.3 22466.3 22466.3 22466.3 22466.3 22466.3 22466.3 22466.3 22466.3 22466.3 22466.3 22466.3 22466.3 22466.3 22466.3 22466.3 22466.3 22466.3 22466.3 22466.3 22466.3 22466.3 22466.3 22466.3 22466.3 22466.3 22466.3 22466.3 22466.3 22466.3 22466.3 22466.3 22466.3 0 0 0 0 0 0 0 0 0 0 0 0 0 0 0 0 0 0 0 0 0 0 0 0 0
