SBPRF35
0.256306
Curr Bio
193445
B35
209514
F35
0.396848
FOFL
0.353445
OFL
62222.5
Bzero
73230.3
#pred survey bio
 27233.1 23295.4 18242 15897.5 24977.7 38549.7 54458.5 65455.4 85836 119634 150282 181074 214116 236658 232837 225165 216632 205284 200198 201633 218623 226426 259071 269813 259687 255735 262649 255230 270561 9.2663e+06 5.00349e+06 3.59015e+06 2.43637e+06 1.6904e+06 1.25708e+06 1.01855e+06 890249 821399 784000 763223 751348 744347 740096 737444 735752 734661 733947 733476 733162 732952 732811 732716 732652 732609 732580 732560 732547 732538 732532 732528 732525 732523 732522 732521 732521 732520 732520 732520 732520 732520 732519 732519 732519 732519 732519 732519 732519 732519 732519 732519 732519 732519 732519 732519 732519 732519 732519 732519 732519 732519 732519 732519 732519 732519 732519 732519 732519 732519 732519 732519 732519 732519 732519 732519 732519 732519 732519 732519 732519 732519 732519 732519 732519 732519 732519 732519 732519 732519 732519 732519 732519 732519 732519 732519 732519 732519 732519 732519 732519 0 0 0 0 0 0 0 0 0 0 0 0 0 0 0 0 0 0 0 0 0 0 0 0 0
#obs survey bio
 27346.9 13639.6 15748.2 21717.9 33171.4 43923.7 41210.8 58502.3 95047.2 150026 147998 239104 165768 315014 176752 240766 198626 226302 165913 240359 260488 302817 257766 280138 252996 237244 280984 234187 229962
#pred catch bio
 4558.85 3805.78 3752.54 2841.93 5442.9 7401.5 14684.5 16973.8 19587.9 37832.6 56671.9 71587 88173.3 102672 100065 101189 96952 85753 85816.3 79885.2 89032.5 81019.4 104485 118642 112622 102540 110637 93183.4 110166 62222.5 63317.9 44013.7 28677.1 19130.3 13839.5 11100.5 9741.66 9086.06 8775.54 8630.29 8562.92 8531.85 8517.59 8511.05 8508.07 8506.71 8506.09 8505.81 8505.68 8505.62 8505.59 8505.58 8505.58 8505.57 8505.57 8505.57 8505.57 8505.57 8505.57 8505.57 8505.57 8505.57 8505.57 8505.57 8505.57 8505.57 8505.57 8505.57 8505.57 8505.57 8505.57 8505.57 8505.57 8505.57 8505.57 8505.57 8505.57 8505.57 8505.57 8505.57 8505.57 8505.57 8505.57 8505.57 8505.57 8505.57 8505.57 8505.57 8505.57 8505.57 8505.57 8505.57 8505.57 8505.57 8505.57 8505.57 8505.57 8505.57 8505.57 8505.57 8505.57 8505.57 8505.57 8505.57 8505.57 8505.57 8505.57 8505.57 8505.57 8505.57 8505.57 8505.57 8505.57 8505.57 8505.57 8505.57 8505.57 8505.57 8505.57 8505.57 8505.57 8505.57 8505.57 8505.57 8505.57 8505.57 8505.57 8505.57 8505.57 0 0 0 0 0 0 0 0 0 0 0 0 0 0 0 0 0 0 0 0 0 0 0 0 0
#obs catch bio
 3733.13 3912.56 4020.17 2872.19 5443.31 7044.07 14516 16244.8 18941.7 34786.2 53194.8 66821.9 82639.4 95641.2 104344 105186 99907 84791.4 89718.4 81001.6 89046.5 77921 97713.6 115364 111906 100128 109659 88432.9 110535
#pred cpue bio
 26309 22926.2 18047.4 15117.6 22498.3 35495.4 50854.9 61145.1 79296.6 110770 138456 165719 196116 217786 215969 208865 199847 190306 186127 185781 201899 209692 239451 249788 240441 236440 243782 236997 251910 8.61507e+06 4.94679e+06 3.55576e+06 2.40259e+06 1.65664e+06 1.22332e+06 984796 856491 787641 750241 729465 717590 710589 706338 703686 701994 700903 700189 699717 699404 699194 699053 698958 698894 698851 698822 698802 698789 698780 698774 698770 698767 698765 698764 698763 698762 698762 698762 698762 698761 698761 698761 698761 698761 698761 698761 698761 698761 698761 698761 698761 698761 698761 698761 698761 698761 698761 698761 698761 698761 698761 698761 698761 698761 698761 698761 698761 698761 698761 698761 698761 698761 698761 698761 698761 698761 698761 698761 698761 698761 698761 698761 698761 698761 698761 698761 698761 698761 698761 698761 698761 698761 698761 698761 698761 698761 698761 698761 698761 698761 0 0 0 0 0 0 0 0 0 0 0 0 0 0 0 0 0 0 0 0 0 0 0 0 0
#obs cpue bio
 16225.4 18280.7 13447.9 16559.5 27753.1 51699.5 53326.1 107599 58717.8 206775 134554 163923 311694 224580 141488 183402 203372 200800 154285 160771 192254 202724 378531 218680 233483 290813 237726 362853 233753
#pred surv len freq
 2.36789e-11 1.11374e-09 3.62739e-08 8.18066e-07 1.27753e-05 0.000138147 0.00103446 0.00536436 0.0192708 0.0480214 0.0834394 0.103129 0.0972466 0.0836983 0.0798252 0.0801243 0.0749215 0.0661115 0.0577269 0.0499639 0.0428921 0.036929 0.0311212 0.0238377 0.0151907
 1.15866e-11 5.44978e-10 1.77496e-08 4.00298e-07 6.25127e-06 6.76001e-05 0.000506229 0.00262585 0.00944322 0.0236324 0.0417492 0.054833 0.0620105 0.0742998 0.093978 0.106399 0.103106 0.0920317 0.0807492 0.0695565 0.0581559 0.0473411 0.0370297 0.026456 0.0160229
 9.5878e-12 4.50964e-10 1.46876e-08 3.31243e-07 5.17285e-06 5.59377e-05 0.000418878 0.00217243 0.00780788 0.0194934 0.0341231 0.043378 0.0448722 0.0474744 0.0583235 0.0745254 0.0914347 0.105206 0.10945 0.101598 0.0862479 0.0686541 0.0510425 0.034203 0.0195126
 3.40747e-11 1.60271e-09 5.21992e-08 1.17722e-06 1.8384e-05 0.000198796 0.00148856 0.00771827 0.027714 0.0689336 0.118905 0.142868 0.121689 0.0784377 0.0464964 0.0342637 0.0339203 0.0397073 0.0482965 0.0548567 0.0549006 0.0476547 0.035923 0.0233314 0.0126775
 4.42258e-11 2.08017e-09 6.77498e-08 1.52793e-06 2.38608e-05 0.00025802 0.00193202 0.0100178 0.035973 0.0894971 0.154515 0.186313 0.160771 0.107825 0.0680478 0.0472695 0.0328612 0.0210744 0.0147818 0.013805 0.014852 0.0147865 0.0123802 0.00843211 0.00458275
 3.57567e-11 1.68183e-09 5.4776e-08 1.23533e-06 1.92915e-05 0.000208611 0.00156208 0.00810019 0.0290951 0.0724655 0.125656 0.154093 0.14135 0.113146 0.0965176 0.085282 0.0655974 0.0416972 0.0235515 0.0133678 0.00875345 0.00700433 0.00586321 0.00424628 0.00242226
 3.23713e-11 1.52259e-09 4.95898e-08 1.11837e-06 1.7465e-05 0.00018886 0.00141419 0.00733332 0.0263412 0.0656127 0.113816 0.139779 0.12893 0.104974 0.092839 0.0873806 0.0756024 0.0583966 0.0411238 0.0258648 0.0143446 0.00757749 0.00433735 0.00265325 0.00147209
 3.29874e-11 1.55157e-09 5.05337e-08 1.13966e-06 1.77975e-05 0.000192455 0.0014411 0.00747277 0.0268407 0.0668425 0.115852 0.141823 0.129352 0.102308 0.0870801 0.0804025 0.0700464 0.0563032 0.0432696 0.031106 0.0198562 0.0109765 0.0053467 0.00242094 0.00104849
 3.64011e-11 1.71213e-09 5.57631e-08 1.2576e-06 1.96392e-05 0.00021237 0.00159022 0.00824583 0.0296148 0.0737251 0.127604 0.155376 0.139027 0.104303 0.0818883 0.0712294 0.0599143 0.0468797 0.0356947 0.0263937 0.018087 0.0109953 0.00573496 0.00252332 0.000940875
 3.52118e-11 1.65619e-09 5.39412e-08 1.21651e-06 1.89975e-05 0.000205432 0.00153827 0.00797658 0.0286495 0.07134 0.123597 0.151066 0.136995 0.106575 0.0880606 0.0782787 0.0644401 0.0477113 0.0340068 0.0240062 0.0162621 0.0101412 0.00557261 0.00258177 0.000975759
 3.65777e-11 1.72044e-09 5.60336e-08 1.2637e-06 1.97344e-05 0.0002134 0.00159793 0.00828588 0.0297591 0.0740902 0.128275 0.156374 0.140502 0.106608 0.0850374 0.0743019 0.0615431 0.0462955 0.0330903 0.0227175 0.0146562 0.0087672 0.0047555 0.00223831 0.000870557
 3.80216e-11 1.78835e-09 5.82455e-08 1.31358e-06 2.05135e-05 0.000221824 0.00166101 0.00861291 0.030933 0.0770058 0.133276 0.162248 0.145055 0.108484 0.084403 0.0719549 0.0581006 0.0423293 0.0293858 0.0198622 0.0126681 0.00741027 0.00389327 0.00178497 0.000687581
 3.74802e-11 1.76289e-09 5.74162e-08 1.29488e-06 2.02214e-05 0.000218666 0.00163736 0.00849034 0.0304936 0.0759202 0.131452 0.160289 0.144141 0.109554 0.0873057 0.075372 0.0605188 0.0431413 0.0289431 0.0188365 0.0116065 0.00659648 0.00338004 0.00151207 0.000569143
 3.6207e-11 1.703e-09 5.54657e-08 1.25089e-06 1.95345e-05 0.000211238 0.00158175 0.00820201 0.029459 0.0733539 0.127074 0.155257 0.140608 0.108979 0.0895003 0.0790406 0.0643862 0.0464985 0.0314307 0.0202934 0.0121872 0.00667704 0.00329293 0.00142404 0.000521006
 3.41175e-11 1.60472e-09 5.22648e-08 1.1787e-06 1.84071e-05 0.000199047 0.00149047 0.00772881 0.0277609 0.0691403 0.119875 0.146938 0.134606 0.107562 0.0923118 0.0840917 0.0698456 0.0515023 0.0356451 0.0234605 0.0142143 0.0077452 0.0037409 0.00156755 0.000554036
 3.45109e-11 1.62323e-09 5.28675e-08 1.19229e-06 1.86194e-05 0.000201343 0.00150765 0.00781786 0.0280798 0.0699252 0.121172 0.148226 0.134831 0.105812 0.0887739 0.0803492 0.0677449 0.0516271 0.0372146 0.025386 0.015818 0.00879545 0.00428777 0.00178882 0.00062165
 3.60918e-11 1.69758e-09 5.52892e-08 1.24691e-06 1.94723e-05 0.000210566 0.00157671 0.00817586 0.0293645 0.0731128 0.126617 0.154514 0.139348 0.10681 0.0864536 0.0761122 0.0629481 0.0471575 0.0337558 0.023337 0.0149935 0.00864418 0.00434749 0.00185183 0.000649307
 3.4414e-11 1.61867e-09 5.27191e-08 1.18895e-06 1.85671e-05 0.000200778 0.00150342 0.00779596 0.0280019 0.0697379 0.120894 0.148103 0.135405 0.10762 0.0916025 0.0828017 0.0682108 0.0498751 0.0345485 0.023264 0.0147852 0.00858575 0.00441414 0.0019343 0.000696142
 3.3831e-11 1.59125e-09 5.18259e-08 1.1688e-06 1.82526e-05 0.000197376 0.00147795 0.00766388 0.0275274 0.0685556 0.118841 0.145573 0.133053 0.105739 0.0902604 0.082493 0.069619 0.0528271 0.0378182 0.0256744 0.0160757 0.00914362 0.0046491 0.00204486 0.000747172
 3.65823e-11 1.72065e-09 5.60406e-08 1.26386e-06 1.97369e-05 0.000213427 0.00159813 0.00828691 0.0297627 0.0740981 0.128281 0.156345 0.140362 0.106268 0.0845113 0.0737983 0.0613656 0.046633 0.0338699 0.0235793 0.0151574 0.00875279 0.00444928 0.00194127 0.000705434
 3.5556e-11 1.67238e-09 5.44684e-08 1.2284e-06 1.91832e-05 0.00020744 0.00155331 0.00805456 0.0289297 0.0720387 0.124815 0.152588 0.138481 0.107936 0.0893582 0.0793203 0.0648208 0.0472214 0.0327514 0.0222345 0.0143012 0.00839318 0.00434957 0.00192314 0.000702214
 3.48201e-11 1.63777e-09 5.33412e-08 1.20298e-06 1.87862e-05 0.000203147 0.00152116 0.00788791 0.0283315 0.0705528 0.122265 0.14959 0.13615 0.106976 0.0897596 0.0808314 0.067228 0.0500372 0.0351085 0.0235301 0.0146861 0.00839257 0.00430691 0.00191433 0.00070689
 3.56072e-11 1.67479e-09 5.45469e-08 1.23017e-06 1.92108e-05 0.000207738 0.00155554 0.00806611 0.0289706 0.0721344 0.12494 0.152548 0.137839 0.106233 0.0867852 0.0771259 0.0644474 0.0488495 0.0351687 0.0241355 0.0152607 0.00869555 0.00439395 0.00192036 0.000702529
 3.49839e-11 1.64547e-09 5.3592e-08 1.20863e-06 1.88746e-05 0.000204102 0.00152831 0.00792499 0.0284646 0.0708828 0.122828 0.150235 0.136595 0.107012 0.0893499 0.0800423 0.0661967 0.0490793 0.0346572 0.023731 0.0152134 0.00882917 0.00451423 0.00197435 0.00071691
 3.49636e-11 1.64452e-09 5.3561e-08 1.20793e-06 1.88636e-05 0.000203984 0.00152743 0.0079204 0.028448 0.0708409 0.122751 0.150122 0.136433 0.106778 0.0890975 0.0799686 0.066485 0.0496175 0.0350737 0.023802 0.0150658 0.00869063 0.00446269 0.00197053 0.000720938
 3.53975e-11 1.66493e-09 5.42257e-08 1.22292e-06 1.90977e-05 0.000206515 0.00154638 0.00801865 0.0288005 0.0717149 0.12424 0.151818 0.137578 0.106845 0.0881691 0.078586 0.0652053 0.0487069 0.0345391 0.0235278 0.0149073 0.00856718 0.00437318 0.00192452 0.000705029
 3.42345e-11 1.61023e-09 5.24441e-08 1.18274e-06 1.84703e-05 0.00019973 0.00149558 0.00775528 0.0278556 0.069372 0.120249 0.147262 0.134479 0.106593 0.0905203 0.0820858 0.0684111 0.0510438 0.0361212 0.0245961 0.0156091 0.00898838 0.00458985 0.00201617 0.000736643
 3.42766e-11 1.61221e-09 5.25086e-08 1.1842e-06 1.8493e-05 0.000199976 0.00149742 0.0077648 0.0278895 0.0694532 0.120368 0.147308 0.134205 0.105745 0.0891778 0.0808509 0.0679923 0.0515811 0.0371332 0.0255378 0.0162558 0.00936502 0.00478439 0.00210275 0.000768187
 3.35811e-11 1.5795e-09 5.14431e-08 1.16017e-06 1.81177e-05 0.000195918 0.00146704 0.00760728 0.0273242 0.0680498 0.117966 0.144513 0.13212 0.105069 0.0897693 0.0820967 0.0693886 0.0529785 0.0385542 0.0269165 0.0174135 0.010165 0.00523357 0.002308 0.000844185
#obs surv len freq
 2.31136e-11 1.08715e-09 3.54078e-08 7.98536e-07 1.24703e-05 0.000134849 0.00100976 0.0052363 0.018811 0.0468771 0.0814627 0.100741 0.095179 0.0823348 0.0791615 0.0802941 0.0762941 0.0688308 0.0615219 0.0543754 0.0471033 0.039363 0.030277 0.020105 0.010874
 8.73825e-16 4.11707e-14 1.34999e-12 3.12592e-11 5.38625e-10 7.99208e-09 1.24313e-07 1.97236e-06 2.60198e-05 0.000251787 0.00171438 0.0081285 0.0268326 0.0620641 0.102413 0.125889 0.125728 0.114817 0.10327 0.0912863 0.0779544 0.0635027 0.0477682 0.0313905 0.0169618
 1.3207e-11 6.21194e-10 2.02319e-08 4.5628e-07 7.12546e-06 7.70514e-05 0.000576944 0.0029914 0.0107399 0.0267003 0.0459672 0.0548389 0.0456509 0.0284043 0.0209157 0.0342324 0.0665626 0.102046 0.121642 0.120256 0.105816 0.0859298 0.0636162 0.0410902 0.0219388
 5.15459e-11 2.42447e-09 7.89634e-08 1.78082e-06 2.78101e-05 0.000300725 0.00225177 0.0116753 0.0419186 0.104225 0.179509 0.214396 0.178336 0.105046 0.0465281 0.0184446 0.00900623 0.00754644 0.0102542 0.0143225 0.0165455 0.0155295 0.0121049 0.00786598 0.00416393
 3.31259e-11 1.55808e-09 5.07458e-08 1.14445e-06 1.78722e-05 0.000193263 0.00144717 0.00750464 0.0269607 0.0671944 0.116825 0.144713 0.137341 0.119166 0.111284 0.100852 0.0733262 0.0397725 0.0171491 0.00826856 0.00690032 0.00724323 0.00656998 0.00468709 0.00258273
 4.0244e-11 1.89288e-09 6.165e-08 1.39036e-06 2.17125e-05 0.00023479 0.00175808 0.00911606 0.0327373 0.0814689 0.140806 0.170505 0.149536 0.105902 0.0759147 0.0631838 0.0545715 0.0440725 0.0315663 0.0188504 0.00934969 0.00457141 0.00280769 0.00191411 0.00111047
 2.57079e-11 1.20917e-09 3.9382e-08 8.88165e-07 1.387e-05 0.000149986 0.00112312 0.00582453 0.0209295 0.0522086 0.0910841 0.114305 0.113202 0.107896 0.112269 0.111426 0.0924325 0.0657228 0.0446439 0.0301531 0.0188142 0.0100888 0.00469732 0.00208527 0.000930702
 4.12621e-11 1.94077e-09 6.32097e-08 1.42554e-06 2.22618e-05 0.000240729 0.00180255 0.00934648 0.0335626 0.0835005 0.144167 0.173865 0.150192 0.101473 0.0666474 0.0526568 0.0472859 0.0423686 0.0351052 0.0255431 0.0161748 0.00904523 0.0044415 0.00187655 0.000682438
 3.38682e-11 1.593e-09 5.18829e-08 1.17009e-06 1.82727e-05 0.000197594 0.00147959 0.00767245 0.0275598 0.0686511 0.119108 0.146374 0.135265 0.11033 0.0965212 0.086844 0.0682371 0.0461676 0.0305862 0.0217388 0.0153858 0.00968934 0.00513035 0.00224119 0.000801402
 3.91336e-11 1.84065e-09 5.99489e-08 1.352e-06 2.11134e-05 0.000228311 0.00170958 0.00886463 0.0318354 0.0792348 0.137016 0.166248 0.146867 0.106219 0.0786386 0.0659621 0.0552665 0.0430065 0.0311868 0.0208355 0.012825 0.00744778 0.0040096 0.001869 0.000708125
 3.89377e-11 1.83144e-09 5.96488e-08 1.34523e-06 2.10077e-05 0.000227169 0.00170103 0.0088204 0.0316781 0.078858 0.136465 0.166053 0.148196 0.110226 0.0847773 0.0710613 0.0558896 0.0391888 0.0262873 0.0175595 0.0111861 0.00646214 0.00330822 0.00147623 0.000556458
 4.02048e-11 1.89104e-09 6.159e-08 1.38901e-06 2.16914e-05 0.000234561 0.00175638 0.00910733 0.0327075 0.0814097 0.140807 0.170987 0.15148 0.110333 0.0821157 0.0675722 0.0533759 0.0378518 0.0251279 0.0159847 0.00956395 0.00529809 0.00266313 0.00116979 0.000431204
 3.80822e-11 1.7912e-09 5.83383e-08 1.31568e-06 2.05462e-05 0.000222178 0.00166366 0.0086267 0.0309834 0.0771379 0.133552 0.162809 0.146274 0.110867 0.0878775 0.0752965 0.0597141 0.0416421 0.0270607 0.0169441 0.00995294 0.00533019 0.0025601 0.00107815 0.00038528
 3.66094e-11 1.72193e-09 5.60822e-08 1.26479e-06 1.97516e-05 0.000213586 0.00159932 0.00829313 0.0297861 0.0741644 0.128453 0.156828 0.141663 0.10904 0.0886959 0.0779833 0.0636594 0.0462034 0.0312537 0.0199455 0.0116544 0.00612014 0.00285922 0.00116347 0.000400301
 3.17051e-11 1.49126e-09 4.85693e-08 1.09536e-06 1.71056e-05 0.000184974 0.00138509 0.00718253 0.025801 0.0642794 0.111589 0.137448 0.12805 0.106756 0.0967892 0.091048 0.0765445 0.0567946 0.039533 0.0261297 0.0158102 0.00850903 0.00399963 0.00160787 0.000539851
 3.55414e-11 1.6717e-09 5.44461e-08 1.2279e-06 1.91754e-05 0.000207355 0.00155266 0.00805112 0.0289161 0.0719903 0.124635 0.151917 0.136453 0.103543 0.0830127 0.0739465 0.0638705 0.0512048 0.0388862 0.0274308 0.017363 0.00970078 0.00470872 0.00193531 0.000655051
 3.63655e-11 1.71046e-09 5.57085e-08 1.25637e-06 1.962e-05 0.000212163 0.00158867 0.00823785 0.0295871 0.0736648 0.12756 0.155605 0.140134 0.106967 0.0859282 0.0749771 0.0613488 0.045515 0.0327402 0.0233036 0.0156275 0.00936341 0.00482301 0.00207213 0.000723848
 3.20414e-11 1.50707e-09 4.90843e-08 1.10698e-06 1.7287e-05 0.000186935 0.00139978 0.00725864 0.0260738 0.0649537 0.112722 0.138667 0.128624 0.106089 0.0949092 0.0886253 0.074356 0.0552501 0.0387994 0.0263628 0.0169573 0.0100825 0.00535449 0.00241976 0.000889697
 3.52264e-11 1.65688e-09 5.39634e-08 1.21701e-06 1.90054e-05 0.000205517 0.0015389 0.00797978 0.0286601 0.0713555 0.123552 0.150678 0.135595 0.103424 0.0835401 0.0746853 0.0643968 0.0513942 0.0388997 0.0275135 0.017684 0.0102584 0.00532223 0.00239727 0.000898709
 3.6979e-11 1.73931e-09 5.66483e-08 1.27756e-06 1.9951e-05 0.000215742 0.00161546 0.00837675 0.0300853 0.0748988 0.129653 0.157949 0.141574 0.106669 0.0840505 0.0725526 0.0594517 0.0444965 0.0323104 0.0231101 0.0155475 0.00940487 0.0049622 0.00222745 0.000829054
 3.41179e-11 1.60474e-09 5.22653e-08 1.17872e-06 1.84074e-05 0.00019905 0.00149049 0.00772889 0.0277612 0.0691396 0.119867 0.146891 0.134447 0.107176 0.0916192 0.0831001 0.0686551 0.050376 0.0350468 0.023781 0.0153822 0.00922399 0.00495388 0.00227935 0.000862638
 3.57795e-11 1.68289e-09 5.48108e-08 1.23612e-06 1.93038e-05 0.000208744 0.00156307 0.0081051 0.0291104 0.0724786 0.125511 0.153129 0.137993 0.105598 0.0854664 0.0757918 0.0638194 0.0490237 0.0356529 0.0245075 0.0155049 0.00894381 0.00465288 0.00211506 0.000804497
 3.77203e-11 1.77418e-09 5.77839e-08 1.30317e-06 2.03509e-05 0.000220067 0.00164785 0.00854465 0.0306879 0.0763949 0.132214 0.160938 0.14383 0.107474 0.0835893 0.071504 0.0583385 0.0433615 0.0309313 0.0214534 0.0139137 0.00815033 0.00421152 0.00187416 0.000698324
 3.42465e-11 1.61079e-09 5.24624e-08 1.18316e-06 1.84768e-05 0.0001998 0.00149611 0.00775805 0.0278662 0.0694029 0.120336 0.147527 0.135217 0.108158 0.0927946 0.0840871 0.0689444 0.0498512 0.0340376 0.0226548 0.0143223 0.0083368 0.00433338 0.00193821 0.000719566
 3.63807e-11 1.71117e-09 5.57317e-08 1.25689e-06 1.96282e-05 0.000212251 0.00158933 0.00824124 0.0295989 0.0736904 0.127578 0.155507 0.139671 0.105908 0.0845536 0.0743685 0.0625442 0.0480819 0.0348756 0.0237395 0.0147592 0.00831381 0.00420539 0.0018554 0.000686085
 3.50821e-11 1.65009e-09 5.37425e-08 1.21203e-06 1.89276e-05 0.000204675 0.00153261 0.00794723 0.0285446 0.0710813 0.12317 0.150642 0.136926 0.10718 0.089341 0.0798428 0.0658053 0.0486175 0.0343385 0.0236375 0.0152242 0.00881869 0.00447593 0.00194505 0.00070563
 3.43287e-11 1.61465e-09 5.25882e-08 1.186e-06 1.85211e-05 0.000200279 0.00149969 0.00777657 0.0279318 0.0695577 0.120545 0.147504 0.134319 0.105706 0.0890144 0.080683 0.0679227 0.0515793 0.0370876 0.0254272 0.0161693 0.00935328 0.00480919 0.00212062 0.000773272
 3.5444e-11 1.66712e-09 5.42969e-08 1.22453e-06 1.91228e-05 0.000206787 0.00154841 0.00802913 0.0288378 0.0718023 0.124356 0.1518 0.137048 0.105395 0.0858817 0.0763663 0.0641806 0.0492412 0.0360952 0.0253178 0.0163995 0.00956908 0.00492825 0.00217774 0.000798641
 3.29026e-11 1.54758e-09 5.04037e-08 1.13673e-06 1.77517e-05 0.00019196 0.0014374 0.00745365 0.0267732 0.0666851 0.115653 0.141925 0.130538 0.105414 0.0918303 0.0846465 0.071162 0.0536365 0.0386181 0.0269811 0.0176696 0.0104993 0.0055 0.00245853 0.000907657
#pred catch len freq
 2.10554e-11 9.90346e-10 3.22549e-08 7.27429e-07 1.13599e-05 0.000122842 0.000919855 0.00477021 0.0171384 0.0427282 0.0743818 0.092591 0.089405 0.0812084 0.0821705 0.0849836 0.0802827 0.0711352 0.0622501 0.0539345 0.0463182 0.0398834 0.0336119 0.0257457 0.0164066
 9.90943e-12 4.66092e-10 1.51803e-08 3.42355e-07 5.3464e-06 5.78153e-05 0.000432965 0.00224602 0.00808001 0.0202481 0.0359564 0.0480846 0.0569601 0.0726261 0.0953611 0.109417 0.106549 0.0953864 0.083861 0.0723096 0.0604802 0.0492388 0.0385154 0.0275177 0.0166659
 8.19121e-12 3.85275e-10 1.25482e-08 2.82993e-07 4.41936e-06 4.77898e-05 0.000357869 0.00185611 0.00667242 0.0166724 0.0292793 0.037664 0.0403585 0.0453925 0.0584415 0.0760556 0.0938656 0.108256 0.11274 0.104696 0.0888931 0.0707645 0.0526128 0.0352555 0.0201132
 3.1349e-11 1.47451e-09 4.80238e-08 1.08306e-06 1.69135e-05 0.000182895 0.00136949 0.00710094 0.025498 0.0634282 0.109452 0.131719 0.112882 0.0743403 0.0465162 0.0365925 0.0373924 0.0441383 0.0537891 0.0611249 0.0611818 0.0531089 0.0400349 0.0260021 0.0141287
 4.22548e-11 1.98746e-09 6.47304e-08 1.45983e-06 2.27974e-05 0.000246521 0.00184592 0.00957145 0.0343714 0.0855244 0.147738 0.178524 0.155297 0.106874 0.0711436 0.0520429 0.0370633 0.0239721 0.0168865 0.0158075 0.017018 0.0169452 0.0141879 0.00966333 0.0052519
 3.32054e-11 1.56182e-09 5.08675e-08 1.14719e-06 1.7915e-05 0.000193727 0.00145064 0.00752244 0.0270224 0.0673272 0.116912 0.144149 0.134719 0.11296 0.102215 0.0934277 0.0727169 0.0464197 0.0262902 0.014955 0.00980538 0.00784957 0.00657137 0.00475923 0.00271488
 2.99488e-11 1.40865e-09 4.58788e-08 1.03468e-06 1.6158e-05 0.000174727 0.00130837 0.00678473 0.0243728 0.0607305 0.10549 0.130227 0.122275 0.104012 0.0971348 0.0942513 0.0824162 0.0639125 0.0451037 0.028401 0.0157599 0.00832712 0.00476694 0.00291614 0.00161797
 3.05363e-11 1.43628e-09 4.67787e-08 1.05498e-06 1.6475e-05 0.000178154 0.00133403 0.00691768 0.0248488 0.0619014 0.10742 0.13212 0.122495 0.10105 0.0909685 0.0868362 0.0765539 0.0618036 0.0476032 0.0342599 0.0218795 0.012097 0.00589287 0.00266831 0.00115564
 3.39538e-11 1.59703e-09 5.20141e-08 1.17305e-06 1.83188e-05 0.000198093 0.00148331 0.00769162 0.0276261 0.0687921 0.119187 0.145696 0.132207 0.103103 0.0858374 0.0776644 0.0662977 0.0521465 0.0398065 0.0294718 0.0202066 0.012286 0.0064085 0.00281972 0.0010514
 3.29967e-11 1.55201e-09 5.05479e-08 1.13998e-06 1.78024e-05 0.000192509 0.00144151 0.00747497 0.0268497 0.0668762 0.115986 0.142343 0.130945 0.105763 0.0920432 0.0844798 0.070355 0.0523124 0.0373732 0.0264171 0.0179051 0.0111678 0.00613712 0.00284335 0.00107463
 3.46029e-11 1.62755e-09 5.30084e-08 1.19547e-06 1.8669e-05 0.000201879 0.00151167 0.00783868 0.0281546 0.0701106 0.121489 0.148592 0.135092 0.105851 0.0885501 0.0798307 0.0668932 0.050527 0.0361894 0.0248728 0.0160544 0.00960524 0.00521037 0.00245245 0.00095385
 3.61659e-11 1.70107e-09 5.54029e-08 1.24947e-06 1.95123e-05 0.000210998 0.00157995 0.00819269 0.0294253 0.0732668 0.126903 0.154954 0.140031 0.107905 0.0878977 0.0773203 0.0631755 0.0462183 0.0321534 0.0217582 0.0138844 0.00812322 0.0042681 0.00195686 0.000753796
 3.56611e-11 1.67733e-09 5.46295e-08 1.23203e-06 1.924e-05 0.000208053 0.0015579 0.00807841 0.0290157 0.0722553 0.125208 0.153154 0.139265 0.109095 0.0908978 0.0807958 0.0655781 0.0469272 0.0315469 0.0205555 0.0126725 0.00720373 0.00369143 0.00165141 0.000621593
 3.44197e-11 1.61894e-09 5.27278e-08 1.18914e-06 1.85702e-05 0.000200811 0.00150367 0.00779728 0.0280069 0.0697529 0.120938 0.148243 0.135805 0.108502 0.0929953 0.0843524 0.0693829 0.0502818 0.0340517 0.0220096 0.0132244 0.00724664 0.00357408 0.00154566 0.000565506
 3.22592e-11 1.51732e-09 4.94181e-08 1.1145e-06 1.74046e-05 0.000188206 0.0014093 0.007308 0.0262511 0.0653961 0.113494 0.139634 0.129577 0.106988 0.0958295 0.0895092 0.0750066 0.0554889 0.0384741 0.0253489 0.0153657 0.00837405 0.00404488 0.00169496 0.000599073
 3.27282e-11 1.53938e-09 5.01365e-08 1.1307e-06 1.76576e-05 0.000190942 0.00142978 0.00741414 0.0266313 0.0663324 0.115045 0.1412 0.129942 0.105119 0.0919372 0.0853497 0.0726188 0.0555239 0.0400922 0.0273743 0.0170637 0.0094895 0.00462636 0.00193011 0.000670758
 3.43445e-11 1.6154e-09 5.26125e-08 1.18654e-06 1.85296e-05 0.000200372 0.00150038 0.00778018 0.0279448 0.0695917 0.120613 0.147633 0.134575 0.10617 0.0896048 0.081039 0.0676886 0.0508879 0.036492 0.0252534 0.0162315 0.00935929 0.00470738 0.00200516 0.000703074
 3.25193e-11 1.52955e-09 4.98165e-08 1.12349e-06 1.75449e-05 0.000189724 0.00142066 0.0073669 0.0264624 0.0659201 0.114387 0.140656 0.130277 0.107033 0.0951786 0.0882914 0.0734055 0.0538561 0.0373775 0.0251969 0.0160216 0.00930529 0.00478434 0.00209656 0.000754545
 3.1959e-11 1.5032e-09 4.89583e-08 1.10413e-06 1.72426e-05 0.000186455 0.00139618 0.00723997 0.0260064 0.0647832 0.112408 0.138196 0.127925 0.105022 0.0935975 0.0877565 0.074736 0.0568989 0.0408058 0.0277297 0.01737 0.00988139 0.0050245 0.00221002 0.000807525
 3.46707e-11 1.63074e-09 5.31123e-08 1.19781e-06 1.87056e-05 0.000202275 0.00151463 0.00785403 0.0282095 0.0702457 0.121711 0.148809 0.135111 0.105504 0.0878655 0.0791063 0.0665297 0.0507603 0.0369411 0.0257443 0.0165565 0.00956218 0.00486098 0.00212093 0.000770729
 3.36542e-11 1.58293e-09 5.15551e-08 1.1627e-06 1.81572e-05 0.000196345 0.00147023 0.00762391 0.0273845 0.0682068 0.118284 0.145114 0.133336 0.107349 0.0929486 0.0848232 0.0700144 0.0511909 0.0355754 0.0241795 0.01556 0.00913354 0.00473351 0.00209294 0.000764217
 3.273e-11 1.53946e-09 5.01393e-08 1.13077e-06 1.76586e-05 0.000190953 0.00142986 0.00741459 0.0266332 0.066341 0.115085 0.141365 0.130461 0.106259 0.0936076 0.0868164 0.0729718 0.0545223 0.0383355 0.025723 0.0160631 0.00918127 0.00471196 0.00209441 0.000773394
 3.36897e-11 1.5846e-09 5.16095e-08 1.16392e-06 1.81763e-05 0.000196552 0.00147178 0.00763188 0.0274125 0.0682702 0.11835 0.144991 0.132583 0.105493 0.090191 0.0824975 0.0696648 0.0530034 0.0382329 0.0262656 0.016615 0.00946872 0.0047849 0.00209127 0.000765058
 3.31793e-11 1.56059e-09 5.08276e-08 1.14629e-06 1.79009e-05 0.000193574 0.00144949 0.00751633 0.0269983 0.0672463 0.116629 0.143134 0.131685 0.106394 0.0926672 0.0851871 0.0711095 0.0529005 0.0374239 0.0256517 0.016452 0.00954948 0.00488277 0.00213557 0.000775456
 3.31365e-11 1.55858e-09 5.07621e-08 1.14481e-06 1.78779e-05 0.000193325 0.00144762 0.00750665 0.0269635 0.0671591 0.116474 0.14293 0.131453 0.106134 0.0924328 0.085167 0.0714783 0.0535269 0.0379062 0.0257503 0.0163062 0.00940768 0.00483116 0.00213327 0.000780483
 3.34674e-11 1.57415e-09 5.1269e-08 1.15624e-06 1.80564e-05 0.000195255 0.00146207 0.00758158 0.0272323 0.0678255 0.117609 0.14422 0.132314 0.106159 0.0916828 0.0840665 0.0704725 0.052837 0.0375414 0.0256006 0.0162282 0.00932791 0.00476177 0.00209557 0.000767697
 3.23461e-11 1.5214e-09 4.95511e-08 1.1175e-06 1.74514e-05 0.000188713 0.00141309 0.00732764 0.0263212 0.0655665 0.113761 0.139829 0.129333 0.105928 0.0939687 0.0874565 0.0735648 0.0550764 0.0390474 0.0266164 0.016899 0.00973271 0.00497021 0.00218329 0.000797709
 3.21946e-11 1.51428e-09 4.93192e-08 1.11227e-06 1.73697e-05 0.000187829 0.00140647 0.00729332 0.0261977 0.0652573 0.113213 0.139102 0.128495 0.104934 0.0928651 0.0866713 0.0736468 0.0560837 0.0404567 0.0278544 0.0177389 0.0102212 0.00522212 0.00229518 0.000838493
 3.16269e-11 1.48758e-09 4.84495e-08 1.09266e-06 1.70634e-05 0.000184517 0.00138167 0.00716474 0.0257363 0.0641114 0.11125 0.136806 0.126745 0.104273 0.0931738 0.0874986 0.074654 0.0571971 0.0417022 0.0291439 0.0188626 0.0110126 0.00567028 0.00250063 0.00091465
#obs catch len freq
 2.06759e-11 9.72496e-10 3.16736e-08 7.14319e-07 1.11551e-05 0.000120628 0.000903277 0.00468424 0.0168297 0.0419588 0.0730459 0.0909448 0.0878657 0.079897 0.0808897 0.0836047 0.0790331 0.0707731 0.063979 0.0584886 0.0526037 0.0448684 0.0345324 0.0227453 0.0122203
 2.08544e-11 9.80891e-10 3.1947e-08 7.20485e-07 1.12514e-05 0.000121669 0.000911073 0.00472466 0.0169748 0.0423188 0.0736619 0.0916616 0.0884098 0.080155 0.0811322 0.0844473 0.0809364 0.0732581 0.0655869 0.0580137 0.0502712 0.0420155 0.0323188 0.0214611 0.0116076
 7.45166e-16 3.5119e-14 1.15285e-12 2.68105e-11 4.68973e-10 7.23123e-09 1.18388e-07 1.93694e-06 2.58257e-05 0.000250644 0.00170789 0.00809945 0.0267391 0.0618555 0.102097 0.125581 0.125572 0.114861 0.103448 0.0915092 0.0781679 0.0636838 0.0479065 0.0314819 0.0170113
 1.16493e-11 5.47929e-10 1.78457e-08 4.02465e-07 6.28506e-06 6.79637e-05 0.000508898 0.00263858 0.00947321 0.0235512 0.0405464 0.0483787 0.0403317 0.0254434 0.0200757 0.03498 0.068767 0.105544 0.125832 0.124411 0.109483 0.0889132 0.0658272 0.0425189 0.0227017
 5.05671e-11 2.37843e-09 7.7464e-08 1.74701e-06 2.7282e-05 0.000295015 0.00220902 0.0114536 0.041123 0.102249 0.176119 0.210414 0.17524 0.103713 0.046694 0.0192891 0.00994703 0.00858968 0.0117485 0.0164233 0.0189745 0.0178097 0.0138824 0.00902109 0.00477542
 3.09715e-11 1.45675e-09 4.74455e-08 1.07002e-06 1.67099e-05 0.000180695 0.00135307 0.00701681 0.0252107 0.0628581 0.109458 0.136395 0.131996 0.119566 0.116892 0.108372 0.0793685 0.0431443 0.0186284 0.00900265 0.00752765 0.00790549 0.00717114 0.00511601 0.00281908
 3.84028e-11 1.80628e-09 5.88294e-08 1.32675e-06 2.07191e-05 0.000224048 0.00167765 0.0086991 0.0312411 0.0777574 0.134473 0.163221 0.144403 0.105011 0.0789712 0.0682987 0.0598883 0.0485878 0.0348566 0.02083 0.0103351 0.00505439 0.00310483 0.00211682 0.00122809
 2.36713e-11 1.11338e-09 3.62621e-08 8.17803e-07 1.27712e-05 0.000138104 0.00103416 0.00536333 0.0192747 0.0481057 0.0840947 0.106323 0.107763 0.107425 0.116338 0.117502 0.098023 0.0698633 0.0475375 0.0321435 0.0200663 0.0107622 0.00501123 0.00222471 0.000992956
 3.94945e-11 1.85763e-09 6.05017e-08 1.36447e-06 2.13081e-05 0.000230417 0.00172533 0.00894616 0.0321259 0.0799352 0.138072 0.166803 0.145037 0.100108 0.068796 0.0567647 0.0519288 0.046773 0.038815 0.0282589 0.0178992 0.0100108 0.00491598 0.00207709 0.000755378
 3.19438e-11 1.50248e-09 4.89349e-08 1.1036e-06 1.72344e-05 0.000186366 0.00139552 0.00723667 0.0259963 0.0647746 0.112506 0.138845 0.13017 0.109978 0.100483 0.0926307 0.0733936 0.0498053 0.0330573 0.0235234 0.0166572 0.0104917 0.00555549 0.00242695 0.000867835
 3.75792e-11 1.76754e-09 5.75677e-08 1.2983e-06 2.02748e-05 0.000219243 0.00164168 0.00851262 0.0305724 0.0761019 0.131671 0.16011 0.142569 0.105537 0.081292 0.0702538 0.0595443 0.0465011 0.0337672 0.0225738 0.013899 0.0080725 0.00434614 0.00202591 0.000767581
 3.73418e-11 1.75638e-09 5.72041e-08 1.2901e-06 2.01467e-05 0.000217859 0.00163132 0.00845901 0.0303815 0.0756431 0.130989 0.1598 0.14394 0.109868 0.0879859 0.0758467 0.0602858 0.0424185 0.0284999 0.0190545 0.0121434 0.00701615 0.00359202 0.00160289 0.000604209
 3.86954e-11 1.82005e-09 5.92777e-08 1.33686e-06 2.0877e-05 0.000225756 0.00169045 0.00876553 0.0314811 0.0783689 0.135626 0.16507 0.147448 0.109984 0.0851477 0.0721319 0.0576207 0.0410097 0.0272664 0.0173593 0.0103903 0.00575677 0.00289386 0.00127117 0.000468576
 3.65098e-11 1.71724e-09 5.59295e-08 1.26135e-06 1.96978e-05 0.000213004 0.00159497 0.00827062 0.0297058 0.0739705 0.128158 0.156657 0.142107 0.11058 0.0911471 0.0801437 0.0641635 0.0448843 0.0292104 0.0183054 0.0107568 0.0057616 0.00276747 0.0011655 0.0004165
 3.51059e-11 1.65121e-09 5.37789e-08 1.21285e-06 1.89404e-05 0.000204814 0.00153365 0.00795267 0.0285645 0.0711353 0.123292 0.150929 0.137628 0.108652 0.0916604 0.0824844 0.0678977 0.0494134 0.0334662 0.0213716 0.0124915 0.00656051 0.00306509 0.00124726 0.000429133
 3.00656e-11 1.41414e-09 4.60576e-08 1.03872e-06 1.6221e-05 0.000175408 0.00131347 0.00681124 0.0244688 0.0609757 0.105958 0.131004 0.123615 0.106254 0.0998997 0.0958341 0.081101 0.0603133 0.0420322 0.0278 0.016826 0.00905679 0.00425729 0.00171148 0.000574642
 3.39379e-11 1.59627e-09 5.19896e-08 1.1725e-06 1.83102e-05 0.000197999 0.00148262 0.00768799 0.027613 0.068758 0.119119 0.145574 0.13198 0.102751 0.0856088 0.0782215 0.0681869 0.0548251 0.0416856 0.029422 0.0186278 0.0104084 0.0050524 0.00207659 0.000702877
 3.46595e-11 1.63021e-09 5.3095e-08 1.19743e-06 1.86996e-05 0.00020221 0.00151414 0.00785151 0.0282009 0.0702269 0.121699 0.14889 0.135484 0.106362 0.0890256 0.079779 0.0659144 0.049061 0.0353449 0.0251777 0.01689 0.0101211 0.0052135 0.00223994 0.000782473
 3.02961e-11 1.42498e-09 4.64107e-08 1.04668e-06 1.63454e-05 0.000176753 0.00132354 0.00686341 0.0246557 0.0614368 0.106727 0.131801 0.123879 0.1055 0.0981335 0.0936193 0.0791189 0.0589386 0.0414447 0.0281813 0.0181332 0.0107831 0.00572683 0.00258807 0.000951585
 3.34967e-11 1.57552e-09 5.13138e-08 1.15726e-06 1.80722e-05 0.000195426 0.00146335 0.00758809 0.0272546 0.067869 0.117603 0.143835 0.13077 0.102569 0.0863356 0.079283 0.0690259 0.0552613 0.0418826 0.0296422 0.0190576 0.0110564 0.00573654 0.00258394 0.000968693
 3.52543e-11 1.65819e-09 5.40063e-08 1.21798e-06 1.90205e-05 0.00020568 0.00154013 0.0079862 0.028684 0.0714233 0.123726 0.151154 0.136855 0.106017 0.0871211 0.0773515 0.0640467 0.0481013 0.0349832 0.0250421 0.016853 0.0101959 0.00537979 0.00241494 0.000898844
 3.24671e-11 1.5271e-09 4.97366e-08 1.12169e-06 1.75167e-05 0.000189419 0.00141838 0.00735507 0.02642 0.0658135 0.114197 0.140402 0.129975 0.106656 0.0947207 0.0878649 0.0731614 0.0538246 0.0374952 0.025461 0.0164742 0.00988002 0.00530643 0.0024416 0.000924046
 3.4115e-11 1.6046e-09 5.22609e-08 1.17862e-06 1.84058e-05 0.000199033 0.00149036 0.00772816 0.0277579 0.069124 0.11979 0.146564 0.133415 0.104921 0.088373 0.0804143 0.0683436 0.0526584 0.0383476 0.0263776 0.0166929 0.00963028 0.00501024 0.00227754 0.000866306
 3.61462e-11 1.70014e-09 5.53725e-08 1.24879e-06 1.95016e-05 0.000210883 0.00157908 0.00818817 0.0294089 0.0732228 0.126807 0.154743 0.139543 0.106925 0.0864668 0.0759708 0.0626034 0.0466823 0.0333475 0.0231459 0.0150159 0.00879701 0.00454586 0.00202297 0.000753778
 3.25827e-11 1.53253e-09 4.99136e-08 1.12568e-06 1.75791e-05 0.000190093 0.00142343 0.00738127 0.0265143 0.0660506 0.114623 0.140995 0.13074 0.107701 0.0960213 0.0889862 0.0735322 0.0533095 0.0364478 0.0242776 0.0153536 0.00893828 0.00464624 0.00207818 0.000771533
 3.47496e-11 1.63445e-09 5.3233e-08 1.20054e-06 1.87482e-05 0.000202735 0.00151808 0.00787187 0.0282735 0.0704031 0.121972 0.149075 0.135187 0.105251 0.0874162 0.0789206 0.0670063 0.0516708 0.0375283 0.025562 0.0158969 0.0089557 0.0045303 0.00199879 0.00073911
 3.33656e-11 1.56936e-09 5.11129e-08 1.15273e-06 1.80015e-05 0.000194661 0.00145762 0.00755852 0.0271499 0.0676225 0.117274 0.143891 0.132268 0.106618 0.0925332 0.0847637 0.0704751 0.0522218 0.0369375 0.0254465 0.0163949 0.00949806 0.00482098 0.00209503 0.000760046
 3.2577e-11 1.53226e-09 4.99049e-08 1.12548e-06 1.7576e-05 0.00019006 0.00142317 0.0073799 0.0265085 0.0660277 0.114525 0.140602 0.129522 0.105038 0.0921387 0.0856026 0.0726926 0.055363 0.0398635 0.0273505 0.017398 0.0100654 0.00517558 0.00228223 0.000832206
 3.3692e-11 1.58471e-09 5.1613e-08 1.164e-06 1.81776e-05 0.000196565 0.00147188 0.00763238 0.0274142 0.0682714 0.118334 0.144889 0.132226 0.104673 0.0889231 0.0811992 0.0688974 0.0530279 0.0389272 0.0273244 0.0177049 0.0103321 0.00532148 0.00235154 0.000862387
#spawning biomass
 23441.6 21849.4 17466.2 12624.5 14592.4 25923.7 39590.3 47626.7 58667.9 82912.3 101193 117258 139402 158448 163115 157692 147011 143345 142014 135821 149349 157160 177733 186900 179997 175790 184613 179778 193445 187745 223341 154932 99072.4 64313.4 45050.6 35078.1 30131 27744.1 26613.5 26084.7 25839.4 25726.3 25674.4 25650.6 25639.7 25634.7 25632.5 25631.5 25631 25630.8 25630.7 25630.7 25630.6 25630.6 25630.6 25630.6 25630.6 25630.6 25630.6 25630.6 25630.6 25630.6 25630.6 25630.6 25630.6 25630.6 25630.6 25630.6 25630.6 25630.6 25630.6 25630.6 25630.6 25630.6 25630.6 25630.6 25630.6 25630.6 25630.6 25630.6 25630.6 25630.6 25630.6 25630.6 25630.6 25630.6 25630.6 25630.6 25630.6 25630.6 25630.6 25630.6 25630.6 25630.6 25630.6 25630.6 25630.6 25630.6 25630.6 25630.6 25630.6 25630.6 25630.6 25630.6 25630.6 25630.6 25630.6 25630.6 25630.6 25630.6 25630.6 25630.6 25630.6 25630.6 25630.6 25630.6 25630.6 25630.6 25630.6 25630.6 25630.6 25630.6 25630.6 25630.6 25630.6 25630.6 25630.6 25630.6 25630.6 0 0 0 0 0 0 0 0 0 0 0 0 0 0 0 0 0 0 0 0 0 0 0 0 0
