SBPRF35
0.114033
Curr Bio
50188.7
B35
109404
F35
0.46321
FOFL
0
OFL
0
Bzero
32580.7
#pred survey bio
 7193.5 7885.51 8769.16 8145.45 10345.4 14939.7 16130.4 19288.5 31712.6 52040.1 78230.1 94518.3 124009 149320 154640 139637 128422 126813 130234 120210 129709 129658 138459 152859 170575 181169 181353 175382 174506 2.75576e+06 2.83307e+06 1.93206e+06 1.21744e+06 828486 642615 558436 520845 503873 495999 492215 490328 489356 488840 488561 488407 488322 488275 488248 488233 488225 488220 488218 488216 488215 488215 488214 488214 488214 488214 488214 488214 488214 488214 488214 488214 488214 488214 488214 488214 488214 488214 488214 488214 488214 488214 488214 488214 488214 488214 488214 488214 488214 488214 488214 488214 488214 488214 488214 488214 488214 488214 488214 488214 488214 488214 488214 488214 488214 488214 488214 488214 488214 488214 488214 488214 488214 488214 488214 488214 488214 488214 488214 488214 488214 488214 488214 488214 488214 488214 488214 488214 488214 488214 488214 488214 488214 488214 488214 488214 0 0 0 0 0 0 0 0 0 0 0 0 0 0 0 0 0 0 0 0 0 0 0 0 0
#obs survey bio
 6522.4 6686.33 10111.8 10260.6 9079.78 14385.5 20980.2 18646.7 33117.1 69072 92579.5 127043 190278 151836 124403 111756 90813.1 112060 161290 140421 137485 139047 185672 147238 194283 195862 171830 163674 154310
#pred catch bio
 3956.15 4932.41 6044.28 5311.17 6051.6 9892.54 10952.1 12440 19789.3 31007.1 52385.5 60638.8 79952.2 96275.6 105243 97286.9 88752.3 86509.7 91418.5 78468.4 89426.1 85384.2 87505.9 95055.3 105242 111222 114523 113327 168113 0 39024.1 25011.7 15049.8 9971.91 7715.22 6787 6422.96 6284.5 6232.89 6213.92 6207.01 6204.51 6203.61 6203.28 6203.17 6203.12 6203.11 6203.1 6203.1 6203.1 6203.1 6203.1 6203.1 6203.1 6203.1 6203.1 6203.1 6203.1 6203.1 6203.1 6203.1 6203.1 6203.1 6203.1 6203.1 6203.1 6203.1 6203.1 6203.1 6203.1 6203.1 6203.1 6203.1 6203.1 6203.1 6203.1 6203.1 6203.1 6203.1 6203.1 6203.1 6203.1 6203.1 6203.1 6203.1 6203.1 6203.1 6203.1 6203.1 6203.1 6203.1 6203.1 6203.1 6203.1 6203.1 6203.1 6203.1 6203.1 6203.1 6203.1 6203.1 6203.1 6203.1 6203.1 6203.1 6203.1 6203.1 6203.1 6203.1 6203.1 6203.1 6203.1 6203.1 6203.1 6203.1 6203.1 6203.1 6203.1 6203.1 6203.1 6203.1 6203.1 6203.1 6203.1 6203.1 6203.1 6203.1 6203.1 6203.1 0 0 0 0 0 0 0 0 0 0 0 0 0 0 0 0 0 0 0 0 0 0 0 0 0
#obs catch bio
 5382.84 5029.16 6124.18 5269.29 5908.73 9821.26 10968.8 12283.1 19404.5 30486.5 51727.4 59403.6 78369.9 94798.2 107423 99675.7 90787.8 88738.4 92181.9 78538 90960.4 85960.2 87156.2 94769.4 104874 110844 115982 113027 172960
#pred cpue bio
 6793.06 7183.17 8020.28 7450.31 9315.12 13563.3 14715.3 17362.9 28244.4 46648.2 70790.2 85435.8 112083 135766 142091 128097 117167 115464 118576 109867 118287 118011 126396 139851 156120 166685 167518 161493 159895 2.3722e+06 2.88387e+06 1.92575e+06 1.20169e+06 811910 625976 541792 504200 487228 479354 475570 473684 472711 472195 471916 471763 471678 471630 471604 471589 471580 471575 471573 471571 471570 471570 471570 471569 471569 471569 471569 471569 471569 471569 471569 471569 471569 471569 471569 471569 471569 471569 471569 471569 471569 471569 471569 471569 471569 471569 471569 471569 471569 471569 471569 471569 471569 471569 471569 471569 471569 471569 471569 471569 471569 471569 471569 471569 471569 471569 471569 471569 471569 471569 471569 471569 471569 471569 471569 471569 471569 471569 471569 471569 471569 471569 471569 471569 471569 471569 471569 471569 471569 471569 471569 471569 471569 471569 471569 471569 0 0 0 0 0 0 0 0 0 0 0 0 0 0 0 0 0 0 0 0 0 0 0 0 0
#obs cpue bio
 4998.99 5798.91 6252.64 7694.94 17153.8 13749.5 10365.4 23995.7 39475.8 43672.6 73692.5 92103.8 100349 164074 98067.5 112523 112965 85550.7 99235.1 90522.5 80591.8 103309 108803 150001 147179 160726 127991 188665 123509
#pred surv len freq
 2.14646e-27 2.17484e-27 6.77256e-27 1.57325e-21 9.35674e-17 1.27937e-12 4.02171e-09 2.9065e-06 0.00048291 0.0184468 0.162001 0.327084 0.15221 0.0264872 0.0632117 0.0886673 0.0358977 0.028364 0.0251472 0.0168666 0.0141285 0.0121585 0.0124746 0.0115346 0.00483464
 2.14895e-27 2.18208e-27 7.59422e-27 1.85207e-21 1.1015e-16 1.5061e-12 4.73444e-09 3.42159e-06 0.000568493 0.021716 0.190711 0.385049 0.179054 0.0276953 0.0531215 0.0741352 0.0271436 0.0133212 0.0105145 0.00554462 0.00380477 0.0026667 0.00226622 0.00189902 0.000785407
 2.14823e-27 2.18047e-27 7.42785e-27 1.79562e-21 1.06793e-16 1.4602e-12 4.59015e-09 3.31731e-06 0.000551167 0.0210542 0.184899 0.373315 0.173688 0.029283 0.0663518 0.0926896 0.0325299 0.0115631 0.00804722 0.00297032 0.00142491 0.00072956 0.00045812 0.000317826 0.000124164
 2.14817e-27 2.18037e-27 7.42071e-27 1.79321e-21 1.06649e-16 1.45824e-12 4.58399e-09 3.31286e-06 0.000550427 0.0210259 0.184651 0.372814 0.173454 0.0292282 0.0661687 0.0924643 0.0329272 0.0132193 0.00925215 0.00280199 0.000945733 0.000304067 0.00011487 5.57802e-05 1.90633e-05
 2.14955e-27 2.18376e-27 7.7802e-27 1.91516e-21 1.13902e-16 1.55741e-12 4.89574e-09 3.53816e-06 0.000587861 0.0224559 0.197209 0.398167 0.185128 0.0279584 0.0507752 0.0707709 0.0253286 0.0105756 0.00752369 0.00242483 0.000834012 0.000202729 4.18504e-05 1.04406e-05 2.59933e-06
 2.14883e-27 2.18199e-27 7.58973e-27 1.85054e-21 1.10059e-16 1.50485e-12 4.73053e-09 3.41877e-06 0.000568023 0.0216981 0.190554 0.384731 0.17895 0.0288595 0.0603259 0.08419 0.0294773 0.010247 0.00700148 0.00231201 0.000831187 0.000209493 3.63139e-05 4.57219e-06 5.64295e-07
 2.1484e-27 2.18093e-27 7.47869e-27 1.81287e-21 1.07819e-16 1.47423e-12 4.63425e-09 3.34918e-06 0.000556462 0.0212565 0.186675 0.376901 0.175341 0.0291533 0.0644793 0.0900639 0.0318236 0.0119877 0.00825813 0.00246793 0.000789878 0.000201963 3.60949e-05 3.85224e-06 2.45062e-07
 2.14956e-27 2.18379e-27 7.78243e-27 1.91592e-21 1.13947e-16 1.55802e-12 4.89766e-09 3.53955e-06 0.000588091 0.0224647 0.197286 0.398323 0.185203 0.0280391 0.0512208 0.0713856 0.025367 0.0100165 0.00700963 0.00217934 0.000715342 0.000166951 2.76064e-05 2.92673e-06 1.58576e-07
 2.15039e-27 2.1858e-27 7.99412e-27 1.98771e-21 1.18217e-16 1.61641e-12 5.0812e-09 3.6722e-06 0.00061013 0.0233066 0.204679 0.41325 0.192084 0.0274965 0.0434093 0.0603422 0.0210219 0.00696657 0.00467929 0.00149351 0.000511791 0.000123513 2.00379e-05 1.96276e-06 1.00497e-07
 2.14988e-27 2.18454e-27 7.85829e-27 1.94163e-21 1.15476e-16 1.57893e-12 4.96339e-09 3.58706e-06 0.000595985 0.0227662 0.199934 0.403669 0.187678 0.0281227 0.0501197 0.0697759 0.0240172 0.00701148 0.00448311 0.00130587 0.000400439 9.80526e-05 1.65794e-05 1.63509e-06 7.98e-08
 2.14911e-27 2.18265e-27 7.65931e-27 1.87413e-21 1.11462e-16 1.52404e-12 4.79085e-09 3.46236e-06 0.000575266 0.0219748 0.192984 0.389637 0.181212 0.0286999 0.0578728 0.0807257 0.0281779 0.00950544 0.00630876 0.00173008 0.00047086 0.000103753 1.62816e-05 1.62882e-06 8.09813e-08
 2.14921e-27 2.1829e-27 7.68707e-27 1.88356e-21 1.12023e-16 1.53171e-12 4.81495e-09 3.47978e-06 0.00057816 0.0220853 0.193954 0.391597 0.182111 0.0285085 0.0561139 0.078261 0.0275022 0.00987781 0.00671367 0.00196831 0.000585351 0.00012188 1.68144e-05 1.52086e-06 7.31949e-08
 2.14922e-27 2.18293e-27 7.68968e-27 1.88444e-21 1.12075e-16 1.53243e-12 4.81721e-09 3.48141e-06 0.000578431 0.0220957 0.194045 0.391781 0.182195 0.0284882 0.0559341 0.0780081 0.0274181 0.00986494 0.00673278 0.00204195 0.00064626 0.000144343 2.07323e-05 1.73143e-06 7.44729e-08
 2.1487e-27 2.18166e-27 7.55489e-27 1.83872e-21 1.09356e-16 1.49524e-12 4.70032e-09 3.39693e-06 0.000564395 0.0215595 0.189337 0.382274 0.177818 0.0289653 0.0617122 0.0861502 0.0302604 0.0108249 0.00737776 0.00224077 0.000716734 0.000166811 2.57249e-05 2.27165e-06 9.6045e-08
 2.14773e-27 2.17928e-27 7.30443e-27 1.75376e-21 1.04303e-16 1.42616e-12 4.48315e-09 3.23998e-06 0.000538318 0.0205634 0.180589 0.364613 0.16968 0.0296796 0.0713959 0.0998258 0.0354399 0.0138838 0.00966906 0.00292958 0.000933834 0.000218387 3.45613e-05 3.22649e-06 1.44706e-07
 2.14789e-27 2.1797e-27 7.35199e-27 1.76991e-21 1.05263e-16 1.43929e-12 4.52442e-09 3.26981e-06 0.000543275 0.0207527 0.182252 0.367969 0.171217 0.0292982 0.0680558 0.0951522 0.0342556 0.0149336 0.0107 0.00340032 0.00114932 0.000270314 4.28229e-05 4.06612e-06 1.89855e-07
 2.1484e-27 2.18095e-27 7.48322e-27 1.81442e-21 1.07911e-16 1.47548e-12 4.63821e-09 3.35204e-06 0.000556937 0.0212746 0.186835 0.377223 0.175483 0.0289556 0.0631754 0.0882509 0.0315114 0.0129298 0.00921666 0.00311071 0.00113923 0.000283425 4.69911e-05 4.51056e-06 2.12993e-07
 2.14858e-27 2.18138e-27 7.52726e-27 1.82935e-21 1.08799e-16 1.48763e-12 4.67638e-09 3.37963e-06 0.000561521 0.0214497 0.188373 0.380328 0.176917 0.0289301 0.0620838 0.0866925 0.0306963 0.0117746 0.00823129 0.00268738 0.000965747 0.000255415 4.59318e-05 4.66659e-06 2.26987e-07
 2.14858e-27 2.18138e-27 7.52642e-27 1.82907e-21 1.08782e-16 1.48739e-12 4.67564e-09 3.3791e-06 0.000561432 0.0214463 0.188343 0.380268 0.17689 0.0289603 0.0622864 0.0869755 0.0307634 0.0116917 0.00811917 0.00255291 0.000870018 0.000223243 4.07121e-05 4.43202e-06 2.30429e-07
 2.14823e-27 2.18052e-27 7.4346e-27 1.79792e-21 1.06929e-16 1.46206e-12 4.59601e-09 3.32155e-06 0.000551871 0.0210811 0.185135 0.373792 0.17391 0.0293099 0.0663727 0.09273 0.0327236 0.0121961 0.0084243 0.00263152 0.000880651 0.000216485 3.75944e-05 4.06203e-06 2.202e-07
 2.14844e-27 2.18105e-27 7.49301e-27 1.81774e-21 1.08108e-16 1.47819e-12 4.6467e-09 3.35818e-06 0.000557957 0.0213136 0.187177 0.377914 0.175801 0.0289242 0.0627754 0.0876915 0.0313834 0.0130957 0.00927023 0.00287174 0.000948602 0.000230219 3.87024e-05 3.9928e-06 2.11414e-07
 2.14861e-27 2.18146e-27 7.53543e-27 1.83213e-21 1.08964e-16 1.48988e-12 4.68347e-09 3.38475e-06 0.000562372 0.0214822 0.188658 0.380904 0.177183 0.028909 0.0617814 0.0862651 0.0305297 0.0116629 0.00815507 0.00268247 0.000949559 0.000230359 3.81097e-05 3.82979e-06 1.95073e-07
 2.14835e-27 2.1808e-27 7.46531e-27 1.80834e-21 1.07549e-16 1.47054e-12 4.62266e-09 3.34081e-06 0.000555071 0.0212033 0.186209 0.375959 0.174905 0.0291364 0.0646601 0.0903271 0.0320267 0.0124199 0.00866407 0.00272115 0.000927542 0.000237109 4.12107e-05 4.13176e-06 2.05852e-07
 2.14814e-27 2.18031e-27 7.41537e-27 1.7914e-21 1.06542e-16 1.45677e-12 4.57937e-09 3.30952e-06 0.000549872 0.0210047 0.184465 0.372438 0.173279 0.0291796 0.0659851 0.0922165 0.0329884 0.0137218 0.00973233 0.00308198 0.0010477 0.000257906 4.45792e-05 4.67091e-06 2.37816e-07
 2.14811e-27 2.18024e-27 7.40854e-27 1.78909e-21 1.06404e-16 1.45489e-12 4.57346e-09 3.30525e-06 0.000549163 0.0209776 0.184227 0.371957 0.173055 0.0291265 0.0658055 0.0919739 0.0330429 0.0141944 0.0101841 0.00335504 0.00119587 0.00029696 5.0532e-05 5.20098e-06 2.69555e-07
 2.14761e-27 2.17901e-27 7.2789e-27 1.74512e-21 1.03789e-16 1.41913e-12 4.46104e-09 3.22401e-06 0.000535664 0.020462 0.179698 0.362815 0.168843 0.0295328 0.0710417 0.0993596 0.0357134 0.0153972 0.0110813 0.00372245 0.00136984 0.000355005 6.26754e-05 6.45405e-06 3.30087e-07
 2.14722e-27 2.17806e-27 7.18051e-27 1.71175e-21 1.01805e-16 1.392e-12 4.37576e-09 3.16237e-06 0.000525423 0.0200708 0.176263 0.355879 0.165642 0.0296689 0.0739631 0.103511 0.0376312 0.0175612 0.0128377 0.00432555 0.0016053 0.000426456 7.84698e-05 8.41599e-06 4.38065e-07
 2.14754e-27 2.17886e-27 7.26598e-27 1.74075e-21 1.03529e-16 1.41558e-12 4.44988e-09 3.21594e-06 0.000534324 0.0204108 0.179249 0.361907 0.168415 0.0293097 0.0699531 0.0978657 0.0357313 0.0171544 0.0126822 0.00447593 0.00174208 0.000467997 8.7733e-05 9.74663e-06 5.27697e-07
 2.14802e-27 2.18002e-27 7.38673e-27 1.7817e-21 1.05965e-16 1.44888e-12 4.55457e-09 3.2916e-06 0.000546895 0.020891 0.183466 0.370421 0.172342 0.0290706 0.0659271 0.0921604 0.0333023 0.0149202 0.0109144 0.00392082 0.00157344 0.000443368 8.65303e-05 9.82063e-06 5.47043e-07
#obs surv len freq
 1.23188e-39 6.02918e-33 6.78413e-27 1.75499e-21 1.04376e-16 1.42715e-12 4.48626e-09 3.24223e-06 0.000538701 0.0205777 0.180713 0.364865 0.169784 0.0293295 0.0691831 0.0967535 0.0349736 0.0157018 0.011446 0.00399735 0.00157041 0.000454211 9.51752e-05 1.21959e-05 7.97897e-07
 1.31614e-39 6.44158e-33 7.24817e-27 1.87503e-21 1.11515e-16 1.52477e-12 4.79313e-09 3.464e-06 0.000575549 0.0219852 0.193074 0.389821 0.181279 0.0282083 0.0548168 0.0764898 0.0276386 0.0123763 0.00900569 0.00311209 0.00119917 0.000336159 6.84961e-05 8.61122e-06 5.49511e-07
 1.15999e-39 5.67734e-33 6.38823e-27 1.65257e-21 9.82848e-17 1.34387e-12 4.22446e-09 3.05303e-06 0.000507265 0.0193769 0.170168 0.343574 0.159997 0.0308294 0.0847565 0.118628 0.0416541 0.014867 0.0102814 0.00354142 0.00135742 0.000374806 7.42172e-05 9.03765e-06 5.62723e-07
 1.34487e-39 6.5822e-33 7.4064e-27 1.91597e-21 1.1395e-16 1.55806e-12 4.89776e-09 3.53962e-06 0.000588113 0.0224652 0.197289 0.398331 0.185189 0.0275472 0.0482165 0.067236 0.0250588 0.0135952 0.0100681 0.00306381 0.00101442 0.000273793 5.35262e-05 6.35879e-06 3.84007e-07
 1.38739e-39 6.7903e-33 7.64055e-27 1.97654e-21 1.17552e-16 1.60731e-12 5.0526e-09 3.65153e-06 0.000606706 0.0231754 0.203526 0.410924 0.191013 0.0276057 0.044778 0.0622662 0.021619 0.00693832 0.00473965 0.0018315 0.000752161 0.000184385 3.21135e-05 3.69101e-06 2.18086e-07
 1.26353e-39 6.1841e-33 6.95845e-27 1.80008e-21 1.07058e-16 1.46382e-12 4.60154e-09 3.32554e-06 0.000552543 0.0211064 0.185357 0.37424 0.17413 0.0296467 0.0682939 0.0953789 0.0328571 0.00967959 0.00619734 0.00178554 0.000568784 0.000166652 3.24644e-05 3.43022e-06 1.88772e-07
 1.27917e-39 6.26066e-33 7.0446e-27 1.82237e-21 1.08383e-16 1.48194e-12 4.65851e-09 3.36671e-06 0.000559384 0.0213677 0.187652 0.378873 0.176243 0.0288844 0.0622441 0.0869479 0.0311987 0.0132655 0.00930779 0.00256523 0.000700788 0.000156108 2.71973e-05 3.1965e-06 1.77372e-07
 1.41958e-39 6.94784e-33 7.81783e-27 2.0224e-21 1.2028e-16 1.64461e-12 5.16983e-09 3.73625e-06 0.000620783 0.0237131 0.208248 0.420458 0.195396 0.0269638 0.0379861 0.0527279 0.0187397 0.0074131 0.00523412 0.0017407 0.000605298 0.000129248 1.8057e-05 1.74368e-06 9.58375e-08
 1.41967e-39 6.9483e-33 7.81833e-27 2.02253e-21 1.20287e-16 1.64471e-12 5.17017e-09 3.73649e-06 0.000620823 0.0237147 0.208262 0.420485 0.195423 0.0273228 0.0401691 0.0557444 0.0189817 0.00487115 0.00300447 0.000960094 0.00033621 8.58455e-05 1.39486e-05 1.21222e-06 5.46536e-08
 1.3538e-39 6.62591e-33 7.45558e-27 1.92869e-21 1.14706e-16 1.5684e-12 4.93029e-09 3.56313e-06 0.000592019 0.0226144 0.198599 0.400976 0.186443 0.0283696 0.0524394 0.0730283 0.0249306 0.00659909 0.00402651 0.00104193 0.000261798 6.2547e-05 1.0933e-05 1.10163e-06 5.07016e-08
 1.32069e-39 6.46388e-33 7.27326e-27 1.88152e-21 1.11901e-16 1.53005e-12 4.80972e-09 3.476e-06 0.000577542 0.0220613 0.193743 0.391171 0.18192 0.0286473 0.0570903 0.0796204 0.027757 0.00924808 0.00608996 0.00159572 0.000389541 7.44494e-05 9.99121e-06 9.78384e-07 4.95073e-08
 1.36231e-39 6.66758e-33 7.50247e-27 1.94082e-21 1.15428e-16 1.57827e-12 4.96129e-09 3.58554e-06 0.000595742 0.0227566 0.199848 0.403498 0.187592 0.0279218 0.0489459 0.0681583 0.0239485 0.00859075 0.00583389 0.00170087 0.000496459 9.7351e-05 1.17304e-05 9.03623e-07 3.95567e-08
 1.33472e-39 6.53255e-33 7.35053e-27 1.90151e-21 1.1309e-16 1.5463e-12 4.86081e-09 3.51292e-06 0.000583677 0.0222957 0.195801 0.395326 0.183834 0.0284687 0.0547471 0.0763086 0.0264566 0.00835103 0.00549768 0.0016659 0.000526367 0.00011626 1.60417e-05 1.21589e-06 4.51384e-08
 1.29221e-39 6.32445e-33 7.11637e-27 1.84094e-21 1.09488e-16 1.49704e-12 4.70597e-09 3.40101e-06 0.000565083 0.0215855 0.189563 0.382733 0.178032 0.0290054 0.0618189 0.0862925 0.0302022 0.0104526 0.00701223 0.00199569 0.000581817 0.000133249 2.03651e-05 1.74774e-06 6.90091e-08
 1.16597e-39 5.70662e-33 6.42118e-27 1.6611e-21 9.87918e-17 1.3508e-12 4.24625e-09 3.06877e-06 0.000509881 0.0194768 0.171045 0.345346 0.160808 0.0306234 0.0829646 0.116134 0.0412131 0.0160916 0.0111777 0.00332887 0.00102 0.000222053 3.25693e-05 2.96377e-06 1.29996e-07
 1.26823e-39 6.2071e-33 6.98433e-27 1.80678e-21 1.07456e-16 1.46927e-12 4.61865e-09 3.33791e-06 0.000554599 0.0211849 0.186046 0.375632 0.174733 0.028571 0.0613074 0.0857007 0.0317425 0.0166267 0.0123135 0.00391574 0.00131707 0.000302005 4.50987e-05 3.96677e-06 1.75593e-07
 1.23297e-39 6.03452e-33 6.79014e-27 1.75654e-21 1.04468e-16 1.42841e-12 4.49023e-09 3.2451e-06 0.000539178 0.0205959 0.180873 0.365188 0.169941 0.0295482 0.0704206 0.0984545 0.034978 0.0138066 0.00991404 0.00375274 0.00153077 0.000384407 6.26866e-05 5.75443e-06 2.54175e-07
 1.27818e-39 6.25582e-33 7.03914e-27 1.82096e-21 1.08299e-16 1.4808e-12 4.6549e-09 3.36411e-06 0.000558951 0.0213512 0.187506 0.37858 0.176102 0.0287425 0.0614663 0.0858687 0.0310369 0.0139189 0.0100365 0.00322822 0.00117843 0.000346729 6.75036e-05 6.87932e-06 3.24266e-07
 1.25051e-39 6.12036e-33 6.88673e-27 1.78153e-21 1.05954e-16 1.44873e-12 4.55411e-09 3.29127e-06 0.000546848 0.0208889 0.183446 0.370383 0.172335 0.0293442 0.0676094 0.09449 0.033563 0.0132168 0.00936002 0.00322167 0.00120888 0.000313882 6.06256e-05 7.20649e-06 3.88698e-07
 1.25588e-39 6.14664e-33 6.9163e-27 1.78918e-21 1.06409e-16 1.45496e-12 4.57367e-09 3.3054e-06 0.000549196 0.0209786 0.184234 0.371974 0.173062 0.0291106 0.0657044 0.0918354 0.0330474 0.0143641 0.0102927 0.00329874 0.00116586 0.000314116 5.90019e-05 6.69727e-06 3.89321e-07
 1.27941e-39 6.26183e-33 7.04592e-27 1.82271e-21 1.08404e-16 1.48222e-12 4.65938e-09 3.36734e-06 0.000559489 0.0213717 0.187687 0.378944 0.176274 0.0288219 0.0618409 0.0863781 0.030961 0.0130785 0.00938225 0.0031728 0.00116711 0.000297388 5.40856e-05 6.10581e-06 3.45822e-07
 1.26406e-39 6.1867e-33 6.96137e-27 1.80084e-21 1.07103e-16 1.46444e-12 4.60347e-09 3.32694e-06 0.000552775 0.0211153 0.185435 0.374398 0.174183 0.0291349 0.0651218 0.0909877 0.032387 0.0129665 0.00917613 0.00305647 0.00112302 0.000298616 5.46518e-05 5.93532e-06 3.29177e-07
 1.26093e-39 6.17137e-33 6.94412e-27 1.79638e-21 1.06837e-16 1.46081e-12 4.59206e-09 3.31869e-06 0.000551406 0.021063 0.184975 0.37347 0.173753 0.02909 0.0651276 0.0910132 0.0326309 0.0138058 0.00984972 0.00318381 0.00112635 0.00029584 5.49613e-05 6.08941e-06 3.32453e-07
 1.26164e-39 6.17487e-33 6.94807e-27 1.7974e-21 1.06898e-16 1.46164e-12 4.59467e-09 3.32058e-06 0.000551719 0.021075 0.18508 0.373682 0.17385 0.0290636 0.0649026 0.090697 0.0325304 0.013807 0.00989556 0.00329751 0.00119679 0.000305804 5.50886e-05 6.09941e-06 3.3766e-07
 1.25558e-39 6.1452e-33 6.91468e-27 1.78876e-21 1.06384e-16 1.45461e-12 4.57259e-09 3.30462e-06 0.000549067 0.0209737 0.184191 0.371886 0.173022 0.0291183 0.0657774 0.0919352 0.0330366 0.0142175 0.010222 0.00341752 0.00125507 0.00032941 5.97199e-05 6.44659e-06 3.52094e-07
 1.19535e-39 5.85042e-33 6.58298e-27 1.70295e-21 1.01281e-16 1.38484e-12 4.35325e-09 3.1461e-06 0.000522729 0.0199676 0.175355 0.354048 0.164805 0.0299245 0.0760756 0.106461 0.0382917 0.016591 0.0119567 0.00402882 0.00149342 0.000395121 7.29964e-05 7.99753e-06 4.32803e-07
 1.19424e-39 5.84497e-33 6.57686e-27 1.70137e-21 1.01187e-16 1.38355e-12 4.34919e-09 3.14317e-06 0.000522242 0.019949 0.175192 0.353718 0.164639 0.0295681 0.0739995 0.103596 0.0381234 0.0192236 0.0142549 0.00482734 0.00180165 0.000480946 8.98605e-05 9.99197e-06 5.48763e-07
 1.23115e-39 6.02564e-33 6.78015e-27 1.75396e-21 1.04315e-16 1.42631e-12 4.48363e-09 3.24033e-06 0.000538385 0.0205656 0.180607 0.364651 0.169676 0.0290889 0.0677786 0.0948109 0.0347831 0.0172241 0.0128931 0.00478574 0.00195305 0.000529626 9.99037e-05 1.12371e-05 6.2553e-07
 1.23115e-39 6.02564e-33 6.78015e-27 1.75396e-21 1.04315e-16 1.42631e-12 4.48363e-09 3.24033e-06 0.000538385 0.0205656 0.180607 0.364651 0.169676 0.0290889 0.0677786 0.0948109 0.0347831 0.0172241 0.0128931 0.00478574 0.00195305 0.000529626 9.99037e-05 1.12371e-05 6.2553e-07
#pred catch len freq
 2.14621e-27 2.17421e-27 6.70518e-27 1.55039e-21 9.22079e-17 1.26078e-12 3.96327e-09 2.86427e-06 0.000475894 0.0181788 0.159647 0.322332 0.150021 0.0267046 0.0659715 0.0925567 0.0372569 0.0288291 0.0254796 0.0170245 0.0142358 0.0122435 0.0125597 0.011613 0.00486749
 2.14885e-27 2.18184e-27 7.56759e-27 1.84303e-21 1.09612e-16 1.49875e-12 4.71134e-09 3.4049e-06 0.000565719 0.0216101 0.189781 0.383171 0.17819 0.0278266 0.054489 0.0760572 0.0277492 0.0133136 0.010459 0.00549506 0.00376268 0.00263542 0.00223917 0.00187629 0.000776004
 2.14822e-27 2.18044e-27 7.42355e-27 1.79416e-21 1.06706e-16 1.45901e-12 4.58642e-09 3.31462e-06 0.000550719 0.0210371 0.184749 0.373011 0.17355 0.029338 0.0667786 0.093285 0.0326576 0.0113468 0.00784663 0.0028873 0.00138103 0.000706507 0.00044352 0.000307682 0.0001202
 2.14809e-27 2.18018e-27 7.39925e-27 1.78593e-21 1.06216e-16 1.45232e-12 4.56537e-09 3.29941e-06 0.000548192 0.0209406 0.183901 0.3713 0.172759 0.0293416 0.0673168 0.094076 0.0334064 0.0131114 0.00912767 0.00275745 0.000927617 0.000297951 0.000112511 5.463e-05 1.86701e-05
 2.14939e-27 2.18337e-27 7.73871e-27 1.90109e-21 1.13065e-16 1.54596e-12 4.85975e-09 3.51215e-06 0.000583539 0.0222908 0.195759 0.39524 0.183781 0.0281284 0.0526954 0.073473 0.0262206 0.0107111 0.00758222 0.00243725 0.000835744 0.000202983 4.18816e-05 1.04466e-05 2.60077e-06
 2.14877e-27 2.18184e-27 7.57365e-27 1.84508e-21 1.09734e-16 1.50042e-12 4.71658e-09 3.40869e-06 0.000566348 0.0216341 0.189992 0.383597 0.178429 0.0289479 0.0612075 0.0854271 0.0298394 0.0101436 0.00688706 0.00226792 0.000812886 0.000204716 3.54701e-05 4.4652e-06 5.51058e-07
 2.14837e-27 2.18085e-27 7.46949e-27 1.80975e-21 1.07633e-16 1.47169e-12 4.62627e-09 3.34342e-06 0.000555504 0.0212199 0.186354 0.376252 0.175044 0.0292219 0.0650936 0.0909236 0.032042 0.0117974 0.00808005 0.0024088 0.000768402 0.000196293 3.50662e-05 3.74189e-06 2.38029e-07
 2.14949e-27 2.1836e-27 7.76233e-27 1.9091e-21 1.13541e-16 1.55248e-12 4.88023e-09 3.52695e-06 0.000585998 0.0223847 0.196584 0.396906 0.184552 0.0281381 0.0522524 0.0728348 0.0258106 0.00996466 0.00693546 0.00215077 0.000703746 0.000164107 2.71229e-05 2.87499e-06 1.55764e-07
 2.1503e-27 2.18558e-27 7.96996e-27 1.97952e-21 1.1773e-16 1.60974e-12 5.06025e-09 3.65706e-06 0.000607615 0.0232105 0.203835 0.411546 0.1913 0.0276036 0.0445768 0.0619839 0.0215465 0.0069872 0.00466278 0.00148427 0.00050706 0.000122271 1.98274e-05 1.94182e-06 9.94189e-08
 2.14974e-27 2.18419e-27 7.82121e-27 1.92905e-21 1.14728e-16 1.5687e-12 4.93123e-09 3.56382e-06 0.000592123 0.0226187 0.198639 0.401054 0.186475 0.0282794 0.0518649 0.072231 0.0248169 0.00709621 0.00450466 0.001309 0.00040006 9.78692e-05 1.6541e-05 1.63104e-06 7.95982e-08
 2.14906e-27 2.18254e-27 7.64656e-27 1.86981e-21 1.11205e-16 1.52053e-12 4.77979e-09 3.45437e-06 0.000573938 0.0219241 0.192538 0.388738 0.180799 0.0287735 0.0585933 0.0817363 0.028465 0.00939028 0.00619239 0.00169449 0.000459567 0.000101164 1.58672e-05 1.5871e-06 7.89025e-08
 2.14912e-27 2.18269e-27 7.6638e-27 1.87566e-21 1.11553e-16 1.52529e-12 4.79476e-09 3.46519e-06 0.000575735 0.0219927 0.193141 0.389955 0.181356 0.0286196 0.057287 0.0799093 0.0280127 0.00984025 0.00664838 0.00194454 0.000576387 0.000119909 1.65341e-05 1.49521e-06 7.19556e-08
 2.14913e-27 2.18272e-27 7.66773e-27 1.877e-21 1.11632e-16 1.52637e-12 4.79817e-09 3.46765e-06 0.000576145 0.0220083 0.193278 0.390232 0.181483 0.0285947 0.0570513 0.0795777 0.027901 0.0098178 0.00666062 0.00201503 0.000635696 0.000141863 2.03665e-05 1.70057e-06 7.31406e-08
 2.14861e-27 2.18144e-27 7.5311e-27 1.83065e-21 1.08876e-16 1.48868e-12 4.67969e-09 3.38202e-06 0.000561918 0.0214649 0.188506 0.380597 0.177047 0.0290813 0.0629261 0.0878556 0.0307841 0.0107701 0.00729641 0.00221052 0.000704786 0.000163889 2.52625e-05 2.23045e-06 9.42973e-08
 2.1477e-27 2.1792e-27 7.29549e-27 1.75073e-21 1.04123e-16 1.42369e-12 4.47539e-09 3.23438e-06 0.000537387 0.0205278 0.180276 0.363982 0.169391 0.029753 0.0720341 0.100718 0.0356569 0.0136516 0.00945446 0.00285744 0.000907892 0.000212136 3.35563e-05 3.13215e-06 1.40467e-07
 2.1479e-27 2.17971e-27 7.35193e-27 1.76989e-21 1.05262e-16 1.43927e-12 4.52436e-09 3.26977e-06 0.000543267 0.0207524 0.182249 0.367964 0.171217 0.0293458 0.0683477 0.0955558 0.0342905 0.0146028 0.0104101 0.00329954 0.0011118 0.000261273 4.13713e-05 3.92764e-06 1.83378e-07
 2.1484e-27 2.18093e-27 7.48027e-27 1.81342e-21 1.07851e-16 1.47467e-12 4.63564e-09 3.35019e-06 0.000556629 0.0212629 0.186732 0.377014 0.175388 0.029007 0.0635521 0.0887751 0.0316045 0.0126701 0.00898273 0.00302323 0.00110393 0.000274428 4.54792e-05 4.36475e-06 2.06096e-07
 2.14856e-27 2.18132e-27 7.51995e-27 1.82687e-21 1.08651e-16 1.48561e-12 4.67004e-09 3.37505e-06 0.000560759 0.0214206 0.188117 0.379812 0.176681 0.0289923 0.0626192 0.087441 0.0308772 0.0115753 0.00804547 0.00261955 0.000938488 0.000248 4.45796e-05 4.52856e-06 2.20262e-07
 2.14859e-27 2.18139e-27 7.52784e-27 1.82955e-21 1.0881e-16 1.48778e-12 4.67687e-09 3.37999e-06 0.00056158 0.021452 0.188392 0.380367 0.176938 0.0289923 0.0624515 0.0872019 0.0307596 0.0114224 0.0078858 0.00247304 0.000840131 0.000215389 3.92623e-05 4.27357e-06 2.2218e-07
 2.14815e-27 2.18032e-27 7.41315e-27 1.79064e-21 1.06496e-16 1.45615e-12 4.57741e-09 3.30811e-06 0.000549638 0.0209958 0.184386 0.372279 0.173214 0.0294215 0.0675096 0.0943261 0.033201 0.0120992 0.00830893 0.00258877 0.000863615 0.000212116 3.68188e-05 3.9776e-06 2.15612e-07
 2.14843e-27 2.18102e-27 7.48929e-27 1.81648e-21 1.08033e-16 1.47716e-12 4.64346e-09 3.35584e-06 0.000557568 0.0212987 0.187047 0.37765 0.175681 0.0289777 0.0631813 0.0882569 0.03149 0.0128383 0.00904038 0.0027934 0.000919784 0.000223033 3.74772e-05 3.86577e-06 2.04678e-07
 2.14855e-27 2.1813e-27 7.51778e-27 1.82614e-21 1.08607e-16 1.48501e-12 4.66816e-09 3.37369e-06 0.000560533 0.021412 0.188041 0.379659 0.176611 0.0290059 0.062748 0.0876215 0.030927 0.0115504 0.0080304 0.00263423 0.000929683 0.000225357 3.72652e-05 3.74431e-06 1.90709e-07
 2.14823e-27 2.18052e-27 7.43523e-27 1.79813e-21 1.06942e-16 1.46224e-12 4.59657e-09 3.32195e-06 0.000551938 0.0210836 0.185158 0.373837 0.173929 0.0292771 0.0661584 0.0924329 0.0326856 0.0123958 0.00859979 0.00269397 0.000915386 0.000233802 4.06184e-05 4.07176e-06 2.02851e-07
 2.14801e-27 2.17999e-27 7.3804e-27 1.77954e-21 1.05836e-16 1.44712e-12 4.54904e-09 3.2876e-06 0.000546231 0.0208656 0.183243 0.369971 0.172144 0.0293382 0.0676965 0.0946224 0.0337509 0.013729 0.00968797 0.00305997 0.00103699 0.000255056 4.40663e-05 4.61645e-06 2.35031e-07
 2.14797e-27 2.17989e-27 7.37155e-27 1.77654e-21 1.05658e-16 1.44468e-12 4.54137e-09 3.28206e-06 0.00054531 0.0208305 0.182934 0.369348 0.171854 0.029292 0.0676022 0.0945001 0.0338484 0.0142194 0.0101518 0.00333535 0.00118529 0.000294097 5.00224e-05 5.14772e-06 2.66781e-07
 2.14746e-27 2.17863e-27 7.23828e-27 1.73134e-21 1.02969e-16 1.40792e-12 4.42582e-09 3.19855e-06 0.000531434 0.0203004 0.178279 0.35995 0.167525 0.0297138 0.0730097 0.102127 0.0365974 0.0154307 0.0110509 0.00370196 0.00135828 0.000351728 6.207e-05 6.39076e-06 3.26833e-07
 2.14709e-27 2.17776e-27 7.14756e-27 1.70057e-21 1.0114e-16 1.3829e-12 4.34717e-09 3.14172e-06 0.000521991 0.0199397 0.175112 0.353554 0.164573 0.0298287 0.0756393 0.105866 0.0383586 0.0175004 0.0127348 0.00427903 0.00158334 0.000420285 7.73013e-05 8.28948e-06 4.31458e-07
 2.14745e-27 2.17863e-27 7.24162e-27 1.73248e-21 1.03037e-16 1.40885e-12 4.42875e-09 3.20067e-06 0.000531786 0.0203139 0.178398 0.360188 0.167625 0.0294409 0.0712718 0.0997169 0.0362802 0.0170245 0.0125295 0.00440924 0.00171127 0.000459364 8.60778e-05 9.5614e-06 5.17644e-07
 2.14858e-27 2.18141e-27 7.53336e-27 1.83144e-21 1.08923e-16 1.48932e-12 4.68171e-09 3.38348e-06 0.000562161 0.0214742 0.188587 0.380761 0.177107 0.0286546 0.0602717 0.0841752 0.0302996 0.0132086 0.00960645 0.00344035 0.00137662 0.000387605 7.56164e-05 8.58081e-06 4.77958e-07
#obs catch len freq
 1.22451e-39 5.99311e-33 6.74355e-27 1.74449e-21 1.03751e-16 1.41861e-12 4.45942e-09 3.22284e-06 0.000535479 0.0204546 0.179632 0.362683 0.168778 0.0294135 0.0703534 0.0984045 0.0355721 0.0159793 0.0116913 0.00419276 0.00169237 0.000494374 0.000105223 1.38519e-05 9.38283e-07
 1.2224e-39 5.98281e-33 6.73196e-27 1.74149e-21 1.03573e-16 1.41618e-12 4.45176e-09 3.2173e-06 0.000534558 0.0204194 0.179324 0.36206 0.168493 0.0294912 0.0710155 0.0993324 0.0358293 0.0158463 0.011513 0.00400856 0.00156965 0.0004533 9.48716e-05 1.21484e-05 7.94433e-07
 1.3086e-39 6.40468e-33 7.20665e-27 1.86429e-21 1.10876e-16 1.51604e-12 4.76567e-09 3.44416e-06 0.000572252 0.0218593 0.191968 0.387589 0.180252 0.0283369 0.0562749 0.0785419 0.0283194 0.0124913 0.00905907 0.00312113 0.0011987 0.000335517 6.82824e-05 8.57824e-06 5.47162e-07
 1.14974e-39 5.62719e-33 6.33181e-27 1.63798e-21 9.74167e-17 1.332e-12 4.18715e-09 3.02606e-06 0.000502784 0.0192057 0.168665 0.34054 0.158601 0.0310106 0.0867771 0.121471 0.0425833 0.0149765 0.0103139 0.00354184 0.00135312 0.000373058 7.37818e-05 8.97817e-06 5.58764e-07
 1.33785e-39 6.54786e-33 7.36775e-27 1.90597e-21 1.13355e-16 1.54993e-12 4.87221e-09 3.52115e-06 0.000585045 0.0223479 0.19626 0.396252 0.184232 0.0276634 0.0495522 0.0691164 0.0256907 0.0137291 0.0101404 0.00307787 0.00101534 0.000273599 5.34236e-05 6.34207e-06 3.82822e-07
 1.38155e-39 6.76171e-33 7.60838e-27 1.96822e-21 1.17057e-16 1.60055e-12 5.03133e-09 3.63615e-06 0.000604152 0.0230778 0.202669 0.409194 0.190217 0.0277082 0.0459252 0.0638803 0.022148 0.00700522 0.00476244 0.00183416 0.000751094 0.000183881 3.1983e-05 3.67318e-06 2.16932e-07
 1.25638e-39 6.1491e-33 6.91906e-27 1.7899e-21 1.06452e-16 1.45554e-12 4.57549e-09 3.30672e-06 0.000549416 0.020987 0.184308 0.372122 0.173156 0.0297765 0.0697244 0.0973908 0.0335071 0.00972986 0.00619835 0.00178139 0.00056523 0.000165328 3.21729e-05 3.3971e-06 1.86855e-07
 1.27205e-39 6.22582e-33 7.00539e-27 1.81223e-21 1.0778e-16 1.4737e-12 4.63258e-09 3.34798e-06 0.000556271 0.0212488 0.186607 0.376765 0.175273 0.029011 0.0636524 0.088929 0.0318446 0.0133359 0.00932555 0.0025644 0.000697878 0.000155202 2.70006e-05 3.17104e-06 1.75886e-07
 1.41506e-39 6.92574e-33 7.79295e-27 2.01596e-21 1.19897e-16 1.63937e-12 5.15339e-09 3.72436e-06 0.000618808 0.0236377 0.207586 0.41912 0.194781 0.0270437 0.0388772 0.0539816 0.0191494 0.0074611 0.00524798 0.00174025 0.00060318 0.00012863 1.79464e-05 1.73147e-06 9.51154e-08
 1.41537e-39 6.92727e-33 7.79467e-27 2.01641e-21 1.19923e-16 1.63973e-12 5.15452e-09 3.72518e-06 0.000618944 0.0236429 0.207632 0.419212 0.194837 0.0274006 0.0410275 0.0569518 0.0193721 0.00490255 0.00300607 0.000957841 0.000334249 8.52188e-05 1.38313e-05 1.2012e-06 5.41264e-08
 1.34778e-39 6.59645e-33 7.42243e-27 1.92011e-21 1.14196e-16 1.56143e-12 4.90836e-09 3.54728e-06 0.000589386 0.0225138 0.197716 0.399193 0.185622 0.0284774 0.053635 0.0747101 0.0254764 0.00665012 0.00403532 0.00104206 0.000260763 6.2186e-05 1.08563e-05 1.09317e-06 5.02904e-08
 1.31487e-39 6.4354e-33 7.24121e-27 1.87323e-21 1.11408e-16 1.52331e-12 4.78852e-09 3.46068e-06 0.000574996 0.0219641 0.192889 0.389447 0.181127 0.0287533 0.0582569 0.0812612 0.028286 0.00928529 0.00608775 0.00159186 0.000387085 7.3864e-05 9.89799e-06 9.68399e-07 4.89792e-08
 1.35667e-39 6.63995e-33 7.47138e-27 1.93278e-21 1.14949e-16 1.57173e-12 4.94073e-09 3.57068e-06 0.000593273 0.0226623 0.19902 0.401826 0.186822 0.0280224 0.0500641 0.0697313 0.0244606 0.00864413 0.00584611 0.00170023 0.000494488 9.68345e-05 1.16528e-05 8.96863e-07 3.9237e-08
 1.32886e-39 6.50384e-33 7.31823e-27 1.89316e-21 1.12593e-16 1.53951e-12 4.83945e-09 3.49748e-06 0.000581112 0.0221977 0.19494 0.393589 0.183035 0.0285748 0.0559183 0.0779558 0.0269897 0.00839518 0.0055007 0.00166241 0.000523398 0.000115441 1.59094e-05 1.20501e-06 4.471e-08
 1.28509e-39 6.28962e-33 7.07718e-27 1.8308e-21 1.08884e-16 1.4888e-12 4.68005e-09 3.38228e-06 0.000561971 0.0214666 0.188519 0.380626 0.177063 0.0291323 0.0632291 0.0882763 0.0308478 0.0105189 0.00702699 0.00199512 0.000579458 0.000132501 2.0226e-05 1.7346e-06 6.84587e-08
 1.15769e-39 5.66607e-33 6.37555e-27 1.6493e-21 9.80898e-17 1.3412e-12 4.21608e-09 3.04697e-06 0.000506258 0.0193384 0.16983 0.342892 0.15968 0.0307754 0.0846322 0.118479 0.041968 0.0161404 0.0111694 0.00331796 0.001013 0.000220211 3.22564e-05 2.93306e-06 1.28589e-07
 1.26104e-39 6.1719e-33 6.94473e-27 1.79654e-21 1.06847e-16 1.46094e-12 4.59246e-09 3.31898e-06 0.000551454 0.0210648 0.184991 0.373502 0.173753 0.0286976 0.0627222 0.0876913 0.0323954 0.0167111 0.0123413 0.00391388 0.00131193 0.000300406 4.48041e-05 3.93791e-06 1.74227e-07
 1.22454e-39 5.99326e-33 6.74371e-27 1.74453e-21 1.03754e-16 1.41865e-12 4.45953e-09 3.22291e-06 0.000535492 0.0204551 0.179637 0.362692 0.168793 0.0296974 0.0720838 0.100794 0.0357433 0.0138983 0.00994113 0.00375072 0.00152543 0.000382557 6.2311e-05 5.71597e-06 2.52355e-07
 1.27075e-39 6.21943e-33 6.9982e-27 1.81037e-21 1.07669e-16 1.47218e-12 4.62782e-09 3.34454e-06 0.0005557 0.021227 0.186416 0.376378 0.175089 0.0288731 0.0629271 0.087924 0.0317112 0.0140067 0.0100666 0.00322884 0.00117444 0.00034501 6.70981e-05 6.83368e-06 3.21972e-07
 1.24128e-39 6.0752e-33 6.83591e-27 1.76839e-21 1.05173e-16 1.43804e-12 4.52051e-09 3.26698e-06 0.000542813 0.0207348 0.182093 0.36765 0.171078 0.0295031 0.069403 0.097014 0.0343968 0.0133452 0.00941533 0.003231 0.00120846 0.000313311 6.04368e-05 7.17918e-06 3.87074e-07
 1.24728e-39 6.10458e-33 6.86897e-27 1.77694e-21 1.05681e-16 1.445e-12 4.54237e-09 3.28278e-06 0.000545438 0.020835 0.182973 0.369428 0.171891 0.029259 0.0673776 0.0941898 0.0338247 0.0144822 0.0103423 0.00330545 0.00116414 0.00031317 5.87545e-05 6.66431e-06 3.87227e-07
 1.27064e-39 6.2189e-33 6.99761e-27 1.81021e-21 1.0766e-16 1.47206e-12 4.62743e-09 3.34426e-06 0.000555653 0.0212252 0.1864 0.376346 0.175078 0.0289711 0.063535 0.0887623 0.0317525 0.0132139 0.00944617 0.00318504 0.00116777 0.000297123 5.3969e-05 6.08822e-06 3.44667e-07
 1.25413e-39 6.13809e-33 6.90667e-27 1.78669e-21 1.06261e-16 1.45293e-12 4.5673e-09 3.3008e-06 0.000548432 0.0209494 0.183978 0.371456 0.17283 0.0293022 0.0670302 0.0936738 0.0332817 0.0131296 0.00925762 0.0030747 0.00112592 0.000298944 5.4647e-05 5.93053e-06 3.28755e-07
 1.25087e-39 6.12215e-33 6.88874e-27 1.78205e-21 1.05985e-16 1.44916e-12 4.55544e-09 3.29223e-06 0.000547008 0.020895 0.1835 0.370491 0.172382 0.0292583 0.0670525 0.0937225 0.0335362 0.0139803 0.00994001 0.00320404 0.00112961 0.000296246 5.497e-05 6.08609e-06 3.32121e-07
 1.24979e-39 6.11688e-33 6.88281e-27 1.78052e-21 1.05894e-16 1.44791e-12 4.55152e-09 3.28939e-06 0.000546537 0.020877 0.183342 0.370172 0.172235 0.0292561 0.0671352 0.0938404 0.0335926 0.014052 0.0100371 0.00333508 0.00120643 0.000307817 5.53825e-05 6.12749e-06 3.3906e-07
 1.24437e-39 6.09033e-33 6.85293e-27 1.77279e-21 1.05434e-16 1.44162e-12 4.53176e-09 3.27511e-06 0.000544165 0.0207864 0.182546 0.368566 0.171494 0.0293021 0.0679006 0.0949243 0.034043 0.0144372 0.0103451 0.00344871 0.00126232 0.000330824 5.99045e-05 6.46189e-06 3.52763e-07
 1.18229e-39 5.78649e-33 6.51105e-27 1.68435e-21 1.00174e-16 1.36971e-12 4.30568e-09 3.11172e-06 0.000517017 0.0197494 0.173439 0.350179 0.163024 0.0301381 0.0785454 0.109938 0.0394637 0.0168513 0.0121038 0.0040666 0.00150245 0.000396926 7.32418e-05 8.01878e-06 4.33754e-07
 1.1812e-39 5.78114e-33 6.50504e-27 1.68279e-21 1.00082e-16 1.36844e-12 4.3017e-09 3.10885e-06 0.000516539 0.0197311 0.173279 0.349856 0.162861 0.029776 0.0764323 0.107022 0.0392904 0.019524 0.0144364 0.00487462 0.00181331 0.000483346 9.02007e-05 1.00227e-05 5.50203e-07
 1.27685e-39 6.2493e-33 7.03182e-27 1.81906e-21 1.08187e-16 1.47926e-12 4.65005e-09 3.3606e-06 0.000558369 0.021329 0.187311 0.378186 0.175913 0.0285512 0.0604169 0.0844155 0.0308632 0.0149561 0.0111476 0.00412275 0.00167666 0.000453975 8.55241e-05 9.6126e-06 5.34846e-07
#spawning biomass
 3584.24 2408.68 2431.83 2252.69 2528.46 3818.97 4316.76 4656.18 6803.14 11635.3 19242.5 23274.4 30567.9 38636.2 44010.2 40011.3 35034.8 33645 34433.9 32647.7 35193.3 34274.2 37489.7 42580.7 48007.4 53183.4 55619.8 52957.3 50188.7 16517.9 61072.6 68931.9 41607.6 24422.7 16633.1 13423 12163.8 11684.8 11506.3 11440.7 11416.8 11408.1 11405 11403.9 11403.5 11403.3 11403.3 11403.3 11403.3 11403.3 11403.3 11403.3 11403.3 11403.3 11403.3 11403.3 11403.3 11403.3 11403.3 11403.3 11403.3 11403.3 11403.3 11403.3 11403.3 11403.3 11403.3 11403.3 11403.3 11403.3 11403.3 11403.3 11403.3 11403.3 11403.3 11403.3 11403.3 11403.3 11403.3 11403.3 11403.3 11403.3 11403.3 11403.3 11403.3 11403.3 11403.3 11403.3 11403.3 11403.3 11403.3 11403.3 11403.3 11403.3 11403.3 11403.3 11403.3 11403.3 11403.3 11403.3 11403.3 11403.3 11403.3 11403.3 11403.3 11403.3 11403.3 11403.3 11403.3 11403.3 11403.3 11403.3 11403.3 11403.3 11403.3 11403.3 11403.3 11403.3 11403.3 11403.3 11403.3 11403.3 11403.3 11403.3 11403.3 11403.3 11403.3 11403.3 11403.3 0 0 0 0 0 0 0 0 0 0 0 0 0 0 0 0 0 0 0 0 0 0 0 0 0
