SBPRF35
0.18548
Curr Bio
170442
B35
187204
F35
0.858242
FOFL
0.72005
OFL
38971.2
Bzero
52994.1
#pred survey bio
 15703.9 13854.1 14493.4 16223.6 19160.6 23652.5 26197.2 29249.4 39846.2 53797.7 67697.8 77578.9 107934 138321 131350 104641 96401.2 92502.8 89300.6 82455.2 88944 85487.8 92942 96790.7 111447 121632 115507 109886 3.47196e+06 2.89057e+06 1.72346e+06 993225 657479 509037 440019 405043 385817 374637 367929 363845 361344 359811 358868 358283 357932 357722 357595 357518 357472 357445 357428 357418 357412 357408 357406 357404 357403 357403 357403 357403 357402 357402 357402 357402 357402 357402 357402 357402 357402 357402 357402 357402 357402 357402 357402 357402 357402 357402 357402 357402 357402 357402 357402 357402 357402 357402 357402 357402 357402 357402 357402 357402 357402 357402 357402 357402 357402 357402 357402 357402 357402 357402 357402 357402 357402 357402 357402 357402 357402 357402 357402 357402 357402 357402 357402 357402 357402 357402 357402 357402 357402 357402 357402 357402 357402 357402 357402 357402 0 0 0 0 0 0 0 0 0 0 0 0 0 0 0 0 0 0 0 0 0 0 0 0 0
#obs survey bio
 14963.7 14857.6 9785.32 19608.4 21531.1 29663.8 27413 24613.3 40775.4 79224.8 45032.3 77638.4 101399 196991 80846.1 79363.9 109252 87779.3 86259.6 83926.7 114799 94324.1 75500.3 106847 122799 113890 139834 81032.4
#pred catch bio
 8082.58 7052.96 7581.06 8823.54 10320.6 13638.8 16819.8 18964.6 26928.9 36092.3 50761.3 56365.3 78435.9 107074 109058 88500 83313.2 78898.7 81393.9 71728.1 82896.7 78118.4 90566.3 91719.2 106656 120085 112126 112037 38971.2 67112.3 32271.6 15995.7 9805.76 7715.59 7061.62 6867.35 6811.72 6796.22 6791.98 6790.84 6790.53 6790.45 6790.43 6790.42 6790.42 6790.42 6790.42 6790.42 6790.42 6790.42 6790.42 6790.42 6790.42 6790.42 6790.42 6790.42 6790.42 6790.42 6790.42 6790.42 6790.42 6790.42 6790.42 6790.42 6790.42 6790.42 6790.42 6790.42 6790.42 6790.42 6790.42 6790.42 6790.42 6790.42 6790.42 6790.42 6790.42 6790.42 6790.42 6790.42 6790.42 6790.42 6790.42 6790.42 6790.42 6790.42 6790.42 6790.42 6790.42 6790.42 6790.42 6790.42 6790.42 6790.42 6790.42 6790.42 6790.42 6790.42 6790.42 6790.42 6790.42 6790.42 6790.42 6790.42 6790.42 6790.42 6790.42 6790.42 6790.42 6790.42 6790.42 6790.42 6790.42 6790.42 6790.42 6790.42 6790.42 6790.42 6790.42 6790.42 6790.42 6790.42 6790.42 6790.42 6790.42 6790.42 6790.42 6790.42 0 0 0 0 0 0 0 0 0 0 0 0 0 0 0 0 0 0 0 0 0 0 0 0 0
#obs catch bio
 7091.85 7212.99 7789.29 9014.98 10402.4 13463 16735.2 18975.6 26652.5 35295.3 50671.5 55299.2 75848.4 104401 110948 90832 82562 76752.1 80827.6 70693.9 80291.9 75928.8 90778.5 89503.5 103659 117019 109513 112528
#pred cpue bio
 15606.7 13355.4 13868 15508.3 17945.1 22611.8 25009.7 26835.8 36152 49466 63219.2 70112.5 96548.1 129335 126155 98019.6 88477.8 85810.5 82311.7 74656.8 80856.7 77074.1 82524.6 85332.9 97925 108513 103723 98981.9 3.04878e+06 3.14686e+06 1.73119e+06 987473 651117 502647 433628 398652 379426 368246 361538 357453 354953 353420 352477 351892 351541 351330 351203 351127 351081 351053 351036 351026 351020 351016 351014 351013 351012 351012 351011 351011 351011 351011 351011 351011 351011 351011 351011 351011 351011 351011 351011 351011 351011 351011 351011 351011 351011 351011 351011 351011 351011 351011 351011 351011 351011 351011 351011 351011 351011 351011 351011 351011 351011 351011 351011 351011 351011 351011 351011 351011 351011 351011 351011 351011 351011 351011 351011 351011 351011 351011 351011 351011 351011 351011 351011 351011 351011 351011 351011 351011 351011 351011 351011 351011 351011 351011 351011 351011 0 0 0 0 0 0 0 0 0 0 0 0 0 0 0 0 0 0 0 0 0 0 0 0 0
#obs cpue bio
 7574.02 7091.02 10543 12757.9 14794.6 29415 25948.7 26549 46272.9 51028.9 81685.5 120669 159540 124545 122775 92108.7 99729.7 151060 87059.9 92188.1 118584 100250 86628.5 129969 138960 164700 123898 126106
#pred surv len freq
 2.56057e-27 2.58117e-27 2.66551e-26 5.08314e-20 1.24607e-14 3.69233e-10 1.32253e-06 0.000572605 0.0299681 0.189587 0.145446 0.0428415 0.223901 0.206668 0.0438415 0.0483122 0.0200339 0.0144954 0.00874587 0.006563 0.00510975 0.0044011 0.00440882 0.00390957 0.00119371
 2.56246e-27 2.58665e-27 3.17499e-26 6.158e-20 1.50956e-14 4.4731e-10 1.60219e-06 0.000693686 0.036305 0.229676 0.176001 0.039289 0.175402 0.162709 0.0506588 0.0748168 0.0263638 0.0125171 0.00570652 0.00327269 0.00208053 0.00153358 0.00136098 0.00120779 0.000404243
 2.56339e-27 2.58893e-27 3.35145e-26 6.53016e-20 1.60079e-14 4.74342e-10 1.69901e-06 0.000735609 0.0384991 0.243556 0.18663 0.0412041 0.182507 0.168647 0.0404709 0.0502604 0.0215987 0.0158557 0.00566867 0.00210756 0.00092321 0.000521232 0.000382711 0.00031925 0.000110687
 2.56358e-27 2.58936e-27 3.37998e-26 6.59031e-20 1.61554e-14 4.78712e-10 1.71467e-06 0.000742385 0.0388538 0.2458 0.188354 0.0418822 0.186456 0.172242 0.0402694 0.0487052 0.0181961 0.0102987 0.00491458 0.00223152 0.000617698 0.00021422 0.000112255 8.06175e-05 2.76849e-05
 2.56493e-27 2.59295e-27 3.68929e-26 7.2428e-20 1.77548e-14 5.26108e-10 1.88443e-06 0.000815886 0.0427005 0.270136 0.206931 0.0415352 0.170764 0.157681 0.0362706 0.0432117 0.0159276 0.00856071 0.00332497 0.0014258 0.000526123 0.000126696 3.57842e-05 1.86222e-05 6.00016e-06
 2.56381e-27 2.5898e-27 3.40316e-26 6.63916e-20 1.62751e-14 4.8226e-10 1.72737e-06 0.000747887 0.0391417 0.247622 0.189764 0.0430436 0.194305 0.179271 0.0376911 0.0409979 0.0149736 0.00786276 0.00296998 0.00112567 0.000355918 0.000100967 1.88834e-05 5.0688e-06 1.37386e-06
 2.5638e-27 2.58984e-27 3.41153e-26 6.65683e-20 1.63184e-14 4.83544e-10 1.73197e-06 0.000749878 0.0392459 0.248281 0.190258 0.0425133 0.189922 0.175368 0.0395822 0.0462689 0.0161938 0.00746683 0.00275703 0.00101485 0.000289781 7.14179e-05 1.35083e-05 1.92398e-06 3.33996e-07
 2.56623e-27 2.59632e-27 3.97239e-26 7.83997e-20 1.92187e-14 5.69485e-10 2.0398e-06 0.000883156 0.0462212 0.292408 0.223944 0.0419049 0.161625 0.149021 0.0306687 0.0325555 0.0117754 0.00598985 0.00207359 0.000687886 0.000188992 4.21378e-05 7.02102e-06 7.93531e-07 7.12951e-08
 2.56695e-27 2.59811e-27 4.11579e-26 8.14243e-20 1.99602e-14 5.91456e-10 2.1185e-06 0.000917228 0.0480044 0.303689 0.23257 0.0426829 0.161485 0.148653 0.0262911 0.0226019 0.00779885 0.0034747 0.00125827 0.000437496 0.000108147 2.24102e-05 3.33876e-06 3.20722e-07 1.81616e-08
 2.56635e-27 2.59643e-27 3.96185e-26 7.81765e-20 1.9164e-14 5.67864e-10 2.03399e-06 0.000880642 0.0460896 0.291576 0.223334 0.043542 0.174512 0.160609 0.0272469 0.021737 0.00699926 0.00236605 0.000777259 0.000249252 6.50031e-05 1.26306e-05 1.69798e-06 1.42435e-07 6.22631e-09
 2.5655e-27 2.59414e-27 3.76324e-26 7.39868e-20 1.8137e-14 5.37431e-10 1.92499e-06 0.000833446 0.0436196 0.27595 0.211407 0.0438211 0.185016 0.170382 0.0304376 0.0265505 0.00841129 0.00258467 0.000745767 0.000186652 4.32182e-05 8.42805e-06 1.08019e-06 8.04108e-08 2.96458e-09
 2.56717e-27 2.59866e-27 4.16001e-26 8.2357e-20 2.01888e-14 5.98231e-10 2.14276e-06 0.000927735 0.0485543 0.307168 0.23523 0.0428977 0.161251 0.148387 0.025359 0.0205084 0.00663328 0.00226787 0.000640584 0.000142166 2.59736e-05 4.21105e-06 5.20079e-07 3.65368e-08 1.18072e-09
 2.56768e-27 2.6e-27 4.27417e-26 8.4765e-20 2.07791e-14 6.15722e-10 2.20541e-06 0.00095486 0.0499739 0.316149 0.242088 0.0429239 0.156632 0.144045 0.023159 0.0165713 0.00524813 0.00163952 0.000476752 0.000114234 1.92725e-05 2.49515e-06 2.46555e-07 1.61782e-08 4.85083e-10
 2.56558e-27 2.59425e-27 3.76203e-26 7.39609e-20 1.81306e-14 5.37242e-10 1.92431e-06 0.000833154 0.0436043 0.275853 0.211347 0.0447311 0.191983 0.176609 0.0278714 0.0191135 0.00589746 0.00159577 0.000440694 9.92722e-05 1.77389e-05 2.23753e-06 1.76986e-07 9.22242e-09 2.52587e-10
 2.56398e-27 2.58996e-27 3.38689e-26 6.60471e-20 1.61907e-14 4.79758e-10 1.71841e-06 0.000744007 0.0389386 0.246337 0.188821 0.0454581 0.213341 0.196414 0.033116 0.0260888 0.00800994 0.00206261 0.000539922 0.000106623 1.77076e-05 2.24831e-06 1.75156e-07 7.35861e-09 1.61185e-10
 2.5654e-27 2.59383e-27 3.73031e-26 7.32919e-20 1.79666e-14 5.32384e-10 1.90691e-06 0.000825618 0.0432099 0.273358 0.209436 0.0443359 0.190318 0.175182 0.0295928 0.0234109 0.00738547 0.00222811 0.000587135 0.000109576 1.63364e-05 1.85895e-06 1.41477e-07 5.74211e-09 1.02372e-10
 2.56653e-27 2.59685e-27 3.99101e-26 7.87914e-20 1.93148e-14 5.72331e-10 2.04999e-06 0.000887569 0.0464522 0.293869 0.225094 0.0441043 0.177554 0.163276 0.025181 0.0163394 0.00513942 0.00156121 0.00043272 9.18815e-05 1.3449e-05 1.38692e-06 9.32614e-08 3.61658e-09 6.08116e-11
 2.56607e-27 2.59553e-27 3.86912e-26 7.62198e-20 1.86844e-14 5.53651e-10 1.98309e-06 0.000858601 0.0449361 0.284278 0.217783 0.0449049 0.188783 0.173544 0.0252979 0.0140077 0.00423043 0.00102648 0.00027642 5.9934e-05 9.696e-06 1.05154e-06 6.48069e-08 2.22045e-09 3.50707e-11
 2.56635e-27 2.59632e-27 3.94222e-26 7.77621e-20 1.90624e-14 5.64854e-10 2.02321e-06 0.000875974 0.0458453 0.29003 0.222168 0.0444426 0.182184 0.167517 0.0253706 0.0156848 0.00464603 0.000950883 0.000232217 4.16189e-05 6.62182e-06 7.71342e-07 5.10808e-08 1.63732e-09 2.29793e-11
 2.56725e-27 2.59872e-27 4.15044e-26 8.21545e-20 2.01392e-14 5.9676e-10 2.13749e-06 0.000925453 0.0484349 0.306413 0.234673 0.044162 0.171264 0.157355 0.0220313 0.010631 0.00317608 0.000728386 0.00017399 2.63439e-05 3.52773e-06 3.70434e-07 2.57884e-08 8.8356e-10 1.18059e-11
 2.56706e-27 2.5982e-27 4.10507e-26 8.11973e-20 1.99045e-14 5.89807e-10 2.11259e-06 0.000914671 0.0478706 0.302843 0.231949 0.0442412 0.17378 0.159696 0.0227785 0.0117394 0.00340968 0.000607852 0.00014223 2.34749e-05 2.87679e-06 2.4783e-07 1.49707e-08 5.23567e-10 7.38949e-12
 2.56746e-27 2.59928e-27 4.19794e-26 8.31565e-20 2.03848e-14 6.04039e-10 2.16357e-06 0.000936741 0.0490256 0.31015 0.237527 0.0441923 0.169489 0.155679 0.0210415 0.00879151 0.00255535 0.000485119 0.000108619 1.44823e-05 1.79302e-06 1.53299e-07 7.67743e-09 2.29096e-10 3.21633e-12
 2.56811e-27 2.60104e-27 4.35514e-26 8.64729e-20 2.11978e-14 6.28128e-10 2.24985e-06 0.000974099 0.0509808 0.322519 0.246962 0.0435868 0.158252 0.145343 0.019826 0.00861822 0.0024586 0.000381667 8.25989e-05 1.14543e-05 1.25697e-06 9.55108e-08 4.76019e-09 1.21499e-10 1.4512e-12
 2.56843e-27 2.60189e-27 4.42707e-26 8.79901e-20 2.15697e-14 6.39149e-10 2.28933e-06 0.000991191 0.0518753 0.328178 0.251284 0.0436216 0.15548 0.142724 0.0182453 0.00567499 0.00160394 0.000258003 5.41945e-05 6.30188e-06 6.7675e-07 4.91844e-08 2.13217e-09 5.1919e-11 5.437e-13
 2.56855e-27 2.60223e-27 4.45891e-26 8.86618e-20 2.17344e-14 6.44028e-10 2.3068e-06 0.000998757 0.0522713 0.330683 0.253194 0.0434387 0.152747 0.140224 0.0182184 0.00623994 0.00173006 0.000207075 3.99581e-05 4.74113e-06 4.65662e-07 2.99781e-08 1.24835e-09 2.69753e-11 2.605e-13
 2.56794e-27 2.60056e-27 4.30922e-26 8.5504e-20 2.09603e-14 6.2109e-10 2.22464e-06 0.000963185 0.0504096 0.318905 0.24421 0.0440424 0.163652 0.150251 0.0193229 0.00623519 0.00173433 0.000224897 4.26145e-05 3.87417e-06 3.51602e-07 2.18269e-08 8.00733e-10 1.60719e-11 1.40165e-13
 2.56768e-27 2.59982e-27 4.24264e-26 8.40994e-20 2.06159e-14 6.10887e-10 2.1881e-06 0.000947362 0.0495815 0.313666 0.240215 0.0443363 0.168696 0.154883 0.0197399 0.00601983 0.00166421 0.000205193 3.86456e-05 3.73824e-06 3.07067e-07 1.53383e-08 5.29651e-10 9.56317e-12 7.57001e-14
 2.56753e-27 2.59944e-27 4.20926e-26 8.33953e-20 2.04433e-14 6.05773e-10 2.16978e-06 0.00093943 0.0491664 0.31104 0.23821 0.044373 0.170384 0.156457 0.0203119 0.0069269 0.00191814 0.000225589 4.14484e-05 3.83782e-06 3.18742e-07 1.58238e-08 4.51254e-10 7.17586e-12 5.16084e-14
#obs surv len freq
 1.24904e-41 1.73358e-33 2.90844e-26 5.89826e-20 1.44589e-14 4.28443e-10 1.53462e-06 0.000664435 0.0347739 0.21999 0.168716 0.04176 0.170381 0.142623 0.0891653 0.0843421 0.0330649 0.0118614 0.0023802 0.00026451 1.19817e-05 1.62119e-07 4.96254e-10 2.80734e-13 2.56714e-17
 1.55683e-41 2.16078e-33 3.62515e-26 7.35174e-20 1.80219e-14 5.34022e-10 1.91278e-06 0.000828168 0.043343 0.274201 0.210143 0.042594 0.141893 0.113127 0.0744415 0.0650569 0.024709 0.00807935 0.00144198 0.000136155 5.01243e-06 5.25108e-08 1.19541e-10 4.89663e-14 3.19142e-18
 1.29202e-41 1.79323e-33 3.00852e-26 6.10122e-20 1.49564e-14 4.43186e-10 1.58742e-06 0.000687299 0.0359705 0.227561 0.174772 0.0517781 0.204195 0.150084 0.0731537 0.0552548 0.0197699 0.00579142 0.000907069 7.14809e-05 2.09626e-06 1.68223e-08 2.84408e-11 8.45753e-15 3.94236e-19
 1.5603e-41 2.16559e-33 3.63323e-26 7.36811e-20 1.80621e-14 5.35212e-10 1.91704e-06 0.000830013 0.0434396 0.274812 0.210783 0.0473559 0.149438 0.109373 0.0847117 0.0595224 0.0155433 0.00366318 0.000493109 3.1998e-05 7.36021e-07 4.45841e-09 5.55253e-12 1.1969e-15 3.99842e-20
 1.54216e-41 2.14042e-33 3.591e-26 7.28247e-20 1.78521e-14 5.28991e-10 1.89476e-06 0.000820365 0.0429347 0.271619 0.208589 0.0553988 0.180187 0.118744 0.0634355 0.0412487 0.0138994 0.00284074 0.000267374 1.33848e-05 2.3748e-07 1.07275e-09 9.73811e-13 1.51098e-16 3.60697e-21
 1.34602e-41 1.86818e-33 3.13427e-26 6.35623e-20 1.55815e-14 4.6171e-10 1.65377e-06 0.000716025 0.0374739 0.237074 0.182456 0.0612293 0.205619 0.131291 0.0838094 0.0468686 0.0111106 0.00214608 0.000197849 7.02613e-06 8.73544e-08 2.87025e-10 1.881e-13 2.085e-17 3.53485e-22
 1.56707e-41 2.17498e-33 3.64899e-26 7.40007e-20 1.81404e-14 5.37533e-10 1.92536e-06 0.000833613 0.043628 0.276006 0.212153 0.0580455 0.165285 0.104819 0.0831378 0.0438785 0.0105275 0.00156989 0.000110224 3.40425e-06 3.07988e-08 6.79833e-11 3.08691e-14 2.41136e-18 2.88431e-23
 1.73154e-41 2.40327e-33 4.03198e-26 8.17678e-20 2.00444e-14 5.93953e-10 2.12744e-06 0.000921109 0.0482072 0.304976 0.23448 0.0628361 0.163467 0.092767 0.0564248 0.0276097 0.00723687 0.00101201 5.7795e-05 1.28979e-06 8.96917e-09 1.44292e-11 4.41611e-15 2.31575e-19 1.90011e-24
 1.65388e-41 2.29547e-33 3.85113e-26 7.81002e-20 1.91453e-14 5.67311e-10 2.03202e-06 0.000879793 0.0460449 0.291299 0.224441 0.0712797 0.184993 0.098186 0.0553991 0.0224441 0.00443506 0.000565324 3.05006e-05 5.45094e-07 2.69378e-09 3.09322e-12 6.79863e-16 2.46835e-20 1.36358e-25
 1.52947e-41 2.1228e-33 3.56143e-26 7.22251e-20 1.77051e-14 5.24636e-10 1.87916e-06 0.000813611 0.0425812 0.26939 0.208147 0.0784157 0.19956 0.10498 0.0674022 0.024282 0.00402645 0.000383626 1.60652e-05 2.46125e-07 9.62963e-10 7.88718e-13 1.19842e-16 3.03963e-21 1.17655e-26
 1.46564e-41 2.03421e-33 3.41281e-26 6.92112e-20 1.69663e-14 5.02742e-10 1.80074e-06 0.000779659 0.0408043 0.258151 0.200002 0.0841306 0.203681 0.107402 0.0753131 0.0252893 0.00411327 0.000321527 9.69562e-06 1.05962e-07 3.19128e-10 2.01637e-13 2.23039e-17 3.93737e-22 1.04718e-27
 1.88433e-41 2.61533e-33 4.38775e-26 8.89827e-20 2.18131e-14 6.46361e-10 2.31516e-06 0.00100238 0.0524608 0.331893 0.255929 0.0729847 0.140717 0.0735401 0.0523296 0.0163552 0.00259951 0.000182275 4.54401e-06 3.53814e-08 7.22861e-11 3.23769e-14 2.63869e-18 3.42094e-23 6.51368e-29
 1.56862e-41 2.17714e-33 3.6526e-26 7.40739e-20 1.81584e-14 5.38065e-10 1.92726e-06 0.000834438 0.0436712 0.276298 0.21518 0.102313 0.213934 0.0903348 0.0431459 0.0122805 0.00188379 0.000120262 2.64819e-06 1.66065e-08 2.45132e-11 7.40034e-15 4.06664e-19 3.67041e-24 4.99168e-30
 1.27033e-41 1.76314e-33 2.95803e-26 5.99883e-20 1.47054e-14 4.35749e-10 1.56078e-06 0.000675764 0.0353668 0.223772 0.176153 0.113497 0.232981 0.119697 0.0786646 0.0172937 0.00179793 9.76432e-05 1.8945e-06 9.98276e-09 1.16593e-11 2.59243e-15 9.87641e-20 5.99379e-25 5.47982e-31
 1.14791e-41 1.59322e-33 2.67295e-26 5.4207e-20 1.32882e-14 3.93754e-10 1.41036e-06 0.000610638 0.0319584 0.202218 0.160477 0.117551 0.227585 0.135103 0.0977529 0.0238431 0.00278895 0.000108428 1.46775e-06 6.1641e-09 5.78525e-12 9.99695e-16 2.84691e-20 1.24254e-25 7.91051e-32
 1.55486e-41 2.15804e-33 3.62057e-26 7.34244e-20 1.79991e-14 5.33347e-10 1.91036e-06 0.00082712 0.0432882 0.273891 0.214495 0.100562 0.16518 0.104793 0.0747867 0.0195662 0.00250509 0.000102299 1.19035e-06 3.42852e-09 2.27933e-12 2.97088e-16 6.43111e-21 2.10251e-26 9.83837e-33
 1.40661e-41 1.95228e-33 3.27535e-26 6.64234e-20 1.62829e-14 4.82493e-10 1.72821e-06 0.000748255 0.0391608 0.247809 0.197614 0.135955 0.215199 0.0971671 0.0516135 0.0130267 0.00163475 6.83339e-05 7.91706e-07 2.01928e-09 9.98984e-13 8.88915e-17 1.33991e-21 3.16615e-27 1.08871e-33
 1.46247e-41 2.02981e-33 3.40543e-26 6.90614e-20 1.69296e-14 5.01655e-10 1.79685e-06 0.000777972 0.0407161 0.257659 0.205461 0.12994 0.189944 0.107696 0.0570571 0.00979933 0.00091299 3.46049e-05 3.75933e-07 8.89347e-10 3.85023e-13 2.7331e-17 2.99306e-22 4.87515e-28 1.14922e-34
 1.44225e-41 2.00175e-33 3.35835e-26 6.81067e-20 1.66956e-14 4.9472e-10 1.772e-06 0.000767217 0.0401532 0.254127 0.20488 0.144677 0.195973 0.101063 0.0487077 0.00893325 0.000699104 1.77841e-05 1.48533e-07 2.99217e-10 1.11532e-13 6.68973e-18 5.96881e-23 7.55178e-29 1.31567e-35
 1.55567e-41 2.15916e-33 3.62245e-26 7.34625e-20 1.80085e-14 5.33624e-10 1.91135e-06 0.00082755 0.0433109 0.274122 0.220821 0.141296 0.175073 0.0954188 0.0419708 0.00667187 0.000474808 1.06374e-05 6.35602e-08 8.88831e-11 2.51484e-14 1.2031e-18 8.63868e-24 8.73279e-30 1.19775e-36
 1.50303e-41 2.08611e-33 3.49988e-26 7.0977e-20 1.73992e-14 5.15569e-10 1.84668e-06 0.000799551 0.0418456 0.264905 0.216916 0.160015 0.184379 0.0903145 0.0352037 0.00529023 0.000324198 6.0698e-06 3.006e-08 3.1583e-11 6.1597e-15 2.04817e-19 1.07156e-24 8.17184e-31 8.58448e-38
 1.54864e-41 2.14942e-33 3.60609e-26 7.31308e-20 1.79272e-14 5.31215e-10 1.90272e-06 0.000823814 0.0431155 0.272978 0.224552 0.160328 0.172714 0.0900922 0.0313104 0.00388055 0.000199718 3.1288e-06 1.23518e-08 1.01562e-11 1.5037e-15 3.59506e-20 1.29953e-25 6.81519e-32 5.01708e-39
 1.55672e-41 2.16062e-33 3.62489e-26 7.35121e-20 1.80206e-14 5.33984e-10 1.91264e-06 0.000828109 0.0433404 0.27447 0.228647 0.170812 0.17016 0.082767 0.0258903 0.00295715 0.000124459 1.51384e-06 4.67045e-09 2.9593e-12 3.31133e-16 5.91551e-21 1.57361e-26 5.93401e-33 3.06836e-40
 1.59467e-41 2.2133e-33 3.71327e-26 7.53044e-20 1.846e-14 5.47004e-10 1.95928e-06 0.0008483 0.0443974 0.281228 0.236191 0.174296 0.162051 0.0775751 0.0212653 0.00207209 7.35724e-05 7.23581e-07 1.68563e-09 7.9126e-13 6.574e-17 8.68675e-22 1.69731e-27 4.67625e-34 1.75796e-41
 1.58543e-41 2.20047e-33 3.69174e-26 7.48678e-20 1.8353e-14 5.43832e-10 1.94792e-06 0.000843381 0.0441403 0.279711 0.238764 0.18418 0.160124 0.0727923 0.0178517 0.00154596 4.52265e-05 3.54309e-07 6.41858e-10 2.25507e-13 1.36116e-17 1.29617e-22 1.82902e-28 3.64612e-35 9.91135e-43
 1.37392e-41 1.90691e-33 3.19924e-26 6.48799e-20 1.59045e-14 4.71281e-10 1.68805e-06 0.000730868 0.0382525 0.242691 0.218914 0.21677 0.183004 0.0809046 0.0174119 0.00128934 3.12463e-05 1.95407e-07 2.71138e-10 7.14645e-14 3.18766e-18 2.20501e-23 2.22871e-29 3.16108e-36 6.1098e-44
 1.39881e-41 1.94145e-33 3.25719e-26 6.60551e-20 1.61926e-14 4.79817e-10 1.71863e-06 0.000744107 0.0389458 0.247177 0.223344 0.205335 0.176934 0.0887591 0.0175988 0.00113795 2.25364e-05 1.11209e-07 1.18627e-10 2.3436e-14 7.68794e-19 3.87168e-24 2.83112e-30 2.88695e-37 3.98566e-45
 1.47007e-41 2.04036e-33 3.42312e-26 6.94202e-20 1.70176e-14 5.04261e-10 1.80618e-06 0.000782015 0.0409297 0.259714 0.232336 0.202798 0.168743 0.0778899 0.0157436 0.00104322 1.89303e-05 8.02935e-08 7.13437e-11 1.15785e-14 3.09565e-19 1.26164e-24 7.42083e-31 6.06391e-38 6.69617e-46
#pred catch len freq
 2.55862e-27 2.57585e-27 2.1915e-26 4.08316e-20 1.00094e-14 2.96596e-10 1.06236e-06 0.000459959 0.0240726 0.152291 0.116994 0.0445181 0.25665 0.236816 0.0478631 0.0499002 0.0206026 0.0148069 0.00892542 0.0066952 0.00521233 0.0044894 0.00449728 0.003988 0.00121765
 2.56039e-27 2.58102e-27 2.67777e-26 5.10908e-20 1.25243e-14 3.71117e-10 1.32928e-06 0.000575527 0.030121 0.190554 0.14615 0.0406884 0.207023 0.191897 0.0559531 0.079554 0.0279559 0.0131707 0.00599788 0.00343812 0.00218553 0.00161096 0.00142964 0.00126873 0.000424638
 2.56132e-27 2.58331e-27 2.85304e-26 5.47873e-20 1.34305e-14 3.97968e-10 1.42546e-06 0.000617168 0.0323004 0.204341 0.156711 0.0427717 0.215456 0.199018 0.0452182 0.0534616 0.0228729 0.016683 0.00596029 0.00221464 0.000970012 0.000547646 0.000402104 0.000335427 0.000116295
 2.5616e-27 2.58397e-27 2.90067e-26 5.57915e-20 1.36766e-14 4.05263e-10 1.45158e-06 0.00062848 0.0328924 0.208087 0.159582 0.043461 0.218686 0.20194 0.0447574 0.0514729 0.0191636 0.0107667 0.0051328 0.00232958 0.000644785 0.000223608 0.000117174 8.415e-05 2.8898e-05
 2.56292e-27 2.58748e-27 3.20425e-26 6.21957e-20 1.52465e-14 4.51782e-10 1.61821e-06 0.000700621 0.036668 0.231972 0.177815 0.0430989 0.203121 0.187505 0.0409205 0.0463183 0.0170152 0.00907757 0.00352243 0.00150964 0.000557008 0.000134131 3.78839e-05 1.97149e-05 6.35224e-06
 2.56196e-27 2.58478e-27 2.95529e-26 5.69432e-20 1.39589e-14 4.13628e-10 1.48155e-06 0.000641454 0.0335714 0.212382 0.16288 0.0446265 0.225238 0.207756 0.041636 0.0428282 0.0155885 0.00812468 0.00306605 0.00116143 0.000367188 0.000104162 1.94808e-05 5.22916e-06 1.41733e-06
 2.56233e-27 2.58582e-27 3.0529e-26 5.90027e-20 1.44638e-14 4.28588e-10 1.53513e-06 0.000664653 0.0347855 0.220063 0.168733 0.0438499 0.215216 0.198648 0.0425794 0.047244 0.0164857 0.00754286 0.00278226 0.00102356 0.000292238 7.20217e-05 1.36224e-05 1.94023e-06 3.36818e-07
 2.56484e-27 2.59252e-27 3.63349e-26 7.12503e-20 1.74661e-14 5.17553e-10 1.85379e-06 0.000802619 0.0420062 0.265743 0.203602 0.0431428 0.185337 0.170849 0.033555 0.0336448 0.0121283 0.00612306 0.00211779 0.000702128 0.000192883 4.30043e-05 7.16536e-06 8.09845e-07 7.27607e-08
 2.56571e-27 2.59471e-27 3.81205e-26 7.50164e-20 1.83894e-14 5.4491e-10 1.95178e-06 0.000845045 0.0442266 0.27979 0.214339 0.0438512 0.183185 0.168616 0.0287195 0.0231144 0.00794893 0.00351405 0.0012712 0.000441742 0.000109185 2.26246e-05 3.37069e-06 3.23788e-07 1.83353e-08
 2.56503e-27 2.59282e-27 3.63882e-26 7.13619e-20 1.74935e-14 5.18364e-10 1.85669e-06 0.000803877 0.042072 0.26616 0.203947 0.0447954 0.197672 0.181914 0.029802 0.0222002 0.00712762 0.00238992 0.000784119 0.000251298 6.55292e-05 1.27325e-05 1.71167e-06 1.43583e-07 6.27649e-09
 2.56464e-27 2.59179e-27 3.55129e-26 6.95154e-20 1.70409e-14 5.04951e-10 1.80865e-06 0.000783077 0.0409834 0.259273 0.198687 0.0447454 0.200987 0.185053 0.0318159 0.025999 0.00821527 0.00250385 0.00072153 0.000180464 4.17796e-05 8.14727e-06 1.0442e-06 7.77314e-08 2.86579e-09
 2.56622e-27 2.59606e-27 3.92685e-26 7.74381e-20 1.8983e-14 5.625e-10 2.01478e-06 0.000872324 0.0456543 0.288822 0.221236 0.0438499 0.178329 0.164087 0.0270664 0.0204486 0.00659462 0.00223646 0.000630998 0.000139943 2.55637e-05 4.14444e-06 5.11849e-07 3.59586e-08 1.16203e-09
 2.56675e-27 2.59743e-27 4.04368e-26 7.99027e-20 1.95872e-14 5.80403e-10 2.07891e-06 0.000900087 0.0471073 0.298014 0.228255 0.0438598 0.173472 0.159528 0.0248596 0.0165512 0.0052261 0.00161934 0.000470291 0.000112611 1.89962e-05 2.45928e-06 2.43009e-07 1.59455e-08 4.78106e-10
 2.56484e-27 2.59222e-27 3.57914e-26 7.01026e-20 1.71848e-14 5.09217e-10 1.82393e-06 0.000789691 0.0413296 0.261463 0.200372 0.0455447 0.205885 0.189375 0.0290056 0.0184851 0.00568732 0.00152629 0.000420912 9.47512e-05 1.69286e-05 2.13524e-06 1.68894e-07 8.80074e-09 2.41038e-10
 2.56363e-27 2.58898e-27 3.29655e-26 6.41413e-20 1.57235e-14 4.65914e-10 1.66883e-06 0.000722538 0.037815 0.239229 0.183402 0.0460184 0.221413 0.203794 0.0331947 0.0244088 0.00747542 0.00190919 0.00049904 9.84802e-05 1.63526e-05 2.07619e-06 1.61746e-07 6.79521e-09 1.48845e-10
 2.56518e-27 2.59319e-27 3.671e-26 7.20407e-20 1.76599e-14 5.23295e-10 1.87435e-06 0.000811524 0.0424722 0.268691 0.20588 0.0447719 0.196135 0.18049 0.0294513 0.0217494 0.00684254 0.00204748 0.000538877 0.000100499 1.49807e-05 1.7046e-06 1.2973e-07 5.2653e-09 9.38711e-11
 2.56642e-27 2.5965e-27 3.95846e-26 7.81048e-20 1.91464e-14 5.67343e-10 2.03213e-06 0.000879834 0.0460473 0.291308 0.223143 0.0443906 0.181104 0.166508 0.0249646 0.01503 0.00471267 0.0014199 0.000393059 8.34031e-05 1.22063e-05 1.2587e-06 8.46389e-08 3.2822e-09 5.51892e-11
 2.56585e-27 2.59491e-27 3.81182e-26 7.50109e-20 1.8388e-14 5.4487e-10 1.95163e-06 0.000844983 0.0442233 0.279769 0.214346 0.0452553 0.193865 0.178191 0.0253597 0.0129781 0.00390693 0.0009402 0.000252793 5.47735e-05 8.85986e-06 9.6082e-07 5.92153e-08 2.02887e-09 3.20447e-11
 2.56656e-27 2.59686e-27 3.9879e-26 7.87256e-20 1.92986e-14 5.71853e-10 2.04828e-06 0.000886827 0.0464133 0.293624 0.224912 0.0444489 0.180304 0.165748 0.0244367 0.0140001 0.00413573 0.000839548 0.000204665 3.66543e-05 5.83093e-06 6.79186e-07 4.49776e-08 1.44169e-09 2.02336e-11
 2.56714e-27 2.59841e-27 4.12089e-26 8.15311e-20 1.99864e-14 5.92231e-10 2.12127e-06 0.00091843 0.0480673 0.304087 0.232901 0.0443814 0.174178 0.160013 0.0219422 0.00975835 0.00290508 0.00066078 0.000157596 2.38445e-05 3.19241e-06 3.35206e-07 2.33358e-08 7.99526e-10 1.0683e-11
 2.56737e-27 2.59904e-27 4.17825e-26 8.27412e-20 2.0283e-14 6.01022e-10 2.15276e-06 0.000932063 0.0487808 0.308601 0.236343 0.0441024 0.169636 0.155852 0.0217403 0.0103398 0.00299405 0.000529467 0.000123639 2.03918e-05 2.49852e-06 2.15231e-07 1.30014e-08 4.54693e-10 6.41742e-12
 2.56763e-27 2.59972e-27 4.23593e-26 8.39579e-20 2.05813e-14 6.0986e-10 2.18442e-06 0.000945769 0.0494981 0.313139 0.239809 0.0441452 0.167527 0.153852 0.0204254 0.00784628 0.00227199 0.000427835 9.56167e-05 1.27393e-05 1.57688e-06 1.34813e-07 6.75153e-09 2.01467e-10 2.82843e-12
 2.56864e-27 2.6025e-27 4.48425e-26 8.91965e-20 2.18654e-14 6.47912e-10 2.32071e-06 0.00100478 0.0525866 0.332677 0.254713 0.0432039 0.149892 0.137627 0.018426 0.00736881 0.00209492 0.000322652 6.96686e-05 9.65411e-06 1.0592e-06 8.04788e-08 4.01095e-09 1.02375e-10 1.22279e-12
 2.56877e-27 2.60281e-27 4.50855e-26 8.97089e-20 2.19911e-14 6.51634e-10 2.33405e-06 0.00101055 0.0528887 0.334588 0.256175 0.0433726 0.150149 0.137805 0.0173861 0.0049542 0.00139346 0.000222371 4.66091e-05 5.41586e-06 5.81461e-07 4.22566e-08 1.83182e-09 4.46053e-11 4.6711e-13
 2.56895e-27 2.60331e-27 4.55393e-26 9.06664e-20 2.22258e-14 6.5859e-10 2.35896e-06 0.00102134 0.0534532 0.338159 0.258898 0.0431461 0.146512 0.134472 0.0172183 0.0054081 0.00149319 0.000177403 3.41328e-05 4.0469e-06 3.97384e-07 2.5581e-08 1.06523e-09 2.30182e-11 2.22286e-13
 2.56855e-27 2.60222e-27 4.45673e-26 8.86158e-20 2.17231e-14 6.43694e-10 2.3056e-06 0.000998238 0.0522442 0.330511 0.253065 0.0435501 0.153685 0.141064 0.0178948 0.00529199 0.00146538 0.000188585 3.56395e-05 3.23774e-06 2.93753e-07 1.82346e-08 6.68935e-10 1.34265e-11 1.17094e-13
 2.56819e-27 2.60122e-27 4.36664e-26 8.67152e-20 2.12572e-14 6.29888e-10 2.25615e-06 0.000976829 0.0511237 0.323423 0.247658 0.0439282 0.160361 0.1472 0.0185202 0.00517333 0.00142345 0.000174199 3.27168e-05 3.16244e-06 2.59697e-07 1.29713e-08 4.47905e-10 8.08717e-12 6.40163e-14
 2.56838e-27 2.60176e-27 4.41581e-26 8.77526e-20 2.15115e-14 6.37424e-10 2.28315e-06 0.000988515 0.0517353 0.327292 0.250608 0.0436682 0.15631 0.143489 0.01836 0.00574152 0.00158327 0.000184837 3.38617e-05 3.13307e-06 2.60135e-07 1.29134e-08 3.68251e-10 5.85592e-12 4.21154e-14
#obs catch len freq
 6.01116e-42 8.34309e-34 1.39973e-26 2.83862e-20 6.95854e-15 2.06194e-10 7.38554e-07 0.000319768 0.0167354 0.105874 0.0816124 0.0424144 0.226946 0.191617 0.131633 0.12719 0.0518514 0.0192744 0.00404158 0.00046637 2.20218e-05 3.11994e-07 1.00063e-09 5.91177e-13 5.61658e-17
 6.80759e-42 9.44848e-34 1.58518e-26 3.21471e-20 7.88049e-15 2.33513e-10 8.36406e-07 0.000362135 0.0189527 0.119902 0.0924372 0.0462411 0.230621 0.185156 0.129259 0.114408 0.0445534 0.0150051 0.00281244 0.000279011 1.07277e-05 1.16981e-07 2.77009e-10 1.1783e-13 7.95198e-18
 1.03277e-41 1.43341e-33 2.40484e-26 4.87697e-20 1.19553e-14 3.54258e-10 1.2689e-06 0.000549388 0.0287528 0.1819 0.139844 0.0480595 0.201459 0.153835 0.110345 0.0895552 0.0336131 0.010245 0.00169454 0.000141607 4.38381e-06 3.6719e-08 6.43244e-11 1.97525e-14 9.48632e-19
 8.82536e-42 1.2249e-33 2.05503e-26 4.16755e-20 1.02163e-14 3.02727e-10 1.08432e-06 0.000469472 0.0245703 0.155441 0.119979 0.0601443 0.262554 0.183176 0.0954994 0.0671487 0.0236162 0.00641146 0.000923012 6.37942e-05 1.55979e-06 9.9395e-09 1.28692e-11 2.86067e-15 9.81056e-20
 1.2204e-41 1.69384e-33 2.84176e-26 5.76304e-20 1.41274e-14 4.18621e-10 1.49943e-06 0.000649202 0.0339767 0.214948 0.165314 0.0539339 0.192973 0.13543 0.110087 0.07035 0.0178965 0.00393045 0.000482729 2.72248e-05 5.17731e-07 2.47508e-09 2.35093e-12 3.77804e-16 9.27106e-21
 1.2837e-41 1.78169e-33 2.98915e-26 6.06194e-20 1.48601e-14 4.40333e-10 1.5772e-06 0.000682874 0.0357389 0.226098 0.174149 0.0637653 0.220826 0.137975 0.0766833 0.0460884 0.0149844 0.00275993 0.00023713 1.02957e-05 1.49905e-07 5.31405e-10 3.66579e-13 4.23067e-17 7.40766e-22
 1.16934e-41 1.62297e-33 2.72287e-26 5.52193e-20 1.35364e-14 4.01107e-10 1.4367e-06 0.000622042 0.0325552 0.205958 0.15905 0.0695086 0.235344 0.143069 0.0934987 0.047435 0.0108724 0.00192356 0.000156804 4.76577e-06 4.86483e-08 1.25012e-10 6.20639e-14 5.1068e-18 6.34227e-23
 1.45668e-41 2.02177e-33 3.39194e-26 6.87879e-20 1.68626e-14 4.99668e-10 1.78973e-06 0.000774891 0.0405547 0.256566 0.197619 0.0645982 0.184203 0.112139 0.0894962 0.042846 0.00980269 0.00131393 8.25763e-05 2.15163e-06 1.57436e-08 2.71555e-11 9.33538e-15 5.40591e-19 4.73176e-24
 1.67543e-41 2.32539e-33 3.90133e-26 7.91182e-20 1.93949e-14 5.74706e-10 2.0585e-06 0.000891261 0.046645 0.295096 0.227257 0.0689152 0.175467 0.0947451 0.0578127 0.0259148 0.00641666 0.000797189 3.99504e-05 7.51698e-07 4.20924e-09 5.24574e-12 1.21318e-15 4.71654e-20 2.83052e-25
 1.63856e-41 2.27422e-33 3.81547e-26 7.7377e-20 1.89681e-14 5.62058e-10 2.0132e-06 0.000871646 0.0456185 0.288604 0.222749 0.077229 0.19083 0.0962536 0.0539149 0.0197822 0.00370311 0.000422249 1.96817e-05 2.91701e-07 1.15458e-09 1.02558e-12 1.69804e-16 4.56527e-21 1.84555e-26
 1.55368e-41 2.15641e-33 3.61783e-26 7.33688e-20 1.79855e-14 5.32943e-10 1.90892e-06 0.000826495 0.0432555 0.273658 0.211808 0.0839028 0.199336 0.100376 0.0629608 0.0204271 0.00316892 0.000267876 9.75341e-06 1.23014e-07 3.80796e-10 2.3996e-13 2.74328e-17 5.14746e-22 1.45723e-27
 1.51964e-41 2.10915e-33 3.53854e-26 7.17609e-20 1.75913e-14 5.21264e-10 1.86708e-06 0.000808382 0.0423075 0.267665 0.207699 0.0890713 0.198974 0.101179 0.0682639 0.0207031 0.00310944 0.000212384 5.51417e-06 4.9677e-08 1.18175e-10 5.70959e-14 4.73356e-18 6.17559e-23 1.20094e-28
 1.92998e-41 2.67868e-33 4.49405e-26 9.11383e-20 2.23415e-14 6.62019e-10 2.37125e-06 0.00102667 0.0537317 0.339935 0.262405 0.0762255 0.135918 0.0688855 0.0466224 0.0132084 0.00191975 0.000116773 2.46676e-06 1.56695e-08 2.52622e-11 8.65185e-15 5.27263e-19 5.04061e-24 7.01313e-30
 1.62159e-41 2.25066e-33 3.77595e-26 7.65756e-20 1.87716e-14 5.56237e-10 1.99235e-06 0.000862619 0.045146 0.285634 0.22292 0.10736 0.205871 0.0828815 0.0380113 0.00986391 0.00137048 7.55548e-05 1.39472e-06 7.05382e-09 8.14869e-12 1.87696e-15 7.71208e-20 5.1277e-25 5.08717e-31
 1.33486e-41 1.8527e-33 3.10828e-26 6.30354e-20 1.54524e-14 4.57882e-10 1.64006e-06 0.000710089 0.0371633 0.235145 0.185654 0.119784 0.225144 0.112881 0.0686783 0.0134959 0.00128207 6.03015e-05 9.72827e-07 4.10069e-09 3.71899e-12 6.27669e-16 1.78468e-20 7.97934e-26 5.32173e-32
 1.21763e-41 1.68999e-33 2.83531e-26 5.74994e-20 1.40953e-14 4.1767e-10 1.49603e-06 0.000647727 0.0338995 0.214509 0.170825 0.124329 0.220554 0.129126 0.0852542 0.0188476 0.00194222 6.43289e-05 7.29156e-07 2.4448e-09 1.7714e-12 2.3122e-16 4.89898e-21 1.57339e-26 7.31013e-33
 1.63221e-41 2.2654e-33 3.80068e-26 7.7077e-20 1.88945e-14 5.59879e-10 2.0054e-06 0.000868267 0.0454417 0.287525 0.225625 0.104389 0.157009 0.0984151 0.0637414 0.0152238 0.00170028 5.85176e-05 5.558e-07 1.27279e-09 6.54047e-13 6.42295e-17 1.03122e-21 2.47535e-27 8.44384e-34
 1.48479e-41 2.06079e-33 3.4574e-26 7.01154e-20 1.7188e-14 5.09311e-10 1.82427e-06 0.000789845 0.0413374 0.261597 0.209263 0.140585 0.20267 0.089013 0.0435595 0.0100475 0.00109714 3.85019e-05 3.59804e-07 7.18777e-10 2.72484e-13 1.82495e-17 2.03845e-22 3.52895e-28 8.82714e-35
 1.54659e-41 2.14656e-33 3.6013e-26 7.30337e-20 1.79034e-14 5.30509e-10 1.9002e-06 0.00082272 0.043058 0.272494 0.217893 0.13362 0.178502 0.098914 0.046808 0.00727005 0.000598024 1.90207e-05 1.65753e-07 3.04537e-10 1.00132e-13 5.31746e-18 4.30725e-23 5.14088e-29 8.81054e-36
 1.52783e-41 2.12053e-33 3.55763e-26 7.2148e-20 1.76862e-14 5.24076e-10 1.87715e-06 0.000812743 0.0425359 0.269227 0.217734 0.148037 0.183067 0.0918184 0.0397686 0.00654899 0.000439042 9.38641e-06 6.32283e-08 9.85603e-11 2.7742e-14 1.23788e-18 8.13558e-24 7.52843e-30 9.53974e-37
 1.64279e-41 2.28008e-33 3.8253e-26 7.75764e-20 1.90169e-14 5.63506e-10 2.01839e-06 0.000873893 0.0457363 0.289495 0.233844 0.143336 0.162399 0.0856753 0.0335602 0.00478172 0.000291088 5.3789e-06 2.56549e-08 2.78216e-11 5.939e-15 2.10583e-19 1.10935e-24 8.17438e-31 8.13512e-38
 1.59254e-41 2.21033e-33 3.70829e-26 7.52035e-20 1.84352e-14 5.4627e-10 1.95665e-06 0.000847162 0.0443375 0.28071 0.230555 0.161531 0.170065 0.0801561 0.027875 0.00372526 0.000193528 2.97753e-06 1.16636e-08 9.42115e-12 1.38384e-15 3.40905e-20 1.3055e-25 7.2332e-32 5.49604e-39
 1.64025e-41 2.27656e-33 3.81941e-26 7.74568e-20 1.89876e-14 5.62638e-10 2.01528e-06 0.000872546 0.0456661 0.289162 0.238512 0.160837 0.158806 0.0790776 0.0242831 0.00266487 0.000115919 1.48017e-06 4.59633e-09 2.89191e-12 3.21011e-16 5.67474e-21 1.50142e-26 5.7178e-33 3.03854e-40
 1.64909e-41 2.28883e-33 3.83999e-26 7.78743e-20 1.909e-14 5.6567e-10 2.02614e-06 0.000877249 0.0459124 0.290802 0.24289 0.170329 0.155534 0.0717627 0.0198351 0.00198478 6.99015e-05 6.90333e-07 1.66777e-09 8.05021e-13 6.73218e-17 8.87012e-22 1.72435e-27 4.7213e-34 1.76399e-41
 1.68689e-41 2.34129e-33 3.928e-26 7.96591e-20 1.95275e-14 5.78635e-10 2.07258e-06 0.000897355 0.046965 0.297545 0.250493 0.172797 0.147512 0.0663923 0.0159988 0.00135851 4.01249e-05 3.17527e-07 5.7631e-10 2.05514e-13 1.27264e-17 1.23747e-22 1.76395e-28 3.52386e-35 9.56311e-43
 1.67846e-41 2.32959e-33 3.90837e-26 7.92609e-20 1.94299e-14 5.75742e-10 2.06222e-06 0.000892869 0.0467306 0.296191 0.25338 0.181742 0.145202 0.0615958 0.0132485 0.000990633 2.39375e-05 1.5007e-07 2.10644e-10 5.59972e-14 2.51399e-18 1.75881e-23 1.80767e-29 2.60915e-36 5.11425e-44
 1.46936e-41 2.03937e-33 3.42147e-26 6.93867e-20 1.70093e-14 5.04017e-10 1.80531e-06 0.000781637 0.0409101 0.259648 0.234768 0.214704 0.167187 0.068329 0.012839 0.000815399 1.62198e-05 8.06248e-08 8.62836e-11 1.71506e-14 5.67578e-19 2.8804e-24 2.11895e-30 2.17463e-37 3.02813e-45
 1.49686e-41 2.07754e-33 3.4855e-26 7.06853e-20 1.73277e-14 5.13451e-10 1.8391e-06 0.000796266 0.0416755 0.264405 0.234765 0.197254 0.167232 0.0785845 0.0144302 0.000841617 1.46232e-05 6.18457e-08 5.54043e-11 9.06293e-15 2.43636e-19 9.98298e-25 5.9094e-31 4.86084e-38 5.39936e-46
#spawning biomass
 19764.5 18211.1 19630.8 22193.5 27113.2 32736.9 36202.2 43003.3 60088.5 80107.5 98532.4 118017 166843 202640 184814 152252 144770 137574 133646 126613 135836 132181 146214 153904 177769 190824 179947 170442 158568 147244 72911.6 38187.4 24981.2 20521.8 19126.6 18712.1 18593.4 18560.3 18551.3 18548.9 18548.2 18548 18548 18548 18548 18548 18548 18548 18548 18548 18548 18548 18548 18548 18548 18548 18548 18548 18548 18548 18548 18548 18548 18548 18548 18548 18548 18548 18548 18548 18548 18548 18548 18548 18548 18548 18548 18548 18548 18548 18548 18548 18548 18548 18548 18548 18548 18548 18548 18548 18548 18548 18548 18548 18548 18548 18548 18548 18548 18548 18548 18548 18548 18548 18548 18548 18548 18548 18548 18548 18548 18548 18548 18548 18548 18548 18548 18548 18548 18548 18548 18548 18548 18548 18548 18548 18548 18548 0 0 0 0 0 0 0 0 0 0 0 0 0 0 0 0 0 0 0 0 0 0 0 0 0
