SBPRF35
0.819782
Curr Bio
145426
B35
716107
F35
0.209488
FOFL
0.10121
OFL
28648.3
Bzero
234224
#pred survey bio
 7573.91 6794.32 8527.77 12150.6 16671.7 19348.9 18115.2 23215.4 35045.7 51087.4 64777.6 82854 106885 131760 133227 113225 103549 108433 107172 106716 101774 110378 103846 118123 129205 130453 125440 127888 155848 1.28356e+07 1.05854e+07 1.11818e+07 1.03898e+07 9.02459e+06 7.55935e+06 6.23236e+06 5.13383e+06 4.27271e+06 3.621e+06 3.13894e+06 2.78754e+06 2.53349e+06 2.34998e+06 2.21604e+06 2.11828e+06 2.04876e+06 1.99882e+06 1.96254e+06 1.9359e+06 1.91611e+06 1.90125e+06 1.88997e+06 1.88132e+06 1.87463e+06 1.86941e+06 1.86531e+06 1.86207e+06 1.85949e+06 1.85742e+06 1.85577e+06 1.85443e+06 1.85336e+06 1.85248e+06 1.85178e+06 1.8512e+06 1.85073e+06 1.85035e+06 1.85004e+06 1.84979e+06 1.84958e+06 1.84941e+06 1.84927e+06 1.84916e+06 1.84906e+06 1.84899e+06 1.84893e+06 1.84888e+06 1.84883e+06 1.8488e+06 1.84877e+06 1.84875e+06 1.84873e+06 1.84872e+06 1.8487e+06 1.84869e+06 1.84869e+06 1.84868e+06 1.84867e+06 1.84867e+06 1.84866e+06 1.84866e+06 1.84866e+06 1.84866e+06 1.84866e+06 1.84865e+06 1.84865e+06 1.84865e+06 1.84865e+06 1.84865e+06 1.84865e+06 1.84865e+06 1.84865e+06 1.84865e+06 1.84865e+06 1.84865e+06 1.84865e+06 1.84865e+06 1.84865e+06 1.84865e+06 1.84865e+06 1.84865e+06 1.84865e+06 1.84865e+06 1.84865e+06 1.84865e+06 1.84865e+06 1.84865e+06 1.84865e+06 1.84865e+06 1.84865e+06 1.84865e+06 1.84865e+06 1.84865e+06 1.84865e+06 1.84865e+06 1.84865e+06 1.84865e+06 1.84865e+06 1.84865e+06 0 0 0 0 0 0 0 0 0 0 0 0 0 0 0 0 0 0 0 0 0 0 0 0 0
#obs survey bio
 6898.32 5368.09 12078.6 12494.7 18203.7 17881 18800.4 32637.3 42121.6 68992.8 81134.6 90887.9 159575 129203 105034 110741 90116.8 158974 89713.9 140772 95979.4 103227 87750.2 118832 179748 131798 132930 165556 161031
#pred catch bio
 5431.33 4719.13 5702.36 8303.69 11532.9 14862.9 13252.2 16236.7 23755.1 36903.1 47705.8 62184.4 80362.6 101771 108938 93962.5 83253.6 88534.5 87241.2 88846.7 81461.1 96197.8 86855.7 99845.7 110215 111664 105858 103024 10972.3 28648.3 85292.6 90287.8 82909.3 71003.8 58495.3 47329.5 38218.9 31195.6 25986.1 22226.1 19565.6 17710.3 16427.9 15542.9 14937.9 14536.3 14269.6 14092.5 13974.9 13896.9 13845 13810.6 13787.7 13772.6 13762.5 13755.8 13751.4 13748.4 13746.4 13745.1 13744.3 13743.7 13743.3 13743.1 13742.9 13742.8 13742.7 13742.7 13742.6 13742.6 13742.6 13742.6 13742.6 13742.6 13742.6 13742.6 13742.6 13742.6 13742.6 13742.6 13742.6 13742.6 13742.6 13742.6 13742.6 13742.6 13742.6 13742.6 13742.6 13742.6 13742.6 13742.6 13742.6 13742.6 13742.6 13742.6 13742.6 13742.6 13742.6 13742.6 13742.6 13742.6 13742.6 13742.6 13742.6 13742.6 13742.6 13742.6 13742.6 13742.6 13742.6 13742.6 13742.6 13742.6 13742.6 13742.6 13742.6 13742.6 13742.6 13742.6 13742.6 13742.6 13742.6 13742.6 13742.6 13742.6 13742.6 13742.6 13742.6 0 0 0 0 0 0 0 0 0 0 0 0 0 0 0 0 0 0 0 0 0 0 0 0 0
#obs catch bio
 4758.41 4765.81 5507.88 7999.08 11263.9 14804.9 12903.8 15560.9 22819.8 35375.1 45946.8 59302.5 78275.6 99473.3 109374 95113.7 84471.3 86383.6 86559.8 85470 77626.1 94792.2 87209.1 97530.9 106788 108100 102379 100591 10712
#pred cpue bio
 6550.18 5544.8 6762.67 9618.19 13227.9 15955.8 14676.9 17999.3 27137.1 40420.5 51228.8 64798.4 83072.7 103749 108152 91087 81283.6 85231.1 84571.7 84058.4 79856.4 86303.5 79340.6 90027.7 98790 100818 97298.1 98651.9 119082 1.13982e+07 1.04271e+07 1.11506e+07 1.03468e+07 8.97646e+06 7.51022e+06 6.18308e+06 5.08452e+06 4.2234e+06 3.57169e+06 3.08963e+06 2.73823e+06 2.48418e+06 2.30067e+06 2.16673e+06 2.06897e+06 1.99945e+06 1.94951e+06 1.91323e+06 1.88659e+06 1.8668e+06 1.85194e+06 1.84066e+06 1.83201e+06 1.82532e+06 1.8201e+06 1.816e+06 1.81276e+06 1.81018e+06 1.80811e+06 1.80646e+06 1.80512e+06 1.80405e+06 1.80317e+06 1.80247e+06 1.80189e+06 1.80142e+06 1.80104e+06 1.80073e+06 1.80048e+06 1.80027e+06 1.8001e+06 1.79996e+06 1.79985e+06 1.79975e+06 1.79968e+06 1.79962e+06 1.79957e+06 1.79952e+06 1.79949e+06 1.79946e+06 1.79944e+06 1.79942e+06 1.79941e+06 1.79939e+06 1.79938e+06 1.79937e+06 1.79937e+06 1.79936e+06 1.79936e+06 1.79935e+06 1.79935e+06 1.79935e+06 1.79935e+06 1.79934e+06 1.79934e+06 1.79934e+06 1.79934e+06 1.79934e+06 1.79934e+06 1.79934e+06 1.79934e+06 1.79934e+06 1.79934e+06 1.79934e+06 1.79934e+06 1.79934e+06 1.79934e+06 1.79934e+06 1.79934e+06 1.79934e+06 1.79934e+06 1.79934e+06 1.79934e+06 1.79934e+06 1.79934e+06 1.79934e+06 1.79934e+06 1.79934e+06 1.79934e+06 1.79934e+06 1.79934e+06 1.79934e+06 1.79934e+06 1.79934e+06 1.79934e+06 1.79934e+06 1.79934e+06 1.79934e+06 1.79934e+06 0 0 0 0 0 0 0 0 0 0 0 0 0 0 0 0 0 0 0 0 0 0 0 0 0
#obs cpue bio
 5152.05 5696.78 11882.6 16336.9 14703.3 16330.5 28079.7 26456.6 41789.6 54819.9 76102 123026 74108.6 138361 113475 79241.7 69228.1 108829 100711 145143 177921 101944 78343.9 152587 120278 163396 157373 139039 128968
#pred surv len freq
 2.56698e-27 2.59863e-27 4.22203e-26 8.36678e-20 2.05102e-14 6.07753e-10 2.17687e-06 0.000942501 0.0493271 0.312057 0.23887 0.0370369 0.114089 0.105432 0.0275897 0.0367688 0.0171058 0.0149549 0.0100722 0.00826097 0.00689504 0.00626549 0.00655056 0.00594978 0.00183112
 2.56852e-27 2.60248e-27 4.51655e-26 8.98792e-20 2.20328e-14 6.52871e-10 2.33847e-06 0.00101247 0.052989 0.335223 0.25661 0.0401967 0.125675 0.115767 0.0232858 0.0240876 0.00919635 0.0055688 0.00303169 0.00207781 0.00150245 0.0012106 0.00114761 0.00105768 0.000358373
 2.56948e-27 2.60508e-27 4.74082e-26 9.46101e-20 2.31925e-14 6.87236e-10 2.46156e-06 0.00106576 0.0557782 0.352868 0.270081 0.0400724 0.115265 0.106169 0.0218068 0.0230598 0.00778842 0.00319979 0.00126404 0.000606578 0.000338408 0.000226313 0.000185669 0.000164628 5.81735e-05
 2.56945e-27 2.60495e-27 4.72613e-26 9.43002e-20 2.31166e-14 6.84985e-10 2.4535e-06 0.00106227 0.0555955 0.351712 0.269203 0.0403991 0.118367 0.108981 0.0213877 0.0213969 0.00729626 0.00307221 0.000987708 0.000308059 0.000107849 5.10048e-05 3.31163e-05 2.64578e-05 9.37013e-06
 2.56931e-27 2.60458e-27 4.6938e-26 9.36181e-20 2.29494e-14 6.8003e-10 2.43575e-06 0.00105459 0.0551934 0.349168 0.267263 0.0405186 0.120641 0.111082 0.0218188 0.0218424 0.00729464 0.00284172 0.000920406 0.000269634 6.12744e-05 1.6187e-05 6.73579e-06 4.35429e-06 1.48316e-06
 2.56732e-27 2.5992e-27 4.21972e-26 8.36171e-20 2.04977e-14 6.07384e-10 2.17555e-06 0.000941929 0.0492972 0.311868 0.2388 0.0417544 0.150042 0.13825 0.0272918 0.0274966 0.0091827 0.00356799 0.00111514 0.000308447 6.70508e-05 1.17111e-05 2.32571e-06 9.52474e-07 2.92302e-07
 2.56838e-27 2.60213e-27 4.48349e-26 8.91816e-20 2.18618e-14 6.47804e-10 2.32032e-06 0.00100461 0.0525778 0.332621 0.254628 0.0405558 0.1298 0.119667 0.0257406 0.0286384 0.00955322 0.00367632 0.00114645 0.000312128 6.39769e-05 1.0282e-05 1.21516e-06 2.08699e-07 4.88007e-08
 2.57039e-27 2.60751e-27 4.95418e-26 9.91109e-20 2.42958e-14 7.19929e-10 2.57867e-06 0.00111646 0.0584317 0.369655 0.282892 0.0396552 0.103089 0.0948965 0.0191577 0.0198603 0.00688846 0.00306751 0.00096496 0.000260753 5.28359e-05 8.07314e-06 8.17895e-07 6.32616e-08 7.4009e-09
 2.57031e-27 2.60722e-27 4.92156e-26 9.84226e-20 2.41271e-14 7.1493e-10 2.56076e-06 0.00110871 0.0580259 0.367088 0.280943 0.0403213 0.109528 0.100718 0.0180182 0.015774 0.00531539 0.00216363 0.000722951 0.000218951 4.45789e-05 6.72094e-06 6.43493e-07 3.60863e-08 1.62852e-09
 2.56936e-27 2.60468e-27 4.69821e-26 9.37109e-20 2.29721e-14 6.80705e-10 2.43817e-06 0.00105563 0.0552481 0.349515 0.267532 0.0408222 0.122762 0.11298 0.021099 0.0197017 0.00632271 0.00207277 0.000649132 0.000187747 4.24447e-05 6.71939e-06 6.34125e-07 3.23783e-08 8.36446e-10
 2.56943e-27 2.60487e-27 4.71767e-26 9.41216e-20 2.30728e-14 6.83688e-10 2.44885e-06 0.00106026 0.0554902 0.351046 0.268698 0.0405759 0.120069 0.110535 0.0213888 0.0209869 0.00684526 0.00240167 0.00069387 0.000165733 3.47743e-05 5.81552e-06 5.88492e-07 2.95967e-08 6.43402e-10
 2.56992e-27 2.60618e-27 4.83218e-26 9.65372e-20 2.36649e-14 7.01234e-10 2.5117e-06 0.00108747 0.0569143 0.360056 0.275574 0.0403588 0.113585 0.10452 0.0197437 0.0187512 0.00619902 0.0023136 0.0006905 0.000169186 3.01846e-05 4.43586e-06 4.60172e-07 2.46705e-08 5.22757e-10
 2.57014e-27 2.60675e-27 4.87963e-26 9.7538e-20 2.39103e-14 7.08504e-10 2.53774e-06 0.00109875 0.0575044 0.363788 0.278425 0.0404522 0.112293 0.103277 0.0186136 0.0164783 0.00538167 0.00191735 0.000583738 0.000151608 2.80368e-05 3.72092e-06 3.31805e-07 1.7887e-08 3.97981e-10
 2.56954e-27 2.60511e-27 4.73375e-26 9.44606e-20 2.31559e-14 6.8615e-10 2.45768e-06 0.00106408 0.0556901 0.352311 0.269669 0.0409515 0.122244 0.11245 0.0200555 0.0174518 0.0055892 0.00181764 0.00053765 0.000135595 2.62267e-05 3.63619e-06 3.00314e-07 1.40809e-08 3.11035e-10
 2.56806e-27 2.60113e-27 4.38343e-26 8.70703e-20 2.13442e-14 6.32468e-10 2.26539e-06 0.000980829 0.0513331 0.324747 0.248636 0.0418279 0.143691 0.132281 0.0242888 0.0221176 0.00705116 0.00222919 0.00063498 0.000147582 2.74747e-05 3.87974e-06 3.34083e-07 1.462e-08 2.86812e-10
 2.5686e-27 2.60263e-27 4.51928e-26 8.99364e-20 2.20468e-14 6.53287e-10 2.33996e-06 0.00101311 0.0530228 0.335437 0.256787 0.0411121 0.132517 0.122039 0.023726 0.0234187 0.00754096 0.0024896 0.000705415 0.000158194 2.74032e-05 3.64164e-06 3.14842e-07 1.41765e-08 2.60692e-10
 2.56971e-27 2.60561e-27 4.77915e-26 9.54185e-20 2.33907e-14 6.93108e-10 2.4826e-06 0.00107487 0.0562548 0.355883 0.272393 0.0406822 0.118281 0.108818 0.0198547 0.0179187 0.00588995 0.00214957 0.000625048 0.000144757 2.45251e-05 3.05289e-06 2.4591e-07 1.10146e-08 2.0531e-10
 2.5696e-27 2.60527e-27 4.74659e-26 9.47314e-20 2.32222e-14 6.88117e-10 2.46472e-06 0.00106713 0.0558497 0.35332 0.270441 0.0410019 0.122086 0.112283 0.0196492 0.0165668 0.00531175 0.00174229 0.000520848 0.000131624 2.31576e-05 2.8781e-06 2.17857e-07 9.10053e-09 1.67568e-10
 2.56941e-27 2.60476e-27 4.70089e-26 9.37673e-20 2.29859e-14 6.81114e-10 2.43963e-06 0.00105627 0.0552813 0.349725 0.267698 0.0411505 0.125144 0.115107 0.0201848 0.0170719 0.00538071 0.00161168 0.000457319 0.000107258 2.01146e-05 2.66184e-06 2.03105e-07 8.01612e-09 1.3835e-10
 2.56951e-27 2.60504e-27 4.72668e-26 9.43113e-20 2.31193e-14 6.85066e-10 2.45379e-06 0.0010624 0.0556021 0.351754 0.269245 0.0409959 0.12288 0.113036 0.0201483 0.0175109 0.00552697 0.00166177 0.000457256 9.80939e-05 1.69999e-05 2.27227e-06 1.86032e-07 7.44e-09 1.22075e-10
 2.56966e-27 2.60543e-27 4.75966e-26 9.50071e-20 2.32898e-14 6.9012e-10 2.47189e-06 0.00107024 0.0560122 0.354349 0.271227 0.0410289 0.121739 0.111952 0.0193835 0.0160397 0.00508388 0.00156964 0.000433849 9.23849e-05 1.49391e-05 1.82168e-06 1.46768e-07 6.22797e-09 1.03748e-10
 2.56984e-27 2.60593e-27 4.80543e-26 9.59727e-20 2.35266e-14 6.97134e-10 2.49702e-06 0.00108111 0.0565815 0.35795 0.273973 0.0407772 0.117894 0.108432 0.0192834 0.0166953 0.00524778 0.0015439 0.000428205 9.33255e-05 1.50863e-05 1.74903e-06 1.28161e-07 5.30011e-09 9.23155e-11
 2.57074e-27 2.60833e-27 5.01327e-26 1.00357e-19 2.46014e-14 7.28982e-10 2.61109e-06 0.0011305 0.0591664 0.374303 0.286455 0.0405156 0.107133 0.0984185 0.0159909 0.0117035 0.00368661 0.00111362 0.000304639 6.38329e-05 1.04473e-05 1.22194e-06 8.57143e-08 3.2462e-09 5.4915e-11
 2.57082e-27 2.60853e-27 5.03067e-26 1.00724e-19 2.46913e-14 7.31647e-10 2.62064e-06 0.00113464 0.0593828 0.375671 0.2875 0.0405249 0.10647 0.0977971 0.0157162 0.011226 0.00342575 0.000858948 0.000231274 4.93073e-05 7.84103e-06 9.07151e-07 6.41872e-08 2.33396e-09 3.65097e-11
 2.57067e-27 2.60814e-27 4.99521e-26 9.99761e-20 2.45079e-14 7.26214e-10 2.60118e-06 0.00112621 0.0589418 0.372882 0.285373 0.0406884 0.109209 0.100312 0.0159362 0.0110936 0.00336841 0.000816721 0.000206628 3.77104e-05 5.94075e-06 6.8048e-07 4.72397e-08 1.71906e-09 2.58691e-11
 2.57023e-27 2.60693e-27 4.88752e-26 9.77042e-20 2.3951e-14 7.09711e-10 2.54207e-06 0.00110062 0.0576024 0.364408 0.278908 0.0410308 0.116357 0.106904 0.0170355 0.0119401 0.00360952 0.000847376 0.000211399 3.68266e-05 5.12883e-06 5.39904e-07 3.70955e-08 1.32672e-09 1.98236e-11
 2.57009e-27 2.60657e-27 4.85753e-26 9.70716e-20 2.37959e-14 7.05116e-10 2.52561e-06 0.00109349 0.0572294 0.362049 0.277106 0.041022 0.117555 0.108034 0.0176581 0.0130763 0.00396104 0.000936157 0.000231812 3.91651e-05 5.27019e-06 5.01592e-07 3.07909e-08 1.07068e-09 1.57551e-11
 2.57035e-27 2.60728e-27 4.92112e-26 9.84131e-20 2.41248e-14 7.14861e-10 2.56051e-06 0.0011086 0.0580203 0.367052 0.280922 0.0407358 0.112697 0.103571 0.017243 0.0132557 0.00405808 0.00102634 0.000257302 4.36382e-05 5.75895e-06 5.26932e-07 2.95212e-08 9.14922e-10 1.28805e-11
 2.57076e-27 2.60841e-27 5.02227e-26 1.00547e-19 2.46479e-14 7.30361e-10 2.61603e-06 0.00113264 0.0592784 0.375011 0.286993 0.0403412 0.105428 0.0968832 0.0164171 0.0130581 0.00403618 0.00108202 0.000278711 5.01909e-05 6.7146e-06 6.08369e-07 3.2719e-08 9.28126e-10 1.1701e-11
#obs surv len freq
 1.63845e-41 2.27406e-33 3.81521e-26 7.73717e-20 1.89668e-14 5.6202e-10 2.01307e-06 0.000871588 0.0456154 0.288577 0.221096 0.0442901 0.164695 0.139983 0.04334 0.0351619 0.0114693 0.00392858 0.000852417 0.000110901 6.29682e-06 1.12732e-07 4.72458e-10 3.72653e-13 4.79253e-17
 1.90253e-41 2.64058e-33 4.43012e-26 8.9842e-20 2.20237e-14 6.52602e-10 2.33752e-06 0.00101206 0.0529674 0.335087 0.256622 0.0440342 0.132344 0.106482 0.0339767 0.0259806 0.00824999 0.00265022 0.000527939 6.04383e-05 2.85743e-06 4.01658e-08 1.26388e-10 7.27501e-14 6.71641e-18
 1.92428e-41 2.67078e-33 4.48078e-26 9.08694e-20 2.22756e-14 6.60066e-10 2.36425e-06 0.00102364 0.0535731 0.338919 0.259632 0.0470784 0.141289 0.106348 0.0272539 0.0175047 0.00541516 0.00163113 0.000297938 2.96487e-05 1.15614e-06 1.27182e-08 3.00529e-11 1.26428e-14 8.39187e-19
 1.96473e-41 2.72692e-33 4.57497e-26 9.27795e-20 2.27438e-14 6.73941e-10 2.41395e-06 0.00104516 0.0546993 0.346044 0.265135 0.0487422 0.138999 0.0985386 0.0263331 0.0155895 0.00376027 0.000941104 0.000156429 1.34643e-05 4.28554e-07 3.66409e-09 6.49405e-12 1.99991e-15 9.56728e-20
 1.77634e-41 2.46544e-33 4.13629e-26 8.38831e-20 2.0563e-14 6.09318e-10 2.18248e-06 0.000944938 0.0494543 0.312864 0.239988 0.0548001 0.174622 0.116071 0.0302235 0.0163499 0.00378988 0.000784209 9.84573e-05 7.02016e-06 1.81065e-07 1.19529e-09 1.58265e-12 3.56662e-16 1.23187e-20
 1.4582e-41 2.02389e-33 3.39549e-26 6.88598e-20 1.68802e-14 5.00191e-10 1.7916e-06 0.000775701 0.0405971 0.256832 0.197481 0.0626026 0.221051 0.139998 0.0480296 0.0259322 0.00555804 0.0010304 0.000105673 5.46843e-06 1.0688e-07 5.38714e-10 5.31031e-13 8.73904e-17 2.17837e-21
 2.08544e-41 2.89446e-33 4.85605e-26 9.84798e-20 2.41412e-14 7.15347e-10 2.56225e-06 0.00110937 0.0580599 0.367305 0.281519 0.0503489 0.112867 0.0694157 0.0345242 0.0190473 0.00485042 0.000872052 7.63438e-05 3.03557e-06 4.15586e-08 1.49273e-10 1.07357e-13 1.28518e-17 2.30952e-22
 1.98567e-41 2.75598e-33 4.62373e-26 9.37683e-20 2.29862e-14 6.81123e-10 2.43967e-06 0.00105629 0.0552822 0.349734 0.268447 0.0602039 0.15181 0.0817707 0.0192245 0.00890181 0.00293385 0.000581479 5.11337e-05 1.67066e-06 1.67173e-08 4.11008e-11 2.02879e-14 1.7087e-18 2.18818e-23
 2.015e-41 2.79669e-33 4.69203e-26 9.51533e-20 2.33257e-14 6.91184e-10 2.47571e-06 0.0010719 0.0560987 0.3549 0.272518 0.0618161 0.145237 0.0746197 0.0230329 0.00883028 0.00154654 0.000295631 2.88595e-05 8.94546e-07 7.17923e-09 1.26556e-11 4.25569e-15 2.41886e-19 2.11873e-24
 1.72515e-41 2.39439e-33 4.01709e-26 8.14657e-20 1.99704e-14 5.91758e-10 2.11958e-06 0.000917706 0.0480291 0.303852 0.234178 0.0762993 0.199631 0.0955994 0.0287948 0.0104942 0.00194757 0.000237247 1.73645e-05 5.29142e-07 3.81521e-09 5.32518e-12 1.29592e-15 5.08247e-20 3.01462e-25
 2.02291e-41 2.80767e-33 4.71044e-26 9.55268e-20 2.34173e-14 6.93897e-10 2.48543e-06 0.0010761 0.056319 0.356296 0.273956 0.0665783 0.138919 0.0660334 0.0288463 0.0100256 0.00174049 0.000197203 1.02333e-05 2.16686e-07 1.33157e-09 1.58366e-12 3.05071e-16 8.87219e-21 3.73355e-26
 1.85291e-41 2.57171e-33 4.31458e-26 8.74989e-20 2.14493e-14 6.35583e-10 2.27655e-06 0.000985669 0.051586 0.326358 0.251872 0.0816094 0.179943 0.0752367 0.0227904 0.0077829 0.0016523 0.000173882 7.68778e-06 1.15767e-07 4.79044e-10 4.31942e-13 6.6655e-17 1.52677e-21 4.87767e-27
 1.9241e-41 2.67053e-33 4.48037e-26 9.0861e-20 2.22735e-14 6.60004e-10 2.36403e-06 0.00102354 0.0535682 0.3389 0.261611 0.0810144 0.160964 0.0671833 0.0268177 0.00754984 0.00122612 0.000134381 5.66008e-06 6.85673e-08 2.0115e-10 1.20916e-13 1.29983e-17 2.20587e-22 5.36782e-28
 1.61731e-41 2.24472e-33 3.76599e-26 7.63735e-20 1.87221e-14 5.54769e-10 1.98709e-06 0.000860342 0.0450269 0.284875 0.221816 0.104557 0.217563 0.0840387 0.0308266 0.00881405 0.00149004 0.000125939 4.67228e-06 5.07006e-08 1.17609e-10 5.07139e-14 3.69343e-18 4.21017e-23 7.07022e-29
 1.47917e-41 2.05298e-33 3.44431e-26 6.98498e-20 1.71229e-14 5.07382e-10 1.81736e-06 0.000786853 0.0411808 0.260552 0.204131 0.113196 0.224177 0.0943795 0.0472389 0.0122685 0.00192732 0.00015613 4.64753e-06 4.01677e-08 7.70977e-11 2.61512e-14 1.40124e-18 1.1197e-23 1.28189e-29
 1.70946e-41 2.37262e-33 3.98056e-26 8.0725e-20 1.97888e-14 5.86378e-10 2.10031e-06 0.000909362 0.0475924 0.301115 0.234901 0.103216 0.177593 0.0771799 0.0424081 0.0127272 0.00219375 0.000157867 4.09645e-06 2.8028e-08 4.06651e-11 1.06424e-14 4.40246e-19 2.64383e-24 2.20146e-30
 1.68205e-41 2.33458e-33 3.91674e-26 7.94308e-20 1.94715e-14 5.76977e-10 2.06664e-06 0.000894782 0.0468294 0.296302 0.232654 0.118488 0.191718 0.0705526 0.0310052 0.00958979 0.00182367 0.00013778 3.14161e-06 1.7499e-08 1.96174e-11 3.80096e-15 1.15701e-19 5.16459e-25 3.20768e-31
 1.69456e-41 2.35194e-33 3.94586e-26 8.00213e-20 1.96163e-14 5.81266e-10 2.082e-06 0.000901434 0.0471775 0.298517 0.235331 0.124043 0.185054 0.069855 0.0303813 0.00738182 0.00125626 9.69743e-05 2.1317e-06 1.01345e-08 8.94057e-12 1.31298e-15 2.94859e-20 9.5421e-26 4.27739e-32
 1.65109e-41 2.29161e-33 3.84465e-26 7.79687e-20 1.91131e-14 5.66356e-10 2.0286e-06 0.000878312 0.0459674 0.290883 0.231131 0.13563 0.18869 0.069719 0.0292392 0.00684164 0.000955801 6.11418e-05 1.22836e-06 5.2049e-09 3.80754e-12 4.35825e-16 7.35739e-21 1.75498e-26 5.72175e-33
 1.74858e-41 2.42691e-33 4.07165e-26 8.25722e-20 2.02416e-14 5.99796e-10 2.14837e-06 0.00093017 0.0486815 0.308068 0.244909 0.133712 0.168058 0.0633248 0.0258854 0.00567867 0.000713356 3.65919e-05 5.77074e-07 2.02755e-09 1.23653e-12 1.14442e-16 1.50518e-21 2.71305e-27 6.54598e-34
 1.70244e-41 2.36287e-33 3.9642e-26 8.03932e-20 1.97074e-14 5.83968e-10 2.09168e-06 0.000905624 0.0473969 0.299978 0.241108 0.148458 0.173621 0.0606568 0.0225453 0.00476557 0.000539615 2.31797e-05 2.8106e-07 7.40911e-10 3.48162e-13 2.5312e-17 2.61107e-22 3.64164e-28 6.68297e-35
 1.72085e-41 2.38842e-33 4.00707e-26 8.12626e-20 1.99206e-14 5.90283e-10 2.1143e-06 0.000915417 0.0479096 0.303255 0.245269 0.152896 0.16489 0.0596646 0.0209149 0.00388008 0.00038937 1.41945e-05 1.35758e-07 2.66957e-10 9.14192e-14 4.87532e-18 3.7483e-23 3.94055e-29 5.47012e-36
 1.73256e-41 2.40467e-33 4.03434e-26 8.18156e-20 2.00561e-14 5.943e-10 2.12869e-06 0.000921648 0.0482357 0.305368 0.249156 0.160675 0.159239 0.0550563 0.0179515 0.00312185 0.000265363 7.94043e-06 6.04273e-08 9.03793e-11 2.27325e-14 8.73013e-19 4.80657e-24 3.63386e-30 3.65787e-37
 1.74707e-41 2.42482e-33 4.06813e-26 8.2501e-20 2.02241e-14 5.99278e-10 2.14652e-06 0.000929368 0.0486399 0.307983 0.253443 0.16595 0.151923 0.0526108 0.0158445 0.00248586 0.000183732 4.44049e-06 2.61616e-08 2.97451e-11 5.57012e-15 1.5615e-19 6.18529e-25 3.33464e-31 2.38437e-38
 1.68479e-41 2.33838e-33 3.92311e-26 7.956e-20 1.95032e-14 5.77915e-10 2.07e-06 0.000896238 0.0469063 0.297115 0.249207 0.180981 0.155083 0.0527645 0.0147949 0.00211583 0.000132987 2.60585e-06 1.18356e-08 1.00526e-11 1.38942e-15 2.85363e-20 8.21414e-26 3.19191e-32 1.63366e-39
 1.59313e-41 2.21115e-33 3.70967e-26 7.52313e-20 1.84421e-14 5.46472e-10 1.95738e-06 0.000847476 0.0443547 0.281106 0.241871 0.196916 0.16059 0.0571442 0.0151065 0.00195567 0.000104787 1.64813e-06 5.76167e-09 3.65887e-12 3.70667e-16 5.52392e-21 1.14903e-26 3.21931e-33 1.18514e-40
 1.5867e-41 2.20224e-33 3.69471e-26 7.4928e-20 1.83677e-14 5.44269e-10 1.94948e-06 0.00084406 0.0441763 0.280102 0.244427 0.19997 0.154881 0.0585664 0.0151195 0.0018269 8.33964e-05 1.05194e-06 2.82134e-09 1.33706e-12 9.9422e-17 1.07537e-21 1.61109e-27 3.23633e-34 8.52325e-42
 1.63755e-41 2.27282e-33 3.81312e-26 7.73293e-20 1.89564e-14 5.61712e-10 2.01196e-06 0.00087111 0.0455926 0.289199 0.254274 0.199063 0.143121 0.0529928 0.0132877 0.0015357 6.12596e-05 6.24017e-07 1.28556e-09 4.54791e-13 2.48114e-17 1.94839e-22 2.10525e-28 3.03578e-35 5.71916e-43
 1.63765e-41 2.27295e-33 3.81335e-26 7.7334e-20 1.89575e-14 5.61746e-10 2.01208e-06 0.000871162 0.0455953 0.289216 0.254297 0.199449 0.144546 0.0522835 0.0123847 0.00130973 4.6044e-05 4.00439e-07 6.88421e-10 2.00211e-13 8.89417e-18 5.65228e-23 4.92212e-29 5.70415e-36 8.61874e-44
#pred catch len freq
 2.56577e-27 2.59539e-27 3.94162e-26 7.77527e-20 1.90601e-14 5.64786e-10 2.02297e-06 0.000875868 0.0458398 0.289995 0.222028 0.0373019 0.127938 0.118265 0.0307872 0.0408709 0.018971 0.0165334 0.0111253 0.00912041 0.00761124 0.00691604 0.00723066 0.0065675 0.00202123
 2.56734e-27 2.59929e-27 4.23648e-26 8.39709e-20 2.05845e-14 6.09954e-10 2.18475e-06 0.000945915 0.0495058 0.313187 0.239794 0.0408711 0.142621 0.131421 0.0263378 0.0271221 0.0103383 0.00623732 0.0033925 0.00232383 0.00168008 0.00135366 0.00128322 0.00118267 0.00040072
 2.5683e-27 2.60187e-27 4.45862e-26 8.86569e-20 2.17332e-14 6.43993e-10 2.30667e-06 0.000998702 0.0522685 0.330665 0.253138 0.0407966 0.13268 0.12226 0.0250357 0.0263798 0.00890022 0.00364225 0.00143753 0.000689359 0.000384518 0.000257138 0.000210956 0.000187048 6.60961e-05
 2.56831e-27 2.60188e-27 4.45554e-26 8.85917e-20 2.17172e-14 6.43519e-10 2.30498e-06 0.000997967 0.05223 0.330421 0.252958 0.041137 0.135397 0.124708 0.024391 0.0242938 0.00827458 0.00347042 0.00111489 0.000347453 0.000121612 5.75099e-05 3.73395e-05 2.98318e-05 1.05651e-05
 2.5682e-27 2.60157e-27 4.4276e-26 8.80025e-20 2.15727e-14 6.39239e-10 2.28965e-06 0.000991329 0.0518826 0.328224 0.251281 0.0412511 0.137443 0.126598 0.0247752 0.0246839 0.00823478 0.00319502 0.00103401 0.000302685 6.87699e-05 1.81654e-05 7.55889e-06 4.88637e-06 1.6644e-06
 2.56639e-27 2.59666e-27 3.9954e-26 7.88847e-20 1.93376e-14 5.73009e-10 2.05242e-06 0.00088862 0.0465072 0.294217 0.225333 0.0423954 0.164382 0.151487 0.0297207 0.0297074 0.00990913 0.00383341 0.00119712 0.000330856 7.19057e-05 1.2558e-05 2.49381e-06 1.02132e-06 3.13429e-07
 2.56735e-27 2.59934e-27 4.23754e-26 8.39932e-20 2.05899e-14 6.10116e-10 2.18533e-06 0.000946166 0.0495189 0.31327 0.239862 0.0411892 0.144995 0.133709 0.0286033 0.0316376 0.010542 0.00403972 0.00125877 0.000342438 7.01738e-05 1.12769e-05 1.33271e-06 2.28885e-07 5.35208e-08
 2.56941e-27 2.60486e-27 4.72018e-26 9.41746e-20 2.30858e-14 6.84072e-10 2.45023e-06 0.00106086 0.0555214 0.351244 0.268844 0.0402791 0.117707 0.108399 0.0217892 0.0224694 0.00778364 0.00345229 0.00108522 0.000293021 5.93612e-05 9.06933e-06 9.18796e-07 7.10654e-08 8.31385e-09
 2.56925e-27 2.60434e-27 4.66639e-26 9.30395e-20 2.28075e-14 6.75828e-10 2.4207e-06 0.00104807 0.0548523 0.34701 0.265624 0.041079 0.126056 0.115968 0.0206847 0.0180209 0.00606574 0.00245925 0.000821075 0.000248487 5.0582e-05 7.62528e-06 7.30059e-07 4.09405e-08 1.84759e-09
 2.56837e-27 2.60199e-27 4.46004e-26 8.86865e-20 2.17404e-14 6.44208e-10 2.30744e-06 0.000999035 0.0522859 0.330775 0.253234 0.041522 0.138133 0.127166 0.023642 0.0219325 0.00703186 0.00229538 0.000718201 0.000207561 4.69138e-05 7.42628e-06 7.00818e-07 3.57834e-08 9.2441e-10
 2.56849e-27 2.60234e-27 4.4942e-26 8.94072e-20 2.19171e-14 6.49443e-10 2.32619e-06 0.00100715 0.0527108 0.333463 0.255282 0.0412161 0.134367 0.123734 0.0238181 0.0232074 0.00756154 0.00264154 0.000762563 0.000181988 3.81756e-05 6.38376e-06 6.45977e-07 3.24876e-08 7.06246e-10
 2.56908e-27 2.60391e-27 4.63111e-26 9.22954e-20 2.26251e-14 6.70422e-10 2.40134e-06 0.00103969 0.0544135 0.344235 0.263503 0.0409488 0.126556 0.116491 0.0218813 0.0206157 0.00680756 0.00252963 0.000754371 0.000184685 3.29421e-05 4.84059e-06 5.02144e-07 2.69205e-08 5.70434e-10
 2.56932e-27 2.60454e-27 4.68364e-26 9.34034e-20 2.28967e-14 6.78471e-10 2.43017e-06 0.00105217 0.0550668 0.348367 0.26666 0.0410503 0.12511 0.115101 0.0206344 0.0181125 0.00590876 0.00209585 0.000637545 0.000165449 3.05896e-05 4.05931e-06 3.6197e-07 1.9513e-08 4.34159e-10
 2.56875e-27 2.60299e-27 4.54523e-26 9.04837e-20 2.2181e-14 6.57262e-10 2.3542e-06 0.00101928 0.0533454 0.337478 0.258352 0.0415393 0.134668 0.123908 0.0219712 0.0189378 0.00605866 0.00196136 0.000579643 0.000146065 2.82451e-05 3.91567e-06 3.23387e-07 1.51626e-08 3.34928e-10
 2.56739e-27 2.59931e-27 4.22138e-26 8.36517e-20 2.05062e-14 6.07636e-10 2.17645e-06 0.00094232 0.0493176 0.311997 0.238908 0.0423416 0.154435 0.142188 0.0259146 0.0233324 0.00743027 0.00233786 0.000665328 0.000154502 2.8756e-05 4.06027e-06 3.49619e-07 1.52998e-08 3.00146e-10
 2.56801e-27 2.60103e-27 4.37779e-26 8.69515e-20 2.13151e-14 6.31605e-10 2.2623e-06 0.000979491 0.051263 0.324304 0.248293 0.04155 0.141817 0.130617 0.0251763 0.0245676 0.00790183 0.00259617 0.000734961 0.000164677 2.85191e-05 3.78953e-06 3.27619e-07 1.47517e-08 2.71269e-10
 2.56907e-27 2.60386e-27 4.62463e-26 9.21586e-20 2.25916e-14 6.69429e-10 2.39778e-06 0.00103815 0.0543329 0.343725 0.263117 0.0411648 0.128471 0.118215 0.0214166 0.0191168 0.00627592 0.00227979 0.000662368 0.00015327 2.59612e-05 3.23131e-06 2.60274e-07 1.16579e-08 2.173e-10
 2.569e-27 2.60364e-27 4.6022e-26 9.16854e-20 2.24756e-14 6.65991e-10 2.38547e-06 0.00103282 0.0540539 0.34196 0.261774 0.0414715 0.131748 0.12119 0.0210598 0.0175421 0.00561791 0.00183392 0.000547729 0.000138303 2.4327e-05 3.02313e-06 2.28828e-07 9.55874e-09 1.76004e-10
 2.56879e-27 2.60307e-27 4.5513e-26 9.06116e-20 2.22123e-14 6.58192e-10 2.35753e-06 0.00102072 0.0534209 0.337955 0.258718 0.0416366 0.135151 0.124333 0.0216519 0.0180958 0.00569733 0.00169835 0.000481453 0.000112821 2.11527e-05 2.79895e-06 2.1356e-07 8.4287e-09 1.45471e-10
 2.56898e-27 2.60359e-27 4.59769e-26 9.15902e-20 2.24522e-14 6.65299e-10 2.38299e-06 0.00103174 0.0539978 0.341605 0.261502 0.0414185 0.131536 0.121015 0.021404 0.0183663 0.0057906 0.00173254 0.000476284 0.000102086 1.76872e-05 2.36388e-06 1.93527e-07 7.73968e-09 1.26992e-10
 2.569e-27 2.60363e-27 4.59999e-26 9.16386e-20 2.24641e-14 6.65652e-10 2.38425e-06 0.00103229 0.0540263 0.341785 0.261642 0.0415463 0.13241 0.121789 0.0209524 0.017142 0.00542739 0.00166781 0.000460573 9.79907e-05 1.58416e-05 1.93153e-06 1.55613e-07 6.60324e-09 1.09999e-10
 2.56949e-27 2.60498e-27 4.72082e-26 9.41878e-20 2.3089e-14 6.84168e-10 2.45058e-06 0.00106101 0.0555292 0.351293 0.268894 0.0410725 0.12371 0.113789 0.0200543 0.0171046 0.00537025 0.00157187 0.000435531 9.4838e-05 1.5327e-05 1.77673e-06 1.30187e-07 5.38385e-09 9.37738e-11
 2.57028e-27 2.60709e-27 4.9032e-26 9.80351e-20 2.40321e-14 7.12115e-10 2.55068e-06 0.00110435 0.0577974 0.365642 0.279848 0.0408955 0.114666 0.105358 0.0170036 0.0122664 0.00385934 0.00116006 0.000317047 6.63741e-05 1.08604e-05 1.27013e-06 8.90914e-08 3.37407e-09 5.7078e-11
 2.5704e-27 2.6074e-27 4.92959e-26 9.85918e-20 2.41686e-14 7.16159e-10 2.56516e-06 0.00111062 0.0581257 0.367719 0.281433 0.0408794 0.11343 0.104208 0.0166328 0.0117024 0.00356745 0.000890004 0.000239374 5.09892e-05 8.10646e-06 9.37753e-07 6.63504e-08 2.41259e-09 3.77398e-11
 2.57028e-27 2.60706e-27 4.8994e-26 9.79548e-20 2.40124e-14 7.11531e-10 2.54859e-06 0.00110344 0.0577501 0.365343 0.279621 0.041029 0.115841 0.10642 0.0167918 0.011507 0.00349031 0.000842019 0.000212801 3.88012e-05 6.11087e-06 6.99889e-07 4.85855e-08 1.76802e-09 2.66057e-11
 2.56982e-27 2.60582e-27 4.78934e-26 9.56331e-20 2.34433e-14 6.94667e-10 2.48818e-06 0.00107729 0.0563813 0.356683 0.273015 0.0413807 0.12316 0.113169 0.0179098 0.0123567 0.00373168 0.000871644 0.000217215 3.78052e-05 5.26365e-06 5.54027e-07 3.80646e-08 1.36137e-09 2.03413e-11
 2.56964e-27 2.60532e-27 4.74609e-26 9.47207e-20 2.32196e-14 6.8804e-10 2.46444e-06 0.00106701 0.0558434 0.353281 0.270417 0.0414097 0.125206 0.115081 0.0186795 0.0136315 0.00412523 0.000970116 0.000239966 4.05055e-05 5.44903e-06 5.18549e-07 3.18306e-08 1.10683e-09 1.62869e-11
 2.56975e-27 2.60566e-27 4.77687e-26 9.53701e-20 2.33788e-14 6.92756e-10 2.48134e-06 0.00107432 0.0562263 0.355703 0.272263 0.0412178 0.122448 0.112558 0.018624 0.0141428 0.00432558 0.00108877 0.000272686 4.62059e-05 6.09613e-06 5.57713e-07 3.12446e-08 9.68322e-10 1.36322e-11
 2.56817e-27 2.60138e-27 4.40052e-26 8.74306e-20 2.14326e-14 6.35085e-10 2.27477e-06 0.000984887 0.0515455 0.326091 0.249668 0.0422049 0.145835 0.134169 0.023002 0.018692 0.00577829 0.00154673 0.000398246 7.16693e-05 9.58595e-06 8.68428e-07 4.67038e-08 1.32481e-09 1.6702e-11
#obs catch len freq
 1.63657e-41 2.27146e-33 3.81084e-26 7.7283e-20 1.8945e-14 5.61376e-10 2.01076e-06 0.000870588 0.0455631 0.288246 0.220843 0.0442823 0.164802 0.140069 0.0433194 0.0351922 0.011695 0.0040832 0.000904826 0.000120966 7.12094e-06 1.32807e-07 5.79589e-10 4.74142e-13 6.29351e-17
 1.6453e-41 2.28356e-33 3.83115e-26 7.7695e-20 1.9046e-14 5.64368e-10 2.02148e-06 0.000875229 0.045806 0.289782 0.22208 0.0463811 0.16833 0.13552 0.043233 0.0330934 0.0106237 0.00347353 0.00071142 8.36347e-05 4.07639e-06 5.93025e-08 1.93247e-10 1.14957e-13 1.09312e-17
 1.91491e-41 2.65777e-33 4.45895e-26 9.04267e-20 2.2167e-14 6.5685e-10 2.35273e-06 0.00101865 0.0533121 0.337268 0.258346 0.0457966 0.134199 0.102035 0.0335986 0.0241128 0.00753775 0.0022984 0.000429636 4.40566e-05 1.76943e-06 2.00354e-08 4.87366e-11 2.10853e-14 1.43656e-18
 1.94288e-41 2.69659e-33 4.52409e-26 9.17476e-20 2.24908e-14 6.66445e-10 2.3871e-06 0.00103353 0.0540909 0.342195 0.262203 0.0489935 0.141984 0.100581 0.0263969 0.0160026 0.00487363 0.00138609 0.000235864 2.08346e-05 6.83406e-07 6.00641e-09 1.09117e-11 3.43903e-15 1.68152e-19
 1.98979e-41 2.76169e-33 4.63331e-26 9.39627e-20 2.30338e-14 6.82535e-10 2.44473e-06 0.00105848 0.0553968 0.350457 0.268582 0.0506514 0.138346 0.0921289 0.0252443 0.0139387 0.0032823 0.000782201 0.000120314 9.10326e-06 2.41385e-07 1.63655e-09 2.2186e-12 5.10274e-16 1.79497e-20
 1.80771e-41 2.50899e-33 4.20935e-26 8.53648e-20 2.09262e-14 6.20081e-10 2.22103e-06 0.000961628 0.0503278 0.31839 0.244322 0.0573539 0.173359 0.108014 0.0288014 0.0144923 0.00326588 0.000631717 7.35953e-05 4.59546e-06 9.78243e-08 5.08443e-10 5.12532e-13 8.60095e-17 2.18054e-21
 1.49712e-41 2.0779e-33 3.48611e-26 7.06975e-20 1.73307e-14 5.13539e-10 1.83941e-06 0.000796403 0.0416805 0.263687 0.202887 0.0661869 0.219588 0.130613 0.0460932 0.0228267 0.00474336 0.000816429 7.62904e-05 3.44459e-06 5.5462e-08 2.1883e-10 1.63506e-13 1.9982e-17 3.64982e-22
 2.1205e-41 2.94311e-33 4.93768e-26 1.00135e-19 2.45469e-14 7.27371e-10 2.60532e-06 0.00112802 0.0590358 0.373479 0.286327 0.0520604 0.110031 0.0639718 0.0326757 0.0164998 0.0040669 0.000666523 5.25877e-05 1.79694e-06 2.01707e-08 5.66706e-11 3.08135e-14 2.73259e-18 3.59245e-23
 2.02488e-41 2.8104e-33 4.71504e-26 9.562e-20 2.34401e-14 6.94574e-10 2.48785e-06 0.00107715 0.0563739 0.356641 0.273865 0.0624586 0.147227 0.0739363 0.0177107 0.0077668 0.00246368 0.000442045 3.42886e-05 9.47617e-07 7.69273e-09 1.47438e-11 5.50031e-15 3.42824e-19 3.20738e-24
 2.05711e-41 2.85513e-33 4.79007e-26 9.71417e-20 2.38131e-14 7.05627e-10 2.52744e-06 0.00109429 0.057271 0.362317 0.27834 0.06397 0.139817 0.0672395 0.0210901 0.00735431 0.00125996 0.000224635 1.90167e-05 4.89056e-07 3.13752e-09 4.28252e-12 1.08629e-15 4.56886e-20 2.92271e-25
 1.77773e-41 2.46737e-33 4.13952e-26 8.39486e-20 2.0579e-14 6.09794e-10 2.18418e-06 0.000945676 0.0494929 0.313115 0.241515 0.0795716 0.192368 0.0861985 0.0262813 0.00877692 0.00154905 0.000172307 1.13121e-05 2.83507e-07 1.60866e-09 1.72096e-12 3.1455e-16 9.12043e-21 3.9524e-26
 2.07113e-41 2.87459e-33 4.82273e-26 9.7804e-20 2.39755e-14 7.10438e-10 2.54467e-06 0.00110176 0.0576615 0.36479 0.280644 0.068636 0.132053 0.0594072 0.0259947 0.00821029 0.00135414 0.000137827 6.25619e-06 1.10788e-07 5.353e-10 4.83448e-13 6.94966e-17 1.4901e-21 4.57983e-27
 1.90734e-41 2.64726e-33 4.44132e-26 9.00692e-20 2.20794e-14 6.54253e-10 2.34343e-06 0.00101462 0.0531013 0.335947 0.259509 0.0844187 0.170847 0.0669414 0.0203528 0.00646428 0.00127793 0.000119338 4.54064e-06 5.62467e-08 1.83901e-10 1.26108e-13 1.4459e-17 2.43188e-22 5.66307e-28
 1.97903e-41 2.74677e-33 4.60828e-26 9.34549e-20 2.29094e-14 6.78846e-10 2.43152e-06 0.00105276 0.0550974 0.348577 0.269324 0.083425 0.151732 0.0600413 0.0236483 0.0060693 0.000935902 9.10793e-05 3.23061e-06 3.17345e-08 7.28508e-11 3.3296e-14 2.66144e-18 3.30927e-23 5.85191e-29
 1.68139e-41 2.33366e-33 3.91521e-26 7.93996e-20 1.94639e-14 5.7675e-10 2.06582e-06 0.000894431 0.046811 0.296167 0.230989 0.108387 0.205858 0.075323 0.0271891 0.00717639 0.00111606 8.36847e-05 2.62718e-06 2.27866e-08 4.09048e-11 1.33377e-14 7.2144e-19 6.02658e-24 7.34617e-30
 1.54737e-41 2.14766e-33 3.60314e-26 7.30709e-20 1.79125e-14 5.30779e-10 1.90116e-06 0.000823139 0.0430798 0.272573 0.214005 0.117623 0.212499 0.08645 0.0415 0.00990501 0.00143606 0.000101544 2.52668e-06 1.74716e-08 2.57835e-11 6.56835e-15 2.60527e-19 1.52467e-24 1.26788e-30
 1.77726e-41 2.46672e-33 4.13844e-26 8.39267e-20 2.05737e-14 6.09635e-10 2.18361e-06 0.000945429 0.04948 0.313064 0.244629 0.10614 0.166346 0.0705235 0.0368842 0.0102918 0.00159173 9.94437e-05 2.13339e-06 1.15559e-08 1.28598e-11 2.5207e-15 7.69143e-20 3.37538e-25 2.04062e-31
 1.75058e-41 2.4297e-33 4.07632e-26 8.26669e-20 2.02648e-14 6.00484e-10 2.15084e-06 0.000931238 0.0487373 0.308383 0.242649 0.121426 0.178496 0.0634126 0.0267838 0.00777062 0.00132165 8.50279e-05 1.5806e-06 6.91554e-09 5.90697e-12 8.54522e-16 1.91509e-20 6.23353e-26 2.80552e-32
 1.76399e-41 2.44831e-33 4.10754e-26 8.33001e-20 2.04201e-14 6.05083e-10 2.16731e-06 0.00093837 0.0491106 0.31076 0.245545 0.12662 0.171575 0.0629033 0.0257325 0.00584904 0.000902741 5.89829e-05 1.04082e-06 3.83913e-09 2.56456e-12 2.8011e-16 4.62048e-21 1.0889e-26 3.5328e-33
 1.72257e-41 2.39082e-33 4.01109e-26 8.13441e-20 1.99406e-14 5.90875e-10 2.11642e-06 0.000916336 0.0479575 0.303491 0.241801 0.138073 0.174431 0.0626798 0.0246098 0.00533491 0.000666895 3.63735e-05 5.83802e-07 1.89938e-09 1.04346e-12 8.8413e-17 1.09347e-21 1.89647e-27 4.47107e-34
 1.8185e-41 2.52396e-33 4.23447e-26 8.58743e-20 2.10511e-14 6.23782e-10 2.23428e-06 0.000967368 0.0506283 0.320405 0.255376 0.135224 0.154351 0.0566835 0.0215015 0.00435636 0.000483343 2.0895e-05 2.63439e-07 7.08623e-10 3.22629e-13 2.19899e-17 2.11185e-22 2.7626e-28 4.8151e-35
 1.77397e-41 2.46215e-33 4.13077e-26 8.37711e-20 2.05355e-14 6.08505e-10 2.17956e-06 0.000943676 0.0493885 0.312607 0.252026 0.149647 0.158884 0.0539135 0.0186059 0.00361159 0.000357505 1.27817e-05 1.22887e-07 2.47574e-10 8.66858e-14 4.62581e-18 3.47267e-23 3.5062e-29 4.64092e-36
 1.7931e-41 2.48871e-33 4.17532e-26 8.46747e-20 2.0757e-14 6.15068e-10 2.20307e-06 0.000953854 0.0499213 0.316019 0.256393 0.153371 0.150382 0.052813 0.0169981 0.002887 0.000251753 7.5533e-06 5.67668e-08 8.48688e-11 2.1611e-14 8.44648e-19 4.71599e-24 3.58038e-30 3.57671e-37
 1.80431e-41 2.50427e-33 4.20143e-26 8.52041e-20 2.08868e-14 6.18914e-10 2.21685e-06 0.000959819 0.0502336 0.318054 0.260376 0.16045 0.144631 0.0483769 0.014468 0.00227802 0.000166771 4.08041e-06 2.42174e-08 2.73874e-11 5.10634e-15 1.43498e-19 5.73159e-25 3.12535e-31 2.26023e-38
 1.81858e-41 2.52407e-33 4.23465e-26 8.58778e-20 2.10519e-14 6.23807e-10 2.23438e-06 0.000967408 0.0506309 0.320637 0.264768 0.164981 0.137595 0.0459139 0.0126088 0.00178092 0.000112185 2.19634e-06 1.00397e-08 8.59438e-12 1.18929e-15 2.43511e-20 6.99085e-26 2.71694e-32 1.3951e-39
 1.7579e-41 2.43985e-33 4.09336e-26 8.30124e-20 2.03495e-14 6.02994e-10 2.15982e-06 0.00093513 0.048942 0.310071 0.26109 0.179492 0.140398 0.0458253 0.0116758 0.00148857 7.90533e-05 1.24398e-06 4.35583e-09 2.7756e-12 2.82802e-16 4.23448e-21 8.82307e-27 2.46984e-33 9.07493e-41
 1.66833e-41 2.31553e-33 3.88478e-26 7.87826e-20 1.93126e-14 5.72268e-10 2.04977e-06 0.000887481 0.0464488 0.294459 0.254478 0.195116 0.145863 0.049507 0.0118239 0.00135291 6.06481e-05 7.59836e-07 2.03639e-09 9.66533e-13 7.20174e-17 7.81269e-22 1.17497e-27 2.36919e-34 6.25699e-42
 1.66243e-41 2.30734e-33 3.87105e-26 7.85041e-20 1.92443e-14 5.70245e-10 2.04253e-06 0.000884344 0.0462852 0.293573 0.257295 0.197559 0.140873 0.0505091 0.0117335 0.00123829 4.68231e-05 4.66681e-07 9.5439e-10 3.36916e-13 1.83862e-17 1.44562e-22 1.56442e-28 2.26009e-35 4.26743e-43
 1.70026e-41 2.35985e-33 3.95914e-26 8.02905e-20 1.96823e-14 5.83222e-10 2.089e-06 0.000904468 0.0473383 0.300208 0.261211 0.192071 0.137075 0.0485748 0.0113771 0.00119476 4.18381e-05 3.63027e-07 6.23247e-10 1.811e-13 8.04055e-18 5.10774e-23 4.44663e-29 5.15197e-36 7.78308e-44
#spawning biomass
 7322.98 6487.53 8061.83 11490.6 15786.1 18649.1 17293.6 21740 32860.7 48361.6 61272.7 77993.9 100402 124544 127673 107946 97693.4 102438 101439 100899 96093.1 104013 96940.7 110173 120708 122475 117928 119890 145426 364480 513840 528726 484455 415097 342323 277367 224367 183510 153204 131330 115853 105060 97599.7 92451.2 88932.2 86595.6 85044.1 84013.9 83329.9 82875.7 82574.2 82373.9 82241 82152.7 82094.1 82055.2 82029.3 82012.2 82000.8 81993.2 81988.2 81984.8 81982.6 81981.1 81980.2 81979.5 81979.1 81978.8 81978.6 81978.5 81978.4 81978.4 81978.3 81978.3 81978.3 81978.3 81978.3 81978.3 81978.2 81978.2 81978.2 81978.2 81978.2 81978.2 81978.2 81978.2 81978.2 81978.2 81978.2 81978.2 81978.2 81978.2 81978.2 81978.2 81978.2 81978.2 81978.2 81978.2 81978.2 81978.2 81978.2 81978.2 81978.2 81978.2 81978.2 81978.2 81978.2 81978.2 81978.2 81978.2 81978.2 81978.2 81978.2 81978.2 81978.2 81978.2 81978.2 81978.2 81978.2 81978.2 81978.2 81978.2 81978.2 81978.2 81978.2 81978.2 81978.2 81978.2 81978.2 0 0 0 0 0 0 0 0 0 0 0 0 0 0 0 0 0 0 0 0 0 0 0 0 0
