SBPRF35
0.178135
Curr Bio
182338
B35
200522
F35
0.910423
FOFL
0.910423
OFL
67879.5
Bzero
50895.7
#pred survey bio
 3961.43 5422.84 8862.99 15088.9 26367.2 34376.2 30545.1 35065.6 59842.1 89156.8 97646.5 105982 166152 203364 201242 164381 142591 150308 156671 165311 165270 161487 178870 212152 192625 198609 173833 217043 5.59143e+06 4.91099e+06 2.91533e+06 1.55576e+06 956407 705843 594322 539308 509478 492245 481943 475687 471865 469525 468087 467199 466666 466347 466154 466039 465969 465927 465901 465886 465877 465871 465868 465866 465864 465864 465863 465863 465863 465863 465863 465863 465862 465862 465862 465862 465862 465862 465862 465862 465862 465862 465862 465862 465862 465862 465862 465862 465862 465862 465862 465862 465862 465862 465862 465862 465862 465862 465862 465862 465862 465862 465862 465862 465862 465862 465862 465862 465862 465862 465862 465862 465862 465862 465862 465862 465862 465862 465862 465862 465862 465862 465862 465862 465862 465862 465862 465862 465862 465862 465862 465862 465862 465862 465862 465862 0 0 0 0 0 0 0 0 0 0 0 0 0 0 0 0 0 0 0 0 0 0 0 0 0
#obs survey bio
 3138.05 6251.43 7656.47 16268.5 19977.7 36637 22334.6 31275.8 43751.4 57500.8 67423.8 98504.3 160596 138748 147773 106299 90256.7 123574 102897 149545 116911 144241 163958 170629 161998 184071 92925.8 169591
#pred catch bio
 1431.51 2079.23 3198.06 5701.5 9580.12 16390.9 15675.6 14356.3 24659 45184.3 55056.3 47147.3 82867.1 107125 118544 96956.4 75898.2 84184 88079.6 96514.5 100617 94146.4 96528.6 136950 113845 130894 94631.7 116579 67879.5 90421.8 54008.7 23757.5 12059.3 8301.33 7189.04 6876.32 6791.5 6769.09 6763.28 6761.8 6761.43 6761.33 6761.31 6761.3 6761.3 6761.3 6761.3 6761.3 6761.3 6761.3 6761.3 6761.3 6761.3 6761.3 6761.3 6761.3 6761.3 6761.3 6761.3 6761.3 6761.3 6761.3 6761.3 6761.3 6761.3 6761.3 6761.3 6761.3 6761.3 6761.3 6761.3 6761.3 6761.3 6761.3 6761.3 6761.3 6761.3 6761.3 6761.3 6761.3 6761.3 6761.3 6761.3 6761.3 6761.3 6761.3 6761.3 6761.3 6761.3 6761.3 6761.3 6761.3 6761.3 6761.3 6761.3 6761.3 6761.3 6761.3 6761.3 6761.3 6761.3 6761.3 6761.3 6761.3 6761.3 6761.3 6761.3 6761.3 6761.3 6761.3 6761.3 6761.3 6761.3 6761.3 6761.3 6761.3 6761.3 6761.3 6761.3 6761.3 6761.3 6761.3 6761.3 6761.3 6761.3 6761.3 6761.3 6761.3 0 0 0 0 0 0 0 0 0 0 0 0 0 0 0 0 0 0 0 0 0 0 0 0 0
#obs catch bio
 2326.62 2141.96 2982.33 5309.88 8757.92 15167.5 16410.5 13566.4 22913.5 43964.8 52585.6 44425.7 79342.3 102838 118323 97308 70515 78242.4 86666.3 87342 96363.1 84436.2 85728.1 126660 100223 119490 91718.4 112864
#pred cpue bio
 2564.24 2873.95 4305.19 7395.4 12550.6 19380.3 18367.7 17311.9 27918.5 44463.9 50697.3 50871.1 77921.7 101319 107192 87412.4 73395.7 76627.8 77304.4 81073.7 80668.3 76746.3 83441.9 101817 89553.1 94926.2 80336.2 101046 2.77059e+06 3.81002e+06 2.68534e+06 1.40766e+06 812720 562382 450873 395860 366030 348797 338496 332239 328417 326077 324639 323751 323219 322899 322707 322591 322521 322479 322453 322438 322429 322423 322420 322418 322417 322416 322415 322415 322415 322415 322415 322415 322415 322415 322415 322415 322415 322415 322415 322415 322415 322415 322415 322415 322415 322415 322415 322415 322415 322415 322415 322415 322415 322415 322415 322415 322415 322415 322415 322415 322415 322415 322415 322415 322415 322415 322415 322415 322415 322415 322415 322415 322415 322415 322415 322415 322415 322415 322415 322415 322415 322415 322415 322415 322415 322415 322415 322415 322415 322415 322415 322415 322415 322415 322415 322415 0 0 0 0 0 0 0 0 0 0 0 0 0 0 0 0 0 0 0 0 0 0 0 0 0
#obs cpue bio
 4053.37 2614.58 7763.29 10204.1 21511.1 20001 20579.4 29063.4 47668.5 69743.8 96147.4 66929.2 96908.4 156741 148444 136916 162702 130488 109864 161377 121173 150087 140397 173482 176076 147509 131100 178405
#pred surv len freq
 1.60638e-11 1.74357e-09 1.11588e-07 4.21099e-06 9.36997e-05 0.00122938 0.00951154 0.0434072 0.117024 0.187801 0.186186 0.132635 0.094208 0.072802 0.0501328 0.0318912 0.0209642 0.014166 0.00991936 0.00733455 0.00581771 0.00500416 0.0044131 0.0034373 0.00201659
 1.78374e-11 1.93607e-09 1.23908e-07 4.67592e-06 0.000104045 0.00136511 0.0105615 0.0481955 0.129887 0.208068 0.204498 0.140856 0.0933126 0.0674956 0.042861 0.023544 0.0126689 0.00673795 0.00362026 0.00210513 0.00136636 0.00100166 0.000798051 0.000597632 0.000350786
 1.83231e-11 1.98879e-09 1.27283e-07 4.80325e-06 0.000106878 0.00140228 0.0108491 0.0495074 0.133417 0.213679 0.209798 0.143887 0.0942343 0.0667303 0.040307 0.0198414 0.00913134 0.004028 0.00166743 0.000693444 0.000316383 0.000171266 0.000111039 7.50001e-05 4.24414e-05
 1.79932e-11 1.95299e-09 1.24991e-07 4.71678e-06 0.000104954 0.00137704 0.0106539 0.0486182 0.131042 0.210053 0.207074 0.144268 0.0975146 0.0705465 0.0427606 0.0208455 0.00929456 0.00380624 0.00136109 0.000445103 0.000142643 4.91107e-05 2.08752e-05 1.09435e-05 5.56481e-06
 1.85114e-11 2.00924e-09 1.28591e-07 4.85262e-06 0.000107977 0.00141669 0.0109606 0.0500154 0.134777 0.215781 0.211505 0.144098 0.0930916 0.0653217 0.0394281 0.0194091 0.00875302 0.00357699 0.00124303 0.000375469 0.000101264 2.50561e-05 6.31625e-06 1.94278e-06 7.28597e-07
 1.48694e-11 1.61393e-09 1.03291e-07 3.8979e-06 8.67332e-05 0.00113799 0.00880497 0.0401945 0.108526 0.175478 0.180169 0.144762 0.123404 0.101683 0.0634641 0.0307084 0.013466 0.00544267 0.00190076 0.000575325 0.000150853 3.37228e-05 6.53381e-06 1.19053e-06 2.42519e-07
 1.40625e-11 1.52635e-09 9.7686e-08 3.68637e-06 8.20264e-05 0.00107623 0.00832723 0.0380153 0.102664 0.166181 0.171486 0.140117 0.12282 0.104913 0.0708621 0.0399858 0.0204799 0.0088002 0.00302287 0.000878815 0.000224297 4.9162e-05 9.00741e-06 1.36663e-06 1.78586e-07
 1.85137e-11 2.00949e-09 1.28607e-07 4.85322e-06 0.00010799 0.00141687 0.0109619 0.0500199 0.134769 0.215608 0.210582 0.141494 0.0890506 0.062436 0.0400611 0.0226646 0.012047 0.00562523 0.00219432 0.000715908 0.000191165 4.13501e-05 7.33983e-06 1.06469e-06 1.23707e-07
 1.86669e-11 2.02611e-09 1.29671e-07 4.89337e-06 0.000108884 0.00142859 0.0110526 0.0504353 0.135906 0.217573 0.213179 0.144994 0.0931809 0.064593 0.0377856 0.0174192 0.00739817 0.00311388 0.00122696 0.000432502 0.000129428 3.13139e-05 5.94288e-06 8.71396e-07 9.83434e-08
 1.73917e-11 1.8877e-09 1.20812e-07 4.55909e-06 0.000101445 0.001331 0.0102979 0.0469967 0.126716 0.203475 0.202278 0.145428 0.104147 0.0777263 0.0465117 0.021446 0.00877133 0.00328369 0.00106114 0.000309749 8.61501e-05 2.16879e-05 4.52325e-06 7.31137e-07 8.80646e-08
 1.65833e-11 1.79996e-09 1.15197e-07 4.34718e-06 9.67303e-05 0.00126915 0.00981941 0.0448169 0.120889 0.194522 0.195285 0.145472 0.110728 0.0857399 0.0519891 0.0241984 0.00996483 0.00369291 0.0011354 0.000293172 6.69818e-05 1.3846e-05 2.59896e-06 4.22412e-07 5.44839e-08
 1.80832e-11 1.96276e-09 1.25616e-07 4.74037e-06 0.000105479 0.00138392 0.0107072 0.0488615 0.131701 0.211127 0.208221 0.145284 0.0983705 0.0708328 0.0420172 0.0193933 0.00792337 0.0029088 0.000880652 0.000220617 4.73813e-05 8.67414e-06 1.35339e-06 1.82745e-07 2.11493e-08
 1.85266e-11 2.01088e-09 1.28696e-07 4.85659e-06 0.000108065 0.00141785 0.0109696 0.0500569 0.134894 0.216018 0.211967 0.145012 0.0943826 0.0661819 0.039109 0.0182305 0.00759413 0.00285963 0.000896692 0.000233934 5.15174e-05 9.36174e-06 1.38528e-06 1.66877e-07 1.63593e-08
 1.71622e-11 1.8628e-09 1.19219e-07 4.49894e-06 0.000100107 0.00131345 0.0101621 0.0463788 0.125072 0.201016 0.200681 0.146508 0.107646 0.081098 0.0476517 0.020768 0.0077951 0.00271682 0.000820767 0.000211194 4.68419e-05 8.70801e-06 1.31454e-06 1.57432e-07 1.46683e-08
 1.59759e-11 1.73403e-09 1.10978e-07 4.18795e-06 9.31872e-05 0.00122266 0.0094599 0.043179 0.116511 0.187807 0.190091 0.145673 0.115937 0.0919627 0.0560931 0.026075 0.0106294 0.00382806 0.00110862 0.000260778 5.31872e-05 9.45444e-06 1.41386e-06 1.71201e-07 1.61527e-08
 1.60678e-11 1.74401e-09 1.11616e-07 4.21206e-06 9.37236e-05 0.0012297 0.00951432 0.0434268 0.117172 0.188809 0.190811 0.145458 0.114862 0.0908108 0.0555039 0.0260125 0.01077 0.00397061 0.00119049 0.000289784 5.88996e-05 9.87857e-06 1.36017e-06 1.54515e-07 1.41745e-08
 1.67555e-11 1.81865e-09 1.16393e-07 4.39233e-06 9.77348e-05 0.00128232 0.00992134 0.0452813 0.12213 0.19643 0.196777 0.145469 0.109341 0.0840607 0.0508647 0.0236483 0.00971093 0.00357104 0.0010775 0.000266874 5.57927e-05 9.63404e-06 1.33638e-06 1.46833e-07 1.26389e-08
 1.70347e-11 1.84896e-09 1.18333e-07 4.46551e-06 9.93632e-05 0.00130369 0.0100866 0.0460339 0.124139 0.199494 0.199059 0.145086 0.106507 0.0809199 0.0491268 0.0232167 0.00976646 0.00366768 0.00112887 0.000286205 6.13156e-05 1.0862e-05 1.5515e-06 1.75232e-07 1.52487e-08
 1.74924e-11 1.89863e-09 1.21512e-07 4.58548e-06 0.000102033 0.00133871 0.0103575 0.0472685 0.127446 0.20462 0.203287 0.145802 0.103915 0.0771488 0.0457457 0.0206516 0.00817546 0.0029527 0.000897709 0.000228054 4.9367e-05 8.89548e-06 1.29884e-06 1.50418e-07 1.3443e-08
 1.74864e-11 1.89798e-09 1.21471e-07 4.58393e-06 0.000101998 0.00133826 0.010354 0.0472529 0.127408 0.204591 0.203413 0.146294 0.104718 0.077731 0.0456298 0.0200261 0.0075648 0.00260004 0.000748868 0.000178825 3.68809e-05 6.51111e-06 9.51652e-07 1.11662e-07 1.01784e-08
 1.74948e-11 1.89889e-09 1.21529e-07 4.58612e-06 0.000102047 0.0013389 0.0103589 0.0472756 0.127471 0.204709 0.203605 0.146622 0.105154 0.0779958 0.045465 0.0195637 0.00714117 0.00236349 0.000651152 0.00014591 2.78599e-05 4.56155e-06 6.26887e-07 7.08876e-08 6.38933e-09
 1.79002e-11 1.94289e-09 1.24345e-07 4.69239e-06 0.000104411 0.00136992 0.0105989 0.048369 0.130396 0.209217 0.207197 0.146835 0.102217 0.0742352 0.0426599 0.0178946 0.00625801 0.00198338 0.000524423 0.000111351 1.98602e-05 3.01386e-06 3.81244e-07 3.96836e-08 3.33764e-09
 1.82364e-11 1.97938e-09 1.2668e-07 4.78051e-06 0.000106372 0.00139565 0.0107978 0.0492754 0.132818 0.212929 0.210047 0.146657 0.0992398 0.0707571 0.0404846 0.0170109 0.00596994 0.00189035 0.000494285 0.00010236 1.75637e-05 2.5342e-06 3.00706e-07 2.89911e-08 2.24271e-09
 1.77976e-11 1.93176e-09 1.23632e-07 4.6655e-06 0.000103813 0.00136207 0.0105382 0.0480922 0.129654 0.208059 0.206205 0.146552 0.102613 0.0749613 0.0434793 0.0186508 0.00676761 0.00221187 0.000593178 0.000126054 2.20689e-05 3.18659e-06 3.69715e-07 3.41625e-08 2.49196e-09
 1.81279e-11 1.96761e-09 1.25927e-07 4.75208e-06 0.00010574 0.00138734 0.0107337 0.0489834 0.132043 0.211784 0.209382 0.147414 0.101265 0.0725772 0.0408702 0.016294 0.00519029 0.00150137 0.000374277 7.56434e-05 1.27531e-05 1.81013e-06 2.0958e-07 1.92968e-08 1.38282e-09
 1.77321e-11 1.92465e-09 1.23178e-07 4.64834e-06 0.000103431 0.00135706 0.0104994 0.0479161 0.129187 0.20738 0.205856 0.147155 0.104061 0.0762255 0.0436871 0.0180452 0.00611063 0.00185139 0.00045814 8.72306e-05 1.34777e-05 1.77076e-06 1.94661e-07 1.74054e-08 1.2316e-09
 1.82004e-11 1.97547e-09 1.2643e-07 4.77107e-06 0.000106162 0.00139289 0.0107766 0.0491789 0.132566 0.212594 0.210041 0.147498 0.100811 0.0719563 0.0403585 0.0159389 0.00497383 0.0013959 0.000333641 6.29097e-05 9.58545e-06 1.20707e-06 1.23026e-07 1.00604e-08 6.60162e-10
 1.83224e-11 1.98872e-09 1.27278e-07 4.80307e-06 0.000106874 0.00140223 0.0108488 0.0495073 0.133435 0.213861 0.210693 0.146383 0.0981335 0.0696541 0.0400617 0.0171391 0.00617847 0.00197526 0.00050216 9.6701e-05 1.48776e-05 1.8902e-06 1.93443e-07 1.55843e-08 9.76872e-10
#obs surv len freq
 1.28514e-11 1.3949e-09 8.92735e-08 3.36891e-06 7.49627e-05 0.000983564 0.00761054 0.0347503 0.0939286 0.152616 0.15981 0.135783 0.12495 0.111983 0.0819932 0.0507841 0.0272366 0.0119373 0.00414378 0.00113198 0.000237753 3.71151e-05 4.16937e-06 3.26931e-07 1.73989e-08
 1.84038e-11 1.99756e-09 1.27843e-07 4.82441e-06 0.000107349 0.00140846 0.010897 0.0497264 0.134002 0.214498 0.209718 0.140753 0.0877892 0.0620736 0.0422106 0.0254101 0.0132713 0.00563752 0.00188537 0.000492697 9.82866e-05 1.44689e-05 1.52238e-06 1.11168e-07 5.48497e-09
 1.55955e-11 1.69275e-09 1.08336e-07 4.08825e-06 9.09691e-05 0.00119358 0.00923539 0.042165 0.113893 0.184335 0.189164 0.149322 0.120633 0.0937474 0.0557858 0.0253417 0.0100172 0.00361571 0.00111812 0.000277258 5.24877e-05 7.28984e-06 7.19132e-07 4.89651e-08 2.24244e-09
 1.8066e-11 1.96089e-09 1.25497e-07 4.73587e-06 0.000105379 0.00138263 0.0106974 0.0488232 0.131654 0.211325 0.208921 0.145248 0.0955918 0.0676418 0.0426584 0.0222772 0.00955356 0.00315812 0.000780377 0.000150277 2.34465e-05 2.87935e-06 2.60662e-07 1.64638e-08 6.99551e-10
 1.6645e-11 1.80666e-09 1.15626e-07 4.36338e-06 9.7091e-05 0.0012739 0.00985693 0.0450013 0.121521 0.1963 0.199239 0.150587 0.112366 0.0824062 0.047982 0.0216549 0.00824167 0.00264959 0.000671564 0.000127733 1.7784e-05 1.79519e-06 1.31549e-07 6.95274e-09 2.58e-10
 7.24458e-12 7.86331e-10 5.03252e-08 1.89913e-06 4.226e-05 0.000554578 0.00429456 0.019679 0.0540305 0.0937149 0.122251 0.1562 0.188359 0.170134 0.10863 0.0529943 0.020915 0.00643168 0.00147611 0.00025393 3.29633e-05 3.14673e-06 2.12311e-07 9.83331e-09 3.07794e-10
 1.59606e-11 1.73237e-09 1.10872e-07 4.18395e-06 9.30985e-05 0.00122151 0.00945119 0.0431407 0.116381 0.18707 0.185715 0.131005 0.0921418 0.0795714 0.0691848 0.0489285 0.0248803 0.00869018 0.00210783 0.000364152 4.51299e-05 3.96726e-06 2.43721e-07 1.03063e-08 2.9441e-10
 1.80127e-11 1.95511e-09 1.25127e-07 4.7219e-06 0.000105069 0.00137858 0.0106669 0.0486979 0.131459 0.211836 0.211994 0.151119 0.0997927 0.0658337 0.0369014 0.0176618 0.0080428 0.00326114 0.00100153 0.000211404 2.95973e-05 2.72906e-06 1.6607e-07 6.67422e-09 1.76409e-10
 1.59379e-11 1.72991e-09 1.10714e-07 4.17802e-06 9.29675e-05 0.00121984 0.00943997 0.0431214 0.116688 0.189917 0.197367 0.156649 0.120599 0.0863162 0.0481222 0.0205928 0.00718578 0.00207675 0.000495572 9.6627e-05 1.43893e-05 1.49272e-06 1.01367e-07 4.37756e-09 1.18929e-10
 1.47065e-11 1.59625e-09 1.0216e-07 3.85522e-06 8.57852e-05 0.00112563 0.00871179 0.0398113 0.107903 0.176685 0.187455 0.156458 0.128137 0.0963753 0.057337 0.0267264 0.00982307 0.00271927 0.000549389 8.22683e-05 9.38572e-06 8.13292e-07 5.13019e-08 2.22106e-09 6.27307e-11
 1.42398e-11 1.54559e-09 9.89179e-08 3.73288e-06 8.30633e-05 0.00108994 0.00843618 0.0385625 0.104621 0.17188 0.184114 0.156496 0.130224 0.0991904 0.0605567 0.0294053 0.0112896 0.00325669 0.000678776 0.00010074 1.05373e-05 7.69042e-07 3.89978e-08 1.37041e-09 3.29834e-11
 1.67313e-11 1.81603e-09 1.16226e-07 4.38602e-06 9.75962e-05 0.00128059 0.00991043 0.0452728 0.12249 0.198935 0.204009 0.154005 0.109182 0.0759135 0.045253 0.0220134 0.00851969 0.00249192 0.000530829 8.07122e-05 8.5683e-06 6.19635e-07 2.99271e-08 9.52759e-10 1.98263e-11
 1.52887e-11 1.65944e-09 1.06204e-07 4.00786e-06 8.91828e-05 0.00117026 0.00905861 0.0414164 0.112415 0.18473 0.196917 0.162672 0.126482 0.0877628 0.047647 0.0202597 0.00699717 0.00191684 0.000396347 5.95305e-05 6.28758e-06 4.53139e-07 2.17355e-08 6.8055e-10 1.36978e-11
 1.29229e-11 1.40266e-09 8.97706e-08 3.38771e-06 7.53852e-05 0.000989304 0.00766055 0.0350705 0.0956536 0.159916 0.179789 0.16598 0.144924 0.108075 0.0620909 0.0275115 0.00938154 0.00237655 0.000437932 5.8712e-05 5.67996e-06 3.85684e-07 1.77624e-08 5.38863e-10 1.05355e-11
 1.22948e-11 1.33449e-09 8.54074e-08 3.22307e-06 7.17224e-05 0.000941276 0.00728969 0.033388 0.0911936 0.153076 0.173742 0.162921 0.145345 0.112949 0.0696575 0.0334568 0.012124 0.003172 0.000585563 7.56821e-05 6.78654e-06 4.16715e-07 1.7279e-08 4.76721e-10 8.60561e-12
 1.36604e-11 1.48271e-09 9.48938e-08 3.58106e-06 7.96883e-05 0.00104579 0.00809814 0.0370708 0.101018 0.167985 0.184669 0.161246 0.133178 0.0996457 0.0612012 0.0298667 0.0111644 0.00305073 0.000589937 7.89082e-05 7.1469e-06 4.30325e-07 1.69905e-08 4.3539e-10 7.17727e-12
 1.35127e-11 1.46668e-09 9.3868e-08 3.54237e-06 7.8829e-05 0.00103459 0.00801319 0.0367091 0.100266 0.167884 0.187614 0.167394 0.137845 0.0987415 0.0565464 0.0257113 0.00916003 0.00245273 0.000474538 6.42529e-05 5.91087e-06 3.60002e-07 1.42265e-08 3.59344e-10 5.73663e-12
 1.39858e-11 1.51803e-09 9.71543e-08 3.6664e-06 8.15897e-05 0.00107084 0.00829442 0.0380001 0.103781 0.173501 0.192373 0.167889 0.134231 0.0942099 0.0530391 0.0233308 0.00784222 0.00195099 0.000351332 4.4933e-05 3.97539e-06 2.36143e-07 9.17211e-09 2.28198e-10 3.58082e-12
 1.42244e-11 1.54393e-09 9.88122e-08 3.72899e-06 8.29838e-05 0.0010892 0.00843783 0.0386726 0.105723 0.177101 0.19672 0.170686 0.133434 0.0903934 0.0487678 0.020479 0.0065634 0.00155005 0.000262226 3.11506e-05 2.54665e-06 1.40204e-07 5.08986e-09 1.19531e-10 1.78553e-12
 1.41647e-11 1.53745e-09 9.83977e-08 3.71338e-06 8.26385e-05 0.00108474 0.00840507 0.0385451 0.105538 0.177437 0.198368 0.172911 0.134313 0.0895139 0.0471915 0.0191749 0.00587947 0.00131692 0.000209977 2.33781e-05 1.78065e-06 9.07949e-08 3.03906e-09 6.56848e-11 9.04146e-13
 1.43856e-11 1.56143e-09 9.99326e-08 3.77133e-06 8.393e-05 0.00110176 0.00853822 0.0391701 0.10733 0.180629 0.201723 0.174148 0.132522 0.0862959 0.0444379 0.0175412 0.00518031 0.00110784 0.000167222 1.74849e-05 1.24261e-06 5.88325e-08 1.82175e-09 3.63149e-11 4.59858e-13
 1.47701e-11 1.60317e-09 1.02604e-07 3.87218e-06 8.61763e-05 0.00113131 0.00876832 0.0402363 0.110293 0.185567 0.206302 0.175166 0.129375 0.0815269 0.0406319 0.0154767 0.00439301 0.000899447 0.000129309 1.2792e-05 8.54085e-07 3.77531e-08 1.08585e-09 2.0026e-11 2.33935e-13
 1.45616e-11 1.58054e-09 1.01157e-07 3.81761e-06 8.49658e-05 0.00111556 0.00864947 0.0397302 0.109185 0.184814 0.207811 0.178518 0.131452 0.0809504 0.0388778 0.0141419 0.00381485 0.000740539 0.000100711 9.39695e-06 5.89804e-07 2.44217e-08 6.55552e-10 1.12428e-11 1.21726e-13
 1.4545e-11 1.57874e-09 1.01042e-07 3.81336e-06 8.48749e-05 0.0011145 0.00864373 0.0397322 0.109365 0.185683 0.209575 0.179972 0.131296 0.0796429 0.0375047 0.0132435 0.00342129 0.000628584 8.02635e-05 6.99902e-06 4.0959e-07 1.57933e-08 3.94384e-10 6.28488e-12 6.31426e-14
 1.4419e-11 1.56507e-09 1.00168e-07 3.78045e-06 8.41473e-05 0.00110511 0.00857432 0.0394512 0.108834 0.185624 0.210958 0.181932 0.131926 0.0788241 0.0363872 0.0125313 0.00313677 0.000554279 6.74827e-05 5.55799e-06 3.04591e-07 1.09288e-08 2.52946e-10 3.72808e-12 3.46059e-14
 1.3199e-11 1.43266e-09 9.16955e-08 3.46088e-06 7.70461e-05 0.00101228 0.00786293 0.0362876 0.100897 0.175395 0.207163 0.18839 0.141924 0.0854014 0.0388377 0.0130081 0.00314049 0.000532166 6.183e-05 4.8349e-06 2.50173e-07 8.42732e-09 1.82139e-10 2.49494e-12 2.1442e-14
 1.33611e-11 1.45025e-09 9.28222e-08 3.50348e-06 7.79984e-05 0.0010249 0.00796249 0.0367565 0.102198 0.177335 0.208023 0.186807 0.139609 0.0845093 0.0389203 0.0130852 0.00311502 0.000511783 5.69583e-05 4.23192e-06 2.06886e-07 6.55656e-09 1.32846e-10 1.70047e-12 1.36153e-14
 1.34787e-11 1.46304e-09 9.36421e-08 3.53458e-06 7.86984e-05 0.00103433 0.00804003 0.037156 0.103529 0.180203 0.211665 0.188531 0.137734 0.080829 0.0361036 0.0118342 0.00276164 0.000445298 4.83988e-05 3.47864e-06 1.62755e-07 4.89017e-09 9.3274e-11 1.11837e-12 8.35886e-15
#pred catch len freq
 1.05519e-11 1.14531e-09 7.32996e-08 2.7661e-06 6.15494e-05 0.000807572 0.00624884 0.0285352 0.077173 0.125816 0.13405 0.120493 0.118997 0.10988 0.0821416 0.056265 0.0390315 0.0270394 0.0191308 0.0142025 0.0112798 0.0097057 0.00855995 0.0066673 0.00391158
 1.32587e-11 1.4391e-09 9.21025e-08 3.47566e-06 7.7338e-05 0.00101472 0.00785138 0.0358452 0.0968342 0.156993 0.163168 0.136315 0.12296 0.106589 0.0728529 0.0425604 0.0241393 0.0131967 0.007179 0.00419747 0.0027296 0.00200204 0.00159524 0.00119464 0.000701208
 1.39642e-11 1.51568e-09 9.70036e-08 3.66062e-06 8.14535e-05 0.00106872 0.00826915 0.0377518 0.101976 0.165257 0.171411 0.142238 0.126727 0.107511 0.069553 0.0362162 0.0176319 0.00804021 0.00337946 0.00141618 0.000648304 0.000351324 0.000227835 0.000153895 8.70873e-05
 1.3628e-11 1.47919e-09 9.46676e-08 3.57246e-06 7.9492e-05 0.00104298 0.00807014 0.0368455 0.0995586 0.161587 0.168764 0.142992 0.130674 0.111975 0.0723267 0.0371753 0.0174879 0.00739285 0.00268286 0.000884446 0.000284661 9.81842e-05 4.17591e-05 2.18943e-05 1.11336e-05
 1.42663e-11 1.54847e-09 9.91021e-08 3.73981e-06 8.32155e-05 0.00109184 0.00844796 0.0385668 0.104158 0.16864 0.174204 0.142732 0.125154 0.105509 0.068289 0.0355289 0.0169083 0.00712826 0.00251279 0.000765027 0.000207239 5.13849e-05 1.2965e-05 3.98911e-06 1.49614e-06
 1.03767e-11 1.12629e-09 7.20825e-08 2.72017e-06 6.05277e-05 0.000794181 0.00614581 0.0280782 0.0761237 0.125606 0.140783 0.143564 0.157713 0.144457 0.0938871 0.0474073 0.0217944 0.00906742 0.00320847 0.000977758 0.000257297 5.7615e-05 1.11714e-05 2.03623e-06 4.1485e-07
 9.60668e-12 1.04271e-09 6.67335e-08 2.51832e-06 5.60362e-05 0.00073525 0.00568984 0.0259967 0.0705024 0.11651 0.131427 0.136188 0.15267 0.144573 0.102217 0.0604199 0.0321556 0.0140833 0.00488191 0.00142777 0.000365749 8.03069e-05 1.47247e-05 2.23479e-06 2.92072e-07
 1.44316e-11 1.56642e-09 1.0025e-07 3.78314e-06 8.41797e-05 0.00110448 0.00854567 0.0390093 0.105305 0.170107 0.173905 0.137945 0.116424 0.0986002 0.0683258 0.0409274 0.0227247 0.0108417 0.00427179 0.00140152 0.000375356 8.13108e-05 1.44437e-05 2.09591e-06 2.43565e-07
 1.48218e-11 1.60876e-09 1.02961e-07 3.88542e-06 8.64556e-05 0.00113434 0.00877679 0.0400661 0.108181 0.174943 0.179721 0.144654 0.123567 0.101799 0.0633405 0.0305668 0.0136638 0.00594708 0.00237789 0.000843526 0.000253132 6.1316e-05 1.16429e-05 1.70761e-06 1.92738e-07
 1.36873e-11 1.48563e-09 9.508e-08 3.58803e-06 7.98383e-05 0.00104753 0.00810534 0.0370072 0.100009 0.162423 0.170126 0.145332 0.133813 0.113972 0.0713666 0.0340872 0.0145021 0.00557145 0.00182221 0.000535355 0.000149428 3.76733e-05 7.86123e-06 1.27092e-06 1.53091e-07
 1.30488e-11 1.41632e-09 9.06441e-08 3.42063e-06 7.61136e-05 0.000998663 0.00772739 0.0352852 0.095405 0.155349 0.164596 0.145354 0.138998 0.12032 0.0757648 0.0363489 0.015481 0.00586314 0.00182045 0.000472523 0.000108304 2.24246e-05 4.21214e-06 6.84786e-07 8.83336e-08
 1.42137e-11 1.54276e-09 9.87363e-08 3.726e-06 8.29084e-05 0.00108781 0.00841687 0.0384265 0.103801 0.168239 0.174613 0.145124 0.129275 0.108667 0.0680744 0.0327529 0.0140019 0.00529243 0.00162369 0.000409678 8.83776e-05 1.62172e-05 2.53305e-06 3.42199e-07 3.96112e-08
 1.51869e-11 1.6484e-09 1.05497e-07 3.98113e-06 8.85853e-05 0.00116229 0.0089929 0.0410508 0.110815 0.179002 0.18295 0.144843 0.121004 0.0987861 0.0615763 0.0297741 0.0128829 0.00496884 0.00157499 0.000413227 9.13053e-05 1.66202e-05 2.4613e-06 2.96613e-07 2.90827e-08
 1.3561e-11 1.47192e-09 9.42028e-08 3.55492e-06 7.91017e-05 0.00103787 0.00803065 0.0366679 0.0991149 0.16116 0.169675 0.147108 0.137547 0.117057 0.0715637 0.032128 0.0125166 0.00448523 0.00137281 0.000355481 7.91194e-05 1.47337e-05 2.22587e-06 2.66668e-07 2.48499e-08
 1.24879e-11 1.35544e-09 8.6748e-08 3.2736e-06 7.2842e-05 0.000955741 0.00739543 0.0337728 0.0913636 0.149154 0.159825 0.145609 0.143921 0.126172 0.0795964 0.0380486 0.0160041 0.00588137 0.00171876 0.0004063 8.31417e-05 1.48059e-05 2.21592e-06 2.68409e-07 2.53278e-08
 1.26008e-11 1.3677e-09 8.75326e-08 3.30321e-06 7.35009e-05 0.000964385 0.00746227 0.0340772 0.0921751 0.150382 0.160691 0.145295 0.142523 0.124696 0.0788725 0.0380238 0.016243 0.00610875 0.00184794 0.000451943 9.21307e-05 1.54768e-05 2.13265e-06 2.42362e-07 2.22371e-08
 1.30373e-11 1.41507e-09 9.05645e-08 3.41762e-06 7.60467e-05 0.000997785 0.0077206 0.0352542 0.0953219 0.155219 0.164484 0.145319 0.139043 0.120422 0.0759069 0.0364859 0.0155484 0.00585568 0.00178597 0.000444888 9.33381e-05 1.61473e-05 2.24182e-06 2.46419e-07 2.12152e-08
 1.3591e-11 1.47518e-09 9.4411e-08 3.56278e-06 7.92766e-05 0.00104016 0.00804833 0.0367471 0.0993094 0.161316 0.169101 0.144813 0.133809 0.114452 0.0723613 0.0352819 0.0153421 0.00588186 0.00182721 0.000465562 0.000100043 1.77505e-05 2.5373e-06 2.86671e-07 2.49502e-08
 1.42354e-11 1.54511e-09 9.88869e-08 3.73169e-06 8.30349e-05 0.00108947 0.00842973 0.0384856 0.103966 0.16855 0.175136 0.146045 0.130501 0.10937 0.0675065 0.031355 0.0128213 0.00473412 0.0014539 0.000371233 8.05985e-05 1.45449e-05 2.12518e-06 2.46194e-07 2.20059e-08
 1.44068e-11 1.56372e-09 1.00078e-07 3.77664e-06 8.40351e-05 0.00110259 0.00853124 0.0389485 0.10521 0.17051 0.176907 0.14683 0.130327 0.108523 0.0661076 0.029744 0.011572 0.00406336 0.00118203 0.000283663 5.86781e-05 1.03756e-05 1.51754e-06 1.78115e-07 1.62381e-08
 1.46211e-11 1.58698e-09 1.01567e-07 3.83282e-06 8.52851e-05 0.00111899 0.0086581 0.0395268 0.10676 0.172922 0.178944 0.147323 0.129358 0.10694 0.0645051 0.0283644 0.0106288 0.00358868 0.000998021 0.000224662 4.3019e-05 7.05478e-06 9.70247e-07 1.0975e-07 9.89354e-09
 1.49764e-11 1.62555e-09 1.04035e-07 3.92595e-06 8.73574e-05 0.00114618 0.00886839 0.0404851 0.109325 0.176891 0.182178 0.147747 0.127147 0.103889 0.061956 0.0265765 0.00955774 0.00309854 0.000828289 0.000176788 3.16343e-05 4.8098e-06 6.08987e-07 6.3416e-08 5.33468e-09
 1.51205e-11 1.64119e-09 1.05036e-07 3.96373e-06 8.81981e-05 0.00115721 0.0089537 0.0408737 0.110363 0.178475 0.183366 0.147578 0.125732 0.102312 0.0610775 0.0263408 0.00954842 0.00310269 0.000821412 0.000171117 2.94744e-05 4.26268e-06 5.06395e-07 4.88483e-08 3.77979e-09
 1.53136e-11 1.66214e-09 1.06377e-07 4.01433e-06 8.9324e-05 0.00117198 0.00906793 0.041394 0.111751 0.180586 0.184909 0.147217 0.123626 0.100046 0.059923 0.0261844 0.00970859 0.00322562 0.000871723 0.000185931 3.2628e-05 4.71778e-06 5.47746e-07 5.063e-08 3.69378e-09
 1.53654e-11 1.66777e-09 1.06737e-07 4.02793e-06 8.96266e-05 0.00117595 0.00909867 0.0415348 0.112139 0.181272 0.185885 0.148667 0.125415 0.100988 0.0589288 0.0239396 0.00781896 0.00231633 0.000584783 0.000118866 2.01068e-05 2.85945e-06 3.31388e-07 3.05257e-08 2.18794e-09
 1.53512e-11 1.66623e-09 1.06638e-07 4.02419e-06 8.95435e-05 0.00117486 0.00909022 0.041496 0.11203 0.181067 0.185539 0.148054 0.124603 0.10054 0.0593475 0.024906 0.0086001 0.00264892 0.000660802 0.000126283 1.9559e-05 2.57401e-06 2.83207e-07 2.53326e-08 1.79285e-09
 1.51322e-11 1.64246e-09 1.05117e-07 3.96679e-06 8.82662e-05 0.0011581 0.00896064 0.0409061 0.11046 0.178708 0.183962 0.14894 0.127711 0.103566 0.0604035 0.0243686 0.00783049 0.00226172 0.000549015 0.00010424 1.59488e-05 2.01375e-06 2.05534e-07 1.68192e-08 1.10406e-09
 1.52144e-11 1.65138e-09 1.05688e-07 3.98834e-06 8.87457e-05 0.00116439 0.00900925 0.0411266 0.111035 0.179482 0.184023 0.147146 0.124325 0.100986 0.0606958 0.0266885 0.00994015 0.00325698 0.000837454 0.000162148 2.50434e-05 3.19028e-06 3.26962e-07 2.63592e-08 1.65285e-09
#obs catch len freq
 1.08998e-11 1.18307e-09 7.57163e-08 2.8573e-06 6.3579e-05 0.000834214 0.00645538 0.0294864 0.0798434 0.130856 0.142168 0.133634 0.137244 0.128916 0.0960891 0.0603151 0.032725 0.0144988 0.00509723 0.00141383 0.000302084 4.80231e-05 5.49437e-06 4.38534e-07 2.37354e-08
 1.11811e-11 1.2136e-09 7.76702e-08 2.93104e-06 6.52198e-05 0.000855745 0.00662209 0.0302494 0.0819207 0.134286 0.14572 0.13578 0.137069 0.126802 0.0933249 0.0576468 0.0305694 0.0131583 0.00446306 0.00118395 0.000239859 3.58812e-05 3.83839e-06 2.84982e-07 1.42895e-08
 1.72387e-11 1.8711e-09 1.1975e-07 4.51901e-06 0.000100554 0.00131931 0.0102076 0.0465872 0.125628 0.201719 0.199914 0.140816 0.0963513 0.0724868 0.0500637 0.0300726 0.0155089 0.00646047 0.00210788 0.000534086 0.000102609 1.44539e-05 1.44638e-06 9.9899e-08 4.63996e-09
 1.4375e-11 1.56027e-09 9.98573e-08 3.76831e-06 8.38503e-05 0.00110019 0.00851337 0.0388802 0.105164 0.171224 0.179908 0.151441 0.13165 0.104945 0.0623969 0.0281963 0.0110475 0.00392056 0.00118245 0.000283892 5.16799e-05 6.85834e-06 6.42655e-07 4.13443e-08 1.78086e-09
 1.71847e-11 1.86524e-09 1.19375e-07 4.50485e-06 0.000100239 0.00131519 0.0101761 0.0464514 0.125349 0.201835 0.202096 0.146375 0.103038 0.0756679 0.0479334 0.0248283 0.0104622 0.00337728 0.000812771 0.000151852 2.28174e-05 2.67641e-06 2.29869e-07 1.37021e-08 5.47086e-10
 1.57794e-11 1.7127e-09 1.09613e-07 4.13645e-06 9.20419e-05 0.00120767 0.00934497 0.0426742 0.115356 0.187144 0.193082 0.152643 0.120377 0.0900552 0.0522808 0.0233907 0.00877203 0.00275564 0.000677937 0.00012447 1.66441e-05 1.60567e-06 1.1179e-07 5.57762e-09 1.94303e-10
 6.56373e-12 7.12431e-10 4.55957e-08 1.72066e-06 3.82891e-05 0.000502501 0.00389237 0.0178567 0.0492592 0.086932 0.118609 0.159471 0.195304 0.175368 0.110862 0.0534066 0.0206672 0.0061906 0.00137834 0.000228947 2.85138e-05 2.5953e-06 1.66117e-07 7.2667e-09 2.13887e-10
 1.53028e-11 1.66098e-09 1.06302e-07 4.01153e-06 8.92621e-05 0.00117118 0.00906215 0.0413712 0.111677 0.17996 0.18037 0.131081 0.0968981 0.0859214 0.0743643 0.051515 0.0254788 0.00863091 0.00202466 0.000336787 3.99755e-05 3.34862e-06 1.95064e-07 7.78429e-09 2.08963e-10
 1.75422e-11 1.90405e-09 1.21859e-07 4.59858e-06 0.000102325 0.00134259 0.0103889 0.0474373 0.128145 0.207042 0.209121 0.152786 0.104178 0.0694892 0.0387995 0.0184498 0.0082736 0.00325651 0.000961693 0.000194229 2.59311e-05 2.27264e-06 1.30968e-07 4.96512e-09 1.2333e-10
 1.55055e-11 1.68298e-09 1.07711e-07 4.06469e-06 9.0446e-05 0.00118678 0.00918475 0.041967 0.11368 0.185702 0.195252 0.158897 0.124958 0.0893824 0.0492705 0.0207664 0.00709811 0.00199869 0.000462221 8.6569e-05 1.22681e-05 1.20405e-06 7.71066e-08 3.13286e-09 7.98995e-11
 1.43382e-11 1.55628e-09 9.96016e-08 3.75868e-06 8.36375e-05 0.00109747 0.00849461 0.0388313 0.105369 0.17323 0.185983 0.158748 0.131969 0.0988617 0.0580874 0.0265886 0.00952198 0.00255339 0.000497968 7.16798e-05 7.81125e-06 6.41656e-07 3.8114e-08 1.54684e-09 4.08499e-11
 1.39389e-11 1.51294e-09 9.68283e-08 3.65403e-06 8.13093e-05 0.00106695 0.00825905 0.0377659 0.102583 0.169202 0.183262 0.158775 0.133496 0.101064 0.0608871 0.0289988 0.0108328 0.00302153 0.000606032 8.61287e-05 8.58407e-06 5.94146e-07 2.84323e-08 9.3783e-10 2.10822e-11
 1.65399e-11 1.79525e-09 1.14896e-07 4.33585e-06 9.64803e-05 0.00126597 0.0097979 0.0447685 0.121215 0.197328 0.203696 0.155714 0.111343 0.0769827 0.0452618 0.0215721 0.00811519 0.00229274 0.000469281 6.81827e-05 6.88037e-06 4.70878e-07 2.144e-08 6.41167e-10 1.24893e-11
 1.51479e-11 1.64417e-09 1.05227e-07 3.97098e-06 8.83628e-05 0.00115954 0.00897641 0.0410536 0.111544 0.183854 0.197434 0.164757 0.128144 0.0878285 0.0469021 0.0195464 0.00656912 0.00173816 0.000344977 4.94405e-05 4.95542e-06 3.37351e-07 1.52268e-08 4.47181e-10 8.41931e-12
 1.28314e-11 1.39273e-09 8.91348e-08 3.36373e-06 7.48525e-05 0.000982356 0.00760784 0.0348453 0.0951744 0.15974 0.181068 0.168439 0.146366 0.107556 0.0606681 0.0262496 0.00867814 0.00211977 0.000374961 4.79853e-05 4.40349e-06 2.82077e-07 1.22035e-08 3.46646e-10 6.3295e-12
 1.22518e-11 1.32982e-09 8.5109e-08 3.21182e-06 7.14732e-05 0.000938052 0.00726587 0.0332951 0.091071 0.153446 0.175433 0.165411 0.146634 0.112261 0.0679032 0.0317698 0.0111334 0.00280205 0.000495297 6.09886e-05 5.18405e-06 3.00317e-07 1.1697e-08 3.01944e-10 5.08337e-12
 1.3666e-11 1.48332e-09 9.4933e-08 3.58256e-06 7.97226e-05 0.00104629 0.00810304 0.0371079 0.101232 0.168812 0.186535 0.163395 0.133955 0.0986707 0.0594042 0.028224 0.0101944 0.00267535 0.000494163 6.28087e-05 5.38106e-06 3.05278e-07 1.13167e-08 2.71382e-10 4.17407e-12
 1.35647e-11 1.47232e-09 9.42292e-08 3.55602e-06 7.91341e-05 0.00103864 0.00804587 0.0368752 0.100839 0.169301 0.189972 0.169472 0.13795 0.097029 0.0544199 0.0240971 0.00829635 0.00213219 0.00039352 5.05386e-05 4.38843e-06 2.51301e-07 9.30769e-09 2.19763e-10 3.272e-12
 1.408e-11 1.52825e-09 9.7809e-08 3.69113e-06 8.21415e-05 0.00107814 0.00835221 0.0382809 0.104659 0.175361 0.194986 0.169792 0.13392 0.0921203 0.0506789 0.0216591 0.00702518 0.00167663 0.000287963 3.49108e-05 2.91175e-06 1.62343e-07 5.89876e-09 1.36935e-10 2.00087e-12
 1.43435e-11 1.55686e-09 9.96402e-08 3.76026e-06 8.36816e-05 0.00109842 0.00851065 0.0390233 0.106793 0.179258 0.199517 0.172425 0.132712 0.0879764 0.0463266 0.018882 0.00583206 0.0013193 0.000212592 2.39207e-05 1.84266e-06 9.5159e-08 3.22842e-09 7.06435e-11 9.81047e-13
 1.43161e-11 1.55389e-09 9.945e-08 3.75312e-06 8.35249e-05 0.00109645 0.0084973 0.0389857 0.106854 0.179976 0.201425 0.174539 0.133212 0.0867383 0.0445634 0.0175483 0.00517899 0.0011099 0.000168385 1.77392e-05 1.27203e-06 6.08032e-08 1.90113e-09 3.82705e-11 4.89455e-13
 1.45605e-11 1.58042e-09 1.01148e-07 3.81724e-06 8.4954e-05 0.00111528 0.00864463 0.0396763 0.108824 0.183428 0.204911 0.175614 0.131114 0.0832988 0.0417414 0.0159457 0.00452659 0.000925074 0.000132714 1.31183e-05 8.77032e-07 3.89019e-08 1.12468e-09 2.0873e-11 2.45516e-13
 1.49659e-11 1.62442e-09 1.03965e-07 3.92357e-06 8.73225e-05 0.00114644 0.00888732 0.0408005 0.111941 0.188576 0.20955 0.176411 0.127649 0.0783605 0.0379505 0.0139722 0.00380779 0.000744124 0.000101558 9.48783e-06 5.95445e-07 2.46432e-08 6.61453e-10 1.13536e-11 1.23161e-13
 1.47796e-11 1.6042e-09 1.02672e-07 3.87484e-06 8.62425e-05 0.00113243 0.00878215 0.0403592 0.111016 0.188114 0.211245 0.179615 0.129354 0.0774996 0.0361275 0.0126891 0.00328314 0.00060767 7.83714e-05 6.89912e-06 4.06676e-07 1.57543e-08 3.94426e-10 6.29304e-12 6.3253e-14
 1.47779e-11 1.60402e-09 1.02661e-07 3.8745e-06 8.62393e-05 0.00113253 0.00878567 0.0404051 0.111318 0.189167 0.213104 0.180959 0.128987 0.0760326 0.0347014 0.0118142 0.00292398 0.000511758 6.19229e-05 5.09076e-06 2.79586e-07 1.0079e-08 2.34595e-10 3.47601e-12 3.24059e-14
 1.46694e-11 1.59225e-09 1.01908e-07 3.84621e-06 8.56152e-05 0.00112452 0.00872722 0.0401762 0.110933 0.18933 0.214608 0.182797 0.129367 0.0750327 0.033529 0.0111188 0.00266305 0.000447729 5.16001e-05 4.00357e-06 2.05796e-07 6.90075e-09 1.48816e-10 2.0386e-12 1.75526e-14
 1.34701e-11 1.46209e-09 9.35798e-08 3.53211e-06 7.86373e-05 0.00103335 0.00802944 0.0370814 0.103212 0.179509 0.211217 0.189304 0.139014 0.0811701 0.0357085 0.0115054 0.00265504 0.000427614 4.69813e-05 3.45761e-06 1.67682e-07 5.27593e-09 1.06208e-10 1.35191e-12 1.07758e-14
 1.36445e-11 1.48103e-09 9.47933e-08 3.578e-06 7.96634e-05 0.00104695 0.00813673 0.0375859 0.104604 0.181568 0.212139 0.187736 0.136696 0.08018 0.0356479 0.0115073 0.00261498 0.000407967 4.29019e-05 2.99775e-06 1.37259e-07 4.06044e-09 7.6587e-11 9.10606e-13 6.76024e-15
#spawning biomass
 3559.57 4656.63 7482.6 12800.4 22151.2 30622.7 27582.2 29579.8 50068 76325.3 84728 89598.3 139327 174555 176240 143792 123376 129507 133809 141109 140991 136697 150471 179995 162215 168573 146163 182338 208511 222126 117158 52795.6 28690.3 20974.3 18691.4 18049.5 17875.5 17829.5 17817.6 17814.5 17813.8 17813.6 17813.5 17813.5 17813.5 17813.5 17813.5 17813.5 17813.5 17813.5 17813.5 17813.5 17813.5 17813.5 17813.5 17813.5 17813.5 17813.5 17813.5 17813.5 17813.5 17813.5 17813.5 17813.5 17813.5 17813.5 17813.5 17813.5 17813.5 17813.5 17813.5 17813.5 17813.5 17813.5 17813.5 17813.5 17813.5 17813.5 17813.5 17813.5 17813.5 17813.5 17813.5 17813.5 17813.5 17813.5 17813.5 17813.5 17813.5 17813.5 17813.5 17813.5 17813.5 17813.5 17813.5 17813.5 17813.5 17813.5 17813.5 17813.5 17813.5 17813.5 17813.5 17813.5 17813.5 17813.5 17813.5 17813.5 17813.5 17813.5 17813.5 17813.5 17813.5 17813.5 17813.5 17813.5 17813.5 17813.5 17813.5 17813.5 17813.5 17813.5 17813.5 17813.5 17813.5 17813.5 17813.5 17813.5 0 0 0 0 0 0 0 0 0 0 0 0 0 0 0 0 0 0 0 0 0 0 0 0 0
