SBPRF35
0.175648
Curr Bio
175213
B35
203779
F35
0.946376
FOFL
0.946376
OFL
78832
Bzero
50185.1
#pred survey bio
 2829.32 4607.7 7425.19 11369.6 17845.5 28274.3 41234 58771.5 84231 111228 138673 163576 176092 190124 190772 161730 169699 153154 158029 149949 142300 155902 187290 192023 185070 187252 200509 209935 6.15747e+06 5.15751e+06 2.96256e+06 1.5504e+06 948603 700755 590319 535293 505156 487646 477163 470805 466931 464568 463121 462232 461702 461385 461195 461081 461012 460971 460946 460932 460923 460917 460914 460912 460911 460910 460910 460910 460909 460909 460909 460909 460909 460909 460909 460909 460909 460909 460909 460909 460909 460909 460909 460909 460909 460909 460909 460909 460909 460909 460909 460909 460909 460909 460909 460909 460909 460909 460909 460909 460909 460909 460909 460909 460909 460909 460909 460909 460909 460909 460909 460909 460909 460909 460909 460909 460909 460909 460909 460909 460909 460909 460909 460909 460909 460909 460909 460909 460909 460909 460909 460909 460909 460909 460909 460909 0 0 0 0 0 0 0 0 0 0 0 0 0 0 0 0 0 0 0 0 0 0 0 0 0
#obs survey bio
 2237.63 5942.28 4769.05 11173.5 15933.8 22696.8 45590.3 36829.1 68944.8 130765 120206 151500 112928 154412 135163 93283.4 123308 113365 120271 150243 98574.3 163089 145819 148047 154011 99286.6 183042 148049
#pred catch bio
 1002.94 1507.97 2857.96 4608.5 7299.5 12610.3 18501.7 25239.1 39289.3 54887.3 68996.2 86126.7 90848 97036.7 113984 86007.9 102601 87305.1 94870.8 88997.4 81507.8 82097.3 110563 119627 113628 111848 124746 92608.6 78832 97499 55452.5 23461.8 11741.5 8143.1 7122.56 6847.37 6775.74 6757.58 6753.06 6751.95 6751.68 6751.62 6751.6 6751.6 6751.6 6751.6 6751.6 6751.6 6751.6 6751.6 6751.6 6751.6 6751.6 6751.6 6751.6 6751.6 6751.6 6751.6 6751.6 6751.6 6751.6 6751.6 6751.6 6751.6 6751.6 6751.6 6751.6 6751.6 6751.6 6751.6 6751.6 6751.6 6751.6 6751.6 6751.6 6751.6 6751.6 6751.6 6751.6 6751.6 6751.6 6751.6 6751.6 6751.6 6751.6 6751.6 6751.6 6751.6 6751.6 6751.6 6751.6 6751.6 6751.6 6751.6 6751.6 6751.6 6751.6 6751.6 6751.6 6751.6 6751.6 6751.6 6751.6 6751.6 6751.6 6751.6 6751.6 6751.6 6751.6 6751.6 6751.6 6751.6 6751.6 6751.6 6751.6 6751.6 6751.6 6751.6 6751.6 6751.6 6751.6 6751.6 6751.6 6751.6 6751.6 6751.6 6751.6 6751.6 0 0 0 0 0 0 0 0 0 0 0 0 0 0 0 0 0 0 0 0 0 0 0 0 0
#obs catch bio
 1176.91 1421.86 2676.98 4388.07 7011.29 11843.7 17003.4 23568.2 36213.1 51735.9 64976.8 79545.1 83835.2 90503.5 110823 85908.7 105110 84467.1 95834.6 82132.1 74545.1 70678.7 95249.7 108373 105126 108701 115772 86984.1
#pred cpue bio
 1813.05 2189.31 3778 5590.9 8490.75 13360.2 19515.9 28052.3 40977.9 53978.2 67026.2 80995.4 87757 95989.7 101011 81318.5 84953.8 74148.9 75615.4 71565.6 68634.4 72059.8 88629.6 89599.7 84634.4 84982.5 90897.4 92604.1 3.16141e+06 4.04099e+06 2.73747e+06 1.40075e+06 802596 554919 444491 389465 359328 341819 331335 324977 321104 318741 317293 316405 315874 315557 315367 315253 315185 315144 315119 315104 315095 315090 315086 315085 315083 315083 315082 315082 315082 315082 315082 315082 315082 315082 315082 315082 315082 315082 315082 315082 315082 315082 315082 315082 315082 315082 315082 315082 315082 315082 315082 315082 315082 315082 315082 315082 315082 315082 315082 315082 315082 315082 315082 315082 315082 315082 315082 315082 315082 315082 315082 315082 315082 315082 315082 315082 315082 315082 315082 315082 315082 315082 315082 315082 315082 315082 315082 315082 315082 315082 315082 315082 315082 315082 315082 315082 0 0 0 0 0 0 0 0 0 0 0 0 0 0 0 0 0 0 0 0 0 0 0 0 0
#obs cpue bio
 1698.18 3271.42 6884.27 6372.97 10994 22444.3 27424 49711.1 71745.9 59522.1 92003.3 130252 174664 144613 165241 113715 123764 111860 96957.9 113058 139434 143552 194594 155462 136130 154221 166295 155839
#pred surv len freq
 1.67395e-11 1.81771e-09 1.16372e-07 4.39244e-06 9.77473e-05 0.00128247 0.00992099 0.0452619 0.121935 0.195215 0.191637 0.131659 0.0872616 0.0646967 0.0447293 0.0293477 0.0200729 0.0141511 0.0103553 0.00798417 0.0065834 0.00585742 0.00529391 0.00418184 0.00247024
 1.91254e-11 2.07679e-09 1.32958e-07 5.01851e-06 0.000111679 0.00146526 0.0113348 0.0517079 0.139242 0.222443 0.216087 0.142219 0.0852069 0.0565775 0.0341004 0.0176455 0.00904274 0.00480818 0.00269073 0.00165789 0.00114223 0.000883499 0.000732803 0.000561896 0.000333668
 1.68448e-11 1.82915e-09 1.17104e-07 4.42007e-06 9.83624e-05 0.00129055 0.00998377 0.0455552 0.122819 0.197389 0.197345 0.145056 0.108025 0.0825492 0.0498087 0.0232153 0.00982912 0.00403199 0.0015847 0.000652076 0.000311979 0.000182676 0.000127022 8.95539e-05 5.17482e-05
 1.78632e-11 1.93973e-09 1.24184e-07 4.68731e-06 0.000104309 0.00136857 0.0105871 0.048302 0.130144 0.208504 0.205372 0.142865 0.0965493 0.070557 0.0443263 0.0232781 0.0111625 0.00461795 0.00156173 0.000466877 0.000139392 4.79327e-05 2.19557e-05 1.24588e-05 6.61226e-06
 1.80909e-11 1.96445e-09 1.25766e-07 4.74704e-06 0.000105638 0.00138601 0.010722 0.0489175 0.131801 0.211149 0.207924 0.144457 0.0971258 0.0698504 0.0419621 0.0201408 0.00888477 0.00367881 0.00133367 0.000414259 0.000108789 2.50234e-05 5.97659e-06 1.90865e-06 7.70337e-07
 1.81109e-11 1.96662e-09 1.25905e-07 4.75228e-06 0.000105755 0.00138754 0.0107338 0.0489716 0.131948 0.211394 0.208211 0.144774 0.0974703 0.0700715 0.0418854 0.0197922 0.00843139 0.00328628 0.00110016 0.000323724 8.52094e-05 1.92601e-05 3.65285e-06 6.33e-07 1.27918e-07
 1.79548e-11 1.94967e-09 1.2482e-07 4.71132e-06 0.000104844 0.00137558 0.0106413 0.0485507 0.130827 0.209706 0.207059 0.145328 0.0995757 0.0721921 0.0427622 0.0196076 0.00798718 0.00298513 0.000952104 0.000260773 6.30224e-05 1.33024e-05 2.40381e-06 3.62551e-07 4.63647e-08
 1.78325e-11 1.9364e-09 1.2397e-07 4.67925e-06 0.00010413 0.00136622 0.0105689 0.0482207 0.129945 0.208344 0.205962 0.145225 0.100407 0.0733096 0.0436728 0.0202107 0.00830179 0.00308258 0.000955448 0.00024937 5.67089e-05 1.1114e-05 1.84695e-06 2.56529e-07 2.91055e-08
 1.75968e-11 1.9108e-09 1.22331e-07 4.61739e-06 0.000102753 0.00134816 0.0104293 0.0475843 0.128241 0.205703 0.20378 0.144841 0.101712 0.0752175 0.0453904 0.0215304 0.00914792 0.00349157 0.00110483 0.000291919 6.5787e-05 1.24286e-05 1.94543e-06 2.50433e-07 2.60437e-08
 1.75787e-11 1.90884e-09 1.22205e-07 4.61265e-06 0.000102648 0.00134677 0.0104186 0.0475357 0.128113 0.205525 0.203728 0.14513 0.102295 0.0756781 0.045372 0.0211701 0.00881544 0.00333692 0.00106277 0.000285258 6.53985e-05 1.24807e-05 1.93979e-06 2.41833e-07 2.37694e-08
 1.75529e-11 1.90604e-09 1.22026e-07 4.60588e-06 0.000102497 0.0013448 0.0104033 0.0474664 0.127931 0.20527 0.203654 0.14554 0.103134 0.0763681 0.0454151 0.0207195 0.00833762 0.00305425 0.000941748 0.000244961 5.52089e-05 1.05523e-05 1.65794e-06 2.08251e-07 2.0328e-08
 1.70899e-11 1.85576e-09 1.18808e-07 4.48439e-06 9.97936e-05 0.00130933 0.010129 0.0462171 0.124593 0.200152 0.199696 0.145691 0.107088 0.0810759 0.0484944 0.0221163 0.00885766 0.00320591 0.000964677 0.000241642 5.22156e-05 9.62035e-06 1.4757e-06 1.8399e-07 1.80279e-08
 1.69686e-11 1.84258e-09 1.17964e-07 4.45255e-06 9.9085e-05 0.00130003 0.0100571 0.0458896 0.123718 0.198808 0.198646 0.145695 0.10807 0.0822778 0.0493249 0.0225405 0.0090391 0.0032615 0.000970859 0.000238199 4.99277e-05 8.84565e-06 1.29835e-06 1.55514e-07 1.48186e-08
 1.67923e-11 1.82344e-09 1.16738e-07 4.40628e-06 9.80555e-05 0.00128652 0.00995264 0.0454136 0.122443 0.196831 0.197007 0.145387 0.109018 0.0836923 0.0506325 0.0235676 0.00969416 0.00356542 0.00107402 0.000265546 5.56298e-05 9.72555e-06 1.39016e-06 1.60478e-07 1.46663e-08
 1.58705e-11 1.72335e-09 1.1033e-07 4.16442e-06 9.26731e-05 0.00121591 0.00940655 0.0429259 0.115793 0.186603 0.188947 0.145187 0.116118 0.0925077 0.0568687 0.0269551 0.0113583 0.00427402 0.00131968 0.000335965 7.22109e-05 1.28229e-05 1.84063e-06 2.10618e-07 1.8826e-08
 1.67873e-11 1.8229e-09 1.16704e-07 4.40499e-06 9.80267e-05 0.00128615 0.00994973 0.0454005 0.122411 0.196806 0.197104 0.145772 0.109643 0.0841255 0.0504957 0.0230374 0.00922099 0.00333323 0.00100023 0.000248945 5.30413e-05 9.49939e-06 1.38691e-06 1.61006e-07 1.44693e-08
 1.69388e-11 1.83935e-09 1.17757e-07 4.44474e-06 9.89112e-05 0.00129775 0.0100395 0.0458091 0.123501 0.198459 0.198297 0.145445 0.10793 0.0823193 0.0496346 0.0229963 0.00939611 0.00343188 0.00102576 0.000251669 5.26183e-05 9.26329e-06 1.34049e-06 1.56165e-07 1.42102e-08
 1.72286e-11 1.87082e-09 1.19771e-07 4.52077e-06 0.000100603 0.00131995 0.0102112 0.046592 0.125604 0.201778 0.201323 0.146861 0.107759 0.0809115 0.0470932 0.0200235 0.0071851 0.00237012 0.000668402 0.000156994 3.1587e-05 5.38214e-06 7.56814e-07 8.61479e-08 7.73336e-09
 1.7511e-11 1.90149e-09 1.21735e-07 4.59489e-06 0.000102253 0.00134159 0.0103785 0.047354 0.127637 0.204875 0.203617 0.146441 0.104857 0.0777511 0.0454399 0.0197088 0.00727035 0.00240403 0.000647719 0.000139152 2.53889e-05 4.01949e-06 5.3729e-07 5.8851e-08 5.12148e-09
 1.73883e-11 1.88816e-09 1.20882e-07 4.56269e-06 0.000101536 0.00133219 0.0103058 0.0470233 0.12676 0.203575 0.202836 0.147216 0.10702 0.0797236 0.0459094 0.0190159 0.00649551 0.00201818 0.00052906 0.000111754 1.96595e-05 2.89584e-06 3.51389e-07 3.50897e-08 2.84866e-09
 1.72363e-11 1.87165e-09 1.19825e-07 4.52279e-06 0.000100648 0.00132054 0.0102157 0.0466129 0.125662 0.201879 0.201468 0.147079 0.108038 0.0810942 0.0470257 0.0197593 0.00689554 0.00215981 0.00055371 0.000111066 1.83905e-05 2.58543e-06 3.00889e-07 2.8288e-08 2.11193e-09
 1.81e-11 1.96544e-09 1.25829e-07 4.74943e-06 0.000105692 0.0013867 0.0107274 0.0489432 0.131883 0.211388 0.208661 0.146276 0.099873 0.071812 0.0415567 0.0179361 0.00657585 0.00215636 0.000572044 0.000118475 2.00135e-05 2.78005e-06 3.10265e-07 2.76845e-08 1.96284e-09
 1.76781e-11 1.91963e-09 1.22896e-07 4.63872e-06 0.000103228 0.00135439 0.0104775 0.0478049 0.128843 0.206733 0.205097 0.146528 0.103642 0.0761855 0.0442513 0.0189927 0.00691212 0.00228047 0.000624563 0.000137288 2.48689e-05 3.65795e-06 4.23414e-07 3.81557e-08 2.65136e-09
 1.77979e-11 1.93264e-09 1.2373e-07 4.67017e-06 0.000103928 0.00136357 0.0105485 0.0481286 0.129712 0.208097 0.20631 0.147009 0.103414 0.0754995 0.0432467 0.0179106 0.00612521 0.00190259 0.000497245 0.000104737 1.8512e-05 2.76047e-06 3.34584e-07 3.18621e-08 2.31308e-09
 1.80188e-11 1.95663e-09 1.25265e-07 4.72813e-06 0.000105218 0.00138049 0.0106794 0.048725 0.131309 0.210576 0.208371 0.147415 0.102257 0.0737448 0.0415936 0.0165899 0.00528041 0.00151547 0.000369052 7.14169e-05 1.14357e-05 1.56786e-06 1.80374e-07 1.69292e-08 1.25514e-09
 1.81383e-11 1.96961e-09 1.26096e-07 4.75949e-06 0.000105916 0.00138965 0.0107502 0.0490475 0.132171 0.211897 0.209394 0.147378 0.101242 0.0725415 0.0408167 0.0162427 0.00514165 0.00145742 0.000345594 6.34438e-05 9.35806e-06 1.16321e-06 1.20735e-07 1.0287e-08 7.09842e-10
 1.81856e-11 1.97474e-09 1.26424e-07 4.77189e-06 0.000106191 0.00139326 0.0107782 0.0491749 0.13251 0.212409 0.20975 0.147233 0.100641 0.0719337 0.0405657 0.0162905 0.00525083 0.00151632 0.000363611 6.71113e-05 9.85702e-06 1.19331e-06 1.16884e-07 9.12758e-09 5.68456e-10
 1.85562e-11 2.01498e-09 1.29001e-07 4.86914e-06 0.000108355 0.00142166 0.0109977 0.0501751 0.135184 0.216523 0.212996 0.147327 0.097803 0.068385 0.0380173 0.0148783 0.004568 0.00125546 0.000293212 5.35333e-05 7.82016e-06 9.43257e-07 9.17853e-08 7.02999e-09 4.19371e-10
#obs surv len freq
 1.86156e-11 2.02143e-09 1.29414e-07 4.88472e-06 0.000108702 0.0014262 0.0110327 0.0503309 0.135544 0.216598 0.210627 0.139163 0.084835 0.0599969 0.0417693 0.0259353 0.0139017 0.00599939 0.002039 0.000551233 0.000116462 1.8423e-05 2.08745e-06 1.63155e-07 8.54017e-09
 1.51374e-11 1.64375e-09 1.05234e-07 3.97207e-06 8.8393e-05 0.00115976 0.00897259 0.0409541 0.110576 0.178912 0.184053 0.147711 0.123837 0.0994318 0.0601679 0.0274477 0.010926 0.00404699 0.00129954 0.000334891 6.59707e-05 9.6173e-06 1.00934e-06 7.39524e-08 3.66352e-09
 1.65319e-11 1.79517e-09 1.14928e-07 4.33797e-06 9.65355e-05 0.00126659 0.00979865 0.0447149 0.120596 0.194032 0.194452 0.142906 0.1055 0.0821579 0.0548054 0.0300414 0.0135097 0.00465 0.00118779 0.000236496 3.84789e-05 4.97193e-06 4.76208e-07 3.19877e-08 1.45484e-09
 1.58201e-11 1.71788e-09 1.0998e-07 4.15121e-06 9.23796e-05 0.00121207 0.00937731 0.0428007 0.115539 0.186641 0.190135 0.146727 0.115124 0.0897164 0.0563022 0.0283109 0.0121888 0.00434748 0.00119668 0.000244314 3.62294e-05 3.87689e-06 3.01171e-07 1.69378e-08 6.7172e-10
 1.71118e-11 1.85814e-09 1.1896e-07 4.49014e-06 9.9922e-05 0.00131103 0.0101426 0.0462877 0.124864 0.200994 0.20138 0.146585 0.10428 0.0767614 0.0479521 0.0243966 0.0103477 0.00349226 0.000897714 0.000175111 2.56193e-05 2.70959e-06 1.99496e-07 9.99039e-09 3.36644e-10
 1.6324e-11 1.7726e-09 1.13483e-07 4.28344e-06 9.53223e-05 0.00125069 0.00967634 0.0441699 0.11927 0.192803 0.196412 0.150058 0.113676 0.0845899 0.0506185 0.0239224 0.00946273 0.00306056 0.000764728 0.000143638 1.99008e-05 1.98303e-06 1.38514e-07 6.61821e-09 2.11166e-10
 1.63718e-11 1.77779e-09 1.13815e-07 4.29597e-06 9.56014e-05 0.00125436 0.0097049 0.044303 0.119654 0.193533 0.19732 0.150453 0.112867 0.0833688 0.0502455 0.0240702 0.00942704 0.00289886 0.000669007 0.000115267 1.47852e-05 1.37725e-06 9.00994e-08 4.02268e-09 1.19825e-10
 1.6253e-11 1.76489e-09 1.1299e-07 4.26481e-06 9.49081e-05 0.00124527 0.00963491 0.043989 0.118862 0.192567 0.197318 0.151922 0.114453 0.0837949 0.0498651 0.0235952 0.00912961 0.00277541 0.000630542 0.000105142 1.27181e-05 1.09392e-06 6.55101e-08 2.6801e-09 7.34695e-11
 1.46976e-11 1.59599e-09 1.02176e-07 3.85667e-06 8.5826e-05 0.00112614 0.00871421 0.0398055 0.107782 0.176089 0.186035 0.154969 0.128093 0.0974782 0.0582144 0.0273271 0.0103905 0.00308076 0.000680677 0.000110225 1.28972e-05 1.06363e-06 6.02492e-08 2.2965e-09 5.79364e-11
 1.5715e-11 1.70646e-09 1.09249e-07 4.12363e-06 9.17668e-05 0.00120408 0.009317 0.0425509 0.115107 0.187211 0.194065 0.152928 0.117469 0.0869242 0.0531217 0.0260665 0.010178 0.0030027 0.00064604 0.000100707 1.12742e-05 8.86677e-07 4.77684e-08 1.72497e-09 4.09893e-11
 1.50017e-11 1.62901e-09 1.04291e-07 3.93647e-06 8.76024e-05 0.00114947 0.00889538 0.0406421 0.110117 0.180149 0.190388 0.156742 0.125365 0.0925156 0.0546601 0.0257648 0.009844 0.0029213 0.000641941 0.000101579 1.13049e-05 8.64583e-07 4.45881e-08 1.52706e-09 3.42327e-11
 1.475e-11 1.60167e-09 1.02541e-07 3.87043e-06 8.61331e-05 0.00113021 0.00874692 0.0399731 0.108389 0.177749 0.189031 0.1572 0.126547 0.0939505 0.0563689 0.0269484 0.0102112 0.00293719 0.000621697 9.55499e-05 1.04515e-05 7.89816e-07 4.00796e-08 1.33606e-09 2.87814e-11
 1.4625e-11 1.5881e-09 1.01672e-07 3.83764e-06 8.5404e-05 0.00112067 0.00867385 0.0396511 0.107624 0.177049 0.189812 0.159748 0.128729 0.0940825 0.0551033 0.0256133 0.00943354 0.00263961 0.00054139 7.99037e-05 8.32593e-06 5.98208e-07 2.89626e-08 9.25705e-10 1.91757e-11
 1.26316e-11 1.37164e-09 8.78138e-08 3.31459e-06 7.37655e-05 0.000968039 0.00749494 0.034304 0.0935335 0.156359 0.176073 0.163675 0.14496 0.110584 0.065948 0.0308945 0.0113063 0.00310422 0.000620169 8.86694e-05 8.89476e-06 6.10892e-07 2.80808e-08 8.47849e-10 1.6551e-11
 1.33408e-11 1.44865e-09 9.27443e-08 3.50069e-06 7.79072e-05 0.00102238 0.00791527 0.0362176 0.0986158 0.163864 0.180561 0.159927 0.135669 0.10387 0.064642 0.0317406 0.0118843 0.00325409 0.000637771 8.84544e-05 8.53224e-06 5.5973e-07 2.44491e-08 6.98362e-10 1.28447e-11
 1.32188e-11 1.43541e-09 9.18967e-08 3.46871e-06 7.71967e-05 0.00101311 0.00784484 0.0359156 0.0979673 0.16363 0.182487 0.164003 0.138497 0.102928 0.0615746 0.029371 0.0109457 0.00304264 0.000607178 8.46472e-05 8.05226e-06 5.122e-07 2.14293e-08 5.81403e-10 1.00985e-11
 1.39875e-11 1.51888e-09 9.72405e-08 3.67042e-06 8.16861e-05 0.00107203 0.00830104 0.0379996 0.103573 0.172339 0.189393 0.164059 0.132421 0.0956997 0.0563078 0.0262369 0.00943209 0.00252062 0.000487277 6.65561e-05 6.24568e-06 3.91503e-07 1.60208e-08 4.20709e-10 6.99947e-12
 1.34691e-11 1.46259e-09 9.3637e-08 3.53444e-06 7.86619e-05 0.00103244 0.00799689 0.0366434 0.100188 0.16826 0.189215 0.169755 0.139084 0.0980778 0.0548527 0.0240928 0.00819853 0.00208386 0.000383084 4.96788e-05 4.4318e-06 2.65219e-07 1.04104e-08 2.62967e-10 4.20824e-12
 1.44723e-11 1.57153e-09 1.00612e-07 3.7977e-06 8.45211e-05 0.00110933 0.00859194 0.0393572 0.107445 0.179331 0.197446 0.168854 0.130803 0.0890733 0.0487072 0.0206804 0.00664677 0.00156634 0.000264938 3.16551e-05 2.61512e-06 1.45629e-07 5.3386e-09 1.26337e-10 1.89982e-12
 1.33169e-11 1.44607e-09 9.25799e-08 3.49459e-06 7.77792e-05 0.00102102 0.00791216 0.0363046 0.0996321 0.168854 0.193069 0.175464 0.141791 0.0961566 0.0508676 0.0207263 0.00640663 0.00145155 0.000233865 2.62172e-05 2.00513e-06 1.02618e-07 3.45168e-09 7.50764e-11 1.04065e-12
 1.48379e-11 1.61122e-09 1.03153e-07 3.89369e-06 8.66602e-05 0.00113752 0.0088124 0.0403912 0.110404 0.184553 0.202751 0.170416 0.127543 0.0840692 0.044693 0.0182334 0.00550884 0.00119379 0.000181854 1.9181e-05 1.37503e-06 6.56034e-08 2.04352e-09 4.09112e-11 5.19772e-13
 1.48506e-11 1.6126e-09 1.03242e-07 3.89709e-06 8.67394e-05 0.00113869 0.0088244 0.0404839 0.110936 0.186585 0.207378 0.175848 0.129066 0.0802131 0.0393148 0.0148477 0.0042442 0.000885821 0.000130264 1.31393e-05 8.89809e-07 3.97256e-08 1.15111e-09 2.13583e-11 2.50762e-13
 1.48295e-11 1.61033e-09 1.03097e-07 3.89165e-06 8.66216e-05 0.00113725 0.00881558 0.0404705 0.111075 0.187437 0.209337 0.17782 0.129433 0.0789857 0.0375584 0.0134762 0.00357656 0.000684123 9.22495e-05 8.60969e-06 5.44662e-07 2.2822e-08 6.20225e-10 1.07517e-11 1.17396e-13
 1.40237e-11 1.52283e-09 9.74956e-08 3.68033e-06 8.19241e-05 0.00107581 0.00834435 0.0383711 0.105785 0.180528 0.206498 0.181638 0.135841 0.0836606 0.0396926 0.0140748 0.00364378 0.000669112 8.51369e-05 7.38262e-06 4.2966e-07 1.65132e-08 4.12452e-10 6.59697e-12 6.66892e-14
 1.41862e-11 1.54047e-09 9.86259e-08 3.72306e-06 8.2879e-05 0.00108847 0.00844468 0.0388536 0.10722 0.18316 0.209181 0.182254 0.133938 0.081013 0.0377555 0.0130758 0.00327548 0.000576795 6.9805e-05 5.70884e-06 3.10562e-07 1.10609e-08 2.54179e-10 3.72212e-12 3.43702e-14
 1.37907e-11 1.49754e-09 9.58785e-08 3.61946e-06 8.05798e-05 0.00105851 0.00821699 0.0378602 0.104836 0.18042 0.208758 0.184563 0.136551 0.0824425 0.0382133 0.0131216 0.00324377 0.00056038 6.60249e-05 5.20707e-06 2.70396e-07 9.10629e-09 1.96262e-10 2.67676e-12 2.28862e-14
 1.38147e-11 1.50014e-09 9.60465e-08 3.62592e-06 8.07302e-05 0.0010607 0.00823782 0.037996 0.105438 0.182117 0.211455 0.18639 0.135845 0.0800534 0.0360126 0.011941 0.00283987 0.000471113 5.32414e-05 4.0208e-06 1.99396e-07 6.38855e-09 1.30389e-10 1.67568e-12 1.34332e-14
 1.42609e-11 1.54861e-09 9.91504e-08 3.74319e-06 8.33451e-05 0.00109516 0.00850684 0.039243 0.108861 0.187511 0.215535 0.185745 0.131372 0.0753632 0.033103 0.0106834 0.00245712 0.000391741 4.23295e-05 3.04391e-06 1.43272e-07 4.34614e-09 8.38113e-11 1.01566e-12 7.66163e-15
#pred catch len freq
 1.08616e-11 1.17944e-09 7.55085e-08 2.85007e-06 6.34244e-05 0.000832165 0.00643822 0.0293897 0.0794091 0.12902 0.135607 0.117419 0.111474 0.102002 0.0775441 0.0549961 0.0396615 0.0286228 0.0211409 0.0163561 0.0135006 0.012015 0.0108597 0.0085785 0.00506739
 1.45017e-11 1.57472e-09 1.00815e-07 3.80525e-06 8.46805e-05 0.00111105 0.00859544 0.0392276 0.105861 0.170947 0.174751 0.138675 0.116674 0.0970267 0.0639016 0.0353587 0.0192592 0.0105847 0.00600497 0.00371961 0.00256693 0.00198629 0.00164762 0.00126337 0.000750223
 1.18437e-11 1.28608e-09 8.23363e-08 3.10779e-06 6.91597e-05 0.000907425 0.00702086 0.0320583 0.0867422 0.14192 0.153734 0.144287 0.146982 0.130515 0.0831211 0.0407099 0.0182511 0.00777028 0.00310627 0.0012885 0.000618519 0.000362505 0.00025211 0.000177749 0.000102712
 1.32488e-11 1.43866e-09 9.21046e-08 3.47649e-06 7.73645e-05 0.00101506 0.0078532 0.0358476 0.0968397 0.157192 0.164504 0.140433 0.129907 0.113247 0.076159 0.042233 0.0212269 0.00900081 0.00307861 0.000926817 0.0002779 9.57403e-05 4.3878e-05 2.49011e-05 1.32159e-05
 1.36598e-11 1.48329e-09 9.49613e-08 3.58432e-06 7.9764e-05 0.00104655 0.00809675 0.0369587 0.0998334 0.161986 0.16921 0.143579 0.13136 0.112234 0.0717513 0.0361688 0.0167861 0.00716643 0.00263287 0.000822985 0.000216808 4.99454e-05 1.1938e-05 3.81355e-06 1.53924e-06
 1.39571e-11 1.51557e-09 9.70281e-08 3.66233e-06 8.15e-05 0.00106932 0.0082729 0.0377615 0.101984 0.165336 0.172049 0.144311 0.130132 0.110257 0.0698389 0.0344672 0.0153634 0.00615803 0.00208758 0.000618249 0.000163292 3.69645e-05 7.01481e-06 1.2159e-06 2.45737e-07
 1.37786e-11 1.49619e-09 9.57877e-08 3.61551e-06 8.04581e-05 0.00105565 0.00816722 0.0372807 0.100707 0.163435 0.170865 0.145308 0.133099 0.113075 0.0707379 0.0337938 0.0144066 0.00554677 0.00179295 0.000494378 0.000119923 2.53571e-05 4.58547e-06 6.91795e-07 8.84801e-08
 1.34706e-11 1.46274e-09 9.36461e-08 3.53467e-06 7.86593e-05 0.00103206 0.00798471 0.0364492 0.0984827 0.160001 0.168099 0.145044 0.135182 0.11587 0.073005 0.0352941 0.0152071 0.00582183 0.00182938 0.000480881 0.000109815 2.15665e-05 3.58714e-06 4.98412e-07 5.65577e-08
 1.33864e-11 1.45361e-09 9.30613e-08 3.5126e-06 7.81681e-05 0.00102561 0.00793485 0.0362217 0.0978695 0.159017 0.167124 0.144367 0.13482 0.115985 0.0738064 0.0364896 0.0161905 0.00634578 0.00203175 0.000540142 0.000122163 2.31203e-05 3.62189e-06 4.66409e-07 4.85115e-08
 1.35693e-11 1.47347e-09 9.43327e-08 3.56059e-06 7.9236e-05 0.00103962 0.00804322 0.0367156 0.0991941 0.161088 0.16892 0.144949 0.134234 0.114767 0.0723045 0.0350238 0.0151844 0.00589649 0.0018994 0.000512748 0.00011793 2.25409e-05 3.50578e-06 4.372e-07 4.29776e-08
 1.35804e-11 1.47467e-09 9.44095e-08 3.56349e-06 7.93005e-05 0.00104047 0.00804978 0.0367459 0.0992806 0.161266 0.169279 0.145674 0.135259 0.115432 0.0720041 0.0340386 0.0142545 0.00536134 0.00167282 0.000437716 9.89864e-05 1.8951e-05 2.97962e-06 3.74379e-07 3.6549e-08
 1.3179e-11 1.43108e-09 9.16191e-08 3.45817e-06 7.69568e-05 0.00100972 0.00781199 0.0356629 0.0963875 0.156834 0.165871 0.145869 0.138789 0.119594 0.0746784 0.0351883 0.014624 0.00542453 0.00165033 0.000415692 9.01202e-05 1.66316e-05 2.55302e-06 3.18409e-07 3.12027e-08
 1.2937e-11 1.4048e-09 8.99369e-08 3.39467e-06 7.55437e-05 0.000991181 0.00766863 0.0350098 0.0946418 0.15415 0.16376 0.145831 0.14068 0.121943 0.0763489 0.0360929 0.0150416 0.00556707 0.0016761 0.000413613 8.69977e-05 1.54412e-05 2.26827e-06 2.71787e-07 2.5902e-08
 1.26529e-11 1.37395e-09 8.79619e-08 3.32012e-06 7.38849e-05 0.000969417 0.0075003 0.0342427 0.0925874 0.150958 0.161089 0.145254 0.142082 0.124139 0.0784892 0.0378621 0.0161999 0.00610964 0.00186104 0.000462793 9.72921e-05 1.70403e-05 2.43774e-06 2.81516e-07 2.57324e-08
 1.21685e-11 1.32135e-09 8.45942e-08 3.19301e-06 7.10562e-05 0.000932306 0.00721329 0.0329352 0.0890906 0.145568 0.156782 0.144953 0.14551 0.128553 0.0818085 0.0398812 0.0173226 0.00664239 0.00206801 0.000528719 0.000113926 2.02562e-05 2.90932e-06 3.32993e-07 2.97682e-08
 1.28228e-11 1.3924e-09 8.91429e-08 3.3647e-06 7.48769e-05 0.000982432 0.00760097 0.0347017 0.0938192 0.152893 0.162812 0.145944 0.141767 0.123165 0.0770445 0.0363023 0.0150767 0.00558542 0.0016946 0.000424105 9.06574e-05 1.62632e-05 2.37618e-06 2.75939e-07 2.48017e-08
 1.36091e-11 1.47779e-09 9.46095e-08 3.57104e-06 7.94685e-05 0.00104267 0.00806683 0.0368235 0.0994869 0.161575 0.169482 0.145548 0.134848 0.11507 0.0719592 0.0342039 0.0143652 0.00534045 0.00160873 0.000396262 8.30476e-05 1.46384e-05 2.1195e-06 2.4698e-07 2.24762e-08
 1.3751e-11 1.49319e-09 9.55956e-08 3.60826e-06 8.02968e-05 0.00105354 0.00815093 0.0372079 0.100532 0.163322 0.171543 0.147838 0.137198 0.115999 0.0700468 0.0305124 0.0112897 0.00381503 0.00108825 0.000256962 5.1854e-05 8.84896e-06 1.24516e-06 1.41778e-07 1.27289e-08
 1.43726e-11 1.56069e-09 9.99167e-08 3.77136e-06 8.39263e-05 0.00110116 0.00851915 0.0388848 0.105008 0.170159 0.176694 0.147194 0.131232 0.109305 0.0662483 0.0293906 0.0111328 0.00375379 0.00102048 0.000220176 4.02833e-05 6.38775e-06 8.54483e-07 9.36228e-08 8.14851e-09
 1.41728e-11 1.539e-09 9.85279e-08 3.71894e-06 8.27598e-05 0.00108585 0.00840084 0.0383465 0.103579 0.168038 0.1754 0.148395 0.134663 0.112457 0.0670404 0.0283488 0.00994568 0.00316061 0.000837717 0.000177835 3.13756e-05 4.62928e-06 5.6218e-07 5.61601e-08 4.55998e-09
 1.37919e-11 1.49764e-09 9.58802e-08 3.619e-06 8.05359e-05 0.00105668 0.0081752 0.0373186 0.10083 0.163802 0.172024 0.148187 0.137414 0.116012 0.0697492 0.0299942 0.0107819 0.00345856 0.000896772 0.000180822 3.00413e-05 4.23219e-06 4.93045e-07 4.63745e-08 3.46294e-09
 1.4595e-11 1.58485e-09 1.01463e-07 3.82974e-06 8.52254e-05 0.0011182 0.00865096 0.0394852 0.106612 0.172616 0.178585 0.14709 0.129288 0.107028 0.0648148 0.0287941 0.0109232 0.00367337 0.000985783 0.000205288 3.48026e-05 4.84492e-06 5.41307e-07 4.83255e-08 3.42718e-09
 1.452e-11 1.57669e-09 1.00941e-07 3.81003e-06 8.4787e-05 0.00111245 0.00860648 0.0392827 0.106073 0.171806 0.178035 0.147367 0.130306 0.108012 0.0651384 0.0286054 0.0106992 0.00360396 0.000996587 0.000220049 3.99668e-05 5.88743e-06 6.81972e-07 6.1477e-08 4.27266e-09
 1.49736e-11 1.62596e-09 1.04095e-07 3.92908e-06 8.74361e-05 0.0011472 0.00887528 0.0405075 0.109352 0.176886 0.182223 0.148073 0.127736 0.104279 0.0617959 0.0260692 0.00912012 0.00288725 0.000761619 0.000161098 2.85441e-05 4.26241e-06 5.16967e-07 4.92444e-08 3.57545e-09
 1.52151e-11 1.65218e-09 1.05774e-07 3.99244e-06 8.88461e-05 0.0011657 0.00901835 0.0411596 0.1111 0.179613 0.18456 0.148747 0.126824 0.102595 0.0598933 0.0243029 0.00790787 0.00231725 0.000570481 0.000110927 1.78118e-05 2.44624e-06 2.81665e-07 2.64457e-08 1.96101e-09
 1.52445e-11 1.65537e-09 1.05978e-07 4.00016e-06 8.90179e-05 0.00116796 0.00903579 0.041239 0.111312 0.179941 0.184821 0.148763 0.126614 0.102333 0.0597077 0.0241968 0.00784111 0.00227238 0.000545123 0.000100579 1.48802e-05 1.85335e-06 1.92575e-07 1.64162e-08 1.13303e-09
 1.55089e-11 1.68408e-09 1.07816e-07 4.06953e-06 9.05617e-05 0.00118821 0.00919241 0.0419523 0.113216 0.182847 0.187004 0.148466 0.124036 0.0994413 0.0580615 0.0237172 0.00780797 0.00229872 0.000556697 0.00010319 1.51952e-05 1.84272e-06 1.80662e-07 1.41143e-08 8.79218e-10
 1.46833e-11 1.59443e-09 1.02077e-07 3.8529e-06 8.57409e-05 0.00112496 0.00870332 0.0397249 0.107269 0.173758 0.180123 0.149219 0.131817 0.108293 0.0632802 0.0254664 0.00813292 0.00232488 0.00055467 0.000102222 1.50154e-05 1.81776e-06 1.77229e-07 1.3587e-08 8.10897e-10
#obs catch len freq
 1.07398e-11 1.16621e-09 7.46619e-08 2.81812e-06 6.27137e-05 0.000822853 0.0063667 0.0290748 0.0787096 0.129048 0.140832 0.134503 0.140674 0.132251 0.0965338 0.0587453 0.0314268 0.0140695 0.00506845 0.00144133 0.000311914 4.92203e-05 5.47648e-06 4.1908e-07 2.16279e-08
 1.73892e-11 1.88827e-09 1.20888e-07 4.56294e-06 0.000101542 0.00133226 0.0103063 0.0470229 0.126713 0.20307 0.200061 0.138798 0.0935058 0.070964 0.0503262 0.0312031 0.0165179 0.00699514 0.00232314 0.000610069 0.000124291 1.88259e-05 2.02968e-06 1.5015e-07 7.40615e-09
 1.37831e-11 1.49668e-09 9.58185e-08 3.61668e-06 8.04845e-05 0.00105601 0.00817048 0.0373045 0.100867 0.16427 0.17352 0.149717 0.135973 0.112094 0.067766 0.0307695 0.0121598 0.00443445 0.00138995 0.000347117 6.58379e-05 9.1832e-06 9.16347e-07 6.34704e-08 2.95852e-09
 1.54041e-11 1.67271e-09 1.07088e-07 4.04205e-06 8.99504e-05 0.0011802 0.00913075 0.0416759 0.112508 0.181796 0.185444 0.143903 0.114723 0.0925147 0.0619226 0.0336814 0.0148892 0.0050065 0.00124648 0.000241088 3.78266e-05 4.67358e-06 4.25109e-07 2.69719e-08 1.15339e-09
 1.48472e-11 1.61223e-09 1.03216e-07 3.89591e-06 8.66985e-05 0.00113755 0.00880122 0.0401812 0.108585 0.176231 0.182845 0.148425 0.123692 0.0984522 0.0616833 0.03078 0.0130546 0.00454868 0.00121555 0.000239643 3.41514e-05 3.49565e-06 2.58266e-07 1.3724e-08 5.11333e-10
 1.63196e-11 1.77212e-09 1.13452e-07 4.28227e-06 9.52964e-05 0.00125035 0.00967362 0.0441558 0.119212 0.192561 0.195553 0.148083 0.111262 0.0838155 0.0522979 0.02635 0.0109764 0.00361304 0.000901731 0.000169849 2.3838e-05 2.40441e-06 1.68029e-07 7.95287e-09 2.5218e-10
 1.56585e-11 1.70033e-09 1.08856e-07 4.1088e-06 9.14362e-05 0.00119972 0.00928247 0.0423813 0.114547 0.185862 0.191954 0.151992 0.119924 0.0902585 0.053693 0.0250934 0.00974714 0.00307225 0.000743935 0.000134674 1.78784e-05 1.69755e-06 1.12408e-07 5.06817e-09 1.5201e-10
 1.57931e-11 1.71494e-09 1.09792e-07 4.14411e-06 9.22223e-05 0.00121004 0.0093625 0.0427494 0.115562 0.187573 0.19364 0.15237 0.11836 0.0881796 0.0527679 0.0249442 0.00956542 0.00286038 0.000639093 0.000106075 1.30264e-05 1.15484e-06 7.15377e-08 3.0111e-09 8.42351e-11
 1.57673e-11 1.71214e-09 1.09613e-07 4.13735e-06 9.2072e-05 0.00120808 0.00934767 0.0426874 0.115448 0.187672 0.194519 0.153904 0.11919 0.0876277 0.0516843 0.0241038 0.00912101 0.00269257 0.000591072 9.47478e-05 1.09562e-05 8.96166e-07 5.07891e-08 1.95751e-09 5.0353e-11
 1.42955e-11 1.55233e-09 9.93813e-08 3.75117e-06 8.34786e-05 0.00109536 0.0084767 0.0387322 0.104993 0.172222 0.184215 0.157251 0.132242 0.100317 0.0592156 0.0273483 0.0101535 0.0029196 0.00062252 9.67721e-05 1.08076e-05 8.46322e-07 4.53166e-08 1.62623e-09 3.84861e-11
 1.53544e-11 1.6673e-09 1.06742e-07 4.02901e-06 8.96615e-05 0.00117648 0.00910405 0.0415892 0.112612 0.183762 0.192447 0.154942 0.121155 0.0895332 0.0540916 0.0260653 0.00991325 0.00283125 0.000587066 8.77427e-05 9.36457e-06 6.98485e-07 3.55283e-08 1.20657e-09 2.6873e-11
 1.47042e-11 1.5967e-09 1.02222e-07 3.85841e-06 8.58658e-05 0.00112671 0.00871999 0.0398531 0.108097 0.177486 0.189521 0.158968 0.128551 0.0942966 0.0549818 0.025447 0.00947121 0.00271864 0.000574611 8.69725e-05 9.21006e-06 6.67133e-07 3.2451e-08 1.04428e-09 2.19231e-11
 1.45679e-11 1.5819e-09 1.01275e-07 3.82266e-06 8.50706e-05 0.0011163 0.00863999 0.0394964 0.107205 0.176368 0.189128 0.159335 0.128788 0.094703 0.0559625 0.0262029 0.00965005 0.00268163 0.000545587 8.01362e-05 8.32808e-06 5.94972e-07 2.84282e-08 8.89296e-10 1.79258e-11
 1.44623e-11 1.57043e-09 1.00541e-07 3.79496e-06 8.44549e-05 0.00110825 0.00857857 0.0392289 0.106596 0.175943 0.190189 0.161954 0.130757 0.0945167 0.0544687 0.0247757 0.00886063 0.00239212 0.000470879 6.63278e-05 6.5597e-06 4.45137e-07 2.02687e-08 6.07081e-10 1.17501e-11
 1.2545e-11 1.36224e-09 8.72119e-08 3.29188e-06 7.32611e-05 0.00096146 0.00744508 0.0340917 0.0930877 0.156232 0.177397 0.166179 0.146478 0.110147 0.0645242 0.0295252 0.0104745 0.00277092 0.000530584 7.22994e-05 6.87422e-06 4.45369e-07 1.92344e-08 5.43748e-10 9.90936e-12
 1.32928e-11 1.44344e-09 9.24106e-08 3.48811e-06 7.76281e-05 0.00101876 0.00788826 0.0361088 0.0984389 0.164102 0.182034 0.162229 0.136969 0.103381 0.0631177 0.0301959 0.0109356 0.00288047 0.000540311 7.13212e-05 6.51256e-06 4.02574e-07 1.65045e-08 4.41e-10 7.56647e-12
 1.32166e-11 1.43517e-09 9.18813e-08 3.46815e-06 7.71853e-05 0.00101301 0.00784522 0.0359334 0.0981396 0.164436 0.184433 0.166272 0.139251 0.101827 0.0597374 0.0277702 0.0100066 0.00267167 0.00050911 6.74064e-05 6.06035e-06 3.62818e-07 1.42339e-08 3.60969e-10 5.84466e-12
 1.40384e-11 1.52441e-09 9.75944e-08 3.6838e-06 8.1985e-05 0.001076 0.00833293 0.0381607 0.104123 0.173688 0.191638 0.166093 0.132654 0.094159 0.054225 0.0245795 0.00853453 0.00218939 0.000403869 5.23215e-05 4.63239e-06 2.72812e-07 1.04533e-08 2.56324e-10 3.97278e-12
 1.35779e-11 1.4744e-09 9.43934e-08 3.56301e-06 7.92993e-05 0.00104086 0.00806347 0.0369651 0.101182 0.170328 0.192049 0.171728 0.138614 0.0957575 0.0523514 0.022353 0.00734004 0.00178873 0.000313408 3.85119e-05 3.23837e-06 1.81869e-07 6.67542e-09 1.57232e-10 2.34104e-12
 1.45909e-11 1.5844e-09 1.01436e-07 3.82884e-06 8.52157e-05 0.00111851 0.00866435 0.039705 0.108503 0.181452 0.200192 0.170591 0.130159 0.0867285 0.0462668 0.0190559 0.00590112 0.00133219 0.000214654 2.42879e-05 1.88982e-06 9.86752e-08 3.37955e-09 7.45048e-11 1.04134e-12
 1.34721e-11 1.46291e-09 9.36586e-08 3.53534e-06 7.86884e-05 0.00103303 0.0080069 0.0367585 0.100998 0.171524 0.196343 0.177259 0.140654 0.0932046 0.048069 0.0189868 0.00564835 0.00122401 0.000187568 1.98922e-05 1.43215e-06 6.86987e-08 2.15796e-09 4.3701e-11 5.62632e-13
 1.50158e-11 1.63055e-09 1.04391e-07 3.94044e-06 8.77028e-05 0.00115127 0.00892045 0.0409028 0.1119 0.187316 0.205861 0.171881 0.126281 0.0811969 0.0419762 0.0165593 0.00480707 0.000995384 0.000144105 1.43657e-05 9.68522e-07 4.32801e-08 1.2585e-09 2.34543e-11 2.76751e-13
 1.50522e-11 1.63451e-09 1.04645e-07 3.95008e-06 8.79214e-05 0.00115429 0.00894702 0.0410645 0.112626 0.189656 0.210647 0.177009 0.127201 0.076994 0.0366862 0.0133994 0.00367758 0.000732244 0.00010216 9.72733e-06 6.19074e-07 2.58743e-08 6.99591e-10 1.20791e-11 1.31674e-13
 1.5039e-11 1.63307e-09 1.04554e-07 3.9467e-06 8.78499e-05 0.00115348 0.00894325 0.0410761 0.11284 0.190628 0.212672 0.178892 0.127385 0.0756177 0.034894 0.0120889 0.00307798 0.000561531 7.18175e-05 6.32252e-06 3.75453e-07 1.4711e-08 3.72743e-10 6.00998e-12 6.09152e-14
 1.42695e-11 1.54952e-09 9.92054e-08 3.74493e-06 8.33659e-05 0.00109486 0.00849429 0.0390816 0.107846 0.184205 0.210228 0.182695 0.133417 0.0798484 0.0367199 0.0125531 0.003113 0.000544494 6.5652e-05 5.36778e-06 2.93193e-07 1.05338e-08 2.45157e-10 3.64419e-12 3.41682e-14
 1.44324e-11 1.56721e-09 1.00339e-07 3.78779e-06 8.43243e-05 0.00110758 0.00859533 0.039569 0.109298 0.186857 0.212882 0.183221 0.131444 0.0771939 0.0348246 0.0116121 0.00278317 0.000466344 5.34304e-05 4.11676e-06 2.10073e-07 6.99266e-09 1.49729e-10 2.03782e-12 1.7452e-14
 1.40618e-11 1.52698e-09 9.77644e-08 3.69075e-06 8.2172e-05 0.00107958 0.00838313 0.038649 0.10712 0.184442 0.212688 0.185466 0.133788 0.0783505 0.0351133 0.0115931 0.00273834 0.0004495 5.00727e-05 3.71652e-06 1.80902e-07 5.69142e-09 1.1427e-10 1.44845e-12 1.1487e-14
 1.4092e-11 1.53027e-09 9.79764e-08 3.6989e-06 8.23609e-05 0.0010823 0.00840844 0.0388077 0.10779 0.186239 0.2154 0.187142 0.132886 0.0758864 0.0329696 0.0105 0.00238356 0.000375316 4.00562e-05 2.84373e-06 1.3205e-07 3.94898e-09 7.50358e-11 8.95874e-13 6.66044e-15
#spawning biomass
 2529.43 3854.73 6421.12 9679.59 15099.8 23899.9 34927.4 49899.4 71858.6 94887.7 118289 140634 151704 164332 167341 139743 146310 131172 134730 128002 121817 131497 159179 162734 156098 157578 168613 175213 233164 232056 117334 51148.6 27572.4 20354.9 18308.6 17756.8 17613.2 17576.8 17567.7 17565.5 17565 17564.8 17564.8 17564.8 17564.8 17564.8 17564.8 17564.8 17564.8 17564.8 17564.8 17564.8 17564.8 17564.8 17564.8 17564.8 17564.8 17564.8 17564.8 17564.8 17564.8 17564.8 17564.8 17564.8 17564.8 17564.8 17564.8 17564.8 17564.8 17564.8 17564.8 17564.8 17564.8 17564.8 17564.8 17564.8 17564.8 17564.8 17564.8 17564.8 17564.8 17564.8 17564.8 17564.8 17564.8 17564.8 17564.8 17564.8 17564.8 17564.8 17564.8 17564.8 17564.8 17564.8 17564.8 17564.8 17564.8 17564.8 17564.8 17564.8 17564.8 17564.8 17564.8 17564.8 17564.8 17564.8 17564.8 17564.8 17564.8 17564.8 17564.8 17564.8 17564.8 17564.8 17564.8 17564.8 17564.8 17564.8 17564.8 17564.8 17564.8 17564.8 17564.8 17564.8 17564.8 17564.8 17564.8 17564.8 0 0 0 0 0 0 0 0 0 0 0 0 0 0 0 0 0 0 0 0 0 0 0 0 0
