SBPRF35
1.3267
Curr Bio
272805
B35
2.90613e+06
F35
0.168545
FOFL
0
OFL
0
Bzero
379056
#pred survey bio
 29181.8 28972.2 21021.4 15466 28197.1 41398.8 69514.4 105237 165507 195368 190042 184294 232572 251725 263437 271849 241006 263440 251244 256614 253546 237072 282469 279569 299264 296862 261612 344330 1.11284e+07 1.74862e+07 2.09412e+07 2.17085e+07 2.0653e+07 1.86165e+07 1.62266e+07 1.38713e+07 1.17518e+07 9.94629e+06 8.46221e+06 7.27123e+06 6.3309e+06 5.59651e+06 5.02021e+06 4.55935e+06 4.21188e+06 3.94857e+06 3.74793e+06 3.59412e+06 3.47547e+06 3.38332e+06 3.31126e+06 3.2545e+06 3.20947e+06 3.17348e+06 3.14451e+06 3.12103e+06 3.10187e+06 3.08614e+06 3.07314e+06 3.06235e+06 3.05335e+06 3.0458e+06 3.03944e+06 3.03407e+06 3.02952e+06 3.02565e+06 3.02236e+06 3.01954e+06 3.01714e+06 3.01508e+06 3.01331e+06 3.01179e+06 3.01048e+06 3.00936e+06 3.00839e+06 3.00756e+06 3.00684e+06 3.00622e+06 3.00569e+06 3.00522e+06 3.00483e+06 3.00448e+06 3.00419e+06 3.00393e+06 3.00371e+06 3.00352e+06 3.00335e+06 3.00321e+06 3.00308e+06 3.00298e+06 3.00288e+06 3.0028e+06 3.00274e+06 3.00268e+06 3.00262e+06 3.00258e+06 3.00254e+06 3.00251e+06 3.00248e+06 3.00245e+06 3.00243e+06 3.00241e+06 3.0024e+06 3.00238e+06 3.00237e+06 3.00236e+06 3.00235e+06 3.00234e+06 3.00234e+06 3.00233e+06 3.00233e+06 3.00232e+06 3.00232e+06 3.00232e+06 3.00231e+06 3.00231e+06 3.00231e+06 3.00231e+06 3.00231e+06 3.0023e+06 3.0023e+06 3.0023e+06 3.0023e+06 3.0023e+06 3.0023e+06 3.0023e+06 3.0023e+06 3.0023e+06 0 0 0 0 0 0 0 0 0 0 0 0 0 0 0 0 0 0 0 0 0 0 0 0 0
#obs survey bio
 25986.4 17885 16040.9 20099.8 28415.9 27421.4 75080.8 83306 153291 189729 123795 155818 261214 148816 278086 200287 143519 217118 235700 201400 257238 167731 212389 312798 234412 271274 206607 271261
#pred catch bio
 15564.1 17531.7 14310.8 9725.13 19799.6 28960.9 51254.7 74044.5 125602 157161 161361 146483 191540 208797 219853 240322 204203 229683 216599 228331 229304 205396 253976 245805 269401 274629 231668 261204 0 119587 143038 147621 139454 124485 107174 90278.6 75215.3 62516.2 52204.2 44048.2 37719.3 32877 29178.2 26325.6 24242 22719.9 21608.1 20796 20202.8 19769.4 19452.9 19221.7 19052.8 18929.4 18839.3 18773.5 18725.4 18690.3 18664.6 18645.9 18632.2 18622.2 18614.9 18609.5 18605.6 18602.8 18600.7 18599.2 18598.1 18597.3 18596.7 18596.2 18595.9 18595.7 18595.5 18595.4 18595.3 18595.2 18595.2 18595.2 18595.1 18595.1 18595.1 18595.1 18595.1 18595.1 18595.1 18595.1 18595.1 18595.1 18595.1 18595.1 18595.1 18595.1 18595.1 18595.1 18595.1 18595.1 18595.1 18595.1 18595.1 18595.1 18595.1 18595.1 18595.1 18595.1 18595.1 18595.1 18595.1 18595.1 18595.1 18595.1 18595.1 18595.1 18595.1 18595.1 18595.1 18595.1 18595.1 18595.1 18595.1 18595.1 18595.1 18595.1 18595.1 18595.1 18595.1 18595.1 0 0 0 0 0 0 0 0 0 0 0 0 0 0 0 0 0 0 0 0 0 0 0 0 0
#obs catch bio
 13912.9 18291.8 16349.4 9710.41 13405 24652.5 40295.4 57474.1 101454 130805 162840 131119 160404 194108 180424 220768 188609 200222 176927 194179 193377 176255 217860 188778 220283 226187 191335 214606
#pred cpue bio
 21828.1 23442.8 19266 9823.17 12460 20249.3 29855.4 45192.1 75720 98499 96143.9 76497.4 97848.3 108983 114341 116857 93213.5 102838 98636 99207.1 87369.5 80424 94427.4 93297.7 103769 97646.4 82591.2 96023.3 5.16858e+06 1.73656e+07 2.08251e+07 2.15887e+07 2.05331e+07 1.84966e+07 1.61066e+07 1.37513e+07 1.16318e+07 9.82633e+06 8.34225e+06 7.15127e+06 6.21094e+06 5.47655e+06 4.90025e+06 4.43939e+06 4.09192e+06 3.82861e+06 3.62797e+06 3.47416e+06 3.35551e+06 3.26337e+06 3.1913e+06 3.13454e+06 3.08951e+06 3.05352e+06 3.02455e+06 3.00107e+06 2.98191e+06 2.96618e+06 2.95318e+06 2.94239e+06 2.93339e+06 2.92584e+06 2.91948e+06 2.91411e+06 2.90956e+06 2.90569e+06 2.9024e+06 2.89958e+06 2.89718e+06 2.89512e+06 2.89335e+06 2.89183e+06 2.89052e+06 2.8894e+06 2.88843e+06 2.8876e+06 2.88688e+06 2.88626e+06 2.88573e+06 2.88526e+06 2.88487e+06 2.88452e+06 2.88423e+06 2.88397e+06 2.88375e+06 2.88356e+06 2.88339e+06 2.88325e+06 2.88312e+06 2.88302e+06 2.88292e+06 2.88284e+06 2.88278e+06 2.88272e+06 2.88266e+06 2.88262e+06 2.88258e+06 2.88255e+06 2.88252e+06 2.88249e+06 2.88247e+06 2.88245e+06 2.88244e+06 2.88242e+06 2.88241e+06 2.8824e+06 2.88239e+06 2.88238e+06 2.88238e+06 2.88237e+06 2.88237e+06 2.88236e+06 2.88236e+06 2.88236e+06 2.88235e+06 2.88235e+06 2.88235e+06 2.88235e+06 2.88235e+06 2.88234e+06 2.88234e+06 2.88234e+06 2.88234e+06 2.88234e+06 2.88234e+06 2.88234e+06 2.88234e+06 2.88234e+06 0 0 0 0 0 0 0 0 0 0 0 0 0 0 0 0 0 0 0 0 0 0 0 0 0
#obs cpue bio
 38669.3 31413.7 11488.7 22511.5 25686.9 57960.6 81281.8 130538 210005 197488 155625 135326 190203 219540 258918 225055 193987 236642 233700 238808 175650 190609 242468 245863 281001 238530 213257 258853
#pred surv len freq
 1.30649e-11 1.41807e-09 9.07565e-08 3.42487e-06 7.62078e-05 0.000999889 0.0077365 0.035318 0.0953727 0.154323 0.158997 0.129343 0.113207 0.0983883 0.0705951 0.0456899 0.0295917 0.0189116 0.0122477 0.00837723 0.00620741 0.00506521 0.00431911 0.00330574 0.00192348
 9.66897e-12 1.04947e-09 6.71662e-08 2.53465e-06 5.63996e-05 0.00074002 0.00572684 0.0261678 0.0709948 0.11755 0.133619 0.140643 0.158406 0.14601 0.0947451 0.0484299 0.0245322 0.0133664 0.00752535 0.00431586 0.00260573 0.00175444 0.00131171 0.000949081 0.000548387
 4.98041e-12 5.40576e-10 3.45968e-08 1.30558e-06 2.90516e-05 0.000381221 0.00295152 0.0135176 0.0371022 0.0648711 0.089512 0.131159 0.181863 0.183229 0.131889 0.0794419 0.0441866 0.0215794 0.00954281 0.00430351 0.0020733 0.00108656 0.000646732 0.00040885 0.00022398
 1.59212e-11 1.72809e-09 1.10598e-07 4.17361e-06 9.28679e-05 0.00121846 0.00942696 0.0430186 0.115941 0.185781 0.182869 0.126996 0.0873022 0.0709624 0.0590232 0.0475197 0.033802 0.0197353 0.00965788 0.00406936 0.00154638 0.000592225 0.0002549 0.000125166 6.00148e-05
 1.8321e-11 1.98856e-09 1.27268e-07 4.80269e-06 0.000106866 0.00140212 0.010848 0.0495051 0.133449 0.21404 0.211608 0.148931 0.101997 0.0720982 0.0386908 0.0132797 0.00299361 0.000635156 0.000233492 0.000109742 4.46025e-05 1.51802e-05 4.74976e-06 1.58476e-06 5.77238e-07
 1.73581e-11 1.88406e-09 1.2058e-07 4.5503e-06 0.00010125 0.00132844 0.0102781 0.0469095 0.126519 0.203461 0.203683 0.150097 0.111541 0.0828073 0.0448184 0.0150564 0.00301403 0.000356502 2.48737e-05 1.02338e-06 2.48279e-08 3.55157e-10 2.99562e-12 1.48991e-14 4.3745e-17
 1.85115e-11 2.00925e-09 1.28592e-07 4.85264e-06 0.000107977 0.0014167 0.0109608 0.0500191 0.134825 0.216164 0.21332 0.149097 0.100732 0.0704722 0.0374996 0.012552 0.00251088 0.000296946 2.07178e-05 8.52392e-07 2.06796e-08 2.95816e-10 2.49509e-12 1.24095e-14 3.63911e-17
 1.85125e-11 2.00936e-09 1.28598e-07 4.8529e-06 0.000107983 0.00141678 0.0109614 0.0500218 0.134832 0.216175 0.213328 0.149096 0.100723 0.0704616 0.0374933 0.0125498 0.00251045 0.000296895 2.07142e-05 8.52245e-07 2.0676e-08 2.95765e-10 2.49466e-12 1.24074e-14 3.63848e-17
 1.79829e-11 1.95188e-09 1.2492e-07 4.71408e-06 0.000104894 0.00137625 0.0106479 0.048594 0.131018 0.210343 0.208903 0.149555 0.105686 0.0761252 0.0408537 0.0136997 0.00274147 0.00032424 2.26224e-05 9.30754e-07 2.25807e-08 3.23011e-10 2.72448e-12 1.35504e-14 3.97366e-17
 1.70498e-11 1.85059e-09 1.18438e-07 4.46947e-06 9.94514e-05 0.00130485 0.0100957 0.0460783 0.124298 0.200065 0.201106 0.150364 0.11443 0.0861047 0.0467749 0.0157258 0.00314854 0.000372423 2.59846e-05 1.06909e-06 2.59369e-08 3.7102e-10 3.12942e-12 1.55644e-14 4.56427e-17
 1.70138e-11 1.84668e-09 1.18187e-07 4.46002e-06 9.92411e-05 0.00130209 0.0100743 0.0459811 0.124039 0.199668 0.200805 0.150395 0.114768 0.0864902 0.0470036 0.0158041 0.00316426 0.000374284 2.61145e-05 1.07444e-06 2.60665e-08 3.72875e-10 3.14506e-12 1.56422e-14 4.58708e-17
 1.87746e-11 2.0378e-09 1.30419e-07 4.92161e-06 0.000109512 0.00143684 0.0111165 0.0507284 0.136719 0.219062 0.215518 0.148868 0.0982671 0.0676586 0.0358302 0.0119807 0.00239611 0.000283362 1.97698e-05 8.13389e-07 1.97333e-08 2.8228e-10 2.38093e-12 1.18417e-14 3.47259e-17
 1.86722e-11 2.02669e-09 1.29708e-07 4.89478e-06 0.000108915 0.001429 0.0110559 0.0504525 0.135982 0.217934 0.214663 0.148957 0.0992263 0.0687533 0.0364797 0.012203 0.00244076 0.000288647 2.01387e-05 8.28564e-07 2.01015e-08 2.87546e-10 2.42534e-12 1.20626e-14 3.53737e-17
 1.84475e-11 2.0023e-09 1.28147e-07 4.83585e-06 0.000107604 0.0014118 0.0109229 0.0498464 0.134363 0.215459 0.212784 0.149152 0.101333 0.0711572 0.037906 0.0126911 0.00253882 0.000300254 2.09486e-05 8.61888e-07 2.091e-08 2.99111e-10 2.52289e-12 1.25478e-14 3.67964e-17
 1.84272e-11 2.00009e-09 1.28006e-07 4.83053e-06 0.000107485 0.00141025 0.0109108 0.0497917 0.134217 0.215235 0.212615 0.14917 0.101523 0.0713743 0.0380348 0.0127351 0.00254768 0.000301302 2.10217e-05 8.64897e-07 2.0983e-08 3.00155e-10 2.5317e-12 1.25916e-14 3.69249e-17
 1.85046e-11 2.0085e-09 1.28544e-07 4.85083e-06 0.000107937 0.00141617 0.0109567 0.0500005 0.134775 0.216088 0.213262 0.149103 0.100797 0.0705462 0.0375434 0.012567 0.0025139 0.000297304 2.07427e-05 8.53417e-07 2.07044e-08 2.96171e-10 2.49809e-12 1.24245e-14 3.64348e-17
 1.92757e-11 2.09219e-09 1.339e-07 5.05296e-06 0.000112434 0.00147518 0.011413 0.0520793 0.140327 0.22458 0.219704 0.148434 0.0935717 0.0622998 0.0326506 0.0108927 0.00217752 0.000257489 1.79644e-05 7.39105e-07 1.79311e-08 2.565e-10 2.16348e-12 1.07602e-14 3.15545e-17
 1.92132e-11 2.0854e-09 1.33465e-07 5.03657e-06 0.00011207 0.0014704 0.011376 0.0519108 0.139877 0.223892 0.219182 0.148488 0.0941575 0.0629684 0.0330473 0.0110285 0.00220479 0.000260717 1.81897e-05 7.48373e-07 1.8156e-08 2.59717e-10 2.19061e-12 1.08952e-14 3.19501e-17
 1.91743e-11 2.08119e-09 1.33196e-07 5.02639e-06 0.000111843 0.00146742 0.0113531 0.0518061 0.139598 0.223464 0.218858 0.148522 0.0945213 0.0633836 0.0332937 0.0111128 0.00222173 0.000262722 1.83295e-05 7.54129e-07 1.82956e-08 2.61714e-10 2.20746e-12 1.0979e-14 3.21959e-17
 1.92786e-11 2.0925e-09 1.3392e-07 5.05372e-06 0.000112451 0.0014754 0.0114148 0.0520872 0.140348 0.224612 0.219729 0.148431 0.0935444 0.0622688 0.0326322 0.0108864 0.00217625 0.000257339 1.79539e-05 7.38674e-07 1.79207e-08 2.5635e-10 2.16222e-12 1.0754e-14 3.15361e-17
 1.99847e-11 2.16914e-09 1.38825e-07 5.23882e-06 0.00011657 0.00152944 0.0118326 0.0539909 0.145433 0.232389 0.225628 0.147819 0.0869277 0.0547173 0.0281516 0.00935326 0.00186823 0.000220879 1.54097e-05 6.33995e-07 1.53811e-08 2.20022e-10 1.8558e-12 9.22997e-15 2.7067e-17
 2.00716e-11 2.17858e-09 1.39429e-07 5.2616e-06 0.000117077 0.00153609 0.0118841 0.0542252 0.146059 0.233347 0.226355 0.147744 0.0861131 0.0537876 0.0276 0.0091645 0.0018303 0.00021639 1.50965e-05 6.21107e-07 1.50684e-08 2.15549e-10 1.81808e-12 9.04234e-15 2.65167e-17
 2.01514e-11 2.18724e-09 1.39983e-07 5.28252e-06 0.000117542 0.00154219 0.0119313 0.0544403 0.146634 0.234225 0.227021 0.147675 0.0853656 0.0529345 0.0270938 0.00899128 0.0017955 0.000212271 1.48091e-05 6.09281e-07 1.47815e-08 2.11445e-10 1.78346e-12 8.87017e-15 2.60118e-17
 2.01606e-11 2.18824e-09 1.40047e-07 5.28493e-06 0.000117596 0.0015429 0.0119368 0.0544651 0.1467 0.234327 0.227098 0.147667 0.0852793 0.052836 0.0270354 0.0089713 0.00179149 0.000211796 1.47759e-05 6.07916e-07 1.47484e-08 2.10972e-10 1.77947e-12 8.85031e-15 2.59536e-17
 1.99494e-11 2.16532e-09 1.3858e-07 5.22958e-06 0.000116364 0.00152674 0.0118118 0.0538959 0.145179 0.232001 0.225334 0.14785 0.0872579 0.0550941 0.0283752 0.00942976 0.0018836 0.000222698 1.55367e-05 6.39218e-07 1.55078e-08 2.21835e-10 1.87109e-12 9.30602e-15 2.729e-17
 2.02373e-11 2.19656e-09 1.4058e-07 5.30503e-06 0.000118043 0.00154876 0.0119821 0.0546719 0.147252 0.235171 0.227739 0.1476 0.0845607 0.0520159 0.0265488 0.00880479 0.00175803 0.000207836 1.44996e-05 5.96547e-07 1.44726e-08 2.07026e-10 1.74619e-12 8.68479e-15 2.54682e-17
 2.04463e-11 2.21925e-09 1.42032e-07 5.35983e-06 0.000119263 0.00156476 0.0121059 0.0552354 0.148758 0.237473 0.229485 0.147419 0.0826019 0.0497804 0.0252224 0.00835092 0.00166685 0.000197043 1.37464e-05 5.65559e-07 1.37208e-08 1.96272e-10 1.65548e-12 8.23364e-15 2.41452e-17
 2.10086e-11 2.28028e-09 1.45937e-07 5.50722e-06 0.000122542 0.00160779 0.0124386 0.0567514 0.152807 0.243666 0.234183 0.146932 0.0773329 0.0437671 0.0216545 0.00713004 0.00142156 0.000168009 1.17204e-05 4.82201e-07 1.16984e-08 1.67343e-10 1.41147e-12 7.02007e-15 2.05864e-17
#obs surv len freq
 5.03696e-11 4.66808e-09 2.55091e-07 8.21938e-06 0.000156161 0.00174947 0.0115585 0.0450691 0.104125 0.145512 0.135626 0.114132 0.112646 0.107488 0.0882694 0.0641116 0.0391584 0.0192451 0.00775116 0.0025671 0.000672508 0.000132716 1.88948e-05 1.86864e-06 1.24236e-07
 2.67554e-11 2.39154e-09 1.26047e-07 3.91722e-06 7.1783e-05 0.000775751 0.00494746 0.01869 0.042637 0.064346 0.0854384 0.127931 0.171503 0.169995 0.132832 0.0905686 0.0524686 0.0245929 0.0093979 0.00292996 0.000719376 0.000132592 1.75301e-05 1.59875e-06 9.74775e-08
 1.24595e-11 1.07231e-09 5.4416e-08 1.62826e-06 2.87299e-05 0.000298997 0.00183785 0.00671991 0.0151587 0.0246659 0.0412001 0.0771641 0.126748 0.173416 0.197029 0.168674 0.101756 0.044525 0.0153016 0.00431534 0.000972083 0.000165367 2.01836e-05 1.69648e-06 9.50928e-08
 2.68106e-10 2.21805e-08 1.08198e-06 3.11214e-05 0.000527817 0.00527831 0.0311241 0.108217 0.221895 0.268495 0.192442 0.0837198 0.0264561 0.0135183 0.0143865 0.0142762 0.0106061 0.0058268 0.00234441 0.00068401 0.000145174 2.24391e-05 2.48043e-06 1.8975e-07 9.71444e-09
 1.72405e-10 1.36897e-08 6.40953e-07 1.76948e-05 0.000288048 0.00276516 0.0156617 0.05248 0.105513 0.136247 0.143338 0.165018 0.174604 0.125773 0.0560189 0.016062 0.00394279 0.00140267 0.000605096 0.000205443 4.82289e-05 7.62618e-06 8.06779e-07 5.68091e-08 2.63755e-09
 4.31712e-10 3.28544e-08 1.47428e-06 3.9008e-05 0.000608578 0.00559854 0.0303719 0.0972134 0.184076 0.209096 0.152677 0.092859 0.0695626 0.0608339 0.0489636 0.0307803 0.0131181 0.00351923 0.000597856 7.3785e-05 9.01763e-06 1.17617e-06 1.23012e-07 8.62948e-09 3.86554e-10
 5.51057e-10 4.01385e-08 1.7239e-06 4.36568e-05 0.000651904 0.00574022 0.0298127 0.0914547 0.16691 0.187939 0.15208 0.123515 0.106893 0.0738144 0.0374177 0.0156285 0.00581565 0.00179268 0.000414036 6.70223e-05 7.32543e-06 5.48058e-07 3.06611e-08 1.41698e-09 5.24247e-11
 7.9873e-10 5.5613e-08 2.28317e-06 5.527e-05 0.00078892 0.00664038 0.0329681 0.0966915 0.16884 0.182529 0.143657 0.115995 0.101657 0.07491 0.0440633 0.0211915 0.00770131 0.0019314 0.000332356 4.21962e-05 4.24273e-06 3.29783e-07 1.8204e-08 6.73304e-10 1.65496e-11
 1.07809e-09 7.16673e-08 2.80915e-06 6.4926e-05 0.000884823 0.00711093 0.0337144 0.0945155 0.158503 0.168244 0.139515 0.12546 0.113607 0.08137 0.0458887 0.0212741 0.00757085 0.0018995 0.000330447 4.08964e-05 3.67044e-06 2.3847e-07 1.11328e-08 3.69376e-10 8.48772e-12
 1.19908e-09 7.60187e-08 2.84171e-06 6.26367e-05 0.000814109 0.00624042 0.0282362 0.0757596 0.123345 0.135195 0.134099 0.148014 0.143427 0.104492 0.0601618 0.0279393 0.00957123 0.00223975 0.000357084 4.05096e-05 3.38753e-06 2.07234e-07 8.96419e-09 2.65858e-10 5.30231e-12
 2.46203e-09 1.48701e-07 5.29567e-06 0.000111203 0.00137692 0.0100541 0.0433149 0.110392 0.168693 0.164853 0.129737 0.113884 0.10213 0.0765639 0.0470739 0.0224777 0.00746196 0.00161719 0.000229697 2.24223e-05 1.58953e-06 8.35685e-08 3.1927e-09 8.56174e-11 1.56246e-12
 3.70118e-09 2.12757e-07 7.21131e-06 0.000144123 0.00169846 0.0118042 0.048415 0.117611 0.17231 0.165514 0.135726 0.123551 0.10378 0.0666106 0.0337056 0.0138254 0.00424657 0.000904949 0.000132359 1.35859e-05 9.87539e-07 5.00331e-08 1.7318e-09 4.05643e-11 6.40601e-13
 5.09125e-09 2.78288e-07 8.96915e-06 0.000170451 0.0019101 0.0126242 0.0492592 0.114065 0.160831 0.154545 0.136809 0.133238 0.111964 0.0707232 0.0352027 0.0138739 0.00393405 0.000741028 9.17077e-05 7.77662e-06 4.7862e-07 2.18815e-08 7.22878e-10 1.6475e-11 2.49615e-13
 7.67216e-09 3.98426e-07 1.22001e-05 0.000220279 0.00234528 0.0147274 0.0546115 0.120302 0.162157 0.151707 0.134671 0.130638 0.108059 0.0682949 0.0344031 0.0134432 0.00367157 0.000653614 7.52655e-05 5.79941e-06 3.13004e-07 1.2125e-08 3.34612e-10 6.44668e-12 8.51362e-14
 1.03403e-08 5.09785e-07 1.48194e-05 0.000254021 0.00256764 0.01531 0.0539485 0.113366 0.148393 0.143396 0.141352 0.143924 0.116434 0.0705958 0.0339619 0.0126065 0.00325986 0.000549816 6.01777e-05 4.41768e-06 2.26227e-07 8.19535e-09 2.06735e-10 3.54687e-12 4.0722e-14
 1.79981e-08 8.41801e-07 2.32157e-05 0.000377525 0.00362019 0.0204772 0.0684293 0.13616 0.167541 0.148459 0.130987 0.12354 0.0973795 0.0598124 0.0293175 0.0107482 0.00265973 0.000421461 4.28414e-05 2.89557e-06 1.36002e-07 4.53417e-09 1.05968e-10 1.69038e-12 1.79967e-14
 2.54834e-08 1.13008e-06 2.95492e-05 0.000455598 0.0041424 0.0222207 0.0704843 0.13372 0.160037 0.146735 0.140716 0.134023 0.0988334 0.0545925 0.0238799 0.00797828 0.00184414 0.000278255 2.73955e-05 1.81734e-06 8.38207e-08 2.69991e-09 5.95608e-11 8.80421e-13 8.60324e-15
 3.93782e-08 1.65482e-06 4.10048e-05 0.000599124 0.00516225 0.0262431 0.0789075 0.142047 0.161996 0.14326 0.134032 0.125248 0.0931782 0.0540075 0.0247797 0.00832734 0.00187041 0.000270955 2.56718e-05 1.65151e-06 7.4278e-08 2.33318e-09 5.00244e-11 7.14996e-13 6.70384e-15
 5.31281e-08 2.11487e-06 4.96403e-05 0.00068705 0.00560806 0.0270172 0.0771114 0.132821 0.149848 0.142328 0.146233 0.137213 0.0970674 0.0526038 0.0225351 0.00712099 0.00152043 0.0002124 1.97362e-05 1.26093e-06 5.63148e-08 1.73752e-09 3.61563e-11 4.97791e-13 4.47848e-15
 9.17168e-08 3.45726e-06 7.68432e-05 0.00100712 0.00778423 0.0355059 0.0958885 0.155795 0.163622 0.140277 0.130067 0.115816 0.081676 0.0454073 0.0196455 0.0060356 0.00121894 0.000158688 1.36382e-05 8.0604e-07 3.36201e-08 9.83197e-10 1.96417e-11 2.61313e-13 2.27186e-15
 1.19944e-07 4.2804e-06 9.00705e-05 0.00111762 0.00817932 0.0353466 0.0906979 0.141882 0.151069 0.14533 0.149246 0.130434 0.0839148 0.0412831 0.0159413 0.00449491 0.000853334 0.000106312 8.85928e-06 5.09327e-07 2.04442e-08 5.6513e-10 1.0522e-11 1.29763e-13 1.048e-15
 2.04603e-07 6.91158e-06 0.000137668 0.00161696 0.0112012 0.0458088 0.111131 0.163601 0.160996 0.138712 0.129663 0.109314 0.071636 0.0368985 0.0145179 0.0039693 0.000703915 7.98151e-05 5.93493e-06 3.0208e-07 1.08529e-08 2.74659e-10 4.77365e-12 5.54301e-14 4.21041e-16
 2.74567e-07 8.77898e-06 0.000165514 0.00184012 0.0120676 0.0467551 0.107822 0.1532 0.153593 0.146134 0.144673 0.117014 0.0697475 0.0320788 0.0114339 0.00291239 0.000493955 5.49025e-05 4.08357e-06 2.08495e-07 7.34207e-09 1.75469e-10 2.79154e-12 2.9217e-14 1.99874e-16
 3.72246e-07 1.12657e-05 0.000201039 0.00211564 0.013135 0.0482123 0.10568 0.144783 0.146446 0.147536 0.149672 0.120505 0.0724743 0.0338918 0.0119426 0.00289288 0.000452993 4.54329e-05 2.99964e-06 1.35865e-07 4.33225e-09 9.66135e-11 1.46665e-12 1.4744e-14 9.6149e-17
 5.62532e-07 1.61149e-05 0.000272212 0.00271162 0.0159369 0.0553907 0.115105 0.150219 0.146718 0.144425 0.14254 0.112616 0.067919 0.0319691 0.0111111 0.00261153 0.00039683 3.90879e-05 2.56637e-06 1.15284e-07 3.55686e-09 7.41773e-11 1.02644e-12 9.31692e-15 5.50997e-17
 7.48871e-07 2.03087e-05 0.000324759 0.00306271 0.0170458 0.0561718 0.111288 0.141642 0.143191 0.150603 0.149946 0.115266 0.0674738 0.0308207 0.01037 0.00237521 0.00035881 3.61437e-05 2.48272e-06 1.17e-07 3.72497e-09 7.83813e-11 1.07268e-12 9.45743e-15 5.33352e-17
 1.15471e-06 2.9648e-05 0.00044887 0.00400793 0.0211209 0.0659198 0.123835 0.150061 0.1457 0.147536 0.140878 0.104504 0.0594534 0.026162 0.00831093 0.00176473 0.000243712 2.22682e-05 1.39519e-06 6.13468e-08 1.87965e-09 3.9065e-11 5.35544e-13 4.7403e-15 2.66679e-17
 1.60034e-06 3.89076e-05 0.000557789 0.00471637 0.0235439 0.0697089 0.125026 0.148172 0.147937 0.154423 0.143527 0.100138 0.0528738 0.021541 0.00635901 0.0012595 0.000162416 1.3817e-05 7.99908e-07 3.217e-08 8.95012e-10 1.68914e-11 2.11993e-13 1.7418e-15 9.24092e-18
#pred catch len freq
 1.07831e-12 1.1704e-10 7.49058e-09 2.82679e-07 6.29087e-06 8.25993e-05 0.000641454 0.00298313 0.00880828 0.0203279 0.0494407 0.113627 0.184397 0.194227 0.145098 0.0944548 0.0611753 0.0390854 0.02531 0.0173108 0.0128269 0.0104667 0.00892495 0.00683094 0.00397465
 6.5829e-13 7.14512e-11 4.57292e-09 1.72578e-07 3.84123e-06 5.04759e-05 0.000393584 0.00186742 0.00601283 0.0175569 0.0547617 0.138567 0.227393 0.230703 0.152621 0.0782279 0.0396059 0.0215678 0.0121404 0.00696225 0.00420345 0.00283017 0.00211599 0.00153101 0.00088463
 2.59847e-13 2.82041e-11 1.80511e-09 6.81287e-08 1.51704e-06 1.99771e-05 0.000157442 0.000785644 0.00303996 0.0123318 0.0474683 0.128071 0.215047 0.225982 0.163909 0.0987711 0.0549035 0.0268035 0.0118511 0.00534403 0.00257451 0.00134922 0.000803071 0.000507684 0.000278124
 3.42099e-12 3.71316e-10 2.37642e-08 8.96791e-07 1.99553e-05 0.000261864 0.00202766 0.0092921 0.0255811 0.0453408 0.0652878 0.101516 0.148196 0.164056 0.145935 0.118437 0.0842474 0.0491753 0.0240621 0.010138 0.00385243 0.00147537 0.000635014 0.000311816 0.000149511
 1.44441e-11 1.56777e-09 1.00337e-07 3.78642e-06 8.42527e-05 0.00110545 0.00855347 0.0390527 0.105529 0.171325 0.179139 0.15208 0.13799 0.113295 0.06328 0.0218996 0.00494196 0.00104658 0.000383877 0.000180333 7.32888e-05 2.49433e-05 7.80455e-06 2.60399e-06 9.48485e-07
 1.25281e-11 1.35981e-09 8.70276e-08 3.28415e-06 7.30769e-05 0.000958829 0.00741951 0.0338874 0.091736 0.150264 0.163326 0.154284 0.156802 0.134463 0.0754675 0.025544 0.0051211 0.000605905 4.22773e-05 1.73944e-06 4.22001e-08 6.03661e-10 5.09166e-12 2.53241e-14 7.4353e-17
 1.54788e-11 1.68008e-09 1.07525e-07 4.05765e-06 9.0288e-05 0.00118463 0.00916588 0.0418427 0.112985 0.182763 0.18798 0.151726 0.129151 0.102906 0.0567437 0.019137 0.00383387 0.000453542 3.16452e-05 1.30199e-06 3.15873e-08 4.51847e-10 3.81116e-12 1.89551e-14 5.55861e-17
 1.4857e-11 1.61258e-09 1.03205e-07 3.89463e-06 8.66607e-05 0.00113704 0.00879782 0.0401661 0.108507 0.175913 0.182784 0.152265 0.134979 0.109557 0.0606899 0.0204873 0.00410516 0.000485654 3.3886e-05 1.39419e-06 3.3824e-08 4.83843e-10 4.08104e-12 2.02973e-14 5.95221e-17
 1.49713e-11 1.62499e-09 1.03999e-07 3.9246e-06 8.73275e-05 0.00114579 0.00886548 0.0404743 0.10933 0.177173 0.183739 0.152166 0.133908 0.108334 0.0599644 0.0202391 0.00405529 0.00047975 3.34741e-05 1.37724e-06 3.34128e-08 4.77961e-10 4.03142e-12 2.00506e-14 5.87985e-17
 1.43308e-11 1.55547e-09 9.95501e-08 3.75671e-06 8.35918e-05 0.00109678 0.00848643 0.0387476 0.104718 0.170119 0.178388 0.152721 0.139909 0.115184 0.0640284 0.0216297 0.00433468 0.000512821 3.57817e-05 1.47219e-06 3.57163e-08 5.10912e-10 4.30936e-12 2.14329e-14 6.28521e-17
 1.50505e-11 1.63359e-09 1.04549e-07 3.94537e-06 8.77895e-05 0.00115185 0.00891236 0.0406879 0.1099 0.178045 0.184401 0.152097 0.133165 0.107487 0.0594618 0.0200671 0.00402074 0.000475661 3.31887e-05 1.3655e-06 3.31279e-08 4.73886e-10 3.99705e-12 1.98796e-14 5.82971e-17
 1.67626e-11 1.81942e-09 1.16443e-07 4.39419e-06 9.77762e-05 0.00128287 0.00992569 0.045304 0.12223 0.196902 0.198707 0.150613 0.117121 0.0891761 0.0485973 0.0163494 0.00327382 0.000387252 2.70194e-05 1.11167e-06 2.69698e-08 3.85796e-10 3.25405e-12 1.61842e-14 4.74604e-17
 1.69786e-11 1.84287e-09 1.17943e-07 4.45081e-06 9.90361e-05 0.0012994 0.0100535 0.0458863 0.123786 0.199281 0.200512 0.150426 0.115097 0.0868662 0.0472267 0.0158804 0.0031796 0.0003761 2.62412e-05 1.07965e-06 2.6193e-08 3.74684e-10 3.16032e-12 1.57181e-14 4.60933e-17
 1.67398e-11 1.81694e-09 1.16284e-07 4.38821e-06 9.76431e-05 0.00128112 0.00991218 0.0452424 0.122066 0.196651 0.198516 0.150633 0.117335 0.0894202 0.0487421 0.016399 0.00328378 0.000388431 2.71017e-05 1.11505e-06 2.70519e-08 3.86971e-10 3.26395e-12 1.62335e-14 4.76049e-17
 1.67757e-11 1.82084e-09 1.16533e-07 4.39761e-06 9.78523e-05 0.00128387 0.00993341 0.0453391 0.122324 0.197046 0.198816 0.150602 0.116999 0.0890366 0.0485145 0.0163211 0.00326813 0.000386579 2.69724e-05 1.10973e-06 2.69229e-08 3.85125e-10 3.24839e-12 1.61561e-14 4.73778e-17
 1.74404e-11 1.89299e-09 1.21151e-07 4.57186e-06 0.00010173 0.00133474 0.0103268 0.0471313 0.127111 0.204367 0.20437 0.150025 0.11077 0.0819274 0.0442963 0.0148777 0.00297814 0.000352254 2.45772e-05 1.01119e-06 2.4532e-08 3.50924e-10 2.95991e-12 1.47213e-14 4.31704e-17
 1.80511e-11 1.95927e-09 1.25393e-07 4.73194e-06 0.000105291 0.00138147 0.0106882 0.0487777 0.131509 0.211093 0.209472 0.149496 0.105047 0.0753967 0.0404214 0.0135518 0.00271175 0.000320723 2.23769e-05 9.20656e-07 2.23357e-08 3.19506e-10 2.69492e-12 1.34034e-14 3.93055e-17
 1.82021e-11 1.97567e-09 1.26442e-07 4.77154e-06 0.000106173 0.00139303 0.0107777 0.049185 0.132597 0.212757 0.210735 0.149365 0.103632 0.0737809 0.0394627 0.0132237 0.00264584 0.000312921 2.18325e-05 8.98257e-07 2.17923e-08 3.11733e-10 2.62935e-12 1.30773e-14 3.83492e-17
 1.80623e-11 1.96049e-09 1.25471e-07 4.73488e-06 0.000105357 0.00138233 0.0106949 0.0488079 0.131589 0.211216 0.209566 0.149486 0.104942 0.0752768 0.0403503 0.0135274 0.00270686 0.000320144 2.23365e-05 9.18993e-07 2.22954e-08 3.18929e-10 2.69005e-12 1.33791e-14 3.92345e-17
 1.84406e-11 2.00156e-09 1.28099e-07 4.83407e-06 0.000107564 0.00141128 0.0109188 0.0498281 0.134314 0.215384 0.212727 0.149158 0.101397 0.0712301 0.0379493 0.0127058 0.00254179 0.000300606 2.09731e-05 8.62898e-07 2.09345e-08 2.99462e-10 2.52585e-12 1.25625e-14 3.68396e-17
 1.93906e-11 2.10466e-09 1.34698e-07 5.08309e-06 0.000113105 0.00148397 0.011481 0.0523892 0.141155 0.225846 0.220665 0.148334 0.0924947 0.0610707 0.0319213 0.0106432 0.00212739 0.000251555 1.75503e-05 7.22067e-07 1.75178e-08 2.50587e-10 2.11361e-12 1.05122e-14 3.08271e-17
 1.92284e-11 2.08706e-09 1.33571e-07 5.04057e-06 0.000112159 0.00147156 0.0113851 0.0519519 0.139987 0.22406 0.219309 0.148475 0.0940147 0.0628054 0.0329506 0.0109954 0.00219814 0.00025993 1.81347e-05 7.46113e-07 1.81012e-08 2.58932e-10 2.184e-12 1.08623e-14 3.18537e-17
 1.95511e-11 2.12208e-09 1.35813e-07 5.12515e-06 0.000114041 0.00149625 0.011576 0.0528218 0.142311 0.227613 0.222005 0.148195 0.090991 0.0593547 0.0309031 0.0102948 0.00205739 0.000243269 1.69721e-05 6.98278e-07 1.69407e-08 2.42331e-10 2.04397e-12 1.01659e-14 2.98114e-17
 1.94289e-11 2.10882e-09 1.34964e-07 5.09313e-06 0.000113328 0.00148691 0.0115037 0.0524925 0.141431 0.226268 0.220985 0.148301 0.0921356 0.0606609 0.0316782 0.01056 0.00211067 0.000249576 1.74122e-05 7.16386e-07 1.738e-08 2.48616e-10 2.09698e-12 1.04295e-14 3.05845e-17
 1.93208e-11 2.09709e-09 1.34213e-07 5.06479e-06 0.000112698 0.00147863 0.0114397 0.052201 0.140653 0.225078 0.220082 0.148395 0.0931487 0.0618171 0.0323642 0.0107947 0.00215783 0.000255158 1.78018e-05 7.32413e-07 1.77688e-08 2.54178e-10 2.14389e-12 1.06628e-14 3.12688e-17
 1.98112e-11 2.15032e-09 1.3762e-07 5.19335e-06 0.000115558 0.00151616 0.01173 0.0535233 0.144184 0.230479 0.224179 0.14797 0.088553 0.0565721 0.0292522 0.00972984 0.00194389 0.000229834 1.60346e-05 6.59707e-07 1.60049e-08 2.28945e-10 1.93107e-12 9.6043e-15 2.81647e-17
 1.98148e-11 2.15071e-09 1.37645e-07 5.1943e-06 0.000115579 0.00151644 0.0117321 0.053533 0.14421 0.230519 0.224209 0.147967 0.0885192 0.0565337 0.0292293 0.00972203 0.00194232 0.000229649 1.60217e-05 6.59173e-07 1.59919e-08 2.2876e-10 1.92951e-12 9.59653e-15 2.81419e-17
 1.97053e-11 2.13882e-09 1.36884e-07 5.16559e-06 0.000114941 0.00150806 0.0116673 0.0532377 0.143422 0.229313 0.223294 0.148061 0.0895454 0.0577048 0.0299242 0.00995981 0.00199009 0.000235303 1.64163e-05 6.75408e-07 1.63858e-08 2.34394e-10 1.97703e-12 9.83289e-15 2.8835e-17
#obs catch len freq
 4.60328e-11 4.26616e-09 2.33128e-07 7.5117e-06 0.000142716 0.00159886 0.0105639 0.0412002 0.0953008 0.134006 0.128337 0.115513 0.120339 0.115682 0.0938215 0.0677224 0.0419154 0.0211602 0.00875211 0.0029587 0.000791803 0.000160583 2.35661e-05 2.39675e-06 1.63001e-07
 6.93495e-11 6.19885e-09 3.26712e-07 1.01533e-05 0.000186054 0.00201036 0.0128109 0.0481869 0.10747 0.145506 0.133403 0.11385 0.113636 0.107434 0.0873041 0.0625789 0.037481 0.0180373 0.00710475 0.00228814 0.000578296 0.000109238 1.47784e-05 1.37985e-06 8.61445e-08
 3.77387e-11 3.24792e-09 1.6482e-07 4.93181e-06 8.70169e-05 0.000905456 0.00556085 0.0202419 0.0446329 0.0659569 0.0880654 0.132158 0.173544 0.168175 0.12957 0.0871552 0.0494961 0.0226891 0.008466 0.00256316 0.000606409 0.000106851 1.34073e-05 1.15333e-06 6.59908e-08
 1.80911e-11 1.49668e-09 7.30098e-08 2.10003e-06 3.56193e-05 0.000356358 0.00210614 0.00741265 0.0161799 0.0259527 0.0436558 0.0812398 0.131321 0.177097 0.196895 0.163412 0.0954342 0.040604 0.0136093 0.00372877 0.000809274 0.000131519 1.52224e-05 1.20593e-06 6.33959e-08
 3.86085e-10 3.06569e-08 1.43535e-06 3.96258e-05 0.000645035 0.00619122 0.0350395 0.116934 0.230135 0.2673 0.184001 0.0771662 0.0241763 0.0130836 0.0140353 0.0135661 0.00977564 0.00519584 0.00201544 0.000565327 0.000115016 1.69603e-05 1.77744e-06 1.28125e-07 6.14985e-09
 2.56759e-10 1.954e-08 8.76822e-07 2.32e-05 0.00036196 0.00333026 0.0180796 0.0580884 0.112179 0.140202 0.14548 0.165665 0.169797 0.117298 0.0500991 0.01393 0.00345394 0.00126175 0.000532432 0.000172954 3.85986e-05 5.78162e-06 5.77465e-07 3.82494e-08 1.66409e-09
 6.41432e-10 4.67213e-08 2.00663e-06 5.08166e-05 0.00075881 0.00668126 0.0346918 0.106287 0.192703 0.209925 0.148074 0.0888547 0.0665894 0.0576836 0.0454626 0.0275882 0.0112404 0.00287536 0.000468181 5.64145e-05 6.83539e-06 8.6296e-07 8.53405e-08 5.61478e-09 2.35103e-10
 8.30708e-10 5.78395e-08 2.37458e-06 5.74828e-05 0.000820505 0.00690624 0.0342881 0.100566 0.175625 0.189952 0.14958 0.119844 0.101085 0.0674465 0.0332858 0.0136757 0.00498819 0.00149029 0.000330714 5.11326e-05 5.32431e-06 3.8026e-07 2.03814e-08 8.985e-10 3.13257e-11
 1.21622e-09 8.08501e-08 3.16909e-06 7.32448e-05 0.000998188 0.00802171 0.0380257 0.106502 0.177745 0.184377 0.141063 0.112208 0.0959624 0.0687375 0.0395015 0.0184775 0.00646061 0.00155163 0.00025646 3.14363e-05 3.04657e-06 2.26153e-07 1.18242e-08 4.12499e-10 9.54336e-12
 1.66712e-09 1.05691e-07 3.9509e-06 8.7085e-05 0.00113184 0.00867493 0.0392269 0.104905 0.168008 0.171115 0.137941 0.12138 0.10647 0.0739186 0.0406967 0.0183551 0.00628929 0.00151172 0.000251992 2.9895e-05 2.56695e-06 1.59044e-07 7.05569e-09 2.21488e-10 4.79149e-12
 1.91182e-09 1.15469e-07 4.11219e-06 8.63519e-05 0.00106924 0.00780842 0.0336621 0.0860799 0.133773 0.14075 0.135302 0.144389 0.134674 0.0950779 0.0533733 0.0240053 0.00788287 0.00176185 0.000268752 2.92337e-05 2.34023e-06 1.36377e-07 5.59055e-09 1.56489e-10 2.93602e-12
 3.87239e-09 2.22599e-07 7.54488e-06 0.00015079 0.00177701 0.0123495 0.0506395 0.122864 0.178904 0.167248 0.127202 0.108481 0.0942335 0.0687448 0.0411183 0.0188882 0.00597625 0.0012315 0.000166681 1.55601e-05 1.05595e-06 5.29737e-08 1.921e-09 4.86551e-11 8.35152e-13
 5.86964e-09 3.20835e-07 1.03404e-05 0.00019651 0.00220209 0.0145528 0.0567602 0.131146 0.182927 0.167897 0.132508 0.116091 0.0935907 0.0580523 0.0285894 0.011351 0.00334083 0.000679368 9.4857e-05 9.2948e-06 6.43251e-07 3.09101e-08 1.0116e-09 2.23488e-11 3.32031e-13
 8.18993e-09 4.25314e-07 1.30235e-05 0.000235145 0.00250353 0.0157206 0.0582827 0.128261 0.172041 0.157786 0.133917 0.124838 0.100494 0.0613359 0.0296524 0.0112609 0.00304452 0.000544558 6.40939e-05 5.1886e-06 3.05341e-07 1.33024e-08 4.1626e-10 8.93851e-12 1.27119e-13
 1.24302e-08 6.12824e-07 1.78148e-05 0.000305362 0.00308648 0.0184004 0.0647793 0.135506 0.173566 0.154625 0.130981 0.121196 0.0960519 0.058726 0.0286817 0.0107574 0.00279264 0.000470997 5.14503e-05 3.77169e-06 1.93941e-07 7.14428e-09 1.86787e-10 3.39657e-12 4.21911e-14
 1.70244e-08 7.96259e-07 2.19597e-05 0.000357102 0.0034244 0.0193714 0.064761 0.12913 0.160446 0.147225 0.137685 0.133138 0.103035 0.0603787 0.0281252 0.0100071 0.00245727 0.000392404 4.07205e-05 2.84156e-06 1.38413e-07 4.75751e-09 1.13429e-10 1.83314e-12 1.97725e-14
 2.93987e-08 1.3037e-06 3.40891e-05 0.00052559 0.00477858 0.0256275 0.0811997 0.153197 0.178714 0.149969 0.125053 0.111863 0.0844908 0.0502089 0.0237563 0.00831172 0.00194728 0.000291572 2.80558e-05 1.80037e-06 8.03937e-08 2.54298e-09 5.61645e-11 8.43486e-13 8.42931e-15
 4.17611e-08 1.75496e-06 4.34862e-05 0.000635378 0.00547457 0.0278296 0.0836577 0.150421 0.170625 0.148129 0.134231 0.121129 0.0853643 0.0455209 0.019235 0.00614463 0.00134641 0.000192136 1.79183e-05 1.12831e-06 4.93917e-08 1.50555e-09 3.13153e-11 4.3518e-13 3.9887e-15
 6.47374e-08 2.577e-06 6.04872e-05 0.000837163 0.00683277 0.0329033 0.0937129 0.159772 0.17239 0.143665 0.126281 0.111714 0.0796646 0.04463 0.019698 0.006298 0.00133754 0.000183104 1.64318e-05 1.00335e-06 4.28041e-08 1.27111e-09 2.56671e-11 3.44469e-13 3.02543e-15
 8.86565e-08 3.3419e-06 7.42793e-05 0.00097352 0.00752475 0.034327 0.0927663 0.151202 0.160951 0.143105 0.137362 0.121767 0.0824517 0.0431399 0.0177719 0.00534427 0.00107958 0.000142647 1.25638e-05 7.61645e-07 3.22162e-08 9.37943e-10 1.83545e-11 2.37022e-13 1.99575e-15
 1.51255e-07 5.39778e-06 0.000113582 0.00140931 0.0103125 0.0445305 0.113833 0.174921 0.173068 0.138288 0.119103 0.100086 0.0676812 0.0362927 0.0150325 0.00437785 0.000834551 0.000102616 8.35294e-06 4.6846e-07 1.85182e-08 5.11326e-10 9.60661e-12 1.19812e-13 9.73997e-16
 2.01555e-07 6.80862e-06 0.000135618 0.00159289 0.0110347 0.0451351 0.109578 0.161875 0.161474 0.143324 0.136142 0.112084 0.0689414 0.0326785 0.0121009 0.00324059 0.00058146 6.84797e-05 5.40546e-06 2.94539e-07 1.11807e-08 2.91242e-10 5.09368e-12 5.88624e-14 4.44474e-16
 3.38008e-07 1.08074e-05 0.000203755 0.00226518 0.0148521 0.0574864 0.131938 0.183389 0.168974 0.133926 0.11531 0.0916199 0.0575403 0.0285068 0.0106973 0.00276491 0.000461995 4.94022e-05 3.47428e-06 1.67614e-07 5.70316e-09 1.36208e-10 2.22497e-12 2.42003e-14 1.71733e-16
 4.61617e-07 1.39704e-05 0.000249303 0.00262342 0.0162838 0.0597044 0.130187 0.174209 0.162096 0.140103 0.127314 0.0969018 0.0552205 0.0244163 0.00831416 0.00200601 0.000321167 3.37193e-05 2.37284e-06 1.14603e-07 3.80794e-09 8.55895e-11 1.27723e-12 1.25142e-14 7.99932e-17
 6.31575e-07 1.80928e-05 0.00030562 0.00304433 0.0178898 0.0621382 0.128731 0.165747 0.154656 0.140979 0.13173 0.100179 0.0577075 0.025888 0.00867745 0.0019842 0.000292558 2.76612e-05 1.72634e-06 7.40372e-08 2.23237e-09 4.69023e-11 6.68139e-13 6.28291e-15 3.82328e-17
 9.40809e-07 2.55138e-05 0.000407987 0.0038473 0.0214042 0.070403 0.138282 0.169605 0.15289 0.136617 0.124719 0.0933671 0.0540002 0.024341 0.00802985 0.00178044 0.000254907 2.36927e-05 1.4703e-06 6.24059e-08 1.81461e-09 3.55534e-11 4.61037e-13 3.91398e-15 2.1609e-17
 1.28672e-06 3.30373e-05 0.00050018 0.00446586 0.0235291 0.0733615 0.137175 0.163016 0.14951 0.140575 0.129021 0.0939393 0.0526821 0.023009 0.00734404 0.0015885 0.000226561 2.15752e-05 1.40097e-06 6.22645e-08 1.86324e-09 3.67455e-11 4.70313e-13 3.87133e-15 2.03494e-17
 1.97317e-06 4.79717e-05 0.000687716 0.00581426 0.0290079 0.0856577 0.151777 0.171244 0.149694 0.13439 0.117927 0.0827991 0.0450603 0.018907 0.00568388 0.00113773 0.000148168 1.27954e-05 7.58776e-07 3.1533e-08 9.09788e-10 1.77344e-11 2.273e-13 1.87635e-15 9.82565e-18
#spawning biomass
 27103.6 27457.2 20579.2 13851.2 23697.2 35371.5 58168.6 88059.2 139864 167793 163316 153430 194010 210897 220794 227509 198628 217397 207498 211479 205802 192056 228420 226027 243103 239589 210117 272805 392795 833652 993014 1.02469e+06 968235 864741 745061 628256 524116 436320 365027 308641 264886 231409 205836 186115 171710 161187 153500 147886 143784 140789 138600 137002 135834 134981 134358 133903 133570 133328 133150 133021 132926 132857 132806 132770 132743 132723 132709 132698 132690 132685 132681 132678 132675 132674 132673 132672 132671 132671 132670 132670 132670 132670 132670 132670 132670 132670 132670 132670 132670 132670 132670 132670 132670 132670 132670 132670 132670 132670 132670 132670 132670 132670 132670 132670 132670 132670 132670 132670 132670 132670 132670 132670 132670 132670 132670 132670 132670 132670 132670 132670 132670 132670 132670 132670 132670 132670 132670 132670 0 0 0 0 0 0 0 0 0 0 0 0 0 0 0 0 0 0 0 0 0 0 0 0 0
