SBPRF35
0.819782
Curr Bio
282089
B35
1.03935e+06
F35
0.216447
FOFL
0.0532632
OFL
10946.7
Bzero
234224
#pred survey bio
 10760.1 9017.4 8018.4 7889.57 11243.6 17831.8 27267.5 37241.8 52987.1 72294.9 97090.9 119097 149774 192402 205674 193731 170541 194973 182234 163613 172673 195629 215634 230414 233335 225738 237309 225913 257116 9.44905e+06 1.06521e+07 1.14055e+07 1.07596e+07 9.42263e+06 7.91194e+06 6.5129e+06 5.34245e+06 4.42066e+06 3.72202e+06 3.20547e+06 2.82946e+06 2.55821e+06 2.36319e+06 2.22146e+06 2.11699e+06 2.04284e+06 1.98962e+06 1.95098e+06 1.92257e+06 1.90144e+06 1.88554e+06 1.87345e+06 1.86415e+06 1.85694e+06 1.8513e+06 1.84685e+06 1.84332e+06 1.84051e+06 1.83826e+06 1.83644e+06 1.83498e+06 1.8338e+06 1.83284e+06 1.83206e+06 1.83142e+06 1.8309e+06 1.83048e+06 1.83014e+06 1.82986e+06 1.82963e+06 1.82944e+06 1.82929e+06 1.82916e+06 1.82906e+06 1.82898e+06 1.82891e+06 1.82885e+06 1.82881e+06 1.82877e+06 1.82874e+06 1.82871e+06 1.82869e+06 1.82867e+06 1.82866e+06 1.82865e+06 1.82864e+06 1.82863e+06 1.82863e+06 1.82862e+06 1.82862e+06 1.82861e+06 1.82861e+06 1.82861e+06 1.82861e+06 1.8286e+06 1.8286e+06 1.8286e+06 1.8286e+06 1.8286e+06 1.8286e+06 1.8286e+06 1.8286e+06 1.8286e+06 1.8286e+06 1.8286e+06 1.8286e+06 1.8286e+06 1.8286e+06 1.8286e+06 1.8286e+06 1.8286e+06 1.8286e+06 1.8286e+06 1.8286e+06 1.8286e+06 1.8286e+06 1.8286e+06 1.8286e+06 1.8286e+06 1.8286e+06 1.8286e+06 1.8286e+06 1.8286e+06 1.8286e+06 1.8286e+06 1.8286e+06 1.8286e+06 1.8286e+06 1.8286e+06 0 0 0 0 0 0 0 0 0 0 0 0 0 0 0 0 0 0 0 0 0 0 0 0 0
#obs survey bio
 11119.7 10963 6579.62 9076.68 15376.7 23682.4 44897.4 54516.1 63530.9 88203.7 107086 109601 112877 163404 150157 165233 148682 141304 186333 147523 167024 202388 261495 264448 223514 179904 246032 207268 256293
#pred catch bio
 5279.16 3889.35 4059.19 3589.46 4867.71 8369.19 15202.6 20436.8 31211.1 43697.5 65954.7 86539.1 107316 139509 151149 157819 128652 156372 150727 133935 140873 166626 187715 202129 208466 193452 216147 193750 220726 10946.7 89231.1 94821.2 88497.1 76430.8 63101.4 50948.6 40937.6 33191.6 27444 23302.9 20382 18353.9 16961.6 16007.4 15353.6 14922.5 14638.2 14450.8 14327.2 14245.7 14192 14156.5 14133.2 14117.8 14107.6 14100.9 14096.5 14093.6 14091.7 14090.4 14089.6 14089 14088.6 14088.4 14088.2 14088.1 14088.1 14088 14088 14088 14088 14088 14087.9 14087.9 14087.9 14087.9 14087.9 14087.9 14087.9 14087.9 14087.9 14087.9 14087.9 14087.9 14087.9 14087.9 14087.9 14087.9 14087.9 14087.9 14087.9 14087.9 14087.9 14087.9 14087.9 14087.9 14087.9 14087.9 14087.9 14087.9 14087.9 14087.9 14087.9 14087.9 14087.9 14087.9 14087.9 14087.9 14087.9 14087.9 14087.9 14087.9 14087.9 14087.9 14087.9 14087.9 14087.9 14087.9 14087.9 14087.9 14087.9 14087.9 14087.9 14087.9 14087.9 14087.9 14087.9 14087.9 14087.9 0 0 0 0 0 0 0 0 0 0 0 0 0 0 0 0 0 0 0 0 0 0 0 0 0
#obs catch bio
 3347.19 3613.35 4348.22 3435.52 4447.97 7226.93 13108.3 17146.3 26590.9 38532.5 56135.8 81452.7 103718 135481 155491 167090 127929 163443 146762 132365 139725 163401 179390 191843 218523 193610 208558 184555 221823
#pred cpue bio
 10302.5 8739.77 7603.44 7124.16 10012.1 15848 24267.5 32989 46809.5 63718.4 85692.9 103514 128145 168953 184967 173126 147409 171612 161386 141764 148210 166685 182593 196524 199217 192772 202959 190057 218993 8.11464e+06 1.06199e+07 1.13733e+07 1.07274e+07 9.39046e+06 7.87978e+06 6.48074e+06 5.31028e+06 4.3885e+06 3.68986e+06 3.1733e+06 2.79729e+06 2.52605e+06 2.33103e+06 2.18929e+06 2.08482e+06 2.01068e+06 1.95746e+06 1.91881e+06 1.89041e+06 1.86928e+06 1.85338e+06 1.84128e+06 1.83199e+06 1.82478e+06 1.81913e+06 1.81469e+06 1.81116e+06 1.80834e+06 1.80609e+06 1.80428e+06 1.80281e+06 1.80163e+06 1.80067e+06 1.79989e+06 1.79926e+06 1.79874e+06 1.79832e+06 1.79797e+06 1.79769e+06 1.79746e+06 1.79728e+06 1.79712e+06 1.797e+06 1.7969e+06 1.79681e+06 1.79674e+06 1.79669e+06 1.79664e+06 1.7966e+06 1.79657e+06 1.79655e+06 1.79653e+06 1.79651e+06 1.7965e+06 1.79648e+06 1.79648e+06 1.79647e+06 1.79646e+06 1.79646e+06 1.79645e+06 1.79645e+06 1.79645e+06 1.79644e+06 1.79644e+06 1.79644e+06 1.79644e+06 1.79644e+06 1.79644e+06 1.79644e+06 1.79644e+06 1.79644e+06 1.79644e+06 1.79644e+06 1.79643e+06 1.79643e+06 1.79643e+06 1.79643e+06 1.79643e+06 1.79643e+06 1.79643e+06 1.79643e+06 1.79643e+06 1.79643e+06 1.79643e+06 1.79643e+06 1.79643e+06 1.79643e+06 1.79643e+06 1.79643e+06 1.79643e+06 1.79643e+06 1.79643e+06 1.79643e+06 1.79643e+06 1.79643e+06 1.79643e+06 1.79643e+06 1.79643e+06 1.79643e+06 0 0 0 0 0 0 0 0 0 0 0 0 0 0 0 0 0 0 0 0 0 0 0 0 0
#obs cpue bio
 12386.9 9394.2 8141.42 7713.78 13184.6 27430.8 22986.3 49613.4 60029.4 75440.1 149089 113041 171405 213751 198308 190226 153757 194263 212378 149132 154888 187189 182212 207442 153440 239736 262120 225459 244364
#pred surv len freq
 5.76532e-12 6.26045e-10 4.008e-08 1.51282e-06 3.36663e-05 0.000441754 0.003419 0.0156373 0.0426616 0.0726258 0.0917954 0.118526 0.155012 0.157116 0.120226 0.0819882 0.0540801 0.0334011 0.0199212 0.0120414 0.00763587 0.00527469 0.00391026 0.00273603 0.00151554
 4.6258e-12 5.02307e-10 3.21582e-08 1.21381e-06 2.70122e-05 0.000354445 0.0027434 0.0125502 0.0342801 0.0586827 0.0756581 0.101173 0.137024 0.147668 0.129054 0.104765 0.0780901 0.0510934 0.0302385 0.0166715 0.00892527 0.00499179 0.00306413 0.00192039 0.0010235
 7.65097e-12 8.30804e-10 5.31889e-08 2.00762e-06 4.46768e-05 0.000586194 0.00453552 0.0207113 0.0560603 0.0918888 0.100374 0.0968618 0.105009 0.108668 0.100329 0.0904791 0.077471 0.059721 0.0405298 0.023735 0.0121915 0.00582288 0.0028302 0.00145305 0.000695534
 1.12269e-11 1.21911e-09 7.80483e-08 2.94594e-06 6.55578e-05 0.000860158 0.00665486 0.0303802 0.0821077 0.133583 0.141221 0.124214 0.119254 0.106976 0.0762929 0.0505726 0.0380796 0.0312319 0.0244662 0.0167438 0.00960528 0.00461668 0.00195806 0.000798822 0.000315264
 1.12752e-11 1.22435e-09 7.83839e-08 2.9586e-06 6.58398e-05 0.000863863 0.00668375 0.0305174 0.0825512 0.134889 0.145322 0.134571 0.135977 0.122838 0.0837355 0.0481414 0.0276955 0.0167874 0.0112771 0.00806303 0.00528609 0.00286846 0.0012557 0.000459229 0.000148177
 1.11871e-11 1.21479e-09 7.77718e-08 2.9355e-06 6.53256e-05 0.000857117 0.00663157 0.0302795 0.0819121 0.133882 0.144413 0.134225 0.136502 0.124906 0.0878785 0.0530242 0.0306255 0.0164237 0.00841363 0.00456764 0.00270759 0.00155923 0.000753229 0.000285378 8.49919e-05
 1.101e-11 1.19555e-09 7.65405e-08 2.88902e-06 6.42914e-05 0.000843549 0.00652666 0.029802 0.0806411 0.131971 0.143124 0.134901 0.138959 0.127352 0.0889239 0.0531397 0.03093 0.0170005 0.0085576 0.00398668 0.00180803 0.000856504 0.000401519 0.000160076 4.89298e-05
 1.11665e-11 1.21255e-09 7.76284e-08 2.93009e-06 6.52052e-05 0.00085554 0.00661945 0.0302259 0.0817915 0.13388 0.145313 0.137208 0.141304 0.128536 0.0876885 0.0501372 0.0279453 0.0150216 0.00754788 0.00350267 0.00147013 0.000569319 0.000214831 7.76231e-05 2.36952e-05
 1.12943e-11 1.22643e-09 7.85169e-08 2.96362e-06 6.59515e-05 0.000865331 0.00669517 0.030571 0.0827152 0.135312 0.146497 0.137432 0.140692 0.127837 0.0874049 0.0500427 0.0275658 0.0143347 0.00690116 0.0031074 0.001279 0.000468565 0.000152505 4.52325e-05 1.20889e-05
 1.13438e-11 1.2318e-09 7.8861e-08 2.97661e-06 6.62405e-05 0.000869123 0.00672454 0.0307056 0.0830871 0.135981 0.147499 0.139015 0.142745 0.129123 0.0867669 0.0480478 0.0256641 0.0131444 0.00622959 0.00271986 0.00107588 0.000379246 0.000116534 3.07025e-05 6.93482e-06
 1.12105e-11 1.21732e-09 7.79342e-08 2.94163e-06 6.5462e-05 0.00085891 0.00664557 0.0303462 0.0821309 0.134547 0.14655 0.13959 0.144744 0.131236 0.0878762 0.0481297 0.0251885 0.012523 0.00574159 0.00244052 0.000941021 0.000320408 9.41393e-05 2.32908e-05 4.74617e-06
 1.19714e-11 1.29995e-09 8.32239e-08 3.14129e-06 6.99052e-05 0.000917204 0.00709643 0.0324013 0.0876407 0.143155 0.153983 0.141912 0.142236 0.126426 0.0824065 0.0428947 0.0212356 0.0101908 0.00454788 0.00187334 0.000697893 0.00022992 6.52489e-05 1.54477e-05 2.95887e-06
 1.26332e-11 1.37181e-09 8.78246e-08 3.31494e-06 7.37696e-05 0.000967904 0.00748859 0.0341891 0.09244 0.150699 0.160725 0.144699 0.141257 0.123164 0.0776179 0.0375228 0.0168143 0.00741603 0.00309312 0.0012098 0.000433492 0.000137711 3.76509e-05 8.57847e-06 1.57284e-06
 1.11511e-11 1.21088e-09 7.75217e-08 2.92606e-06 6.51157e-05 0.00085437 0.0066106 0.0301902 0.0817593 0.134345 0.148201 0.145583 0.154558 0.138776 0.0875841 0.0417051 0.018021 0.0074536 0.00282978 0.00100017 0.00032968 9.84222e-05 2.56597e-05 5.60877e-06 9.87361e-07
 9.77721e-12 1.06169e-09 6.79703e-08 2.56554e-06 5.70929e-05 0.000749114 0.00579655 0.0264808 0.0718281 0.118946 0.135457 0.143275 0.16207 0.149857 0.0976779 0.0495425 0.0230415 0.00983942 0.00366685 0.00121888 0.000365686 9.83065e-05 2.34085e-05 4.7797e-06 7.9891e-07
 1.03212e-11 1.12076e-09 7.17518e-08 2.70828e-06 6.02692e-05 0.000790784 0.00611874 0.0279471 0.0757273 0.124779 0.139248 0.140723 0.153737 0.141628 0.0944696 0.0507039 0.0254315 0.011684 0.0046758 0.00162998 0.000487089 0.000123576 2.67637e-05 4.92501e-06 7.526e-07
 1.20681e-11 1.31045e-09 8.38961e-08 3.16666e-06 7.04699e-05 0.000924614 0.00715382 0.0326645 0.0883697 0.144481 0.156032 0.145258 0.146636 0.129212 0.0810722 0.0386021 0.017067 0.00757114 0.00317605 0.00119492 0.000383649 0.000101772 2.19476e-05 3.81374e-06 5.31753e-07
 1.09967e-11 1.19411e-09 7.64483e-08 2.88555e-06 6.42141e-05 0.000842542 0.00651913 0.0297737 0.0806486 0.132658 0.146973 0.145886 0.156271 0.140642 0.0885835 0.0418845 0.0178701 0.00727684 0.00272396 0.000956651 0.000311433 8.79101e-05 2.02127e-05 3.63766e-06 5.01662e-07
 1.06224e-11 1.15347e-09 7.38461e-08 2.78732e-06 6.20283e-05 0.000813866 0.00629737 0.0287636 0.0779498 0.128518 0.143766 0.14599 0.159444 0.144446 0.0911208 0.0431029 0.0183754 0.00742583 0.0026945 0.0008793 0.000259693 6.87224e-05 1.58184e-05 2.97876e-06 4.31393e-07
 1.18551e-11 1.28732e-09 8.24156e-08 3.11078e-06 6.92263e-05 0.000908299 0.00702767 0.0320904 0.0868425 0.142194 0.154531 0.146221 0.1499 0.132641 0.0828386 0.0386679 0.0162093 0.00648042 0.00233866 0.000754482 0.000215199 5.31486e-05 1.12704e-05 2.01578e-06 2.91487e-07
 1.22889e-11 1.33442e-09 8.54311e-08 3.2246e-06 7.17592e-05 0.00094153 0.00728469 0.0332618 0.0899816 0.147085 0.158694 0.147337 0.148129 0.129584 0.0795901 0.0357491 0.0141534 0.00540982 0.0019009 0.000602893 0.000169845 4.11561e-05 8.37724e-06 1.40407e-06 1.89931e-07
 1.26372e-11 1.37225e-09 8.78526e-08 3.316e-06 7.37931e-05 0.000968214 0.00749106 0.034202 0.0924965 0.150966 0.161816 0.147624 0.145786 0.126539 0.0772895 0.0343049 0.0132587 0.00488522 0.00163254 0.000490847 0.000132911 3.14179e-05 6.27074e-06 1.02281e-06 1.32335e-07
 1.28724e-11 1.39779e-09 8.94877e-08 3.37772e-06 7.51665e-05 0.000986234 0.00763044 0.0348375 0.0942039 0.15366 0.164274 0.14878 0.145665 0.12544 0.0753015 0.0319582 0.011465 0.00396115 0.00127024 0.000366907 9.45407e-05 2.11901e-05 4.04541e-06 6.39247e-07 8.05335e-08
 1.24714e-11 1.35424e-09 8.67e-08 3.27249e-06 7.2825e-05 0.000955515 0.00739289 0.0337559 0.0913194 0.149279 0.161094 0.149593 0.150139 0.130247 0.0777586 0.0322808 0.0110605 0.00359653 0.00107562 0.000288343 6.97826e-05 1.48524e-05 2.69139e-06 4.03586e-07 4.85988e-08
 1.24244e-11 1.34914e-09 8.63734e-08 3.26017e-06 7.25506e-05 0.000951915 0.00736505 0.033629 0.0909795 0.148751 0.160648 0.149489 0.150364 0.130628 0.0781696 0.0326354 0.0112642 0.00364746 0.00105991 0.000268821 6.04864e-05 1.19091e-05 2.00847e-06 2.83164e-07 3.2254e-08
 1.23934e-11 1.34577e-09 8.61575e-08 3.25202e-06 7.23694e-05 0.000949537 0.00734667 0.0335455 0.0907593 0.148437 0.160521 0.14988 0.151208 0.131322 0.0782014 0.0321831 0.0108276 0.00343408 0.000991946 0.000250544 5.51905e-05 1.03578e-05 1.62837e-06 2.12134e-07 2.24149e-08
 1.23673e-11 1.34294e-09 8.59766e-08 3.24519e-06 7.22173e-05 0.000947542 0.00733122 0.0334746 0.0905625 0.148075 0.15995 0.148928 0.149972 0.130634 0.0788157 0.0336402 0.0120504 0.00401012 0.00116665 0.000290106 6.29278e-05 1.16715e-05 1.79512e-06 2.23796e-07 2.21547e-08
 1.311e-11 1.42359e-09 9.11395e-08 3.44006e-06 7.65539e-05 0.00100444 0.00777124 0.0354795 0.0959281 0.156378 0.166739 0.149901 0.145476 0.1243 0.0733462 0.0296829 0.00970894 0.0030272 0.00088533 0.00022963 5.13062e-05 9.53059e-06 1.44708e-06 1.77385e-07 1.71264e-08
 1.25439e-11 1.36212e-09 8.72044e-08 3.29153e-06 7.32486e-05 0.000961073 0.00743587 0.0339516 0.0918411 0.150071 0.161665 0.149437 0.14933 0.129429 0.0774405 0.0323466 0.0111414 0.00356172 0.00100399 0.000243901 5.26674e-05 9.90647e-06 1.54401e-06 1.91457e-07 1.83752e-08
#obs surv len freq
 7.92868e-12 8.60962e-10 5.51195e-08 2.08049e-06 4.62985e-05 0.000607468 0.0047 0.0214595 0.0580453 0.0948268 0.102197 0.095747 0.103013 0.110949 0.107537 0.0970132 0.079132 0.0567902 0.0359425 0.0196084 0.00868612 0.00289792 0.000680718 0.000107026 1.08692e-05
 1.20037e-12 1.30346e-10 8.34489e-09 3.14984e-07 7.01014e-06 9.20171e-05 0.000713467 0.00329265 0.00938065 0.0191008 0.0380161 0.0790224 0.131533 0.161075 0.160791 0.1415 0.10776 0.0714365 0.042289 0.0216451 0.00891318 0.00274437 0.000593284 8.57406e-05 7.99688e-06
 1.55529e-11 1.68886e-09 1.08122e-07 4.08108e-06 9.08184e-05 0.00119155 0.00921706 0.0420374 0.113067 0.179556 0.16947 0.0993849 0.0494105 0.0483787 0.0698944 0.0782958 0.0632149 0.0400353 0.0216277 0.0100411 0.00377618 0.00106482 0.000210654 2.78369e-05 2.37407e-06
 1.31847e-11 1.4317e-09 9.16586e-08 3.45966e-06 7.69904e-05 0.00101017 0.00781583 0.0356865 0.0965075 0.157285 0.166634 0.144778 0.131763 0.107109 0.0639135 0.0330895 0.0219537 0.0162133 0.00973462 0.0044308 0.0015276 0.000388707 6.95375e-05 8.34077e-06 6.47194e-07
 1.20466e-11 1.30812e-09 8.37472e-08 3.16105e-06 7.0345e-05 0.000922977 0.00714114 0.0326038 0.0881362 0.143327 0.150358 0.127837 0.119123 0.114621 0.096113 0.0657355 0.0339217 0.0131682 0.00458715 0.00165438 0.00052941 0.00012553 2.04637e-05 2.21594e-06 1.55245e-07
 1.26981e-11 1.37886e-09 8.82757e-08 3.33198e-06 7.41489e-05 0.000972888 0.00752732 0.0343666 0.0928884 0.150889 0.157261 0.130329 0.11599 0.107141 0.0878374 0.0611754 0.0338473 0.0140006 0.0043428 0.00107423 0.00023007 4.25227e-05 6.04898e-06 5.92572e-07 3.76701e-08
 1.15998e-11 1.25961e-09 8.06411e-08 3.04381e-06 6.77364e-05 0.00088877 0.00687713 0.0314109 0.0850512 0.139208 0.1493 0.132921 0.1268 0.11806 0.0938427 0.0626735 0.0335836 0.0137719 0.00430251 0.00102493 0.000184403 2.50927e-05 2.59822e-06 1.997e-07 1.07429e-08
 1.31857e-11 1.43181e-09 9.16659e-08 3.45994e-06 7.69967e-05 0.00101026 0.0078167 0.0356908 0.0964864 0.156736 0.16281 0.13245 0.114107 0.10406 0.0852204 0.0577338 0.0300169 0.0115416 0.00334744 0.00074821 0.000126562 1.55711e-05 1.35063e-06 8.12833e-08 3.36119e-09
 1.11622e-11 1.21208e-09 7.75985e-08 2.92897e-06 6.51813e-05 0.000855273 0.00661882 0.0302473 0.0820732 0.135391 0.148828 0.138691 0.135257 0.123175 0.0936156 0.0592172 0.0300477 0.0116462 0.00339602 0.000739893 0.000118193 1.34903e-05 1.07052e-06 5.75287e-08 2.04826e-09
 1.21003e-11 1.31395e-09 8.41202e-08 3.17513e-06 7.06593e-05 0.000927138 0.00717445 0.0327748 0.0887791 0.145305 0.154851 0.133865 0.123129 0.115643 0.0944836 0.0611948 0.0290347 0.00979524 0.00243041 0.000464172 6.79545e-05 7.26087e-06 5.3817e-07 2.67203e-08 8.68559e-10
 1.13874e-11 1.23654e-09 7.91642e-08 2.98808e-06 6.64971e-05 0.00087256 0.00675321 0.0308708 0.0838413 0.138617 0.152773 0.141535 0.135854 0.123012 0.093049 0.0562938 0.025651 0.00841916 0.00199262 0.000346438 4.44436e-05 4.14428e-06 2.73274e-07 1.23226e-08 3.67846e-10
 1.26724e-11 1.37607e-09 8.80975e-08 3.32526e-06 7.40007e-05 0.000971005 0.00751452 0.0343378 0.0930909 0.152688 0.163209 0.140282 0.125341 0.112674 0.0869566 0.0521641 0.0224318 0.00664756 0.00137985 0.000209124 2.36029e-05 1.94544e-06 1.12895e-07 4.46615e-09 1.17521e-10
 1.15612e-11 1.25541e-09 8.03729e-08 3.03371e-06 6.75134e-05 0.000885937 0.00685786 0.031367 0.0853496 0.14191 0.158437 0.148623 0.140901 0.122942 0.0877 0.0485821 0.0196254 0.00551145 0.00107319 0.000148367 1.48045e-05 1.06003e-06 5.33586e-08 1.84171e-09 4.25152e-11
 8.57678e-12 9.31338e-10 5.96253e-08 2.2506e-06 5.00875e-05 0.000657352 0.00509096 0.0233302 0.0639489 0.109198 0.132204 0.144429 0.157398 0.150098 0.113944 0.0649825 0.0260691 0.0070923 0.00131683 0.000171297 1.58489e-05 1.03409e-06 4.65687e-08 1.41656e-09 2.85819e-11
 7.76156e-12 8.42816e-10 5.3958e-08 2.03669e-06 4.53275e-05 0.000594903 0.00460787 0.0211241 0.0579614 0.0992359 0.120946 0.134734 0.154284 0.159123 0.129905 0.0767583 0.0307913 0.00820868 0.00147651 0.000184114 1.61306e-05 9.84351e-07 4.09923e-08 1.14084e-09 2.08429e-11
 1.09739e-11 1.19163e-09 7.62896e-08 2.8796e-06 6.40849e-05 0.000840988 0.00651087 0.0297909 0.0811154 0.134861 0.149621 0.138356 0.134258 0.128892 0.102629 0.0603032 0.0245225 0.00677114 0.00127856 0.000166292 1.48089e-05 8.89715e-07 3.55205e-08 9.30305e-10 1.57972e-11
 9.72671e-12 1.05621e-09 6.76198e-08 2.55239e-06 5.6806e-05 0.000745614 0.0057766 0.0264991 0.0728103 0.124772 0.150283 0.157519 0.158446 0.137392 0.0939878 0.0483683 0.0178264 0.00457877 0.000822292 0.00010416 9.22119e-06 5.55922e-07 2.21854e-08 5.73175e-10 9.43915e-12
 8.38284e-12 9.10281e-10 5.82775e-08 2.19977e-06 4.89596e-05 0.000642689 0.00498082 0.0228725 0.0630551 0.109153 0.135093 0.149526 0.162673 0.154245 0.11289 0.0587296 0.0205301 0.00473614 0.00073446 7.93623e-05 6.11808e-06 3.33734e-07 1.24831e-08 3.09281e-10 4.93808e-12
 1.03752e-11 1.12663e-09 7.21281e-08 2.72257e-06 6.05936e-05 0.000795319 0.00616098 0.0282433 0.0773518 0.130798 0.151194 0.148455 0.147183 0.135432 0.0989028 0.05182 0.0184407 0.00438051 0.000698476 7.54524e-05 5.52996e-06 2.73391e-07 9.04196e-09 1.9813e-10 2.84033e-12
 1.00065e-11 1.08659e-09 6.95654e-08 2.62588e-06 5.84453e-05 0.000767273 0.00594759 0.0273228 0.0753328 0.129902 0.157034 0.162159 0.158332 0.133653 0.0882312 0.0427579 0.0145175 0.00337957 0.000538917 5.88885e-05 4.36231e-06 2.14946e-07 6.91308e-09 1.43036e-10 1.88468e-12
 1.03772e-11 1.12684e-09 7.21426e-08 2.72317e-06 6.06109e-05 0.000795708 0.00616779 0.0283263 0.0779854 0.133681 0.158842 0.159901 0.155146 0.132934 0.0881315 0.0415068 0.0132397 0.00282562 0.000409169 4.0959e-05 2.84067e-06 1.34021e-07 4.18619e-09 8.44548e-11 1.08027e-12
 1.12844e-11 1.22536e-09 7.84501e-08 2.96128e-06 6.5912e-05 0.00086534 0.00670818 0.0308126 0.0848202 0.145057 0.170274 0.165407 0.151496 0.12187 0.0760583 0.033902 0.0102735 0.00207759 0.000281896 2.60024e-05 1.63901e-06 7.00283e-08 1.99441e-09 3.71465e-11 4.44366e-13
 1.05013e-11 1.14033e-09 7.30066e-08 2.75588e-06 6.13453e-05 0.000805592 0.00624978 0.0287721 0.0797232 0.138755 0.169178 0.172437 0.160621 0.125989 0.0749459 0.0315483 0.0089826 0.00169694 0.000213535 1.81356e-05 1.04642e-06 4.07355e-08 1.05277e-09 1.77446e-11 1.92054e-13
 1.00047e-11 1.0864e-09 6.95547e-08 2.62563e-06 5.84496e-05 0.000767691 0.00595842 0.0274631 0.0763225 0.133768 0.165417 0.172263 0.164301 0.131353 0.0786194 0.0327398 0.00909241 0.00165809 0.000199421 1.59972e-05 8.60638e-07 3.08901e-08 7.30338e-10 1.12091e-11 1.10173e-13
 9.04411e-12 9.821e-10 6.28781e-08 2.37371e-06 5.28488e-05 0.000694401 0.00539557 0.0249463 0.0699175 0.125164 0.16142 0.176749 0.172942 0.137823 0.0810584 0.0330291 0.0089876 0.00161097 0.000190579 1.49613e-05 7.78982e-07 2.66759e-08 5.93463e-10 8.47224e-12 7.6782e-14
 9.38666e-12 1.0193e-09 6.52602e-08 2.46367e-06 5.48529e-05 0.000720759 0.00560034 0.0258847 0.072421 0.128823 0.163569 0.175622 0.170451 0.135826 0.0793199 0.0316936 0.00837938 0.00145314 0.000166162 1.26105e-05 6.34398e-07 2.09402e-08 4.46966e-10 6.08259e-12 5.21547e-14
 1.0198e-11 1.10741e-09 7.0902e-08 2.67671e-06 5.95991e-05 0.000783203 0.00608662 0.028137 0.0786796 0.139339 0.173886 0.179304 0.164647 0.124388 0.0695132 0.0268838 0.00695547 0.0011895 0.000134376 1.00273e-05 4.91552e-07 1.56627e-08 3.20366e-10 4.15693e-12 3.38665e-14
 9.04751e-12 9.8249e-10 6.29066e-08 2.37512e-06 5.28998e-05 0.00069572 0.00541826 0.025188 0.0714442 0.130751 0.172992 0.189251 0.176237 0.128743 0.0678464 0.0244719 0.0058723 0.000929315 9.73588e-05 6.7855e-06 3.13652e-07 9.49793e-09 1.85318e-10 2.29329e-12 1.77718e-14
 9.84968e-12 1.0696e-09 6.84839e-08 2.58568e-06 5.75863e-05 0.000757201 0.00589286 0.0273301 0.0769737 0.138296 0.17661 0.186031 0.170601 0.124393 0.0646862 0.0224852 0.00507161 0.000737357 6.96381e-05 4.32577e-06 1.78043e-07 4.83987e-09 8.583e-11 9.77183e-13 7.03354e-15
#pred catch len freq
 4.22208e-12 4.58468e-10 2.93516e-08 1.10788e-06 2.4655e-05 0.000323528 0.00250466 0.0114712 0.0315114 0.0553669 0.0776598 0.116403 0.164039 0.169471 0.130168 0.0888204 0.0585902 0.0361868 0.0215827 0.0130457 0.00827272 0.00571461 0.00423639 0.00296422 0.00164193
 3.20975e-12 3.48541e-10 2.23139e-08 8.42244e-07 1.87435e-05 0.000245962 0.00190437 0.00872668 0.0240381 0.0427598 0.0622766 0.0980868 0.143529 0.157667 0.138284 0.112313 0.0837193 0.0547766 0.0324184 0.0178733 0.00956869 0.00535165 0.00328503 0.00205883 0.00109728
 5.82066e-12 6.32054e-10 4.04647e-08 1.52734e-06 3.39892e-05 0.000445974 0.00345101 0.0157684 0.0428111 0.0712183 0.0826515 0.0916726 0.111423 0.119649 0.111267 0.100437 0.0860032 0.0662985 0.0449936 0.0263491 0.0135342 0.00646419 0.00314191 0.00161308 0.000772138
 8.85755e-12 9.61824e-10 6.15769e-08 2.32422e-06 5.17226e-05 0.000678644 0.00525105 0.0239837 0.0649859 0.107062 0.119409 0.120624 0.13242 0.124781 0.0899681 0.0597472 0.0449967 0.0369055 0.0289107 0.0197855 0.0113502 0.00545535 0.00231376 0.000943937 0.000372535
 8.83192e-12 9.59041e-10 6.13987e-08 2.3175e-06 5.15731e-05 0.00067669 0.00523622 0.0239228 0.0649131 0.107686 0.123518 0.132802 0.152748 0.144249 0.099289 0.0571803 0.0329024 0.0199438 0.0133975 0.00957907 0.00628001 0.0034078 0.0014918 0.000545575 0.000176038
 8.89837e-12 9.66256e-10 6.18606e-08 2.33493e-06 5.19611e-05 0.00068178 0.00527557 0.0241018 0.0653888 0.108394 0.123966 0.132519 0.152199 0.14519 0.103075 0.0622888 0.0359829 0.019297 0.00988559 0.00536674 0.00318128 0.00183202 0.000885006 0.000335305 9.98611e-05
 9.11861e-12 9.90173e-10 6.33918e-08 2.39273e-06 5.32472e-05 0.000698654 0.00540609 0.0246969 0.0669876 0.110917 0.126269 0.133606 0.152108 0.144239 0.101464 0.0607099 0.0353416 0.0194255 0.00977829 0.00455536 0.00206594 0.000978678 0.000458793 0.000182909 5.59093e-05
 9.23235e-12 1.00252e-09 6.41824e-08 2.42257e-06 5.39113e-05 0.000707368 0.00547354 0.0250056 0.0678323 0.112375 0.128194 0.136208 0.155257 0.146187 0.100482 0.057528 0.0320699 0.0172389 0.00866203 0.0040197 0.00168714 0.000653357 0.000246543 8.90812e-05 2.71929e-05
 9.55405e-12 1.03746e-09 6.64189e-08 2.50698e-06 5.57898e-05 0.000732013 0.00566414 0.025874 0.0701556 0.115964 0.131102 0.136554 0.153288 0.14378 0.0989917 0.0567453 0.0312626 0.0162573 0.00782675 0.00352418 0.00145054 0.00053141 0.000172959 5.12991e-05 1.37103e-05
 9.68391e-12 1.05156e-09 6.73217e-08 2.54106e-06 5.65481e-05 0.000741963 0.00574113 0.0262257 0.0711094 0.117542 0.132887 0.138377 0.155069 0.144553 0.0977789 0.0542092 0.0289594 0.0148323 0.00702958 0.00306913 0.00121404 0.000427947 0.000131499 3.46452e-05 7.82537e-06
 9.96841e-12 1.08245e-09 6.92995e-08 2.61571e-06 5.82094e-05 0.000763759 0.00590971 0.026994 0.0731688 0.120754 0.135637 0.139172 0.154062 0.142865 0.0961377 0.0527009 0.027584 0.0137141 0.00628769 0.00267264 0.00103052 0.000350883 0.000103093 2.55061e-05 5.19759e-06
 1.1034e-11 1.19816e-09 7.67075e-08 2.89533e-06 6.44318e-05 0.000845395 0.0065411 0.0298715 0.0808787 0.132757 0.145804 0.141755 0.149512 0.135378 0.0886101 0.0461589 0.022854 0.0109676 0.00489452 0.00201613 0.000751086 0.000247444 7.02222e-05 1.66251e-05 3.18439e-06
 1.16478e-11 1.26481e-09 8.09741e-08 3.05637e-06 6.80155e-05 0.000892414 0.00690479 0.0315299 0.0853334 0.139786 0.152209 0.14476 0.149258 0.132835 0.084105 0.0406946 0.0182379 0.00804405 0.00335506 0.00131225 0.000470203 0.000149373 4.08393e-05 9.30494e-06 1.70603e-06
 1.02015e-11 1.10776e-09 7.09199e-08 2.67688e-06 5.95705e-05 0.00078162 0.00604799 0.0276275 0.0749113 0.123833 0.140015 0.145699 0.16236 0.148173 0.0938509 0.0447192 0.0193254 0.00799317 0.00303463 0.00107258 0.000353546 0.000105547 2.75173e-05 6.0148e-06 1.05884e-06
 8.89688e-12 9.66095e-10 6.18503e-08 2.33455e-06 5.19525e-05 0.000681674 0.005275 0.0241051 0.0654785 0.109189 0.127814 0.143232 0.169073 0.158415 0.10355 0.0525478 0.024441 0.0104371 0.00388959 0.00129292 0.0003879 0.000104278 2.48305e-05 5.07005e-06 8.4744e-07
 1.00033e-11 1.08624e-09 6.9542e-08 2.62487e-06 5.84131e-05 0.000766432 0.00593042 0.0270892 0.0734341 0.121251 0.136467 0.140649 0.156175 0.144651 0.0965994 0.0518579 0.0260111 0.0119503 0.00478237 0.00166713 0.00049819 0.000126393 2.73736e-05 5.03726e-06 7.69753e-07
 1.13233e-11 1.22957e-09 7.87185e-08 2.97123e-06 6.61209e-05 0.000867558 0.00671258 0.0306546 0.0829988 0.136235 0.149607 0.145336 0.152732 0.136552 0.0859589 0.0409542 0.0181086 0.00803329 0.00336992 0.00126786 0.000407068 0.000107985 2.32873e-05 4.04654e-06 5.64213e-07
 1.05862e-11 1.14954e-09 7.35944e-08 2.77783e-06 6.1817e-05 0.000811093 0.00627592 0.0286659 0.0776883 0.128114 0.143437 0.145945 0.159658 0.144715 0.091292 0.0431779 0.0184228 0.00750192 0.00280821 0.000986242 0.000321066 9.06293e-05 2.08379e-05 3.75018e-06 5.1718e-07
 1.04069e-11 1.13007e-09 7.2348e-08 2.73078e-06 6.077e-05 0.000797357 0.0061697 0.0281821 0.0763958 0.126133 0.14191 0.146022 0.161223 0.146585 0.0925436 0.0437825 0.0186655 0.0075431 0.00273706 0.000893187 0.000263794 6.98078e-05 1.60682e-05 3.0258e-06 4.38206e-07
 1.15786e-11 1.2573e-09 8.04935e-08 3.03823e-06 6.76119e-05 0.000887119 0.00686388 0.0313443 0.084849 0.139134 0.152154 0.146271 0.152197 0.135396 0.0846608 0.0395276 0.0165703 0.00662475 0.00239075 0.000771286 0.000219992 5.43324e-05 1.15214e-05 2.06068e-06 2.9798e-07
 1.19957e-11 1.30259e-09 8.33928e-08 3.14766e-06 7.00471e-05 0.000919069 0.00711098 0.0324706 0.0878677 0.143842 0.156184 0.147419 0.150609 0.132535 0.0815131 0.0366223 0.0144997 0.00554223 0.00194743 0.000617649 0.000174002 4.21634e-05 8.58228e-06 1.43843e-06 1.94579e-07
 1.2627e-11 1.37114e-09 8.77816e-08 3.31332e-06 7.37334e-05 0.000967432 0.007485 0.0341744 0.0924229 0.150853 0.161729 0.147628 0.145873 0.126642 0.0773565 0.034335 0.0132704 0.00488952 0.00163398 0.000491279 0.000133028 3.14456e-05 6.27626e-06 1.02371e-06 1.32452e-07
 1.30125e-11 1.413e-09 9.04614e-08 3.41447e-06 7.59843e-05 0.000996963 0.00771341 0.0352154 0.0952134 0.155207 0.165466 0.148721 0.14445 0.124009 0.0743886 0.0315664 0.0113241 0.00391248 0.00125463 0.000362399 9.33792e-05 2.09298e-05 3.99571e-06 6.31393e-07 7.95441e-08
 1.26699e-11 1.3758e-09 8.80799e-08 3.32458e-06 7.39841e-05 0.000970721 0.00751049 0.0342915 0.0927501 0.151471 0.162779 0.149498 0.1484 0.128207 0.0764674 0.0317388 0.0108745 0.00353603 0.00105752 0.000283492 6.86088e-05 1.46026e-05 2.64611e-06 3.96797e-07 4.77813e-08
 1.27606e-11 1.38565e-09 8.87108e-08 3.34839e-06 7.45139e-05 0.000977673 0.00756424 0.0345363 0.093403 0.152464 0.163505 0.149332 0.147423 0.127174 0.0759796 0.031711 0.0109445 0.00354394 0.00102983 0.000261191 5.87697e-05 1.15711e-05 1.95147e-06 2.75127e-07 3.13386e-08
 1.24253e-11 1.34924e-09 8.63798e-08 3.26041e-06 7.2556e-05 0.000951986 0.00736561 0.0336318 0.0909897 0.14879 0.160793 0.149864 0.150927 0.130992 0.0779936 0.0320967 0.0107985 0.00342485 0.000989279 0.00024987 5.5042e-05 1.033e-05 1.62399e-06 2.11564e-07 2.23547e-08
 1.28574e-11 1.39615e-09 8.93831e-08 3.37377e-06 7.50787e-05 0.000985081 0.00762152 0.0347969 0.0940948 0.153489 0.164122 0.148724 0.145723 0.125625 0.0756126 0.0322581 0.0115544 0.00384503 0.00111862 0.000278163 6.03372e-05 1.1191e-05 1.72122e-06 2.14583e-07 2.12427e-08
 1.3146e-11 1.4275e-09 9.13896e-08 3.4495e-06 7.6764e-05 0.00100719 0.00779255 0.0355765 0.0961874 0.156775 0.167044 0.149881 0.145158 0.123928 0.0731131 0.0295874 0.00967766 0.00301744 0.000882479 0.000228891 5.1141e-05 9.4999e-06 1.44242e-06 1.76814e-07 1.70712e-08
 1.25878e-11 1.36688e-09 8.75089e-08 3.30303e-06 7.35044e-05 0.000964428 0.00746182 0.0340698 0.0921569 0.150555 0.162037 0.149416 0.148947 0.128979 0.0771551 0.0322261 0.0110998 0.00354843 0.00100025 0.000242991 5.24708e-05 9.86949e-06 1.53824e-06 1.90742e-07 1.83066e-08
#obs catch len freq
 6.24451e-12 6.7808e-10 4.34113e-08 1.63856e-06 3.64641e-05 0.00047844 0.00370193 0.0169078 0.0458069 0.075428 0.0841065 0.0861578 0.101932 0.117072 0.119883 0.111032 0.0902104 0.0649728 0.0424073 0.0240616 0.0109948 0.00375342 0.000897649 0.000143117 1.46904e-05
 5.40899e-12 5.87353e-10 3.76029e-08 1.41933e-06 3.15855e-05 0.000414439 0.00320716 0.0146576 0.0398363 0.0665603 0.0784462 0.0898306 0.113379 0.128025 0.124892 0.112089 0.0905428 0.0642109 0.0399653 0.0212428 0.00905665 0.00287356 0.000635793 9.34941e-05 8.83647e-06
 5.68193e-13 6.16991e-11 3.95007e-09 1.49102e-07 3.31881e-06 4.3593e-05 0.000339119 0.00158993 0.00485454 0.0122747 0.032988 0.07936 0.136259 0.167174 0.166214 0.144936 0.109116 0.0714634 0.0415645 0.0206848 0.00818322 0.00239339 0.000486942 6.57757e-05 5.70654e-06
 8.29704e-12 9.00962e-10 5.76803e-08 2.17714e-06 4.84492e-05 0.000635664 0.00491728 0.0224311 0.0603889 0.0963523 0.093255 0.0629877 0.0534885 0.0844155 0.129971 0.143543 0.113887 0.0709879 0.0376131 0.0169666 0.00612453 0.0016389 0.000304913 3.76426e-05 2.98518e-06
 9.90167e-12 1.0752e-09 6.88355e-08 2.59821e-06 5.78204e-05 0.000758682 0.00587133 0.0268361 0.0729281 0.121486 0.139943 0.147137 0.158029 0.135272 0.0812853 0.0424551 0.0282206 0.0203969 0.0118803 0.00522106 0.00172436 0.00041619 6.99993e-05 7.84171e-06 5.65656e-07
 1.14146e-11 1.23949e-09 7.9353e-08 2.99519e-06 6.66543e-05 0.000874563 0.00676693 0.0309028 0.0836253 0.136584 0.145611 0.128754 0.124506 0.120766 0.100436 0.0674444 0.0340271 0.0129826 0.00446984 0.00157108 0.000480718 0.00010784 1.6514e-05 1.67e-06 1.08764e-07
 1.23422e-11 1.34021e-09 8.58015e-08 3.23859e-06 7.20708e-05 0.000945632 0.00731676 0.0334114 0.0903746 0.147241 0.155046 0.13159 0.119598 0.110706 0.0900323 0.061672 0.0333206 0.0134131 0.00404413 0.00097157 0.000200846 3.5333e-05 4.72466e-06 4.31987e-07 2.55242e-08
 1.11918e-11 1.21529e-09 7.78041e-08 2.93673e-06 6.53537e-05 0.000857521 0.00663576 0.0303167 0.082178 0.135072 0.14689 0.134545 0.131004 0.12199 0.0960794 0.0630886 0.0330187 0.013174 0.00398707 0.000914934 0.000157729 2.04459e-05 2.00017e-06 1.43917e-07 7.19815e-09
 1.29526e-11 1.4065e-09 9.00455e-08 3.39878e-06 7.56359e-05 0.000992418 0.00767898 0.0350682 0.0948677 0.154491 0.16178 0.133944 0.117064 0.106631 0.0863483 0.0573353 0.0290444 0.0108529 0.00304849 0.000655749 0.000105968 1.23752e-05 1.01317e-06 5.7226e-08 2.2077e-09
 1.11627e-11 1.21213e-09 7.76019e-08 2.9291e-06 6.51845e-05 0.000855329 0.00661964 0.0302577 0.0821639 0.135868 0.150231 0.140868 0.136854 0.123326 0.0925562 0.0574673 0.0284268 0.010691 0.00301041 0.000629575 9.59313e-05 1.03808e-05 7.76627e-07 3.91564e-08 1.30253e-09
 1.21902e-11 1.32371e-09 8.47452e-08 3.19873e-06 7.11845e-05 0.000934042 0.0072282 0.0330256 0.0895046 0.146715 0.156879 0.135965 0.124364 0.115458 0.0927854 0.0586484 0.0270168 0.0088335 0.00211904 0.00038891 5.42747e-05 5.48971e-06 3.83137e-07 1.78357e-08 5.41608e-10
 1.15449e-11 1.25364e-09 8.02591e-08 3.02941e-06 6.74172e-05 0.000884648 0.00684716 0.0313063 0.0850743 0.140868 0.155605 0.143851 0.136454 0.121751 0.090566 0.0535113 0.0236633 0.00751086 0.00171313 0.000285594 3.49171e-05 3.08346e-06 1.91415e-07 8.08607e-09 2.25299e-10
 1.28725e-11 1.3978e-09 8.94886e-08 3.37777e-06 7.51696e-05 0.000986356 0.00763369 0.0348876 0.0946226 0.15536 0.166267 0.142455 0.125685 0.111164 0.0841104 0.0491028 0.0204383 0.00584881 0.00116959 0.000169945 1.82664e-05 1.42458e-06 7.78064e-08 2.88407e-09 7.08355e-11
 1.17512e-11 1.27604e-09 8.16932e-08 3.08355e-06 6.86231e-05 0.000900519 0.00697125 0.031893 0.0868374 0.144597 0.161681 0.150992 0.141082 0.120998 0.0846285 0.0456421 0.0178388 0.00483083 0.000904445 0.000119689 1.13663e-05 7.7006e-07 3.64837e-08 1.1798e-09 2.54201e-11
 8.79168e-12 9.54674e-10 6.11194e-08 2.307e-06 5.13433e-05 0.000673858 0.00521942 0.0239273 0.0656462 0.112299 0.136049 0.147501 0.158215 0.148267 0.110115 0.0609706 0.0236206 0.00618879 0.00110353 0.000137238 1.20701e-05 7.44543e-07 3.15519e-08 8.99503e-10 1.69486e-11
 7.96882e-12 8.65321e-10 5.53989e-08 2.09109e-06 4.65387e-05 0.000610826 0.00473183 0.0217007 0.0596028 0.102247 0.124768 0.13816 0.156006 0.158011 0.125799 0.0719577 0.0278286 0.00713635 0.00123124 0.00014659 1.21943e-05 7.02878e-07 2.75269e-08 7.17783e-10 1.22475e-11
 1.12355e-11 1.22004e-09 7.81085e-08 2.94826e-06 6.56135e-05 0.000861073 0.00666691 0.0305119 0.0831262 0.138352 0.153552 0.141187 0.134978 0.127051 0.0985819 0.0560661 0.0219731 0.00582888 0.00105321 0.000130433 1.1006e-05 6.23855e-07 2.34094e-08 5.74271e-10 9.10604e-12
 9.98223e-12 1.08395e-09 6.93964e-08 2.61946e-06 5.82997e-05 0.000765259 0.00592968 0.0272123 0.07484 0.128436 0.154574 0.160362 0.158264 0.134426 0.0897534 0.0447759 0.0159117 0.00392638 0.000674557 8.12819e-05 6.80573e-06 3.86252e-07 1.44602e-08 3.49494e-10 5.37174e-12
 8.61883e-12 9.35907e-10 5.99183e-08 2.26172e-06 5.03396e-05 0.000660846 0.00512247 0.0235345 0.0649536 0.112648 0.139421 0.153006 0.163622 0.151799 0.10799 0.0542454 0.0182396 0.00403863 0.000599411 6.16799e-05 4.49859e-06 2.30764e-07 8.08135e-09 1.86898e-10 2.77953e-12
 1.06345e-11 1.15478e-09 7.39311e-08 2.79064e-06 6.21097e-05 0.000815259 0.00631633 0.0289661 0.0793971 0.134442 0.155432 0.151544 0.147722 0.132847 0.0942036 0.0476284 0.0162887 0.00370684 0.000564087 5.78837e-05 4.0106e-06 1.86606e-07 5.78393e-09 1.18312e-10 1.5781e-12
 1.02642e-11 1.11458e-09 7.13574e-08 2.69355e-06 5.9953e-05 0.000787126 0.0061027 0.0280494 0.0774193 0.1337 0.161474 0.165051 0.158044 0.130358 0.0836703 0.0391683 0.0127825 0.00284879 0.000432922 4.48455e-05 3.13372e-06 1.45076e-07 4.3699e-09 8.4447e-11 1.03662e-12
 1.06541e-11 1.15692e-09 7.40682e-08 2.79588e-06 6.22311e-05 0.000817038 0.00633434 0.0291047 0.0802052 0.137663 0.163409 0.16289 0.154922 0.129408 0.0831582 0.0377442 0.011559 0.00236135 0.000325971 3.09313e-05 2.02144e-06 8.94365e-08 2.6109e-09 4.91109e-11 5.84596e-13
 1.1567e-11 1.25605e-09 8.04149e-08 3.03548e-06 6.75655e-05 0.000887118 0.00687838 0.0316091 0.0870926 0.149108 0.174784 0.168009 0.150662 0.118029 0.0713599 0.0306388 0.00890644 0.00172212 0.000222528 1.94477e-05 1.15506e-06 4.62739e-08 1.23085e-09 2.13459e-11 2.3722e-13
 1.07713e-11 1.16965e-09 7.48847e-08 2.82682e-06 6.29271e-05 0.000826455 0.00641338 0.0295435 0.0819565 0.14283 0.17383 0.175122 0.159596 0.12185 0.0701798 0.0284399 0.00776304 0.00140142 0.000167861 1.35014e-05 7.33717e-07 2.67713e-08 6.46055e-10 1.01384e-11 1.0192e-13
 1.02732e-11 1.11556e-09 7.14222e-08 2.69618e-06 6.00232e-05 0.000788462 0.00612153 0.0282343 0.0785661 0.137897 0.170226 0.175238 0.163495 0.127068 0.0735117 0.0294314 0.00782844 0.00136299 0.000155906 1.18363e-05 5.99532e-07 2.01667e-08 4.45213e-10 6.36168e-12 5.80765e-14
 9.30592e-12 1.01053e-09 6.46993e-08 2.44253e-06 5.43849e-05 0.00071471 0.00555564 0.0257088 0.0721655 0.129388 0.166469 0.179968 0.172134 0.133282 0.0757173 0.0296429 0.00771924 0.00131946 0.000148237 1.09985e-05 5.38647e-07 1.72803e-08 3.58976e-10 4.77244e-12 4.01868e-14
 9.64713e-12 1.04759e-09 6.70722e-08 2.53215e-06 5.63819e-05 0.000740983 0.00575985 0.0266448 0.0746616 0.133029 0.16862 0.178924 0.169699 0.131176 0.0738733 0.0283292 0.00716247 0.00118363 0.000128412 9.19982e-06 4.34784e-07 1.34289e-08 2.67413e-10 3.3872e-12 2.69817e-14
 1.04729e-11 1.13727e-09 7.28147e-08 2.74901e-06 6.1214e-05 0.000804575 0.0062553 0.0289409 0.0810404 0.143704 0.178895 0.182142 0.163282 0.119578 0.0644182 0.0238974 0.00590648 0.000961109 0.000102841 7.23387e-06 3.32795e-07 9.91529e-09 1.89084e-10 2.28213e-12 1.72614e-14
 9.31939e-12 1.01202e-09 6.47989e-08 2.4467e-06 5.45007e-05 0.000716972 0.00558703 0.0260016 0.0738777 0.135351 0.178337 0.192128 0.174401 0.123412 0.0626635 0.0216728 0.00496713 0.000747846 7.41854e-05 4.86956e-06 2.10935e-07 5.96265e-09 1.08307e-10 1.24531e-12 8.95303e-15
#spawning biomass
 11058.3 9198.23 8290.11 8391.2 12050.3 19131.2 29232.3 40027 57033 77911.7 104555 129305 163946 207752 219217 207216 185692 210264 195875 177921 188696 214591 237282 252612 255681 247330 259807 249406 282089 294941 506287 538012 502289 434131 358838 290191 233643 189888 157422 134030 117531 106075 98210.5 92820.9 89127.7 86692.5 85086.8 84027.9 83329.8 82869.4 82565.9 82365.7 82233.7 82146.7 82089.3 82051.5 82026.5 82010.1 81999.2 81992.1 81987.4 81984.3 81982.2 81980.9 81980 81979.4 81979 81978.7 81978.6 81978.5 81978.4 81978.3 81978.3 81978.3 81978.3 81978.3 81978.3 81978.2 81978.2 81978.2 81978.2 81978.2 81978.2 81978.2 81978.2 81978.2 81978.2 81978.2 81978.2 81978.2 81978.2 81978.2 81978.2 81978.2 81978.2 81978.2 81978.2 81978.2 81978.2 81978.2 81978.2 81978.2 81978.2 81978.2 81978.2 81978.2 81978.2 81978.2 81978.2 81978.2 81978.2 81978.2 81978.2 81978.2 81978.2 81978.2 81978.2 81978.2 81978.2 81978.2 81978.2 81978.2 81978.2 81978.2 81978.2 81978.2 81978.2 81978.2 81978.2 0 0 0 0 0 0 0 0 0 0 0 0 0 0 0 0 0 0 0 0 0 0 0 0 0
