SBPRF35
0.453802
Curr Bio
194728
B35
702946
F35
0.31558
FOFL
0
OFL
0
Bzero
129658
#pred survey bio
 12226.6 7798.26 5591.38 5663.7 9188.68 14263.8 22982.3 33010.6 48420.6 73776.2 87803.4 121575 156990 221912 189166 164867 198635 218631 194858 194279 197184 217263 248697 283940 307337 296214 269938 263265 233298 4.28624e+06 5.81215e+06 5.62334e+06 4.72796e+06 3.73832e+06 2.90675e+06 2.29222e+06 1.86952e+06 1.59064e+06 1.41079e+06 1.2959e+06 1.22247e+06 1.17516e+06 1.14429e+06 1.1237e+06 1.10935e+06 1.09967e+06 1.093e+06 1.08832e+06 1.08499e+06 1.0826e+06 1.08085e+06 1.07958e+06 1.07864e+06 1.07794e+06 1.07742e+06 1.07704e+06 1.07675e+06 1.07654e+06 1.07638e+06 1.07626e+06 1.07617e+06 1.0761e+06 1.07605e+06 1.07601e+06 1.07599e+06 1.07597e+06 1.07595e+06 1.07594e+06 1.07593e+06 1.07592e+06 1.07592e+06 1.07591e+06 1.07591e+06 1.07591e+06 1.07591e+06 1.07591e+06 1.07591e+06 1.0759e+06 1.0759e+06 1.0759e+06 1.0759e+06 1.0759e+06 1.0759e+06 1.0759e+06 1.0759e+06 1.0759e+06 1.0759e+06 1.0759e+06 1.0759e+06 1.0759e+06 1.0759e+06 1.0759e+06 1.0759e+06 1.0759e+06 1.0759e+06 1.0759e+06 1.0759e+06 1.0759e+06 1.0759e+06 1.0759e+06 1.0759e+06 1.0759e+06 1.0759e+06 1.0759e+06 1.0759e+06 1.0759e+06 1.0759e+06 1.0759e+06 1.0759e+06 1.0759e+06 1.0759e+06 1.0759e+06 1.0759e+06 1.0759e+06 1.0759e+06 1.0759e+06 1.0759e+06 1.0759e+06 1.0759e+06 1.0759e+06 1.0759e+06 1.0759e+06 1.0759e+06 1.0759e+06 1.0759e+06 1.0759e+06 1.0759e+06 1.0759e+06 1.0759e+06 0 0 0 0 0 0 0 0 0 0 0 0 0 0 0 0 0 0 0 0 0 0 0 0 0
#obs survey bio
 11234.8 8013.89 3719.35 7111.6 8268.4 17458.7 18380 36718.8 35389.4 57848.6 78009 107136 125966 205731 175332 109807 223619 151025 123807 208948 185368 174697 272415 194456 302670 167306 230544 213272 149502
#pred catch bio
 7758.83 4848.53 3619.52 2912.06 5263.91 7601.62 13627.8 19960.2 27712 49498 55410.7 84853.2 97805.8 164180 144412 116884 140080 166580 144796 144988 144056 157670 182288 212694 234841 236407 213466 201682 203240 0 62942.8 60868.1 49838.9 38143.4 28606.9 21776.4 17251.1 14403 12673.5 11649.8 11055.2 10714.7 10521.8 10413.1 10351.6 10318 10299.6 10289.6 10284.1 10281.1 10279.5 10278.6 10278.1 10277.8 10277.7 10277.6 10277.5 10277.5 10277.5 10277.5 10277.5 10277.5 10277.5 10277.5 10277.5 10277.5 10277.5 10277.5 10277.5 10277.5 10277.5 10277.5 10277.5 10277.5 10277.5 10277.5 10277.5 10277.5 10277.5 10277.5 10277.5 10277.5 10277.5 10277.5 10277.5 10277.5 10277.5 10277.5 10277.5 10277.5 10277.5 10277.5 10277.5 10277.5 10277.5 10277.5 10277.5 10277.5 10277.5 10277.5 10277.5 10277.5 10277.5 10277.5 10277.5 10277.5 10277.5 10277.5 10277.5 10277.5 10277.5 10277.5 10277.5 10277.5 10277.5 10277.5 10277.5 10277.5 10277.5 10277.5 10277.5 10277.5 10277.5 10277.5 10277.5 10277.5 10277.5 10277.5 10277.5 0 0 0 0 0 0 0 0 0 0 0 0 0 0 0 0 0 0 0 0 0 0 0 0 0
#obs catch bio
 3923 4878.11 4118.01 2628.86 4988.6 6872.7 12522.8 18088.7 26285.9 47680.5 50174.9 82502.1 94921.7 166839 145890 122045 143900 168920 153900 135734 138347 150570 154438 211707 209965 253622 208686 188182 205262
#pred cpue bio
 9850.87 6446.37 4414.84 3753.32 6078.07 9113.69 15132.2 21364.9 30807.4 47936 56278.6 77105.2 94676.1 142448 126336 103723 121390 139917 123096 121451 122067 133700 152062 172197 185952 182935 159861 155356 149140 2.3019e+06 5.59909e+06 5.53772e+06 4.64426e+06 3.65464e+06 2.82307e+06 2.20854e+06 1.78584e+06 1.50696e+06 1.32711e+06 1.21222e+06 1.13879e+06 1.09149e+06 1.06061e+06 1.04002e+06 1.02567e+06 1.01599e+06 1.00932e+06 1.00465e+06 1.00132e+06 998920 997176 995899 994958 994261 993745 993360 993073 992860 992700 992580 992491 992424 992374 992337 992309 992288 992272 992260 992251 992245 992240 992236 992233 992231 992230 992229 992228 992227 992226 992226 992226 992226 992225 992225 992225 992225 992225 992225 992225 992225 992225 992225 992225 992225 992225 992225 992225 992225 992225 992225 992225 992225 992225 992225 992225 992225 992225 992225 992225 992225 992225 992225 992225 992225 992225 992225 992225 992225 992225 992225 992225 992225 992225 992225 992225 992225 992225 992225 992225 0 0 0 0 0 0 0 0 0 0 0 0 0 0 0 0 0 0 0 0 0 0 0 0 0
#obs cpue bio
 5368.32 5157.75 4476.55 5676.53 7573.95 12077.6 24490.4 30107.8 42369.1 77321.8 98279.3 92128.6 122645 146013 140645 112295 105408 201492 137857 178948 139452 206935 305223 209819 339857 203630 237152 241340 229708
#pred surv len freq
 1.45214e-11 1.57685e-09 1.00952e-07 3.81042e-06 8.47955e-05 0.00111255 0.00860686 0.039275 0.105923 0.17052 0.171848 0.130094 0.1027 0.0848552 0.060342 0.0394019 0.02611 0.0173194 0.0117128 0.0083203 0.00634871 0.00528947 0.00456685 0.00351586 0.00204996
 1.1854e-11 1.2872e-09 8.2408e-08 3.11049e-06 6.92199e-05 0.000908212 0.00702686 0.0320835 0.0867806 0.141744 0.152436 0.140396 0.140526 0.124509 0.0805475 0.0416848 0.0214332 0.011783 0.00674982 0.00401889 0.00254655 0.00178855 0.00137388 0.00100709 0.00058483
 1.3903e-11 1.5097e-09 9.66523e-08 3.64814e-06 8.11842e-05 0.00106517 0.00824059 0.0376091 0.101505 0.164016 0.168158 0.134849 0.115899 0.100115 0.0718753 0.0454666 0.0264137 0.0131629 0.00587337 0.00267888 0.00132887 0.000732873 0.000459385 0.000299546 0.000166209
 1.82195e-11 1.97842e-09 1.2666e-07 4.78078e-06 0.000106389 0.00139586 0.0107981 0.0492628 0.132705 0.212389 0.20816 0.142012 0.0922009 0.0653916 0.0406562 0.0217372 0.0116343 0.0062525 0.00308694 0.00132797 0.000513329 0.000202304 9.18196e-05 4.76533e-05 2.35841e-05
 1.7913e-11 1.94514e-09 1.2453e-07 4.70037e-06 0.0001046 0.00137238 0.0106166 0.0484378 0.130523 0.209215 0.206558 0.144934 0.099241 0.0718982 0.0425811 0.0196757 0.00842561 0.0036855 0.00161644 0.00069564 0.000274354 9.46712e-05 3.06267e-05 1.0806e-05 4.16102e-06
 1.8529e-11 2.01202e-09 1.28812e-07 4.862e-06 0.000108197 0.00141957 0.0109815 0.0501003 0.134968 0.216063 0.212008 0.14525 0.0948261 0.0664119 0.0387889 0.017608 0.00717025 0.00278577 0.000995444 0.000341053 0.000116409 3.79663e-05 1.10921e-05 2.92384e-06 7.64913e-07
 1.79079e-11 1.94458e-09 1.24494e-07 4.69902e-06 0.00010457 0.00137199 0.0106136 0.0484243 0.130491 0.209204 0.206733 0.145548 0.100275 0.0728192 0.0428726 0.0193545 0.00778093 0.00296517 0.00101168 0.000308923 8.63754e-05 2.25855e-05 5.59609e-06 1.26975e-06 2.56055e-07
 1.82456e-11 1.98125e-09 1.26841e-07 4.78763e-06 0.000106542 0.00139786 0.0108136 0.0493356 0.132927 0.212947 0.209667 0.145568 0.0975949 0.0695456 0.040632 0.0182106 0.00724336 0.0027268 0.000915759 0.000272105 7.16561e-05 1.64717e-05 3.33052e-06 6.04363e-07 9.83671e-08
 1.85366e-11 2.01285e-09 1.28864e-07 4.86398e-06 0.000108241 0.00142015 0.010986 0.0501212 0.135029 0.216197 0.212311 0.145905 0.0957741 0.0670498 0.0385673 0.0167753 0.00637774 0.00231639 0.000761915 0.000222645 5.74423e-05 1.27268e-05 2.37778e-06 3.71743e-07 4.88524e-08
 1.81305e-11 1.96876e-09 1.26042e-07 4.75744e-06 0.00010587 0.00138904 0.0107455 0.0490254 0.1321 0.211701 0.208805 0.145941 0.0990953 0.0710824 0.0413108 0.0181372 0.00695298 0.00250712 0.000801022 0.000225089 5.6227e-05 1.21576e-05 2.20824e-06 3.2811e-07 3.90402e-08
 1.8327e-11 1.99009e-09 1.27407e-07 4.80899e-06 0.000107017 0.00140409 0.0108619 0.0495561 0.133524 0.213931 0.210763 0.146644 0.0985889 0.0698728 0.0397065 0.0164934 0.00577842 0.0019427 0.000603727 0.000167194 4.07451e-05 8.50144e-06 1.48972e-06 2.14337e-07 2.45371e-08
 1.85551e-11 2.01487e-09 1.28994e-07 4.86886e-06 0.000108349 0.00142157 0.0109971 0.0501716 0.135166 0.21643 0.2126 0.146259 0.0961761 0.0672776 0.0383975 0.0163095 0.00590359 0.00199211 0.000590291 0.000151905 3.49796e-05 7.06676e-06 1.20461e-06 1.67647e-07 1.85121e-08
 1.93836e-11 2.10483e-09 1.34753e-07 5.08625e-06 0.000113187 0.00148504 0.0114879 0.0524076 0.141145 0.225638 0.219916 0.146637 0.0900922 0.0595311 0.0326617 0.0129467 0.00416839 0.00127722 0.000367602 9.4271e-05 2.11153e-05 4.02479e-06 6.45362e-07 8.58346e-08 9.15748e-09
 1.82528e-11 1.98203e-09 1.26892e-07 4.78952e-06 0.000106584 0.00139841 0.010818 0.0493561 0.132993 0.213142 0.210276 0.147076 0.099854 0.0710834 0.0401156 0.0162235 0.00534744 0.00163282 0.000442801 0.000103391 2.15373e-05 3.96494e-06 6.16825e-07 7.82116e-08 7.88941e-09
 1.73746e-11 1.88668e-09 1.20787e-07 4.55909e-06 0.000101456 0.00133114 0.0102977 0.046987 0.126669 0.203487 0.203021 0.148051 0.108395 0.0806683 0.0455823 0.0178316 0.00547972 0.00156379 0.00041261 9.5143e-05 1.90526e-05 3.256e-06 4.68348e-07 5.61261e-08 5.42863e-09
 1.86142e-11 2.02128e-09 1.29404e-07 4.88436e-06 0.000108694 0.0014261 0.0110321 0.0503315 0.135601 0.217153 0.213437 0.147157 0.0970748 0.0676281 0.0376653 0.0148883 0.00469302 0.00135785 0.000348759 7.57496e-05 1.43216e-05 2.35679e-06 3.25659e-07 3.66997e-08 3.30295e-09
 1.91388e-11 2.07825e-09 1.33051e-07 5.02202e-06 0.000111758 0.00146629 0.0113429 0.0517472 0.139382 0.222946 0.217891 0.146903 0.0924695 0.0622217 0.0342378 0.0134477 0.00420902 0.0012165 0.000316419 6.99718e-05 1.32086e-05 2.09779e-06 2.74692e-07 2.94183e-08 2.52317e-09
 1.82569e-11 1.98249e-09 1.26921e-07 4.79062e-06 0.000106608 0.00139873 0.0108205 0.0493678 0.133029 0.213232 0.210521 0.147651 0.100696 0.0716213 0.0398405 0.0153995 0.00462637 0.00127609 0.000322901 7.06701e-05 1.33731e-05 2.145e-06 2.81363e-07 2.94923e-08 2.42337e-09
 1.84981e-11 2.00867e-09 1.28597e-07 4.85389e-06 0.000108016 0.00141721 0.0109633 0.0500186 0.134768 0.215901 0.212597 0.147614 0.0987029 0.0692242 0.0382445 0.0146361 0.00430187 0.00114807 0.000279384 5.83104e-05 1.05447e-05 1.64607e-06 2.14193e-07 2.25036e-08 1.8488e-09
 1.87031e-11 2.03093e-09 1.30022e-07 4.90768e-06 0.000109213 0.00143291 0.0110848 0.0505716 0.136244 0.218157 0.214301 0.147413 0.0967506 0.0670153 0.0369597 0.0142256 0.00423798 0.00114556 0.000278199 5.68817e-05 9.92229e-06 1.48043e-06 1.83988e-07 1.86628e-08 1.50583e-09
 1.88724e-11 2.04932e-09 1.31199e-07 4.95211e-06 0.000110202 0.00144588 0.0111851 0.0510285 0.137465 0.220034 0.215771 0.147421 0.0954 0.0653588 0.0358117 0.0136317 0.00397052 0.00104761 0.00025236 5.18829e-05 9.08998e-06 1.34266e-06 1.62277e-07 1.58036e-08 1.22011e-09
 1.89851e-11 2.06156e-09 1.31983e-07 4.98169e-06 0.00011086 0.00145451 0.0112518 0.0513326 0.138277 0.221273 0.2167 0.147291 0.0942979 0.0641264 0.035116 0.0134348 0.00395844 0.00105528 0.000253393 5.1265e-05 8.83436e-06 1.2969e-06 1.56759e-07 1.51738e-08 1.14805e-09
 1.90988e-11 2.07391e-09 1.32773e-07 5.01153e-06 0.000111524 0.00146323 0.0113192 0.0516395 0.139097 0.222528 0.217663 0.147228 0.0932873 0.062946 0.0343758 0.0131333 0.00386356 0.00103022 0.000248642 5.07508e-05 8.78893e-06 1.28256e-06 1.53015e-07 1.46513e-08 1.10219e-09
 1.9232e-11 2.08836e-09 1.33699e-07 5.04646e-06 0.000112302 0.00147343 0.0113981 0.0519988 0.140057 0.224004 0.218821 0.147241 0.0922369 0.0616523 0.0334726 0.012658 0.00364361 0.000946151 0.00022469 4.55908e-05 7.89887e-06 1.15837e-06 1.38879e-07 1.32849e-08 9.91536e-10
 1.92564e-11 2.09101e-09 1.33868e-07 5.05286e-06 0.000112444 0.00147529 0.0114125 0.0520647 0.140234 0.224285 0.219084 0.147383 0.0922565 0.061555 0.033246 0.0123733 0.00342939 0.000845273 0.000192516 3.78291e-05 6.38114e-06 9.20541e-07 1.09744e-07 1.05103e-08 7.87001e-10
 1.8882e-11 2.05036e-09 1.31266e-07 4.95463e-06 0.000110258 0.00144662 0.0111908 0.0510547 0.137538 0.220166 0.215974 0.147751 0.095826 0.0655975 0.0356052 0.0131327 0.00354309 0.000836603 0.00018229 3.41468e-05 5.46372e-06 7.52762e-07 8.67218e-08 8.11643e-09 6.00492e-10
 1.95949e-11 2.12778e-09 1.36222e-07 5.14171e-06 0.000114421 0.00150123 0.0116131 0.0529784 0.142676 0.228035 0.22201 0.14736 0.0895 0.0582112 0.0309797 0.0112499 0.00293981 0.000660379 0.000137294 2.46204e-05 3.74547e-06 4.88576e-07 5.32813e-08 4.73809e-09 3.36342e-10
 1.96408e-11 2.13275e-09 1.36541e-07 5.15373e-06 0.000114689 0.00150474 0.0116403 0.0531022 0.143008 0.228549 0.222438 0.147446 0.089263 0.0578473 0.0306313 0.0109686 0.00276192 0.000582586 0.00011403 1.94449e-05 2.80571e-06 3.46731e-07 3.58453e-08 3.01514e-09 2.0231e-10
 1.82102e-11 1.97741e-09 1.26596e-07 4.77835e-06 0.000106335 0.00139515 0.0107928 0.0492422 0.132698 0.21277 0.210378 0.148371 0.10217 0.0728123 0.0398596 0.0145559 0.00379793 0.000843695 0.000169804 2.84488e-05 3.89976e-06 4.53093e-07 4.41563e-08 3.50696e-09 2.22309e-10
#obs surv len freq
 1.2462e-11 1.35322e-09 8.66345e-08 3.27002e-06 7.277e-05 0.000954783 0.00738689 0.0337205 0.0911137 0.148065 0.155783 0.135347 0.128767 0.115857 0.0816348 0.0485942 0.0275532 0.0146048 0.00679745 0.00265923 0.000839625 0.000204554 3.6557e-05 4.56076e-06 3.8102e-07
 6.37356e-12 6.92093e-10 4.43084e-08 1.67243e-06 3.72184e-05 0.000488369 0.00378006 0.0172941 0.047246 0.080865 0.103783 0.136293 0.177796 0.175249 0.123132 0.0698459 0.0362 0.0171714 0.00723067 0.00261706 0.000767062 0.000171055 2.76047e-05 3.09369e-06 2.32469e-07
 1.70077e-11 1.84684e-09 1.18236e-07 4.46283e-06 9.93138e-05 0.00130303 0.0100801 0.0459888 0.1239 0.198364 0.194534 0.132853 0.0878424 0.0691839 0.0550508 0.0395254 0.0237215 0.0113152 0.00437436 0.00140558 0.00036721 7.38896e-05 1.08055e-05 1.09412e-06 7.39795e-08
 1.59428e-11 1.7312e-09 1.10833e-07 4.1834e-06 9.30959e-05 0.00122147 0.00944997 0.0431322 0.116439 0.188196 0.192399 0.150567 0.120221 0.0916224 0.0517564 0.0213529 0.00812198 0.00344442 0.00139585 0.000450773 0.000109422 1.96463e-05 2.54753e-06 2.30123e-07 1.396e-08
 1.68221e-11 1.82668e-09 1.16945e-07 4.41411e-06 9.82301e-05 0.00128883 0.00997103 0.0455079 0.122811 0.198119 0.200599 0.151533 0.113946 0.0834784 0.0463769 0.018391 0.0057598 0.00158726 0.000404736 9.87044e-05 2.15236e-05 3.64222e-06 4.35832e-07 3.54275e-08 1.91376e-09
 1.65384e-11 1.79587e-09 1.14973e-07 4.33968e-06 9.65739e-05 0.00126711 0.00980327 0.044748 0.120824 0.195333 0.199331 0.153589 0.117699 0.0858377 0.0466679 0.0178548 0.00528578 0.0013249 0.00027739 4.73165e-05 6.77118e-06 8.27926e-07 8.17263e-08 5.90873e-09 2.89748e-10
 1.61459e-11 1.75325e-09 1.12245e-07 4.23668e-06 9.4282e-05 0.00123705 0.00957111 0.0436957 0.118068 0.191425 0.197371 0.156033 0.122542 0.089102 0.0473221 0.0173643 0.00481213 0.00111051 0.000212185 3.19359e-05 3.71112e-06 3.31226e-07 2.2608e-08 1.17037e-09 4.46495e-11
 1.66262e-11 1.80541e-09 1.15584e-07 4.36272e-06 9.70869e-05 0.00127385 0.0098559 0.0449959 0.121569 0.196936 0.202011 0.156442 0.118242 0.083355 0.0436026 0.0159622 0.00443339 0.00100792 0.00018366 2.55588e-05 2.67227e-06 2.0766e-07 1.17286e-08 4.70946e-10 1.32548e-11
 1.61584e-11 1.75462e-09 1.12332e-07 4.23999e-06 9.43559e-05 0.00123804 0.00957937 0.0437439 0.118301 0.192368 0.199933 0.159761 0.124304 0.0871336 0.0439379 0.0149815 0.00372377 0.000751811 0.000125921 1.65854e-05 1.64253e-06 1.187e-07 6.08379e-09 2.15912e-10 5.21079e-12
 1.55736e-11 1.69111e-09 1.08266e-07 4.08653e-06 9.09414e-05 0.00119326 0.00923363 0.0421788 0.114215 0.186638 0.197213 0.163565 0.131433 0.0917079 0.0446505 0.0141797 0.00309646 0.000519773 7.19142e-05 8.01014e-06 6.87533e-07 4.42186e-08 2.06361e-09 6.73143e-11 1.48676e-12
 1.64815e-11 1.7897e-09 1.14578e-07 4.32478e-06 9.62433e-05 0.00126283 0.00977179 0.0446327 0.120792 0.196804 0.205206 0.163266 0.123118 0.0818259 0.0385196 0.0118185 0.0024521 0.000378545 4.6401e-05 4.42306e-06 3.14778e-07 1.65417e-08 6.38301e-10 1.76877e-11 3.4106e-13
 1.61829e-11 1.75728e-09 1.12503e-07 4.24643e-06 9.45003e-05 0.00123998 0.00959571 0.0438404 0.118766 0.194167 0.204538 0.165961 0.126615 0.083216 0.0381721 0.0112553 0.00218997 0.000307011 3.36185e-05 2.87251e-06 1.82545e-07 8.38529e-09 2.7524e-10 6.35754e-12 1.01354e-13
 1.73163e-11 1.88035e-09 1.20382e-07 4.54384e-06 0.000101119 0.00132681 0.0102673 0.0468994 0.126931 0.206595 0.213678 0.164259 0.11552 0.0715135 0.0317249 0.0091585 0.00175301 0.00024085 2.53976e-05 2.03512e-06 1.18142e-07 4.85254e-09 1.40584e-10 2.84769e-12 3.95465e-14
 1.2584e-11 1.36648e-09 8.74832e-08 3.30211e-06 7.34882e-05 0.000964422 0.00746782 0.0341986 0.0934744 0.157835 0.183641 0.180945 0.162845 0.11175 0.0499887 0.0139654 0.00250432 0.000310962 2.91468e-05 2.11423e-06 1.14009e-07 4.38973e-09 1.18293e-10 2.19429e-12 2.74724e-14
 1.51686e-11 1.64713e-09 1.05451e-07 3.9803e-06 8.85799e-05 0.0011624 0.0089983 0.0411585 0.111944 0.185387 0.202268 0.174105 0.136684 0.0872386 0.0380112 0.0106674 0.00198893 0.000264822 2.63922e-05 1.92576e-06 9.8155e-08 3.42605e-09 8.23142e-11 1.36654e-12 1.54986e-14
 1.49198e-11 1.62011e-09 1.03721e-07 3.91503e-06 8.71285e-05 0.00114341 0.00885262 0.0405131 0.110374 0.183709 0.202916 0.177603 0.139622 0.0872221 0.0365382 0.00961165 0.0016056 0.000181241 1.50728e-05 9.67582e-07 4.6726e-08 1.61641e-09 3.86809e-11 6.24579e-13 6.66496e-15
 1.49858e-11 1.62729e-09 1.04181e-07 3.93238e-06 8.75157e-05 0.00114853 0.00889325 0.0407123 0.111015 0.18515 0.205017 0.178834 0.138389 0.0847371 0.035012 0.0092172 0.00157843 0.000187202 1.62579e-05 1.03243e-06 4.60212e-08 1.40171e-09 2.9183e-11 4.18218e-13 4.09928e-15
 1.48821e-11 1.61602e-09 1.0346e-07 3.90519e-06 8.69119e-05 0.00114066 0.00883376 0.0404598 0.110483 0.184936 0.206212 0.180788 0.138824 0.0835722 0.0340093 0.00890378 0.00154122 0.000187941 1.68802e-05 1.10196e-06 5.01677e-08 1.5504e-09 3.22023e-11 4.45893e-13 4.06466e-15
 1.42578e-11 1.54823e-09 9.91198e-08 3.7414e-06 8.32691e-05 0.00109296 0.00846696 0.0388185 0.10633 0.179583 0.204513 0.184805 0.144187 0.0863975 0.0348138 0.00909299 0.0015931 0.000198971 1.8283e-05 1.20997e-06 5.55608e-08 1.73235e-09 3.63017e-11 5.05282e-13 4.59819e-15
 1.57591e-11 1.71126e-09 1.09557e-07 4.13537e-06 9.20365e-05 0.00120799 0.00935641 0.0428648 0.117068 0.195556 0.215133 0.180595 0.129214 0.0726578 0.027965 0.00698124 0.00115636 0.000134992 1.16294e-05 7.34949e-07 3.28803e-08 1.01136e-09 2.09904e-11 2.88998e-13 2.59446e-15
 1.45415e-11 1.57904e-09 1.01093e-07 3.81594e-06 8.49319e-05 0.00111493 0.00864043 0.0396536 0.108881 0.184724 0.210991 0.187929 0.140411 0.0792834 0.0298576 0.00717328 0.00112185 0.000120833 9.45302e-06 5.4208e-07 2.21655e-08 6.28379e-10 1.2139e-11 1.57388e-13 1.34558e-15
 1.62004e-11 1.75918e-09 1.12626e-07 4.25125e-06 9.46189e-05 0.00124201 0.00962249 0.0441126 0.120638 0.201852 0.221398 0.181719 0.123632 0.065411 0.023734 0.00558014 0.000860945 9.14508e-05 6.96186e-06 3.79556e-07 1.44108e-08 3.72494e-10 6.493e-12 7.58124e-14 5.86228e-16
 1.59408e-11 1.731e-09 1.10822e-07 4.18321e-06 9.31083e-05 0.00122231 0.00947297 0.0434659 0.119152 0.200515 0.222377 0.18466 0.12535 0.0649595 0.0227939 0.00511657 0.000739524 7.19899e-05 4.97166e-06 2.48494e-07 8.8135e-09 2.15163e-10 3.53747e-12 3.85735e-14 2.75076e-16
 1.55773e-11 1.69152e-09 1.08295e-07 4.08792e-06 9.09919e-05 0.00119471 0.0092628 0.042549 0.11698 0.198234 0.222776 0.18773 0.127703 0.065299 0.0224636 0.00494189 0.000700326 6.65659e-05 4.4291e-06 2.08922e-07 6.85341e-09 1.52599e-10 2.27567e-12 2.25688e-14 1.47484e-16
 1.54025e-11 1.67255e-09 1.07082e-07 4.04218e-06 8.99791e-05 0.00118159 0.00916488 0.0421439 0.116165 0.197939 0.224387 0.190113 0.12819 0.0640645 0.021367 0.00452361 0.000609742 5.42569e-05 3.33723e-06 1.45375e-07 4.437e-09 9.24323e-11 1.28743e-12 1.18346e-14 7.10109e-17
 1.32236e-11 1.43596e-09 9.19365e-08 3.47074e-06 7.72752e-05 0.00101538 0.00788941 0.0364563 0.101832 0.179404 0.217752 0.202504 0.146484 0.0752246 0.0252009 0.0053531 0.000731746 6.67873e-05 4.20426e-06 1.83372e-07 5.43311e-09 1.0702e-10 1.38601e-12 1.17532e-14 6.49443e-17
 1.70746e-11 1.85412e-09 1.18707e-07 4.48106e-06 9.97495e-05 0.00130987 0.010158 0.0466669 0.128134 0.215347 0.23449 0.182684 0.110557 0.0506232 0.0160619 0.00335504 0.000462246 4.31951e-05 2.79353e-06 1.24264e-07 3.71713e-09 7.32814e-11 9.41064e-13 7.8123e-15 4.15906e-17
 1.36885e-11 1.48645e-09 9.5172e-08 3.59313e-06 8.0014e-05 0.0010518 0.00817969 0.0378667 0.106087 0.187293 0.225553 0.203111 0.138832 0.0666349 0.0207326 0.00403852 0.000494668 3.93425e-05 2.12877e-06 8.12727e-08 2.19673e-09 4.10132e-11 5.12916e-13 4.19131e-15 2.19713e-17
 1.26895e-11 1.37799e-09 8.82314e-08 3.33145e-06 7.4207e-05 0.000976144 0.00760477 0.0353588 0.100077 0.180473 0.224887 0.209531 0.14541 0.0695321 0.0213976 0.00412936 0.000503616 3.99027e-05 2.11869e-06 7.65723e-08 1.87197e-09 3.0475e-11 3.26822e-13 2.30073e-15 1.06059e-17
#pred catch len freq
 1.1282e-11 1.22509e-09 7.84316e-08 2.9604e-06 6.58797e-05 0.000864382 0.00668755 0.0305297 0.0825143 0.134266 0.142053 0.125278 0.120962 0.109819 0.0800341 0.0526364 0.0349829 0.0232273 0.0157114 0.0111612 0.00851643 0.00709553 0.00612617 0.00471633 0.00274991
 8.55467e-12 9.28935e-10 5.94713e-08 2.24475e-06 4.99542e-05 0.000655456 0.00507215 0.023179 0.0629741 0.105104 0.123447 0.139274 0.165171 0.155012 0.101692 0.0529173 0.0273173 0.0150462 0.00862329 0.00513477 0.00325365 0.00228518 0.00175537 0.00128673 0.000747221
 1.07808e-11 1.17067e-09 7.49473e-08 2.82889e-06 6.29532e-05 0.000825991 0.0063908 0.0291815 0.0789597 0.129202 0.140049 0.131933 0.136461 0.127389 0.0932637 0.0593481 0.0345676 0.0172426 0.00769587 0.00351036 0.00174136 0.000960362 0.000601981 0.000392527 0.000217801
 1.51986e-11 1.65038e-09 1.05659e-07 3.9881e-06 8.87495e-05 0.00116443 0.00900834 0.0411097 0.110907 0.178836 0.181593 0.140921 0.114711 0.0934429 0.0604692 0.0326854 0.0175775 0.00946419 0.00467479 0.00201122 0.000777456 0.000306398 0.000139065 7.21729e-05 3.57191e-05
 1.51546e-11 1.64561e-09 1.05354e-07 3.97657e-06 8.8493e-05 0.00116107 0.00898243 0.0409941 0.110631 0.178681 0.182787 0.14529 0.121917 0.099145 0.0606352 0.0282586 0.0121527 0.00532768 0.00233832 0.00100644 0.00039694 0.000136973 4.43114e-05 1.56343e-05 6.02026e-06
 1.5756e-11 1.71091e-09 1.09534e-07 4.13437e-06 9.20044e-05 0.00120714 0.00933872 0.0426173 0.114973 0.185382 0.188183 0.14581 0.117951 0.0941046 0.0570565 0.026156 0.0107016 0.00416834 0.00149081 0.000510883 0.000174384 5.68748e-05 1.66164e-05 4.38002e-06 1.14587e-06
 1.5276e-11 1.65879e-09 1.06197e-07 4.00842e-06 8.92018e-05 0.00117037 0.00905437 0.0413223 0.111515 0.18009 0.184147 0.146151 0.122336 0.0991881 0.0602074 0.0273975 0.0110572 0.00422268 0.00144181 0.000440348 0.000123127 3.21956e-05 7.97723e-06 1.81003e-06 3.65006e-07
 1.57885e-11 1.71445e-09 1.0976e-07 4.14291e-06 9.21945e-05 0.00120963 0.00935801 0.0427054 0.115212 0.185771 0.188597 0.146176 0.118261 0.0942146 0.0568067 0.0256653 0.0102464 0.00386508 0.00129896 0.000386038 0.000101663 2.33696e-05 4.72526e-06 8.57455e-07 1.39561e-07
 1.59915e-11 1.73649e-09 1.11171e-07 4.19617e-06 9.33797e-05 0.00122518 0.00947827 0.0432535 0.116681 0.188061 0.190554 0.146722 0.117465 0.0927961 0.0552537 0.024246 0.00925666 0.00337018 0.00110953 0.000324299 8.36731e-05 1.85387e-05 3.46363e-06 5.41505e-07 7.11615e-08
 1.60531e-11 1.74317e-09 1.116e-07 4.21233e-06 9.37393e-05 0.0012299 0.00951476 0.0434196 0.117123 0.188733 0.191036 0.14658 0.116761 0.0920779 0.054957 0.024286 0.00933582 0.00337135 0.00107773 0.000302887 7.56629e-05 1.63602e-05 2.97158e-06 4.4153e-07 5.25355e-08
 1.60652e-11 1.74449e-09 1.11684e-07 4.21551e-06 9.38102e-05 0.00123083 0.00952198 0.0434531 0.117221 0.188948 0.191524 0.147634 0.118271 0.0930302 0.0544424 0.0227782 0.00800666 0.0026975 0.000839009 0.000232405 5.66393e-05 1.18179e-05 2.07087e-06 2.97951e-07 3.41091e-08
 1.67752e-11 1.82158e-09 1.1662e-07 4.4018e-06 9.79558e-05 0.00128522 0.00994257 0.0453685 0.122335 0.196762 0.197428 0.146955 0.11154 0.0854262 0.0500483 0.02139 0.00776068 0.0026221 0.000777347 0.000200068 4.60714e-05 9.30763e-06 1.58659e-06 2.20807e-07 2.43823e-08
 1.74297e-11 1.89265e-09 1.21169e-07 4.57354e-06 0.000101777 0.00133535 0.0103303 0.0471353 0.127062 0.204069 0.203365 0.147686 0.107392 0.0797388 0.0453242 0.018118 0.00585297 0.00179738 0.000517829 0.000132833 2.97545e-05 5.67155e-06 9.09416e-07 1.20955e-07 1.29043e-08
 1.66748e-11 1.81068e-09 1.15921e-07 4.37545e-06 9.73694e-05 0.00127752 0.0098831 0.0450982 0.121619 0.19572 0.196894 0.14788 0.113762 0.0873674 0.0503745 0.0204724 0.00675952 0.00206605 0.000560531 0.000130896 2.72674e-05 5.01983e-06 7.80935e-07 9.90203e-08 9.98843e-09
 1.57714e-11 1.71259e-09 1.09642e-07 4.13842e-06 9.20948e-05 0.00120832 0.00934797 0.0426612 0.115115 0.185797 0.189471 0.148991 0.122712 0.0973345 0.0559478 0.0219709 0.00676108 0.00193123 0.000509782 0.000117565 2.35431e-05 4.02341e-06 5.78733e-07 6.93543e-08 6.70809e-09
 1.69288e-11 1.83827e-09 1.17688e-07 4.44212e-06 9.88531e-05 0.00129699 0.0100336 0.045784 0.123454 0.198551 0.199174 0.148096 0.11205 0.0851017 0.0485918 0.0193178 0.00610207 0.0017679 0.000454362 9.87048e-05 1.86624e-05 3.07114e-06 4.24367e-07 4.78234e-08 4.30409e-09
 1.75775e-11 1.9087e-09 1.22197e-07 4.61232e-06 0.000102641 0.00134668 0.0104179 0.0475342 0.128129 0.205714 0.204682 0.147785 0.106363 0.0784215 0.0443519 0.0175305 0.00549877 0.00159138 0.00041418 9.1607e-05 1.72934e-05 2.74655e-06 3.59642e-07 3.85161e-08 3.30347e-09
 1.68349e-11 1.82807e-09 1.17035e-07 4.41748e-06 9.83045e-05 0.00128979 0.009978 0.0455308 0.122781 0.197543 0.198513 0.148515 0.113441 0.0864361 0.0490253 0.0190319 0.00572554 0.0015806 0.000400117 8.758e-05 1.65733e-05 2.65831e-06 3.48695e-07 3.65499e-08 3.00329e-09
 1.70068e-11 1.84673e-09 1.1823e-07 4.46258e-06 9.93082e-05 0.00130296 0.0100798 0.0459947 0.124021 0.19945 0.200014 0.148549 0.112112 0.0847902 0.0478668 0.0184077 0.00541904 0.00144771 0.000352489 7.35803e-05 1.33065e-05 2.07721e-06 2.70294e-07 2.83977e-08 2.33304e-09
 1.72821e-11 1.87663e-09 1.20144e-07 4.53482e-06 0.000100916 0.00132405 0.0102429 0.0467375 0.126004 0.20248 0.202304 0.148286 0.1095 0.0818296 0.0461377 0.0178464 0.00532503 0.00144078 0.00035006 7.15851e-05 1.24875e-05 1.86317e-06 2.31555e-07 2.34877e-08 1.89513e-09
 1.73955e-11 1.88895e-09 1.20932e-07 4.56458e-06 0.000101578 0.00133274 0.0103101 0.0470436 0.126822 0.203742 0.203313 0.148358 0.108697 0.0807858 0.045336 0.0173505 0.00506257 0.00133726 0.000322324 6.62794e-05 1.16127e-05 1.7153e-06 2.07314e-07 2.01897e-08 1.55873e-09
 1.75075e-11 1.9011e-09 1.2171e-07 4.59395e-06 0.000102232 0.00134132 0.0103764 0.0473456 0.127628 0.204971 0.204231 0.148213 0.107577 0.0795459 0.0446541 0.0171802 0.00507124 0.00135352 0.000325198 6.58047e-05 1.13404e-05 1.6648e-06 2.01227e-07 1.94783e-08 1.47372e-09
 1.76956e-11 1.92153e-09 1.23018e-07 4.64331e-06 0.00010333 0.00135573 0.0104879 0.0478531 0.128984 0.207047 0.205822 0.148106 0.105902 0.0775918 0.043432 0.0166858 0.00491722 0.00131258 0.000316961 6.47065e-05 1.12062e-05 1.63531e-06 1.95099e-07 1.8681e-08 1.40534e-09
 1.79603e-11 1.95027e-09 1.24858e-07 4.71277e-06 0.000104876 0.00137601 0.0106447 0.0485675 0.130893 0.209977 0.2081 0.148062 0.103708 0.0749498 0.0416679 0.015841 0.00456685 0.00118694 0.000282002 5.72279e-05 9.91533e-06 1.45409e-06 1.74333e-07 1.66763e-08 1.24466e-09
 1.80814e-11 1.96342e-09 1.257e-07 4.74454e-06 0.000105583 0.00138528 0.0107164 0.0488943 0.131767 0.211327 0.209191 0.148179 0.102913 0.0738795 0.0408017 0.0152606 0.00423531 0.00104468 0.000238027 4.67781e-05 7.89086e-06 1.13833e-06 1.35708e-07 1.29969e-08 9.73195e-10
 1.78362e-11 1.9368e-09 1.23995e-07 4.68021e-06 0.000104151 0.0013665 0.0105712 0.0482329 0.130002 0.208634 0.207177 0.148483 0.105346 0.0765905 0.0423206 0.0156704 0.00423166 0.000999607 0.000217855 4.08116e-05 6.53018e-06 8.99688e-07 1.03648e-07 9.70056e-09 7.17693e-10
 1.8651e-11 2.02528e-09 1.2966e-07 4.89402e-06 0.000108909 0.00142892 0.0110539 0.0504315 0.135875 0.217629 0.214078 0.148042 0.0981257 0.068155 0.0370309 0.0135089 0.00353385 0.000794165 0.000165146 2.96174e-05 4.5057e-06 5.87741e-07 6.40955e-08 5.69974e-09 4.04606e-10
 1.85698e-11 2.01646e-09 1.29095e-07 4.87271e-06 0.000108435 0.0014227 0.0110058 0.0502125 0.135291 0.216744 0.213449 0.148248 0.0990915 0.0691569 0.0374846 0.0134924 0.00340179 0.000718046 0.000140606 2.39809e-05 3.46035e-06 4.27632e-07 4.42088e-08 3.71864e-09 2.49513e-10
 1.75504e-11 1.90577e-09 1.22009e-07 4.60523e-06 0.000102483 0.00134461 0.0104019 0.047462 0.127944 0.205496 0.204834 0.14885 0.108203 0.0797656 0.044089 0.0161322 0.00421011 0.000935068 0.000188157 3.15208e-05 4.32069e-06 5.01988e-07 4.89208e-08 3.88535e-09 2.46295e-10
#obs catch len freq
 1.2417e-11 1.34834e-09 8.63216e-08 3.25821e-06 7.25071e-05 0.000951331 0.00736007 0.0335954 0.0907388 0.14716 0.153467 0.130076 0.121196 0.111113 0.0838404 0.0551869 0.0335102 0.0181332 0.00857594 0.00348847 0.001166 0.00030119 5.65516e-05 7.32453e-06 6.28619e-07
 1.21443e-11 1.31873e-09 8.44262e-08 3.18667e-06 7.09152e-05 0.000930454 0.00719887 0.0328665 0.0888584 0.144765 0.153751 0.136504 0.131937 0.118539 0.0830924 0.049239 0.0276855 0.0144678 0.00659994 0.002513 0.00076589 0.000178455 3.02308e-05 3.54815e-06 2.77256e-07
 6.20972e-12 6.74303e-10 4.31695e-08 1.62944e-06 3.62618e-05 0.000475827 0.00368331 0.0168579 0.0461302 0.0794527 0.103701 0.138522 0.180527 0.176333 0.122896 0.0692134 0.0354874 0.016581 0.00684319 0.00240795 0.00067982 0.000144749 2.21249e-05 2.33212e-06 1.63887e-07
 1.69033e-11 1.83549e-09 1.1751e-07 4.43542e-06 9.87038e-05 0.00129503 0.0100183 0.045709 0.123169 0.197338 0.194049 0.133536 0.0891882 0.0703545 0.0557007 0.0395329 0.0233107 0.010898 0.00411795 0.00128529 0.000323321 6.20717e-05 8.59019e-06 8.17671e-07 5.16993e-08
 1.59542e-11 1.73244e-09 1.10912e-07 4.18639e-06 9.31626e-05 0.00122235 0.00945695 0.0431672 0.116566 0.188588 0.193346 0.151889 0.120754 0.0907772 0.0505721 0.020676 0.00781985 0.00326648 0.0012875 0.000401521 9.35766e-05 1.60186e-05 1.96546e-06 1.66874e-07 9.46444e-09
 1.68795e-11 1.83291e-09 1.17345e-07 4.42919e-06 9.85656e-05 0.00129324 0.0100053 0.0456672 0.123269 0.199009 0.201887 0.152726 0.113998 0.0821951 0.0449378 0.0175616 0.00541151 0.00146242 0.000365087 8.65743e-05 1.81249e-05 2.91609e-06 3.29657e-07 2.51806e-08 1.272e-09
 1.66619e-11 1.80928e-09 1.15832e-07 4.37208e-06 9.72949e-05 0.00127657 0.00987669 0.045086 0.121764 0.196977 0.201231 0.154785 0.117124 0.0837869 0.0447537 0.0168512 0.00489863 0.00119832 0.000243694 4.02625e-05 5.5536e-06 6.48698e-07 6.05583e-08 4.11018e-09 1.88337e-10
 1.6291e-11 1.76901e-09 1.13254e-07 4.27477e-06 9.51298e-05 0.00124818 0.00965742 0.0440931 0.119171 0.193344 0.19954 0.157289 0.121728 0.0867004 0.0451885 0.0162997 0.00443084 0.000996644 0.000184528 2.67987e-05 2.99019e-06 2.54808e-07 1.64997e-08 8.04321e-10 2.8689e-11
 1.6817e-11 1.82613e-09 1.1691e-07 4.41279e-06 9.82012e-05 0.00128848 0.00996927 0.0455165 0.123001 0.199347 0.204505 0.157545 0.116935 0.0805425 0.0412926 0.0148439 0.00403728 0.000892838 0.000157378 2.11016e-05 2.11523e-06 1.567e-07 8.39256e-09 3.17948e-10 8.39871e-12
 1.64094e-11 1.78187e-09 1.14077e-07 4.30585e-06 9.58217e-05 0.00125728 0.00972847 0.0444279 0.120174 0.195472 0.202983 0.160814 0.122328 0.0835636 0.0412298 0.0137867 0.00335451 0.000658762 0.00010661 1.35031e-05 1.27977e-06 8.80556e-08 4.27692e-09 1.4322e-10 3.24792e-12
 1.58554e-11 1.72171e-09 1.10225e-07 4.16047e-06 9.25871e-05 0.00121486 0.00940107 0.0429473 0.116321 0.190127 0.200608 0.164623 0.129047 0.087648 0.0417051 0.0129713 0.00277071 0.000452328 6.04195e-05 6.46457e-06 5.3062e-07 3.24603e-08 1.43358e-09 4.40712e-11 9.14212e-13
 1.67593e-11 1.81986e-09 1.16509e-07 4.39766e-06 9.78655e-05 0.00128412 0.00993685 0.0453902 0.122865 0.200219 0.208449 0.164114 0.120643 0.0779126 0.0357938 0.0107435 0.00217797 0.000326634 3.86043e-05 3.53111e-06 2.40292e-07 1.20151e-08 4.38681e-10 1.14467e-11 2.07043e-13
 1.64732e-11 1.78879e-09 1.1452e-07 4.32259e-06 9.61954e-05 0.00126223 0.00976825 0.0446328 0.120938 0.197754 0.207937 0.166785 0.123918 0.0790928 0.0353812 0.0101974 0.00193759 0.00026384 2.78382e-05 2.27898e-06 1.38299e-07 6.04245e-09 1.87752e-10 4.08725e-12 6.11759e-14
 1.7591e-11 1.91017e-09 1.22291e-07 4.61591e-06 0.000102723 0.00134787 0.0104306 0.0476492 0.128983 0.209959 0.216781 0.164848 0.112882 0.0677369 0.0292595 0.00824794 0.00154 0.000205239 2.08282e-05 1.59779e-06 8.8543e-08 3.45899e-09 9.48517e-11 1.81047e-12 2.36099e-14
 1.29361e-11 1.40471e-09 8.99308e-08 3.3945e-06 7.55451e-05 0.000991441 0.00767762 0.0351666 0.0961602 0.162388 0.188157 0.182193 0.159327 0.10631 0.0463859 0.0126568 0.00221402 0.000266809 2.40669e-05 1.66859e-06 8.57054e-08 3.13352e-09 7.98665e-11 1.39601e-12 1.64197e-14
 1.55041e-11 1.68357e-09 1.07784e-07 4.06836e-06 9.05403e-05 0.00118815 0.00919815 0.0420787 0.114479 0.189591 0.206191 0.174815 0.133278 0.0825039 0.0350091 0.00958531 0.00174013 0.000224176 2.14516e-05 1.49614e-06 7.27266e-08 2.41332e-09 5.48585e-11 8.57422e-13 9.1218e-15
 1.52542e-11 1.65643e-09 1.06046e-07 4.00279e-06 8.90824e-05 0.00116908 0.00905199 0.0414327 0.112917 0.187952 0.206884 0.178253 0.136052 0.082409 0.0335985 0.00861875 0.00140278 0.000153549 1.22753e-05 7.51306e-07 3.44469e-08 1.12844e-09 2.54983e-11 3.87688e-13 3.88644e-15
 1.53167e-11 1.66321e-09 1.06481e-07 4.01921e-06 8.94489e-05 0.00117393 0.00909067 0.0416242 0.113543 0.189375 0.20895 0.179407 0.134786 0.080002 0.032159 0.00825012 0.0013743 0.000157603 1.31282e-05 7.9525e-07 3.37335e-08 9.75142e-10 1.91807e-11 2.58329e-13 2.37009e-15
 1.52122e-11 1.65187e-09 1.05755e-07 3.99182e-06 8.8841e-05 0.00116602 0.00903097 0.0413722 0.11302 0.18919 0.210159 0.181296 0.135144 0.0788538 0.0312087 0.0079571 0.00133805 0.000157457 1.354e-05 8.42091e-07 3.64312e-08 1.06692e-09 2.09229e-11 2.72579e-13 2.33154e-15
 1.46015e-11 1.58556e-09 1.0151e-07 3.83165e-06 8.52789e-05 0.00111939 0.0086727 0.0397723 0.108992 0.184067 0.208669 0.185283 0.140264 0.0814711 0.0319246 0.00811547 0.00137934 0.000165928 1.45755e-05 9.18023e-07 4.00083e-08 1.18006e-09 2.33053e-11 3.04738e-13 2.59919e-15
 1.60801e-11 1.74612e-09 1.11789e-07 4.21964e-06 9.39134e-05 0.00123267 0.00954857 0.0437551 0.119544 0.199674 0.218798 0.180751 0.125484 0.0682829 0.0255194 0.00619523 0.000995258 0.000111901 9.20801e-06 5.52759e-07 2.34149e-08 6.79798e-10 1.32726e-11 1.71414e-13 1.44032e-15
 1.48818e-11 1.616e-09 1.0346e-07 3.9053e-06 8.69227e-05 0.00114113 0.00884474 0.0406038 0.111542 0.189199 0.215013 0.188078 0.136274 0.0745142 0.0272565 0.00636776 0.000965985 0.000100249 7.49097e-06 4.07675e-07 1.5764e-08 4.21284e-10 7.644e-12 9.27824e-14 7.40809e-16
 1.65132e-11 1.79315e-09 1.148e-07 4.33337e-06 9.64485e-05 0.00126609 0.00981022 0.0449845 0.123069 0.205874 0.22485 0.181588 0.119847 0.0612992 0.0215686 0.00492493 0.000736087 7.52344e-05 5.46637e-06 2.82853e-07 1.01612e-08 2.47755e-10 4.05766e-12 4.43392e-14 3.19897e-16
 1.62572e-11 1.76535e-09 1.13022e-07 4.2663e-06 9.49598e-05 0.0012467 0.00966332 0.0443522 0.121631 0.204624 0.225863 0.184405 0.121401 0.060818 0.0206904 0.00451033 0.000631829 5.92401e-05 3.90535e-06 1.84968e-07 6.19221e-09 1.42319e-10 2.19659e-12 2.24203e-14 1.49294e-16
 1.59016e-11 1.72674e-09 1.10551e-07 4.1731e-06 9.28909e-05 0.00121973 0.00945844 0.0434622 0.119542 0.202485 0.22634 0.187363 0.123571 0.061086 0.0203706 0.00434994 0.000596979 5.46046e-05 3.46685e-06 1.55009e-07 4.80271e-09 1.00736e-10 1.41028e-12 1.30804e-14 7.96929e-17
 1.57251e-11 1.70758e-09 1.09325e-07 4.12692e-06 9.18689e-05 0.00120652 0.0093601 0.0430579 0.118739 0.202217 0.227929 0.189624 0.123967 0.0598966 0.0193617 0.00397827 0.000519433 4.45085e-05 2.61318e-06 1.0781e-07 3.10268e-09 6.07977e-11 7.94479e-13 6.83163e-15 3.82436e-17
 1.35696e-11 1.47353e-09 9.43432e-08 3.56169e-06 7.93055e-05 0.00104222 0.00810056 0.0374538 0.104686 0.184256 0.221896 0.202054 0.141682 0.0704502 0.0228954 0.00471846 0.000623752 5.4687e-05 3.28049e-06 1.35546e-07 3.7929e-09 7.03952e-11 8.56286e-13 6.7942e-15 3.50095e-17
 1.73622e-11 1.88535e-09 1.20707e-07 4.55665e-06 0.000101436 0.00133214 0.0103326 0.0474841 0.130423 0.21907 0.237369 0.181961 0.106864 0.0472232 0.0144819 0.00292643 0.000388841 3.48073e-05 2.14068e-06 9.0108e-08 2.54362e-09 4.72091e-11 5.691e-13 4.42179e-15 2.19782e-17
 1.4029e-11 1.52344e-09 9.75416e-08 3.68274e-06 8.20164e-05 0.00107832 0.00838914 0.0388606 0.108934 0.192073 0.229395 0.202236 0.133971 0.0622138 0.0187632 0.00354549 0.000420391 3.21739e-05 1.65935e-06 5.97906e-08 1.51563e-09 2.64678e-11 3.09231e-13 2.35804e-15 1.15223e-17
#spawning biomass
 11154.1 7219.07 5067.4 4782.4 7761.59 11889.9 19383.3 27656.6 40306.9 61912 73316.3 101094 128119 185433 160570 136718 162921 182516 161867 160736 162541 178687 204045 232256 251192 243985 218895 213216 194728 139861 273617 259106 212437 163049 122779 93936.5 74827.4 62801.2 55497.8 51175 48664.3 47226.4 46411.7 45953 45693.1 45551.2 45473.6 45431.2 45408.1 45395.5 45388.6 45384.8 45382.7 45381.6 45381 45380.6 45380.5 45380.4 45380.3 45380.3 45380.3 45380.3 45380.2 45380.2 45380.2 45380.2 45380.2 45380.2 45380.2 45380.2 45380.2 45380.2 45380.2 45380.2 45380.2 45380.2 45380.2 45380.2 45380.2 45380.2 45380.2 45380.2 45380.2 45380.2 45380.2 45380.2 45380.2 45380.2 45380.2 45380.2 45380.2 45380.2 45380.2 45380.2 45380.2 45380.2 45380.2 45380.2 45380.2 45380.2 45380.2 45380.2 45380.2 45380.2 45380.2 45380.2 45380.2 45380.2 45380.2 45380.2 45380.2 45380.2 45380.2 45380.2 45380.2 45380.2 45380.2 45380.2 45380.2 45380.2 45380.2 45380.2 45380.2 45380.2 45380.2 45380.2 45380.2 45380.2 45380.2 0 0 0 0 0 0 0 0 0 0 0 0 0 0 0 0 0 0 0 0 0 0 0 0 0
