SBPRF35
0.041877
Curr Bio
214204
B35
95070.9
F35
52.539
FOFL
52.539
OFL
261848
Bzero
10700.6
#pred survey bio
 8841.68 8740.88 11355.6 13621.7 22042.7 32677.7 31404.6 36214.2 48304.2 57926.2 70908 95423.7 129490 145931 137166 122840 119437 115761 108397 98376.4 102304 105858 115133 127031 132882 141823 136736 128303 134956 2.80809e+06 633215 205816 106031 77385 69235.1 66957.9 66332.2 66162.7 66117.2 66105.1 66102 66101.1 66100.9 66100.8 66100.8 66100.8 66100.8 66100.8 66100.8 66100.8 66100.8 66100.8 66100.8 66100.8 66100.8 66100.8 66100.8 66100.8 66100.8 66100.8 66100.8 66100.8 66100.8 66100.8 66100.8 66100.8 66100.8 66100.8 66100.8 66100.8 66100.8 66100.8 66100.8 66100.8 66100.8 66100.8 66100.8 66100.8 66100.8 66100.8 66100.8 66100.8 66100.8 66100.8 66100.8 66100.8 66100.8 66100.8 66100.8 66100.8 66100.8 66100.8 66100.8 66100.8 66100.8 66100.8 66100.8 66100.8 66100.8 66100.8 66100.8 66100.8 66100.8 66100.8 66100.8 66100.8 66100.8 66100.8 66100.8 66100.8 66100.8 66100.8 66100.8 66100.8 66100.8 66100.8 66100.8 66100.8 66100.8 66100.8 66100.8 66100.8 66100.8 66100.8 66100.8 66100.8 66100.8 66100.8 66100.8 0 0 0 0 0 0 0 0 0 0 0 0 0 0 0 0 0 0 0 0 0 0 0 0 0
#obs survey bio
 6701.93 6421.39 11671.7 9813.19 30470.6 31096.9 22662.7 29816.3 40996.2 60426.5 83935.2 85064.9 200181 133593 116169 98401.3 122850 127483 121015 122160 101741 117184 142558 121044 190716 126408 147959 143291 113635
#pred catch bio
 2864.37 4126.7 6166.17 7354.31 9244.62 18523.3 19796.7 22114 30074 36009.3 45069.3 58784.8 82388.4 99300.7 99315.3 90790.8 90725.3 85118.9 84367.6 74741.1 80373.9 78964.9 85452.8 102035 104522 123762 125193 105967 134185 261848 5955.01 5954.43 5954.43 5954.43 5954.43 5954.43 5954.43 5954.43 5954.43 5954.43 5954.43 5954.43 5954.43 5954.43 5954.43 5954.43 5954.43 5954.43 5954.43 5954.43 5954.43 5954.43 5954.43 5954.43 5954.43 5954.43 5954.43 5954.43 5954.43 5954.43 5954.43 5954.43 5954.43 5954.43 5954.43 5954.43 5954.43 5954.43 5954.43 5954.43 5954.43 5954.43 5954.43 5954.43 5954.43 5954.43 5954.43 5954.43 5954.43 5954.43 5954.43 5954.43 5954.43 5954.43 5954.43 5954.43 5954.43 5954.43 5954.43 5954.43 5954.43 5954.43 5954.43 5954.43 5954.43 5954.43 5954.43 5954.43 5954.43 5954.43 5954.43 5954.43 5954.43 5954.43 5954.43 5954.43 5954.43 5954.43 5954.43 5954.43 5954.43 5954.43 5954.43 5954.43 5954.43 5954.43 5954.43 5954.43 5954.43 5954.43 5954.43 5954.43 5954.43 5954.43 5954.43 5954.43 5954.43 5954.43 5954.43 0 0 0 0 0 0 0 0 0 0 0 0 0 0 0 0 0 0 0 0 0 0 0 0 0
#obs catch bio
 4503.73 4213.14 6220.45 7516.6 9158.53 18315.4 20579 22211 30193.7 35839.5 44996.8 59052.2 81004.2 98505.6 100885 92269.2 91415 84997.6 83253.3 74458.5 79653.2 77298.7 83538.6 100572 101176 121956 124986 103950 134885
#pred cpue bio
 8804.11 8363.18 10978.5 13238.6 20381.6 32338.6 31035.3 34146.1 46437.4 55861.1 67936.4 90223.3 123942 142403 134593 119588 115126 112203 105874 94824.8 98002.9 101450 110418 121514 126754 135758 130009 122018 128777 2.62282e+06 709399 200623 99290 70609.7 62459 60181.8 59556.1 59386.6 59341.1 59329 59325.8 59325 59324.8 59324.7 59324.7 59324.7 59324.7 59324.7 59324.7 59324.7 59324.7 59324.7 59324.7 59324.7 59324.7 59324.7 59324.7 59324.7 59324.7 59324.7 59324.7 59324.7 59324.7 59324.7 59324.7 59324.7 59324.7 59324.7 59324.7 59324.7 59324.7 59324.7 59324.7 59324.7 59324.7 59324.7 59324.7 59324.7 59324.7 59324.7 59324.7 59324.7 59324.7 59324.7 59324.7 59324.7 59324.7 59324.7 59324.7 59324.7 59324.7 59324.7 59324.7 59324.7 59324.7 59324.7 59324.7 59324.7 59324.7 59324.7 59324.7 59324.7 59324.7 59324.7 59324.7 59324.7 59324.7 59324.7 59324.7 59324.7 59324.7 59324.7 59324.7 59324.7 59324.7 59324.7 59324.7 59324.7 59324.7 59324.7 59324.7 59324.7 59324.7 59324.7 59324.7 59324.7 59324.7 59324.7 59324.7 0 0 0 0 0 0 0 0 0 0 0 0 0 0 0 0 0 0 0 0 0 0 0 0 0
#obs cpue bio
 5591.39 8354.47 9628.38 12518.4 26605.4 30071.8 20301.5 43302.9 56995.4 62954.4 57095.9 77378.8 162058 139926 95679.2 128976 104230 111851 139684 69005.3 125038 144666 122836 151571 174472 153735 114708 163330 127316
#pred surv len freq
 2.5657e-27 2.59524e-27 3.92576e-26 7.74179e-20 1.89781e-14 5.62354e-10 2.01426e-06 0.000872097 0.0456424 0.288746 0.221083 0.0378148 0.132506 0.122475 0.0314924 0.0414028 0.0188716 0.0159739 0.0103891 0.00821697 0.0065777 0.00571557 0.0056954 0.00500302 0.00152046
 2.5702e-27 2.60698e-27 4.90671e-26 9.81096e-20 2.40504e-14 7.12656e-10 2.55261e-06 0.00110518 0.0578414 0.36592 0.280043 0.0398141 0.106299 0.0977707 0.0180192 0.0165688 0.00633617 0.00385665 0.00204678 0.00135197 0.000931811 0.000711777 0.000635272 0.000558777 0.000185944
 2.56994e-27 2.60611e-27 4.81104e-26 9.60908e-20 2.35555e-14 6.97991e-10 2.50009e-06 0.00108244 0.0566511 0.358391 0.274322 0.041615 0.124024 0.113879 0.0164362 0.00882967 0.00285603 0.00103528 0.000407274 0.000194288 0.000103728 6.52785e-05 4.97329e-05 4.13832e-05 1.42598e-05
 2.56965e-27 2.60529e-27 4.73748e-26 9.45388e-20 2.3175e-14 6.86718e-10 2.45971e-06 0.00106496 0.0557362 0.352602 0.269908 0.0419493 0.129669 0.11908 0.0172209 0.00929244 0.0027263 0.00053145 0.000146438 4.15113e-05 1.43759e-05 6.46445e-06 3.84879e-06 2.82502e-06 9.66015e-07
 2.5723e-27 2.61253e-27 5.38263e-26 1.08149e-19 2.65114e-14 7.8558e-10 2.81382e-06 0.00121827 0.0637601 0.403364 0.308632 0.0396575 0.0850219 0.0779642 0.0114666 0.00652132 0.0019171 0.000372842 8.54162e-05 1.28793e-05 2.42504e-06 6.07035e-07 2.33636e-07 1.35297e-07 4.38521e-08
 2.56856e-27 2.60228e-27 4.46715e-26 8.88358e-20 2.1777e-14 6.45292e-10 2.31133e-06 0.00100072 0.0523739 0.331332 0.253684 0.0431001 0.149825 0.1376 0.0190416 0.0087836 0.00258387 0.000530297 0.000122804 1.7494e-05 2.06497e-06 2.28891e-07 4.02221e-08 1.45073e-08 4.14096e-09
 2.56851e-27 2.60221e-27 4.4655e-26 8.88011e-20 2.17685e-14 6.4504e-10 2.31043e-06 0.00100033 0.0523535 0.331203 0.253579 0.0426632 0.146575 0.13471 0.0205196 0.012876 0.0037332 0.000622495 0.000139553 2.08249e-05 2.4166e-06 1.8753e-07 1.21532e-08 1.6394e-09 3.4345e-10
 2.57135e-27 2.60993e-27 5.15016e-26 1.03245e-19 2.53092e-14 7.49957e-10 2.68622e-06 0.00116303 0.0608688 0.385073 0.294679 0.0405112 0.101322 0.0929676 0.0134242 0.00721115 0.00215867 0.00049088 0.000112195 1.39865e-05 1.59773e-06 1.24949e-07 5.71366e-09 2.13931e-10 1.86262e-11
 2.57038e-27 2.60726e-27 4.90827e-26 9.81416e-20 2.40582e-14 7.12888e-10 2.55345e-06 0.00110554 0.0578602 0.36604 0.280164 0.0416872 0.120469 0.110531 0.0146221 0.00551894 0.00160177 0.000310499 7.3802e-05 1.19444e-05 1.30675e-06 9.10893e-08 4.1047e-09 9.70168e-11 1.90619e-12
 2.57018e-27 2.6067e-27 4.86029e-26 9.71296e-20 2.38101e-14 7.05537e-10 2.52712e-06 0.00109414 0.0572636 0.362265 0.277283 0.0417528 0.122992 0.112881 0.0154369 0.00678122 0.00191692 0.000265563 5.5863e-05 8.00274e-06 9.97193e-07 7.90565e-08 3.2146e-09 7.04323e-11 7.06638e-13
 2.57054e-27 2.60769e-27 4.94872e-26 9.89951e-20 2.42674e-14 7.19088e-10 2.57565e-06 0.00111516 0.0583634 0.369223 0.28259 0.0414072 0.116634 0.107031 0.014727 0.00663652 0.00189964 0.000301674 6.19711e-05 6.5026e-06 6.87767e-07 5.45573e-08 2.5709e-09 5.41873e-11 4.73648e-13
 2.57126e-27 2.60967e-27 5.12415e-26 1.02696e-19 2.51747e-14 7.4597e-10 2.67194e-06 0.00115685 0.0605453 0.383026 0.293121 0.0408403 0.104921 0.0962315 0.0129694 0.005348 0.00152983 0.000249041 5.26839e-05 6.15795e-06 5.72606e-07 3.42587e-08 1.50627e-09 3.52763e-11 3.10056e-13
 2.57062e-27 2.60791e-27 4.96714e-26 9.93836e-20 2.43627e-14 7.2191e-10 2.58576e-06 0.00111954 0.0585925 0.370672 0.283698 0.0414639 0.116287 0.106684 0.0141764 0.0054684 0.00154918 0.000232192 4.82755e-05 5.80052e-06 5.73938e-07 3.43987e-08 1.17294e-09 2.39547e-11 2.23481e-13
 2.56949e-27 2.60483e-27 4.69254e-26 9.35907e-20 2.29426e-14 6.79831e-10 2.43504e-06 0.00105428 0.0551772 0.349066 0.267215 0.0424232 0.135168 0.124077 0.0167015 0.00684672 0.00193411 0.000272764 5.49161e-05 6.13075e-06 6.01851e-07 3.78186e-08 1.32626e-09 2.25211e-11 1.77116e-13
 2.56913e-27 2.60386e-27 4.60619e-26 9.1769e-20 2.24961e-14 6.66599e-10 2.38765e-06 0.00103376 0.0541032 0.342272 0.262031 0.0426854 0.140805 0.129279 0.0176127 0.00761524 0.00216476 0.000322478 6.53089e-05 6.87761e-06 6.38482e-07 3.81295e-08 1.37375e-09 2.40023e-11 1.65747e-13
 2.56964e-27 2.60523e-27 4.72803e-26 9.43392e-20 2.31261e-14 6.85268e-10 2.45452e-06 0.00106271 0.0556185 0.351858 0.269345 0.0423067 0.132785 0.121879 0.0163378 0.00657169 0.00187165 0.000292956 6.06746e-05 6.69913e-06 6.14142e-07 3.43268e-08 1.16536e-09 2.0389e-11 1.43971e-13
 2.57024e-27 2.60687e-27 4.87345e-26 9.74071e-20 2.38782e-14 7.07553e-10 2.53434e-06 0.00109727 0.0574272 0.3633 0.278075 0.0418547 0.123211 0.113048 0.0148334 0.00536432 0.00151318 0.000221661 4.54684e-05 5.25868e-06 5.00243e-07 2.86598e-08 9.25753e-10 1.51823e-11 1.05432e-13
 2.56995e-27 2.60606e-27 4.79982e-26 9.58537e-20 2.34974e-14 6.9627e-10 2.49392e-06 0.00107977 0.0565114 0.357507 0.273657 0.0422196 0.129092 0.118441 0.0151702 0.00477448 0.00132911 0.000177022 3.4878e-05 3.80592e-06 3.63967e-07 2.18752e-08 7.30266e-10 1.16633e-11 7.61015e-14
 2.56947e-27 2.60476e-27 4.68484e-26 9.3428e-20 2.29028e-14 6.7865e-10 2.43081e-06 0.00105245 0.0550813 0.348459 0.266754 0.0425728 0.13663 0.125396 0.0163943 0.00581347 0.0016129 0.00019079 3.55226e-05 3.5428e-06 3.19489e-07 1.85349e-08 6.4031e-10 1.06278e-11 6.86626e-14
 2.57026e-27 2.60691e-27 4.87616e-26 9.74641e-20 2.38922e-14 7.07967e-10 2.53582e-06 0.00109791 0.0574608 0.363513 0.278238 0.041903 0.123465 0.113269 0.0146333 0.00485202 0.00135203 0.000176859 3.35553e-05 2.99475e-06 2.48188e-07 1.31571e-08 4.32131e-10 7.25605e-12 4.86746e-14
 2.57061e-27 2.60787e-27 4.96136e-26 9.92615e-20 2.43328e-14 7.21023e-10 2.58258e-06 0.00111816 0.0585205 0.370217 0.283352 0.0416138 0.117671 0.10793 0.0138281 0.00435989 0.00120729 0.000149164 2.81479e-05 2.74195e-06 2.24215e-07 1.05758e-08 3.14604e-10 4.93619e-12 3.29032e-14
 2.57061e-27 2.60784e-27 4.95848e-26 9.92008e-20 2.43179e-14 7.20582e-10 2.581e-06 0.00111748 0.0584847 0.36999 0.283181 0.0416888 0.118362 0.108551 0.0136462 0.00378894 0.00103992 0.000123149 2.26913e-05 2.1046e-06 1.75456e-07 8.72963e-09 2.3962e-10 3.35267e-12 2.06428e-14
 2.57055e-27 2.6077e-27 4.94629e-26 9.89436e-20 2.42548e-14 7.18714e-10 2.57431e-06 0.00111458 0.058333 0.369031 0.282448 0.0416749 0.118771 0.108942 0.0139488 0.00437964 0.00120129 0.000128339 2.25448e-05 2.00587e-06 1.61e-07 7.81044e-09 2.23665e-10 3.02736e-12 1.66788e-14
 2.57069e-27 2.60808e-27 4.98043e-26 9.96639e-20 2.44314e-14 7.23947e-10 2.59305e-06 0.00112269 0.0587577 0.371717 0.284497 0.0415376 0.116287 0.106657 0.0136875 0.00435948 0.001204 0.000142017 2.56388e-05 2.07466e-06 1.56864e-07 7.25406e-09 2.00649e-10 2.75876e-12 1.50717e-14
 2.57086e-27 2.60855e-27 5.02126e-26 1.00525e-19 2.46426e-14 7.30203e-10 2.61547e-06 0.0011324 0.0592655 0.37493 0.286949 0.0414789 0.114117 0.104639 0.0130381 0.00338771 0.000927103 0.000110694 2.03315e-05 1.79661e-06 1.36066e-07 5.72657e-09 1.4932e-10 1.96866e-12 1.07247e-14
 2.57067e-27 2.60803e-27 4.97476e-26 9.95443e-20 2.44021e-14 7.23078e-10 2.58994e-06 0.00112135 0.0586872 0.371271 0.284158 0.041644 0.117334 0.107602 0.0134652 0.00361471 0.000981072 9.9532e-05 1.70978e-05 1.52972e-06 1.20686e-07 5.4136e-09 1.33522e-10 1.6265e-12 8.44172e-15
 2.57105e-27 2.60906e-27 5.066e-26 1.01469e-19 2.48739e-14 7.37059e-10 2.64002e-06 0.00114303 0.059822 0.37845 0.289636 0.0413868 0.111528 0.10224 0.0124233 0.0025898 0.000693321 7.20914e-05 1.22746e-05 9.46161e-07 7.0057e-08 3.22291e-09 8.42558e-11 1.01816e-12 4.89365e-15
 2.57106e-27 2.60906e-27 5.06543e-26 1.01457e-19 2.48709e-14 7.3697e-10 2.6397e-06 0.00114289 0.0598148 0.378405 0.289602 0.0414442 0.111989 0.102651 0.0122516 0.00209484 0.000547008 4.71749e-05 7.30197e-06 5.71968e-07 4.0333e-08 1.62018e-09 4.16479e-11 5.27036e-13 2.57545e-15
 2.57086e-27 2.60853e-27 5.01855e-26 1.00468e-19 2.46285e-14 7.29787e-10 2.61398e-06 0.00113175 0.0592318 0.374716 0.286787 0.0415345 0.114654 0.105124 0.0129298 0.0030175 0.000801034 6.04643e-05 8.38118e-06 5.51289e-07 3.54787e-08 1.40686e-09 3.25548e-11 3.84296e-13 1.9273e-15
#obs surv len freq
 1.7623e-41 2.44595e-33 4.10359e-26 8.32201e-20 2.04004e-14 6.04502e-10 2.16523e-06 0.000937469 0.0490634 0.310389 0.237744 0.0440139 0.152192 0.128958 0.0365881 0.0282185 0.00858902 0.00270877 0.000529975 6.18084e-05 3.13747e-06 5.0385e-08 1.91289e-10 1.38722e-13 1.66425e-17
 2.18017e-41 3.02593e-33 5.07663e-26 1.02953e-19 2.52377e-14 7.4784e-10 2.67864e-06 0.00115976 0.0606972 0.383988 0.293915 0.0419891 0.0966661 0.0773617 0.0220533 0.0158857 0.00464337 0.00136695 0.000245438 2.50458e-05 1.05348e-06 1.33113e-08 3.81064e-11 2.01991e-14 1.73813e-18
 1.72306e-41 2.39149e-33 4.01222e-26 8.13671e-20 1.99462e-14 5.91042e-10 2.11702e-06 0.000916595 0.0479709 0.303479 0.232662 0.0512483 0.181955 0.135895 0.0265796 0.014117 0.00391933 0.00106543 0.000173724 1.53844e-05 5.32355e-07 5.25405e-09 1.13152e-11 4.39813e-15 2.7268e-19
 2.08535e-41 2.89433e-33 4.85585e-26 9.84756e-20 2.41401e-14 7.15316e-10 2.56215e-06 0.00110932 0.0580574 0.367288 0.281288 0.0458307 0.113821 0.0816974 0.028507 0.0181767 0.00344241 0.000673946 9.71399e-05 7.36672e-06 2.07787e-07 1.59305e-09 2.57147e-12 7.32211e-16 3.27806e-20
 2.37094e-41 3.29071e-33 5.52086e-26 1.11962e-19 2.74461e-14 8.13279e-10 2.91303e-06 0.00126124 0.0660084 0.417588 0.319667 0.0442905 0.0791345 0.0521133 0.0116703 0.00610919 0.00176276 0.000356451 3.32304e-05 1.94243e-06 4.38795e-08 2.59424e-10 3.12868e-13 6.51657e-17 2.10587e-21
 1.32264e-41 1.83574e-33 3.07984e-26 6.24586e-20 1.5311e-14 4.53692e-10 1.62505e-06 0.000703591 0.0368232 0.232957 0.179473 0.0711661 0.271821 0.166122 0.0278079 0.0106555 0.00202603 0.000397458 4.31336e-05 1.78016e-06 2.78129e-08 1.22826e-10 1.09935e-13 1.67153e-17 3.89707e-22
 2.21292e-41 3.07139e-33 5.15289e-26 1.045e-19 2.56168e-14 7.59074e-10 2.71888e-06 0.00117718 0.061609 0.389757 0.298554 0.0468026 0.089236 0.0566567 0.0353186 0.0181167 0.00244677 0.000297106 2.51274e-05 1.02196e-06 1.19937e-08 3.52297e-11 2.21422e-14 2.42406e-18 4.06465e-23
 1.98183e-41 2.75065e-33 4.61478e-26 9.35869e-20 2.29417e-14 6.79805e-10 2.43495e-06 0.00105425 0.0551752 0.349057 0.267956 0.061099 0.155807 0.0830195 0.0161833 0.00749626 0.00274059 0.000388498 1.97497e-05 5.49298e-07 5.41974e-09 1.21361e-11 5.1401e-15 3.78546e-19 4.40946e-24
 2.02794e-41 2.81464e-33 4.72215e-26 9.57642e-20 2.34755e-14 6.95621e-10 2.4916e-06 0.00107878 0.0564589 0.357179 0.274243 0.0614024 0.142974 0.0735496 0.022962 0.0085636 0.00131452 0.000251295 1.95693e-05 3.88953e-07 2.40904e-09 4.00027e-12 1.27942e-15 6.63247e-20 5.20395e-25
 1.98213e-41 2.75106e-33 4.61548e-26 9.3601e-20 2.29452e-14 6.79908e-10 2.43532e-06 0.00105441 0.0551836 0.349112 0.268374 0.0669997 0.154201 0.0736639 0.0218249 0.00794656 0.00146243 0.000164455 1.09474e-05 2.75802e-07 1.4374e-09 1.52297e-12 3.2641e-16 1.21965e-20 6.92306e-26
 2.09551e-41 2.90844e-33 4.8795e-26 9.89554e-20 2.42577e-14 7.18801e-10 2.57463e-06 0.00111473 0.0583403 0.369083 0.283679 0.065923 0.13356 0.0604626 0.0199335 0.00662782 0.00113962 0.000127588 6.21417e-06 1.17724e-07 6.17282e-10 5.8741e-13 8.9485e-17 2.17839e-21 8.29016e-27
 2.05218e-41 2.84828e-33 4.77859e-26 9.69088e-20 2.3756e-14 7.03935e-10 2.52138e-06 0.00109167 0.0571337 0.361452 0.278269 0.0729232 0.145663 0.0603168 0.0170228 0.00514982 0.00088194 8.84793e-05 3.83653e-06 5.47577e-08 2.06052e-10 1.64647e-13 2.19467e-17 4.25763e-22 1.15298e-27
 2.00278e-41 2.77973e-33 4.66358e-26 9.45764e-20 2.31843e-14 6.86993e-10 2.4607e-06 0.0010654 0.0557586 0.352757 0.272098 0.0794393 0.153552 0.0606319 0.0188978 0.0050139 0.000716943 6.47121e-05 2.45349e-06 2.87849e-08 8.10771e-11 4.56002e-14 4.50483e-18 6.94961e-23 1.52234e-28
 1.86236e-41 2.58483e-33 4.33659e-26 8.79451e-20 2.15587e-14 6.38824e-10 2.28816e-06 0.000990696 0.0518491 0.32803 0.254065 0.0916322 0.176398 0.0671709 0.0231223 0.00586353 0.000814085 6.00542e-05 1.86391e-06 1.79527e-08 3.96551e-11 1.65776e-14 1.16018e-18 1.25537e-23 1.98399e-29
 1.68588e-41 2.33988e-33 3.92564e-26 7.96112e-20 1.95158e-14 5.78288e-10 2.07133e-06 0.000896815 0.0469358 0.296956 0.231487 0.106404 0.201339 0.0766629 0.0306383 0.00754878 0.00105582 7.11094e-05 1.78966e-06 1.32341e-08 2.25582e-11 7.16778e-15 3.71188e-19 2.89137e-24 3.21853e-30
 1.91796e-41 2.662e-33 4.46606e-26 9.05708e-20 2.22024e-14 6.57897e-10 2.35648e-06 0.00102027 0.0533971 0.337833 0.262382 0.0952562 0.154083 0.0604505 0.0275867 0.00691691 0.00100675 6.42018e-05 1.41206e-06 8.22722e-09 1.04131e-11 2.43901e-15 9.32957e-20 5.33445e-25 4.3095e-31
 1.8572e-41 2.57767e-33 4.32457e-26 8.77014e-20 2.1499e-14 6.37054e-10 2.28182e-06 0.000987951 0.0517055 0.327144 0.255567 0.109854 0.169892 0.0574978 0.0210373 0.00542635 0.000832462 5.21982e-05 1.03859e-06 5.03948e-09 4.93283e-12 8.49122e-16 2.33966e-20 9.62558e-26 5.61202e-32
 1.84246e-41 2.55721e-33 4.29025e-26 8.70054e-20 2.13284e-14 6.31998e-10 2.26371e-06 0.00098011 0.0512951 0.324561 0.25462 0.116719 0.167768 0.0575558 0.0214554 0.00441385 0.000592493 3.65669e-05 6.73129e-07 2.80559e-09 2.21256e-12 2.91974e-16 5.94015e-21 1.76127e-26 7.31562e-33
 1.86825e-41 2.59301e-33 4.35031e-26 8.82234e-20 2.16269e-14 6.40845e-10 2.2954e-06 0.00099383 0.0520132 0.329118 0.259067 0.121064 0.159567 0.0539363 0.0198147 0.00395244 0.000448611 2.2414e-05 3.64252e-07 1.31726e-09 8.56168e-13 8.9187e-17 1.38548e-21 3.05757e-27 9.26823e-34
 1.94295e-41 2.69669e-33 4.52426e-26 9.17511e-20 2.24917e-14 6.6647e-10 2.38719e-06 0.00103357 0.054093 0.34229 0.26985 0.121345 0.144413 0.047189 0.0163521 0.00309594 0.000323444 1.33097e-05 1.67398e-07 4.87262e-10 2.58222e-13 2.14821e-17 2.59682e-22 4.36282e-28 9.89304e-35
 1.94001e-41 2.69261e-33 4.5174e-26 9.1612e-20 2.24576e-14 6.6546e-10 2.38357e-06 0.001032 0.0540111 0.341798 0.271105 0.129819 0.142682 0.0434654 0.0135205 0.00233814 0.00021915 7.76214e-06 7.70355e-08 1.6773e-10 6.70234e-14 4.28863e-18 4.00409e-23 5.15525e-29 8.85483e-36
 1.97966e-41 2.74764e-33 4.60973e-26 9.34844e-20 2.29166e-14 6.79061e-10 2.43229e-06 0.0010531 0.0551151 0.348809 0.277628 0.131688 0.132062 0.0400533 0.0116842 0.00175951 0.000140869 4.19193e-06 3.35616e-08 5.58759e-11 1.64009e-14 7.62875e-19 5.2225e-24 4.98696e-30 6.39366e-37
 1.91026e-41 2.65131e-33 4.44813e-26 9.02071e-20 2.21132e-14 6.55255e-10 2.34702e-06 0.00101618 0.053183 0.336642 0.27132 0.147195 0.138554 0.0398614 0.0106526 0.00147256 9.91368e-05 2.36354e-06 1.49026e-08 1.91105e-11 4.20363e-15 1.42908e-19 7.03837e-25 4.81144e-31 4.42844e-38
 1.96348e-41 2.72517e-33 4.57205e-26 9.27202e-20 2.27293e-14 6.73509e-10 2.4124e-06 0.00104449 0.0546647 0.346053 0.279659 0.14523 0.125005 0.0375316 0.00956908 0.00117216 6.74126e-05 1.2881e-06 6.19275e-09 5.96699e-12 9.78552e-16 2.45486e-20 8.81777e-26 4.34829e-32 2.86283e-39
 1.94248e-41 2.69603e-33 4.52315e-26 9.17286e-20 2.24862e-14 6.66307e-10 2.3866e-06 0.00103332 0.0540803 0.342433 0.279931 0.15538 0.123528 0.0345063 0.00811642 0.000942042 4.6244e-05 7.08387e-07 2.60837e-09 1.8601e-12 2.22661e-16 4.06464e-21 1.06075e-26 3.78973e-33 1.80049e-40
 1.87723e-41 2.60548e-33 4.37123e-26 8.86476e-20 2.17309e-14 6.43927e-10 2.30644e-06 0.00099861 0.0522642 0.331056 0.275407 0.169375 0.12684 0.0356014 0.00764086 0.000780886 3.34247e-05 4.18237e-07 1.18241e-09 6.27008e-13 5.4687e-17 7.18748e-22 1.34414e-27 3.43901e-34 1.1707e-41
 1.78967e-41 2.48395e-33 4.16734e-26 8.45128e-20 2.07173e-14 6.13892e-10 2.19886e-06 0.000952031 0.049827 0.31579 0.268855 0.184785 0.132032 0.0389737 0.0080168 0.000739932 2.64723e-05 2.6883e-07 5.94294e-10 2.36672e-13 1.51191e-17 1.43602e-22 1.92478e-28 3.51105e-35 8.49754e-43
 1.82545e-41 2.53361e-33 4.25066e-26 8.62025e-20 2.11315e-14 6.26165e-10 2.24282e-06 0.000971065 0.0508236 0.322211 0.276031 0.182033 0.122013 0.0376756 0.00756066 0.000658526 2.01647e-05 1.63325e-07 2.78445e-10 8.3915e-14 3.97756e-18 2.75518e-23 2.66203e-29 3.476e-36 5.99636e-44
 1.82553e-41 2.53371e-33 4.25083e-26 8.62059e-20 2.11324e-14 6.2619e-10 2.24291e-06 0.000971104 0.0508257 0.322224 0.276047 0.182306 0.12299 0.0370662 0.00699527 0.000557683 1.50822e-05 1.04651e-07 1.4936e-10 3.71099e-14 1.43609e-18 8.06845e-24 6.29404e-30 6.61367e-37 9.15938e-45
#pred catch len freq
 2.56485e-27 2.59289e-27 3.71319e-26 7.29334e-20 1.78787e-14 5.29779e-10 1.89758e-06 0.000821579 0.0429985 0.27202 0.208327 0.038851 0.149353 0.137949 0.0329319 0.0407779 0.018491 0.0155493 0.0101047 0.00798966 0.00639545 0.00555717 0.00553755 0.00486436 0.00147832
 2.56992e-27 2.60618e-27 4.83229e-26 9.65396e-20 2.36655e-14 7.01252e-10 2.51177e-06 0.0010875 0.0569158 0.360065 0.27558 0.0402976 0.113114 0.104009 0.0182054 0.0154155 0.00586836 0.0035446 0.0018794 0.00124097 0.000855259 0.000653297 0.000583078 0.000512867 0.000170667
 2.56982e-27 2.60577e-27 4.77947e-26 9.54247e-20 2.33922e-14 6.93153e-10 2.48276e-06 0.00107494 0.0562584 0.355906 0.272429 0.0418551 0.127181 0.11676 0.0163597 0.00792793 0.00255232 0.000917238 0.00036038 0.000171838 9.1736e-05 5.77311e-05 4.39828e-05 3.65984e-05 1.26111e-05
 2.56951e-27 2.6049e-27 4.70074e-26 9.37637e-20 2.2985e-14 6.81088e-10 2.43954e-06 0.00105623 0.0552792 0.349711 0.267704 0.042204 0.133156 0.122264 0.0171613 0.00835514 0.0024422 0.000471952 0.00012978 3.67675e-05 1.27318e-05 5.72504e-06 3.40855e-06 2.50189e-06 8.55519e-07
 2.57185e-27 2.61131e-27 5.27227e-26 1.05821e-19 2.59407e-14 7.68668e-10 2.75324e-06 0.00119205 0.0623875 0.39468 0.302009 0.0401325 0.0932904 0.0855602 0.0121933 0.00626622 0.00183559 0.000353909 8.09247e-05 1.21942e-05 2.29565e-06 5.74628e-07 2.21163e-07 1.28074e-07 4.15109e-08
 2.56851e-27 2.60214e-27 4.45292e-26 8.85355e-20 2.17034e-14 6.43111e-10 2.30351e-06 0.000997334 0.0521968 0.330212 0.252832 0.0432698 0.151716 0.139314 0.0187963 0.00779231 0.00228219 0.000464319 0.000107332 1.52803e-05 1.80336e-06 1.99885e-07 3.51248e-08 1.26688e-08 3.61618e-09
 2.56877e-27 2.60289e-27 4.52432e-26 9.00419e-20 2.20727e-14 6.54053e-10 2.34271e-06 0.0010143 0.053085 0.33583 0.257112 0.0426287 0.14383 0.132142 0.0194377 0.0110558 0.00319571 0.000528355 0.000118184 1.76248e-05 2.04493e-06 1.58682e-07 1.02836e-08 1.38719e-09 2.90614e-10
 2.57146e-27 2.61023e-27 5.17584e-26 1.03786e-19 2.5442e-14 7.53891e-10 2.70031e-06 0.00116913 0.0611882 0.387093 0.296221 0.0405172 0.100284 0.0919895 0.0128943 0.0062486 0.00186316 0.00041999 9.58399e-05 1.19401e-05 1.3637e-06 1.06643e-07 4.87652e-09 1.82586e-10 1.58971e-11
 2.57053e-27 2.60766e-27 4.94382e-26 9.88916e-20 2.42421e-14 7.18336e-10 2.57296e-06 0.00111399 0.0583024 0.368837 0.282299 0.041629 0.118526 0.108726 0.0140906 0.00476114 0.00137457 0.000264154 6.26649e-05 1.01356e-05 1.1087e-06 7.7281e-08 3.48243e-09 8.23091e-11 1.61721e-12
 2.57033e-27 2.60713e-27 4.89718e-26 9.79077e-20 2.40009e-14 7.1119e-10 2.54736e-06 0.00110291 0.0577223 0.365167 0.279498 0.0417067 0.121085 0.111105 0.0148321 0.0058496 0.00164662 0.000226249 4.74656e-05 6.7953e-06 8.46596e-07 6.7115e-08 2.72901e-09 5.97929e-11 5.99894e-13
 2.57074e-27 2.60824e-27 4.9967e-26 1.00007e-19 2.45156e-14 7.2644e-10 2.60199e-06 0.00112656 0.0589602 0.372998 0.285472 0.0413196 0.113943 0.104534 0.0140318 0.00567999 0.00161899 0.000254943 5.22519e-05 5.47929e-06 5.79403e-07 4.59593e-08 2.16572e-09 4.56472e-11 3.99e-13
 2.57138e-27 2.60998e-27 5.15136e-26 1.0327e-19 2.53154e-14 7.50139e-10 2.68687e-06 0.00116331 0.0608836 0.385166 0.294755 0.0408108 0.103548 0.094952 0.0125114 0.00462597 0.00131716 0.000212608 4.48757e-05 5.24194e-06 4.87335e-07 2.91556e-08 1.28188e-09 3.00213e-11 2.63868e-13
 2.57082e-27 2.60845e-27 5.01363e-26 1.00364e-19 2.46031e-14 7.29034e-10 2.61128e-06 0.00113058 0.0591706 0.37433 0.286489 0.0413632 0.11356 0.104158 0.0135525 0.00468182 0.00131987 0.000196176 4.06875e-05 4.88564e-06 4.83321e-07 2.89663e-08 9.87697e-10 2.01714e-11 1.88186e-13
 2.5699e-27 2.60593e-27 4.78919e-26 9.56296e-20 2.34424e-14 6.94641e-10 2.48809e-06 0.00107725 0.0563792 0.356671 0.273017 0.0421561 0.129059 0.118433 0.0155882 0.00572931 0.00161111 0.000225346 4.52517e-05 5.04858e-06 4.95512e-07 3.11352e-08 1.09187e-09 1.85409e-11 1.45814e-13
 2.56974e-27 2.6055e-27 4.75126e-26 9.48294e-20 2.32463e-14 6.88829e-10 2.46727e-06 0.00106823 0.0559075 0.353686 0.27074 0.0422531 0.131396 0.120594 0.0160445 0.00622612 0.0017622 0.000260328 5.25936e-05 5.53504e-06 5.13733e-07 3.06782e-08 1.10528e-09 1.93115e-11 1.33355e-13
 2.57027e-27 2.60694e-27 4.87977e-26 9.75403e-20 2.39108e-14 7.08521e-10 2.5378e-06 0.00109877 0.0575057 0.363797 0.278454 0.041832 0.122772 0.112643 0.0147713 0.00532509 0.00150945 0.000234281 4.84096e-05 5.34153e-06 4.89583e-07 2.73635e-08 9.2895e-10 1.62528e-11 1.14764e-13
 2.5709e-27 2.60866e-27 5.03273e-26 1.00767e-19 2.47018e-14 7.3196e-10 2.62176e-06 0.00113512 0.0594081 0.375832 0.287636 0.0413294 0.112497 0.103171 0.0132737 0.00429452 0.00120511 0.000175069 3.58216e-05 4.1403e-06 3.93777e-07 2.25591e-08 7.28687e-10 1.19504e-11 8.29887e-14
 2.57053e-27 2.60765e-27 4.9409e-26 9.88299e-20 2.42269e-14 7.17888e-10 2.57135e-06 0.0011133 0.058266 0.368607 0.282125 0.041748 0.119554 0.10965 0.0138073 0.0038804 0.00107383 0.000141861 2.78737e-05 3.03963e-06 2.90624e-07 1.74663e-08 5.83079e-10 9.31251e-12 6.07629e-14
 2.57026e-27 2.60691e-27 4.87627e-26 9.74665e-20 2.38927e-14 7.07984e-10 2.53588e-06 0.00109794 0.0574622 0.363522 0.278245 0.0419307 0.12367 0.113452 0.0145495 0.00461437 0.00127365 0.000149479 2.77451e-05 2.76533e-06 2.49319e-07 1.44634e-08 4.99649e-10 8.29308e-12 5.3579e-14
 2.57091e-27 2.60869e-27 5.03453e-26 1.00805e-19 2.47112e-14 7.32237e-10 2.62275e-06 0.00113555 0.0594306 0.375974 0.287745 0.0413693 0.112724 0.10337 0.0131167 0.00388615 0.00107684 0.000139723 2.64363e-05 2.35792e-06 1.95361e-07 1.03561e-08 3.4013e-10 5.71122e-12 3.83117e-14
 2.57132e-27 2.60981e-27 5.1346e-26 1.02916e-19 2.52287e-14 7.4757e-10 2.67767e-06 0.00115933 0.0606751 0.383847 0.293751 0.0410148 0.105806 0.0969991 0.0122176 0.00343987 0.00094696 0.00011607 2.18383e-05 2.12595e-06 1.73803e-07 8.19756e-09 2.43854e-10 3.82612e-12 2.55038e-14
 2.57118e-27 2.6094e-27 5.09738e-26 1.02131e-19 2.50362e-14 7.41867e-10 2.65724e-06 0.00115049 0.0602123 0.380919 0.291518 0.0412074 0.10884 0.0997797 0.0123579 0.00306 0.000834281 9.80211e-05 1.80058e-05 1.66895e-06 1.39102e-07 6.92056e-09 1.89961e-10 2.65785e-12 1.63647e-14
 2.57112e-27 2.60924e-27 5.08366e-26 1.01842e-19 2.49652e-14 7.39764e-10 2.64971e-06 0.00114722 0.0600416 0.379839 0.290694 0.0412114 0.10945 0.100352 0.0126327 0.00354177 0.000965864 0.000102406 1.79281e-05 1.59408e-06 1.27915e-07 6.20513e-09 1.77692e-10 2.4051e-12 1.32506e-14
 2.57145e-27 2.61017e-27 5.16662e-26 1.03592e-19 2.53943e-14 7.52478e-10 2.69525e-06 0.00116694 0.0610734 0.386367 0.295673 0.0408899 0.103505 0.0948829 0.0119686 0.00340445 0.000934833 0.000109404 1.96904e-05 1.59234e-06 1.20362e-07 5.56577e-09 1.53949e-10 2.11666e-12 1.15638e-14
 2.57155e-27 2.61043e-27 5.18851e-26 1.04054e-19 2.55075e-14 7.55832e-10 2.70726e-06 0.00117214 0.0613457 0.388089 0.296988 0.0408813 0.102516 0.0939556 0.0115455 0.00267387 0.000726536 8.60638e-05 1.57595e-05 1.39173e-06 1.05375e-07 4.43467e-09 1.15632e-10 1.52451e-12 8.30506e-15
 2.57167e-27 2.61075e-27 5.2173e-26 1.04661e-19 2.56564e-14 7.60244e-10 2.72307e-06 0.00117898 0.0617038 0.390355 0.298716 0.0407618 0.100393 0.0920046 0.0113489 0.00271621 0.000732213 7.37337e-05 1.26206e-05 1.12841e-06 8.90028e-08 3.99219e-09 9.84632e-11 1.19943e-12 6.22515e-15
 2.57212e-27 2.61199e-27 5.32741e-26 1.06984e-19 2.62258e-14 7.77117e-10 2.7835e-06 0.00120515 0.0630732 0.399018 0.305326 0.0404055 0.0930374 0.0852224 0.0102423 0.00190107 0.000504434 5.20573e-05 8.83262e-06 6.8042e-07 5.03657e-08 2.3169e-09 6.05696e-11 7.31931e-13 3.51792e-15
 2.57184e-27 2.61121e-27 5.25762e-26 1.05511e-19 2.58649e-14 7.66422e-10 2.7452e-06 0.00118857 0.0622052 0.393527 0.301138 0.0407188 0.0983635 0.0901126 0.0106601 0.00162274 0.000419177 3.59021e-05 5.53368e-06 4.33173e-07 3.05369e-08 1.2266e-09 3.15303e-11 3.99001e-13 1.94979e-15
 2.5722e-27 2.61221e-27 5.34719e-26 1.07401e-19 2.63281e-14 7.80148e-10 2.79436e-06 0.00120985 0.0633192 0.400575 0.306512 0.0403041 0.0914317 0.0837513 0.0101741 0.00211498 0.000557128 4.17892e-05 5.76474e-06 3.78945e-07 2.43789e-08 9.66654e-10 2.23682e-11 2.64046e-13 1.32423e-15
#obs catch len freq
 1.74274e-41 2.41882e-33 4.05807e-26 8.22967e-20 2.01741e-14 5.97795e-10 2.1412e-06 0.000927067 0.048519 0.306945 0.235116 0.0440994 0.154454 0.130915 0.0374568 0.0290572 0.00897279 0.0028821 0.00057935 6.99218e-05 3.67463e-06 6.13327e-08 2.4308e-10 1.83667e-13 2.28375e-17
 1.76664e-41 2.45197e-33 4.11369e-26 8.34249e-20 2.04506e-14 6.05989e-10 2.17056e-06 0.000939776 0.0491841 0.311153 0.238387 0.0459482 0.155724 0.124918 0.036399 0.0265532 0.0079204 0.00238335 0.000439198 4.62469e-05 2.01645e-06 2.63652e-08 7.80574e-11 4.28141e-14 3.80672e-18
 2.18792e-41 3.03669e-33 5.09468e-26 1.03319e-19 2.53275e-14 7.50499e-10 2.68816e-06 0.00116388 0.060913 0.385353 0.295 0.0432723 0.0980987 0.0741286 0.0217237 0.0147291 0.00421937 0.00117905 0.000198186 1.80976e-05 6.47496e-07 6.60605e-09 1.46598e-11 5.85649e-15 3.72767e-19
 1.73846e-41 2.41287e-33 4.04809e-26 8.20945e-20 2.01245e-14 5.96326e-10 2.13594e-06 0.000924789 0.0483998 0.306192 0.234827 0.0537854 0.183849 0.129004 0.0255039 0.0129404 0.00352005 0.000903703 0.000137065 1.07658e-05 3.13792e-07 2.48103e-09 4.1197e-12 1.20275e-15 5.50524e-20
 2.10495e-41 2.92153e-33 4.90147e-26 9.94008e-20 2.43669e-14 7.22037e-10 2.58622e-06 0.00111974 0.0586029 0.370739 0.283988 0.047458 0.1137 0.0768705 0.0277049 0.016225 0.00295338 0.000556227 7.42256e-05 4.94932e-06 1.16501e-07 7.10205e-10 8.7944e-13 1.87498e-16 6.18539e-21
 2.38751e-41 3.31371e-33 5.55944e-26 1.12744e-19 2.76379e-14 8.18963e-10 2.93339e-06 0.00127006 0.0664697 0.420507 0.321945 0.0453752 0.0780687 0.048123 0.0109833 0.00542591 0.00152369 0.000279906 2.41982e-05 1.24878e-06 2.33587e-08 1.09058e-10 1.00422e-13 1.56144e-17 3.71138e-22
 1.35735e-41 1.88391e-33 3.16065e-26 6.40974e-20 1.57127e-14 4.65597e-10 1.66769e-06 0.000722053 0.0377894 0.239071 0.184355 0.0755911 0.2708 0.154271 0.0259522 0.00936597 0.00172903 0.000319608 3.08511e-05 1.10123e-06 1.43181e-08 4.97641e-11 3.38687e-14 3.83361e-18 6.56243e-23
 2.24178e-41 3.11145e-33 5.2201e-26 1.05863e-19 2.5951e-14 7.68974e-10 2.75434e-06 0.00119253 0.0624125 0.394841 0.302511 0.0481925 0.0871129 0.0526091 0.0335425 0.01537 0.00197026 0.000225565 1.74194e-05 6.01345e-07 5.74254e-09 1.32815e-11 6.34577e-15 5.16135e-19 6.34395e-24
 2.01904e-41 2.8023e-33 4.70143e-26 9.53441e-20 2.33725e-14 6.92569e-10 2.48067e-06 0.00107404 0.0562112 0.355612 0.273111 0.063458 0.15142 0.0750538 0.0148494 0.00663215 0.0022799 0.000282684 1.29701e-05 3.12035e-07 2.49034e-09 4.33151e-12 1.39109e-15 7.61295e-20 6.49411e-25
 2.06756e-41 2.86963e-33 4.81441e-26 9.76352e-20 2.39341e-14 7.09212e-10 2.54028e-06 0.00109985 0.057562 0.364158 0.27973 0.0635875 0.137958 0.0664478 0.0210734 0.0071068 0.00107135 0.000189846 1.2481e-05 2.07389e-07 1.04921e-09 1.3549e-12 3.26793e-16 1.25625e-20 7.22165e-26
 2.02543e-41 2.81117e-33 4.71631e-26 9.56459e-20 2.34465e-14 6.94761e-10 2.48852e-06 0.00107744 0.0563891 0.35674 0.274397 0.0694035 0.148071 0.0661639 0.0198487 0.00662661 0.00115514 0.000118069 7.03097e-06 1.43895e-07 5.91983e-10 4.86819e-13 7.88804e-17 2.18236e-21 9.06533e-27
 2.13871e-41 2.96839e-33 4.98009e-26 1.00995e-19 2.47578e-14 7.33619e-10 2.6277e-06 0.00113771 0.059543 0.376693 0.289682 0.0678561 0.126898 0.0539061 0.0178785 0.00542452 0.000886353 8.88927e-05 3.76797e-06 5.95566e-08 2.4493e-10 1.77427e-13 2.03004e-17 3.66174e-22 1.01933e-27
 2.09864e-41 2.91278e-33 4.88679e-26 9.91031e-20 2.42939e-14 7.19874e-10 2.57847e-06 0.00111639 0.0584274 0.369639 0.284766 0.0750119 0.137692 0.0533405 0.015077 0.00418942 0.000674899 6.03949e-05 2.24968e-06 2.63287e-08 7.82247e-11 4.75904e-14 4.72633e-18 6.76135e-23 1.34022e-28
 2.05226e-41 2.8484e-33 4.77878e-26 9.69126e-20 2.3757e-14 7.03963e-10 2.52148e-06 0.00109171 0.057136 0.361473 0.279061 0.0816971 0.144667 0.0536808 0.0165981 0.00400855 0.00053926 4.33125e-05 1.39622e-06 1.32939e-08 2.92705e-11 1.25203e-14 9.21245e-19 1.04393e-23 1.66707e-29
 1.91877e-41 2.66312e-33 4.46794e-26 9.0609e-20 2.22117e-14 6.58174e-10 2.35747e-06 0.0010207 0.0534196 0.33797 0.262081 0.0943731 0.165907 0.0597156 0.0201959 0.0046742 0.00060055 3.91031e-05 1.02952e-06 7.98634e-09 1.36913e-11 4.32985e-15 2.25205e-19 1.78827e-24 2.05537e-30
 1.74955e-41 2.42827e-33 4.07392e-26 8.26183e-20 2.02529e-14 6.00131e-10 2.14957e-06 0.00093069 0.0487086 0.308178 0.240649 0.109822 0.18938 0.0688352 0.0266594 0.00601713 0.000770895 4.52706e-05 9.54504e-07 5.66391e-09 7.46209e-12 1.78614e-15 6.8544e-20 3.91286e-25 3.16675e-31
 1.97698e-41 2.74392e-33 4.6035e-26 9.3358e-20 2.28856e-14 6.78142e-10 2.429e-06 0.00105167 0.0550403 0.348234 0.270825 0.0973688 0.143307 0.0542754 0.0236638 0.0054703 0.000720189 3.96959e-05 7.21714e-07 3.34079e-09 3.25456e-12 5.72907e-16 1.62026e-20 6.77717e-26 3.97667e-32
 1.91917e-41 2.66368e-33 4.46888e-26 9.06281e-20 2.22164e-14 6.58313e-10 2.35797e-06 0.00102092 0.0534309 0.338069 0.264562 0.112003 0.157185 0.0508902 0.0179182 0.00429683 0.000589908 3.16587e-05 5.14494e-07 1.96354e-09 1.46902e-12 1.89387e-16 3.8517e-21 1.15765e-26 4.896e-33
 1.90612e-41 2.64557e-33 4.43849e-26 9.00117e-20 2.20653e-14 6.53836e-10 2.34193e-06 0.00101398 0.0530675 0.335786 0.263947 0.118631 0.154641 0.051096 0.0179607 0.0034176 0.000415331 2.1772e-05 3.23613e-07 1.05059e-09 6.28842e-13 6.18707e-17 9.26819e-22 2.0053e-27 6.03798e-34
 1.93201e-41 2.6815e-33 4.49877e-26 9.12341e-20 2.2365e-14 6.62715e-10 2.37374e-06 0.00102775 0.0537883 0.340363 0.268483 0.122491 0.146309 0.0477677 0.0164352 0.00301429 0.000304588 1.29832e-05 1.69668e-07 4.73763e-10 2.32122e-13 1.79436e-17 2.04624e-22 3.28958e-28 7.22288e-35
 2.00472e-41 2.78242e-33 4.66809e-26 9.4668e-20 2.32068e-14 6.87659e-10 2.46308e-06 0.00106643 0.0558128 0.353188 0.279021 0.122019 0.131455 0.0414955 0.0133913 0.00232719 0.00021393 7.40735e-06 7.47742e-08 1.67683e-10 6.66501e-14 4.096e-18 3.62295e-23 4.42437e-29 7.2573e-36
 2.00217e-41 2.77888e-33 4.66214e-26 9.45473e-20 2.31771e-14 6.86781e-10 2.45994e-06 0.00106507 0.0557417 0.35277 0.280457 0.129989 0.129233 0.0379219 0.0109426 0.00173091 0.000141814 4.17907e-06 3.29563e-08 5.50868e-11 1.64807e-14 7.76839e-19 5.2911e-24 4.93967e-30 6.12678e-37
 2.04079e-41 2.83248e-33 4.75207e-26 9.63711e-20 2.36242e-14 7.0003e-10 2.50739e-06 0.00108561 0.056817 0.359604 0.286893 0.131173 0.118999 0.0347514 0.00930865 0.00127506 8.87441e-05 2.18067e-06 1.376e-08 1.74768e-11 3.82896e-15 1.30989e-19 6.53021e-25 4.51189e-31 4.16825e-38
 1.9745e-41 2.74047e-33 4.59771e-26 9.32407e-20 2.28569e-14 6.77291e-10 2.42595e-06 0.00105035 0.0549716 0.347997 0.281258 0.146212 0.124574 0.034408 0.00841558 0.00104899 6.07638e-05 1.18898e-06 5.87596e-09 5.72007e-12 9.35752e-16 2.33484e-20 8.36488e-26 4.13368e-32 2.7382e-39
 2.02611e-41 2.8121e-33 4.71788e-26 9.56777e-20 2.34543e-14 6.94993e-10 2.48935e-06 0.0010778 0.0564085 0.357132 0.289387 0.143503 0.111964 0.0322227 0.00744501 0.000817326 4.00795e-05 6.22605e-07 2.33415e-09 1.70145e-12 2.06928e-16 3.80185e-21 9.92015e-27 3.53376e-33 1.67386e-40
 2.00587e-41 2.78401e-33 4.67076e-26 9.47221e-20 2.322e-14 6.88051e-10 2.46449e-06 0.00106704 0.0558454 0.35366 0.289953 0.152929 0.110212 0.0293926 0.00626628 0.000644921 2.67105e-05 3.30022e-07 9.41703e-10 5.06206e-13 4.48392e-17 5.98436e-22 1.13285e-27 2.92048e-34 9.97545e-42
 1.94304e-41 2.69681e-33 4.52446e-26 9.17551e-20 2.24927e-14 6.66499e-10 2.38729e-06 0.00103362 0.0540966 0.34273 0.286059 0.166326 0.1132 0.0301795 0.00582765 0.000525796 1.88243e-05 1.88139e-07 4.09817e-10 1.63211e-13 1.051e-17 1.0085e-22 1.36662e-28 2.52057e-35 6.16324e-43
 1.85869e-41 2.57975e-33 4.32806e-26 8.77722e-20 2.15163e-14 6.37567e-10 2.28366e-06 0.000988748 0.0517491 0.328062 0.280327 0.181202 0.118147 0.0329574 0.00606193 0.000488645 1.45147e-05 1.16937e-07 1.97943e-10 5.89769e-14 2.77565e-18 1.92217e-23 1.86531e-29 2.45143e-36 4.25958e-44
 1.9015e-41 2.63915e-33 4.42773e-26 8.97935e-20 2.20118e-14 6.5225e-10 2.33625e-06 0.00101152 0.0529406 0.335557 0.284199 0.172175 0.113798 0.0335538 0.00625508 0.000494841 1.33233e-05 9.22008e-08 1.31381e-10 3.26103e-14 1.26113e-18 7.08222e-24 5.52282e-30 5.80177e-37 8.03331e-45
#spawning biomass
 11594.6 13311.7 17519.2 20905 36143.5 48990.8 46902.1 57932 75629.8 90182.6 111332 152624 203933 223684 208459 188943 186449 179581 166220 153701 161232 166889 181190 200574 210868 223992 218137 204787 214204 199470 4188.3 4187.7 4187.7 4187.7 4187.7 4187.7 4187.7 4187.7 4187.7 4187.7 4187.7 4187.7 4187.7 4187.7 4187.7 4187.7 4187.7 4187.7 4187.7 4187.7 4187.7 4187.7 4187.7 4187.7 4187.7 4187.7 4187.7 4187.7 4187.7 4187.7 4187.7 4187.7 4187.7 4187.7 4187.7 4187.7 4187.7 4187.7 4187.7 4187.7 4187.7 4187.7 4187.7 4187.7 4187.7 4187.7 4187.7 4187.7 4187.7 4187.7 4187.7 4187.7 4187.7 4187.7 4187.7 4187.7 4187.7 4187.7 4187.7 4187.7 4187.7 4187.7 4187.7 4187.7 4187.7 4187.7 4187.7 4187.7 4187.7 4187.7 4187.7 4187.7 4187.7 4187.7 4187.7 4187.7 4187.7 4187.7 4187.7 4187.7 4187.7 4187.7 4187.7 4187.7 4187.7 4187.7 4187.7 4187.7 4187.7 4187.7 4187.7 4187.7 4187.7 4187.7 4187.7 4187.7 4187.7 4187.7 4187.7 0 0 0 0 0 0 0 0 0 0 0 0 0 0 0 0 0 0 0 0 0 0 0 0 0
