SBPRF35
12.4936
Curr Bio
118347
B35
1.20169e+07
F35
0.0389637
FOFL
0
OFL
0
Bzero
3.56959e+06
#pred survey bio
 26113.2 28837.7 20532.3 14135.6 20324.8 23650 33373.8 43153.5 51482.7 66612.4 66813.7 64335.9 79185.4 97875.6 110047 112219 120169 132042 139907 142054 140006 133334 139943 128167 149198 153517 169988 146092 3.46209e+06 6.84863e+06 1.07079e+07 1.43866e+07 1.76384e+07 2.03633e+07 2.25615e+07 2.42847e+07 2.56049e+07 2.65963e+07 2.73269e+07 2.78547e+07 2.82276e+07 2.84836e+07 2.86166e+07 2.85045e+07 2.84018e+07 2.83076e+07 2.82211e+07 2.81416e+07 2.80686e+07 2.80014e+07 2.79398e+07 2.78832e+07 2.78313e+07 2.77837e+07 2.77402e+07 2.77005e+07 2.76642e+07 2.76312e+07 2.76013e+07 2.75741e+07 2.75496e+07 2.75276e+07 2.75078e+07 2.74901e+07 2.74744e+07 2.74606e+07 2.74484e+07 2.74378e+07 2.74287e+07 2.74209e+07 2.74144e+07 2.74091e+07 2.74048e+07 2.74015e+07 2.73992e+07 2.73977e+07 2.73969e+07 2.73969e+07 2.73976e+07 2.73988e+07 2.74006e+07 2.7403e+07 2.74057e+07 2.74089e+07 2.74125e+07 2.74164e+07 2.74207e+07 2.74252e+07 2.74299e+07 2.74349e+07 2.74401e+07 2.74455e+07 2.7451e+07 2.74567e+07 2.74625e+07 2.74683e+07 2.74743e+07 2.74803e+07 2.74864e+07 2.74925e+07 2.74987e+07 2.75049e+07 2.75111e+07 2.75172e+07 2.75234e+07 2.75296e+07 2.75357e+07 2.75418e+07 2.75479e+07 2.75539e+07 2.75599e+07 2.75658e+07 2.75717e+07 2.75775e+07 2.75833e+07 2.7589e+07 2.75946e+07 2.76002e+07 2.76056e+07 2.76111e+07 2.76164e+07 2.76217e+07 2.76269e+07 2.7632e+07 2.7637e+07 2.7642e+07 2.76468e+07 2.76516e+07 0 0 0 0 0 0 0 0 0 0 0 0 0 0 0 0 0 0 0 0 0 0 0 0 0
#obs survey bio
 23427.6 21717.6 13906.1 18311.7 27738 21394.4 45478.6 47520.5 56791.6 60369.8 60715.6 59816.3 81076.4 79489.9 108704 118481 79749.2 101407 93397.1 116179 112907 119810 142147 153614 129384 143193 142767 95295.1
#pred catch bio
 13633.8 19229.8 15053 9830.55 15694.2 17520.6 25782.8 34219.6 39271.3 55223.8 57418.3 52174.2 64129.5 82729.5 95232 96170.5 102675 116625 124027 127669 130748 121234 130992 116402 138542 140928 162639 137659 0 12082.5 19240.7 26062.8 32119.2 37196.7 41281.1 44462.4 46873.9 48656.2 49939.3 50835.1 51435.8 51814.9 51965.2 51667.8 51388.4 51125.7 50878.8 50646.8 50428.7 50223.7 50031.1 49850 49679.8 49519.8 49369.5 49228.2 49095.4 48970.6 48853.2 48743 48639.3 48541.9 48450.4 48364.3 48283.4 48207.4 48136 48068.8 48005.7 47946.4 47890.6 47838.2 47789 47742.7 47699.2 47658.3 47619.8 47583.7 47549.8 47517.8 47487.9 47459.7 47433.2 47408.3 47384.9 47362.9 47342.2 47322.7 47304.5 47287.3 47271.2 47256 47241.8 47228.4 47215.8 47203.9 47192.8 47182.3 47172.5 47163.3 47154.6 47146.4 47138.8 47131.6 47124.8 47118.4 47112.4 47106.8 47101.5 47096.6 47091.9 47087.5 47083.4 47079.5 47075.9 47072.4 47069.2 47066.2 47063.3 47060.7 47058.2 47055.8 47053.6 47051.5 47049.5 47047.7 47046 47044.3 0 0 0 0 0 0 0 0 0 0 0 0 0 0 0 0 0 0 0 0 0 0 0 0 0
#obs catch bio
 16337.5 20453.5 18255.1 10803.6 10603.8 14888.3 20167.3 30090 31477.7 47815.3 51974.6 45653.8 52748.2 71627.9 83489.9 77693.5 92774.8 102996 119382 109497 115163 110310 107324 91189.1 120465 113422 140210 121444
#pred cpue bio
 20383.2 24275.4 18904.1 9940.22 10773.1 13493.7 17271.7 22417.2 26905.4 35589.8 35631.8 31305.9 38274.4 47378.7 50690.5 52469.7 55541.6 60437.5 58207.6 61971.6 58291.3 47474.3 54821.5 47502.3 53071.4 55076.2 60487.6 51394.9 1.18963e+06 6.69955e+06 1.05897e+07 1.42668e+07 1.75185e+07 2.02434e+07 2.24415e+07 2.41648e+07 2.5485e+07 2.64764e+07 2.72069e+07 2.77348e+07 2.81077e+07 2.83636e+07 2.84967e+07 2.83845e+07 2.82818e+07 2.81876e+07 2.81011e+07 2.80217e+07 2.79486e+07 2.78815e+07 2.78199e+07 2.77633e+07 2.77114e+07 2.76638e+07 2.76203e+07 2.75805e+07 2.75443e+07 2.75113e+07 2.74813e+07 2.74542e+07 2.74297e+07 2.74077e+07 2.73879e+07 2.73702e+07 2.73545e+07 2.73407e+07 2.73285e+07 2.73179e+07 2.73088e+07 2.7301e+07 2.72945e+07 2.72892e+07 2.72849e+07 2.72816e+07 2.72793e+07 2.72778e+07 2.7277e+07 2.7277e+07 2.72777e+07 2.72789e+07 2.72807e+07 2.7283e+07 2.72858e+07 2.7289e+07 2.72926e+07 2.72965e+07 2.73007e+07 2.73052e+07 2.731e+07 2.7315e+07 2.73202e+07 2.73256e+07 2.73311e+07 2.73368e+07 2.73425e+07 2.73484e+07 2.73544e+07 2.73604e+07 2.73665e+07 2.73726e+07 2.73788e+07 2.73849e+07 2.73911e+07 2.73973e+07 2.74035e+07 2.74096e+07 2.74158e+07 2.74219e+07 2.7428e+07 2.7434e+07 2.744e+07 2.74459e+07 2.74518e+07 2.74576e+07 2.74634e+07 2.7469e+07 2.74747e+07 2.74802e+07 2.74857e+07 2.74911e+07 2.74965e+07 2.75017e+07 2.75069e+07 2.7512e+07 2.75171e+07 2.7522e+07 2.75269e+07 2.75317e+07 0 0 0 0 0 0 0 0 0 0 0 0 0 0 0 0 0 0 0 0 0 0 0 0 0
#obs cpue bio
 25921.8 26113.9 9775.12 13926.1 18653.5 27395.9 38385 29967.8 59636.1 70457.4 61544.1 53475.8 83593.1 101845 91575.9 115059 112784 137329 97361.4 146592 121531 74842.8 127028 101827 104151 138915 131207 123759
#pred surv len freq
 1.17302e-11 1.27321e-09 8.1485e-08 3.07499e-06 6.84227e-05 0.000897752 0.00694654 0.0317191 0.0857551 0.139575 0.147615 0.129885 0.124872 0.112471 0.080273 0.0506177 0.0317268 0.0195406 0.0121254 0.00793229 0.00562313 0.0044043 0.00364003 0.00273407 0.00157513
 8.72346e-12 9.46848e-10 6.05982e-08 2.28679e-06 5.08844e-05 0.000667659 0.00516696 0.023612 0.0640955 0.106406 0.122246 0.131859 0.152364 0.145252 0.102431 0.0615903 0.0364039 0.0208376 0.0114769 0.00628285 0.0035848 0.00227431 0.00161715 0.00113347 0.00064414
 4.8104e-12 5.22123e-10 3.34158e-08 1.26102e-06 2.80599e-05 0.000368208 0.00285077 0.0130564 0.0358382 0.0626771 0.0865575 0.127006 0.176439 0.17867 0.130651 0.0818664 0.0491751 0.0272909 0.0140219 0.00687962 0.00328571 0.00162055 0.000896051 0.000535866 0.000284883
 1.43233e-11 1.55465e-09 9.94977e-08 3.75473e-06 8.35475e-05 0.00109618 0.00848111 0.0387074 0.104391 0.167829 0.167837 0.123713 0.094923 0.0822825 0.0689423 0.0552162 0.0395645 0.0238881 0.0126138 0.0060093 0.00260826 0.00106884 0.000446293 0.000203413 9.22544e-05
 1.67807e-11 1.82138e-09 1.16568e-07 4.39891e-06 9.78814e-05 0.00128425 0.00993632 0.0453516 0.122346 0.19699 0.198331 0.149135 0.114646 0.0871633 0.0484053 0.0176906 0.0050081 0.00180897 0.000954602 0.000497255 0.000221295 8.5006e-05 2.94928e-05 1.00107e-05 3.45932e-06
 1.56904e-11 1.70305e-09 1.08995e-07 4.11312e-06 9.15223e-05 0.00120082 0.00929112 0.0424132 0.114509 0.185093 0.189748 0.151542 0.127169 0.100643 0.0554009 0.0186775 0.00374156 0.000442616 3.08829e-05 1.27064e-06 3.0833e-08 4.43518e-10 4.5754e-12 2.64374e-13 6.42806e-14
 1.6883e-11 1.83249e-09 1.17279e-07 4.42575e-06 9.84786e-05 0.00129208 0.00999695 0.0456286 0.123097 0.198228 0.199713 0.150508 0.115993 0.0878883 0.0478332 0.0160881 0.00322139 0.000381075 2.65959e-05 1.09535e-06 2.66706e-08 3.865e-10 3.41148e-12 1.96833e-14 8.66313e-17
 1.6841e-11 1.82793e-09 1.16987e-07 4.41473e-06 9.82332e-05 0.00128887 0.00997206 0.0455152 0.122794 0.197765 0.199361 0.150545 0.116387 0.0883383 0.0481001 0.0161793 0.00323965 0.000383207 2.67372e-05 1.10006e-06 2.66885e-08 3.81787e-10 3.22069e-12 1.60267e-14 4.70866e-17
 1.67732e-11 1.82057e-09 1.16516e-07 4.39696e-06 9.78378e-05 0.00128368 0.00993194 0.0453324 0.122306 0.197018 0.198795 0.150604 0.117022 0.0890632 0.0485303 0.0163265 0.00326922 0.000386707 2.69814e-05 1.1101e-06 2.69319e-08 3.85256e-10 3.24956e-12 1.61631e-14 4.74114e-17
 1.65176e-11 1.79283e-09 1.14741e-07 4.32996e-06 9.63472e-05 0.00126412 0.00978069 0.0446434 0.120466 0.194204 0.19666 0.150825 0.119417 0.0917964 0.050152 0.0168814 0.00338071 0.000399904 2.79023e-05 1.14801e-06 2.78524e-08 3.98473e-10 3.36254e-12 1.67519e-14 4.94221e-17
 1.65393e-11 1.79518e-09 1.14892e-07 4.33565e-06 9.64737e-05 0.00126578 0.00979352 0.0447019 0.120622 0.194443 0.196841 0.150806 0.119214 0.0915644 0.0500143 0.0168343 0.00337124 0.000398783 2.78241e-05 1.14478e-06 2.7773e-08 3.97286e-10 3.35096e-12 1.66663e-14 4.88745e-17
 1.75315e-11 1.90287e-09 1.21784e-07 4.59573e-06 0.000102261 0.00134171 0.0103807 0.0473768 0.127767 0.20537 0.205131 0.149946 0.109916 0.0809536 0.0437186 0.01468 0.00293842 0.000347553 2.42492e-05 9.97687e-07 2.42046e-08 3.4624e-10 2.9204e-12 1.45248e-14 4.25942e-17
 1.75977e-11 1.91006e-09 1.22244e-07 4.6131e-06 0.000102647 0.00134678 0.0104199 0.0475554 0.128244 0.2061 0.205684 0.149889 0.109296 0.0802451 0.0432982 0.0145361 0.00290952 0.000344132 2.40104e-05 9.87865e-07 2.39663e-08 3.42831e-10 2.89165e-12 1.43819e-14 4.21753e-17
 1.75831e-11 1.90848e-09 1.22142e-07 4.60927e-06 0.000102562 0.00134566 0.0104113 0.047516 0.128139 0.205939 0.205562 0.149901 0.109433 0.0804014 0.0433909 0.0145679 0.0029159 0.000344886 2.40631e-05 9.90032e-07 2.40188e-08 3.43583e-10 2.898e-12 1.44134e-14 4.22678e-17
 1.80517e-11 1.95934e-09 1.25398e-07 4.73211e-06 0.000105295 0.00138152 0.0106886 0.0487795 0.131513 0.2111 0.209478 0.149495 0.105041 0.0753896 0.0404172 0.0135503 0.00271146 0.000320688 2.23745e-05 9.20557e-07 2.23333e-08 3.19472e-10 2.69463e-12 1.34019e-14 3.93012e-17
 1.79148e-11 1.94448e-09 1.24446e-07 4.69621e-06 0.000104497 0.00137104 0.0106076 0.0484103 0.130527 0.209592 0.208334 0.149614 0.106324 0.0768542 0.0412862 0.0138477 0.0027712 0.00032776 2.2868e-05 9.4086e-07 2.28259e-08 3.26518e-10 2.75406e-12 1.36975e-14 4.0168e-17
 1.80208e-11 1.95599e-09 1.25183e-07 4.72402e-06 0.000105115 0.00137916 0.0106704 0.0486962 0.131291 0.21076 0.20922 0.149522 0.10533 0.0757198 0.0406131 0.0136174 0.00272493 0.000322283 2.24858e-05 9.25135e-07 2.24444e-08 3.21061e-10 2.70803e-12 1.34686e-14 3.94967e-17
 1.81087e-11 1.96552e-09 1.25793e-07 4.74704e-06 0.000105628 0.00138588 0.0107223 0.048933 0.131924 0.211727 0.209954 0.149446 0.104507 0.0747805 0.0400558 0.0134267 0.00268662 0.000317748 2.21693e-05 9.12114e-07 2.21285e-08 3.16542e-10 2.66991e-12 1.3279e-14 3.89408e-17
 1.88966e-11 2.05105e-09 1.31267e-07 4.95359e-06 0.000110224 0.00144617 0.0111887 0.0510574 0.137598 0.220406 0.216537 0.148763 0.0971238 0.0663537 0.0350559 0.0117158 0.00234288 0.000277062 1.93302e-05 7.95301e-07 1.92945e-08 2.76002e-10 2.32798e-12 1.15784e-14 3.39536e-17
 1.85209e-11 2.01026e-09 1.28656e-07 4.85509e-06 0.000108032 0.00141742 0.0109663 0.0500443 0.134892 0.216267 0.213398 0.149088 0.100645 0.0703724 0.0374403 0.0125317 0.00250681 0.000296465 2.06842e-05 8.51008e-07 2.0646e-08 2.95335e-10 2.49104e-12 1.23894e-14 3.6332e-17
 1.88911e-11 2.05044e-09 1.31228e-07 4.95214e-06 0.000110191 0.00144575 0.0111854 0.0510424 0.137558 0.220344 0.216491 0.148767 0.0971758 0.0664132 0.0350912 0.0117279 0.00234531 0.000277349 1.93502e-05 7.96125e-07 1.93145e-08 2.76288e-10 2.33039e-12 1.15904e-14 3.39888e-17
 1.9947e-11 2.16505e-09 1.38563e-07 5.22894e-06 0.00011635 0.00152655 0.0118104 0.0538893 0.145162 0.231974 0.225314 0.147852 0.0872807 0.0551202 0.0283906 0.00943505 0.00188466 0.000222824 1.55454e-05 6.39579e-07 1.55166e-08 2.2196e-10 1.87215e-12 9.31127e-15 2.73054e-17
 1.93335e-11 2.09846e-09 1.34301e-07 5.06812e-06 0.000112772 0.0014796 0.0114472 0.0522352 0.140744 0.225217 0.220187 0.148384 0.0930299 0.0616815 0.0322837 0.0107672 0.0021523 0.000254503 1.77561e-05 7.30534e-07 1.77232e-08 2.53525e-10 2.13839e-12 1.06354e-14 3.11885e-17
 1.97004e-11 2.13829e-09 1.3685e-07 5.16429e-06 0.000114912 0.00150768 0.0116644 0.0532244 0.143386 0.229258 0.223253 0.148066 0.0895917 0.0577576 0.0299555 0.00997053 0.00199224 0.000235558 1.64341e-05 6.7614e-07 1.64036e-08 2.34648e-10 1.97917e-12 9.84355e-15 2.88663e-17
 1.99528e-11 2.16568e-09 1.38603e-07 5.23046e-06 0.000116384 0.001527 0.0118138 0.0539049 0.145204 0.232038 0.225362 0.147847 0.0872264 0.0550582 0.0283539 0.00942247 0.00188213 0.000222525 1.55246e-05 6.3872e-07 1.54957e-08 2.21662e-10 1.86964e-12 9.29877e-15 2.72687e-17
 1.99016e-11 2.16013e-09 1.38248e-07 5.21704e-06 0.000116085 0.00152308 0.0117835 0.0537669 0.144835 0.231474 0.224934 0.147891 0.0877062 0.0556058 0.0286788 0.00953364 0.00190447 0.000225169 1.57091e-05 6.46311e-07 1.56799e-08 2.24296e-10 1.89185e-12 9.40927e-15 2.75928e-17
 1.99507e-11 2.16546e-09 1.38589e-07 5.22992e-06 0.000116372 0.00152684 0.0118126 0.0538993 0.145189 0.232015 0.225345 0.147849 0.0872459 0.0550804 0.0283671 0.00942698 0.00188304 0.000222632 1.55321e-05 6.39028e-07 1.55032e-08 2.21769e-10 1.87054e-12 9.30326e-15 2.72819e-17
 2.00181e-11 2.17277e-09 1.39057e-07 5.24757e-06 0.000116765 0.00153199 0.0118524 0.0540809 0.145674 0.232757 0.225907 0.14779 0.0866148 0.0543602 0.0279397 0.00928075 0.00185366 0.000219155 1.52894e-05 6.29044e-07 1.5261e-08 2.18304e-10 1.84131e-12 9.15789e-15 2.68556e-17
#obs surv len freq
 4.10244e-11 3.802e-09 2.07763e-07 6.69441e-06 0.000127188 0.0014249 0.00941463 0.0367203 0.0849662 0.119679 0.115516 0.106318 0.114678 0.116796 0.104045 0.0830068 0.0559227 0.0306678 0.013811 0.005066 0.00146149 0.000316443 4.89938e-05 5.20345e-06 3.67207e-07
 2.5436e-11 2.27361e-09 1.19831e-07 3.72404e-06 6.8243e-05 0.000737487 0.00470317 0.0177621 0.0404616 0.060669 0.079204 0.117126 0.158528 0.163296 0.137122 0.101675 0.0640494 0.033275 0.0144346 0.00513004 0.00141841 0.000289881 4.19499e-05 4.14373e-06 2.70957e-07
 1.37918e-11 1.18697e-09 6.02347e-08 1.80237e-06 3.18018e-05 0.000330956 0.00203395 0.00743029 0.0166862 0.0266667 0.0429573 0.0782598 0.126145 0.169317 0.190355 0.164125 0.102106 0.0476842 0.0181927 0.00584096 0.00150338 0.000289234 3.92944e-05 3.61865e-06 2.19317e-07
 2.43658e-10 2.01579e-08 9.83321e-07 2.82835e-05 0.000479687 0.00479701 0.0282863 0.0983558 0.201734 0.244487 0.176781 0.0809168 0.03306 0.0262734 0.0311081 0.0308033 0.0228057 0.0126729 0.0052904 0.00165432 0.000388062 6.7441e-05 8.37978e-06 7.12678e-07 3.99995e-08
 1.28133e-10 1.01744e-08 4.76365e-07 1.31511e-05 0.000214085 0.00205531 0.0116461 0.0391128 0.0795553 0.108249 0.131885 0.176989 0.198921 0.146611 0.0679294 0.0224136 0.00791756 0.00385757 0.00180968 0.000634376 0.000155563 2.62306e-05 3.01261e-06 2.32642e-07 1.18573e-08
 3.62621e-10 2.75964e-08 1.23834e-06 3.27651e-05 0.000511181 0.00470259 0.0255126 0.0816795 0.154859 0.177087 0.133602 0.0910048 0.0819142 0.0852862 0.0786181 0.0533259 0.0236565 0.0066537 0.00128579 0.000219357 4.00102e-05 6.42404e-06 7.29515e-07 5.42089e-08 2.57986e-09
 4.58418e-10 3.33907e-08 1.43409e-06 3.63177e-05 0.000542316 0.00477544 0.0248067 0.0761742 0.139745 0.161363 0.143189 0.135846 0.129206 0.0937828 0.0511807 0.0241946 0.01038 0.00364301 0.000941301 0.000169211 2.11863e-05 1.98911e-06 1.52952e-07 9.38644e-09 4.09906e-10
 6.11796e-10 4.25974e-08 1.74882e-06 4.23348e-05 0.00060429 0.0050866 0.0252609 0.0741942 0.130524 0.146245 0.130641 0.129147 0.129036 0.104729 0.0690254 0.0366464 0.0142005 0.00377847 0.000716364 0.000106299 1.27691e-05 1.15729e-06 7.33666e-08 3.1866e-09 9.64528e-11
 1.00102e-09 6.65442e-08 2.60835e-06 6.02848e-05 0.000821574 0.00660264 0.0313051 0.0877706 0.147273 0.156758 0.131444 0.121418 0.11573 0.0917935 0.0601869 0.032026 0.0125783 0.00345412 0.000669806 9.41467e-05 9.68172e-06 7.27057e-07 3.96157e-08 1.53183e-09 4.04971e-11
 1.30345e-09 8.26353e-08 3.08905e-06 6.80885e-05 0.000884961 0.00678329 0.0306869 0.0822577 0.133295 0.143159 0.134823 0.14184 0.13493 0.0975305 0.055894 0.0260623 0.00911054 0.00223117 0.000386071 4.93419e-05 4.73716e-06 3.32282e-07 1.63672e-08 5.50765e-10 1.24631e-11
 2.11615e-09 1.2781e-07 4.5517e-06 9.55808e-05 0.0011835 0.00864229 0.0372447 0.0950807 0.146525 0.148724 0.130718 0.129628 0.121016 0.0901293 0.0544676 0.0257632 0.00857789 0.00189056 0.000278592 2.90242e-05 2.26137e-06 1.33268e-07 5.75499e-09 1.74525e-10 3.58461e-12
 3.12997e-09 1.79921e-07 6.09837e-06 0.000121881 0.00143635 0.00998326 0.040961 0.099684 0.14737 0.147203 0.133788 0.135538 0.121933 0.0848613 0.0475596 0.0211172 0.00674074 0.0014574 0.000214678 2.22607e-05 1.65181e-06 8.67846e-08 3.1749e-09 8.01323e-11 1.38442e-12
 4.65275e-09 2.5432e-07 8.19667e-06 0.000155771 0.0017456 0.0115375 0.0450282 0.104377 0.147932 0.145203 0.135063 0.137981 0.12085 0.0812667 0.0438009 0.018398 0.00543816 0.00106396 0.000138665 1.2618e-05 8.3736e-07 4.06258e-08 1.39561e-09 3.27461e-11 5.11313e-13
 6.88962e-09 3.57787e-07 1.09558e-05 0.000197812 0.00210611 0.0132265 0.0490658 0.108305 0.147422 0.143288 0.13745 0.141124 0.119681 0.0772452 0.0397961 0.0158185 0.00437249 0.000788869 9.28506e-05 7.4216e-06 4.22495e-07 1.74691e-08 5.16873e-10 1.06521e-11 1.49211e-13
 1.06188e-08 5.23518e-07 1.52186e-05 0.000260864 0.00263677 0.0157214 0.0553837 0.116229 0.151208 0.142964 0.13611 0.137167 0.113622 0.0726176 0.0371337 0.0143841 0.00381094 0.000655266 7.35145e-05 5.58843e-06 2.98685e-07 1.13139e-08 2.98298e-10 5.35924e-12 6.47016e-14
 1.43047e-08 6.69056e-07 1.84516e-05 0.000300057 0.00287749 0.0162807 0.0544821 0.109167 0.138733 0.137408 0.144526 0.149754 0.120272 0.0734553 0.0357308 0.0131101 0.00328631 0.000536141 5.7392e-05 4.18562e-06 2.14814e-07 7.77028e-09 1.93726e-10 3.25093e-12 3.61277e-14
 2.17226e-08 9.63301e-07 2.51884e-05 0.000388364 0.0035312 0.0189448 0.0601368 0.114499 0.13929 0.134764 0.140401 0.143612 0.116237 0.0737973 0.0370456 0.0134947 0.00326576 0.000509836 5.23265e-05 3.67491e-06 1.81689e-07 6.30212e-09 1.49779e-10 2.38408e-12 2.50175e-14
 3.40156e-08 1.42947e-06 3.54208e-05 0.00051754 0.00445947 0.0226751 0.0682486 0.123472 0.143978 0.136442 0.140185 0.138731 0.108152 0.0664288 0.032218 0.0113242 0.00266922 0.000414737 4.35059e-05 3.16919e-06 1.60904e-07 5.5831e-09 1.29468e-10 1.97823e-12 1.97393e-14
 4.66275e-08 1.8561e-06 4.35665e-05 0.00060299 0.00492214 0.0237181 0.0677711 0.117363 0.135449 0.136646 0.150065 0.147334 0.110071 0.064261 0.0294726 0.00975904 0.00216662 0.000318335 3.18591e-05 2.24457e-06 1.11917e-07 3.86199e-09 8.96375e-11 1.36844e-12 1.35155e-14
 7.18159e-08 2.7071e-06 6.017e-05 0.000788615 0.00609607 0.0278216 0.0753464 0.124066 0.137783 0.136737 0.147675 0.141347 0.104183 0.0604921 0.0270816 0.00850909 0.00175357 0.000234921 2.11238e-05 1.33086e-06 5.99529e-08 1.90506e-09 4.14865e-11 6.03084e-13 5.73254e-15
 1.05434e-07 3.76261e-06 7.91751e-05 0.000982438 0.00719044 0.0310827 0.0798752 0.125823 0.137677 0.140856 0.153578 0.141299 0.0980753 0.0532515 0.0222586 0.00653546 0.00125923 0.000157467 1.31432e-05 7.60565e-07 3.10623e-08 8.85646e-10 1.72347e-11 2.24534e-13 1.92916e-15
 1.56676e-07 5.29259e-06 0.000105421 0.00123826 0.00857938 0.0351192 0.0855806 0.128633 0.137147 0.140587 0.151947 0.137054 0.0945268 0.0512875 0.0210251 0.00593277 0.00109012 0.000130224 1.04263e-05 5.78162e-07 2.24084e-08 5.97403e-10 1.07126e-11 1.27069e-13 9.8532e-16
 2.32297e-07 7.42745e-06 0.000140034 0.00155688 0.0102114 0.0395866 0.0915498 0.131767 0.138397 0.143885 0.15363 0.133084 0.0876573 0.0453096 0.0176034 0.00469572 0.000817717 9.31648e-05 7.16416e-06 3.82746e-07 1.42522e-08 3.62825e-10 6.17108e-12 6.89413e-14 4.99562e-16
 3.10046e-07 9.38326e-06 0.000167449 0.00176222 0.0109428 0.040203 0.088509 0.123604 0.133094 0.147876 0.160686 0.136908 0.0888793 0.0451849 0.0170074 0.00435071 0.000727655 8.03535e-05 6.04342e-06 3.16121e-07 1.14371e-08 2.80064e-10 4.54659e-12 4.82255e-14 3.30398e-16
 4.92006e-07 1.40946e-05 0.000238086 0.00237175 0.0139416 0.0484916 0.101119 0.133977 0.137362 0.145685 0.151741 0.125713 0.0805236 0.0401632 0.0145289 0.00351626 0.000552522 5.72445e-05 4.04915e-06 2.0026e-07 6.89404e-09 1.6143e-10 2.51086e-12 2.54798e-14 1.66351e-16
 6.34356e-07 1.72032e-05 0.000275103 0.0025946 0.0144452 0.0476753 0.0951295 0.124672 0.136528 0.157508 0.164073 0.128954 0.0770269 0.035759 0.0121128 0.00276918 0.00041516 4.14316e-05 2.8343e-06 1.34828e-07 4.41383e-09 9.73168e-11 1.41841e-12 1.34826e-14 8.26051e-17
 8.13737e-07 2.08933e-05 0.000316336 0.00282499 0.0148982 0.0466624 0.0890764 0.115067 0.131441 0.158621 0.167131 0.134237 0.0835037 0.0396193 0.0132131 0.0029072 0.000417151 3.99715e-05 2.63611e-06 1.20911e-07 3.80309e-09 8.01627e-11 1.11075e-12 9.97528e-15 5.73852e-17
 1.2801e-06 3.11222e-05 0.000446184 0.00377307 0.0188436 0.0559117 0.101252 0.124597 0.136332 0.157329 0.158531 0.122665 0.0736949 0.0334772 0.0105865 0.00220071 0.000298751 2.71746e-05 1.7055e-06 7.44579e-08 2.22659e-09 4.4569e-11 5.85802e-13 4.98273e-15 2.70899e-17
#pred catch len freq
 1.35151e-12 1.46693e-10 9.3884e-09 3.54297e-07 7.88447e-06 0.000103509 0.000803284 0.00372286 0.010819 0.0236873 0.0533943 0.118069 0.18944 0.198148 0.145922 0.0925199 0.0580378 0.0357485 0.0221818 0.0145106 0.0102864 0.00805674 0.00665868 0.00500142 0.00288137
 9.76292e-13 1.05967e-10 6.78194e-09 2.55938e-07 5.69596e-06 7.48015e-05 0.000581425 0.0027162 0.008185 0.0201059 0.0528884 0.125764 0.204995 0.213215 0.152999 0.0922532 0.0545382 0.031215 0.0171913 0.00941073 0.00536939 0.0034065 0.0024222 0.00169773 0.000964805
 4.45143e-13 4.83161e-11 3.09227e-09 1.16702e-07 2.59779e-06 3.41533e-05 0.000266973 0.00128205 0.00433078 0.0140199 0.0473334 0.123184 0.205549 0.216773 0.159743 0.100206 0.0601901 0.0334005 0.0171597 0.00841876 0.00402074 0.00198306 0.00109649 0.000655737 0.00034861
 3.5926e-12 3.89942e-10 2.49562e-08 9.41777e-07 2.09563e-05 0.000274996 0.00212924 0.00975511 0.0268216 0.0472686 0.0668966 0.101809 0.147017 0.161572 0.142272 0.114627 0.0821348 0.049581 0.026178 0.0124709 0.00541273 0.00221808 0.000926154 0.000422126 0.000191448
 1.31195e-11 1.424e-09 9.11356e-08 3.43918e-06 7.65263e-05 0.00100408 0.00776945 0.0354803 0.0959744 0.156613 0.167487 0.151605 0.147843 0.125442 0.0716001 0.0263053 0.00744456 0.00268327 0.00141456 0.00073673 0.000327863 0.000125941 4.36953e-05 1.48314e-05 5.12517e-06
 1.03911e-11 1.12786e-09 7.21828e-08 2.72396e-06 6.06121e-05 0.000795296 0.00615473 0.0281259 0.0763467 0.126727 0.14547 0.156137 0.176828 0.157317 0.089028 0.0301841 0.00605335 0.000716251 4.99775e-05 2.05629e-06 4.98972e-08 7.17726e-10 7.39688e-12 4.25675e-13 1.03461e-13
 1.33814e-11 1.45243e-09 9.29552e-08 3.50784e-06 7.80542e-05 0.00102413 0.00792454 0.036188 0.097881 0.159662 0.170456 0.153544 0.148806 0.125337 0.0700528 0.0236913 0.00474898 0.000561903 3.92177e-05 1.61518e-06 3.93273e-08 5.69878e-10 5.02895e-12 2.8996e-14 1.27439e-16
 1.37499e-11 1.49242e-09 9.55146e-08 3.60443e-06 8.02033e-05 0.00105232 0.0081426 0.0371814 0.100534 0.16372 0.173534 0.153225 0.145353 0.121397 0.0677148 0.0228911 0.00458812 0.000542818 3.7875e-05 1.55832e-06 3.78064e-08 5.40831e-10 4.56236e-12 2.2703e-14 6.6701e-17
 1.29722e-11 1.408e-09 9.0112e-08 3.40055e-06 7.56669e-05 0.000992807 0.0076823 0.0350845 0.0949336 0.155154 0.167036 0.153899 0.152641 0.129714 0.07265 0.0245798 0.0049274 0.000582977 4.06773e-05 1.67361e-06 4.06032e-08 5.80821e-10 4.89911e-12 2.43679e-14 7.14784e-17
 1.3976e-11 1.51696e-09 9.70849e-08 3.66369e-06 8.15219e-05 0.00106962 0.0082764 0.0377908 0.102162 0.16621 0.175423 0.153029 0.143235 0.118979 0.0662803 0.0224003 0.0044895 0.000531146 3.70606e-05 1.52482e-06 3.69945e-08 5.29265e-10 4.46623e-12 2.22502e-14 6.56414e-17
 1.45557e-11 1.57988e-09 1.01112e-07 3.81565e-06 8.49032e-05 0.00111398 0.0086195 0.0393538 0.106337 0.172595 0.180267 0.152526 0.137802 0.112779 0.0626018 0.0211415 0.0042366 0.000501212 3.49716e-05 1.43886e-06 3.49077e-08 4.99345e-10 4.21179e-12 2.09477e-14 6.143e-17
 1.51411e-11 1.64342e-09 1.05179e-07 3.96911e-06 8.83179e-05 0.00115878 0.00896598 0.0409321 0.110553 0.179043 0.185158 0.152019 0.132317 0.106518 0.0588869 0.0198704 0.00398122 0.000470983 3.28622e-05 1.35207e-06 3.28021e-08 4.69225e-10 3.95774e-12 1.96841e-14 5.77238e-17
 1.5221e-11 1.65209e-09 1.05734e-07 3.99007e-06 8.87841e-05 0.0011649 0.00901328 0.0411476 0.111128 0.179923 0.185826 0.151949 0.131568 0.105663 0.0583798 0.0196968 0.00394635 0.000466856 3.25743e-05 1.34022e-06 3.25146e-08 4.65113e-10 3.92306e-12 1.95116e-14 5.72185e-17
 1.57497e-11 1.70948e-09 1.09407e-07 4.12867e-06 9.18682e-05 0.00120536 0.00932621 0.0425731 0.114936 0.185746 0.190244 0.151491 0.126613 0.100009 0.0550246 0.0185488 0.00371569 0.000439554 3.06691e-05 1.26183e-06 3.06129e-08 4.3791e-10 3.69361e-12 1.83705e-14 5.38719e-17
 1.66437e-11 1.80652e-09 1.15617e-07 4.36302e-06 9.70827e-05 0.00127377 0.00985532 0.0449834 0.121374 0.195593 0.197713 0.150716 0.118235 0.0904477 0.0493517 0.0166076 0.00332569 0.000393392 2.74478e-05 1.1293e-06 2.73975e-08 3.91913e-10 3.30564e-12 1.64409e-14 4.82129e-17
 1.63579e-11 1.77549e-09 1.13631e-07 4.28809e-06 9.54154e-05 0.0012519 0.00968614 0.0442127 0.119315 0.192444 0.195325 0.150964 0.120914 0.0935047 0.0511656 0.0172283 0.00345039 0.000408152 2.84778e-05 1.17167e-06 2.84256e-08 4.0662e-10 3.42969e-12 1.70578e-14 5.00221e-17
 1.6465e-11 1.78711e-09 1.14375e-07 4.31616e-06 9.604e-05 0.00126009 0.00974951 0.0445014 0.120087 0.193624 0.19622 0.150871 0.119911 0.0923596 0.0504862 0.0169958 0.00340368 0.000402623 2.8092e-05 1.1558e-06 2.80405e-08 4.01111e-10 3.38322e-12 1.68267e-14 4.93444e-17
 1.69294e-11 1.83752e-09 1.17601e-07 4.43791e-06 9.87491e-05 0.00129563 0.0100244 0.0457536 0.123431 0.198739 0.2001 0.150468 0.115558 0.0873924 0.0475389 0.0159873 0.00320107 0.00037864 2.64185e-05 1.08694e-06 2.637e-08 3.77215e-10 3.18167e-12 1.58243e-14 4.64048e-17
 1.7938e-11 1.94699e-09 1.24607e-07 4.7023e-06 0.000104632 0.00137281 0.0106213 0.0484728 0.130694 0.209847 0.208527 0.149594 0.106107 0.0766061 0.041139 0.0137973 0.00276108 0.000326562 2.27844e-05 9.37421e-07 2.27424e-08 3.25324e-10 2.74399e-12 1.36474e-14 4.00212e-17
 1.76013e-11 1.91045e-09 1.22268e-07 4.61403e-06 0.000102668 0.00134705 0.010422 0.047565 0.128269 0.206139 0.205714 0.149886 0.109262 0.0802071 0.0432756 0.0145284 0.00290797 0.000343948 2.39976e-05 9.87339e-07 2.39535e-08 3.42648e-10 2.89011e-12 1.43742e-14 4.21524e-17
 1.83529e-11 1.99204e-09 1.2749e-07 4.81108e-06 0.000107052 0.00140457 0.0108669 0.0495916 0.133683 0.214418 0.211995 0.149234 0.102218 0.0721681 0.0385058 0.0128963 0.00258006 0.000305135 2.12892e-05 8.75901e-07 2.12499e-08 3.03974e-10 2.56391e-12 1.27518e-14 3.73947e-17
 1.93743e-11 2.10289e-09 1.34585e-07 5.07881e-06 0.00011301 0.00148273 0.0114714 0.0523452 0.141038 0.225667 0.220528 0.148348 0.0926476 0.0612452 0.0320248 0.0106786 0.0021345 0.000252397 1.76091e-05 7.24485e-07 1.75765e-08 2.51426e-10 2.12069e-12 1.05474e-14 3.09303e-17
 1.88657e-11 2.04769e-09 1.31052e-07 4.9455e-06 0.000110043 0.00144381 0.0111704 0.0509741 0.137375 0.220065 0.216279 0.148789 0.0974132 0.0666841 0.0352519 0.0117829 0.00235636 0.000278657 1.94415e-05 7.9988e-07 1.94056e-08 2.77592e-10 2.34138e-12 1.1645e-14 3.41491e-17
 1.908e-11 2.07095e-09 1.3254e-07 5.00166e-06 0.000111293 0.0014602 0.0112972 0.0515517 0.138918 0.222425 0.218069 0.148604 0.0954055 0.0643928 0.0338924 0.0113177 0.00226289 0.000267594 1.86695e-05 7.68118e-07 1.8635e-08 2.66569e-10 2.24841e-12 1.11826e-14 3.27931e-17
 1.95081e-11 2.11742e-09 1.35515e-07 5.1139e-06 0.000113791 0.00149297 0.0115506 0.0527061 0.142002 0.227141 0.221647 0.148232 0.0913931 0.0598136 0.0311754 0.0103879 0.0020761 0.000245485 1.71267e-05 7.0464e-07 1.7095e-08 2.44539e-10 2.06259e-12 1.02585e-14 3.0083e-17
 1.93808e-11 2.1036e-09 1.3463e-07 5.08051e-06 0.000113048 0.00148322 0.0114752 0.0523627 0.141084 0.225738 0.220583 0.148343 0.0925867 0.0611757 0.0319836 0.0106645 0.00213167 0.000252061 1.75857e-05 7.23523e-07 1.75531e-08 2.51092e-10 2.11787e-12 1.05334e-14 3.08892e-17
 1.96799e-11 2.13607e-09 1.36708e-07 5.15894e-06 0.000114793 0.00150612 0.0116523 0.0531693 0.143239 0.229033 0.223082 0.148083 0.0897832 0.0579762 0.0300852 0.0100149 0.00200116 0.000236613 1.65077e-05 6.79169e-07 1.64771e-08 2.357e-10 1.98804e-12 9.88765e-15 2.89956e-17
 1.96661e-11 2.13457e-09 1.36612e-07 5.15531e-06 0.000114712 0.00150506 0.0116441 0.0531321 0.143139 0.228881 0.222967 0.148095 0.0899127 0.058124 0.0301729 0.0100449 0.00200719 0.000237327 1.65575e-05 6.81219e-07 1.65268e-08 2.36411e-10 1.99404e-12 9.91749e-15 2.90831e-17
#obs catch len freq
 3.76518e-11 3.48944e-09 1.90683e-07 6.14408e-06 0.000116732 0.00130778 0.00864113 0.033711 0.0780978 0.110688 0.109676 0.107077 0.120727 0.124576 0.110749 0.0868805 0.056823 0.0303385 0.0136161 0.0050852 0.00149717 0.000328854 5.15452e-05 5.55352e-06 3.98403e-07
 5.65411e-11 5.05396e-09 2.66371e-07 8.27806e-06 0.000151691 0.00163908 0.0104456 0.0393028 0.0878074 0.11994 0.114237 0.106821 0.116077 0.117107 0.10339 0.0814403 0.0538528 0.0289372 0.0127367 0.00453949 0.00126248 0.000261304 3.83762e-05 3.84151e-06 2.54199e-07
 3.60753e-11 3.10476e-09 1.57555e-07 4.71442e-06 8.31811e-05 0.000865532 0.0053153 0.0193411 0.0425689 0.0624066 0.0817034 0.121009 0.160634 0.16217 0.134524 0.0984109 0.0608399 0.0309839 0.0131364 0.00452898 0.00120438 0.000234854 3.21978e-05 2.99468e-06 1.83473e-07
 2.00669e-11 1.66014e-09 8.09836e-08 2.32938e-06 3.95092e-05 0.000395259 0.0023356 0.00821179 0.0178327 0.0280391 0.0454267 0.0822566 0.130451 0.172633 0.190175 0.159252 0.0961576 0.0438135 0.0163477 0.00510209 0.00126362 0.000231736 2.97857e-05 2.57989e-06 1.46382e-07
 3.52077e-10 2.79565e-08 1.30892e-06 3.61354e-05 0.000588218 0.00564589 0.0319536 0.106642 0.209948 0.244282 0.169807 0.0753655 0.0312003 0.0259322 0.0304551 0.0293448 0.0210955 0.0113647 0.00458619 0.00138225 0.000311193 5.15605e-05 6.06209e-06 4.84712e-07 2.54525e-08
 1.91367e-10 1.45635e-08 6.53512e-07 1.72914e-05 0.000269781 0.00248238 0.013483 0.0434296 0.0849566 0.112413 0.135873 0.179694 0.194976 0.137845 0.0615124 0.0199868 0.00722776 0.00353664 0.00160776 0.000539302 0.00012589 2.01239e-05 2.18166e-06 1.58293e-07 7.54711e-09
 5.43656e-10 3.95994e-08 1.70075e-06 4.30704e-05 0.000643143 0.00566287 0.0294054 0.0901141 0.163604 0.179508 0.131105 0.088515 0.0798587 0.0822928 0.0739146 0.0481811 0.0204142 0.00549519 0.00103068 0.000174282 3.11554e-05 4.76951e-06 5.09939e-07 3.5501e-08 1.57794e-09
 6.97252e-10 4.85474e-08 1.9931e-06 4.82481e-05 0.000688695 0.00579701 0.028787 0.0845224 0.148434 0.164913 0.1429 0.133465 0.123212 0.0864923 0.0461592 0.0215386 0.00905415 0.0030745 0.00076207 0.000130916 1.56889e-05 1.41536e-06 1.04191e-07 6.04518e-09 2.4703e-10
 9.42728e-10 6.26692e-08 2.45645e-06 5.67743e-05 0.000773735 0.0062183 0.0294858 0.0827132 0.13916 0.149989 0.13093 0.127376 0.123888 0.0979697 0.0631188 0.0324862 0.0120893 0.00308629 0.000564711 8.11683e-05 9.38069e-06 8.09531e-07 4.8568e-08 1.9906e-09 5.6678e-11
 1.56266e-09 9.90689e-08 3.70336e-06 8.16288e-05 0.00106093 0.00813143 0.0367697 0.0983409 0.157552 0.160768 0.130685 0.117784 0.108962 0.0842082 0.0539668 0.0278285 0.0105008 0.00276509 0.000514592 6.93712e-05 6.82475e-06 4.88715e-07 2.5282e-08 9.22991e-10 2.29181e-11
 2.0706e-09 1.25059e-07 4.45372e-06 9.35235e-05 0.00115803 0.00845654 0.036449 0.0931132 0.143983 0.148304 0.135226 0.137617 0.126049 0.0882894 0.0493576 0.0223175 0.00749303 0.0017577 0.000291963 3.58504e-05 3.29414e-06 2.19809e-07 1.02465e-08 3.25019e-10 6.90947e-12
 3.36756e-09 1.93579e-07 6.56128e-06 0.000131132 0.00154537 0.0107404 0.0440564 0.107078 0.157286 0.152871 0.129872 0.12462 0.112315 0.0812914 0.0478085 0.0217792 0.00691952 0.00145222 0.00020436 2.04098e-05 1.52476e-06 8.57714e-08 3.51343e-09 1.00505e-10 1.93859e-12
 5.04339e-09 2.75672e-07 8.88484e-06 0.000168849 0.00189214 0.0125053 0.0487919 0.112942 0.158974 0.151716 0.132468 0.128834 0.11139 0.075164 0.04098 0.0175406 0.00534875 0.00110225 0.000154993 1.53529e-05 1.08579e-06 5.41704e-08 1.87567e-09 4.46737e-11 7.25923e-13
 7.58268e-09 3.93779e-07 1.20578e-05 0.00021771 0.00231792 0.0145556 0.0539741 0.118894 0.160233 0.149836 0.133038 0.129725 0.108975 0.0709803 0.0371372 0.0149923 0.00422038 0.00078463 9.74099e-05 8.46947e-06 5.36839e-07 2.47688e-08 8.04845e-10 1.77849e-11 2.60663e-13
 1.12983e-08 5.57019e-07 1.61925e-05 0.000277556 0.00280547 0.0167265 0.0589095 0.123474 0.159676 0.147626 0.134761 0.131728 0.107038 0.066863 0.033386 0.0127285 0.00334374 0.000571826 6.39161e-05 4.86712e-06 2.64242e-07 1.03926e-08 2.91201e-10 5.65922e-12 7.4477e-14
 1.74996e-08 8.18485e-07 2.25727e-05 0.000367069 0.00351994 0.0199107 0.0665452 0.132501 0.16356 0.146657 0.132228 0.126544 0.100469 0.062163 0.0307415 0.0113889 0.00286251 0.000466097 4.96175e-05 3.58804e-06 1.82441e-07 6.55527e-09 1.63316e-10 2.76365e-12 3.1341e-14
 2.38746e-08 1.05873e-06 2.76837e-05 0.000426836 0.00388094 0.0208193 0.0660579 0.125498 0.151166 0.141628 0.140605 0.138138 0.106261 0.0627764 0.0294956 0.0103394 0.00245711 0.000379482 3.85364e-05 2.67226e-06 1.3034e-07 4.46587e-09 1.0505e-10 1.65792e-12 1.7283e-14
 3.63109e-08 1.52592e-06 3.78109e-05 0.000552459 0.00476025 0.0242017 0.0728023 0.131347 0.151301 0.138211 0.135723 0.131812 0.102505 0.0629855 0.0304139 0.0105396 0.00241285 0.000356312 3.46817e-05 2.31475e-06 1.08655e-07 3.56561e-09 7.98644e-11 1.1944e-12 1.17462e-14
 5.69724e-08 2.2679e-06 5.32321e-05 0.000736755 0.0060135 0.0289637 0.082573 0.141449 0.155875 0.138777 0.133667 0.125347 0.0938605 0.055758 0.0259832 0.00868595 0.00193876 0.000285459 2.8432e-05 1.96628e-06 9.44983e-08 3.09218e-09 6.74197e-11 9.66383e-13 9.02716e-15
 7.95802e-08 2.99977e-06 6.6675e-05 0.000873864 0.00675473 0.0308204 0.0833711 0.136526 0.14823 0.139059 0.142052 0.131838 0.0945026 0.0532875 0.023449 0.00737775 0.0015504 0.000215874 2.0524e-05 1.37376e-06 6.48701e-08 2.1108e-09 4.60257e-11 6.58196e-13 6.07504e-15
 1.23301e-07 4.40019e-06 9.25911e-05 0.00114888 0.00840769 0.036324 0.0930884 0.144766 0.150615 0.137766 0.137522 0.124327 0.0879691 0.0492385 0.0210708 0.00627115 0.00122039 0.000154616 1.31895e-05 7.89501e-07 3.37197e-08 1.01156e-09 2.07106e-11 2.82093e-13 2.50542e-15
 1.81129e-07 6.11862e-06 0.000121874 0.00143148 0.00991711 0.0405745 0.098632 0.14658 0.149738 0.140582 0.141648 0.123106 0.0819597 0.0428575 0.0171125 0.00475713 0.000865059 0.000102215 8.08317e-06 4.43675e-07 1.71544e-08 4.6135e-10 8.43889e-12 1.03043e-13 8.27623e-16
 2.70902e-07 8.6618e-06 0.000163304 0.00181555 0.011906 0.046121 0.106271 0.150438 0.148885 0.138823 0.138173 0.117808 0.0779853 0.040666 0.0158773 0.00423466 0.000733996 8.28466e-05 6.28201e-06 3.30024e-07 1.20878e-08 3.03438e-10 5.1074e-12 5.6724e-14 4.10929e-16
 4.0024e-07 1.21129e-05 0.000216157 0.00227467 0.0141206 0.0518009 0.113241 0.153302 0.148894 0.140411 0.138243 0.113297 0.0716028 0.0355318 0.0131351 0.00331071 0.00054393 5.85706e-05 4.26547e-06 2.15756e-07 7.58442e-09 1.81606e-10 2.89635e-12 3.02666e-14 2.04708e-16
 5.45782e-07 1.56351e-05 0.000264107 0.00263089 0.0154627 0.053748 0.111743 0.146135 0.143749 0.14336 0.143574 0.115877 0.072166 0.0351453 0.0125619 0.00303451 0.000478984 5.00159e-05 3.56198e-06 1.76209e-07 6.00933e-09 1.38229e-10 2.10211e-12 2.08396e-14 1.33168e-16
 8.58468e-07 2.32808e-05 0.000372282 0.00351068 0.0195334 0.0642812 0.126549 0.156791 0.146214 0.138418 0.13261 0.1041 0.0639197 0.0304622 0.0104404 0.00238318 0.000353229 3.45979e-05 2.31729e-06 1.08395e-07 3.51734e-09 7.73456e-11 1.12633e-12 1.06747e-14 6.49508e-17
 1.11858e-06 2.87202e-05 0.000434825 0.00388257 0.0204617 0.0638818 0.120177 0.146478 0.144549 0.149249 0.14393 0.107332 0.061427 0.0272417 0.00874538 0.00188682 0.000266991 2.51951e-05 1.63092e-06 7.32741e-08 2.25788e-09 4.6707e-11 6.37045e-13 5.65378e-15 3.22754e-17
 1.48595e-06 3.61267e-05 0.000517921 0.0043793 0.021862 0.0647389 0.116196 0.138159 0.139513 0.149397 0.145917 0.111408 0.0662891 0.0299147 0.00942558 0.00195486 0.000264707 2.39837e-05 1.49608e-06 6.47574e-08 1.91542e-09 3.78448e-11 4.90268e-13 4.10749e-15 2.2001e-17
#spawning biomass
 24483.9 27582.8 20125.5 12918.9 17559.9 20728.3 28713.8 37153.5 44373.6 57650.1 57804.4 54749 67307.7 83215.8 92781.5 94848.5 101372 111209 116064 118716 116159 108184 115061 104558 121040 124686 137913 118347 116499 326422 513392 693962 854266 988662 1.09677e+06 1.18097e+06 1.2448e+06 1.29198e+06 1.32594e+06 1.34965e+06 1.36555e+06 1.37559e+06 1.37956e+06 1.37169e+06 1.3643e+06 1.35734e+06 1.35081e+06 1.34467e+06 1.33889e+06 1.33347e+06 1.32837e+06 1.32358e+06 1.31907e+06 1.31484e+06 1.31086e+06 1.30712e+06 1.3036e+06 1.3003e+06 1.29719e+06 1.29428e+06 1.29153e+06 1.28895e+06 1.28653e+06 1.28425e+06 1.28211e+06 1.2801e+06 1.27821e+06 1.27643e+06 1.27476e+06 1.27319e+06 1.27172e+06 1.27033e+06 1.26902e+06 1.2678e+06 1.26665e+06 1.26557e+06 1.26455e+06 1.26359e+06 1.26269e+06 1.26185e+06 1.26105e+06 1.26031e+06 1.25961e+06 1.25895e+06 1.25833e+06 1.25775e+06 1.2572e+06 1.25668e+06 1.2562e+06 1.25575e+06 1.25532e+06 1.25492e+06 1.25454e+06 1.25419e+06 1.25385e+06 1.25354e+06 1.25324e+06 1.25297e+06 1.25271e+06 1.25246e+06 1.25223e+06 1.25202e+06 1.25181e+06 1.25162e+06 1.25144e+06 1.25128e+06 1.25112e+06 1.25097e+06 1.25083e+06 1.2507e+06 1.25057e+06 1.25046e+06 1.25035e+06 1.25025e+06 1.25015e+06 1.25006e+06 1.24997e+06 1.24989e+06 1.24982e+06 1.24975e+06 1.24968e+06 1.24962e+06 1.24956e+06 1.2495e+06 1.24945e+06 1.2494e+06 1.24936e+06 1.24931e+06 0 0 0 0 0 0 0 0 0 0 0 0 0 0 0 0 0 0 0 0 0 0 0 0 0
