SBPRF35
0.469658
Curr Bio
229965
B35
1.07573e+06
F35
0.351646
FOFL
0.0754951
OFL
7864.92
Bzero
134188
#pred survey bio
 31544.1 30053.9 19479.2 14528.8 30599.2 45312.2 76176.9 129780 178749 206762 197950 200826 236567 259795 252356 244959 284190 267239 248175 297953 306180 248582 310302 294608 283721 319137 273195 291267 1.16996e+07 1.11706e+07 1.02573e+07 8.19821e+06 6.13302e+06 4.48714e+06 3.31634e+06 2.53482e+06 2.03125e+06 1.71209e+06 1.5104e+06 1.38197e+06 1.29895e+06 1.24422e+06 1.20709e+06 1.18078e+06 1.16265e+06 1.14989e+06 1.14076e+06 1.13414e+06 1.12928e+06 1.1257e+06 1.12304e+06 1.12105e+06 1.11957e+06 1.11846e+06 1.11762e+06 1.11699e+06 1.11652e+06 1.11617e+06 1.1159e+06 1.1157e+06 1.11555e+06 1.11543e+06 1.11535e+06 1.11528e+06 1.11523e+06 1.1152e+06 1.11517e+06 1.11515e+06 1.11513e+06 1.11512e+06 1.11511e+06 1.11511e+06 1.1151e+06 1.1151e+06 1.11509e+06 1.11509e+06 1.11509e+06 1.11509e+06 1.11509e+06 1.11509e+06 1.11509e+06 1.11509e+06 1.11509e+06 1.11509e+06 1.11509e+06 1.11509e+06 1.11508e+06 1.11508e+06 1.11508e+06 1.11508e+06 1.11508e+06 1.11508e+06 1.11508e+06 1.11508e+06 1.11508e+06 1.11508e+06 1.11508e+06 1.11508e+06 1.11508e+06 1.11508e+06 1.11508e+06 1.11508e+06 1.11508e+06 1.11508e+06 1.11508e+06 1.11508e+06 1.11508e+06 1.11508e+06 1.11508e+06 1.11508e+06 1.11508e+06 1.11508e+06 1.11508e+06 1.11508e+06 1.11508e+06 1.11508e+06 1.11508e+06 1.11508e+06 1.11508e+06 1.11508e+06 1.11508e+06 1.11508e+06 1.11508e+06 1.11508e+06 1.11508e+06 1.11508e+06 1.11508e+06 1.11508e+06 0 0 0 0 0 0 0 0 0 0 0 0 0 0 0 0 0 0 0 0 0 0 0 0 0
#obs survey bio
 27481.9 18056 15720.7 16938.4 31800 64660.8 94059.2 114068 219285 147130 168526 173081 172284 253931 144585 210190 257028 200583 180178 269158 192416 163055 256025 228562 226222 228905 208555 217531
#pred catch bio
 14412.8 17100.9 12470.2 7571.72 20064.6 29779.5 50133.1 89519.1 128276 158863 156949 154953 178846 208407 204531 193192 232378 221057 201439 244786 267690 200008 264286 254162 239586 281182 237578 232378 7864.92 136034 122110 94366 67661.2 47074.7 32963.7 23967.8 18504.4 15297.1 13460 12426.7 11853.3 11538.4 11366.5 11272.2 11222.3 11195.8 11181.8 11174.3 11170.4 11168.3 11167.2 11166.6 11166.3 11166.1 11166.1 11166 11166 11166 11166 11166 11166 11166 11166 11166 11166 11166 11166 11166 11166 11166 11166 11166 11166 11166 11166 11166 11166 11166 11166 11166 11166 11166 11166 11166 11166 11166 11166 11166 11166 11166 11166 11166 11166 11166 11166 11166 11166 11166 11166 11166 11166 11166 11166 11166 11166 11166 11166 11166 11166 11166 11166 11166 11166 11166 11166 11166 11166 11166 11166 11166 11166 11166 11166 11166 11166 11166 11166 11166 0 0 0 0 0 0 0 0 0 0 0 0 0 0 0 0 0 0 0 0 0 0 0 0 0
#obs catch bio
 15469.6 18109.2 12573.6 7482.34 14163.2 22437.8 35814.1 77454.6 96416.7 154408 144845 138146 163148 163376 201906 166004 203632 186890 167080 220094 242404 168514 227143 209291 196513 246783 195072 198818
#pred cpue bio
 23424.9 24112 17658.9 8285.01 12552.6 20886.1 30941.4 52177.9 80272.7 100055 95394.1 83012.9 93443.4 116317 104773 98489.9 106541 107668 96309.1 98312.8 112325 85044.6 102501 100082 89409.1 96729.8 86670.2 80873.5 4.32989e+06 1.10174e+07 1.01388e+07 8.07789e+06 6.01263e+06 4.36675e+06 3.19595e+06 2.41443e+06 1.91086e+06 1.5917e+06 1.39001e+06 1.26158e+06 1.17856e+06 1.12383e+06 1.0867e+06 1.06039e+06 1.04226e+06 1.0295e+06 1.02037e+06 1.01375e+06 1.00889e+06 1.00531e+06 1.00265e+06 1.00066e+06 999178 998066 997231 996604 996132 995777 995510 995309 995157 995043 994957 994893 994844 994807 994779 994759 994743 994731 994722 994715 994710 994706 994704 994701 994700 994699 994698 994697 994696 994696 994696 994696 994695 994695 994695 994695 994695 994695 994695 994695 994695 994695 994695 994695 994695 994695 994695 994695 994695 994695 994695 994695 994695 994695 994695 994695 994695 994695 994695 994695 994695 994695 994695 994695 994695 994695 994695 994695 994695 994695 994695 994695 994695 994695 994695 994695 0 0 0 0 0 0 0 0 0 0 0 0 0 0 0 0 0 0 0 0 0 0 0 0 0
#obs cpue bio
 36333.8 32568.1 19455.2 13606.5 29292.3 55820.4 82972.9 94721.2 211754 138491 182725 146786 172544 354302 167873 229534 204513 275528 265855 170688 271516 233655 248062 277967 238808 230421 246541 194137
#pred surv len freq
 1.30729e-11 1.41893e-09 9.08115e-08 3.42694e-06 7.62539e-05 0.0010005 0.00774123 0.0353405 0.0954455 0.154539 0.159674 0.131041 0.115864 0.100616 0.0710797 0.0446927 0.0281498 0.0176126 0.0112042 0.00755268 0.00553192 0.00447334 0.00379096 0.00289144 0.00167944
 1.00577e-11 1.09166e-09 6.98664e-08 2.63654e-06 5.86668e-05 0.000769764 0.00595681 0.0272138 0.0737667 0.12161 0.135816 0.137405 0.150293 0.138708 0.0930756 0.0512332 0.0278935 0.0154213 0.00848585 0.00473466 0.0027941 0.00184853 0.00136586 0.000981888 0.000565577
 5.41369e-12 5.87604e-10 3.76066e-08 1.41916e-06 3.15789e-05 0.000414378 0.00320799 0.0146868 0.0402359 0.069752 0.0936468 0.13218 0.179812 0.179484 0.127491 0.0755702 0.0422717 0.0215889 0.0101791 0.00474076 0.00225349 0.00114641 0.000665558 0.000414805 0.000225784
 1.73322e-11 1.88124e-09 1.20399e-07 4.54349e-06 0.000101098 0.00132644 0.0102622 0.0468263 0.12615 0.201707 0.19649 0.130839 0.0819439 0.0616131 0.0491494 0.0384066 0.0267426 0.0153887 0.00755344 0.00329301 0.00131538 0.000515778 0.000218178 0.000104212 4.91796e-05
 1.89935e-11 2.06156e-09 1.31939e-07 4.97898e-06 0.000110788 0.00145358 0.011246 0.051318 0.138289 0.221418 0.21709 0.147967 0.0950948 0.06444 0.0344223 0.0122009 0.00316387 0.000963778 0.000455886 0.00022248 9.15926e-05 3.21963e-05 1.04267e-05 3.49092e-06 1.24626e-06
 1.7951e-11 1.94841e-09 1.24698e-07 4.70571e-06 0.000104708 0.00137381 0.010629 0.0485079 0.130788 0.209991 0.208636 0.149582 0.105985 0.0764667 0.0410563 0.013769 0.0027554 0.000325889 2.27374e-05 9.35489e-07 2.26956e-08 3.24664e-10 2.74131e-12 1.441e-14 2.38953e-16
 1.89762e-11 2.05969e-09 1.3182e-07 4.97446e-06 0.000110688 0.00145226 0.0112358 0.051272 0.138171 0.221282 0.217202 0.148694 0.0963777 0.0655023 0.0345507 0.0115429 0.00230815 0.000272951 1.90434e-05 7.835e-07 1.90083e-08 2.71913e-10 2.29364e-12 1.14102e-14 3.34888e-17
 1.90501e-11 2.06771e-09 1.32333e-07 4.99384e-06 0.000111119 0.00145792 0.0112795 0.0514713 0.138703 0.222096 0.21782 0.14863 0.0956852 0.064712 0.0340818 0.0113825 0.00227591 0.000269135 1.87771e-05 7.72542e-07 1.87424e-08 2.68104e-10 2.26136e-12 1.12471e-14 3.29828e-17
 1.81804e-11 1.97331e-09 1.26291e-07 4.76584e-06 0.000106046 0.00139136 0.0107648 0.0491263 0.13244 0.212517 0.210553 0.149384 0.103836 0.0740137 0.0396008 0.013271 0.00265534 0.000314045 2.1911e-05 9.01484e-07 2.18706e-08 3.12853e-10 2.6388e-12 1.31242e-14 3.8487e-17
 1.74943e-11 1.89883e-09 1.21525e-07 4.58598e-06 0.000102044 0.00133886 0.0103587 0.0472765 0.127499 0.20496 0.20482 0.149978 0.110265 0.0813515 0.0439547 0.0147608 0.00295465 0.000349474 2.43832e-05 1.0032e-06 2.43384e-08 3.48154e-10 2.93655e-12 1.46051e-14 4.28297e-17
 1.75348e-11 1.90323e-09 1.21806e-07 4.5966e-06 0.00010228 0.00134196 0.0103827 0.0473857 0.127791 0.205406 0.205158 0.149943 0.109886 0.0809184 0.0436977 0.0146729 0.00293699 0.000347383 2.42373e-05 9.97199e-07 2.41927e-08 3.4607e-10 2.91897e-12 1.45177e-14 4.25733e-17
 1.88466e-11 2.04562e-09 1.30919e-07 4.94049e-06 0.000109932 0.00144235 0.0111591 0.0509226 0.137238 0.219855 0.21612 0.148806 0.0975921 0.0668883 0.0353731 0.0118243 0.00236469 0.000279643 1.95103e-05 8.02711e-07 1.94743e-08 2.78574e-10 2.34967e-12 1.16862e-14 3.427e-17
 1.91753e-11 2.08129e-09 1.33202e-07 5.02665e-06 0.000111849 0.0014675 0.0113536 0.0518087 0.139605 0.223475 0.218866 0.148521 0.0945123 0.0633734 0.0332876 0.0111107 0.00222131 0.000262672 1.83261e-05 7.53987e-07 1.82922e-08 2.61665e-10 2.20704e-12 1.09769e-14 3.21898e-17
 1.82063e-11 1.97612e-09 1.26472e-07 4.77264e-06 0.000106197 0.00139335 0.0107801 0.0491963 0.132627 0.212803 0.21077 0.149361 0.103592 0.0737361 0.0394362 0.0132146 0.00264402 0.000312705 2.18175e-05 8.97637e-07 2.17772e-08 3.11518e-10 2.62753e-12 1.30682e-14 3.83227e-17
 1.88135e-11 2.04202e-09 1.30689e-07 4.93181e-06 0.000109739 0.00143981 0.0111395 0.0508333 0.136999 0.21949 0.215843 0.148835 0.0979026 0.0672426 0.0355833 0.0118963 0.00237914 0.000281353 1.96297e-05 8.07623e-07 1.95934e-08 2.80279e-10 2.36405e-12 1.17578e-14 3.44797e-17
 1.90498e-11 2.06767e-09 1.32331e-07 4.99376e-06 0.000111117 0.0014579 0.0112794 0.0514704 0.138701 0.222093 0.217817 0.14863 0.0956881 0.0647152 0.0340837 0.0113831 0.00227605 0.000269151 1.87782e-05 7.72587e-07 1.87434e-08 2.6812e-10 2.26149e-12 1.12477e-14 3.29839e-17
 1.9525e-11 2.11925e-09 1.35632e-07 5.11833e-06 0.000113889 0.00149426 0.0115606 0.0527517 0.142123 0.227327 0.221788 0.148218 0.0912349 0.0596329 0.0310682 0.0103513 0.00206874 0.000244612 1.70659e-05 7.02136e-07 1.70342e-08 2.4367e-10 2.05527e-12 1.0222e-14 2.99761e-17
 1.90351e-11 2.06608e-09 1.32229e-07 4.9899e-06 0.000111031 0.00145677 0.0112707 0.0514308 0.138595 0.221931 0.217694 0.148643 0.095826 0.0648726 0.0341771 0.0114151 0.00228247 0.000269911 1.88312e-05 7.74769e-07 1.87964e-08 2.68877e-10 2.26788e-12 1.12795e-14 3.30771e-17
 1.9297e-11 2.0945e-09 1.34048e-07 5.05855e-06 0.000112559 0.00147681 0.0114257 0.0521369 0.140481 0.224815 0.219883 0.148415 0.0933717 0.0620716 0.0325152 0.0108464 0.00216821 0.000256387 1.78875e-05 7.35942e-07 1.78544e-08 2.55402e-10 2.15422e-12 1.07142e-14 3.14194e-17
 2.02707e-11 2.20019e-09 1.40812e-07 5.3138e-06 0.000118238 0.00155132 0.0120019 0.0547621 0.147493 0.23554 0.228018 0.147571 0.0842472 0.0516581 0.0263365 0.00873214 0.00174344 0.000206108 1.4379e-05 5.91587e-07 1.43522e-08 2.05305e-10 1.73167e-12 8.61258e-15 2.52565e-17
 1.96619e-11 2.13411e-09 1.36583e-07 5.15422e-06 0.000114688 0.00150474 0.0116416 0.0531208 0.143109 0.228835 0.222932 0.148099 0.0899519 0.0581688 0.0301995 0.010054 0.00200901 0.000237543 1.65726e-05 6.81839e-07 1.65418e-08 2.36626e-10 1.99585e-12 9.92652e-15 2.91096e-17
 2.00737e-11 2.1788e-09 1.39443e-07 5.26215e-06 0.000117089 0.00153625 0.0118853 0.0542308 0.146074 0.233369 0.226372 0.147742 0.0860937 0.0537655 0.0275869 0.00916001 0.0018294 0.000216284 1.5089e-05 6.20801e-07 1.5061e-08 2.15443e-10 1.81718e-12 9.03789e-15 2.65037e-17
 2.02649e-11 2.19956e-09 1.40771e-07 5.31227e-06 0.000118204 0.00155088 0.0119985 0.0547463 0.147451 0.235475 0.22797 0.147576 0.084302 0.0517207 0.0263736 0.00874485 0.00174599 0.000206411 1.44001e-05 5.92455e-07 1.43733e-08 2.05606e-10 1.73421e-12 8.62521e-15 2.52935e-17
 2.01129e-11 2.18306e-09 1.39716e-07 5.27244e-06 0.000117318 0.00153925 0.0119086 0.0543367 0.146357 0.233802 0.2267 0.147708 0.0857258 0.0533456 0.0273377 0.00907476 0.00181227 0.000214256 1.49476e-05 6.1498e-07 1.49198e-08 2.13423e-10 1.80014e-12 8.95315e-15 2.62552e-17
 2.05065e-11 2.22579e-09 1.4245e-07 5.37562e-06 0.000119614 0.00156937 0.0121415 0.0553978 0.149191 0.238137 0.229989 0.147367 0.0820375 0.0491363 0.0248402 0.00822014 0.00164057 0.000193933 1.35294e-05 5.56629e-07 1.35041e-08 1.93173e-10 1.62934e-12 8.10364e-15 2.3764e-17
 2.06942e-11 2.24616e-09 1.43754e-07 5.42483e-06 0.000120709 0.00158374 0.0122526 0.055904 0.150543 0.240204 0.231557 0.147204 0.0802783 0.0471285 0.0236489 0.0078125 0.00155867 0.000184239 1.28529e-05 5.28797e-07 1.28289e-08 1.83514e-10 1.54787e-12 7.69845e-15 2.25758e-17
 2.04732e-11 2.22216e-09 1.42218e-07 5.36687e-06 0.000119419 0.00156682 0.0121218 0.0553079 0.148951 0.237769 0.22971 0.147396 0.0823501 0.049493 0.0250518 0.00829256 0.00165512 0.000195655 1.36496e-05 5.61574e-07 1.36241e-08 1.94889e-10 1.64381e-12 8.17563e-15 2.39751e-17
 2.1081e-11 2.28814e-09 1.46441e-07 5.52621e-06 0.000122965 0.00161333 0.0124815 0.0569467 0.153328 0.244464 0.234789 0.146869 0.0766542 0.0429924 0.0211948 0.00697275 0.00138996 0.000164269 1.14594e-05 4.71462e-07 1.14379e-08 1.63616e-10 1.38004e-12 6.86373e-15 2.01279e-17
#obs surv len freq
 4.74189e-11 4.39462e-09 2.40147e-07 7.73788e-06 0.000147013 0.00164699 0.0108815 0.0424319 0.0980618 0.137256 0.128869 0.110765 0.112547 0.111367 0.095996 0.0722218 0.0442653 0.0213854 0.00846636 0.00278771 0.0007301 0.000143542 2.02553e-05 1.98211e-06 1.30666e-07
 3.01609e-11 2.69595e-09 1.42091e-07 4.41581e-06 8.09193e-05 0.000874456 0.00557596 0.0210441 0.0477706 0.0704864 0.0878446 0.123384 0.162215 0.161861 0.129546 0.0916253 0.0554461 0.0271721 0.0107072 0.00336654 0.000823087 0.000150896 1.98726e-05 1.80437e-06 1.09346e-07
 1.32735e-11 1.14236e-09 5.79708e-08 1.73463e-06 3.06069e-05 0.000318538 0.00195817 0.007164 0.0162065 0.0266534 0.0452618 0.0845342 0.134419 0.174273 0.189264 0.159057 0.0963515 0.043199 0.015478 0.00456241 0.00105948 0.000182621 2.23308e-05 1.87193e-06 1.04544e-07
 2.67684e-10 2.21456e-08 1.08028e-06 3.10725e-05 0.000526987 0.00527002 0.0310751 0.108047 0.221547 0.268081 0.192176 0.0837086 0.0267285 0.0140909 0.0150354 0.0145649 0.0104609 0.00559082 0.00223216 0.000661066 0.00014465 2.3121e-05 2.62323e-06 2.03735e-07 1.04965e-08
 1.84747e-10 1.46697e-08 6.86837e-07 1.89616e-05 0.000308667 0.00296305 0.016781 0.0562045 0.112729 0.143925 0.146076 0.160744 0.166793 0.119581 0.0531751 0.0151661 0.00361502 0.00120829 0.000498859 0.000165984 3.88471e-05 6.21161e-06 6.70826e-07 4.83752e-08 2.29484e-09
 4.32763e-10 3.29344e-08 1.47787e-06 3.9103e-05 0.000610059 0.00561218 0.030446 0.0974538 0.184561 0.209821 0.153772 0.0944052 0.070726 0.0603566 0.0470653 0.0289888 0.0122443 0.00327057 0.00055156 6.63376e-05 7.68145e-06 9.61935e-07 9.95185e-08 7.01308e-09 3.17916e-10
 5.49861e-10 4.00514e-08 1.72016e-06 4.35621e-05 0.00065049 0.00572777 0.0297481 0.0912567 0.166551 0.187546 0.151806 0.123395 0.106977 0.0741728 0.0379104 0.0159777 0.00594225 0.0018098 0.00041129 6.56143e-05 7.0748e-06 5.19041e-07 2.8068e-08 1.24501e-09 4.48311e-11
 8.093e-10 5.63489e-08 2.31339e-06 5.60014e-05 0.00079936 0.00672823 0.0334038 0.0979624 0.170996 0.184528 0.144233 0.114982 0.0999068 0.0732827 0.0429044 0.0205456 0.00744476 0.00186149 0.00031836 3.99041e-05 3.93787e-06 3.00403e-07 1.63179e-08 5.94043e-10 1.43126e-11
 9.63412e-10 6.40442e-08 2.51035e-06 5.802e-05 0.000790713 0.00635483 0.0301352 0.0845636 0.142518 0.154799 0.138084 0.136269 0.128247 0.0921648 0.0515278 0.023643 0.00835088 0.00208227 0.000359653 4.41244e-05 3.92149e-06 2.5193e-07 1.16018e-08 3.78978e-10 8.57303e-12
 1.29987e-09 8.24084e-08 3.08057e-06 6.79015e-05 0.000882529 0.0067646 0.0306011 0.0820099 0.13275 0.14192 0.132172 0.138264 0.133331 0.0999237 0.0600532 0.0287304 0.00987811 0.00226397 0.000345182 3.67428e-05 2.8793e-06 1.67897e-07 7.05794e-09 2.05801e-10 4.0538e-12
 2.46579e-09 1.48928e-07 5.30376e-06 0.000111373 0.00137903 0.0100695 0.0433819 0.110571 0.169027 0.165446 0.130794 0.115128 0.102449 0.075398 0.0454675 0.0215913 0.00727041 0.00163468 0.000247 2.60503e-05 1.96813e-06 1.05913e-07 3.97889e-09 1.02742e-10 1.80178e-12
 3.62778e-09 2.08537e-07 7.06829e-06 0.000141265 0.00166478 0.0115703 0.0474586 0.115325 0.169237 0.163724 0.136852 0.12686 0.10685 0.0679578 0.0337732 0.0135523 0.00406041 0.000836996 0.000117238 1.15472e-05 8.24364e-07 4.24113e-08 1.52607e-09 3.73052e-11 6.06727e-13
 5.2803e-09 2.88621e-07 9.3022e-06 0.00017678 0.00198101 0.0130925 0.0510787 0.118186 0.166011 0.157038 0.134054 0.127092 0.107006 0.0691651 0.0356105 0.0144315 0.00416328 0.000794533 9.97126e-05 8.56682e-06 5.29123e-07 2.39104e-08 7.74556e-10 1.74049e-11 2.63719e-13
 7.3742e-09 3.82952e-07 1.17263e-05 0.000211725 0.00225422 0.0141561 0.0525038 0.115778 0.15683 0.149576 0.138026 0.137069 0.112832 0.069598 0.0339589 0.0129756 0.00351334 0.000625947 7.26494e-05 5.68105e-06 3.12858e-07 1.23769e-08 3.47314e-10 6.75055e-12 8.91226e-14
 1.03398e-08 5.09765e-07 1.48189e-05 0.000254011 0.00256753 0.0153093 0.0539437 0.113333 0.14821 0.142758 0.140088 0.142728 0.116466 0.0718359 0.0352266 0.0132148 0.00341499 0.000569702 6.09819e-05 4.3298e-06 2.13611e-07 7.52095e-09 1.87438e-10 3.2237e-12 3.74182e-14
 1.86311e-08 8.71409e-07 2.40322e-05 0.000390803 0.00374748 0.0211964 0.0708195 0.140784 0.172462 0.150299 0.128561 0.118934 0.0934168 0.0575342 0.028329 0.0104373 0.00259994 0.000416493 4.30829e-05 2.98031e-06 1.43045e-07 4.81541e-09 1.11811e-10 1.75094e-12 1.82265e-14
 2.4294e-08 1.07733e-06 2.81701e-05 0.000434335 0.00394914 0.0211859 0.0672312 0.127823 0.154472 0.146098 0.146078 0.141231 0.103082 0.0553587 0.0233925 0.00761747 0.00173313 0.00025805 2.49983e-05 1.62655e-06 7.37678e-08 2.35878e-09 5.22322e-11 7.8024e-13 7.70713e-15
 3.96968e-08 1.66821e-06 4.13366e-05 0.000603971 0.00520397 0.0264544 0.0795299 0.143054 0.162573 0.142204 0.131323 0.122914 0.0931404 0.0555943 0.0261585 0.00889224 0.00199672 0.000286495 2.66329e-05 1.66621e-06 7.25621e-08 2.21131e-09 4.62412e-11 6.48362e-13 5.9994e-15
 5.7191e-08 2.2766e-06 5.34363e-05 0.000739584 0.00603666 0.0290771 0.0829213 0.142253 0.157734 0.142781 0.1392 0.128172 0.0908336 0.049778 0.0216596 0.00697853 0.00153314 0.000223831 2.20824e-05 1.50322e-06 7.04559e-08 2.22496e-09 4.63428e-11 6.29493e-13 5.54926e-15
 8.53065e-08 3.21563e-06 7.14726e-05 0.000936737 0.00724051 0.0330321 0.0892904 0.145721 0.155965 0.140858 0.138069 0.125033 0.0875007 0.0479095 0.0205395 0.00633342 0.00130313 0.000176217 1.61132e-05 1.03412e-06 4.71245e-08 1.49375e-09 3.19031e-11 4.47011e-13 4.03004e-15
 1.26083e-07 4.49947e-06 9.46801e-05 0.0011748 0.00859746 0.0371454 0.0952112 0.148195 0.15468 0.142248 0.141213 0.123767 0.0821751 0.0424252 0.0170729 0.00492321 0.00094403 0.00011837 9.96168e-06 5.8397e-07 2.42369e-08 7.02962e-10 1.38983e-11 1.83253e-13 1.58307e-15
 1.83076e-07 6.18438e-06 0.000123184 0.00144687 0.0100238 0.0410117 0.0997064 0.148252 0.151718 0.142788 0.143334 0.122551 0.0789862 0.0396644 0.015351 0.00418995 0.000752093 8.75808e-05 6.79258e-06 3.64294e-07 1.37625e-08 3.62348e-10 6.49271e-12 7.75489e-14 6.07903e-16
 2.70708e-07 8.65558e-06 0.000163187 0.00181425 0.0118979 0.0460955 0.10628 0.150879 0.15084 0.143066 0.14258 0.118284 0.0741132 0.0362732 0.0135273 0.00351091 0.000595704 6.55306e-05 4.80182e-06 2.4247e-07 8.55129e-09 2.07931e-10 3.40883e-12 3.70088e-14 2.62723e-16
 3.9644e-07 1.19979e-05 0.000214105 0.0022531 0.0139873 0.0513216 0.112296 0.15264 0.1503 0.144773 0.142919 0.114126 0.0684985 0.0320529 0.0113414 0.00277351 0.000442136 4.56876e-05 3.14651e-06 1.49305e-07 4.94026e-09 1.12395e-10 1.71777e-12 1.73064e-14 1.134e-16
 5.98441e-07 1.71436e-05 0.000289588 0.00288467 0.0169528 0.0589026 0.122217 0.158435 0.151307 0.14346 0.137572 0.105959 0.061779 0.0280951 0.00954394 0.00221612 0.000334289 3.27419e-05 2.14315e-06 9.6614e-08 3.02227e-09 6.45679e-11 9.21429e-13 8.63555e-15 5.25071e-17
 7.41949e-07 2.0121e-05 0.000321759 0.00303447 0.0168899 0.0556776 0.110489 0.141566 0.145718 0.155945 0.154352 0.114754 0.0633297 0.0270954 0.0086343 0.00187971 0.000266148 2.45185e-05 1.51245e-06 6.43032e-08 1.89547e-09 3.80911e-11 5.10229e-13 4.4768e-15 2.54053e-17
 1.11165e-06 2.85424e-05 0.000432134 0.00385856 0.0203355 0.063494 0.119499 0.145909 0.144675 0.150161 0.145011 0.107901 0.0613655 0.0268815 0.00844201 0.00175158 0.000231781 1.97113e-05 1.1127e-06 4.31336e-08 1.16248e-09 2.14926e-11 2.66356e-13 2.16941e-15 1.14436e-17
 1.54436e-06 3.75467e-05 0.00053828 0.00455149 0.0227225 0.0672998 0.120892 0.144153 0.146182 0.15532 0.146346 0.10388 0.0561358 0.0233589 0.00698923 0.00139533 0.000180859 1.54073e-05 8.84946e-07 3.47203e-08 9.22236e-10 1.62653e-11 1.87527e-13 1.40128e-15 6.74815e-18
#pred catch len freq
 1.24034e-12 1.34627e-10 8.61613e-09 3.25154e-07 7.23601e-06 9.50013e-05 0.00073746 0.00342251 0.0100099 0.0223936 0.0521337 0.117221 0.188853 0.197534 0.145182 0.0918883 0.0579159 0.0362356 0.0230496 0.0155371 0.01138 0.0092023 0.00779853 0.00594809 0.00345485
 8.70336e-13 9.44668e-11 6.04591e-09 2.28163e-07 5.07801e-06 6.66986e-05 0.000518927 0.00243549 0.00748999 0.0194891 0.0546178 0.133093 0.217242 0.222651 0.152623 0.0843038 0.0459056 0.0253754 0.0139619 0.00778966 0.00459691 0.00304123 0.00224714 0.00161541 0.000930494
 3.60441e-13 3.91226e-11 2.50389e-09 9.44985e-08 2.1038e-06 2.76757e-05 0.00021701 0.00105759 0.00377441 0.0135207 0.0486906 0.129008 0.215503 0.225229 0.161395 0.0957814 0.0535716 0.0273558 0.012897 0.0060062 0.00285494 0.00145238 0.00084319 0.000525512 0.000286044
 4.06411e-12 4.4112e-10 2.82317e-08 1.06538e-06 2.37067e-05 0.000311082 0.00240843 0.0110291 0.0302554 0.0527715 0.0723126 0.105533 0.149308 0.162519 0.1413 0.111691 0.0778112 0.0447681 0.0219719 0.00957842 0.00382599 0.00150021 0.000634598 0.000303114 0.000143045
 1.48707e-11 1.61407e-09 1.033e-07 3.89824e-06 8.67409e-05 0.00113809 0.00880592 0.0402023 0.108594 0.175969 0.182444 0.15099 0.132861 0.107853 0.0605689 0.0216908 0.00563005 0.00171158 0.000808569 0.000394507 0.00016241 5.70893e-05 1.84883e-05 6.18997e-06 2.20983e-06
 1.27748e-11 1.38658e-09 8.87412e-08 3.34882e-06 7.45158e-05 0.000977706 0.00756551 0.0345525 0.0935125 0.152981 0.165387 0.15407 0.154491 0.131825 0.0739022 0.0250083 0.00501349 0.000593167 4.13884e-05 1.70287e-06 4.13129e-08 5.90987e-10 4.98999e-12 2.62228e-14 4.33005e-16
 1.49408e-11 1.62168e-09 1.03788e-07 3.91662e-06 8.71499e-05 0.00114346 0.00884746 0.0403922 0.109111 0.176837 0.183485 0.152192 0.134193 0.10866 0.0601576 0.0203052 0.00406857 0.000481323 3.35838e-05 1.38176e-06 3.35225e-08 4.7954e-10 4.045e-12 2.01228e-14 5.90597e-17
 1.56841e-11 1.70236e-09 1.08951e-07 4.11146e-06 9.14852e-05 0.00120034 0.00928736 0.0423961 0.114463 0.185023 0.189695 0.151548 0.127228 0.100711 0.0554412 0.0186913 0.00374433 0.000442944 3.09057e-05 1.27157e-06 3.08491e-08 4.41288e-10 3.7221e-12 1.85122e-14 5.42882e-17
 1.46121e-11 1.586e-09 1.01504e-07 3.83044e-06 8.52323e-05 0.0011183 0.00865289 0.0395059 0.106743 0.173216 0.180738 0.152477 0.137274 0.112176 0.0622437 0.021019 0.00421199 0.000498298 3.47683e-05 1.43049e-06 3.47048e-08 4.96442e-10 4.1873e-12 2.08259e-14 6.1072e-17
 1.44211e-11 1.56528e-09 1.00177e-07 3.78039e-06 8.41186e-05 0.00110369 0.00853988 0.0389911 0.105368 0.171113 0.179143 0.152643 0.139063 0.114218 0.0634554 0.0214336 0.00429529 0.000508158 3.54564e-05 1.4588e-06 3.53915e-08 5.06266e-10 4.27017e-12 2.1238e-14 6.22806e-17
 1.49263e-11 1.6201e-09 1.03686e-07 3.91281e-06 8.70651e-05 0.00114235 0.00883885 0.040353 0.109006 0.176677 0.183363 0.152205 0.134329 0.108815 0.0602499 0.0203368 0.00407492 0.000482074 3.36362e-05 1.38391e-06 3.35746e-08 4.80276e-10 4.05095e-12 2.01477e-14 5.90833e-17
 1.66057e-11 1.80239e-09 1.15353e-07 4.35306e-06 9.6861e-05 0.00127086 0.00983283 0.0448809 0.1211 0.195174 0.197396 0.150749 0.118591 0.0908542 0.0495929 0.0166901 0.00334227 0.000395354 2.75848e-05 1.13493e-06 2.75342e-08 3.93869e-10 3.32214e-12 1.65229e-14 4.84535e-17
 1.69082e-11 1.83523e-09 1.17454e-07 4.43236e-06 9.86255e-05 0.00129401 0.0100119 0.0456965 0.123279 0.198506 0.199923 0.150487 0.115757 0.0876189 0.0476733 0.0160333 0.00321031 0.000379734 2.64948e-05 1.09008e-06 2.64461e-08 3.78305e-10 3.19086e-12 1.587e-14 4.65388e-17
 1.60737e-11 1.74465e-09 1.11657e-07 4.21359e-06 9.37578e-05 0.00123015 0.00951795 0.0434465 0.117269 0.189314 0.192951 0.15121 0.123577 0.096544 0.0529689 0.0178453 0.00357437 0.000422826 2.95018e-05 1.2138e-06 2.94477e-08 4.21242e-10 3.55302e-12 1.76712e-14 5.18209e-17
 1.70557e-11 1.85123e-09 1.18479e-07 4.47101e-06 9.94857e-05 0.0013053 0.0100991 0.0460941 0.124341 0.20013 0.201156 0.150359 0.114375 0.0860419 0.0467376 0.0157131 0.00314597 0.00037212 2.59635e-05 1.06822e-06 2.59158e-08 3.70718e-10 3.12687e-12 1.55517e-14 4.56055e-17
 1.71321e-11 1.85952e-09 1.19009e-07 4.49104e-06 9.99312e-05 0.00131114 0.0101444 0.0463 0.124891 0.200971 0.201794 0.150293 0.113659 0.0852249 0.0462529 0.0155472 0.00311265 0.000368175 2.56882e-05 1.0569e-06 2.5641e-08 3.66788e-10 3.09372e-12 1.53868e-14 4.5122e-17
 1.81244e-11 1.96723e-09 1.25902e-07 4.75116e-06 0.000105719 0.00138708 0.0107317 0.0489754 0.132037 0.2119 0.210085 0.149432 0.10436 0.0746124 0.0399561 0.0133925 0.00267976 0.000316936 2.21127e-05 9.09783e-07 2.20719e-08 3.15733e-10 2.66309e-12 1.32451e-14 3.88413e-17
 1.75535e-11 1.90526e-09 1.21937e-07 4.60151e-06 0.000102389 0.00134339 0.0103938 0.0474363 0.127926 0.205613 0.205315 0.149927 0.10971 0.0807179 0.0435787 0.0146321 0.00292881 0.000346414 2.41697e-05 9.94419e-07 2.41253e-08 3.45105e-10 2.91083e-12 1.44772e-14 4.24546e-17
 1.77481e-11 1.92639e-09 1.23289e-07 4.65253e-06 0.000103524 0.00135828 0.010509 0.0479609 0.129327 0.207756 0.206941 0.149758 0.107886 0.0786366 0.0423438 0.0142096 0.00284391 0.000336365 2.34685e-05 9.65568e-07 2.34253e-08 3.35093e-10 2.82638e-12 1.40572e-14 4.12229e-17
 1.91672e-11 2.08042e-09 1.33146e-07 5.02453e-06 0.000111802 0.00146688 0.0113488 0.051787 0.139546 0.223386 0.218798 0.148528 0.094588 0.0634597 0.0333388 0.0111282 0.00222483 0.000263089 1.83552e-05 7.55183e-07 1.83212e-08 2.6208e-10 2.21055e-12 1.09943e-14 3.22409e-17
 1.88008e-11 2.04064e-09 1.30601e-07 4.92847e-06 0.000109665 0.00143884 0.011132 0.050799 0.136908 0.21935 0.215737 0.148846 0.0980217 0.0673786 0.035664 0.0119239 0.00238469 0.00028201 1.96755e-05 8.09507e-07 1.96392e-08 2.80933e-10 2.36956e-12 1.17852e-14 3.45602e-17
 1.87597e-11 2.03619e-09 1.30316e-07 4.9177e-06 0.000109425 0.0014357 0.0111077 0.0506883 0.136612 0.218898 0.215393 0.148881 0.0984067 0.0678179 0.0359247 0.0120131 0.00240261 0.000284131 1.98235e-05 8.15597e-07 1.97869e-08 2.83046e-10 2.38739e-12 1.18739e-14 3.48202e-17
 1.93834e-11 2.10388e-09 1.34648e-07 5.08119e-06 0.000113063 0.00148342 0.0114768 0.0523697 0.141103 0.225767 0.220604 0.148341 0.0925625 0.0611481 0.0319672 0.0106589 0.00213054 0.000251928 1.75764e-05 7.23139e-07 1.75438e-08 2.50959e-10 2.11675e-12 1.05278e-14 3.08728e-17
 1.92713e-11 2.09172e-09 1.3387e-07 5.05182e-06 0.000112409 0.00147485 0.0114105 0.0520676 0.140296 0.224532 0.219668 0.148438 0.0936125 0.0623464 0.0326782 0.0109022 0.00217942 0.000257713 1.79801e-05 7.3975e-07 1.79468e-08 2.56724e-10 2.16537e-12 1.07696e-14 3.1582e-17
 1.96404e-11 2.13178e-09 1.36434e-07 5.14858e-06 0.000114562 0.00150309 0.0116289 0.0530628 0.142954 0.228598 0.222752 0.148118 0.0901535 0.0583988 0.030336 0.0101007 0.0020184 0.000238654 1.66501e-05 6.85028e-07 1.66192e-08 2.37733e-10 2.00519e-12 9.97294e-15 2.92457e-17
 2.0099e-11 2.18156e-09 1.39619e-07 5.2688e-06 0.000117237 0.00153819 0.0119003 0.0542993 0.146257 0.233649 0.226584 0.14772 0.0858559 0.053494 0.0274258 0.00910489 0.00181833 0.000214973 1.49976e-05 6.17037e-07 1.49697e-08 2.14137e-10 1.80617e-12 8.9831e-15 2.6343e-17
 1.97628e-11 2.14506e-09 1.37284e-07 5.18066e-06 0.000115276 0.00151246 0.0117013 0.0533927 0.143836 0.229946 0.223775 0.148012 0.0890068 0.05709 0.0295594 0.00983499 0.00196501 0.000232335 1.62091e-05 6.66886e-07 1.6179e-08 2.31437e-10 1.95208e-12 9.70882e-15 2.84712e-17
 2.0096e-11 2.18122e-09 1.39598e-07 5.26799e-06 0.000117219 0.00153795 0.0118985 0.0542909 0.146235 0.233615 0.226558 0.147723 0.0858848 0.0535271 0.0274454 0.0091116 0.00181968 0.000215132 1.50087e-05 6.17495e-07 1.49808e-08 2.14296e-10 1.80751e-12 8.98977e-15 2.63626e-17
#obs catch len freq
 4.23617e-11 3.92593e-09 2.14536e-07 6.91264e-06 0.000131335 0.00147137 0.009722 0.0379269 0.0878536 0.12443 0.12286 0.11838 0.129132 0.12389 0.0978351 0.0689452 0.0425476 0.0217288 0.00907841 0.00306307 0.000809291 0.000161585 2.34504e-05 2.37599e-06 1.6206e-07
 6.51744e-11 5.82565e-09 3.07043e-07 9.54203e-06 0.000174853 0.00188933 0.0120398 0.0452897 0.101045 0.137068 0.126745 0.110711 0.113875 0.111775 0.0953426 0.0706298 0.0423628 0.0200302 0.00776151 0.00248683 0.000628267 0.000118195 1.58478e-05 1.46442e-06 9.06706e-08
 4.25795e-11 3.66453e-09 1.85962e-07 5.56441e-06 9.81777e-05 0.00102155 0.00627255 0.0228076 0.0500089 0.0720743 0.0900599 0.127102 0.164093 0.160302 0.126658 0.0884447 0.052485 0.0251372 0.00965415 0.00294369 0.000693327 0.000121531 1.51911e-05 1.30101e-06 7.39937e-08
 1.92533e-11 1.59283e-09 7.77002e-08 2.23494e-06 3.79078e-05 0.000379262 0.0022418 0.00789527 0.0172887 0.0280534 0.0479622 0.0888181 0.138673 0.177146 0.188657 0.154034 0.0904842 0.039511 0.0138165 0.00395303 0.000883077 0.000145258 1.6837e-05 1.33022e-06 6.96784e-08
 3.85613e-10 3.06194e-08 1.4336e-06 3.95774e-05 0.000644247 0.00618365 0.0349967 0.116791 0.229854 0.266981 0.18381 0.0771847 0.0244434 0.0136125 0.0145863 0.013744 0.00957567 0.00495911 0.00191282 0.000545454 0.000114455 1.74425e-05 1.87444e-06 1.37085e-07 6.61944e-09
 2.74656e-10 2.09021e-08 9.37942e-07 2.48171e-05 0.000387189 0.00356232 0.0193375 0.0620981 0.119606 0.147669 0.147633 0.160892 0.161943 0.111387 0.0474948 0.0131233 0.00314829 0.00108022 0.000437387 0.000139485 3.10748e-05 4.71028e-06 4.80313e-07 3.25705e-08 1.44716e-09
 6.42686e-10 4.68127e-08 2.01055e-06 5.0916e-05 0.000760294 0.00669433 0.0347599 0.1065 0.193123 0.210579 0.14914 0.09037 0.0676422 0.0571096 0.0436351 0.0259755 0.0104954 0.00267325 0.000431731 5.05774e-05 5.80327e-06 7.05314e-07 6.90963e-08 4.56862e-09 1.93591e-10
 8.29592e-10 5.77618e-08 2.37139e-06 5.74056e-05 0.000819403 0.00689696 0.0342421 0.10043 0.175386 0.189685 0.149349 0.11967 0.101082 0.0677306 0.0337113 0.0139684 0.00508622 0.00150049 0.000327667 4.99407e-05 5.12943e-06 3.5898e-07 1.85865e-08 7.86987e-10 2.67351e-11
 1.23188e-09 8.18907e-08 3.20988e-06 7.41876e-05 0.00101104 0.00812493 0.0385145 0.107862 0.179942 0.186286 0.141473 0.111071 0.0941847 0.0671492 0.0384059 0.0178898 0.0062373 0.0014933 0.00024519 2.96553e-05 2.82036e-06 2.05536e-07 1.05777e-08 3.6322e-10 8.23685e-12
 1.50349e-09 9.53171e-08 3.56311e-06 7.85376e-05 0.00102076 0.00782383 0.0353852 0.0947274 0.152489 0.159011 0.137837 0.132505 0.120382 0.0837468 0.0456881 0.0203972 0.00693787 0.00165726 0.000274241 3.22493e-05 2.74194e-06 1.67971e-07 7.3502e-09 2.27182e-10 4.83933e-12
 2.05578e-09 1.24164e-07 4.42185e-06 9.28541e-05 0.00114974 0.00839595 0.0361866 0.0924271 0.142801 0.146565 0.132583 0.134702 0.125426 0.0912788 0.0534757 0.0247204 0.00812844 0.00177567 0.000258562 2.63745e-05 1.98099e-06 1.10241e-07 4.3973e-09 1.21087e-10 2.24427e-12
 3.8879e-09 2.2349e-07 7.5751e-06 0.000151394 0.00178412 0.012399 0.050843 0.123363 0.179674 0.168139 0.128199 0.109302 0.0940242 0.0672781 0.0395002 0.0180772 0.00581296 0.00124537 0.000179628 1.81108e-05 1.30596e-06 6.68245e-08 2.37817e-09 5.79847e-11 9.57045e-13
 5.74704e-09 3.14133e-07 1.01244e-05 0.000192406 0.0021561 0.0142491 0.0555797 0.128468 0.179529 0.166127 0.13395 0.1197 0.0967714 0.059444 0.0287383 0.0111606 0.00320238 0.000629345 8.4129e-05 7.92216e-06 5.39982e-07 2.64077e-08 8.99e-10 2.0712e-11 3.1649e-13
 8.47686e-09 4.40215e-07 1.34798e-05 0.000243383 0.00259122 0.0162707 0.0603125 0.13262 0.177183 0.159883 0.13078 0.11873 0.0958724 0.0599546 0.0299795 0.011694 0.00321437 0.000582484 6.95253e-05 5.69934e-06 3.36167e-07 1.44622e-08 4.43812e-10 9.40445e-12 1.33873e-13
 1.19973e-08 5.91481e-07 1.71943e-05 0.000294728 0.00297901 0.0177605 0.0625391 0.130954 0.16856 0.153044 0.134618 0.12733 0.100281 0.0597674 0.0282846 0.0103879 0.00267631 0.000452045 4.97997e-05 3.70684e-06 1.94519e-07 7.31572e-09 1.94373e-10 3.56341e-12 4.42278e-14
 1.70039e-08 7.95303e-07 2.19333e-05 0.000356674 0.00342028 0.0193479 0.0646805 0.128947 0.160094 0.146518 0.136561 0.13227 0.103345 0.0616456 0.0292558 0.0105082 0.00257614 0.000406507 4.12144e-05 2.78003e-06 1.30521e-07 4.36608e-09 1.02977e-10 1.66955e-12 1.82098e-14
 3.03803e-08 1.34723e-06 3.52272e-05 0.000543137 0.00493807 0.0264819 0.0838899 0.158116 0.183594 0.151405 0.122204 0.107108 0.0805949 0.0480257 0.0228261 0.00802639 0.00189348 0.000286769 2.80962e-05 1.84552e-06 8.41454e-08 2.68395e-09 5.88306e-11 8.67003e-13 8.47301e-15
 3.99778e-08 1.68002e-06 4.16292e-05 0.000608248 0.0052409 0.0266441 0.0801295 0.14439 0.165381 0.14808 0.139859 0.12803 0.0891927 0.0461918 0.0188641 0.00588019 0.0012689 0.000178659 1.63886e-05 1.01226e-06 4.36017e-08 1.32066e-09 2.75923e-11 3.87546e-13 3.58974e-15
 6.48914e-08 2.58313e-06 6.06311e-05 0.000839153 0.00684898 0.0329805 0.0939219 0.160037 0.17224 0.142441 0.124182 0.110378 0.0803242 0.0463616 0.0209614 0.006771 0.00143628 0.000194585 1.71193e-05 1.01608e-06 4.19775e-08 1.21003e-09 2.38449e-11 3.14101e-13 2.72391e-15
 9.41742e-08 3.54989e-06 7.8902e-05 0.0010341 0.00799275 0.0364564 0.0984462 0.159878 0.167562 0.142646 0.130487 0.113707 0.0772052 0.0408783 0.0171137 0.00525146 0.00109303 0.000151179 1.41482e-05 9.1295e-07 4.04341e-08 1.20228e-09 2.35171e-11 2.99445e-13 2.4704e-15
 1.41691e-07 5.05647e-06 0.000106401 0.00132021 0.00966087 0.0417245 0.106757 0.164765 0.166073 0.139768 0.127455 0.109018 0.0731433 0.0386438 0.0158803 0.00464837 0.000904299 0.000115744 1.00446e-05 6.12258e-07 2.64244e-08 7.89712e-10 1.58377e-11 2.07731e-13 1.74896e-15
 2.10304e-07 7.10417e-06 0.000141504 0.00166201 0.0115131 0.0470822 0.114192 0.167914 0.164447 0.139865 0.128536 0.106247 0.0675625 0.0336148 0.0129506 0.00354163 0.000641499 7.6048e-05 6.06655e-06 3.37444e-07 1.32605e-08 3.6275e-10 6.73946e-12 8.32478e-14 6.71922e-16
 3.07095e-07 9.81902e-06 0.000185121 0.00205806 0.0134952 0.0522561 0.120173 0.168587 0.161134 0.139148 0.128873 0.103926 0.0641646 0.0310075 0.0114615 0.0029614 0.000501501 5.51513e-05 4.04991e-06 2.05889e-07 7.35939e-09 1.82658e-10 3.07441e-12 3.43938e-14 2.51903e-16
 4.5582e-07 1.37949e-05 0.000246172 0.00259047 0.0160791 0.058952 0.128526 0.171868 0.159565 0.137633 0.12608 0.0986426 0.0592072 0.0278415 0.00989483 0.00242787 0.000388422 4.03377e-05 2.79683e-06 1.33721e-07 4.4558e-09 1.02009e-10 1.56946e-12 1.59503e-14 1.05756e-16
 6.67833e-07 1.91314e-05 0.000323164 0.00321904 0.0189151 0.0656764 0.135837 0.173616 0.157879 0.13745 0.124627 0.0938908 0.0539634 0.0242278 0.008158 0.00188451 0.000283149 2.76136e-05 1.79879e-06 8.07718e-08 2.52344e-09 5.40143e-11 7.74183e-13 7.29616e-15 4.46238e-17
 1.00591e-06 2.72793e-05 0.000436218 0.00411345 0.0228829 0.0752373 0.147504 0.179446 0.157272 0.133687 0.117392 0.0852888 0.0475984 0.0207303 0.0066887 0.00146571 0.000208332 1.92562e-05 1.19179e-06 5.08006e-08 1.49887e-09 3.0099e-11 4.02535e-13 3.52701e-15 2.00083e-17
 1.2839e-06 3.29649e-05 0.000499084 0.00445613 0.0234791 0.0732236 0.137072 0.163656 0.15207 0.144821 0.131795 0.0925697 0.048862 0.0199944 0.00604636 0.00124174 0.000165644 1.43984e-05 8.39553e-07 3.37336e-08 9.37315e-10 1.76945e-11 2.21991e-13 1.81998e-15 9.63088e-18
 1.90702e-06 4.63635e-05 0.000664662 0.00561945 0.0280382 0.0828247 0.147005 0.167032 0.149071 0.137531 0.122343 0.0862261 0.0469074 0.019584 0.00581503 0.00113567 0.000141395 1.13341e-05 6.0433e-07 2.21344e-08 5.62386e-10 9.76901e-12 1.1339e-13 8.62791e-16 4.24279e-18
#spawning biomass
 29231.8 28407.5 19015.7 12717.5 25372.9 38266.6 63080.9 107308 150320 176037 168416 166733 195104 218370 209654 202545 232667 221033 204162 239918 249932 201070 249896 238086 227196 254404 218940 229965 273188 529631 473113 366546 263970 184895 130693 96139.2 75153.4 62834 55777.5 51808.4 49606 48396.5 47736 47374.1 47182.2 47080.5 47026.6 46998 46982.9 46974.9 46970.6 46968.4 46967.2 46966.5 46966.2 46966 46965.9 46965.9 46965.8 46965.8 46965.8 46965.8 46965.8 46965.8 46965.8 46965.8 46965.8 46965.8 46965.8 46965.8 46965.8 46965.8 46965.8 46965.8 46965.8 46965.8 46965.8 46965.8 46965.8 46965.8 46965.8 46965.8 46965.8 46965.8 46965.8 46965.8 46965.8 46965.8 46965.8 46965.8 46965.8 46965.8 46965.8 46965.8 46965.8 46965.8 46965.8 46965.8 46965.8 46965.8 46965.8 46965.8 46965.8 46965.8 46965.8 46965.8 46965.8 46965.8 46965.8 46965.8 46965.8 46965.8 46965.8 46965.8 46965.8 46965.8 46965.8 46965.8 46965.8 46965.8 46965.8 46965.8 46965.8 46965.8 46965.8 46965.8 46965.8 46965.8 0 0 0 0 0 0 0 0 0 0 0 0 0 0 0 0 0 0 0 0 0 0 0 0 0
