SBPRF35
0.112882
Curr Bio
370.27
B35
402.296
F35
2.0043
FOFL
2.0043
OFL
140.682
Bzero
32247.4
#pred survey bio
 1402.53 1104.26 847.423 694.113 591.52 536.959 500.217 480.237 469.791 457.114 452.022 453.739 448.494 447.628 449.615 453.269 461.669 467.159 469.703 468.908 470.118 475.558 476.636 471.9 465.568 461.207 462.008 458.443 462.298 465.235 461.771 461.223 455.907 455.76 455.268 449.129 446.025 439.283 437.221 426.375 417.279 403.743 385.756 363.14 336.053 320.274 302.615 296.377 280.561 275.64 266.788 260.241 246.351 234.281 228.388 221.519 218.407 215.321 215.223 217.34 211.402 203.1 199.834 202.044 195.535 196.768 199.498 192.249 190.507 190.613 192.029 190.489 186.55 197.009 199.677 203.454 202.22 190.141 197.481 210.199 212.768 217.841 216.474 221.843 223.2 225.569 227.09 214.962 210.83 205.175 209.088 208.351 212.673 222.088 212.099 188.907 144.435 30.0913 30.0154 149.667 10342.3 29877.2 66787.3 110192 138571 150644 156562 160109 162393 163891 164876 165523 165949 166227 166409 166528 166605 166655 166687 166708 166721 166730 166736 166739 166742 166743 166744 166745 166745 166746 166746 166746 166746 166746 166746 166746 166746 166746 166746 166746 166746 166746 166746 166746 166746 166746 166746 166746 166746 166746 166746 166746 166746 166746 166746 166746 166746 166746 166746 166746 166746 166746 166746 166746 166746 166746 166746 166746 166746 166746 166746 166746 166746 166746 166746 166746 166746 166746 166746 166746 166746 166746 166746 166746 166746 166746 166746 166746 166746 166746 166746 166746 166746 166746 166746 166746 166746 166746 166746 166746 0 0 0 0 0 0 0 0 0 0 0 0 0 0 0 0 0 0 0 0 0 0 0 0 0
#obs survey bio
 750.917 732.664 632.777 439.518 412.662 587.79 429.762 333.891 367.545 497.134 404.514 380.106 419.714 410.61 410.11 417.467 451.939 477.455 442.183 401.002 576.385 422.181 489.501 398.338 393.544 544.433 529.553 398.624 512.949 351.644 354.229 416.349 439.748 584.789 300.592 491.595 472.745 321.73 298.625 331.406 344.913 538.44 311.19 255.709 345.936 284.127 329.962 338.482 314.86 377.803 249.586 211.11 246.29 183.266 271.527 289.194 302.476 266.503 186.224 155.18 193.585 241.412 222.968 200.378 239.389 202.98 203.214 175.327 190.876 310.813 199.205 257.08 186.594 154.212 214.066 270.219 253.917 231.922 243.148 271.488 256.778 249.873 208.874 215.804 196.658 344.42 279.804 274.781 171.681 200.408 278.112 216.584 337.553 300.184 246.642 282.119 205.59 40.6493 44.2197 50.7382
#pred catch bio
 131.91 167.374 120.79 109.362 84.7613 81.2888 72.0092 66.1827 71.7994 66.0204 60.0958 69.3846 66.4097 64.9476 64.6304 60.0833 62.992 65.2579 67.6601 63.9027 57.1167 59.8686 65.2756 67.205 65.8617 60.9051 66.7124 59.411 60.7455 68.1923 64.9867 70.0107 63.8056 63.243 68.5486 63.8235 66.1063 58.8786 66.8928 63.8571 68.2447 73.9294 81.6344 91.3433 84.0318 91.2605 82.3609 96.6419 86.7631 92.7838 90.8726 100.312 99.6487 94.0934 96.7319 93.5063 94.7665 92.8278 91.9029 102.862 106.554 100.896 94.7569 106.297 98.5053 98.6554 112.932 109.547 112.291 116.392 125.945 134.561 122.578 139.307 143.257 153.031 169.104 149.25 153.753 178.236 181.895 193.598 185.961 192.211 191.622 193.583 208.746 193.298 193.698 181.925 189.78 185.669 183.335 208.252 207.021 198.004 256.427 59.3254 41.3926 39.2957 140.682 486.988 1195.98 2654.97 3599.26 3791.95 3815.7 3818.19 3818.44 3818.46 3818.46 3818.46 3818.46 3818.46 3818.46 3818.46 3818.46 3818.46 3818.46 3818.46 3818.46 3818.46 3818.46 3818.46 3818.46 3818.46 3818.46 3818.46 3818.46 3818.46 3818.46 3818.46 3818.46 3818.46 3818.46 3818.46 3818.46 3818.46 3818.46 3818.46 3818.46 3818.46 3818.46 3818.46 3818.46 3818.46 3818.46 3818.46 3818.46 3818.46 3818.46 3818.46 3818.46 3818.46 3818.46 3818.46 3818.46 3818.46 3818.46 3818.46 3818.46 3818.46 3818.46 3818.46 3818.46 3818.46 3818.46 3818.46 3818.46 3818.46 3818.46 3818.46 3818.46 3818.46 3818.46 3818.46 3818.46 3818.46 3818.46 3818.46 3818.46 3818.46 3818.46 3818.46 3818.46 3818.46 3818.46 3818.46 3818.46 3818.46 3818.46 3818.46 3818.46 3818.46 3818.46 3818.46 3818.46 3818.46 3818.46 3818.46 0 0 0 0 0 0 0 0 0 0 0 0 0 0 0 0 0 0 0 0 0 0 0 0 0
#obs catch bio
 0 171.172 123.856 113.003 87.4816 84.0969 74.1903 68.055 74.1803 67.889 61.5255 71.783 68.5598 66.9787 66.6561 61.84 64.98 67.2694 69.7994 65.7638 58.2363 61.1182 66.714 68.8621 67.6688 62.258 68.5189 60.8692 62.081 70.3744 66.9696 72.4805 65.5825 64.7227 70.7162 65.6327 68.0579 60.1134 68.8179 65.488 70.2688 75.666 83.7452 94.565 86.2295 94.4478 84.5058 99.6253 88.4045 94.1473 92.0815 102.049 100.469 95.8355 98.5742 94.2334 95.1617 92.3608 91.8069 103.415 107.811 101.207 94.1573 105.836 97.1672 97.7427 112.261 110.318 111.029 112.787 123.131 130.44 120.646 135.974 138.565 146.08 160.599 140.815 144.211 166.071 170.482 184.818 177.763 184.094 181.776 178.926 194.198 181.791 181.908 171.291 178.432 173.285 168.443 192.09 192.596 182.047 225.281 50.7101 36.9228 38.326
#pred cpue bio
 1407.66 1090.08 816.012 653.668 546.589 490.852 453.841 434.358 424.4 410.96 405.128 406.513 400.17 398.54 399.768 402.507 410.79 416.783 420.333 420.52 422.821 429.593 431.344 426.388 419.421 414.457 415.036 410.669 414.344 417.133 413.324 413.376 408.506 409.116 409.18 403.375 401.678 396.339 395.872 385.461 377.018 363.733 345.139 320.731 290.595 272.333 252.113 244.763 227.227 221.56 212.152 205.712 191.077 177.69 170.773 162.942 159.196 155.301 153.95 154.858 147.828 138.951 135.6 137.702 130.11 129.882 131.336 122.45 117.986 114.057 111.278 105.986 98.3439 103.932 102.487 102.568 99.9176 88.0383 89.8883 94.0546 90.4468 91.4692 89.5234 93.1452 94.3956 96.0346 96.8636 88.9061 87.4682 83.1348 84.8609 83.9918 85.8833 91.1611 84.9153 76.4625 61.4479 4.28241 3.31329 15.1148 2284.83 8505.69 22040.4 52365.4 83733.2 98201.8 105035 108947 111383 112944 113956 114614 115044 115324 115507 115627 115704 115754 115786 115807 115820 115829 115835 115838 115841 115842 115843 115844 115844 115845 115845 115845 115845 115845 115845 115845 115845 115845 115845 115845 115845 115845 115845 115845 115845 115845 115845 115845 115845 115845 115845 115845 115845 115845 115845 115845 115845 115845 115845 115845 115845 115845 115845 115845 115845 115845 115845 115845 115845 115845 115845 115845 115845 115845 115845 115845 115845 115845 115845 115845 115845 115845 115845 115845 115845 115845 115845 115845 115845 115845 115845 115845 115845 115845 115845 115845 115845 115845 115845 115845 0 0 0 0 0 0 0 0 0 0 0 0 0 0 0 0 0 0 0 0 0 0 0 0 0
#obs cpue bio
 867.627 567.495 311.506 519.196 275.361 308.502 345.747 349.33 367.189 281.543 287.824 225.036 250.023 274.511 270.205 221.195 260.685 302.268 307.633 321.443 408.77 350.878 353.286 289.525 250.707 290.288 255.69 223.555 365.234 215.357 279.974 297.504 345.399 323.387 255.941 235.764 309.325 448.844 343.018 342.263 282.697 397.919 300.66 241.014 239.863 168.689 172.719 178.089 180.59 173.005 172.725 198.575 212.216 118.017 126.06 148.562 122.284 157.111 144.361 179.319 134.61 137.792 149.636 150.221 149.113 127.685 139.14 99.813 194.917 157.751 124.244 139.696 98.2172 214.104 190.913 200.352 192.115 189.173 210.765 229.887 184.514 142.377 184.272 199.505 275.28 291.591 216.441 179.412 264.035 213.044 189.91 248.906 247.962 220.676 211.09 216.309 209.111 31.1843 23.0734 29.0363
#pred surv len freq
 5.83919e-027 5.95187e-021 1.27792e-015 3.74309e-011 1.49563e-007 8.15249e-005 0.00606213 0.0614939 0.0850971 0.0164164 0.0142333 0.0739361 0.0545762 0.0229529 0.0682157 0.0452073 0.0561353 0.0576274 0.0623951 0.0642589 0.0678424 0.070898 0.0785187 0.0712211 0.0228305
 6.41087e-027 6.96274e-021 1.49497e-015 4.37883e-011 1.74965e-007 9.53712e-005 0.00709173 0.0719381 0.09955 0.0191872 0.0159698 0.0828511 0.0611362 0.025138 0.0741594 0.0481618 0.0553073 0.0552839 0.0567749 0.0573008 0.0599274 0.0617424 0.0659945 0.0611265 0.0212635
 6.92236e-027 7.86795e-021 1.68933e-015 4.94811e-011 1.97712e-007 0.00010777 0.00801371 0.0812906 0.112492 0.0216925 0.0184693 0.0958864 0.0707166 0.0280003 0.0815801 0.0524531 0.0577288 0.0555816 0.0518028 0.0490333 0.0490177 0.04957 0.0516413 0.0477003 0.0172214
 7.29779e-027 8.53292e-021 1.8321e-015 5.36631e-011 2.14422e-007 0.000116879 0.008691 0.088161 0.122 0.0235206 0.0198233 0.102883 0.0758966 0.0306068 0.0897034 0.0571859 0.0606216 0.0574941 0.051183 0.0446147 0.0406132 0.0387805 0.0392779 0.0357655 0.0130611
 7.56037e-027 8.99826e-021 1.93201e-015 5.65896e-011 2.26115e-007 0.000123252 0.00916496 0.0929688 0.128653 0.0248052 0.0209796 0.108896 0.0803213 0.0320744 0.0937063 0.0599131 0.0643 0.0602137 0.0512999 0.0428264 0.0355928 0.0303499 0.0288502 0.0256302 0.00933024
 7.68061e-027 9.21164e-021 1.97783e-015 5.79315e-011 2.31477e-007 0.000126175 0.0093823 0.0951735 0.131704 0.0253947 0.0215277 0.111749 0.0824303 0.0330481 0.0966757 0.061725 0.0658537 0.0619688 0.0534016 0.0432863 0.0339521 0.0258791 0.021763 0.0183594 0.00659933
 7.75939e-027 9.35155e-021 2.00787e-015 5.88114e-011 2.34993e-007 0.000128092 0.00952479 0.0966189 0.133704 0.0257811 0.0218843 0.113606 0.0838005 0.0336242 0.0983871 0.0628302 0.0670822 0.0629352 0.0538275 0.0438976 0.0337297 0.0237278 0.0172179 0.0131039 0.00458893
 7.81756e-027 9.45487e-021 2.03005e-015 5.94611e-011 2.37589e-007 0.000129507 0.00963002 0.0976864 0.135181 0.0260619 0.0219677 0.114013 0.0841031 0.0338043 0.0989714 0.0632478 0.0677379 0.0636351 0.0545592 0.0442983 0.0340164 0.0232076 0.0148381 0.00969034 0.0032202
 7.86424e-027 9.53775e-021 2.04785e-015 5.99824e-011 2.39672e-007 0.000130642 0.00971444 0.0985427 0.136366 0.0262871 0.022033 0.114332 0.0843324 0.0337311 0.0985997 0.0630644 0.0678019 0.063821 0.0550177 0.0448226 0.0343871 0.0232792 0.0138182 0.00760809 0.00231007
 7.9439e-027 9.67886e-021 2.07815e-015 6.08698e-011 2.43218e-007 0.000132575 0.00985817 0.100001 0.138384 0.0266732 0.0222491 0.115435 0.0851389 0.0338488 0.0987427 0.0630067 0.0670438 0.0630022 0.0541763 0.0442029 0.0340034 0.0229741 0.01317 0.00627462 0.00168228
 7.98795e-027 9.75691e-021 2.0949e-015 6.13606e-011 2.45179e-007 0.000133644 0.00993766 0.100807 0.1395 0.0268869 0.0223729 0.116069 0.0856027 0.0339335 0.0988919 0.0630508 0.066848 0.0626764 0.0535723 0.0436425 0.0336084 0.022763 0.0128589 0.00554538 0.00129936
 7.99165e-027 9.76352e-021 2.09632e-015 6.14022e-011 2.45345e-007 0.000133735 0.0099444 0.100875 0.139594 0.0269053 0.022396 0.11619 0.0856909 0.0339444 0.0989005 0.0630677 0.0669206 0.0627758 0.0537048 0.0436313 0.0335213 0.0227342 0.0127908 0.00519554 0.00108333
 8.02761e-027 9.82715e-021 2.10999e-015 6.18024e-011 2.46944e-007 0.000134606 0.0100092 0.101533 0.140504 0.0270814 0.0225696 0.117095 0.0863561 0.0341434 0.0994148 0.0632852 0.0666282 0.0623116 0.0529024 0.0428407 0.0327697 0.0221489 0.0124407 0.00489342 0.00093829
 8.06687e-027 9.89664e-021 2.12491e-015 6.22394e-011 2.4869e-007 0.000135558 0.01008 0.102251 0.141498 0.0272691 0.0225788 0.117118 0.0863751 0.0341988 0.0996227 0.0634111 0.0667258 0.0622952 0.052585 0.0423394 0.0322027 0.0216592 0.0121159 0.00468565 0.000853069
 8.10379e-027 9.96199e-021 2.13894e-015 6.26504e-011 2.50332e-007 0.000136453 0.0101465 0.102926 0.142432 0.0274467 0.0226323 0.11738 0.0865624 0.0341097 0.0992049 0.0631789 0.0666419 0.0622416 0.0525492 0.0421518 0.0318447 0.021268 0.0118246 0.00452256 0.000799637
 8.10164e-027 9.95816e-021 2.13811e-015 6.26263e-011 2.50236e-007 0.000136401 0.0101426 0.102886 0.142377 0.0274394 0.022751 0.118017 0.0870282 0.0341875 0.0993262 0.0631913 0.0663551 0.0620068 0.0524905 0.0421328 0.0317413 0.0210358 0.0115977 0.00439298 0.000763786
 8.0316e-027 9.83423e-021 2.1115e-015 6.18469e-011 2.47122e-007 0.000134703 0.0100164 0.101606 0.140605 0.0271042 0.0227174 0.117883 0.0869363 0.0343389 0.0999503 0.0635981 0.066826 0.0624604 0.0529277 0.0426383 0.0322206 0.0212914 0.011634 0.00436123 0.000749487
 7.96514e-027 9.71664e-021 2.08626e-015 6.11074e-011 2.44167e-007 0.000133092 0.00989665 0.100391 0.138924 0.0267841 0.0225984 0.11729 0.0865089 0.0344463 0.100534 0.0640341 0.0675817 0.0631681 0.0534791 0.043086 0.0326451 0.0216322 0.0117624 0.0043622 0.00074198
 7.91452e-027 9.62711e-021 2.06703e-015 6.05443e-011 2.41917e-007 0.000131866 0.00980545 0.0994659 0.137644 0.0265392 0.0224651 0.11661 0.0860134 0.0344164 0.100612 0.0641904 0.0682479 0.0638823 0.0542216 0.0436532 0.0330564 0.0219591 0.0119491 0.00439624 0.000740153
 7.89995e-027 9.60137e-021 2.06151e-015 6.03824e-011 2.4127e-007 0.000131513 0.00977924 0.0992 0.137276 0.0264669 0.0223532 0.116021 0.0855814 0.0343167 0.100392 0.0641039 0.0684108 0.0641562 0.0547293 0.0441495 0.0334387 0.0222047 0.0121071 0.00444079 0.00074108
 7.88097e-027 9.56781e-021 2.0543e-015 6.01714e-011 2.40427e-007 0.000131054 0.00974506 0.0988533 0.136796 0.0263738 0.0222507 0.115485 0.0851851 0.0341267 0.0998082 0.0638041 0.0684381 0.0643459 0.0552848 0.0448563 0.0341422 0.0226964 0.0123816 0.00454131 0.000753681
 7.84124e-027 9.49756e-021 2.03922e-015 5.97296e-011 2.38662e-007 0.000130091 0.0096735 0.0981274 0.135792 0.0261801 0.0220889 0.114646 0.0845667 0.033905 0.0991861 0.0634683 0.0683768 0.0645372 0.0560835 0.0459102 0.0352895 0.0236138 0.0129054 0.0047356 0.000784137
 7.83882e-027 9.49331e-021 2.03831e-015 5.97029e-011 2.38555e-007 0.000130033 0.00966918 0.0980836 0.135731 0.0261666 0.0220065 0.114206 0.0842422 0.0337629 0.098759 0.0631873 0.0680407 0.0642676 0.0560349 0.0462525 0.0359728 0.0243491 0.0133977 0.00492466 0.000815072
 7.86821e-027 9.5453e-021 2.04947e-015 6.00298e-011 2.39862e-007 0.000130745 0.00972213 0.0986207 0.136474 0.0263088 0.0220841 0.114603 0.08453 0.0337543 0.098613 0.0630347 0.0675974 0.0637268 0.0553052 0.0456639 0.035753 0.0245272 0.013663 0.00505088 0.000836854
 7.90836e-027 9.6163e-021 2.06471e-015 6.04763e-011 2.41646e-007 0.000131718 0.00979445 0.0993543 0.137489 0.0265031 0.0221938 0.115163 0.0849409 0.0338476 0.0988151 0.0630809 0.0672544 0.0632508 0.0545386 0.0448013 0.0349988 0.0241944 0.0136816 0.00511477 0.000850731
 7.94771e-027 9.68591e-021 2.07966e-015 6.09141e-011 2.43395e-007 0.000132671 0.00986535 0.100073 0.138485 0.0266928 0.0222696 0.115543 0.0852186 0.0338965 0.0988975 0.0631049 0.0671428 0.063033 0.0540546 0.0441642 0.0342714 0.0236491 0.0135159 0.00512985 0.000860159
 7.95258e-027 9.69451e-021 2.08151e-015 6.09682e-011 2.43611e-007 0.000132789 0.00987411 0.100162 0.138608 0.0267168 0.0223006 0.115705 0.0853363 0.0338775 0.0987788 0.0630469 0.0671667 0.063101 0.0541949 0.0441672 0.0340825 0.0233592 0.0133712 0.0051448 0.000873067
 7.99145e-027 9.76327e-021 2.09627e-015 6.14007e-011 2.45339e-007 0.000133731 0.00994414 0.100873 0.139591 0.0269046 0.0223939 0.116179 0.0856844 0.0339838 0.0990555 0.0631332 0.0668333 0.0626775 0.0536219 0.0436492 0.0335769 0.0228503 0.0130084 0.00504015 0.000866403
 7.98701e-027 9.75541e-021 2.09458e-015 6.13512e-011 2.45141e-007 0.000133623 0.00993613 0.100792 0.139478 0.026883 0.0223768 0.11609 0.0856183 0.0339349 0.0988923 0.0630866 0.0670531 0.0629071 0.0538252 0.0437795 0.0336449 0.0228165 0.012893 0.00499223 0.00086644
 7.95652e-027 9.70145e-021 2.083e-015 6.10119e-011 2.43785e-007 0.000132884 0.00988118 0.100234 0.138707 0.0267386 0.022423 0.116357 0.0858151 0.0340077 0.099099 0.0631999 0.0670899 0.0629962 0.054053 0.0439751 0.0337687 0.0228603 0.0128494 0.00494912 0.000862234
 7.93738e-027 9.66754e-021 2.07572e-015 6.07986e-011 2.42933e-007 0.00013242 0.00984664 0.0998837 0.138222 0.026649 0.0224971 0.116767 0.0861221 0.0342728 0.100009 0.0637028 0.0672523 0.0629709 0.0536454 0.0435971 0.0334565 0.0226127 0.0126672 0.0048497 0.00084363
 7.9038e-027 9.60814e-021 2.06296e-015 6.0425e-011 2.41441e-007 0.000131606 0.00978613 0.09927 0.137373 0.0264864 0.0224023 0.116281 0.0857711 0.0343322 0.100378 0.0640294 0.0680219 0.0636667 0.0540672 0.0437258 0.0334382 0.0225802 0.0126193 0.00480733 0.000832579
 7.91794e-027 9.63317e-021 2.06834e-015 6.05824e-011 2.4207e-007 0.000131949 0.00981163 0.0995286 0.137731 0.0265533 0.0223798 0.116152 0.0856758 0.0343045 0.100308 0.0640169 0.06816 0.0638295 0.0542378 0.0436995 0.0331979 0.0223074 0.0124407 0.00472112 0.000813537
 7.91736e-027 9.63218e-021 2.06812e-015 6.05763e-011 2.42045e-007 0.000131936 0.00981063 0.0995184 0.137717 0.0265488 0.0223059 0.115757 0.0853829 0.0341366 0.0997692 0.0637378 0.0681715 0.0640057 0.0547729 0.0442669 0.0335925 0.0224219 0.0124405 0.00470516 0.000807182
 7.88569e-027 9.57614e-021 2.05609e-015 6.02238e-011 2.40636e-007 0.000131168 0.00975354 0.0989394 0.136915 0.0263985 0.0223413 0.115967 0.0855349 0.0341188 0.0996412 0.0636407 0.0680018 0.0639395 0.0550042 0.044724 0.0341303 0.0227557 0.0125387 0.0047178 0.000806234
 7.84241e-027 9.49953e-021 2.03964e-015 5.9742e-011 2.38711e-007 0.000130118 0.00967551 0.0981478 0.13582 0.0261937 0.0224114 0.11637 0.0858381 0.0343916 0.100582 0.0641483 0.0680996 0.063881 0.0546635 0.0445119 0.0341533 0.0228962 0.012583 0.0047019 0.000799912
 7.7936e-027 9.41319e-021 2.0211e-015 5.9199e-011 2.36542e-007 0.000128936 0.00958757 0.0972558 0.134585 0.0259559 0.0222202 0.11538 0.0851189 0.0344282 0.101005 0.0645285 0.0690154 0.0647248 0.055236 0.0448407 0.034406 0.0232078 0.0128062 0.0047634 0.000805792
 7.79383e-027 9.41364e-021 2.0212e-015 5.92018e-011 2.36553e-007 0.000128942 0.00958803 0.0972604 0.134592 0.0259544 0.022112 0.114801 0.0846916 0.0342489 0.100475 0.0643051 0.0693168 0.0651365 0.0558022 0.0451985 0.0345374 0.0232957 0.0129312 0.00481383 0.000810274
 7.77012e-027 9.37171e-021 2.0122e-015 5.89381e-011 2.35499e-007 0.000128368 0.00954532 0.0968272 0.133992 0.0258385 0.0220012 0.114224 0.084263 0.0339995 0.0996729 0.0638621 0.0691818 0.0653123 0.0567019 0.0462341 0.0354017 0.0238014 0.0132338 0.00494747 0.000831318
 7.7762e-027 9.38245e-021 2.0145e-015 5.90057e-011 2.35769e-007 0.000128515 0.00955626 0.0969382 0.134146 0.0258705 0.02212 0.114855 0.0847259 0.0341039 0.0998967 0.0638771 0.0685977 0.0646521 0.0560109 0.0459857 0.0355125 0.0239275 0.013279 0.00497853 0.000837892
 7.7737e-027 9.37802e-021 2.01355e-015 5.89778e-011 2.35658e-007 0.000128454 0.00955175 0.0968924 0.134083 0.0258581 0.0221055 0.114779 0.0846743 0.0342053 0.10031 0.0641207 0.0687535 0.0646504 0.0556378 0.0455861 0.0353691 0.024054 0.0133772 0.00501654 0.000846383
 7.82696e-027 9.47224e-021 2.03378e-015 5.95704e-011 2.38026e-007 0.000129745 0.00964772 0.0978659 0.13543 0.026114 0.0221723 0.115102 0.0849101 0.0342438 0.100369 0.0641406 0.068687 0.0644304 0.0550114 0.044716 0.0344814 0.0235481 0.0132027 0.00496021 0.000838149
 7.93039e-027 9.65519e-021 2.07306e-015 6.07209e-011 2.42623e-007 0.000132251 0.00983405 0.0997561 0.138045 0.0266142 0.0224366 0.116447 0.0858936 0.0343787 0.100511 0.0641004 0.0680275 0.0635699 0.0537061 0.0432143 0.0329056 0.0223052 0.012567 0.00475046 0.000804156
 8.10754e-027 9.96856e-021 2.14035e-015 6.26917e-011 2.50497e-007 0.000136543 0.0101532 0.102994 0.142526 0.0274703 0.0228657 0.118626 0.0874897 0.0347039 0.101153 0.0642356 0.0668741 0.0619816 0.0512077 0.0405806 0.030362 0.0202534 0.0113425 0.00431139 0.000732758
 8.3401e-027 1.03799e-020 2.22866e-015 6.52784e-011 2.60833e-007 0.000142177 0.0105722 0.107243 0.148407 0.0285981 0.023585 0.122322 0.0901959 0.0352422 0.102192 0.0645246 0.0654081 0.0598107 0.0475082 0.0365985 0.0265808 0.0173101 0.00952858 0.00361378 0.000617039
 8.47002e-027 1.06096e-020 2.27799e-015 6.67233e-011 2.66607e-007 0.000145324 0.0108062 0.109617 0.151691 0.0292316 0.0241286 0.125145 0.0922679 0.0357791 0.103474 0.0650961 0.0648482 0.0587738 0.045377 0.0338513 0.0235808 0.0147977 0.00791913 0.00296299 0.000506273
 8.58895e-027 1.08199e-020 2.32314e-015 6.80457e-011 2.71891e-007 0.000148204 0.0110203 0.11179 0.154698 0.0298144 0.0247423 0.12835 0.0946251 0.0365316 0.105482 0.0660189 0.0641317 0.0574224 0.0426872 0.030858 0.0205288 0.0122253 0.00625966 0.00227993 0.000386653
 8.62724e-027 1.08876e-020 2.33767e-015 6.84715e-011 2.73592e-007 0.000149131 0.0110893 0.112489 0.155666 0.0300005 0.0248772 0.129046 0.0951454 0.0369257 0.106812 0.066837 0.064842 0.0577586 0.0420568 0.0295917 0.0188712 0.0106364 0.0051235 0.00178503 0.000296997
 8.76218e-027 1.11262e-020 2.38891e-015 6.99723e-011 2.79588e-007 0.0001524 0.0113324 0.114955 0.159078 0.0306572 0.0253889 0.131696 0.0970873 0.0373588 0.10774 0.0671361 0.0637761 0.0562221 0.0395572 0.0270505 0.0165307 0.00881674 0.00396295 0.00129471 0.000208052
 8.78218e-027 1.11616e-020 2.3965e-015 7.01945e-011 2.80476e-007 0.000152884 0.0113683 0.11532 0.159583 0.030757 0.025565 0.132624 0.0977731 0.0376501 0.108606 0.0676312 0.064024 0.0562474 0.0390248 0.0261063 0.0153711 0.00779259 0.00326604 0.000986274 0.000150203
 8.78163e-027 1.11605e-020 2.39627e-015 7.01878e-011 2.8045e-007 0.00015287 0.0113673 0.115309 0.159568 0.0307635 0.0259335 0.134596 0.0992246 0.038149 0.109981 0.0683011 0.0637565 0.0556544 0.0377901 0.0248429 0.0141923 0.00686958 0.00269499 0.000747559 0.00010602
 8.83847e-027 1.12611e-020 2.41787e-015 7.08203e-011 2.82977e-007 0.000154247 0.0114697 0.116348 0.161006 0.0310324 0.0258399 0.134058 0.0988412 0.0383776 0.111015 0.0688746 0.0639464 0.0555604 0.037051 0.0239336 0.0133169 0.00621426 0.00229794 0.000586246 7.65181e-005
 9.01818e-027 1.1579e-020 2.48612e-015 7.28196e-011 2.90966e-007 0.000158602 0.0117935 0.119633 0.165551 0.0319005 0.026257 0.136171 0.100376 0.0383142 0.110172 0.0681589 0.0623447 0.0536467 0.0345079 0.0217243 0.0116861 0.00526236 0.00185165 0.000437503 5.23359e-005
 9.14006e-027 1.17945e-020 2.5324e-015 7.4175e-011 2.96382e-007 0.000161554 0.012013 0.121859 0.168633 0.0324966 0.0268369 0.139194 0.102585 0.0386436 0.11059 0.0680002 0.060185 0.0512747 0.0319225 0.0194675 0.0100104 0.00432013 0.00145028 0.000320652 3.52733e-005
 9.24078e-027 1.19727e-020 2.57066e-015 7.52956e-011 3.00859e-007 0.000163995 0.0121945 0.1237 0.17118 0.0329804 0.026961 0.139791 0.103028 0.0388804 0.111335 0.0682504 0.0593858 0.0501482 0.0301815 0.0179351 0.00884345 0.00362273 0.0011531 0.000239928 2.44769e-005
 9.28923e-027 1.20583e-020 2.58904e-015 7.5834e-011 3.0301e-007 0.000165167 0.0122817 0.124585 0.172404 0.0332238 0.0274517 0.142385 0.104922 0.0390988 0.111449 0.0681449 0.0584334 0.048912 0.0283903 0.016356 0.00770695 0.00300104 0.000897725 0.000175177 1.66883e-005
 9.35846e-027 1.21808e-020 2.61534e-015 7.66044e-011 3.06089e-007 0.000166845 0.0124065 0.125851 0.174156 0.0335532 0.0274132 0.142133 0.104747 0.0393258 0.112394 0.0685302 0.0578179 0.048164 0.0274702 0.0154561 0.0069727 0.00257636 0.000723777 0.000131522 1.16978e-005
 9.46371e-027 1.2367e-020 2.65532e-015 7.77755e-011 3.10768e-007 0.000169396 0.0125961 0.127774 0.176818 0.0340596 0.0275753 0.142931 0.105319 0.0390912 0.111262 0.0678218 0.0571277 0.0473311 0.026294 0.0145362 0.00635875 0.00223732 0.000589675 9.9492e-005 8.2196e-006
 9.52243e-027 1.24709e-020 2.67763e-015 7.84288e-011 3.13378e-007 0.000170819 0.0127019 0.128848 0.178303 0.0343443 0.0277516 0.143836 0.105976 0.0390576 0.110874 0.0674351 0.0560721 0.0463825 0.0256837 0.0139984 0.00595392 0.00202288 0.000503469 7.88328e-005 6.02459e-006
 9.49975e-027 1.24307e-020 2.669e-015 7.81761e-011 3.12369e-007 0.000170268 0.012661 0.128433 0.177729 0.0342402 0.0279193 0.144748 0.106646 0.0392563 0.111386 0.0676674 0.0558765 0.046093 0.025259 0.0137156 0.00577148 0.00190407 0.000453416 6.63631e-005 4.68577e-006
 9.53327e-027 1.24899e-020 2.6817e-015 7.85483e-011 3.13856e-007 0.000171079 0.0127213 0.129044 0.178575 0.0344105 0.0283401 0.146977 0.108285 0.0397484 0.112656 0.0680498 0.0542722 0.0442311 0.0231574 0.0122651 0.0050343 0.00163113 0.000375109 5.19633e-005 3.40943e-006
 9.63395e-027 1.2668e-020 2.71994e-015 7.96683e-011 3.18331e-007 0.000173518 0.0129027 0.130884 0.181121 0.0348973 0.0285928 0.148263 0.109231 0.040073 0.113544 0.0682472 0.0527429 0.0423567 0.0207808 0.0105176 0.00407402 0.00127333 0.000284724 3.78027e-005 2.33164e-006
 9.66897e-027 1.27299e-020 2.73324e-015 8.00578e-011 3.19887e-007 0.000174366 0.0129658 0.131524 0.182007 0.0350675 0.0287174 0.148906 0.109699 0.0400855 0.113412 0.0681589 0.0526251 0.0420555 0.0200276 0.00976434 0.00352684 0.0010327 0.000220184 2.81841e-005 1.65597e-006
 9.71216e-027 1.28064e-020 2.74967e-015 8.05389e-011 3.2181e-007 0.000175414 0.0130437 0.132314 0.1831 0.0352669 0.0284414 0.147402 0.108597 0.0398458 0.112909 0.0679757 0.0530739 0.042588 0.0206115 0.00999881 0.00348944 0.000954397 0.000188678 2.28755e-005 1.28821e-006
 9.86972e-027 1.30851e-020 2.80951e-015 8.22917e-011 3.28813e-007 0.000179232 0.0133276 0.135194 0.187085 0.0360312 0.0289336 0.149931 0.110427 0.0395867 0.111188 0.0665686 0.0501487 0.0398438 0.0185967 0.00891123 0.00307238 0.000808753 0.000148262 1.65688e-005 8.81819e-007
 9.90435e-027 1.31464e-020 2.82266e-015 8.26769e-011 3.30353e-007 0.000180071 0.0133899 0.135827 0.187961 0.0361985 0.0290191 0.150365 0.110747 0.0396972 0.11149 0.0666001 0.0494272 0.0390879 0.0178911 0.00841652 0.00282615 0.000732604 0.000128785 1.32762e-005 6.52304e-007
 9.89704e-027 1.31334e-020 2.81988e-015 8.25954e-011 3.30027e-007 0.000179894 0.0133767 0.135693 0.187776 0.0361657 0.0291023 0.150815 0.111076 0.0397614 0.111613 0.066669 0.0494544 0.0390228 0.0176172 0.0081875 0.00268466 0.000676772 0.000116013 1.13745e-005 5.15114e-007
 1.01142e-026 1.35176e-020 2.90237e-015 8.50116e-011 3.39681e-007 0.000185156 0.013768 0.139662 0.193269 0.0372105 0.0294363 0.15246 0.112268 0.0396438 0.110684 0.0655528 0.0458328 0.0355658 0.0150264 0.00672206 0.00210798 0.000512949 8.4854e-005 8.03476e-006 3.43611e-007
 1.03928e-026 1.40106e-020 3.00821e-015 8.81119e-011 3.52069e-007 0.000191908 0.0142702 0.144756 0.200317 0.0385412 0.0294794 0.152507 0.112278 0.0389718 0.108064 0.0637292 0.0431936 0.0330728 0.0130403 0.00554073 0.00161199 0.000371135 5.86082e-005 5.33069e-006 2.18725e-007
 1.05266e-026 1.42472e-020 3.05902e-015 8.96e-011 3.58015e-007 0.00019515 0.0145112 0.1472 0.2037 0.0391987 0.0302317 0.156443 0.115129 0.0386405 0.105669 0.061905 0.0398978 0.0301204 0.0111679 0.00450171 0.0011949 0.000252336 3.69868e-005 3.18653e-006 1.25193e-007
 1.06215e-026 1.44151e-020 3.09506e-015 9.06558e-011 3.62234e-007 0.000197449 0.0146822 0.148935 0.2061 0.0396609 0.0306015 0.158359 0.116533 0.0389409 0.106281 0.0616909 0.036856 0.027273 0.00930901 0.00353487 0.00085719 0.000163776 2.15528e-005 1.70491e-006 6.31885e-008
 1.08457e-026 1.48118e-020 3.18024e-015 9.31506e-011 3.72202e-007 0.000202883 0.0150862 0.153034 0.211772 0.0407382 0.0308887 0.159748 0.11753 0.0385623 0.104416 0.0601188 0.0334177 0.0241286 0.00722638 0.00249337 0.000534102 9.12784e-005 1.06106e-005 7.44171e-007 2.52074e-008
 1.10412e-026 1.51576e-020 3.25449e-015 9.53255e-011 3.80893e-007 0.00020762 0.0154384 0.156607 0.216717 0.0416908 0.0316685 0.163792 0.120454 0.0380911 0.101445 0.0577614 0.0287956 0.020167 0.00524123 0.00159436 0.000283884 4.12517e-005 4.12113e-006 2.50827e-007 7.49264e-009
 1.10488e-026 1.51711e-020 3.25738e-015 9.541e-011 3.8123e-007 0.000207804 0.0154521 0.156745 0.216909 0.0417216 0.0314551 0.162645 0.119627 0.0382953 0.102555 0.0583786 0.0290138 0.0202384 0.00504719 0.00145336 0.000225188 2.73623e-005 2.22782e-006 1.13728e-007 2.91617e-009
 1.11588e-026 1.53657e-020 3.29917e-015 9.66342e-011 3.86122e-007 0.00021047 0.0156504 0.158757 0.219692 0.0422572 0.0318674 0.164778 0.121163 0.0378567 0.100255 0.0567789 0.0267243 0.0183692 0.0042929 0.00116266 0.000165589 1.76523e-005 1.16893e-006 4.7474e-008 1.00016e-009
 1.10977e-026 1.52574e-020 3.27591e-015 9.59528e-011 3.83399e-007 0.000208986 0.01554 0.157637 0.218143 0.0419792 0.0324276 0.167815 0.123385 0.0382228 0.100813 0.056797 0.0251799 0.017034 0.0037338 0.000946453 0.000123726 1.19592e-005 6.88588e-007 2.26229e-008 3.73781e-010
 1.11324e-026 1.53188e-020 3.2891e-015 9.63393e-011 3.84943e-007 0.000209828 0.0156026 0.158272 0.219021 0.0421497 0.0326104 0.168771 0.124087 0.038425 0.101319 0.056745 0.0233846 0.0154919 0.00310485 0.000713283 8.44551e-005 7.29455e-006 3.71933e-007 1.05307e-008 1.4052e-010
 1.16032e-026 1.6152e-020 3.46799e-015 1.01579e-010 4.0588e-007 0.00022124 0.0164512 0.16688 0.230933 0.0443964 0.0325942 0.168374 0.123738 0.0367006 0.0947489 0.0524571 0.0184356 0.0116596 0.00199733 0.000371938 3.73292e-005 2.67781e-006 1.17103e-007 2.87084e-009 3.26613e-011
 1.18169e-026 1.65302e-020 3.5492e-015 1.03958e-010 4.15384e-007 0.000226421 0.0168365 0.170788 0.236341 0.0454124 0.0324265 0.167336 0.122944 0.0356221 0.09087 0.0502981 0.0176308 0.0111137 0.00181562 0.000309379 2.68565e-005 1.53944e-006 5.45194e-008 1.10938e-009 1.07479e-011
 1.19194e-026 1.67116e-020 3.58813e-015 1.05098e-010 4.19941e-007 0.000228904 0.0170211 0.172662 0.238934 0.0459049 0.0325652 0.168011 0.123415 0.035039 0.0884248 0.0488421 0.0165887 0.0103692 0.00168655 0.000283866 2.34075e-005 1.18469e-006 3.3944e-008 5.40213e-010 4.22019e-012
 1.19659e-026 1.67937e-020 3.60577e-015 1.05615e-010 4.22005e-007 0.000230029 0.0171048 0.17351 0.240108 0.0461524 0.0335816 0.173417 0.127329 0.0345501 0.0850106 0.0464868 0.0133126 0.00787185 0.00115936 0.000161554 1.24865e-005 5.7413e-007 1.46314e-008 1.9064e-010 1.14954e-012
 1.18734e-026 1.66299e-020 3.57059e-015 1.04584e-010 4.17888e-007 0.000227785 0.0169379 0.171817 0.237766 0.0457209 0.0339887 0.175656 0.128977 0.0351041 0.0865196 0.047077 0.01221 0.00694448 0.000940077 0.000105353 7.17913e-006 2.66747e-007 6.0444e-009 6.96236e-011 3.51387e-013
 1.19347e-026 1.67384e-020 3.59389e-015 1.05267e-010 4.20614e-007 0.000229271 0.0170484 0.172938 0.239317 0.0460148 0.0340373 0.175876 0.12913 0.0349064 0.0856903 0.0464769 0.0112522 0.00621197 0.000793435 7.31953e-005 4.44234e-006 1.27486e-007 2.32198e-009 2.18438e-011 9.59295e-014
 1.17996e-026 1.64993e-020 3.54256e-015 1.03763e-010 4.14607e-007 0.000225997 0.0168049 0.170468 0.235899 0.0453733 0.0341682 0.176665 0.129724 0.0354869 0.0877151 0.0476731 0.0120647 0.00678033 0.000866207 7.96251e-005 4.64076e-006 1.13947e-007 1.72341e-009 1.24658e-011 4.32915e-014
 1.17784e-026 1.64618e-020 3.53451e-015 1.03527e-010 4.13665e-007 0.000225484 0.0167668 0.170081 0.235363 0.0452682 0.0340102 0.175834 0.129128 0.0357312 0.0888927 0.0483407 0.0123743 0.00698858 0.000903338 8.6569e-005 5.07887e-006 1.23376e-007 1.73966e-009 1.05375e-011 2.88381e-014
 1.18027e-026 1.65048e-020 3.54375e-015 1.03798e-010 4.14746e-007 0.000226073 0.0168106 0.170526 0.235978 0.0453786 0.0337894 0.174636 0.128255 0.0356676 0.0889839 0.0484728 0.0128518 0.0073582 0.000962571 9.60979e-005 5.74973e-006 1.46371e-007 2.09961e-009 1.23844e-011 3.03037e-014
 1.1721e-026 1.63601e-020 3.51267e-015 1.02888e-010 4.11109e-007 0.00022409 0.0166632 0.16903 0.233909 0.0449961 0.0341007 0.176356 0.129512 0.0358424 0.0891788 0.048601 0.0130092 0.00747813 0.000990171 0.000102858 6.25883e-006 1.6574e-007 2.46199e-009 1.51192e-011 3.71826e-014
 1.17484e-026 1.64085e-020 3.52306e-015 1.03192e-010 4.12324e-007 0.000224753 0.0167124 0.16953 0.2346 0.0451416 0.0346886 0.179483 0.131776 0.0355483 0.0871602 0.0472075 0.011068 0.00602517 0.000762086 6.76884e-005 3.97336e-006 1.01881e-007 1.50913e-009 9.48852e-012 2.40936e-014
 1.18501e-026 1.65887e-020 3.56175e-015 1.04325e-010 4.16852e-007 0.000227221 0.016896 0.171392 0.237177 0.0456127 0.0341059 0.176299 0.129458 0.0354919 0.0878328 0.0475659 0.0111062 0.00602895 0.000743986 5.96012e-005 3.32169e-006 7.54025e-008 1.04766e-009 6.42746e-012 1.64202e-014
 1.20987e-026 1.70286e-020 3.65621e-015 1.07092e-010 4.27908e-007 0.000233247 0.0173441 0.175937 0.243467 0.0467943 0.033906 0.175065 0.128515 0.0341815 0.0831129 0.0449606 0.0102538 0.00550539 0.000670367 5.05171e-005 2.71277e-006 5.5142e-008 6.89445e-010 3.76128e-012 9.03173e-015
 1.1982e-026 1.68221e-020 3.61187e-015 1.05793e-010 4.22719e-007 0.000230419 0.0171337 0.173804 0.240514 0.0462494 0.0343803 0.17768 0.130425 0.034423 0.0833153 0.0450899 0.0103975 0.00561195 0.000688581 5.36949e-005 2.88932e-006 5.70251e-008 6.76416e-010 3.31315e-012 7.07798e-015
 1.20516e-026 1.69452e-020 3.6383e-015 1.06567e-010 4.25812e-007 0.000232105 0.0172591 0.175075 0.242274 0.0465759 0.0341642 0.176478 0.129547 0.0343352 0.0833101 0.0449948 0.00986894 0.00520295 0.000631803 4.70593e-005 2.50978e-006 4.97448e-008 5.85035e-010 2.75e-012 5.44372e-015
 1.21514e-026 1.71219e-020 3.67623e-015 1.07678e-010 4.30251e-007 0.000234524 0.0174391 0.176901 0.2448 0.0470431 0.0337983 0.174455 0.128063 0.033963 0.0824392 0.0445893 0.0101336 0.00543122 0.000658438 4.85733e-005 2.57388e-006 5.00099e-008 5.83263e-010 2.75182e-012 5.36328e-015
 1.1931e-026 1.67319e-020 3.59249e-015 1.05226e-010 4.20451e-007 0.000229182 0.0170418 0.172871 0.239224 0.0460046 0.0343243 0.177414 0.13024 0.0346672 0.0843354 0.0457313 0.0110255 0.00606964 0.000755473 6.25844e-005 3.41548e-006 6.7843e-008 7.97593e-010 3.72953e-012 7.25649e-015
 1.18576e-026 1.66017e-020 3.56455e-015 1.04407e-010 4.1718e-007 0.0002274 0.0169093 0.171527 0.237363 0.045673 0.0350896 0.181556 0.133257 0.0347873 0.0836342 0.0450818 0.00941968 0.00484654 0.000584026 4.2017e-005 2.23137e-006 4.50074e-008 5.34384e-010 2.50185e-012 4.83442e-015
 1.07482e-026 1.46376e-020 3.14284e-015 9.20551e-011 3.67825e-007 0.000200497 0.0149088 0.151234 0.209282 0.0404735 0.0389346 0.202856 0.148874 0.0383957 0.0916136 0.0491725 0.00913368 0.00438891 0.000502752 2.70568e-005 1.28097e-006 2.19536e-008 2.3614e-010 1.09741e-012 2.12124e-015
 9.95876e-027 1.32402e-020 2.84281e-015 8.32672e-011 3.32711e-007 0.000181357 0.0134855 0.136796 0.189304 0.0367165 0.039403 0.205882 0.151253 0.0434418 0.110259 0.0589576 0.00961629 0.00421836 0.000465217 1.86291e-005 7.47558e-007 9.83889e-009 7.95618e-011 3.06636e-013 5.35786e-016
 1.87345e-026 2.87758e-020 6.17844e-015 1.80969e-010 7.231e-007 0.000394152 0.0293089 0.297307 0.411419 0.0780964 0.0189079 0.0904599 0.0660196 0.00677421 0.000870518 0.000411881 2.95982e-005 2.90339e-007 3.9487e-010 1.63862e-013 1.82358e-016 4.78577e-020 1.73363e-024 2.48295e-027 2.47253e-027
 2.05016e-026 3.19046e-020 6.85024e-015 2.00646e-010 8.01724e-007 0.000437009 0.0324957 0.329634 0.456152 0.0863319 0.0109232 0.0465808 0.0339891 0.00338739 5.97156e-005 7.33546e-006 5.21244e-007 5.11176e-009 6.83866e-012 1.24824e-015 3.12745e-020 1.61135e-025 2.47714e-027 2.47328e-027 2.47193e-027
 2.102e-026 3.28226e-020 7.04733e-015 2.06419e-010 8.24791e-007 0.000449583 0.0334306 0.339119 0.469276 0.0887463 0.00850858 0.0333223 0.0243146 0.00247428 0.000240666 0.000109565 7.87224e-006 7.72102e-008 1.03847e-010 2.68275e-014 1.59608e-017 4.10622e-021 1.50828e-025 2.47379e-027 2.47177e-027
#obs surv len freq
 nan nan nan nan nan nan nan nan nan nan nan nan nan nan nan nan nan nan nan nan nan nan nan nan nan
 4.91074e-027 7.72912e-021 1.65953e-015 4.86081e-011 1.94224e-007 0.000105869 0.00787234 0.0798564 0.110508 0.0213176 0.0184473 0.0958196 0.0706602 0.0277759 0.0807218 0.0515639 0.0552054 0.0534576 0.0510376 0.0495014 0.0502767 0.0512597 0.0541922 0.0512503 0.0191704
 5.27869e-027 8.30825e-021 1.78387e-015 5.22501e-011 2.08777e-007 0.000113801 0.00846219 0.0858398 0.118788 0.0229157 0.0198609 0.103167 0.0760781 0.0298941 0.0868614 0.0552892 0.0582115 0.0548984 0.0484397 0.0439303 0.0424086 0.0424145 0.0445814 0.0421016 0.015744
 5.54072e-027 8.72067e-021 1.87242e-015 5.48438e-011 2.1914e-007 0.00011945 0.00888225 0.0901008 0.124684 0.0240515 0.0207802 0.107933 0.0795936 0.0313143 0.0910261 0.0579375 0.0609748 0.0572271 0.049366 0.041987 0.0370751 0.0348171 0.0358366 0.0336995 0.0125941
 5.6974e-027 8.96727e-021 1.92537e-015 5.63947e-011 2.25337e-007 0.000122828 0.00913342 0.0926487 0.12821 0.0247332 0.0214296 0.111315 0.082085 0.032218 0.0935784 0.0595833 0.0628077 0.0589539 0.0507705 0.0424408 0.0351247 0.0296883 0.0286751 0.0265699 0.00991165
 5.79744e-027 9.12473e-021 1.95918e-015 5.7385e-011 2.29294e-007 0.000124985 0.0092938 0.0942756 0.130461 0.0251677 0.0218158 0.113322 0.0835678 0.0328674 0.0955299 0.0607821 0.063866 0.0599486 0.0516636 0.0431235 0.0350039 0.0272307 0.0234568 0.0207894 0.00770853
 5.85758e-027 9.21937e-021 1.9795e-015 5.79802e-011 2.31672e-007 0.000126281 0.0093902 0.0952534 0.131815 0.0254284 0.0220282 0.114423 0.0843804 0.0332033 0.0965229 0.0614541 0.0647583 0.0607548 0.0522527 0.0436314 0.0353311 0.0265356 0.0203102 0.0164224 0.0059781
 5.90921e-027 9.30065e-021 1.99695e-015 5.84913e-011 2.33715e-007 0.000127395 0.00947298 0.0960931 0.132977 0.0256507 0.0221463 0.115025 0.0848235 0.0333623 0.0969705 0.0617476 0.0651104 0.0611424 0.0527112 0.0439627 0.0355672 0.0264549 0.0186909 0.0133182 0.00464605
 5.91689e-027 9.31273e-021 1.99954e-015 5.85673e-011 2.34018e-007 0.00012756 0.00948528 0.096218 0.133149 0.0256869 0.0222886 0.115782 0.0853786 0.0334956 0.0972747 0.0619402 0.0653099 0.0613487 0.0529536 0.0442546 0.0358149 0.0265515 0.0179803 0.0112934 0.00366637
 5.93394e-027 9.33957e-021 2.00531e-015 5.87361e-011 2.34693e-007 0.000127928 0.00951262 0.0964953 0.133533 0.0257596 0.0223027 0.115847 0.0854314 0.0336423 0.0978232 0.0622426 0.0654073 0.0614106 0.052975 0.0443023 0.0359193 0.026627 0.0176514 0.0100211 0.00296784
 5.94333e-027 9.35435e-021 2.00848e-015 5.8829e-011 2.35064e-007 0.00012813 0.00952767 0.0966479 0.133744 0.0258 0.0223215 0.115943 0.0854999 0.0336172 0.0977011 0.0622316 0.065707 0.0616675 0.0530782 0.0443634 0.0359875 0.0267201 0.0175385 0.0092739 0.00250171
 5.96276e-027 9.38492e-021 2.01504e-015 5.90213e-011 2.35832e-007 0.000128549 0.00955881 0.0969639 0.134181 0.0258841 0.0223856 0.116274 0.0857433 0.0336799 0.0978495 0.0622719 0.0654977 0.0614998 0.0530331 0.044243 0.0358245 0.0266092 0.0173962 0.0087855 0.00218941
 5.96804e-027 9.39324e-021 2.01683e-015 5.90736e-011 2.36041e-007 0.000128663 0.00956728 0.0970498 0.1343 0.0259081 0.0224491 0.116611 0.085991 0.0337647 0.098083 0.0624008 0.0655375 0.0614536 0.0528105 0.0440951 0.0356819 0.0264516 0.0172516 0.00847226 0.00199187
 5.97066e-027 9.39735e-021 2.01771e-015 5.90995e-011 2.36145e-007 0.000128719 0.00957148 0.0970923 0.134359 0.0259195 0.0224601 0.116668 0.0860349 0.0338316 0.0983261 0.0625494 0.0656633 0.0615424 0.0527961 0.0439584 0.0355309 0.026321 0.0171138 0.00826314 0.00186921
 5.96746e-027 9.39232e-021 2.01663e-015 5.90678e-011 2.36018e-007 0.00012865 0.00956635 0.0970403 0.134287 0.0259043 0.0223951 0.116322 0.0857807 0.0337516 0.0981148 0.0624782 0.0658872 0.0618183 0.0531456 0.0442326 0.035672 0.0263816 0.0171158 0.00817249 0.00180434
 5.97367e-027 9.4021e-021 2.01873e-015 5.91293e-011 2.36264e-007 0.000128784 0.00957631 0.0971413 0.134427 0.025931 0.0224102 0.116399 0.0858349 0.0337052 0.097913 0.0623421 0.0657116 0.0617133 0.0532234 0.0443759 0.0357986 0.0264137 0.0170927 0.0081003 0.0017612
 5.95685e-027 9.37561e-021 2.01305e-015 5.89628e-011 2.35598e-007 0.000128421 0.00954933 0.0968677 0.134048 0.0258603 0.0224389 0.116563 0.0859554 0.0337461 0.0980252 0.0623912 0.0656588 0.0616564 0.0531925 0.0444614 0.035969 0.0265467 0.0171309 0.00807229 0.00173776
 5.967e-027 9.3916e-021 2.01648e-015 5.90633e-011 2.36e-007 0.00012864 0.00956561 0.0970328 0.134277 0.0259024 0.0223986 0.116342 0.0857957 0.0337814 0.0982236 0.0624986 0.0656799 0.0616197 0.0530319 0.0443134 0.0359177 0.0265863 0.017145 0.00804088 0.00171913
 5.95998e-027 9.38054e-021 2.0141e-015 5.89938e-011 2.35722e-007 0.000128489 0.00955436 0.0969186 0.134119 0.0258736 0.0224396 0.116565 0.0859572 0.0337555 0.0980618 0.062439 0.0658206 0.061742 0.053063 0.0442518 0.0358263 0.0265731 0.017172 0.00803105 0.00170811
 5.96402e-027 9.38691e-021 2.01547e-015 5.90338e-011 2.35882e-007 0.000128576 0.00956084 0.0969844 0.13421 0.0258895 0.0223876 0.116284 0.0857531 0.033758 0.0981495 0.0624689 0.0657324 0.0617237 0.0532258 0.0443695 0.0358521 0.0265663 0.0172051 0.00804538 0.00170493
 5.96882e-027 9.39446e-021 2.01709e-015 5.90813e-011 2.36072e-007 0.00012868 0.00956853 0.0970624 0.134318 0.0259104 0.022409 0.116396 0.0858326 0.0337095 0.0979307 0.0623587 0.0657521 0.0617095 0.0531276 0.044385 0.0359016 0.0265528 0.017194 0.00804983 0.00170301
