SBPRF35
0.256306
Curr Bio
157043
B35
209422
F35
0.393682
FOFL
0.297193
OFL
47393.2
Bzero
73230.3
#pred survey bio
 29547.3 23129 17866.7 15269.5 24582.9 40820.8 56650.3 68695.6 92633 126858 152685 185754 229530 251841 259002 238961 218420 217628 210029 221151 216792 207596 227390 269510 258042 256758 246629 245345 230910 8.21453e+06 4.54005e+06 3.30906e+06 2.28028e+06 1.60724e+06 1.2135e+06 995766 878285 815133 780807 761743 750858 744452 740569 738150 736609 735616 734968 734540 734255 734065 733937 733851 733793 733754 733728 733710 733698 733690 733684 733681 733678 733677 733675 733675 733674 733674 733673 733673 733673 733673 733673 733673 733673 733673 733673 733673 733673 733673 733673 733673 733673 733673 733673 733673 733673 733673 733673 733673 733673 733673 733673 733673 733673 733673 733673 733673 733673 733673 733673 733673 733673 733673 733673 733673 733673 733673 733673 733673 733673 733673 733673 733673 733673 733673 733673 733673 733673 733673 733673 733673 733673 733673 733673 733673 733673 733673 733673 733673 733673 0 0 0 0 0 0 0 0 0 0 0 0 0 0 0 0 0 0 0 0 0 0 0 0 0
#obs survey bio
 33025.7 20161.6 11393.2 19443.9 32945.1 50312 72487.2 66862.9 118422 98064.4 113962 259471 175438 269654 384763 253457 239498 168029 277481 186810 274177 204269 240865 229038 285030 226932 245903 229757 290435
#pred catch bio
 6237.21 3764.83 3773.06 2651.56 4161.53 7852.01 14444.2 16951 23187.7 45542.6 55433.5 65964.9 95356.1 98521.8 108920 107505 88148.6 91479.8 82212.2 96966 96493.9 83309.6 85663.2 127816 110634 104090 96323.1 109945 96897.8 47393.2 57163.5 40343.7 26729.2 18153.9 13364.1 10869.7 9626.34 9023.86 8737.38 8602.89 8540.29 8511.33 8497.98 8491.85 8489.04 8487.75 8487.17 8486.9 8486.78 8486.72 8486.7 8486.69 8486.68 8486.68 8486.68 8486.68 8486.68 8486.68 8486.68 8486.68 8486.68 8486.68 8486.68 8486.68 8486.68 8486.68 8486.68 8486.68 8486.68 8486.68 8486.68 8486.68 8486.68 8486.68 8486.68 8486.68 8486.68 8486.68 8486.68 8486.68 8486.68 8486.68 8486.68 8486.68 8486.68 8486.68 8486.68 8486.68 8486.68 8486.68 8486.68 8486.68 8486.68 8486.68 8486.68 8486.68 8486.68 8486.68 8486.68 8486.68 8486.68 8486.68 8486.68 8486.68 8486.68 8486.68 8486.68 8486.68 8486.68 8486.68 8486.68 8486.68 8486.68 8486.68 8486.68 8486.68 8486.68 8486.68 8486.68 8486.68 8486.68 8486.68 8486.68 8486.68 8486.68 8486.68 8486.68 8486.68 8486.68 0 0 0 0 0 0 0 0 0 0 0 0 0 0 0 0 0 0 0 0 0 0 0 0 0
#obs catch bio
 3877.61 3748.97 4042.02 2680.21 4091.84 7588.96 13683.8 16189.6 22025.5 44119.5 53504.8 60385.1 93705.1 93916.8 104490 105533 84756.2 93337.4 79438.3 101752 94473.7 82826.3 85065 133747 110543 104376 95156.5 112417 96502.1
#pred cpue bio
 28704.6 22833.4 17694.2 14562.1 22202.1 37754.5 53239 64469.7 85785.8 117760 140790 171355 211760 232456 242607 223950 202988 203245 195775 205463 201074 192976 210015 248505 238537 239029 231463 229120 214158 7.62674e+06 4.49484e+06 3.27697e+06 2.24842e+06 1.57539e+06 1.18165e+06 963915 846434 783282 748956 729892 719007 712601 708718 706299 704758 703765 703117 702689 702404 702214 702086 702000 701943 701903 701877 701859 701847 701839 701834 701830 701827 701826 701824 701824 701823 701823 701822 701822 701822 701822 701822 701822 701822 701822 701822 701822 701822 701822 701822 701822 701822 701822 701822 701822 701822 701822 701822 701822 701822 701822 701822 701822 701822 701822 701822 701822 701822 701822 701822 701822 701822 701822 701822 701822 701822 701822 701822 701822 701822 701822 701822 701822 701822 701822 701822 701822 701822 701822 701822 701822 701822 701822 701822 701822 701822 701822 701822 701822 701822 0 0 0 0 0 0 0 0 0 0 0 0 0 0 0 0 0 0 0 0 0 0 0 0 0
#obs cpue bio
 20281.2 17889.9 13345.3 17148.6 28211.7 43278.4 62166.8 67908.5 73787.1 163799 202888 226043 211850 291646 184364 216018 222664 193860 206875 148100 236871 173329 194890 237152 239841 260606 247991 216217 178600
#pred surv len freq
 2.19014e-11 1.03014e-09 3.3551e-08 7.56658e-07 1.18163e-05 0.000127778 0.000956812 0.00496179 0.0178258 0.0444323 0.0772831 0.0958968 0.0916342 0.081353 0.0804701 0.0826561 0.0785389 0.0703543 0.0620503 0.0537755 0.0458639 0.0390389 0.0325007 0.0246554 0.0156118
 1.07148e-11 5.03975e-10 1.64142e-08 3.70181e-07 5.78094e-06 6.25141e-05 0.000468143 0.00242833 0.0087333 0.02186 0.0386468 0.0508929 0.057972 0.0702489 0.0898171 0.103038 0.102092 0.0940111 0.0850121 0.0748129 0.0632394 0.0514885 0.0399574 0.0282524 0.0169604
 9.76749e-12 4.59416e-10 1.49629e-08 3.37451e-07 5.26979e-06 5.69859e-05 0.000426725 0.00221306 0.00795307 0.0198475 0.0346853 0.0438235 0.0444933 0.0455063 0.0545645 0.069641 0.0865524 0.101549 0.108263 0.103493 0.0904769 0.0735465 0.0551317 0.0368719 0.0208984
 3.40921e-11 1.60353e-09 5.22259e-08 1.17782e-06 1.83934e-05 0.000198898 0.00148932 0.00772221 0.0277282 0.0689693 0.118968 0.142954 0.12179 0.0785359 0.0464799 0.0338439 0.0327656 0.0378233 0.0462713 0.0536253 0.0551252 0.0491905 0.037926 0.024958 0.0136147
 4.48584e-11 2.10992e-09 6.87188e-08 1.54978e-06 2.4202e-05 0.00026171 0.00195965 0.010161 0.0364869 0.0907716 0.156687 0.188797 0.162478 0.108017 0.0668825 0.0455578 0.0313714 0.0200084 0.0139002 0.0129125 0.0140409 0.0142749 0.0122298 0.00849523 0.00468022
 3.5932e-11 1.69007e-09 5.50445e-08 1.24139e-06 1.93861e-05 0.000209634 0.00156974 0.00813988 0.0292376 0.0728194 0.126263 0.154806 0.141904 0.113377 0.0964444 0.0849978 0.0651734 0.0412015 0.0230757 0.0129746 0.00845256 0.00680664 0.00578773 0.00426624 0.00247195
 3.16856e-11 1.49034e-09 4.85394e-08 1.09468e-06 1.70951e-05 0.00018486 0.00138424 0.00717804 0.0257841 0.064231 0.111461 0.137084 0.127075 0.104769 0.0941644 0.0894547 0.0776396 0.0600053 0.0422099 0.0264631 0.0145949 0.00766508 0.00439201 0.00271474 0.00152678
 3.30047e-11 1.55238e-09 5.05601e-08 1.14026e-06 1.78068e-05 0.000192555 0.00144185 0.00747665 0.0268543 0.0668733 0.115884 0.141761 0.128977 0.101377 0.0856663 0.0791143 0.0696212 0.0569157 0.0444425 0.0322358 0.0206305 0.01139 0.00553283 0.00250394 0.00109
 3.71036e-11 1.74518e-09 5.68393e-08 1.28187e-06 2.00182e-05 0.000216469 0.0016209 0.00840491 0.0301855 0.0751401 0.130014 0.158122 0.14088 0.104404 0.0803504 0.0688876 0.0576343 0.0451253 0.0346079 0.0259313 0.0180334 0.0110858 0.00581555 0.0025633 0.000956445
 3.57453e-11 1.68129e-09 5.47585e-08 1.23494e-06 1.92854e-05 0.000208545 0.00156158 0.00809743 0.0290833 0.0724176 0.125447 0.153244 0.138703 0.107325 0.0879113 0.0774872 0.0631706 0.0461211 0.0323994 0.0227172 0.0154448 0.00973286 0.00541278 0.00253223 0.000963089
 3.75627e-11 1.76677e-09 5.75426e-08 1.29773e-06 2.02659e-05 0.000219147 0.00164097 0.00850897 0.0305598 0.0760775 0.131674 0.160323 0.143418 0.107475 0.0840287 0.0722769 0.0592482 0.0440585 0.0310376 0.020985 0.0133612 0.00793496 0.00430825 0.00204187 0.00080111
 3.71372e-11 1.74676e-09 5.68907e-08 1.28303e-06 2.00363e-05 0.000216665 0.00162238 0.00841265 0.0302146 0.0752262 0.130255 0.158848 0.14291 0.108767 0.0869135 0.0753323 0.060919 0.0440271 0.0301637 0.0200914 0.0126227 0.00727509 0.00377711 0.00172107 0.000662919
 3.71116e-11 1.74555e-09 5.68516e-08 1.28214e-06 2.00225e-05 0.000216516 0.00162126 0.00840685 0.0301937 0.0751731 0.130156 0.158696 0.142676 0.108407 0.0865042 0.0751722 0.0613058 0.0448477 0.0309141 0.0203993 0.0125404 0.00704188 0.00355408 0.00156806 0.000584281
 3.69077e-11 1.73596e-09 5.65392e-08 1.2751e-06 1.99125e-05 0.000215326 0.00161235 0.00836068 0.0300282 0.0747638 0.129466 0.157946 0.142289 0.108705 0.0874069 0.0761872 0.0619207 0.0449702 0.0308236 0.0203318 0.0125024 0.00697042 0.00345572 0.0014859 0.000537701
 3.24978e-11 1.52854e-09 4.97837e-08 1.12275e-06 1.75333e-05 0.000189599 0.00141972 0.00736205 0.0264451 0.0658776 0.114318 0.140595 0.130298 0.107223 0.0955892 0.0889246 0.0741927 0.0545831 0.0377008 0.0249091 0.0152765 0.00848301 0.00418143 0.00177911 0.000632989
 3.30309e-11 1.55362e-09 5.06003e-08 1.14116e-06 1.78209e-05 0.000192708 0.001443 0.00748265 0.0268765 0.0669349 0.116034 0.142149 0.129979 0.103479 0.0888172 0.0822115 0.0711337 0.0560844 0.0417458 0.0290219 0.018243 0.0102208 0.00504125 0.00213622 0.000754269
 3.56993e-11 1.67913e-09 5.4688e-08 1.23335e-06 1.92606e-05 0.000208276 0.00155956 0.00808694 0.029045 0.0723158 0.125227 0.152772 0.137633 0.105221 0.0849458 0.0749897 0.062783 0.048221 0.0357758 0.0257133 0.0171114 0.0101371 0.00519417 0.00224288 0.000796389
 3.38417e-11 1.59175e-09 5.18423e-08 1.16917e-06 1.82583e-05 0.000197438 0.00147842 0.00766633 0.0275365 0.0685808 0.118902 0.145732 0.133456 0.106539 0.0912753 0.0829791 0.0688111 0.0509147 0.035986 0.0249458 0.0164518 0.00994798 0.00530657 0.00239387 0.000880085
 3.46283e-11 1.62875e-09 5.30474e-08 1.19635e-06 1.86827e-05 0.000202028 0.00151278 0.00784443 0.028175 0.0701595 0.12156 0.148616 0.134915 0.105319 0.0877263 0.0791232 0.0667795 0.0510884 0.0370506 0.0255812 0.0163985 0.00963304 0.00508911 0.0023262 0.000879187
 3.55878e-11 1.67388e-09 5.45171e-08 1.2295e-06 1.92004e-05 0.000207625 0.00155469 0.00806171 0.0289548 0.0720949 0.12487 0.152458 0.137738 0.106101 0.0865621 0.0767321 0.0638676 0.048264 0.0349151 0.0244018 0.0158902 0.0093693 0.00489696 0.00220851 0.000831252
 3.585e-11 1.68621e-09 5.49188e-08 1.23856e-06 1.93418e-05 0.000209155 0.00156615 0.00812112 0.0291683 0.0726282 0.125804 0.153647 0.138965 0.107335 0.0877897 0.0775761 0.0637654 0.047074 0.0331045 0.0226411 0.014609 0.00862732 0.00453273 0.00204735 0.00076784
 3.5079e-11 1.64995e-09 5.37378e-08 1.21192e-06 1.89259e-05 0.000204657 0.00153247 0.00794655 0.028542 0.071076 0.123165 0.150656 0.137007 0.107395 0.0897367 0.0804006 0.0664 0.0489715 0.0341551 0.0229535 0.0144655 0.00835899 0.00433383 0.00194841 0.000730431
 3.71008e-11 1.74505e-09 5.6835e-08 1.28177e-06 2.00167e-05 0.000216453 0.00162079 0.00840437 0.0301844 0.0751457 0.13008 0.158472 0.142054 0.107083 0.0845475 0.0733483 0.060579 0.0455072 0.0324411 0.0220617 0.0138721 0.00790701 0.004021 0.00177514 0.000657006
 3.73161e-11 1.75517e-09 5.71648e-08 1.28921e-06 2.01328e-05 0.000217709 0.00163019 0.00845315 0.0303599 0.0755855 0.130861 0.159512 0.143267 0.108537 0.086146 0.0744012 0.0602442 0.0437804 0.0302649 0.0203675 0.0128972 0.0074205 0.0037767 0.00165243 0.00060303
 3.63838e-11 1.71132e-09 5.57365e-08 1.257e-06 1.96298e-05 0.000212269 0.00158947 0.00824205 0.0296027 0.0737107 0.127685 0.15597 0.141144 0.109151 0.0892946 0.0785138 0.0635998 0.0456146 0.0307475 0.0200369 0.0123107 0.00694655 0.00351182 0.00153584 0.000559458
 3.4463e-11 1.62097e-09 5.27941e-08 1.19064e-06 1.85935e-05 0.000201063 0.00150556 0.00780705 0.0280416 0.0698362 0.121059 0.148283 0.135501 0.107579 0.0915297 0.0829799 0.0688659 0.0508056 0.0351508 0.023105 0.0140182 0.00770879 0.00379226 0.0016251 0.000585132
 3.22597e-11 1.51734e-09 4.94188e-08 1.11452e-06 1.74048e-05 0.000188209 0.00140931 0.00730805 0.0262506 0.0653882 0.113435 0.139353 0.128656 0.104931 0.092754 0.0866327 0.0738503 0.0564971 0.040823 0.0279047 0.0174188 0.00970941 0.00475866 0.00200582 0.000707514
 3.43583e-11 1.61605e-09 5.26338e-08 1.18702e-06 1.85371e-05 0.000200453 0.00150099 0.00778323 0.0279549 0.0696083 0.120584 0.147323 0.133427 0.103541 0.0856857 0.0774809 0.0664963 0.0525207 0.0396547 0.0283708 0.0185195 0.0107523 0.00543164 0.00232478 0.000820744
 3.61358e-11 1.69965e-09 5.53566e-08 1.24843e-06 1.9496e-05 0.000210822 0.00157863 0.00818581 0.0294001 0.0732 0.126758 0.154642 0.139315 0.106463 0.0857398 0.075126 0.0618861 0.04631 0.0334774 0.023799 0.0159725 0.00968944 0.00512122 0.00227768 0.000826555
#obs surv len freq
 2.15987e-11 1.0159e-09 3.30871e-08 7.46199e-07 1.1653e-05 0.000126011 0.000943583 0.00489315 0.0175788 0.0438116 0.076171 0.0943661 0.089709 0.0788148 0.0774781 0.0804894 0.0788993 0.073798 0.0676892 0.060191 0.0514015 0.0416881 0.0310215 0.0201272 0.0107902
 9.20867e-16 4.3379e-14 1.42134e-12 3.28178e-11 5.59823e-10 8.08637e-09 1.21006e-07 1.87256e-06 2.44828e-05 0.000236325 0.00160814 0.00762461 0.0251775 0.0582926 0.0964401 0.119337 0.120997 0.113525 0.1058 0.0968037 0.0844784 0.0688506 0.0508817 0.0326377 0.0172828
 1.42865e-11 6.71966e-10 2.18855e-08 4.93573e-07 7.70784e-06 8.3349e-05 0.000624099 0.00323589 0.0116177 0.0288825 0.0497236 0.0593128 0.0493113 0.0303032 0.0208673 0.0319147 0.0615011 0.0949615 0.115037 0.116787 0.106176 0.0885371 0.0662164 0.04252 0.0223792
 5.14273e-11 2.41889e-09 7.87817e-08 1.77673e-06 2.77461e-05 0.000300033 0.00224659 0.0116484 0.0418224 0.103987 0.179108 0.213961 0.178117 0.10524 0.0471014 0.0191215 0.00944614 0.00755391 0.00985739 0.0137709 0.0161976 0.0155756 0.012412 0.00816987 0.00433275
 3.55644e-11 1.67278e-09 5.44813e-08 1.22869e-06 1.91878e-05 0.000207489 0.00155369 0.0080568 0.0289414 0.072102 0.12516 0.154112 0.143338 0.118596 0.104773 0.0922206 0.0665076 0.0361045 0.0156223 0.00747074 0.00612863 0.00645207 0.00593727 0.00430049 0.00239572
 3.86947e-11 1.82001e-09 5.92766e-08 1.33684e-06 2.08766e-05 0.000225751 0.00169041 0.00876527 0.0314792 0.0783539 0.135531 0.164633 0.14605 0.106984 0.0811264 0.0696751 0.059339 0.0461673 0.0319381 0.0186863 0.00917617 0.00445586 0.00273072 0.00187305 0.00109662
 2.65118e-11 1.24699e-09 4.06135e-08 9.15937e-07 1.43037e-05 0.000154675 0.00115823 0.0060065 0.0215818 0.0538199 0.0937866 0.11719 0.114491 0.106207 0.108001 0.106945 0.0902516 0.0662468 0.0462484 0.0312641 0.0191247 0.0100173 0.00457938 0.00201309 0.000898029
 4.20562e-11 1.97812e-09 6.44262e-08 1.45297e-06 2.26902e-05 0.000245362 0.00183724 0.00952634 0.0342082 0.0851045 0.146921 0.177112 0.152749 0.102606 0.06638 0.0512417 0.0449189 0.03953 0.0326531 0.024048 0.0154886 0.00873332 0.00426257 0.00177407 0.00063528
 3.47382e-11 1.63392e-09 5.32156e-08 1.20015e-06 1.8742e-05 0.000202669 0.00151759 0.00786947 0.0282669 0.070406 0.122109 0.149859 0.137833 0.111088 0.0956534 0.0851677 0.0664287 0.0443948 0.0287774 0.0200063 0.0140224 0.00885117 0.00471881 0.00206931 0.000737732
 3.93327e-11 1.85002e-09 6.0254e-08 1.35888e-06 2.12209e-05 0.000229474 0.00171828 0.00890976 0.0319976 0.0796396 0.137723 0.167142 0.147767 0.107084 0.0794631 0.0665073 0.0551835 0.0422452 0.0300677 0.0197182 0.0118952 0.00677449 0.00360333 0.0016739 0.000634691
 3.8252e-11 1.79919e-09 5.85985e-08 1.32154e-06 2.06378e-05 0.000223169 0.00167108 0.00866513 0.031121 0.0774772 0.134115 0.163381 0.146416 0.110186 0.0863563 0.0733903 0.0580747 0.0408038 0.027283 0.0180238 0.0112817 0.00638311 0.00320021 0.0014032 0.000522842
 3.83194e-11 1.80236e-09 5.87016e-08 1.32387e-06 2.06741e-05 0.000223562 0.00167402 0.00868035 0.0311753 0.0776087 0.134318 0.163511 0.146166 0.109284 0.0850079 0.0724928 0.0585049 0.0423141 0.0286479 0.0184563 0.0110636 0.0060777 0.0030068 0.0012956 0.000468788
 3.92044e-11 1.84398e-09 6.00574e-08 1.35445e-06 2.11516e-05 0.000228725 0.00171268 0.00888076 0.0318945 0.0793927 0.137363 0.167017 0.14865 0.109744 0.0835698 0.0700255 0.0558867 0.0400974 0.0271207 0.0176136 0.0106236 0.00578259 0.00279216 0.00116976 0.00041283
 3.56271e-11 1.67573e-09 5.45773e-08 1.23086e-06 1.92216e-05 0.000207855 0.00155641 0.00807071 0.0289884 0.0721898 0.125112 0.153121 0.139503 0.109825 0.0920953 0.0820331 0.0663186 0.0469736 0.0310719 0.0198125 0.0118426 0.00643088 0.00309676 0.00128495 0.000445534
 3.01011e-11 1.41581e-09 4.61121e-08 1.03994e-06 1.62402e-05 0.000175616 0.00131502 0.00681925 0.0244971 0.0610416 0.106041 0.130959 0.123112 0.10495 0.0979588 0.0942346 0.080929 0.061595 0.0437259 0.0289843 0.0174037 0.00934246 0.00444295 0.001827 0.000628412
 3.69244e-11 1.73675e-09 5.65647e-08 1.27568e-06 1.99215e-05 0.000215423 0.00161307 0.00836427 0.0300393 0.074772 0.12935 0.15719 0.139664 0.102776 0.0785805 0.0681392 0.0591617 0.0486357 0.0381223 0.0276701 0.0178929 0.0101197 0.00493722 0.00203877 0.000696875
 3.544e-11 1.66693e-09 5.42907e-08 1.22439e-06 1.91207e-05 0.000206763 0.00154824 0.00802829 0.0288356 0.0718045 0.124413 0.152113 0.138099 0.107709 0.0891299 0.0787776 0.0638091 0.0461592 0.0324761 0.0231296 0.015837 0.00974334 0.00513153 0.00223877 0.00079008
 3.25343e-11 1.53026e-09 4.98395e-08 1.12401e-06 1.7553e-05 0.000189811 0.00142131 0.00737026 0.026474 0.0659437 0.114393 0.1405 0.12962 0.105506 0.0929486 0.0864282 0.0730928 0.0551016 0.0390579 0.0264204 0.0168088 0.00996715 0.00535164 0.00246343 0.000922457
 3.63696e-11 1.71065e-09 5.57148e-08 1.25651e-06 1.96222e-05 0.000212187 0.00158884 0.00823869 0.0295892 0.0736608 0.12749 0.155225 0.13886 0.10415 0.0818944 0.0717317 0.0611628 0.0484877 0.0366684 0.0260774 0.0168728 0.00981296 0.00508914 0.00229786 0.000868637
 3.50998e-11 1.65092e-09 5.37695e-08 1.21264e-06 1.89371e-05 0.000204778 0.00153338 0.00795123 0.0285589 0.071117 0.123231 0.150715 0.136984 0.107188 0.0892298 0.0794781 0.0650951 0.0477386 0.033743 0.0236699 0.0157988 0.0095563 0.00505776 0.00227787 0.00085063
 3.6128e-11 1.69929e-09 5.53447e-08 1.24816e-06 1.94919e-05 0.000210777 0.00157829 0.00818404 0.0293939 0.0731842 0.12673 0.154605 0.139281 0.106469 0.0859176 0.0757243 0.0630182 0.0475345 0.033951 0.023169 0.0147854 0.00870556 0.00461929 0.00211636 0.000801362
 3.42257e-11 1.60981e-09 5.24305e-08 1.18244e-06 1.84655e-05 0.000199679 0.00149519 0.00775329 0.0278486 0.0693548 0.120222 0.147246 0.134515 0.106715 0.0906926 0.082168 0.0682707 0.0507308 0.0358449 0.0244978 0.015661 0.00910914 0.00472566 0.00212735 0.000801807
 3.93599e-11 1.8513e-09 6.02956e-08 1.35982e-06 2.12355e-05 0.000229632 0.00171947 0.0089159 0.0320197 0.0796942 0.137815 0.167242 0.147814 0.106993 0.0791016 0.0656934 0.053921 0.0410962 0.0298915 0.0206793 0.0131954 0.00762958 0.00392794 0.00174837 0.000650212
 3.51729e-11 1.65436e-09 5.38815e-08 1.21516e-06 1.89765e-05 0.000205205 0.00153657 0.00796786 0.0286194 0.071275 0.123555 0.151345 0.138298 0.109709 0.092862 0.0828972 0.066587 0.0467229 0.0310194 0.0204609 0.0130056 0.00759585 0.00393007 0.00174432 0.00064379
 3.71859e-11 1.74905e-09 5.69653e-08 1.28471e-06 2.00626e-05 0.000216949 0.00162451 0.00842362 0.0302535 0.0753158 0.130363 0.158763 0.142146 0.106827 0.0840712 0.0731068 0.0609739 0.0463394 0.0330059 0.0219392 0.013313 0.00736971 0.00369893 0.00162721 0.000599811
 3.176e-11 1.49384e-09 4.86533e-08 1.09725e-06 1.71352e-05 0.000185294 0.00138749 0.00719495 0.0258456 0.0643908 0.111784 0.137694 0.128292 0.106948 0.0968165 0.0906356 0.0754863 0.0554057 0.0385929 0.0261271 0.0165056 0.00935166 0.00464394 0.00198329 0.000711457
 3.22342e-11 1.51614e-09 4.93798e-08 1.11364e-06 1.73911e-05 0.00018806 0.0014082 0.00730218 0.0262286 0.065323 0.113253 0.138804 0.127131 0.101697 0.0880637 0.0825074 0.0726931 0.0587082 0.0446425 0.0314635 0.0200231 0.0114186 0.00575376 0.00248404 0.000888512
 3.67353e-11 1.72785e-09 5.62749e-08 1.26914e-06 1.98195e-05 0.00021432 0.00160481 0.00832149 0.0298863 0.0743981 0.12875 0.156679 0.1399 0.104336 0.0811482 0.0701528 0.0589636 0.046277 0.0353973 0.0262139 0.0178909 0.0108206 0.005646 0.00248178 0.000896813
 3.49988e-11 1.64617e-09 5.36148e-08 1.20915e-06 1.88826e-05 0.000204189 0.00152897 0.00792838 0.028477 0.0709151 0.122895 0.150368 0.136872 0.107517 0.0899529 0.0802437 0.0654706 0.0475365 0.0331349 0.0230612 0.01554 0.00967034 0.00530061 0.00244644 0.000916882
#pred catch len freq
 1.95631e-11 9.20154e-10 2.99688e-08 6.75872e-07 1.05547e-05 0.000114135 0.000854665 0.00443222 0.0159252 0.0397144 0.0692101 0.0865047 0.0846466 0.0791385 0.0825714 0.0870089 0.0833536 0.0748796 0.0661275 0.0573414 0.0489146 0.0416378 0.0346647 0.0262972 0.0166514
 9.19456e-12 4.32468e-10 1.40852e-08 3.17657e-07 4.96071e-06 5.36446e-05 0.000401732 0.00208402 0.00749759 0.0187922 0.0333949 0.0447713 0.0533794 0.0686986 0.0910184 0.105716 0.105172 0.0970425 0.0878584 0.0773606 0.0654053 0.0532547 0.0413286 0.029222 0.0175425
 8.41235e-12 3.95677e-10 1.28869e-08 2.90633e-07 4.53866e-06 4.90799e-05 0.000367527 0.00190614 0.00685132 0.0171102 0.0299856 0.0382806 0.0401182 0.0434941 0.0546804 0.0710971 0.0888324 0.104398 0.11137 0.106487 0.0931022 0.0756825 0.0567334 0.0379432 0.0215056
 3.14715e-11 1.48027e-09 4.82113e-08 1.08729e-06 1.69795e-05 0.000183609 0.00137484 0.00712867 0.0255976 0.0636761 0.109881 0.132241 0.11334 0.0746338 0.046543 0.0360859 0.0360091 0.0418826 0.0513142 0.0594886 0.061157 0.0545738 0.0420768 0.0276895 0.0151047
 4.29097e-11 2.01827e-09 6.57337e-08 1.48246e-06 2.31507e-05 0.000250342 0.00187453 0.00971976 0.0349035 0.0868441 0.149987 0.181099 0.157072 0.107092 0.0699648 0.0502992 0.0355358 0.0228582 0.0159347 0.0148261 0.016129 0.0163991 0.0140498 0.00975947 0.00537672
 3.34722e-11 1.57437e-09 5.12764e-08 1.15641e-06 1.8059e-05 0.000195284 0.00146229 0.00758288 0.0272393 0.0678659 0.117835 0.145227 0.135535 0.113252 0.102017 0.0929223 0.0720599 0.0457215 0.0256555 0.0144451 0.00941792 0.007586 0.00645074 0.00475499 0.00275514
 2.92959e-11 1.37794e-09 4.48786e-08 1.01212e-06 1.58058e-05 0.000170918 0.00127985 0.00663688 0.0238423 0.0594152 0.103249 0.127667 0.12053 0.103863 0.0984654 0.0962904 0.0843822 0.0654223 0.0460863 0.0289143 0.015952 0.00837893 0.00480128 0.00296776 0.00166909
 3.06029e-11 1.43941e-09 4.68808e-08 1.05728e-06 1.65109e-05 0.000178543 0.00133694 0.00693274 0.0249026 0.0620315 0.10762 0.132247 0.122236 0.100098 0.0894073 0.0853567 0.07598 0.06234 0.0487509 0.0353844 0.0226514 0.0125068 0.00607549 0.00274955 0.00119692
 3.48327e-11 1.63836e-09 5.33604e-08 1.20341e-06 1.8793e-05 0.00020322 0.00152171 0.00789064 0.0283402 0.0705627 0.122204 0.149143 0.134559 0.103306 0.0840334 0.0748622 0.0635293 0.0499617 0.0383838 0.0287826 0.0200219 0.0123092 0.00645751 0.00284628 0.00106203
 3.37531e-11 1.58759e-09 5.17067e-08 1.16611e-06 1.82106e-05 0.000196922 0.00147455 0.00764629 0.0274646 0.0684033 0.118604 0.145411 0.1333 0.10668 0.0916193 0.0831763 0.0685217 0.0501955 0.0353138 0.0247793 0.0168519 0.0106205 0.00590657 0.00276325 0.00105096
 3.56463e-11 1.67663e-09 5.46068e-08 1.23152e-06 1.9232e-05 0.000207967 0.00155725 0.00807499 0.0290026 0.0722158 0.125091 0.152782 0.138204 0.10682 0.0875587 0.0777573 0.0644906 0.0481314 0.0339564 0.0229746 0.0146322 0.00869056 0.00471864 0.00223638 0.000877428
 3.51823e-11 1.65481e-09 5.38961e-08 1.21549e-06 1.89816e-05 0.00020526 0.00153699 0.00796997 0.0286263 0.0712876 0.123543 0.151175 0.137652 0.108232 0.0907091 0.0810931 0.0663134 0.048095 0.0330005 0.0219978 0.0138249 0.00796877 0.00413738 0.00188525 0.000726158
 3.53464e-11 1.66253e-09 5.41474e-08 1.22116e-06 1.90702e-05 0.000206217 0.00154415 0.00800711 0.0287595 0.0716164 0.124095 0.151763 0.137914 0.107896 0.0898952 0.0803566 0.0662049 0.0485855 0.0335344 0.0221426 0.0136157 0.00764642 0.0038593 0.00170273 0.000634464
 3.50577e-11 1.64895e-09 5.37051e-08 1.21118e-06 1.89144e-05 0.000204533 0.00153154 0.00794174 0.0285251 0.0710364 0.123115 0.150684 0.137312 0.1082 0.0910038 0.0816554 0.0670588 0.0488612 0.0335369 0.0221369 0.0136164 0.00759225 0.00376411 0.00161851 0.000585692
 3.06386e-11 1.4411e-09 4.69356e-08 1.05851e-06 1.65302e-05 0.000178752 0.00133851 0.00694103 0.0249344 0.0621316 0.107934 0.133293 0.125283 0.106683 0.0991584 0.0943833 0.0793538 0.0585263 0.0404719 0.0267568 0.016414 0.00911547 0.0044933 0.00191182 0.000680207
 3.12761e-11 1.47108e-09 4.79121e-08 1.08054e-06 1.68741e-05 0.000182471 0.00136635 0.00708525 0.0254506 0.063398 0.110001 0.135218 0.125122 0.102697 0.0917846 0.0870041 0.0758945 0.0599898 0.0446992 0.0310902 0.0195468 0.010952 0.00540199 0.0022891 0.00080825
 3.38458e-11 1.59195e-09 5.18487e-08 1.16932e-06 1.82606e-05 0.000197463 0.0014786 0.00766721 0.027539 0.0685803 0.118856 0.14546 0.132529 0.104449 0.0881437 0.0800658 0.0677201 0.0521789 0.0387622 0.0278764 0.018555 0.0109931 0.0056329 0.00243234 0.000863663
 3.20021e-11 1.50523e-09 4.90243e-08 1.10562e-06 1.72659e-05 0.000186706 0.00139806 0.00724976 0.0260418 0.0648741 0.112584 0.138496 0.128459 0.105927 0.0946799 0.0882317 0.0737913 0.0547488 0.0387435 0.0268742 0.017728 0.0107206 0.00571881 0.00257986 0.00094846
 3.27078e-11 1.53842e-09 5.01052e-08 1.13e-06 1.76466e-05 0.000190823 0.00142889 0.0074095 0.0266144 0.0662889 0.11496 0.141045 0.129643 0.10456 0.0911111 0.0844773 0.0719889 0.055241 0.0401131 0.0277125 0.0177691 0.010439 0.00551505 0.00252091 0.00095278
 3.38493e-11 1.59211e-09 5.1854e-08 1.16944e-06 1.82624e-05 0.000197483 0.00147875 0.00766802 0.0275422 0.0685915 0.118896 0.145609 0.132982 0.10545 0.0896735 0.0816063 0.0685604 0.0519611 0.0376345 0.0263172 0.0171413 0.0101077 0.005283 0.00238263 0.000896789
 3.41431e-11 1.60593e-09 5.2304e-08 1.17958e-06 1.84209e-05 0.000199197 0.00149159 0.00773458 0.0277814 0.0691887 0.119942 0.146935 0.134335 0.106784 0.090977 0.0824852 0.0684203 0.0506547 0.0356652 0.0244069 0.015752 0.00930307 0.00488787 0.00220777 0.000828006
 3.32049e-11 1.5618e-09 5.08668e-08 1.14717e-06 1.79148e-05 0.000193724 0.00145061 0.00752215 0.0270193 0.0672997 0.116729 0.14329 0.131934 0.106812 0.0932723 0.0858355 0.0715535 0.052929 0.036963 0.0248568 0.0156693 0.00905539 0.00469501 0.0021108 0.000791313
 3.52091e-11 1.65607e-09 5.39371e-08 1.21642e-06 1.89961e-05 0.000205416 0.00153815 0.00797598 0.0286473 0.0713337 0.123581 0.151025 0.136897 0.106415 0.0880002 0.0787341 0.0657596 0.0495711 0.0353875 0.0240813 0.0151461 0.00863394 0.00439078 0.00193841 0.000717433
 3.57555e-11 1.68177e-09 5.47741e-08 1.23529e-06 1.92909e-05 0.000208604 0.00156202 0.00809975 0.0290919 0.0724411 0.125503 0.153384 0.139062 0.108093 0.0891499 0.0789746 0.0645384 0.0470349 0.0325523 0.0219191 0.0138829 0.00798823 0.00406573 0.0017789 0.000649184
 3.46399e-11 1.6293e-09 5.30652e-08 1.19675e-06 1.8689e-05 0.000202096 0.00151329 0.00784716 0.0281859 0.0701974 0.121699 0.149132 0.136475 0.108722 0.092755 0.0837309 0.068461 0.0492453 0.033237 0.0216734 0.0133198 0.0075167 0.00380016 0.00166195 0.000605399
 3.25882e-11 1.53279e-09 4.99221e-08 1.12587e-06 1.75821e-05 0.000190126 0.00142367 0.0073825 0.0265184 0.0660587 0.114622 0.140918 0.130437 0.107024 0.0951146 0.0884783 0.074083 0.0548093 0.0379683 0.0249729 0.0151556 0.00833508 0.00410047 0.00175719 0.000632694
 3.0294e-11 1.42489e-09 4.64076e-08 1.04661e-06 1.63443e-05 0.000176741 0.00132345 0.00686291 0.0246534 0.0614269 0.106681 0.131608 0.123275 0.104188 0.0962716 0.0921714 0.0792288 0.0607756 0.0439679 0.0300727 0.0187768 0.0104672 0.00513019 0.00216244 0.000762761
 3.26208e-11 1.53433e-09 4.99721e-08 1.12699e-06 1.75997e-05 0.000190316 0.00142509 0.00738976 0.026543 0.0661061 0.114609 0.140456 0.128603 0.102733 0.0885646 0.08215 0.0711347 0.0563388 0.0425837 0.0304812 0.0199009 0.011555 0.00583723 0.00249839 0.000882036
 3.43496e-11 1.61564e-09 5.26205e-08 1.18672e-06 1.85324e-05 0.000200402 0.00150061 0.00778134 0.0279488 0.0696007 0.120622 0.147608 0.134436 0.105807 0.0889507 0.080129 0.0666662 0.0500425 0.0362223 0.0257662 0.0172968 0.0104936 0.00554636 0.00246677 0.000895177
#obs catch len freq
 1.93085e-11 9.08179e-10 2.95788e-08 6.67077e-07 1.04174e-05 0.00011265 0.000843545 0.00437459 0.0157188 0.0392053 0.0683621 0.0856285 0.0843591 0.0799314 0.0842703 0.0886985 0.0842681 0.0755117 0.0678632 0.0606552 0.0523551 0.0428183 0.0322273 0.0212345 0.0115506
 1.93996e-11 9.12465e-10 2.97184e-08 6.70225e-07 1.04665e-05 0.000113182 0.00084752 0.00439512 0.0157914 0.0393741 0.0685738 0.0855092 0.0830587 0.0765573 0.0791977 0.0843595 0.0833804 0.0782332 0.0718669 0.0639515 0.054629 0.0443109 0.0329748 0.0213949 0.0114699
 7.84974e-16 3.6987e-14 1.21313e-12 2.81192e-11 4.86271e-10 7.28346e-09 1.14769e-07 1.8356e-06 2.42841e-05 0.00023518 0.00160172 0.00759594 0.0250853 0.0580867 0.0961276 0.11903 0.120838 0.113562 0.105973 0.0970277 0.0846967 0.0690356 0.0510204 0.0327272 0.0173303
 1.2665e-11 5.95701e-10 1.94016e-08 4.37555e-07 6.83304e-06 7.38893e-05 0.000553267 0.00286863 0.0102991 0.0256045 0.0440808 0.052588 0.0437735 0.0272156 0.0199699 0.0326277 0.0636675 0.098433 0.119264 0.12109 0.110098 0.0918131 0.0686685 0.0440952 0.0232084
 5.04418e-11 2.37254e-09 7.72721e-08 1.74268e-06 2.72144e-05 0.000294284 0.00220354 0.0114253 0.0410213 0.101998 0.175696 0.209959 0.175023 0.103947 0.0473455 0.0200517 0.0104383 0.00858638 0.0112791 0.0157713 0.0185529 0.0178409 0.0142172 0.00935819 0.00496298
 3.34552e-11 1.57357e-09 5.12502e-08 1.15582e-06 1.80498e-05 0.000195184 0.00146156 0.00757919 0.0272281 0.0678566 0.117947 0.145967 0.138102 0.118983 0.110257 0.0995808 0.0724311 0.0394213 0.0170825 0.0081879 0.00673014 0.00708878 0.00652361 0.00472523 0.00263234
 3.67572e-11 1.72888e-09 5.63085e-08 1.2699e-06 1.98313e-05 0.000214448 0.00160577 0.0083265 0.0299048 0.0744491 0.128872 0.156993 0.140728 0.106222 0.0845966 0.0752678 0.0649619 0.0507547 0.03517 0.0205935 0.0101168 0.00491389 0.00301195 0.00206608 0.00120966
 2.44869e-11 1.15174e-09 3.75116e-08 8.45982e-07 1.32112e-05 0.000142862 0.00106978 0.00554797 0.0199365 0.04974 0.0868339 0.109237 0.10903 0.10562 0.11188 0.112857 0.0958155 0.0705038 0.0493002 0.0333604 0.0204162 0.0106957 0.00488987 0.00214967 0.000958974
 4.0303e-11 1.89566e-09 6.17404e-08 1.3924e-06 2.17443e-05 0.000235134 0.00176066 0.0091293 0.0327833 0.0815687 0.140878 0.170117 0.147664 0.101311 0.0685905 0.0553655 0.0494931 0.043802 0.0362436 0.0267095 0.0172075 0.00970384 0.00473657 0.00197142 0.000705958
 3.29193e-11 1.54836e-09 5.04292e-08 1.13731e-06 1.77607e-05 0.000192057 0.00143813 0.00745758 0.0267891 0.0667423 0.115871 0.14275 0.133041 0.110808 0.0994795 0.0907192 0.0713475 0.0478209 0.0310523 0.0216126 0.0151558 0.00956808 0.00510125 0.00223706 0.00079754
 3.77574e-11 1.77592e-09 5.78407e-08 1.30445e-06 2.03709e-05 0.000220283 0.00164946 0.008553 0.0307175 0.0764647 0.132309 0.16093 0.14344 0.106459 0.0822507 0.0709497 0.0595587 0.045761 0.0326166 0.0214044 0.0129164 0.00735713 0.00391347 0.00181801 0.000689338
 3.65409e-11 1.71871e-09 5.59773e-08 1.26243e-06 1.97146e-05 0.000213186 0.00159633 0.00827766 0.0297308 0.0740301 0.128243 0.156677 0.141854 0.109809 0.0898085 0.0785403 0.0628128 0.0442893 0.0296641 0.0196157 0.0122835 0.00695109 0.00348518 0.00152818 0.000569419
 3.67294e-11 1.72758e-09 5.6266e-08 1.26894e-06 1.98163e-05 0.000214286 0.00160457 0.00832031 0.0298835 0.0744053 0.128859 0.157271 0.141894 0.108862 0.0881208 0.0772255 0.0629602 0.0456867 0.0309766 0.0199722 0.0119767 0.00658022 0.00325559 0.00140283 0.000507592
 3.77286e-11 1.77457e-09 5.77966e-08 1.30346e-06 2.03554e-05 0.000220115 0.00164821 0.00854658 0.0306954 0.0764195 0.132297 0.161228 0.144694 0.109373 0.0864882 0.0744366 0.0600123 0.043198 0.0292591 0.0190163 0.0114734 0.00624598 0.00301605 0.00126357 0.000445943
 3.39658e-11 1.59759e-09 5.20324e-08 1.17346e-06 1.83253e-05 0.000198163 0.00148385 0.00769453 0.0276387 0.0688432 0.119412 0.146613 0.135078 0.109469 0.0954719 0.0870818 0.0709906 0.0504243 0.0334015 0.0213153 0.0127458 0.00692239 0.00333364 0.00138327 0.000479628
 2.84196e-11 1.33672e-09 4.35362e-08 9.81852e-07 1.5333e-05 0.000165806 0.00124157 0.00643847 0.0231308 0.0576532 0.100264 0.124338 0.118524 0.104349 0.101025 0.0990435 0.0855955 0.0652916 0.0464039 0.0307791 0.0184868 0.00992509 0.00472026 0.00194107 0.000667653
 3.53121e-11 1.66091e-09 5.40948e-08 1.21997e-06 1.90516e-05 0.000206017 0.00154264 0.00799915 0.0287291 0.0715215 0.123801 0.150797 0.135118 0.101873 0.0810296 0.0722809 0.0634274 0.0523144 0.0410574 0.029817 0.0192856 0.0109084 0.00532221 0.00219778 0.000751231
 3.37631e-11 1.58805e-09 5.17219e-08 1.16646e-06 1.82159e-05 0.00019698 0.00147499 0.00764855 0.027473 0.0684257 0.118654 0.145523 0.133564 0.107192 0.0922847 0.0835835 0.0682937 0.0495493 0.034913 0.0248855 0.0170452 0.0104879 0.00552386 0.00240997 0.000850501
 3.07009e-11 1.44402e-09 4.70309e-08 1.06067e-06 1.65638e-05 0.000179115 0.00134122 0.00695506 0.0249843 0.062249 0.108093 0.133279 0.124611 0.104833 0.0962594 0.0916174 0.0781027 0.0590417 0.0419099 0.0283718 0.0180568 0.0107088 0.00575016 0.00264693 0.000991179
 3.47531e-11 1.63462e-09 5.32385e-08 1.20066e-06 1.87501e-05 0.000202756 0.00151823 0.00787262 0.0282756 0.0704024 0.12193 0.148832 0.134359 0.103369 0.0845312 0.0760431 0.0654783 0.0520714 0.0394292 0.0280578 0.0181588 0.0105619 0.00547777 0.00247337 0.000934989
 3.34383e-11 1.57278e-09 5.12243e-08 1.15524e-06 1.80407e-05 0.000195085 0.0014608 0.00757498 0.0272089 0.0677691 0.117525 0.144181 0.132476 0.106646 0.0923154 0.0842193 0.0695664 0.0511641 0.036215 0.0254234 0.0169747 0.0102688 0.00543507 0.00244783 0.000914103
 3.4492e-11 1.62234e-09 5.28385e-08 1.19164e-06 1.86092e-05 0.000201233 0.00150683 0.00781358 0.0280646 0.0698873 0.121109 0.148161 0.134807 0.105859 0.0888564 0.0803371 0.0674763 0.0510508 0.0365117 0.0249338 0.0159165 0.00937269 0.00497351 0.00227868 0.00086283
 3.25628e-11 1.5316e-09 4.98831e-08 1.12499e-06 1.75684e-05 0.000189977 0.00142256 0.00737672 0.0264975 0.066004 0.11451 0.140705 0.129995 0.106156 0.0937659 0.0869242 0.072804 0.054246 0.0383794 0.0262487 0.0167856 0.00976442 0.00506583 0.00228052 0.000859541
 3.78322e-11 1.77944e-09 5.79553e-08 1.30704e-06 2.04113e-05 0.000220719 0.00165273 0.00856994 0.0307783 0.0766153 0.132565 0.161218 0.143616 0.106379 0.08178 0.0699409 0.0580651 0.0444142 0.0323512 0.0223962 0.0142951 0.00826635 0.00425595 0.0018944 0.000704525
 3.34687e-11 1.57421e-09 5.12709e-08 1.15629e-06 1.80571e-05 0.000195263 0.00146213 0.00758196 0.0272348 0.0678419 0.117707 0.144669 0.133758 0.10934 0.0963104 0.0880336 0.0713012 0.0501725 0.0333589 0.0220236 0.0140045 0.00818051 0.00423279 0.00187871 0.000693396
 3.55654e-11 1.67283e-09 5.44828e-08 1.22873e-06 1.91883e-05 0.000207495 0.00155372 0.00805664 0.0289367 0.07205 0.124795 0.152379 0.137714 0.106224 0.086992 0.0777102 0.0654584 0.0499062 0.0355948 0.023676 0.0143714 0.00795663 0.00399371 0.00175693 0.00064763
 2.99824e-11 1.41023e-09 4.59302e-08 1.03584e-06 1.61762e-05 0.000174923 0.00130984 0.00679242 0.0244013 0.0608092 0.10568 0.130709 0.123488 0.106413 0.100193 0.095802 0.0803613 0.0591339 0.0412468 0.0279461 0.017661 0.0100077 0.00496998 0.00212257 0.000761428
 3.05411e-11 1.43651e-09 4.67861e-08 1.05515e-06 1.64776e-05 0.000178183 0.00133424 0.00691876 0.0248528 0.06191 0.107428 0.132102 0.122395 0.100834 0.0907659 0.0869873 0.0772401 0.0625417 0.0476126 0.0335759 0.0213726 0.0121894 0.00614244 0.00265189 0.000948553
 3.51488e-11 1.65323e-09 5.38447e-08 1.21433e-06 1.89636e-05 0.000205065 0.00153552 0.00796224 0.0285972 0.0712004 0.123294 0.150407 0.135485 0.103571 0.0837266 0.07434 0.0631063 0.0496865 0.0380557 0.0282001 0.0192512 0.0116444 0.00607604 0.00267084 0.000965134
#spawning biomass
 25838.4 21835.1 17110.8 12147 14073.1 27303.5 41620.7 50069.2 62434.9 86744 100225 122262 151172 166361 186758 172802 150379 154232 147194 151982 147495 143144 150773 176882 172042 178612 179798 173819 157043 160661 201921 142394 92490.6 61061.3 43506.6 34364.7 29807.6 27599.4 26549.5 26056.5 25827.1 25721 25672.1 25649.6 25639.3 25634.6 25632.4 25631.4 25631 25630.8 25630.7 25630.7 25630.6 25630.6 25630.6 25630.6 25630.6 25630.6 25630.6 25630.6 25630.6 25630.6 25630.6 25630.6 25630.6 25630.6 25630.6 25630.6 25630.6 25630.6 25630.6 25630.6 25630.6 25630.6 25630.6 25630.6 25630.6 25630.6 25630.6 25630.6 25630.6 25630.6 25630.6 25630.6 25630.6 25630.6 25630.6 25630.6 25630.6 25630.6 25630.6 25630.6 25630.6 25630.6 25630.6 25630.6 25630.6 25630.6 25630.6 25630.6 25630.6 25630.6 25630.6 25630.6 25630.6 25630.6 25630.6 25630.6 25630.6 25630.6 25630.6 25630.6 25630.6 25630.6 25630.6 25630.6 25630.6 25630.6 25630.6 25630.6 25630.6 25630.6 25630.6 25630.6 25630.6 25630.6 25630.6 25630.6 25630.6 0 0 0 0 0 0 0 0 0 0 0 0 0 0 0 0 0 0 0 0 0 0 0 0 0
