SBPRF35
0.256306
Curr Bio
314618
B35
448076
F35
0.375647
FOFL
0.310815
OFL
120947
Bzero
73230.3
#pred survey bio
 91056.9 81591.3 62017.6 49902.7 74482.2 109802 175448 256924 309272 351133 340834 335073 382907 382070 399279 462419 397685 411287 423792 389959 380092 396469 389135 422158 438788 478489 473626 494682 1.94464e+07 1.05785e+07 7.47335e+06 4.83864e+06 3.08389e+06 2.04026e+06 1.45438e+06 1.13406e+06 959986 864614 811396 780960 763066 752250 745542 741286 738556 736778 735608 734832 734314 733967 733734 733577 733471 733399 733351 733319 733296 733282 733271 733265 733260 733257 733255 733253 733252 733252 733251 733251 733251 733251 733251 733250 733250 733250 733250 733250 733250 733250 733250 733250 733250 733250 733250 733250 733250 733250 733250 733250 733250 733250 733250 733250 733250 733250 733250 733250 733250 733250 733250 733250 733250 733250 733250 733250 733250 733250 733250 733250 733250 733250 733250 733250 733250 733250 733250 733250 733250 733250 733250 733250 733250 733250 733250 733250 733250 733250 733250 733250 0 0 0 0 0 0 0 0 0 0 0 0 0 0 0 0 0 0 0 0 0 0 0 0 0
#obs survey bio
 84358.9 62053.2 35239.8 84246.2 103301 136893 186986 229507 313662 354179 342624 365389 422571 440176 459785 441164 426069 498051 421422 337884 329544 300344 351091 402188 319225 587412 423942 468394
#pred catch bio
 16044.1 16155.6 13882.1 10101.7 20138 25541.4 45034.4 88500.1 109588 153012 154437 134115 181858 184245 177190 260438 185335 177407 201036 177037 170572 193726 170059 187884 185720 228465 218515 194114 120947 129147 88224.2 54861.4 33432.8 21235 14764.1 11478.7 9857.56 9072.59 8697.33 8519.49 8435.7 8396.39 8378 8369.41 8365.41 8363.56 8362.69 8362.29 8362.11 8362.02 8361.98 8361.96 8361.95 8361.95 8361.95 8361.95 8361.94 8361.94 8361.94 8361.94 8361.94 8361.94 8361.94 8361.94 8361.94 8361.94 8361.94 8361.94 8361.94 8361.94 8361.94 8361.94 8361.94 8361.94 8361.94 8361.94 8361.94 8361.94 8361.94 8361.94 8361.94 8361.94 8361.94 8361.94 8361.94 8361.94 8361.94 8361.94 8361.94 8361.94 8361.94 8361.94 8361.94 8361.94 8361.94 8361.94 8361.94 8361.94 8361.94 8361.94 8361.94 8361.94 8361.94 8361.94 8361.94 8361.94 8361.94 8361.94 8361.94 8361.94 8361.94 8361.94 8361.94 8361.94 8361.94 8361.94 8361.94 8361.94 8361.94 8361.94 8361.94 8361.94 8361.94 8361.94 8361.94 8361.94 8361.94 8361.94 0 0 0 0 0 0 0 0 0 0 0 0 0 0 0 0 0 0 0 0 0 0 0 0 0
#obs catch bio
 14818.6 16918.3 15210.8 10140.8 20415.7 24882.1 42665.4 85847.3 106573 151888 150020 131480 184338 183570 175959 264108 184986 169853 197932 173483 172838 201718 171873 188830 185566 217714 220651 192434
#pred cpue bio
 89494.6 80929.7 61838.3 48984.3 71023.1 105747 168588 247744 298745 339736 329392 322959 368631 367549 382899 443576 381627 395973 409397 376509 366721 381353 374136 406404 422852 460835 455640 475663 1.8783e+07 1.05736e+07 7.45914e+06 4.82406e+06 3.06931e+06 2.02567e+06 1.43979e+06 1.11947e+06 945401 850029 796811 766375 748480 737665 730957 726701 723970 722193 721023 720247 719729 719382 719149 718992 718886 718814 718766 718733 718711 718696 718686 718679 718675 718672 718669 718668 718667 718666 718666 718666 718665 718665 718665 718665 718665 718665 718665 718665 718665 718665 718665 718665 718665 718665 718665 718665 718665 718665 718665 718665 718665 718665 718665 718665 718665 718665 718665 718665 718665 718665 718665 718665 718665 718665 718665 718665 718665 718665 718665 718665 718665 718665 718665 718665 718665 718665 718665 718665 718665 718665 718665 718665 718665 718665 718665 718665 718665 718665 718665 718665 0 0 0 0 0 0 0 0 0 0 0 0 0 0 0 0 0 0 0 0 0 0 0 0 0
#obs cpue bio
 111468 57228.8 42048.1 62895.2 66503.1 106794 256574 267031 282528 340131 395521 277303 310673 338693 310983 501721 332183 455915 415186 459628 342282 430390 399267 454274 552487 591313 388950 531887
#pred surv len freq
 2.61785e-11 1.23131e-09 4.01031e-08 9.04424e-07 1.41239e-05 0.000152731 0.00114365 0.00593053 0.0213035 0.0530751 0.092141 0.113509 0.105832 0.0886071 0.0816008 0.0799083 0.0731669 0.0628894 0.0532647 0.0446111 0.0369233 0.0306048 0.0249506 0.0186592 0.0117108
 1.50356e-11 7.07201e-10 2.30331e-08 5.19454e-07 8.11206e-06 8.77218e-05 0.000656896 0.00340704 0.0122479 0.0306047 0.05375 0.0691286 0.0737696 0.0808734 0.0961117 0.105747 0.100389 0.087361 0.0743825 0.0619611 0.049817 0.0387963 0.0290492 0.0200237 0.0118269
 6.96223e-12 3.2747e-10 1.06655e-08 2.40534e-07 3.7563e-06 4.06202e-05 0.000304193 0.00157799 0.00567644 0.0142215 0.0252327 0.0336574 0.0397332 0.0511418 0.0703869 0.0900225 0.104759 0.113762 0.113301 0.101444 0.082823 0.0630015 0.0446132 0.0285729 0.0157233
 3.04774e-11 1.43351e-09 4.66885e-08 1.05294e-06 1.64432e-05 0.000177809 0.00133141 0.00690342 0.0247878 0.0616526 0.106327 0.127673 0.108514 0.0696485 0.0417906 0.0338803 0.0393555 0.0510217 0.0627499 0.0687281 0.0655962 0.0542627 0.038945 0.0240977 0.0125394
 4.55161e-11 2.14086e-09 6.97265e-08 1.5725e-06 2.45569e-05 0.000265548 0.00198838 0.0103099 0.0370206 0.092089 0.158892 0.191124 0.163409 0.106292 0.0625992 0.0403603 0.0272995 0.0182374 0.014575 0.0153955 0.0170725 0.0165851 0.0133053 0.00865322 0.00450085
 3.742e-11 1.76006e-09 5.73239e-08 1.2928e-06 2.01889e-05 0.000218315 0.00163474 0.00847684 0.0304466 0.0758179 0.131376 0.160666 0.145964 0.113892 0.0936349 0.0804434 0.0604508 0.0371819 0.0202077 0.0115015 0.00818193 0.00711823 0.00607576 0.00431137 0.00237882
 3.89426e-11 1.83167e-09 5.96564e-08 1.3454e-06 2.10104e-05 0.000227197 0.00170124 0.00882144 0.031681 0.0788586 0.136419 0.165776 0.14726 0.108202 0.0821141 0.0696135 0.0574547 0.0430515 0.0294429 0.0180105 0.00980515 0.00524895 0.0031597 0.00200988 0.00112077
 3.69018e-11 1.73569e-09 5.65302e-08 1.2749e-06 1.99093e-05 0.000215292 0.0016121 0.00835935 0.0300234 0.0747523 0.129449 0.157934 0.142307 0.108772 0.0874844 0.0761779 0.0617847 0.0448667 0.0309545 0.0205846 0.0125403 0.00674311 0.00325591 0.00149697 0.000666166
 3.60449e-11 1.69538e-09 5.52175e-08 1.24529e-06 1.9447e-05 0.000210292 0.00157466 0.00816526 0.0293266 0.07302 0.126467 0.154383 0.139398 0.107211 0.0872486 0.0771506 0.0639477 0.0477738 0.033693 0.0226102 0.0139871 0.0077795 0.00381271 0.00162157 0.000598937
 3.51995e-11 1.65562e-09 5.39223e-08 1.21608e-06 1.89909e-05 0.00020536 0.00153773 0.00797379 0.0286394 0.0713135 0.123543 0.150963 0.136791 0.106228 0.0877218 0.0784264 0.0655401 0.0495593 0.0356421 0.0245188 0.0155563 0.00885042 0.00441612 0.00188323 0.000670273
 3.6003e-11 1.69341e-09 5.51533e-08 1.24384e-06 1.94244e-05 0.000210048 0.00157283 0.00815574 0.0292921 0.0729312 0.126293 0.154078 0.138824 0.106153 0.0856947 0.075539 0.0629227 0.0477123 0.0345594 0.0240642 0.0155501 0.00905741 0.00463181 0.00201472 0.000722588
 3.74891e-11 1.76331e-09 5.74297e-08 1.29518e-06 2.02262e-05 0.000218717 0.00163775 0.00849228 0.0304999 0.0759288 0.13142 0.160025 0.143192 0.107379 0.0840045 0.0721913 0.0590452 0.0439177 0.0312584 0.0215959 0.0140038 0.00825798 0.00430132 0.0019108 0.000698796
 3.798e-11 1.7864e-09 5.81819e-08 1.31215e-06 2.04911e-05 0.000221582 0.0016592 0.0086035 0.0308992 0.076922 0.133132 0.16208 0.144926 0.108439 0.0844489 0.0720876 0.0583051 0.0425442 0.0295238 0.019902 0.0126635 0.00739373 0.00385442 0.00172945 0.000642188
 3.82395e-11 1.7986e-09 5.85794e-08 1.32111e-06 2.0631e-05 0.000223096 0.00167053 0.00866227 0.0311103 0.0774476 0.134043 0.163192 0.14593 0.109197 0.0849944 0.0723716 0.0581619 0.041909 0.0285334 0.0187907 0.0116512 0.00663306 0.0033916 0.00150688 0.000559353
 3.98371e-11 1.87375e-09 6.10268e-08 1.37631e-06 2.1493e-05 0.000232416 0.00174032 0.00902406 0.0324085 0.0806672 0.139532 0.169485 0.150299 0.109799 0.0821591 0.0679701 0.0540063 0.0387147 0.0261858 0.017043 0.0103742 0.00576439 0.0028708 0.00124582 0.00045463
 3.95161e-11 1.85865e-09 6.0535e-08 1.36522e-06 2.13198e-05 0.000230544 0.0017263 0.0089514 0.032148 0.0800245 0.138458 0.168356 0.149862 0.110657 0.0841819 0.070184 0.0553206 0.0388187 0.0255618 0.0162837 0.00976217 0.00534153 0.00260859 0.00110613 0.000394333
 3.92251e-11 1.84496e-09 6.00892e-08 1.35516e-06 2.11628e-05 0.000228846 0.00171359 0.00888551 0.0319117 0.0794395 0.137468 0.167257 0.149223 0.110904 0.0852625 0.0716024 0.0565179 0.0395138 0.0257504 0.0161054 0.00942422 0.00502685 0.0023987 0.000995991 0.000347822
 3.75255e-11 1.76502e-09 5.74856e-08 1.29644e-06 2.02458e-05 0.00021893 0.00163934 0.00850061 0.0305306 0.076013 0.131618 0.160516 0.144427 0.10995 0.087867 0.0760678 0.0612269 0.0436595 0.0290197 0.0183441 0.0107028 0.00562547 0.00262534 0.00106332 0.00036253
 3.57967e-11 1.68371e-09 5.48372e-08 1.23672e-06 1.93131e-05 0.000208844 0.00156382 0.00810908 0.0291253 0.0725237 0.125641 0.153532 0.139133 0.108047 0.0891087 0.0792525 0.0653822 0.0482012 0.0333375 0.0218178 0.0130482 0.00695505 0.00325143 0.00130383 0.000436657
 3.63683e-11 1.71059e-09 5.57129e-08 1.25646e-06 1.96215e-05 0.000212179 0.00158879 0.00823848 0.0295892 0.0736702 0.127568 0.155611 0.14013 0.10699 0.0861455 0.0757231 0.0628217 0.0472469 0.033692 0.0228576 0.0142043 0.00785331 0.00377794 0.00154047 0.000518252
 3.68047e-11 1.73112e-09 5.63813e-08 1.27154e-06 1.98569e-05 0.000214725 0.00160785 0.00833731 0.0299439 0.074551 0.129078 0.157375 0.14147 0.107464 0.085766 0.0746899 0.0613104 0.0455288 0.0322341 0.0220445 0.0140353 0.00803445 0.00401391 0.00169394 0.000585296
 3.84873e-11 1.81026e-09 5.8959e-08 1.32967e-06 2.07647e-05 0.000224542 0.00168135 0.00871836 0.0313113 0.0779428 0.134865 0.16403 0.146157 0.108284 0.0830428 0.0702547 0.0568961 0.0418399 0.0292862 0.0198083 0.0125475 0.00723076 0.00368539 0.00160138 0.000571268
 3.84819e-11 1.81001e-09 5.89507e-08 1.32948e-06 2.07618e-05 0.00022451 0.00168112 0.00871718 0.0313075 0.0779378 0.134887 0.164201 0.146769 0.109675 0.0851177 0.0721515 0.0575645 0.0410285 0.0276484 0.018145 0.0112764 0.00642758 0.00326801 0.00143087 0.000519094
 3.77506e-11 1.77561e-09 5.78305e-08 1.30422e-06 2.03673e-05 0.000220244 0.00164918 0.00855157 0.0307132 0.0764636 0.132371 0.161304 0.144719 0.109305 0.0863458 0.0743081 0.0599715 0.0432055 0.0292143 0.018918 0.0114302 0.00631268 0.00313243 0.00135377 0.00048995
 3.72402e-11 1.7516e-09 5.70485e-08 1.28659e-06 2.00919e-05 0.000217266 0.00162688 0.00843597 0.0302983 0.075433 0.130604 0.15923 0.143117 0.108657 0.0865839 0.0751316 0.0611693 0.0446448 0.0306819 0.0201348 0.0122171 0.00668839 0.00325141 0.0013707 0.000485817
 3.76764e-11 1.77212e-09 5.77167e-08 1.30165e-06 2.03272e-05 0.00021981 0.00164593 0.00853472 0.0306524 0.0763097 0.132087 0.160875 0.14407 0.108282 0.0849878 0.0731129 0.0596006 0.0438759 0.0305609 0.0203642 0.0125444 0.00694887 0.00339067 0.00141991 0.000495823
 3.82385e-11 1.79856e-09 5.85778e-08 1.32107e-06 2.06305e-05 0.00022309 0.00167049 0.00866203 0.0311094 0.0774447 0.134033 0.163159 0.145832 0.108986 0.0846834 0.0720919 0.0580856 0.0421048 0.028918 0.019192 0.0119064 0.00668353 0.00330609 0.00139771 0.000489388
 3.84333e-11 1.80772e-09 5.88763e-08 1.32781e-06 2.07356e-05 0.000224227 0.001679 0.00870617 0.0312679 0.0778387 0.134712 0.16397 0.146507 0.109379 0.084827 0.0720437 0.0578355 0.0416294 0.0282648 0.0184969 0.0113326 0.00632181 0.00313414 0.00133604 0.000472323
#obs surv len freq
 2.54577e-11 1.19741e-09 3.89988e-08 8.79522e-07 1.3735e-05 0.000148525 0.00111216 0.00576725 0.0207173 0.0516169 0.0896257 0.110488 0.103266 0.0869878 0.0807896 0.0797579 0.0739551 0.0652276 0.0576589 0.0507058 0.042906 0.0338147 0.0238608 0.014424 0.00715598
 5.30477e-12 2.49511e-10 8.12641e-09 1.83272e-07 2.8621e-06 3.09516e-05 0.000231823 0.00120329 0.00433893 0.0109725 0.0201595 0.0300656 0.0447601 0.0718059 0.105058 0.12401 0.120466 0.106396 0.0923962 0.0792975 0.065956 0.0518942 0.0369911 0.0226399 0.0113225
 1.78932e-14 8.41629e-13 2.74135e-11 6.18438e-10 9.66989e-09 1.05086e-07 8.02329e-07 4.47873e-06 2.06312e-05 9.63899e-05 0.000477115 0.00207701 0.00696055 0.0176969 0.0361642 0.0641688 0.101079 0.135758 0.151115 0.142714 0.120473 0.0938038 0.0663273 0.0406249 0.0204383
 5.31893e-11 2.50177e-09 8.14809e-08 1.8376e-06 2.86967e-05 0.000310313 0.00232356 0.0120474 0.0432533 0.10753 0.18511 0.220657 0.182146 0.104179 0.0415544 0.0124846 0.00527259 0.00682355 0.0110055 0.0147697 0.0159946 0.0141991 0.0105234 0.00650769 0.00327719
 3.29837e-11 1.55139e-09 5.05279e-08 1.13953e-06 1.77954e-05 0.000192434 0.00144096 0.00747248 0.0268457 0.0669141 0.116379 0.144356 0.137609 0.12055 0.113581 0.102868 0.0737802 0.038665 0.0157068 0.00747396 0.00666286 0.00701068 0.0061158 0.00416429 0.00219241
 4.19423e-11 1.97276e-09 6.42516e-08 1.44904e-06 2.26288e-05 0.000244698 0.00183227 0.00950065 0.0341172 0.0848912 0.146641 0.177192 0.154174 0.106521 0.0728492 0.0583984 0.0499743 0.0404596 0.0289365 0.017075 0.00828598 0.0039662 0.00240557 0.00160731 0.000904403
 3.843e-11 1.80756e-09 5.88712e-08 1.32769e-06 2.07338e-05 0.000224207 0.00167886 0.00870548 0.0312662 0.0778408 0.13476 0.164238 0.147405 0.111353 0.0875969 0.0741266 0.0576894 0.0395037 0.0259733 0.017185 0.0106153 0.0056356 0.00257981 0.00111682 0.00048456
 3.86805e-11 1.81934e-09 5.92548e-08 1.33635e-06 2.0869e-05 0.000225668 0.00168979 0.00876212 0.0314686 0.0783348 0.135547 0.16488 0.146983 0.10905 0.0838609 0.0711571 0.0576995 0.0421412 0.0286905 0.0183812 0.0108647 0.00585163 0.00280902 0.00116552 0.000415083
 3.46845e-11 1.63139e-09 5.31333e-08 1.19829e-06 1.8713e-05 0.000202355 0.00151524 0.00785722 0.0282219 0.0702845 0.121834 0.149222 0.136319 0.108125 0.0917796 0.0828383 0.0682203 0.049831 0.0342912 0.022617 0.0137703 0.00749517 0.00357954 0.00146951 0.00050646
 3.6381e-11 1.71119e-09 5.57323e-08 1.2569e-06 1.96284e-05 0.000212253 0.00158934 0.00824131 0.0295991 0.0736898 0.127571 0.155468 0.139541 0.105615 0.0841132 0.0739531 0.0623867 0.0482917 0.0353743 0.0243163 0.015172 0.00843745 0.00411144 0.00170802 0.000587404
 3.6342e-11 1.70935e-09 5.56725e-08 1.25556e-06 1.96073e-05 0.000212026 0.00158764 0.00823253 0.029568 0.0736177 0.127481 0.155521 0.140098 0.107039 0.0861625 0.0754283 0.0620087 0.0461754 0.0330338 0.0230435 0.0150163 0.00876286 0.00443648 0.00189308 0.000662552
 3.91367e-11 1.8408e-09 5.99538e-08 1.35211e-06 2.11151e-05 0.00022833 0.00170972 0.0088654 0.0318388 0.079249 0.13708 0.16651 0.14768 0.107964 0.0810385 0.0676442 0.0548077 0.0406733 0.0288043 0.0196918 0.0126273 0.00740019 0.00384636 0.00170227 0.00061662
 3.67998e-11 1.73089e-09 5.63739e-08 1.27137e-06 1.98543e-05 0.000214697 0.00160764 0.00833627 0.029941 0.0745498 0.129119 0.157629 0.142344 0.109432 0.0886836 0.0773191 0.0621392 0.044194 0.0297033 0.0195496 0.0122588 0.00707768 0.00365353 0.00162667 0.000600298
 3.93867e-11 1.85256e-09 6.03367e-08 1.36074e-06 2.125e-05 0.000229788 0.00172064 0.00892202 0.0320421 0.0797546 0.137952 0.167557 0.14857 0.108534 0.0813809 0.0679062 0.0550116 0.0406582 0.0283263 0.0186888 0.0113732 0.0063092 0.00315528 0.00138006 0.000506696
 4.0064e-11 1.88442e-09 6.13742e-08 1.38414e-06 2.16154e-05 0.00023374 0.00175023 0.00907544 0.0325931 0.0811269 0.140329 0.170462 0.151192 0.110477 0.0825904 0.0679782 0.0533673 0.0375572 0.0250242 0.0162837 0.0100057 0.00558189 0.00275467 0.0011738 0.00042011
 3.90767e-11 1.83798e-09 5.98618e-08 1.35003e-06 2.10827e-05 0.00022798 0.0017071 0.00885189 0.0317913 0.0791406 0.136959 0.166681 0.148842 0.110904 0.0856009 0.0720563 0.0568615 0.0396769 0.0258113 0.0161741 0.00954893 0.00517798 0.00252127 0.00106602 0.000377094
 3.93662e-11 1.8516e-09 6.03053e-08 1.36004e-06 2.12389e-05 0.000229669 0.00171975 0.00891743 0.0320262 0.0797208 0.137932 0.167714 0.149289 0.110252 0.0839883 0.0703475 0.0560009 0.0398751 0.0265202 0.01676 0.00977427 0.00514961 0.00242243 0.000994483 0.000344589
 3.5822e-11 1.68489e-09 5.48758e-08 1.23759e-06 1.93267e-05 0.000208992 0.00156493 0.00811484 0.0291466 0.0725806 0.125769 0.153825 0.139829 0.109445 0.0910986 0.0809686 0.0657831 0.0471028 0.03152 0.0201683 0.0119423 0.00634636 0.00296805 0.00119451 0.000403042
 3.69232e-11 1.73669e-09 5.65628e-08 1.27563e-06 1.99209e-05 0.000215416 0.00161303 0.00836412 0.0300401 0.0747871 0.129466 0.157754 0.141514 0.106916 0.0847987 0.0740292 0.0616759 0.0467881 0.0334237 0.0223785 0.013571 0.00731707 0.00345874 0.00139848 0.000469705
 3.63547e-11 1.70995e-09 5.56919e-08 1.25599e-06 1.96141e-05 0.000212099 0.00158819 0.0082354 0.0295785 0.0736448 0.127536 0.155624 0.14031 0.107449 0.0867895 0.0761266 0.0625489 0.0463861 0.032844 0.0225023 0.0143059 0.00810962 0.00398114 0.00164738 0.000560092
 3.70262e-11 1.74153e-09 5.67205e-08 1.27919e-06 1.99764e-05 0.000216017 0.00161753 0.00838746 0.030124 0.0749966 0.129833 0.158224 0.142 0.107383 0.0851497 0.0739305 0.0607851 0.0452826 0.0320566 0.0218146 0.013836 0.0079591 0.0040352 0.00173618 0.000611019
 3.92602e-11 1.84661e-09 6.01428e-08 1.35637e-06 2.11817e-05 0.00022905 0.00171511 0.00889337 0.0319394 0.0795003 0.137522 0.16708 0.148291 0.108617 0.0817178 0.0681231 0.0547868 0.0401304 0.0280206 0.0189323 0.0119799 0.00689335 0.00351549 0.00153626 0.000554133
 3.66767e-11 1.72509e-09 5.61852e-08 1.26712e-06 1.97879e-05 0.000213978 0.00160226 0.00830838 0.029841 0.0743022 0.1287 0.157165 0.142077 0.109547 0.0891692 0.0779822 0.0627504 0.0446045 0.0298514 0.0194582 0.0120319 0.00683521 0.00346874 0.00151858 0.000552264
 3.8299e-11 1.8014e-09 5.86704e-08 1.32317e-06 2.06631e-05 0.000223443 0.00167313 0.0086757 0.0311583 0.0775624 0.134212 0.163263 0.145567 0.10807 0.0832591 0.0709379 0.058045 0.0431674 0.0302165 0.019967 0.0121113 0.006659 0.00328483 0.0014136 0.000510596
 3.59217e-11 1.68959e-09 5.50287e-08 1.24104e-06 1.93806e-05 0.000209574 0.00156928 0.00813741 0.0292273 0.0727783 0.126089 0.154109 0.139746 0.108672 0.0896396 0.0792945 0.0645282 0.0466533 0.0319222 0.0211894 0.0131571 0.00736284 0.00362271 0.00153082 0.000541233
 3.98809e-11 1.8758e-09 6.10937e-08 1.37782e-06 2.15166e-05 0.000232672 0.00174223 0.00903391 0.0324433 0.0807475 0.139629 0.169404 0.149597 0.107995 0.0794077 0.0654866 0.0532324 0.0399325 0.0284005 0.0191223 0.011825 0.00659964 0.00326612 0.00138942 0.000490801
 3.78655e-11 1.78101e-09 5.80063e-08 1.30819e-06 2.04293e-05 0.000220914 0.00165419 0.00857761 0.0308071 0.0766996 0.132796 0.161902 0.145503 0.110369 0.0875593 0.0750051 0.0594249 0.0415534 0.0274736 0.0179212 0.0111643 0.00634034 0.00317116 0.00135485 0.000479813
 3.86798e-11 1.81931e-09 5.92538e-08 1.33632e-06 2.08686e-05 0.000225664 0.00168976 0.00876196 0.031468 0.0783335 0.135546 0.164883 0.146997 0.109077 0.0838658 0.0710624 0.0574632 0.041871 0.0285732 0.0184583 0.0110221 0.00601156 0.00295422 0.00126352 0.000450655
#pred catch len freq
 2.50307e-11 1.17732e-09 3.83447e-08 8.64769e-07 1.35046e-05 0.000146034 0.00109351 0.00567058 0.0203706 0.0507601 0.0881843 0.108928 0.102498 0.0877341 0.0829604 0.0823771 0.0757249 0.0651169 0.0551353 0.0461674 0.0382078 0.0316685 0.0258175 0.0193074 0.0121177
 1.41868e-11 6.67281e-10 2.17329e-08 4.90132e-07 7.65415e-06 8.27703e-05 0.000619821 0.00321484 0.0115581 0.0288931 0.0508256 0.0657471 0.0713232 0.0802722 0.0971875 0.107652 0.102347 0.0890536 0.0757947 0.0631227 0.0507462 0.0395187 0.0295898 0.0203962 0.0120469
 6.52055e-12 3.06695e-10 9.98887e-09 2.25274e-07 3.51801e-06 3.80434e-05 0.000284899 0.00147796 0.00531741 0.0133301 0.0237056 0.0318729 0.0383795 0.0506492 0.070678 0.0907617 0.105674 0.114724 0.11423 0.102262 0.0834869 0.0635052 0.0449695 0.028801 0.0158488
 2.93693e-11 1.38139e-09 4.4991e-08 1.01466e-06 1.58453e-05 0.000171344 0.001283 0.00665243 0.0238868 0.0594139 0.102481 0.123128 0.104892 0.0678942 0.0416813 0.0347621 0.0408444 0.0530417 0.0652363 0.0714476 0.06819 0.0564078 0.0404844 0.0250502 0.013035
 4.48275e-11 2.10847e-09 6.86715e-08 1.54871e-06 2.41854e-05 0.00026153 0.0019583 0.010154 0.036461 0.0907007 0.156522 0.188393 0.161466 0.105888 0.0635648 0.0418951 0.0286615 0.019207 0.0153504 0.0162086 0.0179719 0.0174584 0.0140059 0.00910887 0.00473785
 3.64275e-11 1.71337e-09 5.58035e-08 1.25851e-06 1.96534e-05 0.000212524 0.00159138 0.00825209 0.0296403 0.0738194 0.127976 0.156809 0.14342 0.113898 0.0959635 0.0837019 0.063223 0.0389298 0.0211539 0.0120341 0.00855786 0.00744447 0.00635408 0.00450885 0.00248778
 3.80278e-11 1.78864e-09 5.8255e-08 1.31379e-06 2.05168e-05 0.00022186 0.00166128 0.00861428 0.0309377 0.0770154 0.133278 0.162183 0.144794 0.107944 0.0838909 0.0723448 0.0600654 0.0450559 0.0308079 0.0188404 0.0102553 0.00548951 0.0033044 0.00210189 0.00117208
 3.61057e-11 1.69824e-09 5.53105e-08 1.24739e-06 1.94798e-05 0.000210647 0.00157732 0.00817906 0.0293766 0.0731484 0.126717 0.154814 0.140185 0.108596 0.0890929 0.0785821 0.0640058 0.0465097 0.0320773 0.0213237 0.0129883 0.00698355 0.00337193 0.00155029 0.000689893
 3.52562e-11 1.65828e-09 5.40092e-08 1.21804e-06 1.90215e-05 0.000205691 0.00154021 0.00798665 0.0286858 0.0714308 0.123759 0.151286 0.137274 0.106991 0.088777 0.0794791 0.0661409 0.0494396 0.034856 0.0233829 0.0144628 0.00804354 0.00394202 0.00167655 0.000619244
 3.45686e-11 1.62594e-09 5.29559e-08 1.19429e-06 1.86505e-05 0.000201679 0.00151017 0.00783092 0.0281268 0.0700423 0.121377 0.148484 0.135087 0.10604 0.0889244 0.0802665 0.0672775 0.0508869 0.0365819 0.0251566 0.0159584 0.0090786 0.00452988 0.00193173 0.000687532
 3.54178e-11 1.66588e-09 5.42567e-08 1.22362e-06 1.91087e-05 0.000206633 0.00154727 0.00802321 0.0288166 0.071752 0.124284 0.151778 0.13724 0.105971 0.0867983 0.0772328 0.0645245 0.0489399 0.0354339 0.0246645 0.0159354 0.0092813 0.0047462 0.00206447 0.000740427
 3.68117e-11 1.73145e-09 5.63921e-08 1.27178e-06 1.98607e-05 0.000214766 0.00160816 0.00833889 0.0299495 0.074564 0.129094 0.157365 0.141365 0.107184 0.0853045 0.0741705 0.0609016 0.0453226 0.0322467 0.0222709 0.0144391 0.00851417 0.00443467 0.00197002 0.000720453
 3.74633e-11 1.76209e-09 5.73903e-08 1.29429e-06 2.02123e-05 0.000218567 0.00163662 0.00848648 0.0304794 0.0758809 0.131359 0.160054 0.143546 0.108319 0.0854828 0.0736374 0.0597383 0.0436036 0.030246 0.0203811 0.0129659 0.00756977 0.0039461 0.00177057 0.000657456
 3.77412e-11 1.77516e-09 5.7816e-08 1.30389e-06 2.03622e-05 0.000220188 0.00164876 0.00854942 0.0307054 0.0764437 0.132333 0.161241 0.144606 0.109098 0.0860173 0.0738918 0.0595578 0.0429277 0.0292143 0.0192315 0.0119222 0.00678683 0.00347014 0.00154176 0.000572299
 3.92823e-11 1.84765e-09 6.01768e-08 1.35714e-06 2.11936e-05 0.000229179 0.00171608 0.00889842 0.0319577 0.0795494 0.137628 0.167313 0.148826 0.10969 0.083301 0.0696676 0.0555669 0.0398554 0.0269473 0.017532 0.0106698 0.00592817 0.00295229 0.00128117 0.000467529
 3.921e-11 1.84425e-09 6.00661e-08 1.35464e-06 2.11546e-05 0.000228758 0.00171293 0.00888208 0.0318993 0.0794079 0.137408 0.167161 0.14906 0.110622 0.0848482 0.0711532 0.0561919 0.0394321 0.0259524 0.0165251 0.00990471 0.00541906 0.00264638 0.00112214 0.00040004
 3.87051e-11 1.8205e-09 5.92926e-08 1.33719e-06 2.08822e-05 0.000225812 0.00169087 0.00876774 0.0314892 0.078392 0.135685 0.165226 0.147857 0.110837 0.086385 0.0732429 0.0580021 0.0405687 0.0264272 0.0165218 0.00966582 0.00515527 0.00245991 0.0010214 0.000356692
 3.69106e-11 1.7361e-09 5.65435e-08 1.2752e-06 1.99141e-05 0.000215343 0.00161248 0.00836136 0.030031 0.0747743 0.129509 0.158112 0.142803 0.109849 0.0891633 0.0779816 0.0629776 0.0449269 0.0298505 0.018862 0.0110027 0.00578268 0.00269863 0.00109299 0.000372645
 3.52553e-11 1.65824e-09 5.40078e-08 1.21801e-06 1.9021e-05 0.000205686 0.00154017 0.00798647 0.0286854 0.071433 0.123783 0.151411 0.137689 0.107927 0.0902037 0.0808949 0.0669083 0.0493354 0.034107 0.022313 0.013342 0.00711112 0.0033243 0.00133304 0.000446437
 3.57885e-11 1.68332e-09 5.48246e-08 1.23643e-06 1.93087e-05 0.000208796 0.00156346 0.00810718 0.0291181 0.072502 0.125578 0.153334 0.138569 0.106827 0.0872671 0.0774319 0.064431 0.0484706 0.0345503 0.0234317 0.0145586 0.0080487 0.00387185 0.00157875 0.000531128
 3.62183e-11 1.70354e-09 5.54831e-08 1.25128e-06 1.95406e-05 0.000211304 0.00158224 0.00820453 0.0294675 0.0733697 0.127065 0.155074 0.139895 0.107308 0.0869107 0.0764231 0.0629296 0.0467465 0.0330826 0.0226165 0.014397 0.00824099 0.00411701 0.00173743 0.000600323
 3.80063e-11 1.78764e-09 5.82221e-08 1.31305e-06 2.05052e-05 0.000221735 0.00166034 0.00860943 0.0309204 0.0769737 0.133214 0.162143 0.144869 0.108166 0.083997 0.0716909 0.0582304 0.0428334 0.0299687 0.0202622 0.0128328 0.00739462 0.00376882 0.00163762 0.000584195
 3.78922e-11 1.78227e-09 5.80474e-08 1.30911e-06 2.04437e-05 0.00022107 0.00165536 0.00858365 0.0308284 0.07675 0.132864 0.161893 0.145206 0.109565 0.0863385 0.0739587 0.0592165 0.0422264 0.0284444 0.0186601 0.0115943 0.00660825 0.00335979 0.00147104 0.000533666
 3.71674e-11 1.74818e-09 5.69371e-08 1.28407e-06 2.00526e-05 0.000216841 0.0016237 0.00841951 0.0302394 0.0752888 0.13037 0.159021 0.14317 0.109191 0.0875478 0.0760953 0.0616156 0.0444076 0.0300152 0.0194292 0.0117368 0.0064815 0.00321611 0.00138992 0.000503033
 3.66054e-11 1.72174e-09 5.60761e-08 1.26465e-06 1.97494e-05 0.000213562 0.00159915 0.00829222 0.0297825 0.0741542 0.128425 0.156743 0.141424 0.108516 0.087867 0.0770539 0.0629515 0.0459653 0.0315774 0.0207148 0.0125668 0.00687932 0.00334414 0.00140978 0.000499666
 3.71615e-11 1.7479e-09 5.6928e-08 1.28387e-06 2.00495e-05 0.000216807 0.00162344 0.00841814 0.0302341 0.0752725 0.13032 0.158856 0.142694 0.108161 0.0860171 0.0746605 0.0610394 0.0449475 0.031294 0.0208448 0.0128381 0.00711111 0.00346975 0.00145301 0.000507381
 3.7696e-11 1.77304e-09 5.77468e-08 1.30233e-06 2.03378e-05 0.000219925 0.00164679 0.0085392 0.0306687 0.0763519 0.132172 0.161034 0.144388 0.10887 0.0857854 0.0737364 0.0596021 0.0432201 0.0296718 0.0196847 0.0122098 0.00685334 0.00339001 0.00143318 0.000501803
 3.77544e-11 1.77579e-09 5.78362e-08 1.30435e-06 2.03693e-05 0.000220266 0.00164934 0.00855242 0.0307162 0.0764709 0.132382 0.161311 0.144702 0.109239 0.0862143 0.0741112 0.0597406 0.0430274 0.0292039 0.0191045 0.0117026 0.00652777 0.00323616 0.00137952 0.000487693
#obs catch len freq
 2.37742e-11 1.11822e-09 3.64198e-08 8.2136e-07 1.28267e-05 0.000138703 0.00103862 0.00538594 0.0193483 0.0482133 0.0837659 0.103501 0.0975061 0.083784 0.0799617 0.080907 0.0771278 0.0702108 0.0633988 0.0558221 0.0465388 0.0359289 0.0249515 0.0149945 0.00746222
 2.43359e-11 1.14464e-09 3.72802e-08 8.40763e-07 1.31297e-05 0.00014198 0.00106316 0.00551319 0.0198056 0.0493542 0.0857581 0.106008 0.0999987 0.0861177 0.0820923 0.0821449 0.0764479 0.0674395 0.0595834 0.0523766 0.0443092 0.0349158 0.0246359 0.0148919 0.00738797
 4.9455e-12 2.32613e-10 7.57605e-09 1.7086e-07 2.66827e-06 2.88556e-05 0.000216129 0.00112193 0.00404699 0.0102482 0.0189233 0.028642 0.0437497 0.0716078 0.1056 0.1249 0.121339 0.107103 0.0929507 0.0797389 0.0663062 0.0521622 0.0371792 0.022754 0.0113793
 1.66659e-14 7.83902e-13 2.55334e-11 5.76037e-10 9.00778e-09 9.79273e-08 7.48769e-07 4.20187e-06 1.96492e-05 9.40678e-05 0.000473932 0.00207707 0.00697328 0.0177331 0.0362243 0.0642358 0.101129 0.135778 0.151103 0.142676 0.120421 0.0937512 0.0662848 0.040597 0.0204238
 5.28627e-11 2.48641e-09 8.09807e-08 1.82632e-06 2.85206e-05 0.000308408 0.00230929 0.0119734 0.0429878 0.10687 0.183974 0.219303 0.181029 0.103545 0.0413245 0.0124923 0.00546071 0.00724168 0.0117089 0.0157147 0.0170171 0.0151061 0.0111951 0.00692284 0.00348619
 3.19833e-11 1.50434e-09 4.89953e-08 1.10497e-06 1.72557e-05 0.000186597 0.00139726 0.00724594 0.0260331 0.0649008 0.112961 0.140505 0.135165 0.12082 0.116309 0.10647 0.0766222 0.0401886 0.0163235 0.00775705 0.00690658 0.00726505 0.0063374 0.00431512 0.00227178
 4.11462e-11 1.93532e-09 6.3032e-08 1.42153e-06 2.21993e-05 0.000240053 0.00179749 0.00932037 0.0334704 0.0832867 0.143904 0.174049 0.151973 0.106178 0.0742348 0.0606703 0.0522979 0.0423915 0.0303112 0.017881 0.00867508 0.00415119 0.00251701 0.00168155 0.000946146
 3.76054e-11 1.76878e-09 5.7608e-08 1.29921e-06 2.0289e-05 0.000219397 0.00164284 0.00851875 0.0305963 0.07618 0.131933 0.16102 0.145251 0.111266 0.0893994 0.0767277 0.0600008 0.0411152 0.0270167 0.0178633 0.0110301 0.00585474 0.00267981 0.00115999 0.000503253
 3.78289e-11 1.77929e-09 5.79502e-08 1.30692e-06 2.04095e-05 0.0002207 0.00165259 0.00856926 0.0307767 0.0766191 0.132625 0.161543 0.144711 0.10886 0.0855841 0.0737474 0.0601142 0.0439379 0.0298997 0.0191456 0.0113125 0.00609145 0.00292373 0.00121301 0.000431975
 3.39284e-11 1.59583e-09 5.19751e-08 1.17217e-06 1.83051e-05 0.000197945 0.00148221 0.00768601 0.0276077 0.0687615 0.11924 0.146261 0.134309 0.107972 0.0933282 0.0851449 0.0703461 0.0513928 0.0353424 0.023296 0.0141784 0.00771566 0.00368436 0.00151242 0.00052122
 3.56884e-11 1.67861e-09 5.46713e-08 1.23298e-06 1.92547e-05 0.000208213 0.00155909 0.00808448 0.0290363 0.0722943 0.125192 0.152744 0.13766 0.105387 0.0854022 0.0759515 0.0643015 0.0497838 0.0364443 0.0250382 0.0156172 0.00868327 0.00423068 0.00175742 0.000604364
 3.56655e-11 1.67753e-09 5.46362e-08 1.23218e-06 1.92423e-05 0.000208079 0.00155809 0.00807933 0.0290184 0.0722547 0.125159 0.152866 0.138281 0.10686 0.0874832 0.0774239 0.0638666 0.0475677 0.034006 0.023707 0.015443 0.00901007 0.00456111 0.00194612 0.000681087
 3.85033e-11 1.81101e-09 5.89834e-08 1.33023e-06 2.07734e-05 0.000224635 0.00168205 0.00872196 0.0313241 0.0779728 0.134905 0.164024 0.145978 0.107794 0.0822745 0.0695168 0.0565582 0.0419887 0.0297168 0.0203032 0.0130145 0.00762548 0.00396296 0.00175375 0.000635241
 3.61981e-11 1.70258e-09 5.5452e-08 1.25058e-06 1.95297e-05 0.000211186 0.00158136 0.00820001 0.0294521 0.0733377 0.127055 0.155277 0.140757 0.109337 0.0899546 0.079185 0.0638297 0.0454017 0.0304923 0.0200548 0.0125703 0.0072558 0.00374497 0.00166725 0.00061525
 3.8847e-11 1.82717e-09 5.95098e-08 1.3421e-06 2.09588e-05 0.00022664 0.00169706 0.00879979 0.0316036 0.0786673 0.136099 0.165441 0.147127 0.108409 0.0824642 0.0695355 0.0565289 0.0417885 0.0290938 0.0191832 0.0116696 0.0064721 0.00323628 0.00141537 0.000519634
 3.95985e-11 1.86252e-09 6.06611e-08 1.36806e-06 2.13643e-05 0.000231024 0.0017299 0.00897004 0.032215 0.0801894 0.138733 0.168644 0.149969 0.110416 0.0835916 0.069439 0.0546837 0.0384893 0.0256254 0.0166627 0.010234 0.00570793 0.00281648 0.00120004 0.000429481
 3.85761e-11 1.81443e-09 5.90949e-08 1.33274e-06 2.08126e-05 0.000225059 0.00168523 0.00873853 0.0313846 0.0781324 0.135243 0.164727 0.147534 0.110852 0.0866997 0.0736514 0.058294 0.0406819 0.0264453 0.0165594 0.00977196 0.00529755 0.0025791 0.00109037 0.00038569
 3.87354e-11 1.82193e-09 5.9339e-08 1.33824e-06 2.08986e-05 0.000225989 0.00169219 0.00877459 0.0315137 0.0784501 0.135768 0.165248 0.147625 0.110153 0.085326 0.0723183 0.0578005 0.0411733 0.0273664 0.0172838 0.0100757 0.00530715 0.00249616 0.00102466 0.000355027
 3.51523e-11 1.6534e-09 5.385e-08 1.21445e-06 1.89655e-05 0.000205085 0.00153568 0.0079632 0.0286025 0.0712318 0.123472 0.151207 0.138064 0.109342 0.0925198 0.0830592 0.0676877 0.0484734 0.0324146 0.0207272 0.0122683 0.0065181 0.00304794 0.00122656 0.000413832
 3.62125e-11 1.70326e-09 5.54741e-08 1.25108e-06 1.95374e-05 0.00021127 0.00158198 0.00820318 0.0294626 0.0733552 0.127026 0.154963 0.139598 0.106713 0.0861707 0.0761277 0.0636639 0.0483098 0.0344896 0.0230793 0.0139912 0.00754207 0.00356462 0.00144116 0.000484018
 3.57137e-11 1.6798e-09 5.471e-08 1.23385e-06 1.92683e-05 0.00020836 0.0015602 0.00809026 0.0290577 0.0723536 0.125336 0.153111 0.138594 0.107293 0.0880624 0.0780408 0.0643258 0.0477096 0.033757 0.0231133 0.0146888 0.00832499 0.00408637 0.0016908 0.000574828
 3.64244e-11 1.71323e-09 5.57988e-08 1.2584e-06 1.96518e-05 0.000212506 0.00159124 0.0082512 0.0296351 0.0737843 0.127768 0.155864 0.140387 0.107231 0.0863373 0.075723 0.062456 0.0465325 0.032918 0.0223867 0.0141935 0.00816299 0.00413803 0.00178029 0.000626517
 3.86445e-11 1.81765e-09 5.91996e-08 1.3351e-06 2.08495e-05 0.000225458 0.00168822 0.00875395 0.0314391 0.0782599 0.135408 0.164667 0.146646 0.108473 0.0829489 0.0699705 0.0564984 0.0413992 0.0288875 0.0195058 0.0123381 0.00709788 0.00361934 0.00158152 0.000570433
 3.60465e-11 1.69545e-09 5.52198e-08 1.24535e-06 1.94479e-05 0.000210302 0.00157474 0.00816569 0.029329 0.0730329 0.126539 0.154702 0.140416 0.109449 0.0905039 0.0799414 0.0645269 0.0458745 0.0306792 0.019984 0.0123518 0.00701531 0.00355965 0.00155826 0.000566668
 3.76995e-11 1.7732e-09 5.7752e-08 1.30245e-06 2.03397e-05 0.000219945 0.00164694 0.00853994 0.0306712 0.0763546 0.132155 0.160913 0.143963 0.107924 0.0844527 0.0727397 0.0597293 0.0444296 0.0310793 0.0205249 0.012445 0.00684091 0.00337408 0.00145189 0.000524399
 3.5269e-11 1.65888e-09 5.40287e-08 1.21849e-06 1.90284e-05 0.000205766 0.00154077 0.00798959 0.028697 0.0714634 0.123849 0.151555 0.138016 0.10855 0.0909922 0.0812967 0.0663593 0.0479829 0.0328083 0.0217632 0.0135081 0.00755755 0.00371803 0.00157098 0.000555403
 3.93373e-11 1.85024e-09 6.0261e-08 1.35904e-06 2.12233e-05 0.0002295 0.00171848 0.00891081 0.0320017 0.0796523 0.137763 0.167271 0.148136 0.107848 0.0804679 0.0670988 0.0547489 0.0410812 0.029198 0.0196474 0.0121453 0.00677688 0.00335338 0.00142643 0.000503849
 3.72644e-11 1.75274e-09 5.70855e-08 1.28742e-06 2.0105e-05 0.000217407 0.00162794 0.00844149 0.0303188 0.0754889 0.130735 0.159555 0.143926 0.110292 0.088855 0.0768916 0.0611195 0.0427476 0.0282425 0.0184095 0.0114635 0.00650874 0.00325496 0.00139055 0.000492432
#spawning biomass
 75891.2 74549.6 59936.1 41438.3 42509.1 71052.2 110712 169596 209006 242358 231981 220284 247681 244519 244857 284394 245776 265728 286405 262051 253055 253572 247098 272657 287398 311128 303298 314618 374611 478833 329954 202837 121174 74689 50028.6 37508.4 31330.3 28338.8 26908.7 26231 25911.7 25761.9 25691.8 25659.1 25643.8 25636.8 25633.5 25631.9 25631.2 25630.9 25630.8 25630.7 25630.6 25630.6 25630.6 25630.6 25630.6 25630.6 25630.6 25630.6 25630.6 25630.6 25630.6 25630.6 25630.6 25630.6 25630.6 25630.6 25630.6 25630.6 25630.6 25630.6 25630.6 25630.6 25630.6 25630.6 25630.6 25630.6 25630.6 25630.6 25630.6 25630.6 25630.6 25630.6 25630.6 25630.6 25630.6 25630.6 25630.6 25630.6 25630.6 25630.6 25630.6 25630.6 25630.6 25630.6 25630.6 25630.6 25630.6 25630.6 25630.6 25630.6 25630.6 25630.6 25630.6 25630.6 25630.6 25630.6 25630.6 25630.6 25630.6 25630.6 25630.6 25630.6 25630.6 25630.6 25630.6 25630.6 25630.6 25630.6 25630.6 25630.6 25630.6 25630.6 25630.6 25630.6 25630.6 25630.6 0 0 0 0 0 0 0 0 0 0 0 0 0 0 0 0 0 0 0 0 0 0 0 0 0
