SBPRF35
0.116382
Curr Bio
263974
B35
303956
F35
2.76848
FOFL
2.64564
OFL
97923.9
Bzero
33101.8
#pred survey bio
 25588.6 26988.2 21638.2 22194.4 32309.3 49761.7 85405.8 114240 144068 186332 174219 181996 237201 284310 290799 284897 286242 300038 320147 291741 294350 317406 336600 317949 335518 320231 282639 343760 1.29782e+07 7.65824e+06 1.87216e+06 932078 634142 493110 418689 378487 356711 344950 338625 335239 333434 332475 331966 331694 331553 331480 331442 331422 331412 331406 331403 331402 331401 331401 331401 331401 331400 331400 331400 331400 331400 331400 331400 331400 331400 331400 331400 331400 331400 331400 331400 331400 331400 331400 331400 331400 331400 331400 331400 331400 331400 331400 331400 331400 331400 331400 331400 331400 331400 331400 331400 331400 331400 331400 331400 331400 331400 331400 331400 331400 331400 331400 331400 331400 331400 331400 331400 331400 331400 331400 331400 331400 331400 331400 331400 331400 331400 331400 331400 331400 331400 331400 331400 331400 331400 331400 331400 331400 0 0 0 0 0 0 0 0 0 0 0 0 0 0 0 0 0 0 0 0 0 0 0 0 0
#obs survey bio
 23048.7 25769.4 10741.1 22855.6 32144 40784 72706.8 147415 159133 180216 138584 158700 256884 262227 195653 226274 281460 272803 301677 212864 210919 215616 288814 214804 196774 192391 179538 256687
#pred catch bio
 13269.1 15602 12865.9 8325.82 15129.3 26065.2 55478.7 72920.9 90410.4 140674 132106 129546 168522 215198 231887 223935 214321 220910 232732 207654 201707 215083 223492 234110 272646 262555 207211 226862 97923.9 262431 21103.1 7069.38 6401.56 6372.94 6371.79 6371.75 6371.75 6371.75 6371.75 6371.75 6371.75 6371.75 6371.75 6371.75 6371.75 6371.75 6371.75 6371.75 6371.75 6371.75 6371.75 6371.75 6371.75 6371.75 6371.75 6371.75 6371.75 6371.75 6371.75 6371.75 6371.75 6371.75 6371.75 6371.75 6371.75 6371.75 6371.75 6371.75 6371.75 6371.75 6371.75 6371.75 6371.75 6371.75 6371.75 6371.75 6371.75 6371.75 6371.75 6371.75 6371.75 6371.75 6371.75 6371.75 6371.75 6371.75 6371.75 6371.75 6371.75 6371.75 6371.75 6371.75 6371.75 6371.75 6371.75 6371.75 6371.75 6371.75 6371.75 6371.75 6371.75 6371.75 6371.75 6371.75 6371.75 6371.75 6371.75 6371.75 6371.75 6371.75 6371.75 6371.75 6371.75 6371.75 6371.75 6371.75 6371.75 6371.75 6371.75 6371.75 6371.75 6371.75 6371.75 6371.75 6371.75 6371.75 6371.75 6371.75 0 0 0 0 0 0 0 0 0 0 0 0 0 0 0 0 0 0 0 0 0 0 0 0 0
#obs catch bio
 15469.4 15469.1 14785.8 8707.55 10040.1 22117.4 49836.9 58591.3 75681.3 120518 122599 110964 145375 190200 214456 208046 187323 203955 211793 181615 177610 186807 191123 210696 258209 249070 182082 199802
#pred cpue bio
 19451.3 21320.6 19305.7 12315.8 11217 20477.3 33518.9 47746.6 57373.9 89960 83065.9 75535.4 88282.1 113675 126047 112000 102815 100493 106038 100787 93568.1 97866.5 95239.4 91857.3 96472.3 88113.9 75352.9 80241.4 3.75095e+06 7.51001e+06 1.75415e+06 813764 515824 374792 300370 260168 238393 226631 220307 216921 215115 214156 213647 213375 213234 213161 213123 213103 213093 213088 213085 213083 213083 213082 213082 213082 213082 213082 213082 213082 213082 213082 213082 213082 213082 213082 213082 213082 213082 213082 213082 213082 213082 213082 213082 213082 213082 213082 213082 213082 213082 213082 213082 213082 213082 213082 213082 213082 213082 213082 213082 213082 213082 213082 213082 213082 213082 213082 213082 213082 213082 213082 213082 213082 213082 213082 213082 213082 213082 213082 213082 213082 213082 213082 213082 213082 213082 213082 213082 213082 213082 213082 213082 213082 213082 213082 213082 213082 0 0 0 0 0 0 0 0 0 0 0 0 0 0 0 0 0 0 0 0 0 0 0 0 0
#obs cpue bio
 30083.6 25201.4 12398.1 21287 44730.3 45612.4 62677.8 99242.4 93065.7 178380 141698 160475 151919 192701 247836 197328 182333 146386 170866 226079 213262 253449 215932 194602 203838 185158 192894 181366
#pred surv len freq
 1.26782e-11 1.37609e-09 8.80698e-08 3.32348e-06 7.39518e-05 0.000970292 0.00750761 0.0342757 0.0925946 0.150122 0.156043 0.130457 0.118099 0.10367 0.0734862 0.0463077 0.0292329 0.0183343 0.0116905 0.00789421 0.00578862 0.00468458 0.00397226 0.00303091 0.00176088
 1.06842e-11 1.15967e-09 7.42189e-08 2.80079e-06 6.23216e-05 0.000817713 0.00632767 0.0289035 0.0782851 0.128561 0.141292 0.137528 0.145456 0.132765 0.0889936 0.0491171 0.0268377 0.0148807 0.00821076 0.0045944 0.00271853 0.00180199 0.00133299 0.000958864 0.000552506
 6.23374e-12 6.76613e-10 4.33031e-08 1.63413e-06 3.63622e-05 0.000477133 0.00369338 0.0168985 0.0461525 0.0788738 0.100926 0.132647 0.173938 0.171971 0.121925 0.0722708 0.0404736 0.0207269 0.00981276 0.00458942 0.0021899 0.00111804 0.000650872 0.000406254 0.000221275
 1.7898e-11 1.94265e-09 1.24329e-07 4.6918e-06 0.000104398 0.00136974 0.0105971 0.0483522 0.130231 0.207992 0.201473 0.131054 0.0777318 0.0563372 0.0453832 0.036299 0.0256158 0.0148173 0.00729469 0.00319125 0.00128056 0.0005047 0.000214533 0.000102835 4.86148e-05
 2.03723e-11 2.21122e-09 1.41518e-07 5.34044e-06 0.000118831 0.0015591 0.0120621 0.0550353 0.148214 0.236574 0.228465 0.146365 0.0815302 0.0491768 0.0256295 0.00957289 0.00305243 0.00131218 0.000728791 0.000366748 0.000152039 5.36971e-05 1.74885e-05 5.89088e-06 2.11226e-06
 1.91049e-11 2.07365e-09 1.32713e-07 5.00819e-06 0.000111438 0.00146211 0.0113119 0.0516189 0.139097 0.222699 0.218277 0.14858 0.0951696 0.0641248 0.0337351 0.0112659 0.00225406 0.000267274 1.88919e-05 8.60896e-07 5.49579e-08 1.38979e-08 4.26807e-09 1.14234e-09 2.89486e-10
 1.94457e-11 2.11064e-09 1.35081e-07 5.09753e-06 0.000113426 0.00148819 0.0115137 0.0525378 0.141552 0.226453 0.221124 0.148284 0.0919739 0.0604785 0.0315731 0.0105278 0.00210696 0.000250309 1.77583e-05 7.74394e-07 2.26274e-08 5.25735e-10 1.18055e-11 5.1738e-13 7.76903e-14
 1.89872e-11 2.06088e-09 1.31896e-07 4.97733e-06 0.000110752 0.0014531 0.0112423 0.0513016 0.13825 0.221403 0.217294 0.148684 0.0962751 0.0653852 0.0344812 0.0115191 0.00230338 0.000272387 1.90042e-05 7.81924e-07 1.89731e-08 2.71569e-10 2.29571e-12 1.15174e-14 3.5059e-17
 1.93432e-11 2.09951e-09 1.34369e-07 5.07065e-06 0.000112828 0.00148034 0.011453 0.0522613 0.140813 0.225324 0.220268 0.148375 0.0929393 0.0615781 0.0322224 0.0107462 0.00214809 0.000254007 1.7722e-05 7.29211e-07 1.76981e-08 2.53528e-10 2.14939e-12 1.08869e-14 3.40056e-17
 1.77363e-11 1.92511e-09 1.23207e-07 4.64943e-06 0.000103456 0.00135738 0.010502 0.0479291 0.129242 0.207626 0.206842 0.149769 0.107997 0.0787627 0.0424186 0.0142352 0.00284908 0.000336987 2.35142e-05 9.67793e-07 2.35094e-08 3.3785e-10 2.89686e-12 1.52541e-14 5.36805e-17
 1.78576e-11 1.93827e-09 1.24049e-07 4.68123e-06 0.000104163 0.00136666 0.0105737 0.0482561 0.130115 0.208962 0.207856 0.149663 0.10686 0.0774657 0.041649 0.0139718 0.00279615 0.000330712 2.3074e-05 9.49339e-07 2.30318e-08 3.29473e-10 2.77926e-12 1.3828e-14 4.0605e-17
 1.90405e-11 2.06666e-09 1.32266e-07 4.9913e-06 0.000111063 0.00145718 0.0112738 0.0514452 0.138634 0.22199 0.217739 0.148638 0.0957757 0.0648152 0.0341431 0.0114034 0.00228013 0.000269633 1.88119e-05 7.73975e-07 1.87772e-08 2.68606e-10 2.26569e-12 1.12704e-14 3.30698e-17
 1.97979e-11 2.14887e-09 1.37527e-07 5.18985e-06 0.000115481 0.00151514 0.0117221 0.0534873 0.144088 0.230332 0.224068 0.147981 0.088678 0.0567149 0.0293369 0.00975883 0.00194971 0.000230524 1.60828e-05 6.61687e-07 1.6053e-08 2.29639e-10 1.93708e-12 9.63704e-15 2.82907e-17
 1.93149e-11 2.09645e-09 1.34172e-07 5.06325e-06 0.000112663 0.00147818 0.0114363 0.0521851 0.14061 0.225013 0.220032 0.1484 0.093204 0.0618802 0.0324016 0.0108075 0.0021604 0.000255463 1.7823e-05 7.33288e-07 1.779e-08 2.54483e-10 2.1465e-12 1.06763e-14 3.13145e-17
 1.86996e-11 2.02966e-09 1.29898e-07 4.90195e-06 0.000109074 0.0014311 0.0110721 0.0505263 0.136179 0.218236 0.214891 0.148933 0.0989698 0.0684605 0.036306 0.0121435 0.00242882 0.000287234 2.004e-05 8.24506e-07 2.0003e-08 2.86138e-10 2.41347e-12 1.20037e-14 3.52019e-17
 1.94338e-11 2.10935e-09 1.34998e-07 5.09442e-06 0.000113357 0.00148728 0.0115066 0.0525057 0.141466 0.226322 0.221026 0.148297 0.0920897 0.0606085 0.0316471 0.0105493 0.00210853 0.000249323 1.73946e-05 7.15659e-07 1.73623e-08 2.48363e-10 2.09485e-12 1.04189e-14 3.05536e-17
 2.00182e-11 2.17278e-09 1.39058e-07 5.2476e-06 0.000116765 0.001532 0.0118525 0.0540812 0.145674 0.232758 0.225908 0.14779 0.0866139 0.0543591 0.0279391 0.00928053 0.00185361 0.00021915 1.5289e-05 6.29029e-07 1.52606e-08 2.18299e-10 1.84127e-12 9.15768e-15 2.6855e-17
 2.04182e-11 2.2162e-09 1.41837e-07 5.35248e-06 0.000119099 0.00156261 0.0120893 0.0551598 0.148556 0.237165 0.229251 0.147443 0.0828647 0.0500803 0.0254003 0.00841181 0.00167908 0.000198491 1.38474e-05 5.69716e-07 1.38216e-08 1.97714e-10 1.66765e-12 8.29416e-15 2.43227e-17
 2.04783e-11 2.22272e-09 1.42254e-07 5.36822e-06 0.000119449 0.00156721 0.0121248 0.0553218 0.148988 0.237826 0.229753 0.147391 0.0823018 0.0494378 0.0250191 0.00828137 0.00165287 0.000195389 1.3631e-05 5.6081e-07 1.36056e-08 1.94624e-10 1.64158e-12 8.1645e-15 2.39425e-17
 2.02462e-11 2.19753e-09 1.40642e-07 5.30738e-06 0.000118096 0.00154945 0.0119875 0.0546961 0.147317 0.23527 0.227814 0.147592 0.0844766 0.0519199 0.0264918 0.00878531 0.00175412 0.000207373 1.44672e-05 5.95217e-07 1.44403e-08 2.06564e-10 1.74229e-12 8.66542e-15 2.54114e-17
 2.06913e-11 2.24584e-09 1.43734e-07 5.42405e-06 0.000120692 0.00158351 0.0122509 0.055896 0.150522 0.240172 0.231533 0.147207 0.0803059 0.04716 0.0236676 0.0078189 0.00155996 0.000184391 1.28636e-05 5.29234e-07 1.28395e-08 1.83666e-10 1.54915e-12 7.70481e-15 2.25945e-17
 2.08413e-11 2.26213e-09 1.44776e-07 5.46338e-06 0.000121567 0.00159499 0.0123397 0.0563005 0.151602 0.241824 0.232786 0.147077 0.0789001 0.0455556 0.0227156 0.00749315 0.00149451 0.000176644 1.2323e-05 5.06993e-07 1.22999e-08 1.75947e-10 1.48405e-12 7.38102e-15 2.16449e-17
 2.12305e-11 2.30437e-09 1.47479e-07 5.5654e-06 0.000123837 0.00162477 0.01257 0.0573498 0.154405 0.246111 0.236038 0.146739 0.075253 0.0413933 0.020246 0.00664809 0.00132473 0.000156548 1.09207e-05 4.49295e-07 1.09001e-08 1.55923e-10 1.31515e-12 6.541e-15 1.91816e-17
 2.11404e-11 2.29458e-09 1.46853e-07 5.54178e-06 0.000123311 0.00161788 0.0125167 0.0571068 0.153756 0.245118 0.235285 0.146817 0.0760977 0.0423573 0.020818 0.00684381 0.00136405 0.000161203 1.12454e-05 4.62658e-07 1.12243e-08 1.60561e-10 1.35427e-12 6.73556e-15 1.97521e-17
 2.11612e-11 2.29685e-09 1.46998e-07 5.54724e-06 0.000123433 0.00161947 0.012529 0.057163 0.153906 0.245348 0.235459 0.146799 0.0759023 0.0421344 0.0206857 0.00679855 0.00135496 0.000160126 1.11703e-05 4.59568e-07 1.11494e-08 1.59488e-10 1.34522e-12 6.69057e-15 1.96201e-17
 2.13472e-11 2.31703e-09 1.4829e-07 5.59599e-06 0.000124517 0.0016337 0.0126391 0.0576643 0.155245 0.247396 0.237013 0.146638 0.0741597 0.0401456 0.0195057 0.00639477 0.00127384 0.000150524 1.05003e-05 4.31999e-07 1.04805e-08 1.49921e-10 1.26452e-12 6.2892e-15 1.84431e-17
 2.14738e-11 2.33078e-09 1.4917e-07 5.62919e-06 0.000125256 0.00164339 0.012714 0.0580058 0.156157 0.248791 0.238071 0.146528 0.0729727 0.0387909 0.0187019 0.00611972 0.00121858 0.000143983 1.00439e-05 4.1322e-07 1.00249e-08 1.43403e-10 1.20955e-12 6.0158e-15 1.76414e-17
 2.19516e-11 2.38263e-09 1.52488e-07 5.75443e-06 0.000128043 0.00167995 0.0129968 0.0592939 0.159598 0.254053 0.242063 0.146114 0.0684958 0.0336816 0.0156703 0.00508238 0.00101016 0.000119315 8.32245e-06 3.42394e-07 8.30661e-09 1.18824e-10 1.00223e-12 4.98467e-15 1.46176e-17
#obs surv len freq
 4.89054e-11 4.53238e-09 2.47676e-07 7.98045e-06 0.000151622 0.00169862 0.0112226 0.0437605 0.101117 0.141417 0.132276 0.112438 0.112412 0.108854 0.0912588 0.0676129 0.0419282 0.0210167 0.00875937 0.00303947 0.000833145 0.000169503 2.43951e-05 2.40133e-06 1.57751e-07
 2.67863e-11 2.39431e-09 1.26193e-07 3.92175e-06 7.1866e-05 0.000776645 0.00495304 0.0187087 0.0426527 0.0641857 0.0845751 0.125775 0.168559 0.168036 0.133018 0.0924396 0.0548395 0.0264839 0.0104751 0.00338861 0.000865898 0.000166202 2.27522e-05 2.12536e-06 1.31142e-07
 1.50064e-11 1.2915e-09 6.55392e-08 1.96109e-06 3.46021e-05 0.000360086 0.00221254 0.00807464 0.0180418 0.0282492 0.0436692 0.0776548 0.125405 0.170341 0.192936 0.165496 0.100716 0.0449137 0.0159182 0.00466314 0.0010924 0.000193042 2.44314e-05 2.1227e-06 1.22367e-07
 2.66975e-10 2.20869e-08 1.07742e-06 3.09901e-05 0.000525591 0.00525606 0.0309929 0.107762 0.220973 0.267453 0.191977 0.0841592 0.027461 0.0144934 0.0149916 0.0144731 0.0105471 0.0057319 0.00230959 0.000684199 0.000149189 2.38531e-05 2.73123e-06 2.16037e-07 1.14037e-08
 1.77287e-10 1.40774e-08 6.59105e-07 1.8196e-05 0.000296205 0.00284345 0.0161045 0.0539527 0.10836 0.139237 0.144252 0.162985 0.17116 0.123249 0.0551423 0.0160411 0.00404514 0.00144153 0.000609917 0.000205107 4.82886e-05 7.73698e-06 8.35943e-07 6.04119e-08 2.88379e-09
 4.35592e-10 3.31496e-08 1.48753e-06 3.93585e-05 0.000614046 0.00564884 0.0306446 0.098084 0.185701 0.210804 0.153448 0.0923933 0.0683458 0.0594573 0.047795 0.0300502 0.012828 0.00345942 0.000597239 7.69775e-05 1.00238e-05 1.3538e-06 1.4339e-07 1.0168e-08 4.61989e-10
 5.13491e-10 3.74022e-08 1.60638e-06 4.06808e-05 0.000607466 0.00534901 0.0277832 0.0852648 0.155955 0.177497 0.149561 0.130505 0.11776 0.082072 0.041494 0.0172194 0.0063819 0.00196869 0.000456471 7.43904e-05 8.23535e-06 6.32458e-07 3.69784e-08 1.79128e-09 6.83105e-11
 7.77471e-10 5.41327e-08 2.2224e-06 5.3799e-05 0.000767922 0.00646365 0.0320909 0.0941233 0.164395 0.177942 0.140772 0.115134 0.103043 0.0789059 0.0491889 0.0249294 0.00933378 0.00237865 0.000415255 5.3694e-05 5.50311e-06 4.34314e-07 2.42903e-08 9.1322e-10 2.3e-11
 1.09114e-09 7.25349e-08 2.84316e-06 6.57119e-05 0.000895534 0.00719697 0.0341216 0.0956457 0.160301 0.169668 0.139364 0.123712 0.111524 0.0801526 0.0456379 0.0214714 0.00780093 0.00201954 0.000367268 4.78225e-05 4.49191e-06 3.02131e-07 1.44719e-08 4.89725e-10 1.14298e-11
 1.32432e-09 8.39588e-08 3.13852e-06 6.91789e-05 0.000899133 0.00689189 0.0311776 0.0835637 0.135336 0.144998 0.135653 0.141674 0.134024 0.0960459 0.0542245 0.0247549 0.00838833 0.00194836 0.000309126 3.51667e-05 2.99226e-06 1.88961e-07 8.49449e-09 2.61505e-10 5.38432e-12
 2.4222e-09 1.46295e-07 5.20999e-06 0.000109404 0.00135465 0.00989153 0.0426162 0.108634 0.166179 0.163169 0.130293 0.116278 0.104498 0.0776683 0.0472792 0.022526 0.0075476 0.00167455 0.000247901 2.56251e-05 1.92598e-06 1.05809e-07 4.16072e-09 1.14206e-10 2.13681e-12
 3.79185e-09 2.17969e-07 7.38796e-06 0.000147654 0.00174006 0.0120931 0.0495965 0.120436 0.176117 0.167776 0.134469 0.119662 0.100149 0.064964 0.0334792 0.0139548 0.00432673 0.000928134 0.000137023 1.43043e-05 1.06854e-06 5.6211e-08 2.03483e-09 4.99266e-11 8.22023e-13
 5.45574e-09 2.98211e-07 9.61127e-06 0.000182654 0.00204683 0.0135274 0.0527733 0.122083 0.171317 0.16136 0.136086 0.126745 0.103855 0.0637822 0.0306016 0.011691 0.00325299 0.000604434 7.36088e-05 6.10854e-06 3.67701e-07 1.6603e-08 5.50057e-10 1.27387e-11 1.97905e-13
 7.19508e-09 3.7365e-07 1.14415e-05 0.000206582 0.00219947 0.0138126 0.0512344 0.113031 0.153456 0.147648 0.13866 0.139476 0.115517 0.0716753 0.0351961 0.0134964 0.0036512 0.000646768 7.41325e-05 5.67178e-06 3.02702e-07 1.15458e-08 3.12874e-10 5.92007e-12 7.71025e-14
 1.07595e-08 5.30455e-07 1.54203e-05 0.00026432 0.00267171 0.0159297 0.056117 0.117764 0.153173 0.144685 0.137349 0.137529 0.112356 0.0700648 0.0348263 0.0131892 0.00342634 0.000573773 6.168e-05 4.40046e-06 2.17728e-07 7.64262e-09 1.88287e-10 3.17536e-12 3.59362e-14
 1.79055e-08 8.37473e-07 2.30963e-05 0.000375584 0.00360158 0.0203722 0.0680825 0.135511 0.166972 0.148696 0.132279 0.124995 0.0977907 0.0591932 0.0286121 0.0104351 0.00259517 0.000417698 4.36692e-05 3.06981e-06 1.50099e-07 5.13682e-09 1.20688e-10 1.90292e-12 1.98503e-14
 2.4913e-08 1.10478e-06 2.88878e-05 0.0004454 0.00404971 0.021724 0.0689181 0.130835 0.157055 0.145438 0.141569 0.136167 0.101266 0.0566298 0.0251092 0.00846747 0.00196736 0.000298089 2.95333e-05 1.98138e-06 9.30758e-08 3.07484e-09 6.99112e-11 1.06639e-12 1.07138e-14
 3.74529e-08 1.57391e-06 3.90001e-05 0.000569834 0.00490996 0.0249627 0.0750885 0.135447 0.155881 0.141864 0.137948 0.131275 0.0980751 0.056861 0.0260656 0.00874388 0.00195756 0.000281945 2.64715e-05 1.6836e-06 7.49547e-08 2.34312e-09 5.03524e-11 7.26214e-13 6.90963e-15
 5.59702e-08 2.22801e-06 5.22957e-05 0.000723798 0.00590784 0.0284573 0.0811642 0.139325 0.154909 0.141384 0.139456 0.129893 0.0936371 0.0525024 0.0232263 0.00748901 0.00161945 0.000228941 2.15737e-05 1.39829e-06 6.30922e-08 1.95325e-09 4.05442e-11 5.55151e-13 4.96755e-15
 8.56814e-08 3.22976e-06 7.17866e-05 0.000940853 0.00727231 0.0331767 0.0896751 0.146301 0.156371 0.140715 0.137446 0.12441 0.0872239 0.0479073 0.0206038 0.00637109 0.00131462 0.0001782 1.62796e-05 1.0351e-06 4.61819e-08 1.41896e-09 2.92522e-11 3.96511e-13 3.48303e-15
 1.30629e-07 4.6617e-06 9.80937e-05 0.00121716 0.00890715 0.0384784 0.0985654 0.152957 0.157724 0.140859 0.136353 0.119128 0.0800375 0.0421466 0.0173005 0.00508284 0.00099793 0.000129604 1.14402e-05 7.05997e-07 3.05321e-08 9.0651e-10 1.80396e-11 2.36319e-13 2.0097e-15
 1.92732e-07 6.51059e-06 0.000129681 0.00152317 0.010552 0.0431663 0.104863 0.155356 0.156756 0.142933 0.139425 0.117054 0.0738629 0.0361662 0.0137347 0.00371819 0.000667391 7.82477e-05 6.16137e-06 3.38973e-07 1.32645e-08 3.63909e-10 6.80123e-12 8.43868e-14 6.81647e-16
 2.66454e-07 8.51958e-06 0.000160623 0.00178576 0.0117112 0.0453763 0.104666 0.148877 0.14989 0.144053 0.144716 0.119986 0.0747585 0.0363381 0.0134985 0.00350508 0.000597554 6.63611e-05 4.93376e-06 2.53692e-07 9.12161e-09 2.26215e-10 3.78906e-12 4.21704e-14 3.0798e-16
 3.90869e-07 1.18293e-05 0.000211096 0.00222144 0.0137909 0.0506043 0.110759 0.150746 0.149116 0.14483 0.143944 0.115626 0.0699679 0.03303 0.0117529 0.00287924 0.000458591 4.72683e-05 3.24571e-06 1.53816e-07 5.10344e-09 1.16986e-10 1.80861e-12 1.84781e-14 1.22937e-16
 5.42718e-07 1.55473e-05 0.000262625 0.00261616 0.0153771 0.0534664 0.111312 0.146438 0.146666 0.149442 0.148914 0.115459 0.0669489 0.0301809 0.0101713 0.00234342 0.000349749 3.37028e-05 2.15691e-06 9.48103e-08 2.90129e-09 6.10491e-11 8.6391e-13 8.07142e-15 4.91264e-17
 8.38247e-07 2.27325e-05 0.000363515 0.00342806 0.0190754 0.0628004 0.123875 0.154753 0.147989 0.144582 0.138612 0.105054 0.0607987 0.0273494 0.00899805 0.00198786 0.000283057 2.61135e-05 1.60801e-06 6.79707e-08 1.98241e-09 3.92451e-11 5.16416e-13 4.44863e-15 2.48274e-17
 1.15609e-06 2.96834e-05 0.000449409 0.0040128 0.0211483 0.0660302 0.124256 0.151607 0.1498 0.153727 0.144507 0.101768 0.0532317 0.0215126 0.00642897 0.00130336 0.000170655 1.44183e-05 8.09037e-07 3.11742e-08 8.35647e-10 1.53775e-11 1.89647e-13 1.53516e-15 8.03251e-18
 1.56772e-06 3.81147e-05 0.000546423 0.00462032 0.0230657 0.0683111 0.122664 0.146054 0.14752 0.155833 0.145688 0.101987 0.0539541 0.02192 0.00639624 0.00123544 0.000152149 1.20064e-05 6.25274e-07 2.21927e-08 5.4377e-10 9.09556e-12 1.01733e-13 7.47799e-16 3.56804e-18
#pred catch len freq
 1.9998e-12 2.17059e-10 1.38918e-08 5.24241e-07 1.16659e-05 0.00015312 0.00118699 0.00547099 0.0154913 0.0308576 0.0589519 0.117872 0.183786 0.190969 0.140301 0.0889374 0.0561788 0.0352334 0.0224646 0.0151691 0.011123 0.00900157 0.00763283 0.00582399 0.00338359
 1.57342e-12 1.7078e-10 1.09299e-08 4.12471e-07 9.17903e-06 0.000120502 0.000935067 0.00433151 0.0125592 0.0272816 0.0607242 0.133124 0.211646 0.215849 0.148032 0.0820184 0.0448293 0.0248542 0.0137128 0.00767281 0.00453999 0.00300934 0.00222611 0.00160131 0.000922691
 6.71868e-13 7.2925e-11 4.66724e-09 1.76136e-07 3.92032e-06 5.15078e-05 0.000401339 0.00189748 0.00602064 0.0169793 0.0514284 0.129111 0.21315 0.22226 0.159229 0.0945466 0.052958 0.0271193 0.0128383 0.00600418 0.00286492 0.00146266 0.000851493 0.000531475 0.000289479
 5.17599e-12 5.61805e-10 3.59554e-08 1.35685e-06 3.01921e-05 0.000396169 0.00306651 0.0140272 0.0382663 0.0650488 0.0817512 0.104978 0.139514 0.15105 0.134085 0.108703 0.076788 0.0444164 0.0218651 0.00956506 0.00383811 0.00151269 0.000642999 0.000308218 0.000145708
 1.43782e-11 1.56061e-09 9.9879e-08 3.76912e-06 8.38679e-05 0.0011004 0.00851437 0.0388733 0.105032 0.170426 0.177765 0.14985 0.134999 0.111148 0.0635707 0.0242134 0.00773931 0.00332299 0.00184455 0.000928143 0.000384765 0.000135891 4.4258e-05 1.4908e-05 5.34547e-06
 1.24071e-11 1.34667e-09 8.61868e-08 3.25243e-06 7.2371e-05 0.000949566 0.00734787 0.0335611 0.0908644 0.148931 0.162313 0.154385 0.157931 0.135754 0.0762373 0.0258122 0.00517856 0.000614366 4.34279e-05 1.97818e-06 1.2597e-07 3.18096e-08 9.7679e-09 2.61436e-09 6.62516e-10
 1.5936e-11 1.7297e-09 1.107e-07 4.17749e-06 9.29545e-05 0.00121961 0.00943644 0.0430752 0.116277 0.187797 0.191798 0.151325 0.12486 0.098012 0.0538454 0.0181518 0.00364066 0.000432691 3.06977e-05 1.33833e-06 3.90768e-08 9.06684e-10 2.03313e-11 8.90264e-13 1.33662e-13
 1.48844e-11 1.61556e-09 1.03396e-07 3.90183e-06 8.68208e-05 0.00113914 0.00881406 0.0402401 0.108704 0.176216 0.183013 0.152241 0.134722 0.109263 0.0605157 0.0204277 0.0040932 0.000484239 3.37877e-05 1.39021e-06 3.3733e-08 4.82831e-10 4.08158e-12 2.04761e-14 6.23191e-17
 1.53042e-11 1.66112e-09 1.06312e-07 4.01187e-06 8.92693e-05 0.00117126 0.00906251 0.0413719 0.111727 0.180839 0.186521 0.151877 0.130788 0.104774 0.0578519 0.0195162 0.00391007 0.000462566 3.22759e-05 1.32809e-06 3.2233e-08 4.61739e-10 3.9145e-12 1.98258e-14 6.19093e-17
 1.46946e-11 1.59495e-09 1.02077e-07 3.85207e-06 8.57135e-05 0.00112461 0.00870171 0.0397283 0.107337 0.174125 0.181427 0.152406 0.136501 0.111293 0.0617203 0.0208399 0.00417605 0.000494057 3.44758e-05 1.41896e-06 3.44689e-08 4.95336e-10 4.24688e-12 2.23572e-14 7.86193e-17
 1.49579e-11 1.62354e-09 1.03906e-07 3.9211e-06 8.72496e-05 0.00114477 0.00885758 0.0404383 0.109234 0.177025 0.183628 0.152178 0.134033 0.108477 0.0600491 0.020268 0.00406111 0.00048044 3.35222e-05 1.37922e-06 3.34612e-08 4.78667e-10 4.03779e-12 2.00897e-14 5.89916e-17
 1.61821e-11 1.75641e-09 1.1241e-07 4.242e-06 9.43899e-05 0.00123844 0.00958209 0.0437387 0.118049 0.190508 0.193856 0.151116 0.122562 0.095385 0.0522813 0.01761 0.00352709 0.00041723 2.91113e-05 1.19774e-06 2.90581e-08 4.15673e-10 3.5062e-12 1.74412e-14 5.11761e-17
 1.7441e-11 1.89305e-09 1.21155e-07 4.57201e-06 0.000101733 0.00133478 0.0103272 0.0471328 0.127115 0.204373 0.204375 0.150025 0.110765 0.0819216 0.0442929 0.0148765 0.00297791 0.000352226 2.45753e-05 1.01111e-06 2.45303e-08 3.50907e-10 2.96001e-12 1.47261e-14 4.32301e-17
 1.72169e-11 1.86873e-09 1.19598e-07 4.51326e-06 0.000100426 0.00131763 0.0101945 0.0465286 0.125501 0.201905 0.202502 0.150219 0.112865 0.0843181 0.0457149 0.0153631 0.00307566 0.000363797 2.53827e-05 1.04433e-06 2.53361e-08 3.62428e-10 3.05699e-12 1.5205e-14 4.45972e-17
 1.67979e-11 1.82326e-09 1.16688e-07 4.40345e-06 9.79823e-05 0.00128557 0.00994659 0.0453992 0.122484 0.197291 0.199002 0.150582 0.11679 0.0887984 0.0483731 0.0162727 0.00325842 0.000385428 2.68922e-05 1.10643e-06 2.68428e-08 3.83979e-10 3.23873e-12 1.61082e-14 4.72388e-17
 1.7741e-11 1.92562e-09 1.23239e-07 4.65066e-06 0.000103483 0.00135774 0.0105047 0.0479418 0.129276 0.207678 0.206882 0.149765 0.107953 0.0787127 0.0423889 0.014225 0.00284701 0.000336733 2.34941e-05 9.66623e-07 2.34509e-08 3.35459e-10 2.82947e-12 1.40726e-14 4.12681e-17
 1.82427e-11 1.98007e-09 1.26724e-07 4.78218e-06 0.000106409 0.00139613 0.0108017 0.0492945 0.132889 0.213204 0.211074 0.14933 0.103251 0.0733468 0.0392052 0.0131356 0.00262814 0.000310826 2.16863e-05 8.9224e-07 2.16463e-08 3.09645e-10 2.61174e-12 1.29897e-14 3.80923e-17
 1.87375e-11 2.03377e-09 1.30161e-07 4.91188e-06 0.000109295 0.001434 0.0110945 0.0506284 0.136452 0.218653 0.215208 0.148901 0.0986149 0.0680555 0.0360656 0.0120613 0.0024123 0.000285278 1.99036e-05 8.18891e-07 1.98668e-08 2.84189e-10 2.39703e-12 1.19218e-14 3.49608e-17
 1.87582e-11 2.03602e-09 1.30305e-07 4.9173e-06 0.000109416 0.00143558 0.0111067 0.0506841 0.136601 0.218881 0.21538 0.148883 0.0984212 0.0678344 0.0359345 0.0120164 0.00240328 0.000284211 1.98291e-05 8.15826e-07 1.97925e-08 2.83126e-10 2.38806e-12 1.18772e-14 3.483e-17
 1.82503e-11 1.98089e-09 1.26777e-07 4.78417e-06 0.000106454 0.00139671 0.0108062 0.0493149 0.132943 0.213287 0.211137 0.149323 0.10318 0.0732658 0.0391571 0.0131192 0.00262483 0.000310435 2.1659e-05 8.91118e-07 2.16191e-08 3.09255e-10 2.60845e-12 1.29733e-14 3.80444e-17
 1.87211e-11 2.03199e-09 1.30047e-07 4.90758e-06 0.0001092 0.00143274 0.0110848 0.0505841 0.136334 0.218472 0.21507 0.148915 0.0987688 0.0682312 0.0361699 0.012097 0.00241946 0.000286126 1.99627e-05 8.21326e-07 1.99259e-08 2.85034e-10 2.40416e-12 1.19573e-14 3.50648e-17
 1.89122e-11 2.05273e-09 1.31375e-07 4.95767e-06 0.000110314 0.00144736 0.0111979 0.0510993 0.13771 0.220577 0.216667 0.148749 0.0969781 0.0661874 0.0349573 0.011682 0.0023361 0.000276259 1.92742e-05 7.92996e-07 1.92386e-08 2.75203e-10 2.32123e-12 1.15448e-14 3.38553e-17
 1.94571e-11 2.11188e-09 1.3516e-07 5.10051e-06 0.000113493 0.00148906 0.0115204 0.0525684 0.141634 0.226578 0.22122 0.148277 0.0918717 0.0603597 0.0314995 0.0104988 0.00209838 0.000248122 1.73107e-05 7.12211e-07 1.72787e-08 2.47167e-10 2.08476e-12 1.03687e-14 3.04063e-17
 1.98411e-11 2.15356e-09 1.37828e-07 5.20118e-06 0.000115733 0.00151845 0.0117477 0.0536038 0.144399 0.230808 0.224429 0.147944 0.0882731 0.0562527 0.0290626 0.00966499 0.00193086 0.000228292 1.5927e-05 6.55279e-07 1.58975e-08 2.27409e-10 1.91811e-12 9.53984e-15 2.79757e-17
 2.03359e-11 2.20727e-09 1.41265e-07 5.33089e-06 0.000118619 0.00155631 0.0120405 0.0549378 0.147963 0.236258 0.228563 0.147515 0.0836364 0.0509611 0.0259229 0.00859063 0.00171501 0.000202743 1.41442e-05 5.81925e-07 1.41178e-08 2.01952e-10 1.70339e-12 8.47191e-15 2.48439e-17
 2.06185e-11 2.23794e-09 1.43228e-07 5.40497e-06 0.000120267 0.00157794 0.0122078 0.0556997 0.149998 0.23937 0.230924 0.14727 0.0809881 0.0479386 0.0241296 0.00797699 0.00159172 0.00018815 1.31259e-05 5.40028e-07 1.31014e-08 1.87411e-10 1.58074e-12 7.86194e-15 2.30552e-17
 2.03215e-11 2.2057e-09 1.41165e-07 5.32711e-06 0.000118535 0.00155521 0.012032 0.054899 0.147859 0.236099 0.228443 0.147527 0.0837713 0.051115 0.0260142 0.00862188 0.00172128 0.000203486 1.4196e-05 5.84058e-07 1.41696e-08 2.02692e-10 1.70963e-12 8.50297e-15 2.4935e-17
 2.06291e-11 2.2391e-09 1.43302e-07 5.40776e-06 0.000120329 0.00157875 0.0122141 0.0557284 0.150074 0.239487 0.231013 0.14726 0.0808884 0.0478248 0.024062 0.00795387 0.00158707 0.000187601 1.30875e-05 5.38449e-07 1.30631e-08 1.86864e-10 1.57612e-12 7.83897e-15 2.29878e-17
#obs catch len freq
 4.3825e-11 4.06155e-09 2.21947e-07 7.15143e-06 0.000135871 0.00152218 0.0100574 0.0392288 0.0907868 0.127992 0.123961 0.114564 0.121919 0.118173 0.0965572 0.0707695 0.0451188 0.0238806 0.0104321 0.00367021 0.000993359 0.00019887 2.85627e-05 2.85758e-06 1.93162e-07
 6.72484e-11 6.01103e-09 3.16814e-07 9.84568e-06 0.000180417 0.00194945 0.0124229 0.0467289 0.104237 0.141264 0.130067 0.112267 0.113579 0.109033 0.0904811 0.0661342 0.0402194 0.0197606 0.00806427 0.00272151 0.000718885 0.00013978 1.90957e-05 1.77406e-06 1.09451e-07
 3.7769e-11 3.25052e-09 1.64953e-07 4.93576e-06 8.70866e-05 0.000906176 0.00556513 0.0202547 0.0446298 0.0657491 0.0871108 0.129912 0.170629 0.166389 0.129946 0.0891272 0.0518585 0.0245049 0.00946611 0.00297419 0.000732284 0.000134287 1.74301e-05 1.53445e-06 8.881e-08
 2.18437e-11 1.80713e-09 8.81539e-08 2.53562e-06 4.30069e-05 0.000430235 0.00254173 0.00892641 0.0192756 0.0296432 0.0460658 0.0815812 0.129777 0.1738 0.192705 0.160331 0.0945282 0.0410298 0.0141935 0.00404009 0.00091163 0.00015383 1.84514e-05 1.50993e-06 8.15822e-08
 3.84489e-10 3.05301e-08 1.42942e-06 3.94619e-05 0.000642368 0.00616562 0.0348947 0.116452 0.229199 0.266295 0.183608 0.0776539 0.0251721 0.014014 0.0145963 0.0137379 0.00971741 0.00511461 0.00198927 0.000567135 0.000118605 1.80898e-05 1.96281e-06 1.46205e-07 7.23102e-09
 2.62941e-10 2.00105e-08 8.97933e-07 2.37585e-05 0.000370674 0.00341042 0.018514 0.0594724 0.114735 0.142729 0.146046 0.163677 0.166759 0.115221 0.0494613 0.0139691 0.00355682 0.00129753 0.00053731 0.000173091 3.87749e-05 5.88814e-06 6.00705e-07 4.08263e-08 1.82537e-09
 6.46841e-10 4.71153e-08 2.02355e-06 5.12451e-05 0.000765209 0.00673759 0.0349841 0.10718 0.194295 0.211512 0.148705 0.088321 0.0653912 0.0563739 0.0443808 0.0269389 0.0109962 0.00282917 0.000468874 5.91525e-05 7.62811e-06 9.94616e-07 9.95488e-08 6.62025e-09 2.81138e-10
 7.7513e-10 5.39697e-08 2.21571e-06 5.3637e-05 0.000765613 0.00644431 0.0319977 0.0938922 0.164372 0.179899 0.147952 0.127514 0.111977 0.0753465 0.0370733 0.0151347 0.0055007 0.00164521 0.000366601 5.70823e-05 6.02452e-06 4.42154e-07 2.47793e-08 1.14377e-09 4.10526e-11
 1.1851e-09 7.87811e-08 3.08799e-06 7.13705e-05 0.000972645 0.00781646 0.0370531 0.103783 0.173255 0.179966 0.138472 0.111672 0.0976759 0.0728657 0.0444061 0.0218475 0.00785664 0.00191648 0.00032143 4.01356e-05 3.96361e-06 2.9863e-07 1.58186e-08 5.61033e-10 1.33011e-11
 1.68863e-09 1.07055e-07 4.00189e-06 8.82088e-05 0.00114645 0.00878682 0.0397318 0.106241 0.170026 0.172596 0.137646 0.119437 0.104288 0.0726772 0.0404176 0.0185077 0.00647925 0.00160874 0.000280539 3.50062e-05 3.14258e-06 2.0138e-07 9.16031e-09 2.93144e-10 6.43904e-12
 2.08988e-09 1.26224e-07 4.4952e-06 9.43944e-05 0.00116882 0.00853527 0.036788 0.0939751 0.145283 0.149491 0.135926 0.137827 0.125675 0.0872535 0.0480309 0.0212503 0.00690586 0.00153237 0.000232726 2.54126e-05 2.07252e-06 1.24748e-07 5.31359e-09 1.54301e-10 2.98675e-12
 3.81088e-09 2.19062e-07 7.42503e-06 0.000148394 0.00174878 0.0121535 0.0498378 0.120946 0.176313 0.165676 0.127957 0.110963 0.096548 0.069809 0.0413631 0.0189788 0.00606814 0.00128197 0.000181117 1.7913e-05 1.28748e-06 6.73864e-08 2.51295e-09 6.5133e-11 1.14613e-12
 6.01457e-09 3.28757e-07 1.05957e-05 0.000201362 0.00225645 0.0149119 0.0581556 0.134314 0.186954 0.17003 0.130905 0.111976 0.0899553 0.0564255 0.0283027 0.0114112 0.00338861 0.000693683 9.78142e-05 9.75565e-06 6.94371e-07 3.46609e-08 1.18634e-09 2.74406e-11 4.24703e-13
 8.7176e-09 4.52716e-07 1.38626e-05 0.000250295 0.0026648 0.0167326 0.0620228 0.136357 0.182023 0.16364 0.132423 0.118168 0.0927103 0.054949 0.0256036 0.00943706 0.00250572 0.000442118 5.11838e-05 4.05394e-06 2.33462e-07 1.00575e-08 3.15948e-10 6.898e-12 1.00607e-13
 1.17262e-08 5.78115e-07 1.68058e-05 0.000288068 0.00291171 0.0173595 0.0611332 0.128072 0.165235 0.151374 0.135537 0.129875 0.102937 0.061726 0.0293944 0.0108296 0.00278649 0.000467702 5.0847e-05 3.70003e-06 1.88071e-07 6.8202e-09 1.75097e-10 3.12792e-12 3.83357e-14
 1.76296e-08 8.24567e-07 2.27404e-05 0.000369797 0.0035461 0.0200587 0.0670411 0.1335 0.164853 0.147981 0.133503 0.12716 0.099531 0.0600521 0.0288813 0.0104675 0.00257908 0.00040852 4.1598e-05 2.81923e-06 1.32696e-07 4.42261e-09 1.03055e-10 1.63779e-12 1.74165e-14
 2.92281e-08 1.29613e-06 3.38913e-05 0.00052254 0.00475086 0.0254792 0.0807352 0.152371 0.178023 0.150216 0.126402 0.113314 0.0849089 0.0497144 0.0232131 0.00808796 0.00190621 0.000290224 2.87531e-05 1.91986e-06 8.91646e-08 2.89013e-09 6.40724e-11 9.50384e-13 9.30461e-15
 4.10038e-08 1.72314e-06 4.26976e-05 0.000623857 0.00537533 0.0273257 0.0821526 0.1478 0.168089 0.147191 0.135148 0.123083 0.0875008 0.0472519 0.0202323 0.00652021 0.00143579 0.000205765 1.93171e-05 1.23087e-06 5.49076e-08 1.71719e-09 3.68143e-11 5.27758e-13 4.97037e-15
 6.17679e-08 2.4588e-06 5.77127e-05 0.000798766 0.00651949 0.0313974 0.0894625 0.152846 0.166465 0.142884 0.13074 0.117898 0.0844524 0.0473272 0.0208695 0.00666004 0.00140955 0.000191794 1.70517e-05 1.02938e-06 4.34872e-08 1.28595e-09 2.60401e-11 3.52777e-13 3.14483e-15
 9.24724e-08 3.48574e-06 7.74763e-05 0.00101542 0.00784836 0.0357986 0.0966811 0.157099 0.165052 0.14157 0.130959 0.11549 0.0798302 0.0432419 0.0183787 0.00563431 0.00115245 0.000154128 1.37685e-05 8.46552e-07 3.61547e-08 1.05559e-09 2.0599e-11 2.64541e-13 2.21575e-15
 1.41421e-07 5.04683e-06 0.000106198 0.0013177 0.00964245 0.0416451 0.106555 0.16446 0.165801 0.13963 0.127464 0.109185 0.0734397 0.0389344 0.0160527 0.00471244 0.000919408 0.000117942 1.02199e-05 6.16549e-07 2.60287e-08 7.53722e-10 1.45934e-11 1.85288e-13 1.52114e-15
 2.17107e-07 7.33395e-06 0.000146081 0.00171576 0.0118851 0.0485974 0.117795 0.172712 0.16717 0.138099 0.123645 0.101864 0.065584 0.0332882 0.0130793 0.00364517 0.000676663 8.3188e-05 6.96496e-06 4.07564e-07 1.66617e-08 4.65828e-10 8.70081e-12 1.06703e-13 8.47538e-16
 3.19737e-07 1.02232e-05 0.000192741 0.00214277 0.0140503 0.054398 0.125018 0.174859 0.165161 0.138732 0.125072 0.0990043 0.059808 0.0281912 0.0102369 0.00262584 0.000444957 4.93019e-05 3.67893e-06 1.92029e-07 7.11373e-09 1.8399e-10 3.22879e-12 3.74958e-14 2.8275e-16
 4.4964e-07 1.36079e-05 0.000242835 0.00255536 0.0158615 0.0581588 0.126846 0.169921 0.15879 0.138744 0.12816 0.100212 0.059804 0.0279343 0.00989307 0.00242956 0.000390709 4.09806e-05 2.88398e-06 1.40427e-07 4.77033e-09 1.11383e-10 1.75105e-12 1.82445e-14 1.24448e-16
 6.62708e-07 1.89846e-05 0.000320684 0.00319434 0.0187701 0.0651748 0.134818 0.172421 0.157151 0.137457 0.125235 0.0948766 0.0549747 0.0248909 0.00842436 0.00194884 0.000292501 2.84509e-05 1.84795e-06 8.28972e-08 2.5979e-09 5.60456e-11 8.12704e-13 7.76715e-15 4.82304e-17
 9.24585e-07 2.50738e-05 0.000400953 0.00378101 0.0210365 0.0692112 0.136102 0.167789 0.153756 0.140621 0.128846 0.0943687 0.0523853 0.0226191 0.007241 0.00157413 0.000221276 2.01112e-05 1.21658e-06 5.05748e-08 1.46059e-09 2.89066e-11 3.83527e-13 3.3511e-15 1.90333e-17
 1.43296e-06 3.67921e-05 0.000557022 0.00497317 0.0261967 0.0816028 0.151926 0.177239 0.153371 0.132375 0.11579 0.0828036 0.0458357 0.0196901 0.00613659 0.00127764 0.000171323 1.49091e-05 8.67516e-07 3.46415e-08 9.52027e-10 1.77009e-11 2.18153e-13 1.75626e-15 9.14227e-18
 1.98297e-06 4.82099e-05 0.000691133 0.00584322 0.0291541 0.0861123 0.152767 0.173206 0.153383 0.139024 0.119778 0.0795947 0.0397661 0.0153437 0.0043452 0.000830147 0.000102306 8.14747e-06 4.31797e-07 1.57205e-08 3.97294e-10 6.869e-12 7.93381e-14 5.99939e-16 2.92619e-18
#spawning biomass
 23777.1 25345.6 21002.2 19217.4 25946.5 40963.9 69801.2 94270.9 118004 157514 146949 150019 192368 233013 241368 232901 230985 239857 255564 234179 233751 251120 263652 249631 263282 250056 219951 263974 291144 339683 30470.7 12530.1 11676.3 11639.7 11638.3 11638.2 11638.2 11638.2 11638.2 11638.2 11638.2 11638.2 11638.2 11638.2 11638.2 11638.2 11638.2 11638.2 11638.2 11638.2 11638.2 11638.2 11638.2 11638.2 11638.2 11638.2 11638.2 11638.2 11638.2 11638.2 11638.2 11638.2 11638.2 11638.2 11638.2 11638.2 11638.2 11638.2 11638.2 11638.2 11638.2 11638.2 11638.2 11638.2 11638.2 11638.2 11638.2 11638.2 11638.2 11638.2 11638.2 11638.2 11638.2 11638.2 11638.2 11638.2 11638.2 11638.2 11638.2 11638.2 11638.2 11638.2 11638.2 11638.2 11638.2 11638.2 11638.2 11638.2 11638.2 11638.2 11638.2 11638.2 11638.2 11638.2 11638.2 11638.2 11638.2 11638.2 11638.2 11638.2 11638.2 11638.2 11638.2 11638.2 11638.2 11638.2 11638.2 11638.2 11638.2 11638.2 11638.2 11638.2 11638.2 11638.2 11638.2 11638.2 11638.2 11638.2 0 0 0 0 0 0 0 0 0 0 0 0 0 0 0 0 0 0 0 0 0 0 0 0 0
