SBPRF35
0.302735
Curr Bio
285399
B35
496188
F35
0.344136
FOFL
0.253638
OFL
99448.5
Bzero
86495.7
#pred survey bio
 58575.7 56589.2 51240.6 50294.6 77036.6 119643 177259 253455 308167 326697 314873 344407 392414 367330 364435 344396 350101 350164 356910 364047 397343 385301 467449 404274 404341 339415 369390 450187 1.88451e+07 1.08326e+07 8.1186e+06 5.55134e+06 3.69898e+06 2.51775e+06 1.81158e+06 1.40301e+06 1.16962e+06 1.03616e+06 959009 913592 886250 869379 858706 851795 847262 844236 842190 840791 839827 839159 838694 838370 838143 837983 837872 837793 837738 837699 837672 837653 837639 837630 837623 837618 837615 837613 837611 837610 837609 837608 837608 837608 837607 837607 837607 837607 837607 837607 837607 837607 837607 837607 837607 837607 837607 837607 837607 837607 837607 837607 837607 837607 837607 837607 837607 837607 837607 837607 837607 837607 837607 837607 837607 837607 837607 837607 837607 837607 837607 837607 837607 837607 837607 837607 837607 837607 837607 837607 837607 837607 837607 837607 837607 837607 837607 837607 837607 837607 0 0 0 0 0 0 0 0 0 0 0 0 0 0 0 0 0 0 0 0 0 0 0 0 0
#obs survey bio
 60213 42436 36511.3 68336.3 82266.6 120510 197316 222265 375410 306269 272456 345811 365232 346092 367717 377317 329540 402051 325064 357107 396373 297431 604490 498232 324497 317146 381947 428171
#pred catch bio
 20187.5 17383.6 14202.9 9324.59 18011.8 24414.4 44223.5 71506.3 93851 128935 129517 123525 163148 159913 174581 150238 171420 165730 185754 163702 203527 157886 215028 179503 249701 185361 190138 211625 99448.5 125407 91405.3 60423.5 38743.5 25397.6 17765.1 13594.4 11381.4 10229.8 9638.37 9337.3 9184.98 9108.23 9069.67 9050.32 9040.67 9035.85 9033.45 9032.25 9031.65 9031.35 9031.2 9031.13 9031.09 9031.07 9031.07 9031.06 9031.06 9031.06 9031.06 9031.06 9031.06 9031.06 9031.06 9031.06 9031.06 9031.06 9031.06 9031.06 9031.06 9031.06 9031.06 9031.06 9031.06 9031.06 9031.06 9031.06 9031.06 9031.06 9031.06 9031.06 9031.06 9031.06 9031.06 9031.06 9031.06 9031.06 9031.06 9031.06 9031.06 9031.06 9031.06 9031.06 9031.06 9031.06 9031.06 9031.06 9031.06 9031.06 9031.06 9031.06 9031.06 9031.06 9031.06 9031.06 9031.06 9031.06 9031.06 9031.06 9031.06 9031.06 9031.06 9031.06 9031.06 9031.06 9031.06 9031.06 9031.06 9031.06 9031.06 9031.06 9031.06 9031.06 9031.06 9031.06 9031.06 9031.06 9031.06 9031.06 0 0 0 0 0 0 0 0 0 0 0 0 0 0 0 0 0 0 0 0 0 0 0 0 0
#obs catch bio
 16645.1 18078.1 14927.7 9048.31 18234.6 24036.9 44469.3 71553.1 92852.9 129704 132064 122076 162446 159755 177251 147643 174285 162586 192591 160980 206808 157787 211834 173916 268337 185807 192182 210330
#pred cpue bio
 57541 56092.8 51073.1 49336.2 73277.5 114621 169075 242655 295703 313901 302166 329253 375029 350780 348382 329539 334660 334747 341458 348457 381351 368543 447173 387591 387906 325376 353403 430388 1.81541e+07 1.08216e+07 8.10234e+06 5.53473e+06 3.68237e+06 2.50114e+06 1.79497e+06 1.3864e+06 1.15301e+06 1.01955e+06 942399 896982 869639 852768 842095 835184 830651 827626 825579 824181 823217 822549 822084 821759 821532 821373 821261 821183 821127 821089 821061 821042 821029 821019 821012 821008 821004 821002 821000 820999 820998 820998 820997 820997 820997 820997 820997 820997 820997 820996 820996 820996 820996 820996 820996 820996 820996 820996 820996 820996 820996 820996 820996 820996 820996 820996 820996 820996 820996 820996 820996 820996 820996 820996 820996 820996 820996 820996 820996 820996 820996 820996 820996 820996 820996 820996 820996 820996 820996 820996 820996 820996 820996 820996 820996 820996 820996 820996 820996 820996 0 0 0 0 0 0 0 0 0 0 0 0 0 0 0 0 0 0 0 0 0 0 0 0 0
#obs cpue bio
 57425.8 47318.1 42482.9 78518.2 58346.7 131576 134257 295304 262812 326686 293272 359446 448267 349175 324463 334172 315285 338916 288825 406950 366158 415953 470846 327025 326258 356939 322042 488252
#pred surv len freq
 2.44921e-11 1.15199e-09 3.75196e-08 8.46161e-07 1.3214e-05 0.000142892 0.00106998 0.00554859 0.0199326 0.0496707 0.0863059 0.106675 0.100596 0.0865684 0.082449 0.082401 0.0763197 0.0662457 0.0565496 0.0475833 0.0394928 0.0328191 0.0268335 0.0201238 0.0126589
 1.43347e-11 6.74235e-10 2.19594e-08 4.95239e-07 7.73391e-06 8.36326e-05 0.000626276 0.00324826 0.0116774 0.0291832 0.0512798 0.066075 0.070896 0.078455 0.0940451 0.104311 0.100225 0.0887221 0.0768656 0.0649117 0.0527109 0.0413342 0.0310954 0.0215081 0.0127376
 6.74141e-12 3.17084e-10 1.03272e-08 2.32905e-07 3.63717e-06 3.93319e-05 0.000294546 0.00152795 0.00549655 0.013772 0.0244425 0.0326383 0.0386338 0.0498989 0.068816 0.0881162 0.102779 0.11224 0.112949 0.102665 0.0852884 0.0658998 0.0472043 0.0304574 0.0168375
 2.90221e-11 1.36506e-09 4.44592e-08 1.00267e-06 1.56581e-05 0.000169319 0.00126784 0.00657381 0.0236045 0.0587117 0.10127 0.121674 0.103658 0.067107 0.0412165 0.0343952 0.0404403 0.0526055 0.0649686 0.0717248 0.069302 0.0582221 0.0424576 0.026626 0.0139874
 4.43074e-11 2.08401e-09 6.78748e-08 1.53075e-06 2.39048e-05 0.000258496 0.00193558 0.0100362 0.036038 0.0896486 0.154707 0.186214 0.159614 0.104715 0.0629415 0.0416201 0.0287041 0.0196198 0.0161737 0.0174604 0.0196013 0.0192648 0.0156608 0.0103249 0.00543649
 3.76721e-11 1.77192e-09 5.77102e-08 1.30151e-06 2.03249e-05 0.000219786 0.00164575 0.00853391 0.0306511 0.0763216 0.132212 0.161515 0.146183 0.112931 0.0915743 0.0781328 0.0588725 0.036664 0.0204378 0.0121037 0.00900275 0.00808337 0.00702577 0.00505022 0.002818
 3.98352e-11 1.87366e-09 6.10239e-08 1.37624e-06 2.1492e-05 0.000232405 0.00174023 0.0090236 0.0324064 0.0806581 0.13949 0.169309 0.149753 0.108638 0.0806097 0.0670279 0.054639 0.040529 0.0275526 0.0169242 0.00940951 0.00526185 0.00333341 0.0021934 0.00124546
 3.78094e-11 1.77838e-09 5.79205e-08 1.30625e-06 2.0399e-05 0.000220587 0.00165175 0.0085649 0.0307612 0.076584 0.132586 0.161596 0.145074 0.109742 0.086793 0.0744744 0.059591 0.0424656 0.0286342 0.018693 0.0112926 0.00610559 0.00302317 0.00145131 0.000674223
 3.68379e-11 1.73268e-09 5.64322e-08 1.27269e-06 1.98748e-05 0.000214918 0.0016093 0.00834484 0.0299712 0.0746204 0.129209 0.157587 0.141828 0.108094 0.086721 0.0758036 0.0622509 0.0459338 0.0318475 0.0209476 0.0126894 0.00693495 0.00337449 0.00144806 0.00054889
 3.62977e-11 1.70727e-09 5.56046e-08 1.25402e-06 1.95834e-05 0.000211767 0.0015857 0.00822249 0.0295319 0.0735291 0.127334 0.155372 0.140065 0.107244 0.0866752 0.0762482 0.0630329 0.0470846 0.0333549 0.0225691 0.0140586 0.00783752 0.00383574 0.00161361 0.000572435
 3.69962e-11 1.74012e-09 5.66747e-08 1.27816e-06 1.99602e-05 0.000215842 0.00161622 0.00838068 0.0300995 0.0749364 0.129731 0.15811 0.141929 0.107395 0.0852271 0.0740112 0.0608223 0.0453064 0.0321327 0.0219322 0.0139079 0.00794464 0.00398197 0.00169912 0.00059975
 3.8804e-11 1.82515e-09 5.94441e-08 1.34061e-06 2.09356e-05 0.000226389 0.00169519 0.00879007 0.0315686 0.0785812 0.135955 0.165289 0.147061 0.108485 0.0825921 0.0694546 0.0560347 0.0410718 0.0286823 0.019392 0.012288 0.00707739 0.0036037 0.00156745 0.000562314
 3.87386e-11 1.82208e-09 5.9344e-08 1.33835e-06 2.09003e-05 0.000226008 0.00169233 0.00877531 0.031516 0.0784544 0.135764 0.165189 0.147394 0.109601 0.0844105 0.0712206 0.0568295 0.0406257 0.0274663 0.0180471 0.0112077 0.00638152 0.00324246 0.00141946 0.000515377
 3.9017e-11 1.83517e-09 5.97704e-08 1.34797e-06 2.10505e-05 0.000227632 0.00170449 0.00883835 0.0317423 0.0790162 0.136726 0.166312 0.148246 0.109917 0.0842675 0.0708836 0.0564981 0.0402935 0.0270021 0.0174035 0.0105095 0.00580903 0.00288335 0.00124569 0.000450693
 3.84544e-11 1.80871e-09 5.89086e-08 1.32854e-06 2.0747e-05 0.00022435 0.00167992 0.00871096 0.0312853 0.0778839 0.134803 0.16414 0.146849 0.110023 0.0857546 0.0729293 0.0582556 0.0414354 0.0276337 0.0176971 0.0105728 0.0057379 0.00277814 0.00116971 0.000414488
 3.80198e-11 1.78827e-09 5.82428e-08 1.31352e-06 2.05125e-05 0.000221814 0.00166093 0.00861253 0.030932 0.0770072 0.133304 0.162403 0.145582 0.109691 0.0862961 0.0739767 0.0594691 0.0426101 0.0286151 0.0183748 0.0109458 0.00589263 0.00281533 0.00116379 0.00040365
 3.85986e-11 1.8155e-09 5.91295e-08 1.33352e-06 2.08248e-05 0.000225191 0.00168622 0.0087436 0.0314021 0.0781712 0.135276 0.164604 0.146905 0.109328 0.0843949 0.07155 0.057597 0.0416886 0.0283975 0.0184706 0.0111007 0.00600007 0.00286156 0.00117379 0.000401971
 3.84807e-11 1.80995e-09 5.89488e-08 1.32944e-06 2.07612e-05 0.000224503 0.00168107 0.0087169 0.0313065 0.0779362 0.134889 0.164224 0.146858 0.109889 0.0854764 0.072595 0.0579884 0.0413282 0.027723 0.0179394 0.0108462 0.00592617 0.00285272 0.00117537 0.000402033
 3.81146e-11 1.79273e-09 5.83881e-08 1.3168e-06 2.05637e-05 0.000222367 0.00166508 0.00863401 0.0310091 0.0771981 0.133628 0.162768 0.145814 0.109663 0.0860267 0.0736029 0.0591346 0.0423782 0.0284867 0.0183389 0.0109825 0.00595962 0.002869 0.00118838 0.000408992
 3.78958e-11 1.78244e-09 5.80528e-08 1.30923e-06 2.04456e-05 0.00022109 0.00165552 0.00858444 0.0308312 0.0767567 0.132873 0.161894 0.145175 0.109491 0.0862825 0.0740859 0.0596705 0.0428978 0.0289654 0.0187305 0.0112405 0.00608839 0.00291722 0.00120333 0.000413697
 3.66189e-11 1.72238e-09 5.60968e-08 1.26512e-06 1.97567e-05 0.000213641 0.00159974 0.00829528 0.0297936 0.0741822 0.128477 0.156822 0.141546 0.108711 0.0881288 0.0772893 0.0630388 0.0458691 0.0313696 0.0204933 0.012384 0.00673844 0.00323554 0.00133395 0.000457599
 3.84455e-11 1.80829e-09 5.88949e-08 1.32823e-06 2.07422e-05 0.000224297 0.00167953 0.00870889 0.0312773 0.0778594 0.134728 0.163899 0.146158 0.108537 0.0835662 0.0709309 0.05755 0.0423108 0.0294286 0.0195501 0.0119869 0.00660189 0.0031987 0.00132621 0.000456158
 3.82715e-11 1.80011e-09 5.86283e-08 1.32221e-06 2.06483e-05 0.000223282 0.00167193 0.00866952 0.0311364 0.0775127 0.134157 0.163338 0.146082 0.109351 0.085146 0.072469 0.0581484 0.0418136 0.0284515 0.0187533 0.0115846 0.00647764 0.00318844 0.00133929 0.000465033
 3.71078e-11 1.74537e-09 5.68456e-08 1.28201e-06 2.00204e-05 0.000216493 0.00162109 0.008406 0.030191 0.0751692 0.130169 0.158806 0.143073 0.109311 0.0878532 0.076407 0.0617501 0.0443522 0.0299157 0.0194055 0.0117769 0.00651248 0.00320592 0.00135866 0.000477558
 3.69325e-11 1.73713e-09 5.65771e-08 1.27595e-06 1.99259e-05 0.00021547 0.00161344 0.00836627 0.0300481 0.0748114 0.129536 0.157971 0.142124 0.108209 0.0866555 0.0755965 0.0619449 0.0456086 0.0316068 0.020827 0.0126455 0.00692378 0.00336519 0.00141369 0.000496038
 3.72531e-11 1.75221e-09 5.70683e-08 1.28703e-06 2.00989e-05 0.000217341 0.00162744 0.00843891 0.0303089 0.0754602 0.130656 0.159317 0.143267 0.108906 0.0868842 0.0752762 0.0609489 0.0441264 0.0302049 0.0199604 0.0123035 0.00683991 0.00334577 0.00140156 0.000488384
 3.82632e-11 1.79972e-09 5.86156e-08 1.32193e-06 2.06438e-05 0.000223234 0.00167156 0.00866762 0.0311294 0.0774943 0.134117 0.163252 0.145889 0.108978 0.0846441 0.0721127 0.0582341 0.042311 0.0290068 0.0190761 0.0116776 0.00648285 0.00319029 0.00134797 0.000472333
 3.85257e-11 1.81206e-09 5.90177e-08 1.331e-06 2.07854e-05 0.000224765 0.00168303 0.00872708 0.031343 0.0780255 0.135034 0.16436 0.146846 0.109604 0.0849411 0.0720326 0.0576631 0.0413232 0.0279299 0.0182172 0.0111171 0.00615732 0.00302306 0.00127708 0.000448785
#obs surv len freq
 2.44689e-11 1.1509e-09 3.7484e-08 8.45358e-07 1.32015e-05 0.000142756 0.00106897 0.00554329 0.0199134 0.04962 0.0861999 0.10646 0.100132 0.0856699 0.0811759 0.081331 0.0763468 0.0681003 0.0604592 0.052881 0.0442548 0.0345052 0.0242077 0.0146514 0.00732202
 5.5364e-12 2.60406e-10 8.48125e-09 1.91274e-07 2.98707e-06 3.23028e-05 0.000241938 0.00125569 0.00452627 0.0114307 0.0208966 0.0306999 0.0444847 0.0698482 0.101514 0.120227 0.118148 0.106295 0.0940981 0.0818395 0.0683661 0.0535809 0.0379122 0.0230742 0.0115259
 1.89065e-14 8.8929e-13 2.89659e-11 6.53457e-10 1.02173e-08 1.11027e-07 8.47476e-07 4.72638e-06 2.17137e-05 0.000100984 0.000497918 0.00216143 0.00721348 0.018185 0.0366016 0.0637265 0.0990068 0.132547 0.14856 0.142319 0.122109 0.0961527 0.0682078 0.0416842 0.0208992
 5.27763e-11 2.48234e-09 8.08483e-08 1.82333e-06 2.84739e-05 0.000307904 0.00230552 0.0119539 0.0429175 0.106696 0.183673 0.218944 0.180733 0.10338 0.0412738 0.012515 0.00552214 0.00729573 0.0117244 0.0157478 0.0171814 0.0154251 0.0115536 0.00719097 0.00362842
 3.34252e-11 1.57216e-09 5.12043e-08 1.15479e-06 1.80337e-05 0.00019501 0.00146025 0.00757245 0.0272043 0.0678012 0.117878 0.146008 0.138533 0.120079 0.111824 0.10068 0.072092 0.0378179 0.0154962 0.00760307 0.00696943 0.00741094 0.00651638 0.00447067 0.00236763
 4.09995e-11 1.92842e-09 6.28073e-08 1.41646e-06 2.21201e-05 0.000239197 0.00179109 0.00928715 0.0333513 0.0829921 0.143407 0.173505 0.151682 0.106363 0.0748331 0.0613287 0.0526439 0.042348 0.030092 0.0177214 0.00865965 0.00424691 0.00265632 0.00180503 0.00102385
 3.88568e-11 1.82764e-09 5.9525e-08 1.34244e-06 2.09641e-05 0.000226697 0.0016975 0.00880211 0.0316126 0.0786975 0.136203 0.16581 0.148219 0.11073 0.0856858 0.0719223 0.0562692 0.0391719 0.0262784 0.0175863 0.0108863 0.00578945 0.00267733 0.00118513 0.000526771
 3.62325e-11 1.7042e-09 5.55047e-08 1.25177e-06 1.95482e-05 0.000211387 0.00158286 0.00820777 0.0294797 0.073404 0.127153 0.155317 0.140546 0.108706 0.0890759 0.0787361 0.0644582 0.0468694 0.0317729 0.0204477 0.0122388 0.00668289 0.0032419 0.00135827 0.000490505
 3.73387e-11 1.75623e-09 5.71993e-08 1.28999e-06 2.0145e-05 0.00021784 0.00163118 0.00845821 0.0303776 0.075624 0.130891 0.159377 0.142605 0.106959 0.0838504 0.0725677 0.0602155 0.0456486 0.0327487 0.0221463 0.0136112 0.00745041 0.00358882 0.00149017 0.00051988
 3.5349e-11 1.66265e-09 5.41514e-08 1.22125e-06 1.90716e-05 0.000206233 0.00154427 0.00800768 0.0287615 0.0716195 0.124088 0.1517 0.13768 0.107341 0.0889825 0.079287 0.0653356 0.0482777 0.0340065 0.0232445 0.0148204 0.00847217 0.00421397 0.00177389 0.000616396
 3.81965e-11 1.79658e-09 5.85135e-08 1.31963e-06 2.06079e-05 0.000222845 0.00166865 0.00865247 0.0310745 0.0773513 0.133829 0.16271 0.144796 0.106926 0.0817391 0.0694863 0.0573009 0.0434322 0.0313306 0.0215361 0.0136859 0.00787435 0.00400565 0.00173744 0.000619136
 3.87275e-11 1.82155e-09 5.93268e-08 1.33797e-06 2.08943e-05 0.000225943 0.00169185 0.00877276 0.0315068 0.0784299 0.135712 0.165079 0.14715 0.10911 0.0836596 0.0704075 0.0562604 0.0405203 0.0278703 0.0188066 0.0120228 0.00700016 0.00359819 0.00158032 0.000573113
 3.8803e-11 1.82511e-09 5.94425e-08 1.34058e-06 2.09351e-05 0.000226383 0.00169515 0.00878988 0.0315685 0.0785846 0.135989 0.165458 0.147624 0.109751 0.0845089 0.0713064 0.0568982 0.0406059 0.0272747 0.0177042 0.0108517 0.00613563 0.0031228 0.00137728 0.000504761
 3.92543e-11 1.84633e-09 6.01339e-08 1.35617e-06 2.11786e-05 0.000229016 0.00171486 0.00889209 0.0319352 0.0794943 0.137541 0.167242 0.148878 0.109968 0.0837923 0.0701899 0.0558911 0.0398861 0.0267419 0.0172034 0.0103264 0.00565204 0.00277716 0.00119254 0.000431342
 3.74233e-11 1.76021e-09 5.73289e-08 1.29291e-06 2.01907e-05 0.000218334 0.00163488 0.00847746 0.0304476 0.0758067 0.131265 0.160103 0.14411 0.109819 0.0878763 0.076091 0.0611767 0.0435889 0.0290837 0.0186254 0.0111155 0.00601282 0.0028936 0.00120868 0.000425126
 3.82175e-11 1.79757e-09 5.85456e-08 1.32035e-06 2.06192e-05 0.000222967 0.00166957 0.00865727 0.0310923 0.077401 0.133951 0.163031 0.145633 0.10868 0.0843511 0.0720207 0.0585566 0.0429909 0.0296857 0.0194254 0.0116626 0.00628709 0.00299839 0.00123462 0.000425867
 3.90841e-11 1.83833e-09 5.98731e-08 1.35029e-06 2.10867e-05 0.000228023 0.00170742 0.00885353 0.0317967 0.0791496 0.136944 0.166518 0.148238 0.109509 0.0834816 0.0700237 0.0559578 0.0402789 0.027453 0.0180673 0.0110777 0.00610771 0.00295154 0.00121733 0.000416921
 3.76536e-11 1.77104e-09 5.76817e-08 1.30087e-06 2.03149e-05 0.000219677 0.00164494 0.0085296 0.0306347 0.07627 0.132051 0.160985 0.14466 0.109723 0.0871774 0.0751331 0.0603284 0.043023 0.0288096 0.0186009 0.011258 0.00619954 0.00302627 0.00126619 0.000438391
 3.87876e-11 1.82438e-09 5.94189e-08 1.34005e-06 2.09268e-05 0.000226293 0.00169447 0.00878637 0.0315556 0.07855 0.135911 0.165283 0.147212 0.108934 0.0833788 0.0704329 0.0569442 0.0416329 0.028653 0.0187361 0.0112862 0.00613421 0.00296161 0.00123524 0.000429547
 3.65085e-11 1.71718e-09 5.59275e-08 1.26131e-06 1.96971e-05 0.000212997 0.00159492 0.00827029 0.0297041 0.0739615 0.128109 0.156443 0.141425 0.109064 0.088873 0.0779893 0.0632386 0.045547 0.0309193 0.0202581 0.0123834 0.00682517 0.0033095 0.00137483 0.000475286
 3.69587e-11 1.73836e-09 5.66172e-08 1.27686e-06 1.994e-05 0.000215623 0.00161458 0.00837217 0.0300691 0.0748609 0.129603 0.157967 0.141846 0.107443 0.0854658 0.0745009 0.0615583 0.0460606 0.0324974 0.0216997 0.013293 0.00732676 0.00357126 0.00149461 0.000519077
 3.95133e-11 1.85851e-09 6.05306e-08 1.36512e-06 2.13183e-05 0.000230527 0.00172617 0.00895069 0.032145 0.0800099 0.138387 0.168058 0.148921 0.108573 0.0810624 0.0672442 0.0540928 0.0397853 0.0279432 0.0189426 0.0119275 0.00674276 0.00333723 0.00140732 0.000491201
 3.69776e-11 1.73925e-09 5.66462e-08 1.27752e-06 1.99502e-05 0.000215734 0.00161541 0.00837654 0.0300856 0.0749096 0.12974 0.15838 0.142995 0.109868 0.0889308 0.0773881 0.061974 0.0437755 0.0291177 0.0189357 0.0117197 0.00665213 0.00334852 0.00144037 0.000510869
 3.76198e-11 1.76945e-09 5.76299e-08 1.2997e-06 2.02967e-05 0.00021948 0.00164346 0.0085219 0.0306065 0.0761949 0.131887 0.160627 0.143837 0.108102 0.0849111 0.0732742 0.060102 0.0445424 0.0309861 0.0203377 0.0122615 0.00671072 0.003298 0.00141136 0.000504606
 3.68754e-11 1.73444e-09 5.64896e-08 1.27398e-06 1.98951e-05 0.000215137 0.00161094 0.00835334 0.0300018 0.0746968 0.129343 0.15776 0.142012 0.108271 0.0868229 0.0756515 0.0617124 0.0452157 0.0314153 0.0210209 0.0130454 0.00726321 0.00355168 0.00149197 0.000524324
 3.7016e-11 1.74105e-09 5.67049e-08 1.27884e-06 1.99709e-05 0.000215957 0.00161708 0.00838516 0.0301158 0.0749777 0.12981 0.158237 0.142147 0.107776 0.085781 0.0745945 0.0612105 0.0453452 0.031801 0.0213501 0.0132927 0.00747813 0.00371288 0.00157656 0.000554319
 3.9337e-11 1.85022e-09 6.02605e-08 1.35903e-06 2.12232e-05 0.000229498 0.00171847 0.00891077 0.0320018 0.0796551 0.137785 0.167382 0.1485 0.108647 0.0815979 0.0679694 0.0547074 0.0401346 0.0280285 0.0188654 0.0118283 0.00670733 0.00335766 0.00143912 0.000510769
 3.77118e-11 1.77378e-09 5.77709e-08 1.30288e-06 2.03464e-05 0.000220017 0.00164748 0.0085428 0.0306821 0.0763884 0.132258 0.161247 0.144923 0.109966 0.0873595 0.0751086 0.0599469 0.0423686 0.0282122 0.0183282 0.0113017 0.00638647 0.00320927 0.00138541 0.000495774
#pred catch len freq
 2.3467e-11 1.10377e-09 3.59492e-08 8.10745e-07 1.2661e-05 0.000136911 0.0010252 0.00531643 0.0190995 0.0476031 0.0827715 0.10258 0.0976063 0.085764 0.0836258 0.0845691 0.0785849 0.0682384 0.0582383 0.0489959 0.0406622 0.0337899 0.0276271 0.0207189 0.0130332
 1.35101e-11 6.35451e-10 2.06962e-08 4.66752e-07 7.28904e-06 7.88221e-05 0.000590257 0.00306152 0.0110073 0.0275202 0.0484373 0.0627834 0.0684983 0.0778239 0.0950184 0.10609 0.102087 0.09037 0.0782731 0.0660895 0.0536636 0.0420802 0.0316564 0.0218961 0.0129673
 6.27276e-12 2.95041e-10 9.6093e-09 2.16714e-07 3.38432e-06 3.65978e-05 0.000274074 0.00142181 0.0051156 0.012826 0.0228214 0.0307412 0.0371856 0.0493494 0.0690825 0.0888545 0.103716 0.113248 0.113945 0.103561 0.0860291 0.066471 0.0476131 0.0307211 0.0169833
 2.77045e-11 1.30309e-09 4.24407e-08 9.57143e-07 1.49472e-05 0.000161632 0.00121028 0.00627537 0.0225332 0.0560497 0.0966971 0.116267 0.0993439 0.065003 0.041056 0.0354036 0.0421654 0.0549601 0.0678841 0.074941 0.0724083 0.0608312 0.0443601 0.0278191 0.0146142
 4.33991e-11 2.04129e-09 6.64834e-08 1.49937e-06 2.34147e-05 0.000253197 0.00189591 0.00983049 0.0352999 0.0878172 0.151579 0.182604 0.157022 0.104118 0.0641157 0.0435393 0.0304288 0.0208766 0.017216 0.018582 0.0208589 0.0205004 0.0166653 0.0109871 0.00578516
 3.64982e-11 1.7167e-09 5.59118e-08 1.26095e-06 1.96916e-05 0.000212937 0.00159447 0.00826807 0.0296973 0.0739575 0.128189 0.156944 0.143147 0.112876 0.0942337 0.0818922 0.0620976 0.0387304 0.0215908 0.0127827 0.00950575 0.0085344 0.00741769 0.00533192 0.00297518
 3.87986e-11 1.8249e-09 5.94359e-08 1.34043e-06 2.09327e-05 0.000226358 0.00169495 0.00878885 0.0315641 0.0785695 0.135931 0.165238 0.14696 0.108345 0.0826203 0.070114 0.0575796 0.0427775 0.029082 0.0178605 0.00992895 0.005552 0.00351712 0.00231426 0.00131408
 3.67886e-11 1.73036e-09 5.63567e-08 1.27098e-06 1.98482e-05 0.000214631 0.00160715 0.00833373 0.0299318 0.0745275 0.129083 0.1576 0.142362 0.10954 0.0888894 0.0775882 0.0624496 0.0445568 0.0300419 0.0196073 0.0118434 0.00640307 0.0031704 0.00152198 0.00070705
 3.58508e-11 1.68625e-09 5.49201e-08 1.23858e-06 1.93423e-05 0.00020916 0.00156619 0.00812133 0.0291692 0.0726318 0.12582 0.153714 0.139177 0.107835 0.0886573 0.0787429 0.0650127 0.048021 0.0332908 0.021892 0.0132599 0.00724636 0.00352595 0.00151304 0.000573519
 3.54862e-11 1.6691e-09 5.43615e-08 1.22599e-06 1.91456e-05 0.000207033 0.00155026 0.00803873 0.0288726 0.0718941 0.124548 0.152185 0.137877 0.107011 0.0882348 0.0786294 0.0652793 0.0487974 0.034561 0.0233793 0.0145614 0.00811741 0.00397264 0.00167119 0.00059286
 3.62162e-11 1.70344e-09 5.54799e-08 1.25121e-06 1.95394e-05 0.000211292 0.00158215 0.00820405 0.0294658 0.0733649 0.127053 0.155046 0.139825 0.107168 0.086722 0.076293 0.0629715 0.0469421 0.0332857 0.0227133 0.0144014 0.00822612 0.00412297 0.00175928 0.000620981
 3.7959e-11 1.78541e-09 5.81497e-08 1.31142e-06 2.04797e-05 0.000221459 0.00165828 0.00859873 0.0308821 0.0768788 0.133055 0.161972 0.14479 0.108258 0.0842386 0.0719503 0.0583688 0.0428287 0.0299051 0.0202138 0.0128071 0.00737601 0.00375568 0.00163354 0.000586023
 3.80293e-11 1.78872e-09 5.82574e-08 1.31385e-06 2.05176e-05 0.00022187 0.00166135 0.00861469 0.0309397 0.0770255 0.13333 0.162411 0.145507 0.109454 0.0858585 0.0733766 0.0588123 0.0420773 0.0284416 0.0186825 0.0116005 0.00660483 0.00335585 0.00146909 0.000533395
 3.83379e-11 1.80323e-09 5.873e-08 1.32451e-06 2.06841e-05 0.00022367 0.00167483 0.00868456 0.0311905 0.0776481 0.134396 0.163654 0.146444 0.109786 0.0856691 0.0729659 0.0584119 0.041691 0.0279325 0.0179979 0.0108668 0.00600613 0.00298111 0.00128792 0.000465968
 3.78521e-11 1.78038e-09 5.79859e-08 1.30773e-06 2.0422e-05 0.000220836 0.00165361 0.00857457 0.0307959 0.0766705 0.132736 0.161783 0.145255 0.109917 0.0870122 0.0747898 0.0599592 0.042672 0.0284505 0.0182146 0.0108802 0.0059043 0.00285864 0.00120359 0.000426493
 3.73192e-11 1.75532e-09 5.71695e-08 1.28931e-06 2.01345e-05 0.000217727 0.00163033 0.00845388 0.0303628 0.0755959 0.1309 0.159661 0.143723 0.109556 0.0877425 0.0761273 0.0614492 0.0440599 0.0295819 0.0189901 0.0113106 0.00608863 0.0029089 0.00120246 0.000417061
 3.80102e-11 1.78782e-09 5.82281e-08 1.31319e-06 2.05073e-05 0.000221758 0.00166051 0.00861034 0.030924 0.0769858 0.133257 0.162299 0.145338 0.109203 0.085593 0.0733407 0.0592542 0.0429124 0.0292231 0.0190019 0.0114183 0.00617131 0.00294316 0.00120725 0.000413428
 3.78543e-11 1.78048e-09 5.79892e-08 1.3078e-06 2.04232e-05 0.000220848 0.0016537 0.00857506 0.0307976 0.0766744 0.13274 0.161773 0.145198 0.109773 0.086776 0.0745208 0.0597539 0.0426132 0.0285775 0.0184866 0.0111753 0.00610558 0.00293901 0.00121091 0.00041419
 3.75676e-11 1.767e-09 5.75501e-08 1.2979e-06 2.02686e-05 0.000219176 0.00164118 0.00851014 0.0305647 0.0760962 0.131751 0.160628 0.144363 0.109561 0.087161 0.0752859 0.0606805 0.0435058 0.0292356 0.0188151 0.0112657 0.00611293 0.00294274 0.00121891 0.000419498
 3.71938e-11 1.74942e-09 5.69775e-08 1.28498e-06 2.00669e-05 0.000216995 0.00162485 0.00842549 0.0302609 0.0753426 0.130465 0.159146 0.143309 0.10935 0.0877228 0.0762317 0.0616494 0.0443512 0.0299398 0.019355 0.0116135 0.00629004 0.00301377 0.00124314 0.000427384
 3.60466e-11 1.69546e-09 5.522e-08 1.24535e-06 1.94479e-05 0.000210302 0.00157474 0.00816568 0.0293286 0.0730293 0.126513 0.15458 0.140022 0.108589 0.0892924 0.079029 0.0646487 0.0470582 0.0321725 0.0210112 0.012695 0.00690725 0.00331651 0.00136733 0.000469046
 3.7672e-11 1.77191e-09 5.771e-08 1.3015e-06 2.03249e-05 0.000219785 0.00164574 0.00853374 0.0306489 0.0763012 0.132073 0.160865 0.144082 0.108337 0.0850876 0.0732345 0.0597075 0.0439359 0.0305534 0.0202921 0.0124401 0.00685117 0.00331942 0.00137625 0.000473368
 3.76402e-11 1.77041e-09 5.76613e-08 1.3004e-06 2.03077e-05 0.000219599 0.00164435 0.00852656 0.0306235 0.0762409 0.131991 0.160865 0.144402 0.109219 0.0864326 0.0743867 0.0599148 0.0431104 0.0293261 0.0193239 0.0119352 0.00667331 0.00328468 0.00137971 0.000479065
 3.63985e-11 1.71201e-09 5.57591e-08 1.25751e-06 1.96378e-05 0.000212355 0.00159011 0.00824539 0.0296147 0.0737404 0.127736 0.156029 0.141188 0.109169 0.0893087 0.0785738 0.0637454 0.0458143 0.0308942 0.0200344 0.0121567 0.00672208 0.00330902 0.00140235 0.000492911
 3.65933e-11 1.72117e-09 5.60575e-08 1.26424e-06 1.97429e-05 0.000213492 0.00159862 0.00828946 0.0297725 0.0741281 0.128372 0.156643 0.141221 0.108137 0.0873463 0.0766285 0.0628992 0.0463126 0.0320811 0.0211323 0.0128288 0.00702365 0.00341365 0.00143403 0.000503175
 3.67277e-11 1.72749e-09 5.62634e-08 1.26888e-06 1.98154e-05 0.000214276 0.00160449 0.00831991 0.029882 0.0744017 0.128853 0.157259 0.141868 0.108796 0.087955 0.0768726 0.0624201 0.0452075 0.0309345 0.0204358 0.0125945 0.00700128 0.00342463 0.00143458 0.00049989
 3.76741e-11 1.77201e-09 5.77132e-08 1.30157e-06 2.0326e-05 0.000219797 0.00164583 0.00853422 0.0306508 0.0763075 0.132095 0.160944 0.144317 0.108846 0.085832 0.0738932 0.0598846 0.0435339 0.0298367 0.0196159 0.0120063 0.00666488 0.00327979 0.00138578 0.00048558
 3.78441e-11 1.78001e-09 5.79737e-08 1.30745e-06 2.04177e-05 0.000220789 0.00165326 0.00857275 0.0307892 0.0766526 0.132696 0.161691 0.145034 0.109466 0.0863373 0.0741112 0.0595766 0.0427257 0.0288712 0.0188256 0.0114866 0.00636161 0.00312329 0.00131941 0.000463659
#obs catch len freq
 2.34159e-11 1.10137e-09 3.58709e-08 8.08979e-07 1.26334e-05 0.000136613 0.00102297 0.00530481 0.0190574 0.0474943 0.0825565 0.102193 0.0968654 0.0844155 0.0817854 0.0831346 0.0788689 0.0710835 0.0634596 0.0552241 0.0455516 0.0350046 0.0244346 0.0148733 0.00751924
 2.33597e-11 1.09873e-09 3.57848e-08 8.07037e-07 1.26031e-05 0.000136285 0.00102051 0.00529209 0.0190119 0.0473828 0.0823755 0.102029 0.0968954 0.084795 0.0824442 0.0836788 0.0788202 0.0703162 0.0623946 0.054552 0.0456423 0.0355821 0.0249613 0.0151068 0.00754946
 5.16224e-12 2.42807e-10 7.90807e-09 1.78348e-07 2.7852e-06 3.01199e-05 0.000225594 0.00117095 0.00422221 0.0106763 0.0196085 0.0292145 0.0434236 0.0696223 0.102048 0.121125 0.11904 0.107035 0.0946943 0.0823237 0.0687538 0.0538771 0.0381188 0.023199 0.0115879
 1.75814e-14 8.26964e-13 2.69359e-11 6.07677e-10 9.5024e-09 1.03298e-07 7.89646e-07 4.42741e-06 2.06527e-05 9.84689e-05 0.000494428 0.00216124 0.00722638 0.0182222 0.0366634 0.0637955 0.0990586 0.132567 0.148548 0.14228 0.122056 0.0960988 0.0681643 0.0416558 0.0208845
 5.24307e-11 2.46609e-09 8.03188e-08 1.81139e-06 2.82875e-05 0.000305887 0.00229042 0.0118756 0.0426364 0.105997 0.18247 0.217511 0.179551 0.10271 0.0410311 0.0125244 0.00572214 0.00773498 0.0124584 0.0167345 0.0182569 0.0163898 0.0122756 0.00764017 0.00385501
 3.24251e-11 1.52512e-09 4.96721e-08 1.12023e-06 1.74941e-05 0.000189175 0.00141656 0.00734597 0.0263918 0.0657884 0.11446 0.142157 0.136083 0.120335 0.114531 0.104259 0.0749166 0.0393344 0.0161152 0.007896 0.0072292 0.00768512 0.00675716 0.00463579 0.00245505
 4.017e-11 1.88941e-09 6.15367e-08 1.38781e-06 2.16726e-05 0.000234358 0.00175485 0.00909932 0.0326773 0.0813204 0.140556 0.170232 0.149396 0.106019 0.0762956 0.0637093 0.0550615 0.0443406 0.0314999 0.0185449 0.00905986 0.00444179 0.00277739 0.00188707 0.00107035
 3.8016e-11 1.78809e-09 5.82369e-08 1.31339e-06 2.05105e-05 0.000221792 0.00166077 0.0086117 0.0309295 0.0770038 0.13332 0.162525 0.146008 0.110612 0.08748 0.074536 0.0586158 0.0408374 0.0273804 0.0183121 0.0113315 0.00602512 0.00278598 0.0012331 0.000548052
 3.53745e-11 1.66385e-09 5.41904e-08 1.22213e-06 1.90853e-05 0.000206381 0.00154538 0.00801349 0.0287827 0.0716756 0.124209 0.151957 0.138264 0.108529 0.0908323 0.0813601 0.0668869 0.0486584 0.0329675 0.0212045 0.0126871 0.0069261 0.00335942 0.0014074 0.000508218
 3.65652e-11 1.71985e-09 5.60143e-08 1.26326e-06 1.97277e-05 0.000213327 0.00159739 0.00828304 0.0297491 0.0740654 0.128235 0.156339 0.140516 0.106731 0.0853302 0.074836 0.0623667 0.0473 0.0339141 0.022922 0.0140834 0.00770726 0.00371205 0.00154121 0.000537661
 3.46597e-11 1.63022e-09 5.30953e-08 1.19743e-06 1.86997e-05 0.000202211 0.00151415 0.00785158 0.0282014 0.0702307 0.121722 0.148998 0.135837 0.107177 0.0903573 0.0813503 0.0672468 0.0496961 0.0349809 0.0238955 0.0152298 0.0087044 0.00432895 0.00182216 0.00063314
 3.75196e-11 1.76474e-09 5.74765e-08 1.29624e-06 2.02426e-05 0.000218896 0.00163908 0.00849917 0.0305245 0.0759873 0.131504 0.16005 0.142966 0.10672 0.0830236 0.0714575 0.0591682 0.0448637 0.0323432 0.0222195 0.0141152 0.00811968 0.00412992 0.00179121 0.00063827
 3.81661e-11 1.79515e-09 5.84668e-08 1.31857e-06 2.05914e-05 0.000222667 0.00166732 0.00864563 0.0310507 0.0772989 0.133786 0.162882 0.14566 0.109001 0.0848144 0.0721184 0.0578238 0.0416548 0.0286296 0.0193058 0.0123368 0.00718143 0.0036909 0.00162092 0.00058781
 3.82701e-11 1.80004e-09 5.86262e-08 1.32217e-06 2.06476e-05 0.000223274 0.00167187 0.00866922 0.0311355 0.0775113 0.134161 0.163375 0.146218 0.109666 0.0856332 0.0729612 0.0584039 0.0416871 0.0279804 0.0181497 0.0111201 0.00628581 0.00319879 0.00141068 0.000516978
 3.86843e-11 1.81952e-09 5.92606e-08 1.33648e-06 2.0871e-05 0.000225691 0.00168996 0.008763 0.0314721 0.078346 0.135585 0.165013 0.147373 0.109875 0.0849951 0.0719621 0.0575072 0.0410508 0.0275038 0.0176817 0.0106091 0.0058054 0.0028521 0.00122461 0.000442921
 3.6842e-11 1.73287e-09 5.64385e-08 1.27283e-06 1.98771e-05 0.000214943 0.00160949 0.00834583 0.0299754 0.0746358 0.129271 0.157831 0.142579 0.109734 0.0891161 0.0779104 0.0628291 0.044772 0.0298514 0.019104 0.0113964 0.00616327 0.00296557 0.00123864 0.00043564
 3.76764e-11 1.77211e-09 5.77166e-08 1.30166e-06 2.03272e-05 0.00021981 0.00164593 0.00853472 0.0306527 0.0763109 0.132094 0.160912 0.144194 0.108569 0.0854589 0.0736744 0.0600859 0.0441181 0.0304422 0.0199077 0.0119475 0.00643918 0.00307048 0.0012642 0.000436047
 3.85072e-11 1.81119e-09 5.89894e-08 1.33036e-06 2.07755e-05 0.000224657 0.00168222 0.00872289 0.031328 0.0779875 0.134965 0.164261 0.146709 0.109403 0.0846799 0.0717978 0.0575819 0.0414591 0.0282376 0.0185713 0.0113822 0.00627419 0.00303158 0.00125025 0.000428173
 3.70447e-11 1.7424e-09 5.67489e-08 1.27983e-06 1.99864e-05 0.000216125 0.00161834 0.00839171 0.0301399 0.0750434 0.129962 0.158605 0.143053 0.109628 0.0884663 0.0770288 0.0620531 0.0442616 0.0296182 0.01911 0.0115614 0.00636509 0.00310665 0.00129972 0.000449977
 3.81268e-11 1.7933e-09 5.84066e-08 1.31722e-06 2.05702e-05 0.000222438 0.00166561 0.00863673 0.0310187 0.0772188 0.133644 0.162694 0.145451 0.108791 0.0847208 0.072442 0.058807 0.0430118 0.0295836 0.0193329 0.0116414 0.00632583 0.0030537 0.00127354 0.000442843
 3.58384e-11 1.68567e-09 5.49011e-08 1.23816e-06 1.93356e-05 0.000209088 0.00156565 0.00811856 0.0291598 0.0726117 0.125811 0.153822 0.139651 0.108944 0.0902696 0.0800544 0.0651269 0.0469162 0.0318268 0.0208391 0.0127335 0.00701655 0.00340185 0.00141308 0.000488485
 3.63193e-11 1.70829e-09 5.56378e-08 1.25477e-06 1.95951e-05 0.000211893 0.00158665 0.0082274 0.0295497 0.0735728 0.127409 0.155459 0.140132 0.107281 0.0867283 0.0764116 0.0633484 0.0474078 0.0334255 0.0223061 0.0136594 0.00752709 0.0036684 0.00153514 0.000533128
 3.89317e-11 1.83116e-09 5.96396e-08 1.34502e-06 2.10045e-05 0.000227134 0.00170076 0.00881898 0.0316724 0.0788381 0.136391 0.165778 0.147366 0.108435 0.082223 0.0689875 0.0557104 0.0409882 0.0287685 0.0194897 0.0122674 0.00693342 0.00343116 0.00144682 0.000504963
 3.63525e-11 1.70985e-09 5.56885e-08 1.25592e-06 1.9613e-05 0.000212087 0.0015881 0.00823498 0.0295777 0.0736504 0.127596 0.155937 0.14135 0.109778 0.090265 0.0793404 0.0637381 0.0450296 0.0299303 0.0194505 0.0120331 0.00682845 0.00343681 0.00147823 0.000524276
 3.69632e-11 1.73857e-09 5.66241e-08 1.27702e-06 1.99425e-05 0.00021565 0.00161478 0.00837322 0.0300731 0.0748722 0.129633 0.158053 0.142081 0.107946 0.0862249 0.0752541 0.0619504 0.0459241 0.0319268 0.0209427 0.0126216 0.00690621 0.00339359 0.00145214 0.000519161
 3.6229e-11 1.70404e-09 5.54994e-08 1.25165e-06 1.95463e-05 0.000211366 0.00158271 0.00820697 0.0294767 0.0733946 0.127125 0.155228 0.14029 0.108131 0.0881338 0.0776096 0.0635202 0.0465486 0.0323189 0.0216117 0.013407 0.00746292 0.00364886 0.00153267 0.000538601
 3.64187e-11 1.71296e-09 5.57901e-08 1.25821e-06 1.96487e-05 0.000212473 0.00159099 0.00824992 0.0296306 0.0737746 0.12776 0.155896 0.140551 0.107636 0.0869764 0.0763907 0.0628792 0.0465861 0.032648 0.0219049 0.0136329 0.00766783 0.00380656 0.00161621 0.000568234
 3.87916e-11 1.82457e-09 5.94251e-08 1.34019e-06 2.09289e-05 0.000226317 0.00169465 0.00878727 0.0315587 0.0785565 0.135914 0.165245 0.147045 0.108524 0.0826957 0.0696137 0.0562289 0.0412601 0.0287941 0.0193682 0.0121388 0.00688188 0.00344459 0.00147626 0.000523927
#spawning biomass
 49739.5 52037.2 49599.1 42481.7 46317.5 77602.2 109455 163367 204080 219758 208876 218516 247804 229730 230744 220546 221643 221796 228145 234071 263615 245938 298609 264894 267117 222217 236312 285399 372229 492723 362384 237489 150075 96263.6 65489.2 48673 39750.2 35106.9 32722.2 31508.3 30894.1 30584.7 30429.2 30351.2 30312.2 30292.8 30283.1 30278.3 30275.9 30274.7 30274.1 30273.8 30273.6 30273.6 30273.5 30273.5 30273.5 30273.5 30273.5 30273.5 30273.5 30273.5 30273.5 30273.5 30273.5 30273.5 30273.5 30273.5 30273.5 30273.5 30273.5 30273.5 30273.5 30273.5 30273.5 30273.5 30273.5 30273.5 30273.5 30273.5 30273.5 30273.5 30273.5 30273.5 30273.5 30273.5 30273.5 30273.5 30273.5 30273.5 30273.5 30273.5 30273.5 30273.5 30273.5 30273.5 30273.5 30273.5 30273.5 30273.5 30273.5 30273.5 30273.5 30273.5 30273.5 30273.5 30273.5 30273.5 30273.5 30273.5 30273.5 30273.5 30273.5 30273.5 30273.5 30273.5 30273.5 30273.5 30273.5 30273.5 30273.5 30273.5 30273.5 30273.5 30273.5 30273.5 30273.5 30273.5 0 0 0 0 0 0 0 0 0 0 0 0 0 0 0 0 0 0 0 0 0 0 0 0 0
