SBPRF35
27.112
Curr Bio
244974
B35
2.56276e+07
F35
0.0248291
FOFL
0
OFL
0
Bzero
7.74628e+06
#pred survey bio
 7904.54 6999.85 5891.44 6528.34 9709.52 15963.6 23207.3 28939.5 38583.8 56709.3 75475 103795 139604 156956 163514 158292 162108 138073 159940 189844 196245 199326 207548 248545 267680 267879 275651 276073 271122 5.06145e+06 9.24318e+06 1.4316e+07 1.9331e+07 2.39735e+07 2.80865e+07 3.16295e+07 3.46283e+07 3.71414e+07 3.92385e+07 4.09888e+07 4.24554e+07 4.36926e+07 4.47461e+07 4.5518e+07 4.59181e+07 4.63099e+07 4.66931e+07 4.70676e+07 4.74332e+07 4.77901e+07 4.81383e+07 4.84781e+07 4.88094e+07 4.91326e+07 4.94478e+07 4.97552e+07 5.00551e+07 5.03475e+07 5.06328e+07 5.0911e+07 5.11825e+07 5.14473e+07 5.17058e+07 5.1958e+07 5.22041e+07 5.24444e+07 5.26789e+07 5.29078e+07 5.31314e+07 5.33497e+07 5.35629e+07 5.37711e+07 5.39746e+07 5.41733e+07 5.43675e+07 5.45573e+07 5.47428e+07 5.49241e+07 5.51013e+07 5.52746e+07 5.54441e+07 5.56098e+07 5.57719e+07 5.59305e+07 5.60856e+07 5.62374e+07 5.6386e+07 5.65314e+07 5.66738e+07 5.68131e+07 5.69496e+07 5.70833e+07 5.72142e+07 5.73424e+07 5.7468e+07 5.75911e+07 5.77118e+07 5.783e+07 5.79459e+07 5.80596e+07 5.8171e+07 5.82803e+07 5.83875e+07 5.84926e+07 5.85958e+07 5.86971e+07 5.87964e+07 5.88939e+07 5.89897e+07 5.90837e+07 5.9176e+07 5.92666e+07 5.93556e+07 5.94431e+07 5.9529e+07 5.96135e+07 5.96965e+07 5.97781e+07 5.98583e+07 5.99371e+07 6.00147e+07 6.00909e+07 6.01659e+07 6.02397e+07 6.03123e+07 6.03838e+07 6.04541e+07 6.05233e+07 6.05914e+07 0 0 0 0 0 0 0 0 0 0 0 0 0 0 0 0 0 0 0 0 0 0 0 0 0
#obs survey bio
 8024.36 6679.19 7633.35 8854.61 15956.5 20825.5 22641.4 36735.7 47233.6 49445.6 97820.7 82967.9 133014 84693.6 184166 137592 137655 154951 169179 186323 215712 283628 171477 276908 218694 223475 242306 248140 322221
#pred catch bio
 4259.76 3966.64 3461.12 3472.33 5615.3 10827.8 16892.4 21174 26363.9 40907.4 54908.6 73657.5 105140 118888 127883 118958 133262 104503 117848 146833 152865 156363 156196 192600 210483 208150 218206 214607 234202 0 10648 16726.8 22766.3 28383.8 33367.5 37655 41271.2 44284.5 46779.7 48842.6 50551.6 51975 53169.7 54022.3 54428.1 54821.3 55202.3 55571.5 55929.2 56275.8 56611.6 56936.9 57252.2 57557.7 57853.6 58140.4 58418.3 58687.5 58948.4 59201.1 59446 59683.3 59913.3 60136 60351.9 60561 60763.7 60960 61150.3 61334.6 61513.2 61686.3 61854 62016.4 62173.9 62326.4 62474.2 62617.4 62756.1 62890.6 63020.8 63147 63269.3 63387.8 63502.6 63613.9 63721.6 63826.1 63927.3 64025.3 64120.3 64212.4 64301.5 64388 64471.7 64552.8 64631.4 64707.6 64781.4 64852.9 64922.2 64989.3 65054.3 65117.4 65178.4 65237.6 65294.9 65350.5 65404.3 65456.4 65507 65555.9 65603.4 65649.3 65693.8 65737 65778.8 65819.3 65858.6 65896.6 65933.4 65969.2 66003.7 66037.3 66069.7 66101.2 66131.7 66161.3 66189.9 0 0 0 0 0 0 0 0 0 0 0 0 0 0 0 0 0 0 0 0 0 0 0 0 0
#obs catch bio
 3394.8 3804.25 3722.12 3018.77 4280.06 8307.5 13064.6 17034.6 19885.2 33583.7 44549.8 64326.7 87048.2 111952 124843 120927 134511 91346.9 104728 130824 136078 132151 128446 176428 197283 185804 204235 184117 215711
#pred cpue bio
 6868.34 6503.88 5005.23 4463.41 6795.08 9437 13775.8 17416.5 21428.9 33318.6 43533.3 57155.1 83503.7 96515 106121 99823.3 108414 83330.7 94131.8 116961 121464 122939 122572 144330 160780 164600 169344 165168 175460 2.76938e+06 9.10919e+06 1.41963e+07 1.92091e+07 2.38514e+07 2.79645e+07 3.15074e+07 3.45062e+07 3.70193e+07 3.91164e+07 4.08667e+07 4.23333e+07 4.35705e+07 4.4624e+07 4.53959e+07 4.5796e+07 4.61878e+07 4.6571e+07 4.69455e+07 4.73111e+07 4.7668e+07 4.80162e+07 4.8356e+07 4.86873e+07 4.90105e+07 4.93257e+07 4.96331e+07 4.9933e+07 5.02254e+07 5.05107e+07 5.07889e+07 5.10604e+07 5.13252e+07 5.15837e+07 5.18359e+07 5.2082e+07 5.23223e+07 5.25568e+07 5.27857e+07 5.30093e+07 5.32276e+07 5.34408e+07 5.36491e+07 5.38525e+07 5.40512e+07 5.42454e+07 5.44352e+07 5.46207e+07 5.4802e+07 5.49792e+07 5.51525e+07 5.5322e+07 5.54877e+07 5.56498e+07 5.58084e+07 5.59635e+07 5.61153e+07 5.62639e+07 5.64093e+07 5.65517e+07 5.66911e+07 5.68275e+07 5.69612e+07 5.70921e+07 5.72203e+07 5.73459e+07 5.7469e+07 5.75897e+07 5.77079e+07 5.78238e+07 5.79375e+07 5.80489e+07 5.81582e+07 5.82654e+07 5.83706e+07 5.84737e+07 5.8575e+07 5.86743e+07 5.87718e+07 5.88676e+07 5.89616e+07 5.90539e+07 5.91445e+07 5.92335e+07 5.9321e+07 5.9407e+07 5.94914e+07 5.95744e+07 5.9656e+07 5.97362e+07 5.9815e+07 5.98926e+07 5.99688e+07 6.00439e+07 6.01176e+07 6.01903e+07 6.02617e+07 6.0332e+07 6.04012e+07 6.04693e+07 0 0 0 0 0 0 0 0 0 0 0 0 0 0 0 0 0 0 0 0 0 0 0 0 0
#obs cpue bio
 10960.1 5866.85 5779.43 5631.88 11229.5 14565.1 29554.6 35840.9 44645.4 85567.6 91885.5 96985 207988 179617 122380 98613 171685 106242 137864 200347 183572 187712 264132 209963 225700 305952 275673 311770 259905
#pred surv len freq
 8.09706e-12 8.79244e-10 5.629e-08 2.12467e-06 4.72819e-05 0.000620382 0.00480039 0.0219288 0.0594649 0.0983461 0.111458 0.117052 0.134139 0.133266 0.106254 0.0772999 0.0528937 0.0326697 0.0191467 0.0113394 0.007066 0.00481992 0.00354626 0.00247194 0.00136685
 4.92378e-12 5.34664e-10 3.42297e-08 1.292e-06 2.87523e-05 0.000377278 0.00292015 0.0133594 0.0364988 0.0625468 0.0809092 0.108518 0.145819 0.152177 0.124022 0.0937303 0.0690455 0.0468832 0.0287705 0.0159697 0.00841127 0.00459935 0.00277444 0.00172275 0.000914528
 9.84776e-12 1.06935e-09 6.84607e-08 2.58405e-06 5.75044e-05 0.000754487 0.0058371 0.0266423 0.0719399 0.116516 0.120788 0.100783 0.0941101 0.0945119 0.0908293 0.0839429 0.0694966 0.0505853 0.0335267 0.0199912 0.0105042 0.00501645 0.00239078 0.00120333 0.000570008
 1.4543e-11 1.5792e-09 1.01102e-07 3.81608e-06 8.49214e-05 0.0011142 0.00861974 0.0393356 0.106112 0.171031 0.173322 0.133614 0.107748 0.0876262 0.0577924 0.0344817 0.0243786 0.019722 0.0150051 0.00988869 0.00559687 0.00271617 0.00115882 0.000467101 0.000181134
 1.28287e-11 1.39304e-09 8.91836e-08 3.36624e-06 7.49111e-05 0.00098288 0.00760441 0.0347168 0.0938518 0.152879 0.162485 0.144854 0.139753 0.12064 0.0745491 0.0345469 0.0149848 0.00729712 0.00433792 0.00294235 0.00186564 0.000990125 0.000431139 0.00015776 5.05129e-05
 1.55237e-11 1.68569e-09 1.07919e-07 4.07342e-06 9.06482e-05 0.00118934 0.00920107 0.0419894 0.113284 0.182692 0.185618 0.144286 0.117471 0.0947281 0.0590144 0.0287974 0.012791 0.00526909 0.00199092 0.000808538 0.000405003 0.000217965 0.000102258 3.82463e-05 1.13274e-05
 1.4893e-11 1.61721e-09 1.03535e-07 3.90793e-06 8.69656e-05 0.00114103 0.00882766 0.0402929 0.10881 0.176312 0.183033 0.152222 0.134688 0.109183 0.0604251 0.0203782 0.00407893 0.000481979 3.35866e-05 1.37995e-06 3.34276e-08 4.77407e-10 4.02145e-12 2.05767e-14 2.44249e-16
 1.46933e-11 1.59552e-09 1.02147e-07 3.85553e-06 8.57994e-05 0.00112573 0.00870935 0.0397541 0.107371 0.174112 0.181366 0.152398 0.13656 0.111318 0.0616905 0.0208108 0.00416574 0.000492243 3.43019e-05 1.40934e-06 3.41395e-08 4.87571e-10 4.10541e-12 2.03805e-14 5.965e-17
 1.57846e-11 1.71402e-09 1.09733e-07 4.14188e-06 9.21718e-05 0.00120934 0.00935585 0.0426985 0.115233 0.18613 0.190474 0.151438 0.126328 0.0996538 0.0547759 0.018447 0.00369134 0.000436156 3.03931e-05 1.24874e-06 3.02492e-08 4.3201e-10 3.63758e-12 1.8058e-14 5.28526e-17
 1.50384e-11 1.63299e-09 1.04546e-07 3.94608e-06 8.78145e-05 0.00115217 0.00891379 0.0406852 0.109858 0.177913 0.184247 0.152094 0.133324 0.10763 0.0595039 0.0200633 0.00401572 0.000474507 3.30658e-05 1.35856e-06 3.29093e-08 4.70001e-10 3.95747e-12 1.96461e-14 5.75005e-17
 1.52923e-11 1.66056e-09 1.06311e-07 4.0127e-06 8.92971e-05 0.00117162 0.0090642 0.0413702 0.111687 0.180709 0.186365 0.151871 0.130944 0.104916 0.0578953 0.0195133 0.00390536 0.000461458 3.21565e-05 1.32119e-06 3.20042e-08 4.57075e-10 3.84863e-12 1.91057e-14 5.59191e-17
 1.58912e-11 1.72559e-09 1.10474e-07 4.16984e-06 9.27938e-05 0.0012175 0.00941896 0.0429859 0.116001 0.187303 0.191363 0.151344 0.12533 0.0985152 0.0541009 0.0182162 0.00364503 0.000430682 3.00116e-05 1.23306e-06 2.98694e-08 4.26586e-10 3.59192e-12 1.78313e-14 5.21891e-17
 1.4783e-11 1.60525e-09 1.0277e-07 3.87905e-06 8.63228e-05 0.0011326 0.00876245 0.0399959 0.108017 0.175099 0.182115 0.152319 0.13572 0.11036 0.0611226 0.0206166 0.00412678 0.000487636 3.39808e-05 1.39615e-06 3.382e-08 4.83007e-10 4.06699e-12 2.01897e-14 5.90917e-17
 1.43697e-11 1.56037e-09 9.98966e-08 3.7706e-06 8.39095e-05 0.00110094 0.00851761 0.0388808 0.10504 0.170548 0.178665 0.152682 0.139595 0.114778 0.0637413 0.0215118 0.00430644 0.000508877 3.54611e-05 1.45697e-06 3.52933e-08 5.04049e-10 4.24416e-12 2.10693e-14 6.1666e-17
 1.34912e-11 1.46498e-09 9.37895e-08 3.54009e-06 7.87798e-05 0.00103364 0.00799717 0.0365106 0.0987111 0.160874 0.171334 0.153455 0.147831 0.124167 0.0693075 0.0234147 0.00468834 0.000554026 3.86077e-05 1.58625e-06 3.8425e-08 5.48775e-10 4.62076e-12 2.29388e-14 6.71378e-17
 1.39714e-11 1.51713e-09 9.71278e-08 3.66609e-06 8.15838e-05 0.00107043 0.00828166 0.0378062 0.10217 0.166162 0.175341 0.153033 0.143329 0.119035 0.0662649 0.0223745 0.00447958 0.000529346 3.68877e-05 1.51559e-06 3.67131e-08 5.24327e-10 4.4149e-12 2.19169e-14 6.41468e-17
 1.29564e-11 1.40691e-09 9.00719e-08 3.39977e-06 7.56573e-05 0.000992675 0.00768038 0.0350678 0.0948586 0.154985 0.166871 0.153925 0.152845 0.129883 0.0726958 0.024573 0.0049208 0.000581509 4.0523e-05 1.66495e-06 4.03313e-08 5.76001e-10 4.85001e-12 2.40769e-14 7.04687e-17
 1.46517e-11 1.591e-09 1.01858e-07 3.84462e-06 8.55566e-05 0.00112255 0.00868471 0.0396419 0.107072 0.173654 0.181019 0.152434 0.13695 0.111763 0.0619541 0.0209009 0.00418382 0.00049438 3.44508e-05 1.41546e-06 3.42878e-08 4.89688e-10 4.12324e-12 2.0469e-14 5.99091e-17
 1.50143e-11 1.63037e-09 1.04378e-07 3.93975e-06 8.76737e-05 0.00115032 0.0088995 0.0406201 0.109684 0.177647 0.184045 0.152116 0.133551 0.107887 0.0596568 0.0201155 0.00402621 0.000475746 3.31522e-05 1.36211e-06 3.29953e-08 4.71229e-10 3.96781e-12 1.96974e-14 5.76508e-17
 1.43403e-11 1.55719e-09 9.96925e-08 3.7629e-06 8.37381e-05 0.00109869 0.00850021 0.0388016 0.104828 0.170225 0.17842 0.152708 0.13987 0.115091 0.0639273 0.0215754 0.00431921 0.000510386 3.55663e-05 1.46129e-06 3.5398e-08 5.05544e-10 4.25675e-12 2.11318e-14 6.18489e-17
 1.42687e-11 1.54941e-09 9.91948e-08 3.74411e-06 8.332e-05 0.00109321 0.0084578 0.0386085 0.104312 0.169436 0.177823 0.152771 0.140541 0.115857 0.0643809 0.0217305 0.00435033 0.000514065 3.58227e-05 1.47183e-06 3.56532e-08 5.09189e-10 4.28744e-12 2.12841e-14 6.22948e-17
 1.43232e-11 1.55533e-09 9.95737e-08 3.75841e-06 8.36383e-05 0.00109738 0.00849009 0.0387555 0.104705 0.170037 0.178278 0.152723 0.14003 0.115274 0.0640356 0.0216124 0.00432664 0.000511264 3.56275e-05 1.46381e-06 3.54589e-08 5.06414e-10 4.26408e-12 2.11681e-14 6.19553e-17
 1.49658e-11 1.6251e-09 1.04041e-07 3.92702e-06 8.73903e-05 0.00114661 0.00887075 0.0404891 0.109334 0.177113 0.18364 0.152158 0.134006 0.108406 0.0599643 0.0202207 0.00404731 0.000478241 3.33261e-05 1.36925e-06 3.31683e-08 4.737e-10 3.98862e-12 1.98007e-14 5.79531e-17
 1.52005e-11 1.65059e-09 1.05672e-07 3.98861e-06 8.87609e-05 0.00116459 0.0090098 0.0411225 0.111025 0.179697 0.185599 0.151952 0.131805 0.105897 0.0584771 0.0197122 0.00394527 0.000466177 3.24853e-05 1.3347e-06 3.23315e-08 4.6175e-10 3.88799e-12 1.93012e-14 5.6491e-17
 1.47223e-11 1.59866e-09 1.02348e-07 3.86312e-06 8.59683e-05 0.00112795 0.00872648 0.0398321 0.10758 0.174431 0.181608 0.152372 0.136289 0.111009 0.0615073 0.0207481 0.00415317 0.000490756 3.41983e-05 1.40509e-06 3.40364e-08 4.86098e-10 4.09301e-12 2.03189e-14 5.94699e-17
 1.43812e-11 1.56163e-09 9.99771e-08 3.77364e-06 8.39771e-05 0.00110183 0.00852447 0.0389121 0.105123 0.170676 0.178762 0.152672 0.139486 0.114654 0.0636679 0.0214867 0.00430141 0.000508282 3.54197e-05 1.45527e-06 3.5252e-08 5.0346e-10 4.2392e-12 2.10446e-14 6.15939e-17
 1.4384e-11 1.56194e-09 9.99966e-08 3.77437e-06 8.39934e-05 0.00110204 0.00852612 0.0389196 0.105143 0.170706 0.178785 0.15267 0.13946 0.114624 0.0636502 0.0214807 0.0043002 0.000508138 3.54097e-05 1.45486e-06 3.52421e-08 5.03317e-10 4.238e-12 2.10387e-14 6.15765e-17
 1.47798e-11 1.60491e-09 1.02748e-07 3.87821e-06 8.63042e-05 0.00113236 0.00876056 0.0399873 0.107994 0.175064 0.182088 0.152322 0.135749 0.110394 0.0611428 0.0206235 0.00412816 0.0004878 3.39922e-05 1.39662e-06 3.38313e-08 4.83169e-10 4.06835e-12 2.01965e-14 5.91116e-17
 1.354e-11 1.47028e-09 9.41287e-08 3.55289e-06 7.90647e-05 0.00103738 0.00802608 0.0366423 0.0990626 0.161411 0.171741 0.153412 0.147373 0.123646 0.0689984 0.023309 0.00466712 0.000551518 3.84329e-05 1.57907e-06 3.82511e-08 5.46291e-10 4.59984e-12 2.2835e-14 6.68339e-17
#obs surv len freq
 8.04706e-12 8.73816e-10 5.59424e-08 2.11155e-06 4.69897e-05 0.000616534 0.00477005 0.0217771 0.0588726 0.0959247 0.102213 0.0929942 0.0979819 0.10731 0.108071 0.100182 0.0822259 0.0589017 0.0368684 0.0195178 0.00830721 0.00268716 0.000622344 9.77704e-05 9.99604e-06
 1.24068e-12 1.34724e-10 8.62514e-09 3.25562e-07 7.24556e-06 9.51067e-05 0.000737404 0.00340269 0.00968822 0.0196809 0.0389775 0.0805757 0.133014 0.160306 0.156998 0.137792 0.107151 0.0730582 0.0438741 0.0223132 0.00898614 0.00268826 0.000566357 8.04451e-05 7.44141e-06
 1.51526e-11 1.6454e-09 1.0534e-07 3.97605e-06 8.8481e-05 0.00116088 0.00897986 0.0409558 0.110162 0.174969 0.165279 0.0974097 0.0496562 0.0502831 0.0729104 0.0813642 0.0655751 0.0418504 0.0230229 0.0108546 0.00408573 0.00113748 0.000220656 2.85747e-05 2.3958e-06
 1.36629e-11 1.48363e-09 9.49833e-08 3.58515e-06 7.97829e-05 0.00104681 0.0080991 0.0369757 0.0999399 0.162462 0.170269 0.143545 0.12625 0.101358 0.060923 0.0326095 0.0225066 0.0168742 0.0102145 0.00470166 0.00163877 0.000418717 7.4559e-05 8.84531e-06 6.76874e-07
 1.18179e-11 1.28328e-09 8.21568e-08 3.10102e-06 6.90092e-05 0.000905453 0.00700568 0.031988 0.0865063 0.140938 0.148993 0.129311 0.122746 0.117319 0.0961001 0.0643951 0.0331222 0.0131659 0.00483545 0.00182803 0.000598422 0.000143453 2.35126e-05 2.54744e-06 1.77769e-07
 1.29874e-11 1.41027e-09 9.02869e-08 3.40789e-06 7.58381e-05 0.000995048 0.00769865 0.0351461 0.0949603 0.153995 0.159379 0.129489 0.112778 0.104209 0.0867217 0.0611154 0.0338266 0.0139068 0.00431337 0.00108958 0.000243209 4.66848e-05 6.7868e-06 6.71788e-07 4.28993e-08
 1.12209e-11 1.21845e-09 7.80064e-08 2.94436e-06 6.55235e-05 0.00085974 0.0066527 0.0303902 0.0823418 0.13517 0.146633 0.134249 0.131317 0.122222 0.095507 0.0625969 0.0331348 0.0134791 0.00418004 0.000990902 0.000179068 2.48419e-05 2.65155e-06 2.0988e-07 1.15266e-08
 1.20729e-11 1.31098e-09 8.39301e-08 3.16795e-06 7.0499e-05 0.000925015 0.00715742 0.0326868 0.0884415 0.144218 0.152151 0.129485 0.118725 0.113051 0.0953079 0.0656835 0.0342708 0.013088 0.00374959 0.000827658 0.00013875 1.70148e-05 1.48238e-06 9.03969e-08 3.81407e-09
 1.14272e-11 1.24086e-09 7.94413e-08 2.99853e-06 6.67291e-05 0.000875574 0.00677564 0.0309584 0.0839356 0.137996 0.149839 0.13591 0.130157 0.120135 0.0943732 0.0613572 0.0313274 0.0120002 0.00342897 0.000731585 0.000114815 1.29291e-05 1.01676e-06 5.44055e-08 1.93851e-09
 1.18405e-11 1.28574e-09 8.23144e-08 3.10697e-06 6.91425e-05 0.000907243 0.00702071 0.0320768 0.0869387 0.142638 0.153366 0.135372 0.12654 0.117926 0.0945855 0.0606329 0.0289129 0.00992813 0.00251696 0.000486741 7.10936e-05 7.50726e-06 5.48683e-07 2.69067e-08 8.66347e-10
 1.25159e-11 1.35908e-09 8.70097e-08 3.2842e-06 7.30867e-05 0.000959004 0.00742147 0.0339106 0.0919251 0.150823 0.161734 0.140607 0.126985 0.113246 0.0863752 0.0525049 0.0237066 0.00762004 0.0017611 0.000301508 3.8569e-05 3.60802e-06 2.38136e-07 1.06915e-08 3.16553e-10
 1.20251e-11 1.30578e-09 8.35975e-08 3.15541e-06 7.02212e-05 0.000921433 0.00713156 0.0326007 0.0885252 0.146143 0.159763 0.144316 0.133905 0.118437 0.087529 0.0508288 0.0216939 0.00651052 0.0013815 0.000213232 2.42135e-05 1.98967e-06 1.14951e-07 4.53873e-09 1.19404e-10
 1.09876e-11 1.19313e-09 7.63851e-08 2.88319e-06 6.41638e-05 0.000841986 0.0065178 0.0298144 0.0811564 0.135151 0.151786 0.144758 0.141314 0.128335 0.0956666 0.0546781 0.0223124 0.00622545 0.00119495 0.000163218 1.62458e-05 1.17001e-06 5.93244e-08 2.05549e-09 4.74515e-11
 9.61203e-12 1.04375e-09 6.68222e-08 2.52225e-06 5.61323e-05 0.000736646 0.00570389 0.0261175 0.0713573 0.120393 0.140574 0.144185 0.150153 0.141366 0.107102 0.0607067 0.0239535 0.0063203 0.00112062 0.000137788 1.20798e-05 7.57311e-07 3.33339e-08 1.00482e-09 2.02613e-11
 7.99022e-12 8.67646e-10 5.55477e-08 2.0967e-06 4.66632e-05 0.000612445 0.00474409 0.0217546 0.0597535 0.102663 0.126154 0.141175 0.158444 0.156579 0.122251 0.0698975 0.0273851 0.00713241 0.0012442 0.000148878 1.24086e-05 7.17814e-07 2.83921e-08 7.55489e-10 1.33262e-11
 9.81207e-12 1.06548e-09 6.82131e-08 2.57475e-06 5.73013e-05 0.000752002 0.00582298 0.0266615 0.0727823 0.122159 0.139716 0.137844 0.142659 0.140947 0.112423 0.0648625 0.025387 0.00661216 0.0011603 0.000139838 1.16348e-05 6.60389e-07 2.51014e-08 6.28296e-10 1.02179e-11
 1.04688e-11 1.13679e-09 7.27785e-08 2.7471e-06 6.11381e-05 0.000802414 0.00621488 0.0284794 0.0779511 0.131841 0.153195 0.151882 0.148915 0.132039 0.0940928 0.0500327 0.01873 0.00480287 0.000845313 0.000102923 8.62654e-06 4.89056e-07 1.8372e-08 4.49311e-10 7.05245e-12
 1.00998e-11 1.09672e-09 7.02133e-08 2.65029e-06 5.89848e-05 0.000774207 0.00599774 0.0275035 0.0754379 0.12834 0.151143 0.152792 0.15206 0.135785 0.0963418 0.0502083 0.0181988 0.00449584 0.000763399 9.02209e-05 7.39455e-06 4.12017e-07 1.5227e-08 3.65353e-10 5.59743e-12
 1.05401e-11 1.14454e-09 7.32749e-08 2.76586e-06 6.15578e-05 0.000808004 0.00626007 0.0287108 0.078755 0.13382 0.156448 0.155074 0.150671 0.131868 0.0912998 0.045928 0.0159042 0.00372163 0.000594481 6.58781e-05 5.07283e-06 2.67104e-07 9.39122e-09 2.1556e-10 3.17051e-12
 9.90663e-12 1.07575e-09 6.88713e-08 2.59968e-06 5.78618e-05 0.000759607 0.00588797 0.0270459 0.0745433 0.128417 0.154996 0.160268 0.158087 0.135728 0.0909346 0.0442999 0.0149496 0.00342639 0.000535194 5.73867e-05 4.21048e-06 2.08453e-07 6.84108e-09 1.46323e-10 2.00908e-12
 1.02495e-11 1.11298e-09 7.12553e-08 2.68968e-06 5.98658e-05 0.000785937 0.00609232 0.0279839 0.0770813 0.132335 0.15785 0.159838 0.155703 0.133688 0.0890264 0.0423429 0.0137268 0.00299269 0.000442966 4.50409e-05 3.13974e-06 1.47603e-07 4.58046e-09 9.20433e-11 1.17973e-12
 1.04175e-11 1.13123e-09 7.24235e-08 2.73382e-06 6.08508e-05 0.000798969 0.00619558 0.028487 0.078677 0.135914 0.163729 0.166113 0.158045 0.129671 0.0817355 0.0367054 0.0112188 0.00229678 0.000317174 2.99165e-05 1.93082e-06 8.42077e-08 2.43293e-09 4.56525e-11 5.47091e-13
 1.10307e-11 1.19781e-09 7.66868e-08 2.89477e-06 6.44344e-05 0.000846049 0.00656097 0.0301655 0.0832482 0.143227 0.170098 0.167541 0.154341 0.123438 0.0757568 0.0328965 0.00965641 0.00188627 0.000246544 2.17949e-05 1.30594e-06 5.25187e-08 1.39445e-09 2.40335e-11 2.64881e-13
 1.07004e-11 1.16195e-09 7.43916e-08 2.8082e-06 6.25127e-05 0.000821007 0.00637102 0.0293471 0.0814023 0.141829 0.172584 0.174107 0.159482 0.122878 0.0716583 0.0295037 0.00822122 0.00152427 0.000188534 1.5688e-05 8.79254e-07 3.28753e-08 8.07297e-10 1.28129e-11 1.29624e-13
 9.0819e-12 9.86205e-10 6.3141e-08 2.38364e-06 5.30705e-05 0.000697338 0.00541893 0.0250617 0.0702986 0.126093 0.1631 0.178597 0.173422 0.136343 0.0789836 0.0317192 0.0085124 0.00150628 0.000176472 1.3814e-05 7.24166e-07 2.52156e-08 5.74734e-10 8.44279e-12 7.88511e-14
 9.51542e-12 1.03328e-09 6.61552e-08 2.49744e-06 5.56039e-05 0.000730589 0.00567585 0.0262219 0.0732701 0.1299 0.163841 0.17462 0.169148 0.135238 0.0793564 0.0318442 0.00844655 0.00146741 0.000167742 1.26969e-05 6.36157e-07 2.0925e-08 4.46322e-10 6.09576e-12 5.27123e-14
 9.70464e-12 1.05384e-09 6.74724e-08 2.54729e-06 5.67209e-05 0.00074551 0.00579663 0.0268354 0.0753437 0.134816 0.171792 0.181755 0.16917 0.127609 0.070733 0.0270906 0.00693863 0.00117457 0.000131409 9.72464e-06 4.7362e-07 1.50159e-08 3.05888e-10 3.95527e-12 3.21329e-14
 9.30246e-12 1.01017e-09 6.46783e-08 2.44196e-06 5.43843e-05 0.000715095 0.00556592 0.0258332 0.0729686 0.132264 0.172222 0.186065 0.173889 0.12899 0.0690784 0.0251991 0.00608223 0.000963813 0.000100742 6.9859e-06 3.20753e-07 9.64367e-09 1.86911e-10 2.29985e-12 1.7739e-14
 9.33661e-12 1.01389e-09 6.49177e-08 2.45111e-06 5.45945e-05 0.000718048 0.00559208 0.0259844 0.073544 0.133659 0.174243 0.187586 0.173841 0.127329 0.0669846 0.0238899 0.00561638 0.00086291 8.679e-05 5.73043e-06 2.47849e-07 6.96634e-09 1.25817e-10 1.44296e-12 1.03947e-14
#pred catch len freq
 1.7388e-13 1.88814e-11 1.20884e-09 4.56355e-08 1.01643e-06 1.33951e-05 0.000105959 0.000537861 0.00219666 0.00956415 0.0380649 0.10389 0.176984 0.194201 0.157815 0.115113 0.0787755 0.0486505 0.0285101 0.016884 0.0105208 0.00717653 0.00528014 0.00368055 0.00203514
 8.77575e-14 9.52953e-12 6.10128e-10 2.30368e-08 5.13502e-07 6.79439e-06 5.48165e-05 0.000302642 0.001537 0.00829801 0.0358281 0.0996804 0.17062 0.188012 0.154777 0.117123 0.086275 0.0585761 0.0359434 0.0199505 0.0105078 0.00574572 0.00346595 0.00215213 0.00114247
 2.5724e-13 2.79333e-11 1.78834e-09 6.75061e-08 1.50284e-06 1.97577e-05 0.000154419 0.000741237 0.00250151 0.00809 0.0273748 0.0721136 0.125673 0.151473 0.150566 0.139677 0.11565 0.0841708 0.0557824 0.0332607 0.0174763 0.00834607 0.00397763 0.00200202 0.000948343
 6.25795e-13 6.7954e-11 4.35052e-09 1.64219e-07 3.65544e-06 4.80267e-05 0.000374145 0.00176792 0.0056001 0.0157346 0.0474833 0.118858 0.195107 0.200281 0.139056 0.0836744 0.0591794 0.0478638 0.0364135 0.0239967 0.0135817 0.0065912 0.00281207 0.00113349 0.000439551
 5.12828e-13 5.56872e-11 3.5652e-09 1.34579e-07 2.9961e-06 3.93923e-05 0.000307999 0.00148126 0.00503515 0.0165049 0.0561428 0.145843 0.239909 0.24091 0.153704 0.0716166 0.0310644 0.0151188 0.00898539 0.00609422 0.00386407 0.00205072 0.000892963 0.000326747 0.000104621
 6.59695e-12 7.1635e-10 4.58614e-08 1.73105e-06 3.85227e-05 0.000505483 0.00391247 0.0178994 0.0489042 0.0838178 0.108411 0.144679 0.189745 0.182349 0.118188 0.058019 0.0257497 0.0105962 0.00400202 0.00162501 0.00081394 0.000438044 0.000205508 7.68633e-05 2.27645e-05
 8.23571e-12 8.94299e-10 5.72539e-08 2.16106e-06 4.80919e-05 0.000631034 0.00488373 0.0223311 0.0608502 0.102999 0.127472 0.158076 0.197104 0.18034 0.102607 0.0347983 0.00697297 0.000824126 5.74314e-05 2.35967e-06 5.71601e-08 8.16352e-10 6.87654e-12 3.5179e-14 4.15698e-16
 7.97011e-12 8.65459e-10 5.54075e-08 2.09136e-06 4.6541e-05 0.000610687 0.00472639 0.0216145 0.0589369 0.100074 0.125256 0.15831 0.199594 0.183179 0.10429 0.0353736 0.00708843 0.000837776 5.83827e-05 2.39876e-06 5.81069e-08 8.29867e-10 6.98759e-12 3.46885e-14 1.01527e-16
 8.36675e-12 9.08529e-10 5.81649e-08 2.19544e-06 4.88571e-05 0.000641073 0.00496136 0.0226846 0.0617943 0.104442 0.128566 0.157961 0.195876 0.17894 0.101777 0.0345144 0.006916 0.000817391 5.69621e-05 2.34039e-06 5.6693e-08 8.09673e-10 6.81756e-12 3.38444e-14 9.90564e-17
 8.27773e-12 8.98863e-10 5.7546e-08 2.17208e-06 4.83373e-05 0.000634253 0.00490863 0.0224444 0.061153 0.103462 0.127823 0.158039 0.19671 0.179891 0.102341 0.0347072 0.0069547 0.000821966 5.72809e-05 2.35349e-06 5.70103e-08 8.14205e-10 6.85572e-12 3.40338e-14 9.96109e-17
 9.05701e-12 9.83483e-10 6.29635e-08 2.37656e-06 5.28877e-05 0.000693952 0.00537029 0.024547 0.066767 0.112043 0.134327 0.157354 0.189404 0.171562 0.0974031 0.0330193 0.00661593 0.000781916 5.44897e-05 2.2388e-06 5.42323e-08 7.7453e-10 6.52165e-12 3.23754e-14 9.4757e-17
 9.65455e-12 1.04837e-09 6.71176e-08 2.53336e-06 5.63769e-05 0.000739728 0.00572428 0.0261592 0.0710717 0.118624 0.139314 0.156829 0.183802 0.165175 0.093617 0.031725 0.00635617 0.000751206 5.23495e-05 2.15087e-06 5.21021e-08 7.44108e-10 6.26549e-12 3.11037e-14 9.10351e-17
 8.99217e-12 9.76443e-10 6.25128e-08 2.35955e-06 5.25091e-05 0.000688985 0.00533188 0.024372 0.0662999 0.111329 0.133786 0.157411 0.190012 0.172255 0.0978139 0.0331597 0.00664412 0.000785248 5.4722e-05 2.24835e-06 5.44634e-08 7.77831e-10 6.54944e-12 3.25134e-14 9.51608e-17
 8.35314e-12 9.07051e-10 5.80703e-08 2.19187e-06 4.87776e-05 0.00064003 0.0049533 0.0226479 0.0616962 0.104292 0.128452 0.157973 0.196003 0.179085 0.101863 0.0345439 0.00692192 0.00081809 5.70108e-05 2.34239e-06 5.67415e-08 8.10366e-10 6.82339e-12 3.38733e-14 9.91412e-17
 7.66116e-12 8.31911e-10 5.32597e-08 2.01029e-06 4.4737e-05 0.00058702 0.00454336 0.0207809 0.0567112 0.0966717 0.122677 0.158581 0.202491 0.186481 0.106247 0.0360428 0.00722273 0.000853654 5.94893e-05 2.44422e-06 5.92083e-08 8.45596e-10 7.12004e-12 3.5346e-14 1.03451e-16
 7.31994e-12 7.94858e-10 5.08876e-08 1.92076e-06 4.27445e-05 0.00056088 0.00434122 0.0198603 0.054253 0.0929141 0.119829 0.158881 0.20569 0.190128 0.108409 0.0367819 0.00737106 0.000871191 6.07115e-05 2.49444e-06 6.04247e-08 8.62969e-10 7.26631e-12 3.60721e-14 1.05577e-16
 8.25285e-12 8.96161e-10 5.73731e-08 2.16555e-06 4.8192e-05 0.000632348 0.00489389 0.0223773 0.0609737 0.103188 0.127615 0.158061 0.196943 0.180157 0.102498 0.0347611 0.00696551 0.000823245 5.737e-05 2.35715e-06 5.7099e-08 8.15472e-10 6.86638e-12 3.40868e-14 9.97659e-17
 8.87652e-12 9.63884e-10 6.17088e-08 2.3292e-06 5.18338e-05 0.000680125 0.00526336 0.02406 0.0654667 0.110056 0.13282 0.157513 0.191096 0.173491 0.0985467 0.0334102 0.0066944 0.000791192 5.51362e-05 2.26537e-06 5.48757e-08 7.8372e-10 6.59902e-12 3.27595e-14 9.58812e-17
 8.84015e-12 9.59935e-10 6.14559e-08 2.31966e-06 5.16214e-05 0.000677339 0.00524182 0.0239619 0.0652047 0.109655 0.132517 0.157545 0.191437 0.17388 0.0987771 0.033489 0.00671021 0.000793061 5.52665e-05 2.27072e-06 5.50053e-08 7.85571e-10 6.61461e-12 3.28369e-14 9.61077e-17
 8.89699e-12 9.66107e-10 6.18511e-08 2.33458e-06 5.19533e-05 0.000681693 0.00527549 0.0241152 0.0656142 0.110281 0.132991 0.157495 0.190904 0.173272 0.098417 0.0333659 0.0066855 0.00079014 5.50629e-05 2.26235e-06 5.48027e-08 7.82677e-10 6.59025e-12 3.27159e-14 9.57537e-17
 8.96431e-12 9.73417e-10 6.23191e-08 2.35224e-06 5.23464e-05 0.00068685 0.00531537 0.0242969 0.0660991 0.111022 0.133553 0.157435 0.190273 0.172553 0.0979905 0.0332201 0.00665623 0.00078668 5.48218e-05 2.25245e-06 5.45628e-08 7.7925e-10 6.56139e-12 3.25727e-14 9.53344e-17
 9.25534e-12 1.00502e-09 6.43423e-08 2.42861e-06 5.40458e-05 0.000709146 0.00548778 0.0250821 0.0681958 0.114227 0.135982 0.15718 0.187544 0.169442 0.0961464 0.0325897 0.00652972 0.000771723 5.37794e-05 2.20962e-06 5.35253e-08 7.64433e-10 6.43663e-12 3.19533e-14 9.35216e-17
 9.32587e-12 1.01268e-09 6.48326e-08 2.44711e-06 5.44576e-05 0.000714548 0.00552956 0.0252724 0.0687038 0.115004 0.136571 0.157118 0.186883 0.168688 0.0956995 0.0324369 0.00649906 0.000768098 5.35268e-05 2.19924e-06 5.32738e-08 7.60842e-10 6.40639e-12 3.18032e-14 9.30824e-17
 1.05014e-11 1.14032e-09 7.30045e-08 2.75556e-06 6.13215e-05 0.000804599 0.00622594 0.0284439 0.0771721 0.127949 0.146381 0.156084 0.175862 0.156124 0.0882515 0.0298908 0.00598806 0.000707685 4.93165e-05 2.02625e-06 4.90834e-08 7.00995e-10 5.90247e-12 2.93016e-14 8.57606e-17
 1.00189e-11 1.08793e-09 6.96505e-08 2.62896e-06 5.85044e-05 0.000767639 0.00594013 0.0271422 0.0736965 0.122636 0.142354 0.156508 0.180386 0.161281 0.0913084 0.0309358 0.00619779 0.000732481 5.10445e-05 2.09725e-06 5.08033e-08 7.25558e-10 6.1093e-12 3.03284e-14 8.87657e-17
 9.10021e-12 9.88174e-10 6.32638e-08 2.3879e-06 5.31399e-05 0.000697261 0.00539588 0.0246635 0.0670782 0.112519 0.134687 0.157316 0.188999 0.1711 0.0971294 0.0329257 0.00659716 0.000779696 5.4335e-05 2.23245e-06 5.40783e-08 7.72331e-10 6.50313e-12 3.22835e-14 9.44879e-17
 9.60325e-12 1.0428e-09 6.67609e-08 2.5199e-06 5.60773e-05 0.000735798 0.00569389 0.0260208 0.0707021 0.118059 0.138886 0.156874 0.184283 0.165723 0.093942 0.0318361 0.00637848 0.000753842 5.25332e-05 2.15842e-06 5.2285e-08 7.4672e-10 6.28748e-12 3.12129e-14 9.13546e-17
 9.82972e-12 1.06739e-09 6.83353e-08 2.57932e-06 5.73997e-05 0.000753147 0.00582805 0.0266318 0.0723336 0.120553 0.140776 0.156674 0.182159 0.163303 0.0925071 0.0313456 0.00628003 0.000742203 5.17221e-05 2.12509e-06 5.14777e-08 7.3519e-10 6.1904e-12 3.0731e-14 8.9944e-17
 1.04668e-11 1.13657e-09 7.27642e-08 2.74649e-06 6.11197e-05 0.000801952 0.00620547 0.0283507 0.0769232 0.127568 0.146093 0.156114 0.176186 0.156493 0.0884705 0.0299656 0.00600308 0.000709461 4.94403e-05 2.03134e-06 4.92066e-08 7.02754e-10 5.91729e-12 2.93752e-14 8.59759e-17
#obs catch len freq
 5.68211e-12 6.1701e-10 3.95015e-08 1.49099e-06 3.31801e-05 0.000435355 0.00336872 0.0153895 0.0417433 0.0691376 0.0789471 0.0853155 0.104873 0.120682 0.122765 0.114804 0.0950303 0.0679261 0.0423009 0.0227528 0.0100929 0.00342734 0.000826561 0.000133638 1.3928e-05
 5.49779e-12 5.96995e-10 3.82201e-08 1.44262e-06 3.21039e-05 0.000421238 0.00325965 0.0148947 0.0404423 0.0672707 0.0779443 0.0864303 0.107735 0.124277 0.125993 0.116083 0.094322 0.0667325 0.041014 0.0211348 0.00866503 0.00266952 0.000582843 8.56497e-05 8.14725e-06
 5.83138e-13 6.33221e-11 4.05397e-09 1.53024e-07 3.40611e-06 4.47395e-05 0.000348032 0.0016316 0.00498008 0.0125786 0.0337399 0.080898 0.13782 0.166413 0.162453 0.141462 0.108811 0.0732404 0.0431487 0.0213097 0.00824192 0.0023434 0.000465031 6.17739e-05 5.31606e-06
 7.8476e-12 8.52158e-10 5.45558e-08 2.05921e-06 4.58247e-05 0.000601231 0.00465095 0.0212167 0.0571269 0.0912071 0.0885746 0.0608433 0.0539032 0.0866919 0.13329 0.146612 0.116181 0.0730355 0.0394056 0.0180307 0.00650793 0.00171899 0.000313715 3.79746e-05 2.96183e-06
 1.03073e-11 1.11925e-09 7.16553e-08 2.70464e-06 6.01888e-05 0.000789753 0.00611155 0.0279288 0.0758301 0.125812 0.142756 0.145441 0.152461 0.129773 0.0787497 0.042575 0.029412 0.021573 0.0126721 0.00563173 0.00187938 0.000455225 7.6199e-05 8.44491e-06 6.01005e-07
 1.11738e-11 1.21334e-09 7.7679e-08 2.93201e-06 6.52483e-05 0.000856119 0.00662437 0.0302549 0.0819124 0.134086 0.144222 0.130364 0.128303 0.123486 0.100333 0.0660634 0.0332599 0.0130144 0.00472546 0.00173845 0.000543703 0.000123262 1.89733e-05 1.91961e-06 1.24551e-07
 1.2659e-11 1.37462e-09 8.80044e-08 3.32174e-06 7.39211e-05 0.000969905 0.00750441 0.034265 0.0926422 0.150634 0.157352 0.130687 0.116171 0.107595 0.0887973 0.06151 0.0332355 0.013302 0.00401463 0.000986054 0.000212396 3.87638e-05 5.29372e-06 4.88961e-07 2.90208e-08
 1.0805e-11 1.17329e-09 7.51154e-08 2.83524e-06 6.30954e-05 0.000827896 0.00640676 0.0292755 0.0794173 0.130974 0.144239 0.136004 0.135648 0.126151 0.0976645 0.0629556 0.0325541 0.0128845 0.00387117 0.000884419 0.000153237 2.02552e-05 2.0416e-06 1.51183e-07 7.71726e-09
 1.18918e-11 1.29131e-09 8.26706e-08 3.12042e-06 6.94414e-05 0.000911149 0.00705047 0.0322045 0.0872 0.142566 0.151638 0.131147 0.121536 0.115349 0.0960689 0.0648411 0.0329468 0.0122253 0.00339229 0.000720771 0.000115466 1.34437e-05 1.1056e-06 6.32601e-08 2.48878e-09
 1.14264e-11 1.24077e-09 7.94354e-08 2.99831e-06 6.67245e-05 0.000875526 0.00677565 0.0309646 0.0840111 0.138429 0.151152 0.138007 0.131824 0.120496 0.0934403 0.0595627 0.0296217 0.0110071 0.00303757 0.000622259 9.31779e-05 9.95017e-06 7.37841e-07 3.70429e-08 1.23298e-09
 1.19449e-11 1.29707e-09 8.30398e-08 3.13436e-06 6.97522e-05 0.000915255 0.00708305 0.032367 0.0877722 0.144228 0.155571 0.137528 0.127637 0.117503 0.0927424 0.0580677 0.0268979 0.00895151 0.00219278 0.000407225 5.66884e-05 5.6678e-06 3.90166e-07 1.79428e-08 5.39762e-10
 1.26567e-11 1.37437e-09 8.79884e-08 3.32115e-06 7.39092e-05 0.000969809 0.00750546 0.0342999 0.0930275 0.152838 0.164279 0.142725 0.127619 0.1122 0.0841162 0.0498983 0.0218546 0.00679402 0.0015141 0.000248693 3.03199e-05 2.68543e-06 1.66844e-07 7.01854e-09 1.94012e-10
 1.22179e-11 1.32672e-09 8.49379e-08 3.20601e-06 7.13476e-05 0.000936229 0.00724649 0.0331321 0.090016 0.14879 0.162884 0.14657 0.134146 0.116717 0.0846577 0.0479121 0.0198094 0.00574135 0.00117311 0.000173498 1.87598e-05 1.4589e-06 7.93409e-08 2.93519e-09 7.20706e-11
 1.12234e-11 1.21873e-09 7.80243e-08 2.94506e-06 6.55413e-05 0.000860081 0.00665833 0.0304638 0.082972 0.138337 0.155439 0.147275 0.141488 0.12624 0.0921758 0.0512253 0.0202102 0.00543713 0.0010038 0.000131298 1.24385e-05 8.47394e-07 4.04319e-08 1.31252e-09 2.82848e-11
 9.84812e-12 1.06939e-09 6.84636e-08 2.58421e-06 5.75118e-05 0.000754772 0.0058448 0.0267704 0.0731953 0.12367 0.144452 0.147064 0.150696 0.139339 0.103217 0.0567678 0.0216206 0.00549277 0.000935548 0.00011006 9.17953e-06 5.44281e-07 2.25427e-08 6.36661e-10 1.19842e-11
 8.21508e-12 8.92062e-10 5.7111e-08 2.15571e-06 4.79772e-05 0.000629719 0.00487855 0.0223799 0.0615311 0.105905 0.130177 0.144507 0.159636 0.15488 0.118022 0.0653643 0.0246907 0.00618483 0.00103484 0.000118263 9.3645e-06 5.12051e-07 1.906e-08 4.75402e-10 7.83244e-12
 1.0067e-11 1.09316e-09 6.99851e-08 2.64165e-06 5.87907e-05 0.000771574 0.00597513 0.0273658 0.0747563 0.125632 0.143751 0.140952 0.143691 0.139159 0.108079 0.0603037 0.0227355 0.0056899 0.0009563 0.000109868 8.66877e-06 4.64451e-07 1.66e-08 3.89399e-10 5.91726e-12
 1.06996e-11 1.16185e-09 7.43834e-08 2.80768e-06 6.24874e-05 0.00082016 0.00635315 0.0291234 0.0797832 0.135153 0.157125 0.154677 0.149162 0.129623 0.090088 0.0463921 0.0167338 0.00412015 0.000693514 8.0346e-05 6.37448e-06 3.40563e-07 1.20132e-08 2.75044e-10 4.03118e-12
 1.0351e-11 1.124e-09 7.19599e-08 2.71623e-06 6.04535e-05 0.000793525 0.0061483 0.0282049 0.0774313 0.131926 0.155347 0.155739 0.152283 0.133097 0.0919367 0.0463339 0.0161667 0.00383211 0.000621829 6.98519e-05 5.41141e-06 2.83672e-07 9.82775e-09 2.20422e-10 3.14942e-12
 1.07858e-11 1.17121e-09 7.4983e-08 2.83035e-06 6.29944e-05 0.000826908 0.00640752 0.029399 0.0807178 0.137364 0.160609 0.157967 0.150803 0.129043 0.0868546 0.0422008 0.0140535 0.00315274 0.000480916 5.06204e-05 3.68131e-06 1.82166e-07 5.99624e-09 1.28471e-10 1.75969e-12
 1.01567e-11 1.10291e-09 7.06102e-08 2.66534e-06 5.93249e-05 0.000778872 0.00603852 0.0277515 0.0765716 0.132124 0.159385 0.163261 0.15803 0.132568 0.0863066 0.0405935 0.0131641 0.00288894 0.000430229 4.37551e-05 3.02905e-06 1.40853e-07 4.32546e-09 8.63003e-11 1.10251e-12
 1.05224e-11 1.14262e-09 7.31527e-08 2.76133e-06 6.14623e-05 0.000806957 0.0062565 0.0287518 0.0792747 0.136282 0.162405 0.162852 0.155535 0.130234 0.084092 0.0385541 0.0119993 0.00250325 0.000353029 3.40155e-05 2.23465e-06 9.85581e-08 2.85934e-09 5.35678e-11 6.38635e-13
 1.06845e-11 1.16022e-09 7.428e-08 2.80393e-06 6.24136e-05 0.000819563 0.00635676 0.0292441 0.0808564 0.139874 0.168297 0.168972 0.157488 0.125908 0.0769055 0.0332718 0.00975623 0.00190977 0.000251115 2.24324e-05 1.3636e-06 5.57487e-08 1.50441e-09 2.62932e-11 2.92839e-13
 1.13067e-11 1.22779e-09 7.86061e-08 2.96725e-06 6.60503e-05 0.000867348 0.00672771 0.0309486 0.0854968 0.147277 0.17467 0.170242 0.153521 0.119469 0.0709507 0.0296504 0.00834259 0.00155679 0.000193576 1.61955e-05 9.13527e-07 3.44256e-08 8.53411e-10 1.36934e-11 1.40179e-13
 1.09699e-11 1.19122e-09 7.62658e-08 2.87901e-06 6.40919e-05 0.000841852 0.0065347 0.0301206 0.083648 0.145932 0.177244 0.176731 0.158331 0.118636 0.0669215 0.0265054 0.00707508 0.00125215 0.000147218 1.15847e-05 6.10811e-07 2.13898e-08 4.90236e-10 7.24207e-12 6.80427e-14
 9.33703e-12 1.01391e-09 6.49157e-08 2.45071e-06 5.45678e-05 0.000717141 0.00557517 0.0258076 0.072507 0.130266 0.168099 0.181734 0.17251 0.131797 0.0737665 0.0284681 0.00731291 0.00123438 0.000137377 1.01632e-05 5.00921e-07 1.63269e-08 3.47156e-10 4.74487e-12 4.11446e-14
 9.78369e-12 1.06242e-09 6.80214e-08 2.56796e-06 5.71782e-05 0.000751403 0.00583984 0.0270016 0.0755581 0.134164 0.168916 0.177911 0.168379 0.13056 0.0738671 0.0284448 0.00721433 0.00119424 0.000129525 9.25626e-06 4.35752e-07 1.34126e-08 2.66845e-10 3.39057e-12 2.72185e-14
 9.97208e-12 1.08288e-09 6.93333e-08 2.61764e-06 5.82927e-05 0.00076633 0.00596126 0.0276231 0.0776749 0.139177 0.176871 0.184673 0.1678 0.122735 0.0655974 0.0241031 0.00589842 0.000950226 0.000100713 7.02628e-06 3.21151e-07 9.52049e-09 1.80819e-10 2.17482e-12 1.64031e-14
 9.55771e-12 1.0379e-09 6.6455e-08 2.50916e-06 5.58874e-05 0.000735049 0.00572442 0.0265979 0.0752624 0.136636 0.177419 0.189088 0.172388 0.123855 0.0638851 0.0223416 0.0051503 0.000776521 7.68672e-05 5.02136e-06 2.16107e-07 6.06641e-09 1.0947e-10 1.25156e-12 8.95559e-15
#spawning biomass
 7628.5 6875.87 5647.26 5954.38 8912.73 14151 20606.6 25765.9 33830.1 50254 66647.3 90864 124145 140343 147832 142263 147496 123000 141781 169815 175703 178336 184107 219758 238233 239489 246428 245512 244974 184404 441815 688623 935725 1.16556e+06 1.36946e+06 1.54489e+06 1.69284e+06 1.81612e+06 1.91821e+06 2.00262e+06 2.07254e+06 2.13078e+06 2.17966e+06 2.21454e+06 2.23114e+06 2.24723e+06 2.26282e+06 2.27792e+06 2.29256e+06 2.30674e+06 2.32048e+06 2.33379e+06 2.34669e+06 2.35919e+06 2.3713e+06 2.38303e+06 2.3944e+06 2.40541e+06 2.41609e+06 2.42643e+06 2.43645e+06 2.44616e+06 2.45556e+06 2.46468e+06 2.47351e+06 2.48207e+06 2.49036e+06 2.49839e+06 2.50618e+06 2.51372e+06 2.52103e+06 2.52811e+06 2.53497e+06 2.54161e+06 2.54806e+06 2.5543e+06 2.56034e+06 2.5662e+06 2.57188e+06 2.57738e+06 2.58271e+06 2.58787e+06 2.59288e+06 2.59772e+06 2.60242e+06 2.60697e+06 2.61138e+06 2.61565e+06 2.61979e+06 2.62381e+06 2.62769e+06 2.63146e+06 2.63511e+06 2.63864e+06 2.64207e+06 2.64539e+06 2.6486e+06 2.65172e+06 2.65474e+06 2.65767e+06 2.6605e+06 2.66325e+06 2.66591e+06 2.66849e+06 2.67098e+06 2.67341e+06 2.67575e+06 2.67802e+06 2.68023e+06 2.68236e+06 2.68443e+06 2.68643e+06 2.68837e+06 2.69025e+06 2.69207e+06 2.69384e+06 2.69555e+06 2.69721e+06 2.69881e+06 2.70037e+06 2.70188e+06 2.70334e+06 2.70475e+06 2.70612e+06 2.70745e+06 2.70874e+06 2.70999e+06 2.7112e+06 2.71237e+06 0 0 0 0 0 0 0 0 0 0 0 0 0 0 0 0 0 0 0 0 0 0 0 0 0
