SBPRF35
0.0428587
Curr Bio
217469
B35
94726.5
F35
18.0802
FOFL
18.0802
OFL
253011
Bzero
12008.6
#pred survey bio
 6038.67 5759.47 8896.38 14667 26054.6 36441 36048.9 33250.9 52107.8 72658.5 83979.1 110290 156519 174155 151536 128502 121856 127837 111047 112501 124268 131517 142730 149521 176687 166055 158046 140079 3.56466e+06 865849 256397 129880 90224.2 77726.4 73843.8 72655.7 72296.8 72189.5 72157.7 72148.3 72145.5 72144.7 72144.5 72144.4 72144.4 72144.4 72144.4 72144.4 72144.4 72144.4 72144.4 72144.4 72144.4 72144.4 72144.4 72144.4 72144.4 72144.4 72144.4 72144.4 72144.4 72144.4 72144.4 72144.4 72144.4 72144.4 72144.4 72144.4 72144.4 72144.4 72144.4 72144.4 72144.4 72144.4 72144.4 72144.4 72144.4 72144.4 72144.4 72144.4 72144.4 72144.4 72144.4 72144.4 72144.4 72144.4 72144.4 72144.4 72144.4 72144.4 72144.4 72144.4 72144.4 72144.4 72144.4 72144.4 72144.4 72144.4 72144.4 72144.4 72144.4 72144.4 72144.4 72144.4 72144.4 72144.4 72144.4 72144.4 72144.4 72144.4 72144.4 72144.4 72144.4 72144.4 72144.4 72144.4 72144.4 72144.4 72144.4 72144.4 72144.4 72144.4 72144.4 72144.4 72144.4 72144.4 72144.4 72144.4 0 0 0 0 0 0 0 0 0 0 0 0 0 0 0 0 0 0 0 0 0 0 0 0 0
#obs survey bio
 4720.04 5888.95 12470.9 21624.5 30486 29946.4 33931.2 30681.5 62171 53913.7 66432.8 105506 161657 193320 133694 121227 127722 136968 113186 79795.7 118396 172099 125182 170432 199274 167041 140033 123119
#pred catch bio
 1610.68 2011.44 3558.52 4896.55 8239.35 12578.6 19683.5 14198.9 22285.2 35112.8 38752.8 53049.6 91446.8 109550 98174 87436 72872.1 89148.4 74435.2 77193.9 89117.3 87912.6 106835 100671 136552 124211 133015 93264.2 253011 7932.74 5033.45 5033.45 5033.45 5033.45 5033.45 5033.45 5033.45 5033.45 5033.45 5033.45 5033.45 5033.45 5033.45 5033.45 5033.45 5033.45 5033.45 5033.45 5033.45 5033.45 5033.45 5033.45 5033.45 5033.45 5033.45 5033.45 5033.45 5033.45 5033.45 5033.45 5033.45 5033.45 5033.45 5033.45 5033.45 5033.45 5033.45 5033.45 5033.45 5033.45 5033.45 5033.45 5033.45 5033.45 5033.45 5033.45 5033.45 5033.45 5033.45 5033.45 5033.45 5033.45 5033.45 5033.45 5033.45 5033.45 5033.45 5033.45 5033.45 5033.45 5033.45 5033.45 5033.45 5033.45 5033.45 5033.45 5033.45 5033.45 5033.45 5033.45 5033.45 5033.45 5033.45 5033.45 5033.45 5033.45 5033.45 5033.45 5033.45 5033.45 5033.45 5033.45 5033.45 5033.45 5033.45 5033.45 5033.45 5033.45 5033.45 5033.45 5033.45 5033.45 5033.45 5033.45 5033.45 5033.45 5033.45 5033.45 0 0 0 0 0 0 0 0 0 0 0 0 0 0 0 0 0 0 0 0 0 0 0 0 0
#obs catch bio
 1928.38 2132.78 3575.24 4867.76 8009.04 12589.4 22815.1 14056.2 21103 34102.3 38187.8 53724 88672.1 106712 100952 98196.1 73698.3 87728.4 71674.8 80264.1 89340.2 81832.9 102571 97672.1 127329 114868 135119 91374.6
#pred cpue bio
 5885.64 5251.58 7966.31 13199.7 23324.9 34980.7 35092.9 29964.4 46895.9 67687.5 78248.3 99858.6 142221 163801 144566 120021 112385 120002 103641 102737 113220 120415 131227 134461 161732 153090 145417 127117 3.3001e+06 937325 246242 118740 79067.3 66569.2 62686.6 61498.5 61139.6 61032.3 61000.5 60991.1 60988.3 60987.5 60987.3 60987.2 60987.2 60987.2 60987.2 60987.2 60987.2 60987.2 60987.2 60987.2 60987.2 60987.2 60987.2 60987.2 60987.2 60987.2 60987.2 60987.2 60987.2 60987.2 60987.2 60987.2 60987.2 60987.2 60987.2 60987.2 60987.2 60987.2 60987.2 60987.2 60987.2 60987.2 60987.2 60987.2 60987.2 60987.2 60987.2 60987.2 60987.2 60987.2 60987.2 60987.2 60987.2 60987.2 60987.2 60987.2 60987.2 60987.2 60987.2 60987.2 60987.2 60987.2 60987.2 60987.2 60987.2 60987.2 60987.2 60987.2 60987.2 60987.2 60987.2 60987.2 60987.2 60987.2 60987.2 60987.2 60987.2 60987.2 60987.2 60987.2 60987.2 60987.2 60987.2 60987.2 60987.2 60987.2 60987.2 60987.2 60987.2 60987.2 60987.2 60987.2 60987.2 60987.2 60987.2 60987.2 0 0 0 0 0 0 0 0 0 0 0 0 0 0 0 0 0 0 0 0 0 0 0 0 0
#obs cpue bio
 2755.03 4049.97 7347.75 9017.04 26381 22028.6 30302.7 38283 60460.7 88955.3 89886.3 92258.2 203092 149530 124554 68053.6 119788 153526 111786 94337.3 145926 143441 164813 115586 243388 184306 141354 154953
#pred surv len freq
 1.18052e-11 1.28134e-09 8.20058e-08 3.09465e-06 6.886e-05 0.000903488 0.00699085 0.0319196 0.0862728 0.14022 0.14738 0.127378 0.120028 0.107321 0.0767694 0.0491222 0.0320033 0.0211598 0.0144099 0.0103671 0.0080138 0.00673309 0.00583005 0.00448886 0.00261666
 1.63494e-11 1.77457e-09 1.13572e-07 4.28587e-06 9.5366e-05 0.00125124 0.00968083 0.0441827 0.119155 0.191545 0.191424 0.140362 0.10444 0.0811746 0.0521638 0.0283559 0.0152758 0.00837918 0.00467518 0.00274706 0.00175091 0.00124625 0.000966482 0.000710978 0.000413229
 1.71486e-11 1.86131e-09 1.19124e-07 4.49536e-06 0.000100027 0.0013124 0.010154 0.0463416 0.124971 0.20084 0.200444 0.146171 0.10717 0.0805685 0.0472144 0.0205971 0.00805085 0.00329778 0.00141887 0.000641971 0.000312561 0.000171307 0.000108373 7.13024e-05 3.97199e-05
 1.69189e-11 1.83638e-09 1.17528e-07 4.43516e-06 9.86878e-05 0.00129483 0.0100181 0.045723 0.123324 0.198371 0.198816 0.147182 0.110625 0.0841363 0.0489291 0.0205657 0.00728792 0.00246493 0.000780826 0.000241739 8.05447e-05 3.03862e-05 1.36183e-05 7.09135e-06 3.53365e-06
 1.71317e-11 1.85948e-09 1.19007e-07 4.49094e-06 9.99291e-05 0.00131111 0.010144 0.0462964 0.124851 0.20067 0.200381 0.146411 0.107745 0.0813053 0.0479081 0.0210148 0.00795587 0.0027798 0.000836133 0.000216788 5.16463e-05 1.21687e-05 3.2113e-06 1.06235e-06 4.06097e-07
 1.35833e-11 1.47434e-09 9.43577e-08 3.56077e-06 7.92318e-05 0.00103957 0.00804386 0.0367283 0.0992802 0.161443 0.170042 0.147583 0.138084 0.117281 0.0711388 0.031319 0.0118964 0.0042433 0.00133274 0.000359269 8.28648e-05 1.61791e-05 2.79501e-06 4.89411e-07 1.03988e-07
 1.24714e-11 1.35365e-09 8.66335e-08 3.26928e-06 7.27459e-05 0.00095448 0.00738561 0.0337269 0.0912244 0.148805 0.158894 0.143433 0.140699 0.123963 0.0802902 0.0408606 0.0187648 0.00755222 0.00248207 0.000685302 0.000163066 3.25505e-05 5.31023e-06 7.10362e-07 8.38447e-08
 1.68394e-11 1.82776e-09 1.16976e-07 4.41431e-06 9.8224e-05 0.00128874 0.00997098 0.0455075 0.122736 0.19737 0.197554 0.145598 0.108812 0.0831457 0.0497999 0.0227813 0.00944966 0.00384191 0.00143023 0.000459118 0.000120711 2.53425e-05 4.25663e-06 5.67352e-07 5.91202e-08
 1.69186e-11 1.83636e-09 1.17527e-07 4.43509e-06 9.86862e-05 0.00129481 0.0100179 0.0457223 0.123323 0.19837 0.198822 0.147204 0.110656 0.0841363 0.0488724 0.0204987 0.0072833 0.00251833 0.000829519 0.000255224 7.15399e-05 1.69659e-05 3.17967e-06 4.53752e-07 4.86156e-08
 1.52866e-11 1.65921e-09 1.06189e-07 4.00725e-06 8.91666e-05 0.00116991 0.00905197 0.0413217 0.111563 0.180343 0.184939 0.147942 0.124932 0.100971 0.0596474 0.0251176 0.00884293 0.00291441 0.00085791 0.00022399 5.42151e-05 1.20623e-05 2.3356e-06 3.65202e-07 4.31086e-08
 1.52566e-11 1.65596e-09 1.05981e-07 3.99939e-06 8.89917e-05 0.00116762 0.00903421 0.0412404 0.111341 0.179961 0.184445 0.147297 0.12419 0.100615 0.0601298 0.0261377 0.00970266 0.0033355 0.000991386 0.000250499 5.52074e-05 1.06106e-05 1.7842e-06 2.5981e-07 3.10658e-08
 1.66355e-11 1.80562e-09 1.15559e-07 4.36085e-06 9.70345e-05 0.00127314 0.00985031 0.0449583 0.121275 0.195184 0.196135 0.146568 0.111974 0.0863128 0.0511272 0.0224389 0.00852411 0.00302463 0.000937059 0.000247923 5.60308e-05 1.05415e-05 1.63307e-06 2.0904e-07 2.20598e-08
 1.64959e-11 1.79047e-09 1.1459e-07 4.32426e-06 9.62203e-05 0.00126246 0.00976772 0.0445826 0.120279 0.193724 0.195337 0.147701 0.114824 0.0888258 0.0515752 0.0213086 0.00731835 0.00240538 0.000732476 0.000197915 4.64758e-05 9.11385e-06 1.44743e-06 1.82266e-07 1.79261e-08
 1.48266e-11 1.60929e-09 1.02994e-07 3.88668e-06 8.64836e-05 0.00113472 0.00877977 0.0400823 0.108261 0.175356 0.181471 0.149373 0.130818 0.106943 0.0621478 0.0246834 0.00775859 0.00228138 0.000624657 0.000153324 3.4036e-05 6.6446e-06 1.08456e-06 1.41406e-07 1.41915e-08
 1.40266e-11 1.52245e-09 9.74367e-08 3.67696e-06 8.18172e-05 0.00107349 0.00830626 0.0379248 0.102492 0.166487 0.174513 0.149316 0.137179 0.114775 0.067612 0.0275396 0.00904238 0.00273006 0.000723695 0.000162125 3.19444e-05 5.59386e-06 8.49798e-07 1.08171e-07 1.09877e-08
 1.51687e-11 1.64642e-09 1.05371e-07 3.97636e-06 8.84791e-05 0.0011609 0.00898224 0.0410043 0.110719 0.179082 0.18413 0.14853 0.126783 0.102749 0.0602429 0.0247423 0.00829469 0.00257791 0.00070671 0.000163309 3.2104e-05 5.29222e-06 7.23787e-07 8.25208e-08 7.73815e-09
 1.58234e-11 1.71748e-09 1.09918e-07 4.14797e-06 9.22977e-05 0.00121099 0.00936973 0.0427701 0.115444 0.186377 0.190001 0.149065 0.122325 0.0968475 0.0555922 0.0217435 0.00663351 0.00188177 0.000498632 0.000116476 2.35848e-05 3.99965e-06 5.49402e-07 6.01027e-08 5.17679e-09
 1.49202e-11 1.61944e-09 1.03644e-07 3.91121e-06 8.70295e-05 0.00114188 0.00883515 0.0403344 0.108932 0.17637 0.182173 0.149074 0.129617 0.105758 0.0617177 0.0248512 0.00798688 0.00234959 0.000606515 0.000131385 2.48171e-05 4.10815e-06 5.71343e-07 6.3868e-08 5.53019e-09
 1.52377e-11 1.6539e-09 1.0585e-07 3.99444e-06 8.88814e-05 0.00116617 0.00902308 0.0411909 0.111225 0.179918 0.185068 0.149466 0.127653 0.103014 0.0593753 0.0231847 0.00702147 0.0019598 0.000504041 0.000112197 2.13588e-05 3.40006e-06 4.44952e-07 4.77368e-08 4.10155e-09
 1.62842e-11 1.76749e-09 1.13119e-07 4.26877e-06 9.49856e-05 0.00124626 0.00964246 0.0440125 0.118763 0.191456 0.193871 0.148722 0.118098 0.0919979 0.0526867 0.0207008 0.0063576 0.00178303 0.000447524 9.51084e-05 1.7489e-05 2.7744e-06 3.64585e-07 3.83545e-08 3.15657e-09
 1.64011e-11 1.78018e-09 1.13931e-07 4.29941e-06 9.56672e-05 0.0012552 0.00971164 0.0443279 0.119609 0.192783 0.195036 0.149138 0.117789 0.0912607 0.051704 0.0196997 0.00566251 0.0014742 0.000357054 7.53813e-05 1.37147e-05 2.11226e-06 2.68152e-07 2.76493e-08 2.25712e-09
 1.61817e-11 1.75637e-09 1.12407e-07 4.2419e-06 9.43877e-05 0.00123841 0.00958182 0.0437366 0.118031 0.190381 0.19327 0.149513 0.120128 0.0937994 0.0530293 0.0199262 0.00552579 0.00135894 0.000308867 6.07701e-05 1.03717e-05 1.53975e-06 1.917e-07 1.93247e-08 1.53337e-09
 1.59769e-11 1.73414e-09 1.10985e-07 4.18822e-06 9.31933e-05 0.00122274 0.00946061 0.0431842 0.116552 0.188091 0.191394 0.149237 0.121359 0.0955453 0.0545501 0.0210349 0.00617951 0.00162628 0.000379337 7.2828e-05 1.17269e-05 1.62028e-06 1.88267e-07 1.80043e-08 1.38135e-09
 1.69789e-11 1.8429e-09 1.17945e-07 4.45088e-06 9.90376e-05 0.00129942 0.0100536 0.0458861 0.123775 0.199179 0.200017 0.149059 0.113018 0.0855068 0.0478553 0.0178481 0.00488301 0.00118329 0.000268617 5.32502e-05 8.97564e-06 1.25584e-06 1.41277e-07 1.27036e-08 9.09953e-10
 1.61903e-11 1.7573e-09 1.12467e-07 4.24416e-06 9.4438e-05 0.00123907 0.00958692 0.0437598 0.118093 0.190468 0.193306 0.149405 0.119896 0.0936141 0.053033 0.0200623 0.00564548 0.00140618 0.000315753 5.93096e-05 9.43191e-06 1.29739e-06 1.49109e-07 1.36933e-08 9.71675e-10
 1.58665e-11 1.72216e-09 1.10218e-07 4.15928e-06 9.25494e-05 0.0012143 0.0093953 0.0428871 0.115764 0.186928 0.190721 0.150017 0.123433 0.0974011 0.0549258 0.0202807 0.00537543 0.00123619 0.000265978 5.00095e-05 8.00443e-06 1.07762e-06 1.18494e-07 1.05159e-08 7.42377e-10
 1.59538e-11 1.73163e-09 1.10824e-07 4.18215e-06 9.30581e-05 0.00122097 0.00944691 0.0431221 0.11639 0.187871 0.191367 0.149716 0.122274 0.0962516 0.0544912 0.0204293 0.00561694 0.00135104 0.000292928 5.28144e-05 7.95402e-06 1.03043e-06 1.11959e-07 9.81409e-09 6.73901e-10
 1.65963e-11 1.80137e-09 1.15287e-07 4.35058e-06 9.68059e-05 0.00127014 0.00982721 0.0448548 0.121023 0.194998 0.196974 0.149812 0.117245 0.0900218 0.050098 0.0180799 0.0045235 0.000945427 0.000187141 3.3374e-05 5.11764e-06 6.5956e-07 6.89805e-08 5.77758e-09 3.84704e-10
#obs surv len freq
 1.28657e-11 1.39645e-09 8.93724e-08 3.37264e-06 7.50458e-05 0.000984653 0.00761897 0.0347887 0.0940314 0.152776 0.159941 0.135807 0.124876 0.11188 0.0819106 0.0507211 0.0271825 0.0118936 0.00411611 0.00111931 0.000233731 3.62546e-05 4.04792e-06 3.15808e-07 1.67465e-08
 1.83858e-11 1.9956e-09 1.27718e-07 4.81969e-06 0.000107244 0.00140708 0.0108863 0.0496778 0.133872 0.214298 0.209556 0.140736 0.0879047 0.0622295 0.0423386 0.0254967 0.0133221 0.00566116 0.00189312 0.000494188 9.83423e-05 1.44221e-05 1.51017e-06 1.09699e-07 5.38486e-09
 1.56277e-11 1.69624e-09 1.08559e-07 4.09669e-06 9.11567e-05 0.00119604 0.00925444 0.0422517 0.114125 0.184689 0.189439 0.14932 0.120383 0.0934478 0.0555768 0.0252283 0.00996043 0.00359005 0.00110869 0.000274609 5.19282e-05 7.20108e-06 7.08764e-07 4.81116e-08 2.19525e-09
 1.80716e-11 1.9615e-09 1.25536e-07 4.73734e-06 0.000105412 0.00138305 0.0107008 0.0488383 0.131694 0.211391 0.208985 0.145289 0.0956021 0.0676124 0.0425908 0.0222051 0.00950835 0.00313974 0.00077499 0.000149026 2.32136e-05 2.84647e-06 2.57333e-07 1.623e-08 6.88426e-10
 1.66345e-11 1.80552e-09 1.15553e-07 4.36063e-06 9.70299e-05 0.0012731 0.00985072 0.044973 0.121445 0.196182 0.199136 0.150552 0.1124 0.0824845 0.0480787 0.0217384 0.00829066 0.00266902 0.000676925 0.000128778 1.79269e-05 1.80871e-06 1.32429e-07 6.99197e-09 2.59166e-10
 7.2495e-12 7.86865e-10 5.03593e-08 1.90042e-06 4.22886e-05 0.000554954 0.00429748 0.0196924 0.0540678 0.0937825 0.122351 0.156338 0.188492 0.170147 0.108485 0.0528088 0.0207989 0.00638752 0.00146475 0.000251802 3.26662e-05 3.11653e-06 2.10152e-07 9.72698e-09 3.04234e-10
 1.59967e-11 1.73629e-09 1.11123e-07 4.19342e-06 9.33092e-05 0.00122427 0.00947258 0.0432382 0.116643 0.187484 0.186091 0.131174 0.0920883 0.0793337 0.0688281 0.0485868 0.0246612 0.00859359 0.00207826 0.000357936 4.42441e-05 3.88198e-06 2.38156e-07 1.00605e-08 2.8715e-10
 1.79927e-11 1.95294e-09 1.24988e-07 4.71666e-06 0.000104952 0.00137705 0.0106551 0.048644 0.131315 0.211614 0.211815 0.151093 0.0999016 0.0659892 0.0370456 0.0177748 0.00811448 0.00329392 0.00101147 0.000213306 2.98197e-05 2.74458e-06 1.66698e-07 6.68775e-09 1.76512e-10
 1.5932e-11 1.72927e-09 1.10673e-07 4.17647e-06 9.29329e-05 0.00121939 0.00943645 0.0431055 0.116646 0.189852 0.197318 0.156652 0.120643 0.0863674 0.0481585 0.0206141 0.00719731 0.00208217 0.000497519 9.71063e-05 1.44644e-05 1.49985e-06 1.0176e-07 4.38929e-09 1.19087e-10
 1.46993e-11 1.59547e-09 1.0211e-07 3.85333e-06 8.5743e-05 0.00112508 0.00870751 0.0397918 0.10785 0.176601 0.187376 0.156417 0.128143 0.0964318 0.0574234 0.0268005 0.00986259 0.00273327 0.00055291 8.29267e-05 9.47761e-06 8.22511e-07 5.19316e-08 2.24894e-09 6.35044e-11
 1.41941e-11 1.54064e-09 9.86009e-08 3.72092e-06 8.27972e-05 0.00108644 0.00840916 0.0384393 0.104289 0.17135 0.18361 0.156228 0.13026 0.0995412 0.0610974 0.0298782 0.0115518 0.00335359 0.000703247 0.000104966 1.10324e-05 8.08377e-07 4.113e-08 1.4494e-09 3.49599e-11
 1.67458e-11 1.8176e-09 1.16326e-07 4.38981e-06 9.76806e-05 0.0012817 0.00991899 0.0453118 0.122595 0.199096 0.204139 0.154025 0.109093 0.0757674 0.0451166 0.0219368 0.00849917 0.00249312 0.000533382 8.15097e-05 8.69737e-06 6.32027e-07 3.0661e-08 9.79956e-10 2.04616e-11
 1.5277e-11 1.65817e-09 1.06123e-07 4.00479e-06 8.91144e-05 0.00116937 0.00905166 0.0413847 0.11233 0.184593 0.196787 0.162604 0.126497 0.0878613 0.0477874 0.0203748 0.0070582 0.00193927 0.000402283 6.06543e-05 6.43448e-06 4.65918e-07 2.24551e-08 7.06305e-10 1.42766e-11
 1.29018e-11 1.40038e-09 8.96242e-08 3.38219e-06 7.52623e-05 0.00098769 0.00764806 0.0350133 0.0954981 0.159659 0.179515 0.165784 0.144889 0.108263 0.0624141 0.0277845 0.00952297 0.00242538 0.000449611 6.06585e-05 5.90292e-06 4.029e-07 1.86411e-08 5.67961e-10 1.11502e-11
 1.22483e-11 1.32944e-09 8.50842e-08 3.21087e-06 7.1451e-05 0.000937716 0.00726217 0.0332627 0.0908593 0.152562 0.173325 0.162846 0.145584 0.113336 0.070041 0.0337339 0.0122676 0.00322386 0.000598359 7.78036e-05 7.02042e-06 4.33741e-07 1.8091e-08 5.01816e-10 9.10191e-12
 1.36232e-11 1.47867e-09 9.4635e-08 3.5713e-06 7.9471e-05 0.00104294 0.00807607 0.03697 0.100745 0.167546 0.184241 0.161013 0.133229 0.099982 0.0616671 0.0302375 0.0113553 0.00311714 0.000605694 8.14288e-05 7.41426e-06 4.48854e-07 1.782e-08 4.59147e-10 7.60895e-12
 1.35528e-11 1.47103e-09 9.41466e-08 3.55289e-06 7.90629e-05 0.00103766 0.00803692 0.0368171 0.100554 0.168324 0.187963 0.167433 0.137592 0.0983607 0.0562116 0.0255185 0.00908879 0.00243643 0.000472421 6.41505e-05 5.92105e-06 3.61927e-07 1.43573e-08 3.64084e-10 5.83581e-12
 1.39623e-11 1.51548e-09 9.6991e-08 3.66024e-06 8.14526e-05 0.00106904 0.00828052 0.0379369 0.103613 0.173246 0.192177 0.16788 0.134387 0.0944246 0.0532178 0.0234331 0.00788329 0.00196295 0.000353931 4.53463e-05 4.02105e-06 2.39475e-07 9.32738e-09 2.32729e-10 3.66262e-12
 1.41645e-11 1.53742e-09 9.83958e-08 3.71328e-06 8.26343e-05 0.00108461 0.00840235 0.038511 0.10529 0.176422 0.196128 0.170505 0.133715 0.0909776 0.0493689 0.0208708 0.00673214 0.00159898 0.000271844 3.24264e-05 2.65987e-06 1.46852e-07 5.3448e-09 1.25822e-10 1.88392e-12
 1.41579e-11 1.53672e-09 9.83508e-08 3.71161e-06 8.25991e-05 0.00108422 0.00840102 0.0385261 0.105482 0.177325 0.198196 0.172718 0.134222 0.0896184 0.0474133 0.0193624 0.00597374 0.0013474 0.000216414 2.42627e-05 1.85921e-06 9.52721e-08 3.20171e-09 6.94254e-11 9.58207e-13
 1.4362e-11 1.55887e-09 9.97686e-08 3.76514e-06 8.37923e-05 0.00109995 0.00852428 0.0391069 0.107164 0.180383 0.201552 0.17417 0.132683 0.0864789 0.0445823 0.0176325 0.00522366 0.00112214 0.000170347 1.79272e-05 1.28259e-06 6.11188e-08 1.90374e-09 3.8146e-11 4.85175e-13
 1.47785e-11 1.60408e-09 1.02663e-07 3.87438e-06 8.62252e-05 0.00113195 0.00877322 0.0402581 0.110347 0.185628 0.206289 0.175049 0.129256 0.0815059 0.0406813 0.0155248 0.00441581 0.0009063 0.000130694 1.29787e-05 8.70508e-07 3.86747e-08 1.1183e-09 2.07351e-11 2.43466e-13
 1.45393e-11 1.57812e-09 1.01002e-07 3.81176e-06 8.48357e-05 0.00111386 0.00863633 0.0396709 0.109031 0.184599 0.207693 0.1786 0.131639 0.0811029 0.0389604 0.0141795 0.0038292 0.000744573 0.000101473 9.49101e-06 5.97303e-07 2.48054e-08 6.68032e-10 1.14977e-11 1.24956e-13
 1.45479e-11 1.57906e-09 1.01062e-07 3.81412e-06 8.48917e-05 0.00111472 0.00864541 0.0397395 0.109382 0.185697 0.209555 0.179916 0.131257 0.0796547 0.0375376 0.0132648 0.00342885 0.000630332 8.05484e-05 7.03168e-06 4.12107e-07 1.59183e-08 3.98288e-10 6.36053e-12 6.40459e-14
 1.4449e-11 1.56832e-09 1.00376e-07 3.78831e-06 8.43222e-05 0.00110741 0.00859206 0.039532 0.10905 0.185959 0.211234 0.181969 0.131712 0.0785018 0.036132 0.0124065 0.00309764 0.00054628 6.6409e-05 5.46379e-06 2.99251e-07 1.07357e-08 2.48548e-10 3.66564e-12 3.4058e-14
 1.32033e-11 1.43312e-09 9.17251e-08 3.462e-06 7.7071e-05 0.0010126 0.00786546 0.0362992 0.100928 0.175445 0.207211 0.188411 0.141908 0.0853561 0.0387866 0.0129744 0.00312684 0.000528752 6.1301e-05 4.78397e-06 2.47124e-07 8.31375e-09 1.79515e-10 2.45749e-12 2.11134e-14
 1.3339e-11 1.44786e-09 9.2669e-08 3.49771e-06 7.78699e-05 0.00102321 0.00794954 0.0366984 0.102048 0.177129 0.207918 0.186898 0.1398 0.0846622 0.0389928 0.0131067 0.0031186 0.000511946 5.69094e-05 4.22205e-06 2.06064e-07 6.51952e-09 1.31885e-10 1.68579e-12 1.34815e-14
 1.34892e-11 1.46417e-09 9.37149e-08 3.53732e-06 7.87594e-05 0.00103513 0.00804608 0.0371825 0.103591 0.180265 0.211636 0.188405 0.137639 0.080834 0.0361498 0.0118636 0.00277095 0.000447019 4.8592e-05 3.49182e-06 1.6329e-07 4.90252e-09 9.342e-11 1.1189e-12 8.35308e-15
#pred catch len freq
 1.0068e-11 1.09279e-09 6.99382e-08 2.63925e-06 5.8727e-05 0.000770547 0.00596263 0.0272349 0.0737477 0.120967 0.132294 0.127299 0.133808 0.123923 0.0876663 0.0542292 0.034319 0.0224123 0.0152053 0.0109279 0.00844521 0.00709522 0.00614357 0.00473025 0.00275737
 1.50513e-11 1.63368e-09 1.04555e-07 3.94559e-06 8.77943e-05 0.00115191 0.00891253 0.0406824 0.1098 0.177195 0.180323 0.140782 0.115506 0.0942419 0.0604841 0.031934 0.0166343 0.00896638 0.00497413 0.00291789 0.00185902 0.00132308 0.00102605 0.000754799 0.000438698
 1.60682e-11 1.74405e-09 1.11619e-07 4.21216e-06 9.37259e-05 0.00122973 0.00951459 0.0434289 0.117189 0.188928 0.191353 0.146929 0.117018 0.0919297 0.0541213 0.0231694 0.00873829 0.00347763 0.00147908 0.00066705 0.000324505 0.000177821 0.000112491 7.40112e-05 4.12289e-05
 1.55217e-11 1.68473e-09 1.07823e-07 4.06889e-06 9.05381e-05 0.00118791 0.00919115 0.0419559 0.11326 0.182963 0.18705 0.14814 0.123332 0.0988209 0.0578989 0.0239517 0.00821139 0.00269578 0.000842057 0.000259379 8.62705e-05 3.25303e-05 1.45778e-05 7.5909e-06 3.78257e-06
 1.56943e-11 1.70346e-09 1.09021e-07 4.11413e-06 9.15447e-05 0.00120111 0.00929327 0.0424207 0.114497 0.184812 0.188245 0.147312 0.12069 0.0963305 0.0571783 0.0246235 0.0090132 0.00306661 0.000911647 0.000235317 5.59533e-05 1.31733e-05 3.47556e-06 1.14972e-06 4.39489e-07
 1.20178e-11 1.30441e-09 8.34823e-08 3.15036e-06 7.00999e-05 0.000919768 0.00711727 0.0325072 0.0880038 0.144183 0.156879 0.148716 0.152411 0.133797 0.0811687 0.0350351 0.0128606 0.00446475 0.00138585 0.000372004 8.56586e-05 1.67135e-05 2.88661e-06 5.05406e-07 1.07383e-07
 1.19415e-11 1.29614e-09 8.29526e-08 3.13038e-06 6.96551e-05 0.00091393 0.00707201 0.0322987 0.0874133 0.143009 0.154655 0.144411 0.146457 0.130162 0.0834461 0.0412935 0.0183477 0.00724414 0.00236294 0.000650366 0.000154523 3.0826e-05 5.02776e-06 6.72524e-07 7.93764e-08
 1.58572e-11 1.72114e-09 1.10153e-07 4.15683e-06 9.24947e-05 0.00121358 0.00938964 0.0428592 0.115661 0.186541 0.189298 0.146313 0.117808 0.0935089 0.0560839 0.0251003 0.0100493 0.00398412 0.00146861 0.000469945 0.000123423 2.59011e-05 4.34979e-06 5.79733e-07 6.04089e-08
 1.59234e-11 1.72833e-09 1.10613e-07 4.17419e-06 9.28809e-05 0.00121864 0.00942888 0.0430389 0.116155 0.187402 0.190474 0.147978 0.119846 0.0946897 0.0552246 0.022784 0.00782845 0.00262603 0.000852979 0.000261209 7.31048e-05 1.73286e-05 3.24718e-06 4.63366e-07 4.96448e-08
 1.44399e-11 1.56732e-09 1.00308e-07 3.78532e-06 8.42283e-05 0.00110513 0.0085509 0.0390391 0.105467 0.171021 0.177879 0.148716 0.132926 0.110066 0.0650047 0.0269021 0.00916316 0.00293215 0.000851179 0.000221089 5.34046e-05 1.18731e-05 2.29845e-06 3.59371e-07 4.24197e-08
 1.43114e-11 1.55336e-09 9.94149e-08 3.75161e-06 8.34783e-05 0.00109529 0.00847477 0.0386919 0.104534 0.16955 0.176545 0.148113 0.133043 0.110722 0.0661315 0.0281972 0.0101195 0.00338474 0.000993757 0.000249951 5.49809e-05 1.05587e-05 1.77497e-06 2.58443e-07 3.09014e-08
 1.58658e-11 1.72208e-09 1.10213e-07 4.15908e-06 9.25449e-05 0.00121424 0.00939476 0.0428831 0.115732 0.186707 0.189708 0.147245 0.119202 0.0945559 0.0560094 0.024098 0.00884713 0.00305605 0.000935755 0.00024652 5.56178e-05 1.04566e-05 1.6195e-06 2.07284e-07 2.18738e-08
 1.61785e-11 1.75602e-09 1.12385e-07 4.24107e-06 9.43692e-05 0.00123817 0.0095799 0.0437271 0.117996 0.190243 0.192753 0.148161 0.118081 0.0924093 0.0535149 0.0217411 0.00722522 0.0023022 0.00069069 0.000185661 4.35187e-05 8.52831e-06 1.35412e-06 1.70504e-07 1.67687e-08
 1.46916e-11 1.59464e-09 1.02057e-07 3.8513e-06 8.56964e-05 0.00112439 0.0086999 0.0397186 0.107291 0.173888 0.180432 0.149736 0.132457 0.108635 0.0628988 0.0246297 0.00751097 0.00213632 0.000574449 0.000140067 3.1019e-05 6.05041e-06 9.87296e-07 1.28714e-07 1.29173e-08
 1.39977e-11 1.51932e-09 9.72361e-08 3.66939e-06 8.16488e-05 0.00107128 0.00828918 0.0378472 0.102288 0.166195 0.174397 0.149685 0.137973 0.115427 0.0676413 0.0271109 0.00862582 0.00252411 0.000658458 0.000146615 2.88156e-05 5.04055e-06 7.65445e-07 9.7422e-08 9.89549e-09
 1.53154e-11 1.66234e-09 1.06389e-07 4.0148e-06 8.93345e-05 0.00117212 0.00906903 0.0413999 0.111779 0.180726 0.185495 0.148787 0.125993 0.101565 0.0591441 0.0238792 0.00775206 0.00233603 0.000630633 0.000144899 2.84199e-05 4.68038e-06 6.39869e-07 7.29431e-08 6.83969e-09
 1.55403e-11 1.68675e-09 1.07952e-07 4.07376e-06 9.06464e-05 0.00118933 0.00920218 0.0420069 0.113407 0.183271 0.187693 0.149469 0.12522 0.100035 0.0573199 0.0221335 0.00655869 0.00179842 0.000467436 0.000108414 2.1897e-05 3.7099e-06 5.09425e-07 5.57225e-08 4.7993e-09
 1.51539e-11 1.64481e-09 1.05267e-07 3.97246e-06 8.83924e-05 0.00115976 0.00897346 0.0409647 0.110619 0.178972 0.184261 0.149246 0.127996 0.103632 0.0600654 0.0238079 0.00741879 0.00211417 0.000536672 0.000115511 2.17608e-05 3.59806e-06 5.00187e-07 5.59059e-08 4.84055e-09
 1.53155e-11 1.66235e-09 1.0639e-07 4.01483e-06 8.93352e-05 0.00117213 0.00906913 0.0414008 0.111788 0.180794 0.185813 0.149658 0.12732 0.102443 0.0587664 0.0226453 0.00666282 0.00179775 0.000453438 0.000100197 1.90233e-05 3.02507e-06 3.95716e-07 4.24482e-08 3.64696e-09
 1.64329e-11 1.78364e-09 1.14153e-07 4.30777e-06 9.58532e-05 0.00125764 0.00973051 0.0444137 0.119837 0.193115 0.19521 0.148856 0.117104 0.0906692 0.0516232 0.0200004 0.00596459 0.00161837 0.000398696 8.41267e-05 1.54258e-05 2.44416e-06 3.21042e-07 3.37685e-08 2.77899e-09
 1.66866e-11 1.81117e-09 1.15915e-07 4.37427e-06 9.73329e-05 0.00127705 0.00988066 0.045098 0.121668 0.195946 0.197507 0.149124 0.115469 0.0884402 0.049786 0.0187443 0.00524583 0.00131918 0.000312587 6.54329e-05 1.1868e-05 1.82561e-06 2.31655e-07 2.38821e-08 1.94948e-09
 1.62348e-11 1.76213e-09 1.12776e-07 4.25581e-06 9.46972e-05 0.00124247 0.00961323 0.0438798 0.118415 0.190978 0.193774 0.149634 0.119885 0.0933981 0.0526151 0.0195695 0.00529393 0.00125756 0.000279168 5.44014e-05 9.25159e-06 1.37145e-06 1.70653e-07 1.71997e-08 1.36467e-09
 1.64315e-11 1.78348e-09 1.14142e-07 4.30738e-06 9.58446e-05 0.00125753 0.00972964 0.0444099 0.119829 0.19312 0.195302 0.149146 0.11756 0.0909838 0.0515237 0.0196094 0.0056037 0.00142596 0.000325909 6.20676e-05 9.96158e-06 1.37428e-06 1.59581e-07 1.52574e-08 1.1705e-09
 1.7048e-11 1.8504e-09 1.18425e-07 4.469e-06 9.94408e-05 0.00130471 0.0100946 0.0460725 0.124274 0.199952 0.200648 0.149146 0.112593 0.0849133 0.0473495 0.0174873 0.00467018 0.00109288 0.000242109 4.75201e-05 7.98136e-06 1.11516e-06 1.25382e-07 1.12719e-08 8.07335e-10
 1.67474e-11 1.81777e-09 1.16337e-07 4.3902e-06 9.76875e-05 0.00128171 0.00991665 0.045262 0.122107 0.196625 0.19806 0.149196 0.115091 0.0879263 0.0493691 0.0184563 0.00506177 0.00121833 0.000267481 4.97834e-05 7.88847e-06 1.08334e-06 1.24425e-07 1.14238e-08 8.10569e-10
 1.63113e-11 1.77044e-09 1.13308e-07 4.27588e-06 9.51438e-05 0.00124833 0.00965855 0.0440864 0.118969 0.191842 0.19451 0.149833 0.119571 0.0928437 0.0520094 0.0190238 0.00493039 0.00109523 0.000229568 4.2686e-05 6.80486e-06 9.14661e-07 1.00511e-07 8.91782e-09 6.29502e-10
 1.68568e-11 1.82964e-09 1.17097e-07 4.41887e-06 9.83255e-05 0.00129008 0.00998138 0.045557 0.122896 0.197841 0.199027 0.149247 0.114289 0.0869035 0.0486116 0.018012 0.00483183 0.001123 0.000237798 4.24543e-05 6.36908e-06 8.23649e-07 8.94236e-08 7.83653e-09 5.38057e-10
 1.66257e-11 1.80456e-09 1.15492e-07 4.35829e-06 9.69775e-05 0.00127239 0.00984462 0.0449342 0.121236 0.195329 0.197255 0.149884 0.117117 0.0898033 0.0498657 0.0178752 0.00438944 0.000887158 0.000170461 2.99825e-05 4.57522e-06 5.88584e-07 6.15136e-08 5.15077e-09 3.42932e-10
#obs catch len freq
 1.09011e-11 1.18321e-09 7.57255e-08 2.85765e-06 6.35868e-05 0.000834315 0.00645617 0.0294901 0.0798539 0.130879 0.142217 0.133737 0.137395 0.129036 0.0961026 0.0602228 0.0325837 0.0143735 0.00502277 0.0013836 0.000293704 4.64497e-05 5.29697e-06 4.22226e-07 2.28619e-08
 1.11903e-11 1.2146e-09 7.77343e-08 2.93346e-06 6.52736e-05 0.000856451 0.00662755 0.0302743 0.0819874 0.134389 0.145806 0.135801 0.137031 0.126749 0.0932812 0.0576067 0.0305245 0.0131163 0.00443509 0.00117115 0.000235896 3.50659e-05 3.72871e-06 2.75466e-07 1.37633e-08
 1.72268e-11 1.86981e-09 1.19668e-07 4.51588e-06 0.000100484 0.0013184 0.0102005 0.0465551 0.125542 0.201587 0.199807 0.140803 0.0964247 0.0725869 0.0501481 0.0301325 0.0155457 0.00647792 0.00211329 0.000534847 0.0001025 1.43838e-05 1.43255e-06 9.84342e-08 4.54897e-09
 1.44094e-11 1.564e-09 1.00096e-07 3.77732e-06 8.40507e-05 0.00110282 0.00853371 0.0389729 0.105411 0.171602 0.180199 0.151435 0.131383 0.104628 0.062176 0.0280756 0.0109869 0.00389343 0.0011727 0.000281233 5.11383e-05 6.77603e-06 6.33513e-07 4.06336e-08 1.74395e-09
 1.71821e-11 1.86495e-09 1.19357e-07 4.50416e-06 0.000100223 0.00131499 0.0101745 0.0464443 0.12533 0.20181 0.202093 0.146423 0.10312 0.0757168 0.0479154 0.0247797 0.0104267 0.00336221 0.000808261 0.000150794 2.26221e-05 2.64955e-06 2.27255e-07 1.3527e-08 5.39179e-10
 1.57797e-11 1.71274e-09 1.09615e-07 4.13655e-06 9.20441e-05 0.0012077 0.00934518 0.0426752 0.115358 0.187144 0.193065 0.152594 0.120313 0.0900297 0.0523159 0.023448 0.00881108 0.00277156 0.000682271 0.000125288 1.67509e-05 1.61516e-06 1.12358e-07 5.6002e-09 1.94875e-10
 6.57462e-12 7.13614e-10 4.56713e-08 1.72352e-06 3.83527e-05 0.000503335 0.00389883 0.0178863 0.0493396 0.0870663 0.118762 0.159613 0.195394 0.175319 0.110668 0.0531962 0.0205438 0.00614551 0.00136715 0.000226932 2.82448e-05 2.56931e-06 1.64359e-07 7.18518e-09 2.11329e-10
 1.53294e-11 1.66386e-09 1.06487e-07 4.01849e-06 8.9417e-05 0.00117322 0.00907787 0.041443 0.111871 0.180268 0.180662 0.13124 0.0969002 0.0857606 0.0740777 0.051225 0.025289 0.00854666 0.00199905 0.000331515 3.92489e-05 3.28156e-06 1.90898e-07 7.61022e-09 2.04123e-10
 1.75236e-11 1.90202e-09 1.21729e-07 4.59368e-06 0.000102216 0.00134116 0.0103779 0.0473869 0.12801 0.206835 0.208953 0.152757 0.104273 0.0696323 0.0389388 0.0185619 0.00834399 0.00328769 0.000970749 0.000195876 2.61128e-05 2.28448e-06 1.31404e-07 4.97309e-09 1.23352e-10
 1.54965e-11 1.682e-09 1.07648e-07 4.06233e-06 9.03934e-05 0.00118609 0.00917941 0.0419427 0.113615 0.185605 0.19518 0.158905 0.12503 0.0894613 0.0493236 0.0207952 0.00711219 0.00200471 0.000464218 8.70292e-05 1.23362e-05 1.21021e-06 7.74324e-08 3.14245e-09 8.00385e-11
 1.43129e-11 1.55353e-09 9.9426e-08 3.75205e-06 8.349e-05 0.00109554 0.00847965 0.0387632 0.105188 0.172952 0.185764 0.158729 0.132127 0.0990841 0.0582827 0.0267138 0.00957922 0.00257171 0.00050218 7.24011e-05 7.90374e-06 6.50235e-07 3.8659e-08 1.56941e-09 4.14377e-11
 1.38995e-11 1.50866e-09 9.65544e-08 3.64369e-06 8.10793e-05 0.00106393 0.0082357 0.0376592 0.102295 0.168737 0.182801 0.158495 0.133485 0.101376 0.0614035 0.0294504 0.011078 0.00310953 0.000627461 8.96744e-05 8.98018e-06 6.24012e-07 2.99608e-08 9.90997e-10 2.23253e-11
 1.65479e-11 1.79612e-09 1.14952e-07 4.33795e-06 9.65271e-05 0.00126659 0.00980265 0.0447902 0.121273 0.19742 0.203777 0.155742 0.111304 0.0768913 0.0451648 0.0215183 0.00810446 0.00229645 0.000472069 6.89306e-05 6.9911e-06 4.80753e-07 2.19854e-08 6.60028e-10 1.29e-11
 1.51281e-11 1.64201e-09 1.05089e-07 3.96576e-06 8.82468e-05 0.00115801 0.00896464 0.041 0.111401 0.183632 0.197245 0.164707 0.128234 0.0880022 0.0470863 0.0196777 0.00663337 0.0017604 0.000350528 5.04285e-05 5.07648e-06 3.47204e-07 1.57451e-08 4.64491e-10 8.78185e-12
 1.28076e-11 1.39014e-09 8.89694e-08 3.35749e-06 7.47136e-05 0.000980533 0.00759374 0.0347808 0.0949993 0.159453 0.180773 0.16825 0.146364 0.107781 0.0610092 0.0265213 0.00881269 0.00216424 0.000385115 4.9593e-05 4.57761e-06 2.94735e-07 1.28094e-08 3.65406e-10 6.69908e-12
 1.22011e-11 1.32431e-09 8.47565e-08 3.19852e-06 7.11772e-05 0.000934169 0.00723585 0.0331585 0.090707 0.15289 0.17499 0.165349 0.146916 0.11269 0.0683091 0.0320494 0.0112714 0.00284945 0.000506388 6.27276e-05 5.36484e-06 3.12687e-07 1.22496e-08 3.17894e-10 5.3772e-12
 1.36338e-11 1.47982e-09 9.47088e-08 3.57409e-06 7.95343e-05 0.00104382 0.00808391 0.0370204 0.100994 0.168424 0.186143 0.163161 0.133982 0.0989807 0.059841 0.0285658 0.0103653 0.00273266 0.00050717 6.47872e-05 5.57958e-06 3.18239e-07 1.18612e-08 2.85974e-10 4.4214e-12
 1.36011e-11 1.47628e-09 9.44824e-08 3.56558e-06 7.93467e-05 0.00104143 0.00806743 0.0369733 0.1011 0.169701 0.190291 0.16951 0.137717 0.0966761 0.0541127 0.0239251 0.00823536 0.002119 0.000391943 5.04799e-05 4.39769e-06 2.52729e-07 9.39572e-09 2.22704e-10 3.32892e-12
 1.40506e-11 1.52506e-09 9.76049e-08 3.68343e-06 8.19701e-05 0.00107589 0.00833485 0.038202 0.10445 0.175047 0.194754 0.169802 0.13413 0.092384 0.0508827 0.0217686 0.00706684 0.00168811 0.000290304 3.52574e-05 2.94724e-06 1.64741e-07 6.00222e-09 1.3973e-10 2.04757e-12
 1.42823e-11 1.55022e-09 9.9215e-08 3.74421e-06 8.33245e-05 0.00109374 0.00847443 0.0388582 0.106351 0.178569 0.198925 0.172267 0.133029 0.0885815 0.0469192 0.0192515 0.00598432 0.00136141 0.000220452 2.49064e-05 1.92499e-06 9.96894e-08 3.39064e-09 7.437e-11 1.03519e-12
 1.43087e-11 1.55308e-09 9.93986e-08 3.75118e-06 8.34817e-05 0.00109588 0.00849287 0.0389649 0.106794 0.179857 0.201249 0.174354 0.133141 0.0868593 0.0447855 0.0177255 0.00526366 0.0011359 0.000173578 1.8412e-05 1.32816e-06 6.37987e-08 2.00273e-09 4.04461e-11 5.18665e-13
 1.45364e-11 1.5778e-09 1.00981e-07 3.81092e-06 8.48135e-05 0.00111344 0.00863041 0.0396119 0.108654 0.183179 0.204741 0.175643 0.131283 0.0834856 0.0418844 0.0160322 0.00456564 0.000937247 0.00013522 1.34516e-05 9.05255e-07 4.04098e-08 1.17509e-09 2.19204e-11 2.58965e-13
 1.4974e-11 1.6253e-09 1.04021e-07 3.9257e-06 8.73698e-05 0.00114706 0.00889206 0.0408215 0.111992 0.188633 0.209534 0.176297 0.127539 0.0783466 0.0379997 0.0140166 0.00382786 0.000749861 0.000102652 9.62653e-06 6.06862e-07 2.52408e-08 6.81044e-10 1.17513e-11 1.28121e-13
 1.47575e-11 1.6018e-09 1.02518e-07 3.86904e-06 8.61135e-05 0.00113074 0.00876912 0.0403006 0.110864 0.187904 0.211133 0.1797 0.129539 0.0776473 0.0362062 0.0127238 0.00329577 0.000611023 7.89685e-05 6.96826e-06 4.11834e-07 1.60005e-08 4.0187e-10 6.43406e-12 6.49089e-14
 1.47824e-11 1.60451e-09 1.02692e-07 3.8757e-06 8.62658e-05 0.00113288 0.00878832 0.0404167 0.111346 0.189196 0.213092 0.180899 0.128938 0.0760337 0.034726 0.0118311 0.00292988 0.000513085 6.21309e-05 5.11344e-06 2.81235e-07 1.01558e-08 2.36837e-10 3.51648e-12 3.28548e-14
 1.46987e-11 1.59544e-09 1.02112e-07 3.85391e-06 8.57866e-05 0.00112677 0.0087446 0.0402553 0.111144 0.189656 0.214872 0.182821 0.129146 0.0747187 0.0332911 0.0110075 0.00262977 0.000441265 5.07795e-05 3.93577e-06 2.02189e-07 6.77874e-09 1.46222e-10 2.00426e-12 1.72722e-14
 1.34742e-11 1.46254e-09 9.36089e-08 3.53321e-06 7.86617e-05 0.00103367 0.00803192 0.0370927 0.103242 0.179558 0.211263 0.189322 0.138996 0.0811241 0.0356598 0.011475 0.00264342 0.000424871 4.6581e-05 3.42142e-06 1.65652e-07 5.20527e-09 1.04686e-10 1.33169e-12 1.0611e-14
 1.36223e-11 1.47862e-09 9.46393e-08 3.57219e-06 7.95343e-05 0.00104526 0.00812373 0.0375276 0.104454 0.181365 0.212039 0.187832 0.136887 0.0803283 0.0357161 0.0115268 0.00261811 0.000408121 4.28685e-05 2.99111e-06 1.36735e-07 4.03828e-09 7.60499e-11 9.02953e-13 6.69536e-15
#spawning biomass
 7625.81 8506.44 13838.9 22782.3 40638.2 51696.2 49279.2 51226.8 80943 107947 124428 169562 240524 256571 218509 190645 184450 188678 165526 172420 191367 201468 217154 234260 270646 252440 240656 217469 233828 7387.72 4285.87 4285.87 4285.87 4285.87 4285.87 4285.87 4285.87 4285.87 4285.87 4285.87 4285.87 4285.87 4285.87 4285.87 4285.87 4285.87 4285.87 4285.87 4285.87 4285.87 4285.87 4285.87 4285.87 4285.87 4285.87 4285.87 4285.87 4285.87 4285.87 4285.87 4285.87 4285.87 4285.87 4285.87 4285.87 4285.87 4285.87 4285.87 4285.87 4285.87 4285.87 4285.87 4285.87 4285.87 4285.87 4285.87 4285.87 4285.87 4285.87 4285.87 4285.87 4285.87 4285.87 4285.87 4285.87 4285.87 4285.87 4285.87 4285.87 4285.87 4285.87 4285.87 4285.87 4285.87 4285.87 4285.87 4285.87 4285.87 4285.87 4285.87 4285.87 4285.87 4285.87 4285.87 4285.87 4285.87 4285.87 4285.87 4285.87 4285.87 4285.87 4285.87 4285.87 4285.87 4285.87 4285.87 4285.87 4285.87 4285.87 4285.87 4285.87 4285.87 4285.87 4285.87 4285.87 4285.87 4285.87 4285.87 0 0 0 0 0 0 0 0 0 0 0 0 0 0 0 0 0 0 0 0 0 0 0 0 0
