SBPRF35
0.0418769
Curr Bio
1.39368e+06
B35
756200
F35
5.90471e+06
FOFL
5.90471e+06
OFL
2.1019e+06
Bzero
5436.39
#pred survey bio
 26685.3 18238.1 25603.2 26823.2 30190.6 38989.1 68649.3 99797.6 108087 195646 188479 169421 174561 218763 197433 205928 234753 186282 197587 207489 210103 205500 203138 239129 227073 242149 303612 205096 4.81231e+06 649982 110686 20511.5 12817.5 12224.8 12179.8 12176.4 12176.1 12176.1 12176.1 12176.1 12176.1 12176.1 12176.1 12176.1 12176.1 12176.1 12176.1 12176.1 12176.1 12176.1 12176.1 12176.1 12176.1 12176.1 12176.1 12176.1 12176.1 12176.1 12176.1 12176.1 12176.1 12176.1 12176.1 12176.1 12176.1 12176.1 12176.1 12176.1 12176.1 12176.1 12176.1 12176.1 12176.1 12176.1 12176.1 12176.1 12176.1 12176.1 12176.1 12176.1 12176.1 12176.1 12176.1 12176.1 12176.1 12176.1 12176.1 12176.1 12176.1 12176.1 12176.1 12176.1 12176.1 12176.1 12176.1 12176.1 12176.1 12176.1 12176.1 12176.1 12176.1 12176.1 12176.1 12176.1 12176.1 12176.1 12176.1 12176.1 12176.1 12176.1 12176.1 12176.1 12176.1 12176.1 12176.1 12176.1 12176.1 12176.1 12176.1 12176.1 12176.1 12176.1 12176.1 12176.1 12176.1 12176.1 12176.1 12176.1 0 0 0 0 0 0 0 0 0 0 0 0 0 0 0 0 0 0 0 0 0 0 0 0 0
#obs survey bio
 23295.8 18456 24976.8 23585.2 37212.4 37081 70623.8 98192.5 104253 211400 220223 155860 161137 207187 169094 199070 294356 157264 197421 196621 196238 264286 191685 249704 232578 194083 339249 156230
#pred catch bio
 26589.1 15497.8 13648.5 11081.1 22251.4 36574.2 45792 59519.4 79326.2 111528 129793 136025 182633 184216 168235 205820 196508 184889 216492 196466 203063 175325 248736 225527 220640 201747 228404 211450 2.1019e+06 6611.69 6611.69 6611.69 6611.69 6611.69 6611.69 6611.69 6611.69 6611.69 6611.69 6611.69 6611.69 6611.69 6611.69 6611.69 6611.69 6611.69 6611.69 6611.69 6611.69 6611.69 6611.69 6611.69 6611.69 6611.69 6611.69 6611.69 6611.69 6611.69 6611.69 6611.69 6611.69 6611.69 6611.69 6611.69 6611.69 6611.69 6611.69 6611.69 6611.69 6611.69 6611.69 6611.69 6611.69 6611.69 6611.69 6611.69 6611.69 6611.69 6611.69 6611.69 6611.69 6611.69 6611.69 6611.69 6611.69 6611.69 6611.69 6611.69 6611.69 6611.69 6611.69 6611.69 6611.69 6611.69 6611.69 6611.69 6611.69 6611.69 6611.69 6611.69 6611.69 6611.69 6611.69 6611.69 6611.69 6611.69 6611.69 6611.69 6611.69 6611.69 6611.69 6611.69 6611.69 6611.69 6611.69 6611.69 6611.69 6611.69 6611.69 6611.69 6611.69 6611.69 6611.69 6611.69 6611.69 6611.69 6611.69 6611.69 0 0 0 0 0 0 0 0 0 0 0 0 0 0 0 0 0 0 0 0 0 0 0 0 0
#obs catch bio
 15295.7 15503.2 14482.4 10990.7 22615.1 38789.4 45515.4 59184.7 80354.5 109791 129669 134669 184288 180977 165459 204969 192928 182008 214328 194581 201902 170821 251893 219923 222281 198285 223430 212440
#pred cpue bio
 27134.1 18435.2 25320.6 26741.2 29416.2 37024.2 63894.7 93169.2 100320 180919 174418 156762 161974 203115 181852 188511 212827 167614 178702 184639 182993 177332 174125 205103 191750 200427 255169 173560 4.08973e+06 670602 114825 18250.8 10423.9 9829.45 9784.4 9781 9780.74 9780.72 9780.72 9780.72 9780.72 9780.72 9780.72 9780.72 9780.72 9780.72 9780.72 9780.72 9780.72 9780.72 9780.72 9780.72 9780.72 9780.72 9780.72 9780.72 9780.72 9780.72 9780.72 9780.72 9780.72 9780.72 9780.72 9780.72 9780.72 9780.72 9780.72 9780.72 9780.72 9780.72 9780.72 9780.72 9780.72 9780.72 9780.72 9780.72 9780.72 9780.72 9780.72 9780.72 9780.72 9780.72 9780.72 9780.72 9780.72 9780.72 9780.72 9780.72 9780.72 9780.72 9780.72 9780.72 9780.72 9780.72 9780.72 9780.72 9780.72 9780.72 9780.72 9780.72 9780.72 9780.72 9780.72 9780.72 9780.72 9780.72 9780.72 9780.72 9780.72 9780.72 9780.72 9780.72 9780.72 9780.72 9780.72 9780.72 9780.72 9780.72 9780.72 9780.72 9780.72 9780.72 9780.72 9780.72 9780.72 9780.72 9780.72 9780.72 0 0 0 0 0 0 0 0 0 0 0 0 0 0 0 0 0 0 0 0 0 0 0 0 0
#obs cpue bio
 14756.3 18454.4 26358.5 24692.5 24518.2 29912 64543.5 101512 88147.6 200191 151451 172753 164239 238832 219955 196324 193379 202140 185257 202784 205198 150144 176410 216868 183224 258869 272301 213244
#pred surv len freq
 3.58318e-12 3.8892e-10 2.48908e-08 9.39308e-07 2.09013e-05 0.000274268 0.00212333 0.00972187 0.0266459 0.0462896 0.0626173 0.0897824 0.125895 0.13665 0.119487 0.0983075 0.0771223 0.0565403 0.0406557 0.0297798 0.0229396 0.0190586 0.0163329 0.0124956 0.00725972
 7.00824e-12 7.60677e-10 4.86832e-08 1.83716e-06 4.08795e-05 0.000536388 0.00415123 0.0189743 0.0515599 0.0860292 0.100873 0.114028 0.139416 0.145933 0.125333 0.0961427 0.061585 0.0300899 0.0122553 0.00528369 0.00283723 0.00188349 0.00141987 0.00103128 0.000595853
 9.56753e-12 1.03846e-09 6.64615e-08 2.50806e-06 5.58078e-05 0.000732248 0.00566641 0.0258852 0.070139 0.11542 0.127968 0.127562 0.139625 0.135311 0.104291 0.07102 0.0430433 0.0210322 0.00821256 0.0026953 0.000801722 0.000272715 0.000135728 8.35894e-05 4.57962e-05
 8.24852e-12 8.95297e-10 5.72989e-08 2.16229e-06 4.81141e-05 0.000631312 0.0048858 0.02233 0.0606546 0.101008 0.1175 0.130242 0.154412 0.151342 0.112752 0.0723919 0.0416855 0.0195669 0.00736623 0.0023444 0.000637143 0.000149304 3.52964e-05 1.16709e-05 5.02932e-06
 1.16263e-11 1.26192e-09 8.07626e-08 3.04773e-06 6.78161e-05 0.000889792 0.00688489 0.0314361 0.08497 0.138138 0.145378 0.126366 0.121321 0.114285 0.0917758 0.0664557 0.0414265 0.0199626 0.00750089 0.00234882 0.000622109 0.000137432 2.55977e-05 4.40559e-06 9.09024e-07
 1.29616e-11 1.40686e-09 9.00387e-08 3.39778e-06 7.56052e-05 0.000991991 0.00767571 0.0350479 0.0947458 0.154134 0.162656 0.142081 0.134651 0.117608 0.0772245 0.0407918 0.0197363 0.00842241 0.00298233 0.000891224 0.000224869 4.70102e-05 8.1289e-06 1.16546e-06 1.43895e-07
 1.45183e-11 1.57582e-09 1.00852e-07 3.80585e-06 8.46851e-05 0.00111112 0.00859712 0.0392471 0.105987 0.17153 0.176854 0.14403 0.125194 0.104737 0.0668256 0.033551 0.0148715 0.0054856 0.00150607 0.000315848 5.75517e-05 9.8249e-06 1.51576e-06 1.98461e-07 2.11809e-08
 1.42415e-11 1.54578e-09 9.89295e-08 3.73329e-06 8.30706e-05 0.00108994 0.0084333 0.0385009 0.103994 0.168487 0.17457 0.144347 0.127901 0.107757 0.0685152 0.0340191 0.0149125 0.00549379 0.00151733 0.000314272 5.19857e-05 7.02018e-06 7.81764e-07 7.59207e-08 6.6182e-09
 1.47512e-11 1.6011e-09 1.0247e-07 3.86692e-06 8.60439e-05 0.00112894 0.008735 0.0398752 0.107665 0.1741 0.178823 0.14389 0.123102 0.102295 0.0652967 0.0329418 0.0147073 0.00546741 0.00151063 0.000311746 5.13591e-05 6.85042e-06 7.18942e-07 5.91066e-08 3.88876e-09
 1.49406e-11 1.62166e-09 1.03786e-07 3.91657e-06 8.71486e-05 0.00114344 0.00884712 0.0403866 0.109039 0.17627 0.180804 0.144821 0.122992 0.101355 0.0635857 0.0309496 0.0132598 0.00481444 0.0013191 0.000271443 4.45946e-05 5.9175e-06 6.15612e-07 4.9683e-08 3.10346e-09
 1.48948e-11 1.61669e-09 1.03468e-07 3.90455e-06 8.68812e-05 0.00113993 0.00881998 0.0402629 0.108708 0.175756 0.180375 0.144734 0.123231 0.101731 0.0639594 0.0312528 0.0134346 0.00486845 0.00132053 0.000266616 4.28594e-05 5.60568e-06 5.79731e-07 4.66488e-08 2.89678e-09
 1.48096e-11 1.60744e-09 1.02876e-07 3.88221e-06 8.63842e-05 0.00113341 0.00876958 0.0400338 0.108103 0.174884 0.17998 0.145681 0.125362 0.10353 0.0641376 0.0302149 0.0123781 0.0043187 0.00113061 0.000216886 3.26449e-05 4.01468e-06 3.95026e-07 3.05482e-08 1.84508e-09
 1.45497e-11 1.57923e-09 1.0107e-07 3.81409e-06 8.48683e-05 0.00111352 0.00861577 0.0393333 0.106233 0.172038 0.177886 0.146122 0.12813 0.106546 0.0657315 0.0305072 0.0122173 0.00416297 0.00105469 0.000190761 2.63095e-05 2.94569e-06 2.65725e-07 1.89096e-08 1.05905e-09
 1.4408e-11 1.56385e-09 1.00086e-07 3.77695e-06 8.4042e-05 0.00110268 0.00853195 0.0389518 0.105221 0.17054 0.176997 0.147056 0.130694 0.108878 0.0662789 0.0296653 0.0112641 0.00366897 0.000891427 0.000150874 1.86938e-05 1.84043e-06 1.46492e-07 9.2013e-09 4.54362e-10
 1.51167e-11 1.64077e-09 1.05009e-07 3.96272e-06 8.81757e-05 0.00115691 0.00895137 0.0408622 0.11032 0.178311 0.182758 0.146001 0.123384 0.100866 0.0619949 0.0287703 0.011504 0.0038841 0.000958597 0.000163382 2.02746e-05 1.97005e-06 1.50294e-07 8.70498e-09 3.8273e-10
 1.54996e-11 1.68233e-09 1.07669e-07 4.06309e-06 9.04089e-05 0.00118621 0.00917799 0.0418951 0.113086 0.182598 0.186287 0.146576 0.12117 0.0976521 0.059107 0.0265972 0.0102104 0.00336589 0.000830933 0.0001447 1.86865e-05 1.89595e-06 1.48831e-07 8.69743e-09 3.77151e-10
 1.60763e-11 1.74493e-09 1.11675e-07 4.21427e-06 9.37728e-05 0.00123034 0.00951936 0.0434508 0.117251 0.189048 0.191573 0.14736 0.117718 0.0927556 0.0548467 0.0234869 0.00835734 0.00258424 0.000608323 9.96137e-05 1.17207e-05 1.07793e-06 7.97735e-08 4.60129e-09 2.01945e-10
 1.65727e-11 1.79881e-09 1.15124e-07 4.34441e-06 9.66686e-05 0.00126834 0.0098132 0.0447896 0.120829 0.194539 0.195833 0.147237 0.113532 0.0877494 0.0515506 0.0219626 0.00775786 0.00238059 0.00055539 8.94198e-05 1.01745e-05 8.87508e-07 6.14118e-08 3.27161e-09 1.31961e-10
 1.61596e-11 1.75397e-09 1.12254e-07 4.23611e-06 9.42588e-05 0.00123672 0.0095687 0.043676 0.117858 0.190025 0.19255 0.148061 0.11811 0.0926252 0.0539482 0.022181 0.00735869 0.00213554 0.000482422 7.55949e-05 8.25847e-06 6.80557e-07 4.43996e-08 2.23538e-09 8.44617e-11
 1.71873e-11 1.86551e-09 1.19393e-07 4.5055e-06 0.000100253 0.00131536 0.0101769 0.0464471 0.125264 0.201388 0.201348 0.14775 0.109361 0.0822052 0.0471475 0.0191029 0.00618772 0.00175047 0.000386089 5.8249e-05 5.9059e-06 4.32357e-07 2.48121e-08 1.12543e-09 3.89754e-11
 1.84142e-11 1.99869e-09 1.27916e-07 4.82714e-06 0.00010741 0.00140926 0.0109031 0.0497555 0.134106 0.214946 0.211813 0.147273 0.0987528 0.0696543 0.0390679 0.0155731 0.00492347 0.00136223 0.00029772 4.49951e-05 4.60896e-06 3.42346e-07 1.97057e-08 8.68373e-10 2.80359e-11
 1.88473e-11 2.0457e-09 1.30924e-07 4.94067e-06 0.000109936 0.0014424 0.0111595 0.0509236 0.137231 0.219766 0.215669 0.147549 0.0956818 0.0656579 0.0359964 0.0136744 0.00392479 0.000976183 0.000200272 2.9241e-05 2.88703e-06 2.03256e-07 1.1047e-08 4.68742e-10 1.48793e-11
 1.91993e-11 2.0839e-09 1.3337e-07 5.03295e-06 0.000111989 0.00146934 0.0113678 0.0518727 0.139766 0.223645 0.218615 0.147259 0.0924052 0.0619076 0.0337562 0.0128894 0.00375314 0.000949244 0.000196256 2.85651e-05 2.77829e-06 1.89798e-07 9.90162e-09 4.03335e-10 1.23131e-11
 1.91021e-11 2.07335e-09 1.32694e-07 5.00746e-06 0.000111422 0.0014619 0.0113103 0.0516109 0.139071 0.222614 0.217992 0.147865 0.0941075 0.0634563 0.0341136 0.0123323 0.00314708 0.000663684 0.000120453 1.62997e-05 1.47198e-06 8.87507e-08 3.86322e-09 1.31472e-10 3.5054e-12
 1.98968e-11 2.1596e-09 1.38214e-07 5.21578e-06 0.000116057 0.00152271 0.0117806 0.0537533 0.144792 0.231357 0.224587 0.147053 0.0864742 0.054838 0.0291331 0.0107887 0.00295322 0.000690363 0.000134815 1.87526e-05 1.69602e-06 1.00591e-07 4.22076e-09 1.35671e-10 3.3486e-12
 2.07663e-11 2.25398e-09 1.44254e-07 5.44371e-06 0.000121129 0.00158925 0.0122952 0.0560978 0.151057 0.24096 0.231978 0.146644 0.0788497 0.0458746 0.0234416 0.00839027 0.00214483 0.000455033 8.30226e-05 1.12729e-05 1.02174e-06 6.19297e-08 2.70243e-09 9.0467e-11 2.27691e-12
 2.0093e-11 2.1809e-09 1.39578e-07 5.26722e-06 0.000117202 0.00153773 0.0118968 0.0542826 0.146208 0.233535 0.226309 0.147109 0.0849778 0.0529588 0.0277736 0.0100282 0.00258685 0.00055591 0.00010254 1.40352e-05 1.28643e-06 7.97019e-08 3.60632e-09 1.26019e-10 3.30727e-12
 1.97878e-11 2.14777e-09 1.37457e-07 5.1872e-06 0.000115421 0.00151437 0.0117161 0.0534595 0.144008 0.23016 0.223696 0.147199 0.0875745 0.0560541 0.0297981 0.0109481 0.00293625 0.00066784 0.00012835 1.7869e-05 1.64672e-06 1.02224e-07 4.63564e-09 1.62841e-10 4.32217e-12
#obs surv len freq
 4.20148e-11 3.89379e-09 2.12779e-07 6.85603e-06 0.000130259 0.00145929 0.00964157 0.0375995 0.0869274 0.121919 0.115573 0.102341 0.109321 0.116759 0.111174 0.0899288 0.0563525 0.0267436 0.0100881 0.00311099 0.000762022 0.000140999 1.88244e-05 1.745e-06 1.08805e-07
 2.24893e-11 2.01022e-09 1.0595e-07 3.29263e-06 6.03377e-05 0.000652071 0.00415898 0.0157174 0.0359275 0.0547166 0.0745554 0.115329 0.16062 0.171307 0.149519 0.110716 0.0645695 0.0285886 0.00997294 0.00282504 0.000636548 0.000108905 1.34868e-05 1.1593e-06 6.68711e-08
 1.42792e-10 1.22892e-08 6.2363e-07 1.86603e-05 0.00032923 0.00342506 0.0210107 0.0760118 0.162312 0.205495 0.158131 0.0847044 0.0527049 0.0578554 0.0679376 0.0585054 0.0335485 0.013102 0.00380412 0.000897811 0.000174776 2.66286e-05 2.98311e-06 2.33854e-07 1.23585e-08
 1.27656e-10 1.0561e-08 5.15176e-07 1.48182e-05 0.00025132 0.00251353 0.0148292 0.0517083 0.107634 0.140571 0.139896 0.148035 0.156678 0.122478 0.0664117 0.0290864 0.0125085 0.00514151 0.00172462 0.000429192 7.7329e-05 1.01645e-05 9.75776e-07 6.68126e-08 3.14286e-09
 1.80468e-10 1.433e-08 6.70931e-07 1.85224e-05 0.000301515 0.00289421 0.0163858 0.0547854 0.108896 0.133135 0.116291 0.104832 0.114048 0.12016 0.108336 0.0741329 0.0339291 0.0097861 0.00180373 0.000235818 2.64231e-05 2.74475e-06 2.31686e-07 1.39736e-08 5.71561e-10
 3.19978e-10 2.43512e-08 1.09271e-06 2.89121e-05 0.000451072 0.00414974 0.0225169 0.0721506 0.137407 0.160715 0.133234 0.11116 0.107724 0.0969546 0.0749116 0.0473805 0.0221017 0.00718857 0.00163304 0.000260809 2.89314e-05 2.21968e-06 1.21939e-07 5.07037e-09 1.60938e-10
 4.21979e-10 3.07366e-08 1.3201e-06 3.34308e-05 0.000499207 0.00439581 0.0228338 0.0701014 0.128469 0.147635 0.129202 0.12224 0.123828 0.106673 0.0760396 0.043637 0.0181314 0.00511823 0.00100059 0.000144331 1.59127e-05 1.29834e-06 7.38391e-08 2.80775e-09 7.04104e-11
 5.9448e-10 4.13917e-08 1.69932e-06 4.11365e-05 0.000587184 0.00494254 0.0245436 0.0720593 0.126515 0.140458 0.12203 0.117941 0.122477 0.110718 0.0834749 0.0485881 0.0194932 0.00511552 0.000892693 0.000109767 1.00698e-05 6.99679e-07 3.58758e-08 1.30337e-09 3.22123e-11
 9.06776e-10 6.02791e-08 2.36277e-06 5.46091e-05 0.000744224 0.00598106 0.0283591 0.0795268 0.13358 0.142918 0.122221 0.117747 0.119983 0.105845 0.0776162 0.043569 0.0167928 0.00424808 0.000718322 8.51477e-05 7.32431e-06 4.56516e-07 2.02061e-08 6.24468e-10 1.3294e-11
 1.26064e-09 7.99211e-08 2.98759e-06 6.58519e-05 0.000855887 0.00656022 0.0296727 0.0794685 0.128207 0.135102 0.121451 0.12525 0.12802 0.109577 0.0768658 0.0406174 0.0144596 0.00328965 0.000481917 4.77751e-05 3.42118e-06 1.83364e-07 7.23455e-09 2.01687e-10 3.83379e-12
 1.82749e-09 1.10376e-07 3.93081e-06 8.25428e-05 0.00102207 0.00746356 0.0321673 0.0821517 0.126862 0.130027 0.118054 0.124458 0.128602 0.112124 0.07917 0.040743 0.0137473 0.00290296 0.000384445 3.30997e-05 1.96233e-06 8.43064e-08 2.66191e-09 6.06077e-11 9.68532e-13
 2.6168e-09 1.50423e-07 5.09852e-06 0.000101898 0.00120086 0.00834669 0.0342499 0.0833988 0.12365 0.125153 0.11849 0.12935 0.132548 0.113124 0.0773645 0.0380604 0.0121875 0.00243752 0.000305733 2.48816e-05 1.37998e-06 5.41259e-08 1.5056e-09 2.91097e-11 3.84037e-13
 3.64496e-09 1.99234e-07 6.42127e-06 0.000122031 0.00136752 0.00903906 0.0352866 0.0819054 0.116862 0.118004 0.118042 0.133985 0.138022 0.117665 0.0789605 0.0371929 0.0112056 0.00207875 0.000237376 1.71231e-05 8.18111e-07 2.73117e-08 6.55631e-10 1.11968e-11 1.32055e-13
 5.29225e-09 2.74834e-07 8.41566e-06 0.000151949 0.00161782 0.0101606 0.0377017 0.0833295 0.114162 0.114025 0.117319 0.135187 0.139629 0.119296 0.0788658 0.0359548 0.0104568 0.00189736 0.000218059 1.64702e-05 8.4938e-07 3.0319e-08 7.37035e-10 1.19077e-11 1.26177e-13
 8.39591e-09 4.13927e-07 1.20329e-05 0.000206256 0.00208483 0.0124311 0.0438023 0.0920314 0.120423 0.116683 0.118531 0.133988 0.135319 0.11264 0.0713823 0.0306612 0.00828157 0.00137165 0.000140294 9.14424e-06 3.99711e-07 1.23341e-08 2.73872e-10 4.28409e-12 4.55129e-14
 1.14472e-08 5.35407e-07 1.47658e-05 0.000240119 0.00230271 0.0130293 0.0436116 0.0874889 0.111833 0.113362 0.126195 0.145478 0.14194 0.112297 0.0671335 0.0270743 0.00683995 0.00105377 9.91964e-05 5.8353e-06 2.23393e-07 5.84252e-09 1.07787e-10 1.40104e-12 1.25599e-14
 1.98646e-08 8.80905e-07 2.30339e-05 0.000355143 0.00322905 0.0173214 0.0549462 0.10427 0.125032 0.116213 0.11844 0.132061 0.130691 0.105082 0.0618394 0.0238859 0.00570493 0.000826789 7.30561e-05 4.02486e-06 1.43618e-07 3.46737e-09 5.81657e-11 6.74702e-13 5.29081e-15
 2.46761e-08 1.03698e-06 2.56955e-05 0.000375448 0.00323535 0.016457 0.0496256 0.090601 0.109911 0.116638 0.138308 0.154359 0.139589 0.101038 0.0546361 0.0198817 0.00458736 0.000664706 6.18142e-05 3.81932e-06 1.60557e-07 4.56997e-09 8.5861e-11 1.0393e-12 8.0136e-15
 3.65246e-08 1.45394e-06 3.41268e-05 0.000472338 0.00385562 0.0185784 0.0530785 0.0918754 0.105992 0.108228 0.12716 0.14759 0.144733 0.111525 0.0605246 0.0211267 0.0045616 0.00060857 5.14243e-05 2.87459e-06 1.11229e-07 3.03871e-09 5.77087e-11 7.3807e-13 6.17832e-15
 6.87695e-08 2.59227e-06 5.76174e-05 0.000755149 0.00583699 0.0266305 0.0720053 0.117676 0.126859 0.118138 0.125791 0.134351 0.12192 0.0873479 0.0444459 0.0146978 0.00305011 0.000399694 3.41128e-05 1.96801e-06 7.82649e-08 2.12747e-09 3.86795e-11 4.62673e-13 3.61457e-15
 8.29763e-08 2.96115e-06 6.23106e-05 0.000773188 0.0056594 0.0244738 0.0630119 0.10015 0.113465 0.12552 0.149883 0.154868 0.12748 0.0823115 0.0382235 0.0116201 0.00221092 0.000262787 2.00549e-05 1.02791e-06 3.6837e-08 9.32209e-10 1.63123e-11 1.91504e-13 1.47159e-15
 1.46117e-07 4.93588e-06 9.83157e-05 0.00115477 0.00800003 0.0327295 0.0795459 0.118135 0.120716 0.115835 0.128526 0.1376 0.122896 0.0832267 0.0382499 0.0110821 0.00196944 0.000215301 1.48347e-05 6.70981e-07 2.08096e-08 4.52863e-10 6.86496e-12 7.08724e-14 4.88016e-16
 1.74614e-07 5.5831e-06 0.000105262 0.00117034 0.00767752 0.0297909 0.0691993 0.10158 0.114143 0.133479 0.158521 0.154843 0.11941 0.0709745 0.0296259 0.00798372 0.00134044 0.000140513 9.43953e-06 4.2175e-07 1.28858e-08 2.69733e-10 3.79826e-12 3.52904e-14 2.14046e-16
 2.50018e-07 7.56656e-06 0.000135028 0.00142101 0.00882361 0.0324094 0.0712731 0.0991275 0.106035 0.120698 0.1466 0.155406 0.132016 0.0820929 0.0337769 0.00867134 0.00136507 0.000133002 8.25354e-06 3.39746e-07 9.60832e-09 1.88415e-10 2.51911e-12 2.24083e-14 1.30087e-16
 4.50015e-07 1.28916e-05 0.000217765 0.00216927 0.0127499 0.0443237 0.0922052 0.120962 0.120802 0.126669 0.141558 0.137942 0.107775 0.0620689 0.0238436 0.00575578 0.000858925 8.02142e-05 4.83466e-06 1.95071e-07 5.38859e-09 1.01525e-10 1.27895e-12 1.05745e-14 5.67628e-17
 4.59912e-07 1.24725e-05 0.000199456 0.00188131 0.0104784 0.0346523 0.0697808 0.0948932 0.114316 0.148004 0.171953 0.156877 0.11174 0.0589297 0.0209043 0.00467424 0.00064466 5.52804e-05 3.03292e-06 1.10795e-07 2.78394e-09 4.84143e-11 5.72363e-13 4.49038e-15 2.29385e-17
 5.72358e-07 1.46958e-05 0.000222503 0.0019871 0.0104812 0.0328533 0.0629493 0.0826564 0.0994436 0.133033 0.166744 0.171266 0.134337 0.0728075 0.0251387 0.00532304 0.000686003 5.44493e-05 2.7359e-06 9.04192e-08 2.03455e-09 3.15522e-11 3.33104e-13 2.34395e-15 1.08081e-17
 8.32623e-07 2.02431e-05 0.000290223 0.00245452 0.0122656 0.0364933 0.0669074 0.0863639 0.10598 0.141708 0.170843 0.166281 0.122864 0.0625847 0.020333 0.00406989 0.000500222 3.84002e-05 1.89876e-06 6.25306e-08 1.39704e-09 2.1055e-11 2.09938e-13 1.36123e-15 5.6871e-18
#pred catch len freq
 4.25039e-12 4.61339e-10 2.95257e-08 1.11421e-06 2.47932e-05 0.000325338 0.00251872 0.0115324 0.0316103 0.0549303 0.0743474 0.10638 0.147214 0.153068 0.121121 0.0873427 0.0620915 0.0426388 0.0293465 0.0210165 0.0160455 0.013293 0.0113839 0.00870812 0.00505916
 7.03682e-12 7.63779e-10 4.88818e-08 1.84465e-06 4.10463e-05 0.000538581 0.00416837 0.0190565 0.051837 0.0869203 0.103849 0.121566 0.150828 0.153945 0.123349 0.0869476 0.05269 0.0248316 0.00970358 0.00400538 0.00210001 0.00138431 0.00104206 0.00075669 0.000437183
 8.83891e-12 9.59379e-10 6.14001e-08 2.31705e-06 5.15578e-05 0.000676492 0.00523524 0.0239223 0.0649132 0.107567 0.122699 0.130459 0.149969 0.145667 0.108499 0.0699081 0.0405143 0.019191 0.00727531 0.00232447 0.000678163 0.000227798 0.000112766 6.93752e-05 3.80039e-05
 7.27929e-12 7.90097e-10 5.05661e-08 1.90821e-06 4.24607e-05 0.000557144 0.00431219 0.0197176 0.0536846 0.0904116 0.109773 0.132113 0.165104 0.16292 0.118808 0.0733562 0.0408073 0.0186722 0.00684808 0.00212532 0.000567713 0.000131716 3.0951e-05 1.02033e-05 4.39384e-06
 1.14924e-11 1.24739e-09 7.98327e-08 3.01264e-06 6.70353e-05 0.000879551 0.00680579 0.0310783 0.0840486 0.137007 0.145893 0.13099 0.129513 0.120562 0.0912844 0.0609163 0.0358252 0.0166483 0.0060447 0.00183187 0.000474422 0.000103516 1.91528e-05 3.28457e-06 6.76552e-07
 1.29298e-11 1.40341e-09 8.9818e-08 3.38945e-06 7.54199e-05 0.000989561 0.00765699 0.0349642 0.0945438 0.154002 0.163422 0.144955 0.139317 0.120949 0.0764602 0.03707 0.0161781 0.00642923 0.00216888 0.000623432 0.000153274 3.15891e-05 5.42096e-06 7.74157e-07 9.53987e-08
 1.39329e-11 1.51228e-09 9.6786e-08 3.65241e-06 8.12708e-05 0.00106632 0.00825071 0.0376697 0.101782 0.16517 0.172376 0.145673 0.132407 0.112134 0.070037 0.0332055 0.0137111 0.00482734 0.00128798 0.000261904 4.60636e-05 7.66132e-06 1.16703e-06 1.52e-07 1.61868e-08
 1.3544e-11 1.47007e-09 9.40845e-08 3.55046e-06 7.90024e-05 0.00103656 0.00802054 0.0366211 0.0989806 0.160878 0.169084 0.145893 0.135871 0.116164 0.072534 0.0342013 0.0140397 0.00494787 0.00132934 0.000267796 4.3029e-05 5.68415e-06 6.24392e-07 6.01247e-08 5.21679e-09
 1.42819e-11 1.55016e-09 9.92102e-08 3.74389e-06 8.33063e-05 0.00109303 0.00845726 0.0386108 0.104298 0.169033 0.175383 0.145622 0.129518 0.108642 0.0676882 0.0320731 0.0132564 0.00468517 0.00125579 0.000251503 4.01496e-05 5.23042e-06 5.41414e-07 4.41554e-08 2.89079e-09
 1.42197e-11 1.54341e-09 9.87782e-08 3.72758e-06 8.29436e-05 0.00108827 0.00842047 0.0384434 0.103855 0.168387 0.175052 0.146193 0.130886 0.109818 0.067838 0.0314578 0.0126396 0.00438878 0.00116963 0.000234157 3.7376e-05 4.85362e-06 4.98546e-07 3.99345e-08 2.48314e-09
 1.4443e-11 1.56764e-09 1.00329e-07 3.78611e-06 8.42458e-05 0.00110535 0.0085526 0.0390456 0.105466 0.170871 0.177035 0.146323 0.129288 0.107761 0.0662895 0.0305216 0.0121359 0.00416903 0.00109606 0.000214851 3.34643e-05 4.27151e-06 4.35461e-07 3.47546e-08 2.1478e-09
 1.45523e-11 1.57951e-09 1.01088e-07 3.81476e-06 8.48834e-05 0.00111372 0.00861733 0.039341 0.106263 0.172154 0.178325 0.147266 0.129844 0.107634 0.0651402 0.0288091 0.0107912 0.00352817 0.0008913 0.000165864 2.41379e-05 2.88604e-06 2.79133e-07 2.13789e-08 1.28408e-09
 1.47475e-11 1.6007e-09 1.02445e-07 3.86595e-06 8.60223e-05 0.00112866 0.00873292 0.0398679 0.107676 0.174361 0.180221 0.147825 0.129123 0.106278 0.063584 0.0273527 0.00979609 0.00307034 0.000745209 0.000130577 1.73687e-05 1.87984e-06 1.65855e-07 1.16573e-08 6.48273e-10
 1.4219e-11 1.54334e-09 9.87733e-08 3.7274e-06 8.29395e-05 0.00108822 0.00842012 0.0384431 0.103871 0.168555 0.175877 0.148481 0.134379 0.112138 0.0668681 0.0282337 0.0097766 0.00295964 0.000692871 0.000114367 1.37514e-05 1.30991e-06 1.0172e-07 6.29779e-09 3.08407e-10
 1.49701e-11 1.62487e-09 1.03991e-07 3.92431e-06 8.73209e-05 0.0011457 0.00886467 0.0404681 0.109278 0.176802 0.182033 0.1475 0.12684 0.103781 0.062262 0.0270853 0.00985983 0.00310856 0.000741703 0.000123417 1.48693e-05 1.39927e-06 1.04255e-07 5.9554e-09 2.59631e-10
 1.56344e-11 1.69696e-09 1.08605e-07 4.09843e-06 9.11952e-05 0.00119653 0.00925783 0.0422596 0.11407 0.184194 0.187945 0.147919 0.122123 0.097646 0.0575498 0.0241761 0.00833381 0.00252235 0.000596061 0.000100766 1.25854e-05 1.2353e-06 9.4779e-08 5.46695e-09 2.35165e-10
 1.59237e-11 1.72837e-09 1.10615e-07 4.17428e-06 9.28831e-05 0.00121867 0.00942911 0.0430402 0.116161 0.187436 0.190621 0.148381 0.120495 0.0952572 0.0553813 0.0225178 0.00731878 0.00208914 0.000471685 7.53278e-05 8.61585e-06 7.66574e-07 5.52371e-08 3.13589e-09 1.36401e-10
 1.66761e-11 1.81003e-09 1.15842e-07 4.3715e-06 9.72713e-05 0.00127625 0.00987439 0.0450689 0.121583 0.195755 0.197064 0.148159 0.114098 0.0876335 0.0503987 0.0202554 0.00645509 0.00180554 0.000401481 6.2939e-05 6.96048e-06 5.86628e-07 3.94225e-08 2.06273e-09 8.23367e-11
 1.64509e-11 1.78559e-09 1.14277e-07 4.31247e-06 9.59579e-05 0.00125901 0.00974113 0.0444621 0.119966 0.193309 0.195346 0.148804 0.11689 0.0904821 0.0516086 0.0200868 0.00599427 0.00156253 0.000332714 5.06009e-05 5.37464e-06 4.27688e-07 2.70213e-08 1.33274e-09 4.977e-11
 1.72212e-11 1.8692e-09 1.19628e-07 4.5144e-06 0.000100451 0.00131796 0.010197 0.0465391 0.125515 0.201814 0.201881 0.148407 0.110083 0.0825107 0.046591 0.0180197 0.00532066 0.00136674 0.000285794 4.20605e-05 4.17465e-06 2.96682e-07 1.64675e-08 7.28567e-10 2.48692e-11
 1.84872e-11 2.00661e-09 1.28423e-07 4.84627e-06 0.000107835 0.00141484 0.0109463 0.0499526 0.134636 0.215792 0.212621 0.147755 0.0988956 0.0694057 0.0383339 0.0146122 0.00421392 0.0010544 0.000217514 3.1991e-05 3.20301e-06 2.30816e-07 1.28643e-08 5.53963e-10 1.76498e-11
 1.87367e-11 2.03369e-09 1.30156e-07 4.91168e-06 0.000109291 0.00143394 0.011094 0.0506256 0.136437 0.218571 0.214855 0.147948 0.0971776 0.067136 0.0365473 0.0134683 0.00359654 0.000813352 0.00015661 2.21958e-05 2.14554e-06 1.46966e-07 7.73639e-09 3.20166e-10 1.00145e-11
 1.95759e-11 2.12478e-09 1.35985e-07 5.13167e-06 0.000114186 0.00149816 0.0115907 0.0528883 0.142482 0.227828 0.22193 0.147395 0.0895777 0.0583309 0.0311354 0.0113896 0.00301391 0.000673016 0.000128182 1.79814e-05 1.70831e-06 1.13332e-07 5.70478e-09 2.2562e-10 6.76682e-12
 1.91165e-11 2.07491e-09 1.32794e-07 5.01122e-06 0.000111506 0.001463 0.0113188 0.0516497 0.139176 0.222787 0.218186 0.148054 0.0942782 0.0634987 0.0339215 0.0120039 0.00289071 0.000551677 9.17889e-05 1.19017e-05 1.05304e-06 6.22215e-08 2.62997e-09 8.66183e-11 2.25448e-12
 1.99609e-11 2.16657e-09 1.3866e-07 5.23259e-06 0.000116432 0.00152762 0.0118186 0.0539265 0.145257 0.232082 0.225213 0.147244 0.0862467 0.0543916 0.0286021 0.0102854 0.00261903 0.000550913 9.96332e-05 1.33966e-05 1.19186e-06 6.94457e-08 2.83487e-09 8.82169e-11 2.12374e-12
 2.06612e-11 2.24257e-09 1.43524e-07 5.41616e-06 0.000120516 0.0015812 0.012233 0.0558145 0.150301 0.239811 0.231142 0.146851 0.0800102 0.0471114 0.0240506 0.00844767 0.00204689 0.000396458 6.69212e-05 8.7479e-06 7.7809e-07 4.62539e-08 1.96286e-09 6.3769e-11 1.57115e-12
 1.98981e-11 2.15975e-09 1.38224e-07 5.21613e-06 0.000116065 0.00152281 0.0117814 0.0537572 0.144805 0.231399 0.224727 0.147403 0.0869938 0.0551648 0.0289476 0.0102667 0.00251633 0.000496678 8.5352e-05 1.12871e-05 1.01593e-06 6.16934e-08 2.71414e-09 9.21804e-11 2.37289e-12
 1.99087e-11 2.1609e-09 1.38298e-07 5.21892e-06 0.000116127 0.00152363 0.0117877 0.0537858 0.144881 0.231511 0.224796 0.147341 0.0868145 0.0550001 0.0289067 0.0103214 0.00257714 0.000525202 9.27652e-05 1.24205e-05 1.12177e-06 6.81072e-08 2.99352e-09 1.01865e-10 2.64581e-12
#obs catch len freq
 2.9437e-11 2.72812e-09 1.4908e-07 4.80358e-06 9.12645e-05 0.00102248 0.00675691 0.0263786 0.0613365 0.0885599 0.0944834 0.106523 0.132109 0.14146 0.12836 0.10072 0.0635846 0.0312283 0.012279 0.00391046 0.00097935 0.000184684 2.51213e-05 2.37004e-06 1.50056e-07
 5.13202e-11 4.58729e-09 2.41774e-07 7.51368e-06 0.000137685 0.00148774 0.00948136 0.0356792 0.0797653 0.109332 0.105715 0.102689 0.117292 0.126337 0.119221 0.0946004 0.0578068 0.0267775 0.00986887 0.0029605 0.000700013 0.000124055 1.57503e-05 1.37989e-06 8.08964e-08
 2.74455e-11 2.36206e-09 1.19866e-07 3.58668e-06 6.32841e-05 0.000658543 0.00404574 0.0147518 0.0328105 0.050338 0.0736406 0.120176 0.166833 0.175079 0.150735 0.109492 0.062228 0.0268473 0.00913518 0.00251494 0.000546756 8.9541e-05 1.05367e-05 8.55255e-07 4.63482e-08
 1.9019e-18 8.36041e-16 2.16699e-13 3.3119e-11 2.9847e-09 1.5862e-07 4.97222e-06 9.20044e-05 0.00100731 0.00657428 0.0261564 0.0673658 0.126409 0.192409 0.229239 0.190966 0.105497 0.0398619 0.011263 0.00258803 0.000487134 7.11028e-05 7.56921e-06 5.60157e-07 2.77998e-08
 1.39618e-10 1.10863e-08 5.19059e-07 1.43297e-05 0.00023327 0.0022394 0.0126864 0.0425568 0.0860439 0.114016 0.129533 0.163185 0.181877 0.139882 0.0740599 0.0321023 0.0137273 0.00553219 0.00179612 0.000429981 7.43135e-05 9.34054e-06 8.5288e-07 5.51873e-08 2.43904e-09
 2.54994e-10 1.94057e-08 8.70795e-07 2.30404e-05 0.000359465 0.00330705 0.0179459 0.0575306 0.109833 0.130062 0.113485 0.106254 0.117471 0.122603 0.108121 0.0713841 0.0312647 0.00861579 0.00152375 0.000193227 2.11692e-05 2.12737e-06 1.71045e-07 9.74211e-09 3.74431e-10
 4.64073e-10 3.38027e-08 1.45179e-06 3.67657e-05 0.000549002 0.00483416 0.0251075 0.0770285 0.140659 0.15885 0.130432 0.111389 0.10855 0.0963704 0.073111 0.0449454 0.0202044 0.00631785 0.00137893 0.000211069 2.23727e-05 1.63837e-06 8.59274e-08 3.40207e-09 1.02079e-10
 6.21432e-10 4.32683e-08 1.77637e-06 4.30016e-05 0.000613805 0.00516664 0.0256567 0.075332 0.132301 0.147071 0.128118 0.123073 0.123543 0.104298 0.0727877 0.040502 0.0161656 0.00437563 0.000822907 0.00011446 1.21251e-05 9.43621e-07 5.08725e-08 1.82675e-09 4.31514e-11
 8.96095e-10 5.95691e-08 2.33494e-06 5.39658e-05 0.000735459 0.00591063 0.0280255 0.0785964 0.132061 0.141516 0.121658 0.118096 0.120985 0.107216 0.0788688 0.0442499 0.0169711 0.00425197 0.000710441 8.39336e-05 7.39918e-06 4.9198e-07 2.39961e-08 8.24516e-10 1.91803e-11
 1.40909e-09 8.93327e-08 3.33941e-06 7.36066e-05 0.000956668 0.0073324 0.0331584 0.0887087 0.142337 0.146318 0.122166 0.115964 0.115525 0.0996617 0.0711701 0.0384414 0.0141486 0.00341471 0.000552268 6.27423e-05 5.16577e-06 3.06979e-07 1.29013e-08 3.77177e-10 7.56718e-12
 1.99301e-09 1.20373e-07 4.28684e-06 9.0019e-05 0.00111463 0.00813934 0.0350759 0.0895284 0.137851 0.139459 0.121992 0.122883 0.122145 0.102012 0.0695241 0.0352539 0.0119464 0.00258278 0.000360406 3.41714e-05 2.34545e-06 1.20181e-07 4.50772e-09 1.18819e-10 2.12645e-12
 2.92868e-09 1.68351e-07 5.70617e-06 0.000114042 0.00134397 0.00934085 0.0383188 0.0931745 0.137177 0.134766 0.118611 0.121598 0.122132 0.103834 0.0709625 0.0349032 0.0111756 0.00223577 0.000280957 2.30308e-05 1.30401e-06 5.35092e-08 1.60819e-09 3.46918e-11 5.22951e-13
 4.27965e-09 2.33926e-07 7.53937e-06 0.000143279 0.00160561 0.0106119 0.0414087 0.0959046 0.135372 0.130878 0.119063 0.125256 0.12437 0.103329 0.068238 0.0320208 0.00971654 0.0018391 0.000218656 1.69182e-05 8.94118e-07 3.33948e-08 8.81635e-10 1.61178e-11 2.00448e-13
 6.00492e-09 3.11844e-07 9.54892e-06 0.000172411 0.00183565 0.0115278 0.0427591 0.0943314 0.12808 0.123586 0.118855 0.130033 0.129882 0.107649 0.0695274 0.0311466 0.00887182 0.00155383 0.000167704 1.14652e-05 5.20867e-07 1.65596e-08 3.77826e-10 6.1071e-12 6.78918e-14
 8.91495e-09 4.39517e-07 1.27767e-05 0.000219007 0.00221369 0.0131988 0.046496 0.0975708 0.126928 0.120374 0.117728 0.129932 0.129985 0.107744 0.0683372 0.0295745 0.00812949 0.00139412 0.000151761 1.08855e-05 5.33491e-07 1.80561e-08 4.1468e-10 6.31098e-12 6.28746e-14
 1.4272e-08 6.67524e-07 1.84094e-05 0.000299368 0.00287075 0.0162391 0.0542837 0.108185 0.134163 0.12281 0.117674 0.126925 0.124018 0.0999287 0.0605836 0.0246435 0.00627646 0.000979731 9.45989e-05 5.83921e-06 2.42541e-07 7.1191e-09 1.49946e-10 2.21453e-12 2.21188e-14
 1.97914e-08 8.77658e-07 2.2949e-05 0.000353835 0.00321721 0.0172591 0.0547685 0.104117 0.12584 0.119805 0.125051 0.137249 0.129383 0.0989361 0.0565028 0.0215527 0.00512794 0.000743405 6.59235e-05 3.66202e-06 1.32788e-07 3.29562e-09 5.76386e-11 7.07899e-13 5.97503e-15
 3.38781e-08 1.42368e-06 3.52775e-05 0.00051544 0.00444114 0.0225759 0.0678606 0.121987 0.138322 0.120912 0.11582 0.123335 0.118065 0.0914515 0.0512049 0.0186606 0.00419153 0.000571064 4.74929e-05 2.46836e-06 8.33206e-08 1.90592e-09 3.02563e-11 3.31066e-13 2.44105e-15
 4.31632e-08 1.7182e-06 4.03296e-05 0.000558187 0.00455631 0.0219527 0.0626905 0.10827 0.123642 0.122175 0.135226 0.143616 0.125341 0.0874665 0.045084 0.0155047 0.00337162 0.000460821 4.05171e-05 2.37101e-06 9.43202e-08 2.53238e-09 4.47243e-11 5.07692e-13 3.66644e-15
 6.45328e-08 2.43256e-06 5.40678e-05 0.000708628 0.00547745 0.0249912 0.0675877 0.110575 0.119788 0.11333 0.124095 0.137582 0.130239 0.0961467 0.0494287 0.0162466 0.00329855 0.000414317 3.30571e-05 1.75052e-06 6.42509e-08 1.66147e-09 2.97426e-11 3.57151e-13 2.79852e-15
 1.20124e-07 4.28684e-06 9.02055e-05 0.00111927 0.00819039 0.0353735 0.0905057 0.139686 0.141007 0.120637 0.11837 0.120069 0.104974 0.0720281 0.0347279 0.0108211 0.00211422 0.000261328 2.10948e-05 1.1526e-06 4.33493e-08 1.11076e-09 1.89776e-11 2.12864e-13 1.55673e-15
 1.49444e-07 5.04828e-06 0.000100555 0.00118109 0.0081829 0.0334888 0.081522 0.121957 0.127949 0.128267 0.141137 0.138496 0.109709 0.0678657 0.0298726 0.0085528 0.00153019 0.000171259 1.23443e-05 5.99325e-07 2.03527e-08 4.86679e-10 8.01361e-12 8.8204e-14 6.33704e-16
 2.61038e-07 8.3464e-06 0.000157357 0.00174938 0.0114708 0.0444094 0.102046 0.142669 0.13496 0.116562 0.118226 0.12022 0.103046 0.066409 0.0287836 0.00783279 0.00130656 0.000134248 8.71663e-06 3.72619e-07 1.09368e-08 2.24908e-10 3.21085e-12 3.11126e-14 2.0052e-16
 3.2091e-07 9.71204e-06 0.000173314 0.00182388 0.0113238 0.0415685 0.091161 0.125195 0.128023 0.133438 0.145802 0.135342 0.10021 0.056835 0.0224219 0.00568222 0.000896351 8.84056e-05 5.60153e-06 2.36479e-07 6.82372e-09 1.3454e-10 1.77892e-12 1.54827e-14 8.78123e-17
 4.68915e-07 1.3433e-05 0.000226909 0.00226031 0.0132836 0.0461547 0.0957792 0.124322 0.120048 0.120455 0.134409 0.135686 0.110219 0.064954 0.0251477 0.00605855 0.000895092 8.19857e-05 4.79533e-06 1.86471e-07 4.98233e-09 9.20801e-11 1.15628e-12 9.63152e-15 5.22375e-17
 8.2599e-07 2.24e-05 0.000358195 0.00337773 0.018791 0.0617968 0.121281 0.148312 0.133059 0.121643 0.123753 0.114394 0.0853695 0.0465924 0.0168462 0.00381786 0.000535034 4.70106e-05 2.67207e-06 1.01803e-07 2.65243e-09 4.69995e-11 5.55181e-13 4.29458e-15 2.15297e-17
 8.93498e-07 2.29412e-05 0.000347334 0.00310152 0.0163493 0.0510995 0.0966256 0.120333 0.12641 0.143286 0.153849 0.133537 0.0908439 0.0454069 0.0151599 0.00318135 0.000411772 3.31909e-05 1.71583e-06 5.91719e-08 1.40317e-09 2.297e-11 2.54765e-13 1.86977e-15 8.91511e-18
 1.1568e-06 2.81244e-05 0.000403198 0.00340926 0.0170195 0.0504014 0.0904961 0.107975 0.111672 0.13019 0.151468 0.148058 0.110248 0.0562994 0.0182393 0.0036195 0.00043737 3.26004e-05 1.54165e-06 4.80407e-08 1.01935e-09 1.48762e-11 1.47345e-13 9.70113e-16 4.17639e-18
#spawning biomass
 48491.9 49627.5 86017.1 86549.9 111169 171710 334262 479895 532327 980461 941668 848888 865497 1.08424e+06 1.00886e+06 1.07946e+06 1.27907e+06 1.04308e+06 1.08782e+06 1.2091e+06 1.31185e+06 1.32074e+06 1.33092e+06 1.56572e+06 1.55169e+06 1.74383e+06 2.10201e+06 1.39368e+06 1.40572e+06 4187.69 4187.69 4187.69 4187.69 4187.69 4187.69 4187.69 4187.69 4187.69 4187.69 4187.69 4187.69 4187.69 4187.69 4187.69 4187.69 4187.69 4187.69 4187.69 4187.69 4187.69 4187.69 4187.69 4187.69 4187.69 4187.69 4187.69 4187.69 4187.69 4187.69 4187.69 4187.69 4187.69 4187.69 4187.69 4187.69 4187.69 4187.69 4187.69 4187.69 4187.69 4187.69 4187.69 4187.69 4187.69 4187.69 4187.69 4187.69 4187.69 4187.69 4187.69 4187.69 4187.69 4187.69 4187.69 4187.69 4187.69 4187.69 4187.69 4187.69 4187.69 4187.69 4187.69 4187.69 4187.69 4187.69 4187.69 4187.69 4187.69 4187.69 4187.69 4187.69 4187.69 4187.69 4187.69 4187.69 4187.69 4187.69 4187.69 4187.69 4187.69 4187.69 4187.69 4187.69 4187.69 4187.69 4187.69 4187.69 4187.69 4187.69 4187.69 4187.69 4187.69 4187.69 4187.69 4187.69 4187.69 4187.69 4187.69 0 0 0 0 0 0 0 0 0 0 0 0 0 0 0 0 0 0 0 0 0 0 0 0 0
