SBPRF35
0.112866
Curr Bio
288.704
B35
369.681
F35
0.854903
FOFL
0.305683
OFL
8.46396
Bzero
32247.4
#pred survey bio
 2116.05 1712.45 1340.58 1087.65 928.417 812.814 744.076 703.077 673.05 663.131 660.47 661.906 663.926 673.46 687.507 691.45 678.988 677.996 666.91 654.544 651.051 650.189 648.729 642.97 640.509 637.309 633.928 630.619 630.038 625.512 632.799 629.23 633.355 635.208 632.909 633.954 632.179 627.313 623.276 613.979 599.813 586.361 560.849 535.031 511.66 486.209 460.568 439.623 426.553 418.211 406.085 395.235 384.657 370.623 375.089 378.171 377.708 377.837 370.764 362.33 358.002 345.378 340.758 331.411 328.884 322.041 322.434 312.137 304.701 317.442 325.706 319.094 326.262 335.571 347.189 356.742 354.766 369.5 369.323 368.183 373.702 377.577 376.192 380.379 382.444 384.636 395.89 397.901 398.704 387.951 379.661 377.235 387.374 401.602 367.359 333.618 288.244 5025.99 41860 119281 191379 230757 249678 259006 263963 266814 268554 269656 270366 270829 271131 271329 271458 271542 271596 271631 271653 271668 271678 271684 271688 271691 271692 271693 271694 271695 271695 271695 271695 271695 271695 271695 271695 271695 271695 271695 271695 271695 271695 271695 271695 271695 271695 271695 271695 271695 271695 271695 271695 271695 271695 271695 271695 271695 271695 271695 271695 271695 271695 271695 271695 271695 271695 271695 271695 271695 271695 271695 271695 271695 271695 271695 271695 271695 271695 271695 271695 271695 271695 271695 271695 271695 271695 271695 271695 271695 271695 271695 271695 271695 271695 271695 271695 271695 271695 271695 271695 0 0 0 0 0 0 0 0 0 0 0 0 0 0 0 0 0 0 0 0 0 0 0 0 0
#obs survey bio
 707.323 627.306 664.917 846.334 449.607 474.257 284.911 519.155 366.841 304.489 444.378 352.917 392.593 465.735 471.183 550.106 595.428 461.159 397.02 509.172 482.072 529.578 438.106 475.192 402.724 376.79 348.57 388.809 398.232 334.699 329.52 446.947 377.514 382.049 394.892 348.497 433.591 474.655 386.059 426.622 602.855 461.843 430.126 210.662 341.834 306.488 220.294 235.31 389.771 354.039 256.634 280.463 272.127 216.486 238.542 353.795 236.786 186.419 206.351 265.257 204.666 166.914 202.784 192.867 190.699 238.674 111.013 182.479 158.662 214.131 173.78 223.017 235.107 187.473 236.21 300.443 176.586 240.813 195.343 157.573 211.331 342.038 203.887 219.252 265.765 181.628 225.354 328.56 291.509 289.754 170.789 224.999 174.502 287.451 177.36 309.569 258.811
#pred catch bio
 114.074 165.371 127.424 93.0628 90.2701 74.7219 67.5282 69.5368 60.0957 59.2805 59.9361 63.1357 59.0328 54.2778 59.7169 70.8792 58.5198 65.1595 66.177 59.4268 57.8759 58.4234 61.8304 58.7511 59.3899 60.0155 60.5482 58.9797 63.6421 54.4899 64.1561 57.5888 58.9407 62.2597 59.1807 60.966 62.2226 58.7454 60.2622 62.5881 61.3514 72.9696 76.7017 78.7612 84.3092 88.3062 88.2908 84.3676 81.2745 84.5672 83.6648 84.0329 89.3715 78.5821 84.3677 90.413 91.2229 97.8071 99.6699 96.1913 102.307 95.5717 99.8275 94.6706 98.1816 91.9613 102.07 104.675 95.4006 104.607 120.665 114.899 120.298 126.355 134.49 148.985 142.905 161.459 168.277 168.153 169.852 173.885 172.314 176.094 179.035 177.797 187.965 186.808 191.369 185.787 182.232 178.762 177.981 207.357 186.837 175.595 234.343 8.46396 143.06 1040.58 2463.8 3194.25 3471.32 3566.09 3596.64 3606.11 3608.96 3609.8 3610.04 3610.11 3610.13 3610.14 3610.14 3610.14 3610.14 3610.14 3610.14 3610.14 3610.14 3610.14 3610.14 3610.14 3610.14 3610.14 3610.14 3610.14 3610.14 3610.14 3610.14 3610.14 3610.14 3610.14 3610.14 3610.14 3610.14 3610.14 3610.14 3610.14 3610.14 3610.14 3610.14 3610.14 3610.14 3610.14 3610.14 3610.14 3610.14 3610.14 3610.14 3610.14 3610.14 3610.14 3610.14 3610.14 3610.14 3610.14 3610.14 3610.14 3610.14 3610.14 3610.14 3610.14 3610.14 3610.14 3610.14 3610.14 3610.14 3610.14 3610.14 3610.14 3610.14 3610.14 3610.14 3610.14 3610.14 3610.14 3610.14 3610.14 3610.14 3610.14 3610.14 3610.14 3610.14 3610.14 3610.14 3610.14 3610.14 3610.14 3610.14 3610.14 3610.14 3610.14 3610.14 3610.14 3610.14 3610.14 3610.14 0 0 0 0 0 0 0 0 0 0 0 0 0 0 0 0 0 0 0 0 0 0 0 0 0
#obs catch bio
 0 169.612 130.997 95.4043 94.1041 78.1793 71.1185 74.0013 63.4848 62.8353 63.5743 67.3805 62.7432 57.313 63.2553 75.744 61.494 69.076 70.3156 62.7136 61.0616 61.74 65.7511 62.137 62.9219 63.6594 64.4948 62.6188 68.0424 57.5971 68.9222 61.1241 62.6756 66.4306 62.8645 64.9981 66.4223 62.4363 64.0625 66.5022 64.8712 78.0072 82.3454 84.98 91.6905 96.2409 96.3593 92.3336 87.8552 90.8353 89.617 89.6391 95.826 83.5022 90.5889 97.2391 97.8295 105.697 107.53 103.244 110.927 102.269 107.277 101.472 105.487 97.7692 110.481 112.965 101.95 110.331 129.238 119.995 125.741 132.484 139.839 154.896 146.974 165.833 174.688 173.458 176.244 177.134 174.676 183.772 182.823 183.337 196.482 192.015 194.264 187.274 185.171 180.745 181.727 212.889 189.739 176.121 228.836
#pred cpue bio
 1952.2 1567.9 1206.79 958.695 801.573 686.564 616.977 574.987 544.376 532.964 528.133 527.218 526.725 534.141 548.363 554.754 545.367 546.637 537.657 526.241 522.502 521.255 520.202 515.561 513.824 510.867 507.368 504.052 503.158 497.953 504.175 500.565 504.75 506.891 504.752 505.908 504.842 501.789 500.935 495.016 483.317 471.631 447.559 422.18 398.91 374.373 349.598 328.534 315.677 308.654 298.201 288.541 278.672 263.737 263.653 262.349 259.847 259.562 252.881 244.543 240.968 230.452 226.364 217.362 214.699 208.629 209.421 198.546 186.222 190.528 193.175 183.795 184.602 185.926 188.647 191.121 184.51 189.946 183.326 175.929 174.896 178.452 178.102 178.378 178.104 177.147 180.658 180.028 183.378 179.02 174.776 170.767 172.343 182.721 163.637 152.32 132.329 1257.81 4968.4 37365.6 100521 139360 158255 167582 172539 175390 177130 178232 178942 179405 179707 179905 180034 180118 180172 180207 180229 180244 180254 180260 180264 180267 180268 180269 180270 180271 180271 180271 180271 180271 180271 180271 180271 180271 180271 180271 180271 180271 180271 180271 180271 180271 180271 180271 180271 180271 180271 180271 180271 180271 180271 180271 180271 180271 180271 180271 180271 180271 180271 180271 180271 180271 180271 180271 180271 180271 180271 180271 180271 180271 180271 180271 180271 180271 180271 180271 180271 180271 180271 180271 180271 180271 180271 180271 180271 180271 180271 180271 180271 180271 180271 180271 180271 180271 180271 180271 180271 0 0 0 0 0 0 0 0 0 0 0 0 0 0 0 0 0 0 0 0 0 0 0 0 0
#obs cpue bio
 840.148 587.765 606.164 552.771 300.299 237.227 299.62 253.39 355.707 345.104 336.105 306.605 292.743 285.677 441.052 487.285 287.17 342.944 345.951 279.096 278.791 240.229 257.98 338.481 310.267 331.621 248.869 353.218 317.345 265.416 298.755 335.378 316.344 351.426 300.51 299.611 302.77 248.038 400.185 439.102 269.06 330.532 230.588 325.823 214.25 250.204 222.478 132.665 185.466 212.005 177.992 191.699 159.753 148.753 122.577 120.778 148.011 156.596 168.488 122.427 121.224 191.154 137.449 120.871 135.731 122.16 143.704 141.703 121.509 187.45 126.779 185.485 130.496 152.755 185.331 155.656 232.18 231.73 187.979 262.086 171.48 202.025 235.347 129.381 244.183 186.181 157.648 181.732 228.238 226.548 255.847 252.975 227.936 230.924 260.136 198.061 204.106
#pred surv len freq
 7.19484e-027 8.35163e-021 1.79318e-015 5.25229e-011 2.09866e-007 0.000114395 0.00850635 0.0862879 0.119408 0.0229876 0.0181006 0.0937344 0.0691129 0.0269035 0.0779329 0.050024 0.054718 0.0537018 0.0528114 0.0509514 0.0505577 0.0501397 0.0529582 0.0464037 0.0146456
 7.63545e-027 9.13084e-021 1.96048e-015 5.74233e-011 2.29447e-007 0.000125068 0.00929999 0.0943386 0.130548 0.0251018 0.0185904 0.0960651 0.0707966 0.026587 0.0760548 0.0488876 0.0537928 0.0524237 0.0505158 0.048243 0.0475524 0.0465005 0.0475154 0.042513 0.0145479
 8.28956e-027 1.02882e-020 2.20899e-015 6.47022e-011 2.58531e-007 0.000140922 0.0104788 0.106297 0.147096 0.0282612 0.0200647 0.103522 0.0762304 0.0269016 0.0751661 0.0476483 0.0493503 0.0478964 0.0460495 0.043225 0.0418849 0.0404837 0.0403975 0.0360876 0.0128179
 8.80912e-027 1.12078e-020 2.40642e-015 7.0485e-011 2.81637e-007 0.000153517 0.0114154 0.115797 0.160243 0.030781 0.0216212 0.111507 0.0820786 0.0280657 0.0774186 0.0483845 0.0468274 0.044343 0.0404705 0.0376786 0.0359564 0.0340298 0.0332919 0.0293746 0.0105615
 9.20364e-027 1.19062e-020 2.55637e-015 7.48773e-011 2.99188e-007 0.000163083 0.0121267 0.123013 0.170229 0.0326901 0.0226144 0.116561 0.0857933 0.0291871 0.0803368 0.0499044 0.0468103 0.0433452 0.0371027 0.0328654 0.030419 0.0282224 0.0269195 0.0233258 0.00837066
 9.55646e-027 1.25308e-020 2.69049e-015 7.88057e-011 3.14884e-007 0.00017164 0.012763 0.129467 0.17916 0.0343977 0.0235055 0.121096 0.0891137 0.0298232 0.0815253 0.0505081 0.0467208 0.0428125 0.035376 0.0296862 0.0256794 0.0228316 0.0211413 0.0178692 0.00635168
 9.77352e-027 1.29152e-020 2.77302e-015 8.12231e-011 3.24543e-007 0.000176905 0.0131545 0.133438 0.184655 0.0354512 0.0241639 0.124476 0.0915921 0.0304163 0.0828704 0.0511805 0.0465658 0.0424546 0.0345673 0.0281953 0.022941 0.0188399 0.0165652 0.0135493 0.00474621
 9.87854e-027 1.31013e-020 2.81297e-015 8.23932e-011 3.29219e-007 0.000179453 0.013344 0.135361 0.187316 0.035965 0.0246338 0.126921 0.0933889 0.0309494 0.0842469 0.0519425 0.0468264 0.0424673 0.0340423 0.0274035 0.0215814 0.0164243 0.0132106 0.0102701 0.00352696
 9.9758e-027 1.32736e-020 2.84996e-015 8.34767e-011 3.33548e-007 0.000181813 0.0135195 0.137141 0.189779 0.0364368 0.0249128 0.128349 0.0944397 0.0312904 0.0851648 0.0524284 0.0468721 0.0423586 0.0335954 0.0266939 0.0206135 0.0149659 0.0108798 0.00778208 0.00259543
 1.00579e-026 1.3419e-020 2.8812e-015 8.43916e-011 3.37204e-007 0.000183806 0.0136676 0.138644 0.191859 0.0368292 0.0249106 0.128283 0.0943937 0.0313446 0.0853943 0.0526205 0.0472852 0.0426717 0.033608 0.0264748 0.0201262 0.014186 0.00950318 0.00608047 0.00193403
 1.0106e-026 1.35043e-020 2.89951e-015 8.4928e-011 3.39347e-007 0.000184974 0.0137545 0.139525 0.193078 0.0370634 0.0250754 0.129133 0.09501 0.0312921 0.0849535 0.0523683 0.0471596 0.0426231 0.0336959 0.0264258 0.0198766 0.0137158 0.0086685 0.00493348 0.00146197
 1.01403e-026 1.3565e-020 2.91254e-015 8.53096e-011 3.40872e-007 0.000185805 0.0138163 0.140152 0.193946 0.0372297 0.0251788 0.129664 0.0954001 0.0314032 0.0852322 0.0524389 0.0467352 0.0422224 0.0334468 0.0263075 0.0197451 0.0134336 0.00814905 0.0041795 0.00113324
 1.01931e-026 1.36585e-020 2.93261e-015 8.58974e-011 3.43221e-007 0.000187085 0.0139115 0.141118 0.195282 0.0374838 0.025257 0.130048 0.0956796 0.0314218 0.0851959 0.0523792 0.0464966 0.0418685 0.0328523 0.0258389 0.0194454 0.0131801 0.00777925 0.0036697 0.000905533
 1.01158e-026 1.35217e-020 2.90325e-015 8.50374e-011 3.39784e-007 0.000185212 0.0137722 0.139705 0.193327 0.0371201 0.0254585 0.131177 0.0965101 0.0316894 0.0859157 0.0528344 0.046961 0.0422583 0.0330405 0.0257998 0.0193317 0.0131201 0.00764036 0.00338763 0.000766134
 9.92901e-027 1.31912e-020 2.83228e-015 8.29587e-011 3.31478e-007 0.000180685 0.0134356 0.13629 0.188601 0.0362281 0.025442 0.131211 0.096554 0.0322283 0.0879937 0.0541655 0.0483941 0.0435968 0.0341545 0.0266127 0.0198042 0.0133697 0.00774613 0.00329762 0.000694281
 9.84205e-027 1.30374e-020 2.79926e-015 8.19915e-011 3.27614e-007 0.000178578 0.0132789 0.134701 0.186402 0.0358054 0.0251311 0.129605 0.0953894 0.0323225 0.0888122 0.0548224 0.0497154 0.044895 0.0353103 0.0275658 0.0204901 0.0137342 0.00790135 0.00328312 0.000655878
 9.85039e-027 1.30522e-020 2.80243e-015 8.20845e-011 3.27985e-007 0.000178781 0.013294 0.134854 0.186614 0.0358446 0.0251032 0.12945 0.0952677 0.0320642 0.0878573 0.0543054 0.0496064 0.0449739 0.0357715 0.0280458 0.020909 0.0139898 0.00798118 0.00326073 0.000628943
 9.80489e-027 1.29717e-020 2.78516e-015 8.15784e-011 3.25963e-007 0.000177678 0.013212 0.134022 0.185463 0.0356236 0.024947 0.128645 0.0946809 0.0320338 0.0879659 0.054404 0.0498509 0.0453261 0.0363984 0.0288122 0.0216694 0.0145462 0.00826405 0.00332998 0.000627509
 9.85869e-027 1.3067e-020 2.8056e-015 8.21774e-011 3.28356e-007 0.000178983 0.013309 0.135006 0.186825 0.0358785 0.0248695 0.128195 0.0943451 0.0317923 0.0871572 0.0539008 0.0493781 0.0449148 0.0361496 0.0288195 0.0219308 0.0148751 0.0084679 0.00338031 0.000626518
 9.94226e-027 1.32148e-020 2.83736e-015 8.31074e-011 3.32073e-007 0.000181009 0.0134597 0.136534 0.188939 0.036279 0.0249339 0.128484 0.0945479 0.0315799 0.0862522 0.0532744 0.0484876 0.0440719 0.0354539 0.0283087 0.0216914 0.0149111 0.00857232 0.0034125 0.000625147
 9.98367e-027 1.32881e-020 2.85309e-015 8.35682e-011 3.33914e-007 0.000182012 0.0135343 0.137291 0.189987 0.0364777 0.0249774 0.128689 0.0946959 0.0315387 0.086034 0.0530924 0.0480927 0.0436333 0.0349397 0.0278726 0.0213896 0.0148309 0.00864909 0.00346195 0.000630276
 9.97817e-027 1.32784e-020 2.85099e-015 8.35068e-011 3.33669e-007 0.000181878 0.0135243 0.13719 0.189847 0.0364541 0.0250827 0.129257 0.095111 0.0316132 0.0861628 0.0531506 0.0480409 0.043526 0.0347028 0.027575 0.0211044 0.0146724 0.0086576 0.00350723 0.000638807
 9.92892e-027 1.31912e-020 2.83227e-015 8.29585e-011 3.31478e-007 0.000180684 0.0134355 0.136289 0.188601 0.0362212 0.0251708 0.12976 0.0954851 0.0318372 0.0868881 0.0535688 0.0482753 0.0437002 0.0347578 0.0275226 0.0209592 0.0145317 0.00862492 0.00354074 0.000649393
 9.93332e-027 1.3199e-020 2.83395e-015 8.30075e-011 3.31673e-007 0.000180791 0.0134435 0.13637 0.188712 0.0362404 0.0250994 0.129375 0.0952077 0.031905 0.0872586 0.0537983 0.0484823 0.0438432 0.0347497 0.0274526 0.0208219 0.0143569 0.00851645 0.00353111 0.000654547
 9.94172e-027 1.32138e-020 2.83714e-015 8.3101e-011 3.32047e-007 0.000180995 0.0134586 0.136524 0.188925 0.0362789 0.0250357 0.129029 0.0949517 0.0317924 0.0869217 0.0536728 0.0487675 0.0441393 0.0349919 0.0275766 0.0208412 0.0142989 0.00844129 0.00351467 0.000658311
 9.97838e-027 1.32787e-020 2.85107e-015 8.35092e-011 3.33678e-007 0.000181884 0.0135247 0.137194 0.189853 0.0364534 0.0250165 0.128902 0.0948548 0.0316586 0.0864388 0.0533564 0.0483979 0.0438923 0.0350396 0.0276463 0.0208552 0.0142436 0.00835926 0.00347626 0.000655728
 9.99938e-027 1.33159e-020 2.85905e-015 8.37427e-011 3.34611e-007 0.000182392 0.0135625 0.137578 0.190384 0.036556 0.0251125 0.129402 0.0952175 0.03163 0.0861869 0.0531548 0.0479941 0.0434861 0.0346809 0.0274955 0.0208239 0.0141933 0.00828243 0.00342875 0.000648343
 1.00033e-026 1.33227e-020 2.86052e-015 8.37859e-011 3.34784e-007 0.000182486 0.0135695 0.137649 0.190482 0.0365765 0.0251898 0.129813 0.0955198 0.0317346 0.0864753 0.0532703 0.0477947 0.0432262 0.0343241 0.0271756 0.0206453 0.0141298 0.00822029 0.0033832 0.000638675
 1.00418e-026 1.33908e-020 2.87515e-015 8.42143e-011 3.36495e-007 0.000183419 0.0136389 0.138352 0.191456 0.0367579 0.0250987 0.1293 0.0951458 0.0316933 0.0864592 0.0532741 0.0478596 0.0432204 0.0341263 0.0269135 0.0203906 0.0139956 0.00816134 0.00334382 0.000628603
 1.00925e-026 1.34806e-020 2.89441e-015 8.47785e-011 3.3875e-007 0.000184648 0.0137303 0.139279 0.192738 0.0370035 0.025242 0.130034 0.0956747 0.0315698 0.0857749 0.0528321 0.0473699 0.0427726 0.0337582 0.0265122 0.0199726 0.0136714 0.00799379 0.00327311 0.000612556
 1.00528e-026 1.34103e-020 2.87933e-015 8.43369e-011 3.36985e-007 0.000183686 0.0136588 0.138554 0.191734 0.0368143 0.0252461 0.130082 0.0957155 0.0317404 0.0864219 0.0532129 0.0476224 0.0429953 0.0339393 0.0266505 0.0200088 0.0136107 0.0079442 0.00325703 0.000608008
 1.00548e-026 1.34139e-020 2.8801e-015 8.43595e-011 3.37076e-007 0.000183736 0.0136624 0.138591 0.191786 0.0368266 0.0253509 0.130641 0.0961247 0.0318107 0.0865363 0.0532478 0.0474807 0.0428079 0.0336723 0.0264255 0.0198303 0.0134355 0.00779673 0.00319419 0.000596009
 1.00101e-026 1.33347e-020 2.8631e-015 8.38614e-011 3.35085e-007 0.000182651 0.0135818 0.137773 0.190653 0.0366112 0.0252816 0.1303 0.0958815 0.0319491 0.0871687 0.0536773 0.0480548 0.0433163 0.0339985 0.0266088 0.0199269 0.0134829 0.00778392 0.00317561 0.000592281
 1.00079e-026 1.3331e-020 2.86229e-015 8.38378e-011 3.34991e-007 0.000182599 0.0135779 0.137734 0.1906 0.0365984 0.0251754 0.129733 0.0954662 0.0318657 0.0870063 0.053646 0.0483598 0.0436607 0.0343749 0.026874 0.0200638 0.0135391 0.00779216 0.00316178 0.000588372
 1.00268e-026 1.33643e-020 2.86945e-015 8.40473e-011 3.35828e-007 0.000183056 0.0136119 0.138078 0.191076 0.0366892 0.0252143 0.129928 0.0956047 0.0317572 0.086531 0.0533406 0.0480306 0.0434301 0.034387 0.0269636 0.02014 0.0135458 0.00776901 0.00313746 0.000581567
 9.99881e-027 1.33148e-020 2.85882e-015 8.37362e-011 3.34585e-007 0.000182378 0.0135615 0.137567 0.190369 0.0365567 0.02525 0.130138 0.0957604 0.0318463 0.0868168 0.0534911 0.0480411 0.0434246 0.0343878 0.0270747 0.0203207 0.0136755 0.00781483 0.00314151 0.000579715
 9.97349e-027 1.327e-020 2.8492e-015 8.34544e-011 3.33459e-007 0.000181764 0.0135158 0.137104 0.189728 0.036436 0.0252541 0.130177 0.0957916 0.03194 0.0871686 0.0537046 0.048214 0.0435447 0.0343921 0.0270699 0.0203825 0.0137874 0.00787662 0.0031523 0.000579031
 9.88695e-027 1.31168e-020 2.81631e-015 8.24911e-011 3.2961e-007 0.000179666 0.0133598 0.135521 0.187538 0.0360258 0.0253726 0.130867 0.0963018 0.0321626 0.0878369 0.0541318 0.0486711 0.0439549 0.0346852 0.0272454 0.0204897 0.0139081 0.0079783 0.00318634 0.000582708
 9.77427e-027 1.29175e-020 2.77351e-015 8.12372e-011 3.246e-007 0.000176935 0.0131568 0.133461 0.184687 0.0354845 0.0252333 0.130196 0.0958239 0.03245 0.0891391 0.0549875 0.0496913 0.0449228 0.0355172 0.0278906 0.0209362 0.0141991 0.00817727 0.00327142 0.000596466
 9.79547e-027 1.29551e-020 2.78158e-015 8.14737e-011 3.25545e-007 0.00017745 0.0131951 0.13385 0.185225 0.0355774 0.0248965 0.12838 0.0944944 0.0321937 0.0886593 0.0548357 0.0502496 0.0455377 0.0361562 0.0284481 0.0213665 0.0144659 0.00833525 0.00334561 0.00060975
 9.83633e-027 1.30274e-020 2.7971e-015 8.19284e-011 3.27362e-007 0.000178441 0.0132687 0.134597 0.186259 0.0357744 0.0249762 0.12878 0.0947725 0.0318414 0.0871843 0.0539584 0.0496291 0.0451488 0.036273 0.0286745 0.0216097 0.0146402 0.00842664 0.0033886 0.000618608
 9.88764e-027 1.31182e-020 2.8166e-015 8.24994e-011 3.29643e-007 0.000179684 0.0133612 0.135535 0.187557 0.0360202 0.0250131 0.128944 0.0948908 0.0318211 0.0870559 0.0537173 0.0486322 0.0442257 0.0356833 0.028466 0.0216501 0.0147292 0.00848233 0.00341175 0.000624033
 1.00377e-026 1.33836e-020 2.87359e-015 8.41686e-011 3.36313e-007 0.00018332 0.0136315 0.138277 0.191352 0.0367424 0.0252582 0.130156 0.0957677 0.0316856 0.0861871 0.0530135 0.0471819 0.0426213 0.033827 0.0269968 0.0207129 0.014243 0.00823924 0.00331598 0.000607214
 1.02089e-026 1.36865e-020 2.93863e-015 8.60736e-011 3.43925e-007 0.000187469 0.01394 0.141407 0.195683 0.037568 0.0255944 0.131843 0.0969936 0.0316704 0.08565 0.0524502 0.0455504 0.040852 0.031832 0.0250339 0.0190725 0.0132355 0.00773822 0.00312575 0.000572894
 1.03145e-026 1.38732e-020 2.97872e-015 8.7248e-011 3.48617e-007 0.000190027 0.0141303 0.143336 0.198353 0.038084 0.0260783 0.134362 0.0988334 0.0318894 0.0857866 0.0523158 0.044368 0.0394372 0.029981 0.0231815 0.0173175 0.0119218 0.00703862 0.00286834 0.00052696
 1.03946e-026 1.40149e-020 3.00915e-015 8.81392e-011 3.52178e-007 0.000191968 0.0142746 0.1448 0.200379 0.0384778 0.0265343 0.136749 0.100583 0.032284 0.0866388 0.0525845 0.0433622 0.0381843 0.0282906 0.0214074 0.0155884 0.0104957 0.00616679 0.00253825 0.000468966
 1.05877e-026 1.43565e-020 3.08249e-015 9.02875e-011 3.60762e-007 0.000196647 0.0146225 0.14833 0.205263 0.0394028 0.0266749 0.137374 0.101038 0.0323012 0.086526 0.0523372 0.042271 0.0368684 0.0265206 0.0196156 0.0138648 0.00904859 0.00520229 0.00214314 0.000399043
 1.07394e-026 1.46249e-020 3.1401e-015 9.1975e-011 3.67505e-007 0.000200322 0.0148958 0.151102 0.209099 0.0401375 0.0271057 0.139579 0.102637 0.0321776 0.085427 0.0515474 0.0410208 0.0355333 0.0249907 0.0180466 0.0123443 0.00776714 0.00431127 0.00174989 0.000327141
 1.0727e-026 1.46028e-020 3.13536e-015 9.18361e-011 3.6695e-007 0.00020002 0.0148733 0.150874 0.208783 0.04009 0.0275771 0.142109 0.104494 0.0326524 0.0865504 0.0520159 0.0403576 0.0347479 0.0240719 0.017079 0.0113365 0.00685208 0.00363818 0.00143084 0.000265848
 1.07036e-026 1.45614e-020 3.12647e-015 9.15758e-011 3.6591e-007 0.000199453 0.0148312 0.150446 0.208192 0.0399782 0.0275726 0.1421 0.104503 0.0330838 0.0882214 0.0529875 0.0409329 0.0350269 0.0237085 0.0165868 0.0107724 0.00627767 0.00317111 0.00119112 0.000216854
 1.07741e-026 1.46862e-020 3.15326e-015 9.23604e-011 3.69045e-007 0.000201162 0.0149582 0.151735 0.209975 0.0403147 0.0275741 0.142062 0.10447 0.0329248 0.0876179 0.0526657 0.0408864 0.0349526 0.0234778 0.0161553 0.0102524 0.00580937 0.00279847 0.000993672 0.000174629
 1.08284e-026 1.47823e-020 3.17391e-015 9.29651e-011 3.71461e-007 0.000202479 0.0150562 0.152729 0.21135 0.0405781 0.0277327 0.142874 0.105057 0.0328293 0.0870189 0.0522284 0.0401714 0.0343393 0.0231348 0.0158481 0.00989279 0.00544948 0.00252189 0.000844279 0.000141378
 1.09368e-026 1.4974e-020 3.21508e-015 9.41709e-011 3.76279e-007 0.000205105 0.0152515 0.15471 0.214091 0.0410963 0.0277709 0.143008 0.105149 0.0327031 0.0864901 0.0517773 0.0391611 0.0333376 0.0222528 0.0152455 0.00949139 0.00512967 0.00228881 0.00072535 0.000114871
 1.12363e-026 1.5504e-020 3.32886e-015 9.75037e-011 3.89596e-007 0.000212364 0.0157912 0.160185 0.221668 0.0425256 0.0277691 0.142801 0.104975 0.0320067 0.0838483 0.0500069 0.0368898 0.0311772 0.020411 0.0138483 0.00857499 0.00461023 0.002004 0.00060449 9.04511e-005
 1.14077e-026 1.58074e-020 3.394e-015 9.94117e-011 3.9722e-007 0.000216519 0.0161002 0.16332 0.226006 0.0433454 0.0278278 0.143002 0.105106 0.0315744 0.0821177 0.0489132 0.0357789 0.0300751 0.0193007 0.0128905 0.0078491 0.00418546 0.00179648 0.000521293 7.3953e-005
 1.13989e-026 1.57916e-020 3.39062e-015 9.93126e-011 3.96824e-007 0.000216304 0.0160842 0.163157 0.225781 0.0433212 0.0285472 0.146857 0.107916 0.0317606 0.0817527 0.0484692 0.034334 0.0286886 0.0181961 0.0119731 0.00713004 0.00372813 0.00158018 0.000447154 6.06417e-005
 1.13592e-026 1.57212e-020 3.3755e-015 9.88698e-011 3.95054e-007 0.000215339 0.0160125 0.162429 0.224774 0.0431399 0.0288832 0.14868 0.109265 0.032427 0.0838136 0.0494112 0.0335838 0.0277266 0.0170295 0.011052 0.0064657 0.00329587 0.0013662 0.000378951 4.97066e-005
 1.13071e-026 1.5629e-020 3.3557e-015 9.82899e-011 3.92737e-007 0.000214076 0.0159185 0.161477 0.223456 0.0428931 0.0289606 0.149129 0.109605 0.0328088 0.0851662 0.0502499 0.0343461 0.0281423 0.0166241 0.0104959 0.00597213 0.00297688 0.00119888 0.000324326 4.14743e-005
 1.1398e-026 1.57899e-020 3.39024e-015 9.93016e-011 3.9678e-007 0.00021628 0.0160824 0.163139 0.225756 0.0433267 0.0289442 0.148982 0.109491 0.0326108 0.0844403 0.0497694 0.0337589 0.027644 0.0163091 0.0100565 0.00549145 0.00264474 0.00103356 0.000270953 3.37815e-005
 1.14684e-026 1.59144e-020 3.41699e-015 1.00085e-010 3.9991e-007 0.000217986 0.0162093 0.164426 0.227537 0.0436697 0.0292201 0.150411 0.110524 0.0324342 0.0833535 0.0490068 0.032634 0.0266112 0.0155562 0.00956412 0.00512824 0.00236117 0.000884994 0.000223826 2.70907e-005
 1.13915e-026 1.57783e-020 3.38775e-015 9.92286e-011 3.96488e-007 0.000216121 0.0160706 0.163019 0.22559 0.0433105 0.0295388 0.152167 0.111816 0.032868 0.0845373 0.0495927 0.0324627 0.0263273 0.0151391 0.00922571 0.00490638 0.00221129 0.000789213 0.000190537 2.22688e-005
 1.1494e-026 1.59596e-020 3.42668e-015 1.00369e-010 4.01045e-007 0.000218604 0.0162553 0.164892 0.228182 0.0437983 0.0294899 0.151837 0.111573 0.0327778 0.0842774 0.0493072 0.0315986 0.0254543 0.014337 0.00861277 0.00450873 0.00200696 0.000694609 0.000158989 1.77811e-005
 1.1566e-026 1.60872e-020 3.45407e-015 1.01171e-010 4.04251e-007 0.000220352 0.0163852 0.16621 0.230006 0.0441405 0.029414 0.151384 0.111235 0.0325395 0.0834833 0.0488858 0.0315466 0.0253469 0.0140223 0.0082924 0.00424853 0.00185593 0.000629608 0.000138163 1.46785e-005
 1.16684e-026 1.62682e-020 3.49294e-015 1.0231e-010 4.08799e-007 0.000222831 0.0165696 0.168081 0.232594 0.0446354 0.0296778 0.152728 0.112201 0.0322042 0.0818061 0.0477505 0.0300508 0.0240786 0.0133322 0.00780444 0.0039132 0.00166783 0.000552731 0.000117655 1.1926e-005
 1.16701e-026 1.62712e-020 3.49359e-015 1.02329e-010 4.08876e-007 0.000222873 0.0165727 0.168112 0.232638 0.0446468 0.0298008 0.153385 0.112685 0.032385 0.0823193 0.0479415 0.0296142 0.023573 0.0127847 0.00745243 0.003711 0.00154534 0.000497613 0.000102879 1.00442e-005
 1.17009e-026 1.63257e-020 3.50529e-015 1.02671e-010 4.10244e-007 0.000223619 0.0166281 0.168675 0.233417 0.0447987 0.0299962 0.15441 0.11343 0.0323648 0.0819515 0.0476399 0.0289833 0.0229364 0.0121831 0.00698525 0.00342509 0.00141237 0.000443117 8.86762e-005 8.37604e-006
 1.16717e-026 1.6274e-020 3.49418e-015 1.02346e-010 4.08945e-007 0.000222911 0.0165755 0.168141 0.232677 0.0446567 0.0298971 0.153899 0.113066 0.0325857 0.08295 0.048247 0.0294797 0.0232956 0.0122324 0.00691634 0.00331463 0.00134118 0.000413816 8.0344e-005 7.3385e-006
 1.20292e-026 1.69068e-020 3.63006e-015 1.06326e-010 4.24847e-007 0.000231579 0.01722 0.174679 0.241725 0.0463542 0.0295287 0.151693 0.11142 0.03141 0.0790164 0.045821 0.0273076 0.0214912 0.0112332 0.00630194 0.00296896 0.00117179 0.000353381 6.69981e-005 5.92719e-006
 1.24397e-026 1.76332e-020 3.78602e-015 1.10894e-010 4.431e-007 0.000241528 0.0179598 0.182184 0.25211 0.0483179 0.0297074 0.152379 0.111866 0.0299293 0.07309 0.0420921 0.0236214 0.0183361 0.00931267 0.0051728 0.00241508 0.000935352 0.000274344 5.06547e-005 4.35938e-006
 1.24806e-026 1.77055e-020 3.80154e-015 1.11349e-010 4.44917e-007 0.000242519 0.0180335 0.182931 0.253144 0.0485243 0.0301536 0.154739 0.113584 0.0299461 0.0724886 0.0415214 0.0221498 0.0169154 0.00816929 0.00441247 0.00201203 0.000769408 0.000220649 3.9522e-005 3.30755e-006
 1.23772e-026 1.75223e-020 3.7622e-015 1.10197e-010 4.40313e-007 0.000240009 0.0178469 0.181038 0.250525 0.0480492 0.0309013 0.158807 0.116559 0.030427 0.0732044 0.0417263 0.0211991 0.0159301 0.00730179 0.00378686 0.00164378 0.00061001 0.000171529 2.99054e-005 2.42775e-006
 1.26293e-026 1.79685e-020 3.85801e-015 1.13003e-010 4.51526e-007 0.000246121 0.0183014 0.185648 0.256904 0.0492507 0.0308225 0.15822 0.116111 0.0298306 0.0710551 0.0401957 0.0188402 0.0138408 0.00598564 0.0029711 0.00121429 0.000426007 0.000115322 1.95928e-005 1.54514e-006
 1.27839e-026 1.8242e-020 3.91674e-015 1.14723e-010 4.58399e-007 0.000249868 0.01858 0.188474 0.260815 0.0499872 0.030775 0.157864 0.115833 0.0292912 0.0690676 0.0390083 0.0179594 0.0130188 0.00524751 0.00247707 0.000948412 0.000310875 7.88697e-005 1.28475e-005 9.84372e-007
 1.29216e-026 1.84857e-020 3.96905e-015 1.16255e-010 4.64522e-007 0.000253205 0.0188281 0.190991 0.264298 0.0506481 0.03092 0.158549 0.116311 0.028732 0.0667102 0.037532 0.0165367 0.0118559 0.00467225 0.00211948 0.000751078 0.000228374 5.34385e-005 8.12766e-006 5.97433e-007
 1.30183e-026 1.86568e-020 4.00581e-015 1.17332e-010 4.68823e-007 0.00025555 0.0190025 0.19276 0.266746 0.051115 0.0311239 0.159576 0.117046 0.028374 0.0650342 0.0364229 0.0151859 0.0107069 0.00404204 0.0017875 0.000608236 0.000170878 3.64582e-005 5.07044e-006 3.49165e-007
 1.29694e-026 1.85702e-020 3.9872e-015 1.16787e-010 4.66645e-007 0.000254362 0.0189142 0.191865 0.265507 0.0508973 0.0317535 0.162976 0.119521 0.0284487 0.0643675 0.0358949 0.0141602 0.00980028 0.00350522 0.00149068 0.000484809 0.000130013 2.54365e-005 3.18708e-006 2.00813e-007
 1.32025e-026 1.89827e-020 4.07577e-015 1.19381e-010 4.77012e-007 0.000260013 0.0193344 0.196127 0.271405 0.0520065 0.0316185 0.162101 0.118857 0.0276705 0.0615987 0.0341253 0.0122813 0.00826035 0.00277833 0.00112617 0.000344478 8.7621e-005 1.61172e-005 1.83199e-006 1.03785e-007
 1.3301e-026 1.91571e-020 4.11322e-015 1.20478e-010 4.81394e-007 0.000262402 0.019512 0.197929 0.273898 0.0524744 0.031516 0.161488 0.118399 0.0273149 0.0603949 0.0334181 0.0118164 0.00784777 0.00244937 0.00093698 0.000267114 6.34933e-005 1.09249e-005 1.14977e-006 5.87348e-008
 1.33984e-026 1.93294e-020 4.1502e-015 1.21561e-010 4.85723e-007 0.000264761 0.0196874 0.199708 0.276361 0.052956 0.0321851 0.165003 0.120926 0.0264946 0.0562354 0.0309241 0.00994851 0.00642167 0.00193977 0.000709909 0.000185544 4.07204e-005 6.45619e-006 6.28281e-007 2.94009e-008
 1.36796e-026 1.98269e-020 4.25703e-015 1.2469e-010 4.98226e-007 0.000271577 0.0201942 0.204849 0.283475 0.0542915 0.0319284 0.163445 0.119756 0.0254538 0.0526433 0.0287235 0.00805457 0.00493795 0.00136237 0.000469237 0.000116547 2.35245e-005 3.38072e-006 2.9997e-007 1.28827e-008
 1.36306e-026 1.97402e-020 4.23841e-015 1.24145e-010 4.96047e-007 0.000270389 0.0201059 0.203953 0.282235 0.0540781 0.0327345 0.167789 0.122907 0.0252055 0.0504654 0.0274293 0.0071492 0.00422696 0.0010389 0.000322594 7.2457e-005 1.36611e-005 1.79378e-006 1.42791e-007 5.55998e-009
 1.33993e-026 1.93307e-020 4.15049e-015 1.2157e-010 4.85756e-007 0.000264779 0.0196888 0.199722 0.27638 0.0529917 0.033443 0.171732 0.125806 0.0261018 0.0528242 0.0286396 0.0070626 0.00406773 0.00094222 0.000270422 5.285e-005 8.83495e-006 1.05343e-006 7.58387e-008 2.64075e-009
 1.35695e-026 1.9632e-020 4.21518e-015 1.23464e-010 4.93327e-007 0.000268907 0.0199957 0.202835 0.280688 0.0537816 0.0325506 0.166846 0.122245 0.0258859 0.0533573 0.0289462 0.0072139 0.00415884 0.000922696 0.000251519 4.51838e-005 6.6278e-006 6.80011e-007 4.35791e-008 1.36075e-009
 1.36434e-026 1.97628e-020 4.24327e-015 1.24287e-010 4.96615e-007 0.000270698 0.0201289 0.204187 0.282558 0.0541345 0.0325549 0.16682 0.122207 0.0253537 0.0513087 0.0278729 0.0071722 0.00418946 0.000937321 0.000254229 4.31763e-005 5.83784e-006 5.21453e-007 2.84049e-008 7.78869e-010
 1.35862e-026 1.96615e-020 4.22152e-015 1.2365e-010 4.9407e-007 0.000269311 0.0200258 0.20314 0.28111 0.0538732 0.0330192 0.169342 0.124041 0.0253579 0.0506179 0.0274345 0.00673059 0.00386434 0.000882047 0.000243692 4.15528e-005 5.41787e-006 4.42562e-007 2.08849e-008 4.84848e-010
 1.37853e-026 2.0014e-020 4.2972e-015 1.25867e-010 5.02927e-007 0.000274139 0.0203848 0.206782 0.286149 0.054807 0.0323583 0.165675 0.121356 0.0248272 0.0495919 0.0268347 0.00634424 0.00357596 0.000785267 0.000211374 3.68242e-005 4.85604e-006 3.86098e-007 1.66595e-008 3.34387e-010
 1.38216e-026 2.00781e-020 4.31097e-015 1.2627e-010 5.04538e-007 0.000275017 0.0204501 0.207444 0.287066 0.054983 0.0324776 0.166289 0.12179 0.0244797 0.0480773 0.0260183 0.00618448 0.00348715 0.000745435 0.000193991 3.24124e-005 4.26142e-006 3.44057e-007 1.45052e-008 2.67023e-010
 1.37038e-026 1.98695e-020 4.26619e-015 1.24958e-010 4.99297e-007 0.00027216 0.0202376 0.205289 0.284084 0.0544406 0.0332689 0.1706 0.124929 0.0245641 0.0471956 0.025468 0.00567669 0.00310952 0.000661973 0.000170468 2.7457e-005 3.4594e-006 2.73494e-007 1.16305e-008 2.09646e-010
 1.35297e-026 1.95614e-020 4.20001e-015 1.2302e-010 4.91553e-007 0.000267939 0.0199237 0.202105 0.279678 0.053617 0.0335679 0.172314 0.126205 0.0254147 0.0500028 0.0269674 0.00590153 0.00319454 0.000650238 0.000160427 2.55886e-005 3.13923e-006 2.37021e-007 9.80315e-009 1.76603e-010
 1.35292e-026 1.95604e-020 4.19982e-015 1.23015e-010 4.9153e-007 0.000267927 0.0199228 0.202096 0.279665 0.0536122 0.0334752 0.171819 0.125847 0.0254808 0.0503972 0.027201 0.00606106 0.00330558 0.000662318 0.000159027 2.40349e-005 2.85742e-006 2.10469e-007 8.33565e-009 1.45554e-010
 1.3621e-026 1.9723e-020 4.23473e-015 1.24037e-010 4.95615e-007 0.000270153 0.0200884 0.203776 0.28199 0.0540416 0.033117 0.169842 0.124401 0.025226 0.049966 0.0269822 0.0060874 0.00334227 0.000678937 0.000164605 2.43153e-005 2.76442e-006 1.94068e-007 7.45649e-009 1.25125e-010
 1.38651e-026 2.01551e-020 4.3275e-015 1.26754e-010 5.06473e-007 0.000276072 0.0205285 0.20824 0.288167 0.0551901 0.0324519 0.166123 0.121665 0.0243378 0.047574 0.0256833 0.00576827 0.00316218 0.000647453 0.000158718 2.37934e-005 2.68644e-006 1.80914e-007 6.60538e-009 1.06797e-010
 1.40119e-026 2.04151e-020 4.38332e-015 1.28389e-010 5.13006e-007 0.000279633 0.0207933 0.210926 0.291884 0.055886 0.0322447 0.164918 0.120763 0.0236386 0.0452089 0.0243851 0.00537991 0.00292409 0.000596721 0.00014612 2.21381e-005 2.53435e-006 1.70899e-007 6.02688e-009 9.26801e-011
 1.35298e-026 1.95615e-020 4.20004e-015 1.23021e-010 4.91556e-007 0.000267941 0.0199239 0.202107 0.27968 0.0536265 0.0339265 0.174232 0.127588 0.0250562 0.0480806 0.0259298 0.00569405 0.00308611 0.000624313 0.000151477 2.28851e-005 2.63393e-006 1.80105e-007 6.37384e-009 9.53409e-011
 1.35767e-026 1.96444e-020 4.21785e-015 1.23543e-010 4.9364e-007 0.000269077 0.0200084 0.202964 0.280866 0.0538586 0.0342548 0.175958 0.128828 0.0246294 0.0459457 0.0246534 0.00475757 0.00240425 0.000472948 0.000111362 1.65678e-005 1.89038e-006 1.29528e-007 4.63738e-009 6.96603e-011
 1.2995e-026 1.86144e-020 3.9967e-015 1.17065e-010 4.67758e-007 0.000254969 0.0189593 0.192322 0.26614 0.0511327 0.0363003 0.187284 0.137126 0.0263799 0.0495406 0.0265583 0.00498514 0.00246423 0.000443777 9.38439e-005 1.34185e-005 1.49156e-006 1.00841e-007 3.60778e-009 5.46806e-011
 1.33326e-026 1.92123e-020 4.12508e-015 1.20825e-010 4.82782e-007 0.000263158 0.0195683 0.198499 0.274688 0.0526975 0.0344273 0.177041 0.129667 0.0261084 0.0513565 0.0275298 0.00510712 0.00250309 0.000440713 8.87196e-005 1.13227e-005 1.15317e-006 7.50051e-008 2.63539e-009 3.98039e-011
#obs surv len freq
 nan nan nan nan nan nan nan nan nan nan nan nan nan nan nan nan nan nan nan nan nan nan nan nan nan
 4.90959e-027 7.72732e-021 1.65914e-015 4.85967e-011 1.94179e-007 0.000105844 0.0078705 0.0798377 0.110482 0.0213132 0.0184679 0.0959306 0.0707419 0.0278046 0.0808017 0.0516071 0.0552147 0.0534526 0.0510029 0.0494571 0.0502256 0.0512055 0.054134 0.051195 0.0191497
 5.276e-027 8.30401e-021 1.78296e-015 5.22235e-011 2.0867e-007 0.000113743 0.00845787 0.085796 0.118727 0.0229032 0.0198205 0.102953 0.0759213 0.0298704 0.0868302 0.0552841 0.0582752 0.0549736 0.0485313 0.0440081 0.042476 0.0424787 0.0446481 0.0421644 0.0157675
 5.52204e-027 8.69126e-021 1.86611e-015 5.46589e-011 2.18401e-007 0.000119048 0.0088523 0.0897971 0.124264 0.0239722 0.0207797 0.107941 0.0795984 0.0312827 0.090902 0.057882 0.0610279 0.0573129 0.0495158 0.0421439 0.0372224 0.0349498 0.0359708 0.0338254 0.0126411
 5.6886e-027 8.95342e-021 1.92239e-015 5.63076e-011 2.24989e-007 0.000122638 0.00911931 0.0925056 0.128012 0.0246946 0.0213822 0.111066 0.0819048 0.032228 0.0936865 0.0596346 0.0627793 0.0589497 0.0508458 0.0425595 0.0352648 0.0298163 0.0287951 0.0266799 0.00995265
 5.80755e-027 9.14063e-021 1.96259e-015 5.7485e-011 2.29694e-007 0.000125203 0.00931 0.0944399 0.130689 0.0252092 0.021761 0.113023 0.083347 0.0327674 0.0952274 0.060633 0.0639122 0.0599925 0.0516771 0.0431871 0.0351206 0.0273608 0.0235764 0.0208937 0.00774709
 5.86348e-027 9.22866e-021 1.98149e-015 5.80386e-011 2.31906e-007 0.000126408 0.00939965 0.0953493 0.131947 0.0254538 0.0220423 0.114496 0.08443 0.0331194 0.0961778 0.0612373 0.0645481 0.0606276 0.0523147 0.0436929 0.0354133 0.0266554 0.0204311 0.0165231 0.00601459
 5.89583e-027 9.27958e-021 1.99243e-015 5.83588e-011 2.33185e-007 0.000127106 0.00945152 0.0958755 0.132675 0.0255949 0.0221877 0.115255 0.0849927 0.0334184 0.0971223 0.0617968 0.0649399 0.0609687 0.0525849 0.0439663 0.0356328 0.026537 0.0187926 0.0134041 0.00467628
 5.90963e-027 9.3013e-021 1.99709e-015 5.84954e-011 2.33731e-007 0.000127404 0.00947364 0.0960999 0.132986 0.025655 0.0222459 0.115558 0.0852174 0.0335389 0.0975051 0.0620851 0.0654499 0.06142 0.0528662 0.0441808 0.0358299 0.026626 0.018069 0.0113721 0.00369349
 5.93582e-027 9.34252e-021 2.00594e-015 5.87546e-011 2.34767e-007 0.000127968 0.00951562 0.0965258 0.133575 0.025767 0.0222804 0.115727 0.0853423 0.0335889 0.0976511 0.0621775 0.0655471 0.0615506 0.0530647 0.0442798 0.0358595 0.0266398 0.01771 0.0100804 0.00298863
 5.95233e-027 9.3685e-021 2.01152e-015 5.8918e-011 2.3542e-007 0.000128324 0.00954208 0.0967942 0.133947 0.0258389 0.0223507 0.116094 0.0856098 0.033619 0.0976649 0.0621829 0.0655373 0.0615355 0.05305 0.0443189 0.0358753 0.0266059 0.0175082 0.00928764 0.00250986
 5.95774e-027 9.37702e-021 2.01335e-015 5.89716e-011 2.35634e-007 0.000128441 0.00955077 0.0968822 0.134068 0.0258629 0.0223912 0.116307 0.0857676 0.0336914 0.0978847 0.0622923 0.0655095 0.0614979 0.0530121 0.0442865 0.0358759 0.0265947 0.0173862 0.00880902 0.00220061
 5.95544e-027 9.3734e-021 2.01257e-015 5.89488e-011 2.35543e-007 0.000128391 0.00954707 0.0968448 0.134017 0.0258536 0.0224105 0.116412 0.0858453 0.0337446 0.0980616 0.0624085 0.0656462 0.0615861 0.0529834 0.0442469 0.0358438 0.0265829 0.0173133 0.00851698 0.00200792
 5.96259e-027 9.38466e-021 2.01499e-015 5.90197e-011 2.35826e-007 0.000128545 0.00955855 0.0969612 0.134178 0.0258833 0.022382 0.116255 0.0857312 0.0337342 0.0980655 0.0624264 0.0657374 0.061688 0.0530888 0.044275 0.0358272 0.0265708 0.0172755 0.00834207 0.00189121
 5.96424e-027 9.38726e-021 2.01555e-015 5.9036e-011 2.35891e-007 0.000128581 0.00956119 0.096988 0.134215 0.0258906 0.0223959 0.116328 0.0857829 0.0336933 0.0978873 0.0623327 0.0657332 0.061717 0.0531848 0.0443775 0.0358818 0.0265782 0.0172603 0.0082418 0.00182164
 5.96083e-027 9.38189e-021 2.01439e-015 5.90022e-011 2.35756e-007 0.000128507 0.00955572 0.0969325 0.134138 0.0258776 0.0224529 0.116635 0.0860092 0.0337793 0.0981329 0.0624365 0.0655959 0.0615637 0.0530379 0.0442806 0.0358225 0.0265108 0.0171867 0.00815047 0.00177289
 5.95654e-027 9.37513e-021 2.01294e-015 5.89597e-011 2.35586e-007 0.000128415 0.00954884 0.0968627 0.134041 0.0258578 0.0223931 0.116318 0.0857786 0.033781 0.098229 0.0625241 0.0658093 0.0617392 0.0531064 0.0443368 0.0358927 0.0265767 0.017206 0.00812075 0.00174901
 5.96041e-027 9.38123e-021 2.01425e-015 5.8998e-011 2.3574e-007 0.000128498 0.00955505 0.0969257 0.134129 0.0258741 0.0223857 0.116276 0.0857458 0.0337159 0.0979894 0.0624063 0.0658499 0.0618159 0.0532319 0.0443935 0.0359117 0.0266074 0.0172232 0.00810138 0.00173376
 5.97065e-027 9.39734e-021 2.01771e-015 5.90994e-011 2.36144e-007 0.000128719 0.00957146 0.0970921 0.134359 0.0259187 0.0224307 0.116511 0.0859178 0.0337476 0.0980453 0.0623953 0.0656213 0.0616013 0.0530891 0.044301 0.0358152 0.0265123 0.0171655 0.00805884 0.00171733
 5.98019e-027 9.41235e-021 2.02093e-015 5.91938e-011 2.36522e-007 0.000128925 0.00958675 0.0972473 0.134574 0.0259595 0.0224415 0.116563 0.0859565 0.0337725 0.0981271 0.0624369 0.0656132 0.0615363 0.0529016 0.0441588 0.0357282 0.0264354 0.0171046 0.00802284 0.00170504
 5.97926e-027 9.41089e-021 2.02062e-015 5.91846e-011 2.36485e-007 0.000128905 0.00958526 0.0972321 0.134553 0.0259554 0.0224356 0.116532 0.0859331 0.0337439 0.0980256 0.0623971 0.0656889 0.061628 0.0529996 0.0441741 0.0357194 0.0264476 0.0171038 0.0080155 0.00170073
 5.97087e-027 9.39769e-021 2.01779e-015 5.91016e-011 2.36153e-007 0.000128724 0.00957182 0.0970958 0.134364 0.0259201 0.0224496 0.116612 0.0859916 0.0337627 0.0980757 0.0624173 0.0656563 0.0616219 0.053069 0.0442503 0.0357472 0.0264481 0.017108 0.00801145 0.00169805
 5.95525e-027 9.3731e-021 2.01251e-015 5.8947e-011 2.35535e-007 0.000128387 0.00954678 0.0968418 0.134012 0.0258538 0.0224484 0.116615 0.0859953 0.0338142 0.0982742 0.0625373 0.0657515 0.0616881 0.0530802 0.0442978 0.0358136 0.0264757 0.0171161 0.00801265 0.00169696
 5.96051e-027 9.38138e-021 2.01428e-015 5.8999e-011 2.35743e-007 0.0001285 0.0095552 0.0969273 0.134131 0.0258745 0.0223852 0.116273 0.0857462 0.0337832 0.0982503 0.0625463 0.0658727 0.0618039 0.0531601 0.0443352 0.0358541 0.0265241 0.0171346 0.00801712 0.00169704
 5.96194e-027 9.38363e-021 2.01477e-015 5.90132e-011 2.358e-007 0.000128531 0.0095575 0.0969505 0.134163 0.0258812 0.0224079 0.116394 0.0858315 0.0337208 0.0979754 0.0623978 0.0658436 0.0618136 0.0532387 0.0443952 0.0358804 0.0265483 0.0171543 0.00802078 0.00169701
