SBPRF35
0.118884
Curr Bio
198037
B35
143844
F35
2.72424
FOFL
2.72424
OFL
97707.3
Bzero
33947.6
#pred survey bio
 9849.14 11799.4 13616.7 19429.5 22624.1 26870.6 30830.3 36560.6 44833.3 52511.3 66214.2 72349.6 87690.7 114138 127750 104731 92758.1 87634 85301.1 81343.2 81978.1 92521.7 87312 90611.1 100149 104849 96987.2 95752.8 2.29961e+06 1.97364e+06 770487 412605 294971 238679 209130 193365 184953 180481 178115 176869 176215 175873 175694 175600 175553 175528 175516 175509 175506 175504 175503 175503 175503 175503 175503 175503 175503 175503 175503 175503 175503 175503 175503 175503 175503 175503 175503 175503 175503 175503 175503 175503 175503 175503 175503 175503 175503 175503 175503 175503 175503 175503 175503 175503 175503 175503 175503 175503 175503 175503 175503 175503 175503 175503 175503 175503 175503 175503 175503 175503 175503 175503 175503 175503 175503 175503 175503 175503 175503 175503 175503 175503 175503 175503 175503 175503 175503 175503 175503 175503 175503 175503 175503 175503 175503 175503 175503 175503 0 0 0 0 0 0 0 0 0 0 0 0 0 0 0 0 0 0 0 0 0 0 0 0 0
#obs survey bio
 7233.51 14610 13044.6 14909.2 26977.9 25194.8 39785.5 39287.7 43725.7 58640.8 89953.1 60803.9 85200.6 117703 112535 122632 79366.5 87715.9 72385.9 120050 82770.7 86622.2 96541.6 85830.9 113442 122152 64361.6 70973.7
#pred catch bio
 3155.32 6039.29 6348.62 11347.8 13274.1 17515.4 19628.6 22925.3 33257.8 38887.6 52672 59235.1 71753.5 88344.6 110484 93604.4 86525.3 84417.1 85186.2 78617.2 78714.1 100145 94005.4 100108 111146 119642 105757 97904.8 97707.3 72904.8 12561.5 6134.23 5812.55 5798.51 5797.94 5797.92 5797.92 5797.92 5797.92 5797.92 5797.92 5797.92 5797.92 5797.92 5797.92 5797.92 5797.92 5797.92 5797.92 5797.92 5797.92 5797.92 5797.92 5797.92 5797.92 5797.92 5797.92 5797.92 5797.92 5797.92 5797.92 5797.92 5797.92 5797.92 5797.92 5797.92 5797.92 5797.92 5797.92 5797.92 5797.92 5797.92 5797.92 5797.92 5797.92 5797.92 5797.92 5797.92 5797.92 5797.92 5797.92 5797.92 5797.92 5797.92 5797.92 5797.92 5797.92 5797.92 5797.92 5797.92 5797.92 5797.92 5797.92 5797.92 5797.92 5797.92 5797.92 5797.92 5797.92 5797.92 5797.92 5797.92 5797.92 5797.92 5797.92 5797.92 5797.92 5797.92 5797.92 5797.92 5797.92 5797.92 5797.92 5797.92 5797.92 5797.92 5797.92 5797.92 5797.92 5797.92 5797.92 5797.92 5797.92 5797.92 5797.92 5797.92 5797.92 5797.92 0 0 0 0 0 0 0 0 0 0 0 0 0 0 0 0 0 0 0 0 0 0 0 0 0
#obs catch bio
 6085.61 6214.31 6366.6 11613.9 13518.3 17850.1 19767.1 22945.4 33463.7 38304 51085.2 59047.1 70379.9 87530.2 109833 93603.7 85041.8 84713.9 84749.1 77182.9 76400.6 97854 92552.8 98505.7 108642 118733 106268 98252
#pred cpue bio
 9742.98 11476.6 12809 18803.4 21858.1 25749.7 29668.2 35001.2 42850.6 48983.9 63470.9 68475.5 80843.8 107859 125237 101194 88504.5 83208.1 80318.5 77481.2 76130.7 86563.3 81498.5 82880.1 91849.9 97580.2 90290.1 89273.6 2.15741e+06 2.11889e+06 783810 408415 289699 233329 203775 188010 179598 175126 172760 171513 170860 170518 170339 170245 170197 170173 170160 170154 170151 170149 170148 170148 170147 170147 170147 170147 170147 170147 170147 170147 170147 170147 170147 170147 170147 170147 170147 170147 170147 170147 170147 170147 170147 170147 170147 170147 170147 170147 170147 170147 170147 170147 170147 170147 170147 170147 170147 170147 170147 170147 170147 170147 170147 170147 170147 170147 170147 170147 170147 170147 170147 170147 170147 170147 170147 170147 170147 170147 170147 170147 170147 170147 170147 170147 170147 170147 170147 170147 170147 170147 170147 170147 170147 170147 170147 170147 170147 170147 0 0 0 0 0 0 0 0 0 0 0 0 0 0 0 0 0 0 0 0 0 0 0 0 0
#obs cpue bio
 5704.58 7450.87 11663.3 13559.7 18451 18529.1 25969 28659.5 51047.7 60443.1 77189 79511.3 100989 99843.1 169975 100508 113753 83242.5 87609.3 89971.8 121996 117490 98220.4 108184 110129 87091.2 110566 149919
#pred surv len freq
 2.56002e-27 2.57983e-27 2.55788e-26 4.85611e-20 1.19042e-14 3.52742e-10 1.26346e-06 0.00054703 0.0286296 0.181119 0.138972 0.0423414 0.224644 0.207537 0.0473176 0.0560534 0.0228733 0.0159771 0.00929599 0.00672786 0.00505747 0.00421269 0.00408182 0.00353926 0.00107166
 2.56112e-27 2.5833e-27 2.90835e-26 5.59561e-20 1.3717e-14 4.06458e-10 1.45586e-06 0.000630333 0.0329894 0.2087 0.159958 0.0376611 0.174285 0.162233 0.0606123 0.0976709 0.0338025 0.0150288 0.00653213 0.00353309 0.00213091 0.00150028 0.0012737 0.00109453 0.000361919
 2.56409e-27 2.59082e-27 3.51602e-26 6.87734e-20 1.6859e-14 4.99561e-10 1.78934e-06 0.000774718 0.0405459 0.256505 0.196513 0.0408996 0.173247 0.160099 0.0389328 0.0488702 0.0206518 0.0146912 0.00500849 0.00169657 0.000686334 0.000361324 0.000249417 0.000198713 6.77087e-05
 2.56219e-27 2.58551e-27 3.03381e-26 5.86001e-20 1.43651e-14 4.25664e-10 1.52466e-06 0.000660119 0.0345482 0.218562 0.167578 0.0432804 0.211695 0.195515 0.0441371 0.0515986 0.0180144 0.00836993 0.00377154 0.00162055 0.000407111 0.000126431 6.02405e-05 4.04134e-05 1.35299e-05
 2.56225e-27 2.58576e-27 3.06279e-26 5.92118e-20 1.45151e-14 4.30107e-10 1.54057e-06 0.000667009 0.0349088 0.220843 0.169308 0.0425153 0.204657 0.189231 0.0468449 0.0593277 0.0199103 0.00783132 0.00261749 0.000925584 0.000315285 6.86846e-05 1.67092e-05 7.76841e-06 2.40471e-06
 2.56288e-27 2.58743e-27 3.20665e-26 6.22465e-20 1.5259e-14 4.52151e-10 1.61953e-06 0.000701194 0.0366979 0.232162 0.177949 0.0424137 0.197813 0.182821 0.0440012 0.0544873 0.0189286 0.00841289 0.00264254 0.000731313 0.000182726 4.52928e-05 7.44847e-06 1.65348e-06 4.15437e-07
 2.5627e-27 2.5868e-27 3.13757e-26 6.07888e-20 1.49016e-14 4.41562e-10 1.5816e-06 0.000684773 0.0358386 0.226725 0.173818 0.0437243 0.210688 0.19447 0.0418754 0.0466624 0.0158841 0.00662613 0.00218979 0.000649086 0.000133832 2.43138e-05 3.81816e-06 4.48872e-07 6.61976e-08
 2.56303e-27 2.58774e-27 3.22551e-26 6.26441e-20 1.53565e-14 4.55039e-10 1.62987e-06 0.000705673 0.0369324 0.233645 0.179091 0.0430362 0.201748 0.186347 0.0427438 0.0506566 0.0166088 0.00593085 0.00187406 0.000538979 0.000119043 1.9012e-05 2.20446e-06 1.96788e-07 1.40734e-08
 2.56316e-27 2.58808e-27 3.25296e-26 6.32231e-20 1.54984e-14 4.59245e-10 1.64494e-06 0.000712195 0.0372737 0.235804 0.180742 0.0431972 0.201813 0.186338 0.0414897 0.0478179 0.0160458 0.006295 0.00188087 0.000472118 9.90884e-05 1.62582e-05 1.677e-06 1.09e-07 4.6676e-09
 2.56485e-27 2.59249e-27 3.6274e-26 7.11215e-20 1.74346e-14 5.16618e-10 1.85044e-06 0.000801169 0.0419303 0.265263 0.20324 0.0434006 0.187553 0.172898 0.0340287 0.034137 0.011163 0.00396988 0.0012202 0.000322355 6.03841e-05 9.0516e-06 9.26492e-07 5.20668e-08 1.52488e-09
 2.56317e-27 2.58785e-27 3.20849e-26 6.22841e-20 1.52682e-14 4.52424e-10 1.62051e-06 0.000701618 0.0367201 0.232302 0.178102 0.0453178 0.219805 0.202526 0.0368663 0.0331196 0.0103879 0.0030162 0.000870201 0.000214898 4.20477e-05 5.94808e-06 5.46772e-07 2.94281e-08 7.13224e-10
 2.56397e-27 2.59007e-27 3.4106e-26 6.65479e-20 1.63134e-14 4.83396e-10 1.73144e-06 0.000749649 0.0392339 0.248205 0.190227 0.0442032 0.202804 0.186973 0.0365688 0.0363397 0.0111034 0.00270473 0.000709307 0.000145677 2.61095e-05 3.6778e-06 3.25731e-07 1.58311e-08 3.5489e-10
 2.56559e-27 2.59439e-27 3.78486e-26 7.44429e-20 1.82488e-14 5.40744e-10 1.93685e-06 0.000838583 0.0438884 0.277651 0.212705 0.0437916 0.183879 0.169335 0.0302902 0.0264672 0.00822046 0.00224643 0.000569598 9.83521e-05 1.48277e-05 1.80896e-06 1.54391e-07 7.19509e-09 1.46811e-10
 2.56418e-27 2.59049e-27 3.43174e-26 6.69934e-20 1.64226e-14 4.86632e-10 1.74303e-06 0.000754667 0.0394965 0.249866 0.191516 0.0454647 0.211499 0.194686 0.0323141 0.0246868 0.00745694 0.00172272 0.000440012 8.25551e-05 1.12084e-05 1.11668e-06 8.00463e-08 3.50115e-09 6.78559e-11
 2.56152e-27 2.5834e-27 2.81769e-26 5.40398e-20 1.32472e-14 3.92539e-10 1.40601e-06 0.000608748 0.0318597 0.201554 0.154636 0.0461222 0.242414 0.223506 0.0427135 0.0411379 0.012265 0.00247913 0.000590873 9.69723e-05 1.36558e-05 1.32732e-06 7.76229e-08 2.80605e-09 5.00607e-11
 2.56254e-27 2.58622e-27 3.07325e-26 5.94314e-20 1.45689e-14 4.31702e-10 1.54628e-06 0.000669482 0.0350383 0.221662 0.169971 0.0449304 0.22257 0.205278 0.0409894 0.0418209 0.0128757 0.00327793 0.000786763 0.000113114 1.41214e-05 1.30299e-06 7.53996e-08 2.27073e-09 3.33334e-11
 2.56351e-27 2.58874e-27 3.28342e-26 6.38646e-20 1.56556e-14 4.63904e-10 1.66163e-06 0.000719421 0.0376519 0.238197 0.182603 0.0453355 0.216778 0.199684 0.0354896 0.0306861 0.00950665 0.00256229 0.000656023 0.000114097 1.36636e-05 1.09113e-06 5.77186e-08 1.67853e-09 2.09393e-11
 2.56389e-27 2.58969e-27 3.35972e-26 6.54738e-20 1.60501e-14 4.75594e-10 1.7035e-06 0.000737549 0.0386007 0.244199 0.187193 0.0457593 0.216778 0.199543 0.0329135 0.0248253 0.00741011 0.00156472 0.000391333 7.25029e-05 9.91677e-06 8.58774e-07 4.01114e-08 1.04415e-09 1.22525e-11
 2.56443e-27 2.59113e-27 3.48434e-26 6.81027e-20 1.66946e-14 4.9469e-10 1.77189e-06 0.000767163 0.0401505 0.254004 0.194678 0.0456626 0.210783 0.193951 0.0308388 0.0214931 0.00627658 0.00110133 0.000248982 3.7441e-05 5.12928e-06 4.95155e-07 2.58379e-08 6.23004e-10 6.49587e-12
 2.56376e-27 2.58923e-27 3.31071e-26 6.44397e-20 1.57966e-14 4.68082e-10 1.67659e-06 0.0007259 0.037991 0.240342 0.184262 0.0466436 0.225567 0.207486 0.0312912 0.0191144 0.0055068 0.000861167 0.000182146 2.27995e-05 2.60661e-06 2.25096e-07 1.27463e-08 3.4192e-10 3.43122e-12
 2.56524e-27 2.59333e-27 3.68024e-26 7.22355e-20 1.77077e-14 5.2471e-10 1.87942e-06 0.000813718 0.0425871 0.269418 0.206437 0.044919 0.196863 0.181149 0.0293488 0.0213104 0.0061047 0.000854981 0.000171807 1.92267e-05 1.92334e-06 1.34111e-07 6.50936e-09 1.81434e-10 2.00057e-12
 2.56484e-27 2.5922e-27 3.57468e-26 7.00084e-20 1.71617e-14 5.08532e-10 1.82148e-06 0.00078863 0.041274 0.261111 0.200107 0.0457192 0.2074 0.190751 0.0288527 0.0177696 0.00515647 0.000868463 0.000180236 1.81973e-05 1.66352e-06 1.00255e-07 3.93189e-09 9.18254e-11 1.01338e-12
 2.56502e-27 2.59261e-27 3.6046e-26 7.06394e-20 1.73164e-14 5.13115e-10 1.83789e-06 0.000795738 0.041646 0.263465 0.201911 0.0462141 0.209898 0.192918 0.0267317 0.0123844 0.00348691 0.000447711 8.85495e-05 1.04274e-05 9.54192e-07 5.13072e-08 1.74145e-09 3.28463e-11 3.00873e-13
 2.56612e-27 2.59562e-27 3.87284e-26 7.62981e-20 1.87036e-14 5.5422e-10 1.98512e-06 0.000859482 0.0449822 0.28457 0.218011 0.0452013 0.190879 0.175419 0.0245617 0.011838 0.00328496 0.000328912 5.63572e-05 5.23058e-06 4.76491e-07 2.82803e-08 8.8924e-10 1.44097e-11 1.06994e-13
 2.56599e-27 2.59524e-27 3.83632e-26 7.55277e-20 1.85147e-14 5.48624e-10 1.96508e-06 0.000850804 0.044528 0.281697 0.215824 0.0456241 0.195633 0.179729 0.0239276 0.00930992 0.00256791 0.000260523 4.35831e-05 3.19498e-06 2.33316e-07 1.17508e-08 3.93388e-10 6.24599e-12 4.01391e-14
 2.5652e-27 2.59308e-27 3.64366e-26 7.14632e-20 1.75183e-14 5.191e-10 1.85933e-06 0.000805018 0.0421317 0.266537 0.204259 0.0463157 0.209021 0.192058 0.0256605 0.0101554 0.00277806 0.000237373 3.62526e-05 2.66664e-06 1.785e-07 6.83621e-09 1.84385e-10 2.86467e-12 1.84897e-14
 2.56519e-27 2.59304e-27 3.63948e-26 7.13751e-20 1.74967e-14 5.1846e-10 1.85704e-06 0.000804025 0.0420798 0.266209 0.204009 0.0463715 0.209622 0.192602 0.0255646 0.00980017 0.0026759 0.000224962 3.34316e-05 2.10155e-06 1.2786e-07 4.70734e-09 1.03078e-10 1.23259e-12 7.28493e-15
 2.56509e-27 2.59279e-27 3.62048e-26 7.09743e-20 1.73985e-14 5.15548e-10 1.84661e-06 0.00079951 0.0418435 0.264714 0.202865 0.0461814 0.208979 0.19207 0.0265846 0.012257 0.00336973 0.000288092 4.32091e-05 2.67496e-06 1.52851e-07 4.79328e-09 9.73856e-11 9.99229e-13 4.54796e-15
#obs surv len freq
 1.08354e-41 1.50389e-33 2.52308e-26 5.11676e-20 1.25431e-14 3.71676e-10 1.33128e-06 0.000576399 0.0301664 0.190842 0.146434 0.0401425 0.173257 0.146637 0.104054 0.101981 0.0441897 0.0172894 0.00390643 0.000495851 2.59076e-05 3.99435e-07 1.36369e-09 8.42907e-13 8.28094e-17
 1.60444e-41 2.22685e-33 3.73601e-26 7.57655e-20 1.8573e-14 5.50353e-10 1.97127e-06 0.000853494 0.0446685 0.282586 0.216505 0.0406746 0.126587 0.102172 0.0759694 0.0686846 0.0287651 0.0102421 0.00205921 0.00022178 9.39403e-06 1.12256e-07 2.86046e-10 1.28535e-13 9.0357e-18
 1.53247e-41 2.12697e-33 3.56842e-26 7.23669e-20 1.77399e-14 5.25666e-10 1.88285e-06 0.000815209 0.0426648 0.269911 0.207056 0.0499794 0.176818 0.128923 0.0567651 0.0429474 0.0173971 0.00562716 0.00100165 9.02973e-05 3.04141e-06 2.77675e-08 5.25429e-11 1.71805e-14 8.66667e-19
 1.0777e-41 1.49578e-33 2.50947e-26 5.08916e-20 1.24755e-14 3.69671e-10 1.3241e-06 0.000573291 0.0300038 0.189815 0.146127 0.0564989 0.2302 0.163031 0.097819 0.0656415 0.0158115 0.00383943 0.000592027 4.41624e-05 1.16619e-06 8.0134e-09 1.1141e-11 2.6386e-15 9.54978e-20
 1.50438e-41 2.08798e-33 3.50302e-26 7.10405e-20 1.74147e-14 5.16031e-10 1.84834e-06 0.000800266 0.0418828 0.264964 0.203312 0.0472232 0.142124 0.104087 0.103849 0.068965 0.0189299 0.00351572 0.000325902 1.8356e-05 3.7502e-07 1.92041e-09 1.94202e-12 3.30449e-16 8.53816e-21
 1.19828e-41 1.66314e-33 2.79026e-26 5.65859e-20 1.38714e-14 4.11034e-10 1.47226e-06 0.000637436 0.0333609 0.211054 0.162704 0.0649687 0.231269 0.144075 0.0786156 0.0499765 0.0192546 0.00377458 0.000297309 1.01648e-05 1.37819e-07 5.117e-10 3.73601e-13 4.53751e-17 8.31778e-22
 1.37745e-41 1.91181e-33 3.20745e-26 6.50465e-20 1.59454e-14 4.72491e-10 1.69239e-06 0.000732745 0.0383489 0.24261 0.186678 0.0579405 0.175095 0.116577 0.109669 0.0568463 0.0127841 0.00248729 0.00022297 6.39866e-06 5.44798e-08 1.25731e-10 6.25731e-14 5.35125e-18 6.92348e-23
 1.19345e-41 1.65643e-33 2.77901e-26 5.63577e-20 1.38154e-14 4.09376e-10 1.46632e-06 0.000634866 0.0332264 0.210206 0.162498 0.0721576 0.226902 0.133273 0.0941125 0.0497757 0.0149674 0.00210274 0.000138516 3.90151e-06 2.79287e-08 4.26901e-11 1.30428e-14 7.18449e-19 6.30676e-24
 1.51121e-41 2.09746e-33 3.51893e-26 7.13632e-20 1.74939e-14 5.18375e-10 1.85673e-06 0.000803902 0.042073 0.266172 0.205055 0.0643615 0.166882 0.104106 0.0967235 0.0425564 0.00976251 0.00141752 8.32663e-05 1.6628e-06 9.85818e-09 1.23928e-11 2.70231e-15 9.57304e-20 5.29647e-25
 1.51819e-41 2.10715e-33 3.53518e-26 7.16927e-20 1.75746e-14 5.20768e-10 1.86531e-06 0.000807613 0.0422673 0.267404 0.206613 0.0778524 0.198109 0.103646 0.0664828 0.0287432 0.00721128 0.000819953 4.02106e-05 6.87401e-07 2.96774e-09 2.77189e-12 4.71648e-16 1.25819e-20 4.87853e-26
 1.09756e-41 1.52334e-33 2.55572e-26 5.18294e-20 1.27054e-14 3.76483e-10 1.3485e-06 0.000583855 0.0305566 0.193325 0.151123 0.0971732 0.258059 0.136029 0.0951681 0.031852 0.00552616 0.00057884 2.41128e-05 3.17201e-07 1.07912e-09 7.45198e-13 9.02511e-17 1.75526e-21 5.06838e-27
 1.66376e-41 2.30919e-33 3.87415e-26 7.85669e-20 1.92597e-14 5.70701e-10 2.04416e-06 0.000885051 0.04632 0.293045 0.226263 0.0712188 0.144698 0.0941574 0.0897956 0.028655 0.00461069 0.000339154 1.04584e-05 1.10669e-07 2.83321e-10 1.45361e-13 1.29584e-17 1.80255e-22 3.67145e-28
 1.33624e-41 1.85461e-33 3.11149e-26 6.31005e-20 1.54683e-14 4.58355e-10 1.64175e-06 0.000710823 0.0372016 0.235373 0.184404 0.110477 0.242765 0.106715 0.0575954 0.0204662 0.00401665 0.000268178 6.16937e-06 4.46961e-08 8.37979e-11 3.17273e-14 2.04757e-18 2.05436e-23 3.00782e-29
 1.11929e-41 1.5535e-33 2.60631e-26 5.28555e-20 1.29569e-14 3.83937e-10 1.3752e-06 0.000595414 0.0311616 0.197169 0.155831 0.112052 0.235518 0.137541 0.103266 0.0237549 0.00290381 0.000201617 4.51906e-06 2.51539e-08 3.20518e-11 8.30196e-15 3.79933e-19 2.72755e-24 2.84568e-30
 8.76481e-42 1.2165e-33 2.04093e-26 4.13896e-20 1.01462e-14 3.0065e-10 1.07688e-06 0.000466251 0.0244018 0.154416 0.124454 0.123579 0.249519 0.15979 0.124242 0.0343369 0.00458976 0.000201033 3.40433e-06 1.71519e-08 1.76002e-11 3.22564e-15 9.94359e-20 4.846e-25 3.50831e-31
 1.41629e-41 1.96572e-33 3.2979e-26 6.68807e-20 1.6395e-14 4.85814e-10 1.74011e-06 0.000753406 0.0394303 0.249483 0.195571 0.0947184 0.160012 0.126292 0.101205 0.0283475 0.0039972 0.000185934 2.46898e-06 8.41893e-09 6.70705e-12 9.8827e-16 2.29508e-20 7.88506e-26 3.88887e-32
 9.74671e-42 1.35278e-33 2.26957e-26 4.60264e-20 1.12828e-14 3.34331e-10 1.19752e-06 0.000518484 0.0271355 0.171752 0.141611 0.162101 0.272768 0.126331 0.0722729 0.0221882 0.00317257 0.000146323 1.89972e-06 5.46046e-09 3.06717e-12 3.14545e-16 5.41798e-21 1.41521e-26 5.20486e-33
 1.43567e-41 1.99261e-33 3.34302e-26 6.77958e-20 1.66193e-14 4.92461e-10 1.76392e-06 0.000763715 0.0399699 0.252923 0.200202 0.108063 0.161553 0.135838 0.0838224 0.0151543 0.00163437 7.36521e-05 8.98262e-07 2.3413e-09 1.11511e-12 8.70474e-17 1.05154e-21 1.89856e-27 4.95394e-34
 1.0046e-41 1.39432e-33 2.33927e-26 4.74398e-20 1.16293e-14 3.44598e-10 1.23429e-06 0.000534407 0.0279689 0.177084 0.149675 0.183729 0.261359 0.120944 0.0617289 0.0155062 0.00142853 4.11666e-05 4.04803e-07 9.23693e-10 3.76165e-13 2.4327e-17 2.33059e-22 3.16061e-28 5.90169e-35
 1.28752e-41 1.78699e-33 2.99804e-26 6.07997e-20 1.49043e-14 4.41643e-10 1.58189e-06 0.000684905 0.0358453 0.226887 0.184157 0.132479 0.181514 0.152319 0.0739326 0.0112216 0.000930435 2.62723e-05 1.82783e-07 2.93263e-10 9.37057e-14 4.90547e-18 3.77008e-23 4.03503e-29 5.83103e-36
 1.41181e-41 1.9595e-33 3.28746e-26 6.66691e-20 1.63431e-14 4.84277e-10 1.7346e-06 0.000751023 0.0393058 0.248838 0.204651 0.159181 0.187295 0.101678 0.0478932 0.00974232 0.000649075 1.30198e-05 7.6754e-08 9.4868e-11 2.09549e-14 7.75634e-19 4.44682e-24 3.64775e-30 4.05881e-37
 1.12786e-41 1.5654e-33 2.62627e-26 5.32603e-20 1.30561e-14 3.86877e-10 1.38573e-06 0.000599974 0.0314007 0.198931 0.172557 0.196487 0.225243 0.122999 0.044851 0.00649122 0.000430211 8.16263e-06 3.53096e-08 3.23747e-11 5.47859e-15 1.47617e-19 5.88519e-25 3.35532e-31 2.65848e-38
 1.37551e-41 1.90911e-33 3.20293e-26 6.49548e-20 1.59229e-14 4.71825e-10 1.69e-06 0.000731712 0.0382954 0.242536 0.203106 0.160414 0.17914 0.126316 0.0438936 0.00531109 0.000250483 3.76618e-06 1.4242e-08 1.02415e-11 1.24701e-15 2.42914e-20 7.1026e-26 2.93336e-32 1.64381e-39
 1.35603e-41 1.88207e-33 3.15757e-26 6.40349e-20 1.56974e-14 4.65143e-10 1.66607e-06 0.000721349 0.0377534 0.239248 0.207167 0.193952 0.18805 0.0967918 0.032004 0.00414119 0.000166872 1.8149e-06 4.93113e-09 2.7617e-12 2.64997e-16 3.86565e-21 8.10721e-27 2.37668e-33 9.51867e-41
 1.18534e-41 1.64517e-33 2.76012e-26 5.59746e-20 1.37215e-14 4.06594e-10 1.45635e-06 0.00063055 0.0330018 0.209342 0.19009 0.2141 0.206981 0.113123 0.0297046 0.00291731 0.00010708 1.02571e-06 2.0923e-09 8.18392e-13 5.60032e-17 6.06541e-22 9.576e-28 2.085e-34 6.06032e-42
 1.06827e-41 1.48268e-33 2.48751e-26 5.04462e-20 1.23663e-14 3.66436e-10 1.31251e-06 0.000568274 0.029743 0.188878 0.178775 0.221285 0.217039 0.12892 0.0319821 0.00273246 7.43944e-05 5.52281e-07 9.25493e-10 2.81332e-13 1.385e-17 1.04295e-22 1.15117e-28 1.78909e-35 3.77881e-43
 1.04792e-41 1.45444e-33 2.44013e-26 4.94854e-20 1.21308e-14 3.59456e-10 1.28751e-06 0.00055745 0.0291772 0.185453 0.179434 0.221092 0.21688 0.132432 0.0322355 0.00267409 6.24947e-05 3.53421e-07 4.31029e-10 9.86194e-14 3.71703e-18 2.09323e-23 1.66587e-29 1.81799e-36 2.66897e-44
 1.26858e-41 1.7607e-33 2.95394e-26 5.99053e-20 1.46851e-14 4.35146e-10 1.55862e-06 0.00067483 0.03532 0.224212 0.204626 0.199829 0.192422 0.113298 0.0273085 0.00225635 5.15746e-05 2.69455e-07 2.78069e-10 5.07564e-14 1.5127e-18 6.86882e-24 4.48462e-30 4.02477e-37 4.81146e-45
#pred catch len freq
 2.55756e-27 2.57311e-27 1.96241e-26 3.59991e-20 8.82474e-15 2.61493e-10 9.36624e-07 0.000405522 0.0212236 0.134267 0.103227 0.0442257 0.264097 0.243905 0.0530307 0.0599364 0.0241818 0.0165358 0.0095809 0.00691946 0.00519893 0.00433008 0.00419551 0.00363784 0.0011015
 2.55925e-27 2.57822e-27 2.45744e-26 4.64437e-20 1.13851e-14 3.37361e-10 1.20837e-06 0.000523178 0.0273813 0.173222 0.132891 0.0391216 0.204417 0.19002 0.0651902 0.101109 0.0347294 0.0150514 0.00651115 0.0035123 0.00211713 0.0014904 0.00126529 0.0010873 0.000359529
 2.56184e-27 2.58469e-27 2.97274e-26 5.73124e-20 1.40494e-14 4.1631e-10 1.49115e-06 0.000645612 0.033789 0.213759 0.1639 0.0426419 0.209418 0.193443 0.0441974 0.0524934 0.0219052 0.0152566 0.00518604 0.00175091 0.000707777 0.000372551 0.000257161 0.000204882 6.98108e-05
 2.56046e-27 2.58077e-27 2.60811e-26 4.96195e-20 1.21636e-14 3.6043e-10 1.291e-06 0.000558954 0.0292536 0.185067 0.142029 0.0450222 0.2429 0.224209 0.047372 0.0517437 0.0179125 0.00811084 0.00363759 0.00155921 0.000391458 0.000121538 5.79074e-05 3.8848e-05 1.30058e-05
 2.56055e-27 2.58109e-27 2.64368e-26 5.03702e-20 1.23476e-14 3.65883e-10 1.31053e-06 0.00056741 0.0296962 0.187867 0.144154 0.0442138 0.235255 0.217368 0.0500558 0.0595586 0.0198435 0.00760193 0.00252966 0.000891573 0.000303486 6.61029e-05 1.60803e-05 7.47599e-06 2.31419e-06
 2.56147e-27 2.58353e-27 2.85542e-26 5.48368e-20 1.34426e-14 3.98327e-10 1.42674e-06 0.000617725 0.0323295 0.204526 0.156871 0.0439952 0.224657 0.207477 0.0462763 0.053456 0.0184144 0.00797302 0.00249477 0.000688064 0.000171778 4.25688e-05 7.00022e-06 1.55396e-06 3.90433e-07
 2.56117e-27 2.58259e-27 2.75884e-26 5.27988e-20 1.2943e-14 3.83524e-10 1.37372e-06 0.000594768 0.031128 0.196925 0.151089 0.0453733 0.239206 0.220672 0.0444459 0.045919 0.015506 0.00629976 0.0020732 0.00061255 0.000126204 2.29217e-05 3.59934e-06 4.23144e-07 6.24032e-08
 2.56146e-27 2.58344e-27 2.83868e-26 5.44834e-20 1.33559e-14 3.95761e-10 1.41755e-06 0.000613744 0.0321212 0.203208 0.155876 0.0446749 0.230529 0.212798 0.045478 0.0502255 0.0163558 0.00568498 0.00178816 0.000512562 0.000113121 1.80617e-05 2.09414e-06 1.86938e-07 1.3369e-08
 2.56218e-27 2.58532e-27 3.00112e-26 5.79099e-20 1.41959e-14 4.2065e-10 1.5067e-06 0.000652343 0.0341413 0.215988 0.165633 0.0445828 0.222972 0.205724 0.0423936 0.0449854 0.0149773 0.00571721 0.0017012 0.000425513 8.9231e-05 1.46369e-05 1.50968e-06 9.8123e-08 4.20184e-09
 2.5638e-27 2.58958e-27 3.36315e-26 6.55468e-20 1.6068e-14 4.76124e-10 1.7054e-06 0.000738372 0.0386437 0.244471 0.187384 0.044699 0.208574 0.192182 0.0353725 0.0323393 0.0104967 0.0036307 0.00111083 0.000292465 5.47416e-05 8.20333e-06 8.39613e-07 4.71838e-08 1.38186e-09
 2.56236e-27 2.58557e-27 2.99971e-26 5.78793e-20 1.41884e-14 4.20428e-10 1.5059e-06 0.000651998 0.0341232 0.215874 0.165576 0.0465035 0.237628 0.218845 0.0374252 0.0302802 0.0094346 0.00266235 0.000764071 0.000188019 3.67574e-05 5.19826e-06 4.77814e-07 2.57163e-08 6.23263e-10
 2.56332e-27 2.58823e-27 3.24087e-26 6.2967e-20 1.54356e-14 4.57384e-10 1.63827e-06 0.00070931 0.0371227 0.234849 0.180046 0.0452904 0.218231 0.201074 0.0366249 0.0329138 0.010001 0.00236713 0.000617151 0.000126276 2.26106e-05 3.18397e-06 2.81976e-07 1.37043e-08 3.07213e-10
 2.56491e-27 2.59249e-27 3.61081e-26 7.07709e-20 1.73486e-14 5.14071e-10 1.84132e-06 0.00079722 0.0417236 0.263955 0.202263 0.0447781 0.198723 0.182925 0.0307467 0.0240828 0.00743155 0.00197334 0.000497822 8.56321e-05 1.28963e-05 1.57278e-06 1.34224e-07 6.25514e-09 1.27632e-10
 2.5632e-27 2.58777e-27 3.18562e-26 6.18009e-20 1.51498e-14 4.48914e-10 1.60794e-06 0.000696175 0.0364353 0.2305 0.176747 0.0466687 0.231037 0.212607 0.03351 0.0229003 0.00687653 0.00154417 0.000392051 7.32833e-05 9.94018e-06 9.89946e-07 7.09557e-08 3.10348e-09 6.01484e-11
 2.56112e-27 2.58224e-27 2.70765e-26 5.17183e-20 1.26781e-14 3.75675e-10 1.3456e-06 0.000582596 0.030491 0.192895 0.14804 0.0471366 0.254768 0.234744 0.0417677 0.0361499 0.010725 0.00210639 0.000498687 8.15276e-05 1.14684e-05 1.11431e-06 6.516e-08 2.35547e-09 4.2022e-11
 2.56235e-27 2.58562e-27 3.01169e-26 5.81323e-20 1.42504e-14 4.22266e-10 1.51249e-06 0.000654848 0.0342724 0.216817 0.166286 0.0458291 0.231998 0.213812 0.0394886 0.0362437 0.0110931 0.00274277 0.000654844 9.3786e-05 1.16945e-05 1.07863e-06 6.24108e-08 1.87952e-09 2.75904e-11
 2.56348e-27 2.58859e-27 3.26382e-26 6.34509e-20 1.55542e-14 4.609e-10 1.65087e-06 0.000714762 0.0374081 0.236654 0.181435 0.0459594 0.222346 0.204691 0.0340062 0.0260366 0.00801189 0.00209673 0.00053399 9.25232e-05 1.10692e-05 8.8358e-07 4.6735e-08 1.35908e-09 1.69541e-11
 2.56399e-27 2.5899e-27 3.3736e-26 6.57665e-20 1.61219e-14 4.7772e-10 1.71111e-06 0.000740846 0.0387732 0.24529 0.188033 0.0461739 0.219342 0.201802 0.0313567 0.0207049 0.00614236 0.00125935 0.000312851 5.77425e-05 7.89024e-06 6.83033e-07 3.18999e-08 8.30371e-10 9.74389e-12
 2.56472e-27 2.59187e-27 3.54503e-26 6.93828e-20 1.70084e-14 5.03988e-10 1.8052e-06 0.000781583 0.0409052 0.258778 0.198327 0.045861 0.209729 0.192887 0.0289907 0.0175469 0.00509428 0.000868233 0.000194775 2.91744e-05 3.99207e-06 3.85235e-07 2.01004e-08 4.8465e-10 5.05326e-12
 2.56381e-27 2.58933e-27 3.31561e-26 6.45429e-20 1.58219e-14 4.68832e-10 1.67928e-06 0.000727063 0.0380519 0.240727 0.184561 0.0469786 0.227905 0.20956 0.0301264 0.0159372 0.00456423 0.000693798 0.000145521 1.81437e-05 2.07157e-06 1.78816e-07 1.01247e-08 2.71589e-10 2.72542e-12
 2.56529e-27 2.59342e-27 3.68441e-26 7.23233e-20 1.77292e-14 5.25347e-10 1.88171e-06 0.000814707 0.0426388 0.269745 0.206692 0.0452897 0.199504 0.183493 0.0280756 0.0178185 0.00507963 0.000691982 0.000137775 1.53583e-05 1.53418e-06 1.06926e-07 5.18927e-09 1.44636e-10 1.59481e-12
 2.56562e-27 2.59427e-27 3.75554e-26 7.38237e-20 1.8097e-14 5.36246e-10 1.92074e-06 0.000831608 0.0435234 0.275341 0.210968 0.0454384 0.197632 0.181673 0.0260858 0.013746 0.00396287 0.000648141 0.000133472 1.34244e-05 1.2253e-06 7.3809e-08 2.89433e-09 6.75921e-11 7.45937e-13
 2.56568e-27 2.5944e-27 3.76134e-26 7.39458e-20 1.81269e-14 5.37133e-10 1.92392e-06 0.000832984 0.0435954 0.275797 0.211323 0.0458827 0.200763 0.184454 0.0245961 0.00964701 0.00269628 0.000336753 6.59203e-05 7.73206e-06 7.06619e-07 3.79768e-08 1.28881e-09 2.43079e-11 2.2266e-13
 2.56691e-27 2.59776e-27 4.06172e-26 8.02828e-20 1.96804e-14 5.83164e-10 2.0888e-06 0.000904369 0.0473314 0.299432 0.229352 0.0447443 0.179433 0.164828 0.0221613 0.00903316 0.00249016 0.000243079 4.11128e-05 3.80079e-06 3.45654e-07 2.05054e-08 6.44687e-10 1.04464e-11 7.75657e-14
 2.56679e-27 2.59741e-27 4.02725e-26 7.95555e-20 1.95021e-14 5.77881e-10 2.06987e-06 0.000896176 0.0469026 0.296719 0.227286 0.045094 0.183546 0.168562 0.0217243 0.00709886 0.00194202 0.000192053 3.17246e-05 2.31725e-06 1.6887e-07 8.50037e-09 2.84529e-10 4.51744e-12 2.90306e-14
 2.56624e-27 2.59589e-27 3.89234e-26 7.67095e-20 1.88044e-14 5.57208e-10 1.99583e-06 0.000864116 0.0452247 0.286104 0.219189 0.0455897 0.193007 0.177273 0.0229008 0.00758736 0.00205923 0.000171857 2.58527e-05 1.89458e-06 1.26567e-07 4.84458e-09 1.30642e-10 2.02961e-12 1.30998e-14
 2.5659e-27 2.59497e-27 3.8093e-26 7.49576e-20 1.83749e-14 5.44482e-10 1.95024e-06 0.000844381 0.0441919 0.27957 0.214205 0.0459264 0.199071 0.182848 0.023513 0.00757994 0.00205339 0.000168679 2.46905e-05 1.54671e-06 9.38843e-08 3.45449e-09 7.56296e-11 9.04317e-13 5.34469e-15
 2.56541e-27 2.59365e-27 3.69437e-26 7.2533e-20 1.77806e-14 5.26871e-10 1.88716e-06 0.00081707 0.0427625 0.270528 0.207303 0.04614 0.205545 0.188856 0.0251913 0.00989168 0.00270242 0.000225765 3.33662e-05 2.0586e-06 1.17359e-07 3.67815e-09 7.47129e-11 7.66553e-13 3.48889e-15
#obs catch len freq
 5.01913e-42 6.96622e-34 1.16873e-26 2.37016e-20 5.81017e-15 1.72166e-10 6.1667e-07 0.000266997 0.0139735 0.0884019 0.0682297 0.0400232 0.219452 0.187196 0.143305 0.142691 0.0637772 0.0257503 0.00608454 0.000803695 4.35333e-05 6.96537e-07 2.471e-09 1.58336e-12 1.60546e-16
 5.72686e-42 7.9485e-34 1.33353e-26 2.70436e-20 6.62943e-15 1.96442e-10 7.03624e-07 0.000304645 0.0159439 0.100867 0.0778565 0.0436477 0.223028 0.181493 0.143267 0.131218 0.0566259 0.0208205 0.00440392 0.000499892 2.21411e-05 2.74199e-07 7.21558e-10 3.34325e-13 2.41826e-17
 1.07866e-41 1.49711e-33 2.51172e-26 5.09372e-20 1.24867e-14 3.70002e-10 1.32529e-06 0.000573804 0.0300306 0.189984 0.145953 0.0451726 0.181728 0.140929 0.114103 0.0958321 0.0397593 0.0132211 0.00246864 0.000235658 8.38388e-06 7.98482e-08 1.55999e-10 5.23857e-14 2.70695e-18
 1.11602e-41 1.54897e-33 2.59871e-26 5.27014e-20 1.29191e-14 3.82817e-10 1.37119e-06 0.000593678 0.0310707 0.196565 0.15132 0.0583279 0.237337 0.163929 0.076884 0.0545276 0.0217554 0.00653199 0.00107035 8.47031e-05 2.37505e-06 1.71656e-08 2.47887e-11 6.03997e-15 2.23606e-19
 7.86561e-42 1.0917e-33 1.83155e-26 3.71434e-20 9.10526e-15 2.69806e-10 9.66399e-07 0.000418418 0.0218983 0.138539 0.107279 0.0648471 0.273921 0.184589 0.116323 0.0711036 0.0166847 0.00382194 0.000538566 3.49265e-05 7.61057e-07 4.11452e-09 4.34831e-12 7.6548e-16 2.03006e-20
 1.25814e-41 1.74621e-33 2.92963e-26 5.94124e-20 1.45642e-14 4.31565e-10 1.5458e-06 0.000669277 0.0350273 0.221595 0.170431 0.0529365 0.172684 0.122323 0.125194 0.0754874 0.0199859 0.00336309 0.000287693 1.41231e-05 2.36241e-07 9.46284e-10 7.24833e-13 9.14762e-17 1.72949e-21
 1.03706e-41 1.43937e-33 2.41484e-26 4.89725e-20 1.2005e-14 3.55731e-10 1.27417e-06 0.000551672 0.0288723 0.18266 0.141398 0.07368 0.260081 0.153504 0.0860593 0.050957 0.0187241 0.00327459 0.000229512 6.7886e-06 7.59107e-08 2.19857e-10 1.21211e-13 1.08979e-17 1.46006e-22
 1.27574e-41 1.77065e-33 2.97063e-26 6.02437e-20 1.4768e-14 4.37604e-10 1.56743e-06 0.000678642 0.0355174 0.224698 0.173312 0.0643917 0.192525 0.123946 0.116419 0.0543943 0.0118377 0.0021099 0.000164299 3.95432e-06 2.74535e-08 4.96752e-11 1.86842e-14 1.1814e-18 1.11603e-23
 1.14717e-41 1.59219e-33 2.67123e-26 5.41721e-20 1.32796e-14 3.935e-10 1.40945e-06 0.000610244 0.0319378 0.202056 0.156685 0.0797218 0.238994 0.134239 0.0947696 0.0462313 0.0130266 0.00162841 9.58234e-05 2.24391e-06 1.27952e-08 1.51859e-11 3.51294e-15 1.43309e-19 9.18167e-25
 1.51093e-41 2.09707e-33 3.51827e-26 7.13497e-20 1.74905e-14 5.18277e-10 1.85638e-06 0.00080375 0.0420651 0.266123 0.205339 0.0695928 0.171379 0.103878 0.0939859 0.0375416 0.00817452 0.00106039 5.36546e-05 8.95407e-07 4.23076e-09 4.08212e-12 6.6975e-16 1.75821e-20 7.11336e-26
 1.55091e-41 2.15256e-33 3.61137e-26 7.32378e-20 1.79534e-14 5.31992e-10 1.90551e-06 0.000825019 0.0431782 0.273169 0.211403 0.0830709 0.196839 0.0984908 0.061991 0.0247029 0.00572734 0.000576057 2.45008e-05 3.4361e-07 1.17465e-09 8.42549e-13 1.07431e-16 2.11693e-21 6.00672e-27
 1.15382e-41 1.60143e-33 2.68673e-26 5.44863e-20 1.33567e-14 3.95783e-10 1.41763e-06 0.000613785 0.0321231 0.203239 0.159267 0.103942 0.253952 0.129061 0.0868449 0.0262743 0.00427084 0.000395924 1.40306e-05 1.51168e-07 4.04451e-10 2.13149e-13 1.93151e-17 2.76959e-22 5.83842e-28
 1.72422e-41 2.3931e-33 4.01492e-26 8.14218e-20 1.99596e-14 5.91439e-10 2.11844e-06 0.000917211 0.0480032 0.303696 0.234746 0.0748228 0.140394 0.0903166 0.0802657 0.0231961 0.0034146 0.000219923 5.81508e-06 4.99389e-08 9.99806e-11 3.90342e-14 2.59542e-18 2.65763e-23 3.94814e-29
 1.39938e-41 1.94225e-33 3.25852e-26 6.60822e-20 1.61993e-14 4.80014e-10 1.71933e-06 0.000744411 0.0389595 0.246501 0.193603 0.116408 0.234092 0.0985601 0.0511869 0.0168317 0.00293964 0.000168932 3.27489e-06 1.9268e-08 2.82164e-11 8.09862e-15 3.88987e-19 2.86827e-24 3.05954e-30
 1.18916e-41 1.65048e-33 2.76902e-26 5.61552e-20 1.37658e-14 4.07906e-10 1.46105e-06 0.000632585 0.033107 0.209485 0.166077 0.118819 0.2288 0.13153 0.0905794 0.0187268 0.00211329 0.000126762 2.33741e-06 1.04051e-08 1.03186e-11 2.02649e-15 6.89363e-20 3.63199e-25 2.75811e-31
 9.46004e-42 1.31299e-33 2.20281e-26 4.46726e-20 1.0951e-14 3.24497e-10 1.1623e-06 0.000503234 0.0263373 0.166674 0.134924 0.131905 0.244138 0.154749 0.109734 0.0276695 0.00324066 0.000121902 1.72953e-06 6.89963e-09 5.44376e-12 7.53086e-16 1.72494e-20 6.16774e-26 3.24688e-32
 1.50286e-41 2.08587e-33 3.49948e-26 7.09687e-20 1.73971e-14 5.15509e-10 1.84647e-06 0.000799457 0.0418405 0.26474 0.20793 0.0988759 0.153449 0.120366 0.0868547 0.0222865 0.00274741 0.000107759 1.16823e-06 3.16988e-09 1.94265e-12 2.14788e-16 3.69325e-21 9.30678e-27 3.34028e-33
 1.05139e-41 1.45926e-33 2.44822e-26 4.96493e-20 1.21709e-14 3.60647e-10 1.29178e-06 0.000559296 0.0292715 0.185288 0.153544 0.170103 0.260973 0.117825 0.0625795 0.0175934 0.00217638 8.43671e-05 8.83108e-07 1.98533e-09 8.53371e-13 6.56984e-17 8.36027e-22 1.59717e-27 4.27077e-34
 1.52945e-41 2.12278e-33 3.5614e-26 7.22245e-20 1.7705e-14 5.24631e-10 1.87914e-06 0.000813604 0.0425809 0.269456 0.213733 0.111557 0.153673 0.126747 0.0689644 0.011344 0.00108711 4.09196e-05 3.98994e-07 8.06471e-10 2.91207e-13 1.69737e-17 1.51337e-22 1.99719e-28 3.78029e-35
 1.08789e-41 1.50992e-33 2.53321e-26 5.1373e-20 1.25935e-14 3.73168e-10 1.33663e-06 0.000578713 0.0302878 0.191792 0.16295 0.190671 0.247472 0.111396 0.052179 0.0117314 0.000917663 2.23277e-05 1.76589e-07 3.10478e-10 9.52573e-14 4.57525e-18 3.22342e-23 3.19192e-29 4.32726e-36
 1.38526e-41 1.92264e-33 3.22563e-26 6.54152e-20 1.60358e-14 4.75169e-10 1.70198e-06 0.000736898 0.0385665 0.244132 0.198706 0.13628 0.173085 0.140059 0.0596423 0.0081884 0.000588256 1.36023e-05 7.52931e-08 9.34979e-11 2.2466e-14 8.69704e-19 4.8969e-24 3.81581e-30 3.99648e-37
 1.50701e-41 2.09163e-33 3.50914e-26 7.11647e-20 1.74452e-14 5.16933e-10 1.85157e-06 0.000801665 0.0419563 0.265647 0.219114 0.161272 0.173767 0.0912439 0.0388518 0.00694864 0.000389341 6.47287e-06 3.01556e-08 2.8524e-11 4.73213e-15 1.29466e-19 5.42267e-25 3.22803e-31 2.59617e-38
 1.22132e-41 1.6951e-33 2.84389e-26 5.76735e-20 1.4138e-14 4.18934e-10 1.50055e-06 0.000649688 0.0340027 0.21546 0.187665 0.200252 0.211252 0.11018 0.0356591 0.00461534 0.000258347 3.95602e-06 1.3444e-08 9.43169e-12 1.19315e-15 2.37061e-20 6.90458e-26 2.8541e-32 1.63036e-39
 1.47661e-41 2.04943e-33 3.43835e-26 6.97291e-20 1.70933e-14 5.06505e-10 1.81422e-06 0.000785493 0.0411103 0.260405 0.218619 0.161825 0.167948 0.111481 0.0340594 0.00362019 0.000143834 1.75718e-06 5.1695e-09 2.82014e-12 2.56247e-16 3.6745e-21 7.83257e-27 2.34422e-33 9.47997e-41
 1.4541e-41 2.01819e-33 3.38593e-26 6.8666e-20 1.68327e-14 4.98782e-10 1.78656e-06 0.000773518 0.040484 0.256612 0.222814 0.194011 0.173318 0.0843253 0.024797 0.00277015 9.24197e-05 8.10582e-07 1.71576e-09 7.27148e-13 5.18172e-17 5.55261e-22 8.48703e-28 1.80153e-34 5.19865e-42
 1.28316e-41 1.78094e-33 2.98789e-26 6.05938e-20 1.48539e-14 4.40147e-10 1.57653e-06 0.000682585 0.0357256 0.226699 0.206435 0.215035 0.19289 0.0979499 0.0225917 0.001931 5.85449e-05 4.45566e-07 7.02405e-10 2.07615e-13 1.05385e-17 8.36034e-23 9.5949e-29 1.51152e-35 3.16762e-43
 1.16478e-41 1.61664e-33 2.71225e-26 5.50039e-20 1.34836e-14 3.99543e-10 1.4311e-06 0.000619616 0.0324307 0.206045 0.19554 0.223216 0.204582 0.111556 0.0242004 0.00176888 3.9616e-05 2.33844e-07 3.00886e-10 6.87233e-14 2.50564e-18 1.38174e-23 1.10725e-29 1.242e-36 1.88633e-44
 1.14519e-41 1.58945e-33 2.66664e-26 5.40788e-20 1.32568e-14 3.92823e-10 1.40703e-06 0.000609195 0.0318852 0.202557 0.191297 0.21602 0.20893 0.119636 0.0270079 0.00201561 4.1322e-05 2.0007e-07 2.04523e-10 3.8622e-14 1.19045e-18 5.45266e-24 3.51384e-30 3.09255e-37 3.64867e-45
#spawning biomass
 15706.8 19487 25657.1 34820.1 40546.3 49253.9 56652.5 67789.2 83627.7 105018 125558 140602 181716 225824 228714 193347 178353 171712 170872 159578 168959 188624 180071 194512 214539 218149 201763 198037 203264 104390 20629 12321.6 11907.2 11889.1 11888.4 11888.4 11888.4 11888.4 11888.4 11888.4 11888.4 11888.4 11888.4 11888.4 11888.4 11888.4 11888.4 11888.4 11888.4 11888.4 11888.4 11888.4 11888.4 11888.4 11888.4 11888.4 11888.4 11888.4 11888.4 11888.4 11888.4 11888.4 11888.4 11888.4 11888.4 11888.4 11888.4 11888.4 11888.4 11888.4 11888.4 11888.4 11888.4 11888.4 11888.4 11888.4 11888.4 11888.4 11888.4 11888.4 11888.4 11888.4 11888.4 11888.4 11888.4 11888.4 11888.4 11888.4 11888.4 11888.4 11888.4 11888.4 11888.4 11888.4 11888.4 11888.4 11888.4 11888.4 11888.4 11888.4 11888.4 11888.4 11888.4 11888.4 11888.4 11888.4 11888.4 11888.4 11888.4 11888.4 11888.4 11888.4 11888.4 11888.4 11888.4 11888.4 11888.4 11888.4 11888.4 11888.4 11888.4 11888.4 11888.4 11888.4 11888.4 11888.4 11888.4 11888.4 0 0 0 0 0 0 0 0 0 0 0 0 0 0 0 0 0 0 0 0 0 0 0 0 0
