SBPRF35
0.819782
Curr Bio
97354.5
B35
837758
F35
0.201266
FOFL
0
OFL
0
Bzero
234224
#pred survey bio
 34616 32007.2 23354.1 12510 15016.3 20708.1 32912.4 38376.7 49713.8 55061.1 56769.1 59723.5 77558.8 75934 83534.9 98058.4 89856.1 99047.6 116143 102474 101067 98919.3 116030 99704.4 117695 96157.6 104628 105881 3.33308e+06 5.88351e+06 6.72548e+06 6.67648e+06 6.1206e+06 5.37316e+06 4.62622e+06 3.97181e+06 3.43937e+06 3.02564e+06 2.71359e+06 2.48277e+06 2.31411e+06 2.19173e+06 2.10266e+06 2.03577e+06 1.98828e+06 1.95426e+06 1.92964e+06 1.91166e+06 1.89837e+06 1.88847e+06 1.881e+06 1.87532e+06 1.87095e+06 1.86757e+06 1.86493e+06 1.86285e+06 1.86121e+06 1.85991e+06 1.85886e+06 1.85803e+06 1.85735e+06 1.85681e+06 1.85637e+06 1.85601e+06 1.85572e+06 1.85548e+06 1.85529e+06 1.85514e+06 1.85501e+06 1.8549e+06 1.85482e+06 1.85475e+06 1.85469e+06 1.85465e+06 1.85461e+06 1.85458e+06 1.85455e+06 1.85453e+06 1.85451e+06 1.8545e+06 1.85449e+06 1.85448e+06 1.85447e+06 1.85446e+06 1.85446e+06 1.85445e+06 1.85445e+06 1.85445e+06 1.85445e+06 1.85444e+06 1.85444e+06 1.85444e+06 1.85444e+06 1.85444e+06 1.85444e+06 1.85444e+06 1.85444e+06 1.85444e+06 1.85444e+06 1.85444e+06 1.85444e+06 1.85444e+06 1.85444e+06 1.85444e+06 1.85444e+06 1.85444e+06 1.85444e+06 1.85444e+06 1.85444e+06 1.85444e+06 1.85444e+06 1.85444e+06 1.85444e+06 1.85444e+06 1.85444e+06 1.85444e+06 1.85444e+06 1.85444e+06 1.85444e+06 1.85444e+06 1.85444e+06 1.85444e+06 1.85444e+06 1.85444e+06 1.85444e+06 1.85444e+06 1.85444e+06 1.85444e+06 0 0 0 0 0 0 0 0 0 0 0 0 0 0 0 0 0 0 0 0 0 0 0 0 0
#obs survey bio
 32993.3 27135.2 12513 8757.51 12273 29309.5 31582.8 56167.4 63971.3 47317.8 70557.5 57745.9 98463.9 67300.2 86801.7 97297.8 87785.7 102259 126379 102470 108633 135529 106064 131423 158446 97661.8 87378.4 85216.5
#pred catch bio
 19733.9 18259.2 16224.5 8237.05 9906.14 11488.6 23915.4 26173.1 37800.5 45148.4 48624 48779.7 70875.3 69309.1 76307.3 95767.8 85240.8 93700.2 119093 105680 106890 103978 129337 106611 136090 112597 126889 111541 0 46145.8 52432.1 51587.8 46752 40486.9 34339.2 29034.4 24786.5 21545.7 19154.1 17430.6 16210.1 15356.8 14763.7 14345.7 14065.8 13878.5 13753 13669.1 13612.9 13575.2 13550 13533.2 13521.9 13514.3 13509.2 13505.9 13503.6 13502.1 13501 13500.4 13499.9 13499.6 13499.4 13499.3 13499.2 13499.1 13499.1 13499 13499 13499 13499 13499 13499 13499 13499 13499 13499 13499 13499 13499 13499 13499 13499 13499 13499 13499 13499 13499 13499 13499 13499 13499 13499 13499 13499 13499 13499 13499 13499 13499 13499 13499 13499 13499 13499 13499 13499 13499 13499 13499 13499 13499 13499 13499 13499 13499 13499 13499 13499 13499 13499 13499 13499 13499 13499 13499 13499 13499 0 0 0 0 0 0 0 0 0 0 0 0 0 0 0 0 0 0 0 0 0 0 0 0 0
#obs catch bio
 23208.8 19486.3 21689.4 9451.09 10154.7 10637.6 22584.2 24021.2 34051.2 46180.9 46651 50044.8 70576.2 70485.8 73639.3 91475.2 77921.1 92174 113324 102371 97208.4 93533.8 120034 87627.3 123163 102901 121988 106693
#pred cpue bio
 32265 30635.9 22831.2 11686.9 13170.6 18719.6 29506.9 34279.3 44560 48926.2 50012.7 51944.6 67314.1 65623.3 71416.4 83789.9 76687.6 84007 98358 86041.4 84204.2 81790.5 95227.8 81638.3 96334.3 77154.9 83083.8 83176.2 2.78815e+06 5.85928e+06 6.70131e+06 6.6523e+06 6.09642e+06 5.34898e+06 4.60204e+06 3.94763e+06 3.41519e+06 3.00146e+06 2.68941e+06 2.45859e+06 2.28994e+06 2.16755e+06 2.07848e+06 2.01159e+06 1.9641e+06 1.93008e+06 1.90547e+06 1.88748e+06 1.8742e+06 1.86429e+06 1.85682e+06 1.85114e+06 1.84677e+06 1.84339e+06 1.84075e+06 1.83867e+06 1.83703e+06 1.83573e+06 1.83468e+06 1.83385e+06 1.83317e+06 1.83263e+06 1.83219e+06 1.83183e+06 1.83154e+06 1.83131e+06 1.83111e+06 1.83096e+06 1.83083e+06 1.83072e+06 1.83064e+06 1.83057e+06 1.83051e+06 1.83047e+06 1.83043e+06 1.8304e+06 1.83037e+06 1.83035e+06 1.83033e+06 1.83032e+06 1.83031e+06 1.8303e+06 1.83029e+06 1.83029e+06 1.83028e+06 1.83028e+06 1.83027e+06 1.83027e+06 1.83027e+06 1.83027e+06 1.83026e+06 1.83026e+06 1.83026e+06 1.83026e+06 1.83026e+06 1.83026e+06 1.83026e+06 1.83026e+06 1.83026e+06 1.83026e+06 1.83026e+06 1.83026e+06 1.83026e+06 1.83026e+06 1.83026e+06 1.83026e+06 1.83026e+06 1.83026e+06 1.83026e+06 1.83026e+06 1.83026e+06 1.83026e+06 1.83026e+06 1.83026e+06 1.83026e+06 1.83026e+06 1.83026e+06 1.83026e+06 1.83026e+06 1.83026e+06 1.83026e+06 1.83026e+06 1.83026e+06 1.83026e+06 1.83026e+06 1.83026e+06 1.83026e+06 1.83026e+06 0 0 0 0 0 0 0 0 0 0 0 0 0 0 0 0 0 0 0 0 0 0 0 0 0
#obs cpue bio
 17707.8 20514.1 10933.5 13162.6 16034.8 23999.1 37866.4 32363.5 54017.3 42592.9 52976.7 41089.2 61768.4 65658.9 82681.2 107149 111238 79984.6 119692 93993.4 119347 88113.9 145239 134693 105070 103294 118626 119594
#pred surv len freq
 1.29236e-11 1.40273e-09 8.97744e-08 3.38781e-06 7.53832e-05 0.000989074 0.00765299 0.0349408 0.0944088 0.153205 0.159903 0.135281 0.123803 0.107591 0.0728873 0.0421599 0.0244874 0.0145438 0.00891367 0.00582481 0.00414555 0.00326318 0.00270713 0.00203765 0.00117511
 9.19192e-12 9.97695e-10 6.38524e-08 2.40959e-06 5.36169e-05 0.000703506 0.00544416 0.0248738 0.0674512 0.111421 0.125477 0.129593 0.145274 0.138958 0.101481 0.0644324 0.0387949 0.0212412 0.0108955 0.00567545 0.00318022 0.00201695 0.00144099 0.00101374 0.00057719
 5.86585e-12 6.36682e-10 4.07476e-08 1.53769e-06 3.4216e-05 0.000448963 0.00347494 0.0158904 0.0432792 0.0730102 0.0892357 0.109071 0.139926 0.147198 0.125156 0.0978799 0.0696832 0.0425454 0.0227001 0.0108642 0.00488882 0.00230315 0.00125551 0.000751968 0.000400944
 1.37475e-11 1.49215e-09 9.54976e-08 3.60378e-06 8.01887e-05 0.00105211 0.00814007 0.0371494 0.100168 0.160873 0.160096 0.115966 0.0866619 0.0753201 0.066285 0.0584527 0.0487178 0.0360884 0.023142 0.0124552 0.00563109 0.00225051 0.000893293 0.00039518 0.000178255
 1.80177e-11 1.95565e-09 1.25161e-07 4.72319e-06 0.000105097 0.00137891 0.0106682 0.0486813 0.13118 0.210012 0.205797 0.140068 0.0903023 0.0633513 0.0387355 0.0208301 0.0129369 0.00974016 0.00730061 0.00474737 0.00252606 0.00108087 0.00038488 0.000126774 4.23518e-05
 1.4945e-11 1.62213e-09 1.03816e-07 3.91771e-06 8.7174e-05 0.00114377 0.00884971 0.0403985 0.109073 0.176338 0.180933 0.145039 0.123084 0.100618 0.0615287 0.0285238 0.0121804 0.00551699 0.00290462 0.00181181 0.00110478 0.000556247 0.000217888 6.73819e-05 1.76834e-05
 1.59372e-11 1.72982e-09 1.10709e-07 4.1778e-06 9.29612e-05 0.00121969 0.00943678 0.0430703 0.116174 0.186907 0.187519 0.139499 0.106732 0.0856357 0.0580187 0.0339333 0.0181775 0.00825045 0.00316446 0.00120232 0.000535703 0.000264052 0.000115548 3.91328e-05 9.98165e-06
 1.60301e-11 1.73991e-09 1.11354e-07 4.20216e-06 9.35033e-05 0.00122681 0.00949189 0.0433233 0.116878 0.188211 0.189625 0.143064 0.11133 0.0879433 0.0551297 0.0280083 0.0138437 0.00688255 0.00313502 0.00121442 0.000401228 0.00012967 4.59498e-05 1.5641e-05 4.22561e-06
 1.57496e-11 1.70946e-09 1.09405e-07 4.12862e-06 9.18671e-05 0.00120534 0.00932585 0.0425665 0.114851 0.185066 0.187019 0.142599 0.112946 0.0905192 0.0577794 0.0300654 0.014683 0.0067374 0.00284268 0.00113028 0.000404346 0.000121997 3.18954e-05 8.0223e-06 1.92908e-06
 1.63902e-11 1.779e-09 1.13856e-07 4.29657e-06 9.56041e-05 0.00125437 0.00970507 0.0442948 0.119477 0.192221 0.192841 0.143334 0.108918 0.0850099 0.0532526 0.02698 0.0128888 0.0058959 0.00245668 0.000928405 0.000316054 9.53192e-05 2.45081e-05 5.23927e-06 9.64268e-07
 1.69142e-11 1.83587e-09 1.17496e-07 4.43392e-06 9.86602e-05 0.00129446 0.0100152 0.0457087 0.123268 0.198136 0.197904 0.144773 0.10693 0.0814789 0.0494432 0.023473 0.010301 0.00442891 0.00178086 0.000659619 0.000219277 6.35476e-05 1.57397e-05 3.24341e-06 5.40403e-07
 1.77277e-11 1.92418e-09 1.23147e-07 4.64719e-06 0.000103406 0.00135672 0.0104968 0.0479031 0.12914 0.207205 0.205219 0.145497 0.10152 0.074377 0.0439859 0.0199887 0.00817631 0.00324474 0.0011968 0.000409879 0.000129301 3.6237e-05 8.69079e-06 1.72318e-06 2.73893e-07
 1.7843e-11 1.93669e-09 1.23948e-07 4.6774e-06 0.000104078 0.00136554 0.010565 0.048214 0.129973 0.208497 0.206289 0.145694 0.100906 0.0735026 0.0432457 0.0194335 0.00776778 0.00296552 0.00102745 0.000322885 9.2732e-05 2.39001e-05 5.39047e-06 1.02347e-06 1.56493e-07
 1.80463e-11 1.95876e-09 1.2536e-07 4.7307e-06 0.000105264 0.0013811 0.0106854 0.0487629 0.131447 0.210814 0.208357 0.146534 0.100558 0.0723893 0.041592 0.017627 0.00641676 0.00226985 0.000751549 0.000225871 6.07995e-05 1.43521e-05 2.93879e-06 5.12287e-07 7.34282e-08
 1.87085e-11 2.03062e-09 1.2996e-07 4.90427e-06 0.000109126 0.00143177 0.0110773 0.0505484 0.136219 0.218137 0.214035 0.146364 0.094978 0.0657596 0.0373063 0.0157003 0.00562111 0.00190815 0.000587188 0.000161659 4.0462e-05 8.9795e-06 1.70973e-06 2.72413e-07 3.55244e-08
 1.87127e-11 2.03108e-09 1.29989e-07 4.90538e-06 0.000109151 0.0014321 0.0110798 0.0505599 0.136252 0.218208 0.214185 0.146676 0.0954204 0.0660388 0.0371569 0.0152593 0.00522923 0.0017048 0.000509944 0.000135118 3.16922e-05 6.46479e-06 1.13202e-06 1.66938e-07 2.00721e-08
 1.87498e-11 2.03511e-09 1.30246e-07 4.9151e-06 0.000109367 0.00143493 0.0111017 0.0506602 0.136523 0.218649 0.214651 0.147075 0.0957341 0.0660909 0.036762 0.0145921 0.00467236 0.00141254 0.000398272 0.000100362 2.25328e-05 4.38804e-06 7.20653e-07 9.79398e-08 1.07986e-08
 1.91297e-11 2.07634e-09 1.32886e-07 5.01469e-06 0.000111583 0.00146401 0.0113266 0.0516845 0.139259 0.222831 0.217812 0.146709 0.0921208 0.062004 0.034394 0.0138435 0.00455124 0.0013917 0.000380492 8.97168e-05 1.87092e-05 3.42137e-06 5.32284e-07 6.84595e-08 7.06457e-09
 1.92068e-11 2.08471e-09 1.33421e-07 5.0349e-06 0.000112033 0.00146991 0.0113722 0.0518925 0.139815 0.223692 0.218511 0.146793 0.0916266 0.0613254 0.033828 0.0134531 0.00433159 0.00130628 0.000359371 8.57534e-05 1.76772e-05 3.08081e-06 4.46956e-07 5.35979e-08 5.19542e-09
 1.96489e-11 2.1327e-09 1.36492e-07 5.1508e-06 0.000114612 0.00150374 0.0116339 0.0530849 0.143005 0.228605 0.222413 0.146982 0.0883559 0.0571756 0.0307786 0.0116863 0.00342309 0.000926619 0.000238496 5.51573e-05 1.12634e-05 1.96553e-06 2.82489e-07 3.26561e-08 2.98014e-09
 2.00541e-11 2.17668e-09 1.39307e-07 5.25701e-06 0.000116975 0.00153474 0.0118737 0.0541773 0.145924 0.233083 0.225874 0.14684 0.0848804 0.0530611 0.0281317 0.0105229 0.00298318 0.000762802 0.000181486 3.79531e-05 7.04284e-06 1.15771e-06 1.62114e-07 1.85591e-08 1.67202e-09
 2.04307e-11 2.21755e-09 1.41923e-07 5.35574e-06 0.000119172 0.00156357 0.0120966 0.0551929 0.148639 0.23725 0.229109 0.146755 0.0817187 0.0492752 0.0256347 0.00936124 0.00251784 0.000597003 0.000133264 2.63061e-05 4.5303e-06 6.77561e-07 8.60385e-08 9.12915e-09 7.87419e-10
 2.07947e-11 2.25707e-09 1.44452e-07 5.45116e-06 0.000121295 0.00159142 0.0123121 0.0561744 0.151261 0.241267 0.232186 0.146537 0.0784551 0.0454804 0.0232846 0.00843524 0.00223784 0.000516811 0.000110793 2.06015e-05 3.29451e-06 4.57684e-07 5.37873e-08 5.21487e-09 4.09065e-10
 2.08892e-11 2.26732e-09 1.45108e-07 5.47592e-06 0.000121846 0.00159865 0.012368 0.0564292 0.151943 0.242323 0.233053 0.146669 0.0778956 0.0446824 0.022585 0.00792028 0.00192967 0.000386643 7.35539e-05 1.28391e-05 1.96329e-06 2.58515e-07 2.83711e-08 2.54432e-09 1.83765e-10
 2.09147e-11 2.27009e-09 1.45285e-07 5.48261e-06 0.000121995 0.0016006 0.0123831 0.0564979 0.152126 0.242597 0.233232 0.146555 0.0775182 0.0443219 0.0224717 0.00800224 0.00203198 0.000433578 8.43076e-05 1.38298e-05 1.8774e-06 2.20936e-07 2.24667e-08 1.89733e-09 1.28434e-10
 2.1805e-11 2.36673e-09 1.5147e-07 5.71601e-06 0.000127188 0.00166874 0.01291 0.0588986 0.15854 0.252424 0.240769 0.14605 0.0695801 0.0350615 0.0166915 0.00567794 0.0013113 0.000236405 3.98044e-05 6.2896e-06 8.70752e-07 1.01825e-07 9.66319e-09 7.33961e-10 4.49628e-11
 2.2239e-11 2.41383e-09 1.54485e-07 5.82977e-06 0.000129719 0.00170195 0.0131669 0.0600686 0.161666 0.257209 0.244423 0.145751 0.0656298 0.0304964 0.0139025 0.00462534 0.0010265 0.000168751 2.46817e-05 3.34078e-06 3.93383e-07 4.05627e-08 3.65678e-09 2.73853e-10 1.61904e-11
 2.26678e-11 2.46037e-09 1.57463e-07 5.94217e-06 0.00013222 0.00173476 0.0134206 0.0612247 0.164755 0.261936 0.248027 0.145439 0.0617027 0.0259695 0.0111526 0.00360676 0.000764953 0.000112625 1.38017e-05 1.58716e-06 1.6269e-07 1.43657e-08 1.09485e-09 7.04095e-11 3.74234e-12
#obs surv len freq
 3.86953e-11 3.58614e-09 1.95968e-07 6.31435e-06 0.000119968 0.00134402 0.0088806 0.0346451 0.0802592 0.113733 0.112596 0.109563 0.122496 0.124208 0.107739 0.0831787 0.054199 0.0286519 0.012428 0.00440734 0.00123726 0.00026309 4.04018e-05 4.28814e-06 3.03691e-07
 2.66639e-11 2.38337e-09 1.25616e-07 3.90382e-06 7.15371e-05 0.000773071 0.00492957 0.0186066 0.042261 0.0625253 0.0786295 0.112216 0.151538 0.160053 0.14001 0.106774 0.0671366 0.0339479 0.0141358 0.00481281 0.00128102 0.000253867 3.59123e-05 3.4951e-06 2.26727e-07
 1.40281e-11 1.2073e-09 6.12664e-08 1.83324e-06 3.23466e-05 0.000336631 0.00206899 0.00756155 0.017017 0.027421 0.0448141 0.0818061 0.129576 0.168807 0.1856 0.159704 0.100888 0.0481703 0.0185577 0.00586646 0.00146099 0.000271006 3.56477e-05 3.19892e-06 1.9013e-07
 2.4432e-10 2.02127e-08 9.85993e-07 2.83604e-05 0.000480991 0.00481005 0.0283632 0.0986233 0.202285 0.24517 0.177338 0.0813415 0.0335446 0.0268445 0.0313243 0.0301039 0.021471 0.0115808 0.00477789 0.00149404 0.000349304 5.97837e-05 7.24578e-06 5.99349e-07 3.2779e-08
 1.42955e-10 1.13513e-08 5.31469e-07 1.46723e-05 0.000238847 0.00229296 0.0129904 0.0435863 0.088227 0.117507 0.135305 0.172134 0.189873 0.139372 0.0644931 0.0211486 0.00725133 0.00336961 0.00152354 0.000521847 0.000126419 2.11739e-05 2.41335e-06 1.84077e-07 9.22291e-09
 3.53876e-10 2.69308e-08 1.20847e-06 3.1975e-05 0.000498854 0.00458922 0.0248984 0.0797284 0.151312 0.173915 0.134163 0.0963936 0.0885338 0.0881292 0.0771691 0.0508575 0.0222509 0.00616877 0.0011463 0.000178182 2.94202e-05 4.50151e-06 5.01828e-07 3.69414e-08 1.74464e-09
 4.49025e-10 3.27066e-08 1.40471e-06 3.55736e-05 0.000531205 0.00467761 0.0242987 0.0746176 0.136921 0.158281 0.141043 0.134885 0.129699 0.0962361 0.0547647 0.0270371 0.0117204 0.00403604 0.00101436 0.000177016 2.12625e-05 1.86372e-06 1.31533e-07 7.56066e-09 3.19032e-10
 6.4637e-10 4.50046e-08 1.84765e-06 4.47271e-05 0.000638436 0.00537394 0.0266856 0.078344 0.137511 0.152428 0.13143 0.123956 0.1218 0.0995761 0.0668056 0.0361767 0.0143443 0.00395395 0.000789688 0.000123359 1.51683e-05 1.36467e-06 8.41212e-08 3.49192e-09 9.95274e-11
 9.36369e-10 6.22464e-08 2.43988e-06 5.63913e-05 0.000768516 0.00617639 0.0292879 0.0821703 0.138351 0.149628 0.131938 0.129557 0.125302 0.0971401 0.0613448 0.0317506 0.0123464 0.003402 0.000669762 9.681e-05 1.03559e-05 8.1198e-07 4.57752e-08 1.79732e-09 4.73165e-11
 1.37376e-09 8.70928e-08 3.25567e-06 7.17611e-05 0.00093269 0.00714893 0.0323361 0.0866106 0.139797 0.147569 0.132708 0.133898 0.127226 0.0948115 0.0569163 0.0274679 0.00969723 0.00235254 0.000398378 4.9758e-05 4.72574e-06 3.33861e-07 1.68062e-08 5.82648e-10 1.36008e-11
 2.05855e-09 1.24331e-07 4.4278e-06 9.29791e-05 0.00115129 0.00840726 0.0362356 0.0925545 0.143016 0.146866 0.133014 0.135152 0.125475 0.090731 0.0527821 0.0243582 0.00806512 0.00179332 0.000269429 2.87291e-05 2.27279e-06 1.34065e-07 5.74851e-09 1.73527e-10 3.57753e-12
 3.1868e-09 1.83189e-07 6.2091e-06 0.000124094 0.00146243 0.0101644 0.0417015 0.101454 0.149753 0.148604 0.132966 0.133101 0.119778 0.0840313 0.0475017 0.0210934 0.00664562 0.00139627 0.000196745 1.93894e-05 1.38314e-06 7.14191e-08 2.61297e-09 6.63588e-11 1.15101e-12
 4.35215e-09 2.37889e-07 7.66711e-06 0.000145707 0.00163284 0.0107927 0.0421311 0.0977758 0.139367 0.13992 0.136421 0.144198 0.127694 0.086239 0.0466904 0.0197406 0.00589727 0.00117419 0.000156917 1.46463e-05 9.8295e-07 4.71748e-08 1.57877e-09 3.60062e-11 5.50465e-13
 7.00223e-09 3.63636e-07 1.11348e-05 0.000201045 0.00214051 0.0134422 0.0498582 0.109969 0.149134 0.142946 0.133724 0.136062 0.117442 0.0789372 0.0426348 0.0175238 0.00494444 0.000909232 0.000109986 9.15287e-06 5.47224e-07 2.37006e-08 7.25897e-10 1.52475e-11 2.14357e-13
 1.02505e-08 5.0536e-07 1.46908e-05 0.000251816 0.00254535 0.0151771 0.0534798 0.112378 0.147081 0.142089 0.140146 0.143298 0.117252 0.0726317 0.0358486 0.0135678 0.00355607 0.000608598 6.81571e-05 5.19035e-06 2.7982e-07 1.07978e-08 2.92924e-10 5.45281e-12 6.83409e-14
 1.56346e-08 7.31256e-07 2.0167e-05 0.000327951 0.0031449 0.0177914 0.0594978 0.118824 0.148744 0.140171 0.137381 0.138349 0.112267 0.0707111 0.0355226 0.0132833 0.00335276 0.000547085 5.83465e-05 4.22918e-06 2.15631e-07 7.76462e-09 1.93443e-10 3.25975e-12 3.65855e-14
 2.1112e-08 9.36222e-07 2.44804e-05 0.000377448 0.00343201 0.0184143 0.0584792 0.111588 0.137073 0.136458 0.146649 0.149955 0.11755 0.0707481 0.033841 0.0120189 0.00288809 0.000452422 4.69006e-05 3.3377e-06 1.66953e-07 5.82835e-09 1.38661e-10 2.20201e-12 2.30305e-14
 3.39027e-08 1.42472e-06 3.53032e-05 0.000515821 0.00444465 0.0225993 0.0680139 0.122991 0.143135 0.134928 0.138132 0.137635 0.109356 0.0689137 0.0340296 0.0119988 0.00279894 0.000425034 4.31323e-05 3.03345e-06 1.50045e-07 5.14366e-09 1.19176e-10 1.8299e-12 1.83691e-14
 4.53482e-08 1.80518e-06 4.23712e-05 0.000586449 0.00478717 0.0230691 0.0659366 0.11435 0.132759 0.135922 0.151381 0.149572 0.112247 0.065937 0.0304941 0.0102164 0.00230988 0.000348611 3.60121e-05 2.60234e-06 1.30901e-07 4.47976e-09 1.02086e-10 1.5274e-12 1.48431e-14
 7.55405e-08 2.8475e-06 6.32905e-05 0.000829507 0.00641194 0.0292579 0.0791663 0.129812 0.141743 0.135123 0.141248 0.135084 0.101625 0.0607228 0.0278421 0.00890952 0.00187442 0.000259125 2.44122e-05 1.62887e-06 7.76127e-08 2.5802e-09 5.79714e-11 8.57721e-13 8.19906e-15
 1.00738e-07 3.59501e-06 7.56484e-05 0.000938684 0.00687046 0.0297047 0.0763997 0.120829 0.134209 0.141492 0.157526 0.145525 0.10069 0.0545009 0.0228658 0.00681756 0.00135624 0.000179142 1.61765e-05 1.02567e-06 4.56789e-08 1.40114e-09 2.89829e-11 3.97847e-13 3.5727e-15
 1.61394e-07 5.45198e-06 0.000108596 0.00127554 0.00883731 0.0361678 0.0880519 0.131771 0.138276 0.137648 0.146611 0.133598 0.094703 0.0530183 0.0222252 0.0063606 0.00118467 0.00014444 1.19567e-05 6.96125e-07 2.86974e-08 8.20663e-10 1.58459e-11 2.02176e-13 1.67704e-15
 2.322e-07 7.42434e-06 0.000139975 0.00155623 0.0102072 0.0395722 0.0915356 0.131868 0.138924 0.145051 0.154815 0.133134 0.0865183 0.0441276 0.017056 0.00457437 0.000809782 9.49472e-05 7.59751e-06 4.24466e-07 1.65042e-08 4.37684e-10 7.76203e-12 9.0763e-14 6.91456e-16
 2.93023e-07 8.86809e-06 0.000158256 0.00166549 0.0103429 0.0380115 0.0838145 0.117838 0.129542 0.148172 0.163889 0.141394 0.0931802 0.0480786 0.0182914 0.00471904 0.000797507 8.94757e-05 6.88616e-06 3.70852e-07 1.38669e-08 3.51712e-10 5.92033e-12 6.50993e-14 4.61791e-16
 4.7346e-07 1.35633e-05 0.000229112 0.00228237 0.0134167 0.0466741 0.0974092 0.129525 0.134304 0.144932 0.153267 0.129323 0.0848674 0.0432788 0.015894 0.00389193 0.000620076 6.55101e-05 4.75211e-06 2.41555e-07 8.53668e-09 2.04893e-10 3.2659e-12 3.39888e-14 2.27777e-16
 6.33583e-07 1.71823e-05 0.000274768 0.00259144 0.0144277 0.0476183 0.0950232 0.124572 0.136529 0.157635 0.164235 0.129041 0.0770242 0.0357191 0.012081 0.00275582 0.00041193 4.09908e-05 2.80284e-06 1.33967e-07 4.43483e-09 9.94089e-11 1.47786e-12 1.43447e-14 8.97187e-17
 9.31472e-07 2.39162e-05 0.000362099 0.00323346 0.0170473 0.0533182 0.101134 0.12743 0.137179 0.156084 0.158942 0.12362 0.0740256 0.0339257 0.0109862 0.00233701 0.000319268 2.85375e-05 1.7339e-06 7.37918e-08 2.20263e-09 4.51277e-11 6.1847e-13 5.55348e-15 3.21535e-17
 1.32063e-06 3.21075e-05 0.000460311 0.00389256 0.019441 0.0576921 0.104538 0.128888 0.141317 0.161968 0.159152 0.117269 0.0661708 0.0285099 0.00868129 0.00174134 0.000225282 1.91237e-05 1.09927e-06 4.36526e-08 1.19258e-09 2.20065e-11 2.69493e-13 2.16275e-15 1.12535e-17
#pred catch len freq
 1.2403e-11 1.34622e-09 8.61582e-08 3.25134e-06 7.23467e-05 0.000949237 0.00734487 0.0335366 0.0906519 0.147406 0.155245 0.134876 0.127336 0.112119 0.0761874 0.0440927 0.0256118 0.0152117 0.00932299 0.0060923 0.00433592 0.00341303 0.00283144 0.00213122 0.00122908
 8.6944e-12 9.43694e-10 6.03963e-08 2.27917e-06 5.07149e-05 0.000665433 0.00514968 0.0235318 0.0638598 0.105872 0.12099 0.129113 0.148523 0.143249 0.104798 0.0665576 0.0400759 0.0219426 0.0112552 0.00586285 0.00328523 0.00208355 0.00148857 0.00104721 0.000596249
 5.76178e-12 6.25386e-10 4.00246e-08 1.51041e-06 3.3609e-05 0.000440999 0.00341334 0.0156096 0.0425271 0.0718421 0.0882619 0.108873 0.140452 0.14798 0.125859 0.0984335 0.0700776 0.0427862 0.0228286 0.0109257 0.00491649 0.00231619 0.00126262 0.000756224 0.000403213
 1.3497e-11 1.46497e-09 9.37581e-08 3.53814e-06 7.8728e-05 0.00103295 0.00799184 0.0364736 0.0983565 0.158048 0.157684 0.115296 0.0876099 0.0769 0.0678395 0.0598434 0.0498782 0.036948 0.0236932 0.0127519 0.00576523 0.00230412 0.000914572 0.000404594 0.000182501
 1.78392e-11 1.93627e-09 1.23921e-07 4.6764e-06 0.000104056 0.00136525 0.0105626 0.0481998 0.129892 0.208025 0.204209 0.139952 0.0915444 0.0649056 0.0398139 0.0214237 0.0133067 0.0100187 0.00750936 0.00488311 0.00259829 0.00111178 0.000395885 0.000130399 4.35628e-05
 1.44203e-11 1.56518e-09 1.00172e-07 3.78017e-06 8.41136e-05 0.00110362 0.00853916 0.0389836 0.105291 0.170529 0.176404 0.145092 0.127377 0.105779 0.0649368 0.0301265 0.0128664 0.00582773 0.00306822 0.00191387 0.001167 0.000587579 0.00023016 7.11773e-05 1.86794e-05
 1.592e-11 1.72797e-09 1.1059e-07 4.17331e-06 9.28613e-05 0.00121838 0.00942665 0.0430241 0.11605 0.186716 0.187367 0.139489 0.106855 0.0857933 0.058136 0.034003 0.0182149 0.00826745 0.00317098 0.0012048 0.000536807 0.000264596 0.000115786 3.92135e-05 1.00022e-05
 1.58806e-11 1.72368e-09 1.10315e-07 4.16296e-06 9.26312e-05 0.00121537 0.0094034 0.0429201 0.1158 0.186553 0.188322 0.143045 0.112501 0.0893775 0.0561126 0.0285159 0.0140952 0.00700759 0.00319198 0.00123648 0.000408518 0.000132026 4.67847e-05 1.59252e-05 4.30238e-06
 1.58395e-11 1.71922e-09 1.1003e-07 4.15219e-06 9.23916e-05 0.00121222 0.00937907 0.042809 0.115499 0.186063 0.187805 0.142615 0.112248 0.0896578 0.0571797 0.0297486 0.014528 0.00666625 0.00281266 0.00111835 0.000400076 0.000120709 3.15586e-05 7.93758e-06 1.90871e-06
 1.66657e-11 1.8089e-09 1.1577e-07 4.36878e-06 9.72109e-05 0.00127545 0.00986812 0.0450377 0.121463 0.195275 0.195239 0.143362 0.106746 0.082349 0.0514243 0.0260381 0.0124379 0.00568957 0.0023707 0.000895914 0.000304994 9.19834e-05 2.36505e-05 5.05591e-06 9.30522e-07
 1.72918e-11 1.87686e-09 1.20119e-07 4.5329e-06 0.000100863 0.00132336 0.0102387 0.0467269 0.12599 0.202317 0.201166 0.144739 0.103842 0.0777528 0.0469542 0.0222701 0.00977177 0.0042013 0.00168933 0.000625719 0.000208007 6.02817e-05 1.49308e-05 3.07672e-06 5.1263e-07
 1.79561e-11 1.94897e-09 1.24734e-07 4.70706e-06 0.000104738 0.0013742 0.0106319 0.0485189 0.130786 0.209732 0.207181 0.145448 0.0996086 0.0720909 0.0424837 0.0192923 0.0078906 0.00313132 0.00115496 0.000395552 0.000124782 3.49704e-05 8.38701e-06 1.66294e-06 2.64319e-07
 1.83504e-11 1.99176e-09 1.27473e-07 4.81042e-06 0.000107038 0.00140437 0.0108653 0.0495823 0.13363 0.21411 0.210643 0.145569 0.0966322 0.0684012 0.0399067 0.0179023 0.00715383 0.00273106 0.000946215 0.000297356 8.54003e-05 2.20104e-05 4.96428e-06 9.42554e-07 1.4412e-07
 1.85353e-11 2.01183e-09 1.28757e-07 4.85888e-06 0.000108116 0.00141852 0.0109748 0.0500814 0.13497 0.216217 0.212527 0.146344 0.0963324 0.0674007 0.0383996 0.0162455 0.00591213 0.00209128 0.000692422 0.000208101 5.60162e-05 1.3223e-05 2.70758e-06 4.71983e-07 6.76513e-08
 1.91522e-11 2.07879e-09 1.33042e-07 5.0206e-06 0.000111715 0.00146573 0.0113399 0.051745 0.139416 0.223041 0.217817 0.146184 0.0911318 0.0612218 0.0344059 0.014451 0.00517207 0.00175566 0.00054026 0.00014874 3.72283e-05 8.26186e-06 1.57309e-06 2.50642e-07 3.26853e-08
 1.9327e-11 2.09776e-09 1.34257e-07 5.06643e-06 0.000112734 0.00147911 0.0114434 0.0522165 0.140678 0.224993 0.219408 0.146392 0.0900428 0.0597211 0.0331551 0.0135772 0.00465052 0.00151604 0.000453481 0.000120158 2.81831e-05 5.74898e-06 1.00668e-06 1.48454e-07 1.78497e-08
 1.9283e-11 2.09298e-09 1.33951e-07 5.05487e-06 0.000112477 0.00147574 0.0114173 0.0520979 0.140365 0.224535 0.21917 0.146788 0.0910049 0.0605656 0.0333035 0.0131868 0.00422057 0.00127589 0.00035974 9.06524e-05 2.03528e-05 3.9635e-06 6.50931e-07 8.84644e-08 9.75382e-09
 1.96221e-11 2.1298e-09 1.36307e-07 5.14379e-06 0.000114455 0.00150169 0.011618 0.0530123 0.142807 0.228268 0.221991 0.14646 0.0877763 0.0569153 0.0311905 0.0125214 0.0041147 0.00125814 0.000343976 8.11066e-05 1.69136e-05 3.09301e-06 4.812e-07 6.18894e-08 6.38657e-09
 1.98937e-11 2.15927e-09 1.38193e-07 5.21496e-06 0.000116039 0.00152247 0.0117788 0.0537445 0.144764 0.231275 0.224334 0.146429 0.0855419 0.0542119 0.0293687 0.011634 0.00374329 0.00112876 0.000310533 7.40996e-05 1.52749e-05 2.66213e-06 3.86215e-07 4.6314e-08 4.48936e-09
 2.02896e-11 2.20224e-09 1.40943e-07 5.31876e-06 0.000118349 0.00155277 0.0120131 0.0548124 0.14762 0.235674 0.227823 0.146583 0.0825905 0.0504806 0.0266439 0.0100722 0.00294793 0.000797903 0.000205364 4.74949e-05 9.69875e-06 1.69248e-06 2.43246e-07 2.81196e-08 2.56614e-09
 2.06954e-11 2.24629e-09 1.43762e-07 5.42513e-06 0.000120716 0.00158382 0.0122533 0.0559065 0.150544 0.240157 0.231284 0.146424 0.0790835 0.0463416 0.023998 0.00892904 0.00252882 0.000646528 0.00015382 3.21675e-05 5.96922e-06 9.81229e-07 1.37401e-07 1.573e-08 1.41714e-09
 2.10013e-11 2.27949e-09 1.45887e-07 5.50532e-06 0.0001225 0.00160723 0.0124343 0.0567314 0.152749 0.243542 0.233913 0.146361 0.0765249 0.0432728 0.0219672 0.00797678 0.00214316 0.000508077 0.000113412 2.23873e-05 3.85543e-06 5.76626e-07 7.32215e-08 7.7692e-09 6.70119e-10
 2.14229e-11 2.32525e-09 1.48816e-07 5.61584e-06 0.000124959 0.0016395 0.0126839 0.0578682 0.155786 0.248193 0.237473 0.146097 0.0727282 0.038866 0.0192488 0.00691882 0.00183277 0.000423163 9.07144e-05 1.6868e-05 2.69746e-06 3.7474e-07 4.40397e-08 4.26981e-09 3.34932e-10
 2.14214e-11 2.32508e-09 1.48805e-07 5.61543e-06 0.00012495 0.00163938 0.0126829 0.0578641 0.155776 0.248189 0.237521 0.146265 0.0729963 0.0390478 0.0191806 0.00668089 0.00162553 0.000325628 6.1945e-05 1.08127e-05 1.65343e-06 2.17713e-07 2.38933e-08 2.14275e-09 1.54762e-10
 2.15919e-11 2.34359e-09 1.4999e-07 5.66014e-06 0.000125945 0.00165243 0.0127839 0.0583239 0.157004 0.250063 0.238925 0.146061 0.0713123 0.0371698 0.0181293 0.00639643 0.00162129 0.000345842 6.72455e-05 1.10309e-05 1.49745e-06 1.76223e-07 1.79199e-08 1.51335e-09 1.02442e-10
 2.23146e-11 2.42203e-09 1.5501e-07 5.84958e-06 0.00013016 0.00170773 0.0132116 0.0602724 0.16221 0.258039 0.245041 0.145648 0.0648651 0.0296509 0.0134392 0.00451399 0.0010398 0.000187372 3.15465e-05 4.98472e-06 6.90099e-07 8.06995e-08 7.6584e-09 5.81689e-10 3.56345e-11
 2.26971e-11 2.46355e-09 1.57667e-07 5.94986e-06 0.000132391 0.001737 0.013438 0.0613038 0.164966 0.262257 0.24826 0.145379 0.0613758 0.025622 0.0109827 0.00359273 0.000794532 0.000130532 1.90899e-05 2.58387e-06 3.04256e-07 3.13726e-08 2.82828e-09 2.11807e-10 1.25222e-11
 2.29046e-11 2.48607e-09 1.59108e-07 6.00425e-06 0.000133601 0.00175288 0.0135608 0.0618632 0.16646 0.264545 0.250009 0.145242 0.0594957 0.0234447 0.00964584 0.00308074 0.000651652 9.58949e-05 1.17505e-05 1.35126e-06 1.3851e-07 1.22306e-08 9.32118e-10 5.99446e-11 3.18611e-12
#obs catch len freq
 3.89567e-11 3.61037e-09 1.97292e-07 6.35701e-06 0.000120778 0.00135309 0.00894043 0.0348759 0.0807622 0.114218 0.112158 0.107376 0.119421 0.122843 0.109185 0.0854414 0.055365 0.0289731 0.0126482 0.00461765 0.00134696 0.000296331 4.67314e-05 5.07117e-06 3.66757e-07
 5.32862e-11 4.76301e-09 2.51036e-07 7.80151e-06 0.000142959 0.00154474 0.00984486 0.037052 0.0828914 0.114005 0.111668 0.110521 0.124085 0.124353 0.106799 0.081399 0.052045 0.0269525 0.0114288 0.00394019 0.00106717 0.000217103 3.16431e-05 3.16613e-06 2.10247e-07
 3.78255e-11 3.25539e-09 1.652e-07 4.94315e-06 8.72164e-05 0.000907499 0.00557235 0.0202635 0.044452 0.0642146 0.0808647 0.11581 0.153729 0.159406 0.137746 0.103406 0.0636596 0.0315058 0.0128161 0.00423468 0.00108489 0.000205315 2.7536e-05 2.52473e-06 1.53495e-07
 2.04964e-11 1.69567e-09 8.27169e-08 2.37924e-06 4.03549e-05 0.000403727 0.00238583 0.00839197 0.0182622 0.0289403 0.0474686 0.0859044 0.133651 0.171638 0.185202 0.155032 0.0951434 0.0442997 0.0166559 0.005109 0.00122382 0.000216511 2.69652e-05 2.27749e-06 1.26791e-07
 3.53101e-10 2.80378e-08 1.31273e-06 3.62405e-05 0.00058993 0.00566231 0.0320465 0.106953 0.210562 0.245012 0.170376 0.0757812 0.0316586 0.0264327 0.0305379 0.0285289 0.0197621 0.0103499 0.0041337 0.00124599 0.000279348 4.55505e-05 5.22385e-06 4.06428e-07 2.08079e-08
 2.14139e-10 1.62966e-08 7.31278e-07 1.9349e-05 0.000301882 0.00277765 0.0150836 0.0485321 0.0944135 0.121955 0.138758 0.173913 0.185312 0.130498 0.0581507 0.0187527 0.00656331 0.00306349 0.00134419 0.000441117 0.000101797 1.61665e-05 1.73907e-06 1.24626e-07 5.84225e-09
 5.30398e-10 3.86337e-08 1.65927e-06 4.20201e-05 0.00062746 0.00552482 0.0286897 0.0879396 0.159834 0.17636 0.131945 0.094074 0.0862487 0.0848102 0.0724941 0.0459986 0.0192308 0.00509692 0.000915716 0.000140604 2.2843e-05 3.3444e-06 3.51435e-07 2.42462e-08 1.06962e-09
 6.81795e-10 4.74712e-08 1.94891e-06 4.71785e-05 0.000673428 0.00566852 0.0281493 0.0826556 0.145206 0.161596 0.140854 0.132919 0.12426 0.0893355 0.0497829 0.0242115 0.0102506 0.00341089 0.000822316 0.000137083 1.57354e-05 1.32319e-06 8.9499e-08 4.87639e-09 1.92846e-10
 9.94741e-10 6.61268e-08 2.59198e-06 5.99066e-05 0.00081642 0.00656123 0.031109 0.0872238 0.146382 0.155948 0.131169 0.121788 0.116668 0.0930261 0.0610295 0.0320416 0.0122103 0.00323391 0.000623781 9.4213e-05 1.11139e-05 9.50439e-07 5.53963e-08 2.16903e-09 5.81743e-11
 1.46649e-09 9.29715e-08 3.47543e-06 7.66049e-05 0.00099564 0.00763122 0.0345126 0.0923707 0.148529 0.154124 0.13191 0.126212 0.118186 0.0891152 0.0550176 0.0276422 0.0103415 0.00273532 0.000517367 7.17941e-05 7.35029e-06 5.49252e-07 2.9358e-08 1.08691e-09 2.68552e-11
 2.17703e-09 1.31487e-07 4.68264e-06 9.83305e-05 0.00121755 0.00889086 0.0383148 0.0977983 0.150601 0.152348 0.132558 0.129548 0.11876 0.0859267 0.0503093 0.0234909 0.00794899 0.00184471 0.000299723 3.59935e-05 3.27661e-06 2.20482e-07 1.05096e-08 3.43444e-10 7.52835e-12
 3.28818e-09 1.89016e-07 6.40663e-06 0.000128041 0.00150895 0.0104875 0.0430236 0.104624 0.154094 0.151491 0.132427 0.129845 0.116107 0.0814636 0.0461454 0.0205483 0.006502 0.00137814 0.00019784 2.02153e-05 1.53161e-06 8.61556e-08 3.50402e-09 9.98205e-11 1.93345e-12
 5.11669e-09 2.79678e-07 9.01398e-06 0.000171303 0.00191963 0.0126869 0.0494976 0.114542 0.160995 0.152732 0.131524 0.126641 0.109643 0.0746119 0.041011 0.0175352 0.00527038 0.00105392 0.000141633 1.33415e-05 9.08778e-07 4.46373e-08 1.5469e-09 3.70712e-11 6.04612e-13
 7.1117e-09 3.6932e-07 1.13089e-05 0.000204188 0.00217398 0.0136524 0.0506371 0.111682 0.151422 0.144985 0.135165 0.136494 0.115972 0.0758817 0.039891 0.0162156 0.00461608 0.000874001 0.000111298 9.9177e-06 6.3457e-07 2.89183e-08 9.15087e-10 1.96643e-11 2.82396e-13
 1.15017e-08 5.67046e-07 1.6484e-05 0.000282552 0.00285595 0.0170269 0.0599573 0.125563 0.161725 0.147284 0.130881 0.126735 0.104962 0.0683684 0.0357567 0.0140737 0.00377169 0.00065773 7.56355e-05 6.00191e-06 3.42211e-07 1.40847e-08 4.07991e-10 8.07165e-12 1.06519e-13
 1.69113e-08 7.90971e-07 2.18138e-05 0.000354731 0.00340166 0.0192426 0.0643298 0.128262 0.159321 0.146071 0.136576 0.132616 0.103882 0.0622398 0.0297338 0.0107784 0.00268213 0.000434839 4.62195e-05 3.34985e-06 1.71938e-07 6.29832e-09 1.6153e-10 2.8323e-12 3.33318e-14
 2.59301e-08 1.14988e-06 3.00671e-05 0.000463581 0.00421492 0.0226079 0.0716845 0.135735 0.161034 0.143523 0.13272 0.126755 0.0986369 0.0601346 0.0291485 0.0103988 0.00248631 0.000383901 3.88306e-05 2.67591e-06 1.29682e-07 4.42449e-09 1.04036e-10 1.64935e-12 1.73693e-14
 3.53562e-08 1.4858e-06 3.68168e-05 0.000537936 0.0046352 0.0235681 0.0709282 0.128248 0.149163 0.140165 0.14191 0.13758 0.103395 0.0601929 0.0277525 0.0093968 0.00213867 0.000317129 3.11905e-05 2.10941e-06 1.00135e-07 3.30554e-09 7.40902e-11 1.10534e-12 1.08348e-14
 5.66561e-08 2.25531e-06 5.29365e-05 0.000732664 0.00598009 0.0288024 0.0821075 0.140605 0.154731 0.137276 0.132058 0.124902 0.095441 0.0581631 0.0275581 0.00922864 0.00203606 0.000292679 2.81879e-05 1.88324e-06 8.82918e-08 2.85765e-09 6.22921e-11 8.97411e-13 8.43255e-15
 7.72179e-08 2.91073e-06 6.46958e-05 0.000847927 0.00655434 0.0299082 0.0809323 0.132756 0.145149 0.138595 0.144054 0.13475 0.0970878 0.0551086 0.0244632 0.00779234 0.00166906 0.000238875 2.34363e-05 1.60678e-06 7.64144e-08 2.46324e-09 5.27204e-11 7.39113e-13 6.71571e-15
 1.28118e-07 4.5721e-06 9.62083e-05 0.00119376 0.00873581 0.0377359 0.0966351 0.149757 0.153608 0.135729 0.131667 0.119173 0.0861817 0.0496461 0.0217472 0.00659215 0.00131072 0.000171597 1.53555e-05 9.73609e-07 4.39418e-08 1.37728e-09 2.90557e-11 4.02385e-13 3.59138e-15
 1.7328e-07 5.8535e-06 0.000116593 0.00136946 0.00948782 0.0388251 0.094462 0.14095 0.146219 0.14175 0.146226 0.127728 0.0847927 0.0442298 0.0177465 0.0050172 0.000943874 0.000118076 1.01174e-05 6.08363e-07 2.56138e-08 7.4e-10 1.43723e-11 1.84738e-13 1.5495e-15
 2.77602e-07 8.87601e-06 0.000167343 0.00186043 0.0121999 0.0472512 0.108785 0.153409 0.149695 0.135819 0.1333 0.114932 0.07826 0.0420868 0.0167878 0.00454001 0.00079802 9.20286e-05 7.22472e-06 3.98962e-07 1.55529e-08 4.18847e-10 7.58848e-12 9.05846e-14 7.01306e-16
 3.9814e-07 1.20493e-05 0.000215023 0.00226274 0.0140468 0.0515334 0.112692 0.15277 0.149085 0.141666 0.139721 0.113705 0.0709022 0.0347438 0.012792 0.00324522 0.00054262 6.0197e-05 4.56463e-06 2.41423e-07 8.85802e-09 2.20899e-10 3.67336e-12 4.01787e-14 2.85666e-16
 5.18492e-07 1.48533e-05 0.000250902 0.00249939 0.0146908 0.0510804 0.10635 0.139958 0.140482 0.144485 0.147645 0.120813 0.076414 0.037762 0.0136391 0.00332314 0.000530257 5.62911e-05 4.10459e-06 2.09123e-07 7.37146e-09 1.75617e-10 2.76866e-12 2.84451e-14 1.88136e-16
 8.34745e-07 2.26375e-05 0.000361995 0.00341368 0.0189942 0.0625142 0.123139 0.152938 0.143793 0.138102 0.134283 0.107424 0.0675803 0.0329061 0.0114438 0.00264314 0.000397396 3.97123e-05 2.7284e-06 1.31153e-07 4.36773e-09 9.84291e-11 1.46871e-12 1.42736e-14 8.91331e-17
 1.1379e-06 2.92164e-05 0.000442337 0.00394961 0.0208142 0.0649712 0.122129 0.148369 0.145091 0.148212 0.142205 0.105832 0.0604713 0.0267718 0.0085781 0.00184621 0.000260437 2.45073e-05 1.58616e-06 7.16365e-08 2.23303e-09 4.69715e-11 6.53443e-13 5.92098e-15 3.44974e-17
 1.68181e-06 4.08884e-05 0.00058618 0.00495617 0.024735 0.0731535 0.130542 0.151659 0.144151 0.144169 0.13515 0.0996346 0.0570236 0.0248593 0.00760275 0.00152255 0.000195936 1.65373e-05 9.5058e-07 3.82471e-08 1.07595e-09 2.06968e-11 2.6544e-13 2.2246e-15 1.19949e-17
#spawning biomass
 33726.3 31484.7 23153.2 12199.7 14321.4 19956.6 31627.8 36830.5 47768.6 52746.9 54221.4 56792.1 73698.6 72049.3 78971.6 92685.4 84897.2 93385.6 109448 96290 94723 92477.2 108208 92911.9 109664 89017.4 96535.4 97354.5 130334 278790 316819 311726 282557 244766 207684 175686 150064 130515 116089 105694 98331.3 93184.4 89606.8 87085.3 85397.3 84267.2 83510.6 83004.1 82665 82438 82286.1 82184.3 82116.2 82070.6 82040.1 82019.6 82006 81996.8 81990.7 81986.6 81983.8 81982 81980.7 81979.9 81979.4 81979 81978.7 81978.6 81978.5 81978.4 81978.3 81978.3 81978.3 81978.3 81978.3 81978.3 81978.2 81978.2 81978.2 81978.2 81978.2 81978.2 81978.2 81978.2 81978.2 81978.2 81978.2 81978.2 81978.2 81978.2 81978.2 81978.2 81978.2 81978.2 81978.2 81978.2 81978.2 81978.2 81978.2 81978.2 81978.2 81978.2 81978.2 81978.2 81978.2 81978.2 81978.2 81978.2 81978.2 81978.2 81978.2 81978.2 81978.2 81978.2 81978.2 81978.2 81978.2 81978.2 81978.2 81978.2 81978.2 81978.2 81978.2 81978.2 81978.2 81978.2 81978.2 81978.2 0 0 0 0 0 0 0 0 0 0 0 0 0 0 0 0 0 0 0 0 0 0 0 0 0
