SBPRF35
0.185483
Curr Bio
193788
B35
193066
F35
1.29984
FOFL
1.29984
OFL
117256
Bzero
52994.1
#pred survey bio
 18354.3 15166.6 16915.3 18610.9 22476.6 26921.8 29157.7 35548.2 49263.4 66002.3 77876.3 92581.3 128639 164025 153553 124334 111895 115715 107677 104730 107097 110472 124060 138642 146160 158248 141397 129395 146815 6.1351e+06 4.81289e+06 2.65617e+06 1.31461e+06 810487 611419 516836 464949 434350 415778 404395 397404 393112 390478 388857 387862 387265 386906 386690 386560 386482 386435 386406 386389 386379 386372 386369 386366 386365 386364 386364 386363 386363 386363 386363 386363 386363 386363 386363 386363 386363 386363 386363 386363 386363 386363 386363 386363 386363 386363 386363 386363 386363 386363 386363 386363 386363 386363 386363 386363 386363 386363 386363 386363 386363 386363 386363 386363 386363 386363 386363 386363 386363 386363 386363 386363 386363 386363 386363 386363 386363 386363 386363 386363 386363 386363 386363 386363 386363 386363 386363 386363 386363 386363 386363 386363 386363 386363 386363 386363 0 0 0 0 0 0 0 0 0 0 0 0 0 0 0 0 0 0 0 0 0 0 0 0 0
#obs survey bio
 16143.2 11657.5 13102.3 17684.9 21892.5 22171.5 27614.9 34166.8 45409.8 68572.6 70824.6 76851.5 85216.9 107185 154693 83000.7 89485.9 92431.6 88796.3 56361.6 64628.5 106017 76214.5 121802 113069 140634 114766 57689.2 101844
#pred catch bio
 9649.93 6448.24 7867.77 8566.94 10571 14605 16205.7 19082.7 26108.1 36758.3 46849.8 54641.9 73985.5 106589 108599 90340 77170.3 85366.5 78667.2 76619.4 80255.7 79665.6 89800.2 105454 109009 126720 111751 99693.6 27718.4 117256 115194 56261 19483 9638.64 7513.64 7091.07 7011.07 6996.43 6993.82 6993.36 6993.29 6993.27 6993.27 6993.27 6993.27 6993.27 6993.27 6993.27 6993.27 6993.27 6993.27 6993.27 6993.27 6993.27 6993.27 6993.27 6993.27 6993.27 6993.27 6993.27 6993.27 6993.27 6993.27 6993.27 6993.27 6993.27 6993.27 6993.27 6993.27 6993.27 6993.27 6993.27 6993.27 6993.27 6993.27 6993.27 6993.27 6993.27 6993.27 6993.27 6993.27 6993.27 6993.27 6993.27 6993.27 6993.27 6993.27 6993.27 6993.27 6993.27 6993.27 6993.27 6993.27 6993.27 6993.27 6993.27 6993.27 6993.27 6993.27 6993.27 6993.27 6993.27 6993.27 6993.27 6993.27 6993.27 6993.27 6993.27 6993.27 6993.27 6993.27 6993.27 6993.27 6993.27 6993.27 6993.27 6993.27 6993.27 6993.27 6993.27 6993.27 6993.27 6993.27 6993.27 6993.27 6993.27 6993.27 6993.27 6993.27 0 0 0 0 0 0 0 0 0 0 0 0 0 0 0 0 0 0 0 0 0 0 0 0 0
#obs catch bio
 7238.53 6483.91 7914.29 8654.94 10444.7 14736.7 16387.3 19128.7 25583.6 35577 45344.7 53517.8 71892.1 106041 107937 91164.5 76069.9 86141.7 77556.3 76089.2 79524.3 77720.4 88214.3 101759 104201 123883 108174 99405.9 27130.9
#pred cpue bio
 12999.6 9840.11 10664.9 11412.3 13181.2 15835.8 16807.9 18891.9 25259.7 35013.1 42947.7 47821.1 62593.1 86126.2 86866.5 69007.3 57115.6 59024.6 54549 52384.4 52257.3 52767.7 59098.1 66047.3 68452.6 74857.2 68475.3 62265.2 65155.4 3.73505e+06 3.95252e+06 2.53184e+06 1.21162e+06 700092 499382 404480 352528 321916 303341 291958 284966 280674 278041 276420 275424 274827 274468 274253 274123 274044 273997 273968 273951 273941 273935 273931 273929 273927 273926 273926 273926 273925 273925 273925 273925 273925 273925 273925 273925 273925 273925 273925 273925 273925 273925 273925 273925 273925 273925 273925 273925 273925 273925 273925 273925 273925 273925 273925 273925 273925 273925 273925 273925 273925 273925 273925 273925 273925 273925 273925 273925 273925 273925 273925 273925 273925 273925 273925 273925 273925 273925 273925 273925 273925 273925 273925 273925 273925 273925 273925 273925 273925 273925 273925 273925 273925 273925 273925 273925 0 0 0 0 0 0 0 0 0 0 0 0 0 0 0 0 0 0 0 0 0 0 0 0 0
#obs cpue bio
 10804.5 8809.36 12144.5 11205.6 21127 12857.8 16781.4 20753.2 45590.9 62444.9 75386.5 78900.2 122309 116770 107957 91887.8 84925.1 62188.8 92446.8 100864 101809 91894.1 116242 161156 172060 107926 148358 136337 147168
#pred surv len freq
 2.5634e-27 2.58898e-27 3.36788e-26 6.56487e-20 1.6093e-14 4.76864e-10 1.70805e-06 0.00073952 0.0387038 0.244851 0.187597 0.0398134 0.171243 0.158219 0.0378379 0.0468556 0.0202019 0.015633 0.00965478 0.00735148 0.00575266 0.00494799 0.00492788 0.00434539 0.00132359
 2.56523e-27 2.59396e-27 3.80234e-26 7.48138e-20 1.83397e-14 5.43438e-10 1.9465e-06 0.000842761 0.0441071 0.279034 0.213686 0.0390382 0.147017 0.136257 0.0413475 0.060131 0.0202415 0.00818326 0.00368378 0.00212365 0.00136314 0.00100731 0.000889672 0.000784095 0.000261586
 2.56569e-27 2.59516e-27 3.90224e-26 7.6921e-20 1.88563e-14 5.58745e-10 2.00133e-06 0.0008665 0.0453495 0.286893 0.219694 0.0394798 0.146156 0.135267 0.03763 0.0520268 0.0197066 0.0111514 0.00353521 0.00109421 0.000468757 0.00026598 0.000195123 0.000161568 5.57876e-05
 2.56603e-27 2.59599e-27 3.96467e-26 7.82375e-20 1.9179e-14 5.68308e-10 2.03558e-06 0.00088133 0.0461256 0.291803 0.223454 0.0401591 0.148683 0.137458 0.0354803 0.0464839 0.0166676 0.00825674 0.00308778 0.00106534 0.000238186 7.54279e-05 3.94608e-05 2.81785e-05 9.63021e-06
 2.56718e-27 2.59906e-27 4.23071e-26 8.38497e-20 2.05547e-14 6.09074e-10 2.1816e-06 0.00094455 0.0494343 0.312735 0.239432 0.0398149 0.134839 0.124618 0.0320492 0.0418452 0.0145536 0.00651551 0.00223334 0.00073966 0.000192992 3.58464e-05 8.84945e-06 4.55565e-06 1.46068e-06
 2.56656e-27 2.59726e-27 4.06215e-26 8.02936e-20 1.9683e-14 5.83242e-10 2.08908e-06 0.00090449 0.0473378 0.299472 0.229324 0.0410707 0.151497 0.139832 0.0318916 0.0376341 0.0129448 0.00558333 0.0018122 0.000535572 0.000128574 2.5117e-05 3.41346e-06 7.95466e-07 2.13383e-07
 2.56695e-27 2.5983e-27 4.15069e-26 8.21612e-20 2.01408e-14 5.96808e-10 2.13767e-06 0.000925528 0.0484388 0.306437 0.234643 0.0410512 0.147612 0.13623 0.0309666 0.0363785 0.0117546 0.00392301 0.00121357 0.000336917 7.24971e-05 1.28184e-05 1.60434e-06 1.59327e-07 2.48994e-08
 2.56877e-27 2.60315e-27 4.57269e-26 9.10633e-20 2.23231e-14 6.61472e-10 2.36928e-06 0.00102581 0.0536871 0.33964 0.259985 0.0404001 0.124852 0.115095 0.0248453 0.0277223 0.00888816 0.00284794 0.000792111 0.000175475 3.48271e-05 5.52459e-06 6.15161e-07 4.38209e-08 2.79153e-09
 2.5691e-27 2.60397e-27 4.63574e-26 9.2393e-20 2.2649e-14 6.71131e-10 2.40388e-06 0.00104079 0.0544711 0.344599 0.263781 0.0409859 0.126643 0.116575 0.0219913 0.0208239 0.00654179 0.00190214 0.000515832 0.000106519 1.73004e-05 2.33373e-06 2.30034e-07 1.38467e-08 4.77495e-10
 2.56827e-27 2.60169e-27 4.43299e-26 8.81158e-20 2.16005e-14 6.40062e-10 2.2926e-06 0.000992606 0.0519494 0.328646 0.25161 0.0416285 0.140084 0.128982 0.0242555 0.0228491 0.00691871 0.0015874 0.000403603 7.63023e-05 1.16653e-05 1.32739e-06 1.06328e-07 5.49893e-09 1.43553e-10
 2.56744e-27 2.59948e-27 4.24096e-26 8.4065e-20 2.06075e-14 6.10638e-10 2.1872e-06 0.000946975 0.0495612 0.313538 0.240078 0.0419089 0.15032 0.138501 0.0272578 0.0272986 0.00824197 0.00183321 0.00043561 6.62292e-05 9.11951e-06 9.4891e-07 6.44776e-08 2.66994e-09 5.76004e-11
 2.56904e-27 2.60383e-27 4.62517e-26 9.21701e-20 2.25944e-14 6.69512e-10 2.39808e-06 0.00103828 0.0543397 0.343768 0.263144 0.0408037 0.125704 0.115772 0.0229964 0.0233035 0.00706484 0.00161803 0.000382957 5.52076e-05 6.5191e-06 5.63559e-07 3.4046e-08 1.18463e-09 2.03607e-11
 2.56991e-27 2.60611e-27 4.81978e-26 9.62754e-20 2.36008e-14 6.99333e-10 2.50489e-06 0.00108452 0.05676 0.359079 0.274836 0.04086 0.117918 0.108435 0.0189399 0.0158976 0.00479912 0.00108732 0.00025828 3.79316e-05 4.3667e-06 3.34133e-07 1.64312e-08 4.89839e-10 6.99495e-12
 2.56809e-27 2.60112e-27 4.37484e-26 8.68888e-20 2.12997e-14 6.3115e-10 2.26067e-06 0.000978784 0.051226 0.32407 0.248129 0.0424701 0.148935 0.136999 0.0229524 0.0178474 0.00522559 0.000922213 0.000208054 3.02555e-05 3.51512e-06 2.67491e-07 1.18665e-08 2.88869e-10 3.43673e-12
 2.56628e-27 2.59625e-27 3.94748e-26 7.78734e-20 1.90897e-14 5.65663e-10 2.02611e-06 0.000877228 0.0459109 0.290445 0.222469 0.0434388 0.174334 0.160521 0.0286355 0.0248759 0.00718052 0.00106322 0.000217876 2.50283e-05 2.71843e-06 2.0609e-07 9.11343e-09 2.02844e-10 1.98892e-12
 2.56706e-27 2.59841e-27 4.14275e-26 8.19931e-20 2.00996e-14 5.95588e-10 2.13329e-06 0.000923635 0.0483397 0.305811 0.234187 0.0424866 0.158855 0.146324 0.0276803 0.0262739 0.0076386 0.00120801 0.00024487 2.3553e-05 2.12255e-06 1.33729e-07 5.72551e-09 1.26359e-10 1.14315e-12
 2.56879e-27 2.60304e-27 4.54591e-26 9.04978e-20 2.21845e-14 6.57365e-10 2.35457e-06 0.00101944 0.0533538 0.337531 0.258398 0.0418633 0.137102 0.126104 0.0214531 0.0171692 0.00499594 0.000821057 0.000169337 1.69473e-05 1.42903e-06 7.25244e-08 2.50341e-09 5.07935e-11 4.51028e-13
 2.56859e-27 2.60245e-27 4.48903e-26 8.92976e-20 2.18902e-14 6.48647e-10 2.32334e-06 0.00100592 0.0526462 0.333054 0.254988 0.0423895 0.143502 0.131927 0.0209824 0.0146266 0.0041789 0.000571134 0.000112612 1.17041e-05 1.01841e-06 5.14135e-08 1.4909e-09 2.3901e-11 1.87536e-13
 2.56859e-27 2.60243e-27 4.48489e-26 8.92103e-20 2.18688e-14 6.48013e-10 2.32107e-06 0.00100494 0.0525947 0.332729 0.254743 0.0426382 0.145566 0.133777 0.0203164 0.0126397 0.00354149 0.000375352 6.54263e-05 5.67205e-06 4.68199e-07 2.45021e-08 7.17724e-10 1.01375e-11 6.30748e-14
 2.56892e-27 2.60332e-27 4.56491e-26 9.08983e-20 2.22826e-14 6.60274e-10 2.36499e-06 0.00102395 0.0535899 0.339024 0.259545 0.0423088 0.139686 0.128372 0.0197604 0.012731 0.00355185 0.000343953 5.58979e-05 3.87027e-06 2.64003e-07 1.18373e-08 3.45354e-10 4.95983e-12 2.81567e-14
 2.56939e-27 2.60459e-27 4.67639e-26 9.32501e-20 2.28591e-14 6.77357e-10 2.42618e-06 0.00105044 0.0549764 0.347796 0.266239 0.0420392 0.132931 0.122122 0.0183383 0.0110638 0.00308508 0.000303747 4.93551e-05 3.13999e-06 1.8717e-07 6.50877e-09 1.56268e-10 2.09902e-12 1.2021e-14
 2.56969e-27 2.6054e-27 4.74553e-26 9.47086e-20 2.32167e-14 6.87952e-10 2.46413e-06 0.00106687 0.0558363 0.353236 0.270392 0.0420139 0.129821 0.119207 0.0170044 0.00875741 0.00241764 0.000211282 3.22011e-05 2.05035e-06 1.19196e-07 3.66859e-09 7.07507e-11 7.44898e-13 3.80188e-15
 2.56979e-27 2.60568e-27 4.77133e-26 9.52529e-20 2.33501e-14 6.91905e-10 2.47829e-06 0.001073 0.0561572 0.355266 0.27194 0.0418509 0.127493 0.11708 0.0170153 0.00931626 0.00256705 0.000208091 2.99771e-05 1.73826e-06 9.44073e-08 2.87373e-09 5.13128e-11 4.44122e-13 1.76102e-15
 2.56976e-27 2.6056e-27 4.76399e-26 9.5098e-20 2.33121e-14 6.9078e-10 2.47426e-06 0.00107126 0.0560658 0.354688 0.2715 0.0419181 0.128313 0.117826 0.0169419 0.00896188 0.00247154 0.000208143 3.05598e-05 1.65983e-06 8.28859e-08 2.27635e-09 3.88167e-11 3.19019e-13 1.07832e-15
 2.57e-27 2.60623e-27 4.81819e-26 9.62414e-20 2.35924e-14 6.99085e-10 2.50401e-06 0.00108414 0.0567399 0.358952 0.274755 0.0418837 0.125765 0.115442 0.0159387 0.0072758 0.00198883 0.000150296 2.05134e-05 1.13173e-06 5.6386e-08 1.42328e-09 2.19318e-11 1.6578e-13 5.32556e-16
 2.56982e-27 2.60572e-27 4.77326e-26 9.52934e-20 2.336e-14 6.922e-10 2.47934e-06 0.00107346 0.0561811 0.355417 0.272058 0.0420259 0.128741 0.118188 0.0164078 0.00765339 0.00208677 0.000145614 1.84959e-05 9.34973e-07 4.31102e-08 1.09719e-09 1.62522e-11 1.109e-13 3.23361e-16
 2.5692e-27 2.604e-27 4.61749e-26 9.20073e-20 2.25545e-14 6.68329e-10 2.39384e-06 0.00103644 0.0542437 0.34316 0.262711 0.0427945 0.141157 0.129572 0.0171039 0.00637623 0.00171955 0.000108774 1.24957e-05 5.7901e-07 2.37145e-08 5.42211e-10 7.66384e-12 5.14126e-14 1.38519e-16
 2.56945e-27 2.60472e-27 4.68322e-26 9.3394e-20 2.28944e-14 6.78402e-10 2.42992e-06 0.00105206 0.0550612 0.348332 0.266654 0.0423725 0.135176 0.124108 0.0171432 0.00783896 0.00212258 0.000123353 1.27815e-05 5.49251e-07 2.00118e-08 4.07518e-10 5.09769e-12 3.1254e-14 8.17689e-17
 2.57101e-27 2.60898e-27 5.06369e-26 1.0142e-19 2.4862e-14 7.36705e-10 2.63876e-06 0.00114248 0.0597933 0.378269 0.289491 0.0409734 0.108484 0.0995362 0.0138576 0.00653474 0.00178025 0.000120385 1.46391e-05 5.94455e-07 1.92913e-08 3.53591e-10 3.90562e-12 2.09383e-14 4.9055e-17
#obs surv len freq
 1.24729e-41 1.73115e-33 2.90436e-26 5.88999e-20 1.44386e-14 4.27843e-10 1.53246e-06 0.000663504 0.0347251 0.219682 0.168478 0.0416534 0.16983 0.142233 0.0894775 0.0848235 0.0335262 0.0121455 0.0024707 0.000276812 1.26062e-05 1.71561e-07 5.28153e-10 2.99788e-13 2.74269e-17
 1.5592e-41 2.16407e-33 3.63068e-26 7.36294e-20 1.80494e-14 5.34836e-10 1.9157e-06 0.00082943 0.0434091 0.274619 0.210463 0.0426675 0.14216 0.113267 0.0740328 0.0645783 0.0244107 0.00798294 0.00143568 0.000137191 5.09519e-06 5.36687e-08 1.22769e-10 5.05182e-14 3.30406e-18
 1.29212e-41 1.79338e-33 3.00877e-26 6.10172e-20 1.49576e-14 4.43223e-10 1.58755e-06 0.000687355 0.0359734 0.22758 0.174784 0.0516845 0.203654 0.149756 0.073426 0.055585 0.0199983 0.00587204 0.000922582 7.33491e-05 2.1763e-06 1.76166e-08 2.99444e-11 8.94108e-15 4.18306e-19
 1.55976e-41 2.16485e-33 3.63198e-26 7.36559e-20 1.80559e-14 5.35029e-10 1.91639e-06 0.000829729 0.0434247 0.274718 0.210712 0.0474128 0.149776 0.109552 0.0845007 0.0593567 0.01552 0.00366691 0.000495182 3.22527e-05 7.47859e-07 4.57482e-09 5.74236e-12 1.24436e-15 4.17245e-20
 1.53884e-41 2.13581e-33 3.58326e-26 7.26678e-20 1.78137e-14 5.27851e-10 1.89068e-06 0.000818598 0.0428422 0.271034 0.208141 0.0553738 0.18027 0.118871 0.0638427 0.0415806 0.0140559 0.00288107 0.000272634 1.37141e-05 2.44471e-07 1.11177e-09 1.01713e-12 1.58915e-16 3.81367e-21
 1.34781e-41 1.87068e-33 3.13845e-26 6.36471e-20 1.56023e-14 4.62326e-10 1.65598e-06 0.00071698 0.0375239 0.23739 0.182696 0.0611978 0.205371 0.131131 0.083705 0.046813 0.0111019 0.00214639 0.000198326 7.07401e-06 8.83848e-08 2.91698e-10 1.92127e-13 2.14187e-17 3.65194e-22
 1.56483e-41 2.17188e-33 3.64377e-26 7.3895e-20 1.81145e-14 5.36765e-10 1.92261e-06 0.000832422 0.0435657 0.275612 0.211851 0.0579965 0.165197 0.104852 0.0834594 0.044189 0.0107183 0.00160807 0.00011355 3.52127e-06 3.19963e-08 7.09553e-11 3.23491e-14 2.53652e-18 3.04608e-23
 1.73149e-41 2.40319e-33 4.03185e-26 8.17652e-20 2.00438e-14 5.93934e-10 2.12737e-06 0.000921079 0.0482056 0.304967 0.234472 0.062813 0.163379 0.0927356 0.0564637 0.027668 0.00728573 0.00102631 5.91958e-05 1.32999e-06 9.2924e-09 1.50062e-11 4.61004e-15 2.42594e-19 1.99665e-24
 1.65778e-41 2.30089e-33 3.86023e-26 7.82846e-20 1.91906e-14 5.68651e-10 2.03682e-06 0.000881871 0.0461536 0.291987 0.224965 0.0712583 0.184733 0.0979313 0.0549623 0.0221939 0.00434781 0.00055305 2.99489e-05 5.39372e-07 2.68409e-09 3.09671e-12 6.82962e-16 2.48691e-20 1.37768e-25
 1.53406e-41 2.12918e-33 3.57214e-26 7.24422e-20 1.77584e-14 5.26212e-10 1.88481e-06 0.000816057 0.0427091 0.270199 0.208772 0.0786371 0.200088 0.10476 0.0662447 0.0236078 0.00379519 0.000354196 1.46005e-05 2.23134e-07 8.7671e-10 7.22137e-13 1.10233e-16 2.80533e-21 1.08867e-26
 1.46492e-41 2.03321e-33 3.41113e-26 6.9177e-20 1.69579e-14 5.02494e-10 1.79985e-06 0.000779274 0.0407841 0.258024 0.19991 0.0842487 0.20407 0.10753 0.075241 0.0250929 0.00400388 0.000305931 8.94769e-06 9.58503e-08 2.86481e-10 1.81128e-13 2.01088e-17 3.56439e-22 9.51318e-28
 1.8855e-41 2.61695e-33 4.39048e-26 8.9038e-20 2.18266e-14 6.46763e-10 2.3166e-06 0.00100301 0.0524934 0.332099 0.256085 0.0729644 0.140617 0.0734706 0.052243 0.0162761 0.00256462 0.00017715 4.30749e-06 3.26031e-08 6.50496e-11 2.87672e-14 2.33464e-18 3.02791e-23 5.77855e-29
 1.57006e-41 2.17914e-33 3.65595e-26 7.4142e-20 1.8175e-14 5.3856e-10 1.92903e-06 0.000835205 0.0437113 0.276552 0.215376 0.102378 0.214042 0.0901969 0.0428322 0.0121165 0.00183926 0.000116168 2.51662e-06 1.54458e-08 2.22423e-11 6.56193e-15 3.54489e-19 3.16779e-24 4.2885e-30
 1.27434e-41 1.7687e-33 2.96736e-26 6.01775e-20 1.47518e-14 4.37123e-10 1.5657e-06 0.000677896 0.0354784 0.224478 0.176704 0.11375 0.233397 0.119171 0.0776673 0.016877 0.00170668 9.0767e-05 1.72964e-06 8.9668e-09 1.02868e-11 2.24323e-15 8.38066e-20 4.99717e-25 4.50437e-31
 1.14823e-41 1.59367e-33 2.67371e-26 5.42222e-20 1.32919e-14 3.93864e-10 1.41076e-06 0.000610809 0.0319674 0.202275 0.160519 0.117517 0.227513 0.135165 0.0978014 0.0237656 0.00275771 0.000105375 1.39014e-06 5.72404e-09 5.2914e-12 9.01734e-16 2.53187e-20 1.08913e-25 6.83451e-32
 1.55603e-41 2.15966e-33 3.62328e-26 7.34793e-20 1.80126e-14 5.33746e-10 1.91179e-06 0.00082774 0.0433206 0.274097 0.21467 0.100863 0.165688 0.104535 0.0742299 0.0192311 0.00243686 9.83936e-05 1.12668e-06 3.17488e-09 2.06545e-12 2.64965e-16 5.66639e-21 1.83274e-26 8.48772e-33
 1.40953e-41 1.95633e-33 3.28215e-26 6.65614e-20 1.63168e-14 4.83495e-10 1.7318e-06 0.00074981 0.0392421 0.248324 0.197982 0.135627 0.214575 0.0971293 0.0516742 0.013005 0.00162225 6.716e-05 7.70068e-07 1.94012e-09 9.45092e-13 8.26236e-17 1.22509e-21 2.85739e-27 9.72641e-34
 1.46016e-41 2.02661e-33 3.40006e-26 6.89525e-20 1.69029e-14 5.00864e-10 1.79401e-06 0.000776745 0.0406519 0.257253 0.205164 0.130088 0.190232 0.107804 0.0571791 0.00988868 0.000926144 3.50184e-05 3.77866e-07 8.86426e-10 3.80328e-13 2.67259e-17 2.89299e-22 4.65279e-28 1.08308e-34
 1.43807e-41 1.99594e-33 3.34861e-26 6.79092e-20 1.66471e-14 4.93285e-10 1.76687e-06 0.000764992 0.0400368 0.25339 0.204275 0.144136 0.19548 0.102062 0.049769 0.00932154 0.000743073 1.9215e-05 1.61638e-07 3.24968e-10 1.205e-13 7.18326e-18 6.36737e-23 7.99964e-29 1.38303e-35
 1.55855e-41 2.16316e-33 3.62916e-26 7.35986e-20 1.80418e-14 5.34612e-10 1.91489e-06 0.000829083 0.0433911 0.27463 0.221228 0.14153 0.175156 0.0946962 0.0414768 0.0065797 0.000471317 1.07109e-05 6.49016e-08 9.16225e-11 2.5987e-14 1.24072e-18 8.87558e-24 8.93355e-30 1.21973e-36
 1.50335e-41 2.08655e-33 3.50062e-26 7.09919e-20 1.74028e-14 5.15677e-10 1.84707e-06 0.000799719 0.0418544 0.264961 0.217005 0.160464 0.184796 0.0899377 0.0347406 0.00512411 0.000310312 5.79628e-06 2.89143e-08 3.07174e-11 6.04999e-15 2.02439e-19 1.06163e-24 8.09247e-31 8.48462e-38
 1.55033e-41 2.15176e-33 3.61002e-26 7.32104e-20 1.79467e-14 5.31793e-10 1.90479e-06 0.00082471 0.0431624 0.273275 0.224765 0.160223 0.172566 0.0899954 0.031172 0.0038181 0.000193225 2.9767e-06 1.16597e-08 9.59725e-12 1.42998e-15 3.4462e-20 1.2549e-25 6.61836e-32 4.88961e-39
 1.5604e-41 2.16574e-33 3.63347e-26 7.36861e-20 1.80633e-14 5.35248e-10 1.91717e-06 0.000830068 0.043443 0.275119 0.229138 0.170803 0.1699 0.0821771 0.0255739 0.00289292 0.000120233 1.43643e-06 4.35452e-09 2.72652e-12 3.03588e-16 5.42602e-21 1.44876e-26 5.49161e-33 2.85523e-40
 1.59332e-41 2.21142e-33 3.71012e-26 7.52404e-20 1.84443e-14 5.46539e-10 1.95761e-06 0.000847579 0.0443596 0.280989 0.236013 0.174319 0.162171 0.0777841 0.0213564 0.00208351 7.37278e-05 7.18799e-07 1.65302e-09 7.64691e-13 6.27319e-17 8.21626e-22 1.59757e-27 4.39447e-34 1.65334e-41
 1.58603e-41 2.2013e-33 3.69314e-26 7.48962e-20 1.83599e-14 5.44038e-10 1.94866e-06 0.000843701 0.044157 0.279817 0.238838 0.184139 0.160058 0.0727284 0.0178286 0.00154346 4.51509e-05 3.53e-07 6.35882e-10 2.21472e-13 1.32285e-17 1.24609e-22 1.74116e-28 3.4435e-35 9.30606e-43
 1.37309e-41 1.90575e-33 3.1973e-26 6.48405e-20 1.58949e-14 4.70995e-10 1.68703e-06 0.000730425 0.0382293 0.242545 0.218829 0.21692 0.183114 0.0809065 0.0174041 0.00128785 3.11929e-05 1.94995e-07 2.70298e-10 7.1049e-14 3.15417e-18 2.16819e-23 2.17567e-29 3.06231e-36 5.87434e-44
 1.4028e-41 1.94699e-33 3.26648e-26 6.62436e-20 1.62388e-14 4.81187e-10 1.72353e-06 0.000746231 0.039057 0.24788 0.223858 0.205225 0.176501 0.088204 0.01739 0.00111521 2.19679e-05 1.08021e-07 1.15003e-10 2.26934e-14 7.43444e-19 3.73634e-24 2.72404e-30 2.76719e-37 3.80333e-45
 1.46728e-41 2.03649e-33 3.41663e-26 6.92886e-20 1.69853e-14 5.03305e-10 1.80276e-06 0.000780533 0.0408522 0.259225 0.232064 0.203304 0.169093 0.0779059 0.0157171 0.00103752 1.87147e-05 7.8871e-08 6.97669e-11 1.12916e-14 3.01399e-19 1.22706e-24 7.21081e-31 5.88588e-38 6.49025e-46
 1.4673e-41 2.03651e-33 3.41667e-26 6.92893e-20 1.69855e-14 5.0331e-10 1.80278e-06 0.00078054 0.0408526 0.259228 0.232066 0.203309 0.169177 0.0780749 0.0155224 0.000971325 1.62649e-05 6.22975e-08 4.92606e-11 7.04975e-15 1.65132e-19 5.8707e-25 3.00199e-31 2.12676e-38 2.03156e-46
#pred catch len freq
 2.55747e-27 2.57324e-27 2.01674e-26 3.71471e-20 9.10616e-15 2.69832e-10 9.66492e-07 0.000418454 0.0219004 0.138549 0.106434 0.0403382 0.232258 0.214973 0.0558243 0.0738105 0.0317723 0.024477 0.0150229 0.0113824 0.00888081 0.00762856 0.00759407 0.00669577 0.00203949
 2.55856e-27 2.57636e-27 2.29379e-26 4.29915e-20 1.05389e-14 3.12285e-10 1.11855e-06 0.000484291 0.025346 0.160347 0.123064 0.0394181 0.213578 0.198528 0.0677011 0.104657 0.0352413 0.0142288 0.00637397 0.00365437 0.00233839 0.00172554 0.00152327 0.00134236 0.000447825
 2.55931e-27 2.57828e-27 2.44996e-26 4.62856e-20 1.13464e-14 3.36213e-10 1.20426e-06 0.000521397 0.0272881 0.172632 0.132461 0.0403938 0.2144 0.198915 0.0610208 0.0895344 0.0338882 0.0191123 0.00603924 0.0018562 0.000792265 0.000448786 0.00032904 0.000272421 9.40626e-05
 2.55973e-27 2.57926e-27 2.5195e-26 4.77519e-20 1.17058e-14 3.46864e-10 1.24241e-06 0.000537915 0.0281526 0.178101 0.136656 0.0416068 0.220684 0.204483 0.0578804 0.0808217 0.0289642 0.0142941 0.0053227 0.00182638 0.000407035 0.000128589 6.72203e-05 4.79936e-05 1.64019e-05
 2.56106e-27 2.58275e-27 2.81843e-26 5.40576e-20 1.32516e-14 3.92668e-10 1.40647e-06 0.000608948 0.0318701 0.20162 0.154612 0.0414654 0.206992 0.19174 0.0536873 0.0743908 0.0258501 0.011513 0.00393019 0.00129348 0.000336441 6.23775e-05 1.53814e-05 7.91616e-06 2.53809e-06
 2.56097e-27 2.5823e-27 2.75825e-26 5.27874e-20 1.29402e-14 3.83441e-10 1.37342e-06 0.000594639 0.0311213 0.196882 0.151024 0.0433038 0.223503 0.206629 0.0500471 0.0622887 0.0213853 0.00914265 0.0029547 0.000867323 0.000207519 4.04612e-05 5.49374e-06 1.27966e-06 3.43251e-07
 2.56153e-27 2.58375e-27 2.88052e-26 5.53665e-20 1.35724e-14 4.02175e-10 1.44052e-06 0.000623692 0.0326418 0.206501 0.15837 0.0433928 0.21902 0.202451 0.0486145 0.0599862 0.0193529 0.00639285 0.00196854 0.000542743 0.000116398 2.05381e-05 2.56815e-06 2.54936e-07 3.9836e-08
 2.56361e-27 2.58928e-27 3.35771e-26 6.54328e-20 1.60401e-14 4.75296e-10 1.70243e-06 0.000737087 0.0385765 0.244046 0.187031 0.0429341 0.195392 0.180438 0.0409286 0.0479756 0.0153579 0.00486788 0.00134852 0.000296514 5.8641e-05 9.28278e-06 1.03261e-06 7.3528e-08 4.68321e-09
 2.56408e-27 2.5904e-27 3.44107e-26 6.71907e-20 1.6471e-14 4.88065e-10 1.74817e-06 0.000756889 0.0396128 0.250602 0.192055 0.0440152 0.200089 0.184477 0.0362808 0.0363308 0.0114 0.00327834 0.000885431 0.000181501 2.93781e-05 3.95352e-06 3.89292e-07 2.34232e-08 8.07602e-10
 2.56323e-27 2.58808e-27 3.23444e-26 6.28317e-20 1.54024e-14 4.56402e-10 1.63475e-06 0.000707786 0.037043 0.234345 0.179652 0.044717 0.214144 0.197447 0.0385946 0.0383161 0.0115924 0.0026285 0.000665366 0.000124844 1.90206e-05 2.1593e-06 1.72767e-07 8.93069e-09 2.33102e-10
 2.56255e-27 2.58627e-27 3.07855e-26 5.95433e-20 1.45963e-14 4.32515e-10 1.5492e-06 0.000670743 0.0351043 0.22208 0.170288 0.0447826 0.221223 0.204078 0.0415708 0.0434316 0.0130974 0.00287439 0.000680105 0.000102594 1.40733e-05 1.4608e-06 9.9147e-08 4.10341e-09 8.85081e-11
 2.56444e-27 2.59138e-27 3.53005e-26 6.9068e-20 1.69312e-14 5.01701e-10 1.79701e-06 0.000778037 0.0407196 0.257604 0.197394 0.0435258 0.192615 0.177653 0.0364211 0.0383424 0.0116078 0.00262104 0.000617709 8.8356e-05 1.03957e-05 8.96265e-07 5.40791e-08 1.88067e-09 3.23166e-11
 2.56554e-27 2.59425e-27 3.77138e-26 7.41585e-20 1.81791e-14 5.38678e-10 1.92945e-06 0.00083538 0.0437208 0.27659 0.211896 0.0438693 0.185038 0.170408 0.0305366 0.0267436 0.00806336 0.00180085 0.0004259 6.20616e-05 7.11961e-06 5.43356e-07 2.66855e-08 7.95049e-10 1.13507e-11
 2.56379e-27 2.58944e-27 3.34011e-26 6.50604e-20 1.59488e-14 4.72591e-10 1.69274e-06 0.000732892 0.0383569 0.242657 0.186013 0.045607 0.216448 0.199298 0.0339465 0.0272317 0.00796456 0.00138298 0.000310236 4.47518e-05 5.18059e-06 3.93212e-07 1.74222e-08 4.23843e-10 5.04116e-12
 2.56212e-27 2.58495e-27 2.94811e-26 5.67909e-20 1.39216e-14 4.12522e-10 1.47759e-06 0.000639738 0.0334816 0.211814 0.162474 0.0463329 0.23851 0.219775 0.0397312 0.0352548 0.0101653 0.00147978 0.00030132 3.43323e-05 3.71322e-06 2.80764e-07 1.24003e-08 2.75834e-10 2.70384e-12
 2.56316e-27 2.58784e-27 3.20886e-26 6.22918e-20 1.52701e-14 4.5248e-10 1.62071e-06 0.000701704 0.0367247 0.232331 0.17812 0.0450904 0.218062 0.201014 0.0383628 0.0368602 0.0107005 0.0016612 0.000334693 3.1937e-05 2.86519e-06 1.79985e-07 7.69544e-09 1.6973e-10 1.53511e-12
 2.56499e-27 2.59272e-27 3.63173e-26 7.12123e-20 1.74568e-14 5.17278e-10 1.8528e-06 0.000802192 0.0419839 0.265602 0.203518 0.0446571 0.19692 0.181297 0.0311128 0.0252985 0.00735084 0.00118618 0.00024321 2.41475e-05 2.02788e-06 1.02611e-07 3.53661e-09 7.17052e-11 6.36537e-13
 2.56517e-27 2.59314e-27 3.66277e-26 7.18669e-20 1.76173e-14 5.22033e-10 1.86983e-06 0.000809566 0.0423698 0.268043 0.20539 0.0450946 0.198934 0.183031 0.0291571 0.0203987 0.00581982 0.000780155 0.000152674 1.57375e-05 1.36379e-06 6.86523e-08 1.98797e-09 3.18444e-11 2.49778e-13
 2.56513e-27 2.59298e-27 3.64424e-26 7.14759e-20 1.75215e-14 5.19192e-10 1.85966e-06 0.000805162 0.0421393 0.266585 0.204282 0.0454789 0.202637 0.186372 0.0283656 0.0177493 0.00496868 0.000517415 8.93822e-05 7.68752e-06 6.31556e-07 3.29557e-08 9.64035e-10 1.36065e-11 8.46276e-14
 2.56555e-27 2.59413e-27 3.74729e-26 7.36499e-20 1.80544e-14 5.34984e-10 1.91622e-06 0.000829651 0.0434209 0.274693 0.210467 0.0450527 0.195049 0.179398 0.0276572 0.0178875 0.00498634 0.000474663 7.64072e-05 5.25188e-06 3.56301e-07 1.59261e-08 4.63938e-10 6.65807e-12 3.77849e-14
 2.56631e-27 2.59619e-27 3.92888e-26 7.74806e-20 1.89934e-14 5.6281e-10 2.01589e-06 0.000872803 0.0456794 0.28898 0.221369 0.0446049 0.183981 0.169159 0.0253695 0.0152515 0.00424834 0.000410802 6.61062e-05 4.17636e-06 2.47556e-07 8.5817e-09 2.05675e-10 2.76036e-12 1.58029e-14
 2.56647e-27 2.59661e-27 3.96244e-26 7.81885e-20 1.9167e-14 5.67951e-10 2.03431e-06 0.000880777 0.0460967 0.291621 0.223388 0.0447768 0.183871 0.16899 0.0241278 0.0124645 0.00343864 0.000295636 4.4587e-05 2.81926e-06 1.63009e-07 5.0019e-09 9.6294e-11 1.01287e-12 5.16738e-15
 2.56663e-27 2.59703e-27 4.00138e-26 7.901e-20 1.93683e-14 5.73918e-10 2.05568e-06 0.000890031 0.046581 0.294684 0.225724 0.0445393 0.180423 0.165838 0.0241149 0.0132266 0.00364215 0.000290633 4.13995e-05 2.38478e-06 1.28757e-07 3.90738e-09 6.96509e-11 6.02273e-13 2.387e-15
 2.5669e-27 2.59778e-27 4.06744e-26 8.04036e-20 1.971e-14 5.84042e-10 2.09194e-06 0.00090573 0.0474027 0.299882 0.22969 0.0443831 0.176447 0.162158 0.0232548 0.0121934 0.00335933 0.000278126 4.03725e-05 2.17891e-06 1.0813e-07 2.96051e-09 5.039e-11 4.13749e-13 1.39788e-15
 2.56709e-27 2.59828e-27 4.10917e-26 8.12839e-20 1.99258e-14 5.90436e-10 2.11484e-06 0.000915646 0.0479216 0.303165 0.232198 0.0444476 0.175175 0.160938 0.0221866 0.0100666 0.00274942 0.000204556 2.75726e-05 1.51137e-06 7.48475e-08 1.88366e-09 2.89703e-11 2.18766e-13 7.02438e-16
 2.56732e-27 2.59889e-27 4.16415e-26 8.24436e-20 2.02101e-14 5.9886e-10 2.14502e-06 0.00092871 0.0486053 0.307491 0.235498 0.0442415 0.171289 0.157362 0.0217336 0.00993348 0.00270522 0.000185836 2.32695e-05 1.16902e-06 5.35442e-08 1.35856e-09 2.00866e-11 1.36928e-13 3.99053e-16
 2.56644e-27 2.59645e-27 3.94327e-26 7.77839e-20 1.90678e-14 5.65013e-10 2.02378e-06 0.00087622 0.0458582 0.290112 0.222244 0.0453043 0.188689 0.173321 0.0228096 0.00837136 0.00225521 0.000140687 1.59167e-05 7.33333e-07 2.98249e-08 6.79816e-10 9.58942e-12 6.42663e-14 1.73066e-16
 2.56658e-27 2.59688e-27 3.98412e-26 7.86457e-20 1.9279e-14 5.71273e-10 2.0462e-06 0.000885928 0.0463663 0.293326 0.224692 0.0449076 0.18395 0.169017 0.0232853 0.0105361 0.00285088 0.000163649 1.6685e-05 7.1322e-07 2.5796e-08 5.23703e-10 6.53702e-12 4.00359e-14 1.0469e-16
 2.56485e-27 2.59219e-27 3.57114e-26 6.99336e-20 1.71434e-14 5.07989e-10 1.81953e-06 0.000787788 0.04123 0.260833 0.199898 0.0459765 0.209505 0.192645 0.0283216 0.0160658 0.00439912 0.000298978 3.65176e-05 1.47921e-06 4.77684e-08 8.73376e-10 9.62743e-12 5.15592e-14 1.20728e-16
#obs catch len freq
 5.9627e-42 8.27583e-34 1.38844e-26 2.81573e-20 6.90244e-15 2.04532e-10 7.326e-07 0.000317191 0.0166005 0.105021 0.0809596 0.0423455 0.226891 0.191595 0.131817 0.127592 0.052548 0.0196648 0.00414493 0.000480101 2.28122e-05 3.25385e-07 1.0466e-09 6.17452e-13 5.84322e-17
 6.83152e-42 9.48169e-34 1.59075e-26 3.22601e-20 7.90818e-15 2.34334e-10 8.39346e-07 0.000363408 0.0190193 0.120323 0.0927558 0.0460854 0.229491 0.184341 0.129333 0.114705 0.0450441 0.0153243 0.00291109 0.000291059 1.12503e-05 1.23388e-07 2.93788e-10 1.25369e-13 8.46498e-18
 1.03011e-41 1.42973e-33 2.39867e-26 4.86446e-20 1.19246e-14 3.53349e-10 1.26564e-06 0.000547978 0.028679 0.181433 0.13949 0.0481927 0.202408 0.154456 0.110169 0.0892599 0.0333475 0.0101718 0.0016963 0.000143454 4.47838e-06 3.77096e-08 6.63721e-11 2.04715e-14 9.86503e-19
 8.84071e-42 1.22703e-33 2.0586e-26 4.1748e-20 1.0234e-14 3.03253e-10 1.0862e-06 0.000470288 0.024613 0.155712 0.120182 0.0600022 0.261696 0.182676 0.0957808 0.0674961 0.0238701 0.00649457 0.000938292 6.5454e-05 1.61882e-06 1.04013e-08 1.3537e-11 3.02101e-15 1.03973e-19
 1.21732e-41 1.68956e-33 2.83459e-26 5.74849e-20 1.40917e-14 4.17564e-10 1.49565e-06 0.000647563 0.0338909 0.214406 0.164902 0.0540338 0.193658 0.135818 0.109998 0.0702826 0.0179049 0.0039428 0.000485774 2.75076e-05 5.27431e-07 2.54576e-09 2.43637e-12 3.93531e-16 9.69188e-21
 1.28188e-41 1.77916e-33 2.98491e-26 6.05334e-20 1.48391e-14 4.39709e-10 1.57497e-06 0.000681905 0.0356882 0.225777 0.173903 0.0637026 0.220643 0.137959 0.0770683 0.0463948 0.0151322 0.00279567 0.000241517 1.0536e-05 1.5414e-07 5.50099e-10 3.82372e-13 4.44261e-17 7.81882e-22
 1.16774e-41 1.62074e-33 2.71913e-26 5.51434e-20 1.35178e-14 4.00556e-10 1.43473e-06 0.000621187 0.0325104 0.205675 0.158835 0.0695329 0.235534 0.143194 0.0936132 0.0474987 0.0108922 0.00192906 0.000157634 4.81261e-06 4.93651e-08 1.27409e-10 6.35674e-14 5.25975e-18 6.56832e-23
 1.45431e-41 2.01849e-33 3.38644e-26 6.86763e-20 1.68352e-14 4.98857e-10 1.78682e-06 0.000773633 0.0404889 0.256149 0.197299 0.0645435 0.184107 0.112191 0.0898524 0.0431734 0.00998572 0.0013465 8.50996e-05 2.22633e-06 1.63613e-08 2.83493e-11 9.78417e-15 5.68661e-19 4.9966e-24
 1.6775e-41 2.32826e-33 3.90613e-26 7.92155e-20 1.94188e-14 5.75413e-10 2.06104e-06 0.000892358 0.0467025 0.295459 0.227531 0.0688316 0.175069 0.0945478 0.0577416 0.0259242 0.0064496 0.000807464 4.08602e-05 7.73872e-07 4.35321e-09 5.44545e-12 1.26401e-15 4.93095e-20 2.96804e-25
 1.64693e-41 2.28584e-33 3.83497e-26 7.77723e-20 1.9065e-14 5.6493e-10 2.02349e-06 0.0008761 0.0458516 0.290079 0.223866 0.077048 0.189868 0.0956271 0.0532658 0.0194718 0.00361401 0.000411413 1.92553e-05 2.87589e-07 1.14598e-09 1.0226e-12 1.69875e-16 4.5803e-21 1.85667e-26
 1.55855e-41 2.16317e-33 3.62917e-26 7.35988e-20 1.80419e-14 5.34614e-10 1.9149e-06 0.000829085 0.043391 0.274516 0.21247 0.0841097 0.199757 0.100047 0.0618258 0.0198168 0.00298059 0.000246835 8.85511e-06 1.11485e-07 3.46613e-10 2.19628e-13 2.52211e-17 4.74798e-22 1.34753e-27
 1.51935e-41 2.10876e-33 3.53789e-26 7.17477e-20 1.75881e-14 5.21167e-10 1.86674e-06 0.000808233 0.0422997 0.267615 0.207666 0.0891777 0.19928 0.101252 0.0681594 0.0205121 0.00302156 0.000201547 5.0778e-06 4.48829e-08 1.06036e-10 5.12738e-14 4.26622e-18 5.58808e-23 1.09043e-28
 1.93199e-41 2.68147e-33 4.49872e-26 9.12332e-20 2.23648e-14 6.62709e-10 2.37371e-06 0.00102774 0.0537876 0.340289 0.262672 0.0761627 0.135688 0.0687484 0.0464916 0.0131241 0.00189044 0.000113181 2.33132e-06 1.4399e-08 2.26897e-11 7.67729e-15 4.66002e-19 4.45656e-24 6.21421e-30
 1.62492e-41 2.25528e-33 3.7837e-26 7.67326e-20 1.88101e-14 5.57378e-10 1.99644e-06 0.000864388 0.0452386 0.28622 0.223363 0.107309 0.205635 0.0825935 0.037659 0.00970733 0.00133477 7.27707e-05 1.3212e-06 6.53904e-09 7.37173e-12 1.66029e-15 6.70963e-20 4.41785e-25 4.36294e-31
 1.33844e-41 1.85767e-33 3.11662e-26 6.32045e-20 1.54938e-14 4.59111e-10 1.64446e-06 0.000711994 0.037263 0.235776 0.186148 0.120041 0.225528 0.112322 0.0677865 0.0131499 0.00121519 5.59775e-05 8.87226e-07 3.67971e-09 3.27852e-12 5.42852e-16 1.5143e-20 6.65477e-26 4.37689e-32
 1.21894e-41 1.6918e-33 2.83835e-26 5.75612e-20 1.41105e-14 4.18119e-10 1.49763e-06 0.000648423 0.033936 0.214739 0.170994 0.124241 0.220357 0.129108 0.0852286 0.0187649 0.00191753 6.23654e-05 6.89135e-07 2.26665e-09 1.61813e-12 2.0835e-16 4.35372e-21 1.37861e-26 6.31565e-33
 1.63302e-41 2.26652e-33 3.80255e-26 7.7115e-20 1.89038e-14 5.60155e-10 2.00639e-06 0.000868695 0.0454641 0.287667 0.225754 0.104701 0.157487 0.0981486 0.0632457 0.014952 0.00165298 5.62333e-05 5.25467e-07 1.17733e-09 5.92342e-13 5.72761e-17 9.08704e-22 2.15852e-27 7.28913e-34
 1.48734e-41 2.06433e-33 3.46334e-26 7.02358e-20 1.72175e-14 5.10186e-10 1.8274e-06 0.000791202 0.0414085 0.262046 0.209579 0.140264 0.202127 0.0890107 0.0436156 0.0100294 0.00108828 3.78213e-05 3.498e-07 6.90258e-10 2.57692e-13 1.69623e-17 1.86441e-22 3.18664e-28 7.89181e-35
 1.54296e-41 2.14153e-33 3.59286e-26 7.28624e-20 1.78614e-14 5.29265e-10 1.89574e-06 0.000820791 0.042957 0.271855 0.21743 0.133882 0.178968 0.099131 0.0469786 0.00734934 0.000607361 1.92637e-05 1.66724e-07 3.03782e-10 9.90034e-14 5.2055e-18 4.16894e-23 4.91466e-29 8.31976e-36
 1.52471e-41 2.1162e-33 3.55036e-26 7.20006e-20 1.76501e-14 5.23005e-10 1.87332e-06 0.000811082 0.042449 0.268676 0.217263 0.147463 0.1826 0.0927549 0.0406631 0.0068407 0.00046701 1.01454e-05 6.87778e-08 1.06976e-10 2.99555e-14 1.32862e-18 8.67628e-24 7.97404e-30 1.00294e-36
 1.64609e-41 2.28466e-33 3.83299e-26 7.77322e-20 1.90551e-14 5.64639e-10 2.02244e-06 0.000875648 0.0458282 0.290077 0.234301 0.143495 0.162335 0.0849422 0.0331364 0.00471331 0.00028901 5.41735e-06 2.61944e-08 2.86637e-11 6.13241e-15 2.1701e-19 1.13906e-24 8.35803e-31 8.28127e-38
 1.59289e-41 2.21083e-33 3.70912e-26 7.52203e-20 1.84394e-14 5.46392e-10 1.95709e-06 0.000847351 0.0443474 0.280773 0.230651 0.161953 0.170387 0.0797739 0.0274739 0.00360385 0.000185134 2.84365e-06 1.12231e-08 9.16455e-12 1.35907e-15 3.36862e-20 1.29307e-25 7.16184e-32 5.43189e-39
 1.64217e-41 2.27923e-33 3.82388e-26 7.75475e-20 1.90099e-14 5.63297e-10 2.01764e-06 0.000873568 0.0457195 0.2895 0.238749 0.160692 0.15862 0.0789585 0.0241544 0.00261841 0.000111978 1.40684e-06 4.33714e-09 2.73235e-12 3.05204e-16 5.43751e-21 1.44904e-26 5.54924e-33 2.95966e-40
 1.65242e-41 2.29345e-33 3.84774e-26 7.80313e-20 1.91285e-14 5.66811e-10 2.03023e-06 0.000879017 0.046005 0.291388 0.243331 0.170308 0.155263 0.071233 0.0195825 0.00194027 6.74581e-05 6.54356e-07 1.55402e-09 7.41584e-13 6.17236e-17 8.136e-22 1.58726e-27 4.36775e-34 1.64064e-41
 1.68565e-41 2.33957e-33 3.92511e-26 7.96004e-20 1.95131e-14 5.78209e-10 2.07105e-06 0.000896693 0.0469304 0.297326 0.250331 0.172825 0.147635 0.0665777 0.0160694 0.00136588 4.01929e-05 3.15242e-07 5.64855e-10 1.98563e-13 1.21447e-17 1.17069e-22 1.66061e-28 3.31172e-35 8.99283e-43
 1.67905e-41 2.3304e-33 3.90974e-26 7.92887e-20 1.94367e-14 5.75945e-10 2.06294e-06 0.000893182 0.046747 0.296295 0.25345 0.181696 0.145134 0.0615383 0.0132305 0.000989 2.38951e-05 1.49476e-07 2.08618e-10 5.49845e-14 2.44331e-18 1.69135e-23 1.72164e-29 2.46548e-36 4.80433e-44
 1.46868e-41 2.03842e-33 3.41988e-26 6.93545e-20 1.70014e-14 5.03784e-10 1.80447e-06 0.000781275 0.0408912 0.259528 0.234703 0.214838 0.167271 0.0683229 0.0128315 0.000814351 1.61903e-05 8.04452e-08 8.60023e-11 1.70484e-14 5.61596e-19 2.83274e-24 2.0693e-30 2.10792e-37 2.91368e-45
 1.50076e-41 2.08296e-33 3.4946e-26 7.08697e-20 1.73729e-14 5.1479e-10 1.84389e-06 0.000798343 0.0417842 0.265092 0.23526 0.19711 0.166786 0.0780734 0.014255 0.00082464 1.42517e-05 6.00632e-08 5.37025e-11 8.77424e-15 2.35574e-19 9.63396e-25 5.68682e-31 4.66088e-38 5.15528e-46
 1.55244e-41 2.15469e-33 3.61494e-26 7.33102e-20 1.79711e-14 5.32518e-10 1.90739e-06 0.000825836 0.043223 0.274187 0.241916 0.195414 0.158631 0.0710059 0.0139192 0.000860991 1.43105e-05 5.4495e-08 4.29119e-11 6.12345e-15 1.4314e-19 5.0813e-25 2.59543e-31 1.83715e-38 1.75373e-46
#spawning biomass
 21648.3 18439.3 20728.9 22969.3 28055.3 33561.8 36530.2 45361.6 63309.2 84206.6 98520.6 118823 167033 209619 193016 157035 143872 148759 138595 135165 138898 143845 161636 180626 191013 206421 183557 168219 193788 329750 237593 102948 39373.2 22944.7 19412.8 18710.8 18577.9 18553.6 18549.2 18548.5 18548.3 18548.3 18548.3 18548.3 18548.3 18548.3 18548.3 18548.3 18548.3 18548.3 18548.3 18548.3 18548.3 18548.3 18548.3 18548.3 18548.3 18548.3 18548.3 18548.3 18548.3 18548.3 18548.3 18548.3 18548.3 18548.3 18548.3 18548.3 18548.3 18548.3 18548.3 18548.3 18548.3 18548.3 18548.3 18548.3 18548.3 18548.3 18548.3 18548.3 18548.3 18548.3 18548.3 18548.3 18548.3 18548.3 18548.3 18548.3 18548.3 18548.3 18548.3 18548.3 18548.3 18548.3 18548.3 18548.3 18548.3 18548.3 18548.3 18548.3 18548.3 18548.3 18548.3 18548.3 18548.3 18548.3 18548.3 18548.3 18548.3 18548.3 18548.3 18548.3 18548.3 18548.3 18548.3 18548.3 18548.3 18548.3 18548.3 18548.3 18548.3 18548.3 18548.3 18548.3 18548.3 18548.3 18548.3 18548.3 18548.3 0 0 0 0 0 0 0 0 0 0 0 0 0 0 0 0 0 0 0 0 0 0 0 0 0
