SBPRF35
0.256306
Curr Bio
323980
B35
416724
F35
0.379578
FOFL
0.282702
OFL
95832.6
Bzero
73230.3
#pred survey bio
 82440.4 75553.9 56933.5 48141.6 71819.6 104467 152231 201859 264259 299267 307554 301007 319655 346427 390922 360692 373860 361955 375959 378749 355914 357881 376704 404905 444416 484658 538588 492288 1.69312e+07 9.3833e+06 6.6768e+06 4.35517e+06 2.80562e+06 1.88431e+06 1.36773e+06 1.08572e+06 932678 848900 802168 775434 759704 750187 744277 740522 738110 736538 735503 734816 734357 734050 733843 733704 733610 733547 733504 733475 733455 733442 733433 733427 733423 733420 733418 733417 733416 733415 733415 733415 733415 733414 733414 733414 733414 733414 733414 733414 733414 733414 733414 733414 733414 733414 733414 733414 733414 733414 733414 733414 733414 733414 733414 733414 733414 733414 733414 733414 733414 733414 733414 733414 733414 733414 733414 733414 733414 733414 733414 733414 733414 733414 733414 733414 733414 733414 733414 733414 733414 733414 733414 733414 733414 733414 733414 733414 733414 733414 733414 733414 0 0 0 0 0 0 0 0 0 0 0 0 0 0 0 0 0 0 0 0 0 0 0 0 0
#obs survey bio
 70147 60542.6 39581.3 64049.9 80407.5 122114 168143 290783 307739 353380 311514 271121 361132 441573 336273 455293 334909 375214 365412 395075 279923 446656 336895 406129 363995 526817 634671 431140
#pred catch bio
 13181.6 15382 10954.8 9546.86 18554.1 25946.4 42943.2 52785.2 86743.1 114136 133983 134346 145045 147292 203307 170184 189331 169499 175030 183248 162156 159686 170504 187708 206588 208427 269238 231260 95832.6 115448 79437.3 49747.9 30650.5 19791.1 14043 11132.9 9701.56 9010.9 8681.91 8526.58 8453.68 8419.6 8403.72 8396.33 8392.9 8391.32 8390.59 8390.25 8390.09 8390.02 8389.98 8389.97 8389.96 8389.96 8389.96 8389.96 8389.96 8389.96 8389.96 8389.95 8389.95 8389.95 8389.95 8389.95 8389.95 8389.95 8389.95 8389.95 8389.95 8389.95 8389.95 8389.95 8389.95 8389.95 8389.95 8389.95 8389.95 8389.95 8389.95 8389.95 8389.95 8389.95 8389.95 8389.95 8389.95 8389.95 8389.95 8389.95 8389.95 8389.95 8389.95 8389.95 8389.95 8389.95 8389.95 8389.95 8389.95 8389.95 8389.95 8389.95 8389.95 8389.95 8389.95 8389.95 8389.95 8389.95 8389.95 8389.95 8389.95 8389.95 8389.95 8389.95 8389.95 8389.95 8389.95 8389.95 8389.95 8389.95 8389.95 8389.95 8389.95 8389.95 8389.95 8389.95 8389.95 8389.95 8389.95 8389.95 0 0 0 0 0 0 0 0 0 0 0 0 0 0 0 0 0 0 0 0 0 0 0 0 0
#obs catch bio
 13554.8 16558.4 11822.9 9714.48 18419 24776.3 40416.9 48235.3 79648.4 104571 125144 129506 143958 138625 212044 162109 189557 177113 176714 183663 166080 151990 167510 190256 221905 211361 258842 229712
#pred cpue bio
 80650 74778.8 56703.6 47031.9 67670.9 99818.6 145337 193303 253667 287692 295391 287798 303884 329315 372299 342905 355636 343926 357874 361262 339877 341459 358833 384979 421543 460279 513401 469908 1.61477e+07 9.36757e+06 6.65855e+06 4.33665e+06 2.78709e+06 1.86578e+06 1.34921e+06 1.0672e+06 914153 830375 783643 756908 741179 731661 725752 721997 719585 718013 716978 716291 715832 715525 715318 715179 715085 715021 714978 714949 714930 714917 714908 714902 714898 714895 714893 714892 714891 714890 714890 714890 714889 714889 714889 714889 714889 714889 714889 714889 714889 714889 714889 714889 714889 714889 714889 714889 714889 714889 714889 714889 714889 714889 714889 714889 714889 714889 714889 714889 714889 714889 714889 714889 714889 714889 714889 714889 714889 714889 714889 714889 714889 714889 714889 714889 714889 714889 714889 714889 714889 714889 714889 714889 714889 714889 714889 714889 714889 714889 714889 714889 0 0 0 0 0 0 0 0 0 0 0 0 0 0 0 0 0 0 0 0 0 0 0 0 0
#obs cpue bio
 82108.7 40700.6 34146.3 78361.3 110104 124089 202578 219881 268678 306031 327450 313268 253373 379786 286779 400897 354802 225778 411216 364552 345853 444359 376436 322515 323292 455336 700016 453351
#pred surv len freq
 2.59471e-11 1.22043e-09 3.97486e-08 8.9643e-07 1.39991e-05 0.000151381 0.00113355 0.00587815 0.0211157 0.0526114 0.0913638 0.112682 0.105477 0.0891495 0.0830009 0.0816165 0.0745389 0.0636292 0.0534172 0.0443275 0.0363563 0.029899 0.0242416 0.0180717 0.0113237
 1.46024e-11 6.86826e-10 2.23695e-08 5.04488e-07 7.87834e-06 8.51945e-05 0.000637972 0.00330893 0.0118956 0.0297294 0.0522457 0.0673477 0.0723448 0.0801904 0.0961673 0.106463 0.101754 0.0891905 0.076178 0.0632217 0.0503774 0.0388053 0.0287707 0.0196936 0.0115842
 7.1988e-12 3.38597e-10 1.10279e-08 2.48707e-07 3.88394e-06 4.20004e-05 0.000314527 0.00163154 0.00586843 0.014696 0.0260298 0.0345146 0.0401353 0.0506745 0.0690951 0.0884499 0.103586 0.113402 0.113787 0.102439 0.0837489 0.0634196 0.0445101 0.0282332 0.0154192
 3.04647e-11 1.43291e-09 4.6669e-08 1.0525e-06 1.64363e-05 0.000177735 0.00133085 0.00690055 0.0247776 0.0616281 0.106291 0.127659 0.108593 0.0698883 0.0421381 0.0340989 0.0391928 0.0505066 0.0622338 0.0685641 0.0658146 0.0545898 0.0391093 0.0240609 0.0124279
 4.5344e-11 2.13276e-09 6.94628e-08 1.56656e-06 2.4464e-05 0.000264543 0.00198086 0.010271 0.0368807 0.0917421 0.1583 0.190446 0.162939 0.106228 0.0629054 0.0408299 0.0277243 0.0185218 0.0147307 0.0154948 0.0171972 0.0167563 0.013469 0.00875393 0.0045383
 3.634e-11 1.70926e-09 5.56695e-08 1.25548e-06 1.96062e-05 0.000212014 0.00158756 0.00823228 0.0295692 0.0736428 0.127674 0.156454 0.143149 0.113795 0.0960151 0.0838521 0.0634257 0.0391514 0.0213545 0.0121827 0.00865854 0.00752338 0.00642375 0.00456076 0.00251524
 3.71709e-11 1.74834e-09 5.69424e-08 1.28419e-06 2.00545e-05 0.000216862 0.00162385 0.00842023 0.0302412 0.0752859 0.130314 0.158714 0.142147 0.106957 0.0844659 0.0739571 0.0622823 0.0475084 0.0330158 0.0204189 0.0111879 0.00601037 0.0036225 0.00230447 0.00128483
 3.57489e-11 1.68146e-09 5.4764e-08 1.23506e-06 1.92873e-05 0.000208565 0.00156173 0.00809823 0.0290862 0.072424 0.125454 0.153234 0.138638 0.107189 0.0878231 0.0777867 0.0642307 0.0478873 0.0341219 0.0233424 0.0145189 0.00792399 0.00386548 0.00178796 0.000797683
 3.47668e-11 1.63526e-09 5.32594e-08 1.20113e-06 1.87574e-05 0.000202835 0.00151883 0.00787578 0.0282875 0.0704392 0.122041 0.149187 0.135376 0.105554 0.0877476 0.0789779 0.0665051 0.0507751 0.0368405 0.0255086 0.0162992 0.00934789 0.00469831 0.00203534 0.000761087
 3.4164e-11 1.60691e-09 5.23361e-08 1.18031e-06 1.84322e-05 0.000199319 0.0014925 0.00773927 0.0277975 0.0692221 0.119953 0.146733 0.133465 0.10473 0.0878785 0.0796314 0.0673989 0.0518913 0.0382149 0.0270051 0.0176604 0.0103894 0.00536153 0.00235697 0.0008601
 3.47188e-11 1.63301e-09 5.3186e-08 1.19948e-06 1.87316e-05 0.000202556 0.00151673 0.0078649 0.0282483 0.0703391 0.121852 0.148883 0.134866 0.104671 0.086461 0.0776017 0.065529 0.0505299 0.0373837 0.0266511 0.0176863 0.0106209 0.00561404 0.00252479 0.000934377
 3.68392e-11 1.73274e-09 5.64342e-08 1.27273e-06 1.98755e-05 0.000214926 0.00160936 0.00834509 0.0299714 0.0746154 0.129161 0.157343 0.141015 0.10624 0.0838012 0.0726518 0.0600579 0.0454103 0.0330218 0.0233469 0.0155195 0.0094099 0.00505268 0.00231696 0.000874512
 3.90861e-11 1.83842e-09 5.98763e-08 1.35036e-06 2.10878e-05 0.000228035 0.00170751 0.00885397 0.0317979 0.07915 0.136927 0.166408 0.147856 0.108631 0.0821022 0.0685442 0.0549206 0.0399506 0.0277981 0.0189496 0.0122997 0.00737039 0.00395535 0.0018289 0.000699797
 3.87383e-11 1.82206e-09 5.93434e-08 1.33834e-06 2.09001e-05 0.000226006 0.00169232 0.00877524 0.0315159 0.0784562 0.13578 0.165268 0.147655 0.110183 0.0852713 0.0719933 0.0570616 0.0401985 0.0266618 0.0172506 0.0106581 0.00612523 0.00319382 0.00145595 0.000555798
 3.79053e-11 1.78288e-09 5.80673e-08 1.30956e-06 2.04507e-05 0.000221146 0.00165593 0.0085866 0.030839 0.0767765 0.132911 0.161953 0.145272 0.109656 0.0865176 0.0743233 0.0597978 0.0428266 0.0286855 0.0183457 0.0109289 0.00596427 0.00295048 0.00128897 0.000478293
 3.86965e-11 1.8201e-09 5.92794e-08 1.3369e-06 2.08776e-05 0.000225762 0.00169049 0.00876576 0.0314817 0.0783698 0.135622 0.165034 0.14732 0.109691 0.0846982 0.0716957 0.0574432 0.041234 0.0278199 0.0179636 0.0107503 0.00580611 0.00278702 0.00116543 0.000413237
 3.83871e-11 1.80554e-09 5.88054e-08 1.32621e-06 2.07107e-05 0.000223957 0.00167698 0.00869571 0.0312305 0.0777479 0.134569 0.163866 0.146638 0.109937 0.0857796 0.0730186 0.0583787 0.0415914 0.0278259 0.0179012 0.0107365 0.00582141 0.00279021 0.00115148 0.00039777
 3.88682e-11 1.82818e-09 5.95425e-08 1.34283e-06 2.09703e-05 0.000226764 0.001698 0.00880467 0.0316214 0.078717 0.136219 0.165744 0.147898 0.109995 0.0847477 0.0715436 0.0570991 0.0407237 0.0272484 0.0174716 0.0104199 0.00562321 0.00268918 0.00110754 0.000380256
 3.80595e-11 1.79014e-09 5.83037e-08 1.31489e-06 2.05339e-05 0.000222046 0.00166267 0.00862154 0.0309645 0.0770885 0.133449 0.162598 0.145815 0.10998 0.0866221 0.0742016 0.0594238 0.0422891 0.0281978 0.0180406 0.0107443 0.00578471 0.00275617 0.00113047 0.000386583
 3.72452e-11 1.75184e-09 5.70562e-08 1.28676e-06 2.00946e-05 0.000217295 0.0016271 0.00843712 0.0303026 0.0754454 0.130636 0.159323 0.143369 0.109192 0.087385 0.07591 0.0615508 0.0444913 0.0301476 0.019474 0.0116234 0.00624851 0.00296965 0.00121452 0.000413954
 3.68194e-11 1.73181e-09 5.64039e-08 1.27205e-06 1.98649e-05 0.000214811 0.0016085 0.00834068 0.0299564 0.0745852 0.129159 0.157579 0.141989 0.108551 0.0874168 0.076394 0.0623606 0.0455625 0.0313464 0.0205938 0.0124884 0.00679601 0.00325132 0.0013319 0.000453393
 3.73273e-11 1.7557e-09 5.71819e-08 1.28959e-06 2.01389e-05 0.000217774 0.00163068 0.00845567 0.0303688 0.0756064 0.130889 0.159506 0.143137 0.1082 0.0856867 0.0741651 0.0605818 0.0446106 0.031068 0.0207013 0.0127527 0.00705862 0.00343122 0.0014231 0.000488189
 3.80328e-11 1.78888e-09 5.82628e-08 1.31397e-06 2.05195e-05 0.00022189 0.0016615 0.00861546 0.0309422 0.0770294 0.133321 0.162322 0.145184 0.10872 0.0847755 0.0724285 0.0585832 0.0426919 0.0294869 0.0196398 0.0121996 0.00684782 0.00338397 0.00142669 0.000496569
 3.87456e-11 1.82241e-09 5.93547e-08 1.3386e-06 2.09041e-05 0.000226048 0.00169264 0.00877689 0.0315216 0.0784678 0.135783 0.165193 0.147339 0.109444 0.0841817 0.0710633 0.0568993 0.040917 0.0277989 0.018242 0.0112227 0.0062845 0.00312254 0.0013315 0.000470004
 3.9631e-11 1.86405e-09 6.07109e-08 1.36918e-06 2.13818e-05 0.000231214 0.00173131 0.00897739 0.0322411 0.0802537 0.138837 0.168737 0.149946 0.110189 0.0832205 0.0691805 0.0547874 0.0388902 0.0259806 0.016744 0.0101225 0.00558211 0.00274534 0.00116701 0.000413407
 3.89764e-11 1.83326e-09 5.97082e-08 1.34657e-06 2.10286e-05 0.000227395 0.00170272 0.00882918 0.0317096 0.0789377 0.136609 0.166259 0.148483 0.110676 0.0854925 0.0720631 0.0570184 0.0399985 0.0262355 0.0165784 0.00982824 0.00531333 0.0025649 0.00107417 0.000376938
 3.74204e-11 1.76008e-09 5.73246e-08 1.29281e-06 2.01891e-05 0.000218317 0.00163475 0.00847682 0.0304452 0.0758006 0.131253 0.160082 0.144072 0.109759 0.0878262 0.0761416 0.0614035 0.0439207 0.0293164 0.0186251 0.0109406 0.00580668 0.00274326 0.0011253 0.000387919
 3.69506e-11 1.73798e-09 5.66049e-08 1.27658e-06 1.99356e-05 0.000215576 0.00161423 0.00837039 0.0300631 0.0748505 0.129616 0.158125 0.142443 0.108817 0.0875223 0.0763908 0.0622554 0.0453358 0.0309958 0.0201611 0.0120583 0.00645572 0.0030403 0.00123094 0.000416781
#obs surv len freq
 2.40034e-11 1.129e-09 3.67709e-08 8.29278e-07 1.29504e-05 0.000140041 0.00104864 0.00543793 0.0195359 0.0486883 0.0846436 0.10483 0.099522 0.0869776 0.0842418 0.084773 0.0785637 0.0684882 0.0594606 0.0512545 0.0426768 0.0334766 0.0238783 0.0147838 0.00756469
 5.74314e-12 2.7013e-10 8.79795e-09 1.98417e-07 3.09861e-06 3.35089e-05 0.000250967 0.00130247 0.00469382 0.0118431 0.0215783 0.0313796 0.0446195 0.0690131 0.0999755 0.11912 0.118614 0.108175 0.0959275 0.082337 0.0675253 0.0522949 0.0370011 0.0227557 0.0115564
 1.81434e-14 8.53396e-13 2.77969e-11 6.27102e-10 9.8062e-09 1.06603e-07 8.14977e-07 4.57081e-06 2.13393e-05 0.000101869 0.000511792 0.00223565 0.00745717 0.0186997 0.0372445 0.0639961 0.0985394 0.131837 0.148591 0.143184 0.122758 0.0958364 0.067331 0.0410031 0.020647
 5.27849e-11 2.48275e-09 8.08615e-08 1.82363e-06 2.84786e-05 0.000307954 0.00230589 0.0119558 0.0429245 0.106713 0.183703 0.21898 0.180763 0.1034 0.0412904 0.0125416 0.00555842 0.00731574 0.0117065 0.0157161 0.0171684 0.0154092 0.011502 0.00712396 0.00358389
 3.37217e-11 1.5861e-09 5.16584e-08 1.16503e-06 1.81936e-05 0.000196739 0.0014732 0.00763957 0.027445 0.0683979 0.118892 0.147154 0.139272 0.120032 0.111069 0.0996714 0.0712954 0.0373916 0.0153183 0.00750168 0.00685832 0.00728382 0.00639633 0.00437893 0.00231306
 4.10782e-11 1.93212e-09 6.29279e-08 1.41918e-06 2.21626e-05 0.000239657 0.00179453 0.00930498 0.0334153 0.0831515 0.143683 0.17384 0.15198 0.106574 0.074952 0.061319 0.0524506 0.0420041 0.0297361 0.0174721 0.00852454 0.00417122 0.00260142 0.00176381 0.000998657
 3.75274e-11 1.76511e-09 5.74884e-08 1.29651e-06 2.02468e-05 0.000218941 0.00163942 0.00850105 0.0305325 0.0760198 0.131645 0.160619 0.144733 0.110566 0.088563 0.0761123 0.0600434 0.0418507 0.0280186 0.0186819 0.0115204 0.00610651 0.00281529 0.00124207 0.000550384
 3.85822e-11 1.81472e-09 5.91043e-08 1.33295e-06 2.0816e-05 0.000225095 0.0016855 0.00873985 0.0313885 0.0781339 0.13519 0.1644 0.14641 0.108334 0.0830156 0.0704638 0.0575471 0.0426465 0.0296113 0.0193608 0.0116513 0.00635681 0.00307391 0.00128317 0.00046167
 3.58024e-11 1.68397e-09 5.48458e-08 1.23691e-06 1.93162e-05 0.000208877 0.00156407 0.00811036 0.0291302 0.0725368 0.125672 0.15361 0.139325 0.108418 0.0895547 0.0793899 0.0648467 0.0471628 0.0324645 0.0215889 0.0133533 0.00741126 0.00360599 0.00150261 0.000523767
 3.60317e-11 1.69476e-09 5.51972e-08 1.24484e-06 1.94399e-05 0.000210215 0.00157409 0.00816225 0.0293157 0.0729902 0.126399 0.154227 0.139022 0.106453 0.0861639 0.076201 0.063694 0.0483262 0.0346447 0.0234903 0.0146056 0.00816927 0.00403241 0.00170312 0.000595524
 3.63297e-11 1.70877e-09 5.56536e-08 1.25513e-06 1.96007e-05 0.000211954 0.0015871 0.00822972 0.0295578 0.0735908 0.127425 0.155409 0.139861 0.106595 0.0855807 0.0750469 0.0621906 0.0468711 0.0337739 0.0234326 0.0150545 0.00866887 0.00436383 0.00186781 0.000659992
 3.92272e-11 1.84506e-09 6.00924e-08 1.35524e-06 2.11639e-05 0.000228858 0.00171367 0.00888589 0.0319123 0.0794312 0.137389 0.16686 0.147907 0.107946 0.0807834 0.0672587 0.0544241 0.0404049 0.028722 0.0197675 0.0127399 0.00745624 0.00384769 0.00168939 0.00060949
 3.98357e-11 1.87368e-09 6.10245e-08 1.37626e-06 2.14922e-05 0.000232408 0.00174026 0.00902375 0.0324076 0.0806663 0.139541 0.169543 0.1505 0.110238 0.0827521 0.0683343 0.0537358 0.0378664 0.0253006 0.0166067 0.0104253 0.00603913 0.00312454 0.00138978 0.000510966
 3.80399e-11 1.78922e-09 5.82736e-08 1.31422e-06 2.05234e-05 0.000221931 0.00166181 0.00861711 0.0309488 0.0770508 0.133393 0.162577 0.145945 0.110379 0.0872568 0.0747875 0.0596079 0.0419586 0.0275519 0.0174066 0.010364 0.00570103 0.00284576 0.00124547 0.000457512
 3.90088e-11 1.83479e-09 5.97579e-08 1.34769e-06 2.10461e-05 0.000227584 0.00170414 0.00883649 0.0317355 0.0789975 0.136683 0.166207 0.147986 0.109396 0.0835611 0.0703845 0.0566467 0.0410858 0.027944 0.0180007 0.0106498 0.00568235 0.00271168 0.00113467 0.000403126
 3.80219e-11 1.78837e-09 5.82459e-08 1.31359e-06 2.05136e-05 0.000221826 0.00166103 0.00861301 0.0309339 0.0770115 0.133311 0.162412 0.145589 0.109686 0.0862555 0.0738543 0.0592486 0.0423842 0.0285474 0.0185196 0.0111789 0.006066 0.0028922 0.00118453 0.000406801
 3.98504e-11 1.87437e-09 6.1047e-08 1.37676e-06 2.15001e-05 0.000232494 0.0017409 0.00902705 0.0324192 0.0806928 0.13957 0.169503 0.150227 0.10957 0.0818128 0.0677128 0.0540625 0.0390851 0.0266326 0.0173315 0.0104414 0.00567713 0.00272817 0.00112478 0.000385185
 3.70989e-11 1.74495e-09 5.68319e-08 1.2817e-06 2.00156e-05 0.000216441 0.00162071 0.008404 0.0301842 0.0751548 0.130163 0.158888 0.143428 0.110148 0.0890988 0.0775081 0.0620605 0.0437793 0.0289491 0.0185401 0.0111611 0.00609643 0.00294158 0.00121708 0.000418224
 3.7741e-11 1.77516e-09 5.78157e-08 1.30389e-06 2.03621e-05 0.000220188 0.00164875 0.00854936 0.030705 0.0764394 0.132304 0.161109 0.144183 0.108182 0.0847555 0.07302 0.0598789 0.0443964 0.0308883 0.0202315 0.0121064 0.00651517 0.0031146 0.00128659 0.000443128
 3.67724e-11 1.7296e-09 5.63319e-08 1.27043e-06 1.98395e-05 0.000214537 0.00160644 0.00833003 0.0299183 0.0744901 0.128994 0.157378 0.141804 0.108396 0.0872517 0.0761662 0.0620783 0.0453595 0.031416 0.0209745 0.0129894 0.00719855 0.00348376 0.00143711 0.000492332
 3.6579e-11 1.7205e-09 5.60356e-08 1.26375e-06 1.97352e-05 0.000213408 0.001598 0.00828622 0.0297608 0.0740972 0.128308 0.156516 0.140951 0.107611 0.0865706 0.0758527 0.0624597 0.0463594 0.0325362 0.0218213 0.0135521 0.00759813 0.00375489 0.00158258 0.000549903
 3.77973e-11 1.7778e-09 5.79018e-08 1.30583e-06 2.03924e-05 0.000220516 0.00165121 0.00856208 0.0307506 0.0765514 0.132489 0.161288 0.144196 0.107866 0.0840569 0.0720343 0.0588185 0.0435973 0.0307309 0.0208146 0.0130852 0.00741918 0.00370586 0.00158212 0.000558285
 3.96824e-11 1.86647e-09 6.07897e-08 1.37096e-06 2.14096e-05 0.000231514 0.00173356 0.00898901 0.0322827 0.0803533 0.138985 0.168805 0.149644 0.109215 0.0816189 0.06755 0.053887 0.0390149 0.0268736 0.0179533 0.0112641 0.00642771 0.00324507 0.00140215 0.000500889
 3.7573e-11 1.76725e-09 5.75583e-08 1.29809e-06 2.02715e-05 0.000219208 0.00164142 0.00851137 0.0305694 0.0761091 0.131783 0.160713 0.144584 0.110008 0.0877665 0.0756976 0.0605105 0.0427708 0.0283893 0.0182965 0.0111643 0.00625805 0.00313785 0.00135905 0.000489335
 4.03883e-11 1.89967e-09 6.1871e-08 1.39535e-06 2.17904e-05 0.000235632 0.00176439 0.00914885 0.0328561 0.0817751 0.141407 0.171568 0.151521 0.10938 0.0802873 0.0657396 0.0525496 0.0383008 0.0262843 0.0170973 0.0102408 0.00555906 0.00270449 0.00114799 0.000409543
 3.54033e-11 1.6652e-09 5.42345e-08 1.22312e-06 1.91009e-05 0.000206549 0.00154664 0.00802005 0.0288067 0.0717403 0.124353 0.152285 0.139037 0.110057 0.092928 0.082953 0.0668097 0.0469803 0.0309421 0.0198243 0.0119775 0.00656108 0.003172 0.00131996 0.000460176
 3.97121e-11 1.86786e-09 6.08351e-08 1.37199e-06 2.14255e-05 0.000231687 0.00173485 0.00899567 0.0323061 0.0804063 0.139042 0.168708 0.149037 0.107728 0.0794702 0.0659215 0.0540746 0.0409919 0.029242 0.019431 0.011677 0.00628903 0.00301101 0.00124762 0.000431885
 3.52783e-11 1.65932e-09 5.40429e-08 1.2188e-06 1.90334e-05 0.00020582 0.00154118 0.00799173 0.028705 0.071487 0.123915 0.151752 0.138561 0.109697 0.0926237 0.0826389 0.0665231 0.0469018 0.0312861 0.0205816 0.012846 0.00722194 0.00353193 0.00146507 0.000503612
#pred catch len freq
 2.44446e-11 1.14976e-09 3.74469e-08 8.44521e-07 1.31884e-05 0.000142615 0.00106791 0.00553788 0.0198947 0.0495812 0.0861846 0.106685 0.101111 0.0880064 0.0847822 0.0848555 0.0779034 0.066567 0.0558843 0.0463709 0.0380305 0.0312752 0.0253572 0.0189034 0.0118448
 1.35411e-11 6.36907e-10 2.07437e-08 4.67822e-07 7.30575e-06 7.90028e-05 0.000591612 0.00306858 0.0110331 0.0275889 0.0485874 0.0631124 0.0692634 0.0793892 0.09744 0.108781 0.104184 0.0913431 0.0780074 0.0647334 0.0515795 0.0397305 0.0294565 0.020163 0.0118602
 6.58579e-12 3.09764e-10 1.00888e-08 2.27528e-07 3.55321e-06 3.8424e-05 0.000287748 0.00149271 0.00537012 0.0134585 0.0239087 0.0320301 0.038231 0.049934 0.069413 0.0893924 0.104815 0.114754 0.115133 0.103645 0.0847327 0.0641637 0.045032 0.0285642 0.0155999
 2.90143e-11 1.36469e-09 4.44472e-08 1.00239e-06 1.56538e-05 0.000169273 0.00126749 0.00657205 0.0235984 0.058698 0.101257 0.121709 0.103853 0.067592 0.0419922 0.0352427 0.0411202 0.0531233 0.0654707 0.072129 0.0692355 0.0574269 0.0411417 0.0253112 0.0130737
 4.44088e-11 2.08878e-09 6.80301e-08 1.53425e-06 2.39595e-05 0.000259087 0.00194001 0.0100592 0.0361207 0.0898566 0.155081 0.186736 0.160294 0.105668 0.0642001 0.0428982 0.0295656 0.0198389 0.0157883 0.0166054 0.0184288 0.0179562 0.0144334 0.00938074 0.00486326
 3.50582e-11 1.64897e-09 5.37059e-08 1.2112e-06 1.89147e-05 0.000204536 0.00153157 0.00794203 0.028528 0.0710619 0.123283 0.151471 0.139856 0.113785 0.0989965 0.0880364 0.0669965 0.0414166 0.022593 0.0128867 0.00915735 0.00795632 0.00679332 0.00482314 0.00265994
 3.59779e-11 1.69223e-09 5.51147e-08 1.24297e-06 1.94108e-05 0.000209901 0.00157173 0.00815005 0.0292718 0.0728817 0.126216 0.154021 0.138907 0.106565 0.086703 0.0774498 0.0656708 0.0501654 0.0348648 0.02156 0.0118123 0.00634549 0.00382439 0.00243288 0.00135642
 3.44829e-11 1.62191e-09 5.28246e-08 1.19132e-06 1.86043e-05 0.000201179 0.00150643 0.00781153 0.0280575 0.0698731 0.121106 0.14826 0.135219 0.106813 0.0902364 0.0814754 0.0677108 0.0505516 0.0360222 0.0246391 0.0153242 0.00836327 0.0040797 0.00188704 0.000841883
 3.36256e-11 1.58159e-09 5.15113e-08 1.16171e-06 1.81417e-05 0.000196178 0.00146898 0.00761735 0.0273603 0.0681396 0.118121 0.144695 0.132267 0.105154 0.0898345 0.0822273 0.069623 0.0532138 0.0386089 0.026729 0.0170776 0.00979397 0.00492244 0.00213242 0.000797388
 3.31349e-11 1.55851e-09 5.07596e-08 1.14476e-06 1.7877e-05 0.000193315 0.00144755 0.00750623 0.0269614 0.0671483 0.116417 0.142679 0.130652 0.104347 0.0897246 0.0825215 0.0701804 0.0540812 0.039824 0.0281375 0.0183993 0.0108237 0.00558558 0.00245545 0.000896033
 3.38263e-11 1.59103e-09 5.18187e-08 1.16864e-06 1.825e-05 0.000197349 0.00147774 0.00766278 0.027523 0.0685404 0.118785 0.145366 0.132422 0.104332 0.0880508 0.0800948 0.0679292 0.0524208 0.0387773 0.0276393 0.0183404 0.0110133 0.00582135 0.00261801 0.000968873
 3.6003e-11 1.69341e-09 5.51532e-08 1.24384e-06 1.94244e-05 0.000210047 0.00157283 0.00815572 0.029292 0.0729303 0.126288 0.154052 0.138739 0.10595 0.0853312 0.0750226 0.0623146 0.0471587 0.0342889 0.0242379 0.0161101 0.00976763 0.00524468 0.002405 0.000907738
 3.83093e-11 1.80189e-09 5.86863e-08 1.32352e-06 2.06687e-05 0.000223503 0.00167358 0.00867805 0.0311667 0.0775849 0.13426 0.163359 0.145769 0.108424 0.0836168 0.0708343 0.057053 0.0415455 0.0289049 0.0196998 0.0127851 0.00766093 0.0041112 0.00190095 0.000727366
 3.78883e-11 1.78208e-09 5.80413e-08 1.30898e-06 2.04416e-05 0.000221047 0.00165519 0.00858277 0.0308254 0.076744 0.132864 0.161942 0.145403 0.110026 0.0870332 0.0746009 0.0594448 0.0419242 0.0278044 0.0179859 0.011111 0.00638519 0.0033293 0.00151771 0.00057937
 3.72686e-11 1.75294e-09 5.70921e-08 1.28757e-06 2.01072e-05 0.000217432 0.00162812 0.00844243 0.0303217 0.075494 0.130726 0.159461 0.143582 0.109533 0.0878315 0.0762774 0.0615972 0.0441434 0.0295613 0.0189009 0.0112581 0.00614355 0.0030391 0.00132767 0.000492654
 3.79542e-11 1.78519e-09 5.81423e-08 1.31125e-06 2.04771e-05 0.000221431 0.00165807 0.00859768 0.0308787 0.0768745 0.133075 0.162128 0.145346 0.109538 0.086216 0.0739602 0.059535 0.0427743 0.0288554 0.0186279 0.0111464 0.00601974 0.0028895 0.00120828 0.000428427
 3.77235e-11 1.77433e-09 5.77889e-08 1.30328e-06 2.03527e-05 0.000220086 0.00164799 0.00854545 0.0306914 0.0764112 0.132293 0.161269 0.144879 0.109813 0.087155 0.0750588 0.0602517 0.0429573 0.0287344 0.0184809 0.0110827 0.00600876 0.00287994 0.0011885 0.000410558
 3.81209e-11 1.79302e-09 5.83976e-08 1.31701e-06 2.0567e-05 0.000222404 0.00166535 0.00863543 0.0310142 0.0772115 0.133655 0.162819 0.145914 0.10985 0.0862905 0.0738372 0.0592104 0.0422691 0.028279 0.0181282 0.0108101 0.00583345 0.00278967 0.00114891 0.000394461
 3.72903e-11 1.75396e-09 5.71253e-08 1.28832e-06 2.01189e-05 0.000217558 0.00162907 0.00844735 0.0303395 0.075539 0.13081 0.159588 0.143776 0.109837 0.0882186 0.0765698 0.0615986 0.0438753 0.0292515 0.0187103 0.0111417 0.00599836 0.0028579 0.00117219 0.000400848
 3.6507e-11 1.71711e-09 5.59253e-08 1.26126e-06 1.96963e-05 0.000212988 0.00159485 0.00826995 0.0297028 0.0739582 0.128103 0.156431 0.141403 0.109036 0.0888882 0.0781578 0.0636326 0.0460302 0.0311851 0.0201394 0.012019 0.00646083 0.00307049 0.00125576 0.000428006
 3.60051e-11 1.69351e-09 5.51564e-08 1.24391e-06 1.94255e-05 0.00021006 0.00157292 0.00815627 0.0292947 0.0729446 0.126364 0.154387 0.13981 0.108356 0.0890414 0.0788412 0.064642 0.0472681 0.0325153 0.0213571 0.0129497 0.00704671 0.00337119 0.00138099 0.000470104
 3.64989e-11 1.71673e-09 5.59129e-08 1.26098e-06 1.9692e-05 0.000212941 0.0015945 0.00826809 0.0296958 0.0739375 0.128045 0.156256 0.140912 0.107982 0.0873097 0.0766256 0.0628883 0.0463509 0.0322762 0.0215018 0.0132443 0.00733041 0.00356327 0.00147785 0.000506972
 3.72325e-11 1.75124e-09 5.70367e-08 1.28632e-06 2.00877e-05 0.000217221 0.00162654 0.00843422 0.0302919 0.075417 0.130574 0.159183 0.143041 0.108522 0.0863615 0.0748194 0.0608103 0.0443566 0.0306331 0.0203989 0.0126695 0.00711129 0.00351411 0.00148155 0.000515661
 3.79848e-11 1.78662e-09 5.81892e-08 1.31231e-06 2.04936e-05 0.00022161 0.00165941 0.0086046 0.0309034 0.0769351 0.133172 0.162212 0.145311 0.109277 0.0857207 0.0733653 0.0590278 0.0424883 0.028863 0.018936 0.0116481 0.00652241 0.00324069 0.00138187 0.000487783
 3.88912e-11 1.82926e-09 5.95777e-08 1.34363e-06 2.09826e-05 0.000226898 0.001699 0.00880987 0.0316401 0.0787635 0.136299 0.165842 0.147983 0.110047 0.084748 0.0714487 0.0568708 0.0404106 0.0269935 0.0173928 0.0105134 0.00579733 0.00285113 0.00121197 0.000429333
 3.81427e-11 1.79405e-09 5.8431e-08 1.31776e-06 2.05788e-05 0.000222531 0.0016663 0.00864038 0.0310322 0.0772583 0.13375 0.162999 0.146282 0.11054 0.0872511 0.0746548 0.0593823 0.0417029 0.0273515 0.0172797 0.0102427 0.00553711 0.00267287 0.00111938 0.000392801
 3.67251e-11 1.72737e-09 5.62595e-08 1.26879e-06 1.9814e-05 0.000214261 0.00160438 0.00831936 0.0298802 0.0744 0.128867 0.157361 0.142229 0.10963 0.0892696 0.078285 0.0633759 0.0453625 0.0302732 0.0192281 0.0112933 0.00599352 0.00283147 0.00116147 0.000400387
 3.6173e-11 1.7014e-09 5.54136e-08 1.24972e-06 1.95161e-05 0.00021104 0.00158026 0.0081943 0.0294313 0.073284 0.126947 0.155078 0.140367 0.10864 0.0890881 0.0787427 0.0644435 0.0469655 0.032105 0.0208779 0.0124854 0.00668407 0.00314778 0.00127445 0.00043151
#obs catch len freq
 2.46045e-11 1.15728e-09 3.76918e-08 8.50046e-07 1.32747e-05 0.000143548 0.00107489 0.00557401 0.0200236 0.0498928 0.0866619 0.106975 0.10044 0.0855835 0.080741 0.0808025 0.0759613 0.0678401 0.0600953 0.0522872 0.0436481 0.0343046 0.0246011 0.015377 0.00795768
 2.28837e-11 1.07634e-09 3.50556e-08 7.90593e-07 1.23463e-05 0.000133508 0.000999724 0.00518435 0.0186258 0.0464301 0.0807844 0.100364 0.0962793 0.0861499 0.085606 0.0872243 0.0810994 0.0707071 0.0613549 0.0528652 0.0440071 0.0345152 0.0246172 0.0152406 0.00779825
 5.36116e-12 2.52163e-10 8.2128e-09 1.8522e-07 2.89252e-06 3.12804e-05 0.000234281 0.00121597 0.00438341 0.0110729 0.020263 0.0298618 0.0435319 0.0687727 0.100507 0.120027 0.119528 0.108946 0.0965527 0.0828402 0.0679215 0.0525939 0.0372095 0.0228829 0.0116207
 1.68815e-14 7.94043e-13 2.58638e-11 5.83506e-10 9.12543e-09 9.92429e-08 7.5991e-07 4.2862e-06 2.03304e-05 9.94882e-05 0.000508566 0.00223594 0.00747097 0.0187385 0.0373086 0.0640672 0.0985919 0.131856 0.148576 0.143142 0.122703 0.0957817 0.0672874 0.0409748 0.0206323
 5.24482e-11 2.46691e-09 8.03456e-08 1.812e-06 2.82969e-05 0.000305989 0.00229118 0.0118795 0.0426506 0.106032 0.182531 0.217583 0.179611 0.102746 0.0410545 0.0125525 0.0057559 0.00774575 0.0124218 0.0166772 0.0182173 0.0163497 0.0122035 0.00755825 0.0038023
 3.27132e-11 1.53867e-09 5.01135e-08 1.13019e-06 1.76495e-05 0.000190856 0.00142915 0.00741122 0.0266259 0.0663683 0.115446 0.14327 0.136802 0.120292 0.113799 0.10328 0.0741442 0.0389213 0.0159427 0.00779694 0.00711968 0.00755938 0.00663802 0.00454432 0.0024004
 4.02521e-11 1.89326e-09 6.16624e-08 1.39064e-06 2.17169e-05 0.000234837 0.00175844 0.00911791 0.032744 0.0814866 0.140843 0.170582 0.149707 0.10624 0.0764206 0.0637 0.0548601 0.0439814 0.0311279 0.0182843 0.00891863 0.00436268 0.00272002 0.001844 0.00104403
 3.66747e-11 1.725e-09 5.61822e-08 1.26705e-06 1.97868e-05 0.000213967 0.00160218 0.00830797 0.0298398 0.0743024 0.128721 0.157289 0.142493 0.11045 0.0903889 0.0787695 0.0624271 0.0435394 0.0291317 0.0194116 0.011966 0.00634156 0.0029233 0.00128959 0.000571398
 3.77788e-11 1.77693e-09 5.78735e-08 1.30519e-06 2.03825e-05 0.000220408 0.0016504 0.0085579 0.0307356 0.0765151 0.132432 0.161248 0.144255 0.10813 0.0846042 0.0728721 0.0598095 0.0443519 0.0307798 0.0201139 0.0121004 0.00660034 0.00319124 0.00133203 0.000479226
 3.50757e-11 1.64979e-09 5.37327e-08 1.21181e-06 1.89241e-05 0.000204638 0.00153233 0.00794582 0.0285398 0.071073 0.123179 0.150765 0.137393 0.108271 0.0910428 0.0816037 0.0668823 0.0486542 0.0334686 0.0222426 0.0137524 0.00763116 0.0037125 0.00154687 0.000539169
 3.52574e-11 1.65834e-09 5.4011e-08 1.21808e-06 1.90221e-05 0.000205698 0.00154026 0.0079869 0.0286865 0.0714299 0.12374 0.151185 0.136931 0.106224 0.0876455 0.078471 0.0658444 0.0499731 0.0358038 0.024263 0.0150808 0.00843333 0.00416221 0.0017578 0.000614618
 3.56372e-11 1.6762e-09 5.45928e-08 1.23121e-06 1.92271e-05 0.000207914 0.00155685 0.00807291 0.0289952 0.0721957 0.125048 0.15269 0.137995 0.106397 0.0869123 0.0770749 0.0640959 0.0483168 0.0347923 0.0241249 0.0154937 0.00892001 0.00448971 0.00192154 0.000678951
 3.86428e-11 1.81757e-09 5.9197e-08 1.33504e-06 2.08486e-05 0.000225448 0.00168814 0.00875354 0.0314374 0.0782536 0.135383 0.164567 0.146337 0.107792 0.0819261 0.0689873 0.056037 0.0416145 0.0295617 0.0203327 0.0130993 0.00766492 0.00395489 0.00173633 0.000626399
 3.92787e-11 1.84748e-09 6.01713e-08 1.35701e-06 2.11917e-05 0.000229159 0.00171593 0.00889762 0.0319551 0.0795444 0.13763 0.167366 0.149031 0.110152 0.0839316 0.0700639 0.0553007 0.0389819 0.0260276 0.0170718 0.0107127 0.00620413 0.00320948 0.00142745 0.000524794
 3.74978e-11 1.76371e-09 5.7443e-08 1.29549e-06 2.02309e-05 0.000218769 0.00163813 0.00849434 0.0305084 0.0759588 0.131534 0.16046 0.144523 0.110312 0.0884318 0.0765012 0.061154 0.043052 0.0282491 0.0178344 0.010614 0.00583707 0.00291323 0.00127488 0.000468295
 3.84028e-11 1.80628e-09 5.88294e-08 1.32675e-06 2.07191e-05 0.000224048 0.00167766 0.00869924 0.0312431 0.0777766 0.134603 0.163834 0.146378 0.109281 0.0848148 0.0722492 0.0583657 0.0423458 0.0287822 0.018529 0.0109581 0.0058455 0.00278912 0.00116697 0.00041458
 3.74747e-11 1.76263e-09 5.74077e-08 1.29469e-06 2.02184e-05 0.000218634 0.00163712 0.00848909 0.0304893 0.0759093 0.131434 0.160273 0.144146 0.109601 0.0874147 0.0755586 0.0607988 0.043498 0.0292758 0.0189792 0.0114515 0.00621249 0.00296164 0.00121287 0.00041651
 3.92666e-11 1.84691e-09 6.01527e-08 1.3566e-06 2.11852e-05 0.000229088 0.0017154 0.00889486 0.031945 0.0795169 0.137568 0.167218 0.148678 0.109457 0.0830181 0.0695047 0.055712 0.0402923 0.0274372 0.0178437 0.0107458 0.00584127 0.00280666 0.00115705 0.000396214
 3.64513e-11 1.71449e-09 5.58399e-08 1.25933e-06 1.96663e-05 0.000212663 0.00159242 0.00825736 0.0296581 0.0738505 0.127943 0.156359 0.141727 0.110061 0.0904901 0.079542 0.0638989 0.0450862 0.0297926 0.0190672 0.0114737 0.00626565 0.00302282 0.00125058 0.000429717
 3.71124e-11 1.74559e-09 5.68526e-08 1.28217e-06 2.00229e-05 0.00021652 0.00162129 0.00840699 0.0301942 0.0751728 0.130147 0.158645 0.142504 0.108036 0.0860182 0.074921 0.0616527 0.0457216 0.0317894 0.0208092 0.0124474 0.0066972 0.00320116 0.00132224 0.000455382
 3.61447e-11 1.70007e-09 5.53703e-08 1.24874e-06 1.95009e-05 0.000210875 0.00157903 0.00818789 0.0294083 0.0732256 0.12684 0.15492 0.140134 0.108267 0.0885334 0.0780755 0.0638368 0.0466508 0.0322874 0.0215423 0.0133359 0.00738899 0.00357546 0.00147482 0.000505226
 3.59726e-11 1.69198e-09 5.51066e-08 1.24279e-06 1.9408e-05 0.00020987 0.0015715 0.00814888 0.0292681 0.0728755 0.126227 0.154138 0.13933 0.107468 0.0877834 0.0776763 0.0641553 0.0476218 0.0333984 0.0223855 0.0138972 0.00778988 0.00384914 0.00162218 0.000563636
 3.71777e-11 1.74866e-09 5.69528e-08 1.28443e-06 2.00582e-05 0.000216901 0.00162415 0.00842179 0.0302472 0.0753033 0.130362 0.158859 0.142537 0.107714 0.0852856 0.0738856 0.0605418 0.0448841 0.0316162 0.0214009 0.0134488 0.00762369 0.00380752 0.00162539 0.00057353
 3.90487e-11 1.83666e-09 5.98189e-08 1.34907e-06 2.10676e-05 0.000227817 0.00170588 0.0088455 0.0317678 0.0790765 0.136811 0.166322 0.147956 0.10908 0.0829063 0.0694704 0.0556563 0.0403144 0.0277511 0.0185277 0.01162 0.00662933 0.00334643 0.00144584 0.000516472
 3.70016e-11 1.74038e-09 5.6683e-08 1.27834e-06 1.99632e-05 0.000215874 0.00161646 0.00838198 0.0301051 0.0749581 0.129824 0.15848 0.143081 0.109929 0.0889912 0.0774887 0.0621292 0.0439207 0.029131 0.0187613 0.0114429 0.00641267 0.00321493 0.00139232 0.000501291
 3.97193e-11 1.86821e-09 6.08462e-08 1.37224e-06 2.14294e-05 0.000231729 0.00173517 0.00899736 0.0323126 0.0804274 0.139111 0.168946 0.149737 0.109233 0.0816424 0.0677714 0.0544369 0.0397011 0.02723 0.0177021 0.0105991 0.00575228 0.00279809 0.00118762 0.000423659
 3.48087e-11 1.63723e-09 5.33236e-08 1.20258e-06 1.87801e-05 0.00020308 0.00152067 0.0078854 0.0283236 0.0705427 0.122315 0.149964 0.137479 0.109988 0.0942226 0.0848347 0.0684999 0.0481695 0.0317009 0.0202958 0.012257 0.00671259 0.0032448 0.00135014 0.000470674
 3.91414e-11 1.84102e-09 5.99609e-08 1.35227e-06 2.11176e-05 0.000228357 0.00170992 0.00886644 0.0318424 0.0792565 0.137083 0.166467 0.147499 0.107566 0.0805728 0.0676096 0.0556763 0.0422189 0.0300983 0.0199886 0.0120079 0.0064658 0.0030952 0.0012824 0.000443899
#spawning biomass
 68761.4 69235.3 54972.5 39976.7 41232.4 69291.4 100509 137402 184362 211878 215877 201874 201692 218158 251107 227404 237168 226872 240195 247291 235295 234570 242687 255641 273322 301950 349239 323980 315686 423705 294022 181878 109730 68703.6 46987.3 35993.3 30585.8 27976.5 26733.6 26146.8 25871.3 25742.6 25682.6 25654.7 25641.8 25635.8 25633 25631.7 25631.1 25630.9 25630.7 25630.7 25630.6 25630.6 25630.6 25630.6 25630.6 25630.6 25630.6 25630.6 25630.6 25630.6 25630.6 25630.6 25630.6 25630.6 25630.6 25630.6 25630.6 25630.6 25630.6 25630.6 25630.6 25630.6 25630.6 25630.6 25630.6 25630.6 25630.6 25630.6 25630.6 25630.6 25630.6 25630.6 25630.6 25630.6 25630.6 25630.6 25630.6 25630.6 25630.6 25630.6 25630.6 25630.6 25630.6 25630.6 25630.6 25630.6 25630.6 25630.6 25630.6 25630.6 25630.6 25630.6 25630.6 25630.6 25630.6 25630.6 25630.6 25630.6 25630.6 25630.6 25630.6 25630.6 25630.6 25630.6 25630.6 25630.6 25630.6 25630.6 25630.6 25630.6 25630.6 25630.6 25630.6 25630.6 25630.6 25630.6 0 0 0 0 0 0 0 0 0 0 0 0 0 0 0 0 0 0 0 0 0 0 0 0 0
