SBPRF35
0.178135
Curr Bio
153123
B35
202559
F35
0.601782
FOFL
0.564686
OFL
62924.3
Bzero
50895.7
#pred survey bio
 7122.84 7943.56 9852.66 11379.2 17238.2 28628.9 29941 33569.2 44771.7 54422.1 69038.5 88907.9 111411 126694 137640 124569 111680 105697 101208 97608.1 98634.8 106734 109094 124139 121309 130990 141313 152253 6.64455e+06 4.47206e+06 2.78111e+06 1.6505e+06 1.03469e+06 727980 579201 505977 468501 448380 437093 430547 426665 424332 422914 422042 421521 421209 421021 420908 420840 420799 420774 420759 420750 420744 420741 420739 420738 420737 420737 420736 420736 420736 420736 420736 420736 420736 420736 420736 420736 420736 420736 420736 420736 420736 420736 420736 420736 420736 420736 420736 420736 420736 420736 420736 420736 420736 420736 420736 420736 420736 420736 420736 420736 420736 420736 420736 420736 420736 420736 420736 420736 420736 420736 420736 420736 420736 420736 420736 420736 420736 420736 420736 420736 420736 420736 420736 420736 420736 420736 420736 420736 420736 420736 420736 420736 420736 420736 420736 0 0 0 0 0 0 0 0 0 0 0 0 0 0 0 0 0 0 0 0 0 0 0 0 0
#obs survey bio
 6294.05 7384.75 10525.3 12200.5 20385.2 18125.2 29565.1 38820.8 51312.7 52403.9 60206.7 92558.4 109094 128957 139819 101435 87850.5 117013 107288 100261 78761.9 97770 116243 119981 152248 158202 137710 147165
#pred catch bio
 3860.65 4892.79 6318.25 7216.04 8825.23 18560.8 21063 22639.2 31318.1 37897.2 48027.7 62399.5 82294.1 91130.6 105846 100052 88765.1 82380.7 80284.2 78843.1 80066.6 91108.3 90926.6 109292 101575 109597 119086 105553 62924.3 74363.2 42837.9 23215.8 13440.4 9143.09 7397.68 6725.65 6476.46 6386.55 6354.76 6343.68 6339.87 6338.57 6338.13 6337.98 6337.93 6337.91 6337.91 6337.91 6337.9 6337.9 6337.9 6337.9 6337.9 6337.9 6337.9 6337.9 6337.9 6337.9 6337.9 6337.9 6337.9 6337.9 6337.9 6337.9 6337.9 6337.9 6337.9 6337.9 6337.9 6337.9 6337.9 6337.9 6337.9 6337.9 6337.9 6337.9 6337.9 6337.9 6337.9 6337.9 6337.9 6337.9 6337.9 6337.9 6337.9 6337.9 6337.9 6337.9 6337.9 6337.9 6337.9 6337.9 6337.9 6337.9 6337.9 6337.9 6337.9 6337.9 6337.9 6337.9 6337.9 6337.9 6337.9 6337.9 6337.9 6337.9 6337.9 6337.9 6337.9 6337.9 6337.9 6337.9 6337.9 6337.9 6337.9 6337.9 6337.9 6337.9 6337.9 6337.9 6337.9 6337.9 6337.9 6337.9 6337.9 6337.9 6337.9 6337.9 0 0 0 0 0 0 0 0 0 0 0 0 0 0 0 0 0 0 0 0 0 0 0 0 0
#obs catch bio
 4331.81 4883.78 6204.02 7161.93 8522.98 18380.7 21176.1 22275 30564.4 37615.7 46734.9 59812.4 80771.7 89904.7 105474 101173 88075.1 80143.7 78494.1 76982.2 78288.5 89676.9 89327.2 108812 95894.8 106517 116985 105004
#pred cpue bio
 6686.19 7217.65 8949.38 10369.8 15259 26146.8 27450.2 29979.1 40294.4 48920.2 61879.2 79731.8 100013 113734 124847 112659 100236 95202.9 91219.7 87476.7 87992.4 94804.4 96553.2 109706 107347 116216 125171 134803 6.03378e+06 4.45491e+06 2.76396e+06 1.63336e+06 1.01755e+06 710836 562057 488832 451356 431235 419949 413402 409521 407187 405769 404897 404376 404064 403876 403763 403695 403654 403629 403614 403605 403600 403596 403594 403593 403593 403592 403592 403592 403592 403592 403591 403591 403591 403591 403591 403591 403591 403591 403591 403591 403591 403591 403591 403591 403591 403591 403591 403591 403591 403591 403591 403591 403591 403591 403591 403591 403591 403591 403591 403591 403591 403591 403591 403591 403591 403591 403591 403591 403591 403591 403591 403591 403591 403591 403591 403591 403591 403591 403591 403591 403591 403591 403591 403591 403591 403591 403591 403591 403591 403591 403591 403591 403591 403591 403591 0 0 0 0 0 0 0 0 0 0 0 0 0 0 0 0 0 0 0 0 0 0 0 0 0
#obs cpue bio
 6540.58 9402.19 11437.8 11004.8 31422.1 26827.3 30981.9 33642.7 57805.1 47714.1 134788 161480 110778 129352 122856 114043 156355 147895 118504 126342 151569 131579 116295 120052 275387 124177 166482 143775
#pred surv len freq
 2.56712e-27 2.59899e-27 4.25277e-26 8.43164e-20 2.06692e-14 6.12464e-10 2.19374e-06 0.000949807 0.0497095 0.314476 0.240716 0.0369712 0.112292 0.103747 0.0267981 0.0353888 0.0167068 0.0149213 0.0101919 0.00845461 0.00712347 0.00652096 0.0068574 0.00624821 0.00192492
 2.56961e-27 2.60542e-27 4.77376e-26 9.53051e-20 2.33629e-14 6.92284e-10 2.47965e-06 0.00107359 0.056188 0.35546 0.272054 0.0396768 0.110867 0.102042 0.0197621 0.019504 0.00777138 0.00518773 0.00292876 0.00206465 0.0015198 0.00123963 0.0011858 0.00109841 0.000372764
 2.56915e-27 2.60406e-27 4.64171e-26 9.2519e-20 2.26799e-14 6.72046e-10 2.40716e-06 0.00104221 0.0545454 0.345069 0.264142 0.0411369 0.127538 0.117316 0.0205571 0.0173951 0.00594681 0.00259862 0.00111362 0.000587109 0.000342454 0.000234628 0.000195426 0.000174703 6.18878e-05
 2.56874e-27 2.60297e-27 4.54632e-26 9.05066e-20 2.21866e-14 6.57429e-10 2.3548e-06 0.00101954 0.053359 0.337563 0.258414 0.0412996 0.132801 0.12223 0.0224654 0.0204977 0.00668948 0.00238021 0.00077912 0.000266202 0.000105227 5.32684e-05 3.56658e-05 2.89022e-05 1.02773e-05
 2.57154e-27 2.61058e-27 5.2209e-26 1.04738e-19 2.56752e-14 7.60801e-10 2.72506e-06 0.00117985 0.0617489 0.39064 0.29891 0.0392559 0.0887967 0.0816328 0.0154621 0.0147437 0.00492325 0.0019143 0.000579212 0.000151762 3.70006e-05 1.12566e-05 5.1211e-06 3.41147e-06 1.17038e-06
 2.56843e-27 2.60207e-27 4.46082e-26 8.87028e-20 2.17444e-14 6.44326e-10 2.30787e-06 0.000999219 0.0522955 0.330836 0.253289 0.0420845 0.142374 0.130937 0.0217104 0.0165899 0.00560018 0.00230601 0.000728576 0.000198599 3.88026e-05 6.8973e-06 1.61531e-06 7.24294e-07 2.25903e-07
 2.56807e-27 2.60119e-27 4.39251e-26 8.72622e-20 2.13913e-14 6.33861e-10 2.27039e-06 0.00098299 0.0514462 0.325463 0.249176 0.0414602 0.140513 0.129425 0.0251773 0.0248655 0.00792236 0.00249631 0.000787588 0.00022751 4.66947e-05 6.95584e-06 8.29565e-07 1.71087e-07 4.23236e-08
 2.57076e-27 2.60847e-27 5.03372e-26 1.00789e-19 2.47072e-14 7.32118e-10 2.62232e-06 0.00113537 0.0594209 0.375913 0.287674 0.0398246 0.101019 0.0929016 0.0172793 0.0160637 0.00551024 0.00236497 0.000689583 0.000161969 3.41346e-05 5.32958e-06 5.10551e-07 4.17077e-08 5.68904e-09
 2.56994e-27 2.60616e-27 4.82173e-26 9.63165e-20 2.36108e-14 6.99631e-10 2.50596e-06 0.00108499 0.0567842 0.359232 0.274957 0.0411026 0.119679 0.109978 0.0177153 0.0127432 0.00425973 0.00170229 0.000561801 0.000162922 2.91996e-05 4.25936e-06 4.17961e-07 2.27053e-08 1.13852e-09
 2.57007e-27 2.60653e-27 4.85595e-26 9.70384e-20 2.37878e-14 7.04875e-10 2.52474e-06 0.00109312 0.0572098 0.361925 0.277008 0.0408226 0.116107 0.106737 0.0181391 0.0145097 0.00454914 0.00133662 0.000412223 0.000118213 2.58425e-05 3.69699e-06 3.26192e-07 1.68164e-08 4.35092e-10
 2.57034e-27 2.60727e-27 4.9217e-26 9.84255e-20 2.41278e-14 7.14951e-10 2.56083e-06 0.00110874 0.0580276 0.367098 0.280956 0.0406487 0.11201 0.102947 0.0173108 0.0135806 0.00435948 0.00144072 0.000400127 8.81886e-05 1.8201e-05 2.95017e-06 2.72499e-07 1.27619e-08 2.76502e-10
 2.57028e-27 2.6071e-27 4.90529e-26 9.80791e-20 2.40429e-14 7.12435e-10 2.55182e-06 0.00110484 0.0578234 0.365807 0.279972 0.0407696 0.113622 0.104419 0.0172821 0.0131427 0.00419651 0.001358 0.00039256 9.16671e-05 1.52535e-05 2.13432e-06 2.13276e-07 1.04982e-08 2.08122e-10
 2.57018e-27 2.60683e-27 4.88186e-26 9.7585e-20 2.39218e-14 7.08845e-10 2.53897e-06 0.00109928 0.0575321 0.363964 0.278566 0.0408423 0.115163 0.105841 0.017548 0.0133893 0.00424511 0.00132439 0.000378148 8.79746e-05 1.54752e-05 1.92024e-06 1.60273e-07 8.21968e-09 1.6895e-10
 2.57017e-27 2.60679e-27 4.87702e-26 9.74828e-20 2.38967e-14 7.08103e-10 2.53631e-06 0.00109812 0.0574718 0.363582 0.278276 0.0409395 0.116106 0.106693 0.0173523 0.0127282 0.00403573 0.00126322 0.00035615 8.01832e-05 1.39474e-05 1.77944e-06 1.36777e-07 5.96325e-09 1.24074e-10
 2.56914e-27 2.60399e-27 4.62963e-26 9.22639e-20 2.26174e-14 6.70194e-10 2.40052e-06 0.00103933 0.054395 0.344118 0.263424 0.041656 0.131993 0.121359 0.0200637 0.0152197 0.00478749 0.00143225 0.000402144 9.03911e-05 1.53161e-05 1.91353e-06 1.4845e-07 5.99352e-09 1.09024e-10
 2.56946e-27 2.60487e-27 4.70899e-26 9.39381e-20 2.30278e-14 6.82354e-10 2.44408e-06 0.00105819 0.055382 0.350362 0.268187 0.0413022 0.125954 0.115813 0.019548 0.0154424 0.00489658 0.00152147 0.000422483 9.15005e-05 1.54211e-05 1.89193e-06 1.43259e-07 5.74977e-09 9.68827e-11
 2.57019e-27 2.60682e-27 4.87957e-26 9.75367e-20 2.39099e-14 7.08494e-10 2.53771e-06 0.00109873 0.0575036 0.363783 0.27843 0.0409742 0.116261 0.106825 0.0171726 0.0122865 0.00392538 0.0012794 0.000361947 8.04975e-05 1.32169e-05 1.58685e-06 1.18172e-07 4.63425e-09 7.6683e-11
 2.56982e-27 2.60582e-27 4.78874e-26 9.56204e-20 2.34402e-14 6.94575e-10 2.48785e-06 0.00107714 0.0563739 0.356636 0.272979 0.0413967 0.123306 0.113295 0.017749 0.0119663 0.00373642 0.00108731 0.000308715 7.17093e-05 1.21085e-05 1.44739e-06 1.04873e-07 4.03263e-09 6.52677e-11
 2.56977e-27 2.6057e-27 4.77955e-26 9.54265e-20 2.33926e-14 6.93166e-10 2.4828e-06 0.00107496 0.0562595 0.355913 0.272425 0.0412863 0.122855 0.112913 0.0183085 0.0133368 0.00412379 0.00112116 0.000303267 6.44678e-05 1.11326e-05 1.38124e-06 1.00655e-07 3.77624e-09 5.97711e-11
 2.57032e-27 2.60718e-27 4.91098e-26 9.81992e-20 2.40724e-14 7.13307e-10 2.55495e-06 0.00110619 0.0578942 0.366254 0.280316 0.0409021 0.114388 0.105095 0.0168428 0.0119651 0.00375407 0.00111217 0.0002978 5.9038e-05 9.38685e-06 1.13441e-06 8.57511e-08 3.25024e-09 5.04084e-11
 2.57072e-27 2.60826e-27 5.00515e-26 1.00186e-19 2.45593e-14 7.27736e-10 2.60663e-06 0.00112857 0.0590653 0.373663 0.285971 0.0407488 0.109248 0.100323 0.0154727 0.0100389 0.00312786 0.000901709 0.000247378 5.23549e-05 7.99447e-06 8.86175e-07 6.38242e-08 2.47887e-09 3.88999e-11
 2.5711e-27 2.60928e-27 5.0942e-26 1.02064e-19 2.50198e-14 7.41383e-10 2.65551e-06 0.00114973 0.0601729 0.38067 0.291317 0.0405321 0.103842 0.0953252 0.0144217 0.00889602 0.00272292 0.000709701 0.000190304 3.97038e-05 6.36682e-06 7.0889e-07 4.70191e-08 1.72857e-09 2.74476e-11
 2.57139e-27 2.61004e-27 5.16056e-26 1.03464e-19 2.5363e-14 7.51551e-10 2.69193e-06 0.0011655 0.0609982 0.385891 0.295303 0.0404612 0.100503 0.0922143 0.013345 0.00722171 0.00218551 0.000538741 0.000138884 2.65282e-05 4.14281e-06 4.71834e-07 3.18706e-08 1.09438e-09 1.64454e-11
 2.57151e-27 2.61038e-27 5.19086e-26 1.04103e-19 2.55197e-14 7.56194e-10 2.70856e-06 0.0011727 0.0613751 0.388275 0.297122 0.0403527 0.0983998 0.0902798 0.0131136 0.00717827 0.00213283 0.000458252 0.000113673 2.04964e-05 2.97123e-06 3.18876e-07 2.16932e-08 7.5518e-10 1.07459e-11
 2.57138e-27 2.61002e-27 5.15693e-26 1.03388e-19 2.53442e-14 7.50994e-10 2.68994e-06 0.00116464 0.060953 0.385605 0.295087 0.0405851 0.101598 0.0931997 0.0130664 0.00633565 0.00187927 0.000407994 9.78337e-05 1.55864e-05 2.12412e-06 2.1111e-07 1.33608e-08 4.6184e-10 6.61064e-12
 2.57117e-27 2.60945e-27 5.10811e-26 1.02358e-19 2.50917e-14 7.43513e-10 2.66314e-06 0.00115304 0.0603458 0.381764 0.292154 0.0406457 0.104119 0.0955482 0.0138834 0.00760563 0.00223057 0.000428781 0.000100742 1.60227e-05 2.01231e-06 1.79963e-07 1.04776e-08 3.36012e-10 4.72336e-12
 2.57132e-27 2.60986e-27 5.14457e-26 1.03127e-19 2.52803e-14 7.49101e-10 2.68315e-06 0.0011617 0.0607993 0.384633 0.294343 0.0404871 0.101374 0.093026 0.0136216 0.00764578 0.00227692 0.000494284 0.000115536 1.65322e-05 2.03136e-06 1.72745e-07 8.96601e-09 2.60998e-10 3.40427e-12
 2.57135e-27 2.60995e-27 5.15184e-26 1.0328e-19 2.53179e-14 7.50214e-10 2.68714e-06 0.00116343 0.0608897 0.385205 0.294779 0.0404978 0.101149 0.0928102 0.013435 0.00727501 0.00217156 0.000483851 0.000116877 1.84614e-05 2.17087e-06 1.71499e-07 8.48699e-09 2.21769e-10 2.60319e-12
#obs surv len freq
 1.76823e-41 2.45418e-33 4.1174e-26 8.35e-20 2.0469e-14 6.06535e-10 2.17251e-06 0.000940622 0.0492284 0.311433 0.238542 0.04404 0.151864 0.128636 0.0361034 0.0276646 0.00836508 0.00261497 0.000504791 5.78695e-05 2.89672e-06 4.64047e-08 1.77015e-10 1.29092e-13 1.55581e-17
 2.17946e-41 3.02494e-33 5.07497e-26 1.02919e-19 2.52295e-14 7.47596e-10 2.67777e-06 0.00115938 0.0606774 0.383862 0.293819 0.0420023 0.0968089 0.0774765 0.0220863 0.0158949 0.00460421 0.00134277 0.000238523 2.39865e-05 9.91858e-07 1.23801e-08 3.53142e-11 1.87614e-14 1.62104e-18
 1.72628e-41 2.39596e-33 4.01973e-26 8.15192e-20 1.99835e-14 5.92147e-10 2.12097e-06 0.000918309 0.0480606 0.304046 0.233095 0.0512261 0.181576 0.135595 0.0264062 0.0139726 0.00387186 0.00104625 0.000168539 1.47379e-05 5.02367e-07 4.88393e-09 1.04041e-11 4.02357e-15 2.49341e-19
 2.09253e-41 2.90429e-33 4.87255e-26 9.88143e-20 2.42232e-14 7.17777e-10 2.57096e-06 0.00111314 0.0582571 0.368552 0.282252 0.0458323 0.11332 0.0812453 0.0277824 0.0175923 0.00330946 0.00064292 9.20227e-05 6.89481e-06 1.9188e-07 1.45126e-09 2.31321e-12 6.52179e-16 2.90122e-20
 2.37299e-41 3.29355e-33 5.52562e-26 1.12058e-19 2.74698e-14 8.1398e-10 2.91554e-06 0.00126233 0.0660653 0.417948 0.319941 0.0442717 0.0788986 0.0519456 0.0115663 0.00601726 0.00170554 0.000341425 3.15255e-05 1.82546e-06 4.0767e-08 2.38124e-10 2.83935e-13 5.85309e-17 1.87481e-21
 1.32182e-41 1.8346e-33 3.07792e-26 6.24195e-20 1.53014e-14 4.53409e-10 1.62404e-06 0.000703151 0.0368002 0.232812 0.179363 0.071199 0.272035 0.166244 0.0277805 0.0106242 0.00200661 0.000387896 4.14651e-05 1.69316e-06 2.61765e-08 1.14429e-10 1.01405e-13 1.52768e-17 3.53197e-22
 2.21628e-41 3.07605e-33 5.16071e-26 1.04658e-19 2.56557e-14 7.60226e-10 2.72301e-06 0.00117897 0.0617025 0.390348 0.299004 0.0467652 0.0888699 0.0563931 0.0350375 0.0179609 0.00241965 0.000291974 2.43317e-05 9.74421e-07 1.13065e-08 3.28847e-11 2.04876e-14 2.22511e-18 3.70365e-23
 1.98737e-41 2.75833e-33 4.62768e-26 9.38483e-20 2.30058e-14 6.81704e-10 2.44175e-06 0.0010572 0.0553294 0.350032 0.268697 0.061014 0.155149 0.0825978 0.0158324 0.00725712 0.00263863 0.000373151 1.88424e-05 5.16771e-07 5.02469e-09 1.11297e-11 4.67291e-15 3.41551e-19 3.95234e-24
 2.02938e-41 2.81664e-33 4.7255e-26 9.58321e-20 2.34921e-14 6.96114e-10 2.49337e-06 0.00107954 0.056499 0.357432 0.274437 0.0614129 0.142943 0.0734722 0.0227445 0.0084445 0.00127337 0.000240422 1.86509e-05 3.68513e-07 2.25524e-09 3.69668e-12 1.17038e-15 6.01987e-20 4.69249e-25
 1.9834e-41 2.75283e-33 4.61844e-26 9.36611e-20 2.29599e-14 6.80344e-10 2.43688e-06 0.00105509 0.055219 0.349336 0.268543 0.0669625 0.154008 0.0735667 0.0217806 0.00791202 0.00144372 0.000160214 1.04832e-05 2.62527e-07 1.36152e-09 1.43037e-12 3.03345e-16 1.12284e-20 6.32595e-26
 2.09525e-41 2.90807e-33 4.8789e-26 9.8943e-20 2.42547e-14 7.18712e-10 2.57431e-06 0.00111459 0.058333 0.369037 0.283645 0.0659643 0.133707 0.0604893 0.0198517 0.00659272 0.00113066 0.000125695 6.0395e-06 1.12609e-07 5.85676e-10 5.54956e-13 8.41074e-17 2.03319e-21 7.67768e-27
 2.04619e-41 2.83998e-33 4.76465e-26 9.66262e-20 2.36868e-14 7.01882e-10 2.51403e-06 0.00108849 0.0569671 0.360398 0.277473 0.0730945 0.146426 0.0607893 0.0174609 0.00529838 0.000906817 9.07918e-05 3.91153e-06 5.51744e-08 2.0481e-10 1.62141e-13 2.15078e-17 4.15814e-22 1.12178e-27
 1.99576e-41 2.76999e-33 4.64723e-26 9.42449e-20 2.3103e-14 6.84585e-10 2.45207e-06 0.00106166 0.0555632 0.35152 0.271165 0.0796339 0.15436 0.0611872 0.0194619 0.00521532 0.000758088 6.86461e-05 2.59789e-06 3.03155e-08 8.4622e-11 4.70862e-14 4.6083e-18 7.06424e-23 1.54136e-28
 1.87283e-41 2.59936e-33 4.36096e-26 8.84395e-20 2.16799e-14 6.42415e-10 2.30103e-06 0.000996265 0.0521405 0.329874 0.255448 0.0911784 0.174877 0.0663445 0.0225277 0.0057401 0.000809357 6.05788e-05 1.89466e-06 1.82391e-08 4.01354e-11 1.66771e-14 1.1584e-18 1.24366e-23 1.95185e-29
 1.69292e-41 2.34966e-33 3.94205e-26 7.99439e-20 1.95973e-14 5.80704e-10 2.07999e-06 0.000900563 0.0471319 0.298197 0.23243 0.106373 0.201006 0.0759404 0.0296999 0.00724367 0.00100564 6.84832e-05 1.74901e-06 1.30505e-08 2.22894e-11 7.07001e-15 3.64863e-19 2.82918e-24 3.13275e-30
 1.91084e-41 2.65213e-33 4.44949e-26 9.02348e-20 2.212e-14 6.55456e-10 2.34774e-06 0.00101649 0.053199 0.336579 0.261446 0.095547 0.154936 0.0611241 0.0281163 0.00697094 0.000998239 6.31655e-05 1.3971e-06 8.23996e-09 1.05287e-11 2.47737e-15 9.48427e-20 5.41657e-25 4.3662e-31
 1.86734e-41 2.59175e-33 4.3482e-26 8.81806e-20 2.16164e-14 6.40535e-10 2.29429e-06 0.000993349 0.051988 0.328931 0.256892 0.10931 0.168539 0.0566887 0.0204985 0.00529837 0.000807812 4.98771e-05 9.83479e-07 4.77858e-09 4.71468e-12 8.1861e-16 2.26991e-20 9.37212e-26 5.47192e-32
 1.84209e-41 2.55671e-33 4.2894e-26 8.69883e-20 2.13241e-14 6.31873e-10 2.26327e-06 0.000979917 0.051285 0.324497 0.254578 0.116804 0.16792 0.057556 0.0213933 0.00436604 0.000583182 3.58028e-05 6.51441e-07 2.69073e-09 2.11712e-12 2.80263e-16 5.73515e-21 1.71095e-26 7.14332e-33
 1.86668e-41 2.59082e-33 4.34664e-26 8.81491e-20 2.16087e-14 6.40306e-10 2.29347e-06 0.000992993 0.0519694 0.328841 0.258868 0.121221 0.159851 0.0540149 0.0198281 0.00394415 0.000444663 2.20651e-05 3.56525e-07 1.27871e-09 8.24482e-13 8.54733e-17 1.32625e-21 2.93181e-27 8.91751e-34
 1.9485e-41 2.70439e-33 4.53718e-26 9.2013e-20 2.25559e-14 6.68373e-10 2.394e-06 0.00103652 0.0542475 0.343266 0.270564 0.121017 0.143763 0.0466853 0.0160593 0.00303035 0.000315309 1.28932e-05 1.61089e-07 4.66346e-10 2.45719e-13 2.03165e-17 2.44266e-22 4.08828e-28 9.25249e-35
 1.93386e-41 2.68407e-33 4.50309e-26 9.13218e-20 2.23865e-14 6.63352e-10 2.37602e-06 0.00102873 0.05384 0.340717 0.270329 0.130305 0.143501 0.0439593 0.0137279 0.00236178 0.00022036 7.77242e-06 7.67301e-08 1.66136e-10 6.607e-14 4.20976e-18 3.91382e-23 5.01741e-29 8.58315e-36
 1.98569e-41 2.756e-33 4.62376e-26 9.3769e-20 2.29864e-14 6.81128e-10 2.43969e-06 0.0010563 0.0552828 0.349869 0.278378 0.131165 0.131261 0.0395933 0.0115124 0.0017374 0.000138664 4.1052e-06 3.27312e-08 5.42653e-11 1.58593e-14 7.34725e-19 5.01216e-24 4.77113e-30 6.09874e-37
 1.91314e-41 2.65531e-33 4.45483e-26 9.0343e-20 2.21465e-14 6.56242e-10 2.35055e-06 0.00101771 0.0532631 0.337148 0.271685 0.147031 0.138254 0.0395536 0.0105016 0.00144413 9.71469e-05 2.31158e-06 1.45152e-08 1.85444e-11 4.0658e-15 1.37783e-19 6.76486e-25 4.6109e-31 4.23251e-38
 1.96427e-41 2.72628e-33 4.57391e-26 9.27579e-20 2.27385e-14 6.73784e-10 2.41338e-06 0.00104491 0.0546869 0.346194 0.279775 0.145298 0.124987 0.0373332 0.00946233 0.00114961 6.57042e-05 1.25239e-06 6.01136e-09 5.77629e-12 9.44412e-16 2.36283e-20 8.46674e-26 4.16567e-32 2.73652e-39
 1.9397e-41 2.69218e-33 4.51668e-26 9.15975e-20 2.2454e-14 6.65354e-10 2.38319e-06 0.00103184 0.054003 0.341945 0.279591 0.155595 0.123862 0.0347876 0.00819072 0.000945346 4.60621e-05 7.01159e-07 2.5735e-09 1.83227e-12 2.18967e-16 3.98908e-21 1.03881e-26 3.70391e-33 1.75651e-40
 1.87885e-41 2.60772e-33 4.37498e-26 8.87238e-20 2.17496e-14 6.44481e-10 2.30842e-06 0.000999468 0.0523091 0.33134 0.275594 0.169195 0.126627 0.0354906 0.00762841 0.000781117 3.32995e-05 4.13953e-07 1.16362e-09 6.14755e-13 5.35087e-17 7.02346e-22 1.3119e-27 3.35206e-34 1.13946e-41
 1.79946e-41 2.49753e-33 4.19013e-26 8.4975e-20 2.08306e-14 6.17249e-10 2.21089e-06 0.000957238 0.0500995 0.317511 0.270016 0.183954 0.130862 0.0380824 0.00777364 0.000715875 2.56171e-05 2.59471e-07 5.70818e-10 2.26221e-13 1.43959e-17 1.36366e-22 1.82459e-28 3.32437e-35 8.03839e-43
 1.82532e-41 2.53342e-33 4.25034e-26 8.61961e-20 2.113e-14 6.26119e-10 2.24266e-06 0.000970994 0.0508199 0.322189 0.276093 0.18243 0.122069 0.0373567 0.00741129 0.00063823 1.94646e-05 1.57527e-07 2.6818e-10 8.05835e-14 3.80594e-18 2.62723e-23 2.53095e-29 3.29712e-36 5.67766e-44
#pred catch len freq
 2.56707e-27 2.59886e-27 4.24147e-26 8.40779e-20 2.06107e-14 6.10732e-10 2.18754e-06 0.000947121 0.0495689 0.313586 0.240037 0.0369788 0.112827 0.104242 0.0269262 0.0355578 0.0167866 0.0149926 0.0102405 0.008495 0.00715749 0.00655211 0.00689016 0.00627806 0.00193412
 2.56978e-27 2.60586e-27 4.81275e-26 9.61276e-20 2.35645e-14 6.98259e-10 2.50105e-06 0.00108286 0.0566728 0.358528 0.274395 0.0395863 0.108534 0.099887 0.0193447 0.019092 0.00760723 0.00507815 0.0028669 0.00202104 0.00148769 0.00121344 0.00116075 0.0010752 0.00036489
 2.56939e-27 2.60472e-27 4.70026e-26 9.37541e-20 2.29827e-14 6.81018e-10 2.43929e-06 0.00105612 0.0552735 0.349676 0.267657 0.0409668 0.123774 0.113843 0.0199486 0.0168802 0.00577077 0.0025217 0.00108065 0.000569729 0.000332316 0.000227683 0.000189641 0.000169532 6.00557e-05
 2.56897e-27 2.60359e-27 4.60144e-26 9.16694e-20 2.24717e-14 6.65875e-10 2.38505e-06 0.00103264 0.0540445 0.3419 0.261723 0.0411425 0.129281 0.11898 0.0218681 0.0199527 0.00651162 0.00231693 0.000758405 0.000259125 0.000102429 5.18521e-05 3.47175e-05 2.81338e-05 1.0004e-05
 2.57144e-27 2.61032e-27 5.19776e-26 1.04249e-19 2.55555e-14 7.57254e-10 2.71236e-06 0.00117435 0.0614611 0.38882 0.297521 0.0393199 0.0902595 0.0829836 0.0157179 0.0149877 0.00500472 0.00194597 0.000588797 0.000154273 3.76129e-05 1.14428e-05 5.20584e-06 3.46792e-06 1.18975e-06
 2.56871e-27 2.60283e-27 4.52808e-26 9.01216e-20 2.20922e-14 6.54632e-10 2.34478e-06 0.0010152 0.053132 0.336127 0.257327 0.041876 0.137951 0.126858 0.021034 0.016073 0.0054257 0.00223416 0.000705877 0.000192411 3.75937e-05 6.68241e-06 1.56498e-06 7.01728e-07 2.18865e-07
 2.56854e-27 2.60247e-27 4.50557e-26 8.96472e-20 2.19759e-14 6.51186e-10 2.33244e-06 0.00100986 0.0528523 0.334358 0.255964 0.0411521 0.133399 0.122855 0.0238991 0.0236032 0.00752016 0.00236958 0.000747604 0.00021596 4.43242e-05 6.60271e-06 7.8745e-07 1.62402e-07 4.0175e-08
 2.57105e-27 2.60926e-27 5.10365e-26 1.02264e-19 2.50688e-14 7.42832e-10 2.6607e-06 0.00115198 0.0602906 0.381415 0.291871 0.0396291 0.0965817 0.0888051 0.0165174 0.0153554 0.00526726 0.00226068 0.000659176 0.000154827 3.26294e-05 5.09457e-06 4.88038e-07 3.98686e-08 5.43818e-09
 2.57033e-27 2.60722e-27 4.91585e-26 9.8302e-20 2.40976e-14 7.14054e-10 2.55762e-06 0.00110735 0.0579548 0.366638 0.280607 0.0408036 0.113434 0.10422 0.0167878 0.012076 0.00403672 0.00161317 0.000532388 0.000154393 2.76709e-05 4.03637e-06 3.96078e-07 2.15166e-08 1.07891e-09
 2.57044e-27 2.60755e-27 4.94659e-26 9.89504e-20 2.42565e-14 7.18764e-10 2.57449e-06 0.00111466 0.0583371 0.369056 0.282449 0.0405435 0.11016 0.101251 0.0172068 0.013764 0.00431533 0.00126792 0.000391036 0.000112137 2.45143e-05 3.50698e-06 3.09427e-07 1.59521e-08 4.1273e-10
 2.57071e-27 2.60826e-27 5.00925e-26 1.00272e-19 2.45806e-14 7.28366e-10 2.60888e-06 0.00112955 0.0591164 0.373987 0.286211 0.0403776 0.106254 0.0976385 0.0164181 0.0128803 0.00413469 0.00136642 0.000379495 8.36412e-05 1.72625e-05 2.79804e-06 2.58448e-07 1.21038e-08 2.62245e-10
 2.57066e-27 2.60814e-27 4.99758e-26 1.00026e-19 2.45202e-14 7.26578e-10 2.60248e-06 0.00112677 0.0589713 0.373069 0.285512 0.04048 0.107525 0.0987965 0.0163516 0.0124351 0.00397055 0.00128488 0.000371424 8.67314e-05 1.44322e-05 2.0194e-06 2.01792e-07 9.93295e-09 1.96916e-10
 2.57067e-27 2.60817e-27 5.00031e-26 1.00084e-19 2.45343e-14 7.26996e-10 2.60398e-06 0.00112742 0.0590052 0.373283 0.285676 0.0404707 0.10734 0.0986268 0.0163518 0.0124766 0.00395574 0.00123411 0.000352371 8.19778e-05 1.44204e-05 1.78934e-06 1.49348e-07 7.65938e-09 1.57434e-10
 2.57061e-27 2.60798e-27 4.98234e-26 9.97047e-20 2.44414e-14 7.24243e-10 2.59412e-06 0.00112315 0.0587818 0.371869 0.284598 0.0406041 0.109111 0.100243 0.0163034 0.0119588 0.00379178 0.00118686 0.000334622 7.53364e-05 1.31043e-05 1.67188e-06 1.2851e-07 5.60279e-09 1.16574e-10
 2.56978e-27 2.60574e-27 4.78482e-26 9.55378e-20 2.34199e-14 6.93974e-10 2.4857e-06 0.00107621 0.0563251 0.356328 0.27274 0.0411674 0.12173 0.111895 0.018499 0.0140327 0.00441411 0.00132055 0.000370781 8.33415e-05 1.41216e-05 1.7643e-06 1.36873e-07 5.52608e-09 1.00521e-10
 2.57019e-27 2.60687e-27 4.88617e-26 9.76759e-20 2.39441e-14 7.09505e-10 2.54133e-06 0.0011003 0.0575856 0.364302 0.278823 0.040754 0.11431 0.105072 0.0177351 0.0140103 0.00444246 0.00138037 0.000383301 8.30146e-05 1.39909e-05 1.71647e-06 1.29973e-07 5.21653e-09 8.78977e-11
 2.57084e-27 2.60861e-27 5.03773e-26 1.00873e-19 2.47278e-14 7.32729e-10 2.62451e-06 0.00113631 0.0594706 0.376227 0.287924 0.0404667 0.105729 0.0971148 0.0156116 0.0111697 0.00356857 0.00116311 0.000329046 7.31803e-05 1.20155e-05 1.4426e-06 1.0743e-07 4.213e-09 6.97126e-11
 2.57046e-27 2.60754e-27 4.94188e-26 9.88509e-20 2.42321e-14 7.18041e-10 2.5719e-06 0.00111353 0.0582784 0.368685 0.282171 0.0408944 0.113025 0.103818 0.0162643 0.0109654 0.00342388 0.000996366 0.000282892 6.57112e-05 1.10957e-05 1.32633e-06 9.61012e-08 3.69532e-09 5.98084e-11
 2.57045e-27 2.60755e-27 4.9438e-26 9.88916e-20 2.42421e-14 7.18336e-10 2.57296e-06 0.00111399 0.0583024 0.368837 0.282285 0.04076 0.111923 0.102833 0.016674 0.0121462 0.00375565 0.00102107 0.000276193 5.87125e-05 1.01387e-05 1.25794e-06 9.16688e-08 3.43912e-09 5.44351e-11
 2.571e-27 2.60904e-27 5.07594e-26 1.01679e-19 2.49254e-14 7.38584e-10 2.64548e-06 0.00114539 0.0599458 0.379233 0.290218 0.04037 0.103382 0.0949482 0.0152167 0.0108099 0.00339161 0.00100479 0.000269047 5.33379e-05 8.48055e-06 1.02488e-06 7.74719e-08 2.93643e-09 4.55415e-11
 2.57138e-27 2.61006e-27 5.16501e-26 1.03558e-19 2.5386e-14 7.52234e-10 2.69438e-06 0.00116656 0.0610536 0.386242 0.295567 0.0402182 0.0984685 0.090388 0.0139405 0.00904475 0.00281811 0.000812413 0.00022288 4.71702e-05 7.20279e-06 7.98418e-07 5.75038e-08 2.23339e-09 3.50476e-11
 2.57184e-27 2.61129e-27 5.2735e-26 1.05847e-19 2.5947e-14 7.68857e-10 2.75392e-06 0.00119234 0.0624028 0.394777 0.30208 0.0399278 0.0916823 0.0841199 0.0127264 0.0078503 0.00240284 0.000626276 0.000167934 3.50366e-05 5.6184e-06 6.2556e-07 4.14921e-08 1.52538e-09 2.42212e-11
 2.57204e-27 2.61184e-27 5.32023e-26 1.06833e-19 2.61887e-14 7.76019e-10 2.77957e-06 0.00120345 0.0629841 0.398454 0.304887 0.0399063 0.0895465 0.082122 0.0118845 0.00643133 0.00194632 0.000479779 0.000123683 2.36248e-05 3.68941e-06 4.20195e-07 2.83825e-08 9.74605e-10 1.46456e-11
 2.57227e-27 2.61247e-27 5.37634e-26 1.08016e-19 2.64789e-14 7.84617e-10 2.81037e-06 0.00121678 0.0636819 0.402869 0.308255 0.0397086 0.0856757 0.0785587 0.011411 0.0062463 0.00185592 0.000398756 9.89148e-05 1.78353e-05 2.58547e-06 2.77476e-07 1.88767e-08 6.57134e-10 9.3507e-12
 2.57205e-27 2.61184e-27 5.31923e-26 1.06811e-19 2.61835e-14 7.75865e-10 2.77902e-06 0.00120321 0.0629716 0.398375 0.304828 0.0400087 0.0903674 0.0828575 0.0116164 0.00563259 0.00167073 0.000362719 8.69772e-05 1.38568e-05 1.88841e-06 1.87683e-07 1.18781e-08 4.1059e-10 5.87707e-12
 2.57186e-27 2.61133e-27 5.27486e-26 1.05875e-19 2.59541e-14 7.69065e-10 2.75466e-06 0.00119266 0.0624197 0.394884 0.302164 0.0400659 0.092675 0.0850064 0.0123516 0.0067665 0.00198447 0.000381473 8.96268e-05 1.42549e-05 1.79029e-06 1.60108e-07 9.32162e-09 2.9894e-10 4.20223e-12
 2.57201e-27 2.61174e-27 5.3116e-26 1.0665e-19 2.61441e-14 7.74695e-10 2.77483e-06 0.00120139 0.0628767 0.397775 0.304368 0.03991 0.0899392 0.0824914 0.012079 0.00677993 0.00201907 0.000438309 0.000102452 1.466e-05 1.80132e-06 1.53183e-07 7.95065e-09 2.31441e-10 3.01876e-12
 2.57166e-27 2.6108e-27 5.22806e-26 1.04888e-19 2.57121e-14 7.61894e-10 2.72898e-06 0.00118154 0.0618377 0.391202 0.299355 0.0402326 0.0959166 0.0879899 0.0127373 0.00689717 0.00205878 0.000458722 0.000110807 1.75026e-05 2.05812e-06 1.62592e-07 8.0462e-09 2.10251e-10 2.46799e-12
#obs catch len freq
 1.74743e-41 2.42532e-33 4.06898e-26 8.25181e-20 2.02283e-14 5.99403e-10 2.14696e-06 0.000929561 0.0486495 0.307771 0.235747 0.0441066 0.154103 0.130594 0.0371629 0.0287239 0.00879607 0.00279352 0.00055226 6.57316e-05 3.45171e-06 5.80137e-08 2.31442e-10 1.75753e-13 2.19382e-17
 1.77211e-41 2.45957e-33 4.12643e-26 8.36832e-20 2.0514e-14 6.07866e-10 2.17728e-06 0.000942686 0.0493364 0.312117 0.239123 0.0459728 0.155442 0.12464 0.0359113 0.0260381 0.00771236 0.0023 0.000417965 4.32566e-05 1.86151e-06 2.42971e-08 7.22781e-11 3.98599e-14 3.55972e-18
 2.18772e-41 3.03642e-33 5.09422e-26 1.0331e-19 2.53252e-14 7.50431e-10 2.68792e-06 0.00116378 0.0609075 0.385318 0.294973 0.0432812 0.098168 0.0741811 0.0217383 0.0147222 0.00417722 0.00115649 0.000192243 1.72933e-05 6.08412e-07 6.13625e-09 1.35746e-11 5.43528e-15 3.47328e-19
 1.74319e-41 2.41943e-33 4.05909e-26 8.23176e-20 2.01792e-14 5.97946e-10 2.14175e-06 0.000927302 0.0485313 0.307024 0.23546 0.053732 0.183207 0.128535 0.0252927 0.0127877 0.00347114 0.000885339 0.000132637 1.02852e-05 2.953e-07 2.30084e-09 3.78099e-12 1.09857e-15 5.02595e-20
 2.11199e-41 2.93131e-33 4.91788e-26 9.97336e-20 2.44485e-14 7.24454e-10 2.59488e-06 0.00112349 0.0587991 0.371981 0.284935 0.0474483 0.113179 0.0764138 0.0269776 0.0156981 0.00283699 0.000530322 7.02414e-05 4.6263e-06 1.07454e-07 6.46366e-10 7.90651e-13 1.66962e-16 5.47385e-21
 2.38946e-41 3.31642e-33 5.56398e-26 1.12836e-19 2.76605e-14 8.19632e-10 2.93579e-06 0.00127109 0.066524 0.42085 0.322207 0.0453529 0.0778374 0.0479667 0.0108823 0.00534069 0.00147282 0.000267953 2.294e-05 1.17258e-06 2.16826e-08 1.00039e-10 9.11035e-14 1.40241e-17 3.3049e-22
 1.35682e-41 1.88318e-33 3.15942e-26 6.40723e-20 1.57066e-14 4.65415e-10 1.66704e-06 0.000721771 0.0377746 0.238977 0.184284 0.0756197 0.270961 0.154353 0.0259184 0.00933493 0.00171064 0.000311429 2.96254e-05 1.04629e-06 1.34629e-08 4.63257e-11 3.12242e-14 3.5028e-18 5.94761e-23
 2.24568e-41 3.11686e-33 5.22917e-26 1.06047e-19 2.59961e-14 7.70311e-10 2.75913e-06 0.00119461 0.062521 0.395527 0.303033 0.0481342 0.0866554 0.0522978 0.0332328 0.015218 0.0019454 0.0002212 1.6823e-05 5.72093e-07 5.40291e-09 1.23759e-11 5.86279e-15 4.73174e-19 5.77446e-24
 2.02456e-41 2.80995e-33 4.71428e-26 9.56046e-20 2.34363e-14 6.94462e-10 2.48745e-06 0.00107698 0.0563649 0.356584 0.273849 0.0633526 0.150731 0.074635 0.0145107 0.00641562 0.00219394 0.000271345 1.23587e-05 2.93096e-07 2.30616e-09 3.96915e-12 1.26395e-15 6.86664e-20 5.82002e-25
 2.06893e-41 2.87153e-33 4.81759e-26 9.76999e-20 2.395e-14 7.09681e-10 2.54196e-06 0.00110058 0.0576001 0.364399 0.279915 0.0635954 0.137922 0.0663642 0.0208678 0.00700356 0.0010363 0.000181553 1.18911e-05 1.96338e-07 9.81326e-10 1.25135e-12 2.98867e-16 1.14019e-20 6.51288e-26
 2.02679e-41 2.81306e-33 4.71949e-26 9.57102e-20 2.34622e-14 6.95229e-10 2.4902e-06 0.00107817 0.0564271 0.35698 0.274578 0.0693564 0.147857 0.0660629 0.0198031 0.00659369 0.00113931 0.000114815 6.72652e-06 1.36897e-07 5.6037e-10 4.56909e-13 7.32741e-17 2.00877e-21 8.28346e-27
 2.13786e-41 2.9672e-33 4.9781e-26 1.00955e-19 2.47479e-14 7.33325e-10 2.62665e-06 0.00113725 0.0595191 0.376542 0.28957 0.0679261 0.127143 0.053969 0.0178196 0.00540022 0.000879868 8.75755e-05 3.66038e-06 5.69731e-08 2.32538e-10 1.67748e-13 1.90956e-17 3.42097e-22 9.45142e-28
 2.09244e-41 2.90416e-33 4.87234e-26 9.881e-20 2.42221e-14 7.17746e-10 2.57085e-06 0.00111309 0.0582546 0.368546 0.283943 0.0752284 0.138528 0.0538282 0.0154838 0.00431393 0.000694488 6.2005e-05 2.29382e-06 2.6525e-08 7.77686e-11 4.68959e-14 4.63562e-18 6.60938e-23 1.3053e-28
 2.04625e-41 2.84005e-33 4.76478e-26 9.66288e-20 2.36874e-14 7.01901e-10 2.5141e-06 0.00108852 0.0569686 0.360414 0.278264 0.0818757 0.145336 0.0541724 0.0170895 0.00417117 0.000570072 4.59076e-05 1.47679e-06 1.39822e-08 3.05085e-11 1.29134e-14 9.41583e-19 1.06039e-23 1.68683e-29
 1.92931e-41 2.67775e-33 4.49248e-26 9.11066e-20 2.23337e-14 6.61788e-10 2.37042e-06 0.00102631 0.053713 0.339825 0.263467 0.0938483 0.164344 0.0588998 0.0196602 0.00457654 0.000597228 3.94492e-05 1.04572e-06 8.10533e-09 1.38415e-11 4.35112e-15 2.2465e-19 1.7703e-24 2.02089e-30
 1.75584e-41 2.437e-33 4.08857e-26 8.29153e-20 2.03257e-14 6.02288e-10 2.1573e-06 0.000934035 0.0488837 0.309286 0.24149 0.109796 0.189093 0.0681271 0.0258374 0.00577018 0.000734846 4.36657e-05 9.33923e-07 5.58841e-09 7.37486e-12 1.7621e-15 6.73923e-20 3.83009e-25 3.08396e-31
 1.97074e-41 2.73526e-33 4.58897e-26 9.30634e-20 2.28134e-14 6.76003e-10 2.42133e-06 0.00104835 0.0548667 0.347136 0.270007 0.0976472 0.144049 0.05489 0.0240975 0.00550272 0.000713108 3.90386e-05 7.14358e-07 3.34668e-09 3.29e-12 5.81648e-16 1.64627e-20 6.87823e-26 4.02743e-32
 1.92874e-41 2.67697e-33 4.49117e-26 9.108e-20 2.23272e-14 6.61595e-10 2.36973e-06 0.00102601 0.0536973 0.339754 0.265803 0.111429 0.155901 0.0501308 0.0174587 0.00419474 0.000571669 3.02164e-05 4.87074e-07 1.86249e-09 1.4045e-12 1.82597e-16 3.7365e-21 1.12698e-26 4.77315e-33
 1.90579e-41 2.64511e-33 4.43773e-26 8.99962e-20 2.20615e-14 6.53723e-10 2.34153e-06 0.0010138 0.0530584 0.335728 0.263909 0.118714 0.154775 0.0510888 0.0179017 0.00337841 0.000408704 2.1297e-05 3.12914e-07 1.00727e-09 6.0175e-13 5.93947e-17 8.94802e-22 1.94765e-27 5.89421e-34
 1.93075e-41 2.67975e-33 4.49584e-26 9.11747e-20 2.23504e-14 6.62283e-10 2.37219e-06 0.00102708 0.0537532 0.340141 0.268327 0.12263 0.146535 0.0478238 0.0164403 0.00300588 0.000301629 1.2772e-05 1.65928e-07 4.59531e-10 2.23417e-13 1.71912e-17 1.95826e-22 3.15318e-28 6.94612e-35
 2.00975e-41 2.7894e-33 4.67979e-26 9.49052e-20 2.32649e-14 6.89381e-10 2.46925e-06 0.0010691 0.0559526 0.354072 0.279662 0.121695 0.130866 0.0410369 0.013151 0.00227759 0.000208487 7.17262e-06 7.1938e-08 1.6046e-10 6.34182e-14 3.87404e-18 3.40859e-23 4.14705e-29 6.78894e-36
 1.99654e-41 2.77106e-33 4.64904e-26 9.42816e-20 2.3112e-14 6.84851e-10 2.45302e-06 0.00106207 0.055585 0.35178 0.279756 0.130471 0.129979 0.038364 0.0111063 0.0017475 0.000142536 4.18249e-06 3.28089e-08 5.45423e-11 1.62421e-14 7.62429e-19 5.17153e-24 4.80785e-30 5.93962e-37
 2.04656e-41 2.84049e-33 4.7655e-26 9.66435e-20 2.3691e-14 7.02008e-10 2.51448e-06 0.00108868 0.0569775 0.360619 0.287599 0.130627 0.118235 0.0343328 0.00917108 0.0012586 8.72944e-05 2.13432e-06 1.34126e-08 1.69651e-11 3.70116e-15 1.26121e-19 6.26603e-25 4.31613e-31 3.97584e-38
 1.9773e-41 2.74436e-33 4.60424e-26 9.3373e-20 2.28893e-14 6.78252e-10 2.42939e-06 0.00105184 0.0550496 0.34849 0.281609 0.146027 0.124268 0.0341229 0.00829156 0.0010284 5.9529e-05 1.16227e-06 5.7207e-09 5.54873e-12 9.04825e-16 2.25067e-20 8.03887e-26 3.96119e-32 2.61707e-39
 2.02675e-41 2.813e-33 4.71939e-26 9.57082e-20 2.34617e-14 6.95214e-10 2.49014e-06 0.00107815 0.0564265 0.357245 0.289484 0.143576 0.111943 0.032045 0.00735911 0.000801237 3.90577e-05 6.0535e-07 2.26567e-09 1.64702e-12 1.99718e-16 3.65973e-21 9.52685e-27 3.38612e-33 1.60047e-40
 2.00328e-41 2.78042e-33 4.66474e-26 9.45999e-20 2.31901e-14 6.87164e-10 2.46131e-06 0.00106566 0.0557733 0.353205 0.289642 0.153147 0.11053 0.0296384 0.00632191 0.000646864 2.65923e-05 3.2658e-07 9.29061e-10 4.98622e-13 4.40956e-17 5.87344e-22 1.10954e-27 2.85479e-34 9.73368e-42
 1.94477e-41 2.69921e-33 4.52848e-26 9.18368e-20 2.25127e-14 6.67092e-10 2.38942e-06 0.00103454 0.0541447 0.343034 0.286253 0.166115 0.112976 0.030078 0.00581774 0.0005257 1.87397e-05 1.86087e-07 4.03106e-10 1.59966e-13 1.02806e-17 9.85221e-23 1.33352e-28 2.45637e-35 5.99791e-43
 1.86812e-41 2.59283e-33 4.35001e-26 8.82174e-20 2.16255e-14 6.40802e-10 2.29525e-06 0.000993764 0.0520116 0.329718 0.281416 0.180322 0.117 0.0321752 0.00587448 0.000472588 1.40387e-05 1.12791e-07 1.90009e-10 5.63458e-14 2.64188e-18 1.82472e-23 1.76766e-29 2.32037e-36 4.02821e-44
#spawning biomass
 7144.31 7979.48 9897.01 11428.6 17337.2 28749.7 30062.3 33747.9 44992.6 54694 69393.1 89362 111975 127334 138267 125155 112245 106214 101700 98109.4 99162.8 107327 109719 124859 122004 131725 142117 153123 190697 204553 118051 64164.3 37318.6 25517.2 20723.9 18878.3 18194 17947.1 17859.8 17829.4 17818.9 17815.3 17814.1 17813.7 17813.6 17813.5 17813.5 17813.5 17813.5 17813.5 17813.5 17813.5 17813.5 17813.5 17813.5 17813.5 17813.5 17813.5 17813.5 17813.5 17813.5 17813.5 17813.5 17813.5 17813.5 17813.5 17813.5 17813.5 17813.5 17813.5 17813.5 17813.5 17813.5 17813.5 17813.5 17813.5 17813.5 17813.5 17813.5 17813.5 17813.5 17813.5 17813.5 17813.5 17813.5 17813.5 17813.5 17813.5 17813.5 17813.5 17813.5 17813.5 17813.5 17813.5 17813.5 17813.5 17813.5 17813.5 17813.5 17813.5 17813.5 17813.5 17813.5 17813.5 17813.5 17813.5 17813.5 17813.5 17813.5 17813.5 17813.5 17813.5 17813.5 17813.5 17813.5 17813.5 17813.5 17813.5 17813.5 17813.5 17813.5 17813.5 17813.5 17813.5 17813.5 17813.5 17813.5 17813.5 0 0 0 0 0 0 0 0 0 0 0 0 0 0 0 0 0 0 0 0 0 0 0 0 0
