SBPRF35
0.819782
Curr Bio
191858
B35
932799
F35
0.232384
FOFL
0
OFL
0
Bzero
234224
#pred survey bio
 8688.52 8592 6409.14 7937.93 12247.1 20652.2 31685.7 44470.4 57942.9 79373.2 114664 152191 184855 213241 202560 184697 199868 185152 178956 205384 222586 227228 246423 288773 246493 280697 302680 277073 214663 3.40854e+06 5.09859e+06 5.67322e+06 5.51883e+06 5.00348e+06 4.38337e+06 3.79969e+06 3.31081e+06 2.92793e+06 2.64035e+06 2.43002e+06 2.27872e+06 2.17088e+06 2.09431e+06 2.03935e+06 1.99879e+06 1.97028e+06 1.94998e+06 1.93533e+06 1.92461e+06 1.91665e+06 1.91067e+06 1.90612e+06 1.90262e+06 1.8999e+06 1.89777e+06 1.89608e+06 1.89474e+06 1.89367e+06 1.89281e+06 1.89211e+06 1.89155e+06 1.89109e+06 1.89072e+06 1.89042e+06 1.89018e+06 1.88998e+06 1.88981e+06 1.88968e+06 1.88957e+06 1.88948e+06 1.88941e+06 1.88935e+06 1.8893e+06 1.88926e+06 1.88923e+06 1.8892e+06 1.88918e+06 1.88916e+06 1.88915e+06 1.88913e+06 1.88912e+06 1.88912e+06 1.88911e+06 1.8891e+06 1.8891e+06 1.8891e+06 1.88909e+06 1.88909e+06 1.88909e+06 1.88909e+06 1.88909e+06 1.88908e+06 1.88908e+06 1.88908e+06 1.88908e+06 1.88908e+06 1.88908e+06 1.88908e+06 1.88908e+06 1.88908e+06 1.88908e+06 1.88908e+06 1.88908e+06 1.88908e+06 1.88908e+06 1.88908e+06 1.88908e+06 1.88908e+06 1.88908e+06 1.88908e+06 1.88908e+06 1.88908e+06 1.88908e+06 1.88908e+06 1.88908e+06 1.88908e+06 1.88908e+06 1.88908e+06 1.88908e+06 1.88908e+06 1.88908e+06 1.88908e+06 1.88908e+06 1.88908e+06 1.88908e+06 1.88908e+06 1.88908e+06 1.88908e+06 1.88908e+06 0 0 0 0 0 0 0 0 0 0 0 0 0 0 0 0 0 0 0 0 0 0 0 0 0
#obs survey bio
 7750.98 5849.4 6449.26 9576.61 16817.2 20158 36328.2 52100.5 47650.6 69186.1 103132 110244 158758 220339 235886 170231 156272 166807 191537 274767 201591 164131 201813 342817 194447 215748 189849 195176 185835
#pred catch bio
 3045.13 4411.34 2854.29 3356.4 5781.56 12902.3 19836.5 29745.6 38438.9 50889 74330.9 104165 125744 150894 150313 129087 146462 136599 122718 145673 158929 166632 163285 224045 173873 199334 224802 214149 187249 0 44471.2 49347.5 47449.2 42350.6 36415.1 30931.4 26413.9 22939.3 20385.1 18565.5 17298.2 16430 15842.7 15446.6 15177.7 15003.2 14889.9 14816.4 14768.7 14737.7 14717.6 14704.6 14696.1 14690.6 14687.1 14684.8 14683.3 14682.3 14681.7 14681.2 14681 14680.8 14680.7 14680.6 14680.6 14680.5 14680.5 14680.5 14680.5 14680.5 14680.5 14680.5 14680.5 14680.5 14680.5 14680.5 14680.5 14680.5 14680.5 14680.5 14680.5 14680.5 14680.5 14680.5 14680.5 14680.5 14680.5 14680.5 14680.5 14680.5 14680.5 14680.5 14680.5 14680.5 14680.5 14680.5 14680.5 14680.5 14680.5 14680.5 14680.5 14680.5 14680.5 14680.5 14680.5 14680.5 14680.5 14680.5 14680.5 14680.5 14680.5 14680.5 14680.5 14680.5 14680.5 14680.5 14680.5 14680.5 14680.5 14680.5 14680.5 14680.5 14680.5 14680.5 14680.5 14680.5 14680.5 14680.5 14680.5 0 0 0 0 0 0 0 0 0 0 0 0 0 0 0 0 0 0 0 0 0 0 0 0 0
#obs catch bio
 4591.89 4762.68 3149.79 3106.26 4781.98 9321.73 16237 23877.9 33511.7 40192.5 67189.6 94257.8 120131 135311 133710 133192 159452 132343 108020 132143 144830 155904 142503 207104 154167 206767 227095 200489 192398
#pred cpue bio
 7145.3 7936.98 5212.7 5020.63 7884.53 11481.6 16225.9 25031 31119.3 41438.6 60390.7 85358 101824 125170 131458 109779 117163 113582 103012 118679 126760 135312 129368 176004 139196 154613 173613 166603 134921 1.50439e+06 4.95783e+06 5.55113e+06 5.39603e+06 4.88065e+06 4.26054e+06 3.67686e+06 3.18798e+06 2.80511e+06 2.51753e+06 2.3072e+06 2.15589e+06 2.04805e+06 1.97149e+06 1.91652e+06 1.87596e+06 1.84745e+06 1.82715e+06 1.8125e+06 1.80178e+06 1.79383e+06 1.78785e+06 1.7833e+06 1.7798e+06 1.77708e+06 1.77494e+06 1.77326e+06 1.77191e+06 1.77084e+06 1.76998e+06 1.76928e+06 1.76872e+06 1.76827e+06 1.7679e+06 1.7676e+06 1.76735e+06 1.76715e+06 1.76699e+06 1.76685e+06 1.76674e+06 1.76665e+06 1.76658e+06 1.76652e+06 1.76647e+06 1.76643e+06 1.7664e+06 1.76637e+06 1.76635e+06 1.76633e+06 1.76632e+06 1.76631e+06 1.7663e+06 1.76629e+06 1.76628e+06 1.76628e+06 1.76627e+06 1.76627e+06 1.76627e+06 1.76626e+06 1.76626e+06 1.76626e+06 1.76626e+06 1.76626e+06 1.76626e+06 1.76626e+06 1.76626e+06 1.76626e+06 1.76626e+06 1.76626e+06 1.76626e+06 1.76625e+06 1.76625e+06 1.76625e+06 1.76625e+06 1.76625e+06 1.76625e+06 1.76625e+06 1.76625e+06 1.76625e+06 1.76625e+06 1.76625e+06 1.76625e+06 1.76625e+06 1.76625e+06 1.76625e+06 1.76625e+06 1.76625e+06 1.76625e+06 1.76625e+06 1.76625e+06 1.76625e+06 1.76625e+06 1.76625e+06 1.76625e+06 1.76625e+06 1.76625e+06 1.76625e+06 1.76625e+06 1.76625e+06 1.76625e+06 0 0 0 0 0 0 0 0 0 0 0 0 0 0 0 0 0 0 0 0 0 0 0 0 0
#obs cpue bio
 7539.11 5465.31 6429.27 6610.93 12536.2 27589.6 24427.4 60146.9 59304.8 106280 101161 177101 148449 178622 192960 106087 109002 144490 149523 167580 169970 256694 227817 296731 205038 185488 265946 335356 178653
#pred surv len freq
 9.96706e-12 1.0823e-09 6.92901e-08 2.61536e-06 5.82013e-05 0.000763645 0.00590847 0.0269802 0.0730196 0.119611 0.130259 0.124255 0.130432 0.123749 0.0938684 0.0642234 0.0422054 0.0256633 0.01498 0.00888104 0.00554857 0.00379042 0.00278762 0.00194065 0.00107186
 5.19017e-12 5.6359e-10 3.60816e-08 1.3619e-06 3.03078e-05 0.000397685 0.00307796 0.0140781 0.0384173 0.0654757 0.0831158 0.10829 0.14365 0.150737 0.12521 0.0959931 0.0694321 0.0449982 0.0263993 0.0143035 0.00747983 0.00409198 0.0024718 0.00153454 0.000813844
 1.14036e-11 1.23829e-09 7.92765e-08 2.99229e-06 6.65892e-05 0.000873678 0.00675898 0.0308445 0.0832101 0.134151 0.136157 0.106025 0.089879 0.0858389 0.0809459 0.0745392 0.0622813 0.0456519 0.0297592 0.0170599 0.00861714 0.00402227 0.00190378 0.000957816 0.00045364
 1.59369e-11 1.73056e-09 1.10792e-07 4.18184e-06 9.30608e-05 0.00122099 0.00944559 0.0430981 0.116176 0.186558 0.185798 0.134737 0.0984478 0.0759337 0.0496896 0.0299191 0.0212952 0.0172682 0.0131928 0.0086595 0.00478791 0.00224056 0.000926004 0.000367199 0.000141765
 1.44314e-11 1.56708e-09 1.00326e-07 3.78681e-06 8.42701e-05 0.00110567 0.00855396 0.039042 0.10541 0.170623 0.176306 0.144674 0.126631 0.104895 0.0641844 0.0297087 0.0129371 0.00636432 0.00382419 0.00260699 0.0016487 0.000861382 0.000364322 0.000129108 4.04431e-05
 1.63813e-11 1.77881e-09 1.13881e-07 4.29844e-06 9.56555e-05 0.00125504 0.00970911 0.0443037 0.11947 0.192206 0.193108 0.14445 0.110836 0.0865179 0.0532507 0.0257121 0.0112934 0.004626 0.00175152 0.00071835 0.000363416 0.00019558 9.06151e-05 3.30935e-05 9.52548e-06
 1.68074e-11 1.82508e-09 1.16843e-07 4.41025e-06 9.81438e-05 0.00128769 0.00996175 0.0454579 0.122601 0.197393 0.19901 0.150538 0.116739 0.0887218 0.0482958 0.0162321 0.0032472 0.000383842 2.68271e-05 1.13032e-06 3.66759e-08 3.88966e-09 1.40342e-09 5.21129e-10 1.52855e-10
 1.5684e-11 1.70309e-09 1.09033e-07 4.11547e-06 9.1584e-05 0.00120162 0.00929622 0.0424269 0.114508 0.185022 0.189634 0.151527 0.127272 0.10073 0.0554137 0.018665 0.00373511 0.000441332 3.07542e-05 1.26363e-06 3.06148e-08 4.37484e-10 3.69162e-12 1.85524e-14 7.99776e-17
 1.62666e-11 1.76635e-09 1.13084e-07 4.26834e-06 9.49859e-05 0.00124626 0.00964136 0.0439987 0.118705 0.191437 0.194496 0.151014 0.12181 0.0945027 0.0517223 0.0174031 0.00348184 0.000411389 2.86673e-05 1.17787e-06 2.85352e-08 4.07683e-10 3.43733e-12 1.71459e-14 5.10481e-17
 1.65939e-11 1.80189e-09 1.15359e-07 4.35422e-06 9.6897e-05 0.00127133 0.00983525 0.0448818 0.121063 0.195042 0.197228 0.150727 0.118741 0.0910044 0.0496486 0.0166941 0.00333956 0.000394567 2.74947e-05 1.12966e-06 2.73648e-08 3.90833e-10 3.29137e-12 1.63484e-14 4.79439e-17
 1.64942e-11 1.79108e-09 1.14666e-07 4.32809e-06 9.63154e-05 0.0012637 0.00977624 0.0446131 0.120345 0.193945 0.196397 0.150814 0.119675 0.0920691 0.0502797 0.0169099 0.00338286 0.000399687 2.78516e-05 1.14434e-06 2.77217e-08 3.95996e-10 3.33684e-12 1.66098e-14 4.90864e-17
 1.57302e-11 1.70811e-09 1.09355e-07 4.1276e-06 9.18539e-05 0.00120517 0.00932361 0.0425516 0.114841 0.185531 0.19002 0.151486 0.126839 0.100236 0.0551208 0.0185649 0.003715 0.000438954 3.05882e-05 1.25677e-06 3.04447e-08 4.34856e-10 3.66319e-12 1.82146e-14 5.36218e-17
 1.59589e-11 1.73295e-09 1.10945e-07 4.18761e-06 9.31894e-05 0.00122269 0.0094591 0.0431687 0.116489 0.188049 0.191929 0.151285 0.124695 0.0977911 0.0536717 0.0180695 0.00361558 0.0004272 2.97689e-05 1.2231e-06 2.96282e-08 4.23152e-10 3.56332e-12 1.76952e-14 5.18522e-17
 1.51159e-11 1.6414e-09 1.05084e-07 3.9664e-06 8.82666e-05 0.0011581 0.00895966 0.0408941 0.110415 0.178765 0.184893 0.152026 0.132599 0.106802 0.0590134 0.0198956 0.00398207 0.000470528 3.27885e-05 1.34716e-06 3.26335e-08 4.66069e-10 3.92458e-12 1.94866e-14 5.70743e-17
 1.35411e-11 1.4704e-09 9.41363e-08 3.55318e-06 7.90711e-05 0.00103746 0.00802673 0.0366452 0.0990705 0.161423 0.17175 0.153411 0.147363 0.123634 0.0689914 0.0233066 0.00466665 0.000551462 3.8429e-05 1.57891e-06 3.82474e-08 5.46245e-10 4.59967e-12 2.2838e-14 6.68835e-17
 1.49371e-11 1.62199e-09 1.03841e-07 3.9195e-06 8.7223e-05 0.00114441 0.00885377 0.0404118 0.109128 0.176797 0.183401 0.152183 0.134274 0.108712 0.0601458 0.0202827 0.00405977 0.000479714 3.34288e-05 1.37348e-06 3.32718e-08 4.75229e-10 4.00303e-12 1.98998e-14 5.85333e-17
 1.51347e-11 1.64345e-09 1.05215e-07 3.97135e-06 8.83769e-05 0.00115955 0.00897084 0.040945 0.110551 0.178973 0.18505 0.15201 0.132422 0.1066 0.0588938 0.0198547 0.00397386 0.000469558 3.2721e-05 1.3444e-06 3.25678e-08 4.65193e-10 3.91907e-12 1.94927e-14 5.74444e-17
 1.44647e-11 1.57069e-09 1.00557e-07 3.79553e-06 8.44643e-05 0.00110822 0.0085739 0.0391372 0.105724 0.171594 0.179458 0.152599 0.138704 0.113762 0.0631393 0.021306 0.00426514 0.000503993 3.51208e-05 1.44299e-06 3.49546e-08 4.99212e-10 4.20343e-12 2.08671e-14 6.10746e-17
 1.53864e-11 1.67078e-09 1.06965e-07 4.03739e-06 8.98465e-05 0.00117883 0.00911994 0.041624 0.112364 0.181745 0.187151 0.151788 0.130062 0.10391 0.0572991 0.0193095 0.00386445 0.000456623 3.18195e-05 1.30735e-06 3.16688e-08 4.52286e-10 3.80833e-12 1.89061e-14 5.5339e-17
 1.53341e-11 1.6651e-09 1.06601e-07 4.02366e-06 8.95409e-05 0.00117482 0.00908894 0.0414829 0.111987 0.181169 0.186714 0.151834 0.130553 0.104469 0.0576306 0.0194229 0.0038872 0.000459312 3.2007e-05 1.31506e-06 3.18568e-08 4.55026e-10 3.83308e-12 1.90589e-14 5.61023e-17
 1.55303e-11 1.68641e-09 1.07966e-07 4.07516e-06 9.06869e-05 0.00118986 0.00920521 0.0420124 0.113401 0.18333 0.188352 0.151662 0.128712 0.102372 0.0563871 0.0189978 0.00380188 0.000449225 3.13039e-05 1.28616e-06 3.11557e-08 4.44958e-10 3.74665e-12 1.86002e-14 5.44474e-17
 1.491e-11 1.61905e-09 1.03653e-07 3.91238e-06 8.70645e-05 0.00114233 0.0088377 0.0403386 0.108932 0.176498 0.183175 0.152207 0.134529 0.109002 0.0603178 0.0203415 0.00407156 0.000481108 3.35259e-05 1.37746e-06 3.33672e-08 4.76541e-10 4.01255e-12 1.99196e-14 5.83024e-17
 1.65309e-11 1.79506e-09 1.14921e-07 4.3377e-06 9.65294e-05 0.00126651 0.00979796 0.044712 0.120609 0.194348 0.196702 0.150782 0.119332 0.0916773 0.0500474 0.0168305 0.00336693 0.000397803 2.77202e-05 1.13892e-06 2.75888e-08 3.94016e-10 3.31767e-12 1.647e-14 4.82055e-17
 1.45642e-11 1.5815e-09 1.01249e-07 3.82164e-06 8.50453e-05 0.00111584 0.00863284 0.0394056 0.106441 0.17269 0.180289 0.152511 0.137771 0.112699 0.0625089 0.0210905 0.00422189 0.00049888 3.47645e-05 1.42835e-06 3.46001e-08 4.94155e-10 4.16103e-12 2.06599e-14 6.05024e-17
 1.56416e-11 1.69849e-09 1.08739e-07 4.10435e-06 9.13365e-05 0.00119838 0.00927111 0.0423125 0.114203 0.184555 0.18928 0.151564 0.12767 0.101183 0.0556823 0.0187568 0.00375353 0.000443508 3.09055e-05 1.26979e-06 3.07591e-08 4.39293e-10 3.69891e-12 1.83625e-14 5.37437e-17
 1.59592e-11 1.73298e-09 1.10947e-07 4.18768e-06 9.31909e-05 0.00122271 0.00945926 0.0431694 0.116491 0.188052 0.191931 0.151285 0.124692 0.0977882 0.05367 0.0180689 0.00361547 0.000427186 2.9768e-05 1.22306e-06 2.9627e-08 4.23124e-10 3.56278e-12 1.7687e-14 5.17695e-17
 1.54344e-11 1.67599e-09 1.07299e-07 4.04999e-06 9.01268e-05 0.00118251 0.00914838 0.0417536 0.11271 0.182273 0.187551 0.151746 0.129612 0.103397 0.0569949 0.0192055 0.00384358 0.000454155 3.16475e-05 1.30028e-06 3.14976e-08 4.4984e-10 3.78772e-12 1.88034e-14 5.50343e-17
 1.47676e-11 1.60358e-09 1.02663e-07 3.87501e-06 8.6233e-05 0.00113142 0.00875334 0.0399544 0.107906 0.17493 0.181986 0.152332 0.135864 0.110524 0.0612201 0.0206499 0.00413347 0.000488427 3.40359e-05 1.39841e-06 3.38748e-08 4.8379e-10 4.07358e-12 2.02225e-14 5.91875e-17
 1.40801e-11 1.52893e-09 9.78834e-08 3.69461e-06 8.22185e-05 0.00107875 0.00834605 0.0380995 0.102954 0.167359 0.176248 0.152937 0.14231 0.117873 0.0655762 0.0221391 0.00443233 0.00052376 3.64984e-05 1.49959e-06 3.63257e-08 5.18793e-10 4.36831e-12 2.16856e-14 6.34698e-17
#obs surv len freq
 7.73917e-12 8.40383e-10 5.3802e-08 2.03076e-06 4.51919e-05 0.000592949 0.0045877 0.0209475 0.0566706 0.0926639 0.100264 0.0950108 0.103745 0.113319 0.111285 0.100462 0.0805471 0.0561739 0.0343456 0.0181105 0.00786189 0.00262618 0.000627736 0.000101109 1.05228e-05
 1.06757e-12 1.15926e-10 7.4217e-09 2.80138e-07 6.23469e-06 8.18423e-05 0.000634735 0.00293297 0.00840512 0.0174872 0.0361949 0.0771799 0.129734 0.160197 0.161915 0.144524 0.111239 0.0736825 0.0428186 0.0212602 0.00849903 0.00256731 0.000552108 8.03024e-05 7.5917e-06
 1.58713e-11 1.72344e-09 1.10336e-07 4.16463e-06 9.26775e-05 0.00121594 0.00940571 0.0428973 0.115373 0.183162 0.172595 0.100337 0.0479748 0.0450264 0.0655528 0.074966 0.0623697 0.0408776 0.0225571 0.0104447 0.00385174 0.00106111 0.000206139 2.6972e-05 2.29579e-06
 1.32438e-11 1.43812e-09 9.20694e-08 3.47517e-06 7.73354e-05 0.0010147 0.00785084 0.035846 0.0969346 0.157948 0.167185 0.144877 0.131369 0.106337 0.0629285 0.0322531 0.0216828 0.0165327 0.0102402 0.00476516 0.00165397 0.000417628 7.36037e-05 8.69471e-06 6.66675e-07
 1.23383e-11 1.33979e-09 8.57745e-08 3.23757e-06 7.20478e-05 0.000945318 0.00731391 0.0333909 0.0902426 0.146589 0.153055 0.128347 0.117552 0.112129 0.0936577 0.0638903 0.0329373 0.0128571 0.00458443 0.00171199 0.000561915 0.00013483 2.20039e-05 2.36795e-06 1.64275e-07
 1.32373e-11 1.43741e-09 9.20244e-08 3.47347e-06 7.72976e-05 0.0010142 0.0078468 0.0358223 0.0967855 0.15694 0.162343 0.131527 0.11342 0.102631 0.0830701 0.0575397 0.0319829 0.0133999 0.00423385 0.00107389 0.000237533 4.52321e-05 6.55725e-06 6.47918e-07 4.12513e-08
 1.11202e-11 1.20752e-09 7.73067e-08 2.91795e-06 6.49358e-05 0.000852031 0.00659312 0.0301196 0.0816272 0.134134 0.146088 0.135051 0.133317 0.124261 0.0964616 0.0621572 0.0319544 0.0125134 0.00374818 0.00087215 0.000156949 2.17496e-05 2.31197e-06 1.82055e-07 9.96072e-09
 1.26044e-11 1.36869e-09 8.76245e-08 3.3074e-06 7.36021e-05 0.000965724 0.00747219 0.0341199 0.0922646 0.150061 0.156683 0.129601 0.115007 0.108454 0.0918184 0.0635391 0.0330809 0.0124842 0.00348997 0.000744812 0.000120898 1.44981e-05 1.24837e-06 7.57112e-08 3.183e-09
 1.27054e-11 1.37966e-09 8.83269e-08 3.33391e-06 7.41925e-05 0.00097349 0.00753288 0.0344082 0.093169 0.15233 0.161927 0.139036 0.124718 0.110222 0.0835926 0.0526425 0.0261854 0.00979356 0.00272922 0.000566973 8.64948e-05 9.45967e-06 7.23946e-07 3.78939e-08 1.32946e-09
 1.16178e-11 1.26155e-09 8.07658e-08 3.04852e-06 6.78419e-05 0.000890186 0.00688903 0.0314815 0.0853982 0.14061 0.15313 0.13902 0.132249 0.120839 0.0930294 0.0575495 0.0269036 0.00914061 0.00229254 0.000436245 6.23776e-05 6.43249e-06 4.58838e-07 2.1969e-08 6.91571e-10
 1.15135e-11 1.25023e-09 8.0041e-08 3.02117e-06 6.72335e-05 0.000882214 0.00682765 0.0312057 0.0846903 0.139618 0.152377 0.138493 0.132084 0.122414 0.095823 0.0588522 0.0263046 0.00820737 0.00181524 0.000296615 3.65265e-05 3.32341e-06 2.14555e-07 9.44021e-09 2.74091e-10
 1.11348e-11 1.20911e-09 7.74086e-08 2.92181e-06 6.50229e-05 0.000853233 0.0066041 0.0301969 0.082081 0.136061 0.15094 0.141306 0.137175 0.126243 0.0967266 0.0576409 0.0248607 0.00743371 0.00155024 0.000231911 2.52662e-05 1.98681e-06 1.10328e-07 4.21902e-09 1.08273e-10
 1.12414e-11 1.22068e-09 7.81491e-08 2.94977e-06 6.56453e-05 0.000861415 0.0066678 0.0304932 0.0829232 0.137576 0.15264 0.142184 0.136941 0.125841 0.096129 0.0562122 0.023351 0.00662198 0.00129201 0.000178673 1.78047e-05 1.26505e-06 6.25193e-08 2.09743e-09 4.68202e-11
 8.28042e-12 8.99157e-10 5.7565e-08 2.17284e-06 4.83572e-05 0.000634658 0.00491569 0.0225358 0.0618655 0.106228 0.130661 0.146226 0.161181 0.152762 0.114442 0.0644901 0.0256383 0.00691698 0.00127201 0.00016373 1.50066e-05 9.72509e-07 4.35841e-08 1.31878e-09 2.63864e-11
 8.24039e-12 8.94811e-10 5.72868e-08 2.16233e-06 4.81231e-05 0.000631569 0.00489108 0.0224083 0.0613367 0.104108 0.12376 0.132598 0.149103 0.155138 0.128536 0.0766755 0.0308673 0.00822371 0.00147362 0.000182569 1.58611e-05 9.58986e-07 3.95802e-08 1.09299e-09 1.9843e-11
 1.1053e-11 1.20023e-09 7.68401e-08 2.90038e-06 6.45475e-05 0.000847071 0.00655828 0.0300134 0.0817774 0.136288 0.152222 0.142032 0.136877 0.127799 0.0986608 0.056667 0.0226879 0.00618546 0.00115405 0.000148448 1.30948e-05 7.80339e-07 3.09207e-08 8.03898e-10 1.35518e-11
 9.42696e-12 1.02366e-09 6.5536e-08 2.47374e-06 5.50557e-05 0.000722652 0.00559906 0.0256905 0.0706488 0.121426 0.147506 0.157038 0.160507 0.140895 0.0969908 0.0496639 0.0179418 0.00444869 0.000762779 9.21538e-05 7.8515e-06 4.61129e-07 1.80986e-08 4.62482e-10 7.55537e-12
 9.35665e-12 1.01602e-09 6.50473e-08 2.45529e-06 5.46451e-05 0.000717251 0.00555667 0.0254837 0.0699284 0.119186 0.14144 0.146522 0.152922 0.144838 0.108084 0.0579712 0.0211566 0.00517215 0.000857866 9.83327e-05 7.82893e-06 4.27935e-07 1.57391e-08 3.81269e-10 5.96426e-12
 9.64187e-12 1.047e-09 6.70303e-08 2.53016e-06 5.6313e-05 0.000739205 0.00572826 0.0262916 0.0723096 0.123948 0.148471 0.153634 0.155209 0.139304 0.0988176 0.0513742 0.0186203 0.00461358 0.000782167 9.08497e-05 7.16718e-06 3.7824e-07 1.31491e-08 2.97123e-10 4.31225e-12
 1.10987e-11 1.20519e-09 7.7158e-08 2.91245e-06 6.48209e-05 0.000850854 0.00659231 0.0302345 0.0828977 0.140455 0.162324 0.156702 0.147949 0.126854 0.0858091 0.0417507 0.0138741 0.00310735 0.000476253 5.0916e-05 3.79585e-06 1.93029e-07 6.50274e-09 1.41599e-10 1.95891e-12
 9.56247e-12 1.03838e-09 6.64791e-08 2.50943e-06 5.58564e-05 0.000733415 0.00568819 0.0261738 0.072511 0.126654 0.157294 0.167573 0.164945 0.136529 0.0865973 0.0396383 0.0125117 0.00266705 0.000385223 3.81293e-05 2.59359e-06 1.20001e-07 3.70871e-09 7.50427e-11 9.7557e-13
 1.08273e-11 1.17572e-09 7.5272e-08 2.84131e-06 6.32413e-05 0.00083026 0.0064358 0.0295552 0.0813092 0.138867 0.162957 0.160192 0.152441 0.129387 0.084571 0.0387565 0.0118735 0.00240206 0.000324474 2.97623e-05 1.86511e-06 7.91062e-08 2.23015e-09 4.10201e-11 4.84579e-13
 1.03717e-11 1.12625e-09 7.21056e-08 2.72187e-06 6.05886e-05 0.000795663 0.006173 0.0284221 0.0787828 0.137259 0.167724 0.171433 0.160119 0.126486 0.0767112 0.0335333 0.0101228 0.00206504 0.000283108 2.60294e-05 1.59442e-06 6.43701e-08 1.69299e-09 2.86936e-11 3.10185e-13
 9.74843e-12 1.05858e-09 6.77734e-08 2.5584e-06 5.69537e-05 0.000748074 0.00580688 0.0267751 0.0744997 0.131023 0.16335 0.172263 0.166106 0.133704 0.0804466 0.0337268 0.00948105 0.0017694 0.000221452 1.8833e-05 1.0884e-06 4.20757e-08 1.0637e-09 1.72294e-11 1.76129e-13
 9.50892e-12 1.03257e-09 6.61093e-08 2.49566e-06 5.55614e-05 0.00072995 0.00566955 0.026182 0.0731261 0.129695 0.164036 0.175319 0.169222 0.134508 0.0790334 0.032054 0.00864199 0.00153045 0.000179124 1.40167e-05 7.37093e-07 2.58925e-08 5.99093e-10 8.97798e-12 8.57507e-14
 1.03057e-11 1.1191e-09 7.16492e-08 2.70481e-06 6.02184e-05 0.000791128 0.006144 0.0283546 0.0789786 0.138747 0.171082 0.175317 0.1629 0.126366 0.0728998 0.0290899 0.00774021 0.00135664 0.000156848 1.20007e-05 6.06219e-07 2.00483e-08 4.29267e-10 5.88643e-12 5.11911e-14
 9.0999e-12 9.88171e-10 6.32689e-08 2.38868e-06 5.31945e-05 0.000699367 0.00544246 0.0252567 0.0713828 0.129839 0.170647 0.186591 0.175413 0.130426 0.0704339 0.0261596 0.00647523 0.00105652 0.000114021 8.19031e-06 3.91157e-07 1.22862e-08 2.49778e-10 3.23564e-12 2.637e-14
 9.80042e-12 1.06424e-09 6.81394e-08 2.57254e-06 5.72864e-05 0.000753033 0.00585637 0.0271195 0.0761429 0.136073 0.17281 0.182491 0.170283 0.127814 0.0688786 0.0248949 0.00584513 0.000884679 8.69839e-05 5.6293e-06 2.4176e-07 6.8716e-09 1.27709e-10 1.52734e-12 1.15758e-14
 1.02104e-11 1.10877e-09 7.09923e-08 2.68042e-06 5.96985e-05 0.000785051 0.00611114 0.0283603 0.0799819 0.143947 0.183358 0.189556 0.167243 0.116754 0.0586876 0.019985 0.00446065 0.000644175 6.02202e-05 3.66579e-06 1.4585e-07 3.78446e-09 6.35671e-11 6.84346e-13 4.67393e-15
#pred catch len freq
 4.35756e-13 4.7318e-11 3.02938e-09 1.14352e-07 2.54567e-06 3.34621e-05 0.000261316 0.00124945 0.00415226 0.0130063 0.0429039 0.11101 0.186021 0.200125 0.155757 0.107085 0.070444 0.0428426 0.0250076 0.0148256 0.00926246 0.0063275 0.00465347 0.0032396 0.00178929
 1.94158e-13 2.10834e-11 1.34982e-09 5.09561e-08 1.13479e-06 1.49449e-05 0.000117827 0.00058917 0.00229602 0.00940946 0.0364361 0.0988775 0.168911 0.187782 0.157739 0.121186 0.0876925 0.0568359 0.0333431 0.0180653 0.00944694 0.00516811 0.00312184 0.0019381 0.00102787
 6.15709e-13 6.68587e-11 4.28038e-09 1.61568e-07 3.59605e-06 4.72207e-05 0.000366852 0.00171001 0.005106 0.0122159 0.0312129 0.0741339 0.125911 0.150215 0.14797 0.137052 0.114581 0.0839894 0.0547486 0.0313848 0.0158527 0.00739962 0.00350231 0.00176206 0.000834545
 1.46971e-12 1.59593e-10 1.02174e-08 3.85662e-07 8.58327e-06 0.000112677 0.000874113 0.00404524 0.0116849 0.0250696 0.0547249 0.118676 0.188129 0.192185 0.134198 0.0817626 0.0582837 0.0472665 0.0361107 0.023702 0.013105 0.00613264 0.00253456 0.00100506 0.000388025
 1.24776e-12 1.35492e-10 8.67435e-09 3.27424e-07 7.28751e-06 9.56934e-05 0.000743396 0.00346442 0.0103335 0.0246298 0.0624266 0.14561 0.233642 0.233452 0.148837 0.0694289 0.0302691 0.0148916 0.00894749 0.00609939 0.00385731 0.00201529 0.00085237 0.000302063 9.4621e-05
 6.77146e-12 7.353e-10 4.70746e-08 1.77684e-06 3.95417e-05 0.000518852 0.00401587 0.0183706 0.0501667 0.0857823 0.11007 0.145083 0.188962 0.181058 0.116867 0.0568766 0.0249782 0.0102237 0.00386966 0.00158687 0.000802777 0.000432028 0.000200165 7.3102e-05 2.10414e-05
 8.83216e-12 9.59067e-10 6.14004e-08 2.31756e-06 5.15747e-05 0.000676727 0.00523708 0.0239403 0.0651471 0.109567 0.13245 0.157551 0.191511 0.173964 0.098828 0.0335074 0.00671463 0.000793984 5.54953e-05 2.33797e-06 7.57721e-08 8.01192e-09 2.88943e-09 1.07292e-09 3.14703e-10
 7.87593e-12 8.55232e-10 5.47528e-08 2.06665e-06 4.59911e-05 0.000603473 0.00467059 0.0213604 0.0582584 0.0990369 0.12447 0.158392 0.200477 0.184186 0.104887 0.0355776 0.00712938 0.00084262 5.87211e-05 2.41276e-06 5.84555e-08 8.35325e-10 7.04865e-12 3.54214e-14 1.52468e-16
 9.01725e-12 9.79166e-10 6.26871e-08 2.36613e-06 5.26555e-05 0.000690906 0.00534674 0.0244397 0.0664805 0.111605 0.133995 0.157389 0.189777 0.171987 0.097655 0.0331054 0.00663322 0.000783961 5.46327e-05 2.24474e-06 5.43817e-08 7.76951e-10 6.55073e-12 3.26753e-14 9.72759e-17
 8.91542e-12 9.68108e-10 6.19792e-08 2.33941e-06 5.20609e-05 0.000683105 0.00528641 0.024165 0.0657469 0.110484 0.133145 0.157478 0.190731 0.173075 0.0983002 0.033326 0.00667749 0.000789193 5.49969e-05 2.25965e-06 5.47379e-08 7.81785e-10 6.58374e-12 3.27016e-14 9.59011e-17
 8.9588e-12 9.72818e-10 6.22807e-08 2.35079e-06 5.23142e-05 0.000686428 0.0053121 0.024282 0.0660594 0.110962 0.133507 0.15744 0.190325 0.172611 0.0980254 0.033232 0.00665863 0.000786965 5.48419e-05 2.25331e-06 5.45867e-08 7.79754e-10 6.57054e-12 3.27059e-14 9.66502e-17
 8.61964e-12 9.3599e-10 5.9923e-08 2.2618e-06 5.03338e-05 0.000660446 0.00511118 0.0233669 0.0636161 0.107227 0.130677 0.157739 0.193504 0.176236 0.100174 0.0339666 0.00680607 0.000804395 5.60565e-05 2.3032e-06 5.57941e-08 7.96935e-10 6.7133e-12 3.33806e-14 9.82659e-17
 8.96758e-12 9.73772e-10 6.23418e-08 2.3531e-06 5.23655e-05 0.000687101 0.00531731 0.0243057 0.0661227 0.111058 0.13358 0.157433 0.190242 0.172518 0.0979697 0.033213 0.00665481 0.000786512 5.48101e-05 2.25197e-06 5.45516e-08 7.79111e-10 6.56081e-12 3.25805e-14 9.54699e-17
 8.20196e-12 8.90634e-10 5.70193e-08 2.1522e-06 4.78948e-05 0.000628449 0.00486374 0.02224 0.0606071 0.102627 0.127191 0.158106 0.197421 0.180701 0.102821 0.0348714 0.00698764 0.00082586 5.75523e-05 2.36464e-06 5.72808e-08 8.1808e-10 6.88872e-12 3.42044e-14 1.00181e-16
 6.41965e-12 6.97097e-10 4.46288e-08 1.68452e-06 3.74875e-05 0.000491911 0.00380787 0.0174312 0.0477672 0.0829998 0.112316 0.159673 0.214131 0.199751 0.114114 0.0387319 0.00776243 0.00091746 6.39361e-05 2.62693e-06 6.36345e-08 9.08821e-10 7.65276e-12 3.7997e-14 1.11278e-16
 7.46203e-12 8.10288e-10 5.18754e-08 1.95804e-06 4.35743e-05 0.000571765 0.00442539 0.0202436 0.0552766 0.0944789 0.121015 0.158756 0.204358 0.18861 0.107509 0.0364741 0.0073093 0.000863889 6.02027e-05 2.47356e-06 5.99206e-08 8.5586e-10 7.20922e-12 3.5838e-14 1.05412e-16
 9.18509e-12 9.97391e-10 6.38539e-08 2.41017e-06 5.36355e-05 0.000703763 0.00544616 0.0248925 0.0676896 0.113454 0.135396 0.157241 0.188203 0.170193 0.0965916 0.0327419 0.00656026 0.000775334 5.40312e-05 2.21999e-06 5.37787e-08 7.68166e-10 6.47148e-12 3.21876e-14 9.48529e-17
 8.05567e-12 8.74749e-10 5.60023e-08 2.11381e-06 4.70406e-05 0.000617242 0.00477707 0.0218453 0.0595532 0.101016 0.12597 0.158234 0.198792 0.182264 0.103748 0.0351882 0.00705123 0.000833379 5.80763e-05 2.38617e-06 5.78019e-08 8.25511e-10 6.95092e-12 3.45065e-14 1.00995e-16
 7.90291e-12 8.58161e-10 5.49403e-08 2.07373e-06 4.61486e-05 0.000605539 0.00468658 0.0214331 0.0584527 0.0993339 0.124695 0.158369 0.200224 0.183897 0.104716 0.0355191 0.00711764 0.00084123 5.86234e-05 2.40865e-06 5.83465e-08 8.3329e-10 7.01646e-12 3.48325e-14 1.01957e-16
 8.72506e-12 9.47437e-10 6.06558e-08 2.28946e-06 5.09494e-05 0.000668522 0.00517363 0.0236514 0.0643756 0.108388 0.131556 0.157646 0.192516 0.17511 0.0995064 0.0337383 0.00676024 0.000798977 5.56789e-05 2.28769e-06 5.54182e-08 7.91565e-10 6.66802e-12 3.31546e-14 9.75923e-17
 9.30675e-12 1.0106e-09 6.46997e-08 2.4421e-06 5.4346e-05 0.000713084 0.00551824 0.0252208 0.0685661 0.114794 0.136411 0.157134 0.187062 0.168892 0.0958207 0.0324783 0.00650737 0.000769081 5.35952e-05 2.20205e-06 5.33421e-08 7.61819e-10 6.41469e-12 3.18457e-14 9.322e-17
 8.76314e-12 9.51572e-10 6.09205e-08 2.29945e-06 5.11717e-05 0.000671439 0.00519619 0.0237541 0.0646499 0.108807 0.131874 0.157612 0.192159 0.174703 0.0992651 0.0336558 0.00674369 0.000797019 5.55423e-05 2.28205e-06 5.52799e-08 7.89493e-10 6.64765e-12 3.30011e-14 9.65904e-17
 9.60481e-12 1.04297e-09 6.67718e-08 2.52031e-06 5.60864e-05 0.000735918 0.00569482 0.026025 0.0707134 0.118076 0.138899 0.156872 0.184268 0.165706 0.0939321 0.0318327 0.0063778 0.000753762 5.25276e-05 2.15819e-06 5.22794e-08 7.4664e-10 6.28682e-12 3.12098e-14 9.1347e-17
 9.59232e-12 1.04161e-09 6.66849e-08 2.51703e-06 5.60135e-05 0.00073496 0.00568741 0.0259913 0.0706234 0.117938 0.138794 0.156883 0.184385 0.16584 0.0940113 0.0318598 0.00638323 0.000754404 5.25724e-05 2.16003e-06 5.23242e-08 7.47289e-10 6.29255e-12 3.1243e-14 9.14948e-17
 9.2246e-12 1.00168e-09 6.41286e-08 2.42054e-06 5.38663e-05 0.000706791 0.00546957 0.0249991 0.0679743 0.113889 0.135725 0.157207 0.187833 0.16977 0.0963412 0.0326563 0.00654308 0.000773303 5.38895e-05 2.21414e-06 5.36348e-08 7.65998e-10 6.4498e-12 3.20187e-14 9.37131e-17
 1.00496e-11 1.09127e-09 6.9864e-08 2.63702e-06 5.86837e-05 0.000769992 0.00595832 0.0272251 0.0739177 0.122974 0.142611 0.156481 0.180098 0.160952 0.0911138 0.0308693 0.00618444 0.000730902 5.09345e-05 2.09273e-06 5.06938e-08 7.23996e-10 6.09617e-12 3.02637e-14 8.85813e-17
 1.00965e-11 1.09636e-09 7.01901e-08 2.64933e-06 5.89576e-05 0.000773585 0.00598611 0.0273516 0.0742556 0.123491 0.143002 0.15644 0.179658 0.160451 0.0908166 0.0307677 0.00616405 0.000728492 5.07665e-05 2.08583e-06 5.05266e-08 7.21607e-10 6.07603e-12 3.01632e-14 8.82828e-17
 9.85332e-12 1.06995e-09 6.84994e-08 2.58552e-06 5.75375e-05 0.000754955 0.00584204 0.0266955 0.0725037 0.120813 0.140973 0.156654 0.181938 0.16305 0.0923575 0.0312944 0.00626977 0.00074099 5.16376e-05 2.12162e-06 5.13935e-08 7.33988e-10 6.18028e-12 3.06807e-14 8.9797e-17
 1.15453e-11 1.25368e-09 8.02617e-08 3.02948e-06 6.74172e-05 0.00088457 0.00684438 0.0312604 0.0846926 0.139445 0.155093 0.155166 0.166075 0.144966 0.0816371 0.0276296 0.00553425 0.000654034 4.55774e-05 1.87262e-06 4.53619e-08 6.47847e-10 5.45496e-12 2.708e-14 7.92584e-17
#obs catch len freq
 6.25164e-12 6.78855e-10 4.34609e-08 1.64043e-06 3.65058e-05 0.000478988 0.00370624 0.0169291 0.0458861 0.0757319 0.0852377 0.0891246 0.106567 0.120916 0.12096 0.110101 0.0881776 0.061612 0.0386033 0.0214712 0.00993692 0.00349855 0.000865317 0.000142148 1.49576e-05
 5.25121e-12 5.7022e-10 3.65059e-08 1.37792e-06 3.06641e-05 0.000402351 0.00311365 0.0142313 0.038691 0.0647538 0.076812 0.0891787 0.114068 0.130462 0.12884 0.115593 0.091709 0.0631646 0.0379701 0.0195257 0.00817195 0.00259871 0.000585042 8.80768e-05 8.52441e-06
 4.92247e-13 5.34524e-11 3.4221e-09 1.29174e-07 2.87533e-06 3.77735e-05 0.000294068 0.00138367 0.00428928 0.0112947 0.0316863 0.0776165 0.134201 0.165953 0.16707 0.147749 0.112357 0.0734358 0.0418843 0.02022 0.00777285 0.00223275 0.000452144 6.14629e-05 5.40242e-06
 8.4872e-12 9.2161e-10 5.90022e-08 2.22704e-06 4.95595e-05 0.000650231 0.00502993 0.022944 0.0617573 0.098438 0.0948058 0.0626337 0.0508247 0.0798823 0.125105 0.141214 0.115496 0.0744496 0.0402269 0.0180737 0.00639664 0.0016733 0.000305911 3.74068e-05 2.96048e-06
 9.92476e-12 1.07771e-09 6.89961e-08 2.60427e-06 5.79552e-05 0.000760451 0.00588502 0.0268985 0.0730963 0.121755 0.1402 0.147266 0.157913 0.134716 0.0803 0.0415671 0.0280437 0.0209281 0.0125661 0.00563889 0.00187295 0.000448446 7.43277e-05 8.20383e-06 5.84925e-07
 1.16647e-11 1.26665e-09 8.10922e-08 3.06083e-06 6.8115e-05 0.000893728 0.00691514 0.031578 0.0854317 0.139379 0.147918 0.129184 0.123153 0.118609 0.098296 0.065844 0.0331962 0.0127477 0.00449747 0.00163607 0.000512922 0.000116354 1.78326e-05 1.79238e-06 1.15629e-07
 1.29501e-11 1.40622e-09 9.00277e-08 3.3981e-06 7.56206e-05 0.000992203 0.00767692 0.0350522 0.0947652 0.154045 0.160711 0.132808 0.116541 0.105544 0.0847381 0.0577536 0.0313587 0.0127883 0.00392862 0.000968253 0.000206705 3.7438e-05 5.0986e-06 4.70102e-07 2.78203e-08
 1.07039e-11 1.16232e-09 7.44127e-08 2.80872e-06 6.25052e-05 0.000820153 0.00634693 0.0290038 0.0787013 0.129944 0.143726 0.13687 0.137709 0.128193 0.0985409 0.0624104 0.0313293 0.0119398 0.00346814 0.000778254 0.000134278 1.77264e-05 1.77947e-06 1.31109e-07 6.66779e-09
 1.24562e-11 1.35259e-09 8.65942e-08 3.26851e-06 7.2737e-05 0.000954384 0.00738476 0.0337262 0.0912571 0.148755 0.156404 0.131205 0.117557 0.110477 0.0923774 0.0625824 0.0317159 0.011623 0.00314597 0.000646447 0.000100336 1.14296e-05 9.29137e-07 5.28726e-08 2.07273e-09
 1.2678e-11 1.37669e-09 8.81366e-08 3.32674e-06 7.4033e-05 0.000971409 0.00751714 0.0343424 0.0930487 0.152443 0.162923 0.140951 0.126343 0.11063 0.0828311 0.0511581 0.0247889 0.00899337 0.00242048 0.000482831 7.02923e-05 7.29296e-06 5.26522e-07 2.58671e-08 8.47884e-10
 1.17295e-11 1.27369e-09 8.15428e-08 3.07786e-06 6.8495e-05 0.000898769 0.00695581 0.0317923 0.0862916 0.142314 0.155475 0.141232 0.133169 0.120093 0.0910136 0.0550411 0.0250053 0.00823294 0.00199467 0.000364455 4.96723e-05 4.85117e-06 3.26041e-07 1.46453e-08 4.30895e-10
 1.1672e-11 1.26745e-09 8.11431e-08 3.06277e-06 6.81596e-05 0.00089438 0.00692218 0.0316434 0.0859254 0.141855 0.155166 0.140806 0.132844 0.121356 0.0933103 0.0558677 0.0242032 0.0073014 0.00155763 0.00024434 2.86906e-05 2.47208e-06 1.50259e-07 6.19622e-09 1.6802e-10
 1.1331e-11 1.23041e-09 7.87723e-08 2.97329e-06 6.61688e-05 0.000868286 0.00672104 0.0307377 0.0835995 0.138766 0.154166 0.143748 0.137682 0.124706 0.0937416 0.0543981 0.0227145 0.00655644 0.00131618 0.000188667 1.95799e-05 1.45801e-06 7.6253e-08 2.73304e-09 6.54745e-11
 1.14687e-11 1.24536e-09 7.97293e-08 3.00942e-06 6.69732e-05 0.000878858 0.00680326 0.0311189 0.0846718 0.140642 0.156163 0.144676 0.137286 0.124 0.0927602 0.0527232 0.0211728 0.00578903 0.00108608 0.000143765 1.36318e-05 9.16361e-07 4.26384e-08 1.34112e-09 2.79633e-11
 8.48747e-12 9.21641e-10 5.90045e-08 2.22718e-06 4.95672e-05 0.000650566 0.00503955 0.0231125 0.0635129 0.109272 0.134504 0.149344 0.161997 0.150882 0.110613 0.0605314 0.0232406 0.00603845 0.0010665 0.000131261 1.14377e-05 7.00786e-07 2.95536e-08 8.38144e-10 1.56646e-11
 8.46604e-12 9.19314e-10 5.88556e-08 2.22156e-06 4.94417e-05 0.000648897 0.00502585 0.0230333 0.0631008 0.107279 0.127648 0.135965 0.150765 0.153988 0.124345 0.0717759 0.0278517 0.00713721 0.00122671 0.000145115 1.19715e-05 6.8377e-07 2.65432e-08 6.86814e-10 1.16457e-11
 1.13218e-11 1.22941e-09 7.87084e-08 2.97091e-06 6.61178e-05 0.000867702 0.00671859 0.0307544 0.0838452 0.139878 0.156235 0.144787 0.137296 0.125659 0.0945861 0.0526071 0.0203022 0.00531806 0.000949585 0.000116324 9.7236e-06 5.46723e-07 2.03632e-08 4.95938e-10 7.80786e-12
 9.64227e-12 1.04704e-09 6.7033e-08 2.53026e-06 5.63147e-05 0.00073922 0.00572837 0.026296 0.0723947 0.124675 0.151531 0.160006 0.160736 0.138291 0.0928875 0.0460817 0.0160458 0.00382252 0.000627389 7.21623e-05 5.8181e-06 3.21729e-07 1.18455e-08 2.83162e-10 4.31741e-12
 9.59121e-12 1.0415e-09 6.66781e-08 2.51686e-06 5.60164e-05 0.00073529 0.00569729 0.0261393 0.0717973 0.122583 0.145567 0.149793 0.153857 0.142638 0.103494 0.053618 0.0188254 0.00441518 0.000699994 7.63085e-05 5.74598e-06 2.95563e-07 1.01874e-08 2.30506e-10 3.35942e-12
 9.90777e-12 1.07587e-09 6.88791e-08 2.59997e-06 5.78678e-05 0.000759663 0.00588779 0.0270355 0.0744264 0.127754 0.152916 0.156738 0.155446 0.136443 0.0941387 0.04729 0.016483 0.0039125 0.000632617 6.97219e-05 5.19374e-06 2.57726e-07 8.39401e-09 1.77134e-10 2.39426e-12
 1.13675e-11 1.23438e-09 7.9027e-08 2.98301e-06 6.63928e-05 0.000871539 0.00675361 0.0309863 0.0850302 0.144248 0.166631 0.159494 0.147772 0.123658 0.0811782 0.038105 0.0121684 0.0026112 0.000381877 3.87316e-05 2.72283e-06 1.2994e-07 4.094e-09 8.31662e-11 1.0711e-12
 9.81841e-12 1.06617e-09 6.82588e-08 2.57664e-06 5.73545e-05 0.000753158 0.00584278 0.0269014 0.0746193 0.130544 0.161895 0.170543 0.164479 0.132874 0.0818276 0.0361353 0.0109526 0.00223403 0.000307509 2.88566e-05 1.8507e-06 8.03404e-08 2.32035e-09 4.3739e-11 5.28497e-13
 1.10872e-11 1.20395e-09 7.70797e-08 2.90957e-06 6.47626e-05 0.000850299 0.00659247 0.0302892 0.083412 0.142667 0.167376 0.163179 0.152312 0.125894 0.0796348 0.0351269 0.0103214 0.00199677 0.000256927 2.23311e-05 1.31867e-06 5.24488e-08 1.38141e-09 2.36678e-11 2.59799e-13
 1.06399e-11 1.15538e-09 7.39706e-08 2.79232e-06 6.21594e-05 0.000816383 0.0063355 0.0291885 0.0810036 0.141318 0.17237 0.174147 0.159204 0.122511 0.0720027 0.0303162 0.00877153 0.00170795 0.000222504 1.93471e-05 1.11571e-06 4.22393e-08 1.03819e-09 1.63944e-11 1.64707e-13
 1.0024e-11 1.08851e-09 6.96901e-08 2.63081e-06 5.85686e-05 0.000769388 0.00597423 0.0275659 0.0767978 0.135246 0.168262 0.175308 0.165304 0.129346 0.0752272 0.0303272 0.00816737 0.00145534 0.000173144 1.39182e-05 7.56065e-07 2.73539e-08 6.45239e-10 9.73073e-12 9.24497e-14
 9.76931e-12 1.06085e-09 6.79205e-08 2.5641e-06 5.70889e-05 0.000750138 0.00582855 0.0269381 0.0753482 0.133849 0.168974 0.178458 0.16842 0.130031 0.073777 0.0287457 0.00741776 0.00125318 0.000139346 1.03062e-05 5.09502e-07 1.67463e-08 3.61213e-10 5.03253e-12 4.45984e-14
 1.05893e-11 1.1499e-09 7.3622e-08 2.77936e-06 6.18822e-05 0.000813112 0.00631696 0.0291741 0.0813632 0.143108 0.176062 0.178214 0.161732 0.121683 0.0677074 0.025932 0.0065971 0.00110146 0.000120784 8.72303e-06 4.14013e-07 1.28136e-08 2.55921e-10 3.2645e-12 2.63467e-14
 9.37257e-12 1.01779e-09 6.51663e-08 2.46042e-06 5.47978e-05 0.000720619 0.00561077 0.0260646 0.0737864 0.134363 0.175906 0.189491 0.173763 0.125281 0.0652499 0.0232558 0.00550234 0.00085497 8.7475e-05 5.9258e-06 2.6555e-07 7.7948e-09 1.47661e-10 1.77855e-12 1.34541e-14
 1.00899e-11 1.09569e-09 7.01538e-08 2.6487e-06 5.8988e-05 0.000775568 0.0060344 0.027969 0.0786401 0.140697 0.178142 0.185505 0.16864 0.122398 0.063452 0.0219745 0.00492882 0.000710474 6.62595e-05 4.04615e-06 1.63054e-07 4.32789e-09 7.48488e-11 8.31009e-13 5.83725e-15
#spawning biomass
 8252.27 8417.85 6063.22 7089.31 10992.1 17991.4 27204.4 38863.5 50185.5 68386.9 98952.4 132910 160875 187910 182294 163169 176078 164639 157083 180418 194967 200819 212532 256434 215552 244284 265498 245358 191858 118900 241254 265726 255665 228640 197180 168114 144170 125753 112215 102570 95852.9 91251.4 88138.3 86039.1 84613.6 83688.5 83088.1 82698.5 82445.7 82281.6 82175.1 82106 82061.1 82032 82013.2 82000.9 81992.9 81987.8 81984.4 81982.3 81980.8 81979.9 81979.3 81979 81978.7 81978.5 81978.4 81978.4 81978.3 81978.3 81978.3 81978.3 81978.3 81978.2 81978.2 81978.2 81978.2 81978.2 81978.2 81978.2 81978.2 81978.2 81978.2 81978.2 81978.2 81978.2 81978.2 81978.2 81978.2 81978.2 81978.2 81978.2 81978.2 81978.2 81978.2 81978.2 81978.2 81978.2 81978.2 81978.2 81978.2 81978.2 81978.2 81978.2 81978.2 81978.2 81978.2 81978.2 81978.2 81978.2 81978.2 81978.2 81978.2 81978.2 81978.2 81978.2 81978.2 81978.2 81978.2 81978.2 81978.2 81978.2 81978.2 81978.2 81978.2 81978.2 81978.2 81978.2 81978.2 0 0 0 0 0 0 0 0 0 0 0 0 0 0 0 0 0 0 0 0 0 0 0 0 0
