SBPRF35
0.178135
Curr Bio
121233
B35
196440
F35
0.618332
FOFL
0.40254
OFL
31266.8
Bzero
50895.7
#pred survey bio
 6323.27 7927.38 9839.16 11656.9 18614.8 31134.6 32267.6 35353.5 44709.1 56456.5 71530.7 106655 129401 147560 143324 124635 118237 109959 102713 100066 100241 108982 125883 126300 132985 141708 136961 126458 4.77893e+06 3.31473e+06 2.1058e+06 1.2973e+06 859964 643865 539699 488591 462426 448338 440404 435785 433037 431382 430375 429753 429382 429160 429026 428945 428896 428867 428850 428839 428832 428828 428826 428825 428824 428823 428823 428823 428823 428823 428823 428823 428823 428823 428823 428823 428823 428823 428823 428823 428823 428823 428823 428823 428823 428823 428823 428823 428823 428823 428823 428823 428823 428823 428823 428823 428823 428823 428823 428823 428823 428823 428823 428823 428823 428823 428823 428823 428823 428823 428823 428823 428823 428823 428823 428823 428823 428823 428823 428823 428823 428823 428823 428823 428823 428823 428823 428823 428823 428823 428823 428823 428823 428823 428823 428823 0 0 0 0 0 0 0 0 0 0 0 0 0 0 0 0 0 0 0 0 0 0 0 0 0
#obs survey bio
 5381.54 6088.84 12647.3 10867.4 20755.6 31463.6 26825.5 57433.4 45909.7 78552.6 87256.4 123824 177312 88349.1 168202 91380.1 125680 102773 129729 90509.9 87348.5 139146 163609 190869 145418 129129 150202 118056
#pred catch bio
 3008.28 4635.78 5908.35 7127.84 9331.97 19772.2 21824.9 22726.1 28416.9 37664.7 43728.5 72307 88056.3 105502 107918 93578.8 89449.2 82050.3 77486.1 78812.6 79054.7 82766 101247 101553 106918 117006 114477 95654.4 31266.8 56111.1 32923.8 18529.6 11430.1 8348.79 7114.91 6646.88 6475.99 6415.3 6394.17 6386.94 6384.48 6383.66 6383.38 6383.29 6383.26 6383.25 6383.25 6383.25 6383.25 6383.25 6383.25 6383.25 6383.25 6383.25 6383.25 6383.25 6383.25 6383.25 6383.25 6383.25 6383.25 6383.25 6383.25 6383.25 6383.25 6383.25 6383.25 6383.25 6383.25 6383.25 6383.25 6383.25 6383.25 6383.25 6383.25 6383.25 6383.25 6383.25 6383.25 6383.25 6383.25 6383.25 6383.25 6383.25 6383.25 6383.25 6383.25 6383.25 6383.25 6383.25 6383.25 6383.25 6383.25 6383.25 6383.25 6383.25 6383.25 6383.25 6383.25 6383.25 6383.25 6383.25 6383.25 6383.25 6383.25 6383.25 6383.25 6383.25 6383.25 6383.25 6383.25 6383.25 6383.25 6383.25 6383.25 6383.25 6383.25 6383.25 6383.25 6383.25 6383.25 6383.25 6383.25 6383.25 6383.25 6383.25 6383.25 6383.25 0 0 0 0 0 0 0 0 0 0 0 0 0 0 0 0 0 0 0 0 0 0 0 0 0
#obs catch bio
 4654.95 4634.27 5763.57 7080 9180.98 19531.1 22170.3 21719.4 27772.4 36638.3 43107 69678.5 84025.4 104986 107340 95544.7 87332.5 80412.6 74809.3 78651.4 78419 80845.5 98085.8 98369.3 103692 114117 111863 95237.2
#pred cpue bio
 5653.08 6744.39 8353.63 9949.86 14989.7 26507.7 27811.2 29314.6 37540.1 47239 59142.2 88208.3 108011 123758 121391 104798 98496.8 92233.9 86173 82943.2 81906.5 88622.8 103098 103048 107942 115160 111662 103050 3.95966e+06 3.28502e+06 2.07609e+06 1.26758e+06 830252 614153 509987 458879 432714 418626 410692 406072 403325 401670 400663 400041 399670 399447 399314 399233 399184 399155 399137 399127 399120 399116 399114 399113 399112 399111 399111 399111 399111 399111 399111 399111 399110 399110 399110 399110 399110 399110 399110 399110 399110 399110 399110 399110 399110 399110 399110 399110 399110 399110 399110 399110 399110 399110 399110 399110 399110 399110 399110 399110 399110 399110 399110 399110 399110 399110 399110 399110 399110 399110 399110 399110 399110 399110 399110 399110 399110 399110 399110 399110 399110 399110 399110 399110 399110 399110 399110 399110 399110 399110 399110 399110 399110 399110 399110 399110 0 0 0 0 0 0 0 0 0 0 0 0 0 0 0 0 0 0 0 0 0 0 0 0 0
#obs cpue bio
 6052.84 10799.1 10302.5 11051 17974.2 25685.8 28698.9 53489.7 41286.1 56056.9 51827.1 173791 166872 155753 117950 90502.5 178109 127640 130197 78872.3 110928 108812 137082 111792 157120 181354 147374 110654
#pred surv len freq
 2.56779e-27 2.60079e-27 4.40685e-26 8.75667e-20 2.14659e-14 6.36073e-10 2.27831e-06 0.00098642 0.0516257 0.326598 0.249973 0.0370278 0.106219 0.0981009 0.0250834 0.0328657 0.0154229 0.013657 0.00926818 0.00764279 0.00640008 0.00582286 0.00608473 0.00552049 0.00169801
 2.56984e-27 2.60603e-27 4.82753e-26 9.64395e-20 2.3641e-14 7.00524e-10 2.50916e-06 0.00108637 0.0568567 0.359691 0.275282 0.039536 0.107528 0.0989658 0.0193126 0.0192489 0.00762734 0.0050283 0.00281307 0.00196543 0.00143484 0.00116115 0.0011017 0.00101436 0.000343457
 2.56947e-27 2.60495e-27 4.71945e-26 9.41589e-20 2.30819e-14 6.83959e-10 2.44982e-06 0.00106068 0.0555122 0.351185 0.26881 0.0409505 0.12284 0.112973 0.0196373 0.0163895 0.00562258 0.00248721 0.00105737 0.000550192 0.000317003 0.00021487 0.000177071 0.000156977 5.54309e-05
 2.56909e-27 2.60392e-27 4.62981e-26 9.22679e-20 2.26184e-14 6.70222e-10 2.40062e-06 0.00103938 0.0543973 0.344132 0.263427 0.0411132 0.12786 0.117658 0.021433 0.0192906 0.00627097 0.00219525 0.000721823 0.000248007 9.66132e-05 4.81337e-05 3.17583e-05 2.54382e-05 9.00502e-06
 2.57219e-27 2.61235e-27 5.37543e-26 1.07997e-19 2.64742e-14 7.84479e-10 2.80987e-06 0.00121657 0.0636707 0.402798 0.308188 0.0389107 0.079651 0.0731696 0.0135368 0.0124776 0.00414696 0.00158483 0.000475641 0.000123253 3.02184e-05 9.08084e-06 4.04345e-06 2.64837e-06 9.02694e-07
 2.56916e-27 2.60402e-27 4.63081e-26 9.22888e-20 2.26235e-14 6.70375e-10 2.40117e-06 0.00103961 0.0544097 0.344211 0.263497 0.0417973 0.133017 0.122258 0.01937 0.0134263 0.00447337 0.00176413 0.000551135 0.000147843 2.85377e-05 5.06292e-06 1.16733e-06 5.09945e-07 1.57428e-07
 2.56844e-27 2.60216e-27 4.4738e-26 8.89768e-20 2.18116e-14 6.46317e-10 2.315e-06 0.00100231 0.0524571 0.331858 0.254062 0.0415776 0.137975 0.127007 0.0233815 0.0213657 0.00666424 0.00187778 0.000573028 0.000159532 3.21648e-05 4.72083e-06 5.58189e-07 1.12095e-07 2.72243e-08
 2.57075e-27 2.60842e-27 5.02777e-26 1.00663e-19 2.46764e-14 7.31205e-10 2.61905e-06 0.00113395 0.0593469 0.375444 0.287318 0.0399513 0.102233 0.0940047 0.0171622 0.0155082 0.00517826 0.00201027 0.000559781 0.000118889 2.38903e-05 3.62779e-06 3.41398e-07 2.73643e-08 3.62819e-09
 2.56999e-27 2.60629e-27 4.83301e-26 9.65543e-20 2.36691e-14 7.01359e-10 2.51215e-06 0.00108766 0.0569244 0.36012 0.275634 0.0410721 0.118971 0.109327 0.0176346 0.0127206 0.00421494 0.00162215 0.000509554 0.000134901 2.21433e-05 2.98004e-06 2.81617e-07 1.49612e-08 7.28494e-10
 2.57021e-27 2.60692e-27 4.89139e-26 9.7786e-20 2.39711e-14 7.10305e-10 2.54419e-06 0.00110154 0.0576506 0.364713 0.279134 0.0406324 0.113165 0.104042 0.01802 0.0149172 0.00468237 0.00137916 0.000418707 0.000114623 2.29655e-05 2.98259e-06 2.38967e-07 1.17441e-08 2.95228e-10
 2.57083e-27 2.6086e-27 5.03864e-26 1.00892e-19 2.47325e-14 7.32869e-10 2.62501e-06 0.00113653 0.0594819 0.376299 0.287977 0.0403465 0.104777 0.0962614 0.0159128 0.0120755 0.00390777 0.00134519 0.000375589 8.24898e-05 1.63777e-05 2.44542e-06 2.02853e-07 8.58763e-09 1.76064e-10
 2.57081e-27 2.60855e-27 5.03431e-26 1.00801e-19 2.47101e-14 7.32206e-10 2.62264e-06 0.0011355 0.0594281 0.375958 0.287717 0.0403591 0.105056 0.096522 0.0160214 0.0122524 0.00388277 0.00120961 0.000353592 8.53779e-05 1.4242e-05 1.93031e-06 1.77402e-07 7.81782e-09 1.40152e-10
 2.57029e-27 2.60711e-27 4.90428e-26 9.80579e-20 2.40377e-14 7.1228e-10 2.55127e-06 0.0011046 0.0578109 0.365727 0.279914 0.0409581 0.115097 0.105738 0.0167647 0.011627 0.00368456 0.00115631 0.000325873 7.3849e-05 1.33155e-05 1.67772e-06 1.3579e-07 6.39367e-09 1.17862e-10
 2.57004e-27 2.60644e-27 4.84601e-26 9.68287e-20 2.37364e-14 7.03351e-10 2.51929e-06 0.00109075 0.0570862 0.361143 0.276414 0.0410113 0.11796 0.108413 0.0178128 0.0133406 0.00414868 0.00116517 0.000324842 7.31517e-05 1.24392e-05 1.59376e-06 1.24765e-07 5.27031e-09 1.00695e-10
 2.56946e-27 2.60486e-27 4.70566e-26 9.38678e-20 2.30106e-14 6.81844e-10 2.44225e-06 0.0010574 0.0553406 0.3501 0.26799 0.0415189 0.127742 0.117415 0.01898 0.0137408 0.00433815 0.00132712 0.000360313 7.40283e-05 1.24028e-05 1.52787e-06 1.18018e-07 4.8235e-09 8.48699e-11
 2.56989e-27 2.60601e-27 4.8079e-26 9.60245e-20 2.35393e-14 6.9751e-10 2.49836e-06 0.0010817 0.0566121 0.358144 0.274127 0.0411951 0.120966 0.111168 0.0179768 0.013023 0.00408198 0.00120275 0.00033448 7.29393e-05 1.14672e-05 1.3373e-06 9.98626e-08 3.98642e-09 6.74762e-11
 2.5704e-27 2.60739e-27 4.92907e-26 9.85809e-20 2.41659e-14 7.16079e-10 2.56488e-06 0.00111049 0.0581192 0.367678 0.281402 0.0408946 0.113567 0.104327 0.0165115 0.0114021 0.0035712 0.00105244 0.00028892 6.16199e-05 1.01413e-05 1.16806e-06 8.1467e-08 3.126e-09 5.14402e-11
 2.57e-27 2.60628e-27 4.82873e-26 9.64639e-20 2.3647e-14 7.00702e-10 2.5098e-06 0.00108665 0.0568711 0.359782 0.275381 0.041358 0.121325 0.111448 0.0171083 0.0109676 0.00339765 0.000948803 0.000258718 5.49563e-05 8.86356e-06 1.03824e-06 7.28136e-08 2.62912e-09 4.13552e-11
 2.57e-27 2.60631e-27 4.83248e-26 9.65431e-20 2.36664e-14 7.01277e-10 2.51186e-06 0.00108754 0.0569178 0.360078 0.275604 0.0412117 0.120055 0.11031 0.0175234 0.0121986 0.00373567 0.000960666 0.000254497 5.16627e-05 8.26008e-06 9.54313e-07 6.71961e-08 2.43426e-09 3.64067e-11
 2.57066e-27 2.60811e-27 4.99197e-26 9.99076e-20 2.44912e-14 7.25717e-10 2.5994e-06 0.00112544 0.0589014 0.372626 0.285178 0.0407239 0.109616 0.100678 0.0158227 0.0107475 0.00333881 0.000939208 0.000245734 4.62689e-05 7.06158e-06 7.93152e-07 5.51598e-08 1.99782e-09 2.98056e-11
 2.57137e-27 2.61e-27 5.15755e-26 1.03401e-19 2.53474e-14 7.51089e-10 2.69028e-06 0.00116479 0.0609607 0.385654 0.295121 0.0403952 0.100129 0.0918852 0.0135721 0.00782525 0.00241103 0.000660654 0.000177046 3.5691e-05 5.21609e-06 5.47909e-07 3.66354e-08 1.30641e-09 1.94423e-11
 2.57158e-27 2.61058e-27 5.20755e-26 1.04456e-19 2.5606e-14 7.58752e-10 2.71772e-06 0.00117667 0.0615827 0.389589 0.298124 0.0403313 0.0975321 0.0894713 0.0128293 0.00673464 0.00201601 0.000463004 0.000119827 2.38193e-05 3.65781e-06 3.86687e-07 2.41312e-08 8.20637e-10 1.19834e-11
 2.57123e-27 2.60963e-27 5.12367e-26 1.02686e-19 2.51722e-14 7.45897e-10 2.67168e-06 0.00115674 0.0605393 0.382988 0.293088 0.0405892 0.103033 0.0945474 0.0137292 0.00750729 0.00222204 0.000462558 0.00011192 1.90697e-05 2.81896e-06 3.04721e-07 1.94343e-08 6.24822e-10 8.66768e-12
 2.57142e-27 2.61012e-27 5.16675e-26 1.03595e-19 2.5395e-14 7.52499e-10 2.69532e-06 0.00116697 0.0610751 0.386378 0.295675 0.0404907 0.100466 0.0921711 0.0131653 0.00682022 0.00202641 0.000439347 0.000104541 1.61106e-05 2.09696e-06 2.04589e-07 1.30809e-08 4.2818e-10 5.68805e-12
 2.57166e-27 2.61079e-27 5.22649e-26 1.04855e-19 2.57039e-14 7.61654e-10 2.72812e-06 0.00118117 0.0618182 0.391079 0.299262 0.0403053 0.0965355 0.0885458 0.0125585 0.00634826 0.00187214 0.000384361 9.14527e-05 1.45001e-05 1.78385e-06 1.52455e-07 8.58958e-09 2.75193e-10 3.69251e-12
 2.5716e-27 2.61062e-27 5.21034e-26 1.04514e-19 2.56204e-14 7.59179e-10 2.71925e-06 0.00117733 0.0616173 0.389808 0.298293 0.0403966 0.0979107 0.0898048 0.0126015 0.0061291 0.00180036 0.000360477 8.42487e-05 1.27706e-05 1.58638e-06 1.33018e-07 6.62072e-09 1.85603e-10 2.39134e-12
 2.57144e-27 2.61017e-27 5.16974e-26 1.03658e-19 2.54104e-14 7.52957e-10 2.69696e-06 0.00116768 0.0611123 0.386613 0.295856 0.0405803 0.10102 0.0926602 0.0128473 0.00597015 0.00174372 0.000335975 7.74809e-05 1.14454e-05 1.3742e-06 1.1286e-07 5.54553e-09 1.39572e-10 1.57565e-12
 2.57146e-27 2.61023e-27 5.17522e-26 1.03773e-19 2.54388e-14 7.53797e-10 2.69997e-06 0.00116899 0.0611805 0.387044 0.296185 0.0405622 0.100652 0.0923209 0.0128013 0.00595027 0.00172949 0.000318616 7.21723e-05 1.0288e-05 1.20714e-06 9.58181e-08 4.56666e-09 1.12444e-10 1.15536e-12
#obs surv len freq
 1.75734e-41 2.43907e-33 4.09204e-26 8.29858e-20 2.0343e-14 6.028e-10 2.15913e-06 0.00093483 0.0489253 0.309515 0.237077 0.0439824 0.1524 0.129178 0.0370351 0.0287406 0.00880374 0.00279109 0.000547416 6.39835e-05 3.25828e-06 5.2817e-08 2.02676e-10 1.47841e-13 1.77554e-17
 2.17473e-41 3.01839e-33 5.06397e-26 1.02696e-19 2.51748e-14 7.45975e-10 2.67196e-06 0.00115687 0.0605458 0.38303 0.293183 0.0419837 0.0970699 0.0777235 0.0224574 0.0163028 0.00482135 0.00143485 0.000259609 2.65946e-05 1.12158e-06 1.4227e-08 4.10226e-11 2.19268e-14 1.89863e-18
 1.72796e-41 2.3983e-33 4.02365e-26 8.15987e-20 2.0003e-14 5.92724e-10 2.12304e-06 0.000919204 0.0481075 0.304343 0.233321 0.0512044 0.181316 0.135393 0.0263108 0.0139155 0.00390152 0.00107318 0.000177416 1.58543e-05 5.51209e-07 5.45571e-09 1.17892e-11 4.60526e-15 2.87258e-19
 2.09659e-41 2.90993e-33 4.88202e-26 9.90063e-20 2.42702e-14 7.19171e-10 2.57595e-06 0.0011153 0.0583703 0.369268 0.282798 0.0458008 0.112851 0.0808849 0.0275155 0.0173906 0.00326541 0.000637534 9.3118e-05 7.16183e-06 2.0397e-07 1.57155e-09 2.54399e-12 7.26255e-16 3.26168e-20
 2.37047e-41 3.29006e-33 5.51976e-26 1.1194e-19 2.74407e-14 8.13117e-10 2.91245e-06 0.00126099 0.0659953 0.417505 0.319605 0.0443203 0.0793245 0.0522276 0.0116298 0.00604658 0.00170759 0.000341159 3.16344e-05 1.86786e-06 4.2768e-08 2.55197e-10 3.09353e-13 6.4622e-17 2.0927e-21
 1.32056e-41 1.83285e-33 3.07499e-26 6.23602e-20 1.52869e-14 4.52978e-10 1.62249e-06 0.000702484 0.0367652 0.232591 0.179194 0.0711883 0.272061 0.166297 0.0279775 0.0107545 0.00203244 0.00039217 4.18226e-05 1.7156e-06 2.69864e-08 1.20532e-10 1.08815e-13 1.66355e-17 3.89142e-22
 2.21475e-41 3.07393e-33 5.15716e-26 1.04586e-19 2.56381e-14 7.59703e-10 2.72113e-06 0.00117816 0.06166 0.39008 0.2988 0.0467785 0.0890192 0.0565036 0.0351668 0.0180434 0.00244573 0.000296711 2.47069e-05 9.87943e-07 1.15099e-08 3.39142e-11 2.14924e-14 2.37136e-18 3.99944e-23
 1.98578e-41 2.75613e-33 4.62398e-26 9.37734e-20 2.29875e-14 6.8116e-10 2.43981e-06 0.00105635 0.0552852 0.349753 0.268485 0.061037 0.155332 0.082716 0.0159348 0.00732878 0.00267135 0.000379036 1.92653e-05 5.29195e-07 5.14191e-09 1.14182e-11 4.8319e-15 3.57376e-19 4.18813e-24
 2.03332e-41 2.82212e-33 4.73468e-26 9.60184e-20 2.35378e-14 6.97468e-10 2.49822e-06 0.00108164 0.0566088 0.358127 0.274963 0.0613125 0.142352 0.073133 0.0225325 0.00836151 0.00126592 0.000239933 1.86716e-05 3.70751e-07 2.27618e-09 3.73182e-12 1.18264e-15 6.10446e-20 4.78871e-25
 1.98323e-41 2.7526e-33 4.61805e-26 9.36531e-20 2.2958e-14 6.80286e-10 2.43668e-06 0.001055 0.0552143 0.349307 0.268522 0.0670078 0.154178 0.0736022 0.0216649 0.0078503 0.00142712 0.000158601 1.04275e-05 2.61996e-07 1.36377e-09 1.43761e-12 3.05322e-16 1.13066e-20 6.37634e-26
 2.09721e-41 2.91079e-33 4.88346e-26 9.90356e-20 2.42774e-14 7.19384e-10 2.57672e-06 0.00111563 0.0583876 0.369382 0.283906 0.0659033 0.133421 0.0603386 0.019753 0.00654525 0.00111568 0.00012354 5.93467e-06 1.11078e-07 5.7965e-10 5.50778e-13 8.37083e-17 2.02808e-21 7.66759e-27
 2.05226e-41 2.8484e-33 4.77879e-26 9.69128e-20 2.3757e-14 7.03965e-10 2.52149e-06 0.00109172 0.0571361 0.361468 0.27828 0.0729011 0.145594 0.0603181 0.0170796 0.00515976 0.000878332 8.74386e-05 3.74806e-06 5.28113e-08 1.96495e-10 1.56017e-13 2.07441e-17 4.01886e-22 1.08638e-27
 1.99646e-41 2.77096e-33 4.64886e-26 9.42779e-20 2.31111e-14 6.84825e-10 2.45293e-06 0.00106203 0.0555826 0.351643 0.27126 0.0796717 0.154435 0.0611219 0.01928 0.00513481 0.00073695 6.62645e-05 2.49257e-06 2.89456e-08 8.06376e-11 4.49021e-14 4.40348e-18 6.76433e-23 1.47852e-28
 1.86696e-41 2.59122e-33 4.3473e-26 8.81624e-20 2.1612e-14 6.40402e-10 2.29382e-06 0.000993143 0.0519772 0.32884 0.254671 0.0913925 0.17563 0.0668269 0.0229458 0.00584048 0.000817651 6.05481e-05 1.8757e-06 1.79469e-08 3.93151e-11 1.62926e-14 1.1308e-18 1.21477e-23 1.90902e-29
 1.68787e-41 2.34266e-33 3.93029e-26 7.97055e-20 1.95389e-14 5.78972e-10 2.07378e-06 0.000897877 0.0469913 0.297308 0.231759 0.10648 0.201431 0.076394 0.0302067 0.00742061 0.00103758 7.03262e-05 1.77871e-06 1.31486e-08 2.23152e-11 7.0479e-15 3.62622e-19 2.8065e-24 3.10501e-30
 1.91293e-41 2.65502e-33 4.45434e-26 9.03332e-20 2.21441e-14 6.5617e-10 2.3503e-06 0.0010176 0.053257 0.336946 0.261717 0.0954065 0.154575 0.0609564 0.0280455 0.00699873 0.00101242 6.45143e-05 1.42495e-06 8.34173e-09 1.05727e-11 2.47191e-15 9.42116e-20 5.36322e-25 4.31277e-31
 1.86945e-41 2.59468e-33 4.35311e-26 8.82801e-20 2.16408e-14 6.41257e-10 2.29688e-06 0.00099447 0.0520466 0.329302 0.257168 0.109211 0.168283 0.0565112 0.0203629 0.00526185 0.000805853 5.02236e-05 9.97248e-07 4.84989e-09 4.7649e-12 8.22299e-16 2.26691e-20 9.31537e-26 5.41896e-32
 1.83628e-41 2.54863e-33 4.27586e-26 8.67136e-20 2.12568e-14 6.29878e-10 2.25612e-06 0.000976823 0.0511231 0.323472 0.253824 0.117165 0.16872 0.0580139 0.0216602 0.00441604 0.000589619 3.63456e-05 6.66286e-07 2.76987e-09 2.18535e-12 2.89024e-16 5.89499e-21 1.75118e-26 7.28011e-33
 1.8597e-41 2.58114e-33 4.33039e-26 8.78194e-20 2.15279e-14 6.37911e-10 2.28489e-06 0.00098928 0.051775 0.327612 0.257951 0.121435 0.160443 0.0548038 0.0204133 0.0040897 0.000462566 2.29647e-05 3.72284e-07 1.34261e-09 8.70433e-13 9.05796e-17 1.40777e-21 3.11107e-27 9.44671e-34
 1.94313e-41 2.69694e-33 4.52468e-26 9.17596e-20 2.24938e-14 6.66532e-10 2.38741e-06 0.00103367 0.0540981 0.342321 0.269861 0.121187 0.144205 0.0472769 0.0164994 0.00316754 0.000333785 1.37175e-05 1.71663e-07 4.981e-10 2.63413e-13 2.18695e-17 2.6393e-22 4.43017e-28 1.00445e-34
 1.94294e-41 2.69667e-33 4.52422e-26 9.17502e-20 2.24915e-14 6.66464e-10 2.38717e-06 0.00103356 0.0540926 0.342314 0.271476 0.129608 0.14231 0.0431975 0.0134043 0.00233204 0.000221234 7.91043e-06 7.85843e-08 1.70556e-10 6.79375e-14 4.33794e-18 4.04369e-23 5.19874e-29 8.91802e-36
 1.97256e-41 2.73778e-33 4.59319e-26 9.3149e-20 2.28344e-14 6.76625e-10 2.42356e-06 0.00104932 0.0549173 0.347559 0.276743 0.132301 0.133001 0.0405931 0.0118953 0.00179047 0.000144091 4.33369e-06 3.50011e-08 5.84541e-11 1.71419e-14 7.95505e-19 5.43389e-24 5.18002e-30 6.63255e-37
 1.9089e-41 2.64943e-33 4.44497e-26 9.0143e-20 2.20975e-14 6.54789e-10 2.34535e-06 0.00101546 0.0531452 0.336402 0.271129 0.147108 0.138581 0.0401758 0.0108288 0.00150736 0.000101755 2.43686e-06 1.54909e-08 2.0018e-11 4.42373e-15 1.50628e-19 7.41542e-25 5.06228e-31 4.65189e-38
 1.95899e-41 2.71895e-33 4.5616e-26 9.25084e-20 2.26773e-14 6.71971e-10 2.40689e-06 0.0010421 0.0545398 0.345264 0.279107 0.145591 0.125525 0.0379116 0.00973888 0.00120643 6.99828e-05 1.34321e-06 6.48283e-09 6.28177e-12 1.03653e-15 2.61368e-20 9.42083e-26 4.65425e-32 3.06602e-39
 1.94235e-41 2.69586e-33 4.52286e-26 9.17227e-20 2.24848e-14 6.66264e-10 2.38645e-06 0.00103325 0.0540769 0.342411 0.279902 0.155295 0.123496 0.0346004 0.00817697 0.000957253 4.749e-05 7.33993e-07 2.7166e-09 1.94392e-12 2.33537e-16 4.28113e-21 1.12209e-26 4.02459e-33 1.9182e-40
 1.87389e-41 2.60083e-33 4.36344e-26 8.84897e-20 2.16922e-14 6.4278e-10 2.30233e-06 0.000996831 0.0521711 0.330468 0.274999 0.169615 0.12722 0.0359396 0.0077561 0.00079806 3.44578e-05 4.35313e-07 1.24075e-09 6.61584e-13 5.79058e-17 7.63087e-22 1.43077e-27 3.6709e-34 1.25334e-41
 1.79255e-41 2.48794e-33 4.17403e-26 8.46486e-20 2.07506e-14 6.14878e-10 2.20239e-06 0.000953561 0.049907 0.316296 0.269188 0.184491 0.131663 0.0387468 0.00798448 0.000741397 2.67039e-05 2.73288e-07 6.08906e-10 2.44193e-13 1.5686e-17 1.49584e-22 2.0107e-28 3.67576e-35 8.91286e-43
 1.82039e-41 2.52658e-33 4.23887e-26 8.59634e-20 2.10729e-14 6.24429e-10 2.2366e-06 0.000968372 0.0506827 0.321322 0.27547 0.182624 0.122631 0.0379876 0.00762499 0.000665123 2.04727e-05 1.66853e-07 2.86253e-10 8.68001e-14 4.13785e-18 2.88066e-23 2.79504e-29 3.66213e-36 6.33442e-44
#pred catch len freq
 2.56669e-27 2.59784e-27 4.15184e-26 8.21872e-20 2.01472e-14 5.96998e-10 2.13834e-06 0.000925822 0.0484542 0.306534 0.234656 0.0372164 0.118416 0.109407 0.0279744 0.0366536 0.0172005 0.015231 0.0103364 0.00852365 0.00713771 0.00649398 0.00678602 0.00615676 0.00189371
 2.56926e-27 2.60447e-27 4.69052e-26 9.35491e-20 2.29324e-14 6.79529e-10 2.43396e-06 0.00105381 0.0551527 0.348911 0.267056 0.039853 0.11572 0.106533 0.0207893 0.0207207 0.00821053 0.00541277 0.00302816 0.00211571 0.00154455 0.00124993 0.00118594 0.00109192 0.000369718
 2.56894e-27 2.6035e-27 4.59142e-26 9.14581e-20 2.24198e-14 6.6434e-10 2.37955e-06 0.00103026 0.0539199 0.341112 0.261124 0.0413251 0.131091 0.120585 0.0209606 0.0174939 0.00600144 0.00265481 0.00112862 0.000587265 0.000338363 0.000229348 0.000189002 0.000167554 5.9166e-05
 2.56858e-27 2.60253e-27 4.50753e-26 8.96883e-20 2.1986e-14 6.51484e-10 2.33351e-06 0.00101032 0.0528765 0.334511 0.256086 0.0414648 0.135694 0.124889 0.0227502 0.0204762 0.00665638 0.00233016 0.000766185 0.000263249 0.000102551 5.10919e-05 3.37101e-05 2.70016e-05 9.55845e-06
 2.57155e-27 2.61061e-27 5.22224e-26 1.04766e-19 2.56821e-14 7.61006e-10 2.72579e-06 0.00118016 0.0617656 0.390746 0.298992 0.0393441 0.08941 0.0821792 0.0152037 0.014014 0.00465759 0.00177998 0.000534209 0.00013843 3.39393e-05 1.0199e-05 4.54133e-06 2.97448e-06 1.01385e-06
 2.56874e-27 2.60288e-27 4.52986e-26 9.01592e-20 2.21014e-14 6.54905e-10 2.34576e-06 0.00101562 0.0531541 0.336268 0.257438 0.0421225 0.139749 0.128464 0.0203533 0.0141078 0.00470045 0.00185368 0.000579112 0.000155348 2.99863e-05 5.31993e-06 1.22659e-06 5.35831e-07 1.65419e-07
 2.56816e-27 2.6014e-27 4.40719e-26 8.75715e-20 2.14671e-14 6.36108e-10 2.27843e-06 0.000986475 0.0516285 0.326616 0.250062 0.0417697 0.142246 0.13095 0.0241075 0.0220291 0.00687115 0.00193608 0.000590819 0.000164485 3.31635e-05 4.8674e-06 5.75519e-07 1.15575e-07 2.80695e-08
 2.57041e-27 2.60751e-27 4.9478e-26 9.89761e-20 2.42628e-14 7.1895e-10 2.57516e-06 0.00111495 0.0583522 0.369152 0.282517 0.0401804 0.10735 0.0987278 0.0180245 0.0162874 0.00543844 0.00211127 0.000587907 0.000124862 2.50906e-05 3.81007e-06 3.58551e-07 2.87392e-08 3.81049e-09
 2.5696e-27 2.60524e-27 4.73981e-26 9.45882e-20 2.31872e-14 6.87077e-10 2.46099e-06 0.00106552 0.0557653 0.352786 0.270039 0.0413685 0.125157 0.11503 0.0185546 0.0133842 0.00443484 0.00170678 0.000536138 0.000141939 2.32986e-05 3.13551e-06 2.9631e-07 1.57417e-08 7.665e-10
 2.56994e-27 2.60618e-27 4.82658e-26 9.64188e-20 2.36359e-14 7.00374e-10 2.50862e-06 0.00108614 0.0568446 0.359614 0.275244 0.0408289 0.117394 0.107944 0.0186958 0.0154766 0.00485797 0.00143088 0.000434409 0.000118922 2.38268e-05 3.09444e-06 2.47929e-07 1.21845e-08 3.06299e-10
 2.5704e-27 2.60743e-27 4.93514e-26 9.87088e-20 2.41973e-14 7.17009e-10 2.5682e-06 0.00111193 0.0581946 0.368155 0.281763 0.0406709 0.111612 0.102564 0.0169546 0.0128661 0.00416362 0.00143327 0.00040018 8.78907e-05 1.74501e-05 2.60552e-06 2.16134e-07 9.14989e-09 1.87592e-10
 2.5706e-27 2.60796e-27 4.98233e-26 9.97044e-20 2.44413e-14 7.2424e-10 2.59411e-06 0.00112315 0.0587816 0.371868 0.284596 0.040522 0.108488 0.0996871 0.0165467 0.0126542 0.0040101 0.00124927 0.000365187 8.81777e-05 1.4709e-05 1.9936e-06 1.83219e-07 8.07418e-09 1.44748e-10
 2.57007e-27 2.60651e-27 4.85116e-26 9.69371e-20 2.3763e-14 7.04139e-10 2.52211e-06 0.00109198 0.0571501 0.361547 0.276725 0.0411306 0.118649 0.109013 0.017284 0.0119872 0.00379869 0.00119213 0.000335967 7.61364e-05 1.3728e-05 1.72969e-06 1.39996e-07 6.59172e-09 1.21513e-10
 2.56994e-27 2.60616e-27 4.82167e-26 9.63151e-20 2.36105e-14 6.99621e-10 2.50593e-06 0.00108497 0.0567834 0.359227 0.274953 0.0410885 0.119574 0.109901 0.0180572 0.0135237 0.00420562 0.00118116 0.0003293 7.41557e-05 1.26099e-05 1.61564e-06 1.26478e-07 5.34265e-09 1.02077e-10
 2.56951e-27 2.60498e-27 4.7161e-26 9.4088e-20 2.30645e-14 6.83444e-10 2.44798e-06 0.00105988 0.0554704 0.350921 0.268617 0.0414855 0.127047 0.116775 0.0188764 0.0136658 0.00431449 0.00131989 0.000358347 7.36245e-05 1.23351e-05 1.51954e-06 1.17374e-07 4.79719e-09 8.4407e-11
 2.56992e-27 2.6061e-27 4.81591e-26 9.61936e-20 2.35807e-14 6.98738e-10 2.50276e-06 0.0010836 0.0567118 0.358774 0.274608 0.0411694 0.120432 0.110676 0.0178972 0.0129653 0.00406392 0.00119742 0.000333 7.26166e-05 1.14165e-05 1.33139e-06 9.94207e-08 3.96878e-09 6.71777e-11
 2.57045e-27 2.60753e-27 4.94165e-26 9.88461e-20 2.42309e-14 7.18006e-10 2.57178e-06 0.00111348 0.0582756 0.368667 0.282157 0.0408536 0.112725 0.10355 0.0163887 0.0113172 0.00354463 0.00104461 0.000286771 6.11615e-05 1.00659e-05 1.15937e-06 8.0861e-08 3.10275e-09 5.10575e-11
 2.57001e-27 2.60632e-27 4.83241e-26 9.65416e-20 2.3666e-14 7.01267e-10 2.51182e-06 0.00108752 0.056917 0.360072 0.275602 0.0413457 0.121076 0.111219 0.0170731 0.010945 0.00339065 0.00094685 0.000258185 5.48431e-05 8.84531e-06 1.03611e-06 7.26636e-08 2.6237e-09 4.12701e-11
 2.57005e-27 2.60643e-27 4.84367e-26 9.67792e-20 2.37243e-14 7.02992e-10 2.518e-06 0.0010902 0.057057 0.360958 0.276276 0.0411753 0.119305 0.109619 0.0174137 0.0121222 0.00371226 0.000954648 0.000252903 5.13391e-05 8.20833e-06 9.48334e-07 6.67751e-08 2.41901e-09 3.61786e-11
 2.57082e-27 2.60854e-27 5.03086e-26 1.00728e-19 2.46923e-14 7.31676e-10 2.62074e-06 0.00113468 0.0593851 0.375686 0.287513 0.0405965 0.107006 0.0982723 0.0154447 0.0104907 0.00325903 0.000916767 0.000239863 4.51633e-05 6.89285e-06 7.74201e-07 5.38418e-08 1.95008e-09 2.90934e-11
 2.57152e-27 2.61041e-27 5.19373e-26 1.04164e-19 2.55345e-14 7.56634e-10 2.71014e-06 0.00117339 0.0614108 0.388501 0.297293 0.0402714 0.0976603 0.0896108 0.0132362 0.00763156 0.00235135 0.000644302 0.000172663 3.48076e-05 5.08699e-06 5.34347e-07 3.57286e-08 1.27407e-09 1.89611e-11
 2.57164e-27 2.61072e-27 5.22051e-26 1.04729e-19 2.5673e-14 7.60737e-10 2.72483e-06 0.00117975 0.0617438 0.390608 0.298902 0.0402859 0.0966408 0.0886504 0.0127116 0.00667285 0.00199751 0.000458756 0.000118727 2.36008e-05 3.62425e-06 3.83139e-07 2.39098e-08 8.13107e-10 1.18735e-11
 2.57144e-27 2.61019e-27 5.17318e-26 1.0373e-19 2.54283e-14 7.53485e-10 2.69886e-06 0.0011685 0.0611552 0.386884 0.296061 0.0404171 0.0996352 0.0914176 0.0132747 0.00725878 0.00214848 0.000447246 0.000108215 1.84384e-05 2.72565e-06 2.94634e-07 1.8791e-08 6.04138e-10 8.38075e-12
 2.57161e-27 2.61066e-27 5.21479e-26 1.04608e-19 2.56434e-14 7.59861e-10 2.72169e-06 0.00117839 0.0616727 0.390158 0.298559 0.0403221 0.0971567 0.0891228 0.0127299 0.00659466 0.00195939 0.000424816 0.000101083 1.55778e-05 2.02761e-06 1.97823e-07 1.26482e-08 4.14019e-10 5.49993e-12
 2.57185e-27 2.61131e-27 5.2727e-26 1.0583e-19 2.59429e-14 7.68734e-10 2.75348e-06 0.00119215 0.0623928 0.394714 0.302035 0.0401423 0.0933467 0.0856089 0.012142 0.0061377 0.00181005 0.000371613 8.84193e-05 1.40191e-05 1.72468e-06 1.47399e-07 8.30468e-09 2.66065e-10 3.57004e-12
 2.57186e-27 2.61133e-27 5.27369e-26 1.05851e-19 2.5948e-14 7.68886e-10 2.75402e-06 0.00119239 0.0624052 0.394792 0.302095 0.0401716 0.0935269 0.0857677 0.012035 0.00585357 0.00171942 0.000344272 8.04613e-05 1.21965e-05 1.51507e-06 1.27039e-07 6.32308e-09 1.7726e-10 2.28383e-12
 2.57174e-27 2.61099e-27 5.24278e-26 1.05199e-19 2.57882e-14 7.6415e-10 2.73706e-06 0.00118504 0.0620208 0.39236 0.30024 0.0403188 0.0959506 0.0879916 0.0122 0.00566935 0.00165586 0.000319047 7.35772e-05 1.08687e-05 1.30496e-06 1.07173e-07 5.26613e-09 1.3254e-10 1.49626e-12
 2.57151e-27 2.61035e-27 5.1861e-26 1.04003e-19 2.5495e-14 7.55464e-10 2.70594e-06 0.00117157 0.0613158 0.3879 0.296838 0.0405233 0.0998967 0.0916254 0.0127049 0.00590545 0.00171646 0.000316216 7.16286e-05 1.02105e-05 1.19805e-06 9.50963e-08 4.53225e-09 1.11597e-10 1.14665e-12
#obs catch len freq
 1.73805e-41 2.4123e-33 4.04714e-26 8.20752e-20 2.01198e-14 5.96186e-10 2.13544e-06 0.000924572 0.0483884 0.306119 0.234486 0.0440997 0.154858 0.131281 0.0377735 0.0293931 0.00908618 0.00292452 0.000588932 7.11788e-05 3.7835e-06 6.39685e-08 2.54727e-10 1.92255e-13 2.38511e-17
 1.76051e-41 2.44347e-33 4.09942e-26 8.31355e-20 2.03797e-14 6.03887e-10 2.16303e-06 0.000936516 0.0490135 0.310074 0.237562 0.0459319 0.156114 0.125281 0.0369064 0.0270819 0.00813253 0.00245923 0.00045431 4.79418e-05 2.09789e-06 2.76929e-08 8.28357e-11 4.56875e-14 4.06646e-18
 2.18354e-41 3.03061e-33 5.08448e-26 1.03112e-19 2.52768e-14 7.48997e-10 2.68279e-06 0.00116155 0.0607911 0.384582 0.294411 0.0432622 0.0983697 0.0743769 0.0221023 0.015097 0.00437835 0.00123641 0.000209387 1.91914e-05 6.88444e-07 7.05228e-09 1.57627e-11 6.34813e-15 4.06523e-19
 1.74516e-41 2.42217e-33 4.0637e-26 8.24109e-20 2.02021e-14 5.98625e-10 2.14418e-06 0.000928354 0.0485863 0.307372 0.235725 0.0537014 0.182892 0.128305 0.0251906 0.0127351 0.0035004 0.000909466 0.000139839 1.10792e-05 3.2437e-07 2.57186e-09 4.2849e-12 1.25708e-15 5.78778e-20
 2.11568e-41 2.93643e-33 4.92646e-26 9.99077e-20 2.44912e-14 7.25719e-10 2.59941e-06 0.00112545 0.0589018 0.37263 0.28543 0.0474137 0.11275 0.076097 0.0267238 0.0155233 0.00280022 0.000526707 7.12528e-05 4.81733e-06 1.14438e-07 7.00897e-10 8.70297e-13 1.86013e-16 6.15512e-21
 2.38684e-41 3.31278e-33 5.55788e-26 1.12713e-19 2.76302e-14 8.18733e-10 2.93257e-06 0.0012697 0.0664511 0.420389 0.321856 0.0454115 0.0782903 0.0482475 0.0109467 0.00536838 0.00147495 0.000267868 2.30566e-05 1.20284e-06 2.27964e-08 1.07371e-10 9.93526e-14 1.54917e-17 3.68971e-22
 1.35551e-41 1.88136e-33 3.15637e-26 6.40106e-20 1.56914e-14 4.64966e-10 1.66543e-06 0.000721075 0.0377382 0.238747 0.184108 0.0756128 0.271006 0.154421 0.0261148 0.00945047 0.00173273 0.000314805 2.98849e-05 1.06136e-06 1.39022e-08 4.88545e-11 3.35258e-14 3.81481e-18 6.55152e-23
 2.24404e-41 3.11458e-33 5.22536e-26 1.05969e-19 2.59771e-14 7.69749e-10 2.75712e-06 0.00119374 0.0624754 0.395238 0.302813 0.0481542 0.0868285 0.0524199 0.033368 0.0152955 0.0019681 0.000224875 1.70852e-05 5.80285e-07 5.50581e-09 1.2779e-11 6.1555e-15 5.04462e-19 6.23567e-24
 2.02333e-41 2.80825e-33 4.71142e-26 9.55467e-20 2.34222e-14 6.94041e-10 2.48594e-06 0.00107633 0.0563307 0.356368 0.273685 0.0633694 0.150858 0.0747206 0.0146028 0.0064777 0.00222069 0.000275645 1.26351e-05 3.00006e-07 2.35921e-09 4.07168e-12 1.30685e-15 7.1821e-20 6.16262e-25
 2.0728e-41 2.8769e-33 4.8266e-26 9.78825e-20 2.39948e-14 7.11008e-10 2.54672e-06 0.00110264 0.0577078 0.36508 0.28043 0.0634808 0.137329 0.0660406 0.0206676 0.00693442 0.00103044 0.000181195 1.19063e-05 1.97563e-07 9.90309e-10 1.26304e-12 3.01964e-16 1.156e-20 6.64363e-26
 2.02676e-41 2.81301e-33 4.7194e-26 9.57085e-20 2.34618e-14 6.95216e-10 2.49015e-06 0.00107815 0.0564261 0.356974 0.274575 0.069398 0.147994 0.0660751 0.0196911 0.00653953 0.00112593 0.000113682 6.69157e-06 1.3663e-07 5.6132e-10 4.5918e-13 7.37382e-17 2.02236e-21 8.34733e-27
 2.14016e-41 2.9704e-33 4.98346e-26 1.01064e-19 2.47746e-14 7.34115e-10 2.62948e-06 0.00113847 0.0595832 0.376948 0.289875 0.0678394 0.126788 0.0537956 0.0177171 0.00535577 0.000867282 8.59984e-05 3.59522e-06 5.61752e-08 2.30022e-10 1.66386e-13 1.89925e-17 3.40989e-22 9.43201e-28
 2.09831e-41 2.91231e-33 4.88601e-26 9.90873e-20 2.42901e-14 7.1976e-10 2.57806e-06 0.00111621 0.0584181 0.36958 0.284721 0.0750112 0.137704 0.0533769 0.0151368 0.00419863 0.000672229 5.96698e-05 2.19693e-06 2.53852e-08 7.46058e-11 4.51177e-14 4.47003e-18 6.38623e-23 1.26369e-28
 2.04651e-41 2.84042e-33 4.7654e-26 9.66413e-20 2.36905e-14 7.01992e-10 2.51442e-06 0.00108866 0.056976 0.360461 0.278302 0.0819344 0.145471 0.0541247 0.0169338 0.00410548 0.000554109 4.43147e-05 1.417e-06 1.33542e-08 2.90868e-11 1.23215e-14 9.0022e-19 1.01587e-23 1.61878e-29
 1.92345e-41 2.66962e-33 4.47884e-26 9.08299e-20 2.22659e-14 6.59779e-10 2.36322e-06 0.00102319 0.0535499 0.338794 0.262694 0.0940991 0.165122 0.0593799 0.0200352 0.00465671 0.000603175 3.94102e-05 1.03514e-06 7.97606e-09 1.35619e-11 4.2524e-15 2.19392e-19 1.72988e-24 1.97728e-30
 1.75109e-41 2.4304e-33 4.07749e-26 8.26907e-20 2.02707e-14 6.00657e-10 2.15145e-06 0.000931506 0.0487513 0.308449 0.24086 0.109917 0.189509 0.0685743 0.0262871 0.00591568 0.000758103 4.48096e-05 9.49058e-07 5.62776e-09 7.38173e-12 1.75644e-15 6.69788e-20 3.79957e-25 3.05677e-31
 1.9728e-41 2.73811e-33 4.59375e-26 9.31603e-20 2.28371e-14 6.76706e-10 2.42385e-06 0.00104944 0.0549238 0.347497 0.270272 0.0974949 0.143696 0.0547313 0.0240395 0.00552839 0.000723649 3.98736e-05 7.28149e-07 3.38576e-09 3.3022e-12 5.80216e-16 1.63509e-20 6.81005e-26 3.97805e-32
 1.93056e-41 2.67949e-33 4.49539e-26 9.11657e-20 2.23482e-14 6.62218e-10 2.37196e-06 0.00102697 0.0537478 0.340073 0.26604 0.111338 0.155685 0.049972 0.0173454 0.0041673 0.0005708 3.04538e-05 4.941e-07 1.89028e-09 1.41933e-12 1.83425e-16 3.73222e-21 1.12047e-26 4.72857e-33
 1.89986e-41 2.63688e-33 4.42391e-26 8.9716e-20 2.19928e-14 6.51687e-10 2.33424e-06 0.00101064 0.0528932 0.334683 0.263147 0.119131 0.155603 0.0515405 0.0181352 0.00341871 0.000413542 2.16453e-05 3.20412e-07 1.03776e-09 6.21508e-13 6.12832e-17 9.2028e-22 1.99484e-27 6.01191e-34
 1.92384e-41 2.67017e-33 4.47976e-26 9.08487e-20 2.22705e-14 6.59915e-10 2.36371e-06 0.0010234 0.053561 0.338925 0.267427 0.122899 0.147177 0.0485963 0.0169416 0.00311983 0.000313947 1.33025e-05 1.73425e-07 4.82932e-10 2.36041e-13 1.82289e-17 2.07974e-22 3.34792e-28 7.3633e-35
 2.00501e-41 2.78282e-33 4.66876e-26 9.46815e-20 2.32101e-14 6.87757e-10 2.46343e-06 0.00106658 0.0558208 0.353238 0.279044 0.121854 0.131261 0.0415824 0.0135206 0.00238305 0.000220768 7.6303e-06 7.66494e-08 1.71373e-10 6.79772e-14 4.1693e-18 3.68186e-23 4.49226e-29 7.3675e-36
 2.00475e-41 2.78246e-33 4.66815e-26 9.46691e-20 2.3207e-14 6.87666e-10 2.46311e-06 0.00106644 0.0558135 0.353224 0.280781 0.12979 0.128908 0.037685 0.0108531 0.00172816 0.000143331 4.26079e-06 3.36187e-08 5.60148e-11 1.67073e-14 7.85904e-19 5.34453e-24 4.98254e-30 6.17212e-37
 2.03396e-41 2.82301e-33 4.73618e-26 9.60488e-20 2.35452e-14 6.97689e-10 2.49901e-06 0.00108198 0.056627 0.358403 0.286056 0.131816 0.119898 0.0352449 0.00947934 0.00129819 9.08772e-05 2.25696e-06 1.43595e-08 1.82891e-11 4.00302e-15 1.36635e-19 6.79706e-25 4.68844e-31 4.32581e-38
 1.97312e-41 2.73856e-33 4.59451e-26 9.31756e-20 2.28409e-14 6.76818e-10 2.42425e-06 0.00104962 0.0549332 0.347754 0.281067 0.146151 0.124641 0.0347037 0.00856049 0.0010743 6.23955e-05 1.2268e-06 6.11237e-09 5.99441e-12 9.84991e-16 2.46144e-20 8.81499e-26 4.35042e-32 2.87732e-39
 2.02185e-41 2.80619e-33 4.70797e-26 9.54767e-20 2.3405e-14 6.93532e-10 2.48412e-06 0.00107554 0.05629 0.356383 0.288873 0.14388 0.112463 0.0325665 0.00758337 0.000841988 4.16312e-05 6.49502e-07 2.44461e-09 1.79194e-12 2.19244e-16 4.04831e-21 1.05993e-26 3.78275e-33 1.79294e-40
 2.00566e-41 2.78373e-33 4.67029e-26 9.47124e-20 2.32176e-14 6.87981e-10 2.46424e-06 0.00106693 0.0558397 0.353624 0.289915 0.152862 0.110206 0.0294831 0.00631702 0.000655925 2.74545e-05 3.42137e-07 9.81103e-10 5.29159e-13 4.70389e-17 6.3037e-22 1.19834e-27 3.10119e-34 1.06264e-41
 1.93993e-41 2.69249e-33 4.51721e-26 9.16081e-20 2.24566e-14 6.65431e-10 2.38347e-06 0.00103196 0.0540099 0.342183 0.285686 0.16657 0.113565 0.0304764 0.00591798 0.00053769 1.942e-05 1.95933e-07 4.30169e-10 1.72232e-13 1.1129e-17 1.07068e-22 1.45456e-28 2.69003e-35 6.59647e-43
 1.8614e-41 2.58349e-33 4.33435e-26 8.78996e-20 2.15476e-14 6.38494e-10 2.28698e-06 0.000990185 0.0518242 0.328536 0.280631 0.180907 0.1178 0.0327652 0.0060396 0.000489821 1.46489e-05 1.18929e-07 2.02867e-10 6.08568e-14 2.87958e-18 2.002e-23 1.94826e-29 2.56595e-36 4.46677e-44
#spawning biomass
 6173.49 7663.15 9507.03 11275.1 17806.6 30099.4 31270 34005.3 43106.9 54397.2 68764.6 102536 124622 142241 138419 120201 113827 105997 99016.3 96241.5 96149.2 104439 120797 121110 127396 135783 131314 121233 131312 151568 89231.1 50498.1 31393.9 23102.6 19782.3 18522.9 18063 17899.7 17842.9 17823.4 17816.8 17814.6 17813.9 17813.6 17813.5 17813.5 17813.5 17813.5 17813.5 17813.5 17813.5 17813.5 17813.5 17813.5 17813.5 17813.5 17813.5 17813.5 17813.5 17813.5 17813.5 17813.5 17813.5 17813.5 17813.5 17813.5 17813.5 17813.5 17813.5 17813.5 17813.5 17813.5 17813.5 17813.5 17813.5 17813.5 17813.5 17813.5 17813.5 17813.5 17813.5 17813.5 17813.5 17813.5 17813.5 17813.5 17813.5 17813.5 17813.5 17813.5 17813.5 17813.5 17813.5 17813.5 17813.5 17813.5 17813.5 17813.5 17813.5 17813.5 17813.5 17813.5 17813.5 17813.5 17813.5 17813.5 17813.5 17813.5 17813.5 17813.5 17813.5 17813.5 17813.5 17813.5 17813.5 17813.5 17813.5 17813.5 17813.5 17813.5 17813.5 17813.5 17813.5 17813.5 17813.5 17813.5 17813.5 17813.5 0 0 0 0 0 0 0 0 0 0 0 0 0 0 0 0 0 0 0 0 0 0 0 0 0
