SBPRF35
0.178135
Curr Bio
122725
B35
195231
F35
0.67179
FOFL
0.439364
OFL
30687.3
Bzero
50895.7
#pred survey bio
 6508.79 8334.42 10347.9 12251.1 20040.5 32657.8 33647.4 37509.6 47170.5 59683.6 76259.7 113261 137047 155515 150367 131283 124882 115768 108259 106064 106680 116210 133649 134606 142210 151075 145549 133452 4.95075e+06 3.20385e+06 2.09793e+06 1.27258e+06 840045 633652 536437 489131 464799 451539 443968 439509 436834 435214 434224 433612 433246 433026 432894 432815 432767 432738 432720 432710 432703 432699 432697 432696 432695 432694 432694 432694 432694 432694 432694 432694 432694 432694 432694 432694 432694 432694 432694 432694 432694 432694 432694 432694 432694 432694 432694 432694 432694 432694 432694 432694 432694 432694 432694 432694 432694 432694 432694 432694 432694 432694 432694 432694 432694 432694 432694 432694 432694 432694 432694 432694 432694 432694 432694 432694 432694 432694 432694 432694 432694 432694 432694 432694 432694 432694 432694 432694 432694 432694 432694 432694 432694 432694 432694 432694 0 0 0 0 0 0 0 0 0 0 0 0 0 0 0 0 0 0 0 0 0 0 0 0 0
#obs survey bio
 5381.54 6088.84 12647.3 10867.4 20755.6 31463.6 26825.5 57433.4 45909.7 78552.6 87256.4 123824 177312 88349.1 168202 91380.1 125680 102773 129729 90509.9 87348.5 139146 163609 190869 145418 129129 150202 118056
#pred catch bio
 2953.59 4638.14 5915.63 7136.21 9335.79 19817.8 21851.3 22739.2 28464 37712.1 43766.4 72365.3 88146.2 105756 108095 93728.8 89540.3 82188.4 77589.9 78931.6 79148.6 82840.2 101386 101661 107035 117164 114647 95841.4 30687.3 56774.4 34439.9 18681.2 11276.3 8237.95 7086.92 6673.61 6530.69 6482.6 6466.75 6461.6 6459.94 6459.42 6459.25 6459.2 6459.18 6459.18 6459.18 6459.17 6459.17 6459.17 6459.17 6459.17 6459.17 6459.17 6459.17 6459.17 6459.17 6459.17 6459.17 6459.17 6459.17 6459.17 6459.17 6459.17 6459.17 6459.17 6459.17 6459.17 6459.17 6459.17 6459.17 6459.17 6459.17 6459.17 6459.17 6459.17 6459.17 6459.17 6459.17 6459.17 6459.17 6459.17 6459.17 6459.17 6459.17 6459.17 6459.17 6459.17 6459.17 6459.17 6459.17 6459.17 6459.17 6459.17 6459.17 6459.17 6459.17 6459.17 6459.17 6459.17 6459.17 6459.17 6459.17 6459.17 6459.17 6459.17 6459.17 6459.17 6459.17 6459.17 6459.17 6459.17 6459.17 6459.17 6459.17 6459.17 6459.17 6459.17 6459.17 6459.17 6459.17 6459.17 6459.17 6459.17 6459.17 6459.17 6459.17 6459.17 0 0 0 0 0 0 0 0 0 0 0 0 0 0 0 0 0 0 0 0 0 0 0 0 0
#obs catch bio
 4654.95 4634.27 5763.57 7080 9180.98 19531.1 22170.3 21719.4 27772.4 36638.3 43107 69678.5 84025.4 104986 107340 95544.7 87332.5 80412.6 74809.3 78651.4 78419 80845.5 98085.8 98369.3 103692 114117 111863 95237.2
#pred cpue bio
 5350.92 6305.95 7765.18 9283.93 13843.5 24589.8 25924.2 27142.6 34790.6 43776.7 54868.6 81679.4 100107 114774 112417 97228.5 91101.2 85333.6 79768 76761.9 75512.1 81473.4 94801.8 94832.3 99556.5 106060 102564 94045.1 3.56446e+06 3.07747e+06 2.04949e+06 1.22006e+06 786764 580296 483073 435767 411435 398175 390604 386145 383470 381850 380860 380248 379882 379662 379530 379451 379403 379374 379356 379346 379339 379335 379333 379332 379331 379330 379330 379330 379330 379330 379330 379330 379330 379330 379330 379330 379330 379330 379330 379330 379330 379330 379330 379330 379330 379330 379330 379330 379330 379330 379330 379330 379330 379330 379330 379330 379330 379330 379330 379330 379330 379330 379330 379330 379330 379330 379330 379330 379330 379330 379330 379330 379330 379330 379330 379330 379330 379330 379330 379330 379330 379330 379330 379330 379330 379330 379330 379330 379330 379330 379330 379330 379330 379330 379330 379330 0 0 0 0 0 0 0 0 0 0 0 0 0 0 0 0 0 0 0 0 0 0 0 0 0
#obs cpue bio
 6052.84 10799.1 10302.5 11051 17974.2 25685.8 28698.9 53489.7 41286.1 56056.9 51827.1 173791 166872 155753 117950 90502.5 178109 127640 130197 78872.3 110928 108812 137082 111792 157120 181354 147374 110654
#pred surv len freq
 2.56862e-27 2.60304e-27 4.604e-26 9.17255e-20 2.24854e-14 6.66283e-10 2.38651e-06 0.00103327 0.0540776 0.342109 0.261811 0.0366213 0.0948087 0.087564 0.0231069 0.0309944 0.0146099 0.0130099 0.00883123 0.00727641 0.0060811 0.00551757 0.00574643 0.00520051 0.00159801
 2.57037e-27 2.60749e-27 4.95669e-26 9.91642e-20 2.43089e-14 7.20317e-10 2.58005e-06 0.00111706 0.0584631 0.369854 0.283037 0.0391792 0.0993646 0.091444 0.0181961 0.0185837 0.00723745 0.00459555 0.00256385 0.0017895 0.00130427 0.00105258 0.000994808 0.000912875 0.000308669
 2.5701e-27 2.60667e-27 4.87264e-26 9.73907e-20 2.38742e-14 7.07434e-10 2.53391e-06 0.00109709 0.0574175 0.363239 0.278005 0.040413 0.112289 0.103265 0.0184404 0.0160956 0.0054111 0.00221224 0.000903298 0.000454335 0.000260712 0.000176271 0.000144653 0.000127686 4.50051e-05
 2.56969e-27 2.60555e-27 4.77493e-26 9.53294e-20 2.33689e-14 6.92461e-10 2.48028e-06 0.00107387 0.0562023 0.355551 0.272138 0.040617 0.117964 0.108546 0.0201914 0.018747 0.00601838 0.00197675 0.000619276 0.000195385 7.22736e-05 3.55317e-05 2.33396e-05 1.85969e-05 6.56728e-06
 2.57266e-27 2.61361e-27 5.48796e-26 1.10371e-19 2.70562e-14 8.01724e-10 2.87164e-06 0.00124331 0.0650704 0.411653 0.314944 0.0385277 0.0719902 0.0661155 0.0125675 0.0120371 0.00393021 0.00138762 0.000401883 9.64599e-05 2.16036e-05 6.02251e-06 2.62418e-06 1.70743e-06 5.80133e-07
 2.56979e-27 2.60576e-27 4.78552e-26 9.55526e-20 2.34236e-14 6.94082e-10 2.48609e-06 0.00107638 0.0563338 0.356383 0.272784 0.0412349 0.122213 0.112314 0.018098 0.0130246 0.0042931 0.00161335 0.000483904 0.000119712 2.15014e-05 3.43283e-06 7.20519e-07 3.07129e-07 9.43851e-08
 2.56901e-27 2.60372e-27 4.61255e-26 9.19039e-20 2.25291e-14 6.67579e-10 2.39116e-06 0.00103528 0.0541828 0.342775 0.26239 0.0410901 0.128413 0.118206 0.0222217 0.0209302 0.0064421 0.00166536 0.000489699 0.000128349 2.39629e-05 3.22009e-06 3.35961e-07 6.08433e-08 1.45347e-08
 2.57129e-27 2.6099e-27 5.1592e-26 1.03436e-19 2.5356e-14 7.51345e-10 2.69119e-06 0.00116518 0.0609815 0.385785 0.295207 0.039494 0.0932104 0.0856999 0.0160795 0.0151214 0.00493809 0.00173968 0.000465919 9.0174e-05 1.6957e-05 2.37549e-06 2.01241e-07 1.3821e-08 1.67984e-09
 2.57054e-27 2.60781e-27 4.96849e-26 9.94125e-20 2.43698e-14 7.2212e-10 2.58651e-06 0.00111986 0.0586095 0.37078 0.283766 0.0405942 0.109621 0.10072 0.0165048 0.0123054 0.00400722 0.00142587 0.00042499 0.000102145 1.54864e-05 1.89648e-06 1.63583e-07 7.67294e-09 3.13791e-10
 2.57078e-27 2.60848e-27 5.0304e-26 1.00719e-19 2.469e-14 7.31608e-10 2.6205e-06 0.00113458 0.0593796 0.375651 0.287479 0.0401402 0.103558 0.0951977 0.0168512 0.0144734 0.00447686 0.00120317 0.000347892 8.72063e-05 1.59074e-05 1.87818e-06 1.34969e-07 5.96367e-09 1.29062e-10
 2.57137e-27 2.61007e-27 5.16922e-26 1.03647e-19 2.54078e-14 7.52879e-10 2.69668e-06 0.00116756 0.061106 0.386573 0.295814 0.0398925 0.0958159 0.0880105 0.014794 0.011596 0.00368566 0.0011578 0.000309811 6.15281e-05 1.11669e-05 1.50338e-06 1.11754e-07 4.20681e-09 7.64029e-11
 2.5713e-27 2.60987e-27 5.15207e-26 1.03285e-19 2.53191e-14 7.50251e-10 2.68727e-06 0.00116349 0.0608927 0.385224 0.294785 0.0399306 0.0968295 0.0889516 0.0150645 0.0119721 0.00373914 0.00106999 0.000298102 6.54709e-05 1.00111e-05 1.2115e-06 9.91559e-08 3.88586e-09 6.15997e-11
 2.57084e-27 2.60861e-27 5.03819e-26 1.00883e-19 2.47302e-14 7.328e-10 2.62477e-06 0.00113642 0.0594763 0.376263 0.287951 0.0404663 0.105707 0.097098 0.0156848 0.0113351 0.0035331 0.00100755 0.000271725 5.60477e-05 9.23766e-06 1.05054e-06 7.48849e-08 3.10646e-09 5.07513e-11
 2.57051e-27 2.60773e-27 4.96173e-26 9.92698e-20 2.43348e-14 7.21084e-10 2.5828e-06 0.00111825 0.0585254 0.370247 0.28336 0.0405844 0.109832 0.100934 0.0168921 0.0131196 0.00402117 0.00102647 0.000272401 5.54498e-05 8.6519e-06 9.96693e-07 6.94393e-08 2.56141e-09 4.28718e-11
 2.57005e-27 2.60646e-27 4.84801e-26 9.68709e-20 2.37467e-14 7.03658e-10 2.52038e-06 0.00109123 0.0571111 0.3613 0.276534 0.0409922 0.11773 0.108205 0.0178559 0.0134905 0.00418092 0.00114549 0.000296883 5.49584e-05 8.38279e-06 9.28159e-07 6.36924e-08 2.29256e-09 3.50752e-11
 2.57038e-27 2.60735e-27 4.92684e-26 9.85338e-20 2.41544e-14 7.15738e-10 2.56365e-06 0.00110996 0.0580915 0.367503 0.281267 0.040773 0.112738 0.103595 0.0169922 0.0126787 0.00389944 0.0010217 0.000268707 5.22451e-05 7.49449e-06 7.78954e-07 5.15108e-08 1.80975e-09 2.68127e-11
 2.57088e-27 2.60871e-27 5.04672e-26 1.01063e-19 2.47743e-14 7.34107e-10 2.62945e-06 0.00113845 0.0595824 0.376934 0.288463 0.0404547 0.105259 0.0966844 0.0156042 0.0112518 0.00345124 0.000891805 0.000230947 4.35067e-05 6.44561e-06 6.61042e-07 4.05963e-08 1.36391e-09 1.96408e-11
 2.5705e-27 2.60765e-27 4.95105e-26 9.90445e-20 2.42796e-14 7.19447e-10 2.57694e-06 0.00111572 0.0583925 0.369407 0.282723 0.0409033 0.112706 0.103519 0.0161411 0.010754 0.00327265 0.000811035 0.000207905 3.85381e-05 5.55821e-06 5.71356e-07 3.51231e-08 1.10612e-09 1.5135e-11
 2.57054e-27 2.60777e-27 4.96337e-26 9.93043e-20 2.43432e-14 7.21334e-10 2.5837e-06 0.00111864 0.0585457 0.370376 0.28346 0.0407311 0.110878 0.101866 0.0164655 0.0119075 0.00358636 0.000816216 0.000204012 3.64417e-05 5.16784e-06 5.18549e-07 3.15592e-08 9.9079e-10 1.28489e-11
 2.57113e-27 2.60938e-27 5.10582e-26 1.02309e-19 2.50799e-14 7.43163e-10 2.66188e-06 0.00115249 0.0603174 0.381584 0.292012 0.0403102 0.101667 0.0933627 0.0148972 0.0104741 0.00319309 0.000793729 0.000196703 3.25321e-05 4.43409e-06 4.31641e-07 2.56445e-08 7.9371e-10 1.01952e-11
 2.57177e-27 2.61111e-27 5.25718e-26 1.05503e-19 2.58627e-14 7.66357e-10 2.74496e-06 0.00118846 0.0621999 0.393494 0.301101 0.0400216 0.0930841 0.0854045 0.0127927 0.00767591 0.00231713 0.000551338 0.000138913 2.46063e-05 3.22694e-06 2.94303e-07 1.68177e-08 5.06761e-10 6.40378e-12
 2.57203e-27 2.61181e-27 5.3176e-26 1.06777e-19 2.61751e-14 7.75616e-10 2.77813e-06 0.00120282 0.0629514 0.398247 0.304729 0.039917 0.0897391 0.0823016 0.0119515 0.00653552 0.0019252 0.000385143 9.29983e-05 1.59653e-05 2.1827e-06 2.01723e-07 1.07976e-08 3.10001e-10 3.8036e-12
 2.57169e-27 2.61087e-27 5.2347e-26 1.05028e-19 2.57464e-14 7.62912e-10 2.73262e-06 0.00118312 0.0619203 0.391725 0.299753 0.0401768 0.095212 0.0873506 0.0128216 0.00724726 0.00211661 0.000388429 8.83541e-05 1.29963e-05 1.68483e-06 1.56756e-07 8.6078e-09 2.35171e-10 2.73538e-12
 2.57188e-27 2.61139e-27 5.28035e-26 1.05991e-19 2.59825e-14 7.69907e-10 2.75768e-06 0.00119397 0.062488 0.395316 0.302493 0.0400727 0.0924944 0.0848346 0.0122267 0.0065245 0.0019061 0.000355225 7.95767e-05 1.07074e-05 1.23376e-06 1.02117e-07 5.51665e-09 1.5347e-10 1.72278e-12
 2.57206e-27 2.61188e-27 5.32388e-26 1.0691e-19 2.62076e-14 7.76577e-10 2.78157e-06 0.00120431 0.0630294 0.398741 0.305107 0.039942 0.0896642 0.0822232 0.0117701 0.00614008 0.00178201 0.000313656 6.96163e-05 9.44659e-06 1.03738e-06 7.61317e-08 3.59465e-09 9.57871e-11 1.08313e-12
 2.57198e-27 2.61164e-27 5.30211e-26 1.0645e-19 2.6095e-14 7.73242e-10 2.76962e-06 0.00119914 0.0627587 0.397028 0.303801 0.0400412 0.0913367 0.0837587 0.0118993 0.00604782 0.00175018 0.000301258 6.57564e-05 8.48813e-06 9.25673e-07 6.63802e-08 2.81078e-09 6.51999e-11 6.92346e-13
 2.57186e-27 2.61131e-27 5.27198e-26 1.05814e-19 2.59391e-14 7.68623e-10 2.75308e-06 0.00119198 0.0623838 0.394657 0.301992 0.0401882 0.0937259 0.0859502 0.0120471 0.00583305 0.00167998 0.000279062 6.01298e-05 7.58011e-06 7.98979e-07 5.53415e-08 2.29429e-09 4.84358e-11 4.49213e-13
 2.57185e-27 2.6113e-27 5.27059e-26 1.05785e-19 2.5932e-14 7.68412e-10 2.75232e-06 0.00119165 0.0623667 0.394548 0.301909 0.0402039 0.0939035 0.0861117 0.0120321 0.0057577 0.00164972 0.000260022 5.49173e-05 6.69475e-06 6.90721e-07 4.62883e-08 1.84351e-09 3.77369e-11 3.22142e-13
#obs surv len freq
 1.75734e-41 2.43907e-33 4.09204e-26 8.29858e-20 2.0343e-14 6.028e-10 2.15913e-06 0.00093483 0.0489253 0.309515 0.237077 0.0439824 0.1524 0.129178 0.0370351 0.0287406 0.00880374 0.00279109 0.000547416 6.39835e-05 3.25828e-06 5.2817e-08 2.02676e-10 1.47841e-13 1.77554e-17
 2.17473e-41 3.01839e-33 5.06397e-26 1.02696e-19 2.51748e-14 7.45975e-10 2.67196e-06 0.00115687 0.0605458 0.38303 0.293183 0.0419837 0.0970699 0.0777235 0.0224574 0.0163028 0.00482135 0.00143485 0.000259609 2.65946e-05 1.12158e-06 1.4227e-08 4.10226e-11 2.19268e-14 1.89863e-18
 1.72796e-41 2.3983e-33 4.02365e-26 8.15987e-20 2.0003e-14 5.92724e-10 2.12304e-06 0.000919204 0.0481075 0.304343 0.233321 0.0512044 0.181316 0.135393 0.0263108 0.0139155 0.00390152 0.00107318 0.000177416 1.58543e-05 5.51209e-07 5.45571e-09 1.17892e-11 4.60526e-15 2.87258e-19
 2.09659e-41 2.90993e-33 4.88202e-26 9.90063e-20 2.42702e-14 7.19171e-10 2.57595e-06 0.0011153 0.0583703 0.369268 0.282798 0.0458008 0.112851 0.0808849 0.0275155 0.0173906 0.00326541 0.000637534 9.3118e-05 7.16183e-06 2.0397e-07 1.57155e-09 2.54399e-12 7.26255e-16 3.26168e-20
 2.37047e-41 3.29006e-33 5.51976e-26 1.1194e-19 2.74407e-14 8.13117e-10 2.91245e-06 0.00126099 0.0659953 0.417505 0.319605 0.0443203 0.0793245 0.0522276 0.0116298 0.00604658 0.00170759 0.000341159 3.16344e-05 1.86786e-06 4.2768e-08 2.55197e-10 3.09353e-13 6.4622e-17 2.0927e-21
 1.32056e-41 1.83285e-33 3.07499e-26 6.23602e-20 1.52869e-14 4.52978e-10 1.62249e-06 0.000702484 0.0367652 0.232591 0.179194 0.0711883 0.272061 0.166297 0.0279775 0.0107545 0.00203244 0.00039217 4.18226e-05 1.7156e-06 2.69864e-08 1.20532e-10 1.08815e-13 1.66355e-17 3.89142e-22
 2.21475e-41 3.07393e-33 5.15716e-26 1.04586e-19 2.56381e-14 7.59703e-10 2.72113e-06 0.00117816 0.06166 0.39008 0.2988 0.0467785 0.0890192 0.0565036 0.0351668 0.0180434 0.00244573 0.000296711 2.47069e-05 9.87943e-07 1.15099e-08 3.39142e-11 2.14924e-14 2.37136e-18 3.99944e-23
 1.98578e-41 2.75613e-33 4.62398e-26 9.37734e-20 2.29875e-14 6.8116e-10 2.43981e-06 0.00105635 0.0552852 0.349753 0.268485 0.061037 0.155332 0.082716 0.0159348 0.00732878 0.00267135 0.000379036 1.92653e-05 5.29195e-07 5.14191e-09 1.14182e-11 4.8319e-15 3.57376e-19 4.18813e-24
 2.03332e-41 2.82212e-33 4.73468e-26 9.60184e-20 2.35378e-14 6.97468e-10 2.49822e-06 0.00108164 0.0566088 0.358127 0.274963 0.0613125 0.142352 0.073133 0.0225325 0.00836151 0.00126592 0.000239933 1.86716e-05 3.70751e-07 2.27618e-09 3.73182e-12 1.18264e-15 6.10446e-20 4.78871e-25
 1.98323e-41 2.7526e-33 4.61805e-26 9.36531e-20 2.2958e-14 6.80286e-10 2.43668e-06 0.001055 0.0552143 0.349307 0.268522 0.0670078 0.154178 0.0736022 0.0216649 0.0078503 0.00142712 0.000158601 1.04275e-05 2.61996e-07 1.36377e-09 1.43761e-12 3.05322e-16 1.13066e-20 6.37634e-26
 2.09721e-41 2.91079e-33 4.88346e-26 9.90356e-20 2.42774e-14 7.19384e-10 2.57672e-06 0.00111563 0.0583876 0.369382 0.283906 0.0659033 0.133421 0.0603386 0.019753 0.00654525 0.00111568 0.00012354 5.93467e-06 1.11078e-07 5.7965e-10 5.50778e-13 8.37083e-17 2.02808e-21 7.66759e-27
 2.05226e-41 2.8484e-33 4.77879e-26 9.69128e-20 2.3757e-14 7.03965e-10 2.52149e-06 0.00109172 0.0571361 0.361468 0.27828 0.0729011 0.145594 0.0603181 0.0170796 0.00515976 0.000878332 8.74386e-05 3.74806e-06 5.28113e-08 1.96495e-10 1.56017e-13 2.07441e-17 4.01886e-22 1.08638e-27
 1.99646e-41 2.77096e-33 4.64886e-26 9.42779e-20 2.31111e-14 6.84825e-10 2.45293e-06 0.00106203 0.0555826 0.351643 0.27126 0.0796717 0.154435 0.0611219 0.01928 0.00513481 0.00073695 6.62645e-05 2.49257e-06 2.89456e-08 8.06376e-11 4.49021e-14 4.40348e-18 6.76433e-23 1.47852e-28
 1.86696e-41 2.59122e-33 4.3473e-26 8.81624e-20 2.1612e-14 6.40402e-10 2.29382e-06 0.000993143 0.0519772 0.32884 0.254671 0.0913925 0.17563 0.0668269 0.0229458 0.00584048 0.000817651 6.05481e-05 1.8757e-06 1.79469e-08 3.93151e-11 1.62926e-14 1.1308e-18 1.21477e-23 1.90902e-29
 1.68787e-41 2.34266e-33 3.93029e-26 7.97055e-20 1.95389e-14 5.78972e-10 2.07378e-06 0.000897877 0.0469913 0.297308 0.231759 0.10648 0.201431 0.076394 0.0302067 0.00742061 0.00103758 7.03262e-05 1.77871e-06 1.31486e-08 2.23152e-11 7.0479e-15 3.62622e-19 2.8065e-24 3.10501e-30
 1.91293e-41 2.65502e-33 4.45434e-26 9.03332e-20 2.21441e-14 6.5617e-10 2.3503e-06 0.0010176 0.053257 0.336946 0.261717 0.0954065 0.154575 0.0609564 0.0280455 0.00699873 0.00101242 6.45143e-05 1.42495e-06 8.34173e-09 1.05727e-11 2.47191e-15 9.42116e-20 5.36322e-25 4.31277e-31
 1.86945e-41 2.59468e-33 4.35311e-26 8.82801e-20 2.16408e-14 6.41257e-10 2.29688e-06 0.00099447 0.0520466 0.329302 0.257168 0.109211 0.168283 0.0565112 0.0203629 0.00526185 0.000805853 5.02236e-05 9.97248e-07 4.84989e-09 4.7649e-12 8.22299e-16 2.26691e-20 9.31537e-26 5.41896e-32
 1.83628e-41 2.54863e-33 4.27586e-26 8.67136e-20 2.12568e-14 6.29878e-10 2.25612e-06 0.000976823 0.0511231 0.323472 0.253824 0.117165 0.16872 0.0580139 0.0216602 0.00441604 0.000589619 3.63456e-05 6.66286e-07 2.76987e-09 2.18535e-12 2.89024e-16 5.89499e-21 1.75118e-26 7.28011e-33
 1.8597e-41 2.58114e-33 4.33039e-26 8.78194e-20 2.15279e-14 6.37911e-10 2.28489e-06 0.00098928 0.051775 0.327612 0.257951 0.121435 0.160443 0.0548038 0.0204133 0.0040897 0.000462566 2.29647e-05 3.72284e-07 1.34261e-09 8.70433e-13 9.05796e-17 1.40777e-21 3.11107e-27 9.44671e-34
 1.94313e-41 2.69694e-33 4.52468e-26 9.17596e-20 2.24938e-14 6.66532e-10 2.38741e-06 0.00103367 0.0540981 0.342321 0.269861 0.121187 0.144205 0.0472769 0.0164994 0.00316754 0.000333785 1.37175e-05 1.71663e-07 4.981e-10 2.63413e-13 2.18695e-17 2.6393e-22 4.43017e-28 1.00445e-34
 1.94294e-41 2.69667e-33 4.52422e-26 9.17502e-20 2.24915e-14 6.66464e-10 2.38717e-06 0.00103356 0.0540926 0.342314 0.271476 0.129608 0.14231 0.0431975 0.0134043 0.00233204 0.000221234 7.91043e-06 7.85843e-08 1.70556e-10 6.79375e-14 4.33794e-18 4.04369e-23 5.19874e-29 8.91802e-36
 1.97256e-41 2.73778e-33 4.59319e-26 9.3149e-20 2.28344e-14 6.76625e-10 2.42356e-06 0.00104932 0.0549173 0.347559 0.276743 0.132301 0.133001 0.0405931 0.0118953 0.00179047 0.000144091 4.33369e-06 3.50011e-08 5.84541e-11 1.71419e-14 7.95505e-19 5.43389e-24 5.18002e-30 6.63255e-37
 1.9089e-41 2.64943e-33 4.44497e-26 9.0143e-20 2.20975e-14 6.54789e-10 2.34535e-06 0.00101546 0.0531452 0.336402 0.271129 0.147108 0.138581 0.0401758 0.0108288 0.00150736 0.000101755 2.43686e-06 1.54909e-08 2.0018e-11 4.42373e-15 1.50628e-19 7.41542e-25 5.06228e-31 4.65189e-38
 1.95899e-41 2.71895e-33 4.5616e-26 9.25084e-20 2.26773e-14 6.71971e-10 2.40689e-06 0.0010421 0.0545398 0.345264 0.279107 0.145591 0.125525 0.0379116 0.00973888 0.00120643 6.99828e-05 1.34321e-06 6.48283e-09 6.28177e-12 1.03653e-15 2.61368e-20 9.42083e-26 4.65425e-32 3.06602e-39
 1.94235e-41 2.69586e-33 4.52286e-26 9.17227e-20 2.24848e-14 6.66264e-10 2.38645e-06 0.00103325 0.0540769 0.342411 0.279902 0.155295 0.123496 0.0346004 0.00817697 0.000957253 4.749e-05 7.33993e-07 2.7166e-09 1.94392e-12 2.33537e-16 4.28113e-21 1.12209e-26 4.02459e-33 1.9182e-40
 1.87389e-41 2.60083e-33 4.36344e-26 8.84897e-20 2.16922e-14 6.4278e-10 2.30233e-06 0.000996831 0.0521711 0.330468 0.274999 0.169615 0.12722 0.0359396 0.0077561 0.00079806 3.44578e-05 4.35313e-07 1.24075e-09 6.61584e-13 5.79058e-17 7.63087e-22 1.43077e-27 3.6709e-34 1.25334e-41
 1.79255e-41 2.48794e-33 4.17403e-26 8.46486e-20 2.07506e-14 6.14878e-10 2.20239e-06 0.000953561 0.049907 0.316296 0.269188 0.184491 0.131663 0.0387468 0.00798448 0.000741397 2.67039e-05 2.73288e-07 6.08906e-10 2.44193e-13 1.5686e-17 1.49584e-22 2.0107e-28 3.67576e-35 8.91286e-43
 1.82039e-41 2.52658e-33 4.23887e-26 8.59634e-20 2.10729e-14 6.24429e-10 2.2366e-06 0.000968372 0.0506827 0.321322 0.27547 0.182624 0.122631 0.0379876 0.00762499 0.000665123 2.04727e-05 1.66853e-07 2.86253e-10 8.68001e-14 4.13785e-18 2.88066e-23 2.79504e-29 3.66213e-36 6.33442e-44
#pred catch len freq
 2.56617e-27 2.59649e-27 4.03947e-26 7.9817e-20 1.95662e-14 5.79781e-10 2.07668e-06 0.000899122 0.0470568 0.297694 0.227901 0.0369316 0.120994 0.111858 0.0296644 0.0399298 0.0187899 0.0166926 0.0113226 0.00932555 0.00779269 0.00707034 0.00736357 0.00666402 0.00204771
 2.56868e-27 2.60292e-27 4.55544e-26 9.06996e-20 2.22339e-14 6.58831e-10 2.35982e-06 0.00102171 0.0534727 0.338283 0.258945 0.0401029 0.12332 0.113577 0.0225858 0.0230477 0.00896288 0.0056728 0.00316229 0.00220618 0.00160775 0.00129746 0.00122624 0.00112524 0.000380476
 2.56845e-27 2.60218e-27 4.47588e-26 8.90207e-20 2.18224e-14 6.46635e-10 2.31614e-06 0.0010028 0.0524829 0.332022 0.254186 0.0415616 0.137765 0.126775 0.0226145 0.0197046 0.00661795 0.00269576 0.00109981 0.00055285 0.000317194 0.000214451 0.000175984 0.000155342 5.47528e-05
 2.56802e-27 2.60102e-27 4.37475e-26 8.68873e-20 2.12994e-14 6.31139e-10 2.26063e-06 0.000978768 0.0512252 0.324065 0.248114 0.0417602 0.143543 0.13216 0.0245497 0.0227466 0.00729658 0.00238755 0.000747385 0.00023564 8.71468e-05 4.28415e-05 2.81409e-05 2.24226e-05 7.91827e-06
 2.57114e-27 2.60952e-27 5.12644e-26 1.02745e-19 2.51866e-14 7.46325e-10 2.67321e-06 0.0011574 0.060574 0.383208 0.293239 0.0395242 0.0948228 0.0872021 0.0166028 0.0159377 0.00520008 0.0018298 0.000529607 0.000127027 2.84438e-05 7.92874e-06 3.45474e-06 2.24783e-06 7.63745e-07
 2.56825e-27 2.60155e-27 4.41231e-26 8.76793e-20 2.14935e-14 6.36891e-10 2.28124e-06 0.000987689 0.0516921 0.327018 0.25038 0.0424347 0.147083 0.135243 0.0217547 0.0155964 0.00513573 0.00192267 0.000576282 0.000142466 2.55832e-05 4.08414e-06 8.57206e-07 3.65392e-07 1.1229e-07
 2.56755e-27 2.59976e-27 4.26304e-26 8.45307e-20 2.07217e-14 6.1402e-10 2.19932e-06 0.000952221 0.0498358 0.315275 0.241408 0.042105 0.150879 0.138944 0.0260275 0.0243902 0.00750182 0.00193141 0.000567396 0.000148609 2.77403e-05 3.72738e-06 3.88878e-07 7.04264e-08 1.6824e-08
 2.56996e-27 2.60631e-27 4.84222e-26 9.6749e-20 2.37168e-14 7.02773e-10 2.51721e-06 0.00108986 0.0570392 0.360846 0.276178 0.040398 0.113459 0.104393 0.0195349 0.0183009 0.00597087 0.00209539 0.000560823 0.000108459 2.03907e-05 2.85629e-06 2.41968e-07 1.66179e-08 2.01978e-09
 2.56909e-27 2.60386e-27 4.61841e-26 9.20273e-20 2.25594e-14 6.68475e-10 2.39436e-06 0.00103667 0.0542555 0.343235 0.262751 0.0417076 0.132859 0.122146 0.0199785 0.0148373 0.00482721 0.00171104 0.000509622 0.000122401 1.8554e-05 2.27192e-06 1.95963e-07 9.19165e-09 3.759e-10
 2.56948e-27 2.60494e-27 4.71731e-26 9.41137e-20 2.30708e-14 6.8363e-10 2.44865e-06 0.00106017 0.0554855 0.351017 0.268683 0.0410914 0.124001 0.11406 0.0201276 0.0171983 0.00531581 0.00142285 0.000411044 0.000102963 1.8778e-05 2.21695e-06 1.59309e-07 7.0391e-09 1.52335e-10
 2.56994e-27 2.60619e-27 4.82541e-26 9.6394e-20 2.36298e-14 7.00194e-10 2.50798e-06 0.00108586 0.0568299 0.359521 0.275175 0.0409662 0.118488 0.10892 0.0182843 0.0142949 0.00453993 0.00142076 0.00037991 7.53933e-05 1.36802e-05 1.8416e-06 1.36892e-07 5.15308e-09 9.35888e-11
 2.57011e-27 2.60663e-27 4.86453e-26 9.72194e-20 2.38322e-14 7.0619e-10 2.52945e-06 0.00109516 0.0573166 0.3626 0.277524 0.0408346 0.115835 0.10648 0.0179755 0.0141999 0.00443135 0.00126289 0.000351555 7.71543e-05 1.17953e-05 1.42728e-06 1.16813e-07 4.57781e-09 7.25685e-11
 2.5696e-27 2.60523e-27 4.73754e-26 9.45402e-20 2.31754e-14 6.86729e-10 2.45975e-06 0.00106498 0.055737 0.352608 0.269904 0.041445 0.125835 0.115653 0.0186278 0.0133769 0.00416607 0.00118321 0.00031884 6.57166e-05 1.08289e-05 1.2314e-06 8.77749e-08 3.64115e-09 5.94867e-11
 2.56938e-27 2.60465e-27 4.68769e-26 9.34887e-20 2.29176e-14 6.7909e-10 2.43239e-06 0.00105313 0.055117 0.348686 0.266909 0.0414627 0.128073 0.117753 0.0196263 0.0151216 0.00463115 0.00117716 0.00031211 6.34848e-05 9.9035e-06 1.14077e-06 7.94752e-08 2.93159e-09 4.90676e-11
 2.56903e-27 2.60369e-27 4.60244e-26 9.16903e-20 2.24768e-14 6.66027e-10 2.3856e-06 0.00103287 0.0540568 0.341978 0.261793 0.0417935 0.134186 0.123374 0.0202583 0.0151513 0.00469137 0.00127971 0.000331389 6.12983e-05 9.34767e-06 1.0349e-06 7.10151e-08 2.55611e-09 3.91075e-11
 2.56938e-27 2.60462e-27 4.68449e-26 9.34212e-20 2.29011e-14 6.786e-10 2.43063e-06 0.00105237 0.0550773 0.348434 0.266719 0.0415667 0.128999 0.118584 0.0193571 0.0142993 0.00439402 0.00114625 0.000301194 5.85166e-05 8.39232e-06 8.72185e-07 5.76744e-08 2.02629e-09 3.00208e-11
 2.56995e-27 2.60617e-27 4.82137e-26 9.63088e-20 2.36089e-14 6.99575e-10 2.50576e-06 0.0010849 0.0567797 0.359204 0.274937 0.0412015 0.120445 0.110681 0.0177772 0.0126843 0.00388717 0.00100003 0.000258742 4.8705e-05 7.21413e-06 7.39789e-07 4.54311e-08 1.52634e-09 2.19797e-11
 2.56949e-27 2.60491e-27 4.70711e-26 9.38983e-20 2.3018e-14 6.82066e-10 2.44305e-06 0.00105775 0.0553586 0.350214 0.26808 0.0417286 0.129274 0.118786 0.0184435 0.0121615 0.00369783 0.000912406 0.000233676 4.32816e-05 6.24095e-06 6.41475e-07 3.94325e-08 1.24183e-09 1.69919e-11
 2.56957e-27 2.60512e-27 4.72809e-26 9.43409e-20 2.31265e-14 6.8528e-10 2.45456e-06 0.00106273 0.0556195 0.351864 0.269337 0.0415116 0.12674 0.116486 0.0187389 0.0134116 0.0040362 0.000914569 0.000228371 4.07609e-05 5.77902e-06 5.79819e-07 3.52871e-08 1.10782e-09 1.43666e-11
 2.57034e-27 2.60724e-27 4.91501e-26 9.8284e-20 2.40931e-14 7.13923e-10 2.55715e-06 0.00110715 0.0579442 0.366571 0.280558 0.0409526 0.114602 0.105283 0.0167084 0.011604 0.00353435 0.00087459 0.000216545 3.57852e-05 4.87629e-06 4.74639e-07 2.81984e-08 8.72746e-10 1.12104e-11
 2.57105e-27 2.60913e-27 5.08078e-26 1.01781e-19 2.49504e-14 7.39325e-10 2.64814e-06 0.00114654 0.0600059 0.379614 0.290512 0.0406379 0.105213 0.0965768 0.0143991 0.00852687 0.00257159 0.000609116 0.000153322 2.71373e-05 3.55806e-06 3.24467e-07 1.85409e-08 5.5868e-10 7.05987e-12
 2.57123e-27 2.60961e-27 5.12198e-26 1.0265e-19 2.51635e-14 7.45638e-10 2.67075e-06 0.00115633 0.0605183 0.382855 0.292987 0.0406097 0.10326 0.0947538 0.0137087 0.00740785 0.00218041 0.000434288 0.000104751 1.79687e-05 2.45601e-06 2.2696e-07 1.21481e-08 3.48771e-10 4.27929e-12
 2.57102e-27 2.60904e-27 5.07156e-26 1.01587e-19 2.49027e-14 7.37912e-10 2.64308e-06 0.00114435 0.0598912 0.378888 0.28996 0.0407569 0.106507 0.0977524 0.0142813 0.00795721 0.00232204 0.000424206 9.6379e-05 1.41652e-05 1.83588e-06 1.70792e-07 9.37827e-09 2.56218e-10 2.98018e-12
 2.57122e-27 2.60958e-27 5.11883e-26 1.02584e-19 2.51472e-14 7.45156e-10 2.66903e-06 0.00115559 0.0604792 0.382608 0.292799 0.040652 0.103714 0.095166 0.0136558 0.00718234 0.00209648 0.000388945 8.70314e-05 1.1701e-05 1.34788e-06 1.1155e-07 6.02604e-09 1.6764e-10 1.88184e-12
 2.57141e-27 2.6101e-27 5.16473e-26 1.03552e-19 2.53845e-14 7.52189e-10 2.69421e-06 0.00116649 0.06105 0.386219 0.295554 0.0405148 0.100734 0.0924165 0.0131731 0.0067732 0.00196412 0.000344164 7.62957e-05 1.03446e-05 1.13569e-06 8.33371e-08 3.93473e-09 1.04848e-10 1.18558e-12
 2.5714e-27 2.61007e-27 5.16158e-26 1.03486e-19 2.53683e-14 7.51707e-10 2.69249e-06 0.00116574 0.0610109 0.385971 0.295366 0.0405518 0.101148 0.092792 0.0131231 0.00656448 0.00189803 0.000325223 7.08996e-05 9.14462e-06 9.96984e-07 7.14858e-08 3.02687e-09 7.02115e-11 7.45561e-13
 2.57132e-27 2.60983e-27 5.13993e-26 1.03029e-19 2.52563e-14 7.48389e-10 2.6806e-06 0.0011606 0.0607416 0.384268 0.294067 0.0406727 0.102981 0.0944704 0.0131821 0.0062762 0.00180596 0.000298622 6.42616e-05 8.0944e-06 8.52944e-07 5.90724e-08 2.44887e-09 5.16988e-11 4.79474e-13
 2.57104e-27 2.60909e-27 5.07363e-26 1.0163e-19 2.49134e-14 7.38228e-10 2.64421e-06 0.00114484 0.0599169 0.379051 0.290087 0.0409178 0.107643 0.0987614 0.013754 0.0064995 0.00186087 0.000292055 6.16042e-05 7.50395e-06 7.73986e-07 5.18622e-08 2.06543e-09 4.22791e-11 3.60915e-13
#obs catch len freq
 1.73805e-41 2.4123e-33 4.04714e-26 8.20752e-20 2.01198e-14 5.96186e-10 2.13544e-06 0.000924572 0.0483884 0.306119 0.234486 0.0440997 0.154858 0.131281 0.0377735 0.0293931 0.00908618 0.00292452 0.000588932 7.11788e-05 3.7835e-06 6.39685e-08 2.54727e-10 1.92255e-13 2.38511e-17
 1.76051e-41 2.44347e-33 4.09942e-26 8.31355e-20 2.03797e-14 6.03887e-10 2.16303e-06 0.000936516 0.0490135 0.310074 0.237562 0.0459319 0.156114 0.125281 0.0369064 0.0270819 0.00813253 0.00245923 0.00045431 4.79418e-05 2.09789e-06 2.76929e-08 8.28357e-11 4.56875e-14 4.06646e-18
 2.18354e-41 3.03061e-33 5.08448e-26 1.03112e-19 2.52768e-14 7.48997e-10 2.68279e-06 0.00116155 0.0607911 0.384582 0.294411 0.0432622 0.0983697 0.0743769 0.0221023 0.015097 0.00437835 0.00123641 0.000209387 1.91914e-05 6.88444e-07 7.05228e-09 1.57627e-11 6.34813e-15 4.06523e-19
 1.74516e-41 2.42217e-33 4.0637e-26 8.24109e-20 2.02021e-14 5.98625e-10 2.14418e-06 0.000928354 0.0485863 0.307372 0.235725 0.0537014 0.182892 0.128305 0.0251906 0.0127351 0.0035004 0.000909466 0.000139839 1.10792e-05 3.2437e-07 2.57186e-09 4.2849e-12 1.25708e-15 5.78778e-20
 2.11568e-41 2.93643e-33 4.92646e-26 9.99077e-20 2.44912e-14 7.25719e-10 2.59941e-06 0.00112545 0.0589018 0.37263 0.28543 0.0474137 0.11275 0.076097 0.0267238 0.0155233 0.00280022 0.000526707 7.12528e-05 4.81733e-06 1.14438e-07 7.00897e-10 8.70297e-13 1.86013e-16 6.15512e-21
 2.38684e-41 3.31278e-33 5.55788e-26 1.12713e-19 2.76302e-14 8.18733e-10 2.93257e-06 0.0012697 0.0664511 0.420389 0.321856 0.0454115 0.0782903 0.0482475 0.0109467 0.00536838 0.00147495 0.000267868 2.30566e-05 1.20284e-06 2.27964e-08 1.07371e-10 9.93526e-14 1.54917e-17 3.68971e-22
 1.35551e-41 1.88136e-33 3.15637e-26 6.40106e-20 1.56914e-14 4.64966e-10 1.66543e-06 0.000721075 0.0377382 0.238747 0.184108 0.0756128 0.271006 0.154421 0.0261148 0.00945047 0.00173273 0.000314805 2.98849e-05 1.06136e-06 1.39022e-08 4.88545e-11 3.35258e-14 3.81481e-18 6.55152e-23
 2.24404e-41 3.11458e-33 5.22536e-26 1.05969e-19 2.59771e-14 7.69749e-10 2.75712e-06 0.00119374 0.0624754 0.395238 0.302813 0.0481542 0.0868285 0.0524199 0.033368 0.0152955 0.0019681 0.000224875 1.70852e-05 5.80285e-07 5.50581e-09 1.2779e-11 6.1555e-15 5.04462e-19 6.23567e-24
 2.02333e-41 2.80825e-33 4.71142e-26 9.55467e-20 2.34222e-14 6.94041e-10 2.48594e-06 0.00107633 0.0563307 0.356368 0.273685 0.0633694 0.150858 0.0747206 0.0146028 0.0064777 0.00222069 0.000275645 1.26351e-05 3.00006e-07 2.35921e-09 4.07168e-12 1.30685e-15 7.1821e-20 6.16262e-25
 2.0728e-41 2.8769e-33 4.8266e-26 9.78825e-20 2.39948e-14 7.11008e-10 2.54672e-06 0.00110264 0.0577078 0.36508 0.28043 0.0634808 0.137329 0.0660406 0.0206676 0.00693442 0.00103044 0.000181195 1.19063e-05 1.97563e-07 9.90309e-10 1.26304e-12 3.01964e-16 1.156e-20 6.64363e-26
 2.02676e-41 2.81301e-33 4.7194e-26 9.57085e-20 2.34618e-14 6.95216e-10 2.49015e-06 0.00107815 0.0564261 0.356974 0.274575 0.069398 0.147994 0.0660751 0.0196911 0.00653953 0.00112593 0.000113682 6.69157e-06 1.3663e-07 5.6132e-10 4.5918e-13 7.37382e-17 2.02236e-21 8.34733e-27
 2.14016e-41 2.9704e-33 4.98346e-26 1.01064e-19 2.47746e-14 7.34115e-10 2.62948e-06 0.00113847 0.0595832 0.376948 0.289875 0.0678394 0.126788 0.0537956 0.0177171 0.00535577 0.000867282 8.59984e-05 3.59522e-06 5.61752e-08 2.30022e-10 1.66386e-13 1.89925e-17 3.40989e-22 9.43201e-28
 2.09831e-41 2.91231e-33 4.88601e-26 9.90873e-20 2.42901e-14 7.1976e-10 2.57806e-06 0.00111621 0.0584181 0.36958 0.284721 0.0750112 0.137704 0.0533769 0.0151368 0.00419863 0.000672229 5.96698e-05 2.19693e-06 2.53852e-08 7.46058e-11 4.51177e-14 4.47003e-18 6.38623e-23 1.26369e-28
 2.04651e-41 2.84042e-33 4.7654e-26 9.66413e-20 2.36905e-14 7.01992e-10 2.51442e-06 0.00108866 0.056976 0.360461 0.278302 0.0819344 0.145471 0.0541247 0.0169338 0.00410548 0.000554109 4.43147e-05 1.417e-06 1.33542e-08 2.90868e-11 1.23215e-14 9.0022e-19 1.01587e-23 1.61878e-29
 1.92345e-41 2.66962e-33 4.47884e-26 9.08299e-20 2.22659e-14 6.59779e-10 2.36322e-06 0.00102319 0.0535499 0.338794 0.262694 0.0940991 0.165122 0.0593799 0.0200352 0.00465671 0.000603175 3.94102e-05 1.03514e-06 7.97606e-09 1.35619e-11 4.2524e-15 2.19392e-19 1.72988e-24 1.97728e-30
 1.75109e-41 2.4304e-33 4.07749e-26 8.26907e-20 2.02707e-14 6.00657e-10 2.15145e-06 0.000931506 0.0487513 0.308449 0.24086 0.109917 0.189509 0.0685743 0.0262871 0.00591568 0.000758103 4.48096e-05 9.49058e-07 5.62776e-09 7.38173e-12 1.75644e-15 6.69788e-20 3.79957e-25 3.05677e-31
 1.9728e-41 2.73811e-33 4.59375e-26 9.31603e-20 2.28371e-14 6.76706e-10 2.42385e-06 0.00104944 0.0549238 0.347497 0.270272 0.0974949 0.143696 0.0547313 0.0240395 0.00552839 0.000723649 3.98736e-05 7.28149e-07 3.38576e-09 3.3022e-12 5.80216e-16 1.63509e-20 6.81005e-26 3.97805e-32
 1.93056e-41 2.67949e-33 4.49539e-26 9.11657e-20 2.23482e-14 6.62218e-10 2.37196e-06 0.00102697 0.0537478 0.340073 0.26604 0.111338 0.155685 0.049972 0.0173454 0.0041673 0.0005708 3.04538e-05 4.941e-07 1.89028e-09 1.41933e-12 1.83425e-16 3.73222e-21 1.12047e-26 4.72857e-33
 1.89986e-41 2.63688e-33 4.42391e-26 8.9716e-20 2.19928e-14 6.51687e-10 2.33424e-06 0.00101064 0.0528932 0.334683 0.263147 0.119131 0.155603 0.0515405 0.0181352 0.00341871 0.000413542 2.16453e-05 3.20412e-07 1.03776e-09 6.21508e-13 6.12832e-17 9.2028e-22 1.99484e-27 6.01191e-34
 1.92384e-41 2.67017e-33 4.47976e-26 9.08487e-20 2.22705e-14 6.59915e-10 2.36371e-06 0.0010234 0.053561 0.338925 0.267427 0.122899 0.147177 0.0485963 0.0169416 0.00311983 0.000313947 1.33025e-05 1.73425e-07 4.82932e-10 2.36041e-13 1.82289e-17 2.07974e-22 3.34792e-28 7.3633e-35
 2.00501e-41 2.78282e-33 4.66876e-26 9.46815e-20 2.32101e-14 6.87757e-10 2.46343e-06 0.00106658 0.0558208 0.353238 0.279044 0.121854 0.131261 0.0415824 0.0135206 0.00238305 0.000220768 7.6303e-06 7.66494e-08 1.71373e-10 6.79772e-14 4.1693e-18 3.68186e-23 4.49226e-29 7.3675e-36
 2.00475e-41 2.78246e-33 4.66815e-26 9.46691e-20 2.3207e-14 6.87666e-10 2.46311e-06 0.00106644 0.0558135 0.353224 0.280781 0.12979 0.128908 0.037685 0.0108531 0.00172816 0.000143331 4.26079e-06 3.36187e-08 5.60148e-11 1.67073e-14 7.85904e-19 5.34453e-24 4.98254e-30 6.17212e-37
 2.03396e-41 2.82301e-33 4.73618e-26 9.60488e-20 2.35452e-14 6.97689e-10 2.49901e-06 0.00108198 0.056627 0.358403 0.286056 0.131816 0.119898 0.0352449 0.00947934 0.00129819 9.08772e-05 2.25696e-06 1.43595e-08 1.82891e-11 4.00302e-15 1.36635e-19 6.79706e-25 4.68844e-31 4.32581e-38
 1.97312e-41 2.73856e-33 4.59451e-26 9.31756e-20 2.28409e-14 6.76818e-10 2.42425e-06 0.00104962 0.0549332 0.347754 0.281067 0.146151 0.124641 0.0347037 0.00856049 0.0010743 6.23955e-05 1.2268e-06 6.11237e-09 5.99441e-12 9.84991e-16 2.46144e-20 8.81499e-26 4.35042e-32 2.87732e-39
 2.02185e-41 2.80619e-33 4.70797e-26 9.54767e-20 2.3405e-14 6.93532e-10 2.48412e-06 0.00107554 0.05629 0.356383 0.288873 0.14388 0.112463 0.0325665 0.00758337 0.000841988 4.16312e-05 6.49502e-07 2.44461e-09 1.79194e-12 2.19244e-16 4.04831e-21 1.05993e-26 3.78275e-33 1.79294e-40
 2.00566e-41 2.78373e-33 4.67029e-26 9.47124e-20 2.32176e-14 6.87981e-10 2.46424e-06 0.00106693 0.0558397 0.353624 0.289915 0.152862 0.110206 0.0294831 0.00631702 0.000655925 2.74545e-05 3.42137e-07 9.81103e-10 5.29159e-13 4.70389e-17 6.3037e-22 1.19834e-27 3.10119e-34 1.06264e-41
 1.93993e-41 2.69249e-33 4.51721e-26 9.16081e-20 2.24566e-14 6.65431e-10 2.38347e-06 0.00103196 0.0540099 0.342183 0.285686 0.16657 0.113565 0.0304764 0.00591798 0.00053769 1.942e-05 1.95933e-07 4.30169e-10 1.72232e-13 1.1129e-17 1.07068e-22 1.45456e-28 2.69003e-35 6.59647e-43
 1.8614e-41 2.58349e-33 4.33435e-26 8.78996e-20 2.15476e-14 6.38494e-10 2.28698e-06 0.000990185 0.0518242 0.328536 0.280631 0.180907 0.1178 0.0327652 0.0060396 0.000489821 1.46489e-05 1.18929e-07 2.02867e-10 6.08568e-14 2.87958e-18 2.002e-23 1.94826e-29 2.56595e-36 4.46677e-44
#spawning biomass
 6213.5 7806.42 9707.47 11537.7 18232.2 30738.1 31895.7 34714.5 44040.3 55566.3 70523.5 104829 127529 145231 141138 122793 116160 108155 101087 98375.4 98190.2 106617 123146 123732 130421 138708 133842 122725 131062 151881 88882.2 48756 30006.5 22315.8 19402.4 18356.3 17994.5 17872.8 17832.6 17819.6 17815.4 17814.1 17813.7 17813.5 17813.5 17813.5 17813.5 17813.5 17813.5 17813.5 17813.5 17813.5 17813.5 17813.5 17813.5 17813.5 17813.5 17813.5 17813.5 17813.5 17813.5 17813.5 17813.5 17813.5 17813.5 17813.5 17813.5 17813.5 17813.5 17813.5 17813.5 17813.5 17813.5 17813.5 17813.5 17813.5 17813.5 17813.5 17813.5 17813.5 17813.5 17813.5 17813.5 17813.5 17813.5 17813.5 17813.5 17813.5 17813.5 17813.5 17813.5 17813.5 17813.5 17813.5 17813.5 17813.5 17813.5 17813.5 17813.5 17813.5 17813.5 17813.5 17813.5 17813.5 17813.5 17813.5 17813.5 17813.5 17813.5 17813.5 17813.5 17813.5 17813.5 17813.5 17813.5 17813.5 17813.5 17813.5 17813.5 17813.5 17813.5 17813.5 17813.5 17813.5 17813.5 17813.5 17813.5 17813.5 0 0 0 0 0 0 0 0 0 0 0 0 0 0 0 0 0 0 0 0 0 0 0 0 0
