SBPRF35
0.224663
Curr Bio
30676.8
B35
68051.9
F35
0.495151
FOFL
0.217909
OFL
7906.75
Bzero
64189.3
#pred survey bio
 7863.98 6549.98 7475.48 9866.38 12456 15312.8 14397.6 13788.7 22753.6 35311.6 35976.8 40763.6 63068.7 74015.8 66380 56020.7 53344.1 57955.1 55359.9 55356.1 57438.4 60453.7 67490.6 69503.9 78466 78329 73850.6 73180.9 2.64995e+06 1.93211e+06 1.67502e+06 1.29799e+06 1.04567e+06 906918 835787 800101 782076 772726 767680 764831 763150 762118 761465 761041 760765 760582 760460 760379 760324 760287 760262 760245 760234 760226 760221 760218 760215 760214 760213 760212 760211 760211 760211 760211 760211 760211 760211 760211 760210 760210 760210 760210 760210 760210 760210 760210 760210 760210 760210 760210 760210 760210 760210 760210 760210 760210 760210 760210 760210 760210 760210 760210 760210 760210 760210 760210 760210 760210 760210 760210 760210 760210 760210 760210 760210 760210 760210 760210 760210 760210 760210 760210 760210 760210 760210 760210 760210 760210 760210 760210 760210 760210 760210 760210 760210 760210 760210 760210 0 0 0 0 0 0 0 0 0 0 0 0 0 0 0 0 0 0 0 0 0 0 0 0 0
#obs survey bio
 6890.23 5459.99 6767.48 10280.1 13941.5 17170.6 7958.24 14523.7 32903 35991.7 31018.5 59201.6 68237.4 71431.6 58107 51117.6 70805.2 49468.6 56570.2 61864.7 59501.8 71983.4 59688.4 90704.6 74862.4 107276 94596.2 74931.6
#pred catch bio
 4690.08 3509.71 3544.35 5067.47 5862.6 8493.75 9000.88 7360.17 8727.32 19579.1 23469.6 18967.9 33087.5 44837.5 42779.8 36415.1 30285.1 36936.3 34248.6 33426.2 35497.1 33627.8 41869.3 39718.1 46823.8 48152.5 45358.4 43611.2 7906.75 25236.3 23007.8 16926.3 12927.5 10854.7 9870.8 9425.68 9230.27 9146.17 9110.46 9095.43 9089.14 9086.52 9085.43 9084.98 9084.79 9084.72 9084.69 9084.67 9084.67 9084.67 9084.66 9084.66 9084.66 9084.66 9084.66 9084.66 9084.66 9084.66 9084.66 9084.66 9084.66 9084.66 9084.66 9084.66 9084.66 9084.66 9084.66 9084.66 9084.66 9084.66 9084.66 9084.66 9084.66 9084.66 9084.66 9084.66 9084.66 9084.66 9084.66 9084.66 9084.66 9084.66 9084.66 9084.66 9084.66 9084.66 9084.66 9084.66 9084.66 9084.66 9084.66 9084.66 9084.66 9084.66 9084.66 9084.66 9084.66 9084.66 9084.66 9084.66 9084.66 9084.66 9084.66 9084.66 9084.66 9084.66 9084.66 9084.66 9084.66 9084.66 9084.66 9084.66 9084.66 9084.66 9084.66 9084.66 9084.66 9084.66 9084.66 9084.66 9084.66 9084.66 9084.66 9084.66 9084.66 9084.66 9084.66 9084.66 0 0 0 0 0 0 0 0 0 0 0 0 0 0 0 0 0 0 0 0 0 0 0 0 0
#obs catch bio
 3288.14 3541.99 3556.23 5108.9 5771.13 8370.75 9324.18 7566.67 8453.46 18870.6 24348.3 18501.9 31975.3 44718.3 42943.9 37441.7 29642.1 38071.8 34527.9 33361.2 35889.2 32852.7 42195.1 39364.5 46875.4 48282.4 44865.6 44108.1
#pred cpue bio
 5686.65 4231.61 4596.68 6054.8 7547.71 9838.13 9689.81 8303.05 11936.6 22149.5 23342.9 22173.7 36901.5 46742.4 43450.3 35602.5 31938.2 36270.4 33791.1 34021.6 35127 36173.9 42142.4 41655.8 47912 49404.6 46532.5 44943.1 1.63805e+06 1.57145e+06 1.51237e+06 1.15407e+06 900872 761679 690459 654759 636731 627380 622335 619485 617804 616773 616119 615696 615419 615236 615115 615033 614978 614941 614916 614900 614888 614881 614875 614872 614870 614868 614867 614866 614866 614865 614865 614865 614865 614865 614865 614865 614865 614865 614865 614865 614865 614865 614865 614865 614865 614865 614865 614865 614865 614865 614865 614865 614865 614865 614865 614865 614865 614865 614865 614865 614865 614865 614865 614865 614865 614865 614865 614865 614865 614865 614865 614865 614865 614865 614865 614865 614865 614865 614865 614865 614865 614865 614865 614865 614865 614865 614865 614865 614865 614865 614865 614865 614865 614865 614865 614865 0 0 0 0 0 0 0 0 0 0 0 0 0 0 0 0 0 0 0 0 0 0 0 0 0
#obs cpue bio
 4367.86 4191.43 4050 5954.24 10009.2 10056.1 6995.95 7177.35 21653.3 26298.2 15740.3 28715.5 50026.6 40034.2 41044.9 29923.8 34966.1 20268.3 35254.2 29628.9 33116.1 44871.1 38067.4 40309.6 39718.9 40297.7 49828.5 37257.5
#pred surv len freq
 2.14238e-27 2.16507e-27 5.76463e-27 1.23146e-21 7.32395e-17 1.00142e-12 3.14797e-09 2.27505e-06 0.000377996 0.0144392 0.126806 0.256026 0.119431 0.0284236 0.0964491 0.135714 0.0550807 0.0438427 0.0381978 0.0236717 0.0183357 0.0142455 0.0131138 0.0112643 0.00457893
 2.14281e-27 2.16712e-27 6.02715e-27 1.32056e-21 7.85389e-17 1.07388e-12 3.37576e-09 2.43967e-06 0.000405347 0.015484 0.135981 0.274552 0.128113 0.0315361 0.109872 0.15438 0.0588689 0.0360459 0.0281576 0.0114501 0.00621674 0.00363264 0.00260197 0.00193756 0.000762899
 2.14397e-27 2.17018e-27 6.36287e-27 1.43448e-21 8.53139e-17 1.16652e-12 3.66696e-09 2.65012e-06 0.000440313 0.0168197 0.147711 0.298234 0.13903 0.0306906 0.0975743 0.137077 0.0533293 0.0357427 0.0276536 0.00951896 0.00378339 0.00134123 0.000596149 0.00033462 0.000119937
 2.1438e-27 2.16978e-27 6.31901e-27 1.41959e-21 8.44284e-17 1.15441e-12 3.62889e-09 2.62261e-06 0.000435743 0.0166451 0.146178 0.295139 0.137616 0.0311571 0.101355 0.142348 0.0543982 0.0336348 0.0260443 0.00967709 0.00393015 0.00107611 0.000260564 7.97152e-05 2.25131e-05
 2.14406e-27 2.1704e-27 6.38312e-27 1.44132e-21 8.57211e-17 1.17208e-12 3.68446e-09 2.66277e-06 0.000442415 0.0169 0.148416 0.299658 0.139706 0.0311614 0.100019 0.140441 0.0534076 0.0322269 0.0246259 0.00853124 0.00330838 0.000933178 0.000187175 2.86074e-05 4.44617e-06
 2.14221e-27 2.16589e-27 5.91019e-27 1.28092e-21 7.61813e-17 1.04164e-12 3.27442e-09 2.36643e-06 0.000393179 0.0150192 0.131899 0.266311 0.12433 0.0322713 0.116846 0.164244 0.0629555 0.0394633 0.0303379 0.0105655 0.00404448 0.00108139 0.000208384 2.56113e-05 2.02608e-06
 2.14071e-27 2.16229e-27 5.5389e-27 1.15502e-21 6.86936e-17 9.39262e-13 2.95258e-09 2.13384e-06 0.000354534 0.013543 0.118935 0.240137 0.112243 0.0326355 0.126958 0.178652 0.070136 0.0488428 0.0379788 0.0130684 0.0049376 0.00130517 0.000241953 2.76089e-05 1.69192e-06
 2.1447e-27 2.17205e-27 6.56566e-27 1.50329e-21 8.94063e-17 1.22247e-12 3.84286e-09 2.77724e-06 0.000461435 0.0176265 0.154797 0.31254 0.145611 0.0298223 0.0879618 0.123562 0.0490329 0.0356644 0.0279785 0.00990853 0.00383193 0.000997533 0.000180677 1.99154e-05 1.12376e-06
 2.14738e-27 2.17847e-27 7.22667e-27 1.72742e-21 1.02736e-16 1.40474e-12 4.41581e-09 3.19132e-06 0.000530233 0.0202545 0.177876 0.359136 0.167134 0.0293164 0.0708291 0.0991158 0.0363713 0.0180395 0.013531 0.00508399 0.00209613 0.000566016 0.000104215 1.1292e-05 6.15658e-07
 2.14214e-27 2.16558e-27 5.85938e-27 1.2636e-21 7.51509e-17 1.02755e-12 3.23013e-09 2.33443e-06 0.000387861 0.014816 0.130115 0.26271 0.122732 0.0340369 0.12871 0.180711 0.0653331 0.0293412 0.0211408 0.00673281 0.00239819 0.000682552 0.000135062 1.51265e-05 8.23904e-07
 2.14218e-27 2.16588e-27 5.91727e-27 1.28336e-21 7.63266e-17 1.04363e-12 3.28066e-09 2.37095e-06 0.000393929 0.0150478 0.132151 0.266818 0.124535 0.0314721 0.111814 0.157324 0.0629181 0.0470726 0.0361202 0.0103853 0.00306921 0.00072915 0.000130839 1.53121e-05 8.73935e-07
 2.14674e-27 2.17693e-27 7.06701e-27 1.67328e-21 9.95165e-17 1.36071e-12 4.27741e-09 3.0913e-06 0.000513615 0.0196197 0.172301 0.347881 0.161937 0.0294894 0.0752779 0.105455 0.0395497 0.0222302 0.0168992 0.00603212 0.00224815 0.000485449 6.94597e-05 6.93632e-06 3.8522e-07
 2.14437e-27 2.17105e-27 6.43603e-27 1.4592e-21 8.67843e-17 1.18662e-12 3.73016e-09 2.6958e-06 0.000447903 0.0171096 0.150257 0.303375 0.141466 0.0322854 0.105761 0.148323 0.0533343 0.0230568 0.0165544 0.00543927 0.00197383 0.000519918 8.64337e-05 7.60877e-06 3.51166e-07
 2.14245e-27 2.16642e-27 5.95858e-27 1.2973e-21 7.71556e-17 1.05496e-12 3.31629e-09 2.3967e-06 0.000398207 0.0152113 0.133586 0.269716 0.12592 0.032689 0.118369 0.166329 0.0628979 0.0368454 0.0273824 0.00774839 0.00225332 0.00054543 9.52732e-05 9.75312e-06 4.55442e-07
 2.1414e-27 2.16391e-27 5.70034e-27 1.20974e-21 7.19476e-17 9.83755e-13 3.09245e-09 2.23492e-06 0.000371329 0.0141845 0.124569 0.251512 0.117513 0.0329296 0.125325 0.176228 0.0676465 0.0426611 0.0324696 0.0103453 0.00341073 0.000719074 0.000102614 1.01045e-05 5.13081e-07
 2.14266e-27 2.167e-27 6.02869e-27 1.32113e-21 7.85724e-17 1.07434e-12 3.37719e-09 2.44071e-06 0.00040552 0.0154906 0.136039 0.274669 0.128176 0.0317789 0.111321 0.156485 0.0606351 0.0399142 0.0306333 0.0100141 0.00349043 0.00081452 0.000120669 1.02626e-05 4.6484e-07
 2.14413e-27 2.17053e-27 6.38998e-27 1.44363e-21 8.58579e-17 1.17395e-12 3.69034e-09 2.66702e-06 0.000443121 0.0169269 0.148653 0.300136 0.139945 0.0316354 0.102768 0.144242 0.0537564 0.0291709 0.0218249 0.00721012 0.00255946 0.000617761 9.86027e-05 8.9491e-06 3.86531e-07
 2.14264e-27 2.16686e-27 6.00293e-27 1.31233e-21 7.80494e-17 1.06719e-12 3.35471e-09 2.42446e-06 0.000402821 0.0153875 0.135134 0.272841 0.127371 0.0328413 0.118357 0.166245 0.0619438 0.0335581 0.0249052 0.00771971 0.00255402 0.000623354 0.000103306 9.93325e-06 4.57008e-07
 2.14362e-27 2.16929e-27 6.26194e-27 1.4002e-21 8.32755e-17 1.13864e-12 3.57934e-09 2.5868e-06 0.000429793 0.0164178 0.144182 0.291109 0.135777 0.0317935 0.106455 0.149501 0.0564806 0.0329394 0.0246229 0.0073807 0.00229668 0.000521576 8.17472e-05 7.97949e-06 3.84512e-07
 2.14317e-27 2.16815e-27 6.1364e-27 1.35759e-21 8.07414e-17 1.10399e-12 3.47042e-09 2.50808e-06 0.000416714 0.0159182 0.139794 0.282251 0.131712 0.0325985 0.114039 0.160121 0.0592748 0.0309431 0.0228583 0.00714482 0.002331 0.000513529 7.47993e-05 6.82251e-06 3.22144e-07
 2.14356e-27 2.16915e-27 6.247e-27 1.39513e-21 8.2974e-17 1.13452e-12 3.56638e-09 2.57743e-06 0.000428237 0.0163584 0.14366 0.290055 0.135291 0.0318306 0.106999 0.15027 0.0567897 0.0331747 0.0247992 0.00742096 0.00230964 0.000525052 7.84304e-05 6.84597e-06 3.02052e-07
 2.14404e-27 2.17029e-27 6.36333e-27 1.43457e-21 8.53197e-17 1.16659e-12 3.6672e-09 2.6503e-06 0.000440343 0.0168208 0.147721 0.298255 0.139084 0.0318742 0.104794 0.147079 0.054535 0.0287377 0.0212658 0.00665898 0.00217651 0.00047926 6.96568e-05 6.18289e-06 2.70114e-07
 2.14281e-27 2.16729e-27 6.04981e-27 1.32824e-21 7.89956e-17 1.08012e-12 3.39538e-09 2.45385e-06 0.000407704 0.015574 0.136772 0.276148 0.128888 0.0325322 0.115474 0.162208 0.0608948 0.0343659 0.025638 0.00787409 0.00254104 0.000583977 8.77635e-05 7.65352e-06 3.31887e-07
 2.14421e-27 2.17075e-27 6.41666e-27 1.45269e-21 8.63969e-17 1.18132e-12 3.7135e-09 2.68376e-06 0.000445903 0.0170332 0.149586 0.30202 0.140803 0.0313065 0.100193 0.140663 0.0531899 0.0311719 0.0234005 0.00723146 0.00233822 0.000527477 7.92172e-05 7.12569e-06 3.12069e-07
 2.14342e-27 2.16877e-27 6.20275e-27 1.3801e-21 8.20801e-17 1.1223e-12 3.52796e-09 2.54967e-06 0.000423624 0.0161821 0.142112 0.286931 0.133866 0.0323478 0.111098 0.155975 0.0577998 0.030361 0.0225275 0.00724753 0.00246774 0.000564723 8.48283e-05 7.58415e-06 3.36491e-07
 2.14247e-27 2.16647e-27 5.96325e-27 1.29888e-21 7.72496e-17 1.05625e-12 3.32034e-09 2.39962e-06 0.000398693 0.0152298 0.133749 0.270045 0.126075 0.0327482 0.118632 0.166676 0.0627069 0.035788 0.0266801 0.00803229 0.00253879 0.00059631 9.34191e-05 8.46101e-06 3.75102e-07
 2.14275e-27 2.16719e-27 6.04405e-27 1.32631e-21 7.8881e-17 1.07856e-12 3.39046e-09 2.45029e-06 0.000407112 0.0155514 0.136573 0.275748 0.128686 0.0320929 0.112913 0.158675 0.0606846 0.0376064 0.0284883 0.0089079 0.00291002 0.000647417 9.67287e-05 8.95657e-06 4.07724e-07
 2.1435e-27 2.16902e-27 6.23495e-27 1.39105e-21 8.27313e-17 1.1312e-12 3.55595e-09 2.5699e-06 0.000426984 0.0163105 0.14324 0.289207 0.134897 0.0317709 0.10689 0.150121 0.0567758 0.0333155 0.0251839 0.00823182 0.00285883 0.000660185 9.91906e-05 8.80389e-06 3.95115e-07
#obs surv len freq
 8.68345e-40 4.24995e-33 4.78211e-27 1.23709e-21 7.35742e-17 1.00599e-12 3.16235e-09 2.28544e-06 0.000379729 0.0145051 0.127384 0.257196 0.120113 0.0321853 0.119067 0.167442 0.0649595 0.0430417 0.033666 0.0126594 0.00536779 0.00162076 0.000357563 4.85731e-05 3.37357e-06
 1.03657e-39 5.07328e-33 5.70854e-27 1.47674e-21 8.78275e-17 1.20088e-12 3.77499e-09 2.72819e-06 0.000453293 0.0173152 0.152062 0.30702 0.143088 0.0305975 0.0943577 0.132486 0.0509313 0.0323773 0.0250811 0.00913399 0.0037353 0.00109301 0.0002328 3.05838e-05 2.05478e-06
 9.70362e-40 4.74925e-33 5.34393e-27 1.38242e-21 8.22179e-17 1.12418e-12 3.53388e-09 2.55394e-06 0.000424341 0.0162093 0.14235 0.287411 0.134107 0.0328287 0.113888 0.15981 0.0577923 0.026025 0.0189931 0.00665616 0.00260192 0.000731317 0.000149004 1.88176e-05 1.2195e-06
 1.04845e-39 5.13144e-33 5.77398e-27 1.49367e-21 8.88344e-17 1.21465e-12 3.81826e-09 2.75947e-06 0.000458489 0.0175137 0.153805 0.31054 0.144744 0.0313514 0.0978998 0.137356 0.0510331 0.0271915 0.0199722 0.00578807 0.00177816 0.000464833 8.9619e-05 1.07733e-05 6.68521e-07
 9.8428e-40 4.81737e-33 5.42058e-27 1.40225e-21 8.33973e-17 1.14031e-12 3.58456e-09 2.59057e-06 0.000430427 0.0164418 0.144392 0.291534 0.136014 0.0328591 0.112832 0.158297 0.05697 0.0247738 0.0177018 0.00551252 0.00178344 0.000389431 6.04585e-05 6.61702e-06 3.88161e-07
 8.11305e-40 3.97078e-33 4.46798e-27 1.15582e-21 6.87412e-17 9.39912e-13 2.95462e-09 2.13531e-06 0.000354785 0.0135523 0.119016 0.240303 0.1124 0.0347512 0.139823 0.196462 0.0720823 0.0356344 0.0257742 0.00724538 0.00205996 0.000463268 6.92967e-05 6.25502e-06 3.13375e-07
 7.90777e-40 3.87031e-33 4.35493e-27 1.12658e-21 6.70019e-17 9.1613e-13 2.87986e-09 2.08128e-06 0.000345808 0.0132094 0.116005 0.234222 0.109543 0.0335464 0.134301 0.188934 0.0728875 0.0470089 0.0355711 0.0105235 0.00315136 0.000650861 8.86498e-05 7.74662e-06 3.45029e-07
 1.32936e-39 6.50629e-33 7.32098e-27 1.89387e-21 1.12635e-16 1.54009e-12 4.84127e-09 3.4988e-06 0.000581331 0.0222061 0.195014 0.393737 0.183062 0.0274621 0.0490815 0.0685021 0.0261336 0.0160163 0.0122319 0.0041302 0.00146817 0.000322718 4.42904e-05 3.57679e-06 1.48007e-07
 1.10567e-39 5.41149e-33 6.0891e-27 1.57519e-21 9.36826e-17 1.28094e-12 4.02665e-09 2.91007e-06 0.000483512 0.0184695 0.162199 0.327487 0.152628 0.032647 0.1007 0.140931 0.0472073 0.00952056 0.00524991 0.00169843 0.000600509 0.000149427 2.38307e-05 2.03038e-06 8.16754e-08
 6.39617e-40 3.13048e-33 3.52247e-27 9.11229e-22 5.41942e-17 7.41008e-13 2.32936e-09 1.68344e-06 0.000279705 0.0106844 0.0938303 0.189454 0.0890407 0.0387421 0.179512 0.25217 0.0885823 0.0316434 0.0208428 0.00444306 0.000628182 0.000123268 2.02998e-05 1.96225e-06 8.72526e-08
 1.23017e-39 6.02083e-33 6.77474e-27 1.75256e-21 1.04231e-16 1.42518e-12 4.48005e-09 3.23774e-06 0.000537955 0.0205492 0.180463 0.36436 0.169495 0.0278688 0.0604191 0.0846915 0.0347296 0.0283827 0.0216909 0.00545595 0.00116773 0.000171041 1.32949e-05 9.75054e-07 4.56309e-08
 1.17899e-39 5.77032e-33 6.49285e-27 1.67964e-21 9.98945e-17 1.36588e-12 4.29364e-09 3.10303e-06 0.000515572 0.0196942 0.172954 0.349201 0.162615 0.0312815 0.0858204 0.120005 0.040468 0.00908182 0.00540422 0.0020264 0.000771683 0.000143668 1.36544e-05 7.03146e-07 1.92001e-08
 8.85056e-40 4.33173e-33 4.87414e-27 1.26089e-21 7.499e-17 1.02535e-12 3.22321e-09 2.32942e-06 0.000387036 0.0147843 0.129836 0.262146 0.122532 0.0356543 0.138753 0.194621 0.0669246 0.0192911 0.0119489 0.00259749 0.000412803 9.31375e-05 1.45482e-05 9.87671e-07 2.70654e-08
 9.20698e-40 4.50618e-33 5.07042e-27 1.31167e-21 7.801e-17 1.06665e-12 3.35301e-09 2.42323e-06 0.000402623 0.0153797 0.135064 0.272702 0.127323 0.0332767 0.121058 0.170014 0.0628079 0.032335 0.0231345 0.00538943 0.000959996 0.000137829 1.20203e-05 9.4093e-07 3.67885e-08
 7.37356e-40 3.60885e-33 4.06073e-27 1.05047e-21 6.24756e-17 8.54241e-13 2.68531e-09 1.94068e-06 0.000322447 0.0123171 0.108168 0.218401 0.102329 0.0362136 0.155352 0.218281 0.0788324 0.0351236 0.0250178 0.00724505 0.00202918 0.000336799 2.79083e-05 1.40921e-06 4.15688e-08
 1.12366e-39 5.49955e-33 6.18818e-27 1.60082e-21 9.5207e-17 1.30178e-12 4.09217e-09 2.95742e-06 0.000491379 0.0187701 0.164839 0.332815 0.154987 0.0298806 0.0822074 0.115312 0.0442834 0.0279558 0.020909 0.00569663 0.00150678 0.000304834 3.64557e-05 2.13521e-06 5.32397e-08
 8.71623e-40 4.26599e-33 4.80016e-27 1.24176e-21 7.38519e-17 1.00979e-12 3.17429e-09 2.29406e-06 0.000381162 0.0145599 0.127865 0.258168 0.120694 0.0356826 0.140124 0.19656 0.0676544 0.0197496 0.0127788 0.00410728 0.00136263 0.000273513 3.34939e-05 2.44549e-06 7.90616e-08
 9.53549e-40 4.66696e-33 5.25134e-27 1.35847e-21 8.07934e-17 1.1047e-12 3.47265e-09 2.50969e-06 0.000416989 0.0159284 0.139883 0.282432 0.131802 0.0327586 0.114962 0.161426 0.059836 0.031417 0.0225572 0.00529291 0.00103267 0.000218011 3.1624e-05 2.42127e-06 8.66226e-08
 1.01032e-39 4.94484e-33 5.56401e-27 1.43936e-21 8.56039e-17 1.17048e-12 3.67941e-09 2.65912e-06 0.000441816 0.0168768 0.148212 0.299247 0.139572 0.0326631 0.109311 0.15331 0.0548915 0.0229711 0.0161728 0.00472816 0.0013453 0.000229295 2.27923e-05 1.75411e-06 6.98335e-08
 8.66983e-40 4.24328e-33 4.77461e-27 1.23515e-21 7.34588e-17 1.00442e-12 3.15739e-09 2.28185e-06 0.000379133 0.0144824 0.127184 0.256794 0.120035 0.0350511 0.136684 0.191848 0.067891 0.0258786 0.0176534 0.00466988 0.00117802 0.00023848 2.91862e-05 1.86152e-06 6.03616e-08
 1.11939e-39 5.47862e-33 6.16463e-27 1.59473e-21 9.48447e-17 1.29683e-12 4.07659e-09 2.94616e-06 0.000489509 0.0186986 0.164211 0.331549 0.154433 0.0307141 0.0876773 0.122891 0.0451855 0.0226223 0.016241 0.00413972 0.000948667 0.000173925 2.04733e-05 1.49987e-06 5.09276e-08
 8.88237e-40 4.34731e-33 4.89166e-27 1.26543e-21 7.52596e-17 1.02904e-12 3.23479e-09 2.33779e-06 0.000388428 0.0148374 0.130302 0.263089 0.122956 0.0353467 0.136591 0.191605 0.0662627 0.0203576 0.0132102 0.0037771 0.00105918 0.000193492 2.06408e-05 1.39592e-06 4.85321e-08
 1.00243e-39 4.9062e-33 5.52054e-27 1.42811e-21 8.49351e-17 1.16133e-12 3.65066e-09 2.63834e-06 0.000438364 0.0167449 0.147054 0.296909 0.138476 0.0322479 0.107481 0.150843 0.0555757 0.0281578 0.0201267 0.00479045 0.000948613 0.000179678 2.21636e-05 1.49317e-06 4.79337e-08
 1.03523e-39 5.06674e-33 5.70118e-27 1.47484e-21 8.77143e-17 1.19933e-12 3.77012e-09 2.72467e-06 0.000452708 0.0172929 0.151866 0.306624 0.14298 0.0325885 0.106632 0.149485 0.0528789 0.020101 0.0138231 0.00396435 0.00110018 0.000188258 1.81985e-05 1.23327e-06 4.2518e-08
 8.75276e-40 4.28387e-33 4.82028e-27 1.24696e-21 7.41614e-17 1.01402e-12 3.18759e-09 2.30368e-06 0.000382759 0.0146209 0.128401 0.25925 0.12117 0.0350469 0.135918 0.190752 0.0672675 0.024886 0.0167958 0.00428375 0.00100176 0.000196542 2.35907e-05 1.48137e-06 4.4781e-08
 9.23344e-40 4.51913e-33 5.08499e-27 1.31544e-21 7.82341e-17 1.06971e-12 3.36264e-09 2.43019e-06 0.00040378 0.0154239 0.135452 0.273486 0.127683 0.0332226 0.120491 0.169208 0.062421 0.0318787 0.0229499 0.005814 0.00130623 0.000230174 2.53725e-05 1.79041e-06 5.95225e-08
 9.72603e-40 4.76022e-33 5.35627e-27 1.38562e-21 8.24079e-17 1.12678e-12 3.54204e-09 2.55984e-06 0.000425321 0.0162467 0.142679 0.288075 0.134421 0.0330362 0.114955 0.161298 0.0581428 0.0255613 0.018148 0.00523209 0.00147856 0.0002682 2.78082e-05 1.7865e-06 5.88316e-08
 1.13138e-39 5.53732e-33 6.23068e-27 1.61182e-21 9.58609e-17 1.31072e-12 4.12027e-09 2.97773e-06 0.000494754 0.018899 0.165971 0.335101 0.156088 0.0310598 0.0887168 0.12426 0.0443372 0.0180638 0.0125352 0.00338504 0.000883473 0.000178507 2.21292e-05 1.46941e-06 4.54606e-08
#pred catch len freq
 2.13829e-27 2.15459e-27 4.6438e-27 8.51272e-22 5.06284e-17 6.92253e-13 2.17611e-09 1.57268e-06 0.000261298 0.00998141 0.0876572 0.176987 0.08292 0.0292264 0.125169 0.176489 0.073102 0.0623123 0.0546366 0.0338156 0.0261325 0.0202421 0.0186031 0.0159716 0.00649184
 2.13835e-27 2.15617e-27 4.87556e-27 9.29975e-22 5.53091e-17 7.56254e-13 2.37729e-09 1.71808e-06 0.000285456 0.0109042 0.0957615 0.19335 0.0906595 0.0338736 0.148616 0.209212 0.0811521 0.0537636 0.0424269 0.017253 0.00935367 0.00544966 0.00389608 0.00289942 0.0011415
 2.1392e-27 2.15858e-27 5.1511e-27 1.0235e-21 6.08715e-17 8.32309e-13 2.61637e-09 1.89086e-06 0.000314164 0.0120008 0.105392 0.212794 0.0996209 0.0331365 0.138257 0.194701 0.0774255 0.0567621 0.0443815 0.0152977 0.00608302 0.00215141 0.00095398 0.000535001 0.000191727
 2.13927e-27 2.15874e-27 5.16495e-27 1.02818e-21 6.11497e-17 8.36114e-13 2.62833e-09 1.8995e-06 0.0003156 0.0120557 0.105874 0.213767 0.100093 0.0337213 0.141534 0.199206 0.0774781 0.0519005 0.0406011 0.0150903 0.00612571 0.00167377 0.000404242 0.000123494 3.48649e-05
 2.13933e-27 2.15889e-27 5.17828e-27 1.03269e-21 6.14179e-17 8.39781e-13 2.63986e-09 1.90784e-06 0.000316984 0.0121086 0.106338 0.214704 0.100532 0.0338903 0.142283 0.200246 0.0776477 0.0512987 0.0396712 0.0137626 0.00534017 0.00150359 0.000300997 4.59414e-05 7.13522e-06
 2.13781e-27 2.15518e-27 4.79127e-27 9.0143e-22 5.36115e-17 7.33041e-13 2.30432e-09 1.66534e-06 0.000276694 0.0105695 0.0928221 0.187416 0.0879486 0.0347422 0.155709 0.219249 0.0854302 0.0576478 0.0447278 0.0155712 0.00595388 0.00158847 0.00030541 3.74901e-05 2.96365e-06
 2.13669e-27 2.15252e-27 4.51969e-27 8.09357e-22 4.81355e-17 6.58167e-13 2.06896e-09 1.49524e-06 0.000248432 0.00948994 0.0833411 0.168274 0.0790973 0.0346974 0.161205 0.227163 0.0905003 0.0668171 0.0522856 0.0179578 0.00676694 0.00178426 0.000329976 3.76049e-05 2.30291e-06
 2.14036e-27 2.16149e-27 5.46519e-27 1.13007e-21 6.72096e-17 9.18971e-13 2.8888e-09 2.08774e-06 0.000346875 0.0132504 0.116366 0.234949 0.10982 0.0319815 0.124529 0.175372 0.0709211 0.0553651 0.043759 0.0154881 0.00598216 0.00155396 0.000280826 3.09165e-05 1.74336e-06
 2.14299e-27 2.16777e-27 6.10223e-27 1.34603e-21 8.00537e-17 1.09459e-12 3.44086e-09 2.48672e-06 0.000413165 0.0157826 0.138604 0.279847 0.130589 0.0322899 0.112879 0.158526 0.0592066 0.0325485 0.0248335 0.00935757 0.00386457 0.00104203 0.000191514 2.07285e-05 1.12945e-06
 2.13788e-27 2.15515e-27 4.76018e-27 8.90754e-22 5.29765e-17 7.2436e-13 2.27703e-09 1.64562e-06 0.000273417 0.0104443 0.0917228 0.185197 0.087014 0.037174 0.171223 0.240745 0.0880001 0.0425249 0.0310558 0.0098873 0.0035168 0.000998625 0.000197199 2.20608e-05 1.20084e-06
 2.13835e-27 2.15656e-27 4.94418e-27 9.53337e-22 5.66986e-17 7.75252e-13 2.43701e-09 1.76124e-06 0.000292627 0.0111782 0.0981671 0.198207 0.0928902 0.0334837 0.144775 0.20402 0.082628 0.0647339 0.0498998 0.0143131 0.00421175 0.000997675 0.000178522 2.08644e-05 1.19009e-06
 2.14256e-27 2.16674e-27 5.99892e-27 1.31101e-21 7.79709e-17 1.06611e-12 3.35134e-09 2.42202e-06 0.000402415 0.015372 0.134998 0.272566 0.127218 0.0321605 0.114284 0.160599 0.0612171 0.0373783 0.0287516 0.0102687 0.00382695 0.000825105 0.000117778 1.17446e-05 6.51784e-07
 2.14011e-27 2.16062e-27 5.33646e-27 1.08622e-21 6.46019e-17 8.83316e-13 2.77672e-09 2.00674e-06 0.000333417 0.0127363 0.111851 0.225835 0.10574 0.0355302 0.14894 0.209275 0.0760588 0.0354116 0.0257908 0.00847215 0.00307071 0.000807157 0.000133921 1.17753e-05 5.43017e-07
 2.13841e-27 2.15657e-27 4.92534e-27 9.46852e-22 5.63129e-17 7.69978e-13 2.42044e-09 1.74926e-06 0.000290636 0.0111021 0.0974993 0.196859 0.0923346 0.0352828 0.156163 0.219773 0.0841093 0.0522532 0.0391406 0.01106 0.00320656 0.000774147 0.000134888 1.37915e-05 6.43615e-07
 2.13755e-27 2.15451e-27 4.71634e-27 8.75996e-22 5.20988e-17 7.12358e-13 2.23931e-09 1.61835e-06 0.000268887 0.0102713 0.0902031 0.182129 0.0855226 0.0352364 0.16032 0.225739 0.0876401 0.0581729 0.0445503 0.0141607 0.00465282 0.000978692 0.000139261 1.36917e-05 6.94729e-07
 2.13888e-27 2.15779e-27 5.06454e-27 9.94118e-22 5.9124e-17 8.08415e-13 2.54126e-09 1.83658e-06 0.000305145 0.0116563 0.102366 0.206686 0.0968295 0.0340051 0.145401 0.204708 0.0801692 0.0552409 0.0426154 0.0138899 0.00482191 0.00112233 0.000165847 1.4085e-05 6.37413e-07
 2.14003e-27 2.16051e-27 5.3376e-27 1.08667e-21 6.46286e-17 8.83681e-13 2.77786e-09 2.00757e-06 0.000333555 0.0127416 0.111897 0.225928 0.10574 0.0343851 0.141922 0.199576 0.0752698 0.0435428 0.0328837 0.0108494 0.00384292 0.000925467 0.000147369 1.33584e-05 5.76558e-07
 2.13883e-27 2.15757e-27 5.02613e-27 9.81014e-22 5.83446e-17 7.97758e-13 2.50776e-09 1.81237e-06 0.000301122 0.0115027 0.101017 0.203962 0.0956245 0.0354542 0.155069 0.218121 0.0820154 0.0466774 0.0348894 0.0107876 0.003555 0.000865303 0.000143039 1.37357e-05 6.31498e-07
 2.13977e-27 2.15988e-27 5.27401e-27 1.06512e-21 6.33465e-17 8.6615e-13 2.72275e-09 1.96774e-06 0.000326937 0.0124888 0.109677 0.221446 0.103666 0.0343274 0.14292 0.201052 0.0767469 0.0471165 0.0354623 0.0106066 0.00328833 0.00074486 0.00011643 1.1349e-05 5.46488e-07
 2.1392e-27 2.15845e-27 5.11679e-27 1.01176e-21 6.01731e-17 8.2276e-13 2.58636e-09 1.86917e-06 0.000310559 0.0118632 0.104183 0.210353 0.0985761 0.0353645 0.152595 0.214595 0.080247 0.0443466 0.0330454 0.0103102 0.00335381 0.000737176 0.000107095 9.75409e-06 4.60209e-07
 2.1397e-27 2.15971e-27 5.25619e-27 1.05907e-21 6.29871e-17 8.61236e-13 2.70731e-09 1.95658e-06 0.000325082 0.0124179 0.109055 0.220189 0.103086 0.0343663 0.143536 0.201925 0.077113 0.0474381 0.0357065 0.0106619 0.0033062 0.000749693 0.000111701 9.73656e-06 4.29242e-07
 2.13987e-27 2.1601e-27 5.29214e-27 1.07124e-21 6.37108e-17 8.71132e-13 2.73842e-09 1.97906e-06 0.000328818 0.0125606 0.110308 0.22272 0.10427 0.0347336 0.145016 0.203917 0.0765336 0.0431391 0.0322514 0.0100899 0.00329199 0.000723432 0.000104886 9.29729e-06 4.05873e-07
 2.13889e-27 2.15774e-27 5.04636e-27 9.87892e-22 5.87537e-17 8.03352e-13 2.52535e-09 1.82508e-06 0.000303234 0.0115833 0.101725 0.205392 0.0962734 0.0351298 0.152658 0.214769 0.08147 0.0485089 0.036459 0.0111743 0.00359377 0.000823875 0.000123505 1.07557e-05 4.66043e-07
 2.14013e-27 2.16078e-27 5.37041e-27 1.09782e-21 6.52916e-17 8.92746e-13 2.80636e-09 2.02816e-06 0.000336977 0.0128723 0.113045 0.228245 0.106794 0.033927 0.138427 0.194724 0.0745791 0.0465287 0.0352228 0.0108707 0.0035067 0.00078934 0.00011825 1.06225e-05 4.64868e-07
 2.13943e-27 2.15901e-27 5.17709e-27 1.03222e-21 6.13899e-17 8.39397e-13 2.63865e-09 1.90696e-06 0.000316839 0.012103 0.10629 0.214607 0.100533 0.0351085 0.14975 0.210588 0.0788527 0.0439003 0.0328613 0.0105532 0.00358327 0.000818124 0.000122584 1.09447e-05 4.85223e-07
 2.1385e-27 2.15677e-27 4.94511e-27 9.5355e-22 5.67112e-17 7.75425e-13 2.43756e-09 1.76163e-06 0.000292692 0.0111806 0.098189 0.198252 0.0929808 0.0353476 0.156139 0.219703 0.0835779 0.0504596 0.0379099 0.0113927 0.00358946 0.000841003 0.000131428 1.18878e-05 5.26626e-07
 2.13876e-27 2.15746e-27 5.02476e-27 9.806e-22 5.832e-17 7.97422e-13 2.50671e-09 1.8116e-06 0.000300995 0.0114978 0.100974 0.203875 0.0955501 0.0345336 0.149475 0.210395 0.0814425 0.0533523 0.0406966 0.0127006 0.00413635 0.000918105 0.00013681 1.26501e-05 5.75438e-07
 2.13948e-27 2.1592e-27 5.20492e-27 1.04169e-21 6.19535e-17 8.47104e-13 2.66288e-09 1.92447e-06 0.000319748 0.0122142 0.107265 0.216577 0.101415 0.0343322 0.144417 0.203183 0.0777618 0.0483663 0.0368449 0.0120215 0.00416355 0.000959288 0.000143773 1.27435e-05 5.71475e-07
#obs catch len freq
 4.07739e-40 1.9956e-33 2.24548e-27 5.80884e-22 3.45474e-17 4.72373e-13 1.48491e-09 1.07315e-06 0.000178305 0.00681101 0.0598143 0.120775 0.057183 0.0359045 0.182888 0.257853 0.10295 0.0767234 0.0610581 0.023569 0.01028 0.00318171 0.000721731 0.000101061 7.26563e-06
 4.21349e-40 2.06221e-33 2.32043e-27 6.00274e-22 3.57006e-17 4.88141e-13 1.53447e-09 1.10897e-06 0.000184257 0.00703836 0.0618109 0.124807 0.0590589 0.0362291 0.183654 0.258861 0.102353 0.0734288 0.057985 0.0218325 0.00926121 0.00279151 0.000614567 8.33467e-05 5.78151e-06
 5.75187e-40 2.81514e-33 3.16764e-27 8.19439e-22 4.87351e-17 6.66365e-13 2.09472e-09 1.51386e-06 0.00025153 0.00960813 0.0843786 0.17037 0.0800825 0.0351312 0.16322 0.229891 0.0898996 0.0616235 0.048189 0.0175639 0.00718291 0.00209799 0.000445876 5.84762e-05 3.92372e-06
 5.19232e-40 2.54128e-33 2.85949e-27 7.39723e-22 4.39941e-17 6.0154e-13 1.89094e-09 1.36659e-06 0.000227061 0.00867343 0.0761701 0.153798 0.0725442 0.0384158 0.188266 0.264796 0.0968309 0.0469517 0.034738 0.0121826 0.00476156 0.00133585 0.000271565 3.4236e-05 2.21583e-06
 5.98877e-40 2.93109e-33 3.29811e-27 8.5319e-22 5.07424e-17 6.9381e-13 2.181e-09 1.57621e-06 0.00026189 0.0100039 0.0878539 0.177387 0.0833813 0.0365912 0.170019 0.239234 0.0900366 0.0514658 0.0382075 0.0110759 0.00340116 0.000887403 0.000170691 2.04824e-05 1.2693e-06
 5.42329e-40 2.65432e-33 2.98669e-27 7.72628e-22 4.59511e-17 6.28298e-13 1.97506e-09 1.42738e-06 0.000237161 0.00905926 0.0795584 0.160639 0.0757118 0.0385452 0.186994 0.262954 0.0955625 0.0444592 0.0321837 0.0100239 0.00324125 0.000706588 0.000109406 1.19503e-05 7.0004e-07
 4.04285e-40 1.97869e-33 2.22646e-27 5.75964e-22 3.42547e-17 4.68371e-13 1.47233e-09 1.06406e-06 0.000176794 0.00675332 0.0593076 0.119754 0.0568511 0.0396503 0.206064 0.29001 0.107544 0.0566611 0.0414169 0.0116407 0.00330604 0.000742127 0.000110748 9.97747e-06 4.99053e-07
 3.93747e-40 1.92712e-33 2.16842e-27 5.6095e-22 3.33618e-17 4.56163e-13 1.43395e-09 1.03632e-06 0.000172186 0.00657728 0.0577617 0.116632 0.0553285 0.0375344 0.194088 0.273514 0.106942 0.0731369 0.0557377 0.0164797 0.00492804 0.00101599 0.000138014 1.20369e-05 5.35325e-07
 9.80955e-40 4.80109e-33 5.40227e-27 1.39752e-21 8.31155e-17 1.13645e-12 3.57245e-09 2.58182e-06 0.000428973 0.0163862 0.143904 0.290548 0.135497 0.0312335 0.103205 0.145002 0.0559881 0.03629 0.0279144 0.009416 0.00334171 0.000733163 0.000100368 8.09024e-06 3.34251e-07
 6.96184e-40 3.40734e-33 3.83399e-27 9.91817e-22 5.89871e-17 8.06542e-13 2.53537e-09 1.83232e-06 0.000304442 0.0116293 0.102128 0.206208 0.0968075 0.0393027 0.177884 0.249598 0.0838298 0.0176527 0.0099646 0.00322126 0.0011364 0.000282132 4.48863e-05 3.81776e-06 1.53355e-07
 3.029e-40 1.48249e-33 1.66812e-27 4.31526e-22 2.56645e-17 3.50916e-13 1.10311e-09 7.97217e-07 0.000132459 0.00505975 0.0444348 0.0897268 0.0431129 0.0434826 0.238509 0.335368 0.118498 0.0445383 0.0297067 0.00633143 0.00089286 0.000174672 2.86869e-05 2.768e-06 1.22923e-07
 8.51135e-40 4.16571e-33 4.68733e-27 1.21257e-21 7.21159e-17 9.86055e-13 3.09967e-09 2.24014e-06 0.000372202 0.0142176 0.124859 0.252098 0.117721 0.0312391 0.114829 0.161775 0.0672817 0.0575707 0.0441854 0.0111026 0.00237018 0.000346689 2.68652e-05 1.96394e-06 9.17613e-08
 7.92499e-40 3.87873e-33 4.36441e-27 1.12903e-21 6.71477e-17 9.18124e-13 2.88613e-09 2.08581e-06 0.000346561 0.0132382 0.116258 0.234734 0.109925 0.0374287 0.157847 0.221428 0.0748803 0.0175064 0.0106143 0.00397359 0.00151006 0.00028071 2.66136e-05 1.36792e-06 3.72731e-08
 4.87533e-40 2.38613e-33 2.68492e-27 6.94562e-22 4.13082e-17 5.64815e-13 1.7755e-09 1.28316e-06 0.000213199 0.00814391 0.0715199 0.14441 0.0683275 0.0417037 0.211168 0.296655 0.102436 0.0309148 0.0194375 0.00422425 0.000669197 0.000150506 2.34607e-05 1.59067e-06 4.3533e-08
 5.18713e-40 2.53874e-33 2.85663e-27 7.38984e-22 4.39501e-17 6.00938e-13 1.88906e-09 1.36522e-06 0.000226834 0.00866476 0.076094 0.153644 0.0724664 0.0382354 0.187213 0.263432 0.0981285 0.0529822 0.0381935 0.00889097 0.00157937 0.000226363 1.96757e-05 1.5359e-06 5.99821e-08
 3.74101e-40 1.83097e-33 2.06023e-27 5.32963e-22 3.16973e-17 4.33403e-13 1.36241e-09 9.84615e-07 0.000163595 0.00624912 0.0548798 0.110814 0.0527644 0.0408793 0.21626 0.304242 0.110643 0.0516839 0.0371384 0.0107404 0.00300063 0.000497317 4.11054e-05 2.07089e-06 6.09566e-08
 7.21349e-40 3.5305e-33 3.97258e-27 1.02767e-21 6.11193e-17 8.35696e-13 2.62702e-09 1.89855e-06 0.000315447 0.0120497 0.10582 0.21366 0.100064 0.0342604 0.144858 0.203882 0.0791237 0.0523725 0.0394013 0.0107213 0.00282784 0.000570862 6.81072e-05 3.98302e-06 9.91681e-08
 4.76003e-40 2.3297e-33 2.62142e-27 6.78137e-22 4.03313e-17 5.51458e-13 1.73351e-09 1.25281e-06 0.000208157 0.00795132 0.0698285 0.140996 0.0667445 0.041591 0.211508 0.297146 0.102708 0.0313981 0.0206155 0.00661729 0.00219028 0.000438807 5.35865e-05 3.90518e-06 1.26097e-07
 5.47892e-40 2.68155e-33 3.01732e-27 7.80553e-22 4.64224e-17 6.34743e-13 1.99532e-09 1.44202e-06 0.000239594 0.00915218 0.0803745 0.162286 0.0764422 0.0377139 0.181424 0.255287 0.0954351 0.0525588 0.0380165 0.00891333 0.00173355 0.000364965 5.28084e-05 4.03622e-06 1.44186e-07
 6.0487e-40 2.96042e-33 3.33111e-27 8.61727e-22 5.12502e-17 7.00753e-13 2.20282e-09 1.59199e-06 0.000264511 0.010104 0.088733 0.179162 0.0842589 0.0381053 0.178726 0.251233 0.0905238 0.0396809 0.0281985 0.00823212 0.00233625 0.000397554 3.93922e-05 3.02401e-06 1.20221e-07
 4.76472e-40 2.332e-33 2.624e-27 6.78805e-22 4.03711e-17 5.52001e-13 1.73522e-09 1.25405e-06 0.000208362 0.00795915 0.0698973 0.141134 0.0667669 0.0404797 0.204683 0.287744 0.102397 0.0408444 0.0281501 0.00743783 0.00187049 0.000377799 4.6122e-05 2.93644e-06 9.50401e-08
 7.16962e-40 3.50903e-33 3.94842e-27 1.02142e-21 6.07476e-17 8.30613e-13 2.61104e-09 1.887e-06 0.000313528 0.0119764 0.105177 0.212361 0.0995194 0.0357649 0.154434 0.217136 0.0804891 0.0422892 0.0305996 0.00779188 0.00178065 0.000325769 3.82375e-05 2.79572e-06 9.47996e-08
 4.90238e-40 2.39938e-33 2.69982e-27 6.98417e-22 4.15375e-17 5.6795e-13 1.78536e-09 1.29028e-06 0.000214382 0.00818911 0.0719168 0.145212 0.0686807 0.0412452 0.208126 0.292418 0.101583 0.0326928 0.0215098 0.00614338 0.00171846 0.000313373 3.33364e-05 2.24969e-06 7.80903e-08
 5.95906e-40 2.91655e-33 3.28175e-27 8.48957e-22 5.04906e-17 6.90369e-13 2.17018e-09 1.56839e-06 0.000260591 0.00995423 0.0874181 0.176507 0.083002 0.0373217 0.174744 0.245812 0.0912941 0.0484781 0.0349142 0.008303 0.00163908 0.000309693 3.81015e-05 2.56228e-06 8.21237e-08
 6.29137e-40 3.07919e-33 3.46475e-27 8.96299e-22 5.33062e-17 7.28867e-13 2.2912e-09 1.65585e-06 0.000275122 0.0105093 0.0922929 0.18635 0.0875872 0.038251 0.17745 0.249349 0.0887095 0.035328 0.0245515 0.00703196 0.00194649 0.000332536 3.20509e-05 2.16689e-06 7.45957e-08
 4.78844e-40 2.34361e-33 2.63706e-27 6.82184e-22 4.0572e-17 5.54749e-13 1.74386e-09 1.26029e-06 0.000209399 0.00799877 0.0702452 0.141837 0.0670968 0.0406175 0.205312 0.288605 0.102358 0.0397268 0.027116 0.00690979 0.00161134 0.000315441 3.77687e-05 2.36761e-06 7.14503e-08
 5.22252e-40 2.55606e-33 2.87612e-27 7.44026e-22 4.425e-17 6.05039e-13 1.90194e-09 1.37454e-06 0.000228382 0.00872388 0.0766132 0.154693 0.0729483 0.038163 0.186455 0.262352 0.0975672 0.0522228 0.0378777 0.00958558 0.00214736 0.000377615 4.15038e-05 2.92262e-06 9.70299e-08
 5.68088e-40 2.7804e-33 3.12855e-27 8.09325e-22 4.81336e-17 6.5814e-13 2.06887e-09 1.49518e-06 0.000248426 0.00948954 0.0833372 0.168268 0.0792315 0.0383494 0.1835 0.258014 0.0936349 0.0431294 0.030892 0.00889368 0.00250659 0.000453861 4.69285e-05 3.00843e-06 9.89079e-08
#spawning biomass
 4558.22 3025.79 3191.3 4170.99 5147.69 6898.78 6983.83 5744.19 7492.29 14919.1 16598.7 14288.4 24079 32150.3 30601.5 24902.8 21429.8 24751.4 22937 22971.3 23865.5 24166.5 28818.9 28086.1 32305.7 33941 32212.5 30676.8 31853.8 58283.4 62593.7 46219.3 34160.7 27854.6 24859.5 23504.4 22909.5 22653.5 22544.8 22499 22479.9 22471.9 22468.6 22467.2 22466.7 22466.4 22466.3 22466.3 22466.3 22466.3 22466.3 22466.3 22466.3 22466.3 22466.3 22466.3 22466.3 22466.3 22466.3 22466.3 22466.3 22466.3 22466.3 22466.3 22466.3 22466.3 22466.3 22466.3 22466.3 22466.3 22466.3 22466.3 22466.3 22466.3 22466.3 22466.3 22466.3 22466.3 22466.3 22466.3 22466.3 22466.3 22466.3 22466.3 22466.3 22466.3 22466.3 22466.3 22466.3 22466.3 22466.3 22466.3 22466.3 22466.3 22466.3 22466.3 22466.3 22466.3 22466.3 22466.3 22466.3 22466.3 22466.3 22466.3 22466.3 22466.3 22466.3 22466.3 22466.3 22466.3 22466.3 22466.3 22466.3 22466.3 22466.3 22466.3 22466.3 22466.3 22466.3 22466.3 22466.3 22466.3 22466.3 22466.3 22466.3 22466.3 22466.3 22466.3 0 0 0 0 0 0 0 0 0 0 0 0 0 0 0 0 0 0 0 0 0 0 0 0 0
