SBPRF35
0.339267
Curr Bio
101283
B35
403201
F35
0.35816
FOFL
0.100332
OFL
9120.58
Bzero
96933.4
#pred survey bio
 31427.6 35856 26491.8 16138.8 18603.4 27751.2 36768.2 43040.9 53635.1 63783.3 65736.2 66951.9 81973.7 81292 99381.1 100816 116538 105646 113096 108406 100861 97130.7 91624.2 112877 101105 95438.3 116702 97067.2 4.31409e+06 4.69401e+06 4.14376e+06 3.24462e+06 2.42823e+06 1.82543e+06 1.42459e+06 1.17304e+06 1.0199e+06 927782 872284 838469 817498 804215 795583 789724 785861 783269 781504 780289 779445 778857 778444 778154 777949 777805 777703 777631 777580 777543 777518 777500 777487 777478 777471 777467 777463 777461 777459 777458 777458 777457 777457 777456 777456 777456 777456 777456 777456 777456 777456 777456 777456 777456 777456 777456 777456 777456 777456 777456 777456 777456 777456 777456 777456 777456 777456 777456 777456 777456 777456 777456 777456 777456 777456 777456 777456 777456 777456 777456 777456 777456 777456 777456 777456 777456 777456 777456 777456 777456 777456 777456 777456 777456 777456 777456 777456 777456 777456 777456 0 0 0 0 0 0 0 0 0 0 0 0 0 0 0 0 0 0 0 0 0 0 0 0 0
#obs survey bio
 27819.1 30170.6 22098.4 14882.5 20849.2 36387.2 25815.3 37011.9 51511.9 61145.2 50166.9 73705.1 98765.7 58668.8 98250 95382.2 115191 102918 116420 87776.1 119021 96599.5 97521.2 94110.8 94362.2 115437 164650 113768
#pred catch bio
 13252.8 18338 15457.9 9571.16 9958.66 16341.1 26269.1 29622 38949 52969.8 58234.1 55366 74641.5 72653.1 97085.7 94659.8 118258 106600 120454 116858 109747 110373 103241 138157 126160 115972 151591 109470 9120.58 56656.2 48697.1 36912.3 26644.4 19346.1 14704.4 11951.1 10392.9 9539.74 9083.68 8844.19 8720.1 8656.45 8624 8607.4 8599.18 8595.1 8593.09 8592.09 8591.59 8591.34 8591.22 8591.16 8591.13 8591.12 8591.11 8591.11 8591.11 8591.1 8591.1 8591.1 8591.1 8591.1 8591.1 8591.1 8591.1 8591.1 8591.1 8591.1 8591.1 8591.1 8591.1 8591.1 8591.1 8591.1 8591.1 8591.1 8591.1 8591.1 8591.1 8591.1 8591.1 8591.1 8591.1 8591.1 8591.1 8591.1 8591.1 8591.1 8591.1 8591.1 8591.1 8591.1 8591.1 8591.1 8591.1 8591.1 8591.1 8591.1 8591.1 8591.1 8591.1 8591.1 8591.1 8591.1 8591.1 8591.1 8591.1 8591.1 8591.1 8591.1 8591.1 8591.1 8591.1 8591.1 8591.1 8591.1 8591.1 8591.1 8591.1 8591.1 8591.1 8591.1 8591.1 8591.1 8591.1 8591.1 8591.1 8591.1 0 0 0 0 0 0 0 0 0 0 0 0 0 0 0 0 0 0 0 0 0 0 0 0 0
#obs catch bio
 14633.5 19693.4 17540.6 10626.8 9384.88 15996.2 26804.2 28688.9 37069.3 53627.5 64196.1 53051.6 69044.9 77723.1 97104.1 94198.1 112955 105137 113015 111476 96784.1 99422.9 95492.2 135620 115430 103821 137666 105071
#pred cpue bio
 30044 34892.9 26145.6 15532 17319.4 26325.6 34445.5 40260.9 50237.8 59461.9 60890 61638.8 75805.7 74656.9 90795.2 91974.5 106448 96173.8 102323 97912.8 91098.1 87303.9 81756.5 100288 89261.3 84043.3 102776 84845 3.88632e+06 4.68124e+06 4.13099e+06 3.23186e+06 2.41546e+06 1.81266e+06 1.41182e+06 1.16027e+06 1.00713e+06 915014 859516 825701 804730 791447 782815 776956 773093 770501 768736 767521 766677 766089 765676 765386 765181 765037 764935 764863 764812 764775 764750 764732 764719 764710 764703 764699 764695 764693 764691 764690 764690 764689 764689 764688 764688 764688 764688 764688 764688 764688 764688 764688 764688 764688 764688 764688 764688 764688 764688 764688 764688 764688 764688 764688 764688 764688 764688 764688 764688 764688 764688 764688 764688 764688 764688 764688 764688 764688 764688 764688 764688 764688 764688 764688 764688 764688 764688 764688 764688 764688 764688 764688 764688 764688 764688 764688 764688 764688 764688 764688 0 0 0 0 0 0 0 0 0 0 0 0 0 0 0 0 0 0 0 0 0 0 0 0 0
#obs cpue bio
 30843.3 24940.2 17408 14221.1 24237.4 21529.9 42780.5 55264.5 66712.2 53832.7 50685.9 75436.2 91815.4 62068.5 109690 93123.6 142985 97065.8 138297 141734 133347 130662 97654.6 132711 139135 103857 113387 78851.1
#pred surv len freq
 1.34152e-11 1.45609e-09 9.31895e-08 3.51668e-06 7.82507e-05 0.0010267 0.00794398 0.0362667 0.0979557 0.158673 0.164267 0.135562 0.120286 0.103101 0.0695745 0.0402008 0.0234022 0.0139976 0.00866511 0.00571826 0.00410334 0.00324965 0.00270577 0.00204019 0.00117745
 9.27352e-12 1.00655e-09 6.44192e-08 2.43098e-06 5.40929e-05 0.000709752 0.00549251 0.025095 0.0680562 0.11246 0.126826 0.131367 0.147366 0.140146 0.100583 0.0620557 0.036524 0.0198223 0.0101754 0.00534172 0.00302892 0.00194324 0.00139938 0.000988405 0.000563703
 5.51588e-12 5.98696e-10 3.83165e-08 1.44595e-06 3.21748e-05 0.000422184 0.0032679 0.0149488 0.0407859 0.0693737 0.0873494 0.112267 0.147822 0.154779 0.128012 0.0963561 0.0664037 0.0393783 0.0204873 0.0096747 0.00435466 0.00207359 0.00114614 0.000692856 0.000370953
 1.31615e-11 1.42856e-09 9.14274e-08 3.45018e-06 7.67709e-05 0.00100727 0.00779319 0.0355675 0.0959198 0.154187 0.154096 0.113438 0.0875475 0.0786215 0.0715385 0.0643429 0.0530448 0.0380454 0.0235307 0.0122706 0.00541636 0.00214112 0.000854078 0.000382899 0.000174391
 1.72151e-11 1.86853e-09 1.19586e-07 4.51279e-06 0.000100415 0.00131749 0.0101932 0.0465165 0.125388 0.201075 0.19863 0.139476 0.0957537 0.0701624 0.0434203 0.0234886 0.0148591 0.0113702 0.00844819 0.00533762 0.00274471 0.00114017 0.000398406 0.000130857 4.41211e-05
 1.379e-11 1.49678e-09 9.57934e-08 3.61495e-06 8.04373e-05 0.00105539 0.00816609 0.0372832 0.100735 0.163451 0.170491 0.14385 0.130513 0.11051 0.0692617 0.0335165 0.0151428 0.00713355 0.00384626 0.00241928 0.00145419 0.000711864 0.000270602 8.17764e-05 2.12562e-05
 1.58981e-11 1.72558e-09 1.10437e-07 4.16755e-06 9.27333e-05 0.0012167 0.00941366 0.042965 0.115894 0.186488 0.187247 0.139679 0.107291 0.0860671 0.0579291 0.0335489 0.0179861 0.00835994 0.00336151 0.00134645 0.000618792 0.000305032 0.000130895 4.3188e-05 1.07611e-05
 1.5826e-11 1.71776e-09 1.09936e-07 4.14865e-06 9.23126e-05 0.00121119 0.0093711 0.0427735 0.115415 0.18602 0.188195 0.144004 0.114427 0.0909888 0.0562785 0.0275243 0.0129406 0.00623446 0.00282246 0.00111405 0.000384284 0.000130655 4.74116e-05 1.60181e-05 4.2407e-06
 1.56284e-11 1.69632e-09 1.08564e-07 4.09687e-06 9.11605e-05 0.00119607 0.00925418 0.0422406 0.113987 0.183801 0.186338 0.143621 0.11551 0.0928815 0.0584431 0.0293108 0.0136155 0.00594877 0.00238616 0.000912029 0.000322764 9.93056e-05 2.70856e-05 7.08486e-06 1.72135e-06
 1.62558e-11 1.76441e-09 1.12922e-07 4.26133e-06 9.48199e-05 0.00124408 0.00962551 0.0439326 0.118512 0.190771 0.191863 0.143856 0.11082 0.0869659 0.054155 0.0269143 0.0124626 0.00548243 0.0021733 0.000776175 0.000250397 7.27401e-05 1.85607e-05 4.05819e-06 7.74676e-07
 1.69466e-11 1.83939e-09 1.17721e-07 4.44241e-06 9.88492e-05 0.00129694 0.0100344 0.0457965 0.123508 0.198552 0.198456 0.145521 0.107826 0.0819902 0.049058 0.0224564 0.00933701 0.00383372 0.00148237 0.000525144 0.000165491 4.52281e-05 1.06324e-05 2.1247e-06 3.5363e-07
 1.75908e-11 1.90931e-09 1.22196e-07 4.61128e-06 0.000102607 0.00134624 0.0104157 0.0475343 0.12816 0.205751 0.204334 0.146334 0.103912 0.0766289 0.0446725 0.0193903 0.00734549 0.00270658 0.00093676 0.000302394 9.04834e-05 2.40578e-05 5.44834e-06 1.02012e-06 1.54949e-07
 1.70572e-11 1.8514e-09 1.18489e-07 4.47142e-06 9.94946e-05 0.00130541 0.0100999 0.0460956 0.124315 0.199846 0.199738 0.146418 0.108345 0.0819959 0.0483089 0.0211684 0.0080596 0.0029011 0.000936279 0.000270711 7.17726e-05 1.72399e-05 3.65059e-06 6.52934e-07 9.4184e-08
 1.78466e-11 1.93707e-09 1.23972e-07 4.67833e-06 0.000104099 0.00136582 0.0105671 0.0482242 0.130006 0.208598 0.206615 0.14651 0.102132 0.0743443 0.0429817 0.0183756 0.00675411 0.00237412 0.000759624 0.000215217 5.37174e-05 1.16296e-05 2.18118e-06 3.51208e-07 4.69633e-08
 1.84024e-11 1.99741e-09 1.27834e-07 4.82404e-06 0.000107341 0.00140835 0.0108961 0.0497232 0.134014 0.21476 0.211447 0.146543 0.0977142 0.0689414 0.0392759 0.0164787 0.00586467 0.00198747 0.000613865 0.000168472 4.10606e-05 8.62403e-06 1.5202e-06 2.2156e-07 2.63991e-08
 1.84957e-11 2.00753e-09 1.28482e-07 4.84851e-06 0.000107885 0.00141549 0.0109514 0.0499753 0.134693 0.215846 0.212502 0.147223 0.0980013 0.0687253 0.0383877 0.0152309 0.00487495 0.00148613 0.000429651 0.000112534 2.63204e-05 5.33102e-06 9.09096e-07 1.2711e-07 1.41706e-08
 1.83754e-11 1.99447e-09 1.27646e-07 4.81696e-06 0.000107183 0.00140629 0.0108801 0.0496507 0.133824 0.214503 0.211414 0.147099 0.0987878 0.0698067 0.0392972 0.0158564 0.0052082 0.00158976 0.000434378 0.000102968 2.18809e-05 4.13963e-06 6.71608e-07 9.00862e-08 9.64982e-09
 1.87046e-11 2.03021e-09 1.29933e-07 4.90327e-06 0.000109104 0.00143148 0.011075 0.0505387 0.1362 0.218168 0.214346 0.147313 0.0964611 0.0667811 0.036978 0.0144238 0.00444488 0.00127975 0.000343764 8.13801e-05 1.67508e-05 2.93361e-06 4.32625e-07 5.34788e-08 5.39339e-09
 1.93275e-11 2.09782e-09 1.3426e-07 5.06655e-06 0.000112737 0.00147915 0.0114437 0.0522182 0.140688 0.225045 0.219634 0.147002 0.0909755 0.0603594 0.0329439 0.0127622 0.00388468 0.0010896 0.000279772 6.25001e-05 1.22989e-05 2.10245e-06 3.0032e-07 3.4855e-08 3.22841e-09
 1.94642e-11 2.11265e-09 1.35209e-07 5.10237e-06 0.000113534 0.0014896 0.0115246 0.0525869 0.141676 0.226581 0.22092 0.147283 0.0903025 0.0592977 0.0318995 0.0118969 0.00332753 0.000840871 0.000202044 4.34498e-05 8.20786e-06 1.33274e-06 1.81038e-07 2.01914e-08 1.79711e-09
 1.94572e-11 2.11189e-09 1.35161e-07 5.10054e-06 0.000113493 0.00148907 0.0115204 0.0525681 0.141626 0.226509 0.220887 0.147357 0.090474 0.0594477 0.0319263 0.0118256 0.0032436 0.000787649 0.000177592 3.49091e-05 6.00583e-06 9.10513e-07 1.17542e-07 1.24717e-08 1.05578e-09
 1.99197e-11 2.16209e-09 1.38374e-07 5.22179e-06 0.000116191 0.00152447 0.0117942 0.0538152 0.144958 0.231613 0.224796 0.147078 0.0863239 0.0546221 0.028937 0.0106483 0.00289077 0.000690679 0.0001527 2.91179e-05 4.74935e-06 6.65558e-07 7.83997e-08 7.65257e-09 6.06759e-10
 2.05639e-11 2.23201e-09 1.42848e-07 5.39065e-06 0.000119948 0.00157376 0.0121754 0.0555521 0.1496 0.23873 0.230285 0.146813 0.0807335 0.0480239 0.0247129 0.0088259 0.0022441 0.000485222 9.93294e-05 1.82211e-05 2.89727e-06 3.94112e-07 4.43356e-08 4.03998e-09 2.94267e-10
 2.09313e-11 2.27189e-09 1.45401e-07 5.48696e-06 0.000122091 0.00160187 0.0123929 0.0565427 0.152246 0.242783 0.233385 0.146578 0.0774185 0.0441795 0.0223461 0.00791016 0.00197895 0.00041376 8.03782e-05 1.36755e-05 1.98673e-06 2.5113e-07 2.69843e-08 2.37319e-09 1.6559e-10
 2.14391e-11 2.327e-09 1.48928e-07 5.62007e-06 0.000125053 0.00164073 0.0126934 0.0579119 0.155905 0.248392 0.237708 0.146359 0.072996 0.0389669 0.0190185 0.00648593 0.00148201 0.00026005 4.22367e-05 6.48222e-06 8.83465e-07 1.04329e-07 1.03314e-08 8.37104e-10 5.47286e-11
 2.16381e-11 2.34861e-09 1.50311e-07 5.67226e-06 0.000126215 0.00165597 0.0128113 0.0584487 0.157339 0.250589 0.239391 0.14624 0.0712126 0.0368916 0.0177307 0.00597619 0.00132767 0.000217322 3.14754e-05 4.1895e-06 4.80052e-07 4.78385e-08 4.1995e-09 3.12602e-10 1.88843e-11
 2.16345e-11 2.34821e-09 1.50285e-07 5.67129e-06 0.000126193 0.00165568 0.0128091 0.0584387 0.157312 0.250547 0.239352 0.14622 0.0712121 0.0369086 0.0177661 0.00601867 0.00135808 0.000230106 3.45679e-05 4.58823e-06 4.94719e-07 4.37974e-08 3.27972e-09 2.05086e-10 1.05822e-11
 2.2202e-11 2.40981e-09 1.54228e-07 5.82007e-06 0.000129503 0.00169912 0.013145 0.059969 0.1614 0.256805 0.244128 0.145822 0.0660356 0.0309302 0.0141182 0.00464857 0.000994047 0.000148454 1.86814e-05 2.2179e-06 2.34283e-07 2.09857e-08 1.54973e-09 9.04805e-11 4.12199e-12
#obs surv len freq
 4.19893e-11 3.89142e-09 2.1265e-07 6.85187e-06 0.00013018 0.00145842 0.00963618 0.0375861 0.08699 0.122676 0.118989 0.11054 0.119037 0.118344 0.100965 0.0773085 0.050733 0.0273668 0.0121949 0.00444206 0.00127433 0.000274893 4.25483e-05 4.53329e-06 3.21639e-07
 2.65376e-11 2.37208e-09 1.25022e-07 3.88534e-06 7.11986e-05 0.000769424 0.00490669 0.0185277 0.0421703 0.0629902 0.0813649 0.119048 0.160521 0.16504 0.137607 0.0998359 0.0602212 0.0294153 0.0120217 0.00411019 0.00111461 0.000225656 3.249e-05 3.2013e-06 2.09279e-07
 1.32706e-11 1.14211e-09 5.79582e-08 1.73425e-06 3.06001e-05 0.000318458 0.00195741 0.00715588 0.0161284 0.0261491 0.043299 0.0800919 0.128895 0.171469 0.191086 0.163631 0.100714 0.0458606 0.0166817 0.00503987 0.00122934 0.000228128 3.03674e-05 2.76681e-06 1.66754e-07
 2.43862e-10 2.01748e-08 9.84146e-07 2.83072e-05 0.000480089 0.00480103 0.02831 0.0984376 0.201896 0.244646 0.176757 0.0806154 0.032668 0.0261371 0.0313152 0.0311047 0.0229635 0.0126541 0.0051918 0.00157386 0.000352999 5.83562e-05 6.94008e-06 5.71631e-07 3.1422e-08
 1.33607e-10 1.0609e-08 4.96715e-07 1.37129e-05 0.00022323 0.00214308 0.0121426 0.0407654 0.0827634 0.111703 0.133272 0.175445 0.195832 0.143976 0.0664553 0.0216908 0.00751693 0.0036211 0.00168665 0.000584033 0.000140321 2.29782e-05 2.54558e-06 1.89208e-07 9.31004e-09
 3.40463e-10 2.59101e-08 1.16267e-06 3.0763e-05 0.000479946 0.00441528 0.0239548 0.0767086 0.145597 0.167455 0.129626 0.0944597 0.0895265 0.092973 0.0844083 0.0567238 0.0250398 0.00700147 0.00133276 0.000220076 3.87855e-05 6.08649e-06 6.77354e-07 4.91903e-08 2.28065e-09
 4.68112e-10 3.40969e-08 1.46442e-06 3.70857e-05 0.000553784 0.00487638 0.02533 0.0777636 0.142495 0.163628 0.142455 0.131554 0.124302 0.0918723 0.0523683 0.0260557 0.0114583 0.00401561 0.00102664 0.000182281 2.24487e-05 2.05346e-06 1.52841e-07 9.11985e-09 3.89924e-10
 6.08325e-10 4.23557e-08 1.7389e-06 4.20946e-05 0.000600862 0.00505776 0.025118 0.0737798 0.129843 0.145731 0.13088 0.130162 0.129988 0.104807 0.0685184 0.036346 0.0142709 0.00392533 0.000787502 0.000124468 1.55551e-05 1.42479e-06 8.97201e-08 3.83256e-09 1.13321e-10
 9.91788e-10 6.59304e-08 2.58429e-06 5.97287e-05 0.000813996 0.00654176 0.0310168 0.086967 0.145966 0.155576 0.131044 0.121847 0.116643 0.0928585 0.0610923 0.0325376 0.0127534 0.00349257 0.000678695 9.68806e-05 1.03035e-05 8.10243e-07 4.61289e-08 1.8363e-09 4.91236e-11
 1.34142e-09 8.50426e-08 3.17903e-06 7.00719e-05 0.000910738 0.00698079 0.0315785 0.0846214 0.136911 0.146039 0.135044 0.139555 0.131892 0.0951648 0.0544733 0.025353 0.00883326 0.00215035 0.000368625 4.66227e-05 4.45028e-06 3.13492e-07 1.56969e-08 5.42694e-10 1.2692e-11
 2.11703e-09 1.27864e-07 4.55361e-06 9.56208e-05 0.001184 0.00864596 0.0372613 0.0951343 0.146693 0.149267 0.132011 0.131368 0.121825 0.0891712 0.0527056 0.0245125 0.00807467 0.00176187 0.00025591 2.61142e-05 1.98714e-06 1.14766e-07 4.89148e-09 1.47566e-10 3.03902e-12
 3.22901e-09 1.85615e-07 6.29135e-06 0.000125737 0.0014818 0.010299 0.0422532 0.102789 0.151671 0.150278 0.133887 0.133191 0.118776 0.0820197 0.0454885 0.0199474 0.00626165 0.00131831 0.000186507 1.83885e-05 1.29898e-06 6.5587e-08 2.32732e-09 5.73291e-11 9.71481e-13
 4.29098e-09 2.34545e-07 7.55934e-06 0.000143659 0.0016099 0.0106412 0.0415429 0.0964484 0.137735 0.139289 0.137719 0.146684 0.129495 0.0864733 0.0460908 0.0192055 0.00565486 0.00110356 0.000143121 1.28657e-05 8.33743e-07 3.90628e-08 1.28812e-09 2.90132e-11 4.3675e-13
 7.00592e-09 3.63827e-07 1.11407e-05 0.000201151 0.00214164 0.0134492 0.0498827 0.110007 0.149083 0.142531 0.132739 0.134981 0.117241 0.0797879 0.0436678 0.0180927 0.00511922 0.000940658 0.000113263 9.32464e-06 5.46922e-07 2.30603e-08 6.84912e-10 1.39643e-11 1.91458e-13
 9.77892e-09 4.82111e-07 1.4015e-05 0.000240232 0.00242828 0.0144798 0.0510355 0.107377 0.141367 0.139434 0.142241 0.14818 0.121821 0.0755168 0.0372893 0.0141359 0.00371888 0.000641035 7.26452e-05 5.62029e-06 3.07627e-07 1.19723e-08 3.24475e-10 5.98094e-12 7.3718e-14
 1.54458e-08 7.22427e-07 1.99235e-05 0.000323991 0.00310692 0.0175763 0.058776 0.117356 0.146757 0.137873 0.134835 0.136868 0.113737 0.0744688 0.0388577 0.0149016 0.00382937 0.000637799 7.0076e-05 5.28388e-06 2.80943e-07 1.0484e-08 2.6822e-10 4.60538e-12 5.23288e-14
 2.01014e-08 8.91406e-07 2.33085e-05 0.000359382 0.0032678 0.017535 0.0557143 0.106571 0.132305 0.135789 0.150984 0.15591 0.12121 0.0716128 0.0336141 0.0117975 0.00281699 0.000439455 4.54294e-05 3.236e-06 1.63264e-07 5.80474e-09 1.41801e-10 2.32227e-12 2.50471e-14
 3.45819e-08 1.45326e-06 3.60104e-05 0.000526153 0.00453361 0.0230502 0.0693501 0.125223 0.144794 0.133948 0.134391 0.133972 0.1085 0.070256 0.0354035 0.0125886 0.00293618 0.000443218 4.44992e-05 3.08831e-06 1.50909e-07 5.13171e-09 1.18572e-10 1.82596e-12 1.84904e-14
 5.15078e-08 2.05037e-06 4.81264e-05 0.000666096 0.00543705 0.0261938 0.0747688 0.128847 0.145674 0.139281 0.144728 0.138242 0.101213 0.0578233 0.0261477 0.00865611 0.00194662 0.000292828 3.01381e-05 2.16629e-06 1.08179e-07 3.66916e-09 8.27878e-11 1.22663e-12 1.1822e-14
 6.5883e-08 2.48346e-06 5.51993e-05 0.000723476 0.00559288 0.0255328 0.0692499 0.114822 0.131059 0.138219 0.156378 0.150493 0.108888 0.0615411 0.0270159 0.0084272 0.00174096 0.000235822 2.1648e-05 1.40481e-06 6.54211e-08 2.14191e-09 4.7655e-11 6.99914e-13 6.64518e-15
 1.08833e-07 3.88389e-06 8.17271e-05 0.00101409 0.00742176 0.0320748 0.0823278 0.128981 0.138233 0.135652 0.144747 0.136075 0.100011 0.0582372 0.0256374 0.00775913 0.00152925 0.00019641 1.69911e-05 1.02536e-06 4.36165e-08 1.28832e-09 2.58592e-11 3.46626e-13 3.05672e-15
 1.55152e-07 5.24113e-06 0.000104396 0.00122622 0.00849618 0.0347821 0.0848001 0.12774 0.13726 0.142598 0.154816 0.138264 0.0933356 0.0495139 0.0201086 0.00572235 0.00108045 0.000135435 1.1596e-05 6.92704e-07 2.87232e-08 8.09144e-10 1.51791e-11 1.87133e-13 1.50089e-15
 2.10276e-07 6.72335e-06 0.000126759 0.00140933 0.00924449 0.0358555 0.0831111 0.12085 0.131413 0.144671 0.160299 0.141625 0.0951518 0.0501531 0.0197376 0.00530168 0.000928341 0.000106709 8.34908e-06 4.59612e-07 1.78682e-08 4.79609e-10 8.6411e-12 1.02183e-13 7.79901e-16
 3.36052e-07 1.01703e-05 0.000181493 0.00190996 0.0118587 0.0435399 0.095566 0.131716 0.136065 0.142634 0.151388 0.130278 0.0868652 0.0453546 0.0173377 0.00446019 0.000746084 8.21821e-05 6.16267e-06 3.22139e-07 1.17051e-08 2.89835e-10 4.79523e-12 5.22453e-14 3.70186e-16
 4.5341e-07 1.29889e-05 0.000219411 0.0021858 0.0128508 0.0447359 0.0936596 0.1262 0.135896 0.152977 0.162098 0.131602 0.0809707 0.0388914 0.0137906 0.00332381 0.000525567 5.51836e-05 3.96926e-06 1.99257e-07 6.92509e-09 1.62885e-10 2.53882e-12 2.58274e-14 1.69432e-16
 6.35441e-07 1.72326e-05 0.000275572 0.00259899 0.0144688 0.0477389 0.0951273 0.124001 0.134035 0.153193 0.161024 0.130284 0.0811894 0.0390495 0.0134328 0.00306411 0.00045234 4.40133e-05 2.92564e-06 1.36082e-07 4.40997e-09 9.73242e-11 1.42849e-12 1.36925e-14 8.44824e-17
 8.71914e-07 2.2387e-05 0.000338949 0.00302683 0.0159602 0.049952 0.0950411 0.121209 0.134364 0.157467 0.163041 0.128756 0.078629 0.0368305 0.0122324 0.00269851 0.00038993 3.76777e-05 2.49698e-06 1.14167e-07 3.54864e-09 7.35189e-11 1.00064e-12 8.85834e-15 5.05204e-17
 1.20871e-06 2.93865e-05 0.000421305 0.00356287 0.0177982 0.0528695 0.0962251 0.120631 0.137213 0.162896 0.164299 0.125096 0.0734951 0.0327904 0.0102498 0.00211136 0.000283765 2.55196e-05 1.58547e-06 6.88161e-08 2.05526e-09 4.11637e-11 5.40637e-13 4.57981e-15 2.47065e-17
#pred catch len freq
 1.32763e-11 1.44102e-09 9.2225e-08 3.48028e-06 7.74409e-05 0.00101607 0.00786179 0.0358922 0.0969537 0.157127 0.163024 0.135453 0.121226 0.104306 0.0704522 0.0407146 0.0237017 0.0141768 0.00877604 0.00579146 0.00415588 0.00329125 0.00274041 0.00206631 0.00119253
 9.36227e-12 1.01618e-09 6.50357e-08 2.45425e-06 5.46105e-05 0.000716543 0.00554504 0.0253344 0.0686967 0.113449 0.127622 0.131442 0.146771 0.13937 0.099993 0.0616886 0.0363077 0.019705 0.0101151 0.00531009 0.00301098 0.00193173 0.0013911 0.000982553 0.000560365
 5.73918e-12 6.22933e-10 3.98676e-08 1.50449e-06 3.34772e-05 0.000439272 0.00340007 0.0155512 0.0423993 0.0718766 0.0894223 0.112646 0.14662 0.153042 0.126499 0.0952091 0.0656127 0.0389092 0.0202433 0.00955946 0.00430279 0.00204889 0.00113248 0.000684603 0.000366534
 1.34856e-11 1.46374e-09 9.36789e-08 3.53515e-06 7.86615e-05 0.00103207 0.00798506 0.0364422 0.098265 0.157846 0.157228 0.114334 0.0863592 0.0765879 0.0694791 0.0624659 0.0514959 0.0369344 0.0228436 0.0119122 0.00525819 0.00207859 0.000829138 0.000371718 0.000169298
 1.73388e-11 1.88196e-09 1.20445e-07 4.54522e-06 0.000101137 0.00132695 0.0102664 0.0468502 0.126281 0.202452 0.199731 0.139558 0.0948951 0.0690881 0.0426757 0.0230773 0.0145983 0.0111706 0.00829986 0.0052439 0.00269652 0.00112015 0.000391411 0.000128559 4.33464e-05
 1.40897e-11 1.5293e-09 9.78748e-08 3.69349e-06 8.2185e-05 0.00107832 0.00834343 0.0380912 0.102896 0.166772 0.173091 0.143858 0.128119 0.107605 0.0673089 0.0325593 0.0147096 0.00692943 0.0037362 0.00235005 0.00141258 0.000691494 0.000262859 7.94364e-05 2.0648e-05
 1.65018e-11 1.79111e-09 1.14631e-07 4.32581e-06 9.62547e-05 0.0012629 0.009771 0.0445933 0.120249 0.193202 0.192598 0.139999 0.102928 0.0805023 0.0538205 0.0311319 0.0166879 0.00775644 0.00311885 0.00124925 0.000574121 0.000283012 0.000121446 4.00703e-05 9.98426e-06
 1.63571e-11 1.77541e-09 1.13626e-07 4.28788e-06 9.54107e-05 0.00125183 0.00968547 0.0442058 0.119244 0.191906 0.192802 0.144011 0.110172 0.085825 0.0527987 0.0257954 0.0121259 0.0058419 0.00264474 0.0010439 0.000360087 0.000122428 4.44262e-05 1.50094e-05 3.97367e-06
 1.62754e-11 1.76654e-09 1.13058e-07 4.26647e-06 9.49344e-05 0.00124558 0.00963712 0.0439854 0.118652 0.190973 0.191961 0.143657 0.110365 0.0865934 0.0541391 0.0271191 0.0125952 0.00550293 0.00220733 0.000843675 0.000298573 9.18629e-05 2.50556e-05 6.55387e-06 1.59234e-06
 1.71707e-11 1.86371e-09 1.19277e-07 4.50115e-06 0.000100156 0.00131409 0.010167 0.0463997 0.125108 0.20091 0.199806 0.143885 0.10351 0.0780537 0.0480821 0.0238462 0.0110386 0.00485589 0.00192493 0.000687472 0.000221782 6.44272e-05 1.64395e-05 3.59442e-06 6.86145e-07
 1.79543e-11 1.94877e-09 1.24721e-07 4.70658e-06 0.000104727 0.00137406 0.0106309 0.0485139 0.130772 0.209702 0.207122 0.145327 0.0994256 0.0719318 0.0424391 0.0193719 0.00805101 0.00330556 0.00127814 0.000452795 0.000142691 3.8997e-05 9.16754e-06 1.83198e-06 3.0491e-07
 1.83709e-11 1.99399e-09 1.27615e-07 4.81579e-06 0.000107157 0.00140594 0.0108775 0.0496379 0.133782 0.214375 0.211004 0.146074 0.097239 0.0687173 0.0395665 0.0171304 0.0064867 0.00239004 0.000827201 0.000267027 7.99009e-05 2.12441e-05 4.81112e-06 9.00813e-07 1.36827e-07
 1.81208e-11 1.96684e-09 1.25877e-07 4.75022e-06 0.000105698 0.0013868 0.0107294 0.0489634 0.131979 0.211604 0.208836 0.146077 0.0992663 0.0712164 0.0413266 0.0180532 0.00687011 0.0024728 0.000798051 0.000230744 6.11764e-05 1.46947e-05 3.11164e-06 5.56538e-07 8.02791e-08
 1.87665e-11 2.03692e-09 1.30363e-07 4.91948e-06 0.000109464 0.00143621 0.0111116 0.0507046 0.136635 0.218765 0.214466 0.146166 0.0942047 0.0649707 0.0369633 0.0157501 0.00578588 0.00203365 0.000650686 0.000184353 4.60137e-05 9.96181e-06 1.86837e-06 3.00841e-07 4.02283e-08
 1.9448e-11 2.1109e-09 1.35097e-07 5.09814e-06 0.00011344 0.00148837 0.011515 0.0525425 0.141548 0.226312 0.220355 0.146109 0.0886371 0.0582405 0.0324475 0.0135498 0.00481848 0.00163278 0.000504308 0.000138405 3.37325e-05 7.08489e-06 1.24889e-06 1.82018e-07 2.16877e-08
 1.94352e-11 2.1095e-09 1.35008e-07 5.09478e-06 0.000113365 0.00148739 0.0115074 0.0525084 0.141461 0.226217 0.220464 0.146716 0.0896668 0.0589901 0.0322979 0.01276 0.00408101 0.00124397 0.00035964 9.41962e-05 2.20315e-05 4.46233e-06 7.60959e-07 1.06397e-07 1.18615e-08
 1.95165e-11 2.11833e-09 1.35573e-07 5.1161e-06 0.000113839 0.00149361 0.0115555 0.0527275 0.142046 0.227103 0.221097 0.14652 0.0887188 0.0580141 0.0318751 0.0127953 0.00419895 0.00128155 0.000350162 8.30049e-05 1.76386e-05 3.33704e-06 5.41397e-07 7.26204e-08 7.77892e-09
 1.97714e-11 2.146e-09 1.37344e-07 5.18292e-06 0.000115326 0.00151312 0.0117064 0.0534151 0.143885 0.229941 0.223372 0.146698 0.0869369 0.0556842 0.0300734 0.0116675 0.003592 0.00103406 0.000277764 6.57557e-05 1.35347e-05 2.37038e-06 3.49564e-07 4.32113e-08 4.3579e-09
 2.03949e-11 2.21367e-09 1.41674e-07 5.34635e-06 0.000118963 0.00156083 0.0120754 0.0550961 0.148377 0.236824 0.228661 0.146377 0.0814299 0.0492441 0.0260362 0.0100158 0.00304481 0.000853877 0.000219244 4.89783e-05 9.63804e-06 1.64759e-06 2.35346e-07 2.73142e-08 2.52995e-09
 2.05274e-11 2.22805e-09 1.42595e-07 5.38108e-06 0.000119735 0.00157096 0.0121538 0.0554535 0.149334 0.238308 0.229883 0.14658 0.0806725 0.0481457 0.0250543 0.00927509 0.0025906 0.000654513 0.000157263 3.38195e-05 6.38866e-06 1.03735e-06 1.40912e-07 1.57162e-08 1.39879e-09
 2.05419e-11 2.22963e-09 1.42696e-07 5.3849e-06 0.00011982 0.00157208 0.0121624 0.0554928 0.14944 0.238472 0.230026 0.146625 0.0806242 0.0480522 0.0249464 0.00917058 0.00251177 0.000609805 0.00013749 2.70263e-05 4.64967e-06 7.04912e-07 9.10003e-08 9.65549e-09 8.17373e-10
 2.09881e-11 2.27805e-09 1.45795e-07 5.50185e-06 0.000122423 0.00160622 0.0124265 0.0566957 0.152653 0.243394 0.233794 0.146348 0.076611 0.0433909 0.0220659 0.00804458 0.00218005 0.000520729 0.000115123 2.19524e-05 3.58061e-06 5.01774e-07 5.91068e-08 5.76939e-09 4.57445e-10
 2.14585e-11 2.32912e-09 1.49063e-07 5.62518e-06 0.000125167 0.00164222 0.012705 0.0579643 0.156044 0.248593 0.237804 0.146159 0.0725352 0.0385764 0.0189785 0.00670655 0.00170171 0.000367821 7.52934e-05 1.38119e-05 2.19617e-06 2.98743e-07 3.36071e-08 3.06237e-09 2.23059e-10
 2.18658e-11 2.37332e-09 1.51892e-07 5.73194e-06 0.000127542 0.00167339 0.012946 0.0590624 0.158977 0.253085 0.241236 0.145886 0.0688404 0.0343012 0.0163595 0.00570913 0.0014243 0.000297654 5.78199e-05 9.8374e-06 1.42915e-06 1.80649e-07 1.9411e-08 1.70714e-09 1.19116e-10
 2.22541e-11 2.41547e-09 1.5459e-07 5.83373e-06 0.000129807 0.0017031 0.0131758 0.0601094 0.161775 0.257374 0.244539 0.14571 0.0654456 0.0303066 0.0138188 0.00463219 0.00105474 0.000184959 3.0038e-05 4.61001e-06 6.283e-07 7.41961e-08 7.34746e-09 5.95329e-10 3.89217e-11
 2.23615e-11 2.42712e-09 1.55335e-07 5.86187e-06 0.000130434 0.00171132 0.0132394 0.0603989 0.162548 0.258559 0.245449 0.145653 0.0644952 0.0291951 0.0131212 0.00434682 0.000962278 0.000157409 2.27957e-05 3.03418e-06 3.47669e-07 3.46462e-08 3.04142e-09 2.26397e-10 1.36767e-11
 2.24428e-11 2.43595e-09 1.55901e-07 5.8832e-06 0.000130908 0.00171754 0.0132875 0.0606182 0.163134 0.259454 0.246125 0.145571 0.0637156 0.028314 0.0126108 0.00418719 0.000940933 0.000159308 2.39295e-05 3.17615e-06 3.42464e-07 3.03183e-08 2.27035e-09 1.41968e-10 7.32538e-12
 2.26992e-11 2.46378e-09 1.57682e-07 5.95041e-06 0.000132404 0.00173716 0.0134393 0.0613095 0.164981 0.262282 0.248289 0.145409 0.0614038 0.0256304 0.0109542 0.00354242 0.000754657 0.000112622 1.41706e-05 1.68235e-06 1.77711e-07 1.59183e-08 1.17552e-09 6.86323e-11 3.12666e-12
#obs catch len freq
 4.13955e-11 3.83639e-09 2.09642e-07 6.75497e-06 0.000128339 0.00143779 0.00949984 0.0370534 0.0857468 0.120849 0.11693 0.108186 0.116929 0.118402 0.103896 0.0808969 0.0528561 0.0282009 0.0125867 0.00466768 0.00137162 0.000302625 4.78008e-05 5.19219e-06 3.75395e-07
 5.80528e-11 5.18909e-09 2.73493e-07 8.49939e-06 0.000155747 0.00168291 0.010725 0.0403558 0.0901801 0.123319 0.117971 0.1111 0.12017 0.11809 0.099775 0.075503 0.048676 0.0257412 0.011215 0.00396991 0.00109806 0.000226483 3.32592e-05 3.34004e-06 2.22188e-07
 3.76462e-11 3.23996e-09 1.64417e-07 4.91973e-06 8.68034e-05 0.000903216 0.00554653 0.0201788 0.0443702 0.0647713 0.0838564 0.122921 0.162597 0.163814 0.1348 0.0963238 0.056917 0.0272374 0.0108956 0.00362063 0.000945371 0.000182703 2.49267e-05 2.31292e-06 1.41675e-07
 1.92864e-11 1.59557e-09 7.78337e-08 2.23878e-06 3.79727e-05 0.0003799 0.0022452 0.00790047 0.0172271 0.027517 0.0458485 0.0841991 0.133222 0.174702 0.190809 0.158676 0.0947031 0.0419962 0.0149155 0.00438145 0.00103002 0.000182486 2.30042e-05 1.97222e-06 1.11301e-07
 3.52462e-10 2.79871e-08 1.31036e-06 3.61749e-05 0.000588862 0.00565206 0.0319885 0.106758 0.210169 0.244497 0.169805 0.0750623 0.0308105 0.0257936 0.0306251 0.0295806 0.0211945 0.0113149 0.00448277 0.00130825 0.000281494 4.43946e-05 5.00175e-06 3.8773e-07 1.99536e-08
 1.99665e-10 1.5195e-08 6.81849e-07 1.80412e-05 0.000281478 0.00258998 0.0140663 0.0452896 0.0884092 0.115929 0.137057 0.17784 0.191692 0.135181 0.0600733 0.0192918 0.00684404 0.00331346 0.0014951 0.000495077 0.000113163 1.75628e-05 1.83692e-06 1.28364e-07 5.91296e-09
 5.11587e-10 3.72635e-08 1.60042e-06 4.05298e-05 0.000605206 0.00532889 0.0276723 0.0848229 0.154187 0.170233 0.127797 0.0924359 0.0875242 0.089801 0.0794729 0.0513536 0.0216535 0.00579204 0.00106868 0.00017473 3.02111e-05 4.52344e-06 4.74034e-07 3.22585e-08 1.39735e-09
 7.10022e-10 4.94365e-08 2.0296e-06 4.91317e-05 0.000701306 0.00590311 0.0293126 0.0860458 0.15093 0.16675 0.141825 0.129249 0.118835 0.0851352 0.0475416 0.023317 0.010019 0.00339288 0.000831965 0.000141146 1.66286e-05 1.46077e-06 1.04121e-07 5.87854e-09 2.35327e-10
 9.37797e-10 6.23414e-08 2.4436e-06 5.64774e-05 0.000769688 0.0061858 0.0293321 0.0822883 0.138499 0.149542 0.131241 0.128388 0.124741 0.0979604 0.062625 0.0322405 0.0121763 0.00321988 0.000624267 9.54441e-05 1.14445e-05 9.96449e-07 5.93398e-08 2.39134e-09 6.65215e-11
 1.55021e-09 9.82792e-08 3.67384e-06 8.09782e-05 0.00105247 0.00806664 0.0364771 0.0975635 0.156349 0.159742 0.130394 0.118223 0.109814 0.0851784 0.0547645 0.0282569 0.010639 0.0027944 0.00052162 7.15172e-05 7.28493e-06 5.46283e-07 2.94955e-08 1.10713e-09 2.77935e-11
 2.13014e-09 1.28656e-07 4.5818e-06 9.62129e-05 0.00119133 0.00869958 0.0374941 0.0957502 0.147808 0.151117 0.135153 0.135043 0.122877 0.0859103 0.047966 0.0216454 0.00724177 0.00168811 0.000277739 3.37571e-05 3.08612e-06 2.0699e-07 9.81503e-09 3.19951e-10 7.02803e-12
 3.37628e-09 1.9408e-07 6.57827e-06 0.000131472 0.00154937 0.0107683 0.0441714 0.107368 0.157786 0.153656 0.131132 0.126003 0.112642 0.0800496 0.0460508 0.0206413 0.00648994 0.00134812 0.000186897 1.8276e-05 1.33371e-06 7.35676e-08 2.97619e-09 8.47383e-11 1.63944e-12
 5.18913e-09 2.83638e-07 9.14159e-06 0.000173728 0.00194681 0.0128665 0.0501971 0.116149 0.163172 0.154462 0.132236 0.126341 0.108276 0.0724693 0.0390902 0.0165199 0.00495036 0.000992255 0.000133866 1.26066e-05 8.49492e-07 4.0771e-08 1.3703e-09 3.18697e-11 5.08174e-13
 7.01358e-09 3.64225e-07 1.11529e-05 0.000201371 0.00214399 0.0134643 0.0499436 0.110198 0.149708 0.144437 0.136605 0.138998 0.11768 0.0760936 0.0393804 0.015779 0.00442581 0.000820678 0.000101339 8.69671e-06 5.37795e-07 2.39503e-08 7.47129e-10 1.58562e-11 2.24192e-13
 1.15025e-08 5.67083e-07 1.6485e-05 0.00028257 0.00285613 0.0170278 0.0599591 0.12555 0.161604 0.146827 0.129955 0.125842 0.104945 0.0692376 0.03668 0.0145449 0.00390738 0.000680662 7.78767e-05 6.10955e-06 3.41522e-07 1.36797e-08 3.84313e-10 7.38338e-12 9.50771e-14
 1.61359e-08 7.54706e-07 2.08137e-05 0.000338468 0.00324574 0.0183616 0.0614016 0.122593 0.153261 0.143707 0.139335 0.138045 0.108693 0.0651801 0.0311586 0.0113159 0.0028273 0.000461852 4.96961e-05 3.65958e-06 1.90621e-07 7.037e-09 1.80176e-10 3.12684e-12 3.61814e-14
 2.57311e-08 1.14106e-06 2.98364e-05 0.000460024 0.00418257 0.0224341 0.0711286 0.134638 0.159499 0.141509 0.130302 0.125403 0.100059 0.0634487 0.0319076 0.0116612 0.00283837 0.00044764 4.66878e-05 3.34826e-06 1.69133e-07 5.9747e-09 1.4415e-10 2.32716e-12 2.47994e-14
 3.37793e-08 1.41954e-06 3.51748e-05 0.000513946 0.00442858 0.0225198 0.0678072 0.122903 0.144469 0.139952 0.146611 0.1435 0.106874 0.0610553 0.0276398 0.00925456 0.00209363 0.000309201 3.03332e-05 2.0545e-06 9.84494e-08 3.31209e-09 7.62506e-11 1.17304e-12 1.18531e-14
 5.78528e-08 2.30295e-06 5.40547e-05 0.000748138 0.00610631 0.0294084 0.0838077 0.143291 0.156608 0.136175 0.12817 0.121269 0.094521 0.0591682 0.0285723 0.00963911 0.00212502 0.000303501 2.891e-05 1.90602e-06 8.83075e-08 2.83648e-09 6.16876e-11 8.91658e-13 8.45448e-15
 8.66925e-08 3.26787e-06 7.26338e-05 0.000951954 0.00735807 0.0335669 0.0907151 0.147885 0.157552 0.140546 0.136038 0.122771 0.0861837 0.0475711 0.0206683 0.00651062 0.00138748 0.000197932 1.93452e-05 1.31902e-06 6.2267e-08 1.98918e-09 4.2155e-11 5.85331e-13 5.2756e-15
 1.13253e-07 4.04163e-06 8.50462e-05 0.00105528 0.00772316 0.033377 0.0856653 0.13417 0.143583 0.14009 0.14727 0.134077 0.0931044 0.0507555 0.0213276 0.00630887 0.00123179 0.000157932 1.37663e-05 8.49176e-07 3.74867e-08 1.15788e-09 2.41971e-11 3.32686e-13 2.94932e-15
 1.86074e-07 6.28566e-06 0.000125201 0.00147054 0.0101873 0.0416705 0.101188 0.149635 0.149985 0.13539 0.133656 0.118955 0.0840385 0.0470895 0.0197572 0.00565476 0.00105197 0.000127766 1.04792e-05 5.99843e-07 2.41422e-08 6.72234e-10 1.26779e-11 1.59222e-13 1.31207e-15
 2.67617e-07 8.55677e-06 0.000161324 0.00179354 0.011762 0.0455679 0.105051 0.149059 0.148776 0.140884 0.141104 0.11911 0.0771504 0.0393752 0.0152571 0.00411121 0.000733657 8.70572e-05 7.0665e-06 3.99728e-07 1.5643e-08 4.14434e-10 7.29146e-12 8.41149e-14 6.29946e-16
 3.68023e-07 1.11378e-05 0.000198758 0.00209162 0.0129854 0.0476563 0.104388 0.142578 0.142841 0.142285 0.145545 0.121801 0.0785547 0.0397295 0.0148665 0.00377212 0.000623263 6.77517e-05 5.02546e-06 2.62222e-07 9.63158e-09 2.4323e-10 4.10815e-12 4.54121e-14 3.23259e-16
 5.85978e-07 1.67866e-05 0.000283556 0.00282457 0.016599 0.0576648 0.119564 0.15453 0.146244 0.137512 0.134176 0.109362 0.0699641 0.0349626 0.0126784 0.00307808 0.000485795 5.05949e-05 3.59303e-06 1.7769e-07 6.08908e-09 1.41709e-10 2.19733e-12 2.23827e-14 1.47937e-16
 7.99924e-07 2.16932e-05 0.000346897 0.0032714 0.0182049 0.059954 0.118439 0.148921 0.145284 0.146074 0.14268 0.109717 0.0646971 0.0297319 0.0100041 0.00227652 0.000339775 3.37408e-05 2.29788e-06 1.09051e-07 3.57059e-09 7.88459e-11 1.15053e-12 1.09321e-14 6.68469e-17
 1.12571e-06 2.89033e-05 0.000437596 0.00390726 0.0205905 0.0642646 0.120731 0.146342 0.142353 0.145196 0.141174 0.108464 0.0647507 0.0296993 0.00966535 0.002078 0.00028926 2.66008e-05 1.67372e-06 7.3604e-08 2.24753e-09 4.65648e-11 6.39663e-13 5.72409e-15 3.29012e-17
 1.57719e-06 3.83448e-05 0.000549718 0.00464803 0.0232004 0.0686603 0.122892 0.144507 0.141827 0.147146 0.1409 0.10567 0.0617303 0.0275212 0.00864113 0.00179764 0.000245177 2.23969e-05 1.40303e-06 6.04912e-08 1.76725e-09 3.43169e-11 4.36808e-13 3.60898e-15 1.91719e-17
#spawning biomass
 31899.2 36179.6 26605.7 16346.8 19044 28236.4 37563.3 43991.6 54796.5 65262.4 67396.3 68773.7 84086.7 83568 102329 103852 120001 108899 116798 112013 104217 100511 95021.4 117213 105188 99366.5 121503 101283 127462 220643 189801 143999 104092 75726.6 57686.5 46985.7 40929.5 37613.6 35841.1 34910.3 34428 34180.7 34054.6 33990 33958.1 33942.2 33934.4 33930.5 33928.6 33927.6 33927.1 33926.9 33926.8 33926.7 33926.7 33926.7 33926.7 33926.7 33926.7 33926.7 33926.7 33926.7 33926.7 33926.7 33926.7 33926.7 33926.7 33926.7 33926.7 33926.7 33926.7 33926.7 33926.7 33926.7 33926.7 33926.7 33926.7 33926.7 33926.7 33926.7 33926.7 33926.7 33926.7 33926.7 33926.7 33926.7 33926.7 33926.7 33926.7 33926.7 33926.7 33926.7 33926.7 33926.7 33926.7 33926.7 33926.7 33926.7 33926.7 33926.7 33926.7 33926.7 33926.7 33926.7 33926.7 33926.7 33926.7 33926.7 33926.7 33926.7 33926.7 33926.7 33926.7 33926.7 33926.7 33926.7 33926.7 33926.7 33926.7 33926.7 33926.7 33926.7 33926.7 33926.7 33926.7 33926.7 33926.7 33926.7 0 0 0 0 0 0 0 0 0 0 0 0 0 0 0 0 0 0 0 0 0 0 0 0 0
