SBPRF35
0.819782
Curr Bio
88918.7
B35
669653
F35
0.20577
FOFL
0.0652648
OFL
12744.5
Bzero
234224
#pred survey bio
 6101 6640.63 7951.82 11159.2 15531.7 18191.5 17703.8 22261.5 32299.3 46238.8 60327.5 79234.8 108242 127784 132193 108816 106995 102530 96593.4 95832.3 101321 101784 109976 109924 124105 128134 118308 105387 93649.7 8.40136e+06 6.92188e+06 7.20834e+06 6.78403e+06 6.02353e+06 5.18992e+06 4.42558e+06 3.78763e+06 3.2846e+06 2.90219e+06 2.61835e+06 2.4109e+06 2.26065e+06 2.15191e+06 2.07241e+06 2.0144e+06 1.97321e+06 1.94368e+06 1.92228e+06 1.90661e+06 1.89501e+06 1.88633e+06 1.87977e+06 1.87476e+06 1.8709e+06 1.86789e+06 1.86554e+06 1.86369e+06 1.86222e+06 1.86104e+06 1.8601e+06 1.85935e+06 1.85874e+06 1.85825e+06 1.85785e+06 1.85752e+06 1.85726e+06 1.85704e+06 1.85687e+06 1.85673e+06 1.85661e+06 1.85652e+06 1.85644e+06 1.85637e+06 1.85632e+06 1.85628e+06 1.85625e+06 1.85622e+06 1.85619e+06 1.85617e+06 1.85616e+06 1.85615e+06 1.85614e+06 1.85613e+06 1.85612e+06 1.85611e+06 1.85611e+06 1.85611e+06 1.8561e+06 1.8561e+06 1.8561e+06 1.8561e+06 1.8561e+06 1.85609e+06 1.85609e+06 1.85609e+06 1.85609e+06 1.85609e+06 1.85609e+06 1.85609e+06 1.85609e+06 1.85609e+06 1.85609e+06 1.85609e+06 1.85609e+06 1.85609e+06 1.85609e+06 1.85609e+06 1.85609e+06 1.85609e+06 1.85609e+06 1.85609e+06 1.85609e+06 1.85609e+06 1.85609e+06 1.85609e+06 1.85609e+06 1.85609e+06 1.85609e+06 1.85609e+06 1.85609e+06 1.85609e+06 1.85609e+06 1.85609e+06 1.85609e+06 1.85609e+06 1.85609e+06 1.85609e+06 1.85609e+06 1.85609e+06 0 0 0 0 0 0 0 0 0 0 0 0 0 0 0 0 0 0 0 0 0 0 0 0 0
#obs survey bio
 5431.41 7790.46 13621 14208.3 17721.2 20638.6 21080.7 38330.4 45898.1 53767.8 54358.3 60497.6 106228 152570 124128 75769.2 118276 154087 85819.5 89646.9 144631 160072 117061 89127.5 118500 110526 201437 97385 88194.5
#pred catch bio
 3923.44 4773.54 5606.07 7827.58 10952.5 13823.5 13383.5 16793.6 23698.1 34917.5 47119.3 61282.7 86086.4 100270 111543 89586.1 90134.3 86513.3 81262.3 80666.1 87812.4 85745.6 97049.3 95804.4 109623 115001 104188 94043.1 1.28544 12744.5 55242.8 57124.5 53228.5 46670.2 39625 33256.4 28015 23947.3 20912.8 18711.5 17146.6 16050.5 15289.2 14761.3 14399.1 14157.7 13996.8 13889.6 13818.1 13770.5 13738.8 13717.6 13703.5 13694.1 13687.8 13683.7 13680.9 13679 13677.8 13677 13676.4 13676.1 13675.8 13675.7 13675.5 13675.5 13675.4 13675.4 13675.4 13675.4 13675.4 13675.3 13675.3 13675.3 13675.3 13675.3 13675.3 13675.3 13675.3 13675.3 13675.3 13675.3 13675.3 13675.3 13675.3 13675.3 13675.3 13675.3 13675.3 13675.3 13675.3 13675.3 13675.3 13675.3 13675.3 13675.3 13675.3 13675.3 13675.3 13675.3 13675.3 13675.3 13675.3 13675.3 13675.3 13675.3 13675.3 13675.3 13675.3 13675.3 13675.3 13675.3 13675.3 13675.3 13675.3 13675.3 13675.3 13675.3 13675.3 13675.3 13675.3 13675.3 13675.3 13675.3 13675.3 13675.3 13675.3 13675.3 13675.3 0 0 0 0 0 0 0 0 0 0 0 0 0 0 0 0 0 0 0 0 0 0 0 0 0
#obs catch bio
 5056.65 4711.45 5433.21 7570.89 10572.1 13491.8 13017.5 16148 22748.3 34081.2 46121 60889.5 83821.9 96436.9 111259 91553.2 88853.9 84079.3 79020.5 79643.1 85245.9 82931.6 93255.7 95680 108454 112075 100596 95891.8 1.17609
#pred cpue bio
 5428.19 5677.02 6602.88 9193.8 12920.3 15695.9 14992.4 18019.4 26109.8 37980.5 49523.2 63937.4 87941.5 105531 112367 91062.1 88443.9 84882.1 80118.8 78527 82566 82678 89730.9 88162.1 99025.2 103761 95984.7 87400.5 75389.8 7.76226e+06 6.88525e+06 7.17171e+06 6.7474e+06 5.98691e+06 5.1533e+06 4.38895e+06 3.751e+06 3.24798e+06 2.86556e+06 2.58172e+06 2.37428e+06 2.22403e+06 2.11528e+06 2.03578e+06 1.97778e+06 1.93659e+06 1.90705e+06 1.88565e+06 1.86998e+06 1.85839e+06 1.84971e+06 1.84314e+06 1.83813e+06 1.83427e+06 1.83127e+06 1.82892e+06 1.82706e+06 1.82559e+06 1.82442e+06 1.82348e+06 1.82272e+06 1.82211e+06 1.82162e+06 1.82122e+06 1.8209e+06 1.82063e+06 1.82042e+06 1.82025e+06 1.8201e+06 1.81999e+06 1.81989e+06 1.81981e+06 1.81975e+06 1.8197e+06 1.81966e+06 1.81962e+06 1.81959e+06 1.81957e+06 1.81955e+06 1.81953e+06 1.81952e+06 1.81951e+06 1.8195e+06 1.8195e+06 1.81949e+06 1.81949e+06 1.81948e+06 1.81948e+06 1.81948e+06 1.81947e+06 1.81947e+06 1.81947e+06 1.81947e+06 1.81947e+06 1.81947e+06 1.81947e+06 1.81947e+06 1.81947e+06 1.81947e+06 1.81947e+06 1.81947e+06 1.81946e+06 1.81946e+06 1.81946e+06 1.81946e+06 1.81946e+06 1.81946e+06 1.81946e+06 1.81946e+06 1.81946e+06 1.81946e+06 1.81946e+06 1.81946e+06 1.81946e+06 1.81946e+06 1.81946e+06 1.81946e+06 1.81946e+06 1.81946e+06 1.81946e+06 1.81946e+06 1.81946e+06 1.81946e+06 1.81946e+06 1.81946e+06 1.81946e+06 1.81946e+06 1.81946e+06 1.81946e+06 0 0 0 0 0 0 0 0 0 0 0 0 0 0 0 0 0 0 0 0 0 0 0 0 0
#obs cpue bio
 7105.11 7555.11 6691.18 12244.9 18958.3 18089.4 22907.6 19013.4 35614.4 39069 83223.3 76499 166786 158138 107348 83974.9 121086 93289.1 134766 97126.9 101632 88797.1 161351 91759.5 131847 190543 104856 141503 146701
#pred surv len freq
 2.56636e-27 2.59694e-27 4.07016e-26 8.0464e-20 1.97248e-14 5.8448e-10 2.09351e-06 0.00090641 0.0474382 0.300107 0.229755 0.0376436 0.12511 0.115574 0.0288799 0.0371524 0.017133 0.014803 0.00994827 0.0081591 0.00682485 0.0062245 0.00653936 0.00596153 0.00183738
 2.5677e-27 2.60028e-27 4.32432e-26 8.5824e-20 2.10387e-14 6.23415e-10 2.23297e-06 0.00096679 0.0505983 0.320099 0.245067 0.0405965 0.136827 0.126063 0.0251884 0.0258601 0.0101212 0.00647928 0.00353211 0.00241757 0.00174904 0.00141365 0.00134734 0.00124786 0.000423659
 2.56886e-27 2.60334e-27 4.58251e-26 9.12703e-20 2.23738e-14 6.62976e-10 2.37467e-06 0.00102814 0.0538092 0.340412 0.260583 0.0409447 0.128576 0.118348 0.0220678 0.0205966 0.00716055 0.00328904 0.00137394 0.000691706 0.000386737 0.000258963 0.000213552 0.000190514 6.75017e-05
 2.56915e-27 2.60408e-27 4.64344e-26 9.25555e-20 2.26889e-14 6.72312e-10 2.40811e-06 0.00104262 0.0545669 0.345205 0.264246 0.0411152 0.1273 0.117121 0.0209741 0.0183906 0.00617589 0.00248316 0.000843523 0.000295785 0.000111279 5.34591e-05 3.48415e-05 2.80311e-05 9.96196e-06
 2.56863e-27 2.60265e-27 4.51677e-26 8.98831e-20 2.20338e-14 6.529e-10 2.33858e-06 0.00101251 0.0529914 0.335238 0.256642 0.0415637 0.136055 0.125192 0.0222592 0.0192836 0.00635201 0.0023566 0.000747543 0.000218039 5.54342e-05 1.62263e-05 6.94053e-06 4.52062e-06 1.54653e-06
 2.56653e-27 2.597e-27 4.01953e-26 7.93937e-20 1.94624e-14 5.76706e-10 2.06566e-06 0.000894353 0.0468072 0.296115 0.226789 0.0427968 0.166414 0.153262 0.028226 0.0258355 0.00848878 0.00309855 0.000948329 0.000253506 5.43782e-05 1.03728e-05 2.33213e-06 9.85987e-07 3.04312e-07
 2.56772e-27 2.6003e-27 4.31714e-26 8.56721e-20 2.10015e-14 6.22311e-10 2.22902e-06 0.000965078 0.0505087 0.319532 0.244647 0.0414054 0.143278 0.132022 0.0264454 0.0271343 0.00907857 0.00354589 0.0010853 0.000282907 5.61181e-05 8.86545e-06 1.14387e-06 2.23361e-07 5.3382e-08
 2.57001e-27 2.60642e-27 4.85224e-26 9.69604e-20 2.37687e-14 7.04308e-10 2.52271e-06 0.00109224 0.0571638 0.361634 0.276779 0.0403945 0.113009 0.103953 0.0189783 0.0171648 0.00597108 0.00270408 0.000862602 0.000236854 4.63415e-05 6.79996e-06 6.79692e-07 5.87669e-08 7.62198e-09
 2.56997e-27 2.60625e-27 4.82908e-26 9.64714e-20 2.36488e-14 7.00756e-10 2.50999e-06 0.00108673 0.0568756 0.35981 0.275398 0.0411068 0.119401 0.109717 0.0175878 0.0125151 0.00414594 0.0016027 0.000541 0.00016842 3.50009e-05 5.18393e-06 4.75052e-07 2.67016e-08 1.37403e-09
 2.56921e-27 2.60419e-27 4.64737e-26 9.26382e-20 2.27091e-14 6.72912e-10 2.41026e-06 0.00104355 0.0546157 0.345514 0.264489 0.0415763 0.130638 0.120116 0.0199626 0.0153002 0.00478319 0.00138732 0.000420804 0.000118663 2.7491e-05 4.45809e-06 4.16418e-07 2.04616e-08 5.43632e-10
 2.56926e-27 2.60433e-27 4.6621e-26 9.2949e-20 2.27853e-14 6.7517e-10 2.41835e-06 0.00104705 0.0547989 0.346673 0.265371 0.0413868 0.128576 0.118244 0.0201982 0.016315 0.00518737 0.00163044 0.000448417 9.72588e-05 1.96663e-05 3.31735e-06 3.44144e-07 1.7158e-08 3.62856e-10
 2.57006e-27 2.60649e-27 4.85166e-26 9.69478e-20 2.37656e-14 7.04217e-10 2.52239e-06 0.0010921 0.0571564 0.361587 0.276752 0.0409309 0.117111 0.107637 0.0178205 0.0135631 0.00436177 0.00145969 0.000415873 9.30645e-05 1.52269e-05 2.09012e-06 2.16327e-07 1.18335e-08 2.48711e-10
 2.56972e-27 2.60554e-27 4.76553e-26 9.51308e-20 2.33202e-14 6.91018e-10 2.47511e-06 0.00107163 0.0560852 0.35481 0.271585 0.041383 0.124182 0.114119 0.0181966 0.0127839 0.00404758 0.00126463 0.000365739 8.69407e-05 1.48126e-05 1.78178e-06 1.46191e-07 7.79069e-09 1.75754e-10
 2.56892e-27 2.60336e-27 4.57179e-26 9.10435e-20 2.23182e-14 6.61329e-10 2.36877e-06 0.00102559 0.0536755 0.339566 0.259954 0.0420024 0.137067 0.126003 0.020188 0.0143306 0.00446319 0.00127159 0.000354539 8.02354e-05 1.42413e-05 1.79617e-06 1.33128e-07 5.7176e-09 1.2403e-10
 2.56738e-27 2.59921e-27 4.20754e-26 8.33596e-20 2.04346e-14 6.05514e-10 2.16885e-06 0.000939029 0.0491454 0.310907 0.238084 0.042835 0.158769 0.146089 0.024813 0.0198271 0.00620122 0.00178523 0.000483276 0.000100434 1.68861e-05 2.14063e-06 1.65532e-07 6.46629e-09 1.16278e-10
 2.56827e-27 2.60167e-27 4.42649e-26 8.79787e-20 2.15669e-14 6.39066e-10 2.28903e-06 0.000991061 0.0518686 0.328135 0.251226 0.0420465 0.143534 0.132055 0.0227671 0.0187035 0.00600713 0.00198237 0.00054736 0.000113647 1.79015e-05 2.10637e-06 1.60765e-07 6.43636e-09 1.05522e-10
 2.56891e-27 2.60337e-27 4.5757e-26 9.11263e-20 2.23385e-14 6.6193e-10 2.37092e-06 0.00102652 0.0537243 0.339875 0.260186 0.0417291 0.134825 0.123986 0.0207752 0.0161907 0.00523103 0.00178748 0.000519525 0.00012093 1.93745e-05 2.1829e-06 1.5369e-07 6.0098e-09 9.90618e-11
 2.56879e-27 2.60303e-27 4.54204e-26 9.0416e-20 2.21644e-14 6.56771e-10 2.35244e-06 0.00101852 0.0533056 0.337226 0.258169 0.0421178 0.1392 0.12796 0.0203296 0.014167 0.00450904 0.00144857 0.000423563 0.00010302 1.81767e-05 2.18099e-06 1.48907e-07 5.40157e-09 8.63661e-11
 2.5687e-27 2.60276e-27 4.51859e-26 8.99214e-20 2.20431e-14 6.53178e-10 2.33957e-06 0.00101295 0.0530139 0.335381 0.256761 0.0421641 0.140541 0.129209 0.0207471 0.0147985 0.00460203 0.00129982 0.000365592 8.4885e-05 1.53892e-05 2.00476e-06 1.48342e-07 5.28953e-09 7.91494e-11
 2.56931e-27 2.60444e-27 4.66846e-26 9.3083e-20 2.28182e-14 6.76144e-10 2.42183e-06 0.00104856 0.0548779 0.347173 0.265757 0.0416431 0.130256 0.119734 0.0193718 0.014048 0.00439036 0.00127062 0.000343221 7.10368e-05 1.21815e-05 1.58614e-06 1.26537e-07 4.88069e-09 7.25623e-11
 2.56956e-27 2.6051e-27 4.72532e-26 9.42824e-20 2.31122e-14 6.84856e-10 2.45304e-06 0.00106207 0.055585 0.351646 0.269172 0.0416127 0.127625 0.117273 0.0183375 0.0123079 0.00385356 0.00113673 0.000310321 6.46491e-05 1.01503e-05 1.20813e-06 9.49812e-08 3.91345e-09 6.2469e-11
 2.56969e-27 2.60543e-27 4.75263e-26 9.48585e-20 2.32534e-14 6.8904e-10 2.46803e-06 0.00106856 0.0559246 0.353795 0.270814 0.0416876 0.127041 0.116701 0.0176201 0.0108111 0.00332843 0.000900636 0.000244631 5.19049e-05 8.23618e-06 9.279e-07 6.59217e-08 2.65336e-09 4.47995e-11
 2.56949e-27 2.60489e-27 4.70507e-26 9.38552e-20 2.30075e-14 6.81753e-10 2.44192e-06 0.00105726 0.0553332 0.350053 0.267958 0.0417637 0.129627 0.119105 0.0183765 0.011928 0.00362188 0.000888146 0.000231346 4.57278e-05 7.27789e-06 8.30757e-07 5.65828e-08 2.07254e-09 3.40353e-11
 2.57026e-27 2.60699e-27 4.89034e-26 9.77637e-20 2.39656e-14 7.10143e-10 2.54361e-06 0.00110129 0.0576374 0.36463 0.279081 0.0412737 0.118083 0.108436 0.016187 0.00962165 0.002943 0.000765969 0.000195637 3.52536e-05 5.23601e-06 5.78418e-07 3.97281e-08 1.40028e-09 2.11684e-11
 2.57047e-27 2.60756e-27 4.93969e-26 9.88046e-20 2.42208e-14 7.17704e-10 2.5707e-06 0.00111301 0.0582511 0.368512 0.282044 0.0411968 0.115416 0.10596 0.0154769 0.0086226 0.00259658 0.000615369 0.000157649 2.96277e-05 4.15497e-06 4.19399e-07 2.73901e-08 9.61345e-10 1.40031e-11
 2.5698e-27 2.60571e-27 4.77405e-26 9.53102e-20 2.33641e-14 6.92321e-10 2.47978e-06 0.00107365 0.056191 0.355479 0.272103 0.0418511 0.12738 0.116964 0.0167729 0.00880656 0.00262392 0.00058062 0.000143226 2.49639e-05 3.56586e-06 3.54575e-07 2.11231e-08 6.97641e-10 9.99777e-12
 2.56972e-27 2.60549e-27 4.75577e-26 9.49246e-20 2.32696e-14 6.89521e-10 2.46975e-06 0.00106931 0.0559636 0.354041 0.271005 0.0418508 0.128149 0.117688 0.0171596 0.00950476 0.00281425 0.000585765 0.000140419 2.28781e-05 3.05943e-06 2.95353e-07 1.74834e-08 5.33249e-10 7.15569e-12
 2.56865e-27 2.60258e-27 4.49797e-26 8.94862e-20 2.19365e-14 6.50016e-10 2.32825e-06 0.00100804 0.0527573 0.333758 0.255529 0.042645 0.145066 0.133293 0.0198253 0.0116568 0.00348028 0.000764629 0.000182365 2.8026e-05 3.54747e-06 3.17476e-07 1.78849e-08 5.3586e-10 6.72094e-12
 2.57011e-27 2.60658e-27 4.85523e-26 9.7023e-20 2.3784e-14 7.04763e-10 2.52434e-06 0.00109294 0.0572007 0.361867 0.276972 0.0412811 0.119622 0.109881 0.0169065 0.010896 0.00328703 0.000768821 0.000187762 3.01264e-05 3.70956e-06 3.10884e-07 1.61888e-08 4.57206e-10 5.56457e-12
#obs surv len freq
 1.63648e-41 2.27133e-33 3.81063e-26 7.72788e-20 1.8944e-14 5.61345e-10 2.01065e-06 0.00087054 0.0455606 0.28823 0.22083 0.0442186 0.164372 0.139759 0.0437296 0.0356822 0.0117272 0.00402998 0.000869713 0.000112425 6.35334e-06 1.13182e-07 4.71756e-10 3.7018e-13 4.73889e-17
 1.89824e-41 2.63463e-33 4.42014e-26 8.96395e-20 2.19741e-14 6.51132e-10 2.33225e-06 0.00100978 0.052848 0.334332 0.256046 0.0440384 0.132718 0.1068 0.0342108 0.0262329 0.0084186 0.00273126 0.000547219 6.24103e-05 2.93221e-06 4.10183e-08 1.28515e-10 7.36541e-14 6.77193e-18
 1.92582e-41 2.67291e-33 4.48436e-26 9.0942e-20 2.22934e-14 6.60593e-10 2.36614e-06 0.00102446 0.0536159 0.33919 0.259838 0.0470639 0.141084 0.106187 0.027167 0.017439 0.00541091 0.00164187 0.000303632 3.03974e-05 1.18235e-06 1.29379e-08 3.04389e-11 1.27593e-14 8.44094e-19
 1.96643e-41 2.72927e-33 4.57892e-26 9.28596e-20 2.27634e-14 6.74523e-10 2.41603e-06 0.00104606 0.0547465 0.346343 0.265363 0.048725 0.13878 0.0983762 0.0262464 0.015524 0.00373944 0.000937059 0.000156987 1.36679e-05 4.37581e-07 3.73643e-09 6.59632e-12 2.02386e-15 9.65244e-20
 1.76656e-41 2.45187e-33 4.11352e-26 8.34215e-20 2.04498e-14 6.05965e-10 2.17047e-06 0.000939737 0.0491821 0.311141 0.238676 0.0548893 0.175747 0.116901 0.0308852 0.0168133 0.00390462 0.000808436 0.000101669 7.3068e-06 1.90342e-07 1.26338e-09 1.6732e-12 3.76183e-16 1.29554e-20
 1.44969e-41 2.01208e-33 3.37568e-26 6.84582e-20 1.67817e-14 4.97273e-10 1.78115e-06 0.000771177 0.0403603 0.255334 0.196337 0.0625554 0.221346 0.140389 0.0491462 0.0267369 0.00581737 0.00108762 0.000111773 5.80012e-06 1.14176e-07 5.80185e-10 5.74953e-13 9.47931e-17 2.36165e-21
 2.08427e-41 2.89283e-33 4.85332e-26 9.84243e-20 2.41276e-14 7.14944e-10 2.56081e-06 0.00110874 0.0580272 0.367098 0.28136 0.0502947 0.112686 0.0693687 0.0347689 0.0192847 0.00500428 0.000912857 8.09618e-05 3.23385e-06 4.44203e-08 1.60456e-10 1.16144e-13 1.39754e-17 2.51936e-22
 1.98466e-41 2.75458e-33 4.62138e-26 9.37207e-20 2.29745e-14 6.80778e-10 2.43843e-06 0.00105576 0.0552542 0.349556 0.268312 0.0602239 0.151949 0.0818455 0.0192439 0.00893354 0.00297113 0.000597504 5.35099e-05 1.7715e-06 1.78433e-08 4.40222e-11 2.18182e-14 1.84634e-18 2.37521e-23
 2.01889e-41 2.80209e-33 4.70109e-26 9.53371e-20 2.33708e-14 6.92519e-10 2.48049e-06 0.00107397 0.0562071 0.355586 0.27304 0.0617685 0.144855 0.0743287 0.0226496 0.00865363 0.00151389 0.000291515 2.88698e-05 9.09903e-07 7.39665e-09 1.31365e-11 4.4348e-15 2.52818e-19 2.22156e-24
 1.72862e-41 2.39922e-33 4.02518e-26 8.16299e-20 2.00106e-14 5.92951e-10 2.12385e-06 0.000919555 0.0481259 0.304465 0.234642 0.0762243 0.199199 0.0953389 0.0285672 0.0103653 0.0019024 0.000231015 1.70212e-05 5.25498e-07 3.84188e-09 5.42459e-12 1.33061e-15 5.24398e-20 3.11992e-25
 2.02069e-41 2.80458e-33 4.70526e-26 9.54217e-20 2.33915e-14 6.93133e-10 2.48269e-06 0.00107492 0.056257 0.355904 0.27366 0.0666378 0.139213 0.0662153 0.0290133 0.0100765 0.00174057 0.000195525 1.00906e-05 2.14776e-07 1.33391e-09 1.60395e-12 3.12011e-16 9.14553e-21 3.87097e-26
 1.84513e-41 2.56092e-33 4.29647e-26 8.71316e-20 2.13593e-14 6.32914e-10 2.267e-06 0.000981531 0.0513694 0.324988 0.250837 0.0818263 0.180915 0.0758305 0.0233411 0.00801389 0.0017078 0.000179175 7.86213e-06 1.17766e-07 4.88503e-10 4.43766e-13 6.90529e-17 1.59417e-21 5.12883e-27
 1.92206e-41 2.66769e-33 4.47561e-26 9.07644e-20 2.22498e-14 6.59303e-10 2.36152e-06 0.00102246 0.0535112 0.33854 0.261334 0.0809594 0.160894 0.0673653 0.0272275 0.00772383 0.00127358 0.000140393 5.90525e-06 7.11233e-08 2.07606e-10 1.24735e-13 1.34592e-17 2.29705e-22 5.62311e-28
 1.62153e-41 2.25058e-33 3.77581e-26 7.65727e-20 1.87709e-14 5.56216e-10 1.99227e-06 0.000862586 0.0451443 0.285618 0.222374 0.104407 0.217031 0.0836705 0.0304965 0.00876223 0.00149833 0.000128349 4.80251e-06 5.21255e-08 1.20466e-10 5.17208e-14 3.75715e-18 4.28327e-23 7.20977e-29
 1.48949e-41 2.06731e-33 3.46834e-26 7.03372e-20 1.72423e-14 5.10922e-10 1.83004e-06 0.000792344 0.0414682 0.26237 0.205514 0.113185 0.223764 0.0932915 0.0457974 0.0118117 0.00184882 0.00015118 4.55682e-06 3.97326e-08 7.64398e-11 2.58894e-14 1.38311e-18 1.10194e-23 1.25894e-29
 1.72184e-41 2.3898e-33 4.00939e-26 8.13096e-20 1.99321e-14 5.90624e-10 2.11552e-06 0.000915947 0.0479371 0.303295 0.236549 0.103031 0.17678 0.0760694 0.0411037 0.0121115 0.00205426 0.000147116 3.84018e-06 2.65478e-08 3.88433e-11 1.02096e-14 4.22735e-19 2.53619e-24 2.10788e-30
 1.68396e-41 2.33722e-33 3.92118e-26 7.95207e-20 1.94936e-14 5.7763e-10 2.06898e-06 0.000895795 0.0468824 0.296637 0.23292 0.118651 0.191954 0.0703213 0.0305773 0.00929682 0.00173149 0.000128603 2.91374e-06 1.62751e-08 1.83778e-11 3.58717e-15 1.09797e-19 4.91685e-25 3.05787e-31
 1.69487e-41 2.35236e-33 3.94658e-26 8.00358e-20 1.96198e-14 5.81372e-10 2.08238e-06 0.000901598 0.0471861 0.298571 0.235372 0.124028 0.18503 0.0698982 0.0303828 0.0073126 0.00122114 9.22967e-05 1.99766e-06 9.4272e-09 8.31285e-12 1.22533e-15 2.76637e-20 8.9995e-26 4.0519e-32
 1.65803e-41 2.30123e-33 3.8608e-26 7.82962e-20 1.91934e-14 5.68735e-10 2.03712e-06 0.000882002 0.0461605 0.292104 0.232045 0.135444 0.188139 0.0689231 0.0286405 0.00667809 0.000923474 5.79437e-05 1.14231e-06 4.77465e-09 3.46468e-12 3.95255e-16 6.67328e-21 1.59543e-26 5.21912e-33
 1.75486e-41 2.43563e-33 4.08628e-26 8.28689e-20 2.03143e-14 6.01951e-10 2.15609e-06 0.000933513 0.0488565 0.309174 0.245741 0.133616 0.167669 0.0625508 0.0252673 0.005473 0.00068155 3.45711e-05 5.36176e-07 1.8542e-09 1.11726e-12 1.02537e-16 1.34142e-21 2.41096e-27 5.8118e-34
 1.70898e-41 2.37195e-33 3.97943e-26 8.07021e-20 1.97832e-14 5.86211e-10 2.09971e-06 0.000909104 0.047579 0.301129 0.241959 0.148213 0.173062 0.0599767 0.0220479 0.00458816 0.000511989 2.17502e-05 2.60903e-07 6.78902e-10 3.14979e-13 2.26568e-17 2.31776e-22 3.2121e-28 5.86717e-35
 1.7295e-41 2.40043e-33 4.02722e-26 8.16712e-20 2.00207e-14 5.93251e-10 2.12493e-06 0.000920021 0.0481505 0.304779 0.246405 0.152706 0.164248 0.0585079 0.0202142 0.00369005 0.000363823 1.30629e-05 1.23563e-07 2.40739e-10 8.16612e-14 4.313e-18 3.28625e-23 3.42784e-29 4.7271e-36
 1.72034e-41 2.38772e-33 4.00589e-26 8.12387e-20 1.99147e-14 5.90109e-10 2.11368e-06 0.000915149 0.0478956 0.303218 0.247628 0.161565 0.160698 0.0562821 0.0183772 0.00314892 0.000263184 7.74126e-06 5.81062e-08 8.60364e-11 2.14716e-14 8.18838e-19 4.47735e-24 3.36191e-30 3.36198e-37
 1.7367e-41 2.41042e-33 4.04399e-26 8.20113e-20 2.01041e-14 5.95721e-10 2.13378e-06 0.000923851 0.0483512 0.306158 0.252095 0.166228 0.152814 0.05405 0.0165614 0.00262046 0.000191718 4.55928e-06 2.64635e-08 2.97286e-11 5.51641e-15 1.53559e-19 6.0477e-25 3.24378e-31 2.30814e-38
 1.68461e-41 2.33813e-33 3.92269e-26 7.95515e-20 1.95011e-14 5.77853e-10 2.06978e-06 0.000896142 0.0469013 0.297082 0.249143 0.180704 0.154908 0.0529643 0.0150556 0.00220054 0.000139596 2.71847e-06 1.21919e-08 1.02286e-11 1.39914e-15 2.84961e-20 8.14761e-26 3.14877e-32 1.6042e-39
 1.59356e-41 2.21175e-33 3.71067e-26 7.52517e-20 1.84471e-14 5.4662e-10 1.95791e-06 0.000847706 0.0443667 0.281182 0.241922 0.196872 0.160502 0.0570691 0.0151392 0.0019873 0.000108528 1.72382e-06 6.01406e-09 3.78839e-12 3.80206e-16 5.61697e-21 1.15958e-26 3.22795e-33 1.18182e-40
 1.59669e-41 2.2161e-33 3.71796e-26 7.53996e-20 1.84833e-14 5.47695e-10 1.96175e-06 0.000849372 0.0444543 0.281859 0.245655 0.19936 0.153745 0.0574492 0.0147563 0.00178652 8.25369e-05 1.05729e-06 2.86383e-09 1.36013e-12 1.00818e-16 1.08425e-21 1.61394e-27 3.22165e-34 8.43522e-42
 1.64666e-41 2.28545e-33 3.83432e-26 7.77592e-20 1.90617e-14 5.64834e-10 2.02315e-06 0.000875953 0.045846 0.290802 0.255469 0.198937 0.142143 0.0516429 0.0127616 0.00146159 5.83756e-05 5.99996e-07 1.25059e-09 4.46652e-13 2.44989e-17 1.92669e-22 2.07898e-28 2.98866e-35 5.60798e-43
 1.64675e-41 2.28558e-33 3.83454e-26 7.77637e-20 1.90629e-14 5.64867e-10 2.02326e-06 0.000876004 0.0458487 0.290819 0.255492 0.199312 0.143526 0.0509428 0.0118909 0.00124656 4.38868e-05 3.85088e-07 6.69631e-10 1.96578e-13 8.78028e-18 5.58919e-23 4.86181e-29 5.61824e-36 8.45689e-44
#pred catch len freq
 2.5652e-27 2.59384e-27 3.80208e-26 7.4809e-20 1.83385e-14 5.43403e-10 1.94638e-06 0.000842708 0.0441043 0.279016 0.213654 0.0378805 0.138225 0.127727 0.0319168 0.0410592 0.0189346 0.0163596 0.0109944 0.00901708 0.00754252 0.00687904 0.00722701 0.00658842 0.00203059
 2.56699e-27 2.59837e-27 4.15602e-26 8.22737e-20 2.01684e-14 5.97626e-10 2.1406e-06 0.000926797 0.0485052 0.306857 0.234962 0.0409782 0.146831 0.135307 0.0270354 0.0277563 0.0108634 0.00695439 0.00379111 0.00259485 0.00187729 0.00151731 0.00144614 0.00133936 0.000454725
 2.56816e-27 2.60143e-27 4.414e-26 8.77154e-20 2.15024e-14 6.37153e-10 2.28218e-06 0.000988095 0.0517133 0.327153 0.250466 0.0414042 0.13918 0.128139 0.0238934 0.0223005 0.00775293 0.00356113 0.0014876 0.000748929 0.000418731 0.000280387 0.000231219 0.000206275 7.30859e-05
 2.56845e-27 2.60217e-27 4.47533e-26 8.90091e-20 2.18195e-14 6.46551e-10 2.31584e-06 0.00100267 0.0524761 0.331978 0.254154 0.0416022 0.138096 0.127085 0.0227584 0.0199551 0.0067013 0.00269441 0.000915284 0.000320948 0.000120746 5.80071e-05 3.78056e-05 3.04158e-05 1.08095e-05
 2.56791e-27 2.60072e-27 4.3455e-26 8.62701e-20 2.11481e-14 6.26655e-10 2.24457e-06 0.000971815 0.0508613 0.321762 0.246361 0.0420665 0.147105 0.13539 0.0240723 0.0208542 0.00686939 0.00254855 0.000808431 0.000235798 5.99494e-05 1.7548e-05 7.50585e-06 4.88883e-06 1.6725e-06
 2.566e-27 2.59556e-27 3.89179e-26 7.66988e-20 1.88018e-14 5.5713e-10 1.99555e-06 0.000863996 0.0452184 0.286064 0.21912 0.0431607 0.174571 0.160793 0.0296128 0.0271049 0.00890587 0.00325079 0.000994924 0.000265961 5.705e-05 1.08825e-05 2.44671e-06 1.03443e-06 3.19264e-07
 2.5672e-27 2.59889e-27 4.19307e-26 8.30549e-20 2.03599e-14 6.033e-10 2.16092e-06 0.000935596 0.0489657 0.309771 0.237199 0.0417295 0.150978 0.139136 0.0278704 0.0285965 0.00956778 0.00373697 0.00114378 0.000298152 5.9142e-05 9.34318e-06 1.2055e-06 2.35398e-07 5.62586e-08
 2.56957e-27 2.60524e-27 4.74828e-26 9.47672e-20 2.3231e-14 6.88377e-10 2.46565e-06 0.00106753 0.0558708 0.353454 0.270538 0.0406888 0.119634 0.110068 0.0200948 0.0181746 0.00632235 0.00286316 0.000913348 0.000250788 4.90678e-05 7.2e-06 7.19678e-07 6.22241e-08 8.07037e-09
 2.56945e-27 2.60484e-27 4.70408e-26 9.38345e-20 2.30024e-14 6.81602e-10 2.44139e-06 0.00105703 0.055321 0.349976 0.267895 0.0415059 0.127709 0.117377 0.0188157 0.0133889 0.00443538 0.00171459 0.00057877 0.000180179 3.74445e-05 5.54584e-06 5.08218e-07 2.85658e-08 1.46996e-09
 2.56875e-27 2.60293e-27 4.5356e-26 9.02803e-20 2.21311e-14 6.55785e-10 2.34891e-06 0.00101699 0.0532255 0.336719 0.257779 0.0419268 0.13802 0.126924 0.0210941 0.0161674 0.00505428 0.00146595 0.000444654 0.000125389 2.90491e-05 4.71076e-06 4.4002e-07 2.16213e-08 5.74443e-10
 2.56891e-27 2.60339e-27 4.57873e-26 9.11901e-20 2.23542e-14 6.62393e-10 2.37258e-06 0.00102724 0.0537619 0.340113 0.260366 0.0416422 0.134036 0.123281 0.0210586 0.01701 0.00540834 0.00169989 0.000467518 0.000101402 2.0504e-05 3.45866e-06 3.58803e-07 1.78888e-08 3.78312e-10
 2.56971e-27 2.60554e-27 4.76706e-26 9.51631e-20 2.33281e-14 6.91253e-10 2.47595e-06 0.00107199 0.0561042 0.354931 0.271674 0.041196 0.122696 0.112788 0.0186733 0.0142122 0.0045705 0.00152955 0.000435774 9.75181e-05 1.59556e-05 2.19015e-06 2.26679e-07 1.23998e-08 2.60613e-10
 2.56945e-27 2.60481e-27 4.70079e-26 9.3765e-20 2.29854e-14 6.81097e-10 2.43958e-06 0.00105624 0.05528 0.349716 0.267698 0.0415922 0.128505 0.118104 0.0188321 0.0132303 0.00418893 0.00130879 0.000378512 8.99769e-05 1.53299e-05 1.84401e-06 1.51297e-07 8.06276e-09 1.81892e-10
 2.56858e-27 2.60244e-27 4.48981e-26 8.93142e-20 2.18943e-14 6.48767e-10 2.32377e-06 0.00100611 0.0526559 0.333116 0.255033 0.042267 0.142538 0.131047 0.0209962 0.0149043 0.00464187 0.0013225 0.000368732 8.34475e-05 1.48114e-05 1.86808e-06 1.38457e-07 5.9465e-09 1.28995e-10
 2.56732e-27 2.59905e-27 4.1929e-26 8.30507e-20 2.03589e-14 6.0327e-10 2.16081e-06 0.000935549 0.0489633 0.309755 0.237205 0.0428802 0.15973 0.146975 0.0249636 0.0199474 0.00623886 0.00179607 0.00048621 0.000101044 1.69886e-05 2.15362e-06 1.66537e-07 6.50554e-09 1.16984e-10
 2.56811e-27 2.60122e-27 4.38697e-26 8.71449e-20 2.13625e-14 6.33009e-10 2.26733e-06 0.000981669 0.051377 0.325025 0.248854 0.0421664 0.146114 0.134435 0.0231774 0.0190406 0.0061154 0.0020181 0.000557226 0.000115696 1.82241e-05 2.14434e-06 1.63663e-07 6.55236e-09 1.07423e-10
 2.56885e-27 2.6032e-27 4.5611e-26 9.08182e-20 2.2263e-14 6.59692e-10 2.36291e-06 0.00102305 0.0535426 0.338725 0.259309 0.0417744 0.135785 0.124872 0.0209237 0.0163064 0.00526842 0.00180026 0.000523239 0.000121794 1.9513e-05 2.1985e-06 1.54788e-07 6.05275e-09 9.97698e-11
 2.56874e-27 2.60288e-27 4.52894e-26 9.01397e-20 2.20967e-14 6.54764e-10 2.34525e-06 0.00101541 0.0531427 0.336195 0.257383 0.0421603 0.140075 0.128767 0.0204578 0.0142564 0.00453746 0.00145771 0.000426233 0.00010367 1.82913e-05 2.19474e-06 1.49845e-07 5.43563e-09 8.69106e-11
 2.56863e-27 2.60258e-27 4.5023e-26 8.95776e-20 2.19589e-14 6.50681e-10 2.33063e-06 0.00100907 0.0528113 0.334099 0.255783 0.0422166 0.141628 0.130211 0.020908 0.0149133 0.00463772 0.0013099 0.000368428 8.55433e-05 1.55086e-05 2.02031e-06 1.49493e-07 5.33055e-09 7.97633e-11
 2.56925e-27 2.60428e-27 4.65363e-26 9.27701e-20 2.27415e-14 6.73871e-10 2.41369e-06 0.00104504 0.0546934 0.346006 0.264866 0.0416906 0.131243 0.120644 0.0195191 0.0141548 0.00442374 0.00128028 0.00034583 7.15769e-05 1.22742e-05 1.5982e-06 1.27499e-07 4.9178e-09 7.3114e-11
 2.56962e-27 2.60526e-27 4.73947e-26 9.45809e-20 2.31854e-14 6.87024e-10 2.4608e-06 0.00106543 0.055761 0.352759 0.270022 0.0415662 0.126674 0.116397 0.0182005 0.0122159 0.00382478 0.00112824 0.000308003 6.41661e-05 1.00744e-05 1.19911e-06 9.42717e-08 3.88422e-09 6.20023e-11
 2.56963e-27 2.60528e-27 4.73913e-26 9.45737e-20 2.31836e-14 6.86971e-10 2.46062e-06 0.00106535 0.0557567 0.352732 0.270004 0.0417331 0.127957 0.117545 0.0177475 0.0108893 0.0033525 0.000907149 0.0002464 5.22803e-05 8.29574e-06 9.3461e-07 6.63984e-08 2.67254e-09 4.51234e-11
 2.56962e-27 2.60526e-27 4.738e-26 9.45499e-20 2.31778e-14 6.86799e-10 2.46e-06 0.00106509 0.0557427 0.352644 0.269935 0.0416541 0.127405 0.117057 0.0180604 0.0117229 0.00355958 0.000872869 0.000227367 4.49412e-05 7.1527e-06 8.16467e-07 5.56095e-08 2.03689e-09 3.34498e-11
 2.57034e-27 2.6072e-27 4.90863e-26 9.81495e-20 2.40602e-14 7.12946e-10 2.55365e-06 0.00110563 0.0578649 0.366069 0.280179 0.0412115 0.116838 0.107289 0.0160158 0.00951987 0.00291187 0.000757866 0.000193567 3.48806e-05 5.18062e-06 5.72299e-07 3.93079e-08 1.38546e-09 2.09445e-11
 2.5706e-27 2.6079e-27 4.96987e-26 9.94414e-20 2.43769e-14 7.2233e-10 2.58726e-06 0.00112019 0.0586265 0.370887 0.283856 0.0410925 0.11335 0.104056 0.0151988 0.00846765 0.00254992 0.000604311 0.000154816 2.90953e-05 4.0803e-06 4.11862e-07 2.68979e-08 9.44069e-10 1.37515e-11
 2.57e-27 2.60626e-27 4.82331e-26 9.63494e-20 2.36189e-14 6.9987e-10 2.50682e-06 0.00108536 0.0568036 0.359355 0.27506 0.0416786 0.12399 0.113841 0.0163252 0.00857148 0.00255388 0.000565121 0.000139402 2.42976e-05 3.47067e-06 3.4511e-07 2.05592e-08 6.79018e-10 9.7309e-12
 2.56984e-27 2.60583e-27 4.78578e-26 9.55577e-20 2.34248e-14 6.94119e-10 2.48622e-06 0.00107644 0.0563369 0.356402 0.272806 0.0417468 0.126092 0.115793 0.0168833 0.00935171 0.00276894 0.000576333 0.000138158 2.25097e-05 3.01016e-06 2.90597e-07 1.72018e-08 5.24662e-10 7.04047e-12
 2.56885e-27 2.60313e-27 4.54676e-26 9.05154e-20 2.21887e-14 6.57492e-10 2.35503e-06 0.00101964 0.0533641 0.337596 0.258458 0.0424782 0.141739 0.130228 0.0193694 0.0113888 0.00340025 0.000747046 0.000178172 2.73815e-05 3.46589e-06 3.10175e-07 1.74736e-08 5.23537e-10 6.56638e-12
 2.56739e-27 2.59917e-27 4.19671e-26 8.31309e-20 2.03785e-14 6.03853e-10 2.1629e-06 0.000936453 0.0490105 0.310054 0.237443 0.0434796 0.164124 0.150895 0.0232169 0.014963 0.00451394 0.00105579 0.000257846 4.13714e-05 5.09418e-06 4.26924e-07 2.22314e-08 6.27862e-10 7.64159e-12
#obs catch len freq
 1.62592e-41 2.25667e-33 3.78604e-26 7.678e-20 1.88217e-14 5.57722e-10 1.99767e-06 0.000864922 0.0452666 0.28637 0.219411 0.0443045 0.165867 0.141018 0.0439877 0.0358677 0.0118787 0.00412599 0.00090867 0.000121064 7.08932e-06 1.31384e-07 5.69863e-10 4.63662e-13 6.12918e-17
 1.64286e-41 2.28018e-33 3.82548e-26 7.758e-20 1.90178e-14 5.63533e-10 2.01848e-06 0.000873934 0.0457382 0.289354 0.221752 0.0463115 0.168075 0.135374 0.0436626 0.0336056 0.0108734 0.00356401 0.000725832 8.479e-05 4.11355e-06 5.95479e-08 1.93013e-10 1.14244e-13 1.08153e-17
 1.91119e-41 2.65261e-33 4.4503e-26 9.02511e-20 2.2124e-14 6.55575e-10 2.34816e-06 0.00101667 0.0532086 0.336613 0.257846 0.0458013 0.134509 0.10229 0.0338174 0.0243399 0.00769365 0.00236871 0.000445042 4.54435e-05 1.81396e-06 2.04435e-08 4.95202e-11 2.13344e-14 1.44777e-18
 1.94441e-41 2.69871e-33 4.52765e-26 9.18199e-20 2.25086e-14 6.6697e-10 2.38898e-06 0.00103434 0.0541335 0.342465 0.262409 0.0489756 0.141773 0.100424 0.0263099 0.0159432 0.00487133 0.00139645 0.000240546 2.13598e-05 6.98587e-07 6.10814e-09 1.105e-11 3.47052e-15 1.69145e-19
 1.99017e-41 2.76222e-33 4.6342e-26 9.39807e-20 2.30383e-14 6.82666e-10 2.4452e-06 0.00105869 0.0554074 0.350524 0.268634 0.0506531 0.138329 0.0921107 0.0251985 0.0139016 0.00326919 0.000780414 0.000121055 9.26273e-06 2.46878e-07 1.67117e-09 2.25684e-12 5.17207e-16 1.81401e-20
 1.79725e-41 2.49447e-33 4.18499e-26 8.48707e-20 2.08051e-14 6.16492e-10 2.20817e-06 0.000956062 0.0500365 0.316547 0.242919 0.0574827 0.174646 0.108908 0.02948 0.0149197 0.00336865 0.000651929 7.6114e-05 4.79245e-06 1.03005e-07 5.38034e-10 5.42396e-13 9.08121e-17 2.29586e-21
 1.48856e-41 2.06602e-33 3.46618e-26 7.02934e-20 1.72316e-14 5.10604e-10 1.8289e-06 0.000791851 0.0414423 0.262179 0.201737 0.0661578 0.219951 0.131058 0.0472088 0.0235548 0.00497099 0.000862226 8.07311e-05 3.65646e-06 5.93051e-08 2.35841e-10 1.77106e-13 2.16818e-17 3.95835e-22
 2.11935e-41 2.94152e-33 4.93502e-26 1.00081e-19 2.45337e-14 7.26979e-10 2.60392e-06 0.00112741 0.059004 0.373278 0.286172 0.052007 0.109866 0.0639464 0.0329176 0.0167213 0.00420113 0.000698597 5.58047e-05 1.91493e-06 2.15694e-08 6.09444e-11 3.33448e-14 2.97183e-18 3.91905e-23
 2.02463e-41 2.81006e-33 4.71446e-26 9.56082e-20 2.34372e-14 6.94488e-10 2.48754e-06 0.00107702 0.0563669 0.356597 0.273832 0.0624578 0.147236 0.0739405 0.0177131 0.00779095 0.00249479 0.000454517 3.58932e-05 1.00456e-06 8.20519e-09 1.57798e-11 5.91038e-15 3.70089e-19 3.47779e-24
 2.06093e-41 2.86043e-33 4.79896e-26 9.7322e-20 2.38573e-14 7.06937e-10 2.53213e-06 0.00109633 0.0573773 0.36299 0.278851 0.0639094 0.13942 0.0669466 0.020728 0.00720496 0.00123344 0.000221704 1.90472e-05 4.97925e-07 3.23383e-09 4.44531e-12 1.13185e-15 4.7743e-20 3.06356e-25
 1.78081e-41 2.47165e-33 4.1467e-26 8.40942e-20 2.06147e-14 6.10852e-10 2.18797e-06 0.000947316 0.0495787 0.313658 0.241926 0.0794971 0.191988 0.0859708 0.0260744 0.00866568 0.00151275 0.000167859 1.11028e-05 2.8194e-07 1.62163e-09 1.75423e-12 3.23086e-16 9.41226e-21 4.09103e-26
 2.06846e-41 2.87089e-33 4.81652e-26 9.76779e-20 2.39446e-14 7.09522e-10 2.54139e-06 0.00110034 0.0575872 0.36432 0.280289 0.0687251 0.132432 0.0596225 0.0261666 0.00825685 0.00135455 0.000136669 6.1749e-06 1.09988e-07 5.37075e-10 4.90268e-13 7.11487e-17 1.53721e-21 4.75152e-27
 1.89959e-41 2.63651e-33 4.42329e-26 8.97034e-20 2.19897e-14 6.51596e-10 2.33391e-06 0.0010105 0.0528857 0.334583 0.258481 0.0846765 0.171855 0.0675326 0.0208628 0.00666194 0.00132143 0.000122964 4.64318e-06 5.72455e-08 1.87703e-10 1.29672e-13 1.49891e-17 2.54036e-22 5.95629e-28
 1.97738e-41 2.74447e-33 4.60443e-26 9.33768e-20 2.28902e-14 6.78279e-10 2.42949e-06 0.00105188 0.0550514 0.348286 0.269099 0.0833599 0.151634 0.0602198 0.0240106 0.00621382 0.000972536 9.51348e-05 3.36824e-06 3.28937e-08 7.51581e-11 3.43418e-14 2.75528e-18 3.44487e-23 6.1271e-29
 1.68625e-41 2.3404e-33 3.92651e-26 7.96289e-20 1.95201e-14 5.78416e-10 2.07179e-06 0.000897014 0.0469462 0.297022 0.231629 0.108172 0.205196 0.0749126 0.026878 0.0071339 0.00112242 8.53012e-05 2.69864e-06 2.34024e-08 4.18526e-11 1.35894e-14 7.3326e-19 6.12592e-24 7.48383e-30
 1.55797e-41 2.16236e-33 3.62781e-26 7.35713e-20 1.80351e-14 5.34414e-10 1.91418e-06 0.000828776 0.0433749 0.274439 0.21542 0.117536 0.211928 0.0852832 0.0401879 0.00952298 0.0013772 9.83496e-05 2.47758e-06 1.72736e-08 2.5542e-11 6.49676e-15 2.56943e-19 1.49933e-24 1.24424e-30
 1.78927e-41 2.48339e-33 4.16639e-26 8.44936e-20 2.07126e-14 6.13753e-10 2.19836e-06 0.000951815 0.0498143 0.315178 0.246222 0.105898 0.16548 0.069397 0.0357006 0.00977292 0.00148877 9.26448e-05 2.00051e-06 1.09471e-08 1.22809e-11 2.41707e-15 7.38164e-20 3.23637e-25 1.95307e-31
 1.75236e-41 2.43215e-33 4.08044e-26 8.27506e-20 2.02853e-14 6.01091e-10 2.15301e-06 0.00093218 0.0487866 0.308695 0.242897 0.121583 0.178694 0.0631661 0.0263905 0.0075196 0.00125262 7.92911e-05 1.4659e-06 6.43422e-09 5.53546e-12 8.06543e-16 1.81726e-20 5.93385e-26 2.67426e-32
 1.76466e-41 2.44923e-33 4.10909e-26 8.33315e-20 2.04277e-14 6.05311e-10 2.16813e-06 0.000938724 0.0491292 0.310877 0.24563 0.126574 0.171495 0.062922 0.0257145 0.00578413 0.000875433 5.60262e-05 9.74209e-07 3.56925e-09 2.38387e-12 2.61339e-16 4.3332e-21 1.02644e-26 3.34456e-33
 1.72955e-41 2.40049e-33 4.02733e-26 8.16734e-20 2.00213e-14 5.93267e-10 2.12499e-06 0.000920045 0.0481516 0.304719 0.242712 0.137825 0.173812 0.0618887 0.0240894 0.00520182 0.000643018 3.4391e-05 5.41959e-07 1.7404e-09 9.48816e-13 8.01404e-17 9.91281e-22 1.723e-27 4.07532e-34
 1.82471e-41 2.53257e-33 4.24892e-26 8.61673e-20 2.11229e-14 6.2591e-10 2.24191e-06 0.000970668 0.0508011 0.321498 0.256191 0.135077 0.153901 0.0559227 0.0209626 0.00419321 0.000461235 1.97056e-05 2.4434e-07 6.47224e-10 2.91271e-13 1.96919e-17 1.88132e-22 2.45405e-28 4.27315e-35
 1.78062e-41 2.47138e-33 4.14625e-26 8.40851e-20 2.06125e-14 6.10785e-10 2.18773e-06 0.000947213 0.0495736 0.313777 0.252881 0.149329 0.158258 0.0532435 0.0181672 0.00347055 0.000338637 1.1976e-05 1.13899e-07 2.26542e-10 7.83434e-14 4.13757e-18 3.08098e-23 3.0914e-29 4.07293e-36
 1.801e-41 2.49967e-33 4.19372e-26 8.50478e-20 2.08485e-14 6.17778e-10 2.21278e-06 0.000958057 0.0501412 0.31741 0.257425 0.153174 0.149749 0.0517426 0.0164146 0.0027419 0.000234924 6.945e-06 5.16392e-08 7.65041e-11 1.93003e-14 7.4725e-19 4.13572e-24 3.11586e-30 3.09254e-37
 1.79222e-41 2.48748e-33 4.17327e-26 8.46331e-20 2.07468e-14 6.14766e-10 2.20199e-06 0.000953386 0.0498969 0.315926 0.258889 0.161436 0.146109 0.0495133 0.0148088 0.00229652 0.000165283 3.97641e-06 2.32881e-08 2.60812e-11 4.82594e-15 1.34694e-19 5.34397e-25 2.89466e-31 2.08003e-38
 1.80865e-41 2.51029e-33 4.21153e-26 8.5409e-20 2.0937e-14 6.20402e-10 2.22218e-06 0.000962128 0.0503546 0.31889 0.263493 0.165326 0.138539 0.0472412 0.0131967 0.00187723 0.000116956 2.25338e-06 1.01517e-08 8.5896e-12 1.17814e-15 2.39579e-20 6.83929e-26 2.64476e-32 1.35161e-39
 1.75777e-41 2.43967e-33 4.09305e-26 8.30062e-20 2.0348e-14 6.02948e-10 2.15966e-06 0.00093506 0.0489383 0.310047 0.261031 0.179226 0.140259 0.0460259 0.0119009 0.00154996 8.29681e-05 1.29665e-06 4.48386e-09 2.82314e-12 2.84758e-16 4.22905e-21 8.75391e-27 2.43733e-33 8.9151e-41
 1.66894e-41 2.31638e-33 3.88621e-26 7.88115e-20 1.93197e-14 5.72478e-10 2.05052e-06 0.000887806 0.0464658 0.294567 0.254547 0.195044 0.145753 0.0494366 0.0118559 0.00137663 6.28682e-05 7.94601e-07 2.12435e-09 1.00025e-12 7.38517e-17 7.94397e-22 1.1859e-27 2.37612e-34 6.24147e-42
 1.67233e-41 2.32109e-33 3.89411e-26 7.89717e-20 1.9359e-14 5.73642e-10 2.05469e-06 0.000889612 0.0465609 0.295314 0.258483 0.196854 0.139696 0.0494989 0.0114444 0.0012111 4.63689e-05 4.6914e-07 9.68356e-10 3.42503e-13 1.86332e-17 1.45695e-22 1.56683e-28 2.24966e-35 4.22352e-43
 1.70816e-41 2.37081e-33 3.97752e-26 8.06633e-20 1.97737e-14 5.8593e-10 2.09871e-06 0.000908668 0.0475581 0.301598 0.262259 0.192008 0.136192 0.0473637 0.0109309 0.00113786 3.99018e-05 3.49315e-07 6.06591e-10 1.7792e-13 7.94245e-18 5.05388e-23 4.3949e-29 5.07759e-36 7.64176e-44
#spawning biomass
 5926.47 6390.64 7602.1 10649.7 14854.4 17542.8 17000.1 21162.7 30695.6 44097.7 57526.6 75271.7 102981 122012 127044 104209 102184 97952.6 92319.8 91345.9 96459.9 96831.5 104728 104286 117608 121816 112522 100720 88918.7 235259 327678 338861 315827 277053 235400 197747 166758 142709 124768 111753 102501 96020.9 91519.9 88398.6 86257.2 84830 83878.8 83244.9 82822.4 82540.9 82353.2 82228.1 82144.8 82089.2 82052.2 82027.5 82011.1 82000.1 81992.8 81988 81984.7 81982.6 81981.1 81980.2 81979.5 81979.1 81978.8 81978.6 81978.5 81978.4 81978.4 81978.3 81978.3 81978.3 81978.3 81978.3 81978.2 81978.2 81978.2 81978.2 81978.2 81978.2 81978.2 81978.2 81978.2 81978.2 81978.2 81978.2 81978.2 81978.2 81978.2 81978.2 81978.2 81978.2 81978.2 81978.2 81978.2 81978.2 81978.2 81978.2 81978.2 81978.2 81978.2 81978.2 81978.2 81978.2 81978.2 81978.2 81978.2 81978.2 81978.2 81978.2 81978.2 81978.2 81978.2 81978.2 81978.2 81978.2 81978.2 81978.2 81978.2 81978.2 81978.2 81978.2 81978.2 81978.2 81978.2 81978.2 81978.2 0 0 0 0 0 0 0 0 0 0 0 0 0 0 0 0 0 0 0 0 0 0 0 0 0
