SBPRF35
0.819782
Curr Bio
135515
B35
713433
F35
0.205402
FOFL
0.0959881
OFL
27652.8
Bzero
234224
#pred survey bio
 4445.16 6519.63 8060.11 11206.8 15725.4 19003.1 17030.6 21406.6 33706.4 48662.2 61137.3 83908 105427 126696 126889 106981 105732 105924 102315 97180.9 101564 102193 104694 116891 124843 120999 131504 123471 142848 1.25934e+07 1.05123e+07 1.08839e+07 1.01212e+07 8.82762e+06 7.42734e+06 6.14951e+06 5.08511e+06 4.24636e+06 3.60863e+06 3.13498e+06 2.78843e+06 2.5371e+06 2.35506e+06 2.22182e+06 2.12439e+06 2.05502e+06 2.00515e+06 1.96892e+06 1.94231e+06 1.92256e+06 1.90775e+06 1.89652e+06 1.88792e+06 1.88128e+06 1.87611e+06 1.87205e+06 1.86885e+06 1.8663e+06 1.86427e+06 1.86264e+06 1.86133e+06 1.86028e+06 1.85942e+06 1.85873e+06 1.85816e+06 1.85771e+06 1.85733e+06 1.85703e+06 1.85678e+06 1.85658e+06 1.85641e+06 1.85628e+06 1.85617e+06 1.85608e+06 1.856e+06 1.85594e+06 1.85589e+06 1.85585e+06 1.85582e+06 1.85579e+06 1.85577e+06 1.85575e+06 1.85574e+06 1.85572e+06 1.85571e+06 1.85571e+06 1.8557e+06 1.85569e+06 1.85569e+06 1.85569e+06 1.85568e+06 1.85568e+06 1.85568e+06 1.85568e+06 1.85568e+06 1.85567e+06 1.85567e+06 1.85567e+06 1.85567e+06 1.85567e+06 1.85567e+06 1.85567e+06 1.85567e+06 1.85567e+06 1.85567e+06 1.85567e+06 1.85567e+06 1.85567e+06 1.85567e+06 1.85567e+06 1.85567e+06 1.85567e+06 1.85567e+06 1.85567e+06 1.85567e+06 1.85567e+06 1.85567e+06 1.85567e+06 1.85567e+06 1.85567e+06 1.85567e+06 1.85567e+06 1.85567e+06 1.85567e+06 1.85567e+06 1.85567e+06 1.85567e+06 1.85567e+06 1.85567e+06 0 0 0 0 0 0 0 0 0 0 0 0 0 0 0 0 0 0 0 0 0 0 0 0 0
#obs survey bio
 3713.4 8045.01 9167.77 11767.4 25649.7 20179.8 24146.7 22934 35573.6 38346.3 72418.8 84047.4 123620 153895 122784 113901 107249 143525 128638 112809 94475.6 99548.5 85992.6 114037 159817 182540 169632 123652 131029
#pred catch bio
 2364.95 4608.14 5665.75 7818.83 10896.5 15025 12844.1 15344.3 24555 37364.4 45457.5 65968.8 82191.2 99590 104349 86630.5 87367 87900.1 85953.3 81257.4 88174.1 89834.6 90915 102962 112199 102568 116153 105650 8721.88 27652.8 83915 86255.6 79398 68347.6 56605.2 46037.8 37359.9 30633 25618 21981 19395.8 17585 16328 15456.4 14858 14459 14193 14015.7 13897.5 13818.7 13766.1 13731.1 13707.7 13692.1 13681.7 13674.8 13670.2 13667.1 13665.1 13663.7 13662.8 13662.2 13661.8 13661.5 13661.3 13661.2 13661.1 13661.1 13661 13661 13661 13661 13661 13661 13661 13661 13661 13661 13661 13661 13661 13661 13661 13661 13661 13661 13661 13661 13661 13661 13661 13661 13661 13661 13661 13661 13661 13661 13661 13661 13661 13661 13661 13661 13661 13661 13661 13661 13661 13661 13661 13661 13661 13661 13661 13661 13661 13661 13661 13661 13661 13661 13661 13661 13661 13661 13661 13661 13661 0 0 0 0 0 0 0 0 0 0 0 0 0 0 0 0 0 0 0 0 0 0 0 0 0
#obs catch bio
 4733.75 4580.18 5479.82 7540.68 10484.5 14907.4 12420.2 14631.1 23968.9 36510 43821.2 64022.5 79612.9 95408.3 102125 85594.2 86922 85362.4 81806.9 78600.5 86967.5 88817.5 89994.7 101574 108620 98326.9 111543 103263 8498.39
#pred cpue bio
 3894.69 5587.47 6753.29 9317.7 13156.1 16486.2 14472.5 17521.6 27458.7 40308.8 50585.9 69056.1 86635.4 105758 109013 90859.8 88191.6 88350.3 85876.8 80795 83514.9 83472.3 84927.9 94333.9 101178 98434.2 108135 101198 114583 1.16042e+07 1.04769e+07 1.08485e+07 1.00859e+07 8.79227e+06 7.39199e+06 6.11416e+06 5.04976e+06 4.21101e+06 3.57329e+06 3.09963e+06 2.75309e+06 2.50175e+06 2.31971e+06 2.18648e+06 2.08904e+06 2.01967e+06 1.9698e+06 1.93357e+06 1.90696e+06 1.88721e+06 1.8724e+06 1.86117e+06 1.85257e+06 1.84593e+06 1.84076e+06 1.83671e+06 1.8335e+06 1.83096e+06 1.82892e+06 1.8273e+06 1.82599e+06 1.82493e+06 1.82407e+06 1.82338e+06 1.82282e+06 1.82236e+06 1.82198e+06 1.82168e+06 1.82143e+06 1.82123e+06 1.82106e+06 1.82093e+06 1.82082e+06 1.82073e+06 1.82065e+06 1.82059e+06 1.82054e+06 1.8205e+06 1.82047e+06 1.82044e+06 1.82042e+06 1.8204e+06 1.82039e+06 1.82038e+06 1.82037e+06 1.82036e+06 1.82035e+06 1.82035e+06 1.82034e+06 1.82034e+06 1.82033e+06 1.82033e+06 1.82033e+06 1.82033e+06 1.82033e+06 1.82033e+06 1.82033e+06 1.82032e+06 1.82032e+06 1.82032e+06 1.82032e+06 1.82032e+06 1.82032e+06 1.82032e+06 1.82032e+06 1.82032e+06 1.82032e+06 1.82032e+06 1.82032e+06 1.82032e+06 1.82032e+06 1.82032e+06 1.82032e+06 1.82032e+06 1.82032e+06 1.82032e+06 1.82032e+06 1.82032e+06 1.82032e+06 1.82032e+06 1.82032e+06 1.82032e+06 1.82032e+06 1.82032e+06 1.82032e+06 1.82032e+06 1.82032e+06 1.82032e+06 1.82032e+06 0 0 0 0 0 0 0 0 0 0 0 0 0 0 0 0 0 0 0 0 0 0 0 0 0
#obs cpue bio
 8828.46 6611.59 11040 15808.4 14244.1 14306 23064.7 33917 31816.2 70492.2 89926.9 97519 127554 168876 140954 102368 89738.4 117984 159670 108063 102026 102742 118248 124048 144391 127545 160875 173509 143538
#pred surv len freq
 2.56761e-27 2.60028e-27 4.35544e-26 8.64817e-20 2.11999e-14 6.28192e-10 2.25008e-06 0.000974199 0.050986 0.322552 0.246894 0.0377282 0.113713 0.104974 0.0255798 0.032235 0.0147268 0.0125455 0.00833536 0.00676077 0.00558724 0.0050318 0.0052159 0.00471119 0.00144696
 2.56784e-27 2.60067e-27 4.35828e-26 8.65405e-20 2.12143e-14 6.28619e-10 2.25161e-06 0.00097486 0.0510207 0.322771 0.247106 0.0405128 0.134757 0.124165 0.0250855 0.0260955 0.0100753 0.00624928 0.00335592 0.0022622 0.00161189 0.00128269 0.00120194 0.00109888 0.000371232
 2.56873e-27 2.60298e-27 4.55155e-26 9.06171e-20 2.22137e-14 6.58231e-10 2.35767e-06 0.00102078 0.0534241 0.337976 0.258724 0.0409796 0.130148 0.11981 0.0225287 0.0212846 0.00744171 0.0034739 0.0014215 0.000695046 0.000380531 0.000249802 0.000201627 0.000176724 6.21852e-05
 2.56904e-27 2.60379e-27 4.61891e-26 9.2038e-20 2.2562e-14 6.68553e-10 2.39464e-06 0.00103679 0.0542618 0.343275 0.262772 0.0410933 0.128169 0.117942 0.0214707 0.0193203 0.00651685 0.00266216 0.000913601 0.000321346 0.000116872 5.45124e-05 3.45508e-05 2.71374e-05 9.55227e-06
 2.56868e-27 2.60281e-27 4.53128e-26 9.01894e-20 2.21089e-14 6.55125e-10 2.34655e-06 0.00101597 0.053172 0.33638 0.257513 0.0414279 0.134411 0.123693 0.0223258 0.0198172 0.00658074 0.00252161 0.000808057 0.000239436 6.1355e-05 1.74253e-05 7.14989e-06 4.50266e-06 1.51944e-06
 2.56652e-27 2.59697e-27 4.01745e-26 7.93499e-20 1.94517e-14 5.76387e-10 2.06452e-06 0.00089386 0.0467814 0.295952 0.226663 0.0427082 0.165828 0.15274 0.0284611 0.0265086 0.00877361 0.00330147 0.00102731 0.000282552 6.16458e-05 1.18666e-05 2.57453e-06 1.03319e-06 3.12217e-07
 2.56784e-27 2.60059e-27 4.34084e-26 8.61721e-20 2.1124e-14 6.25943e-10 2.24202e-06 0.000970711 0.0508035 0.321397 0.246073 0.0415281 0.14321 0.131913 0.0255983 0.0252285 0.00848351 0.0033886 0.00105238 0.000282462 5.76494e-05 9.33028e-06 1.21059e-06 2.23905e-07 5.1507e-08
 2.56983e-27 2.60593e-27 4.80938e-26 9.60561e-20 2.3547e-14 6.9774e-10 2.49919e-06 0.00108205 0.0566307 0.358261 0.274206 0.0405003 0.115623 0.106373 0.0195577 0.0178728 0.00612222 0.00263157 0.000844237 0.000236994 4.76517e-05 7.22463e-06 7.43159e-07 6.3637e-08 7.79915e-09
 2.56999e-27 2.60632e-27 4.8384e-26 9.66681e-20 2.3697e-14 7.02185e-10 2.51511e-06 0.00108895 0.0569915 0.360544 0.275954 0.0408601 0.117133 0.107673 0.018108 0.0142209 0.0047352 0.0018519 0.000609623 0.000182931 3.86237e-05 5.8875e-06 5.59588e-07 3.23304e-08 1.61685e-09
 2.56914e-27 2.604e-27 4.63168e-26 9.23072e-20 2.2628e-14 6.70508e-10 2.40165e-06 0.00103982 0.0544205 0.344279 0.263546 0.0415822 0.131346 0.120773 0.0201558 0.0155823 0.00497737 0.00161729 0.000499953 0.000140969 3.14411e-05 5.08747e-06 4.89789e-07 2.50001e-08 6.778e-10
 2.56921e-27 2.6042e-27 4.65009e-26 9.26956e-20 2.27232e-14 6.7333e-10 2.41175e-06 0.0010442 0.0546495 0.345728 0.26465 0.0414235 0.129363 0.118969 0.0203044 0.0163754 0.00521629 0.00165876 0.000475082 0.000113482 2.33079e-05 3.82991e-06 3.93084e-07 2.01653e-08 4.42642e-10
 2.56949e-27 2.60498e-27 4.72045e-26 9.41799e-20 2.30871e-14 6.84111e-10 2.45037e-06 0.00106092 0.0555246 0.351264 0.268872 0.0411237 0.124115 0.114145 0.0197868 0.016413 0.00528396 0.00176534 0.000504788 0.000115519 2.04778e-05 2.96568e-06 3.01986e-07 1.63625e-08 3.52997e-10
 2.56954e-27 2.60507e-27 4.72484e-26 9.42724e-20 2.31097e-14 6.84783e-10 2.45278e-06 0.00106196 0.0555791 0.351609 0.26914 0.0413814 0.125887 0.115717 0.0189108 0.0140179 0.00453629 0.00156836 0.000458374 0.000108974 1.88495e-05 2.41533e-06 2.12283e-07 1.1263e-08 2.52748e-10
 2.56872e-27 2.60286e-27 4.52901e-26 9.01411e-20 2.2097e-14 6.54774e-10 2.34529e-06 0.00101542 0.0531435 0.3362 0.257384 0.0419755 0.138668 0.127514 0.0210523 0.0159262 0.00502027 0.00152239 0.000444154 0.000109219 1.95872e-05 2.50097e-06 1.96257e-07 9.01715e-09 1.9668e-10
 2.56708e-27 2.59841e-27 4.13823e-26 8.18975e-20 2.00762e-14 5.94893e-10 2.13081e-06 0.000922559 0.0482834 0.305454 0.233922 0.0429371 0.16247 0.149524 0.0257802 0.0211751 0.00671463 0.00208018 0.000579913 0.00012857 2.33792e-05 3.10009e-06 2.43688e-07 1.00524e-08 1.92262e-10
 2.56781e-27 2.60046e-27 4.32361e-26 8.58084e-20 2.10349e-14 6.23301e-10 2.23256e-06 0.000966613 0.0505891 0.32004 0.245045 0.0420295 0.147748 0.136014 0.0247583 0.022256 0.00720746 0.00245995 0.000698664 0.000155239 2.58912e-05 3.30892e-06 2.69019e-07 1.10674e-08 1.91202e-10
 2.56882e-27 2.60316e-27 4.56012e-26 9.07976e-20 2.22579e-14 6.59542e-10 2.36237e-06 0.00102282 0.0535305 0.338649 0.259246 0.0415143 0.13385 0.12314 0.0215714 0.0182327 0.00604946 0.00230767 0.000686653 0.000165634 2.8072e-05 3.39567e-06 2.60706e-07 1.09346e-08 1.87044e-10
 2.56877e-27 2.60298e-27 4.53945e-26 9.03615e-20 2.2151e-14 6.56374e-10 2.35102e-06 0.0010179 0.0532734 0.337022 0.258011 0.041974 0.138216 0.127081 0.0207071 0.0152571 0.0049608 0.00175842 0.00054338 0.000145061 2.66054e-05 3.36856e-06 2.48895e-07 9.87904e-09 1.69789e-10
 2.56842e-27 2.60203e-27 4.45525e-26 8.85851e-20 2.17156e-14 6.43471e-10 2.30481e-06 0.000997893 0.0522261 0.330397 0.252957 0.0422354 0.143756 0.1322 0.0217152 0.0162581 0.00511726 0.00154171 0.000453623 0.000115917 2.30566e-05 3.21363e-06 2.51935e-07 9.74558e-09 1.59704e-10
 2.56894e-27 2.60344e-27 4.58121e-26 9.12424e-20 2.2367e-14 6.62774e-10 2.37394e-06 0.00102783 0.0537928 0.340308 0.260517 0.0417973 0.135111 0.124236 0.0205683 0.015648 0.0049442 0.00151335 0.000420324 9.29803e-05 1.73901e-05 2.51822e-06 2.19001e-07 9.02033e-09 1.45493e-10
 2.56949e-27 2.60493e-27 4.71178e-26 9.39969e-20 2.30422e-14 6.82782e-10 2.44561e-06 0.00105886 0.0554167 0.350581 0.268357 0.0415004 0.127343 0.117046 0.0188983 0.0136483 0.00432345 0.00134836 0.000377556 8.29843e-05 1.37884e-05 1.79997e-06 1.59036e-07 7.2073e-09 1.23633e-10
 2.56978e-27 2.60569e-27 4.77634e-26 9.53586e-20 2.3376e-14 6.92673e-10 2.48104e-06 0.0010742 0.0562195 0.35566 0.272236 0.0415638 0.1251 0.114919 0.0174853 0.0109555 0.00342211 0.00100578 0.000281433 6.29314e-05 1.04738e-05 1.25843e-06 9.86721e-08 4.48476e-09 8.35589e-11
 2.5701e-27 2.60653e-27 4.84974e-26 9.69072e-20 2.37556e-14 7.03922e-10 2.52133e-06 0.00109164 0.0571325 0.361436 0.276644 0.0414147 0.120869 0.111002 0.0165679 0.00984312 0.00299283 0.000751312 0.000201608 4.29863e-05 7.20223e-06 8.70238e-07 6.36719e-08 2.58842e-09 4.80067e-11
 2.57033e-27 2.60718e-27 4.90669e-26 9.81086e-20 2.40501e-14 7.12649e-10 2.55259e-06 0.00110517 0.0578408 0.365916 0.280063 0.0412355 0.117103 0.107531 0.0160147 0.00945393 0.00285069 0.00067495 0.000171033 3.16965e-05 5.00335e-06 5.93472e-07 4.35074e-08 1.658e-09 2.79017e-11
 2.57012e-27 2.6066e-27 4.8543e-26 9.70032e-20 2.37792e-14 7.04619e-10 2.52383e-06 0.00109272 0.057189 0.361794 0.276919 0.0415039 0.121354 0.111428 0.016231 0.00896593 0.00269675 0.000633841 0.000157905 2.74178e-05 3.8629e-06 4.11426e-07 2.9111e-08 1.0997e-09 1.74011e-11
 2.56994e-27 2.6061e-27 4.80905e-26 9.60487e-20 2.35452e-14 6.97686e-10 2.49899e-06 0.00108197 0.0566263 0.358234 0.274204 0.0416907 0.124684 0.114489 0.0165755 0.00897919 0.00267445 0.000586583 0.000144176 2.47531e-05 3.33621e-06 3.19613e-07 1.99304e-08 7.14352e-10 1.1082e-11
 2.56945e-27 2.60477e-27 4.69436e-26 9.36292e-20 2.29521e-14 6.80111e-10 2.43604e-06 0.00105471 0.0551999 0.34921 0.267316 0.0418367 0.130634 0.120028 0.018425 0.0118024 0.00352011 0.00075628 0.000181943 2.93998e-05 3.8909e-06 3.59888e-07 2.02854e-08 6.39212e-10 9.29038e-12
 2.5696e-27 2.6052e-27 4.73171e-26 9.44173e-20 2.31453e-14 6.85835e-10 2.45655e-06 0.00106359 0.0556645 0.352149 0.269559 0.0417675 0.128531 0.118073 0.0178228 0.0109261 0.00333702 0.00085505 0.000210591 3.32655e-05 4.21168e-06 3.72557e-07 2.02396e-08 5.79089e-10 7.42588e-12
 2.57063e-27 2.608e-27 4.98111e-26 9.96785e-20 2.4435e-14 7.24052e-10 2.59343e-06 0.00112286 0.0587663 0.371772 0.284528 0.0408447 0.110992 0.10193 0.01573 0.0102159 0.00310168 0.000759446 0.000194705 3.57436e-05 4.5886e-06 3.90671e-07 2.01393e-08 5.5002e-10 6.42933e-12
#obs surv len freq
 1.63587e-41 2.27049e-33 3.80921e-26 7.725e-20 1.89369e-14 5.61136e-10 2.0099e-06 0.000870217 0.0455437 0.288123 0.220749 0.0442556 0.164679 0.139998 0.04361 0.0355079 0.0116624 0.00401183 0.000868734 0.000112665 6.41033e-06 1.15432e-07 4.86206e-10 3.84212e-13 4.93572e-17
 1.89723e-41 2.63322e-33 4.41778e-26 8.95917e-20 2.19623e-14 6.50785e-10 2.331e-06 0.00100924 0.0528198 0.334154 0.255909 0.0440157 0.132652 0.106773 0.0344089 0.0264411 0.00846005 0.00273946 0.000549296 6.28497e-05 2.96545e-06 4.17603e-08 1.31987e-10 7.62888e-14 7.0607e-18
 1.93254e-41 2.68224e-33 4.50001e-26 9.12593e-20 2.23711e-14 6.62898e-10 2.37439e-06 0.00102803 0.053803 0.340374 0.260741 0.0470386 0.14042 0.10564 0.0266954 0.0170302 0.00529562 0.00160577 0.000296081 2.96548e-05 1.15698e-06 1.27137e-08 3.00754e-11 1.26896e-14 8.45087e-19
 1.96263e-41 2.724e-33 4.57007e-26 9.26802e-20 2.27195e-14 6.73219e-10 2.41136e-06 0.00104404 0.0546407 0.345673 0.264853 0.0487761 0.139342 0.0987864 0.0264225 0.0156284 0.00373037 0.000930684 0.000155948 1.35504e-05 4.33956e-07 3.71493e-09 6.58098e-12 2.02733e-15 9.7134e-20
 1.76221e-41 2.44584e-33 4.1034e-26 8.32161e-20 2.03995e-14 6.04473e-10 2.16512e-06 0.000937424 0.049061 0.310376 0.238092 0.0549055 0.176123 0.117207 0.0312761 0.0171036 0.00398343 0.00082214 0.000102641 7.36499e-06 1.9163e-07 1.27213e-09 1.68771e-12 3.80383e-16 1.31368e-20
 1.45766e-41 2.02313e-33 3.39422e-26 6.88341e-20 1.68739e-14 5.00004e-10 1.79093e-06 0.000775412 0.040582 0.256736 0.197405 0.0625025 0.220589 0.139793 0.0483917 0.0262748 0.00575185 0.00107972 0.000110782 5.71336e-06 1.12142e-07 5.69279e-10 5.64076e-13 9.30797e-17 2.32245e-21
 2.09479e-41 2.90743e-33 4.87782e-26 9.89211e-20 2.42494e-14 7.18553e-10 2.57374e-06 0.00111434 0.0583201 0.368951 0.282773 0.050272 0.111972 0.0687276 0.0336372 0.0185328 0.00475112 0.000866198 7.71897e-05 3.08095e-06 4.21209e-08 1.51656e-10 1.09635e-13 1.31865e-17 2.37749e-22
 1.98401e-41 2.75368e-33 4.61986e-26 9.36899e-20 2.2967e-14 6.80554e-10 2.43763e-06 0.00105541 0.055236 0.349441 0.268226 0.0602952 0.152286 0.0819972 0.0191568 0.00880915 0.00287074 0.000570669 5.08586e-05 1.68821e-06 1.70085e-08 4.18309e-11 2.06671e-14 1.74581e-18 2.24402e-23
 2.01292e-41 2.7938e-33 4.68717e-26 9.5055e-20 2.33016e-14 6.90469e-10 2.47315e-06 0.00107079 0.0560408 0.354534 0.27224 0.0618434 0.145449 0.0747819 0.0232477 0.00891803 0.00155025 0.000293177 2.86202e-05 8.96982e-07 7.29517e-09 1.29657e-11 4.37084e-15 2.48563e-19 2.17951e-24
 1.73465e-41 2.40758e-33 4.03921e-26 8.19143e-20 2.00803e-14 5.95017e-10 2.13125e-06 0.00092276 0.0482936 0.305526 0.235446 0.0760687 0.198357 0.0948359 0.0281579 0.0102393 0.0019038 0.000230737 1.67077e-05 5.08572e-07 3.69512e-09 5.21108e-12 1.27886e-15 5.03968e-20 2.99507e-25
 2.0144e-41 2.79585e-33 4.69062e-26 9.51249e-20 2.33188e-14 6.90977e-10 2.47497e-06 0.00107158 0.056082 0.354797 0.272822 0.0668181 0.140082 0.0667204 0.0294246 0.0102105 0.00175937 0.000199207 1.03008e-05 2.16291e-07 1.32596e-09 1.58353e-12 3.07194e-16 8.99918e-21 3.8097e-26
 1.83604e-41 2.54831e-33 4.27532e-26 8.67025e-20 2.12541e-14 6.29798e-10 2.25583e-06 0.000976698 0.0511165 0.323388 0.249625 0.0820233 0.181882 0.0765222 0.024123 0.00835261 0.00179192 0.000188024 8.28659e-06 1.24386e-07 5.11592e-10 4.59625e-13 7.09811e-17 1.63171e-21 5.23845e-27
 1.92413e-41 2.67057e-33 4.48044e-26 9.08624e-20 2.22738e-14 6.60014e-10 2.36406e-06 0.00102356 0.053569 0.338905 0.261607 0.0808367 0.160476 0.0671851 0.0271671 0.00776978 0.00130684 0.000145365 6.13083e-06 7.40473e-08 2.16575e-10 1.29649e-13 1.3882e-17 2.35136e-22 5.72383e-28
 1.60919e-41 2.23345e-33 3.74707e-26 7.59899e-20 1.8628e-14 5.51983e-10 1.97711e-06 0.000856022 0.0448008 0.283445 0.220738 0.104789 0.218441 0.0846661 0.0314645 0.00908781 0.00156888 0.000136778 5.18486e-06 5.65203e-08 1.30929e-10 5.63218e-14 4.0907e-18 4.64867e-23 7.78445e-29
 1.47313e-41 2.0446e-33 3.43025e-26 6.95647e-20 1.7053e-14 5.05311e-10 1.80994e-06 0.000783642 0.0410127 0.259488 0.203322 0.113214 0.224438 0.0949622 0.0480204 0.0125778 0.00200799 0.000166157 5.08701e-06 4.49408e-08 8.69815e-11 2.95369e-14 1.58074e-18 1.2609e-23 1.44072e-29
 1.71927e-41 2.38623e-33 4.00339e-26 8.1188e-20 1.99023e-14 5.89741e-10 2.11236e-06 0.000914577 0.0478654 0.302841 0.236196 0.102888 0.176567 0.0762516 0.0415806 0.0125471 0.00218361 0.000159619 4.22946e-06 2.9631e-08 4.38665e-11 1.16161e-14 4.82823e-19 2.90269e-24 2.41585e-30
 1.67315e-41 2.32222e-33 3.89601e-26 7.90103e-20 1.93684e-14 5.73922e-10 2.0557e-06 0.000890046 0.0465815 0.294734 0.231496 0.119025 0.193014 0.0712209 0.0313894 0.00966184 0.00184133 0.000140521 3.25079e-06 1.84343e-08 2.10583e-11 4.15149e-15 1.28086e-19 5.76759e-25 3.59941e-31
 1.69109e-41 2.34713e-33 3.93779e-26 7.98576e-20 1.95762e-14 5.80077e-10 2.07774e-06 0.00089959 0.047081 0.297906 0.234857 0.123894 0.184958 0.070447 0.0309987 0.00756614 0.00128717 9.95452e-05 2.20656e-06 1.06139e-08 9.4916e-12 1.41387e-15 3.21926e-20 1.05495e-25 4.77914e-32
 1.65467e-41 2.29657e-33 3.85298e-26 7.81376e-20 1.91545e-14 5.67583e-10 2.03299e-06 0.000880215 0.046067 0.291513 0.231598 0.135484 0.188319 0.0692624 0.0289915 0.00685482 0.000964717 6.18068e-05 1.24441e-06 5.30414e-09 3.91237e-12 4.52092e-16 7.70936e-21 1.85781e-26 6.11755e-33
 1.74694e-41 2.42464e-33 4.06783e-26 8.24948e-20 2.02226e-14 5.99234e-10 2.14636e-06 0.000929299 0.0486359 0.307779 0.2447 0.13383 0.168281 0.0634754 0.0259335 0.00567775 0.000718161 3.71334e-05 5.87305e-07 2.06759e-09 1.26549e-12 1.17725e-16 1.55784e-21 2.82667e-27 6.86771e-34
 1.70935e-41 2.37246e-33 3.9803e-26 8.07197e-20 1.97875e-14 5.86339e-10 2.10017e-06 0.000909302 0.0475894 0.301195 0.241979 0.147896 0.172695 0.0601578 0.0223091 0.00471067 0.000533001 2.3009e-05 2.80841e-07 7.42985e-10 3.49784e-13 2.54808e-17 2.63572e-22 3.68872e-28 6.79629e-35
 1.72655e-41 2.39633e-33 4.02035e-26 8.15318e-20 1.99866e-14 5.92238e-10 2.1213e-06 0.000918451 0.0480683 0.304259 0.246029 0.152885 0.164553 0.0587504 0.0203835 0.00376099 0.000376455 1.37218e-05 1.31687e-07 2.60249e-10 8.94603e-14 4.78144e-18 3.68153e-23 3.87582e-29 5.38924e-36
 1.73118e-41 2.40277e-33 4.03114e-26 8.17508e-20 2.00402e-14 5.93829e-10 2.127e-06 0.000920917 0.0481975 0.305127 0.249002 0.160933 0.159544 0.0551018 0.0178446 0.00306109 0.00025822 7.70287e-06 5.86029e-08 8.78224e-11 2.21628e-14 8.54023e-19 4.71458e-24 3.57095e-30 3.59922e-37
 1.74496e-41 2.42188e-33 4.06321e-26 8.24012e-20 2.01997e-14 5.98553e-10 2.14392e-06 0.000928244 0.0485811 0.307611 0.253176 0.166065 0.152152 0.052875 0.0159387 0.0024857 0.000181563 4.35108e-06 2.55441e-08 2.90162e-11 5.43709e-15 1.52679e-19 6.06156e-25 3.27572e-31 2.3473e-38
 1.68795e-41 2.34276e-33 3.93047e-26 7.97092e-20 1.95398e-14 5.78999e-10 2.07388e-06 0.000897919 0.0469943 0.297671 0.249605 0.180813 0.154739 0.0523778 0.0146689 0.00209793 0.000131108 2.54398e-06 1.14641e-08 9.69614e-12 1.33772e-15 2.74615e-20 7.90759e-26 3.07566e-32 1.57624e-39
 1.60309e-41 2.22498e-33 3.73286e-26 7.57017e-20 1.85574e-14 5.49889e-10 1.96961e-06 0.000852775 0.044632 0.282858 0.243096 0.196252 0.159492 0.0561035 0.0147135 0.00189538 0.000101363 1.58662e-06 5.50589e-09 3.47268e-12 3.50131e-16 5.20299e-21 1.08061e-26 3.02546e-33 1.11359e-40
 1.59411e-41 2.21252e-33 3.71197e-26 7.52779e-20 1.84535e-14 5.46811e-10 1.95859e-06 0.000848002 0.0443826 0.281407 0.245409 0.199915 0.154156 0.057417 0.014636 0.00174751 7.92861e-05 9.97125e-07 2.66487e-09 1.25662e-12 9.29421e-17 1.00056e-21 1.49356e-27 2.99242e-34 7.86692e-42
 1.64191e-41 2.27886e-33 3.82327e-26 7.75351e-20 1.90068e-14 5.63206e-10 2.01731e-06 0.000873428 0.0457139 0.289967 0.254889 0.199223 0.142733 0.0521885 0.0128876 0.00146475 5.77369e-05 5.84235e-07 1.19957e-09 4.23272e-13 2.3022e-17 1.80147e-22 1.93928e-28 2.78663e-35 5.2335e-43
 1.64201e-41 2.279e-33 3.82349e-26 7.75396e-20 1.90079e-14 5.6324e-10 2.01743e-06 0.000873479 0.0457166 0.289984 0.254912 0.199603 0.144133 0.0514779 0.0120059 0.00124876 4.33895e-05 3.74904e-07 6.42389e-10 1.86349e-13 8.25409e-18 5.22753e-23 4.53582e-29 5.23832e-36 7.89052e-44
#pred catch len freq
 2.56617e-27 2.5964e-27 4.01973e-26 7.93999e-20 1.94639e-14 5.76751e-10 2.06583e-06 0.000894424 0.0468109 0.296139 0.226732 0.0380748 0.130516 0.120539 0.0293728 0.0370148 0.0169105 0.0144057 0.00957133 0.00776325 0.00641572 0.00577792 0.00598931 0.00540977 0.00166152
 2.56716e-27 2.59881e-27 4.19574e-26 8.31116e-20 2.03738e-14 6.03713e-10 2.1624e-06 0.000936235 0.0489992 0.309982 0.237347 0.0408809 0.144415 0.133091 0.0268887 0.0279713 0.0107995 0.00669849 0.00359715 0.00242481 0.00172775 0.0013749 0.00128834 0.00117787 0.000397917
 2.56808e-27 2.60121e-27 4.39553e-26 8.73259e-20 2.14069e-14 6.34324e-10 2.27204e-06 0.000983708 0.0514837 0.3257 0.249357 0.0414012 0.139937 0.128849 0.0242284 0.0228904 0.00800315 0.00373599 0.00152875 0.000747484 0.000409241 0.000268649 0.000216839 0.000190057 6.68769e-05
 2.56838e-27 2.602e-27 4.46159e-26 8.87192e-20 2.17484e-14 6.44445e-10 2.30829e-06 0.000999403 0.0523052 0.330897 0.253327 0.0415417 0.138217 0.127217 0.0231591 0.0208397 0.00702933 0.00287151 0.000985445 0.000346616 0.000126063 5.87992e-05 3.72678e-05 2.92714e-05 1.03035e-05
 2.56798e-27 2.60092e-27 4.36473e-26 8.66758e-20 2.12475e-14 6.29602e-10 2.25513e-06 0.000976385 0.0511004 0.323276 0.247514 0.0419094 0.1451 0.133559 0.0241065 0.0213978 0.00710564 0.00272274 0.00087251 0.000258534 6.62488e-05 1.88151e-05 7.72018e-06 4.8618e-06 1.64064e-06
 2.56621e-27 2.59614e-27 3.94483e-26 7.78177e-20 1.90761e-14 5.65258e-10 2.02466e-06 0.000876601 0.0458781 0.290238 0.222302 0.0429124 0.170446 0.157003 0.0292555 0.0272485 0.0090185 0.00339362 0.00105599 0.000290438 6.33665e-05 1.21978e-05 2.64639e-06 1.06203e-06 3.20932e-07
 2.56738e-27 2.59935e-27 4.23141e-26 8.38635e-20 2.05581e-14 6.09174e-10 2.18196e-06 0.000944705 0.0494425 0.312787 0.239503 0.0418228 0.150069 0.138249 0.0268276 0.0264401 0.00889093 0.00355133 0.00110292 0.000296028 6.0418e-05 9.77837e-06 1.26873e-06 2.34658e-07 5.39806e-08
 2.56929e-27 2.60448e-27 4.68072e-26 9.3342e-20 2.28817e-14 6.78024e-10 2.42857e-06 0.00105148 0.0550306 0.348138 0.266482 0.0408635 0.123813 0.113934 0.0209478 0.0191432 0.00655738 0.00281862 0.000904244 0.000253839 5.10388e-05 7.73815e-06 7.95982e-07 6.81603e-08 8.35351e-09
 2.56951e-27 2.60502e-27 4.72257e-26 9.42246e-20 2.3098e-14 6.84436e-10 2.45153e-06 0.00106142 0.0555509 0.35143 0.269001 0.0412158 0.124724 0.114675 0.0192856 0.0151457 0.00504314 0.00197234 0.000649269 0.000194828 4.11355e-05 6.27038e-06 5.9598e-07 3.44329e-08 1.722e-09
 2.56879e-27 2.60305e-27 4.54676e-26 9.05156e-20 2.21888e-14 6.57494e-10 2.35503e-06 0.00101964 0.0533643 0.337597 0.258448 0.0418467 0.13694 0.125933 0.0210169 0.0162481 0.00519003 0.00168639 0.000521313 0.000146992 3.27844e-05 5.30483e-06 5.10715e-07 2.60682e-08 7.06758e-10
 2.56875e-27 2.60296e-27 4.54056e-26 9.0385e-20 2.21568e-14 6.56545e-10 2.35164e-06 0.00101817 0.0532873 0.33711 0.258075 0.041759 0.136535 0.125586 0.0214337 0.0172862 0.0055064 0.00175101 0.000501505 0.000119794 2.46042e-05 4.04292e-06 4.14947e-07 2.12868e-08 4.6726e-10
 2.56923e-27 2.60427e-27 4.65728e-26 9.28472e-20 2.27604e-14 6.74431e-10 2.4157e-06 0.0010459 0.0547389 0.346293 0.26508 0.0413144 0.12823 0.117942 0.020445 0.016959 0.00545973 0.00182407 0.00052158 0.000119362 2.1159e-05 3.06434e-06 3.12032e-07 1.69068e-08 3.64739e-10
 2.56925e-27 2.60428e-27 4.65504e-26 9.28e-20 2.27488e-14 6.74087e-10 2.41447e-06 0.00104537 0.054711 0.346117 0.26495 0.0416021 0.13051 0.11998 0.0196074 0.0145343 0.00470341 0.00162614 0.00047526 0.000112988 1.9544e-05 2.50431e-06 2.20104e-07 1.16779e-08 2.62059e-10
 2.56844e-27 2.60209e-27 4.46105e-26 8.87075e-20 2.17456e-14 6.4436e-10 2.30799e-06 0.000999272 0.0522983 0.330853 0.253304 0.0421896 0.143163 0.131659 0.0217367 0.0164439 0.00518347 0.00157188 0.000458592 0.00011277 2.0224e-05 2.58227e-06 2.02637e-07 9.31028e-09 2.03074e-10
 2.56695e-27 2.59807e-27 4.1082e-26 8.1264e-20 1.99209e-14 5.90291e-10 2.11432e-06 0.000915422 0.0479099 0.303091 0.232119 0.0430284 0.164432 0.151333 0.0260923 0.0214314 0.0067959 0.00210536 0.000586932 0.000130127 2.36621e-05 3.13761e-06 2.46638e-07 1.0174e-08 1.94589e-10
 2.56763e-27 2.59996e-27 4.27946e-26 8.4877e-20 2.08066e-14 6.16536e-10 2.20833e-06 0.000956121 0.0500399 0.316567 0.242395 0.0421571 0.150582 0.13863 0.0252344 0.022684 0.00734606 0.00250726 0.0007121 0.000158224 2.63892e-05 3.37256e-06 2.74192e-07 1.12803e-08 1.94879e-10
 2.56872e-27 2.60291e-27 4.53829e-26 9.03371e-20 2.21451e-14 6.56198e-10 2.35039e-06 0.00101763 0.053259 0.336931 0.257936 0.0415792 0.135265 0.124445 0.0218 0.0184259 0.00611358 0.00233212 0.000693931 0.00016739 2.83695e-05 3.43166e-06 2.63469e-07 1.10504e-08 1.89027e-10
 2.56869e-27 2.60278e-27 4.52163e-26 8.99856e-20 2.20589e-14 6.53644e-10 2.34124e-06 0.00101367 0.0530518 0.33562 0.256942 0.0420303 0.139396 0.12817 0.0208845 0.0153878 0.00500329 0.00177349 0.000548034 0.000146303 2.68333e-05 3.39741e-06 2.51027e-07 9.96366e-09 1.71243e-10
 2.5684e-27 2.60196e-27 4.44932e-26 8.84601e-20 2.16849e-14 6.42563e-10 2.30155e-06 0.000996485 0.0521524 0.329931 0.252601 0.0422541 0.144149 0.132562 0.0217747 0.0163026 0.00513128 0.00154593 0.000454865 0.000116234 2.31198e-05 3.22242e-06 2.52625e-07 9.77226e-09 1.60141e-10
 2.5689e-27 2.60333e-27 4.57096e-26 9.10263e-20 2.2314e-14 6.61204e-10 2.36832e-06 0.00102539 0.0536653 0.339502 0.259902 0.0418295 0.135788 0.124861 0.0206717 0.0157266 0.00496906 0.00152096 0.000422437 9.34477e-05 1.74775e-05 2.53088e-06 2.20102e-07 9.06568e-09 1.46225e-10
 2.5696e-27 2.60523e-27 4.73792e-26 9.45483e-20 2.31774e-14 6.86787e-10 2.45996e-06 0.00106507 0.0557418 0.352638 0.269926 0.0414167 0.125603 0.115442 0.0186394 0.0134613 0.00426422 0.00132988 0.000372383 8.18474e-05 1.35994e-05 1.77531e-06 1.56857e-07 7.10856e-09 1.21939e-10
 2.56994e-27 2.60612e-27 4.81376e-26 9.61482e-20 2.35696e-14 6.98408e-10 2.50158e-06 0.00108309 0.056685 0.358605 0.274483 0.0414384 0.122568 0.112586 0.0171302 0.010733 0.00335262 0.000985352 0.000275718 6.16535e-05 1.02611e-05 1.23287e-06 9.66684e-08 4.39369e-09 8.18621e-11
 2.5702e-27 2.60681e-27 4.87442e-26 9.74278e-20 2.38832e-14 7.07703e-10 2.53487e-06 0.0010975 0.0574394 0.363377 0.278125 0.0413308 0.119189 0.109454 0.0163368 0.00970587 0.0029511 0.000740836 0.000198797 4.23868e-05 7.1018e-06 8.58104e-07 6.27841e-08 2.55233e-09 4.73373e-11
 2.57048e-27 2.60759e-27 4.9436e-26 9.88871e-20 2.4241e-14 7.18304e-10 2.57284e-06 0.00111394 0.0582997 0.36882 0.282278 0.0411096 0.114589 0.105214 0.0156697 0.00925024 0.00278927 0.000660407 0.000167348 3.10136e-05 4.89555e-06 5.80685e-07 4.257e-08 1.62228e-09 2.73005e-11
 2.57036e-27 2.60724e-27 4.91149e-26 9.82098e-20 2.4075e-14 7.13384e-10 2.55522e-06 0.00110631 0.0579005 0.366294 0.280352 0.0413059 0.117435 0.107817 0.0157051 0.0086754 0.00260936 0.000613302 0.000152788 2.65293e-05 3.73773e-06 3.98094e-07 2.81677e-08 1.06407e-09 1.68373e-11
 2.56995e-27 2.60613e-27 4.81197e-26 9.61102e-20 2.35602e-14 6.98132e-10 2.50059e-06 0.00108266 0.0566626 0.358463 0.274379 0.0416806 0.124484 0.114305 0.0165488 0.00896473 0.00267014 0.000585638 0.000143944 2.47133e-05 3.33084e-06 3.19098e-07 1.98983e-08 7.13202e-10 1.10641e-11
 2.56963e-27 2.60527e-27 4.73807e-26 9.45514e-20 2.31781e-14 6.8681e-10 2.46004e-06 0.0010651 0.0557436 0.352649 0.269939 0.0416903 0.127677 0.117302 0.0180066 0.0115344 0.00344018 0.000739107 0.000177812 2.87322e-05 3.80255e-06 3.51717e-07 1.98248e-08 6.24698e-10 9.07943e-12
 2.56965e-27 2.60533e-27 4.74358e-26 9.46676e-20 2.32066e-14 6.87654e-10 2.46306e-06 0.00106641 0.0558121 0.353083 0.270271 0.0417274 0.127726 0.117331 0.0177107 0.0108574 0.00331605 0.000849676 0.000209268 3.30564e-05 4.1852e-06 3.70215e-07 2.01124e-08 5.75449e-10 7.3792e-12
 2.56826e-27 2.60154e-27 4.40728e-26 8.75731e-20 2.14675e-14 6.3612e-10 2.27848e-06 0.000986493 0.0516295 0.326622 0.250083 0.0427547 0.149727 0.13763 0.0212393 0.0137939 0.00418802 0.00102544 0.000262898 4.82625e-05 6.19572e-06 5.27501e-07 2.71929e-08 7.4266e-10 8.68116e-12
#obs catch len freq
 1.62911e-41 2.26109e-33 3.79346e-26 7.69305e-20 1.88586e-14 5.58815e-10 2.00158e-06 0.000866617 0.0453553 0.286931 0.219839 0.0442802 0.165427 0.14064 0.0438472 0.0357556 0.0118779 0.00413578 0.00091287 0.00012239 7.2534e-06 1.36084e-07 5.94502e-10 4.84883e-13 6.4078e-17
 1.64171e-41 2.27859e-33 3.8228e-26 7.75257e-20 1.90045e-14 5.63138e-10 2.01707e-06 0.000873322 0.0457062 0.289151 0.221598 0.0463564 0.168459 0.135659 0.0435548 0.0334565 0.0108184 0.00355043 0.000725524 8.50465e-05 4.15565e-06 6.08051e-08 1.99092e-10 1.18639e-13 1.12695e-17
 1.9115e-41 2.65304e-33 4.45102e-26 9.02657e-20 2.21276e-14 6.55681e-10 2.34854e-06 0.00101684 0.0532172 0.336668 0.257887 0.0457644 0.134262 0.102131 0.0339721 0.0244951 0.00771845 0.00237225 0.000446161 4.57098e-05 1.83259e-06 2.07933e-08 5.08002e-11 2.20663e-14 1.50707e-18
 1.9503e-41 2.70688e-33 4.54136e-26 9.20978e-20 2.25767e-14 6.68989e-10 2.39621e-06 0.00103748 0.0542973 0.343501 0.263199 0.0489499 0.141208 0.0999694 0.0258579 0.0155828 0.00477178 0.0013665 0.000234736 2.08591e-05 6.84356e-07 6.00895e-09 1.09294e-11 3.45452e-15 1.69452e-19
 1.98596e-41 2.75638e-33 4.6244e-26 9.37819e-20 2.29895e-14 6.81222e-10 2.44002e-06 0.00105645 0.0552902 0.349783 0.26807 0.0507212 0.138972 0.0925521 0.0253859 0.0140006 0.00326134 0.000775671 0.000120311 9.18845e-06 2.4503e-07 1.66296e-09 2.25336e-12 5.18442e-16 1.8264e-20
 1.79409e-41 2.49007e-33 4.17761e-26 8.47212e-20 2.07684e-14 6.15406e-10 2.20428e-06 0.000954378 0.0499484 0.31599 0.242494 0.0574847 0.174853 0.1091 0.0298346 0.0151629 0.00343314 0.000661842 7.67418e-05 4.82495e-06 1.03587e-07 5.4122e-10 5.46557e-13 9.17284e-17 2.3253e-21
 1.49767e-41 2.07866e-33 3.48739e-26 7.07235e-20 1.7337e-14 5.13728e-10 1.84009e-06 0.000796695 0.0416959 0.263783 0.202958 0.066059 0.218969 0.130343 0.0464174 0.0231259 0.00491137 0.000855028 7.98825e-05 3.5963e-06 5.81755e-08 2.31132e-10 1.73556e-13 2.12652e-17 3.88791e-22
 2.12936e-41 2.95542e-33 4.95833e-26 1.00554e-19 2.46496e-14 7.30413e-10 2.61622e-06 0.00113273 0.0592827 0.375041 0.287516 0.0519669 0.109156 0.0633117 0.0318273 0.016058 0.00398655 0.000663099 5.32063e-05 1.82358e-06 2.04446e-08 5.75906e-11 3.14723e-14 2.80379e-18 3.69791e-23
 2.02303e-41 2.80783e-33 4.71073e-26 9.55325e-20 2.34187e-14 6.93938e-10 2.48557e-06 0.00107617 0.0563223 0.356315 0.27362 0.062564 0.147732 0.0741571 0.0176483 0.00768211 0.00241111 0.00043434 3.41631e-05 9.5869e-07 7.82985e-09 1.50105e-11 5.60528e-15 3.50382e-19 3.28992e-24
 2.05586e-41 2.8534e-33 4.78717e-26 9.70829e-20 2.37987e-14 7.052e-10 2.52591e-06 0.00109363 0.0572364 0.362098 0.278173 0.0639756 0.139896 0.0673345 0.0212696 0.00741839 0.00126061 0.00022245 1.88539e-05 4.9044e-07 3.18727e-09 4.38394e-12 1.11459e-15 4.69029e-20 3.00338e-25
 1.78607e-41 2.47895e-33 4.15895e-26 8.43427e-20 2.06756e-14 6.12656e-10 2.19443e-06 0.000950115 0.0497252 0.314584 0.242627 0.079345 0.191256 0.0855362 0.0257096 0.00857094 0.00151514 0.000167542 1.0887e-05 2.72804e-07 1.5602e-09 1.68605e-12 3.10678e-16 9.05007e-21 3.92947e-26
 2.06175e-41 2.86157e-33 4.80088e-26 9.7361e-20 2.38669e-14 7.0722e-10 2.53315e-06 0.00109676 0.0574003 0.363138 0.279398 0.0689539 0.133397 0.0601546 0.0265684 0.00837381 0.00137122 0.000139488 6.30521e-06 1.10753e-07 5.34168e-10 4.84487e-13 7.01275e-17 1.51432e-21 4.68156e-27
 1.89114e-41 2.62477e-33 4.4036e-26 8.93042e-20 2.18919e-14 6.48696e-10 2.32352e-06 0.00100601 0.0526503 0.333094 0.257356 0.08489 0.17277 0.068192 0.0215722 0.0069473 0.00138647 0.00012905 4.89556e-06 6.04335e-08 1.96413e-10 1.34242e-13 1.54048e-17 2.60001e-22 6.08334e-28
 1.97855e-41 2.7461e-33 4.60715e-26 9.34321e-20 2.29038e-14 6.78681e-10 2.43093e-06 0.00105251 0.055084 0.348492 0.269252 0.0832742 0.151375 0.0601136 0.023986 0.00626535 0.000999935 9.86365e-05 3.50104e-06 3.42889e-08 7.84775e-11 3.57207e-14 2.84433e-18 3.53013e-23 6.24423e-29
 1.67326e-41 2.32237e-33 3.89626e-26 7.90153e-20 1.93697e-14 5.73959e-10 2.05583e-06 0.000890102 0.0465844 0.294734 0.229913 0.10867 0.206786 0.0759601 0.0277757 0.0074124 0.0011782 9.11541e-05 2.91875e-06 2.5413e-08 4.55528e-11 1.48181e-14 7.99377e-19 6.65761e-24 8.0928e-30
 1.54201e-41 2.14021e-33 3.59065e-26 7.28176e-20 1.78504e-14 5.28939e-10 1.89457e-06 0.000820285 0.0429305 0.271628 0.213287 0.117634 0.212717 0.0870198 0.0421896 0.0101633 0.00149797 0.000108284 2.77082e-06 1.95595e-08 2.90851e-11 7.41655e-15 2.93819e-19 1.71653e-24 1.42472e-30
 1.78634e-41 2.47933e-33 4.15959e-26 8.43556e-20 2.06788e-14 6.1275e-10 2.19477e-06 0.00095026 0.0497329 0.314663 0.245824 0.105795 0.16538 0.0696349 0.0361748 0.0101543 0.00158625 0.000100725 2.20701e-06 1.22368e-08 1.38841e-11 2.75216e-15 8.43623e-20 3.70625e-25 2.23969e-31
 1.74168e-41 2.41734e-33 4.05559e-26 8.22465e-20 2.01618e-14 5.9743e-10 2.1399e-06 0.000926502 0.0484895 0.306815 0.241499 0.122027 0.179798 0.0640633 0.0271224 0.00783191 0.00133613 8.68611e-05 1.63859e-06 7.298e-09 6.34974e-12 9.34194e-16 2.12124e-20 6.96394e-26 3.14929e-32
 1.7609e-41 2.44402e-33 4.10035e-26 8.31542e-20 2.03843e-14 6.04023e-10 2.16351e-06 0.000936726 0.0490246 0.310216 0.24512 0.126471 0.171501 0.0634863 0.0262612 0.00599541 0.000924822 6.05779e-05 1.0782e-06 4.02379e-09 2.72416e-12 3.0171e-16 5.0442e-21 1.2034e-26 3.94496e-33
 1.72595e-41 2.3955e-33 4.01894e-26 8.15034e-20 1.99796e-14 5.92032e-10 2.12056e-06 0.00091813 0.0480514 0.304085 0.242239 0.137916 0.174068 0.0622468 0.024414 0.00534938 0.000673257 3.67714e-05 5.91641e-07 1.93648e-09 1.07258e-12 9.17291e-17 1.1457e-21 2.00692e-27 4.77759e-34
 1.81705e-41 2.52194e-33 4.23108e-26 8.58054e-20 2.10342e-14 6.23281e-10 2.23249e-06 0.000966592 0.0505877 0.320149 0.255192 0.135338 0.154549 0.0568164 0.0215351 0.00435665 0.000486968 2.12099e-05 2.6812e-07 7.22688e-10 3.3022e-13 2.26212e-17 2.18542e-22 2.87737e-28 5.04911e-35
 1.78092e-41 2.4718e-33 4.14696e-26 8.40996e-20 2.0616e-14 6.10891e-10 2.18811e-06 0.000947377 0.0495822 0.313831 0.252891 0.149024 0.157954 0.0534339 0.018401 0.00356769 0.000353035 1.26888e-05 1.2277e-07 2.48169e-10 8.70515e-14 4.65448e-18 3.50354e-23 3.54921e-29 4.7159e-36
 1.79853e-41 2.49624e-33 4.18797e-26 8.49311e-20 2.08199e-14 6.16931e-10 2.20974e-06 0.000956743 0.0500725 0.316975 0.257113 0.153326 0.149997 0.0519527 0.0165566 0.00279703 0.000243329 7.3016e-06 5.50726e-08 8.27378e-11 2.11451e-14 8.28217e-19 4.63089e-24 3.52059e-30 3.52262e-37
 1.80292e-41 2.50233e-33 4.19818e-26 8.51382e-20 2.08706e-14 6.18435e-10 2.21513e-06 0.000959077 0.0501947 0.317808 0.260224 0.160716 0.144918 0.0484099 0.0143693 0.00223215 0.00016224 3.95836e-06 2.34904e-08 2.66189e-11 4.97928e-15 1.40389e-19 5.62206e-25 3.07126e-31 2.22398e-38
 1.81667e-41 2.52142e-33 4.2302e-26 8.57875e-20 2.10298e-14 6.23152e-10 2.23203e-06 0.000966391 0.0505778 0.320301 0.264529 0.165093 0.137811 0.0461483 0.0126801 0.00177909 0.000110761 2.15125e-06 9.80126e-09 8.38339e-12 1.16086e-15 2.38083e-20 6.8501e-26 2.66842e-32 1.37309e-39
 1.76112e-41 2.44432e-33 4.10085e-26 8.31644e-20 2.03868e-14 6.04098e-10 2.16378e-06 0.000936842 0.0490316 0.310637 0.261486 0.179282 0.140026 0.0454695 0.0115739 0.00147511 7.78537e-05 1.2133e-06 4.21665e-09 2.67615e-12 2.72196e-16 4.07377e-21 8.49102e-27 2.37898e-33 8.75212e-41
 1.67817e-41 2.32919e-33 3.90769e-26 7.92472e-20 1.94265e-14 5.75643e-10 2.06186e-06 0.000892715 0.0467227 0.296189 0.25566 0.194367 0.144736 0.0485561 0.0115051 0.00131033 5.8619e-05 7.30738e-07 1.94422e-09 9.1672e-13 6.79906e-17 7.35523e-22 1.10447e-27 2.22541e-34 5.87612e-42
 1.66971e-41 2.31745e-33 3.88801e-26 7.88481e-20 1.93287e-14 5.72744e-10 2.05148e-06 0.000888219 0.046488 0.294855 0.258244 0.197417 0.140074 0.0494612 0.0113425 0.00118327 4.4485e-05 4.42081e-07 9.00862e-10 3.16464e-13 1.71804e-17 1.34463e-22 1.4499e-28 2.08921e-35 3.93771e-43
 1.70433e-41 2.36549e-33 3.9686e-26 8.04824e-20 1.97293e-14 5.84616e-10 2.094e-06 0.00090663 0.0474515 0.300925 0.261783 0.192206 0.136687 0.0478297 0.0110297 0.00113917 3.94257e-05 3.39867e-07 5.81549e-10 1.68554e-13 7.46161e-18 4.72374e-23 4.09749e-29 4.73105e-36 7.12518e-44
#spawning biomass
 4302.24 6277.39 7720.66 10716.2 15057.9 18347.7 16365.6 20398.3 32084.9 46492.5 58397 80051.9 100548 121255 122236 102789 101175 101358 98041.9 92923.9 96877.5 97332.4 99563.3 111037 118700 115141 125435 117687 135515 352402 497916 511873 471263 405825 336287 273709 222320 182484 152786 131248 115939 105216 97772 92610.5 89066.9 86704.3 85129.1 84079 83378.8 82912 82600.8 82393.3 82255 82162.7 82101.2 82060.2 82032.9 82014.7 82002.5 81994.4 81989 81985.4 81983 81981.4 81980.4 81979.7 81979.2 81978.9 81978.7 81978.5 81978.4 81978.4 81978.3 81978.3 81978.3 81978.3 81978.3 81978.3 81978.2 81978.2 81978.2 81978.2 81978.2 81978.2 81978.2 81978.2 81978.2 81978.2 81978.2 81978.2 81978.2 81978.2 81978.2 81978.2 81978.2 81978.2 81978.2 81978.2 81978.2 81978.2 81978.2 81978.2 81978.2 81978.2 81978.2 81978.2 81978.2 81978.2 81978.2 81978.2 81978.2 81978.2 81978.2 81978.2 81978.2 81978.2 81978.2 81978.2 81978.2 81978.2 81978.2 81978.2 81978.2 81978.2 81978.2 81978.2 81978.2 81978.2 81978.2 0 0 0 0 0 0 0 0 0 0 0 0 0 0 0 0 0 0 0 0 0 0 0 0 0
