SBPRF35
1.75838
Curr Bio
137833
B35
1.23693e+06
F35
0.151074
FOFL
0
OFL
0
Bzero
502395
#pred survey bio
 8650.77 11877.3 15667.6 21316.3 25173.7 27909.7 35837.4 40426.2 45747.6 58400.3 78130.3 100954 129164 129436 130194 116584 105593 101115 107278 88608.6 91372.5 103656 105551 115050 126626 128340 122089 110213 2.51351e+06 4.27767e+06 5.90165e+06 6.72197e+06 6.96392e+06 6.85765e+06 6.56781e+06 6.20274e+06 5.82783e+06 5.47857e+06 5.17115e+06 4.91023e+06 4.69417e+06 4.51802e+06 4.3727e+06 4.25125e+06 4.15759e+06 4.08518e+06 4.02906e+06 3.98545e+06 3.95144e+06 3.92483e+06 3.90394e+06 3.88747e+06 3.87442e+06 3.86404e+06 3.85574e+06 3.84907e+06 3.84367e+06 3.83929e+06 3.8357e+06 3.83276e+06 3.83032e+06 3.82829e+06 3.82659e+06 3.82517e+06 3.82396e+06 3.82294e+06 3.82206e+06 3.82132e+06 3.82067e+06 3.82011e+06 3.81963e+06 3.81921e+06 3.81885e+06 3.81853e+06 3.81825e+06 3.81801e+06 3.8178e+06 3.81761e+06 3.81744e+06 3.8173e+06 3.81717e+06 3.81705e+06 3.81695e+06 3.81687e+06 3.81679e+06 3.81672e+06 3.81666e+06 3.8166e+06 3.81656e+06 3.81651e+06 3.81648e+06 3.81644e+06 3.81641e+06 3.81639e+06 3.81636e+06 3.81634e+06 3.81632e+06 3.81631e+06 3.81629e+06 3.81628e+06 3.81627e+06 3.81626e+06 3.81625e+06 3.81624e+06 3.81624e+06 3.81623e+06 3.81622e+06 3.81622e+06 3.81622e+06 3.81621e+06 3.81621e+06 3.81621e+06 3.8162e+06 3.8162e+06 3.8162e+06 3.8162e+06 3.8162e+06 3.81619e+06 3.81619e+06 3.81619e+06 3.81619e+06 3.81619e+06 3.81619e+06 3.81619e+06 3.81619e+06 3.81619e+06 3.81619e+06 3.81619e+06 0 0 0 0 0 0 0 0 0 0 0 0 0 0 0 0 0 0 0 0 0 0 0 0 0
#obs survey bio
 6939.21 17194.6 16405.1 23235.1 32918.3 30907 29313.2 39986.4 42310.2 44457.1 54779.7 99395.1 140280 131513 76434.2 108080 130210 98447.2 86161.8 68631.6 84885.8 155464 91401.4 88418.1 114626 125596 67317.2 118851
#pred catch bio
 3855.39 6086.1 6416.32 10422.1 14780.2 15423.1 23127 25766.4 29913.7 37683.7 51301.3 62241.3 86019.5 95210 107461 99373.1 89620 81187.3 97245 76822.2 77310.5 90396.3 92300.3 102577 115860 119432 115777 103682 0 22504.2 36152.2 41670.7 42908.2 41951 39864.8 37327.7 34756.6 32380.1 30301.9 28549.5 27108.8 25944.5 24999 24227 23638.3 23189.4 22847.2 22586.1 22387.1 22235.4 22119.6 22031.4 21964.1 21912.8 21873.7 21843.8 21821.1 21803.7 21790.5 21780.4 21772.7 21766.8 21762.4 21759 21756.4 21754.4 21752.9 21751.7 21750.8 21750.2 21749.7 21749.3 21749 21748.7 21748.6 21748.4 21748.3 21748.3 21748.2 21748.2 21748.1 21748.1 21748.1 21748.1 21748 21748 21748 21748 21748 21748 21748 21748 21748 21748 21748 21748 21748 21748 21748 21748 21748 21748 21748 21748 21748 21748 21748 21748 21748 21748 21748 21748 21748 21748 21748 21748 21748 21748 21748 21748 21748 21748 21748 21748 21748 21748 21748 21748 0 0 0 0 0 0 0 0 0 0 0 0 0 0 0 0 0 0 0 0 0 0 0 0 0
#obs catch bio
 5782.73 6113.73 6289.78 10181.4 14696.3 15158.5 23159.3 25157.7 29668.8 37238 50297.1 61558.7 82397.8 92737.9 108544 100196 86734.6 78466.8 95275.8 75144.2 75659.2 86133.3 89506.6 99810.9 110479 115188 115334 102867
#pred cpue bio
 5927.09 8043.64 9534.91 13494.9 16315.5 17176.2 22453.3 24916.3 27334 32214.2 44118.5 56529.7 70233.8 72989.3 79597.7 70376.3 60851.9 57295.4 61529.2 49654.2 48508.7 54727.9 56314.5 59308.3 65428.2 67872.6 65743.2 59424.6 1.33233e+06 3.51514e+06 5.71454e+06 6.61567e+06 6.8387e+06 6.72039e+06 6.42628e+06 6.0599e+06 5.68463e+06 5.33527e+06 5.02782e+06 4.7669e+06 4.55083e+06 4.37468e+06 4.22937e+06 4.10792e+06 4.01425e+06 3.94184e+06 3.88573e+06 3.84211e+06 3.8081e+06 3.7815e+06 3.7606e+06 3.74413e+06 3.73108e+06 3.7207e+06 3.7124e+06 3.70573e+06 3.70034e+06 3.69595e+06 3.69237e+06 3.68942e+06 3.68698e+06 3.68495e+06 3.68326e+06 3.68183e+06 3.68063e+06 3.6796e+06 3.67873e+06 3.67798e+06 3.67733e+06 3.67678e+06 3.6763e+06 3.67588e+06 3.67551e+06 3.67519e+06 3.67492e+06 3.67467e+06 3.67446e+06 3.67427e+06 3.6741e+06 3.67396e+06 3.67383e+06 3.67372e+06 3.67362e+06 3.67353e+06 3.67345e+06 3.67338e+06 3.67332e+06 3.67327e+06 3.67322e+06 3.67318e+06 3.67314e+06 3.6731e+06 3.67308e+06 3.67305e+06 3.67303e+06 3.67301e+06 3.67299e+06 3.67297e+06 3.67296e+06 3.67294e+06 3.67293e+06 3.67292e+06 3.67291e+06 3.67291e+06 3.6729e+06 3.67289e+06 3.67289e+06 3.67288e+06 3.67288e+06 3.67287e+06 3.67287e+06 3.67287e+06 3.67287e+06 3.67286e+06 3.67286e+06 3.67286e+06 3.67286e+06 3.67286e+06 3.67285e+06 3.67285e+06 3.67285e+06 3.67285e+06 3.67285e+06 3.67285e+06 3.67285e+06 3.67285e+06 3.67285e+06 3.67285e+06 0 0 0 0 0 0 0 0 0 0 0 0 0 0 0 0 0 0 0 0 0 0 0 0 0
#obs cpue bio
 6286.13 6220.19 12598.9 16251.7 14979.8 17616.5 27329.7 41289.9 32820.5 47304.3 77755.9 83016.6 143031 85617.3 92830.4 89399.2 81068.6 107300 92905.5 92921.7 74121.6 83570.2 100868 115997 153180 112369 112317 86682.9
#pred surv len freq
 2.56373e-27 2.58979e-27 3.42935e-26 6.69451e-20 1.64108e-14 4.86281e-10 1.74178e-06 0.000754123 0.0394681 0.249686 0.191301 0.0405656 0.174365 0.161016 0.0368818 0.0439068 0.0183168 0.0133606 0.00798197 0.00591499 0.00453577 0.00384277 0.00378187 0.00331236 0.00100664
 2.56415e-27 2.59125e-27 3.5837e-26 7.02023e-20 1.72092e-14 5.0994e-10 1.82652e-06 0.000790814 0.0413883 0.261834 0.200535 0.0379372 0.147878 0.137407 0.0479577 0.0749779 0.0256731 0.0110131 0.00483747 0.00267655 0.0016577 0.00119457 0.00103584 0.000903283 0.000300295
 2.56673e-27 2.59799e-27 4.15126e-26 8.21742e-20 2.0144e-14 5.96903e-10 2.13801e-06 0.000925675 0.0484465 0.306486 0.234646 0.0389188 0.131382 0.121559 0.0338254 0.0468375 0.018703 0.011916 0.00390114 0.00124901 0.000511809 0.000277538 0.000197342 0.000160618 5.51594e-05
 2.5647e-27 2.59242e-27 3.6519e-26 7.16395e-20 1.75616e-14 5.20381e-10 1.86392e-06 0.000807004 0.0422357 0.267195 0.204675 0.0408962 0.167487 0.154817 0.0386596 0.0494022 0.018126 0.00965028 0.00395675 0.00152079 0.000356034 0.00010948 5.41452e-05 3.75034e-05 1.27037e-05
 2.56438e-27 2.5917e-27 3.60198e-26 7.0587e-20 1.73036e-14 5.12735e-10 1.83653e-06 0.000795148 0.0416152 0.263269 0.20166 0.0398 0.161263 0.149408 0.0437748 0.062397 0.0215517 0.00942014 0.00335655 0.00122325 0.000363279 7.22556e-05 1.72955e-05 8.40228e-06 2.65007e-06
 2.56564e-27 2.59494e-27 3.87343e-26 7.63129e-20 1.87072e-14 5.54328e-10 1.98551e-06 0.000859649 0.0449909 0.284625 0.217976 0.040317 0.153735 0.142157 0.0369993 0.0487679 0.0173964 0.00840257 0.00271286 0.000795516 0.000208268 4.6515e-05 6.86047e-06 1.52332e-06 3.94427e-07
 2.56478e-27 2.59257e-27 3.66148e-26 7.18414e-20 1.76111e-14 5.21847e-10 1.86917e-06 0.000809279 0.0423547 0.267948 0.205254 0.0411073 0.168687 0.155942 0.0392098 0.050305 0.0173363 0.00752205 0.00253924 0.000779287 0.0001678 3.18238e-05 4.58215e-06 4.86606e-07 7.26183e-08
 2.56511e-27 2.59342e-27 3.73153e-26 7.33192e-20 1.79733e-14 5.32581e-10 1.90762e-06 0.000825925 0.043226 0.273459 0.209465 0.0412599 0.16689 0.154236 0.0380676 0.0480836 0.0159573 0.00597973 0.00187546 0.000530348 0.000119679 1.98969e-05 2.38252e-06 1.94869e-07 1.29142e-08
 2.56592e-27 2.59558e-27 3.91734e-26 7.72387e-20 1.89341e-14 5.61052e-10 2.00959e-06 0.000870078 0.0455367 0.288078 0.220625 0.0411542 0.158244 0.146167 0.0350016 0.0431043 0.0141724 0.00509273 0.00149655 0.000366648 7.4712e-05 1.2303e-05 1.32012e-06 8.70116e-08 3.40671e-09
 2.56773e-27 2.60037e-27 4.3288e-26 8.59184e-20 2.10619e-14 6.24101e-10 2.23542e-06 0.000967853 0.050654 0.320451 0.245341 0.04092 0.139097 0.128284 0.0279741 0.0315463 0.0101745 0.00335921 0.000961079 0.000221332 3.96319e-05 5.71901e-06 5.82354e-07 3.38736e-08 9.85499e-10
 2.56653e-27 2.597e-27 4.02056e-26 7.94154e-20 1.94677e-14 5.76864e-10 2.06623e-06 0.000894598 0.0468201 0.296197 0.226848 0.0426348 0.16514 0.152146 0.0291238 0.0281376 0.00877673 0.00244662 0.000664814 0.000141094 2.38446e-05 3.0514e-06 2.67636e-07 1.4304e-08 3.55593e-10
 2.56714e-27 2.59875e-27 4.18271e-26 8.28364e-20 2.03063e-14 6.01713e-10 2.15524e-06 0.000933135 0.0488369 0.308956 0.236573 0.0415104 0.149751 0.138111 0.0296481 0.032849 0.00993479 0.00222168 0.000554802 0.000100911 1.56271e-05 1.84362e-06 1.42904e-07 6.55299e-09 1.45845e-10
 2.56777e-27 2.60042e-27 4.32729e-26 8.58863e-20 2.1054e-14 6.23867e-10 2.23459e-06 0.000967492 0.050635 0.320331 0.245257 0.0414084 0.142873 0.131673 0.026855 0.0281171 0.00877088 0.00241807 0.000590477 8.7631e-05 1.16879e-05 1.20354e-06 8.42258e-08 3.38064e-09 6.45891e-11
 2.56618e-27 2.59599e-27 3.92432e-26 7.73848e-20 1.897e-14 5.62114e-10 2.0134e-06 0.000871724 0.0456229 0.288623 0.221079 0.0434874 0.175681 0.161754 0.0286695 0.0246629 0.00742183 0.00164052 0.00040538 6.94601e-05 8.3727e-06 7.00912e-07 4.15393e-08 1.47078e-09 2.44022e-11
 2.56404e-27 2.59028e-27 3.43021e-26 6.69617e-20 1.64149e-14 4.86402e-10 1.74221e-06 0.00075431 0.0394779 0.249748 0.191402 0.0439825 0.200299 0.184723 0.0373086 0.0385626 0.011305 0.00193426 0.000430215 6.15874e-05 7.85753e-06 6.70674e-07 3.24955e-08 9.47779e-10 1.36108e-11
 2.56484e-27 2.59252e-27 3.63441e-26 7.12697e-20 1.74709e-14 5.17694e-10 1.85429e-06 0.000802838 0.0420177 0.265816 0.203654 0.0428905 0.183382 0.169218 0.0364725 0.0405727 0.0121227 0.00244727 0.000536096 5.97134e-05 6.35584e-06 5.03719e-07 2.52543e-08 6.26713e-10 7.30926e-12
 2.56573e-27 2.59481e-27 3.82437e-26 7.52765e-20 1.84531e-14 5.46799e-10 1.95854e-06 0.000847975 0.0443799 0.28076 0.215073 0.0434204 0.17939 0.165269 0.0309596 0.0289964 0.00866203 0.00178129 0.000402096 5.04338e-05 4.8687e-06 2.98512e-07 1.30926e-08 3.23156e-10 3.31048e-12
 2.56598e-27 2.59543e-27 3.87454e-26 7.63347e-20 1.87125e-14 5.54486e-10 1.98607e-06 0.000859895 0.0450038 0.284707 0.218091 0.0436809 0.179253 0.165053 0.0293101 0.0252756 0.00733215 0.00115199 0.000245494 3.13023e-05 3.22603e-06 2.02413e-07 7.09977e-09 1.46116e-10 1.42876e-12
 2.56588e-27 2.59522e-27 3.8611e-26 7.60514e-20 1.86431e-14 5.52428e-10 1.9787e-06 0.000856703 0.0448367 0.28365 0.217278 0.0432724 0.176716 0.162822 0.0309034 0.0294682 0.00855717 0.00133512 0.000272145 2.7834e-05 2.70932e-06 1.77423e-07 6.50181e-09 1.14228e-10 9.13393e-13
 2.5658e-27 2.59485e-27 3.81333e-26 7.50431e-20 1.83959e-14 5.45104e-10 1.95247e-06 0.000845345 0.0442423 0.279889 0.214429 0.0446796 0.189426 0.174246 0.0274145 0.0186378 0.00531711 0.000717238 0.00013904 1.33837e-05 1.14159e-06 6.25979e-08 2.29532e-09 4.18833e-11 3.00212e-13
 2.56769e-27 2.60005e-27 4.28192e-26 8.49287e-20 2.08193e-14 6.16912e-10 2.20967e-06 0.000956705 0.0500705 0.31676 0.242549 0.0425846 0.153727 0.141473 0.0246843 0.0206541 0.00581538 0.000608791 0.000105469 9.07827e-06 7.22897e-07 3.56547e-08 1.09173e-09 1.87234e-11 1.37299e-13
 2.56743e-27 2.59927e-27 4.20464e-26 8.3298e-20 2.04195e-14 6.05066e-10 2.16725e-06 0.000938335 0.0491091 0.310678 0.237919 0.043487 0.163846 0.150644 0.0232781 0.0151482 0.00429866 0.000545293 9.91098e-05 6.81026e-06 4.60672e-07 2.0228e-08 5.59336e-10 8.12578e-12 5.3855e-14
 2.56707e-27 2.59828e-27 4.11529e-26 8.14131e-20 1.99574e-14 5.91374e-10 2.1182e-06 0.000917101 0.0479978 0.303647 0.232557 0.0438983 0.170743 0.156978 0.0238447 0.0148408 0.00412666 0.000380471 6.13206e-05 4.876e-06 3.30102e-07 1.14283e-08 2.69855e-10 3.47283e-12 1.97636e-14
 2.56805e-27 2.60098e-27 4.3571e-26 8.65144e-20 2.1208e-14 6.2843e-10 2.25093e-06 0.000974567 0.0510053 0.322674 0.24707 0.0429336 0.153205 0.140851 0.0220185 0.0147359 0.00409932 0.000369549 5.70537e-05 3.47142e-06 2.10473e-07 8.08559e-09 1.67253e-10 1.7402e-12 8.58314e-15
 2.56773e-27 2.60003e-27 4.26804e-26 8.46355e-20 2.07474e-14 6.14782e-10 2.20204e-06 0.000953401 0.0498976 0.315666 0.241731 0.0436612 0.162493 0.149309 0.0214665 0.0113521 0.00314023 0.00028182 4.32798e-05 2.54377e-06 1.37521e-07 4.10276e-09 8.42903e-11 8.49448e-13 3.42649e-15
 2.5671e-27 2.59832e-27 4.11551e-26 8.14177e-20 1.99586e-14 5.91408e-10 2.11832e-06 0.000917153 0.0480005 0.303664 0.232576 0.0442147 0.173138 0.159111 0.0228305 0.0119919 0.00328419 0.00023604 3.11004e-05 1.80164e-06 9.56618e-08 2.65486e-09 4.46911e-11 3.93501e-13 1.56077e-15
 2.56668e-27 2.59717e-27 4.01447e-26 7.92861e-20 1.9436e-14 5.75925e-10 2.06286e-06 0.000893142 0.0467438 0.295714 0.226509 0.0444518 0.179205 0.164727 0.0241481 0.0135805 0.00372443 0.000265283 3.41631e-05 1.64679e-06 7.29854e-08 1.97013e-09 3.16832e-11 2.39787e-13 7.97027e-16
 2.56664e-27 2.59707e-27 4.00558e-26 7.90986e-20 1.93901e-14 5.74562e-10 2.05799e-06 0.000891029 0.0466333 0.295015 0.225975 0.0444831 0.179818 0.165292 0.0242259 0.0136161 0.00373786 0.000273076 3.58771e-05 1.70873e-06 7.11868e-08 1.55046e-09 2.19797e-11 1.59258e-13 4.73891e-16
#obs surv len freq
 1.08575e-41 1.50695e-33 2.52823e-26 5.1272e-20 1.25687e-14 3.72434e-10 1.334e-06 0.000577575 0.030228 0.191232 0.146733 0.0402478 0.173761 0.146979 0.103636 0.101422 0.0438007 0.0170718 0.00381304 0.000472139 2.39836e-05 3.62905e-07 1.22678e-09 7.54014e-13 7.38049e-17
 1.60403e-41 2.22629e-33 3.73506e-26 7.57464e-20 1.85683e-14 5.50213e-10 1.97078e-06 0.000853278 0.0446572 0.282515 0.216451 0.0407027 0.126789 0.102333 0.0760735 0.0686894 0.0285646 0.0101232 0.00202216 0.000214747 8.87604e-06 1.0349e-07 2.59294e-10 1.15372e-13 8.06328e-18
 1.53795e-41 2.13458e-33 3.5812e-26 7.26259e-20 1.78034e-14 5.27547e-10 1.88959e-06 0.000818126 0.0428175 0.270877 0.207793 0.0499954 0.176519 0.128669 0.0564269 0.0425513 0.0170319 0.00545161 0.000958822 8.55473e-05 2.83609e-06 2.53466e-08 4.69939e-11 1.51317e-14 7.5551e-19
 1.07688e-41 1.49464e-33 2.50757e-26 5.0853e-20 1.2466e-14 3.69391e-10 1.3231e-06 0.000572855 0.029981 0.189671 0.146016 0.0564572 0.230033 0.162951 0.0979761 0.0658424 0.0159802 0.00388086 0.000592944 4.37332e-05 1.14179e-06 7.73592e-09 1.05773e-11 2.46448e-15 8.79719e-20
 1.50218e-41 2.08493e-33 3.4979e-26 7.09368e-20 1.73893e-14 5.15277e-10 1.84564e-06 0.000799098 0.0418216 0.264577 0.203018 0.0472691 0.142488 0.104318 0.103928 0.0689913 0.018921 0.00352206 0.000327156 1.82767e-05 3.69254e-07 1.87074e-09 1.87059e-12 3.14399e-16 8.0223e-21
 1.19654e-41 1.66072e-33 2.7862e-26 5.65037e-20 1.38512e-14 4.10437e-10 1.47012e-06 0.00063651 0.0333124 0.210748 0.162468 0.0648737 0.230934 0.143983 0.0790429 0.0503724 0.0194885 0.00382736 0.000302405 1.03597e-05 1.39665e-07 5.13733e-10 3.71736e-13 4.47621e-17 8.1339e-22
 1.37783e-41 1.91234e-33 3.20835e-26 6.50647e-20 1.59498e-14 4.72623e-10 1.69286e-06 0.000732949 0.0383597 0.242678 0.186726 0.0577959 0.174459 0.116309 0.109905 0.0571717 0.0130553 0.00256769 0.000231615 6.67305e-06 5.69438e-08 1.31024e-10 6.47722e-14 5.50001e-18 7.06877e-23
 1.19392e-41 1.65708e-33 2.7801e-26 5.63798e-20 1.38208e-14 4.09537e-10 1.46689e-06 0.000635114 0.0332394 0.210288 0.162568 0.0723879 0.22778 0.1335 0.0934466 0.0492238 0.0147123 0.00207559 0.000138184 3.91792e-06 2.81496e-08 4.31187e-11 1.3165e-14 7.22549e-19 6.3108e-24
 1.51588e-41 2.10394e-33 3.5298e-26 7.15837e-20 1.75479e-14 5.19977e-10 1.86247e-06 0.000806386 0.042203 0.266994 0.205684 0.0644306 0.166915 0.103959 0.0961807 0.041984 0.00941255 0.0013481 7.88657e-05 1.58496e-06 9.45862e-09 1.19349e-11 2.60828e-15 9.24853e-20 5.11317e-25
 1.51868e-41 2.10783e-33 3.53632e-26 7.17159e-20 1.75803e-14 5.20936e-10 1.86591e-06 0.000807874 0.0422809 0.26749 0.206684 0.0779931 0.198553 0.103713 0.0661633 0.0284411 0.00704673 0.000786175 3.76998e-05 6.39168e-07 2.76537e-09 2.59681e-12 4.43669e-16 1.1866e-20 4.60855e-26
 1.09877e-41 1.52502e-33 2.55854e-26 5.18866e-20 1.27194e-14 3.76899e-10 1.34999e-06 0.000584499 0.0305904 0.193539 0.151289 0.097269 0.258299 0.136004 0.0948742 0.0315777 0.00539244 0.000555742 2.26705e-05 2.91744e-07 9.80165e-10 6.75273e-13 8.19945e-17 1.60058e-21 4.63583e-27
 1.66717e-41 2.31392e-33 3.88209e-26 7.87279e-20 1.92992e-14 5.71871e-10 2.04835e-06 0.000886865 0.046415 0.293645 0.226722 0.0712518 0.144657 0.093912 0.0893023 0.0283574 0.00451152 0.000326969 9.86317e-06 1.02203e-07 2.5655e-10 1.29729e-13 1.14832e-17 1.59481e-22 3.25257e-28
 1.33409e-41 1.85163e-33 3.10649e-26 6.29991e-20 1.54435e-14 4.57619e-10 1.63911e-06 0.00070968 0.0371419 0.234995 0.184114 0.110433 0.242732 0.10687 0.057932 0.0207114 0.00408222 0.000271481 6.17552e-06 4.3937e-08 8.08074e-11 3.0083e-14 1.9142e-18 1.90081e-23 2.76583e-29
 1.11665e-41 1.54984e-33 2.60018e-26 5.27311e-20 1.29264e-14 3.83033e-10 1.37196e-06 0.000594013 0.0310883 0.196705 0.155464 0.111778 0.235 0.137915 0.104088 0.0241426 0.00300861 0.000211467 4.75112e-06 2.62744e-08 3.30551e-11 8.43059e-15 3.80224e-19 2.69523e-24 2.78176e-30
 8.71512e-42 1.2096e-33 2.02936e-26 4.1155e-20 1.00887e-14 2.98945e-10 1.07077e-06 0.000463608 0.0242634 0.153541 0.12376 0.123085 0.248675 0.160302 0.125553 0.0353219 0.00481457 0.000215452 3.73346e-06 1.89683e-08 1.94426e-11 3.53937e-15 1.08011e-19 5.20455e-25 3.72672e-31
 1.41196e-41 1.95971e-33 3.28782e-26 6.66763e-20 1.63449e-14 4.84329e-10 1.73479e-06 0.000751104 0.0393098 0.248721 0.194973 0.0944241 0.159605 0.126695 0.102087 0.0290514 0.00417961 0.000199124 2.70716e-06 9.44508e-09 7.63487e-12 1.13014e-15 2.62171e-20 8.96781e-26 4.39431e-32
 9.71372e-42 1.3482e-33 2.26189e-26 4.58706e-20 1.12446e-14 3.33199e-10 1.19346e-06 0.000516729 0.0270436 0.171171 0.14118 0.162251 0.273112 0.126482 0.0724628 0.0223877 0.00323814 0.000152351 2.02211e-06 5.93811e-09 3.40273e-12 3.54834e-16 6.17692e-21 1.62105e-26 5.96715e-33
 1.43248e-41 1.98819e-33 3.3356e-26 6.76454e-20 1.65825e-14 4.91369e-10 1.76e-06 0.000762021 0.0398812 0.252362 0.199734 0.107516 0.160914 0.1367 0.0848039 0.0155394 0.00170702 7.82416e-05 9.72217e-07 2.58425e-09 1.25354e-12 9.9502e-17 1.22037e-21 2.23228e-27 5.8829e-34
 1.00013e-41 1.38812e-33 2.32885e-26 4.72287e-20 1.15776e-14 3.43064e-10 1.2288e-06 0.000532028 0.0278444 0.176296 0.149043 0.183325 0.26095 0.121446 0.0628267 0.0161726 0.00151784 4.48819e-05 4.51521e-07 1.04822e-09 4.33713e-13 2.84706e-17 2.76513e-22 3.79716e-28 7.17257e-35
 1.289e-41 1.78905e-33 3.0015e-26 6.08698e-20 1.49215e-14 4.42151e-10 1.58371e-06 0.000685694 0.0358866 0.227148 0.184338 0.132292 0.181224 0.152181 0.073946 0.0113116 0.00095672 2.76095e-05 1.96386e-07 3.22162e-10 1.04697e-13 5.55359e-18 4.31855e-23 4.6728e-29 6.82179e-36
 1.412e-41 1.95977e-33 3.28791e-26 6.66782e-20 1.63454e-14 4.84344e-10 1.73484e-06 0.000751126 0.0393112 0.248872 0.204688 0.15929 0.187373 0.101519 0.0477961 0.00973202 0.000651639 1.32795e-05 7.98998e-08 1.00643e-10 2.26415e-14 8.51935e-19 4.9485e-24 4.10164e-30 4.60471e-37
 1.12918e-41 1.56723e-33 2.62936e-26 5.33229e-20 1.30715e-14 3.87332e-10 1.38736e-06 0.000600679 0.0314376 0.199165 0.172753 0.196655 0.225309 0.122685 0.0445641 0.00639897 0.000422501 8.03255e-06 3.50794e-08 3.26634e-11 5.61509e-15 1.53489e-19 6.20266e-25 3.58071e-31 2.86807e-38
 1.37301e-41 1.90565e-33 3.19713e-26 6.48371e-20 1.58941e-14 4.7097e-10 1.68694e-06 0.000730386 0.038226 0.242097 0.202762 0.160329 0.179261 0.126806 0.0441704 0.0053599 0.00025234 3.78282e-06 1.43138e-08 1.03449e-11 1.27126e-15 2.50522e-20 7.411e-26 3.09401e-32 1.75137e-39
 1.3582e-41 1.88509e-33 3.16263e-26 6.41374e-20 1.57225e-14 4.65887e-10 1.66873e-06 0.000722504 0.0378138 0.239631 0.207471 0.194054 0.187956 0.0963716 0.0317253 0.00408634 0.000164355 1.78289e-06 4.82752e-09 2.69923e-12 2.59312e-16 3.79707e-21 8.01115e-27 2.36623e-33 9.55453e-41
 1.18738e-41 1.648e-33 2.76487e-26 5.60709e-20 1.37451e-14 4.07293e-10 1.45886e-06 0.000631636 0.0330586 0.209702 0.190418 0.214451 0.206952 0.112503 0.0293347 0.00284439 0.000103396 9.84832e-07 2.00213e-09 7.80707e-13 5.32863e-17 5.7638e-22 9.1024e-28 1.98525e-34 5.78724e-42
 1.06841e-41 1.48288e-33 2.48784e-26 5.0453e-20 1.2368e-14 3.66485e-10 1.31269e-06 0.00056835 0.029747 0.188903 0.178779 0.221204 0.217055 0.129 0.0319514 0.00271661 7.32942e-05 5.38422e-07 8.95981e-10 2.71267e-13 1.33181e-17 1.00058e-22 1.1022e-28 1.7105e-35 3.61016e-43
 1.04935e-41 1.45642e-33 2.44345e-26 4.95527e-20 1.21473e-14 3.59946e-10 1.28927e-06 0.000558209 0.0292169 0.185706 0.179699 0.221461 0.216805 0.131894 0.0319609 0.0026361 6.12157e-05 3.43197e-07 4.14561e-10 9.40889e-14 3.52709e-18 1.97942e-23 1.57154e-29 1.7118e-36 2.50892e-44
 1.27031e-41 1.76311e-33 2.95798e-26 5.99873e-20 1.47052e-14 4.35741e-10 1.56076e-06 0.000675754 0.0353684 0.22452 0.204952 0.200304 0.192418 0.112636 0.0268789 0.0021952 4.97099e-05 2.57586e-07 2.63799e-10 4.77764e-14 1.41321e-18 6.37594e-24 4.14241e-30 3.7045e-37 4.41729e-45
#pred catch len freq
 2.55724e-27 2.57255e-27 1.94824e-26 3.57016e-20 8.75183e-15 2.59332e-10 9.28885e-07 0.000402172 0.0210482 0.133158 0.102332 0.0412542 0.242112 0.224036 0.0569644 0.0740721 0.0309703 0.0226317 0.0134647 0.0099415 0.00760661 0.00643824 0.00633418 0.00554747 0.00168588
 2.5577e-27 2.57429e-27 2.1389e-26 3.97251e-20 9.73813e-15 2.88558e-10 1.03357e-06 0.000447495 0.0234203 0.148164 0.113732 0.037567 0.206047 0.192046 0.0749778 0.122971 0.0421099 0.0180377 0.00789161 0.00434662 0.00268549 0.00193315 0.0016757 0.00146115 0.000485753
 2.5599e-27 2.57993e-27 2.60082e-26 4.94681e-20 1.21265e-14 3.5933e-10 1.28706e-06 0.000557248 0.0291644 0.184502 0.141513 0.0396603 0.202458 0.187873 0.0586187 0.0869437 0.0347651 0.0221783 0.00724406 0.00230749 0.000942956 0.000510686 0.000362972 0.0002954 0.000101445
 2.55849e-27 2.57592e-27 2.22665e-26 4.15741e-20 1.01914e-14 3.01989e-10 1.08167e-06 0.000468323 0.0245103 0.15506 0.119073 0.0423069 0.238365 0.220782 0.0604211 0.0825657 0.0303004 0.0161068 0.00658014 0.00251888 0.000588279 0.000180579 8.92584e-05 6.18177e-05 2.09395e-05
 2.55861e-27 2.5764e-27 2.28504e-26 4.28064e-20 1.04935e-14 3.10941e-10 1.11374e-06 0.000482206 0.0252369 0.159656 0.122557 0.0407071 0.223743 0.207708 0.0657381 0.0979075 0.033775 0.0146756 0.00520934 0.0018886 0.000559504 0.000111143 2.65824e-05 1.29115e-05 4.07221e-06
 2.55968e-27 2.57909e-27 2.50245e-26 4.7392e-20 1.16176e-14 3.4425e-10 1.23305e-06 0.000533861 0.0279404 0.176759 0.135634 0.0418115 0.222959 0.206575 0.0581177 0.080826 0.028805 0.0138491 0.00445768 0.00130014 0.000339472 7.57127e-05 1.11601e-05 2.47728e-06 6.4141e-07
 2.55945e-27 2.57835e-27 2.4264e-26 4.57874e-20 1.12242e-14 3.32594e-10 1.1913e-06 0.000515785 0.0269943 0.170774 0.131081 0.0428264 0.233883 0.216522 0.0574961 0.0768283 0.0264224 0.0113632 0.00382082 0.00116628 0.000250489 4.74283e-05 6.8245e-06 7.24548e-07 1.08119e-07
 2.55981e-27 2.57927e-27 2.50026e-26 4.73453e-20 1.16061e-14 3.4391e-10 1.23183e-06 0.000533335 0.0279128 0.176585 0.135522 0.0431411 0.233157 0.215783 0.0561337 0.0738386 0.0244618 0.00908222 0.00283774 0.000797848 0.000179571 2.98101e-05 3.56693e-06 2.91666e-07 1.93272e-08
 2.56081e-27 2.58189e-27 2.72326e-26 5.20492e-20 1.27592e-14 3.78079e-10 1.35421e-06 0.000586323 0.030686 0.194129 0.14892 0.0432192 0.224338 0.207492 0.0519174 0.0662821 0.021749 0.00773181 0.00226371 0.000551227 0.000112014 1.84161e-05 1.97472e-06 1.30119e-07 5.09396e-09
 2.56286e-27 2.58727e-27 3.18131e-26 6.17116e-20 1.51279e-14 4.48265e-10 1.60561e-06 0.000695168 0.0363826 0.230167 0.17644 0.0433583 0.206061 0.190302 0.0430017 0.0502288 0.0161677 0.005275 0.0015034 0.000344088 6.14452e-05 8.85139e-06 9.00645e-07 5.23726e-08 1.52354e-09
 2.56165e-27 2.58383e-27 2.8611e-26 5.49559e-20 1.34718e-14 3.99193e-10 1.42984e-06 0.000619066 0.0323997 0.20497 0.157236 0.0455669 0.236361 0.217994 0.0430495 0.0433289 0.0134962 0.00371803 0.00100636 0.000212243 3.577e-05 4.56959e-06 4.00475e-07 2.1397e-08 5.31865e-10
 2.5621e-27 2.58517e-27 2.9921e-26 5.77198e-20 1.41493e-14 4.1927e-10 1.50175e-06 0.000650202 0.0340292 0.215279 0.165084 0.0441103 0.219763 0.202952 0.0453685 0.0523779 0.0158269 0.00350187 0.000871212 0.000157466 2.43158e-05 2.86355e-06 2.21784e-07 1.01666e-08 2.26245e-10
 2.56335e-27 2.58847e-27 3.2767e-26 6.37235e-20 1.5621e-14 4.62879e-10 1.65796e-06 0.000717832 0.0375687 0.23767 0.18218 0.0439677 0.206666 0.190679 0.0397955 0.0427831 0.0133193 0.00362095 0.0008811 0.00012989 1.72706e-05 1.77493e-06 1.24106e-07 4.97961e-09 9.51256e-11
 2.56187e-27 2.58429e-27 2.8906e-26 5.55777e-20 1.36242e-14 4.0371e-10 1.44602e-06 0.000626072 0.0327663 0.20729 0.159021 0.046459 0.241896 0.22289 0.0401009 0.0353415 0.0106184 0.00231141 0.000568486 9.67609e-05 1.16325e-05 9.71753e-07 5.75364e-08 2.0364e-09 3.37817e-11
 2.56014e-27 2.57973e-27 2.50068e-26 4.73527e-20 1.16079e-14 3.43964e-10 1.23202e-06 0.000533418 0.0279172 0.176612 0.135595 0.0464057 0.257949 0.238017 0.0484618 0.0505744 0.0148035 0.00248977 0.000550603 7.82651e-05 9.95344e-06 8.47966e-07 4.10482e-08 1.19669e-09 1.71826e-11
 2.56121e-27 2.5827e-27 2.77036e-26 5.3042e-20 1.30026e-14 3.8529e-10 1.38004e-06 0.000597507 0.0312713 0.197832 0.151777 0.0450677 0.236398 0.218245 0.0470397 0.0523257 0.0155994 0.00308951 0.000673422 7.44816e-05 7.8991e-06 6.24661e-07 3.12893e-08 7.7616e-10 9.05055e-12
 2.56222e-27 2.58528e-27 2.98181e-26 5.7502e-20 1.40959e-14 4.17687e-10 1.49609e-06 0.000647748 0.0339008 0.214466 0.164492 0.0458647 0.23353 0.215252 0.0402393 0.0375737 0.0111976 0.00225802 0.000507051 6.31472e-05 6.07746e-06 3.71759e-07 1.62877e-08 4.0184e-10 4.11583e-12
 2.56211e-27 2.58491e-27 2.94283e-26 5.66795e-20 1.38943e-14 4.11713e-10 1.47469e-06 0.000638483 0.0334159 0.211399 0.162158 0.0464507 0.239628 0.22078 0.0394132 0.0342806 0.00993055 0.00153356 0.000324838 4.11302e-05 4.22584e-06 2.64589e-07 9.27139e-09 1.90706e-10 1.8644e-12
 2.563e-27 2.58738e-27 3.16648e-26 6.13977e-20 1.50509e-14 4.45986e-10 1.59745e-06 0.000691633 0.0361976 0.228996 0.175579 0.0453733 0.222001 0.204611 0.0383293 0.0358778 0.0103963 0.00158824 0.000321545 3.26491e-05 3.16594e-06 2.06872e-07 7.5737e-09 1.32996e-10 1.06322e-12
 2.56252e-27 2.58589e-27 3.01708e-26 5.82453e-20 1.42781e-14 4.23087e-10 1.51543e-06 0.000656122 0.034339 0.217239 0.166632 0.0473514 0.243339 0.223935 0.0350848 0.0236163 0.0067264 0.000890201 0.000171329 1.6377e-05 1.39181e-06 7.61373e-08 2.78875e-09 5.08632e-11 3.64503e-13
 2.56454e-27 2.59148e-27 3.5213e-26 6.88826e-20 1.68857e-14 5.00355e-10 1.79219e-06 0.000775948 0.0406103 0.256913 0.196889 0.0449732 0.203984 0.187832 0.0325663 0.0269508 0.00757915 0.000779454 0.000133819 1.14398e-05 9.0736e-07 4.46477e-08 1.36555e-09 2.34066e-11 1.71605e-13
 2.56452e-27 2.59131e-27 3.49694e-26 6.83685e-20 1.67597e-14 4.9662e-10 1.77881e-06 0.000770157 0.0403072 0.254995 0.195439 0.0459145 0.212165 0.195164 0.0299278 0.0191008 0.00541052 0.000672948 0.000121393 8.2893e-06 5.58099e-07 2.44458e-08 6.75177e-10 9.80306e-12 6.49554e-14
 2.56408e-27 2.59012e-27 3.3894e-26 6.60997e-20 1.62035e-14 4.8014e-10 1.71978e-06 0.000744599 0.0389696 0.246533 0.188986 0.0464137 0.220498 0.202816 0.0305975 0.0186959 0.00519195 0.000470473 7.50412e-05 5.92687e-06 3.99697e-07 1.38043e-08 3.25519e-10 4.18661e-12 2.38195e-14
 2.56541e-27 2.59376e-27 3.71503e-26 7.29692e-20 1.78875e-14 5.30039e-10 1.89851e-06 0.000821983 0.0430196 0.272154 0.20853 0.045144 0.197105 0.181298 0.028041 0.0182829 0.00507883 0.000449745 6.86917e-05 4.15447e-06 2.50592e-07 9.60336e-09 1.98422e-10 2.06308e-12 1.01727e-14
 2.56522e-27 2.59317e-27 3.65645e-26 7.17332e-20 1.75845e-14 5.21061e-10 1.86635e-06 0.00080806 0.0422909 0.267544 0.205021 0.0458745 0.205129 0.188566 0.0268471 0.0137362 0.00379305 0.00033426 5.07704e-05 2.9665e-06 1.59565e-07 4.7485e-09 9.74158e-11 9.81119e-13 3.95646e-15
 2.56459e-27 2.59146e-27 3.50372e-26 6.85113e-20 1.67947e-14 4.97658e-10 1.78253e-06 0.000771766 0.0403914 0.255528 0.195854 0.0464379 0.215856 0.198442 0.0281872 0.0143028 0.0039111 0.000276678 3.59558e-05 2.07044e-06 1.09378e-07 3.02815e-09 5.09025e-11 4.47859e-13 1.77582e-15
 2.56426e-27 2.59057e-27 3.42527e-26 6.68563e-20 1.6389e-14 4.85636e-10 1.73947e-06 0.000753123 0.0394157 0.249355 0.191144 0.0465826 0.220267 0.202536 0.0293416 0.0159022 0.00435447 0.000305254 3.87668e-05 1.85913e-06 8.1902e-08 2.20516e-09 3.54131e-11 2.67823e-13 8.89902e-16
 2.56413e-27 2.59022e-27 3.39481e-26 6.62137e-20 1.62315e-14 4.80968e-10 1.72275e-06 0.000745883 0.0390368 0.246958 0.189315 0.046685 0.222331 0.204439 0.0296321 0.0160861 0.00440931 0.000316977 4.10882e-05 1.94712e-06 8.06422e-08 1.75213e-09 2.47968e-11 1.79534e-13 5.34045e-16
#obs catch len freq
 5.0456e-42 7.00297e-34 1.17489e-26 2.38266e-20 5.84081e-15 1.73074e-10 6.19922e-07 0.000268405 0.0140472 0.0888682 0.0685845 0.0399601 0.218829 0.186744 0.143564 0.143029 0.0638593 0.0255526 0.00589462 0.00075698 4.02396e-05 6.37666e-07 2.24919e-09 1.43588e-12 1.45278e-16
 5.74818e-42 7.9781e-34 1.33849e-26 2.71443e-20 6.65411e-15 1.97174e-10 7.06244e-07 0.000305779 0.0160033 0.101243 0.0781463 0.0438019 0.223806 0.181986 0.142714 0.130523 0.0561297 0.0205527 0.00429262 0.000474912 2.04651e-05 2.4899e-07 6.49102e-10 2.99129e-13 2.15599e-17
 1.08338e-41 1.50367e-33 2.52271e-26 5.11601e-20 1.25413e-14 3.71621e-10 1.33109e-06 0.000576315 0.030162 0.190815 0.146588 0.0452077 0.181593 0.140799 0.11384 0.0954488 0.039311 0.0130102 0.00241244 0.00022684 7.87325e-06 7.32239e-08 1.40772e-10 4.68278e-14 2.40611e-18
 1.11603e-41 1.54897e-33 2.59873e-26 5.27017e-20 1.29192e-14 3.82819e-10 1.3712e-06 0.000593681 0.0310709 0.196566 0.151323 0.0584242 0.23785 0.164241 0.0767909 0.0542769 0.0213958 0.00635576 0.00102924 8.05877e-05 2.22315e-06 1.57326e-08 2.22759e-11 5.34786e-15 1.96016e-19
 7.8688e-42 1.09214e-33 1.83229e-26 3.71584e-20 9.10895e-15 2.69915e-10 9.66791e-07 0.000418587 0.0219072 0.138595 0.10732 0.0647813 0.273575 0.184403 0.116429 0.0712831 0.0168554 0.00385781 0.000538455 3.45266e-05 7.43805e-07 3.96506e-09 4.12254e-12 7.1433e-16 1.86918e-20
 1.25384e-41 1.74025e-33 2.91962e-26 5.92094e-20 1.45145e-14 4.30091e-10 1.54051e-06 0.00066699 0.0349076 0.220838 0.169855 0.0530125 0.173282 0.122706 0.125441 0.0756077 0.0200032 0.00337461 0.000289055 1.40675e-05 2.3273e-07 9.22467e-10 6.98831e-13 8.71457e-17 1.62775e-21
 1.03264e-41 1.43323e-33 2.40454e-26 4.87637e-20 1.19538e-14 3.54214e-10 1.26874e-06 0.00054932 0.0287492 0.181881 0.140802 0.0736164 0.260049 0.153642 0.0866871 0.0514658 0.0189886 0.00332702 0.000233936 6.92993e-06 7.7019e-08 2.21027e-10 1.20797e-13 1.07704e-17 1.43082e-22
 1.27946e-41 1.7758e-33 2.97928e-26 6.04192e-20 1.4811e-14 4.38878e-10 1.57199e-06 0.000680618 0.0356208 0.225353 0.173804 0.0641703 0.191471 0.123443 0.116418 0.0546161 0.0120723 0.00217438 0.000170327 4.11531e-06 2.86263e-08 5.16298e-11 1.92919e-14 1.21142e-18 1.13704e-23
 1.15064e-41 1.59702e-33 2.67933e-26 5.43362e-20 1.33199e-14 3.94692e-10 1.41372e-06 0.000612093 0.0320345 0.202668 0.157158 0.0799043 0.239488 0.13417 0.0938846 0.045598 0.0127772 0.00160512 9.54483e-05 2.24912e-06 1.28703e-08 1.53051e-11 3.53786e-15 1.43813e-19 9.16908e-25
 1.5167e-41 2.10508e-33 3.53171e-26 7.16223e-20 1.75574e-14 5.20257e-10 1.86348e-06 0.000806821 0.0422258 0.26714 0.206115 0.0696304 0.171255 0.103609 0.0933442 0.0369499 0.00786383 0.00100672 5.07822e-05 8.53074e-07 4.05613e-09 3.92759e-12 6.45784e-16 1.69682e-20 6.8604e-26
 1.55257e-41 2.15486e-33 3.61523e-26 7.33161e-20 1.79726e-14 5.3256e-10 1.90754e-06 0.0008259 0.0432243 0.273461 0.211629 0.083174 0.197083 0.0984307 0.0616143 0.0243969 0.00558453 0.000550619 2.29218e-05 3.19132e-07 1.09367e-09 7.88599e-13 1.0095e-16 1.99421e-21 5.66771e-27
 1.15578e-41 1.60415e-33 2.69129e-26 5.45789e-20 1.33794e-14 3.96455e-10 1.42004e-06 0.000614828 0.0321776 0.203585 0.159533 0.104007 0.254055 0.12895 0.0865138 0.0260099 0.00416049 0.000379317 1.31603e-05 1.38789e-07 3.6704e-10 1.93046e-13 1.75386e-17 2.52392e-22 5.33647e-28
 1.72628e-41 2.39596e-33 4.01972e-26 8.15191e-20 1.99834e-14 5.92146e-10 2.12097e-06 0.000918307 0.0480605 0.304059 0.235025 0.0748872 0.140479 0.0901502 0.0798959 0.022963 0.00334191 0.000211906 5.48111e-06 4.61034e-08 9.05462e-11 3.48619e-14 2.30231e-18 2.35383e-23 3.50109e-29
 1.39602e-41 1.93759e-33 3.2507e-26 6.59236e-20 1.61604e-14 4.78862e-10 1.71521e-06 0.000742625 0.0388661 0.245909 0.193154 0.116442 0.234286 0.0988203 0.0515528 0.0170604 0.00299049 0.000171088 3.2779e-06 1.89371e-08 2.72143e-11 7.68345e-15 3.64004e-19 2.65709e-24 2.81692e-30
 1.18505e-41 1.64477e-33 2.75944e-26 5.59609e-20 1.37182e-14 4.06494e-10 1.456e-06 0.000630396 0.0329925 0.20876 0.165515 0.118621 0.228553 0.132088 0.0914304 0.0190776 0.00219466 0.000133176 2.45974e-06 1.08746e-08 1.0647e-11 2.05951e-15 6.90677e-20 3.59412e-25 2.70063e-31
 9.40255e-42 1.30501e-33 2.18943e-26 4.44012e-20 1.08844e-14 3.22525e-10 1.15523e-06 0.000500176 0.0261773 0.165661 0.134127 0.131459 0.243513 0.155434 0.111058 0.0285316 0.00340619 0.000131 1.89993e-06 7.63685e-09 6.01695e-12 8.26794e-16 1.87512e-20 6.63099e-26 3.45349e-32
 1.49872e-41 2.08013e-33 3.48985e-26 7.07734e-20 1.73493e-14 5.1409e-10 1.84139e-06 0.000797257 0.0417253 0.264011 0.207357 0.0985962 0.15312 0.12082 0.0876956 0.0228798 0.00287837 0.000115632 1.28324e-06 3.5608e-09 2.21257e-12 2.45684e-16 4.21993e-21 1.0589e-26 3.7768e-33
 1.04706e-41 1.45325e-33 2.43812e-26 4.94447e-20 1.21208e-14 3.59161e-10 1.28646e-06 0.000556991 0.0291508 0.184525 0.152983 0.170353 0.261474 0.118052 0.0628101 0.0177774 0.00222609 8.80546e-05 9.42056e-07 2.16294e-09 9.48066e-13 7.41843e-17 9.53799e-22 1.83073e-27 4.9001e-34
 1.52545e-41 2.11723e-33 3.55209e-26 7.20356e-20 1.76587e-14 5.23259e-10 1.87423e-06 0.000811476 0.0424695 0.268752 0.213158 0.11108 0.153268 0.127733 0.0698834 0.0116607 0.00113814 4.3576e-05 4.32878e-07 8.91985e-10 3.27898e-13 1.94271e-17 1.758e-22 2.34987e-28 4.49186e-35
 1.08353e-41 1.50386e-33 2.52304e-26 5.11668e-20 1.25429e-14 3.7167e-10 1.33126e-06 0.00057639 0.0301662 0.191022 0.162332 0.190307 0.247179 0.111949 0.0532084 0.0122558 0.000976907 2.43938e-05 1.97252e-07 3.52711e-10 1.09911e-13 5.35664e-18 3.82472e-23 3.83401e-29 5.25676e-36
 1.38679e-41 1.92477e-33 3.2292e-26 6.54875e-20 1.60535e-14 4.75694e-10 1.70386e-06 0.000737712 0.0386092 0.244401 0.19889 0.136083 0.172801 0.139928 0.0596634 0.00826344 0.000605848 1.43144e-05 8.10019e-08 1.02791e-10 2.51087e-14 9.84606e-19 5.60775e-24 4.4166e-30 4.67203e-37
 1.50744e-41 2.09223e-33 3.51015e-26 7.11851e-20 1.74502e-14 5.17081e-10 1.8521e-06 0.000801895 0.0419684 0.265724 0.219181 0.161354 0.173791 0.0910748 0.0387652 0.00694097 0.000391111 6.6094e-06 3.14176e-08 3.02756e-11 5.1136e-15 1.42163e-19 6.03124e-25 3.6271e-31 2.94276e-38
 1.22237e-41 1.69658e-33 2.84636e-26 5.77236e-20 1.41502e-14 4.19298e-10 1.50186e-06 0.000650252 0.0340323 0.215647 0.187829 0.200424 0.211305 0.109888 0.0354169 0.00454827 0.000253737 3.89497e-06 1.33673e-08 9.52188e-12 1.22324e-15 2.46484e-20 7.2746e-26 3.04402e-32 1.75756e-39
 1.47444e-41 2.04643e-33 3.43331e-26 6.96269e-20 1.70682e-14 5.05763e-10 1.81156e-06 0.000784343 0.0410501 0.260024 0.218318 0.161742 0.168081 0.11192 0.0342797 0.00365314 0.000144858 1.76479e-06 5.19624e-09 2.84919e-12 2.61247e-16 3.78879e-21 8.16872e-27 2.47084e-33 1.00908e-40
 1.45643e-41 2.02143e-33 3.39137e-26 6.87762e-20 1.68597e-14 4.99584e-10 1.78943e-06 0.00077476 0.040549 0.257024 0.223133 0.194059 0.173155 0.0839148 0.0245644 0.0027322 9.09848e-05 7.95867e-07 1.67901e-09 7.10489e-13 5.06908e-17 5.4519e-22 8.38127e-28 1.79202e-34 5.21236e-42
 1.2851e-41 1.78363e-33 2.99241e-26 6.06856e-20 1.48763e-14 4.40813e-10 1.57892e-06 0.000683619 0.0357796 0.227043 0.206751 0.215349 0.192793 0.0973712 0.0222908 0.00188118 5.65004e-05 4.27678e-07 6.71971e-10 1.98019e-13 1.00261e-17 7.94376e-23 9.11874e-29 1.43876e-35 3.02339e-43
 1.16506e-41 1.61702e-33 2.71289e-26 5.50169e-20 1.34867e-14 3.99637e-10 1.43143e-06 0.000619762 0.0324384 0.206093 0.195557 0.223124 0.20459 0.11161 0.0241697 0.00175764 3.90029e-05 2.27876e-07 2.91231e-10 6.62578e-14 2.40929e-18 1.3256e-23 1.06018e-29 1.18746e-36 1.80208e-44
 1.14674e-41 1.5916e-33 2.67024e-26 5.41519e-20 1.32747e-14 3.93353e-10 1.40893e-06 0.000610018 0.0319283 0.20283 0.191567 0.216334 0.208813 0.119119 0.02677 0.00198643 4.04656e-05 1.94254e-07 1.96713e-10 3.68514e-14 1.12971e-18 5.15639e-24 3.31492e-30 2.91198e-37 3.43e-45
#spawning biomass
 10183.8 14085 19110.8 25717.2 30211 33936 43361.7 49119.3 56016.5 72845.1 96847.2 125474 161569 160410 158292 142279 130231 125167 132471 109884 114793 130286 132345 145368 159835 161176 152729 137833 131489 227195 294706 327688 335889 328527 312749 293575 274145 256185 240480 227237 216350 207551 200406 194572 190123 186731 184144 182172 180668 179521 178646 177980 177471 177083 176788 176562 176390 176259 176159 176083 176025 175980 175947 175921 175901 175886 175875 175866 175859 175854 175850 175848 175845 175844 175842 175841 175841 175840 175839 175839 175839 175839 175839 175838 175838 175838 175838 175838 175838 175838 175838 175838 175838 175838 175838 175838 175838 175838 175838 175838 175838 175838 175838 175838 175838 175838 175838 175838 175838 175838 175838 175838 175838 175838 175838 175838 175838 175838 175838 175838 175838 175838 175838 175838 175838 175838 175838 175838 0 0 0 0 0 0 0 0 0 0 0 0 0 0 0 0 0 0 0 0 0 0 0 0 0
