SBPRF35
0.224663
Curr Bio
38514.2
B35
176205
F35
0.329597
FOFL
0
OFL
0
Bzero
64189.3
#pred survey bio
 6740.37 7957 8808.66 8177.53 10310.4 14518.8 15096.6 20135.2 33540 54248.3 69275.5 89858.8 116602 155845 154355 143181 126405 115749 118642 121256 125542 144067 147200 170416 168105 177438 166825 133954 2.53761e+06 2.75023e+06 2.32506e+06 1.80829e+06 1.41039e+06 1.15283e+06 999856 912995 864704 838006 823167 814809 810013 807201 805512 804471 803823 803412 803147 802974 802860 802785 802734 802701 802678 802663 802653 802646 802641 802638 802636 802634 802633 802633 802632 802632 802632 802632 802632 802632 802632 802631 802631 802631 802631 802631 802631 802631 802631 802631 802631 802631 802631 802631 802631 802631 802631 802631 802631 802631 802631 802631 802631 802631 802631 802631 802631 802631 802631 802631 802631 802631 802631 802631 802631 802631 802631 802631 802631 802631 802631 802631 802631 802631 802631 802631 802631 802631 802631 802631 802631 802631 802631 802631 802631 802631 802631 802631 802631 802631 0 0 0 0 0 0 0 0 0 0 0 0 0 0 0 0 0 0 0 0 0 0 0 0 0
#obs survey bio
 6231.19 9914.75 8349.04 9204.42 13901.3 18455.6 10046.5 30061.7 38119.4 62424.1 61821.2 86949.6 119978 169816 92987 92702.7 147325 90328.3 131404 108062 114069 194647 136220 179216 207296 164870 209608 122561
#pred catch bio
 3739.3 4820.69 5845.83 5263.74 6264.79 9771.06 9784.19 12413.8 19995.8 35071.2 45522.8 60670.1 73507.4 102972 103233 100188 88269.6 78487.5 79694.1 81162 79116.4 95351.1 92311 115047 107060 115366 115130 104407 0 30029.8 24819 18822.1 14346.1 11539.4 9935.21 9067.4 8614 8382.44 8265.96 8207.96 8179.29 8165.18 8158.26 8154.86 8153.21 8152.41 8152.01 8151.82 8151.73 8151.69 8151.66 8151.65 8151.65 8151.65 8151.64 8151.64 8151.64 8151.64 8151.64 8151.64 8151.64 8151.64 8151.64 8151.64 8151.64 8151.64 8151.64 8151.64 8151.64 8151.64 8151.64 8151.64 8151.64 8151.64 8151.64 8151.64 8151.64 8151.64 8151.64 8151.64 8151.64 8151.64 8151.64 8151.64 8151.64 8151.64 8151.64 8151.64 8151.64 8151.64 8151.64 8151.64 8151.64 8151.64 8151.64 8151.64 8151.64 8151.64 8151.64 8151.64 8151.64 8151.64 8151.64 8151.64 8151.64 8151.64 8151.64 8151.64 8151.64 8151.64 8151.64 8151.64 8151.64 8151.64 8151.64 8151.64 8151.64 8151.64 8151.64 8151.64 8151.64 8151.64 8151.64 8151.64 8151.64 8151.64 8151.64 8151.64 0 0 0 0 0 0 0 0 0 0 0 0 0 0 0 0 0 0 0 0 0 0 0 0 0
#obs catch bio
 5109.8 4750.63 5777.63 5090.18 6094 9673.13 9881.63 12052.4 19242.1 34131.7 45223.5 60801.5 73286.9 100903 104937 102999 89427.4 80038.3 80870.2 82122.8 78563.8 94182.3 92789 114987 106314 116818 115055 105070
#pred cpue bio
 6160.4 6970.34 7777.07 7203.3 8888.36 12578.4 13178.6 17296 28626 46678.8 59941.5 77323.7 99945.9 135018 135977 126012 110524 101099 103306 105925 109530 126060 128849 148998 147009 156132 147638 118505 2.16683e+06 2.71714e+06 2.29197e+06 1.77521e+06 1.37731e+06 1.11974e+06 966773 879912 831621 804923 790084 781726 776930 774117 772429 771388 770740 770328 770063 769891 769777 769701 769651 769617 769595 769580 769569 769562 769558 769555 769553 769551 769550 769549 769549 769549 769548 769548 769548 769548 769548 769548 769548 769548 769548 769548 769548 769548 769548 769548 769548 769548 769548 769548 769548 769548 769548 769548 769548 769548 769548 769548 769548 769548 769548 769548 769548 769548 769548 769548 769548 769548 769548 769548 769548 769548 769548 769548 769548 769548 769548 769548 769548 769548 769548 769548 769548 769548 769548 769548 769548 769548 769548 769548 769548 769548 769548 769548 769548 769548 0 0 0 0 0 0 0 0 0 0 0 0 0 0 0 0 0 0 0 0 0 0 0 0 0
#obs cpue bio
 8989.45 8628.24 9322.94 12587.8 9565.42 10494.7 14091.2 25585.6 48969.1 55809.6 63054 75519 101727 203786 131643 127084 82645.3 88961.9 76437.9 101529 147065 121751 106604 161475 133293 121308 133870 115351
#pred surv len freq
 2.14698e-27 2.1761e-27 6.90376e-27 1.61774e-21 9.62134e-17 1.31555e-12 4.13544e-09 2.98869e-06 0.000496567 0.0189685 0.166582 0.336333 0.15648 0.0263276 0.0594498 0.0833335 0.0336188 0.0262312 0.0232744 0.0157471 0.0133145 0.0116137 0.0121118 0.0113364 0.00477748
 2.14893e-27 2.182e-27 7.58405e-27 1.84861e-21 1.09944e-16 1.50329e-12 4.72561e-09 3.41521e-06 0.000567432 0.0216755 0.190356 0.384331 0.178718 0.027606 0.0527925 0.0736815 0.0271027 0.0136935 0.0109112 0.00588687 0.00411422 0.00293505 0.00254791 0.00217218 0.000905534
 2.14777e-27 2.17934e-27 7.30884e-27 1.75526e-21 1.04392e-16 1.42738e-12 4.48697e-09 3.24275e-06 0.000538778 0.0205809 0.180743 0.364924 0.169814 0.0294336 0.0698 0.0975836 0.0346984 0.013791 0.0099254 0.00384956 0.00194876 0.00103273 0.000668968 0.000475864 0.000188146
 2.14791e-27 2.17975e-27 7.35876e-27 1.77222e-21 1.05401e-16 1.44117e-12 4.53032e-09 3.27408e-06 0.000543983 0.0207798 0.182489 0.368449 0.171429 0.0290164 0.0661911 0.0925607 0.0338305 0.0163446 0.0119909 0.00397003 0.00151738 0.000526298 0.000212726 0.000107892 3.76193e-05
 2.14953e-27 2.18374e-27 7.78094e-27 1.91543e-21 1.13918e-16 1.55762e-12 4.89641e-09 3.53865e-06 0.000587942 0.022459 0.197236 0.398222 0.185145 0.0277241 0.049328 0.0687617 0.0250231 0.0117655 0.00872523 0.00323304 0.00131166 0.000359897 8.55847e-05 2.36588e-05 6.17041e-06
 2.14911e-27 2.18268e-27 7.66481e-27 1.87601e-21 1.11574e-16 1.52557e-12 4.79565e-09 3.46583e-06 0.000575843 0.0219968 0.193177 0.390028 0.181385 0.0284892 0.0564687 0.0787665 0.0277377 0.0101639 0.00712954 0.00260289 0.00107808 0.000319779 6.64956e-05 9.96867e-06 1.40973e-06
 2.14854e-27 2.18127e-27 7.51586e-27 1.82549e-21 1.08569e-16 1.48448e-12 4.66649e-09 3.37249e-06 0.000560334 0.0214044 0.187974 0.379524 0.176546 0.028961 0.0625147 0.0873025 0.0309492 0.0119861 0.00836126 0.00263903 0.000934341 0.000272791 5.84529e-05 7.59995e-06 5.94521e-07
 2.14974e-27 2.18424e-27 7.8327e-27 1.93298e-21 1.14962e-16 1.5719e-12 4.94127e-09 3.57107e-06 0.000593329 0.0226647 0.199043 0.40187 0.186831 0.027717 0.0481856 0.0671308 0.024179 0.0105791 0.00760397 0.00246731 0.000864919 0.000218816 4.17397e-05 5.30144e-06 3.51411e-07
 2.15014e-27 2.1852e-27 7.93125e-27 1.96639e-21 1.16949e-16 1.59907e-12 5.02669e-09 3.63281e-06 0.000603585 0.0230565 0.202484 0.408817 0.190039 0.0276294 0.0455566 0.0633799 0.0222391 0.00788963 0.00545633 0.001899 0.000722967 0.000186088 3.30475e-05 3.68949e-06 2.2482e-07
 2.14957e-27 2.18379e-27 7.78077e-27 1.91534e-21 1.13913e-16 1.55756e-12 4.8962e-09 3.53849e-06 0.000587916 0.022458 0.197227 0.398204 0.185155 0.0282258 0.0523964 0.0730114 0.0255136 0.00870504 0.00587072 0.00181734 0.000619464 0.000168649 3.18073e-05 3.44626e-06 1.8969e-07
 2.14918e-27 2.18285e-27 7.68236e-27 1.88196e-21 1.11928e-16 1.53041e-12 4.81086e-09 3.47682e-06 0.000577669 0.0220666 0.19379 0.391264 0.181956 0.0284763 0.0560175 0.0781318 0.0275464 0.0101831 0.00699416 0.00211653 0.00067801 0.000165011 2.94512e-05 3.32835e-06 1.84012e-07
 2.14959e-27 2.18386e-27 7.7903e-27 1.91858e-21 1.14106e-16 1.56019e-12 4.90448e-09 3.54448e-06 0.00058891 0.022496 0.197561 0.398878 0.185459 0.0280245 0.0509647 0.0710219 0.0251993 0.0098293 0.00687201 0.00217008 0.000728811 0.000172097 2.80535e-05 2.91715e-06 1.59928e-07
 2.14984e-27 2.18447e-27 7.85361e-27 1.94005e-21 1.15382e-16 1.57765e-12 4.95936e-09 3.58415e-06 0.0005955 0.0227477 0.199772 0.403341 0.187519 0.0279243 0.0490077 0.0682421 0.0239269 0.00842504 0.00576564 0.00187619 0.000660364 0.000163033 2.70586e-05 2.65412e-06 1.34053e-07
 2.14908e-27 2.1826e-27 7.65517e-27 1.87274e-21 1.11379e-16 1.52291e-12 4.78728e-09 3.45978e-06 0.000574837 0.0219584 0.19284 0.389346 0.181075 0.0286258 0.0575083 0.0802228 0.0281412 0.00994839 0.00676945 0.00208447 0.000692226 0.00017551 3.06484e-05 3.09937e-06 1.53015e-07
 2.14781e-27 2.17949e-27 7.327e-27 1.76142e-21 1.04759e-16 1.43239e-12 4.50273e-09 3.25413e-06 0.000540669 0.0206532 0.181378 0.366205 0.170412 0.0295678 0.0702335 0.0981921 0.034926 0.0138943 0.00972962 0.00300085 0.000983226 0.000236697 4.01359e-05 4.19318e-06 2.14595e-07
 2.14795e-27 2.17987e-27 7.37183e-27 1.77665e-21 1.05664e-16 1.44477e-12 4.54166e-09 3.28227e-06 0.000545344 0.0208318 0.182946 0.369371 0.171855 0.0290117 0.0658844 0.0921262 0.0336529 0.0162008 0.0118787 0.00391295 0.00138501 0.000335121 5.51417e-05 5.54659e-06 2.84484e-07
 2.14846e-27 2.18111e-27 7.50253e-27 1.82098e-21 1.08301e-16 1.48082e-12 4.65498e-09 3.36417e-06 0.000558952 0.0213516 0.187511 0.378587 0.176105 0.0287202 0.0613271 0.0856677 0.0308905 0.0136384 0.00999071 0.00369249 0.00149118 0.000390363 6.79857e-05 6.79739e-06 3.38207e-07
 2.14852e-27 2.18125e-27 7.51487e-27 1.82516e-21 1.08549e-16 1.48422e-12 4.66566e-09 3.37188e-06 0.000560234 0.0214005 0.187941 0.379456 0.17651 0.0288265 0.061714 0.0861911 0.03078 0.0126462 0.00906046 0.0031847 0.00127112 0.000373435 7.38829e-05 7.96594e-06 4.06188e-07
 2.14876e-27 2.18183e-27 7.57674e-27 1.84615e-21 1.09798e-16 1.50129e-12 4.71931e-09 3.41066e-06 0.000566676 0.0216467 0.190102 0.383819 0.178519 0.028599 0.0590105 0.0823857 0.029516 0.0124232 0.00889663 0.00299289 0.00112572 0.000319188 6.60637e-05 8.01936e-06 4.49969e-07
 2.1485e-27 2.1812e-27 7.50886e-27 1.82312e-21 1.08428e-16 1.48256e-12 4.66044e-09 3.36812e-06 0.000559607 0.0213766 0.187731 0.379031 0.176316 0.028882 0.0621807 0.0868453 0.0309678 0.0125757 0.0089535 0.00305063 0.00114802 0.000310106 6.09218e-05 7.48507e-06 4.55704e-07
 2.14861e-27 2.18147e-27 7.53858e-27 1.8332e-21 1.09028e-16 1.49076e-12 4.68622e-09 3.38675e-06 0.000562703 0.0214949 0.188769 0.381128 0.177278 0.028702 0.0604502 0.0844205 0.0303079 0.012954 0.00929833 0.00310485 0.00114749 0.000311039 5.97246e-05 7.00168e-06 4.22308e-07
 2.14839e-27 2.18093e-27 7.48224e-27 1.81409e-21 1.07891e-16 1.47522e-12 4.63737e-09 3.35144e-06 0.000556837 0.0212708 0.186801 0.377155 0.175447 0.0288535 0.0625722 0.0874168 0.031434 0.0135968 0.00982133 0.00337715 0.00127954 0.000341641 6.47139e-05 7.46979e-06 4.35771e-07
 2.14836e-27 2.18087e-27 7.47564e-27 1.81186e-21 1.07758e-16 1.4734e-12 4.63166e-09 3.34731e-06 0.000556151 0.0212446 0.186571 0.37669 0.175233 0.028862 0.0627644 0.0876893 0.0315515 0.0137096 0.00992115 0.0034385 0.00132417 0.000363285 6.95974e-05 7.93052e-06 4.54891e-07
 2.14847e-27 2.18112e-27 7.50344e-27 1.82129e-21 1.08319e-16 1.48107e-12 4.65577e-09 3.36474e-06 0.000559046 0.0213552 0.187542 0.378651 0.176133 0.0287029 0.0612023 0.0854979 0.0309189 0.0139241 0.0101513 0.00352907 0.00136631 0.000379412 7.43657e-05 8.63129e-06 4.9416e-07
 2.14843e-27 2.18103e-27 7.49261e-27 1.81761e-21 1.081e-16 1.47808e-12 4.64636e-09 3.35794e-06 0.000557916 0.021312 0.187163 0.377886 0.175785 0.0288565 0.0623704 0.0871236 0.0312079 0.0131235 0.00946425 0.00336099 0.0013301 0.000371842 7.36495e-05 8.71025e-06 5.08089e-07
 2.14795e-27 2.17985e-27 7.36883e-27 1.77563e-21 1.05603e-16 1.44394e-12 4.53904e-09 3.28038e-06 0.00054503 0.0208198 0.18284 0.369158 0.171762 0.0291736 0.0669366 0.0935801 0.0337642 0.0149611 0.0108453 0.00370027 0.00141604 0.000402626 8.12842e-05 9.72733e-06 5.76264e-07
 2.14749e-27 2.17874e-27 7.25324e-27 1.73642e-21 1.03272e-16 1.41206e-12 4.43882e-09 3.20795e-06 0.000532996 0.0203601 0.178803 0.361008 0.168003 0.0293984 0.0707657 0.0990038 0.0360324 0.0169442 0.0124734 0.00438636 0.00170953 0.000470399 9.34674e-05 1.13597e-05 6.83517e-07
 2.14754e-27 2.17886e-27 7.26612e-27 1.7408e-21 1.03532e-16 1.41562e-12 4.45001e-09 3.21604e-06 0.000534339 0.0204114 0.179254 0.361918 0.168419 0.0292918 0.0698409 0.0977071 0.0356631 0.0170947 0.0126912 0.00463258 0.00188593 0.000533516 0.000105951 1.26234e-05 7.60623e-07
#obs surv len freq
 1.23754e-39 6.05689e-33 6.81531e-27 1.76306e-21 1.04856e-16 1.43371e-12 4.50688e-09 3.25713e-06 0.000541177 0.0206723 0.181544 0.366542 0.170556 0.0292387 0.0681235 0.0952617 0.0344695 0.0155854 0.011379 0.00397849 0.00155754 0.000443633 9.17344e-05 1.1715e-05 7.6721e-07
 1.31791e-39 6.45024e-33 7.25791e-27 1.87755e-21 1.11665e-16 1.52682e-12 4.79957e-09 3.46866e-06 0.000576323 0.0220148 0.193334 0.390346 0.181522 0.0282102 0.0546707 0.0762791 0.0274988 0.0121151 0.00879242 0.00305088 0.00118082 0.000330762 6.67494e-05 8.27281e-06 5.23999e-07
 1.15609e-39 5.65828e-33 6.36679e-27 1.64703e-21 9.79549e-17 1.33936e-12 4.21028e-09 3.04278e-06 0.000505562 0.0193118 0.169596 0.342421 0.159466 0.0308878 0.0854605 0.119621 0.0420079 0.0150094 0.01037 0.00353893 0.00134532 0.000372584 7.39275e-05 8.94702e-06 5.50558e-07
 1.34751e-39 6.59514e-33 7.42095e-27 1.91973e-21 1.14174e-16 1.56112e-12 4.90739e-09 3.54658e-06 0.000589269 0.0225093 0.197677 0.399114 0.185549 0.0275076 0.0477386 0.0665626 0.024825 0.0135203 0.010019 0.00304945 0.00100726 0.000269542 5.24478e-05 6.23726e-06 3.75432e-07
 1.3932e-39 6.81876e-33 7.67258e-27 1.98482e-21 1.18045e-16 1.61405e-12 5.07378e-09 3.66683e-06 0.00060925 0.0232726 0.20438 0.412646 0.191807 0.0275356 0.0438307 0.0609287 0.0211181 0.00665853 0.00452612 0.00175241 0.000720901 0.00017658 3.05885e-05 3.4928e-06 2.05937e-07
 1.2674e-39 6.20303e-33 6.97975e-27 1.8056e-21 1.07386e-16 1.4683e-12 4.61562e-09 3.33572e-06 0.000554235 0.0211711 0.185924 0.375386 0.174659 0.0296169 0.0677666 0.0946314 0.0325355 0.00937465 0.00595243 0.00169971 0.00053462 0.000156626 3.05255e-05 3.21469e-06 1.75889e-07
 1.27126e-39 6.22194e-33 7.00103e-27 1.8111e-21 1.07713e-16 1.47278e-12 4.6297e-09 3.34589e-06 0.000555925 0.0212356 0.186491 0.37653 0.175164 0.0289931 0.0636139 0.0888804 0.0319043 0.013603 0.00954033 0.00260328 0.000697769 0.000153548 2.65004e-05 3.11033e-06 1.72266e-07
 1.42023e-39 6.95102e-33 7.8214e-27 2.02332e-21 1.20335e-16 1.64536e-12 5.17219e-09 3.73796e-06 0.000621067 0.0237239 0.208344 0.42065 0.195484 0.0269352 0.0377536 0.0524035 0.0186692 0.00752761 0.00533866 0.00177799 0.000617674 0.000130433 1.7882e-05 1.70375e-06 9.31026e-08
 1.41864e-39 6.94324e-33 7.81264e-27 2.02106e-21 1.202e-16 1.64352e-12 5.16641e-09 3.73377e-06 0.000620372 0.0236974 0.208111 0.420179 0.195282 0.0273401 0.0403674 0.0560232 0.0190714 0.00487731 0.00300805 0.000971498 0.000344549 8.81315e-05 1.42457e-05 1.22025e-06 5.41124e-08
 1.34699e-39 6.59256e-33 7.41805e-27 1.91898e-21 1.14129e-16 1.56051e-12 4.90547e-09 3.54519e-06 0.000589039 0.0225005 0.1976 0.398958 0.185513 0.0284655 0.0536334 0.0747119 0.0255336 0.00685184 0.00420177 0.00108633 0.000273148 6.59537e-05 1.164e-05 1.17159e-06 5.34139e-08
 1.31729e-39 6.44721e-33 7.25451e-27 1.87667e-21 1.11613e-16 1.5261e-12 4.79732e-09 3.46703e-06 0.000576052 0.0220045 0.193243 0.390162 0.181454 0.0286699 0.0575321 0.0802478 0.0280415 0.00955592 0.00633557 0.00167027 0.000412305 7.89653e-05 1.06511e-05 1.05338e-06 5.34968e-08
 1.36046e-39 6.65852e-33 7.49227e-27 1.93818e-21 1.15271e-16 1.57612e-12 4.95455e-09 3.58066e-06 0.000594932 0.0227256 0.199576 0.402949 0.187338 0.0279353 0.0491939 0.0685099 0.0240985 0.00873019 0.00595087 0.001755 0.000521352 0.000103142 1.25432e-05 9.71606e-07 4.28567e-08
 1.33723e-39 6.54479e-33 7.3643e-27 1.90508e-21 1.13302e-16 1.5492e-12 4.86992e-09 3.5195e-06 0.000584771 0.0223375 0.196168 0.396067 0.184175 0.028428 0.0542753 0.075644 0.0262297 0.00829109 0.00546369 0.0016643 0.000530981 0.000118826 1.66625e-05 1.27659e-06 4.77819e-08
 1.28622e-39 6.29517e-33 7.08343e-27 1.83242e-21 1.08981e-16 1.49011e-12 4.68419e-09 3.38527e-06 0.000562467 0.0214855 0.188686 0.380962 0.177217 0.0290937 0.0628924 0.0878054 0.0307319 0.0106365 0.00713639 0.00203309 0.000594454 0.000137074 2.12111e-05 1.84778e-06 7.3946e-08
 1.16881e-39 5.72053e-33 6.43683e-27 1.66515e-21 9.90326e-17 1.35409e-12 4.2566e-09 3.07625e-06 0.000511124 0.0195243 0.171462 0.346188 0.161195 0.0305564 0.082302 0.115204 0.0409458 0.0161862 0.0112749 0.00335778 0.001029 0.000224372 3.30811e-05 3.04092e-06 1.35169e-07
 1.26216e-39 6.17739e-33 6.9509e-27 1.79813e-21 1.06942e-16 1.46223e-12 4.59654e-09 3.32193e-06 0.000551944 0.0210835 0.185156 0.373834 0.173904 0.028643 0.0622893 0.0870869 0.03226 0.016911 0.0125365 0.00401498 0.0013618 0.000312641 4.6734e-05 4.12589e-06 1.8408e-07
 1.22946e-39 6.01734e-33 6.77081e-27 1.75155e-21 1.04171e-16 1.42435e-12 4.47746e-09 3.23587e-06 0.000537644 0.0205373 0.180359 0.364149 0.169461 0.0295627 0.0708222 0.0990262 0.035257 0.0141581 0.0102064 0.00386677 0.00158137 0.000399941 6.56539e-05 6.03997e-06 2.67504e-07
 1.27852e-39 6.25745e-33 7.04099e-27 1.82144e-21 1.08328e-16 1.48118e-12 4.65612e-09 3.36499e-06 0.000559097 0.0213568 0.187555 0.378679 0.176147 0.0287219 0.0613103 0.0856508 0.030987 0.0139875 0.0101104 0.00328336 0.00121228 0.000357808 7.00004e-05 7.18191e-06 3.40054e-07
 1.24712e-39 6.10378e-33 6.86807e-27 1.7767e-21 1.05667e-16 1.44481e-12 4.54177e-09 3.28234e-06 0.000545366 0.0208323 0.182949 0.369379 0.171873 0.0293884 0.0681817 0.0952971 0.0338532 0.0133426 0.00945595 0.00326843 0.00123489 0.000324016 6.32087e-05 7.55355e-06 4.09692e-07
 1.26084e-39 6.17091e-33 6.94361e-27 1.79625e-21 1.0683e-16 1.4607e-12 4.59172e-09 3.31845e-06 0.000551365 0.0210614 0.184961 0.373442 0.173738 0.0290367 0.0648106 0.0905758 0.0326075 0.0142148 0.0101921 0.00326778 0.00115687 0.000313402 5.94401e-05 6.82134e-06 3.99584e-07
 1.27651e-39 6.24763e-33 7.02994e-27 1.81858e-21 1.08158e-16 1.47886e-12 4.64881e-09 3.35971e-06 0.00055822 0.0213233 0.187261 0.378085 0.175879 0.0288785 0.0624454 0.0872276 0.0312251 0.0130631 0.00935448 0.00316913 0.00116817 0.000298037 5.44259e-05 6.19584e-06 3.54559e-07
 1.26093e-39 6.17137e-33 6.94412e-27 1.79638e-21 1.06837e-16 1.46081e-12 4.59206e-09 3.31869e-06 0.000551406 0.021063 0.184975 0.37347 0.173755 0.0291592 0.0655503 0.0915955 0.0326536 0.0132319 0.00938244 0.00310872 0.00113618 0.000302477 5.54842e-05 6.04673e-06 3.37636e-07
 1.26209e-39 6.17704e-33 6.95051e-27 1.79803e-21 1.06936e-16 1.46215e-12 4.59628e-09 3.32175e-06 0.000551913 0.0210824 0.185145 0.373813 0.173911 0.0290617 0.0648513 0.0906252 0.0325151 0.0138307 0.00988653 0.00321675 0.00114485 0.000299471 5.54572e-05 6.15321e-06 3.37026e-07
 1.26355e-39 6.1842e-33 6.95856e-27 1.80011e-21 1.07059e-16 1.46385e-12 4.60161e-09 3.32559e-06 0.000552552 0.0211068 0.18536 0.374246 0.17411 0.0290459 0.0646243 0.0903028 0.0323656 0.0136637 0.00978575 0.00327118 0.0011934 0.000306865 5.54266e-05 6.11973e-06 3.38593e-07
 1.26514e-39 6.19197e-33 6.9673e-27 1.80238e-21 1.07194e-16 1.46569e-12 4.60739e-09 3.32977e-06 0.000553247 0.0211333 0.185593 0.374717 0.174327 0.0290177 0.0643101 0.089861 0.032223 0.0136527 0.00978011 0.00325836 0.00119328 0.000314271 5.73301e-05 6.21668e-06 3.39559e-07
 1.19601e-39 5.85362e-33 6.58659e-27 1.70389e-21 1.01337e-16 1.38559e-12 4.35563e-09 3.14782e-06 0.000523015 0.0199785 0.175451 0.354241 0.164896 0.0299703 0.076297 0.106764 0.0382833 0.0162171 0.0116199 0.0038796 0.00142289 0.000374905 6.92381e-05 7.62129e-06 4.14493e-07
 1.20242e-39 5.885e-33 6.6219e-27 1.71302e-21 1.0188e-16 1.39302e-12 4.37898e-09 3.1647e-06 0.000525819 0.0200856 0.176392 0.356141 0.165756 0.0294865 0.0727712 0.10186 0.0374482 0.0187696 0.0138803 0.00463713 0.0017015 0.000449136 8.31314e-05 9.21857e-06 5.07436e-07
 1.23664e-39 6.05248e-33 6.81035e-27 1.76177e-21 1.04779e-16 1.43267e-12 4.5036e-09 3.25476e-06 0.000540783 0.0206572 0.181412 0.366275 0.170426 0.0290747 0.0672022 0.0939884 0.0343581 0.0166337 0.012395 0.00458039 0.00185478 0.00049545 9.18525e-05 1.02124e-05 5.65282e-07
#pred catch len freq
 2.14643e-27 2.17466e-27 6.74595e-27 1.5642e-21 9.30292e-17 1.27201e-12 3.99858e-09 2.88978e-06 0.000480133 0.0183408 0.161069 0.325203 0.151341 0.0265072 0.0639007 0.0896345 0.0361609 0.0282147 0.0250343 0.0169378 0.0143213 0.0124919 0.0130276 0.0121936 0.00513874
 2.14856e-27 2.18107e-27 7.4842e-27 1.81474e-21 1.0793e-16 1.47575e-12 4.63903e-09 3.35264e-06 0.000557036 0.0212784 0.186868 0.377289 0.175472 0.0278653 0.0564981 0.0789113 0.0290265 0.0146655 0.0116857 0.00630473 0.00440626 0.00314338 0.00272877 0.00232636 0.00096981
 2.14743e-27 2.17851e-27 7.22118e-27 1.72552e-21 1.02624e-16 1.40319e-12 4.41096e-09 3.18781e-06 0.00052965 0.0202323 0.177681 0.358742 0.166967 0.0297193 0.0734075 0.10267 0.036507 0.0145098 0.0104427 0.00405021 0.00205034 0.00108655 0.000703835 0.000500666 0.000197953
 2.14754e-27 2.17885e-27 7.26402e-27 1.74008e-21 1.03489e-16 1.41503e-12 4.44817e-09 3.21471e-06 0.000534119 0.020403 0.17918 0.361768 0.168351 0.0293104 0.0699995 0.0979339 0.0357945 0.0172934 0.012687 0.0042005 0.00160547 0.000556851 0.000225076 0.000114155 3.98032e-05
 2.14919e-27 2.18291e-27 7.69356e-27 1.88579e-21 1.12155e-16 1.53352e-12 4.82064e-09 3.48389e-06 0.000578843 0.0221114 0.194184 0.39206 0.182306 0.0279965 0.0528485 0.0737281 0.0268305 0.0126153 0.00935546 0.00346656 0.0014064 0.000385892 9.17665e-05 2.53677e-05 6.6161e-06
 2.14885e-27 2.18203e-27 7.59576e-27 1.85259e-21 1.10181e-16 1.50652e-12 4.73578e-09 3.42256e-06 0.000568653 0.0217222 0.190765 0.385158 0.179143 0.0287255 0.0593788 0.0828682 0.0291822 0.0106932 0.00750082 0.00273844 0.00113422 0.000336432 6.99585e-05 1.04878e-05 1.48314e-06
 2.14821e-27 2.18046e-27 7.43011e-27 1.7964e-21 1.06839e-16 1.46083e-12 4.59214e-09 3.31875e-06 0.000551405 0.0210633 0.184979 0.373476 0.173762 0.0292522 0.0661153 0.0923783 0.0327487 0.012683 0.0088474 0.00279247 0.000988665 0.000288651 6.18514e-05 8.04182e-06 6.29087e-07
 2.14943e-27 2.18348e-27 7.75147e-27 1.90542e-21 1.13323e-16 1.54949e-12 4.87084e-09 3.52017e-06 0.000584871 0.0223417 0.196206 0.396142 0.184193 0.0279812 0.0515245 0.0718396 0.0258751 0.0113212 0.00813737 0.00264039 0.000925591 0.000234166 4.46676e-05 5.67332e-06 3.76062e-07
 2.14983e-27 2.18443e-27 7.84967e-27 1.93872e-21 1.15303e-16 1.57656e-12 4.95595e-09 3.58168e-06 0.000595091 0.0227321 0.199634 0.403064 0.18739 0.0279125 0.0490192 0.0682599 0.0239515 0.00849712 0.00587646 0.00204522 0.000778635 0.000200416 3.55922e-05 3.97358e-06 2.42131e-07
 2.14929e-27 2.1831e-27 7.70718e-27 1.89038e-21 1.12428e-16 1.53725e-12 4.83238e-09 3.49237e-06 0.000580253 0.0221653 0.194656 0.393014 0.182766 0.0284858 0.0555476 0.0774519 0.0270654 0.0092345 0.00622779 0.00192787 0.000657141 0.000178907 3.37418e-05 3.65587e-06 2.01227e-07
 2.1489e-27 2.18215e-27 7.60791e-27 1.85671e-21 1.10426e-16 1.50987e-12 4.74631e-09 3.43017e-06 0.000569918 0.0217705 0.191189 0.386014 0.179539 0.0287338 0.0591714 0.0825773 0.0291138 0.0107625 0.00739212 0.00223696 0.000716588 0.0001744 3.11269e-05 3.51773e-06 1.94482e-07
 2.14935e-27 2.18327e-27 7.72753e-27 1.89729e-21 1.12839e-16 1.54287e-12 4.85005e-09 3.50514e-06 0.000582374 0.0222463 0.195368 0.394451 0.183421 0.0282375 0.053599 0.0747355 0.026517 0.0103433 0.00723135 0.00228355 0.00076692 0.000181096 2.95204e-05 3.06969e-06 1.68291e-07
 2.14955e-27 2.18376e-27 7.77831e-27 1.91451e-21 1.13863e-16 1.55688e-12 4.89407e-09 3.53696e-06 0.00058766 0.0224482 0.197141 0.398031 0.185074 0.0281874 0.052214 0.0727608 0.0255113 0.00898293 0.00614744 0.00200043 0.000704092 0.000173829 2.88504e-05 2.82987e-06 1.4293e-07
 2.1488e-27 2.1819e-27 7.58089e-27 1.84754e-21 1.0988e-16 1.50242e-12 4.72287e-09 3.41323e-06 0.000567103 0.0216629 0.190245 0.384108 0.178663 0.0288858 0.060674 0.0846843 0.0297063 0.0105017 0.00714594 0.0022004 0.000730725 0.000185271 3.23529e-05 3.27174e-06 1.61525e-07
 2.14749e-27 2.17869e-27 7.24255e-27 1.73278e-21 1.03055e-16 1.40909e-12 4.4295e-09 3.20121e-06 0.000531876 0.0203173 0.178428 0.36025 0.167669 0.0298529 0.0737686 0.103176 0.0366988 0.0145996 0.0102235 0.00315317 0.00103313 0.000248711 4.21732e-05 4.40602e-06 2.25488e-07
 2.14769e-27 2.17922e-27 7.30341e-27 1.75344e-21 1.04284e-16 1.4259e-12 4.48233e-09 3.23939e-06 0.00053822 0.0205597 0.180556 0.364546 0.169632 0.0292255 0.068644 0.0960194 0.0350751 0.0168854 0.0123807 0.00407831 0.00144354 0.000349284 5.74721e-05 5.781e-06 2.96507e-07
 2.14821e-27 2.1805e-27 7.43784e-27 1.79904e-21 1.06996e-16 1.46298e-12 4.59888e-09 3.32362e-06 0.000552215 0.0210942 0.185251 0.374025 0.174003 0.0289275 0.0639677 0.0893919 0.0322334 0.0142314 0.0104251 0.00385303 0.00155601 0.000407334 7.09414e-05 7.09291e-06 3.5291e-07
 2.14824e-27 2.18056e-27 7.44177e-27 1.80036e-21 1.07075e-16 1.46405e-12 4.60227e-09 3.32608e-06 0.000552623 0.0211098 0.185387 0.374301 0.174136 0.0290679 0.0647416 0.0904599 0.0323045 0.0132726 0.00950922 0.00334243 0.00133408 0.000391931 7.75423e-05 8.36049e-06 4.26307e-07
 2.14848e-27 2.18114e-27 7.50344e-27 1.82128e-21 1.08319e-16 1.48106e-12 4.65575e-09 3.36472e-06 0.000559043 0.0213551 0.187541 0.378649 0.176138 0.02884 0.0620394 0.0866569 0.0310463 0.0130673 0.00935788 0.00314806 0.00118409 0.000335737 6.94888e-05 8.43513e-06 4.73298e-07
 2.14821e-27 2.18047e-27 7.43177e-27 1.79697e-21 1.06873e-16 1.46129e-12 4.59359e-09 3.3198e-06 0.00055158 0.02107 0.185038 0.373595 0.173812 0.0291384 0.065385 0.0913632 0.0325789 0.0132299 0.00941929 0.00320933 0.00120774 0.000326239 6.40911e-05 7.87447e-06 4.79412e-07
 2.14826e-27 2.1806e-27 7.4465e-27 1.80197e-21 1.0717e-16 1.46536e-12 4.60638e-09 3.32904e-06 0.000553116 0.0211286 0.185553 0.374635 0.174288 0.0290032 0.0642461 0.0897734 0.0322297 0.0137754 0.00988793 0.00330173 0.00122025 0.000330761 6.35117e-05 7.44566e-06 4.49087e-07
 2.14808e-27 2.18016e-27 7.4008e-27 1.78647e-21 1.06248e-16 1.45275e-12 4.56675e-09 3.3004e-06 0.000548357 0.0209469 0.183956 0.371412 0.172802 0.0291181 0.0659188 0.0921363 0.0331311 0.0143309 0.0103516 0.00355949 0.00134862 0.000360086 6.82078e-05 7.87309e-06 4.59298e-07
 2.14799e-27 2.17996e-27 7.3792e-27 1.77914e-21 1.05812e-16 1.4468e-12 4.54802e-09 3.28687e-06 0.000546108 0.020861 0.183202 0.369889 0.1721 0.0291746 0.0667226 0.0932715 0.0335601 0.0145823 0.0105527 0.0036574 0.00140847 0.000386412 7.4028e-05 8.43538e-06 4.8385e-07
 2.14818e-27 2.18041e-27 7.42857e-27 1.79589e-21 1.06809e-16 1.46042e-12 4.59084e-09 3.31782e-06 0.00055125 0.0210574 0.184927 0.373371 0.173701 0.0289421 0.0642539 0.089802 0.0324754 0.0146251 0.0106623 0.00370673 0.0014351 0.000398512 7.81095e-05 9.06581e-06 5.19037e-07
 2.14808e-27 2.18017e-27 7.40104e-27 1.78655e-21 1.06253e-16 1.45282e-12 4.56696e-09 3.30055e-06 0.000548382 0.0209478 0.183965 0.371428 0.172811 0.0291563 0.0661468 0.0924487 0.0331155 0.0139257 0.0100427 0.00356642 0.0014114 0.00039457 7.81512e-05 9.24265e-06 5.39146e-07
 2.1476e-27 2.17899e-27 7.27748e-27 1.74464e-21 1.0376e-16 1.41874e-12 4.45982e-09 3.22313e-06 0.000535518 0.0204564 0.179649 0.362716 0.168795 0.0294677 0.0706739 0.0988511 0.0356661 0.0158039 0.0114562 0.0039087 0.0014958 0.000425305 8.58627e-05 1.02752e-05 6.08723e-07
 2.1472e-27 2.17802e-27 7.17633e-27 1.71034e-21 1.0172e-16 1.39084e-12 4.37213e-09 3.15975e-06 0.000524988 0.0200542 0.176117 0.355584 0.165504 0.0296395 0.0738723 0.103386 0.0376274 0.0176943 0.0130255 0.00458053 0.00178521 0.000491222 9.76049e-05 1.18626e-05 7.13774e-07
 2.14742e-27 2.17858e-27 7.23629e-27 1.73068e-21 1.0293e-16 1.40739e-12 4.42414e-09 3.19734e-06 0.000531233 0.0202927 0.178212 0.359813 0.16745 0.0293842 0.0710391 0.0993976 0.0362802 0.0173905 0.0129108 0.00471273 0.00191857 0.000542747 0.000107784 1.28418e-05 7.73784e-07
#obs catch len freq
 1.21965e-39 5.96934e-33 6.71679e-27 1.73757e-21 1.0334e-16 1.41299e-12 4.44173e-09 3.21005e-06 0.000533354 0.0203734 0.17892 0.361244 0.168115 0.02948 0.0711928 0.0995896 0.0360164 0.0162262 0.0118542 0.00418714 0.00166382 0.000483595 0.000102894 1.35832e-05 9.19663e-07
 1.2283e-39 6.0117e-33 6.76446e-27 1.7499e-21 1.04073e-16 1.42301e-12 4.47326e-09 3.23283e-06 0.00053714 0.020518 0.180189 0.363808 0.169297 0.0293966 0.0699112 0.0977775 0.0353036 0.0157243 0.0114426 0.00398857 0.00155639 0.000442635 9.14179e-05 1.16663e-05 7.63674e-07
 1.31e-39 6.41155e-33 7.21438e-27 1.86629e-21 1.10995e-16 1.51766e-12 4.77078e-09 3.44785e-06 0.000572866 0.0218827 0.192174 0.388004 0.180444 0.0283438 0.0561917 0.0784199 0.0282115 0.012244 0.00885591 0.00306366 0.00118188 0.000330561 6.66284e-05 8.25192e-06 5.22438e-07
 1.14638e-39 5.61075e-33 6.3133e-27 1.63319e-21 9.71321e-17 1.32811e-12 4.17491e-09 3.01722e-06 0.000501315 0.0191496 0.168172 0.339545 0.158143 0.0310616 0.0873881 0.122332 0.0428903 0.0150995 0.0103885 0.00353463 0.00133922 0.000370335 7.33926e-05 8.87596e-06 5.45936e-07
 1.34136e-39 6.56501e-33 7.38705e-27 1.91096e-21 1.13652e-16 1.55399e-12 4.88497e-09 3.53038e-06 0.000586577 0.0224065 0.196774 0.39729 0.18471 0.0276128 0.0489308 0.0682405 0.0253817 0.0136143 0.010062 0.00305461 0.00100527 0.000268573 5.21954e-05 6.2028e-06 3.73188e-07
 1.38778e-39 6.79222e-33 7.64272e-27 1.9771e-21 1.17585e-16 1.60777e-12 5.05404e-09 3.65256e-06 0.000606878 0.023182 0.203584 0.41104 0.191068 0.0276316 0.0449009 0.0624344 0.0216098 0.00671493 0.00454212 0.00175271 0.000718959 0.000175872 3.04254e-05 3.47149e-06 2.04586e-07
 1.2592e-39 6.16289e-33 6.93458e-27 1.79391e-21 1.06691e-16 1.4588e-12 4.58575e-09 3.31413e-06 0.000550648 0.021034 0.184721 0.372957 0.173541 0.0297627 0.0693886 0.0969131 0.0332789 0.00945385 0.00597234 0.00170123 0.000532983 0.000155879 3.03483e-05 3.19385e-06 1.7466e-07
 1.2642e-39 6.18736e-33 6.96212e-27 1.80103e-21 1.07114e-16 1.46459e-12 4.60397e-09 3.3273e-06 0.000552835 0.0211176 0.185455 0.374438 0.174201 0.0291196 0.0650165 0.0908533 0.0325458 0.0136668 0.00955279 0.00260097 0.000694465 0.000152566 2.62927e-05 3.08367e-06 1.70719e-07
 1.41566e-39 6.92869e-33 7.79627e-27 2.01682e-21 1.19948e-16 1.64007e-12 5.15558e-09 3.72595e-06 0.000619071 0.0236477 0.207674 0.419298 0.194862 0.0270157 0.038652 0.0536674 0.0190829 0.00757847 0.0053547 0.00177815 0.000615737 0.00012986 1.77792e-05 1.69244e-06 9.24346e-08
 1.41363e-39 6.91873e-33 7.78506e-27 2.01392e-21 1.19775e-16 1.63771e-12 5.14817e-09 3.72059e-06 0.000618181 0.0236137 0.207376 0.418696 0.194599 0.0274292 0.041358 0.0574168 0.0195253 0.00492506 0.00301974 0.000972442 0.000343693 8.77842e-05 1.41739e-05 1.21327e-06 5.37724e-08
 1.34064e-39 6.56152e-33 7.38313e-27 1.90995e-21 1.13592e-16 1.55316e-12 4.88237e-09 3.5285e-06 0.000586265 0.0223946 0.196669 0.39708 0.184649 0.0285787 0.0548903 0.0764799 0.0261083 0.00690882 0.00421378 0.00108721 0.000272251 6.56164e-05 1.15662e-05 1.16339e-06 5.30171e-08
 1.31123e-39 6.41759e-33 7.22117e-27 1.86805e-21 1.111e-16 1.51909e-12 4.77527e-09 3.4511e-06 0.000573405 0.0219033 0.192355 0.388369 0.18063 0.0287795 0.0587418 0.0819492 0.0285914 0.00959929 0.00633719 0.00166722 0.00040996 7.83938e-05 1.05583e-05 1.04328e-06 5.29598e-08
 1.35506e-39 6.63208e-33 7.46252e-27 1.93048e-21 1.14813e-16 1.56986e-12 4.93488e-09 3.56645e-06 0.00059257 0.0226354 0.198784 0.40135 0.186602 0.0280325 0.0502692 0.0700224 0.0245891 0.00877499 0.00595705 0.00175241 0.000518725 0.000102485 1.2447e-05 9.63317e-07 4.24653e-08
 1.33073e-39 6.51299e-33 7.32852e-27 1.89582e-21 1.12751e-16 1.54167e-12 4.84626e-09 3.5024e-06 0.000581929 0.0222289 0.195215 0.394143 0.18329 0.0285434 0.0555601 0.0774515 0.0268188 0.0083547 0.00547986 0.0016648 0.000529261 0.000118273 1.65651e-05 1.26824e-06 4.74436e-08
 1.27939e-39 6.26171e-33 7.04577e-27 1.82267e-21 1.08401e-16 1.48219e-12 4.65928e-09 3.36727e-06 0.000559477 0.0213713 0.187683 0.378937 0.176285 0.029217 0.064255 0.089722 0.031353 0.0106911 0.00714274 0.00203003 0.000591318 0.000136137 2.10402e-05 1.83163e-06 7.32661e-08
 1.15957e-39 5.67531e-33 6.38595e-27 1.65198e-21 9.82497e-17 1.34339e-12 4.22295e-09 3.05193e-06 0.000507083 0.0193699 0.170107 0.343451 0.159936 0.0307215 0.084135 0.117783 0.0417847 0.0162716 0.0112926 0.00335455 0.00102432 0.000223029 3.28397e-05 3.01641e-06 1.34018e-07
 1.2547e-39 6.14088e-33 6.90981e-27 1.7875e-21 1.0631e-16 1.45359e-12 4.56937e-09 3.3023e-06 0.000548681 0.0209589 0.184061 0.371624 0.172888 0.0287736 0.0637521 0.0891451 0.0329367 0.0170042 0.0125702 0.0040147 0.00135707 0.000311122 4.64491e-05 4.09767e-06 1.82727e-07
 1.22099e-39 5.9759e-33 6.72417e-27 1.73948e-21 1.03453e-16 1.41454e-12 4.44661e-09 3.21358e-06 0.00053394 0.0203958 0.179116 0.361641 0.168308 0.0297125 0.0724928 0.101377 0.0360258 0.0142507 0.010234 0.00386457 0.0015758 0.000398001 6.52585e-05 5.99942e-06 2.65581e-07
 1.27081e-39 6.21971e-33 6.99852e-27 1.81045e-21 1.07674e-16 1.47225e-12 4.62804e-09 3.34469e-06 0.000555725 0.021228 0.186424 0.376395 0.175097 0.028856 0.0628175 0.0877716 0.0316854 0.0140875 0.0101494 0.00328671 0.00120922 0.000356343 6.96403e-05 7.14047e-06 3.37943e-07
 1.23841e-39 6.06115e-33 6.8201e-27 1.7643e-21 1.04929e-16 1.43472e-12 4.51005e-09 3.25942e-06 0.000541557 0.0206868 0.181671 0.3668 0.170686 0.0295403 0.0698867 0.0976961 0.0346418 0.0134508 0.00949649 0.00327255 0.00123245 0.000322896 6.29094e-05 7.51269e-06 4.07317e-07
 1.25196e-39 6.12749e-33 6.89475e-27 1.78361e-21 1.06078e-16 1.45042e-12 4.55941e-09 3.2951e-06 0.000547485 0.0209132 0.18366 0.370814 0.172529 0.0291884 0.0665285 0.0929935 0.0334088 0.0143471 0.0102525 0.00327804 0.00115644 0.000312802 5.9256e-05 6.79525e-06 3.97873e-07
 1.26735e-39 6.20281e-33 6.9795e-27 1.80553e-21 1.07382e-16 1.46825e-12 4.61546e-09 3.3356e-06 0.000554215 0.0211703 0.185918 0.375373 0.17463 0.0290334 0.0642085 0.0897091 0.0320507 0.0132104 0.00942659 0.00318418 0.00116988 0.000298038 5.4357e-05 6.1835e-06 3.5369e-07
 1.2511e-39 6.12326e-33 6.88999e-27 1.78238e-21 1.06005e-16 1.44942e-12 4.55627e-09 3.29282e-06 0.000547107 0.0208988 0.183533 0.370559 0.172416 0.0293252 0.0674409 0.0942565 0.0335393 0.0133913 0.00946119 0.0031258 0.00113857 0.00030266 5.54521e-05 6.03887e-06 3.37036e-07
 1.25222e-39 6.12876e-33 6.89617e-27 1.78397e-21 1.061e-16 1.45072e-12 4.56035e-09 3.29578e-06 0.000547598 0.0209176 0.183698 0.370891 0.172566 0.0292272 0.0667421 0.0932866 0.0334035 0.0139993 0.00997289 0.00323573 0.00114768 0.000299757 5.54423e-05 6.14722e-06 3.36545e-07
 1.25295e-39 6.13234e-33 6.9002e-27 1.78502e-21 1.06162e-16 1.45157e-12 4.56302e-09 3.2977e-06 0.000547918 0.0209298 0.183805 0.371108 0.172666 0.0292213 0.0666408 0.0931415 0.0333179 0.0138602 0.00989233 0.00329726 0.00119894 0.000307838 5.55336e-05 6.12709e-06 3.38845e-07
 1.25411e-39 6.138e-33 6.90658e-27 1.78667e-21 1.0626e-16 1.45291e-12 4.56723e-09 3.30075e-06 0.000548424 0.0209491 0.183975 0.371451 0.172823 0.0291987 0.0663995 0.0928025 0.0332129 0.0138674 0.00990003 0.00328884 0.00120043 0.000315686 5.75193e-05 6.23274e-06 3.40277e-07
 1.18385e-39 5.79414e-33 6.51966e-27 1.68657e-21 1.00307e-16 1.37152e-12 4.31137e-09 3.11584e-06 0.000517701 0.0197755 0.173668 0.350642 0.16324 0.0301723 0.0786148 0.110027 0.0393762 0.0164369 0.0117372 0.00390745 0.00142833 0.000375782 6.93163e-05 7.62451e-06 4.14479e-07
 1.1901e-39 5.82473e-33 6.55407e-27 1.69548e-21 1.00836e-16 1.37876e-12 4.33413e-09 3.13228e-06 0.000520433 0.0198799 0.174585 0.352493 0.164077 0.0296848 0.0750807 0.105112 0.0385519 0.0190403 0.01404 0.00467708 0.00171045 0.00045083 8.33441e-05 9.2356e-06 5.08143e-07
#spawning biomass
 3199.18 2369.23 2471.99 2279.91 2446.57 3445.06 3790.54 4553.93 7012.6 12000.4 16141.7 20242.2 25152.7 36476.2 41388.2 39459.1 33021.8 29604.9 29699.7 30918.7 31939.3 37559.3 38531.9 44507.5 43544.4 48313.7 47795.4 38514.2 22815.1 64178 85495.7 67318.8 48799.7 36884.7 30057.9 26364.2 24434.3 23448.7 22952.8 22706 22583.9 22523.9 22494.4 22480 22472.9 22469.5 22467.8 22467 22466.6 22466.4 22466.4 22466.3 22466.3 22466.3 22466.3 22466.3 22466.3 22466.3 22466.3 22466.3 22466.3 22466.3 22466.3 22466.3 22466.3 22466.3 22466.3 22466.3 22466.3 22466.3 22466.3 22466.3 22466.3 22466.3 22466.3 22466.3 22466.3 22466.3 22466.3 22466.3 22466.3 22466.3 22466.3 22466.3 22466.3 22466.3 22466.3 22466.3 22466.3 22466.3 22466.3 22466.3 22466.3 22466.3 22466.3 22466.3 22466.3 22466.3 22466.3 22466.3 22466.3 22466.3 22466.3 22466.3 22466.3 22466.3 22466.3 22466.3 22466.3 22466.3 22466.3 22466.3 22466.3 22466.3 22466.3 22466.3 22466.3 22466.3 22466.3 22466.3 22466.3 22466.3 22466.3 22466.3 22466.3 22466.3 22466.3 22466.3 0 0 0 0 0 0 0 0 0 0 0 0 0 0 0 0 0 0 0 0 0 0 0 0 0
