SBPRF35
0.0825653
Curr Bio
88408.3
B35
103024
F35
1.87488
FOFL
1.87488
OFL
58035.8
Bzero
23589.7
#pred survey bio
 8890.16 8252.87 6003.81 7515.6 10160.8 15695.1 20467.6 28792.1 43068.5 54974.8 71605.2 97147.8 119408 138494 122079 110324 103061 109881 125780 116058 117182 129792 113702 124887 143927 127597 113702 116100 122125 3.15053e+06 1.88253e+06 643796 380504 303282 271785 257284 250443 247220 245710 245008 244683 244534 244465 244434 244420 244413 244410 244409 244409 244408 244408 244408 244408 244408 244408 244408 244408 244408 244408 244408 244408 244408 244408 244408 244408 244408 244408 244408 244408 244408 244408 244408 244408 244408 244408 244408 244408 244408 244408 244408 244408 244408 244408 244408 244408 244408 244408 244408 244408 244408 244408 244408 244408 244408 244408 244408 244408 244408 244408 244408 244408 244408 244408 244408 244408 244408 244408 244408 244408 244408 244408 244408 244408 244408 244408 244408 244408 244408 244408 244408 244408 244408 244408 244408 244408 244408 244408 244408 244408 0 0 0 0 0 0 0 0 0 0 0 0 0 0 0 0 0 0 0 0 0 0 0 0 0
#obs survey bio
 6077.84 4381.18 3535.18 6530.86 9392.46 15497.2 14213.8 21834 39489.8 38508.6 79245.3 94655.2 83665.9 80860.1 86299.6 80715.9 86172.6 71329.3 91874.8 89223.3 98152.5 85959.8 86920.1 114640 126281 118364 65555.5 139151 76524.6
#pred catch bio
 2050.39 3558.06 2731.07 3275.83 3890.9 7085.07 9688.73 14001.6 23045.9 31225.1 41974.3 57905.8 71443.3 96868.2 88999.2 82339.2 72239.8 76111.2 95346.5 91492.6 90053.2 106135 91012.3 100602 123432 112415 102887 98757.2 87914.6 58035.8 48797.9 10270.5 5416.19 4933.4 4890.26 4886.66 4886.38 4886.35 4886.35 4886.35 4886.35 4886.35 4886.35 4886.35 4886.35 4886.35 4886.35 4886.35 4886.35 4886.35 4886.35 4886.35 4886.35 4886.35 4886.35 4886.35 4886.35 4886.35 4886.35 4886.35 4886.35 4886.35 4886.35 4886.35 4886.35 4886.35 4886.35 4886.35 4886.35 4886.35 4886.35 4886.35 4886.35 4886.35 4886.35 4886.35 4886.35 4886.35 4886.35 4886.35 4886.35 4886.35 4886.35 4886.35 4886.35 4886.35 4886.35 4886.35 4886.35 4886.35 4886.35 4886.35 4886.35 4886.35 4886.35 4886.35 4886.35 4886.35 4886.35 4886.35 4886.35 4886.35 4886.35 4886.35 4886.35 4886.35 4886.35 4886.35 4886.35 4886.35 4886.35 4886.35 4886.35 4886.35 4886.35 4886.35 4886.35 4886.35 4886.35 4886.35 4886.35 4886.35 4886.35 4886.35 4886.35 4886.35 4886.35 4886.35 4886.35 0 0 0 0 0 0 0 0 0 0 0 0 0 0 0 0 0 0 0 0 0 0 0 0 0
#obs catch bio
 4397.21 3861.52 3399.03 3344.3 3840.45 6599.4 9606.51 13704.4 23283 30387.1 40469.7 55343.8 65644.1 102318 95067.3 83994.5 68266.3 69573.6 91687.3 81050.4 84406.4 98087.9 78689.7 83747.2 107807 97737.8 100008 77325.1 83799.1
#pred cpue bio
 6307.94 6583.3 4264.14 4357.6 6053.93 9289.78 12158 16343.8 23837.7 30664.7 38432.3 50819.2 63667.8 74800.4 62896.1 54449.8 49461.7 54304.6 61705.6 55001.7 52721.1 58986.6 50388.7 54865.3 62529 53841.1 46775.2 46419.4 51210.7 1.51247e+06 1.77147e+06 565115 301893 224671 193174 178673 171832 168609 167099 166397 166072 165923 165854 165823 165809 165802 165799 165798 165797 165797 165797 165797 165797 165797 165797 165797 165797 165797 165797 165797 165797 165797 165797 165797 165797 165797 165797 165797 165797 165797 165797 165797 165797 165797 165797 165797 165797 165797 165797 165797 165797 165797 165797 165797 165797 165797 165797 165797 165797 165797 165797 165797 165797 165797 165797 165797 165797 165797 165797 165797 165797 165797 165797 165797 165797 165797 165797 165797 165797 165797 165797 165797 165797 165797 165797 165797 165797 165797 165797 165797 165797 165797 165797 165797 165797 165797 165797 165797 165797 0 0 0 0 0 0 0 0 0 0 0 0 0 0 0 0 0 0 0 0 0 0 0 0 0
#obs cpue bio
 6313.83 8201.29 2768.43 7239.57 6964.8 15536.5 14516.3 23990 25283.8 49804.7 42906 62613.1 129199 91921.9 70597.3 72163.1 76966 118259 98203.4 120629 76466.2 127403 117337 123768 120871 99699.6 87431.5 111176 89144.7
#pred surv len freq
 1.79305e-11 1.94704e-09 1.24651e-07 4.70497e-06 0.000104702 0.00137372 0.0106268 0.0484797 0.130574 0.208806 0.20384 0.136937 0.0863135 0.0609598 0.040115 0.0243958 0.0152634 0.00979091 0.00648009 0.00452741 0.0034004 0.00278608 0.00236935 0.00180493 0.0010458
 1.3501e-11 1.46605e-09 9.38576e-08 3.54266e-06 7.88369e-05 0.00103438 0.0080026 0.0365282 0.0986594 0.159993 0.166718 0.140447 0.127499 0.108998 0.0706948 0.0373238 0.0193493 0.0103209 0.00562237 0.00321114 0.00197676 0.00135613 0.0010206 0.000737107 0.000424235
 1.71082e-11 1.85774e-09 1.18934e-07 4.48917e-06 9.99e-05 0.00131072 0.0101396 0.0462611 0.124654 0.199782 0.197135 0.138174 0.0952857 0.072409 0.0497028 0.0307199 0.0177275 0.00893313 0.00402735 0.00179974 0.000850647 0.00044725 0.000270607 0.000172407 9.43871e-05
 2.04101e-11 2.21629e-09 1.41889e-07 5.3556e-06 0.000119181 0.00156368 0.012096 0.055176 0.148524 0.236814 0.227873 0.14404 0.0777996 0.0464628 0.0260933 0.0123651 0.00578944 0.00288981 0.00139839 0.000603027 0.000232623 8.87668e-05 3.80913e-05 1.88725e-05 9.10769e-06
 1.97396e-11 2.14349e-09 1.37228e-07 5.17967e-06 0.000115266 0.00151231 0.0116988 0.0533681 0.143709 0.229556 0.222874 0.146286 0.0866822 0.0556245 0.030291 0.0120942 0.00402754 0.00136431 0.00049489 0.000189569 7.14123e-05 2.43036e-05 7.67226e-06 2.56776e-06 9.40057e-07
 1.99027e-11 2.16119e-09 1.38362e-07 5.22246e-06 0.000116218 0.00152481 0.0117954 0.0538076 0.144878 0.231299 0.223987 0.145463 0.0841373 0.053277 0.0297122 0.0128569 0.00482364 0.00165612 0.000486225 0.000127086 3.37656e-05 9.4624e-06 2.58514e-06 6.55718e-07 1.63304e-07
 1.97945e-11 2.14945e-09 1.3761e-07 5.19407e-06 0.000115586 0.00151652 0.0117313 0.0535161 0.144103 0.230148 0.223273 0.146076 0.0859329 0.0549245 0.0301164 0.0123141 0.00424199 0.00140548 0.000430725 0.000115539 2.65607e-05 5.31366e-06 1.00894e-06 1.92436e-07 3.54984e-08
 2.0467e-11 2.22247e-09 1.42284e-07 5.37052e-06 0.000119513 0.00156803 0.0121297 0.0553306 0.148951 0.23758 0.229013 0.145837 0.0801701 0.0481139 0.0257473 0.0103973 0.00350345 0.00111111 0.000318933 8.06989e-05 1.82688e-05 3.58336e-06 5.86568e-07 8.12034e-08 1.01587e-08
 2.07824e-11 2.25672e-09 1.44477e-07 5.45328e-06 0.000121355 0.0015922 0.0123166 0.0561819 0.151227 0.241088 0.231813 0.146022 0.0779164 0.0452094 0.0235542 0.00906732 0.00279226 0.000806975 0.000218648 5.27701e-05 1.12681e-05 2.08488e-06 3.2657e-07 4.22525e-08 4.41002e-09
 2.0643e-11 2.24158e-09 1.43508e-07 5.41671e-06 0.000120541 0.00158152 0.012234 0.0558061 0.150226 0.239575 0.230749 0.146418 0.079641 0.0469807 0.024332 0.00899436 0.00251077 0.000633566 0.000151931 3.28468e-05 6.38572e-06 1.10075e-06 1.62038e-07 1.97369e-08 1.93262e-09
 2.11484e-11 2.29647e-09 1.47022e-07 5.54934e-06 0.000123492 0.00162024 0.0125335 0.0571699 0.153869 0.245154 0.235031 0.146149 0.0751708 0.041758 0.0210587 0.00765568 0.00207119 0.000494079 0.00010931 2.10368e-05 3.54449e-06 5.33186e-07 7.00748e-08 7.80541e-09 7.10949e-10
 2.14532e-11 2.32956e-09 1.49141e-07 5.62932e-06 0.000125272 0.00164359 0.012714 0.0579924 0.156067 0.248526 0.237648 0.146081 0.0726162 0.038698 0.0190355 0.00670871 0.0016906 0.000360704 7.25482e-05 1.3022e-05 2.02608e-06 2.73298e-07 3.13132e-08 3.01614e-09 2.41539e-10
 2.12081e-11 2.30294e-09 1.47436e-07 5.56499e-06 0.00012384 0.00162481 0.0125688 0.057331 0.154301 0.24583 0.235618 0.14634 0.074982 0.0413634 0.020571 0.00717855 0.00174206 0.000344956 6.34096e-05 1.03298e-05 1.43866e-06 1.74699e-07 1.81994e-08 1.57494e-09 1.10735e-10
 2.10461e-11 2.28535e-09 1.4631e-07 5.52248e-06 0.000122895 0.0016124 0.0124728 0.0568939 0.153133 0.244041 0.234245 0.146427 0.0764166 0.0430412 0.021626 0.00761195 0.00188138 0.000383416 7.13593e-05 1.12986e-05 1.46548e-06 1.61078e-07 1.50063e-08 1.15791e-09 7.28661e-11
 2.1615e-11 2.34714e-09 1.50266e-07 5.67178e-06 0.000126217 0.00165599 0.0128099 0.0584292 0.157234 0.250324 0.239076 0.146153 0.0714254 0.0371811 0.0179103 0.00604848 0.00135287 0.000226153 3.42809e-05 4.92082e-06 6.24508e-07 6.77274e-08 6.042e-09 4.30354e-10 2.43723e-11
 2.20958e-11 2.39934e-09 1.53608e-07 5.79792e-06 0.000129024 0.00169281 0.0130947 0.0597262 0.160698 0.255625 0.24312 0.145817 0.0670489 0.0321276 0.0148233 0.00488229 0.00103694 0.000151881 1.84109e-05 2.08851e-06 2.11705e-07 1.87718e-08 1.47987e-09 9.99405e-11 5.45378e-12
 2.23888e-11 2.43116e-09 1.55645e-07 5.87482e-06 0.000130735 0.00171526 0.0132683 0.0605169 0.16281 0.258855 0.245578 0.145592 0.0643519 0.0290278 0.0129502 0.00419876 0.000868196 0.000118073 1.22841e-05 1.1553e-06 9.71586e-08 6.85833e-09 4.15366e-10 2.19083e-11 9.85845e-13
 2.20797e-11 2.39759e-09 1.53496e-07 5.79371e-06 0.00012893 0.00169159 0.0130852 0.059683 0.160583 0.255449 0.24299 0.145843 0.0672179 0.0323111 0.0149192 0.0048993 0.0010286 0.000145472 1.63087e-05 1.632e-06 1.352e-07 8.58871e-09 4.34811e-10 1.84094e-11 6.46058e-13
 2.21614e-11 2.40647e-09 1.54064e-07 5.81515e-06 0.000129407 0.00169785 0.0131336 0.0599034 0.161171 0.256348 0.243666 0.145755 0.0664268 0.0314217 0.0144097 0.00474661 0.00101358 0.000150474 1.84412e-05 2.01691e-06 1.78424e-07 1.2076e-08 6.45408e-10 2.73179e-11 8.81082e-13
 2.25161e-11 2.44498e-09 1.5653e-07 5.90822e-06 0.000131478 0.00172502 0.0133437 0.0608604 0.163727 0.260257 0.246643 0.145489 0.0631715 0.0276756 0.0121393 0.00391033 0.000802172 0.000106773 1.05995e-05 9.44851e-07 7.74065e-08 5.38932e-09 3.09499e-10 1.40876e-11 4.83478e-13
 2.30106e-11 2.49868e-09 1.59968e-07 6.03798e-06 0.000134366 0.0017629 0.0136367 0.0621947 0.16729 0.265704 0.250777 0.145073 0.0585634 0.0224081 0.0089965 0.00281155 0.000563917 7.09277e-05 6.08987e-06 4.27665e-07 2.76093e-08 1.54337e-09 7.21229e-11 2.88938e-12 9.70092e-14
 2.29181e-11 2.48863e-09 1.59324e-07 6.01369e-06 0.000133825 0.00175581 0.0135818 0.0619448 0.166623 0.264685 0.250005 0.145155 0.0594326 0.0233985 0.00958276 0.00301093 0.000603168 7.52303e-05 6.29587e-06 4.18518e-07 2.49287e-08 1.23805e-09 4.78086e-11 1.49206e-12 3.90365e-14
 2.31451e-11 2.51328e-09 1.60902e-07 6.07325e-06 0.000135151 0.0017732 0.0137163 0.0625573 0.168258 0.267185 0.251901 0.144961 0.0573133 0.0209779 0.00814149 0.00251056 0.000497204 6.03331e-05 4.65713e-06 2.60066e-07 1.26014e-08 5.47258e-10 1.94309e-11 5.53777e-13 1.27836e-14
 2.32213e-11 2.52156e-09 1.61433e-07 6.09327e-06 0.000135596 0.00177904 0.0137615 0.0627632 0.168808 0.268025 0.252538 0.144894 0.0565981 0.0201625 0.00765807 0.00234525 0.000463986 5.63863e-05 4.37567e-06 2.46953e-07 1.2004e-08 5.03615e-10 1.62149e-11 3.92663e-13 7.60308e-15
 2.3317e-11 2.53194e-09 1.62097e-07 6.11836e-06 0.000136155 0.00178637 0.0138181 0.0630211 0.169497 0.269078 0.253336 0.144811 0.0557032 0.0191416 0.00705178 0.00213666 0.000421166 5.09153e-05 3.89147e-06 2.117e-07 9.7801e-09 3.97085e-10 1.26685e-11 3.06093e-13 5.80882e-15
 2.3558e-11 2.55812e-09 1.63773e-07 6.18161e-06 0.000137562 0.00180483 0.0139609 0.0636715 0.171233 0.271733 0.255349 0.144602 0.0534472 0.0165676 0.00552316 0.00161074 0.000313187 3.71135e-05 2.66834e-06 1.22338e-07 4.10021e-09 1.20683e-10 3.20589e-12 7.04742e-14 1.25572e-15
 2.37577e-11 2.57981e-09 1.65161e-07 6.23402e-06 0.000138728 0.00182013 0.0140793 0.0642103 0.172672 0.273932 0.257016 0.144427 0.0515755 0.0144334 0.00425737 0.00117724 0.000225619 2.65194e-05 1.86915e-06 8.03921e-08 2.26577e-09 4.90844e-11 9.48832e-13 1.56981e-14 2.04715e-16
 2.39714e-11 2.60301e-09 1.66647e-07 6.29009e-06 0.000139976 0.0018365 0.0142059 0.064787 0.174212 0.276286 0.2588 0.144239 0.0495721 0.0121493 0.00290314 0.000714031 0.000132474 1.54292e-05 1.07662e-06 4.49136e-08 1.14963e-09 1.96234e-11 2.64576e-13 3.19403e-15 3.22224e-17
 2.3608e-11 2.56355e-09 1.64121e-07 6.19473e-06 0.000137854 0.00180866 0.0139906 0.0638064 0.171593 0.272284 0.255767 0.144559 0.0529791 0.0160336 0.00520595 0.00150153 0.000290719 3.42217e-05 2.4074e-06 1.02716e-07 2.82274e-09 5.75881e-11 1.0131e-12 1.46763e-14 1.50443e-16
#obs surv len freq
 3.64929e-11 3.52567e-09 2.00824e-07 6.74413e-06 0.00013353 0.00155877 0.0107298 0.0435822 0.104849 0.152403 0.1472 0.127162 0.125818 0.112533 0.0775812 0.0460821 0.0263604 0.0139888 0.00648353 0.0025179 0.000785001 0.00018767 3.27654e-05 3.98798e-06 3.25579e-07
 2.58934e-11 2.41289e-09 1.32563e-07 4.29389e-06 8.20019e-05 0.000923379 0.00613358 0.0240926 0.056691 0.0852339 0.103698 0.140386 0.181373 0.169233 0.1126 0.0622689 0.0322434 0.0153455 0.0064815 0.00234673 0.000684604 0.000151217 2.40703e-05 2.65221e-06 1.95599e-07
 1.07375e-10 9.6341e-09 5.09634e-07 1.58944e-05 0.00029226 0.00316838 0.020252 0.0763415 0.169931 0.22489 0.183378 0.107984 0.0674166 0.0517409 0.0395668 0.0275109 0.0160257 0.00744417 0.00283818 0.000909898 0.00023789 4.77885e-05 6.95112e-06 6.97761e-07 4.66548e-08
 1.17326e-10 1.01194e-08 5.14577e-07 1.54272e-05 0.000272688 0.00284184 0.0174649 0.0633542 0.136341 0.178721 0.160893 0.137097 0.128689 0.0977643 0.0495163 0.0176361 0.0058389 0.00229216 0.000896583 0.000283223 6.78536e-05 1.21128e-05 1.56691e-06 1.41175e-07 8.52722e-09
 2.04693e-10 1.6945e-08 8.27026e-07 2.37977e-05 0.000403731 0.0040383 0.0238179 0.0828831 0.170719 0.211684 0.171426 0.118814 0.0930244 0.0668062 0.0353428 0.0143129 0.00488681 0.00139378 0.000331985 7.31256e-05 1.49637e-05 2.46076e-06 2.90448e-07 2.34402e-08 1.26113e-09
 2.64595e-10 2.09927e-08 9.81961e-07 2.70806e-05 0.000440317 0.00422114 0.0238637 0.0796415 0.157776 0.190929 0.16036 0.129468 0.114283 0.0811152 0.0390807 0.0135233 0.00394375 0.00104342 0.000233937 4.18555e-05 5.95554e-06 6.88289e-07 6.38774e-08 4.43945e-09 2.13288e-10
 4.15704e-10 3.15664e-08 1.4132e-06 3.73012e-05 0.000580474 0.00532598 0.0288174 0.09204 0.17444 0.201569 0.16038 0.121017 0.100456 0.0682337 0.0320159 0.010994 0.00314634 0.000768622 0.00015049 2.31678e-05 2.81584e-06 2.63538e-07 1.8364e-08 9.3555e-10 3.43303e-11
 5.74137e-10 4.16726e-08 1.7833e-06 4.49922e-05 0.000669259 0.00586971 0.0303614 0.0927532 0.168621 0.189507 0.154452 0.127856 0.110854 0.0731741 0.0322894 0.0101743 0.00264504 0.000598994 0.000110697 1.58662e-05 1.7291e-06 1.39969e-07 8.2118e-09 3.42107e-10 9.9206e-12
 9.13286e-10 6.32866e-08 2.58557e-06 6.22786e-05 0.000884434 0.00740554 0.03657 0.106651 0.185015 0.197998 0.152407 0.117924 0.0964221 0.0610351 0.0263974 0.008408 0.0022273 0.000493064 8.48701e-05 1.10714e-05 1.09669e-06 8.08121e-08 4.27151e-09 1.57019e-10 3.92566e-12
 1.21463e-09 8.02654e-08 3.12716e-06 7.18311e-05 0.000972795 0.00776807 0.0365914 0.101911 0.169848 0.17962 0.149552 0.134271 0.11506 0.0692487 0.0265924 0.00684471 0.00136379 0.000240177 3.67858e-05 4.51499e-06 4.20409e-07 2.85304e-08 1.3673e-09 4.52703e-11 1.01624e-12
 2.04906e-09 1.2899e-07 4.78736e-06 0.000104755 0.00135145 0.0102802 0.046126 0.122316 0.193671 0.192547 0.145878 0.11667 0.0922027 0.0527617 0.0197274 0.00511335 0.00104323 0.000176648 2.32733e-05 2.27943e-06 1.69135e-07 9.65497e-09 4.10894e-10 1.23806e-11 2.53389e-13
 2.95655e-09 1.77123e-07 6.25608e-06 0.000130278 0.00159951 0.0115796 0.0494558 0.124945 0.189315 0.183766 0.143935 0.122303 0.0963955 0.0527009 0.0184854 0.00441602 0.000820786 0.000128814 1.62257e-05 1.53259e-06 1.06106e-07 5.30902e-09 1.88036e-10 4.64374e-12 7.92647e-14
 4.41407e-09 2.51429e-07 8.44368e-06 0.000167181 0.00195162 0.0134341 0.0545634 0.131196 0.189937 0.179177 0.142169 0.123194 0.0945989 0.0491396 0.0161892 0.00357694 0.000602154 8.47008e-05 9.57935e-06 8.14235e-07 5.10848e-08 2.34831e-09 7.69818e-11 1.74079e-12 2.64866e-14
 5.33498e-09 2.88686e-07 9.20999e-06 0.000173235 0.00192122 0.0125658 0.0485343 0.111448 0.157315 0.157024 0.152347 0.154968 0.120825 0.0600136 0.0184938 0.00373066 0.000555315 6.81549e-05 6.79739e-06 5.11687e-07 2.82578e-08 1.14081e-09 3.305e-11 6.67112e-13 9.1495e-15
 9.06127e-09 4.65437e-07 1.40953e-05 0.000251668 0.00264939 0.0164487 0.0602988 0.131338 0.175308 0.163472 0.145483 0.136967 0.100872 0.0482334 0.0148362 0.00320137 0.000544034 7.40554e-05 7.42446e-06 5.18195e-07 2.53343e-08 8.88328e-10 2.23274e-11 3.92703e-13 4.71078e-15
 1.39371e-08 6.79079e-07 1.95078e-05 0.000330401 0.00329946 0.0194327 0.0675981 0.1399 0.178527 0.162599 0.145006 0.133763 0.0935659 0.0417352 0.0116747 0.00219234 0.000314488 3.7687e-05 3.62276e-06 2.59268e-07 1.33224e-08 4.79523e-10 1.17381e-11 1.90991e-13 2.04631e-15
 2.26732e-08 1.04731e-06 2.85216e-05 0.000457951 0.00433544 0.0242068 0.0798294 0.156635 0.189498 0.163465 0.13762 0.119712 0.079247 0.0337388 0.00919056 0.00174257 0.000258676 3.09576e-05 2.77391e-06 1.7638e-07 7.98802e-09 2.61176e-10 6.07805e-12 9.73072e-14 1.03769e-15
 3.07306e-08 1.345e-06 3.47065e-05 0.000528017 0.00473666 0.0250656 0.0784252 0.146745 0.173295 0.15709 0.148147 0.133954 0.0859946 0.0349072 0.00911326 0.00168332 0.000247049 2.92639e-05 2.59341e-06 1.63584e-07 7.29169e-09 2.28106e-10 4.90023e-12 7.07069e-14 6.76873e-16
 4.4483e-08 1.84395e-06 4.50654e-05 0.000649365 0.00551743 0.0276596 0.0820563 0.146209 0.167482 0.154685 0.15174 0.135709 0.0839896 0.0332773 0.00887017 0.00178087 0.000288351 3.57737e-05 3.16034e-06 1.9506e-07 8.48707e-09 2.59071e-10 5.41624e-12 7.56049e-14 6.92593e-16
 7.94438e-08 3.11799e-06 7.21491e-05 0.000984317 0.00791827 0.0375773 0.105456 0.177119 0.188218 0.154241 0.131185 0.106165 0.0612352 0.0228049 0.00573353 0.00109339 0.000170959 2.102e-05 1.89538e-06 1.21764e-07 5.48949e-09 1.69456e-10 3.49112e-12 4.72278e-14 4.15912e-16
 1.00599e-07 3.73738e-06 8.18622e-05 0.0010572 0.00805128 0.0361905 0.0964417 0.155662 0.167037 0.155263 0.153218 0.127119 0.0697837 0.0238667 0.00527024 0.000834484 0.000106945 1.13115e-05 9.24212e-07 5.56508e-08 2.41167e-09 7.30654e-11 1.49847e-12 2.02814e-14 1.7792e-16
 1.52886e-07 5.37567e-06 0.00011144 0.00136211 0.00981824 0.0417787 0.105484 0.161935 0.167659 0.154165 0.149478 0.118975 0.0625649 0.0209557 0.0047633 0.00082041 0.000112676 1.16401e-05 8.48079e-07 4.32801e-08 1.58034e-09 4.14529e-11 7.62962e-13 9.54395e-15 7.89982e-17
 2.52667e-07 8.40768e-06 0.000164948 0.001908 0.0130153 0.052409 0.125174 0.18145 0.176023 0.149197 0.133199 0.098956 0.0489605 0.0155187 0.003369 0.000561748 7.57723e-05 7.81768e-06 5.79475e-07 3.02049e-08 1.09512e-09 2.70551e-11 4.45854e-13 4.84481e-15 3.45854e-17
 3.48282e-07 1.09678e-05 0.000203636 0.00222925 0.0143933 0.0548868 0.124468 0.173327 0.168477 0.152696 0.14183 0.10235 0.0477678 0.0140852 0.00279798 0.00042039 5.13155e-05 4.89006e-06 3.41549e-07 1.70573e-08 6.01109e-10 1.45873e-11 2.36996e-13 2.5227e-15 1.73342e-17
 5.08659e-07 1.516e-05 0.000266391 0.00276005 0.0168674 0.0609068 0.131037 0.174562 0.166749 0.15307 0.140331 0.0966096 0.0425158 0.0117777 0.00218866 0.000305033 3.41462e-05 2.95028e-06 1.84876e-07 8.24397e-09 2.61169e-10 5.78722e-12 8.73103e-14 8.74995e-16 5.71811e-18
 5.65797e-07 1.59609e-05 0.000265467 0.00260366 0.0150696 0.0516544 0.106636 0.14261 0.154666 0.173643 0.172092 0.116101 0.0488623 0.0130269 0.00238071 0.000332214 3.67596e-05 3.03927e-06 1.77414e-07 7.23508e-09 2.06926e-10 4.10643e-12 5.52906e-14 4.94932e-16 2.90377e-18
 1.15213e-06 3.0766e-05 0.000484381 0.00449669 0.0246253 0.079722 0.154125 0.18621 0.165645 0.144552 0.122499 0.0764465 0.0309561 0.00830408 0.00162111 0.000248602 2.91432e-05 2.42918e-06 1.39352e-07 5.51942e-09 1.51249e-10 2.82438e-12 3.51558e-14 2.86881e-16 1.51953e-18
 1.31589e-06 3.32674e-05 0.00049588 0.00435891 0.0226157 0.0695546 0.129336 0.157994 0.160741 0.168585 0.15106 0.0909484 0.0342911 0.0083337 0.00143394 0.000194678 2.12574e-05 1.75188e-06 1.03402e-07 4.25797e-09 1.194e-10 2.22241e-12 2.69486e-14 2.10742e-16 1.05645e-18
 1.74147e-06 4.16871e-05 0.000588378 0.00489774 0.024075 0.0702974 0.125264 0.151656 0.16226 0.176974 0.154948 0.0886879 0.0316445 0.00729984 0.00119486 0.000152606 1.52675e-05 1.12405e-06 5.8719e-08 2.17146e-09 5.65328e-11 1.01175e-12 1.20781e-14 9.38181e-17 4.65692e-19
#pred catch len freq
 1.36026e-11 1.47708e-09 9.45638e-08 3.56931e-06 7.943e-05 0.00104216 0.00806253 0.0367965 0.0993126 0.160476 0.164536 0.131903 0.112949 0.0961765 0.0667911 0.0411955 0.0259074 0.0166463 0.0110211 0.00770044 0.0057836 0.00473873 0.00402993 0.00306994 0.00177876
 9.52493e-12 1.03429e-09 6.62165e-08 2.49934e-06 5.56198e-05 0.000729785 0.00564697 0.0257972 0.069969 0.115831 0.131744 0.138987 0.157059 0.145752 0.09644 0.0512473 0.0266693 0.0142496 0.0077658 0.00443561 0.00273055 0.00187326 0.00140979 0.00101819 0.000586007
 1.37185e-11 1.48966e-09 9.53694e-08 3.59972e-06 8.01067e-05 0.00105104 0.00813128 0.0371115 0.100179 0.162007 0.166726 0.135307 0.118062 0.102311 0.0727811 0.0453774 0.0262612 0.0132459 0.00597313 0.00266938 0.00126169 0.000663367 0.000401368 0.000255716 0.000139996
 1.81933e-11 1.97557e-09 1.26478e-07 4.77391e-06 0.000106236 0.00139385 0.0107826 0.0491935 0.132536 0.212253 0.208667 0.144041 0.0955631 0.067962 0.040505 0.0194704 0.00915719 0.00457846 0.00221643 0.000955853 0.000368731 0.000140704 6.03785e-05 2.99148e-05 1.44366e-05
 1.69668e-11 1.8424e-09 1.17952e-07 4.45209e-06 9.90749e-05 0.0012999 0.0100561 0.0458863 0.123724 0.198941 0.199352 0.147674 0.11107 0.08416 0.0482198 0.019488 0.00652135 0.00221603 0.000804876 0.000308395 0.000116179 3.95391e-05 1.24818e-05 4.17743e-06 1.52936e-06
 1.75441e-11 1.90508e-09 1.21965e-07 4.60356e-06 0.000102446 0.00134412 0.0103981 0.0474431 0.127874 0.205226 0.203832 0.146241 0.104278 0.0771863 0.0452232 0.0197997 0.0074585 0.00256578 0.000753845 0.000197072 5.23618e-05 1.46738e-05 4.00891e-06 1.01685e-06 2.53243e-07
 1.75069e-11 1.90104e-09 1.21707e-07 4.59381e-06 0.000102229 0.00134127 0.0103761 0.0473434 0.127614 0.204883 0.203834 0.147131 0.105921 0.0784011 0.0450003 0.018599 0.00643138 0.00213537 0.000654951 0.000175721 4.0397e-05 8.08173e-06 1.53452e-06 2.92682e-07 5.39906e-08
 1.85392e-11 2.01314e-09 1.28883e-07 4.86468e-06 0.000108256 0.00142035 0.0109876 0.0501289 0.135056 0.216292 0.212646 0.146768 0.0970793 0.0679488 0.0382915 0.0156519 0.00529421 0.00168232 0.000483272 0.000122306 2.76888e-05 5.43108e-06 8.89023e-07 1.23075e-07 1.53969e-08
 1.9221e-11 2.08717e-09 1.33623e-07 5.04359e-06 0.000112238 0.00147259 0.0113916 0.051969 0.139975 0.223859 0.218614 0.146931 0.0918488 0.0614319 0.033649 0.0131056 0.0040492 0.00117219 0.000317835 7.67238e-05 1.63835e-05 3.03134e-06 4.7482e-07 6.14334e-08 6.412e-09
 1.91776e-11 2.08246e-09 1.33321e-07 5.0322e-06 0.000111984 0.00146926 0.0113659 0.0518523 0.139667 0.223414 0.218408 0.1474 0.0929142 0.0623384 0.0337555 0.0126064 0.0035288 0.000891772 0.000214014 4.62799e-05 8.99757e-06 1.55097e-06 2.28314e-07 2.78094e-08 2.72308e-09
 1.99536e-11 2.16672e-09 1.38715e-07 5.23581e-06 0.000116515 0.00152871 0.0118256 0.053946 0.145259 0.231979 0.224979 0.146979 0.0860374 0.0543108 0.0287335 0.0105637 0.00286589 0.000684533 0.000151548 2.91721e-05 4.9154e-06 7.39406e-07 9.71771e-08 1.08242e-08 9.85915e-10
 2.04103e-11 2.21631e-09 1.4189e-07 5.35565e-06 0.000119182 0.00156369 0.0120962 0.0551784 0.148552 0.23703 0.228893 0.146859 0.0821831 0.0497083 0.0257098 0.00916972 0.00231724 0.000495003 9.96304e-05 1.78879e-05 2.78329e-06 3.75439e-07 4.30158e-08 4.14334e-09 3.31807e-10
 2.00851e-11 2.181e-09 1.39629e-07 5.27031e-06 0.000117283 0.00153878 0.0119035 0.054301 0.14621 0.233453 0.226201 0.147206 0.0853262 0.0532472 0.0277453 0.00978843 0.00238149 0.000472127 8.68543e-05 1.41538e-05 1.97139e-06 2.3939e-07 2.49384e-08 2.15811e-09 1.51738e-10
 2.02671e-11 2.20077e-09 1.40895e-07 5.31808e-06 0.000118346 0.00155273 0.0120114 0.0547922 0.147521 0.235456 0.227711 0.147019 0.0835786 0.0512759 0.0266069 0.00943522 0.00233562 0.000476179 8.8638e-05 1.4035e-05 1.8204e-06 2.00085e-07 1.864e-08 1.43829e-09 9.05097e-11
 2.10684e-11 2.28777e-09 1.46465e-07 5.52833e-06 0.000123025 0.00161411 0.012486 0.0569542 0.153296 0.244302 0.234502 0.146602 0.0765016 0.0429924 0.0213899 0.00728002 0.00163086 0.000272694 4.13354e-05 5.93322e-06 7.52968e-07 8.16566e-08 7.28452e-09 5.18851e-10 2.93841e-11
 2.16934e-11 2.35564e-09 1.5081e-07 5.69233e-06 0.000126674 0.00166199 0.0128563 0.0586405 0.157799 0.251192 0.239756 0.146157 0.0708016 0.0364157 0.0173796 0.00577339 0.00122831 0.000179957 2.18121e-05 2.47401e-06 2.50763e-07 2.22341e-08 1.75277e-09 1.18369e-10 6.4594e-12
 2.19441e-11 2.38286e-09 1.52553e-07 5.75811e-06 0.000128138 0.00168119 0.0130048 0.059317 0.159606 0.253956 0.241862 0.145974 0.0685078 0.0337726 0.0157727 0.00517553 0.00107284 0.000145979 1.51893e-05 1.42861e-06 1.20146e-07 8.48083e-09 5.13618e-10 2.70901e-11 1.21901e-12
 2.15381e-11 2.33878e-09 1.49731e-07 5.6516e-06 0.000125768 0.0016501 0.0127643 0.0582217 0.156681 0.249484 0.238465 0.146305 0.0722733 0.0380855 0.0183582 0.00609416 0.00128233 0.000181444 2.03452e-05 2.03616e-06 1.6869e-07 1.07162e-08 5.42505e-10 2.29686e-11 8.06048e-13
 2.17988e-11 2.36709e-09 1.51543e-07 5.71999e-06 0.00012729 0.00167006 0.0129187 0.0589249 0.158559 0.252353 0.240635 0.146061 0.0698074 0.0352855 0.0167142 0.00555137 0.0011874 0.000176314 2.16047e-05 2.3625e-06 2.08978e-07 1.41433e-08 7.55874e-10 3.19929e-11 1.03185e-12
 2.22726e-11 2.41854e-09 1.54837e-07 5.84432e-06 0.000130056 0.00170636 0.0131994 0.0602034 0.161973 0.257575 0.244609 0.145699 0.0654483 0.0302743 0.0136843 0.00444384 0.000913132 0.000121568 1.20656e-05 1.07517e-06 8.80632e-08 6.13068e-09 3.52058e-10 1.60245e-11 5.49945e-13
 2.28114e-11 2.47705e-09 1.58583e-07 5.98571e-06 0.000133203 0.00174764 0.0135187 0.0616572 0.165855 0.263511 0.249114 0.145246 0.0604283 0.0245355 0.0102595 0.00324561 0.000652684 8.21307e-05 7.05136e-06 4.95055e-07 3.19517e-08 1.78588e-09 8.34507e-11 3.34308e-12 1.1224e-13
 2.27714e-11 2.4727e-09 1.58305e-07 5.97521e-06 0.000132969 0.00174457 0.013495 0.0615492 0.165566 0.26307 0.248781 0.145283 0.0608057 0.0249646 0.0105124 0.00333017 0.000668281 8.3374e-05 6.97629e-06 4.63555e-07 2.75998e-08 1.37042e-09 5.29154e-11 1.65136e-12 4.32032e-14
 2.30046e-11 2.49802e-09 1.59926e-07 6.03639e-06 0.000134331 0.00176243 0.0136331 0.0621783 0.167246 0.265638 0.250729 0.145084 0.0586297 0.022479 0.00903195 0.00281569 0.000558964 6.78572e-05 5.23776e-06 2.92408e-07 1.41627e-08 6.14885e-10 2.18293e-11 6.22096e-13 1.43603e-14
 2.30959e-11 2.50794e-09 1.6056e-07 6.06035e-06 0.000134864 0.00176943 0.0136872 0.0624247 0.167904 0.266644 0.251491 0.145004 0.0577735 0.0215029 0.00845325 0.00261777 0.000519173 6.31214e-05 4.89813e-06 2.76357e-07 1.34276e-08 5.63179e-10 1.81305e-11 4.39028e-13 8.50052e-15
 2.32495e-11 2.52461e-09 1.61628e-07 6.10064e-06 0.000135761 0.00178119 0.0137782 0.062839 0.16901 0.268335 0.252773 0.14487 0.0563358 0.0198628 0.00747961 0.00228322 0.000450801 5.45136e-05 4.16609e-06 2.26551e-07 1.046e-08 4.24509e-10 1.35409e-11 3.27147e-13 6.20813e-15
 2.35221e-11 2.55422e-09 1.63523e-07 6.17218e-06 0.000137352 0.00180208 0.0139397 0.0635745 0.170974 0.271337 0.255049 0.144634 0.0537839 0.0169516 0.0057508 0.00168861 0.000328854 3.89821e-05 2.80268e-06 1.28472e-07 4.30367e-09 1.26586e-10 3.36122e-12 7.38754e-14 1.31623e-15
 2.37418e-11 2.57808e-09 1.65051e-07 6.22984e-06 0.000138636 0.00181891 0.0140698 0.0641674 0.172557 0.273757 0.256883 0.144441 0.0517246 0.0146034 0.00435813 0.00121169 0.000232541 2.73406e-05 1.92708e-06 8.28759e-08 2.33507e-09 5.05536e-11 9.76553e-13 1.61505e-14 2.10583e-16
 2.39488e-11 2.60055e-09 1.6649e-07 6.28415e-06 0.000139844 0.00183477 0.0141925 0.0647258 0.174048 0.276037 0.258611 0.144259 0.0497845 0.0123914 0.00304666 0.000763099 0.000142325 1.65953e-05 1.15824e-06 4.83191e-08 1.23669e-09 2.11036e-11 2.8438e-13 3.43129e-15 3.46064e-17
 2.34695e-11 2.5485e-09 1.63158e-07 6.15838e-06 0.000137045 0.00179805 0.0139085 0.0634326 0.170595 0.270758 0.25461 0.14468 0.0542779 0.0175143 0.0060838 0.0018017 0.000351011 4.13713e-05 2.91107e-06 1.2421e-07 3.41331e-09 6.96301e-11 1.22481e-12 1.77419e-14 1.81862e-16
#obs catch len freq
 3.36491e-11 3.25093e-09 1.85174e-07 6.21858e-06 0.000123124 0.0014373 0.00989381 0.0401898 0.0967289 0.140913 0.137505 0.12224 0.125198 0.116452 0.0862984 0.0564735 0.0343384 0.0185295 0.00869871 0.00348832 0.0011399 0.00028628 5.22455e-05 6.60766e-06 5.57907e-07
 4.89358e-11 4.5601e-09 2.50531e-07 8.11496e-06 0.000154972 0.00174491 0.0115855 0.0453991 0.105474 0.148802 0.142522 0.127389 0.129336 0.114474 0.0777899 0.0459793 0.0261538 0.0136998 0.0062281 0.00235593 0.000709692 0.000162494 2.69366e-05 3.08971e-06 2.36302e-07
 3.50533e-11 3.14512e-09 1.66374e-07 5.18888e-06 9.54135e-05 0.00103452 0.00661751 0.0250466 0.0569672 0.0839823 0.104049 0.144806 0.185066 0.168191 0.109695 0.0601479 0.0308978 0.0145119 0.00601934 0.00212275 0.000597311 0.000126124 1.90406e-05 1.97624e-06 1.36516e-07
 1.51748e-10 1.30883e-08 6.6555e-07 1.99534e-05 0.000352689 0.00367546 0.0225838 0.0818409 0.175181 0.223285 0.176693 0.103869 0.0670379 0.0521908 0.0397217 0.0272526 0.0155364 0.00705457 0.00263105 0.000821391 0.000207271 3.98012e-05 5.48713e-06 5.18509e-07 3.24634e-08
 1.67803e-10 1.38912e-08 6.7798e-07 1.95089e-05 0.000330973 0.00331063 0.0195289 0.0680104 0.140662 0.17814 0.158148 0.137056 0.128605 0.0948788 0.0464418 0.0162104 0.00540088 0.00212616 0.000813275 0.000248226 5.71441e-05 9.74251e-06 1.19487e-06 1.01367e-07 5.73313e-09
 2.97732e-10 2.36218e-08 1.10494e-06 3.04721e-05 0.00049546 0.00474968 0.0268491 0.0895579 0.176929 0.211078 0.166697 0.116123 0.0913433 0.0641118 0.0329793 0.0130867 0.00438392 0.00122154 0.00028553 6.19028e-05 1.22903e-05 1.92991e-06 2.15565e-07 1.6369e-08 8.24724e-10
 3.9149e-10 2.97277e-08 1.33089e-06 3.51284e-05 0.000546663 0.00501582 0.0271407 0.0867105 0.164597 0.191708 0.157602 0.127483 0.111053 0.076165 0.0354205 0.0119589 0.00343663 0.000892111 0.000194528 3.3704e-05 4.63564e-06 5.15898e-07 4.5686e-08 2.99796e-09 1.34975e-10
 6.2119e-10 4.50879e-08 1.92945e-06 4.86796e-05 0.000724106 0.00635063 0.032846 0.100297 0.181883 0.201901 0.156686 0.117921 0.0964 0.0632287 0.028643 0.00959276 0.00269256 0.000641185 0.000121706 1.81306e-05 2.12358e-06 1.90324e-07 1.26285e-08 6.09404e-10 2.10566e-11
 8.68374e-10 6.01744e-08 2.45842e-06 5.9216e-05 0.000840943 0.00704147 0.0347745 0.101451 0.176319 0.190419 0.151732 0.124824 0.105595 0.0669727 0.028438 0.00871624 0.00222259 0.000491283 8.79327e-05 1.21535e-05 1.27165e-06 9.83377e-08 5.48511e-09 2.16234e-10 5.90587e-12
 1.40095e-09 9.25774e-08 3.60684e-06 8.28492e-05 0.001122 0.00895913 0.0421918 0.117362 0.194337 0.199209 0.148609 0.11275 0.0892965 0.0542158 0.0225813 0.00700238 0.0018135 0.000389635 6.47101e-05 8.12919e-06 7.72829e-07 5.43507e-08 2.72688e-09 9.47155e-11 2.22877e-12
 1.89125e-09 1.19056e-07 4.41865e-06 9.66873e-05 0.00124738 0.00948881 0.0425814 0.113007 0.179667 0.182125 0.147196 0.128756 0.105922 0.0607759 0.0223011 0.00553654 0.00107775 0.000185888 2.76439e-05 3.26881e-06 2.91464e-07 1.88379e-08 8.55944e-10 2.67631e-11 5.65243e-13
 3.19007e-09 1.91113e-07 6.75021e-06 0.000140568 0.00172583 0.0124938 0.0533511 0.134669 0.203145 0.193138 0.14142 0.109872 0.0833027 0.0454462 0.0162568 0.00407135 0.00080885 0.000132773 1.68296e-05 1.5834e-06 1.12871e-07 6.16524e-09 2.49348e-10 7.09623e-12 1.36561e-13
 4.66156e-09 2.65527e-07 8.91709e-06 0.000176555 0.00206103 0.0141868 0.0576122 0.138421 0.199624 0.185051 0.139481 0.11406 0.085703 0.0445419 0.0149112 0.00343325 0.00062107 9.46662e-05 1.14828e-05 1.03946e-06 6.87663e-08 3.27526e-09 1.10004e-10 2.56796e-12 4.12981e-14
 7.02758e-09 3.80276e-07 1.2132e-05 0.000228194 0.00253063 0.0165486 0.0638542 0.145883 0.200802 0.180512 0.137024 0.113326 0.0825901 0.0406955 0.0127695 0.00271185 0.000443234 6.04909e-05 6.58372e-06 5.36125e-07 3.2155e-08 1.4076e-09 4.37237e-11 9.32863e-13 1.3347e-14
 8.70769e-09 4.47276e-07 1.35453e-05 0.000241848 0.00254604 0.0158076 0.0579602 0.126372 0.169511 0.161124 0.148956 0.143721 0.106014 0.049854 0.0145975 0.00282046 0.000406362 4.83682e-05 4.6423e-06 3.34437e-07 1.76388e-08 6.78061e-10 1.86211e-11 3.54775e-13 4.57656e-15
 1.47717e-08 7.19746e-07 2.06761e-05 0.000350187 0.003497 0.0205949 0.0716185 0.147985 0.187402 0.165706 0.139451 0.123868 0.0861726 0.0390475 0.011456 0.00238159 0.000391852 5.12828e-05 4.90307e-06 3.25656e-07 1.51621e-08 5.0582e-10 1.20525e-11 2.00122e-13 2.2583e-15
 2.27664e-08 1.05161e-06 2.86389e-05 0.000459835 0.00435327 0.0243063 0.0801563 0.157265 0.190193 0.163842 0.137551 0.119321 0.0786868 0.0331816 0.0088179 0.0015878 0.000220565 2.55741e-05 2.35888e-06 1.61083e-07 7.86959e-09 2.68202e-10 6.19242e-12 9.47842e-14 9.53603e-16
 3.68523e-08 1.61292e-06 4.16201e-05 0.000633193 0.00567986 0.0300491 0.0938942 0.174541 0.199901 0.162656 0.128297 0.104597 0.0652072 0.0262537 0.00680633 0.00124029 0.000177958 2.04663e-05 1.74895e-06 1.05837e-07 4.56236e-09 1.41691e-10 3.1181e-12 4.699e-14 4.70027e-16
 5.07027e-08 2.10177e-06 5.13664e-05 0.000740152 0.00628853 0.0315178 0.0933926 0.165446 0.184637 0.157109 0.138084 0.116859 0.0706306 0.0271137 0.00674058 0.00119751 0.000169814 1.93109e-05 1.63135e-06 9.7845e-08 4.14052e-09 1.22579e-10 2.4828e-12 3.36813e-14 3.02483e-16
 7.42087e-08 2.91253e-06 6.73948e-05 0.00091946 0.00739673 0.0351072 0.0985935 0.166166 0.179327 0.154212 0.139839 0.116757 0.0680508 0.025559 0.00651736 0.00126207 0.000196645 2.32801e-05 1.95428e-06 1.14564e-07 4.72893e-09 1.36486e-10 2.68739e-12 3.52202e-14 3.02201e-16
 1.30068e-07 4.83217e-06 0.000105841 0.00136684 0.010408 0.0467522 0.124168 0.197167 0.197154 0.149751 0.116594 0.0874993 0.0474185 0.0167251 0.00402057 0.000739624 0.00011142 1.30987e-05 1.12414e-06 6.85634e-08 2.92464e-09 8.50852e-11 1.64688e-12 2.08855e-14 1.72103e-16
 1.6913e-07 5.94684e-06 0.00012328 0.00150681 0.0108605 0.0461989 0.116458 0.177422 0.178036 0.151519 0.136471 0.10526 0.0542836 0.017535 0.00368313 0.000560207 6.92816e-05 7.03462e-06 5.48528e-07 3.14138e-08 1.28977e-09 3.68525e-11 7.09972e-13 8.99959e-15 7.37628e-17
 2.57138e-07 8.55645e-06 0.000167866 0.00194175 0.0132454 0.0533318 0.127336 0.184296 0.177655 0.14828 0.130516 0.0964776 0.0477031 0.0151323 0.00328542 0.000543865 7.15427e-05 7.02785e-06 4.85596e-07 2.35192e-08 8.14807e-10 2.02136e-11 3.50291e-13 4.10923e-15 3.17969e-17
 4.18378e-07 1.31752e-05 0.000244618 0.0026778 0.0172863 0.0658627 0.148741 0.203169 0.183099 0.139915 0.112415 0.0772537 0.035902 0.0107761 0.00223489 0.000358224 4.6303e-05 4.5476e-06 3.19822e-07 1.57874e-08 5.40477e-10 1.25647e-11 1.94323e-13 1.97804e-15 1.32057e-17
 5.86763e-07 1.74878e-05 0.000307292 0.00318371 0.0194532 0.0701858 0.150401 0.196751 0.175754 0.141352 0.117735 0.0786549 0.0344733 0.00961366 0.00182043 0.000262505 3.07111e-05 2.78837e-06 1.8494e-07 8.75309e-09 2.91385e-10 6.65304e-12 1.01352e-13 1.00898e-15 6.47053e-18
 8.58682e-07 2.42229e-05 0.000402871 0.00395074 0.0228504 0.0780633 0.158625 0.198014 0.172422 0.139107 0.114178 0.0727978 0.0300841 0.00787771 0.00139369 0.000186025 1.99133e-05 1.63617e-06 9.72358e-08 4.10828e-09 1.23039e-10 2.56783e-12 3.63523e-14 3.40836e-16 2.07878e-18
 1.00833e-06 2.6926e-05 0.00042393 0.00393572 0.0215588 0.0698819 0.135896 0.168403 0.162235 0.158815 0.142748 0.0897634 0.0355487 0.0089697 0.00156176 0.000208428 2.19793e-05 1.72292e-06 9.51783e-08 3.67171e-09 9.916e-11 1.85215e-12 2.33956e-14 1.95955e-16 1.07334e-18
 1.91835e-06 4.84978e-05 0.000722876 0.00635311 0.032934 0.100875 0.184046 0.207492 0.166042 0.125242 0.0944442 0.0545661 0.0207914 0.00529237 0.000986283 0.000144309 1.60517e-05 1.26515e-06 6.85937e-08 2.56647e-09 6.62871e-11 1.16294e-12 1.35612e-14 1.03451e-16 5.11304e-19
 2.32821e-06 5.5732e-05 0.000786578 0.00654634 0.0321497 0.0934764 0.163377 0.183239 0.162037 0.145408 0.117404 0.0657936 0.0233443 0.0053722 0.000880787 0.000114233 1.18752e-05 9.28019e-07 5.18091e-08 2.01217e-09 5.30354e-11 9.25114e-13 1.04904e-14 7.65906e-17 3.57906e-19
#spawning biomass
 7690.67 7509.18 5201.1 6035.56 8246.45 12704.7 16592.4 22964.2 34051.5 43587.8 56023.2 75352.4 93221.5 108598 94216 83952.6 77725.9 83652.9 95528.1 87179.5 86619.2 96236.2 83664 91654.7 105278 92537.4 81859.5 82915.3 88408.3 103317 76220.9 16506.7 9068.29 8328.6 8262.51 8257 8256.56 8256.53 8256.53 8256.53 8256.53 8256.53 8256.53 8256.53 8256.53 8256.53 8256.53 8256.53 8256.53 8256.53 8256.53 8256.53 8256.53 8256.53 8256.53 8256.53 8256.53 8256.53 8256.53 8256.53 8256.53 8256.53 8256.53 8256.53 8256.53 8256.53 8256.53 8256.53 8256.53 8256.53 8256.53 8256.53 8256.53 8256.53 8256.53 8256.53 8256.53 8256.53 8256.53 8256.53 8256.53 8256.53 8256.53 8256.53 8256.53 8256.53 8256.53 8256.53 8256.53 8256.53 8256.53 8256.53 8256.53 8256.53 8256.53 8256.53 8256.53 8256.53 8256.53 8256.53 8256.53 8256.53 8256.53 8256.53 8256.53 8256.53 8256.53 8256.53 8256.53 8256.53 8256.53 8256.53 8256.53 8256.53 8256.53 8256.53 8256.53 8256.53 8256.53 8256.53 8256.53 8256.53 8256.53 8256.53 8256.53 8256.53 8256.53 8256.53 8256.53 0 0 0 0 0 0 0 0 0 0 0 0 0 0 0 0 0 0 0 0 0 0 0 0 0
