SBPRF35
0.224663
Curr Bio
33091.7
B35
69748.3
F35
0.499075
FOFL
0.499075
OFL
39238.2
Bzero
64189.3
#pred survey bio
 9139.06 7128.45 7984.81 9486.1 11957.6 14677 14632.1 14248 22962.3 35851.3 36704.8 44160.9 70457.6 83248.3 71664.5 57059.8 54001.7 56048.4 54839.1 58139.5 55660.2 59690.2 67552.4 70747.7 84356.8 83507.8 71935.9 77045.2 99607.1 3.93828e+06 3.67336e+06 2.76524e+06 1.90048e+06 1.37766e+06 1.09825e+06 955813 883931 847112 827630 816874 810660 806917 804582 803086 802109 801467 801041 800756 800565 800437 800350 800292 800252 800225 800207 800195 800187 800181 800177 800175 800173 800172 800171 800171 800170 800170 800170 800170 800170 800170 800170 800170 800170 800170 800170 800170 800170 800170 800170 800170 800170 800170 800170 800170 800170 800170 800170 800170 800170 800170 800170 800170 800170 800170 800170 800170 800170 800170 800170 800170 800170 800170 800170 800170 800170 800170 800170 800170 800170 800170 800170 800170 800170 800170 800170 800170 800170 800170 800170 800170 800170 800170 800170 800170 800170 800170 800170 800170 800170 0 0 0 0 0 0 0 0 0 0 0 0 0 0 0 0 0 0 0 0 0 0 0 0 0
#obs survey bio
 8162.82 8730.37 8564.06 12749.1 10936.5 14896 14911.7 17728.7 26710.1 27248.5 25549.6 84509.5 82683.5 79077.3 63033.7 46663.6 56464.6 38899.8 55687.8 58587.4 49173.4 68709.4 49822.8 62233.3 82034.2 66050.3 86602.4 91149.3 80019.8
#pred catch bio
 5262.2 3555.36 3974.48 4654.14 5583.4 7468.23 8567.02 7560.25 8514.65 19271.3 22839.8 19045.5 34084.3 48689.7 45592.4 35554.1 30284.1 34046.6 30058.3 34622.6 32111.2 30783.3 39693.7 35976.9 46153.6 51983.4 41059.6 41235.5 11875.2 39238.2 49816.3 38676.8 24749.1 16667.3 12621.9 10732.8 9887.27 9519.14 9361.77 9295.32 9267.5 9255.92 9251.12 9249.14 9248.32 9247.98 9247.84 9247.79 9247.76 9247.75 9247.75 9247.75 9247.75 9247.75 9247.75 9247.75 9247.75 9247.75 9247.75 9247.75 9247.75 9247.75 9247.75 9247.75 9247.75 9247.75 9247.75 9247.75 9247.75 9247.75 9247.75 9247.75 9247.75 9247.75 9247.75 9247.75 9247.75 9247.75 9247.75 9247.75 9247.75 9247.75 9247.75 9247.75 9247.75 9247.75 9247.75 9247.75 9247.75 9247.75 9247.75 9247.75 9247.75 9247.75 9247.75 9247.75 9247.75 9247.75 9247.75 9247.75 9247.75 9247.75 9247.75 9247.75 9247.75 9247.75 9247.75 9247.75 9247.75 9247.75 9247.75 9247.75 9247.75 9247.75 9247.75 9247.75 9247.75 9247.75 9247.75 9247.75 9247.75 9247.75 9247.75 9247.75 9247.75 9247.75 9247.75 9247.75 9247.75 0 0 0 0 0 0 0 0 0 0 0 0 0 0 0 0 0 0 0 0 0 0 0 0 0
#obs catch bio
 3712.76 3527.39 3937.47 4583.76 5513.45 7467.66 8800.65 7702.04 8171.7 18963 24562.2 18302.5 32505.9 48376.4 46270 37573.1 29919.2 35384.6 30501.3 34246.1 32301.8 29811.2 40107.1 35652.8 45359.8 52580 40974.7 41719.5 11682.7
#pred cpue bio
 6585.31 4316.74 4548.93 5290.71 6495.97 8442.26 9089.93 7771.9 10114.4 20275.9 21499.7 20101 36512.2 48627.6 43687.3 33001 28923.5 31897.6 29595.8 33163.5 31108.1 31981.3 38637 37601.8 47070.1 49628.3 40756.8 41544.6 50448.8 2.60037e+06 3.14678e+06 2.58163e+06 1.72794e+06 1.20406e+06 924451 781986 710102 673282 653801 643044 636830 633087 630752 629256 628280 627638 627211 626927 626736 626607 626520 626462 626422 626396 626378 626365 626357 626352 626348 626345 626344 626342 626342 626341 626341 626340 626340 626340 626340 626340 626340 626340 626340 626340 626340 626340 626340 626340 626340 626340 626340 626340 626340 626340 626340 626340 626340 626340 626340 626340 626340 626340 626340 626340 626340 626340 626340 626340 626340 626340 626340 626340 626340 626340 626340 626340 626340 626340 626340 626340 626340 626340 626340 626340 626340 626340 626340 626340 626340 626340 626340 626340 626340 626340 626340 626340 626340 626340 626340 0 0 0 0 0 0 0 0 0 0 0 0 0 0 0 0 0 0 0 0 0 0 0 0 0
#obs cpue bio
 3938.49 5432.08 4251.54 5896.09 6526.2 7015.11 6025.53 7424.53 16556.5 18359.3 14832.3 30249.3 48074.2 48769.2 31829.4 19902.4 31143.8 22259.6 25414.5 45771.5 34824 43222.2 41571.2 48143.4 64569 54299.5 36233.9 37136.2 62014.1
#pred surv len freq
 2.1413e-27 2.16229e-27 5.46534e-27 1.12993e-21 6.7201e-17 9.18854e-13 2.88843e-09 2.08748e-06 0.000346831 0.0132487 0.116351 0.234918 0.109687 0.028797 0.10509 0.147953 0.060134 0.0481025 0.0418914 0.0258646 0.0200141 0.0155889 0.0144417 0.0124813 0.00508891
 2.1431e-27 2.1678e-27 6.09628e-27 1.344e-21 7.9933e-17 1.09294e-12 3.43568e-09 2.48297e-06 0.000412542 0.0157588 0.138395 0.279425 0.130362 0.0314336 0.107777 0.151396 0.0573856 0.0341213 0.0266475 0.0111262 0.00626584 0.00379644 0.00277709 0.00209031 0.00082687
 2.14376e-27 2.16959e-27 6.29012e-27 1.40975e-21 8.38434e-17 1.14641e-12 3.60375e-09 2.60444e-06 0.000432724 0.0165298 0.145165 0.293094 0.136694 0.0317627 0.105668 0.148348 0.0554423 0.0305636 0.0230052 0.00787455 0.00317395 0.00120715 0.000578397 0.000335607 0.000121431
 2.14393e-27 2.16999e-27 6.32972e-27 1.42316e-21 8.4641e-17 1.15732e-12 3.63804e-09 2.62922e-06 0.000436841 0.016687 0.146546 0.295883 0.137997 0.0321506 0.107196 0.150432 0.0552484 0.0275072 0.0202252 0.00651207 0.00230029 0.000636014 0.000167041 5.64352e-05 1.65049e-05
 2.14447e-27 2.17133e-27 6.47028e-27 1.47084e-21 8.74766e-17 1.19609e-12 3.75991e-09 2.7173e-06 0.000451475 0.017246 0.151456 0.305794 0.142565 0.0317448 0.101731 0.142724 0.0524685 0.0262694 0.0192117 0.00585839 0.00190121 0.000471063 8.81043e-05 1.45171e-05 2.50193e-06
 2.14311e-27 2.16799e-27 6.11713e-27 1.35104e-21 8.03517e-17 1.09867e-12 3.45367e-09 2.49598e-06 0.000414703 0.0158414 0.13912 0.280889 0.131095 0.0329383 0.116524 0.163578 0.0598756 0.0291839 0.0212726 0.00655327 0.00212565 0.000495229 8.08012e-05 9.01425e-06 7.4061e-07
 2.14123e-27 2.16342e-27 5.63929e-27 1.18898e-21 7.07134e-17 9.6688e-13 3.0394e-09 2.19658e-06 0.000364959 0.0139412 0.122432 0.247198 0.115556 0.0339166 0.132651 0.186429 0.0695649 0.0379829 0.0281251 0.00845309 0.00265827 0.000618232 9.76101e-05 9.47968e-06 5.15298e-07
 2.14463e-27 2.17177e-27 6.52365e-27 1.48897e-21 8.8555e-17 1.21083e-12 3.80627e-09 2.7508e-06 0.000457041 0.0174587 0.153323 0.309564 0.144281 0.0310385 0.0962832 0.135134 0.0510026 0.0296021 0.02219 0.00685448 0.00221901 0.000504978 7.74907e-05 7.29555e-06 3.50606e-07
 2.14775e-27 2.17932e-27 7.30901e-27 1.75532e-21 1.04395e-16 1.42742e-12 4.48712e-09 3.24285e-06 0.000538795 0.0205816 0.180749 0.364935 0.169829 0.0296814 0.0713097 0.0996985 0.0353125 0.0135774 0.00946977 0.00301332 0.00102075 0.00023929 3.71982e-05 3.42502e-06 1.5852e-07
 2.14297e-27 2.16754e-27 6.05574e-27 1.33016e-21 7.91094e-17 1.08168e-12 3.40028e-09 2.45739e-06 0.000408292 0.0155965 0.136969 0.276547 0.129138 0.0342822 0.126037 0.176801 0.0620265 0.0219299 0.0147442 0.00406531 0.00113613 0.000268554 4.3831e-05 4.14133e-06 1.9087e-07
 2.14273e-27 2.16707e-27 6.02183e-27 1.31873e-21 7.84298e-17 1.07239e-12 3.37107e-09 2.43628e-06 0.000404784 0.0154625 0.135792 0.274171 0.127991 0.0329859 0.11884 0.166915 0.0620791 0.0332438 0.0241403 0.00618629 0.00145238 0.000288789 4.07931e-05 3.86429e-06 1.84045e-07
 2.14728e-27 2.17818e-27 7.18735e-27 1.71405e-21 1.01941e-16 1.39386e-12 4.38162e-09 3.16661e-06 0.000526128 0.0200977 0.176499 0.356356 0.165877 0.0300721 0.0762805 0.106716 0.0379482 0.0150597 0.0104707 0.00303672 0.000871421 0.000164089 1.89957e-05 1.49997e-06 6.61141e-08
 2.14484e-27 2.17212e-27 6.54029e-27 1.49452e-21 8.88849e-17 1.21534e-12 3.82045e-09 2.76105e-06 0.000458744 0.0175237 0.153894 0.310718 0.144878 0.0327503 0.106386 0.149077 0.0519071 0.017088 0.0112532 0.00305492 0.000812829 0.000170726 2.25477e-05 1.63709e-06 5.9896e-08
 2.14251e-27 2.16647e-27 5.9512e-27 1.29474e-21 7.70029e-17 1.05288e-12 3.30973e-09 2.39195e-06 0.000397419 0.0151811 0.133322 0.269183 0.125717 0.0338386 0.125548 0.176265 0.0639284 0.0293003 0.0206801 0.00520496 0.00117391 0.00022613 2.929e-05 2.33569e-06 8.82003e-08
 2.14147e-27 2.16396e-27 5.68911e-27 1.20585e-21 7.17163e-17 9.80593e-13 3.08251e-09 2.22774e-06 0.000370135 0.0141389 0.124169 0.250704 0.117194 0.0343932 0.134504 0.18894 0.0691012 0.0334797 0.0241151 0.00671701 0.00180264 0.000329983 3.66859e-05 2.70662e-06 1.04412e-07
 2.14288e-27 2.1674e-27 6.05174e-27 1.32885e-21 7.9032e-17 1.08062e-12 3.39695e-09 2.45498e-06 0.000407892 0.0155812 0.136835 0.276276 0.128976 0.0333107 0.120188 0.16873 0.0615374 0.0292844 0.0210262 0.00586566 0.00161128 0.000324993 4.01682e-05 2.78693e-06 9.61051e-08
 2.14436e-27 2.17098e-27 6.42352e-27 1.45493e-21 8.65305e-17 1.18315e-12 3.71925e-09 2.68791e-06 0.000446592 0.0170595 0.149818 0.302488 0.141073 0.0327329 0.10876 0.152498 0.0541237 0.0211374 0.0145542 0.00399162 0.00106804 0.000216198 2.80728e-05 2.13539e-06 7.61885e-08
 2.1429e-27 2.1674e-27 6.04325e-27 1.32593e-21 7.88582e-17 1.07824e-12 3.38948e-09 2.44958e-06 0.000406995 0.0155469 0.136534 0.275669 0.128726 0.0341107 0.125255 0.175742 0.0622592 0.0239444 0.0163345 0.00422922 0.00101497 0.000198548 2.54056e-05 1.97597e-06 7.50569e-08
 2.14427e-27 2.17079e-27 6.40602e-27 1.44901e-21 8.6178e-17 1.17833e-12 3.7041e-09 2.67696e-06 0.000444773 0.01699 0.149207 0.301255 0.140498 0.0325961 0.108297 0.151886 0.054479 0.0230845 0.0160582 0.00408043 0.000930001 0.000169603 1.97392e-05 1.47377e-06 5.60325e-08
 2.14294e-27 2.1675e-27 6.05626e-27 1.33035e-21 7.91211e-17 1.08184e-12 3.40078e-09 2.45775e-06 0.000408352 0.0155988 0.136989 0.276588 0.129142 0.0338832 0.123588 0.173423 0.0618349 0.0250511 0.0173642 0.00468646 0.00119627 0.000218476 2.39838e-05 1.6462e-06 5.82919e-08
 2.14354e-27 2.16901e-27 6.21852e-27 1.38541e-21 8.23955e-17 1.12661e-12 3.54152e-09 2.55946e-06 0.000425251 0.0162443 0.142658 0.288033 0.134404 0.0331021 0.11537 0.16188 0.0583265 0.0255434 0.0179356 0.00468734 0.00114007 0.000218501 2.59847e-05 1.77375e-06 5.88235e-08
 2.14443e-27 2.17117e-27 6.44639e-27 1.4627e-21 8.69924e-17 1.18947e-12 3.7391e-09 2.70226e-06 0.000448976 0.0171506 0.150617 0.304102 0.14181 0.0324791 0.106724 0.14966 0.0535597 0.0223237 0.0155749 0.00422266 0.00109231 0.000206049 2.40762e-05 1.72355e-06 5.95372e-08
 2.143e-27 2.16768e-27 6.07838e-27 1.33787e-21 7.95684e-17 1.08796e-12 3.42e-09 2.47165e-06 0.00041066 0.0156869 0.137764 0.278151 0.129852 0.0335398 0.121021 0.16985 0.0611946 0.0267959 0.0188991 0.00516453 0.00136487 0.000268163 3.27449e-05 2.33931e-06 8.16405e-08
 2.14468e-27 2.1718e-27 6.51499e-27 1.48598e-21 8.83769e-17 1.2084e-12 3.79861e-09 2.74527e-06 0.000456122 0.0174235 0.153014 0.308942 0.144032 0.03208 0.102829 0.144198 0.0520171 0.0229785 0.0162219 0.00439888 0.00114839 0.000226937 2.84538e-05 2.11679e-06 7.57843e-08
 2.14357e-27 2.16906e-27 6.22347e-27 1.38709e-21 8.24953e-17 1.12798e-12 3.54581e-09 2.56257e-06 0.000425767 0.016264 0.142831 0.288382 0.134567 0.0331421 0.115509 0.162059 0.0581526 0.0247325 0.017391 0.00488427 0.00135098 0.000268471 3.35887e-05 2.53522e-06 9.36317e-08
 2.14209e-27 2.16545e-27 5.84461e-27 1.25858e-21 7.48528e-17 1.02348e-12 3.21732e-09 2.32516e-06 0.000386323 0.0147573 0.129599 0.261667 0.122253 0.0341154 0.129503 0.181847 0.0659927 0.0303847 0.0216378 0.00591354 0.00157432 0.000321316 4.19765e-05 3.20331e-06 1.19122e-07
 2.14329e-27 2.16841e-27 6.15629e-27 1.36431e-21 8.11406e-17 1.10945e-12 3.48758e-09 2.52048e-06 0.000418775 0.0159969 0.140486 0.283647 0.132378 0.0331632 0.117066 0.164293 0.0594879 0.0269727 0.0191538 0.00523598 0.00138559 0.000274905 3.51181e-05 2.74692e-06 1.05043e-07
 2.14439e-27 2.17109e-27 6.44022e-27 1.46062e-21 8.68686e-17 1.18777e-12 3.73378e-09 2.69841e-06 0.000448337 0.0171262 0.150403 0.303669 0.141603 0.0323024 0.105776 0.148357 0.0535435 0.0237381 0.0168104 0.00466585 0.0012674 0.000252584 3.18987e-05 2.43897e-06 9.3094e-08
 2.14554e-27 2.17391e-27 6.73562e-27 1.56081e-21 9.28275e-17 1.26925e-12 3.9899e-09 2.88352e-06 0.000479092 0.018301 0.16072 0.324499 0.151204 0.0315311 0.0947889 0.132825 0.0474538 0.0195263 0.0136182 0.00378048 0.00103145 0.000209037 2.69757e-05 2.06492e-06 7.76825e-08
#obs surv len freq
 8.70461e-40 4.2603e-33 4.79376e-27 1.2401e-21 7.37535e-17 1.00845e-12 3.17006e-09 2.29101e-06 0.000380654 0.0145405 0.127695 0.257823 0.120405 0.0322284 0.119142 0.167536 0.0648396 0.0425058 0.0331893 0.0124463 0.00527129 0.00159513 0.000350754 4.71391e-05 3.23129e-06
 1.03721e-39 5.07642e-33 5.71207e-27 1.47766e-21 8.78818e-17 1.20163e-12 3.77732e-09 2.72988e-06 0.000453573 0.0173259 0.152156 0.307209 0.143176 0.0306108 0.0943821 0.132518 0.050912 0.0322702 0.0249638 0.00902611 0.00366396 0.00106912 0.000227599 2.98406e-05 1.98858e-06
 9.69514e-40 4.7451e-33 5.33926e-27 1.38122e-21 8.21461e-17 1.1232e-12 3.53079e-09 2.55171e-06 0.00042397 0.0161951 0.142225 0.28716 0.133991 0.0328274 0.113956 0.159908 0.0578603 0.026157 0.0191021 0.00668906 0.00260751 0.000727728 0.000147311 1.85601e-05 1.20018e-06
 1.05133e-39 5.14555e-33 5.78985e-27 1.49778e-21 8.90786e-17 1.21799e-12 3.82876e-09 2.76705e-06 0.00045975 0.0175619 0.154228 0.311393 0.145139 0.0313687 0.0977483 0.137133 0.0508172 0.0266731 0.0195412 0.00565346 0.00173172 0.000451374 8.65005e-05 1.03226e-05 6.37669e-07
 9.84701e-40 4.81943e-33 5.4229e-27 1.40285e-21 8.34329e-17 1.14079e-12 3.5861e-09 2.59168e-06 0.000430611 0.0164488 0.144453 0.291658 0.136071 0.0328561 0.112776 0.158219 0.0569462 0.0247756 0.0176903 0.00547077 0.00175394 0.000381843 5.9067e-05 6.43058e-06 3.74705e-07
 8.14112e-40 3.98452e-33 4.48344e-27 1.15982e-21 6.89791e-17 9.43164e-13 2.96484e-09 2.1427e-06 0.000356013 0.0135992 0.119428 0.241134 0.112786 0.0347944 0.139837 0.196467 0.0718905 0.0349448 0.0251929 0.00705887 0.00199306 0.000444452 6.58863e-05 5.91692e-06 2.94883e-07
 7.93033e-40 3.88135e-33 4.36736e-27 1.12979e-21 6.7193e-17 9.18744e-13 2.88808e-09 2.08722e-06 0.000346795 0.0132471 0.116336 0.234891 0.109855 0.033614 0.134513 0.189217 0.0727815 0.0463084 0.034939 0.0102267 0.003014 0.000618349 8.34487e-05 7.22091e-06 3.19163e-07
 1.32963e-39 6.50761e-33 7.32247e-27 1.89426e-21 1.12658e-16 1.5404e-12 4.84226e-09 3.49951e-06 0.000581449 0.0222106 0.195054 0.393817 0.183099 0.0274587 0.0490363 0.068439 0.0261196 0.0160365 0.012239 0.00410252 0.0014436 0.00031368 4.24255e-05 3.39196e-06 1.38983e-07
 1.1059e-39 5.41263e-33 6.09038e-27 1.57552e-21 9.37023e-17 1.28121e-12 4.02749e-09 2.91068e-06 0.000483613 0.0184734 0.162233 0.327556 0.15266 0.0326537 0.100721 0.140958 0.0471946 0.00944449 0.00518434 0.00167472 0.000590028 0.000145578 2.2927e-05 1.92683e-06 7.65202e-08
 6.37612e-40 3.12067e-33 3.51142e-27 9.08372e-22 5.40243e-17 7.38685e-13 2.32206e-09 1.67816e-06 0.000278829 0.0106509 0.0935361 0.18886 0.0887645 0.0386972 0.179417 0.25205 0.0887274 0.0322952 0.0213728 0.00455597 0.000643693 0.000126114 2.06557e-05 1.97589e-06 8.67589e-08
 1.23223e-39 6.03092e-33 6.78609e-27 1.7555e-21 1.04406e-16 1.42756e-12 4.48756e-09 3.24317e-06 0.000538857 0.0205836 0.180766 0.36497 0.169778 0.0278716 0.0602519 0.0844494 0.0345555 0.0280359 0.0214213 0.0054164 0.00117242 0.000172113 1.33575e-05 9.75063e-07 4.52554e-08
 1.1813e-39 5.78163e-33 6.50558e-27 1.68293e-21 1.0009e-16 1.36855e-12 4.30206e-09 3.10911e-06 0.000516583 0.0197328 0.173293 0.349885 0.162931 0.0312675 0.0855284 0.11959 0.0402841 0.00889192 0.00524149 0.00194659 0.000736116 0.000137549 1.31764e-05 6.80343e-07 1.85227e-08
 8.84925e-40 4.33109e-33 4.87342e-27 1.26071e-21 7.49789e-17 1.0252e-12 3.22273e-09 2.32907e-06 0.000386979 0.0147821 0.129816 0.262108 0.122516 0.0356896 0.13898 0.194936 0.0669561 0.019049 0.011742 0.00253933 0.00039471 8.76596e-05 1.36235e-05 9.28051e-07 2.55646e-08
 9.22367e-40 4.51435e-33 5.07962e-27 1.31405e-21 7.81514e-17 1.06858e-12 3.35909e-09 2.42762e-06 0.000403352 0.0154075 0.135309 0.273196 0.127551 0.0332722 0.120881 0.169761 0.0626763 0.0321497 0.022979 0.00532887 0.000936231 0.000133079 1.13598e-05 8.74776e-07 3.41187e-08
 7.34459e-40 3.59467e-33 4.04478e-27 1.04635e-21 6.22301e-17 8.50885e-13 2.67476e-09 1.93306e-06 0.00032118 0.0122687 0.107743 0.217543 0.101931 0.0361919 0.155478 0.218469 0.0790483 0.0356815 0.0254838 0.00739205 0.00207357 0.000342802 2.80809e-05 1.39594e-06 4.0349e-08
 1.12267e-39 5.4947e-33 6.18272e-27 1.59941e-21 9.5123e-17 1.30064e-12 4.08856e-09 2.95481e-06 0.000490946 0.0187535 0.164693 0.332521 0.154851 0.0298663 0.082209 0.115319 0.0443446 0.0281678 0.0210977 0.00578318 0.00154633 0.000313845 3.75385e-05 2.18669e-06 5.3869e-08
 8.71645e-40 4.2661e-33 4.80028e-27 1.24179e-21 7.38537e-17 1.00982e-12 3.17437e-09 2.29412e-06 0.000381172 0.0145603 0.127868 0.258174 0.120696 0.0356717 0.140056 0.196466 0.0676402 0.0198064 0.012835 0.00414267 0.00138275 0.000279463 3.45454e-05 2.53095e-06 8.16871e-08
 9.5404e-40 4.66937e-33 5.25405e-27 1.35917e-21 8.08351e-17 1.10527e-12 3.47444e-09 2.51098e-06 0.000417203 0.0159366 0.139955 0.282577 0.131871 0.0327955 0.115143 0.161674 0.0598146 0.0310618 0.0222616 0.00522117 0.00101832 0.000215785 3.15094e-05 2.43158e-06 8.75644e-08
 1.01419e-39 4.96377e-33 5.58532e-27 1.44487e-21 8.59317e-17 1.17496e-12 3.6935e-09 2.6693e-06 0.000443508 0.0169414 0.14878 0.300393 0.140102 0.0326481 0.108874 0.152687 0.054584 0.0225752 0.0158405 0.0045939 0.00129193 0.000219657 2.18408e-05 1.68878e-06 6.76918e-08
 8.62922e-40 4.22341e-33 4.75225e-27 1.22936e-21 7.31147e-17 9.99711e-13 3.1426e-09 2.27116e-06 0.000377357 0.0144146 0.126589 0.255591 0.119479 0.0350595 0.137097 0.192441 0.0682251 0.026402 0.0180726 0.00477662 0.00120097 0.000241383 2.9289e-05 1.86338e-06 6.05605e-08
 1.11496e-39 5.45697e-33 6.14027e-27 1.58843e-21 9.44698e-17 1.2917e-12 4.06048e-09 2.93452e-06 0.000487575 0.0186247 0.163562 0.330238 0.153826 0.0306756 0.087837 0.123134 0.045511 0.0235101 0.016983 0.00437279 0.00102291 0.000188249 2.20865e-05 1.60671e-06 5.42513e-08
 8.901e-40 4.35642e-33 4.90192e-27 1.26808e-21 7.54174e-17 1.0312e-12 3.24158e-09 2.34269e-06 0.000389242 0.0148685 0.130576 0.26364 0.123211 0.0353325 0.136338 0.191245 0.0660917 0.0201548 0.0130656 0.00378123 0.00108169 0.0002001 2.16868e-05 1.47281e-06 5.09882e-08
 1.00395e-39 4.91362e-33 5.52889e-27 1.43027e-21 8.50635e-17 1.16309e-12 3.65618e-09 2.64233e-06 0.000439027 0.0167703 0.147277 0.297358 0.138685 0.0322803 0.107543 0.150921 0.0554729 0.0277028 0.0197464 0.00468186 0.000919908 0.000175892 2.21048e-05 1.51225e-06 4.90888e-08
 1.03744e-39 5.07757e-33 5.71336e-27 1.47799e-21 8.79017e-17 1.2019e-12 3.77817e-09 2.73049e-06 0.000453675 0.0173298 0.152191 0.307279 0.143283 0.0325804 0.106385 0.149134 0.0527064 0.0198809 0.0136345 0.00387811 0.00106219 0.000180738 1.74202e-05 1.1936e-06 4.18296e-08
 8.73094e-40 4.27319e-33 4.80826e-27 1.24385e-21 7.39766e-17 1.0115e-12 3.17964e-09 2.29794e-06 0.000381805 0.0145845 0.128081 0.258603 0.120872 0.0350575 0.136178 0.191121 0.0674518 0.0251268 0.016985 0.00432682 0.00100759 0.000196054 2.32713e-05 1.45311e-06 4.40362e-08
 9.24291e-40 4.52376e-33 5.09021e-27 1.31679e-21 7.83144e-17 1.07081e-12 3.36609e-09 2.43268e-06 0.000404194 0.0154397 0.135591 0.273766 0.127812 0.0332057 0.120303 0.168944 0.0623319 0.0318584 0.022943 0.00582454 0.00131416 0.000231379 2.5352e-05 1.77177e-06 5.84053e-08
 9.6899e-40 4.74254e-33 5.33638e-27 1.38047e-21 8.21017e-17 1.12259e-12 3.52888e-09 2.55033e-06 0.000423741 0.0161864 0.142149 0.287005 0.133926 0.033016 0.115155 0.161591 0.0584117 0.0261908 0.0186771 0.00541246 0.00154182 0.000280772 2.92285e-05 1.87503e-06 6.132e-08
 1.12794e-39 5.5205e-33 6.21175e-27 1.60692e-21 9.55697e-17 1.30674e-12 4.10776e-09 2.96868e-06 0.000493251 0.0188416 0.165467 0.334083 0.155618 0.031064 0.0890495 0.124736 0.0446048 0.0184824 0.0128866 0.00351826 0.000936947 0.000191023 2.38751e-05 1.59331e-06 4.93928e-08
 1.12794e-39 5.5205e-33 6.21175e-27 1.60692e-21 9.55697e-17 1.30674e-12 4.10776e-09 2.96868e-06 0.000493251 0.0188416 0.165467 0.334083 0.155618 0.031064 0.0890495 0.124736 0.0446048 0.0184824 0.0128866 0.00351826 0.000936947 0.000191023 2.38751e-05 1.59331e-06 4.93928e-08
#pred catch len freq
 2.13488e-27 2.1458e-27 3.69862e-27 5.30646e-22 3.15594e-17 4.31519e-13 1.35649e-09 9.80336e-07 0.000162881 0.00622196 0.0546416 0.110329 0.0521394 0.0301914 0.151149 0.213319 0.0886978 0.0765359 0.0671291 0.0414179 0.0320178 0.0249128 0.0230693 0.0199358 0.00812816
 2.13575e-27 2.14968e-27 4.1865e-27 6.96235e-22 4.14077e-17 5.66177e-13 1.77978e-09 1.28626e-06 0.000213709 0.00816355 0.0716928 0.144757 0.0682596 0.0356263 0.17396 0.244995 0.0944955 0.0610542 0.0482082 0.0201236 0.011323 0.0068532 0.00501047 0.00377089 0.00149164
 2.13642e-27 2.15165e-27 4.40447e-27 7.70168e-22 4.58048e-17 6.26299e-13 1.96878e-09 1.42284e-06 0.000236403 0.00903043 0.0793057 0.160128 0.0754039 0.0366438 0.175542 0.247094 0.0937291 0.0558439 0.0425081 0.0145449 0.00585686 0.00222509 0.00106532 0.00061802 0.000223609
 2.13661e-27 2.15208e-27 4.4437e-27 7.83436e-22 4.65939e-17 6.37089e-13 2.0027e-09 1.44735e-06 0.000240476 0.00918601 0.080672 0.162886 0.0767096 0.0374513 0.179641 0.252745 0.0940646 0.05064 0.0377103 0.0121387 0.00428405 0.00118341 0.000310531 0.000104878 3.06705e-05
 2.13702e-27 2.15309e-27 4.55038e-27 8.19621e-22 4.8746e-17 6.66514e-13 2.0952e-09 1.5142e-06 0.000251583 0.00961029 0.0843981 0.170409 0.0801765 0.0371583 0.175585 0.24703 0.0921046 0.0500708 0.0371087 0.0113152 0.00366965 0.000908481 0.000169773 2.79625e-05 4.81851e-06
 2.13592e-27 2.15038e-27 4.26211e-27 7.21829e-22 4.29299e-17 5.8699e-13 1.84521e-09 1.33354e-06 0.000221565 0.00846365 0.0743282 0.150079 0.0708178 0.0382357 0.188289 0.264923 0.0982081 0.0516755 0.0381514 0.0117496 0.00380766 0.000886366 0.000144495 1.61136e-05 1.32365e-06
 2.13467e-27 2.14738e-27 3.95285e-27 6.16965e-22 3.66932e-17 5.01714e-13 1.57714e-09 1.13981e-06 0.000189377 0.00723408 0.0635301 0.128278 0.0607468 0.0384479 0.196156 0.276165 0.104273 0.060628 0.045308 0.0136062 0.00427193 0.000992571 0.000156577 1.52005e-05 8.26121e-07
 2.13771e-27 2.15485e-27 4.74551e-27 8.8586e-22 5.26854e-17 7.20379e-13 2.26452e-09 1.63658e-06 0.000271915 0.010387 0.0912188 0.184179 0.0864888 0.0357198 0.162653 0.228933 0.0874947 0.0540368 0.0408508 0.0126073 0.00407494 0.000926472 0.000142044 1.33678e-05 6.4231e-07
 2.14062e-27 2.16183e-27 5.45896e-27 1.12775e-21 6.70716e-17 9.17084e-13 2.88287e-09 2.08346e-06 0.000346163 0.0132232 0.116127 0.234468 0.109734 0.0356228 0.146903 0.206323 0.0739223 0.0311081 0.0221338 0.00704626 0.0023864 0.000559055 8.68381e-05 7.99267e-06 3.6986e-07
 2.13614e-27 2.15076e-27 4.27831e-27 7.27208e-22 4.32498e-17 5.91364e-13 1.85896e-09 1.34348e-06 0.000223216 0.00852672 0.0748821 0.151198 0.0714097 0.0402265 0.200105 0.281241 0.0994109 0.0375348 0.0256494 0.00706952 0.00197275 0.00046585 7.59689e-05 7.17525e-06 3.30644e-07
 2.13651e-27 2.15184e-27 4.41715e-27 7.74425e-22 4.6058e-17 6.2976e-13 1.97966e-09 1.43071e-06 0.00023771 0.00908035 0.0797441 0.161013 0.0758483 0.037579 0.180985 0.254688 0.0954806 0.0534207 0.0390485 0.00999578 0.00234034 0.000464771 6.55843e-05 6.20993e-06 2.9571e-07
 2.14048e-27 2.16147e-27 5.41976e-27 1.11445e-21 6.62806e-17 9.06269e-13 2.84887e-09 2.05889e-06 0.000342081 0.0130673 0.114757 0.231703 0.108462 0.0357703 0.148637 0.208779 0.0749652 0.0320401 0.0226326 0.00656264 0.00188141 0.000354031 4.09461e-05 3.23162e-06 1.4241e-07
 2.13776e-27 2.15472e-27 4.69519e-27 8.68611e-22 5.16596e-17 7.06352e-13 2.22043e-09 1.60471e-06 0.00026662 0.0101847 0.0894426 0.180595 0.0849578 0.039089 0.184301 0.258913 0.09083 0.0320977 0.0215464 0.00584876 0.00155441 0.000326215 4.30472e-05 3.12423e-06 1.14281e-07
 2.13599e-27 2.15048e-27 4.26212e-27 7.21787e-22 4.29274e-17 5.86955e-13 1.8451e-09 1.33346e-06 0.000221552 0.00846315 0.0743238 0.15007 0.0708425 0.0390001 0.192959 0.271411 0.0992801 0.0481208 0.0343089 0.00862945 0.00194215 0.00037371 4.83589e-05 3.85459e-06 1.4553e-07
 2.13539e-27 2.14905e-27 4.11675e-27 6.72498e-22 3.9996e-17 5.46874e-13 1.7191e-09 1.2424e-06 0.000206423 0.00788523 0.0692485 0.139823 0.0661077 0.0390688 0.196467 0.276416 0.101843 0.0516498 0.0374904 0.0104295 0.00279213 0.000510617 5.67098e-05 4.18169e-06 1.6128e-07
 2.13672e-27 2.1523e-27 4.45801e-27 7.88249e-22 4.68801e-17 6.41002e-13 2.015e-09 1.45625e-06 0.000241953 0.00924244 0.0811676 0.163887 0.0771979 0.0381339 0.183506 0.258102 0.0947658 0.0470519 0.0340309 0.00948063 0.00259741 0.000523318 6.46196e-05 4.4814e-06 1.54502e-07
 2.13785e-27 2.15499e-27 4.73135e-27 8.80914e-22 5.23913e-17 7.16357e-13 2.25188e-09 1.62744e-06 0.000270396 0.010329 0.0907095 0.183152 0.0861098 0.0382782 0.178581 0.25097 0.0896632 0.0368903 0.0256928 0.00704004 0.00187962 0.00038009 4.93074e-05 3.749e-06 1.33734e-07
 2.13667e-27 2.15208e-27 4.42102e-27 7.75635e-22 4.61299e-17 6.30744e-13 1.98275e-09 1.43294e-06 0.000238081 0.00909453 0.0798687 0.161265 0.0760361 0.0394795 0.192511 0.270591 0.0964073 0.0388126 0.0267501 0.00691926 0.00165627 0.000323623 4.13693e-05 3.21611e-06 1.22139e-07
 2.13761e-27 2.15442e-27 4.67512e-27 8.61859e-22 5.1258e-17 7.00862e-13 2.20317e-09 1.59224e-06 0.000264548 0.0101055 0.0887474 0.17919 0.0842715 0.0380966 0.178666 0.251168 0.0908107 0.0407404 0.0286634 0.00727894 0.00165568 0.000301646 3.50725e-05 2.61729e-06 9.94879e-08
 2.13658e-27 2.15187e-27 4.40234e-27 7.69315e-22 4.5754e-17 6.25605e-13 1.9666e-09 1.42127e-06 0.000236141 0.00902043 0.0792179 0.159951 0.075419 0.039224 0.191347 0.269002 0.096545 0.0411038 0.0287893 0.00776243 0.00197692 0.000360697 3.95574e-05 2.71373e-06 9.60709e-08
 2.13703e-27 2.15303e-27 4.52969e-27 8.12535e-22 4.83245e-17 6.60751e-13 2.07708e-09 1.50111e-06 0.000249408 0.0095272 0.0836684 0.168936 0.0795418 0.0383928 0.183565 0.258106 0.0937067 0.0432535 0.0306773 0.0080106 0.00194402 0.000372196 4.42209e-05 3.0172e-06 1.00038e-07
 2.13749e-27 2.15413e-27 4.64485e-27 8.51592e-22 5.06474e-17 6.92513e-13 2.17692e-09 1.57327e-06 0.000261396 0.00998516 0.0876902 0.177056 0.0832878 0.0381804 0.179821 0.25279 0.0912952 0.0406555 0.0287463 0.00779027 0.00201225 0.00037927 4.42754e-05 3.16806e-06 1.09413e-07
 2.13654e-27 2.15182e-27 4.40227e-27 7.69318e-22 4.57542e-17 6.25607e-13 1.9666e-09 1.42127e-06 0.000236142 0.00902046 0.0792182 0.159952 0.0754021 0.0387659 0.188551 0.265139 0.0962502 0.0444088 0.0316352 0.00863669 0.00227752 0.000447025 5.4534e-05 3.89415e-06 1.35874e-07
 2.13769e-27 2.15467e-27 4.70483e-27 8.71957e-22 5.18586e-17 7.09074e-13 2.22898e-09 1.61089e-06 0.000267647 0.0102239 0.0897872 0.18129 0.0852259 0.0376656 0.175402 0.246616 0.0898497 0.0424591 0.0303571 0.00822839 0.00214508 0.000423537 5.30556e-05 3.94529e-06 1.41219e-07
 2.13679e-27 2.15242e-27 4.46499e-27 7.90586e-22 4.70191e-17 6.42903e-13 2.02097e-09 1.46056e-06 0.00024267 0.00926984 0.0814083 0.164373 0.0774419 0.038649 0.186504 0.262232 0.0949146 0.0429299 0.0305553 0.00857567 0.00236805 0.000470168 5.87687e-05 4.43377e-06 1.63717e-07
 2.1359e-27 2.15027e-27 4.24085e-27 7.14575e-22 4.24984e-17 5.8109e-13 1.82667e-09 1.32014e-06 0.000219339 0.00837859 0.0735812 0.148571 0.0701499 0.0390152 0.193503 0.272174 0.0994767 0.0479859 0.034459 0.0094066 0.00249802 0.00050928 6.64689e-05 5.07016e-06 1.88506e-07
 2.13668e-27 2.15219e-27 4.44371e-27 7.83385e-22 4.65909e-17 6.37047e-13 2.00257e-09 1.44726e-06 0.00024046 0.00918541 0.0806668 0.162876 0.0767407 0.0384071 0.185479 0.260847 0.0952507 0.045682 0.0327742 0.00895182 0.00236419 0.000468604 5.98054e-05 4.67583e-06 1.78769e-07
 2.1376e-27 2.15443e-27 4.67956e-27 8.63384e-22 5.13487e-17 7.02102e-13 2.20707e-09 1.59505e-06 0.000265016 0.0101234 0.0889044 0.179507 0.0844047 0.0377415 0.176403 0.248025 0.0903204 0.0425556 0.0304822 0.00845465 0.00229259 0.000456481 5.75953e-05 4.40175e-06 1.67978e-07
 2.13614e-27 2.15086e-27 4.30494e-27 7.36322e-22 4.37918e-17 5.98775e-13 1.88226e-09 1.36031e-06 0.000226014 0.00863358 0.0758206 0.153092 0.0722288 0.0387151 0.190308 0.267681 0.0980243 0.0478765 0.0345292 0.00961945 0.0026361 0.000534434 6.89282e-05 5.27452e-06 1.98392e-07
#obs catch len freq
 4.09729e-40 2.00534e-33 2.25644e-27 5.83719e-22 3.4716e-17 4.74678e-13 1.49216e-09 1.07838e-06 0.000179175 0.00684425 0.0601063 0.121365 0.057455 0.0358895 0.182618 0.25747 0.102763 0.0764918 0.0609071 0.0236125 0.0103135 0.00316843 0.000710519 9.81511e-05 6.96815e-06
 4.23325e-40 2.07188e-33 2.33132e-27 6.03089e-22 3.5868e-17 4.9043e-13 1.54167e-09 1.11417e-06 0.000185121 0.00707137 0.0621008 0.125392 0.059333 0.0363218 0.184044 0.259392 0.102288 0.0725973 0.0572349 0.0214912 0.00910567 0.00275067 0.000603596 8.09848e-05 5.54442e-06
 5.75061e-40 2.81453e-33 3.16695e-27 8.1926e-22 4.87245e-17 6.6622e-13 2.09427e-09 1.51353e-06 0.000251475 0.00960603 0.0843602 0.170333 0.0800666 0.0351671 0.16345 0.230213 0.0899747 0.0615246 0.0480504 0.0173887 0.00705918 0.00205608 0.000436756 5.71661e-05 3.80474e-06
 5.21275e-40 2.55128e-33 2.87074e-27 7.42634e-22 4.41672e-17 6.03907e-13 1.89839e-09 1.37197e-06 0.000227954 0.00870756 0.0764698 0.154403 0.0728226 0.0383784 0.187855 0.264218 0.0966516 0.0469624 0.034755 0.0121767 0.0047452 0.00132182 0.000266958 3.35752e-05 2.16828e-06
 6.01196e-40 2.94244e-33 3.31088e-27 8.56493e-22 5.09389e-17 6.96497e-13 2.18944e-09 1.58232e-06 0.000262904 0.0100426 0.088194 0.178074 0.0837015 0.0366617 0.170242 0.239532 0.0899007 0.0506451 0.0375114 0.0108559 0.00332401 0.000864764 0.000165338 1.96953e-05 1.21503e-06
 5.4555e-40 2.67009e-33 3.00443e-27 7.77217e-22 4.6224e-17 6.3203e-13 1.98679e-09 1.43586e-06 0.00023857 0.00911306 0.0800309 0.161593 0.0761518 0.0385173 0.186537 0.262308 0.0953107 0.0442877 0.0320254 0.009904 0.00317297 0.000689598 0.000106386 1.15589e-05 6.72583e-07
 4.08079e-40 1.99727e-33 2.24736e-27 5.8137e-22 3.45762e-17 4.72768e-13 1.48615e-09 1.07404e-06 0.000178454 0.0068167 0.0598643 0.120878 0.057374 0.0397373 0.206256 0.290257 0.107303 0.0555244 0.0404544 0.0113322 0.00319577 0.000711322 0.000105195 9.42887e-06 4.69139e-07
 3.95081e-40 1.93365e-33 2.17577e-27 5.62852e-22 3.34749e-17 4.57709e-13 1.43881e-09 1.03983e-06 0.00017277 0.00659958 0.0579575 0.117027 0.055516 0.0376612 0.194743 0.274415 0.106964 0.0721926 0.0548664 0.0160504 0.0047238 0.000967417 0.000130212 1.12455e-05 4.96314e-07
 9.82975e-40 4.81098e-33 5.41339e-27 1.40039e-21 8.32866e-17 1.13879e-12 3.57981e-09 2.58714e-06 0.000429856 0.01642 0.1442 0.291147 0.135773 0.0312143 0.102907 0.144583 0.0558387 0.036228 0.0278443 0.00932342 0.00327518 0.000710328 9.5829e-05 7.64705e-06 3.12843e-07
 6.93063e-40 3.39206e-33 3.81681e-27 9.87371e-22 5.87227e-17 8.02926e-13 2.52401e-09 1.82411e-06 0.000303078 0.0115772 0.101671 0.205284 0.0963828 0.0393703 0.178576 0.250568 0.084122 0.0176006 0.00990008 0.00319623 0.00112379 0.000276662 4.34681e-05 3.64694e-06 1.44623e-07
 3.02644e-40 1.48123e-33 1.66671e-27 4.31161e-22 2.56428e-17 3.50619e-13 1.10217e-09 7.96543e-07 0.000132347 0.00505547 0.0443972 0.0896509 0.0430742 0.0433857 0.23794 0.334584 0.118475 0.0453394 0.0303701 0.00647246 0.000912008 0.000178129 2.90956e-05 2.77824e-06 1.21832e-07
 8.56925e-40 4.19405e-33 4.71921e-27 1.22082e-21 7.26065e-17 9.92763e-13 3.12076e-09 2.25538e-06 0.000374734 0.0143144 0.125709 0.253813 0.118514 0.0312401 0.114318 0.161038 0.0667957 0.0566702 0.0434811 0.0109819 0.00237067 0.000347526 2.68876e-05 1.95633e-06 9.06527e-08
 7.97182e-40 3.90165e-33 4.3902e-27 1.1357e-21 6.75446e-17 9.2355e-13 2.90319e-09 2.09814e-06 0.000348609 0.0133164 0.116945 0.236121 0.110565 0.037401 0.15726 0.220594 0.0745079 0.0171152 0.0102795 0.00381122 0.00143811 0.000268307 2.56386e-05 1.32133e-06 3.58978e-08
 4.88194e-40 2.38937e-33 2.68856e-27 6.95506e-22 4.13643e-17 5.65582e-13 1.77791e-09 1.2849e-06 0.000213488 0.00815497 0.071617 0.144607 0.0684198 0.0417489 0.211384 0.296951 0.102409 0.0304876 0.0190778 0.00412472 0.000639078 0.000141473 2.19408e-05 1.49267e-06 4.10646e-08
 5.17756e-40 2.53406e-33 2.85136e-27 7.3762e-22 4.3869e-17 5.9983e-13 1.88557e-09 1.36271e-06 0.000226415 0.00864878 0.0759536 0.153361 0.0723365 0.038267 0.187491 0.263822 0.098234 0.0529181 0.038119 0.00883394 0.00154804 0.00021968 1.8691e-05 1.43529e-06 5.59156e-08
 3.71664e-40 1.81904e-33 2.04681e-27 5.2949e-22 3.14907e-17 4.30579e-13 1.35353e-09 9.78198e-07 0.000162529 0.0062084 0.0545222 0.110092 0.0524284 0.0408202 0.216118 0.304057 0.110798 0.0524485 0.0377864 0.0109457 0.00306284 0.000505626 4.13151e-05 2.0492e-06 5.91049e-08
 7.19702e-40 3.52244e-33 3.96351e-27 1.02532e-21 6.09798e-17 8.33788e-13 2.62102e-09 1.89422e-06 0.000314727 0.0120222 0.105579 0.213172 0.0998369 0.0342296 0.144817 0.203833 0.0792192 0.0527707 0.0397567 0.0108841 0.00290216 0.000587764 7.01342e-05 4.07937e-06 1.00349e-07
 4.77583e-40 2.33744e-33 2.63012e-27 6.80388e-22 4.04652e-17 5.53288e-13 1.73927e-09 1.25697e-06 0.000208848 0.00797771 0.0700603 0.141464 0.0669594 0.0415539 0.211141 0.29663 0.10255 0.0314198 0.0206542 0.00665691 0.00221661 0.000447125 5.51168e-05 4.03055e-06 1.29927e-07
 5.50428e-40 2.69396e-33 3.03129e-27 7.84166e-22 4.66373e-17 6.37681e-13 2.00455e-09 1.4487e-06 0.000240703 0.00919454 0.0807465 0.163037 0.0767912 0.0377609 0.181485 0.255357 0.0952521 0.0518271 0.0374163 0.00876821 0.00170449 0.000360167 5.24596e-05 4.04123e-06 1.45316e-07
 6.05185e-40 2.96196e-33 3.33284e-27 8.62175e-22 5.12768e-17 7.01118e-13 2.20397e-09 1.59281e-06 0.000264648 0.0101092 0.0887792 0.179255 0.084304 0.0381594 0.179029 0.25165 0.090549 0.0392985 0.027847 0.00806567 0.00226285 0.000384133 3.80754e-05 2.93671e-06 1.17549e-07
 4.69321e-40 2.297e-33 2.58462e-27 6.68617e-22 3.97652e-17 5.43717e-13 1.70918e-09 1.23523e-06 0.000205235 0.0078397 0.0688483 0.139016 0.0657881 0.04049 0.205384 0.288749 0.102982 0.041798 0.0289158 0.00763463 0.00191414 0.00038388 4.64654e-05 2.95091e-06 9.57278e-08
 7.1396e-40 3.49434e-33 3.93189e-27 1.01714e-21 6.04933e-17 8.27136e-13 2.60011e-09 1.8791e-06 0.000312216 0.0119262 0.104736 0.211472 0.0991033 0.03563 0.153878 0.216383 0.0806374 0.0436674 0.0317781 0.00817328 0.00190642 0.000350101 4.09575e-05 2.97357e-06 1.00267e-07
 4.93557e-40 2.41562e-33 2.7181e-27 7.03146e-22 4.18187e-17 5.71796e-13 1.79744e-09 1.29902e-06 0.000215833 0.00824456 0.0724037 0.146195 0.0691344 0.0412223 0.20769 0.291797 0.101282 0.0323212 0.0212402 0.00613959 0.00175182 0.000323474 3.49605e-05 2.36923e-06 8.18914e-08
 5.98645e-40 2.92995e-33 3.29683e-27 8.52859e-22 5.07227e-17 6.93542e-13 2.18015e-09 1.5756e-06 0.000261789 0.00999998 0.0878199 0.177318 0.0833793 0.03738 0.174855 0.245952 0.0911078 0.0476564 0.0342281 0.00810841 0.00158809 0.000302881 3.79641e-05 2.59255e-06 8.40235e-08
 6.29665e-40 3.08177e-33 3.46766e-27 8.97051e-22 5.3351e-17 7.29478e-13 2.29312e-09 1.65724e-06 0.000275353 0.0105181 0.0923703 0.186506 0.0876607 0.0382816 0.177589 0.24954 0.0887016 0.0350824 0.0243218 0.00690953 0.00188777 0.000320706 3.08198e-05 2.1067e-06 7.37214e-08
 4.77382e-40 2.33645e-33 2.62902e-27 6.80101e-22 4.04482e-17 5.53056e-13 1.73854e-09 1.25644e-06 0.00020876 0.00797436 0.0700308 0.141404 0.0668962 0.0406055 0.205369 0.288692 0.102473 0.0400396 0.0273685 0.00696573 0.00161755 0.000314044 3.71845e-05 2.31784e-06 7.01214e-08
 5.19662e-40 2.54338e-33 2.86186e-27 7.40335e-22 4.40305e-17 6.02038e-13 1.89251e-09 1.36772e-06 0.000227249 0.00868061 0.0762331 0.153925 0.0725941 0.0381761 0.186766 0.262795 0.0977783 0.0524769 0.0380861 0.0096597 0.00217364 0.000381952 4.17304e-05 2.91041e-06 9.5809e-08
 5.62513e-40 2.75311e-33 3.09785e-27 8.01383e-22 4.76613e-17 6.51682e-13 2.04857e-09 1.4805e-06 0.000245988 0.00939642 0.0825193 0.166617 0.0784663 0.0383003 0.183698 0.258315 0.0940378 0.0442288 0.0318199 0.00920873 0.00261657 0.000475647 4.93798e-05 3.1611e-06 1.0321e-07
 5.50007e-40 2.6919e-33 3.02897e-27 7.83567e-22 4.66017e-17 6.37194e-13 2.00302e-09 1.44759e-06 0.000240519 0.00918752 0.0806848 0.162913 0.0767536 0.0382898 0.18475 0.259839 0.0951505 0.0464634 0.0334638 0.00920637 0.00248085 0.000506977 6.33819e-05 4.2283e-06 1.3099e-07
#spawning biomass
 5339.57 3109.9 3143.05 3584.88 4383.21 5704.81 6248.2 5332.19 6549.24 13218.7 14599.7 13047.2 23517.1 32462.8 29500 22169.2 18950.3 20920.1 19506.3 21879.7 20633.8 21071.7 25700.3 24900.9 31193.8 33266 27188.2 27568.9 33091.7 81967.4 116359 105947 69000.8 44895.1 32673.7 26959.1 24401.1 23287.3 22811.2 22610.2 22526 22491 22476.5 22470.5 22468 22467 22466.6 22466.4 22466.3 22466.3 22466.3 22466.3 22466.3 22466.3 22466.3 22466.3 22466.3 22466.3 22466.3 22466.3 22466.3 22466.3 22466.3 22466.3 22466.3 22466.3 22466.3 22466.3 22466.3 22466.3 22466.3 22466.3 22466.3 22466.3 22466.3 22466.3 22466.3 22466.3 22466.3 22466.3 22466.3 22466.3 22466.3 22466.3 22466.3 22466.3 22466.3 22466.3 22466.3 22466.3 22466.3 22466.3 22466.3 22466.3 22466.3 22466.3 22466.3 22466.3 22466.3 22466.3 22466.3 22466.3 22466.3 22466.3 22466.3 22466.3 22466.3 22466.3 22466.3 22466.3 22466.3 22466.3 22466.3 22466.3 22466.3 22466.3 22466.3 22466.3 22466.3 22466.3 22466.3 22466.3 22466.3 22466.3 22466.3 22466.3 22466.3 22466.3 22466.3 0 0 0 0 0 0 0 0 0 0 0 0 0 0 0 0 0 0 0 0 0 0 0 0 0
