SBPRF35
0.224663
Curr Bio
47564
B35
187074
F35
0.34003
FOFL
0.0807301
OFL
10034
Bzero
64189.3
#pred survey bio
 7088.67 7355.56 8148.19 7490.84 8913.89 13663.2 14360.6 15947.5 27129 44324.5 64131.5 80244.2 109388 131665 141509 128799 113608 110797 116698 116744 121770 128999 139759 147103 158927 175945 159492 161692 5.91994e+06 4.26505e+06 3.4557e+06 2.50591e+06 1.80417e+06 1.36173e+06 1.10347e+06 958524 878548 834511 810055 796252 788296 783600 780759 778997 777891 777185 776727 776426 776228 776096 776008 775949 775909 775882 775864 775852 775844 775838 775834 775832 775830 775829 775828 775828 775827 775827 775827 775827 775827 775827 775827 775827 775827 775827 775827 775827 775827 775827 775827 775827 775827 775827 775827 775827 775827 775827 775827 775827 775827 775827 775827 775827 775827 775827 775827 775827 775827 775827 775827 775827 775827 775827 775827 775827 775827 775827 775827 775827 775827 775827 775827 775827 775827 775827 775827 775827 775827 775827 775827 775827 775827 775827 775827 775827 775827 775827 775827 775827 0 0 0 0 0 0 0 0 0 0 0 0 0 0 0 0 0 0 0 0 0 0 0 0 0
#obs survey bio
 6538.13 10106.2 6766.08 9909.44 15035 13100 17166.6 18398.5 30141.8 44109.9 73157.6 76199.6 149127 112156 84941.2 72612.9 113221 98080.8 142746 142544 146269 121873 147054 174527 138895 190358 113564 181196
#pred catch bio
 4567.33 5108.5 6215.83 5708.96 5904.25 10297.1 11047.3 11048.9 18922.4 31244.7 47405.4 57503.3 82120.3 97289.1 106969 100406 87983.7 83666.4 87943.8 85237.6 86802.7 90372.2 100504 106285 111776 131434 113906 111402 10034 48847.9 38198.4 26877.6 18833.1 13934.2 11191.8 9732.96 8981.65 8602.91 8414.69 8322.06 8276.78 8254.74 8244.04 8238.86 8236.36 8235.16 8234.58 8234.3 8234.16 8234.1 8234.07 8234.05 8234.04 8234.04 8234.04 8234.04 8234.04 8234.04 8234.04 8234.04 8234.04 8234.04 8234.04 8234.04 8234.04 8234.04 8234.04 8234.04 8234.04 8234.04 8234.04 8234.04 8234.04 8234.04 8234.04 8234.04 8234.04 8234.04 8234.04 8234.04 8234.04 8234.04 8234.04 8234.04 8234.04 8234.04 8234.04 8234.04 8234.04 8234.04 8234.04 8234.04 8234.04 8234.04 8234.04 8234.04 8234.04 8234.04 8234.04 8234.04 8234.04 8234.04 8234.04 8234.04 8234.04 8234.04 8234.04 8234.04 8234.04 8234.04 8234.04 8234.04 8234.04 8234.04 8234.04 8234.04 8234.04 8234.04 8234.04 8234.04 8234.04 8234.04 8234.04 8234.04 8234.04 8234.04 8234.04 8234.04 0 0 0 0 0 0 0 0 0 0 0 0 0 0 0 0 0 0 0 0 0 0 0 0 0
#obs catch bio
 5304.69 5079.41 6273.38 5634.77 5718.11 10229.6 10889.7 10708.8 18247.7 30868.9 46345.4 56264.1 80787.5 99022.3 109392 101263 90378.1 85616 87943.7 84626.9 84211.9 87862.5 99291.9 105283 111646 132892 115906 111446
#pred cpue bio
 6677.12 6651.79 7417.38 6794.5 7932.38 12275.7 12987.7 14258.1 24013.1 39423.4 57397.1 71915.3 97846.3 118031 128378 117426 102812 99895.7 105306 105835 110501 117389 127179 133523 143948 159993 145657 147261 5.41919e+06 4.30226e+06 3.447e+06 2.48796e+06 1.7853e+06 1.34278e+06 1.08451e+06 939571 859595 815558 791102 777299 769343 764647 761806 760044 758938 758232 757774 757474 757275 757143 757055 756996 756956 756929 756911 756899 756891 756885 756882 756879 756877 756876 756875 756875 756874 756874 756874 756874 756874 756874 756874 756874 756874 756874 756874 756874 756874 756874 756874 756874 756874 756874 756874 756874 756874 756874 756874 756874 756874 756874 756874 756874 756874 756874 756874 756874 756874 756874 756874 756874 756874 756874 756874 756874 756874 756874 756874 756874 756874 756874 756874 756874 756874 756874 756874 756874 756874 756874 756874 756874 756874 756874 756874 756874 756874 756874 756874 756874 0 0 0 0 0 0 0 0 0 0 0 0 0 0 0 0 0 0 0 0 0 0 0 0 0
#obs cpue bio
 8503.7 6017.55 6987.5 7344.38 8525.65 12065 14427.4 22122.2 40075.6 39049.1 80454.4 103152 91322.8 84381.9 151441 205607 59109.9 79464.7 99995.3 100145 174477 186590 131437 128955 155043 122404 143159 147189
#pred surv len freq
 2.14604e-27 2.1736e-27 6.63063e-27 1.52508e-21 9.07025e-17 1.2402e-12 3.89857e-09 2.81751e-06 0.000468125 0.017882 0.157041 0.317069 0.147578 0.0264343 0.0659062 0.0925023 0.0376707 0.0303909 0.0270749 0.018363 0.0155224 0.0135016 0.0140184 0.0130736 0.00550038
 2.14875e-27 2.18156e-27 7.53736e-27 1.83277e-21 1.09002e-16 1.49041e-12 4.68512e-09 3.38595e-06 0.000562571 0.0214898 0.188725 0.381038 0.177203 0.0278007 0.0549739 0.0767511 0.0281153 0.0138447 0.0109754 0.00590038 0.00411516 0.00292972 0.00253128 0.00214776 0.000893249
 2.1477e-27 2.17916e-27 7.28791e-27 1.74815e-21 1.03969e-16 1.42159e-12 4.46879e-09 3.22961e-06 0.000536595 0.0204976 0.180011 0.363445 0.169143 0.0297487 0.0721692 0.100889 0.0354148 0.0126122 0.00878682 0.00326052 0.00158575 0.00083222 0.000536049 0.000379115 0.000149401
 2.14798e-27 2.1799e-27 7.37117e-27 1.77641e-21 1.0565e-16 1.44457e-12 4.54104e-09 3.28182e-06 0.00054527 0.0208289 0.182921 0.36932 0.171843 0.0293177 0.0677679 0.094732 0.0339111 0.0141729 0.010009 0.00304007 0.00103195 0.000336191 0.000131078 6.57647e-05 2.28224e-05
 2.1496e-27 2.18388e-27 7.79274e-27 1.91941e-21 1.14155e-16 1.56086e-12 4.9066e-09 3.54601e-06 0.000589165 0.0225057 0.197646 0.39905 0.185537 0.0279874 0.050686 0.070632 0.0250976 0.00990924 0.00698416 0.00230289 0.000813735 0.000199448 4.18668e-05 1.0867e-05 2.78975e-06
 2.14879e-27 2.18187e-27 7.57713e-27 1.84626e-21 1.09804e-16 1.50138e-12 4.71959e-09 3.41086e-06 0.00056671 0.0216479 0.190113 0.383842 0.178543 0.0289653 0.0612398 0.0854687 0.0298019 0.00996085 0.00670916 0.00215154 0.000753371 0.000193677 3.44172e-05 4.44017e-06 5.71923e-07
 2.14821e-27 2.18046e-27 7.42799e-27 1.79567e-21 1.06795e-16 1.46024e-12 4.59027e-09 3.3174e-06 0.000551182 0.0210548 0.184904 0.373325 0.173697 0.029408 0.0671121 0.0937623 0.0329563 0.0118572 0.00805956 0.00236173 0.000730019 0.000181239 3.20749e-05 3.49778e-06 2.29981e-07
 2.14921e-27 2.18293e-27 7.69073e-27 1.88481e-21 1.12097e-16 1.53272e-12 4.81813e-09 3.48208e-06 0.000578542 0.0220999 0.194083 0.391856 0.182226 0.0283904 0.0553148 0.0771513 0.0273353 0.010536 0.00731271 0.00222066 0.000703921 0.000159902 2.5492e-05 2.6471e-06 1.44563e-07
 2.15e-27 2.18485e-27 7.89367e-27 1.95364e-21 1.16191e-16 1.5887e-12 4.9941e-09 3.60925e-06 0.000599671 0.022907 0.201171 0.406166 0.18882 0.0277952 0.0473682 0.0659308 0.0231088 0.00811062 0.00552604 0.00174491 0.000586527 0.000137772 2.15464e-05 2.03747e-06 1.01514e-07
 2.14961e-27 2.18388e-27 7.78825e-27 1.91787e-21 1.14063e-16 1.55961e-12 4.90266e-09 3.54316e-06 0.000588692 0.0224876 0.197487 0.39873 0.185402 0.0283337 0.0528969 0.073695 0.0254609 0.00774476 0.0050353 0.00151259 0.000482681 0.000117378 1.93578e-05 1.84552e-06 8.68659e-08
 2.14911e-27 2.18265e-27 7.65877e-27 1.87395e-21 1.11451e-16 1.5239e-12 4.79039e-09 3.46203e-06 0.00057521 0.0219726 0.192965 0.389599 0.181196 0.0287196 0.0580047 0.0809079 0.0281882 0.00933805 0.00617921 0.00172903 0.000490306 0.00011209 1.80577e-05 1.78418e-06 8.6157e-08
 2.149e-27 2.18239e-27 7.63223e-27 1.86495e-21 1.10916e-16 1.51658e-12 4.76738e-09 3.4454e-06 0.000572447 0.0218671 0.192038 0.387728 0.180331 0.0287449 0.058723 0.0819307 0.0286897 0.00997611 0.00671839 0.00195556 0.000578569 0.000123309 1.77979e-05 1.66784e-06 8.08134e-08
 2.14916e-27 2.1828e-27 7.67644e-27 1.87995e-21 1.11808e-16 1.52878e-12 4.80573e-09 3.47311e-06 0.000577053 0.022043 0.193583 0.390847 0.181766 0.0285345 0.0564984 0.0788039 0.0277064 0.0099953 0.00681462 0.00203568 0.000630291 0.00013972 2.0203e-05 1.74363e-06 7.80439e-08
 2.14898e-27 2.18233e-27 7.62527e-27 1.86259e-21 1.10775e-16 1.51466e-12 4.76134e-09 3.44103e-06 0.000571723 0.0218394 0.191795 0.387237 0.180107 0.0288029 0.0592251 0.0826307 0.0288294 0.00968777 0.00649561 0.00197555 0.00063105 0.000144667 2.192e-05 1.93297e-06 8.33086e-08
 2.14793e-27 2.17976e-27 7.35316e-27 1.77028e-21 1.05286e-16 1.43959e-12 4.52538e-09 3.2705e-06 0.000543389 0.0207571 0.18229 0.368047 0.171268 0.0296933 0.0704446 0.098455 0.0345513 0.0122563 0.00830356 0.00243817 0.000745349 0.000173347 2.72475e-05 2.50539e-06 1.11419e-07
 2.14748e-27 2.17868e-27 7.24139e-27 1.73238e-21 1.03031e-16 1.40877e-12 4.42849e-09 3.20048e-06 0.000531756 0.0203127 0.178387 0.360168 0.16763 0.0298054 0.0735036 0.102813 0.0367156 0.0150668 0.0105967 0.00319709 0.00100464 0.000226982 3.47959e-05 3.267e-06 1.50906e-07
 2.14818e-27 2.1804e-27 7.42524e-27 1.79475e-21 1.06741e-16 1.45949e-12 4.58793e-09 3.31571e-06 0.0005509 0.021044 0.18481 0.373134 0.173599 0.02913 0.0654721 0.0914947 0.0327473 0.0136788 0.00974682 0.00317948 0.00110685 0.000259445 4.01501e-05 3.6911e-06 1.70254e-07
 2.1485e-27 2.18118e-27 7.50535e-27 1.82192e-21 1.08357e-16 1.48158e-12 4.65738e-09 3.3659e-06 0.00055924 0.0213626 0.187607 0.378782 0.176206 0.0290336 0.0631815 0.0882345 0.03117 0.0117266 0.00817186 0.0026963 0.000971264 0.000247316 4.18145e-05 3.97082e-06 1.82696e-07
 2.14842e-27 2.18098e-27 7.48352e-27 1.81451e-21 1.07916e-16 1.47556e-12 4.63844e-09 3.35221e-06 0.000556965 0.0212757 0.186844 0.377242 0.175498 0.0291476 0.0643417 0.0898661 0.0316973 0.0117633 0.00811397 0.00252949 0.000855649 0.000220704 3.96096e-05 4.09728e-06 1.9997e-07
 2.14801e-27 2.17996e-27 7.37572e-27 1.77795e-21 1.05741e-16 1.44582e-12 4.54496e-09 3.28466e-06 0.000545741 0.0208469 0.183079 0.36964 0.171997 0.0294925 0.0687383 0.0960684 0.0339575 0.0128333 0.00888336 0.00274633 0.000905296 0.000220645 3.816e-05 4.08352e-06 2.13676e-07
 2.14792e-27 2.17977e-27 7.35787e-27 1.7719e-21 1.05382e-16 1.44091e-12 4.52951e-09 3.27349e-06 0.000543885 0.0207761 0.182456 0.368383 0.171412 0.0293853 0.0684631 0.0957089 0.034216 0.0141625 0.0100188 0.00313094 0.00104297 0.000250786 4.15876e-05 4.25522e-06 2.23151e-07
 2.14767e-27 2.17915e-27 7.29251e-27 1.74973e-21 1.04063e-16 1.42288e-12 4.47284e-09 3.23253e-06 0.000537081 0.0205161 0.180174 0.363774 0.169287 0.0295451 0.0708274 0.0990494 0.035496 0.0149686 0.0106967 0.00351732 0.00124698 0.000305037 5.06038e-05 5.03355e-06 2.53565e-07
 2.14768e-27 2.17918e-27 7.29709e-27 1.75129e-21 1.04156e-16 1.42415e-12 4.47682e-09 3.23541e-06 0.000537559 0.0205344 0.180334 0.364098 0.169432 0.0294239 0.0699903 0.097886 0.0353099 0.0156182 0.011285 0.00375706 0.00136867 0.000353288 6.17268e-05 6.21977e-06 3.08721e-07
 2.14791e-27 2.17976e-27 7.35767e-27 1.77184e-21 1.05378e-16 1.44086e-12 4.52935e-09 3.27338e-06 0.000543866 0.0207753 0.18245 0.36837 0.171402 0.0292746 0.067791 0.0947742 0.0340481 0.0146277 0.0105445 0.00360723 0.00135736 0.00035823 6.53324e-05 6.94342e-06 3.5534e-07
 2.1481e-27 2.18022e-27 7.40576e-27 1.78815e-21 1.06348e-16 1.45412e-12 4.57104e-09 3.3035e-06 0.000548872 0.0209665 0.184129 0.37176 0.172966 0.0291926 0.0662688 0.0926156 0.0331117 0.0137178 0.00979232 0.00329496 0.00122847 0.000333039 6.28956e-05 6.94163e-06 3.72253e-07
 2.14774e-27 2.17931e-27 7.30953e-27 1.7555e-21 1.04406e-16 1.42757e-12 4.48759e-09 3.24319e-06 0.000538852 0.0205838 0.180768 0.364974 0.169841 0.0295267 0.0703538 0.0983743 0.0351555 0.0145145 0.010327 0.00340401 0.00123547 0.000329942 6.26823e-05 7.14027e-06 3.97553e-07
 2.14732e-27 2.1783e-27 7.20238e-27 1.71916e-21 1.02245e-16 1.39802e-12 4.39468e-09 3.17605e-06 0.000527696 0.0201576 0.177025 0.357418 0.166361 0.0298636 0.0746877 0.104489 0.0373898 0.015592 0.0111125 0.00364896 0.00131098 0.000342093 6.34032e-05 7.19437e-06 4.08701e-07
 2.1476e-27 2.179e-27 7.27922e-27 1.74523e-21 1.03796e-16 1.41922e-12 4.46134e-09 3.22422e-06 0.0005357 0.0204634 0.17971 0.362839 0.168849 0.0294005 0.0702269 0.0982343 0.0356336 0.0163805 0.0119136 0.00394 0.0014244 0.000369556 6.72774e-05 7.45209e-06 4.1847e-07
#obs surv len freq
 1.23827e-39 6.06049e-33 6.81936e-27 1.7641e-21 1.04918e-16 1.43456e-12 4.50956e-09 3.25907e-06 0.000541498 0.0206846 0.181652 0.36676 0.170655 0.0292044 0.0678482 0.0948772 0.0343834 0.0157124 0.0114987 0.00403126 0.00158582 0.000455146 9.47496e-05 1.21666e-05 8.03077e-07
 1.31627e-39 6.44223e-33 7.2489e-27 1.87522e-21 1.11527e-16 1.52492e-12 4.79361e-09 3.46435e-06 0.000575607 0.0219874 0.193094 0.389861 0.181299 0.0282329 0.054955 0.0766796 0.0276358 0.0121532 0.00882434 0.00308176 0.00120142 0.000338048 6.87032e-05 8.58183e-06 5.47157e-07
 1.15436e-39 5.64981e-33 6.35726e-27 1.64456e-21 9.78083e-17 1.33735e-12 4.20398e-09 3.03822e-06 0.000504805 0.0192829 0.169342 0.341908 0.159229 0.0308999 0.0856888 0.119945 0.0421514 0.0151559 0.0104866 0.00357588 0.00136078 0.000379399 7.5853e-05 9.24422e-06 5.73196e-07
 1.34971e-39 6.60591e-33 7.43307e-27 1.92287e-21 1.1436e-16 1.56367e-12 4.9154e-09 3.55237e-06 0.000590231 0.0225461 0.198 0.399765 0.185849 0.0274777 0.0473598 0.0660283 0.0246288 0.0134233 0.00995197 0.00303871 0.00100773 0.000269858 5.27178e-05 6.3172e-06 3.83128e-07
 1.3919e-39 6.8124e-33 7.66542e-27 1.98297e-21 1.17935e-16 1.61254e-12 5.06905e-09 3.66341e-06 0.000608681 0.0232508 0.204189 0.412261 0.19163 0.0275595 0.0440926 0.061297 0.0212357 0.00666312 0.004523 0.00175229 0.000721835 0.000177391 3.08381e-05 3.53329e-06 2.09609e-07
 1.26978e-39 6.2147e-33 6.99288e-27 1.80899e-21 1.07588e-16 1.47107e-12 4.62431e-09 3.342e-06 0.000555277 0.0212109 0.186274 0.376092 0.174984 0.0295773 0.0673122 0.0939919 0.0323227 0.00933661 0.00593173 0.00168974 0.000529607 0.000155231 3.03254e-05 3.2053e-06 1.76068e-07
 1.27867e-39 6.25819e-33 7.04182e-27 1.82165e-21 1.0834e-16 1.48136e-12 4.65667e-09 3.36538e-06 0.000559163 0.0213593 0.187578 0.378724 0.176175 0.0289165 0.0624853 0.0872839 0.0312651 0.0131227 0.00917436 0.00250529 0.000672079 0.000147552 2.54083e-05 2.98603e-06 1.65882e-07
 1.41864e-39 6.94327e-33 7.81268e-27 2.02107e-21 1.202e-16 1.64352e-12 5.16643e-09 3.73379e-06 0.000620374 0.0236975 0.208111 0.420181 0.195269 0.0269732 0.0381267 0.0529272 0.0188234 0.00748687 0.00528777 0.00174555 0.000600781 0.000126791 1.73768e-05 1.65226e-06 9.02689e-08
 1.4218e-39 6.95875e-33 7.83009e-27 2.02557e-21 1.20468e-16 1.64719e-12 5.17794e-09 3.74211e-06 0.000621757 0.0237503 0.208575 0.421117 0.195714 0.0272899 0.0397776 0.0551929 0.0187914 0.00481414 0.00296833 0.000951034 0.000333369 8.44518e-05 1.35538e-05 1.15913e-06 5.13404e-08
 1.3493e-39 6.60391e-33 7.43082e-27 1.92228e-21 1.14325e-16 1.56319e-12 4.91391e-09 3.5513e-06 0.000590053 0.0225393 0.19794 0.399645 0.18583 0.0284421 0.0532837 0.0742171 0.0253335 0.00669621 0.00408336 0.0010561 0.000265269 6.34733e-05 1.10628e-05 1.10344e-06 5.00783e-08
 1.32348e-39 6.4775e-33 7.28859e-27 1.88549e-21 1.12137e-16 1.53327e-12 4.81986e-09 3.48332e-06 0.000578759 0.0221078 0.194151 0.391995 0.182299 0.0285933 0.0565119 0.0788076 0.027503 0.00925834 0.00611373 0.00160092 0.000390231 7.45342e-05 1.00033e-05 9.7821e-07 4.91633e-08
 1.35338e-39 6.62388e-33 7.45329e-27 1.9281e-21 1.14671e-16 1.56792e-12 4.92877e-09 3.56203e-06 0.000591837 0.0226074 0.198538 0.400853 0.186374 0.0280475 0.0505103 0.070364 0.0247338 0.00890569 0.00605724 0.00177582 0.000522389 0.000102489 1.23353e-05 9.49637e-07 4.15236e-08
 1.33455e-39 6.53169e-33 7.34956e-27 1.90126e-21 1.13075e-16 1.5461e-12 4.86017e-09 3.51246e-06 0.0005836 0.0222928 0.195775 0.395274 0.183809 0.0284404 0.0545902 0.0760925 0.0264517 0.00857716 0.00569269 0.00172885 0.000548466 0.000121863 1.6914e-05 1.28307e-06 4.75932e-08
 1.29288e-39 6.32775e-33 7.12009e-27 1.8419e-21 1.09545e-16 1.49783e-12 4.70843e-09 3.40279e-06 0.000565378 0.0215967 0.189662 0.382933 0.178125 0.0289953 0.0616975 0.0861209 0.0301344 0.0104052 0.00698602 0.00201438 0.000599365 0.00013807 2.12159e-05 1.83161e-06 7.25781e-08
 1.16216e-39 5.68796e-33 6.40019e-27 1.65567e-21 9.84688e-17 1.34638e-12 4.23237e-09 3.05874e-06 0.000508214 0.0194131 0.170486 0.344217 0.160288 0.0306739 0.0836133 0.117049 0.0415472 0.0162517 0.0112923 0.00336032 0.00103174 0.000227716 3.39863e-05 3.11797e-06 1.3754e-07
 1.26335e-39 6.18322e-33 6.95746e-27 1.79983e-21 1.07043e-16 1.46361e-12 4.60088e-09 3.32507e-06 0.000552465 0.0211034 0.18533 0.374187 0.174066 0.0286028 0.0619371 0.0865949 0.0321465 0.0170604 0.012663 0.00403172 0.00135772 0.000311546 4.68532e-05 4.1845e-06 1.87668e-07
 1.23671e-39 6.05283e-33 6.81074e-27 1.76187e-21 1.04785e-16 1.43275e-12 4.50386e-09 3.25495e-06 0.000540814 0.0206584 0.181422 0.366296 0.170451 0.0294819 0.069682 0.0974148 0.0346309 0.0137414 0.00989081 0.00377489 0.00155087 0.000390176 6.37263e-05 5.87591e-06 2.62368e-07
 1.28018e-39 6.26557e-33 7.05012e-27 1.8238e-21 1.08468e-16 1.48311e-12 4.66216e-09 3.36935e-06 0.000559823 0.0213845 0.187799 0.379171 0.176375 0.0287361 0.0612491 0.0855585 0.0308723 0.0136816 0.00984595 0.00317648 0.00116668 0.00034613 6.77886e-05 6.92568e-06 3.27583e-07
 1.25077e-39 6.12168e-33 6.88821e-27 1.78191e-21 1.05977e-16 1.44905e-12 4.55509e-09 3.29197e-06 0.000546966 0.0208934 0.183486 0.370463 0.172372 0.0293492 0.067616 0.0944982 0.0335517 0.0131664 0.00930846 0.00318185 0.00118663 0.000309182 6.02078e-05 7.20962e-06 3.90499e-07
 1.26191e-39 6.17618e-33 6.94953e-27 1.79778e-21 1.06921e-16 1.46195e-12 4.59564e-09 3.32128e-06 0.000551835 0.0210794 0.185119 0.373761 0.173885 0.0290408 0.0647395 0.0904725 0.0325294 0.0140521 0.010054 0.00321475 0.00113086 0.000302667 5.67056e-05 6.47379e-06 3.79148e-07
 1.27601e-39 6.2452e-33 7.0272e-27 1.81787e-21 1.08116e-16 1.47828e-12 4.647e-09 3.3584e-06 0.000558003 0.021315 0.187188 0.377938 0.175811 0.02889 0.0625601 0.0873889 0.0312773 0.0130667 0.00934792 0.00315005 0.00115376 0.00029291 5.29464e-05 5.95152e-06 3.37784e-07
 1.25899e-39 6.16187e-33 6.93343e-27 1.79361e-21 1.06673e-16 1.45856e-12 4.58499e-09 3.31358e-06 0.000550557 0.0210306 0.18469 0.372895 0.17349 0.0291785 0.0658412 0.0920072 0.03282 0.0133614 0.00948314 0.00313962 0.00114472 0.000302995 5.51795e-05 5.96024e-06 3.29009e-07
 1.25762e-39 6.15516e-33 6.92589e-27 1.79166e-21 1.06557e-16 1.45697e-12 4.58e-09 3.30998e-06 0.000549958 0.0210077 0.184489 0.372489 0.1733 0.0291065 0.0655237 0.0915761 0.0328936 0.0141092 0.0101064 0.00329745 0.00117694 0.000307517 5.66963e-05 6.24609e-06 3.392e-07
 1.26158e-39 6.17458e-33 6.94773e-27 1.79731e-21 1.06893e-16 1.46157e-12 4.59445e-09 3.32042e-06 0.000551692 0.0210739 0.185071 0.373664 0.173841 0.0290483 0.0648143 0.0905747 0.0325159 0.0138939 0.00998172 0.00335342 0.00123082 0.000317522 5.74298e-05 6.32209e-06 3.47684e-07
 1.26911e-39 6.2114e-33 6.98917e-27 1.80803e-21 1.0753e-16 1.47028e-12 4.62185e-09 3.34022e-06 0.000554983 0.0211996 0.186175 0.375892 0.174868 0.0289621 0.0636167 0.0888827 0.0318672 0.0134868 0.00966738 0.00324301 0.00119815 0.000317497 5.82508e-05 6.33245e-06 3.45476e-07
 1.20083e-39 5.87724e-33 6.61316e-27 1.71076e-21 1.01745e-16 1.39118e-12 4.3732e-09 3.16052e-06 0.000525125 0.0200591 0.176159 0.355671 0.165556 0.0299363 0.0756588 0.105859 0.0378825 0.0158077 0.0112898 0.00376665 0.00138319 0.000367151 6.84261e-05 7.58203e-06 4.13945e-07
 1.19898e-39 5.86817e-33 6.60296e-27 1.70812e-21 1.01588e-16 1.38904e-12 4.36646e-09 3.15565e-06 0.000524315 0.0200282 0.175887 0.355122 0.165287 0.0295471 0.0734479 0.102813 0.0377703 0.0188437 0.0139092 0.00460776 0.00167505 0.000441794 8.21276e-05 9.18525e-06 5.09503e-07
 1.23013e-39 6.02065e-33 6.77453e-27 1.75251e-21 1.04228e-16 1.42513e-12 4.47992e-09 3.23764e-06 0.000537939 0.0205486 0.180458 0.364349 0.169538 0.0291246 0.0680877 0.0952439 0.0349019 0.0171586 0.0128159 0.00472267 0.00190302 0.000503964 9.28035e-05 1.03341e-05 5.75761e-07
#pred catch len freq
 2.14589e-27 2.17323e-27 6.59154e-27 1.51182e-21 8.99138e-17 1.22941e-12 3.86467e-09 2.79301e-06 0.000464054 0.0177265 0.155675 0.314312 0.146309 0.0265946 0.0677162 0.0950501 0.0385218 0.0305543 0.0271555 0.0183693 0.0155099 0.0134861 0.014001 0.0130572 0.00549347
 2.1487e-27 2.18144e-27 7.52393e-27 1.82822e-21 1.08731e-16 1.4867e-12 4.67347e-09 3.37753e-06 0.000561172 0.0214364 0.188255 0.380091 0.176768 0.0278865 0.0557827 0.077886 0.0284492 0.013755 0.0108638 0.00582551 0.00405722 0.00288732 0.00249436 0.00211641 0.000880207
 2.14776e-27 2.17931e-27 7.3037e-27 1.7535e-21 1.04288e-16 1.42595e-12 4.48248e-09 3.2395e-06 0.000538239 0.0205604 0.180562 0.364559 0.169657 0.0297305 0.0717225 0.100254 0.0351202 0.0122762 0.00850901 0.00315061 0.00152925 0.000802164 0.000516612 0.000365359 0.000143979
 2.14804e-27 2.18005e-27 7.38629e-27 1.78154e-21 1.05955e-16 1.44874e-12 4.55415e-09 3.29129e-06 0.000546844 0.0208891 0.183449 0.370387 0.172335 0.0293037 0.0673611 0.0941522 0.0336197 0.0137869 0.0096953 0.00293969 0.000995613 0.000324151 0.000126353 6.33914e-05 2.19987e-05
 2.1495e-27 2.18364e-27 7.76653e-27 1.91052e-21 1.13626e-16 1.55363e-12 4.88387e-09 3.52958e-06 0.000586435 0.0224014 0.19673 0.397202 0.184687 0.0281002 0.051932 0.0723844 0.0256647 0.00995622 0.00698754 0.00229967 0.000810951 0.000198664 4.16902e-05 1.08202e-05 2.77771e-06
 2.14883e-27 2.18196e-27 7.58578e-27 1.84919e-21 1.09979e-16 1.50376e-12 4.72709e-09 3.41628e-06 0.00056761 0.0216823 0.190415 0.384452 0.178825 0.0289595 0.0610207 0.0851558 0.0296373 0.00972609 0.00651597 0.00208566 0.000728749 0.000187248 3.32663e-05 4.29131e-06 5.52734e-07
 2.14828e-27 2.18063e-27 7.44534e-27 1.80156e-21 1.07145e-16 1.46502e-12 4.60532e-09 3.32828e-06 0.000552988 0.0211238 0.18551 0.374548 0.174262 0.0293768 0.0665526 0.0929686 0.0326095 0.0115146 0.00778782 0.00227829 0.000702605 0.000174328 3.08438e-05 3.36325e-06 2.21129e-07
 2.14915e-27 2.18278e-27 7.67446e-27 1.87928e-21 1.11768e-16 1.52823e-12 4.80401e-09 3.47188e-06 0.000576847 0.0220352 0.193514 0.390708 0.181699 0.0284717 0.0561569 0.0783341 0.0276949 0.0104849 0.00724524 0.00219639 0.000694706 0.000157722 2.51373e-05 2.61002e-06 1.42533e-07
 2.14995e-27 2.18473e-27 7.8809e-27 1.94931e-21 1.15933e-16 1.58518e-12 4.98303e-09 3.60125e-06 0.000598342 0.0228562 0.200725 0.405266 0.188406 0.0278598 0.0480338 0.0668655 0.0233916 0.0080653 0.0054683 0.00172354 0.000578114 0.000135725 2.12205e-05 2.00647e-06 9.9966e-08
 2.14956e-27 2.18377e-27 7.77671e-27 1.91396e-21 1.1383e-16 1.55643e-12 4.89265e-09 3.53593e-06 0.00058749 0.0224417 0.197084 0.397916 0.185028 0.0283941 0.0535107 0.0745568 0.0257175 0.00768818 0.00497011 0.0014904 0.000474543 0.000115333 1.90156e-05 1.81275e-06 8.53206e-08
 2.14912e-27 2.18267e-27 7.66069e-27 1.8746e-21 1.1149e-16 1.52442e-12 4.79205e-09 3.46323e-06 0.00057541 0.0219803 0.193032 0.389734 0.181259 0.0287351 0.0580581 0.0809792 0.0281614 0.0091619 0.00603062 0.00168482 0.000476638 0.000108897 1.75383e-05 1.7327e-06 8.3669e-08
 2.14897e-27 2.18232e-27 7.6248e-27 1.86243e-21 1.10766e-16 1.51453e-12 4.76093e-09 3.44074e-06 0.000571673 0.0218375 0.191778 0.387204 0.180091 0.0287951 0.0591874 0.0825811 0.028862 0.00985734 0.00660548 0.00191953 0.000566624 0.000120694 1.74154e-05 1.63182e-06 7.90655e-08
 2.14919e-27 2.18287e-27 7.68357e-27 1.88237e-21 1.11952e-16 1.53074e-12 4.8119e-09 3.47758e-06 0.000577794 0.0220713 0.193832 0.391349 0.181998 0.0285343 0.0563458 0.0785847 0.0275725 0.00976462 0.00662477 0.00197558 0.000610318 0.000135217 1.95463e-05 1.68679e-06 7.54973e-08
 2.14898e-27 2.18235e-27 7.62724e-27 1.86326e-21 1.10815e-16 1.5152e-12 4.76305e-09 3.44227e-06 0.000571927 0.0218472 0.191864 0.387376 0.180171 0.0288196 0.0592851 0.0827114 0.0288037 0.00950514 0.00633975 0.00192476 0.000613472 0.00014056 2.12918e-05 1.8774e-06 8.0911e-08
 2.14797e-27 2.17987e-27 7.36426e-27 1.77405e-21 1.05509e-16 1.44265e-12 4.535e-09 3.27746e-06 0.000544545 0.0208012 0.182678 0.36883 0.17163 0.0296845 0.0701549 0.0980416 0.0343366 0.0119565 0.00806004 0.0023627 0.000720632 0.000167501 2.63214e-05 2.42001e-06 1.07619e-07
 2.14758e-27 2.17892e-27 7.26679e-27 1.741e-21 1.03544e-16 1.41578e-12 4.45052e-09 3.2164e-06 0.000534401 0.0204137 0.179274 0.361959 0.168456 0.0297584 0.0726771 0.101641 0.0362077 0.0145759 0.0102068 0.00307416 0.000963856 0.000217647 3.33553e-05 3.13145e-06 1.44641e-07
 2.14826e-27 2.1806e-27 7.44612e-27 1.80183e-21 1.07162e-16 1.46525e-12 4.60603e-09 3.32879e-06 0.000553074 0.021127 0.185539 0.374606 0.174278 0.0290961 0.0648219 0.0905718 0.0323358 0.0132507 0.00940119 0.00306096 0.00106337 0.000249129 3.8543e-05 3.54303e-06 1.63419e-07
 2.14854e-27 2.18128e-27 7.51565e-27 1.82541e-21 1.08564e-16 1.48442e-12 4.6663e-09 3.37235e-06 0.000560311 0.0214035 0.187967 0.379508 0.176542 0.0290283 0.0629307 0.0878761 0.0309759 0.0114379 0.00793288 0.00261243 0.000939104 0.000239005 4.03992e-05 3.83609e-06 1.76492e-07
 2.14846e-27 2.18107e-27 7.49308e-27 1.81775e-21 1.08109e-16 1.47819e-12 4.64672e-09 3.3582e-06 0.00055796 0.0213137 0.187178 0.377916 0.17581 0.0291442 0.0641177 0.0895454 0.0315167 0.0114805 0.00788106 0.00245246 0.000827779 0.000213398 3.82886e-05 3.96032e-06 1.93281e-07
 2.148e-27 2.17995e-27 7.37426e-27 1.77745e-21 1.05712e-16 1.44542e-12 4.54369e-09 3.28374e-06 0.000545588 0.0208411 0.183027 0.369536 0.17195 0.0295294 0.0689949 0.0964247 0.0340102 0.0126194 0.00869502 0.00268333 0.000882605 0.000214997 3.71731e-05 3.97757e-06 2.08126e-07
 2.14789e-27 2.17969e-27 7.3484e-27 1.76868e-21 1.0519e-16 1.43829e-12 4.52129e-09 3.26755e-06 0.000542898 0.0207383 0.182125 0.367715 0.171105 0.0294521 0.0690723 0.0965618 0.034439 0.013996 0.00986011 0.00307586 0.00102242 0.000245713 4.07352e-05 4.16764e-06 2.18552e-07
 2.14761e-27 2.179e-27 7.27681e-27 1.7444e-21 1.03746e-16 1.41855e-12 4.45922e-09 3.22269e-06 0.000535445 0.0204536 0.179625 0.362666 0.168778 0.0296345 0.0717069 0.100283 0.0358517 0.014846 0.0105662 0.00346789 0.00122693 0.000299981 4.9752e-05 4.94839e-06 2.49268e-07
 2.14766e-27 2.17912e-27 7.29099e-27 1.74922e-21 1.04033e-16 1.42246e-12 4.47153e-09 3.23159e-06 0.000536923 0.0205101 0.180121 0.363668 0.169236 0.0294835 0.0704833 0.0985746 0.0354665 0.0154 0.0110839 0.00368309 0.00133898 0.000345449 6.0342e-05 6.07975e-06 3.01763e-07
 2.1479e-27 2.17972e-27 7.35328e-27 1.77035e-21 1.05289e-16 1.43964e-12 4.52554e-09 3.27062e-06 0.000543409 0.0207578 0.182296 0.36806 0.17126 0.0293265 0.0682015 0.0953467 0.0341682 0.0144102 0.0103456 0.00353225 0.0013265 0.000349911 6.37993e-05 6.77995e-06 3.46966e-07
 2.14805e-27 2.18009e-27 7.3921e-27 1.78351e-21 1.06072e-16 1.45035e-12 4.55919e-09 3.29494e-06 0.000547449 0.0209122 0.183652 0.370797 0.172524 0.0292726 0.0670476 0.0937079 0.0334232 0.0135971 0.00966594 0.00324616 0.00120782 0.000327275 6.1792e-05 6.81932e-06 3.65686e-07
 2.14777e-27 2.17939e-27 7.31724e-27 1.75812e-21 1.04562e-16 1.4297e-12 4.49427e-09 3.24802e-06 0.000539654 0.0206144 0.181037 0.365517 0.170093 0.0295384 0.0702613 0.0982375 0.0350215 0.0141904 0.0100533 0.00330747 0.00119794 0.000319752 6.07312e-05 6.9175e-06 3.8514e-07
 2.14729e-27 2.17821e-27 7.19307e-27 1.716e-21 1.02057e-16 1.39545e-12 4.3866e-09 3.17021e-06 0.000526726 0.0201206 0.1767 0.356761 0.166059 0.0299339 0.0753145 0.105366 0.0376134 0.0154 0.0109303 0.00358238 0.0012844 0.000334983 6.20696e-05 7.04249e-06 4.00063e-07
 2.14752e-27 2.17881e-27 7.2582e-27 1.7381e-21 1.03371e-16 1.41342e-12 4.4431e-09 3.21104e-06 0.00053351 0.0203797 0.178976 0.361356 0.168168 0.0295087 0.071334 0.0997888 0.0361018 0.0162974 0.0118097 0.00389831 0.00140644 0.00036471 6.63783e-05 7.35192e-06 4.12835e-07
#obs catch len freq
 1.21443e-39 5.94379e-33 6.68805e-27 1.73014e-21 1.02898e-16 1.40694e-12 4.42272e-09 3.19631e-06 0.000531072 0.0202863 0.178154 0.359698 0.167403 0.0295364 0.0720035 0.100735 0.0364522 0.0164913 0.0120695 0.00429459 0.00171892 0.000500859 0.000107158 1.42729e-05 9.75594e-07
 1.22889e-39 6.01458e-33 6.7677e-27 1.75074e-21 1.04123e-16 1.42369e-12 4.4754e-09 3.23438e-06 0.000537397 0.0205279 0.180276 0.363981 0.169377 0.0293639 0.0696593 0.0974262 0.0352303 0.0158593 0.0115684 0.00404337 0.00158539 0.000454335 9.44677e-05 1.21218e-05 7.99757e-07
 1.30818e-39 6.40265e-33 7.20437e-27 1.8637e-21 1.10841e-16 1.51555e-12 4.76416e-09 3.44307e-06 0.000572071 0.0218524 0.191907 0.387466 0.180196 0.0283691 0.0565082 0.0788657 0.0283646 0.0122882 0.00889215 0.00309603 0.00120306 0.000337999 6.86104e-05 8.56413e-06 5.45781e-07
 1.14493e-39 5.60362e-33 6.30528e-27 1.63112e-21 9.70086e-17 1.32642e-12 4.16961e-09 3.01338e-06 0.000500678 0.0191252 0.167958 0.339113 0.157943 0.0310698 0.0875685 0.122589 0.0430097 0.0152365 0.0104985 0.00356919 0.00135371 0.000376854 7.52537e-05 9.16465e-06 5.68003e-07
 1.34342e-39 6.57511e-33 7.39841e-27 1.9139e-21 1.13827e-16 1.55638e-12 4.89248e-09 3.53581e-06 0.000587479 0.022441 0.197076 0.397901 0.184992 0.0275844 0.0485731 0.0677359 0.0251973 0.0135258 0.0100014 0.00304588 0.00100642 0.000269072 5.24999e-05 6.28658e-06 3.81097e-07
 1.38663e-39 6.78661e-33 7.63641e-27 1.97547e-21 1.17488e-16 1.60644e-12 5.04986e-09 3.64955e-06 0.000606377 0.0231628 0.203416 0.410701 0.190912 0.0276533 0.0451358 0.0627645 0.021714 0.0067144 0.00453534 0.00175117 0.000719307 0.000176537 3.06488e-05 3.50889e-06 2.08064e-07
 1.26255e-39 6.17929e-33 6.95303e-27 1.79868e-21 1.06974e-16 1.46268e-12 4.59795e-09 3.32295e-06 0.000552113 0.02109 0.185212 0.373949 0.173998 0.0297081 0.0687563 0.096023 0.03298 0.00939106 0.00593595 0.00168681 0.000526589 0.000154081 3.00693e-05 3.17607e-06 1.74374e-07
 1.2713e-39 6.22212e-33 7.00123e-27 1.81115e-21 1.07716e-16 1.47282e-12 4.62982e-09 3.34598e-06 0.00055594 0.0212362 0.186496 0.376541 0.175171 0.0290467 0.0639381 0.0893277 0.0319332 0.0132016 0.00919803 0.00250626 0.000669752 0.000146797 2.52416e-05 2.96423e-06 1.64603e-07
 1.41445e-39 6.92274e-33 7.78957e-27 2.01509e-21 1.19845e-16 1.63866e-12 5.15115e-09 3.72275e-06 0.000618539 0.0236274 0.207496 0.418938 0.194697 0.0270487 0.0389621 0.0541022 0.0192049 0.00752298 0.00529312 0.00174228 0.0005977 0.00012598 1.72422e-05 1.63799e-06 8.94409e-08
 1.4171e-39 6.93572e-33 7.80418e-27 2.01887e-21 1.2007e-16 1.64174e-12 5.16081e-09 3.72973e-06 0.0006197 0.0236717 0.207885 0.419724 0.195073 0.027374 0.040711 0.0565058 0.019218 0.0048558 0.0029765 0.000950905 0.000332166 8.40239e-05 1.34701e-05 1.15118e-06 5.09595e-08
 1.34352e-39 6.5756e-33 7.39897e-27 1.91404e-21 1.13835e-16 1.55649e-12 4.89284e-09 3.53607e-06 0.000587523 0.0224426 0.197091 0.397931 0.185042 0.0285465 0.054437 0.0758392 0.0258585 0.00673994 0.0040873 0.00105494 0.000263896 6.30292e-05 1.09718e-05 1.09362e-06 4.96115e-08
 1.31656e-39 6.44367e-33 7.25052e-27 1.87564e-21 1.11551e-16 1.52526e-12 4.79468e-09 3.46512e-06 0.000575735 0.0219923 0.193137 0.389948 0.181357 0.0287154 0.0578743 0.0807242 0.0281291 0.00933086 0.0061353 0.00160329 0.000389292 7.42384e-05 9.94885e-06 9.72034e-07 4.88303e-08
 1.34764e-39 6.59574e-33 7.42164e-27 1.91991e-21 1.14184e-16 1.56126e-12 4.90784e-09 3.5469e-06 0.000589323 0.0225114 0.197695 0.39915 0.18559 0.0281502 0.0516504 0.0719677 0.0252554 0.0089583 0.00606814 0.00177459 0.000520159 0.000101916 1.22501e-05 9.42258e-07 4.11761e-08
 1.32873e-39 6.50321e-33 7.31751e-27 1.89297e-21 1.12582e-16 1.53936e-12 4.83898e-09 3.49714e-06 0.000581055 0.0221956 0.194921 0.393551 0.183016 0.0285457 0.0557525 0.0777274 0.0269805 0.00862045 0.00569517 0.00172503 0.00054531 0.00012099 1.67727e-05 1.27145e-06 4.71365e-08
 1.28542e-39 6.29124e-33 7.07901e-27 1.83127e-21 1.08913e-16 1.48918e-12 4.68126e-09 3.38316e-06 0.000562116 0.0214721 0.188568 0.380724 0.177108 0.0291273 0.0631689 0.0881909 0.0308104 0.0104827 0.00700834 0.0020159 0.000597581 0.000137446 2.10942e-05 1.81984e-06 7.20789e-08
 1.15327e-39 5.64448e-33 6.35126e-27 1.64301e-21 9.7716e-17 1.33609e-12 4.20001e-09 3.03536e-06 0.000504329 0.0192647 0.169183 0.341586 0.159078 0.0308346 0.0853877 0.119545 0.0423552 0.0163202 0.0112975 0.00335336 0.00102589 0.000226095 3.37002e-05 3.08939e-06 1.36217e-07
 1.25664e-39 6.15039e-33 6.92052e-27 1.79027e-21 1.06474e-16 1.45584e-12 4.57645e-09 3.30741e-06 0.000549531 0.0209914 0.184346 0.3722 0.173152 0.0287237 0.0632744 0.0884759 0.0327577 0.0171196 0.0126716 0.00402342 0.00135028 0.000309403 4.64728e-05 4.14741e-06 1.85911e-07
 1.22853e-39 6.01278e-33 6.76568e-27 1.75022e-21 1.04092e-16 1.42327e-12 4.47406e-09 3.23341e-06 0.000537236 0.0205217 0.180222 0.363873 0.169336 0.0296273 0.0713002 0.0996913 0.0353743 0.0138266 0.00991357 0.00377116 0.00154479 0.000388132 6.33173e-05 5.83411e-06 2.60376e-07
 1.27273e-39 6.22911e-33 7.00909e-27 1.81319e-21 1.07837e-16 1.47448e-12 4.63503e-09 3.34974e-06 0.000556565 0.0212601 0.186706 0.376964 0.17536 0.0288669 0.0627123 0.0876171 0.0315479 0.0137702 0.00987673 0.00317745 0.00116287 0.000344455 6.739e-05 6.88063e-06 3.25308e-07
 1.24219e-39 6.07964e-33 6.84091e-27 1.76968e-21 1.05249e-16 1.4391e-12 4.52381e-09 3.26937e-06 0.00054321 0.0207499 0.182226 0.367919 0.171202 0.0294992 0.0692985 0.0968654 0.0343295 0.0132717 0.00934721 0.00318556 0.00118413 0.000308074 5.99144e-05 7.16964e-06 3.88183e-07
 1.25304e-39 6.13274e-33 6.90066e-27 1.78513e-21 1.06169e-16 1.45166e-12 4.56332e-09 3.29792e-06 0.000547954 0.0209311 0.183817 0.371132 0.172676 0.0291926 0.0664582 0.0928913 0.0333309 0.0141841 0.0101141 0.00322502 0.0011305 0.000302106 5.65329e-05 6.44932e-06 3.77541e-07
 1.26653e-39 6.1988e-33 6.97499e-27 1.80436e-21 1.07312e-16 1.4673e-12 4.61248e-09 3.33345e-06 0.000553857 0.0211566 0.185797 0.37513 0.174519 0.0290494 0.0643792 0.0899493 0.0321311 0.0132257 0.00942843 0.0031679 0.00115649 0.000293177 5.29276e-05 5.94506e-06 3.37261e-07
 1.24871e-39 6.11157e-33 6.87684e-27 1.77897e-21 1.05802e-16 1.44665e-12 4.54757e-09 3.28654e-06 0.000546063 0.0208589 0.183183 0.369851 0.17209 0.0293507 0.0678097 0.094778 0.033745 0.0135371 0.00957341 0.00316042 0.00114842 0.000303523 5.52101e-05 5.95926e-06 3.28797e-07
 1.24749e-39 6.10562e-33 6.87015e-27 1.77724e-21 1.05699e-16 1.44525e-12 4.54314e-09 3.28334e-06 0.000545531 0.0208386 0.183005 0.369491 0.171921 0.0292756 0.0674595 0.0943011 0.0338046 0.0142867 0.0101989 0.00331825 0.00118034 0.00030794 5.67051e-05 6.24266e-06 3.38859e-07
 1.25144e-39 6.12496e-33 6.8919e-27 1.78287e-21 1.06034e-16 1.44982e-12 4.55753e-09 3.29373e-06 0.000547259 0.0209046 0.183584 0.370661 0.172459 0.0292173 0.0667513 0.0933013 0.0334281 0.0140738 0.0100764 0.00337539 0.00123479 0.000318081 5.74602e-05 6.32085e-06 3.47456e-07
 1.25866e-39 6.16025e-33 6.93161e-27 1.79314e-21 1.06645e-16 1.45818e-12 4.58379e-09 3.31272e-06 0.000550412 0.021025 0.184642 0.372797 0.173444 0.029135 0.065605 0.0916817 0.0328064 0.0136813 0.00977311 0.00326897 0.00120373 0.000318504 5.83659e-05 6.34046e-06 3.45751e-07
 1.18818e-39 5.81533e-33 6.5435e-27 1.69274e-21 1.00674e-16 1.37653e-12 4.32714e-09 3.12723e-06 0.000519594 0.0198478 0.174304 0.351924 0.163832 0.0301451 0.0780624 0.109242 0.0390188 0.0160461 0.0114205 0.00379928 0.00139052 0.000368549 6.8604e-05 7.59641e-06 4.14543e-07
 1.18583e-39 5.80383e-33 6.53056e-27 1.68939e-21 1.00475e-16 1.37381e-12 4.31858e-09 3.12105e-06 0.000518567 0.0198086 0.173959 0.351229 0.163495 0.0297563 0.0758986 0.106264 0.0389466 0.0191484 0.0140938 0.00465568 0.00168681 0.000444233 8.2481e-05 9.21824e-06 5.11102e-07
#spawning biomass
 3668.29 2295.94 2343 2100.58 2128.99 3448.55 3837.67 3932.74 6076.12 10159 15592.1 19867.1 26820.9 32588.2 38623.4 37277.4 31321 29248.9 30873.9 32053.1 34162.7 37158.1 40608.6 41810.6 44158.5 50271.4 47087.3 47564 51548.1 114647 134970 98913.6 66350.2 46090.3 34726 28679.1 25565 23995.2 23215.1 22831.1 22643.4 22552.1 22507.7 22486.2 22475.9 22470.9 22468.5 22467.3 22466.8 22466.5 22466.4 22466.3 22466.3 22466.3 22466.3 22466.3 22466.3 22466.3 22466.3 22466.3 22466.3 22466.3 22466.3 22466.3 22466.3 22466.3 22466.3 22466.3 22466.3 22466.3 22466.3 22466.3 22466.3 22466.3 22466.3 22466.3 22466.3 22466.3 22466.3 22466.3 22466.3 22466.3 22466.3 22466.3 22466.3 22466.3 22466.3 22466.3 22466.3 22466.3 22466.3 22466.3 22466.3 22466.3 22466.3 22466.3 22466.3 22466.3 22466.3 22466.3 22466.3 22466.3 22466.3 22466.3 22466.3 22466.3 22466.3 22466.3 22466.3 22466.3 22466.3 22466.3 22466.3 22466.3 22466.3 22466.3 22466.3 22466.3 22466.3 22466.3 22466.3 22466.3 22466.3 22466.3 22466.3 22466.3 22466.3 22466.3 0 0 0 0 0 0 0 0 0 0 0 0 0 0 0 0 0 0 0 0 0 0 0 0 0
