SBPRF35
0.819782
Curr Bio
224461
B35
881869
F35
0.231545
FOFL
0
OFL
0
Bzero
234224
#pred survey bio
 9883.36 9609.33 8088.16 9196.06 13841.2 20756.3 30632.7 38620.7 50015.8 76519.1 108178 138351 159738 194992 214266 192437 187615 189450 181020 198839 205838 211369 213994 217035 235579 229933 253265 286826 252183 4.62167e+06 6.66813e+06 7.31264e+06 6.99917e+06 6.23354e+06 5.3514e+06 4.53458e+06 3.85576e+06 3.32623e+06 2.9292e+06 2.63895e+06 2.43004e+06 2.28095e+06 2.1749e+06 2.09851e+06 2.04226e+06 2.00258e+06 1.97423e+06 1.9537e+06 1.93862e+06 1.9274e+06 1.91894e+06 1.91248e+06 1.9075e+06 1.90362e+06 1.90058e+06 1.89816e+06 1.89624e+06 1.89471e+06 1.89347e+06 1.89247e+06 1.89167e+06 1.89101e+06 1.89048e+06 1.89005e+06 1.88969e+06 1.88941e+06 1.88917e+06 1.88898e+06 1.88882e+06 1.88869e+06 1.88859e+06 1.8885e+06 1.88843e+06 1.88838e+06 1.88833e+06 1.88829e+06 1.88826e+06 1.88823e+06 1.88821e+06 1.88819e+06 1.88818e+06 1.88817e+06 1.88816e+06 1.88815e+06 1.88815e+06 1.88814e+06 1.88814e+06 1.88813e+06 1.88813e+06 1.88813e+06 1.88813e+06 1.88812e+06 1.88812e+06 1.88812e+06 1.88812e+06 1.88812e+06 1.88812e+06 1.88812e+06 1.88812e+06 1.88812e+06 1.88812e+06 1.88812e+06 1.88812e+06 1.88812e+06 1.88812e+06 1.88812e+06 1.88812e+06 1.88812e+06 1.88812e+06 1.88812e+06 1.88812e+06 1.88812e+06 1.88812e+06 1.88812e+06 1.88812e+06 1.88812e+06 1.88812e+06 1.88812e+06 1.88812e+06 1.88812e+06 1.88812e+06 1.88812e+06 1.88812e+06 1.88812e+06 1.88812e+06 1.88812e+06 1.88812e+06 1.88812e+06 1.88812e+06 0 0 0 0 0 0 0 0 0 0 0 0 0 0 0 0 0 0 0 0 0 0 0 0 0
#obs survey bio
 9250.05 8462.67 9971.06 10401.1 15600.1 24306.8 27417.8 44228.5 74181.1 71007.9 72284.6 91413 151192 170682 157146 110846 159538 184243 142920 143925 201263 143838 172162 185642 178416 168044 183478 281241 312144
#pred catch bio
 3492.06 4345.18 3936.63 3612.19 6181.3 10130.7 17122.2 23500.8 28368.8 47433 71071.2 96842.8 106047 127274 155114 138975 130540 138138 123750 142154 146251 151603 156011 152287 173108 164770 174304 213886 208943 0 57774.8 63692.1 60229 52782.9 44437.6 36843.8 30636.5 25883.5 22398.8 19920.2 18195.4 17014.4 16215.6 15676.4 15311.1 15073.8 14919.8 14819.7 14754.7 14712.4 14685 14667.2 14655.6 14648.1 14643.2 14640.1 14638 14636.7 14635.8 14635.2 14634.9 14634.6 14634.5 14634.4 14634.3 14634.3 14634.2 14634.2 14634.2 14634.2 14634.2 14634.2 14634.2 14634.2 14634.2 14634.2 14634.2 14634.2 14634.2 14634.2 14634.2 14634.2 14634.2 14634.2 14634.2 14634.2 14634.2 14634.2 14634.2 14634.2 14634.2 14634.2 14634.2 14634.2 14634.2 14634.2 14634.2 14634.2 14634.2 14634.2 14634.2 14634.2 14634.2 14634.2 14634.2 14634.2 14634.2 14634.2 14634.2 14634.2 14634.2 14634.2 14634.2 14634.2 14634.2 14634.2 14634.2 14634.2 14634.2 14634.2 14634.2 14634.2 14634.2 14634.2 14634.2 14634.2 14634.2 14634.2 14634.2 0 0 0 0 0 0 0 0 0 0 0 0 0 0 0 0 0 0 0 0 0 0 0 0 0
#obs catch bio
 4531.75 4256.88 4544.78 3326.55 5240.08 8586.62 14330.4 20036.6 24538.1 39056.3 69698.6 91677 93668.8 117918 156150 149692 122583 131710 109867 139093 144486 147465 146236 137564 172840 160501 165957 186218 196456
#pred cpue bio
 8280.98 8792.75 6614 5908.61 9442.88 13017.6 19182.9 25142.7 28558.5 42926.8 59734.7 77596.3 87950 112341 138051 120216 110434 118081 106435 118394 118631 125155 125198 122728 136396 132561 138206 166687 154452 2.30711e+06 6.45712e+06 7.19071e+06 6.87639e+06 6.11072e+06 5.22859e+06 4.41177e+06 3.73295e+06 3.20341e+06 2.80638e+06 2.51613e+06 2.30722e+06 2.15813e+06 2.05208e+06 1.97569e+06 1.91944e+06 1.87977e+06 1.85142e+06 1.83088e+06 1.8158e+06 1.80458e+06 1.79612e+06 1.78967e+06 1.78469e+06 1.78081e+06 1.77776e+06 1.77535e+06 1.77343e+06 1.77189e+06 1.77065e+06 1.76966e+06 1.76885e+06 1.76819e+06 1.76766e+06 1.76723e+06 1.76688e+06 1.76659e+06 1.76635e+06 1.76616e+06 1.766e+06 1.76588e+06 1.76577e+06 1.76569e+06 1.76562e+06 1.76556e+06 1.76551e+06 1.76547e+06 1.76544e+06 1.76542e+06 1.76539e+06 1.76538e+06 1.76536e+06 1.76535e+06 1.76534e+06 1.76533e+06 1.76533e+06 1.76532e+06 1.76532e+06 1.76532e+06 1.76531e+06 1.76531e+06 1.76531e+06 1.76531e+06 1.76531e+06 1.7653e+06 1.7653e+06 1.7653e+06 1.7653e+06 1.7653e+06 1.7653e+06 1.7653e+06 1.7653e+06 1.7653e+06 1.7653e+06 1.7653e+06 1.7653e+06 1.7653e+06 1.7653e+06 1.7653e+06 1.7653e+06 1.7653e+06 1.7653e+06 1.7653e+06 1.7653e+06 1.7653e+06 1.7653e+06 1.7653e+06 1.7653e+06 1.7653e+06 1.7653e+06 1.7653e+06 1.7653e+06 1.7653e+06 1.7653e+06 1.7653e+06 1.7653e+06 1.7653e+06 1.7653e+06 1.7653e+06 1.7653e+06 0 0 0 0 0 0 0 0 0 0 0 0 0 0 0 0 0 0 0 0 0 0 0 0 0
#obs cpue bio
 9244.2 8260.65 4710.43 7596.39 20835.8 20781.5 37848.4 43118.5 27085.2 67251.5 88934.2 156380 136359 151233 214445 158093 161130 171702 183748 198089 126723 206002 216413 206610 182003 195040 222613 360273 186226
#pred surv len freq
 9.3293e-12 1.01305e-09 6.48565e-08 2.44801e-06 5.44773e-05 0.000714785 0.00553056 0.0252575 0.0683979 0.112368 0.123889 0.121909 0.131843 0.127012 0.097855 0.0683511 0.0457141 0.0281607 0.0165843 0.00984968 0.00612056 0.00414025 0.00301471 0.00208447 0.00114701
 5.65787e-12 6.14377e-10 3.9333e-08 1.48463e-06 3.30387e-05 0.000433512 0.00335495 0.015338 0.0417591 0.0704035 0.0859588 0.104925 0.13455 0.141802 0.121522 0.0971048 0.0723962 0.0479479 0.0286509 0.0157446 0.00829487 0.00452778 0.00270844 0.0016648 0.000877462
 1.14644e-11 1.24489e-09 7.96992e-08 3.00825e-06 6.69443e-05 0.000878336 0.00679498 0.0310078 0.0836382 0.134739 0.136276 0.104854 0.0873243 0.082812 0.0784288 0.0732621 0.0628615 0.0477604 0.0321968 0.0189401 0.00975648 0.00461083 0.00218527 0.00109069 0.000512104
 1.57463e-11 1.70986e-09 1.09467e-07 4.13182e-06 9.19477e-05 0.00120639 0.00933268 0.0425843 0.11481 0.184519 0.184496 0.135707 0.101491 0.0789234 0.0508143 0.0293356 0.0201118 0.0162928 0.0127502 0.00865778 0.0049462 0.00237538 0.000998503 0.000397937 0.00015288
 1.35966e-11 1.47642e-09 9.45221e-08 3.56774e-06 7.9395e-05 0.00104171 0.00805928 0.0367875 0.0993676 0.161204 0.16827 0.142456 0.129899 0.110561 0.0701268 0.0349575 0.0165848 0.00833609 0.00488421 0.00332081 0.00215227 0.00116141 0.000505846 0.000183028 5.78402e-05
 1.51122e-11 1.64101e-09 1.05059e-07 3.96545e-06 8.82454e-05 0.00115782 0.00895718 0.0408764 0.110281 0.177847 0.180693 0.140533 0.114975 0.094601 0.0626086 0.0347167 0.0179514 0.00831461 0.003451 0.00148588 0.000755666 0.000411455 0.000195738 7.35567e-05 2.16522e-05
 1.47255e-11 1.59901e-09 1.0237e-07 3.86396e-06 8.59871e-05 0.00112819 0.0087282 0.0398363 0.10754 0.17396 0.179231 0.145736 0.126039 0.103777 0.0632937 0.0291209 0.0123873 0.00543176 0.00230462 0.000888784 0.000316527 0.000118198 4.84997e-05 1.8471e-05 5.5562e-06
 1.38066e-11 1.49924e-09 9.59825e-08 3.62286e-06 8.06218e-05 0.0010578 0.00818393 0.0373587 0.100942 0.164014 0.17238 0.148809 0.138196 0.116287 0.0689626 0.0286687 0.00995785 0.00339741 0.00114441 0.000381087 0.00012365 3.72404e-05 1.07332e-05 3.16535e-06 8.79635e-07
 1.5811e-11 1.71689e-09 1.09917e-07 4.14881e-06 9.2326e-05 0.00121136 0.00937141 0.0427677 0.115396 0.1862 0.189647 0.148532 0.121691 0.0964704 0.0558523 0.0224561 0.00726619 0.00220845 0.000621822 0.000159874 3.96284e-05 9.65178e-06 2.2494e-06 4.91872e-07 1.02361e-07
 1.59276e-11 1.72955e-09 1.10728e-07 4.17941e-06 9.30068e-05 0.00122029 0.00944054 0.0430834 0.116251 0.187602 0.191181 0.149973 0.122951 0.0967875 0.0544674 0.020045 0.00529678 0.00123759 0.000286874 6.32832e-05 1.28938e-05 2.40518e-06 4.16646e-07 6.83334e-08 1.05005e-08
 1.60462e-11 1.74242e-09 1.11552e-07 4.21052e-06 9.3699e-05 0.00122937 0.0095108 0.043404 0.117115 0.188994 0.192577 0.150989 0.123543 0.0966425 0.053224 0.0181998 0.00385048 0.000548639 6.51782e-05 8.21316e-06 1.1424e-06 1.62747e-07 2.19764e-08 2.6832e-09 2.94562e-10
 1.58248e-11 1.71838e-09 1.10012e-07 4.15242e-06 9.24063e-05 0.00121241 0.00937965 0.0428068 0.115522 0.18657 0.190799 0.151375 0.12591 0.0991979 0.0545353 0.0184005 0.00370794 0.000449263 3.41707e-05 1.85594e-06 9.18597e-08 5.04802e-09 3.27708e-10 2.47407e-11 1.91287e-12
 1.60667e-11 1.74465e-09 1.11694e-07 4.2159e-06 9.3819e-05 0.00123095 0.00952297 0.0434596 0.117265 0.189236 0.192827 0.151187 0.123679 0.0966356 0.0529901 0.0178406 0.0035726 0.000423382 2.98209e-05 1.27266e-06 3.50534e-08 7.30358e-10 1.42445e-11 2.83984e-13 6.26578e-15
 1.54535e-11 1.67807e-09 1.07431e-07 4.055e-06 9.02384e-05 0.00118397 0.0091597 0.0418051 0.112848 0.182482 0.187704 0.151711 0.129405 0.103175 0.0568831 0.0191913 0.00385805 0.000463246 3.41356e-05 1.67735e-06 6.46844e-08 2.17012e-09 5.67937e-11 1.00629e-12 1.16561e-14
 1.36752e-11 1.48496e-09 9.50685e-08 3.58836e-06 7.98541e-05 0.00104774 0.00810617 0.0370069 0.100035 0.16289 0.172823 0.153168 0.145916 0.122079 0.0682052 0.0232012 0.0047636 0.000613282 5.54089e-05 4.16243e-06 2.67751e-07 1.2738e-08 4.04619e-10 8.64911e-12 1.33745e-13
 1.42072e-11 1.54274e-09 9.87674e-08 3.72798e-06 8.2961e-05 0.0010885 0.00842138 0.0384425 0.103869 0.168755 0.177289 0.152768 0.14103 0.116458 0.0647995 0.0219484 0.00444821 0.000548798 4.412e-05 2.70706e-06 1.49435e-07 7.26892e-09 2.85538e-10 8.84051e-12 2.05966e-13
 1.51431e-11 1.64436e-09 1.05273e-07 3.97355e-06 8.84257e-05 0.00116019 0.00897579 0.0409676 0.110611 0.179064 0.185113 0.151982 0.132312 0.106491 0.0588513 0.0198671 0.00399588 0.00048049 3.55851e-05 1.77747e-06 7.15844e-08 2.63303e-09 8.33286e-11 2.15786e-12 4.65783e-14
 1.42426e-11 1.54658e-09 9.90132e-08 3.73726e-06 8.31675e-05 0.0010912 0.00844232 0.038538 0.104124 0.169147 0.177598 0.152775 0.140756 0.116117 0.0645563 0.0218158 0.00438582 0.000526089 3.86305e-05 1.88041e-06 7.1517e-08 2.41028e-09 6.68788e-11 1.3916e-12 2.23519e-14
 1.51587e-11 1.64605e-09 1.05382e-07 3.97763e-06 8.85166e-05 0.00116138 0.00898502 0.0410096 0.110724 0.179236 0.185246 0.151977 0.132179 0.106333 0.0587482 0.0198205 0.00397828 0.000474888 3.43021e-05 1.58925e-06 5.43936e-08 1.6219e-09 4.15545e-11 8.17654e-13 1.21991e-14
 1.49718e-11 1.62576e-09 1.04083e-07 3.92861e-06 8.74257e-05 0.00114707 0.00887434 0.0405055 0.109377 0.177177 0.183678 0.152117 0.133894 0.108306 0.0599442 0.0202609 0.00408949 0.00049776 3.83406e-05 2.11805e-06 9.90933e-08 3.9317e-09 1.14234e-10 2.25523e-12 3.14468e-14
 1.54478e-11 1.67744e-09 1.07392e-07 4.05349e-06 9.02048e-05 0.00118353 0.0091563 0.0417896 0.112806 0.18242 0.18766 0.151727 0.129476 0.103247 0.0569138 0.019187 0.00384653 0.000457344 3.25855e-05 1.44573e-06 4.45768e-08 1.15988e-09 2.82682e-11 6.01147e-13 1.04482e-14
 1.50536e-11 1.63464e-09 1.04651e-07 3.95006e-06 8.79031e-05 0.00115333 0.00892277 0.0407261 0.109967 0.178079 0.184372 0.152077 0.133177 0.107464 0.0594098 0.020036 0.00401382 0.000475799 3.35373e-05 1.4345e-06 3.97124e-08 8.26041e-10 1.50989e-11 2.35127e-13 2.81959e-15
 1.52314e-11 1.65394e-09 1.05887e-07 3.99671e-06 8.89411e-05 0.00116695 0.00902809 0.0412057 0.111247 0.180037 0.185855 0.151919 0.131508 0.105562 0.0582842 0.0196531 0.00393834 0.000467458 3.31024e-05 1.43829e-06 4.16869e-08 9.50157e-10 1.89689e-11 3.00363e-13 3.34543e-15
 1.57119e-11 1.70612e-09 1.09228e-07 4.1228e-06 9.1747e-05 0.00120376 0.00931276 0.0425022 0.114709 0.185329 0.189867 0.151501 0.127008 0.10043 0.0552376 0.0186068 0.00372484 0.000440726 3.08646e-05 1.29079e-06 3.32545e-08 5.78144e-10 8.07989e-12 1.01497e-13 1.05867e-15
 1.53821e-11 1.67032e-09 1.06935e-07 4.03627e-06 8.98216e-05 0.0011785 0.00911742 0.0416126 0.112334 0.181698 0.187114 0.151788 0.130096 0.103952 0.057328 0.0193244 0.00387104 0.000458935 3.23659e-05 1.38687e-06 3.85829e-08 8.08504e-10 1.46841e-11 2.16926e-13 2.24496e-15
 1.54426e-11 1.67689e-09 1.07356e-07 4.05215e-06 9.01748e-05 0.00118314 0.00915325 0.0417758 0.112769 0.182364 0.18762 0.151738 0.129534 0.103308 0.0569432 0.0191888 0.00384094 0.000454146 3.1723e-05 1.31467e-06 3.28337e-08 5.201e-10 5.96118e-12 5.93113e-14 5.28133e-16
 1.61811e-11 1.75707e-09 1.12489e-07 4.24592e-06 9.44868e-05 0.00123971 0.00959073 0.0437682 0.118089 0.190496 0.193782 0.151087 0.122608 0.095414 0.052265 0.0175915 0.00352174 0.000416998 2.92819e-05 1.23626e-06 3.28446e-08 6.18429e-10 9.75683e-12 1.30691e-13 1.27515e-15
 1.53286e-11 1.6645e-09 1.06563e-07 4.02222e-06 8.95089e-05 0.0011744 0.00908569 0.0414681 0.111948 0.181108 0.186667 0.151836 0.130599 0.104525 0.0576672 0.0194399 0.00389393 0.000461515 3.25142e-05 1.3883e-06 3.82131e-08 7.82721e-10 1.38714e-11 2.03531e-13 2.14379e-15
 1.45286e-11 1.57763e-09 1.01001e-07 3.81229e-06 8.48373e-05 0.00111311 0.00861174 0.0393095 0.106184 0.172298 0.179991 0.152542 0.138104 0.113079 0.0627347 0.0211683 0.00423788 0.000500936 3.49492e-05 1.44208e-06 3.547e-08 5.34404e-10 5.35837e-12 4.26523e-14 3.14191e-16
#obs surv len freq
 7.28228e-12 7.9077e-10 5.06258e-08 1.91087e-06 4.2524e-05 0.000557945 0.00431692 0.0197122 0.0533427 0.0873377 0.0950462 0.0914898 0.101689 0.112596 0.112349 0.103241 0.0844262 0.0605132 0.0384588 0.0211965 0.00953231 0.00323869 0.000774907 0.000123863 1.27579e-05
 1.25944e-12 1.3676e-10 8.75552e-09 3.30483e-07 7.355e-06 9.65389e-05 0.00074834 0.00344927 0.00976898 0.0194547 0.0371161 0.0751283 0.124825 0.155037 0.158867 0.143932 0.112526 0.0761739 0.0456654 0.0235672 0.00980127 0.00305688 0.00067046 9.83057e-05 9.29297e-06
 1.63764e-11 1.77828e-09 1.13847e-07 4.29715e-06 9.56267e-05 0.00125463 0.00970504 0.0442627 0.119049 0.189024 0.178223 0.10374 0.0490293 0.0435189 0.0612158 0.069204 0.0573874 0.0377846 0.0211965 0.0100977 0.00385612 0.00109955 0.000219856 2.93737e-05 2.53281e-06
 1.2691e-11 1.3781e-09 8.8227e-08 3.33014e-06 7.4108e-05 0.000972356 0.00752345 0.0343557 0.0929649 0.151943 0.162888 0.146064 0.137463 0.112996 0.0667957 0.0331983 0.0210337 0.0155362 0.00957916 0.00450786 0.00159999 0.000415531 7.5357e-05 9.13128e-06 7.1481e-07
 1.19695e-11 1.29975e-09 8.32109e-08 3.1408e-06 6.98945e-05 0.000917065 0.00709535 0.0323939 0.0875573 0.1423 0.148922 0.125899 0.117225 0.114514 0.0985128 0.0687456 0.0355776 0.0135145 0.00450575 0.00158655 0.000513324 0.000124451 2.07045e-05 2.27707e-06 1.61352e-07
 1.3453e-11 1.46084e-09 9.35242e-08 3.53008e-06 7.85573e-05 0.00103072 0.00797459 0.036404 0.0983368 0.159302 0.164118 0.131373 0.111585 0.100539 0.0817245 0.0569604 0.0318037 0.0133263 0.00416169 0.00101906 0.000213501 3.9011e-05 5.58185e-06 5.54303e-07 3.57392e-08
 1.20942e-11 1.31329e-09 8.4078e-08 3.17354e-06 7.06233e-05 0.000926647 0.00717013 0.0327476 0.0886499 0.144947 0.154786 0.136075 0.127214 0.115427 0.0885405 0.0569922 0.0297175 0.0119702 0.00370235 0.000878844 0.000157649 2.12743e-05 2.17716e-06 1.66129e-07 8.94533e-09
 1.19356e-11 1.29607e-09 8.29755e-08 3.13192e-06 6.96974e-05 0.000914502 0.00707626 0.0323201 0.0874972 0.14302 0.152285 0.132584 0.123697 0.116118 0.09447 0.062707 0.0316148 0.0116252 0.00319208 0.000679347 0.000111399 1.34966e-05 1.16118e-06 6.93926e-08 2.8482e-09
 1.19483e-11 1.29744e-09 8.30633e-08 3.13524e-06 6.97713e-05 0.000915484 0.00708419 0.0323621 0.087669 0.143626 0.15391 0.135271 0.125932 0.116146 0.0923174 0.0600792 0.0299957 0.0109775 0.00295214 0.000591701 8.80046e-05 9.51551e-06 7.27838e-07 3.8239e-08 1.34348e-09
 1.10062e-11 1.19514e-09 7.65139e-08 2.88804e-06 6.42706e-05 0.000843333 0.00652669 0.0298306 0.0809786 0.13374 0.147294 0.137429 0.1349 0.126025 0.0987777 0.0618644 0.0290138 0.00978808 0.00240891 0.000444763 6.13794e-05 6.12349e-06 4.25735e-07 2.00511e-08 6.26054e-10
 1.29185e-11 1.4028e-09 8.98085e-08 3.38984e-06 7.54374e-05 0.000989835 0.00765963 0.0349903 0.0947542 0.15481 0.163506 0.137183 0.120534 0.109346 0.0868596 0.0544624 0.0248103 0.00789663 0.00178311 0.000295622 3.6403e-05 3.26197e-06 2.05524e-07 8.80686e-09 2.4966e-10
 1.20061e-11 1.30372e-09 8.34654e-08 3.15043e-06 7.01104e-05 0.000919984 0.00712053 0.0325538 0.0884373 0.146253 0.160799 0.146788 0.136398 0.1184 0.0850392 0.0484792 0.0207454 0.00635806 0.00138915 0.000219349 2.50331e-05 2.02945e-06 1.14239e-07 4.36584e-09 1.10845e-10
 1.01118e-11 1.09803e-09 7.02968e-08 2.65339e-06 5.90501e-05 0.000774902 0.00599911 0.0274533 0.0748565 0.125484 0.144037 0.143742 0.146565 0.136319 0.102995 0.0592711 0.0242109 0.00674021 0.00129263 0.000177627 1.79399e-05 1.31461e-06 6.7434e-08 2.33901e-09 5.34871e-11
 8.59606e-12 9.33432e-10 5.97594e-08 2.25566e-06 5.01998e-05 0.000658811 0.00510182 0.0233719 0.0639775 0.108722 0.129894 0.139517 0.152694 0.150131 0.118457 0.0695784 0.0283935 0.0077929 0.00145111 0.00018818 1.72782e-05 1.11953e-06 5.03903e-08 1.54457e-09 3.15582e-11
 8.84928e-12 9.60928e-10 6.15197e-08 2.32211e-06 5.16788e-05 0.000678226 0.00525219 0.0240588 0.0658123 0.11142 0.13124 0.1373 0.148738 0.148626 0.119295 0.070089 0.0282292 0.00761774 0.00139537 0.000177483 1.5798e-05 9.72305e-07 4.05585e-08 1.12613e-09 2.05131e-11
 1.04723e-11 1.13717e-09 7.2803e-08 2.748e-06 6.11569e-05 0.000802599 0.00621467 0.0284532 0.0776526 0.130178 0.148073 0.143194 0.142019 0.133101 0.101902 0.0579159 0.0229384 0.00618718 0.00114518 0.000147123 1.30762e-05 7.90764e-07 3.19042e-08 8.44198e-10 1.44419e-11
 9.13972e-12 9.92468e-10 6.35391e-08 2.39836e-06 5.33782e-05 0.000700632 0.00542841 0.0249071 0.0684904 0.11771 0.143111 0.153262 0.159325 0.143909 0.102506 0.0542135 0.0201817 0.00516165 0.000913589 0.000113409 9.83773e-06 5.83713e-07 2.30761e-08 5.94434e-10 9.81048e-12
 9.64586e-12 1.04743e-09 6.70578e-08 2.53118e-06 5.63338e-05 0.000739405 0.00572796 0.0262638 0.0720145 0.122424 0.144204 0.147363 0.151862 0.14257 0.105395 0.0557788 0.019971 0.00476323 0.000769952 8.66534e-05 6.86673e-06 3.78081e-07 1.40818e-08 3.45338e-10 5.45519e-12
 9.77596e-12 1.06156e-09 6.79626e-08 2.56535e-06 5.70961e-05 0.000749485 0.00580792 0.026657 0.0733121 0.125644 0.150366 0.155063 0.155456 0.137966 0.0966184 0.0495486 0.0176703 0.00428671 0.000707657 7.97882e-05 6.1175e-06 3.15446e-07 1.08015e-08 2.42516e-10 3.52309e-12
 1.04742e-11 1.13738e-09 7.28171e-08 2.7486e-06 6.11752e-05 0.000803042 0.00622297 0.0285583 0.0784669 0.133861 0.157636 0.157312 0.152754 0.132455 0.0898406 0.0437245 0.014515 0.00323969 0.000492596 5.19257e-05 3.79543e-06 1.88628e-07 6.2078e-09 1.32293e-10 1.79703e-12
 9.22222e-12 1.00143e-09 6.41137e-08 2.42014e-06 5.38693e-05 0.000707332 0.00548612 0.0252476 0.0699803 0.12245 0.152926 0.165093 0.165979 0.140909 0.0915247 0.0426363 0.0136118 0.00292337 0.000424378 4.20978e-05 2.85831e-06 1.3138e-07 4.01579e-09 8.00958e-11 1.02443e-12
 1.0889e-11 1.18242e-09 7.57008e-08 2.85749e-06 6.36012e-05 0.000834974 0.00647207 0.0297177 0.0817206 0.139386 0.163036 0.159518 0.151538 0.128984 0.0847368 0.0390792 0.0120705 0.00246836 0.000337846 3.14179e-05 1.9922e-06 8.51797e-08 2.41068e-09 4.43406e-11 5.2205e-13
 9.84871e-12 1.06946e-09 6.84701e-08 2.58466e-06 5.75362e-05 0.000755658 0.0058646 0.0270311 0.075177 0.132238 0.16518 0.174061 0.165577 0.130616 0.0780842 0.0333676 0.00978065 0.00192825 0.000255518 2.2861e-05 1.37781e-06 5.5323e-08 1.45776e-09 2.4835e-11 2.69965e-13
 1.08005e-11 1.17282e-09 7.5087e-08 2.83442e-06 6.30935e-05 0.000828529 0.0064268 0.0295675 0.0817152 0.141001 0.168347 0.167362 0.156339 0.12649 0.0774777 0.033003 0.00937743 0.00175873 0.000219595 1.84691e-05 1.04797e-06 3.96653e-08 9.8374e-10 1.57092e-11 1.59227e-13
 9.12232e-12 9.90594e-10 6.34221e-08 2.39427e-06 5.33081e-05 0.000700498 0.00544438 0.0251915 0.0707554 0.127289 0.165273 0.180573 0.172906 0.133541 0.0767389 0.0311262 0.00859999 0.00159103 0.000196456 1.61848e-05 8.84972e-07 3.17801e-08 7.40119e-10 1.10418e-11 1.04351e-13
 1.00829e-11 1.0949e-09 7.00998e-08 2.64631e-06 5.89155e-05 0.000773987 0.0060104 0.027732 0.0772053 0.135536 0.16736 0.173382 0.164866 0.130898 0.0763689 0.0303435 0.00793697 0.00135913 0.00015402 1.16975e-05 5.9654e-07 2.01905e-08 4.4512e-10 6.27599e-12 5.57792e-14
 1.01068e-11 1.0975e-09 7.02681e-08 2.65282e-06 5.90697e-05 0.000776343 0.00603546 0.0279286 0.0783074 0.139562 0.176005 0.18257 0.165809 0.122468 0.067035 0.0255973 0.00658448 0.00112316 0.000126538 9.40246e-06 4.58715e-07 1.45742e-08 2.98568e-10 3.90319e-12 3.22306e-14
 9.89937e-12 1.07499e-09 6.88279e-08 2.59857e-06 5.78686e-05 0.000760779 0.00591863 0.0274328 0.0771969 0.138596 0.176902 0.185833 0.169381 0.123316 0.0649323 0.0232453 0.00548615 0.000847113 8.61988e-05 5.8384e-06 2.63576e-07 7.84686e-09 1.51377e-10 1.8597e-12 1.43499e-14
 9.75273e-12 1.05908e-09 6.78107e-08 2.56033e-06 5.70259e-05 0.000749981 0.00583978 0.0271221 0.0766554 0.13875 0.179034 0.189061 0.170854 0.121916 0.0625036 0.0216993 0.00494725 0.000732899 7.06836e-05 4.46388e-06 1.85037e-07 5.01383e-09 8.79779e-11 9.87996e-13 7.01627e-15
#pred catch len freq
 9.3307e-13 1.0132e-10 6.48666e-09 2.44847e-07 5.44958e-06 7.15587e-05 0.000555887 0.00259014 0.00772005 0.0183624 0.046481 0.108977 0.178822 0.192729 0.152314 0.107269 0.0719942 0.0443971 0.0261509 0.0155314 0.00965105 0.00652845 0.00475366 0.00328684 0.00180863
 4.91861e-13 5.34103e-11 3.41941e-09 1.29072e-07 2.87309e-06 3.77473e-05 0.000294044 0.00138895 0.00439351 0.0123062 0.0371046 0.0935637 0.158096 0.178053 0.154999 0.124578 0.0930971 0.0616969 0.0368695 0.0202608 0.0106741 0.00582646 0.00348528 0.0021423 0.00112914
 1.52614e-12 1.65721e-10 1.06096e-08 4.00465e-07 8.91228e-06 0.000116967 0.000906234 0.00416699 0.0116727 0.0223055 0.0391074 0.074088 0.118159 0.139626 0.138487 0.130437 0.112106 0.0852002 0.057437 0.0337874 0.0174046 0.00822524 0.00389829 0.00194568 0.000913539
 2.98556e-12 3.24196e-10 2.07554e-08 7.83419e-07 1.74347e-05 0.000228806 0.00177229 0.00813893 0.0226582 0.0421917 0.0694174 0.12302 0.182918 0.183257 0.125294 0.0733658 0.0505369 0.0409915 0.0320837 0.021786 0.0124463 0.00597724 0.00251256 0.00100134 0.000384696
 2.23858e-12 2.43084e-10 1.55625e-08 5.87415e-07 1.30731e-05 0.000171595 0.00133026 0.00613491 0.0174329 0.0352291 0.0692147 0.140652 0.218069 0.218468 0.143701 0.0722868 0.034434 0.0173386 0.0101631 0.00691008 0.0044785 0.00241669 0.00105258 0.00038085 0.000120355
 3.24416e-12 3.52277e-10 2.25531e-08 8.51276e-07 1.89448e-05 0.000248626 0.00192586 0.0088453 0.0246401 0.0460034 0.076192 0.135932 0.203152 0.205445 0.14248 0.0797982 0.0413786 0.0191827 0.00796331 0.00342869 0.00174367 0.000949413 0.000451655 0.000169728 4.99614e-05
 3.65242e-12 3.96609e-10 2.53914e-08 9.58405e-07 2.13289e-05 0.000279911 0.00216809 0.00995521 0.0276964 0.05143 0.084016 0.147741 0.217944 0.213743 0.13556 0.0628724 0.0267989 0.011759 0.00498985 0.00192433 0.000685307 0.000255906 0.000105005 3.9991e-05 1.20295e-05
 3.50976e-12 3.81118e-10 2.43996e-08 9.20972e-07 2.0496e-05 0.000268986 0.00208374 0.0095742 0.0267221 0.0502913 0.08488 0.153555 0.22815 0.221898 0.135836 0.0568277 0.0197661 0.00674658 0.00227277 0.000756803 0.000245549 7.39528e-05 2.13142e-05 6.2858e-06 1.74679e-06
 5.14517e-12 5.58704e-10 3.57688e-08 1.3501e-06 3.00455e-05 0.000394272 0.00305265 0.0139881 0.038524 0.0684656 0.0993108 0.154277 0.216157 0.206816 0.125 0.0506836 0.0164224 0.00499173 0.00140539 0.000361309 8.95536e-05 2.18109e-05 5.08311e-06 1.11151e-06 2.31311e-07
 6.9578e-12 7.55534e-10 4.83701e-08 1.82573e-06 4.06299e-05 0.000533136 0.0041266 0.0188813 0.0516179 0.0887139 0.1158 0.15643 0.204872 0.191232 0.11194 0.0415126 0.0109779 0.00256274 0.000593571 0.000130896 2.66668e-05 4.97416e-06 8.61656e-07 1.41319e-07 2.17159e-08
 8.67349e-12 9.41837e-10 6.02973e-08 2.27593e-06 5.06482e-05 0.000664571 0.00514307 0.0235119 0.0640001 0.107788 0.130975 0.157276 0.19237 0.175254 0.100032 0.0344531 0.00729791 0.00103943 0.000123323 1.55194e-05 2.15739e-06 3.07297e-07 4.14942e-08 5.06617e-09 5.56164e-10
 9.7208e-12 1.05556e-09 6.75782e-08 2.55074e-06 5.67637e-05 0.000744803 0.00576353 0.0263379 0.0715485 0.11935 0.139849 0.156723 0.183109 0.164421 0.0932208 0.0316509 0.00638579 0.000773819 5.88376e-05 3.1926e-06 1.57771e-07 8.66009e-09 5.61965e-10 4.24224e-11 3.27992e-12
 8.98366e-12 9.75519e-10 6.24536e-08 2.35732e-06 5.24594e-05 0.000688333 0.00532684 0.0243491 0.0662385 0.111235 0.133712 0.157413 0.190083 0.17234 0.0978707 0.0331868 0.00665504 0.000788882 5.55653e-05 2.37101e-06 6.52733e-08 1.35846e-09 2.64571e-11 5.27006e-13 1.16242e-14
 7.25835e-12 7.8817e-10 5.04594e-08 1.9046e-06 4.23849e-05 0.000556161 0.00430473 0.0196941 0.0538089 0.0922331 0.119303 0.1589 0.206214 0.190752 0.108818 0.0369674 0.0074416 0.000893718 6.58459e-05 3.23368e-06 1.24563e-07 4.1745e-09 1.0919e-10 1.93428e-12 2.24036e-14
 6.44115e-12 6.99432e-10 4.47783e-08 1.69017e-06 3.76131e-05 0.000493558 0.0038206 0.0174891 0.0479201 0.0832205 0.112419 0.159444 0.213611 0.199318 0.114084 0.0389954 0.00801323 0.0010315 9.31178e-05 6.98615e-06 4.48947e-07 2.13492e-08 6.78053e-10 1.4493e-11 2.24098e-13
 7.3588e-12 7.99078e-10 5.11578e-08 1.93096e-06 4.29715e-05 0.000563857 0.00436424 0.0199651 0.0545321 0.0933347 0.120119 0.158751 0.20518 0.18962 0.108212 0.0368394 0.00747324 0.000922024 7.40874e-05 4.54046e-06 2.50305e-07 1.21661e-08 4.77773e-10 1.47907e-11 3.44576e-13
 8.20797e-12 8.91288e-10 5.70611e-08 2.15378e-06 4.793e-05 0.00062891 0.0048673 0.0222562 0.0606501 0.102691 0.127228 0.158064 0.197309 0.180601 0.102801 0.0349119 0.00702996 0.00084546 6.26019e-05 3.12477e-06 1.25679e-07 4.6171e-09 1.46032e-10 3.78077e-12 8.16023e-14
 7.68192e-12 8.34165e-10 5.3404e-08 2.01574e-06 4.48582e-05 0.00058861 0.00455566 0.0208369 0.0568604 0.0968979 0.122839 0.158531 0.202248 0.186228 0.106132 0.0360452 0.00725345 0.000870178 6.38852e-05 3.10776e-06 1.18048e-07 3.97338e-09 1.10177e-10 2.29196e-12 3.68093e-14
 7.79464e-12 8.46405e-10 5.41877e-08 2.04532e-06 4.55164e-05 0.000597245 0.00462244 0.021141 0.0576726 0.09814 0.123783 0.158442 0.201207 0.185034 0.105413 0.0357855 0.0071914 0.000858608 6.20126e-05 2.87183e-06 9.81886e-08 2.92391e-09 7.48512e-11 1.47234e-12 2.19638e-14
 8.55344e-12 9.28801e-10 5.94627e-08 2.24443e-06 4.99472e-05 0.000655375 0.00507196 0.0231883 0.0631386 0.106493 0.130102 0.157736 0.194033 0.176885 0.100625 0.0341999 0.00691026 0.000841167 6.47683e-05 3.57448e-06 1.67e-07 6.61969e-09 1.92256e-10 3.79504e-12 5.29138e-14
 9.32843e-12 1.01296e-09 6.48504e-08 2.44778e-06 5.44726e-05 0.000714745 0.00553108 0.0252793 0.0687222 0.115031 0.136588 0.157103 0.186841 0.168649 0.0956893 0.032449 0.0065127 0.0007745 5.51797e-05 2.44741e-06 7.53964e-08 1.95898e-09 4.76877e-11 1.0136e-12 1.76139e-14
 8.79392e-12 9.54915e-10 6.11346e-08 2.30753e-06 5.13514e-05 0.000673797 0.00521443 0.0238371 0.0648716 0.109146 0.132129 0.157579 0.191861 0.174368 0.0990732 0.0335985 0.00673813 0.000798899 5.63109e-05 2.40821e-06 6.66331e-08 1.3844e-09 2.527e-11 3.93194e-13 4.71359e-15
 9.52718e-12 1.03454e-09 6.62321e-08 2.49994e-06 5.56331e-05 0.00072997 0.00564882 0.0258155 0.070154 0.11722 0.138248 0.156932 0.184983 0.166528 0.0944283 0.0320134 0.00642207 0.000762407 5.39871e-05 2.34517e-06 6.79248e-08 1.54615e-09 3.08277e-11 4.87825e-13 5.43209e-15
 9.55344e-12 1.03739e-09 6.64147e-08 2.50683e-06 5.57865e-05 0.000731982 0.00566438 0.0258864 0.0703433 0.11751 0.138469 0.156915 0.184746 0.166253 0.0942589 0.0319478 0.00640334 0.000757824 5.30726e-05 2.21941e-06 5.71634e-08 9.93079e-10 1.38601e-11 1.73889e-13 1.81265e-15
 9.99093e-12 1.0849e-09 6.9456e-08 2.62162e-06 5.8341e-05 0.000765497 0.00592356 0.0270667 0.0734949 0.122327 0.142119 0.156527 0.180639 0.161574 0.0914887 0.0310054 0.00621751 0.000737265 5.19941e-05 2.22754e-06 6.19358e-08 1.2963e-09 2.3511e-11 3.47048e-13 3.59051e-15
 9.52117e-12 1.03389e-09 6.61903e-08 2.49836e-06 5.5598e-05 0.00072951 0.00564527 0.0257993 0.0701108 0.117155 0.1382 0.156945 0.18505 0.166599 0.0944627 0.0320157 0.00641571 0.000758748 5.30018e-05 2.19644e-06 5.48486e-08 8.68454e-10 9.94353e-12 9.87906e-14 8.78807e-16
 1.00578e-11 1.09216e-09 6.99209e-08 2.63917e-06 5.87315e-05 0.00077062 0.00596318 0.0272472 0.0739767 0.123064 0.142678 0.15647 0.180015 0.160861 0.0910639 0.0308573 0.00618569 0.00073261 5.14453e-05 2.17175e-06 5.76763e-08 1.08495e-09 1.70931e-11 2.28728e-13 2.23076e-15
 1.02276e-11 1.11059e-09 7.1101e-08 2.68371e-06 5.97228e-05 0.000783624 0.00606374 0.0277052 0.0751996 0.124933 0.144094 0.156319 0.178421 0.159045 0.0899891 0.0304919 0.00611387 0.000724761 5.10595e-05 2.1798e-06 5.99675e-08 1.22688e-09 2.17122e-11 3.18303e-13 3.35158e-15
 1.12163e-11 1.21796e-09 7.79747e-08 2.94316e-06 6.54962e-05 0.000859369 0.00664949 0.0303728 0.0823226 0.135822 0.152348 0.155455 0.169158 0.148482 0.0837218 0.028343 0.00567794 0.000671242 4.68319e-05 1.93236e-06 4.75258e-08 7.15866e-10 7.17274e-12 5.70143e-14 4.1939e-16
#obs catch len freq
 5.82874e-12 6.32932e-10 4.05209e-08 1.52946e-06 3.40363e-05 0.000446588 0.00345558 0.0157851 0.042799 0.0707469 0.0801462 0.0851281 0.103442 0.119035 0.121152 0.112307 0.092071 0.0668854 0.0440112 0.0253704 0.0118569 0.00413776 0.00100791 0.000163193 1.69813e-05
 4.91072e-12 5.33246e-10 3.41389e-08 1.28858e-06 2.86759e-05 0.000376264 0.00291183 0.01331 0.0362023 0.0607157 0.072603 0.0856729 0.111104 0.128565 0.128963 0.117793 0.0953754 0.0675806 0.0422595 0.0227021 0.00982767 0.00317479 0.000715167 0.000106865 1.02395e-05
 5.92692e-13 6.43594e-11 4.12038e-09 1.5553e-07 3.46181e-06 4.54661e-05 0.000353492 0.00165285 0.00498861 0.0122112 0.0316517 0.0751578 0.129462 0.161325 0.164716 0.147873 0.114275 0.0763942 0.0449843 0.0225762 0.00902199 0.00267268 0.000551514 7.55533e-05 6.64097e-06
 9.06056e-12 9.8387e-10 6.29882e-08 2.37749e-06 5.29076e-05 0.000694158 0.00536976 0.0244947 0.0659377 0.105149 0.101445 0.0671244 0.0528438 0.0784989 0.119613 0.13362 0.108982 0.0706317 0.038836 0.0179616 0.00658142 0.00178062 0.000334765 4.17726e-05 3.34821e-06
 9.48334e-12 1.02978e-09 6.59274e-08 2.48844e-06 5.53777e-05 0.000726637 0.00562359 0.0257091 0.0699349 0.117023 0.137031 0.148855 0.163708 0.140812 0.0836138 0.0418727 0.026641 0.0192961 0.0115472 0.00524439 0.00178167 0.000438613 7.47554e-05 8.45804e-06 6.15373e-07
 1.13411e-11 1.23151e-09 7.88426e-08 2.97592e-06 6.62255e-05 0.000868936 0.00672334 0.0307027 0.0830706 0.135582 0.144148 0.126709 0.122522 0.120726 0.102978 0.0704975 0.0356338 0.0132884 0.00438202 0.00150735 0.000466596 0.000106972 1.67077e-05 1.71529e-06 1.12962e-07
 1.31213e-11 1.42482e-09 9.12181e-08 3.44304e-06 7.66205e-05 0.00100532 0.00777834 0.0355138 0.0959941 0.155903 0.162061 0.132559 0.114943 0.103841 0.0837638 0.0574448 0.0313259 0.0127694 0.00387282 0.000920473 0.00018626 3.24245e-05 4.36141e-06 4.04088e-07 2.42067e-08
 1.17173e-11 1.27236e-09 8.14574e-08 3.07462e-06 6.84224e-05 0.000897782 0.00694721 0.0317375 0.0860027 0.141165 0.152684 0.137777 0.13121 0.118947 0.090386 0.0572263 0.0291561 0.0114304 0.00342593 0.000783379 0.000134611 1.73035e-05 1.67354e-06 1.19571e-07 5.98512e-09
 1.17772e-11 1.27886e-09 8.18739e-08 3.09034e-06 6.87722e-05 0.000902375 0.00698279 0.0318996 0.0864244 0.141649 0.152061 0.134388 0.126379 0.118047 0.0948562 0.0616753 0.0302768 0.0108156 0.00287755 0.000589951 9.2483e-05 1.06378e-05 8.63866e-07 4.84549e-08 1.85571e-09
 1.19649e-11 1.29925e-09 8.31792e-08 3.13962e-06 6.9869e-05 0.000916776 0.00709453 0.032415 0.0878658 0.144227 0.155303 0.13729 0.127476 0.116425 0.0912789 0.0581665 0.0282561 0.0100265 0.00260483 0.000501662 7.12494e-05 7.31048e-06 5.2747e-07 2.60051e-08 8.53646e-10
 1.11081e-11 1.20621e-09 7.72229e-08 2.9148e-06 6.48665e-05 0.000851165 0.00658768 0.0301153 0.0818042 0.13535 0.149604 0.139739 0.136028 0.125475 0.0968042 0.059244 0.0269891 0.00881943 0.00209593 0.000371578 4.88986e-05 4.62271e-06 3.02949e-07 1.3388e-08 3.90665e-10
 1.30566e-11 1.41779e-09 9.07681e-08 3.42606e-06 7.62438e-05 0.00100043 0.00774193 0.0353713 0.0958288 0.156756 0.165936 0.139237 0.121314 0.108568 0.0847053 0.0517653 0.0228567 0.00703334 0.00153128 0.000243567 2.85888e-05 2.42633e-06 1.43998e-07 5.78591e-09 1.5324e-10
 1.2191e-11 1.3238e-09 8.47507e-08 3.19895e-06 7.11905e-05 0.000934174 0.0072308 0.0330644 0.0898751 0.14883 0.163883 0.149023 0.136548 0.116583 0.0822374 0.0457433 0.0189763 0.00561686 0.00118097 0.000178539 1.93943e-05 1.48828e-06 7.8899e-08 2.82698e-09 6.70375e-11
 1.03183e-11 1.12045e-09 7.17323e-08 2.70758e-06 6.02565e-05 0.000790753 0.00612235 0.0280245 0.0764689 0.128387 0.147551 0.14644 0.147135 0.13456 0.0995871 0.0557133 0.0220014 0.0059068 0.0010899 0.000143448 1.37865e-05 9.55263e-07 4.61017e-08 1.49854e-09 3.20068e-11
 8.81792e-12 9.57523e-10 6.13017e-08 2.31388e-06 5.14961e-05 0.000675847 0.00523432 0.0239866 0.0657159 0.111862 0.133734 0.142629 0.153749 0.148566 0.114596 0.0652981 0.0257225 0.00679761 0.0012154 0.00015068 1.31541e-05 8.0597e-07 3.41356e-08 9.8026e-10 1.86956e-11
 9.07538e-12 9.8548e-10 6.30916e-08 2.38145e-06 5.3e-05 0.000695591 0.00538726 0.0246855 0.0675823 0.114602 0.135106 0.140484 0.149999 0.147173 0.115251 0.0655805 0.0254711 0.00661193 0.00116144 0.000140998 1.19131e-05 6.92524e-07 2.71712e-08 7.06988e-10 1.20285e-11
 1.07184e-11 1.1639e-09 7.45141e-08 2.8126e-06 6.25952e-05 0.000821501 0.00636167 0.0291344 0.0795674 0.133562 0.151992 0.14605 0.142617 0.131089 0.0978841 0.053879 0.0205716 0.00533257 0.000944925 0.000115634 9.73824e-06 5.55468e-07 2.10574e-08 5.21806e-10 8.33599e-12
 9.38379e-12 1.01897e-09 6.52361e-08 2.46243e-06 5.4805e-05 0.000719399 0.00557469 0.0255891 0.0704366 0.121252 0.147363 0.156336 0.159634 0.141292 0.0981544 0.0502766 0.0180366 0.00443096 0.000750334 8.86323e-05 7.27442e-06 4.06418e-07 1.50725e-08 3.63152e-10 5.59203e-12
 9.88815e-12 1.07374e-09 6.87424e-08 2.59478e-06 5.77502e-05 0.000758035 0.00587314 0.0269399 0.0739365 0.125894 0.148361 0.150567 0.152647 0.140218 0.100754 0.0514942 0.0177367 0.00405969 0.000627653 6.72128e-05 5.03717e-06 2.60884e-07 9.10228e-09 2.08459e-10 3.06786e-12
 1.00388e-11 1.0901e-09 6.97903e-08 2.63436e-06 5.86334e-05 0.000769712 0.00596567 0.027393 0.0754089 0.129422 0.15478 0.158109 0.155595 0.135039 0.091981 0.0455761 0.015629 0.00363234 0.000572042 6.12282e-05 4.43487e-06 2.15091e-07 6.90022e-09 1.44637e-10 1.95594e-12
 1.07381e-11 1.16604e-09 7.4652e-08 2.81789e-06 6.27187e-05 0.000823355 0.00638149 0.0292984 0.0805756 0.137648 0.162017 0.160256 0.152706 0.129265 0.0850993 0.0399564 0.0127454 0.00272524 0.000395369 3.95433e-05 2.72643e-06 1.27214e-07 3.91721e-09 7.79003e-11 9.85232e-13
 9.47852e-12 1.02926e-09 6.58959e-08 2.48745e-06 5.53694e-05 0.000727099 0.00564088 0.0259757 0.0720888 0.126344 0.157577 0.168242 0.165778 0.137349 0.0865789 0.0388965 0.0119223 0.00244991 0.000338896 3.187e-05 2.04033e-06 8.80093e-08 2.51481e-09 4.67481e-11 5.55963e-13
 1.11686e-11 1.21278e-09 7.76449e-08 2.93091e-06 6.52371e-05 0.000856515 0.00664031 0.0305039 0.0839594 0.143382 0.167585 0.162488 0.151291 0.125353 0.0796839 0.0353704 0.0104778 0.00204872 0.00026704 2.35251e-05 1.40541e-06 5.63502e-08 1.49011e-09 2.55362e-11 2.7946e-13
 1.01042e-11 1.09721e-09 7.02471e-08 2.65179e-06 5.90334e-05 0.000775419 0.00601984 0.0277663 0.0773268 0.136232 0.169863 0.176886 0.164697 0.126571 0.0733238 0.0301801 0.00848104 0.00159687 0.000201225 1.7034e-05 9.66484e-07 3.63768e-08 8.95358e-10 1.42077e-11 1.43516e-13
 1.10679e-11 1.20185e-09 7.69463e-08 2.90465e-06 6.46597e-05 0.000849187 0.00658876 0.0303303 0.0839171 0.145006 0.172972 0.170286 0.155727 0.122438 0.07245 0.0296644 0.00807289 0.00144538 0.000171553 1.36428e-05 7.28064e-07 2.58037e-08 5.97268e-10 8.87909e-12 8.36122e-14
 9.38348e-12 1.01896e-09 6.52388e-08 2.46293e-06 5.48409e-05 0.000720773 0.00560437 0.0259554 0.0730163 0.131544 0.170286 0.183533 0.171765 0.129005 0.0716921 0.0279587 0.00739261 0.0013035 0.000152715 1.18794e-05 6.10497e-07 2.05241e-08 4.46013e-10 6.19229e-12 5.43405e-14
 1.03493e-11 1.12384e-09 7.19535e-08 2.71636e-06 6.0479e-05 0.000794653 0.00617308 0.0285041 0.0794627 0.139719 0.172302 0.176553 0.164058 0.126276 0.0710112 0.0270759 0.0067743 0.00110592 0.000118946 8.52644e-06 4.08173e-07 1.29125e-08 2.65274e-10 3.47795e-12 2.86946e-14
 1.03841e-11 1.12763e-09 7.21977e-08 2.72576e-06 6.06993e-05 0.00079792 0.00620594 0.0287426 0.0807045 0.143995 0.181028 0.185226 0.164181 0.11761 0.0620951 0.0227502 0.00559027 0.000907194 9.68069e-05 6.7816e-06 3.10545e-07 9.22536e-09 1.76134e-10 2.14018e-12 1.63908e-14
 1.01694e-11 1.10432e-09 7.07071e-08 2.66963e-06 5.94575e-05 0.000781852 0.00608563 0.0282345 0.0795781 0.143054 0.182039 0.188592 0.167601 0.118129 0.0598977 0.0205576 0.00463519 0.000681332 6.5696e-05 4.1931e-06 1.7742e-07 4.9298e-09 8.85121e-11 1.01008e-12 7.22877e-15
#spawning biomass
 9443.86 9400.83 7662.39 8240.07 12593.1 18526 27358.9 34811.5 43839.7 66853.1 94237.4 120904 139080 171335 192846 172019 165588 169266 159730 175918 180879 186786 188631 189980 207210 202067 220123 252480 224461 164563 315978 342851 324429 284834 240458 200078 167070 141797 123266 110086 100915 94635.3 90387.2 87520 85577.7 84316.1 83496.7 82964.5 82618.8 82394.3 82248.5 82153.8 82092.2 82052.3 82026.3 82009.5 81998.5 81991.4 81986.8 81983.8 81981.9 81980.6 81979.8 81979.2 81978.9 81978.7 81978.5 81978.4 81978.4 81978.3 81978.3 81978.3 81978.3 81978.3 81978.2 81978.2 81978.2 81978.2 81978.2 81978.2 81978.2 81978.2 81978.2 81978.2 81978.2 81978.2 81978.2 81978.2 81978.2 81978.2 81978.2 81978.2 81978.2 81978.2 81978.2 81978.2 81978.2 81978.2 81978.2 81978.2 81978.2 81978.2 81978.2 81978.2 81978.2 81978.2 81978.2 81978.2 81978.2 81978.2 81978.2 81978.2 81978.2 81978.2 81978.2 81978.2 81978.2 81978.2 81978.2 81978.2 81978.2 81978.2 81978.2 81978.2 81978.2 81978.2 81978.2 81978.2 81978.2 0 0 0 0 0 0 0 0 0 0 0 0 0 0 0 0 0 0 0 0 0 0 0 0 0
