SBPRF35
0.819782
Curr Bio
131820
B35
620881
F35
0.237633
FOFL
0
OFL
0
Bzero
234224
#pred survey bio
 16255.9 19760.6 22055.9 28036.4 34566.8 43217.4 45679.4 55570.8 64039.8 72244.9 92175.4 103438 109538 125490 130702 148484 145795 138913 146392 147954 143661 140029 141901 135198 141191 141743 141079 150519 3.9647e+06 5.32811e+06 5.93129e+06 5.68168e+06 5.08376e+06 4.41256e+06 3.80149e+06 3.30003e+06 2.91291e+06 2.62531e+06 2.41682e+06 2.26791e+06 2.1624e+06 2.08774e+06 2.03418e+06 1.99509e+06 1.96765e+06 1.94812e+06 1.93401e+06 1.92368e+06 1.91601e+06 1.91023e+06 1.90583e+06 1.90243e+06 1.89978e+06 1.8977e+06 1.89605e+06 1.89474e+06 1.89369e+06 1.89284e+06 1.89216e+06 1.89161e+06 1.89116e+06 1.89079e+06 1.8905e+06 1.89025e+06 1.89006e+06 1.88989e+06 1.88976e+06 1.88966e+06 1.88957e+06 1.8895e+06 1.88944e+06 1.88939e+06 1.88935e+06 1.88932e+06 1.88929e+06 1.88927e+06 1.88925e+06 1.88924e+06 1.88922e+06 1.88921e+06 1.88921e+06 1.8892e+06 1.88919e+06 1.88919e+06 1.88919e+06 1.88918e+06 1.88918e+06 1.88918e+06 1.88918e+06 1.88918e+06 1.88918e+06 1.88917e+06 1.88917e+06 1.88917e+06 1.88917e+06 1.88917e+06 1.88917e+06 1.88917e+06 1.88917e+06 1.88917e+06 1.88917e+06 1.88917e+06 1.88917e+06 1.88917e+06 1.88917e+06 1.88917e+06 1.88917e+06 1.88917e+06 1.88917e+06 1.88917e+06 1.88917e+06 1.88917e+06 1.88917e+06 1.88917e+06 1.88917e+06 1.88917e+06 1.88917e+06 1.88917e+06 1.88917e+06 1.88917e+06 1.88917e+06 1.88917e+06 1.88917e+06 1.88917e+06 1.88917e+06 1.88917e+06 1.88917e+06 1.88917e+06 0 0 0 0 0 0 0 0 0 0 0 0 0 0 0 0 0 0 0 0 0 0 0 0 0
#obs survey bio
 13158.5 17168.9 22576.5 30864.2 33245.7 37754.6 47943.7 46055 47025 44929.6 69734.6 98074.3 73253.7 96149.8 93486.3 131586 107365 125100 112466 127006 133879 150222 120299 121572 91637.9 113559 115614 113984
#pred catch bio
 8102.5 11686.5 11778.1 15629.8 19305.2 27842.5 26808.9 33358.8 39365.7 40267.9 57167.2 67463.2 67699.5 83419 82394.8 99381.2 98950 89358.9 97280.8 100356 98159.5 93998.5 100220 92297.2 99111 100683 96369.5 97103.1 0 40315.8 51138.9 49307.6 43445 36933.3 31097.2 26384 22811 20214.2 18381.9 17116.3 16255.9 15677.3 15289.1 15028.6 14860.5 14752 14681.9 14636.7 14607.5 14588.6 14576.5 14568.6 14563.5 14560.3 14558.1 14556.8 14555.9 14555.3 14555 14554.7 14554.6 14554.5 14554.4 14554.4 14554.3 14554.3 14554.3 14554.3 14554.3 14554.3 14554.3 14554.3 14554.3 14554.3 14554.3 14554.3 14554.3 14554.3 14554.3 14554.3 14554.3 14554.3 14554.3 14554.3 14554.3 14554.3 14554.3 14554.3 14554.3 14554.3 14554.3 14554.3 14554.3 14554.3 14554.3 14554.3 14554.3 14554.3 14554.3 14554.3 14554.3 14554.3 14554.3 14554.3 14554.3 14554.3 14554.3 14554.3 14554.3 14554.3 14554.3 14554.3 14554.3 14554.3 14554.3 14554.3 14554.3 14554.3 14554.3 14554.3 14554.3 14554.3 14554.3 14554.3 14554.3 14554.3 14554.3 14554.3 0 0 0 0 0 0 0 0 0 0 0 0 0 0 0 0 0 0 0 0 0 0 0 0 0
#obs catch bio
 9826.41 11805.7 10971.3 14121.9 17569.9 26845 25494.4 32863 37580.2 39339.2 53813.9 61397.5 67265.6 79863.2 78471.2 93087.4 90728.1 82528.3 84771.3 86825.1 84489.1 79252.4 84941.9 82927.4 90547 90980.5 86874.8 91641.4
#pred cpue bio
 10921.7 12012 12691.5 16349.9 19849.6 24628.6 25198 31035.3 36127 40296.5 52159.9 57378.2 59758.5 69306.2 70482.8 80944.7 80771.7 76703.3 81270.9 81092.9 78737.5 75849.7 77000.2 71199.7 74165.4 73525.9 72531.6 78347.2 2.16131e+06 4.33852e+06 5.61898e+06 5.49062e+06 4.90563e+06 4.23561e+06 3.62465e+06 3.12319e+06 2.73607e+06 2.44848e+06 2.23998e+06 2.09107e+06 1.98556e+06 1.9109e+06 1.85735e+06 1.81826e+06 1.79082e+06 1.77128e+06 1.75718e+06 1.74685e+06 1.73918e+06 1.7334e+06 1.72899e+06 1.72559e+06 1.72295e+06 1.72087e+06 1.71922e+06 1.71791e+06 1.71685e+06 1.71601e+06 1.71533e+06 1.71477e+06 1.71432e+06 1.71396e+06 1.71366e+06 1.71342e+06 1.71322e+06 1.71306e+06 1.71293e+06 1.71282e+06 1.71273e+06 1.71266e+06 1.7126e+06 1.71255e+06 1.71251e+06 1.71248e+06 1.71246e+06 1.71243e+06 1.71242e+06 1.7124e+06 1.71239e+06 1.71238e+06 1.71237e+06 1.71237e+06 1.71236e+06 1.71236e+06 1.71235e+06 1.71235e+06 1.71235e+06 1.71235e+06 1.71234e+06 1.71234e+06 1.71234e+06 1.71234e+06 1.71234e+06 1.71234e+06 1.71234e+06 1.71234e+06 1.71234e+06 1.71234e+06 1.71234e+06 1.71234e+06 1.71234e+06 1.71234e+06 1.71234e+06 1.71234e+06 1.71234e+06 1.71234e+06 1.71234e+06 1.71234e+06 1.71234e+06 1.71234e+06 1.71234e+06 1.71234e+06 1.71234e+06 1.71234e+06 1.71234e+06 1.71234e+06 1.71234e+06 1.71234e+06 1.71234e+06 1.71234e+06 1.71234e+06 1.71234e+06 1.71234e+06 1.71234e+06 1.71234e+06 1.71234e+06 1.71234e+06 1.71234e+06 0 0 0 0 0 0 0 0 0 0 0 0 0 0 0 0 0 0 0 0 0 0 0 0 0
#obs cpue bio
 8924.86 15954.4 17578.1 23904.3 28690.8 29838.4 28906.3 36306.9 65485.8 58319.1 107374 89141.5 73877.4 124972 111762 130255 151450 116617 200817 165431 155012 144599 166304 110994 157961 139851 131990 135839
#pred surv len freq
 1.50118e-11 1.63011e-09 1.04361e-07 3.9391e-06 8.7659e-05 0.00115012 0.00889742 0.040599 0.109468 0.17602 0.176414 0.130965 0.100079 0.0809004 0.0565941 0.0363055 0.023932 0.0161078 0.0112001 0.00822576 0.00649333 0.00557294 0.00491284 0.00382658 0.00224419
 1.46826e-11 1.59435e-09 1.02072e-07 3.8527e-06 8.57364e-05 0.0011249 0.00870258 0.039716 0.10717 0.172989 0.176503 0.139206 0.116153 0.0963418 0.0636449 0.0353492 0.019022 0.00999262 0.00525871 0.00299824 0.00191912 0.00139545 0.001108 0.000828909 0.000486272
 1.50741e-11 1.63686e-09 1.04793e-07 3.95543e-06 8.80225e-05 0.00115489 0.00893459 0.0407742 0.110016 0.177512 0.180781 0.141689 0.117076 0.096282 0.0626623 0.0335213 0.0166651 0.0074974 0.00300701 0.00118832 0.000518023 0.000272018 0.000173772 0.000116766 6.59616e-05
 1.47801e-11 1.60495e-09 1.0275e-07 3.87831e-06 8.63062e-05 0.00113238 0.00876045 0.0399805 0.10789 0.174201 0.177973 0.140974 0.11837 0.0985408 0.0651641 0.0358238 0.0182384 0.00818731 0.00311296 0.00104817 0.000329087 0.000107048 4.3114e-05 2.20157e-05 1.11048e-05
 1.51612e-11 1.64633e-09 1.05399e-07 3.9783e-06 8.85313e-05 0.00116157 0.00898621 0.041009 0.11064 0.178437 0.181344 0.141163 0.115592 0.0949813 0.062501 0.0342537 0.0174608 0.00791169 0.00304742 0.00102016 0.000297065 7.59415e-05 1.86836e-05 5.40552e-06 1.94579e-06
 1.51838e-11 1.64877e-09 1.05556e-07 3.98421e-06 8.8663e-05 0.0011633 0.00899959 0.0410704 0.11081 0.178745 0.181816 0.141927 0.116584 0.0955733 0.0621089 0.0331775 0.0164674 0.00734822 0.00281323 0.000943204 0.000275214 6.81631e-05 1.42816e-05 2.67172e-06 5.25142e-07
 1.54217e-11 1.67462e-09 1.07211e-07 4.04666e-06 9.00527e-05 0.00118153 0.00914065 0.0417143 0.112549 0.181565 0.184744 0.144316 0.118359 0.0958588 0.0599098 0.0293868 0.0131174 0.0053616 0.00189503 0.00059228 0.00016556 4.0194e-05 8.2064e-06 1.37695e-06 1.9302e-07
 1.53434e-11 1.66612e-09 1.06666e-07 4.02612e-06 8.95955e-05 0.00117553 0.00909423 0.0415022 0.111973 0.180612 0.183661 0.143206 0.117314 0.0955816 0.0610617 0.0313585 0.0146262 0.00597335 0.00200405 0.000575264 0.000146977 3.3069e-05 6.40333e-06 1.03223e-06 1.33596e-07
 1.50579e-11 1.6351e-09 1.04681e-07 3.95118e-06 8.79279e-05 0.00115365 0.00892504 0.0407316 0.109915 0.177463 0.181258 0.1434 0.11989 0.0985139 0.0627723 0.0319542 0.014846 0.00614816 0.00212345 0.000620626 0.00015454 3.23657e-05 5.72199e-06 8.49878e-07 1.0311e-07
 1.53583e-11 1.66773e-09 1.06769e-07 4.03001e-06 8.96822e-05 0.00117667 0.00910304 0.0415423 0.112081 0.180785 0.183832 0.143321 0.11736 0.0955131 0.0608372 0.0310819 0.0144731 0.00596885 0.00204516 0.000597232 0.000150581 3.18485e-05 5.51635e-06 7.71079e-07 8.60803e-08
 1.52326e-11 1.65407e-09 1.05895e-07 3.99702e-06 8.8948e-05 0.00116704 0.00902851 0.0412023 0.111165 0.179315 0.182377 0.142312 0.116819 0.0956603 0.0619753 0.0328084 0.0159339 0.00679484 0.00239903 0.000718646 0.000183765 3.91866e-05 6.85148e-06 9.6029e-07 1.0493e-07
 1.54114e-11 1.67349e-09 1.07138e-07 4.04394e-06 8.9992e-05 0.00118073 0.00913448 0.0416858 0.112468 0.181406 0.18445 0.143754 0.117582 0.0953807 0.0601977 0.0302028 0.0138562 0.00575465 0.00203203 0.000617429 0.000161173 3.50931e-05 6.23306e-06 8.82627e-07 9.70392e-08
 1.55274e-11 1.68609e-09 1.07945e-07 4.07438e-06 9.06695e-05 0.00118962 0.00920325 0.0419997 0.113316 0.182779 0.185869 0.144897 0.118419 0.0955163 0.0591688 0.0284106 0.0122366 0.00475964 0.00156022 0.000440882 0.000110454 2.39001e-05 4.29929e-06 6.19805e-07 6.92189e-08
 1.53794e-11 1.67002e-09 1.06916e-07 4.03555e-06 8.98055e-05 0.00117829 0.00911557 0.0415999 0.112242 0.181086 0.184334 0.144204 0.118559 0.0962978 0.0605212 0.0299512 0.0133333 0.00522986 0.00167463 0.000449133 0.000104821 2.11156e-05 3.61309e-06 5.11451e-07 5.73942e-08
 1.57253e-11 1.70758e-09 1.09321e-07 4.12631e-06 9.18252e-05 0.00120479 0.00932052 0.042534 0.114746 0.184993 0.187683 0.14517 0.117251 0.0938812 0.0577853 0.027414 0.0116037 0.00442809 0.00140867 0.000375857 8.57524e-05 1.64428e-05 2.6228e-06 3.4557e-07 3.67879e-08
 1.55463e-11 1.68814e-09 1.08076e-07 4.07934e-06 9.07799e-05 0.00119107 0.00921444 0.0420507 0.113451 0.182982 0.186004 0.14482 0.118162 0.0953094 0.0591891 0.0285622 0.0123085 0.00470342 0.00146939 0.000381878 8.54997e-05 1.62001e-05 2.5296e-06 3.1914e-07 3.19163e-08
 1.49717e-11 1.62575e-09 1.04082e-07 3.92857e-06 8.74247e-05 0.00114705 0.00887406 0.0405006 0.109315 0.17668 0.181331 0.145661 0.124062 0.101793 0.0626929 0.0293412 0.0121421 0.0045207 0.0013947 0.000357932 7.84824e-05 1.4464e-05 2.19932e-06 2.71334e-07 2.64232e-08
 1.51817e-11 1.64855e-09 1.05542e-07 3.98368e-06 8.8651e-05 0.00116314 0.00899846 0.041067 0.110824 0.17896 0.182926 0.145045 0.121443 0.0991455 0.0616115 0.0295509 0.0125827 0.00471819 0.00142693 0.000353419 7.50143e-05 1.35047e-05 2.00808e-06 2.41391e-07 2.28808e-08
 1.52154e-11 1.65221e-09 1.05776e-07 3.99251e-06 8.88476e-05 0.00116572 0.00901839 0.0411573 0.11106 0.17928 0.182964 0.144345 0.120096 0.0980652 0.0615972 0.0303469 0.0134168 0.00521731 0.0016427 0.000424031 9.17978e-05 1.63517e-05 2.36774e-06 2.76952e-07 2.56042e-08
 1.53913e-11 1.67131e-09 1.06999e-07 4.03868e-06 8.98751e-05 0.0011792 0.00912265 0.0416326 0.112335 0.181277 0.184716 0.144971 0.119631 0.0969549 0.0601155 0.0288356 0.0123656 0.00475049 0.00150997 0.000399997 8.9751e-05 1.65923e-05 2.4638e-06 2.88821e-07 2.62419e-08
 1.52355e-11 1.65439e-09 1.05916e-07 3.99779e-06 8.89651e-05 0.00116726 0.00903034 0.0412125 0.111218 0.179601 0.183607 0.145637 0.121907 0.0991916 0.0609506 0.0284922 0.0117645 0.00435988 0.00133544 0.000340953 7.50851e-05 1.39947e-05 2.13534e-06 2.58674e-07 2.41021e-08
 1.55328e-11 1.68668e-09 1.07983e-07 4.0758e-06 9.07012e-05 0.00119004 0.00920648 0.0420148 0.113361 0.182885 0.186137 0.145508 0.119327 0.0961726 0.059061 0.0277079 0.0114684 0.00421773 0.00126119 0.000309126 6.49069e-05 1.15932e-05 1.72201e-06 2.07917e-07 1.97101e-08
 1.54704e-11 1.6799e-09 1.07549e-07 4.05943e-06 9.03369e-05 0.00118526 0.00916953 0.0418465 0.112912 0.182202 0.185633 0.145611 0.119983 0.0968809 0.0594227 0.027765 0.0114393 0.0042051 0.00126238 0.000310084 6.4407e-05 1.11653e-05 1.58804e-06 1.83612e-07 1.68915e-08
 1.59763e-11 1.73484e-09 1.11066e-07 4.19219e-06 9.32911e-05 0.00122402 0.00946928 0.0432123 0.116567 0.187862 0.190274 0.146317 0.116995 0.0926456 0.0557489 0.0250692 0.00978078 0.00344116 0.00100017 0.000238394 4.83971e-05 8.27601e-06 1.1594e-06 1.30498e-07 1.15539e-08
 1.60213e-11 1.73972e-09 1.11379e-07 4.20399e-06 9.35538e-05 0.00122746 0.00949593 0.0433337 0.116892 0.188362 0.190671 0.146339 0.116671 0.0922448 0.0554735 0.024917 0.00968181 0.00336803 0.00095546 0.000219039 4.25757e-05 7.0143e-06 9.5495e-07 1.0526e-07 9.14449e-09
 1.61862e-11 1.75763e-09 1.12525e-07 4.24725e-06 9.45166e-05 0.0012401 0.00959362 0.043779 0.118085 0.190222 0.192259 0.146776 0.116013 0.0910707 0.0541808 0.0237405 0.00888382 0.00299681 0.00083217 0.000186272 3.50574e-05 5.54521e-06 7.20869e-07 7.60468e-08 6.37798e-09
 1.62952e-11 1.76947e-09 1.13283e-07 4.27586e-06 9.51531e-05 0.00124845 0.00965822 0.0440734 0.118875 0.191454 0.193318 0.147091 0.115619 0.0903288 0.0533324 0.0229415 0.00832187 0.00271892 0.000730445 0.000156632 2.8139e-05 4.27544e-06 5.3518e-07 5.41467e-08 4.3391e-09
 1.61305e-11 1.75158e-09 1.12138e-07 4.23263e-06 9.41912e-05 0.00123583 0.00956061 0.0436285 0.117683 0.189598 0.191743 0.146685 0.116327 0.0915453 0.0546349 0.0240953 0.00907982 0.00304944 0.000825314 0.00017565 3.09233e-05 4.54812e-06 5.4606e-07 5.28699e-08 4.06187e-09
#obs surv len freq
 1.26571e-11 1.37441e-09 8.79907e-08 3.32122e-06 7.39092e-05 0.00096973 0.00750252 0.0342475 0.0925196 0.150156 0.156866 0.133056 0.123255 0.112215 0.0841826 0.0539686 0.0301658 0.0138677 0.0050882 0.00147447 0.000327924 5.39608e-05 6.3565e-06 5.20462e-07 2.88551e-08
 1.36251e-11 1.47953e-09 9.47207e-08 3.57524e-06 7.95622e-05 0.0010439 0.00807633 0.0368658 0.0995719 0.161378 0.167295 0.137874 0.121712 0.106121 0.0758134 0.0455482 0.0237488 0.0101992 0.00349194 0.000945644 0.000197396 3.0554e-05 3.3794e-06 2.58492e-07 1.32973e-08
 1.34925e-11 1.46513e-09 9.37986e-08 3.54043e-06 7.87877e-05 0.00103375 0.00799797 0.0365121 0.0986626 0.160204 0.167165 0.139745 0.124438 0.1078 0.0759797 0.044684 0.0225373 0.00924828 0.00298645 0.000754235 0.00014592 2.09025e-05 2.1418e-06 1.51976e-07 7.25261e-09
 1.28811e-11 1.39874e-09 8.95485e-08 3.38002e-06 7.5218e-05 0.000986921 0.0076361 0.0348685 0.0943211 0.153851 0.163321 0.142456 0.131835 0.114368 0.0788362 0.0446137 0.0213883 0.0082616 0.00248316 0.000577976 0.000102426 1.33903e-05 1.25027e-06 8.09112e-08 3.52995e-09
 1.43503e-11 1.55828e-09 9.97622e-08 3.76553e-06 8.37971e-05 0.00109948 0.0085066 0.0388345 0.104926 0.170147 0.175954 0.141839 0.118837 0.0992938 0.0696352 0.0407797 0.0198086 0.00751926 0.00216929 0.000475372 7.80522e-05 9.34337e-06 7.92999e-07 4.6486e-08 1.83577e-09
 1.30439e-11 1.41641e-09 9.068e-08 3.42273e-06 7.61688e-05 0.000999412 0.00773326 0.0353214 0.0956409 0.15654 0.167741 0.147967 0.135327 0.113091 0.0739485 0.0392104 0.0176477 0.00646194 0.00183083 0.000390822 6.1235e-05 6.853e-06 5.35339e-07 2.85865e-08 1.02219e-09
 1.37264e-11 1.49053e-09 9.54249e-08 3.60183e-06 8.01544e-05 0.0010517 0.00813767 0.0371632 0.10055 0.163925 0.172601 0.144822 0.12538 0.104753 0.0724622 0.0412258 0.0189723 0.00668808 0.00177211 0.000354575 5.27701e-05 5.63994e-06 4.18002e-07 2.09071e-08 6.91225e-10
 1.26785e-11 1.37674e-09 8.81401e-08 3.32687e-06 7.40359e-05 0.00097145 0.00751759 0.0343486 0.0931286 0.153106 0.166065 0.149099 0.136811 0.114062 0.0758208 0.0413251 0.0187385 0.00670525 0.00180854 0.000358505 5.10525e-05 5.11293e-06 3.53348e-07 1.65123e-08 5.1055e-10
 1.34412e-11 1.45955e-09 9.3442e-08 3.52699e-06 7.84894e-05 0.00102988 0.00796963 0.0364097 0.0986504 0.161614 0.172597 0.148374 0.129472 0.106392 0.0718961 0.0397776 0.0177438 0.00608055 0.00156532 0.000299923 4.17065e-05 4.06378e-06 2.69194e-07 1.18575e-08 3.41551e-10
 1.22232e-11 1.3273e-09 8.49749e-08 3.2074e-06 7.13781e-05 0.000936608 0.00724895 0.0331376 0.090005 0.148839 0.163981 0.15066 0.139324 0.116092 0.0781027 0.0431665 0.0194684 0.0068028 0.00177341 0.000336841 4.54839e-05 4.26051e-06 2.70677e-07 1.14153e-08 3.13272e-10
 1.36195e-11 1.47892e-09 9.46815e-08 3.57378e-06 7.95313e-05 0.00104358 0.00807632 0.0369077 0.100087 0.164332 0.176045 0.150576 0.128427 0.103253 0.0691425 0.0379748 0.0167058 0.00562825 0.00141751 0.000262142 3.45725e-05 3.14693e-06 1.92388e-07 7.73557e-09 2.01168e-10
 1.23333e-11 1.33925e-09 8.57402e-08 3.2363e-06 7.20221e-05 0.000945108 0.00731611 0.0334669 0.0911045 0.151716 0.169985 0.159002 0.144879 0.114528 0.0710772 0.0355154 0.0144601 0.0046056 0.00110386 0.000193837 2.42427e-05 2.09686e-06 1.22131e-07 4.68056e-09 1.15746e-10
 1.2617e-11 1.37006e-09 8.77128e-08 3.31076e-06 7.36794e-05 0.000966863 0.0074846 0.0342369 0.0931693 0.154804 0.171681 0.156533 0.139624 0.111765 0.0722223 0.0371245 0.0147859 0.00439156 0.000960401 0.000154096 1.77936e-05 1.43269e-06 7.79897e-08 2.79885e-09 6.49081e-11
 1.25851e-11 1.3666e-09 8.74909e-08 3.30239e-06 7.3494e-05 0.000964462 0.00746687 0.0341689 0.0930956 0.155209 0.173399 0.159122 0.140837 0.110535 0.0699977 0.0355842 0.014209 0.00425241 0.000923088 0.000142442 1.53359e-05 1.13139e-06 5.6211e-08 1.84727e-09 3.9425e-11
 1.26514e-11 1.3738e-09 8.79519e-08 3.3198e-06 7.38823e-05 0.000969593 0.00750751 0.0343679 0.0937444 0.156758 0.17611 0.162048 0.141954 0.109143 0.0672372 0.0329553 0.0126151 0.0036257 0.0007608 0.000114014 1.18816e-05 8.38031e-07 3.91366e-08 1.19028e-09 2.32691e-11
 1.23415e-11 1.34014e-09 8.57974e-08 3.2385e-06 7.2074e-05 0.000945917 0.00732556 0.0335556 0.0917049 0.154203 0.175504 0.164329 0.144916 0.110897 0.0676801 0.0326036 0.0121276 0.00335396 0.000672477 9.59342e-05 9.51165e-06 6.38686e-07 2.83726e-08 8.1769e-10 1.50464e-11
 1.13817e-11 1.23592e-09 7.91256e-08 2.98669e-06 6.6472e-05 0.000872487 0.0067593 0.0309985 0.0850437 0.144697 0.169655 0.166462 0.152023 0.118195 0.072812 0.0351533 0.0129581 0.00351399 0.00068386 9.36799e-05 8.83466e-06 5.60572e-07 2.3447e-08 6.35219e-10 1.09795e-11
 1.18131e-11 1.28277e-09 8.21249e-08 3.09991e-06 6.89925e-05 0.000905587 0.00701596 0.032175 0.0882256 0.149631 0.17324 0.165334 0.147201 0.113981 0.0709379 0.0344968 0.012662 0.00338465 0.000643739 8.54023e-05 7.72758e-06 4.66436e-07 1.84248e-08 4.68742e-10 7.57786e-12
 1.24561e-11 1.35259e-09 8.65949e-08 3.26866e-06 7.2749e-05 0.00095493 0.00739889 0.0339368 0.093065 0.157633 0.180986 0.168307 0.143729 0.106456 0.0635235 0.0298352 0.0106916 0.00280909 0.000524473 6.78228e-05 5.92925e-06 3.42918e-07 1.28853e-08 3.09883e-10 4.71057e-12
 1.16711e-11 1.26735e-09 8.11382e-08 3.06274e-06 6.81699e-05 0.000894985 0.00693838 0.0318809 0.0878974 0.151144 0.179615 0.175054 0.152657 0.110825 0.0630511 0.0278391 0.00935286 0.00231386 0.000409718 5.05802e-05 4.23544e-06 2.34504e-07 8.40741e-09 1.92036e-10 2.75947e-12
 1.1767e-11 1.27776e-09 8.18051e-08 3.08794e-06 6.87323e-05 0.000902415 0.00699682 0.0321563 0.0886676 0.152283 0.179828 0.173052 0.150191 0.110722 0.0644629 0.0286355 0.00939895 0.00221703 0.000369125 4.26332e-05 3.34195e-06 1.73706e-07 5.86245e-09 1.26245e-10 1.71044e-12
 1.22514e-11 1.33036e-09 8.51729e-08 3.21509e-06 7.1564e-05 0.000939647 0.00728635 0.0334931 0.0923508 0.158301 0.18515 0.17381 0.145933 0.104802 0.0601239 0.0265837 0.00872752 0.00204915 0.000334496 3.71371e-05 2.75083e-06 1.33638e-07 4.19404e-09 8.38818e-11 1.05626e-12
 1.16921e-11 1.26964e-09 8.12859e-08 3.06846e-06 6.83061e-05 0.000897098 0.0069615 0.0320664 0.0889207 0.154611 0.186031 0.180325 0.15222 0.106126 0.0579159 0.0242511 0.00758749 0.00171332 0.000270615 2.90829e-05 2.07437e-06 9.61726e-08 2.85154e-09 5.34012e-11 6.25443e-13
 1.17924e-11 1.28053e-09 8.1984e-08 3.09486e-06 6.88971e-05 0.000904959 0.00702432 0.0323731 0.0898508 0.156322 0.187641 0.180451 0.151178 0.105183 0.0570339 0.0232887 0.00695451 0.00147927 0.000219387 2.22013e-05 1.49743e-06 6.58228e-08 1.85044e-09 3.27794e-11 3.61739e-13
 1.18869e-11 1.2908e-09 8.26426e-08 3.11982e-06 6.94583e-05 0.000912523 0.00708684 0.0327043 0.0910417 0.159296 0.192468 0.184551 0.15108 0.101045 0.0522786 0.020338 0.00578138 0.00116486 0.000162249 1.52967e-05 9.57007e-07 3.90032e-08 1.01862e-09 1.68082e-11 1.7317e-13
 1.12435e-11 1.22094e-09 7.81714e-08 2.95119e-06 6.57132e-05 0.000863645 0.00671384 0.0310612 0.0870067 0.15437 0.191198 0.188483 0.15647 0.10428 0.0529648 0.0199301 0.00541053 0.00103219 0.000135359 1.19586e-05 6.97797e-07 2.64043e-08 6.37904e-10 9.7151e-12 9.23084e-14
 1.12794e-11 1.22485e-09 7.84226e-08 2.96077e-06 6.59316e-05 0.000866668 0.00673982 0.0312027 0.087486 0.155266 0.191747 0.187746 0.15533 0.104029 0.0531586 0.0199315 0.00531257 0.000980568 0.000122808 1.02523e-05 5.60818e-07 1.97836e-08 4.43828e-10 6.25817e-12 5.49226e-14
 1.13185e-11 1.22911e-09 7.8697e-08 2.97131e-06 6.61765e-05 0.000870207 0.00677325 0.0314195 0.0884576 0.158112 0.196663 0.191766 0.154758 0.0995688 0.0486579 0.0174945 0.00448925 0.000798067 9.58648e-05 7.62176e-06 3.94003e-07 1.30435e-08 2.73058e-10 3.57729e-12 2.90763e-14
#pred catch len freq
 9.74033e-12 1.05768e-09 6.77139e-08 2.55586e-06 5.68773e-05 0.000746272 0.00577401 0.0263653 0.0713424 0.116759 0.126663 0.119599 0.124138 0.116686 0.0874025 0.0596735 0.0411472 0.0282665 0.0198174 0.0146001 0.0115364 0.00990368 0.00873107 0.00680063 0.0039884
 1.02982e-11 1.11826e-09 7.1592e-08 2.70225e-06 6.0135e-05 0.000789019 0.00610496 0.0278812 0.0755085 0.124095 0.137004 0.135018 0.144755 0.133969 0.0924928 0.0536048 0.0299489 0.0160417 0.00851412 0.00487222 0.00312252 0.0022712 0.00180347 0.00134921 0.000791505
 1.04739e-11 1.13734e-09 7.28136e-08 2.74835e-06 6.11611e-05 0.000802483 0.00620917 0.0283578 0.0768094 0.126313 0.139822 0.138657 0.149342 0.137947 0.0940743 0.052677 0.0272994 0.0125564 0.00508804 0.00202208 0.000883823 0.000464501 0.000296791 0.000199434 0.000112662
 1.02797e-11 1.11626e-09 7.14638e-08 2.6974e-06 6.00272e-05 0.000787607 0.0060941 0.0278331 0.0753994 0.124085 0.137774 0.137657 0.14942 0.139028 0.0962218 0.0552839 0.0292422 0.0133867 0.00513567 0.00173793 0.000547111 0.000178182 7.17937e-05 3.66642e-05 1.84937e-05
 1.07224e-11 1.16432e-09 7.45409e-08 2.81355e-06 6.26118e-05 0.000821516 0.00635634 0.0290279 0.0785951 0.129015 0.141735 0.138003 0.146383 0.13501 0.0930537 0.0532702 0.0282009 0.0130291 0.00506277 0.00170285 0.000497069 0.000127211 3.13123e-05 9.06098e-06 3.26179e-06
 1.13957e-11 1.23744e-09 7.9222e-08 2.99024e-06 6.65438e-05 0.000873102 0.00675533 0.0308463 0.0834695 0.13662 0.148256 0.139894 0.143881 0.13044 0.0879723 0.0485366 0.0248001 0.0112376 0.00433142 0.00145728 0.000425953 0.000105577 2.21277e-05 4.14009e-06 8.13803e-07
 1.13166e-11 1.22885e-09 7.86721e-08 2.96948e-06 6.60819e-05 0.000867045 0.00670856 0.0306352 0.0829315 0.136007 0.148818 0.143339 0.149834 0.134997 0.0876508 0.0445232 0.0206167 0.00861278 0.0030738 0.00096544 0.000270553 6.57554e-05 1.3431e-05 2.25397e-06 3.15981e-07
 1.12903e-11 1.22599e-09 7.84893e-08 2.96258e-06 6.59284e-05 0.00086503 0.00669294 0.0305631 0.0827256 0.135584 0.147966 0.141627 0.147466 0.133653 0.0888097 0.0472568 0.0227985 0.00948559 0.00320891 0.000925453 0.000237094 5.34128e-05 1.03479e-05 1.66845e-06 2.15953e-07
 1.10648e-11 1.20151e-09 7.69215e-08 2.90341e-06 6.46115e-05 0.000847753 0.00655934 0.0299547 0.0811023 0.133112 0.146138 0.141968 0.149776 0.136111 0.0899882 0.047386 0.0227572 0.00960089 0.00334316 0.000981347 0.000244944 5.13575e-05 9.08428e-06 1.34958e-06 1.6375e-07
 1.10111e-11 1.19567e-09 7.65479e-08 2.8893e-06 6.42977e-05 0.000843635 0.00652749 0.0298094 0.0807109 0.132485 0.145526 0.141569 0.149605 0.136259 0.0905671 0.0481673 0.0233195 0.00982766 0.00340008 0.000998194 0.000252427 5.34636e-05 9.26578e-06 1.29552e-06 1.44643e-07
 1.12805e-11 1.22493e-09 7.84212e-08 2.96001e-06 6.58711e-05 0.000864278 0.00668709 0.0305357 0.0826427 0.135376 0.147412 0.140329 0.14553 0.132273 0.0890991 0.0488281 0.024469 0.0106096 0.00377367 0.00113502 0.000290884 6.20941e-05 1.08617e-05 1.52267e-06 1.66395e-07
 1.1785e-11 1.27971e-09 8.19283e-08 3.09239e-06 6.88169e-05 0.000902927 0.00698604 0.0318989 0.0863042 0.141152 0.152665 0.142757 0.145184 0.129819 0.0847581 0.0437635 0.0206575 0.00872042 0.00310128 0.000945718 0.000247332 5.38991e-05 9.57684e-06 1.35634e-06 1.49131e-07
 1.16906e-11 1.26946e-09 8.12719e-08 3.06761e-06 6.82656e-05 0.000895695 0.00693015 0.0316452 0.0856387 0.140231 0.152441 0.144399 0.148484 0.132579 0.0850495 0.0420942 0.0187307 0.00743261 0.00245813 0.000697813 0.000175269 3.79691e-05 6.83336e-06 9.85315e-07 1.10047e-07
 1.18652e-11 1.28842e-09 8.24859e-08 3.11343e-06 6.92853e-05 0.000909073 0.00703359 0.0321158 0.0868896 0.142096 0.153624 0.14349 0.145709 0.130003 0.0843715 0.0428802 0.0196045 0.00780946 0.00251763 0.000677687 0.000158504 3.1964e-05 5.47185e-06 7.74714e-07 8.69434e-08
 1.20352e-11 1.30688e-09 8.36676e-08 3.15804e-06 7.02779e-05 0.000922095 0.00713433 0.0325755 0.0881289 0.144087 0.155608 0.144897 0.146483 0.129752 0.082624 0.0403202 0.0175993 0.00684607 0.0021964 0.000588561 0.000134609 2.5842e-05 4.1243e-06 5.43533e-07 5.78679e-08
 1.21231e-11 1.31642e-09 8.42785e-08 3.18109e-06 7.0791e-05 0.000928827 0.00718638 0.0328123 0.0887584 0.145026 0.156206 0.144451 0.145108 0.128483 0.0823095 0.0407229 0.0180114 0.00699167 0.00219934 0.000573653 0.000128713 2.4414e-05 3.81398e-06 4.81277e-07 4.81355e-08
 1.15319e-11 1.25223e-09 8.0169e-08 3.02598e-06 6.73392e-05 0.000883542 0.0068362 0.0312179 0.084506 0.138566 0.151511 0.145626 0.151649 0.135467 0.0857856 0.0410922 0.0174553 0.00660888 0.0020541 0.000529122 0.000116268 2.14509e-05 3.2633e-06 4.02686e-07 3.92183e-08
 1.14773e-11 1.24629e-09 7.97889e-08 3.01163e-06 6.702e-05 0.000879352 0.00680378 0.0310696 0.0841024 0.137886 0.150682 0.14465 0.150614 0.135068 0.0866673 0.0427383 0.0187468 0.00715799 0.00218208 0.000542753 0.000115508 2.08237e-05 3.0983e-06 3.72547e-07 3.53168e-08
 1.16702e-11 1.26724e-09 8.11301e-08 3.06226e-06 6.81465e-05 0.000894132 0.00691805 0.0315896 0.0854847 0.139949 0.152001 0.143677 0.147565 0.132128 0.0856544 0.0433365 0.0196836 0.00777573 0.00246509 0.000638638 0.000138561 2.47093e-05 3.57982e-06 4.1883e-07 3.87252e-08
 1.20142e-11 1.3046e-09 8.35217e-08 3.15253e-06 7.01554e-05 0.000920487 0.00712189 0.0325187 0.0879754 0.143837 0.155346 0.144676 0.146318 0.129741 0.0828708 0.0407134 0.017908 0.0069875 0.00223617 0.00059442 0.000133638 2.47297e-05 3.67374e-06 4.30744e-07 3.91405e-08
 1.18862e-11 1.2907e-09 8.26317e-08 3.11893e-06 6.94078e-05 0.00091068 0.00704607 0.0321739 0.0870611 0.142493 0.154586 0.145641 0.148829 0.132025 0.0834281 0.0398864 0.0168873 0.00635992 0.00196196 0.000502712 0.000110941 2.06993e-05 3.15978e-06 3.82849e-07 3.56751e-08
 1.21421e-11 1.31849e-09 8.44108e-08 3.18609e-06 7.09022e-05 0.000930285 0.00719768 0.0328644 0.0889053 0.145315 0.156743 0.145475 0.146528 0.129386 0.0818579 0.0393192 0.0167006 0.00624356 0.00188047 0.000462631 9.73601e-05 1.74105e-05 2.58747e-06 3.12486e-07 2.96259e-08
 1.2375e-11 1.34378e-09 8.60298e-08 3.2472e-06 7.2262e-05 0.000948127 0.00733566 0.033493 0.0905869 0.147911 0.158835 0.145679 0.144965 0.127299 0.0801863 0.0382212 0.0160942 0.00599931 0.00181205 0.000446469 9.29053e-05 1.61211e-05 2.2939e-06 2.65279e-07 2.44067e-08
 1.28103e-11 1.39105e-09 8.90563e-08 3.36143e-06 7.48041e-05 0.000981478 0.00759361 0.0346686 0.0937369 0.152816 0.162996 0.146748 0.143099 0.124128 0.0768448 0.0352664 0.0140892 0.00503884 0.00147535 0.000352913 7.17985e-05 1.22914e-05 1.7228e-06 1.93954e-07 1.7174e-08
 1.30378e-11 1.41575e-09 9.06376e-08 3.42112e-06 7.61323e-05 0.000998904 0.00772837 0.0352825 0.0953779 0.15534 0.164982 0.146791 0.141342 0.121967 0.07535 0.0344761 0.0136832 0.00483024 0.00137926 0.000317206 6.17783e-05 1.01889e-05 1.38783e-06 1.53008e-07 1.32939e-08
 1.3332e-11 1.44769e-09 9.26827e-08 3.49831e-06 7.78501e-05 0.00102144 0.00790268 0.0360768 0.0975058 0.158649 0.167765 0.147434 0.139958 0.119733 0.0731014 0.0325703 0.0124317 0.00425479 0.00118931 0.000267043 5.03534e-05 7.97291e-06 1.03697e-06 1.09418e-07 9.17768e-09
 1.32379e-11 1.43748e-09 9.20289e-08 3.47363e-06 7.7301e-05 0.00101424 0.00784697 0.0358234 0.0968321 0.157644 0.16713 0.14793 0.141472 0.12117 0.0735522 0.03222 0.011954 0.00397356 0.00107609 0.000231614 4.1706e-05 6.34523e-06 7.94769e-07 8.04332e-08 6.44641e-09
 1.27018e-11 1.37927e-09 8.83019e-08 3.33296e-06 7.41705e-05 0.000973165 0.00752934 0.0343761 0.0929596 0.151657 0.162261 0.147317 0.144852 0.125828 0.0774548 0.034946 0.0135371 0.00463734 0.00126634 0.000270684 4.77888e-05 7.04049e-06 8.45996e-07 8.19412e-08 6.29647e-09
#obs catch len freq
 1.03044e-11 1.11893e-09 7.1635e-08 2.70387e-06 6.01712e-05 0.000789492 0.00610857 0.0278958 0.0755156 0.123794 0.135045 0.129051 0.136089 0.131419 0.10169 0.067113 0.0383879 0.0179276 0.0066521 0.00194267 0.000435014 7.23176e-05 8.6613e-06 7.25632e-07 4.13257e-08
 1.12408e-11 1.22061e-09 7.81448e-08 2.94958e-06 6.56392e-05 0.000861236 0.00666361 0.0304284 0.0823346 0.134617 0.144929 0.133026 0.133415 0.12467 0.0938287 0.0599163 0.0330816 0.0149276 0.00534862 0.00150387 0.000322288 5.07654e-05 5.68866e-06 4.40566e-07 2.29883e-08
 1.22323e-11 1.32828e-09 8.50379e-08 3.20976e-06 7.14292e-05 0.000937206 0.00725138 0.0331111 0.0895685 0.146177 0.155847 0.138432 0.132324 0.118554 0.0849211 0.0507851 0.0261396 0.0110083 0.00367703 0.000965306 0.00019395 2.86994e-05 3.0156e-06 2.17929e-07 1.05421e-08
 1.24318e-11 1.34995e-09 8.64249e-08 3.26212e-06 7.25944e-05 0.000952499 0.00736987 0.033655 0.0910661 0.148752 0.158842 0.140824 0.132992 0.11724 0.0825543 0.0481991 0.0239415 0.00961401 0.00302337 0.000739104 0.00013747 1.88057e-05 1.82878e-06 1.22477e-07 5.4912e-09
 1.18795e-11 1.28997e-09 8.25851e-08 3.11719e-06 6.93693e-05 0.000910198 0.00704305 0.0321721 0.0871659 0.143143 0.155794 0.144014 0.140293 0.123226 0.0846793 0.0475035 0.0223967 0.00845282 0.00247055 0.000555906 9.46023e-05 1.17997e-05 1.04483e-06 6.37754e-08 2.61225e-09
 1.35732e-11 1.47389e-09 9.43598e-08 3.56162e-06 7.92596e-05 0.00103995 0.00804656 0.0367438 0.0993855 0.161893 0.170247 0.143185 0.125413 0.10614 0.0741794 0.0429611 0.0204631 0.00757212 0.00212004 0.000448322 7.05849e-05 8.05293e-06 6.47676e-07 3.5791e-08 1.32642e-09
 1.22811e-11 1.33359e-09 8.53774e-08 3.22259e-06 7.17153e-05 0.000940996 0.0072819 0.0332723 0.0902323 0.148603 0.162651 0.150111 0.142301 0.119529 0.0776604 0.0407354 0.0179985 0.00642242 0.00176291 0.000362377 5.43441e-05 5.78865e-06 4.28134e-07 2.15401e-08 7.22595e-10
 1.30848e-11 1.42085e-09 9.09643e-08 3.43346e-06 7.64079e-05 0.00100256 0.00775805 0.0354406 0.0960094 0.157284 0.168377 0.146618 0.131186 0.110266 0.0757631 0.0424899 0.0191165 0.00655243 0.00168091 0.00032371 4.60586e-05 4.67788e-06 3.27783e-07 1.54323e-08 4.78447e-10
 1.2178e-11 1.32239e-09 8.46605e-08 3.19553e-06 7.11136e-05 0.000933127 0.00722172 0.033009 0.0896261 0.148134 0.16336 0.151336 0.141744 0.118025 0.0777522 0.0417799 0.0185251 0.00643671 0.00167611 0.00031891 4.33464e-05 4.12171e-06 2.69082e-07 1.18244e-08 3.425e-10
 1.29023e-11 1.40104e-09 8.9696e-08 3.3856e-06 7.53434e-05 0.000988627 0.0076511 0.0349673 0.0948752 0.156224 0.169536 0.150506 0.134619 0.110794 0.0741963 0.0403839 0.0175783 0.00584413 0.00145206 0.000266831 3.53566e-05 3.26477e-06 2.0401e-07 8.44348e-09 2.27725e-10
 1.18823e-11 1.29028e-09 8.26048e-08 3.11795e-06 6.93879e-05 0.00091052 0.00704781 0.0322313 0.0876727 0.14571 0.162803 0.153029 0.143076 0.118576 0.0788792 0.042848 0.0188384 0.00637451 0.00159984 0.000290793 3.73612e-05 3.31254e-06 1.98268e-07 7.8461e-09 2.01392e-10
 1.34077e-11 1.45592e-09 9.32091e-08 3.51821e-06 7.82951e-05 0.00102738 0.00795165 0.0363491 0.098677 0.162574 0.175797 0.152687 0.131099 0.104663 0.0691768 0.037255 0.0159488 0.00519859 0.00125955 0.00022263 2.78901e-05 2.39893e-06 1.37985e-07 5.20068e-09 1.26382e-10
 1.21816e-11 1.32278e-09 8.46854e-08 3.1965e-06 7.11371e-05 0.000933526 0.00722734 0.0330748 0.0901635 0.150785 0.170639 0.161517 0.147052 0.114884 0.0702463 0.0344195 0.013637 0.00419812 0.000966662 0.000162051 1.92326e-05 1.57026e-06 8.59441e-08 3.08366e-09 7.11814e-11
 1.25004e-11 1.35739e-09 8.69018e-08 3.28016e-06 7.29991e-05 0.00095797 0.00741666 0.0339399 0.0924809 0.154244 0.172559 0.158953 0.141624 0.112036 0.0712036 0.035759 0.0138152 0.00396005 0.000831646 0.000127343 1.39434e-05 1.05873e-06 5.41059e-08 1.8162e-09 3.92802e-11
 1.25503e-11 1.36281e-09 8.72487e-08 3.29326e-06 7.32916e-05 0.000961844 0.00744755 0.0340944 0.0930078 0.155585 0.175007 0.161501 0.142105 0.109963 0.0684297 0.0339725 0.0131453 0.00378841 0.000787532 0.00011573 1.18035e-05 8.20874e-07 3.82733e-08 1.17578e-09 2.33848e-11
 1.26501e-11 1.37365e-09 8.7943e-08 3.31948e-06 7.38761e-05 0.000969555 0.00750827 0.0343863 0.093913 0.157549 0.178063 0.164413 0.142856 0.108124 0.0653637 0.0312486 0.0115815 0.00320318 0.000643032 9.1633e-05 9.03049e-06 5.99586e-07 2.62576e-08 7.4636e-10 1.3597e-11
 1.23663e-11 1.34284e-09 8.59705e-08 3.24505e-06 7.2221e-05 0.000947895 0.00734208 0.0336476 0.0920809 0.155345 0.177776 0.166742 0.145587 0.109549 0.0655237 0.0307413 0.0110556 0.00293851 0.000563023 7.62973e-05 7.14619e-06 4.51189e-07 1.87735e-08 5.05179e-10 8.65751e-12
 1.14561e-11 1.244e-09 7.96426e-08 3.00623e-06 6.69083e-05 0.000878271 0.00680546 0.0312278 0.0858012 0.14647 0.172502 0.169018 0.152391 0.116344 0.0701483 0.0329303 0.011718 0.00304936 0.00056622 7.35801e-05 6.54803e-06 3.90307e-07 1.52781e-08 3.86147e-10 6.21098e-12
 1.19275e-11 1.29519e-09 8.29202e-08 3.12996e-06 6.96627e-05 0.000914445 0.00708594 0.032513 0.0892706 0.151819 0.176326 0.167771 0.147298 0.111885 0.0680495 0.032121 0.0113642 0.00291081 0.000527425 6.62813e-05 5.65238e-06 3.20179e-07 1.18267e-08 2.80517e-10 4.21772e-12
 1.26101e-11 1.36932e-09 8.76659e-08 3.30911e-06 7.36512e-05 0.000966838 0.00749258 0.0343837 0.0944022 0.160252 0.184308 0.170478 0.143229 0.103896 0.0605373 0.0275843 0.00951949 0.00239318 0.00042498 5.19789e-05 4.27712e-06 2.3189e-07 8.14062e-09 1.82399e-10 2.57731e-12
 1.18349e-11 1.28514e-09 8.22772e-08 3.10577e-06 6.913e-05 0.000907674 0.00703851 0.0323615 0.0893503 0.154018 0.183244 0.177289 0.151835 0.107824 0.059837 0.0256111 0.00828104 0.00195905 0.00032966 3.84484e-05 3.02649e-06 1.56889e-07 5.24956e-09 1.11621e-10 1.48998e-12
 1.19483e-11 1.29746e-09 8.30664e-08 3.13559e-06 6.97954e-05 0.000916464 0.00710757 0.0326858 0.0902502 0.155341 0.183575 0.175328 0.149419 0.107648 0.0609997 0.0262022 0.00826227 0.00186153 0.00029431 3.20919e-05 2.36292e-06 1.14887e-07 3.61509e-09 7.23982e-11 9.10399e-13
 1.24669e-11 1.35377e-09 8.66719e-08 3.27172e-06 7.28274e-05 0.000956332 0.0074176 0.0341166 0.0941822 0.16171 0.189052 0.175846 0.144755 0.101479 0.0566174 0.0241815 0.0076142 0.00170403 0.000263642 2.75999e-05 1.91899e-06 8.71685e-08 2.54952e-09 4.73946e-11 5.53549e-13
 1.19259e-11 1.29503e-09 8.2912e-08 3.1299e-06 6.96775e-05 0.000915228 0.00710441 0.0327475 0.0909294 0.158344 0.190215 0.18227 0.15057 0.102361 0.0542887 0.0219486 0.00658219 0.00141527 0.000211579 2.14081e-05 1.4314e-06 6.19933e-08 1.71221e-09 2.97974e-11 3.23672e-13
 1.20571e-11 1.30928e-09 8.38251e-08 3.16444e-06 7.04498e-05 0.00092548 0.00718589 0.0331401 0.0920882 0.160387 0.192029 0.182334 0.14929 0.1011 0.053155 0.0209156 0.00597965 0.0012103 0.000169781 1.61621e-05 1.02077e-06 4.18674e-08 1.09524e-09 1.80154e-11 1.84294e-13
 1.21588e-11 1.32033e-09 8.45338e-08 3.1913e-06 7.10545e-05 0.000933642 0.00725345 0.0334975 0.0933611 0.163495 0.196889 0.186192 0.148813 0.0967873 0.0485147 0.0181694 0.00493838 0.000945572 0.000124456 1.10308e-05 6.45919e-07 2.45492e-08 5.96167e-10 9.12675e-12 8.70891e-14
 1.15215e-11 1.25114e-09 8.01058e-08 3.02432e-06 6.73475e-05 0.000885302 0.00688518 0.031881 0.0894198 0.158767 0.195842 0.190191 0.154034 0.0997371 0.0490128 0.0177317 0.00459777 0.000832774 0.000103104 8.55627e-06 4.66983e-07 1.64712e-08 3.69907e-10 5.22523e-12 4.59671e-14
 1.15787e-11 1.25736e-09 8.05055e-08 3.03953e-06 6.76919e-05 0.000889995 0.00692429 0.0320833 0.0900615 0.159898 0.19655 0.189469 0.152795 0.0992766 0.0489896 0.0176276 0.0044808 0.00078422 9.26356e-05 7.25899e-06 3.71204e-07 1.22009e-08 2.54354e-10 3.32569e-12 2.70182e-14
#spawning biomass
 14838.5 17840.1 19714.2 25155.7 30858.4 38545.2 40521.4 49387.6 57129.1 64190.6 82110.8 91814 96962.3 111372 115337 131399 129959 123525 130197 131203 127596 123861 125618 118728 123901 124022 123192 131820 146548 251861 277818 263146 232146 198262 167934 143444 124879 111387 101866 95290.4 90819.6 87813.4 85796.1 84442.9 83569.3 83005.4 82641.3 82406.3 82254.6 82156.6 82093.4 82052.6 82026.2 82009.2 81998.2 81991.2 81986.6 81983.6 81981.7 81980.5 81979.7 81979.2 81978.8 81978.6 81978.5 81978.4 81978.3 81978.3 81978.3 81978.3 81978.3 81978.3 81978.2 81978.2 81978.2 81978.2 81978.2 81978.2 81978.2 81978.2 81978.2 81978.2 81978.2 81978.2 81978.2 81978.2 81978.2 81978.2 81978.2 81978.2 81978.2 81978.2 81978.2 81978.2 81978.2 81978.2 81978.2 81978.2 81978.2 81978.2 81978.2 81978.2 81978.2 81978.2 81978.2 81978.2 81978.2 81978.2 81978.2 81978.2 81978.2 81978.2 81978.2 81978.2 81978.2 81978.2 81978.2 81978.2 81978.2 81978.2 81978.2 81978.2 81978.2 81978.2 81978.2 81978.2 81978.2 81978.2 0 0 0 0 0 0 0 0 0 0 0 0 0 0 0 0 0 0 0 0 0 0 0 0 0
