SBPRF35
0.405912
Curr Bio
98547.3
B35
463416
F35
0.315558
FOFL
0.0739791
OFL
6882.17
Bzero
115975
#pred survey bio
 39402.3 35301.5 22302.4 15851.3 19001.8 28012.4 34973.3 38891.4 46126.3 54667.7 67546.9 71180 81770.5 94980.2 92458.4 101023 91293 106562 107581 106338 128221 127258 121810 123371 112178 113302 121273 104198 4.62162e+06 4.87504e+06 4.59354e+06 3.81498e+06 2.99519e+06 2.32622e+06 1.84334e+06 1.51798e+06 1.30729e+06 1.17373e+06 1.08974e+06 1.03685e+06 1.00326e+06 981616 967379 957607 951105 946692 943645 941511 940001 938922 938146 937584 937177 936880 936664 936506 936390 936306 936244 936198 936165 936140 936122 936109 936099 936092 936087 936083 936080 936078 936077 936076 936075 936074 936074 936074 936073 936073 936073 936073 936073 936073 936073 936073 936073 936073 936073 936073 936073 936073 936073 936073 936073 936073 936073 936073 936073 936073 936073 936073 936073 936073 936073 936073 936073 936073 936073 936073 936073 936073 936073 936073 936073 936073 936073 936073 936073 936073 936073 936073 936073 936073 936073 936073 936073 936073 936073 936073 0 0 0 0 0 0 0 0 0 0 0 0 0 0 0 0 0 0 0 0 0 0 0 0 0
#obs survey bio
 36741.1 22913.8 12220.9 11514.5 19780.2 21829.2 40140.7 40599.6 50004.4 57398.8 60460.8 67183.2 99290.3 71019.1 134341 128997 108730 111338 82314.7 129546 100310 138363 94245.3 118650 133616 176035 162988 103828
#pred catch bio
 20389 19784.7 11930.8 9378.72 10253.8 17312.1 24451.2 26514.8 33194.8 39217.9 53604.7 57270.9 67980.9 85390.3 80842.7 96230.6 81601.7 99728.1 103845 99743.2 131581 134537 129294 138682 128577 128330 143755 106852 6882.17 53715.6 49588.7 40149.1 30612.2 23067.7 17799.8 14390.2 12291.6 11044.4 10321.6 9910.49 9679.87 9551.87 9481.24 9442.08 9421.11 9409.88 9403.87 9400.65 9398.93 9398.01 9397.51 9397.25 9397.11 9397.03 9396.99 9396.97 9396.96 9396.95 9396.95 9396.94 9396.94 9396.94 9396.94 9396.94 9396.94 9396.94 9396.94 9396.94 9396.94 9396.94 9396.94 9396.94 9396.94 9396.94 9396.94 9396.94 9396.94 9396.94 9396.94 9396.94 9396.94 9396.94 9396.94 9396.94 9396.94 9396.94 9396.94 9396.94 9396.94 9396.94 9396.94 9396.94 9396.94 9396.94 9396.94 9396.94 9396.94 9396.94 9396.94 9396.94 9396.94 9396.94 9396.94 9396.94 9396.94 9396.94 9396.94 9396.94 9396.94 9396.94 9396.94 9396.94 9396.94 9396.94 9396.94 9396.94 9396.94 9396.94 9396.94 9396.94 9396.94 9396.94 9396.94 9396.94 9396.94 9396.94 9396.94 9396.94 0 0 0 0 0 0 0 0 0 0 0 0 0 0 0 0 0 0 0 0 0 0 0 0 0
#obs catch bio
 26695.6 21476.5 14403.7 10966.8 9628.57 17715.5 24811.3 25478.2 32274.5 37757.4 53555 55003.5 65684.3 89080.1 70093.1 93634.3 80070.1 90924.6 99882.1 83590.4 130635 126109 118944 127662 123113 116327 125966 102461
#pred cpue bio
 36741.5 33929.8 21828.2 14835.5 16755.3 25522.3 31282.9 34893.9 41164.3 48319 59818.6 62532.6 71133.3 82229.5 79789.5 87112 77700.6 91315.6 91622.1 89965.5 108014 105449 100975 101556 90760.9 91210.5 98180.8 83011.8 3.88012e+06 4.85219e+06 4.5707e+06 3.79213e+06 2.97235e+06 2.30338e+06 1.8205e+06 1.49513e+06 1.28445e+06 1.15088e+06 1.0669e+06 1.01401e+06 980412 958771 944534 934762 928260 923847 920800 918666 917156 916077 915301 914739 914332 914036 913819 913661 913545 913461 913399 913353 913320 913295 913277 913264 913254 913247 913242 913238 913235 913233 913232 913231 913230 913229 913229 913229 913228 913228 913228 913228 913228 913228 913228 913228 913228 913228 913228 913228 913228 913228 913228 913228 913228 913228 913228 913228 913228 913228 913228 913228 913228 913228 913228 913228 913228 913228 913228 913228 913228 913228 913228 913228 913228 913228 913228 913228 913228 913228 913228 913228 913228 913228 913228 913228 913228 913228 913228 913228 0 0 0 0 0 0 0 0 0 0 0 0 0 0 0 0 0 0 0 0 0 0 0 0 0
#obs cpue bio
 32483.6 29436.3 11981 17426.8 28877.8 26522.2 26825.5 42092.8 42222.8 52396.8 65373.1 81312.4 65544.1 90156.2 114028 69590.9 65642.6 139987 133902 161813 125855 131134 178581 148801 88130 87329.9 129773 90717.4
#pred surv len freq
 1.30373e-11 1.41507e-09 9.05642e-08 3.41761e-06 7.60463e-05 0.000997775 0.0077203 0.0352478 0.0952346 0.154515 0.161127 0.135944 0.12394 0.107327 0.0722256 0.0412617 0.0236653 0.0139497 0.00851499 0.00555368 0.00394994 0.00310858 0.00257858 0.00194068 0.0011191
 8.66999e-12 9.41044e-10 6.02267e-08 2.27277e-06 5.05725e-05 0.000663565 0.00513524 0.0234662 0.063688 0.105635 0.120941 0.129568 0.149455 0.144138 0.105165 0.0664107 0.0396646 0.0214757 0.0108699 0.00560332 0.00312263 0.00197624 0.00141105 0.00099249 0.000565036
 5.75197e-12 6.24322e-10 3.99565e-08 1.50784e-06 3.35518e-05 0.000440248 0.00340751 0.0155825 0.0424474 0.0716611 0.0878339 0.107929 0.139098 0.147147 0.12639 0.0999053 0.0713971 0.0434509 0.0229915 0.0108716 0.00482534 0.00224861 0.00121937 0.000729229 0.000388692
 1.39459e-11 1.51369e-09 9.68758e-08 3.65579e-06 8.13459e-05 0.00106729 0.00825742 0.0376825 0.101572 0.162861 0.160814 0.113177 0.0806356 0.0697727 0.0645529 0.0602007 0.0517938 0.0389617 0.025125 0.0134888 0.00604398 0.0023831 0.000932604 0.000408907 0.000183898
 1.79297e-11 1.94609e-09 1.2455e-07 4.70012e-06 0.000104583 0.00137217 0.0106161 0.048444 0.130546 0.209039 0.205046 0.14009 0.0909757 0.0639325 0.0386782 0.0204294 0.0128523 0.0101503 0.00789965 0.00523014 0.00279643 0.00119152 0.000419539 0.00013615 4.49693e-05
 1.45326e-11 1.57738e-09 1.00952e-07 3.80961e-06 8.47688e-05 0.00111221 0.00860562 0.039286 0.106093 0.171713 0.177091 0.1443 0.125252 0.10381 0.0643648 0.0306442 0.0135006 0.00620409 0.00333232 0.00216462 0.00136276 0.000695953 0.000272964 8.37589e-05 2.16913e-05
 1.63146e-11 1.7708e-09 1.13331e-07 4.27675e-06 9.5163e-05 0.00124858 0.00966024 0.0440889 0.118905 0.191167 0.191161 0.140514 0.105233 0.0829218 0.0549839 0.0311647 0.0163462 0.00745417 0.00292833 0.0011474 0.000530611 0.000271425 0.000121453 4.14296e-05 1.05303e-05
 1.58438e-11 1.71969e-09 1.1006e-07 4.15333e-06 9.24168e-05 0.00121255 0.00938166 0.0428215 0.115542 0.186205 0.188285 0.143827 0.114022 0.0906748 0.0563177 0.0277946 0.0131446 0.00627277 0.00278186 0.00107296 0.000361612 0.000121607 4.5022e-05 1.57795e-05 4.31762e-06
 1.63047e-11 1.76972e-09 1.13262e-07 4.27415e-06 9.51053e-05 0.00124782 0.00965445 0.044064 0.118858 0.191254 0.192009 0.143088 0.109251 0.0856891 0.0541035 0.0277497 0.013268 0.00591462 0.00239413 0.000910486 0.000316455 9.51376e-05 2.54967e-05 6.69965e-06 1.67184e-06
 1.69771e-11 1.8427e-09 1.17932e-07 4.4504e-06 9.9027e-05 0.00129928 0.0100524 0.0458778 0.123715 0.19878 0.198202 0.144089 0.105369 0.0801183 0.0492104 0.0241376 0.0110777 0.00491519 0.00199498 0.000729677 0.0002382 6.89052e-05 1.72907e-05 3.71044e-06 7.04165e-07
 1.67715e-11 1.82039e-09 1.16504e-07 4.39652e-06 9.7828e-05 0.00128355 0.00993077 0.0453239 0.122239 0.196554 0.196661 0.144759 0.108068 0.0829122 0.0505015 0.0240658 0.0105408 0.00444792 0.0017266 0.000615239 0.000197388 5.50711e-05 1.30808e-05 2.60176e-06 4.2707e-07
 1.7309e-11 1.87873e-09 1.20238e-07 4.53742e-06 0.000100963 0.00132468 0.0102489 0.0467737 0.126119 0.20255 0.201515 0.145295 0.104578 0.0782632 0.0468406 0.0216565 0.00907072 0.00365973 0.00135362 0.000456892 0.000139609 3.75774e-05 8.64718e-06 1.64497e-06 2.5155e-07
 1.79462e-11 1.94789e-09 1.24664e-07 4.70445e-06 0.00010468 0.00137344 0.0106261 0.0484922 0.130716 0.209639 0.207176 0.145673 0.10004 0.0724537 0.0425335 0.0190878 0.00763904 0.00294324 0.00103857 0.000332589 9.61063e-05 2.44377e-05 5.34189e-06 9.73659e-07 1.42648e-07
 1.82092e-11 1.97643e-09 1.26491e-07 4.77339e-06 0.000106214 0.00139357 0.0107817 0.0492019 0.132618 0.212595 0.209655 0.146222 0.0987698 0.0704713 0.0406246 0.0175073 0.00655747 0.00237224 0.000793494 0.000240684 6.57728e-05 1.57731e-05 3.24418e-06 5.57413e-07 7.74573e-08
 1.83609e-11 1.9929e-09 1.27545e-07 4.81316e-06 0.000107099 0.00140518 0.0108716 0.0496114 0.133717 0.21432 0.211182 0.146806 0.0984484 0.0696108 0.0394342 0.0162405 0.00559757 0.00185384 0.000574054 0.000161565 4.12189e-05 9.27718e-06 1.79181e-06 2.88891e-07 3.76979e-08
 1.84168e-11 1.99897e-09 1.27934e-07 4.82782e-06 0.000107425 0.00140945 0.0109046 0.0497621 0.134119 0.21493 0.211619 0.146675 0.0978042 0.0689546 0.0391656 0.0162822 0.00567583 0.00185888 0.0005457 0.000140744 3.26798e-05 6.74405e-06 1.204e-06 1.80668e-07 2.20309e-08
 1.9177e-11 2.08148e-09 1.33215e-07 5.0271e-06 0.000111859 0.00146763 0.0113546 0.0518123 0.139601 0.223366 0.218272 0.146846 0.0919443 0.0616601 0.033983 0.0134592 0.00431133 0.00131025 0.00037355 9.49507e-05 2.11865e-05 4.05154e-06 6.57145e-07 8.96748e-08 1.004e-08
 1.87683e-11 2.03712e-09 1.30375e-07 4.91996e-06 0.000109475 0.00143635 0.0111127 0.0507102 0.136656 0.218848 0.214781 0.146991 0.0954592 0.0658371 0.0367009 0.0146727 0.00474774 0.00142925 0.000388099 9.16231e-05 1.92432e-05 3.54365e-06 5.50341e-07 7.00142e-08 7.15557e-09
 1.91362e-11 2.07705e-09 1.32931e-07 5.01639e-06 0.000111621 0.0014645 0.0113304 0.0517021 0.139307 0.222916 0.217929 0.146878 0.0923245 0.062107 0.0342717 0.0135784 0.00433262 0.00129015 0.000349839 8.21561e-05 1.67309e-05 2.9049e-06 4.22813e-07 5.09397e-08 4.93617e-09
 1.9501e-11 2.11665e-09 1.35465e-07 5.11203e-06 0.000113749 0.00149242 0.0115464 0.052686 0.141938 0.226963 0.221114 0.146936 0.0894776 0.0585841 0.0317959 0.0122565 0.00370442 0.00103823 0.000271087 6.24005e-05 1.2573e-05 2.16032e-06 3.06429e-07 3.51782e-08 3.20897e-09
 1.97453e-11 2.14316e-09 1.37162e-07 5.17606e-06 0.000115174 0.00151111 0.0116909 0.0533445 0.143697 0.229656 0.22317 0.146768 0.0872558 0.0560216 0.03024 0.0116764 0.00354298 0.00098742 0.000250334 5.4701e-05 1.04529e-05 1.73384e-06 2.41085e-07 2.72292e-08 2.42163e-09
 2.05931e-11 2.23518e-09 1.43051e-07 5.39832e-06 0.000120119 0.001576 0.0121927 0.0556308 0.149808 0.239038 0.230464 0.146608 0.080185 0.0475271 0.0245993 0.00901158 0.00245645 0.000600103 0.000140911 2.9943e-05 5.5886e-06 8.90429e-07 1.17765e-07 1.2741e-08 1.10047e-09
 2.05541e-11 2.23095e-09 1.42781e-07 5.38809e-06 0.000119891 0.00157301 0.0121697 0.0555258 0.149529 0.238623 0.230207 0.146833 0.0808425 0.0481396 0.0247693 0.0088302 0.00223392 0.00047916 9.77227e-05 1.81256e-05 3.00293e-06 4.44334e-07 5.63985e-08 5.87434e-09 4.8538e-10
 2.09064e-11 2.26919e-09 1.45228e-07 5.48045e-06 0.000121946 0.00159997 0.0123782 0.0564757 0.152067 0.242508 0.23317 0.146579 0.0776203 0.0444252 0.0225139 0.0079942 0.00201525 0.000426534 8.35417e-05 1.42074e-05 2.05641e-06 2.61245e-07 2.89076e-08 2.71727e-09 2.10211e-10
 2.17089e-11 2.3563e-09 1.50803e-07 5.69082e-06 0.000126627 0.00166138 0.0128531 0.0586395 0.157848 0.251364 0.239958 0.146112 0.0704479 0.0360682 0.0173118 0.00591809 0.00137997 0.000253524 4.34688e-05 6.90585e-06 9.58185e-07 1.14064e-07 1.13156e-08 9.2104e-10 6.15349e-11
 2.19276e-11 2.38003e-09 1.52321e-07 5.74813e-06 0.000127903 0.00167812 0.0129826 0.059229 0.159424 0.253778 0.241813 0.145998 0.068514 0.0338049 0.0158894 0.00533427 0.00119027 0.000197622 2.93528e-05 4.04145e-06 4.84842e-07 5.08183e-08 4.62874e-09 3.51307e-10 2.1409e-11
 2.1675e-11 2.35261e-09 1.50567e-07 5.68192e-06 0.00012643 0.00165879 0.0128331 0.0585481 0.157604 0.250995 0.239696 0.146199 0.0708536 0.0364888 0.0175016 0.00590971 0.00132277 0.000220154 3.23889e-05 4.26659e-06 4.64579e-07 4.21889e-08 3.28271e-09 2.15137e-10 1.16217e-11
 2.23719e-11 2.42826e-09 1.55408e-07 5.86461e-06 0.000130495 0.00171212 0.0132455 0.0604271 0.162624 0.258676 0.245546 0.145669 0.0644344 0.0291073 0.013043 0.00428838 0.000927281 0.000142942 1.89001e-05 2.31752e-06 2.45043e-07 2.16792e-08 1.59213e-09 9.39258e-11 4.39471e-12
#obs surv len freq
 3.79939e-11 3.52114e-09 1.92415e-07 6.1999e-06 0.000117793 0.00131966 0.00871959 0.0340164 0.078796 0.111612 0.110327 0.107222 0.120784 0.125261 0.112005 0.0874467 0.0558266 0.0285093 0.0121385 0.00434196 0.00124028 0.000265475 4.04384e-05 4.22014e-06 2.93318e-07
 2.31901e-11 2.07286e-09 1.09251e-07 3.39523e-06 6.22177e-05 0.000672382 0.0042883 0.0162018 0.0369834 0.0559748 0.0749961 0.114012 0.157059 0.165525 0.143503 0.1087 0.0680442 0.034031 0.0138531 0.00460196 0.00120989 0.000240177 3.41935e-05 3.33545e-06 2.1537e-07
 1.33816e-11 1.15167e-09 5.8443e-08 1.74876e-06 3.08557e-05 0.000321103 0.00197316 0.00720383 0.016128 0.0254619 0.0400841 0.0724485 0.118699 0.164525 0.191206 0.169944 0.109579 0.053227 0.02071 0.00652105 0.00160059 0.000292411 3.81225e-05 3.41423e-06 2.03224e-07
 2.47502e-10 2.04759e-08 9.98833e-07 2.87297e-05 0.000487254 0.00487268 0.0287325 0.0999064 0.204907 0.248282 0.179313 0.0814672 0.0319817 0.0238027 0.0277228 0.0277731 0.0211162 0.012162 0.00527055 0.00169554 0.000400781 6.84757e-05 8.22778e-06 6.73884e-07 3.65804e-08
 1.33111e-10 1.05696e-08 4.94871e-07 1.3662e-05 0.000222401 0.00213513 0.0120977 0.0406165 0.0824812 0.111442 0.133334 0.175982 0.196586 0.144475 0.0664772 0.0213537 0.00709691 0.00334765 0.00159166 0.000573312 0.000144296 2.47478e-05 2.85192e-06 2.17919e-07 1.08781e-08
 3.5723e-10 2.71861e-08 1.21993e-06 3.22781e-05 0.000503582 0.0046327 0.0251338 0.080473 0.152634 0.174906 0.133186 0.0928909 0.0847215 0.0871517 0.0791085 0.0531763 0.0234516 0.00652982 0.00122711 0.000198491 3.4971e-05 5.63236e-06 6.48738e-07 4.87531e-08 2.33051e-09
 4.16255e-10 3.03196e-08 1.30219e-06 3.29774e-05 0.000492439 0.00433634 0.0225283 0.0692201 0.127386 0.149295 0.139239 0.141662 0.139649 0.103131 0.0574998 0.0278575 0.0121076 0.00425077 0.00109182 0.00019407 2.37865e-05 2.15791e-06 1.60448e-07 9.70521e-09 4.24467e-10
 6.44591e-10 4.48808e-08 1.84257e-06 4.46041e-05 0.000636679 0.00535913 0.0266116 0.0781206 0.137062 0.151637 0.129949 0.121835 0.120522 0.100678 0.0694102 0.0381484 0.0150446 0.00403896 0.000770733 0.000114839 1.37767e-05 1.23882e-06 7.73986e-08 3.29005e-09 9.70634e-11
 9.87592e-10 6.56515e-08 2.57335e-06 5.94761e-05 0.000810554 0.00651416 0.0308874 0.0866263 0.145582 0.156095 0.133915 0.126854 0.120206 0.0917104 0.0568494 0.0289851 0.011167 0.00305057 0.000592076 8.35073e-05 8.62418e-06 6.49951e-07 3.54507e-08 1.36669e-09 3.58637e-11
 1.41007e-09 8.93948e-08 3.34173e-06 7.36579e-05 0.000957342 0.00733785 0.0331898 0.0888846 0.143366 0.15085 0.134361 0.133842 0.12554 0.0916476 0.0534914 0.0252072 0.00875938 0.00209482 0.000348145 4.24518e-05 3.92923e-06 2.70527e-07 1.32506e-08 4.45975e-10 1.01069e-11
 1.97431e-09 1.19243e-07 4.24661e-06 8.91743e-05 0.00110418 0.00806336 0.0347559 0.0888087 0.137488 0.142355 0.131743 0.136892 0.129008 0.0950162 0.0565829 0.0266718 0.00900549 0.00205358 0.000319689 3.54887e-05 2.89254e-06 1.72191e-07 7.31972e-09 2.16989e-10 4.37823e-12
 3.20982e-09 1.84512e-07 6.25395e-06 0.00012499 0.00147299 0.0102378 0.0420022 0.10218 0.150783 0.149448 0.133308 0.132971 0.119232 0.0831612 0.0466275 0.0205235 0.00639771 0.00132296 0.000182195 1.75199e-05 1.23295e-06 6.40052e-08 2.38593e-09 6.18172e-11 1.08536e-12
 4.47096e-09 2.44383e-07 7.87642e-06 0.000149685 0.00167742 0.0110873 0.0432794 0.100423 0.143014 0.143061 0.138297 0.144587 0.125844 0.0823125 0.0427318 0.0174085 0.00503037 0.000958691 0.000119718 1.01783e-05 6.17847e-07 2.73103e-08 8.66202e-10 1.92061e-11 2.90998e-13
 7.12702e-09 3.70116e-07 1.13333e-05 0.000204628 0.00217865 0.0136816 0.0507428 0.111885 0.151498 0.144344 0.133402 0.134532 0.115645 0.0774408 0.0416455 0.0170364 0.00477462 0.000867094 0.0001024 8.17312e-06 4.59449e-07 1.84269e-08 5.18606e-10 1.00116e-11 1.30453e-13
 9.9266e-09 4.89392e-07 1.42266e-05 0.00024386 0.00246494 0.0146981 0.0518008 0.108941 0.143142 0.140211 0.141474 0.146541 0.120378 0.0747085 0.036951 0.0140248 0.00369226 0.00063664 7.21054e-05 5.5614e-06 3.01946e-07 1.15728e-08 3.06425e-10 5.47666e-12 6.50593e-14
 1.53532e-08 7.18094e-07 1.9804e-05 0.000322048 0.00308831 0.0174717 0.058437 0.116786 0.146658 0.139697 0.13911 0.140985 0.114021 0.0711527 0.0353456 0.0130728 0.00325447 0.000519316 5.34175e-05 3.68517e-06 1.78554e-07 6.19602e-09 1.51565e-10 2.53714e-12 2.83375e-14
 2.15877e-08 9.57319e-07 2.5032e-05 0.000385953 0.00350931 0.0188283 0.059782 0.113963 0.139386 0.136989 0.144991 0.147466 0.115787 0.0700036 0.0336055 0.0119328 0.00285297 0.000441842 4.48809e-05 3.09803e-06 1.4913e-07 4.99028e-09 1.13654e-10 1.72983e-12 1.74243e-14
 3.31951e-08 1.39498e-06 3.45664e-05 0.000505056 0.0043519 0.0221282 0.0666029 0.1205 0.140552 0.133413 0.137925 0.138644 0.111492 0.0714346 0.0358903 0.0128926 0.00308729 0.000487974 5.22331e-05 3.8788e-06 1.9937e-07 6.93512e-09 1.597e-10 2.4033e-12 2.3457e-14
 5.01018e-08 1.9944e-06 4.68126e-05 0.000647915 0.00528868 0.0254801 0.0727462 0.125485 0.142467 0.137798 0.145194 0.140268 0.104265 0.0607393 0.027873 0.00927302 0.00208056 0.000311415 3.20214e-05 2.32868e-06 1.19671e-07 4.2347e-09 1.00217e-10 1.55104e-12 1.54384e-14
 6.96629e-08 2.62594e-06 5.83662e-05 0.000764977 0.00591348 0.0269913 0.0731372 0.120735 0.135453 0.137556 0.151197 0.144774 0.105585 0.0604692 0.0268662 0.00846199 0.001767 0.000242967 2.27418e-05 1.50512e-06 7.11679e-08 2.35684e-09 5.31023e-11 7.94229e-13 7.73166e-15
 1.13352e-07 4.04516e-06 8.51205e-05 0.0010562 0.00772971 0.0334019 0.0856857 0.133887 0.141996 0.136049 0.142114 0.132149 0.0963009 0.0557328 0.0245575 0.00751271 0.0015157 0.000202469 1.84866e-05 1.18298e-06 5.29423e-08 1.62404e-09 3.34818e-11 4.57464e-13 4.09192e-15
 1.48945e-07 5.03144e-06 0.00010022 0.00117718 0.00815667 0.0333985 0.0815014 0.123282 0.134457 0.143481 0.158405 0.14195 0.0956553 0.050644 0.020596 0.00590151 0.00113063 0.000145326 1.29058e-05 8.06372e-07 3.51087e-08 1.03948e-09 2.04715e-11 2.63951e-13 2.2001e-15
 2.15325e-07 6.88481e-06 0.000129803 0.00144316 0.009466 0.0367074 0.0850059 0.123093 0.132037 0.142438 0.15667 0.139492 0.0953593 0.0511874 0.0203769 0.00550212 0.000965943 0.00011138 8.7745e-06 4.89655e-07 1.94539e-08 5.37475e-10 1.0019e-11 1.22945e-13 9.74826e-16
 3.18822e-07 9.64886e-06 0.000172188 0.00181208 0.011252 0.0413304 0.0909044 0.126427 0.134396 0.146697 0.158105 0.134677 0.0876653 0.0446677 0.016806 0.00428307 0.000710886 7.75929e-05 5.75799e-06 2.98239e-07 1.07845e-08 2.67309e-10 4.45363e-12 4.91397e-14 3.54339e-16
 4.73902e-07 1.3576e-05 0.000229326 0.00228453 0.01343 0.0467321 0.0976415 0.130453 0.137084 0.14986 0.157256 0.128436 0.0800714 0.0388706 0.0137904 0.00328534 0.00050644 5.10475e-05 3.4843e-06 1.65977e-07 5.53469e-09 1.26645e-10 1.94103e-12 1.95565e-14 1.27715e-16
 6.03147e-07 1.63569e-05 0.000261569 0.00246699 0.0137356 0.0453472 0.0906111 0.119433 0.132821 0.156226 0.16569 0.133645 0.0827239 0.0396474 0.0136876 0.0031596 0.000476327 4.76808e-05 3.2578e-06 1.53686e-07 4.94856e-09 1.06592e-10 1.51222e-12 1.39907e-14 8.36769e-17
 9.53894e-07 2.44919e-05 0.000370812 0.00331117 0.0174545 0.0545549 0.103164 0.128445 0.134403 0.149569 0.153577 0.12377 0.0779695 0.0374662 0.0126416 0.00282145 0.000413247 4.0695e-05 2.7643e-06 1.29955e-07 4.15223e-09 8.8116e-11 1.22015e-12 1.08844e-14 6.18894e-17
 1.23126e-06 2.99349e-05 0.000429168 0.00362938 0.018131 0.053866 0.098099 0.123231 0.140546 0.166218 0.164866 0.121456 0.0684798 0.0296553 0.00917526 0.00190115 0.000260356 2.4112e-05 1.55119e-06 6.96369e-08 2.14141e-09 4.39935e-11 5.91471e-13 5.12228e-15 2.82046e-17
#pred catch len freq
 1.24886e-11 1.35552e-09 8.67532e-08 3.2738e-06 7.28463e-05 0.000955791 0.00739558 0.0337681 0.0912756 0.148406 0.156228 0.135545 0.127707 0.112134 0.0757063 0.0432753 0.024822 0.0146315 0.00893121 0.00582514 0.00414301 0.00326053 0.00270462 0.00203554 0.0011738
 8.27105e-12 8.97743e-10 5.74555e-08 2.16819e-06 4.82455e-05 0.000633036 0.00489911 0.0223902 0.0608084 0.101187 0.117348 0.129196 0.152081 0.147596 0.10783 0.0681083 0.0406795 0.0220252 0.011148 0.00574669 0.00320253 0.0020268 0.00144715 0.00101789 0.000579494
 5.38111e-12 5.84068e-10 3.73803e-08 1.41062e-06 3.13886e-05 0.000411867 0.00318798 0.0145819 0.0397668 0.0674969 0.084357 0.107204 0.140947 0.149915 0.128902 0.101906 0.0728276 0.0443215 0.0234522 0.0110895 0.00492203 0.00229367 0.00124381 0.000743841 0.00039648
 1.3621e-11 1.47843e-09 9.46193e-08 3.57064e-06 7.94511e-05 0.00104243 0.00806513 0.0368059 0.0992215 0.159188 0.157647 0.112203 0.0816994 0.0716871 0.0665538 0.0620943 0.0534247 0.0401886 0.0259162 0.0139136 0.00623431 0.00245815 0.000961972 0.000421784 0.00018969
 1.75673e-11 1.90676e-09 1.22032e-07 4.60511e-06 0.000102469 0.00134444 0.0104016 0.0474665 0.127931 0.205007 0.201823 0.13986 0.0935012 0.0670779 0.040834 0.0215949 0.0135879 0.0107313 0.00835183 0.00552951 0.0029565 0.00125973 0.000443553 0.000143943 4.75433e-05
 1.43022e-11 1.55237e-09 9.93514e-08 3.74921e-06 8.34249e-05 0.00109458 0.00846925 0.0386647 0.104432 0.169161 0.175095 0.144305 0.127109 0.106056 0.0658652 0.0313683 0.0138203 0.00635103 0.00341124 0.00221588 0.00139503 0.000712436 0.000279429 8.57426e-05 2.2205e-05
 1.63424e-11 1.77381e-09 1.13524e-07 4.28403e-06 9.5325e-05 0.00125071 0.00967667 0.0441638 0.119105 0.191476 0.191406 0.140527 0.105029 0.0826634 0.0547953 0.0310561 0.0162891 0.00742812 0.00291809 0.00114339 0.000528756 0.000270477 0.000121028 4.12848e-05 1.04935e-05
 1.58188e-11 1.71698e-09 1.09886e-07 4.14677e-06 9.22708e-05 0.00121064 0.00936685 0.042754 0.115361 0.185927 0.188068 0.143826 0.114222 0.0909177 0.0564821 0.0278771 0.0131837 0.00629142 0.00279013 0.00107615 0.000362687 0.000121969 4.51559e-05 1.58264e-05 4.33046e-06
 1.63949e-11 1.77951e-09 1.13888e-07 4.29779e-06 9.56312e-05 0.00125472 0.00970782 0.0443071 0.119508 0.192254 0.192795 0.143099 0.108544 0.0848197 0.0535018 0.027436 0.0131177 0.00584759 0.00236699 0.000900168 0.000312869 9.40594e-05 2.52078e-05 6.62372e-06 1.65289e-06
 1.70552e-11 1.85118e-09 1.18475e-07 4.47089e-06 9.94828e-05 0.00130526 0.0100987 0.0460885 0.124278 0.199646 0.198879 0.144089 0.104741 0.0793551 0.0486934 0.0238794 0.0109589 0.00486246 0.00197357 0.000721849 0.000235644 6.81659e-05 1.71052e-05 3.67063e-06 6.9661e-07
 1.70836e-11 1.85426e-09 1.18673e-07 4.47834e-06 9.96486e-05 0.00130743 0.0101155 0.0461656 0.124489 0.20001 0.199358 0.144732 0.105517 0.0798312 0.0484392 0.0230657 0.0101016 0.00426255 0.00165465 0.000589599 0.000189162 5.2776e-05 1.25357e-05 2.49333e-06 4.09272e-07
 1.76364e-11 1.91426e-09 1.22512e-07 4.62323e-06 0.000102873 0.00134973 0.0104427 0.0476564 0.128479 0.206173 0.204333 0.14524 0.10186 0.0750011 0.0446829 0.02064 0.00864375 0.00348741 0.00128988 0.000435379 0.000133036 3.58081e-05 8.24003e-06 1.56752e-06 2.39706e-07
 1.83235e-11 1.98884e-09 1.27285e-07 4.80336e-06 0.000106881 0.00140231 0.0108494 0.0495097 0.133436 0.213812 0.210413 0.145579 0.0968617 0.0686612 0.0400528 0.0179513 0.00718276 0.00276739 0.000976518 0.000312717 9.03639e-05 2.29775e-05 5.02271e-06 9.15482e-07 1.34125e-07
 1.87614e-11 2.03636e-09 1.30327e-07 4.91814e-06 0.000109435 0.00143582 0.0111086 0.0506908 0.136597 0.218698 0.214373 0.146029 0.0940331 0.0648611 0.0370108 0.0159162 0.00595943 0.00215581 0.000721097 0.000218724 5.97719e-05 1.4334e-05 2.94818e-06 5.06556e-07 7.03903e-08
 1.88316e-11 2.04399e-09 1.30815e-07 4.93656e-06 0.000109845 0.0014412 0.0111502 0.0508807 0.137109 0.21952 0.215186 0.146591 0.0943321 0.0647737 0.0363691 0.0149502 0.0051512 0.00170594 0.000528255 0.000148675 3.79303e-05 8.53703e-06 1.64886e-06 2.65843e-07 3.46903e-08
 1.9102e-11 2.07333e-09 1.32693e-07 5.00742e-06 0.000111421 0.00146188 0.0113102 0.0516095 0.139056 0.222498 0.21745 0.146375 0.0918311 0.0619238 0.0346931 0.0143813 0.00501074 0.00164097 0.000481726 0.000124244 2.88486e-05 5.95342e-06 1.06285e-06 1.59487e-07 1.94481e-08
 1.96346e-11 2.13114e-09 1.36393e-07 5.14704e-06 0.000114528 0.00150264 0.0116254 0.0530459 0.142898 0.228417 0.22215 0.1466 0.0878864 0.0569193 0.0310161 0.0122541 0.00392357 0.00119234 0.000339932 8.64057e-05 1.92798e-05 3.68693e-06 5.98006e-07 8.16046e-08 9.13646e-09
 1.93695e-11 2.10237e-09 1.34552e-07 5.07756e-06 0.000112982 0.00148236 0.0114685 0.0523312 0.140987 0.225485 0.219879 0.146676 0.0901393 0.0596144 0.0327951 0.0130742 0.00422839 0.00127283 0.000345622 8.1595e-05 1.71371e-05 3.1558e-06 4.90107e-07 6.23512e-08 6.37239e-09
 1.97729e-11 2.14615e-09 1.37354e-07 5.18329e-06 0.000115335 0.00151323 0.0117073 0.0534188 0.143894 0.229944 0.223325 0.146534 0.0866755 0.0555071 0.0301401 0.0118999 0.00379469 0.00112988 0.000306377 7.19495e-05 1.46523e-05 2.54401e-06 3.70286e-07 4.46112e-08 4.32293e-09
 2.00309e-11 2.17416e-09 1.39146e-07 5.25093e-06 0.00011684 0.00153297 0.01186 0.0541147 0.145755 0.23281 0.225594 0.146622 0.0847328 0.0530625 0.0283694 0.0108996 0.00329234 0.000922665 0.00024091 5.54542e-05 1.11734e-05 1.91984e-06 2.72317e-07 3.12622e-08 2.85175e-09
 2.04443e-11 2.21903e-09 1.42018e-07 5.3593e-06 0.000119251 0.00156461 0.0121046 0.0552293 0.148733 0.23737 0.229082 0.146357 0.0810018 0.0487401 0.0257162 0.00987945 0.00299496 0.000834582 0.000211584 4.62335e-05 8.83481e-06 1.46545e-06 2.03766e-07 2.30142e-08 2.04677e-09
 2.12165e-11 2.30285e-09 1.47382e-07 5.56174e-06 0.000123755 0.0016237 0.0125617 0.0573117 0.154299 0.245913 0.235715 0.146183 0.0745199 0.0409758 0.0205908 0.00749142 0.00203939 0.000498117 0.000116961 2.48537e-05 4.63873e-06 7.39086e-07 9.77492e-08 1.05754e-08 9.1343e-10
 2.11914e-11 2.30013e-09 1.47208e-07 5.55516e-06 0.000123609 0.00162178 0.0125469 0.0572442 0.15412 0.245649 0.235563 0.146365 0.0749989 0.0414073 0.0206853 0.00732367 0.0018503 0.000396789 8.09215e-05 1.50093e-05 2.48664e-06 3.67941e-07 4.67019e-08 4.86437e-09 4.01929e-10
 2.15851e-11 2.34286e-09 1.49943e-07 5.65837e-06 0.000125905 0.00165191 0.0127799 0.0583056 0.156955 0.24999 0.238873 0.14608 0.0713956 0.0372544 0.0181643 0.0063905 0.00160807 0.00034025 6.66397e-05 1.1333e-05 1.64036e-06 2.0839e-07 2.3059e-08 2.16751e-09 1.67681e-10
 2.22485e-11 2.41487e-09 1.54551e-07 5.83227e-06 0.000129775 0.00170268 0.0131725 0.0600944 0.161735 0.25731 0.244483 0.145689 0.0654593 0.0303412 0.0138661 0.00468109 0.00108876 0.000199932 3.42781e-05 5.4457e-06 7.5559e-07 8.99466e-08 8.92306e-09 7.26298e-10 4.85242e-11
 2.2405e-11 2.43184e-09 1.55638e-07 5.87328e-06 0.000130687 0.00171465 0.0132651 0.0605162 0.162862 0.259038 0.245812 0.145612 0.0640826 0.0287265 0.0128464 0.00425681 0.000947301 0.000157204 2.33478e-05 3.21464e-06 3.85651e-07 4.04217e-08 3.68177e-09 2.79435e-10 1.70291e-11
 2.22693e-11 2.41712e-09 1.54695e-07 5.83771e-06 0.000129896 0.00170427 0.0131848 0.0601504 0.161885 0.257543 0.244674 0.14572 0.0653382 0.0301675 0.013713 0.00456717 0.0010194 0.000169575 2.49459e-05 3.2861e-06 3.57815e-07 3.24936e-08 2.52832e-09 1.65697e-10 8.95097e-12
 2.26625e-11 2.4598e-09 1.57427e-07 5.94079e-06 0.000132189 0.00173435 0.0134175 0.0612105 0.164717 0.261877 0.247978 0.145429 0.0617302 0.0260118 0.0111929 0.00363918 0.000785061 0.000120965 1.59932e-05 1.96105e-06 2.07352e-07 1.83446e-08 1.34724e-09 7.94787e-11 3.71874e-12
#obs catch len freq
 3.74475e-11 3.47051e-09 1.89648e-07 6.11074e-06 0.000116099 0.00130069 0.00859453 0.0335342 0.077749 0.110629 0.111371 0.112065 0.127383 0.127581 0.107511 0.0811236 0.0528653 0.0286559 0.0129759 0.00480457 0.00138563 0.000297317 4.56971e-05 4.8618e-06 3.46967e-07
 5.25028e-11 4.693e-09 2.47346e-07 7.68683e-06 0.000140858 0.00152203 0.00970008 0.036506 0.0816575 0.112225 0.109625 0.108165 0.122309 0.125443 0.110977 0.0853218 0.0533522 0.0267055 0.011141 0.00387901 0.00106835 0.000218546 3.15804e-05 3.10733e-06 2.02585e-07
 3.27479e-11 2.81839e-09 1.43024e-07 4.2796e-06 7.55093e-05 0.000785717 0.00482559 0.0175677 0.0387622 0.0574577 0.0774312 0.118012 0.159527 0.164946 0.141261 0.105365 0.0645603 0.0315716 0.0125486 0.0040488 0.00102585 0.000194575 2.62582e-05 2.4124e-06 1.45981e-07
 1.95005e-11 1.61328e-09 7.86975e-08 2.26363e-06 3.83937e-05 0.00038409 0.0022693 0.00797308 0.0172542 0.026768 0.0423637 0.0762198 0.123057 0.168262 0.191551 0.165386 0.103558 0.0490331 0.0185986 0.00567632 0.00133982 0.000233561 2.88469e-05 2.43224e-06 1.3561e-07
 3.57518e-10 2.83885e-08 1.32915e-06 3.66938e-05 0.000597308 0.00573313 0.0324473 0.108289 0.213181 0.247987 0.17215 0.0757578 0.0300112 0.0233898 0.0271042 0.0264641 0.0195575 0.0109241 0.0045736 0.00141578 0.000320518 5.21405e-05 5.92762e-06 4.56741e-07 2.32146e-08
 1.98974e-10 1.51425e-08 6.79491e-07 1.79788e-05 0.000280505 0.00258102 0.0140178 0.0451358 0.0881318 0.115694 0.137158 0.178396 0.192421 0.135627 0.0600505 0.01894 0.00643994 0.00306646 0.00141573 0.000487973 0.000116818 1.89729e-05 2.06192e-06 1.47973e-07 6.91061e-09
 5.35497e-10 3.90051e-08 1.67522e-06 4.2424e-05 0.000633491 0.00557791 0.0289647 0.0887713 0.16124 0.177323 0.130828 0.090524 0.0826535 0.0840975 0.0744218 0.0480988 0.0202582 0.00539331 0.000981521 0.000157313 2.72629e-05 4.19291e-06 4.54617e-07 3.19944e-08 1.42797e-09
 6.3592e-10 4.4277e-08 1.81778e-06 4.40041e-05 0.000628119 0.00528725 0.0262589 0.0771503 0.135944 0.153438 0.139934 0.139935 0.133665 0.095482 0.0520949 0.0248981 0.0105891 0.00359428 0.000885271 0.000150286 1.76139e-05 1.53489e-06 1.09387e-07 6.26362e-09 2.56444e-10
 9.94437e-10 6.61066e-08 2.59119e-06 5.98883e-05 0.00081617 0.0065592 0.0310987 0.0871859 0.146241 0.155415 0.129732 0.119595 0.11538 0.094078 0.0633835 0.0337124 0.0127536 0.0032839 0.000604684 8.72386e-05 1.00636e-05 8.61284e-07 5.09086e-08 2.04181e-09 5.66806e-11
 1.54294e-09 9.78182e-08 3.65661e-06 8.05984e-05 0.00104754 0.0080289 0.0363084 0.097139 0.155886 0.160284 0.133343 0.123071 0.112908 0.0837397 0.0507465 0.0251307 0.00931762 0.00244256 0.000455104 6.15689e-05 6.08279e-06 4.3707e-07 2.2628e-08 8.23457e-10 2.02932e-11
 2.21997e-09 1.34081e-07 4.77501e-06 0.00010027 0.00124156 0.00906621 0.0390698 0.0997162 0.153484 0.154939 0.133956 0.129686 0.117438 0.083184 0.0473574 0.0216118 0.00720157 0.00164715 0.000262531 3.07727e-05 2.73037e-06 1.7907e-07 8.30582e-09 2.63557e-10 5.61112e-12
 3.17324e-09 1.82409e-07 6.18267e-06 0.000123566 0.00145621 0.0101211 0.0415231 0.101011 0.149029 0.147609 0.131551 0.131609 0.119427 0.0853959 0.0495161 0.0225133 0.00726605 0.00158072 0.000235284 2.50162e-05 1.94945e-06 1.10486e-07 4.45111e-09 1.24503e-10 2.36049e-12
 5.17924e-09 2.83098e-07 9.12417e-06 0.000173397 0.0019431 0.0128419 0.050101 0.115922 0.16282 0.154007 0.131645 0.125834 0.108392 0.0732825 0.0399409 0.0169246 0.00503104 0.000989551 0.000129922 1.19484e-05 8.04151e-07 3.97622e-08 1.40443e-09 3.43208e-11 5.66224e-13
 7.28908e-09 3.78532e-07 1.1591e-05 0.000209281 0.0022282 0.0139927 0.0518978 0.114442 0.155028 0.147905 0.13671 0.136481 0.113821 0.0720224 0.0363045 0.0142296 0.00391646 0.000708523 8.41156e-05 6.81962e-06 3.95148e-07 1.6628e-08 4.99853e-10 1.04601e-11 1.49018e-13
 1.16728e-08 5.75481e-07 1.67292e-05 0.000286755 0.00289842 0.0172799 0.0608447 0.127384 0.16384 0.148402 0.130433 0.125276 0.103341 0.0670578 0.034919 0.0136779 0.0036396 0.000626291 7.02168e-05 5.33531e-06 2.85664e-07 1.08823e-08 2.8975e-10 5.27341e-12 6.45891e-14
 1.64949e-08 7.71496e-07 2.12768e-05 0.000345997 0.00331792 0.0187695 0.0627571 0.125215 0.156052 0.144752 0.137964 0.135446 0.106463 0.0638982 0.0305888 0.0111205 0.00278017 0.000454256 4.88418e-05 3.5843e-06 1.85091e-07 6.72526e-09 1.68151e-10 2.82883e-12 3.15484e-14
 2.55342e-08 1.13233e-06 2.96081e-05 0.000456503 0.0041506 0.0222635 0.0706016 0.133771 0.159176 0.143296 0.134488 0.129173 0.100125 0.0604562 0.0289767 0.0102233 0.0024094 0.000363401 3.54065e-05 2.32109e-06 1.06997e-07 3.52405e-09 8.14663e-11 1.28356e-12 1.34501e-14
 3.58044e-08 1.50464e-06 3.72835e-05 0.000544754 0.00469392 0.023866 0.0718154 0.129769 0.150507 0.140256 0.140629 0.135956 0.102431 0.0599222 0.0277237 0.0093818 0.00212346 0.000311074 2.99524e-05 1.96342e-06 8.96697e-08 2.83745e-09 6.08992e-11 8.71207e-13 8.2306e-15
 5.57908e-08 2.22087e-06 5.21281e-05 0.000721476 0.00588878 0.028363 0.0808605 0.138516 0.152659 0.136081 0.131884 0.125768 0.0972988 0.0602949 0.0290657 0.00992113 0.00224958 0.000337041 3.42566e-05 2.41379e-06 1.17338e-07 3.84593e-09 8.32166e-11 1.1743e-12 1.07274e-14
 8.44785e-08 3.18441e-06 7.07788e-05 0.000927644 0.00717023 0.0327114 0.0884217 0.144292 0.154391 0.139411 0.136994 0.125184 0.0892987 0.0502598 0.0221399 0.00700288 0.00148834 0.000211292 2.06516e-05 1.42679e-06 6.94051e-08 2.31447e-09 5.14282e-11 7.4521e-13 6.92875e-15
 1.18326e-07 4.22267e-06 8.88557e-05 0.00110254 0.00806878 0.034865 0.0894134 0.139521 0.147138 0.138925 0.142339 0.129099 0.0904362 0.0499708 0.021249 0.00634712 0.00125309 0.000163169 1.45047e-05 9.12199e-07 4.08666e-08 1.27662e-09 2.70244e-11 3.78516e-13 3.44137e-15
 1.92019e-07 6.48647e-06 0.000129201 0.00151752 0.0105125 0.0429967 0.104361 0.153997 0.153041 0.135366 0.131081 0.115431 0.0808692 0.0450668 0.0189453 0.0054876 0.00104654 0.000132398 1.14699e-05 6.95825e-07 2.94258e-08 8.49901e-10 1.64494e-11 2.10458e-13 1.75853e-15
 2.58035e-07 8.25038e-06 0.000155548 0.00172934 0.0113413 0.043946 0.101398 0.144433 0.146204 0.142199 0.144977 0.122844 0.0794364 0.0404731 0.0157122 0.00426597 0.000773168 9.41777e-05 7.93561e-06 4.69683e-07 1.92989e-08 5.37222e-10 9.91771e-12 1.19574e-13 9.29951e-16
 3.77536e-07 1.14258e-05 0.000203896 0.00214566 0.0133204 0.0488757 0.106956 0.145462 0.143636 0.139796 0.14162 0.119406 0.0783641 0.0403369 0.0152564 0.00388988 0.000644361 7.02816e-05 5.25171e-06 2.77972e-07 1.04402e-08 2.71468e-10 4.74425e-12 5.44137e-14 4.0227e-16
 5.62699e-07 1.61197e-05 0.000272292 0.00271241 0.0159411 0.0553986 0.115056 0.149789 0.145198 0.141624 0.140219 0.11303 0.0705549 0.0344232 0.0122936 0.00295738 0.000463065 4.77808e-05 3.35793e-06 1.646e-07 5.61605e-09 1.30893e-10 2.04465e-12 2.10976e-14 1.41926e-16
 8.25988e-07 2.24e-05 0.000358198 0.00337793 0.0187964 0.0618817 0.122061 0.152488 0.145895 0.143009 0.138485 0.107204 0.0640698 0.029741 0.0100025 0.00224726 0.000326551 3.1094e-05 2.00904e-06 9.05558e-08 2.84876e-09 6.12651e-11 8.79695e-13 8.28213e-15 5.04295e-17
 1.07029e-06 2.74803e-05 0.000416054 0.00371501 0.0195797 0.0611449 0.115172 0.141109 0.141341 0.148989 0.146566 0.112337 0.0666443 0.0304835 0.00996461 0.00216983 0.000308685 2.92097e-05 1.88741e-06 8.40359e-08 2.54558e-09 5.14317e-11 6.82856e-13 5.90047e-15 3.28954e-17
 1.70183e-06 4.1375e-05 0.000593152 0.00501502 0.0250263 0.0739811 0.131747 0.151808 0.141304 0.138872 0.131555 0.100687 0.0606628 0.0277232 0.0088393 0.0018606 0.000257337 2.39702e-05 1.53958e-06 6.82498e-08 2.04898e-09 4.07327e-11 5.27103e-13 4.3853e-15 2.32136e-17
#spawning biomass
 38684.9 34927.1 22171.6 15579.2 18400.4 27341.9 33983.3 37817.6 44794.6 52965.1 65473.5 68861.6 78920.8 91565.1 89065.5 97298 87656.2 102481 103311 101959 122818 121432 116243 117545 106462 107407 115110 98547.3 126381 229354 211862 171637 130997 98846.8 76398.6 61869.3 52926.4 47611.5 44531.5 42779.6 41796.9 41251.4 40950.5 40783.6 40694.2 40646.4 40620.8 40607 40599.7 40595.8 40593.7 40592.5 40591.9 40591.6 40591.4 40591.4 40591.3 40591.3 40591.3 40591.3 40591.2 40591.2 40591.2 40591.2 40591.2 40591.2 40591.2 40591.2 40591.2 40591.2 40591.2 40591.2 40591.2 40591.2 40591.2 40591.2 40591.2 40591.2 40591.2 40591.2 40591.2 40591.2 40591.2 40591.2 40591.2 40591.2 40591.2 40591.2 40591.2 40591.2 40591.2 40591.2 40591.2 40591.2 40591.2 40591.2 40591.2 40591.2 40591.2 40591.2 40591.2 40591.2 40591.2 40591.2 40591.2 40591.2 40591.2 40591.2 40591.2 40591.2 40591.2 40591.2 40591.2 40591.2 40591.2 40591.2 40591.2 40591.2 40591.2 40591.2 40591.2 40591.2 40591.2 40591.2 40591.2 40591.2 40591.2 40591.2 0 0 0 0 0 0 0 0 0 0 0 0 0 0 0 0 0 0 0 0 0 0 0 0 0
