SBPRF35
0.819782
Curr Bio
121677
B35
689518
F35
0.206374
FOFL
0.0913957
OFL
24153.3
Bzero
234224
#pred survey bio
 6111.69 6566.32 8460.16 11361 15635.5 18302 17757.2 22365.8 34418.6 49281.9 62205.8 80065.9 101244 124312 126400 104277 100335 96485.8 92816.4 101653 96670.3 104143 112052 113829 127916 115693 123679 121541 129392 1.16325e+07 9.70413e+06 1.00628e+07 9.37625e+06 8.20019e+06 6.92486e+06 5.76076e+06 4.7914e+06 4.02797e+06 3.44791e+06 3.01741e+06 2.70268e+06 2.47461e+06 2.30952e+06 2.18874e+06 2.10045e+06 2.03764e+06 1.9925e+06 1.95972e+06 1.93565e+06 1.91779e+06 1.90439e+06 1.89424e+06 1.88646e+06 1.88046e+06 1.87578e+06 1.87211e+06 1.86921e+06 1.86691e+06 1.86507e+06 1.86359e+06 1.86241e+06 1.86145e+06 1.86067e+06 1.86004e+06 1.85953e+06 1.85912e+06 1.85878e+06 1.8585e+06 1.85828e+06 1.8581e+06 1.85795e+06 1.85782e+06 1.85772e+06 1.85764e+06 1.85757e+06 1.85752e+06 1.85747e+06 1.85744e+06 1.85741e+06 1.85738e+06 1.85736e+06 1.85735e+06 1.85733e+06 1.85732e+06 1.85731e+06 1.8573e+06 1.8573e+06 1.85729e+06 1.85729e+06 1.85729e+06 1.85728e+06 1.85728e+06 1.85728e+06 1.85728e+06 1.85728e+06 1.85728e+06 1.85728e+06 1.85727e+06 1.85727e+06 1.85727e+06 1.85727e+06 1.85727e+06 1.85727e+06 1.85727e+06 1.85727e+06 1.85727e+06 1.85727e+06 1.85727e+06 1.85727e+06 1.85727e+06 1.85727e+06 1.85727e+06 1.85727e+06 1.85727e+06 1.85727e+06 1.85727e+06 1.85727e+06 1.85727e+06 1.85727e+06 1.85727e+06 1.85727e+06 1.85727e+06 1.85727e+06 1.85727e+06 1.85727e+06 1.85727e+06 1.85727e+06 1.85727e+06 1.85727e+06 0 0 0 0 0 0 0 0 0 0 0 0 0 0 0 0 0 0 0 0 0 0 0 0 0
#obs survey bio
 5482.98 7633.91 10361.2 17441.8 19745.4 17089.4 25006.5 23127.8 47304.1 70132.5 111176 96595.9 84194.6 102197 99607.9 99923.5 134744 77322.6 85086.4 98736.8 93217.9 133467 193773 112758 146850 136607 124377 137535 139675
#pred catch bio
 3982.31 4576.85 6190.17 8082.65 11089.7 14058.4 13652.5 16751.3 25095.1 36396.2 45767.2 61416.6 78678.1 98688.4 106049 85592.4 83698.6 81237.1 74803.8 87221 81317.6 87704.6 97183 96628.4 115308 97944.5 107859 107527 5592.06 24153.3 77742.2 80033.2 73812 63708.7 52957.3 43280.9 35337.6 29183.8 24599.4 21277.4 18918 17267 16121.9 15328.5 14784.3 14421.8 14180.4 14019.6 13912.5 13841.1 13793.6 13762 13740.9 13726.9 13717.5 13711.3 13707.1 13704.4 13702.5 13701.3 13700.5 13699.9 13699.6 13699.3 13699.2 13699.1 13699 13699 13698.9 13698.9 13698.9 13698.9 13698.9 13698.9 13698.9 13698.9 13698.9 13698.9 13698.9 13698.9 13698.9 13698.9 13698.9 13698.9 13698.9 13698.9 13698.9 13698.9 13698.9 13698.9 13698.9 13698.9 13698.9 13698.9 13698.9 13698.9 13698.9 13698.9 13698.9 13698.9 13698.9 13698.9 13698.9 13698.9 13698.9 13698.9 13698.9 13698.9 13698.9 13698.9 13698.9 13698.9 13698.9 13698.9 13698.9 13698.9 13698.9 13698.9 13698.9 13698.9 13698.9 13698.9 13698.9 13698.9 13698.9 13698.9 13698.9 13698.9 13698.9 0 0 0 0 0 0 0 0 0 0 0 0 0 0 0 0 0 0 0 0 0 0 0 0 0
#obs catch bio
 4647.39 4525.26 6133.24 7770.03 10739.3 13930.6 13366.8 16463.3 24394.4 34527.1 42899.9 57851.7 77043.3 97121.8 106786 85993.4 82165.4 79942.1 73638.8 85187.5 78648.9 86273.9 91849.7 94580.9 112292 92985.2 105783 106450 5431.76
#pred cpue bio
 5401.2 5530.51 6907.27 9191.53 12811 15578.4 14791.4 17704.4 27159.4 40147.9 51045.1 65145.9 81501.2 100872 105968 86481.7 81990 78924.2 75344.7 82703.9 77929.9 83166 90066.1 90422.5 101562 92550.4 99102 97165.8 100572 1.06239e+07 9.66493e+06 1.00236e+07 9.33705e+06 8.16099e+06 6.88566e+06 5.72156e+06 4.7522e+06 3.98876e+06 3.40871e+06 2.97821e+06 2.66348e+06 2.4354e+06 2.27032e+06 2.14954e+06 2.06125e+06 1.99844e+06 1.9533e+06 1.92052e+06 1.89645e+06 1.87859e+06 1.86519e+06 1.85504e+06 1.84726e+06 1.84126e+06 1.83658e+06 1.83291e+06 1.83001e+06 1.8277e+06 1.82586e+06 1.82439e+06 1.8232e+06 1.82225e+06 1.82147e+06 1.82084e+06 1.82033e+06 1.81992e+06 1.81958e+06 1.8193e+06 1.81908e+06 1.81889e+06 1.81874e+06 1.81862e+06 1.81852e+06 1.81844e+06 1.81837e+06 1.81832e+06 1.81827e+06 1.81823e+06 1.8182e+06 1.81818e+06 1.81816e+06 1.81814e+06 1.81813e+06 1.81812e+06 1.81811e+06 1.8181e+06 1.8181e+06 1.81809e+06 1.81809e+06 1.81808e+06 1.81808e+06 1.81808e+06 1.81808e+06 1.81808e+06 1.81807e+06 1.81807e+06 1.81807e+06 1.81807e+06 1.81807e+06 1.81807e+06 1.81807e+06 1.81807e+06 1.81807e+06 1.81807e+06 1.81807e+06 1.81807e+06 1.81807e+06 1.81807e+06 1.81807e+06 1.81807e+06 1.81807e+06 1.81807e+06 1.81807e+06 1.81807e+06 1.81807e+06 1.81807e+06 1.81807e+06 1.81807e+06 1.81807e+06 1.81807e+06 1.81807e+06 1.81807e+06 1.81807e+06 1.81807e+06 1.81807e+06 1.81807e+06 1.81807e+06 1.81807e+06 1.81807e+06 0 0 0 0 0 0 0 0 0 0 0 0 0 0 0 0 0 0 0 0 0 0 0 0 0
#obs cpue bio
 4230.19 6852.31 6128.53 13996.8 14620.1 16255.7 18372.5 18918.5 35433.8 71799 92885.3 117077 107515 146465 114371 87041.6 90266 122661 100520 137774 135873 78918.8 153711 104557 145784 186303 117969 132954 114062
#pred surv len freq
 2.56631e-27 2.59681e-27 4.05935e-26 8.0236e-20 1.96689e-14 5.82824e-10 2.08758e-06 0.000903842 0.0473038 0.299257 0.229106 0.0376465 0.125589 0.116018 0.0290166 0.0373547 0.0172341 0.014899 0.0100095 0.00820436 0.00685589 0.00624492 0.00655104 0.00596579 0.00183795
 2.56795e-27 2.60093e-27 4.38061e-26 8.70114e-20 2.13298e-14 6.3204e-10 2.26386e-06 0.000980166 0.0512983 0.324527 0.248448 0.0405493 0.134092 0.123521 0.0244049 0.0247068 0.00967273 0.00619905 0.0033816 0.00231493 0.00167358 0.00135092 0.00128529 0.00118865 0.000403325
 2.56908e-27 2.60392e-27 4.63348e-26 9.23454e-20 2.26374e-14 6.70786e-10 2.40264e-06 0.00104025 0.054443 0.344422 0.263643 0.0408348 0.12559 0.115587 0.0214796 0.0199458 0.00689552 0.00310957 0.00129812 0.000654233 0.000365942 0.000244821 0.000201504 0.000179423 6.35219e-05
 2.56936e-27 2.60463e-27 4.68907e-26 9.3518e-20 2.29248e-14 6.79303e-10 2.43315e-06 0.00105346 0.0551343 0.348795 0.266989 0.0412334 0.126272 0.116118 0.0198002 0.0159596 0.00534353 0.00213377 0.000717635 0.000248164 9.3368e-05 4.48747e-05 2.92013e-05 2.34383e-05 8.32091e-06
 2.56875e-27 2.60297e-27 4.5421e-26 9.04174e-20 2.21647e-14 6.56781e-10 2.35248e-06 0.00101853 0.0533064 0.337231 0.258166 0.0416648 0.135754 0.124881 0.0216041 0.0178565 0.00574622 0.00192597 0.000602841 0.000174248 4.3621e-05 1.27074e-05 5.43384e-06 3.53051e-06 1.20612e-06
 2.56676e-27 2.59758e-27 4.06899e-26 8.0437e-20 1.97182e-14 5.84284e-10 2.09281e-06 0.000906106 0.0474223 0.300007 0.22976 0.0428063 0.164399 0.151373 0.0273584 0.0243231 0.00788781 0.00271544 0.000793532 0.000195103 4.11391e-05 7.72805e-06 1.72344e-06 7.27113e-07 2.24022e-07
 2.568e-27 2.60101e-27 4.37668e-26 8.69281e-20 2.13094e-14 6.31435e-10 2.26169e-06 0.000979227 0.0512492 0.324217 0.248226 0.0414884 0.141396 0.130231 0.0251552 0.0246323 0.00816339 0.00307219 0.000915782 0.000224553 4.11116e-05 6.18491e-06 7.83294e-07 1.51489e-07 3.61233e-08
 2.57032e-27 2.60724e-27 4.92258e-26 9.84441e-20 2.41324e-14 7.15086e-10 2.56132e-06 0.00110895 0.0580386 0.367168 0.281005 0.0403918 0.11002 0.101154 0.0177663 0.0150926 0.00515238 0.00219377 0.000685433 0.000181256 3.36055e-05 4.54469e-06 4.24755e-07 3.57631e-08 4.59843e-09
 2.57037e-27 2.60732e-27 4.9225e-26 9.84422e-20 2.41319e-14 7.15072e-10 2.56127e-06 0.00110893 0.0580374 0.367161 0.281008 0.0409123 0.11398 0.1047 0.0164405 0.0111546 0.00362557 0.00129595 0.000421164 0.000124289 2.4883e-05 3.48875e-06 2.93519e-07 1.53105e-08 7.62954e-10
 2.56897e-27 2.60351e-27 4.58516e-26 9.13256e-20 2.23874e-14 6.63378e-10 2.37611e-06 0.00102876 0.0538418 0.340618 0.260756 0.0419322 0.135969 0.124998 0.0201531 0.0145022 0.00448772 0.00123242 0.000359345 9.40796e-05 2.05404e-05 3.17313e-06 2.79039e-07 1.25619e-08 3.08585e-10
 2.56867e-27 2.60274e-27 4.5225e-26 9.0004e-20 2.20634e-14 6.53778e-10 2.34172e-06 0.00101388 0.0530627 0.335689 0.256989 0.041708 0.13691 0.12596 0.0220287 0.0185447 0.00582118 0.00170097 0.000455849 9.33644e-05 1.75619e-05 2.74953e-06 2.68647e-07 1.25347e-08 2.42662e-10
 2.56909e-27 2.60391e-27 4.62738e-26 9.22166e-20 2.26058e-14 6.6985e-10 2.39929e-06 0.0010388 0.0543671 0.343941 0.263284 0.0412883 0.129293 0.118947 0.0210528 0.0180981 0.00589529 0.00207072 0.000578421 0.000121169 1.88432e-05 2.38849e-06 2.26666e-07 1.15832e-08 2.26873e-10
 2.56955e-27 2.60512e-27 4.73038e-26 9.43894e-20 2.31384e-14 6.85633e-10 2.45582e-06 0.00106328 0.0556481 0.352045 0.269471 0.041267 0.124784 0.114719 0.0190953 0.014694 0.00480425 0.00173568 0.000519656 0.000127473 2.07168e-05 2.33297e-06 1.75507e-07 8.5158e-09 1.78643e-10
 2.56916e-27 2.60404e-27 4.63266e-26 9.23278e-20 2.26331e-14 6.70658e-10 2.40218e-06 0.00104005 0.0544327 0.344356 0.263608 0.0417465 0.132552 0.12185 0.0196805 0.0142242 0.00451694 0.00143119 0.000427039 0.000109541 2.03252e-05 2.5193e-06 1.73652e-07 6.78623e-09 1.33698e-10
 2.56753e-27 2.59961e-27 4.24047e-26 8.40542e-20 2.06049e-14 6.10559e-10 2.18692e-06 0.000946853 0.0495549 0.313498 0.240064 0.0429593 0.158324 0.145624 0.0237659 0.0175552 0.0055026 0.00161899 0.000455384 0.000105316 1.99414e-05 2.74985e-06 2.1225e-07 7.73048e-09 1.25916e-10
 2.56812e-27 2.60125e-27 4.38811e-26 8.71689e-20 2.13684e-14 6.33184e-10 2.26796e-06 0.00098194 0.0513912 0.325115 0.248924 0.0422675 0.146834 0.13508 0.022943 0.0183357 0.00578173 0.00174207 0.000479272 0.000102499 1.75717e-05 2.35504e-06 1.99593e-07 8.0614e-09 1.2377e-10
 2.56885e-27 2.60322e-27 4.56234e-26 9.08443e-20 2.22694e-14 6.59882e-10 2.36359e-06 0.00102334 0.0535581 0.338823 0.259384 0.0417897 0.135849 0.124929 0.0208931 0.0162199 0.00520449 0.00171886 0.000481855 0.000104277 1.68876e-05 2.04456e-06 1.64897e-07 7.19997e-09 1.20518e-10
 2.56877e-27 2.60296e-27 4.53622e-26 9.02931e-20 2.21343e-14 6.55878e-10 2.34925e-06 0.00101713 0.0532331 0.336767 0.25782 0.0421552 0.139729 0.128444 0.0203385 0.0140649 0.00447197 0.00142947 0.000412508 9.65434e-05 1.59731e-05 1.86946e-06 1.3638e-07 5.65422e-09 1.00739e-10
 2.56913e-27 2.60393e-27 4.62128e-26 9.20877e-20 2.25742e-14 6.68913e-10 2.39594e-06 0.00103735 0.0542911 0.34346 0.262926 0.0418945 0.134158 0.12331 0.0195531 0.0135589 0.0042081 0.00117834 0.000330485 7.60902e-05 1.33775e-05 1.64346e-06 1.1706e-07 4.42851e-09 7.52334e-11
 2.56903e-27 2.60368e-27 4.60084e-26 9.16566e-20 2.24685e-14 6.65782e-10 2.38472e-06 0.00103249 0.0540369 0.341852 0.261698 0.0418615 0.134769 0.123897 0.0200601 0.0145686 0.0045282 0.00126956 0.000340597 6.99376e-05 1.19079e-05 1.51077e-06 1.13912e-07 4.23526e-09 6.63979e-11
 2.56943e-27 2.60472e-27 4.69055e-26 9.35489e-20 2.29324e-14 6.79528e-10 2.43395e-06 0.00105381 0.0551526 0.34891 0.267086 0.0418156 0.130635 0.120028 0.0184074 0.0117735 0.00368374 0.001088 0.000294052 5.95962e-05 9.264e-06 1.09222e-06 8.36746e-08 3.27014e-09 5.05996e-11
 2.56984e-27 2.60585e-27 4.7902e-26 9.56511e-20 2.34477e-14 6.94797e-10 2.48865e-06 0.00107749 0.0563919 0.356751 0.273068 0.0414843 0.123911 0.113835 0.017524 0.011312 0.00345743 0.000887562 0.000239412 5.06815e-05 7.87433e-06 8.69626e-07 6.10116e-08 2.38856e-09 3.8436e-11
 2.56954e-27 2.60503e-27 4.71617e-26 9.40893e-20 2.30649e-14 6.83453e-10 2.44801e-06 0.0010599 0.0554712 0.350926 0.268626 0.041827 0.12964 0.119093 0.0179388 0.0109344 0.00334324 0.000865349 0.000223693 4.22879e-05 6.67599e-06 7.50937e-07 4.99526e-08 1.79893e-09 2.86924e-11
 2.57004e-27 2.60639e-27 4.83713e-26 9.66411e-20 2.36904e-14 7.01989e-10 2.51441e-06 0.00108864 0.0569756 0.360443 0.275887 0.0414639 0.121774 0.111836 0.0166825 0.00989385 0.00299524 0.000728976 0.000187217 3.51597e-05 5.09072e-06 5.46841e-07 3.70122e-08 1.27462e-09 1.88767e-11
 2.57006e-27 2.60644e-27 4.84098e-26 9.67222e-20 2.37103e-14 7.02578e-10 2.51652e-06 0.00108956 0.0570234 0.360746 0.276118 0.0414707 0.121664 0.111731 0.0165969 0.00972422 0.00293094 0.000692453 0.000173937 3.10094e-05 4.4415e-06 4.50738e-07 2.85016e-08 9.80948e-10 1.39737e-11
 2.56971e-27 2.60546e-27 4.75129e-26 9.48301e-20 2.32465e-14 6.88834e-10 2.46729e-06 0.00106824 0.0559079 0.353689 0.270738 0.0419976 0.129454 0.118858 0.0167561 0.0082923 0.00248422 0.000579273 0.000144049 2.49008e-05 3.41928e-06 3.34891e-07 2.01917e-08 6.49995e-10 9.09905e-12
 2.56968e-27 2.60539e-27 4.74885e-26 9.47788e-20 2.32339e-14 6.88461e-10 2.46595e-06 0.00106766 0.0558777 0.353497 0.270587 0.0417017 0.127308 0.116953 0.0177852 0.0111148 0.00327719 0.000643229 0.000154532 2.63366e-05 3.53577e-06 3.3205e-07 1.9124e-08 5.85556e-10 7.70886e-12
 2.56977e-27 2.60563e-27 4.76842e-26 9.51916e-20 2.33351e-14 6.9146e-10 2.47669e-06 0.00107231 0.056121 0.355037 0.271764 0.0417455 0.126815 0.116469 0.0171753 0.00985203 0.00299231 0.000745995 0.000179159 2.62567e-05 3.38861e-06 3.11209e-07 1.72002e-08 5.01094e-10 6.25541e-12
 2.57091e-27 2.60874e-27 5.04434e-26 1.01012e-19 2.47619e-14 7.33741e-10 2.62814e-06 0.00113788 0.0595527 0.376746 0.288326 0.0408581 0.108425 0.0995145 0.0144535 0.00791049 0.00236889 0.00054059 0.000135988 2.42345e-05 2.95399e-06 2.43776e-07 1.30363e-08 3.64708e-10 4.32646e-12
#obs surv len freq
 1.64053e-41 2.27694e-33 3.82005e-26 7.74697e-20 1.89908e-14 5.62732e-10 2.01561e-06 0.000872691 0.0456732 0.288942 0.221375 0.044284 0.164475 0.139796 0.0432857 0.035104 0.0113936 0.00386018 0.000823333 0.000106476 6.0408e-06 1.08187e-07 4.54717e-10 3.6044e-13 4.65988e-17
 1.89777e-41 2.63397e-33 4.41904e-26 8.96172e-20 2.19686e-14 6.5097e-10 2.33167e-06 0.00100953 0.0528349 0.334249 0.255982 0.0440395 0.132763 0.106847 0.0343149 0.026315 0.0083689 0.00268306 0.000528392 5.95368e-05 2.79329e-06 3.92107e-08 1.23432e-10 7.11801e-14 6.59232e-18
 1.93061e-41 2.67956e-33 4.49552e-26 9.11682e-20 2.23488e-14 6.62236e-10 2.37202e-06 0.001027 0.0537493 0.340034 0.260481 0.0470307 0.140518 0.10574 0.0269074 0.0172256 0.00534661 0.00161397 0.000294145 2.8941e-05 1.11261e-06 1.21466e-08 2.86422e-11 1.20485e-14 8.00437e-19
 1.9704e-41 2.73479e-33 4.58818e-26 9.30474e-20 2.28095e-14 6.75886e-10 2.42091e-06 0.00104817 0.0548571 0.347043 0.265897 0.0487277 0.138512 0.0981355 0.0258637 0.0152019 0.00363854 0.000907979 0.000151271 1.29806e-05 4.08851e-07 3.45466e-09 6.07795e-12 1.866e-15 8.91885e-20
 1.76947e-41 2.4559e-33 4.12029e-26 8.35586e-20 2.04834e-14 6.06961e-10 2.17403e-06 0.000941282 0.0492629 0.311653 0.239067 0.0549052 0.175639 0.116774 0.0305489 0.0165342 0.00379157 0.000777051 9.70172e-05 6.91841e-06 1.77842e-07 1.16419e-09 1.52707e-12 3.41698e-16 1.17523e-20
 1.45124e-41 2.01423e-33 3.37929e-26 6.85313e-20 1.67996e-14 4.97804e-10 1.78305e-06 0.000772001 0.0404034 0.255606 0.196545 0.0625388 0.221168 0.140274 0.0490939 0.0266715 0.00574946 0.00106259 0.000107719 5.53734e-06 1.0804e-07 5.42987e-10 5.32112e-13 8.69528e-17 2.15354e-21
 2.08653e-41 2.89596e-33 4.85858e-26 9.8531e-20 2.41537e-14 7.15719e-10 2.56359e-06 0.00110994 0.0580901 0.367496 0.281664 0.050318 0.112661 0.0692777 0.0344168 0.0190558 0.00493257 0.000893933 7.82355e-05 3.08189e-06 4.18844e-08 1.5002e-10 1.0766e-13 1.28426e-17 2.2971e-22
 1.98384e-41 2.75343e-33 4.61946e-26 9.36817e-20 2.2965e-14 6.80494e-10 2.43742e-06 0.00105532 0.0552311 0.349411 0.268201 0.0602287 0.152013 0.0819066 0.0193529 0.00897937 0.00296851 0.000595139 5.29548e-05 1.7322e-06 1.72197e-08 4.20461e-11 2.06778e-14 1.7381e-18 2.22148e-23
 2.02318e-41 2.80805e-33 4.71108e-26 9.55397e-20 2.34204e-14 6.93991e-10 2.48576e-06 0.00107625 0.0563266 0.356341 0.273613 0.0616636 0.14423 0.0739653 0.0224101 0.00855597 0.00149931 0.000287482 2.83327e-05 8.87316e-07 7.14176e-09 1.2544e-11 4.19477e-15 2.37389e-19 2.07389e-24
 1.73018e-41 2.40138e-33 4.02881e-26 8.17034e-20 2.00286e-14 5.93485e-10 2.12577e-06 0.000920383 0.0481692 0.304739 0.234852 0.0762521 0.199225 0.0952499 0.0282647 0.0102171 0.00186521 0.000226286 1.66217e-05 5.1063e-07 3.71236e-09 5.20316e-12 1.26555e-15 4.9472e-20 2.92294e-25
 2.0121e-41 2.79266e-33 4.68526e-26 9.50162e-20 2.32921e-14 6.90188e-10 2.47214e-06 0.00107035 0.0560179 0.354391 0.272515 0.0668488 0.140285 0.0669013 0.0296845 0.0103065 0.00176921 0.000197769 1.0176e-05 2.15959e-07 1.33566e-09 1.59898e-12 3.09476e-16 9.01874e-21 3.79394e-26
 1.8538e-41 2.57295e-33 4.31666e-26 8.75411e-20 2.14597e-14 6.35889e-10 2.27765e-06 0.000986145 0.0516109 0.326516 0.251987 0.0814779 0.17951 0.0751535 0.022971 0.00790737 0.00169348 0.000176957 7.71825e-06 1.15174e-07 4.76358e-10 4.31334e-13 6.68954e-17 1.5391e-21 4.93348e-27
 1.92799e-41 2.67592e-33 4.48942e-26 9.10445e-20 2.23185e-14 6.61338e-10 2.3688e-06 0.00102561 0.0536764 0.339584 0.262127 0.080899 0.160494 0.0668562 0.0264937 0.00747377 0.00122586 0.000135488 5.68931e-06 6.81738e-08 1.98195e-10 1.18747e-13 1.27814e-17 2.17599e-22 5.31387e-28
 1.62021e-41 2.24874e-33 3.77273e-26 7.65102e-20 1.87556e-14 5.55762e-10 1.99065e-06 0.000861882 0.0451075 0.285385 0.2222 0.104469 0.217236 0.083818 0.0306078 0.00871474 0.00146873 0.000125058 4.67782e-06 5.0733e-08 1.16849e-10 4.99843e-14 3.62084e-18 4.119e-23 6.92025e-29
 1.47675e-41 2.04964e-33 3.43869e-26 6.9736e-20 1.7095e-14 5.06555e-10 1.8144e-06 0.000785571 0.0411137 0.260127 0.203817 0.113386 0.22469 0.0945297 0.0472389 0.0122383 0.00191263 0.000154485 4.61948e-06 4.01997e-08 7.72929e-11 2.61321e-14 1.39242e-18 1.10646e-23 1.26136e-29
 1.71946e-41 2.3865e-33 4.00386e-26 8.11974e-20 1.99046e-14 5.89809e-10 2.1126e-06 0.000914683 0.0478709 0.302876 0.236222 0.102881 0.176556 0.0763266 0.0416156 0.0124423 0.00213559 0.000152919 3.95637e-06 2.71322e-08 3.95627e-11 1.0388e-14 4.29785e-19 2.57513e-24 2.13653e-30
 1.68279e-41 2.3356e-33 3.91845e-26 7.94653e-20 1.948e-14 5.77228e-10 2.06754e-06 0.000895172 0.0468498 0.296431 0.232766 0.118712 0.192097 0.0703415 0.0306093 0.00938662 0.00177316 0.000133331 3.0267e-06 1.6811e-08 1.88532e-11 3.66331e-15 1.11883e-19 5.00557e-25 3.11114e-31
 1.6972e-41 2.3556e-33 3.95201e-26 8.01459e-20 1.96468e-14 5.82171e-10 2.08524e-06 0.000902838 0.047251 0.298982 0.235679 0.123966 0.184838 0.0696406 0.0301654 0.00725769 0.00122064 9.34956e-05 2.04529e-06 9.68671e-09 8.52199e-12 1.25016e-15 2.8094e-20 9.10854e-26 4.09236e-32
 1.65059e-41 2.29091e-33 3.84347e-26 7.79448e-20 1.91073e-14 5.66183e-10 2.02798e-06 0.000878043 0.0459534 0.290794 0.231072 0.135737 0.188864 0.0697121 0.0291853 0.00680075 0.000941041 5.94726e-05 1.18553e-06 5.00034e-09 3.64592e-12 4.1626e-16 7.01456e-21 1.67173e-26 5.45042e-33
 1.74564e-41 2.42283e-33 4.0648e-26 8.24334e-20 2.02076e-14 5.98787e-10 2.14476e-06 0.000928607 0.0485997 0.30755 0.244523 0.133797 0.168299 0.0636949 0.0261262 0.00572673 0.000716358 3.64067e-05 5.68136e-07 1.98151e-09 1.20306e-12 1.11008e-16 1.45664e-21 2.62061e-27 6.31356e-34
 1.71214e-41 2.37634e-33 3.9868e-26 8.08515e-20 1.98198e-14 5.87297e-10 2.1036e-06 0.000910787 0.0476671 0.301686 0.242341 0.147778 0.172425 0.0598158 0.0221332 0.00468768 0.000530427 2.2681e-05 2.72857e-07 7.1316e-10 3.32863e-13 2.40883e-17 2.47703e-22 3.44671e-28 6.31364e-35
 1.72101e-41 2.38865e-33 4.00745e-26 8.12703e-20 1.99225e-14 5.90339e-10 2.1145e-06 0.000915505 0.0479141 0.303285 0.245333 0.153298 0.165233 0.0592466 0.0205869 0.00379181 0.000380125 1.38468e-05 1.31938e-07 2.57939e-10 8.77594e-14 4.65258e-18 3.56016e-23 3.7294e-29 5.16314e-36
 1.71887e-41 2.38567e-33 4.00246e-26 8.11691e-20 1.98977e-14 5.89604e-10 2.11187e-06 0.000914365 0.0478546 0.302958 0.247405 0.161339 0.160622 0.0567268 0.0186699 0.00322702 0.000272603 8.13857e-06 6.18771e-08 9.23274e-11 2.31354e-14 8.84529e-19 4.84766e-24 3.64924e-30 3.65959e-37
 1.7466e-41 2.42416e-33 4.06703e-26 8.24786e-20 2.02187e-14 5.99116e-10 2.14593e-06 0.000929116 0.0486267 0.307899 0.253339 0.165629 0.151726 0.0529236 0.0161567 0.00257464 0.000190043 4.56776e-06 2.68353e-08 3.04756e-11 5.69946e-15 1.59452e-19 6.29945e-25 3.38598e-31 2.41344e-38
 1.67961e-41 2.33119e-33 3.91105e-26 7.93154e-20 1.94432e-14 5.76138e-10 2.06363e-06 0.000893482 0.0467621 0.296204 0.248586 0.181469 0.155675 0.0531091 0.0149837 0.00217461 0.000138603 2.72216e-06 1.23193e-08 1.04323e-11 1.43963e-15 2.95397e-20 8.49478e-26 3.29685e-32 1.68473e-39
 1.59576e-41 2.21481e-33 3.7158e-26 7.53557e-20 1.84726e-14 5.47376e-10 1.96061e-06 0.000848877 0.044428 0.281568 0.242145 0.196432 0.160202 0.0571451 0.0151453 0.00197429 0.000107184 1.70624e-06 5.99106e-09 3.80044e-12 3.84069e-16 5.71235e-21 1.18671e-26 3.32211e-33 1.22216e-40
 1.59039e-41 2.20735e-33 3.7033e-26 7.51021e-20 1.84104e-14 5.45533e-10 1.95401e-06 0.00084602 0.0442789 0.280751 0.244897 0.199832 0.15445 0.0580602 0.0149823 0.00181588 8.34716e-05 1.06427e-06 2.88316e-09 1.3744e-12 1.02378e-16 1.10661e-21 1.65537e-27 3.32018e-34 8.7332e-42
 1.64066e-41 2.27713e-33 3.82036e-26 7.74762e-20 1.89924e-14 5.62778e-10 2.01578e-06 0.000872765 0.0456792 0.289747 0.254689 0.199056 0.142802 0.0525008 0.0130824 0.00150799 6.03115e-05 6.17962e-07 1.28323e-09 4.57625e-13 2.51256e-17 1.98107e-22 2.14467e-28 3.09384e-35 5.82551e-43
 1.64076e-41 2.27727e-33 3.82059e-26 7.74808e-20 1.89935e-14 5.62812e-10 2.0159e-06 0.000872816 0.0456819 0.289764 0.254712 0.199438 0.144212 0.0517934 0.0121923 0.0012862 4.53379e-05 3.96597e-07 6.87141e-10 2.01414e-13 9.00415e-18 5.74564e-23 5.01365e-29 5.81327e-36 8.78006e-44
#pred catch len freq
 2.56501e-27 2.59333e-27 3.75834e-26 7.38862e-20 1.81123e-14 5.36701e-10 1.92237e-06 0.000832313 0.0435603 0.275574 0.211026 0.0379117 0.140308 0.129659 0.0324282 0.0417467 0.0192604 0.0166508 0.0111864 0.009169 0.00766198 0.00697918 0.00732129 0.00666723 0.00205405
 2.567e-27 2.59837e-27 4.15561e-26 8.22649e-20 2.01663e-14 5.97562e-10 2.14037e-06 0.000926697 0.0485 0.306824 0.234938 0.0410676 0.147528 0.135934 0.0268576 0.0271898 0.0106448 0.00682204 0.00372144 0.00254758 0.00184177 0.00148669 0.00141446 0.00130811 0.000443858
 2.56838e-27 2.60201e-27 4.46508e-26 8.8793e-20 2.17665e-14 6.44982e-10 2.31022e-06 0.00100024 0.0523487 0.331172 0.253534 0.0412964 0.136205 0.125387 0.0233008 0.0216371 0.0074802 0.00337324 0.00140819 0.000709707 0.00039697 0.00026558 0.00021859 0.000194637 6.8908e-05
 2.56859e-27 2.60253e-27 4.50319e-26 8.95966e-20 2.19635e-14 6.50819e-10 2.33112e-06 0.00100929 0.0528225 0.334169 0.25583 0.041796 0.138393 0.127299 0.0217068 0.0174964 0.00585807 0.00233924 0.000786738 0.000272061 0.000102359 4.91958e-05 3.20132e-05 2.56952e-05 9.12215e-06
 2.56793e-27 2.60073e-27 4.34417e-26 8.6242e-20 2.11412e-14 6.26451e-10 2.24384e-06 0.000971498 0.0508447 0.321658 0.246284 0.0422625 0.148651 0.136779 0.0236624 0.0195578 0.0062937 0.00210947 0.000660278 0.000190849 4.7777e-05 1.39181e-05 5.95155e-06 3.86689e-06 1.32104e-06
 2.56613e-27 2.5959e-27 3.91974e-26 7.72885e-20 1.89463e-14 5.61414e-10 2.01089e-06 0.000870639 0.0455661 0.288264 0.2208 0.0432402 0.173996 0.160231 0.0289593 0.0257464 0.00834938 0.00287434 0.000839967 0.00020652 4.35465e-05 8.18027e-06 1.82429e-06 7.69662e-07 2.37131e-07
 2.56742e-27 2.59945e-27 4.2392e-26 8.40279e-20 2.05984e-14 6.10368e-10 2.18624e-06 0.000946557 0.0495394 0.3134 0.239972 0.0418621 0.150039 0.138214 0.0266971 0.0261423 0.0086638 0.00326051 0.000971918 0.000238317 4.36317e-05 6.56403e-06 8.31309e-07 1.60775e-07 3.83376e-08
 2.56977e-27 2.60576e-27 4.79113e-26 9.5671e-20 2.34526e-14 6.94943e-10 2.48917e-06 0.00107771 0.0564037 0.356825 0.273114 0.0407792 0.118513 0.108991 0.0191426 0.0162618 0.00555152 0.00236372 0.000738531 0.000195297 3.62088e-05 4.89676e-06 4.57659e-07 3.85336e-08 4.95466e-09
 2.56975e-27 2.60562e-27 4.77167e-26 9.52603e-20 2.33519e-14 6.91959e-10 2.47848e-06 0.00107309 0.0561615 0.355293 0.271954 0.0414031 0.124075 0.114006 0.0179018 0.012146 0.00394782 0.00141114 0.000458598 0.000135336 2.70947e-05 3.79884e-06 3.19608e-07 1.66713e-08 8.30767e-10
 2.5683e-27 2.60168e-27 4.42284e-26 8.79014e-20 2.1548e-14 6.38505e-10 2.28702e-06 0.000990191 0.051823 0.327847 0.251013 0.0424541 0.146787 0.134972 0.0217611 0.0156593 0.00484578 0.00133075 0.000388016 0.000101586 2.21792e-05 3.42631e-06 3.01303e-07 1.35641e-08 3.33206e-10
 2.56797e-27 2.60083e-27 4.35316e-26 8.64317e-20 2.11877e-14 6.27829e-10 2.24878e-06 0.000973635 0.0509565 0.322365 0.246823 0.0422181 0.147934 0.136132 0.0238076 0.0200422 0.00629127 0.00183833 0.000492661 0.000100904 1.89801e-05 2.97157e-06 2.90342e-07 1.3547e-08 2.62258e-10
 2.56856e-27 2.60247e-27 4.49929e-26 8.95145e-20 2.19434e-14 6.50222e-10 2.32899e-06 0.00100836 0.052774 0.333863 0.255594 0.0416675 0.137581 0.126595 0.0224065 0.0192618 0.00627435 0.00220387 0.000615613 0.00012896 2.00548e-05 2.54206e-06 2.41241e-07 1.2328e-08 2.41461e-10
 2.56909e-27 2.60386e-27 4.61875e-26 9.20343e-20 2.25611e-14 6.68526e-10 2.39455e-06 0.00103675 0.0542596 0.343261 0.26277 0.0416143 0.132135 0.121498 0.0202237 0.0155623 0.00508816 0.00183825 0.000550366 0.000135006 2.19411e-05 2.47084e-06 1.85878e-07 9.01905e-09 1.892e-10
 2.56876e-27 2.60295e-27 4.53636e-26 9.02962e-20 2.2135e-14 6.55901e-10 2.34933e-06 0.00101717 0.0532349 0.336779 0.257827 0.0420545 0.138958 0.127756 0.0206345 0.0149137 0.00473589 0.00150056 0.000447738 0.000114851 2.13104e-05 2.64141e-06 1.82069e-07 7.11517e-09 1.40178e-10
 2.56734e-27 2.59907e-27 4.19271e-26 8.30467e-20 2.03579e-14 6.03241e-10 2.16071e-06 0.000935504 0.0489609 0.30974 0.237197 0.0431113 0.161494 0.148548 0.0242431 0.0179077 0.00561307 0.00165149 0.000464526 0.00010743 2.03417e-05 2.80505e-06 2.16511e-07 7.88568e-09 1.28444e-10
 2.56783e-27 2.60046e-27 4.3181e-26 8.56919e-20 2.10063e-14 6.22455e-10 2.22953e-06 0.000965301 0.0505204 0.319606 0.244721 0.0424833 0.151429 0.139318 0.0236629 0.0189111 0.00596315 0.00179673 0.000494311 0.000105715 1.81231e-05 2.42894e-06 2.05856e-07 8.31435e-09 1.27654e-10
 2.56865e-27 2.60267e-27 4.51332e-26 8.98103e-20 2.20159e-14 6.52371e-10 2.33668e-06 0.00101169 0.0529484 0.334966 0.256441 0.0419422 0.139077 0.127906 0.0213909 0.0166064 0.0053285 0.00175982 0.000493337 0.000106762 1.729e-05 2.09328e-06 1.68827e-07 7.37153e-09 1.2339e-10
 2.56861e-27 2.60252e-27 4.49679e-26 8.94615e-20 2.19304e-14 6.49837e-10 2.32761e-06 0.00100777 0.0527428 0.333666 0.255453 0.0422832 0.142366 0.130875 0.0207233 0.014331 0.00455659 0.00145651 0.000420314 9.83702e-05 1.62753e-05 1.90483e-06 1.3896e-07 5.76121e-09 1.02645e-10
 2.56879e-27 2.603e-27 4.53901e-26 9.03522e-20 2.21487e-14 6.56307e-10 2.35078e-06 0.0010178 0.0532679 0.336987 0.257988 0.0421623 0.139665 0.128387 0.0203581 0.0141172 0.00438135 0.00122685 0.000344091 7.9223e-05 1.39283e-05 1.71112e-06 1.2188e-07 4.61083e-09 7.83308e-11
 2.56896e-27 2.60348e-27 4.58284e-26 9.12768e-20 2.23754e-14 6.63024e-10 2.37484e-06 0.00102821 0.0538131 0.340436 0.260617 0.0419192 0.135968 0.125001 0.020239 0.0146985 0.00456857 0.00128088 0.000343634 7.05612e-05 1.2014e-05 1.52424e-06 1.14927e-07 4.27302e-09 6.69899e-11
 2.56927e-27 2.6043e-27 4.65262e-26 9.27487e-20 2.27362e-14 6.73715e-10 2.41313e-06 0.00104479 0.0546808 0.345926 0.264809 0.041942 0.133196 0.122388 0.0187694 0.012005 0.00375618 0.0011094 0.000299834 6.07681e-05 9.44617e-06 1.1137e-06 8.532e-08 3.33445e-09 5.15946e-11
 2.56969e-27 2.60545e-27 4.75505e-26 9.49096e-20 2.32659e-14 6.89412e-10 2.46936e-06 0.00106914 0.0559548 0.353985 0.270958 0.0416014 0.126284 0.116022 0.0178607 0.0115294 0.00352385 0.000904614 0.000244012 5.16552e-05 8.02562e-06 8.86335e-07 6.21838e-08 2.43445e-09 3.91745e-11
 2.56952e-27 2.60496e-27 4.71047e-26 9.39691e-20 2.30354e-14 6.8258e-10 2.44489e-06 0.00105854 0.0554003 0.350478 0.268284 0.0418463 0.130027 0.119449 0.0179925 0.0109672 0.00335325 0.00086794 0.000224363 4.24145e-05 6.69598e-06 7.53186e-07 5.01022e-08 1.80431e-09 2.87783e-11
 2.56993e-27 2.60609e-27 4.81048e-26 9.6079e-20 2.35526e-14 6.97906e-10 2.49978e-06 0.00108231 0.0566442 0.358347 0.274288 0.0415546 0.123589 0.113508 0.0169319 0.0100418 0.00304002 0.000739874 0.000190016 3.56853e-05 5.16683e-06 5.55017e-07 3.75656e-08 1.29368e-09 1.91589e-11
 2.57021e-27 2.60683e-27 4.87589e-26 9.74588e-20 2.38909e-14 7.07929e-10 2.53568e-06 0.00109785 0.0574577 0.363493 0.278214 0.0413514 0.119284 0.109537 0.016271 0.0095333 0.0028734 0.000678858 0.000170522 3.04006e-05 4.3543e-06 4.41888e-07 2.79421e-08 9.6169e-10 1.36994e-11
 2.56959e-27 2.60512e-27 4.72087e-26 9.41883e-20 2.30891e-14 6.84172e-10 2.45059e-06 0.00106101 0.0555295 0.351295 0.268912 0.0421052 0.131556 0.120794 0.017029 0.00842735 0.00252468 0.000588707 0.000146395 2.53063e-05 3.47497e-06 3.40345e-07 2.05205e-08 6.6058e-10 9.24724e-12
 2.56968e-27 2.6054e-27 4.74906e-26 9.47833e-20 2.3235e-14 6.88494e-10 2.46607e-06 0.00106771 0.0558803 0.353514 0.2706 0.041701 0.127293 0.11694 0.0177831 0.0111136 0.00327682 0.000643156 0.000154515 2.63336e-05 3.53537e-06 3.32013e-07 1.91219e-08 5.8549e-10 7.70799e-12
 2.56983e-27 2.6058e-27 4.78397e-26 9.55196e-20 2.34155e-14 6.93843e-10 2.48523e-06 0.00107601 0.0563144 0.35626 0.272697 0.0416921 0.125752 0.115491 0.017031 0.00976926 0.00296717 0.000739728 0.000177654 2.60361e-05 3.36014e-06 3.08595e-07 1.70557e-08 4.96884e-10 6.20286e-12
 2.56824e-27 2.60144e-27 4.395e-26 8.73139e-20 2.1404e-14 6.34237e-10 2.27173e-06 0.000983573 0.0514767 0.325656 0.24935 0.0431117 0.152959 0.140538 0.0204119 0.0111715 0.00334544 0.000763442 0.000192047 3.42249e-05 4.17174e-06 3.4427e-07 1.84104e-08 5.15056e-10 6.11e-12
#obs catch len freq
 1.63361e-41 2.26735e-33 3.80394e-26 7.71433e-20 1.89108e-14 5.6036e-10 2.00712e-06 0.000869014 0.0454807 0.287724 0.220446 0.0443566 0.165567 0.140701 0.0433408 0.0350845 0.0114715 0.00395772 0.000874878 0.000116956 6.88288e-06 1.28852e-07 5.66093e-10 4.66107e-13 6.22078e-17
 1.6464e-41 2.28509e-33 3.83371e-26 7.77469e-20 1.90587e-14 5.64746e-10 2.02283e-06 0.000875814 0.0458366 0.289976 0.222228 0.0463803 0.168236 0.135445 0.0432151 0.033064 0.0105573 0.00341187 0.000687206 8.03584e-05 3.91402e-06 5.69679e-08 1.86188e-10 1.11293e-13 1.06367e-17
 1.91133e-41 2.65279e-33 4.45061e-26 9.02575e-20 2.21256e-14 6.55621e-10 2.34833e-06 0.00101675 0.0532124 0.336637 0.257865 0.0457964 0.13447 0.102273 0.0339005 0.0243938 0.00763707 0.00232263 0.000428894 4.33032e-05 1.72719e-06 1.95342e-08 4.75386e-11 2.06046e-14 1.4081e-18
 1.94985e-41 2.70626e-33 4.54031e-26 9.20766e-20 2.25715e-14 6.68834e-10 2.39566e-06 0.00103724 0.0542848 0.343422 0.263138 0.0489229 0.141086 0.099912 0.0260285 0.015734 0.00480846 0.00137021 0.000232484 2.02918e-05 6.56517e-07 5.72975e-09 1.03894e-11 3.27425e-15 1.60227e-19
 1.99462e-41 2.7684e-33 4.64456e-26 9.41907e-20 2.30897e-14 6.84191e-10 2.45066e-06 0.00106105 0.0555312 0.351307 0.269231 0.0506397 0.137962 0.0918084 0.0247986 0.0136001 0.00317704 0.000755442 0.000116438 8.77717e-06 2.30251e-07 1.5434e-09 2.07781e-12 4.76491e-16 1.67469e-20
 1.79998e-41 2.49825e-33 4.19134e-26 8.49995e-20 2.08366e-14 6.17427e-10 2.21152e-06 0.000957514 0.0501125 0.317028 0.243286 0.0574966 0.174546 0.108785 0.0291481 0.0146672 0.00326833 0.000626295 7.25968e-05 4.53346e-06 9.61388e-08 4.95485e-10 4.94943e-13 8.24903e-17 2.08275e-21
 1.49063e-41 2.06889e-33 3.471e-26 7.03912e-20 1.72556e-14 5.11314e-10 1.83144e-06 0.000792952 0.0414999 0.262544 0.202014 0.0661253 0.219682 0.130895 0.0471359 0.0234793 0.00490683 0.000841089 7.7698e-05 3.48673e-06 5.60484e-08 2.2047e-10 1.63778e-13 1.98784e-17 3.60823e-22
 2.12118e-41 2.94406e-33 4.93927e-26 1.00167e-19 2.45549e-14 7.27606e-10 2.60617e-06 0.00112838 0.0590549 0.3736 0.286419 0.0520347 0.109885 0.063874 0.0325926 0.0165285 0.00414147 0.000683794 5.38858e-05 1.82397e-06 2.03342e-08 5.69792e-11 3.09143e-14 2.73209e-18 3.57558e-23
 2.02417e-41 2.80941e-33 4.71337e-26 9.55861e-20 2.34318e-14 6.94328e-10 2.48697e-06 0.00107677 0.0563539 0.356515 0.273769 0.0624537 0.147244 0.0739725 0.0178089 0.00782456 0.00249093 0.000452361 3.54756e-05 9.8081e-07 7.90888e-09 1.50587e-11 5.59805e-15 3.48249e-19 3.25201e-24
 2.06529e-41 2.86649e-33 4.80913e-26 9.75281e-20 2.39079e-14 7.08434e-10 2.5375e-06 0.00109865 0.0574989 0.363759 0.279433 0.0637834 0.138762 0.0665853 0.0204975 0.00712144 0.00122084 0.000218443 1.86766e-05 4.85019e-07 3.11874e-09 4.2409e-12 1.06992e-15 4.48111e-20 2.85922e-25
 1.78163e-41 2.47279e-33 4.14861e-26 8.41331e-20 2.06242e-14 6.11134e-10 2.18898e-06 0.000947753 0.0496016 0.313803 0.242038 0.0795493 0.192123 0.0859228 0.025808 0.00854458 0.00148391 0.000164513 1.08445e-05 2.74031e-07 1.5673e-09 1.68308e-12 3.07431e-16 8.88564e-21 3.83606e-26
 2.06087e-41 2.86035e-33 4.79883e-26 9.73193e-20 2.38567e-14 7.06917e-10 2.53206e-06 0.0010963 0.0573757 0.362983 0.279278 0.0689356 0.133379 0.0602335 0.0267589 0.00843716 0.0013754 0.000138105 6.22192e-06 1.10486e-07 5.37278e-10 4.88328e-13 7.05166e-17 1.51497e-21 4.65493e-27
 1.90846e-41 2.64882e-33 4.44394e-26 9.01222e-20 2.20924e-14 6.54638e-10 2.34481e-06 0.00101522 0.0531326 0.336145 0.259653 0.0842693 0.170394 0.0668661 0.0205154 0.00657157 0.00130916 0.000121281 4.55296e-06 5.59291e-08 1.82856e-10 1.25922e-13 1.45084e-17 2.45075e-22 5.72572e-28
 1.98279e-41 2.75199e-33 4.61703e-26 9.36324e-20 2.29529e-14 6.80136e-10 2.43614e-06 0.00105476 0.0552021 0.349239 0.269822 0.0832941 0.151264 0.0597209 0.0233584 0.00601038 0.000936357 9.18272e-05 3.24418e-06 3.1523e-08 7.1747e-11 3.26941e-14 2.61674e-18 3.26381e-23 5.79141e-29
 1.6842e-41 2.33755e-33 3.92173e-26 7.95319e-20 1.94963e-14 5.77711e-10 2.06927e-06 0.000895922 0.046889 0.296661 0.23136 0.108287 0.205532 0.0751062 0.0269895 0.00709203 0.0011004 8.31651e-05 2.63068e-06 2.27901e-08 4.06185e-11 1.31418e-14 7.07183e-19 5.8957e-24 7.18942e-30
 1.54544e-41 2.14497e-33 3.59863e-26 7.29795e-20 1.78901e-14 5.30116e-10 1.89879e-06 0.000822109 0.043026 0.272232 0.213755 0.117799 0.212925 0.0865541 0.0414831 0.00987383 0.00142411 0.000100456 2.51215e-06 1.74844e-08 2.58373e-11 6.56018e-15 2.58785e-19 1.50625e-24 1.24732e-30
 1.78704e-41 2.48029e-33 4.1612e-26 8.43884e-20 2.06868e-14 6.12988e-10 2.19562e-06 0.00095063 0.0497522 0.314785 0.245914 0.105754 0.165293 0.0696746 0.0361723 0.0100537 0.00154828 9.62488e-05 2.05964e-06 1.11854e-08 1.25085e-11 2.45947e-15 7.5053e-20 3.28643e-25 1.97994e-31
 1.75138e-41 2.43081e-33 4.07818e-26 8.27047e-20 2.02741e-14 6.00758e-10 2.15182e-06 0.000931663 0.0487596 0.308524 0.242771 0.121638 0.178807 0.0631749 0.0264244 0.00759939 0.00128426 8.22346e-05 1.52205e-06 6.64204e-09 5.67641e-12 8.23496e-16 1.85156e-20 6.04024e-26 2.72058e-32
 1.76654e-41 2.45184e-33 4.11347e-26 8.34204e-20 2.04495e-14 6.05957e-10 2.17044e-06 0.000939725 0.0491815 0.311209 0.245879 0.12653 0.171354 0.0626913 0.0255361 0.0057441 0.00087634 5.68343e-05 9.98213e-07 3.6684e-09 2.44408e-12 2.66685e-16 4.40196e-21 1.03927e-26 3.37927e-33
 1.72193e-41 2.38992e-33 4.00959e-26 8.13137e-20 1.99331e-14 5.90654e-10 2.11563e-06 0.000915994 0.0479396 0.303378 0.241725 0.138195 0.174611 0.0626764 0.0245638 0.00530062 0.000655961 3.53565e-05 5.63301e-07 1.8246e-09 9.99199e-13 8.44536e-17 1.04269e-21 1.8068e-27 4.25959e-34
 1.81595e-41 2.52042e-33 4.22852e-26 8.57536e-20 2.10215e-14 6.22905e-10 2.23114e-06 0.000966009 0.0505572 0.319955 0.255041 0.135298 0.154562 0.0570227 0.0216973 0.00439147 0.000484961 2.07656e-05 2.59139e-07 6.92188e-10 3.13798e-13 2.13254e-17 2.0434e-22 2.66813e-28 4.64362e-35
 1.78346e-41 2.47532e-33 4.15287e-26 8.42193e-20 2.06454e-14 6.1176e-10 2.19123e-06 0.000948725 0.0496527 0.314277 0.253217 0.148907 0.1577 0.0531198 0.0182602 0.00355118 0.000351164 1.24938e-05 1.19171e-07 2.38095e-10 8.28253e-14 4.4001e-18 3.29309e-23 3.31734e-29 4.38301e-36
 1.79272e-41 2.48818e-33 4.17443e-26 8.46567e-20 2.07526e-14 6.14937e-10 2.2026e-06 0.000953652 0.0499107 0.315952 0.256394 0.153818 0.150727 0.0524367 0.0167305 0.00282208 0.000245898 7.37019e-06 5.5176e-08 8.2014e-11 2.0752e-14 8.06427e-19 4.48183e-24 3.39067e-30 3.37823e-37
 1.79114e-41 2.48598e-33 4.17075e-26 8.45821e-20 2.07343e-14 6.14395e-10 2.20066e-06 0.000952812 0.0498668 0.315735 0.258713 0.161192 0.14604 0.0499179 0.0150496 0.00235463 0.000171359 4.18415e-06 2.48081e-08 2.79875e-11 5.19893e-15 1.45464e-19 5.78418e-25 3.14083e-31 2.26308e-38
 1.81811e-41 2.52341e-33 4.23355e-26 8.58556e-20 2.10465e-14 6.23646e-10 2.2338e-06 0.000967157 0.0506178 0.320553 0.264663 0.164681 0.137455 0.0462209 0.012876 0.00184512 0.000115995 2.25894e-06 1.02986e-08 8.80608e-12 1.21701e-15 2.48692e-20 7.12134e-26 2.7596e-32 1.41266e-39
 1.75289e-41 2.4329e-33 4.08169e-26 8.27759e-20 2.02915e-14 6.01275e-10 2.15367e-06 0.000932465 0.0488026 0.309191 0.260503 0.180003 0.140969 0.0461438 0.0118372 0.00153219 8.2444e-05 1.29942e-06 4.53376e-09 2.88073e-12 2.9307e-16 4.38417e-21 9.12644e-27 2.5517e-33 9.3617e-41
 1.67099e-41 2.31923e-33 3.89098e-26 7.89084e-20 1.93435e-14 5.73182e-10 2.05305e-06 0.000888899 0.0465229 0.294927 0.254745 0.194618 0.145503 0.0495068 0.0118566 0.00136684 6.20932e-05 7.86862e-07 2.1171e-09 1.0037e-12 7.46097e-17 8.07831e-22 1.21338e-27 2.44462e-34 6.45198e-42
 1.66608e-41 2.31241e-33 3.87954e-26 7.86764e-20 1.92866e-14 5.71497e-10 2.04701e-06 0.000886285 0.0463868 0.294215 0.25775 0.197381 0.140417 0.050057 0.0116264 0.00123107 4.68904e-05 4.72371e-07 9.75394e-10 3.46263e-13 1.89283e-17 1.48733e-22 1.6072e-28 2.3184e-35 4.37211e-43
 1.70282e-41 2.3634e-33 3.9651e-26 8.04114e-20 1.97119e-14 5.841e-10 2.09215e-06 0.00090583 0.0474096 0.300659 0.261561 0.192101 0.136803 0.0481379 0.0112044 0.0011737 4.12101e-05 3.59661e-07 6.22287e-10 1.82247e-13 8.14267e-18 5.19387e-23 4.53088e-29 5.25236e-36 7.93153e-44
#spawning biomass
 5921.19 6288.62 8044.08 10779.7 14878.3 17570.6 16961.8 21117.9 32474.9 46833.5 59213.8 76067.7 95954.6 118030 120916 99503.5 95417.5 91777.4 88133.6 96574.2 91648.4 98523.6 106161 107560 120857 109492 117094 115011 121677 324571 459530 473128 436443 376868 313471 256413 209574 173287 146255 126666 112754 103019 96266.2 91587.6 88378.7 86241.3 84817.7 83869.5 83237.9 82817.3 82537.1 82350.5 82226.2 82143.4 82088.2 82051.5 82027 82010.7 81999.9 81992.7 81987.8 81984.6 81982.5 81981.1 81980.1 81979.5 81979.1 81978.8 81978.6 81978.5 81978.4 81978.4 81978.3 81978.3 81978.3 81978.3 81978.3 81978.3 81978.2 81978.2 81978.2 81978.2 81978.2 81978.2 81978.2 81978.2 81978.2 81978.2 81978.2 81978.2 81978.2 81978.2 81978.2 81978.2 81978.2 81978.2 81978.2 81978.2 81978.2 81978.2 81978.2 81978.2 81978.2 81978.2 81978.2 81978.2 81978.2 81978.2 81978.2 81978.2 81978.2 81978.2 81978.2 81978.2 81978.2 81978.2 81978.2 81978.2 81978.2 81978.2 81978.2 81978.2 81978.2 81978.2 81978.2 81978.2 81978.2 81978.2 81978.2 0 0 0 0 0 0 0 0 0 0 0 0 0 0 0 0 0 0 0 0 0 0 0 0 0
