SBPRF35
0.827133
Curr Bio
144778
B35
639827
F35
0.222996
FOFL
0.108637
OFL
24538.4
Bzero
236324
#pred survey bio
 10456.7 9795.46 11171.4 16128.3 20659.3 24490.7 29644.1 34124.4 40273.5 50502.9 66029.3 74742.7 89752.2 117043 118845 101588 96266.6 88921.5 90578.4 83136.8 84499 90120 95292.8 95334.6 118179 117658 115199 103217 96237.7 9.53155e+06 8.61619e+06 9.03228e+06 8.33547e+06 7.22905e+06 6.07218e+06 5.04252e+06 4.20259e+06 3.55292e+06 3.06724e+06 2.712e+06 2.45564e+06 2.27197e+06 2.14016e+06 2.04447e+06 1.97488e+06 1.9255e+06 1.89005e+06 1.86426e+06 1.84527e+06 1.83111e+06 1.82042e+06 1.81226e+06 1.80596e+06 1.80106e+06 1.79721e+06 1.79417e+06 1.79175e+06 1.78982e+06 1.78826e+06 1.78701e+06 1.786e+06 1.78518e+06 1.78451e+06 1.78397e+06 1.78353e+06 1.78317e+06 1.78287e+06 1.78263e+06 1.78244e+06 1.78228e+06 1.78215e+06 1.78204e+06 1.78195e+06 1.78188e+06 1.78182e+06 1.78177e+06 1.78173e+06 1.7817e+06 1.78168e+06 1.78165e+06 1.78164e+06 1.78162e+06 1.78161e+06 1.7816e+06 1.78159e+06 1.78159e+06 1.78158e+06 1.78158e+06 1.78157e+06 1.78157e+06 1.78157e+06 1.78157e+06 1.78156e+06 1.78156e+06 1.78156e+06 1.78156e+06 1.78156e+06 1.78156e+06 1.78156e+06 1.78156e+06 1.78156e+06 1.78156e+06 1.78156e+06 1.78156e+06 1.78156e+06 1.78156e+06 1.78156e+06 1.78156e+06 1.78156e+06 1.78156e+06 1.78156e+06 1.78156e+06 1.78156e+06 1.78156e+06 1.78156e+06 1.78156e+06 1.78156e+06 1.78156e+06 1.78156e+06 1.78156e+06 1.78156e+06 1.78156e+06 1.78156e+06 1.78156e+06 1.78156e+06 1.78156e+06 1.78156e+06 1.78156e+06 1.78156e+06 0 0 0 0 0 0 0 0 0 0 0 0 0 0 0 0 0 0 0 0 0 0 0 0 0
#obs survey bio
 10115.8 11677 16519.8 14497 19296.6 31442.3 29935.3 33621.8 51495.4 60131.8 58391.6 79660.6 95271.2 98779.8 144850 88583.3 76844.9 118567 60910.8 64332.2 85503.2 117346 97539.3 116022 160054 89977.2 90679.2 78187.7 83632.6
#pred catch bio
 6362.9 6289.83 6510.14 9944.92 14137 17083.6 21326 24663.3 30243.2 39369.2 54729.5 63732 74064.2 98031.4 101801 88453 88439.1 79589.8 86158.3 77711.1 81938.1 87474.7 96450.2 92018.9 119833 116899 115594 106408 4413.87 24538.4 75498 77154.1 70282.8 60069.5 49602.1 40426.4 33059.1 27465.1 23375.9 20466.3 18436.4 17040.5 16088.6 15440.9 15004.4 14718.4 14531.1 14408.4 14328 14275.3 14240.9 14218.3 14203.4 14193.8 14187.4 14183.2 14180.5 14178.7 14177.6 14176.8 14176.3 14176 14175.7 14175.6 14175.5 14175.4 14175.4 14175.4 14175.4 14175.4 14175.3 14175.3 14175.3 14175.3 14175.3 14175.3 14175.3 14175.3 14175.3 14175.3 14175.3 14175.3 14175.3 14175.3 14175.3 14175.3 14175.3 14175.3 14175.3 14175.3 14175.3 14175.3 14175.3 14175.3 14175.3 14175.3 14175.3 14175.3 14175.3 14175.3 14175.3 14175.3 14175.3 14175.3 14175.3 14175.3 14175.3 14175.3 14175.3 14175.3 14175.3 14175.3 14175.3 14175.3 14175.3 14175.3 14175.3 14175.3 14175.3 14175.3 14175.3 14175.3 14175.3 14175.3 14175.3 14175.3 14175.3 14175.3 14175.3 0 0 0 0 0 0 0 0 0 0 0 0 0 0 0 0 0 0 0 0 0 0 0 0 0
#obs catch bio
 5794.25 6465.13 6424.34 9921.54 14750.8 17166.5 21584.1 24533.8 29577.9 38456.2 54442.4 63428.1 71773.6 96620.8 99996 89669.9 88063.1 77850.5 85578 78138.8 80817.9 85120.4 96271.3 89893 115855 114998 116085 107888 4277.67
#pred cpue bio
 10123.4 9172.61 10099.3 14934.4 19068.5 22389.8 27281.6 31307.4 36708.2 44667 59621.6 66989.1 78273.2 105835 110820 92808.6 86981.7 80110.9 81094.3 74608.9 73927.4 78814.4 83904.6 81392.3 102669 103322 101740 92240.7 80188.1 9.15258e+06 8.75373e+06 9.02903e+06 8.31962e+06 7.21252e+06 6.05561e+06 5.02595e+06 4.18603e+06 3.53636e+06 3.05067e+06 2.69543e+06 2.43908e+06 2.25541e+06 2.1236e+06 2.02791e+06 1.95831e+06 1.90894e+06 1.87348e+06 1.8477e+06 1.82871e+06 1.81455e+06 1.80386e+06 1.7957e+06 1.7894e+06 1.7845e+06 1.78065e+06 1.77761e+06 1.77519e+06 1.77325e+06 1.7717e+06 1.77045e+06 1.76943e+06 1.76861e+06 1.76795e+06 1.7674e+06 1.76696e+06 1.7666e+06 1.76631e+06 1.76607e+06 1.76587e+06 1.76571e+06 1.76558e+06 1.76548e+06 1.76539e+06 1.76532e+06 1.76526e+06 1.76521e+06 1.76517e+06 1.76514e+06 1.76511e+06 1.76509e+06 1.76507e+06 1.76506e+06 1.76505e+06 1.76504e+06 1.76503e+06 1.76502e+06 1.76502e+06 1.76501e+06 1.76501e+06 1.76501e+06 1.765e+06 1.765e+06 1.765e+06 1.765e+06 1.765e+06 1.765e+06 1.765e+06 1.765e+06 1.765e+06 1.765e+06 1.76499e+06 1.76499e+06 1.76499e+06 1.76499e+06 1.76499e+06 1.76499e+06 1.76499e+06 1.76499e+06 1.76499e+06 1.76499e+06 1.76499e+06 1.76499e+06 1.76499e+06 1.76499e+06 1.76499e+06 1.76499e+06 1.76499e+06 1.76499e+06 1.76499e+06 1.76499e+06 1.76499e+06 1.76499e+06 1.76499e+06 1.76499e+06 1.76499e+06 1.76499e+06 1.76499e+06 1.76499e+06 1.76499e+06 0 0 0 0 0 0 0 0 0 0 0 0 0 0 0 0 0 0 0 0 0 0 0 0 0
#obs cpue bio
 9587.47 5363.01 9735.35 12906 9634.95 18971.5 23889.2 35142.8 52836.1 47745 57905.5 88188.8 104930 143849 122219 84018.2 106782 105513 103189 92315.9 102935 84166.6 89842.8 93033.7 134714 147210 119226 153391 117806
#pred surv len freq
 2.55841e-27 2.57537e-27 2.16023e-26 4.01723e-20 9.84776e-15 2.91807e-10 1.0452e-06 0.000452533 0.0236839 0.149832 0.115103 0.0436856 0.251643 0.232362 0.0500704 0.0560882 0.022978 0.0162309 0.00967433 0.0072045 0.00560071 0.00483762 0.00487571 0.00434694 0.00133021
 2.56083e-27 2.58248e-27 2.83258e-26 5.43576e-20 1.33251e-14 3.94846e-10 1.41427e-06 0.000612327 0.032047 0.202738 0.155413 0.0381211 0.180979 0.168281 0.0593082 0.093225 0.0332394 0.0163208 0.0073429 0.00413051 0.00259534 0.00190937 0.00170315 0.0015216 0.00051082
 2.56362e-27 2.58953e-27 3.40179e-26 6.63634e-20 1.62682e-14 4.82056e-10 1.72664e-06 0.00074757 0.0391251 0.247517 0.189656 0.0413299 0.181337 0.167449 0.0380768 0.0451616 0.0209737 0.0173309 0.00635913 0.0024175 0.00103685 0.000576782 0.000423486 0.000355809 0.000123842
 2.56196e-27 2.58489e-27 2.97944e-26 5.74533e-20 1.4084e-14 4.17334e-10 1.49482e-06 0.000647199 0.0338721 0.214285 0.164315 0.0434768 0.215481 0.198937 0.0433939 0.049085 0.0179145 0.00966034 0.00514524 0.00255227 0.00072948 0.000249924 0.000129044 9.30834e-05 3.21126e-05
 2.56208e-27 2.58536e-27 3.03411e-26 5.86069e-20 1.43668e-14 4.25714e-10 1.52483e-06 0.000660195 0.0345522 0.218587 0.167579 0.0421482 0.203077 0.187794 0.0469296 0.0599705 0.0214584 0.0105647 0.00395599 0.00173162 0.000721625 0.000182303 5.10965e-05 2.6397e-05 8.54058e-06
 2.56282e-27 2.58722e-27 3.18348e-26 6.17575e-20 1.51391e-14 4.48599e-10 1.60681e-06 0.000695685 0.0364097 0.230338 0.176565 0.0429843 0.203126 0.187525 0.0411815 0.0469567 0.0179486 0.0105193 0.00381489 0.00134299 0.000422227 0.000133171 2.64435e-05 7.06065e-06 1.91237e-06
 2.56239e-27 2.58598e-27 3.06656e-26 5.92908e-20 1.45344e-14 4.30681e-10 1.54263e-06 0.000667899 0.0349554 0.221138 0.169555 0.0439097 0.215094 0.198489 0.041694 0.0452852 0.0162079 0.00807281 0.00322441 0.00126649 0.00033717 8.16152e-05 1.69416e-05 2.54983e-06 4.41959e-07
 2.56259e-27 2.58652e-27 3.11445e-26 6.03011e-20 1.47821e-14 4.3802e-10 1.56891e-06 0.000679279 0.035551 0.224906 0.172429 0.0436947 0.211439 0.195156 0.0418463 0.0464529 0.0162722 0.00752302 0.00269833 0.000980796 0.000295204 6.3814e-05 1.048e-05 1.2908e-06 1.20807e-07
 2.56303e-27 2.58769e-27 3.21502e-26 6.24226e-20 1.53022e-14 4.5343e-10 1.62411e-06 0.000703178 0.0368018 0.232819 0.17847 0.0436537 0.206883 0.190894 0.040048 0.0434244 0.0153557 0.00730314 0.00252683 0.000833623 0.000223431 5.10332e-05 7.57242e-06 7.32575e-07 4.47716e-08
 2.56486e-27 2.59255e-27 3.635e-26 7.1282e-20 1.74739e-14 5.17784e-10 1.85462e-06 0.000802977 0.0420249 0.265862 0.203694 0.0432129 0.185806 0.171282 0.0336509 0.0337306 0.0117864 0.00542143 0.00190045 0.000631129 0.000155301 3.16223e-05 4.685e-06 3.9723e-07 1.7882e-08
 2.56371e-27 2.58927e-27 3.33001e-26 6.48475e-20 1.58966e-14 4.71044e-10 1.6872e-06 0.000730494 0.0382314 0.241863 0.185402 0.0453023 0.214558 0.197567 0.0338441 0.0275143 0.00929046 0.00383217 0.00130789 0.000425773 0.000105821 2.01336e-05 2.66824e-06 2.16286e-07 8.15467e-09
 2.56413e-27 2.59042e-27 3.43263e-26 6.70124e-20 1.64273e-14 4.86769e-10 1.74353e-06 0.00075488 0.0395077 0.249937 0.191561 0.0448884 0.207082 0.190721 0.0336151 0.0286814 0.00912006 0.00287593 0.000906114 0.000269098 6.47921e-05 1.2266e-05 1.52268e-06 1.11178e-07 3.85622e-09
 2.56562e-27 2.59441e-27 3.78115e-26 7.43644e-20 1.82295e-14 5.40174e-10 1.93481e-06 0.000837699 0.0438422 0.277358 0.212489 0.0442586 0.187585 0.172635 0.0286963 0.0220141 0.00706951 0.00234807 0.00066775 0.000156492 3.35691e-05 5.99633e-06 7.29013e-07 4.95239e-08 1.55409e-09
 2.56364e-27 2.589e-27 3.29783e-26 6.41683e-20 1.57301e-14 4.6611e-10 1.66953e-06 0.000722842 0.037831 0.23933 0.18348 0.0460799 0.221826 0.204152 0.0328171 0.0234676 0.0073461 0.00215481 0.00061609 0.000145208 2.53882e-05 3.7718e-06 4.22926e-07 2.76693e-08 8.03096e-10
 2.5616e-27 2.58356e-27 2.82514e-26 5.41967e-20 1.32857e-14 3.93678e-10 1.41009e-06 0.000610515 0.0319521 0.202139 0.155092 0.0467235 0.246669 0.227262 0.0402747 0.0346584 0.0107346 0.00289782 0.000784386 0.0001678 2.93567e-05 3.78329e-06 3.40351e-07 2.0144e-08 5.54908e-10
 2.56292e-27 2.58724e-27 3.16088e-26 6.12798e-20 1.5022e-14 4.45129e-10 1.59438e-06 0.000690304 0.036128 0.228556 0.175235 0.0449162 0.218763 0.201678 0.0387557 0.0376687 0.0121701 0.00407671 0.00110387 0.000217181 3.46411e-05 4.23966e-06 3.36519e-07 1.59942e-08 3.939e-10
 2.56367e-27 2.58914e-27 3.31743e-26 6.45819e-20 1.58315e-14 4.69115e-10 1.68029e-06 0.000727502 0.0380748 0.240872 0.184648 0.0454502 0.216213 0.19908 0.0338519 0.0271436 0.00905688 0.00354423 0.00104893 0.000245003 3.76901e-05 4.17257e-06 3.047e-07 1.2628e-08 2.53087e-10
 2.56387e-27 2.5896e-27 3.34773e-26 6.52209e-20 1.59881e-14 4.73757e-10 1.69692e-06 0.0007347 0.0384516 0.243256 0.18648 0.0461849 0.220518 0.202882 0.0314595 0.020692 0.00651875 0.00200491 0.000616113 0.000167002 2.9971e-05 3.51246e-06 2.33459e-07 8.72689e-09 1.50436e-10
 2.56421e-27 2.59056e-27 3.43571e-26 6.70769e-20 1.64431e-14 4.87238e-10 1.74521e-06 0.000755608 0.0395458 0.250178 0.191757 0.0456447 0.212699 0.195745 0.0316138 0.0228262 0.00694265 0.00170053 0.000460886 0.000104876 2.08671e-05 2.87703e-06 2.10179e-07 7.32009e-09 1.12441e-10
 2.56412e-27 2.5902e-27 3.39499e-26 6.62176e-20 1.62324e-14 4.80996e-10 1.72285e-06 0.000745927 0.0390391 0.246973 0.189323 0.0465061 0.220964 0.203194 0.0297159 0.016625 0.00510654 0.00137649 0.000352839 6.41712e-05 1.05588e-05 1.45039e-06 1.24585e-07 4.80105e-09 7.01525e-11
 2.56546e-27 2.5939e-27 3.72692e-26 7.322e-20 1.7949e-14 5.31861e-10 1.90504e-06 0.000824808 0.0431675 0.27309 0.209244 0.0451473 0.196628 0.180832 0.0274794 0.0171419 0.00507931 0.00104229 0.000262948 5.07518e-05 7.17951e-06 7.81739e-07 6.33504e-08 2.79731e-09 4.50431e-11
 2.5655e-27 2.59393e-27 3.7225e-26 7.31265e-20 1.79261e-14 5.31182e-10 1.90261e-06 0.000823755 0.0431124 0.272741 0.208987 0.045754 0.201425 0.185114 0.0256278 0.0118447 0.00353274 0.000807696 0.000193129 2.97033e-05 4.22298e-06 4.28691e-07 2.74282e-08 1.11652e-09 1.99867e-11
 2.56515e-27 2.59298e-27 3.63817e-26 7.13477e-20 1.749e-14 5.1826e-10 1.85632e-06 0.000803717 0.0420636 0.266106 0.203926 0.0460456 0.2072 0.190441 0.0265136 0.0125156 0.00360679 0.000609149 0.000140817 2.328e-05 2.87816e-06 2.58772e-07 1.56001e-08 5.14581e-10 8.42844e-12
 2.56664e-27 2.59703e-27 3.99659e-26 7.89087e-20 1.93435e-14 5.73183e-10 2.05305e-06 0.000888891 0.0465213 0.294307 0.225443 0.0449867 0.184024 0.169048 0.0226179 0.00901879 0.00258918 0.000443039 9.60109e-05 1.22422e-05 1.50091e-06 1.29232e-07 6.68686e-09 2.00742e-10 2.73933e-12
 2.56583e-27 2.59481e-27 3.79906e-26 7.47416e-20 1.8322e-14 5.42914e-10 1.94463e-06 0.000841948 0.0440645 0.278765 0.213585 0.0456165 0.197148 0.181153 0.0246537 0.0106107 0.00301206 0.000442683 9.24845e-05 1.17089e-05 1.2264e-06 9.02015e-08 4.50747e-09 1.18102e-10 1.4231e-12
 2.5653e-27 2.59334e-27 3.66612e-26 7.1937e-20 1.76345e-14 5.22541e-10 1.87166e-06 0.000810355 0.0424111 0.268304 0.205608 0.0462862 0.207849 0.190962 0.0251991 0.00938699 0.00266637 0.000417733 8.64073e-05 9.55021e-06 9.60637e-07 6.44453e-08 2.67582e-09 6.47517e-11 6.92382e-13
 2.565e-27 2.59254e-27 3.59769e-26 7.04936e-20 1.72807e-14 5.12057e-10 1.8341e-06 0.000794096 0.0415601 0.262921 0.201498 0.0463152 0.210957 0.193875 0.0265304 0.011686 0.00330263 0.000454946 9.17271e-05 1.06585e-05 1.01525e-06 6.10997e-08 2.33628e-09 4.76882e-11 4.54024e-13
 2.56437e-27 2.59082e-27 3.44366e-26 6.72441e-20 1.64841e-14 4.88453e-10 1.74956e-06 0.000757491 0.0396443 0.250801 0.192253 0.0469125 0.221998 0.20403 0.0277154 0.0118346 0.00338448 0.000542133 0.000111612 1.15859e-05 1.0926e-06 6.59587e-08 2.27878e-09 4.19494e-11 3.42481e-13
 2.56769e-27 2.59989e-27 4.25113e-26 8.42785e-20 2.06599e-14 6.12189e-10 2.19276e-06 0.00094938 0.0496871 0.314335 0.240721 0.0440896 0.166463 0.152875 0.0203324 0.00787751 0.00223869 0.000347228 7.27245e-05 8.60302e-06 7.99624e-07 4.4646e-08 1.53882e-09 2.63143e-11 1.91601e-13
#obs surv len freq
 1.08406e-41 1.50461e-33 2.52429e-26 5.11921e-20 1.25491e-14 3.71854e-10 1.33192e-06 0.000576675 0.0301809 0.190934 0.146505 0.0401742 0.17342 0.146744 0.10388 0.10177 0.0440964 0.0172824 0.00391412 0.000495424 2.57161e-05 3.94855e-07 1.34759e-09 8.33819e-13 8.19721e-17
 1.60578e-41 2.22872e-33 3.73914e-26 7.5829e-20 1.85886e-14 5.50814e-10 1.97293e-06 0.000854209 0.0447059 0.282823 0.216687 0.0407162 0.126738 0.102269 0.0758718 0.0684877 0.0284815 0.0101053 0.00203004 0.000218787 9.23911e-06 1.0982e-07 2.78826e-10 1.25152e-13 8.80072e-18
 1.53752e-41 2.13398e-33 3.58019e-26 7.26054e-20 1.77984e-14 5.27398e-10 1.88905e-06 0.000817895 0.0428054 0.2708 0.207736 0.0500519 0.176873 0.128897 0.056338 0.0423968 0.0168657 0.00538254 0.000946331 8.49556e-05 2.85797e-06 2.60183e-08 4.90325e-11 1.59792e-14 8.04587e-19
 1.07827e-41 1.49656e-33 2.5108e-26 5.09185e-20 1.24821e-14 3.69866e-10 1.3248e-06 0.000573593 0.0300196 0.189915 0.146204 0.0564999 0.230168 0.16301 0.0978127 0.0656248 0.0157667 0.0037879 0.000574009 4.22793e-05 1.11053e-06 7.6172e-09 1.05679e-11 2.49571e-15 9.00695e-20
 1.50272e-41 2.08568e-33 3.49916e-26 7.09622e-20 1.73955e-14 5.15462e-10 1.8463e-06 0.000799384 0.0418366 0.264672 0.203091 0.0472788 0.142503 0.104316 0.103875 0.0689309 0.0188653 0.00349285 0.000320126 1.77079e-05 3.57113e-07 1.81778e-09 1.83394e-12 3.11568e-16 8.03558e-21
 1.19835e-41 1.66323e-33 2.79041e-26 5.65889e-20 1.38721e-14 4.11056e-10 1.47233e-06 0.00063747 0.0333627 0.211066 0.162709 0.06482 0.230582 0.143779 0.078999 0.0503807 0.0195193 0.00383157 0.000301408 1.02092e-05 1.36199e-07 4.99514e-10 3.62303e-13 4.38659e-17 8.02815e-22
 1.37572e-41 1.90941e-33 3.20343e-26 6.4965e-20 1.59254e-14 4.71899e-10 1.69027e-06 0.000731827 0.0383009 0.242306 0.186447 0.0579564 0.175254 0.116656 0.109676 0.056962 0.0129364 0.00253729 0.000228429 6.55111e-06 5.53716e-08 1.26146e-10 6.20584e-14 5.26761e-18 6.78564e-23
 1.19312e-41 1.65598e-33 2.77825e-26 5.63423e-20 1.38116e-14 4.09264e-10 1.46592e-06 0.000634692 0.0332173 0.210148 0.162454 0.0721623 0.226938 0.133313 0.0941846 0.0497575 0.0149369 0.00210805 0.000140227 3.97051e-06 2.843e-08 4.32591e-11 1.31002e-14 7.14465e-19 6.22061e-24
 1.51347e-41 2.1006e-33 3.52419e-26 7.14698e-20 1.752e-14 5.19149e-10 1.85951e-06 0.000805103 0.0421359 0.266569 0.205357 0.0643379 0.166691 0.103955 0.0965117 0.0424328 0.00971051 0.0014067 8.27854e-05 1.66587e-06 9.93573e-09 1.25105e-11 2.72335e-15 9.60349e-20 5.27817e-25
 1.51874e-41 2.10791e-33 3.53645e-26 7.17185e-20 1.75809e-14 5.20956e-10 1.86598e-06 0.000807904 0.0422825 0.2675 0.206689 0.0779154 0.198293 0.103642 0.0662693 0.0285965 0.00715154 0.000810816 3.96322e-05 6.7788e-07 2.94136e-09 2.7628e-12 4.71565e-16 1.25876e-20 4.87467e-26
 1.09839e-41 1.52449e-33 2.55765e-26 5.18687e-20 1.2715e-14 3.76769e-10 1.34953e-06 0.000584298 0.0305798 0.193472 0.151235 0.0971889 0.258073 0.135993 0.0950579 0.0317453 0.00547489 0.000570798 2.3678e-05 3.10451e-07 1.05541e-09 7.30662e-13 8.88615e-17 1.73482e-21 5.02134e-27
 1.66955e-41 2.31723e-33 3.88763e-26 7.88404e-20 1.93268e-14 5.72688e-10 2.05128e-06 0.000888131 0.0464813 0.294065 0.227049 0.0714201 0.145025 0.0937195 0.0886384 0.0279775 0.00440574 0.000319367 9.71001e-06 1.0198e-07 2.5996e-10 1.33098e-13 1.18673e-17 1.65394e-22 3.37819e-28
 1.33805e-41 1.85713e-33 3.11572e-26 6.31861e-20 1.54893e-14 4.58977e-10 1.64398e-06 0.000711787 0.0372521 0.235692 0.184651 0.110564 0.24292 0.106638 0.0572906 0.0201275 0.00389061 0.000254905 5.73824e-06 4.09108e-08 7.59386e-11 2.86012e-14 1.84037e-18 1.84378e-23 2.69903e-29
 1.11852e-41 1.55244e-33 2.60454e-26 5.28195e-20 1.29481e-14 3.83675e-10 1.37426e-06 0.000595008 0.0311404 0.197034 0.155731 0.112095 0.235644 0.137621 0.103321 0.0237364 0.00288007 0.000197011 4.33909e-06 2.36855e-08 2.96732e-11 7.5965e-15 3.45181e-19 2.46775e-24 2.56804e-30
 8.75336e-42 1.21491e-33 2.03826e-26 4.13356e-20 1.01329e-14 3.00257e-10 1.07547e-06 0.000465642 0.0243699 0.154214 0.124291 0.123402 0.249203 0.159981 0.124662 0.0345714 0.00463296 0.000202323 3.38708e-06 1.68098e-08 1.69823e-11 3.06582e-15 9.33291e-20 4.50662e-25 3.24208e-31
 1.41111e-41 1.95853e-33 3.28584e-26 6.66362e-20 1.63351e-14 4.84038e-10 1.73375e-06 0.000750652 0.0392862 0.248571 0.194861 0.094456 0.159699 0.126817 0.102185 0.0290296 0.00414554 0.000194454 2.58853e-06 8.77612e-09 6.91566e-12 1.00698e-15 2.31136e-20 7.85327e-26 3.83508e-32
 9.75815e-42 1.35437e-33 2.27223e-26 4.60804e-20 1.12961e-14 3.34723e-10 1.19892e-06 0.000519093 0.0271673 0.171954 0.141785 0.16241 0.27323 0.126026 0.0717187 0.0219009 0.00313983 0.000146145 1.91173e-06 5.51474e-09 3.09307e-12 3.15266e-16 5.38484e-21 1.39424e-26 5.0841e-33
 1.43708e-41 1.99457e-33 3.3463e-26 6.78623e-20 1.66356e-14 4.92944e-10 1.76565e-06 0.000764464 0.0400091 0.253171 0.200372 0.107828 0.161174 0.135892 0.0839187 0.0151631 0.00163216 7.36618e-05 9.04475e-07 2.37483e-09 1.13656e-12 8.88854e-17 1.0725e-21 1.92919e-27 5.00684e-34
 1.00034e-41 1.38841e-33 2.32935e-26 4.72387e-20 1.158e-14 3.43137e-10 1.22906e-06 0.00053214 0.0278503 0.176333 0.149087 0.183507 0.261202 0.121426 0.0625676 0.0159679 0.00148288 4.29719e-05 4.24333e-07 9.73211e-10 3.98707e-13 2.59194e-17 2.49218e-22 3.38633e-28 6.32533e-35
 1.28785e-41 1.78745e-33 2.99882e-26 6.08154e-20 1.49082e-14 4.41757e-10 1.5823e-06 0.000685082 0.0358546 0.226946 0.184202 0.13248 0.181495 0.152247 0.0738829 0.0112372 0.000940889 2.68321e-05 1.87804e-07 3.02601e-10 9.705e-14 5.10106e-18 3.93692e-23 4.22989e-29 6.13202e-36
 1.41499e-41 1.96391e-33 3.29487e-26 6.68192e-20 1.63799e-14 4.85368e-10 1.73851e-06 0.000752714 0.0393943 0.249398 0.205089 0.159307 0.187278 0.10119 0.0473779 0.00956324 0.00063536 1.27855e-05 7.5939e-08 9.44398e-11 2.0949e-14 7.77912e-19 4.4725e-24 3.67913e-30 4.10557e-37
 1.12726e-41 1.56456e-33 2.62488e-26 5.3232e-20 1.30492e-14 3.86672e-10 1.385e-06 0.000599655 0.031384 0.198826 0.172488 0.196584 0.225364 0.123036 0.0448218 0.00646101 0.000425565 8.0418e-06 3.48098e-08 3.20666e-11 5.45664e-15 1.47686e-19 5.90787e-25 3.37716e-31 2.68174e-38
 1.37758e-41 1.91199e-33 3.20775e-26 6.50526e-20 1.59469e-14 4.72535e-10 1.69254e-06 0.000732813 0.038353 0.242901 0.203363 0.160261 0.178914 0.126138 0.0437962 0.00528745 0.000248414 3.71276e-06 1.39741e-08 1.00328e-11 1.22332e-15 2.39107e-20 7.01874e-26 2.90901e-32 1.63495e-39
 1.35189e-41 1.87634e-33 3.14795e-26 6.38398e-20 1.56496e-14 4.63726e-10 1.66099e-06 0.000719152 0.0376384 0.238521 0.206635 0.194083 0.188373 0.0972817 0.032358 0.00421703 0.000170405 1.85297e-06 5.01882e-09 2.79982e-12 2.67931e-16 3.90463e-21 8.1939e-27 2.40644e-33 9.66195e-41
 1.18897e-41 1.65021e-33 2.76857e-26 5.6146e-20 1.37635e-14 4.07838e-10 1.46081e-06 0.000632481 0.0331028 0.209981 0.190551 0.213958 0.206641 0.112671 0.0294726 0.00288169 0.000105892 1.01629e-06 2.07333e-09 8.09586e-13 5.52431e-17 5.96566e-22 9.39722e-28 2.04326e-34 5.93596e-42
 1.06695e-41 1.48086e-33 2.48445e-26 5.03841e-20 1.23511e-14 3.65984e-10 1.3109e-06 0.000567574 0.0297063 0.188646 0.178604 0.221306 0.217129 0.129102 0.0321117 0.00275035 7.48457e-05 5.55902e-07 9.33337e-10 2.84081e-13 1.39859e-17 1.05209e-22 1.15922e-28 1.79795e-35 3.79015e-43
 1.04856e-41 1.45533e-33 2.44161e-26 4.95154e-20 1.21381e-14 3.59675e-10 1.2883e-06 0.000557789 0.0291949 0.185568 0.179646 0.221729 0.21698 0.131797 0.0318411 0.00262288 6.11294e-05 3.44984e-07 4.20168e-10 9.61442e-14 3.62704e-18 2.04418e-23 1.62727e-29 1.77533e-36 2.60429e-44
 1.27262e-41 1.76631e-33 2.96335e-26 6.00962e-20 1.47319e-14 4.36533e-10 1.56359e-06 0.000676981 0.0354326 0.224925 0.205216 0.20008 0.192196 0.112471 0.0267744 0.00217851 4.91948e-05 2.55012e-07 2.62124e-10 4.77353e-14 1.42081e-18 6.44917e-24 4.21184e-30 3.78199e-37 4.5234e-45
 1.27264e-41 1.76635e-33 2.96341e-26 6.00974e-20 1.47322e-14 4.36541e-10 1.56362e-06 0.000676994 0.0354333 0.224929 0.20522 0.200089 0.192359 0.112812 0.0264046 0.00203272 4.24983e-05 1.99912e-07 1.83717e-10 2.95589e-14 7.70513e-19 3.04633e-24 1.72801e-30 1.34596e-37 1.39516e-45
#pred catch len freq
 2.55677e-27 2.57093e-27 1.76731e-26 3.18833e-20 7.81581e-15 2.31597e-10 8.2954e-07 0.000359159 0.0187971 0.118917 0.0915149 0.0448399 0.277 0.255739 0.053778 0.0586748 0.0240022 0.0169173 0.0100813 0.00750703 0.00583585 0.00504071 0.0050804 0.00452943 0.00138606
 2.55912e-27 2.57788e-27 2.43033e-26 4.58721e-20 1.1245e-14 3.33209e-10 1.1935e-06 0.00051674 0.0270443 0.17109 0.131259 0.0388872 0.203779 0.189399 0.0644574 0.0996727 0.0355046 0.0173901 0.0078218 0.00439951 0.00276434 0.00203369 0.00181404 0.00162068 0.000544082
 2.5615e-27 2.5838e-27 2.89896e-26 5.5756e-20 1.36679e-14 4.05004e-10 1.45066e-06 0.000628079 0.0328714 0.207954 0.159467 0.0425822 0.212078 0.195834 0.0433994 0.0502054 0.0232764 0.0191967 0.00704262 0.00267705 0.00114816 0.000638696 0.000468945 0.000394003 0.000137135
 2.56006e-27 2.57974e-27 2.52443e-26 4.78544e-20 1.17309e-14 3.47609e-10 1.24508e-06 0.00053907 0.028213 0.178484 0.136999 0.0447976 0.244724 0.225917 0.0480669 0.0529648 0.0193075 0.0103863 0.00553043 0.00274315 0.000784026 0.000268611 0.000138692 0.000100043 3.45137e-05
 2.56055e-27 2.58123e-27 2.66922e-26 5.09095e-20 1.24798e-14 3.698e-10 1.32456e-06 0.000573485 0.0300141 0.189878 0.145674 0.0431827 0.22634 0.209265 0.0508089 0.0634235 0.0226695 0.0111336 0.00416795 0.0018242 0.0007602 0.000192048 5.38277e-05 2.7808e-05 8.99709e-06
 2.56135e-27 2.58324e-27 2.83188e-26 5.43402e-20 1.33208e-14 3.9472e-10 1.41382e-06 0.000612131 0.0320367 0.202674 0.155458 0.0440573 0.226122 0.20873 0.0446717 0.0495903 0.0189303 0.0110689 0.00401337 0.00141271 0.000444139 0.000140082 2.78158e-05 7.42706e-06 2.01161e-06
 2.56107e-27 2.58237e-27 2.74575e-26 5.2523e-20 1.28754e-14 3.8152e-10 1.36654e-06 0.00059166 0.0309654 0.195896 0.150297 0.044958 0.236602 0.21831 0.0447369 0.047241 0.0168878 0.00839082 0.00335056 0.00131591 0.000350323 8.47986e-05 1.76024e-05 2.64929e-06 4.59197e-07
 2.56128e-27 2.58296e-27 2.79854e-26 5.36366e-20 1.31484e-14 3.89609e-10 1.39552e-06 0.000604205 0.0316219 0.200049 0.153465 0.0447222 0.232582 0.214643 0.0448732 0.0484553 0.0169547 0.007819 0.00280374 0.001019 0.000306699 6.62987e-05 1.0888e-05 1.34106e-06 1.25511e-07
 2.56191e-27 2.58462e-27 2.94197e-26 5.66623e-20 1.38901e-14 4.11588e-10 1.47424e-06 0.000638289 0.0334057 0.211334 0.16208 0.0445802 0.225449 0.207998 0.0425593 0.0448497 0.0158413 0.00751542 0.00259961 0.00085754 0.000229837 5.24963e-05 7.78953e-06 7.53579e-07 4.60552e-08
 2.56395e-27 2.59006e-27 3.41298e-26 6.65982e-20 1.63257e-14 4.83761e-10 1.73275e-06 0.000750215 0.0392636 0.248392 0.190367 0.0440039 0.201189 0.185446 0.0355931 0.0345962 0.0120744 0.00554001 0.0019415 0.000644691 0.000158636 3.23012e-05 4.78559e-06 4.05758e-07 1.82659e-08
 2.56311e-27 2.58762e-27 3.1824e-26 6.17333e-20 1.51332e-14 4.48423e-10 1.60618e-06 0.000695413 0.0363954 0.230248 0.176543 0.0459186 0.225472 0.207598 0.034888 0.0273689 0.00922939 0.00379721 0.00129558 0.000421719 0.000104812 1.99416e-05 2.64278e-06 2.14223e-07 8.07686e-09
 2.56372e-27 2.58929e-27 3.33087e-26 6.48655e-20 1.5901e-14 4.71175e-10 1.68767e-06 0.000730696 0.038242 0.24193 0.185454 0.0453614 0.214971 0.197963 0.03419 0.0281684 0.00894727 0.00281395 0.000886254 0.000263169 6.33634e-05 1.19955e-05 1.4891e-06 1.08726e-07 3.77118e-09
 2.56502e-27 2.59276e-27 3.63345e-26 7.12486e-20 1.74657e-14 5.17541e-10 1.85374e-06 0.0008026 0.0420052 0.265737 0.203625 0.0448541 0.198344 0.182528 0.0297975 0.0220348 0.00706758 0.00234124 0.000665581 0.000155964 3.3455e-05 5.97593e-06 7.26533e-07 4.93554e-08 1.5488e-09
 2.56309e-27 2.58749e-27 3.16212e-26 6.13053e-20 1.50283e-14 4.45314e-10 1.59504e-06 0.000690592 0.0361431 0.228652 0.175336 0.0466574 0.231943 0.213447 0.0337376 0.0232264 0.00726176 0.00212439 0.000607156 0.000143084 2.50164e-05 3.71655e-06 4.1673e-07 2.7264e-08 7.9133e-10
 2.56122e-27 2.58249e-27 2.72799e-26 5.21473e-20 1.27833e-14 3.78792e-10 1.35677e-06 0.000587429 0.0307439 0.194495 0.149263 0.0472131 0.25449 0.234433 0.0407025 0.0338279 0.0104669 0.00281801 0.000762466 0.000163089 2.8532e-05 3.67699e-06 3.30787e-07 1.9578e-08 5.39315e-10
 2.56267e-27 2.58654e-27 3.09653e-26 5.99223e-20 1.46892e-14 4.35268e-10 1.55906e-06 0.000675013 0.0353277 0.223493 0.171376 0.0453101 0.224472 0.2069 0.0388425 0.0365498 0.0117966 0.00394119 0.00106683 0.000209864 3.34732e-05 4.09671e-06 3.25172e-07 1.54549e-08 3.80618e-10
 2.56381e-27 2.5895e-27 3.34712e-26 6.52083e-20 1.5985e-14 4.73665e-10 1.69659e-06 0.000734558 0.0384441 0.243208 0.186433 0.0455228 0.215512 0.198397 0.0330858 0.0255643 0.00851888 0.00332507 0.000983782 0.000229757 3.53441e-05 3.91283e-06 2.85732e-07 1.18419e-08 2.37332e-10
 2.56378e-27 2.58933e-27 3.32225e-26 6.46832e-20 1.58563e-14 4.6985e-10 1.68293e-06 0.000728642 0.0381345 0.24125 0.184951 0.0463933 0.223177 0.205306 0.0313372 0.0198017 0.00622985 0.00191095 0.000587014 0.000159096 2.85516e-05 3.34609e-06 2.22401e-07 8.31354e-09 1.4331e-10
 2.56462e-27 2.59164e-27 3.53051e-26 6.90768e-20 1.69334e-14 5.01766e-10 1.79724e-06 0.000778136 0.0407248 0.257637 0.19745 0.0454694 0.207365 0.190797 0.0302747 0.021017 0.00638503 0.00155975 0.000422534 9.61363e-05 1.91278e-05 2.63721e-06 1.92659e-07 6.7099e-09 1.03068e-10
 2.56435e-27 2.59082e-27 3.44898e-26 6.73565e-20 1.65116e-14 4.8927e-10 1.75248e-06 0.000758758 0.0397106 0.251221 0.192565 0.0464179 0.218015 0.200456 0.0289215 0.0155018 0.00475436 0.00127812 0.00032749 5.95528e-05 9.79859e-06 1.34596e-06 1.15615e-07 4.45538e-09 6.51015e-11
 2.56598e-27 2.5953e-27 3.85045e-26 7.5826e-20 1.85878e-14 5.50791e-10 1.97284e-06 0.000854165 0.0447039 0.282809 0.216661 0.0448272 0.188981 0.173763 0.0260044 0.0155578 0.00460417 0.000942264 0.000237583 4.58501e-05 6.48593e-06 7.06215e-07 5.723e-08 2.52706e-09 4.06915e-11
 2.566e-27 2.59529e-27 3.8432e-26 7.56729e-20 1.85503e-14 5.49678e-10 1.96886e-06 0.000852439 0.0446136 0.282238 0.216233 0.0453904 0.193566 0.177863 0.0243491 0.0107538 0.00320176 0.00073006 0.000174482 2.68316e-05 3.81458e-06 3.87231e-07 2.47755e-08 1.00853e-09 1.80537e-11
 2.56604e-27 2.59539e-27 3.85187e-26 7.58558e-20 1.85951e-14 5.51007e-10 1.97361e-06 0.0008545 0.0447214 0.28292 0.216754 0.045351 0.192902 0.177258 0.0243933 0.0109996 0.00316477 0.000533098 0.000123154 2.03571e-05 2.51673e-06 2.26275e-07 1.36409e-08 4.49958e-10 7.36996e-12
 2.56706e-27 2.59815e-27 4.09604e-26 8.10068e-20 1.98578e-14 5.88423e-10 2.10763e-06 0.000912525 0.0477583 0.302132 0.231413 0.0446739 0.17745 0.162984 0.0215979 0.00821961 0.00235523 0.000401952 8.70511e-05 1.10982e-05 1.3606e-06 1.1715e-07 6.0617e-09 1.81974e-10 2.48323e-12
 2.56668e-27 2.59713e-27 4.00576e-26 7.91022e-20 1.93909e-14 5.74588e-10 2.05808e-06 0.00089107 0.0466354 0.295028 0.225992 0.0449252 0.18317 0.16827 0.02266 0.00930815 0.00263771 0.000386674 8.07223e-05 1.02183e-05 1.07023e-06 7.87148e-08 3.93346e-09 1.03062e-10 1.24187e-12
 2.56599e-27 2.59523e-27 3.83445e-26 7.54882e-20 1.8505e-14 5.48337e-10 1.96405e-06 0.000850358 0.0445047 0.281549 0.215713 0.0457175 0.196422 0.180432 0.0235954 0.00838106 0.00237578 0.000371243 7.67372e-05 8.48022e-06 8.5297e-07 5.7222e-08 2.3759e-09 5.7494e-11 6.14776e-13
 2.56581e-27 2.59474e-27 3.79287e-26 7.46111e-20 1.829e-14 5.41966e-10 1.94123e-06 0.000840478 0.0439876 0.278278 0.213214 0.0456739 0.197846 0.181788 0.0246094 0.0103489 0.00291984 0.000401203 8.08263e-05 9.39047e-06 8.94429e-07 5.38282e-08 2.05824e-09 4.20128e-11 3.9999e-13
 2.56547e-27 2.59383e-27 3.71108e-26 7.28857e-20 1.7867e-14 5.29432e-10 1.89634e-06 0.000821042 0.0429704 0.271843 0.208305 0.0460071 0.20383 0.187288 0.0251746 0.0102558 0.00292771 0.000467749 9.62324e-05 9.98802e-06 9.4187e-07 5.68588e-08 1.96439e-09 3.61618e-11 2.9523e-13
 2.56356e-27 2.58858e-27 3.24111e-26 6.29709e-20 1.54366e-14 4.57413e-10 1.63838e-06 0.000709354 0.037125 0.234864 0.180098 0.0478496 0.237669 0.218412 0.0288423 0.0107836 0.00305991 0.000473408 9.90832e-05 1.17195e-05 1.08925e-06 6.08163e-08 2.09617e-09 3.5845e-11 2.60996e-13
#obs catch len freq
 5.01785e-42 6.96445e-34 1.16843e-26 2.36955e-20 5.80868e-15 1.72122e-10 6.16513e-07 0.000266929 0.01397 0.0883794 0.0682103 0.039908 0.218715 0.186647 0.143495 0.143097 0.064311 0.0260205 0.0061314 0.000803922 4.3358e-05 6.94113e-07 2.46634e-09 1.58085e-12 1.60144e-16
 5.7474e-42 7.97701e-34 1.33831e-26 2.71406e-20 6.65321e-15 1.97147e-10 7.06147e-07 0.000305737 0.0160011 0.101229 0.0781337 0.043701 0.223197 0.181565 0.142887 0.130811 0.0564468 0.0207931 0.00440724 0.000498617 2.19419e-05 2.70714e-07 7.12226e-10 3.30336e-13 2.391e-17
 1.08713e-41 1.50887e-33 2.53144e-26 5.1337e-20 1.25847e-14 3.72906e-10 1.33569e-06 0.000578308 0.0302663 0.191475 0.147092 0.0452277 0.18144 0.140632 0.113425 0.0950707 0.0391553 0.012976 0.00242135 0.000231248 8.19959e-06 7.76893e-08 1.51263e-10 5.07425e-14 2.62284e-18
 1.11883e-41 1.55286e-33 2.60524e-26 5.28338e-20 1.29516e-14 3.83779e-10 1.37463e-06 0.000595169 0.0311488 0.197058 0.1517 0.0584709 0.237912 0.164228 0.0764773 0.0539291 0.0211256 0.00625797 0.00101342 7.9899e-05 2.23749e-06 1.61239e-08 2.3192e-11 5.63276e-15 2.08155e-19
 7.88021e-42 1.09372e-33 1.83494e-26 3.72123e-20 9.12215e-15 2.70306e-10 9.68192e-07 0.000419194 0.0219389 0.138796 0.107475 0.0648399 0.273794 0.184501 0.116254 0.0710423 0.0166205 0.00376336 0.000521211 3.33957e-05 7.24183e-07 3.90835e-09 4.1218e-12 7.23584e-16 1.91366e-20
 1.2536e-41 1.73991e-33 2.91906e-26 5.91979e-20 1.45117e-14 4.30007e-10 1.54022e-06 0.00066686 0.0349008 0.220795 0.169823 0.0530318 0.173385 0.122766 0.125452 0.0755831 0.0199525 0.00334605 0.000282734 1.36333e-05 2.25267e-07 8.97314e-10 6.85802e-13 8.64182e-17 1.63098e-21
 1.03622e-41 1.4382e-33 2.41288e-26 4.89327e-20 1.19953e-14 3.55442e-10 1.27313e-06 0.000551223 0.0288488 0.182511 0.14128 0.0735202 0.259448 0.153301 0.0865503 0.0514234 0.0189979 0.00332638 0.000232742 6.81478e-06 7.49942e-08 2.14677e-10 1.17614e-13 1.05429e-17 1.41027e-22
 1.27466e-41 1.76914e-33 2.9681e-26 6.01925e-20 1.47555e-14 4.37232e-10 1.56609e-06 0.000678064 0.0354872 0.224507 0.173167 0.0644013 0.192616 0.123969 0.11637 0.0544987 0.0119805 0.00215222 0.000168247 4.04503e-06 2.78663e-08 4.97808e-11 1.85163e-14 1.16233e-18 1.09334e-23
 1.14735e-41 1.59245e-33 2.67167e-26 5.41809e-20 1.32818e-14 3.93564e-10 1.40968e-06 0.000610344 0.031943 0.202089 0.15671 0.0797151 0.238962 0.134241 0.0948071 0.0461904 0.0129971 0.00163312 9.70297e-05 2.28309e-06 1.30179e-08 1.53774e-11 3.5263e-15 1.42467e-19 9.05503e-25
 1.51364e-41 2.10083e-33 3.52459e-26 7.14779e-20 1.7522e-14 5.19207e-10 1.85972e-06 0.000805193 0.0421406 0.266601 0.205702 0.0695515 0.171124 0.103686 0.0937419 0.0374133 0.00812621 0.00105184 5.33504e-05 8.97203e-07 4.26312e-09 4.11915e-12 6.74646e-16 1.76316e-20 7.08774e-26
 1.55178e-41 2.15377e-33 3.6134e-26 7.32791e-20 1.79635e-14 5.32291e-10 1.90658e-06 0.000825484 0.0432025 0.273323 0.211522 0.083123 0.19696 0.0984417 0.0617667 0.0245626 0.00567695 0.000569274 2.41378e-05 3.38827e-07 1.16423e-09 8.39637e-13 1.07377e-16 2.11717e-21 6.00038e-27
 1.1569e-41 1.6057e-33 2.6939e-26 5.46318e-20 1.33923e-14 3.96839e-10 1.42141e-06 0.000615423 0.0322088 0.203782 0.159677 0.103868 0.253631 0.128843 0.0866087 0.0261374 0.00422321 0.000389683 1.37523e-05 1.47702e-07 3.94985e-10 2.087e-13 1.89895e-17 2.733e-22 5.77496e-28
 1.73032e-41 2.40157e-33 4.02914e-26 8.17101e-20 2.00303e-14 5.93534e-10 2.12594e-06 0.000920459 0.0481732 0.304771 0.235573 0.0749939 0.140592 0.0897687 0.0791408 0.0225957 0.00325682 0.000206674 5.39072e-06 4.59642e-08 9.16465e-11 3.57109e-14 2.37495e-18 2.43642e-23 3.62934e-29
 1.40102e-41 1.94452e-33 3.26234e-26 6.61595e-20 1.62182e-14 4.80576e-10 1.72134e-06 0.000745282 0.0390051 0.246789 0.193827 0.116494 0.234234 0.0984691 0.0508942 0.0165332 0.00284415 0.000160298 3.04218e-06 1.76223e-08 2.55616e-11 7.29976e-15 3.49615e-19 2.57427e-24 2.74536e-30
 1.18798e-41 1.64883e-33 2.76626e-26 5.60992e-20 1.3752e-14 4.07498e-10 1.45959e-06 0.000631953 0.033074 0.209275 0.165922 0.118886 0.228981 0.131643 0.0906511 0.0187125 0.00209459 0.000123743 2.24199e-06 9.78976e-09 9.54984e-12 1.85442e-15 6.26483e-20 3.28724e-25 2.48998e-31
 9.43846e-42 1.31e-33 2.19779e-26 4.45708e-20 1.0926e-14 3.23757e-10 1.15965e-06 0.000502087 0.0262773 0.166294 0.134627 0.131776 0.243983 0.15506 0.110197 0.0278856 0.00327329 0.000122692 1.7202e-06 6.76058e-09 5.2528e-12 7.16047e-16 1.62012e-20 5.74082e-26 3.00334e-32
 1.49881e-41 2.08025e-33 3.49006e-26 7.07777e-20 1.73503e-14 5.14122e-10 1.8415e-06 0.000797306 0.0417279 0.264028 0.207369 0.0985914 0.153115 0.120855 0.0877134 0.0228383 0.00285 0.000112686 1.22397e-06 3.30099e-09 2.00118e-12 2.18699e-16 3.71778e-21 9.26748e-27 3.29409e-33
 1.0522e-41 1.46039e-33 2.45011e-26 4.96877e-20 1.21803e-14 3.60926e-10 1.29278e-06 0.000559728 0.0292941 0.185432 0.153677 0.170429 0.261409 0.117511 0.0620811 0.0173658 0.00215549 8.43248e-05 8.89047e-07 2.00522e-09 8.60477e-13 6.58443e-17 8.31009e-22 1.57403e-27 4.1739e-34
 1.52997e-41 2.1235e-33 3.56261e-26 7.22491e-20 1.7711e-14 5.2481e-10 1.87978e-06 0.000813881 0.0425954 0.269548 0.213786 0.111362 0.153422 0.126894 0.0690913 0.0113571 0.00108637 4.09717e-05 4.02248e-07 8.18843e-10 2.97046e-13 1.73442e-17 1.54465e-22 2.03117e-28 3.8247e-35
 1.08387e-41 1.50433e-33 2.52383e-26 5.11828e-20 1.25469e-14 3.71787e-10 1.33168e-06 0.000576571 0.0301757 0.191083 0.162393 0.190473 0.247379 0.111899 0.0529521 0.012091 0.000953076 2.33167e-05 1.85185e-07 3.27258e-10 1.00994e-13 4.87544e-18 3.44713e-23 3.4201e-29 4.63851e-36
 1.386e-41 1.92367e-33 3.22736e-26 6.54503e-20 1.60444e-14 4.75424e-10 1.70289e-06 0.000737293 0.0385872 0.244263 0.198803 0.136253 0.173014 0.139946 0.0595843 0.00820155 0.000595173 1.3894e-05 7.73567e-08 9.64597e-11 2.32627e-14 9.0411e-19 5.11155e-24 3.99815e-30 4.20059e-37
 1.51e-41 2.09579e-33 3.51612e-26 7.13061e-20 1.74799e-14 5.1796e-10 1.85525e-06 0.000803259 0.0420397 0.266175 0.219525 0.161373 0.173703 0.0907666 0.038406 0.0068179 0.000381087 6.35856e-06 2.98426e-08 2.83964e-11 4.73044e-15 1.29827e-19 5.45286e-25 3.2549e-31 2.62515e-38
 1.22075e-41 1.69432e-33 2.84257e-26 5.76468e-20 1.41314e-14 4.18741e-10 1.49986e-06 0.000649388 0.033987 0.215361 0.187602 0.200348 0.211362 0.110209 0.0356291 0.00459179 0.000255458 3.89721e-06 1.32562e-08 9.3437e-12 1.18843e-15 2.3716e-20 6.9304e-26 2.87223e-32 1.64431e-39
 1.47839e-41 2.05191e-33 3.4425e-26 6.98133e-20 1.71139e-14 5.07116e-10 1.81641e-06 0.000786442 0.0411599 0.260719 0.218836 0.161681 0.167752 0.111333 0.0339838 0.00360377 0.000142609 1.73189e-06 5.0723e-09 2.76309e-12 2.5142e-16 3.61718e-21 7.73988e-27 2.32455e-33 9.42773e-41
 1.45027e-41 2.01288e-33 3.37702e-26 6.84854e-20 1.67884e-14 4.9747e-10 1.78186e-06 0.000771483 0.0403775 0.255939 0.222327 0.194158 0.173644 0.0847785 0.0250857 0.00282166 9.43836e-05 8.27497e-07 1.74604e-09 7.37163e-13 5.23935e-17 5.60891e-22 8.5777e-28 1.82388e-34 5.27575e-42
 1.28667e-41 1.78581e-33 2.99607e-26 6.07597e-20 1.48945e-14 4.41352e-10 1.58085e-06 0.000684455 0.0358233 0.227317 0.206874 0.214864 0.192533 0.0975321 0.0224052 0.00190725 5.78972e-05 4.41438e-07 6.95924e-10 2.05348e-13 1.03945e-17 8.2226e-23 9.41572e-29 1.48122e-35 3.10235e-43
 1.16365e-41 1.61507e-33 2.70961e-26 5.49504e-20 1.34704e-14 3.99154e-10 1.4297e-06 0.000619013 0.0323991 0.205845 0.195392 0.223234 0.204666 0.111721 0.0243021 0.00178033 3.98539e-05 2.35387e-07 3.03433e-10 6.93904e-14 2.53007e-18 1.39383e-23 1.11506e-29 1.2483e-36 1.89229e-44
 1.14593e-41 1.59047e-33 2.66834e-26 5.41135e-20 1.32653e-14 3.93075e-10 1.40793e-06 0.000609586 0.0319057 0.202689 0.191509 0.216593 0.20898 0.119026 0.0266695 0.00197662 4.041e-05 1.95254e-07 1.99331e-10 3.76432e-14 1.16129e-18 5.32334e-24 3.43159e-30 3.01949e-37 3.55999e-45
 1.35806e-41 1.8849e-33 3.16232e-26 6.41311e-20 1.5721e-14 4.65842e-10 1.66857e-06 0.000722434 0.0378114 0.239947 0.215567 0.194467 0.181953 0.103724 0.0239454 0.00182231 3.78225e-05 1.76995e-07 1.6207e-10 2.60068e-14 6.76576e-19 2.67104e-24 1.51353e-30 1.17799e-37 1.22035e-45
#spawning biomass
 12276.1 12059.9 14746.1 20660.9 26493.8 32002.6 38462.8 44478.9 53051.4 69617.6 88903.6 101676 126893 157779 152628 134059 129574 120620 123822 113624 119361 127685 133838 139334 168977 166068 161245 142246 144778 328111 422407 429081 391276 335108 277542 227081 186565 155800 133312 117311 106147 98470.3 93235.1 89673.4 87272.7 85700.1 84669.9 83995 83553 83263.4 83073.6 82949.4 82867.9 82814.6 82779.7 82756.8 82741.8 82732 82725.5 82721.3 82718.6 82716.8 82715.6 82714.8 82714.3 82714 82713.7 82713.6 82713.5 82713.4 82713.4 82713.4 82713.4 82713.3 82713.3 82713.3 82713.3 82713.3 82713.3 82713.3 82713.3 82713.3 82713.3 82713.3 82713.3 82713.3 82713.3 82713.3 82713.3 82713.3 82713.3 82713.3 82713.3 82713.3 82713.3 82713.3 82713.3 82713.3 82713.3 82713.3 82713.3 82713.3 82713.3 82713.3 82713.3 82713.3 82713.3 82713.3 82713.3 82713.3 82713.3 82713.3 82713.3 82713.3 82713.3 82713.3 82713.3 82713.3 82713.3 82713.3 82713.3 82713.3 82713.3 82713.3 82713.3 82713.3 82713.3 82713.3 82713.3 0 0 0 0 0 0 0 0 0 0 0 0 0 0 0 0 0 0 0 0 0 0 0 0 0
