SBPRF35
0.056552
Curr Bio
143958
B35
77312.1
F35
2.56202
FOFL
2.56202
OFL
126419
Bzero
16157.7
#pred survey bio
 37188.3 38642.7 41662.4 45137.4 52767.5 60001.9 56218.1 60067.1 70234.4 68797 86054.8 93527.3 94455.8 90656.4 104514 101789 117229 126176 145060 155818 161218 157481 164682 170647 181027 171419 175883 181096 4.25778e+06 2.00555e+06 642914 303676 224729 198265 188466 184784 183397 182873 182674 182599 182571 182560 182556 182554 182554 182553 182553 182553 182553 182553 182553 182553 182553 182553 182553 182553 182553 182553 182553 182553 182553 182553 182553 182553 182553 182553 182553 182553 182553 182553 182553 182553 182553 182553 182553 182553 182553 182553 182553 182553 182553 182553 182553 182553 182553 182553 182553 182553 182553 182553 182553 182553 182553 182553 182553 182553 182553 182553 182553 182553 182553 182553 182553 182553 182553 182553 182553 182553 182553 182553 182553 182553 182553 182553 182553 182553 182553 182553 182553 182553 182553 182553 182553 182553 182553 182553 182553 182553 0 0 0 0 0 0 0 0 0 0 0 0 0 0 0 0 0 0 0 0 0 0 0 0 0
#obs survey bio
 28013 40522.9 33116.6 46638.7 42621.3 41469 57801.7 68005.8 85112.4 48275.5 76609.8 105151 112658 119195 99133 89261.3 139132 130766 124947 183516 216031 134726 163940 169114 215782 151296 202743 203308
#pred catch bio
 16016.3 21948.5 26080.4 25198.8 26651.5 38588.6 33503.9 31410 44672.9 33466.7 45849.7 49717.5 56281 43347.2 63342.8 53535.4 62669.1 57261.2 75940 79869.7 85284.5 88011.7 98665.2 94431.8 109478 97791.4 97154.7 96419.9 126419 62227.2 12830.6 5491.36 5106.22 5091.83 5091.34 5091.33 5091.33 5091.33 5091.33 5091.33 5091.33 5091.33 5091.33 5091.33 5091.33 5091.33 5091.33 5091.33 5091.33 5091.33 5091.33 5091.33 5091.33 5091.33 5091.33 5091.33 5091.33 5091.33 5091.33 5091.33 5091.33 5091.33 5091.33 5091.33 5091.33 5091.33 5091.33 5091.33 5091.33 5091.33 5091.33 5091.33 5091.33 5091.33 5091.33 5091.33 5091.33 5091.33 5091.33 5091.33 5091.33 5091.33 5091.33 5091.33 5091.33 5091.33 5091.33 5091.33 5091.33 5091.33 5091.33 5091.33 5091.33 5091.33 5091.33 5091.33 5091.33 5091.33 5091.33 5091.33 5091.33 5091.33 5091.33 5091.33 5091.33 5091.33 5091.33 5091.33 5091.33 5091.33 5091.33 5091.33 5091.33 5091.33 5091.33 5091.33 5091.33 5091.33 5091.33 5091.33 5091.33 5091.33 5091.33 5091.33 5091.33 5091.33 5091.33 5091.33 0 0 0 0 0 0 0 0 0 0 0 0 0 0 0 0 0 0 0 0 0 0 0 0 0
#obs catch bio
 20879.3 22437.6 28095.7 25113.3 26126.9 40553.2 33153.1 31695.9 45033.3 33339.9 46038.4 46442.6 52506.2 40486.2 66504.4 54737 62066.1 54673.2 73960.9 75490.7 81281 89385.6 102645 96688.6 116450 102208 99327.4 95788.5
#pred cpue bio
 28584.4 25036.9 26721.6 28235.6 33588.5 39382.3 36194.2 38290.7 45254.7 44108.4 55144.6 61319 63142.4 59118.8 68734.1 66023.6 75442 82822.6 96515.5 101934 107978 105940 106330 109522 118374 112560 114459 119160 2.82979e+06 1.72128e+06 594299 247233 165434 138467 128588 124895 123506 122982 122783 122708 122680 122669 122665 122663 122662 122662 122662 122662 122662 122662 122662 122662 122662 122662 122662 122662 122662 122662 122662 122662 122662 122662 122662 122662 122662 122662 122662 122662 122662 122662 122662 122662 122662 122662 122662 122662 122662 122662 122662 122662 122662 122662 122662 122662 122662 122662 122662 122662 122662 122662 122662 122662 122662 122662 122662 122662 122662 122662 122662 122662 122662 122662 122662 122662 122662 122662 122662 122662 122662 122662 122662 122662 122662 122662 122662 122662 122662 122662 122662 122662 122662 122662 122662 122662 122662 122662 122662 122662 0 0 0 0 0 0 0 0 0 0 0 0 0 0 0 0 0 0 0 0 0 0 0 0 0
#obs cpue bio
 27025.6 28665.6 20346.4 36721.7 38878.8 48254.7 40072 27658.8 45616.7 50448.6 70270.3 93684.8 71237.5 52010.8 43778.3 69289 83884.7 96276.6 128151 118700 89126.8 92400.4 90832.8 93766.2 79422.9 103962 103479 113687
#pred surv len freq
 3.73668e-11 1.75756e-09 5.72424e-08 1.29096e-06 2.01602e-05 0.000218004 0.0016324 0.00846444 0.0303984 0.0756614 0.130855 0.158862 0.140615 0.102205 0.0760164 0.0632016 0.0516393 0.0394865 0.0299943 0.023491 0.0190941 0.016219 0.0138872 0.0109167 0.00712091
 4.36305e-11 2.05217e-09 6.68379e-08 1.50736e-06 2.35396e-05 0.000254547 0.00190603 0.00988318 0.035492 0.0883237 0.152649 0.184816 0.161934 0.114001 0.0794211 0.0608108 0.0444505 0.0281006 0.0160918 0.00906242 0.00522085 0.00318615 0.00210764 0.00141461 0.000849238
 4.20453e-11 1.97761e-09 6.44095e-08 1.45259e-06 2.26843e-05 0.000245299 0.00183679 0.00952431 0.0342056 0.0851459 0.147317 0.179113 0.159363 0.117349 0.0881779 0.0708781 0.0512253 0.0300403 0.0147295 0.00651254 0.00267617 0.00102208 0.000385026 0.000158489 7.05977e-05
 4.37919e-11 2.05976e-09 6.70851e-08 1.51293e-06 2.36267e-05 0.000255489 0.00191308 0.0099198 0.0356242 0.0886603 0.153281 0.185821 0.163581 0.116765 0.0832429 0.0644115 0.0461413 0.0273168 0.013618 0.00602619 0.00235255 0.000773059 0.000210704 4.98073e-05 1.12314e-05
 4.25918e-11 2.00331e-09 6.52466e-08 1.47147e-06 2.29792e-05 0.000248487 0.00186066 0.00964805 0.0346494 0.0862451 0.14918 0.1812 0.160646 0.117089 0.0865373 0.0688195 0.0497412 0.0294121 0.0145909 0.00644337 0.00253113 0.000841877 0.000229628 5.12436e-05 9.41254e-06
 4.09037e-11 1.92391e-09 6.26606e-08 1.41315e-06 2.20684e-05 0.000238639 0.00178692 0.00926577 0.0332778 0.0828433 0.14338 0.174552 0.156037 0.116487 0.0896567 0.0737942 0.0547172 0.0334621 0.0174572 0.00814502 0.0033345 0.00113864 0.000316818 7.19786e-05 1.335e-05
 4.19769e-11 1.97439e-09 6.43047e-08 1.45023e-06 2.26474e-05 0.0002449 0.0018338 0.00950881 0.0341498 0.0850061 0.147068 0.178783 0.158979 0.116896 0.0877093 0.0706549 0.051542 0.0308445 0.0155914 0.00704287 0.00282464 0.000957478 0.000266604 6.08223e-05 1.13342e-05
 4.26807e-11 2.0075e-09 6.53828e-08 1.47455e-06 2.30271e-05 0.000249006 0.00186454 0.00966818 0.0347215 0.0864226 0.149474 0.181496 0.160711 0.116731 0.0858122 0.0680977 0.0494324 0.0295909 0.0149892 0.00677645 0.00270923 0.000911285 0.00025102 5.66711e-05 1.04928e-05
 4.21218e-11 1.98121e-09 6.45266e-08 1.45524e-06 2.27256e-05 0.000245745 0.00184013 0.0095416 0.0342673 0.0852962 0.147553 0.179291 0.159175 0.116508 0.0868081 0.0697037 0.0510503 0.0309267 0.0159615 0.007382 0.00301673 0.0010363 0.000291685 6.71881e-05 1.26234e-05
 4.20751e-11 1.97901e-09 6.44551e-08 1.45362e-06 2.27004e-05 0.000245473 0.00183809 0.00953105 0.0342297 0.0852053 0.147415 0.179211 0.159382 0.117227 0.0879542 0.0707187 0.0512966 0.0303201 0.0150096 0.00661623 0.00260148 0.000870136 0.000240118 5.45064e-05 1.01581e-05
 4.27794e-11 2.01214e-09 6.55341e-08 1.47796e-06 2.30804e-05 0.000249582 0.00186885 0.00969051 0.0348013 0.0866178 0.149787 0.181761 0.16058 0.115883 0.0843598 0.0667608 0.049024 0.03023 0.0160629 0.00764344 0.00317311 0.00109277 0.000306041 7.00335e-05 1.31096e-05
 4.08071e-11 1.91937e-09 6.25127e-08 1.40982e-06 2.20163e-05 0.000238076 0.0017827 0.00924393 0.0331995 0.0826506 0.143061 0.174231 0.155964 0.116868 0.0904202 0.0745231 0.0549633 0.0331802 0.0170002 0.00784311 0.0032389 0.00114096 0.000332888 7.9707e-05 1.54861e-05
 3.98202e-11 1.87295e-09 6.10009e-08 1.37572e-06 2.14839e-05 0.000232318 0.00173959 0.00902043 0.0323974 0.0806599 0.139657 0.170284 0.153074 0.116091 0.0916392 0.0769569 0.0578742 0.036032 0.0192936 0.0092653 0.00389243 0.00136396 0.000392075 9.29862e-05 1.81705e-05
 4.153e-11 1.95337e-09 6.362e-08 1.43479e-06 2.24063e-05 0.000242293 0.00181427 0.00940759 0.0337864 0.0841029 0.145515 0.17694 0.15749 0.116144 0.0876742 0.0712409 0.0527257 0.0324459 0.0171622 0.00817442 0.00343817 0.00121651 0.000354154 8.46973e-05 1.65418e-05
 4.11361e-11 1.93485e-09 6.30167e-08 1.42118e-06 2.21938e-05 0.000239995 0.00179707 0.00931839 0.0334663 0.0833085 0.144156 0.175362 0.156327 0.11581 0.088117 0.0721487 0.0538153 0.0335329 0.0180832 0.00880818 0.00378551 0.00136976 0.000409251 0.000100732 2.02386e-05
 4.15811e-11 1.95578e-09 6.36984e-08 1.43656e-06 2.24339e-05 0.000242591 0.00181651 0.00941919 0.0338282 0.0842086 0.145709 0.177223 0.157897 0.116749 0.0884239 0.0717846 0.0526501 0.0317363 0.0162457 0.00747887 0.00307669 0.00107991 0.000315465 7.64702e-05 1.52722e-05
 4.24242e-11 1.99543e-09 6.49898e-08 1.46568e-06 2.28887e-05 0.000247509 0.00185333 0.00961007 0.0345128 0.0859032 0.148576 0.180406 0.159752 0.116068 0.0854598 0.0681594 0.0500785 0.0307355 0.0162124 0.00767824 0.0031974 0.00111564 0.000319989 7.57777e-05 1.4808e-05
 4.07922e-11 1.91867e-09 6.24899e-08 1.4093e-06 2.20083e-05 0.000237989 0.00178205 0.00924055 0.0331874 0.08262 0.143006 0.174154 0.155863 0.116732 0.0902613 0.0744184 0.0550022 0.0333584 0.0172127 0.00799235 0.00330824 0.00116368 0.000338844 8.12757e-05 1.59346e-05
 4.05885e-11 1.90909e-09 6.21778e-08 1.40226e-06 2.18984e-05 0.0002368 0.00177315 0.00919436 0.0330212 0.0822033 0.142264 0.173156 0.154674 0.115268 0.0886342 0.0733672 0.0554139 0.0352235 0.019512 0.00972124 0.00421462 0.00151899 0.000449031 0.000109316 2.18108e-05
 4.15086e-11 1.95237e-09 6.35873e-08 1.43405e-06 2.23948e-05 0.000242168 0.00181334 0.00940274 0.0337689 0.0840585 0.145433 0.176811 0.157287 0.115813 0.0872338 0.070866 0.0526389 0.0327016 0.0176086 0.00861062 0.00374793 0.00138558 0.00042519 0.000107441 2.20618e-05
 3.95951e-11 1.86236e-09 6.0656e-08 1.36794e-06 2.13624e-05 0.000231004 0.00172975 0.00896945 0.0322146 0.0802075 0.138893 0.169439 0.152595 0.116305 0.0924649 0.0779163 0.0584724 0.0361647 0.0192157 0.00922682 0.0039387 0.00142917 0.00043254 0.000109017 2.26558e-05
 3.96531e-11 1.86509e-09 6.07449e-08 1.36995e-06 2.13937e-05 0.000231343 0.00173229 0.00898257 0.0322614 0.080321 0.139069 0.169557 0.152395 0.115538 0.0912287 0.0768277 0.0582279 0.036842 0.0202395 0.0100143 0.00433402 0.00156818 0.000467979 0.00011569 2.35965e-05
 4.24446e-11 1.99639e-09 6.50211e-08 1.46639e-06 2.28998e-05 0.000247629 0.00185423 0.00961468 0.0345292 0.0859425 0.148634 0.180427 0.159617 0.115652 0.0847991 0.0675462 0.0498619 0.0309981 0.0167329 0.00817965 0.00353838 0.00129294 0.000391246 9.77194e-05 1.99557e-05
 4.20994e-11 1.98015e-09 6.44923e-08 1.45446e-06 2.27135e-05 0.000245615 0.00183915 0.00953656 0.0342494 0.0852536 0.147494 0.179285 0.159377 0.117076 0.0876717 0.0704265 0.0511411 0.0303506 0.015164 0.00679946 0.00274757 0.000957427 0.000279755 6.8165e-05 1.37329e-05
 4.10615e-11 1.93134e-09 6.29024e-08 1.41861e-06 2.21536e-05 0.00023956 0.00179381 0.00930152 0.0334061 0.0831619 0.143926 0.175192 0.156528 0.116675 0.0895554 0.0734887 0.0542761 0.0329586 0.0170034 0.00783438 0.00317542 0.00107796 0.000300049 6.89841e-05 1.31728e-05
 4.07196e-11 1.91526e-09 6.23787e-08 1.40679e-06 2.19691e-05 0.000237565 0.00177888 0.00922411 0.0331284 0.0824741 0.142759 0.173881 0.155706 0.1168 0.0905383 0.0747753 0.055292 0.0335092 0.0172313 0.00792749 0.00322207 0.00110053 0.000307792 7.04572e-05 1.31852e-05
 4.16212e-11 1.95766e-09 6.37598e-08 1.43794e-06 2.24556e-05 0.000242825 0.00181826 0.00942825 0.0338606 0.084287 0.14583 0.177304 0.157756 0.116215 0.0875679 0.0710433 0.0525116 0.0322426 0.0169729 0.00801114 0.00332001 0.00114942 0.000325251 7.53492e-05 1.42591e-05
 4.07088e-11 1.91475e-09 6.23621e-08 1.40642e-06 2.19633e-05 0.000237502 0.00177841 0.00922166 0.0331195 0.0824513 0.142715 0.173806 0.155572 0.116564 0.0902177 0.0745059 0.055241 0.0337085 0.0175542 0.00822199 0.00341625 0.00119952 0.000347158 8.25093e-05 1.59837e-05
#obs surv len freq
 4.23195e-11 1.9905e-09 6.48294e-08 1.46207e-06 2.28323e-05 0.000246899 0.00184876 0.00958633 0.0344276 0.0856891 0.148194 0.179891 0.159132 0.11528 0.0845103 0.0673388 0.0498103 0.0311924 0.0172016 0.00882847 0.00417126 0.00174587 0.000633592 0.000196132 5.05933e-05
 4.16917e-11 1.96098e-09 6.38678e-08 1.44038e-06 2.24936e-05 0.000243236 0.00182134 0.00944423 0.0339182 0.084431 0.146085 0.177643 0.158144 0.116657 0.0879871 0.0711364 0.051974 0.031224 0.0160692 0.00766305 0.00344012 0.0014004 0.00050086 0.000153884 3.95654e-05
 4.15624e-11 1.95489e-09 6.36696e-08 1.43591e-06 2.24238e-05 0.000242482 0.00181569 0.00941493 0.033813 0.0841694 0.145634 0.177104 0.157698 0.116411 0.0879577 0.0713539 0.0524733 0.0318931 0.0166363 0.0079366 0.00346703 0.00133942 0.000450842 0.000131643 3.27402e-05
 4.53125e-11 2.13128e-09 6.94144e-08 1.56547e-06 2.44471e-05 0.00026436 0.0019795 0.0102641 0.0368594 0.0917194 0.158471 0.191643 0.167194 0.116115 0.0786846 0.0583942 0.0412583 0.0245851 0.0126055 0.00593008 0.00257348 0.000989632 0.00032836 9.29062e-05 2.20848e-05
 3.9698e-11 1.8672e-09 6.08136e-08 1.3715e-06 2.14179e-05 0.000231605 0.00173425 0.0089928 0.0322991 0.0804222 0.139296 0.170079 0.153633 0.118003 0.0946519 0.0795299 0.0582855 0.034151 0.016651 0.00735273 0.00303488 0.00113282 0.000369568 0.000103319 2.42223e-05
 4.31304e-11 2.02865e-09 6.60717e-08 1.49008e-06 2.32698e-05 0.00025163 0.00188418 0.00976998 0.0350865 0.0873231 0.15098 0.18308 0.161334 0.115555 0.0830404 0.0651198 0.0477912 0.0296811 0.0160315 0.00784788 0.00340986 0.00126368 0.000396013 0.000105748 2.39137e-05
 4.09076e-11 1.9241e-09 6.26665e-08 1.41329e-06 2.20705e-05 0.000238662 0.00178709 0.00926667 0.0332813 0.0828537 0.143411 0.174649 0.156311 0.117055 0.0904162 0.0742714 0.0544219 0.0324964 0.0164981 0.00771801 0.00338015 0.00132395 0.000444259 0.00012429 2.83967e-05
 4.31013e-11 2.02728e-09 6.6027e-08 1.48908e-06 2.32541e-05 0.00025146 0.00188291 0.00976339 0.035063 0.0872665 0.150894 0.183034 0.161476 0.116029 0.0837822 0.0657434 0.0478681 0.0291867 0.0153614 0.00738122 0.00321964 0.0012284 0.000403585 0.000113479 2.67339e-05
 4.14593e-11 1.95005e-09 6.35118e-08 1.43235e-06 2.23682e-05 0.000241881 0.00181119 0.00939161 0.0337295 0.0839645 0.145299 0.176788 0.157706 0.117009 0.089057 0.0723946 0.0528348 0.0314889 0.0159256 0.00737975 0.00318132 0.00122508 0.000407371 0.000114758 2.6863e-05
 4.30782e-11 2.02619e-09 6.59917e-08 1.48828e-06 2.32416e-05 0.000251325 0.0018819 0.00975816 0.0350442 0.0872199 0.150815 0.182942 0.161409 0.116013 0.0838129 0.0658025 0.0479377 0.0292552 0.0154177 0.00741618 0.00323296 0.00122871 0.000400414 0.00011138 2.60133e-05
 4.19136e-11 1.97141e-09 6.42076e-08 1.44804e-06 2.26133e-05 0.000244531 0.00183103 0.00949448 0.0340986 0.0848798 0.146859 0.178573 0.158935 0.117148 0.0881877 0.0710392 0.0515126 0.0304436 0.0151956 0.00693685 0.00295807 0.0011326 0.000375315 0.000105316 2.45137e-05
 4.21036e-11 1.98035e-09 6.44986e-08 1.45461e-06 2.27158e-05 0.000245639 0.00183933 0.00953747 0.0342527 0.0852592 0.147489 0.179213 0.159103 0.116447 0.0867419 0.0696121 0.0509356 0.0308409 0.0159828 0.00753173 0.0032222 0.00120457 0.00038672 0.000106256 2.46006e-05
 4.16368e-11 1.95839e-09 6.37836e-08 1.43848e-06 2.2464e-05 0.000242916 0.00181894 0.00943179 0.0338737 0.0843214 0.145904 0.177463 0.158113 0.116905 0.0884935 0.0716925 0.0523271 0.0312712 0.0158778 0.00736547 0.00315496 0.00119742 0.00039022 0.00010746 2.45836e-05
 4.32313e-11 2.03339e-09 6.62262e-08 1.49357e-06 2.33242e-05 0.000252218 0.00188859 0.00979283 0.0351687 0.087529 0.151344 0.183563 0.161887 0.116198 0.0837189 0.0655077 0.0475063 0.028762 0.0149782 0.00712093 0.00308263 0.00116752 0.000378782 0.000104409 2.40342e-05
 3.91186e-11 1.83995e-09 5.9926e-08 1.35148e-06 2.11053e-05 0.000228225 0.00170894 0.00886157 0.0318281 0.0792521 0.137288 0.167716 0.15179 0.117221 0.0948838 0.0805169 0.0598428 0.0360322 0.0184148 0.00861021 0.0037218 0.00142774 0.000471246 0.000131552 3.0458e-05
 4.24901e-11 1.99853e-09 6.50908e-08 1.46796e-06 2.29243e-05 0.000247894 0.00185621 0.00962496 0.0345661 0.0860323 0.148777 0.180546 0.159544 0.115231 0.084069 0.0668292 0.0495393 0.031172 0.0171951 0.00866449 0.00390207 0.00151106 0.000497324 0.000138793 3.23443e-05
 4.2054e-11 1.97802e-09 6.44227e-08 1.45289e-06 2.2689e-05 0.00024535 0.00183716 0.00952626 0.0342125 0.085161 0.14733 0.17907 0.159136 0.116793 0.0873298 0.0700878 0.0509321 0.0303847 0.0154771 0.00729981 0.00324368 0.0012989 0.000449199 0.000130409 3.10422e-05
 4.03361e-11 1.89722e-09 6.17911e-08 1.39355e-06 2.17622e-05 0.000235328 0.00176212 0.00913725 0.0328168 0.0817004 0.141436 0.172344 0.154575 0.11647 0.090937 0.0755541 0.0561515 0.0343399 0.0180194 0.00863128 0.00376736 0.00144646 0.000481403 0.00013806 3.33746e-05
 4.30273e-11 2.0238e-09 6.59137e-08 1.48652e-06 2.32141e-05 0.000251028 0.00187968 0.00974663 0.0350029 0.0871176 0.150641 0.182749 0.161296 0.116049 0.0839749 0.0659795 0.0480228 0.0292468 0.0154022 0.00745303 0.00330153 0.00128407 0.00042796 0.000120907 2.85212e-05
 4.24244e-11 1.99544e-09 6.49901e-08 1.46569e-06 2.28889e-05 0.000247511 0.00185334 0.00961013 0.0345134 0.0859064 0.148596 0.180496 0.160042 0.116696 0.0863292 0.068777 0.0499126 0.0298345 0.0152103 0.0071159 0.0030918 0.00119951 0.00040298 0.000115073 2.73199e-05
 3.81838e-11 1.79598e-09 5.8494e-08 1.31919e-06 2.0601e-05 0.000222771 0.00166811 0.00864989 0.0310685 0.0773677 0.134071 0.164013 0.149166 0.116729 0.0963854 0.083091 0.0625893 0.038441 0.0202194 0.00970807 0.00424295 0.00162438 0.000534794 0.000150422 3.55284e-05
 4.16786e-11 1.96036e-09 6.38476e-08 1.43993e-06 2.24865e-05 0.00024316 0.00182076 0.00944119 0.0339067 0.0843966 0.145986 0.177337 0.157285 0.114843 0.0854105 0.0690443 0.0518026 0.0330915 0.018665 0.00965709 0.00446627 0.00177432 0.000596834 0.000168974 3.96866e-05
 4.22408e-11 1.9868e-09 6.47089e-08 1.45935e-06 2.27898e-05 0.00024644 0.00184533 0.00956856 0.0343642 0.085536 0.147961 0.179757 0.159488 0.116509 0.0864722 0.0690899 0.0502704 0.0302104 0.0156177 0.0075236 0.00342388 0.00140639 0.000499582 0.000148894 3.62791e-05
 3.9992e-11 1.88103e-09 6.1264e-08 1.38166e-06 2.15766e-05 0.00023332 0.00174709 0.00905934 0.0325373 0.0810079 0.14026 0.171018 0.153727 0.116546 0.0918533 0.0767823 0.057149 0.0349183 0.0182992 0.00877747 0.00385924 0.00150378 0.000511449 0.000150515 3.73677e-05
 4.00073e-11 1.88175e-09 6.12873e-08 1.38218e-06 2.15848e-05 0.000233409 0.00174776 0.00906275 0.0325492 0.081034 0.14028 0.170929 0.153287 0.11549 0.0902857 0.0754364 0.056882 0.0358531 0.0197466 0.00998394 0.00455302 0.00179986 0.000607279 0.000174044 4.18214e-05
 3.98266e-11 1.87325e-09 6.10106e-08 1.37594e-06 2.14873e-05 0.000232355 0.00173987 0.00902185 0.0324025 0.0806704 0.139663 0.170233 0.152843 0.115528 0.0907457 0.0760078 0.0572647 0.0360035 0.0198348 0.0101412 0.00475141 0.00195412 0.000687263 0.000203062 4.93807e-05
 4.18564e-11 1.96872e-09 6.412e-08 1.44607e-06 2.25824e-05 0.000244197 0.00182853 0.00948147 0.0340515 0.084758 0.146618 0.178139 0.158101 0.11563 0.086112 0.0693348 0.0512871 0.0318432 0.01729 0.00871588 0.00405122 0.00166929 0.00059532 0.000180388 4.52542e-05
 3.87508e-11 1.82265e-09 5.93626e-08 1.33878e-06 2.09069e-05 0.000226079 0.00169288 0.00877828 0.031529 0.0785091 0.136012 0.166211 0.1506 0.116676 0.0949488 0.0810355 0.0607209 0.0371498 0.0195323 0.00949209 0.00428793 0.00173346 0.000611059 0.000184522 4.65732e-05
#pred catch len freq
 3.03861e-11 1.42922e-09 4.65487e-08 1.04979e-06 1.6394e-05 0.000177278 0.00132746 0.00688357 0.0247254 0.0615848 0.106807 0.131069 0.120557 0.0974082 0.0851039 0.0791382 0.0679175 0.0533446 0.0411979 0.0323535 0.0260679 0.0218668 0.0185381 0.0144896 0.00942515
 3.91837e-11 1.84301e-09 6.00257e-08 1.35373e-06 2.11404e-05 0.000228604 0.00171178 0.00887622 0.0318794 0.0793693 0.137416 0.167522 0.150499 0.113959 0.089805 0.0755363 0.0573322 0.0366948 0.0210985 0.0118474 0.00674485 0.00404145 0.00262781 0.00174506 0.00104234
 3.77969e-11 1.77778e-09 5.79013e-08 1.30582e-06 2.03922e-05 0.000220514 0.00165121 0.00856231 0.0307546 0.0765949 0.13279 0.162716 0.148845 0.118212 0.0994463 0.0862 0.0640314 0.0378331 0.0185752 0.00819714 0.00334794 0.00126303 0.000466675 0.000188093 8.26176e-05
 3.93083e-11 1.84888e-09 6.02167e-08 1.35804e-06 2.12077e-05 0.000229332 0.00171723 0.00890455 0.0319822 0.0796353 0.137946 0.168492 0.152402 0.117507 0.0948982 0.0804051 0.0596818 0.035765 0.0179447 0.00797515 0.00311621 0.0010205 0.000275924 6.4396e-05 1.42826e-05
 3.74289e-11 1.76047e-09 5.73375e-08 1.2931e-06 2.01937e-05 0.000218367 0.00163513 0.00847897 0.0304555 0.0758524 0.13152 0.161239 0.147752 0.117895 0.0998872 0.0871728 0.0653148 0.0391761 0.0196386 0.00875021 0.00345227 0.00114689 0.000311147 6.89023e-05 1.25496e-05
 3.661e-11 1.72196e-09 5.60831e-08 1.26481e-06 1.97519e-05 0.000213589 0.00159936 0.00829352 0.0297899 0.0742001 0.128691 0.157944 0.145287 0.1171 0.100677 0.0889919 0.0676671 0.041646 0.0217385 0.010123 0.00412771 0.00140049 0.00038624 8.68554e-05 1.59501e-05
 3.74496e-11 1.76145e-09 5.73694e-08 1.29382e-06 2.02049e-05 0.000218488 0.00163604 0.00848367 0.0304723 0.0758932 0.131583 0.161282 0.147684 0.117627 0.0994493 0.0867757 0.0651998 0.0393813 0.0199835 0.00904035 0.00362012 0.00122099 0.000337279 7.62171e-05 1.40717e-05
 3.76732e-11 1.77197e-09 5.77118e-08 1.30154e-06 2.03255e-05 0.000219792 0.0016458 0.00853428 0.0306538 0.0763423 0.132342 0.162122 0.148161 0.117415 0.0986211 0.0857851 0.0645272 0.0391604 0.0200221 0.00911793 0.00365567 0.00122687 0.000335878 7.52018e-05 1.38054e-05
 3.79659e-11 1.78573e-09 5.81602e-08 1.31166e-06 2.04834e-05 0.0002215 0.00165859 0.00860055 0.0308915 0.0769306 0.133337 0.163222 0.148792 0.117147 0.0975393 0.0844648 0.0635845 0.0387958 0.0200385 0.0092501 0.00376452 0.00128462 0.000358331 8.16992e-05 1.52007e-05
 3.66585e-11 1.72424e-09 5.61574e-08 1.26649e-06 1.97781e-05 0.000213872 0.00160148 0.00830452 0.0298298 0.0743019 0.128886 0.158266 0.145847 0.118057 0.101936 0.089953 0.0676301 0.0405763 0.0203262 0.00905549 0.00358058 0.00119693 0.0003286 7.4031e-05 1.36881e-05
 3.78558e-11 1.78056e-09 5.79916e-08 1.30786e-06 2.04241e-05 0.000220858 0.00165378 0.00857561 0.0308017 0.0767052 0.132934 0.162673 0.148116 0.116283 0.0965612 0.0838293 0.0638327 0.0399138 0.0213973 0.0102433 0.00425865 0.00146198 0.000406722 9.22834e-05 1.71272e-05
 3.55194e-11 1.67066e-09 5.44125e-08 1.22714e-06 1.91635e-05 0.000207227 0.00155172 0.00804658 0.0289042 0.072006 0.124969 0.153764 0.142683 0.117528 0.103851 0.0931111 0.0708674 0.0433191 0.0223937 0.0104014 0.00430348 0.00151096 0.000437842 0.000103987 2.00469e-05
 3.49268e-11 1.64279e-09 5.35046e-08 1.20666e-06 1.88438e-05 0.00020377 0.00152584 0.00791235 0.0284223 0.0708083 0.122909 0.15132 0.140708 0.116535 0.103832 0.0939735 0.0725935 0.0456048 0.0245274 0.0118005 0.00494952 0.00172516 0.000491744 0.000115469 2.23494e-05
 3.59072e-11 1.6889e-09 5.50065e-08 1.24053e-06 1.93727e-05 0.000209489 0.00156866 0.00813436 0.0292188 0.0727825 0.126267 0.155132 0.143224 0.116529 0.101502 0.0906352 0.0696012 0.0435468 0.0233438 0.0112371 0.00474716 0.00167675 0.000485339 0.000115205 2.2333e-05
 3.65417e-11 1.71875e-09 5.59785e-08 1.26245e-06 1.97151e-05 0.000213191 0.00159638 0.00827803 0.0297341 0.0740588 0.128432 0.157556 0.144716 0.116225 0.0995603 0.0881143 0.067616 0.0425016 0.0229917 0.0112014 0.00479889 0.00172508 0.000510743 0.000124473 2.4783e-05
 3.63829e-11 1.71128e-09 5.57352e-08 1.25697e-06 1.96294e-05 0.000212265 0.00158944 0.0082421 0.0296056 0.0737441 0.127922 0.157103 0.144841 0.117398 0.101629 0.0900609 0.0682895 0.0417075 0.021548 0.00998961 0.00411818 0.00144071 0.00041787 0.000100407 1.9883e-05
 3.74474e-11 1.76135e-09 5.7366e-08 1.29375e-06 2.02037e-05 0.000218475 0.00163594 0.00848314 0.03047 0.0758839 0.131543 0.161119 0.147176 0.116522 0.0978627 0.0854657 0.0650432 0.040463 0.0215298 0.0102572 0.00427672 0.00148691 0.000423412 9.93704e-05 1.92462e-05
 3.48476e-11 1.63906e-09 5.33833e-08 1.20393e-06 1.88011e-05 0.000203308 0.00152238 0.00789444 0.0283583 0.0706521 0.12266 0.151117 0.140846 0.117283 0.105085 0.0950894 0.0728575 0.0449475 0.0235453 0.0110771 0.004615 0.00162256 0.000470098 0.000111976 2.1799e-05
 3.51585e-11 1.65369e-09 5.38596e-08 1.21467e-06 1.89688e-05 0.000205122 0.00153596 0.00796479 0.0286101 0.0712699 0.123668 0.152058 0.140774 0.115369 0.101599 0.0917775 0.0716782 0.0462158 0.0258628 0.0129724 0.00563158 0.00202218 0.000593534 0.000143265 2.83506e-05
 3.61637e-11 1.70097e-09 5.53994e-08 1.24939e-06 1.95111e-05 0.000210985 0.00157986 0.00819242 0.0294269 0.0732971 0.127134 0.156073 0.143701 0.116124 0.100294 0.0892206 0.0686422 0.0432752 0.0235499 0.0116005 0.00505703 0.00186229 0.000567403 0.000142216 2.89823e-05
 3.40753e-11 1.60274e-09 5.22001e-08 1.17724e-06 1.83844e-05 0.000198802 0.00148864 0.00771953 0.0277306 0.0690945 0.119998 0.148037 0.13861 0.116726 0.106099 0.0969995 0.0750315 0.047005 0.0252169 0.0121923 0.0052124 0.00188389 0.00056585 0.000141349 2.91298e-05
 3.43923e-11 1.61765e-09 5.26858e-08 1.1882e-06 1.85554e-05 0.000200651 0.00150249 0.00779129 0.0279877 0.0697287 0.121055 0.149134 0.138986 0.115764 0.103972 0.0948137 0.0740002 0.0473633 0.0262127 0.0130262 0.00563577 0.00202935 0.000600734 0.000147118 2.97398e-05
 3.80189e-11 1.78823e-09 5.82414e-08 1.31349e-06 2.0512e-05 0.000221809 0.0016609 0.00861252 0.0309341 0.0770325 0.133486 0.163275 0.148429 0.116045 0.0958111 0.0829136 0.063148 0.039637 0.0214682 0.0104965 0.00452561 0.00164254 0.000492466 0.000121783 2.46451e-05
 3.72366e-11 1.75143e-09 5.7043e-08 1.28646e-06 2.009e-05 0.000217245 0.00162673 0.00843543 0.0302993 0.0754652 0.130861 0.160488 0.147246 0.117864 0.100284 0.0877367 0.0657939 0.0394976 0.0198695 0.00895127 0.00361889 0.00125558 0.000363962 8.78443e-05 1.7538e-05
 3.64499e-11 1.71443e-09 5.58379e-08 1.25928e-06 1.96655e-05 0.000212656 0.00159237 0.00825728 0.02966 0.0738787 0.12815 0.157352 0.144976 0.11732 0.101372 0.0897963 0.0681831 0.0417612 0.0216194 0.0099725 0.00403481 0.00136262 0.000376127 8.55866e-05 1.61746e-05
 3.57511e-11 1.68156e-09 5.47673e-08 1.23514e-06 1.92885e-05 0.000208578 0.00156184 0.00809903 0.0290923 0.0724721 0.12576 0.154654 0.143242 0.117453 0.10321 0.0922926 0.070263 0.0430271 0.0222609 0.0102813 0.00417941 0.00142184 0.000394781 8.95642e-05 1.66122e-05
 3.6644e-11 1.72356e-09 5.61352e-08 1.26599e-06 1.97702e-05 0.000213788 0.00160085 0.00830121 0.0298174 0.0742669 0.128796 0.158021 0.145196 0.116705 0.100024 0.0883958 0.0674865 0.04194 0.0222425 0.0105494 0.00437468 0.00150883 0.000423917 9.73475e-05 1.82637e-05
 3.54047e-11 1.66527e-09 5.42367e-08 1.22317e-06 1.91016e-05 0.000206558 0.00154671 0.00802058 0.0288108 0.0717731 0.124563 0.15326 0.142201 0.117118 0.103536 0.0930283 0.0711889 0.0439952 0.0231193 0.010901 0.00453753 0.00158797 0.000456447 0.000107583 2.06736e-05
#obs catch len freq
 3.3906e-11 1.59477e-09 5.19407e-08 1.17139e-06 1.8293e-05 0.000197814 0.00148124 0.00768115 0.0275927 0.0687482 0.119382 0.147206 0.137611 0.115465 0.104593 0.0957338 0.0746946 0.0478425 0.0268539 0.0139983 0.00667989 0.00280613 0.00101755 0.000314578 8.14132e-05
 3.73419e-11 1.75638e-09 5.72043e-08 1.2901e-06 2.01468e-05 0.000217859 0.00163133 0.0084592 0.030384 0.0756671 0.131151 0.160568 0.146447 0.115494 0.0965444 0.0842707 0.0645636 0.0409562 0.0227676 0.0117586 0.00557739 0.00233909 0.000849767 0.000263208 6.79195e-05
 3.66003e-11 1.7215e-09 5.60682e-08 1.26448e-06 1.97467e-05 0.000213533 0.00159894 0.00829133 0.0297823 0.0741817 0.128665 0.157939 0.145367 0.117311 0.100929 0.0889926 0.0671634 0.0408248 0.0211708 0.0101644 0.00458428 0.00187074 0.000669898 0.000205954 5.29728e-05
 3.67581e-11 1.72893e-09 5.63099e-08 1.26993e-06 1.98318e-05 0.000214454 0.00160583 0.00832705 0.0299103 0.0744978 0.129195 0.158501 0.145606 0.116952 0.100066 0.0881365 0.0668432 0.0410804 0.0215792 0.0103557 0.00454178 0.00175838 0.000592535 0.000173132 4.30758e-05
 4.08063e-11 1.91933e-09 6.25113e-08 1.40979e-06 2.20159e-05 0.000238071 0.00178266 0.00924372 0.0331989 0.0826482 0.143053 0.174206 0.155892 0.116709 0.0901661 0.0742364 0.0547446 0.0331139 0.0171222 0.00811048 0.00353609 0.00136318 0.000452884 0.000128233 3.04959e-05
 3.43943e-11 1.61774e-09 5.26887e-08 1.18826e-06 1.85565e-05 0.000200663 0.00150258 0.00779183 0.0279909 0.0697468 0.121159 0.149597 0.140465 0.119 0.108597 0.0985386 0.0742178 0.0439155 0.0215575 0.00958301 0.00397552 0.00148813 0.000486178 0.000136024 3.19039e-05
 3.82733e-11 1.80019e-09 5.8631e-08 1.32228e-06 2.06493e-05 0.000223293 0.00167201 0.00867011 0.0311407 0.077544 0.134352 0.164241 0.149008 0.115881 0.0949701 0.081844 0.0623252 0.039228 0.021357 0.0105191 0.00458815 0.00170385 0.000534577 0.000142856 3.23211e-05
 3.58019e-11 1.68395e-09 5.48452e-08 1.2369e-06 1.9316e-05 0.000208875 0.00156407 0.00811056 0.0291339 0.0725762 0.125945 0.154903 0.143537 0.117798 0.103522 0.0922911 0.0696872 0.0420655 0.0215109 0.0101295 0.0044568 0.00174992 0.000587896 0.000164581 3.76161e-05
 3.8303e-11 1.80159e-09 5.86766e-08 1.32331e-06 2.06653e-05 0.000223467 0.00167332 0.00867687 0.0311652 0.0776067 0.134473 0.164446 0.149373 0.116512 0.0957949 0.0824423 0.0622218 0.0384298 0.0203835 0.00985615 0.00431699 0.00165073 0.000542989 0.000152785 3.60093e-05
 3.62273e-11 1.70396e-09 5.54968e-08 1.25159e-06 1.95454e-05 0.000211357 0.00158265 0.00820688 0.0294795 0.0734326 0.127401 0.156554 0.144622 0.117784 0.102511 0.0908876 0.0685 0.0413017 0.0210485 0.00982141 0.00425464 0.00164271 0.000546969 0.000154196 3.61105e-05
 3.85023e-11 1.81096e-09 5.89819e-08 1.33019e-06 2.07729e-05 0.000224629 0.00168202 0.008722 0.0313271 0.0780078 0.135155 0.165215 0.149866 0.116471 0.0952661 0.0817256 0.0616272 0.0380739 0.0202119 0.0097793 0.00427946 0.00162977 0.000531697 0.000147995 3.45791e-05
 3.68952e-11 1.73537e-09 5.65199e-08 1.27467e-06 1.99058e-05 0.000215253 0.00161182 0.00835812 0.0300222 0.0747783 0.129694 0.159177 0.14642 0.117968 0.101202 0.0888695 0.0665523 0.0397846 0.0200042 0.0091935 0.00393938 0.00151228 0.000501789 0.000140905 3.28112e-05
 3.74093e-11 1.75955e-09 5.73074e-08 1.29243e-06 2.01831e-05 0.000218252 0.00163428 0.0084745 0.0304393 0.0758092 0.131427 0.161041 0.147304 0.117012 0.0986292 0.0860652 0.0650034 0.0398066 0.0207733 0.00984645 0.00422905 0.00158433 0.000509219 0.00014001 3.24288e-05
 3.65787e-11 1.72049e-09 5.60351e-08 1.26373e-06 1.9735e-05 0.000213407 0.001598 0.00828645 0.0297649 0.0741395 0.1286 0.157899 0.145455 0.117634 0.101472 0.0895521 0.0674804 0.0407914 0.0208651 0.00974284 0.00419253 0.00159516 0.000520496 0.000143438 3.28283e-05
 3.82474e-11 1.79898e-09 5.85914e-08 1.32139e-06 2.06353e-05 0.000223142 0.00167089 0.00866429 0.0311202 0.0774959 0.13429 0.164265 0.149344 0.116762 0.0962857 0.0829264 0.0624245 0.0383032 0.0201105 0.00962583 0.00418585 0.00158919 0.000516252 0.000142411 3.27972e-05
 3.35852e-11 1.57968e-09 5.14493e-08 1.16031e-06 1.812e-05 0.000195943 0.00146723 0.00760859 0.0273331 0.0681131 0.118357 0.146307 0.137921 0.117971 0.109013 0.0999951 0.0764052 0.0464835 0.0239318 0.0112662 0.00489306 0.00188185 0.000621946 0.000173748 4.02453e-05
 3.76705e-11 1.77184e-09 5.77077e-08 1.30145e-06 2.03241e-05 0.000219776 0.00164568 0.00853361 0.0306509 0.0763284 0.132275 0.161835 0.147257 0.11543 0.0957209 0.0832553 0.0639042 0.0407248 0.0226371 0.011473 0.00518543 0.00201182 0.000662832 0.000185104 4.31542e-05
 3.68e-11 1.7309e-09 5.63741e-08 1.27138e-06 1.98544e-05 0.000214698 0.00160766 0.00833656 0.0299446 0.0745847 0.129356 0.158746 0.14598 0.117532 0.100777 0.0885918 0.0666203 0.0402375 0.0206616 0.00981612 0.00438394 0.00176017 0.00060951 0.000177072 4.21662e-05
 3.5342e-11 1.66232e-09 5.41406e-08 1.22101e-06 1.90678e-05 0.000206192 0.00154397 0.00800638 0.0287599 0.0716464 0.124345 0.153001 0.141988 0.116994 0.10347 0.0929577 0.0710897 0.0439342 0.0232137 0.0111849 0.00490117 0.00188577 0.000628326 0.000180317 4.36071e-05
 3.80914e-11 1.79164e-09 5.83525e-08 1.316e-06 2.05512e-05 0.000222232 0.00166407 0.00862896 0.0309933 0.0771808 0.13375 0.163628 0.148846 0.116546 0.0963293 0.083145 0.0627639 0.0387294 0.0205608 0.0100152 0.00445582 0.00173699 0.000579605 0.000163864 3.86711e-05
 3.70785e-11 1.74399e-09 5.68008e-08 1.281e-06 2.00047e-05 0.000216323 0.00161983 0.00839962 0.0301708 0.0751451 0.130306 0.159814 0.146648 0.117433 0.0999958 0.0876055 0.065908 0.0399111 0.0205188 0.00967099 0.00422373 0.00164321 0.000552822 0.000157986 3.75252e-05
 3.24907e-11 1.52821e-09 4.97727e-08 1.1225e-06 1.75295e-05 0.000189557 0.00141942 0.00736073 0.0264437 0.0659063 0.114588 0.141957 0.134804 0.117298 0.110631 0.102895 0.0796116 0.0494042 0.0261823 0.0126551 0.00555571 0.00213207 0.00070284 0.000197839 4.67497e-05
 3.67486e-11 1.72848e-09 5.62953e-08 1.2696e-06 1.98267e-05 0.000214398 0.00160541 0.00832483 0.0299017 0.0744696 0.129101 0.158177 0.144651 0.114902 0.0971171 0.0856588 0.0664447 0.0429712 0.0244219 0.0127073 0.00589704 0.00234689 0.000790202 0.000223855 5.25964e-05
 3.69733e-11 1.73905e-09 5.66397e-08 1.27737e-06 1.99479e-05 0.000215709 0.00161523 0.0083758 0.0300853 0.0749322 0.129938 0.159369 0.146257 0.11716 0.0998212 0.0875222 0.0659617 0.0401491 0.0209287 0.0101563 0.00464511 0.00191295 0.000680373 0.00020291 4.9459e-05
 3.43184e-11 1.61417e-09 5.25726e-08 1.18564e-06 1.85156e-05 0.00020022 0.00149926 0.0077746 0.0279284 0.069586 0.120843 0.149041 0.139424 0.117135 0.106081 0.0965398 0.0741054 0.0458083 0.024201 0.0116906 0.00516461 0.00201759 0.000687148 0.000202383 5.02682e-05
 3.43348e-11 1.61495e-09 5.25977e-08 1.18621e-06 1.85244e-05 0.000200316 0.00149998 0.00777828 0.0279412 0.0696129 0.120858 0.148908 0.138827 0.115725 0.103998 0.0947559 0.0737598 0.0470632 0.0261374 0.0133041 0.00609269 0.00241383 0.000815416 0.000233866 5.6222e-05
 3.44199e-11 1.61895e-09 5.2728e-08 1.18915e-06 1.85703e-05 0.000200812 0.00150369 0.00779753 0.0280103 0.0697843 0.121151 0.149245 0.139067 0.115766 0.103828 0.0944127 0.0733026 0.0466184 0.025884 0.0133183 0.00626489 0.00258185 0.000909003 0.000268743 6.53768e-05
 3.66192e-11 1.72239e-09 5.60971e-08 1.26513e-06 1.97569e-05 0.000213643 0.00159976 0.00829555 0.029797 0.0742137 0.128689 0.157823 0.1448 0.115955 0.0989222 0.08728 0.0668436 0.0420388 0.0230152 0.0116799 0.00545209 0.00225147 0.000803868 0.000243738 6.11701e-05
#spawning biomass
 31754.4 28333 31919.3 32785.5 39780.8 47451.3 43155.4 45169.4 53695.5 52658.2 64541.7 74154.2 76813.2 70483.5 82139.1 79020.3 88849.3 100080 115669 121221 131841 128581 124758 130529 142555 136228 136398 143958 148799 101121 17054.1 6226 5676.32 5655.91 5655.22 5655.2 5655.2 5655.2 5655.2 5655.2 5655.2 5655.2 5655.2 5655.2 5655.2 5655.2 5655.2 5655.2 5655.2 5655.2 5655.2 5655.2 5655.2 5655.2 5655.2 5655.2 5655.2 5655.2 5655.2 5655.2 5655.2 5655.2 5655.2 5655.2 5655.2 5655.2 5655.2 5655.2 5655.2 5655.2 5655.2 5655.2 5655.2 5655.2 5655.2 5655.2 5655.2 5655.2 5655.2 5655.2 5655.2 5655.2 5655.2 5655.2 5655.2 5655.2 5655.2 5655.2 5655.2 5655.2 5655.2 5655.2 5655.2 5655.2 5655.2 5655.2 5655.2 5655.2 5655.2 5655.2 5655.2 5655.2 5655.2 5655.2 5655.2 5655.2 5655.2 5655.2 5655.2 5655.2 5655.2 5655.2 5655.2 5655.2 5655.2 5655.2 5655.2 5655.2 5655.2 5655.2 5655.2 5655.2 5655.2 5655.2 5655.2 5655.2 5655.2 5655.2 0 0 0 0 0 0 0 0 0 0 0 0 0 0 0 0 0 0 0 0 0 0 0 0 0
