SBPRF35
0.819782
Curr Bio
121134
B35
693670
F35
0.209958
FOFL
0.0554438
OFL
8550.59
Bzero
234224
#pred survey bio
 8498.26 9298.21 7440.33 7479.62 10633.8 17601.1 23850.3 29696.1 40080.3 52042.6 59893.8 80066 103657 113318 115749 114859 116048 110915 101758 108607 97000.1 101566 108206 99236.5 121842 112295 119430 110425 129224 7.58925e+06 7.78684e+06 8.49594e+06 8.1613e+06 7.28531e+06 6.24735e+06 5.26373e+06 4.42854e+06 3.76357e+06 3.25521e+06 2.87668e+06 2.59955e+06 2.39872e+06 2.25387e+06 2.14833e+06 2.07025e+06 2.01484e+06 1.97512e+06 1.94632e+06 1.92522e+06 1.90958e+06 1.89786e+06 1.88897e+06 1.88218e+06 1.87693e+06 1.87284e+06 1.86963e+06 1.86709e+06 1.86507e+06 1.86346e+06 1.86217e+06 1.86113e+06 1.86029e+06 1.85961e+06 1.85905e+06 1.85861e+06 1.85824e+06 1.85794e+06 1.8577e+06 1.8575e+06 1.85734e+06 1.85721e+06 1.8571e+06 1.85701e+06 1.85694e+06 1.85688e+06 1.85683e+06 1.85679e+06 1.85676e+06 1.85674e+06 1.85671e+06 1.8567e+06 1.85668e+06 1.85667e+06 1.85666e+06 1.85665e+06 1.85665e+06 1.85664e+06 1.85664e+06 1.85663e+06 1.85663e+06 1.85663e+06 1.85663e+06 1.85662e+06 1.85662e+06 1.85662e+06 1.85662e+06 1.85662e+06 1.85662e+06 1.85662e+06 1.85662e+06 1.85662e+06 1.85662e+06 1.85662e+06 1.85662e+06 1.85662e+06 1.85662e+06 1.85662e+06 1.85662e+06 1.85662e+06 1.85662e+06 1.85662e+06 1.85662e+06 1.85662e+06 1.85662e+06 1.85662e+06 1.85662e+06 1.85662e+06 1.85662e+06 1.85662e+06 1.85662e+06 1.85662e+06 1.85662e+06 1.85662e+06 1.85662e+06 1.85662e+06 1.85662e+06 1.85662e+06 1.85662e+06 1.85662e+06 0 0 0 0 0 0 0 0 0 0 0 0 0 0 0 0 0 0 0 0 0 0 0 0 0
#obs survey bio
 7310.49 8018.49 6333.19 5466.18 13314 24862.2 25785.1 26890.5 36267.8 68358.3 46507.1 114389 83045.9 133968 130038 97064.3 117844 99062.6 120425 119308 105763 94465.4 94540.7 109648 136030 126010 113279 100474 122156
#pred catch bio
 2769.17 4417.36 3356.83 2653.15 3486.5 8711.21 13254.7 16201.5 23838.7 35560.7 38799.5 51836.8 74403.8 85027.8 89133.3 91176.9 95693.6 92383.2 81153.3 96292.7 84325.6 89886.3 102598 85632.4 115795 105155 117582 110404 90892.3 8550.59 63293 68591.2 65231 57473.6 48516.9 40164.7 33179 27709.4 23610 20629.8 18510.4 17027.3 16001.8 15293.7 14804.1 14479.2 14263.6 14120.5 14025.5 13962.5 13920.6 13892.9 13874.4 13862.2 13854.1 13848.7 13845.1 13842.7 13841.2 13840.1 13839.4 13839 13838.7 13838.5 13838.3 13838.2 13838.2 13838.1 13838.1 13838.1 13838.1 13838.1 13838.1 13838.1 13838.1 13838.1 13838.1 13838.1 13838.1 13838.1 13838.1 13838.1 13838.1 13838.1 13838.1 13838.1 13838.1 13838.1 13838.1 13838.1 13838.1 13838.1 13838.1 13838.1 13838.1 13838.1 13838.1 13838.1 13838.1 13838.1 13838.1 13838.1 13838.1 13838.1 13838.1 13838.1 13838.1 13838.1 13838.1 13838.1 13838.1 13838.1 13838.1 13838.1 13838.1 13838.1 13838.1 13838.1 13838.1 13838.1 13838.1 13838.1 13838.1 13838.1 13838.1 13838.1 13838.1 13838.1 13838.1 0 0 0 0 0 0 0 0 0 0 0 0 0 0 0 0 0 0 0 0 0 0 0 0 0
#obs catch bio
 3486.05 4439.02 3788.04 2788.27 3433.71 8441.45 12310 15147.2 22993.9 32752.5 37308.3 47690.5 69570.4 82057.1 84989.9 92643.4 91149.3 90745.3 74282.8 92255.9 76956.9 86979 99378.2 72464.3 99314.7 96431.6 104062 97034.1 85698.9
#pred cpue bio
 7829.26 8933.55 6912.48 6666.47 9205.97 15020.4 20337.5 25223.9 33390.5 43206.6 48744.6 64577.2 85203.9 92106.3 94492.3 92587.6 91786.1 88047 80927.7 85015.6 73980.2 76834.8 80562.4 72646.3 90946.3 81681.4 86556.4 78688.8 86352.3 6.08876e+06 7.74025e+06 8.44935e+06 8.1147e+06 7.23872e+06 6.20075e+06 5.21713e+06 4.38195e+06 3.71698e+06 3.20861e+06 2.83008e+06 2.55296e+06 2.35213e+06 2.20728e+06 2.10174e+06 2.02365e+06 1.96825e+06 1.92852e+06 1.89973e+06 1.87863e+06 1.86299e+06 1.85126e+06 1.84238e+06 1.83558e+06 1.83033e+06 1.82624e+06 1.82303e+06 1.82049e+06 1.81848e+06 1.81687e+06 1.81557e+06 1.81453e+06 1.81369e+06 1.81301e+06 1.81246e+06 1.81201e+06 1.81165e+06 1.81135e+06 1.81111e+06 1.81091e+06 1.81075e+06 1.81062e+06 1.81051e+06 1.81042e+06 1.81035e+06 1.81029e+06 1.81024e+06 1.8102e+06 1.81017e+06 1.81014e+06 1.81012e+06 1.8101e+06 1.81009e+06 1.81008e+06 1.81007e+06 1.81006e+06 1.81005e+06 1.81005e+06 1.81004e+06 1.81004e+06 1.81004e+06 1.81003e+06 1.81003e+06 1.81003e+06 1.81003e+06 1.81003e+06 1.81003e+06 1.81003e+06 1.81003e+06 1.81003e+06 1.81002e+06 1.81002e+06 1.81002e+06 1.81002e+06 1.81002e+06 1.81002e+06 1.81002e+06 1.81002e+06 1.81002e+06 1.81002e+06 1.81002e+06 1.81002e+06 1.81002e+06 1.81002e+06 1.81002e+06 1.81002e+06 1.81002e+06 1.81002e+06 1.81002e+06 1.81002e+06 1.81002e+06 1.81002e+06 1.81002e+06 1.81002e+06 1.81002e+06 1.81002e+06 1.81002e+06 1.81002e+06 1.81002e+06 1.81002e+06 0 0 0 0 0 0 0 0 0 0 0 0 0 0 0 0 0 0 0 0 0 0 0 0 0
#obs cpue bio
 6270.48 9088.92 4936.85 5748.53 11164.5 16879.8 26743.5 33627.9 37872.4 53187.2 61555.8 68381.6 132753 85284.9 101483 95804.2 122636 98782.1 102590 94260.4 95371 88440 113368 132813 151120 94211.7 156270 145672 105235
#pred surv len freq
 9.31926e-12 1.01196e-09 6.47866e-08 2.44537e-06 5.44186e-05 0.000714017 0.00552467 0.0252317 0.0683423 0.112393 0.124449 0.123698 0.134702 0.129151 0.0976554 0.0664046 0.0437101 0.0268845 0.0158921 0.00945833 0.00586837 0.00395146 0.00286132 0.00197002 0.0010813
 5.64119e-12 6.12565e-10 3.9217e-08 1.48025e-06 3.29413e-05 0.000432234 0.00334505 0.0152926 0.0416332 0.0701742 0.0856047 0.104363 0.13391 0.141762 0.12261 0.0986436 0.0731599 0.0477448 0.0281696 0.0154264 0.00814049 0.00444211 0.00264549 0.00161733 0.000849221
 9.75185e-12 1.05893e-09 6.77939e-08 2.55888e-06 5.69444e-05 0.000747139 0.00578026 0.0263829 0.0712404 0.11539 0.119649 0.099863 0.0930409 0.0926173 0.0880803 0.08228 0.0712498 0.0547374 0.0369428 0.0215384 0.0109919 0.00517491 0.00244828 0.00121701 0.000568758
 1.23461e-11 1.34064e-09 8.58289e-08 3.23961e-06 7.20931e-05 0.000945896 0.00731789 0.0333997 0.090168 0.145887 0.15046 0.122926 0.108139 0.0940078 0.0678973 0.0471644 0.0377485 0.0323651 0.0258093 0.0176762 0.0100904 0.00481187 0.00200881 0.000796828 0.000304818
 1.34325e-11 1.45861e-09 9.33818e-08 3.5247e-06 7.84371e-05 0.00102913 0.00796175 0.0363366 0.0980711 0.158469 0.162479 0.1303 0.111907 0.0963682 0.0688934 0.0443109 0.0285077 0.0188 0.0135672 0.0101455 0.00675886 0.00366803 0.00159274 0.000572607 0.000179854
 1.38074e-11 1.49932e-09 9.59876e-08 3.62305e-06 8.06259e-05 0.00105785 0.0081839 0.03735 0.1008 0.162832 0.166731 0.133125 0.113567 0.0972156 0.068879 0.0436583 0.0272956 0.0163354 0.00952864 0.00580692 0.00371898 0.00221994 0.00108196 0.000407597 0.000119466
 1.34529e-11 1.46082e-09 9.35232e-08 3.53003e-06 7.8556e-05 0.0010307 0.007974 0.0363961 0.0982811 0.159207 0.165096 0.137115 0.122712 0.105687 0.0716301 0.0415865 0.0240143 0.0137005 0.00750283 0.00395805 0.0020745 0.00110651 0.000552217 0.00022481 6.86809e-05
 1.35103e-11 1.46706e-09 9.39224e-08 3.5451e-06 7.88913e-05 0.00103509 0.00800804 0.0365515 0.098702 0.159897 0.165854 0.137858 0.123545 0.106593 0.0724205 0.0418826 0.0234277 0.0124447 0.00623699 0.00301776 0.00140004 0.000627297 0.000273513 0.000108281 3.43165e-05
 1.43971e-11 1.56335e-09 1.00087e-07 3.7778e-06 8.40695e-05 0.00110303 0.00853344 0.038945 0.105102 0.169754 0.173688 0.138278 0.117107 0.0985451 0.0667715 0.0388429 0.0218586 0.0115571 0.00560667 0.00252501 0.00105753 0.000415105 0.000153713 5.29843e-05 1.58403e-05
 1.43593e-11 1.55925e-09 9.98248e-08 3.76789e-06 8.38491e-05 0.00110014 0.00851114 0.038845 0.104855 0.169545 0.174356 0.141025 0.121654 0.101948 0.0663913 0.0356431 0.018601 0.00954238 0.00460437 0.0020472 0.000819401 0.000293661 9.49247e-05 2.78133e-05 7.22774e-06
 1.50403e-11 1.6332e-09 1.04559e-07 3.94658e-06 8.78255e-05 0.00115231 0.00891465 0.0406841 0.109786 0.177245 0.180991 0.143066 0.119406 0.0978391 0.0619818 0.0314362 0.0150956 0.00707688 0.00314074 0.00132499 0.000517034 0.000179227 5.38289e-05 1.39159e-05 3.09225e-06
 1.53574e-11 1.66763e-09 1.06763e-07 4.02978e-06 8.9677e-05 0.0011766 0.00910251 0.04154 0.112076 0.180781 0.183848 0.143374 0.117374 0.0952479 0.0601478 0.0303523 0.0143148 0.00641526 0.00263046 0.00100586 0.000359118 0.000117015 3.35503e-05 8.12805e-06 1.62126e-06
 1.4544e-11 1.57931e-09 1.01109e-07 3.81635e-06 8.49275e-05 0.00111429 0.00862063 0.0393452 0.106213 0.171801 0.176953 0.143797 0.124557 0.103657 0.0654533 0.0325687 0.0150775 0.00665842 0.00267259 0.000974977 0.000321024 9.46832e-05 2.48004e-05 5.59604e-06 1.04086e-06
 1.49844e-11 1.62713e-09 1.0417e-07 3.9319e-06 8.7499e-05 0.00114803 0.00888155 0.0405339 0.109393 0.176705 0.18089 0.14413 0.121543 0.0997523 0.0625074 0.0307441 0.0139971 0.00607081 0.00238902 0.00085272 0.000272096 7.582e-05 1.82136e-05 3.72309e-06 6.3255e-07
 1.47151e-11 1.59789e-09 1.02298e-07 3.86125e-06 8.59267e-05 0.0011274 0.00872206 0.0398081 0.107463 0.173822 0.17903 0.145437 0.125713 0.103783 0.0639065 0.0299643 0.0127916 0.00530334 0.00203207 0.000709377 0.000221174 5.98943e-05 1.37768e-05 2.63083e-06 4.08577e-07
 1.52087e-11 1.65149e-09 1.0573e-07 3.99077e-06 8.88089e-05 0.00116521 0.00901449 0.0411402 0.111023 0.179295 0.183327 0.145496 0.121861 0.0991102 0.0607823 0.0283984 0.0119635 0.00479253 0.00173672 0.000572586 0.000171351 4.50485e-05 1.00672e-05 1.85246e-06 2.72588e-07
 1.58615e-11 1.72237e-09 1.10268e-07 4.16207e-06 9.26209e-05 0.00121522 0.00940127 0.0429025 0.11574 0.186592 0.189287 0.146331 0.117898 0.0936036 0.0561473 0.0251031 0.00993938 0.00381 0.00134519 0.00042886 0.000121945 3.02868e-05 6.45465e-06 1.14463e-06 1.62516e-07
 1.56414e-11 1.69847e-09 1.08738e-07 4.10431e-06 9.13355e-05 0.00119836 0.0092709 0.0423093 0.114163 0.184243 0.187808 0.147513 0.121484 0.0970256 0.0572653 0.0243212 0.00879978 0.00308235 0.00101077 0.000303248 8.24315e-05 1.96267e-05 3.974e-06 6.6703e-07 9.02017e-08
 1.55663e-11 1.69031e-09 1.08215e-07 4.08459e-06 9.08967e-05 0.00119261 0.00922638 0.0421065 0.113621 0.183412 0.187164 0.147535 0.122133 0.0978354 0.0578621 0.0246393 0.00888695 0.0030272 0.00092872 0.000253586 6.29037e-05 1.39157e-05 2.66001e-06 4.24195e-07 5.4424e-08
 1.6193e-11 1.75837e-09 1.12572e-07 4.24904e-06 9.45563e-05 0.00124062 0.00959765 0.0437972 0.118133 0.190286 0.192263 0.14662 0.115703 0.0907673 0.0540426 0.0237933 0.00907493 0.00322997 0.00100471 0.00026961 6.33025e-05 1.28399e-05 2.23166e-06 3.27786e-07 3.93801e-08
 1.69471e-11 1.84026e-09 1.17815e-07 4.44692e-06 9.89598e-05 0.00129839 0.0100445 0.0458333 0.123585 0.19875 0.199312 0.148036 0.111797 0.0847961 0.0483627 0.0192222 0.00615793 0.00191339 0.000580183 0.000160678 3.86957e-05 7.78256e-06 1.28895e-06 1.74737e-07 1.91547e-08
 1.71919e-11 1.86684e-09 1.19517e-07 4.51115e-06 0.000100389 0.00131714 0.0101895 0.0464939 0.125351 0.20146 0.201426 0.148018 0.109814 0.0824295 0.0468276 0.0185019 0.00579501 0.00168489 0.000450016 0.000107246 2.35691e-05 4.67747e-06 7.85014e-07 1.05726e-07 1.111e-08
 1.76603e-11 1.9177e-09 1.22773e-07 4.63406e-06 0.000103124 0.00135303 0.010467 0.047758 0.128729 0.206649 0.205478 0.148 0.106023 0.0778198 0.0436912 0.0169341 0.005104 0.00141918 0.000365286 8.23636e-05 1.63192e-05 2.83088e-06 4.26475e-07 5.477e-08 5.69987e-09
 1.80989e-11 1.96532e-09 1.25822e-07 4.74914e-06 0.000105685 0.00138662 0.0107268 0.0489418 0.131895 0.211536 0.209413 0.148371 0.103063 0.0738915 0.0405814 0.0149118 0.00396996 0.000933078 0.000212636 4.46081e-05 8.36164e-06 1.36213e-06 1.86832e-07 2.12855e-08 1.99049e-09
 1.75707e-11 1.90796e-09 1.2215e-07 4.61054e-06 0.000102601 0.00134616 0.0104139 0.0475161 0.128084 0.20567 0.204771 0.148192 0.107041 0.0789139 0.0442541 0.017007 0.00499763 0.00131349 0.00030414 5.78084e-05 9.363e-06 1.35338e-06 1.70874e-07 1.8061e-08 1.54196e-09
 1.8278e-11 1.98477e-09 1.27067e-07 4.79614e-06 0.000106731 0.00140035 0.0108329 0.049425 0.133186 0.213511 0.210919 0.148243 0.101427 0.0720076 0.0394375 0.0144868 0.00385686 0.000903641 0.00020287 4.0848e-05 7.03202e-06 9.95498e-07 1.13257e-07 1.05258e-08 8.05891e-10
 1.83738e-11 1.99518e-09 1.27733e-07 4.82128e-06 0.000107291 0.00140768 0.0108897 0.0496836 0.133877 0.214571 0.211739 0.148217 0.100619 0.071049 0.0388187 0.0142082 0.00374031 0.000849675 0.000179105 3.28446e-05 5.21977e-06 7.28884e-07 8.56408e-08 8.02039e-09 5.79317e-10
 1.88027e-11 2.04175e-09 1.30715e-07 4.93382e-06 0.000109795 0.00144054 0.0111438 0.050841 0.13697 0.219319 0.215441 0.148175 0.0971078 0.0667958 0.0359427 0.0127934 0.00313664 0.000632757 0.000120608 2.08772e-05 3.1421e-06 4.06998e-07 4.41751e-08 3.94577e-09 2.83416e-10
 2.03122e-11 2.20566e-09 1.41208e-07 5.3299e-06 0.000118609 0.00155618 0.012038 0.0549138 0.147846 0.235961 0.228129 0.147097 0.0833349 0.0509093 0.0262632 0.00916474 0.00216977 0.000407898 7.08814e-05 1.10774e-05 1.48718e-06 1.74241e-07 1.7534e-08 1.45861e-09 9.73914e-11
#obs surv len freq
 2.4296e-11 2.3473e-09 1.33703e-07 4.49006e-06 8.89004e-05 0.00103778 0.00714359 0.0290158 0.0698055 0.101473 0.0981664 0.0862657 0.0923701 0.102103 0.104512 0.0981465 0.0804401 0.0578601 0.0373442 0.0208585 0.00936528 0.00313593 0.000736179 0.000115683 1.17683e-05
 4.7034e-12 4.38289e-10 2.40795e-08 7.79974e-07 1.48965e-05 0.000167806 0.00111696 0.00443631 0.0110482 0.0210284 0.0431736 0.0899341 0.140836 0.159001 0.149097 0.129311 0.101321 0.0703049 0.0432181 0.022712 0.00954538 0.00298064 0.000649071 9.40537e-05 8.77868e-06
 8.96565e-11 8.04435e-09 4.25538e-07 1.32716e-05 0.000244033 0.00264553 0.0169091 0.0637225 0.14163 0.185958 0.14571 0.0734572 0.0392567 0.0492409 0.0726276 0.0773581 0.0592897 0.0367424 0.0202615 0.00978088 0.00380271 0.00109694 0.000220244 2.93734e-05 2.51833e-06
 1.10019e-10 9.48917e-09 4.82532e-07 1.44665e-05 0.000255706 0.00266487 0.0163773 0.05941 0.127864 0.167682 0.151239 0.129457 0.122193 0.0942562 0.0520469 0.0273274 0.0197432 0.0148139 0.00878554 0.00401027 0.00141366 0.000369942 6.77528e-05 8.26374e-06 6.48488e-07
 1.38559e-10 1.14702e-08 5.59822e-07 1.61089e-05 0.000273291 0.00273364 0.0161251 0.0561524 0.116092 0.146764 0.129633 0.113269 0.115879 0.10988 0.088363 0.0583183 0.0289592 0.0111364 0.00412557 0.00159958 0.00052916 0.00012785 2.12471e-05 2.34585e-06 1.67134e-07
 2.04953e-10 1.62608e-08 7.60617e-07 2.09764e-05 0.000341066 0.00326968 0.0184853 0.0617034 0.12236 0.14884 0.128027 0.110888 0.111748 0.104111 0.0841066 0.0578312 0.0309491 0.0123275 0.00376674 0.00095636 0.000217717 4.26379e-05 6.28337e-06 6.28685e-07 4.06141e-08
 2.83163e-10 2.15019e-08 9.62622e-07 2.54082e-05 0.0003954 0.003628 0.0196332 0.0627605 0.119488 0.141283 0.123576 0.114778 0.118799 0.10845 0.0848399 0.0564048 0.0294962 0.0117649 0.00362925 0.000864825 0.000157545 2.21167e-05 2.39903e-06 1.92968e-07 1.07357e-08
 4.39949e-10 3.19328e-08 1.3665e-06 3.44766e-05 0.00051284 0.00449788 0.0232665 0.0710952 0.129408 0.146385 0.122805 0.110208 0.112008 0.103007 0.0818876 0.0538347 0.0270037 0.0102122 0.00300684 0.000690482 0.000119169 1.48684e-05 1.3111e-06 8.08814e-08 3.45564e-09
 6.34156e-10 4.39442e-08 1.79533e-06 4.32443e-05 0.000614128 0.00514241 0.0253995 0.0741555 0.129385 0.142466 0.122236 0.116335 0.118314 0.103944 0.0780894 0.0488018 0.0234877 0.00855392 0.00241059 0.000524614 8.53092e-05 9.96427e-06 8.07295e-07 4.41249e-08 1.59567e-09
 9.15944e-10 6.05274e-08 2.35816e-06 5.41672e-05 0.000733578 0.00585794 0.027596 0.0768905 0.128435 0.137355 0.119445 0.118318 0.121834 0.107565 0.0800262 0.0472415 0.0203641 0.00639058 0.00154489 0.000297189 4.4105e-05 4.77065e-06 3.58558e-07 1.80954e-08 5.98167e-10
 1.46215e-09 9.20435e-08 3.41612e-06 7.47503e-05 0.000964365 0.00733602 0.0329225 0.0873984 0.139167 0.142207 0.118933 0.114101 0.114744 0.100388 0.0741313 0.0428798 0.0179261 0.00538332 0.00120562 0.000205844 2.64928e-05 2.49968e-06 1.67122e-07 7.6345e-09 2.30643e-10
 1.8379e-09 1.10106e-07 3.88902e-06 8.0986e-05 0.000994342 0.00719933 0.0307657 0.0779628 0.11997 0.124877 0.119697 0.131503 0.133577 0.111329 0.0773145 0.042119 0.0166595 0.00475295 0.00101107 0.000162246 1.91923e-05 1.62104e-06 9.52155e-08 3.80259e-09 1.01069e-10
 2.87903e-09 1.63992e-07 5.50729e-06 0.000109043 0.00127294 0.00876296 0.0356041 0.0857686 0.12536 0.123551 0.112072 0.119998 0.125834 0.11311 0.0826407 0.0443354 0.0163957 0.00424016 0.000808563 0.000117242 1.26975e-05 9.86144e-07 5.2921e-08 1.90765e-09 4.52155e-11
 3.91009e-09 2.11582e-07 6.75013e-06 0.000126966 0.00140809 0.00920989 0.0355757 0.0817324 0.115676 0.116986 0.118856 0.135252 0.136425 0.113778 0.0773913 0.0393247 0.0139995 0.00351238 0.000642918 8.70214e-05 8.56881e-06 5.98323e-07 2.89077e-08 9.43005e-10 2.02826e-11
 5.6377e-09 2.89584e-07 8.76975e-06 0.000156583 0.00164843 0.0102354 0.0375442 0.0820265 0.111161 0.11034 0.114016 0.132452 0.138303 0.12078 0.0831299 0.0407943 0.0136244 0.00316639 0.000537089 6.78782e-05 6.25878e-06 4.06113e-07 1.79873e-08 5.31527e-10 1.02919e-11
 9.41771e-09 4.58875e-07 1.31821e-05 0.000223264 0.00222959 0.0131325 0.0457001 0.0947686 0.122142 0.116032 0.115532 0.129213 0.130266 0.109955 0.0727172 0.034188 0.0109759 0.0024592 0.000399434 4.75599e-05 4.0715e-06 2.43728e-07 9.95036e-09 2.70848e-10 4.81569e-12
 1.39859e-08 6.4603e-07 1.75936e-05 0.00028249 0.00267447 0.0149365 0.0493196 0.0973876 0.121454 0.117345 0.123255 0.137251 0.131203 0.103356 0.0635603 0.0277359 0.00823423 0.00170085 0.000255317 2.83047e-05 2.26709e-06 1.26712e-07 4.79846e-09 1.20359e-10 1.96383e-12
 1.75227e-08 7.6692e-07 1.97898e-05 0.000301082 0.00270109 0.0142988 0.0448194 0.0846273 0.104182 0.108174 0.126788 0.146991 0.14246 0.113407 0.069618 0.0302719 0.00908879 0.0019241 0.000292851 3.18182e-05 2.41481e-06 1.25499e-07 4.39194e-09 1.01716e-10 1.5315e-12
 2.90181e-08 1.20288e-06 2.93981e-05 0.00042361 0.00359933 0.0180455 0.0535592 0.095657 0.110873 0.107423 0.119198 0.137089 0.13686 0.111423 0.0674612 0.0282519 0.00814829 0.00167638 0.000251875 2.72634e-05 2.05539e-06 1.04628e-07 3.51597e-09 7.67264e-11 1.07377e-12
 4.81649e-08 1.89037e-06 4.37424e-05 0.000596781 0.00480117 0.0227944 0.0641072 0.108819 0.121317 0.115893 0.125793 0.135532 0.123936 0.093167 0.0534803 0.0218684 0.00631473 0.00131419 0.000197874 2.11107e-05 1.55265e-06 7.68663e-08 2.50861e-09 5.2968e-11 7.12203e-13
 6.09579e-08 2.26466e-06 4.96045e-05 0.000640625 0.00487933 0.0219447 0.05864 0.0959133 0.108801 0.116844 0.139655 0.150487 0.132406 0.0941738 0.0503825 0.0189959 0.00504898 0.000979502 0.000140665 1.45835e-05 1.04862e-06 5.05534e-08 1.5947e-09 3.23375e-11 4.15891e-13
 1.01742e-07 3.57739e-06 7.41611e-05 0.000906461 0.00653407 0.0278081 0.0702646 0.108289 0.114246 0.112416 0.127574 0.139172 0.128176 0.0931984 0.0487294 0.0174161 0.0043103 0.000768922 0.00010096 9.61062e-06 6.41902e-07 2.91197e-08 8.72683e-10 1.68878e-11 2.07307e-13
 1.50365e-07 5.00351e-06 9.81633e-05 0.00113553 0.00774742 0.0312259 0.0749238 0.110995 0.11745 0.122361 0.139743 0.141517 0.117678 0.0785317 0.0389449 0.0136078 0.00335694 0.000595393 7.5798e-05 6.78551e-06 4.17463e-07 1.7307e-08 4.74615e-10 8.45428e-12 9.62082e-14
 2.05595e-07 6.47445e-06 0.00012021 0.00131603 0.00849877 0.0324423 0.0739396 0.105391 0.111868 0.122463 0.143541 0.146234 0.121818 0.0794624 0.0373818 0.0121849 0.00280097 0.000468608 5.71738e-05 4.94013e-06 2.91689e-07 1.14444e-08 2.92482e-10 4.79809e-12 4.99505e-14
 2.73472e-07 8.15054e-06 0.000143223 0.00148403 0.00907249 0.0328164 0.071189 0.0984479 0.107111 0.125023 0.149626 0.151602 0.124732 0.0791062 0.0356882 0.0110963 0.00242447 0.000382684 4.36897e-05 3.52343e-06 1.94872e-07 7.19862e-09 1.73636e-10 2.68367e-12 2.61868e-14
 4.0973e-07 1.15583e-05 0.00019224 0.00188541 0.0109108 0.037373 0.0769055 0.101584 0.107523 0.123882 0.146542 0.148366 0.122076 0.0762686 0.0336202 0.010261 0.0022132 0.000342904 3.77861e-05 2.88789e-06 1.49369e-07 5.12326e-09 1.14485e-10 1.64065e-12 1.48753e-14
 5.64099e-07 1.50635e-05 0.000237168 0.00220205 0.0120678 0.0392034 0.0770315 0.0998044 0.11007 0.133255 0.155159 0.149272 0.115574 0.0678325 0.0281653 0.00814881 0.00168117 0.000251168 2.67759e-05 1.97398e-06 9.77103e-08 3.17438e-09 6.65165e-11 8.86763e-13 7.43984e-15
 8.49208e-07 2.1469e-05 0.000320018 0.00281311 0.0145975 0.0449244 0.0838054 0.103916 0.111601 0.132818 0.152718 0.146335 0.111488 0.0625589 0.0242379 0.0064449 0.00121472 0.000166552 1.64801e-05 1.14016e-06 5.33276e-08 1.64105e-09 3.25389e-11 4.09118e-13 3.22243e-15
 1.11445e-06 2.66776e-05 0.000376537 0.00313453 0.0154121 0.0450615 0.0807903 0.100354 0.115572 0.144242 0.161654 0.146478 0.10492 0.0554709 0.020338 0.00512894 0.000912281 0.000116531 1.05985e-05 6.69618e-07 2.86391e-08 8.10452e-10 1.48724e-11 1.73941e-13 1.27842e-15
#pred catch len freq
 6.57611e-12 7.14087e-10 4.57165e-08 1.72557e-06 3.84007e-05 0.000503868 0.0038994 0.0178263 0.0485229 0.0817182 0.099341 0.119978 0.150835 0.151204 0.115388 0.0785762 0.0517295 0.0318172 0.018808 0.0111937 0.0069451 0.00467647 0.00338632 0.00233148 0.0012797
 3.95151e-12 4.29087e-10 2.74706e-08 1.03688e-06 2.30749e-05 0.000302789 0.0023439 0.0107303 0.029413 0.0511811 0.0696695 0.100769 0.141813 0.153807 0.13364 0.107585 0.0797955 0.0520754 0.0307247 0.0168256 0.00887885 0.00484502 0.00288545 0.00176403 0.000926247
 7.27682e-12 7.90175e-10 5.05878e-08 1.90944e-06 4.2492e-05 0.000557527 0.00431372 0.0196985 0.0533194 0.0874004 0.0955018 0.0923425 0.100928 0.106879 0.102924 0.0962954 0.0833959 0.064069 0.0432408 0.0252102 0.0128658 0.00605712 0.00286566 0.00142449 0.00066572
 9.37809e-12 1.01835e-09 6.51956e-08 2.46081e-06 5.47621e-05 0.00071852 0.00555935 0.0253865 0.0687131 0.11261 0.122873 0.117686 0.123413 0.115178 0.084546 0.0588874 0.0471439 0.0404211 0.0322336 0.022076 0.012602 0.00600961 0.00250882 0.000995169 0.000380691
 1.03714e-11 1.12621e-09 7.21012e-08 2.72146e-06 6.05625e-05 0.000794623 0.0061481 0.028073 0.0759571 0.124262 0.134568 0.126437 0.130304 0.121058 0.0880672 0.0568079 0.0365592 0.0241101 0.0173994 0.0130112 0.00866796 0.0047041 0.00204262 0.000734345 0.000230656
 1.13613e-11 1.2337e-09 7.89825e-08 2.9812e-06 6.63425e-05 0.000870456 0.00673465 0.0307471 0.0831345 0.135539 0.144623 0.130588 0.129184 0.11785 0.0847461 0.0538496 0.0336766 0.0201546 0.0117564 0.00716455 0.00458847 0.00273896 0.00133491 0.000502891 0.000147396
 1.12595e-11 1.22265e-09 7.82753e-08 2.95451e-06 6.57486e-05 0.000862667 0.00667453 0.0304761 0.082449 0.1348 0.145591 0.135724 0.138109 0.1253 0.0859491 0.0500051 0.028883 0.0164785 0.00902415 0.0047606 0.00249514 0.00133087 0.000664188 0.000270394 8.26071e-05
 1.12787e-11 1.22473e-09 7.84082e-08 2.95952e-06 6.58602e-05 0.000864132 0.00668588 0.0305282 0.0825946 0.135075 0.14606 0.136589 0.139468 0.126843 0.0872313 0.0505554 0.0282862 0.0150259 0.00753059 0.00364367 0.00169042 0.000757403 0.000330242 0.000130739 4.1434e-05
 1.24363e-11 1.35044e-09 8.64562e-08 3.26329e-06 7.262e-05 0.000952818 0.00737175 0.0336527 0.0909493 0.147944 0.15629 0.137146 0.131075 0.116337 0.0798317 0.0465439 0.0261993 0.0138524 0.00672018 0.00302648 0.00126755 0.000497547 0.000184241 6.35071e-05 1.89862e-05
 1.28498e-11 1.39533e-09 8.93304e-08 3.37178e-06 7.50343e-05 0.000984494 0.00761679 0.0347708 0.0939635 0.152786 0.161114 0.140576 0.13306 0.116112 0.0763499 0.0410619 0.0214339 0.0109959 0.00530571 0.00235903 0.000944212 0.000338392 0.000109384 3.20498e-05 8.32866e-06
 1.34022e-11 1.45532e-09 9.31707e-08 3.51673e-06 7.82599e-05 0.00102681 0.00794413 0.0362632 0.0979695 0.159082 0.166739 0.142905 0.132298 0.113614 0.0728033 0.0370039 0.0177744 0.00833295 0.00369818 0.00156017 0.000608803 0.000211038 6.3383e-05 1.63859e-05 3.64109e-06
 1.37475e-11 1.49281e-09 9.55711e-08 3.60733e-06 8.02762e-05 0.00105327 0.0081487 0.0371952 0.100463 0.162935 0.169859 0.143266 0.130128 0.110835 0.07083 0.0358229 0.0169002 0.00757409 0.00310562 0.00118756 0.000423989 0.000138153 3.96107e-05 9.59628e-06 1.91412e-06
 1.32471e-11 1.43848e-09 9.20926e-08 3.47604e-06 7.73545e-05 0.00101494 0.00785228 0.0358453 0.0968591 0.15743 0.165707 0.143773 0.134929 0.116285 0.0740463 0.0369026 0.0170876 0.00754629 0.00302897 0.00110499 0.000363832 0.000107309 2.81074e-05 6.34225e-06 1.17965e-06
 1.39077e-11 1.51021e-09 9.66853e-08 3.64939e-06 8.12121e-05 0.00106555 0.00824368 0.0376283 0.101627 0.164778 0.171567 0.144148 0.130213 0.11028 0.0696379 0.0343011 0.0156197 0.00677471 0.00266603 0.000951594 0.000303645 8.46114e-05 2.03255e-05 4.15478e-06 7.05895e-07
 1.3743e-11 1.49233e-09 9.55403e-08 3.60617e-06 8.02504e-05 0.00105293 0.00814615 0.0371849 0.100453 0.163063 0.170661 0.145585 0.133745 0.11343 0.0703053 0.033006 0.0140928 0.00584289 0.00223881 0.000781549 0.000243676 6.59879e-05 1.51784e-05 2.89849e-06 4.50145e-07
 1.44143e-11 1.56522e-09 1.00207e-07 3.78232e-06 8.41702e-05 0.00110436 0.00854386 0.0389965 0.105295 0.170504 0.176492 0.145629 0.128444 0.107014 0.0660223 0.0308822 0.0130121 0.00521268 0.00188898 0.000622784 0.000186374 4.89978e-05 1.09498e-05 2.01486e-06 2.96486e-07
 1.5298e-11 1.66118e-09 1.06351e-07 4.0142e-06 8.93304e-05 0.00117206 0.00906743 0.0413819 0.111677 0.18036 0.184461 0.146489 0.122664 0.0992762 0.0598423 0.0267809 0.0106053 0.00406533 0.00143534 0.000457601 0.000130117 3.23165e-05 6.88722e-06 1.22134e-06 1.73407e-07
 1.51214e-11 1.642e-09 1.05123e-07 3.96785e-06 8.8299e-05 0.00115852 0.00896282 0.0409061 0.110415 0.178498 0.183379 0.147726 0.125986 0.102333 0.0606556 0.0257829 0.00932997 0.00326811 0.00107169 0.000321524 8.73995e-05 2.08096e-05 4.21351e-06 7.0723e-07 9.5638e-08
 1.4821e-11 1.60938e-09 1.03034e-07 3.88902e-06 8.65446e-05 0.00113551 0.00878483 0.0400954 0.108249 0.175177 0.180816 0.14784 0.128587 0.105446 0.0627303 0.0267435 0.00964773 0.00328642 0.00100825 0.000275301 6.82903e-05 1.51073e-05 2.88779e-06 4.6052e-07 5.90844e-08
 1.60366e-11 1.74138e-09 1.11485e-07 4.20799e-06 9.36429e-05 0.00122863 0.00950498 0.0433751 0.117005 0.188557 0.190926 0.146672 0.117038 0.0923518 0.0550696 0.0242528 0.00925064 0.00329252 0.00102417 0.000274832 6.45286e-05 1.30886e-05 2.27488e-06 3.34135e-07 4.01428e-08
 1.67034e-11 1.81379e-09 1.16121e-07 4.38298e-06 9.75369e-05 0.00127972 0.0099001 0.0451758 0.121829 0.19606 0.197249 0.148171 0.113961 0.0873198 0.0499384 0.0198596 0.00636276 0.00197706 0.00059949 0.000166025 3.99834e-05 8.04154e-06 1.33185e-06 1.80551e-07 1.97922e-08
 1.70449e-11 1.85088e-09 1.18495e-07 4.47259e-06 9.95309e-05 0.00130588 0.0101024 0.0460973 0.124291 0.199838 0.200183 0.148102 0.111123 0.0839551 0.047779 0.0188847 0.00591529 0.00171988 0.00045936 0.000109473 2.40585e-05 4.77459e-06 8.01314e-07 1.07921e-07 1.13407e-08
 1.78666e-11 1.9401e-09 1.24207e-07 4.68818e-06 0.000104329 0.00136883 0.0105892 0.0483145 0.130215 0.208924 0.20722 0.147875 0.104174 0.075671 0.0423594 0.0164078 0.00494482 0.0013749 0.000353888 7.97935e-05 1.581e-05 2.74254e-06 4.13167e-07 5.30609e-08 5.52201e-09
 1.78601e-11 1.93939e-09 1.24162e-07 4.68649e-06 0.000104291 0.00136833 0.0105854 0.0482975 0.130175 0.208904 0.207406 0.148541 0.105241 0.076404 0.0421125 0.0154862 0.00412347 0.00096918 0.000220863 4.63341e-05 8.68518e-06 1.41484e-06 1.94061e-07 2.21091e-08 2.06751e-09
 1.77918e-11 1.93197e-09 1.23687e-07 4.66855e-06 0.000103892 0.0013631 0.0105449 0.0481127 0.129677 0.208109 0.206636 0.148053 0.105051 0.076605 0.0428269 0.0164479 0.00483277 0.00127014 0.000294102 5.59005e-05 9.05398e-06 1.30871e-06 1.65234e-07 1.74649e-08 1.49107e-09
 1.84059e-11 1.99866e-09 1.27956e-07 4.82969e-06 0.000107478 0.00141014 0.0109087 0.0497701 0.134108 0.214921 0.211994 0.148152 0.100261 0.0706621 0.0386175 0.0141791 0.00377461 0.000884359 0.000198541 3.99763e-05 6.88196e-06 9.74254e-07 1.10841e-07 1.03011e-08 7.88694e-10
 1.87338e-11 2.03427e-09 1.30236e-07 4.91575e-06 0.000109393 0.00143526 0.011103 0.050655 0.136471 0.21854 0.214765 0.147958 0.0973316 0.0672578 0.0365102 0.0133448 0.00351209 0.000797798 0.000168169 3.08391e-05 4.90105e-06 6.84378e-07 8.04116e-08 7.53067e-09 5.43944e-10
 1.9203e-11 2.08522e-09 1.33497e-07 5.03886e-06 0.000112132 0.00147121 0.0113809 0.051921 0.139854 0.223731 0.218798 0.147868 0.0934226 0.0625612 0.0333852 0.0118617 0.00290718 0.000586434 0.000111778 1.93486e-05 2.91205e-06 3.77199e-07 4.09408e-08 3.65688e-09 2.62665e-10
 1.96427e-11 2.13297e-09 1.36554e-07 5.15424e-06 0.0001147 0.00150489 0.0116414 0.0531075 0.143023 0.228584 0.22252 0.147625 0.089519 0.058005 0.0305344 0.0107035 0.00253633 0.000476881 8.28704e-05 1.29511e-05 1.73873e-06 2.03713e-07 2.04998e-08 1.70533e-09 1.13865e-10
#obs catch len freq
 1.41046e-11 1.36269e-09 7.7619e-08 2.60663e-06 5.16102e-05 0.000602502 0.00414836 0.0168724 0.040885 0.0616734 0.0695522 0.0842725 0.111298 0.125468 0.122487 0.111653 0.0925807 0.0689187 0.0459994 0.0262972 0.0120042 0.00408448 0.00097656 0.000156521 1.6229e-05
 1.68895e-11 1.57386e-09 8.64672e-08 2.80077e-06 5.34871e-05 0.000602275 0.00400013 0.0157017 0.0368137 0.0544001 0.0626459 0.0804429 0.109821 0.128176 0.131567 0.122381 0.0990478 0.0704434 0.0447747 0.0243741 0.0105338 0.00335609 0.000742639 0.000109222 1.03454e-05
 1.40235e-12 1.25825e-10 6.65611e-09 2.0761e-07 3.81948e-06 4.15251e-05 0.000269508 0.00109908 0.00344504 0.0116348 0.0390222 0.0942608 0.148778 0.165663 0.154109 0.132558 0.102637 0.0703037 0.0424673 0.0217167 0.00877361 0.00260328 0.000533739 7.23279e-05 6.28282e-06
 1.91682e-11 1.65326e-09 8.40693e-08 2.52043e-06 4.45505e-05 0.000464289 0.00285339 0.0103515 0.0222893 0.0293582 0.0277136 0.031784 0.0613713 0.123546 0.185721 0.192087 0.143668 0.0876784 0.0475849 0.0223579 0.00834837 0.0022862 0.000431849 5.38296e-05 4.29335e-06
 5.1979e-11 4.30295e-09 2.10012e-07 6.04318e-06 0.000102529 0.00102584 0.0060598 0.0212634 0.0457353 0.0692328 0.102817 0.164254 0.203497 0.163245 0.0894864 0.0479791 0.0351987 0.0258351 0.0148434 0.0065474 0.00221403 0.000550023 9.47526e-05 1.07983e-05 7.88107e-07
 1.64228e-10 1.30297e-08 6.09481e-07 1.68083e-05 0.000273297 0.00262009 0.0148154 0.0494989 0.0986382 0.122949 0.116239 0.119487 0.133229 0.127034 0.100701 0.0647809 0.0312093 0.0118041 0.00437024 0.00166308 0.0005272 0.000120616 1.88404e-05 1.94351e-06 1.28784e-07
 2.65704e-10 2.01762e-08 9.0327e-07 2.38417e-05 0.000371022 0.00340435 0.0184237 0.0589076 0.112289 0.133569 0.119509 0.115486 0.122778 0.11421 0.0910673 0.0611939 0.0317419 0.0122431 0.00363658 0.000902286 0.000199937 3.7478e-05 5.20548e-06 4.86685e-07 2.92387e-08
 3.41809e-10 2.48096e-08 1.06168e-06 2.6786e-05 0.000398446 0.00349477 0.0180828 0.0553392 0.101529 0.119317 0.114179 0.123645 0.13556 0.123372 0.0951606 0.0618019 0.0313544 0.0121211 0.0036185 0.000831159 0.000145459 1.95459e-05 2.01421e-06 1.52365e-07 7.9059e-09
 5.87205e-10 4.06907e-08 1.66241e-06 4.00426e-05 0.00056866 0.00476174 0.0235205 0.0686887 0.120021 0.133087 0.117047 0.115892 0.121926 0.111325 0.0870096 0.0556498 0.0270091 0.00989288 0.00281969 0.000623366 0.000102848 1.21953e-05 1.01712e-06 5.90615e-08 2.36245e-09
 9.07591e-10 5.99755e-08 2.33666e-06 5.36733e-05 0.00072689 0.00580456 0.0273452 0.0762026 0.127378 0.136675 0.120006 0.119787 0.122263 0.105778 0.0780285 0.0474422 0.0220869 0.00778181 0.00211916 0.000443342 6.88366e-05 7.62816e-06 5.83102e-07 2.99311e-08 1.01255e-09
 1.34444e-09 8.46337e-08 3.14111e-06 6.87328e-05 0.000886738 0.0067457 0.0302778 0.0804413 0.12861 0.133901 0.118461 0.120995 0.123851 0.107407 0.0781016 0.0445747 0.0184867 0.00559813 0.00130971 0.000242897 3.4465e-05 3.53626e-06 2.50575e-07 1.18657e-08 3.66656e-10
 2.19305e-09 1.31382e-07 4.6405e-06 9.66347e-05 0.00118646 0.00858961 0.0366914 0.0927741 0.141178 0.139922 0.117919 0.115396 0.114957 0.098739 0.0711334 0.0396957 0.0159359 0.00460285 0.000992746 0.000162809 2.00227e-05 1.7944e-06 1.13254e-07 4.85743e-09 1.37179e-10
 2.82174e-09 1.60729e-07 5.39771e-06 0.000106873 0.00124763 0.00858913 0.0349071 0.084204 0.123906 0.125552 0.120835 0.132316 0.131357 0.107068 0.0724664 0.03807 0.014454 0.00396388 0.00081097 0.000124693 1.40529e-05 1.12485e-06 6.23199e-08 2.33739e-09 5.81162e-11
 4.51486e-09 2.44308e-07 7.79417e-06 0.000146604 0.00162584 0.0106329 0.0410485 0.0940232 0.131125 0.125024 0.1126 0.11957 0.122838 0.107905 0.0762732 0.0391779 0.0138422 0.00343217 0.000629229 8.74939e-05 9.03027e-06 6.64159e-07 3.35781e-08 1.13554e-09 2.51638e-11
 6.21781e-09 3.19382e-07 9.67214e-06 0.000172695 0.00181805 0.0112883 0.0414016 0.0904011 0.122153 0.119801 0.12028 0.134026 0.131597 0.107102 0.0705393 0.0343521 0.0116883 0.00280846 0.000492707 6.37279e-05 5.9678e-06 3.94413e-07 1.79549e-08 5.49535e-10 1.10492e-11
 9.11615e-09 4.44182e-07 1.276e-05 0.000216115 0.00215821 0.0127123 0.0442428 0.0917976 0.11863 0.113821 0.115386 0.130786 0.133071 0.113093 0.0749061 0.0350652 0.0111635 0.00248199 0.000403514 4.87313e-05 4.26912e-06 2.61767e-07 1.0908e-08 3.02161e-10 5.46767e-12
 1.53882e-08 7.10805e-07 1.93576e-05 0.000310812 0.00294253 0.0164313 0.0542171 0.106679 0.130858 0.119477 0.115602 0.125487 0.123091 0.10096 0.0641595 0.0287559 0.00879743 0.00188377 0.000292638 3.32194e-05 2.69804e-06 1.5252e-07 5.85576e-09 1.49341e-10 2.47998e-12
 2.25959e-08 9.88963e-07 2.55194e-05 0.000388247 0.00348287 0.0184317 0.0576853 0.108094 0.128585 0.120231 0.123434 0.133432 0.123988 0.0948436 0.0560129 0.02328 0.00657943 0.0012981 0.000186396 1.9704e-05 1.49656e-06 7.89103e-08 2.8073e-09 6.5924e-11 1.00414e-12
 2.89625e-08 1.20058e-06 2.93418e-05 0.000422801 0.00359254 0.0180136 0.0534962 0.0958209 0.112442 0.112487 0.127496 0.142776 0.134431 0.103721 0.0610444 0.0252906 0.00723648 0.00146207 0.000212067 2.18723e-05 1.56938e-06 7.68372e-08 2.52469e-09 5.47197e-11 7.688e-13
 4.80063e-08 1.88414e-06 4.35984e-05 0.000594813 0.00478523 0.0227163 0.0638531 0.108107 0.119219 0.11088 0.118814 0.132322 0.128388 0.100879 0.0583187 0.0232331 0.00638772 0.00125557 0.000179895 1.84732e-05 1.31427e-06 6.28711e-08 1.97896e-09 4.03436e-11 5.26275e-13
 7.97612e-08 2.96322e-06 6.49052e-05 0.000838205 0.00638329 0.0286883 0.0763894 0.122847 0.130049 0.118533 0.123213 0.127915 0.113541 0.0825148 0.045345 0.0176812 0.00487299 0.000967899 0.000138627 1.40014e-05 9.70608e-07 4.51178e-08 1.37792e-09 2.71478e-11 3.39821e-13
 1.02686e-07 3.61058e-06 7.48493e-05 0.00091488 0.00659505 0.0280737 0.0710114 0.109985 0.118228 0.120395 0.136921 0.141776 0.12085 0.0828976 0.0423712 0.0152165 0.00386139 0.000716239 9.80174e-05 9.62468e-06 6.51746e-07 2.94615e-08 8.68542e-10 1.64171e-11 1.96396e-13
 1.7131e-07 5.70047e-06 0.000111836 0.00129365 0.00882501 0.0355442 0.0849945 0.123933 0.123527 0.114608 0.12353 0.129793 0.115639 0.0806434 0.0401034 0.0136157 0.00321092 0.000546892 6.84022e-05 6.1707e-06 3.88478e-07 1.65336e-08 4.63067e-10 8.34909e-12 9.52667e-14
 2.53329e-07 7.97763e-06 0.000148118 0.0016215 0.0104698 0.0399347 0.0906672 0.126986 0.12657 0.123639 0.133493 0.129803 0.104426 0.0670238 0.0317089 0.0105479 0.00247978 0.000418823 5.05941e-05 4.27921e-06 2.47768e-07 9.63287e-09 2.46912e-10 4.09887e-12 4.33628e-14
 3.52129e-07 1.04948e-05 0.000184415 0.00191074 0.011678 0.0421853 0.0909389 0.122296 0.121435 0.123466 0.13641 0.133451 0.107295 0.0670361 0.0299996 0.00929954 0.00203826 0.000325151 3.76681e-05 3.07283e-06 1.70461e-07 6.26011e-09 1.49316e-10 2.28068e-12 2.2063e-14
 4.72561e-07 1.33307e-05 0.000221718 0.00217445 0.0125818 0.0430669 0.0883348 0.115038 0.116488 0.125895 0.142235 0.138521 0.109831 0.0665756 0.0285396 0.00843349 0.00175512 0.000263781 2.85673e-05 2.17466e-06 1.13012e-07 3.90729e-09 8.79209e-11 1.26435e-12 1.14555e-14
 7.16472e-07 1.91323e-05 0.000301224 0.00279652 0.0153184 0.0496513 0.0965398 0.1197 0.116823 0.123359 0.137362 0.133595 0.105689 0.062987 0.0263766 0.00765372 0.00157143 0.000231345 2.41219e-05 1.73672e-06 8.42973e-08 2.70435e-09 5.63585e-11 7.51356e-13 6.32446e-15
 9.99105e-07 2.52586e-05 0.0003765 0.00330943 0.0171683 0.052768 0.0978507 0.11839 0.119064 0.131341 0.143837 0.132767 0.0987151 0.0552364 0.0217898 0.00599665 0.00117822 0.000167267 1.68619e-05 1.16968e-06 5.42573e-08 1.64649e-09 3.21416e-11 3.98331e-13 3.10116e-15
 1.51236e-06 3.62025e-05 0.000510954 0.00425269 0.0208913 0.0608239 0.106984 0.123399 0.119778 0.129042 0.139407 0.127985 0.0933045 0.0497491 0.018272 0.00461547 0.000828245 0.000107976 1.0111e-05 6.58469e-07 2.88591e-08 8.2918e-10 1.53073e-11 1.78794e-13 1.30598e-15
#spawning biomass
 8370.52 9227.88 7340.15 7325.35 10363.1 17111.8 23183.6 28847.2 38812.1 50366.7 57780.4 77131.1 100156 109297 111717 110637 111452 106581 97809.4 104139 92643.2 96886.6 102977 94209.2 115998 106508 113216 104429 121134 208703 368983 399856 380349 335311 283312 234822 194265 162510 138711 121409 109104 100494 94540.1 90429 87586.8 85700.5 84448.6 83617.8 83066.4 82700.4 82457.5 82296.3 82189.4 82118.4 82071.2 82040 82019.2 82005.4 81996.3 81990.2 81986.2 81983.5 81981.7 81980.6 81979.8 81979.3 81978.9 81978.7 81978.5 81978.4 81978.4 81978.3 81978.3 81978.3 81978.3 81978.3 81978.3 81978.2 81978.2 81978.2 81978.2 81978.2 81978.2 81978.2 81978.2 81978.2 81978.2 81978.2 81978.2 81978.2 81978.2 81978.2 81978.2 81978.2 81978.2 81978.2 81978.2 81978.2 81978.2 81978.2 81978.2 81978.2 81978.2 81978.2 81978.2 81978.2 81978.2 81978.2 81978.2 81978.2 81978.2 81978.2 81978.2 81978.2 81978.2 81978.2 81978.2 81978.2 81978.2 81978.2 81978.2 81978.2 81978.2 81978.2 81978.2 81978.2 81978.2 81978.2 81978.2 0 0 0 0 0 0 0 0 0 0 0 0 0 0 0 0 0 0 0 0 0 0 0 0 0
