SBPRF35
0.175648
Curr Bio
170996
B35
211552
F35
0.676832
FOFL
0.606354
OFL
60063.8
Bzero
50185.1
#pred survey bio
 2566.37 3097.32 4818.01 6891.47 11221.6 17807 30742.7 42458.1 59780.1 81052.8 97370.5 127926 146621 148912 150846 133708 126153 148986 137690 126382 114468 134430 141334 163932 184421 154337 170942 168400 6.58127e+06 4.42826e+06 2.61736e+06 1.50916e+06 945074 677681 551596 489917 457981 440484 430467 424564 421029 418892 417591 416791 416315 416030 415860 415757 415696 415659 415637 415623 415615 415611 415608 415606 415605 415604 415604 415604 415603 415603 415603 415603 415603 415603 415603 415603 415603 415603 415603 415603 415603 415603 415603 415603 415603 415603 415603 415603 415603 415603 415603 415603 415603 415603 415603 415603 415603 415603 415603 415603 415603 415603 415603 415603 415603 415603 415603 415603 415603 415603 415603 415603 415603 415603 415603 415603 415603 415603 415603 415603 415603 415603 415603 415603 415603 415603 415603 415603 415603 415603 415603 415603 415603 415603 415603 415603 0 0 0 0 0 0 0 0 0 0 0 0 0 0 0 0 0 0 0 0 0 0 0 0 0
#obs survey bio
 2297.57 4238.95 6714.44 8032.91 10411.1 22971.7 39506.4 48644.8 62450.9 65734.3 114490 110039 183535 185247 167636 118923 124639 146747 132978 118805 104720 149601 138488 137701 129518 182150 214547 151234
#pred catch bio
 1262.9 1415.34 2424.52 3200.28 5980.35 8698.82 18122.4 24225 34863.2 50933.5 53629.8 76258.7 96043.5 97355.7 106447 94027 80485.9 111594 103071 99429.6 81370.5 99288.7 98950.2 114330 150573 112818 132438 116070 60063.8 79714.7 42802.6 21998.4 12510 8675.95 7241.77 6732.69 6558.55 6500.57 6481.64 6475.55 6473.62 6473.01 6472.82 6472.76 6472.74 6472.73 6472.73 6472.73 6472.73 6472.73 6472.73 6472.73 6472.73 6472.73 6472.73 6472.73 6472.73 6472.73 6472.73 6472.73 6472.73 6472.73 6472.73 6472.73 6472.73 6472.73 6472.73 6472.73 6472.73 6472.73 6472.73 6472.73 6472.73 6472.73 6472.73 6472.73 6472.73 6472.73 6472.73 6472.73 6472.73 6472.73 6472.73 6472.73 6472.73 6472.73 6472.73 6472.73 6472.73 6472.73 6472.73 6472.73 6472.73 6472.73 6472.73 6472.73 6472.73 6472.73 6472.73 6472.73 6472.73 6472.73 6472.73 6472.73 6472.73 6472.73 6472.73 6472.73 6472.73 6472.73 6472.73 6472.73 6472.73 6472.73 6472.73 6472.73 6472.73 6472.73 6472.73 6472.73 6472.73 6472.73 6472.73 6472.73 6472.73 6472.73 6472.73 6472.73 0 0 0 0 0 0 0 0 0 0 0 0 0 0 0 0 0 0 0 0 0 0 0 0 0
#obs catch bio
 905.374 1371.1 2186.83 3039.38 5817.41 8431.19 17632.6 22356.9 33853.3 50520.1 48005.7 71434.4 90429.5 93561.4 101870 95723.8 75755 117607 102665 103865 79173 89307.9 87545.3 109070 142492 100977 117582 113807
#pred cpue bio
 2292.33 2524.68 4042.98 5699.53 9208.76 14367.2 24996.8 34812.6 48941.7 66668.9 80512.2 107073 123237 124565 126945 112205 104552 122385 113445 104089 92086.5 108610 115078 132470 151300 124276 138394 135885 5.44326e+06 4.3947e+06 2.58381e+06 1.4756e+06 911518 644125 518040 456360 424425 406928 396911 391008 387472 385336 384035 383235 382759 382474 382303 382201 382140 382103 382081 382067 382059 382054 382051 382050 382049 382048 382048 382047 382047 382047 382047 382047 382047 382047 382047 382047 382047 382047 382047 382047 382047 382047 382047 382047 382047 382047 382047 382047 382047 382047 382047 382047 382047 382047 382047 382047 382047 382047 382047 382047 382047 382047 382047 382047 382047 382047 382047 382047 382047 382047 382047 382047 382047 382047 382047 382047 382047 382047 382047 382047 382047 382047 382047 382047 382047 382047 382047 382047 382047 382047 382047 382047 382047 382047 382047 382047 0 0 0 0 0 0 0 0 0 0 0 0 0 0 0 0 0 0 0 0 0 0 0 0 0
#obs cpue bio
 1307 2489.43 6050.34 4246.33 11132.8 11391 24246.2 45709.9 43543.3 87251.8 134024 135251 127520 108010 140893 104188 146220 90444.5 126096 92119.7 115718 177753 187062 158725 301805 169452 182072 142510
#pred surv len freq
 1.41958e-11 1.5415e-09 9.86882e-08 3.72499e-06 8.28942e-05 0.0010876 0.00841389 0.0383946 0.10355 0.166715 0.168082 0.127426 0.100826 0.0834442 0.0595092 0.0393047 0.0268873 0.0189077 0.0138036 0.0106428 0.00880369 0.0078804 0.00716969 0.00569206 0.00337289
 1.74019e-11 1.88963e-09 1.20976e-07 4.56624e-06 0.000101615 0.00133322 0.0103137 0.047056 0.126804 0.203291 0.200885 0.141459 0.0977392 0.0719905 0.0444842 0.0229388 0.0119584 0.0067911 0.0041196 0.00266671 0.00187321 0.00146231 0.00122235 0.000943138 0.000562349
 1.54727e-11 1.68015e-09 1.07565e-07 4.06003e-06 9.03502e-05 0.00118543 0.00917085 0.0418522 0.112922 0.18218 0.185426 0.144964 0.118851 0.0956353 0.0584871 0.0274009 0.0118146 0.00513443 0.00226919 0.00108999 0.000592335 0.00037031 0.000263726 0.000187773 0.000109092
 1.62191e-11 1.7612e-09 1.12753e-07 4.25588e-06 9.47084e-05 0.00124261 0.00961299 0.0438652 0.118288 0.190309 0.191229 0.143146 0.110145 0.0867608 0.0548433 0.0280895 0.0132687 0.00569264 0.00213789 0.000755546 0.000277826 0.00011804 6.20745e-05 3.70527e-05 1.99437e-05
 1.65474e-11 1.79685e-09 1.15036e-07 4.34203e-06 9.66257e-05 0.00126776 0.00980752 0.0447515 0.12066 0.193982 0.194237 0.143588 0.108152 0.0838666 0.0522151 0.0261722 0.0123164 0.00552768 0.00222407 0.000784942 0.000241757 6.93963e-05 2.19978e-05 8.84927e-06 3.91919e-06
 1.71813e-11 1.86568e-09 1.19443e-07 4.50836e-06 0.000100327 0.00131632 0.0101831 0.0464629 0.125243 0.201089 0.200132 0.1447 0.104778 0.0788938 0.0477225 0.0226544 0.00993061 0.00424051 0.00168036 0.000607379 0.000193429 5.23524e-05 1.22993e-05 2.87683e-06 7.95978e-07
 1.68316e-11 1.82771e-09 1.17012e-07 4.41661e-06 9.82853e-05 0.00128954 0.00997594 0.0455194 0.122723 0.197233 0.197185 0.144932 0.10796 0.0826336 0.0501278 0.0236638 0.0101779 0.00417158 0.00155321 0.000529543 0.000164383 4.46861e-05 1.02229e-05 1.94763e-06 3.33472e-07
 1.6409e-11 1.78182e-09 1.14074e-07 4.30571e-06 9.58174e-05 0.00125716 0.00972557 0.0443794 0.119682 0.192611 0.193814 0.145736 0.112587 0.0876153 0.0526809 0.024033 0.00983949 0.00388835 0.00140839 0.00046128 0.000135268 3.48219e-05 7.70686e-06 1.4156e-06 2.09949e-07
 1.6516e-11 1.79344e-09 1.14818e-07 4.33379e-06 9.64423e-05 0.00126536 0.00978896 0.0446678 0.120448 0.193747 0.194505 0.145086 0.110745 0.0859449 0.0523089 0.0246461 0.010484 0.00416936 0.00146434 0.000458958 0.000129119 3.17424e-05 6.6524e-06 1.15948e-06 1.63066e-07
 1.62927e-11 1.76919e-09 1.13265e-07 4.27519e-06 9.51383e-05 0.00124825 0.00965666 0.0440653 0.11884 0.191295 0.192677 0.145378 0.112974 0.0883868 0.0536019 0.0249269 0.0104768 0.00420227 0.00151537 0.000482874 0.000133827 3.16391e-05 6.32274e-06 1.04678e-06 1.39378e-07
 1.6025e-11 1.74012e-09 1.11404e-07 4.20495e-06 9.35751e-05 0.00122774 0.00949808 0.0433432 0.116913 0.188361 0.190505 0.145786 0.115754 0.0914454 0.0552678 0.0252985 0.010367 0.00406373 0.00144391 0.000459984 0.000129356 3.09317e-05 6.11297e-06 9.77549e-07 1.24104e-07
 1.55363e-11 1.68706e-09 1.08007e-07 4.07673e-06 9.07218e-05 0.00119031 0.00920854 0.0420236 0.113377 0.182848 0.185804 0.1445 0.117717 0.0949193 0.0590607 0.0287396 0.0127191 0.0051854 0.00183595 0.000572805 0.000158359 3.77202e-05 7.50574e-06 1.20501e-06 1.51044e-07
 1.53346e-11 1.66515e-09 1.06604e-07 4.02379e-06 8.95436e-05 0.00117485 0.00908901 0.0414792 0.111922 0.18062 0.18409 0.144593 0.119454 0.0968776 0.0601496 0.0290958 0.0129311 0.00545462 0.00205306 0.000676412 0.000190537 4.49765e-05 8.82515e-06 1.40869e-06 1.76766e-07
 1.55211e-11 1.68541e-09 1.07901e-07 4.07274e-06 9.0633e-05 0.00118914 0.00919956 0.0419831 0.113275 0.182741 0.185964 0.145302 0.119044 0.095804 0.0586711 0.0275225 0.0117374 0.00481892 0.00180711 0.000610004 0.000180358 4.47243e-05 9.00671e-06 1.43944e-06 1.7913e-07
 1.52036e-11 1.65093e-09 1.05694e-07 3.98942e-06 8.87789e-05 0.00116482 0.00901145 0.0411264 0.110987 0.179241 0.183297 0.145536 0.121964 0.0992017 0.060801 0.0283633 0.0119278 0.00477539 0.00172772 0.000564614 0.000165312 4.17899e-05 8.75899e-06 1.45885e-06 1.86218e-07
 1.53049e-11 1.66193e-09 1.06398e-07 4.016e-06 8.93704e-05 0.00117258 0.00907148 0.0414001 0.111722 0.180405 0.184373 0.146081 0.121986 0.0987889 0.0599519 0.027314 0.0111027 0.00433018 0.00153638 0.000489637 0.000138734 3.4067e-05 7.0743e-06 1.19734e-06 1.57897e-07
 1.59011e-11 1.72667e-09 1.10543e-07 4.17244e-06 9.28517e-05 0.00121825 0.00942469 0.043009 0.116022 0.187004 0.189507 0.145994 0.117074 0.0929026 0.0560773 0.0254889 0.0102967 0.00395102 0.00136306 0.000420704 0.000115862 2.765e-05 5.56862e-06 9.20215e-07 1.20582e-07
 1.63376e-11 1.77407e-09 1.13577e-07 4.28698e-06 9.54006e-05 0.00125169 0.00968328 0.0441866 0.119165 0.191801 0.193103 0.145482 0.112786 0.0881083 0.0533681 0.0247278 0.010272 0.00401105 0.00138566 0.000422284 0.000113422 2.6218e-05 5.1116e-06 8.18826e-07 1.04326e-07
 1.60697e-11 1.74498e-09 1.11715e-07 4.21668e-06 9.38362e-05 0.00123117 0.00952461 0.0434649 0.117251 0.18898 0.191481 0.147407 0.117874 0.0926931 0.0543813 0.022966 0.00828542 0.00294636 0.00100074 0.000308963 8.35482e-05 1.91334e-05 3.64487e-06 5.66045e-07 6.97965e-08
 1.60902e-11 1.7472e-09 1.11857e-07 4.22206e-06 9.39559e-05 0.00123274 0.00953675 0.0435202 0.117397 0.189192 0.191588 0.147216 0.117438 0.0923825 0.0544893 0.0233098 0.00847805 0.00290259 0.000891924 0.000245915 6.25201e-05 1.41568e-05 2.7004e-06 4.1583e-07 5.01996e-08
 1.70778e-11 1.85445e-09 1.18723e-07 4.48122e-06 9.9723e-05 0.0013084 0.0101219 0.0461855 0.124521 0.200141 0.200174 0.147293 0.109617 0.0827773 0.0478257 0.0198434 0.00688206 0.00227562 0.000690332 0.000185102 4.36776e-05 8.95309e-06 1.58555e-06 2.36576e-07 2.82794e-08
 1.69164e-11 1.83692e-09 1.17601e-07 4.43886e-06 9.87804e-05 0.00129603 0.0100262 0.0457497 0.123355 0.198337 0.198705 0.1471 0.110625 0.0841834 0.0490287 0.020697 0.00736591 0.00245778 0.000728939 0.000188182 4.29683e-05 8.47991e-06 1.40586e-06 1.92559e-07 2.14189e-08
 1.65709e-11 1.7994e-09 1.15199e-07 4.3482e-06 9.67628e-05 0.00126957 0.00982155 0.0448176 0.120866 0.194536 0.195835 0.147442 0.113921 0.087904 0.0511787 0.0213719 0.00747227 0.00247419 0.000741393 0.000193817 4.39519e-05 8.43025e-06 1.34502e-06 1.75748e-07 1.83412e-08
 1.69426e-11 1.83977e-09 1.17784e-07 4.44574e-06 9.89335e-05 0.00129804 0.0100418 0.0458202 0.12354 0.198593 0.198764 0.146638 0.10971 0.0834568 0.0490414 0.0212503 0.00790275 0.0027373 0.000827624 0.000215078 4.87795e-05 9.40896e-06 1.49525e-06 1.91112e-07 1.92157e-08
 1.62705e-11 1.76679e-09 1.13111e-07 4.26939e-06 9.50091e-05 0.00124656 0.0096436 0.0440068 0.118697 0.191183 0.193117 0.147123 0.115842 0.0905006 0.0532801 0.0227985 0.00833421 0.00289846 0.000909055 0.000248147 5.80472e-05 1.12861e-05 1.79439e-06 2.29434e-07 2.29376e-08
 1.70062e-11 1.84667e-09 1.18225e-07 4.46242e-06 9.93047e-05 0.00130291 0.0100794 0.0459925 0.124009 0.199383 0.199723 0.14776 0.110905 0.0839525 0.0481109 0.0194326 0.00640766 0.00202384 0.000603691 0.000162704 3.87955e-05 7.83731e-06 1.2898e-06 1.67887e-07 1.68725e-08
 1.68147e-11 1.82588e-09 1.16895e-07 4.41218e-06 9.81868e-05 0.00128825 0.00996602 0.0454756 0.122624 0.197227 0.1979 0.147309 0.111765 0.0854093 0.0496588 0.0207815 0.00725763 0.00235447 0.000671454 0.000165374 3.65012e-05 7.13146e-06 1.1801e-06 1.57901e-07 1.63613e-08
 1.69309e-11 1.8385e-09 1.17702e-07 4.44267e-06 9.88653e-05 0.00129715 0.0100349 0.0457893 0.123465 0.198537 0.199014 0.147604 0.111275 0.0845457 0.0487093 0.0199341 0.00672001 0.00214505 0.000625463 0.000158888 3.47183e-05 6.37849e-06 9.80525e-07 1.25404e-07 1.28964e-08
#obs surv len freq
 1.77724e-11 1.92987e-09 1.23552e-07 4.66347e-06 0.000103779 0.00136161 0.0105332 0.048056 0.129471 0.207323 0.203609 0.139866 0.0924788 0.0684465 0.0465125 0.0276118 0.0147041 0.0066418 0.00241373 0.000686958 0.00014867 2.37615e-05 2.73035e-06 2.19284e-07 1.19657e-08
 1.59638e-11 1.73348e-09 1.10979e-07 4.18891e-06 9.32183e-05 0.00122307 0.0094621 0.0431827 0.116518 0.187938 0.190662 0.146379 0.115489 0.0906024 0.0555812 0.0263364 0.0108443 0.0040105 0.00126761 0.000328961 6.70733e-05 1.01935e-05 1.10487e-06 8.26706e-08 4.16372e-09
 1.64902e-11 1.79065e-09 1.14639e-07 4.32704e-06 9.62923e-05 0.0012634 0.00977402 0.0446036 0.12031 0.193677 0.19457 0.144123 0.107458 0.0832474 0.0540907 0.0285396 0.0125204 0.00431955 0.00112784 0.000230202 3.8042e-05 4.97916e-06 4.86975e-07 3.36449e-08 1.57429e-09
 1.6449e-11 1.78617e-09 1.14352e-07 4.31623e-06 9.60519e-05 0.00126025 0.00974986 0.0444972 0.120067 0.193567 0.195471 0.146632 0.110221 0.0838984 0.0522745 0.0261093 0.0110572 0.00383489 0.0010225 0.000204039 3.00841e-05 3.24784e-06 2.56184e-07 1.46429e-08 5.90627e-10
 1.66039e-11 1.80299e-09 1.15429e-07 4.35687e-06 9.69564e-05 0.00127212 0.0098418 0.0449186 0.121219 0.19548 0.197397 0.14743 0.10921 0.0819081 0.050773 0.0253003 0.0105314 0.00351871 0.000897748 0.0001729 2.48243e-05 2.57629e-06 1.87336e-07 9.35355e-09 3.16934e-10
 1.65963e-11 1.80216e-09 1.15376e-07 4.35487e-06 9.69119e-05 0.00127154 0.00983756 0.0449031 0.121217 0.195709 0.198351 0.14917 0.11055 0.0817462 0.0495225 0.0239453 0.00963279 0.00311269 0.000766565 0.000141351 1.92639e-05 1.89179e-06 1.30201e-07 6.12771e-09 1.9291e-10
 1.62259e-11 1.76194e-09 1.12801e-07 4.25769e-06 9.47495e-05 0.00124318 0.00961852 0.0439103 0.118614 0.191993 0.196342 0.151047 0.114641 0.084865 0.0507012 0.0239496 0.00930191 0.00287151 0.000670448 0.000116648 1.49701e-05 1.38229e-06 8.92097e-08 3.92589e-09 1.15351e-10
 1.62147e-11 1.76073e-09 1.12723e-07 4.25475e-06 9.46842e-05 0.00124233 0.00961217 0.0438851 0.11858 0.192103 0.196817 0.151514 0.114267 0.0840443 0.0505056 0.024216 0.00945789 0.00288022 0.000653017 0.000108881 1.32314e-05 1.14639e-06 6.90397e-08 2.82673e-09 7.71409e-11
 1.55725e-11 1.691e-09 1.08259e-07 4.08625e-06 9.09349e-05 0.00119316 0.00923234 0.0421625 0.11405 0.185548 0.192912 0.153955 0.120636 0.089346 0.0529562 0.0248501 0.0094843 0.0028321 0.000631112 0.000102927 1.20909e-05 9.98941e-07 5.66921e-08 2.16779e-09 5.49092e-11
 1.54813e-11 1.68109e-09 1.07625e-07 4.06231e-06 9.04023e-05 0.00118618 0.00917873 0.0419236 0.113458 0.184849 0.192854 0.154533 0.120851 0.0892539 0.0533034 0.0253241 0.00965221 0.00282227 0.000608579 9.5633e-05 1.08133e-05 8.58436e-07 4.65956e-08 1.69167e-09 4.03467e-11
 1.51869e-11 1.64912e-09 1.05578e-07 3.98506e-06 8.86836e-05 0.00116365 0.00900492 0.0411389 0.111422 0.182011 0.191334 0.155503 0.122821 0.0908441 0.0545633 0.0262402 0.0101166 0.00298431 0.000647059 0.000101212 1.1212e-05 8.59455e-07 4.46226e-08 1.54121e-09 3.48371e-11
 1.43626e-11 1.55961e-09 9.98477e-08 3.76878e-06 8.38713e-05 0.00110054 0.00851761 0.038931 0.105627 0.173632 0.186186 0.157916 0.129904 0.0972672 0.0583465 0.0279151 0.0106658 0.00311556 0.000670258 0.00010405 1.1397e-05 8.57708e-07 4.33113e-08 1.44009e-09 3.1045e-11
 1.39778e-11 1.51782e-09 9.71726e-08 3.66782e-06 8.1625e-05 0.0010711 0.00829054 0.0379061 0.102965 0.169882 0.18398 0.15873 0.132243 0.0997507 0.0605905 0.0293285 0.0111779 0.00321094 0.000674414 0.000101939 1.08609e-05 7.94423e-07 3.89209e-08 1.2514e-09 2.5964e-11
 1.39749e-11 1.51751e-09 9.71523e-08 3.66706e-06 8.16087e-05 0.00107091 0.00828985 0.0379139 0.103078 0.170487 0.185577 0.160737 0.132957 0.09874 0.0589636 0.0280092 0.0104537 0.00293725 0.000601676 8.81502e-05 9.04074e-06 6.33438e-07 2.96509e-08 9.09795e-10 1.79996e-11
 1.33031e-11 1.44456e-09 9.24824e-08 3.49081e-06 7.76877e-05 0.00101952 0.00789366 0.0361282 0.0984693 0.164189 0.182757 0.164605 0.139856 0.103503 0.0604699 0.0277869 0.00995792 0.00267777 0.000524377 7.34041e-05 7.18691e-06 4.79787e-07 2.13356e-08 6.19923e-10 1.1583e-11
 1.33766e-11 1.45255e-09 9.29938e-08 3.51012e-06 7.81181e-05 0.00102519 0.00793819 0.0363391 0.0990846 0.165276 0.183607 0.163828 0.137632 0.102252 0.0609559 0.0285171 0.0102003 0.00268229 0.000506451 6.77102e-05 6.2921e-06 3.97189e-07 1.66644e-08 4.561e-10 8.01504e-12
 1.42273e-11 1.54492e-09 9.89075e-08 3.73334e-06 8.30862e-05 0.0010904 0.00844302 0.0386456 0.105294 0.174977 0.191513 0.164371 0.131031 0.093543 0.054343 0.0249929 0.00885589 0.00231725 0.000433716 5.67838e-05 5.08967e-06 3.0594e-07 1.2115e-08 3.11238e-10 5.11719e-12
 1.39293e-11 1.51256e-09 9.68362e-08 3.65519e-06 8.13489e-05 0.00106769 0.0082694 0.0378838 0.103499 0.173364 0.19343 0.170632 0.136652 0.0938865 0.0507668 0.0214123 0.00699481 0.00171109 0.000303287 3.7954e-05 3.2663e-06 1.8834e-07 7.11792e-09 1.73303e-10 2.68194e-12
 1.33213e-11 1.44654e-09 9.26096e-08 3.49568e-06 7.78011e-05 0.00102121 0.00791154 0.0362738 0.0993392 0.167504 0.189799 0.171567 0.140617 0.0986939 0.0545653 0.0231899 0.00739962 0.00171744 0.000284176 3.30699e-05 2.65606e-06 1.43759e-07 5.12321e-09 1.1788e-10 1.72365e-12
 1.40464e-11 1.52528e-09 9.76505e-08 3.68597e-06 8.20365e-05 0.00107681 0.00834211 0.0382402 0.104609 0.175533 0.195561 0.170171 0.133591 0.0917412 0.050632 0.0216239 0.00691217 0.00159293 0.000257752 2.87514e-05 2.1726e-06 1.09302e-07 3.6029e-09 7.66859e-11 1.03984e-12
 1.52036e-11 1.65094e-09 1.05696e-07 3.98966e-06 8.8796e-05 0.00116554 0.00902922 0.0413806 0.113068 0.188771 0.206522 0.171534 0.12531 0.0797574 0.0408618 0.0162931 0.00493142 0.00109178 0.000171019 1.84637e-05 1.34205e-06 6.43138e-08 1.99749e-09 3.96659e-11 4.98119e-13
 1.45901e-11 1.58432e-09 1.01431e-07 3.82876e-06 8.52193e-05 0.00111876 0.00867083 0.0397915 0.109143 0.184097 0.206135 0.17715 0.131684 0.0821383 0.0399813 0.0148555 0.00415638 0.000851199 0.000124027 1.2554e-05 8.61754e-07 3.91663e-08 1.15421e-09 2.16896e-11 2.56565e-13
 1.42947e-11 1.55225e-09 9.93785e-08 3.75132e-06 8.3499e-05 0.0010963 0.00849922 0.0390337 0.107264 0.18168 0.204954 0.177768 0.133308 0.0841629 0.0415392 0.0154494 0.00421494 0.000819888 0.000111406 1.0417e-05 6.59137e-07 2.76801e-08 7.56864e-10 1.32509e-11 1.46472e-13
 1.3955e-11 1.51536e-09 9.70179e-08 3.66229e-06 8.15222e-05 0.00107052 0.00830306 0.0381774 0.105222 0.179443 0.205018 0.180359 0.135736 0.0849825 0.0414211 0.0152038 0.00408738 0.000779154 0.000102559 9.141e-06 5.42439e-07 2.11002e-08 5.30582e-10 8.51951e-12 8.63956e-14
 1.34874e-11 1.46459e-09 9.37683e-08 3.53973e-06 7.88007e-05 0.00103502 0.00803249 0.0369911 0.102353 0.176138 0.204688 0.183717 0.139443 0.0866395 0.0414399 0.0147948 0.00384279 0.00070524 8.92076e-05 7.62125e-06 4.31453e-07 1.5899e-08 3.75572e-10 5.61784e-12 5.26906e-14
 1.48665e-11 1.61435e-09 1.03356e-07 3.90164e-06 8.6855e-05 0.00114068 0.00884898 0.0406945 0.112083 0.190182 0.213136 0.179171 0.12701 0.0757939 0.0355724 0.0124834 0.00316005 0.000559859 6.78534e-05 5.52366e-06 2.96799e-07 1.03505e-08 2.30785e-10 3.24887e-12 2.85791e-14
 1.32464e-11 1.43844e-09 9.20968e-08 3.4769e-06 7.74173e-05 0.00101736 0.00790534 0.036515 0.101722 0.177396 0.210037 0.189991 0.140586 0.0825136 0.0366683 0.0121016 0.00290909 0.000494257 5.75895e-05 4.49054e-06 2.29716e-07 7.58273e-09 1.59309e-10 2.10629e-12 1.73605e-14
 1.38306e-11 1.50188e-09 9.61592e-08 3.63031e-06 8.0835e-05 0.00106229 0.00825394 0.0381068 0.105937 0.183474 0.213444 0.187556 0.135279 0.0784558 0.0344432 0.0109899 0.00248042 0.000387709 4.13204e-05 2.96089e-06 1.40332e-07 4.31998e-09 8.49176e-11 1.05095e-12 8.09971e-15
#pred catch len freq
 1.27404e-11 1.38346e-09 8.85704e-08 3.34309e-06 7.43958e-05 0.000976108 0.00755157 0.0344653 0.0930312 0.15041 0.154616 0.125035 0.108635 0.094205 0.0679603 0.0449733 0.0307713 0.0216392 0.0157978 0.0121804 0.0100756 0.00901888 0.00820549 0.00651438 0.00386017
 1.60984e-11 1.7481e-09 1.11915e-07 4.22422e-06 9.40039e-05 0.00123337 0.00954145 0.0435381 0.117398 0.188813 0.189421 0.140981 0.107412 0.0839529 0.0527346 0.0272794 0.0142274 0.00807993 0.00490143 0.00317281 0.00222871 0.00173984 0.00145433 0.00112213 0.000669073
 1.41767e-11 1.53942e-09 9.85553e-08 3.71997e-06 8.27828e-05 0.00108615 0.00840307 0.0383549 0.103577 0.167833 0.17425 0.145109 0.129469 0.108404 0.0669539 0.0314275 0.0135546 0.00589079 0.00260348 0.00125056 0.000679594 0.000424862 0.000302577 0.000215434 0.000125163
 1.48284e-11 1.61019e-09 1.03086e-07 3.89098e-06 8.65883e-05 0.00113608 0.00878912 0.0401122 0.108257 0.174891 0.179127 0.143002 0.121091 0.100199 0.0641416 0.0329297 0.0155601 0.00667591 0.00250716 0.000886051 0.000325815 0.000138429 7.27966e-05 4.34527e-05 2.33886e-05
 1.54564e-11 1.67838e-09 1.07451e-07 4.05575e-06 9.0255e-05 0.00118418 0.00916116 0.0418072 0.112791 0.181889 0.184764 0.143533 0.116823 0.0944494 0.0594489 0.0298602 0.0140561 0.0063086 0.00253828 0.000895836 0.000275911 7.92003e-05 2.51056e-05 1.00995e-05 4.47288e-06
 1.59814e-11 1.73538e-09 1.11101e-07 4.19351e-06 9.33204e-05 0.0012244 0.00947221 0.0432248 0.11659 0.187804 0.189779 0.144822 0.114597 0.0907317 0.0556292 0.0264777 0.0116111 0.00495829 0.00196479 0.00071019 0.000226171 6.12141e-05 1.43812e-05 3.36379e-06 9.30713e-07
 1.59964e-11 1.73702e-09 1.11205e-07 4.19745e-06 9.34082e-05 0.00122555 0.00948112 0.0432655 0.1167 0.187987 0.189987 0.14504 0.114831 0.0909062 0.0556428 0.0263133 0.0113204 0.00463998 0.00172761 0.000589003 0.00018284 4.97036e-05 1.13708e-05 2.16632e-06 3.70916e-07
 1.54644e-11 1.67925e-09 1.07507e-07 4.05786e-06 9.03019e-05 0.0011848 0.00916598 0.0418305 0.112872 0.182162 0.185707 0.145947 0.120495 0.0970664 0.0588893 0.0269126 0.0110215 0.00435556 0.00157762 0.000516706 0.000151521 3.9006e-05 8.63289e-06 1.58569e-06 2.35176e-07
 1.56315e-11 1.69739e-09 1.08669e-07 4.10169e-06 9.12774e-05 0.0011976 0.00926493 0.0422809 0.11407 0.183957 0.186887 0.145212 0.118043 0.0947271 0.0581606 0.0274499 0.0116797 0.00464497 0.00163139 0.000511313 0.000143849 3.53635e-05 7.41127e-06 1.29174e-06 1.81667e-07
 1.55885e-11 1.69272e-09 1.08369e-07 4.09041e-06 9.10262e-05 0.0011943 0.00923945 0.042165 0.113762 0.183502 0.186619 0.145501 0.118819 0.0953986 0.0582445 0.0271215 0.0114015 0.00457324 0.00164915 0.000525502 0.000145641 3.44321e-05 6.8809e-06 1.13919e-06 1.51682e-07
 1.49692e-11 1.62548e-09 1.04065e-07 3.92792e-06 8.74103e-05 0.00114686 0.00887261 0.0404942 0.109301 0.176681 0.181441 0.146018 0.124587 0.102008 0.0622152 0.0285293 0.0116941 0.00458408 0.0016288 0.000518884 0.00014592 3.48924e-05 6.89572e-06 1.10272e-06 1.39996e-07
 1.46435e-11 1.59011e-09 1.018e-07 3.84246e-06 8.55085e-05 0.00112191 0.00867961 0.0396143 0.106938 0.17296 0.178087 0.144553 0.124969 0.103707 0.0649948 0.0316706 0.014019 0.00571547 0.00202363 0.00063136 0.000174548 4.15762e-05 8.27302e-06 1.32819e-06 1.66484e-07
 1.47051e-11 1.59679e-09 1.02228e-07 3.8586e-06 8.58678e-05 0.00112663 0.00871606 0.0397804 0.107383 0.173649 0.178652 0.144636 0.124574 0.103072 0.0643159 0.0311409 0.0138419 0.0058389 0.0021977 0.000724066 0.000203961 4.81451e-05 9.44689e-06 1.50793e-06 1.8922e-07
 1.48942e-11 1.61733e-09 1.03543e-07 3.90823e-06 8.69721e-05 0.00114111 0.00882813 0.0402913 0.108754 0.175802 0.180566 0.145397 0.124223 0.102027 0.062803 0.02949 0.0125783 0.00516425 0.00193661 0.000653718 0.000193282 4.79293e-05 9.65214e-06 1.54259e-06 1.91967e-07
 1.4821e-11 1.60938e-09 1.03034e-07 3.88902e-06 8.65446e-05 0.00113551 0.00878476 0.0400938 0.108228 0.175007 0.180006 0.145602 0.125137 0.10301 0.0633244 0.0295575 0.0124311 0.00497693 0.00180064 0.000588444 0.000172289 4.35536e-05 9.12866e-06 1.52042e-06 1.94077e-07
 1.4913e-11 1.61937e-09 1.03674e-07 3.91317e-06 8.70821e-05 0.00114256 0.00883931 0.0403426 0.108897 0.17607 0.18101 0.146173 0.125274 0.102716 0.0625283 0.0285051 0.0115879 0.00451946 0.00160354 0.000511041 0.000144798 3.55561e-05 7.38353e-06 1.24968e-06 1.64799e-07
 1.52195e-11 1.65266e-09 1.05805e-07 3.99359e-06 8.88718e-05 0.00116604 0.00902089 0.0411697 0.111107 0.179465 0.18366 0.146159 0.122799 0.0997393 0.0605621 0.0275593 0.0111351 0.0042728 0.00147407 0.000454968 0.000125298 2.99019e-05 6.02215e-06 9.95161e-07 1.30402e-07
 1.61951e-11 1.7586e-09 1.12587e-07 4.2496e-06 9.45686e-05 0.00124078 0.00959887 0.0438022 0.118138 0.190225 0.191878 0.145509 0.113972 0.0895299 0.0543085 0.0251707 0.0104565 0.00408309 0.00141055 0.000429869 0.000115459 2.66889e-05 5.20341e-06 8.33533e-07 1.06199e-07
 1.5922e-11 1.72894e-09 1.10688e-07 4.17793e-06 9.29738e-05 0.00121986 0.00943712 0.0430664 0.116186 0.187348 0.190223 0.147468 0.119155 0.0942011 0.0553425 0.0233784 0.0084346 0.00299942 0.00101877 0.000314528 8.50529e-05 1.9478e-05 3.71051e-06 5.76239e-07 7.10535e-08
 1.61344e-11 1.752e-09 1.12165e-07 4.23367e-06 9.42142e-05 0.00123613 0.00956295 0.0436395 0.117716 0.189681 0.191965 0.147199 0.117056 0.0919315 0.0542002 0.0231842 0.00843222 0.0028869 0.000887101 0.000244585 6.2182e-05 1.40803e-05 2.6858e-06 4.13582e-07 4.99282e-08
 1.67771e-11 1.82179e-09 1.16633e-07 4.4023e-06 9.79669e-05 0.00128536 0.00994371 0.045374 0.122353 0.196819 0.197618 0.147431 0.112245 0.085864 0.0497833 0.0206703 0.00716973 0.00237077 0.000719198 0.000192842 4.5504e-05 9.32747e-06 1.65185e-06 2.46468e-07 2.9462e-08
 1.67351e-11 1.81724e-09 1.16341e-07 4.3913e-06 9.7722e-05 0.00128215 0.00991885 0.0452606 0.122048 0.196335 0.197162 0.147177 0.112199 0.0860376 0.0502122 0.0212055 0.00754741 0.00251836 0.000746906 0.00019282 4.40274e-05 8.68893e-06 1.44051e-06 1.97305e-07 2.19468e-08
 1.62049e-11 1.75965e-09 1.12655e-07 4.25215e-06 9.46255e-05 0.00124153 0.0096047 0.0438299 0.118228 0.190493 0.192724 0.147607 0.117113 0.0916572 0.0535637 0.0223847 0.00782739 0.00259182 0.00077664 0.000203031 4.60414e-05 8.83104e-06 1.40896e-06 1.84103e-07 1.92132e-08
 1.65775e-11 1.80012e-09 1.15245e-07 4.34993e-06 9.68014e-05 0.00127007 0.00982544 0.0448349 0.120907 0.194557 0.195649 0.146771 0.112846 0.0871691 0.0514348 0.0223059 0.00829641 0.0028737 0.000868864 0.000225795 5.12102e-05 9.87781e-06 1.56976e-06 2.00635e-07 2.01732e-08
 1.64643e-11 1.78782e-09 1.14458e-07 4.32022e-06 9.61403e-05 0.0012614 0.00975838 0.0445296 0.120094 0.193324 0.194768 0.147047 0.11417 0.0885258 0.0520142 0.022248 0.00813243 0.00282826 0.000887039 0.000242137 5.66413e-05 1.10127e-05 1.75093e-06 2.23877e-07 2.23821e-08
 1.67929e-11 1.82351e-09 1.16743e-07 4.40645e-06 9.80592e-05 0.00128657 0.00995309 0.045417 0.122471 0.197028 0.197915 0.147871 0.112788 0.0861546 0.049494 0.0200012 0.00659574 0.00208327 0.000621418 0.000167481 3.99347e-05 8.06745e-06 1.32767e-06 1.72817e-07 1.73679e-08
 1.67993e-11 1.82421e-09 1.16788e-07 4.40814e-06 9.80969e-05 0.00128707 0.0099569 0.045434 0.122513 0.197057 0.197769 0.147316 0.111899 0.0855672 0.0497593 0.0208243 0.00727261 0.00235933 0.000672841 0.000165715 3.65766e-05 7.14618e-06 1.18253e-06 1.58228e-07 1.63951e-08
 1.65302e-11 1.79498e-09 1.14916e-07 4.33752e-06 9.65252e-05 0.00126645 0.00979745 0.044708 0.120576 0.194112 0.195613 0.147802 0.114797 0.0886732 0.0513139 0.021019 0.00708682 0.00226218 0.000659617 0.000167565 3.66141e-05 6.72679e-06 1.03407e-06 1.32251e-07 1.36006e-08
#obs catch len freq
 1.17751e-11 1.27863e-09 8.18591e-08 3.08978e-06 6.87589e-05 0.00090216 0.0069799 0.0318655 0.0861334 0.140181 0.148259 0.130428 0.126513 0.118778 0.09186 0.0606824 0.0342671 0.0155448 0.00555776 0.00157012 0.000343364 5.61384e-05 6.62517e-06 5.4541e-07 3.03446e-08
 1.649e-11 1.79061e-09 1.14637e-07 4.32697e-06 9.62905e-05 0.00126337 0.00977358 0.0445973 0.120242 0.193219 0.192732 0.139869 0.101967 0.0799735 0.0550744 0.0326744 0.0172268 0.00764299 0.00271155 0.00074856 0.000156131 2.38978e-05 2.61329e-06 1.98578e-07 1.02007e-08
 1.4632e-11 1.58886e-09 1.0172e-07 3.83944e-06 8.54416e-05 0.00112105 0.00867333 0.0395935 0.106966 0.173501 0.180162 0.148064 0.127156 0.103062 0.0633167 0.0298708 0.0121937 0.00443712 0.00137059 0.000345105 6.77439e-05 9.84266e-06 1.01374e-06 7.16918e-08 3.39677e-09
 1.54047e-11 1.67277e-09 1.07092e-07 4.0422e-06 8.99538e-05 0.00118024 0.00913115 0.0416787 0.11253 0.181932 0.18602 0.145336 0.116585 0.093221 0.0606971 0.0317892 0.0137243 0.00462862 0.00117782 0.000233416 3.7195e-05 4.65627e-06 4.32419e-07 2.82035e-08 1.24014e-09
 1.54692e-11 1.67977e-09 1.0754e-07 4.05913e-06 9.03305e-05 0.0011852 0.00916968 0.0418588 0.113061 0.183063 0.188069 0.148253 0.118819 0.0927575 0.0577691 0.0286317 0.0119408 0.00404565 0.00104786 0.000202074 2.86437e-05 2.95763e-06 2.21824e-07 1.19777e-08 4.53764e-10
 1.57969e-11 1.71535e-09 1.09818e-07 4.14511e-06 9.2244e-05 0.00121031 0.00936403 0.0427471 0.115464 0.186912 0.191541 0.1491 0.116433 0.089064 0.0550699 0.0271737 0.0111131 0.00362172 0.000896916 0.000166776 2.29748e-05 2.27477e-06 1.57042e-07 7.41028e-09 2.36206e-10
 1.5943e-11 1.73122e-09 1.10834e-07 4.18346e-06 9.30975e-05 0.00122151 0.00945094 0.0431474 0.116578 0.188881 0.193924 0.150975 0.116619 0.0873482 0.0526391 0.025163 0.00993232 0.00312619 0.000746113 0.00013263 1.73218e-05 1.62105e-06 1.05784e-07 4.69913e-09 1.39088e-10
 1.56224e-11 1.69641e-09 1.08605e-07 4.09932e-06 9.12256e-05 0.00119696 0.00926144 0.0422901 0.114346 0.185776 0.192505 0.153055 0.12038 0.0898693 0.0533056 0.0248562 0.00945837 0.00284018 0.000641879 0.000107539 1.32105e-05 1.16106e-06 7.09708e-08 2.94512e-09 8.12844e-11
 1.57299e-11 1.70808e-09 1.09353e-07 4.12754e-06 9.18538e-05 0.00120521 0.0093255 0.042586 0.115173 0.187213 0.194009 0.153468 0.118983 0.0878912 0.052355 0.0247357 0.00944467 0.00279267 0.000611882 9.80931e-05 1.13953e-05 9.38735e-07 5.34943e-08 2.06351e-09 5.2854e-11
 1.51643e-11 1.64667e-09 1.05421e-07 3.97914e-06 8.85516e-05 0.00116191 0.00899114 0.0410718 0.11121 0.181572 0.190924 0.156082 0.124768 0.0923159 0.0541203 0.0249938 0.00931625 0.00269808 0.000580165 9.08177e-05 1.01823e-05 7.98829e-07 4.28548e-08 1.54266e-09 3.66517e-11
 1.50884e-11 1.63842e-09 1.04893e-07 3.95923e-06 8.81088e-05 0.00115611 0.00894672 0.0408756 0.110738 0.181083 0.191073 0.156704 0.124836 0.092046 0.0543384 0.0253681 0.00942569 0.00266922 0.000554771 8.35807e-05 9.00841e-06 6.78157e-07 3.47514e-08 1.1865e-09 2.65238e-11
 1.4875e-11 1.61525e-09 1.0341e-07 3.90323e-06 8.68631e-05 0.00113979 0.008821 0.0403107 0.109295 0.179172 0.190295 0.157671 0.126124 0.092842 0.0550488 0.0259806 0.00975131 0.00278202 0.000580351 8.68637e-05 9.15751e-06 6.64818e-07 3.25509e-08 1.05618e-09 2.23546e-11
 1.41288e-11 1.53423e-09 9.82226e-08 3.70745e-06 8.2507e-05 0.00108267 0.00838013 0.0383159 0.10408 0.171726 0.185959 0.160203 0.132592 0.0984255 0.0581847 0.0272815 0.0101355 0.00286015 0.00059122 8.76843e-05 9.12486e-06 6.4932e-07 3.08774e-08 9.63434e-10 1.94315e-11
 1.38412e-11 1.503e-09 9.62234e-08 3.632e-06 8.08286e-05 0.00106068 0.00821077 0.0375546 0.102127 0.169071 0.184597 0.160978 0.134158 0.100033 0.059778 0.0282993 0.0104681 0.00290094 0.000584721 8.43287e-05 8.52458e-06 5.88737e-07 2.71238e-08 8.17297e-10 1.58466e-11
 1.39157e-11 1.51108e-09 9.67408e-08 3.65154e-06 8.12642e-05 0.00106643 0.00825603 0.0377727 0.102806 0.170552 0.18686 0.162914 0.134177 0.0982482 0.0576333 0.0267417 0.00967526 0.00261914 0.000514102 7.17627e-05 6.97425e-06 4.6085e-07 2.02628e-08 5.81998e-10 1.07481e-11
 1.32683e-11 1.44079e-09 9.2241e-08 3.48171e-06 7.74862e-05 0.00101692 0.00787462 0.0360567 0.0983993 0.164621 0.184433 0.166915 0.140825 0.102588 0.0588031 0.0263622 0.00914841 0.00236771 0.000443814 5.91249e-05 5.47886e-06 3.44548e-07 1.43763e-08 3.9065e-10 6.80748e-12
 1.3384e-11 1.45335e-09 9.30453e-08 3.51208e-06 7.81629e-05 0.00102583 0.00794424 0.0363824 0.0993224 0.166171 0.185597 0.166066 0.138318 0.101062 0.0590233 0.0268813 0.00929297 0.00234846 0.000423892 5.38712e-05 4.73302e-06 2.81167e-07 1.10583e-08 2.82797e-10 4.63102e-12
 1.43097e-11 1.55387e-09 9.94807e-08 3.755e-06 8.35693e-05 0.00109679 0.00849355 0.038891 0.106065 0.176642 0.193943 0.166285 0.130943 0.091718 0.0521305 0.0233184 0.00797703 0.00200275 0.000357665 4.44359e-05 3.76079e-06 2.12541e-07 7.88376e-09 1.89116e-10 2.89565e-12
 1.40117e-11 1.52151e-09 9.74094e-08 3.67685e-06 8.18325e-05 0.0010741 0.00832036 0.0381344 0.104303 0.175141 0.196028 0.172547 0.136263 0.0917213 0.048479 0.0198817 0.00626899 0.00147064 0.00024851 2.94773e-05 2.39209e-06 1.29513e-07 4.58006e-09 1.04046e-10 1.49877e-12
 1.34375e-11 1.45916e-09 9.34179e-08 3.52622e-06 7.84826e-05 0.00103023 0.00798286 0.0366191 0.100406 0.169707 0.192763 0.173561 0.140055 0.0962093 0.051898 0.0213918 0.00657538 0.00146191 0.000230465 2.54061e-05 1.92262e-06 9.76115e-08 3.25142e-09 6.97277e-11 9.48148e-13
 1.42075e-11 1.54278e-09 9.87712e-08 3.7283e-06 8.29806e-05 0.00108927 0.00844008 0.0387061 0.105988 0.178159 0.198694 0.171897 0.132628 0.0890056 0.047858 0.0197932 0.00608484 0.00134078 0.00020633 2.17748e-05 1.54929e-06 7.30849e-08 2.25082e-09 4.46252e-11 5.62282e-13
 1.53735e-11 1.66939e-09 1.06877e-07 4.03429e-06 8.97913e-05 0.00117868 0.00913247 0.0418704 0.114504 0.191435 0.209508 0.17285 0.123933 0.0769474 0.0383673 0.0148098 0.00430857 0.000911071 0.000135533 1.38233e-05 9.44848e-07 4.24181e-08 1.23028e-09 2.2753e-11 2.65498e-13
 1.47741e-11 1.6043e-09 1.02711e-07 3.87711e-06 8.62982e-05 0.00113302 0.00878313 0.0403264 0.11072 0.187029 0.209368 0.178414 0.129937 0.0789714 0.0373728 0.0134315 0.0036098 0.000705667 9.75853e-05 9.32293e-06 6.01114e-07 2.5563e-08 7.02729e-10 1.22887e-11 1.35004e-13
 1.45051e-11 1.5751e-09 1.00842e-07 3.80661e-06 8.47329e-05 0.0011126 0.00862755 0.0396432 0.109046 0.184928 0.208423 0.179039 0.1314 0.0807399 0.0386706 0.0138807 0.00363162 0.000673657 8.68246e-05 7.65942e-06 4.55008e-07 1.78666e-08 4.55329e-10 7.41118e-12 7.60112e-14
 1.41918e-11 1.54108e-09 9.86649e-08 3.72453e-06 8.29113e-05 0.00108888 0.00844762 0.0388634 0.107218 0.183029 0.208722 0.181538 0.133515 0.0812771 0.0384054 0.013589 0.00349836 0.000634914 7.91566e-05 6.64997e-06 3.70341e-07 1.34689e-08 3.15654e-10 4.7111e-12 4.43102e-14
 1.37407e-11 1.4921e-09 9.55306e-08 3.60634e-06 8.02879e-05 0.00105469 0.00818764 0.037729 0.104503 0.179988 0.208602 0.184852 0.136961 0.0826684 0.0382912 0.0131634 0.00327078 0.000570901 6.83196e-05 5.495e-06 2.91642e-07 1.00409e-08 2.20991e-10 3.07263e-12 2.67346e-14
 1.51207e-11 1.64196e-09 1.05125e-07 3.9685e-06 8.83477e-05 0.00116042 0.00900442 0.0414304 0.114202 0.193884 0.21673 0.180018 0.12454 0.0720638 0.0326812 0.0110234 0.00266588 0.000448714 5.13991e-05 3.9356e-06 1.9808e-07 6.44863e-09 1.33864e-10 1.75062e-12 1.42804e-14
 1.35344e-11 1.46973e-09 9.41011e-08 3.55269e-06 7.91113e-05 0.00103981 0.00808282 0.0373609 0.104179 0.181711 0.214145 0.190687 0.1374 0.0781878 0.0335867 0.0106525 0.00244394 0.000393877 4.33099e-05 3.17271e-06 1.51897e-07 4.67769e-09 9.14449e-11 1.12258e-12 8.57602e-15
#spawning biomass
 2588.22 3143.19 4879.66 6986.59 11382.3 18082.1 31201.7 43068.1 60645.2 82200 98713.7 129586 148481 150848 152745 135416 127873 151108 139621 128157 116257 136492 143429 166445 187061 156738 173541 170996 190624 202184 109177 56715.7 32789 23120.6 19504.1 18220.3 17781.2 17635 17587.3 17571.9 17567 17565.5 17565 17564.9 17564.8 17564.8 17564.8 17564.8 17564.8 17564.8 17564.8 17564.8 17564.8 17564.8 17564.8 17564.8 17564.8 17564.8 17564.8 17564.8 17564.8 17564.8 17564.8 17564.8 17564.8 17564.8 17564.8 17564.8 17564.8 17564.8 17564.8 17564.8 17564.8 17564.8 17564.8 17564.8 17564.8 17564.8 17564.8 17564.8 17564.8 17564.8 17564.8 17564.8 17564.8 17564.8 17564.8 17564.8 17564.8 17564.8 17564.8 17564.8 17564.8 17564.8 17564.8 17564.8 17564.8 17564.8 17564.8 17564.8 17564.8 17564.8 17564.8 17564.8 17564.8 17564.8 17564.8 17564.8 17564.8 17564.8 17564.8 17564.8 17564.8 17564.8 17564.8 17564.8 17564.8 17564.8 17564.8 17564.8 17564.8 17564.8 17564.8 17564.8 17564.8 17564.8 17564.8 17564.8 0 0 0 0 0 0 0 0 0 0 0 0 0 0 0 0 0 0 0 0 0 0 0 0 0
