SBPRF35
0.252907
Curr Bio
141657
B35
193831
F35
0.40923
FOFL
0.295692
OFL
40547.4
Bzero
72259
#pred survey bio
 28017 23560 17148.8 15469.7 23633.4 35728.9 51934.1 67288.6 88989.9 116183 139964 182208 215024 249392 259612 236745 226587 200680 207944 207682 215145 203339 201657 233750 248382 251257 256606 224876 211346 7.43989e+06 4.03728e+06 2.95849e+06 2.05398e+06 1.47049e+06 1.13476e+06 951956 854639 802891 774983 759558 750768 745593 742452 740492 739241 738435 737908 737561 737330 737176 737073 737003 736957 736926 736905 736890 736881 736874 736870 736867 736865 736864 736863 736862 736862 736862 736861 736861 736861 736861 736861 736861 736861 736861 736861 736861 736861 736861 736861 736861 736861 736861 736861 736861 736861 736861 736861 736861 736861 736861 736861 736861 736861 736861 736861 736861 736861 736861 736861 736861 736861 736861 736861 736861 736861 736861 736861 736861 736861 736861 736861 736861 736861 736861 736861 736861 736861 736861 736861 736861 736861 736861 736861 736861 736861 736861 736861 736861 736861 0 0 0 0 0 0 0 0 0 0 0 0 0 0 0 0 0 0 0 0 0 0 0 0 0
#obs survey bio
 24976 16210.9 9078.83 29964.2 31063.4 46687.8 58163.2 73517.5 118853 147842 98545.9 255995 223299 223814 276323 222564 185885 204460 225818 187582 210760 157368 171693 173908 417859 199038 236364 198297 196254
#pred catch bio
 4918.16 4963.17 3307.02 3225.73 5376.2 6120.83 11756.6 17550.6 21972.6 38048 46646 70339.3 78627.2 91839.3 110912 102337 106176 80010.7 88820.4 80910.4 92467.2 86382 73019.7 97225.6 101045 93074.1 113717 97853.7 86791.2 40547.4 50722.6 36625.3 24424.7 16779.7 12584 10440.6 9392.49 8894.3 8661.89 8554.83 8505.94 8483.75 8473.71 8469.18 8467.15 8466.23 8465.83 8465.64 8465.56 8465.52 8465.51 8465.5 8465.5 8465.5 8465.49 8465.49 8465.49 8465.49 8465.49 8465.49 8465.49 8465.49 8465.49 8465.49 8465.49 8465.49 8465.49 8465.49 8465.49 8465.49 8465.49 8465.49 8465.49 8465.49 8465.49 8465.49 8465.49 8465.49 8465.49 8465.49 8465.49 8465.49 8465.49 8465.49 8465.49 8465.49 8465.49 8465.49 8465.49 8465.49 8465.49 8465.49 8465.49 8465.49 8465.49 8465.49 8465.49 8465.49 8465.49 8465.49 8465.49 8465.49 8465.49 8465.49 8465.49 8465.49 8465.49 8465.49 8465.49 8465.49 8465.49 8465.49 8465.49 8465.49 8465.49 8465.49 8465.49 8465.49 8465.49 8465.49 8465.49 8465.49 8465.49 8465.49 8465.49 8465.49 8465.49 8465.49 8465.49 0 0 0 0 0 0 0 0 0 0 0 0 0 0 0 0 0 0 0 0 0 0 0 0 0
#obs catch bio
 3968.3 5210.77 3558.17 3314.33 5401.15 5920.29 11588.7 17131.7 20564.7 36002.1 45919.3 67729.6 75882.1 90116.4 108502 101906 110945 81419.1 95325.8 82715.4 95521.7 88979 71473.2 97381.6 96567.4 90356.9 114063 96265.6 86438.9
#pred cpue bio
 26317.9 22636.3 16725.5 14342.6 20209.9 31070 46113 59860.6 78101.1 102782 122565 157702 186416 218140 230542 209911 198937 176349 182724 181801 189760 179292 176738 204221 216392 221413 228091 199432 185883 6.53897e+06 3.84972e+06 2.88324e+06 1.99341e+06 1.41144e+06 1.07585e+06 893056 795741 743993 716085 700660 691870 686695 683554 681594 680343 679537 679010 678663 678432 678278 678175 678105 678059 678028 678007 677992 677983 677976 677972 677969 677967 677966 677965 677964 677964 677964 677963 677963 677963 677963 677963 677963 677963 677963 677963 677963 677963 677963 677963 677963 677963 677963 677963 677963 677963 677963 677963 677963 677963 677963 677963 677963 677963 677963 677963 677963 677963 677963 677963 677963 677963 677963 677963 677963 677963 677963 677963 677963 677963 677963 677963 677963 677963 677963 677963 677963 677963 677963 677963 677963 677963 677963 677963 677963 677963 677963 677963 677963 677963 0 0 0 0 0 0 0 0 0 0 0 0 0 0 0 0 0 0 0 0 0 0 0 0 0
#obs cpue bio
 23726.1 18827.6 11053.2 16290.3 23175.4 29653.3 41257.2 70688.1 91421.1 93509.4 125417 163396 191674 237290 249036 204110 185530 152445 114723 206012 176393 212359 246330 279424 187607 268297 235215 253707 187775
#pred surv len freq
 2.50558e-11 1.17851e-09 3.83832e-08 8.65636e-07 1.35182e-05 0.00014618 0.00109461 0.00567617 0.0203896 0.0507962 0.0881709 0.108554 0.101018 0.0842327 0.077417 0.0764076 0.0714953 0.0636342 0.0561045 0.0488954 0.0420755 0.0361163 0.0302265 0.0229793 0.0145553
 1.27698e-11 6.0063e-10 1.95621e-08 4.41175e-07 6.88962e-06 7.45029e-05 0.000557916 0.00289384 0.0104053 0.0260237 0.0458623 0.0597182 0.0659769 0.0763696 0.094288 0.105349 0.10085 0.0888669 0.0774082 0.0667656 0.0561258 0.0458489 0.0358149 0.0254618 0.015331
 9.83737e-12 4.62703e-10 1.50699e-08 3.39865e-07 5.3075e-06 5.73938e-05 0.000429783 0.002229 0.00801149 0.0200046 0.0350367 0.044627 0.046428 0.0495579 0.0610305 0.0772937 0.0932964 0.105471 0.107994 0.0988837 0.0831638 0.0659699 0.0490297 0.0328163 0.0186638
 3.51073e-11 1.65128e-09 5.37811e-08 1.2129e-06 1.89411e-05 0.000204821 0.00153367 0.00795213 0.0285534 0.071018 0.122477 0.147049 0.124889 0.0797079 0.0461583 0.033348 0.0332368 0.0392688 0.0474773 0.0531067 0.0522956 0.0448102 0.0334984 0.0216588 0.0117366
 4.48507e-11 2.10956e-09 6.87072e-08 1.54952e-06 2.41979e-05 0.000261666 0.00195932 0.0101593 0.0364809 0.0907576 0.15667 0.188809 0.162594 0.108322 0.0673656 0.0460577 0.0317213 0.0202387 0.0141675 0.013199 0.0140705 0.013826 0.0114333 0.00771404 0.00416628
 3.69712e-11 1.73895e-09 5.66365e-08 1.27729e-06 1.99468e-05 0.000215697 0.00161514 0.0083752 0.0300818 0.0749113 0.129818 0.158826 0.144506 0.113236 0.0938226 0.081464 0.0623317 0.039614 0.02239 0.0126781 0.00822709 0.00649173 0.00536162 0.00384081 0.00217251
 3.3645e-11 1.5825e-09 5.1541e-08 1.16238e-06 1.81522e-05 0.000196291 0.00146983 0.00762177 0.0273763 0.0681804 0.118199 0.144827 0.132512 0.105663 0.0908525 0.0840196 0.0721203 0.055424 0.0388774 0.0243868 0.0134831 0.00706797 0.00398699 0.00240074 0.00131634
 3.45211e-11 1.62371e-09 5.28832e-08 1.19265e-06 1.86249e-05 0.000201402 0.0015081 0.00782009 0.028087 0.0699342 0.121128 0.147895 0.133649 0.103111 0.0846904 0.0764711 0.0661274 0.0530232 0.0406358 0.0290823 0.0184602 0.0101388 0.00489568 0.00218797 0.000932893
 3.76163e-11 1.76929e-09 5.76247e-08 1.29958e-06 2.02948e-05 0.00021946 0.0016433 0.00852105 0.0306024 0.0761767 0.131798 0.160248 0.14263 0.105383 0.080659 0.0687382 0.0570759 0.0441129 0.0331782 0.0242909 0.016512 0.0099608 0.00515328 0.00224611 0.000827791
 3.47971e-11 1.63669e-09 5.33059e-08 1.20218e-06 1.87738e-05 0.000203013 0.00152016 0.00788269 0.0283128 0.0705064 0.122186 0.149498 0.136077 0.106909 0.0895607 0.0802298 0.0660528 0.0486292 0.0342836 0.0238444 0.0158901 0.00976014 0.00529676 0.00242861 0.000908995
 3.76553e-11 1.77113e-09 5.76844e-08 1.30093e-06 2.03159e-05 0.000219687 0.00164501 0.00852989 0.0306344 0.0762577 0.131949 0.160484 0.143011 0.106048 0.0817155 0.0701201 0.0584806 0.0449573 0.0328115 0.022673 0.0144966 0.00851683 0.00452905 0.00209524 0.000803755
 3.93799e-11 1.85224e-09 6.03263e-08 1.36051e-06 2.12463e-05 0.000229749 0.00172034 0.00892049 0.0320366 0.0797422 0.137937 0.167569 0.148672 0.108769 0.0816103 0.067737 0.0541246 0.0393619 0.0274702 0.0187866 0.0121291 0.00712696 0.00371886 0.00167952 0.000635773
 3.82811e-11 1.80056e-09 5.86431e-08 1.32255e-06 2.06535e-05 0.000223339 0.00167235 0.00867172 0.0311445 0.0775351 0.13421 0.163472 0.146422 0.110054 0.0861691 0.0733965 0.0584452 0.0412996 0.027419 0.0176891 0.010857 0.00617692 0.00317286 0.00141782 0.000529936
 3.65448e-11 1.71889e-09 5.59833e-08 1.26256e-06 1.97167e-05 0.000213209 0.0015965 0.0082785 0.0297334 0.074033 0.128223 0.156534 0.141356 0.108721 0.0883515 0.0776765 0.0635041 0.0462584 0.0314951 0.0203135 0.012084 0.00653869 0.0031938 0.00137404 0.000501177
 3.34702e-11 1.57428e-09 5.12732e-08 1.15634e-06 1.80579e-05 0.000195271 0.00146219 0.0075822 0.0272346 0.0678318 0.117623 0.144256 0.132407 0.106369 0.0920733 0.0846718 0.0712579 0.053602 0.0379257 0.0253533 0.0154565 0.00840322 0.00402436 0.00166773 0.000583572
 3.48373e-11 1.63858e-09 5.33676e-08 1.20357e-06 1.87955e-05 0.000203247 0.00152191 0.00789173 0.0283444 0.0705768 0.122252 0.149316 0.135084 0.104509 0.0860613 0.0774491 0.0660786 0.0516532 0.038352 0.0268092 0.0170038 0.00956491 0.00468474 0.00195039 0.000673174
 3.69021e-11 1.7357e-09 5.65306e-08 1.27491e-06 1.99095e-05 0.000215293 0.00161211 0.00835935 0.0300227 0.0747431 0.129383 0.157619 0.141278 0.106468 0.0840041 0.0728084 0.0601326 0.0454251 0.0330241 0.0232957 0.0153013 0.00900641 0.00460339 0.00198064 0.000697283
 3.58932e-11 1.68824e-09 5.4985e-08 1.24005e-06 1.93651e-05 0.000209407 0.00156804 0.00813092 0.0292037 0.0727184 0.125975 0.153923 0.139427 0.108119 0.0888611 0.0785324 0.0640872 0.0466122 0.032165 0.0216522 0.0138373 0.00813083 0.00424669 0.00189073 0.000689334
 3.62666e-11 1.70581e-09 5.5557e-08 1.25295e-06 1.95666e-05 0.000211585 0.00158435 0.00821544 0.0295065 0.073465 0.127217 0.155202 0.139827 0.106902 0.0862755 0.076013 0.0631806 0.0475148 0.0337042 0.022655 0.0140537 0.00794874 0.00404581 0.00179314 0.000662678
 3.70087e-11 1.74071e-09 5.66939e-08 1.27859e-06 1.9967e-05 0.000215915 0.00161677 0.00838352 0.0301098 0.0749626 0.129781 0.15819 0.142063 0.107622 0.0855384 0.0742919 0.0609296 0.0452054 0.0318988 0.0216464 0.0136261 0.00773072 0.00387747 0.00167938 0.000609751
 3.50962e-11 1.65076e-09 5.37641e-08 1.21251e-06 1.89352e-05 0.000204757 0.00153322 0.00795044 0.028556 0.0711106 0.123224 0.150724 0.137056 0.107408 0.0897273 0.0804091 0.066467 0.0491016 0.0343009 0.0230363 0.0144224 0.00819415 0.00412607 0.00178536 0.000642619
 3.56374e-11 1.67621e-09 5.45932e-08 1.23121e-06 1.92272e-05 0.000207915 0.00155686 0.00807296 0.0289952 0.0721954 0.125043 0.152666 0.13792 0.106249 0.0867709 0.0771726 0.0646162 0.0490622 0.0352471 0.024001 0.0150126 0.00846771 0.00423724 0.00182811 0.000656952
 3.69698e-11 1.73888e-09 5.66343e-08 1.27725e-06 1.9946e-05 0.000215688 0.00161507 0.0083747 0.030078 0.074882 0.129632 0.157966 0.141726 0.107091 0.0848269 0.073646 0.0606757 0.0454526 0.03249 0.0223452 0.0142506 0.00817552 0.00412204 0.00177764 0.000636558
 3.74255e-11 1.76032e-09 5.73324e-08 1.29299e-06 2.01919e-05 0.000218347 0.00163497 0.0084779 0.0304485 0.0758028 0.131216 0.159845 0.143246 0.107871 0.084922 0.0732128 0.0597568 0.0441087 0.030967 0.0209962 0.0133203 0.00768196 0.00392117 0.00171265 0.000618352
 3.77263e-11 1.77447e-09 5.77932e-08 1.30338e-06 2.03542e-05 0.000220102 0.00164811 0.00854605 0.0306932 0.0764119 0.132269 0.161121 0.144367 0.108652 0.0853957 0.0733578 0.0594342 0.0432826 0.0298179 0.0198024 0.0123154 0.00699142 0.00354155 0.00154866 0.000562967
 3.49565e-11 1.64418e-09 5.355e-08 1.20769e-06 1.88598e-05 0.000203942 0.00152712 0.00791881 0.0284428 0.0708321 0.122766 0.150278 0.137013 0.108119 0.0911413 0.0819551 0.067454 0.0492501 0.0337898 0.022205 0.01358 0.00755264 0.0037512 0.00161658 0.000583226
 3.37995e-11 1.58977e-09 5.17777e-08 1.16772e-06 1.82356e-05 0.000197192 0.00147658 0.00765673 0.0275015 0.0684891 0.118712 0.14535 0.132646 0.105024 0.0893141 0.0817882 0.0697139 0.0537749 0.0390781 0.0266286 0.0164773 0.0091214 0.00446796 0.001892 0.000671366
 3.47435e-11 1.63417e-09 5.32239e-08 1.20033e-06 1.87449e-05 0.0002027 0.00151781 0.0078705 0.0282684 0.0703897 0.121942 0.149006 0.135018 0.10488 0.0867602 0.0779911 0.0659785 0.0509718 0.0376686 0.0265876 0.0172095 0.00990756 0.00495976 0.00210789 0.000741941
 3.65164e-11 1.71756e-09 5.59397e-08 1.26158e-06 1.97014e-05 0.000213043 0.00159526 0.00827199 0.0297092 0.0739655 0.128056 0.156092 0.140201 0.10628 0.0846479 0.0738945 0.0612635 0.0463517 0.0336268 0.0236 0.0154643 0.00915823 0.004752 0.0020859 0.000749824
#obs surv len freq
 2.48162e-11 1.16724e-09 3.80161e-08 8.5736e-07 1.33889e-05 0.000144783 0.00108414 0.00562182 0.0201937 0.050301 0.0872629 0.107211 0.0990623 0.0812474 0.0735352 0.0731165 0.0707793 0.0662387 0.0612572 0.0552823 0.0481105 0.0397286 0.029917 0.0194802 0.0104114
 1.00099e-15 4.71571e-14 1.54561e-12 3.57289e-11 6.12021e-10 8.94022e-09 1.36006e-07 2.12757e-06 2.79255e-05 0.000269828 0.00183619 0.00870085 0.0286834 0.0661207 0.108195 0.130487 0.125845 0.110322 0.0974349 0.0873311 0.0765105 0.0633062 0.0475721 0.030895 0.0164603
 1.23428e-11 5.80545e-10 1.8908e-08 4.26422e-07 6.65919e-06 7.20093e-05 0.000539191 0.00279565 0.0100371 0.0249531 0.0429599 0.0512582 0.04273 0.0269385 0.0211558 0.0365401 0.0710633 0.107247 0.124818 0.12032 0.104466 0.0851583 0.0636782 0.0412986 0.0219641
 5.16952e-11 2.43149e-09 7.91921e-08 1.78598e-06 2.78906e-05 0.000301597 0.0022583 0.0117091 0.04204 0.104526 0.180019 0.214973 0.178708 0.105024 0.0461528 0.0179592 0.00868356 0.00751439 0.0104265 0.0144535 0.0164376 0.0152293 0.0118062 0.0076768 0.00407034
 3.30623e-11 1.55509e-09 5.06482e-08 1.14225e-06 1.78378e-05 0.000192892 0.00144439 0.00749022 0.026909 0.067067 0.116613 0.144493 0.137265 0.119359 0.111718 0.101316 0.0735898 0.0397907 0.0170572 0.00819292 0.00684072 0.00714302 0.00643008 0.00456219 0.00250745
 4.02809e-11 1.89462e-09 6.17065e-08 1.39164e-06 2.17324e-05 0.000235005 0.0017597 0.00912443 0.0327673 0.0815434 0.140934 0.170654 0.14965 0.105945 0.0758971 0.0631387 0.0545242 0.0440246 0.0315087 0.0187843 0.00928564 0.004512 0.00274959 0.00186292 0.00107617
 2.53534e-11 1.1925e-09 3.88391e-08 8.7592e-07 1.36788e-05 0.000147918 0.00110764 0.00574426 0.0206415 0.0514944 0.0898668 0.112911 0.112241 0.107784 0.112933 0.112449 0.0934083 0.0664903 0.0452159 0.0305566 0.0190574 0.0102004 0.00472928 0.0020844 0.000923172
 4.29468e-11 2.02001e-09 6.57905e-08 1.48374e-06 2.31707e-05 0.000250558 0.00187615 0.00972801 0.0349317 0.0868975 0.149969 0.180563 0.155 0.102543 0.0642586 0.0484373 0.0427691 0.0383288 0.0318575 0.0232319 0.0147302 0.00824083 0.0040432 0.00170377 0.000616603
 3.36599e-11 1.5832e-09 5.15638e-08 1.16289e-06 1.81603e-05 0.000196378 0.00147049 0.00762533 0.0273912 0.0682377 0.118435 0.145758 0.135361 0.111736 0.0991051 0.0894758 0.0695778 0.0458133 0.0291722 0.0201349 0.014112 0.00888097 0.00470638 0.00205623 0.00073436
 3.76605e-11 1.77137e-09 5.76924e-08 1.30111e-06 2.03187e-05 0.000219718 0.00164523 0.00853105 0.0306385 0.0762664 0.131954 0.160447 0.142846 0.105703 0.0814061 0.0704342 0.0598489 0.0468037 0.0338037 0.022207 0.0132797 0.00747974 0.00394835 0.0018258 0.000690166
 3.90184e-11 1.83524e-09 5.97724e-08 1.34802e-06 2.10513e-05 0.00022764 0.00170455 0.00883863 0.0317431 0.0790153 0.136706 0.1662 0.147861 0.109022 0.0828108 0.0692 0.0551759 0.039896 0.0277962 0.0190489 0.0121984 0.00696502 0.00348723 0.00151892 0.000562046
 3.95781e-11 1.86156e-09 6.06299e-08 1.36736e-06 2.13533e-05 0.000230905 0.001729 0.00896541 0.0321983 0.0801474 0.138657 0.168535 0.149819 0.110206 0.0833537 0.0693127 0.0547929 0.0387433 0.0257928 0.0166826 0.0102593 0.00582787 0.00296109 0.00129387 0.000469787
 3.7842e-11 1.7799e-09 5.79703e-08 1.30738e-06 2.04166e-05 0.000220776 0.00165317 0.00857228 0.030788 0.076652 0.132714 0.161805 0.145429 0.110362 0.0877002 0.0754381 0.0602159 0.0424281 0.0278906 0.0176147 0.010433 0.005666 0.00277547 0.00119014 0.000429258
 3.51275e-11 1.65223e-09 5.3812e-08 1.2136e-06 1.89521e-05 0.00020494 0.00153459 0.00795755 0.0285819 0.0711773 0.123356 0.150966 0.137531 0.108308 0.0910828 0.0818867 0.0675533 0.0494382 0.0337791 0.021806 0.0128981 0.00685977 0.00324844 0.0013419 0.000468945
 3.079e-11 1.44821e-09 4.71674e-08 1.06374e-06 1.66119e-05 0.000179635 0.00134512 0.00697524 0.0250567 0.0624281 0.108396 0.133616 0.124811 0.104778 0.0960095 0.0914308 0.0783014 0.0597753 0.0429399 0.0290787 0.0178936 0.00976722 0.00465524 0.00189811 0.000646511
 3.80627e-11 1.79028e-09 5.83084e-08 1.315e-06 2.05356e-05 0.000222064 0.0016628 0.00862206 0.0309645 0.0770689 0.133282 0.161775 0.143103 0.103921 0.0775823 0.0658158 0.056199 0.0454673 0.0352164 0.0254967 0.0166186 0.00954926 0.00474376 0.00198562 0.00068247
 3.45993e-11 1.62739e-09 5.30029e-08 1.19535e-06 1.86671e-05 0.000201859 0.00151152 0.00783796 0.0281531 0.070116 0.121562 0.148983 0.136391 0.108713 0.0926156 0.0830098 0.066876 0.047352 0.0322806 0.0223451 0.0150402 0.00920469 0.00487032 0.00214802 0.00076762
 3.46415e-11 1.62937e-09 5.30675e-08 1.19681e-06 1.86899e-05 0.000202105 0.00151336 0.00784741 0.0281858 0.0701862 0.121606 0.148674 0.134973 0.105396 0.0879043 0.0795374 0.0674639 0.0517521 0.037207 0.0250907 0.015644 0.0090403 0.00476338 0.00217636 0.000816224
 3.52858e-11 1.65967e-09 5.40545e-08 1.21907e-06 1.90375e-05 0.000205863 0.0015415 0.00799331 0.0287094 0.0714849 0.123823 0.151223 0.136765 0.105663 0.0866296 0.0771775 0.0646307 0.0492828 0.0359921 0.0252486 0.0163327 0.00947132 0.00485104 0.00215253 0.00080203
 3.61184e-11 1.69884e-09 5.533e-08 1.24783e-06 1.94867e-05 0.000210721 0.00157787 0.00818188 0.0293861 0.0731651 0.126699 0.154577 0.139282 0.106508 0.0859258 0.0755422 0.0625533 0.0470038 0.0337855 0.0235224 0.0153397 0.0090818 0.00474214 0.00211454 0.000781039
 3.2055e-11 1.50771e-09 4.91051e-08 1.10745e-06 1.72944e-05 0.000187015 0.00140037 0.00726172 0.0260848 0.0649804 0.112764 0.1387 0.128594 0.105939 0.0946367 0.0883158 0.0741508 0.0552755 0.0390759 0.0267307 0.0171877 0.0101131 0.00530254 0.00239003 0.000891677
 3.77088e-11 1.77364e-09 5.77663e-08 1.30278e-06 2.03447e-05 0.000219999 0.00164734 0.00854195 0.0306773 0.0763594 0.132091 0.160499 0.14252 0.104649 0.0795166 0.0680561 0.0576958 0.045774 0.0345785 0.024485 0.0157908 0.00918532 0.00475993 0.00213396 0.000797285
 3.4735e-11 1.63377e-09 5.32108e-08 1.20004e-06 1.87403e-05 0.00020265 0.00151745 0.00786867 0.028263 0.0703866 0.122009 0.149426 0.136466 0.108117 0.0914543 0.0819134 0.0665322 0.0478423 0.0330559 0.0228473 0.0151514 0.00913412 0.00482138 0.00216532 0.000805293
 3.98088e-11 1.87241e-09 6.09833e-08 1.37533e-06 2.14777e-05 0.000232251 0.00173908 0.00901757 0.0323846 0.0806004 0.139369 0.169063 0.149214 0.107554 0.078922 0.0651157 0.0531701 0.0401631 0.0287241 0.0194349 0.0121957 0.00705794 0.00370066 0.00168418 0.000635075
 3.52087e-11 1.65605e-09 5.39364e-08 1.2164e-06 1.89959e-05 0.000205414 0.00153814 0.007976 0.0286487 0.0713487 0.123688 0.151535 0.138555 0.110079 0.0933433 0.0833436 0.0667981 0.0466253 0.0306839 0.0199937 0.0125105 0.00718683 0.0036786 0.00163293 0.000608447
 3.48833e-11 1.64074e-09 5.34379e-08 1.20516e-06 1.88203e-05 0.000203515 0.00152392 0.00790218 0.0283826 0.0706761 0.122455 0.14971 0.135907 0.106105 0.0884364 0.0798896 0.0675356 0.0514925 0.036647 0.0242572 0.0145962 0.0079773 0.00394441 0.00171279 0.000626692
 3.21102e-11 1.51031e-09 4.91898e-08 1.10935e-06 1.73242e-05 0.000187337 0.00140278 0.00727419 0.0261292 0.065087 0.112922 0.138764 0.128245 0.10485 0.0929042 0.086718 0.0736592 0.0562049 0.0408622 0.028433 0.0181347 0.010259 0.00505455 0.00213402 0.000756217
 3.68434e-11 1.73294e-09 5.64406e-08 1.27288e-06 1.98778e-05 0.00021495 0.00160954 0.00834598 0.0299742 0.074616 0.129121 0.157107 0.140206 0.104434 0.0811803 0.0704544 0.0597349 0.0471612 0.0356545 0.0255456 0.0167628 0.0098438 0.00504606 0.00218765 0.000779112
 3.59216e-11 1.68958e-09 5.50284e-08 1.24103e-06 1.93805e-05 0.000209573 0.00156928 0.00813734 0.0292268 0.0727742 0.126062 0.153986 0.139341 0.107741 0.0881277 0.0775253 0.0630267 0.0458689 0.0321438 0.0224129 0.01495 0.00908246 0.00482968 0.0021683 0.000795471
#pred catch len freq
 2.16845e-11 1.01993e-09 3.32186e-08 7.49162e-07 1.16993e-05 0.000126512 0.000947332 0.00491262 0.017649 0.0439899 0.0765027 0.094877 0.090499 0.0800395 0.0789129 0.0811327 0.0775351 0.0701492 0.0626294 0.0549889 0.0475038 0.0408559 0.0342229 0.0260261 0.016487
 1.05931e-11 4.9825e-10 1.62277e-08 3.65975e-07 5.71526e-06 6.1804e-05 0.00046283 0.00240085 0.00863563 0.0216268 0.0383117 0.0508062 0.0589201 0.0730688 0.0943588 0.107541 0.104359 0.0933029 0.0822866 0.071507 0.0603432 0.0493884 0.0386138 0.0274615 0.0165372
 7.96598e-12 3.74682e-10 1.22031e-08 2.75211e-07 4.29784e-06 4.64759e-05 0.000348032 0.00180512 0.00648965 0.0162208 0.0285211 0.0368517 0.0399919 0.0458964 0.0598554 0.0780071 0.0958021 0.109609 0.113043 0.103946 0.0876609 0.0696562 0.0518157 0.0346945 0.019735
 3.15644e-11 1.48464e-09 4.83537e-08 1.0905e-06 1.70296e-05 0.000184151 0.0013789 0.00714969 0.0256727 0.0638599 0.110177 0.132495 0.113239 0.0739272 0.0454911 0.0356887 0.0373895 0.0451188 0.0550404 0.0618029 0.0609676 0.0522894 0.0391095 0.0252935 0.013708
 4.24705e-11 1.99761e-09 6.50609e-08 1.46728e-06 2.29137e-05 0.000247779 0.00185535 0.00962029 0.0345466 0.0859586 0.148475 0.179356 0.155828 0.106823 0.070557 0.051249 0.0364228 0.0236691 0.0169072 0.0159934 0.0171422 0.0168676 0.0139541 0.00941633 0.00508603
 3.39325e-11 1.59602e-09 5.19815e-08 1.17231e-06 1.83073e-05 0.000197969 0.0014824 0.00768709 0.0276129 0.0687899 0.119392 0.146928 0.136429 0.112616 0.100017 0.0906228 0.070604 0.0454214 0.0260313 0.0149459 0.0097962 0.00776829 0.00642654 0.00460567 0.00260544
 3.05352e-11 1.43623e-09 4.67771e-08 1.05494e-06 1.64744e-05 0.000178148 0.00133398 0.00691751 0.0248491 0.0619108 0.107495 0.132489 0.123725 0.103889 0.0955786 0.0921506 0.0806922 0.0629124 0.044662 0.0282384 0.0156872 0.00825142 0.00466601 0.00281301 0.00154299
 3.14899e-11 1.48113e-09 4.82396e-08 1.08792e-06 1.69895e-05 0.000183718 0.00137568 0.00713362 0.0256235 0.0638214 0.110684 0.135817 0.124912 0.100987 0.0886565 0.083663 0.0739201 0.060186 0.046698 0.0336794 0.0214656 0.011816 0.0057135 0.00255574 0.00109025
 3.46894e-11 1.63162e-09 5.31409e-08 1.19846e-06 1.87157e-05 0.000202384 0.00151545 0.0078582 0.0282238 0.070275 0.121718 0.148612 0.134277 0.10351 0.0847294 0.07583 0.0644803 0.0506455 0.0386072 0.0285136 0.019471 0.0117729 0.0060981 0.00265963 0.000980536
 3.20231e-11 1.50621e-09 4.90564e-08 1.10634e-06 1.72772e-05 0.000186829 0.00139898 0.00725449 0.0260586 0.0649143 0.112642 0.138512 0.128299 0.105444 0.0938856 0.087394 0.0732559 0.0546622 0.0390302 0.0273932 0.0183454 0.0112962 0.0061379 0.00281597 0.00105428
 3.49959e-11 1.64604e-09 5.36105e-08 1.20905e-06 1.88811e-05 0.000204172 0.00152884 0.00792764 0.0284733 0.0708959 0.122793 0.149924 0.135464 0.104447 0.0855909 0.0768018 0.0654548 0.0510497 0.0377005 0.0262558 0.0168613 0.00993078 0.00528825 0.00244816 0.000939446
 3.70127e-11 1.7409e-09 5.66999e-08 1.27872e-06 1.99691e-05 0.000215938 0.00161694 0.00838441 0.030113 0.0749707 0.129796 0.158212 0.142092 0.107647 0.0854966 0.0740457 0.0603816 0.0445094 0.0314398 0.0216849 0.0140649 0.00828367 0.0043277 0.00195571 0.000740561
 3.58114e-11 1.6844e-09 5.48597e-08 1.23722e-06 1.9321e-05 0.00020893 0.00156447 0.00811244 0.0291377 0.0725579 0.125723 0.153738 0.139652 0.109099 0.0905559 0.0803181 0.0651693 0.0466461 0.0313471 0.0204084 0.0125914 0.00718333 0.00369511 0.00165238 0.000617816
 3.3986e-11 1.59854e-09 5.20634e-08 1.17416e-06 1.83362e-05 0.000198281 0.00148473 0.00769904 0.0276541 0.0688756 0.119425 0.146427 0.134272 0.107579 0.0926822 0.0846887 0.0704979 0.052013 0.035828 0.0233017 0.0139279 0.00755662 0.00369666 0.00159167 0.000580793
 3.09866e-11 1.45746e-09 4.74685e-08 1.07053e-06 1.67179e-05 0.000180782 0.0013537 0.00701976 0.0252164 0.062825 0.109077 0.134415 0.125428 0.105031 0.0959328 0.0911553 0.0779169 0.0593083 0.0424151 0.0285648 0.0174862 0.00952836 0.00456916 0.00189488 0.000663309
 3.23781e-11 1.52291e-09 4.96002e-08 1.11861e-06 1.74687e-05 0.000188899 0.00141448 0.00733479 0.0263459 0.065618 0.113782 0.139538 0.128064 0.102938 0.0895109 0.0835103 0.0725045 0.0573878 0.043056 0.0303026 0.0192911 0.0108739 0.00533215 0.00222137 0.000766961
 3.46594e-11 1.63021e-09 5.3095e-08 1.19742e-06 1.86995e-05 0.000202209 0.00151414 0.00785146 0.0282002 0.0702216 0.121664 0.148723 0.134946 0.105187 0.0873622 0.0784872 0.0659512 0.0504256 0.0370484 0.0263212 0.0173544 0.0102348 0.00523664 0.00225432 0.000793854
 3.33977e-11 1.57087e-09 5.11621e-08 1.15383e-06 1.80188e-05 0.000194848 0.00145903 0.0075658 0.027176 0.0676885 0.117393 0.144058 0.132488 0.106934 0.0929595 0.0851998 0.0707198 0.0520759 0.0363566 0.0246811 0.0158471 0.00933435 0.00488137 0.00217465 0.000793086
 3.38645e-11 1.59283e-09 5.18773e-08 1.16996e-06 1.82707e-05 0.000197572 0.00147942 0.00767147 0.0275546 0.0686226 0.118952 0.145684 0.133078 0.105609 0.0900062 0.0822732 0.0695947 0.0529879 0.037992 0.0257256 0.0160249 0.00908465 0.00463001 0.00205345 0.00075913
 3.452e-11 1.62365e-09 5.28814e-08 1.19261e-06 1.86243e-05 0.000201396 0.00150805 0.00781992 0.0280874 0.0699457 0.121219 0.148339 0.135103 0.106352 0.0894994 0.0808405 0.0675453 0.0507701 0.0362433 0.024793 0.0156759 0.00891447 0.00447693 0.00194034 0.000704747
 3.26715e-11 1.53671e-09 5.00497e-08 1.12874e-06 1.7627e-05 0.000190612 0.0014273 0.00740134 0.0265857 0.0662229 0.114883 0.141129 0.130282 0.106188 0.0936144 0.0868211 0.0729359 0.0545255 0.0385103 0.026065 0.0163892 0.00933303 0.0047054 0.00203736 0.000733563
 3.31977e-11 1.56146e-09 5.08558e-08 1.14692e-06 1.79109e-05 0.000193682 0.00145029 0.00752046 0.0270126 0.0672768 0.116646 0.142991 0.131036 0.104871 0.0904633 0.083437 0.0710871 0.0546485 0.0396844 0.0272197 0.017095 0.00966382 0.00484187 0.00209037 0.000751451
 3.43841e-11 1.61726e-09 5.26732e-08 1.18791e-06 1.8551e-05 0.000200603 0.00150211 0.00778913 0.0279767 0.0696693 0.120735 0.147721 0.134462 0.105699 0.0888323 0.0803421 0.0674949 0.0512525 0.0370753 0.0257075 0.016468 0.00946987 0.00478075 0.00206311 0.00073904
 3.50437e-11 1.64829e-09 5.36837e-08 1.2107e-06 1.89068e-05 0.000204451 0.00153093 0.00793853 0.028513 0.0710017 0.123023 0.15042 0.136595 0.106677 0.0887429 0.0795036 0.0660857 0.0494002 0.0350754 0.0239702 0.0152734 0.00882863 0.00451201 0.00197197 0.0007122
 3.53394e-11 1.6622e-09 5.41367e-08 1.22092e-06 1.90664e-05 0.000206176 0.00154385 0.00800551 0.0287536 0.0716009 0.124061 0.151689 0.137744 0.10755 0.0893706 0.0798061 0.0658512 0.0485637 0.0338405 0.0226578 0.0141555 0.0080556 0.00408596 0.00178793 0.000650162
 3.2341e-11 1.52116e-09 4.95433e-08 1.11733e-06 1.74487e-05 0.000188683 0.00141287 0.00732651 0.0263175 0.0655603 0.113771 0.139941 0.12975 0.106899 0.0954807 0.0890199 0.0745161 0.0550921 0.038245 0.0253465 0.0155754 0.00868479 0.00431965 0.00186294 0.000672359
 3.13615e-11 1.4751e-09 4.80429e-08 1.08349e-06 1.69202e-05 0.000182969 0.00137008 0.00710462 0.0255203 0.0635736 0.110318 0.135668 0.125725 0.103554 0.0928713 0.0879425 0.0761779 0.0594648 0.0436581 0.0299537 0.0186057 0.0103219 0.00506236 0.00214517 0.000761472
 3.22954e-11 1.51902e-09 4.94735e-08 1.11575e-06 1.74241e-05 0.000188417 0.00141087 0.00731608 0.0262789 0.0654535 0.113512 0.139278 0.12805 0.103358 0.0902474 0.0840461 0.0723228 0.05657 0.0422546 0.0300357 0.0195153 0.0112578 0.005642 0.0023993 0.00084478
 3.40578e-11 1.60192e-09 5.21734e-08 1.17664e-06 1.83749e-05 0.000198699 0.00148786 0.00771522 0.0277113 0.0690088 0.119593 0.146339 0.133255 0.104865 0.0883152 0.0801141 0.0676526 0.0518513 0.0380432 0.0269042 0.0177025 0.0105063 0.00545771 0.00239708 0.000861939
#obs catch len freq
 1.8851e-11 8.86659e-10 2.88779e-08 6.5127e-07 1.01705e-05 0.000109981 0.000823556 0.00427093 0.0153463 0.0382758 0.0667387 0.0835832 0.0823116 0.0779573 0.0822742 0.0869794 0.0834103 0.0758062 0.0692387 0.0629652 0.0552866 0.0457 0.0343773 0.0224519 0.0120821
 2.25149e-11 1.05899e-09 3.44907e-08 7.77852e-07 1.21473e-05 0.000131356 0.000983604 0.00510062 0.0183231 0.0456569 0.0793116 0.097939 0.0920925 0.0788603 0.07529 0.0770999 0.075385 0.0707953 0.065574 0.0592197 0.0515518 0.0425752 0.032062 0.0208772 0.0111581
 8.5363e-16 4.02256e-14 1.31982e-12 3.06339e-11 5.32274e-10 8.07007e-09 1.29259e-07 2.08781e-06 2.77146e-05 0.000268631 0.00182954 0.00867122 0.0285882 0.0659081 0.107872 0.130169 0.12568 0.110358 0.0976108 0.0875594 0.0767349 0.063499 0.0477188 0.0309908 0.0165114
 1.09049e-11 5.12915e-10 1.67053e-08 3.76747e-07 5.88343e-06 6.36207e-05 0.000476378 0.00246997 0.00886785 0.0220463 0.037956 0.0452949 0.0378209 0.0242108 0.0204023 0.0372891 0.0731998 0.110577 0.128711 0.124085 0.107745 0.0878375 0.0656838 0.0426 0.0226563
 5.07614e-11 2.38757e-09 7.77617e-08 1.75372e-06 2.73869e-05 0.000296149 0.0022175 0.0114976 0.0412808 0.10264 0.176784 0.21117 0.175742 0.103722 0.0462641 0.0187171 0.00955778 0.00852849 0.0119083 0.0165202 0.0187899 0.0174091 0.0134961 0.0087757 0.004653
 3.09487e-11 1.45568e-09 4.74104e-08 1.06923e-06 1.66975e-05 0.000180561 0.00135207 0.00701163 0.0251922 0.0628129 0.109386 0.136334 0.132029 0.119769 0.117244 0.108715 0.0795254 0.0430914 0.0184964 0.00890436 0.00744906 0.00778186 0.00700559 0.00497055 0.0027319
 3.84095e-11 1.8066e-09 5.88397e-08 1.32698e-06 2.07228e-05 0.000224087 0.00167795 0.00870062 0.0312466 0.0777711 0.134497 0.163251 0.144433 0.105042 0.0790077 0.0683432 0.0599344 0.0486189 0.0348544 0.0207939 0.0102826 0.00499767 0.00304608 0.00206393 0.00119231
 2.33503e-11 1.09829e-09 3.57705e-08 8.06716e-07 1.25981e-05 0.000136232 0.00102014 0.00529066 0.019014 0.047459 0.0829923 0.10506 0.106891 0.107317 0.11693 0.118421 0.0989064 0.0705665 0.0480681 0.0325196 0.0202918 0.0108631 0.00503688 0.00222006 0.00098327
 4.12495e-11 1.94018e-09 6.31903e-08 1.4251e-06 2.2255e-05 0.000240656 0.001802 0.00934361 0.0335522 0.0834739 0.144116 0.173779 0.150042 0.101213 0.066295 0.0523578 0.0472199 0.0425702 0.0354423 0.0258617 0.0164019 0.00917732 0.00450299 0.00189759 0.000686758
 3.18507e-11 1.4981e-09 4.87922e-08 1.10039e-06 1.71842e-05 0.000185823 0.00139146 0.00721563 0.0259213 0.0645936 0.112232 0.138695 0.130621 0.111515 0.102996 0.0950704 0.074486 0.049176 0.0313663 0.0216745 0.0151988 0.00956639 0.00506985 0.00221506 0.000791089
 3.59455e-11 1.6907e-09 5.50651e-08 1.24186e-06 1.93934e-05 0.000209712 0.00157032 0.00814267 0.0292449 0.0728098 0.126058 0.153675 0.138104 0.104955 0.0843442 0.0751943 0.0646115 0.0507067 0.0366748 0.0241097 0.0144222 0.00812449 0.00428898 0.00198337 0.000749734
 3.74026e-11 1.75924e-09 5.72973e-08 1.2922e-06 2.01795e-05 0.000218213 0.00163397 0.00847274 0.0304303 0.0757599 0.131158 0.159854 0.143504 0.108555 0.0859045 0.0739061 0.0595847 0.0432406 0.0301755 0.020697 0.0132587 0.00757143 0.00379103 0.00165128 0.000611028
 3.80359e-11 1.78903e-09 5.82674e-08 1.31408e-06 2.05212e-05 0.000221908 0.00166164 0.00861619 0.0309453 0.0770404 0.133364 0.16249 0.1457 0.109849 0.086447 0.0739557 0.0590996 0.0419354 0.0279612 0.0181002 0.0111354 0.0063265 0.00321462 0.00140467 0.000510022
 3.61784e-11 1.70166e-09 5.54219e-08 1.2499e-06 1.95191e-05 0.000211071 0.0015805 0.00819557 0.0294364 0.0733008 0.127006 0.15529 0.141003 0.110017 0.0910997 0.0805133 0.0649074 0.0458838 0.0302092 0.0190959 0.0113151 0.00614607 0.00301083 0.0012911 0.000465675
 3.35035e-11 1.57584e-09 5.13242e-08 1.15749e-06 1.80759e-05 0.000195466 0.00146365 0.00758979 0.0272624 0.0679053 0.117781 0.14459 0.133159 0.107858 0.0942374 0.0867022 0.0721086 0.0529148 0.0362013 0.0233863 0.0138374 0.0073603 0.00348564 0.00143992 0.000503202
 2.9115e-11 1.36943e-09 4.46014e-08 1.00587e-06 1.57082e-05 0.000169862 0.00127194 0.00659592 0.0236956 0.0590526 0.102641 0.127018 0.12023 0.104155 0.0990247 0.0961724 0.0829057 0.0634359 0.0456232 0.0309156 0.0190294 0.0103884 0.0049515 0.00201894 0.000687672
 3.65959e-11 1.72129e-09 5.60614e-08 1.26433e-06 1.97443e-05 0.000213506 0.00159872 0.00828989 0.0297725 0.074112 0.128235 0.155965 0.138987 0.103143 0.079873 0.0696358 0.0600856 0.0487679 0.0378178 0.0273941 0.0178591 0.0102628 0.0050984 0.00213409 0.0007335
 3.28651e-11 1.54581e-09 5.03462e-08 1.13543e-06 1.77314e-05 0.000191741 0.00143576 0.00744523 0.026744 0.066622 0.115609 0.14218 0.131741 0.10827 0.0960155 0.0881115 0.0715737 0.0508226 0.0346992 0.0240408 0.0161878 0.00990843 0.00524291 0.00231239 0.000826362
 3.2925e-11 1.54864e-09 5.0438e-08 1.13751e-06 1.77638e-05 0.000192091 0.00143838 0.0074587 0.0267911 0.0667269 0.115707 0.141906 0.130258 0.104712 0.0909282 0.0843415 0.0721689 0.055522 0.0399703 0.0269727 0.0168227 0.0097227 0.0051232 0.00234081 0.000877904
 3.35864e-11 1.57974e-09 5.14511e-08 1.16035e-06 1.81206e-05 0.000195949 0.00146727 0.00760847 0.0273285 0.0680601 0.117982 0.144523 0.132099 0.104989 0.089616 0.0818941 0.0692078 0.0529328 0.0387116 0.0271757 0.0175846 0.0101985 0.00522373 0.00231794 0.000863668
 3.44416e-11 1.61996e-09 5.27612e-08 1.1899e-06 1.8582e-05 0.000200938 0.00150462 0.00780214 0.0280236 0.0697859 0.120937 0.147972 0.134698 0.105885 0.0889357 0.0802524 0.0670838 0.0505654 0.0363974 0.0253596 0.0165431 0.00979545 0.00511501 0.00228084 0.00084247
 3.03425e-11 1.42716e-09 4.64818e-08 1.04828e-06 1.63704e-05 0.000177024 0.00132557 0.00687392 0.0246934 0.0615296 0.106882 0.131962 0.123934 0.105352 0.097785 0.0931988 0.0788131 0.0588977 0.0416906 0.0285399 0.018357 0.0108023 0.00566421 0.00255309 0.000952514
 3.60821e-11 1.69713e-09 5.52743e-08 1.24658e-06 1.94671e-05 0.000210509 0.00157628 0.00817357 0.0293555 0.0730805 0.126496 0.154065 0.137986 0.103855 0.0821605 0.0723918 0.0620491 0.0493983 0.0373677 0.0264768 0.0170799 0.00993627 0.00514931 0.00230856 0.000862526
 3.30982e-11 1.55678e-09 5.07034e-08 1.14349e-06 1.78572e-05 0.000193101 0.00144595 0.00749801 0.0269331 0.0670888 0.11639 0.143 0.132059 0.107656 0.094603 0.0866824 0.0709693 0.0511712 0.0354047 0.0244898 0.0162461 0.00979521 0.00517054 0.00232215 0.000863625
 3.82945e-11 1.80119e-09 5.86635e-08 1.32301e-06 2.06607e-05 0.000223416 0.00167293 0.00867465 0.0311541 0.0775487 0.134165 0.163096 0.145067 0.106979 0.0816296 0.0693838 0.0573177 0.0434549 0.0311235 0.0210729 0.0132276 0.00765608 0.00401447 0.00182703 0.000688943
 3.35203e-11 1.57663e-09 5.135e-08 1.15807e-06 1.8085e-05 0.000195564 0.00146439 0.00759366 0.0272769 0.0679475 0.117895 0.144925 0.13407 0.109742 0.0968021 0.0884748 0.0714925 0.0500411 0.03298 0.0215087 0.013464 0.00773575 0.00395977 0.00175777 0.00065497
 3.32128e-11 1.56217e-09 5.08788e-08 1.14745e-06 1.7919e-05 0.000193769 0.00145095 0.00752388 0.0270252 0.0673095 0.116715 0.143129 0.131339 0.105485 0.0914517 0.0846429 0.0721697 0.0551813 0.0393227 0.0260456 0.015677 0.00856914 0.00423727 0.00184 0.00067324
 3.04659e-11 1.43297e-09 4.66709e-08 1.05255e-06 1.6437e-05 0.000177744 0.00133096 0.00690183 0.0247932 0.0617733 0.107271 0.132284 0.123739 0.104218 0.0958254 0.0913168 0.0781149 0.0597493 0.0434912 0.0302815 0.019319 0.01093 0.00538539 0.00227373 0.00080573
 3.52028e-11 1.65577e-09 5.39273e-08 1.2162e-06 1.89927e-05 0.000205379 0.00153787 0.00797445 0.0286411 0.0713091 0.123479 0.15062 0.135641 0.103646 0.0838622 0.07483 0.0641021 0.0507758 0.0384392 0.0275583 0.0180884 0.0106234 0.00544589 0.00236102 0.000840865
#spawning biomass
 23752.8 21886 16368.7 12052.2 13334.7 23186.6 36635.8 47296.5 58652.7 80414.5 91630.5 113262 135987 164628 183471 164572 150569 135062 139352 136746 147292 138339 133263 152443 160206 171854 181205 156582 141657 142743 177946 125991 82081.9 54851.4 39931.5 32311.7 28586 26815 25988.8 25608.2 25434.4 25355.5 25319.9 25303.8 25296.5 25293.3 25291.8 25291.2 25290.9 25290.8 25290.7 25290.7 25290.7 25290.7 25290.7 25290.7 25290.7 25290.7 25290.7 25290.7 25290.7 25290.7 25290.7 25290.7 25290.7 25290.7 25290.7 25290.7 25290.7 25290.7 25290.7 25290.7 25290.7 25290.7 25290.7 25290.7 25290.7 25290.7 25290.7 25290.7 25290.7 25290.7 25290.7 25290.7 25290.7 25290.7 25290.7 25290.7 25290.7 25290.7 25290.7 25290.7 25290.7 25290.7 25290.7 25290.7 25290.7 25290.7 25290.7 25290.7 25290.7 25290.7 25290.7 25290.7 25290.7 25290.7 25290.7 25290.7 25290.7 25290.7 25290.7 25290.7 25290.7 25290.7 25290.7 25290.7 25290.7 25290.7 25290.7 25290.7 25290.7 25290.7 25290.7 25290.7 25290.7 25290.7 25290.7 25290.7 25290.7 0 0 0 0 0 0 0 0 0 0 0 0 0 0 0 0 0 0 0 0 0 0 0 0 0
