SBPRF35
0.251655
Curr Bio
139879
B35
193408
F35
0.39664
FOFL
0.283789
OFL
40086.5
Bzero
71901.3
#pred survey bio
 27853.9 23451.5 17063.8 15216.1 22902 34711 50660.9 65673.9 86607.1 113259 136221 177102 209042 242950 253716 231268 221060 195664 202712 202246 209823 198204 196355 227781 241824 244999 250702 219448 205984 7.25775e+06 3.99517e+06 2.92316e+06 2.0364e+06 1.46074e+06 1.12637e+06 942711 844239 791609 763149 747415 738467 733219 730049 728081 726831 726029 725507 725164 724937 724785 724684 724616 724571 724540 724520 724506 724497 724491 724486 724483 724482 724480 724479 724479 724478 724478 724478 724478 724478 724478 724478 724478 724478 724478 724478 724478 724478 724478 724478 724478 724478 724478 724478 724478 724478 724478 724478 724478 724478 724478 724478 724478 724478 724478 724478 724478 724478 724478 724478 724478 724478 724478 724478 724478 724478 724478 724478 724478 724478 724478 724478 724478 724478 724478 724478 724478 724478 724478 724478 724478 724478 724478 724478 724478 724478 724478 724478 724478 724478 0 0 0 0 0 0 0 0 0 0 0 0 0 0 0 0 0 0 0 0 0 0 0 0 0
#obs survey bio
 24976 16210.9 9078.83 29964.2 31063.4 46687.8 58163.2 73517.5 118853 147842 98545.9 255995 223299 223814 276323 222564 185885 204460 225818 187582 210760 157368 171693 173908 417859 199038 236364 198297 196254
#pred catch bio
 4947.09 4957.07 3301.62 3226.1 5380.03 6122.6 11754.1 17545.8 21979.4 38048.2 46621.3 70340.8 78599.8 91755.4 110764 102194 106025 79919.2 88721.5 80858 92400.4 86322 73007.6 97155.6 101015 92980.9 113565 97772.8 86758.4 40086.5 50453.6 35739.2 23950.9 16586.2 12504.7 10395.5 9352.07 8850.31 8613.52 8503.19 8452.23 8428.82 8418.12 8413.24 8411.02 8410.01 8409.55 8409.35 8409.25 8409.21 8409.19 8409.18 8409.18 8409.18 8409.18 8409.17 8409.17 8409.17 8409.17 8409.17 8409.17 8409.17 8409.17 8409.17 8409.17 8409.17 8409.17 8409.17 8409.17 8409.17 8409.17 8409.17 8409.17 8409.17 8409.17 8409.17 8409.17 8409.17 8409.17 8409.17 8409.17 8409.17 8409.17 8409.17 8409.17 8409.17 8409.17 8409.17 8409.17 8409.17 8409.17 8409.17 8409.17 8409.17 8409.17 8409.17 8409.17 8409.17 8409.17 8409.17 8409.17 8409.17 8409.17 8409.17 8409.17 8409.17 8409.17 8409.17 8409.17 8409.17 8409.17 8409.17 8409.17 8409.17 8409.17 8409.17 8409.17 8409.17 8409.17 8409.17 8409.17 8409.17 8409.17 8409.17 8409.17 8409.17 8409.17 8409.17 8409.17 0 0 0 0 0 0 0 0 0 0 0 0 0 0 0 0 0 0 0 0 0 0 0 0 0
#obs catch bio
 3968.3 5210.77 3558.17 3314.33 5401.15 5920.29 11588.7 17131.7 20564.7 36002.1 45919.3 67729.6 75882.1 90116.4 108502 101906 110945 81419.1 95325.8 82715.4 95521.7 88979 71473.2 97381.6 96567.4 90356.9 114063 96265.6 86438.9
#pred cpue bio
 26951.7 23091.1 16895.4 14489 20718.1 32047.4 47397.4 61409.3 80153.7 105632 125893 162400 192169 224827 237408 215808 204787 181650 188046 187088 195303 184290 181721 210376 223012 228011 234546 204839 191044 6.73379e+06 3.9513e+06 2.8909e+06 2.00436e+06 1.42869e+06 1.09433e+06 910666 812194 759565 731105 715371 706422 701175 698004 696037 694787 693985 693463 693119 692892 692741 692640 692572 692526 692496 692475 692462 692452 692446 692442 692439 692437 692436 692435 692434 692434 692434 692433 692433 692433 692433 692433 692433 692433 692433 692433 692433 692433 692433 692433 692433 692433 692433 692433 692433 692433 692433 692433 692433 692433 692433 692433 692433 692433 692433 692433 692433 692433 692433 692433 692433 692433 692433 692433 692433 692433 692433 692433 692433 692433 692433 692433 692433 692433 692433 692433 692433 692433 692433 692433 692433 692433 692433 692433 692433 692433 692433 692433 692433 692433 0 0 0 0 0 0 0 0 0 0 0 0 0 0 0 0 0 0 0 0 0 0 0 0 0
#obs cpue bio
 23726.1 18827.6 11053.2 16290.3 23175.4 29653.3 41257.2 70688.1 91421.1 93509.4 125417 163396 191674 237290 249036 204110 185530 152445 114723 206012 176393 212359 246330 279424 187607 268297 235215 253707 187775
#pred surv len freq
 2.41248e-11 1.13471e-09 3.69569e-08 8.33471e-07 1.30159e-05 0.000140749 0.00105394 0.00546532 0.019633 0.0489188 0.0849643 0.104851 0.0983557 0.0836224 0.0786788 0.0785965 0.0737325 0.0655414 0.0576397 0.0500888 0.0429797 0.0368061 0.0307575 0.023365 0.0147946
 1.2453e-11 5.85732e-10 1.90769e-08 4.30232e-07 6.71873e-06 7.2655e-05 0.000544079 0.00282209 0.0101476 0.0253822 0.0447517 0.0583658 0.064769 0.0754858 0.0936958 0.105107 0.101142 0.0897241 0.0785954 0.067968 0.0571401 0.0466114 0.0363446 0.0258013 0.015522
 9.56084e-12 4.49696e-10 1.46463e-08 3.30311e-07 5.1583e-06 5.57805e-05 0.000417703 0.00216638 0.00778678 0.019447 0.0340848 0.043529 0.0456387 0.0493535 0.0612614 0.0774917 0.0930792 0.104966 0.107764 0.0993368 0.0841685 0.0670961 0.0499464 0.0334168 0.0189877
 3.44868e-11 1.62209e-09 5.28305e-08 1.19146e-06 1.86063e-05 0.000201201 0.00150656 0.00781159 0.0280489 0.0697649 0.120326 0.144519 0.122913 0.0788405 0.046262 0.0339665 0.0340212 0.0400924 0.0483607 0.0541446 0.0535511 0.0461757 0.0347199 0.022529 0.0122244
 4.44139e-11 2.08902e-09 6.8038e-08 1.53443e-06 2.39623e-05 0.000259118 0.00194024 0.0100604 0.036126 0.0898771 0.155168 0.187081 0.161373 0.108093 0.0680203 0.0470772 0.0326147 0.0208455 0.0145973 0.013606 0.0145336 0.0143357 0.0119132 0.00807641 0.00437791
 3.64659e-11 1.71518e-09 5.58624e-08 1.25984e-06 1.96742e-05 0.000212749 0.00159306 0.00826078 0.0296713 0.0738938 0.128087 0.156861 0.143206 0.113228 0.0949869 0.0830879 0.0636939 0.0404493 0.0228294 0.0129335 0.00843318 0.00670121 0.00556728 0.0040067 0.00227516
 3.31486e-11 1.55915e-09 5.07806e-08 1.14523e-06 1.78844e-05 0.000193395 0.00144814 0.00750936 0.026973 0.0671806 0.116496 0.142888 0.131206 0.105594 0.0919155 0.0855733 0.0735191 0.0564025 0.0394821 0.0247403 0.0136906 0.00720817 0.00409953 0.00248885 0.00137251
 3.40055e-11 1.59946e-09 5.20932e-08 1.17483e-06 1.83467e-05 0.000198394 0.00148557 0.00770332 0.027668 0.0688954 0.119359 0.145875 0.132276 0.103 0.0857314 0.0780138 0.0675294 0.0540371 0.041324 0.0295522 0.0187701 0.0103291 0.0050082 0.00225435 0.000969544
 3.7095e-11 1.74477e-09 5.68261e-08 1.28157e-06 2.00135e-05 0.000216418 0.00162053 0.00840298 0.0301788 0.0751263 0.130008 0.158203 0.141231 0.105247 0.0816723 0.0702531 0.0584565 0.0451186 0.0338794 0.0248012 0.0168821 0.0102071 0.0052964 0.00231805 0.000859324
 3.43065e-11 1.61362e-09 5.25544e-08 1.18523e-06 1.85091e-05 0.000200151 0.00149873 0.00777161 0.0279143 0.0695182 0.120503 0.147579 0.134779 0.10682 0.0905736 0.0817082 0.0673664 0.0495423 0.0348819 0.0242646 0.0162011 0.00998104 0.00543519 0.00250116 0.000939932
 3.72328e-11 1.75125e-09 5.70372e-08 1.28633e-06 2.00879e-05 0.000217222 0.00162655 0.00843421 0.0302911 0.0754068 0.130501 0.158835 0.141906 0.105999 0.0826241 0.0714154 0.0595952 0.0456925 0.0332738 0.023008 0.0147649 0.00872104 0.00466359 0.00216838 0.000835521
 3.89229e-11 1.83075e-09 5.96262e-08 1.34472e-06 2.09997e-05 0.000227083 0.00170038 0.00881701 0.0316653 0.078822 0.136372 0.165792 0.147498 0.108764 0.0826681 0.0692151 0.0553761 0.0401557 0.0279285 0.0190853 0.0123545 0.00729695 0.00383263 0.00174283 0.000663918
 3.78511e-11 1.78034e-09 5.79844e-08 1.30769e-06 2.04215e-05 0.00022083 0.00165357 0.00857435 0.0307952 0.0766693 0.132738 0.161802 0.145324 0.110065 0.0871879 0.0748089 0.0596307 0.0420383 0.0278332 0.0179528 0.011055 0.00632666 0.00327328 0.00147386 0.000554977
 3.61033e-11 1.69813e-09 5.53069e-08 1.24731e-06 1.94785e-05 0.000210633 0.00157722 0.00817853 0.0293747 0.0731441 0.126712 0.154823 0.140242 0.10876 0.089439 0.0791647 0.0647354 0.0470024 0.0318901 0.0205531 0.0122621 0.00667439 0.00328554 0.00142559 0.000524366
 3.30109e-11 1.55268e-09 5.05697e-08 1.14047e-06 1.78101e-05 0.000192592 0.00144213 0.00747821 0.0268615 0.0669072 0.116051 0.142475 0.131243 0.106401 0.0931901 0.0862062 0.0725327 0.0543797 0.0383469 0.0256145 0.0156521 0.00855148 0.00412364 0.00172303 0.000608282
 3.43907e-11 1.61757e-09 5.26833e-08 1.18814e-06 1.85545e-05 0.000200641 0.0015024 0.00779059 0.0279816 0.0696774 0.120722 0.147579 0.133935 0.104499 0.0870805 0.0788644 0.0672568 0.0523845 0.038784 0.0271266 0.0172728 0.00977496 0.00482185 0.0020232 0.000704114
 3.64664e-11 1.71521e-09 5.58631e-08 1.25985e-06 1.96744e-05 0.000212751 0.00159307 0.00826068 0.0296687 0.0738657 0.12789 0.155924 0.140156 0.106455 0.0849946 0.0741825 0.0612715 0.0461238 0.0334307 0.0235985 0.015571 0.00922919 0.00475535 0.00206325 0.000732462
 3.54229e-11 1.66613e-09 5.42646e-08 1.2238e-06 1.91115e-05 0.000206664 0.0015475 0.00802445 0.0288218 0.0717717 0.124365 0.152099 0.13823 0.108139 0.0899786 0.0800579 0.0653267 0.0473391 0.032557 0.021935 0.0140996 0.008359 0.00440945 0.00198248 0.00072946
 3.5822e-11 1.6849e-09 5.4876e-08 1.23759e-06 1.93268e-05 0.000208992 0.00156493 0.00811477 0.0291454 0.0725698 0.125694 0.153473 0.138684 0.106895 0.0872976 0.0774386 0.0643791 0.0482628 0.0341277 0.0229363 0.0142838 0.00814091 0.00418609 0.001876 0.000700749
 3.65676e-11 1.71996e-09 5.60181e-08 1.26335e-06 1.9729e-05 0.000213341 0.00159749 0.00828362 0.0297514 0.0740743 0.12827 0.156477 0.140937 0.107633 0.0865772 0.0757217 0.0621095 0.0459209 0.0322993 0.0219244 0.0138601 0.00792015 0.00400926 0.00175496 0.000644335
 3.46609e-11 1.63028e-09 5.30973e-08 1.19748e-06 1.87003e-05 0.000202218 0.00151421 0.00785187 0.0282024 0.0702342 0.121734 0.149037 0.135953 0.107437 0.0907821 0.0818528 0.0676544 0.0498106 0.0346764 0.0232776 0.0146225 0.0083616 0.00424642 0.00185546 0.000674823
 3.52173e-11 1.65645e-09 5.39497e-08 1.2167e-06 1.90005e-05 0.000205464 0.00153851 0.00797783 0.0286539 0.0713496 0.123606 0.151039 0.136859 0.106285 0.0877974 0.078565 0.0657434 0.0497168 0.0355895 0.0242351 0.0152207 0.00864478 0.00436324 0.00190042 0.000689712
 3.65578e-11 1.7195e-09 5.60032e-08 1.26301e-06 1.97237e-05 0.000213285 0.00159707 0.0082814 0.0297433 0.0740525 0.128222 0.156369 0.140686 0.107127 0.0858363 0.0750173 0.0617897 0.0461023 0.0328267 0.0225682 0.0144458 0.00834295 0.00424247 0.00184708 0.000667973
 3.69999e-11 1.7403e-09 5.66804e-08 1.27828e-06 1.99622e-05 0.000215864 0.00161638 0.00838153 0.0301027 0.074946 0.129759 0.158195 0.142169 0.107905 0.0859631 0.0746412 0.0609414 0.0448253 0.0313445 0.0212223 0.0134919 0.00782053 0.00402091 0.00177138 0.000645484
 3.72459e-11 1.75187e-09 5.70572e-08 1.28678e-06 2.0095e-05 0.000217299 0.00162713 0.00843726 0.0303029 0.0754446 0.130624 0.159256 0.143143 0.10867 0.0865407 0.0749396 0.0607556 0.0440998 0.0302745 0.0200963 0.0125383 0.00715911 0.00365269 0.00161011 0.000590271
 3.45254e-11 1.62391e-09 5.28897e-08 1.19279e-06 1.86272e-05 0.000201427 0.00150829 0.0078212 0.0280926 0.0699642 0.12129 0.148604 0.135912 0.108128 0.0921568 0.0833603 0.0686264 0.0499738 0.0341961 0.0224744 0.0137942 0.00772046 0.00386509 0.00168001 0.000611362
 3.33559e-11 1.5689e-09 5.10981e-08 1.15239e-06 1.79962e-05 0.000194604 0.0014572 0.00755628 0.0271412 0.067596 0.117193 0.14363 0.131524 0.105058 0.0903943 0.0832622 0.0709212 0.0544919 0.0394591 0.0268782 0.0166848 0.00929127 0.00458652 0.00195918 0.000701479
 3.42916e-11 1.61291e-09 5.25316e-08 1.18472e-06 1.85011e-05 0.000200063 0.00149807 0.00776817 0.0279013 0.0694797 0.120395 0.14725 0.13386 0.104881 0.0878076 0.0794341 0.0671653 0.0516892 0.0380778 0.0268894 0.0174773 0.0101276 0.00511003 0.00219068 0.000778079
 3.61379e-11 1.69976e-09 5.53599e-08 1.2485e-06 1.94972e-05 0.000210835 0.00157873 0.00818629 0.0294018 0.0732035 0.12676 0.154624 0.139238 0.106293 0.0855428 0.0751144 0.0622492 0.046923 0.0339322 0.023827 0.0156852 0.0093569 0.00489675 0.00216881 0.000786662
#obs surv len freq
 2.48162e-11 1.16724e-09 3.80161e-08 8.5736e-07 1.33889e-05 0.000144783 0.00108414 0.00562182 0.0201937 0.050301 0.0872629 0.107211 0.0990623 0.0812474 0.0735352 0.0731165 0.0707793 0.0662387 0.0612572 0.0552823 0.0481105 0.0397286 0.029917 0.0194802 0.0104114
 1.00099e-15 4.71571e-14 1.54561e-12 3.57289e-11 6.12021e-10 8.94022e-09 1.36006e-07 2.12757e-06 2.79255e-05 0.000269828 0.00183619 0.00870085 0.0286834 0.0661207 0.108195 0.130487 0.125845 0.110322 0.0974349 0.0873311 0.0765105 0.0633062 0.0475721 0.030895 0.0164603
 1.23428e-11 5.80545e-10 1.8908e-08 4.26422e-07 6.65919e-06 7.20093e-05 0.000539191 0.00279565 0.0100371 0.0249531 0.0429599 0.0512582 0.04273 0.0269385 0.0211558 0.0365401 0.0710633 0.107247 0.124818 0.12032 0.104466 0.0851583 0.0636782 0.0412986 0.0219641
 5.16952e-11 2.43149e-09 7.91921e-08 1.78598e-06 2.78906e-05 0.000301597 0.0022583 0.0117091 0.04204 0.104526 0.180019 0.214973 0.178708 0.105024 0.0461528 0.0179592 0.00868356 0.00751439 0.0104265 0.0144535 0.0164376 0.0152293 0.0118062 0.0076768 0.00407034
 3.30623e-11 1.55509e-09 5.06482e-08 1.14225e-06 1.78378e-05 0.000192892 0.00144439 0.00749022 0.026909 0.067067 0.116613 0.144493 0.137265 0.119359 0.111718 0.101316 0.0735898 0.0397907 0.0170572 0.00819292 0.00684072 0.00714302 0.00643008 0.00456219 0.00250745
 4.02809e-11 1.89462e-09 6.17065e-08 1.39164e-06 2.17324e-05 0.000235005 0.0017597 0.00912443 0.0327673 0.0815434 0.140934 0.170654 0.14965 0.105945 0.0758971 0.0631387 0.0545242 0.0440246 0.0315087 0.0187843 0.00928564 0.004512 0.00274959 0.00186292 0.00107617
 2.53534e-11 1.1925e-09 3.88391e-08 8.7592e-07 1.36788e-05 0.000147918 0.00110764 0.00574426 0.0206415 0.0514944 0.0898668 0.112911 0.112241 0.107784 0.112933 0.112449 0.0934083 0.0664903 0.0452159 0.0305566 0.0190574 0.0102004 0.00472928 0.0020844 0.000923172
 4.29468e-11 2.02001e-09 6.57905e-08 1.48374e-06 2.31707e-05 0.000250558 0.00187615 0.00972801 0.0349317 0.0868975 0.149969 0.180563 0.155 0.102543 0.0642586 0.0484373 0.0427691 0.0383288 0.0318575 0.0232319 0.0147302 0.00824083 0.0040432 0.00170377 0.000616603
 3.36599e-11 1.5832e-09 5.15638e-08 1.16289e-06 1.81603e-05 0.000196378 0.00147049 0.00762533 0.0273912 0.0682377 0.118435 0.145758 0.135361 0.111736 0.0991051 0.0894758 0.0695778 0.0458133 0.0291722 0.0201349 0.014112 0.00888097 0.00470638 0.00205623 0.00073436
 3.76605e-11 1.77137e-09 5.76924e-08 1.30111e-06 2.03187e-05 0.000219718 0.00164523 0.00853105 0.0306385 0.0762664 0.131954 0.160447 0.142846 0.105703 0.0814061 0.0704342 0.0598489 0.0468037 0.0338037 0.022207 0.0132797 0.00747974 0.00394835 0.0018258 0.000690166
 3.90184e-11 1.83524e-09 5.97724e-08 1.34802e-06 2.10513e-05 0.00022764 0.00170455 0.00883863 0.0317431 0.0790153 0.136706 0.1662 0.147861 0.109022 0.0828108 0.0692 0.0551759 0.039896 0.0277962 0.0190489 0.0121984 0.00696502 0.00348723 0.00151892 0.000562046
 3.95781e-11 1.86156e-09 6.06299e-08 1.36736e-06 2.13533e-05 0.000230905 0.001729 0.00896541 0.0321983 0.0801474 0.138657 0.168535 0.149819 0.110206 0.0833537 0.0693127 0.0547929 0.0387433 0.0257928 0.0166826 0.0102593 0.00582787 0.00296109 0.00129387 0.000469787
 3.7842e-11 1.7799e-09 5.79703e-08 1.30738e-06 2.04166e-05 0.000220776 0.00165317 0.00857228 0.030788 0.076652 0.132714 0.161805 0.145429 0.110362 0.0877002 0.0754381 0.0602159 0.0424281 0.0278906 0.0176147 0.010433 0.005666 0.00277547 0.00119014 0.000429258
 3.51275e-11 1.65223e-09 5.3812e-08 1.2136e-06 1.89521e-05 0.00020494 0.00153459 0.00795755 0.0285819 0.0711773 0.123356 0.150966 0.137531 0.108308 0.0910828 0.0818867 0.0675533 0.0494382 0.0337791 0.021806 0.0128981 0.00685977 0.00324844 0.0013419 0.000468945
 3.079e-11 1.44821e-09 4.71674e-08 1.06374e-06 1.66119e-05 0.000179635 0.00134512 0.00697524 0.0250567 0.0624281 0.108396 0.133616 0.124811 0.104778 0.0960095 0.0914308 0.0783014 0.0597753 0.0429399 0.0290787 0.0178936 0.00976722 0.00465524 0.00189811 0.000646511
 3.80627e-11 1.79028e-09 5.83084e-08 1.315e-06 2.05356e-05 0.000222064 0.0016628 0.00862206 0.0309645 0.0770689 0.133282 0.161775 0.143103 0.103921 0.0775823 0.0658158 0.056199 0.0454673 0.0352164 0.0254967 0.0166186 0.00954926 0.00474376 0.00198562 0.00068247
 3.45993e-11 1.62739e-09 5.30029e-08 1.19535e-06 1.86671e-05 0.000201859 0.00151152 0.00783796 0.0281531 0.070116 0.121562 0.148983 0.136391 0.108713 0.0926156 0.0830098 0.066876 0.047352 0.0322806 0.0223451 0.0150402 0.00920469 0.00487032 0.00214802 0.00076762
 3.46415e-11 1.62937e-09 5.30675e-08 1.19681e-06 1.86899e-05 0.000202105 0.00151336 0.00784741 0.0281858 0.0701862 0.121606 0.148674 0.134973 0.105396 0.0879043 0.0795374 0.0674639 0.0517521 0.037207 0.0250907 0.015644 0.0090403 0.00476338 0.00217636 0.000816224
 3.52858e-11 1.65967e-09 5.40545e-08 1.21907e-06 1.90375e-05 0.000205863 0.0015415 0.00799331 0.0287094 0.0714849 0.123823 0.151223 0.136765 0.105663 0.0866296 0.0771775 0.0646307 0.0492828 0.0359921 0.0252486 0.0163327 0.00947132 0.00485104 0.00215253 0.00080203
 3.61184e-11 1.69884e-09 5.533e-08 1.24783e-06 1.94867e-05 0.000210721 0.00157787 0.00818188 0.0293861 0.0731651 0.126699 0.154577 0.139282 0.106508 0.0859258 0.0755422 0.0625533 0.0470038 0.0337855 0.0235224 0.0153397 0.0090818 0.00474214 0.00211454 0.000781039
 3.2055e-11 1.50771e-09 4.91051e-08 1.10745e-06 1.72944e-05 0.000187015 0.00140037 0.00726172 0.0260848 0.0649804 0.112764 0.1387 0.128594 0.105939 0.0946367 0.0883158 0.0741508 0.0552755 0.0390759 0.0267307 0.0171877 0.0101131 0.00530254 0.00239003 0.000891677
 3.77088e-11 1.77364e-09 5.77663e-08 1.30278e-06 2.03447e-05 0.000219999 0.00164734 0.00854195 0.0306773 0.0763594 0.132091 0.160499 0.14252 0.104649 0.0795166 0.0680561 0.0576958 0.045774 0.0345785 0.024485 0.0157908 0.00918532 0.00475993 0.00213396 0.000797285
 3.4735e-11 1.63377e-09 5.32108e-08 1.20004e-06 1.87403e-05 0.00020265 0.00151745 0.00786867 0.028263 0.0703866 0.122009 0.149426 0.136466 0.108117 0.0914543 0.0819134 0.0665322 0.0478423 0.0330559 0.0228473 0.0151514 0.00913412 0.00482138 0.00216532 0.000805293
 3.98088e-11 1.87241e-09 6.09833e-08 1.37533e-06 2.14777e-05 0.000232251 0.00173908 0.00901757 0.0323846 0.0806004 0.139369 0.169063 0.149214 0.107554 0.078922 0.0651157 0.0531701 0.0401631 0.0287241 0.0194349 0.0121957 0.00705794 0.00370066 0.00168418 0.000635075
 3.52087e-11 1.65605e-09 5.39364e-08 1.2164e-06 1.89959e-05 0.000205414 0.00153814 0.007976 0.0286487 0.0713487 0.123688 0.151535 0.138555 0.110079 0.0933433 0.0833436 0.0667981 0.0466253 0.0306839 0.0199937 0.0125105 0.00718683 0.0036786 0.00163293 0.000608447
 3.48833e-11 1.64074e-09 5.34379e-08 1.20516e-06 1.88203e-05 0.000203515 0.00152392 0.00790218 0.0283826 0.0706761 0.122455 0.14971 0.135907 0.106105 0.0884364 0.0798896 0.0675356 0.0514925 0.036647 0.0242572 0.0145962 0.0079773 0.00394441 0.00171279 0.000626692
 3.21102e-11 1.51031e-09 4.91898e-08 1.10935e-06 1.73242e-05 0.000187337 0.00140278 0.00727419 0.0261292 0.065087 0.112922 0.138764 0.128245 0.10485 0.0929042 0.086718 0.0736592 0.0562049 0.0408622 0.028433 0.0181347 0.010259 0.00505455 0.00213402 0.000756217
 3.68434e-11 1.73294e-09 5.64406e-08 1.27288e-06 1.98778e-05 0.00021495 0.00160954 0.00834598 0.0299742 0.074616 0.129121 0.157107 0.140206 0.104434 0.0811803 0.0704544 0.0597349 0.0471612 0.0356545 0.0255456 0.0167628 0.0098438 0.00504606 0.00218765 0.000779112
 3.59216e-11 1.68958e-09 5.50284e-08 1.24103e-06 1.93805e-05 0.000209573 0.00156928 0.00813734 0.0292268 0.0727742 0.126062 0.153986 0.139341 0.107741 0.0881277 0.0775253 0.0630267 0.0458689 0.0321438 0.0224129 0.01495 0.00908246 0.00482968 0.0021683 0.000795471
#pred catch len freq
 2.16077e-11 1.01632e-09 3.3101e-08 7.46511e-07 1.16579e-05 0.000126064 0.000943982 0.00489528 0.0175872 0.0438405 0.076275 0.094745 0.0908457 0.0812639 0.0809756 0.0833066 0.0789069 0.0703707 0.0619771 0.053892 0.046253 0.0396116 0.0331024 0.0251464 0.0159226
 1.08196e-11 5.08903e-10 1.65747e-08 3.738e-07 5.83747e-06 6.31255e-05 0.000472726 0.00245216 0.00882001 0.0220867 0.0391132 0.0518087 0.0599 0.0739665 0.0952084 0.108201 0.10456 0.0929464 0.0815205 0.0705402 0.059315 0.0483885 0.0377307 0.0267854 0.0161141
 8.2069e-12 3.86014e-10 1.25722e-08 2.83535e-07 4.42783e-06 4.78815e-05 0.000358558 0.00185973 0.00668605 0.0167126 0.029392 0.0380038 0.0413094 0.0474397 0.061535 0.079133 0.0955194 0.107905 0.110861 0.10222 0.0866205 0.0690532 0.0514038 0.034392 0.0195418
 3.19768e-11 1.50404e-09 4.89855e-08 1.10475e-06 1.72522e-05 0.000186557 0.00139692 0.00724312 0.0260083 0.0646952 0.111622 0.134253 0.114805 0.075075 0.046303 0.0361656 0.037315 0.0442868 0.0534925 0.0599077 0.0592551 0.051095 0.038419 0.0249293 0.0135269
 4.25678e-11 2.00219e-09 6.521e-08 1.47065e-06 2.29663e-05 0.000248347 0.0018596 0.00964235 0.0346259 0.0861564 0.148821 0.179793 0.156268 0.107252 0.070995 0.0516239 0.0365969 0.0235704 0.0165581 0.015457 0.0165177 0.0162941 0.0135408 0.00917981 0.00497602
 3.39833e-11 1.59841e-09 5.20593e-08 1.17407e-06 1.83347e-05 0.000198265 0.00148462 0.0076986 0.0276544 0.0688942 0.11958 0.14719 0.136769 0.113081 0.100582 0.0910638 0.0706463 0.0450384 0.0254703 0.0144506 0.00943004 0.00749537 0.00622739 0.00448181 0.00254495
 3.07104e-11 1.44447e-09 4.70455e-08 1.06099e-06 1.65689e-05 0.00017917 0.00134164 0.00695721 0.0249918 0.0622671 0.108119 0.133284 0.124542 0.104699 0.096347 0.0925823 0.0804001 0.0618981 0.0433975 0.0272156 0.0150658 0.0079334 0.00451224 0.00273946 0.00151071
 3.16788e-11 1.49002e-09 4.8529e-08 1.09445e-06 1.70914e-05 0.00018482 0.00138394 0.00717642 0.0257774 0.0642056 0.111357 0.136674 0.125794 0.101869 0.0895162 0.0842096 0.0737445 0.0592304 0.0453665 0.0324665 0.0206268 0.011352 0.00550432 0.0024777 0.0010656
 3.48304e-11 1.63826e-09 5.3357e-08 1.20333e-06 1.87918e-05 0.000203207 0.00152161 0.00789016 0.0283387 0.0705621 0.122223 0.149261 0.134967 0.104241 0.0854826 0.076353 0.064421 0.0499413 0.0375681 0.0275241 0.0187415 0.0113324 0.00588049 0.00257371 0.000954101
 3.21947e-11 1.51429e-09 4.93193e-08 1.11227e-06 1.73698e-05 0.00018783 0.00140648 0.00729338 0.0261984 0.0652628 0.11325 0.139274 0.129046 0.106124 0.0944894 0.0877369 0.0730647 0.0539102 0.0380162 0.0264665 0.0176772 0.0108916 0.00593121 0.00272943 0.00102572
 3.52283e-11 1.65697e-09 5.39664e-08 1.21708e-06 1.90064e-05 0.000205528 0.00153899 0.00798028 0.0286623 0.0713669 0.123611 0.150929 0.13639 0.105177 0.086115 0.0769672 0.0650229 0.0500457 0.0364999 0.025257 0.0162128 0.0095772 0.00512158 0.00238135 0.000917583
 3.71585e-11 1.74776e-09 5.69234e-08 1.28376e-06 2.00478e-05 0.000216789 0.00162331 0.00841746 0.0302318 0.075267 0.130313 0.158861 0.142734 0.10824 0.0860271 0.0743399 0.0601887 0.0438096 0.0305169 0.0208699 0.0135139 0.00798251 0.00419283 0.00190664 0.000726322
 3.59795e-11 1.6923e-09 5.51173e-08 1.24303e-06 1.94117e-05 0.000209911 0.00157181 0.00815053 0.0292746 0.0728989 0.126315 0.15447 0.140336 0.109657 0.0909769 0.080472 0.0648593 0.0458862 0.0304282 0.019643 0.0121002 0.0069257 0.00358334 0.00161349 0.000607556
 3.41726e-11 1.60732e-09 5.23492e-08 1.18061e-06 1.84369e-05 0.000199369 0.00149288 0.00774132 0.027806 0.0692543 0.120084 0.147247 0.135056 0.108252 0.0932257 0.0849173 0.0701474 0.051098 0.0347193 0.0223935 0.0133646 0.00727534 0.00358151 0.00155403 0.00057161
 3.11978e-11 1.46739e-09 4.77921e-08 1.07783e-06 1.68319e-05 0.000182014 0.00136293 0.00706761 0.0253883 0.0632536 0.109823 0.135343 0.126319 0.105802 0.0965653 0.0914391 0.0775483 0.0582912 0.0411547 0.0275071 0.0168131 0.00918661 0.00443004 0.00185107 0.000653487
 3.26179e-11 1.53419e-09 4.99675e-08 1.12689e-06 1.75981e-05 0.000190299 0.00142496 0.00738912 0.026541 0.0661044 0.114628 0.140582 0.129042 0.10374 0.0901207 0.0837336 0.0720519 0.0562787 0.0417167 0.0291943 0.0185935 0.0105232 0.00519107 0.00217813 0.000758036
 3.48778e-11 1.64049e-09 5.34296e-08 1.20497e-06 1.88173e-05 0.000203483 0.00152368 0.00790094 0.0283779 0.0706643 0.122432 0.149666 0.135812 0.105862 0.0878383 0.0786301 0.0655429 0.0494816 0.0359073 0.0253611 0.0167377 0.00992143 0.00511214 0.00221806 0.000787424
 3.3569e-11 1.57893e-09 5.14246e-08 1.15975e-06 1.81112e-05 0.000195848 0.00146651 0.00760462 0.0273154 0.0680364 0.118 0.144818 0.133235 0.107612 0.0935465 0.0854852 0.0704128 0.0511799 0.0352474 0.0237651 0.0152807 0.00906014 0.00477944 0.00214885 0.000790677
 3.40735e-11 1.60265e-09 5.21974e-08 1.17718e-06 1.83834e-05 0.000198791 0.00148855 0.00771881 0.0277246 0.0690463 0.119688 0.146592 0.133924 0.106292 0.0905142 0.0824456 0.0691894 0.0520235 0.0368335 0.0247703 0.01543 0.00879494 0.00452252 0.00202679 0.000757076
 3.47193e-11 1.63303e-09 5.31867e-08 1.19949e-06 1.87318e-05 0.000202558 0.00151676 0.00786507 0.0282496 0.07035 0.121922 0.149209 0.135926 0.107039 0.0900358 0.0810521 0.0671753 0.0498307 0.0350991 0.0238418 0.0150766 0.00861616 0.00436171 0.00190925 0.000700987
 3.2893e-11 1.54713e-09 5.0389e-08 1.1364e-06 1.77465e-05 0.000191904 0.00143698 0.00745152 0.026766 0.066672 0.115663 0.142089 0.131171 0.106896 0.0941316 0.0869931 0.0725224 0.0535428 0.0373215 0.0250696 0.0157525 0.00900862 0.00457514 0.0019991 0.000727068
 3.34447e-11 1.57308e-09 5.12342e-08 1.15546e-06 1.80442e-05 0.000195122 0.00146108 0.00757641 0.0272136 0.0677775 0.117515 0.144058 0.132019 0.105641 0.0910076 0.0835909 0.0705955 0.0535425 0.0383761 0.0261488 0.0164268 0.00933057 0.0047095 0.00205125 0.000744454
 3.46207e-11 1.62839e-09 5.30357e-08 1.19609e-06 1.86786e-05 0.000201983 0.00151245 0.00784273 0.0281693 0.070149 0.121568 0.148746 0.135413 0.106459 0.0893913 0.0805365 0.0670671 0.0502148 0.0358083 0.024636 0.0157742 0.00911101 0.00463317 0.0020172 0.000729497
 3.52522e-11 1.65809e-09 5.4003e-08 1.2179e-06 1.90193e-05 0.000205667 0.00154003 0.00798575 0.0286827 0.0714244 0.123757 0.151325 0.137436 0.107357 0.0892527 0.079698 0.0657337 0.0485058 0.0339644 0.0230117 0.0146337 0.00848313 0.00436171 0.00192153 0.000700199
 3.54795e-11 1.66879e-09 5.43513e-08 1.22576e-06 1.9142e-05 0.000206994 0.00154997 0.00803726 0.0288677 0.0718857 0.124559 0.152321 0.138386 0.108175 0.0899552 0.0801376 0.0656413 0.0478018 0.032862 0.0218294 0.0136237 0.00777965 0.00396942 0.00174974 0.000641462
 3.25563e-11 1.53129e-09 4.98733e-08 1.12477e-06 1.75649e-05 0.00018994 0.00142228 0.0073753 0.0264927 0.065997 0.114529 0.140874 0.130613 0.107586 0.0959791 0.0891772 0.0740984 0.0541221 0.0370873 0.024393 0.0149767 0.00838326 0.00419705 0.00182432 0.000663879
 3.16026e-11 1.48643e-09 4.84122e-08 1.09182e-06 1.70503e-05 0.000184376 0.00138061 0.00715924 0.0257165 0.0640627 0.111168 0.13672 0.126716 0.104376 0.0935063 0.088185 0.0757246 0.058334 0.0422896 0.0288224 0.0178959 0.0099665 0.00491996 0.00210164 0.000752485
 3.25295e-11 1.53003e-09 4.98322e-08 1.12384e-06 1.75504e-05 0.000189783 0.0014211 0.00736913 0.0264695 0.0659284 0.114338 0.1403 0.129012 0.104159 0.0908703 0.0842952 0.0719037 0.0554912 0.040928 0.0289189 0.0188007 0.0108953 0.00549751 0.00235681 0.000837085
 3.43428e-11 1.61532e-09 5.26099e-08 1.18648e-06 1.85287e-05 0.000200362 0.00150031 0.00777977 0.0279432 0.0695859 0.120592 0.147552 0.134326 0.105617 0.0887491 0.0801379 0.0670828 0.0507277 0.0367329 0.0258104 0.0169952 0.0101392 0.0053063 0.00235022 0.000852465
#obs catch len freq
 1.8851e-11 8.86659e-10 2.88779e-08 6.5127e-07 1.01705e-05 0.000109981 0.000823556 0.00427093 0.0153463 0.0382758 0.0667387 0.0835832 0.0823116 0.0779573 0.0822742 0.0869794 0.0834103 0.0758062 0.0692387 0.0629652 0.0552866 0.0457 0.0343773 0.0224519 0.0120821
 2.25149e-11 1.05899e-09 3.44907e-08 7.77852e-07 1.21473e-05 0.000131356 0.000983604 0.00510062 0.0183231 0.0456569 0.0793116 0.097939 0.0920925 0.0788603 0.07529 0.0770999 0.075385 0.0707953 0.065574 0.0592197 0.0515518 0.0425752 0.032062 0.0208772 0.0111581
 8.5363e-16 4.02256e-14 1.31982e-12 3.06339e-11 5.32274e-10 8.07007e-09 1.29259e-07 2.08781e-06 2.77146e-05 0.000268631 0.00182954 0.00867122 0.0285882 0.0659081 0.107872 0.130169 0.12568 0.110358 0.0976108 0.0875594 0.0767349 0.063499 0.0477188 0.0309908 0.0165114
 1.09049e-11 5.12915e-10 1.67053e-08 3.76747e-07 5.88343e-06 6.36207e-05 0.000476378 0.00246997 0.00886785 0.0220463 0.037956 0.0452949 0.0378209 0.0242108 0.0204023 0.0372891 0.0731998 0.110577 0.128711 0.124085 0.107745 0.0878375 0.0656838 0.0426 0.0226563
 5.07614e-11 2.38757e-09 7.77617e-08 1.75372e-06 2.73869e-05 0.000296149 0.0022175 0.0114976 0.0412808 0.10264 0.176784 0.21117 0.175742 0.103722 0.0462641 0.0187171 0.00955778 0.00852849 0.0119083 0.0165202 0.0187899 0.0174091 0.0134961 0.0087757 0.004653
 3.09487e-11 1.45568e-09 4.74104e-08 1.06923e-06 1.66975e-05 0.000180561 0.00135207 0.00701163 0.0251922 0.0628129 0.109386 0.136334 0.132029 0.119769 0.117244 0.108715 0.0795254 0.0430914 0.0184964 0.00890436 0.00744906 0.00778186 0.00700559 0.00497055 0.0027319
 3.84095e-11 1.8066e-09 5.88397e-08 1.32698e-06 2.07228e-05 0.000224087 0.00167795 0.00870062 0.0312466 0.0777711 0.134497 0.163251 0.144433 0.105042 0.0790077 0.0683432 0.0599344 0.0486189 0.0348544 0.0207939 0.0102826 0.00499767 0.00304608 0.00206393 0.00119231
 2.33503e-11 1.09829e-09 3.57705e-08 8.06716e-07 1.25981e-05 0.000136232 0.00102014 0.00529066 0.019014 0.047459 0.0829923 0.10506 0.106891 0.107317 0.11693 0.118421 0.0989064 0.0705665 0.0480681 0.0325196 0.0202918 0.0108631 0.00503688 0.00222006 0.00098327
 4.12495e-11 1.94018e-09 6.31903e-08 1.4251e-06 2.2255e-05 0.000240656 0.001802 0.00934361 0.0335522 0.0834739 0.144116 0.173779 0.150042 0.101213 0.066295 0.0523578 0.0472199 0.0425702 0.0354423 0.0258617 0.0164019 0.00917732 0.00450299 0.00189759 0.000686758
 3.18507e-11 1.4981e-09 4.87922e-08 1.10039e-06 1.71842e-05 0.000185823 0.00139146 0.00721563 0.0259213 0.0645936 0.112232 0.138695 0.130621 0.111515 0.102996 0.0950704 0.074486 0.049176 0.0313663 0.0216745 0.0151988 0.00956639 0.00506985 0.00221506 0.000791089
 3.59455e-11 1.6907e-09 5.50651e-08 1.24186e-06 1.93934e-05 0.000209712 0.00157032 0.00814267 0.0292449 0.0728098 0.126058 0.153675 0.138104 0.104955 0.0843442 0.0751943 0.0646115 0.0507067 0.0366748 0.0241097 0.0144222 0.00812449 0.00428898 0.00198337 0.000749734
 3.74026e-11 1.75924e-09 5.72973e-08 1.2922e-06 2.01795e-05 0.000218213 0.00163397 0.00847274 0.0304303 0.0757599 0.131158 0.159854 0.143504 0.108555 0.0859045 0.0739061 0.0595847 0.0432406 0.0301755 0.020697 0.0132587 0.00757143 0.00379103 0.00165128 0.000611028
 3.80359e-11 1.78903e-09 5.82674e-08 1.31408e-06 2.05212e-05 0.000221908 0.00166164 0.00861619 0.0309453 0.0770404 0.133364 0.16249 0.1457 0.109849 0.086447 0.0739557 0.0590996 0.0419354 0.0279612 0.0181002 0.0111354 0.0063265 0.00321462 0.00140467 0.000510022
 3.61784e-11 1.70166e-09 5.54219e-08 1.2499e-06 1.95191e-05 0.000211071 0.0015805 0.00819557 0.0294364 0.0733008 0.127006 0.15529 0.141003 0.110017 0.0910997 0.0805133 0.0649074 0.0458838 0.0302092 0.0190959 0.0113151 0.00614607 0.00301083 0.0012911 0.000465675
 3.35035e-11 1.57584e-09 5.13242e-08 1.15749e-06 1.80759e-05 0.000195466 0.00146365 0.00758979 0.0272624 0.0679053 0.117781 0.14459 0.133159 0.107858 0.0942374 0.0867022 0.0721086 0.0529148 0.0362013 0.0233863 0.0138374 0.0073603 0.00348564 0.00143992 0.000503202
 2.9115e-11 1.36943e-09 4.46014e-08 1.00587e-06 1.57082e-05 0.000169862 0.00127194 0.00659592 0.0236956 0.0590526 0.102641 0.127018 0.12023 0.104155 0.0990247 0.0961724 0.0829057 0.0634359 0.0456232 0.0309156 0.0190294 0.0103884 0.0049515 0.00201894 0.000687672
 3.65959e-11 1.72129e-09 5.60614e-08 1.26433e-06 1.97443e-05 0.000213506 0.00159872 0.00828989 0.0297725 0.074112 0.128235 0.155965 0.138987 0.103143 0.079873 0.0696358 0.0600856 0.0487679 0.0378178 0.0273941 0.0178591 0.0102628 0.0050984 0.00213409 0.0007335
 3.28651e-11 1.54581e-09 5.03462e-08 1.13543e-06 1.77314e-05 0.000191741 0.00143576 0.00744523 0.026744 0.066622 0.115609 0.14218 0.131741 0.10827 0.0960155 0.0881115 0.0715737 0.0508226 0.0346992 0.0240408 0.0161878 0.00990843 0.00524291 0.00231239 0.000826362
 3.2925e-11 1.54864e-09 5.0438e-08 1.13751e-06 1.77638e-05 0.000192091 0.00143838 0.0074587 0.0267911 0.0667269 0.115707 0.141906 0.130258 0.104712 0.0909282 0.0843415 0.0721689 0.055522 0.0399703 0.0269727 0.0168227 0.0097227 0.0051232 0.00234081 0.000877904
 3.35864e-11 1.57974e-09 5.14511e-08 1.16035e-06 1.81206e-05 0.000195949 0.00146727 0.00760847 0.0273285 0.0680601 0.117982 0.144523 0.132099 0.104989 0.089616 0.0818941 0.0692078 0.0529328 0.0387116 0.0271757 0.0175846 0.0101985 0.00522373 0.00231794 0.000863668
 3.44416e-11 1.61996e-09 5.27612e-08 1.1899e-06 1.8582e-05 0.000200938 0.00150462 0.00780214 0.0280236 0.0697859 0.120937 0.147972 0.134698 0.105885 0.0889357 0.0802524 0.0670838 0.0505654 0.0363974 0.0253596 0.0165431 0.00979545 0.00511501 0.00228084 0.00084247
 3.03425e-11 1.42716e-09 4.64818e-08 1.04828e-06 1.63704e-05 0.000177024 0.00132557 0.00687392 0.0246934 0.0615296 0.106882 0.131962 0.123934 0.105352 0.097785 0.0931988 0.0788131 0.0588977 0.0416906 0.0285399 0.018357 0.0108023 0.00566421 0.00255309 0.000952514
 3.60821e-11 1.69713e-09 5.52743e-08 1.24658e-06 1.94671e-05 0.000210509 0.00157628 0.00817357 0.0293555 0.0730805 0.126496 0.154065 0.137986 0.103855 0.0821605 0.0723918 0.0620491 0.0493983 0.0373677 0.0264768 0.0170799 0.00993627 0.00514931 0.00230856 0.000862526
 3.30982e-11 1.55678e-09 5.07034e-08 1.14349e-06 1.78572e-05 0.000193101 0.00144595 0.00749801 0.0269331 0.0670888 0.11639 0.143 0.132059 0.107656 0.094603 0.0866824 0.0709693 0.0511712 0.0354047 0.0244898 0.0162461 0.00979521 0.00517054 0.00232215 0.000863625
 3.82945e-11 1.80119e-09 5.86635e-08 1.32301e-06 2.06607e-05 0.000223416 0.00167293 0.00867465 0.0311541 0.0775487 0.134165 0.163096 0.145067 0.106979 0.0816296 0.0693838 0.0573177 0.0434549 0.0311235 0.0210729 0.0132276 0.00765608 0.00401447 0.00182703 0.000688943
 3.35203e-11 1.57663e-09 5.135e-08 1.15807e-06 1.8085e-05 0.000195564 0.00146439 0.00759366 0.0272769 0.0679475 0.117895 0.144925 0.13407 0.109742 0.0968021 0.0884748 0.0714925 0.0500411 0.03298 0.0215087 0.013464 0.00773575 0.00395977 0.00175777 0.00065497
 3.32128e-11 1.56217e-09 5.08788e-08 1.14745e-06 1.7919e-05 0.000193769 0.00145095 0.00752388 0.0270252 0.0673095 0.116715 0.143129 0.131339 0.105485 0.0914517 0.0846429 0.0721697 0.0551813 0.0393227 0.0260456 0.015677 0.00856914 0.00423727 0.00184 0.00067324
 3.04659e-11 1.43297e-09 4.66709e-08 1.05255e-06 1.6437e-05 0.000177744 0.00133096 0.00690183 0.0247932 0.0617733 0.107271 0.132284 0.123739 0.104218 0.0958254 0.0913168 0.0781149 0.0597493 0.0434912 0.0302815 0.019319 0.01093 0.00538539 0.00227373 0.00080573
 3.52028e-11 1.65577e-09 5.39273e-08 1.2162e-06 1.89927e-05 0.000205379 0.00153787 0.00797445 0.0286411 0.0713091 0.123479 0.15062 0.135641 0.103646 0.0838622 0.07483 0.0641021 0.0507758 0.0384392 0.0275583 0.0180884 0.0106234 0.00544589 0.00236102 0.000840865
#spawning biomass
 23867 21866.3 16324 11995.8 13228.8 22926.7 36228.7 46809.4 58048 79522.9 90515.2 112032 134378 162769 181599 162882 149053 133663 137826 135179 145594 136649 131602 150767 158579 169855 179247 154823 139879 141132 176733 124914 81887.1 55008.6 40112.7 32414.8 28606.7 26775.4 25911.2 25508.6 25322.6 25237.2 25198.1 25180.3 25172.2 25168.5 25166.8 25166.1 25165.7 25165.6 25165.5 25165.5 25165.5 25165.5 25165.5 25165.5 25165.5 25165.5 25165.5 25165.5 25165.5 25165.5 25165.5 25165.5 25165.5 25165.5 25165.5 25165.5 25165.5 25165.5 25165.5 25165.5 25165.5 25165.5 25165.5 25165.5 25165.5 25165.5 25165.5 25165.5 25165.5 25165.5 25165.5 25165.5 25165.5 25165.5 25165.5 25165.5 25165.5 25165.5 25165.5 25165.5 25165.5 25165.5 25165.5 25165.5 25165.5 25165.5 25165.5 25165.5 25165.5 25165.5 25165.5 25165.5 25165.5 25165.5 25165.5 25165.5 25165.5 25165.5 25165.5 25165.5 25165.5 25165.5 25165.5 25165.5 25165.5 25165.5 25165.5 25165.5 25165.5 25165.5 25165.5 25165.5 25165.5 25165.5 25165.5 25165.5 25165.5 0 0 0 0 0 0 0 0 0 0 0 0 0 0 0 0 0 0 0 0 0 0 0 0 0
