SBPRF35
0.224995
Curr Bio
275532
B35
583160
F35
0.45458
FOFL
0.347719
OFL
113311
Bzero
64284.2
#pred survey bio
 32807 38182.8 25526.4 18696.1 27703.9 45218 68170.5 106903 153507 171416 171524 152943 211448 227456 243547 196028 182496 200744 204908 231541 222307 245031 212847 216394 230447 188400 231488 309162 1.70327e+07 1.23651e+07 8.80895e+06 5.60237e+06 3.4273e+06 2.13449e+06 1.41522e+06 1.02595e+06 815639 700181 635096 597278 574662 560806 552120 546538 543042 540832 539426 538527 537952 537582 537344 537191 537093 537030 536989 536962 536945 536934 536927 536923 536920 536918 536917 536916 536916 536915 536915 536915 536915 536915 536915 536915 536915 536915 536915 536915 536915 536915 536915 536915 536915 536915 536915 536915 536915 536915 536915 536915 536915 536915 536915 536915 536915 536915 536915 536915 536915 536915 536915 536915 536915 536915 536915 536915 536915 536915 536915 536915 536915 536915 536915 536915 536915 536915 536915 536915 536915 536915 536915 536915 536915 536915 536915 536915 536915 536915 536915 536915 0 0 0 0 0 0 0 0 0 0 0 0 0 0 0 0 0 0 0 0 0 0 0 0 0
#obs survey bio
 27335.3 39220 9992.42 23045.3 38742.6 75720.7 67687.2 85540.8 146735 126460 122484 127970 181332 220719 241071 199444 205140 166061 276628 358368 331368 250353 220344 214566 195765 233913 230929 292053
#pred catch bio
 10845.7 18037.2 12031 9281.72 13583.8 25025.7 37480.2 63811.9 103696 123152 143114 117563 171120 175942 213454 174390 159689 187532 187496 221865 214424 255954 224546 234366 262502 210528 255162 228502 113311 172099 116944 69937.2 39725.3 22928.3 14377.2 10270.2 8375.94 7527.33 7155.2 6994.6 6926.13 6897.2 6885.05 6879.95 6877.86 6877.01 6876.66 6876.52 6876.46 6876.43 6876.42 6876.42 6876.42 6876.42 6876.42 6876.42 6876.42 6876.42 6876.42 6876.42 6876.42 6876.42 6876.42 6876.42 6876.42 6876.42 6876.42 6876.42 6876.42 6876.42 6876.42 6876.42 6876.42 6876.42 6876.42 6876.42 6876.42 6876.42 6876.42 6876.42 6876.42 6876.42 6876.42 6876.42 6876.42 6876.42 6876.42 6876.42 6876.42 6876.42 6876.42 6876.42 6876.42 6876.42 6876.42 6876.42 6876.42 6876.42 6876.42 6876.42 6876.42 6876.42 6876.42 6876.42 6876.42 6876.42 6876.42 6876.42 6876.42 6876.42 6876.42 6876.42 6876.42 6876.42 6876.42 6876.42 6876.42 6876.42 6876.42 6876.42 6876.42 6876.42 6876.42 6876.42 6876.42 6876.42 6876.42 6876.42 0 0 0 0 0 0 0 0 0 0 0 0 0 0 0 0 0 0 0 0 0 0 0 0 0
#obs catch bio
 17447.4 19046 14555.8 9978.16 13183.6 23335.6 35242.8 61738.8 105576 127286 160581 127065 166003 165532 201057 171210 145396 200638 169165 195001 180749 237904 208422 223316 270032 196618 228076 217275
#pred cpue bio
 31461.5 37315.3 25232.6 18070.9 25961.5 42891 64195.6 100826 144595 162107 161729 142410 196555 212695 228352 182532 169250 185863 188605 213664 204546 224659 194113 196884 208858 170245 209003 279410 1.59914e+07 1.23543e+07 8.79815e+06 5.59157e+06 3.4165e+06 2.12369e+06 1.40442e+06 1.01515e+06 804839 689381 624296 586478 563862 550006 541320 535738 532242 530032 528626 527728 527152 526782 526545 526392 526293 526230 526189 526163 526146 526135 526128 526123 526120 526118 526117 526116 526116 526115 526115 526115 526115 526115 526115 526115 526115 526115 526115 526115 526115 526115 526115 526115 526115 526115 526115 526115 526115 526115 526115 526115 526115 526115 526115 526115 526115 526115 526115 526115 526115 526115 526115 526115 526115 526115 526115 526115 526115 526115 526115 526115 526115 526115 526115 526115 526115 526115 526115 526115 526115 526115 526115 526115 526115 526115 526115 526115 526115 526115 526115 526115 0 0 0 0 0 0 0 0 0 0 0 0 0 0 0 0 0 0 0 0 0 0 0 0 0
#obs cpue bio
 36939.2 29098.9 15531.5 20722.4 25393.4 43786.5 71652 133193 129357 183961 147510 112950 330570 274127 304369 182696 226930 153619 237879 235171 268082 281916 245068 234789 224855 174808 344334 342886
#pred surv len freq
 1.58057e-11 1.71556e-09 1.09796e-07 4.14334e-06 9.21946e-05 0.00120963 0.00935895 0.0427148 0.115212 0.185335 0.18582 0.137869 0.104754 0.0828228 0.0543605 0.030822 0.0176897 0.0105404 0.0065528 0.00436669 0.00317687 0.00255491 0.00215516 0.00163855 0.000949937
 1.05064e-11 1.14037e-09 7.29835e-08 2.75417e-06 6.12841e-05 0.0008041 0.00622229 0.0284214 0.0769682 0.126311 0.13842 0.133878 0.141392 0.131118 0.092353 0.0554836 0.0318209 0.0169259 0.00855373 0.00446461 0.00254879 0.00166137 0.00121782 0.000871273 0.000500485
 6.69227e-12 7.26381e-10 4.64883e-08 1.75433e-06 3.90365e-05 0.000512206 0.00396414 0.0181204 0.0492574 0.0823294 0.0971764 0.111259 0.136929 0.142703 0.121557 0.0947975 0.0660685 0.0386447 0.0196039 0.00903809 0.00400539 0.00190695 0.00107038 0.000658732 0.000356773
 1.52388e-11 1.65402e-09 1.05857e-07 3.99471e-06 8.88873e-05 0.00116623 0.00902275 0.0411715 0.110927 0.177452 0.173291 0.116719 0.0759361 0.0620268 0.0572229 0.0538035 0.0462351 0.0343192 0.0215564 0.0111525 0.00481604 0.00186259 0.000737377 0.00033434 0.000154652
 1.96246e-11 2.13006e-09 1.36324e-07 5.14443e-06 0.00011447 0.00150188 0.0116193 0.0530151 0.142772 0.227868 0.219975 0.140758 0.0785045 0.0486488 0.0284441 0.0152473 0.00991476 0.00797899 0.00620352 0.00404029 0.00209936 0.000864362 0.000296432 9.62013e-05 3.25967e-05
 1.69801e-11 1.84302e-09 1.17953e-07 4.45119e-06 9.90446e-05 0.00129951 0.0100542 0.0458866 0.123746 0.198889 0.198585 0.145064 0.106774 0.0808137 0.048171 0.0219146 0.00915261 0.00412985 0.00226622 0.00149762 0.00093776 0.000469058 0.000178796 5.3469e-05 1.37411e-05
 1.83258e-11 1.98909e-09 1.27302e-07 4.80397e-06 0.000106894 0.00140249 0.0108507 0.0495138 0.133422 0.213593 0.209269 0.142368 0.091921 0.0652749 0.0411546 0.0221855 0.0110508 0.00481192 0.00180216 0.000685001 0.000317956 0.000163305 7.21608e-05 2.40729e-05 5.98253e-06
 1.7977e-11 1.95123e-09 1.24878e-07 4.71252e-06 0.000104859 0.00137579 0.0106442 0.048574 0.130921 0.209835 0.206755 0.143767 0.096815 0.0699144 0.0425156 0.0211049 0.00999394 0.00464611 0.00196438 0.00071893 0.000230795 7.52302e-05 2.76049e-05 9.59155e-06 2.58188e-06
 1.81797e-11 1.97323e-09 1.26287e-07 4.76566e-06 0.000106042 0.00139131 0.0107642 0.0491206 0.132381 0.212072 0.20847 0.143654 0.0950434 0.0679455 0.0414659 0.0207894 0.00976148 0.00433087 0.00174881 0.000651198 0.000216724 6.17891e-05 1.57655e-05 4.01335e-06 9.85333e-07
 1.74656e-11 1.89573e-09 1.21326e-07 4.57847e-06 0.000101877 0.00133666 0.0103416 0.0471954 0.127239 0.204211 0.202521 0.144321 0.101805 0.0756221 0.0459644 0.0222752 0.0100445 0.00437016 0.00174102 0.000628665 0.000202821 5.7201e-05 1.37406e-05 2.79724e-06 5.06534e-07
 1.79895e-11 1.95259e-09 1.24965e-07 4.71581e-06 0.000104933 0.00137675 0.0106517 0.0486079 0.131012 0.209983 0.206906 0.143891 0.096947 0.0701031 0.0427476 0.0212097 0.00978129 0.00422677 0.00163207 0.000570893 0.000179554 4.92306e-05 1.14608e-05 2.2078e-06 3.46206e-07
 1.97676e-11 2.14558e-09 1.37317e-07 5.18191e-06 0.000115304 0.00151282 0.0117041 0.0534035 0.143841 0.229763 0.2227 0.144932 0.084241 0.0537844 0.0305432 0.0138831 0.0057994 0.00239248 0.000923445 0.000322781 9.9384e-05 2.64035e-05 5.95589e-06 1.10892e-06 1.65125e-07
 1.99254e-11 2.16271e-09 1.38413e-07 5.22328e-06 0.000116224 0.0015249 0.0117975 0.0538295 0.144985 0.231562 0.224304 0.145584 0.0839845 0.0529795 0.0293773 0.0125847 0.00474035 0.00174461 0.000605983 0.000196447 5.86611e-05 1.53939e-05 3.40308e-06 6.14792e-07 8.83581e-08
 1.90573e-11 2.06848e-09 1.32383e-07 4.99571e-06 0.000111161 0.00145846 0.0112837 0.0514888 0.138731 0.221986 0.21698 0.146147 0.0918371 0.0621043 0.0350334 0.014801 0.00536142 0.00185552 0.00058835 0.000169174 4.48808e-05 1.07983e-05 2.27667e-06 4.01061e-07 5.62688e-08
 1.87156e-11 2.0314e-09 1.30009e-07 4.90615e-06 0.000109168 0.00143232 0.0110815 0.050567 0.136262 0.218151 0.213786 0.145506 0.0936124 0.0648177 0.0376134 0.0168759 0.00668368 0.00244824 0.000773325 0.000210981 5.10845e-05 1.09088e-05 2.03891e-06 3.27709e-07 4.34869e-08
 1.96954e-11 2.13775e-09 1.36816e-07 5.16299e-06 0.000114883 0.0015073 0.0116614 0.0532093 0.143327 0.229013 0.222305 0.145572 0.0858192 0.0552362 0.0309515 0.0134119 0.00512096 0.00188076 0.000626638 0.000182398 4.52197e-05 9.31124e-06 1.59459e-06 2.28016e-07 2.69394e-08
 2.01941e-11 2.19187e-09 1.40279e-07 5.29371e-06 0.000117791 0.00154546 0.0119565 0.0545542 0.146925 0.234562 0.226742 0.145885 0.0822888 0.0506831 0.0275219 0.0113237 0.00396501 0.00134086 0.000423876 0.000121307 3.08793e-05 6.66927e-06 1.17118e-06 1.62971e-07 1.77928e-08
 2.03965e-11 2.21384e-09 1.41686e-07 5.34678e-06 0.000118972 0.00156095 0.0120764 0.0551002 0.148385 0.236809 0.228517 0.145942 0.08075 0.0487727 0.0261791 0.0105943 0.00358594 0.00115061 0.000338154 8.87047e-05 2.10507e-05 4.41143e-06 7.82747e-07 1.12255e-07 1.24528e-08
 2.11114e-11 2.29144e-09 1.46652e-07 5.53417e-06 0.000123142 0.00161565 0.0124995 0.0570279 0.153537 0.24472 0.23467 0.145818 0.0748086 0.0416338 0.0214413 0.00835244 0.00265548 0.000797423 0.000222793 5.53691e-05 1.22295e-05 2.35745e-06 3.8911e-07 5.3708e-08 5.9447e-09
 2.07804e-11 2.25552e-09 1.44353e-07 5.44742e-06 0.000121212 0.00159033 0.0123036 0.0561357 0.151155 0.24108 0.231928 0.146167 0.0780062 0.0452423 0.0235271 0.00899431 0.00272116 0.00076447 0.000199914 4.63158e-05 9.55016e-06 1.7237e-06 2.64312e-07 3.36729e-08 3.47798e-09
 2.1138e-11 2.29433e-09 1.46837e-07 5.54115e-06 0.000123297 0.00161769 0.0125152 0.0570998 0.153731 0.245026 0.234954 0.145963 0.0748176 0.0415284 0.0212196 0.00807463 0.00243278 0.000674509 0.000170777 3.73796e-05 7.16602e-06 1.19796e-06 1.70207e-07 2.01123e-08 1.92399e-09
 2.15475e-11 2.33878e-09 1.49681e-07 5.64851e-06 0.000125686 0.00164903 0.0127576 0.0582041 0.156682 0.249552 0.238449 0.145809 0.071285 0.0373488 0.0185305 0.00689856 0.00200415 0.000533007 0.000131593 2.83329e-05 5.28931e-06 8.4289e-07 1.11844e-07 1.22112e-08 1.07765e-09
 2.21296e-11 2.40195e-09 1.53725e-07 5.80109e-06 0.000129081 0.00169357 0.0131021 0.0597735 0.160876 0.255987 0.243426 0.145618 0.066309 0.0314386 0.0146973 0.00518667 0.00135809 0.000312686 6.9246e-05 1.39713e-05 2.49797e-06 3.86469e-07 4.97979e-08 5.20491e-09 4.31608e-10
 2.23767e-11 2.42878e-09 1.55441e-07 5.86587e-06 0.000130522 0.00171248 0.0132484 0.0604399 0.162657 0.258717 0.245531 0.145514 0.0641606 0.0289067 0.0130825 0.00449535 0.00111298 0.000231371 4.53613e-05 8.01109e-06 1.24769e-06 1.73443e-07 2.08943e-08 2.09113e-09 1.6727e-10
 2.27786e-11 2.4724e-09 1.58233e-07 5.97122e-06 0.000132867 0.00174324 0.0134862 0.0615235 0.165552 0.26315 0.248921 0.145253 0.0605279 0.0246956 0.0104915 0.00349603 0.000828146 0.000158806 2.83574e-05 4.55906e-06 6.31725e-07 7.63951e-08 7.96889e-09 7.02297e-10 5.12068e-11
 2.30725e-11 2.5043e-09 1.60275e-07 6.04827e-06 0.000134581 0.00176573 0.0136602 0.062316 0.167669 0.266393 0.251404 0.145074 0.0578888 0.021627 0.00859032 0.00274755 0.000605488 9.99076e-05 1.4848e-05 2.08272e-06 2.59052e-07 2.81085e-08 2.60687e-09 2.00727e-10 1.26517e-11
 2.31565e-11 2.51342e-09 1.60858e-07 6.0703e-06 0.000135071 0.00177216 0.0137099 0.0625425 0.168274 0.267319 0.252109 0.14501 0.0571145 0.0207371 0.0080535 0.00255304 0.00055816 9.02935e-05 1.28197e-05 1.64867e-06 1.77826e-07 1.62095e-08 1.2873e-09 8.70988e-11 4.84774e-12
 2.30579e-11 2.50271e-09 1.60173e-07 6.04444e-06 0.000134496 0.00176461 0.0136515 0.0622766 0.167564 0.266233 0.251283 0.14509 0.0580298 0.0217862 0.00868232 0.0027759 0.000608512 9.86512e-05 1.40162e-05 1.79096e-06 1.88788e-07 1.6287e-08 1.16867e-09 6.82922e-11 3.21612e-12
#obs surv len freq
 4.63104e-11 4.29189e-09 2.34533e-07 7.55699e-06 0.000143576 0.00160849 0.0106274 0.0414447 0.0958274 0.134468 0.127648 0.112666 0.116474 0.11422 0.0962029 0.0711798 0.0436554 0.0213717 0.00860999 0.00288878 0.000774626 0.000156659 2.27026e-05 2.26347e-06 1.50506e-07
 3.0559e-11 2.73154e-09 1.43967e-07 4.4741e-06 8.19872e-05 0.000885991 0.00564932 0.0213171 0.0483444 0.0710219 0.0873908 0.121184 0.159262 0.16069 0.131053 0.0938502 0.0566202 0.0274526 0.01076 0.00340455 0.000845172 0.000158046 2.12775e-05 1.97555e-06 1.2216e-07
 1.35279e-11 1.16425e-09 5.90819e-08 1.76788e-06 3.11935e-05 0.000324641 0.00199563 0.00729983 0.0165002 0.0270489 0.0456425 0.0847913 0.134135 0.172843 0.187226 0.158181 0.0971796 0.0444491 0.0161965 0.00481096 0.0011217 0.000194812 2.41256e-05 2.05517e-06 1.16796e-07
 2.67807e-10 2.21557e-08 1.08078e-06 3.10867e-05 0.000527229 0.00527243 0.0310894 0.108097 0.221652 0.268225 0.192346 0.0839354 0.0270104 0.0143247 0.0150581 0.0142798 0.0100176 0.00525826 0.0020891 0.000622804 0.00013771 2.22059e-05 2.53707e-06 1.98529e-07 1.03256e-08
 1.68077e-10 1.33461e-08 6.24865e-07 1.72507e-05 0.000280818 0.00269578 0.0152692 0.0511739 0.102981 0.133543 0.142336 0.166432 0.177264 0.127958 0.0571365 0.0165112 0.00411058 0.00144135 0.000597942 0.000197548 4.61189e-05 7.39927e-06 8.04371e-07 5.84246e-08 2.79027e-09
 4.48668e-10 3.41448e-08 1.53218e-06 4.054e-05 0.000632478 0.00581839 0.0315638 0.101017 0.191159 0.216448 0.155657 0.0900984 0.0636388 0.0549742 0.0446606 0.0282969 0.0121062 0.00325543 0.000554397 6.83891e-05 8.24823e-06 1.05747e-06 1.10049e-07 7.77714e-09 3.53924e-10
 5.04958e-10 3.67807e-08 1.57969e-06 4.00048e-05 0.000597372 0.00526016 0.0273225 0.0838636 0.153512 0.17538 0.149811 0.133579 0.121508 0.0838759 0.0411335 0.0162127 0.00572501 0.00171599 0.000391448 6.30095e-05 6.86824e-06 5.12406e-07 2.84685e-08 1.30124e-09 4.77664e-11
 7.98775e-10 5.56161e-08 2.2833e-06 5.52731e-05 0.000788964 0.00664071 0.0329689 0.0966814 0.168709 0.1818 0.141412 0.112227 0.0989162 0.0759251 0.0477525 0.0243341 0.00907688 0.00227505 0.000383001 4.66935e-05 4.49033e-06 3.38628e-07 1.84193e-08 6.76594e-10 1.65475e-11
 1.05325e-09 7.00161e-08 2.74443e-06 6.34301e-05 0.000864438 0.00694715 0.0329391 0.0923596 0.155039 0.165322 0.139169 0.127703 0.116581 0.0834622 0.0470196 0.0219671 0.00801135 0.00210333 0.000389794 5.14297e-05 4.81235e-06 3.1555e-07 1.44859e-08 4.67449e-10 1.04728e-11
 1.31369e-09 8.32845e-08 3.11331e-06 6.86233e-05 0.000891912 0.00683653 0.0309269 0.0828884 0.134215 0.143676 0.134182 0.140245 0.133721 0.0976445 0.0566655 0.0264665 0.00907223 0.00211745 0.000337338 3.86817e-05 3.33402e-06 2.13382e-07 9.66126e-09 2.96293e-10 6.00273e-12
 2.43952e-09 1.47341e-07 5.24724e-06 0.000110186 0.00136433 0.00996225 0.0429213 0.109416 0.16741 0.164524 0.131659 0.11744 0.104512 0.0760122 0.0450159 0.020983 0.00691735 0.00150695 0.000217229 2.16843e-05 1.57553e-06 8.47075e-08 3.30899e-09 9.11519e-11 1.71782e-12
 3.69793e-09 2.1257e-07 7.20498e-06 0.000143997 0.00169697 0.0117938 0.0483725 0.117508 0.172159 0.165373 0.135632 0.123538 0.103921 0.066881 0.0339123 0.0138586 0.00419703 0.000869798 0.000121942 1.19227e-05 8.338e-07 4.14923e-08 1.43784e-09 3.41136e-11 5.48445e-13
 5.26282e-09 2.87666e-07 9.27141e-06 0.000176195 0.00197446 0.0130494 0.050913 0.117834 0.165732 0.157612 0.136148 0.129811 0.108057 0.0677443 0.033416 0.0130641 0.00368054 0.000687653 8.38392e-05 6.91515e-06 4.07731e-07 1.77022e-08 5.56769e-10 1.22091e-11 1.80437e-13
 7.22969e-09 3.75448e-07 1.14965e-05 0.000207576 0.00221004 0.0138788 0.0514767 0.113529 0.15389 0.147192 0.136764 0.137111 0.11468 0.0728471 0.0368859 0.0145033 0.00399677 0.000722447 8.53234e-05 6.81014e-06 3.81059e-07 1.50964e-08 4.16854e-10 7.87452e-12 1.0061e-13
 1.07535e-08 5.30158e-07 1.54117e-05 0.000264172 0.00267021 0.0159207 0.0560829 0.117669 0.152908 0.143964 0.135992 0.136219 0.112285 0.0713038 0.0362455 0.0140117 0.00372273 0.000645347 7.34761e-05 5.70364e-06 3.11792e-07 1.20154e-08 3.18965e-10 5.6937e-12 6.72555e-14
 1.80593e-08 8.44667e-07 2.32947e-05 0.000378811 0.00363252 0.0205472 0.0686672 0.136673 0.168395 0.149909 0.13312 0.125124 0.0966981 0.0572889 0.0270412 0.00969519 0.00238328 0.000379201 3.90883e-05 2.71149e-06 1.32391e-07 4.63219e-09 1.14177e-10 1.92393e-12 2.16047e-14
 2.43028e-08 1.07772e-06 2.81802e-05 0.000434491 0.00395054 0.0211926 0.0672413 0.127737 0.153802 0.143854 0.142136 0.138184 0.103924 0.0591284 0.0267277 0.00914546 0.00214847 0.000329593 3.32131e-05 2.27404e-06 1.08726e-07 3.62604e-09 8.26294e-11 1.26221e-12 1.27837e-14
 3.95946e-08 1.66391e-06 4.12302e-05 0.000602416 0.00519059 0.0263868 0.0793329 0.142755 0.16251 0.142904 0.132767 0.124023 0.0929122 0.0544957 0.0252826 0.0085553 0.00193023 0.000281004 2.68349e-05 1.7484e-06 8.00602e-08 2.57168e-09 5.65718e-11 8.31415e-13 8.02141e-15
 5.87694e-08 2.33943e-06 5.49111e-05 0.000759993 0.00620318 0.0298775 0.0851805 0.145934 0.160883 0.143198 0.136845 0.124932 0.088353 0.0483652 0.0209907 0.0067256 0.00146282 0.000210252 2.03431e-05 1.36189e-06 6.34487e-08 2.02043e-09 4.30033e-11 6.02949e-13 5.51997e-15
 8.40227e-08 3.16723e-06 7.0397e-05 0.000922643 0.00713165 0.0325372 0.0879752 0.143752 0.15465 0.141541 0.140447 0.127239 0.0882436 0.047648 0.0201923 0.00618868 0.00126999 0.000171393 1.56121e-05 9.94224e-07 4.47651e-08 1.3989e-09 2.94895e-11 4.09666e-13 3.68668e-15
 1.33001e-07 4.74636e-06 9.98752e-05 0.00123926 0.0090688 0.0391747 0.100324 0.155499 0.159556 0.14073 0.134595 0.117062 0.0785375 0.0412731 0.0168586 0.00490324 0.000945012 0.000119044 1.00726e-05 5.93683e-07 2.47267e-08 7.17246e-10 1.41296e-11 1.85038e-13 1.5842e-15
 1.84557e-07 6.23443e-06 0.000124181 0.00145858 0.0101049 0.0413443 0.100521 0.149506 0.153147 0.144288 0.144402 0.122044 0.0768402 0.0374377 0.014166 0.00383182 0.000688727 8.09231e-05 6.37225e-06 3.48152e-07 1.33835e-08 3.57067e-10 6.45557e-12 7.75365e-14 6.09545e-16
 2.70593e-07 8.65191e-06 0.000163118 0.00181348 0.0118928 0.0460762 0.106238 0.150837 0.150861 0.143195 0.142757 0.118375 0.0740678 0.036162 0.0134355 0.0034662 0.000582122 6.29809e-05 4.51026e-06 2.22302e-07 7.70691e-09 1.86392e-10 3.07004e-12 3.36725e-14 2.41826e-16
 3.77845e-07 1.14351e-05 0.000204063 0.00214745 0.0133321 0.0489308 0.1072 0.146532 0.147095 0.146415 0.147642 0.118991 0.071964 0.0339444 0.012089 0.00297198 0.000476583 4.96299e-05 3.44768e-06 1.64553e-07 5.43878e-09 1.22634e-10 1.84804e-12 1.83433e-14 1.1878e-16
 5.60005e-07 1.60425e-05 0.00027099 0.00269946 0.0158658 0.0551507 0.114674 0.150041 0.147712 0.14688 0.144838 0.112675 0.0660542 0.0301402 0.0102323 0.00236212 0.0003519 3.37586e-05 2.14791e-06 9.3977e-08 2.87321e-09 6.06359e-11 8.61566e-13 8.06284e-15 4.89056e-17
 8.11271e-07 2.20009e-05 0.000351817 0.00331779 0.0184629 0.0608001 0.120079 0.150813 0.146595 0.146487 0.142085 0.108089 0.0627163 0.0283361 0.00939837 0.00210648 0.000307392 2.94353e-05 1.89981e-06 8.4096e-08 2.53809e-09 5.12213e-11 6.79522e-13 5.86884e-15 3.27876e-17
 1.20227e-06 3.0869e-05 0.000467355 0.00417294 0.0219896 0.0686175 0.128786 0.155458 0.149176 0.148282 0.138582 0.0993826 0.0538426 0.022604 0.00695323 0.00144265 0.000194179 1.70932e-05 1.01647e-06 4.19789e-08 1.2055e-09 2.3561e-11 3.0539e-13 2.57204e-15 1.38663e-17
 1.39538e-06 3.39248e-05 0.000486363 0.0041128 0.0205395 0.0609322 0.110246 0.13514 0.146035 0.164116 0.156978 0.110411 0.0584851 0.0238604 0.00703916 0.00138978 0.000177999 1.49582e-05 8.49344e-07 3.32483e-08 8.94022e-10 1.62027e-11 1.94222e-13 1.51916e-15 7.66898e-18
#pred catch len freq
 1.56148e-11 1.69483e-09 1.08469e-07 4.09329e-06 9.10808e-05 0.00119502 0.00924593 0.0421998 0.113834 0.183208 0.184114 0.137728 0.106062 0.0844904 0.0555653 0.0315165 0.0180892 0.0107784 0.00670079 0.00446531 0.00324861 0.00261261 0.00220384 0.00167556 0.000971391
 1.05497e-11 1.14507e-09 7.32845e-08 2.76553e-06 6.15369e-05 0.000807416 0.00624794 0.0285383 0.077281 0.126793 0.138807 0.13391 0.141094 0.130733 0.0920653 0.055309 0.0317207 0.0168726 0.00852679 0.00445055 0.00254076 0.00165613 0.00121398 0.000868528 0.000498909
 6.72642e-12 7.30088e-10 4.67256e-08 1.76328e-06 3.92357e-05 0.00051482 0.00398436 0.0182126 0.0495042 0.0827126 0.0974956 0.111323 0.136754 0.142443 0.121323 0.0946133 0.0659401 0.0385696 0.0195658 0.00902052 0.0039976 0.00190325 0.0010683 0.000657452 0.000356079
 1.53231e-11 1.66317e-09 1.06443e-07 4.01682e-06 8.93791e-05 0.00117268 0.00907267 0.041399 0.111537 0.178406 0.174115 0.116975 0.0756643 0.061531 0.0566976 0.0533013 0.045803 0.0339985 0.021355 0.0110483 0.00477102 0.00184518 0.000730485 0.000331215 0.000153207
 1.96708e-11 2.13508e-09 1.36645e-07 5.15655e-06 0.000114739 0.00150542 0.0116467 0.0531398 0.143105 0.228383 0.220388 0.140791 0.0781887 0.0482531 0.0281705 0.0150959 0.0098159 0.00789941 0.00614164 0.00399999 0.00207842 0.00085574 0.000293475 9.52418e-05 3.22716e-05
 1.71475e-11 1.86119e-09 1.19116e-07 4.49507e-06 0.000100021 0.00131232 0.0101533 0.046338 0.124952 0.200742 0.200028 0.145042 0.105396 0.0791623 0.0470869 0.0214124 0.00894225 0.00403491 0.00221412 0.00146319 0.000916201 0.000458274 0.000174685 5.22398e-05 1.34252e-05
 1.84659e-11 2.00429e-09 1.28274e-07 4.84068e-06 0.000107711 0.0014132 0.0109336 0.0498914 0.134432 0.215147 0.210498 0.142409 0.0908579 0.063947 0.0402077 0.0216637 0.0107902 0.00469841 0.00175965 0.000668842 0.000310456 0.000159452 7.04585e-05 2.3505e-05 5.84141e-06
 1.81955e-11 1.97495e-09 1.26396e-07 4.7698e-06 0.000106134 0.00139252 0.0107736 0.0491632 0.132496 0.212257 0.208654 0.143779 0.0950779 0.0677958 0.0410726 0.0203734 0.00964654 0.00448456 0.00189608 0.000693933 0.000222771 7.26145e-05 2.66451e-05 9.25805e-06 2.4921e-06
 1.85176e-11 2.00991e-09 1.28634e-07 4.85424e-06 0.000108013 0.00141716 0.0109642 0.0500318 0.134817 0.215818 0.211409 0.14368 0.0923658 0.0646694 0.0392184 0.019638 0.00921926 0.00409024 0.00165164 0.000615016 0.000204682 5.8356e-05 1.48896e-05 3.79036e-06 9.30585e-07
 1.79109e-11 1.94406e-09 1.24419e-07 4.6952e-06 0.000104474 0.00137074 0.0106051 0.0483962 0.130449 0.209144 0.206376 0.144307 0.0982043 0.0712553 0.043019 0.02082 0.00938645 0.0040838 0.00162694 0.00058747 0.00018953 5.34527e-05 1.28402e-05 2.61394e-06 4.73342e-07
 1.86242e-11 2.02148e-09 1.29374e-07 4.88218e-06 0.000108635 0.00142532 0.0110273 0.0503195 0.135588 0.217017 0.212417 0.143914 0.0918776 0.0639176 0.0385243 0.0190702 0.0087917 0.00379903 0.0014669 0.000513119 0.000161383 4.42484e-05 1.0301e-05 1.98437e-06 3.1117e-07
 2.01528e-11 2.1874e-09 1.39993e-07 5.2829e-06 0.000117551 0.0015423 0.0119321 0.0544423 0.146618 0.234027 0.226014 0.144862 0.0810357 0.0499434 0.0280117 0.0126986 0.00530243 0.00218737 0.000844275 0.000295108 9.08635e-05 2.41399e-05 5.44527e-06 1.01385e-06 1.50968e-07
 2.03521e-11 2.20902e-09 1.41377e-07 5.33513e-06 0.000118713 0.00155755 0.01205 0.05498 0.148059 0.236278 0.22795 0.14544 0.0803306 0.0486499 0.0265863 0.011353 0.00427414 0.00157293 0.000546351 0.000177116 5.28885e-05 1.38791e-05 3.0682e-06 5.54294e-07 7.96632e-08
 1.95009e-11 2.11663e-09 1.35464e-07 5.112e-06 0.000113748 0.00149241 0.0115463 0.052685 0.141928 0.226888 0.220764 0.145973 0.0880023 0.0575756 0.0321334 0.0135449 0.00490459 0.00169735 0.000538193 0.000154752 4.10547e-05 9.87777e-06 2.08259e-06 3.66871e-07 5.14719e-08
 1.9362e-11 2.10156e-09 1.34499e-07 5.07559e-06 0.000112938 0.00148178 0.011464 0.05231 0.140921 0.2253 0.219331 0.145344 0.0881623 0.0583096 0.0333476 0.0149167 0.00590495 0.00216288 0.000683187 0.000186389 4.51302e-05 9.63727e-06 1.80126e-06 2.89512e-07 3.84182e-08
 2.02596e-11 2.19899e-09 1.40735e-07 5.3109e-06 0.000118174 0.00155047 0.0119953 0.0547307 0.147393 0.23525 0.227131 0.145391 0.0810039 0.0495203 0.0272521 0.0117628 0.00448846 0.00164835 0.000549201 0.000159857 3.96317e-05 8.16059e-06 1.39754e-06 1.99839e-07 2.36103e-08
 2.06818e-11 2.24481e-09 1.43667e-07 5.42156e-06 0.000120636 0.00158278 0.0122452 0.0558693 0.150439 0.239949 0.230893 0.145672 0.0780394 0.0456823 0.0243432 0.00997388 0.00348984 0.00118007 0.000373045 0.00010676 2.71762e-05 5.86949e-06 1.03073e-06 1.43428e-07 1.5659e-08
 2.09379e-11 2.27261e-09 1.45447e-07 5.48871e-06 0.00012213 0.00160238 0.0123968 0.0565601 0.152286 0.242788 0.233119 0.145685 0.076001 0.043198 0.0226536 0.00911951 0.00308392 0.000989416 0.000290778 7.6277e-05 1.81014e-05 3.79338e-06 6.73083e-07 9.6528e-08 1.07081e-08
 2.1537e-11 2.33764e-09 1.49608e-07 5.64576e-06 0.000125625 0.00164823 0.0127514 0.0581756 0.156604 0.249419 0.238277 0.145587 0.0710307 0.0372212 0.0186809 0.00723281 0.00229697 0.000689666 0.000192684 4.78864e-05 1.05768e-05 2.03886e-06 3.36525e-07 4.64498e-08 5.14132e-09
 2.12991e-11 2.31182e-09 1.47956e-07 5.58339e-06 0.000124237 0.00163002 0.0126106 0.0575343 0.154891 0.246804 0.236314 0.145861 0.0733637 0.0398386 0.0201723 0.00766403 0.00231604 0.000650555 0.000170122 3.94137e-05 8.12695e-06 1.46683e-06 2.24923e-07 2.86548e-08 2.95968e-09
 2.16124e-11 2.34582e-09 1.50132e-07 5.66552e-06 0.000126065 0.001654 0.012796 0.058379 0.157149 0.250262 0.238965 0.145682 0.0705695 0.0365842 0.0181503 0.00685826 0.00206361 0.000572051 0.000144834 3.17011e-05 6.07741e-06 1.01597e-06 1.4435e-07 1.7057e-08 1.63171e-09
 2.20375e-11 2.39195e-09 1.53085e-07 5.77694e-06 0.000128544 0.00168652 0.0130476 0.059525 0.160211 0.254957 0.242585 0.145502 0.066874 0.0322273 0.0153682 0.00566528 0.00164279 0.000436786 0.000107835 2.32176e-05 4.33435e-06 6.9071e-07 9.16509e-08 1.00066e-08 8.83085e-10
 2.25233e-11 2.44469e-09 1.5646e-07 5.90429e-06 0.000131378 0.0017237 0.0133351 0.060835 0.163712 0.260328 0.246739 0.14534 0.0627153 0.0272906 0.0121701 0.00424112 0.00110773 0.00025494 5.64555e-05 1.13906e-05 2.03656e-06 3.15083e-07 4.05996e-08 4.24349e-09 3.51884e-10
 2.27436e-11 2.4686e-09 1.5799e-07 5.96204e-06 0.000132662 0.00174056 0.0134655 0.0614291 0.165299 0.262761 0.248613 0.145241 0.0607909 0.0250274 0.010733 0.00363327 0.000896799 0.000186335 3.65296e-05 6.45132e-06 1.00477e-06 1.39673e-07 1.68262e-08 1.68399e-09 1.34702e-10
 2.30963e-11 2.50688e-09 1.6044e-07 6.0545e-06 0.00013472 0.00176755 0.0136742 0.06238 0.16784 0.266651 0.251586 0.145009 0.0575978 0.0213286 0.00846099 0.00276141 0.000651262 0.000124791 2.22811e-05 3.58215e-06 4.9636e-07 6.00252e-08 6.26132e-09 5.5181e-10 4.02343e-11
 2.33183e-11 2.53098e-09 1.61982e-07 6.1127e-06 0.000136015 0.00178454 0.0138057 0.0629786 0.169439 0.269101 0.253463 0.144875 0.055607 0.0190123 0.00702398 0.00219342 0.000480837 7.92618e-05 1.17779e-05 1.65206e-06 2.05486e-07 2.22963e-08 2.06783e-09 1.59221e-10 1.00356e-11
 2.33792e-11 2.53758e-09 1.62405e-07 6.12866e-06 0.00013637 0.0017892 0.0138417 0.0631427 0.169878 0.269772 0.253974 0.144829 0.0550464 0.0183678 0.0066349 0.00205209 0.000446194 7.21065e-05 1.02359e-05 1.31637e-06 1.41984e-07 1.29423e-08 1.02783e-09 6.95433e-11 3.87064e-12
 2.31579e-11 2.51357e-09 1.60868e-07 6.07066e-06 0.000135079 0.00177227 0.0137107 0.0625462 0.168284 0.267335 0.252121 0.145008 0.0571008 0.0207218 0.00804496 0.00255076 0.000558148 9.04554e-05 1.28511e-05 1.64208e-06 1.73094e-07 1.49331e-08 1.07152e-09 6.2615e-11 2.94876e-12
#obs catch len freq
 4.41826e-11 4.09469e-09 2.23758e-07 7.20978e-06 0.00013698 0.0015346 0.0101395 0.03955 0.0915422 0.129142 0.125415 0.116561 0.12423 0.119477 0.095869 0.0685421 0.0424797 0.021778 0.00926532 0.00323441 0.000886078 0.000181157 2.64673e-05 2.66716e-06 1.80121e-07
 6.36244e-11 5.6871e-09 2.99741e-07 9.3151e-06 0.000170695 0.00184441 0.0117538 0.0442184 0.0987112 0.134289 0.125707 0.112842 0.117859 0.114464 0.0953902 0.069582 0.0418116 0.0200437 0.00790439 0.00258133 0.000667895 0.000129222 1.77818e-05 1.67299e-06 1.04445e-07
 4.30625e-11 3.7061e-09 1.88071e-07 5.62753e-06 9.92913e-05 0.00103313 0.00634342 0.0230608 0.0505131 0.0724703 0.0894302 0.124801 0.16126 0.159432 0.128369 0.0906548 0.0535828 0.0253938 0.00970963 0.00298178 0.000713342 0.000127543 1.6294e-05 1.4264e-06 8.27432e-08
 1.97146e-11 1.63099e-09 7.95618e-08 2.28849e-06 3.8816e-05 0.000388344 0.00229537 0.00808198 0.0176759 0.0285489 0.0483999 0.0890574 0.138274 0.175562 0.186591 0.153271 0.0913692 0.0407027 0.0144643 0.00416798 0.000934963 0.000155005 1.81976e-05 1.46078e-06 7.78394e-08
 3.85639e-10 3.06215e-08 1.4337e-06 3.958e-05 0.00064429 0.00618407 0.0349991 0.116799 0.229874 0.267024 0.183916 0.0774004 0.0247449 0.0138808 0.0146524 0.0135126 0.00919788 0.00468348 0.0017998 0.000516901 0.000109592 1.68445e-05 1.82267e-06 1.34297e-07 6.54577e-09
 2.50332e-10 1.90509e-08 8.54874e-07 2.26192e-05 0.0003529 0.00324693 0.0176278 0.0566483 0.109509 0.137508 0.144662 0.167294 0.172547 0.119446 0.0511579 0.0143456 0.00360407 0.00129294 0.000524915 0.00016626 3.69672e-05 5.62396e-06 5.77276e-07 3.94237e-08 1.76322e-09
 6.66008e-10 4.85114e-08 2.08351e-06 5.27636e-05 0.000787883 0.00693721 0.0360199 0.110341 0.199916 0.21701 0.150537 0.0857239 0.0606183 0.051965 0.0413397 0.025273 0.0103344 0.00264979 0.000432483 5.20494e-05 6.21791e-06 7.72215e-07 7.60573e-08 5.04298e-09 2.14518e-10
 7.634e-10 5.3153e-08 2.18218e-06 5.28253e-05 0.000754028 0.00634684 0.0315147 0.0924896 0.16205 0.178057 0.148465 0.13059 0.115416 0.0767999 0.0365791 0.0141712 0.00491467 0.00143032 0.000313751 4.82539e-05 5.0115e-06 3.56853e-07 1.89891e-08 8.2801e-10 2.8652e-11
 1.21451e-09 8.07362e-08 3.16463e-06 7.31417e-05 0.000996781 0.00801037 0.037971 0.106335 0.177346 0.183373 0.138721 0.108727 0.0938491 0.0702443 0.0431915 0.0213516 0.00764208 0.00183084 0.000295557 3.47599e-05 3.22473e-06 2.32586e-07 1.19931e-08 4.15641e-10 9.56865e-12
 1.63207e-09 1.03469e-07 3.86785e-06 8.52545e-05 0.00110806 0.00849265 0.0384041 0.102725 0.164683 0.168512 0.137882 0.123663 0.109255 0.0757966 0.0417069 0.0189819 0.00667742 0.00168244 0.000298932 3.7752e-05 3.37056e-06 2.10283e-07 9.16383e-09 2.79806e-10 5.90529e-12
 2.08256e-09 1.25782e-07 4.47945e-06 9.40637e-05 0.00116472 0.00850533 0.0366583 0.0936349 0.14469 0.148591 0.134507 0.136191 0.125153 0.0886103 0.050138 0.0226693 0.00744579 0.00165977 0.000253163 2.78761e-05 2.30331e-06 1.40458e-07 6.02153e-09 1.74074e-10 3.31403e-12
 3.8448e-09 2.21012e-07 7.49112e-06 0.000149715 0.00176435 0.0122616 0.0502817 0.122025 0.177902 0.167226 0.129198 0.111694 0.0960509 0.0678784 0.0391319 0.0175781 0.00553024 0.00114654 0.000157605 1.505e-05 1.04658e-06 5.36773e-08 1.99039e-09 5.1792e-11 9.17947e-13
 5.87111e-09 3.20915e-07 1.0343e-05 0.00019656 0.00220264 0.0145565 0.0567742 0.131177 0.182956 0.167872 0.132391 0.115957 0.0935983 0.058211 0.0287151 0.0113483 0.00328919 0.000649605 8.68649e-05 8.11177e-06 5.41028e-07 2.558e-08 8.39008e-10 1.87821e-11 2.84067e-13
 8.41785e-09 4.3715e-07 1.33859e-05 0.000241689 0.00257319 0.0161577 0.0598978 0.131753 0.176321 0.160196 0.133019 0.12169 0.0970998 0.0588164 0.0281799 0.0106187 0.00285245 0.000505859 5.86026e-05 4.60875e-06 2.596e-07 1.07415e-08 3.20295e-10 6.62515e-12 9.19976e-14
 1.17264e-08 5.78123e-07 1.6806e-05 0.000288072 0.00291175 0.0173596 0.0611306 0.128037 0.165008 0.150555 0.133892 0.128274 0.102864 0.0632318 0.0310494 0.0117211 0.00307171 0.000526454 5.90363e-05 4.48471e-06 2.3888e-07 8.98413e-09 2.34645e-10 4.17954e-12 5.02161e-14
 1.76746e-08 8.2667e-07 2.27984e-05 0.00037074 0.00355513 0.0201096 0.0672074 0.133793 0.165 0.14743 0.132048 0.125685 0.0992962 0.061043 0.0300194 0.0111047 0.00280033 0.00045997 4.97212e-05 3.67264e-06 1.9094e-07 6.9742e-09 1.74778e-10 2.93585e-12 3.25498e-14
 2.93591e-08 1.30194e-06 3.40432e-05 0.000524882 0.00477216 0.0255935 0.0810988 0.15307 0.17891 0.151153 0.127315 0.113677 0.0841104 0.0481784 0.0219796 0.0075342 0.00175556 0.000264177 2.58029e-05 1.70127e-06 7.90374e-08 2.62464e-09 6.1132e-11 9.6944e-13 1.02123e-14
 4.00677e-08 1.6838e-06 4.17228e-05 0.000609614 0.00525264 0.0267028 0.0802911 0.144551 0.164911 0.145906 0.136073 0.125351 0.0901907 0.0495813 0.0216373 0.00707195 0.00157452 0.000228544 2.18309e-05 1.41953e-06 6.44088e-08 2.03195e-09 4.36471e-11 6.26766e-13 5.95389e-15
 6.48214e-08 2.58034e-06 6.05657e-05 0.000838248 0.00684161 0.0329455 0.0938285 0.159931 0.172374 0.14318 0.125403 0.111118 0.0798713 0.0452951 0.0202093 0.00650447 0.00138755 0.00019093 1.72767e-05 1.06891e-06 4.64443e-08 1.4107e-09 2.92285e-11 4.0331e-13 3.64413e-15
 9.64921e-08 3.63727e-06 8.0844e-05 0.00105955 0.00818936 0.0373511 0.100835 0.163544 0.170435 0.142706 0.127965 0.11055 0.0748998 0.0396085 0.016535 0.00504378 0.00103878 0.000141381 1.29768e-05 8.24174e-07 3.63286e-08 1.09049e-09 2.18137e-11 2.86802e-13 2.45714e-15
 1.3952e-07 4.97899e-06 0.00010477 0.00129999 0.00951296 0.0410881 0.105158 0.162508 0.164697 0.140618 0.129997 0.111276 0.0739636 0.03854 0.0156645 0.00455957 0.000884821 0.000113014 9.76725e-06 5.90527e-07 2.51759e-08 7.41803e-10 1.46888e-11 1.9111e-13 1.60691e-15
 2.20317e-07 7.4424e-06 0.000148241 0.00174113 0.0120607 0.0493132 0.119503 0.17503 0.168673 0.137766 0.121936 0.10001 0.064295 0.032561 0.0127251 0.00350838 0.000638657 7.60678e-05 6.10121e-06 3.41175e-07 1.34506e-08 3.67874e-10 6.80831e-12 8.35151e-14 6.68038e-16
 3.09464e-07 9.89478e-06 0.000186549 0.00207394 0.0135994 0.0526598 0.121106 0.169927 0.162507 0.140367 0.129479 0.103092 0.0621103 0.0291264 0.0105392 0.00270161 0.000458461 5.09019e-05 3.79653e-06 1.96618e-07 7.14863e-09 1.79714e-10 3.05102e-12 3.43148e-14 2.51997e-16
 4.54711e-07 1.37614e-05 0.000245573 0.00258417 0.0160401 0.0588098 0.128225 0.171522 0.159437 0.137858 0.126491 0.0989573 0.0593176 0.0278242 0.0098505 0.00240176 0.000380128 3.88026e-05 2.62863e-06 1.2273e-07 4.02425e-09 9.17206e-11 1.41854e-12 1.45662e-14 9.7695e-17
 6.44533e-07 1.8464e-05 0.00031189 0.00310676 0.0182562 0.0634014 0.131259 0.168492 0.155587 0.139312 0.128841 0.0979599 0.0567315 0.0256678 0.00869683 0.0020195 0.000305266 3.00051e-05 1.97121e-06 8.89827e-08 2.77495e-09 5.88393e-11 8.3145e-13 7.72152e-15 4.66871e-17
 9.42967e-07 2.55723e-05 0.000408923 0.00385614 0.0214536 0.0705706 0.138655 0.170292 0.154148 0.138386 0.125801 0.0925501 0.0519743 0.0227149 0.00732282 0.00159459 0.0002237 2.02382e-05 1.21723e-06 5.03833e-08 1.45433e-09 2.88727e-11 3.84607e-13 3.36515e-15 1.90415e-17
 1.38431e-06 3.55429e-05 0.000538111 0.00480439 0.0253093 0.0788615 0.147023 0.172528 0.152146 0.135193 0.120241 0.0864612 0.0480206 0.0207329 0.00651863 0.00137815 0.000189602 1.71434e-05 1.04572e-06 4.36901e-08 1.24083e-09 2.34939e-11 2.91758e-13 2.35449e-15 1.22691e-17
 2.02966e-06 4.9345e-05 0.000707403 0.00598067 0.0298374 0.0880968 0.156014 0.175607 0.15229 0.134653 0.115656 0.0784058 0.0406207 0.0162804 0.00474417 0.000927915 0.00011768 9.77873e-06 5.49853e-07 2.14583e-08 5.80524e-10 1.06493e-11 1.29149e-13 1.01522e-15 5.0983e-18
#spawning biomass
 31280.7 37192.9 25189.3 17988 25731.8 42579 63667.7 100016 143410 160863 160424 141019 194589 210737 226333 180749 167503 183902 186463 211311 202212 221987 191662 194334 206040 167879 206073 275532 452927 572012 388719 232317 131795 75907.8 47456.2 33791.3 27488.7 24665.2 23427.1 22892.7 22664.9 22568.6 22528.2 22511.2 22504.3 22501.5 22500.3 22499.8 22499.6 22499.5 22499.5 22499.5 22499.5 22499.5 22499.5 22499.5 22499.5 22499.5 22499.5 22499.5 22499.5 22499.5 22499.5 22499.5 22499.5 22499.5 22499.5 22499.5 22499.5 22499.5 22499.5 22499.5 22499.5 22499.5 22499.5 22499.5 22499.5 22499.5 22499.5 22499.5 22499.5 22499.5 22499.5 22499.5 22499.5 22499.5 22499.5 22499.5 22499.5 22499.5 22499.5 22499.5 22499.5 22499.5 22499.5 22499.5 22499.5 22499.5 22499.5 22499.5 22499.5 22499.5 22499.5 22499.5 22499.5 22499.5 22499.5 22499.5 22499.5 22499.5 22499.5 22499.5 22499.5 22499.5 22499.5 22499.5 22499.5 22499.5 22499.5 22499.5 22499.5 22499.5 22499.5 22499.5 22499.5 22499.5 22499.5 22499.5 0 0 0 0 0 0 0 0 0 0 0 0 0 0 0 0 0 0 0 0 0 0 0 0 0
