SBPRF35
0.178135
Curr Bio
157803
B35
208443
F35
0.614792
FOFL
0.614792
OFL
89242.7
Bzero
50895.7
#pred survey bio
 8820.04 8133.23 10342.4 12496.6 19317.6 29100.6 29360.7 34111.9 47476.3 58937.1 71980.3 93263.1 124572 144055 139536 117468 112923 108086 101764 96619.4 99087.6 112736 118904 125051 139161 144431 148033 139677 163600 5.98139e+06 5.33429e+06 3.21132e+06 1.85486e+06 1.13401e+06 780152 609743 525975 482970 459761 446672 439047 434512 431780 430116 429096 428486 428120 427900 427767 427688 427639 427610 427593 427582 427576 427572 427570 427568 427567 427567 427566 427566 427566 427566 427566 427566 427566 427566 427566 427566 427566 427566 427566 427566 427566 427566 427566 427566 427566 427566 427566 427566 427566 427566 427566 427566 427566 427566 427566 427566 427566 427566 427566 427566 427566 427566 427566 427566 427566 427566 427566 427566 427566 427566 427566 427566 427566 427566 427566 427566 427566 427566 427566 427566 427566 427566 427566 427566 427566 427566 427566 427566 427566 427566 427566 427566 427566 427566 427566 0 0 0 0 0 0 0 0 0 0 0 0 0 0 0 0 0 0 0 0 0 0 0 0 0
#obs survey bio
 8013.24 7608.84 9897.09 12939.9 24323.4 24787.7 30800.1 44733.3 48066.9 82062.6 68385.4 121752 202862 149644 110229 100167 150111 80330.5 89747.6 106246 142910 72547 187832 112113 144951 136148 172355 133867 162564
#pred catch bio
 5245.43 4786.03 6178.93 7373.14 10128.5 18144.2 18853.9 20769.4 30656.4 38844.1 48110 61595 86713.7 104597 106990 87783.4 85092.1 82693.6 80520.7 76453.3 76147.2 90322.5 95232.5 100962 116443 118304 123495 109058 70607.8 89242.7 89642 49688 25942.3 14450 9508.79 7539.27 6793.68 6521.55 6424.82 6391.11 6379.54 6375.6 6374.28 6373.84 6373.69 6373.64 6373.63 6373.62 6373.62 6373.62 6373.62 6373.62 6373.62 6373.62 6373.62 6373.62 6373.62 6373.62 6373.62 6373.62 6373.62 6373.62 6373.62 6373.62 6373.62 6373.62 6373.62 6373.62 6373.62 6373.62 6373.62 6373.62 6373.62 6373.62 6373.62 6373.62 6373.62 6373.62 6373.62 6373.62 6373.62 6373.62 6373.62 6373.62 6373.62 6373.62 6373.62 6373.62 6373.62 6373.62 6373.62 6373.62 6373.62 6373.62 6373.62 6373.62 6373.62 6373.62 6373.62 6373.62 6373.62 6373.62 6373.62 6373.62 6373.62 6373.62 6373.62 6373.62 6373.62 6373.62 6373.62 6373.62 6373.62 6373.62 6373.62 6373.62 6373.62 6373.62 6373.62 6373.62 6373.62 6373.62 6373.62 6373.62 6373.62 6373.62 6373.62 6373.62 6373.62 0 0 0 0 0 0 0 0 0 0 0 0 0 0 0 0 0 0 0 0 0 0 0 0 0
#obs catch bio
 4757.49 4776.35 6130.94 7216.93 9822.68 17573.9 18607.9 20141 30289.4 37229.1 46962.4 59753.9 84452.5 102721 108104 87750.1 83186.1 82161.8 80429.9 76379.6 73936.1 90164.5 91389.1 99202.8 115343 114999 120254 106337 69836.3
#pred cpue bio
 8055.54 6988.55 8856.36 10802.3 15990 25266.9 25742.8 28723.4 40250.1 50067.5 60920.3 78066.1 104718 121956 119579 100089 95455.8 91658.7 85844.6 80618.5 82305.5 93422.3 98316.8 103598 113889 118596 122570 115573 134586 5.31406e+06 5.30676e+06 3.1838e+06 1.82733e+06 1.10648e+06 752627 582217 498450 455445 432235 419146 411522 406987 404255 402591 401570 400960 400594 400374 400242 400162 400114 400085 400067 400057 400050 400046 400044 400043 400042 400041 400041 400041 400041 400041 400041 400041 400041 400041 400041 400041 400041 400041 400041 400041 400041 400041 400041 400041 400041 400041 400041 400041 400041 400041 400041 400041 400041 400041 400041 400041 400041 400041 400041 400041 400041 400041 400041 400041 400041 400041 400041 400041 400041 400041 400041 400041 400041 400041 400041 400041 400041 400041 400041 400041 400041 400041 400041 400041 400041 400041 400041 400041 400041 400041 400041 400041 400041 400041 400041 0 0 0 0 0 0 0 0 0 0 0 0 0 0 0 0 0 0 0 0 0 0 0 0 0
#obs cpue bio
 6310.13 8542.14 9769.05 19365 22759.8 37031.5 33974.3 35797.6 41553.7 91751.5 77931.6 100423 93321.2 141875 109771 129360 115738 120350 99240.7 75235.7 104999 127445 149187 128783 126484 212748 159824 189787 140338
#pred surv len freq
 2.56667e-27 2.59782e-27 4.15384e-26 8.22296e-20 2.01576e-14 5.97305e-10 2.13945e-06 0.000926299 0.0484792 0.306692 0.23477 0.0368039 0.115196 0.106467 0.0279813 0.0374306 0.0177594 0.0159726 0.0109671 0.00914189 0.00774176 0.00712363 0.00753152 0.00688762 0.00212483
 2.56992e-27 2.60623e-27 4.84412e-26 9.67895e-20 2.37268e-14 7.03067e-10 2.51827e-06 0.00109031 0.0570631 0.360996 0.27628 0.0395711 0.107094 0.0985397 0.0187769 0.0181347 0.00729423 0.0049685 0.00282745 0.00200776 0.00148789 0.00122155 0.00117658 0.00109548 0.000372501
 2.56963e-27 2.60537e-27 4.75674e-26 9.49455e-20 2.32747e-14 6.89672e-10 2.47029e-06 0.00106954 0.0559759 0.354119 0.271049 0.0408591 0.120571 0.110878 0.0192421 0.0160103 0.00542912 0.00230928 0.00100241 0.00053789 0.000317018 0.000219113 0.000184132 0.000165776 5.88854e-05
 2.56895e-27 2.60354e-27 4.59615e-26 9.15578e-20 2.24443e-14 6.65065e-10 2.38215e-06 0.00103138 0.0539787 0.341484 0.261407 0.0412324 0.130187 0.119801 0.0217402 0.0194518 0.00631805 0.00220151 0.000709634 0.000238945 9.63916e-05 4.95375e-05 3.35715e-05 2.74715e-05 9.80567e-06
 2.57157e-27 2.61067e-27 5.22918e-26 1.04912e-19 2.5718e-14 7.62069e-10 2.7296e-06 0.00118181 0.0618519 0.391292 0.299407 0.0392045 0.0880565 0.0809574 0.0154806 0.0149546 0.00496461 0.00188335 0.000563943 0.000144579 3.45785e-05 1.06632e-05 4.95242e-06 3.34594e-06 1.15417e-06
 2.56858e-27 2.60248e-27 4.49682e-26 8.94622e-20 2.19306e-14 6.49842e-10 2.32763e-06 0.00100777 0.0527432 0.333668 0.255451 0.0420403 0.140519 0.129211 0.0211414 0.0157263 0.00533044 0.00223064 0.000698296 0.00018612 3.56368e-05 6.19835e-06 1.47038e-06 6.75181e-07 2.12389e-07
 2.56796e-27 2.60089e-27 4.36549e-26 8.66919e-20 2.12515e-14 6.29719e-10 2.25555e-06 0.000976567 0.05111 0.323336 0.247554 0.0415608 0.142419 0.131181 0.0254429 0.0250262 0.007926 0.0024221 0.000767309 0.000223621 4.50368e-05 6.54959e-06 7.64604e-07 1.60883e-07 4.0444e-08
 2.57064e-27 2.60818e-27 5.01074e-26 1.00304e-19 2.45883e-14 7.28597e-10 2.60971e-06 0.00112991 0.0591352 0.374105 0.286291 0.0396962 0.101013 0.0929404 0.0180808 0.0178862 0.00613184 0.00261683 0.000754497 0.000173212 3.67526e-05 5.67986e-06 5.29666e-07 4.26316e-08 5.93591e-09
 2.57015e-27 2.60675e-27 4.87545e-26 9.74498e-20 2.38886e-14 7.07863e-10 2.53545e-06 0.00109775 0.0574524 0.363459 0.27818 0.0407933 0.11506 0.105746 0.0174948 0.0133137 0.00455259 0.00196938 0.000652649 0.000187774 3.29849e-05 4.78068e-06 4.65517e-07 2.46306e-08 1.22809e-09
 2.57002e-27 2.60639e-27 4.84455e-26 9.67978e-20 2.37288e-14 7.03128e-10 2.51848e-06 0.00109041 0.057068 0.361028 0.276324 0.0408364 0.116693 0.107279 0.0182617 0.0146567 0.00465043 0.00145988 0.000471026 0.000143619 3.13828e-05 4.4175e-06 3.8471e-07 1.96257e-08 4.95873e-10
 2.57024e-27 2.607e-27 4.89849e-26 9.79359e-20 2.40078e-14 7.11394e-10 2.54809e-06 0.00110323 0.057739 0.365272 0.279562 0.0406781 0.113213 0.104066 0.0176643 0.0141062 0.00453307 0.00150536 0.000427716 0.000100944 2.23117e-05 3.70185e-06 3.37381e-07 1.55666e-08 3.32579e-10
 2.57087e-27 2.60871e-27 5.0483e-26 1.01096e-19 2.47825e-14 7.3435e-10 2.63032e-06 0.00113883 0.0596021 0.377059 0.288556 0.0403027 0.104037 0.0955827 0.0158791 0.0121674 0.00390219 0.00128945 0.000374215 8.83796e-05 1.55121e-05 2.35003e-06 2.43949e-07 1.19062e-08 2.32454e-10
 2.57061e-27 2.60797e-27 4.98161e-26 9.96891e-20 2.44376e-14 7.24129e-10 2.59371e-06 0.00112298 0.0587726 0.371811 0.284555 0.0406481 0.109477 0.10057 0.0161803 0.0115954 0.00367832 0.00115802 0.000333554 7.89929e-05 1.4035e-05 1.8172e-06 1.64875e-07 8.83449e-09 1.80876e-10
 2.57018e-27 2.60681e-27 4.87814e-26 9.75063e-20 2.39025e-14 7.08274e-10 2.53692e-06 0.00109839 0.0574857 0.36367 0.278344 0.0410149 0.116632 0.107162 0.0171494 0.0121432 0.00379666 0.00110629 0.000310183 7.05314e-05 1.2467e-05 1.61664e-06 1.29531e-07 6.12156e-09 1.3316e-10
 2.56942e-27 2.60474e-27 4.69455e-26 9.36334e-20 2.29531e-14 6.80141e-10 2.43615e-06 0.00105476 0.0552024 0.349225 0.267323 0.0415978 0.12881 0.118393 0.0190011 0.0135393 0.00422374 0.00121287 0.000330629 7.00817e-05 1.18674e-05 1.5056e-06 1.1928e-07 5.03701e-09 9.87722e-11
 2.56979e-27 2.60575e-27 4.78471e-26 9.55353e-20 2.34193e-14 6.93957e-10 2.48564e-06 0.00107619 0.0563237 0.356319 0.272735 0.0412758 0.122558 0.112635 0.0182023 0.0131672 0.004114 0.00118956 0.00032308 6.70783e-05 1.07257e-05 1.2799e-06 9.81792e-08 4.03758e-09 7.13684e-11
 2.57028e-27 2.60707e-27 4.90139e-26 9.79968e-20 2.40227e-14 7.11837e-10 2.54968e-06 0.00110391 0.0577749 0.3655 0.27974 0.0409135 0.11488 0.105553 0.0169982 0.012204 0.00382416 0.00112487 0.000306872 6.39898e-05 1.00946e-05 1.14816e-06 8.21844e-08 3.24509e-09 5.51442e-11
 2.57007e-27 2.60648e-27 4.84758e-26 9.68616e-20 2.37444e-14 7.0359e-10 2.52014e-06 0.00109113 0.0571056 0.361265 0.276511 0.0412231 0.119504 0.109786 0.0171232 0.0114223 0.00356852 0.00104101 0.000285299 6.03935e-05 9.58213e-06 1.08129e-06 7.40162e-08 2.72809e-09 4.42275e-11
 2.57038e-27 2.60734e-27 4.92388e-26 9.84713e-20 2.41391e-14 7.15283e-10 2.56202e-06 0.00110926 0.0580546 0.367269 0.281092 0.0409627 0.114304 0.104997 0.0164558 0.0111025 0.00342126 0.000919367 0.000248553 5.23369e-05 8.39332e-06 9.57155e-07 6.51e-08 2.29866e-09 3.48904e-11
 2.57099e-27 2.60898e-27 5.06761e-26 1.01503e-19 2.48823e-14 7.37308e-10 2.64091e-06 0.00114341 0.0598422 0.378578 0.289721 0.0406315 0.10572 0.0970527 0.0146288 0.00893474 0.0027532 0.00074838 0.000197455 3.87638e-05 6.12431e-06 7.01355e-07 4.82535e-08 1.69281e-09 2.46559e-11
 2.57122e-27 2.6096e-27 5.12159e-26 1.02642e-19 2.51615e-14 7.4558e-10 2.67054e-06 0.00115624 0.0605135 0.382825 0.292963 0.0405491 0.102816 0.094356 0.0138501 0.00783452 0.00236984 0.000578325 0.000150773 2.96404e-05 4.44408e-06 4.8723e-07 3.34679e-08 1.18516e-09 1.71376e-11
 2.57135e-27 2.60995e-27 5.15318e-26 1.03308e-19 2.53248e-14 7.5042e-10 2.68788e-06 0.00116375 0.0609064 0.38531 0.294859 0.0404209 0.100508 0.0922356 0.0136434 0.00789524 0.00236295 0.000531323 0.000132467 2.37736e-05 3.52128e-06 3.73675e-07 2.43455e-08 8.53428e-10 1.24179e-11
 2.57145e-27 2.61022e-27 5.17626e-26 1.03795e-19 2.54442e-14 7.53957e-10 2.70055e-06 0.00116923 0.0611935 0.387126 0.296246 0.0404394 0.0996745 0.0914451 0.0131204 0.00690156 0.00206731 0.000475609 0.000116496 1.92972e-05 2.63911e-06 2.64922e-07 1.67471e-08 5.5857e-10 7.99241e-12
 2.57135e-27 2.60993e-27 5.15016e-26 1.03245e-19 2.53092e-14 7.49956e-10 2.68622e-06 0.00116303 0.0608688 0.385072 0.294679 0.0405445 0.101575 0.0931938 0.0133372 0.00695423 0.00205635 0.00042897 0.000103911 1.74416e-05 2.26976e-06 2.07941e-07 1.21997e-08 3.90836e-10 5.34672e-12
 2.57198e-27 2.61167e-27 5.3046e-26 1.06503e-19 2.61079e-14 7.73623e-10 2.77099e-06 0.00119973 0.0627896 0.397224 0.303949 0.0400018 0.0909318 0.083391 0.0119415 0.00623888 0.00184298 0.000380723 8.9842e-05 1.3871e-05 1.79317e-06 1.60393e-07 8.602e-09 2.53389e-10 3.29798e-12
 2.57179e-27 2.61113e-27 5.25523e-26 1.05461e-19 2.58526e-14 7.66058e-10 2.74389e-06 0.001188 0.0621756 0.39334 0.300988 0.0403179 0.0954178 0.0874906 0.0119405 0.00520475 0.00152986 0.000316643 7.45844e-05 1.13384e-05 1.38442e-06 1.17678e-07 6.17186e-09 1.67737e-10 2.00069e-12
 2.57136e-27 2.60996e-27 5.15191e-26 1.03282e-19 2.53182e-14 7.50224e-10 2.68718e-06 0.00116344 0.0608905 0.38521 0.294785 0.0406263 0.102123 0.0936804 0.0130788 0.00623998 0.00180359 0.000312647 7.10062e-05 1.07989e-05 1.30762e-06 1.06611e-07 5.25324e-09 1.37756e-10 1.52816e-12
 2.5714e-27 2.61008e-27 5.1622e-26 1.03499e-19 2.53714e-14 7.51801e-10 2.69282e-06 0.00116589 0.0610185 0.386019 0.295403 0.0405654 0.101226 0.092859 0.0130509 0.0063842 0.00186355 0.000351974 7.84058e-05 1.01965e-05 1.19129e-06 9.65451e-08 4.59685e-09 1.13433e-10 1.20032e-12
 2.57172e-27 2.61097e-27 5.24295e-26 1.05202e-19 2.5789e-14 7.64175e-10 2.73715e-06 0.00118508 0.0620228 0.392373 0.300248 0.0401665 0.0947863 0.0869537 0.0126773 0.00701903 0.00206115 0.000399224 9.09968e-05 1.26414e-05 1.3701e-06 9.9281e-08 4.63471e-09 1.10932e-10 1.10914e-12
#obs surv len freq
 1.77121e-41 2.45832e-33 4.12434e-26 8.36409e-20 2.05036e-14 6.07559e-10 2.17618e-06 0.000942209 0.0493115 0.311959 0.238942 0.0439765 0.151172 0.128068 0.0361223 0.0277785 0.00847805 0.00266934 0.000516848 5.97772e-05 3.02612e-06 4.88056e-08 1.86409e-10 1.35678e-13 1.63024e-17
 2.17842e-41 3.02351e-33 5.07256e-26 1.02871e-19 2.52175e-14 7.47241e-10 2.67649e-06 0.00115883 0.0606486 0.38368 0.29368 0.0420192 0.0970021 0.0776243 0.0220685 0.0158686 0.00461975 0.00135807 0.000243683 2.46501e-05 1.02817e-06 1.29591e-08 3.71974e-11 1.98056e-14 1.71054e-18
 1.72196e-41 2.38997e-33 4.00967e-26 8.13153e-20 1.99335e-14 5.90665e-10 2.11567e-06 0.000916011 0.0479404 0.303285 0.232514 0.0512446 0.182016 0.135956 0.0267008 0.0142257 0.00394129 0.00106795 0.0001736 1.53369e-05 5.26827e-07 5.1621e-09 1.1085e-11 4.31233e-15 2.68107e-19
 2.09103e-41 2.90221e-33 4.86906e-26 9.87437e-20 2.42058e-14 7.17263e-10 2.56912e-06 0.00111234 0.0582155 0.368288 0.282051 0.0458138 0.113321 0.0812789 0.0279987 0.0177837 0.00337255 0.000660218 9.48033e-05 7.16418e-06 2.01365e-07 1.53475e-09 2.46263e-12 6.98748e-16 3.12536e-20
 2.37698e-41 3.29909e-33 5.5349e-26 1.12247e-19 2.7516e-14 8.15348e-10 2.92045e-06 0.00126445 0.0661764 0.418651 0.320477 0.0442295 0.0784084 0.0515917 0.0113218 0.00584745 0.00166252 0.000334419 3.11637e-05 1.81561e-06 4.08634e-08 2.40747e-10 2.89063e-13 5.99229e-17 1.92908e-21
 1.32612e-41 1.84056e-33 3.08792e-26 6.26225e-20 1.53512e-14 4.54883e-10 1.62932e-06 0.000705438 0.0369198 0.233569 0.179939 0.0711598 0.271574 0.165909 0.0274618 0.0104079 0.00193821 0.000372262 3.99784e-05 1.64567e-06 2.56391e-08 1.12851e-10 1.00703e-13 1.52632e-17 3.54626e-22
 2.21206e-41 3.07019e-33 5.15089e-26 1.04459e-19 2.56069e-14 7.58778e-10 2.71782e-06 0.00117672 0.061585 0.389605 0.298438 0.0468017 0.0892821 0.0567155 0.0354674 0.0181811 0.00243062 0.000289332 2.38467e-05 9.56749e-07 1.11775e-08 3.27466e-11 2.0526e-14 2.24154e-18 3.74988e-23
 1.98324e-41 2.75261e-33 4.61808e-26 9.36536e-20 2.29581e-14 6.8029e-10 2.43669e-06 0.001055 0.0552146 0.349306 0.268145 0.061082 0.155659 0.0829161 0.0160714 0.00742855 0.00271657 0.000383117 1.91002e-05 5.17488e-07 5.02502e-09 1.11824e-11 4.72276e-15 3.47059e-19 4.03452e-24
 2.02809e-41 2.81485e-33 4.72249e-26 9.57712e-20 2.34772e-14 6.95672e-10 2.49179e-06 0.00107886 0.0564631 0.357205 0.274262 0.0613803 0.14288 0.0735257 0.0230297 0.00858904 0.00131298 0.000250527 1.9426e-05 3.80335e-07 2.30003e-09 3.75352e-12 1.19035e-15 6.14654e-20 4.812e-25
 1.98416e-41 2.75388e-33 4.62021e-26 9.3697e-20 2.29687e-14 6.80605e-10 2.43782e-06 0.00105549 0.0552402 0.34947 0.268645 0.0669613 0.153967 0.0735046 0.0216512 0.00787742 0.0014514 0.000162851 1.07985e-05 2.70844e-07 1.39664e-09 1.45356e-12 3.06141e-16 1.13092e-20 6.37865e-26
 2.09884e-41 2.91305e-33 4.88724e-26 9.91123e-20 2.42962e-14 7.19941e-10 2.57871e-06 0.00111649 0.0584328 0.369668 0.284123 0.0658693 0.133237 0.0602104 0.0196092 0.00649176 0.00110902 0.000124013 6.03068e-06 1.13818e-07 5.94283e-10 5.61736e-13 8.46467e-17 2.03257e-21 7.63654e-27
 2.0415e-41 2.83347e-33 4.75373e-26 9.64046e-20 2.36325e-14 7.00273e-10 2.50826e-06 0.00108599 0.0568365 0.359572 0.276851 0.073288 0.147201 0.0611564 0.0176506 0.0053504 0.000910866 9.09014e-05 3.92956e-06 5.5997e-08 2.10109e-10 1.67312e-13 2.22109e-17 4.28455e-22 1.15137e-27
 1.9972e-41 2.77199e-33 4.65059e-26 9.4313e-20 2.31197e-14 6.85079e-10 2.45384e-06 0.00106243 0.0556033 0.351774 0.271354 0.079541 0.15405 0.0610868 0.0194687 0.00522536 0.000760921 6.86492e-05 2.58874e-06 3.02646e-08 8.50845e-11 4.77592e-14 4.70647e-18 7.24124e-23 1.58148e-28
 1.8749e-41 2.60224e-33 4.36579e-26 8.85374e-20 2.17039e-14 6.43126e-10 2.30357e-06 0.000997367 0.0521983 0.330239 0.255722 0.0911066 0.17462 0.0661728 0.0223726 0.00570103 0.000805246 6.03563e-05 1.88397e-06 1.80814e-08 3.97963e-11 1.66005e-14 1.16e-18 1.25319e-23 1.97704e-29
 1.6935e-41 2.35047e-33 3.9434e-26 7.99713e-20 1.9604e-14 5.80903e-10 2.0807e-06 0.000900871 0.047148 0.298299 0.232509 0.106391 0.201025 0.0758733 0.0295877 0.00719815 0.000996534 6.79234e-05 1.73683e-06 1.29478e-08 2.20652e-11 6.99149e-15 3.61196e-19 2.80892e-24 3.1229e-30
 1.91424e-41 2.65684e-33 4.4574e-26 9.03952e-20 2.21593e-14 6.56621e-10 2.35191e-06 0.0010183 0.0532936 0.337178 0.261896 0.0954581 0.154632 0.0608065 0.0278019 0.00687059 0.000979678 6.18056e-05 1.36652e-06 8.06632e-09 1.03057e-11 2.42187e-15 9.25891e-20 5.28437e-25 4.26135e-31
 1.86276e-41 2.58539e-33 4.33753e-26 8.79642e-20 2.15634e-14 6.38963e-10 2.28866e-06 0.000990911 0.0518604 0.328124 0.256294 0.109558 0.169156 0.0570621 0.0207442 0.00534555 0.000811583 4.99085e-05 9.81174e-07 4.76244e-09 4.70012e-12 8.16337e-16 2.26295e-20 9.33573e-26 5.44538e-32
 1.83636e-41 2.54875e-33 4.27606e-26 8.67176e-20 2.12578e-14 6.29908e-10 2.25623e-06 0.000976868 0.0511255 0.323487 0.253827 0.117038 0.168515 0.0581039 0.0218108 0.0044774 0.000599045 3.66373e-05 6.64152e-07 2.73559e-09 2.14923e-12 2.84404e-16 5.82086e-21 1.73685e-26 7.25106e-33
 1.86113e-41 2.58312e-33 4.33372e-26 8.7887e-20 2.15445e-14 6.38402e-10 2.28665e-06 0.000990041 0.0518149 0.327863 0.258139 0.121394 0.160321 0.0546134 0.0202921 0.00408169 0.000464646 2.31285e-05 3.7289e-07 1.33326e-09 8.575e-13 8.87419e-17 1.37561e-21 3.03971e-27 9.24539e-34
 1.93751e-41 2.68914e-33 4.51159e-26 9.14941e-20 2.24287e-14 6.64603e-10 2.3805e-06 0.00103068 0.0539415 0.341331 0.269137 0.121519 0.144867 0.0478028 0.0167901 0.00322265 0.00034063 1.40813e-05 1.76704e-07 5.11312e-10 2.6884e-13 2.21807e-17 2.66212e-22 4.44965e-28 1.0061e-34
 1.94203e-41 2.69541e-33 4.52211e-26 9.17074e-20 2.2481e-14 6.66153e-10 2.38605e-06 0.00103308 0.0540674 0.342154 0.271348 0.129538 0.14228 0.0433973 0.0135656 0.00237921 0.000226502 8.12114e-06 8.10423e-08 1.76419e-10 7.02533e-14 4.47294e-18 4.15245e-23 5.31528e-29 9.08032e-36
 1.98486e-41 2.75485e-33 4.62183e-26 9.37298e-20 2.29768e-14 6.80843e-10 2.43867e-06 0.00105586 0.0552597 0.349723 0.278296 0.13144 0.13154 0.0394318 0.0113894 0.00171786 0.000139093 4.20224e-06 3.40323e-08 5.70191e-11 1.67697e-14 7.79366e-19 5.32227e-24 5.06542e-30 6.4699e-37
 1.90874e-41 2.64921e-33 4.44459e-26 9.01355e-20 2.20956e-14 6.54735e-10 2.34515e-06 0.00101537 0.0531408 0.336375 0.271135 0.14735 0.138778 0.0399922 0.0106538 0.00145694 9.7945e-05 2.35664e-06 1.50476e-08 1.94996e-11 4.31928e-15 1.47415e-19 7.27187e-25 4.9709e-31 4.57018e-38
 1.95665e-41 2.71571e-33 4.55616e-26 9.23981e-20 2.26503e-14 6.7117e-10 2.40402e-06 0.00104086 0.0544748 0.344853 0.278819 0.145776 0.125814 0.0381522 0.00979699 0.00120048 6.85713e-05 1.30652e-06 6.31703e-09 6.14368e-12 1.01663e-15 2.56877e-20 9.27511e-26 4.58986e-32 3.02831e-39
 1.93879e-41 2.69091e-33 4.51457e-26 9.15545e-20 2.24435e-14 6.65042e-10 2.38207e-06 0.00103136 0.0539777 0.341784 0.279465 0.155562 0.1239 0.0349458 0.00830857 0.000974564 4.79638e-05 7.31799e-07 2.68611e-09 1.9191e-12 2.30987e-16 4.24498e-21 1.11497e-26 4.00575e-33 1.91184e-40
 1.88146e-41 2.61134e-33 4.38106e-26 8.88471e-20 2.17798e-14 6.45376e-10 2.31163e-06 0.00100086 0.0523818 0.331798 0.275892 0.168881 0.126284 0.0353323 0.00760595 0.000786041 3.39878e-05 4.2702e-07 1.20542e-09 6.37426e-13 5.55433e-17 7.31173e-22 1.37211e-27 3.52599e-34 1.20585e-41
 1.79313e-41 2.48874e-33 4.17538e-26 8.46758e-20 2.07573e-14 6.15076e-10 2.2031e-06 0.000953867 0.0499231 0.316397 0.269279 0.184569 0.131631 0.0385858 0.00790185 0.000729931 2.63404e-05 2.69984e-07 5.99869e-10 2.39108e-13 1.52539e-17 1.44631e-22 1.93674e-28 3.53374e-35 8.56421e-43
 1.83131e-41 2.54174e-33 4.2643e-26 8.64791e-20 2.11993e-14 6.28175e-10 2.25002e-06 0.000974182 0.0509867 0.323242 0.276756 0.181727 0.121324 0.0369838 0.00735047 0.000635446 1.94472e-05 1.58412e-07 2.72087e-10 8.24581e-14 3.91997e-18 2.71746e-23 2.62421e-29 3.42292e-36 5.89844e-44
 1.83138e-41 2.54184e-33 4.26446e-26 8.64825e-20 2.12002e-14 6.282e-10 2.25011e-06 0.00097422 0.0509887 0.323254 0.276772 0.181994 0.122279 0.036384 0.00679959 0.000538135 1.45475e-05 1.0151e-07 1.45936e-10 3.64598e-14 1.41513e-18 7.95784e-24 6.20517e-30 6.51367e-37 9.0112e-45
#pred catch len freq
 2.56612e-27 2.59635e-27 4.02712e-26 7.95565e-20 1.95023e-14 5.77888e-10 2.0699e-06 0.000896187 0.0469032 0.296723 0.227158 0.0368765 0.121097 0.111939 0.0294194 0.0393543 0.0186721 0.0167935 0.0115308 0.00961173 0.00813965 0.00748975 0.00791859 0.0072416 0.00223403
 2.56947e-27 2.60502e-27 4.7378e-26 9.45466e-20 2.3177e-14 6.86775e-10 2.45991e-06 0.00106505 0.0557408 0.352631 0.269896 0.0398214 0.113483 0.104441 0.0199014 0.0192207 0.00773106 0.00526605 0.00299678 0.002128 0.001577 0.0012947 0.00124704 0.00116109 0.000394809
 2.56921e-27 2.60422e-27 4.65501e-26 9.27995e-20 2.27487e-14 6.74084e-10 2.41446e-06 0.00104537 0.0547108 0.346115 0.264942 0.0411577 0.127134 0.116933 0.0202929 0.0168847 0.00572561 0.00243539 0.00105715 0.000567265 0.000334331 0.000231079 0.000194188 0.000174829 6.21011e-05
 2.56848e-27 2.60225e-27 4.4825e-26 8.91603e-20 2.18566e-14 6.4765e-10 2.31977e-06 0.00100437 0.0525653 0.332542 0.254584 0.0415605 0.137477 0.12653 0.0229614 0.0205444 0.00667293 0.00232517 0.000749493 0.000252366 0.000101806 5.232e-05 3.54572e-05 2.90146e-05 1.03564e-05
 2.57103e-27 2.60922e-27 5.10076e-26 1.02203e-19 2.50539e-14 7.4239e-10 2.65912e-06 0.0011513 0.0602547 0.381188 0.291697 0.0395568 0.0961538 0.0884354 0.0169106 0.0163359 0.0054232 0.00205732 0.000616035 0.000157934 3.77726e-05 1.16482e-05 5.40988e-06 3.65501e-06 1.26078e-06
 2.56822e-27 2.6015e-27 4.40919e-26 8.76135e-20 2.14774e-14 6.36414e-10 2.27953e-06 0.000986948 0.0516533 0.326773 0.250191 0.0423148 0.146304 0.134545 0.0220142 0.0163756 0.0055505 0.00232273 0.000727124 0.000193804 3.71081e-05 6.45424e-06 1.53108e-06 7.03055e-07 2.21157e-07
 2.56765e-27 2.60005e-27 4.29171e-26 8.51355e-20 2.08699e-14 6.18414e-10 2.21505e-06 0.000959034 0.0501924 0.317531 0.243125 0.0417627 0.147067 0.135475 0.0262757 0.0258454 0.00818544 0.00250139 0.000792426 0.000230941 4.6511e-05 6.76398e-06 7.89633e-07 1.66149e-07 4.17678e-08
 2.5703e-27 2.60724e-27 4.92761e-26 9.85504e-20 2.41584e-14 7.15857e-10 2.56408e-06 0.00111015 0.0581012 0.367564 0.2813 0.0399187 0.106213 0.0977432 0.0190151 0.0188105 0.00644872 0.00275206 0.000793487 0.000182163 3.86519e-05 5.97338e-06 5.57037e-07 4.48347e-08 6.24265e-09
 2.5699e-27 2.60608e-27 4.81638e-26 9.62035e-20 2.35831e-14 6.9881e-10 2.50302e-06 0.00108371 0.0567176 0.358811 0.274633 0.0409762 0.118945 0.109328 0.0180875 0.0137647 0.0047068 0.00203609 0.000674757 0.000194135 3.41022e-05 4.94262e-06 4.81286e-07 2.54649e-08 1.26969e-09
 2.56981e-27 2.60584e-27 4.79554e-26 9.57639e-20 2.34754e-14 6.95617e-10 2.49158e-06 0.00107876 0.0564584 0.357171 0.273381 0.0409868 0.119904 0.110241 0.018766 0.0150614 0.00477885 0.00150019 0.000484033 0.000147585 3.22495e-05 4.53948e-06 3.95333e-07 2.01677e-08 5.09566e-10
 2.57007e-27 2.60655e-27 4.85805e-26 9.70827e-20 2.37986e-14 7.05197e-10 2.5259e-06 0.00109362 0.0572359 0.36209 0.277134 0.0408023 0.115864 0.106512 0.0180795 0.0144377 0.0046396 0.00154073 0.000437767 0.000103317 2.2836e-05 3.78885e-06 3.4531e-07 1.59324e-08 3.40394e-10
 2.57069e-27 2.60822e-27 5.00474e-26 1.00177e-19 2.45572e-14 7.27674e-10 2.60641e-06 0.00112847 0.0590603 0.373631 0.285941 0.0404389 0.106911 0.0982329 0.0163194 0.0125048 0.00401039 0.00132521 0.000384591 9.08301e-05 1.59422e-05 2.41519e-06 2.50713e-07 1.22364e-08 2.389e-10
 2.57054e-27 2.60778e-27 4.96434e-26 9.93248e-20 2.43483e-14 7.21483e-10 2.58423e-06 0.00111887 0.0585578 0.370453 0.283518 0.0407035 0.110627 0.101631 0.0163509 0.0117177 0.00371709 0.00117023 0.00033707 7.98257e-05 1.41829e-05 1.83636e-06 1.66613e-07 8.92762e-09 1.82783e-10
 2.57021e-27 2.60689e-27 4.88504e-26 9.7652e-20 2.39382e-14 7.09332e-10 2.54071e-06 0.00110003 0.0575716 0.364213 0.278759 0.0409926 0.116171 0.106737 0.0170814 0.0120951 0.00378161 0.0011019 0.000308953 7.02517e-05 1.24175e-05 1.61023e-06 1.29017e-07 6.09729e-09 1.32632e-10
 2.56961e-27 2.60525e-27 4.73969e-26 9.45856e-20 2.31865e-14 6.87058e-10 2.46093e-06 0.00106549 0.0557638 0.352777 0.270033 0.0414522 0.125799 0.115616 0.0185555 0.0132218 0.00412469 0.00118443 0.000322876 6.84382e-05 1.15891e-05 1.47029e-06 1.16483e-07 4.91889e-09 9.64559e-11
 2.5699e-27 2.60605e-27 4.81068e-26 9.60833e-20 2.35537e-14 6.97937e-10 2.49989e-06 0.00108236 0.0566468 0.358363 0.274294 0.0411924 0.120828 0.11104 0.0179446 0.0129808 0.00405575 0.00117272 0.000318505 6.61285e-05 1.05739e-05 1.26178e-06 9.67891e-08 3.98041e-09 7.03579e-11
 2.5704e-27 2.60741e-27 4.93134e-26 9.86288e-20 2.41776e-14 7.16427e-10 2.56612e-06 0.00111103 0.0581474 0.367856 0.281538 0.0408172 0.112884 0.103712 0.0167018 0.0119913 0.00375749 0.00110526 0.000301521 6.28742e-05 9.91862e-06 1.12815e-06 8.07515e-08 3.18851e-09 5.41828e-11
 2.57024e-27 2.60694e-27 4.88836e-26 9.77218e-20 2.39553e-14 7.09839e-10 2.54252e-06 0.00110082 0.0576127 0.364474 0.278959 0.0410889 0.116763 0.107259 0.0167291 0.0111594 0.0034864 0.00101705 0.000278733 5.90036e-05 9.36161e-06 1.05641e-06 7.23127e-08 2.66531e-09 4.32097e-11
 2.57064e-27 2.60804e-27 4.98559e-26 9.97731e-20 2.44582e-14 7.24739e-10 2.59589e-06 0.00112392 0.0588221 0.372124 0.284796 0.0407599 0.110159 0.101176 0.015857 0.0106985 0.00329675 0.000885909 0.000239508 5.04322e-05 8.08787e-06 9.22322e-07 6.27309e-08 2.21501e-09 3.36206e-11
 2.57123e-27 2.60962e-27 5.12481e-26 1.0271e-19 2.51781e-14 7.46072e-10 2.6723e-06 0.00115701 0.0605535 0.383078 0.293154 0.0404383 0.101839 0.0934758 0.0140896 0.00860545 0.00265173 0.000720798 0.000190178 3.73352e-05 5.8986e-06 6.75506e-07 4.64751e-08 1.63042e-09 2.37472e-11
 2.57138e-27 2.61003e-27 5.15957e-26 1.03443e-19 2.53578e-14 7.51398e-10 2.69138e-06 0.00116527 0.0609858 0.385813 0.295242 0.0404184 0.10022 0.091964 0.013499 0.00763591 0.00230977 0.000563664 0.00014695 2.8889e-05 4.33142e-06 4.74878e-07 3.26195e-08 1.15512e-09 1.67032e-11
 2.5716e-27 2.61065e-27 5.21507e-26 1.04614e-19 2.56449e-14 7.59904e-10 2.72185e-06 0.00117846 0.0616762 0.39018 0.298574 0.0402086 0.0962824 0.0883423 0.0130676 0.00756199 0.00226321 0.000508896 0.000126875 2.27701e-05 3.37265e-06 3.57902e-07 2.33179e-08 8.17405e-10 1.18937e-11
 2.5717e-27 2.61091e-27 5.23705e-26 1.05078e-19 2.57585e-14 7.63271e-10 2.73391e-06 0.00118368 0.0619495 0.391909 0.299894 0.0402268 0.095493 0.0875936 0.0125677 0.00661087 0.00198024 0.000455577 0.000111589 1.84844e-05 2.52796e-06 2.53764e-07 1.60417e-08 5.35044e-10 7.65578e-12
 2.57162e-27 2.61068e-27 5.21681e-26 1.04651e-19 2.56539e-14 7.60171e-10 2.7228e-06 0.00117887 0.0616978 0.390317 0.29868 0.0403107 0.096985 0.0889661 0.0127322 0.00663875 0.00196306 0.00040951 9.91971e-05 1.66503e-05 2.16679e-06 1.98508e-07 1.16463e-08 3.73106e-10 5.10417e-12
 2.57231e-27 2.61257e-27 5.38519e-26 1.08203e-19 2.65246e-14 7.85972e-10 2.81522e-06 0.00121888 0.0637919 0.403565 0.308786 0.0397192 0.085383 0.0782802 0.0112096 0.00585651 0.00173002 0.000357389 8.43357e-05 1.30209e-05 1.68327e-06 1.50563e-07 8.0748e-09 2.37859e-10 3.09585e-12
 2.57208e-27 2.61192e-27 5.32589e-26 1.06952e-19 2.6218e-14 7.76885e-10 2.78267e-06 0.00120479 0.0630544 0.398899 0.305229 0.0400627 0.0904964 0.0829593 0.0113221 0.00493519 0.00145063 0.000300244 7.07216e-05 1.07512e-05 1.31271e-06 1.11584e-07 5.85221e-09 1.5905e-10 1.89707e-12
 2.57172e-27 2.61094e-27 5.23901e-26 1.05119e-19 2.57686e-14 7.63571e-10 2.73498e-06 0.00118414 0.0619738 0.392063 0.300013 0.0403156 0.0960856 0.0881206 0.0123026 0.00586964 0.00169655 0.000294092 6.6792e-05 1.0158e-05 1.23002e-06 1.00284e-07 4.94146e-09 1.2958e-10 1.43746e-12
 2.57159e-27 2.61059e-27 5.20838e-26 1.04473e-19 2.56103e-14 7.58879e-10 2.71818e-06 0.00117687 0.061593 0.389654 0.298175 0.0404014 0.09803 0.0899158 0.0126373 0.00618185 0.00180449 0.000340818 7.59207e-05 9.87331e-06 1.15353e-06 9.3485e-08 4.45115e-09 1.09838e-10 1.16227e-12
 2.57097e-27 2.60891e-27 5.05968e-26 1.01336e-19 2.48413e-14 7.36092e-10 2.63656e-06 0.00114153 0.0597435 0.377954 0.289247 0.0408023 0.107353 0.0985303 0.0143651 0.00795351 0.00233556 0.000452375 0.000103112 1.43244e-05 1.5525e-06 1.12499e-07 5.25175e-09 1.25701e-10 1.25681e-12
#obs catch len freq
 1.73675e-41 2.41049e-33 4.0441e-26 8.20135e-20 2.01047e-14 5.95738e-10 2.13384e-06 0.000923877 0.0483521 0.305889 0.23431 0.0441157 0.15508 0.131474 0.0378604 0.0294495 0.00902276 0.00287418 0.000573652 6.90667e-05 3.65115e-06 6.13891e-08 2.44083e-10 1.84613e-13 2.29892e-17
 1.77495e-41 2.46352e-33 4.13306e-26 8.38177e-20 2.05469e-14 6.08843e-10 2.18078e-06 0.000944201 0.0494157 0.312618 0.239504 0.0459024 0.154756 0.124111 0.0359445 0.0261548 0.00782336 0.00234851 0.000428232 4.47321e-05 1.94631e-06 2.5563e-08 7.61224e-11 4.18988e-14 3.73086e-18
 2.18601e-41 3.03403e-33 5.09022e-26 1.03229e-19 2.53053e-14 7.49841e-10 2.68581e-06 0.00116286 0.0608596 0.385015 0.294743 0.0433087 0.098466 0.0743988 0.0217421 0.0147159 0.00419805 0.00117185 0.000196725 1.78023e-05 6.319e-07 6.4337e-09 1.43168e-11 5.74436e-15 3.66935e-19
 1.73858e-41 2.41304e-33 4.04837e-26 8.21001e-20 2.01259e-14 5.96367e-10 2.13609e-06 0.000924852 0.0484031 0.306213 0.234842 0.0537635 0.183715 0.128928 0.0255979 0.0130241 0.00353489 0.000904514 0.000136789 1.07147e-05 3.09969e-07 2.43404e-09 4.03102e-12 1.17791e-15 5.40606e-20
 2.11168e-41 2.93087e-33 4.91714e-26 9.97185e-20 2.44448e-14 7.24345e-10 2.59448e-06 0.00112332 0.0587902 0.371924 0.284891 0.0474128 0.113012 0.0763371 0.0271512 0.015846 0.0028885 0.000543783 7.22853e-05 4.80331e-06 1.12652e-07 6.82705e-10 8.4054e-13 1.786e-16 5.88644e-21
 2.3936e-41 3.32216e-33 5.57362e-26 1.13032e-19 2.77084e-14 8.21052e-10 2.94087e-06 0.0012733 0.0666393 0.421579 0.322762 0.0452964 0.0773008 0.0476014 0.0106369 0.00518669 0.00143499 0.000262419 2.26727e-05 1.16604e-06 2.17322e-08 1.01111e-10 9.26993e-14 1.43475e-17 3.39762e-22
 1.3604e-41 1.88814e-33 3.16775e-26 6.42414e-20 1.5748e-14 4.66643e-10 1.67144e-06 0.000723675 0.0378743 0.239608 0.184764 0.0755876 0.270607 0.154092 0.0256164 0.009145 0.00165152 0.000299087 2.85925e-05 1.01809e-06 1.31989e-08 4.57257e-11 3.10289e-14 3.50137e-18 5.97368e-23
 2.24128e-41 3.11075e-33 5.21893e-26 1.05839e-19 2.59451e-14 7.68802e-10 2.75372e-06 0.00119227 0.0623985 0.394752 0.302443 0.0481863 0.0871141 0.052642 0.0336665 0.0154124 0.00195395 0.000219119 1.64969e-05 5.62379e-07 5.34778e-09 1.23368e-11 5.87888e-15 4.77007e-19 5.84984e-24
 2.02018e-41 2.80388e-33 4.70409e-26 9.53979e-20 2.33857e-14 6.9296e-10 2.48207e-06 0.00107465 0.056243 0.355813 0.273264 0.063445 0.151312 0.0749737 0.0147468 0.00657441 0.00226016 0.000278574 1.25207e-05 2.93568e-07 2.30827e-09 3.99151e-12 1.27841e-15 6.9816e-20 5.94387e-25
 2.06794e-41 2.87017e-33 4.8153e-26 9.76534e-20 2.39386e-14 7.09344e-10 2.54076e-06 0.00110006 0.0575727 0.364226 0.279781 0.0635557 0.137826 0.0664103 0.0211301 0.00712447 0.00106948 0.000189169 1.23756e-05 2.02384e-07 1.00004e-09 1.27023e-12 3.03904e-16 1.16383e-20 6.67589e-26
 2.02782e-41 2.81449e-33 4.72188e-26 9.57588e-20 2.34742e-14 6.95582e-10 2.49146e-06 0.00107872 0.0564557 0.357162 0.274716 0.069341 0.14776 0.0659738 0.0196759 0.00656536 0.00114564 0.000116803 6.9289e-06 1.41135e-07 5.74267e-10 4.63944e-13 7.39121e-17 2.02236e-21 8.34832e-27
 2.14097e-41 2.97152e-33 4.98535e-26 1.01102e-19 2.47839e-14 7.34393e-10 2.63048e-06 0.00113891 0.0596058 0.37709 0.289984 0.0678344 0.126739 0.0537278 0.0176053 0.00531795 0.000863508 8.65126e-05 3.6605e-06 5.76388e-08 2.36035e-10 1.69828e-13 1.9223e-17 3.42137e-22 9.40551e-28
 2.08806e-41 2.89808e-33 4.86214e-26 9.86032e-20 2.41714e-14 7.16243e-10 2.56546e-06 0.00111076 0.0581327 0.367774 0.283364 0.0754322 0.139257 0.0541584 0.015652 0.00435464 0.000697325 6.20776e-05 2.30589e-06 2.6942e-08 7.98148e-11 4.83934e-14 4.78676e-18 6.81009e-23 1.33986e-28
 2.04772e-41 2.8421e-33 4.76821e-26 9.66984e-20 2.37045e-14 7.02407e-10 2.51591e-06 0.0010893 0.0570097 0.360674 0.278457 0.0817719 0.145024 0.0540791 0.0170939 0.00417933 0.000572021 4.58844e-05 1.47132e-06 1.39624e-08 3.06861e-11 1.30999e-14 9.61563e-19 1.08677e-23 1.73048e-29
 1.93134e-41 2.68057e-33 4.49721e-26 9.12026e-20 2.23572e-14 6.62486e-10 2.37292e-06 0.00102739 0.0537696 0.340184 0.263735 0.0937659 0.164084 0.0587307 0.0195219 0.00454535 0.000594217 3.92981e-05 1.03941e-06 8.03371e-09 1.37252e-11 4.33151e-15 2.24954e-19 1.78352e-24 2.04639e-30
 1.75663e-41 2.43809e-33 4.09039e-26 8.29524e-20 2.03348e-14 6.02557e-10 2.15826e-06 0.000934453 0.0489056 0.309424 0.241596 0.109797 0.189066 0.0680412 0.0257307 0.00573089 0.000728011 4.33032e-05 9.27173e-07 5.54216e-09 7.29812e-12 1.7421e-15 6.66994e-20 3.80145e-25 3.07288e-31
 1.97373e-41 2.7394e-33 4.59592e-26 9.32043e-20 2.28479e-14 6.77026e-10 2.425e-06 0.00104994 0.0549497 0.347661 0.270401 0.0975633 0.143787 0.0545941 0.0238295 0.0054228 0.000699802 3.82022e-05 6.98914e-07 3.27694e-09 3.22083e-12 5.68713e-16 1.60748e-20 6.71181e-26 3.93137e-32
 1.92414e-41 2.67058e-33 4.48044e-26 9.08625e-20 2.22739e-14 6.60016e-10 2.36407e-06 0.00102356 0.0535691 0.338943 0.265207 0.111714 0.156534 0.0504972 0.017673 0.00423224 0.000574373 3.02384e-05 4.86061e-07 1.85694e-09 1.40074e-12 1.82161e-16 3.72649e-21 1.12307e-26 4.75206e-33
 1.90006e-41 2.63715e-33 4.42437e-26 8.97253e-20 2.19951e-14 6.51755e-10 2.33448e-06 0.00101075 0.0528987 0.334718 0.263163 0.118995 0.155406 0.0516312 0.0182653 0.00346753 0.000419905 2.17967e-05 3.19098e-07 1.02444e-09 6.11156e-13 6.0302e-17 9.08618e-22 1.97809e-27 5.98609e-34
 1.92496e-41 2.67171e-33 4.48235e-26 9.09012e-20 2.22834e-14 6.60297e-10 2.36508e-06 0.001024 0.053592 0.339122 0.267573 0.122875 0.147091 0.0484277 0.0168479 0.00311603 0.000315578 1.33971e-05 1.73643e-07 4.79446e-10 2.32534e-13 1.78627e-17 2.03279e-22 3.2719e-28 7.20734e-35
 1.9996e-41 2.77531e-33 4.65616e-26 9.44259e-20 2.31474e-14 6.859e-10 2.45678e-06 0.0010637 0.0556701 0.352285 0.278354 0.122215 0.131912 0.0420776 0.0137623 0.00242543 0.000225464 7.83773e-06 7.89149e-08 1.75912e-10 6.93798e-14 4.2294e-18 3.71489e-23 4.5138e-29 7.38251e-36
 2.00437e-41 2.78194e-33 4.66728e-26 9.46514e-20 2.32027e-14 6.87538e-10 2.46265e-06 0.00106624 0.0558031 0.353158 0.280719 0.129674 0.128826 0.0378543 0.0109828 0.00176282 0.000146681 4.37324e-06 3.46593e-08 5.79085e-11 1.72652e-14 8.09844e-19 5.48538e-24 5.0921e-30 6.28238e-37
 2.0456e-41 2.83916e-33 4.76329e-26 9.65985e-20 2.368e-14 7.01681e-10 2.51331e-06 0.00108817 0.056951 0.360451 0.287506 0.130915 0.118493 0.0341844 0.00907301 0.0012456 8.77309e-05 2.18812e-06 1.39595e-08 1.78361e-11 3.91481e-15 1.33811e-19 6.65499e-25 4.58339e-31 4.21894e-38
 1.97287e-41 2.73822e-33 4.59393e-26 9.31639e-20 2.2838e-14 6.76733e-10 2.42395e-06 0.00104948 0.0549263 0.347711 0.281065 0.146394 0.124811 0.0345294 0.00841296 0.00103771 6.0082e-05 1.18694e-06 5.93898e-09 5.84019e-12 9.61856e-16 2.40911e-20 8.64458e-26 4.27198e-32 2.82696e-39
 2.01954e-41 2.80299e-33 4.7026e-26 9.53678e-20 2.33783e-14 6.92741e-10 2.48129e-06 0.00107431 0.0562258 0.355977 0.288594 0.144083 0.112755 0.0327835 0.00762623 0.000837021 4.07654e-05 6.31906e-07 2.3831e-09 1.75311e-12 2.15086e-16 3.9795e-21 1.04369e-26 3.73082e-33 1.77102e-40
 2.00246e-41 2.77929e-33 4.66283e-26 9.45613e-20 2.31806e-14 6.86884e-10 2.4603e-06 0.00106523 0.0557506 0.353061 0.289529 0.153117 0.110575 0.029785 0.00641962 0.000667463 2.76985e-05 3.40838e-07 9.69829e-10 5.2237e-13 4.65213e-17 6.2495e-22 1.19051e-27 3.08599e-34 1.05886e-41
 1.94714e-41 2.70251e-33 4.53402e-26 9.19489e-20 2.25402e-14 6.67907e-10 2.39234e-06 0.0010358 0.0542108 0.343451 0.286517 0.165814 0.11267 0.0299457 0.00580361 0.000529587 1.91457e-05 1.92042e-07 4.17641e-10 1.65882e-13 1.06726e-17 1.02568e-22 1.39452e-28 2.5829e-35 6.34398e-43
 1.86214e-41 2.58452e-33 4.33608e-26 8.79347e-20 2.15562e-14 6.38749e-10 2.28789e-06 0.00099058 0.0518449 0.328667 0.280738 0.180946 0.11773 0.0326111 0.0059727 0.000482142 1.44481e-05 1.17447e-07 1.99753e-10 5.9564e-14 2.79957e-18 1.93547e-23 1.87639e-29 2.46638e-36 4.29087e-44
 1.89533e-41 2.63059e-33 4.41336e-26 8.95021e-20 2.19404e-14 6.50133e-10 2.32867e-06 0.00100823 0.0527688 0.334476 0.283642 0.173513 0.114539 0.0333863 0.00616616 0.000484342 1.3036e-05 9.07239e-08 1.30224e-10 3.25027e-14 1.26073e-18 7.08641e-24 5.52382e-30 5.79695e-37 8.01803e-45
#spawning biomass
 8666.82 7904.22 10044.8 12156.9 18652.9 28331.4 28634.5 33034.5 46029.9 57161.5 69766.9 90224.1 120600 139631 135537 113988 109427 104797 98578 93419.4 95732.1 108875 114789 120762 134113 139269 142943 134858 157803 254222 242766 134870 70697.5 39639.8 26286.2 20963.6 18948.7 18213.3 17951.9 17860.8 17829.5 17818.9 17815.3 17814.1 17813.7 17813.5 17813.5 17813.5 17813.5 17813.5 17813.5 17813.5 17813.5 17813.5 17813.5 17813.5 17813.5 17813.5 17813.5 17813.5 17813.5 17813.5 17813.5 17813.5 17813.5 17813.5 17813.5 17813.5 17813.5 17813.5 17813.5 17813.5 17813.5 17813.5 17813.5 17813.5 17813.5 17813.5 17813.5 17813.5 17813.5 17813.5 17813.5 17813.5 17813.5 17813.5 17813.5 17813.5 17813.5 17813.5 17813.5 17813.5 17813.5 17813.5 17813.5 17813.5 17813.5 17813.5 17813.5 17813.5 17813.5 17813.5 17813.5 17813.5 17813.5 17813.5 17813.5 17813.5 17813.5 17813.5 17813.5 17813.5 17813.5 17813.5 17813.5 17813.5 17813.5 17813.5 17813.5 17813.5 17813.5 17813.5 17813.5 17813.5 17813.5 17813.5 17813.5 17813.5 17813.5 0 0 0 0 0 0 0 0 0 0 0 0 0 0 0 0 0 0 0 0 0 0 0 0 0
