SBPRF35
0.175648
Curr Bio
233039
B35
343425
F35
0.659201
FOFL
0.279566
OFL
22269.5
Bzero
50185.1
#pred survey bio
 9573.03 8000.3 5583.44 5984.79 9507.49 15247.7 22054.3 32800.1 51180.6 69552.7 98372.6 134301 164703 169451 174053 166414 160216 159723 176661 167278 170917 185695 232312 251876 304996 273862 274215 269242 225335 5.17275e+06 5.05345e+06 3.08174e+06 1.77251e+06 1.07871e+06 742755 583024 504992 464870 443074 430683 423419 419080 416463 414876 413894 413309 412959 412750 412624 412549 412504 412476 412460 412450 412444 412441 412439 412437 412437 412436 412436 412436 412436 412435 412435 412435 412435 412435 412435 412435 412435 412435 412435 412435 412435 412435 412435 412435 412435 412435 412435 412435 412435 412435 412435 412435 412435 412435 412435 412435 412435 412435 412435 412435 412435 412435 412435 412435 412435 412435 412435 412435 412435 412435 412435 412435 412435 412435 412435 412435 412435 412435 412435 412435 412435 412435 412435 412435 412435 412435 412435 412435 412435 412435 412435 412435 412435 412435 412435 0 0 0 0 0 0 0 0 0 0 0 0 0 0 0 0 0 0 0 0 0 0 0 0 0
#obs survey bio
 8377.85 5510.32 4386.94 5212.2 9655.58 16208.8 31409.4 33642.1 39414.3 71775.4 113736 114266 176556 225893 121984 198473 230802 110953 172445 158999 145663 188596 300631 286216 348552 212371 306151 253184 187715
#pred catch bio
 5085.76 4802.29 3376.53 3237.08 5161.4 9145.89 12780.5 18058.5 31971.2 45362.4 67814.1 97414.5 128080 128540 140814 137181 131909 127332 149849 141265 147607 152431 197555 199251 273527 246154 253419 252174 253273 22269.5 90414.5 50429.1 25961.3 14256.7 9360.22 7475.91 6790.22 6550.29 6468.68 6441.5 6432.58 6429.69 6428.76 6428.47 6428.37 6428.34 6428.33 6428.33 6428.33 6428.33 6428.33 6428.33 6428.33 6428.33 6428.33 6428.33 6428.33 6428.33 6428.33 6428.33 6428.33 6428.33 6428.33 6428.33 6428.33 6428.33 6428.33 6428.33 6428.33 6428.33 6428.33 6428.33 6428.33 6428.33 6428.33 6428.33 6428.33 6428.33 6428.33 6428.33 6428.33 6428.33 6428.33 6428.33 6428.33 6428.33 6428.33 6428.33 6428.33 6428.33 6428.33 6428.33 6428.33 6428.33 6428.33 6428.33 6428.33 6428.33 6428.33 6428.33 6428.33 6428.33 6428.33 6428.33 6428.33 6428.33 6428.33 6428.33 6428.33 6428.33 6428.33 6428.33 6428.33 6428.33 6428.33 6428.33 6428.33 6428.33 6428.33 6428.33 6428.33 6428.33 6428.33 6428.33 6428.33 6428.33 6428.33 6428.33 6428.33 0 0 0 0 0 0 0 0 0 0 0 0 0 0 0 0 0 0 0 0 0 0 0 0 0
#obs catch bio
 4710.66 5102.8 3632.76 3200.16 4766.45 8662.87 11463.3 15957.2 28634.2 41423.2 63924 88085.2 122196 116399 151192 128449 119215 129996 148860 135393 147273 144641 178508 167533 250752 240582 241091 218208 273494
#pred cpue bio
 8640.19 7425.4 5057.87 5062.49 8068.48 12891 18705.6 27811.8 43424.9 59025.5 81957.6 112482 138191 143337 147660 139022 134465 132696 147161 139350 140707 151256 190045 207666 252106 225607 222162 218890 186382 3.80957e+06 5.02678e+06 3.05508e+06 1.74585e+06 1.05205e+06 716093 556363 478330 438209 416412 404022 396757 392418 389801 388214 387232 386647 386298 386088 385963 385887 385842 385815 385798 385789 385783 385779 385777 385776 385775 385774 385774 385774 385774 385774 385774 385774 385774 385774 385774 385774 385774 385774 385774 385774 385774 385774 385774 385774 385774 385774 385774 385774 385774 385774 385774 385774 385774 385774 385774 385774 385774 385774 385774 385774 385774 385774 385774 385774 385774 385774 385774 385774 385774 385774 385774 385774 385774 385774 385774 385774 385774 385774 385774 385774 385774 385774 385774 385774 385774 385774 385774 385774 385774 385774 385774 385774 385774 385774 385774 0 0 0 0 0 0 0 0 0 0 0 0 0 0 0 0 0 0 0 0 0 0 0 0 0
#obs cpue bio
 8615.75 7087.12 6093.6 5763.6 15131.3 13038.1 24645.7 44355.7 80420.8 73294.6 89634.5 193425 153754 153643 135297 184902 145343 136688 177034 177242 159636 191607 247094 380248 283241 281372 268694 422568 151728
#pred surv len freq
 1.4412e-11 1.56497e-09 1.00191e-07 3.78171e-06 8.41566e-05 0.00110417 0.0085421 0.038981 0.105151 0.169446 0.17156 0.131929 0.106482 0.0882608 0.0613165 0.0383189 0.0244775 0.0159576 0.0107275 0.00761992 0.00582841 0.00486793 0.00420884 0.00324191 0.00189045
 1.07081e-11 1.16277e-09 7.44415e-08 2.8098e-06 6.25284e-05 0.000820423 0.00634794 0.0289909 0.0785143 0.129037 0.142458 0.140265 0.149529 0.135587 0.0882475 0.0457151 0.0233198 0.0125501 0.00701058 0.004107 0.00258845 0.00181972 0.0014011 0.00102845 0.00059753
 1.30325e-11 1.41518e-09 9.06009e-08 3.41973e-06 7.61014e-05 0.000998491 0.0077249 0.0352602 0.095229 0.154385 0.160678 0.135019 0.12313 0.108716 0.0774413 0.0480125 0.0275575 0.0137681 0.00617753 0.00279383 0.0013589 0.000739291 0.000462082 0.000301702 0.000167591
 1.72538e-11 1.87356e-09 1.19947e-07 4.52739e-06 0.000100751 0.00132188 0.010226 0.0466565 0.125736 0.201654 0.199622 0.141538 0.0992031 0.0742228 0.0470237 0.02539 0.013678 0.0073655 0.00364487 0.00157638 0.000610539 0.000238023 0.000106292 5.47632e-05 2.70894e-05
 1.67295e-11 1.81663e-09 1.16302e-07 4.38982e-06 9.76892e-05 0.00128172 0.00991547 0.0452442 0.12199 0.196128 0.196425 0.145267 0.109239 0.0837474 0.0502046 0.0230626 0.00979987 0.00431577 0.00192843 0.000842597 0.00033497 0.000115994 3.73464e-05 1.30025e-05 4.95975e-06
 1.69318e-11 1.83859e-09 1.17708e-07 4.4429e-06 9.88702e-05 0.00129721 0.0100353 0.0457897 0.123444 0.19833 0.197991 0.144764 0.106906 0.0815158 0.0495926 0.0236054 0.0101978 0.00412457 0.00150674 0.000527389 0.000184267 6.11624e-05 1.8021e-05 4.74596e-06 1.2299e-06
 1.67002e-11 1.81345e-09 1.16099e-07 4.38214e-06 9.75182e-05 0.00127947 0.00989813 0.0451653 0.121781 0.195825 0.196272 0.145552 0.109965 0.0845673 0.0507894 0.0232895 0.0096294 0.00384482 0.00140073 0.000456968 0.000133875 3.61456e-05 9.18434e-06 2.11807e-06 4.29274e-07
 1.67412e-11 1.81789e-09 1.16383e-07 4.39288e-06 9.77571e-05 0.00128261 0.00992236 0.0452755 0.122072 0.196245 0.196471 0.145127 0.108998 0.0837771 0.0507746 0.0238159 0.0100869 0.00401333 0.00141897 0.000449075 0.000127208 3.13936e-05 6.71974e-06 1.26926e-06 2.12047e-07
 1.67277e-11 1.81643e-09 1.16289e-07 4.38934e-06 9.76783e-05 0.00128158 0.00991436 0.0452389 0.121973 0.196077 0.196263 0.144875 0.108713 0.0836175 0.0509001 0.024156 0.0104357 0.00425034 0.00153664 0.00048982 0.000136366 3.24997e-05 6.55187e-06 1.1018e-06 1.53778e-07
 1.66625e-11 1.80935e-09 1.15836e-07 4.37224e-06 9.72978e-05 0.00127658 0.00987577 0.0450636 0.12151 0.195412 0.195973 0.14563 0.110389 0.0850229 0.0510238 0.0233209 0.00958966 0.0038097 0.00138476 0.000450544 0.000128044 3.07423e-05 6.10414e-06 9.83907e-07 1.26597e-07
 1.76086e-11 1.91208e-09 1.22413e-07 4.62048e-06 0.000102822 0.00134906 0.0104363 0.0476166 0.128333 0.205894 0.204171 0.145632 0.102804 0.0758196 0.044809 0.0202201 0.00813198 0.00312244 0.00108658 0.000341208 9.60981e-05 2.33549e-05 4.71133e-06 7.62118e-07 9.61479e-08
 1.7261e-11 1.87434e-09 1.19997e-07 4.52928e-06 0.000100793 0.00132243 0.0102304 0.0466795 0.125837 0.202128 0.201559 0.146732 0.10728 0.0803653 0.0467318 0.019912 0.00729776 0.00259995 0.00086652 0.000262091 7.08246e-05 1.6629e-05 3.30686e-06 5.37255e-07 6.83683e-08
 1.71555e-11 1.86288e-09 1.19263e-07 4.5016e-06 0.000100177 0.00131435 0.0101679 0.0463948 0.125077 0.200969 0.200692 0.146865 0.10834 0.0815806 0.0474793 0.0201715 0.00729025 0.00249663 0.000773894 0.000214707 5.41563e-05 1.20946e-05 2.30589e-06 3.62823e-07 4.54617e-08
 1.66864e-11 1.81194e-09 1.16002e-07 4.3785e-06 9.74372e-05 0.00127841 0.00988997 0.0451293 0.1217 0.195819 0.196856 0.147496 0.113073 0.0868207 0.0503702 0.0208932 0.00722707 0.00237927 0.000718176 0.000192116 4.54776e-05 9.35681e-06 1.65143e-06 2.44767e-07 2.93436e-08
 1.65582e-11 1.79802e-09 1.15111e-07 4.34487e-06 9.66888e-05 0.00126859 0.00981403 0.0447831 0.120771 0.194367 0.195591 0.147072 0.113462 0.0876675 0.0514462 0.0219563 0.00794845 0.00268744 0.000800117 0.000206111 4.68641e-05 9.22349e-06 1.52999e-06 2.09839e-07 2.33061e-08
 1.73478e-11 1.88377e-09 1.20601e-07 4.55207e-06 0.0001013 0.00132909 0.0102818 0.0469141 0.126467 0.203124 0.202475 0.147187 0.107287 0.0800262 0.0460638 0.0190788 0.00660229 0.00217722 0.000657502 0.000174195 3.98643e-05 7.6601e-06 1.21925e-06 1.58918e-07 1.65732e-08
 1.70669e-11 1.85326e-09 1.18648e-07 4.47836e-06 9.96594e-05 0.00130757 0.0101154 0.0461565 0.124448 0.200062 0.200276 0.147834 0.110534 0.0834499 0.0477069 0.019153 0.0062201 0.00190973 0.000545112 0.000138966 3.1498e-05 6.12899e-06 9.83089e-07 1.26206e-07 1.2688e-08
 1.75959e-11 1.9107e-09 1.22325e-07 4.61716e-06 0.000102748 0.00134809 0.0104288 0.0475837 0.128259 0.205891 0.204711 0.147426 0.105665 0.0778701 0.0443649 0.0179579 0.00591796 0.00181747 0.000501271 0.000119841 2.53764e-05 4.70232e-06 7.37854e-07 9.46202e-08 9.52713e-09
 1.74607e-11 1.89602e-09 1.21385e-07 4.58168e-06 0.000101959 0.00133773 0.0103487 0.0472188 0.127284 0.204399 0.203571 0.147512 0.106882 0.0792779 0.0452275 0.0182906 0.00602025 0.00185376 0.000515425 0.000123704 2.56937e-05 4.53098e-06 6.6702e-07 8.10722e-08 7.91763e-09
 1.74318e-11 1.89288e-09 1.21184e-07 4.5741e-06 0.00010179 0.00133552 0.0103316 0.0471411 0.127079 0.204107 0.203454 0.147878 0.107672 0.0799294 0.0452625 0.0178708 0.00560725 0.00164509 0.000446621 0.000106595 2.21999e-05 3.91824e-06 5.68135e-07 6.63878e-08 6.13758e-09
 1.80163e-11 1.95636e-09 1.25248e-07 4.72748e-06 0.000105203 0.0013803 0.0106779 0.0487184 0.131292 0.210555 0.208384 0.147507 0.102411 0.0738345 0.0415159 0.0164197 0.00517342 0.00150964 0.000398935 9.11119e-05 1.82472e-05 3.15858e-06 4.55688e-07 5.30683e-08 4.83613e-09
 1.84876e-11 2.00753e-09 1.28524e-07 4.85113e-06 0.000107955 0.0014164 0.0109571 0.0499901 0.134691 0.215779 0.212479 0.147539 0.0986707 0.0692423 0.038329 0.0147619 0.0044138 0.00121827 0.000313234 7.07514e-05 1.39085e-05 2.32686e-06 3.23053e-07 3.66019e-08 3.2905e-09
 1.82965e-11 1.98678e-09 1.27196e-07 4.801e-06 0.000106839 0.00140176 0.0108439 0.0494745 0.133313 0.213663 0.210829 0.147556 0.100235 0.0711422 0.0396232 0.0154047 0.00468262 0.00130369 0.000328413 7.08566e-05 1.33094e-05 2.16371e-06 2.93795e-07 3.23402e-08 2.81069e-09
 1.79181e-11 1.9457e-09 1.24565e-07 4.70172e-06 0.00010463 0.00137278 0.0106197 0.0484537 0.130587 0.209497 0.207674 0.147895 0.103791 0.0751895 0.0420125 0.0162113 0.00484088 0.00132499 0.000333125 7.23175e-05 1.35012e-05 2.131e-06 2.77414e-07 2.94086e-08 2.48148e-09
 1.7835e-11 1.93666e-09 1.23987e-07 4.67989e-06 0.000104144 0.0013664 0.0105704 0.0482288 0.129983 0.208539 0.206778 0.147412 0.103727 0.0755292 0.0427986 0.0171928 0.00556796 0.00165475 0.000430395 9.32589e-05 1.72608e-05 2.71657e-06 3.51689e-07 3.6537e-08 2.9798e-09
 1.79464e-11 1.94876e-09 1.24761e-07 4.70912e-06 0.000104795 0.00137494 0.0106365 0.0485299 0.130792 0.209821 0.20797 0.148037 0.103778 0.0750447 0.0417393 0.0158949 0.00462273 0.00124119 0.000318365 7.28885e-05 1.43227e-05 2.31588e-06 3.00413e-07 3.105e-08 2.51223e-09
 1.8713e-11 2.03201e-09 1.30091e-07 4.91028e-06 0.000109271 0.00143367 0.0110906 0.0505984 0.136317 0.21828 0.214447 0.14758 0.0969238 0.0670817 0.0368129 0.0139489 0.00401499 0.0010438 0.000249832 5.20252e-05 9.57839e-06 1.55322e-06 2.10373e-07 2.2595e-08 1.8582e-09
 1.85337e-11 2.01254e-09 1.28845e-07 4.86324e-06 0.000108224 0.00141993 0.0109844 0.0501149 0.135028 0.216325 0.213043 0.147991 0.0989891 0.0692495 0.0378336 0.013975 0.00377869 0.000902791 0.000203754 4.07943e-05 7.11131e-06 1.06703e-06 1.34673e-07 1.40677e-08 1.17543e-09
 1.77158e-11 1.92372e-09 1.23158e-07 4.64861e-06 0.000103448 0.00135727 0.0104999 0.047908 0.129134 0.207308 0.206173 0.148591 0.106478 0.0778795 0.0430825 0.015928 0.00428122 0.00100449 0.000217988 4.08759e-05 6.60069e-06 9.28557e-07 1.10475e-07 1.07831e-08 8.43517e-10
#obs surv len freq
 1.32005e-11 1.43342e-09 9.17688e-08 3.46382e-06 7.70825e-05 0.00101136 0.00782446 0.0357141 0.0964476 0.156306 0.162459 0.13613 0.124181 0.11008 0.0776176 0.0459619 0.025173 0.0125499 0.00551931 0.00209661 0.000656476 0.000159354 2.82689e-05 3.48666e-06 2.87592e-07
 5.70148e-12 6.19114e-10 3.96362e-08 1.49608e-06 3.32939e-05 0.000436885 0.00338198 0.0154825 0.0424268 0.0736384 0.0989679 0.138966 0.187094 0.184282 0.126658 0.0690476 0.034418 0.0158145 0.00638707 0.00219314 0.000614298 0.000133304 2.12324e-05 2.36184e-06 1.76209e-07
 1.79722e-11 1.95157e-09 1.24941e-07 4.71591e-06 0.000104946 0.00137691 0.0106515 0.0485919 0.130861 0.209098 0.203165 0.133728 0.081615 0.0610135 0.0486825 0.035321 0.0210126 0.00972936 0.00360353 0.00110429 0.000274884 5.28612e-05 7.45607e-06 7.36861e-07 4.90987e-08
 1.50029e-11 1.62914e-09 1.04299e-07 3.93677e-06 8.76076e-05 0.00114947 0.00889322 0.0405976 0.109682 0.177933 0.184854 0.151909 0.129356 0.101437 0.0572092 0.0230556 0.00842703 0.00347238 0.00138003 0.000433238 0.00010112 1.73654e-05 2.15599e-06 1.87478e-07 1.10308e-08
 1.73183e-11 1.88056e-09 1.20395e-07 4.54432e-06 0.000101128 0.00132684 0.0102649 0.0468449 0.126364 0.203433 0.204144 0.149776 0.107816 0.0778164 0.0443216 0.0187897 0.00646012 0.00190099 0.000489423 0.000116488 2.46473e-05 4.0451e-06 4.68053e-07 3.67098e-08 1.91467e-09
 1.59489e-11 1.73187e-09 1.10876e-07 4.18501e-06 9.31319e-05 0.00122195 0.00945415 0.0431591 0.116594 0.188941 0.194738 0.154639 0.123495 0.0917979 0.0498234 0.0187946 0.00548157 0.00139063 0.000306392 5.57759e-05 8.3204e-06 1.01999e-06 9.85904e-08 6.93682e-09 3.3089e-10
 1.64449e-11 1.78572e-09 1.14323e-07 4.31515e-06 9.6028e-05 0.00125996 0.00974819 0.0445012 0.120207 0.194625 0.199534 0.155133 0.11919 0.0859726 0.0460097 0.0172876 0.00497513 0.0011864 0.000230112 3.50258e-05 4.18081e-06 3.89743e-07 2.77499e-08 1.4695e-09 5.60463e-11
 1.66543e-11 1.80846e-09 1.15779e-07 4.3701e-06 9.72511e-05 0.00127601 0.00987258 0.0450722 0.121777 0.197283 0.202405 0.156808 0.118467 0.0832068 0.0430721 0.0154123 0.00413659 0.000916459 0.000166983 2.36937e-05 2.53779e-06 2.01478e-07 1.16309e-08 4.80095e-10 1.39551e-11
 1.64437e-11 1.78559e-09 1.14315e-07 4.31483e-06 9.60214e-05 0.00125989 0.00974825 0.0445117 0.120337 0.195394 0.201927 0.158834 0.121153 0.0842965 0.0427724 0.0148842 0.00382919 0.00079794 0.000134813 1.75824e-05 1.72278e-06 1.2455e-07 6.45975e-09 2.33375e-10 5.74338e-12
 1.50696e-11 1.63638e-09 1.04762e-07 3.95428e-06 8.79983e-05 0.00115465 0.00893518 0.0408214 0.110609 0.181224 0.19339 0.164456 0.136067 0.0964496 0.0473969 0.0152689 0.00343268 0.000603419 8.78507e-05 1.02233e-05 9.05811e-07 5.92205e-08 2.77312e-09 9.03171e-11 1.99632e-12
 1.81018e-11 1.96564e-09 1.25842e-07 4.74993e-06 0.000105704 0.00138693 0.010731 0.0489926 0.132348 0.213989 0.21674 0.158965 0.106932 0.0666337 0.0309882 0.00968001 0.00210414 0.000348701 4.59257e-05 4.6421e-06 3.4816e-07 1.92614e-08 7.78005e-10 2.23072e-11 4.3936e-13
 1.45578e-11 1.5808e-09 1.01205e-07 3.82e-06 8.50111e-05 0.00111551 0.00863374 0.0394696 0.107197 0.177041 0.193274 0.170673 0.142953 0.0981438 0.045352 0.0132066 0.00248521 0.000329881 3.43512e-05 2.90512e-06 1.90907e-07 9.28925e-09 3.24444e-10 7.93096e-12 1.32859e-13
 1.69559e-11 1.84121e-09 1.17876e-07 4.44926e-06 9.90141e-05 0.00129921 0.010054 0.0459308 0.124371 0.202831 0.211279 0.165451 0.119218 0.0747522 0.0331801 0.00949257 0.00177702 0.000234673 2.35124e-05 1.7883e-06 9.86532e-08 3.8639e-09 1.08375e-10 2.18422e-12 3.10159e-14
 1.24738e-11 1.35451e-09 8.67175e-08 3.27321e-06 7.28451e-05 0.000955987 0.00740265 0.0339029 0.0926951 0.1567 0.182955 0.181384 0.164021 0.112711 0.0503623 0.0140127 0.00248856 0.00030319 2.76176e-05 1.93661e-06 1.00553e-07 3.7058e-09 9.51163e-11 1.67966e-12 2.01009e-14
 1.537e-11 1.669e-09 1.06851e-07 4.03315e-06 8.9756e-05 0.00117783 0.00911746 0.0416992 0.113369 0.187466 0.203558 0.173406 0.134668 0.0855128 0.037225 0.0104605 0.0019564 0.000261495 2.61028e-05 1.89767e-06 9.57058e-08 3.27968e-09 7.67677e-11 1.23427e-12 1.35077e-14
 1.48611e-11 1.61374e-09 1.03313e-07 3.89963e-06 8.67858e-05 0.00113891 0.00881787 0.040355 0.109953 0.183068 0.202415 0.177566 0.140008 0.0877732 0.0370097 0.00987918 0.00170284 0.000203254 1.81618e-05 1.23993e-06 6.21641e-08 2.19092e-09 5.28166e-11 8.52463e-13 9.03306e-15
 1.55541e-11 1.68899e-09 1.08131e-07 4.08149e-06 9.08335e-05 0.00119204 0.00922926 0.0422351 0.115015 0.190924 0.208445 0.176672 0.132759 0.0801054 0.0329587 0.00868107 0.00149279 0.000178706 1.57805e-05 1.02814e-06 4.75399e-08 1.51933e-09 3.34033e-11 5.03526e-13 5.12713e-15
 1.45522e-11 1.5802e-09 1.01166e-07 3.81862e-06 8.49857e-05 0.0011154 0.00863869 0.0395757 0.10816 0.181565 0.204132 0.181836 0.141891 0.0862855 0.0354157 0.00939919 0.0016664 0.0002102 1.9539e-05 1.30979e-06 6.08314e-08 1.91616e-09 4.07039e-11 5.79434e-13 5.45974e-15
 1.44844e-11 1.57284e-09 1.00695e-07 3.80087e-06 8.45922e-05 0.0011103 0.00860078 0.0394232 0.107902 0.181775 0.205575 0.183512 0.141748 0.0847991 0.034416 0.0091537 0.00165701 0.000216384 2.0809e-05 1.43233e-06 6.80806e-08 2.19212e-09 4.73029e-11 6.75101e-13 6.27389e-15
 1.51135e-11 1.64116e-09 1.05069e-07 3.96598e-06 8.82677e-05 0.00115857 0.00897501 0.0411387 0.112552 0.189082 0.211326 0.18289 0.135188 0.0777205 0.03049 0.00783602 0.00136386 0.000170735 1.5847e-05 1.06862e-06 5.04969e-08 1.63052e-09 3.53439e-11 5.05362e-13 4.68612e-15
 1.54656e-11 1.67938e-09 1.07517e-07 4.05839e-06 9.03259e-05 0.00118564 0.00918583 0.0421168 0.115284 0.193699 0.215669 0.183601 0.131435 0.0726826 0.0272683 0.00659913 0.00105187 0.000117175 9.61024e-06 5.82754e-07 2.53361e-08 7.66153e-10 1.57669e-11 2.16484e-13 1.94469e-15
 1.57598e-11 1.71134e-09 1.09563e-07 4.13564e-06 9.20471e-05 0.0012083 0.00936256 0.0429395 0.117594 0.197601 0.219201 0.183753 0.127816 0.068508 0.025001 0.00589859 0.000914214 9.78787e-05 7.54854e-06 4.19621e-07 1.63772e-08 4.39267e-10 8.01471e-12 9.85169e-14 8.03737e-16
 1.606e-11 1.74394e-09 1.1165e-07 4.21448e-06 9.38037e-05 0.00123142 0.00954307 0.0437804 0.119954 0.201562 0.222705 0.183762 0.124105 0.0643709 0.022793 0.00522401 0.000784486 8.08519e-05 5.95536e-06 3.14167e-07 1.15608e-08 2.89442e-10 4.86102e-12 5.41963e-14 3.96435e-16
 1.53225e-11 1.66385e-09 1.06524e-07 4.02107e-06 8.95049e-05 0.00117523 0.00911279 0.0418747 0.11525 0.195898 0.221776 0.189182 0.130126 0.0668237 0.0229273 0.00499644 0.000695787 6.45557e-05 4.20315e-06 1.97159e-07 6.57758e-09 1.51667e-10 2.36225e-12 2.44459e-14 1.65585e-16
 1.54e-11 1.67227e-09 1.07064e-07 4.0415e-06 8.99638e-05 0.00118138 0.00916302 0.0421322 0.116108 0.197736 0.22392 0.18956 0.128076 0.0645334 0.0219241 0.00481041 0.000689403 6.6947e-05 4.52942e-06 2.12752e-07 6.77571e-09 1.43549e-10 2.01026e-12 1.85911e-14 1.13042e-16
 1.32809e-11 1.44218e-09 9.23349e-08 3.48577e-06 7.76093e-05 0.00101975 0.00792289 0.0366046 0.102197 0.179824 0.217734 0.201908 0.145908 0.0751221 0.0253587 0.00547187 0.000769577 7.34512e-05 4.90631e-06 2.29172e-07 7.31062e-09 1.55472e-10 2.16892e-12 1.96195e-14 1.13855e-16
 1.68789e-11 1.83287e-09 1.17346e-07 4.42973e-06 9.86082e-05 0.00129494 0.0100434 0.0461552 0.126845 0.213697 0.23399 0.18399 0.112314 0.051521 0.0162266 0.00333031 0.000445957 4.02327e-05 2.52454e-06 1.10856e-07 3.34547e-09 6.78357e-11 9.0898e-13 7.94806e-15 4.47925e-17
 1.45155e-11 1.57625e-09 1.0092e-07 3.81004e-06 8.48369e-05 0.00111492 0.00866466 0.0400358 0.111595 0.194571 0.228496 0.198647 0.131643 0.0619738 0.0190386 0.00365802 0.000438428 3.36297e-05 1.72508e-06 6.17638e-08 1.56888e-09 2.78578e-11 3.36504e-13 2.6986e-15 1.40968e-17
 1.21142e-11 1.31552e-09 8.42324e-08 3.18056e-06 7.08525e-05 0.000932254 0.00726783 0.0338544 0.09627 0.175482 0.222932 0.212646 0.150324 0.0726943 0.0225472 0.00438831 0.000541423 4.35286e-05 2.3434e-06 8.52619e-08 2.07285e-09 3.30914e-11 3.43509e-13 2.31807e-15 1.02002e-17
#pred catch len freq
 1.3663e-11 1.48364e-09 9.49838e-08 3.58517e-06 7.97828e-05 0.00104679 0.0080983 0.036959 0.0997402 0.161079 0.164742 0.131014 0.111019 0.0942864 0.0658986 0.0412254 0.0263373 0.0171702 0.0115427 0.00819892 0.00627128 0.00523782 0.00452865 0.00348825 0.0020341
 1.02165e-11 1.10939e-09 7.10245e-08 2.68082e-06 5.96583e-05 0.000782768 0.00605674 0.0276644 0.074968 0.123581 0.138151 0.14013 0.153253 0.140176 0.0914092 0.0473696 0.0241649 0.0130049 0.00726467 0.00425586 0.00268227 0.00188567 0.00145188 0.00106573 0.000619187
 1.25666e-11 1.36458e-09 8.73619e-08 3.29748e-06 7.33808e-05 0.000962797 0.00744886 0.0340026 0.0918651 0.149194 0.156506 0.134647 0.126296 0.112852 0.0806102 0.0500004 0.0287 0.014339 0.00643367 0.00290967 0.00141525 0.000769944 0.000481242 0.000314212 0.000174539
 1.66757e-11 1.81078e-09 1.15928e-07 4.37569e-06 9.73747e-05 0.00127759 0.00988346 0.0450962 0.121565 0.195233 0.19454 0.141337 0.103523 0.0796005 0.050815 0.0274766 0.0148049 0.00797241 0.0039452 0.00170628 0.000660847 0.000257636 0.000115051 5.92757e-05 2.93216e-05
 1.61337e-11 1.75193e-09 1.1216e-07 4.23348e-06 9.42099e-05 0.00123607 0.00956247 0.0436363 0.117693 0.189534 0.191299 0.145368 0.114175 0.0896572 0.0540919 0.0248797 0.0105741 0.00465681 0.00208082 0.00090918 0.00036144 0.00012516 4.02976e-05 1.40299e-05 5.35167e-06
 1.65445e-11 1.79654e-09 1.15016e-07 4.34128e-06 9.66089e-05 0.00126755 0.00980586 0.0447446 0.120651 0.194042 0.194651 0.144805 0.11008 0.0853449 0.0521564 0.0248476 0.0107358 0.00434224 0.00158625 0.000555222 0.000193992 6.43902e-05 1.8972e-05 4.99643e-06 1.2948e-06
 1.62322e-11 1.76262e-09 1.12845e-07 4.25933e-06 9.47853e-05 0.00124362 0.00962085 0.0439024 0.118407 0.190647 0.192252 0.14565 0.113872 0.089242 0.0538671 0.0247252 0.0102246 0.00408254 0.00148734 0.000485222 0.000142152 3.83805e-05 9.7522e-06 2.24903e-06 4.55815e-07
 1.61729e-11 1.75618e-09 1.12433e-07 4.24377e-06 9.44389e-05 0.00123908 0.0095857 0.043742 0.117975 0.189956 0.191579 0.145214 0.113695 0.0894242 0.0545305 0.0256084 0.0108481 0.00431624 0.00152608 0.000482971 0.00013681 3.37631e-05 7.22693e-06 1.36506e-06 2.28052e-07
 1.64237e-11 1.78342e-09 1.14176e-07 4.30958e-06 9.59035e-05 0.00125829 0.00973429 0.0444187 0.119781 0.192712 0.193643 0.144911 0.111209 0.0866262 0.0529106 0.0251268 0.0108561 0.00442163 0.00159856 0.00050956 0.000141862 3.38095e-05 6.81592e-06 1.1462e-06 1.59976e-07
 1.64598e-11 1.78734e-09 1.14427e-07 4.31905e-06 9.61143e-05 0.00126106 0.0097557 0.0445166 0.120048 0.19317 0.194233 0.145674 0.112083 0.0870494 0.0523563 0.0239405 0.00984509 0.0039112 0.00142165 0.000462548 0.000131456 3.15614e-05 6.26678e-06 1.01012e-06 1.2997e-07
 1.75537e-11 1.90612e-09 1.22032e-07 4.60609e-06 0.000102502 0.00134486 0.0104038 0.0474686 0.127938 0.205288 0.2037 0.145646 0.103266 0.0763701 0.0451696 0.020386 0.00819892 0.00314815 0.00109552 0.000344018 9.68895e-05 2.35472e-05 4.75012e-06 7.68394e-07 9.69397e-08
 1.73364e-11 1.88252e-09 1.20521e-07 4.54906e-06 0.000101233 0.00132821 0.010275 0.0468828 0.12638 0.20296 0.202201 0.146703 0.106629 0.0795976 0.0462403 0.0196987 0.00721934 0.002572 0.000857205 0.000259274 7.00633e-05 1.64502e-05 3.27131e-06 5.3148e-07 6.76334e-08
 1.74313e-11 1.89283e-09 1.21181e-07 4.57397e-06 0.000101787 0.00133548 0.0103313 0.0471391 0.127065 0.204016 0.203041 0.146753 0.105953 0.0787652 0.0456779 0.0193921 0.00700773 0.00239984 0.000743893 0.000206384 5.20569e-05 1.16257e-05 2.21649e-06 3.48758e-07 4.36993e-08
 1.68989e-11 1.83502e-09 1.1748e-07 4.43428e-06 9.86784e-05 0.0012947 0.0100159 0.0457028 0.123232 0.198167 0.198662 0.147397 0.111214 0.0846383 0.0489867 0.0203094 0.00702458 0.00231258 0.000698047 0.000186731 4.4203e-05 9.09456e-06 1.60514e-06 2.37907e-07 2.85211e-08
 1.69838e-11 1.84424e-09 1.1807e-07 4.45655e-06 9.91741e-05 0.0013012 0.0100662 0.0459316 0.123839 0.199069 0.199217 0.146902 0.109781 0.0833235 0.0486626 0.0207483 0.00750992 0.00253912 0.000755959 0.000194736 4.42777e-05 8.71445e-06 1.44555e-06 1.98258e-07 2.20198e-08
 1.77957e-11 1.9324e-09 1.23714e-07 4.66959e-06 0.000103915 0.0013634 0.0105472 0.0481226 0.129696 0.208071 0.206281 0.146979 0.103371 0.0754281 0.0431489 0.0178487 0.0061753 0.00203636 0.000614962 0.000162924 3.72851e-05 7.1645e-06 1.14037e-06 1.48636e-07 1.55009e-08
 1.75255e-11 1.90306e-09 1.21836e-07 4.59868e-06 0.000102337 0.0013427 0.0103871 0.0473938 0.127752 0.205123 0.20416 0.147589 0.106475 0.0787077 0.0447343 0.017938 0.00582429 0.00178816 0.00051041 0.000130119 2.94929e-05 5.73882e-06 9.20506e-07 1.18172e-07 1.18803e-08
 1.79288e-11 1.94685e-09 1.24639e-07 4.70451e-06 0.000104692 0.00137359 0.010626 0.048482 0.130658 0.209566 0.207533 0.147254 0.102728 0.0744327 0.0422024 0.0170655 0.00562289 0.00172681 0.000476268 0.000113864 2.41106e-05 4.46776e-06 7.01049e-07 8.99005e-08 9.05191e-09
 1.7993e-11 1.95383e-09 1.25086e-07 4.72136e-06 0.000105067 0.00137851 0.0106641 0.0486552 0.131121 0.210276 0.208083 0.147235 0.102183 0.0737805 0.0417708 0.016866 0.00554981 0.00170884 0.000475131 0.000114033 2.36851e-05 4.17676e-06 6.14874e-07 7.47342e-08 7.29865e-09
 1.79512e-11 1.94929e-09 1.24795e-07 4.7104e-06 0.000104823 0.00137531 0.0106393 0.0485427 0.130823 0.20984 0.207847 0.147582 0.103046 0.0745382 0.0419011 0.0165184 0.00518151 0.00152013 0.000412695 9.84977e-05 2.05135e-05 3.6206e-06 5.24978e-07 6.13449e-08 5.67135e-09
 1.85639e-11 2.01581e-09 1.29054e-07 4.87115e-06 0.0001084 0.00142224 0.0110023 0.0501958 0.135238 0.216598 0.213016 0.147198 0.0975392 0.0681542 0.0379695 0.0149879 0.00472069 0.00137746 0.000364006 8.31346e-05 1.66496e-05 2.88203e-06 4.1579e-07 4.84219e-08 4.4127e-09
 1.88574e-11 2.04768e-09 1.31095e-07 4.94816e-06 0.000110114 0.00144473 0.0111762 0.0509879 0.137356 0.219859 0.2156 0.147311 0.0953517 0.065387 0.0359424 0.0138221 0.00413169 0.00114036 0.000293202 6.62267e-05 1.3019e-05 2.17805e-06 3.02393e-07 3.42611e-08 3.08007e-09
 1.87766e-11 2.03891e-09 1.30533e-07 4.92696e-06 0.000109642 0.00143854 0.0111283 0.0507698 0.136773 0.21896 0.214885 0.147268 0.0959384 0.0661448 0.0365202 0.0141721 0.00430651 0.00119892 0.000302021 6.51623e-05 1.22398e-05 1.98983e-06 2.70184e-07 2.97412e-08 2.58481e-09
 1.82151e-11 1.97794e-09 1.2663e-07 4.77964e-06 0.000106364 0.00139553 0.0107957 0.0492549 0.132727 0.212773 0.210181 0.147711 0.101125 0.0720931 0.0400957 0.0154566 0.00461468 0.00126305 0.000317551 6.89366e-05 1.287e-05 2.03137e-06 2.64444e-07 2.80337e-08 2.36547e-09
 1.85187e-11 2.01091e-09 1.2874e-07 4.8593e-06 0.000108137 0.00141878 0.0109755 0.0500738 0.134911 0.216086 0.21257 0.147047 0.0976752 0.0684557 0.0383585 0.0153731 0.00497661 0.00147894 0.000384663 8.33497e-05 1.54268e-05 2.42792e-06 3.1432e-07 3.26548e-08 2.66318e-09
 1.86251e-11 2.02246e-09 1.2948e-07 4.88722e-06 0.000108758 0.00142693 0.0110386 0.0503613 0.135683 0.217308 0.213693 0.147601 0.0976593 0.0679515 0.0373679 0.0141961 0.00412685 0.00110798 0.000284194 6.50652e-05 1.27854e-05 2.06731e-06 2.68169e-07 2.77173e-08 2.24259e-09
 1.93941e-11 2.10597e-09 1.34826e-07 5.089e-06 0.000113248 0.00148585 0.0114941 0.0524362 0.141225 0.225792 0.220189 0.147138 0.0907769 0.0599576 0.0324247 0.0122474 0.0035232 0.000915874 0.00021921 4.56485e-05 8.40438e-06 1.36284e-06 1.84588e-07 1.98255e-08 1.63044e-09
 1.92757e-11 2.09311e-09 1.34003e-07 5.05794e-06 0.000112557 0.00147678 0.011424 0.052117 0.140375 0.224506 0.219284 0.147471 0.0922347 0.0614505 0.0330705 0.012176 0.00329024 0.000786018 0.000177397 3.55174e-05 6.19143e-06 9.29005e-07 1.17253e-07 1.2248e-08 1.02338e-09
 1.92489e-11 2.0902e-09 1.33816e-07 5.0509e-06 0.0001124 0.00147472 0.0114081 0.0520446 0.140182 0.224212 0.219066 0.147511 0.0925123 0.061758 0.0332415 0.012218 0.0032804 0.000769542 0.000166998 3.13145e-05 5.05671e-06 7.11356e-07 8.46334e-08 8.26083e-09 6.46207e-10
#obs catch len freq
 1.16724e-11 1.26749e-09 8.11458e-08 3.06285e-06 6.81597e-05 0.000894298 0.00691908 0.0315884 0.0853995 0.139158 0.14819 0.133303 0.132071 0.121661 0.0876716 0.05358 0.030791 0.0163773 0.00777021 0.00317401 0.00105558 0.000268877 4.96166e-05 6.32698e-06 5.36886e-07
 1.28937e-11 1.4001e-09 8.96359e-08 3.38331e-06 7.52911e-05 0.000987863 0.00764285 0.0348892 0.0942684 0.153113 0.16048 0.137227 0.127249 0.112719 0.0790548 0.0465443 0.0252406 0.0124052 0.00535473 0.00198208 0.000599175 0.000139075 2.33849e-05 2.71407e-06 2.09458e-07
 5.56911e-12 6.0474e-10 3.8716e-08 1.46135e-06 3.25212e-05 0.000426755 0.0033039 0.0151317 0.0415426 0.0726047 0.099261 0.14137 0.189665 0.184936 0.126002 0.0681906 0.0336279 0.015207 0.00601423 0.00200847 0.000542525 0.000112504 1.69774e-05 1.77639e-06 1.23963e-07
 1.78636e-11 1.93977e-09 1.24186e-07 4.6874e-06 0.000104311 0.00136859 0.0105872 0.0483004 0.130096 0.208002 0.202566 0.134274 0.0828866 0.0622214 0.0494204 0.0354131 0.0206785 0.00937845 0.00339429 0.00101029 0.00024222 4.44768e-05 5.94189e-06 5.52314e-07 3.44209e-08
 1.49785e-11 1.62649e-09 1.04129e-07 3.93037e-06 8.74652e-05 0.0011476 0.00887902 0.0405365 0.109557 0.177967 0.185613 0.153426 0.130271 0.100828 0.0560821 0.0223915 0.00814027 0.00330431 0.00127644 0.000386781 8.66762e-05 1.41984e-05 1.66927e-06 1.36533e-07 7.51481e-09
 1.73736e-11 1.88657e-09 1.2078e-07 4.55883e-06 0.000101451 0.00133108 0.0102979 0.046998 0.126803 0.204277 0.205346 0.15088 0.107889 0.0766878 0.0430157 0.0179765 0.00607419 0.00175018 0.000440809 0.000102013 2.07245e-05 3.23429e-06 3.53705e-07 2.60858e-08 1.27323e-09
 1.60714e-11 1.74517e-09 1.11727e-07 4.21716e-06 9.38475e-05 0.00123135 0.00952702 0.043495 0.117531 0.190599 0.196704 0.15594 0.122956 0.0896686 0.0478174 0.0177562 0.00509008 0.00126164 0.000270014 4.75557e-05 6.82939e-06 7.99534e-07 7.31138e-08 4.83171e-09 2.15485e-10
 1.65974e-11 1.80228e-09 1.15384e-07 4.35516e-06 9.69187e-05 0.00127165 0.00983884 0.0449181 0.12136 0.196608 0.201718 0.156325 0.118312 0.0835702 0.0438932 0.0162132 0.00457477 0.00106279 0.000199794 2.93631e-05 3.36605e-06 2.99415e-07 2.02089e-08 1.0076e-09 3.59504e-11
 1.68305e-11 1.82759e-09 1.17004e-07 4.41634e-06 9.82802e-05 0.00128952 0.00997731 0.0455535 0.123104 0.199537 0.204787 0.157927 0.117271 0.0805067 0.0408414 0.0143503 0.00377377 0.000813879 0.000143472 1.96083e-05 2.01295e-06 1.52343e-07 8.33886e-09 3.24615e-10 8.85027e-12
 1.66793e-11 1.81118e-09 1.15953e-07 4.37668e-06 9.73978e-05 0.00127795 0.00988826 0.0451542 0.122097 0.198319 0.204821 0.159871 0.119335 0.0809417 0.0401929 0.0137176 0.00345316 0.000699483 0.000114183 1.43273e-05 1.34404e-06 9.25142e-08 4.54549e-09 1.54889e-10 3.58069e-12
 1.53506e-11 1.6669e-09 1.06716e-07 4.02803e-06 8.96399e-05 0.0011762 0.00910223 0.0415885 0.112715 0.184733 0.196858 0.165622 0.133726 0.0923322 0.0443636 0.0140009 0.00307888 0.000526226 7.39501e-05 8.2652e-06 7.00157e-07 4.35418e-08 1.93012e-09 5.92557e-11 1.22997e-12
 1.83411e-11 1.99163e-09 1.27506e-07 4.81272e-06 0.000107102 0.00140527 0.0108732 0.0496445 0.134127 0.216897 0.219446 0.159594 0.104804 0.0633779 0.0287354 0.00877872 0.00186368 0.000299792 3.80583e-05 3.69218e-06 2.64772e-07 1.39321e-08 5.32292e-10 1.43715e-11 2.65601e-13
 1.48853e-11 1.61637e-09 1.03482e-07 3.90595e-06 8.69242e-05 0.00114062 0.00882851 0.0403648 0.109657 0.181129 0.197211 0.171715 0.139898 0.093361 0.0420984 0.0119855 0.00220352 0.000284418 2.8559e-05 2.31255e-06 1.44915e-07 6.69846e-09 2.21303e-10 5.09668e-12 8.0138e-14
 1.72424e-11 1.87233e-09 1.19868e-07 4.52445e-06 0.000100688 0.00132118 0.0102243 0.0467131 0.126514 0.206346 0.214527 0.166073 0.116454 0.0707914 0.0306006 0.00854883 0.0015614 0.000200129 1.93064e-05 1.406e-06 7.40655e-08 2.76031e-09 7.3263e-11 1.38945e-12 1.84923e-14
 1.28261e-11 1.39276e-09 8.91663e-08 3.36565e-06 7.4903e-05 0.00098302 0.00761257 0.0348716 0.0953841 0.161264 0.187493 0.182651 0.160494 0.107241 0.0467401 0.0127015 0.00220063 0.000260283 2.2825e-05 1.53008e-06 7.56921e-08 2.65044e-09 6.43899e-11 1.07206e-12 1.20561e-14
 1.56972e-11 1.70453e-09 1.09126e-07 4.11902e-06 9.16675e-05 0.00120293 0.00931232 0.0425965 0.115841 0.191568 0.207388 0.174105 0.131349 0.0808926 0.0342917 0.00940093 0.00171183 0.000221358 2.12158e-05 1.47448e-06 7.09417e-08 2.31238e-09 5.12445e-11 7.76227e-13 7.97392e-15
 1.51961e-11 1.65012e-09 1.05643e-07 3.98757e-06 8.87435e-05 0.00116463 0.00901763 0.0412765 0.112501 0.187321 0.2064 0.178236 0.136451 0.0829545 0.0340468 0.00886252 0.00148769 0.000171977 1.47542e-05 9.60482e-07 4.57592e-08 1.52836e-09 3.48075e-11 5.2926e-13 5.27168e-15
 1.58712e-11 1.72343e-09 1.10336e-07 4.16471e-06 9.26864e-05 0.00121639 0.00941845 0.0431086 0.117433 0.194957 0.212176 0.177185 0.129314 0.0756099 0.0302566 0.00776514 0.00129879 0.000150322 1.27289e-05 7.90789e-07 3.477e-08 1.05345e-09 2.18595e-11 3.09609e-13 2.95278e-15
 1.48842e-11 1.61625e-09 1.03475e-07 3.90578e-06 8.69264e-05 0.00114091 0.00883715 0.0404944 0.110718 0.185872 0.208165 0.182413 0.138196 0.0814858 0.0325368 0.00840958 0.00144782 0.00017612 1.56692e-05 1.00088e-06 4.41831e-08 1.3187e-09 2.64353e-11 3.53796e-13 3.12512e-15
 1.48204e-11 1.60933e-09 1.03032e-07 3.88907e-06 8.65565e-05 0.00113613 0.00880186 0.0403553 0.110503 0.186155 0.209638 0.183998 0.137946 0.079998 0.0315731 0.00817169 0.00143418 0.000180247 1.65652e-05 1.08519e-06 4.89501e-08 1.49063e-09 3.0309e-11 4.06366e-13 3.53966e-15
 1.54455e-11 1.6772e-09 1.07377e-07 4.05312e-06 9.02086e-05 0.0011841 0.0091738 0.0420606 0.115121 0.193379 0.215204 0.183145 0.131347 0.0731259 0.0278709 0.00696531 0.00117477 0.00014145 1.25317e-05 8.02783e-07 3.59208e-08 1.09456e-09 2.23147e-11 2.99265e-13 2.59729e-15
 1.57902e-11 1.71463e-09 1.09774e-07 4.14361e-06 9.22244e-05 0.00121062 0.0093805 0.0430207 0.117807 0.197909 0.219392 0.183667 0.127547 0.0682546 0.0248586 0.00584799 0.000903736 9.69235e-05 7.58652e-06 4.36306e-07 1.79247e-08 5.10509e-10 9.86121e-12 1.26723e-13 1.06314e-15
 1.60784e-11 1.74594e-09 1.11778e-07 4.21931e-06 9.39112e-05 0.00123283 0.00955393 0.0438294 0.12008 0.201737 0.22279 0.183671 0.123932 0.0642479 0.0227453 0.00521271 0.000782644 8.06157e-05 5.93232e-06 3.12857e-07 1.15449e-08 2.91778e-10 4.99554e-12 5.73982e-14 4.36485e-16
 1.63758e-11 1.77823e-09 1.13846e-07 4.29741e-06 9.56519e-05 0.00125576 0.00973303 0.0446644 0.122423 0.205649 0.226164 0.183513 0.120203 0.0602652 0.0206861 0.00460225 0.000669087 6.63046e-05 4.6569e-06 2.32872e-07 8.09649e-09 1.90967e-10 3.01095e-12 3.14082e-14 2.14355e-16
 1.56462e-11 1.69901e-09 1.08775e-07 4.1061e-06 9.14007e-05 0.00120021 0.00930824 0.0427881 0.117818 0.200181 0.2254 0.188843 0.125951 0.0625503 0.0208098 0.00440348 0.000594249 5.31033e-05 3.29999e-06 1.46567e-07 4.60911e-09 9.99108e-11 1.45887e-12 1.41136e-14 8.91607e-17
 1.57211e-11 1.70714e-09 1.09297e-07 4.12587e-06 9.18452e-05 0.0012062 0.00935737 0.0430422 0.118671 0.202 0.227471 0.189124 0.123915 0.0603692 0.0198749 0.00422879 0.000585854 5.46241e-05 3.52149e-06 1.56803e-07 4.721e-09 9.42982e-11 1.24027e-12 1.07261e-14 6.07669e-17
 1.36287e-11 1.47995e-09 9.4754e-08 3.57719e-06 7.965e-05 0.00104673 0.00813502 0.0376062 0.105059 0.184682 0.221875 0.201464 0.141124 0.0703498 0.0230347 0.00482047 0.000655032 5.99653e-05 3.81082e-06 1.68397e-07 5.06652e-09 1.01381e-10 1.32724e-12 1.12375e-14 6.0907e-17
 1.71726e-11 1.86477e-09 1.1939e-07 4.50694e-06 0.000100331 0.00131768 0.0102217 0.0469904 0.129186 0.217507 0.236932 0.183233 0.108515 0.048045 0.0146307 0.00290679 0.000375791 3.25116e-05 1.94018e-06 8.05115e-08 2.28781e-09 4.35648e-11 5.46679e-13 4.46448e-15 2.34496e-17
 1.48457e-11 1.61212e-09 1.03218e-07 3.89693e-06 8.67781e-05 0.00114062 0.00886732 0.0409948 0.114328 0.199117 0.232083 0.197733 0.127009 0.0578179 0.0172093 0.00320767 0.00037244 2.75373e-05 1.34952e-06 4.568e-08 1.08841e-09 1.80594e-11 2.03471e-13 1.51961e-15 7.38163e-18
#spawning biomass
 9757.14 8112.48 5686.81 6167.3 9791.85 15713.5 22716 33785.9 52713.3 71632.7 101620 138615 169944 174609 179265 171830 165305 165068 182495 172799 176895 192513 240679 260623 315460 283409 284524 279212 233039 155535 233360 130679 67779 37689.6 25101.9 20257.9 18495.1 17878.3 17668.5 17598.6 17575.7 17568.3 17565.9 17565.1 17564.9 17564.8 17564.8 17564.8 17564.8 17564.8 17564.8 17564.8 17564.8 17564.8 17564.8 17564.8 17564.8 17564.8 17564.8 17564.8 17564.8 17564.8 17564.8 17564.8 17564.8 17564.8 17564.8 17564.8 17564.8 17564.8 17564.8 17564.8 17564.8 17564.8 17564.8 17564.8 17564.8 17564.8 17564.8 17564.8 17564.8 17564.8 17564.8 17564.8 17564.8 17564.8 17564.8 17564.8 17564.8 17564.8 17564.8 17564.8 17564.8 17564.8 17564.8 17564.8 17564.8 17564.8 17564.8 17564.8 17564.8 17564.8 17564.8 17564.8 17564.8 17564.8 17564.8 17564.8 17564.8 17564.8 17564.8 17564.8 17564.8 17564.8 17564.8 17564.8 17564.8 17564.8 17564.8 17564.8 17564.8 17564.8 17564.8 17564.8 17564.8 17564.8 17564.8 17564.8 17564.8 0 0 0 0 0 0 0 0 0 0 0 0 0 0 0 0 0 0 0 0 0 0 0 0 0
