SBPRF35
0.175648
Curr Bio
222319
B35
324247
F35
0.713638
FOFL
0.26456
OFL
14776.7
Bzero
50185.1
#pred survey bio
 10133.9 8963.33 6349.22 7344.33 11501.4 18481.8 26876.4 40228.5 62015.2 84321.2 122166 165750 201080 208372 211578 204692 198044 199857 218801 208075 214342 235198 292911 316665 380982 344445 349524 341202 267675 6.16496e+06 4.50572e+06 2.7398e+06 1.58153e+06 994949 720494 592546 530283 498001 480218 469971 463897 460244 458030 456684 455849 455351 455053 454875 454768 454704 454665 454642 454628 454620 454615 454612 454610 454609 454608 454608 454607 454607 454607 454607 454607 454607 454607 454607 454607 454607 454607 454607 454607 454607 454607 454607 454607 454607 454607 454607 454607 454607 454607 454607 454607 454607 454607 454607 454607 454607 454607 454607 454607 454607 454607 454607 454607 454607 454607 454607 454607 454607 454607 454607 454607 454607 454607 454607 454607 454607 454607 454607 454607 454607 454607 454607 454607 454607 454607 454607 454607 454607 454607 454607 454607 454607 454607 454607 454607 0 0 0 0 0 0 0 0 0 0 0 0 0 0 0 0 0 0 0 0 0 0 0 0 0
#obs survey bio
 8377.85 5510.32 4386.94 5212.2 9655.58 16208.8 31409.4 33642.1 39414.3 71775.4 113736 114266 176556 225893 121984 198473 230802 110953 172445 158999 145663 188596 300631 286216 348552 212371 306151 253184 187715
#pred catch bio
 4166.91 4767.26 3298.26 3169.19 5038.44 8912.1 12448.2 17627.3 31110.6 44068.2 65530.9 94695.2 123750 124943 136580 132661 127585 123879 144378 136513 142540 147397 190459 193362 263174 238195 243047 243869 245149 14776.7 83485.2 46240.2 23268.5 12897.7 8798.32 7306.38 6792.69 6622.58 6567.8 6550.53 6545.16 6543.52 6543.02 6542.87 6542.82 6542.81 6542.8 6542.8 6542.8 6542.8 6542.8 6542.8 6542.8 6542.8 6542.8 6542.8 6542.8 6542.8 6542.8 6542.8 6542.8 6542.8 6542.8 6542.8 6542.8 6542.8 6542.8 6542.8 6542.8 6542.8 6542.8 6542.8 6542.8 6542.8 6542.8 6542.8 6542.8 6542.8 6542.8 6542.8 6542.8 6542.8 6542.8 6542.8 6542.8 6542.8 6542.8 6542.8 6542.8 6542.8 6542.8 6542.8 6542.8 6542.8 6542.8 6542.8 6542.8 6542.8 6542.8 6542.8 6542.8 6542.8 6542.8 6542.8 6542.8 6542.8 6542.8 6542.8 6542.8 6542.8 6542.8 6542.8 6542.8 6542.8 6542.8 6542.8 6542.8 6542.8 6542.8 6542.8 6542.8 6542.8 6542.8 6542.8 6542.8 6542.8 6542.8 6542.8 6542.8 0 0 0 0 0 0 0 0 0 0 0 0 0 0 0 0 0 0 0 0 0 0 0 0 0
#obs catch bio
 4710.66 5102.8 3632.76 3200.16 4766.45 8662.87 11463.3 15957.2 28634.2 41423.2 63924 88085.2 122196 116399 151192 128449 119215 129996 148860 135393 147273 144641 178508 167533 250752 240582 241091 218208 273494
#pred cpue bio
 7500.52 7287.18 4859.95 4649.17 7342.41 11605.8 16974.3 25523.4 39691.3 53569.3 74190.8 102817 125316 131341 137005 126471 123122 122645 134469 128253 128578 136709 171250 189559 229057 207734 201413 199753 165086 2.63812e+06 4.3405e+06 2.65763e+06 1.49968e+06 913090 638636 510687 448425 416143 398360 388112 382039 378385 376172 374826 373990 373493 373195 373017 372910 372846 372807 372784 372770 372761 372756 372753 372752 372750 372750 372749 372749 372749 372749 372749 372749 372749 372749 372749 372749 372749 372749 372749 372749 372749 372749 372749 372749 372749 372749 372749 372749 372749 372749 372749 372749 372749 372749 372749 372749 372749 372749 372749 372749 372749 372749 372749 372749 372749 372749 372749 372749 372749 372749 372749 372749 372749 372749 372749 372749 372749 372749 372749 372749 372749 372749 372749 372749 372749 372749 372749 372749 372749 372749 372749 372749 372749 372749 372749 372749 0 0 0 0 0 0 0 0 0 0 0 0 0 0 0 0 0 0 0 0 0 0 0 0 0
#obs cpue bio
 8615.75 7087.12 6093.6 5763.6 15131.3 13038.1 24645.7 44355.7 80420.8 73294.6 89634.5 193425 153754 153643 135297 184902 145343 136688 177034 177242 159636 191607 247094 380248 283241 281372 268694 422568 151728
#pred surv len freq
 1.68011e-11 1.8244e-09 1.168e-07 4.4086e-06 9.81069e-05 0.00128719 0.00995756 0.0454302 0.122409 0.196136 0.19331 0.134859 0.092032 0.0690731 0.0467429 0.029092 0.0185767 0.0121015 0.00812251 0.00575603 0.00438884 0.00365175 0.00314616 0.00241733 0.00140751
 1.24704e-11 1.35413e-09 8.66929e-08 3.27223e-06 7.28189e-05 0.00095543 0.00739204 0.0337473 0.0912313 0.148615 0.157981 0.140974 0.136543 0.119455 0.0770131 0.0396762 0.0200845 0.0107029 0.00592247 0.00344802 0.00216423 0.00151505 0.00116137 0.000849572 0.000492565
 1.48036e-11 1.6075e-09 1.02913e-07 3.88447e-06 8.64433e-05 0.00113417 0.00877421 0.0400405 0.108013 0.174088 0.176404 0.136071 0.110561 0.0926918 0.065676 0.0410932 0.023699 0.011754 0.00518008 0.00229566 0.00110031 0.000593297 0.00036851 0.000239473 0.000132626
 1.89219e-11 2.0547e-09 1.31544e-07 4.96511e-06 0.000110491 0.00144967 0.0112143 0.0511586 0.137773 0.220177 0.214271 0.142083 0.086685 0.0586743 0.0361086 0.0194345 0.0104875 0.00564494 0.00277949 0.00118801 0.000451213 0.000172021 7.55271e-05 3.85392e-05 1.8969e-05
 1.8409e-11 1.999e-09 1.27978e-07 4.83052e-06 0.000107496 0.00141038 0.0109105 0.0497766 0.134103 0.214738 0.210989 0.145302 0.0958256 0.0674515 0.0391854 0.0175613 0.00722803 0.00310225 0.00136492 0.000590389 0.000232359 7.92194e-05 2.49252e-05 8.47623e-06 3.18828e-06
 1.871e-11 2.03168e-09 1.3007e-07 4.90949e-06 0.000109254 0.00143344 0.0110888 0.0505885 0.13627 0.218039 0.213436 0.144865 0.0927889 0.0642666 0.0377729 0.0175639 0.00736916 0.00288452 0.00101215 0.000339489 0.00011516 3.75703e-05 1.08973e-05 2.80809e-06 7.09343e-07
 1.85361e-11 2.01279e-09 1.28861e-07 4.86385e-06 0.000108238 0.00142011 0.0109857 0.0501196 0.135023 0.216172 0.212216 0.145654 0.0953862 0.0667611 0.0385971 0.0170572 0.00669375 0.00254114 0.000883473 0.000274473 7.64902e-05 1.96981e-05 4.82983e-06 1.08721e-06 2.15387e-07
 1.8479e-11 2.0066e-09 1.28464e-07 4.84889e-06 0.000107905 0.00141574 0.010952 0.0499655 0.134608 0.215514 0.211598 0.145316 0.0953376 0.0670143 0.0391943 0.0177882 0.00719492 0.00272157 0.000906603 0.000267994 7.12101e-05 1.6581e-05 3.35622e-06 6.02743e-07 9.68396e-08
 1.83502e-11 1.99261e-09 1.27569e-07 4.81509e-06 0.000107153 0.00140587 0.0108756 0.0496177 0.133676 0.214063 0.210369 0.145004 0.0958911 0.0679319 0.0401314 0.0186141 0.00779135 0.00305195 0.00104772 0.000313144 8.12934e-05 1.80143e-05 3.38279e-06 5.32804e-07 7.00365e-08
 1.84368e-11 2.00202e-09 1.28171e-07 4.83782e-06 0.000107659 0.00141251 0.010927 0.0498519 0.134306 0.215067 0.211327 0.145573 0.0960608 0.0676526 0.0392982 0.0175093 0.00694721 0.00265267 0.000921496 0.000284048 7.59722e-05 1.70394e-05 3.14181e-06 4.69383e-07 5.61037e-08
 1.91943e-11 2.08428e-09 1.33437e-07 5.03659e-06 0.000112082 0.00147054 0.0113757 0.0518961 0.139771 0.223465 0.217916 0.145646 0.0900938 0.060346 0.0342737 0.0149098 0.00569079 0.00207284 0.000684399 0.000202764 5.38113e-05 1.23034e-05 2.32456e-06 3.50363e-07 4.10222e-08
 1.87643e-11 2.03757e-09 1.30447e-07 4.92373e-06 0.00010957 0.00143759 0.011121 0.0507361 0.136677 0.218765 0.214498 0.146496 0.0948496 0.0654389 0.0368377 0.0152151 0.00529125 0.00176883 0.000550331 0.000154425 3.88334e-05 8.52024e-06 1.58534e-06 2.41042e-07 2.86636e-08
 1.86736e-11 2.02773e-09 1.29817e-07 4.89995e-06 0.000109041 0.00143065 0.0110673 0.0504915 0.136024 0.217767 0.213742 0.146578 0.0957101 0.0664386 0.037467 0.0154581 0.00532463 0.00172232 0.000500436 0.000127935 2.95078e-05 6.04247e-06 1.06211e-06 1.55022e-07 1.81013e-08
 1.84315e-11 2.00144e-09 1.28134e-07 4.83641e-06 0.000107627 0.0014121 0.0109238 0.0498384 0.134282 0.215122 0.211826 0.14708 0.0984213 0.0693201 0.0388813 0.01558 0.0050719 0.00155408 0.000437071 0.000107986 2.34568e-05 4.40656e-06 7.0641e-07 9.52791e-08 1.04744e-08
 1.79435e-11 1.94845e-09 1.24742e-07 4.70837e-06 0.000104778 0.00137472 0.0106347 0.0485215 0.130762 0.20971 0.207568 0.146999 0.102222 0.074037 0.0422236 0.0173843 0.00591785 0.00186684 0.000517016 0.00012188 2.51735e-05 4.51169e-06 6.80891e-07 8.46814e-08 8.51392e-09
 1.88013e-11 2.0416e-09 1.30705e-07 4.93346e-06 0.000109787 0.00144043 0.0111429 0.0508363 0.136947 0.219197 0.21492 0.146774 0.0949835 0.0653888 0.0365349 0.014757 0.004888 0.00151932 0.000426756 0.000103344 2.14904e-05 3.74699e-06 5.38839e-07 6.34089e-08 5.97931e-09
 1.86459e-11 2.02472e-09 1.29625e-07 4.89268e-06 0.000108879 0.00142853 0.0110509 0.0504172 0.135831 0.217518 0.21378 0.147343 0.0970998 0.0674895 0.037342 0.0144908 0.00441485 0.0012515 0.000331355 7.77759e-05 1.60705e-05 2.83621e-06 4.11111e-07 4.76187e-08 4.31509e-09
 1.88834e-11 2.05051e-09 1.31276e-07 4.955e-06 0.000110266 0.00144672 0.0111916 0.0510581 0.137542 0.220131 0.215748 0.147097 0.0948184 0.0649256 0.0358789 0.0140523 0.00435652 0.00123916 0.000315654 6.85251e-05 1.30409e-05 2.18112e-06 3.09369e-07 3.58061e-08 3.25193e-09
 1.88669e-11 2.04872e-09 1.31161e-07 4.95068e-06 0.00011017 0.00144546 0.0111818 0.0510135 0.137422 0.219942 0.215574 0.147011 0.0948199 0.064999 0.0360228 0.0142266 0.00449008 0.00130624 0.000339283 7.44509e-05 1.39443e-05 2.2088e-06 2.90641e-07 3.156e-08 2.76576e-09
 1.87846e-11 2.03978e-09 1.30589e-07 4.92907e-06 0.000109689 0.00143915 0.011133 0.0507916 0.136832 0.219059 0.215 0.147394 0.0960646 0.0661871 0.0363999 0.0139564 0.00413847 0.00112751 0.000285016 6.28704e-05 1.19757e-05 1.91942e-06 2.50458e-07 2.61618e-08 2.15575e-09
 1.92513e-11 2.09046e-09 1.33833e-07 5.05152e-06 0.000112414 0.0014749 0.0114095 0.0520507 0.140194 0.224202 0.218916 0.147043 0.09178 0.0612649 0.0334315 0.0128748 0.00386091 0.0010544 0.000259425 5.42208e-05 9.81653e-06 1.54092e-06 2.01867e-07 2.12671e-08 1.74412e-09
 1.97287e-11 2.1423e-09 1.37152e-07 5.1768e-06 0.000115202 0.00151148 0.0116924 0.0533391 0.143637 0.229487 0.22303 0.146978 0.0878432 0.0565132 0.030241 0.0113286 0.00321199 0.00082201 0.000195651 4.053e-05 7.22872e-06 1.09364e-06 1.3672e-07 1.39323e-08 1.13012e-09
 1.9644e-11 2.1331e-09 1.36563e-07 5.15457e-06 0.000114707 0.00150499 0.0116422 0.0531104 0.143026 0.228548 0.222295 0.146975 0.0885216 0.057347 0.0308224 0.0116308 0.00334357 0.00086333 0.000201849 3.99169e-05 6.76241e-06 9.89947e-07 1.21103e-07 1.19884e-08 9.35868e-10
 1.9257e-11 2.09108e-09 1.33873e-07 5.05302e-06 0.000112447 0.00147534 0.0114129 0.0520663 0.140238 0.224288 0.219074 0.147341 0.0921874 0.0615068 0.0332607 0.0124314 0.00348141 0.000870876 0.000200705 3.96992e-05 6.68457e-06 9.51332e-07 1.11325e-07 1.05642e-08 7.98529e-10
 1.92257e-11 2.08768e-09 1.33655e-07 5.04482e-06 0.000112265 0.00147295 0.0113944 0.0519817 0.140009 0.223911 0.218652 0.146925 0.0918076 0.0614048 0.0336703 0.013143 0.0040459 0.00112753 0.000273638 5.40928e-05 8.94802e-06 1.25813e-06 1.45924e-07 1.35808e-08 9.92059e-10
 1.91231e-11 2.07654e-09 1.32942e-07 5.0179e-06 0.000111666 0.00146509 0.0113336 0.0517053 0.139275 0.222821 0.217988 0.147544 0.0935704 0.0630163 0.0340584 0.0125892 0.00343476 0.000837629 0.000195394 4.07303e-05 7.26587e-06 1.06392e-06 1.23768e-07 1.1386e-08 8.20806e-10
 1.9847e-11 2.15515e-09 1.37974e-07 5.20785e-06 0.000115893 0.00152054 0.0117625 0.0536584 0.144491 0.230801 0.22407 0.14702 0.0869575 0.0554 0.0294367 0.0108732 0.00297685 0.000717271 0.000157883 2.96228e-05 4.80044e-06 6.87529e-07 8.33432e-08 8.05753e-09 5.95368e-10
 1.95835e-11 2.12653e-09 1.36142e-07 5.1387e-06 0.000114354 0.00150035 0.0116063 0.0529475 0.142594 0.227913 0.221934 0.147424 0.0896895 0.0583861 0.0310245 0.0111943 0.00287776 0.000631758 0.000130219 2.36794e-05 3.6894e-06 4.90372e-07 5.43596e-08 4.97104e-09 3.67281e-10
 1.87106e-11 2.03175e-09 1.30075e-07 4.90966e-06 0.000109257 0.00143349 0.0110892 0.0505924 0.136305 0.218294 0.214617 0.148104 0.0977405 0.0676322 0.0366029 0.0132177 0.00336555 0.000721425 0.000142518 2.42274e-05 3.47271e-06 4.30531e-07 4.52435e-08 3.88848e-09 2.66532e-10
#obs surv len freq
 1.32005e-11 1.43342e-09 9.17688e-08 3.46382e-06 7.70825e-05 0.00101136 0.00782446 0.0357141 0.0964476 0.156306 0.162459 0.13613 0.124181 0.11008 0.0776176 0.0459619 0.025173 0.0125499 0.00551931 0.00209661 0.000656476 0.000159354 2.82689e-05 3.48666e-06 2.87592e-07
 5.70148e-12 6.19114e-10 3.96362e-08 1.49608e-06 3.32939e-05 0.000436885 0.00338198 0.0154825 0.0424268 0.0736384 0.0989679 0.138966 0.187094 0.184282 0.126658 0.0690476 0.034418 0.0158145 0.00638707 0.00219314 0.000614298 0.000133304 2.12324e-05 2.36184e-06 1.76209e-07
 1.79722e-11 1.95157e-09 1.24941e-07 4.71591e-06 0.000104946 0.00137691 0.0106515 0.0485919 0.130861 0.209098 0.203165 0.133728 0.081615 0.0610135 0.0486825 0.035321 0.0210126 0.00972936 0.00360353 0.00110429 0.000274884 5.28612e-05 7.45607e-06 7.36861e-07 4.90987e-08
 1.50029e-11 1.62914e-09 1.04299e-07 3.93677e-06 8.76076e-05 0.00114947 0.00889322 0.0405976 0.109682 0.177933 0.184854 0.151909 0.129356 0.101437 0.0572092 0.0230556 0.00842703 0.00347238 0.00138003 0.000433238 0.00010112 1.73654e-05 2.15599e-06 1.87478e-07 1.10308e-08
 1.73183e-11 1.88056e-09 1.20395e-07 4.54432e-06 0.000101128 0.00132684 0.0102649 0.0468449 0.126364 0.203433 0.204144 0.149776 0.107816 0.0778164 0.0443216 0.0187897 0.00646012 0.00190099 0.000489423 0.000116488 2.46473e-05 4.0451e-06 4.68053e-07 3.67098e-08 1.91467e-09
 1.59489e-11 1.73187e-09 1.10876e-07 4.18501e-06 9.31319e-05 0.00122195 0.00945415 0.0431591 0.116594 0.188941 0.194738 0.154639 0.123495 0.0917979 0.0498234 0.0187946 0.00548157 0.00139063 0.000306392 5.57759e-05 8.3204e-06 1.01999e-06 9.85904e-08 6.93682e-09 3.3089e-10
 1.64449e-11 1.78572e-09 1.14323e-07 4.31515e-06 9.6028e-05 0.00125996 0.00974819 0.0445012 0.120207 0.194625 0.199534 0.155133 0.11919 0.0859726 0.0460097 0.0172876 0.00497513 0.0011864 0.000230112 3.50258e-05 4.18081e-06 3.89743e-07 2.77499e-08 1.4695e-09 5.60463e-11
 1.66543e-11 1.80846e-09 1.15779e-07 4.3701e-06 9.72511e-05 0.00127601 0.00987258 0.0450722 0.121777 0.197283 0.202405 0.156808 0.118467 0.0832068 0.0430721 0.0154123 0.00413659 0.000916459 0.000166983 2.36937e-05 2.53779e-06 2.01478e-07 1.16309e-08 4.80095e-10 1.39551e-11
 1.64437e-11 1.78559e-09 1.14315e-07 4.31483e-06 9.60214e-05 0.00125989 0.00974825 0.0445117 0.120337 0.195394 0.201927 0.158834 0.121153 0.0842965 0.0427724 0.0148842 0.00382919 0.00079794 0.000134813 1.75824e-05 1.72278e-06 1.2455e-07 6.45975e-09 2.33375e-10 5.74338e-12
 1.50696e-11 1.63638e-09 1.04762e-07 3.95428e-06 8.79983e-05 0.00115465 0.00893518 0.0408214 0.110609 0.181224 0.19339 0.164456 0.136067 0.0964496 0.0473969 0.0152689 0.00343268 0.000603419 8.78507e-05 1.02233e-05 9.05811e-07 5.92205e-08 2.77312e-09 9.03171e-11 1.99632e-12
 1.81018e-11 1.96564e-09 1.25842e-07 4.74993e-06 0.000105704 0.00138693 0.010731 0.0489926 0.132348 0.213989 0.21674 0.158965 0.106932 0.0666337 0.0309882 0.00968001 0.00210414 0.000348701 4.59257e-05 4.6421e-06 3.4816e-07 1.92614e-08 7.78005e-10 2.23072e-11 4.3936e-13
 1.45578e-11 1.5808e-09 1.01205e-07 3.82e-06 8.50111e-05 0.00111551 0.00863374 0.0394696 0.107197 0.177041 0.193274 0.170673 0.142953 0.0981438 0.045352 0.0132066 0.00248521 0.000329881 3.43512e-05 2.90512e-06 1.90907e-07 9.28925e-09 3.24444e-10 7.93096e-12 1.32859e-13
 1.69559e-11 1.84121e-09 1.17876e-07 4.44926e-06 9.90141e-05 0.00129921 0.010054 0.0459308 0.124371 0.202831 0.211279 0.165451 0.119218 0.0747522 0.0331801 0.00949257 0.00177702 0.000234673 2.35124e-05 1.7883e-06 9.86532e-08 3.8639e-09 1.08375e-10 2.18422e-12 3.10159e-14
 1.24738e-11 1.35451e-09 8.67175e-08 3.27321e-06 7.28451e-05 0.000955987 0.00740265 0.0339029 0.0926951 0.1567 0.182955 0.181384 0.164021 0.112711 0.0503623 0.0140127 0.00248856 0.00030319 2.76176e-05 1.93661e-06 1.00553e-07 3.7058e-09 9.51163e-11 1.67966e-12 2.01009e-14
 1.537e-11 1.669e-09 1.06851e-07 4.03315e-06 8.9756e-05 0.00117783 0.00911746 0.0416992 0.113369 0.187466 0.203558 0.173406 0.134668 0.0855128 0.037225 0.0104605 0.0019564 0.000261495 2.61028e-05 1.89767e-06 9.57058e-08 3.27968e-09 7.67677e-11 1.23427e-12 1.35077e-14
 1.48611e-11 1.61374e-09 1.03313e-07 3.89963e-06 8.67858e-05 0.00113891 0.00881787 0.040355 0.109953 0.183068 0.202415 0.177566 0.140008 0.0877732 0.0370097 0.00987918 0.00170284 0.000203254 1.81618e-05 1.23993e-06 6.21641e-08 2.19092e-09 5.28166e-11 8.52463e-13 9.03306e-15
 1.55541e-11 1.68899e-09 1.08131e-07 4.08149e-06 9.08335e-05 0.00119204 0.00922926 0.0422351 0.115015 0.190924 0.208445 0.176672 0.132759 0.0801054 0.0329587 0.00868107 0.00149279 0.000178706 1.57805e-05 1.02814e-06 4.75399e-08 1.51933e-09 3.34033e-11 5.03526e-13 5.12713e-15
 1.45522e-11 1.5802e-09 1.01166e-07 3.81862e-06 8.49857e-05 0.0011154 0.00863869 0.0395757 0.10816 0.181565 0.204132 0.181836 0.141891 0.0862855 0.0354157 0.00939919 0.0016664 0.0002102 1.9539e-05 1.30979e-06 6.08314e-08 1.91616e-09 4.07039e-11 5.79434e-13 5.45974e-15
 1.44844e-11 1.57284e-09 1.00695e-07 3.80087e-06 8.45922e-05 0.0011103 0.00860078 0.0394232 0.107902 0.181775 0.205575 0.183512 0.141748 0.0847991 0.034416 0.0091537 0.00165701 0.000216384 2.0809e-05 1.43233e-06 6.80806e-08 2.19212e-09 4.73029e-11 6.75101e-13 6.27389e-15
 1.51135e-11 1.64116e-09 1.05069e-07 3.96598e-06 8.82677e-05 0.00115857 0.00897501 0.0411387 0.112552 0.189082 0.211326 0.18289 0.135188 0.0777205 0.03049 0.00783602 0.00136386 0.000170735 1.5847e-05 1.06862e-06 5.04969e-08 1.63052e-09 3.53439e-11 5.05362e-13 4.68612e-15
 1.54656e-11 1.67938e-09 1.07517e-07 4.05839e-06 9.03259e-05 0.00118564 0.00918583 0.0421168 0.115284 0.193699 0.215669 0.183601 0.131435 0.0726826 0.0272683 0.00659913 0.00105187 0.000117175 9.61024e-06 5.82754e-07 2.53361e-08 7.66153e-10 1.57669e-11 2.16484e-13 1.94469e-15
 1.57598e-11 1.71134e-09 1.09563e-07 4.13564e-06 9.20471e-05 0.0012083 0.00936256 0.0429395 0.117594 0.197601 0.219201 0.183753 0.127816 0.068508 0.025001 0.00589859 0.000914214 9.78787e-05 7.54854e-06 4.19621e-07 1.63772e-08 4.39267e-10 8.01471e-12 9.85169e-14 8.03737e-16
 1.606e-11 1.74394e-09 1.1165e-07 4.21448e-06 9.38037e-05 0.00123142 0.00954307 0.0437804 0.119954 0.201562 0.222705 0.183762 0.124105 0.0643709 0.022793 0.00522401 0.000784486 8.08519e-05 5.95536e-06 3.14167e-07 1.15608e-08 2.89442e-10 4.86102e-12 5.41963e-14 3.96435e-16
 1.53225e-11 1.66385e-09 1.06524e-07 4.02107e-06 8.95049e-05 0.00117523 0.00911279 0.0418747 0.11525 0.195898 0.221776 0.189182 0.130126 0.0668237 0.0229273 0.00499644 0.000695787 6.45557e-05 4.20315e-06 1.97159e-07 6.57758e-09 1.51667e-10 2.36225e-12 2.44459e-14 1.65585e-16
 1.54e-11 1.67227e-09 1.07064e-07 4.0415e-06 8.99638e-05 0.00118138 0.00916302 0.0421322 0.116108 0.197736 0.22392 0.18956 0.128076 0.0645334 0.0219241 0.00481041 0.000689403 6.6947e-05 4.52942e-06 2.12752e-07 6.77571e-09 1.43549e-10 2.01026e-12 1.85911e-14 1.13042e-16
 1.32809e-11 1.44218e-09 9.23349e-08 3.48577e-06 7.76093e-05 0.00101975 0.00792289 0.0366046 0.102197 0.179824 0.217734 0.201908 0.145908 0.0751221 0.0253587 0.00547187 0.000769577 7.34512e-05 4.90631e-06 2.29172e-07 7.31062e-09 1.55472e-10 2.16892e-12 1.96195e-14 1.13855e-16
 1.68789e-11 1.83287e-09 1.17346e-07 4.42973e-06 9.86082e-05 0.00129494 0.0100434 0.0461552 0.126845 0.213697 0.23399 0.18399 0.112314 0.051521 0.0162266 0.00333031 0.000445957 4.02327e-05 2.52454e-06 1.10856e-07 3.34547e-09 6.78357e-11 9.0898e-13 7.94806e-15 4.47925e-17
 1.45155e-11 1.57625e-09 1.0092e-07 3.81004e-06 8.48369e-05 0.00111492 0.00866466 0.0400358 0.111595 0.194571 0.228496 0.198647 0.131643 0.0619738 0.0190386 0.00365802 0.000438428 3.36297e-05 1.72508e-06 6.17638e-08 1.56888e-09 2.78578e-11 3.36504e-13 2.6986e-15 1.40968e-17
 1.21142e-11 1.31552e-09 8.42324e-08 3.18056e-06 7.08525e-05 0.000932254 0.00726783 0.0338544 0.09627 0.175482 0.222932 0.212646 0.150324 0.0726943 0.0225472 0.00438831 0.000541423 4.35286e-05 2.3434e-06 8.52619e-08 2.07285e-09 3.30914e-11 3.43509e-13 2.31807e-15 1.02002e-17
#pred catch len freq
 1.26628e-11 1.37502e-09 8.80303e-08 3.3227e-06 7.39422e-05 0.000970159 0.00750568 0.0342587 0.0925131 0.149891 0.155575 0.12962 0.116813 0.102145 0.0720623 0.0453272 0.0290513 0.0189467 0.0127198 0.00901412 0.00687306 0.00571875 0.00492699 0.00378561 0.0022042
 8.6576e-12 9.40112e-10 6.01869e-08 2.27176e-06 5.05553e-05 0.000663341 0.00513315 0.0234571 0.063722 0.10629 0.124552 0.139875 0.16535 0.155009 0.101583 0.0526096 0.0267168 0.014258 0.00789244 0.00459512 0.00288424 0.00201909 0.00154773 0.00113221 0.000656433
 1.09934e-11 1.19376e-09 7.64253e-08 2.88468e-06 6.41946e-05 0.000842278 0.00651678 0.0297558 0.0805008 0.131619 0.142185 0.132747 0.136018 0.126242 0.0917446 0.0577858 0.0334082 0.0165834 0.00731002 0.00323968 0.00155278 0.000837272 0.000520049 0.000337949 0.000187164
 1.56869e-11 1.70341e-09 1.09054e-07 4.11624e-06 9.16009e-05 0.00120184 0.00929764 0.0424275 0.114429 0.184241 0.1858 0.140857 0.110705 0.088658 0.0573536 0.0312436 0.0169281 0.0091242 0.00449404 0.00192092 0.000729581 0.000278147 0.000122122 6.23151e-05 3.06715e-05
 1.50413e-11 1.6333e-09 1.04566e-07 3.94683e-06 8.78311e-05 0.00115238 0.0089153 0.0406887 0.109821 0.17748 0.182068 0.146013 0.123935 0.101008 0.0611336 0.0276754 0.0114402 0.00492097 0.00216655 0.000937237 0.000368872 0.000125761 3.95688e-05 1.3456e-05 5.0614e-06
 1.5708e-11 1.7057e-09 1.09201e-07 4.12178e-06 9.17244e-05 0.00120346 0.00931029 0.0424875 0.114623 0.184812 0.187583 0.145304 0.11757 0.0940858 0.0576371 0.0270674 0.0113979 0.00446889 0.00156892 0.000526294 0.000178529 5.82439e-05 1.68937e-05 4.35327e-06 1.09967e-06
 1.53648e-11 1.66844e-09 1.06815e-07 4.03173e-06 8.97204e-05 0.00117717 0.009107 0.0415622 0.112159 0.181104 0.185059 0.146542 0.122212 0.0986891 0.059399 0.026507 0.0104433 0.00397266 0.00138213 0.000429454 0.000119682 3.0821e-05 7.55708e-06 1.70112e-06 3.3701e-07
 1.51423e-11 1.64427e-09 1.05268e-07 3.97334e-06 8.8421e-05 0.00116012 0.00897515 0.0409613 0.110549 0.1786 0.182947 0.146039 0.123247 0.100416 0.0612142 0.0280655 0.0113992 0.00432086 0.00144037 0.000425843 0.000113155 2.63478e-05 5.33315e-06 9.57776e-07 1.53881e-07
 1.53287e-11 1.66451e-09 1.06564e-07 4.02225e-06 8.95094e-05 0.0011744 0.00908556 0.041464 0.111888 0.180623 0.184363 0.145488 0.1209 0.0979912 0.0601141 0.0281358 0.0118171 0.00463614 0.00159236 0.000475975 0.000123566 2.73817e-05 5.14182e-06 8.09859e-07 1.06455e-07
 1.55784e-11 1.69162e-09 1.08299e-07 4.08776e-06 9.09673e-05 0.00119353 0.0092335 0.0421383 0.113697 0.183454 0.186831 0.146325 0.120167 0.0963833 0.0580717 0.0260983 0.0103886 0.00397296 0.00138086 0.000425689 0.000113857 2.55362e-05 4.70849e-06 7.03444e-07 8.40801e-08
 1.67105e-11 1.81456e-09 1.1617e-07 4.38482e-06 9.75778e-05 0.00128026 0.00990421 0.0451935 0.121863 0.196005 0.196682 0.146441 0.111261 0.085472 0.0505598 0.0222025 0.00850084 0.00310093 0.00102436 0.000303513 8.05494e-05 1.84167e-05 3.47959e-06 5.2445e-07 6.14053e-08
 1.6335e-11 1.77379e-09 1.1356e-07 4.2863e-06 9.53856e-05 0.0012515 0.00968181 0.0441811 0.119166 0.191934 0.193847 0.147592 0.11604 0.0903444 0.0526509 0.021919 0.00764293 0.00255859 0.000796473 0.000223519 5.62088e-05 1.23324e-05 2.29465e-06 3.48889e-07 4.14883e-08
 1.64939e-11 1.79104e-09 1.14664e-07 4.328e-06 9.63134e-05 0.00126367 0.00977595 0.0446099 0.120312 0.193693 0.195219 0.147581 0.114755 0.0888159 0.0516702 0.0214669 0.0074101 0.00239938 0.000697432 0.00017831 4.11268e-05 8.42168e-06 1.4803e-06 2.16061e-07 2.52286e-08
 1.60726e-11 1.74529e-09 1.11735e-07 4.21745e-06 9.38532e-05 0.00123139 0.00952637 0.0434735 0.117281 0.189082 0.191838 0.148324 0.119272 0.0936964 0.054186 0.0218624 0.00713324 0.00218849 0.000615825 0.000152169 3.30546e-05 6.20955e-06 9.95441e-07 1.34263e-07 1.47601e-08
 1.57427e-11 1.70947e-09 1.09442e-07 4.13089e-06 9.1927e-05 0.00120612 0.00933092 0.042583 0.114899 0.185405 0.188876 0.148041 0.121498 0.0966668 0.056564 0.0234211 0.00798673 0.00252165 0.000698595 0.000164697 3.40168e-05 6.09655e-06 9.20069e-07 1.14427e-07 1.15046e-08
 1.68777e-11 1.83271e-09 1.17332e-07 4.42869e-06 9.85542e-05 0.00129307 0.0100033 0.0456457 0.123082 0.197958 0.198606 0.147753 0.111933 0.0852329 0.0490333 0.0199327 0.00661391 0.00205739 0.000578062 0.000139992 2.91112e-05 5.07567e-06 7.29908e-07 8.58931e-08 8.09951e-09
 1.66526e-11 1.80827e-09 1.15767e-07 4.36964e-06 9.724e-05 0.00127583 0.00986999 0.0450388 0.121466 0.195524 0.196939 0.148531 0.114929 0.088229 0.0502205 0.01961 0.00598498 0.00169812 0.000449786 0.000105584 2.18163e-05 3.85022e-06 5.58089e-07 6.4643e-08 5.85778e-09
 1.68082e-11 1.82517e-09 1.16849e-07 4.41048e-06 9.81488e-05 0.00128775 0.00996219 0.0454587 0.122586 0.19723 0.1982 0.148292 0.113318 0.0864803 0.0493146 0.0194495 0.0060421 0.00172045 0.000438466 9.51979e-05 1.8117e-05 3.03008e-06 4.29783e-07 4.97427e-08 4.51766e-09
 1.70427e-11 1.85064e-09 1.18479e-07 4.472e-06 9.9518e-05 0.00130571 0.0101011 0.0460913 0.124275 0.199808 0.200137 0.148031 0.111035 0.0839155 0.0478456 0.0190133 0.00601045 0.00174978 0.000454615 9.97647e-05 1.86852e-05 2.95974e-06 3.89449e-07 4.22892e-08 3.70601e-09
 1.69133e-11 1.83658e-09 1.1758e-07 4.43805e-06 9.87624e-05 0.0012958 0.0100245 0.0457424 0.123346 0.198415 0.199207 0.148557 0.112874 0.0857062 0.048474 0.0186998 0.00555405 0.00151438 0.000382946 8.44795e-05 1.60918e-05 2.5791e-06 3.36536e-07 3.51529e-08 2.89663e-09
 1.75811e-11 1.9091e-09 1.22222e-07 4.61328e-06 0.000102662 0.00134696 0.0104201 0.0475443 0.128158 0.205776 0.204813 0.14806 0.106753 0.0786687 0.0442215 0.0171409 0.00514835 0.00140692 0.000346251 7.2372e-05 1.31026e-05 2.05672e-06 2.69435e-07 2.83855e-08 2.3279e-09
 1.79924e-11 1.95376e-09 1.25081e-07 4.72119e-06 0.000105063 0.00137846 0.0106637 0.0486541 0.131125 0.210337 0.2084 0.148122 0.103541 0.0746919 0.041418 0.0156389 0.00444313 0.00113821 0.000271043 5.61555e-05 1.00157e-05 1.51527e-06 1.89428e-07 1.93034e-08 1.56578e-09
 1.80137e-11 1.95607e-09 1.25229e-07 4.72678e-06 0.000105188 0.00138009 0.0106763 0.0487115 0.131278 0.210566 0.208551 0.14803 0.10323 0.0743973 0.0413294 0.0157096 0.00452419 0.00116907 0.000273427 5.40769e-05 9.16126e-06 1.34109e-06 1.64058e-07 1.62405e-08 1.26781e-09
 1.72581e-11 1.87402e-09 1.19976e-07 4.52851e-06 0.000100775 0.00132221 0.0102287 0.0466728 0.125834 0.202244 0.202238 0.148677 0.110289 0.0824556 0.0461219 0.017368 0.00487412 0.00122074 0.000281516 5.56943e-05 9.37806e-06 1.33465e-06 1.5618e-07 1.48206e-08 1.12027e-09
 1.77069e-11 1.92275e-09 1.23097e-07 4.64628e-06 0.000103396 0.00135659 0.0104946 0.0478834 0.129063 0.20715 0.205812 0.147811 0.105365 0.077195 0.0435049 0.0170827 0.00526553 0.00146804 0.000356326 7.044e-05 1.16519e-05 1.63828e-06 1.90013e-07 1.7684e-08 1.29179e-09
 1.75838e-11 1.90939e-09 1.22241e-07 4.61397e-06 0.000102677 0.00134716 0.0104217 0.0475518 0.128182 0.205847 0.205036 0.148609 0.107565 0.0791834 0.0439429 0.016336 0.0044627 0.00108882 0.000254039 5.29572e-05 9.44688e-06 1.38325e-06 1.60916e-07 1.48034e-08 1.06716e-09
 1.85401e-11 2.01323e-09 1.28889e-07 4.86491e-06 0.000108261 0.00142042 0.0109882 0.0501321 0.135073 0.21639 0.213072 0.147919 0.0988304 0.0691221 0.0378361 0.014067 0.00385645 0.000929549 0.000204634 3.83953e-05 6.22189e-06 8.91091e-07 1.08018e-07 1.0443e-08 7.7163e-10
 1.83149e-11 1.98878e-09 1.27323e-07 4.80582e-06 0.000106946 0.00140317 0.0108548 0.0495246 0.133453 0.213928 0.21128 0.148357 0.101306 0.0717656 0.0391488 0.0142065 0.00365624 0.000802845 0.000165492 3.00934e-05 4.68861e-06 6.23163e-07 6.90792e-08 6.31707e-09 4.66731e-10
 1.84924e-11 2.00805e-09 1.28557e-07 4.85239e-06 0.000107983 0.00141677 0.0109599 0.0500036 0.134733 0.215888 0.212786 0.148268 0.0997449 0.0699379 0.037999 0.0137305 0.00349463 0.000748388 0.000147729 2.51045e-05 3.59796e-06 4.46035e-07 4.68717e-08 4.02839e-09 2.76121e-10
#obs catch len freq
 1.16724e-11 1.26749e-09 8.11458e-08 3.06285e-06 6.81597e-05 0.000894298 0.00691908 0.0315884 0.0853995 0.139158 0.14819 0.133303 0.132071 0.121661 0.0876716 0.05358 0.030791 0.0163773 0.00777021 0.00317401 0.00105558 0.000268877 4.96166e-05 6.32698e-06 5.36886e-07
 1.28937e-11 1.4001e-09 8.96359e-08 3.38331e-06 7.52911e-05 0.000987863 0.00764285 0.0348892 0.0942684 0.153113 0.16048 0.137227 0.127249 0.112719 0.0790548 0.0465443 0.0252406 0.0124052 0.00535473 0.00198208 0.000599175 0.000139075 2.33849e-05 2.71407e-06 2.09458e-07
 5.56911e-12 6.0474e-10 3.8716e-08 1.46135e-06 3.25212e-05 0.000426755 0.0033039 0.0151317 0.0415426 0.0726047 0.099261 0.14137 0.189665 0.184936 0.126002 0.0681906 0.0336279 0.015207 0.00601423 0.00200847 0.000542525 0.000112504 1.69774e-05 1.77639e-06 1.23963e-07
 1.78636e-11 1.93977e-09 1.24186e-07 4.6874e-06 0.000104311 0.00136859 0.0105872 0.0483004 0.130096 0.208002 0.202566 0.134274 0.0828866 0.0622214 0.0494204 0.0354131 0.0206785 0.00937845 0.00339429 0.00101029 0.00024222 4.44768e-05 5.94189e-06 5.52314e-07 3.44209e-08
 1.49785e-11 1.62649e-09 1.04129e-07 3.93037e-06 8.74652e-05 0.0011476 0.00887902 0.0405365 0.109557 0.177967 0.185613 0.153426 0.130271 0.100828 0.0560821 0.0223915 0.00814027 0.00330431 0.00127644 0.000386781 8.66762e-05 1.41984e-05 1.66927e-06 1.36533e-07 7.51481e-09
 1.73736e-11 1.88657e-09 1.2078e-07 4.55883e-06 0.000101451 0.00133108 0.0102979 0.046998 0.126803 0.204277 0.205346 0.15088 0.107889 0.0766878 0.0430157 0.0179765 0.00607419 0.00175018 0.000440809 0.000102013 2.07245e-05 3.23429e-06 3.53705e-07 2.60858e-08 1.27323e-09
 1.60714e-11 1.74517e-09 1.11727e-07 4.21716e-06 9.38475e-05 0.00123135 0.00952702 0.043495 0.117531 0.190599 0.196704 0.15594 0.122956 0.0896686 0.0478174 0.0177562 0.00509008 0.00126164 0.000270014 4.75557e-05 6.82939e-06 7.99534e-07 7.31138e-08 4.83171e-09 2.15485e-10
 1.65974e-11 1.80228e-09 1.15384e-07 4.35516e-06 9.69187e-05 0.00127165 0.00983884 0.0449181 0.12136 0.196608 0.201718 0.156325 0.118312 0.0835702 0.0438932 0.0162132 0.00457477 0.00106279 0.000199794 2.93631e-05 3.36605e-06 2.99415e-07 2.02089e-08 1.0076e-09 3.59504e-11
 1.68305e-11 1.82759e-09 1.17004e-07 4.41634e-06 9.82802e-05 0.00128952 0.00997731 0.0455535 0.123104 0.199537 0.204787 0.157927 0.117271 0.0805067 0.0408414 0.0143503 0.00377377 0.000813879 0.000143472 1.96083e-05 2.01295e-06 1.52343e-07 8.33886e-09 3.24615e-10 8.85027e-12
 1.66793e-11 1.81118e-09 1.15953e-07 4.37668e-06 9.73978e-05 0.00127795 0.00988826 0.0451542 0.122097 0.198319 0.204821 0.159871 0.119335 0.0809417 0.0401929 0.0137176 0.00345316 0.000699483 0.000114183 1.43273e-05 1.34404e-06 9.25142e-08 4.54549e-09 1.54889e-10 3.58069e-12
 1.53506e-11 1.6669e-09 1.06716e-07 4.02803e-06 8.96399e-05 0.0011762 0.00910223 0.0415885 0.112715 0.184733 0.196858 0.165622 0.133726 0.0923322 0.0443636 0.0140009 0.00307888 0.000526226 7.39501e-05 8.2652e-06 7.00157e-07 4.35418e-08 1.93012e-09 5.92557e-11 1.22997e-12
 1.83411e-11 1.99163e-09 1.27506e-07 4.81272e-06 0.000107102 0.00140527 0.0108732 0.0496445 0.134127 0.216897 0.219446 0.159594 0.104804 0.0633779 0.0287354 0.00877872 0.00186368 0.000299792 3.80583e-05 3.69218e-06 2.64772e-07 1.39321e-08 5.32292e-10 1.43715e-11 2.65601e-13
 1.48853e-11 1.61637e-09 1.03482e-07 3.90595e-06 8.69242e-05 0.00114062 0.00882851 0.0403648 0.109657 0.181129 0.197211 0.171715 0.139898 0.093361 0.0420984 0.0119855 0.00220352 0.000284418 2.8559e-05 2.31255e-06 1.44915e-07 6.69846e-09 2.21303e-10 5.09668e-12 8.0138e-14
 1.72424e-11 1.87233e-09 1.19868e-07 4.52445e-06 0.000100688 0.00132118 0.0102243 0.0467131 0.126514 0.206346 0.214527 0.166073 0.116454 0.0707914 0.0306006 0.00854883 0.0015614 0.000200129 1.93064e-05 1.406e-06 7.40655e-08 2.76031e-09 7.3263e-11 1.38945e-12 1.84923e-14
 1.28261e-11 1.39276e-09 8.91663e-08 3.36565e-06 7.4903e-05 0.00098302 0.00761257 0.0348716 0.0953841 0.161264 0.187493 0.182651 0.160494 0.107241 0.0467401 0.0127015 0.00220063 0.000260283 2.2825e-05 1.53008e-06 7.56921e-08 2.65044e-09 6.43899e-11 1.07206e-12 1.20561e-14
 1.56972e-11 1.70453e-09 1.09126e-07 4.11902e-06 9.16675e-05 0.00120293 0.00931232 0.0425965 0.115841 0.191568 0.207388 0.174105 0.131349 0.0808926 0.0342917 0.00940093 0.00171183 0.000221358 2.12158e-05 1.47448e-06 7.09417e-08 2.31238e-09 5.12445e-11 7.76227e-13 7.97392e-15
 1.51961e-11 1.65012e-09 1.05643e-07 3.98757e-06 8.87435e-05 0.00116463 0.00901763 0.0412765 0.112501 0.187321 0.2064 0.178236 0.136451 0.0829545 0.0340468 0.00886252 0.00148769 0.000171977 1.47542e-05 9.60482e-07 4.57592e-08 1.52836e-09 3.48075e-11 5.2926e-13 5.27168e-15
 1.58712e-11 1.72343e-09 1.10336e-07 4.16471e-06 9.26864e-05 0.00121639 0.00941845 0.0431086 0.117433 0.194957 0.212176 0.177185 0.129314 0.0756099 0.0302566 0.00776514 0.00129879 0.000150322 1.27289e-05 7.90789e-07 3.477e-08 1.05345e-09 2.18595e-11 3.09609e-13 2.95278e-15
 1.48842e-11 1.61625e-09 1.03475e-07 3.90578e-06 8.69264e-05 0.00114091 0.00883715 0.0404944 0.110718 0.185872 0.208165 0.182413 0.138196 0.0814858 0.0325368 0.00840958 0.00144782 0.00017612 1.56692e-05 1.00088e-06 4.41831e-08 1.3187e-09 2.64353e-11 3.53796e-13 3.12512e-15
 1.48204e-11 1.60933e-09 1.03032e-07 3.88907e-06 8.65565e-05 0.00113613 0.00880186 0.0403553 0.110503 0.186155 0.209638 0.183998 0.137946 0.079998 0.0315731 0.00817169 0.00143418 0.000180247 1.65652e-05 1.08519e-06 4.89501e-08 1.49063e-09 3.0309e-11 4.06366e-13 3.53966e-15
 1.54455e-11 1.6772e-09 1.07377e-07 4.05312e-06 9.02086e-05 0.0011841 0.0091738 0.0420606 0.115121 0.193379 0.215204 0.183145 0.131347 0.0731259 0.0278709 0.00696531 0.00117477 0.00014145 1.25317e-05 8.02783e-07 3.59208e-08 1.09456e-09 2.23147e-11 2.99265e-13 2.59729e-15
 1.57902e-11 1.71463e-09 1.09774e-07 4.14361e-06 9.22244e-05 0.00121062 0.0093805 0.0430207 0.117807 0.197909 0.219392 0.183667 0.127547 0.0682546 0.0248586 0.00584799 0.000903736 9.69235e-05 7.58652e-06 4.36306e-07 1.79247e-08 5.10509e-10 9.86121e-12 1.26723e-13 1.06314e-15
 1.60784e-11 1.74594e-09 1.11778e-07 4.21931e-06 9.39112e-05 0.00123283 0.00955393 0.0438294 0.12008 0.201737 0.22279 0.183671 0.123932 0.0642479 0.0227453 0.00521271 0.000782644 8.06157e-05 5.93232e-06 3.12857e-07 1.15449e-08 2.91778e-10 4.99554e-12 5.73982e-14 4.36485e-16
 1.63758e-11 1.77823e-09 1.13846e-07 4.29741e-06 9.56519e-05 0.00125576 0.00973303 0.0446644 0.122423 0.205649 0.226164 0.183513 0.120203 0.0602652 0.0206861 0.00460225 0.000669087 6.63046e-05 4.6569e-06 2.32872e-07 8.09649e-09 1.90967e-10 3.01095e-12 3.14082e-14 2.14355e-16
 1.56462e-11 1.69901e-09 1.08775e-07 4.1061e-06 9.14007e-05 0.00120021 0.00930824 0.0427881 0.117818 0.200181 0.2254 0.188843 0.125951 0.0625503 0.0208098 0.00440348 0.000594249 5.31033e-05 3.29999e-06 1.46567e-07 4.60911e-09 9.99108e-11 1.45887e-12 1.41136e-14 8.91607e-17
 1.57211e-11 1.70714e-09 1.09297e-07 4.12587e-06 9.18452e-05 0.0012062 0.00935737 0.0430422 0.118671 0.202 0.227471 0.189124 0.123915 0.0603692 0.0198749 0.00422879 0.000585854 5.46241e-05 3.52149e-06 1.56803e-07 4.721e-09 9.42982e-11 1.24027e-12 1.07261e-14 6.07669e-17
 1.36287e-11 1.47995e-09 9.4754e-08 3.57719e-06 7.965e-05 0.00104673 0.00813502 0.0376062 0.105059 0.184682 0.221875 0.201464 0.141124 0.0703498 0.0230347 0.00482047 0.000655032 5.99653e-05 3.81082e-06 1.68397e-07 5.06652e-09 1.01381e-10 1.32724e-12 1.12375e-14 6.0907e-17
 1.71726e-11 1.86477e-09 1.1939e-07 4.50694e-06 0.000100331 0.00131768 0.0102217 0.0469904 0.129186 0.217507 0.236932 0.183233 0.108515 0.048045 0.0146307 0.00290679 0.000375791 3.25116e-05 1.94018e-06 8.05115e-08 2.28781e-09 4.35648e-11 5.46679e-13 4.46448e-15 2.34496e-17
 1.48457e-11 1.61212e-09 1.03218e-07 3.89693e-06 8.67781e-05 0.00114062 0.00886732 0.0409948 0.114328 0.199117 0.232083 0.197733 0.127009 0.0578179 0.0172093 0.00320767 0.00037244 2.75373e-05 1.34952e-06 4.568e-08 1.08841e-09 1.80594e-11 2.03471e-13 1.51961e-15 7.38163e-18
#spawning biomass
 8971.69 8260.69 5703.93 6145.03 9661.99 15433.4 22494.5 33721.8 52143.3 70720.9 100845 137878 167548 174350 178752 170049 164913 165652 181443 172746 176257 191331 238751 260233 313521 283810 283512 278279 222319 130407 207658 113944 58163 32990.1 23039.6 19418.2 18171.4 17758.4 17625.5 17583.5 17570.5 17566.5 17565.3 17565 17564.8 17564.8 17564.8 17564.8 17564.8 17564.8 17564.8 17564.8 17564.8 17564.8 17564.8 17564.8 17564.8 17564.8 17564.8 17564.8 17564.8 17564.8 17564.8 17564.8 17564.8 17564.8 17564.8 17564.8 17564.8 17564.8 17564.8 17564.8 17564.8 17564.8 17564.8 17564.8 17564.8 17564.8 17564.8 17564.8 17564.8 17564.8 17564.8 17564.8 17564.8 17564.8 17564.8 17564.8 17564.8 17564.8 17564.8 17564.8 17564.8 17564.8 17564.8 17564.8 17564.8 17564.8 17564.8 17564.8 17564.8 17564.8 17564.8 17564.8 17564.8 17564.8 17564.8 17564.8 17564.8 17564.8 17564.8 17564.8 17564.8 17564.8 17564.8 17564.8 17564.8 17564.8 17564.8 17564.8 17564.8 17564.8 17564.8 17564.8 17564.8 17564.8 17564.8 17564.8 17564.8 0 0 0 0 0 0 0 0 0 0 0 0 0 0 0 0 0 0 0 0 0 0 0 0 0
