SBPRF35
0.819782
Curr Bio
83718.6
B35
738986
F35
0.200979
FOFL
0
OFL
0
Bzero
234224
#pred survey bio
 29600.1 34675.6 21797.2 13012.1 14419.9 18594.8 23934.7 33038.4 41593.2 48170.1 58690 60818.8 72604 87480.6 89786 91977.1 88898.4 87356.4 94259.7 93270.8 87586.3 90093 89707.9 102077 91936.1 85355.5 98891.8 93865.5 2.32755e+06 4.42933e+06 5.19779e+06 5.26748e+06 4.92435e+06 4.41179e+06 3.88182e+06 3.40978e+06 3.02212e+06 2.71919e+06 2.48991e+06 2.31999e+06 2.19571e+06 2.10552e+06 2.04012e+06 1.99068e+06 1.95566e+06 1.93064e+06 1.91258e+06 1.89943e+06 1.88974e+06 1.88254e+06 1.87713e+06 1.87302e+06 1.86988e+06 1.86744e+06 1.86555e+06 1.86406e+06 1.86289e+06 1.86196e+06 1.86122e+06 1.86062e+06 1.86014e+06 1.85976e+06 1.85944e+06 1.85919e+06 1.85898e+06 1.85882e+06 1.85868e+06 1.85857e+06 1.85848e+06 1.85841e+06 1.85835e+06 1.8583e+06 1.85826e+06 1.85822e+06 1.8582e+06 1.85817e+06 1.85816e+06 1.85814e+06 1.85813e+06 1.85812e+06 1.85811e+06 1.8581e+06 1.8581e+06 1.85809e+06 1.85809e+06 1.85809e+06 1.85809e+06 1.85808e+06 1.85808e+06 1.85808e+06 1.85808e+06 1.85808e+06 1.85808e+06 1.85808e+06 1.85808e+06 1.85808e+06 1.85808e+06 1.85808e+06 1.85808e+06 1.85808e+06 1.85808e+06 1.85808e+06 1.85808e+06 1.85808e+06 1.85808e+06 1.85808e+06 1.85808e+06 1.85808e+06 1.85808e+06 1.85808e+06 1.85807e+06 1.85807e+06 1.85807e+06 1.85807e+06 1.85807e+06 1.85807e+06 1.85807e+06 1.85807e+06 1.85807e+06 1.85807e+06 1.85807e+06 1.85807e+06 1.85807e+06 1.85807e+06 1.85807e+06 1.85807e+06 1.85807e+06 1.85807e+06 0 0 0 0 0 0 0 0 0 0 0 0 0 0 0 0 0 0 0 0 0 0 0 0 0
#obs survey bio
 25455.6 26023.7 10654.8 7832.04 18183.9 16363.4 24723.6 40249.8 37040.8 54982.6 59052.4 80380.3 100439 81663.3 100444 58816.8 118013 122575 84673.9 153197 95281.7 88781.5 88651 80079.5 113337 122679 112652 74386.3
#pred catch bio
 13333.1 21692.7 14204.8 8577.22 9523.96 12488.9 15870.9 22865.8 30818.4 36479.7 49135.5 48714.9 59417.2 77560 81717.3 87968.7 84874.5 81113 91378.7 93916.9 90678.3 96833.2 95410.6 113107 102941 93879.8 114589 108440 0 34641.8 40428.8 40623.2 37561.9 33222.5 28829.6 24978.7 21865.9 19476.3 17705.2 16424.8 15515.9 14879.3 14437.2 14123.5 13913.5 13772.9 13678.7 13615.6 13573.4 13545.1 13526.1 13513.4 13505 13499.3 13495.5 13492.9 13491.2 13490.1 13489.3 13488.8 13488.4 13488.2 13488 13487.9 13487.9 13487.8 13487.8 13487.8 13487.8 13487.8 13487.7 13487.7 13487.7 13487.7 13487.7 13487.7 13487.7 13487.7 13487.7 13487.7 13487.7 13487.7 13487.7 13487.7 13487.7 13487.7 13487.7 13487.7 13487.7 13487.7 13487.7 13487.7 13487.7 13487.7 13487.7 13487.7 13487.7 13487.7 13487.7 13487.7 13487.7 13487.7 13487.7 13487.7 13487.7 13487.7 13487.7 13487.7 13487.7 13487.7 13487.7 13487.7 13487.7 13487.7 13487.7 13487.7 13487.7 13487.7 13487.7 13487.7 13487.7 13487.7 13487.7 13487.7 13487.7 13487.7 13487.7 13487.7 0 0 0 0 0 0 0 0 0 0 0 0 0 0 0 0 0 0 0 0 0 0 0 0 0
#obs catch bio
 25232.4 22887.5 17173.8 10307.5 9027.3 13153 15814.9 20881.2 29633.4 35802 49484.7 43832.9 54759.1 74068.9 72520.6 96748.1 81507 71030.6 88168.5 83438.5 83310.9 98524 91758.6 108218 89212.3 78559.8 99240.3 106892
#pred cpue bio
 27118.1 33025.2 21273.1 12126 12545 16659.3 20993.3 29120.2 36718.6 42184.6 50892.3 52415 62608.4 74708.1 76319.2 77463.3 73940.8 73224 78817.8 77163.4 71801.4 72409.8 71557.7 81403 72789.9 67252.1 77798.8 72377.4 1.81184e+06 4.40219e+06 5.17069e+06 5.24038e+06 4.89724e+06 4.38469e+06 3.85471e+06 3.38268e+06 2.99502e+06 2.69208e+06 2.46281e+06 2.29288e+06 2.1686e+06 2.07841e+06 2.01301e+06 1.96357e+06 1.92855e+06 1.90353e+06 1.88548e+06 1.87232e+06 1.86264e+06 1.85543e+06 1.85002e+06 1.84591e+06 1.84277e+06 1.84034e+06 1.83844e+06 1.83696e+06 1.83578e+06 1.83485e+06 1.83411e+06 1.83351e+06 1.83303e+06 1.83265e+06 1.83234e+06 1.83208e+06 1.83188e+06 1.83171e+06 1.83157e+06 1.83146e+06 1.83137e+06 1.8313e+06 1.83124e+06 1.83119e+06 1.83115e+06 1.83112e+06 1.83109e+06 1.83107e+06 1.83105e+06 1.83103e+06 1.83102e+06 1.83101e+06 1.831e+06 1.831e+06 1.83099e+06 1.83099e+06 1.83098e+06 1.83098e+06 1.83098e+06 1.83098e+06 1.83097e+06 1.83097e+06 1.83097e+06 1.83097e+06 1.83097e+06 1.83097e+06 1.83097e+06 1.83097e+06 1.83097e+06 1.83097e+06 1.83097e+06 1.83097e+06 1.83097e+06 1.83097e+06 1.83097e+06 1.83097e+06 1.83097e+06 1.83097e+06 1.83097e+06 1.83097e+06 1.83097e+06 1.83097e+06 1.83097e+06 1.83097e+06 1.83097e+06 1.83097e+06 1.83097e+06 1.83097e+06 1.83097e+06 1.83097e+06 1.83097e+06 1.83097e+06 1.83097e+06 1.83097e+06 1.83097e+06 1.83097e+06 1.83097e+06 1.83097e+06 1.83097e+06 1.83097e+06 0 0 0 0 0 0 0 0 0 0 0 0 0 0 0 0 0 0 0 0 0 0 0 0 0
#obs cpue bio
 23842.8 34410.5 14586.1 11671.1 17703 12867.6 22627.9 41570.7 42444.1 37510.2 51753.2 66416.8 59488.4 94500.4 114534 70634.6 73980.9 92534.3 93643.4 80109.7 88069.2 66122.2 84476.4 128535 107583 92713.1 120614 92204.2
#pred surv len freq
 1.40891e-11 1.52924e-09 9.78709e-08 3.69334e-06 8.21816e-05 0.00107827 0.00834286 0.0380842 0.102817 0.166159 0.170198 0.135812 0.115297 0.0969784 0.0654603 0.0381528 0.0223692 0.0133709 0.00822226 0.00537376 0.00381473 0.00299056 0.00247112 0.00185489 0.00106802
 9.37961e-12 1.01807e-09 6.51562e-08 2.45879e-06 5.47117e-05 0.00071787 0.00555527 0.0253803 0.0688099 0.113545 0.127318 0.130181 0.144658 0.137703 0.0999594 0.0629578 0.0377794 0.0207818 0.0107589 0.00564896 0.00317565 0.00201068 0.00143037 0.00100243 0.000569406
 5.78306e-12 6.27696e-10 4.01725e-08 1.51599e-06 3.37332e-05 0.000442629 0.003426 0.0156684 0.0427007 0.0722413 0.0892236 0.111029 0.143664 0.150374 0.125656 0.0961198 0.06737 0.0407382 0.0216419 0.0103889 0.00471297 0.00223492 0.00121862 0.000727243 0.00038651
 1.35093e-11 1.4663e-09 9.38433e-08 3.54135e-06 7.87995e-05 0.00103388 0.00799902 0.0365051 0.0984224 0.158002 0.156928 0.112917 0.0838639 0.0742797 0.0685787 0.062983 0.0528406 0.0385756 0.0243258 0.0129517 0.00583494 0.00234036 0.00093497 0.000414516 0.000186576
 1.79177e-11 1.94479e-09 1.24466e-07 4.69697e-06 0.000104513 0.00137125 0.010609 0.0484112 0.130453 0.208855 0.204698 0.139413 0.0900099 0.0632346 0.0387917 0.0212227 0.0137967 0.0108606 0.00825343 0.00532209 0.0027946 0.00118562 0.000421641 0.000139413 4.67025e-05
 1.50228e-11 1.63059e-09 1.04357e-07 3.93812e-06 8.76282e-05 0.00114973 0.00889578 0.0406083 0.109632 0.177176 0.181487 0.144702 0.121921 0.0994156 0.0609372 0.0284794 0.0123379 0.00572764 0.00315464 0.00204848 0.00126345 0.000632323 0.000245483 7.55651e-05 1.98428e-05
 1.67559e-11 1.8187e-09 1.16396e-07 4.39243e-06 9.77371e-05 0.00128235 0.00992145 0.0452794 0.122092 0.196104 0.195211 0.141135 0.102646 0.079299 0.0519242 0.0289492 0.014907 0.00668039 0.00258639 0.00101459 0.000474008 0.000240923 0.000106083 3.5765e-05 9.07675e-06
 1.62793e-11 1.76696e-09 1.13085e-07 4.2675e-06 9.49571e-05 0.00124588 0.00963942 0.0439956 0.118676 0.190982 0.191834 0.143203 0.10957 0.0857885 0.0537016 0.0272391 0.0132707 0.00637368 0.00279087 0.00105781 0.000351916 0.00011802 4.36105e-05 1.51386e-05 4.10066e-06
 1.61657e-11 1.75463e-09 1.12296e-07 4.2377e-06 9.42941e-05 0.00123718 0.00957213 0.0436888 0.117853 0.1897 0.190738 0.142907 0.110077 0.0867946 0.0549584 0.0283342 0.0137094 0.00624549 0.00259732 0.00100249 0.000346685 0.000102763 2.72104e-05 7.09818e-06 1.7583e-06
 1.66942e-11 1.81199e-09 1.15967e-07 4.37625e-06 9.7377e-05 0.00127763 0.00988497 0.0451145 0.121669 0.195595 0.195509 0.143426 0.106621 0.0821605 0.0512577 0.0258998 0.0123179 0.00559417 0.00230859 0.000862244 0.000288137 8.45024e-05 2.11603e-05 4.48988e-06 8.42074e-07
 1.72833e-11 1.87593e-09 1.20059e-07 4.53067e-06 0.000100813 0.00132271 0.0102336 0.0467035 0.125923 0.202182 0.200899 0.144209 0.103098 0.0772771 0.0471886 0.023001 0.0104473 0.00457811 0.00184521 0.000679292 0.000223447 6.3782e-05 1.54599e-05 3.10709e-06 5.08875e-07
 1.75541e-11 1.90533e-09 1.21941e-07 4.60167e-06 0.000102393 0.00134344 0.010394 0.0474349 0.127889 0.205286 0.203734 0.145553 0.102995 0.0761034 0.0450567 0.0204334 0.00837114 0.00337374 0.00128064 0.000450088 0.000143397 4.00348e-05 9.48919e-06 1.84868e-06 2.87574e-07
 1.75168e-11 1.90128e-09 1.21682e-07 4.59188e-06 0.000102175 0.00134058 0.0103719 0.0473341 0.127618 0.204862 0.203362 0.145422 0.103114 0.0764179 0.045527 0.020898 0.00859659 0.00334349 0.00116843 0.000372133 0.000109464 2.88976e-05 6.59306e-06 1.24839e-06 1.8854e-07
 1.80948e-11 1.96402e-09 1.25697e-07 4.74342e-06 0.000105547 0.00138481 0.010714 0.048893 0.131786 0.211267 0.208378 0.145434 0.0984798 0.0707587 0.041651 0.0189367 0.0077201 0.00299922 0.00104717 0.00032462 8.90506e-05 2.13899e-05 4.47737e-06 7.96537e-07 1.15274e-07
 1.82869e-11 1.98487e-09 1.27031e-07 4.79376e-06 0.000106667 0.00139951 0.0108277 0.0494115 0.133179 0.213465 0.210373 0.146345 0.0983303 0.0698271 0.04004 0.017062 0.00628867 0.00226126 0.000763049 0.000233682 6.34429e-05 1.47654e-05 2.89172e-06 4.70987e-07 6.27274e-08
 1.87761e-11 2.03796e-09 1.30429e-07 4.922e-06 0.00010952 0.00143695 0.0111173 0.0507307 0.136707 0.218892 0.214648 0.146437 0.0945448 0.0651669 0.0368152 0.0153621 0.0054265 0.00182725 0.000564754 0.000157766 4.02646e-05 9.09478e-06 1.74168e-06 2.72748e-07 3.4018e-08
 1.93928e-11 2.10491e-09 1.34714e-07 5.08367e-06 0.000113118 0.00148414 0.0114823 0.0523941 0.141155 0.225743 0.220077 0.146662 0.0899267 0.0593532 0.0326072 0.0129808 0.00421174 0.00130016 0.000376667 9.82663e-05 2.29991e-05 4.74076e-06 8.44719e-07 1.26434e-07 1.52262e-08
 1.89658e-11 2.05855e-09 1.31747e-07 4.97172e-06 0.000110627 0.00145146 0.0112296 0.0512427 0.138081 0.221044 0.216531 0.147096 0.0940294 0.0640007 0.0353216 0.0138467 0.00431679 0.00125458 0.000337099 8.03102e-05 1.71868e-05 3.25758e-06 5.30813e-07 7.2603e-08 8.11418e-09
 1.91216e-11 2.07546e-09 1.32829e-07 5.01256e-06 0.000111536 0.00146338 0.0113218 0.0516626 0.1392 0.22274 0.217737 0.146695 0.0921666 0.0620749 0.034464 0.0138991 0.00458041 0.00139658 0.00037598 8.58283e-05 1.70659e-05 2.95284e-06 4.36414e-07 5.42198e-08 5.51681e-09
 1.96461e-11 2.13239e-09 1.36473e-07 5.15006e-06 0.000114595 0.00150352 0.0116322 0.053077 0.142982 0.228553 0.222289 0.146709 0.0879619 0.0569254 0.0309104 0.012078 0.00376979 0.00110233 0.000298962 7.09176e-05 1.44479e-05 2.45218e-06 3.40798e-07 3.87567e-08 3.57008e-09
 2.00639e-11 2.17774e-09 1.39375e-07 5.25958e-06 0.000117032 0.0015355 0.0118795 0.0542037 0.145994 0.233187 0.225936 0.146777 0.0847042 0.0528964 0.0280832 0.0105701 0.00304788 0.000804964 0.000201219 4.5071e-05 8.96636e-06 1.5404e-06 2.18248e-07 2.46317e-08 2.16422e-09
 2.09468e-11 2.27357e-09 1.45508e-07 5.49103e-06 0.000122182 0.00160306 0.0124021 0.0565845 0.152356 0.242939 0.233446 0.146375 0.0769842 0.0438213 0.0223269 0.00814213 0.00220885 0.000532078 0.000121016 2.45333e-05 4.41337e-06 7.01994e-07 9.54251e-08 1.06813e-08 9.44271e-10
 2.12492e-11 2.3064e-09 1.47609e-07 5.57032e-06 0.000123946 0.00162621 0.0125811 0.0574 0.154537 0.24629 0.236064 0.146364 0.0745325 0.0408382 0.0202954 0.00712658 0.00176337 0.000364754 7.2042e-05 1.30852e-05 2.1133e-06 3.01066e-07 3.68032e-08 3.77175e-09 3.15245e-10
 2.12592e-11 2.30748e-09 1.47679e-07 5.57293e-06 0.000124004 0.00162697 0.012587 0.0574269 0.154608 0.2464 0.23615 0.146364 0.0744527 0.0407424 0.0202326 0.00709646 0.00174794 0.000355183 6.67119e-05 1.09462e-05 1.52737e-06 1.87559e-07 2.01332e-08 1.82955e-09 1.36737e-10
 2.15482e-11 2.33885e-09 1.49686e-07 5.64868e-06 0.00012569 0.00164908 0.012758 0.0582061 0.156691 0.249591 0.238605 0.146225 0.0719132 0.0377609 0.0183454 0.00630704 0.00148364 0.000276686 4.78178e-05 7.48124e-06 1.00123e-06 1.14202e-07 1.08787e-08 8.52138e-10 5.49111e-11
 2.17395e-11 2.35962e-09 1.51015e-07 5.69884e-06 0.000126806 0.00166373 0.0128713 0.0587221 0.158069 0.251703 0.240223 0.146109 0.0701971 0.0357648 0.0171077 0.00581848 0.00133694 0.000236866 3.81641e-05 5.54314e-06 6.81894e-07 7.17705e-08 6.41716e-09 4.69974e-10 2.74662e-11
 2.18011e-11 2.3663e-09 1.51443e-07 5.71497e-06 0.000127165 0.00166843 0.0129077 0.0588879 0.158512 0.25238 0.240733 0.146046 0.0696053 0.0350972 0.0167228 0.00570009 0.00132258 0.000238913 3.90496e-05 5.59847e-06 6.57523e-07 6.44195e-08 5.30258e-09 3.5678e-10 1.92647e-11
 2.2549e-11 2.44747e-09 1.56638e-07 5.91102e-06 0.000131527 0.00172567 0.0133503 0.0609044 0.163899 0.260625 0.247023 0.145511 0.0627694 0.0272099 0.0119212 0.00390943 0.000854962 0.000136321 1.91442e-05 2.52469e-06 2.91425e-07 2.85234e-08 2.30134e-09 1.47368e-10 7.40027e-12
#obs surv len freq
 4.2623e-11 3.95015e-09 2.15859e-07 6.95528e-06 0.000132144 0.00148042 0.00978127 0.0381463 0.0882163 0.123901 0.118119 0.105585 0.111457 0.113326 0.10171 0.0818253 0.0554572 0.0304845 0.013667 0.00494948 0.00140392 0.000299656 4.60261e-05 4.87724e-06 3.44496e-07
 2.38195e-11 2.12912e-09 1.12216e-07 3.48738e-06 6.39064e-05 0.000690638 0.00440494 0.0166466 0.0380478 0.057913 0.0787018 0.120738 0.164572 0.167369 0.137053 0.0993325 0.0618925 0.0320648 0.0139055 0.00492993 0.00135325 0.00027344 3.90822e-05 3.82057e-06 2.48122e-07
 1.45316e-11 1.25064e-09 6.34654e-08 1.89904e-06 3.35072e-05 0.000348692 0.00214253 0.00781906 0.0174703 0.0273538 0.0423185 0.075546 0.123134 0.169524 0.194085 0.167377 0.102359 0.0463394 0.0171024 0.00537517 0.00136998 0.000261912 3.53249e-05 3.22491e-06 1.937e-07
 2.37726e-10 1.96671e-08 9.59381e-07 2.75949e-05 0.000468008 0.00468022 0.0275978 0.0959641 0.196855 0.238745 0.17329 0.0808942 0.0353971 0.0296223 0.0348327 0.0343167 0.0253604 0.0139875 0.00573653 0.00174805 0.000399363 6.80436e-05 8.35216e-06 7.04772e-07 3.92985e-08
 1.51419e-10 1.20234e-08 5.62935e-07 1.5541e-05 0.000252988 0.00242867 0.0137579 0.0461383 0.0931518 0.122628 0.136664 0.168138 0.18335 0.134692 0.0630396 0.0214368 0.00787602 0.00385325 0.00178433 0.000616218 0.000148429 2.45201e-05 2.76017e-06 2.09615e-07 1.05531e-08
 3.43699e-10 2.61564e-08 1.17372e-06 3.10555e-05 0.000484509 0.00445728 0.0241832 0.0774499 0.147103 0.16975 0.133212 0.0996231 0.0934637 0.0914682 0.0781755 0.050829 0.0221678 0.00618496 0.00117988 0.000195122 3.43056e-05 5.37691e-06 6.00107e-07 4.3889e-08 2.05723e-09
 4.51184e-10 3.28638e-08 1.41147e-06 3.57446e-05 0.000533758 0.00470007 0.024415 0.0749679 0.137499 0.158596 0.140272 0.132853 0.127756 0.0960404 0.0561084 0.0284002 0.0123643 0.00420765 0.00104356 0.000181414 2.20943e-05 2.01148e-06 1.49427e-07 8.9132e-09 3.81737e-10
 6.58856e-10 4.5874e-08 1.88334e-06 4.55912e-05 0.000650769 0.00547773 0.0272004 0.0798465 0.140068 0.154842 0.132266 0.123002 0.11985 0.097454 0.0650949 0.0352458 0.0140702 0.00393668 0.000803015 0.000127722 1.58266e-05 1.42804e-06 8.87267e-08 3.75553e-09 1.10468e-10
 9.33842e-10 6.20784e-08 2.4333e-06 5.62392e-05 0.000766443 0.00615976 0.0292097 0.0819602 0.138077 0.149729 0.133064 0.131655 0.126955 0.0969845 0.0598244 0.0302474 0.0115173 0.00310108 0.000595589 8.45497e-05 9.0053e-06 7.10724e-07 4.0444e-08 1.60002e-09 4.24019e-11
 1.3477e-09 8.54409e-08 3.19393e-06 7.04001e-05 0.000915002 0.00701338 0.0317238 0.0849816 0.137258 0.145316 0.131802 0.134362 0.128708 0.0969612 0.0590016 0.0287565 0.0101886 0.00246732 0.000414496 5.09642e-05 4.73896e-06 3.28139e-07 1.62994e-08 5.62353e-10 1.31514e-11
 2.21315e-09 1.33669e-07 4.76034e-06 9.9962e-05 0.00123775 0.00903835 0.0389497 0.0994093 0.153008 0.15445 0.133544 0.129449 0.117687 0.0839941 0.0481787 0.021948 0.00717723 0.0015687 0.000229412 2.35799e-05 1.79465e-06 1.02489e-07 4.28548e-09 1.26745e-10 2.56996e-12
 2.99439e-09 1.72128e-07 5.83421e-06 0.000116601 0.00137415 0.00955114 0.0391937 0.0954532 0.141628 0.143615 0.135177 0.140757 0.127211 0.087823 0.0485404 0.021244 0.00667506 0.00141112 0.000201182 2.00561e-05 1.43452e-06 7.32363e-08 2.61774e-09 6.45787e-11 1.08854e-12
 4.67107e-09 2.55321e-07 8.22893e-06 0.000156384 0.00175247 0.0115827 0.0452012 0.104738 0.148169 0.144378 0.13236 0.134537 0.119583 0.0831858 0.0466978 0.0201981 0.00607364 0.00120429 0.0001592 1.46667e-05 9.75459e-07 4.6723e-08 1.56695e-09 3.57567e-11 5.43828e-13
 7.16499e-09 3.72088e-07 1.13937e-05 0.000205718 0.00219027 0.0137546 0.0510151 0.112503 0.152447 0.145639 0.135151 0.135979 0.115242 0.075148 0.0393337 0.0159162 0.00450463 0.000844877 0.000105936 9.236e-06 5.76233e-07 2.56085e-08 7.91301e-10 1.66185e-11 2.33132e-13
 9.67438e-09 4.76957e-07 1.38651e-05 0.000237664 0.00240233 0.0143252 0.050493 0.106262 0.140061 0.138706 0.142429 0.149012 0.12287 0.076454 0.0378796 0.0143659 0.0037661 0.000644113 7.21461e-05 5.52006e-06 3.01898e-07 1.19577e-08 3.35608e-10 6.4673e-12 8.33968e-14
 1.52868e-08 7.14991e-07 1.97184e-05 0.000320657 0.00307496 0.0173962 0.0581835 0.116272 0.145968 0.138918 0.13827 0.140521 0.114555 0.0724396 0.0364619 0.0135963 0.00339922 0.000543996 5.61162e-05 3.88071e-06 1.88087e-07 6.51104e-09 1.58919e-10 2.67018e-12 3.02788e-14
 2.09867e-08 9.30668e-07 2.43352e-05 0.00037521 0.00341168 0.0183059 0.0581449 0.111045 0.136912 0.137733 0.14956 0.152566 0.117588 0.0686423 0.0317485 0.0109623 0.00255798 0.000383626 3.7115e-05 2.40051e-06 1.0798e-07 3.4274e-09 7.56322e-11 1.1334e-12 1.1337e-14
 3.27176e-08 1.37492e-06 3.40692e-05 0.000497792 0.00428936 0.0218113 0.065666 0.118954 0.139501 0.134458 0.141192 0.141847 0.112294 0.0701257 0.0342526 0.0119162 0.00272074 0.00039806 3.80493e-05 2.46648e-06 1.11225e-07 3.47478e-09 7.35479e-11 1.0339e-12 9.5441e-15
 4.84761e-08 1.92969e-06 4.52937e-05 0.000626893 0.00511713 0.0246545 0.0704026 0.121554 0.138551 0.135499 0.14484 0.142041 0.108073 0.0649321 0.0305831 0.0103415 0.00234506 0.000353268 3.61846e-05 2.56612e-06 1.25033e-07 4.08809e-09 8.79024e-11 1.22963e-12 1.11209e-14
 7.02149e-08 2.64675e-06 5.88286e-05 0.000771036 0.00596027 0.0272038 0.0736983 0.121549 0.135866 0.136861 0.149608 0.143515 0.105494 0.0611033 0.0274418 0.00873279 0.00184872 0.000259608 2.50085e-05 1.70584e-06 8.2411e-08 2.74518e-09 6.1108e-11 8.871e-13 8.24998e-15
 1.13443e-07 4.04839e-06 8.51884e-05 0.00105704 0.00773595 0.0334302 0.0857754 0.13415 0.142778 0.137774 0.144232 0.13288 0.0948706 0.0535532 0.023128 0.00696604 0.00138175 0.000180534 1.60779e-05 1.00949e-06 4.49442e-08 1.39073e-09 2.9148e-11 4.05008e-13 3.66416e-15
 1.49335e-07 5.04462e-06 0.000100482 0.00118026 0.00817808 0.0334871 0.0817284 0.123699 0.135181 0.144676 0.159657 0.142192 0.0945586 0.049143 0.0195888 0.00547954 0.00101275 0.000123264 1.0194e-05 5.91451e-07 2.42107e-08 6.86127e-10 1.31431e-11 1.66981e-13 1.38599e-15
 2.26482e-07 7.24152e-06 0.000136528 0.00151791 0.00995579 0.0385969 0.089273 0.128571 0.135378 0.141632 0.152896 0.135188 0.0920008 0.0491534 0.0194649 0.00521596 0.000903321 0.000101625 7.6909e-06 4.06021e-07 1.51172e-08 3.90496e-10 6.82652e-12 7.91268e-14 5.98598e-16
 3.06478e-07 9.27528e-06 0.000165522 0.00174195 0.0108174 0.0397487 0.0875775 0.122715 0.133473 0.15014 0.163405 0.137802 0.0877317 0.0436675 0.0161729 0.00408263 0.000671927 7.25073e-05 5.29097e-06 2.67884e-07 9.4144e-09 2.25389e-10 3.60296e-12 3.792e-14 2.59925e-16
 4.94294e-07 1.41601e-05 0.000239193 0.00238278 0.0140062 0.0487146 0.101565 0.134462 0.137528 0.145408 0.151292 0.125423 0.0804083 0.0400722 0.0144334 0.0034595 0.000533969 5.37388e-05 3.65285e-06 1.72784e-07 5.70345e-09 1.28775e-10 1.94111e-12 1.91708e-14 1.22319e-16
 6.36754e-07 1.72682e-05 0.000276142 0.00260439 0.0144993 0.0478485 0.0954243 0.124793 0.135944 0.156138 0.162863 0.12894 0.0779673 0.0366849 0.0125845 0.00291902 0.00044626 4.56235e-05 3.19137e-06 1.53524e-07 5.00258e-09 1.08241e-10 1.53407e-12 1.41244e-14 8.384e-17
 9.37817e-07 2.40791e-05 0.000364565 0.00325545 0.0171626 0.0536686 0.101712 0.127736 0.136446 0.154316 0.157452 0.123597 0.0750497 0.0348874 0.0114585 0.00248402 0.000349788 3.27567e-05 2.11485e-06 9.58818e-08 3.01725e-09 6.41101e-11 8.96056e-13 8.07976e-15 4.63383e-17
 1.37892e-06 3.35245e-05 0.000480622 0.00406417 0.0202948 0.0601798 0.108674 0.132279 0.141007 0.157978 0.154646 0.114872 0.0657384 0.0287579 0.00889967 0.00182542 0.000244584 2.18694e-05 1.34284e-06 5.72193e-08 1.67142e-09 3.27915e-11 4.24704e-13 3.58267e-15 1.9436e-17
#pred catch len freq
 1.31067e-11 1.42261e-09 9.10468e-08 3.43582e-06 7.64516e-05 0.00100309 0.0077614 0.0354345 0.0957268 0.155214 0.161394 0.13501 0.121907 0.105477 0.0716841 0.041831 0.0245294 0.0146622 0.00901637 0.00589276 0.00418316 0.00327939 0.00270978 0.00203404 0.00117117
 8.87417e-12 9.63206e-10 6.16451e-08 2.3263e-06 5.17635e-05 0.00067919 0.0052561 0.024017 0.0651615 0.107909 0.122765 0.129707 0.14798 0.142075 0.10332 0.065094 0.0390625 0.0214877 0.0111243 0.00584084 0.00328352 0.00207897 0.00147895 0.00103648 0.000588747
 5.44946e-12 5.91486e-10 3.78551e-08 1.42854e-06 3.17873e-05 0.000417099 0.00322853 0.0147684 0.0402899 0.0684996 0.0861157 0.110431 0.145412 0.152927 0.127906 0.0978541 0.0685865 0.0414739 0.0220327 0.0105765 0.00479807 0.00227527 0.00124062 0.000740375 0.00039349
 1.30944e-11 1.42127e-09 9.09609e-08 3.43258e-06 7.63792e-05 0.00100213 0.0077534 0.0353853 0.0954197 0.153313 0.152897 0.111713 0.0852921 0.0767996 0.0711861 0.0654111 0.0548798 0.0400643 0.0252646 0.0134515 0.00606013 0.00243069 0.000971054 0.000430513 0.000193777
 1.76175e-11 1.91221e-09 1.22381e-07 4.61827e-06 0.000102762 0.00134828 0.0104313 0.0476014 0.128287 0.205512 0.202017 0.139191 0.0920523 0.0658022 0.0405795 0.0222239 0.0144495 0.0113747 0.00864407 0.00557398 0.00292687 0.00124174 0.000441598 0.000146011 4.8913e-05
 1.4681e-11 1.59349e-09 1.01983e-07 3.84852e-06 8.56345e-05 0.00112357 0.00869348 0.0396866 0.107168 0.17339 0.178532 0.144724 0.124698 0.102761 0.0631542 0.0295307 0.0127943 0.00593957 0.00327137 0.00212428 0.0013102 0.00065572 0.000254567 7.83611e-05 2.0577e-05
 1.6429e-11 1.7832e-09 1.14125e-07 4.30672e-06 9.58298e-05 0.00125733 0.00972791 0.0443975 0.119734 0.192471 0.192329 0.141005 0.105076 0.0823624 0.0541421 0.0302075 0.0155564 0.00697145 0.00269908 0.0010588 0.000494661 0.00025142 0.000110705 3.73233e-05 9.47223e-06
 1.6024e-11 1.73925e-09 1.11312e-07 4.20056e-06 9.34678e-05 0.00122634 0.00948829 0.043307 0.116835 0.188151 0.18961 0.143174 0.111576 0.0882454 0.055387 0.0281084 0.0136952 0.00657759 0.00288016 0.00109165 0.000363175 0.000121795 4.50058e-05 1.56229e-05 4.23185e-06
 1.60574e-11 1.74288e-09 1.11544e-07 4.20932e-06 9.36626e-05 0.0012289 0.00950806 0.0433969 0.117073 0.188499 0.189794 0.142891 0.110923 0.087835 0.0556798 0.0287122 0.0138927 0.00632902 0.00263206 0.00101589 0.000351322 0.000104137 2.75744e-05 7.19311e-06 1.78181e-06
 1.66406e-11 1.80618e-09 1.15595e-07 4.3622e-06 9.70643e-05 0.00127353 0.00985325 0.0449699 0.121282 0.195001 0.195043 0.143421 0.107045 0.0826788 0.0516136 0.0260828 0.0124051 0.00563381 0.00232494 0.000868354 0.000290179 8.51011e-05 2.13103e-05 4.5217e-06 8.4804e-07
 1.74749e-11 1.89673e-09 1.21391e-07 4.5809e-06 0.000101931 0.00133737 0.0103471 0.0472203 0.127305 0.204305 0.20256 0.144207 0.101553 0.0754015 0.0459205 0.0223712 0.0101605 0.0044524 0.00179453 0.000660639 0.000217311 6.20305e-05 1.50354e-05 3.02177e-06 4.94901e-07
 1.76306e-11 1.91363e-09 1.22472e-07 4.62172e-06 0.000102839 0.00134929 0.0104393 0.0476411 0.12844 0.206132 0.204391 0.145537 0.102355 0.0753381 0.0445546 0.0202013 0.00827574 0.00333528 0.00126604 0.000444958 0.000141763 3.95785e-05 9.38103e-06 1.82761e-06 2.84296e-07
 1.76454e-11 1.91524e-09 1.22575e-07 4.6256e-06 0.000102925 0.00135042 0.010448 0.0476809 0.128545 0.206285 0.204468 0.145397 0.102041 0.0751319 0.0446782 0.0205008 0.00843273 0.00327974 0.00114615 0.000365037 0.000107377 2.83467e-05 6.46735e-06 1.22458e-06 1.84945e-07
 1.84116e-11 1.9984e-09 1.27897e-07 4.82644e-06 0.000107394 0.00140905 0.0109015 0.049747 0.134069 0.214772 0.211099 0.145366 0.095828 0.0675855 0.0395637 0.0179675 0.00732369 0.00284517 0.000993381 0.000307946 8.44766e-05 2.02912e-05 4.2474e-06 7.55624e-07 1.09353e-07
 1.86633e-11 2.02572e-09 1.29646e-07 4.89243e-06 0.000108863 0.00142832 0.0110505 0.0504264 0.135891 0.217625 0.213586 0.146204 0.0950869 0.0659935 0.0375812 0.0159912 0.00589261 0.00211879 0.000714973 0.000218959 5.94457e-05 1.38351e-05 2.70953e-06 4.41313e-07 5.87753e-08
 1.92534e-11 2.08977e-09 1.33745e-07 5.04713e-06 0.000112305 0.00147348 0.0113998 0.0520179 0.140146 0.224166 0.218713 0.146235 0.0903943 0.0602773 0.0336996 0.014031 0.00495448 0.00166824 0.000515606 0.000144037 3.67606e-05 8.30329e-06 1.5901e-06 2.49012e-07 3.10575e-08
 1.98142e-11 2.15064e-09 1.37641e-07 5.19413e-06 0.000115576 0.00151639 0.0117317 0.0535302 0.144191 0.230395 0.22365 0.146441 0.0861987 0.0549936 0.0298729 0.0118632 0.00384745 0.00118764 0.000344067 8.97615e-05 2.10086e-05 4.33046e-06 7.7161e-07 1.15491e-07 1.39084e-08
 1.93508e-11 2.10035e-09 1.34422e-07 5.07267e-06 0.000112873 0.00148093 0.0114575 0.052281 0.140855 0.225294 0.219791 0.146879 0.0905987 0.0599996 0.0328268 0.0128446 0.00400306 0.00116335 0.000312586 7.44701e-05 1.5937e-05 3.02069e-06 4.92212e-07 6.73233e-08 7.52411e-09
 1.96046e-11 2.1279e-09 1.36185e-07 5.1392e-06 0.000114353 0.00150035 0.0116077 0.0529651 0.14268 0.228074 0.221837 0.146453 0.0879075 0.0570845 0.03132 0.012599 0.00415013 0.00126532 0.000340641 7.77611e-05 1.54618e-05 2.67529e-06 3.95394e-07 4.91235e-08 4.99827e-09
 2.01726e-11 2.18954e-09 1.4013e-07 5.28808e-06 0.000117666 0.00154382 0.0119438 0.0544967 0.146775 0.234364 0.226747 0.146412 0.0832719 0.0514556 0.0274997 0.0107077 0.00334001 0.000976571 0.000264854 6.28268e-05 1.27996e-05 2.17242e-06 3.01917e-07 3.4335e-08 3.16278e-09
 2.06064e-11 2.23663e-09 1.43144e-07 5.4018e-06 0.000120196 0.00157701 0.0122006 0.0556665 0.149902 0.239172 0.230515 0.146433 0.0798117 0.0472201 0.0245845 0.00921257 0.00265426 0.000700924 0.00017521 3.92452e-05 7.80739e-06 1.34129e-06 1.90038e-07 2.14479e-08 1.88448e-09
 2.14438e-11 2.32752e-09 1.48961e-07 5.62133e-06 0.000125081 0.0016411 0.0126962 0.0579246 0.155936 0.248421 0.237632 0.146036 0.0724656 0.0385966 0.0191309 0.00693121 0.001878 0.000452293 0.000102868 2.08541e-05 3.75151e-06 5.96717e-07 8.11144e-08 9.07946e-09 8.02661e-10
 2.16817e-11 2.35334e-09 1.50613e-07 5.68367e-06 0.000126468 0.0016593 0.012837 0.0585659 0.157651 0.251056 0.239696 0.146041 0.0705586 0.0362646 0.0175273 0.00611311 0.00151058 0.000312394 6.16989e-05 1.12065e-05 1.80989e-06 2.57841e-07 3.15193e-08 3.23023e-09 2.69985e-10
 2.17612e-11 2.36196e-09 1.51165e-07 5.70451e-06 0.000126932 0.00166538 0.0128841 0.0587802 0.158224 0.251933 0.240366 0.145987 0.0698378 0.0354317 0.0170192 0.00592116 0.00145611 0.000295802 5.5557e-05 9.11588e-06 1.27197e-06 1.56197e-07 1.67666e-08 1.52363e-09 1.13873e-10
 2.20171e-11 2.38974e-09 1.52943e-07 5.77159e-06 0.000128425 0.00168496 0.0130355 0.0594702 0.160067 0.254759 0.242538 0.145859 0.0675822 0.0327871 0.0153503 0.0052287 0.00122769 0.000228878 3.95537e-05 6.18828e-06 8.28191e-07 9.4465e-08 8.99855e-09 7.04865e-10 4.5421e-11
 2.2148e-11 2.40396e-09 1.53853e-07 5.80593e-06 0.000129189 0.00169499 0.013113 0.0598234 0.161011 0.256204 0.243647 0.145786 0.0664154 0.0314259 0.0145007 0.00488682 0.00112078 0.000198502 3.19814e-05 4.64513e-06 5.71424e-07 6.01433e-08 5.37755e-09 3.93836e-10 2.30165e-11
 2.22754e-11 2.41778e-09 1.54737e-07 5.8393e-06 0.000129931 0.00170473 0.0131884 0.0601667 0.161928 0.257606 0.24471 0.145673 0.0652189 0.0300622 0.0136944 0.00461416 0.0010681 0.000192863 3.1521e-05 4.51909e-06 5.30753e-07 5.19995e-08 4.28025e-09 2.87993e-10 1.55505e-11
 2.28723e-11 2.48256e-09 1.58884e-07 5.99577e-06 0.000133413 0.00175041 0.0135417 0.061776 0.166227 0.264187 0.24973 0.145247 0.0597641 0.023768 0.00986184 0.003184 0.000694023 0.000110591 1.55294e-05 2.04796e-06 2.36396e-07 2.31373e-08 1.86678e-09 1.1954e-10 6.00289e-12
#obs catch len freq
 3.5468e-11 3.28705e-09 1.79624e-07 5.78772e-06 0.000109962 0.00123193 0.00814009 0.0317588 0.0736052 0.104539 0.104509 0.104163 0.120013 0.126891 0.116371 0.0934072 0.061413 0.0324428 0.014261 0.00522233 0.00152248 0.000334226 5.2558e-05 5.67939e-06 4.08125e-07
 5.88245e-11 5.25806e-09 2.77128e-07 8.61236e-06 0.000157817 0.00170527 0.0108671 0.0408838 0.0912797 0.124268 0.116716 0.105847 0.112689 0.113602 0.101072 0.0802711 0.0533847 0.0287397 0.0125843 0.0044262 0.00121051 0.000247116 3.60202e-05 3.59824e-06 2.38321e-07
 3.38622e-11 2.91429e-09 1.4789e-07 4.42522e-06 7.80787e-05 0.00081246 0.00499006 0.0181706 0.0401394 0.0597975 0.0815173 0.124897 0.166623 0.165873 0.134128 0.0959867 0.0587427 0.0298425 0.0126476 0.00434824 0.0011476 0.000221247 2.99647e-05 2.75901e-06 1.67917e-07
 2.12063e-11 1.7544e-09 8.55817e-08 2.46164e-06 4.17521e-05 0.00041768 0.00246754 0.00866559 0.0187094 0.0287577 0.0446862 0.079424 0.127558 0.17314 0.193949 0.162193 0.0961416 0.0424391 0.0153292 0.00468887 0.00115054 0.000209682 2.6756e-05 2.29763e-06 1.2922e-07
 3.43891e-10 2.73064e-08 1.27849e-06 3.52952e-05 0.000574541 0.00551461 0.0312108 0.104166 0.205103 0.238833 0.166716 0.0755922 0.0335824 0.0292155 0.0340523 0.0326626 0.0234306 0.0125176 0.00495853 0.00145607 0.000319446 5.19295e-05 6.0345e-06 4.78846e-07 2.49845e-08
 2.26618e-10 1.72463e-08 7.73894e-07 2.04766e-05 0.000319473 0.00293944 0.0159605 0.0513251 0.0995644 0.127 0.13971 0.169513 0.178735 0.126044 0.0568808 0.0190803 0.00716228 0.00350958 0.00157445 0.000520227 0.000119267 1.86815e-05 1.98583e-06 1.41762e-07 6.6787e-09
 5.15633e-10 3.75583e-08 1.61308e-06 4.08504e-05 0.000609994 0.00537107 0.0278922 0.0855091 0.15555 0.172375 0.131339 0.0975032 0.0910616 0.0879105 0.0733994 0.0459965 0.0191836 0.0051227 0.000947336 0.00015507 2.6746e-05 4.00092e-06 4.20578e-07 2.88257e-08 1.26229e-09
 6.84619e-10 4.76678e-08 1.95699e-06 4.73739e-05 0.000676217 0.00569197 0.0282652 0.0829881 0.145719 0.161793 0.13998 0.130926 0.122542 0.0893672 0.0511601 0.0254736 0.0108112 0.00355319 0.000845843 0.000140641 1.63966e-05 1.43402e-06 1.02029e-07 5.759e-09 2.30942e-10
 1.01554e-09 6.75094e-08 2.64618e-06 6.11592e-05 0.000833489 0.00669838 0.0317584 0.0890325 0.149313 0.158542 0.131875 0.120512 0.114395 0.0906986 0.0592514 0.0311209 0.0119482 0.00321415 0.000633228 9.72965e-05 1.15584e-05 9.91418e-07 5.82752e-08 2.32779e-09 6.44313e-11
 1.46104e-09 9.26262e-08 3.46252e-06 7.63203e-05 0.000991943 0.00760292 0.0343855 0.0920428 0.148101 0.154144 0.133073 0.128338 0.119761 0.0889065 0.0535983 0.0263142 0.00963976 0.0024909 0.000459772 6.27318e-05 6.40182e-06 4.81714e-07 2.59867e-08 9.69186e-10 2.41036e-11
 2.14427e-09 1.29509e-07 4.61218e-06 9.68507e-05 0.00119923 0.00875711 0.0377392 0.096339 0.148432 0.150508 0.131845 0.129937 0.120038 0.0878204 0.0521107 0.0245574 0.00833514 0.00192986 0.000310867 3.67288e-05 3.27338e-06 2.15995e-07 1.01663e-08 3.30795e-10 7.26623e-12
 3.51171e-09 2.01866e-07 6.84215e-06 0.000136745 0.00161152 0.0112 0.0459395 0.111626 0.163758 0.158248 0.132196 0.123914 0.108581 0.0751785 0.0419891 0.0184607 0.00576796 0.00120087 0.000167657 1.65073e-05 1.2038e-06 6.56106e-08 2.60371e-09 7.27023e-11 1.3855e-12
 4.82684e-09 2.63835e-07 8.50335e-06 0.000161599 0.00181091 0.0119689 0.0467061 0.108201 0.152904 0.14831 0.134372 0.134437 0.116749 0.0781108 0.0419945 0.0177179 0.00531606 0.00107027 0.000145554 1.38621e-05 9.45723e-07 4.58813e-08 1.5527e-09 3.615e-11 5.73199e-13
 7.58269e-09 3.9378e-07 1.20579e-05 0.000217711 0.00231792 0.0145554 0.0539699 0.118847 0.159922 0.148653 0.130505 0.127015 0.108534 0.0732413 0.0398923 0.0165612 0.0047398 0.000893058 0.000112458 9.8931e-06 6.27688e-07 2.85624e-08 9.0577e-10 1.94696e-11 2.78062e-13
 1.17307e-08 5.78336e-07 1.68122e-05 0.000288178 0.00291281 0.0173658 0.061149 0.128041 0.164804 0.149662 0.132028 0.126411 0.102681 0.0648376 0.0328987 0.0127726 0.00343918 0.000612619 7.31086e-05 6.07826e-06 3.61174e-07 1.52281e-08 4.44591e-10 8.79168e-12 1.15777e-13
 1.61045e-08 7.53237e-07 2.07732e-05 0.000337809 0.00323942 0.0183259 0.0612823 0.122356 0.152975 0.143477 0.1392 0.138067 0.10895 0.0655638 0.0314346 0.0114153 0.00284084 0.000460256 4.89414e-05 3.56628e-06 1.8587e-07 6.99349e-09 1.85575e-10 3.36679e-12 4.07354e-14
 2.55932e-08 1.13494e-06 2.96764e-05 0.000457558 0.00416017 0.0223146 0.0707599 0.134035 0.159295 0.142831 0.133362 0.128159 0.100116 0.0612574 0.0297334 0.0105704 0.00250121 0.000378332 3.69658e-05 2.42882e-06 1.11967e-07 3.67836e-09 8.48675e-11 1.34296e-12 1.42973e-14
 3.53209e-08 1.48432e-06 3.678e-05 0.000537399 0.00463059 0.0235453 0.070869 0.128223 0.149547 0.141613 0.144369 0.139332 0.102779 0.0579771 0.0258549 0.00851253 0.00187959 0.000266286 2.43821e-05 1.49656e-06 6.39343e-08 1.92275e-09 4.00493e-11 5.64613e-13 5.29888e-15
 5.47864e-08 2.18089e-06 5.11897e-05 0.000708489 0.00578286 0.0278545 0.0794346 0.136271 0.151131 0.137151 0.135434 0.129186 0.0983311 0.0593715 0.0278214 0.0091872 0.00198149 0.0002739 2.47966e-05 1.52518e-06 6.51944e-08 1.92423e-09 3.83449e-11 5.06154e-13 4.37825e-15
 8.1967e-08 3.08974e-06 6.86747e-05 0.000900068 0.00695713 0.0317404 0.0858137 0.140166 0.150577 0.137527 0.137239 0.127473 0.0931938 0.0541019 0.0244377 0.00785096 0.00168578 0.000240695 2.33955e-05 1.57241e-06 7.23563e-08 2.22646e-09 4.49413e-11 5.89066e-13 4.98324e-15
 1.19912e-07 4.27925e-06 9.00462e-05 0.00111731 0.00817678 0.0353296 0.0905795 0.141154 0.148081 0.13815 0.140271 0.127325 0.0898963 0.0502294 0.0215851 0.00651516 0.00130477 0.000173644 1.58918e-05 1.02945e-06 4.70579e-08 1.4764e-09 3.08357e-11 4.18781e-13 3.63534e-15
 1.93432e-07 6.53423e-06 0.000130152 0.00152869 0.0105899 0.0433142 0.105139 0.155199 0.154427 0.136856 0.132204 0.115068 0.0788805 0.0428733 0.0176719 0.00503943 0.000944441 0.000116814 9.87325e-06 5.88362e-07 2.4786e-08 7.22743e-10 1.42226e-11 1.84988e-13 1.56248e-15
 2.59162e-07 8.28643e-06 0.000156228 0.00173689 0.0113909 0.0441389 0.10185 0.145123 0.147056 0.143213 0.145773 0.122654 0.0782115 0.0391021 0.0148736 0.00393859 0.000687508 7.91602e-05 6.20754e-06 3.41495e-07 1.32159e-08 3.5272e-10 6.34143e-12 7.54055e-14 5.84338e-16
 3.95087e-07 1.19569e-05 0.000213374 0.00224538 0.0139388 0.0511326 0.111769 0.151244 0.146722 0.138371 0.137294 0.114849 0.0750094 0.0384244 0.0144542 0.00365566 0.00059685 6.34322e-05 4.54689e-06 2.27464e-07 8.00484e-09 1.9469e-10 3.19345e-12 3.46327e-14 2.44535e-16
 5.41984e-07 1.55263e-05 0.000262269 0.0026126 0.0153556 0.0533824 0.111048 0.145589 0.144328 0.145394 0.145686 0.116272 0.0709726 0.0338473 0.0119075 0.00283801 0.000440563 4.49232e-05 3.10299e-06 1.48617e-07 4.9262e-09 1.10859e-10 1.66112e-12 1.63497e-14 1.04582e-16
 8.56417e-07 2.32252e-05 0.000371392 0.00350229 0.0194868 0.0641287 0.126257 0.156471 0.146047 0.138476 0.132856 0.104445 0.0642034 0.0305695 0.0104284 0.00235605 0.000342708 3.25749e-05 2.09554e-06 9.37689e-08 2.91938e-09 6.19394e-11 8.7458e-13 8.07062e-15 4.80118e-17
 1.13332e-06 2.90988e-05 0.000440556 0.00393371 0.0207303 0.0647075 0.121619 0.147683 0.144274 0.147377 0.141915 0.106544 0.0617134 0.0277294 0.00901475 0.00197401 0.000284966 2.75481e-05 1.82184e-06 8.26585e-08 2.532e-09 5.13615e-11 6.8102e-13 5.85527e-15 3.23948e-17
 1.67642e-06 4.07573e-05 0.000584299 0.00494026 0.0246554 0.0729143 0.130087 0.151003 0.143255 0.143205 0.134848 0.100452 0.0583321 0.0258012 0.00800703 0.00163568 0.000217269 1.92387e-05 1.17569e-06 5.0357e-08 1.49135e-09 2.97083e-11 3.88107e-13 3.2633e-15 1.7419e-17
#spawning biomass
 28422.8 33888.1 21545.3 12592.5 13532.9 17676.7 22541.9 31182.1 39283.6 45335.2 54998 56840.1 67871.6 81435.8 83412.9 85110.5 81824.2 80670.6 86955.3 85653.8 80123.4 81736.5 81131.9 92308.6 82890.8 76803.7 88928 83718.6 86832.7 209650 244694 245868 227379 201170 174638 151380 132580 118147 107450 99717.2 94227.7 90383.1 87712.5 85818.3 84549.8 83700.3 83131.4 82750.5 82495.4 82324.6 82210.2 82133.5 82082.2 82047.9 82024.9 82009.5 81999.2 81992.2 81987.6 81984.5 81982.4 81981.1 81980.1 81979.5 81979.1 81978.8 81978.6 81978.5 81978.4 81978.4 81978.3 81978.3 81978.3 81978.3 81978.3 81978.2 81978.2 81978.2 81978.2 81978.2 81978.2 81978.2 81978.2 81978.2 81978.2 81978.2 81978.2 81978.2 81978.2 81978.2 81978.2 81978.2 81978.2 81978.2 81978.2 81978.2 81978.2 81978.2 81978.2 81978.2 81978.2 81978.2 81978.2 81978.2 81978.2 81978.2 81978.2 81978.2 81978.2 81978.2 81978.2 81978.2 81978.2 81978.2 81978.2 81978.2 81978.2 81978.2 81978.2 81978.2 81978.2 81978.2 81978.2 81978.2 81978.2 81978.2 81978.2 81978.2 0 0 0 0 0 0 0 0 0 0 0 0 0 0 0 0 0 0 0 0 0 0 0 0 0
