SBPRF35
0.120953
Curr Bio
131625
B35
149733
F35
0.972938
FOFL
0.566309
OFL
24582.1
Bzero
34558
#pred survey bio
 6880.59 9170.68 12011.2 14348.3 22946.8 34160.1 33155.3 41654 52930.8 64519.5 83673.4 106852 143623 159445 165529 145072 139127 134225 115195 110487 118328 131647 141386 147838 151990 160283 152689 151240 142782 3.61933e+06 2.17814e+06 1.16182e+06 645597 447393 370371 337340 321596 313531 309244 306931 305679 305001 304634 304437 304329 304272 304242 304226 304218 304214 304211 304210 304209 304209 304209 304209 304209 304209 304209 304209 304209 304209 304209 304209 304209 304209 304209 304209 304209 304209 304209 304209 304209 304209 304209 304209 304209 304209 304209 304209 304209 304209 304209 304209 304209 304209 304209 304209 304209 304209 304209 304209 304209 304209 304209 304209 304209 304209 304209 304209 304209 304209 304209 304209 304209 304209 304209 304209 304209 304209 304209 304209 304209 304209 304209 304209 304209 304209 304209 304209 304209 304209 304209 304209 304209 304209 304209 304209 304209 0 0 0 0 0 0 0 0 0 0 0 0 0 0 0 0 0 0 0 0 0 0 0 0 0
#obs survey bio
 5684.22 9472.26 8830.62 13969 25442.9 35062.9 34622.8 53644.9 55332.9 61321.4 92319.5 84596.7 105824 106308 179879 153829 111612 100750 114909 82683.9 90668.4 123169 225576 171238 152802 132905 111745 108404 93289.9
#pred catch bio
 2701.79 4324.85 6025.33 7061.46 9099.91 18652.5 17963.8 22848.1 29388.5 34704.6 48533.4 61459.7 91074.7 95626.3 107357 93018.2 88806.3 93629.9 79724.1 75218.4 80147.5 89249.3 94114.8 100985 104819 116198 109458 107580 133713 24582.1 46290.5 21185.5 9988.53 6613 5720.79 5502.37 5451.6 5440.22 5437.73 5437.2 5437.09 5437.07 5437.06 5437.06 5437.06 5437.06 5437.06 5437.06 5437.06 5437.06 5437.06 5437.06 5437.06 5437.06 5437.06 5437.06 5437.06 5437.06 5437.06 5437.06 5437.06 5437.06 5437.06 5437.06 5437.06 5437.06 5437.06 5437.06 5437.06 5437.06 5437.06 5437.06 5437.06 5437.06 5437.06 5437.06 5437.06 5437.06 5437.06 5437.06 5437.06 5437.06 5437.06 5437.06 5437.06 5437.06 5437.06 5437.06 5437.06 5437.06 5437.06 5437.06 5437.06 5437.06 5437.06 5437.06 5437.06 5437.06 5437.06 5437.06 5437.06 5437.06 5437.06 5437.06 5437.06 5437.06 5437.06 5437.06 5437.06 5437.06 5437.06 5437.06 5437.06 5437.06 5437.06 5437.06 5437.06 5437.06 5437.06 5437.06 5437.06 5437.06 5437.06 5437.06 5437.06 5437.06 5437.06 5437.06 5437.06 0 0 0 0 0 0 0 0 0 0 0 0 0 0 0 0 0 0 0 0 0 0 0 0 0
#obs catch bio
 4877.49 4352.18 6032.92 7038.1 8839.43 18398.8 17955.7 22694.1 29011.2 34185 47547.8 61558.8 92282.8 96278.6 106757 93700.9 87996.2 93552.7 80933.7 75941.8 80728.9 88130.8 90920.5 96927.6 101749 114806 108719 106199 135989
#pred cpue bio
 5668.84 7067.16 9239.38 11143.6 16753.6 26807.2 26287.7 31034.9 39938.9 48819 62949 79089.9 105932 118717 127297 111238 105123 101990 86157.3 81500.1 86370.7 95874.5 103714 109611 111516 116914 111294 110019 105296 2.34946e+06 2.06748e+06 1.11706e+06 599018 400453 323398 290364 274620 266554 262267 259955 258702 258024 257658 257460 257353 257296 257266 257250 257242 257237 257235 257233 257233 257232 257232 257232 257232 257232 257232 257232 257232 257232 257232 257232 257232 257232 257232 257232 257232 257232 257232 257232 257232 257232 257232 257232 257232 257232 257232 257232 257232 257232 257232 257232 257232 257232 257232 257232 257232 257232 257232 257232 257232 257232 257232 257232 257232 257232 257232 257232 257232 257232 257232 257232 257232 257232 257232 257232 257232 257232 257232 257232 257232 257232 257232 257232 257232 257232 257232 257232 257232 257232 257232 257232 257232 257232 257232 257232 257232 0 0 0 0 0 0 0 0 0 0 0 0 0 0 0 0 0 0 0 0 0 0 0 0 0
#obs cpue bio
 4813.3 6664.49 11328.8 14819.3 34518.3 19517.1 28061.2 26055.8 51599.2 63126.2 87039.8 71190.1 118452 154769 149242 86461.6 166233 134111 61220.7 96886.7 101994 147224 129680 184529 159954 154295 161583 187173 130902
#pred surv len freq
 2.56955e-27 2.6055e-27 4.81375e-26 9.615e-20 2.357e-14 6.98422e-10 2.50163e-06 0.00108311 0.0566861 0.358611 0.274413 0.0366964 0.0865275 0.07986 0.0206709 0.0273331 0.0128053 0.0113019 0.00761003 0.00622027 0.00515269 0.00463254 0.00477891 0.00429718 0.00131731
 2.57092e-27 2.60897e-27 5.08532e-26 1.01878e-19 2.49741e-14 7.40027e-10 2.65065e-06 0.00114763 0.0600629 0.379974 0.290761 0.038988 0.0924823 0.0850715 0.0166887 0.0167365 0.00646577 0.00403158 0.00222652 0.00153777 0.00110848 0.00088447 0.000825772 0.00075089 0.000253029
 2.57053e-27 2.60785e-27 4.97912e-26 9.96371e-20 2.44248e-14 7.23751e-10 2.59236e-06 0.00112239 0.0587419 0.371617 0.284395 0.0399516 0.104289 0.0959168 0.0177681 0.0164123 0.00550713 0.00222578 0.000896469 0.000442805 0.00025043 0.000166914 0.000134864 0.000117556 4.12347e-05
 2.57009e-27 2.60666e-27 4.87511e-26 9.74429e-20 2.38869e-14 7.07813e-10 2.53527e-06 0.00109767 0.0574483 0.363433 0.27815 0.0401596 0.110259 0.101468 0.0195078 0.0189774 0.00620551 0.00221301 0.000695657 0.000216198 7.82007e-05 3.76798e-05 2.42607e-05 1.90006e-05 6.66429e-06
 2.57244e-27 2.61305e-27 5.4407e-26 1.09374e-19 2.68118e-14 7.94482e-10 2.8457e-06 0.00123208 0.0644826 0.407934 0.312103 0.0384692 0.0735402 0.0675867 0.0135663 0.0139534 0.00464251 0.0017715 0.000533404 0.000136671 3.04419e-05 8.26369e-06 3.49908e-06 2.22266e-06 7.47822e-07
 2.56952e-27 2.60507e-27 4.7284e-26 9.43476e-20 2.31282e-14 6.85329e-10 2.45473e-06 0.00106281 0.0556234 0.351889 0.269349 0.0410828 0.123468 0.113538 0.0194889 0.0159037 0.00539802 0.0022568 0.000705214 0.000187655 3.59503e-05 5.87086e-06 1.19234e-06 4.89881e-07 1.483e-07
 2.5692e-27 2.60429e-27 4.66929e-26 9.3101e-20 2.28226e-14 6.76274e-10 2.4223e-06 0.00104876 0.0548885 0.34724 0.265789 0.0404334 0.121028 0.111494 0.022906 0.0241955 0.00766024 0.0023239 0.00073115 0.000210774 4.22702e-05 6.12023e-06 6.60858e-07 1.1468e-07 2.66587e-08
 2.57178e-27 2.61128e-27 5.28593e-26 1.0611e-19 2.60115e-14 7.70767e-10 2.76076e-06 0.0011953 0.0625578 0.395758 0.30281 0.0387543 0.0822393 0.0756471 0.0155856 0.0165445 0.00565496 0.00237927 0.000680684 0.000153365 3.2097e-05 4.92077e-06 4.53081e-07 3.20351e-08 3.73708e-09
 2.57112e-27 2.60939e-27 5.10971e-26 1.02392e-19 2.51001e-14 7.43761e-10 2.66403e-06 0.00115342 0.0603659 0.381891 0.292243 0.0400798 0.0997508 0.0916255 0.0151338 0.0114774 0.00390201 0.00165288 0.000540002 0.000151835 2.61997e-05 3.72493e-06 3.58555e-07 1.83581e-08 7.63479e-10
 2.57104e-27 2.60921e-27 5.09575e-26 1.02097e-19 2.50279e-14 7.41622e-10 2.65637e-06 0.00115011 0.0601924 0.380793 0.291401 0.0399017 0.0989864 0.0909878 0.0162575 0.0141801 0.00440562 0.00121969 0.000381336 0.000112722 2.40115e-05 3.30559e-06 2.81556e-07 1.41274e-08 3.3376e-10
 2.57128e-27 2.60986e-27 5.15454e-26 1.03338e-19 2.5332e-14 7.50631e-10 2.68864e-06 0.00116408 0.0609236 0.385419 0.29493 0.0396619 0.0946824 0.0870262 0.0157347 0.0139945 0.00449208 0.00146775 0.000397811 8.30815e-05 1.75308e-05 2.81893e-06 2.5019e-07 1.1272e-08 2.3493e-10
 2.57183e-27 2.61134e-27 5.28289e-26 1.06045e-19 2.59957e-14 7.70298e-10 2.75908e-06 0.00119458 0.0625198 0.395517 0.302637 0.0394668 0.0877829 0.0806158 0.0138106 0.011217 0.00360425 0.00119553 0.000343472 7.801e-05 1.23772e-05 1.71086e-06 1.70614e-07 8.08911e-09 1.5401e-10
 2.57193e-27 2.61157e-27 5.30184e-26 1.06445e-19 2.60936e-14 7.73201e-10 2.76948e-06 0.00119908 0.0627554 0.397007 0.303776 0.0395347 0.087499 0.0803284 0.0133029 0.0101253 0.00318021 0.000944108 0.000269112 6.29934e-05 1.08479e-05 1.2888e-06 1.04573e-07 5.32048e-09 1.05675e-10
 2.57155e-27 2.61052e-27 5.20652e-26 1.04434e-19 2.56007e-14 7.58594e-10 2.71716e-06 0.00117642 0.0615698 0.389507 0.298057 0.0400011 0.0950672 0.0872725 0.0138112 0.0095325 0.00294033 0.000792693 0.000214524 4.58094e-05 7.94797e-06 1.00063e-06 7.37703e-08 3.11169e-09 6.37602e-11
 2.57033e-27 2.60722e-27 4.91666e-26 9.83191e-20 2.41017e-14 7.14177e-10 2.55806e-06 0.00110754 0.0579649 0.366701 0.280654 0.0407139 0.112718 0.1036 0.0174143 0.0136378 0.00415213 0.00101156 0.000261828 5.09251e-05 8.09296e-06 9.82804e-07 7.52309e-08 2.9217e-09 5.1355e-11
 2.5705e-27 2.60771e-27 4.96261e-26 9.92886e-20 2.43394e-14 7.2122e-10 2.58329e-06 0.00111846 0.0585364 0.370317 0.283409 0.0403643 0.108122 0.0994047 0.0175015 0.0148995 0.00463789 0.00128788 0.000329938 5.82625e-05 8.51515e-06 9.33456e-07 6.75165e-08 2.65582e-09 4.31671e-11
 2.57108e-27 2.60929e-27 5.10181e-26 1.02225e-19 2.50593e-14 7.42551e-10 2.65969e-06 0.00115154 0.0602677 0.38127 0.291767 0.0399778 0.0993088 0.0912611 0.0158648 0.0132207 0.00419037 0.00129138 0.000348247 6.8178e-05 9.48312e-06 9.36888e-07 6.06507e-08 2.23424e-09 3.59799e-11
 2.57082e-27 2.60858e-27 5.03683e-26 1.00854e-19 2.47232e-14 7.32592e-10 2.62402e-06 0.0011361 0.0594594 0.376156 0.287868 0.0403347 0.104765 0.0962583 0.0160749 0.0124395 0.00391813 0.00117772 0.0003275 7.07854e-05 1.0767e-05 1.08683e-06 6.34701e-08 2.08007e-09 3.12249e-11
 2.5714e-27 2.61013e-27 5.17277e-26 1.03722e-19 2.54262e-14 7.53424e-10 2.69864e-06 0.00116841 0.0611502 0.386853 0.29603 0.0400278 0.0966936 0.0887907 0.0143954 0.0104833 0.00323645 0.000871878 0.000236821 5.05902e-05 8.26328e-06 9.23488e-07 5.65324e-08 1.70321e-09 2.27359e-11
 2.57187e-27 2.61141e-27 5.28503e-26 1.0609e-19 2.60067e-14 7.70626e-10 2.76025e-06 0.00119508 0.0625464 0.395685 0.302771 0.0397725 0.0900155 0.0826109 0.0129888 0.00882819 0.00269257 0.000675808 0.000175538 3.40864e-05 5.426e-06 6.31711e-07 4.28697e-08 1.36326e-09 1.70396e-11
 2.57222e-27 2.61235e-27 5.36761e-26 1.07832e-19 2.64338e-14 7.8328e-10 2.80558e-06 0.00121471 0.0635734 0.402182 0.307728 0.0395652 0.0849549 0.0779329 0.0120122 0.00777665 0.00234427 0.000545786 0.000137317 2.48341e-05 3.63921e-06 3.98381e-07 2.77442e-08 9.67787e-10 1.2771e-11
 2.57228e-27 2.61251e-27 5.38141e-26 1.08123e-19 2.65051e-14 7.85393e-10 2.81315e-06 0.00121799 0.063745 0.403268 0.308557 0.0395773 0.0844645 0.0774684 0.0117143 0.00721299 0.00215671 0.000475926 0.000116306 1.95923e-05 2.70079e-06 2.70509e-07 1.74639e-08 6.17692e-10 8.82622e-12
 2.57203e-27 2.61182e-27 5.32007e-26 1.06829e-19 2.61879e-14 7.75993e-10 2.77948e-06 0.00120341 0.062982 0.398441 0.304875 0.039797 0.0887227 0.0813901 0.0122707 0.00749352 0.00222493 0.00046486 0.000110994 1.77388e-05 2.30951e-06 2.14219e-07 1.26041e-08 4.1204e-10 5.91608e-12
 2.57167e-27 2.61085e-27 5.2347e-26 1.05028e-19 2.57464e-14 7.62913e-10 2.73263e-06 0.00118312 0.0619204 0.391725 0.29975 0.0400011 0.0938768 0.086159 0.0133462 0.0087457 0.00259949 0.000540797 0.000127365 1.93375e-05 2.41018e-06 2.09702e-07 1.13514e-08 3.36759e-10 4.47547e-12
 2.57205e-27 2.61189e-27 5.32739e-26 1.06984e-19 2.62258e-14 7.77116e-10 2.7835e-06 0.00120515 0.0630732 0.399018 0.305314 0.0396615 0.0873837 0.0801808 0.0125312 0.00839343 0.00251827 0.00056201 0.000133888 2.01737e-05 2.43233e-06 2.00286e-07 1.01377e-08 2.75519e-10 3.31768e-12
 2.57223e-27 2.61237e-27 5.36889e-26 1.07859e-19 2.64404e-14 7.83475e-10 2.80628e-06 0.00121501 0.0635893 0.402283 0.307806 0.0396149 0.0852781 0.0782188 0.0118401 0.00731163 0.00219596 0.00050066 0.000121734 1.94918e-05 2.36952e-06 1.90549e-07 9.12204e-09 2.30819e-10 2.54132e-12
 2.57223e-27 2.61235e-27 5.36588e-26 1.07796e-19 2.64248e-14 7.83013e-10 2.80462e-06 0.00121429 0.0635518 0.402046 0.307627 0.0397331 0.0863037 0.0791404 0.0115539 0.00642511 0.00190001 0.000391131 9.38633e-05 1.53634e-05 1.94842e-06 1.62817e-07 7.67812e-09 1.84354e-10 1.88569e-12
 2.5723e-27 2.61254e-27 5.3835e-26 1.08167e-19 2.65159e-14 7.85714e-10 2.8143e-06 0.00121848 0.063771 0.403432 0.308684 0.0396515 0.0849394 0.0778893 0.0114773 0.0065638 0.00191921 0.000355176 8.1407e-05 1.22042e-05 1.5412e-06 1.33524e-07 6.58514e-09 1.57625e-10 1.53683e-12
 2.57183e-27 2.61125e-27 5.26833e-26 1.05738e-19 2.59203e-14 7.68065e-10 2.75108e-06 0.00119111 0.0623385 0.394371 0.301771 0.0400497 0.092827 0.0851555 0.0125378 0.00715336 0.00209854 0.000400174 9.01975e-05 1.22278e-05 1.42811e-06 1.17521e-07 5.94475e-09 1.48534e-10 1.45621e-12
#obs surv len freq
 1.7743e-41 2.46261e-33 4.13153e-26 8.37866e-20 2.05393e-14 6.08617e-10 2.17997e-06 0.000943851 0.0493974 0.312502 0.239359 0.0440786 0.15161 0.128367 0.0355521 0.0270198 0.00809903 0.00251959 0.000489775 5.68037e-05 2.86428e-06 4.584e-08 1.73908e-10 1.25937e-13 1.50651e-17
 2.1729e-41 3.01584e-33 5.0597e-26 1.0261e-19 2.51536e-14 7.45346e-10 2.66971e-06 0.00115589 0.0604948 0.382707 0.292938 0.0420346 0.097548 0.078099 0.0224931 0.0162533 0.00466465 0.00134648 0.000237528 2.40076e-05 1.00334e-06 1.26058e-08 3.59659e-11 1.90411e-14 1.63709e-18
 1.72318e-41 2.39166e-33 4.01251e-26 8.13729e-20 1.99476e-14 5.91084e-10 2.11717e-06 0.000916661 0.0479744 0.303501 0.232678 0.0512115 0.181722 0.135743 0.0267141 0.0142749 0.00399482 0.00108037 0.000172002 1.49359e-05 5.10942e-07 5.00982e-09 1.07367e-11 4.1595e-15 2.57434e-19
 2.08926e-41 2.89976e-33 4.86494e-26 9.866e-20 2.41853e-14 7.16656e-10 2.56694e-06 0.0011114 0.0581662 0.367976 0.281813 0.0458311 0.113545 0.0814456 0.028089 0.0178514 0.00339496 0.000669603 9.63151e-05 7.15544e-06 1.97838e-07 1.49922e-09 2.40433e-12 6.81624e-16 3.04177e-20
 2.37288e-41 3.29339e-33 5.52535e-26 1.12053e-19 2.74685e-14 8.13941e-10 2.91541e-06 0.00126227 0.0660622 0.417928 0.319926 0.0442732 0.078914 0.0519541 0.0115592 0.00601831 0.00171807 0.000346692 3.25257e-05 1.89726e-06 4.21487e-08 2.44842e-10 2.91911e-13 6.039e-17 1.94306e-21
 1.31536e-41 1.82563e-33 3.06288e-26 6.21146e-20 1.52267e-14 4.51194e-10 1.6161e-06 0.000699716 0.0366204 0.231675 0.178497 0.0712833 0.272854 0.166808 0.0281858 0.0108712 0.00205899 0.00040055 4.32403e-05 1.78995e-06 2.79141e-08 1.2178e-10 1.07447e-13 1.61555e-17 3.7384e-22
 2.21304e-41 3.07155e-33 5.15316e-26 1.04505e-19 2.56182e-14 7.59114e-10 2.71902e-06 0.00117724 0.0616122 0.389777 0.298568 0.0467571 0.0890208 0.0565729 0.035475 0.0182264 0.00248112 0.000302548 2.5394e-05 1.02704e-06 1.2057e-08 3.53756e-11 2.20707e-14 2.391e-18 3.96909e-23
 1.98712e-41 2.75799e-33 4.6271e-26 9.38366e-20 2.30029e-14 6.81619e-10 2.44145e-06 0.00105706 0.0553225 0.349989 0.268664 0.0610059 0.155127 0.0825934 0.0158615 0.00730204 0.0026751 0.000380663 1.9464e-05 5.39215e-07 5.29143e-09 1.18326e-11 5.00897e-15 3.67731e-19 4.25756e-24
 2.02657e-41 2.81275e-33 4.71897e-26 9.56997e-20 2.34597e-14 6.95153e-10 2.48993e-06 0.00107805 0.0564209 0.356938 0.274061 0.0614525 0.143239 0.073685 0.0229988 0.00855929 0.00129766 0.000247178 1.93099e-05 3.8543e-07 2.38546e-09 3.94415e-12 1.25831e-15 6.51768e-20 5.10952e-25
 1.98084e-41 2.74927e-33 4.61247e-26 9.35399e-20 2.29302e-14 6.79464e-10 2.43373e-06 0.00105372 0.0551476 0.348884 0.2682 0.0670159 0.15432 0.073761 0.021962 0.00800572 0.00147206 0.000164322 1.08545e-05 2.73831e-07 1.43149e-09 1.51832e-12 3.24718e-16 1.20994e-20 6.85577e-26
 2.10126e-41 2.91641e-33 4.89288e-26 9.92265e-20 2.43242e-14 7.20771e-10 2.58169e-06 0.00111778 0.0585002 0.370094 0.284444 0.0657758 0.132823 0.0600078 0.0195133 0.00647539 0.0011146 0.000124666 6.0359e-06 1.1353e-07 5.94718e-10 5.66986e-13 8.65192e-17 2.10656e-21 8.0057e-27
 2.03997e-41 2.83134e-33 4.75016e-26 9.63324e-20 2.36147e-14 6.99748e-10 2.50638e-06 0.00108518 0.0567939 0.359303 0.276649 0.0733573 0.147472 0.0612736 0.0176922 0.00536246 0.000913954 9.17064e-05 3.97512e-06 5.64872e-08 2.11313e-10 1.68393e-13 2.24517e-17 4.36104e-22 1.18234e-27
 1.99852e-41 2.77381e-33 4.65365e-26 9.4375e-20 2.31349e-14 6.8553e-10 2.45546e-06 0.00106313 0.0556399 0.352006 0.271527 0.0794741 0.153816 0.0609912 0.0194343 0.00521584 0.000759466 6.8588e-05 2.59666e-06 3.04483e-08 8.55231e-11 4.78912e-14 4.71424e-18 7.26095e-23 1.5904e-28
 1.87218e-41 2.59846e-33 4.35945e-26 8.84088e-20 2.16724e-14 6.42192e-10 2.30023e-06 0.000995919 0.0521224 0.329759 0.255363 0.0912319 0.175033 0.0663761 0.0225037 0.0057384 0.000811047 6.08058e-05 1.90009e-06 1.82885e-08 4.03641e-11 1.68489e-14 1.17606e-18 1.26861e-23 1.99958e-29
 1.68674e-41 2.34108e-33 3.92765e-26 7.96518e-20 1.95257e-14 5.78583e-10 2.07239e-06 0.000897272 0.0469597 0.297108 0.23161 0.106549 0.201629 0.0764981 0.0302564 0.00739128 0.00102768 7.01466e-05 1.79488e-06 1.33939e-08 2.287e-11 7.26308e-15 3.75824e-19 2.92393e-24 3.24909e-30
 1.90742e-41 2.64737e-33 4.44152e-26 9.00731e-20 2.20803e-14 6.54281e-10 2.34353e-06 0.00101467 0.0531036 0.335976 0.26099 0.0956019 0.15517 0.0614465 0.0284808 0.00711948 0.00102778 6.51893e-05 1.44491e-06 8.53725e-09 1.0916e-11 2.56834e-15 9.83425e-20 5.62172e-25 4.53914e-31
 1.856e-41 2.57601e-33 4.32179e-26 8.76451e-20 2.14852e-14 6.36645e-10 2.28036e-06 0.000987316 0.0516722 0.326934 0.255402 0.109767 0.169777 0.0576635 0.0213081 0.00557222 0.000859749 5.35701e-05 1.06076e-06 5.16491e-09 5.10417e-12 8.87163e-16 2.461e-20 1.01617e-25 5.93338e-32
 1.84548e-41 2.56141e-33 4.29729e-26 8.71482e-20 2.13634e-14 6.33036e-10 2.26743e-06 0.000981719 0.0513793 0.325093 0.25501 0.116498 0.167295 0.0573238 0.0213521 0.00442446 0.0006022 3.74467e-05 6.874e-07 2.8533e-09 2.25047e-12 2.98368e-16 6.11263e-21 1.82501e-26 7.623e-33
 1.86381e-41 2.58684e-33 4.33997e-26 8.80137e-20 2.15755e-14 6.39322e-10 2.28995e-06 0.000991468 0.0518896 0.328336 0.258501 0.121432 0.160262 0.0542068 0.019926 0.00397512 0.000453836 2.29597e-05 3.76023e-07 1.36001e-09 8.81486e-13 9.166e-17 1.42479e-21 3.15342e-27 9.60044e-34
 1.94121e-41 2.69428e-33 4.52021e-26 9.16689e-20 2.24716e-14 6.65874e-10 2.38505e-06 0.00103264 0.0540446 0.341983 0.269618 0.121349 0.144501 0.0474542 0.016537 0.00313597 0.000328088 1.35746e-05 1.72426e-07 5.05722e-10 2.6869e-13 2.23373e-17 2.69549e-22 4.52251e-28 1.02521e-34
 1.94243e-41 2.69596e-33 4.52304e-26 9.17263e-20 2.24856e-14 6.6629e-10 2.38654e-06 0.00103329 0.0540785 0.342225 0.271412 0.129644 0.142372 0.0432407 0.0134312 0.00233431 0.000219494 7.79036e-06 7.76636e-08 1.70317e-10 6.85253e-14 4.40376e-18 4.11871e-23 5.30272e-29 9.09997e-36
 1.98178e-41 2.75058e-33 4.61467e-26 9.35845e-20 2.29412e-14 6.79788e-10 2.43489e-06 0.00105422 0.0551741 0.349182 0.277902 0.131601 0.131865 0.0397966 0.0115461 0.00173314 0.000139065 4.15317e-06 3.33309e-08 5.56692e-11 1.64168e-14 7.6769e-19 5.28056e-24 5.06011e-30 6.50135e-37
 1.91301e-41 2.65513e-33 4.45453e-26 9.0337e-20 2.21451e-14 6.56198e-10 2.3504e-06 0.00101764 0.0532596 0.337126 0.271657 0.146938 0.138202 0.0396812 0.0105654 0.00145115 9.72986e-05 2.32129e-06 1.46777e-08 1.88664e-11 4.15903e-15 1.41775e-19 7.00592e-25 4.80684e-31 4.44009e-38
 1.9644e-41 2.72646e-33 4.57421e-26 9.2764e-20 2.274e-14 6.73828e-10 2.41354e-06 0.00104498 0.0546906 0.346217 0.279786 0.145251 0.124946 0.0373504 0.00948704 0.00115695 6.61368e-05 1.25821e-06 6.04551e-09 5.83471e-12 9.58768e-16 2.4094e-20 8.66867e-26 4.28247e-32 2.82535e-39
 1.94579e-41 2.70063e-33 4.53087e-26 9.18851e-20 2.25246e-14 6.67444e-10 2.39068e-06 0.00103508 0.0541726 0.343016 0.28033 0.155075 0.123134 0.0342494 0.00801569 0.000924891 4.51656e-05 6.8809e-07 2.52306e-09 1.79613e-12 2.15052e-16 3.93036e-21 1.02713e-26 3.67438e-33 1.74777e-40
 1.8756e-41 2.60322e-33 4.36743e-26 8.85707e-20 2.17121e-14 6.43368e-10 2.30444e-06 0.000997743 0.0522189 0.33077 0.275236 0.169666 0.127077 0.0356055 0.00761869 0.000774256 3.29448e-05 4.10073e-07 1.15395e-09 6.09575e-13 5.30329e-17 6.96208e-22 1.30186e-27 3.33265e-34 1.13545e-41
 1.79309e-41 2.48869e-33 4.1753e-26 8.46743e-20 2.07569e-14 6.15065e-10 2.20306e-06 0.00095385 0.0499222 0.316391 0.269245 0.18441 0.131622 0.0387476 0.00794894 0.000730633 2.5998e-05 2.62545e-07 5.77677e-10 2.2915e-13 1.45897e-17 1.38196e-22 1.84861e-28 3.36776e-35 8.1454e-43
 1.8312e-41 2.54159e-33 4.26404e-26 8.6474e-20 2.11981e-14 6.28137e-10 2.24989e-06 0.000974124 0.0509837 0.323222 0.276733 0.181685 0.121321 0.0370351 0.00738404 0.000640006 1.95101e-05 1.5726e-07 2.66849e-10 8.0094e-14 3.78359e-18 2.61327e-23 2.51861e-29 3.28163e-36 5.65078e-44
 1.83128e-41 2.54169e-33 4.26421e-26 8.64774e-20 2.11989e-14 6.28162e-10 2.24998e-06 0.000974162 0.0509857 0.323235 0.276749 0.181952 0.122278 0.0364363 0.00683118 0.000541946 1.45912e-05 1.00761e-07 1.43147e-10 3.54244e-14 1.36629e-18 7.65453e-24 5.95643e-30 6.24553e-37 8.63382e-45
#pred catch len freq
 2.56752e-27 2.60009e-27 4.34805e-26 8.63263e-20 2.11619e-14 6.27064e-10 2.24604e-06 0.000972448 0.0508944 0.321972 0.24644 0.0369832 0.108363 0.100115 0.0260968 0.0346861 0.0162268 0.014292 0.00961613 0.00785678 0.00650745 0.00585034 0.00603515 0.00542678 0.00166359
 2.56943e-27 2.60493e-27 4.73052e-26 9.43929e-20 2.31393e-14 6.85658e-10 2.45591e-06 0.00106332 0.0556501 0.352058 0.269458 0.0398111 0.113713 0.104687 0.0205803 0.0206945 0.00798522 0.00496482 0.00273972 0.00189128 0.00136311 0.00108759 0.00101541 0.00092333 0.000311136
 2.56909e-27 2.60393e-27 4.63335e-26 9.23426e-20 2.26367e-14 6.70765e-10 2.40257e-06 0.00104022 0.0544414 0.344411 0.263637 0.0409093 0.126161 0.116111 0.0215301 0.0199154 0.00667713 0.00268975 0.00108246 0.000534341 0.000302146 0.000201374 0.000162705 0.000141824 4.97472e-05
 2.56855e-27 2.60249e-27 4.50732e-26 8.9684e-20 2.19849e-14 6.51453e-10 2.3334e-06 0.00101027 0.052874 0.334495 0.256069 0.0411581 0.133371 0.122815 0.0236462 0.0230477 0.00753116 0.002677 0.000840914 0.000261153 9.44406e-05 4.55018e-05 2.92967e-05 2.29447e-05 8.04766e-06
 2.57103e-27 2.60923e-27 5.10434e-26 1.02279e-19 2.50724e-14 7.4294e-10 2.66109e-06 0.00115215 0.0602993 0.38147 0.291909 0.0393303 0.0942815 0.0867561 0.0174903 0.0180849 0.00601334 0.00228805 0.000688531 0.000176294 3.92591e-05 1.06562e-05 4.51208e-06 2.86612e-06 9.64317e-07
 2.56811e-27 2.60122e-27 4.38814e-26 8.71696e-20 2.13686e-14 6.33189e-10 2.26798e-06 0.000981948 0.0513916 0.325117 0.248923 0.0421097 0.145634 0.133986 0.0229927 0.0187537 0.00635935 0.00264959 0.000827409 0.000220012 4.21405e-05 6.88109e-06 1.39748e-06 5.7416e-07 1.73813e-07
 2.56773e-27 2.6003e-27 4.31808e-26 8.56921e-20 2.10064e-14 6.22456e-10 2.22953e-06 0.000965303 0.0505205 0.319607 0.244703 0.0413432 0.142766 0.131585 0.0270313 0.0285496 0.00903285 0.0027306 0.000858398 0.000247283 4.95823e-05 7.1783e-06 7.75087e-07 1.34502e-07 3.12664e-08
 2.57067e-27 2.60828e-27 5.02201e-26 1.00542e-19 2.46467e-14 7.30325e-10 2.6159e-06 0.00113259 0.0592754 0.374992 0.286964 0.0394255 0.0984798 0.0906569 0.01866 0.0197853 0.00675599 0.00283258 0.000809888 0.000182333 3.81506e-05 5.84836e-06 5.38475e-07 3.80727e-08 4.4414e-09
 2.56994e-27 2.60619e-27 4.82544e-26 9.63946e-20 2.363e-14 7.00199e-10 2.50799e-06 0.00108587 0.0568303 0.359524 0.275177 0.0409672 0.118493 0.108909 0.0179747 0.0136103 0.00462252 0.00195118 0.000637014 0.000178987 3.08791e-05 4.38977e-06 4.2254e-07 2.1634e-08 8.99718e-10
 2.5698e-27 2.60582e-27 4.79583e-26 9.57701e-20 2.34769e-14 6.95662e-10 2.49175e-06 0.00107883 0.0564621 0.357195 0.273396 0.0407917 0.11841 0.108913 0.0194538 0.0169588 0.00526575 0.00145256 0.000453743 0.00013403 2.85449e-05 3.92938e-06 3.34679e-07 1.67927e-08 3.96728e-10
 2.5702e-27 2.60694e-27 4.89568e-26 9.78766e-20 2.39933e-14 7.10963e-10 2.54655e-06 0.00110256 0.057704 0.365051 0.279389 0.040425 0.111408 0.102462 0.0184936 0.0164034 0.00526101 0.00171251 0.000463825 9.67897e-05 2.04182e-05 3.28295e-06 2.91367e-07 1.31271e-08 2.73594e-10
 2.57082e-27 2.60858e-27 5.0386e-26 1.00892e-19 2.47324e-14 7.32864e-10 2.625e-06 0.00113652 0.0594815 0.376296 0.287972 0.0402186 0.103807 0.0953966 0.0163175 0.0132156 0.00424292 0.00140208 0.000402514 9.13501e-05 1.44907e-05 2.00277e-06 1.9972e-07 9.46899e-09 1.80282e-10
 2.57111e-27 2.60934e-27 5.10392e-26 1.02269e-19 2.50701e-14 7.42873e-10 2.66085e-06 0.00115204 0.0602939 0.381435 0.291896 0.040169 0.100673 0.0924755 0.0152674 0.0115487 0.00362418 0.0010715 0.000305164 7.13763e-05 1.22887e-05 1.45984e-06 1.18448e-07 6.02635e-09 1.19695e-10
 2.57057e-27 2.60786e-27 4.97022e-26 9.94488e-20 2.43787e-14 7.22383e-10 2.58746e-06 0.00112027 0.0586309 0.370915 0.283872 0.0407799 0.11096 0.101921 0.016099 0.0110632 0.00341 0.000915701 0.000247604 5.28311e-05 9.1641e-06 1.15363e-06 8.50474e-08 3.58734e-09 7.35063e-11
 2.56938e-27 2.60464e-27 4.68753e-26 9.34853e-20 2.29168e-14 6.79066e-10 2.4323e-06 0.00105309 0.0551151 0.348673 0.266899 0.0414462 0.127955 0.117649 0.0197105 0.0153378 0.00466639 0.00113213 0.000292767 5.68959e-05 9.03959e-06 1.09765e-06 8.40193e-08 3.26298e-09 5.73537e-11
 2.56954e-27 2.60511e-27 4.73159e-26 9.44149e-20 2.31447e-14 6.85818e-10 2.45649e-06 0.00106356 0.0556631 0.35214 0.269541 0.0410745 0.12327 0.113379 0.019894 0.016839 0.00523752 0.00144843 0.000370772 6.5419e-05 9.55861e-06 1.04773e-06 7.57793e-08 2.98083e-09 4.84495e-11
 2.57017e-27 2.60683e-27 4.88343e-26 9.76181e-20 2.39299e-14 7.09086e-10 2.53983e-06 0.00109965 0.0575516 0.364087 0.278657 0.040653 0.113658 0.104497 0.0181051 0.0149994 0.00475001 0.00145787 0.000392842 7.68466e-05 1.06864e-05 1.05564e-06 6.83361e-08 2.51734e-09 4.05386e-11
 2.5701e-27 2.60662e-27 4.86279e-26 9.71827e-20 2.38232e-14 7.05923e-10 2.5285e-06 0.00109474 0.0572949 0.362463 0.277421 0.0408994 0.116402 0.106987 0.0177822 0.0136333 0.00428998 0.00128383 0.000356701 7.70342e-05 1.17148e-05 1.18237e-06 6.90477e-08 2.26284e-09 3.39684e-11
 2.57071e-27 2.60825e-27 5.00639e-26 1.00212e-19 2.45658e-14 7.27928e-10 2.60731e-06 0.00112887 0.0590809 0.373762 0.286043 0.0405785 0.107902 0.0991209 0.016 0.0115425 0.00356029 0.000954904 0.000259133 5.53109e-05 9.03222e-06 1.00932e-06 6.1785e-08 1.86144e-09 2.4848e-11
 2.5712e-27 2.60956e-27 5.12074e-26 1.02624e-19 2.51571e-14 7.45449e-10 2.67007e-06 0.00115604 0.060503 0.382758 0.292908 0.040326 0.101156 0.0928772 0.0145465 0.00979636 0.00298536 0.000746034 0.000193598 3.75617e-05 5.97772e-06 6.95871e-07 4.72225e-08 1.50166e-09 1.87694e-11
 2.57157e-27 2.61057e-27 5.20949e-26 1.04496e-19 2.5616e-14 7.59049e-10 2.71879e-06 0.00117713 0.0616068 0.389741 0.298237 0.0401047 0.0957287 0.0878595 0.0134929 0.00865444 0.0026068 0.000604276 0.000151885 2.74455e-05 4.02085e-06 4.4011e-07 3.06493e-08 1.06912e-09 1.41081e-11
 2.57164e-27 2.61075e-27 5.2252e-26 1.04828e-19 2.56973e-14 7.61457e-10 2.72741e-06 0.00118086 0.0618022 0.390978 0.299181 0.0401169 0.0951579 0.0873195 0.0131579 0.00802512 0.00239768 0.000526808 0.000128612 2.16468e-05 2.98322e-06 2.98762e-07 1.92873e-08 6.82176e-10 9.74763e-12
 2.57132e-27 2.60989e-27 5.14796e-26 1.03198e-19 2.52978e-14 7.4962e-10 2.68501e-06 0.00116251 0.0608415 0.3849 0.294545 0.0403913 0.100504 0.0922439 0.013863 0.00839241 0.00249004 0.000518039 0.000123565 1.97311e-05 2.56821e-06 2.38186e-07 1.40138e-08 4.58119e-10 6.57768e-12
 2.57098e-27 2.60896e-27 5.067e-26 1.0149e-19 2.48792e-14 7.37214e-10 2.64058e-06 0.00114327 0.0598346 0.37853 0.289684 0.0405731 0.105302 0.0966866 0.0149207 0.00968599 0.00287689 0.000595918 0.000140203 2.12684e-05 2.65011e-06 2.30549e-07 1.24794e-08 3.7022e-10 4.92014e-12
 2.57142e-27 2.61017e-27 5.17425e-26 1.03753e-19 2.54338e-14 7.53648e-10 2.69944e-06 0.00116876 0.0611684 0.386968 0.296121 0.0401815 0.0977999 0.0897786 0.0139744 0.00926866 0.0027787 0.000617412 0.000146943 2.21219e-05 2.66648e-06 2.19539e-07 1.11118e-08 3.0199e-10 3.63642e-12
 2.57173e-27 2.61099e-27 5.24625e-26 1.05272e-19 2.58061e-14 7.64682e-10 2.73896e-06 0.00118587 0.0620639 0.392633 0.300445 0.0400435 0.0937123 0.0859876 0.0129575 0.00790413 0.00237181 0.00053828 0.00013075 2.09173e-05 2.54213e-06 2.04404e-07 9.78495e-09 2.4759e-10 2.72596e-12
 2.5717e-27 2.6109e-27 5.23679e-26 1.05072e-19 2.57572e-14 7.63232e-10 2.73377e-06 0.00118362 0.0619463 0.391889 0.299878 0.0401924 0.0952431 0.0873728 0.0127062 0.00698024 0.00206243 0.000422653 0.000101317 1.65691e-05 2.10076e-06 1.75527e-07 8.27718e-09 1.98735e-10 2.03279e-12
 2.57176e-27 2.61107e-27 5.25194e-26 1.05392e-19 2.58355e-14 7.65553e-10 2.74208e-06 0.00118722 0.0621347 0.393081 0.300787 0.040117 0.0940308 0.0862624 0.0126615 0.00715627 0.00209086 0.000385225 8.8191e-05 1.32098e-05 1.6677e-06 1.44466e-07 7.12455e-09 1.70535e-10 1.66269e-12
 2.57201e-27 2.61174e-27 5.31184e-26 1.06656e-19 2.61453e-14 7.74732e-10 2.77496e-06 0.00120145 0.0628797 0.397794 0.304383 0.0399229 0.0900274 0.082571 0.0120615 0.0067178 0.00196843 0.000373331 8.40353e-05 1.13818e-05 1.32886e-06 1.0934e-07 5.53068e-09 1.38187e-10 1.35476e-12
#obs catch len freq
 1.757e-41 2.4386e-33 4.09126e-26 8.297e-20 2.03391e-14 6.02685e-10 2.15872e-06 0.000934651 0.0489159 0.309456 0.237033 0.0440804 0.153103 0.129708 0.03658 0.0281451 0.00865057 0.00276748 0.000553897 6.63541e-05 3.47692e-06 5.80355e-08 2.29473e-10 1.72616e-13 2.13646e-17
 1.77658e-41 2.46578e-33 4.13685e-26 8.38946e-20 2.05658e-14 6.09401e-10 2.18278e-06 0.000945067 0.049461 0.312905 0.239725 0.0460214 0.155396 0.124542 0.0353924 0.025465 0.00747375 0.00222014 0.000406498 4.25608e-05 1.84371e-06 2.40315e-08 7.10994e-11 3.89422e-14 3.45284e-18
 2.18078e-41 3.02678e-33 5.07805e-26 1.02982e-19 2.52448e-14 7.48048e-10 2.67939e-06 0.00116008 0.0607141 0.384095 0.29404 0.0433296 0.0989902 0.0748379 0.0221658 0.0150629 0.00423211 0.00115987 0.000191604 1.73371e-05 6.16363e-07 6.25396e-09 1.38348e-11 5.52047e-15 3.51096e-19
 1.73955e-41 2.41438e-33 4.05063e-26 8.21459e-20 2.01371e-14 5.967e-10 2.13728e-06 0.000925369 0.0484301 0.306384 0.234972 0.0537306 0.183458 0.128756 0.0256203 0.0130762 0.00358553 0.000914091 0.000135336 1.04298e-05 3.00717e-07 2.3627e-09 3.90479e-12 1.13639e-15 5.19268e-20
 2.10904e-41 2.92721e-33 4.911e-26 9.95941e-20 2.44143e-14 7.23441e-10 2.59125e-06 0.00112192 0.0587169 0.37146 0.284538 0.0474481 0.113375 0.0765896 0.0272756 0.0159284 0.00291272 0.000552565 7.34633e-05 4.79608e-06 1.10752e-07 6.67752e-10 8.21742e-13 1.74456e-16 5.73719e-21
 2.38874e-41 3.31542e-33 5.5623e-26 1.12802e-19 2.76522e-14 8.19384e-10 2.9349e-06 0.00127071 0.0665039 0.420723 0.32211 0.045368 0.0779569 0.048039 0.0108906 0.00535074 0.00148653 0.000272742 2.37273e-05 1.22022e-06 2.24385e-08 1.02999e-10 9.38081e-14 1.44911e-17 3.42983e-22
 1.35016e-41 1.87393e-33 3.1439e-26 6.37577e-20 1.56294e-14 4.63129e-10 1.65885e-06 0.000718226 0.0375891 0.237804 0.183392 0.075729 0.271849 0.15493 0.0263216 0.00955536 0.00175638 0.000321903 3.09326e-05 1.10754e-06 1.43612e-08 4.93027e-11 3.30905e-14 3.70532e-18 6.29661e-23
 2.2426e-41 3.11258e-33 5.22199e-26 1.05901e-19 2.59604e-14 7.69254e-10 2.75534e-06 0.00119297 0.0624351 0.394984 0.302618 0.0481308 0.0868075 0.0524821 0.0336545 0.0154479 0.00199677 0.000229325 1.75715e-05 6.03553e-07 5.7662e-09 1.33167e-11 6.31576e-15 5.08468e-19 6.18891e-24
 2.02391e-41 2.80906e-33 4.71277e-26 9.55741e-20 2.34289e-14 6.9424e-10 2.48666e-06 0.00107664 0.0563469 0.35647 0.273763 0.0633585 0.150786 0.0746703 0.0145472 0.00646251 0.00222631 0.000277179 1.27847e-05 3.06211e-07 2.4315e-09 4.22409e-12 1.35584e-15 7.39711e-20 6.27317e-25
 2.06609e-41 2.8676e-33 4.811e-26 9.75661e-20 2.39172e-14 7.0871e-10 2.53848e-06 0.00109908 0.0575212 0.3639 0.279536 0.0636472 0.138241 0.0665837 0.0211109 0.00710159 0.00105709 0.000186815 1.23226e-05 2.05583e-07 1.03888e-09 1.33597e-12 3.21463e-16 1.2348e-20 7.0926e-26
 2.02482e-41 2.81031e-33 4.71488e-26 9.56169e-20 2.34394e-14 6.94551e-10 2.48777e-06 0.00107712 0.0563721 0.356632 0.274315 0.0693973 0.148078 0.0662096 0.01996 0.00667063 0.00116145 0.000117772 6.96541e-06 1.42784e-07 5.89149e-10 4.84909e-13 7.84022e-17 2.16325e-21 8.97029e-27
 2.14316e-41 2.97457e-33 4.99046e-26 1.01205e-19 2.48093e-14 7.35146e-10 2.63317e-06 0.00114007 0.0596669 0.377477 0.290275 0.0677386 0.12636 0.0535512 0.017522 0.00530775 0.000868166 8.69566e-05 3.66266e-06 5.75053e-08 2.36344e-10 1.71523e-13 1.96565e-17 3.54617e-22 9.85855e-28
 2.08666e-41 2.89614e-33 4.85888e-26 9.85371e-20 2.41552e-14 7.15763e-10 2.56375e-06 0.00111001 0.0580937 0.367528 0.28318 0.0755034 0.139506 0.0542599 0.015688 0.00436418 0.000699873 6.26496e-05 2.33217e-06 2.71685e-08 8.02632e-11 4.87096e-14 4.83889e-18 6.93081e-23 1.37536e-28
 2.04884e-41 2.84365e-33 4.77082e-26 9.67513e-20 2.37174e-14 7.02791e-10 2.51728e-06 0.0010899 0.0570409 0.360871 0.278604 0.0817082 0.144824 0.0540021 0.0170663 0.00417237 0.00057103 4.58628e-05 1.47657e-06 1.40497e-08 3.08451e-11 1.31373e-14 9.63315e-19 1.08988e-23 1.74028e-29
 1.92829e-41 2.67634e-33 4.49011e-26 9.10586e-20 2.23219e-14 6.6144e-10 2.36917e-06 0.00102577 0.0536847 0.339647 0.263335 0.0939291 0.164561 0.0589499 0.0196486 0.00457805 0.000598862 3.96159e-05 1.04912e-06 8.1324e-09 1.39304e-11 4.39881e-15 2.28199e-19 1.80656e-24 2.07097e-30
 1.74972e-41 2.42849e-33 4.0743e-26 8.26259e-20 2.02548e-14 6.00186e-10 2.14977e-06 0.000930776 0.0487131 0.308207 0.240681 0.110009 0.189747 0.0686898 0.0263335 0.00589021 0.000751317 4.47496e-05 9.5878e-07 5.73711e-09 7.56969e-12 1.81095e-15 6.94417e-20 3.95943e-25 3.19904e-31
 1.96689e-41 2.72992e-33 4.58e-26 9.28815e-20 2.27688e-14 6.74682e-10 2.4166e-06 0.0010463 0.0547594 0.346458 0.269498 0.0977561 0.144386 0.0552493 0.0244391 0.00562934 0.000735014 4.0331e-05 7.39561e-07 3.47068e-09 3.41398e-12 6.0353e-16 1.70851e-20 7.14475e-26 4.1902e-32
 1.91811e-41 2.66221e-33 4.46642e-26 9.0578e-20 2.22041e-14 6.57949e-10 2.35667e-06 0.00102036 0.0534014 0.337882 0.264414 0.111916 0.157083 0.05106 0.0181611 0.00441645 0.000608998 3.24719e-05 5.25489e-07 2.01348e-09 1.52075e-12 1.97908e-16 4.05142e-21 1.22203e-26 5.17608e-33
 1.90894e-41 2.64948e-33 4.44506e-26 9.01449e-20 2.2098e-14 6.54803e-10 2.3454e-06 0.00101548 0.053146 0.336282 0.264307 0.118405 0.154204 0.0508851 0.017879 0.00342939 0.00042256 2.22952e-05 3.30358e-07 1.06838e-09 6.39733e-13 6.3237e-17 9.53748e-22 2.07757e-27 6.29026e-34
 1.92765e-41 2.67545e-33 4.48862e-26 9.10283e-20 2.23145e-14 6.6122e-10 2.36838e-06 0.00102543 0.0536669 0.339595 0.267934 0.122886 0.146982 0.0480213 0.0165311 0.00303299 0.000308511 1.33144e-05 1.7522e-07 4.89179e-10 2.39021e-13 1.84457e-17 2.10481e-22 3.39317e-28 7.4816e-35
 2.00319e-41 2.7803e-33 4.66453e-26 9.45957e-20 2.3189e-14 6.87133e-10 2.4612e-06 0.00106561 0.0557701 0.352918 0.278816 0.122021 0.131539 0.041743 0.0135431 0.0023573 0.000217045 7.55995e-06 7.70661e-08 1.74063e-10 6.93463e-14 4.2586e-18 3.76039e-23 4.58611e-29 7.51996e-36
 2.00456e-41 2.7822e-33 4.66772e-26 9.46605e-20 2.32049e-14 6.87604e-10 2.46289e-06 0.00106634 0.0558084 0.353192 0.280758 0.129794 0.128922 0.0377112 0.0108711 0.0017283 0.000142028 4.19452e-06 3.32337e-08 5.59473e-11 1.68495e-14 7.97543e-19 5.44136e-24 5.08003e-30 6.29555e-37
 2.04281e-41 2.83529e-33 4.75678e-26 9.64667e-20 2.36477e-14 7.00723e-10 2.50988e-06 0.00108669 0.0568733 0.35996 0.287151 0.131074 0.118798 0.0345132 0.00919542 0.00125586 8.76278e-05 2.16069e-06 1.36664e-08 1.7414e-11 3.83286e-15 1.31805e-19 6.60153e-25 4.57698e-31 4.23753e-38
 1.97718e-41 2.74419e-33 4.60395e-26 9.33671e-20 2.28878e-14 6.78209e-10 2.42923e-06 0.00105177 0.0550461 0.348468 0.281581 0.14594 0.124234 0.0342414 0.00834223 0.00103315 5.96245e-05 1.16778e-06 5.78726e-09 5.64662e-12 9.25731e-16 2.31598e-20 8.32426e-26 4.12828e-32 2.74423e-39
 2.02704e-41 2.8134e-33 4.72006e-26 9.57219e-20 2.34651e-14 6.95314e-10 2.4905e-06 0.0010783 0.0564345 0.357296 0.289513 0.143509 0.111886 0.0320557 0.00737854 0.000806266 3.92995e-05 6.08011e-07 2.27853e-09 1.66364e-12 2.02723e-16 3.7309e-21 9.75059e-27 3.47942e-33 1.65142e-40
 2.00902e-41 2.78838e-33 4.67809e-26 9.48706e-20 2.32564e-14 6.8913e-10 2.46835e-06 0.00106871 0.0559329 0.354213 0.290323 0.152615 0.109837 0.0291632 0.00618552 0.000632873 2.60744e-05 3.2043e-07 9.10695e-10 4.88746e-13 4.33033e-17 5.78595e-22 1.09677e-27 2.83105e-34 9.68123e-42
 1.94152e-41 2.6947e-33 4.52092e-26 9.16834e-20 2.24751e-14 6.65978e-10 2.38543e-06 0.00103281 0.0540543 0.342464 0.285907 0.166608 0.113405 0.0301785 0.00580872 0.000521092 1.85464e-05 1.84408e-07 3.99867e-10 1.58658e-13 1.01919e-17 9.76868e-23 1.32359e-28 2.44242e-35 5.97698e-43
 1.86211e-41 2.58448e-33 4.33601e-26 8.79333e-20 2.15558e-14 6.38738e-10 2.28786e-06 0.000990564 0.0518441 0.328661 0.280704 0.180799 0.117742 0.0327536 0.00600765 0.000482203 1.42453e-05 1.14141e-07 1.92326e-10 5.70837e-14 2.67779e-18 1.84947e-23 1.79119e-29 2.35096e-36 4.08218e-44
 1.90698e-41 2.64676e-33 4.44049e-26 9.00522e-20 2.20752e-14 6.5413e-10 2.34299e-06 0.00101443 0.0530931 0.33652 0.284862 0.171809 0.11312 0.0329786 0.00610696 0.000480761 1.28864e-05 8.87519e-08 1.25884e-10 3.11212e-14 1.19953e-18 6.71715e-24 5.22522e-30 5.47739e-37 7.57038e-45
#spawning biomass
 6528.23 8555.22 11239 13484.4 20979.4 32302.7 31426.6 38400 49203 60014.9 77614.2 98468 132210 147477 155238 135778 129372 125192 106733 101782 108524 120645 129993 136535 139699 146987 140035 138574 131625 90282.6 101385 44773.2 21500.6 14524.5 12681.4 12230.2 12125.3 12101.8 12096.7 12095.6 12095.4 12095.3 12095.3 12095.3 12095.3 12095.3 12095.3 12095.3 12095.3 12095.3 12095.3 12095.3 12095.3 12095.3 12095.3 12095.3 12095.3 12095.3 12095.3 12095.3 12095.3 12095.3 12095.3 12095.3 12095.3 12095.3 12095.3 12095.3 12095.3 12095.3 12095.3 12095.3 12095.3 12095.3 12095.3 12095.3 12095.3 12095.3 12095.3 12095.3 12095.3 12095.3 12095.3 12095.3 12095.3 12095.3 12095.3 12095.3 12095.3 12095.3 12095.3 12095.3 12095.3 12095.3 12095.3 12095.3 12095.3 12095.3 12095.3 12095.3 12095.3 12095.3 12095.3 12095.3 12095.3 12095.3 12095.3 12095.3 12095.3 12095.3 12095.3 12095.3 12095.3 12095.3 12095.3 12095.3 12095.3 12095.3 12095.3 12095.3 12095.3 12095.3 12095.3 12095.3 12095.3 12095.3 12095.3 12095.3 12095.3 0 0 0 0 0 0 0 0 0 0 0 0 0 0 0 0 0 0 0 0 0 0 0 0 0
