SBPRF35
0.819782
Curr Bio
231914
B35
968961
F35
0.216625
FOFL
0
OFL
0
Bzero
234224
#pred survey bio
 11112 8701.98 7074.53 7081.67 10872.6 16718.7 21923.9 30822.1 42657 56779.6 78492.9 110355 145244 177892 183353 151771 161649 174670 187179 174082 181237 191322 203358 214102 240773 249698 233801 228940 210792 5.09482e+06 8.57119e+06 9.25007e+06 8.79635e+06 7.77494e+06 6.60182e+06 5.50816e+06 4.5901e+06 3.86578e+06 3.31627e+06 2.90981e+06 2.61393e+06 2.40055e+06 2.24723e+06 2.13587e+06 2.05373e+06 1.99551e+06 1.95377e+06 1.92349e+06 1.90127e+06 1.88476e+06 1.87235e+06 1.86292e+06 1.85567e+06 1.85006e+06 1.84567e+06 1.84221e+06 1.83947e+06 1.83729e+06 1.83554e+06 1.83413e+06 1.833e+06 1.83208e+06 1.83133e+06 1.83073e+06 1.83024e+06 1.82984e+06 1.82951e+06 1.82924e+06 1.82903e+06 1.82885e+06 1.8287e+06 1.82858e+06 1.82849e+06 1.82841e+06 1.82834e+06 1.82829e+06 1.82825e+06 1.82821e+06 1.82818e+06 1.82816e+06 1.82814e+06 1.82812e+06 1.82811e+06 1.8281e+06 1.82809e+06 1.82808e+06 1.82808e+06 1.82807e+06 1.82807e+06 1.82806e+06 1.82806e+06 1.82806e+06 1.82806e+06 1.82806e+06 1.82806e+06 1.82805e+06 1.82805e+06 1.82805e+06 1.82805e+06 1.82805e+06 1.82805e+06 1.82805e+06 1.82805e+06 1.82805e+06 1.82805e+06 1.82805e+06 1.82805e+06 1.82805e+06 1.82805e+06 1.82805e+06 1.82805e+06 1.82805e+06 1.82805e+06 1.82805e+06 1.82805e+06 1.82805e+06 1.82805e+06 1.82805e+06 1.82805e+06 1.82805e+06 1.82805e+06 1.82805e+06 1.82805e+06 1.82805e+06 1.82805e+06 1.82805e+06 1.82805e+06 1.82805e+06 1.82805e+06 0 0 0 0 0 0 0 0 0 0 0 0 0 0 0 0 0 0 0 0 0 0 0 0 0
#obs survey bio
 11394.4 6470.34 7199.69 11229.1 15487.7 15236.9 25337 39310.3 40888.7 46900.1 75174 85047.2 153772 111312 185418 155320 149587 152699 208272 174099 245281 237207 247306 160818 323901 228000 209894 224259 196656
#pred catch bio
 5764.73 4194.37 3578.29 3028.44 5075.67 9898.16 13188.5 19500.6 28999 38433.6 52317 77676.8 103959 131130 146497 113678 125831 136280 157547 139353 142636 157712 175647 176197 202166 221944 207158 210691 186972 0 71811.4 76925.3 72382.5 63112.6 52721.1 43187.3 35307.2 29197.8 24658.7 21385.6 19075.7 17471.3 16369.6 15614.6 15096.7 14755.3 14530.2 14381.9 14284 14219.5 14177 14149 14130.5 14118.3 14110.3 14105 14101.5 14099.2 14097.7 14096.7 14096 14095.6 14095.3 14095.1 14095 14094.9 14094.9 14094.8 14094.8 14094.8 14094.8 14094.8 14094.8 14094.8 14094.8 14094.8 14094.8 14094.8 14094.8 14094.8 14094.8 14094.8 14094.8 14094.8 14094.8 14094.8 14094.8 14094.8 14094.8 14094.8 14094.8 14094.8 14094.8 14094.8 14094.8 14094.8 14094.8 14094.8 14094.8 14094.8 14094.8 14094.8 14094.8 14094.8 14094.8 14094.8 14094.8 14094.8 14094.8 14094.8 14094.8 14094.8 14094.8 14094.8 14094.8 14094.8 14094.8 14094.8 14094.8 14094.8 14094.8 14094.8 14094.8 14094.8 14094.8 14094.8 14094.8 14094.8 14094.8 0 0 0 0 0 0 0 0 0 0 0 0 0 0 0 0 0 0 0 0 0 0 0 0 0
#obs catch bio
 4097.42 4119.43 3952.96 2938.62 4718.18 9484.68 12626.3 18418.5 28539.7 37713.2 49727.3 75058.5 96549 128255 144322 110560 120178 133383 156318 133814 127053 141306 161391 162464 172686 202952 188202 203422 186097
#pred cpue bio
 10672.3 8435.48 6711.68 6356.44 9636.5 14929.6 19258.6 26943 37143.7 49050.7 67834.6 95328.6 125762 156709 165275 134292 140979 152188 163798 151253 158680 165896 173572 182756 207499 215035 200364 195360 179625 4.3468e+06 8.5392e+06 9.2181e+06 8.76438e+06 7.74297e+06 6.56985e+06 5.47618e+06 4.55813e+06 3.8338e+06 3.2843e+06 2.87784e+06 2.58196e+06 2.36858e+06 2.21526e+06 2.1039e+06 2.02176e+06 1.96354e+06 1.9218e+06 1.89152e+06 1.8693e+06 1.85279e+06 1.84038e+06 1.83095e+06 1.8237e+06 1.81809e+06 1.8137e+06 1.81024e+06 1.8075e+06 1.80532e+06 1.80357e+06 1.80216e+06 1.80103e+06 1.80011e+06 1.79936e+06 1.79876e+06 1.79827e+06 1.79787e+06 1.79754e+06 1.79727e+06 1.79706e+06 1.79688e+06 1.79673e+06 1.79661e+06 1.79652e+06 1.79644e+06 1.79637e+06 1.79632e+06 1.79628e+06 1.79624e+06 1.79621e+06 1.79619e+06 1.79617e+06 1.79615e+06 1.79614e+06 1.79613e+06 1.79612e+06 1.79611e+06 1.79611e+06 1.7961e+06 1.7961e+06 1.79609e+06 1.79609e+06 1.79609e+06 1.79609e+06 1.79609e+06 1.79608e+06 1.79608e+06 1.79608e+06 1.79608e+06 1.79608e+06 1.79608e+06 1.79608e+06 1.79608e+06 1.79608e+06 1.79608e+06 1.79608e+06 1.79608e+06 1.79608e+06 1.79608e+06 1.79608e+06 1.79608e+06 1.79608e+06 1.79608e+06 1.79608e+06 1.79608e+06 1.79608e+06 1.79608e+06 1.79608e+06 1.79608e+06 1.79608e+06 1.79608e+06 1.79608e+06 1.79608e+06 1.79608e+06 1.79608e+06 1.79608e+06 1.79608e+06 1.79608e+06 1.79608e+06 1.79608e+06 0 0 0 0 0 0 0 0 0 0 0 0 0 0 0 0 0 0 0 0 0 0 0 0 0
#obs cpue bio
 6143.09 9728.55 5596.74 4908.79 10509.1 17767.9 19167.5 26694.1 37373.3 60856.6 90769.1 136996 170104 229421 188869 140684 188467 173179 166810 165574 208866 214633 188706 301398 337899 302813 319788 225947 204903
#pred surv len freq
 5.41914e-12 5.88454e-10 3.76734e-08 1.42199e-06 3.16449e-05 0.000415233 0.00321388 0.0147022 0.0401533 0.0686969 0.0883522 0.117301 0.155904 0.159164 0.122856 0.084708 0.0561864 0.0346236 0.0204972 0.0122627 0.00768446 0.00524457 0.00384889 0.00267552 0.00147672
 4.60825e-12 5.00401e-10 3.20362e-08 1.20921e-06 2.69097e-05 0.0003531 0.00273298 0.0125024 0.0341474 0.058439 0.0752711 0.100513 0.136081 0.146828 0.128755 0.10512 0.0789702 0.0521535 0.0310547 0.0170924 0.00906645 0.00499971 0.0030238 0.00187448 0.000992916
 7.50718e-12 8.1519e-10 5.21892e-08 1.96988e-06 4.38372e-05 0.000575179 0.00445039 0.0203247 0.055043 0.0904551 0.0998861 0.0989603 0.109434 0.112513 0.101035 0.0885864 0.0750523 0.0579944 0.0396568 0.0234085 0.012063 0.00572833 0.0027441 0.00138626 0.000656388
 1.16031e-11 1.25996e-09 8.06636e-08 3.04465e-06 6.77544e-05 0.000888977 0.00687774 0.0313956 0.0848231 0.137768 0.144566 0.124471 0.116762 0.104164 0.0749333 0.0502128 0.0374441 0.0300091 0.0232071 0.0158895 0.00917121 0.00442766 0.00187147 0.000753568 0.000292886
 1.15116e-11 1.25002e-09 8.00275e-08 3.02064e-06 6.72203e-05 0.000881975 0.00682384 0.0311559 0.0842622 0.137556 0.147597 0.135197 0.135056 0.121268 0.0821507 0.0468303 0.0268653 0.0163269 0.010877 0.00765024 0.00497361 0.00270125 0.00118576 0.000432456 0.000138049
 1.0758e-11 1.16818e-09 7.47883e-08 2.82289e-06 6.28196e-05 0.000824241 0.00637736 0.0291224 0.0788309 0.12924 0.141235 0.135721 0.142275 0.130819 0.0905279 0.052791 0.0295201 0.0155436 0.0078973 0.00426338 0.00249945 0.00142411 0.000685282 0.000259529 7.70614e-05
 1.16034e-11 1.25999e-09 8.06655e-08 3.04472e-06 6.77562e-05 0.000889008 0.00687829 0.0314055 0.0849505 0.138787 0.149413 0.138083 0.139185 0.125397 0.0849177 0.0479428 0.0262382 0.0137408 0.00665553 0.00302083 0.0013496 0.000631895 0.000293145 0.000116148 3.53989e-05
 1.17303e-11 1.27377e-09 8.15479e-08 3.07803e-06 6.84974e-05 0.000898733 0.00695356 0.0317496 0.0858875 0.140367 0.151342 0.140381 0.141769 0.126926 0.0840189 0.0451994 0.0233565 0.0116895 0.00547837 0.00239417 0.000960923 0.000360968 0.000133567 4.76515e-05 1.4436e-05
 1.18562e-11 1.28744e-09 8.24231e-08 3.11106e-06 6.92325e-05 0.000908378 0.00702818 0.0320902 0.0868071 0.141856 0.152879 0.141623 0.142729 0.127295 0.0833628 0.043733 0.0217339 0.0103515 0.00457155 0.00188814 0.000718414 0.000246638 7.6515e-05 2.19854e-05 5.76774e-06
 1.21845e-11 1.32309e-09 8.47056e-08 3.19721e-06 7.11497e-05 0.000933532 0.00722274 0.0329774 0.0891909 0.145621 0.156328 0.143295 0.142693 0.126012 0.080959 0.0407759 0.0192457 0.00877554 0.00370547 0.00144748 0.00051648 0.000165395 4.67533e-05 1.15356e-05 2.48889e-06
 1.21216e-11 1.31626e-09 8.42682e-08 3.18071e-06 7.07824e-05 0.000928713 0.00718548 0.0328079 0.0887417 0.144961 0.15596 0.143788 0.143988 0.127293 0.0815119 0.0406248 0.0187635 0.00825501 0.00331467 0.00122497 0.000412872 0.000123938 3.24679e-05 7.266e-06 1.36425e-06
 1.21604e-11 1.32047e-09 8.4538e-08 3.19089e-06 7.1009e-05 0.000931686 0.00720847 0.0329124 0.0890179 0.145361 0.156155 0.143401 0.143092 0.126549 0.0814747 0.0411048 0.01922 0.00845333 0.00333477 0.00118868 0.000380325 0.00010732 2.6264e-05 5.43717e-06 9.26648e-07
 1.19751e-11 1.30035e-09 8.32496e-08 3.14226e-06 6.99267e-05 0.000917488 0.00709869 0.032413 0.0876918 0.143393 0.154955 0.144517 0.146285 0.129505 0.0822698 0.0401964 0.0181281 0.00786263 0.00311271 0.00111014 0.000349253 9.48602e-05 2.1947e-05 4.2436e-06 6.68838e-07
 1.09887e-11 1.19325e-09 7.63927e-08 2.88345e-06 6.41674e-05 0.000841928 0.00651435 0.0297513 0.080579 0.132473 0.146447 0.144628 0.154393 0.139343 0.0889604 0.0435007 0.0194863 0.00827327 0.00317322 0.00110496 0.000344744 9.30173e-05 2.10642e-05 3.90424e-06 5.79352e-07
 9.59549e-12 1.04196e-09 6.67069e-08 2.51786e-06 5.60318e-05 0.000735193 0.0056889 0.0259906 0.0705203 0.116956 0.133992 0.143572 0.163962 0.151848 0.0985906 0.0495783 0.022953 0.00992064 0.00380347 0.00130251 0.000395595 0.00010418 2.32298e-05 4.23951e-06 6.1165e-07
 1.0781e-11 1.17069e-09 7.49487e-08 2.82894e-06 6.29545e-05 0.000826015 0.00639126 0.02919 0.079071 0.130092 0.144268 0.143577 0.154432 0.140185 0.0905359 0.0454521 0.0211422 0.00929971 0.00366657 0.00128532 0.000392473 0.000102006 2.22185e-05 3.96186e-06 5.60453e-07
 1.16209e-11 1.26189e-09 8.07873e-08 3.04932e-06 6.78586e-05 0.000890354 0.00688884 0.0314566 0.0851293 0.139405 0.151581 0.143678 0.147845 0.132092 0.084929 0.04251 0.0197107 0.00865743 0.00342731 0.00121906 0.000381031 0.000101089 2.21471e-05 3.90648e-06 5.41463e-07
 1.15501e-11 1.25421e-09 8.02956e-08 3.03076e-06 6.74456e-05 0.000884937 0.006847 0.0312673 0.0846414 0.138801 0.151823 0.146035 0.15203 0.135278 0.08463 0.0396497 0.016885 0.00704105 0.00273705 0.00096976 0.000304519 8.19243e-05 1.83062e-05 3.28087e-06 4.56437e-07
 1.12921e-11 1.22618e-09 7.85015e-08 2.96304e-06 6.59386e-05 0.000865167 0.0066941 0.0305709 0.0827802 0.135943 0.149591 0.146053 0.154167 0.137982 0.0866692 0.0407894 0.0172496 0.00691166 0.00250147 0.000827694 0.000250479 6.66857e-05 1.49657e-05 2.71759e-06 3.84193e-07
 1.16001e-11 1.25963e-09 8.06427e-08 3.04386e-06 6.77372e-05 0.000888764 0.00687663 0.0314032 0.0850177 0.139485 0.152875 0.147747 0.154284 0.136728 0.0839977 0.0374806 0.0146992 0.00560157 0.00197753 0.000631191 0.000179664 4.48184e-05 9.64012e-06 1.724e-06 2.44327e-07
 1.12134e-11 1.21764e-09 7.79543e-08 2.94239e-06 6.5479e-05 0.000859137 0.0066475 0.030359 0.0822198 0.13513 0.149192 0.146835 0.156021 0.139677 0.0871365 0.0402167 0.0164163 0.00626096 0.00210678 0.00063195 0.00017136 4.0811e-05 8.28256e-06 1.3974e-06 1.90313e-07
 1.18097e-11 1.28239e-09 8.20997e-08 3.09886e-06 6.89609e-05 0.000904818 0.00700074 0.0319674 0.0865101 0.141652 0.153958 0.145728 0.149525 0.132637 0.0834515 0.0396137 0.0169113 0.00674642 0.00235987 0.000719169 0.000190033 4.28761e-05 8.21383e-06 1.31053e-06 1.68596e-07
 1.25404e-11 1.36174e-09 8.71801e-08 3.29061e-06 7.32282e-05 0.000960803 0.00743374 0.0339408 0.0917975 0.149883 0.160927 0.14748 0.146322 0.127246 0.0778092 0.0346674 0.013602 0.00520768 0.00185055 0.00058825 0.00016175 3.71323e-05 6.99008e-06 1.06495e-06 1.29353e-07
 1.24301e-11 1.34976e-09 8.64127e-08 3.26165e-06 7.25837e-05 0.000952349 0.0073684 0.0336442 0.0910183 0.148797 0.160619 0.149269 0.149963 0.130263 0.0780481 0.0327592 0.0115231 0.00392563 0.00126549 0.000376855 0.000102292 2.41107e-05 4.69288e-06 7.25624e-07 8.68459e-08
 1.19892e-11 1.30188e-09 8.33479e-08 3.14597e-06 7.00094e-05 0.000918575 0.00710719 0.0324537 0.0878292 0.143836 0.156438 0.148279 0.152015 0.133657 0.0815721 0.035784 0.0134315 0.00468291 0.00142625 0.000379825 9.20101e-05 2.00774e-05 3.80273e-06 5.94594e-07 7.27762e-08
 1.20307e-11 1.30639e-09 8.3636e-08 3.15685e-06 7.02514e-05 0.00092175 0.00713174 0.0325656 0.0881282 0.144296 0.156801 0.148289 0.151683 0.1332 0.081172 0.0355302 0.013378 0.0047699 0.00151812 0.000418649 9.91278e-05 1.98274e-05 3.37047e-06 4.86012e-07 5.74097e-08
 1.22083e-11 1.32567e-09 8.48707e-08 3.20345e-06 7.12885e-05 0.000935356 0.007237 0.0330458 0.0894221 0.146368 0.158834 0.149649 0.152332 0.13285 0.0794338 0.0330385 0.0114004 0.00378172 0.00117227 0.000325985 7.95226e-05 1.63213e-05 2.73411e-06 3.68374e-07 3.96743e-08
 1.24199e-11 1.34865e-09 8.63418e-08 3.25897e-06 7.25241e-05 0.000951567 0.00736236 0.0336168 0.0909477 0.148709 0.16065 0.149601 0.15057 0.130783 0.0781463 0.0324862 0.0111284 0.00358335 0.0010436 0.000268585 6.21965e-05 1.26319e-05 2.15018e-06 2.93957e-07 3.11859e-08
 1.24354e-11 1.35033e-09 8.64496e-08 3.26304e-06 7.26147e-05 0.000952756 0.00737158 0.0336594 0.0910688 0.148955 0.161138 0.150576 0.151932 0.131616 0.0776289 0.0310655 0.00989367 0.00296919 0.000832419 0.000207662 4.56805e-05 8.66887e-06 1.39482e-06 1.86164e-07 1.97829e-08
#obs surv len freq
 8.19864e-12 8.90276e-10 5.69962e-08 2.15133e-06 4.78749e-05 0.000628148 0.00485988 0.0221867 0.0599744 0.0976721 0.103846 0.0938509 0.0979682 0.106332 0.106104 0.0979037 0.080538 0.058163 0.0370249 0.0201782 0.00890789 0.00298044 0.000707294 0.000112725 1.16034e-05
 1.22102e-12 1.32588e-10 8.48844e-09 3.20402e-07 7.13075e-06 9.36007e-05 0.00072577 0.00334997 0.00955115 0.0195007 0.0389819 0.0810399 0.133825 0.16079 0.156609 0.136775 0.106191 0.0726349 0.0440509 0.0228117 0.00942705 0.00290506 0.0006295 9.14794e-05 8.60197e-06
 1.5061e-11 1.63545e-09 1.04703e-07 3.95201e-06 8.7946e-05 0.00115386 0.00892556 0.0407082 0.109495 0.17391 0.164279 0.096852 0.0495771 0.0506947 0.0737684 0.0822826 0.0661625 0.0421328 0.02322 0.0110463 0.00422563 0.00120159 0.000238584 3.16051e-05 2.7038e-06
 1.39217e-11 1.51173e-09 9.67822e-08 3.65305e-06 8.12939e-05 0.00106663 0.00825237 0.0376735 0.1018 0.165283 0.172324 0.143108 0.123603 0.0984724 0.0592662 0.0321354 0.0225776 0.0170475 0.0103367 0.00477162 0.00167562 0.000433506 7.84308e-05 9.46881e-06 7.37451e-07
 1.14611e-11 1.24454e-09 7.96763e-08 3.00739e-06 6.69257e-05 0.00087812 0.00679433 0.031026 0.0839433 0.137054 0.146167 0.129872 0.126201 0.120905 0.0979634 0.0648995 0.0332452 0.0133009 0.00496655 0.00190475 0.000628368 0.000151652 2.50752e-05 2.74661e-06 1.94044e-07
 1.15773e-11 1.25715e-09 8.04841e-08 3.03788e-06 6.76042e-05 0.000887024 0.0068632 0.0313393 0.0847673 0.138157 0.146023 0.126158 0.119092 0.115409 0.0986955 0.0706582 0.0392472 0.0160679 0.00496065 0.00125629 0.000283503 5.50628e-05 8.07436e-06 8.04973e-07 5.17819e-08
 1.25275e-11 1.36034e-09 8.709e-08 3.28722e-06 7.3153e-05 0.00095983 0.00742654 0.0339111 0.0917066 0.149267 0.156576 0.131518 0.118245 0.109305 0.0890999 0.0608852 0.0327034 0.0131848 0.00400898 0.000932816 0.000166802 2.31247e-05 2.48457e-06 1.98403e-07 1.09817e-08
 1.19464e-11 1.29724e-09 8.30505e-08 3.13475e-06 6.97604e-05 0.000915332 0.00708279 0.0323521 0.0876105 0.143393 0.153425 0.134968 0.126146 0.115872 0.0912307 0.0596967 0.0307931 0.0119792 0.00352348 0.000789235 0.000132106 1.60467e-05 1.38608e-06 8.42414e-08 3.56126e-09
 1.23788e-11 1.34419e-09 8.60564e-08 3.24821e-06 7.22853e-05 0.000948464 0.00733918 0.0335225 0.0907591 0.148314 0.157411 0.135032 0.122662 0.112578 0.0898982 0.0585046 0.0289562 0.0104876 0.00282768 0.00058205 9.04556e-05 1.0207e-05 8.03654e-07 4.28699e-08 1.51947e-09
 1.1911e-11 1.2934e-09 8.28045e-08 3.12547e-06 6.95544e-05 0.000912652 0.00706277 0.0322728 0.0875143 0.143884 0.155845 0.139602 0.130803 0.118403 0.0905742 0.0557656 0.025951 0.00873466 0.00214665 0.000396125 5.49937e-05 5.58417e-06 3.99266e-07 1.94093e-08 6.23469e-10
 1.17999e-11 1.28133e-09 8.2032e-08 3.09632e-06 6.89057e-05 0.000904153 0.00699732 0.0319788 0.0867611 0.142845 0.155148 0.139303 0.130822 0.11976 0.0928783 0.0568339 0.0255052 0.00804691 0.00180588 0.000298033 3.66033e-05 3.28037e-06 2.07599e-07 8.98674e-09 2.58882e-10
 1.19666e-11 1.29943e-09 8.3191e-08 3.14007e-06 6.98797e-05 0.000916948 0.00709676 0.0324398 0.0880683 0.145261 0.158355 0.142392 0.132441 0.119023 0.0899223 0.0530145 0.0226585 0.0067159 0.00138958 0.000207066 2.25971e-05 1.78421e-06 9.9181e-08 3.77339e-09 9.58294e-11
 1.11911e-11 1.21523e-09 7.78e-08 2.93659e-06 6.53523e-05 0.000857578 0.00663836 0.0303634 0.0826239 0.137419 0.153661 0.145126 0.140154 0.126321 0.0937196 0.0535339 0.0219488 0.00618223 0.00120009 0.000164996 1.63368e-05 1.15477e-06 5.69297e-08 1.91008e-09 4.26793e-11
 9.14581e-12 9.93128e-10 6.35812e-08 2.39991e-06 5.34101e-05 0.000700937 0.00542788 0.0248626 0.0680241 0.11537 0.136866 0.14438 0.153375 0.145026 0.109914 0.0626478 0.0251007 0.00681114 0.00125908 0.000162776 1.4952e-05 9.68297e-07 4.32667e-08 1.30408e-09 2.6e-11
 8.43109e-12 9.15518e-10 5.86125e-08 2.21238e-06 4.92371e-05 0.0006462 0.00500473 0.0229351 0.0628421 0.10703 0.128324 0.138357 0.15279 0.152705 0.121594 0.0706918 0.0280859 0.00743533 0.00132821 0.000164385 1.42926e-05 8.65885e-07 3.58135e-08 9.90205e-10 1.79747e-11
 1.08079e-11 1.17361e-09 7.5136e-08 2.83606e-06 6.31162e-05 0.000828291 0.00641302 0.0293509 0.0799967 0.133475 0.149693 0.141175 0.138234 0.130884 0.101677 0.0580842 0.0228388 0.00604694 0.00108863 0.000135347 1.16386e-05 6.83042e-07 2.68672e-08 6.96765e-10 1.17453e-11
 1.0254e-11 1.11347e-09 7.12856e-08 2.69075e-06 5.98846e-05 0.000785984 0.00608827 0.0279101 0.0765008 0.130012 0.153066 0.15477 0.152576 0.133151 0.0927744 0.0485788 0.0181086 0.00466925 0.00083309 0.000103501 8.89044e-06 5.17689e-07 1.99891e-08 5.02398e-10 8.10094e-12
 9.79316e-12 1.06342e-09 6.80818e-08 2.56983e-06 5.71944e-05 0.000750713 0.00581592 0.0266729 0.0731915 0.124716 0.147639 0.151108 0.153171 0.139427 0.100367 0.0525842 0.0189823 0.00463908 0.000777622 9.1073e-05 7.45825e-06 4.18838e-07 1.57006e-08 3.83535e-10 5.99309e-12
 1.03617e-11 1.12517e-09 7.20348e-08 2.71905e-06 6.05161e-05 0.000794337 0.00615433 0.0282282 0.0774552 0.13175 0.154515 0.154181 0.151103 0.13346 0.0933544 0.0475338 0.0167055 0.00397741 0.00064626 7.24951e-05 5.60997e-06 2.95285e-07 1.03676e-08 2.38197e-10 3.5198e-12
 9.27415e-12 1.00707e-09 6.44744e-08 2.43372e-06 5.41692e-05 0.000711177 0.00551384 0.0253476 0.0700509 0.121715 0.150188 0.160831 0.163014 0.14156 0.0950859 0.046235 0.0155333 0.00354246 0.000551836 5.92866e-05 4.37805e-06 2.18563e-07 7.22484e-09 1.55231e-10 2.13551e-12
 9.53083e-12 1.03494e-09 6.62589e-08 2.50109e-06 5.56692e-05 0.000730879 0.00566651 0.0260432 0.0718769 0.124192 0.150822 0.158095 0.160114 0.141692 0.0961334 0.0460179 0.0148495 0.00319439 0.00046396 4.62609e-05 3.17572e-06 1.48012e-07 4.58241e-09 9.22726e-11 1.18784e-12
 1.13694e-11 1.23459e-09 7.90409e-08 2.98357e-06 6.64073e-05 0.00087181 0.00675748 0.0310262 0.0852966 0.145315 0.169084 0.162579 0.149345 0.122393 0.0781474 0.0355443 0.0109672 0.00225937 0.000312743 2.94084e-05 1.88142e-06 8.10247e-08 2.30979e-09 4.28431e-11 5.0917e-13
 1.05644e-11 1.14718e-09 7.34452e-08 2.77243e-06 6.17139e-05 0.00081043 0.00628729 0.0289443 0.0801946 0.139528 0.169871 0.17239 0.159444 0.124465 0.0743956 0.0319659 0.00946524 0.00189387 0.000255687 2.3346e-05 1.43442e-06 5.85427e-08 1.56244e-09 2.68777e-11 2.94385e-13
 9.60341e-12 1.04283e-09 6.67653e-08 2.52036e-06 5.61076e-05 0.000736993 0.00572167 0.0263936 0.0735341 0.129794 0.163098 0.173697 0.168122 0.134704 0.0801791 0.0330547 0.00906226 0.00163164 0.000194966 1.57615e-05 8.70747e-07 3.25974e-08 8.09548e-10 1.3033e-11 1.33491e-13
 1.00545e-11 1.09181e-09 6.99017e-08 2.63878e-06 5.87455e-05 0.00077168 0.00599131 0.0276348 0.0769125 0.135111 0.167379 0.174059 0.165146 0.130524 0.0762787 0.0305481 0.00804498 0.00137364 0.000152917 1.126e-05 5.5476e-07 1.83083e-08 4.01118e-10 5.75099e-12 5.31237e-14
 9.54838e-12 1.03686e-09 6.63849e-08 2.50615e-06 5.58009e-05 0.000733292 0.00569948 0.026366 0.0739409 0.132219 0.169031 0.180758 0.170696 0.130499 0.0731819 0.0282419 0.00722619 0.00120751 0.00013186 9.46587e-06 4.47687e-07 1.38828e-08 2.7966e-10 3.62256e-12 2.98966e-14
 9.63701e-12 1.04649e-09 6.7002e-08 2.52952e-06 5.63244e-05 0.000740272 0.00575528 0.0266363 0.074732 0.133548 0.170082 0.180842 0.170379 0.129965 0.0720874 0.0272058 0.00675352 0.00109102 0.000115111 7.98698e-06 3.649e-07 1.08989e-08 2.10203e-10 2.5839e-12 2.00178e-14
 9.53871e-12 1.03583e-09 6.63206e-08 2.50394e-06 5.57631e-05 0.000733169 0.00570533 0.0264638 0.0746223 0.13467 0.173768 0.185422 0.171643 0.126855 0.0680197 0.0249239 0.00604734 0.000960359 9.98006e-05 6.79839e-06 3.02705e-07 8.73688e-09 1.61653e-10 1.89611e-12 1.39601e-14
 9.66395e-12 1.04943e-09 6.71934e-08 2.53702e-06 5.65066e-05 0.00074315 0.00578655 0.0268748 0.0759602 0.137548 0.177811 0.188693 0.171774 0.12338 0.063481 0.0220486 0.00502109 0.000743621 7.19399e-05 4.57782e-06 1.9175e-07 5.24371e-09 9.23365e-11 1.03182e-12 7.22616e-15
#pred catch len freq
 4.00982e-12 4.35419e-10 2.78759e-08 1.05218e-06 2.34155e-05 0.000307266 0.00237888 0.0108976 0.0299701 0.0529314 0.0754229 0.115307 0.164062 0.170394 0.131965 0.0910359 0.0603869 0.0372122 0.0220297 0.0131795 0.00825898 0.00563667 0.00413665 0.00287555 0.00158713
 3.28832e-12 3.57073e-10 2.28601e-08 8.62861e-07 1.92023e-05 0.000251981 0.00195091 0.0089384 0.0246003 0.0435939 0.0627833 0.0975954 0.142076 0.156083 0.137331 0.112173 0.0842715 0.0556547 0.0331395 0.0182399 0.00967511 0.00533536 0.00322679 0.00200032 0.00105957
 5.69022e-12 6.1789e-10 3.95579e-08 1.49312e-06 3.32275e-05 0.000435983 0.0033738 0.0154181 0.0418929 0.0699561 0.082391 0.0940808 0.116226 0.123738 0.111877 0.0981812 0.0831872 0.0642806 0.0439553 0.0259458 0.0133705 0.00634924 0.00304154 0.00153653 0.000727536
 9.09797e-12 9.87931e-10 6.32483e-08 2.38731e-06 5.31265e-05 0.000697063 0.00539349 0.0246326 0.0667196 0.109723 0.121481 0.120614 0.130603 0.122993 0.0895527 0.06013 0.0448488 0.035944 0.0277968 0.019032 0.010985 0.00530332 0.00224159 0.000902602 0.00035081
 9.18626e-12 9.97518e-10 6.3862e-08 2.41048e-06 5.36421e-05 0.000703836 0.00544616 0.0248795 0.0674762 0.111672 0.126875 0.133597 0.151146 0.141738 0.096939 0.0553533 0.0317613 0.0193026 0.0128595 0.00904458 0.0058801 0.00319359 0.00140187 0.000511276 0.00016321
 9.03466e-12 9.81057e-10 6.28082e-08 2.3707e-06 5.2757e-05 0.000692223 0.00535638 0.0244711 0.0663921 0.110067 0.125924 0.134668 0.154455 0.146361 0.101945 0.0595152 0.0332847 0.017526 0.00890452 0.00480712 0.00281823 0.00160574 0.000772682 0.000292629 8.68897e-05
 9.91752e-12 1.07692e-09 6.89457e-08 2.60236e-06 5.79122e-05 0.000759859 0.0058795 0.0268554 0.0727843 0.120049 0.134523 0.137298 0.151484 0.140894 0.0960851 0.0543147 0.02973 0.0155696 0.00754134 0.00342289 0.00152922 0.000715997 0.000332162 0.000131607 4.01102e-05
 1.02161e-11 1.10934e-09 7.10213e-08 2.6807e-06 5.96556e-05 0.000782733 0.00605646 0.027663 0.0749624 0.123558 0.138065 0.139947 0.15324 0.141171 0.0940422 0.0506493 0.0261766 0.013101 0.0061399 0.00268328 0.00107696 0.000404556 0.000149695 5.34056e-05 1.61792e-05
 1.06184e-11 1.15303e-09 7.3818e-08 2.78627e-06 6.20047e-05 0.000813553 0.00629484 0.0287496 0.0778774 0.128124 0.142069 0.141389 0.152297 0.139095 0.0915742 0.048087 0.0239008 0.0113837 0.00502739 0.00207641 0.000790049 0.000271231 8.41445e-05 2.41777e-05 6.34285e-06
 1.09364e-11 1.18756e-09 7.60287e-08 2.86971e-06 6.38616e-05 0.000837916 0.00648329 0.029609 0.0801882 0.131787 0.145488 0.143224 0.152599 0.138101 0.0892155 0.0449801 0.021233 0.00968184 0.00408816 0.00159697 0.00056982 0.000182476 5.15818e-05 1.27269e-05 2.74593e-06
 1.08116e-11 1.17401e-09 7.51611e-08 2.83696e-06 6.31329e-05 0.000828355 0.00640937 0.0292726 0.0792932 0.130445 0.144602 0.143767 0.154471 0.140053 0.0901926 0.0449984 0.0207865 0.00914519 0.00367211 0.00135706 0.000457395 0.000137303 3.59691e-05 8.04954e-06 1.51136e-06
 1.10793e-11 1.20308e-09 7.70221e-08 2.9072e-06 6.4696e-05 0.000848862 0.00656795 0.0299947 0.0812199 0.133379 0.146769 0.143349 0.151692 0.137047 0.0886584 0.0447687 0.0209358 0.00920805 0.0036325 0.00129481 0.000414281 0.000116901 2.86088e-05 5.92261e-06 1.00938e-06
 1.09681e-11 1.191e-09 7.62491e-08 2.87803e-06 6.40467e-05 0.000840345 0.00650211 0.0296955 0.0804294 0.13224 0.146246 0.144561 0.154435 0.139378 0.0889251 0.0434831 0.0196126 0.00850661 0.00336765 0.00120106 0.000377859 0.00010263 2.37445e-05 4.59117e-06 7.23618e-07
 1.01136e-11 1.09821e-09 7.03086e-08 2.6538e-06 5.90571e-05 0.000774883 0.00599587 0.0273895 0.0742674 0.12278 0.13888 0.14467 0.161485 0.147934 0.0947558 0.0463627 0.0207702 0.00881844 0.00338232 0.00117777 0.000367461 9.91468e-05 2.24523e-05 4.16151e-06 6.17529e-07
 9.159e-12 9.94558e-10 6.36725e-08 2.40333e-06 5.34831e-05 0.000701755 0.0054303 0.0248127 0.0673721 0.112119 0.130205 0.14356 0.167448 0.156098 0.101493 0.051051 0.0236356 0.0102157 0.0039166 0.00134125 0.000407362 0.000107279 2.39208e-05 4.36562e-06 6.29844e-07
 9.98431e-12 1.08418e-09 6.941e-08 2.61989e-06 5.83023e-05 0.00076498 0.00591926 0.0270399 0.0733246 0.121263 0.137356 0.143553 0.16079 0.147936 0.0958236 0.0481327 0.0223908 0.00984899 0.00388314 0.00136123 0.000415655 0.000108031 2.35309e-05 4.19586e-06 5.93557e-07
 1.10369e-11 1.19848e-09 7.67275e-08 2.89608e-06 6.44486e-05 0.000845617 0.00654286 0.0298806 0.0809173 0.132933 0.146516 0.143664 0.152511 0.137777 0.0888033 0.0444696 0.0206206 0.00905714 0.00358554 0.00127534 0.000398623 0.000105757 2.31696e-05 4.08683e-06 5.66461e-07
 1.09806e-11 1.19236e-09 7.6336e-08 2.88131e-06 6.41197e-05 0.000841304 0.00650957 0.0297303 0.0805344 0.132498 0.146922 0.146127 0.156743 0.140934 0.0883742 0.0414221 0.0176409 0.00735633 0.00285962 0.00101318 0.000318155 8.55928e-05 1.91259e-05 3.42778e-06 4.76876e-07
 1.11979e-11 1.21596e-09 7.78471e-08 2.93834e-06 6.5389e-05 0.000857956 0.00663834 0.0303169 0.0821014 0.134901 0.148781 0.146068 0.154946 0.138918 0.0872905 0.0410847 0.0173747 0.00696179 0.00251961 0.000833698 0.000252296 6.71694e-05 1.50742e-05 2.7373e-06 3.8698e-07
 1.1183e-11 1.21434e-09 7.77433e-08 2.93442e-06 6.53018e-05 0.000856813 0.00662955 0.0302778 0.0820108 0.134873 0.149306 0.147871 0.157823 0.140934 0.0867294 0.0387122 0.015183 0.00578596 0.00204262 0.000651969 0.000185579 4.62937e-05 9.95746e-06 1.78076e-06 2.5237e-07
 1.06917e-11 1.16099e-09 7.43277e-08 2.8055e-06 6.24329e-05 0.000819174 0.00633844 0.0289513 0.0784584 0.129359 0.144713 0.146949 0.160386 0.144899 0.0905775 0.0418208 0.0170721 0.00651111 0.00219096 0.000657199 0.000178207 4.24416e-05 8.61349e-06 1.45324e-06 1.97917e-07
 1.15773e-11 1.25716e-09 8.04845e-08 3.03789e-06 6.76043e-05 0.000887019 0.00686309 0.0313405 0.0848347 0.13908 0.151956 0.145761 0.151441 0.134943 0.0849887 0.0403511 0.0172266 0.00687222 0.00240388 0.000732579 0.000193576 4.36757e-05 8.367e-06 1.33497e-06 1.7174e-07
 1.26286e-11 1.37131e-09 8.77927e-08 3.31374e-06 7.37428e-05 0.000967554 0.00748595 0.0341786 0.0924328 0.150858 0.161681 0.147454 0.145574 0.126358 0.0772322 0.0344075 0.0134998 0.00516856 0.00183665 0.000583831 0.000160535 3.68533e-05 6.93756e-06 1.05695e-06 1.28381e-07
 1.21937e-11 1.32409e-09 8.47694e-08 3.19963e-06 7.12034e-05 0.00093424 0.00722836 0.0330063 0.0893144 0.146186 0.158609 0.149374 0.152024 0.132685 0.0795861 0.0334119 0.0117531 0.004004 0.00129076 0.000384379 0.000104334 2.45921e-05 4.78657e-06 7.40112e-07 8.85798e-08
 1.18811e-11 1.29014e-09 8.25961e-08 3.11759e-06 6.93779e-05 0.00091029 0.00704312 0.0321619 0.0870496 0.142641 0.155514 0.148317 0.152942 0.134755 0.0822815 0.0360985 0.0135498 0.00472415 0.00143881 0.00038317 9.28204e-05 2.02542e-05 3.83622e-06 5.9983e-07 7.34171e-08
 1.23363e-11 1.33957e-09 8.57606e-08 3.23704e-06 7.20359e-05 0.000945162 0.0073128 0.0333903 0.0903314 0.147674 0.15941 0.148181 0.149063 0.130098 0.0791705 0.0346447 0.0130441 0.0046508 0.00148022 0.000408196 9.66527e-05 1.93323e-05 3.28631e-06 4.73877e-07 5.59763e-08
 1.24861e-11 1.35584e-09 8.68023e-08 3.27635e-06 7.29109e-05 0.000956642 0.0074016 0.0337955 0.0914248 0.149437 0.161195 0.149519 0.1499 0.129996 0.0776273 0.032279 0.0111379 0.00369461 0.00114527 0.000318476 7.76908e-05 1.59453e-05 2.67113e-06 3.59888e-07 3.87604e-08
 1.29944e-11 1.41103e-09 9.03356e-08 3.40972e-06 7.58787e-05 0.000995578 0.00770271 0.035167 0.0950887 0.155053 0.165529 0.149328 0.145538 0.124876 0.0744067 0.0309145 0.010589 0.00340964 0.000993008 0.000255564 5.91812e-05 1.20195e-05 2.04594e-06 2.79706e-07 2.9674e-08
 1.27175e-11 1.38097e-09 8.84112e-08 3.33708e-06 7.42623e-05 0.000974372 0.00753875 0.0344207 0.0931025 0.15207 0.163526 0.150419 0.149425 0.128691 0.0758021 0.0303264 0.00965784 0.0028984 0.000812572 0.00020271 4.45914e-05 8.46218e-06 1.36157e-06 1.81725e-07 1.93112e-08
#obs catch len freq
 5.80198e-12 6.30026e-10 4.03348e-08 1.52244e-06 3.38801e-05 0.000444538 0.00343974 0.0157133 0.0426109 0.07049 0.0800991 0.0856117 0.104277 0.119423 0.120866 0.112403 0.0930155 0.0674615 0.0434545 0.0244006 0.0112299 0.00390271 0.000951173 0.000154117 1.60256e-05
 5.59427e-12 6.07472e-10 3.88909e-08 1.46794e-06 3.26673e-05 0.00042863 0.00331684 0.0151556 0.0411458 0.0684002 0.0790625 0.0871736 0.107947 0.123572 0.124192 0.113939 0.0928214 0.0662481 0.0414514 0.0220047 0.00935409 0.00297779 0.00066558 9.91761e-05 9.49687e-06
 5.7285e-13 6.22049e-11 3.98245e-09 1.50325e-07 3.34604e-06 4.39518e-05 0.000341956 0.00160425 0.00491141 0.0125079 0.0338481 0.0814128 0.138611 0.166811 0.161944 0.140346 0.10781 0.0728325 0.043362 0.0218194 0.00866095 0.00253548 0.00051711 7.02314e-05 6.14133e-06
 7.71392e-12 8.3764e-10 5.36264e-08 2.02413e-06 4.50441e-05 0.000590989 0.00457172 0.0208553 0.0561543 0.0896587 0.087102 0.0600025 0.0537712 0.0873298 0.134611 0.147967 0.116983 0.0733973 0.0396939 0.0183369 0.00672804 0.00181486 0.000338849 4.19328e-05 3.33534e-06
 1.05578e-11 1.14645e-09 7.33967e-08 2.77037e-06 6.16515e-05 0.000808941 0.00625991 0.028604 0.077627 0.12852 0.144654 0.144811 0.149626 0.12679 0.0771354 0.042273 0.029715 0.0219416 0.0129116 0.00575665 0.00193604 0.000474847 8.07379e-05 9.10191e-06 6.58942e-07
 1.08174e-11 1.17464e-09 7.52017e-08 2.8385e-06 6.31675e-05 0.000828822 0.00641331 0.0292944 0.0793557 0.130226 0.141463 0.13104 0.131841 0.127039 0.102085 0.0664771 0.0333463 0.0131404 0.00485106 0.0018097 0.000570321 0.000130176 2.0212e-05 2.06689e-06 1.35721e-07
 1.13054e-11 1.22763e-09 7.85939e-08 2.96654e-06 6.60168e-05 0.000866204 0.00670242 0.030611 0.0828605 0.135447 0.144579 0.127563 0.122322 0.118479 0.100384 0.0705912 0.0382639 0.015251 0.0045834 0.00112916 0.000245897 4.53961e-05 6.25219e-06 5.81548e-07 3.47624e-08
 1.21138e-11 1.31542e-09 8.42142e-08 3.17868e-06 7.07378e-05 0.000928152 0.00718182 0.0328011 0.0887849 0.14502 0.153961 0.132887 0.122338 0.113387 0.0915898 0.061471 0.0322198 0.0126338 0.00372254 0.000835157 0.000143246 1.89258e-05 1.92004e-06 1.43407e-07 7.37643e-09
 1.1789e-11 1.28015e-09 8.19562e-08 3.09345e-06 6.88414e-05 0.000903286 0.00698996 0.0319348 0.0865488 0.142053 0.153263 0.136824 0.12875 0.117602 0.0915364 0.0587848 0.0295696 0.0111779 0.00318186 0.000685508 0.000109631 1.26465e-05 1.03141e-06 5.88195e-08 2.31821e-09
 1.23958e-11 1.34604e-09 8.61747e-08 3.25268e-06 7.2385e-05 0.000949782 0.0073497 0.033576 0.0909548 0.1489 0.158755 0.13698 0.124175 0.11288 0.0888799 0.0566098 0.0272604 0.00958025 0.00249819 0.000494353 7.33203e-05 7.84366e-06 5.8226e-07 2.91452e-08 9.65157e-10
 1.20043e-11 1.30352e-09 8.34527e-08 3.14994e-06 7.00992e-05 0.000919814 0.00711855 0.0325335 0.0882729 0.145376 0.158007 0.141759 0.131791 0.117784 0.088709 0.053396 0.0241422 0.00787077 0.00186789 0.000331065 4.38442e-05 4.21878e-06 2.84196e-07 1.2955e-08 3.88744e-10
 1.19627e-11 1.29901e-09 8.31637e-08 3.13904e-06 6.98568e-05 0.000916646 0.00709437 0.0324279 0.0880256 0.145122 0.157949 0.141562 0.131471 0.118609 0.0903717 0.0539298 0.0234646 0.00715786 0.0015489 0.000245264 2.87147e-05 2.43754e-06 1.45303e-07 5.89676e-09 1.58631e-10
 1.21592e-11 1.32035e-09 8.453e-08 3.19062e-06 7.10049e-05 0.000931729 0.00721156 0.0329705 0.0895555 0.147896 0.16146 0.144675 0.132806 0.117438 0.0870424 0.0499755 0.0206798 0.00591747 0.00117886 0.000168356 1.75005e-05 1.30825e-06 6.84871e-08 2.44264e-09 5.79295e-11
 1.14015e-11 1.23806e-09 7.92622e-08 2.99179e-06 6.6581e-05 0.000873721 0.0067638 0.0309441 0.0842558 0.140321 0.157082 0.147597 0.14045 0.124433 0.0904584 0.050258 0.019926 0.00541142 0.00101005 0.000132928 1.25251e-05 8.37712e-07 3.88837e-08 1.22304e-09 2.55245e-11
 9.36934e-12 1.0174e-09 6.51352e-08 2.45858e-06 5.47162e-05 0.000718102 0.00556139 0.0254822 0.0697773 0.118536 0.140704 0.147339 0.154049 0.143115 0.106104 0.0587109 0.0227151 0.00593585 0.00105378 0.00013025 1.13739e-05 6.96416e-07 2.9285e-08 8.27372e-10 1.54092e-11
 8.65951e-12 9.40322e-10 6.02006e-08 2.27233e-06 5.05719e-05 0.000663744 0.00514123 0.0235688 0.0646351 0.110267 0.132281 0.141625 0.154052 0.151156 0.117425 0.0661114 0.0253253 0.00644927 0.00110508 0.000130595 1.0782e-05 6.17023e-07 2.40018e-08 6.2183e-10 1.05432e-11
 1.10545e-11 1.20039e-09 7.68502e-08 2.90077e-06 6.4557e-05 0.000847224 0.0065602 0.0300323 0.0819066 0.136831 0.153551 0.144006 0.13892 0.128974 0.0976453 0.0539857 0.0204556 0.00520446 0.000897211 0.000106299 8.66512e-06 4.7984e-07 1.77392e-08 4.30885e-10 6.78263e-12
 1.04823e-11 1.13826e-09 7.28727e-08 2.75067e-06 6.12191e-05 0.000803537 0.00622511 0.0285484 0.0783238 0.133333 0.157036 0.157558 0.152682 0.130595 0.0887998 0.0450605 0.0161906 0.00400917 0.000684101 8.08547e-05 6.57204e-06 3.60498e-07 1.30648e-08 3.0727e-10 4.62433e-12
 1.00377e-11 1.08998e-09 6.97823e-08 2.63403e-06 5.86243e-05 0.000769522 0.00596254 0.0273563 0.0751374 0.128234 0.151825 0.154178 0.15363 0.136876 0.0958777 0.0485553 0.0168701 0.00395652 0.000634014 7.06005e-05 5.46508e-06 2.88667e-07 1.01397e-08 2.31428e-10 3.37104e-12
 1.06148e-11 1.15265e-09 7.37945e-08 2.78549e-06 6.19961e-05 0.000813809 0.00630618 0.0289365 0.0794713 0.135377 0.158752 0.157126 0.151272 0.130634 0.0888364 0.0436912 0.0147659 0.00336955 0.000522617 5.56704e-05 4.06876e-06 2.01309e-07 6.61786e-09 1.41907e-10 1.95216e-12
 9.52728e-12 1.03456e-09 6.62345e-08 2.50018e-06 5.56501e-05 0.00073068 0.0056663 0.0260627 0.0721117 0.125501 0.154717 0.163982 0.163035 0.138322 0.0902745 0.0423764 0.013682 0.00298817 0.000443885 4.52317e-05 3.15091e-06 1.47712e-07 4.56851e-09 9.1568e-11 1.17223e-12
 9.80193e-12 1.06438e-09 6.8144e-08 2.57228e-06 5.72553e-05 0.000751764 0.00582967 0.0268069 0.0740632 0.128153 0.155487 0.161386 0.160266 0.138282 0.0909149 0.0419308 0.0129879 0.00267378 0.000370145 3.4987e-05 2.26397e-06 9.89866e-08 2.86437e-09 5.37574e-11 6.43543e-13
 1.16318e-11 1.26308e-09 8.08653e-08 3.05247e-06 6.79428e-05 0.000892036 0.00691561 0.031767 0.0874162 0.149124 0.173422 0.165289 0.14887 0.118855 0.0735032 0.0321982 0.00952954 0.00187684 0.000247339 2.20289e-05 1.32773e-06 5.36209e-08 1.42813e-09 2.46749e-11 2.72509e-13
 1.08457e-11 1.17773e-09 7.54018e-08 2.84634e-06 6.33616e-05 0.000832159 0.00645757 0.029746 0.0825073 0.143715 0.174575 0.174995 0.158302 0.120319 0.0696788 0.0288369 0.00818582 0.00156398 0.000200724 1.73338e-05 1.00233e-06 3.83402e-08 9.55793e-10 1.53151e-11 1.55878e-13
 9.89028e-12 1.07398e-09 6.87605e-08 2.59573e-06 5.77886e-05 0.000759176 0.00589578 0.0272157 0.0759189 0.134159 0.168129 0.17673 0.167156 0.130146 0.0748614 0.029671 0.00779276 0.00134015 0.000152353 1.16537e-05 6.05498e-07 2.12117e-08 4.91242e-10 7.3576e-12 6.99857e-14
 1.03383e-11 1.12264e-09 7.18762e-08 2.71338e-06 6.04097e-05 0.000793654 0.00616394 0.028451 0.0792823 0.139446 0.172365 0.177049 0.164109 0.125868 0.0709813 0.0272987 0.00688086 0.00112129 0.000118702 8.27195e-06 3.83592e-07 1.18547e-08 2.42208e-10 3.22813e-12 2.76545e-14
 9.81932e-12 1.06629e-09 6.82698e-08 2.5774e-06 5.73917e-05 0.000754341 0.00586558 0.0271583 0.0762763 0.136576 0.174106 0.183705 0.169393 0.125661 0.0679965 0.0251919 0.0061647 0.000981938 0.000101813 6.90786e-06 3.07329e-07 8.92794e-09 1.67903e-10 2.0246e-12 1.55147e-14
 9.90198e-12 1.07527e-09 6.88457e-08 2.59922e-06 5.78816e-05 0.000760894 0.0059183 0.027416 0.0770396 0.137879 0.17519 0.183904 0.169121 0.125005 0.0668083 0.0241822 0.00573724 0.000882845 8.83614e-05 5.78785e-06 2.48432e-07 6.94349e-09 1.24934e-10 1.42941e-12 1.02876e-14
 9.81314e-12 1.06564e-09 6.82306e-08 2.57617e-06 5.73779e-05 0.000754583 0.00587503 0.0272784 0.0770415 0.139204 0.179018 0.188319 0.169971 0.121641 0.0628135 0.0220605 0.00511051 0.000771972 7.59806e-05 4.87911e-06 2.0389e-07 5.50271e-09 9.49262e-11 1.03572e-12 7.08009e-15
#spawning biomass
 11408.5 8881.64 7320.3 7573.53 11710.5 17930.8 23730.4 33451.2 46393.7 62018.4 85716.9 120539 158447 192239 195586 163609 175655 189902 203017 189548 196516 208552 223547 235346 263320 273186 256458 251698 231914 233407 407635 436623 410982 358658 300004 246190 201712 167227 141606 123131 110093 101037 94818.7 90556.9 87633.9 85706.8 84436.4 83598.8 83046.6 82682.6 82442.6 82284.4 82180.1 82111.3 82066 82036.1 82016.4 82003.4 81994.8 81989.2 81985.4 81983 81981.4 81980.3 81979.6 81979.1 81978.8 81978.6 81978.5 81978.4 81978.4 81978.3 81978.3 81978.3 81978.3 81978.3 81978.2 81978.2 81978.2 81978.2 81978.2 81978.2 81978.2 81978.2 81978.2 81978.2 81978.2 81978.2 81978.2 81978.2 81978.2 81978.2 81978.2 81978.2 81978.2 81978.2 81978.2 81978.2 81978.2 81978.2 81978.2 81978.2 81978.2 81978.2 81978.2 81978.2 81978.2 81978.2 81978.2 81978.2 81978.2 81978.2 81978.2 81978.2 81978.2 81978.2 81978.2 81978.2 81978.2 81978.2 81978.2 81978.2 81978.2 81978.2 81978.2 81978.2 81978.2 81978.2 81978.2 0 0 0 0 0 0 0 0 0 0 0 0 0 0 0 0 0 0 0 0 0 0 0 0 0
