SBPRF35
0.198843
Curr Bio
374591
B35
373363
F35
0.437521
FOFL
0.437521
OFL
194783
Bzero
56812.2
#pred survey bio
 58201.1 61034 56744.6 57697.1 95367.8 148400 203464 256036 337186 308829 348889 417789 419750 364924 436916 466290 466967 433787 453947 441666 446811 432525 426546 453102 425882 417765 460828 575921 1.59427e+07 1.14666e+07 7.14967e+06 4.15086e+06 2.42986e+06 1.52769e+06 1.07392e+06 848178 734746 676358 645318 628229 618506 612815 609406 607328 606053 605263 604770 604461 604267 604145 604067 604019 603988 603969 603956 603949 603944 603940 603939 603937 603936 603936 603936 603935 603935 603935 603935 603935 603935 603935 603935 603935 603935 603935 603935 603935 603935 603935 603935 603935 603935 603935 603935 603935 603935 603935 603935 603935 603935 603935 603935 603935 603935 603935 603935 603935 603935 603935 603935 603935 603935 603935 603935 603935 603935 603935 603935 603935 603935 603935 603935 603935 603935 603935 603935 603935 603935 603935 603935 603935 603935 603935 603935 603935 603935 603935 603935 603935 0 0 0 0 0 0 0 0 0 0 0 0 0 0 0 0 0 0 0 0 0 0 0 0 0
#obs survey bio
 58453.4 81874 37307.4 97689.6 116895 158274 205712 206579 379016 288854 350923 469779 435694 324785 546885 500505 342904 609326 547642 394961 482394 362827 349679 612652 432484 219398 555708 667028
#pred catch bio
 13659 13873.6 13544.8 9477.35 17576.4 29690 48650.5 74054.2 86259.8 117074 115651 153615 170118 135235 210751 218168 215025 133976 153661 181828 189974 208304 169754 200367 201860 213726 202341 230443 194783 152846 91121.2 50032.3 27581.6 16542.6 11447.9 9189.1 8213.62 7799.68 7626.11 7553.91 7524.05 7511.74 7506.69 7504.61 7503.76 7503.42 7503.28 7503.22 7503.2 7503.19 7503.18 7503.18 7503.18 7503.18 7503.18 7503.18 7503.18 7503.18 7503.18 7503.18 7503.18 7503.18 7503.18 7503.18 7503.18 7503.18 7503.18 7503.18 7503.18 7503.18 7503.18 7503.18 7503.18 7503.18 7503.18 7503.18 7503.18 7503.18 7503.18 7503.18 7503.18 7503.18 7503.18 7503.18 7503.18 7503.18 7503.18 7503.18 7503.18 7503.18 7503.18 7503.18 7503.18 7503.18 7503.18 7503.18 7503.18 7503.18 7503.18 7503.18 7503.18 7503.18 7503.18 7503.18 7503.18 7503.18 7503.18 7503.18 7503.18 7503.18 7503.18 7503.18 7503.18 7503.18 7503.18 7503.18 7503.18 7503.18 7503.18 7503.18 7503.18 7503.18 7503.18 7503.18 7503.18 7503.18 7503.18 7503.18 0 0 0 0 0 0 0 0 0 0 0 0 0 0 0 0 0 0 0 0 0 0 0 0 0
#obs catch bio
 16491.9 13724.1 14200.5 9320.63 17539.2 29540.6 48438.2 75928.7 83894.3 122043 114857 153259 169436 133892 218052 217472 219195 130838 152167 185050 187766 215126 166837 198911 198835 226565 201052 229559
#pred cpue bio
 56917.5 60366.6 56516.9 56392.5 90040.5 141669 193403 243446 320918 294904 332280 397441 399012 347115 415656 442859 443691 412645 432875 421534 426163 412114 405373 430894 405335 397755 439270 548673 1.5316e+07 1.14477e+07 7.13096e+06 4.13194e+06 2.41093e+06 1.50876e+06 1.055e+06 829248 715816 657429 626388 609300 599577 593885 590476 588399 587123 586333 585840 585531 585337 585215 585138 585089 585058 585039 585027 585019 585014 585011 585009 585008 585007 585006 585006 585006 585006 585006 585006 585006 585006 585006 585006 585006 585006 585006 585006 585006 585006 585006 585006 585006 585006 585006 585006 585006 585006 585006 585006 585006 585006 585006 585006 585006 585006 585006 585006 585006 585006 585006 585006 585006 585006 585006 585006 585006 585006 585006 585006 585006 585006 585006 585006 585006 585006 585006 585006 585006 585006 585006 585006 585006 585006 585006 585006 585006 585006 585006 585006 585006 0 0 0 0 0 0 0 0 0 0 0 0 0 0 0 0 0 0 0 0 0 0 0 0 0
#obs cpue bio
 65253.6 54891.8 32936.4 59713 80060.5 136804 201053 222447 441116 200432 371023 383414 423498 336605 293502 457761 560809 321423 384971 396635 456666 391376 567858 342194 428014 474955 439990 486743
#pred surv len freq
 2.59963e-11 1.22274e-09 3.98239e-08 8.98128e-07 1.40256e-05 0.000151667 0.00113569 0.00588927 0.0211556 0.0527097 0.0915271 0.112849 0.105522 0.0889579 0.0825508 0.080992 0.0738532 0.0629757 0.0529031 0.0440773 0.0364648 0.0303901 0.0250183 0.0189015 0.0119602
 1.50409e-11 7.07453e-10 2.30413e-08 5.19639e-07 8.11494e-06 8.7753e-05 0.00065713 0.00340825 0.0122522 0.0306156 0.0537696 0.0691558 0.0738065 0.0809369 0.0962432 0.106006 0.100795 0.0877845 0.0745648 0.0617395 0.0493037 0.038277 0.0287446 0.0199584 0.011885
 6.90646e-12 3.24847e-10 1.05801e-08 2.38607e-07 3.72622e-06 4.02949e-05 0.000301757 0.00156536 0.00563117 0.0141096 0.0250441 0.0334524 0.0396287 0.0512298 0.0706585 0.0903735 0.105093 0.114073 0.113597 0.101614 0.0827123 0.0626354 0.0442208 0.0283474 0.0156678
 2.98756e-11 1.40521e-09 4.57667e-08 1.03215e-06 1.61185e-05 0.000174299 0.00130512 0.00676712 0.0242985 0.0604366 0.104237 0.125195 0.106516 0.0686293 0.0416406 0.0343012 0.0402043 0.0522672 0.0643029 0.0703872 0.0670937 0.0553793 0.0396358 0.0244755 0.0127364
 4.45282e-11 2.09439e-09 6.8213e-08 1.53837e-06 2.40239e-05 0.000259784 0.00194523 0.0100862 0.0362176 0.0900954 0.155479 0.187147 0.160425 0.105271 0.0632981 0.0418418 0.0287819 0.0195371 0.0159338 0.0170399 0.01895 0.018398 0.0147352 0.00956508 0.00496811
 3.66296e-11 1.72288e-09 5.61132e-08 1.26549e-06 1.97625e-05 0.000213704 0.00160021 0.00829784 0.0298042 0.0742224 0.128641 0.157461 0.143502 0.11292 0.0940113 0.0815988 0.0619209 0.0387113 0.0216347 0.0127775 0.00939277 0.00830771 0.0071225 0.00505431 0.00278585
 3.88169e-11 1.82576e-09 5.94639e-08 1.34106e-06 2.09426e-05 0.000226464 0.00169575 0.00879297 0.0315786 0.0786029 0.13597 0.165199 0.14665 0.107558 0.0814321 0.0690711 0.0573221 0.0434059 0.0301043 0.0187406 0.0104737 0.00582944 0.00364145 0.00235947 0.00132297
 3.84651e-11 1.80921e-09 5.8925e-08 1.3289e-06 2.07528e-05 0.000224412 0.00168039 0.00871336 0.0312936 0.0779016 0.134814 0.164061 0.14648 0.109122 0.0843094 0.0713668 0.0572205 0.0413734 0.0285535 0.0191109 0.0117971 0.00647866 0.00322815 0.0015418 0.000707585
 3.80069e-11 1.78766e-09 5.82231e-08 1.31307e-06 2.05056e-05 0.000221739 0.00166037 0.0086096 0.0309212 0.076978 0.133237 0.162246 0.145199 0.108907 0.0851367 0.0728512 0.0588995 0.0427707 0.0292964 0.0192847 0.0118561 0.00662559 0.00329446 0.00143512 0.000546949
 3.65589e-11 1.71956e-09 5.60048e-08 1.26305e-06 1.97243e-05 0.000213291 0.00159712 0.00828167 0.0297446 0.0740591 0.128256 0.156515 0.141152 0.108174 0.0874523 0.0766822 0.0627925 0.0460884 0.0319186 0.0211596 0.0130085 0.00723392 0.00357183 0.00152713 0.000551055
 3.79034e-11 1.7828e-09 5.80645e-08 1.3095e-06 2.04497e-05 0.000221135 0.00165585 0.00858613 0.0308367 0.0767648 0.13285 0.161689 0.14443 0.107785 0.0837103 0.0716617 0.0586556 0.0436582 0.0308289 0.0207911 0.0129441 0.00725457 0.00358877 0.00152584 0.000541427
 3.83029e-11 1.80158e-09 5.86764e-08 1.3233e-06 2.06652e-05 0.000223465 0.0016733 0.00867661 0.0311616 0.0775732 0.134246 0.163373 0.14588 0.108719 0.0841162 0.0714398 0.0576155 0.0419474 0.0290472 0.0195013 0.0122646 0.00698364 0.00350278 0.00150114 0.000532959
 3.85042e-11 1.81105e-09 5.89849e-08 1.33026e-06 2.07739e-05 0.00022464 0.00168209 0.00872221 0.0313254 0.077981 0.134952 0.164233 0.146649 0.109287 0.0845136 0.0716443 0.0575026 0.0414341 0.0282047 0.0185466 0.0114545 0.00646371 0.00324918 0.00140533 0.000503875
 3.8137e-11 1.79378e-09 5.84223e-08 1.31757e-06 2.05757e-05 0.000222498 0.00166605 0.00863907 0.0310272 0.0772427 0.133702 0.162843 0.145828 0.109562 0.0858022 0.0733038 0.0588381 0.0421634 0.0284236 0.0184472 0.0112048 0.00620528 0.00306953 0.00131583 0.000471272
 3.81475e-11 1.79427e-09 5.84384e-08 1.31793e-06 2.05814e-05 0.000222559 0.00166651 0.00864142 0.0310355 0.0772614 0.133721 0.162806 0.145604 0.109008 0.0849786 0.0726066 0.058727 0.0426973 0.0292195 0.0190897 0.0115466 0.00631739 0.00307446 0.0012963 0.000458108
 3.88085e-11 1.82537e-09 5.94511e-08 1.34077e-06 2.09381e-05 0.000226416 0.00169539 0.00879114 0.0315728 0.0785952 0.136004 0.16546 0.147573 0.109607 0.0842848 0.0711106 0.0568758 0.0408234 0.0276553 0.0180558 0.0109954 0.00605158 0.00294172 0.00122959 0.000428955
 3.85297e-11 1.81225e-09 5.9024e-08 1.33114e-06 2.07876e-05 0.000224789 0.00168321 0.00872802 0.0313464 0.0780355 0.13506 0.164432 0.147039 0.110013 0.0855531 0.0726271 0.0579519 0.0411948 0.0274979 0.0176837 0.0106475 0.00582884 0.00283299 0.00118527 0.000412683
 3.80337e-11 1.78892e-09 5.82641e-08 1.314e-06 2.052e-05 0.000221895 0.00166154 0.00861569 0.0309434 0.0770354 0.133353 0.162463 0.145635 0.109728 0.0863166 0.0739744 0.0594317 0.0425373 0.0285284 0.0183057 0.0109151 0.00589651 0.00283246 0.00117629 0.000408076
 3.71203e-11 1.74596e-09 5.68648e-08 1.28244e-06 2.00272e-05 0.000216566 0.00162164 0.0084088 0.0302008 0.0751908 0.130188 0.158742 0.14274 0.108509 0.0866639 0.075399 0.0615906 0.0451435 0.0311147 0.0203868 0.012286 0.00664684 0.00317464 0.00130582 0.000448657
 3.68633e-11 1.73387e-09 5.64712e-08 1.27356e-06 1.98886e-05 0.000215067 0.00161041 0.0083506 0.0299917 0.0746706 0.129289 0.157652 0.141781 0.107833 0.0862294 0.0752033 0.0617464 0.0457294 0.0320586 0.0214792 0.0132685 0.00733982 0.00355704 0.00147079 0.000504298
 3.71959e-11 1.74952e-09 5.69806e-08 1.28505e-06 2.0068e-05 0.000217007 0.00162494 0.00842591 0.030262 0.0753409 0.130432 0.158965 0.142698 0.107968 0.0856219 0.0741757 0.0606224 0.0447164 0.0313123 0.0211013 0.0132213 0.00746666 0.00370211 0.00156183 0.00054306
 3.76055e-11 1.76878e-09 5.76081e-08 1.29921e-06 2.0289e-05 0.000219397 0.00164283 0.00851867 0.0305949 0.0761676 0.131848 0.16062 0.143956 0.108426 0.0853368 0.073425 0.0596248 0.043602 0.030231 0.0202256 0.012651 0.00718349 0.00360731 0.00154903 0.000548914
 3.86293e-11 1.81694e-09 5.91765e-08 1.33458e-06 2.08414e-05 0.00022537 0.00168756 0.00875054 0.031427 0.0782326 0.135378 0.164709 0.146937 0.109212 0.0841064 0.0711187 0.0570904 0.0412301 0.0281663 0.0185833 0.0114936 0.00647824 0.003248 0.00140186 0.000502097
 3.82464e-11 1.79893e-09 5.85899e-08 1.32135e-06 2.06348e-05 0.000223136 0.00167083 0.00866384 0.0311161 0.0774629 0.134076 0.163265 0.1461 0.109542 0.0855108 0.0728975 0.0584803 0.0419267 0.0283026 0.0184112 0.0112166 0.0062296 0.00308631 0.00132281 0.000473165
 3.78793e-11 1.78166e-09 5.80276e-08 1.30867e-06 2.04367e-05 0.000220994 0.0016548 0.00858071 0.0308178 0.0767231 0.132814 0.161818 0.145092 0.1094 0.0861809 0.0739973 0.0596284 0.0429094 0.0290134 0.0188054 0.0113457 0.00621266 0.00303018 0.00128041 0.000453086
 3.77479e-11 1.77548e-09 5.78263e-08 1.30413e-06 2.03658e-05 0.000220228 0.00164906 0.00855095 0.0307109 0.0764576 0.132358 0.161276 0.144654 0.109176 0.0861581 0.0741348 0.0599166 0.0433247 0.0294717 0.0191972 0.0116021 0.00633344 0.00306307 0.00127841 0.000446291
 3.72403e-11 1.7516e-09 5.70486e-08 1.28659e-06 2.00919e-05 0.000217266 0.00162688 0.00843599 0.0302985 0.0754346 0.130614 0.159277 0.143267 0.108988 0.0870656 0.0755436 0.0612527 0.0443635 0.030248 0.0197778 0.0120107 0.00658385 0.00318817 0.00132656 0.000459799
 3.76187e-11 1.7694e-09 5.76283e-08 1.29966e-06 2.02961e-05 0.000219474 0.00164341 0.00852166 0.0306056 0.0761939 0.131892 0.160662 0.143962 0.108374 0.0852722 0.0734783 0.0599097 0.0440432 0.0305654 0.0202447 0.0123854 0.00682336 0.00331806 0.00138456 0.000480096
#obs surv len freq
 2.55393e-11 1.20125e-09 3.91238e-08 8.82341e-07 1.3779e-05 0.000149001 0.00111573 0.00578577 0.0207842 0.0517871 0.0899459 0.110998 0.104111 0.0884447 0.0829372 0.0821523 0.0758739 0.0661142 0.057208 0.0489144 0.0402681 0.0311984 0.0219796 0.0134362 0.00678121
 5.68661e-12 2.67471e-10 8.71136e-09 1.96464e-07 3.06811e-06 3.31793e-05 0.000248503 0.00128977 0.00464931 0.0117431 0.0214791 0.031606 0.0459293 0.072269 0.105031 0.124093 0.121185 0.107688 0.0935116 0.0793161 0.064489 0.0494248 0.0345349 0.0209637 0.0105121
 1.72862e-14 8.13078e-13 2.64838e-11 5.97485e-10 9.34354e-09 1.01594e-07 7.77285e-07 4.37158e-06 2.05703e-05 9.94348e-05 0.000504193 0.00221245 0.0074087 0.018706 0.0377073 0.0657457 0.102154 0.136393 0.151768 0.143341 0.120294 0.092245 0.0638819 0.0384066 0.0191063
 5.3215e-11 2.50298e-09 8.15203e-08 1.83849e-06 2.87106e-05 0.000310463 0.00232468 0.0120532 0.0432742 0.107583 0.1852 0.220764 0.182234 0.104233 0.0415918 0.0125386 0.00536342 0.00693207 0.0110854 0.0147912 0.0159458 0.0140594 0.0102998 0.00627311 0.00311196
 3.18596e-11 1.49852e-09 4.8806e-08 1.1007e-06 1.7189e-05 0.000185876 0.00139186 0.00721795 0.0259327 0.0646519 0.112537 0.140023 0.134841 0.120805 0.11657 0.106834 0.0769218 0.0403768 0.0164549 0.00788906 0.0070445 0.00737378 0.00638417 0.00430528 0.0022413
 4.05218e-11 1.90595e-09 6.20755e-08 1.39996e-06 2.18624e-05 0.00023641 0.00177022 0.00917895 0.0329627 0.0820248 0.141734 0.171475 0.149896 0.105135 0.0742066 0.0615272 0.0539935 0.0446232 0.0324011 0.0192914 0.00941369 0.00452445 0.00274256 0.00182213 0.00101753
 3.69734e-11 1.73905e-09 5.66397e-08 1.27737e-06 1.9948e-05 0.000215709 0.00161523 0.0083756 0.0300823 0.0749023 0.129734 0.158401 0.143098 0.110079 0.0890859 0.0770861 0.0610231 0.0428049 0.0291264 0.0199136 0.0125824 0.00677571 0.00312934 0.0013599 0.000589
 3.92773e-11 1.84741e-09 6.01691e-08 1.35697e-06 2.1191e-05 0.00022915 0.00171586 0.00889723 0.0319531 0.0795329 0.137567 0.167087 0.148144 0.108219 0.0811986 0.0679429 0.0553527 0.0411946 0.02881 0.0190214 0.0116189 0.00646847 0.00319088 0.00134884 0.000485624
 3.59984e-11 1.69319e-09 5.51461e-08 1.24368e-06 1.94219e-05 0.000210021 0.00157263 0.00815477 0.0292897 0.0729339 0.12636 0.154449 0.140076 0.108966 0.0898866 0.0794015 0.0643737 0.0462531 0.0314487 0.0208068 0.0129183 0.00724557 0.00357905 0.00151707 0.000536872
 3.67373e-11 1.72795e-09 5.6278e-08 1.26921e-06 1.98206e-05 0.000214332 0.00160491 0.00832203 0.029889 0.0744122 0.128825 0.157012 0.140973 0.106768 0.0849939 0.0743575 0.0619415 0.0469308 0.03352 0.0225578 0.0139005 0.00773136 0.00382155 0.00162743 0.000576179
 3.77075e-11 1.77358e-09 5.77642e-08 1.30273e-06 2.0344e-05 0.000219992 0.00164729 0.00854174 0.0306775 0.0763696 0.132174 0.160907 0.14386 0.107622 0.0838691 0.0718661 0.0586998 0.0436343 0.0310266 0.0213245 0.0136086 0.00778513 0.00389501 0.00166162 0.000587916
 3.86055e-11 1.81582e-09 5.914e-08 1.33376e-06 2.08285e-05 0.000225231 0.00168652 0.00874513 0.0314076 0.0781827 0.135283 0.164554 0.146672 0.108753 0.0834536 0.0704682 0.0567148 0.041258 0.0285454 0.0191786 0.0121377 0.00700878 0.00358132 0.00156126 0.000560591
 3.85672e-11 1.81401e-09 5.90813e-08 1.33243e-06 2.08078e-05 0.000225007 0.00168484 0.00873648 0.0313768 0.0781092 0.135176 0.164521 0.146952 0.109599 0.0848251 0.0718418 0.0574335 0.041083 0.0277256 0.018117 0.0111611 0.00630958 0.00319421 0.00139808 0.000508392
 3.70624e-11 1.74323e-09 5.6776e-08 1.28044e-06 1.9996e-05 0.000216228 0.00161911 0.0083957 0.0301541 0.0750768 0.130007 0.158599 0.142858 0.109096 0.0876527 0.0763126 0.0618735 0.0446781 0.030279 0.0196477 0.0118724 0.00653497 0.00322264 0.0013839 0.000498798
 3.82536e-11 1.79927e-09 5.86009e-08 1.3216e-06 2.06387e-05 0.000223178 0.00167115 0.00866544 0.0311215 0.0774724 0.134066 0.16313 0.145588 0.108368 0.0837815 0.0713952 0.0581358 0.0429045 0.029899 0.0198134 0.0120778 0.00662137 0.00321574 0.00135137 0.000476776
 3.88619e-11 1.82788e-09 5.95327e-08 1.34261e-06 2.09668e-05 0.000226727 0.00169772 0.00880321 0.0316162 0.078702 0.136182 0.16565 0.147652 0.109471 0.0839347 0.0706606 0.0564774 0.0405906 0.0276466 0.0182496 0.0112788 0.00629665 0.00309116 0.00129778 0.000452985
 3.82948e-11 1.8012e-09 5.8664e-08 1.32302e-06 2.06609e-05 0.000223418 0.00167295 0.00867481 0.0311557 0.0775621 0.134254 0.16351 0.146409 0.109953 0.0860115 0.0733085 0.0585628 0.0416199 0.0277719 0.0178801 0.0108147 0.00597367 0.00293851 0.00124413 0.000437132
 3.70176e-11 1.74113e-09 5.67075e-08 1.2789e-06 1.99718e-05 0.000215967 0.00161715 0.00838556 0.0301176 0.0749849 0.129842 0.158369 0.142561 0.108696 0.0871894 0.0760141 0.0620095 0.045248 0.030974 0.0201509 0.0120917 0.00655651 0.00316593 0.00132527 0.000464227
 3.67771e-11 1.72982e-09 5.6339e-08 1.27059e-06 1.9842e-05 0.000214564 0.00160665 0.00833107 0.0299218 0.0744968 0.128992 0.15731 0.141537 0.107787 0.0863753 0.0754714 0.0620642 0.046031 0.0322712 0.0215594 0.0132442 0.00728307 0.00351915 0.00145905 0.000504707
 3.65435e-11 1.71883e-09 5.59812e-08 1.26252e-06 1.9716e-05 0.000213201 0.00159644 0.00827817 0.0297319 0.0740256 0.128186 0.156373 0.140844 0.10757 0.0865667 0.0758156 0.062351 0.0462512 0.0325648 0.0220199 0.0138018 0.00777543 0.00383936 0.00161365 0.000560373
 3.73984e-11 1.75904e-09 5.72908e-08 1.29205e-06 2.01773e-05 0.000218189 0.00163379 0.00847176 0.0304264 0.0757468 0.131112 0.15969 0.143015 0.107516 0.0844757 0.072887 0.0598051 0.044553 0.0315581 0.0214573 0.0135468 0.00772669 0.00388401 0.00166544 0.00058868
 3.77062e-11 1.77352e-09 5.77623e-08 1.30269e-06 2.03433e-05 0.000219984 0.00164723 0.00854148 0.0306769 0.0763709 0.132197 0.161028 0.144265 0.108534 0.08524 0.0731572 0.0592217 0.0431493 0.0298756 0.0200669 0.0126595 0.00726361 0.00368735 0.001602 0.000575102
 3.90053e-11 1.83462e-09 5.97523e-08 1.34757e-06 2.10442e-05 0.000227563 0.00170398 0.00883566 0.0317324 0.0789885 0.136658 0.166136 0.147792 0.108969 0.0828711 0.0695699 0.055939 0.0406963 0.028027 0.0185739 0.0115102 0.00651001 0.00328651 0.0014321 0.000518499
 3.75353e-11 1.76548e-09 5.75004e-08 1.29678e-06 2.02511e-05 0.000218987 0.00163977 0.0085028 0.0305385 0.0760311 0.131641 0.160504 0.144285 0.10956 0.0871939 0.0752293 0.0604395 0.0431627 0.0290257 0.0188915 0.0115608 0.00645573 0.00321431 0.00138503 0.000498774
 3.84496e-11 1.80848e-09 5.89011e-08 1.32837e-06 2.07444e-05 0.000224321 0.00167971 0.00870982 0.0312809 0.0778687 0.134749 0.163948 0.146277 0.108783 0.0839459 0.0713371 0.0578177 0.0423198 0.0291587 0.0191062 0.0115597 0.00633387 0.00309637 0.0013139 0.000467358
 3.70871e-11 1.7444e-09 5.68139e-08 1.2813e-06 2.00093e-05 0.000216372 0.00162019 0.0084013 0.0301741 0.075126 0.130088 0.158676 0.142856 0.108943 0.087336 0.0759047 0.0615031 0.0444933 0.0303897 0.0200075 0.0122709 0.00678773 0.00331046 0.0013879 0.000486113
 3.59093e-11 1.689e-09 5.50096e-08 1.24061e-06 1.93738e-05 0.000209501 0.00156874 0.00813455 0.0292167 0.0727482 0.126011 0.153899 0.13919 0.107523 0.0880345 0.0780398 0.0645263 0.0479088 0.0335222 0.022318 0.0137053 0.00759095 0.00371951 0.00156542 0.00054747
 3.9491e-11 1.85747e-09 6.04965e-08 1.36435e-06 2.13062e-05 0.000230397 0.0017252 0.00894562 0.0321266 0.0799621 0.138291 0.167878 0.148562 0.107907 0.08015 0.0665009 0.0540074 0.0404064 0.0288404 0.0196771 0.0123702 0.0069731 0.00345137 0.00146 0.000512092
#pred catch len freq
 2.45881e-11 1.15651e-09 3.76667e-08 8.49477e-07 1.32658e-05 0.000143452 0.00107418 0.00557036 0.0200111 0.0498695 0.0866724 0.107226 0.101423 0.08787 0.0841933 0.0839956 0.076977 0.0657069 0.0552024 0.0459912 0.038047 0.0317083 0.0261034 0.0197212 0.0124789
 1.39564e-11 6.56442e-10 2.13799e-08 4.8217e-07 7.52982e-06 8.14258e-05 0.000609755 0.00316265 0.0113708 0.0284284 0.0500312 0.0648275 0.0706564 0.0801154 0.097539 0.108369 0.10327 0.0899757 0.0764252 0.063277 0.0505302 0.0392287 0.0294591 0.0204544 0.0121804
 6.32975e-12 2.97721e-10 9.69659e-09 2.18683e-07 3.41507e-06 3.69303e-05 0.000276565 0.00143475 0.00516236 0.0129454 0.0230487 0.0311151 0.0378377 0.0505342 0.0709597 0.0912637 0.106254 0.115348 0.114863 0.102743 0.0836299 0.0633295 0.0447106 0.0286614 0.0158413
 2.83251e-11 1.33228e-09 4.33914e-08 9.78584e-07 1.5282e-05 0.000165253 0.00123739 0.00641594 0.0230379 0.0573041 0.0988549 0.118832 0.101438 0.0661512 0.0414526 0.0355015 0.0422726 0.0551029 0.0678086 0.0742248 0.0707511 0.0583977 0.041796 0.0258094 0.0134305
 4.34218e-11 2.04235e-09 6.65181e-08 1.50015e-06 2.3427e-05 0.000253329 0.0018969 0.00983564 0.0353185 0.0878648 0.15167 0.182752 0.157277 0.104565 0.0647612 0.0442152 0.0309097 0.0210833 0.0172106 0.0184061 0.0204691 0.0198727 0.0159162 0.0103317 0.00536632
 3.52572e-11 1.65833e-09 5.40107e-08 1.21808e-06 1.9022e-05 0.000205697 0.00154026 0.00798705 0.0286892 0.0714585 0.123938 0.152116 0.139949 0.112849 0.0971116 0.0859891 0.0656972 0.0411434 0.0230009 0.0135839 0.00998489 0.00883117 0.00757123 0.00537272 0.00296135
 3.75864e-11 1.76789e-09 5.75789e-08 1.29855e-06 2.02787e-05 0.000219285 0.001642 0.00851432 0.0305788 0.0761234 0.131743 0.160359 0.143306 0.107151 0.0837312 0.0726592 0.0607968 0.0461251 0.0319986 0.0199194 0.011132 0.00619568 0.00387016 0.00250765 0.00140605
 3.73093e-11 1.75485e-09 5.71544e-08 1.28897e-06 2.01292e-05 0.000217669 0.0016299 0.00845163 0.0303545 0.0755732 0.130847 0.159528 0.143386 0.108838 0.0866002 0.074813 0.0604214 0.0437633 0.0302091 0.0202178 0.0124797 0.00685337 0.00341482 0.00163094 0.000748495
 3.68123e-11 1.73147e-09 5.6393e-08 1.2718e-06 1.9861e-05 0.000214769 0.00160819 0.00833907 0.0299506 0.0745712 0.129137 0.15756 0.141998 0.108607 0.0874994 0.0764198 0.0622319 0.0452675 0.0310131 0.0204137 0.0125496 0.00701294 0.00348702 0.00151899 0.000578913
 3.55465e-11 1.67194e-09 5.44539e-08 1.22807e-06 1.91781e-05 0.000207384 0.00155289 0.00805241 0.028922 0.0720193 0.12478 0.152542 0.138433 0.107907 0.0894355 0.0796892 0.0656115 0.0482149 0.0333932 0.0221348 0.0136071 0.00756655 0.00373602 0.00159732 0.000576381
 3.68239e-11 1.73202e-09 5.64107e-08 1.2722e-06 1.98673e-05 0.000214837 0.00160869 0.00834166 0.0299595 0.0745896 0.129143 0.157447 0.141511 0.107458 0.0857625 0.0748103 0.0616398 0.0459485 0.0324507 0.0218831 0.0136232 0.00763497 0.0037769 0.00160581 0.000569806
 3.73307e-11 1.75586e-09 5.71871e-08 1.28971e-06 2.01407e-05 0.000217793 0.00163083 0.00845645 0.0303717 0.0756145 0.130909 0.159558 0.14327 0.108466 0.086023 0.0743231 0.0603067 0.0439672 0.0304485 0.0204399 0.0128541 0.00731903 0.00367095 0.0015732 0.000558543
 3.76329e-11 1.77007e-09 5.76501e-08 1.30015e-06 2.03038e-05 0.000219557 0.00164403 0.00852491 0.0306175 0.0762257 0.131962 0.160818 0.144321 0.109084 0.0862598 0.0742656 0.0599345 0.0432387 0.0294342 0.0193525 0.0119512 0.00674378 0.00338991 0.0014662 0.000525696
 3.71378e-11 1.74679e-09 5.68917e-08 1.28305e-06 2.00367e-05 0.000216669 0.00162241 0.00841281 0.0302154 0.0752299 0.130273 0.158928 0.143166 0.109346 0.0878283 0.076334 0.0616413 0.0442329 0.0298217 0.0193526 0.0117538 0.00650914 0.00321979 0.00138024 0.000494338
 3.73863e-11 1.75847e-09 5.72723e-08 1.29163e-06 2.01707e-05 0.000218118 0.00163326 0.00846906 0.030417 0.0757279 0.131109 0.159821 0.143568 0.108827 0.0864988 0.0748961 0.0608611 0.0442914 0.0303092 0.0197985 0.0119742 0.00655108 0.00318813 0.00134422 0.000475042
 3.80452e-11 1.78947e-09 5.82817e-08 1.3144e-06 2.05262e-05 0.000221962 0.00166204 0.00861828 0.0309526 0.0770574 0.133384 0.162469 0.145539 0.109441 0.0858323 0.0734246 0.0590158 0.0424038 0.0287253 0.0187514 0.011418 0.00628388 0.0030546 0.00127676 0.000445409
 3.77574e-11 1.77593e-09 5.78409e-08 1.30446e-06 2.0371e-05 0.000220283 0.00164947 0.00855313 0.030719 0.0764797 0.132411 0.161408 0.144989 0.109864 0.0871461 0.0749942 0.0601283 0.0427856 0.0285591 0.0183631 0.0110555 0.00605197 0.00294139 0.00123061 0.000428469
 3.693e-11 1.73701e-09 5.65733e-08 1.27587e-06 1.99245e-05 0.000215456 0.00161333 0.00836575 0.0300466 0.074812 0.129566 0.15814 0.142697 0.109496 0.0885684 0.0773385 0.0625438 0.0448333 0.030073 0.0192953 0.0115044 0.00621471 0.00298527 0.00123974 0.000430088
 3.60599e-11 1.69609e-09 5.52404e-08 1.24581e-06 1.94551e-05 0.00021038 0.00157532 0.00816868 0.0293392 0.0730545 0.126548 0.154582 0.139896 0.108237 0.0887541 0.0785653 0.0645604 0.0473834 0.0326618 0.0213985 0.0128949 0.00697605 0.00333183 0.00137047 0.000470868
 3.59363e-11 1.69027e-09 5.50511e-08 1.24154e-06 1.93884e-05 0.000209659 0.00156992 0.00814067 0.0292385 0.0728028 0.126106 0.154012 0.139283 0.107572 0.0880206 0.0779339 0.0643197 0.0476875 0.033432 0.0223966 0.0138342 0.00765251 0.00370852 0.00153342 0.00052577
 3.63125e-11 1.70796e-09 5.56273e-08 1.25453e-06 1.95914e-05 0.000211853 0.00158635 0.00822586 0.0295442 0.073561 0.127399 0.155496 0.14032 0.107722 0.0873313 0.0767768 0.0630667 0.0465692 0.0326099 0.0219728 0.0137663 0.00777417 0.00385452 0.00162612 0.000565413
 3.68454e-11 1.73303e-09 5.64437e-08 1.27295e-06 1.98789e-05 0.000214962 0.00160963 0.00834656 0.0299774 0.0746363 0.129239 0.157638 0.141916 0.108229 0.0868295 0.0756827 0.0617337 0.0451851 0.0313269 0.0209554 0.0131063 0.00744174 0.00373693 0.00160468 0.000568633
 3.77142e-11 1.7739e-09 5.77747e-08 1.30296e-06 2.03477e-05 0.000220031 0.00164759 0.00854332 0.0306835 0.0763891 0.132238 0.161121 0.144489 0.108993 0.0859315 0.0738634 0.0596413 0.0431287 0.0294654 0.0194381 0.0120213 0.00677545 0.00339697 0.00146615 0.00052512
 3.74281e-11 1.76044e-09 5.73363e-08 1.29308e-06 2.01932e-05 0.000218362 0.00163509 0.00847853 0.0304512 0.0758144 0.131268 0.160059 0.143921 0.109366 0.0871724 0.0753806 0.0607754 0.043619 0.0294449 0.0191514 0.0116665 0.00647921 0.00320992 0.00137578 0.000492112
 3.71068e-11 1.74533e-09 5.68442e-08 1.28198e-06 2.00199e-05 0.000216487 0.00162105 0.00840578 0.0301901 0.0751669 0.130164 0.158791 0.143034 0.109233 0.0877488 0.0763428 0.0617999 0.0445142 0.0300972 0.0195048 0.0117665 0.00644282 0.00314239 0.00132782 0.00046986
 3.70176e-11 1.74113e-09 5.67076e-08 1.2789e-06 1.99718e-05 0.000215967 0.00161716 0.00838558 0.0301176 0.0749864 0.129852 0.158414 0.142706 0.109012 0.0876318 0.0763444 0.0619669 0.0448459 0.0305044 0.0198664 0.0120054 0.00655332 0.00316936 0.00132276 0.000461773
 3.63378e-11 1.70915e-09 5.56661e-08 1.25541e-06 1.9605e-05 0.000212001 0.00158746 0.00823162 0.0295652 0.0736164 0.127516 0.155739 0.140856 0.108779 0.0888761 0.0782639 0.0637814 0.0462454 0.0315317 0.0206143 0.0125177 0.00686154 0.00332258 0.00138248 0.00047918
 3.66388e-11 1.72332e-09 5.61273e-08 1.26581e-06 1.97675e-05 0.000213757 0.00160061 0.00829978 0.0298095 0.0742198 0.128528 0.156817 0.141328 0.108112 0.0871861 0.0763853 0.062641 0.04611 0.032002 0.0211939 0.0129653 0.00714258 0.00347324 0.00144931 0.000502546
#obs catch len freq
 2.47297e-11 1.16317e-09 3.78835e-08 8.5437e-07 1.33422e-05 0.000144278 0.00108036 0.00560238 0.0201257 0.0501491 0.0871198 0.1076 0.101214 0.0866084 0.0820437 0.0820769 0.0767493 0.0679317 0.0595731 0.0513204 0.0424242 0.0330276 0.0234309 0.0144326 0.00733075
 2.44011e-11 1.14771e-09 3.73802e-08 8.43017e-07 1.31649e-05 0.000142361 0.00106601 0.00552801 0.0198592 0.0494917 0.0860233 0.106459 0.100817 0.0876086 0.084334 0.0846599 0.0784729 0.0683927 0.0591495 0.0505536 0.0416072 0.0322312 0.0227054 0.0138792 0.00700467
 5.30487e-12 2.49515e-10 8.12657e-09 1.83275e-07 2.86215e-06 3.09522e-05 0.000231827 0.00120332 0.00433909 0.0109735 0.0201653 0.0300925 0.0448532 0.0720532 0.105599 0.125035 0.122116 0.108452 0.0941161 0.0797951 0.0648622 0.0497034 0.0347267 0.0210791 0.0105698
 1.60613e-14 7.55465e-13 2.46073e-11 5.55167e-10 8.68273e-09 9.44495e-08 7.23832e-07 4.09532e-06 1.9591e-05 9.71243e-05 0.000501064 0.00221274 0.00742214 0.0187437 0.0377697 0.0658147 0.102205 0.136411 0.151753 0.1433 0.120241 0.0921921 0.0638402 0.0383798 0.0190925
 5.28641e-11 2.48647e-09 8.09828e-08 1.82637e-06 2.85213e-05 0.000308416 0.00230935 0.0119738 0.0429889 0.106873 0.183979 0.219309 0.181034 0.103553 0.041346 0.0125505 0.00557283 0.00739111 0.0118505 0.0158133 0.0170467 0.0150293 0.0110099 0.00670541 0.00332634
 3.08713e-11 1.45204e-09 4.72919e-08 1.06655e-06 1.66558e-05 0.00018011 0.00134869 0.00699416 0.0251299 0.062663 0.10916 0.136219 0.132427 0.121072 0.119265 0.110393 0.0797294 0.0418827 0.0170657 0.00817078 0.00728695 0.0076254 0.00660171 0.00445191 0.00231761
 3.9715e-11 1.868e-09 6.08396e-08 1.37209e-06 2.14271e-05 0.000231704 0.00173498 0.00899625 0.0323071 0.0803987 0.138959 0.168285 0.147652 0.104758 0.0755671 0.0637933 0.0563435 0.0466093 0.0338342 0.0201388 0.00982498 0.0047207 0.00286066 0.00190035 0.00106118
 3.61559e-11 1.7006e-09 5.53874e-08 1.24913e-06 1.95069e-05 0.00021094 0.00157952 0.00819047 0.0294181 0.0732556 0.12693 0.155206 0.140945 0.109956 0.0908174 0.0796111 0.0632897 0.0444171 0.0302036 0.0206364 0.0130344 0.0070179 0.00324083 0.00140821 0.000609879
 3.84552e-11 1.80875e-09 5.89098e-08 1.32856e-06 2.07474e-05 0.000224354 0.00167995 0.00871108 0.0312852 0.0778767 0.134745 0.16386 0.145932 0.107994 0.0828004 0.0703842 0.0576564 0.0429429 0.0300186 0.019809 0.0120958 0.00673252 0.00332069 0.00140361 0.000505317
 3.52306e-11 1.65708e-09 5.397e-08 1.21716e-06 1.90077e-05 0.000205542 0.0015391 0.00798092 0.0286659 0.0713874 0.123726 0.151444 0.138042 0.108824 0.0914783 0.0817563 0.0665256 0.0478143 0.032489 0.0214815 0.0133321 0.00747604 0.00369241 0.001565 0.000553809
 3.59786e-11 1.69226e-09 5.51158e-08 1.243e-06 1.94112e-05 0.000209905 0.00157177 0.00815022 0.0292726 0.0728835 0.12622 0.154032 0.138925 0.106546 0.0864494 0.0765871 0.0640546 0.0485487 0.0346552 0.0233089 0.0143584 0.00798438 0.00394609 0.00168034 0.00059488
 3.70303e-11 1.74173e-09 5.6727e-08 1.27934e-06 1.99787e-05 0.000216041 0.00161771 0.00838841 0.0301274 0.0750054 0.12985 0.15825 0.142042 0.107444 0.085195 0.0738709 0.0605704 0.0450387 0.0320042 0.021983 0.0140238 0.00802101 0.00401254 0.00171163 0.000605583
 3.80387e-11 1.78916e-09 5.82716e-08 1.31417e-06 2.05227e-05 0.000221924 0.00166176 0.00861677 0.030947 0.0770408 0.133338 0.162334 0.145163 0.108633 0.0846069 0.0721869 0.0582961 0.0424167 0.0293261 0.01969 0.0124564 0.0071912 0.00367406 0.00160156 0.000575039
 3.79324e-11 1.78416e-09 5.81089e-08 1.3105e-06 2.04654e-05 0.000221304 0.00165712 0.00859274 0.0308611 0.0768305 0.132999 0.162038 0.145272 0.109486 0.0861488 0.073798 0.0592203 0.0423753 0.0285787 0.0186621 0.0114922 0.00649528 0.00328777 0.00143892 0.000523218
 3.64544e-11 1.71464e-09 5.58447e-08 1.25944e-06 1.9668e-05 0.000212681 0.00159255 0.00825804 0.0296601 0.0738521 0.127922 0.156221 0.141249 0.108988 0.0889215 0.07819 0.0635928 0.0459258 0.0311026 0.0201688 0.0121824 0.00670401 0.00330553 0.00141937 0.000511559
 3.77105e-11 1.77372e-09 5.77689e-08 1.30283e-06 2.03456e-05 0.000220009 0.00164742 0.00854244 0.0306803 0.0763782 0.132202 0.161002 0.14414 0.108248 0.0848805 0.0730417 0.0596628 0.0440361 0.0306656 0.0203084 0.0123747 0.00678265 0.00329361 0.00138397 0.000488255
 3.8403e-11 1.80629e-09 5.88297e-08 1.32676e-06 2.07192e-05 0.000224049 0.00167767 0.00869929 0.0312433 0.0777777 0.134608 0.163855 0.14644 0.109396 0.084901 0.0720829 0.057771 0.0415207 0.0282577 0.0186397 0.011515 0.00642702 0.00315474 0.00132436 0.000462241
 3.75681e-11 1.76702e-09 5.75508e-08 1.29792e-06 2.02688e-05 0.000219179 0.0016412 0.00851025 0.0305653 0.0760984 0.131761 0.160668 0.14449 0.109833 0.0875409 0.0755629 0.0606184 0.0431015 0.0287432 0.0184938 0.0111814 0.00617479 0.00303703 0.00128574 0.00045173
 3.63559e-11 1.71001e-09 5.56938e-08 1.25604e-06 1.96148e-05 0.000212107 0.00158825 0.00823572 0.0295799 0.0736519 0.127571 0.155778 0.140802 0.108563 0.088548 0.0780394 0.0638793 0.0466226 0.0318937 0.0207363 0.0124383 0.00674287 0.00325545 0.00136263 0.000477289
 3.61393e-11 1.69982e-09 5.53619e-08 1.24855e-06 1.94979e-05 0.000210843 0.00157878 0.00818663 0.0294035 0.0732118 0.126803 0.154809 0.139832 0.107637 0.0876518 0.077391 0.0638504 0.0473628 0.0331821 0.0221543 0.0136046 0.00747963 0.00361365 0.00149811 0.000518192
 3.58433e-11 1.6859e-09 5.49085e-08 1.23833e-06 1.93382e-05 0.000209116 0.00156586 0.00811961 0.029163 0.0726149 0.125782 0.153627 0.138969 0.107397 0.0879542 0.0779073 0.0642995 0.047708 0.0335683 0.0226848 0.0142133 0.00800557 0.0039525 0.00166107 0.000576815
 3.68393e-11 1.73274e-09 5.64344e-08 1.27274e-06 1.98756e-05 0.000214927 0.00160937 0.00834515 0.0299722 0.0746204 0.129193 0.157497 0.141518 0.107378 0.0855836 0.0745569 0.0613599 0.0457142 0.0323568 0.0219864 0.0138755 0.00791247 0.00397688 0.00170513 0.000602682
 3.70773e-11 1.74394e-09 5.67989e-08 1.28096e-06 2.0004e-05 0.000216315 0.00161976 0.00839906 0.0301659 0.075104 0.130039 0.158564 0.14259 0.108399 0.0865163 0.075061 0.0609753 0.0444372 0.030746 0.0206381 0.0130148 0.00746581 0.00378951 0.00164626 0.000590964
 3.83942e-11 1.80588e-09 5.88162e-08 1.32645e-06 2.07145e-05 0.000223998 0.00167729 0.00869728 0.0312359 0.0777575 0.134561 0.163743 0.146164 0.108839 0.084114 0.0714254 0.0576513 0.0419558 0.0288752 0.0191238 0.0118463 0.00669862 0.00338127 0.00147328 0.000533382
 3.69379e-11 1.73738e-09 5.65854e-08 1.27614e-06 1.99288e-05 0.000215502 0.00161367 0.00836754 0.0300532 0.0748278 0.129592 0.158168 0.142708 0.109464 0.0884539 0.0770834 0.062126 0.0443745 0.0298192 0.0193947 0.0118638 0.00662337 0.00329732 0.00142068 0.000511589
 3.77876e-11 1.77735e-09 5.78871e-08 1.3055e-06 2.03873e-05 0.00022046 0.00165079 0.00855993 0.0307431 0.0765352 0.132478 0.161355 0.144512 0.108639 0.0852879 0.0733471 0.0596816 0.0436999 0.0300906 0.0197049 0.0119175 0.0065284 0.00319102 0.00135395 0.000481579
 3.63949e-11 1.71184e-09 5.57536e-08 1.25738e-06 1.96359e-05 0.000212334 0.00158996 0.00824457 0.0296118 0.0737317 0.127713 0.155967 0.141019 0.108809 0.0887632 0.0780239 0.0634489 0.045914 0.0313393 0.0206196 0.0126414 0.00699114 0.00340921 0.00142919 0.000500549
 3.52911e-11 1.65992e-09 5.40626e-08 1.21925e-06 1.90403e-05 0.000205894 0.00154173 0.00799456 0.0287144 0.0715027 0.12389 0.151476 0.137539 0.107381 0.0892761 0.079905 0.0662602 0.0491986 0.0344002 0.0228883 0.0140502 0.00778022 0.00381173 0.0016041 0.000560971
#spawning biomass
 48572.3 55754.4 54849.7 48221.1 56581.3 98370.8 129358 163127 217034 205712 226303 267623 266704 233360 279931 293441 295103 277553 298066 292727 294147 281706 270341 289083 274031 269867 301337 374591 490021 515967 309160 167023 89349.7 51157.9 33531.7 25717.1 22342.2 20910.1 20309.6 20059.8 19956.5 19913.9 19896.4 19889.2 19886.3 19885.1 19884.6 19884.4 19884.3 19884.3 19884.3 19884.3 19884.3 19884.3 19884.3 19884.3 19884.3 19884.3 19884.3 19884.3 19884.3 19884.3 19884.3 19884.3 19884.3 19884.3 19884.3 19884.3 19884.3 19884.3 19884.3 19884.3 19884.3 19884.3 19884.3 19884.3 19884.3 19884.3 19884.3 19884.3 19884.3 19884.3 19884.3 19884.3 19884.3 19884.3 19884.3 19884.3 19884.3 19884.3 19884.3 19884.3 19884.3 19884.3 19884.3 19884.3 19884.3 19884.3 19884.3 19884.3 19884.3 19884.3 19884.3 19884.3 19884.3 19884.3 19884.3 19884.3 19884.3 19884.3 19884.3 19884.3 19884.3 19884.3 19884.3 19884.3 19884.3 19884.3 19884.3 19884.3 19884.3 19884.3 19884.3 19884.3 19884.3 19884.3 19884.3 19884.3 0 0 0 0 0 0 0 0 0 0 0 0 0 0 0 0 0 0 0 0 0 0 0 0 0
