SBPRF35
0.0418769
Curr Bio
1.01651e+06
B35
558319
F35
2.24211e+06
FOFL
2.24211e+06
OFL
1.52942e+06
Bzero
5744.41
#pred survey bio
 20286.1 17111.5 18345.6 27626.7 34699.5 43953.6 73351.1 100281 112151 128427 173826 209367 255029 269540 213505 209341 176176 214038 234611 204507 251195 265886 215779 250916 226093 207767 179491 190933 4.42547e+06 633574 119901 27015.4 17459.2 16560.1 16476.9 16469.2 16468.5 16468.5 16468.5 16468.5 16468.5 16468.5 16468.5 16468.5 16468.5 16468.5 16468.5 16468.5 16468.5 16468.5 16468.5 16468.5 16468.5 16468.5 16468.5 16468.5 16468.5 16468.5 16468.5 16468.5 16468.5 16468.5 16468.5 16468.5 16468.5 16468.5 16468.5 16468.5 16468.5 16468.5 16468.5 16468.5 16468.5 16468.5 16468.5 16468.5 16468.5 16468.5 16468.5 16468.5 16468.5 16468.5 16468.5 16468.5 16468.5 16468.5 16468.5 16468.5 16468.5 16468.5 16468.5 16468.5 16468.5 16468.5 16468.5 16468.5 16468.5 16468.5 16468.5 16468.5 16468.5 16468.5 16468.5 16468.5 16468.5 16468.5 16468.5 16468.5 16468.5 16468.5 16468.5 16468.5 16468.5 16468.5 16468.5 16468.5 16468.5 16468.5 16468.5 16468.5 16468.5 16468.5 16468.5 16468.5 16468.5 16468.5 16468.5 16468.5 0 0 0 0 0 0 0 0 0 0 0 0 0 0 0 0 0 0 0 0 0 0 0 0 0
#obs survey bio
 17265.8 19935.4 16350.2 28426 39997.5 46189 87524.4 117624 95184.6 113042 138317 233860 232466 295013 212916 201247 182497 221461 251963 160974 306703 355713 195660 210234 237492 175920 133101 165450
#pred catch bio
 18119.8 14953.7 13036.1 9232.73 20557.9 30200.4 48790.3 71842.8 65198.6 99985.5 145527 189379 226691 232740 226120 213908 194470 201001 185234 203137 181150 196670 204215 187318 217696 223175 185751 198259 1.52942e+06 6611.6 6611.6 6611.6 6611.6 6611.6 6611.6 6611.6 6611.6 6611.6 6611.6 6611.6 6611.6 6611.6 6611.6 6611.6 6611.6 6611.6 6611.6 6611.6 6611.6 6611.6 6611.6 6611.6 6611.6 6611.6 6611.6 6611.6 6611.6 6611.6 6611.6 6611.6 6611.6 6611.6 6611.6 6611.6 6611.6 6611.6 6611.6 6611.6 6611.6 6611.6 6611.6 6611.6 6611.6 6611.6 6611.6 6611.6 6611.6 6611.6 6611.6 6611.6 6611.6 6611.6 6611.6 6611.6 6611.6 6611.6 6611.6 6611.6 6611.6 6611.6 6611.6 6611.6 6611.6 6611.6 6611.6 6611.6 6611.6 6611.6 6611.6 6611.6 6611.6 6611.6 6611.6 6611.6 6611.6 6611.6 6611.6 6611.6 6611.6 6611.6 6611.6 6611.6 6611.6 6611.6 6611.6 6611.6 6611.6 6611.6 6611.6 6611.6 6611.6 6611.6 6611.6 6611.6 6611.6 6611.6 6611.6 6611.6 0 0 0 0 0 0 0 0 0 0 0 0 0 0 0 0 0 0 0 0 0 0 0 0 0
#obs catch bio
 13684.8 14784.1 14601.6 8938.63 20884.5 30880 48785.4 73113.8 63965.6 100518 145464 190645 223321 226128 228182 211675 193748 198651 179938 204550 176566 193824 205353 182089 216737 222979 183287 197239
#pred cpue bio
 20558.8 17298.2 18149.7 27470 33561.1 41370.1 68093.5 93328.1 103971 119131 161303 192209 234265 251615 199298 192400 159868 192337 209576 181987 219676 230600 185554 213846 191375 175056 149991 159062 3.69362e+06 653650 122923 23905.9 14190.7 13288.9 13205.6 13198 13197.3 13197.2 13197.2 13197.2 13197.2 13197.2 13197.2 13197.2 13197.2 13197.2 13197.2 13197.2 13197.2 13197.2 13197.2 13197.2 13197.2 13197.2 13197.2 13197.2 13197.2 13197.2 13197.2 13197.2 13197.2 13197.2 13197.2 13197.2 13197.2 13197.2 13197.2 13197.2 13197.2 13197.2 13197.2 13197.2 13197.2 13197.2 13197.2 13197.2 13197.2 13197.2 13197.2 13197.2 13197.2 13197.2 13197.2 13197.2 13197.2 13197.2 13197.2 13197.2 13197.2 13197.2 13197.2 13197.2 13197.2 13197.2 13197.2 13197.2 13197.2 13197.2 13197.2 13197.2 13197.2 13197.2 13197.2 13197.2 13197.2 13197.2 13197.2 13197.2 13197.2 13197.2 13197.2 13197.2 13197.2 13197.2 13197.2 13197.2 13197.2 13197.2 13197.2 13197.2 13197.2 13197.2 13197.2 13197.2 13197.2 13197.2 13197.2 13197.2 0 0 0 0 0 0 0 0 0 0 0 0 0 0 0 0 0 0 0 0 0 0 0 0 0
#obs cpue bio
 18004.5 18309.3 13565.5 25618 30487.4 34182.6 59733.8 77075.7 127212 130352 206562 168907 276231 263001 184526 217662 146680 198953 225351 215179 200705 192680 190948 291196 187688 210486 205156 191037
#pred surv len freq
 4.4889e-12 4.87227e-10 3.11825e-08 1.17673e-06 2.61843e-05 0.000343586 0.00265974 0.012172 0.0332812 0.0571796 0.074543 0.101171 0.137024 0.143998 0.118665 0.0906026 0.0670892 0.0470223 0.0325538 0.0231664 0.0174685 0.0142954 0.0121378 0.00924217 0.0053577
 6.64092e-12 7.20809e-10 4.61317e-08 1.74087e-06 3.8737e-05 0.000508279 0.00393381 0.0179833 0.0489051 0.0819061 0.0974328 0.113294 0.141064 0.147961 0.12638 0.0966637 0.0626327 0.0317415 0.0138182 0.00635208 0.00347988 0.00228436 0.00169595 0.00122051 0.000702176
 9.34239e-12 1.01403e-09 6.48976e-08 2.44904e-06 5.44945e-05 0.000715019 0.00553316 0.0252782 0.0685178 0.112941 0.126089 0.127756 0.141688 0.137519 0.105309 0.0710918 0.0430416 0.0212873 0.00855607 0.00295677 0.000954947 0.000354721 0.000181957 0.000111234 6.04668e-05
 8.45959e-12 9.18207e-10 5.87651e-08 2.21762e-06 4.93453e-05 0.000647465 0.00501075 0.0228999 0.0621852 0.103418 0.119667 0.131169 0.154114 0.150155 0.110834 0.0702583 0.0401736 0.0189233 0.00722731 0.00236141 0.000669555 0.000168391 4.42425e-05 1.58639e-05 6.9415e-06
 1.22894e-11 1.33389e-09 8.53689e-08 3.22156e-06 7.16839e-05 0.000940535 0.00727735 0.0332241 0.0897486 0.145467 0.151042 0.126119 0.115523 0.107157 0.0866875 0.0638762 0.0407396 0.0203599 0.00809004 0.00269704 0.000755876 0.000176629 3.52864e-05 6.73733e-06 1.55904e-06
 1.37046e-11 1.4875e-09 9.51997e-08 3.59254e-06 7.99387e-05 0.00104885 0.00811544 0.0370514 0.100102 0.162364 0.169087 0.142041 0.128541 0.109966 0.0716324 0.037757 0.0186623 0.00853757 0.0034094 0.00116955 0.000334417 7.81308e-05 1.48998e-05 2.3354e-06 3.19786e-07
 1.47218e-11 1.59792e-09 1.02266e-07 3.85922e-06 8.58725e-05 0.00112669 0.00871759 0.0397957 0.10745 0.173745 0.178427 0.143496 0.122718 0.102096 0.0654794 0.0334206 0.0152256 0.00586994 0.00176661 0.000444049 0.000104766 2.31433e-05 4.40133e-06 6.75926e-07 8.18097e-08
 1.43977e-11 1.56274e-09 1.00015e-07 3.77425e-06 8.3982e-05 0.00110189 0.0085258 0.0389227 0.105127 0.170264 0.176142 0.144942 0.127538 0.106768 0.0671006 0.03255 0.0139383 0.0051308 0.00146301 0.000325635 6.0534e-05 9.75662e-06 1.41349e-06 1.87452e-07 2.13884e-08
 1.4677e-11 1.59305e-09 1.01955e-07 3.84746e-06 8.5611e-05 0.00112326 0.0086911 0.039676 0.107142 0.173377 0.178648 0.145178 0.12566 0.10431 0.0652153 0.0313494 0.01321 0.00473485 0.00128348 0.00026178 4.33125e-05 6.02053e-06 6.96205e-07 6.78873e-08 5.76779e-09
 1.47042e-11 1.596e-09 1.02144e-07 3.85459e-06 8.57695e-05 0.00112534 0.00870717 0.0397487 0.10733 0.173615 0.178585 0.144356 0.124185 0.103203 0.0653653 0.0324024 0.0142023 0.00525095 0.00146486 0.00030902 5.22186e-05 7.10422e-06 7.60103e-07 6.44007e-08 4.40172e-09
 1.45532e-11 1.57961e-09 1.01095e-07 3.815e-06 8.48886e-05 0.00111379 0.00861782 0.0393424 0.106255 0.172047 0.177777 0.145735 0.127502 0.106073 0.065778 0.0309576 0.0127067 0.00449165 0.00121776 0.000250021 4.13212e-05 5.58202e-06 5.97944e-07 4.99227e-08 3.22074e-09
 1.53162e-11 1.66242e-09 1.06395e-07 4.01501e-06 8.93391e-05 0.00117218 0.00906942 0.0414001 0.111758 0.180524 0.184501 0.146036 0.121823 0.098901 0.0605559 0.0279693 0.0111656 0.00382309 0.000988482 0.00018725 2.79036e-05 3.44662e-06 3.47704e-07 2.79992e-08 1.7703e-09
 1.51692e-11 1.64647e-09 1.05374e-07 3.97648e-06 8.84818e-05 0.00116093 0.00898246 0.0410046 0.11071 0.178984 0.183645 0.147186 0.124755 0.101492 0.061025 0.0268225 0.00995398 0.00321889 0.000800207 0.000144509 2.00406e-05 2.25887e-06 2.05151e-07 1.47713e-08 8.46538e-10
 1.39468e-11 1.5138e-09 9.68828e-08 3.65606e-06 8.1352e-05 0.00106739 0.008259 0.0377084 0.101899 0.165453 0.173109 0.147358 0.134865 0.113706 0.0692347 0.0307936 0.0115888 0.00376512 0.000923854 0.000160792 2.09462e-05 2.19299e-06 1.84846e-07 1.22232e-08 6.31902e-10
 1.4037e-11 1.52358e-09 9.75089e-08 3.67968e-06 8.18778e-05 0.00107429 0.00831232 0.0379508 0.102539 0.166376 0.173533 0.146376 0.132648 0.111854 0.0691019 0.0319202 0.0126751 0.00427457 0.0010648 0.000186073 2.41562e-05 2.48846e-06 2.02221e-07 1.25885e-08 6.01103e-10
 1.51118e-11 1.64024e-09 1.04975e-07 3.96143e-06 8.81468e-05 0.00115653 0.00894848 0.0408498 0.110298 0.178364 0.183224 0.1474 0.125545 0.102282 0.0613402 0.0267344 0.00977184 0.00310033 0.00074847 0.000127672 1.6081e-05 1.60323e-06 1.26645e-07 7.6633e-09 3.52309e-10
 1.59287e-11 1.7289e-09 1.1065e-07 4.17557e-06 9.29118e-05 0.00121905 0.00943201 0.0430532 0.116192 0.187457 0.190508 0.14795 0.119802 0.0947871 0.0555584 0.0231315 0.00784696 0.00232998 0.00053723 8.6861e-05 1.00683e-05 9.09006e-07 6.61711e-08 3.77787e-09 1.6585e-10
 1.6537e-11 1.79493e-09 1.14875e-07 4.33503e-06 9.64599e-05 0.0012656 0.00979204 0.0446936 0.120579 0.194205 0.195817 0.148046 0.115048 0.0888941 0.051398 0.0209014 0.00680574 0.00194225 0.000435663 6.82875e-05 7.50611e-06 6.26589e-07 4.17521e-08 2.17353e-09 8.64823e-11
 1.69275e-11 1.83731e-09 1.17588e-07 4.4374e-06 9.87377e-05 0.00129548 0.0100232 0.0457465 0.123391 0.198506 0.199078 0.147702 0.11138 0.0847117 0.0489209 0.0200597 0.0066421 0.00192663 0.000436475 6.89832e-05 7.66659e-06 6.46625e-07 4.29613e-08 2.17643e-09 8.19466e-11
 1.71735e-11 1.86402e-09 1.19297e-07 4.50191e-06 0.000100173 0.00131431 0.0101688 0.0464099 0.125163 0.201214 0.201127 0.147471 0.109046 0.0820591 0.0473622 0.0195468 0.00655821 0.00192998 0.000443592 7.17613e-05 8.31514e-06 7.41348e-07 5.17389e-08 2.71109e-09 1.04269e-10
 1.81163e-11 1.96635e-09 1.25846e-07 4.74905e-06 0.000105672 0.00138646 0.0107268 0.0489524 0.131961 0.21167 0.209345 0.147589 0.10163 0.0728929 0.0409236 0.0161304 0.00498315 0.00135162 0.000295771 4.60901e-05 5.08437e-06 4.2803e-07 2.87651e-08 1.50191e-09 5.90821e-11
 1.85883e-11 2.01758e-09 1.29125e-07 4.87277e-06 0.000108425 0.00142258 0.0110062 0.0502248 0.135359 0.216862 0.213259 0.147099 0.0970851 0.0677656 0.0379665 0.0152222 0.00487758 0.0013741 0.000307635 4.87135e-05 5.48022e-06 4.71304e-07 3.19738e-08 1.65308e-09 6.3603e-11
 1.89832e-11 2.06045e-09 1.31868e-07 4.9763e-06 0.000110729 0.0014528 0.0112399 0.05129 0.138208 0.221252 0.21675 0.147281 0.0941792 0.0640541 0.035202 0.013595 0.0040535 0.00105949 0.000227631 3.53916e-05 3.93134e-06 3.342e-07 2.2534e-08 1.16691e-09 4.51256e-11
 1.93852e-11 2.10408e-09 1.34661e-07 5.08168e-06 0.000113073 0.00148356 0.0114778 0.0523741 0.141107 0.225715 0.220276 0.147394 0.0911134 0.0602082 0.0324267 0.0120466 0.00330329 0.000776412 0.000154185 2.24166e-05 2.25478e-06 1.66027e-07 9.71232e-09 4.56887e-10 1.67178e-11
 1.97231e-11 2.14076e-09 1.37008e-07 5.17026e-06 0.000115045 0.00150942 0.0116778 0.0532851 0.143541 0.229433 0.223085 0.14706 0.0878841 0.0565541 0.0303034 0.0113741 0.00320714 0.000781527 0.000158593 2.31538e-05 2.30738e-06 1.6562e-07 9.24116e-09 4.03591e-10 1.32973e-11
 1.98947e-11 2.15938e-09 1.382e-07 5.21524e-06 0.000116045 0.00152255 0.0117794 0.0537479 0.14478 0.231353 0.224663 0.147309 0.0868795 0.0551072 0.029017 0.010416 0.00263785 0.000550928 9.97355e-05 1.36852e-05 1.28951e-06 8.52063e-08 4.28614e-09 1.70697e-10 5.21636e-12
 2.02491e-11 2.19785e-09 1.40662e-07 5.30814e-06 0.000118112 0.00154967 0.0119891 0.0547036 0.147334 0.235271 0.227693 0.147191 0.0838443 0.0515009 0.0266745 0.00936905 0.00224893 0.000427496 7.08111e-05 9.13656e-06 8.0117e-07 4.64343e-08 1.89646e-09 5.99728e-11 1.51715e-12
 2.03867e-11 2.21278e-09 1.41618e-07 5.3442e-06 0.000118915 0.0015602 0.0120706 0.0550745 0.148324 0.236786 0.22884 0.147065 0.0825451 0.0500231 0.0258049 0.0090802 0.00219716 0.000423982 7.1187e-05 9.22891e-06 8.06324e-07 4.60665e-08 1.8206e-09 5.42592e-11 1.25231e-12
#obs surv len freq
 4.3135e-11 3.9976e-09 2.18452e-07 7.03882e-06 0.000133731 0.0014982 0.00989857 0.0386005 0.0892276 0.125041 0.118078 0.103402 0.108734 0.113999 0.106758 0.0865182 0.0556355 0.0274581 0.0106811 0.00333125 0.000821063 0.000154266 2.10287e-05 1.98095e-06 1.24302e-07
 2.16089e-11 1.93153e-09 1.01802e-07 3.16374e-06 5.79758e-05 0.000626553 0.00399645 0.0151078 0.0345886 0.0530467 0.0735884 0.115625 0.161582 0.171785 0.149235 0.110603 0.0653328 0.0297988 0.0108829 0.00323522 0.00075533 0.000131925 1.65582e-05 1.44195e-06 8.43335e-08
 1.40031e-10 1.20515e-08 6.11571e-07 1.82995e-05 0.000322863 0.00335883 0.0206044 0.0745425 0.159181 0.201569 0.155286 0.0837395 0.0534004 0.0601863 0.0714752 0.0617577 0.0354261 0.013853 0.00406047 0.000983665 0.000199349 3.16589e-05 3.66581e-06 2.94017e-07 1.57833e-08
 1.31377e-10 1.08688e-08 5.30191e-07 1.52501e-05 0.000258645 0.00258677 0.0152609 0.0532048 0.110656 0.143927 0.141164 0.146057 0.152885 0.119387 0.0650947 0.0289675 0.0127754 0.00537248 0.00183035 0.000460948 8.43098e-05 1.13493e-05 1.12489e-06 7.9666e-08 3.86019e-09
 1.91067e-10 1.51715e-08 7.10332e-07 1.96102e-05 0.000319221 0.00306416 0.0173475 0.0579928 0.115186 0.140301 0.120673 0.10519 0.111173 0.114782 0.101886 0.0691874 0.0316586 0.0092042 0.00173883 0.000240938 2.94113e-05 3.26265e-06 2.85129e-07 1.76136e-08 7.38083e-10
 3.154e-10 2.40028e-08 1.07708e-06 2.84985e-05 0.000444619 0.0040904 0.0221955 0.0711303 0.13556 0.159113 0.133742 0.114477 0.11198 0.0992992 0.0744982 0.0454787 0.0202775 0.00618 0.00129163 0.000190411 2.00975e-05 1.53372e-06 8.74885e-08 3.86494e-09 1.29503e-10
 4.31571e-10 3.14352e-08 1.35011e-06 3.41907e-05 0.000510554 0.00449569 0.0233518 0.0716792 0.131241 0.150156 0.129387 0.119683 0.120586 0.105084 0.0760947 0.0438764 0.0179644 0.00486046 0.000873162 0.000110356 1.04495e-05 7.49154e-07 3.90353e-08 1.41588e-09 3.50837e-11
 6.13624e-10 4.27246e-08 1.75405e-06 4.24612e-05 0.000606092 0.00510168 0.0253333 0.0743695 0.130496 0.144471 0.124272 0.11813 0.120831 0.107346 0.0794886 0.0456981 0.0181802 0.00472101 0.000807101 9.52618e-05 8.14297e-06 5.11213e-07 2.3196e-08 7.43872e-10 1.64921e-11
 8.85402e-10 5.88583e-08 2.30708e-06 5.33219e-05 0.000726684 0.00584014 0.0276922 0.0776746 0.130624 0.140532 0.122305 0.120344 0.123194 0.107872 0.0782462 0.0434761 0.0165558 0.00410698 0.000672403 7.61776e-05 6.22558e-06 3.68593e-07 1.54387e-08 4.46341e-10 8.75658e-12
 1.25293e-09 7.94323e-08 2.96931e-06 6.54491e-05 0.000850652 0.00652008 0.0294908 0.0789768 0.127377 0.134061 0.12016 0.123896 0.127665 0.110962 0.079 0.0420603 0.0149817 0.00339014 0.000490052 4.73557e-05 3.25848e-06 1.66178e-07 6.22529e-09 1.65099e-10 2.99152e-12
 1.86811e-09 1.12829e-07 4.01818e-06 8.43774e-05 0.00104478 0.00762936 0.0328805 0.0839548 0.129503 0.132091 0.118367 0.123139 0.126468 0.109946 0.077629 0.0401362 0.0137055 0.00296632 0.000411156 3.80502e-05 2.46567e-06 1.14361e-07 3.75577e-09 8.55652e-11 1.33326e-12
 2.96808e-09 1.70615e-07 5.78294e-06 0.000115577 0.00136205 0.00946649 0.0388337 0.0944203 0.138965 0.136315 0.119438 0.121647 0.121197 0.102002 0.0691271 0.0338438 0.0108102 0.00215812 0.000270336 2.20362e-05 1.23575e-06 4.98916e-08 1.45844e-09 3.00508e-11 4.23e-13
 3.59475e-09 1.96489e-07 6.33281e-06 0.00012035 0.0013487 0.00891502 0.0348101 0.0808908 0.116039 0.11957 0.123846 0.14148 0.140767 0.113523 0.0728739 0.0336153 0.0100788 0.00187933 0.000217831 1.61587e-05 8.05393e-07 2.82546e-08 7.08897e-10 1.25192e-11 1.51938e-13
 4.63425e-09 2.40663e-07 7.36931e-06 0.000133058 0.0014167 0.00889818 0.0330313 0.0731613 0.101247 0.104956 0.115425 0.139609 0.149027 0.130977 0.0879983 0.0402209 0.0115929 0.00205648 0.000226542 1.60081e-05 7.59983e-07 2.51722e-08 5.85233e-10 9.36028e-12 1.00736e-13
 8.30679e-09 4.09533e-07 1.19051e-05 0.000204067 0.00206268 0.0122987 0.0433291 0.0909679 0.118613 0.113569 0.11369 0.129816 0.135958 0.117988 0.0769283 0.0336054 0.0092167 0.00156231 0.000166331 1.15466e-05 5.45983e-07 1.80162e-08 4.11344e-10 6.33933e-12 6.465e-14
 1.19419e-08 5.58544e-07 1.54039e-05 0.000250496 0.0024022 0.0135917 0.0454867 0.0911745 0.116099 0.116209 0.126916 0.144105 0.138471 0.107936 0.0639609 0.0257402 0.00652357 0.00101449 9.74065e-05 5.94925e-06 2.42514e-07 6.92115e-09 1.40892e-10 2.01062e-12 1.95017e-14
 1.86742e-08 8.28116e-07 2.16536e-05 0.000333862 0.00303561 0.0162853 0.0516831 0.0983001 0.11909 0.114397 0.121761 0.137706 0.135405 0.107832 0.0630974 0.0243212 0.00580875 0.000843148 7.47843e-05 4.15222e-06 1.50326e-07 3.71729e-09 6.45566e-11 7.83728e-13 6.50489e-15
 2.77313e-08 1.16537e-06 2.88769e-05 0.000421927 0.00363568 0.0184883 0.0556754 0.100981 0.119136 0.117442 0.12986 0.143431 0.132829 0.0988468 0.0542469 0.0197626 0.00451367 0.000639092 5.71205e-05 3.33805e-06 1.3201e-07 3.57248e-09 6.50682e-11 7.77832e-13 6.00804e-15
 3.80397e-08 1.51425e-06 3.55425e-05 0.000491933 0.00401562 0.0193505 0.0553008 0.0958533 0.111162 0.114567 0.133631 0.149104 0.137876 0.101302 0.0538057 0.0187662 0.00411447 0.000567592 5.06973e-05 3.04884e-06 1.26567e-07 3.60856e-09 6.89711e-11 8.63802e-13 6.98993e-15
 6.09791e-08 2.29861e-06 5.10904e-05 0.000669612 0.00517609 0.0236212 0.0639475 0.105128 0.116167 0.115272 0.130747 0.14371 0.13224 0.095347 0.04843 0.0158428 0.00321161 0.000403359 3.22188e-05 1.71149e-06 6.32444e-08 1.65543e-09 3.02021e-11 3.72569e-13 3.02566e-15
 8.4924e-08 3.03066e-06 6.37731e-05 0.000791327 0.00579188 0.0250405 0.064393 0.10178 0.113019 0.120692 0.142538 0.151159 0.130232 0.0874825 0.0415203 0.0127445 0.00243567 0.000290161 2.21289e-05 1.12465e-06 3.93767e-08 9.56041e-10 1.58302e-11 1.75199e-13 1.27929e-15
 1.30621e-07 4.41245e-06 8.78901e-05 0.00103234 0.00715255 0.0292767 0.0713235 0.107093 0.114058 0.118826 0.138469 0.147249 0.128246 0.0851497 0.0387074 0.0111346 0.0019624 0.000211609 1.42425e-05 6.21599e-07 1.84417e-08 3.84469e-10 5.63234e-12 5.65812e-14 3.79226e-16
 1.89676e-07 6.0647e-06 0.000114341 0.00127124 0.00833814 0.0323296 0.0748231 0.108087 0.115314 0.125354 0.14613 0.148181 0.121245 0.0756235 0.0325062 0.00895204 0.00154328 0.000168481 1.20067e-05 5.75628e-07 1.87407e-08 4.08249e-10 5.81955e-12 5.35436e-14 3.17214e-16
 2.5872e-07 7.82993e-06 0.000139729 0.00147049 0.00913122 0.033546 0.0738422 0.103104 0.11146 0.127555 0.151268 0.152456 0.122878 0.0739807 0.0300734 0.00772714 0.00123016 0.000122802 7.95165e-06 3.48662e-07 1.06559e-08 2.26379e-10 3.25912e-12 3.09187e-14 1.89175e-16
 3.73299e-07 1.0694e-05 0.000180644 0.00179958 0.0105797 0.0368224 0.0770256 0.10349 0.111271 0.129246 0.152672 0.15225 0.120514 0.0698258 0.0268259 0.00644306 0.000950708 8.70342e-05 5.09177e-06 1.98409e-07 5.33377e-09 9.98382e-11 1.28103e-12 1.10158e-14 6.23322e-17
 5.17847e-07 1.40436e-05 0.000224576 0.00211805 0.0117918 0.0389137 0.0776154 0.101656 0.112079 0.135142 0.158241 0.152893 0.116121 0.0639133 0.0231993 0.00526883 0.000739795 6.51717e-05 3.71792e-06 1.42265e-07 3.72177e-09 6.61534e-11 7.83359e-13 6.07722e-15 3.06117e-17
 6.6454e-07 1.70626e-05 0.000258337 0.00230705 0.0121672 0.0381154 0.0728276 0.0945352 0.110243 0.140682 0.165825 0.158395 0.117196 0.0615064 0.0209219 0.00439402 0.000561957 4.41268e-05 2.18286e-06 7.08053e-08 1.5702e-09 2.43142e-11 2.60374e-13 1.87823e-15 8.89771e-18
 9.14858e-07 2.22423e-05 0.000318883 0.00269677 0.013473 0.0400416 0.073055 0.0926176 0.109491 0.141686 0.167268 0.15998 0.116751 0.0591003 0.0191563 0.00383292 0.000471414 3.62367e-05 1.79427e-06 5.90994e-08 1.31679e-09 1.97153e-11 1.9463e-13 1.24747e-15 5.15845e-18
#pred catch len freq
 4.84407e-12 5.25777e-10 3.36497e-08 1.26984e-06 2.82561e-05 0.000370774 0.00287028 0.0131374 0.0359471 0.0619669 0.0816805 0.11249 0.152308 0.155911 0.119879 0.0827883 0.0565942 0.0376031 0.0251036 0.0175212 0.0131071 0.010698 0.00907722 0.00691078 0.00400609
 6.87702e-12 7.46434e-10 4.77717e-08 1.80276e-06 4.01142e-05 0.000526352 0.00407378 0.0186254 0.0506824 0.0851298 0.102367 0.121276 0.151525 0.154573 0.123205 0.0865413 0.0529782 0.0258781 0.0108364 0.00480466 0.0025832 0.00168581 0.0012499 0.00089929 0.000517353
 8.9678e-12 9.73369e-10 6.22955e-08 2.35084e-06 5.23096e-05 0.000686357 0.00531157 0.0242707 0.0658541 0.109089 0.12426 0.131677 0.15076 0.145511 0.106861 0.0674885 0.0387164 0.01849 0.00720914 0.00242672 0.000769593 0.000282756 0.000144414 8.8206e-05 4.79431e-05
 7.32153e-12 7.94682e-10 5.08596e-08 1.91929e-06 4.27071e-05 0.000560376 0.0043372 0.0198316 0.0539896 0.0908836 0.110158 0.132159 0.164812 0.162449 0.118292 0.0729403 0.0406579 0.0187722 0.00701875 0.00224679 0.000628158 0.000156679 4.09617e-05 1.4654e-05 6.40879e-06
 1.18578e-11 1.28705e-09 8.23708e-08 3.10842e-06 6.91664e-05 0.000907509 0.00702198 0.0320623 0.0866648 0.140911 0.148373 0.129084 0.123577 0.114659 0.0888606 0.0616499 0.0376707 0.0182964 0.00707213 0.00230013 0.000634283 0.000146864 2.91882e-05 5.557e-06 1.28421e-06
 1.32467e-11 1.4378e-09 9.20189e-08 3.47251e-06 7.72679e-05 0.00101381 0.00784449 0.035818 0.0968192 0.15744 0.165828 0.144004 0.135252 0.116594 0.0741703 0.036817 0.0168963 0.00732448 0.00281754 0.000941027 0.000264802 6.13223e-05 1.16366e-05 1.81907e-06 2.48745e-07
 1.42561e-11 1.54736e-09 9.90307e-08 3.73711e-06 8.31556e-05 0.00109105 0.00844195 0.0385407 0.104106 0.168704 0.174959 0.145067 0.128864 0.108268 0.0679605 0.0328099 0.0139747 0.0051512 0.0015035 0.000365862 8.38394e-05 1.822e-05 3.44132e-06 5.27007e-07 6.37055e-08
 1.40601e-11 1.52608e-09 9.76692e-08 3.68573e-06 8.20124e-05 0.00107605 0.00832598 0.0380131 0.102707 0.166641 0.173775 0.146489 0.132612 0.111645 0.0687057 0.0315132 0.0125186 0.00437006 0.00120635 0.000260647 4.71135e-05 7.44506e-06 1.06622e-06 1.40556e-07 1.59974e-08
 1.40154e-11 1.52124e-09 9.73592e-08 3.67404e-06 8.17521e-05 0.00107264 0.00829957 0.0378928 0.102385 0.166145 0.173378 0.146462 0.132941 0.112099 0.0691019 0.031777 0.0126111 0.00433407 0.00114559 0.000228017 3.67478e-05 5.00544e-06 5.71886e-07 5.5382e-08 4.68727e-09
 1.44909e-11 1.57285e-09 1.00662e-07 3.79867e-06 8.45254e-05 0.00110902 0.00858097 0.0391746 0.105808 0.171378 0.177335 0.146004 0.128412 0.106951 0.0660709 0.0307807 0.0124667 0.00437102 0.00118214 0.000242387 3.98282e-05 5.3102e-06 5.61428e-07 4.72242e-08 3.21325e-09
 1.44823e-11 1.57192e-09 1.00603e-07 3.79643e-06 8.44755e-05 0.00110837 0.00857594 0.0391524 0.105758 0.171378 0.177711 0.147244 0.130367 0.108275 0.0655743 0.0290389 0.0109309 0.00362615 0.000948455 0.000188931 3.03024e-05 4.00357e-06 4.23375e-07 3.50901e-08 2.25411e-09
 1.53989e-11 1.6714e-09 1.06969e-07 4.03669e-06 8.98215e-05 0.00117851 0.00911841 0.0416241 0.112367 0.181543 0.185703 0.147371 0.123185 0.0994084 0.0593727 0.025755 0.00937653 0.00299642 0.000746846 0.00013748 1.98557e-05 2.38798e-06 2.36987e-07 1.89126e-08 1.18983e-09
 1.51947e-11 1.64924e-09 1.05551e-07 3.98317e-06 8.86306e-05 0.00116288 0.0089976 0.0410741 0.110904 0.179352 0.184271 0.148301 0.126243 0.102341 0.0603238 0.0251163 0.00852679 0.00255966 0.000611461 0.000107383 1.44498e-05 1.58449e-06 1.41336e-07 1.00719e-08 5.73688e-10
 1.39651e-11 1.51578e-09 9.70096e-08 3.66084e-06 8.14586e-05 0.00106879 0.00826985 0.0377586 0.102043 0.165755 0.173742 0.148664 0.1367 0.11481 0.0684842 0.0288283 0.00993581 0.00300676 0.000711229 0.000120743 1.52906e-05 1.55604e-06 1.28583e-07 8.40615e-09 4.31643e-10
 1.45358e-11 1.57772e-09 1.00974e-07 3.81044e-06 8.47873e-05 0.00111246 0.0086076 0.039297 0.10615 0.172023 0.178425 0.147936 0.130999 0.108479 0.0649769 0.0279304 0.00997667 0.00310895 0.000744804 0.000126763 1.59698e-05 1.59652e-06 1.27062e-07 7.81495e-09 3.70421e-10
 1.55234e-11 1.68492e-09 1.07834e-07 4.06934e-06 9.0548e-05 0.00118804 0.00919217 0.0419607 0.113275 0.183004 0.187167 0.148426 0.123786 0.0992372 0.0580584 0.0238203 0.0078709 0.00229114 0.000529035 8.78041e-05 1.0739e-05 1.03878e-06 8.02943e-08 4.79791e-09 2.18921e-10
 1.64066e-11 1.78078e-09 1.1397e-07 4.30087e-06 9.56998e-05 0.00125563 0.00971493 0.0443426 0.119645 0.192805 0.194896 0.14862 0.116968 0.0907362 0.0519935 0.0205038 0.0062898 0.00169408 0.000370557 5.82481e-05 6.5666e-06 5.74218e-07 4.07187e-08 2.28824e-09 9.95531e-11
 1.66806e-11 1.81052e-09 1.15873e-07 4.37268e-06 9.72976e-05 0.00127659 0.00987707 0.0450814 0.12162 0.195843 0.197283 0.148653 0.114812 0.0880731 0.0501259 0.019515 0.0058332 0.00152415 0.000325462 4.97484e-05 5.34007e-06 4.32944e-07 2.80955e-08 1.43799e-09 5.66544e-11
 1.68114e-11 1.82472e-09 1.16782e-07 4.40699e-06 9.8061e-05 0.00128661 0.00995452 0.0454341 0.122561 0.197272 0.198319 0.148383 0.113347 0.08652 0.0493719 0.0194603 0.00597107 0.00160609 0.000349138 5.39748e-05 5.86667e-06 4.81551e-07 3.12388e-08 1.55893e-09 5.81775e-11
 1.74351e-11 1.89241e-09 1.21114e-07 4.57047e-06 0.000101699 0.00133433 0.0103236 0.0471156 0.127054 0.204157 0.203604 0.148047 0.107813 0.0800477 0.0453096 0.0178026 0.0054457 0.00146346 0.000320062 5.04017e-05 5.6874e-06 4.92174e-07 3.35354e-08 1.73215e-09 6.60551e-11
 1.78808e-11 1.94079e-09 1.2421e-07 4.68731e-06 0.000104298 0.00136844 0.0105874 0.0483176 0.130268 0.209101 0.207497 0.148124 0.104339 0.0757354 0.0422554 0.0161562 0.00467419 0.00117744 0.000246504 3.75259e-05 4.04915e-06 3.31865e-07 2.1776e-08 1.11988e-09 4.36691e-11
 1.84396e-11 2.00144e-09 1.28092e-07 4.8338e-06 0.000107558 0.0014112 0.0109182 0.0498242 0.134292 0.215253 0.212153 0.147603 0.0990479 0.0697232 0.0387261 0.0149949 0.00447561 0.00117013 0.000251016 3.88406e-05 4.27121e-06 3.57572e-07 2.37074e-08 1.20833e-09 4.6099e-11
 1.91386e-11 2.07731e-09 1.32948e-07 5.01704e-06 0.000111635 0.00146469 0.0113319 0.0517092 0.139331 0.222993 0.21819 0.147538 0.0933177 0.0627756 0.0340231 0.0126822 0.0034982 0.000831136 0.000168032 2.53257e-05 2.74046e-06 2.26141e-07 1.48624e-08 7.57457e-10 2.90222e-11
 1.92467e-11 2.08904e-09 1.33699e-07 5.04536e-06 0.000112266 0.00147296 0.0113959 0.0520007 0.140112 0.224203 0.219187 0.147702 0.0926951 0.0618721 0.0332128 0.012072 0.00313115 0.00067924 0.000127264 1.79818e-05 1.77244e-06 1.27279e-07 7.2446e-09 3.33964e-10 1.20766e-11
 1.99048e-11 2.16047e-09 1.3827e-07 5.21788e-06 0.000116104 0.00152332 0.0117854 0.0537751 0.144851 0.231456 0.224707 0.14719 0.0866171 0.0548912 0.0290077 0.0105568 0.00277111 0.000612424 0.000116182 1.64338e-05 1.60319e-06 1.12122e-07 6.07779e-09 2.59683e-10 8.44575e-12
 2.02081e-11 2.19339e-09 1.40377e-07 5.29738e-06 0.000117873 0.00154653 0.0119649 0.054593 0.147038 0.23482 0.227353 0.147234 0.0842401 0.0519466 0.0269304 0.00944639 0.00225754 0.000426077 7.04603e-05 9.23248e-06 8.49111e-07 5.47384e-08 2.67174e-09 1.0364e-10 3.11557e-12
 2.04787e-11 2.22277e-09 1.42257e-07 5.36832e-06 0.000119452 0.00156724 0.012125 0.0553226 0.148988 0.23781 0.229657 0.147118 0.0818851 0.0491688 0.0251538 0.00868317 0.00199121 0.000345635 5.20452e-05 6.372e-06 5.46117e-07 3.11104e-08 1.24021e-09 3.80591e-11 9.39292e-13
 2.06168e-11 2.23776e-09 1.43216e-07 5.40454e-06 0.000120257 0.00157781 0.0122068 0.0556951 0.149983 0.239331 0.23081 0.146995 0.0805849 0.0476878 0.0242792 0.00838881 0.0019356 0.000340527 5.20366e-05 6.4137e-06 5.48426e-07 3.08418e-08 1.19205e-09 3.45222e-11 7.77439e-13
#obs catch len freq
 2.92443e-11 2.71026e-09 1.48104e-07 4.77212e-06 9.06668e-05 0.00101578 0.0067124 0.0262005 0.0608686 0.0875022 0.0918629 0.101103 0.125754 0.139947 0.133927 0.107931 0.0672758 0.0320405 0.0124352 0.00404706 0.0010493 0.000202208 2.75742e-05 2.57568e-06 1.60773e-07
 5.22083e-11 4.66667e-09 2.45959e-07 7.64371e-06 0.000140067 0.00151349 0.00964542 0.0362962 0.0811396 0.11118 0.107333 0.10373 0.117263 0.124187 0.115417 0.0919351 0.0577329 0.0278084 0.0105528 0.0031989 0.000761454 0.000137078 1.77637e-05 1.58062e-06 9.32248e-08
 2.63528e-11 2.26801e-09 1.15094e-07 3.44388e-06 6.07647e-05 0.000632336 0.00388504 0.0141716 0.0315856 0.0488802 0.0728793 0.120539 0.167677 0.175333 0.150278 0.109345 0.0630224 0.0280502 0.00999856 0.00288628 0.000649298 0.000108463 1.29321e-05 1.06327e-06 5.84104e-08
 1.83225e-18 8.05428e-16 2.08764e-13 3.19064e-11 2.87542e-09 1.52813e-07 4.79034e-06 8.86462e-05 0.000970797 0.00634109 0.0252894 0.0655441 0.124487 0.192079 0.230746 0.192758 0.106519 0.0403166 0.0115134 0.00271907 0.000532942 8.10232e-05 8.90643e-06 6.73875e-07 3.39572e-08
 1.41716e-10 1.12529e-08 5.26862e-07 1.45451e-05 0.000236776 0.00227305 0.0128767 0.0431888 0.0872579 0.115241 0.129709 0.161853 0.17985 0.138495 0.0738062 0.0325407 0.0142738 0.00588176 0.0019386 0.000469644 8.24387e-05 1.06166e-05 1.00079e-06 6.6944e-08 3.04561e-09
 2.74055e-10 2.08563e-08 9.35886e-07 2.47627e-05 0.000386334 0.00355421 0.0192864 0.0618139 0.117872 0.138767 0.118319 0.105942 0.113267 0.115739 0.100531 0.0659097 0.0288775 0.008029 0.00145833 0.00019653 2.34496e-05 2.50958e-06 2.08599e-07 1.21636e-08 4.78789e-10
 4.61468e-10 3.36129e-08 1.44364e-06 3.65593e-05 0.00054592 0.00480704 0.0249672 0.0766071 0.139974 0.158546 0.131631 0.114434 0.111794 0.0975093 0.0717579 0.04255 0.0182569 0.00534065 0.00107214 0.000151791 1.5359e-05 1.12223e-06 6.1223e-08 2.5744e-09 8.14337e-11
 6.38115e-10 4.44298e-08 1.82405e-06 4.41559e-05 0.000630282 0.00530528 0.026344 0.0773321 0.135652 0.149946 0.12818 0.120105 0.119962 0.102504 0.0726255 0.0405389 0.0159106 0.00411543 0.000708527 8.61426e-05 7.84741e-06 5.38515e-07 2.66878e-08 9.16326e-10 2.14196e-11
 9.2743e-10 6.16522e-08 2.41659e-06 5.58529e-05 0.000761176 0.00611728 0.0290045 0.0813296 0.136548 0.145786 0.123774 0.117872 0.1188 0.103405 0.0747314 0.0414335 0.0157583 0.00390458 0.000638304 7.22393e-05 5.92105e-06 3.55256e-07 1.5337e-08 4.65928e-10 9.74438e-12
 1.37842e-09 8.73884e-08 3.26672e-06 7.20046e-05 0.000935848 0.00717289 0.0324387 0.0868044 0.139455 0.14418 0.122508 0.118616 0.11856 0.101465 0.0716732 0.0383185 0.0139275 0.00329316 0.000515129 5.58996e-05 4.37321e-06 2.46915e-07 9.8185e-09 2.68462e-10 4.96444e-12
 1.96873e-09 1.18907e-07 4.23462e-06 8.89225e-05 0.00110106 0.00804019 0.0346487 0.0884382 0.136175 0.137788 0.120672 0.122104 0.122637 0.104077 0.0719579 0.036738 0.0124497 0.0026756 0.000368095 3.39829e-05 2.23941e-06 1.09173e-07 3.88963e-09 9.75898e-11 1.66574e-12
 2.99178e-09 1.71978e-07 5.82911e-06 0.000116499 0.00137292 0.00954199 0.0391421 0.0951539 0.139925 0.136756 0.118731 0.120096 0.119892 0.101649 0.0694937 0.0343603 0.0111445 0.0022886 0.000301629 2.66219e-05 1.64703e-06 7.27705e-08 2.26783e-09 4.88545e-11 7.17559e-13
 4.80245e-09 2.62502e-07 8.46038e-06 0.000160782 0.00180173 0.0119074 0.0464502 0.10742 0.150507 0.141033 0.118892 0.11694 0.11297 0.0925808 0.0606139 0.0283152 0.00857156 0.0016195 0.000192323 1.49126e-05 7.97793e-07 3.07165e-08 8.53021e-10 1.66196e-11 2.20337e-13
 5.94579e-09 3.08773e-07 9.45491e-06 0.000170714 0.00181759 0.0114149 0.0423496 0.0935307 0.127657 0.125571 0.12466 0.136735 0.131523 0.103111 0.0638518 0.0280657 0.00796415 0.00140316 0.000153867 1.08295e-05 5.13636e-07 1.71556e-08 4.08694e-10 6.82591e-12 7.80672e-14
 7.83662e-09 3.86354e-07 1.12313e-05 0.000192517 0.00194596 0.0116035 0.0408946 0.0860083 0.11308 0.111508 0.116965 0.135874 0.140661 0.119867 0.077158 0.0334382 0.00909897 0.00152318 0.000158623 1.06271e-05 4.79515e-07 1.50926e-08 3.32442e-10 5.01903e-12 5.08367e-14
 1.41203e-08 6.60432e-07 1.82138e-05 0.000296187 0.00284023 0.0160659 0.0536971 0.106939 0.132176 0.119649 0.113169 0.123581 0.1254 0.105252 0.0655557 0.0271054 0.00701288 0.0011217 0.000112941 7.4369e-06 3.34087e-07 1.04577e-08 2.25696e-10 3.27657e-12 3.13983e-14
 2.05552e-08 9.11532e-07 2.38348e-05 0.000367491 0.00334135 0.0179246 0.0568711 0.10803 0.130101 0.12238 0.125349 0.135431 0.125684 0.0947281 0.0536655 0.0204387 0.00488085 0.000714786 6.47319e-05 3.74026e-06 1.44697e-07 3.9229e-09 7.5673e-11 1.01901e-12 9.29057e-15
 3.21366e-08 1.3505e-06 3.34641e-05 0.000488947 0.00421294 0.0214177 0.0644065 0.116019 0.132802 0.119681 0.119411 0.128809 0.122457 0.0939714 0.0523378 0.0190382 0.00427687 0.000583696 4.87405e-05 2.55411e-06 8.75304e-08 2.05221e-09 3.37484e-11 3.86676e-13 3.01865e-15
 4.77917e-08 1.90245e-06 4.46542e-05 0.000618035 0.00504458 0.024299 0.0693036 0.118967 0.132395 0.122065 0.126345 0.133014 0.118981 0.0852805 0.0445469 0.01532 0.00329404 0.000439329 3.70707e-05 2.05023e-06 7.67791e-08 1.96326e-09 3.36697e-11 3.77909e-13 2.73598e-15
 6.72401e-08 2.53461e-06 5.63361e-05 0.000738358 0.00570731 0.0260412 0.0704433 0.115368 0.125466 0.119403 0.129251 0.137288 0.122493 0.0864323 0.0435904 0.0143395 0.00296095 0.000385289 3.25523e-05 1.85514e-06 7.29075e-08 1.96132e-09 3.52465e-11 4.13962e-13 3.13528e-15
 1.07929e-07 3.85163e-06 8.10479e-05 0.00100565 0.00735933 0.0317916 0.0814345 0.126374 0.130549 0.118826 0.124515 0.130241 0.115478 0.0796867 0.0383191 0.0117987 0.00224835 0.000265806 2.00452e-05 1.00859e-06 3.5342e-08 8.75225e-10 1.50449e-11 1.74189e-13 1.3237e-15
 1.53542e-07 5.18673e-06 0.000103312 0.00121346 0.00840679 0.0343967 0.083633 0.124438 0.127948 0.123504 0.134017 0.135012 0.111919 0.0718993 0.0322967 0.00932998 0.00167625 0.000187996 1.35345e-05 6.50865e-07 2.15628e-08 4.94106e-10 7.69599e-12 7.99026e-14 5.46163e-16
 2.34515e-07 7.49835e-06 0.000141369 0.00157167 0.0103065 0.0399205 0.091938 0.129879 0.1279 0.120356 0.129203 0.130834 0.10948 0.0692553 0.0297085 0.00802712 0.00132744 0.00013444 8.51867e-06 3.51098e-07 9.85774e-09 1.94349e-10 2.6836e-12 2.53128e-14 1.5879e-16
 3.45349e-07 1.04516e-05 0.000186512 0.00196271 0.0121841 0.0446967 0.097713 0.132332 0.129105 0.125159 0.133931 0.129145 0.101411 0.0602432 0.0244479 0.00633252 0.00102678 0.000105632 7.10873e-06 3.21953e-07 9.88112e-09 2.02264e-10 2.70224e-12 2.32646e-14 1.28835e-16
 4.82869e-07 1.38328e-05 0.000233662 0.00232759 0.0136794 0.0475382 0.0987266 0.128564 0.125277 0.126279 0.137387 0.131707 0.101641 0.0581118 0.0222584 0.00537202 0.000803437 7.55029e-05 4.61571e-06 1.91439e-07 5.52922e-09 1.10637e-10 1.49449e-12 1.32617e-14 7.57198e-17
 7.01227e-07 1.90166e-05 0.000304094 0.0028677 0.0159569 0.052529 0.103577 0.129289 0.124159 0.126449 0.137312 0.130304 0.0985355 0.0540801 0.0195468 0.00440541 0.00061005 5.25026e-05 2.89506e-06 1.06558e-07 2.70582e-09 4.77243e-11 5.75077e-13 4.63034e-15 2.44727e-17
 9.9951e-07 2.5663e-05 0.000388537 0.00346916 0.0182805 0.0570358 0.106994 0.129006 0.124496 0.130056 0.139847 0.128434 0.0929969 0.0484152 0.0165254 0.00352248 0.000464455 3.84961e-05 2.07076e-06 7.47819e-08 1.8438e-09 3.07986e-11 3.41774e-13 2.47957e-15 1.16607e-17
 1.30655e-06 3.17651e-05 0.000455391 0.00385051 0.0192207 0.056897 0.101967 0.120665 0.121559 0.13508 0.147312 0.133861 0.0942135 0.0466673 0.0149053 0.00293411 0.000351777 2.59313e-05 1.20693e-06 3.69198e-08 7.72722e-10 1.12728e-11 1.13347e-13 7.65157e-16 3.3831e-18
#spawning biomass
 36113.5 38138.8 49731.3 74123.1 104994 157688 280433 381678 433533 494052 670616 840352 1.02503e+06 1.02257e+06 807837 840454 739841 927986 1.03529e+06 912500 1.18015e+06 1.27686e+06 1.06099e+06 1.26355e+06 1.15758e+06 1.07679e+06 948877 1.01651e+06 1.02009e+06 4187.69 4187.69 4187.69 4187.69 4187.69 4187.69 4187.69 4187.69 4187.69 4187.69 4187.69 4187.69 4187.69 4187.69 4187.69 4187.69 4187.69 4187.69 4187.69 4187.69 4187.69 4187.69 4187.69 4187.69 4187.69 4187.69 4187.69 4187.69 4187.69 4187.69 4187.69 4187.69 4187.69 4187.69 4187.69 4187.69 4187.69 4187.69 4187.69 4187.69 4187.69 4187.69 4187.69 4187.69 4187.69 4187.69 4187.69 4187.69 4187.69 4187.69 4187.69 4187.69 4187.69 4187.69 4187.69 4187.69 4187.69 4187.69 4187.69 4187.69 4187.69 4187.69 4187.69 4187.69 4187.69 4187.69 4187.69 4187.69 4187.69 4187.69 4187.69 4187.69 4187.69 4187.69 4187.69 4187.69 4187.69 4187.69 4187.69 4187.69 4187.69 4187.69 4187.69 4187.69 4187.69 4187.69 4187.69 4187.69 4187.69 4187.69 4187.69 4187.69 4187.69 4187.69 4187.69 4187.69 4187.69 4187.69 4187.69 0 0 0 0 0 0 0 0 0 0 0 0 0 0 0 0 0 0 0 0 0 0 0 0 0
