SBPRF35
0.819782
Curr Bio
144164
B35
664112
F35
0.213026
FOFL
0
OFL
0
Bzero
234224
#pred survey bio
 11495 12054 11465.2 15383.3 18630.1 18000.8 21455.1 32399.9 43641.7 58674.3 71587.6 85992.7 105575 136745 146060 113896 104001 100408 103309 109782 103039 106539 123866 137440 144956 148249 140123 142684 3.80149e+06 5.79258e+06 6.32295e+06 6.11399e+06 5.52273e+06 4.81641e+06 4.14647e+06 3.57838e+06 3.12708e+06 2.78302e+06 2.5276e+06 2.34119e+06 2.20653e+06 2.10965e+06 2.03924e+06 1.98729e+06 1.95053e+06 1.92425e+06 1.90525e+06 1.89136e+06 1.88108e+06 1.87338e+06 1.86756e+06 1.86311e+06 1.85967e+06 1.85699e+06 1.85489e+06 1.85323e+06 1.85192e+06 1.85086e+06 1.85002e+06 1.84933e+06 1.84878e+06 1.84834e+06 1.84798e+06 1.84768e+06 1.84745e+06 1.84725e+06 1.84709e+06 1.84696e+06 1.84686e+06 1.84677e+06 1.8467e+06 1.84664e+06 1.84659e+06 1.84656e+06 1.84652e+06 1.8465e+06 1.84648e+06 1.84646e+06 1.84645e+06 1.84643e+06 1.84642e+06 1.84642e+06 1.84641e+06 1.84641e+06 1.8464e+06 1.8464e+06 1.84639e+06 1.84639e+06 1.84639e+06 1.84639e+06 1.84639e+06 1.84639e+06 1.84639e+06 1.84638e+06 1.84638e+06 1.84638e+06 1.84638e+06 1.84638e+06 1.84638e+06 1.84638e+06 1.84638e+06 1.84638e+06 1.84638e+06 1.84638e+06 1.84638e+06 1.84638e+06 1.84638e+06 1.84638e+06 1.84638e+06 1.84638e+06 1.84638e+06 1.84638e+06 1.84638e+06 1.84638e+06 1.84638e+06 1.84638e+06 1.84638e+06 1.84638e+06 1.84638e+06 1.84638e+06 1.84638e+06 1.84638e+06 1.84638e+06 1.84638e+06 1.84638e+06 1.84638e+06 1.84638e+06 1.84638e+06 0 0 0 0 0 0 0 0 0 0 0 0 0 0 0 0 0 0 0 0 0 0 0 0 0
#obs survey bio
 10198.4 12943.8 18402.5 11274 16501.3 20636.9 26844.1 33551.4 43667.2 78698.9 78121.7 103954 134135 142755 131616 90043.8 115787 158473 144451 124561 96491.9 132669 175989 127910 163501 150037 148650 105309
#pred catch bio
 6557.34 8038.25 6925.22 9508.2 13172.1 12590.5 13861 23131 30769.2 43862.4 53219.8 63749.6 75084.9 100867 119448 90303.7 84492.1 79779.5 80131.9 91629.6 85875 85239.3 100087 114791 123936 129273 117341 110846 0 47635 51646.4 49441.8 44091.4 37879.1 32084.6 27244.9 23463.6 20636.6 18586.9 17133.2 16118.9 15419.3 14937.6 14605.6 14386 14240.7 14144.6 14080.9 14038.9 14011 13992.6 13980.4 13972.3 13967 13963.5 13961.1 13959.6 13958.5 13957.9 13957.4 13957.1 13956.9 13956.8 13956.7 13956.7 13956.6 13956.6 13956.6 13956.6 13956.6 13956.6 13956.6 13956.6 13956.5 13956.5 13956.5 13956.5 13956.5 13956.5 13956.5 13956.5 13956.5 13956.5 13956.5 13956.5 13956.5 13956.5 13956.5 13956.5 13956.5 13956.5 13956.5 13956.5 13956.5 13956.5 13956.5 13956.5 13956.5 13956.5 13956.5 13956.5 13956.5 13956.5 13956.5 13956.5 13956.5 13956.5 13956.5 13956.5 13956.5 13956.5 13956.5 13956.5 13956.5 13956.5 13956.5 13956.5 13956.5 13956.5 13956.5 13956.5 13956.5 13956.5 13956.5 13956.5 13956.5 13956.5 13956.5 0 0 0 0 0 0 0 0 0 0 0 0 0 0 0 0 0 0 0 0 0 0 0 0 0
#obs catch bio
 9704.3 8171.8 6630.52 8463.83 13282.9 12300.3 12850.9 21547.1 29592.2 39980.5 50455 57213.5 65997.6 93265.8 126654 92734.2 85089.4 73518.1 68329 85164.5 79630.7 77490.6 85119 98587.7 113355 120931 106907 107954
#pred cpue bio
 10093.6 10801.7 9655.48 12851.3 16251.5 15160.6 17495.1 25984.2 35345.5 47465 58128.5 70240.8 85129.4 112166 124311 96421.3 85729.8 82141 84795 90288.3 83443.2 84901.6 99353.6 110601 115300 118413 112606 114952 3.13592e+06 5.74964e+06 6.28001e+06 6.07106e+06 5.4798e+06 4.77348e+06 4.10354e+06 3.53544e+06 3.08415e+06 2.74008e+06 2.48466e+06 2.29825e+06 2.16359e+06 2.06672e+06 1.99631e+06 1.94435e+06 1.9076e+06 1.88132e+06 1.86232e+06 1.84842e+06 1.83814e+06 1.83045e+06 1.82462e+06 1.82017e+06 1.81674e+06 1.81406e+06 1.81196e+06 1.8103e+06 1.80898e+06 1.80793e+06 1.80708e+06 1.8064e+06 1.80585e+06 1.8054e+06 1.80504e+06 1.80475e+06 1.80451e+06 1.80432e+06 1.80416e+06 1.80403e+06 1.80392e+06 1.80384e+06 1.80376e+06 1.80371e+06 1.80366e+06 1.80362e+06 1.80359e+06 1.80356e+06 1.80354e+06 1.80353e+06 1.80351e+06 1.8035e+06 1.80349e+06 1.80348e+06 1.80348e+06 1.80347e+06 1.80347e+06 1.80346e+06 1.80346e+06 1.80346e+06 1.80346e+06 1.80345e+06 1.80345e+06 1.80345e+06 1.80345e+06 1.80345e+06 1.80345e+06 1.80345e+06 1.80345e+06 1.80345e+06 1.80345e+06 1.80345e+06 1.80345e+06 1.80345e+06 1.80345e+06 1.80345e+06 1.80345e+06 1.80345e+06 1.80345e+06 1.80345e+06 1.80345e+06 1.80345e+06 1.80345e+06 1.80345e+06 1.80345e+06 1.80345e+06 1.80345e+06 1.80345e+06 1.80345e+06 1.80345e+06 1.80345e+06 1.80345e+06 1.80345e+06 1.80345e+06 1.80345e+06 1.80345e+06 1.80345e+06 1.80345e+06 1.80345e+06 1.80345e+06 0 0 0 0 0 0 0 0 0 0 0 0 0 0 0 0 0 0 0 0 0 0 0 0 0
#obs cpue bio
 12986.6 9652.48 9817.92 22676.6 18759.7 13248 22465.7 29726.8 38915.6 58785.8 57288.4 103812 109639 125911 97698.3 114513 77042 81353.3 119752 97136.2 119585 98910.7 149405 201421 136589 147781 157611 171234
#pred surv len freq
 1.24633e-11 1.35277e-09 8.65771e-08 3.26715e-06 7.26984e-05 0.000953848 0.00738044 0.0336967 0.091051 0.147786 0.154394 0.131034 0.120638 0.106046 0.0739818 0.0453463 0.0282147 0.0179182 0.011769 0.0082307 0.00624736 0.00520853 0.00451025 0.00348266 0.00203562
 1.03406e-11 1.12238e-09 7.1832e-08 2.71072e-06 6.03173e-05 0.000791417 0.00612426 0.0279762 0.0757974 0.12467 0.13791 0.136415 0.146497 0.134881 0.091471 0.0514445 0.0284134 0.0156288 0.00855951 0.00486368 0.00298808 0.00207107 0.0015885 0.00116734 0.000679769
 1.36516e-11 1.48175e-09 9.4832e-08 3.57867e-06 7.96299e-05 0.00104479 0.00808395 0.036905 0.0996701 0.161371 0.166696 0.136682 0.120559 0.104014 0.0720548 0.043128 0.0246204 0.0128889 0.00621413 0.00292338 0.00140622 0.000742058 0.000454155 0.000294645 0.000163736
 1.36829e-11 1.48515e-09 9.50491e-08 3.58686e-06 7.98123e-05 0.00104719 0.0081026 0.0369927 0.0999417 0.162092 0.168744 0.141587 0.127856 0.108986 0.0704568 0.0369499 0.0189475 0.00978816 0.00478813 0.00213897 0.000875551 0.000351391 0.000154661 7.79291e-05 3.82224e-05
 1.14327e-11 1.24091e-09 7.94181e-08 2.99699e-06 6.66872e-05 0.000874991 0.00677077 0.0309246 0.083719 0.137161 0.149242 0.141622 0.146111 0.131503 0.0863289 0.0452371 0.0222993 0.0104584 0.00458344 0.00192965 0.000760812 0.000271188 9.07132e-05 3.18536e-05 1.19869e-05
 1.33049e-11 1.44412e-09 9.24237e-08 3.48778e-06 7.76078e-05 0.00101826 0.00787887 0.0359726 0.0972053 0.157811 0.165025 0.140387 0.129177 0.111958 0.0744781 0.0408822 0.0211824 0.0101126 0.0043 0.00166629 0.0005937 0.000193962 5.72694e-05 1.54667e-05 4.08397e-06
 1.45426e-11 1.57845e-09 1.01021e-07 3.81221e-06 8.48267e-05 0.00111297 0.00861147 0.0393123 0.106158 0.171764 0.176898 0.143538 0.12405 0.103132 0.065114 0.0325299 0.0154209 0.00723506 0.00317199 0.00125364 0.000433671 0.000130679 3.45564e-05 8.0186e-06 1.6442e-06
 1.51341e-11 1.64266e-09 1.0513e-07 3.96727e-06 8.82769e-05 0.00115824 0.00896159 0.0409078 0.110428 0.178363 0.182239 0.144135 0.120267 0.0982248 0.0614859 0.0302241 0.0137562 0.00599383 0.00241224 0.000910083 0.000315157 9.50561e-05 2.40981e-05 5.07819e-06 8.91127e-07
 1.4606e-11 1.58534e-09 1.01462e-07 3.82885e-06 8.51969e-05 0.00111783 0.00864912 0.0394852 0.10664 0.17267 0.178413 0.146209 0.127705 0.105623 0.0643948 0.0293458 0.0120257 0.00485363 0.00184513 0.000648107 0.000207682 5.95593e-05 1.48054e-05 3.0431e-06 4.99048e-07
 1.46872e-11 1.59415e-09 1.02025e-07 3.85012e-06 8.56702e-05 0.00112404 0.00869712 0.0397035 0.107218 0.17351 0.178834 0.145437 0.125901 0.10416 0.064407 0.0303679 0.0128663 0.00509552 0.0017912 0.000571476 0.00016834 4.45942e-05 1.03113e-05 2.0145e-06 3.18729e-07
 1.4479e-11 1.57156e-09 1.00579e-07 3.79556e-06 8.44561e-05 0.00110811 0.00857395 0.0391429 0.105727 0.17128 0.17739 0.146427 0.12908 0.107178 0.0653313 0.0296441 0.0119764 0.00467151 0.00166393 0.00052754 0.000146661 3.54173e-05 7.44033e-06 1.33461e-06 1.9696e-07
 1.42509e-11 1.5468e-09 9.89951e-08 3.73577e-06 8.31257e-05 0.00109066 0.00843895 0.0385276 0.10408 0.168733 0.175318 0.14617 0.130535 0.109205 0.0670683 0.0308626 0.0126297 0.00487483 0.00167904 0.000517058 0.000142295 3.37684e-05 6.71694e-06 1.10393e-06 1.48125e-07
 1.47914e-11 1.60546e-09 1.0275e-07 3.87745e-06 8.62782e-05 0.00113202 0.00875883 0.0399848 0.107973 0.17469 0.179856 0.145763 0.125559 0.103469 0.0635776 0.0295761 0.0123303 0.00484839 0.00169238 0.000520369 0.000140189 3.23725e-05 6.29374e-06 1.00236e-06 1.26917e-07
 1.41003e-11 1.53046e-09 9.7949e-08 3.69629e-06 8.22473e-05 0.00107914 0.00834981 0.0381213 0.102991 0.167042 0.173906 0.145876 0.131287 0.110335 0.0681028 0.031699 0.0132379 0.00524325 0.00185753 0.000581948 0.000158977 3.67263e-05 7.02916e-06 1.09193e-06 1.34268e-07
 1.24386e-11 1.35009e-09 8.64058e-08 3.26069e-06 7.25547e-05 0.000951972 0.00736628 0.0336402 0.091011 0.148628 0.159492 0.145855 0.144622 0.126589 0.0791872 0.0372882 0.0157839 0.00630537 0.00224373 0.000707734 0.000195836 4.59871e-05 8.90915e-06 1.38441e-06 1.67968e-07
 1.26887e-11 1.37724e-09 8.81433e-08 3.32626e-06 7.40137e-05 0.000971113 0.00751433 0.0343148 0.0928158 0.151412 0.161719 0.146017 0.142853 0.124287 0.0774187 0.0361941 0.0152039 0.0060751 0.00218089 0.000695368 0.000194035 4.59599e-05 9.01271e-06 1.4199e-06 1.73892e-07
 1.39269e-11 1.51163e-09 9.67441e-08 3.65082e-06 8.12356e-05 0.00106586 0.00824713 0.0376532 0.101736 0.165079 0.17221 0.145346 0.131869 0.111477 0.0694401 0.0329824 0.0141564 0.00571491 0.00204921 0.000652452 0.000182987 4.37574e-05 8.66724e-06 1.3796e-06 1.70927e-07
 1.41309e-11 1.53377e-09 9.81612e-08 3.7043e-06 8.24255e-05 0.00108147 0.00836793 0.0382046 0.103224 0.167481 0.174649 0.147193 0.13305 0.111373 0.0673498 0.029751 0.0115445 0.00439206 0.00156457 0.000503308 0.00014193 3.39971e-05 6.764e-06 1.08563e-06 1.35861e-07
 1.39951e-11 1.51903e-09 9.72178e-08 3.6687e-06 8.16334e-05 0.00107108 0.00828754 0.0378383 0.102243 0.165963 0.173409 0.147023 0.133906 0.112632 0.0685281 0.030624 0.0119484 0.00440199 0.00145435 0.000433131 0.000117726 2.80973e-05 5.61805e-06 9.05605e-07 1.13928e-07
 1.39477e-11 1.51389e-09 9.68889e-08 3.65629e-06 8.13572e-05 0.00106746 0.0082595 0.0377102 0.101896 0.165393 0.172785 0.146435 0.133385 0.11248 0.0690541 0.0315821 0.0127733 0.00484669 0.0016199 0.000473404 0.000121578 2.70754e-05 5.16936e-06 8.20399e-07 1.03234e-07
 1.45023e-11 1.57409e-09 1.00741e-07 3.80167e-06 8.45921e-05 0.0011099 0.00858779 0.0392066 0.105906 0.171629 0.178026 0.147626 0.130736 0.108238 0.0648237 0.0280237 0.0104447 0.00377844 0.00126874 0.000380626 9.92778e-05 2.17989e-05 3.97332e-06 5.94554e-07 7.15473e-08
 1.50919e-11 1.63808e-09 1.04837e-07 3.95623e-06 8.80312e-05 0.00115502 0.00893677 0.0407967 0.110159 0.178177 0.183206 0.147816 0.126297 0.102712 0.060925 0.0258806 0.00929969 0.00318185 0.000995326 0.000280188 7.1311e-05 1.57911e-05 2.9061e-06 4.29209e-07 4.96902e-08
 1.48535e-11 1.61221e-09 1.03181e-07 3.89373e-06 8.66406e-05 0.00113677 0.00879566 0.0401537 0.108439 0.175529 0.18111 0.147737 0.128099 0.10499 0.0625934 0.0268339 0.0097648 0.00334647 0.0010239 0.000274444 6.53156e-05 1.35811e-05 2.41191e-06 3.53624e-07 4.09183e-08
 1.47311e-11 1.59892e-09 1.0233e-07 3.86163e-06 8.59264e-05 0.0011274 0.00872318 0.0398235 0.107556 0.174172 0.180049 0.147738 0.129084 0.106184 0.0633981 0.0272342 0.00995404 0.00343665 0.00106151 0.000285733 6.69945e-05 1.33608e-05 2.23242e-06 3.08457e-07 3.43272e-08
 1.51475e-11 1.64411e-09 1.05223e-07 3.97078e-06 8.83551e-05 0.00115927 0.00896963 0.0409465 0.110561 0.178805 0.183751 0.147992 0.126121 0.102356 0.0604984 0.0254664 0.00900228 0.00302704 0.000927411 0.000250472 5.91458e-05 1.18221e-05 1.94799e-06 2.59406e-07 2.73644e-08
 1.4946e-11 1.62224e-09 1.03823e-07 3.91796e-06 8.71798e-05 0.00114385 0.00885039 0.0404037 0.109115 0.176628 0.182267 0.148716 0.128851 0.105085 0.0615817 0.0251645 0.00840132 0.0026604 0.00077927 0.000203372 4.70863e-05 9.37057e-06 1.54834e-06 2.06007e-07 2.14193e-08
 1.46971e-11 1.59523e-09 1.02094e-07 3.85273e-06 8.57282e-05 0.0011248 0.00870311 0.0397328 0.107324 0.173894 0.180221 0.149026 0.131331 0.107864 0.0631663 0.0256137 0.00839059 0.00257458 0.000720123 0.000176961 3.8665e-05 7.37042e-06 1.18641e-06 1.56126e-07 1.619e-08
 1.46508e-11 1.59021e-09 1.01773e-07 3.8406e-06 8.54584e-05 0.00112126 0.00867571 0.0396075 0.106982 0.173321 0.179531 0.14823 0.130493 0.107525 0.0638378 0.0269124 0.00945529 0.00307911 0.00087508 0.000211027 4.42195e-05 7.96661e-06 1.20858e-06 1.5153e-07 1.52295e-08
#obs surv len freq
 1.16406e-11 1.26348e-09 8.08625e-08 3.05151e-06 6.79002e-05 0.000890903 0.00689377 0.0314824 0.0851614 0.13889 0.147821 0.131656 0.128427 0.119696 0.0914536 0.0598856 0.0339582 0.0157379 0.00581831 0.00170144 0.000382857 6.39589e-05 7.66639e-06 6.38574e-07 3.59204e-08
 8.34756e-12 9.06049e-10 5.79871e-08 2.18826e-06 4.86922e-05 0.000638909 0.00494492 0.0226061 0.0614575 0.102573 0.119498 0.130894 0.152134 0.149449 0.114276 0.0736439 0.0407302 0.0183023 0.00651952 0.00182384 0.000389864 6.14606e-05 6.91024e-06 5.37185e-07 2.80846e-08
 1.84586e-11 2.00351e-09 1.28224e-07 4.83879e-06 0.000107669 0.00141265 0.0109293 0.0498703 0.134341 0.214641 0.207965 0.134662 0.0784604 0.0565162 0.0452801 0.0331784 0.0196465 0.0088804 0.00308161 0.000826738 0.000167871 2.49555e-05 2.62976e-06 1.90647e-07 9.25833e-09
 8.39908e-12 9.11642e-10 5.8345e-08 2.20177e-06 4.89935e-05 0.000642898 0.00497702 0.0227779 0.0622232 0.105911 0.131237 0.157211 0.184331 0.162592 0.0970038 0.0429845 0.0174999 0.00713756 0.0025531 0.000703057 0.00014077 2.00221e-05 1.98596e-06 1.34374e-07 6.06056e-09
 1.40974e-11 1.53014e-09 9.79286e-08 3.69553e-06 8.22305e-05 0.00107892 0.0083482 0.0381124 0.102908 0.166176 0.168607 0.12875 0.103995 0.0961375 0.0834118 0.0586958 0.0298922 0.0104872 0.00266077 0.000544651 9.40221e-05 1.26819e-05 1.21612e-06 7.85793e-08 3.33345e-09
 1.19291e-11 1.29479e-09 8.28665e-08 3.12714e-06 6.95838e-05 0.000913034 0.00706632 0.0322947 0.0876198 0.144483 0.158933 0.148743 0.143149 0.12054 0.0782936 0.0429584 0.0217747 0.00937199 0.0030044 0.000668753 0.00010221 1.10147e-05 8.61303e-07 4.85035e-08 1.88561e-09
 1.64863e-11 1.78943e-09 1.14523e-07 4.32177e-06 9.61652e-05 0.00126176 0.009763 0.044572 0.12034 0.19412 0.19544 0.143329 0.102891 0.078823 0.0547788 0.0320636 0.0150762 0.00547515 0.00155436 0.000346446 5.73665e-05 6.57533e-06 5.00691e-07 2.50475e-08 8.25776e-10
 1.34653e-11 1.46153e-09 9.35377e-08 3.52984e-06 7.85447e-05 0.00103062 0.00797649 0.0364542 0.098871 0.162568 0.175964 0.156132 0.138788 0.108771 0.0647206 0.0305001 0.0124098 0.00428323 0.00116785 0.000239835 3.61446e-05 3.90513e-06 2.92958e-07 1.46982e-08 4.77664e-10
 1.42363e-11 1.54521e-09 9.88936e-08 3.73195e-06 8.3042e-05 0.00108962 0.00843264 0.0385283 0.104356 0.170519 0.179996 0.149701 0.125154 0.100106 0.0661777 0.0352588 0.0147246 0.00459057 0.00106343 0.000187804 2.52378e-05 2.48037e-06 1.70393e-07 7.9104e-09 2.42021e-10
 1.42628e-11 1.54809e-09 9.90778e-08 3.73891e-06 8.31971e-05 0.00109167 0.0084491 0.038613 0.10468 0.171575 0.182707 0.154083 0.128387 0.0989931 0.0617074 0.0312655 0.0129777 0.00418884 0.00100051 0.000172225 2.10269e-05 1.80319e-06 1.07705e-07 4.41196e-09 1.21078e-10
 1.28697e-11 1.39689e-09 8.94009e-08 3.37374e-06 7.50724e-05 0.00098511 0.00762575 0.0348757 0.0948159 0.157067 0.173164 0.157331 0.1406 0.111067 0.0691117 0.0343076 0.0136519 0.00418103 0.00095633 0.000160704 1.93269e-05 1.60938e-06 9.03272e-08 3.3577e-09 8.17245e-11
 1.41363e-11 1.53436e-09 9.8199e-08 3.70575e-06 8.246e-05 0.00108203 0.00837532 0.0382884 0.103903 0.17075 0.182685 0.15422 0.127503 0.0987788 0.0633355 0.0327264 0.0132319 0.00399479 0.000880621 0.000140633 1.60077e-05 1.26652e-06 6.78751e-08 2.40738e-09 5.54012e-11
 1.35543e-11 1.47119e-09 9.41562e-08 3.5532e-06 7.90664e-05 0.00103755 0.00803242 0.0367445 0.0999479 0.165592 0.181509 0.160351 0.136181 0.102733 0.0618338 0.02991 0.0116473 0.00349027 0.000770864 0.000121892 1.34549e-05 1.01379e-06 5.11822e-08 1.7031e-09 3.67687e-11
 1.13904e-11 1.23633e-09 7.91251e-08 2.98599e-06 6.64468e-05 0.000872046 0.00675392 0.0309438 0.0846481 0.143055 0.166299 0.164099 0.153583 0.12121 0.0744067 0.0358784 0.0134677 0.00379648 0.000786482 0.000118129 1.25565e-05 9.15175e-07 4.44641e-08 1.40968e-09 2.87069e-11
 9.25321e-12 1.00435e-09 6.42788e-08 2.42576e-06 5.39821e-05 0.000708566 0.00549075 0.0252054 0.0694266 0.120036 0.148359 0.161789 0.165055 0.139471 0.0921877 0.0474277 0.0183945 0.00518275 0.00104411 0.000149115 1.48654e-05 1.01314e-06 4.62129e-08 1.38272e-09 2.66466e-11
 1.21922e-11 1.32335e-09 8.46948e-08 3.19618e-06 7.11241e-05 0.000933421 0.00722859 0.0331006 0.0903049 0.150827 0.168334 0.153154 0.13635 0.11332 0.0788867 0.0432715 0.017732 0.00522604 0.00108535 0.000156103 1.52565e-05 9.95763e-07 4.2777e-08 1.19393e-09 2.13828e-11
 1.16822e-11 1.268e-09 8.11524e-08 3.06253e-06 6.81528e-05 0.000894551 0.0069309 0.0317896 0.0872049 0.148166 0.172688 0.166888 0.149028 0.113329 0.0693448 0.0346122 0.0138291 0.00417298 0.000901145 0.00013396 1.33305e-05 8.70168e-07 3.66993e-08 9.8806e-10 1.68141e-11
 1.24215e-11 1.34824e-09 8.62881e-08 3.25635e-06 7.24662e-05 0.000951165 0.00736922 0.0337904 0.0925621 0.15632 0.178579 0.16588 0.143339 0.108373 0.0659727 0.0314669 0.0114726 0.00312377 0.000624483 8.92269e-05 8.76715e-06 5.70941e-07 2.39789e-08 6.37709e-10 1.0608e-11
 1.1697e-11 1.2696e-09 8.12556e-08 3.06648e-06 6.8244e-05 0.000895883 0.00694434 0.0318921 0.087787 0.150342 0.177438 0.172338 0.151535 0.111974 0.0653127 0.0298061 0.0104094 0.00268438 0.000497661 6.49955e-05 5.85142e-06 3.54438e-07 1.40947e-08 3.59802e-10 5.78765e-12
 1.20889e-11 1.31214e-09 8.3978e-08 3.16924e-06 7.05318e-05 0.000925945 0.00717777 0.0329652 0.0907017 0.154882 0.18076 0.171484 0.147705 0.108767 0.0635602 0.0285908 0.00960526 0.00234138 0.00040631 4.92998e-05 4.0904e-06 2.26804e-07 8.23695e-09 1.92645e-10 2.85952e-12
 1.27897e-11 1.38821e-09 8.88471e-08 3.35301e-06 7.46228e-05 0.000979687 0.00759488 0.0348825 0.0959398 0.163348 0.1883 0.17312 0.142686 0.10083 0.0569078 0.0248787 0.00815689 0.0019342 0.000322694 3.7066e-05 2.87226e-06 1.47328e-07 4.91816e-09 1.05276e-10 1.42654e-12
 1.21077e-11 1.31419e-09 8.41102e-08 3.17432e-06 7.06514e-05 0.000927754 0.00719703 0.0331191 0.0915891 0.158191 0.187963 0.179545 0.150012 0.103577 0.0557643 0.0230223 0.00712907 0.00160336 0.000254546 2.78183e-05 2.04251e-06 9.85735e-08 3.07145e-09 6.09212e-11 7.60524e-13
 1.28146e-11 1.39092e-09 8.90213e-08 3.35968e-06 7.47774e-05 0.000981938 0.00761686 0.0350367 0.0967099 0.165851 0.193034 0.177614 0.143553 0.097924 0.0524782 0.021257 0.00630985 0.00133602 0.00019795 2.01587e-05 1.38162e-06 6.23507e-08 1.81711e-09 3.36596e-11 3.91329e-13
 1.20324e-11 1.30602e-09 8.35885e-08 3.15477e-06 7.02245e-05 0.000922446 0.00716185 0.0330264 0.0917782 0.160043 0.192525 0.184177 0.150714 0.100496 0.0517723 0.0201614 0.00578227 0.00118177 0.000167428 1.60897e-05 1.02901e-06 4.30484e-08 1.16017e-09 1.98731e-11 2.13836e-13
 1.21968e-11 1.32387e-09 8.47316e-08 3.19797e-06 7.11896e-05 0.000935223 0.00726271 0.0335053 0.0931504 0.162326 0.194283 0.183753 0.148896 0.0990695 0.050821 0.0193898 0.00534429 0.00103713 0.000138903 1.26003e-05 7.58827e-07 2.97579e-08 7.47516e-10 1.18715e-11 1.17962e-13
 1.08133e-11 1.17372e-09 7.51236e-08 2.83558e-06 6.31366e-05 0.000829944 0.00645603 0.029919 0.0841628 0.1508 0.190202 0.191389 0.160326 0.10629 0.0533275 0.0197993 0.00530004 0.000993569 0.000127329 1.0938e-05 6.1879e-07 2.26847e-08 5.31266e-10 7.85137e-12 7.24611e-14
 1.09175e-11 1.18502e-09 7.58483e-08 2.86301e-06 6.37509e-05 0.000838112 0.00652071 0.0302224 0.0849659 0.15173 0.189674 0.188898 0.158622 0.107064 0.0546716 0.0203086 0.00532645 0.000963874 0.000118228 9.66654e-06 5.17779e-07 1.78732e-08 3.92041e-10 5.40194e-12 4.63261e-14
 1.12424e-11 1.2203e-09 7.81076e-08 2.94842e-06 6.56597e-05 0.000863409 0.00672084 0.0311789 0.0877722 0.156798 0.194883 0.190387 0.155042 0.101445 0.0505789 0.0185001 0.00479682 0.000855043 0.000102288 8.0581e-06 4.11435e-07 1.34312e-08 2.77086e-10 3.57657e-12 2.864e-14
#pred catch len freq
 1.0225e-11 1.10982e-09 7.10284e-08 2.68039e-06 5.96424e-05 0.000782558 0.00605556 0.0276589 0.0748906 0.122799 0.134099 0.128553 0.134636 0.124461 0.0878253 0.0539368 0.0335672 0.0213177 0.0140018 0.00979226 0.00743263 0.00619672 0.00536595 0.00414341 0.00242183
 8.64572e-12 9.3841e-10 6.00581e-08 2.26641e-06 5.0431e-05 0.000661712 0.00512105 0.0234049 0.063569 0.105819 0.122879 0.135478 0.158629 0.15021 0.102485 0.0577 0.0318727 0.0175317 0.00960169 0.00545587 0.0033519 0.00232324 0.00178192 0.00130947 0.000762536
 1.16429e-11 1.26372e-09 8.0878e-08 3.05209e-06 6.79131e-05 0.00089107 0.00689498 0.0314871 0.0851747 0.139008 0.148772 0.135275 0.134515 0.122007 0.0855052 0.0512808 0.0292814 0.0153292 0.00739068 0.00347688 0.00167247 0.000882556 0.000540143 0.000350431 0.000194737
 1.17617e-11 1.27662e-09 8.17034e-08 3.08323e-06 6.86062e-05 0.000900166 0.00696548 0.0318115 0.0860864 0.14077 0.151923 0.141128 0.142568 0.127149 0.0830687 0.0436484 0.0223882 0.0115659 0.00565774 0.00252745 0.00103457 0.00041521 0.00018275 9.20825e-05 4.51643e-05
 9.96125e-12 1.0812e-09 6.91966e-08 2.61127e-06 5.81044e-05 0.000762388 0.00589985 0.0269564 0.0731078 0.120835 0.136381 0.141336 0.157496 0.145556 0.0961146 0.0504181 0.0248568 0.011658 0.00510917 0.00215099 0.000848079 0.000302294 0.000101118 3.55073e-05 1.33618e-05
 1.18279e-11 1.2838e-09 8.21633e-08 3.10059e-06 6.89923e-05 0.000905232 0.00700463 0.0319892 0.0865517 0.141407 0.152038 0.139885 0.140276 0.12584 0.0843819 0.0463845 0.0240377 0.0114759 0.0048797 0.00189093 0.000673739 0.000220111 6.49901e-05 1.75518e-05 4.63455e-06
 1.28361e-11 1.39323e-09 8.91666e-08 3.36487e-06 7.48729e-05 0.000982385 0.00760144 0.0347103 0.0938538 0.152849 0.162067 0.143438 0.137605 0.119663 0.0763691 0.03823 0.0181282 0.00850547 0.00372897 0.00147377 0.00050982 0.000153625 4.06242e-05 9.4266e-06 1.93291e-06
 1.38705e-11 1.50551e-09 9.63527e-08 3.63605e-06 8.0907e-05 0.00106155 0.00821375 0.0375005 0.101318 0.164363 0.171286 0.144139 0.13043 0.110579 0.0698572 0.0343989 0.0156602 0.00682359 0.00274618 0.00103607 0.000358786 0.000108215 2.74342e-05 5.7812e-06 1.01449e-06
 1.32538e-11 1.43857e-09 9.20685e-08 3.47438e-06 7.73096e-05 0.00101435 0.00784878 0.0358389 0.0968942 0.15771 0.166796 0.146502 0.139028 0.119158 0.0732712 0.0334462 0.0137095 0.00553339 0.00210355 0.000738877 0.000236768 6.79008e-05 1.6879e-05 3.4693e-06 5.68941e-07
 1.36034e-11 1.47651e-09 9.44967e-08 3.56601e-06 7.93485e-05 0.0010411 0.00805565 0.0367809 0.0994057 0.161513 0.169492 0.145587 0.13485 0.114935 0.0715832 0.033798 0.0143225 0.00567234 0.00199397 0.00063617 0.000187397 4.96424e-05 1.14786e-05 2.24254e-06 3.54811e-07
 1.33573e-11 1.44981e-09 9.27876e-08 3.50152e-06 7.79134e-05 0.00102228 0.00791006 0.0361182 0.0976424 0.158871 0.167761 0.146693 0.138509 0.118437 0.0727062 0.0330356 0.0133494 0.00520717 0.00185473 0.000588032 0.000163478 3.94785e-05 8.2935e-06 1.48764e-06 2.19545e-07
 1.31013e-11 1.42202e-09 9.10091e-08 3.4344e-06 7.642e-05 0.00100268 0.00775852 0.0354276 0.0957938 0.156013 0.165436 0.146406 0.140145 0.120715 0.0746542 0.0343993 0.0140799 0.00543468 0.00187188 0.00057644 0.000158637 3.76466e-05 7.48836e-06 1.23071e-06 1.65136e-07
 1.34897e-11 1.46417e-09 9.37069e-08 3.53621e-06 7.86854e-05 0.0010324 0.00798837 0.0364746 0.0985898 0.160284 0.168653 0.14599 0.136378 0.116457 0.0721776 0.0336324 0.0140249 0.00551486 0.00192502 0.0005919 0.00015946 3.68226e-05 7.1589e-06 1.14014e-06 1.44364e-07
 1.29171e-11 1.40203e-09 8.97298e-08 3.38613e-06 7.53458e-05 0.000988591 0.0076495 0.0349307 0.094463 0.153947 0.163722 0.146081 0.141119 0.122138 0.075915 0.0353824 0.0147791 0.00585382 0.00207384 0.000649714 0.000177489 4.1003e-05 7.84769e-06 1.21908e-06 1.49903e-07
 1.17509e-11 1.27544e-09 8.16283e-08 3.0804e-06 6.85432e-05 0.000899342 0.00695922 0.0317856 0.0860536 0.141015 0.153566 0.145957 0.150309 0.133431 0.0837347 0.0394534 0.0167019 0.00667216 0.00237425 0.000748905 0.000207228 4.86623e-05 9.42742e-06 1.46495e-06 1.77739e-07
 1.18214e-11 1.2831e-09 8.21185e-08 3.0989e-06 6.89547e-05 0.000904742 0.00700099 0.031976 0.0865642 0.141813 0.154251 0.14616 0.150048 0.132929 0.0831449 0.0389017 0.0163432 0.00653041 0.00234434 0.000747484 0.000208577 4.94045e-05 9.68819e-06 1.52632e-06 1.86925e-07
 1.3245e-11 1.43762e-09 9.20075e-08 3.47208e-06 7.72584e-05 0.00101368 0.00784356 0.0358145 0.0968208 0.15753 0.166328 0.145427 0.137478 0.118239 0.0739548 0.0351541 0.0150903 0.00609198 0.00218442 0.000695501 0.000195061 4.66446e-05 9.23911e-06 1.47062e-06 1.82205e-07
 1.33334e-11 1.44721e-09 9.26216e-08 3.49525e-06 7.7774e-05 0.00102045 0.00789594 0.0360543 0.0974771 0.158663 0.167823 0.147436 0.139835 0.119434 0.0725717 0.0320877 0.0124531 0.00473781 0.00168774 0.000542929 0.000153103 3.66734e-05 7.29648e-06 1.17109e-06 1.46556e-07
 1.30603e-11 1.41757e-09 9.07244e-08 3.42366e-06 7.6181e-05 0.000999549 0.00773429 0.0353177 0.0955067 0.155626 0.1654 0.147288 0.141832 0.122069 0.0746755 0.0334062 0.0130361 0.00480281 0.00158678 0.00047257 0.000128445 3.06557e-05 6.1296e-06 9.88064e-07 1.24302e-07
 1.34332e-11 1.45804e-09 9.33144e-08 3.5214e-06 7.83557e-05 0.00102808 0.00795494 0.0363226 0.0981877 0.1597 0.168365 0.14655 0.137703 0.117643 0.0724488 0.0331545 0.0134104 0.00508851 0.00170072 0.000497024 0.000127644 2.84263e-05 5.42728e-06 8.61332e-07 1.08385e-07
 1.39991e-11 1.51947e-09 9.72458e-08 3.66975e-06 8.16569e-05 0.00107139 0.00828995 0.0378497 0.10228 0.166067 0.173729 0.147807 0.135062 0.113357 0.068114 0.0294653 0.0109832 0.00397328 0.00133417 0.000400253 0.000104397 2.2923e-05 4.17821e-06 6.25213e-07 7.52368e-08
 1.43831e-11 1.56114e-09 9.9913e-08 3.77041e-06 8.38965e-05 0.00110077 0.00851722 0.0388853 0.105051 0.170344 0.177164 0.148102 0.132438 0.109959 0.0655566 0.0278762 0.0100184 0.00342783 0.00107227 0.000301849 7.6824e-05 1.70119e-05 3.13077e-06 4.6239e-07 5.35318e-08
 1.41861e-11 1.53977e-09 9.85449e-08 3.71878e-06 8.27477e-05 0.0010857 0.00840064 0.0383541 0.10363 0.168154 0.175417 0.147994 0.133863 0.111801 0.0669621 0.0287328 0.0104574 0.00358388 0.00109654 0.000293914 6.99494e-05 1.45446e-05 2.58302e-06 3.78711e-07 4.38213e-08
 1.42494e-11 1.54664e-09 9.89848e-08 3.73538e-06 8.31171e-05 0.00109055 0.00843812 0.0385248 0.104086 0.16885 0.175939 0.147921 0.13324 0.111097 0.0665508 0.0286072 0.010457 0.00361033 0.00111516 0.000300174 7.03803e-05 1.4036e-05 2.34525e-06 3.24046e-07 3.6062e-08
 1.48216e-11 1.60875e-09 1.02959e-07 3.88537e-06 8.64546e-05 0.00113433 0.00877679 0.040068 0.108213 0.175206 0.180977 0.148131 0.128955 0.105694 0.062625 0.0263744 0.00932402 0.00313525 0.000960567 0.000259426 6.12603e-05 1.22448e-05 2.01763e-06 2.6868e-07 2.83427e-08
 1.47396e-11 1.59984e-09 1.0239e-07 3.86387e-06 8.5976e-05 0.00112806 0.00872825 0.0398472 0.107628 0.174349 0.180515 0.148818 0.130667 0.107214 0.0629234 0.0257205 0.00858738 0.00271934 0.000796534 0.000207877 4.81295e-05 9.57817e-06 1.58264e-06 2.10571e-07 2.18938e-08
 1.42319e-11 1.54473e-09 9.88627e-08 3.73077e-06 8.30146e-05 0.0010892 0.00842776 0.0384784 0.103972 0.168758 0.176275 0.149265 0.13544 0.112674 0.0661895 0.0268563 0.0087986 0.00269981 0.000755151 0.000185569 4.05458e-05 7.72894e-06 1.24412e-06 1.63721e-07 1.69775e-08
 1.37626e-11 1.4938e-09 9.56029e-08 3.60776e-06 8.02774e-05 0.00105329 0.00814999 0.0372124 0.100582 0.163508 0.171968 0.148611 0.138223 0.116633 0.0696443 0.0293935 0.010329 0.0033637 0.000955961 0.000230531 4.83065e-05 8.70294e-06 1.32028e-06 1.65535e-07 1.66371e-08
#obs catch len freq
 9.72917e-12 1.05601e-09 6.75845e-08 2.55044e-06 5.67509e-05 0.000744628 0.00576238 0.0263264 0.0713593 0.117523 0.130291 0.128875 0.139457 0.135579 0.105389 0.069963 0.0401474 0.0188185 0.00704679 0.00208987 0.000477117 8.08638e-05 9.83099e-06 8.3031e-07 4.73443e-08
 1.00295e-11 1.08861e-09 6.9671e-08 2.62918e-06 5.8503e-05 0.000767621 0.0059404 0.0271412 0.0735778 0.121191 0.134121 0.131314 0.139587 0.133693 0.10261 0.066985 0.0375445 0.0170912 0.00617436 0.00175297 0.000380302 6.08377e-05 6.93808e-06 5.46667e-07 2.89447e-08
 7.08927e-12 7.69474e-10 4.92463e-08 1.85841e-06 4.13529e-05 0.000542627 0.00420047 0.0192183 0.0524407 0.0889264 0.109361 0.131545 0.161499 0.16039 0.12262 0.0786142 0.0429071 0.0189096 0.00657184 0.00178211 0.000366709 5.52784e-05 5.90568e-06 4.33797e-07 2.1328e-08
 1.74752e-11 1.89677e-09 1.21393e-07 4.581e-06 0.000101933 0.0013374 0.0103473 0.0472199 0.127262 0.20377 0.19929 0.133675 0.0843377 0.0648485 0.0528085 0.0383951 0.0223319 0.00987206 0.00333591 0.000866087 0.000169027 2.39928e-05 2.39942e-06 1.64189e-07 7.49175e-09
 7.44547e-12 8.08136e-10 5.17207e-08 1.9518e-06 4.34316e-05 0.000569942 0.00441323 0.0202177 0.0554662 0.0960309 0.125119 0.160524 0.193638 0.170349 0.100745 0.0443939 0.0179675 0.00720481 0.00250396 0.000664873 0.000127625 1.73039e-05 1.62684e-06 1.03796e-07 4.39491e-09
 1.31548e-11 1.42783e-09 9.13809e-08 3.44844e-06 7.67326e-05 0.0010068 0.00779054 0.0355747 0.0961501 0.155903 0.160736 0.128566 0.110506 0.104948 0.0908373 0.0627986 0.0311892 0.0106569 0.0026344 0.000523281 8.67778e-05 1.11382e-05 1.01022e-06 6.14652e-08 2.44589e-09
 1.11479e-11 1.21e-09 7.74398e-08 2.92235e-06 6.50275e-05 0.000853271 0.00660453 0.0301983 0.0820894 0.136387 0.153791 0.150982 0.150155 0.126866 0.0820162 0.0447232 0.0223178 0.00934099 0.00288892 0.000617802 9.04553e-05 9.29927e-06 6.89116e-07 3.65199e-08 1.32935e-09
 1.58944e-11 1.72519e-09 1.10412e-07 4.16661e-06 9.27131e-05 0.00121648 0.00941307 0.0429826 0.116137 0.187903 0.191249 0.144506 0.107933 0.0840204 0.0581773 0.0335706 0.0154431 0.00546583 0.00150527 0.00032274 5.09847e-05 5.54552e-06 3.99276e-07 1.88187e-08 5.82044e-10
 1.29178e-11 1.4021e-09 8.97346e-08 3.38632e-06 7.53518e-05 0.000988749 0.00765317 0.0349902 0.0950435 0.157144 0.173062 0.158693 0.144201 0.112827 0.0664893 0.0309624 0.0123669 0.00415419 0.00109472 0.000215981 3.10821e-05 3.18665e-06 2.25561e-07 1.06326e-08 3.23697e-10
 1.38114e-11 1.4991e-09 9.59423e-08 3.62058e-06 8.05642e-05 0.00105713 0.00818184 0.0373936 0.101396 0.166349 0.177805 0.151709 0.129411 0.103503 0.067717 0.0354377 0.0144248 0.00436366 0.000977538 0.000165991 2.12886e-05 1.98347e-06 1.28488e-07 5.59995e-09 1.60257e-10
 1.39264e-11 1.51158e-09 9.67413e-08 3.65074e-06 8.12357e-05 0.00106596 0.0082508 0.0377188 0.102372 0.16845 0.181438 0.15626 0.131927 0.101295 0.0624299 0.0311052 0.0125926 0.0039362 0.000905395 0.0001493 1.73743e-05 1.41299e-06 7.96104e-08 3.06059e-09 7.85052e-11
 1.26019e-11 1.36782e-09 8.75408e-08 3.30355e-06 7.35111e-05 0.000964654 0.00746825 0.0341693 0.0930267 0.154807 0.172735 0.15979 0.143698 0.112577 0.0691083 0.0336625 0.013045 0.00386715 0.000851601 0.000136928 1.56615e-05 1.23411e-06 6.52715e-08 2.27777e-09 5.18585e-11
 1.39451e-11 1.51362e-09 9.68714e-08 3.65566e-06 8.13459e-05 0.00106744 0.00826314 0.0377876 0.102653 0.169258 0.182669 0.156337 0.12993 0.0998475 0.0630954 0.0319108 0.012533 0.00365536 0.000774615 0.000118237 1.27886e-05 9.56443e-07 4.82354e-08 1.60396e-09 3.45026e-11
 1.34314e-11 1.45786e-09 9.33031e-08 3.52102e-06 7.8351e-05 0.0010282 0.00796091 0.0364312 0.0992152 0.164958 0.182294 0.162631 0.13795 0.102819 0.0609182 0.0288565 0.0109178 0.00315694 0.000668817 0.000100862 1.05625e-05 7.51506e-07 3.56749e-08 1.11205e-09 2.24205e-11
 1.13245e-11 1.22917e-09 7.86672e-08 2.96873e-06 6.60635e-05 0.000867061 0.00671645 0.0307888 0.0843623 0.143203 0.167913 0.16676 0.155075 0.120617 0.0727376 0.0342547 0.0124676 0.0033886 0.000673178 9.63635e-05 9.70384e-06 6.66748e-07 3.04181e-08 9.02584e-10 1.71551e-11
 9.24091e-12 1.00302e-09 6.41935e-08 2.42255e-06 5.39121e-05 0.000707699 0.00548533 0.0251989 0.0695536 0.120879 0.150665 0.164819 0.166599 0.138641 0.0898804 0.0450314 0.0168905 0.00457859 0.000882931 0.000120024 1.13269e-05 7.27233e-07 3.11179e-08 8.70383e-10 1.56369e-11
 1.2214e-11 1.32572e-09 8.48463e-08 3.20191e-06 7.12527e-05 0.000935151 0.00724301 0.0331807 0.0906309 0.151821 0.170373 0.155586 0.137649 0.112758 0.0768954 0.0409986 0.0162188 0.00458891 0.000909906 0.00012428 1.14794e-05 7.05114e-07 2.8399e-08 7.40634e-10 1.23592e-11
 1.17534e-11 1.27573e-09 8.16472e-08 3.08123e-06 6.85703e-05 0.000900089 0.00697516 0.0320102 0.0879375 0.149889 0.175443 0.169297 0.149272 0.111565 0.0669694 0.0325864 0.0125799 0.00363902 0.000748433 0.000105388 9.88921e-06 6.06418e-07 2.39478e-08 6.0202e-10 9.54276e-12
 1.25314e-11 1.36017e-09 8.70518e-08 3.28519e-06 7.31095e-05 0.000959668 0.00743643 0.0341153 0.093567 0.158422 0.181525 0.168154 0.143322 0.106283 0.0632385 0.0293028 0.0103131 0.00269465 0.000513447 6.9439e-05 6.42153e-06 3.91983e-07 1.5385e-08 3.81473e-10 5.90472e-12
 1.18423e-11 1.28537e-09 8.2265e-08 3.1046e-06 6.90944e-05 0.00090712 0.00703303 0.0323186 0.0890848 0.152956 0.180861 0.174623 0.150997 0.109279 0.0622594 0.0275779 0.0092804 0.00229169 0.000404433 4.99836e-05 4.23482e-06 2.40264e-07 8.91586e-09 2.1181e-10 3.16465e-12
 1.22594e-11 1.33065e-09 8.51633e-08 3.214e-06 7.15301e-05 0.00093913 0.00728161 0.0334609 0.0921824 0.157753 0.184314 0.173685 0.14701 0.105884 0.0603055 0.0262712 0.00849148 0.00197991 0.000326714 3.74745e-05 2.92391e-06 1.51796e-07 5.14302e-09 1.11881e-10 1.54107e-12
 1.29874e-11 1.40967e-09 9.02209e-08 3.40489e-06 7.57799e-05 0.000994963 0.00771499 0.035453 0.0976184 0.166491 0.191939 0.175027 0.141534 0.0976932 0.0536872 0.0227089 0.00715315 0.00161958 0.000256524 2.78229e-05 2.02607e-06 9.72585e-08 3.028e-09 6.02776e-11 7.5785e-13
 1.23279e-11 1.33809e-09 8.56403e-08 3.23212e-06 7.19408e-05 0.000944791 0.00733121 0.033758 0.0934737 0.161707 0.191938 0.181402 0.148397 0.0999575 0.0523508 0.0208961 0.00621195 0.00133273 0.000200634 2.06781e-05 1.42516e-06 6.43169e-08 1.8682e-09 3.44544e-11 3.99076e-13
 1.3052e-11 1.41669e-09 9.06708e-08 3.42199e-06 7.61675e-05 0.0010003 0.00776131 0.0357217 0.0987079 0.169492 0.19699 0.179318 0.141821 0.0942256 0.0490094 0.0191527 0.00545028 0.00109994 0.000154444 1.48223e-05 9.52777e-07 4.01716e-08 1.09048e-09 1.877e-11 2.0239e-13
 1.22887e-11 1.33384e-09 8.53702e-08 3.22209e-06 7.17272e-05 0.000942318 0.00731856 0.0337727 0.0939664 0.164034 0.196787 0.185798 0.148539 0.0964106 0.0481879 0.018092 0.00496773 0.00096613 0.000129534 1.17211e-05 7.02722e-07 2.74563e-08 6.88936e-10 1.09599e-11 1.09309e-13
 1.24692e-11 1.35344e-09 8.6625e-08 3.26952e-06 7.27869e-05 0.000956351 0.00742931 0.0342975 0.0954607 0.166488 0.198637 0.185341 0.146612 0.0948083 0.0470881 0.0172905 0.00455786 0.00084105 0.000106508 9.08826e-06 5.12598e-07 1.87611e-08 4.38616e-10 6.46824e-12 5.95684e-14
 1.10945e-11 1.20424e-09 7.70787e-08 2.90949e-06 6.47885e-05 0.000851844 0.00662951 0.0307509 0.0866208 0.155296 0.194951 0.193084 0.157751 0.101627 0.0493448 0.0176152 0.00450349 0.000801586 9.70193e-05 7.83352e-06 4.14813e-07 1.41852e-08 3.09026e-10 4.23871e-12 3.62432e-14
 1.1212e-11 1.21701e-09 7.78967e-08 2.94046e-06 6.54821e-05 0.000861066 0.00670245 0.0310921 0.0875213 0.156362 0.194549 0.190741 0.156133 0.102232 0.0504052 0.0179688 0.00449561 0.000771705 8.93128e-05 6.85692e-06 3.43498e-07 1.10538e-08 2.25449e-10 2.88244e-12 2.28972e-14
#spawning biomass
 11569.6 12119.5 11561.8 15518.3 18755.1 18152 21666.8 32743.7 44084.8 59273.4 72305.9 86832.6 106668 138055 147208 114820 104974 101381 104295 110819 104085 107696 125176 138873 146543 149843 141592 144164 159870 274885 297950 285317 254658 219060 185856 158124 136456 120256 108511 100181 94369.2 90360.1 87599.7 85697.7 84439.2 83606.5 83055.6 82691.1 82449.9 82290.3 82184.7 82114.8 82068.6 82038 82017.8 82004.4 81995.6 81989.7 81985.8 81983.3 81981.6 81980.4 81979.7 81979.2 81978.9 81978.7 81978.5 81978.4 81978.4 81978.3 81978.3 81978.3 81978.3 81978.3 81978.2 81978.2 81978.2 81978.2 81978.2 81978.2 81978.2 81978.2 81978.2 81978.2 81978.2 81978.2 81978.2 81978.2 81978.2 81978.2 81978.2 81978.2 81978.2 81978.2 81978.2 81978.2 81978.2 81978.2 81978.2 81978.2 81978.2 81978.2 81978.2 81978.2 81978.2 81978.2 81978.2 81978.2 81978.2 81978.2 81978.2 81978.2 81978.2 81978.2 81978.2 81978.2 81978.2 81978.2 81978.2 81978.2 81978.2 81978.2 81978.2 81978.2 81978.2 81978.2 81978.2 81978.2 0 0 0 0 0 0 0 0 0 0 0 0 0 0 0 0 0 0 0 0 0 0 0 0 0
