SBPRF35
0.0418769
Curr Bio
1.29312e+06
B35
662149
F35
4.36785e+06
FOFL
4.36785e+06
OFL
1.92238e+06
Bzero
5519.55
#pred survey bio
 22878.7 17476 21065.8 27613.7 37744.2 47486 64521.5 103550 129789 122962 147131 149133 209667 237935 258804 224911 269915 237554 180761 227032 224940 200239 195430 205599 238675 302944 243242 215406 4.76707e+06 653622 112910 23018 14854.6 14182.8 14128.5 14124.1 14123.8 14123.8 14123.8 14123.8 14123.8 14123.8 14123.8 14123.8 14123.8 14123.8 14123.8 14123.8 14123.8 14123.8 14123.8 14123.8 14123.8 14123.8 14123.8 14123.8 14123.8 14123.8 14123.8 14123.8 14123.8 14123.8 14123.8 14123.8 14123.8 14123.8 14123.8 14123.8 14123.8 14123.8 14123.8 14123.8 14123.8 14123.8 14123.8 14123.8 14123.8 14123.8 14123.8 14123.8 14123.8 14123.8 14123.8 14123.8 14123.8 14123.8 14123.8 14123.8 14123.8 14123.8 14123.8 14123.8 14123.8 14123.8 14123.8 14123.8 14123.8 14123.8 14123.8 14123.8 14123.8 14123.8 14123.8 14123.8 14123.8 14123.8 14123.8 14123.8 14123.8 14123.8 14123.8 14123.8 14123.8 14123.8 14123.8 14123.8 14123.8 14123.8 14123.8 14123.8 14123.8 14123.8 14123.8 14123.8 14123.8 14123.8 14123.8 14123.8 0 0 0 0 0 0 0 0 0 0 0 0 0 0 0 0 0 0 0 0 0 0 0 0 0
#obs survey bio
 19848.2 15120.8 20540.3 26709.8 40831.4 50290.2 60671.8 130607 169546 130474 133416 158702 195825 218565 248879 214913 241166 281200 164000 233684 254668 201144 168036 190102 230870 298702 181457 187528
#pred catch bio
 22190.4 15490.6 13472.2 10472 22523.9 26485.8 42696.1 60551.7 92266.3 103082 138624 146790 166570 196081 221098 199849 205608 200716 165131 184506 181377 210027 197089 217365 236475 224684 217904 201339 1.92238e+06 6611.69 6611.69 6611.69 6611.69 6611.69 6611.69 6611.69 6611.69 6611.69 6611.69 6611.69 6611.69 6611.69 6611.69 6611.69 6611.69 6611.69 6611.69 6611.69 6611.69 6611.69 6611.69 6611.69 6611.69 6611.69 6611.69 6611.69 6611.69 6611.69 6611.69 6611.69 6611.69 6611.69 6611.69 6611.69 6611.69 6611.69 6611.69 6611.69 6611.69 6611.69 6611.69 6611.69 6611.69 6611.69 6611.69 6611.69 6611.69 6611.69 6611.69 6611.69 6611.69 6611.69 6611.69 6611.69 6611.69 6611.69 6611.69 6611.69 6611.69 6611.69 6611.69 6611.69 6611.69 6611.69 6611.69 6611.69 6611.69 6611.69 6611.69 6611.69 6611.69 6611.69 6611.69 6611.69 6611.69 6611.69 6611.69 6611.69 6611.69 6611.69 6611.69 6611.69 6611.69 6611.69 6611.69 6611.69 6611.69 6611.69 6611.69 6611.69 6611.69 6611.69 6611.69 6611.69 6611.69 6611.69 6611.69 6611.69 0 0 0 0 0 0 0 0 0 0 0 0 0 0 0 0 0 0 0 0 0 0 0 0 0
#obs catch bio
 17851 15573 14707.5 10293 22997.4 26677.5 43012 59855.8 93388.4 102672 139736 148085 163517 192350 219183 198156 201241 199313 162451 182178 178488 210620 193689 215925 235900 219912 216492 200361
#pred cpue bio
 23878.2 18429.7 21869.4 28831.5 38262.6 47110.8 63397.9 102412 128107 121217 145894 146663 205324 234336 255704 219601 260924 227535 172622 215507 209479 184582 179628 188354 215742 270878 217376 193041 4.23331e+06 717259 118946 21132.1 12809.8 12135.8 12081.4 12077.1 12076.7 12076.7 12076.7 12076.7 12076.7 12076.7 12076.7 12076.7 12076.7 12076.7 12076.7 12076.7 12076.7 12076.7 12076.7 12076.7 12076.7 12076.7 12076.7 12076.7 12076.7 12076.7 12076.7 12076.7 12076.7 12076.7 12076.7 12076.7 12076.7 12076.7 12076.7 12076.7 12076.7 12076.7 12076.7 12076.7 12076.7 12076.7 12076.7 12076.7 12076.7 12076.7 12076.7 12076.7 12076.7 12076.7 12076.7 12076.7 12076.7 12076.7 12076.7 12076.7 12076.7 12076.7 12076.7 12076.7 12076.7 12076.7 12076.7 12076.7 12076.7 12076.7 12076.7 12076.7 12076.7 12076.7 12076.7 12076.7 12076.7 12076.7 12076.7 12076.7 12076.7 12076.7 12076.7 12076.7 12076.7 12076.7 12076.7 12076.7 12076.7 12076.7 12076.7 12076.7 12076.7 12076.7 12076.7 12076.7 12076.7 12076.7 12076.7 12076.7 0 0 0 0 0 0 0 0 0 0 0 0 0 0 0 0 0 0 0 0 0 0 0 0 0
#obs cpue bio
 21096.2 22472.9 18840.6 24649.2 37269.8 42851.3 63935 86216.5 100527 108935 162816 124224 245828 271261 286324 222061 334948 206511 182869 230354 200980 182907 218030 207285 222569 317251 297240 223245
#pred surv len freq
 3.91486e-12 4.2492e-10 2.71949e-08 1.02625e-06 2.2836e-05 0.000299655 0.00231988 0.0106217 0.0291119 0.0505699 0.0683783 0.0978521 0.13629 0.144959 0.12111 0.0940389 0.0705498 0.0499477 0.034887 0.0250161 0.0189899 0.01563 0.0133268 0.0101725 0.00590461
 6.34054e-12 6.88204e-10 4.4045e-08 1.66213e-06 3.69849e-05 0.00048529 0.00375597 0.0171722 0.0467257 0.0784665 0.0943011 0.111853 0.141351 0.149742 0.129599 0.100284 0.0649663 0.0324099 0.0136906 0.00612395 0.00332921 0.0021957 0.00164059 0.00118565 0.000683605
 9.24757e-12 1.00374e-09 6.42389e-08 2.42418e-06 5.39415e-05 0.000707762 0.00547698 0.0250211 0.0678151 0.111736 0.124535 0.125734 0.139321 0.136201 0.106401 0.0739119 0.0457649 0.0229861 0.00934211 0.00322671 0.00102286 0.000370954 0.000189154 0.000116171 6.3386e-05
 8.54257e-12 9.27213e-10 5.93416e-08 2.23937e-06 4.98293e-05 0.000653815 0.00505985 0.0231233 0.0627782 0.104295 0.120186 0.13061 0.152552 0.148589 0.110135 0.070414 0.0407449 0.0195442 0.00767108 0.00258112 0.000747007 0.000188708 4.88677e-05 1.72652e-05 7.54831e-06
 1.23001e-11 1.33506e-09 8.54436e-08 3.22438e-06 7.17466e-05 0.000941359 0.00728375 0.0332539 0.0898366 0.145672 0.15154 0.127237 0.11717 0.10831 0.0863922 0.0624801 0.0392856 0.0194092 0.00763461 0.00254129 0.000721353 0.000172275 3.50482e-05 6.70653e-06 1.5339e-06
 1.415e-11 1.53585e-09 9.8294e-08 3.70931e-06 8.2537e-05 0.00108293 0.00837909 0.0382527 0.103315 0.16731 0.172996 0.142174 0.125184 0.105839 0.0688098 0.0362636 0.017814 0.00799534 0.00309693 0.00103054 0.000288653 6.69298e-05 1.28502e-05 2.04728e-06 2.84206e-07
 1.49673e-11 1.62456e-09 1.03971e-07 3.92356e-06 8.73041e-05 0.00114548 0.00886286 0.0404575 0.109218 0.176458 0.180523 0.143407 0.120603 0.0995766 0.0638301 0.0326797 0.01497 0.0058183 0.0017734 0.000451362 0.000106241 2.30455e-05 4.30188e-06 6.5541e-07 7.97033e-08
 1.43959e-11 1.56254e-09 1.00002e-07 3.77378e-06 8.39714e-05 0.00110175 0.00852473 0.0389178 0.105113 0.170242 0.176113 0.144907 0.127497 0.106744 0.0671142 0.0325936 0.0139856 0.0051659 0.00148294 0.000334156 6.32051e-05 1.03688e-05 1.51524e-06 1.99641e-07 2.24905e-08
 1.45992e-11 1.5846e-09 1.01414e-07 3.82706e-06 8.5157e-05 0.00111731 0.008645 0.0394651 0.106568 0.172409 0.177471 0.143796 0.124178 0.103671 0.0663136 0.0335508 0.0150586 0.0056557 0.00159754 0.000344178 6.06643e-05 8.89893e-06 1.07368e-06 1.08372e-07 9.4079e-09
 1.46402e-11 1.58905e-09 1.01699e-07 3.83781e-06 8.53962e-05 0.00112045 0.00866932 0.0395769 0.106881 0.173005 0.1785 0.145649 0.126668 0.105126 0.0652199 0.0307747 0.0126834 0.00450371 0.00122896 0.000255068 4.27996e-05 5.89976e-06 6.53753e-07 5.80906e-08 4.16313e-09
 1.41506e-11 1.53591e-09 9.82983e-08 3.70948e-06 8.25407e-05 0.00108298 0.00837958 0.0382571 0.103356 0.167615 0.174422 0.14611 0.131322 0.110441 0.0683931 0.0318574 0.0128408 0.00442795 0.00115086 0.000219536 3.30693e-05 4.14317e-06 4.2555e-07 3.50953e-08 2.29663e-09
 1.48068e-11 1.60714e-09 1.02857e-07 3.8815e-06 8.63683e-05 0.0011332 0.00876799 0.040027 0.108091 0.174919 0.180264 0.146529 0.126678 0.104417 0.0637997 0.0290324 0.0113197 0.00378547 0.000949805 0.000170471 2.3315e-05 2.597e-06 2.35229e-07 1.70551e-08 9.92032e-10
 1.51251e-11 1.64169e-09 1.05068e-07 3.96494e-06 8.82249e-05 0.00115756 0.00895639 0.0408855 0.110388 0.178463 0.183105 0.146752 0.124452 0.101505 0.0615442 0.0276179 0.0105599 0.00347994 0.000865114 0.000153516 2.05528e-05 2.20322e-06 1.87247e-07 1.23244e-08 6.32447e-10
 1.46995e-11 1.59549e-09 1.02111e-07 3.85337e-06 8.57424e-05 0.00112499 0.00870447 0.0397375 0.107315 0.173712 0.179248 0.146293 0.127182 0.105235 0.0646277 0.029736 0.0117786 0.00399084 0.00101275 0.000184446 2.55672e-05 2.8258e-06 2.4335e-07 1.58849e-08 7.87508e-10
 1.44472e-11 1.56811e-09 1.00359e-07 3.78722e-06 8.42706e-05 0.00110568 0.00855512 0.0390569 0.105495 0.170906 0.177015 0.14617 0.129026 0.107592 0.066383 0.0307733 0.0123155 0.00420941 0.00107752 0.000198989 2.81808e-05 3.19598e-06 2.83026e-07 1.90309e-08 9.67422e-10
 1.53603e-11 1.66721e-09 1.06701e-07 4.02658e-06 8.95965e-05 0.00117555 0.00909556 0.0415194 0.11208 0.181043 0.185023 0.146419 0.122051 0.0988587 0.0601056 0.0272884 0.0106194 0.00354997 0.000892547 0.000160913 2.20882e-05 2.4431e-06 2.14564e-07 1.45304e-08 7.51737e-10
 1.60629e-11 1.74347e-09 1.11582e-07 4.21075e-06 9.36945e-05 0.00122932 0.0095114 0.0434143 0.117149 0.188856 0.191252 0.146798 0.116968 0.0923188 0.0551763 0.0243255 0.00908196 0.00294378 0.000727865 0.000129331 1.74067e-05 1.87907e-06 1.60689e-07 1.05879e-08 5.35942e-10
 1.66786e-11 1.8103e-09 1.15859e-07 4.37216e-06 9.72859e-05 0.00127644 0.00987583 0.0450747 0.121589 0.195686 0.196625 0.146891 0.11215 0.0863525 0.0509725 0.022079 0.00803253 0.00254858 0.000621043 0.000108523 1.4267e-05 1.50181e-06 1.25656e-07 8.10603e-09 4.00557e-10
 1.68316e-11 1.82691e-09 1.16922e-07 4.41227e-06 9.81786e-05 0.00128815 0.00996644 0.045488 0.1227 0.197447 0.198264 0.14775 0.112223 0.0856961 0.0495344 0.0203093 0.00672949 0.00196296 0.000452661 7.47123e-05 9.05585e-06 8.70763e-07 6.77502e-08 4.14161e-09 1.95907e-10
 1.72232e-11 1.86941e-09 1.19642e-07 4.51491e-06 0.000100462 0.00131811 0.0101982 0.0465437 0.12552 0.201761 0.201542 0.147429 0.108583 0.0815304 0.0470488 0.0194391 0.00653498 0.00192502 0.000441678 7.10733e-05 8.17382e-06 7.29065e-07 5.22773e-08 2.93663e-09 1.2728e-10
 1.83458e-11 1.99127e-09 1.27441e-07 4.80922e-06 0.000107011 0.00140402 0.0108627 0.049571 0.133611 0.214172 0.211141 0.147057 0.0989738 0.0701103 0.0396265 0.016117 0.00529783 0.00153128 0.000348995 5.63227e-05 6.5326e-06 5.8573e-07 4.1479e-08 2.23912e-09 9.07267e-11
 1.88709e-11 2.04825e-09 1.31088e-07 4.94685e-06 0.000110073 0.0014442 0.0111734 0.050987 0.137398 0.220009 0.215786 0.147309 0.0951274 0.0651883 0.035949 0.0139404 0.00418844 0.00110415 0.000238465 3.71964e-05 4.15023e-06 3.55856e-07 2.43689e-08 1.29425e-09 5.19062e-11
 1.89911e-11 2.06131e-09 1.31923e-07 4.97837e-06 0.000110775 0.00145341 0.0112446 0.0513116 0.13827 0.221378 0.216999 0.147778 0.0948698 0.064464 0.0349074 0.0128413 0.00342298 0.000772553 0.000148706 2.11404e-05 2.06351e-06 1.44798e-07 8.01441e-09 3.62581e-10 1.30574e-11
 1.91655e-11 2.08023e-09 1.33135e-07 5.02408e-06 0.000111792 0.00146675 0.0113478 0.0517817 0.139525 0.223296 0.218444 0.147594 0.0931858 0.0625676 0.0338188 0.0125127 0.00338782 0.000780581 0.000151649 2.13309e-05 2.00231e-06 1.29159e-07 6.2554e-09 2.40226e-10 7.17393e-12
 1.98235e-11 2.15165e-09 1.37705e-07 5.19657e-06 0.00011563 0.0015171 0.0117373 0.0535559 0.144266 0.23056 0.224022 0.147244 0.0873535 0.0557448 0.029533 0.010759 0.00282717 0.000624728 0.000117828 1.63556e-05 1.52381e-06 9.72747e-08 4.61706e-09 1.70868e-10 4.77974e-12
 2.0325e-11 2.20609e-09 1.41189e-07 5.32805e-06 0.000118555 0.00155548 0.0120341 0.0549082 0.147879 0.236093 0.22826 0.146941 0.0828536 0.0505093 0.0262845 0.00947545 0.00244461 0.000525888 9.72069e-05 1.33678e-05 1.23904e-06 7.86242e-08 3.70158e-09 1.35843e-10 3.76899e-12
 2.03535e-11 2.20918e-09 1.41387e-07 5.33551e-06 0.000118722 0.00155766 0.0120509 0.0549849 0.148084 0.236403 0.22848 0.146866 0.0825115 0.0501562 0.0261281 0.00948636 0.0024938 0.000552223 0.000104525 1.46128e-05 1.38349e-06 9.11469e-08 4.52115e-09 1.73906e-10 4.96712e-12
 2.0217e-11 2.19436e-09 1.40439e-07 5.29972e-06 0.000117925 0.00154721 0.0119701 0.0546169 0.147101 0.234908 0.227381 0.147098 0.083963 0.0517271 0.026938 0.00961565 0.00241231 0.000496135 8.85167e-05 1.19916e-05 1.10753e-06 7.04232e-08 3.33853e-09 1.24136e-10 3.51969e-12
#obs surv len freq
 3.93913e-11 3.65065e-09 1.99493e-07 6.42793e-06 0.000122125 0.00136818 0.00903983 0.0352577 0.081574 0.114848 0.110702 0.102108 0.112833 0.121951 0.11662 0.0943711 0.0587182 0.0272022 0.00973723 0.00278209 0.000631415 0.000110644 1.43474e-05 1.31233e-06 8.12339e-08
 2.28168e-11 2.0395e-09 1.07492e-07 3.34058e-06 6.12162e-05 0.000661556 0.00421915 0.0159385 0.0363587 0.054873 0.0730224 0.110776 0.154602 0.16833 0.151761 0.115559 0.0686225 0.0307436 0.0107344 0.00297672 0.000640039 0.000102894 1.19836e-05 9.81356e-07 5.48128e-08
 1.40055e-10 1.20536e-08 6.11678e-07 1.83027e-05 0.00032292 0.00335942 0.0206081 0.074557 0.159225 0.201715 0.155734 0.0846112 0.0540615 0.059456 0.0695182 0.0604353 0.0356616 0.0146977 0.00459281 0.00115532 0.000231081 3.48587e-05 3.77284e-06 2.82388e-07 1.42268e-08
 1.35025e-10 1.11706e-08 5.44914e-07 1.56735e-05 0.000265827 0.00265859 0.0156842 0.0546733 0.113631 0.147295 0.142705 0.144809 0.150158 0.117236 0.0640521 0.0281861 0.0118782 0.00471293 0.0015575 0.000395442 7.45323e-05 1.02739e-05 1.0155e-06 6.97911e-08 3.22807e-09
 1.90197e-10 1.51025e-08 7.071e-07 1.95209e-05 0.000317769 0.00305023 0.0172688 0.0577331 0.114706 0.139933 0.121094 0.106718 0.112928 0.115311 0.101006 0.06803 0.0309971 0.00896572 0.00166917 0.000222631 2.56939e-05 2.75995e-06 2.41397e-07 1.50766e-08 6.34037e-10
 3.37904e-10 2.57154e-08 1.15393e-06 3.05319e-05 0.000476342 0.0043822 0.0237775 0.0761774 0.144953 0.168816 0.137514 0.110489 0.103909 0.0917493 0.0692879 0.0424676 0.0188934 0.00571053 0.00117686 0.000170324 1.75826e-05 1.30287e-06 7.14499e-08 3.03422e-09 9.92903e-11
 4.08923e-10 2.97856e-08 1.27926e-06 3.23965e-05 0.000483763 0.00425986 0.0221287 0.0679555 0.124713 0.144287 0.129234 0.126302 0.128987 0.109416 0.0760192 0.0427267 0.0175181 0.00487153 0.000924091 0.000125773 1.27417e-05 9.47973e-07 4.97247e-08 1.7815e-09 4.31276e-11
 6.13714e-10 4.27309e-08 1.7543e-06 4.24674e-05 0.00060618 0.00510239 0.0253359 0.0743634 0.130361 0.143682 0.121819 0.114021 0.117897 0.108573 0.0835958 0.0490758 0.019563 0.0050184 0.000837515 9.60538e-05 8.09083e-06 5.15994e-07 2.43945e-08 8.19317e-10 1.87985e-11
 9.11518e-10 6.05944e-08 2.37513e-06 5.48947e-05 0.000748117 0.00601237 0.0285081 0.0799524 0.134361 0.144079 0.124031 0.120061 0.121191 0.104477 0.0747192 0.0412896 0.0157911 0.0039714 0.000665254 7.74151e-05 6.4487e-06 3.83255e-07 1.59468e-08 4.58823e-10 9.06568e-12
 1.20359e-09 7.63046e-08 2.85239e-06 6.28721e-05 0.00081716 0.00626348 0.0283326 0.0759094 0.122708 0.130464 0.120276 0.127486 0.132051 0.113936 0.0803397 0.0424522 0.0150126 0.00336033 0.000476713 4.47747e-05 2.98512e-06 1.49145e-07 5.56828e-09 1.48541e-10 2.70575e-12
 1.83352e-09 1.1074e-07 3.94378e-06 8.28152e-05 0.00102544 0.00748811 0.0322718 0.0824011 0.127113 0.129696 0.116463 0.122052 0.127339 0.113163 0.0812136 0.0420934 0.0141958 0.00297597 0.000387536 3.23089e-05 1.81755e-06 7.28115e-08 2.12834e-09 4.49408e-11 6.70503e-13
 2.72289e-09 1.56521e-07 5.30522e-06 0.000106029 0.00124954 0.00868489 0.0356348 0.0867348 0.12833 0.128758 0.119342 0.127724 0.129332 0.109237 0.0741457 0.0363793 0.0116665 0.00234622 0.000297448 2.46074e-05 1.38981e-06 5.50798e-08 1.52214e-09 2.86661e-11 3.62039e-13
 3.88233e-09 2.12208e-07 6.83943e-06 0.000129978 0.00145657 0.00962732 0.0375771 0.0871526 0.123865 0.123144 0.119173 0.131619 0.133226 0.111746 0.074081 0.034655 0.0103918 0.00191635 0.000216559 1.53369e-05 7.12632e-07 2.30423e-08 5.39899e-10 9.12958e-12 1.0765e-13
 4.89252e-09 2.54075e-07 7.78001e-06 0.000140473 0.00149565 0.0093941 0.0348724 0.0772408 0.106895 0.110711 0.120865 0.14288 0.14611 0.122152 0.0793063 0.0356817 0.0102237 0.00180941 0.000198974 1.40082e-05 6.58992e-07 2.14177e-08 4.82312e-10 7.37288e-12 7.50376e-14
 8.08455e-09 3.98577e-07 1.15866e-05 0.000198607 0.00200751 0.01197 0.0421761 0.0886 0.115852 0.112078 0.114224 0.131776 0.138352 0.120005 0.0780278 0.0338719 0.00916976 0.00151464 0.000153622 9.834e-06 4.15638e-07 1.21619e-08 2.51876e-10 3.64243e-12 3.57277e-14
 1.15675e-08 5.41031e-07 1.49209e-05 0.000242642 0.0023269 0.013166 0.0440671 0.0883823 0.112856 0.114003 0.126267 0.145023 0.141031 0.111273 0.0664771 0.026867 0.00682802 0.00106512 0.000102703 6.30045e-06 2.56645e-07 7.20679e-09 1.40816e-10 1.88053e-12 1.67776e-14
 1.94648e-08 8.63177e-07 2.25704e-05 0.000347996 0.00316409 0.0169734 0.0538499 0.102261 0.123013 0.115527 0.119417 0.13383 0.13226 0.106107 0.0623951 0.0241254 0.00578094 0.000843733 7.56106e-05 4.27587e-06 1.59276e-07 4.08067e-09 7.32562e-11 9.09256e-13 7.60304e-15
 2.6034e-08 1.09405e-06 2.71095e-05 0.000396106 0.00341329 0.01736 0.052317 0.0952379 0.114132 0.117358 0.135158 0.14997 0.136514 0.0995549 0.0539306 0.019513 0.00443436 0.000623874 5.52143e-05 3.18281e-06 1.24057e-07 3.32488e-09 6.05233e-11 7.30233e-13 5.74011e-15
 3.79549e-08 1.51087e-06 3.54632e-05 0.000490835 0.0040066 0.0193056 0.0551521 0.0954297 0.109902 0.111539 0.129392 0.147132 0.140558 0.105972 0.0567309 0.0195944 0.0041708 0.000542358 4.37369e-05 2.26365e-06 7.87625e-08 1.91248e-09 3.25884e-11 3.81e-13 2.97043e-15
 6.13146e-08 2.31125e-06 5.13716e-05 0.000673297 0.0052046 0.0237518 0.0643078 0.105772 0.117098 0.11661 0.132159 0.143948 0.130714 0.0933245 0.0472607 0.0155087 0.00317328 0.00040538 3.31886e-05 1.80691e-06 6.71697e-08 1.70309e-09 2.88361e-11 3.19412e-13 2.29307e-15
 9.53943e-08 3.40431e-06 7.16353e-05 0.000888872 0.00650532 0.0281143 0.0721642 0.113085 0.121472 0.120989 0.135759 0.1421 0.122518 0.0825012 0.0392019 0.0120328 0.00229772 0.00027334 2.08208e-05 1.05932e-06 3.73225e-08 9.17441e-10 1.54223e-11 1.72552e-13 1.25802e-15
 1.36039e-07 4.59547e-06 9.15356e-05 0.00107516 0.00744929 0.0304925 0.0742985 0.111643 0.119142 0.123975 0.141926 0.145129 0.120512 0.0773981 0.0347741 0.0100571 0.00181145 0.000204138 1.48176e-05 7.21145e-07 2.42376e-08 5.63429e-10 8.88388e-12 9.3027e-14 6.37813e-16
 1.78153e-07 5.69625e-06 0.000107395 0.00119403 0.00783219 0.030377 0.0704056 0.102364 0.111628 0.125738 0.149735 0.153019 0.125537 0.0781288 0.0332827 0.00898904 0.00149322 0.000152813 9.86866e-06 4.18966e-07 1.22137e-08 2.49964e-10 3.55688e-12 3.42895e-14 2.18598e-16
 2.66105e-07 8.05342e-06 0.000143716 0.00151244 0.00939105 0.0344893 0.0758021 0.10514 0.111369 0.124266 0.147063 0.150874 0.124196 0.0756985 0.0308286 0.00786368 0.00122892 0.000118297 7.18872e-06 2.86332e-07 7.74898e-09 1.44563e-10 1.83859e-12 1.56206e-14 8.73276e-17
 3.89046e-07 1.11451e-05 0.000188264 0.00187548 0.0110256 0.0383694 0.0802122 0.107479 0.11455 0.131093 0.152259 0.14875 0.115505 0.0661996 0.0253657 0.00611364 0.000910756 8.48117e-05 5.08596e-06 2.03517e-07 5.55378e-09 1.02923e-10 1.26904e-12 1.02134e-14 5.30847e-17
 5.15687e-07 1.3985e-05 0.000223639 0.00210923 0.0117429 0.0387571 0.0773445 0.101517 0.112511 0.136203 0.159159 0.152856 0.115383 0.0632636 0.022919 0.00519929 0.000729345 6.42035e-05 3.66401e-06 1.40682e-07 3.71182e-09 6.69039e-11 8.06053e-13 6.35696e-15 3.23522e-17
 6.43239e-07 1.65157e-05 0.000250057 0.00223314 0.0117783 0.0369093 0.0706295 0.0922149 0.108964 0.140769 0.167081 0.160465 0.119273 0.0628143 0.0214405 0.00452639 0.000584299 4.6653e-05 2.3722e-06 7.9995e-08 1.85342e-09 2.98124e-11 3.27782e-13 2.40416e-15 1.15253e-17
 8.05485e-07 1.95833e-05 0.000280766 0.00237461 0.0118681 0.0353353 0.0649838 0.084795 0.106145 0.143563 0.172849 0.167244 0.123007 0.0625566 0.0203441 0.00408684 0.000505944 3.93263e-05 1.98137e-06 6.6811e-08 1.52981e-09 2.35768e-11 2.39879e-13 1.58725e-15 6.7826e-18
#pred catch len freq
 4.50794e-12 4.89294e-10 3.13148e-08 1.18173e-06 2.62956e-05 0.000345052 0.00267134 0.0122312 0.0335256 0.0582573 0.0788355 0.112677 0.155274 0.15929 0.12181 0.0833511 0.0566344 0.0375968 0.0251647 0.0176477 0.0132779 0.0108974 0.00928498 0.00708635 0.00411314
 6.60803e-12 7.17239e-10 4.59032e-08 1.73225e-06 3.85453e-05 0.000505767 0.00391457 0.0178998 0.0487404 0.0821273 0.0999313 0.121001 0.153341 0.15724 0.125753 0.0884627 0.0538516 0.0258221 0.0104504 0.00448254 0.00238342 0.00156146 0.00116502 0.000841742 0.000485301
 8.84443e-12 9.59978e-10 6.14385e-08 2.3185e-06 5.159e-05 0.000676914 0.0052385 0.023937 0.0649512 0.107613 0.122675 0.130252 0.149551 0.145155 0.108048 0.0697041 0.0407258 0.0196937 0.00774205 0.00259941 0.000808051 0.000289526 0.000146909 9.01371e-05 4.91754e-05
 7.55936e-12 8.20495e-10 5.25116e-08 1.98163e-06 4.40943e-05 0.000578576 0.00447798 0.0204734 0.0557107 0.0935715 0.11247 0.132845 0.163921 0.16071 0.116206 0.0709849 0.0394386 0.0183716 0.00701099 0.00230016 0.000654788 0.000163873 4.22032e-05 1.48722e-05 6.49826e-06
 1.19499e-11 1.29704e-09 8.30106e-08 3.13256e-06 6.97037e-05 0.000914559 0.00707656 0.0323119 0.0873467 0.142076 0.149856 0.130974 0.125753 0.115823 0.0877521 0.0589492 0.0351335 0.0167684 0.00638442 0.00206342 0.000574523 0.000135776 2.74686e-05 5.24063e-06 1.197e-06
 1.34732e-11 1.46239e-09 9.35926e-08 3.5319e-06 7.85893e-05 0.00103114 0.00797857 0.0364289 0.0984529 0.159954 0.167809 0.144053 0.133523 0.114505 0.0727994 0.0361346 0.0164855 0.00700998 0.00261121 0.000843629 0.000232024 5.32602e-05 1.01693e-05 1.61551e-06 2.23952e-07
 1.44819e-11 1.57187e-09 1.00599e-07 3.7963e-06 8.44727e-05 0.00110833 0.0085756 0.0391497 0.105735 0.171214 0.176954 0.145169 0.127199 0.106139 0.066371 0.0318749 0.0135098 0.00498395 0.00146599 0.000359743 8.20209e-05 1.7476e-05 3.23711e-06 4.91595e-07 5.9697e-08
 1.37344e-11 1.49074e-09 9.54068e-08 3.60036e-06 8.01127e-05 0.00105113 0.00813322 0.0371349 0.100359 0.163032 0.170948 0.146478 0.135217 0.114831 0.0708966 0.0326328 0.0130266 0.00456973 0.00126939 0.000277218 5.09101e-05 8.18259e-06 1.18181e-06 1.54777e-07 1.73917e-08
 1.43103e-11 1.55325e-09 9.94075e-08 3.75133e-06 8.3472e-05 0.0010952 0.00847407 0.0386874 0.104503 0.169353 0.175658 0.1457 0.129403 0.108421 0.0674208 0.0318277 0.0131183 0.00465871 0.00127261 0.000265551 4.53445e-05 6.50298e-06 7.74509e-07 7.76043e-08 6.70997e-09
 1.45349e-11 1.57763e-09 1.00968e-07 3.81022e-06 8.47822e-05 0.00111239 0.00860707 0.0392943 0.106138 0.171967 0.178199 0.147331 0.130076 0.107841 0.0651729 0.0287275 0.0107427 0.0035506 0.000930159 0.000186535 3.02643e-05 4.07029e-06 4.44652e-07 3.91925e-08 2.79583e-09
 1.43104e-11 1.55325e-09 9.94081e-08 3.75135e-06 8.34725e-05 0.00109521 0.00847419 0.0386891 0.104524 0.169519 0.176439 0.147847 0.132675 0.110589 0.0665023 0.028798 0.0104335 0.00332236 0.000827765 0.000152788 2.2208e-05 2.69996e-06 2.72304e-07 2.2237e-08 1.44741e-09
 1.497e-11 1.62485e-09 1.0399e-07 3.92427e-06 8.73202e-05 0.00114569 0.00886462 0.0404681 0.109282 0.176841 0.182223 0.148026 0.127636 0.104286 0.0619829 0.0262952 0.00920811 0.00283265 0.000680818 0.000118524 1.5665e-05 1.6893e-06 1.49758e-07 1.07273e-08 6.19662e-10
 1.49172e-11 1.61911e-09 1.03623e-07 3.91041e-06 8.70118e-05 0.00114164 0.00883333 0.0403256 0.108901 0.17626 0.181788 0.148091 0.12816 0.104871 0.0623122 0.0263852 0.00920773 0.00282212 0.000675467 0.000116636 1.5138e-05 1.57513e-06 1.31206e-07 8.53608e-09 4.34934e-10
 1.45688e-11 1.5813e-09 1.01203e-07 3.81909e-06 8.49798e-05 0.00111499 0.00862713 0.039386 0.106387 0.17238 0.178669 0.147818 0.130552 0.108027 0.0647899 0.0279714 0.0100763 0.00317796 0.000776809 0.000137521 1.84656e-05 1.98283e-06 1.67601e-07 1.08236e-08 5.3299e-10
 1.44456e-11 1.56793e-09 1.00347e-07 3.78679e-06 8.42611e-05 0.00110556 0.0085542 0.0390536 0.105498 0.171012 0.177589 0.147787 0.131496 0.109206 0.0656317 0.0284342 0.0103023 0.00326924 0.000804948 0.000144307 1.97773e-05 2.17894e-06 1.89453e-07 1.26065e-08 6.36737e-10
 1.53792e-11 1.66926e-09 1.06833e-07 4.03153e-06 8.97068e-05 0.001177 0.00910678 0.0415713 0.112229 0.181357 0.185688 0.147797 0.123993 0.100032 0.0593226 0.0252202 0.00887335 0.00274269 0.000662043 0.000115889 1.5392e-05 1.65111e-06 1.42131e-07 9.51689e-09 4.89079e-10
 1.58686e-11 1.72239e-09 1.10233e-07 4.15984e-06 9.25616e-05 0.00121446 0.00939648 0.0428913 0.115759 0.186791 0.18998 0.147932 0.120254 0.0953475 0.0559496 0.0233445 0.00796449 0.00239634 0.000569492 9.83968e-05 1.28369e-05 1.34543e-06 1.12807e-07 7.34927e-09 3.69467e-10
 1.66801e-11 1.81046e-09 1.15869e-07 4.37255e-06 9.72947e-05 0.00127655 0.00987675 0.0450794 0.121609 0.195777 0.196991 0.147861 0.113612 0.0872928 0.0504972 0.0206602 0.00682171 0.00199041 0.000463832 7.86961e-05 1.00198e-05 1.02238e-06 8.37401e-08 5.33678e-09 2.61812e-10
 1.6866e-11 1.83064e-09 1.17161e-07 4.42129e-06 9.83792e-05 0.00129078 0.00998682 0.0455813 0.122955 0.197884 0.198828 0.148482 0.113057 0.0860753 0.0489457 0.0191203 0.00576654 0.00152883 0.000333988 5.34473e-05 6.27982e-06 5.83928e-07 4.42885e-08 2.66741e-09 1.2511e-10
 1.71292e-11 1.8592e-09 1.18989e-07 4.49027e-06 9.99141e-05 0.00131092 0.0101426 0.0462907 0.12485 0.200777 0.201001 0.148183 0.110483 0.0831937 0.0473163 0.0186584 0.00574002 0.0015505 0.000339295 5.31835e-05 5.95274e-06 5.14254e-07 3.59039e-08 1.98424e-09 8.51934e-11
 1.8273e-11 1.98335e-09 1.26934e-07 4.79011e-06 0.000106586 0.00139845 0.0108195 0.0493748 0.133091 0.21341 0.210726 0.147651 0.100463 0.0714101 0.0398294 0.0154971 0.00466876 0.00123472 0.000267673 4.2017e-05 4.73994e-06 4.11826e-07 2.8431e-08 1.51135e-09 6.0682e-11
 1.91487e-11 2.0784e-09 1.33018e-07 5.01967e-06 0.000111694 0.00146546 0.0113378 0.0517363 0.139404 0.223106 0.218286 0.147561 0.093271 0.0626988 0.033944 0.0126146 0.00345503 0.000813169 0.000163381 2.45669e-05 2.65867e-06 2.20243e-07 1.46425e-08 7.63554e-10 3.03055e-11
 1.91787e-11 2.08167e-09 1.33226e-07 5.02755e-06 0.000111869 0.00146776 0.0113556 0.0518175 0.139623 0.223465 0.218671 0.147903 0.0935478 0.0627379 0.0335737 0.0120105 0.00298401 0.000603206 0.000106437 1.45028e-05 1.37997e-06 9.4026e-08 5.02785e-09 2.21276e-10 7.84043e-12
 1.94205e-11 2.10791e-09 1.34906e-07 5.09093e-06 0.000113279 0.00148626 0.0114987 0.0524695 0.141365 0.226128 0.220689 0.147687 0.091272 0.0601459 0.0320434 0.0114958 0.00288649 0.00059355 0.000105799 1.42997e-05 1.31362e-06 8.26898e-08 3.87668e-09 1.44404e-10 4.22757e-12
 1.99684e-11 2.16737e-09 1.38712e-07 5.23455e-06 0.000116475 0.00152819 0.011823 0.0539466 0.145311 0.232172 0.225314 0.147342 0.0863362 0.054414 0.0285015 0.0101134 0.00248521 0.000493015 8.52132e-05 1.13443e-05 1.034e-06 6.44659e-08 2.96582e-09 1.06575e-10 2.9247e-12
 2.01877e-11 2.19118e-09 1.40235e-07 5.29204e-06 0.000117754 0.00154497 0.0119528 0.0545379 0.146891 0.23459 0.227159 0.147189 0.0843363 0.0521039 0.0270916 0.00958352 0.00234433 0.000461557 7.92311e-05 1.05083e-05 9.5526e-07 5.93346e-08 2.71453e-09 9.69279e-11 2.64141e-12
 2.03977e-11 2.21398e-09 1.41694e-07 5.3471e-06 0.000118979 0.00156104 0.0120771 0.0551042 0.148404 0.236904 0.228915 0.147008 0.0823695 0.0498584 0.0257579 0.0091256 0.00225139 0.00045037 7.85505e-05 1.0555e-05 9.77409e-07 6.2819e-08 3.02112e-09 1.13114e-10 3.17737e-12
 2.03027e-11 2.20367e-09 1.41034e-07 5.32219e-06 0.000118425 0.00155377 0.0120209 0.0548481 0.14772 0.235864 0.228153 0.147179 0.0833946 0.0509611 0.0263164 0.00920095 0.00218243 0.000405933 6.60513e-05 8.53453e-06 7.69547e-07 4.77757e-08 2.1957e-09 7.9277e-11 2.20502e-12
#obs catch len freq
 2.90927e-11 2.69621e-09 1.47337e-07 4.7474e-06 9.01971e-05 0.00101052 0.00667785 0.0260696 0.0606131 0.0874826 0.0932327 0.105164 0.131586 0.143884 0.133576 0.104493 0.0631017 0.028617 0.0103403 0.00312393 0.000767546 0.000143882 1.94622e-05 1.82225e-06 1.14419e-07
 4.76942e-11 4.26318e-09 2.24692e-07 6.98281e-06 0.000127957 0.00138264 0.00881188 0.0331667 0.0742288 0.102303 0.101147 0.102788 0.121005 0.131629 0.12469 0.0989324 0.059965 0.0270617 0.00944415 0.0026237 0.000575733 9.68306e-05 1.19568e-05 1.03421e-06 6.02032e-08
 2.73899e-11 2.35727e-09 1.19623e-07 3.57941e-06 6.31557e-05 0.000657198 0.00403718 0.0147149 0.032665 0.0497084 0.0714353 0.115356 0.161158 0.172963 0.153858 0.114838 0.0664187 0.0289765 0.00985367 0.00265033 0.000549167 8.4528e-05 9.366e-06 7.25246e-07 3.80926e-08
 1.95633e-18 8.59969e-16 2.22901e-13 3.40669e-11 3.0701e-09 1.63157e-07 5.11428e-06 9.46229e-05 0.00103563 0.00675209 0.0267808 0.0684179 0.12642 0.18935 0.22447 0.189021 0.107654 0.0430083 0.0130798 0.00319516 0.000616021 8.88595e-05 9.13438e-06 6.45693e-07 3.05753e-08
 1.47156e-10 1.16848e-08 5.47084e-07 1.51034e-05 0.000245864 0.00236027 0.0133701 0.0448311 0.0904456 0.118671 0.13109 0.16038 0.177055 0.136456 0.0728473 0.0316833 0.0132476 0.0051579 0.00165467 0.000405099 7.32804e-05 9.6474e-06 9.05416e-07 5.87397e-08 2.55209e-09
 2.73001e-10 2.07761e-08 9.32288e-07 2.46675e-05 0.000384849 0.00354055 0.0192125 0.0615814 0.11747 0.138532 0.118884 0.107531 0.114911 0.116047 0.0994988 0.0647305 0.0282435 0.00780919 0.00139591 0.000180728 2.04022e-05 2.12012e-06 1.76582e-07 1.04084e-08 4.10999e-10
 4.90097e-10 3.56982e-08 1.5332e-06 3.88273e-05 0.000579788 0.0051052 0.0265142 0.0813288 0.148363 0.166724 0.134258 0.110378 0.104589 0.0911127 0.0675153 0.0401762 0.0171918 0.00498513 0.000986463 0.000137083 1.35623e-05 9.61727e-07 5.04358e-08 2.04051e-09 6.31037e-11
 6.06001e-10 4.21939e-08 1.73226e-06 4.19338e-05 0.000598566 0.00503841 0.0250213 0.0734865 0.129243 0.14463 0.128736 0.127013 0.127949 0.106157 0.0721999 0.0393774 0.0155119 0.00413281 0.000752708 9.85662e-05 9.58635e-06 6.80941e-07 3.39203e-08 1.1497e-09 2.6254e-11
 9.27147e-10 6.16334e-08 2.41585e-06 5.58359e-05 0.000760943 0.00611536 0.0289942 0.0812841 0.136328 0.14485 0.121167 0.11383 0.116293 0.105062 0.0788544 0.0445577 0.0169569 0.0041462 0.000661242 7.27586e-05 5.88878e-06 3.59672e-07 1.61884e-08 5.14681e-10 1.11272e-11
 1.42046e-09 9.00536e-08 3.36635e-06 7.42006e-05 0.000964389 0.0073916 0.0334267 0.0894335 0.143558 0.147839 0.124032 0.117932 0.116118 0.0977993 0.0681536 0.0362718 0.0132516 0.00317916 0.000509066 5.67227e-05 4.51782e-06 2.55783e-07 1.01021e-08 2.75034e-10 5.1254e-12
 1.91274e-09 1.15525e-07 4.11418e-06 8.63933e-05 0.00106974 0.00781165 0.0336663 0.0859638 0.132621 0.135332 0.121238 0.125233 0.126035 0.106083 0.0726413 0.0368115 0.0123824 0.00263088 0.000354941 3.18337e-05 2.03368e-06 9.72616e-08 3.45679e-09 8.725e-11 1.49679e-12
 2.93582e-09 1.68761e-07 5.7201e-06 0.00011432 0.00134725 0.00936355 0.0384103 0.0933768 0.137329 0.13431 0.116977 0.119372 0.121204 0.105051 0.0729112 0.036088 0.0115421 0.0022908 0.000282773 2.24131e-05 1.20254e-06 4.59874e-08 1.28002e-09 2.56297e-11 3.61092e-13
 4.44852e-09 2.43156e-07 7.83687e-06 0.000148933 0.00166896 0.0110304 0.0430379 0.0996328 0.14032 0.134399 0.119553 0.123188 0.120803 0.0993237 0.0651284 0.0304931 0.00926997 0.001765 0.000212203 1.6695e-05 8.98181e-07 3.38589e-08 8.86885e-10 1.57774e-11 1.87752e-13
 6.40477e-09 3.32608e-07 1.01848e-05 0.000183891 0.00195786 0.0122949 0.0455961 0.100498 0.135848 0.128794 0.119374 0.126732 0.124234 0.101296 0.0646634 0.0287778 0.0081584 0.00142 0.000151586 1.0167e-05 4.48977e-07 1.38299e-08 3.08319e-10 4.93902e-12 5.49094e-14
 8.28352e-09 4.08386e-07 1.18718e-05 0.000203496 0.00205694 0.0122652 0.0432258 0.0909031 0.119453 0.117451 0.12182 0.137799 0.136357 0.110611 0.0689424 0.0294485 0.00796987 0.00133127 0.000138381 9.2338e-06 4.12596e-07 1.27318e-08 2.71417e-10 3.91439e-12 3.74927e-14
 1.376e-08 6.43577e-07 1.77489e-05 0.000288628 0.00276776 0.0156564 0.0523346 0.104288 0.129271 0.11826 0.113939 0.125762 0.127932 0.107307 0.0666324 0.0273636 0.00698155 0.00108635 0.000103947 6.29487e-06 2.52459e-07 7.01804e-09 1.37796e-10 1.88177e-12 1.73658e-14
 1.99396e-08 8.84234e-07 2.3121e-05 0.000356486 0.00324131 0.0173883 0.0551766 0.104877 0.126666 0.1203 0.125089 0.136846 0.128592 0.0980829 0.0559951 0.021412 0.00512738 0.000753279 6.85132e-05 3.97537e-06 1.53542e-07 4.08896e-09 7.5575e-11 9.51338e-13 7.97761e-15
 3.34302e-08 1.40486e-06 3.48111e-05 0.000508626 0.00438245 0.022278 0.0669721 0.120452 0.1369 0.120589 0.116726 0.12471 0.119156 0.092089 0.0515288 0.0188012 0.00423807 0.000581779 4.91114e-05 2.62327e-06 9.25588e-08 2.24836e-09 3.81911e-11 4.46895e-13 3.51126e-15
 4.56269e-08 1.81627e-06 4.26315e-05 0.000590043 0.00481622 0.0232019 0.0662157 0.114008 0.128512 0.122705 0.131391 0.138529 0.121655 0.0854767 0.0441005 0.0150666 0.00322315 0.000427027 3.56669e-05 1.94541e-06 7.18219e-08 1.82001e-09 3.1218e-11 3.53852e-13 2.60791e-15
 6.69909e-08 2.52522e-06 5.61272e-05 0.00073562 0.00568606 0.0259426 0.0701537 0.114718 0.123999 0.116415 0.125555 0.136131 0.1255 0.0907192 0.0460295 0.0149681 0.00299352 0.000365919 2.77968e-05 1.35937e-06 4.48058e-08 1.03051e-09 1.65825e-11 1.82366e-13 1.33305e-15
 1.08415e-07 3.86897e-06 8.14127e-05 0.00101018 0.00739249 0.0319356 0.0818114 0.127018 0.13145 0.120064 0.125691 0.130225 0.113953 0.077917 0.0373805 0.0115524 0.00222348 0.000267568 2.06883e-05 1.06575e-06 3.74643e-08 8.95655e-10 1.42521e-11 1.48024e-13 9.94918e-16
 1.68727e-07 5.69966e-06 0.000113529 0.00133344 0.0092374 0.0377832 0.0917267 0.135509 0.135475 0.122842 0.126865 0.126167 0.104686 0.0674184 0.030318 0.00875786 0.00157207 0.000176063 1.2662e-05 6.09804e-07 2.03405e-08 4.72063e-10 7.46346e-12 7.82826e-14 5.3371e-16
 2.45245e-07 7.84143e-06 0.000147837 0.00164358 0.0107781 0.041747 0.0961428 0.1358 0.133554 0.124671 0.130656 0.126803 0.101167 0.0620218 0.0263411 0.00716599 0.00121321 0.000128726 8.8215e-06 4.06158e-07 1.29079e-08 2.8291e-10 4.19176e-12 4.11352e-14 2.63742e-16
 3.29088e-07 9.95952e-06 0.00017773 0.00187032 0.011611 0.0426043 0.0932407 0.126898 0.125984 0.126013 0.137672 0.133778 0.105278 0.0623582 0.025056 0.0063557 0.000990832 9.52832e-05 5.79715e-06 2.32529e-07 6.41245e-09 1.23936e-10 1.65953e-12 1.50015e-14 8.94233e-17
 4.93942e-07 1.415e-05 0.00023902 0.00238094 0.0139922 0.0486123 0.100833 0.130603 0.125069 0.123074 0.133591 0.130391 0.102711 0.0593909 0.022771 0.00545091 0.000799206 7.22772e-05 4.13608e-06 1.55488e-07 3.97364e-09 6.98702e-11 8.34981e-13 6.64746e-15 3.47506e-17
 7.25586e-07 1.96772e-05 0.000314657 0.0029673 0.0165108 0.0543468 0.10711 0.133414 0.12716 0.127606 0.136083 0.126439 0.0938456 0.0509901 0.0183923 0.00416185 0.000582199 5.10012e-05 2.88363e-06 1.08927e-07 2.80291e-09 4.88396e-11 5.6453e-13 4.24994e-15 2.06289e-17
 9.91485e-07 2.5457e-05 0.000385418 0.00344133 0.0181343 0.0565872 0.106215 0.128383 0.124737 0.131205 0.140993 0.128755 0.0926871 0.0480805 0.0163812 0.00348791 0.000459471 3.80574e-05 2.04832e-06 7.42521e-08 1.84717e-09 3.12969e-11 3.53349e-13 2.60514e-15 1.23708e-17
 1.268e-06 3.08279e-05 0.000441956 0.00373696 0.018655 0.055238 0.0991207 0.1179 0.120357 0.135699 0.149232 0.1364 0.0964433 0.0479383 0.0153661 0.00304146 0.000368245 2.76227e-05 1.32265e-06 4.20827e-08 9.19921e-10 1.39279e-11 1.43663e-13 9.85611e-16 4.4091e-18
#spawning biomass
 41559.9 41435.5 61607.7 81076.4 127593 194871 279724 441295 554396 533722 625333 657530 941344 1.04142e+06 1.1172e+06 1.01961e+06 1.2736e+06 1.15963e+06 896024 1.14707e+06 1.20727e+06 1.11046e+06 1.09599e+06 1.16315e+06 1.40048e+06 1.8282e+06 1.4695e+06 1.29312e+06 1.27282e+06 4187.69 4187.69 4187.69 4187.69 4187.69 4187.69 4187.69 4187.69 4187.69 4187.69 4187.69 4187.69 4187.69 4187.69 4187.69 4187.69 4187.69 4187.69 4187.69 4187.69 4187.69 4187.69 4187.69 4187.69 4187.69 4187.69 4187.69 4187.69 4187.69 4187.69 4187.69 4187.69 4187.69 4187.69 4187.69 4187.69 4187.69 4187.69 4187.69 4187.69 4187.69 4187.69 4187.69 4187.69 4187.69 4187.69 4187.69 4187.69 4187.69 4187.69 4187.69 4187.69 4187.69 4187.69 4187.69 4187.69 4187.69 4187.69 4187.69 4187.69 4187.69 4187.69 4187.69 4187.69 4187.69 4187.69 4187.69 4187.69 4187.69 4187.69 4187.69 4187.69 4187.69 4187.69 4187.69 4187.69 4187.69 4187.69 4187.69 4187.69 4187.69 4187.69 4187.69 4187.69 4187.69 4187.69 4187.69 4187.69 4187.69 4187.69 4187.69 4187.69 4187.69 4187.69 4187.69 4187.69 4187.69 4187.69 4187.69 0 0 0 0 0 0 0 0 0 0 0 0 0 0 0 0 0 0 0 0 0 0 0 0 0
