SBPRF35
0.819782
Curr Bio
135472
B35
704032
F35
0.20475
FOFL
0.0916249
OFL
25179.4
Bzero
234224
#pred survey bio
 9887.74 6924.79 8326.01 11408.1 14906.5 18004.5 17946 23050.4 35654.3 52017.3 60483.7 77678.8 98363.6 126980 127812 105080 99640.3 102878 94693.1 93551.9 92336.8 103580 117324 117793 123149 133251 126850 113474 142407 1.19527e+07 1.00149e+07 1.03921e+07 9.68659e+06 8.47025e+06 7.14732e+06 5.93704e+06 4.92725e+06 4.13058e+06 3.52429e+06 3.07365e+06 2.74374e+06 2.50437e+06 2.33093e+06 2.204e+06 2.11111e+06 2.04499e+06 1.99747e+06 1.96295e+06 1.93761e+06 1.91881e+06 1.90471e+06 1.89403e+06 1.88586e+06 1.87956e+06 1.87465e+06 1.8708e+06 1.86776e+06 1.86534e+06 1.86342e+06 1.86188e+06 1.86063e+06 1.85963e+06 1.85882e+06 1.85817e+06 1.85763e+06 1.8572e+06 1.85685e+06 1.85656e+06 1.85632e+06 1.85613e+06 1.85598e+06 1.85585e+06 1.85574e+06 1.85566e+06 1.85559e+06 1.85553e+06 1.85548e+06 1.85545e+06 1.85541e+06 1.85539e+06 1.85537e+06 1.85535e+06 1.85534e+06 1.85533e+06 1.85532e+06 1.85531e+06 1.8553e+06 1.8553e+06 1.85529e+06 1.85529e+06 1.85529e+06 1.85528e+06 1.85528e+06 1.85528e+06 1.85528e+06 1.85528e+06 1.85528e+06 1.85528e+06 1.85528e+06 1.85528e+06 1.85528e+06 1.85528e+06 1.85527e+06 1.85527e+06 1.85527e+06 1.85527e+06 1.85527e+06 1.85527e+06 1.85527e+06 1.85527e+06 1.85527e+06 1.85527e+06 1.85527e+06 1.85527e+06 1.85527e+06 1.85527e+06 1.85527e+06 1.85527e+06 1.85527e+06 1.85527e+06 1.85527e+06 1.85527e+06 1.85527e+06 1.85527e+06 1.85527e+06 1.85527e+06 1.85527e+06 1.85527e+06 1.85527e+06 0 0 0 0 0 0 0 0 0 0 0 0 0 0 0 0 0 0 0 0 0 0 0 0 0
#obs survey bio
 9308.51 10486.6 11483.4 11277.1 17719.7 20975.1 18294.8 32753.1 47143.2 58174.8 55650.7 100209 78845.8 104113 142854 113789 134823 76665.9 110131 64418.2 104818 117041 177850 153306 116999 133863 122658 158371 113943
#pred catch bio
 7634.68 4933.14 5832.04 8263.75 10382.1 13609.2 13354.1 16319.1 24741.8 40494 46406.3 61251.2 75421.9 101150 106793 86667.7 80825.8 87719.8 80390.3 81383.4 77467.8 85826.1 101759 102181 106139 118990 115223 93480.2 15481.2 25179.4 79721.1 82134.7 75789.7 65419.8 54350.3 44363.8 36148.9 29772.4 25013.4 21558.8 19100.9 17377.9 16180.9 15350.4 14779.6 14398.8 14144.7 13975.2 13862.1 13786.7 13736.4 13702.8 13680.4 13665.5 13655.5 13648.8 13644.4 13641.4 13639.5 13638.1 13637.3 13636.7 13636.3 13636 13635.9 13635.7 13635.7 13635.6 13635.6 13635.5 13635.5 13635.5 13635.5 13635.5 13635.5 13635.5 13635.5 13635.5 13635.5 13635.5 13635.5 13635.5 13635.5 13635.5 13635.5 13635.5 13635.5 13635.5 13635.5 13635.5 13635.5 13635.5 13635.5 13635.5 13635.5 13635.5 13635.5 13635.5 13635.5 13635.5 13635.5 13635.5 13635.5 13635.5 13635.5 13635.5 13635.5 13635.5 13635.5 13635.5 13635.5 13635.5 13635.5 13635.5 13635.5 13635.5 13635.5 13635.5 13635.5 13635.5 13635.5 13635.5 13635.5 13635.5 13635.5 13635.5 13635.5 13635.5 13635.5 0 0 0 0 0 0 0 0 0 0 0 0 0 0 0 0 0 0 0 0 0 0 0 0 0
#obs catch bio
 4678.56 4859.61 5579.46 7975.34 10028.9 13355.6 13072 15494.7 23455.8 38867.6 45169.4 58621.6 74092.4 100028 104249 86823.1 78761.9 86048.9 78879.8 81386.7 75712.1 83101 97011.8 97231.1 102739 116770 113191 89812.9 15152.4
#pred cpue bio
 9054.98 5997.03 7059.33 9618.6 12598.6 15718.7 15407.9 19091 29624 43999.4 50758.4 64596.4 81577.7 106388 110458 89906.7 84008.5 87030.3 79528.3 78084.9 76313.7 85836.8 97487.2 97560.8 101406 109873 104892 93664.9 116546 1.10476e+07 9.98143e+06 1.03587e+07 9.65316e+06 8.43683e+06 7.11389e+06 5.90361e+06 4.89383e+06 4.09716e+06 3.49086e+06 3.04022e+06 2.71032e+06 2.47094e+06 2.29751e+06 2.17057e+06 2.07769e+06 2.01157e+06 1.96404e+06 1.92952e+06 1.90418e+06 1.88539e+06 1.87129e+06 1.86061e+06 1.85244e+06 1.84613e+06 1.84122e+06 1.83737e+06 1.83433e+06 1.83192e+06 1.83e+06 1.82845e+06 1.82721e+06 1.82621e+06 1.8254e+06 1.82474e+06 1.82421e+06 1.82378e+06 1.82342e+06 1.82314e+06 1.8229e+06 1.82271e+06 1.82255e+06 1.82242e+06 1.82232e+06 1.82223e+06 1.82216e+06 1.82211e+06 1.82206e+06 1.82202e+06 1.82199e+06 1.82197e+06 1.82194e+06 1.82193e+06 1.82191e+06 1.8219e+06 1.82189e+06 1.82188e+06 1.82188e+06 1.82187e+06 1.82187e+06 1.82187e+06 1.82186e+06 1.82186e+06 1.82186e+06 1.82186e+06 1.82186e+06 1.82185e+06 1.82185e+06 1.82185e+06 1.82185e+06 1.82185e+06 1.82185e+06 1.82185e+06 1.82185e+06 1.82185e+06 1.82185e+06 1.82185e+06 1.82185e+06 1.82185e+06 1.82185e+06 1.82185e+06 1.82185e+06 1.82185e+06 1.82185e+06 1.82185e+06 1.82185e+06 1.82185e+06 1.82185e+06 1.82185e+06 1.82185e+06 1.82185e+06 1.82185e+06 1.82185e+06 1.82185e+06 1.82185e+06 1.82185e+06 1.82185e+06 1.82185e+06 1.82185e+06 1.82185e+06 0 0 0 0 0 0 0 0 0 0 0 0 0 0 0 0 0 0 0 0 0 0 0 0 0
#obs cpue bio
 6448.52 5871.24 12456.6 15372.8 17274.6 15857.5 24861 35614.6 51824.2 61284.3 82425.1 105655 111814 145113 159263 73604.7 104041 152474 90648.2 107239 105044 131798 148507 162199 159990 140673 148461 172397 147216
#pred surv len freq
 2.56485e-27 2.5929e-27 3.72558e-26 7.31954e-20 1.7943e-14 5.31682e-10 1.9044e-06 0.000824531 0.043153 0.272998 0.209052 0.0374489 0.138174 0.127735 0.0328745 0.0432782 0.0201774 0.017715 0.0120467 0.00998945 0.00845258 0.00780003 0.00829569 0.00762623 0.00235783
 2.56779e-27 2.60048e-27 4.34011e-26 8.61571e-20 2.11204e-14 6.25834e-10 2.24163e-06 0.000970541 0.0507946 0.321341 0.246017 0.0406853 0.136835 0.126032 0.0244753 0.0242422 0.00963993 0.00639648 0.00354783 0.00246903 0.00181377 0.00148785 0.00144049 0.00134988 0.000460348
 2.56864e-27 2.60275e-27 4.53201e-26 9.02049e-20 2.21126e-14 6.55237e-10 2.34695e-06 0.00101614 0.0531811 0.336438 0.257549 0.0409591 0.130817 0.120447 0.0230032 0.0221995 0.00761444 0.0033422 0.0014274 0.000742794 0.000425064 0.000290372 0.00024435 0.000221538 7.89823e-05
 2.56886e-27 2.60332e-27 4.57912e-26 9.11987e-20 2.23563e-14 6.62456e-10 2.37281e-06 0.00102733 0.053767 0.340145 0.260382 0.0410965 0.129873 0.119538 0.0221672 0.0205133 0.00697396 0.00292243 0.000973381 0.000333197 0.000130098 6.45552e-05 4.3254e-05 3.55826e-05 1.27555e-05
 2.56868e-27 2.60282e-27 4.53231e-26 9.0211e-20 2.21141e-14 6.55281e-10 2.34711e-06 0.00101621 0.0531847 0.336461 0.257574 0.0414209 0.134314 0.123602 0.0222711 0.0197191 0.00660554 0.00262271 0.000853666 0.000255076 6.31871e-05 1.89869e-05 8.48858e-06 5.71073e-06 1.97813e-06
 2.56664e-27 2.5973e-27 4.04807e-26 7.99958e-20 1.961e-14 5.81079e-10 2.08133e-06 0.000901136 0.0471622 0.298361 0.2285 0.0425613 0.16342 0.15053 0.028298 0.0266928 0.00882918 0.00331444 0.00104716 0.000297558 6.59463e-05 1.24972e-05 2.89153e-06 1.28849e-06 4.0556e-07
 2.56781e-27 2.60054e-27 4.34024e-26 8.61596e-20 2.1121e-14 6.25852e-10 2.2417e-06 0.00097057 0.0507961 0.32135 0.246033 0.0412173 0.140874 0.129826 0.0264577 0.0277226 0.00936923 0.00380258 0.0011812 0.000318172 6.6863e-05 1.10729e-05 1.44364e-06 2.96253e-07 7.34439e-08
 2.56984e-27 2.60598e-27 4.81475e-26 9.61696e-20 2.35748e-14 6.98564e-10 2.50214e-06 0.00108333 0.0566976 0.358684 0.274527 0.040365 0.114368 0.105234 0.0196987 0.0184929 0.00649211 0.00302542 0.000983914 0.00027962 5.63882e-05 8.74331e-06 9.24248e-07 8.26385e-08 1.13108e-08
 2.5696e-27 2.60526e-27 4.74538e-26 9.47059e-20 2.3216e-14 6.87932e-10 2.46406e-06 0.00106684 0.0558347 0.353226 0.27037 0.0410634 0.122603 0.112734 0.0192337 0.0155199 0.00521461 0.00211381 0.000727131 0.000232826 5.00453e-05 7.6915e-06 7.46235e-07 4.45822e-08 2.425e-09
 2.56861e-27 2.6026e-27 4.51137e-26 8.97692e-20 2.20058e-14 6.52073e-10 2.33561e-06 0.00101123 0.0529242 0.334813 0.256319 0.0416066 0.136609 0.125704 0.0223664 0.0193903 0.00624616 0.00209683 0.000660668 0.000194572 4.6492e-05 7.81081e-06 7.62329e-07 3.97895e-08 1.13159e-09
 2.56905e-27 2.60381e-27 4.61756e-26 9.20094e-20 2.2555e-14 6.68345e-10 2.3939e-06 0.00103647 0.0542449 0.343168 0.262694 0.0413418 0.130114 0.119696 0.0210268 0.017853 0.00586105 0.00213751 0.000628648 0.000155136 3.31741e-05 5.83161e-06 6.29543e-07 3.29438e-08 7.42431e-10
 2.56954e-27 2.60511e-27 4.73243e-26 9.44327e-20 2.3149e-14 6.85948e-10 2.45695e-06 0.00106377 0.0556736 0.352207 0.269592 0.0410844 0.12331 0.113399 0.0195963 0.0161704 0.00527493 0.00187846 0.000569913 0.000146439 2.70294e-05 4.09839e-06 4.47306e-07 2.55753e-08 5.65716e-10
 2.56965e-27 2.60539e-27 4.75398e-26 9.48871e-20 2.32604e-14 6.89248e-10 2.46877e-06 0.00106888 0.0559415 0.353901 0.270889 0.041249 0.123651 0.113664 0.0187367 0.0141375 0.00456999 0.0015718 0.000470417 0.0001199 2.30605e-05 3.20132e-06 2.97442e-07 1.69381e-08 4.00651e-10
 2.56911e-27 2.60391e-27 4.62369e-26 9.21386e-20 2.25867e-14 6.69283e-10 2.39726e-06 0.00103792 0.0543211 0.34365 0.263066 0.041591 0.13175 0.121152 0.0203397 0.0159038 0.00503549 0.0015583 0.000454698 0.000112272 2.12854e-05 3.01113e-06 2.61709e-07 1.28864e-08 3.01453e-10
 2.56724e-27 2.59885e-27 4.17515e-26 8.26762e-20 2.02671e-14 6.0055e-10 2.15107e-06 0.00093133 0.0487425 0.308358 0.23614 0.0429468 0.160985 0.148124 0.0249898 0.0197261 0.00629814 0.00202804 0.000571906 0.000128872 2.352e-05 3.25351e-06 2.8359e-07 1.3049e-08 2.70219e-10
 2.56792e-27 2.60075e-27 4.34838e-26 8.63309e-20 2.1163e-14 6.27097e-10 2.24616e-06 0.000972499 0.0508971 0.321989 0.246533 0.0420129 0.146576 0.134923 0.024384 0.0216716 0.006948 0.00226376 0.000648547 0.000149106 2.53147e-05 3.27404e-06 2.77217e-07 1.26215e-08 2.43433e-10
 2.56879e-27 2.60308e-27 4.55257e-26 9.06383e-20 2.22189e-14 6.58386e-10 2.35823e-06 0.00102102 0.0534366 0.338055 0.258794 0.0415772 0.134647 0.123867 0.0215566 0.0180142 0.0059557 0.00223845 0.000653515 0.000152448 2.64377e-05 3.28689e-06 2.57087e-07 1.12826e-08 2.12823e-10
 2.56857e-27 2.60246e-27 4.49568e-26 8.94382e-20 2.19247e-14 6.49668e-10 2.327e-06 0.0010075 0.0527291 0.333579 0.255381 0.0419389 0.139796 0.128579 0.0216649 0.0170664 0.00553891 0.00193613 0.000593784 0.000155726 2.76823e-05 3.50591e-06 2.67006e-07 1.08683e-08 1.96418e-10
 2.56896e-27 2.6035e-27 4.58629e-26 9.13495e-20 2.23932e-14 6.63551e-10 2.37673e-06 0.00102903 0.0538559 0.340707 0.260823 0.0418175 0.13505 0.124169 0.0203484 0.0151664 0.00484542 0.00157688 0.000465604 0.000117396 2.29837e-05 3.11656e-06 2.42077e-07 9.61509e-09 1.62442e-10
 2.56929e-27 2.60439e-27 4.66398e-26 9.29884e-20 2.2795e-14 6.75456e-10 2.41937e-06 0.00104749 0.0548221 0.34682 0.265487 0.0416492 0.130492 0.119951 0.019397 0.0140534 0.00443184 0.00135107 0.000385439 9.07266e-05 1.69176e-05 2.40727e-06 2.03947e-07 8.31433e-09 1.37107e-10
 2.56979e-27 2.60573e-27 4.78086e-26 9.54542e-20 2.33994e-14 6.93367e-10 2.48353e-06 0.00107527 0.0562758 0.356016 0.272507 0.0414469 0.12402 0.113947 0.0177471 0.0117982 0.00369245 0.00108881 0.000302338 6.68123e-05 1.16888e-05 1.56605e-06 1.36057e-07 6.01524e-09 1.02261e-10
 2.56965e-27 2.60535e-27 4.74748e-26 9.47499e-20 2.32268e-14 6.88251e-10 2.4652e-06 0.00106734 0.0558606 0.35339 0.270502 0.0415314 0.126072 0.115847 0.0182024 0.0123548 0.00380527 0.00101888 0.000276276 5.8926e-05 9.7656e-06 1.21627e-06 9.9016e-08 4.44956e-09 8.10625e-11
 2.56952e-27 2.605e-27 4.71737e-26 9.41148e-20 2.30711e-14 6.83638e-10 2.44868e-06 0.00106018 0.0554862 0.351021 0.268694 0.0415518 0.127498 0.117178 0.0187253 0.0132138 0.0040885 0.00111871 0.000295099 5.78209e-05 9.21697e-06 1.08748e-06 8.17817e-08 3.44761e-09 6.35615e-11
 2.56968e-27 2.60541e-27 4.75167e-26 9.48384e-20 2.32485e-14 6.88894e-10 2.4675e-06 0.00106833 0.0559128 0.353719 0.270755 0.0415797 0.126262 0.116006 0.0179409 0.0117208 0.00364777 0.00104264 0.000278523 5.50608e-05 8.24881e-06 9.09418e-07 6.44352e-08 2.50506e-09 4.35095e-11
 2.56997e-27 2.6062e-27 4.82203e-26 9.63225e-20 2.36123e-14 6.99675e-10 2.50612e-06 0.00108505 0.0567878 0.359255 0.274978 0.0413768 0.12175 0.111843 0.0172143 0.0111078 0.00340726 0.000894681 0.000239541 4.92214e-05 7.48037e-06 7.96052e-07 5.21511e-08 1.89125e-09 3.0332e-11
 2.56989e-27 2.606e-27 4.80313e-26 9.59239e-20 2.35146e-14 6.96779e-10 2.49575e-06 0.00108056 0.0565528 0.357768 0.273845 0.0414782 0.123318 0.11328 0.0172865 0.0109102 0.00333814 0.000863894 0.000224813 4.3182e-05 6.68315e-06 7.30221e-07 4.66986e-08 1.56978e-09 2.33153e-11
 2.56973e-27 2.60554e-27 4.76156e-26 9.50468e-20 2.32996e-14 6.90408e-10 2.47293e-06 0.00107068 0.0560357 0.354497 0.271351 0.0417301 0.126988 0.116637 0.0173478 0.0102037 0.00310561 0.000784565 0.000202617 3.81272e-05 5.58923e-06 5.97447e-07 3.91908e-08 1.29302e-09 1.78953e-11
 2.56982e-27 2.60578e-27 4.78174e-26 9.54726e-20 2.3404e-14 6.93501e-10 2.48401e-06 0.00107548 0.0562867 0.356085 0.272563 0.0416947 0.125867 0.115598 0.0170852 0.0098642 0.00296845 0.000695514 0.000176308 3.24526e-05 4.67824e-06 4.78688e-07 3.0269e-08 1.01192e-09 1.37774e-11
 2.57029e-27 2.6071e-27 4.90323e-26 9.80357e-20 2.40323e-14 7.12119e-10 2.55069e-06 0.00110435 0.0577978 0.365645 0.279851 0.0409639 0.115185 0.105828 0.0169397 0.0119917 0.00361484 0.000829993 0.000205406 3.5362e-05 4.96144e-06 4.96152e-07 3.01562e-08 9.70549e-10 1.32314e-11
#obs surv len freq
 1.64619e-41 2.28481e-33 3.83324e-26 7.77373e-20 1.90564e-14 5.64676e-10 2.02258e-06 0.000875706 0.045831 0.28994 0.222137 0.0442858 0.164003 0.139363 0.042873 0.0346633 0.0112575 0.00383189 0.000824379 0.000106621 6.02668e-06 1.07691e-07 4.52175e-10 3.58004e-13 4.62155e-17
 1.8983e-41 2.63472e-33 4.42029e-26 8.96426e-20 2.19748e-14 6.51154e-10 2.33233e-06 0.00100982 0.0528498 0.334343 0.256055 0.0440663 0.132893 0.106934 0.0341912 0.026155 0.00827078 0.00264436 0.000522974 5.93531e-05 2.78772e-06 3.90262e-08 1.22596e-10 7.06213e-14 6.53498e-18
 1.9357e-41 2.68663e-33 4.50738e-26 9.14087e-20 2.24078e-14 6.63983e-10 2.37828e-06 0.00102971 0.0538911 0.340931 0.261166 0.0470297 0.140125 0.1054 0.0265105 0.0168515 0.00519366 0.00155731 0.000282524 2.78876e-05 1.07826e-06 1.17884e-08 2.77519e-11 1.16528e-14 7.73232e-19
 1.96526e-41 2.72765e-33 4.5762e-26 9.28043e-20 2.27499e-14 6.74121e-10 2.41459e-06 0.00104543 0.0547139 0.346136 0.265207 0.0487774 0.139162 0.0986268 0.0261792 0.0154221 0.00365982 0.00090479 0.000149491 1.27732e-05 4.03234e-07 3.42188e-09 6.03139e-12 1.85075e-15 8.83427e-20
 1.76708e-41 2.45259e-33 4.11473e-26 8.34459e-20 2.04558e-14 6.06142e-10 2.1711e-06 0.000940013 0.0491965 0.311233 0.238746 0.0548695 0.175608 0.116821 0.03094 0.0168495 0.00389206 0.000797044 9.84048e-05 6.9537e-06 1.7804e-07 1.16685e-09 1.53527e-12 3.44282e-16 1.18486e-20
 1.45792e-41 2.02349e-33 3.39483e-26 6.88464e-20 1.68769e-14 5.00093e-10 1.79125e-06 0.00077555 0.0405892 0.256782 0.197441 0.06252 0.22066 0.139824 0.0483289 0.0262051 0.00569853 0.00106137 0.000107783 5.48996e-06 1.06147e-07 5.31334e-10 5.2063e-13 8.52302e-17 2.11522e-21
 2.08578e-41 2.89493e-33 4.85684e-26 9.84958e-20 2.41451e-14 7.15463e-10 2.56267e-06 0.00110955 0.0580694 0.367365 0.281564 0.0503388 0.1128 0.0693681 0.0344764 0.0190478 0.00488845 0.000888144 7.84489e-05 3.09772e-06 4.18239e-08 1.48621e-10 1.06177e-13 1.26469e-17 2.26286e-22
 1.98833e-41 2.75967e-33 4.62992e-26 9.38938e-20 2.30169e-14 6.82034e-10 2.44294e-06 0.00105771 0.0553562 0.350202 0.268802 0.0601508 0.151441 0.0815485 0.0190842 0.00881779 0.00290513 0.000578921 5.14509e-05 1.69431e-06 1.68956e-08 4.11022e-11 2.00888e-14 1.68032e-18 2.14158e-23
 2.01393e-41 2.7952e-33 4.68952e-26 9.51025e-20 2.33133e-14 6.90815e-10 2.47439e-06 0.00107132 0.0560688 0.354711 0.272376 0.0618784 0.145535 0.0747413 0.0229712 0.0087904 0.00153239 0.000292484 2.86862e-05 8.9717e-07 7.25034e-09 1.27783e-11 4.27003e-15 2.40759e-19 2.09417e-24
 1.72681e-41 2.3967e-33 4.02096e-26 8.15443e-20 1.99896e-14 5.9233e-10 2.12163e-06 0.000918592 0.0480754 0.304146 0.2344 0.0762436 0.199353 0.0954646 0.0287483 0.0104641 0.0019333 0.000234527 1.71251e-05 5.23837e-07 3.80286e-09 5.34026e-12 1.30276e-15 5.10022e-20 3.01122e-25
 2.01889e-41 2.80209e-33 4.70109e-26 9.53372e-20 2.33708e-14 6.92519e-10 2.48049e-06 0.00107397 0.0562072 0.355588 0.273421 0.0666982 0.139489 0.066352 0.0290859 0.0101159 0.00175635 0.000198388 1.02475e-05 2.16511e-07 1.33365e-09 1.5937e-12 3.08536e-16 9.00629e-21 3.79612e-26
 1.8476e-41 2.56435e-33 4.30223e-26 8.72483e-20 2.13879e-14 6.33762e-10 2.27003e-06 0.000982846 0.0514383 0.325424 0.251164 0.0817043 0.180447 0.0756424 0.0232999 0.00800123 0.0017068 0.000179775 7.93144e-06 1.1897e-07 4.91146e-10 4.43183e-13 6.85801e-17 1.57642e-21 5.05386e-27
 1.92408e-41 2.6705e-33 4.48032e-26 9.086e-20 2.22733e-14 6.59997e-10 2.364e-06 0.00102353 0.0535676 0.338896 0.261605 0.0809441 0.160772 0.0671854 0.0269587 0.00764044 0.00125954 0.000138971 5.8644e-06 7.09476e-08 2.07525e-10 1.2444e-13 1.33671e-17 2.27046e-22 5.53545e-28
 1.60997e-41 2.23453e-33 3.74889e-26 7.60266e-20 1.8637e-14 5.52249e-10 1.97807e-06 0.000856435 0.0448224 0.283582 0.22084 0.104748 0.218313 0.0846366 0.0314661 0.00905073 0.00154554 0.000132417 4.96081e-06 5.39847e-08 1.25191e-10 5.38863e-14 3.91609e-18 4.45677e-23 7.47916e-29
 1.48299e-41 2.05829e-33 3.45321e-26 7.00304e-20 1.71671e-14 5.08693e-10 1.82206e-06 0.000788888 0.0412873 0.261225 0.204636 0.113062 0.22373 0.0940016 0.0469052 0.0122527 0.00194555 0.000159238 4.7996e-06 4.18931e-08 8.07477e-11 2.74146e-14 1.46808e-18 1.1716e-23 1.3393e-29
 1.71697e-41 2.38304e-33 3.99804e-26 8.10795e-20 1.98757e-14 5.88953e-10 2.10953e-06 0.000913355 0.0478014 0.302437 0.235901 0.103127 0.17714 0.0764252 0.0415421 0.0124098 0.00214145 0.000155604 4.08162e-06 2.82286e-08 4.13284e-11 1.08755e-14 4.51004e-19 2.71047e-24 2.25657e-30
 1.67693e-41 2.32747e-33 3.90482e-26 7.91889e-20 1.94122e-14 5.7522e-10 2.06034e-06 0.000892058 0.0466868 0.2954 0.231992 0.118854 0.192572 0.0709427 0.031166 0.00955052 0.00180347 0.000136315 3.13142e-06 1.76094e-08 1.99182e-11 3.88967e-15 1.19127e-19 5.33921e-25 3.32399e-31
 1.69937e-41 2.35862e-33 3.95707e-26 8.02486e-20 1.9672e-14 5.82917e-10 2.08791e-06 0.000903995 0.0473115 0.299364 0.235953 0.12372 0.184358 0.0695234 0.030202 0.00732643 0.00123713 9.481e-05 2.0834e-06 9.95366e-09 8.84383e-12 1.30811e-15 2.95683e-20 9.62368e-26 4.33465e-32
 1.65988e-41 2.3038e-33 3.8651e-26 7.83835e-20 1.92148e-14 5.69369e-10 2.03939e-06 0.000882985 0.046212 0.29243 0.232287 0.135381 0.187975 0.0687244 0.0284845 0.00663765 0.00092361 5.86596e-05 1.17131e-06 4.9564e-09 3.63439e-12 4.17855e-16 7.09067e-21 1.7001e-26 5.56953e-33
 1.75404e-41 2.43449e-33 4.08436e-26 8.28299e-20 2.03048e-14 6.01668e-10 2.15508e-06 0.000933073 0.0488335 0.309029 0.245633 0.133647 0.167748 0.0626605 0.0253233 0.00547388 0.000681477 3.47712e-05 5.45001e-07 1.90506e-09 1.15909e-12 1.07293e-16 1.41384e-21 2.55588e-27 6.18808e-34
 1.71176e-41 2.37581e-33 3.98591e-26 8.08334e-20 1.98154e-14 5.87165e-10 2.10313e-06 0.000910583 0.0476565 0.301619 0.242319 0.148092 0.172794 0.0596601 0.0218691 0.004549 0.000506829 2.15335e-05 2.5953e-07 6.80715e-10 3.18486e-13 2.30857e-17 2.37796e-22 3.31593e-28 6.0901e-35
 1.72956e-41 2.40052e-33 4.02736e-26 8.16741e-20 2.00215e-14 5.93272e-10 2.125e-06 0.000920054 0.0481522 0.30479 0.246412 0.152697 0.164245 0.0585314 0.0201996 0.00367511 0.000361808 1.29769e-05 1.22782e-07 2.39936e-10 8.18116e-14 4.34717e-18 3.33216e-23 3.49506e-29 4.84433e-36
 1.72696e-41 2.39691e-33 4.02132e-26 8.15515e-20 1.99914e-14 5.92382e-10 2.12181e-06 0.000918673 0.04808 0.304384 0.248468 0.161184 0.160001 0.0555687 0.0180464 0.00308332 0.000256826 7.5381e-06 5.65267e-08 8.36945e-11 2.09154e-14 7.99805e-19 4.38942e-24 3.30957e-30 3.32364e-37
 1.74604e-41 2.4234e-33 4.06575e-26 8.24525e-20 2.02123e-14 5.98926e-10 2.14526e-06 0.000928822 0.0486114 0.307803 0.253296 0.165869 0.151951 0.0528657 0.0159849 0.00250213 0.000182105 4.31615e-06 2.4998e-08 2.80517e-11 5.20315e-15 1.44875e-19 5.71114e-25 3.06828e-31 2.18804e-38
 1.68265e-41 2.3354e-33 3.91812e-26 7.94587e-20 1.94784e-14 5.7718e-10 2.06736e-06 0.000895097 0.0468466 0.296738 0.248951 0.181192 0.155328 0.0528968 0.0148774 0.00213725 0.000133986 2.59295e-06 1.15907e-08 9.70392e-12 1.32569e-15 2.69809e-20 7.71191e-26 2.98043e-32 1.51896e-39
 1.59772e-41 2.21752e-33 3.72035e-26 7.5448e-20 1.84952e-14 5.48046e-10 1.96301e-06 0.000849918 0.0444824 0.281913 0.242418 0.196504 0.160043 0.0567519 0.0149857 0.00194384 0.000104462 1.6395e-06 5.68244e-09 3.56689e-12 3.57208e-16 5.26956e-21 1.08678e-26 3.0233e-33 1.10643e-40
 1.59881e-41 2.21904e-33 3.7229e-26 7.54996e-20 1.85079e-14 5.48422e-10 1.96436e-06 0.000850499 0.0445133 0.282233 0.245968 0.199527 0.153558 0.056955 0.0145608 0.00175127 7.99861e-05 1.01068e-06 2.70803e-09 1.27731e-12 9.42905e-17 1.01147e-21 1.50302e-27 2.99651e-34 7.83841e-42
 1.63651e-41 2.27137e-33 3.8107e-26 7.72802e-20 1.89443e-14 5.61355e-10 2.01068e-06 0.000870556 0.0455636 0.289018 0.254229 0.199546 0.143388 0.0527856 0.0130491 0.00148769 5.90309e-05 6.00996e-07 1.23938e-09 4.38521e-13 2.38838e-17 1.86908e-22 2.01004e-28 2.88281e-35 5.40029e-43
 1.63661e-41 2.27151e-33 3.81092e-26 7.72848e-20 1.89455e-14 5.61388e-10 2.0108e-06 0.000870608 0.0455663 0.289035 0.254252 0.199932 0.144807 0.0520642 0.0121571 0.00126858 4.43688e-05 3.85676e-07 6.63684e-10 1.93049e-13 8.56263e-18 5.42388e-23 4.70202e-29 5.42073e-36 8.14564e-44
#pred catch len freq
 2.5645e-27 2.59199e-27 3.647e-26 7.15376e-20 1.75366e-14 5.1964e-10 1.86126e-06 0.000805857 0.0421756 0.266815 0.204331 0.0375048 0.141915 0.131204 0.0337672 0.0444534 0.0207253 0.0181961 0.0123739 0.0102607 0.00868212 0.00801185 0.00852097 0.00783334 0.00242186
 2.56723e-27 2.59899e-27 4.20873e-26 8.33856e-20 2.0441e-14 6.05703e-10 2.16952e-06 0.000939321 0.0491607 0.311004 0.238129 0.0409904 0.144699 0.133296 0.025886 0.0256395 0.0101956 0.00676516 0.00375232 0.00261134 0.00191832 0.00157361 0.00152351 0.00142769 0.000486881
 2.56808e-27 2.60123e-27 4.39731e-26 8.73635e-20 2.14161e-14 6.34597e-10 2.27302e-06 0.000984131 0.0515059 0.32584 0.249463 0.0413184 0.139232 0.128219 0.0244874 0.0236319 0.00810575 0.00355785 0.0015195 0.000790722 0.00045249 0.000309108 0.000260117 0.000235832 8.40786e-05
 2.5684e-27 2.60208e-27 4.46985e-26 8.88935e-20 2.17912e-14 6.45711e-10 2.31283e-06 0.00100137 0.0524079 0.331547 0.253821 0.0414021 0.136807 0.12594 0.0233544 0.0216119 0.00734746 0.00307894 0.00102551 0.000351042 0.000137065 6.80125e-05 4.55706e-05 3.74883e-05 1.34386e-05
 2.56811e-27 2.60125e-27 4.39429e-26 8.72994e-20 2.14004e-14 6.34132e-10 2.27136e-06 0.00098341 0.0514681 0.325602 0.249288 0.0418196 0.143169 0.131775 0.0237438 0.0210231 0.00704234 0.00279614 0.000910116 0.000271943 6.73655e-05 2.02424e-05 9.0499e-06 6.08836e-06 2.10894e-06
 2.56626e-27 2.59628e-27 3.95812e-26 7.80983e-20 1.91449e-14 5.67296e-10 2.03196e-06 0.000879761 0.0460435 0.291284 0.2231 0.0428122 0.169122 0.155796 0.0292878 0.0276265 0.00913802 0.00343037 0.00108379 0.000307966 6.8253e-05 1.29344e-05 2.99267e-06 1.33356e-06 4.19746e-07
 2.5674e-27 2.59944e-27 4.24348e-26 8.41182e-20 2.06206e-14 6.11024e-10 2.18859e-06 0.000947575 0.0495926 0.313737 0.240223 0.0414647 0.146838 0.135338 0.027581 0.0288995 0.009767 0.00396402 0.00123135 0.00033168 6.97017e-05 1.1543e-05 1.50493e-06 3.08831e-07 7.65619e-08
 2.56936e-27 2.60468e-27 4.70003e-26 9.37493e-20 2.29815e-14 6.80983e-10 2.43917e-06 0.00105607 0.0552707 0.349658 0.267639 0.0406812 0.121613 0.111923 0.0209509 0.0196686 0.00690482 0.00321774 0.00104646 0.000297395 5.99729e-05 9.29913e-06 9.83003e-07 8.78919e-08 1.20299e-08
 2.56905e-27 2.60379e-27 4.61507e-26 9.19568e-20 2.25421e-14 6.67963e-10 2.39253e-06 0.00103587 0.0542139 0.342972 0.262546 0.0414578 0.131101 0.120573 0.0205712 0.0165991 0.00557721 0.00226079 0.000777693 0.000249016 5.35252e-05 8.22634e-06 7.98126e-07 4.76823e-08 2.59363e-09
 2.56838e-27 2.60197e-27 4.45546e-26 8.85898e-20 2.17167e-14 6.43505e-10 2.30493e-06 0.000997946 0.0522289 0.330414 0.252963 0.0417714 0.140222 0.129038 0.0229596 0.0199046 0.00641181 0.00215244 0.000678189 0.000199732 4.7725e-05 8.01796e-06 7.82546e-07 4.08447e-08 1.1616e-09
 2.56878e-27 2.60307e-27 4.5523e-26 9.06327e-20 2.22175e-14 6.58344e-10 2.35808e-06 0.00102096 0.0534333 0.338034 0.258777 0.0415357 0.134343 0.123598 0.0217123 0.018435 0.00605212 0.0022072 0.000649142 0.000160193 3.42556e-05 6.02172e-06 6.50066e-07 3.40177e-08 7.66634e-10
 2.56937e-27 2.60465e-27 4.69087e-26 9.35559e-20 2.29341e-14 6.79578e-10 2.43414e-06 0.00105389 0.0551567 0.348936 0.267097 0.0412098 0.126017 0.115897 0.0200279 0.0165266 0.00539111 0.00191983 0.000582466 0.000149664 2.76248e-05 4.18866e-06 4.57158e-07 2.61386e-08 5.78177e-10
 2.56939e-27 2.60469e-27 4.69172e-26 9.35738e-20 2.29385e-14 6.79708e-10 2.4346e-06 0.00105409 0.0551672 0.349003 0.267151 0.0414445 0.127765 0.117457 0.019362 0.0146094 0.0047225 0.00162426 0.000486116 0.000123902 2.38301e-05 3.30816e-06 3.07368e-07 1.75034e-08 4.14021e-10
 2.56896e-27 2.60352e-27 4.58872e-26 9.14009e-20 2.24058e-14 6.63925e-10 2.37807e-06 0.00102961 0.0538862 0.340899 0.260967 0.0416996 0.134051 0.123275 0.0206961 0.0161824 0.00512372 0.0015856 0.000462665 0.00011424 2.16584e-05 3.06389e-06 2.66295e-07 1.31122e-08 3.06735e-10
 2.56727e-27 2.59893e-27 4.1827e-26 8.28355e-20 2.03061e-14 6.01707e-10 2.15521e-06 0.000933125 0.0488364 0.308953 0.236593 0.0429234 0.160489 0.147666 0.0249125 0.0196652 0.00627868 0.00202178 0.000570138 0.000128474 2.34473e-05 3.24346e-06 2.82713e-07 1.30087e-08 2.69384e-10
 2.5679e-27 2.60068e-27 4.34272e-26 8.62114e-20 2.11337e-14 6.26229e-10 2.24305e-06 0.000971154 0.0508267 0.321544 0.246193 0.0420294 0.146941 0.135259 0.0244448 0.0217257 0.00696533 0.00226941 0.000650164 0.000149478 2.53779e-05 3.2822e-06 2.77908e-07 1.26529e-08 2.4404e-10
 2.5687e-27 2.60285e-27 4.53236e-26 9.02121e-20 2.21144e-14 6.5529e-10 2.34714e-06 0.00101622 0.0531853 0.336465 0.257581 0.0416377 0.135959 0.125078 0.0217674 0.0181903 0.00601392 0.00226033 0.000659903 0.000153938 2.66961e-05 3.31902e-06 2.596e-07 1.13928e-08 2.14904e-10
 2.56868e-27 2.60276e-27 4.5223e-26 8.99997e-20 2.20623e-14 6.53747e-10 2.34161e-06 0.00101383 0.0530601 0.335673 0.256979 0.0418568 0.138049 0.126967 0.0213933 0.0168526 0.00546949 0.00191187 0.000586343 0.000153775 2.73354e-05 3.46197e-06 2.6366e-07 1.07321e-08 1.93956e-10
 2.56905e-27 2.60375e-27 4.60782e-26 9.18038e-20 2.25046e-14 6.66851e-10 2.38855e-06 0.00103415 0.0541237 0.342402 0.262115 0.0417495 0.133624 0.122854 0.0201329 0.0150058 0.00479409 0.00156018 0.000460672 0.000116153 2.27402e-05 3.08355e-06 2.39513e-07 9.51325e-09 1.60721e-10
 2.56947e-27 2.60489e-27 4.70789e-26 9.39148e-20 2.30221e-14 6.82185e-10 2.44347e-06 0.00105793 0.0553683 0.350275 0.268124 0.0415087 0.12757 0.117257 0.0189614 0.0137378 0.00433231 0.00132073 0.000376783 8.86892e-05 1.65376e-05 2.35321e-06 1.99367e-07 8.12762e-09 1.34028e-10
 2.56983e-27 2.60584e-27 4.79044e-26 9.56562e-20 2.3449e-14 6.94834e-10 2.48878e-06 0.00107755 0.0563949 0.35677 0.273081 0.0414154 0.123377 0.113354 0.0176546 0.0117368 0.00367322 0.00108314 0.000300763 6.64644e-05 1.1628e-05 1.5579e-06 1.35348e-07 5.98392e-09 1.01728e-10
 2.56965e-27 2.60534e-27 4.74651e-26 9.47295e-20 2.32218e-14 6.88103e-10 2.46467e-06 0.00106711 0.0558486 0.353314 0.270444 0.0415346 0.126137 0.115907 0.0182118 0.0123611 0.00380724 0.0010194 0.000276419 5.89564e-05 9.77064e-06 1.2169e-06 9.90671e-08 4.45186e-09 8.11043e-11
 2.56969e-27 2.60546e-27 4.75744e-26 9.496e-20 2.32783e-14 6.89778e-10 2.47067e-06 0.00106971 0.0559845 0.354173 0.271099 0.041422 0.12482 0.11471 0.0183308 0.0129354 0.00400237 0.00109514 0.000288882 5.66029e-05 9.02282e-06 1.06457e-06 8.00589e-08 3.37499e-09 6.22226e-11
 2.56984e-27 2.60585e-27 4.79124e-26 9.5673e-20 2.34531e-14 6.94957e-10 2.48922e-06 0.00107774 0.0564049 0.356833 0.27313 0.0414486 0.123595 0.113548 0.0175609 0.0114725 0.00357049 0.00102056 0.000272623 5.38945e-05 8.07408e-06 8.90154e-07 6.30703e-08 2.452e-09 4.25878e-11
 2.5701e-27 2.60657e-27 4.85459e-26 9.70094e-20 2.37807e-14 7.04664e-10 2.52399e-06 0.00109279 0.0571927 0.361817 0.276933 0.0412684 0.119552 0.109817 0.0169024 0.0109066 0.00334553 0.000878474 0.000235202 4.83298e-05 7.34487e-06 7.81632e-07 5.12065e-08 1.857e-09 2.97826e-11
 2.57016e-27 2.60673e-27 4.86856e-26 9.73043e-20 2.3853e-14 7.06806e-10 2.53166e-06 0.00109611 0.0573666 0.362917 0.277773 0.0412589 0.11889 0.109199 0.0166638 0.0105172 0.00321789 0.000832773 0.000216714 4.16264e-05 6.44239e-06 7.03915e-07 4.50163e-08 1.51323e-09 2.24754e-11
 2.57008e-27 2.60648e-27 4.84505e-26 9.68082e-20 2.37314e-14 7.03203e-10 2.51875e-06 0.00109052 0.0570741 0.361066 0.276363 0.0414453 0.121299 0.111395 0.0165682 0.00974518 0.00296605 0.000749307 0.000193512 3.64138e-05 5.33805e-06 5.70598e-07 3.74296e-08 1.23491e-09 1.70911e-11
 2.5698e-27 2.60571e-27 4.77598e-26 9.53511e-20 2.33742e-14 6.92618e-10 2.48084e-06 0.00107411 0.056215 0.355632 0.272217 0.0417145 0.12626 0.115961 0.0171388 0.00989513 0.00297776 0.000697695 0.000176861 3.25544e-05 4.69291e-06 4.80189e-07 3.03639e-08 1.01509e-09 1.38206e-11
 2.56814e-27 2.60124e-27 4.38331e-26 8.70675e-20 2.13435e-14 6.32447e-10 2.26532e-06 0.000980797 0.0513314 0.324736 0.248641 0.0426521 0.14996 0.137888 0.0220714 0.0156246 0.00470993 0.00108143 0.000267632 4.60746e-05 6.46448e-06 6.46458e-07 3.92918e-08 1.26457e-09 1.72398e-11
#obs catch len freq
 1.63641e-41 2.27124e-33 3.81047e-26 7.72755e-20 1.89432e-14 5.61321e-10 2.01056e-06 0.000870504 0.0455587 0.288218 0.220822 0.0443146 0.165038 0.140256 0.043254 0.0350669 0.0115723 0.00401565 0.000885897 0.000117921 6.92551e-06 1.29542e-07 5.68214e-10 4.66924e-13 6.22099e-17
 1.65204e-41 2.29293e-33 3.84686e-26 7.80136e-20 1.91241e-14 5.66682e-10 2.02976e-06 0.000878818 0.0459938 0.290971 0.222987 0.0463752 0.167746 0.135015 0.0427896 0.0326479 0.0104322 0.00338894 0.000688228 8.04417e-05 3.90381e-06 5.67009e-08 1.85133e-10 1.10535e-13 1.05492e-17
 1.9131e-41 2.65526e-33 4.45475e-26 9.03413e-20 2.21461e-14 6.5623e-10 2.35051e-06 0.00101769 0.0532618 0.33695 0.258103 0.0458106 0.134422 0.102214 0.0337239 0.0242064 0.00753364 0.00228608 0.000424133 4.31194e-05 1.72088e-06 1.94104e-08 4.71446e-11 2.04125e-14 1.39383e-18
 1.95388e-41 2.71185e-33 4.54969e-26 9.22668e-20 2.26181e-14 6.70216e-10 2.40061e-06 0.00103938 0.054397 0.344132 0.26368 0.0489289 0.140833 0.0996836 0.0256575 0.0154061 0.00467367 0.00132298 0.00022356 1.95855e-05 6.37119e-07 5.56665e-09 1.00769e-11 3.17022e-15 1.54958e-19
 1.98898e-41 2.76058e-33 4.63144e-26 9.39247e-20 2.30245e-14 6.82259e-10 2.44374e-06 0.00105806 0.0553744 0.350315 0.268476 0.0507105 0.138714 0.0923435 0.0251286 0.0138052 0.00319588 0.000752914 0.000115101 8.64416e-06 2.27354e-07 1.53028e-09 2.06359e-12 4.72979e-16 1.66022e-20
 1.79866e-41 2.49643e-33 4.18827e-26 8.49374e-20 2.08214e-14 6.16976e-10 2.20991e-06 0.000956814 0.0500758 0.316796 0.243108 0.0574424 0.174359 0.108744 0.029508 0.0149356 0.00335275 0.000641292 7.34959e-05 4.54967e-06 9.61468e-08 4.96205e-10 4.9715e-13 8.30315e-17 2.09773e-21
 1.49683e-41 2.0775e-33 3.48544e-26 7.0684e-20 1.73273e-14 5.13441e-10 1.83906e-06 0.00079625 0.0416726 0.263636 0.202846 0.0661011 0.219211 0.130471 0.0463943 0.0230798 0.0048675 0.000840634 7.77183e-05 3.45452e-06 5.50539e-08 2.15766e-10 1.60283e-13 1.94887e-17 3.54457e-22
 2.12106e-41 2.94389e-33 4.93898e-26 1.00162e-19 2.45534e-14 7.27562e-10 2.60601e-06 0.00112831 0.0590514 0.373578 0.286402 0.0520442 0.109932 0.0639064 0.0326199 0.0164999 0.00410004 0.000679262 5.4011e-05 1.83111e-06 2.02743e-08 5.63802e-11 3.04594e-14 2.68807e-18 3.51908e-23
 2.02753e-41 2.81408e-33 4.72121e-26 9.57452e-20 2.34708e-14 6.95483e-10 2.49111e-06 0.00107856 0.0564477 0.357108 0.274219 0.0623953 0.146847 0.0737193 0.0175754 0.00769161 0.00243969 0.000440377 3.45255e-05 9.60933e-07 7.76835e-09 1.47336e-11 5.44421e-15 3.37075e-19 3.13895e-24
 2.05615e-41 2.85381e-33 4.78785e-26 9.70967e-20 2.38021e-14 7.053e-10 2.52627e-06 0.00109379 0.0572445 0.362149 0.278214 0.0640333 0.140088 0.0673365 0.0210288 0.00731891 0.00124794 0.000222267 1.89137e-05 4.90773e-07 3.16878e-09 4.32255e-12 1.0896e-15 4.54712e-20 2.88906e-25
 1.7791e-41 2.46927e-33 4.14271e-26 8.40133e-20 2.05949e-14 6.10264e-10 2.18587e-06 0.000946405 0.049531 0.313356 0.241697 0.07952 0.192139 0.0860941 0.0262439 0.00875166 0.0015376 0.000170311 1.11607e-05 2.80873e-07 1.60455e-09 1.72656e-12 3.1628e-16 9.15453e-21 3.94958e-26
 2.0668e-41 2.86858e-33 4.81264e-26 9.75993e-20 2.39253e-14 7.08951e-10 2.53935e-06 0.00109945 0.0575408 0.364027 0.280068 0.0687891 0.132692 0.059745 0.0262324 0.00829104 0.00136736 0.000138711 6.2679e-06 1.10794e-07 5.36713e-10 4.87011e-13 7.0348e-17 1.5138e-21 4.66025e-27
 1.90219e-41 2.64011e-33 4.42934e-26 8.9826e-20 2.20198e-14 6.52487e-10 2.3371e-06 0.00101188 0.052958 0.335041 0.258823 0.0845339 0.171364 0.067348 0.0208202 0.00664966 0.00132054 0.000123398 4.68408e-06 5.78007e-08 1.88582e-10 1.2943e-13 1.48807e-17 2.51142e-22 5.86818e-28
 1.9785e-41 2.74602e-33 4.60702e-26 9.34295e-20 2.29031e-14 6.78662e-10 2.43086e-06 0.00105248 0.0550825 0.348483 0.26925 0.0833828 0.151647 0.0600936 0.023794 0.0061525 0.00096277 9.42815e-05 3.34943e-06 3.28525e-08 7.5199e-11 3.42885e-14 2.73886e-18 3.40848e-23 6.03832e-29
 1.67461e-41 2.32425e-33 3.8994e-26 7.90791e-20 1.93853e-14 5.74422e-10 2.05749e-06 0.000890821 0.046622 0.294972 0.23009 0.108589 0.206558 0.0758956 0.0277581 0.00737305 0.00115859 8.8074e-05 2.79008e-06 2.42603e-08 4.35326e-11 1.41691e-14 7.64814e-19 6.37884e-24 7.77011e-30
 1.55154e-41 2.15343e-33 3.61283e-26 7.32675e-20 1.79607e-14 5.32207e-10 1.90628e-06 0.000825354 0.0431957 0.273306 0.214552 0.117444 0.211982 0.0860454 0.0411948 0.00989566 0.00145007 0.000103623 2.61061e-06 1.82211e-08 2.69939e-11 6.8824e-15 2.72824e-19 1.59463e-24 1.32412e-30
 1.78429e-41 2.47648e-33 4.15481e-26 8.42588e-20 2.06551e-14 6.12047e-10 2.19225e-06 0.00094917 0.0496758 0.314302 0.245564 0.106033 0.165892 0.0697742 0.0361192 0.0100326 0.00155473 9.8104e-05 2.12739e-06 1.16459e-08 1.30733e-11 2.57603e-15 7.87898e-20 3.46025e-25 2.09165e-31
 1.74578e-41 2.42303e-33 4.06514e-26 8.24402e-20 2.02092e-14 5.98837e-10 2.14494e-06 0.000928683 0.0486036 0.307537 0.242033 0.121804 0.179291 0.0637673 0.0269093 0.00773239 0.0013067 8.41612e-05 1.57658e-06 6.96303e-09 5.99967e-12 8.74585e-16 1.97173e-20 6.44355e-26 2.90689e-32
 1.76902e-41 2.45528e-33 4.11925e-26 8.35375e-20 2.04782e-14 6.06808e-10 2.17349e-06 0.000941045 0.0492506 0.311645 0.246189 0.126245 0.170846 0.0625681 0.0255669 0.00579946 0.000887795 5.76231e-05 1.01699e-06 3.7703e-09 2.53633e-12 2.78968e-16 4.63095e-21 1.09749e-26 3.57742e-33
 1.73126e-41 2.40287e-33 4.03132e-26 8.17543e-20 2.00411e-14 5.93855e-10 2.12709e-06 0.000920957 0.0481993 0.305021 0.242936 0.137759 0.173655 0.0616995 0.0239562 0.00517169 0.000643758 3.48557e-05 5.56278e-07 1.80793e-09 9.95662e-13 8.47328e-17 1.05326e-21 1.83593e-27 4.34874e-34
 1.82405e-41 2.53166e-33 4.24738e-26 8.6136e-20 2.11152e-14 6.25683e-10 2.24109e-06 0.000970316 0.0507827 0.321381 0.256105 0.135099 0.153962 0.0560191 0.0210043 0.00419284 0.000461272 1.9834e-05 2.48543e-07 6.65301e-10 3.02248e-13 2.06051e-17 1.98252e-22 2.60079e-28 4.54824e-35
 1.78325e-41 2.47503e-33 4.15238e-26 8.42093e-20 2.06429e-14 6.11688e-10 2.19097e-06 0.000948613 0.0496469 0.31424 0.253219 0.149198 0.157992 0.0529467 0.0180188 0.00344039 0.000335175 1.18592e-05 1.13355e-07 2.27246e-10 7.92341e-14 4.21605e-18 3.16056e-23 3.19042e-29 4.22602e-36
 1.80126e-41 2.50003e-33 4.19433e-26 8.50601e-20 2.08515e-14 6.17868e-10 2.2131e-06 0.000958196 0.0501485 0.317456 0.257456 0.153142 0.149719 0.0517519 0.0163955 0.00272974 0.000233549 6.89746e-06 5.13088e-08 7.62504e-11 1.93351e-14 7.53034e-19 4.19209e-24 3.17548e-30 3.16739e-37
 1.79888e-41 2.49672e-33 4.18877e-26 8.49475e-20 2.08239e-14 6.1705e-10 2.21017e-06 0.000956928 0.0500823 0.317098 0.25972 0.160987 0.145371 0.0488393 0.0145319 0.00224682 0.000161165 3.86957e-06 2.26421e-08 2.53585e-11 4.69864e-15 1.31493e-19 5.23565e-25 2.84741e-31 2.0545e-38
 1.8176e-41 2.52271e-33 4.23236e-26 8.58315e-20 2.10406e-14 6.23471e-10 2.23317e-06 0.000966886 0.0506037 0.320464 0.264628 0.164912 0.137646 0.0461512 0.0127225 0.00179094 0.000111021 2.13207e-06 9.5854e-09 8.10209e-12 1.11086e-15 2.25952e-20 6.4562e-26 2.50053e-32 1.28057e-39
 1.75591e-41 2.43708e-33 4.08871e-26 8.29182e-20 2.03264e-14 6.02309e-10 2.15737e-06 0.000934068 0.0488864 0.30972 0.260857 0.179702 0.140623 0.0459454 0.011745 0.0015037 7.95823e-05 1.2364e-06 4.26204e-09 2.67809e-12 2.69794e-16 4.00404e-21 8.2855e-27 2.3069e-33 8.44064e-41
 1.67307e-41 2.32211e-33 3.89583e-26 7.90066e-20 1.93675e-14 5.73896e-10 2.0556e-06 0.000890005 0.0465808 0.295293 0.255028 0.194643 0.145291 0.0491412 0.0117252 0.00134451 6.04342e-05 7.55165e-07 2.00634e-09 9.41487e-13 6.93679e-17 7.45107e-22 1.11123e-27 2.22504e-34 5.84216e-42
 1.67415e-41 2.3236e-33 3.89833e-26 7.90573e-20 1.938e-14 5.74264e-10 2.05692e-06 0.000890576 0.0466113 0.295634 0.25876 0.197019 0.139497 0.0490645 0.0112897 0.00118643 4.48944e-05 4.48169e-07 9.15463e-10 3.21653e-13 1.7429e-17 1.35939e-22 1.45943e-28 2.09288e-35 3.92551e-43
 1.69956e-41 2.35888e-33 3.95751e-26 8.02576e-20 1.96742e-14 5.82982e-10 2.08815e-06 0.000904097 0.0473189 0.300087 0.261199 0.192484 0.137284 0.0483579 0.011165 0.00115685 4.03012e-05 3.49511e-07 6.00622e-10 1.74555e-13 7.73794e-18 4.89954e-23 4.24623e-29 4.89419e-36 7.35316e-44
#spawning biomass
 9663.81 6675.61 7985.98 10927.8 14286.9 17389.5 17264.2 21988.6 34036.5 49864.4 57873.4 74168.9 93860.1 121452 123144 101003 95443.5 98622.1 90621.8 89400.7 88038 98819.3 112001 112365 117316 126980 120958 108159 135472 334501 474362 488789 451107 389520 323780 264471 215683 177814 149551 129034 114437 104204 97095.3 92163 88772.9 86511.3 85002.4 83995.8 83324.2 82876.2 82577.3 82377.9 82244.9 82156.1 82096.9 82057.4 82031.1 82013.5 82001.8 81993.9 81988.7 81985.2 81982.9 81981.3 81980.3 81979.6 81979.2 81978.9 81978.7 81978.5 81978.4 81978.4 81978.3 81978.3 81978.3 81978.3 81978.3 81978.3 81978.2 81978.2 81978.2 81978.2 81978.2 81978.2 81978.2 81978.2 81978.2 81978.2 81978.2 81978.2 81978.2 81978.2 81978.2 81978.2 81978.2 81978.2 81978.2 81978.2 81978.2 81978.2 81978.2 81978.2 81978.2 81978.2 81978.2 81978.2 81978.2 81978.2 81978.2 81978.2 81978.2 81978.2 81978.2 81978.2 81978.2 81978.2 81978.2 81978.2 81978.2 81978.2 81978.2 81978.2 81978.2 81978.2 81978.2 81978.2 81978.2 81978.2 81978.2 0 0 0 0 0 0 0 0 0 0 0 0 0 0 0 0 0 0 0 0 0 0 0 0 0
