SBPRF35
0.819782
Curr Bio
110984
B35
671869
F35
0.206147
FOFL
0
OFL
0
Bzero
234224
#pred survey bio
 7568.28 6981.33 8114.48 11436.2 15514.1 16954.2 17143.2 22192.2 34465.4 49719.2 60073.5 78625 104669 125589 130010 119414 103338 97694.9 99130.3 98267.8 96698.1 99642.2 116888 119070 129066 125083 120043 117052 2.7562e+06 4.43559e+06 5.01925e+06 4.99223e+06 4.62432e+06 4.13068e+06 3.63991e+06 3.21237e+06 2.86652e+06 2.59932e+06 2.39894e+06 2.25154e+06 2.14442e+06 2.06707e+06 2.01085e+06 1.96894e+06 1.93932e+06 1.91818e+06 1.90295e+06 1.89185e+06 1.88368e+06 1.8776e+06 1.87303e+06 1.86955e+06 1.86688e+06 1.86481e+06 1.8632e+06 1.86193e+06 1.86093e+06 1.86013e+06 1.85949e+06 1.85898e+06 1.85857e+06 1.85823e+06 1.85796e+06 1.85774e+06 1.85757e+06 1.85742e+06 1.8573e+06 1.85721e+06 1.85713e+06 1.85707e+06 1.85701e+06 1.85697e+06 1.85694e+06 1.85691e+06 1.85688e+06 1.85686e+06 1.85685e+06 1.85684e+06 1.85683e+06 1.85682e+06 1.85681e+06 1.8568e+06 1.8568e+06 1.8568e+06 1.85679e+06 1.85679e+06 1.85679e+06 1.85679e+06 1.85678e+06 1.85678e+06 1.85678e+06 1.85678e+06 1.85678e+06 1.85678e+06 1.85678e+06 1.85678e+06 1.85678e+06 1.85678e+06 1.85678e+06 1.85678e+06 1.85678e+06 1.85678e+06 1.85678e+06 1.85678e+06 1.85678e+06 1.85678e+06 1.85678e+06 1.85678e+06 1.85678e+06 1.85678e+06 1.85678e+06 1.85678e+06 1.85678e+06 1.85678e+06 1.85678e+06 1.85678e+06 1.85678e+06 1.85678e+06 1.85678e+06 1.85678e+06 1.85678e+06 1.85678e+06 1.85678e+06 1.85678e+06 1.85678e+06 1.85678e+06 1.85678e+06 1.85678e+06 0 0 0 0 0 0 0 0 0 0 0 0 0 0 0 0 0 0 0 0 0 0 0 0 0
#obs survey bio
 6865.31 5766.67 9971.99 18414.7 19035.3 15804 22167.8 26598.3 35369.7 53472.3 77942.3 83783.5 124203 125573 117491 126353 120813 131622 79745.2 171316 90566.5 121893 150797 110872 132189 139611 128063 93123
#pred catch bio
 5324.17 5190.11 5784.23 8058.45 11326.5 12807.7 12894.5 16072.3 24799.6 38113.5 44915.1 59628.8 82231.1 99065.3 104074 99693 85329.8 79233.7 82517.9 83856 83674 83387.5 103169 102960 114243 110137 105370 103416 0 35391.7 39818 39248.8 35938.6 31675.1 27516.9 23949.7 21109.3 18954 17371.9 16237.8 15438.6 14882.6 14497.3 14227.8 14048.3 13928.7 13849 13796 13760.6 13737 13721.4 13710.9 13703.9 13699.3 13696.2 13694.1 13692.8 13691.8 13691.2 13690.8 13690.6 13690.4 13690.3 13690.2 13690.1 13690.1 13690.1 13690.1 13690 13690 13690 13690 13690 13690 13690 13690 13690 13690 13690 13690 13690 13690 13690 13690 13690 13690 13690 13690 13690 13690 13690 13690 13690 13690 13690 13690 13690 13690 13690 13690 13690 13690 13690 13690 13690 13690 13690 13690 13690 13690 13690 13690 13690 13690 13690 13690 13690 13690 13690 13690 13690 13690 13690 13690 13690 13690 13690 13690 0 0 0 0 0 0 0 0 0 0 0 0 0 0 0 0 0 0 0 0 0 0 0 0 0
#obs catch bio
 4718.28 5236.41 5652.9 7751.19 10785.5 12661.8 12684.4 15458.2 23980.2 37057.7 42712.9 56868.8 80206.5 96113.3 102885 98036.5 82199.8 75459.6 81186.4 80509.8 82550.2 82321.6 101527 101051 110397 105829 102399 103329
#pred cpue bio
 6755.34 5906.1 6641.77 9321.79 12872.6 14498.9 14334.6 17775 27621 40683.2 49256.2 63878.1 84613.3 102678 109350 100343 85635.7 80770.1 81617.5 80251.7 78262 79532.9 93471.8 94804.8 103123 100630 96666.1 94050 2.20415e+06 4.3974e+06 4.98106e+06 4.95404e+06 4.58613e+06 4.09249e+06 3.60172e+06 3.17418e+06 2.82833e+06 2.56113e+06 2.36075e+06 2.21335e+06 2.10624e+06 2.02888e+06 1.97266e+06 1.93075e+06 1.90113e+06 1.88e+06 1.86476e+06 1.85367e+06 1.8455e+06 1.83941e+06 1.83484e+06 1.83136e+06 1.82869e+06 1.82663e+06 1.82501e+06 1.82374e+06 1.82274e+06 1.82194e+06 1.8213e+06 1.82079e+06 1.82038e+06 1.82005e+06 1.81978e+06 1.81956e+06 1.81938e+06 1.81924e+06 1.81912e+06 1.81902e+06 1.81894e+06 1.81888e+06 1.81883e+06 1.81878e+06 1.81875e+06 1.81872e+06 1.8187e+06 1.81868e+06 1.81866e+06 1.81865e+06 1.81864e+06 1.81863e+06 1.81862e+06 1.81862e+06 1.81861e+06 1.81861e+06 1.81861e+06 1.8186e+06 1.8186e+06 1.8186e+06 1.8186e+06 1.8186e+06 1.8186e+06 1.8186e+06 1.81859e+06 1.81859e+06 1.81859e+06 1.81859e+06 1.81859e+06 1.81859e+06 1.81859e+06 1.81859e+06 1.81859e+06 1.81859e+06 1.81859e+06 1.81859e+06 1.81859e+06 1.81859e+06 1.81859e+06 1.81859e+06 1.81859e+06 1.81859e+06 1.81859e+06 1.81859e+06 1.81859e+06 1.81859e+06 1.81859e+06 1.81859e+06 1.81859e+06 1.81859e+06 1.81859e+06 1.81859e+06 1.81859e+06 1.81859e+06 1.81859e+06 1.81859e+06 1.81859e+06 1.81859e+06 1.81859e+06 1.81859e+06 0 0 0 0 0 0 0 0 0 0 0 0 0 0 0 0 0 0 0 0 0 0 0 0 0
#obs cpue bio
 4269.46 6588.89 9023.7 12169.4 22548.5 13630.8 17753.7 28339.2 43829.3 53987 106323 110292 94865.4 159292 130641 140485 138372 134449 109043 102947 87983.4 78397.1 99122 134267 186507 168495 135769 118235
#pred surv len freq
 2.56579e-27 2.59541e-27 3.93882e-26 7.76935e-20 1.90456e-14 5.64356e-10 2.02143e-06 0.000875202 0.0458049 0.289774 0.221866 0.0376937 0.131034 0.121076 0.030486 0.0394543 0.0182044 0.0157366 0.0105612 0.0086452 0.00721167 0.00655557 0.00686096 0.00623771 0.00192051
 2.56791e-27 2.60082e-27 4.3697e-26 8.67812e-20 2.12734e-14 6.30368e-10 2.25787e-06 0.000977573 0.0511626 0.323669 0.247794 0.04067 0.13547 0.124774 0.0242961 0.0241419 0.00948431 0.00612666 0.00334352 0.00228737 0.00165088 0.00132961 0.00126145 0.00116396 0.000394596
 2.56916e-27 2.6041e-27 4.64689e-26 9.26283e-20 2.27067e-14 6.72841e-10 2.41e-06 0.00104344 0.0546098 0.345477 0.264452 0.0410148 0.126391 0.116282 0.0208092 0.0182338 0.00625339 0.00275311 0.00115373 0.000584705 0.000326946 0.000218274 0.000179072 0.00015897 5.62123e-05
 2.56926e-27 2.60435e-27 4.66551e-26 9.3021e-20 2.2803e-14 6.75693e-10 2.42022e-06 0.00104786 0.0548413 0.346941 0.265573 0.0412159 0.127134 0.116937 0.0203885 0.0170911 0.00562512 0.00208878 0.000689418 0.000234547 8.87542e-05 4.26901e-05 2.76908e-05 2.21407e-05 7.84725e-06
 2.56837e-27 2.60194e-27 4.45198e-26 8.85164e-20 2.16987e-14 6.42972e-10 2.30302e-06 0.000997119 0.0521856 0.33014 0.252754 0.0418435 0.140916 0.129662 0.0227705 0.0193193 0.00628317 0.00220375 0.000671731 0.000182411 4.45767e-05 1.29707e-05 5.54815e-06 3.58885e-06 1.2233e-06
 2.56671e-27 2.59747e-27 4.05958e-26 8.02386e-20 1.96695e-14 5.82843e-10 2.08765e-06 0.000903871 0.0473053 0.299267 0.229195 0.0427683 0.164507 0.151485 0.0275959 0.0248411 0.00811327 0.00288458 0.000860995 0.000217305 4.3438e-05 7.81745e-06 1.73087e-06 7.28328e-07 2.23732e-07
 2.56804e-27 2.60114e-27 4.39074e-26 8.72248e-20 2.13821e-14 6.3359e-10 2.26941e-06 0.000982569 0.0514241 0.325323 0.249068 0.0413043 0.139403 0.128423 0.0253838 0.0256132 0.00852361 0.00325924 0.000985267 0.000249478 4.70257e-05 6.88635e-06 8.27326e-07 1.57967e-07 3.75459e-08
 2.57007e-27 2.60659e-27 4.86544e-26 9.72387e-20 2.38369e-14 7.0633e-10 2.52995e-06 0.00109537 0.0573279 0.362672 0.277573 0.0404706 0.113031 0.103949 0.0185593 0.0162045 0.00559706 0.00247857 0.000782098 0.000210379 4.01115e-05 5.59912e-06 5.15005e-07 4.11262e-08 5.2149e-09
 2.56998e-27 2.60627e-27 4.83152e-26 9.65229e-20 2.36614e-14 7.0113e-10 2.51133e-06 0.00108731 0.0569059 0.360002 0.275544 0.0410364 0.118763 0.109145 0.0177859 0.0131094 0.00430043 0.00159083 0.000528798 0.00016127 3.28564e-05 4.73227e-06 4.10994e-07 2.10959e-08 1.00094e-09
 2.56902e-27 2.60366e-27 4.60115e-26 9.16631e-20 2.24701e-14 6.65829e-10 2.38489e-06 0.00103257 0.0540408 0.341877 0.261714 0.0417009 0.133536 0.122792 0.0204642 0.0157732 0.00496742 0.00149822 0.000448259 0.000121522 2.74923e-05 4.35853e-06 3.9432e-07 1.82573e-08 4.39342e-10
 2.56893e-27 2.60344e-27 4.58208e-26 9.12609e-20 2.23715e-14 6.62908e-10 2.37442e-06 0.00102803 0.0538036 0.340377 0.260568 0.0416672 0.134085 0.123317 0.0209104 0.0166629 0.00530342 0.00167876 0.000468216 0.000104276 2.0436e-05 3.33219e-06 3.36487e-07 1.61806e-08 3.20376e-10
 2.56938e-27 2.60468e-27 4.69385e-26 9.36189e-20 2.29495e-14 6.80036e-10 2.43577e-06 0.0010546 0.0551938 0.349171 0.267276 0.0412075 0.125874 0.115768 0.020068 0.0166449 0.00534283 0.00175979 0.00050171 0.000113405 1.89963e-05 2.58108e-06 2.56856e-07 1.36175e-08 2.74975e-10
 2.56959e-27 2.60523e-27 4.74008e-26 9.4594e-20 2.31886e-14 6.87119e-10 2.46115e-06 0.00106558 0.0557687 0.352808 0.270054 0.0412555 0.124287 0.114259 0.0189876 0.014561 0.0047149 0.0016296 0.000473728 0.000111261 1.90612e-05 2.33637e-06 1.91277e-07 9.8158e-09 2.13959e-10
 2.56904e-27 2.6037e-27 4.60228e-26 9.16869e-20 2.24759e-14 6.66002e-10 2.38551e-06 0.00103283 0.0540548 0.341966 0.261784 0.0418702 0.134775 0.123894 0.0199096 0.0142318 0.00451505 0.00142383 0.000417292 0.000102411 1.81764e-05 2.28991e-06 1.72383e-07 7.38679e-09 1.54797e-10
 2.56759e-27 2.59979e-27 4.25733e-26 8.44098e-20 2.06921e-14 6.13142e-10 2.19617e-06 0.000950859 0.0497645 0.314824 0.241075 0.0428015 0.156413 0.143887 0.0239229 0.0183507 0.00574302 0.00166866 0.0004679 0.000107149 1.95444e-05 2.57099e-06 1.98742e-07 7.85461e-09 1.40632e-10
 2.56769e-27 2.60011e-27 4.29109e-26 8.51223e-20 2.08667e-14 6.18318e-10 2.21471e-06 0.000958885 0.0501846 0.317482 0.243095 0.0422586 0.150862 0.138863 0.024816 0.0216621 0.00689741 0.00217019 0.000597654 0.000126422 2.14946e-05 2.79313e-06 2.25691e-07 9.10886e-09 1.50572e-10
 2.56841e-27 2.60201e-27 4.45614e-26 8.8604e-20 2.17202e-14 6.43609e-10 2.3053e-06 0.000998106 0.0522373 0.330467 0.253008 0.042057 0.142363 0.130944 0.0220409 0.0173333 0.00569475 0.00209246 0.000602112 0.000134906 2.17663e-05 2.60445e-06 2.03923e-07 8.5234e-09 1.42785e-10
 2.5685e-27 2.60226e-27 4.47626e-26 8.90284e-20 2.18242e-14 6.46691e-10 2.31634e-06 0.00100289 0.0524874 0.33205 0.254217 0.0421418 0.142158 0.130729 0.0215178 0.016183 0.00516868 0.00168036 0.000506579 0.000129913 2.23512e-05 2.6524e-06 1.91076e-07 7.6842e-09 1.31817e-10
 2.56872e-27 2.60284e-27 4.52875e-26 9.01358e-20 2.20957e-14 6.54735e-10 2.34515e-06 0.00101536 0.0531403 0.33618 0.257368 0.041914 0.138211 0.127106 0.0212316 0.0164394 0.00520069 0.0016019 0.000457291 0.000108296 2.0646e-05 2.7086e-06 1.97553e-07 7.39855e-09 1.2192e-10
 2.56909e-27 2.60385e-27 4.61533e-26 9.19621e-20 2.25434e-14 6.68002e-10 2.39267e-06 0.00103593 0.0542171 0.342992 0.262568 0.0418233 0.133868 0.123058 0.0197955 0.0141826 0.00451 0.00143566 0.000403743 8.99883e-05 1.58093e-05 2.14656e-06 1.75123e-07 6.71617e-09 1.0452e-10
 2.56949e-27 2.6049e-27 4.70633e-26 9.38817e-20 2.3014e-14 6.81945e-10 2.44261e-06 0.00105756 0.0553488 0.350152 0.268033 0.0417248 0.129278 0.118786 0.0183746 0.0120108 0.00374902 0.00109228 0.000307533 6.99894e-05 1.17833e-05 1.47857e-06 1.21076e-07 5.11899e-09 8.20581e-11
 2.57009e-27 2.60651e-27 4.84827e-26 9.68762e-20 2.3748e-14 7.03697e-10 2.52052e-06 0.00109129 0.0571142 0.36132 0.276555 0.0413844 0.1207 0.110854 0.0166713 0.0101179 0.00309976 0.000814606 0.000219408 4.65548e-05 7.90612e-06 9.71795e-07 7.39405e-08 3.1141e-09 5.39719e-11
 2.57e-27 2.60629e-27 4.82814e-26 9.64514e-20 2.36439e-14 7.00611e-10 2.50947e-06 0.00108651 0.0568638 0.359736 0.275347 0.0414537 0.122077 0.112124 0.0168935 0.0103026 0.00311887 0.000755697 0.000194767 3.75033e-05 5.93133e-06 7.08363e-07 5.30082e-08 2.09794e-09 3.61894e-11
 2.57017e-27 2.60672e-27 4.86483e-26 9.72254e-20 2.38336e-14 7.06233e-10 2.52961e-06 0.00109522 0.0573201 0.362622 0.277552 0.0414903 0.120806 0.110917 0.0160517 0.00868642 0.00262417 0.000638552 0.000160944 2.86239e-05 4.16291e-06 4.52856e-07 3.2255e-08 1.24486e-09 2.04135e-11
 2.57002e-27 2.60632e-27 4.83004e-26 9.64914e-20 2.36537e-14 7.00902e-10 2.51051e-06 0.00108696 0.0568873 0.359885 0.275463 0.0415681 0.122866 0.112826 0.0165439 0.00932526 0.00277276 0.000595671 0.000147246 2.60934e-05 3.59244e-06 3.55409e-07 2.28137e-08 8.27441e-10 1.31169e-11
 2.56971e-27 2.60547e-27 4.7535e-26 9.48768e-20 2.32579e-14 6.89173e-10 2.4685e-06 0.00106877 0.0559354 0.353863 0.270869 0.041889 0.128536 0.118036 0.0170636 0.00919996 0.00274744 0.000614767 0.000148189 2.35835e-05 3.1784e-06 3.02956e-07 1.76482e-08 5.73966e-10 8.48459e-12
 2.56968e-27 2.60539e-27 4.74708e-26 9.47413e-20 2.32247e-14 6.88189e-10 2.46498e-06 0.00106724 0.0558556 0.353358 0.270483 0.0418335 0.128384 0.117915 0.0173796 0.00995007 0.00295831 0.000632631 0.000152853 2.49661e-05 3.14985e-06 2.79415e-07 1.56551e-08 4.63912e-10 6.14531e-12
 2.56978e-27 2.60567e-27 4.77224e-26 9.52721e-20 2.33548e-14 6.92045e-10 2.47879e-06 0.00107322 0.0561685 0.355337 0.271993 0.04173 0.126536 0.116215 0.0171792 0.00992259 0.00297467 0.00067645 0.000163337 2.57261e-05 3.28168e-06 2.83992e-07 1.46556e-08 4.11059e-10 4.98158e-12
#obs surv len freq
 1.6341e-41 2.26802e-33 3.80507e-26 7.71661e-20 1.89164e-14 5.60527e-10 2.00772e-06 0.000869272 0.0454942 0.28781 0.22051 0.0442635 0.164885 0.140188 0.0437841 0.0356616 0.011608 0.00396061 0.000849883 0.000108279 6.02247e-06 1.06758e-07 4.47402e-10 3.54438e-13 4.58288e-17
 1.90806e-41 2.64827e-33 4.44302e-26 9.01035e-20 2.20878e-14 6.54502e-10 2.34432e-06 0.00101501 0.0531216 0.336063 0.257366 0.0440144 0.131768 0.10599 0.0336044 0.0256448 0.00818977 0.00263601 0.000522451 5.90585e-05 2.73586e-06 3.77693e-08 1.17739e-10 6.76357e-14 6.25653e-18
 1.93199e-41 2.68148e-33 4.49874e-26 9.12336e-20 2.23648e-14 6.62711e-10 2.37372e-06 0.00102774 0.0537878 0.340278 0.260669 0.0470786 0.140705 0.105839 0.0266296 0.0169181 0.00518962 0.00156097 0.000285952 2.83057e-05 1.08915e-06 1.17723e-08 2.73973e-11 1.14167e-14 7.54592e-19
 1.96977e-41 2.73391e-33 4.5867e-26 9.30173e-20 2.28021e-14 6.75668e-10 2.42013e-06 0.00104783 0.0548395 0.346931 0.265812 0.0487364 0.138608 0.0982101 0.0259254 0.0152317 0.00360737 0.000888543 0.000146916 1.26508e-05 4.00507e-07 3.38479e-09 5.91589e-12 1.7988e-15 8.52297e-20
 1.766e-41 2.45109e-33 4.11221e-26 8.33948e-20 2.04433e-14 6.05771e-10 2.16977e-06 0.000939437 0.0491664 0.311042 0.238601 0.0549095 0.175893 0.116996 0.0308994 0.0167973 0.00386205 0.000788022 9.69636e-05 6.8577e-06 1.76568e-07 1.16025e-09 1.52314e-12 3.39721e-16 1.16141e-20
 1.45385e-41 2.01785e-33 3.38537e-26 6.86546e-20 1.68299e-14 4.98699e-10 1.78626e-06 0.000773389 0.0404761 0.256066 0.196895 0.0625321 0.220973 0.140094 0.0487699 0.0264874 0.00574996 0.00106736 0.000107865 5.47641e-06 1.0596e-07 5.3244e-10 5.23107e-13 8.56177e-17 2.11938e-21
 2.08501e-41 2.89385e-33 4.85504e-26 9.84592e-20 2.41361e-14 7.15198e-10 2.56172e-06 0.00110914 0.0580478 0.367228 0.28146 0.0503228 0.112772 0.0693791 0.0345995 0.0191532 0.00494456 0.000899005 7.91415e-05 3.11058e-06 4.18644e-08 1.48768e-10 1.06532e-13 1.27211e-17 2.2791e-22
 1.98379e-41 2.75336e-33 4.61934e-26 9.36793e-20 2.29644e-14 6.80477e-10 2.43736e-06 0.00105529 0.0552297 0.349402 0.268194 0.0602346 0.152041 0.0819146 0.01933 0.00897337 0.00297239 0.000595253 5.30452e-05 1.74267e-06 1.73078e-08 4.19771e-11 2.04976e-14 1.71606e-18 2.19098e-23
 2.01455e-41 2.79606e-33 4.69098e-26 9.5132e-20 2.33205e-14 6.91029e-10 2.47515e-06 0.00107166 0.0560862 0.354821 0.272458 0.0618267 0.145302 0.0746547 0.0230506 0.00884302 0.00155472 0.000298991 2.94804e-05 9.24456e-07 7.46229e-09 1.31122e-11 4.36921e-15 2.4593e-19 2.13817e-24
 1.71617e-41 2.38193e-33 3.99618e-26 8.10418e-20 1.98664e-14 5.88679e-10 2.10855e-06 0.00091293 0.0477791 0.302271 0.232978 0.0764588 0.200625 0.0962869 0.0295687 0.0108327 0.00201924 0.000247055 1.82242e-05 5.606e-07 4.08028e-09 5.72981e-12 1.39537e-15 5.4505e-20 3.21164e-25
 2.01977e-41 2.80331e-33 4.70314e-26 9.53787e-20 2.3381e-14 6.92821e-10 2.48157e-06 0.00107443 0.0562316 0.355743 0.273536 0.0665934 0.139106 0.0662474 0.0292198 0.0102239 0.0018049 0.000206013 1.07514e-05 2.29429e-07 1.42161e-09 1.70354e-12 3.30109e-16 9.63233e-21 4.05509e-26
 1.84847e-41 2.56556e-33 4.30426e-26 8.72895e-20 2.1398e-14 6.34062e-10 2.27111e-06 0.00098331 0.0514626 0.325577 0.251281 0.0817112 0.180431 0.0755615 0.0231348 0.00795555 0.00170937 0.000182434 8.1618e-06 1.23733e-07 5.15529e-10 4.68054e-13 7.26707e-17 1.67332e-21 5.3683e-27
 1.92744e-41 2.67516e-33 4.48814e-26 9.10186e-20 2.23121e-14 6.61149e-10 2.36813e-06 0.00102532 0.0536611 0.339487 0.262053 0.0808818 0.160469 0.0669115 0.0266172 0.00751493 0.00123323 0.000136825 5.84165e-06 7.16027e-08 2.11638e-10 1.27961e-13 1.38318e-17 2.35921e-22 5.76667e-28
 1.63204e-41 2.26517e-33 3.80029e-26 7.70691e-20 1.88926e-14 5.59822e-10 2.00519e-06 0.000868179 0.045437 0.28747 0.223771 0.104125 0.215937 0.0828338 0.029611 0.00840516 0.00141536 0.00012055 4.52901e-06 4.97451e-08 1.166e-10 5.0665e-14 3.70997e-18 4.24796e-23 7.16294e-29
 1.49031e-41 2.06845e-33 3.47025e-26 7.03759e-20 1.72518e-14 5.11203e-10 1.83105e-06 0.00079278 0.041491 0.262514 0.205628 0.113274 0.223938 0.0932189 0.0455712 0.0116353 0.00178659 0.000143812 4.30132e-06 3.75733e-08 7.28701e-11 2.4937e-14 1.34588e-18 1.0815e-23 1.2435e-29
 1.72278e-41 2.3911e-33 4.01156e-26 8.13537e-20 1.99429e-14 5.90945e-10 2.11667e-06 0.000916444 0.0479631 0.303459 0.236678 0.103093 0.176873 0.0759538 0.0409007 0.0120006 0.00201546 0.00014177 3.64071e-06 2.49526e-08 3.64695e-11 9.62426e-15 4.01114e-19 2.42436e-24 2.02978e-30
 1.67286e-41 2.32182e-33 3.89534e-26 7.89967e-20 1.93651e-14 5.73824e-10 2.05534e-06 0.000889893 0.0465735 0.294683 0.231459 0.119052 0.193085 0.0713357 0.031445 0.00956601 0.00177551 0.000130626 2.9152e-06 1.60451e-08 1.79497e-11 3.48983e-15 1.06831e-19 4.79723e-25 2.99606e-31
 1.69805e-41 2.35678e-33 3.95398e-26 8.01859e-20 1.96566e-14 5.82462e-10 2.08629e-06 0.000903289 0.0472746 0.299131 0.235774 0.123696 0.184371 0.0697077 0.030403 0.00739906 0.00124274 9.36073e-05 2.00922e-06 9.37115e-09 8.16423e-12 1.192e-15 2.67468e-20 8.67391e-26 3.90204e-32
 1.65244e-41 2.29348e-33 3.84779e-26 7.80324e-20 1.91287e-14 5.66819e-10 2.03025e-06 0.00087903 0.046005 0.29112 0.231321 0.135755 0.188799 0.0693805 0.0289465 0.00678348 0.000947472 5.98547e-05 1.17769e-06 4.89229e-09 3.5209e-12 3.98061e-16 6.6639e-21 1.58202e-26 5.14805e-33
 1.74985e-41 2.42867e-33 4.0746e-26 8.2632e-20 2.02563e-14 6.0023e-10 2.14993e-06 0.000930844 0.0487168 0.308291 0.245071 0.133621 0.167902 0.0632762 0.025817 0.00562991 0.000706201 3.61534e-05 5.6416e-07 1.95089e-09 1.17128e-12 1.06937e-16 1.39057e-21 2.48357e-27 5.95006e-34
 1.70711e-41 2.36935e-33 3.97508e-26 8.06138e-20 1.97615e-14 5.8557e-10 2.09742e-06 0.000908109 0.047527 0.3008 0.241706 0.148184 0.173105 0.0602158 0.0222986 0.00470085 0.000529645 2.26836e-05 2.74255e-07 7.1766e-10 3.33567e-13 2.3968e-17 2.44537e-22 3.37713e-28 6.14422e-35
 1.72842e-41 2.39894e-33 4.02471e-26 8.16204e-20 2.00083e-14 5.92882e-10 2.12361e-06 0.000919448 0.0481205 0.304589 0.246252 0.152622 0.164227 0.0587361 0.0203874 0.00375469 0.000374955 1.3608e-05 1.29729e-07 2.5442e-10 8.67489e-14 4.59623e-18 3.50617e-23 3.65598e-29 5.03498e-36
 1.71512e-41 2.38047e-33 3.99373e-26 8.0992e-20 1.98542e-14 5.88317e-10 2.10726e-06 0.00091237 0.0477501 0.302298 0.246967 0.161886 0.161247 0.056791 0.018648 0.00321878 0.000271666 8.08687e-06 6.13043e-08 9.14222e-11 2.2943e-14 8.78974e-19 4.82369e-24 3.63138e-30 3.63713e-37
 1.7415e-41 2.41709e-33 4.05517e-26 8.2238e-20 2.01597e-14 5.97368e-10 2.13968e-06 0.000926406 0.0484849 0.307002 0.252678 0.165781 0.152199 0.0536584 0.0164525 0.00261824 0.000193011 4.63346e-06 2.71638e-08 3.07774e-11 5.74837e-15 1.60819e-19 6.35942e-25 3.42276e-31 2.44267e-38
 1.68808e-41 2.34294e-33 3.93077e-26 7.97153e-20 1.95413e-14 5.79043e-10 2.07404e-06 0.000897988 0.0469979 0.297693 0.249603 0.180676 0.154612 0.0524059 0.0148107 0.00216172 0.000137769 2.70205e-06 1.22137e-08 1.03277e-11 1.42278e-15 2.91502e-20 8.3747e-26 3.24917e-32 1.66075e-39
 1.60165e-41 2.22298e-33 3.72952e-26 7.56339e-20 1.85407e-14 5.49396e-10 1.96785e-06 0.000852011 0.044592 0.282606 0.242949 0.196531 0.159686 0.056056 0.0147093 0.00191179 0.000104134 1.65924e-06 5.82085e-09 3.68873e-12 3.72407e-16 5.5328e-21 1.14807e-26 3.21034e-33 1.17995e-40
 1.58946e-41 2.20607e-33 3.70114e-26 7.50584e-20 1.83997e-14 5.45216e-10 1.95288e-06 0.000845528 0.0442532 0.280589 0.244818 0.200089 0.154685 0.058041 0.0148218 0.00177308 8.11623e-05 1.03622e-06 2.81073e-09 1.33971e-12 9.9727e-17 1.07717e-21 1.61018e-27 3.22715e-34 8.48193e-42
 1.64601e-41 2.28456e-33 3.83282e-26 7.77288e-20 1.90543e-14 5.64614e-10 2.02236e-06 0.000875611 0.0458281 0.290687 0.255337 0.19871 0.142196 0.0519541 0.0128812 0.0014693 5.80871e-05 5.92026e-07 1.22896e-09 4.38699e-13 2.40998e-17 1.90008e-22 2.0562e-28 2.96477e-35 5.57971e-43
#pred catch len freq
 2.56479e-27 2.59275e-27 3.70902e-26 7.28458e-20 1.78573e-14 5.29143e-10 1.8953e-06 0.000820593 0.0429469 0.271694 0.208063 0.0378911 0.142233 0.131455 0.0330994 0.0428367 0.019765 0.0170857 0.0114665 0.00938633 0.00782991 0.00711756 0.00744913 0.00677246 0.00208516
 2.56724e-27 2.59902e-27 4.2115e-26 8.34439e-20 2.04553e-14 6.06126e-10 2.17104e-06 0.000939978 0.049195 0.311221 0.238296 0.0410412 0.144968 0.133548 0.0260046 0.0258395 0.0101512 0.00655749 0.00357864 0.00244822 0.00176697 0.0014231 0.00135015 0.00124581 0.000422343
 2.56842e-27 2.60212e-27 4.47132e-26 8.89245e-20 2.17988e-14 6.45936e-10 2.31364e-06 0.00100172 0.0524262 0.331663 0.253912 0.0415153 0.137606 0.126632 0.0226614 0.0198568 0.00680998 0.00299816 0.00125642 0.000636748 0.000356047 0.000237702 0.000195011 0.00017312 6.12156e-05
 2.5685e-27 2.60229e-27 4.48307e-26 8.91722e-20 2.18595e-14 6.47736e-10 2.32008e-06 0.00100451 0.0525722 0.332586 0.254621 0.0417598 0.138968 0.127856 0.0222922 0.018687 0.00615035 0.00228381 0.00075379 0.000256447 9.70413e-05 4.66762e-05 3.02763e-05 2.4208e-05 8.57996e-06
 2.56767e-27 2.60005e-27 4.28483e-26 8.49901e-20 2.08343e-14 6.17358e-10 2.21127e-06 0.000957396 0.0501067 0.316989 0.24272 0.042341 0.151753 0.139661 0.0245265 0.0208092 0.00676772 0.0023737 0.000723534 0.000196479 4.80144e-05 1.3971e-05 5.97601e-06 3.86562e-06 1.31764e-06
 2.56607e-27 2.59574e-27 3.90679e-26 7.70153e-20 1.88794e-14 5.5943e-10 2.00378e-06 0.000867562 0.0454051 0.287245 0.220022 0.0432086 0.174302 0.160526 0.029243 0.0263238 0.00859752 0.00305675 0.000912385 0.000230275 4.60307e-05 8.28405e-06 1.83418e-06 7.71799e-07 2.37085e-07
 2.56743e-27 2.5995e-27 4.24577e-26 8.41666e-20 2.06324e-14 6.11376e-10 2.18985e-06 0.000948119 0.0496212 0.313917 0.240364 0.0416889 0.148445 0.136776 0.0270349 0.0272792 0.00907802 0.00347123 0.00104935 0.000265705 5.00844e-05 7.33427e-06 8.81139e-07 1.68242e-07 3.99881e-08
 2.56945e-27 2.6049e-27 4.71599e-26 9.40861e-20 2.30641e-14 6.83429e-10 2.44793e-06 0.00105986 0.0554692 0.350914 0.268602 0.0409033 0.122628 0.112806 0.0201405 0.0175852 0.00607392 0.00268975 0.000848732 0.000228303 4.3529e-05 6.07616e-06 5.58883e-07 4.46301e-08 5.65921e-09
 2.56933e-27 2.60451e-27 4.67562e-26 9.32341e-20 2.28552e-14 6.77241e-10 2.42576e-06 0.00105026 0.054967 0.347736 0.266185 0.0415286 0.129083 0.118661 0.0193367 0.0142524 0.00467539 0.00172953 0.000574905 0.000175332 3.57212e-05 5.14488e-06 4.46829e-07 2.29352e-08 1.08822e-09
 2.56853e-27 2.60233e-27 4.48269e-26 8.9164e-20 2.18575e-14 6.47676e-10 2.31987e-06 0.00100441 0.0525674 0.332556 0.254603 0.0420712 0.141351 0.129999 0.0216653 0.016699 0.00525898 0.00158616 0.000474569 0.000128654 2.91059e-05 4.61435e-06 4.17464e-07 1.93289e-08 4.65129e-10
 2.56835e-27 2.60185e-27 4.44141e-26 8.82933e-20 2.1644e-14 6.41352e-10 2.29721e-06 0.000994606 0.0520541 0.329309 0.252123 0.0421005 0.143315 0.131832 0.0223542 0.0178134 0.00566959 0.00179467 0.000500543 0.000111476 2.1847e-05 3.56226e-06 3.59719e-07 1.72977e-08 3.42496e-10
 2.56887e-27 2.60329e-27 4.57038e-26 9.10142e-20 2.2311e-14 6.61115e-10 2.368e-06 0.00102526 0.0536582 0.339456 0.259864 0.0415805 0.13392 0.123191 0.0213547 0.0177122 0.00568542 0.00187263 0.000533879 0.000120677 2.02143e-05 2.74658e-06 2.73326e-07 1.44906e-08 2.92606e-10
 2.56921e-27 2.6042e-27 4.64858e-26 9.26638e-20 2.27154e-14 6.73098e-10 2.41092e-06 0.00104384 0.0546307 0.345609 0.264561 0.041541 0.130319 0.119821 0.019912 0.0152699 0.00494444 0.00170893 0.000496791 0.000116678 1.99892e-05 2.45012e-06 2.00589e-07 1.02937e-08 2.24376e-10
 2.56865e-27 2.60265e-27 4.50946e-26 8.97287e-20 2.19959e-14 6.51778e-10 2.33456e-06 0.00101078 0.0529003 0.334662 0.256212 0.0421684 0.140959 0.129595 0.0208258 0.0148867 0.00472282 0.00148935 0.000436495 0.000107124 1.90128e-05 2.39528e-06 1.80316e-07 7.72671e-09 1.6192e-10
 2.56723e-27 2.59879e-27 4.16868e-26 8.25398e-20 2.02336e-14 5.99559e-10 2.14752e-06 0.000929793 0.048662 0.30785 0.235753 0.0430796 0.162268 0.149286 0.0248207 0.0190394 0.00595855 0.00173128 0.000485459 0.00011117 2.02778e-05 2.66747e-06 2.06201e-07 8.14938e-09 1.45909e-10
 2.56752e-27 2.59963e-27 4.24868e-26 8.42276e-20 2.06474e-14 6.11819e-10 2.19143e-06 0.000948806 0.0496571 0.314145 0.240549 0.0423837 0.153603 0.141392 0.0252681 0.0220567 0.00702305 0.00220972 0.00060854 0.000128725 2.18861e-05 2.844e-06 2.29802e-07 9.27477e-09 1.53315e-10
 2.56819e-27 2.60143e-27 4.4043e-26 8.75103e-20 2.14521e-14 6.35664e-10 2.27684e-06 0.000985786 0.0515925 0.326388 0.249895 0.0422167 0.145765 0.134083 0.0225691 0.0177487 0.00583123 0.00214261 0.000616541 0.000138139 2.2288e-05 2.66686e-06 2.0881e-07 8.72766e-09 1.46207e-10
 2.56821e-27 2.60147e-27 4.40638e-26 8.75542e-20 2.14629e-14 6.35983e-10 2.27798e-06 0.00098628 0.0516183 0.326552 0.250023 0.0423619 0.14678 0.134991 0.0222193 0.0167106 0.0053372 0.00173514 0.000523096 0.000134149 2.308e-05 2.73888e-06 1.97306e-07 7.93473e-09 1.36115e-10
 2.56854e-27 2.60237e-27 4.48663e-26 8.92471e-20 2.18779e-14 6.4828e-10 2.32203e-06 0.00100535 0.0526164 0.332866 0.254839 0.0420454 0.140988 0.129667 0.0216594 0.0167706 0.00530547 0.00163417 0.000466505 0.000110478 2.1062e-05 2.76318e-06 2.01534e-07 7.54762e-09 1.24377e-10
 2.56903e-27 2.60368e-27 4.60035e-26 9.16462e-20 2.2466e-14 6.65707e-10 2.38445e-06 0.00103238 0.0540308 0.341814 0.261668 0.0418714 0.134865 0.123978 0.0199434 0.0142886 0.0045437 0.00144639 0.00040676 9.06608e-05 1.59274e-05 2.1626e-06 1.76431e-07 6.76636e-09 1.05301e-10
 2.56949e-27 2.6049e-27 4.70634e-26 9.38821e-20 2.30141e-14 6.81948e-10 2.44262e-06 0.00105756 0.055349 0.350153 0.268034 0.0417247 0.129277 0.118785 0.0183745 0.0120107 0.00374899 0.00109227 0.00030753 6.99887e-05 1.17831e-05 1.47856e-06 1.21075e-07 5.11894e-09 8.20573e-11
 2.56996e-27 2.60616e-27 4.81652e-26 9.62062e-20 2.35838e-14 6.9883e-10 2.50309e-06 0.00108374 0.0567192 0.358821 0.274649 0.0414918 0.122857 0.112841 0.0169702 0.0102994 0.00315534 0.000829212 0.000223342 4.73896e-05 8.04788e-06 9.8922e-07 7.52663e-08 3.16994e-09 5.49396e-11
 2.57009e-27 2.60651e-27 4.84811e-26 9.68727e-20 2.37472e-14 7.03671e-10 2.52043e-06 0.00109125 0.0571121 0.361307 0.276545 0.0413862 0.120721 0.110874 0.0167052 0.0101878 0.00308411 0.000747274 0.000192596 3.70853e-05 5.86521e-06 7.00467e-07 5.24174e-08 2.07455e-09 3.5786e-11
 2.57017e-27 2.60671e-27 4.86416e-26 9.72113e-20 2.38302e-14 7.06131e-10 2.52924e-06 0.00109507 0.0573118 0.36257 0.277512 0.0414926 0.120852 0.110959 0.0160579 0.00868973 0.00262517 0.000638795 0.000161005 2.86347e-05 4.1645e-06 4.53028e-07 3.22673e-08 1.24534e-09 2.04213e-11
 2.57012e-27 2.60658e-27 4.85289e-26 9.69734e-20 2.37719e-14 7.04403e-10 2.52305e-06 0.00109239 0.0571715 0.361683 0.276834 0.0414893 0.121303 0.111386 0.0163327 0.00920619 0.00273735 0.000588064 0.000145366 2.57602e-05 3.54657e-06 3.50871e-07 2.25224e-08 8.16875e-10 1.29494e-11
 2.56979e-27 2.60568e-27 4.77163e-26 9.52592e-20 2.33516e-14 6.91951e-10 2.47845e-06 0.00107308 0.0561609 0.355289 0.271957 0.0418259 0.127291 0.116889 0.0168979 0.00911058 0.00272075 0.000608795 0.000146749 2.33544e-05 3.14752e-06 3.00013e-07 1.74767e-08 5.6839e-10 8.40217e-12
 2.56974e-27 2.60556e-27 4.76197e-26 9.50555e-20 2.33017e-14 6.90472e-10 2.47315e-06 0.00107078 0.0560408 0.35453 0.271377 0.0417822 0.127366 0.116977 0.0172414 0.00987091 0.00293478 0.000627598 0.000151637 2.47675e-05 3.12479e-06 2.77192e-07 1.55305e-08 4.60221e-10 6.09642e-12
 2.56987e-27 2.60591e-27 4.79378e-26 9.57265e-20 2.34662e-14 6.95345e-10 2.49061e-06 0.00107834 0.0564364 0.357032 0.273285 0.0416561 0.125065 0.114859 0.0169789 0.00980689 0.00293999 0.000668562 0.000161433 2.54262e-05 3.24341e-06 2.80681e-07 1.44847e-08 4.06266e-10 4.92349e-12
#obs catch len freq
 1.63378e-41 2.26758e-33 3.80433e-26 7.71511e-20 1.89127e-14 5.60418e-10 2.00732e-06 0.000869102 0.0454853 0.287754 0.220468 0.0443396 0.165435 0.140591 0.0433224 0.0351181 0.0116129 0.00401155 0.000870093 0.000113988 6.64434e-06 1.24142e-07 5.45244e-10 4.4914e-13 6.00078e-17
 1.64203e-41 2.27902e-33 3.82353e-26 7.75405e-20 1.90081e-14 5.63246e-10 2.01746e-06 0.000873489 0.0457149 0.289206 0.22164 0.0463489 0.168385 0.135614 0.0436535 0.0335316 0.0107402 0.00349684 0.000707645 8.14262e-05 3.89085e-06 5.6098e-08 1.82856e-10 1.09243e-13 1.04419e-17
 1.92183e-41 2.66737e-33 4.47508e-26 9.07536e-20 2.22472e-14 6.59225e-10 2.36124e-06 0.00102233 0.0535049 0.338488 0.259276 0.0457524 0.133404 0.101397 0.0331664 0.0237638 0.00747244 0.00228159 0.000424119 4.29083e-05 1.6885e-06 1.87922e-08 4.53145e-11 1.9569e-14 1.33576e-18
 1.95107e-41 2.70795e-33 4.54316e-26 9.21343e-20 2.25856e-14 6.69254e-10 2.39716e-06 0.00103789 0.0543188 0.343637 0.263303 0.0489733 0.141286 0.100006 0.0257479 0.0154492 0.00466468 0.00132577 0.000226143 1.98559e-05 6.42405e-07 5.54909e-09 9.93453e-12 3.10266e-15 1.51077e-19
 1.99329e-41 2.76655e-33 4.64147e-26 9.41281e-20 2.30744e-14 6.83736e-10 2.44903e-06 0.00106035 0.0554943 0.351074 0.269054 0.0506623 0.138171 0.0919555 0.024881 0.0136353 0.00314964 0.000739302 0.000113197 8.56609e-06 2.25802e-07 1.51314e-09 2.02354e-12 4.59712e-16 1.60209e-20
 1.79717e-41 2.49436e-33 4.18481e-26 8.4867e-20 2.08042e-14 6.16465e-10 2.20808e-06 0.000956021 0.0500344 0.316534 0.242909 0.057495 0.174712 0.108947 0.0294784 0.0148938 0.00332728 0.000634164 7.24411e-05 4.49083e-06 9.5427e-08 4.93597e-10 4.93365e-13 8.19653e-17 2.05751e-21
 1.49279e-41 2.0719e-33 3.47604e-26 7.04933e-20 1.72806e-14 5.12056e-10 1.8341e-06 0.000794103 0.0415602 0.262925 0.202304 0.0661224 0.219543 0.130751 0.0468316 0.0233295 0.004911 0.000845146 7.77591e-05 3.44602e-06 5.4976e-08 2.16281e-10 1.61066e-13 1.95792e-17 3.55228e-22
 2.11986e-41 2.94223e-33 4.9362e-26 1.00105e-19 2.45396e-14 7.27153e-10 2.60454e-06 0.00112768 0.0590181 0.373367 0.286242 0.0520392 0.109975 0.0639634 0.032762 0.0166075 0.00415094 0.000687923 5.4506e-05 1.8394e-06 2.03065e-08 5.64813e-11 3.05855e-14 2.70579e-18 3.54683e-23
 2.02314e-41 2.80799e-33 4.71099e-26 9.55378e-20 2.342e-14 6.93977e-10 2.48571e-06 0.00107623 0.0563254 0.356334 0.273633 0.0624918 0.147444 0.0740661 0.0178096 0.00783065 0.00249732 0.000453017 3.55959e-05 9.88152e-07 7.95669e-09 1.50474e-11 5.55561e-15 3.44279e-19 3.21151e-24
 2.05578e-41 2.85329e-33 4.78698e-26 9.7079e-20 2.37978e-14 7.05172e-10 2.52581e-06 0.00109359 0.0572341 0.362084 0.278163 0.064014 0.140037 0.0673483 0.0211324 0.00737501 0.0012687 0.000227638 1.94704e-05 5.06389e-07 3.26527e-09 4.44086e-12 1.11637e-15 4.65111e-20 2.95375e-25
 1.76888e-41 2.45508e-33 4.11891e-26 8.35307e-20 2.04766e-14 6.06758e-10 2.17331e-06 0.000940968 0.0492465 0.311556 0.240334 0.0797656 0.193395 0.0868859 0.0270098 0.00906531 0.00160706 0.000179593 1.18858e-05 3.00708e-07 1.72191e-09 1.85262e-12 3.38789e-16 9.78454e-21 4.2132e-26
 2.06782e-41 2.87e-33 4.81502e-26 9.76476e-20 2.39372e-14 7.09302e-10 2.54061e-06 0.00109999 0.0575693 0.364207 0.280201 0.068673 0.132301 0.0596509 0.0263525 0.00838569 0.0014061 0.000144126 6.58044e-06 1.17447e-07 5.72115e-10 5.20489e-13 7.52496e-17 1.61867e-21 4.97728e-27
 1.90337e-41 2.64175e-33 4.43208e-26 8.98817e-20 2.20334e-14 6.52891e-10 2.33855e-06 0.00101251 0.0529908 0.335248 0.258981 0.0845206 0.17128 0.0672372 0.0206628 0.00661153 0.00132305 0.000125328 4.82238e-06 6.01334e-08 1.97949e-10 1.36658e-13 1.57621e-17 2.6646e-22 6.23054e-28
 1.98308e-41 2.75238e-33 4.6177e-26 9.36459e-20 2.29562e-14 6.80234e-10 2.43649e-06 0.00105491 0.0552101 0.34929 0.269857 0.0832342 0.151106 0.0597248 0.0234455 0.00603777 0.000941097 9.27336e-05 3.33391e-06 3.31217e-08 7.65865e-11 3.52028e-14 2.82903e-18 3.53501e-23 6.27839e-29
 1.69635e-41 2.35442e-33 3.95003e-26 8.01058e-20 1.9637e-14 5.8188e-10 2.0842e-06 0.000902386 0.0472273 0.298801 0.232966 0.107851 0.204108 0.0740887 0.0260781 0.00683294 0.00105938 8.01034e-05 2.54659e-06 2.23519e-08 4.05311e-11 1.33138e-14 7.23955e-19 6.07398e-24 7.43353e-30
 1.55891e-41 2.16366e-33 3.62999e-26 7.36154e-20 1.8046e-14 5.34735e-10 1.91533e-06 0.000829273 0.0434009 0.274604 0.215549 0.117614 0.212056 0.0851852 0.0399693 0.00936618 0.00132878 9.34517e-05 2.33804e-06 1.63397e-08 2.43582e-11 6.25887e-15 2.50003e-19 1.47108e-24 1.22849e-30
 1.78959e-41 2.48384e-33 4.16715e-26 8.45091e-20 2.07164e-14 6.13865e-10 2.19876e-06 0.000951989 0.0498233 0.315236 0.246272 0.105993 0.16564 0.0693107 0.0355373 0.00968299 0.00145956 8.91876e-05 1.89592e-06 1.02927e-08 1.15384e-11 2.28017e-15 7.0083e-20 3.09493e-25 1.88111e-31
 1.74179e-41 2.41749e-33 4.05583e-26 8.22515e-20 2.0163e-14 5.97466e-10 2.14003e-06 0.000926558 0.0484924 0.306834 0.241513 0.122025 0.179805 0.0641508 0.0271476 0.00773766 0.00128391 8.04589e-05 1.46508e-06 6.33979e-09 5.4061e-12 7.84791e-16 1.76854e-20 5.79012e-26 2.6201e-32
 1.76754e-41 2.45323e-33 4.11579e-26 8.34675e-20 2.04611e-14 6.06299e-10 2.17166e-06 0.000940256 0.0492093 0.311384 0.24599 0.126244 0.170907 0.0627663 0.0257493 0.00585829 0.000890935 5.67964e-05 9.79157e-07 3.54577e-09 2.3405e-12 2.54228e-16 4.19028e-21 9.89509e-27 3.22133e-33
 1.72385e-41 2.39259e-33 4.01407e-26 8.14045e-20 1.99554e-14 5.91314e-10 2.11799e-06 0.000917016 0.0479931 0.303717 0.241982 0.13819 0.174505 0.0623441 0.0243632 0.00529006 0.000660608 3.55425e-05 5.58774e-07 1.78325e-09 9.64293e-13 8.07329e-17 9.90387e-22 1.70963e-27 4.02269e-34
 1.81984e-41 2.52582e-33 4.23759e-26 8.59376e-20 2.10666e-14 6.24241e-10 2.23593e-06 0.000968081 0.0506657 0.320641 0.255545 0.135115 0.154185 0.0566289 0.0214329 0.00431704 0.000478415 2.06277e-05 2.57197e-07 6.81047e-10 3.05381e-13 2.05404e-17 1.9509e-22 2.52921e-28 4.37763e-35
 1.77873e-41 2.46877e-33 4.14187e-26 8.39962e-20 2.05907e-14 6.10139e-10 2.18542e-06 0.000946212 0.0495212 0.313446 0.252629 0.149322 0.158335 0.0534838 0.0183922 0.00355963 0.000350624 1.25006e-05 1.19809e-07 2.39559e-10 8.29805e-14 4.37769e-18 3.25134e-23 3.25132e-29 4.26723e-36
 1.79985e-41 2.49808e-33 4.19104e-26 8.49934e-20 2.08351e-14 6.17383e-10 2.21137e-06 0.000957446 0.0501092 0.317207 0.257264 0.153113 0.14977 0.0519681 0.016566 0.00279327 0.000242409 7.24113e-06 5.42526e-08 8.08919e-11 2.05091e-14 7.96484e-19 4.41331e-24 3.32402e-30 3.29503e-37
 1.78732e-41 2.48068e-33 4.16185e-26 8.44014e-20 2.069e-14 6.13083e-10 2.19596e-06 0.000950777 0.0497604 0.315063 0.258277 0.16177 0.146638 0.0499807 0.0150345 0.00234921 0.000170788 4.15767e-06 2.45835e-08 2.77228e-11 5.1575e-15 1.44593e-19 5.75716e-25 3.12649e-31 2.25018e-38
 1.8134e-41 2.51688e-33 4.22259e-26 8.56333e-20 2.0992e-14 6.22031e-10 2.22801e-06 0.000964653 0.0504868 0.319725 0.264058 0.164844 0.13793 0.0468829 0.0131108 0.00187615 0.000117797 2.29113e-06 1.04231e-08 8.89269e-12 1.22745e-15 2.50826e-20 7.18891e-26 2.78937e-32 1.42965e-39
 1.76129e-41 2.44456e-33 4.10125e-26 8.31725e-20 2.03888e-14 6.04156e-10 2.16399e-06 0.000936933 0.0490364 0.310667 0.261488 0.179145 0.139911 0.0455074 0.0117007 0.00152248 8.18971e-05 1.28907e-06 4.4923e-09 2.85025e-12 2.89489e-16 4.32429e-21 8.9932e-27 2.51356e-33 9.22348e-41
 1.67665e-41 2.32707e-33 3.90415e-26 7.91754e-20 1.94089e-14 5.75122e-10 2.05999e-06 0.000891906 0.0466803 0.295922 0.25551 0.194661 0.14492 0.04852 0.0115079 0.00132359 6.03209e-05 7.64966e-07 2.05636e-09 9.7394e-13 7.23263e-17 7.82268e-22 1.17365e-27 2.36199e-34 6.22817e-42
 1.66526e-41 2.31127e-33 3.87763e-26 7.86376e-20 1.92771e-14 5.71215e-10 2.046e-06 0.000885847 0.0463639 0.294071 0.257687 0.197623 0.140618 0.0500135 0.0114886 0.00120134 4.55918e-05 4.59932e-07 9.50809e-10 3.37486e-13 1.84365e-17 1.44766e-22 1.56324e-28 2.25338e-35 4.24631e-43
#spawning biomass
 7353.55 6697.43 7725.9 10878.3 14816.6 16304.9 16401.5 21027.5 32660.3 47334.3 57218.3 74734.3 99378.3 119542 124550 114375 98663.6 93225.7 94506.9 93512.8 91833.5 94338.6 110712 112670 122223 118631 113875 110984 108774 210001 236199 232839 213300 188135 163591 142536 125770 113049 103711 97016.2 92299.5 89017.7 86743 85152.6 84093 83387.1 82916.9 82603.6 82394.8 82255.8 82163.1 82101.4 82060.3 82032.9 82014.7 82002.5 81994.4 81989 81985.4 81983 81981.4 81980.4 81979.7 81979.2 81978.9 81978.7 81978.5 81978.4 81978.4 81978.3 81978.3 81978.3 81978.3 81978.3 81978.3 81978.2 81978.2 81978.2 81978.2 81978.2 81978.2 81978.2 81978.2 81978.2 81978.2 81978.2 81978.2 81978.2 81978.2 81978.2 81978.2 81978.2 81978.2 81978.2 81978.2 81978.2 81978.2 81978.2 81978.2 81978.2 81978.2 81978.2 81978.2 81978.2 81978.2 81978.2 81978.2 81978.2 81978.2 81978.2 81978.2 81978.2 81978.2 81978.2 81978.2 81978.2 81978.2 81978.2 81978.2 81978.2 81978.2 81978.2 81978.2 81978.2 81978.2 81978.2 81978.2 81978.2 0 0 0 0 0 0 0 0 0 0 0 0 0 0 0 0 0 0 0 0 0 0 0 0 0
