SBPRF35
0.0418769
Curr Bio
256111
B35
105576
F35
196.859
FOFL
196.859
OFL
343821
Bzero
9809.9
#pred survey bio
 11491.2 8478.78 10962.3 13176.2 21362.4 31095.6 29358.1 34803 47400.1 60418 74211.1 94385.8 122526 141441 142805 124328 113014 110583 103957 96487.4 98642.9 103062 104953 110445 124604 128446 133897 131822 143721 3.16858e+06 629099 197632 93629.4 65957.8 58768.5 56938.6 56480.8 56367.9 56340.3 56333.6 56332 56331.6 56331.5 56331.5 56331.5 56331.5 56331.5 56331.5 56331.5 56331.5 56331.5 56331.5 56331.5 56331.5 56331.5 56331.5 56331.5 56331.5 56331.5 56331.5 56331.5 56331.5 56331.5 56331.5 56331.5 56331.5 56331.5 56331.5 56331.5 56331.5 56331.5 56331.5 56331.5 56331.5 56331.5 56331.5 56331.5 56331.5 56331.5 56331.5 56331.5 56331.5 56331.5 56331.5 56331.5 56331.5 56331.5 56331.5 56331.5 56331.5 56331.5 56331.5 56331.5 56331.5 56331.5 56331.5 56331.5 56331.5 56331.5 56331.5 56331.5 56331.5 56331.5 56331.5 56331.5 56331.5 56331.5 56331.5 56331.5 56331.5 56331.5 56331.5 56331.5 56331.5 56331.5 56331.5 56331.5 56331.5 56331.5 56331.5 56331.5 56331.5 56331.5 56331.5 56331.5 56331.5 56331.5 56331.5 56331.5 0 0 0 0 0 0 0 0 0 0 0 0 0 0 0 0 0 0 0 0 0 0 0 0 0
#obs survey bio
 9508.21 6079.65 8171.01 15390.2 24249.4 23120.1 28645 35487.2 47242.2 73405.9 60305.6 104277 125012 157601 151714 98684.4 116836 116284 100866 115145 104929 92575.8 127990 83270.3 158655 161822 164775 124984 120994
#pred catch bio
 4898.78 4443.55 6372.16 6715.63 9266.41 19567.1 18670.5 22150.1 30313.9 37613.6 47388.4 63037.2 85730.4 95088.5 105592 98379.9 85347.2 82315.6 82297.8 75084.6 79574.8 87344 87257.8 90946.2 111994 104601 112604 107695 140927 343821 6381.83 6381.83 6381.83 6381.83 6381.83 6381.83 6381.83 6381.83 6381.83 6381.83 6381.83 6381.83 6381.83 6381.83 6381.83 6381.83 6381.83 6381.83 6381.83 6381.83 6381.83 6381.83 6381.83 6381.83 6381.83 6381.83 6381.83 6381.83 6381.83 6381.83 6381.83 6381.83 6381.83 6381.83 6381.83 6381.83 6381.83 6381.83 6381.83 6381.83 6381.83 6381.83 6381.83 6381.83 6381.83 6381.83 6381.83 6381.83 6381.83 6381.83 6381.83 6381.83 6381.83 6381.83 6381.83 6381.83 6381.83 6381.83 6381.83 6381.83 6381.83 6381.83 6381.83 6381.83 6381.83 6381.83 6381.83 6381.83 6381.83 6381.83 6381.83 6381.83 6381.83 6381.83 6381.83 6381.83 6381.83 6381.83 6381.83 6381.83 6381.83 6381.83 6381.83 6381.83 6381.83 6381.83 6381.83 6381.83 6381.83 6381.83 6381.83 6381.83 6381.83 6381.83 6381.83 6381.83 6381.83 6381.83 6381.83 0 0 0 0 0 0 0 0 0 0 0 0 0 0 0 0 0 0 0 0 0 0 0 0 0
#obs catch bio
 4345.34 4582.91 6459.81 6787.37 9170.12 19699.8 19256.1 22214.9 30718.2 37464.2 46908.1 63037.9 85818 94452.2 106022 100063 85522.1 81565.1 81797.1 74213 78386.3 86594.6 85156.7 89898.9 110430 102112 109450 105798 141484
#pred cpue bio
 12106 8661.32 11380.7 13811.9 21462.5 33040.9 31185.9 35510.4 48926 62619.7 77299.3 97061.9 126270 147735 151720 131338 117945 116371 109531 100709 102585 106602 108735 114104 127789 132508 139619 136588 147983 3.23975e+06 755794 198684 91575.9 63821.5 56630.1 54800.1 54342.3 54229.3 54201.8 54195.1 54193.5 54193.1 54193 54193 54193 54193 54193 54193 54193 54193 54193 54193 54193 54193 54193 54193 54193 54193 54193 54193 54193 54193 54193 54193 54193 54193 54193 54193 54193 54193 54193 54193 54193 54193 54193 54193 54193 54193 54193 54193 54193 54193 54193 54193 54193 54193 54193 54193 54193 54193 54193 54193 54193 54193 54193 54193 54193 54193 54193 54193 54193 54193 54193 54193 54193 54193 54193 54193 54193 54193 54193 54193 54193 54193 54193 54193 54193 54193 54193 54193 54193 54193 54193 54193 54193 54193 54193 54193 54193 0 0 0 0 0 0 0 0 0 0 0 0 0 0 0 0 0 0 0 0 0 0 0 0 0
#obs cpue bio
 3473.71 5316.47 16061.2 11349.6 30690.8 22692.2 23721.8 35582.7 35533.1 73926.9 121739 68722.7 129588 154063 119263 125388 117615 146255 123469 106732 124050 128937 151941 148366 142515 160399 188299 157023 153499
#pred surv len freq
 2.56386e-27 2.59038e-27 3.51485e-26 6.87501e-20 1.68533e-14 4.99392e-10 1.78874e-06 0.000774456 0.0405322 0.256418 0.196391 0.0374027 0.146717 0.135765 0.0369322 0.0505705 0.0233015 0.020032 0.013125 0.0104456 0.0084104 0.00734858 0.00736321 0.00649228 0.00197582
 2.57045e-27 2.60766e-27 4.96668e-26 9.93746e-20 2.43605e-14 7.21845e-10 2.58553e-06 0.00111943 0.0585872 0.370638 0.283643 0.0396406 0.102449 0.0942131 0.0172993 0.0158242 0.00613471 0.00385513 0.00206926 0.00138045 0.000959221 0.000738092 0.000663562 0.000586775 0.000195656
 2.57027e-27 2.60697e-27 4.88657e-26 9.76841e-20 2.39461e-14 7.09565e-10 2.54154e-06 0.00110039 0.0575905 0.364333 0.278858 0.0414843 0.119843 0.110002 0.0154063 0.00745315 0.00238005 0.000825387 0.000328895 0.000160522 8.68625e-05 5.52424e-05 4.24992e-05 3.563e-05 1.23127e-05
 2.5697e-27 2.60542e-27 4.7479e-26 9.47585e-20 2.32289e-14 6.88314e-10 2.46542e-06 0.00106743 0.0558657 0.353422 0.270534 0.0420054 0.129657 0.11905 0.0168709 0.00849982 0.00245276 0.000414372 0.000108418 2.96521e-05 1.04978e-05 4.81267e-06 2.9063e-06 2.15614e-06 7.4034e-07
 2.572e-27 2.61174e-27 5.31257e-26 1.06671e-19 2.61491e-14 7.74846e-10 2.77537e-06 0.00120163 0.0628889 0.397852 0.304426 0.03981 0.0891381 0.0817779 0.0124211 0.00773617 0.00225314 0.000393339 8.5407e-05 1.1174e-05 1.96754e-06 4.94829e-07 1.95366e-07 1.15007e-07 3.75072e-08
 2.56883e-27 2.60304e-27 4.5349e-26 9.02651e-20 2.21274e-14 6.55675e-10 2.34852e-06 0.00101682 0.0532166 0.336663 0.25775 0.0427923 0.144627 0.132827 0.0186321 0.00905246 0.00268584 0.000582833 0.000133153 1.69909e-05 1.80093e-06 1.75553e-07 3.05387e-08 1.13321e-08 3.26855e-09
 2.56876e-27 2.60287e-27 4.52187e-26 8.99904e-20 2.20601e-14 6.53679e-10 2.34137e-06 0.00101372 0.0530546 0.335638 0.256965 0.042661 0.144179 0.132458 0.019378 0.0108407 0.00313835 0.000529775 0.000120508 1.86388e-05 2.04872e-06 1.39944e-07 7.82886e-09 1.03269e-09 2.20725e-10
 2.57124e-27 2.60964e-27 5.12429e-26 1.02699e-19 2.51754e-14 7.45993e-10 2.67202e-06 0.00115688 0.0605471 0.383037 0.293126 0.0405839 0.102966 0.0944876 0.0137526 0.00757462 0.00222457 0.000431371 9.58393e-05 1.20342e-05 1.40898e-06 1.08968e-07 4.42854e-09 1.40848e-10 1.19242e-11
 2.57073e-27 2.60821e-27 4.99397e-26 9.99496e-20 2.45014e-14 7.26021e-10 2.60049e-06 0.00112591 0.0589261 0.372783 0.285308 0.04136 0.114365 0.104915 0.0139306 0.00535569 0.00155318 0.000296691 6.76012e-05 9.46296e-06 1.00706e-06 7.13358e-08 3.21657e-09 6.87095e-11 1.13389e-12
 2.57047e-27 2.6075e-27 4.93114e-26 9.86242e-20 2.41765e-14 7.16394e-10 2.566e-06 0.00111098 0.0581448 0.36784 0.281536 0.0415241 0.118264 0.108521 0.014729 0.00626461 0.0017663 0.000239752 4.98866e-05 6.93282e-06 7.84322e-07 5.63624e-08 2.28845e-09 5.01635e-11 4.58916e-13
 2.57014e-27 2.60662e-27 4.85358e-26 9.6988e-20 2.37754e-14 7.04509e-10 2.52343e-06 0.00109255 0.0571801 0.361737 0.27688 0.0417393 0.123173 0.113055 0.0156097 0.00713177 0.00203021 0.000301328 6.05301e-05 6.18623e-06 6.37848e-07 4.70356e-08 1.98397e-09 4.05426e-11 3.52558e-13
 2.57088e-27 2.60864e-27 5.03371e-26 1.00788e-19 2.4707e-14 7.32111e-10 2.6223e-06 0.00113536 0.0594204 0.37591 0.287691 0.0410811 0.110568 0.101451 0.0140421 0.00647959 0.00185591 0.000294623 6.11373e-05 6.67509e-06 6.00551e-07 3.4747e-08 1.43301e-09 3.02459e-11 2.52401e-13
 2.57082e-27 2.60846e-27 5.01605e-26 1.00415e-19 2.46156e-14 7.29405e-10 2.61261e-06 0.00113116 0.0592008 0.37452 0.286633 0.0412815 0.112837 0.103509 0.0137575 0.00531305 0.00151424 0.000242737 5.10826e-05 5.94594e-06 5.63416e-07 3.17553e-08 1.0412e-09 1.99607e-11 1.69332e-13
 2.57006e-27 2.60638e-27 4.82981e-26 9.64864e-20 2.36525e-14 7.00865e-10 2.51038e-06 0.0010869 0.0568844 0.359866 0.275455 0.0420085 0.126223 0.115822 0.0152369 0.00558535 0.00156711 0.000213335 4.29373e-05 5.05194e-06 4.95575e-07 2.98393e-08 9.84531e-10 1.58765e-11 1.17223e-13
 2.56891e-27 2.60325e-27 4.55194e-26 9.06245e-20 2.22155e-14 6.58285e-10 2.35787e-06 0.00102087 0.0534284 0.338003 0.258775 0.04287 0.144498 0.132682 0.0181472 0.00797546 0.00224406 0.000291582 5.62615e-05 5.71226e-06 5.37724e-07 3.31553e-08 1.15963e-09 1.91179e-11 1.24531e-13
 2.56929e-27 2.60428e-27 4.64408e-26 9.25683e-20 2.2692e-14 6.72405e-10 2.40844e-06 0.00104276 0.0545745 0.345253 0.264305 0.0425443 0.138134 0.12682 0.0172897 0.00749808 0.00213662 0.000326828 6.57797e-05 6.36684e-06 5.48508e-07 3.00738e-08 1.04949e-09 1.81577e-11 1.21688e-13
 2.57012e-27 2.60653e-27 4.84285e-26 9.67615e-20 2.37199e-14 7.02863e-10 2.51754e-06 0.00109 0.0570466 0.360892 0.276238 0.0419711 0.125388 0.115051 0.0150797 0.00542213 0.00153328 0.000231828 4.77309e-05 5.34476e-06 4.73606e-07 2.40898e-08 7.46052e-10 1.23691e-11 8.5843e-14
 2.56962e-27 2.60515e-27 4.72004e-26 9.41707e-20 2.30848e-14 6.84044e-10 2.45013e-06 0.00106081 0.0555191 0.351229 0.268867 0.0424345 0.134093 0.123063 0.0161131 0.00576019 0.00160713 0.000205457 4.00988e-05 4.46733e-06 4.2322e-07 2.40305e-08 7.18607e-10 1.06664e-11 6.9201e-14
 2.5695e-27 2.60485e-27 4.69409e-26 9.36234e-20 2.29506e-14 6.80068e-10 2.43589e-06 0.00105465 0.0551965 0.349188 0.267309 0.042453 0.135329 0.124218 0.0165867 0.00654879 0.00183323 0.000233018 4.42155e-05 4.22868e-06 3.79161e-07 2.21538e-08 7.33477e-10 1.10615e-11 6.54621e-14
 2.57012e-27 2.60653e-27 4.8429e-26 9.67625e-20 2.37202e-14 7.02871e-10 2.51756e-06 0.00109001 0.0570472 0.360896 0.276241 0.0419884 0.125517 0.115166 0.0150328 0.00528555 0.0014829 0.000205653 4.01131e-05 3.79532e-06 3.1581e-07 1.62212e-08 5.33494e-10 8.69877e-12 5.37468e-14
 2.57035e-27 2.60715e-27 4.89776e-26 9.792e-20 2.40039e-14 7.11279e-10 2.54768e-06 0.00110305 0.0577296 0.365213 0.279535 0.0418134 0.121871 0.111805 0.0144842 0.00488041 0.0013566 0.000170051 3.25069e-05 3.32584e-06 2.83572e-07 1.39528e-08 4.07374e-10 6.31267e-12 4.11445e-14
 2.57068e-27 2.60807e-27 4.97891e-26 9.96319e-20 2.44236e-14 7.23714e-10 2.59222e-06 0.00112233 0.0587388 0.371598 0.284406 0.0415701 0.116597 0.106937 0.0136111 0.00411518 0.00113566 0.000137242 2.55078e-05 2.38743e-06 2.0408e-07 1.06992e-08 3.0759e-10 4.32476e-12 2.61736e-14
 2.57063e-27 2.6079e-27 4.96292e-26 9.92945e-20 2.43408e-14 7.21263e-10 2.58344e-06 0.00111853 0.0585399 0.370339 0.283448 0.041706 0.118305 0.108492 0.0135021 0.00347536 0.000945884 0.000104528 1.86643e-05 1.68254e-06 1.36219e-07 6.72728e-09 2.01501e-10 2.86846e-12 1.61164e-14
 2.57077e-27 2.6083e-27 4.99933e-26 1.00063e-19 2.45291e-14 7.26842e-10 2.60343e-06 0.00112718 0.0589927 0.373204 0.285633 0.0415424 0.115525 0.10594 0.013293 0.00364048 0.000986909 9.6166e-05 1.60238e-05 1.32778e-06 1.02118e-07 4.7841e-09 1.34368e-10 1.91844e-12 1.10184e-14
 2.57117e-27 2.6094e-27 5.09735e-26 1.0213e-19 2.5036e-14 7.41863e-10 2.65723e-06 0.00115048 0.0602119 0.380917 0.291516 0.0411705 0.108561 0.0995319 0.0124859 0.00341329 0.000927668 9.47453e-05 1.59154e-05 1.17254e-06 8.21845e-08 3.53423e-09 9.36767e-11 1.25531e-12 7.06105e-15
 2.5709e-27 2.60863e-27 5.02776e-26 1.00662e-19 2.46762e-14 7.31199e-10 2.61903e-06 0.00113394 0.0593463 0.375441 0.287341 0.0415383 0.114294 0.104783 0.0127168 0.00261885 0.000699734 7.13689e-05 1.20452e-05 9.23842e-07 6.33361e-08 2.39877e-09 5.75647e-11 7.15222e-13 3.77789e-15
 2.57024e-27 2.60685e-27 4.86999e-26 9.73341e-20 2.38603e-14 7.07022e-10 2.53244e-06 0.00109645 0.0573841 0.363028 0.27787 0.0420287 0.12468 0.114365 0.0143773 0.00399098 0.00107408 8.91241e-05 1.34253e-05 1.02663e-06 7.14188e-08 2.76001e-09 6.08583e-11 6.69642e-13 3.2379e-15
 2.5706e-27 2.60784e-27 4.95815e-26 9.91939e-20 2.43162e-14 7.20532e-10 2.58083e-06 0.0011174 0.0584806 0.369964 0.283161 0.0416865 0.118358 0.108549 0.0136683 0.00383934 0.00104553 0.000107864 1.79103e-05 1.13564e-06 7.04253e-08 2.72181e-09 6.11526e-11 6.44361e-13 2.77276e-15
 2.57095e-27 2.60879e-27 5.0431e-26 1.00986e-19 2.47555e-14 7.3355e-10 2.62745e-06 0.00113759 0.0595372 0.376648 0.288259 0.0413575 0.112272 0.102951 0.0129921 0.00370681 0.00101075 0.000105305 1.7968e-05 1.38662e-06 9.07111e-08 2.90948e-09 6.14403e-11 6.5354e-13 2.7545e-15
#obs surv len freq
 1.76663e-41 2.45197e-33 4.11369e-26 8.34248e-20 2.04506e-14 6.05989e-10 2.17055e-06 0.000939775 0.0491841 0.311153 0.238328 0.0440332 0.151954 0.128728 0.0362707 0.0278442 0.00839203 0.00261093 0.000500754 5.71097e-05 2.84387e-06 4.5273e-08 1.71518e-10 1.24231e-13 1.48767e-17
 2.1792e-41 3.02458e-33 5.07436e-26 1.02907e-19 2.52264e-14 7.47506e-10 2.67744e-06 0.00115924 0.06067 0.383816 0.293783 0.0419913 0.0967591 0.0774449 0.0221448 0.0159672 0.00464231 0.00135493 0.000239415 2.39155e-05 9.83118e-07 1.22077e-08 3.4636e-11 1.83004e-14 1.57277e-18
 1.72547e-41 2.39483e-33 4.01783e-26 8.14808e-20 1.99741e-14 5.91868e-10 2.11997e-06 0.000917876 0.048038 0.303903 0.232985 0.0512281 0.181649 0.135656 0.0264569 0.0140217 0.00389844 0.00105742 0.000170677 1.48608e-05 5.03239e-07 4.86495e-09 1.03158e-11 3.97227e-15 2.45127e-19
 2.0899e-41 2.90064e-33 4.86643e-26 9.86902e-20 2.41927e-14 7.16875e-10 2.56773e-06 0.00111174 0.0581839 0.368089 0.281899 0.0458534 0.113627 0.0814798 0.0279468 0.0177161 0.00333892 0.000650996 9.35991e-05 7.02554e-06 1.94855e-07 1.46556e-09 2.32447e-12 6.52735e-16 2.89367e-20
 2.37433e-41 3.29541e-33 5.52874e-26 1.12122e-19 2.74853e-14 8.1444e-10 2.91719e-06 0.00126304 0.0661026 0.418185 0.320121 0.0442502 0.0786952 0.0518071 0.0115138 0.00598569 0.00169937 0.000340709 3.15737e-05 1.83655e-06 4.10822e-08 2.39412e-10 2.84274e-13 5.83589e-17 1.86279e-21
 1.31987e-41 1.83189e-33 3.07337e-26 6.23273e-20 1.52788e-14 4.52739e-10 1.62164e-06 0.000702114 0.0367458 0.232468 0.179101 0.0712303 0.272311 0.166427 0.0278807 0.0106816 0.00201653 0.000390136 4.17915e-05 1.71232e-06 2.65849e-08 1.16425e-10 1.03071e-13 1.54865e-17 3.56919e-22
 2.2109e-41 3.06859e-33 5.14819e-26 1.04404e-19 2.55935e-14 7.58382e-10 2.7164e-06 0.00117611 0.0615528 0.389401 0.298282 0.0467872 0.0892824 0.0567563 0.0356515 0.0183068 0.00247502 0.000299533 2.49845e-05 1.00261e-06 1.16692e-08 3.40609e-11 2.12674e-14 2.31051e-18 3.84156e-23
 1.98852e-41 2.75993e-33 4.63036e-26 9.39027e-20 2.30191e-14 6.82099e-10 2.44317e-06 0.00105781 0.0553614 0.350235 0.26885 0.0609632 0.154871 0.0824567 0.0158368 0.00729378 0.00267274 0.00037909 1.92138e-05 5.28015e-07 5.14337e-09 1.14202e-11 4.80821e-15 3.52277e-19 4.08198e-24
 2.02257e-41 2.80719e-33 4.70965e-26 9.55107e-20 2.34133e-14 6.9378e-10 2.48501e-06 0.00107592 0.0563095 0.356233 0.273527 0.0615496 0.14382 0.0740225 0.0232218 0.00865396 0.00131419 0.00025054 1.95268e-05 3.8713e-07 2.37566e-09 3.90093e-12 1.23723e-15 6.37638e-20 4.9805e-25
 1.97999e-41 2.7481e-33 4.61051e-26 9.35003e-20 2.29205e-14 6.79176e-10 2.4327e-06 0.00105327 0.0551242 0.348736 0.268087 0.0669902 0.154267 0.0738029 0.0221573 0.00810341 0.00149749 0.000167567 1.10817e-05 2.79066e-07 1.45193e-09 1.52941e-12 3.2497e-16 1.2046e-20 6.79576e-26
 2.09905e-41 2.91335e-33 4.88774e-26 9.91225e-20 2.42987e-14 7.20015e-10 2.57898e-06 0.00111661 0.0584388 0.369706 0.284151 0.065849 0.133161 0.0601767 0.019608 0.00652488 0.00113216 0.000127323 6.18766e-06 1.16541e-07 6.09866e-10 5.79728e-13 8.80675e-17 2.13305e-21 8.06677e-27
 2.04994e-41 2.84518e-33 4.77338e-26 9.68032e-20 2.37302e-14 7.03169e-10 2.51864e-06 0.00109048 0.0570715 0.361059 0.277973 0.0730037 0.145998 0.0604983 0.0171528 0.00517684 0.000881512 8.89113e-05 3.87903e-06 5.53418e-08 2.07394e-10 1.65246e-13 2.20002e-17 4.26311e-22 1.15213e-27
 1.99992e-41 2.77575e-33 4.6569e-26 9.44411e-20 2.31511e-14 6.8601e-10 2.45718e-06 0.00106387 0.0556788 0.352252 0.271717 0.0795153 0.153873 0.060863 0.0191409 0.00509526 0.000730764 6.57541e-05 2.49781e-06 2.94574e-08 8.30856e-11 4.66313e-14 4.59381e-18 7.07353e-23 1.54785e-28
 1.86798e-41 2.59263e-33 4.34968e-26 8.82105e-20 2.16238e-14 6.40752e-10 2.29507e-06 0.000993686 0.0520056 0.32902 0.254808 0.091385 0.175572 0.0667319 0.0228139 0.00579651 0.000809587 5.99039e-05 1.85802e-06 1.79065e-08 3.96893e-11 1.6633e-14 1.16415e-18 1.25776e-23 1.98392e-29
 1.68845e-41 2.34345e-33 3.93163e-26 7.97326e-20 1.95455e-14 5.79169e-10 2.07449e-06 0.000898183 0.0470073 0.297409 0.231832 0.106408 0.20125 0.076393 0.0302705 0.00742418 0.00103467 6.99672e-05 1.76759e-06 1.30796e-08 2.22991e-11 7.09753e-15 3.68411e-19 2.87436e-24 3.20091e-30
 1.90656e-41 2.64617e-33 4.43951e-26 9.00323e-20 2.20704e-14 6.53985e-10 2.34247e-06 0.00101421 0.0530796 0.335824 0.26088 0.0957063 0.155409 0.0614555 0.0284205 0.00711124 0.00102989 6.54634e-05 1.44235e-06 8.43272e-09 1.06907e-11 2.50499e-15 9.58714e-20 5.48835e-25 4.44078e-31
 1.85386e-41 2.57304e-33 4.3168e-26 8.75439e-20 2.14604e-14 6.3591e-10 2.27773e-06 0.000986176 0.0516126 0.326556 0.25512 0.109851 0.170008 0.0578658 0.0214688 0.00560874 0.000865457 5.40663e-05 1.07236e-06 5.20435e-09 5.10593e-12 8.80737e-16 2.42933e-20 9.9988e-26 5.8317e-32
 1.83714e-41 2.54983e-33 4.27786e-26 8.67542e-20 2.12668e-14 6.30173e-10 2.25718e-06 0.00097728 0.051147 0.323624 0.253915 0.116822 0.168138 0.0581445 0.0219786 0.00458495 0.000626443 3.898e-05 7.16885e-07 2.98005e-09 2.34797e-12 3.10102e-16 6.31905e-21 1.87641e-26 7.80182e-33
 1.86844e-41 2.59328e-33 4.35076e-26 8.82325e-20 2.16292e-14 6.40912e-10 2.29564e-06 0.000993934 0.0520186 0.329152 0.259091 0.121035 0.159508 0.0538828 0.0198284 0.0040027 0.000461953 2.34872e-05 3.85246e-07 1.39514e-09 9.05402e-13 9.41786e-17 1.46231e-21 3.22842e-27 9.79527e-34
 1.94951e-41 2.70579e-33 4.53952e-26 9.20605e-20 2.25675e-14 6.68718e-10 2.39524e-06 0.00103706 0.0542754 0.343443 0.270695 0.120975 0.143666 0.0465664 0.0159854 0.00302237 0.000318399 1.33179e-05 1.70163e-07 5.00187e-10 2.66037e-13 2.21381e-17 2.67357e-22 4.48717e-28 1.01685e-34
 1.94289e-41 2.69661e-33 4.52412e-26 9.17483e-20 2.2491e-14 6.6645e-10 2.38712e-06 0.00103354 0.0540914 0.342306 0.271481 0.129718 0.142437 0.0431382 0.0132981 0.00227457 0.000212251 7.56723e-06 7.61034e-08 1.67946e-10 6.77788e-14 4.36194e-18 4.08304e-23 5.26048e-29 9.03305e-36
 1.98891e-41 2.76047e-33 4.63127e-26 9.39212e-20 2.30237e-14 6.82233e-10 2.44365e-06 0.00105802 0.0553725 0.350436 0.278803 0.131108 0.131033 0.0391455 0.0112367 0.00166923 0.000131909 3.90257e-06 3.13603e-08 5.26947e-11 1.56308e-14 7.33841e-19 5.05933e-24 4.85438e-30 6.24197e-37
 1.91492e-41 2.65778e-33 4.45898e-26 9.04273e-20 2.21672e-14 6.56854e-10 2.35275e-06 0.00101866 0.0533128 0.337462 0.27192 0.147003 0.13813 0.0393079 0.0103466 0.00140121 9.2708e-05 2.18122e-06 1.3663e-08 1.75274e-11 3.87462e-15 1.32655e-19 6.58226e-25 4.53071e-31 4.19455e-38
 1.95691e-41 2.71606e-33 4.55676e-26 9.24102e-20 2.26533e-14 6.71258e-10 2.40434e-06 0.00104099 0.0544819 0.344899 0.278863 0.145853 0.125856 0.0380604 0.0097044 0.00117204 6.60991e-05 1.24048e-06 5.88883e-09 5.63208e-12 9.2117e-16 2.3131e-20 8.33571e-26 4.12922e-32 2.73236e-39
 1.93839e-41 2.69036e-33 4.51364e-26 9.15358e-20 2.24389e-14 6.64906e-10 2.38159e-06 0.00103114 0.0539666 0.341714 0.279407 0.15553 0.12393 0.0350599 0.0083384 0.000971893 4.7239e-05 7.11156e-07 2.57664e-09 1.81536e-12 2.15533e-16 3.91504e-21 1.01933e-26 3.64063e-33 1.7317e-40
 1.87393e-41 2.60089e-33 4.36354e-26 8.84916e-20 2.16927e-14 6.42794e-10 2.30238e-06 0.000996853 0.0521723 0.330475 0.275005 0.169619 0.127195 0.0359104 0.00778267 0.000806744 3.4728e-05 4.31944e-07 1.20555e-09 6.30751e-13 5.43989e-17 7.08806e-22 1.31712e-27 3.35469e-34 1.13859e-41
 1.7971e-41 2.49426e-33 4.18464e-26 8.48637e-20 2.08033e-14 6.16441e-10 2.20799e-06 0.000955984 0.0500338 0.317096 0.269699 0.183944 0.131103 0.0384826 0.00791961 0.000737247 2.66938e-05 2.72884e-07 6.02087e-10 2.37954e-13 1.50532e-17 1.41613e-22 1.88224e-28 3.40945e-35 8.20463e-43
 1.82574e-41 2.534e-33 4.25131e-26 8.62158e-20 2.11348e-14 6.26262e-10 2.24317e-06 0.000971216 0.0508315 0.322262 0.276127 0.182319 0.121986 0.0373743 0.00745758 0.000648622 1.99908e-05 1.63489e-07 2.80672e-10 8.4741e-14 4.00648e-18 2.76064e-23 2.64992e-29 3.4367e-36 5.89015e-44
 1.82581e-41 2.5341e-33 4.25148e-26 8.62192e-20 2.11356e-14 6.26287e-10 2.24326e-06 0.000971254 0.0508335 0.322275 0.276143 0.182589 0.122953 0.0367687 0.00689957 0.000549392 1.49551e-05 1.04759e-07 1.50539e-10 3.74741e-14 1.44681e-18 8.08822e-24 6.26988e-30 6.54478e-37 9.00626e-45
#pred catch len freq
 2.56376e-27 2.58999e-27 3.46461e-26 6.76897e-20 1.65933e-14 4.9169e-10 1.76115e-06 0.000762511 0.0399071 0.252463 0.193394 0.0388325 0.159704 0.147574 0.0359155 0.045211 0.0206293 0.0175106 0.0114513 0.00910654 0.00733114 0.00640544 0.00641817 0.00565902 0.00172223
 2.5704e-27 2.60746e-27 4.94459e-26 9.89086e-20 2.42463e-14 7.1846e-10 2.5734e-06 0.00111419 0.0583124 0.3689 0.282323 0.0400923 0.106814 0.0981715 0.0167529 0.0135661 0.00521477 0.0032289 0.00172951 0.00115274 0.00080086 0.000616221 0.000553996 0.000489888 0.00016335
 2.57026e-27 2.60693e-27 4.8804e-26 9.75537e-20 2.39141e-14 7.08618e-10 2.53815e-06 0.00109892 0.0575137 0.363847 0.278489 0.0416613 0.121449 0.111449 0.0150301 0.00622838 0.00197246 0.000672567 0.000267245 0.000130282 7.04844e-05 4.48248e-05 3.44846e-05 2.89108e-05 9.99072e-06
 2.56942e-27 2.60464e-27 4.67641e-26 9.32503e-20 2.28592e-14 6.77359e-10 2.42618e-06 0.00105045 0.0549765 0.347797 0.266246 0.0424243 0.135858 0.124723 0.0169901 0.00734359 0.00210624 0.000349969 9.1141e-05 2.48888e-05 8.8088e-06 4.03815e-06 2.43856e-06 1.80914e-06 6.21191e-07
 2.57159e-27 2.6106e-27 5.20953e-26 1.04497e-19 2.56162e-14 7.59054e-10 2.7188e-06 0.00117714 0.0616072 0.389744 0.298242 0.040314 0.0973177 0.0892796 0.012908 0.00695794 0.00201623 0.000346172 7.48527e-05 9.77725e-06 1.72069e-06 4.32707e-07 1.70838e-07 1.00568e-07 3.27981e-08
 2.569e-27 2.60349e-27 4.57295e-26 9.10677e-20 2.23241e-14 6.61504e-10 2.3694e-06 0.00102586 0.0536897 0.339656 0.260036 0.0428271 0.143285 0.131553 0.0177649 0.0073951 0.00217905 0.000464891 0.000105852 1.3486e-05 1.42874e-06 1.39253e-07 2.42234e-08 8.98867e-09 2.59262e-09
 2.56897e-27 2.60343e-27 4.56969e-26 9.09991e-20 2.23073e-14 6.61006e-10 2.36761e-06 0.00102509 0.0536493 0.3394 0.259839 0.0426935 0.142407 0.130781 0.0183074 0.00882207 0.00253988 0.0004217 9.55009e-05 1.47477e-05 1.62037e-06 1.1067e-07 6.191e-09 8.16636e-10 1.74547e-10
 2.5714e-27 2.61007e-27 5.16096e-26 1.03472e-19 2.5365e-14 7.51611e-10 2.69214e-06 0.0011656 0.0610031 0.385922 0.295329 0.040596 0.101511 0.0931153 0.0129777 0.00615297 0.0017964 0.000342524 7.58152e-05 9.50475e-06 1.11226e-06 8.60106e-08 3.49543e-09 1.11171e-10 9.41164e-12
 2.57089e-27 2.60863e-27 5.02986e-26 1.00707e-19 2.46871e-14 7.31522e-10 2.62019e-06 0.00113444 0.0593726 0.375607 0.287464 0.0413277 0.112605 0.103272 0.0133104 0.00435499 0.0012527 0.000235296 5.34057e-05 7.46403e-06 7.93984e-07 5.6235e-08 2.53559e-09 5.41627e-11 8.93826e-13
 2.57058e-27 2.60779e-27 4.9553e-26 9.91338e-20 2.43015e-14 7.20096e-10 2.57926e-06 0.00111672 0.0584452 0.36974 0.282988 0.0415513 0.117451 0.107747 0.0141477 0.00513463 0.00143791 0.0001921 3.97551e-05 5.51587e-06 6.23741e-07 4.48173e-08 1.81964e-09 3.98867e-11 3.649e-13
 2.57032e-27 2.60709e-27 4.89358e-26 9.78317e-20 2.39823e-14 7.10637e-10 2.54538e-06 0.00110205 0.0576775 0.364884 0.279282 0.0417257 0.121382 0.111376 0.0148388 0.00579729 0.00163968 0.000239454 4.7869e-05 4.88454e-06 5.03329e-07 3.71111e-08 1.56531e-09 3.1987e-11 2.78159e-13
 2.57114e-27 2.60933e-27 5.09349e-26 1.02049e-19 2.50161e-14 7.41272e-10 2.65511e-06 0.00114956 0.0601639 0.380613 0.291281 0.0409834 0.107303 0.0984172 0.0131399 0.00518636 0.00147584 0.000230474 4.76089e-05 5.18985e-06 4.66671e-07 2.69969e-08 1.11335e-09 2.34988e-11 1.96096e-13
 2.57117e-27 2.6094e-27 5.09889e-26 1.02163e-19 2.5044e-14 7.42098e-10 2.65807e-06 0.00115084 0.060231 0.381038 0.291607 0.0410719 0.107747 0.098802 0.0127449 0.00418936 0.00118474 0.000186819 3.91376e-05 4.54834e-06 4.30762e-07 2.42753e-08 7.95913e-10 1.52583e-11 1.29439e-13
 2.57034e-27 2.60714e-27 4.89605e-26 9.78839e-20 2.3995e-14 7.11016e-10 2.54674e-06 0.00110264 0.0577083 0.365078 0.279433 0.0418638 0.122327 0.112214 0.0143499 0.00447189 0.00124484 0.000166789 3.33904e-05 3.92234e-06 3.84569e-07 2.31523e-08 7.63871e-10 1.2318e-11 9.0949e-14
 2.56951e-27 2.60486e-27 4.69388e-26 9.36188e-20 2.29495e-14 6.80036e-10 2.43577e-06 0.0010546 0.0551938 0.349171 0.267296 0.0424945 0.135653 0.124507 0.0164554 0.0061769 0.00172673 0.000220868 4.23815e-05 4.29618e-06 4.0418e-07 2.49177e-08 8.71482e-10 1.43674e-11 9.35869e-14
 2.57006e-27 2.60637e-27 4.8293e-26 9.64757e-20 2.36499e-14 7.00788e-10 2.5101e-06 0.00108678 0.0568781 0.359826 0.275425 0.0420008 0.126186 0.11579 0.0152616 0.00565068 0.00159918 0.000240664 4.82118e-05 4.65921e-06 4.01148e-07 2.1991e-08 7.67397e-10 1.32769e-11 8.89785e-14
 2.57069e-27 2.60807e-27 4.97933e-26 9.96406e-20 2.44257e-14 7.23777e-10 2.59245e-06 0.00112243 0.058744 0.37163 0.284431 0.0415594 0.116499 0.106848 0.0136212 0.00416194 0.00116728 0.000173641 3.558e-05 3.97784e-06 3.52296e-07 1.79168e-08 5.54854e-10 9.19909e-12 6.38425e-14
 2.57017e-27 2.60667e-27 4.85422e-26 9.70013e-20 2.37787e-14 7.04606e-10 2.52378e-06 0.0010927 0.057188 0.361787 0.276922 0.0420364 0.125404 0.115042 0.0146531 0.00445084 0.00123193 0.000155046 3.0089e-05 3.34676e-06 3.1689e-07 1.79905e-08 5.3797e-10 7.9851e-12 5.18053e-14
 2.57025e-27 2.60689e-27 4.87413e-26 9.74215e-20 2.38817e-14 7.07657e-10 2.53471e-06 0.00109743 0.0574357 0.363354 0.278117 0.0419029 0.123549 0.113348 0.0146789 0.00493561 0.00137171 0.000171654 3.23883e-05 3.09267e-06 2.77127e-07 1.61898e-08 5.35999e-10 8.08326e-12 4.78369e-14
 2.57077e-27 2.60829e-27 4.99849e-26 1.00045e-19 2.45248e-14 7.26713e-10 2.60296e-06 0.00112698 0.0589823 0.373138 0.285581 0.0415005 0.115242 0.105689 0.0134268 0.0040098 0.00111573 0.00015228 2.95496e-05 2.79151e-06 2.32138e-07 1.19216e-08 3.92071e-10 6.39278e-12 3.94988e-14
 2.57107e-27 2.60911e-27 5.07207e-26 1.01597e-19 2.49053e-14 7.3799e-10 2.64336e-06 0.00114447 0.0598975 0.378928 0.289998 0.0412446 0.110191 0.101036 0.0127542 0.00364718 0.00100526 0.000124064 2.35801e-05 2.40868e-06 2.05254e-07 1.00978e-08 2.94808e-10 4.5683e-12 2.97751e-14
 2.5715e-27 2.61029e-27 5.17653e-26 1.03801e-19 2.54455e-14 7.53996e-10 2.70069e-06 0.00116929 0.0611967 0.387147 0.296268 0.0408928 0.103109 0.0945089 0.0117543 0.00301051 0.000823032 9.79423e-05 1.80958e-05 1.69103e-06 1.44459e-07 7.57234e-09 2.17689e-10 3.0607e-12 1.85235e-14
 2.57139e-27 2.60998e-27 5.14828e-26 1.03205e-19 2.52994e-14 7.49668e-10 2.68518e-06 0.00116258 0.0608454 0.384924 0.294574 0.0410561 0.105542 0.0967354 0.0118066 0.00256932 0.000691667 7.5301e-05 1.33586e-05 1.20235e-06 9.72788e-08 4.80344e-09 1.43871e-10 2.04805e-12 1.15069e-14
 2.5715e-27 2.61028e-27 5.17551e-26 1.03779e-19 2.54402e-14 7.5384e-10 2.70013e-06 0.00116905 0.061184 0.387067 0.296208 0.0409329 0.103457 0.0948212 0.0116527 0.00269988 0.000724546 6.96065e-05 1.15134e-05 9.52536e-07 7.32068e-08 3.42908e-09 9.63064e-11 1.375e-12 7.89721e-15
 2.57208e-27 2.61187e-27 5.31755e-26 1.06776e-19 2.61748e-14 7.75605e-10 2.77809e-06 0.00120281 0.0629505 0.398242 0.304733 0.040388 0.0933205 0.0854955 0.0105044 0.00242941 0.000653568 6.57909e-05 1.09749e-05 8.07344e-07 5.65427e-08 2.43113e-09 6.44354e-11 8.63454e-13 4.85688e-15
 2.57157e-27 2.61048e-27 5.19241e-26 1.04136e-19 2.55276e-14 7.5643e-10 2.7094e-06 0.00117307 0.0613942 0.388396 0.297223 0.040945 0.102835 0.0942322 0.0112621 0.00195823 0.00051612 5.18837e-05 8.6956e-06 6.65921e-07 4.56196e-08 1.72748e-09 4.14533e-11 5.15038e-13 2.72049e-15
 2.57108e-27 2.60913e-27 5.07274e-26 1.01611e-19 2.49088e-14 7.38092e-10 2.64372e-06 0.00114463 0.0599058 0.37898 0.29004 0.0413238 0.110765 0.101546 0.0124989 0.00293582 0.000782392 6.40813e-05 9.57015e-06 7.30672e-07 5.07917e-08 1.96254e-09 4.32718e-11 4.76128e-13 2.3022e-15
 2.57132e-27 2.60981e-27 5.13339e-26 1.02891e-19 2.52224e-14 7.47386e-10 2.67701e-06 0.00115904 0.0606601 0.383753 0.29368 0.0410855 0.106394 0.0975258 0.0120204 0.00285741 0.000770441 7.83368e-05 1.29185e-05 8.17984e-07 5.068e-08 1.95833e-09 4.3997e-11 4.63588e-13 1.99487e-15
 2.57212e-27 2.61199e-27 5.32882e-26 1.07014e-19 2.62331e-14 7.77333e-10 2.78428e-06 0.00120549 0.0630908 0.399129 0.305409 0.0403318 0.0924179 0.0846679 0.010455 0.0025249 0.000681772 7.00013e-05 1.18627e-05 9.14075e-07 5.9754e-08 1.91623e-09 4.04631e-11 4.30401e-13 1.81402e-15
#obs catch len freq
 1.74904e-41 2.42755e-33 4.07272e-26 8.2594e-20 2.0247e-14 5.99954e-10 2.14894e-06 0.000930416 0.0486943 0.308054 0.235963 0.0441299 0.154125 0.130593 0.0369819 0.0284952 0.00868041 0.00274249 0.000539962 6.39726e-05 3.33702e-06 5.56489e-08 2.20182e-10 1.65924e-13 2.05848e-17
 1.77029e-41 2.45705e-33 4.12221e-26 8.35976e-20 2.0493e-14 6.07244e-10 2.17505e-06 0.000941721 0.0492859 0.311797 0.238879 0.0459696 0.155568 0.12476 0.0360928 0.0262119 0.00773676 0.00229608 0.000414544 4.26822e-05 1.82717e-06 2.37001e-08 7.00307e-11 3.83652e-14 3.40512e-18
 2.18731e-41 3.03584e-33 5.09325e-26 1.0329e-19 2.53204e-14 7.50289e-10 2.68741e-06 0.00116356 0.0608959 0.385245 0.294917 0.0432717 0.0981419 0.074171 0.0218047 0.0147945 0.0042139 0.00116695 0.000192914 1.72378e-05 6.02975e-07 6.05048e-09 1.33147e-11 5.30287e-15 3.37121e-19
 1.74217e-41 2.41802e-33 4.05673e-26 8.22697e-20 2.01675e-14 5.97599e-10 2.1405e-06 0.000926763 0.0485031 0.306846 0.235324 0.0537387 0.183318 0.128619 0.025349 0.0128365 0.00349671 0.000895215 0.000134324 1.03676e-05 2.95741e-07 2.29172e-09 3.74912e-12 1.08476e-15 4.94262e-20
 2.10975e-41 2.9282e-33 4.91266e-26 9.96277e-20 2.44226e-14 7.23685e-10 2.59212e-06 0.0011223 0.0587367 0.371586 0.284634 0.0474691 0.113439 0.0766054 0.0271281 0.0158021 0.00286156 0.000536915 7.14322e-05 4.7112e-06 1.09025e-07 6.52232e-10 7.94014e-13 1.67025e-16 5.45761e-21
 2.39053e-41 3.31789e-33 5.56646e-26 1.12887e-19 2.76728e-14 8.19996e-10 2.93709e-06 0.00127166 0.0665537 0.421038 0.322349 0.0453335 0.0776755 0.0478622 0.0108376 0.00531586 0.00146844 0.000267585 2.29965e-05 1.18065e-06 2.18604e-08 1.00612e-10 9.12485e-14 1.39903e-17 3.28576e-22
 1.35425e-41 1.87961e-33 3.15343e-26 6.3951e-20 1.56768e-14 4.64533e-10 1.66388e-06 0.000720404 0.0377031 0.238525 0.183941 0.0756736 0.271358 0.154595 0.0260283 0.00938991 0.00171998 0.000313434 2.98802e-05 1.05905e-06 1.36827e-08 4.71575e-11 3.1751e-14 3.55264e-18 6.01387e-23
 2.24066e-41 3.10989e-33 5.21749e-26 1.0581e-19 2.5938e-14 7.68591e-10 2.75297e-06 0.00119194 0.0623814 0.394644 0.30236 0.0481631 0.087049 0.0526465 0.0338166 0.0155106 0.00199027 0.000226908 1.72746e-05 5.88693e-07 5.57694e-09 1.28189e-11 6.08532e-15 4.9127e-19 5.98902e-24
 2.02493e-41 2.81047e-33 4.71515e-26 9.56223e-20 2.34407e-14 6.94591e-10 2.48791e-06 0.00107718 0.0563753 0.35665 0.273898 0.0633227 0.150595 0.0745758 0.0145308 0.00645828 0.00222505 0.000276006 1.26173e-05 2.99806e-07 2.36331e-09 4.07731e-12 1.30193e-15 7.08929e-20 6.01677e-25
 2.06206e-41 2.862e-33 4.8016e-26 9.73754e-20 2.38704e-14 7.07325e-10 2.53352e-06 0.00109693 0.0574088 0.363189 0.278998 0.0637626 0.138845 0.0669163 0.0213252 0.00718287 0.00107105 0.000189402 1.24601e-05 2.06426e-07 1.03446e-09 1.32137e-12 3.1614e-16 1.20843e-20 6.9163e-26
 2.02395e-41 2.8091e-33 4.71285e-26 9.55757e-20 2.34293e-14 6.94252e-10 2.4867e-06 0.00107665 0.0563478 0.356479 0.274196 0.069376 0.148046 0.0662674 0.0201446 0.00675482 0.00118194 0.000120132 7.11169e-06 1.45492e-07 5.97406e-10 4.88368e-13 7.84638e-17 2.15402e-21 8.89409e-27
 2.1418e-41 2.97267e-33 4.98728e-26 1.01141e-19 2.47935e-14 7.34677e-10 2.6315e-06 0.00113935 0.0596289 0.377236 0.290093 0.067785 0.126556 0.0536507 0.0175897 0.00534486 0.000881279 8.87445e-05 3.75127e-06 5.89642e-08 2.42061e-10 1.75154e-13 1.99841e-17 3.5869e-22 9.92429e-28
 2.09628e-41 2.9095e-33 4.88129e-26 9.89916e-20 2.42666e-14 7.19064e-10 2.57557e-06 0.00111513 0.0583616 0.369223 0.284454 0.0751117 0.138058 0.0535271 0.0151982 0.00421095 0.00067494 6.0753e-05 2.27581e-06 2.66125e-08 7.87468e-11 4.77791e-14 4.73961e-18 6.77276e-23 1.33988e-28
 2.04985e-41 2.84505e-33 4.77317e-26 9.67989e-20 2.37291e-14 7.03137e-10 2.51852e-06 0.00109043 0.0570689 0.361049 0.278742 0.0817639 0.144923 0.0538835 0.0168088 0.00407327 0.000549353 4.39899e-05 1.42155e-06 1.36024e-08 2.99821e-11 1.27971e-14 9.39057e-19 1.06216e-23 1.69444e-29
 1.92432e-41 2.67083e-33 4.48086e-26 9.0871e-20 2.2276e-14 6.60077e-10 2.36429e-06 0.00102366 0.0535741 0.338947 0.262811 0.0940946 0.165079 0.05929 0.0199201 0.00462124 0.000597232 3.89943e-05 1.02588e-06 7.96502e-09 1.37013e-11 4.34309e-15 2.25901e-19 1.79115e-24 2.0548e-30
 1.75143e-41 2.43087e-33 4.07829e-26 8.27069e-20 2.02746e-14 6.00774e-10 2.15187e-06 0.000931687 0.0487608 0.308509 0.240902 0.109856 0.189376 0.0685953 0.0263475 0.00591836 0.000756001 4.45845e-05 9.43338e-07 5.60071e-09 7.38074e-12 1.76972e-15 6.80686e-20 3.89184e-25 3.1511e-31
 1.96595e-41 2.72861e-33 4.5778e-26 9.2837e-20 2.27579e-14 6.74358e-10 2.41544e-06 0.0010458 0.0547332 0.346291 0.269379 0.0978718 0.144626 0.0552564 0.0243914 0.00562473 0.00073686 4.04968e-05 7.37783e-07 3.42651e-09 3.34312e-12 5.88712e-16 1.66585e-20 6.97607e-26 4.09963e-32
 1.91563e-41 2.65877e-33 4.46063e-26 9.04607e-20 2.21754e-14 6.57097e-10 2.35362e-06 0.00101903 0.0533322 0.337445 0.264091 0.112044 0.157384 0.0512803 0.0183082 0.00444767 0.000613507 3.27994e-05 5.31491e-07 2.02921e-09 1.52161e-12 1.96559e-16 4.00163e-21 1.20322e-26 5.09047e-33
 1.90114e-41 2.63866e-33 4.4269e-26 8.97766e-20 2.20077e-14 6.52128e-10 2.33582e-06 0.00101133 0.0529289 0.334909 0.26329 0.118749 0.155012 0.0516667 0.0184112 0.00355567 0.000439612 2.32124e-05 3.44598e-07 1.11589e-09 6.67392e-13 6.57195e-17 9.8601e-22 2.13648e-27 6.43949e-34
 1.93248e-41 2.68215e-33 4.49987e-26 9.12565e-20 2.23705e-14 6.62877e-10 2.37432e-06 0.001028 0.0538014 0.340446 0.268542 0.122435 0.146208 0.0477041 0.0164497 0.00305533 0.000314013 1.36145e-05 1.79426e-07 5.01559e-10 2.45367e-13 1.89409e-17 2.15896e-22 3.47211e-28 7.63047e-35
 2.01103e-41 2.79118e-33 4.68279e-26 9.49661e-20 2.32798e-14 6.89823e-10 2.47083e-06 0.00106979 0.0559885 0.354299 0.279826 0.121616 0.130717 0.0409074 0.0130844 0.0022719 0.000210787 7.41968e-06 7.60514e-08 1.72125e-10 6.86467e-14 4.21962e-18 3.72883e-23 4.54911e-29 7.45707e-36
 2.00525e-41 2.78316e-33 4.66933e-26 9.46931e-20 2.32129e-14 6.8784e-10 2.46373e-06 0.00106671 0.0558276 0.353314 0.280854 0.129835 0.128931 0.0375969 0.0107495 0.0016818 0.000137307 4.07564e-06 3.25703e-08 5.51584e-11 1.66604e-14 7.89671e-19 5.3921e-24 5.03749e-30 6.24662e-37
 2.04967e-41 2.84481e-33 4.77276e-26 9.67907e-20 2.37271e-14 7.03077e-10 2.51831e-06 0.00109034 0.0570644 0.361168 0.288006 0.130543 0.11798 0.0339117 0.00894111 0.00120771 8.2998e-05 2.0293e-06 1.2858e-08 1.64821e-11 3.64836e-15 1.25944e-19 6.3222e-25 4.38894e-31 4.06665e-38
 1.97873e-41 2.74635e-33 4.60757e-26 9.34405e-20 2.29058e-14 6.78742e-10 2.43114e-06 0.0010526 0.0550894 0.348742 0.281799 0.146021 0.12417 0.0339051 0.00816452 0.000996823 5.67623e-05 1.09662e-06 5.38712e-09 5.2476e-12 8.62719e-16 2.16749e-20 7.82192e-26 3.89147e-32 2.59268e-39
 2.01972e-41 2.80324e-33 4.70302e-26 9.53763e-20 2.33804e-14 6.92803e-10 2.48151e-06 0.00107441 0.0562308 0.356009 0.288629 0.144162 0.11279 0.0326972 0.00754799 0.000816445 3.92572e-05 5.99248e-07 2.2194e-09 1.60639e-12 1.94879e-16 3.58381e-21 9.3806e-27 3.35618e-33 1.59754e-40
 2.00196e-41 2.77859e-33 4.66166e-26 9.45375e-20 2.31748e-14 6.86711e-10 2.45969e-06 0.00106496 0.0557366 0.352972 0.28946 0.153108 0.11063 0.0298908 0.00644217 0.000665222 2.7258e-05 3.31016e-07 9.29831e-10 4.94004e-13 4.3412e-17 5.76583e-22 1.08893e-27 2.80616e-34 9.59501e-42
 1.94e-41 2.69259e-33 4.51738e-26 9.16116e-20 2.24575e-14 6.65457e-10 2.38356e-06 0.001032 0.054012 0.342196 0.285696 0.166568 0.113534 0.030454 0.00594132 0.000543555 1.95538e-05 1.94156e-07 4.17561e-10 1.64132e-13 1.04543e-17 9.94703e-23 1.33948e-28 2.45942e-35 5.99555e-43
 1.86589e-41 2.58973e-33 4.34482e-26 8.8112e-20 2.15996e-14 6.40037e-10 2.29251e-06 0.000992577 0.0519494 0.329325 0.281118 0.180333 0.117259 0.0325297 0.00598925 0.000487143 1.46409e-05 1.18665e-07 2.0042e-10 5.92661e-14 2.76282e-18 1.89549e-23 1.82433e-29 2.38106e-36 4.11391e-44
 1.90173e-41 2.63947e-33 4.42826e-26 8.98043e-20 2.20145e-14 6.52329e-10 2.33654e-06 0.00101164 0.052947 0.335598 0.284283 0.172434 0.113767 0.0332862 0.00616952 0.000487463 1.32102e-05 9.22901e-08 1.32411e-10 3.29292e-14 1.27052e-18 7.09945e-24 5.50154e-30 5.74124e-37 7.89888e-45
#spawning biomass
 15539.1 14449.2 19070 22614.2 38995.8 52206.7 49136.2 62220.1 83810 106013 129011 167374 217198 245776 240591 211475 196675 189965 177943 167953 172793 182282 185467 195903 223455 228838 234156 232725 256111 248990 4187.69 4187.69 4187.69 4187.69 4187.69 4187.69 4187.69 4187.69 4187.69 4187.69 4187.69 4187.69 4187.69 4187.69 4187.69 4187.69 4187.69 4187.69 4187.69 4187.69 4187.69 4187.69 4187.69 4187.69 4187.69 4187.69 4187.69 4187.69 4187.69 4187.69 4187.69 4187.69 4187.69 4187.69 4187.69 4187.69 4187.69 4187.69 4187.69 4187.69 4187.69 4187.69 4187.69 4187.69 4187.69 4187.69 4187.69 4187.69 4187.69 4187.69 4187.69 4187.69 4187.69 4187.69 4187.69 4187.69 4187.69 4187.69 4187.69 4187.69 4187.69 4187.69 4187.69 4187.69 4187.69 4187.69 4187.69 4187.69 4187.69 4187.69 4187.69 4187.69 4187.69 4187.69 4187.69 4187.69 4187.69 4187.69 4187.69 4187.69 4187.69 4187.69 4187.69 4187.69 4187.69 4187.69 4187.69 4187.69 4187.69 4187.69 4187.69 4187.69 4187.69 4187.69 4187.69 4187.69 4187.69 4187.69 4187.69 0 0 0 0 0 0 0 0 0 0 0 0 0 0 0 0 0 0 0 0 0 0 0 0 0
