SBPRF35
0.0832942
Curr Bio
201250
B35
120438
F35
2.52359
FOFL
2.52359
OFL
122780
Bzero
23794.6
#pred survey bio
 23077.7 20504.5 24806.7 29970.7 34792.4 43478 44330.2 45775.8 49056.2 57376.9 68331.7 81885.1 90669.2 99852.8 107732 107079 117669 121461 122574 129594 129622 135728 149967 141176 133700 126142 151251 148322 3.41027e+06 2.46155e+06 684091 362909 256359 208725 186171 175450 170383 168004 166895 166381 166144 166035 165984 165961 165951 165946 165944 165943 165943 165943 165943 165943 165943 165943 165943 165943 165943 165943 165943 165943 165943 165943 165943 165943 165943 165943 165943 165943 165943 165943 165943 165943 165943 165943 165943 165943 165943 165943 165943 165943 165943 165943 165943 165943 165943 165943 165943 165943 165943 165943 165943 165943 165943 165943 165943 165943 165943 165943 165943 165943 165943 165943 165943 165943 165943 165943 165943 165943 165943 165943 165943 165943 165943 165943 165943 165943 165943 165943 165943 165943 165943 165943 165943 165943 165943 165943 165943 165943 0 0 0 0 0 0 0 0 0 0 0 0 0 0 0 0 0 0 0 0 0 0 0 0 0
#obs survey bio
 20218.9 17948.7 21480.8 31868.3 40176.8 44243.2 30033.8 63703.3 48083.9 47203.6 61637.1 96538.3 95029.1 119002 117827 114812 115168 89519.5 105970 147736 125419 144568 206360 160835 153365 110155 162113 111560
#pred catch bio
 10469.2 9858.16 12532.5 16484.5 16949.5 27342.9 28505.2 27771.5 28728.6 35285.4 43605.4 57070 62040 66254.4 77010.9 71256.8 82905.6 92715.1 89466.5 98287.8 97516.9 95776.1 121715 114212 111874 93423.3 127096 122837 122780 75384.3 9345.51 5302.94 5093.65 5083.87 5083.45 5083.43 5083.43 5083.43 5083.43 5083.43 5083.43 5083.43 5083.43 5083.43 5083.43 5083.43 5083.43 5083.43 5083.43 5083.43 5083.43 5083.43 5083.43 5083.43 5083.43 5083.43 5083.43 5083.43 5083.43 5083.43 5083.43 5083.43 5083.43 5083.43 5083.43 5083.43 5083.43 5083.43 5083.43 5083.43 5083.43 5083.43 5083.43 5083.43 5083.43 5083.43 5083.43 5083.43 5083.43 5083.43 5083.43 5083.43 5083.43 5083.43 5083.43 5083.43 5083.43 5083.43 5083.43 5083.43 5083.43 5083.43 5083.43 5083.43 5083.43 5083.43 5083.43 5083.43 5083.43 5083.43 5083.43 5083.43 5083.43 5083.43 5083.43 5083.43 5083.43 5083.43 5083.43 5083.43 5083.43 5083.43 5083.43 5083.43 5083.43 5083.43 5083.43 5083.43 5083.43 5083.43 5083.43 5083.43 5083.43 5083.43 5083.43 5083.43 5083.43 5083.43 0 0 0 0 0 0 0 0 0 0 0 0 0 0 0 0 0 0 0 0 0 0 0 0 0
#obs catch bio
 10068.9 10453.8 13163.9 17351.2 16685.9 27344.1 31084.5 27611.1 28499.9 35812.7 45353.7 57616.2 62946.1 65725 76007.7 69309.8 78418.3 97671 87226.7 95159.1 94191.2 86864.8 119413 109152 103956 89154.6 118552 120665
#pred cpue bio
 22326.1 19115.5 23256.6 28110.5 32504.4 40964.2 41456.5 43198.2 45866.8 53254.5 63086.7 75562.8 83922 92882.9 100871 99317 109944 112324 113167 120492 119523 125488 138669 130336 124251 114477 138457 136037 3.12685e+06 2.6349e+06 676389 353317 246732 199098 176544 165823 160755 158377 157268 156753 156516 156407 156357 156334 156323 156319 156317 156316 156315 156315 156315 156315 156315 156315 156315 156315 156315 156315 156315 156315 156315 156315 156315 156315 156315 156315 156315 156315 156315 156315 156315 156315 156315 156315 156315 156315 156315 156315 156315 156315 156315 156315 156315 156315 156315 156315 156315 156315 156315 156315 156315 156315 156315 156315 156315 156315 156315 156315 156315 156315 156315 156315 156315 156315 156315 156315 156315 156315 156315 156315 156315 156315 156315 156315 156315 156315 156315 156315 156315 156315 156315 156315 156315 156315 156315 156315 156315 156315 0 0 0 0 0 0 0 0 0 0 0 0 0 0 0 0 0 0 0 0 0 0 0 0 0
#obs cpue bio
 14937.3 15496.3 23683.3 23801.8 31674 47032 30434.2 43215.5 45297.8 54535.3 56884.3 71736.3 70095.2 84360.5 105587 97772.1 149001 102294 159822 130426 140656 183035 102396 133968 163123 125307 211341 169531
#pred surv len freq
 1.06373e-11 1.15508e-09 7.39492e-08 2.79122e-06 6.21148e-05 0.000814988 0.00630557 0.02879 0.0778685 0.127159 0.136637 0.125747 0.126843 0.11654 0.0839909 0.0539169 0.0351208 0.0231273 0.0156673 0.011232 0.00868106 0.00731991 0.00637129 0.00492546 0.0028772
 1.3416e-11 1.45682e-09 9.32669e-08 3.52036e-06 7.83407e-05 0.00102787 0.00795222 0.036298 0.0980345 0.158955 0.16552 0.139161 0.126135 0.108143 0.0709856 0.0385112 0.0206871 0.0113958 0.00639498 0.00375881 0.00238874 0.0016996 0.00132287 0.000977435 0.000569709
 1.30204e-11 1.41386e-09 9.05165e-08 3.41655e-06 7.60306e-05 0.000997567 0.00771798 0.0352338 0.0952292 0.15496 0.163942 0.144313 0.137517 0.118795 0.0747775 0.0362462 0.016367 0.00737726 0.00328267 0.00150338 0.00073653 0.000404129 0.000255873 0.000168877 9.43635e-05
 1.29591e-11 1.40721e-09 9.00906e-08 3.40047e-06 7.56728e-05 0.000992874 0.00768168 0.0350684 0.0947858 0.154269 0.163354 0.144172 0.137886 0.119662 0.0761072 0.0375703 0.0169639 0.00714269 0.00270183 0.000968021 0.000350048 0.000135941 6.14319e-05 3.2088e-05 1.60299e-05
 1.3209e-11 1.43434e-09 9.18275e-08 3.46603e-06 7.71318e-05 0.00101202 0.00782973 0.0357432 0.0965958 0.157101 0.165824 0.145011 0.137162 0.118089 0.074144 0.0356461 0.0156385 0.00651737 0.00244 0.000817559 0.000247001 6.99255e-05 2.05751e-05 7.08603e-06 2.73449e-06
 1.2671e-11 1.37592e-09 8.80877e-08 3.32487e-06 7.39905e-05 0.000970802 0.00751099 0.0342908 0.0927068 0.151069 0.160819 0.144067 0.140052 0.122426 0.0781892 0.0388316 0.0176328 0.00739924 0.00272143 0.000891282 0.000259949 6.61304e-05 1.48864e-05 3.23362e-06 7.73651e-07
 1.31724e-11 1.43037e-09 9.15733e-08 3.45644e-06 7.69183e-05 0.00100921 0.0078081 0.0356454 0.0963444 0.156797 0.165984 0.146324 0.139465 0.119813 0.0739152 0.0340075 0.0140716 0.00566712 0.00210356 0.000698983 0.000202588 5.0075e-05 1.04598e-05 1.84841e-06 2.90346e-07
 1.26388e-11 1.37242e-09 8.78635e-08 3.31641e-06 7.38023e-05 0.000968335 0.00749198 0.034206 0.0925045 0.150956 0.161701 0.147269 0.145227 0.126143 0.0773851 0.0347531 0.0136884 0.00513491 0.00174991 0.000543203 0.000153807 3.80323e-05 7.85998e-06 1.31971e-06 1.78324e-07
 1.31661e-11 1.42968e-09 9.15297e-08 3.45479e-06 7.68817e-05 0.00100873 0.00780437 0.0356281 0.0962938 0.156683 0.165721 0.145758 0.138695 0.119482 0.0745544 0.0351493 0.014779 0.00571572 0.00190539 0.000554971 0.000144631 3.33159e-05 6.62706e-06 1.09375e-06 1.43203e-07
 1.35982e-11 1.4766e-09 9.45334e-08 3.56817e-06 7.94046e-05 0.00104183 0.00806035 0.0367942 0.0994114 0.161482 0.169519 0.145903 0.135427 0.115318 0.0714433 0.0333453 0.0139567 0.00551072 0.00192533 0.000585267 0.000152557 3.34539e-05 6.17283e-06 9.51346e-07 1.19029e-07
 1.3908e-11 1.51024e-09 9.6687e-08 3.64945e-06 8.12135e-05 0.00106557 0.0082439 0.0376308 0.101654 0.164985 0.17254 0.14683 0.134358 0.113257 0.0690491 0.0310541 0.0123112 0.00466908 0.00160592 0.000492761 0.00013268 3.00957e-05 5.57332e-06 8.26326e-07 9.69601e-08
 1.39411e-11 1.51384e-09 9.69173e-08 3.65814e-06 8.1407e-05 0.0010681 0.00826355 0.0377207 0.1019 0.165402 0.173064 0.147486 0.135105 0.113657 0.0686741 0.0301337 0.0114381 0.00412943 0.00134818 0.000393687 0.000103049 2.33925e-05 4.42865e-06 6.71788e-07 7.88346e-08
 1.37882e-11 1.49723e-09 9.58542e-08 3.61802e-06 8.0514e-05 0.00105639 0.00817298 0.0373087 0.100806 0.163785 0.172107 0.148499 0.137887 0.116218 0.0693487 0.0293033 0.0104111 0.00352441 0.00109167 0.000301737 7.45546e-05 1.6081e-05 2.94966e-06 4.44985e-07 5.28888e-08
 1.35052e-11 1.4665e-09 9.38866e-08 3.54375e-06 7.88613e-05 0.00103471 0.0080053 0.0365447 0.0987627 0.160632 0.169573 0.148278 0.139833 0.118807 0.0714206 0.0306491 0.011118 0.00376352 0.00112216 0.00029058 6.70175e-05 1.35565e-05 2.34021e-06 3.35522e-07 3.8633e-08
 1.31183e-11 1.42449e-09 9.11972e-08 3.44224e-06 7.66024e-05 0.00100507 0.00777609 0.0355004 0.0959682 0.156311 0.166053 0.147816 0.142234 0.122116 0.0741804 0.0325882 0.0122943 0.00431727 0.00132 0.000345035 7.79243e-05 1.49414e-05 2.40515e-06 3.21554e-07 3.47902e-08
 1.36682e-11 1.4842e-09 9.50201e-08 3.58654e-06 7.98134e-05 0.0010472 0.0081019 0.0369847 0.0999382 0.162434 0.170965 0.148217 0.138421 0.117108 0.0702729 0.0301105 0.0109539 0.00377913 0.00117349 0.00031754 7.40442e-05 1.4397e-05 2.28492e-06 2.92137e-07 2.96379e-08
 1.32446e-11 1.43821e-09 9.20754e-08 3.47539e-06 7.73401e-05 0.00101475 0.00785094 0.0358415 0.0968807 0.157721 0.167199 0.147957 0.141434 0.121021 0.0732735 0.0319585 0.0119196 0.00414888 0.00126734 0.000335401 7.80497e-05 1.55092e-05 2.53151e-06 3.28505e-07 3.29884e-08
 1.38298e-11 1.50175e-09 9.61437e-08 3.62894e-06 8.07572e-05 0.00105958 0.00819764 0.0374208 0.101102 0.164213 0.172311 0.148069 0.136898 0.115382 0.0692668 0.0297828 0.0108901 0.00376055 0.0011606 0.000311274 7.23318e-05 1.41915e-05 2.30501e-06 3.0277e-07 3.10252e-08
 1.39368e-11 1.51337e-09 9.68875e-08 3.65702e-06 8.1382e-05 0.00106778 0.00826107 0.0377104 0.101886 0.165497 0.173702 0.149347 0.137989 0.115641 0.0680418 0.0276537 0.00912851 0.00286594 0.000839931 0.000220279 5.10434e-05 1.00818e-05 1.64129e-06 2.14518e-07 2.19233e-08
 1.35439e-11 1.4707e-09 9.41558e-08 3.55391e-06 7.90875e-05 0.00103768 0.00802827 0.0366498 0.0990498 0.161123 0.170203 0.149088 0.140764 0.11928 0.0708839 0.0294389 0.0100449 0.00317543 0.000884022 0.000211513 4.51393e-05 8.52292e-06 1.36675e-06 1.7854e-07 1.82727e-08
 1.39997e-11 1.5202e-09 9.73247e-08 3.67352e-06 8.17492e-05 0.0010726 0.00829832 0.0378799 0.102337 0.166171 0.174142 0.149058 0.137051 0.114763 0.0678019 0.0279002 0.00939221 0.00295778 0.000834956 0.000202378 4.22166e-05 7.45146e-06 1.10256e-06 1.35898e-07 1.35312e-08
 1.38581e-11 1.50482e-09 9.63399e-08 3.63635e-06 8.0922e-05 0.00106174 0.0082144 0.0374978 0.101318 0.164621 0.173006 0.14931 0.138574 0.116412 0.0686563 0.0280371 0.00929243 0.00287439 0.000799541 0.000192024 4.0112e-05 7.11034e-06 1.03507e-06 1.2132e-07 1.12792e-08
 1.38399e-11 1.50285e-09 9.62139e-08 3.6316e-06 8.08162e-05 0.00106035 0.00820364 0.0374484 0.10118 0.16436 0.172563 0.148523 0.137523 0.115807 0.0691374 0.0292279 0.0103006 0.00335388 0.000946763 0.000225272 4.63082e-05 8.11028e-06 1.17502e-06 1.37272e-07 1.25545e-08
 1.39478e-11 1.51457e-09 9.69639e-08 3.65991e-06 8.14462e-05 0.00106862 0.0082676 0.0377405 0.101972 0.165669 0.174038 0.150009 0.138913 0.116217 0.067715 0.0267124 0.00828805 0.0024241 0.00067182 0.000165872 3.53234e-05 6.24318e-06 8.96704e-07 1.03512e-07 9.38682e-09
 1.35887e-11 1.47557e-09 9.44674e-08 3.56567e-06 7.93492e-05 0.00104111 0.00805485 0.0367715 0.0993836 0.161705 0.170998 0.150208 0.142111 0.119979 0.0701243 0.027728 0.00857995 0.00243616 0.000624513 0.000138387 2.73484e-05 4.78957e-06 7.04259e-07 8.27147e-08 7.50668e-09
 1.48248e-11 1.6098e-09 1.03061e-07 3.89003e-06 8.65673e-05 0.00113581 0.00878717 0.0401071 0.108294 0.175361 0.181518 0.14968 0.131372 0.107323 0.0620381 0.0242512 0.00734933 0.00204088 0.000515755 0.000111797 2.09067e-05 3.35409e-06 4.54611e-07 5.13906e-08 4.66945e-09
 1.43841e-11 1.56194e-09 9.99969e-08 3.77438e-06 8.39937e-05 0.00110204 0.00852605 0.0389174 0.105112 0.170451 0.177573 0.149334 0.13439 0.11131 0.0651759 0.0262672 0.00845357 0.00249086 0.000642699 0.000137983 2.52818e-05 3.94794e-06 5.10487e-07 5.36991e-08 4.52703e-09
 1.42977e-11 1.55256e-09 9.93961e-08 3.75171e-06 8.34891e-05 0.00109542 0.00847489 0.0386849 0.104498 0.169571 0.177191 0.150342 0.136614 0.113146 0.0652704 0.0250936 0.0073337 0.00196634 0.000496385 0.00011047 2.11037e-05 3.34354e-06 4.2756e-07 4.37661e-08 3.53219e-09
#obs surv len freq
 1.34123e-11 1.45642e-09 9.32414e-08 3.5194e-06 7.83195e-05 0.00102759 0.00795003 0.0362869 0.0979836 0.158661 0.164069 0.134883 0.119968 0.106681 0.0785455 0.0491832 0.026812 0.0120155 0.00430052 0.00122636 0.000272938 4.57576e-05 5.56036e-06 4.71607e-07 2.70109e-08
 1.29966e-11 1.41128e-09 9.03511e-08 3.41031e-06 7.5892e-05 0.00099575 0.00770396 0.0351696 0.0950377 0.1544 0.16175 0.137525 0.126137 0.111815 0.0801538 0.0482036 0.0251996 0.0108619 0.00372182 0.00100269 0.000207457 3.19222e-05 3.54086e-06 2.74473e-07 1.44273e-08
 1.31478e-11 1.42769e-09 9.1402e-08 3.44998e-06 7.67747e-05 0.00100734 0.00779369 0.0355809 0.0961635 0.156279 0.163676 0.138376 0.125225 0.110117 0.0791891 0.0477143 0.0244573 0.0100839 0.00325367 0.000820153 0.000158251 2.25672e-05 2.29939e-06 1.62488e-07 7.75577e-09
 1.31367e-11 1.42649e-09 9.13249e-08 3.44707e-06 7.67101e-05 0.00100649 0.00778738 0.0355558 0.096136 0.156476 0.164653 0.140275 0.126845 0.110253 0.0781054 0.046265 0.0233002 0.00943426 0.00296412 0.000714354 0.000129275 1.70708e-05 1.59978e-06 1.03542e-07 4.50939e-09
 1.32254e-11 1.43612e-09 9.19418e-08 3.47035e-06 7.72284e-05 0.0010133 0.00784026 0.0358012 0.0968391 0.157845 0.16674 0.142726 0.128402 0.109908 0.0762608 0.0438712 0.0212693 0.00824804 0.00247541 0.00056878 9.77039e-05 1.21354e-05 1.05744e-06 6.30062e-08 2.5098e-09
 1.36056e-11 1.47741e-09 9.45848e-08 3.57012e-06 7.94486e-05 0.00104244 0.0080658 0.0368324 0.0996349 0.162368 0.17103 0.144403 0.126657 0.106271 0.072839 0.0413039 0.0195306 0.0073059 0.00209445 0.000455825 7.37445e-05 8.59514e-06 7.00242e-07 3.88209e-08 1.43043e-09
 1.2528e-11 1.36039e-09 8.70936e-08 3.28736e-06 7.31566e-05 0.000959902 0.00742797 0.0339349 0.0919708 0.15105 0.16364 0.14753 0.137361 0.116301 0.0780643 0.0427788 0.0194807 0.00702181 0.0019332 0.000400718 6.11618e-05 6.67279e-06 5.06107e-07 2.60326e-08 8.87924e-10
 1.26539e-11 1.37406e-09 8.79686e-08 3.32039e-06 7.38918e-05 0.000969554 0.00750275 0.0342774 0.0928952 0.152443 0.16426 0.145449 0.132808 0.113355 0.0792712 0.0455697 0.0211453 0.0075152 0.00200093 0.000396921 5.75513e-05 5.92263e-06 4.20681e-07 2.01348e-08 6.35942e-10
 1.36111e-11 1.47801e-09 9.46232e-08 3.57157e-06 7.94816e-05 0.0010429 0.00807026 0.0368677 0.0998702 0.163467 0.17399 0.148256 0.127921 0.104317 0.0703072 0.039262 0.018007 0.00642825 0.0017203 0.000337458 4.73353e-05 4.63185e-06 3.09454e-07 1.3838e-08 4.06393e-10
 1.26238e-11 1.3708e-09 8.77597e-08 3.31251e-06 7.37172e-05 0.000967299 0.00748638 0.0342211 0.0929251 0.153513 0.168493 0.15326 0.139456 0.113449 0.0734115 0.038622 0.0166774 0.00566184 0.00145908 0.000278639 3.82141e-05 3.63851e-06 2.33886e-07 9.93438e-09 2.74135e-10
 1.34082e-11 1.45598e-09 9.32129e-08 3.51835e-06 7.82978e-05 0.0010274 0.0079513 0.03634 0.0985887 0.162142 0.174728 0.151545 0.131081 0.105646 0.0701294 0.0378065 0.0161641 0.00524337 0.00126651 0.000226049 2.91741e-05 2.63674e-06 1.61773e-07 6.56411e-09 1.72481e-10
 1.3181e-11 1.43131e-09 9.16335e-08 3.45874e-06 7.6972e-05 0.00101004 0.00781789 0.0357469 0.0971428 0.160689 0.176074 0.157128 0.137137 0.107054 0.0669063 0.0338114 0.013817 0.00436266 0.00102434 0.000174635 2.11204e-05 1.76985e-06 1.00549e-07 3.79285e-09 9.31255e-11
 1.24319e-11 1.34996e-09 8.64257e-08 3.26218e-06 7.25986e-05 0.000952694 0.00737536 0.0337454 0.0919182 0.153264 0.17185 0.159902 0.144057 0.113297 0.0703974 0.0347168 0.0134734 0.00395984 0.000861408 0.000136996 1.55678e-05 1.22566e-06 6.50027e-08 2.27176e-09 5.14254e-11
 1.24236e-11 1.34905e-09 8.63678e-08 3.26e-06 7.25505e-05 0.000952079 0.00737095 0.033729 0.0918873 0.153142 0.170971 0.157028 0.140211 0.112396 0.073276 0.038073 0.0152491 0.00451065 0.000963994 0.000146987 1.57101e-05 1.15212e-06 5.67769e-08 1.84364e-09 3.87407e-11
 1.2322e-11 1.33802e-09 8.56618e-08 3.23336e-06 7.19588e-05 0.000944363 0.00731251 0.0334816 0.0913917 0.153213 0.173471 0.162082 0.144068 0.111689 0.0693713 0.0344878 0.0134743 0.00395577 0.000842378 0.000126776 1.31535e-05 9.20083e-07 4.26072e-08 1.28643e-09 2.49838e-11
 1.27258e-11 1.38187e-09 8.8469e-08 3.33933e-06 7.43176e-05 0.000975335 0.00755264 0.034583 0.0943846 0.157964 0.177337 0.161961 0.140308 0.107776 0.0670372 0.0330646 0.0125763 0.00355567 0.000729854 0.000106531 1.0761e-05 7.31274e-07 3.2652e-08 9.40773e-10 1.72499e-11
 1.17001e-11 1.27049e-09 8.13387e-08 3.07022e-06 6.83309e-05 0.000896876 0.00694795 0.0318588 0.0873563 0.14835 0.172948 0.167661 0.150608 0.114817 0.0692547 0.0329733 0.0121561 0.00333705 0.000661658 9.25355e-05 8.90817e-06 5.76263e-07 2.45169e-08 6.73377e-10 1.17541e-11
 1.28034e-11 1.3903e-09 8.90091e-08 3.35975e-06 7.47744e-05 0.000981426 0.00760203 0.0348387 0.0952997 0.160336 0.181437 0.165742 0.140919 0.105382 0.0635194 0.0298834 0.0106263 0.00276501 0.000516477 6.80732e-05 6.18314e-06 3.77165e-07 1.51043e-08 3.899e-10 6.39255e-12
 1.15974e-11 1.25935e-09 8.06256e-08 3.04336e-06 6.77368e-05 0.000889228 0.00689224 0.0316512 0.0871518 0.149529 0.177488 0.173977 0.153568 0.11258 0.0645221 0.0288283 0.00985868 0.00248418 0.000446749 5.59715e-05 4.77809e-06 2.72215e-07 1.01595e-08 2.44331e-10 3.73213e-12
 1.23299e-11 1.33889e-09 8.57181e-08 3.23559e-06 7.2015e-05 0.000945371 0.00732649 0.0336258 0.0923627 0.157027 0.181455 0.169763 0.145277 0.107572 0.0634858 0.0287105 0.00961273 0.00231624 0.000394986 4.68915e-05 3.78993e-06 2.03629e-07 7.1251e-09 1.59742e-10 2.26536e-12
 1.25987e-11 1.36807e-09 8.75868e-08 3.30617e-06 7.35886e-05 0.000966127 0.00748956 0.0344019 0.0946883 0.161695 0.187923 0.175017 0.145148 0.101725 0.0564577 0.0243088 0.00789572 0.00186031 0.00030793 3.49609e-05 2.66727e-06 1.34265e-07 4.38737e-09 9.17211e-11 1.2111e-12
 1.15325e-11 1.2523e-09 8.01756e-08 3.02649e-06 6.73688e-05 0.000884674 0.00686286 0.0315872 0.0874456 0.151647 0.182317 0.178287 0.153655 0.109753 0.0611543 0.0259667 0.00818144 0.00185615 0.000295863 3.23736e-05 2.37356e-06 1.14035e-07 3.52596e-09 6.91972e-11 8.52626e-13
 1.22427e-11 1.32943e-09 8.51137e-08 3.21292e-06 7.15194e-05 0.000939195 0.00728564 0.0335233 0.0926598 0.159663 0.18825 0.177427 0.147448 0.103195 0.0567837 0.0236738 0.00723685 0.00157432 0.000238402 2.4644e-05 1.70356e-06 7.71729e-08 2.25034e-09 4.161e-11 4.81955e-13
 1.12266e-11 1.21909e-09 7.80509e-08 2.94644e-06 6.55965e-05 0.000861746 0.00669219 0.0308881 0.0860999 0.151528 0.186341 0.184714 0.156726 0.107717 0.057093 0.0228767 0.0067481 0.00141802 0.000206426 2.03427e-05 1.32936e-06 5.65652e-08 1.54314e-09 2.66418e-11 2.87913e-13
 1.22147e-11 1.32639e-09 8.49207e-08 3.20577e-06 7.13687e-05 0.000937502 0.00727807 0.0335495 0.0931026 0.161598 0.192122 0.180898 0.147816 0.100743 0.0534105 0.0210868 0.00600119 0.00120016 0.000165418 1.54171e-05 9.51861e-07 3.81717e-08 9.77849e-10 1.57907e-11 1.59066e-13
 1.15821e-11 1.25771e-09 8.05254e-08 3.04003e-06 6.76899e-05 0.000889567 0.00691404 0.03197 0.0894124 0.157974 0.193794 0.188035 0.153371 0.10082 0.050949 0.0192986 0.00531958 0.00103162 0.000136812 1.2134e-05 7.06402e-07 2.6563e-08 6.3627e-10 9.59284e-12 9.01097e-14
 1.23063e-11 1.33635e-09 8.55607e-08 3.23016e-06 7.19245e-05 0.000945219 0.00734575 0.0339439 0.094681 0.16582 0.198983 0.186363 0.147297 0.0949816 0.0469982 0.0171529 0.00448315 0.000818555 0.000102249 8.56182e-06 4.70765e-07 1.66788e-08 3.74893e-10 5.28175e-12 4.62054e-14
 1.07971e-11 1.1725e-09 7.50733e-08 2.8346e-06 6.31381e-05 0.000830486 0.00646901 0.0300697 0.0851057 0.153995 0.19583 0.195664 0.159455 0.101624 0.0486504 0.0170961 0.00429719 0.000750794 8.89677e-05 7.00738e-06 3.6044e-07 1.19189e-08 2.49917e-10 3.28413e-12 2.6782e-14
#pred catch len freq
 9.35252e-12 1.01557e-09 6.50179e-08 2.4541e-06 5.46129e-05 0.000716567 0.00554444 0.025323 0.0686037 0.112935 0.125554 0.125874 0.137308 0.129028 0.0920643 0.0575573 0.0366695 0.0239245 0.0161628 0.0115786 0.00894748 0.00754433 0.0065666 0.00507645 0.0029654
 1.21785e-11 1.32244e-09 8.46639e-08 3.19564e-06 7.11147e-05 0.00093307 0.00721909 0.0329587 0.089114 0.145282 0.15498 0.139662 0.136823 0.120691 0.0788944 0.0418217 0.0218838 0.0118937 0.00664594 0.00390181 0.00247891 0.00176366 0.00137272 0.00101427 0.000591176
 1.18491e-11 1.28667e-09 8.23735e-08 3.10919e-06 6.91909e-05 0.000907835 0.00702405 0.0320733 0.0867885 0.142042 0.154076 0.145093 0.148113 0.131046 0.0822729 0.0391014 0.0171785 0.00761029 0.00336506 0.0015382 0.000753198 0.000413227 0.000261628 0.000172675 9.64857e-05
 1.20165e-11 1.30485e-09 8.35374e-08 3.15312e-06 7.01685e-05 0.00092066 0.00712324 0.032525 0.0879942 0.143883 0.155461 0.144929 0.146614 0.129665 0.0821109 0.0397131 0.0174625 0.00723484 0.00271984 0.000972335 0.000351333 0.000136409 6.16405e-05 3.21967e-05 1.60842e-05
 1.19462e-11 1.29722e-09 8.30491e-08 3.13469e-06 6.97584e-05 0.00091528 0.00708165 0.0323361 0.087496 0.143173 0.155175 0.145817 0.148535 0.131269 0.0822569 0.0387933 0.0165667 0.00678619 0.00252403 0.000843853 0.000254745 7.20988e-05 2.12129e-05 7.30556e-06 2.8192e-06
 1.21561e-11 1.32e-09 8.45079e-08 3.18975e-06 7.09837e-05 0.000931355 0.00720594 0.0329017 0.0889999 0.14542 0.156627 0.14481 0.145324 0.128234 0.0813514 0.0395601 0.0174951 0.00722578 0.00264164 0.000863291 0.000251581 6.39838e-05 1.4402e-05 3.12831e-06 7.48451e-07
 1.27214e-11 1.3814e-09 8.84383e-08 3.33811e-06 7.42851e-05 0.000974669 0.00754096 0.0344289 0.0930982 0.15185 0.162313 0.146977 0.144087 0.124905 0.0766871 0.034645 0.0139471 0.00550998 0.00202994 0.000672906 0.000194875 4.81558e-05 1.00581e-05 1.77738e-06 2.79186e-07
 1.19674e-11 1.29951e-09 8.31961e-08 3.14024e-06 6.98818e-05 0.000916901 0.00709424 0.0323946 0.087669 0.143573 0.156147 0.147995 0.151729 0.13346 0.08159 0.0360248 0.0138116 0.00507803 0.00171614 0.000531204 0.00015026 3.71432e-05 7.67553e-06 1.2887e-06 1.74133e-07
 1.24018e-11 1.34668e-09 8.62159e-08 3.25422e-06 7.24183e-05 0.000950178 0.00735154 0.0335658 0.0907878 0.148271 0.159365 0.146492 0.145956 0.127716 0.0793763 0.0367229 0.0150344 0.00571238 0.00189082 0.000549303 0.000143007 3.29291e-05 6.54934e-06 1.08088e-06 1.41518e-07
 1.30009e-11 1.41174e-09 9.03811e-08 3.41144e-06 7.59169e-05 0.000996077 0.00770651 0.0351828 0.0951099 0.154916 0.164588 0.146578 0.141255 0.121858 0.0751753 0.0344394 0.0140301 0.00543907 0.00188661 0.00057208 0.000148984 3.26595e-05 6.02557e-06 9.28617e-07 1.16184e-07
 1.34347e-11 1.45884e-09 9.33966e-08 3.52526e-06 7.84498e-05 0.00102931 0.00796352 0.036354 0.0982465 0.159787 0.168659 0.147438 0.139089 0.118515 0.0719779 0.0318203 0.0122778 0.0045641 0.00155697 0.000476429 0.00012816 2.90608e-05 5.38111e-06 7.97802e-07 9.3612e-08
 1.37938e-11 1.49784e-09 9.58931e-08 3.61949e-06 8.05467e-05 0.00105682 0.00817628 0.0373234 0.100841 0.163805 0.171957 0.147952 0.137001 0.115577 0.0694758 0.0299899 0.0110823 0.00391757 0.00126751 0.000368989 9.64785e-05 2.18927e-05 4.14422e-06 6.2862e-07 7.37681e-08
 1.35552e-11 1.47193e-09 9.42346e-08 3.55689e-06 7.91537e-05 0.00103854 0.00803498 0.0366803 0.0991303 0.161239 0.170255 0.148958 0.140459 0.118967 0.0707225 0.0294562 0.0101958 0.00337343 0.00103402 0.000284779 7.02766e-05 1.51516e-05 2.77882e-06 4.19195e-07 4.98228e-08
 1.31535e-11 1.42832e-09 9.14422e-08 3.45149e-06 7.68082e-05 0.00100777 0.007797 0.0355962 0.0962319 0.156777 0.166721 0.148814 0.143475 0.122795 0.0735532 0.0310926 0.0109876 0.00363894 0.00107437 0.000277221 6.38494e-05 1.2909e-05 2.22806e-06 3.19427e-07 3.67793e-08
 1.30731e-11 1.41959e-09 9.08832e-08 3.43039e-06 7.63386e-05 0.00100161 0.00774935 0.0353789 0.0956468 0.155845 0.165828 0.148272 0.143293 0.123021 0.074293 0.0321032 0.0117937 0.00405625 0.00122906 0.000320232 7.22318e-05 1.3843e-05 2.22797e-06 2.97848e-07 3.22248e-08
 1.333e-11 1.44747e-09 9.26686e-08 3.49778e-06 7.78383e-05 0.00102129 0.00790152 0.0360723 0.0975036 0.158727 0.168224 0.148742 0.141939 0.120956 0.0723246 0.030528 0.010817 0.00365012 0.00112228 0.000302655 7.04871e-05 1.36992e-05 2.17384e-06 2.77919e-07 2.8195e-08
 1.31357e-11 1.42638e-09 9.1318e-08 3.4468e-06 7.67039e-05 0.0010064 0.00778641 0.0355478 0.0960993 0.15655 0.166424 0.148422 0.143019 0.12256 0.0738102 0.0316782 0.0115062 0.00392121 0.00118673 0.000313031 7.27511e-05 1.44494e-05 2.35814e-06 3.05992e-07 3.07271e-08
 1.40697e-11 1.5278e-09 9.78112e-08 3.69189e-06 8.21578e-05 0.00107796 0.00833976 0.0380683 0.102835 0.166892 0.17449 0.148344 0.13539 0.113312 0.0675477 0.0285868 0.0101797 0.00343895 0.00105105 0.00028094 6.52021e-05 1.27867e-05 2.07651e-06 2.72742e-07 2.79478e-08
 1.39594e-11 1.51582e-09 9.70441e-08 3.66293e-06 8.15135e-05 0.0010695 0.00827442 0.0377714 0.102051 0.165767 0.173995 0.149615 0.138217 0.115693 0.0677793 0.0272021 0.00875899 0.0026825 0.000776492 0.000202776 4.69205e-05 9.26289e-06 1.50773e-06 1.97051e-07 2.01379e-08
 1.37457e-11 1.49262e-09 9.5559e-08 3.60688e-06 8.02661e-05 0.00105314 0.00814785 0.0371947 0.100508 0.163377 0.172033 0.14931 0.139479 0.117522 0.0694294 0.0284351 0.0094598 0.00292154 0.00080423 0.000191631 4.08305e-05 7.70451e-06 1.23525e-06 1.61352e-07 1.65133e-08
 1.41576e-11 1.53735e-09 9.84226e-08 3.71496e-06 8.26713e-05 0.00108469 0.00839188 0.0383063 0.103478 0.167938 0.175589 0.149273 0.136108 0.113431 0.0666487 0.0270591 0.00888275 0.00273126 0.000762057 0.000183943 3.83121e-05 6.75825e-06 9.99771e-07 1.2322e-07 1.22685e-08
 1.37394e-11 1.49194e-09 9.55153e-08 3.60523e-06 8.02293e-05 0.00105266 0.00814413 0.0371779 0.100466 0.163334 0.172106 0.149663 0.140064 0.117929 0.0693003 0.0279433 0.00903467 0.00272771 0.000749615 0.000179253 3.73846e-05 6.6228e-06 9.63891e-07 1.12969e-07 1.05026e-08
 1.43703e-11 1.56044e-09 9.9901e-08 3.77077e-06 8.39132e-05 0.00110099 0.00851786 0.0388797 0.105006 0.170244 0.177194 0.148619 0.133407 0.110702 0.0655298 0.027281 0.00936879 0.00298285 0.000833297 0.000197521 4.05418e-05 7.09592e-06 1.02783e-06 1.20067e-07 1.09807e-08
 1.44377e-11 1.56776e-09 1.00369e-07 3.78844e-06 8.43064e-05 0.00110615 0.0085578 0.0390624 0.105504 0.171092 0.178259 0.149944 0.134878 0.11135 0.064456 0.0251372 0.00761876 0.00217067 0.000593063 0.0001457 3.09772e-05 5.47188e-06 7.85765e-07 9.06996e-08 8.22471e-09
 1.42651e-11 1.54901e-09 9.91693e-08 3.74315e-06 8.32986e-05 0.00109292 0.00845555 0.0385967 0.10426 0.169186 0.176798 0.150039 0.136417 0.113174 0.0656461 0.025654 0.00775599 0.00214667 0.000542609 0.000119605 2.35902e-05 4.12825e-06 6.0686e-07 7.12697e-08 6.46785e-09
 1.48953e-11 1.61746e-09 1.03551e-07 3.90854e-06 8.6979e-05 0.00114121 0.00882895 0.0402975 0.108804 0.176154 0.182185 0.149835 0.13104 0.106785 0.0614935 0.0237885 0.0070486 0.00190718 0.0004749 0.000102375 1.91063e-05 3.06282e-06 4.15009e-07 4.69092e-08 4.26213e-09
 1.50529e-11 1.63457e-09 1.04647e-07 3.94989e-06 8.78991e-05 0.00115328 0.00892229 0.0407223 0.109935 0.177852 0.183322 0.149207 0.12882 0.104619 0.0607277 0.0241572 0.00758853 0.00218182 0.000555839 0.00011877 2.17206e-05 3.3891e-06 4.38091e-07 4.60788e-08 3.88447e-09
 1.48838e-11 1.6162e-09 1.03471e-07 3.90551e-06 8.69117e-05 0.00114033 0.00882214 0.0402666 0.108724 0.17605 0.182197 0.150142 0.131598 0.107196 0.0614164 0.0233753 0.00668608 0.00174516 0.000433451 9.58852e-05 1.82804e-05 2.89408e-06 3.69985e-07 3.78688e-08 3.05614e-09
#obs catch len freq
 1.03604e-11 1.12502e-09 7.20247e-08 2.71858e-06 6.04985e-05 0.000793788 0.00614179 0.0280473 0.0759228 0.124438 0.135639 0.129351 0.136101 0.131202 0.101229 0.0664662 0.0377952 0.0176288 0.00662354 0.00199642 0.000467466 8.13566e-05 1.01209e-05 8.70904e-07 5.0406e-08
 1.1816e-11 1.28307e-09 8.21435e-08 3.10051e-06 6.89979e-05 0.000905302 0.00700443 0.0319818 0.0864989 0.14112 0.150542 0.134779 0.13147 0.120832 0.0894216 0.0558243 0.0300787 0.0132352 0.00462868 0.00128187 0.000275115 4.41593e-05 5.10272e-06 4.09099e-07 2.20394e-08
 1.16292e-11 1.26279e-09 8.08448e-08 3.0515e-06 6.79073e-05 0.000891 0.00689406 0.0314837 0.0852198 0.139496 0.150573 0.138174 0.136619 0.123999 0.0890367 0.0532899 0.0274999 0.0116213 0.00388368 0.00101412 0.000202001 2.97254e-05 3.1329e-06 2.29391e-07 1.13325e-08
 1.19386e-11 1.29639e-09 8.29962e-08 3.1327e-06 6.97144e-05 0.000914715 0.00707763 0.032323 0.0874955 0.143174 0.154008 0.139262 0.134669 0.120872 0.0869442 0.0520221 0.0262567 0.0105935 0.00332901 0.000812305 0.000150679 2.0521e-05 1.98465e-06 1.32385e-07 5.93617e-09
 1.2158e-11 1.32021e-09 8.4521e-08 3.19026e-06 7.09954e-05 0.000931528 0.00720789 0.0329209 0.0891402 0.145983 0.157182 0.141552 0.134857 0.118882 0.0840371 0.0493524 0.0244386 0.00966625 0.00295154 0.000687146 0.000119356 1.50344e-05 1.33608e-06 8.15645e-08 3.33528e-09
 1.23734e-11 1.34361e-09 8.60191e-08 3.2468e-06 7.22539e-05 0.000948048 0.00733594 0.0335094 0.0907683 0.148815 0.160551 0.144323 0.13569 0.117345 0.081097 0.0461817 0.0219835 0.0083174 0.00242303 0.000537079 8.84122e-05 1.04595e-05 8.63309e-07 4.84829e-08 1.81242e-09
 1.28976e-11 1.40052e-09 8.96627e-08 3.38433e-06 7.53145e-05 0.00098821 0.00764679 0.0349298 0.0946089 0.154966 0.166176 0.146146 0.132945 0.112361 0.0765888 0.0429175 0.019891 0.0072478 0.00201381 0.000422214 6.53772e-05 7.24912e-06 5.58782e-07 2.91703e-08 1.00801e-09
 1.18737e-11 1.28934e-09 8.25447e-08 3.11567e-06 6.93362e-05 0.000909795 0.00704091 0.0321794 0.0873523 0.144347 0.15955 0.149706 0.143464 0.121737 0.0810994 0.0438688 0.0195622 0.00685993 0.00182772 0.000364413 5.31625e-05 5.51149e-06 3.95135e-07 1.91221e-08 6.11221e-10
 1.21349e-11 1.3177e-09 8.43606e-08 3.18421e-06 7.08616e-05 0.000929815 0.00719589 0.0328873 0.0892525 0.147225 0.161264 0.147476 0.137808 0.117704 0.0816013 0.0461758 0.0209212 0.00721963 0.0018574 0.000353896 4.89766e-05 4.78331e-06 3.2081e-07 1.44343e-08 4.26961e-10
 1.31942e-11 1.43273e-09 9.17247e-08 3.46217e-06 7.70474e-05 0.00101098 0.00782392 0.0357536 0.0969681 0.159396 0.171903 0.150305 0.132108 0.10761 0.0718407 0.0394852 0.0176769 0.00611921 0.00157889 0.000296815 3.96701e-05 3.67928e-06 2.31871e-07 9.73891e-09 2.67672e-10
 1.22814e-11 1.33361e-09 8.53792e-08 3.22267e-06 7.17183e-05 0.000941097 0.00728437 0.033311 0.0905845 0.150382 0.167345 0.155686 0.143194 0.115796 0.0740554 0.0383054 0.0161367 0.00530972 0.00131838 0.000240995 3.14393e-05 2.83234e-06 1.71495e-07 6.83513e-09 1.76403e-10
 1.31881e-11 1.43208e-09 9.16829e-08 3.4606e-06 7.70133e-05 0.00101057 0.00782176 0.0357596 0.0971232 0.160315 0.174467 0.153733 0.133843 0.107077 0.0701282 0.0370535 0.0154102 0.00483623 0.00112442 0.000191972 2.35486e-05 2.01151e-06 1.16094e-07 4.41438e-09 1.08366e-10
 1.30497e-11 1.41704e-09 9.07204e-08 3.42428e-06 7.62058e-05 0.00100001 0.0077411 0.0354083 0.0963354 0.159919 0.176735 0.159438 0.139107 0.107359 0.0661008 0.0327388 0.0130102 0.00396847 0.000894968 0.000145683 1.67272e-05 1.32388e-06 7.0705e-08 2.49725e-09 5.72247e-11
 1.22706e-11 1.33244e-09 8.53044e-08 3.21987e-06 7.16578e-05 0.000940385 0.00728108 0.0333294 0.0909213 0.152273 0.172499 0.162468 0.146319 0.113728 0.0695306 0.0335385 0.0126365 0.00358475 0.000748679 0.000113606 1.22422e-05 9.09206e-07 4.52898e-08 1.48122e-09 3.12807e-11
 1.23846e-11 1.34482e-09 8.60968e-08 3.24978e-06 7.23239e-05 0.000949142 0.00734915 0.0336429 0.0917667 0.15346 0.172525 0.159434 0.141641 0.112002 0.0717241 0.0363564 0.0141019 0.00401725 0.000822498 0.000119463 1.20957e-05 8.36178e-07 3.86745e-08 1.1743e-09 2.3005e-11
 1.2303e-11 1.33597e-09 8.55301e-08 3.22841e-06 7.18495e-05 0.000942974 0.00730286 0.0334531 0.0914388 0.153837 0.175339 0.16453 0.145147 0.11083 0.067587 0.0327868 0.0124023 0.00350223 0.000713115 0.000102029 1.0012e-05 6.59412e-07 2.86393e-08 8.08223e-10 1.46287e-11
 1.27574e-11 1.38531e-09 8.86894e-08 3.34767e-06 7.45042e-05 0.000977831 0.00757308 0.0346918 0.0947979 0.159131 0.179559 0.164287 0.140985 0.106518 0.0649303 0.0311838 0.0114671 0.0031159 0.000611065 8.46924e-05 8.07871e-06 5.16109e-07 2.15857e-08 5.80809e-10 9.92056e-12
 1.17952e-11 1.28082e-09 8.20002e-08 3.09522e-06 6.88885e-05 0.000904252 0.0070064 0.0321439 0.0882601 0.150333 0.175909 0.170088 0.150666 0.112723 0.0665624 0.0308351 0.0109784 0.00289212 0.000547036 7.25561e-05 6.58923e-06 4.00304e-07 1.59343e-08 4.08236e-10 6.63123e-12
 1.29272e-11 1.40374e-09 8.98699e-08 3.39227e-06 7.54994e-05 0.000990999 0.00767745 0.0352003 0.0963979 0.162562 0.184434 0.167925 0.140731 0.103158 0.0607416 0.0277392 0.00951071 0.00237262 0.000422442 5.27551e-05 4.51561e-06 2.58419e-07 9.674e-09 2.32752e-10 3.54826e-12
 1.17407e-11 1.27491e-09 8.1622e-08 3.081e-06 6.85766e-05 0.000900328 0.00697991 0.0320735 0.0884432 0.152152 0.180951 0.17628 0.152953 0.109786 0.0614526 0.02665 0.00877981 0.0021176 0.000362394 4.2966e-05 3.45368e-06 1.84476e-07 6.43161e-09 1.44063e-10 2.04473e-12
 1.25161e-11 1.35911e-09 8.70129e-08 3.2845e-06 7.31056e-05 0.00095976 0.00743953 0.0341623 0.0939448 0.160029 0.18507 0.171933 0.144525 0.104618 0.0601373 0.0263217 0.0084754 0.00195305 0.000316685 3.55408e-05 2.70168e-06 1.35963e-07 4.44118e-09 9.26962e-11 1.22104e-12
 1.27772e-11 1.38746e-09 8.88283e-08 3.35307e-06 7.4635e-05 0.000979955 0.00759856 0.034923 0.0962437 0.164683 0.1915 0.176972 0.144049 0.0986441 0.053333 0.0222262 0.00693579 0.00155998 0.000245101 2.62756e-05 1.88407e-06 8.87794e-08 2.70649e-09 5.2642e-11 6.45293e-13
 1.1757e-11 1.27669e-09 8.17372e-08 3.08549e-06 6.8685e-05 0.000902063 0.00699977 0.0322388 0.089368 0.155246 0.186448 0.180381 0.152239 0.106099 0.0574869 0.0235857 0.00713168 0.00154324 0.000233232 2.40642e-05 1.65599e-06 7.43998e-08 2.14482e-09 3.9148e-11 4.47703e-13
 1.24831e-11 1.35554e-09 8.67856e-08 3.27609e-06 7.29288e-05 0.000957812 0.00743212 0.0342184 0.0946914 0.163386 0.192357 0.179321 0.145844 0.099459 0.0531279 0.0213667 0.0062594 0.00129723 0.000186077 1.81225e-05 1.17484e-06 4.97235e-08 1.35058e-09 2.3207e-11 2.49328e-13
 1.14831e-11 1.24695e-09 7.9835e-08 3.01387e-06 6.71019e-05 0.000881662 0.00684937 0.0316382 0.0883101 0.155604 0.190803 0.186603 0.15471 0.103552 0.0532598 0.020573 0.005809 0.00116121 0.000159902 1.48305e-05 9.08166e-07 3.6082e-08 9.16406e-10 1.46944e-11 1.47208e-13
 1.2486e-11 1.35586e-09 8.68082e-08 3.27711e-06 7.29613e-05 0.00095856 0.00744396 0.0343371 0.0953947 0.165726 0.196485 0.18264 0.145766 0.0965623 0.0495532 0.0188227 0.00512189 0.000973678 0.000126843 1.11153e-05 6.42444e-07 2.40356e-08 5.72872e-10 8.58833e-12 8.01739e-14
 1.18669e-11 1.28864e-09 8.25069e-08 3.11494e-06 6.93637e-05 0.000911737 0.00708927 0.0328064 0.0918631 0.162396 0.198373 0.189578 0.150827 0.09634 0.0471211 0.0171611 0.00451631 0.000831112 0.000104034 8.66774e-06 4.72114e-07 1.65538e-08 3.68713e-10 5.15785e-12 4.48764e-14
 1.25992e-11 1.36817e-09 8.75993e-08 3.30724e-06 7.3647e-05 0.000968036 0.00752601 0.0348025 0.0971798 0.170265 0.20347 0.18775 0.144638 0.0904469 0.0432206 0.0151437 0.00377605 0.000653859 7.70255e-05 6.0523e-06 3.11019e-07 1.02664e-08 2.14466e-10 2.80262e-12 2.2704e-14
#spawning biomass
 27272.6 26375.1 32228.1 38951.2 45534.8 56192 58137.6 59519.9 64283 75872.3 91144.7 109478 121107 132514 141666 142568 155187 162233 164580 172445 174186 181929 200589 189896 178525 172974 205156 201250 201163 104212 14145.4 8628.97 8343.37 8330.03 8329.45 8329.42 8329.42 8329.42 8329.42 8329.42 8329.42 8329.42 8329.42 8329.42 8329.42 8329.42 8329.42 8329.42 8329.42 8329.42 8329.42 8329.42 8329.42 8329.42 8329.42 8329.42 8329.42 8329.42 8329.42 8329.42 8329.42 8329.42 8329.42 8329.42 8329.42 8329.42 8329.42 8329.42 8329.42 8329.42 8329.42 8329.42 8329.42 8329.42 8329.42 8329.42 8329.42 8329.42 8329.42 8329.42 8329.42 8329.42 8329.42 8329.42 8329.42 8329.42 8329.42 8329.42 8329.42 8329.42 8329.42 8329.42 8329.42 8329.42 8329.42 8329.42 8329.42 8329.42 8329.42 8329.42 8329.42 8329.42 8329.42 8329.42 8329.42 8329.42 8329.42 8329.42 8329.42 8329.42 8329.42 8329.42 8329.42 8329.42 8329.42 8329.42 8329.42 8329.42 8329.42 8329.42 8329.42 8329.42 8329.42 8329.42 8329.42 8329.42 8329.42 8329.42 0 0 0 0 0 0 0 0 0 0 0 0 0 0 0 0 0 0 0 0 0 0 0 0 0
