SBPRF35
0.673301
Curr Bio
258094
B35
805618
F35
0.246674
FOFL
0.0858654
OFL
18049.9
Bzero
192372
#pred survey bio
 9213.53 8085.62 6534.53 6772.33 10631.9 17001.8 23653.2 34288.2 51667.6 66578.9 84393.5 117952 130793 161013 162184 145019 144999 138192 148108 148886 154468 168474 182581 224754 267792 264837 254397 217020 233545 9.80083e+06 1.04055e+07 1.05409e+07 9.4467e+06 7.89458e+06 6.36232e+06 5.0641e+06 4.05286e+06 3.30443e+06 2.76798e+06 2.39093e+06 2.12877e+06 1.94726e+06 1.82136e+06 1.73274e+06 1.66925e+06 1.62509e+06 1.59391e+06 1.57154e+06 1.55526e+06 1.54324e+06 1.53426e+06 1.52747e+06 1.52229e+06 1.51831e+06 1.51522e+06 1.51282e+06 1.51093e+06 1.50945e+06 1.50829e+06 1.50737e+06 1.50664e+06 1.50606e+06 1.5056e+06 1.50523e+06 1.50494e+06 1.50471e+06 1.50453e+06 1.50438e+06 1.50427e+06 1.50417e+06 1.5041e+06 1.50404e+06 1.50399e+06 1.50396e+06 1.50393e+06 1.5039e+06 1.50388e+06 1.50387e+06 1.50386e+06 1.50385e+06 1.50384e+06 1.50383e+06 1.50383e+06 1.50382e+06 1.50382e+06 1.50382e+06 1.50382e+06 1.50382e+06 1.50381e+06 1.50381e+06 1.50381e+06 1.50381e+06 1.50381e+06 1.50381e+06 1.50381e+06 1.50381e+06 1.50381e+06 1.50381e+06 1.50381e+06 1.50381e+06 1.50381e+06 1.50381e+06 1.50381e+06 1.50381e+06 1.50381e+06 1.50381e+06 1.50381e+06 1.50381e+06 1.50381e+06 1.50381e+06 1.50381e+06 1.50381e+06 1.50381e+06 1.50381e+06 1.50381e+06 1.50381e+06 1.50381e+06 1.50381e+06 1.50381e+06 1.50381e+06 1.50381e+06 1.50381e+06 1.50381e+06 1.50381e+06 1.50381e+06 1.50381e+06 1.50381e+06 1.50381e+06 1.50381e+06 0 0 0 0 0 0 0 0 0 0 0 0 0 0 0 0 0 0 0 0 0 0 0 0 0
#obs survey bio
 9121.68 7909.62 7888.03 8723.34 12957.9 13558.5 29894.9 42817.1 37785.3 55898.4 133769 96580.1 165579 143745 151841 165074 156687 123467 137173 180132 189594 162629 197369 242181 276864 312094 217003 283720 196577
#pred catch bio
 4126.13 3745.82 3143.65 2693.08 4872.4 9985.67 13451.7 18634.6 33364.1 43776.5 52803 89926.8 90126.3 120128 127081 111182 116763 106133 118425 119157 124969 140536 149865 188767 234122 231422 233354 184459 179313 18049.9 96580.1 96751.5 85423.7 70061.3 55219.2 42878.2 33461.9 26663.1 21936.2 18737.1 16614.1 15225.7 14327.1 13747.2 13373.5 13140.7 12995.6 12905.3 12849 12813.9 12792.1 12778.5 12770 12764.7 12761.4 12759.4 12758.1 12757.3 12756.8 12756.5 12756.3 12756.2 12756.1 12756.1 12756.1 12756 12756 12756 12756 12756 12756 12756 12756 12756 12756 12756 12756 12756 12756 12756 12756 12756 12756 12756 12756 12756 12756 12756 12756 12756 12756 12756 12756 12756 12756 12756 12756 12756 12756 12756 12756 12756 12756 12756 12756 12756 12756 12756 12756 12756 12756 12756 12756 12756 12756 12756 12756 12756 12756 12756 12756 12756 12756 12756 12756 12756 12756 12756 12756 0 0 0 0 0 0 0 0 0 0 0 0 0 0 0 0 0 0 0 0 0 0 0 0 0
#obs catch bio
 3914.26 3711.18 3363.58 2691.55 4714.49 10058.3 13014.1 17270.9 32182.5 42567.1 48764.4 89456.4 84543.3 123916 134743 114644 118164 111258 116027 113837 124743 132302 144641 185112 228815 225511 240207 163877 176929
#pred cpue bio
 8823.35 7861.46 6177.08 6086.76 9405.14 14960.5 20754.1 30111.6 45256.3 58664.4 73579.4 102758 113903 142151 144969 128096 127645 120806 129448 130068 133323 144994 155129 188265 229333 227314 219936 185048 199942 8.523e+06 1.03743e+07 1.05097e+07 9.41552e+06 7.8634e+06 6.33114e+06 5.03292e+06 4.02169e+06 3.27326e+06 2.7368e+06 2.35975e+06 2.0976e+06 1.91609e+06 1.79018e+06 1.70156e+06 1.63807e+06 1.59392e+06 1.56273e+06 1.54036e+06 1.52408e+06 1.51206e+06 1.50308e+06 1.4963e+06 1.49112e+06 1.48713e+06 1.48404e+06 1.48164e+06 1.47976e+06 1.47828e+06 1.47711e+06 1.47619e+06 1.47546e+06 1.47488e+06 1.47442e+06 1.47406e+06 1.47377e+06 1.47354e+06 1.47335e+06 1.47321e+06 1.47309e+06 1.473e+06 1.47292e+06 1.47286e+06 1.47282e+06 1.47278e+06 1.47275e+06 1.47273e+06 1.47271e+06 1.47269e+06 1.47268e+06 1.47267e+06 1.47266e+06 1.47266e+06 1.47265e+06 1.47265e+06 1.47264e+06 1.47264e+06 1.47264e+06 1.47264e+06 1.47264e+06 1.47264e+06 1.47264e+06 1.47263e+06 1.47263e+06 1.47263e+06 1.47263e+06 1.47263e+06 1.47263e+06 1.47263e+06 1.47263e+06 1.47263e+06 1.47263e+06 1.47263e+06 1.47263e+06 1.47263e+06 1.47263e+06 1.47263e+06 1.47263e+06 1.47263e+06 1.47263e+06 1.47263e+06 1.47263e+06 1.47263e+06 1.47263e+06 1.47263e+06 1.47263e+06 1.47263e+06 1.47263e+06 1.47263e+06 1.47263e+06 1.47263e+06 1.47263e+06 1.47263e+06 1.47263e+06 1.47263e+06 1.47263e+06 1.47263e+06 1.47263e+06 1.47263e+06 1.47263e+06 0 0 0 0 0 0 0 0 0 0 0 0 0 0 0 0 0 0 0 0 0 0 0 0 0
#obs cpue bio
 12177.5 9407.59 6571.2 5725.26 12783.9 17929.2 23725.4 45772.6 72428.7 84243.1 89554.4 133562 128430 142411 151586 123108 142927 114987 213871 151741 128820 244810 179230 209530 283721 251894 278484 271074 251578
#pred surv len freq
 5.68088e-12 6.16876e-10 3.9493e-08 1.49067e-06 3.31733e-05 0.000435287 0.00336906 0.0154112 0.0420777 0.0718925 0.0920246 0.121187 0.159848 0.161089 0.12063 0.0795928 0.0513365 0.0315254 0.0188383 0.0114033 0.00718887 0.0048771 0.00352181 0.00240592 0.00131043
 4.24529e-12 4.60988e-10 2.95129e-08 1.11397e-06 2.47903e-05 0.000325293 0.00251789 0.0115215 0.0315108 0.0542657 0.0714083 0.0985656 0.136196 0.149145 0.133487 0.110462 0.082001 0.0524099 0.0302758 0.0165044 0.00881186 0.00489204 0.00294185 0.00179581 0.000937137
 8.03327e-12 8.72317e-10 5.58465e-08 2.10793e-06 4.69092e-05 0.000615481 0.00476203 0.0217435 0.0588236 0.0961728 0.103915 0.0974793 0.102816 0.105288 0.0970635 0.0881949 0.0768135 0.0601178 0.0407332 0.0234316 0.0117945 0.00555833 0.0026649 0.00133794 0.000625467
 1.15145e-11 1.25034e-09 8.0048e-08 3.02141e-06 6.72374e-05 0.000882195 0.00682532 0.0311577 0.0841986 0.136901 0.14434 0.125959 0.119725 0.106465 0.0747397 0.0482281 0.0356403 0.0293023 0.0232536 0.0160427 0.00914975 0.00432476 0.00179859 0.000718575 0.000277146
 1.17155e-11 1.27216e-09 8.14452e-08 3.07415e-06 6.8411e-05 0.000897597 0.00694464 0.0317059 0.0857288 0.139781 0.149203 0.13476 0.132795 0.119022 0.0813478 0.0470607 0.0269975 0.016061 0.0106007 0.00757928 0.00500272 0.00271354 0.00117422 0.000420973 0.000132678
 1.1698e-11 1.27026e-09 8.13232e-08 3.06955e-06 6.83086e-05 0.000896255 0.00693431 0.03166 0.0856224 0.13975 0.149829 0.136961 0.136643 0.123009 0.0840213 0.0482361 0.0267424 0.0141291 0.00718177 0.00383972 0.00224996 0.0012945 0.000624755 0.000234615 6.86736e-05
 1.15952e-11 1.25909e-09 8.06084e-08 3.04257e-06 6.77083e-05 0.000888381 0.0068735 0.031385 0.084914 0.138879 0.150214 0.140494 0.142997 0.128233 0.0846018 0.0452055 0.0233058 0.0117697 0.00560749 0.00253341 0.00112866 0.000527107 0.000245223 9.73398e-05 2.9516e-05
 1.15356e-11 1.25263e-09 8.01947e-08 3.02695e-06 6.73608e-05 0.000883821 0.00683822 0.0312239 0.0844777 0.138163 0.149429 0.139768 0.142448 0.128428 0.0860182 0.0471377 0.0244572 0.0118578 0.00525773 0.00219141 0.000857834 0.000319135 0.000117698 4.19881e-05 1.27199e-05
 1.17312e-11 1.27387e-09 8.15546e-08 3.07828e-06 6.8503e-05 0.000898806 0.00695408 0.0317512 0.0858811 0.14027 0.150839 0.138977 0.139642 0.125585 0.0848007 0.0474156 0.025275 0.0125599 0.00561176 0.00226537 0.000821815 0.000269474 8.13386e-05 2.31134e-05 6.04514e-06
 1.12078e-11 1.21704e-09 7.79158e-08 2.94093e-06 6.54466e-05 0.00085871 0.00664408 0.0303409 0.0821373 0.134724 0.147505 0.142291 0.148925 0.13419 0.0871666 0.0447817 0.0219539 0.0106089 0.00480307 0.00197941 0.000718012 0.000225112 6.09685e-05 1.44462e-05 3.04228e-06
 1.18249e-11 1.28405e-09 8.22058e-08 3.10286e-06 6.905e-05 0.000905984 0.00700966 0.0320059 0.0865829 0.14152 0.152657 0.141765 0.143243 0.127952 0.0839363 0.0440486 0.0216516 0.00997671 0.00418809 0.00164332 0.000592421 0.000186881 4.959e-05 1.08568e-05 1.9625e-06
 1.1857e-11 1.28753e-09 8.24291e-08 3.11129e-06 6.92376e-05 0.000908445 0.0070287 0.0320928 0.0868169 0.141894 0.153023 0.142003 0.143338 0.127834 0.083543 0.0435743 0.0214002 0.00995099 0.00418128 0.00158577 0.000538293 0.000162038 4.22043e-05 9.08813e-06 1.557e-06
 1.16493e-11 1.26497e-09 8.09847e-08 3.05677e-06 6.80244e-05 0.000892531 0.00690573 0.0315349 0.0853577 0.13991 0.152734 0.146174 0.151421 0.134341 0.0836889 0.0389049 0.01653 0.00705142 0.00288447 0.00109059 0.000367035 0.00010684 2.64761e-05 5.46937e-06 9.09423e-07
 1.09645e-11 1.19062e-09 7.62243e-08 2.87709e-06 6.40259e-05 0.000840071 0.00649997 0.0296852 0.0803944 0.132125 0.145858 0.143589 0.15303 0.13864 0.0897794 0.0452261 0.0207816 0.00872057 0.00320685 0.00108474 0.000344324 9.81039e-05 2.38282e-05 4.75178e-06 7.5651e-07
 1.01773e-11 1.10513e-09 7.07517e-08 2.67053e-06 5.94292e-05 0.000779766 0.00603362 0.0275613 0.0747239 0.123461 0.13931 0.144332 0.160435 0.146873 0.0942888 0.0464807 0.021159 0.00919608 0.00358862 0.0012299 0.000364781 9.42422e-05 2.13582e-05 4.10375e-06 6.34123e-07
 1.09048e-11 1.18413e-09 7.58091e-08 2.86142e-06 6.36772e-05 0.000835497 0.00646461 0.0295246 0.0799717 0.131528 0.145649 0.14443 0.15476 0.139935 0.0895455 0.0440089 0.0198675 0.00850737 0.00328997 0.00114769 0.000352676 9.16307e-05 1.97102e-05 3.49467e-06 5.0519e-07
 1.10781e-11 1.20295e-09 7.70139e-08 2.90689e-06 6.46891e-05 0.000848773 0.0065673 0.0299927 0.0812268 0.13349 0.147349 0.144977 0.15421 0.138827 0.0882288 0.0427283 0.0189321 0.008003 0.00306426 0.00105691 0.000323206 8.49786e-05 1.86024e-05 3.27303e-06 4.51436e-07
 1.13943e-11 1.23729e-09 7.92124e-08 2.98988e-06 6.65358e-05 0.000873002 0.00675471 0.0308472 0.0835231 0.137118 0.15068 0.146606 0.154176 0.137485 0.0856422 0.0395734 0.0164201 0.00660929 0.00245786 0.000831364 0.000250732 6.52826e-05 1.42628e-05 2.52757e-06 3.50108e-07
 1.14389e-11 1.24213e-09 7.95224e-08 3.00158e-06 6.67961e-05 0.000876417 0.0067811 0.030967 0.0838366 0.137547 0.150759 0.145764 0.152554 0.136286 0.0858779 0.0407676 0.0173993 0.00695583 0.00246913 0.000788444 0.000227846 5.77819e-05 1.24199e-05 2.18157e-06 3.017e-07
 1.14115e-11 1.23915e-09 7.93315e-08 2.99437e-06 6.66358e-05 0.000874314 0.00676487 0.0308937 0.0836493 0.137329 0.150929 0.146888 0.154481 0.137664 0.0855368 0.0392493 0.016068 0.00633515 0.00227544 0.000727972 0.000203947 4.91503e-05 1.00899e-05 1.71896e-06 2.33571e-07
 1.20734e-11 1.31102e-09 8.39329e-08 3.16805e-06 7.05007e-05 0.00092502 0.00715699 0.0326798 0.0884215 0.144651 0.156608 0.146733 0.148945 0.131101 0.0813198 0.0373532 0.0152306 0.0058883 0.00204589 0.000637659 0.000177428 4.24927e-05 8.49237e-06 1.38505e-06 1.80365e-07
 1.21701e-11 1.32153e-09 8.46058e-08 3.19345e-06 7.10659e-05 0.000932435 0.00721436 0.0329416 0.0891291 0.145799 0.157808 0.147731 0.149692 0.131183 0.0802962 0.0356726 0.0138501 0.00517525 0.0017698 0.000542027 0.000146824 3.42668e-05 6.73734e-06 1.08181e-06 1.37087e-07
 1.27812e-11 1.38789e-09 8.8854e-08 3.3538e-06 7.46343e-05 0.000979251 0.00757642 0.0345912 0.0935419 0.152614 0.163311 0.148304 0.14567 0.125844 0.0760957 0.0329176 0.012194 0.00432615 0.00140684 0.00041189 0.000108162 2.46539e-05 4.72678e-06 7.40586e-07 9.19408e-08
 1.34521e-11 1.46074e-09 9.35178e-08 3.52983e-06 7.85516e-05 0.00103064 0.00797387 0.0364016 0.0983799 0.160042 0.169103 0.148248 0.140204 0.119253 0.0717013 0.0307914 0.0112386 0.00389 0.0012167 0.000337743 8.38148e-05 1.81743e-05 3.35249e-06 5.09946e-07 6.1685e-08
 1.2309e-11 1.33661e-09 8.55713e-08 3.22989e-06 7.1877e-05 0.000943077 0.00729671 0.0333178 0.0901493 0.147488 0.159724 0.149694 0.151595 0.131928 0.0787809 0.0326714 0.011189 0.0036561 0.00110571 0.000298322 7.12325e-05 1.46685e-05 2.55457e-06 3.68687e-07 4.27641e-08
 1.21909e-11 1.32378e-09 8.47499e-08 3.19889e-06 7.1187e-05 0.000934025 0.00722671 0.032999 0.0892973 0.14618 0.158706 0.149711 0.15258 0.133142 0.0796434 0.0331174 0.0113425 0.00364622 0.00105619 0.000268384 6.07906e-05 1.20166e-05 2.00575e-06 2.75027e-07 3.01717e-08
 1.18125e-11 1.2827e-09 8.21198e-08 3.09961e-06 6.89778e-05 0.000905042 0.00700257 0.031978 0.0865693 0.141994 0.155456 0.14979 0.15574 0.136929 0.0821471 0.0342944 0.011828 0.00382868 0.00111127 0.000279442 6.12655e-05 1.14935e-05 1.81287e-06 2.36346e-07 2.47195e-08
 1.24864e-11 1.35587e-09 8.68041e-08 3.27642e-06 7.29124e-05 0.000956662 0.00740179 0.0337968 0.0914346 0.149504 0.161501 0.150359 0.151191 0.130894 0.0773736 0.0311928 0.0100874 0.00307949 0.000873516 0.000219397 4.81712e-05 8.95639e-06 1.37395e-06 1.71039e-07 1.69413e-08
 1.23466e-11 1.34069e-09 8.58324e-08 3.23975e-06 7.20963e-05 0.000945954 0.00731895 0.0334188 0.0904152 0.147863 0.159854 0.14916 0.150496 0.131093 0.0789002 0.033424 0.0117894 0.0038379 0.0010833 0.000259382 5.45319e-05 9.95157e-06 1.51784e-06 1.87019e-07 1.80663e-08
#obs surv len freq
 7.51188e-12 8.15702e-10 5.22219e-08 1.97112e-06 4.38648e-05 0.000575539 0.00445312 0.020336 0.0550562 0.0903465 0.0992364 0.0975058 0.108883 0.116282 0.108987 0.0961805 0.0787529 0.0569402 0.0356805 0.0190117 0.00824909 0.00272587 0.000640234 0.000101211 1.03649e-05
 1.11899e-12 1.21509e-10 7.77914e-09 2.93629e-07 6.53489e-06 8.57787e-05 0.000665099 0.00306947 0.00874539 0.0178141 0.0355141 0.0741921 0.125111 0.157557 0.163375 0.147394 0.112768 0.0746056 0.0441162 0.0224334 0.00910485 0.00275947 0.000590142 8.49123e-05 7.92401e-06
 1.59268e-11 1.72947e-09 1.10722e-07 4.1792e-06 9.30017e-05 0.00122019 0.00943863 0.0430477 0.115782 0.183841 0.173378 0.101191 0.0490222 0.0461652 0.0663536 0.074792 0.060959 0.0389363 0.0211021 0.00977505 0.00365192 0.00101942 0.000199402 2.6093e-05 2.21048e-06
 1.27831e-11 1.38809e-09 8.88667e-08 3.35428e-06 7.46453e-05 0.000979405 0.00757792 0.0346031 0.0936153 0.152861 0.163232 0.144871 0.134896 0.110578 0.0659196 0.0340142 0.0227004 0.0169652 0.0102852 0.00470661 0.00162308 0.00041128 7.30656e-05 8.69313e-06 6.69173e-07
 1.27182e-11 1.38105e-09 8.84158e-08 3.33726e-06 7.42664e-05 0.000974422 0.00753894 0.034415 0.0929675 0.150692 0.155919 0.127379 0.113351 0.10799 0.0917871 0.0637374 0.0332009 0.0129964 0.00459384 0.00168384 0.000543773 0.000129302 2.10537e-05 2.27125e-06 1.5829e-07
 1.23739e-11 1.34366e-09 8.60221e-08 3.24691e-06 7.2256e-05 0.000948057 0.00733538 0.0334943 0.0905809 0.147514 0.15534 0.132389 0.121035 0.111004 0.0882019 0.0597634 0.0328515 0.013735 0.00434215 0.00109775 0.000240084 4.5046e-05 6.4566e-06 6.3403e-07 4.02832e-08
 1.12507e-11 1.22169e-09 7.82136e-08 2.95218e-06 6.56974e-05 0.000862018 0.00667019 0.030467 0.0825111 0.135169 0.145493 0.130911 0.127014 0.12073 0.0982583 0.0665383 0.0354495 0.0142481 0.00436193 0.0010313 0.000186961 2.58688e-05 2.72715e-06 2.12493e-07 1.15229e-08
 1.2997e-11 1.41132e-09 9.03541e-08 3.41043e-06 7.58949e-05 0.000995806 0.0077049 0.0351814 0.0951215 0.154608 0.160983 0.131915 0.114908 0.105748 0.0871856 0.0592017 0.030626 0.0116069 0.00328618 0.000714141 0.000118102 1.43721e-05 1.24783e-06 7.58014e-08 3.1751e-09
 1.13114e-11 1.22828e-09 7.86358e-08 2.96812e-06 6.60526e-05 0.000866704 0.00670721 0.03065 0.0831502 0.137059 0.150228 0.139094 0.134923 0.122765 0.0931321 0.0582243 0.0287481 0.0106874 0.00296956 0.000618586 9.52346e-05 1.0558e-05 8.20039e-07 4.3487e-08 1.54021e-09
 1.12061e-11 1.21685e-09 7.79036e-08 2.94049e-06 6.54377e-05 0.000858638 0.00664483 0.0303643 0.0823543 0.135513 0.147331 0.133815 0.129595 0.123875 0.101018 0.0649849 0.0305279 0.010112 0.00242689 0.000441845 6.14061e-05 6.26526e-06 4.47457e-07 2.15846e-08 6.86392e-10
 1.2312e-11 1.33694e-09 8.55918e-08 3.23068e-06 7.18957e-05 0.000943376 0.00730051 0.0333574 0.0904205 0.148324 0.158966 0.138231 0.125695 0.11418 0.0895013 0.0560039 0.0259977 0.00858558 0.00202509 0.000347144 4.33685e-05 3.8967e-06 2.46378e-07 1.0668e-08 3.07389e-10
 1.15475e-11 1.25392e-09 8.02773e-08 3.03009e-06 6.74325e-05 0.00088485 0.00684875 0.0313141 0.0851016 0.140955 0.155863 0.144448 0.137396 0.12264 0.0907122 0.0526799 0.0225431 0.00681656 0.00146761 0.000231145 2.67411e-05 2.21502e-06 1.27051e-07 4.91325e-09 1.25591e-10
 1.0767e-11 1.16917e-09 7.48516e-08 2.82531e-06 6.28757e-05 0.000825084 0.00638698 0.0292165 0.0795345 0.132491 0.149002 0.142802 0.140998 0.130361 0.0991409 0.057498 0.0236212 0.00659945 0.00126614 0.000173224 1.73617e-05 1.26576e-06 6.50755e-08 2.27897e-09 5.28162e-11
 9.26469e-12 1.00604e-09 6.44076e-08 2.43111e-06 5.41041e-05 0.000710038 0.00549812 0.0251801 0.068847 0.116481 0.137184 0.14301 0.151084 0.143609 0.110075 0.0636116 0.0259134 0.0071819 0.00136074 0.000179944 1.67813e-05 1.09614e-06 4.9403e-08 1.51121e-09 3.08252e-11
 9.14462e-12 9.92999e-10 6.35729e-08 2.39961e-06 5.34035e-05 0.000700857 0.00542735 0.0248593 0.0679816 0.114958 0.134852 0.139616 0.148801 0.145905 0.11505 0.0666691 0.0265607 0.0070961 0.00128862 0.000163237 1.45763e-05 9.05697e-07 3.82389e-08 1.07328e-09 1.9696e-11
 1.0245e-11 1.11249e-09 7.1223e-08 2.68837e-06 5.98299e-05 0.000785193 0.00608018 0.0278424 0.0760365 0.127776 0.146406 0.143536 0.143842 0.135007 0.103187 0.0586058 0.0232323 0.00627582 0.00116225 0.000149091 1.32083e-05 7.96276e-07 3.20987e-08 8.51459e-10 1.46478e-11
 9.35222e-12 1.01554e-09 6.50164e-08 2.45412e-06 5.46188e-05 0.000716902 0.00555407 0.0254768 0.0699889 0.119891 0.144493 0.152773 0.15788 0.142893 0.101827 0.0533501 0.0194062 0.00478161 0.000807475 9.57275e-05 8.0212e-06 4.66114e-07 1.82247e-08 4.66739e-10 7.67878e-12
 1.02314e-11 1.11101e-09 7.11283e-08 2.68481e-06 5.97525e-05 0.00078425 0.00607458 0.02784 0.0762069 0.128793 0.149099 0.147393 0.147236 0.136211 0.100671 0.053972 0.0198281 0.00490229 0.000822898 9.50387e-05 7.56428e-06 4.10357e-07 1.49235e-08 3.57491e-10 5.54438e-12
 9.87979e-12 1.07283e-09 6.86844e-08 2.5926e-06 5.77028e-05 0.000757458 0.00586995 0.0269456 0.0741419 0.127251 0.152742 0.157639 0.156494 0.136132 0.0933219 0.0471337 0.0166922 0.00405674 0.0006776 7.80449e-05 6.14515e-06 3.2485e-07 1.13115e-08 2.5538e-10 3.69173e-12
 9.72583e-12 1.05612e-09 6.76143e-08 2.55223e-06 5.68055e-05 0.000745728 0.00578007 0.0265454 0.0731214 0.125768 0.151431 0.157047 0.157755 0.139338 0.0955493 0.046939 0.0157455 0.00356062 0.000550111 5.90301e-05 4.39556e-06 2.22688e-07 7.47589e-09 1.625e-10 2.24753e-12
 1.09676e-11 1.19095e-09 7.6247e-08 2.87809e-06 6.40581e-05 0.00084092 0.00651713 0.0299135 0.0821973 0.140039 0.16363 0.159774 0.150559 0.12698 0.0838168 0.0396536 0.0127926 0.00276978 0.000405649 4.06941e-05 2.80093e-06 1.30701e-07 4.0577e-09 8.2194e-11 1.06739e-12
 1.02903e-11 1.11741e-09 7.15392e-08 2.70045e-06 6.01089e-05 0.000789264 0.00612125 0.0281591 0.0778913 0.135153 0.164388 0.168481 0.159837 0.129172 0.0802861 0.0359223 0.0110711 0.00230662 0.000325454 3.12795e-05 2.04097e-06 8.92072e-08 2.56747e-09 4.7886e-11 5.7095e-13
 1.15981e-11 1.25943e-09 8.06312e-08 3.04363e-06 6.77462e-05 0.000889458 0.00689569 0.0316766 0.087178 0.148776 0.173219 0.165511 0.149489 0.11941 0.0735699 0.0319383 0.00931913 0.00180304 0.000233528 2.05601e-05 1.23581e-06 5.01272e-08 1.34434e-09 2.33548e-11 2.58507e-13
 1.02912e-11 1.11752e-09 7.15469e-08 2.70085e-06 6.01253e-05 0.000789746 0.00613069 0.0282722 0.0786888 0.138386 0.171773 0.177417 0.163545 0.124442 0.0714403 0.0291793 0.00814353 0.00152235 0.000190286 1.59714e-05 8.99431e-07 3.36894e-08 8.28267e-10 1.31795e-11 1.33942e-13
 9.12268e-12 9.90632e-10 6.34243e-08 2.39432e-06 5.33071e-05 0.000700401 0.00544168 0.0251524 0.0704393 0.125855 0.161784 0.176793 0.173221 0.138023 0.0804528 0.0320631 0.00840999 0.00143484 0.000160691 1.20263e-05 6.08459e-07 2.07258e-08 4.67431e-10 6.84059e-12 6.384e-14
 9.46901e-12 1.02824e-09 6.58327e-08 2.48527e-06 5.53338e-05 0.000727069 0.00564917 0.0261076 0.0730201 0.129759 0.164332 0.175627 0.169641 0.134823 0.0787474 0.0315335 0.00835328 0.00144571 0.000163608 1.21514e-05 5.92245e-07 1.88491e-08 3.88813e-10 5.15539e-12 4.35597e-14
 9.38222e-12 1.01883e-09 6.52311e-08 2.46269e-06 5.48388e-05 0.000720833 0.0056061 0.0259713 0.0730615 0.131415 0.169359 0.182129 0.171917 0.130746 0.0727172 0.0278462 0.00711229 0.00119843 0.000133295 9.79494e-06 4.72831e-07 1.48165e-08 2.9725e-10 3.77167e-12 2.99831e-14
 9.15084e-12 9.93708e-10 6.36242e-08 2.40216e-06 5.34982e-05 0.000703451 0.00547544 0.0254156 0.0718117 0.130308 0.17024 0.185286 0.175009 0.131244 0.0709399 0.0260647 0.00632593 0.00100666 0.000105514 7.32352e-06 3.3585e-07 1.00656e-08 1.9415e-10 2.374e-12 1.81705e-14
 9.5497e-12 1.03703e-09 6.63991e-08 2.50703e-06 5.5839e-05 0.00073438 0.0057185 0.026562 0.0751046 0.13616 0.17659 0.188589 0.172998 0.124961 0.0643922 0.0222889 0.00503309 0.000735832 7.00843e-05 4.39394e-06 1.82234e-07 4.97476e-09 8.82486e-11 1.00162e-12 7.16969e-15
#pred catch len freq
 4.08286e-12 4.4335e-10 2.83837e-08 1.07135e-06 2.3842e-05 0.000312865 0.00242226 0.0110974 0.0305338 0.054039 0.0774734 0.119228 0.169569 0.174166 0.130914 0.0864294 0.0557495 0.0342356 0.0204578 0.0123836 0.00780688 0.00529637 0.00382457 0.00261275 0.00142308
 3.0056e-12 3.26373e-10 2.08947e-08 7.88676e-07 1.75514e-05 0.000230321 0.00178336 0.00817413 0.0225433 0.0403174 0.059653 0.0957542 0.141732 0.157823 0.141688 0.117296 0.0870774 0.0556545 0.0321501 0.0175262 0.0093574 0.00519491 0.00312398 0.00190699 0.000995154
 6.10685e-12 6.63131e-10 4.24543e-08 1.60244e-06 3.56603e-05 0.000467898 0.00362057 0.016541 0.0448782 0.0744131 0.0852429 0.0919625 0.109465 0.116717 0.10846 0.098651 0.0859268 0.0672506 0.0455661 0.0262117 0.0131939 0.00621781 0.00298109 0.00149668 0.000699677
 8.95622e-12 9.72538e-10 6.22628e-08 2.35011e-06 5.22987e-05 0.000686205 0.00530955 0.0242512 0.0657136 0.108286 0.120883 0.122345 0.134357 0.126022 0.0895271 0.0578876 0.0427882 0.0351794 0.0279175 0.0192603 0.0109849 0.00519218 0.00215933 0.0008627 0.000332733
 9.40757e-12 1.02155e-09 6.54006e-08 2.46855e-06 5.49344e-05 0.000720789 0.00557726 0.0254764 0.0690672 0.114083 0.128597 0.133065 0.148609 0.139255 0.0961163 0.0556998 0.0319602 0.0190136 0.0125495 0.00897264 0.0059224 0.00321239 0.00139009 0.000498364 0.000157069
 1.00029e-11 1.0862e-09 6.95393e-08 2.62476e-06 5.84107e-05 0.000766399 0.00593005 0.027085 0.0733881 0.120898 0.134801 0.136015 0.14876 0.138386 0.0952134 0.0547307 0.0303477 0.0160342 0.00815009 0.00435743 0.00255333 0.00146904 0.000708991 0.000266248 7.79329e-05
 9.81243e-12 1.06551e-09 6.82151e-08 2.57478e-06 5.72986e-05 0.00075181 0.00581732 0.0265737 0.0720517 0.11909 0.13459 0.140004 0.156531 0.145009 0.0963588 0.0515543 0.0265834 0.0134251 0.00639619 0.00288974 0.00128741 0.000601246 0.000279714 0.000111031 3.36675e-05
 9.62988e-12 1.04569e-09 6.6946e-08 2.52688e-06 5.62326e-05 0.000737824 0.00570914 0.0260804 0.0707267 0.117 0.132689 0.139138 0.156767 0.146307 0.0987399 0.054182 0.028117 0.0136324 0.00604459 0.00251938 0.000986216 0.000366896 0.000135313 4.82719e-05 1.46236e-05
 1.03613e-11 1.12512e-09 7.20311e-08 2.71882e-06 6.05038e-05 0.00079386 0.00614248 0.0280539 0.0759957 0.125051 0.138772 0.138431 0.149788 0.138327 0.0939549 0.0525886 0.0280361 0.0139322 0.00622487 0.00251288 0.000911603 0.000298916 9.02253e-05 2.56387e-05 6.70561e-06
 9.9099e-12 1.0761e-09 6.88927e-08 2.60036e-06 5.78678e-05 0.000759279 0.00587513 0.0268382 0.0727746 0.120331 0.136199 0.142123 0.159076 0.146633 0.0957274 0.0492248 0.0241351 0.011663 0.00528034 0.0021761 0.000789359 0.000247481 6.70268e-05 1.58817e-05 3.34458e-06
 1.03464e-11 1.1235e-09 7.19273e-08 2.7149e-06 6.04166e-05 0.000792718 0.00613371 0.0280157 0.0759168 0.125118 0.139751 0.141502 0.154704 0.142089 0.0937881 0.0492737 0.0242236 0.011162 0.00468566 0.00183856 0.000662804 0.000209083 5.54815e-05 1.21467e-05 2.19565e-06
 1.12394e-11 1.22047e-09 7.81354e-08 2.94922e-06 6.56311e-05 0.00086113 0.00666279 0.0304259 0.0823614 0.135043 0.147636 0.141905 0.148143 0.133749 0.0876496 0.0457391 0.0224649 0.0104461 0.00438933 0.00166467 0.000565078 0.000170101 4.43043e-05 9.54034e-06 1.63448e-06
 1.05475e-11 1.14533e-09 7.33252e-08 2.76766e-06 6.15908e-05 0.000808126 0.00625299 0.0285617 0.0774131 0.127718 0.143257 0.146366 0.160557 0.145287 0.0909067 0.0422955 0.0179729 0.00766702 0.00313629 0.00118581 0.000399078 0.000116168 2.87876e-05 5.94686e-06 9.88817e-07
 1.02274e-11 1.11058e-09 7.11002e-08 2.68368e-06 5.97219e-05 0.000783606 0.00606329 0.0276961 0.0750781 0.123957 0.139464 0.143567 0.158917 0.145824 0.0946969 0.0477278 0.0219327 0.00920367 0.0033845 0.00114483 0.000363399 0.000103539 2.51483e-05 5.01502e-06 7.98419e-07
 9.70673e-12 1.05403e-09 6.74803e-08 2.54705e-06 5.66814e-05 0.000743716 0.00575483 0.0262914 0.07133 0.118248 0.135237 0.144344 0.16423 0.151478 0.0974035 0.0480306 0.0218655 0.00950317 0.00370845 0.00127097 0.000376962 9.73893e-05 2.20714e-05 4.24079e-06 6.55299e-07
 1.03124e-11 1.1198e-09 7.16906e-08 2.70596e-06 6.02178e-05 0.000790111 0.00611363 0.0279258 0.075699 0.124966 0.140523 0.14445 0.159547 0.145741 0.0934699 0.0459567 0.0207481 0.00888448 0.0034358 0.00119857 0.00036831 9.56925e-05 2.05839e-05 3.64958e-06 5.27585e-07
 1.07748e-11 1.17002e-09 7.49056e-08 2.82731e-06 6.29183e-05 0.00082554 0.00638763 0.0291743 0.0790397 0.130132 0.144729 0.145 0.15668 0.141813 0.0902339 0.043709 0.0193673 0.00818699 0.00313471 0.00108121 0.000330636 8.69323e-05 1.90301e-05 3.34827e-06 4.61814e-07
 1.08165e-11 1.17454e-09 7.51951e-08 2.83824e-06 6.31615e-05 0.000828732 0.00641236 0.0292878 0.0793563 0.130725 0.145715 0.146724 0.158996 0.143254 0.0894405 0.0413465 0.017157 0.00690593 0.00256818 0.000868678 0.000261985 6.82126e-05 1.4903e-05 2.64102e-06 3.65821e-07
 1.10946e-11 1.20474e-09 7.71285e-08 2.91122e-06 6.47854e-05 0.000850037 0.00657709 0.0300377 0.0813535 0.133736 0.147792 0.145812 0.155393 0.139703 0.0881555 0.0418599 0.0178662 0.00714251 0.0025354 0.000809605 0.000233961 5.93327e-05 1.27532e-05 2.24012e-06 3.09798e-07
 1.10732e-11 1.20241e-09 7.69797e-08 2.9056e-06 6.46604e-05 0.000848398 0.00656444 0.0299807 0.08121 0.133587 0.148026 0.146964 0.157314 0.14105 0.0877607 0.0402802 0.0164906 0.00650183 0.00233531 0.000747126 0.000209313 5.04435e-05 1.03554e-05 1.76419e-06 2.39716e-07
 1.18068e-11 1.28208e-09 8.208e-08 3.09811e-06 6.89444e-05 0.000904601 0.00699909 0.0319605 0.0864998 0.141702 0.15432 0.146794 0.151178 0.13377 0.0830748 0.038168 0.0155634 0.00601698 0.0020906 0.000651595 0.000181306 4.34213e-05 8.67797e-06 1.41532e-06 1.84306e-07
 1.21011e-11 1.31404e-09 8.41258e-08 3.17533e-06 7.06628e-05 0.000927146 0.00717346 0.0327553 0.0886313 0.145036 0.157218 0.147752 0.150279 0.13188 0.0807486 0.0358758 0.0139291 0.00520478 0.0017799 0.000545121 0.000147662 3.44624e-05 6.77579e-06 1.08799e-06 1.37869e-07
 1.26114e-11 1.36945e-09 8.76733e-08 3.30923e-06 7.36425e-05 0.000966239 0.0074758 0.0341329 0.0923175 0.150737 0.161862 0.148368 0.147133 0.127572 0.0772057 0.0334032 0.0123743 0.0043901 0.00142764 0.00041798 0.000109761 2.50184e-05 4.79666e-06 7.51536e-07 9.33002e-08
 1.34303e-11 1.45837e-09 9.33662e-08 3.52411e-06 7.84243e-05 0.00102897 0.00796095 0.0363427 0.0982227 0.159801 0.168918 0.148256 0.140392 0.119476 0.0718437 0.0308533 0.0112612 0.00389784 0.00121915 0.000338424 8.39838e-05 1.8211e-05 3.35925e-06 5.10974e-07 6.18094e-08
 1.25679e-11 1.36472e-09 8.73707e-08 3.29781e-06 7.33883e-05 0.000962906 0.00745005 0.0340162 0.092015 0.150346 0.161921 0.14957 0.149326 0.129267 0.077098 0.0319659 0.0109469 0.00357699 0.00108178 0.000291867 6.96911e-05 1.43511e-05 2.49929e-06 3.60709e-07 4.18388e-08
 1.24474e-11 1.35164e-09 8.6533e-08 3.26619e-06 7.26847e-05 0.000953674 0.00737866 0.0336911 0.0911461 0.149013 0.160884 0.14959 0.150333 0.130505 0.0779738 0.0324156 0.0111017 0.0035688 0.00103376 0.000262685 5.94999e-05 1.17614e-05 1.96316e-06 2.69187e-07 2.95311e-08
 1.24623e-11 1.35325e-09 8.66366e-08 3.2701e-06 7.27718e-05 0.000954816 0.00738749 0.0337312 0.0912526 0.14917 0.160976 0.149487 0.150057 0.130254 0.0779154 0.0325093 0.0112112 0.00362899 0.00105331 0.000264867 5.80701e-05 1.08941e-05 1.71832e-06 2.24019e-07 2.34302e-08
 1.25438e-11 1.36211e-09 8.72035e-08 3.2915e-06 7.32479e-05 0.000961064 0.00743582 0.0339519 0.0918487 0.150138 0.161988 0.150328 0.150681 0.130299 0.0770013 0.0310411 0.0100382 0.00306447 0.000869258 0.000218328 4.79364e-05 8.91273e-06 1.36725e-06 1.70206e-07 1.68588e-08
 1.17822e-11 1.2794e-09 8.19085e-08 3.09164e-06 6.88004e-05 0.000902713 0.00698455 0.0318957 0.0863465 0.141628 0.155052 0.149405 0.155406 0.136874 0.0825875 0.0350031 0.0123474 0.00401959 0.00113459 0.000271661 5.71135e-05 1.04227e-05 1.5897e-06 1.95873e-07 1.89215e-08
#obs catch len freq
 6.68957e-12 7.26408e-10 4.65053e-08 1.75535e-06 3.90629e-05 0.000512534 0.00396558 0.0181083 0.049008 0.0802881 0.087631 0.0852938 0.0973151 0.112965 0.119451 0.112928 0.0911913 0.0638344 0.0403192 0.022439 0.0102099 0.00350212 0.00084581 0.000136598 1.4222e-05
 5.02878e-12 5.46066e-10 3.49596e-08 1.31956e-06 2.93653e-05 0.000385313 0.00298198 0.0136334 0.0371193 0.0625462 0.0760642 0.0922319 0.119791 0.1334 0.125792 0.110574 0.0896817 0.0639962 0.0393908 0.0204526 0.00854917 0.00268859 0.000594934 8.79543e-05 8.38011e-06
 5.39071e-13 5.85368e-11 3.74761e-09 1.4146e-07 3.14869e-06 4.13576e-05 0.000321695 0.00150748 0.00459308 0.0115486 0.0308848 0.0744764 0.129514 0.163445 0.168709 0.150665 0.113919 0.0744699 0.043248 0.021368 0.00833158 0.00239985 0.000483245 6.50011e-05 5.642e-06
 8.53705e-12 9.27023e-10 5.93488e-08 2.24012e-06 4.98506e-05 0.000654051 0.0050595 0.0230795 0.06213 0.0990932 0.0957187 0.063994 0.0528464 0.0822772 0.126961 0.141192 0.113084 0.0710656 0.0377618 0.01699 0.00609126 0.00161368 0.000296921 3.6309e-05 2.86059e-06
 9.48281e-12 1.02972e-09 6.59237e-08 2.4883e-06 5.53746e-05 0.000726595 0.00562322 0.0257064 0.069914 0.116887 0.136442 0.147312 0.161335 0.138829 0.0832701 0.0433588 0.0290072 0.0212133 0.0124717 0.00550826 0.0018191 0.000437182 7.3027e-05 8.11637e-06 5.80934e-07
 1.20768e-11 1.3114e-09 8.3957e-08 3.16897e-06 7.05213e-05 0.000925295 0.0071592 0.0326884 0.0883846 0.143816 0.150987 0.128095 0.118631 0.114222 0.0963263 0.0656567 0.0334366 0.0128694 0.00449752 0.00160598 0.00049567 0.000111483 1.70507e-05 1.71793e-06 1.1132e-07
 1.20221e-11 1.30545e-09 8.35763e-08 3.1546e-06 7.02018e-05 0.000921115 0.00712727 0.0325506 0.0881014 0.14394 0.153258 0.13381 0.12469 0.114415 0.0901865 0.0601648 0.0323205 0.013154 0.0040423 0.000992554 0.000209473 3.73929e-05 5.0368e-06 4.61613e-07 2.72612e-08
 1.08977e-11 1.18336e-09 7.57596e-08 2.85956e-06 6.36364e-05 0.000834989 0.00646145 0.0295213 0.0800341 0.131637 0.143549 0.132561 0.130911 0.124314 0.100172 0.0666229 0.0346446 0.0135496 0.00402144 0.000916553 0.00015925 2.09869e-05 2.08959e-06 1.52377e-07 7.68194e-09
 1.28306e-11 1.39326e-09 8.91975e-08 3.36677e-06 7.49236e-05 0.000983073 0.0076067 0.0347387 0.0939836 0.153104 0.160551 0.133493 0.117491 0.107783 0.08781 0.058413 0.0294284 0.0108341 0.00297043 0.000621483 9.82482e-05 1.13536e-05 9.30467e-07 5.30348e-08 2.07184e-09
 1.1324e-11 1.22965e-09 7.87233e-08 2.97143e-06 6.61264e-05 0.000867685 0.00671519 0.0306929 0.0833273 0.137666 0.151724 0.141264 0.136436 0.122801 0.091938 0.0563696 0.0271138 0.0097791 0.00262495 0.000525173 7.7162e-05 8.11394e-06 5.94366e-07 2.95768e-08 9.78626e-10
 1.12895e-11 1.22591e-09 7.84838e-08 2.96239e-06 6.59254e-05 0.00086505 0.0066948 0.0305984 0.0830401 0.136888 0.149405 0.136067 0.130984 0.123748 0.0992624 0.0623135 0.028411 0.00911525 0.00211408 0.000369918 4.90371e-05 4.73945e-06 3.18894e-07 1.44284e-08 4.28727e-10
 1.24647e-11 1.35352e-09 8.66534e-08 3.27076e-06 7.27878e-05 0.000955094 0.00739154 0.0337787 0.091607 0.150462 0.161605 0.140386 0.126376 0.113199 0.0872184 0.0532514 0.0239765 0.00765459 0.00173934 0.000285803 3.40264e-05 2.89645e-06 1.72522e-07 7.00273e-09 1.88427e-10
 1.1742e-11 1.27504e-09 8.16296e-08 3.08114e-06 6.85689e-05 0.000899778 0.00696472 0.0318506 0.0866092 0.143642 0.159059 0.14679 0.13768 0.120896 0.087774 0.0496862 0.0206013 0.00601748 0.00124763 0.000188235 2.07251e-05 1.62414e-06 8.77064e-08 3.17987e-09 7.59225e-11
 1.09694e-11 1.19115e-09 7.62585e-08 2.87841e-06 6.4058e-05 0.000840618 0.00650772 0.0297757 0.0811097 0.135312 0.152386 0.145379 0.141554 0.128701 0.0958647 0.0540402 0.0214605 0.00578134 0.00106701 0.000139818 1.33382e-05 9.19688e-07 4.44816e-08 1.45931e-09 3.15771e-11
 9.48845e-12 1.03034e-09 6.59632e-08 2.48983e-06 5.54116e-05 0.00072722 0.00563174 0.0257999 0.0705984 0.119633 0.140991 0.14595 0.151807 0.141795 0.106325 0.059655 0.0234688 0.00626336 0.00113924 0.000143973 1.27623e-05 7.88272e-07 3.34352e-08 9.58343e-10 1.82472e-11
 9.3642e-12 1.01684e-09 6.50995e-08 2.45724e-06 5.46866e-05 0.000717723 0.00555856 0.0254685 0.0697061 0.118072 0.138651 0.142715 0.149922 0.144353 0.111087 0.0623598 0.02396 0.00615861 0.00107277 0.00012973 1.09959e-05 6.45162e-07 2.56133e-08 6.7361e-10 1.15465e-11
 1.05111e-11 1.14138e-09 7.30728e-08 2.7582e-06 6.13846e-05 0.000805624 0.00623901 0.0285776 0.0780974 0.131391 0.150526 0.146437 0.144318 0.1328 0.098994 0.0544543 0.0208093 0.00540173 0.00095763 0.00011701 9.82312e-06 5.58625e-07 2.11584e-08 5.25527e-10 8.44035e-12
 9.57336e-12 1.03956e-09 6.6554e-08 2.51217e-06 5.59118e-05 0.000733912 0.00568674 0.0260967 0.0717674 0.12317 0.148529 0.155836 0.158372 0.140479 0.0975874 0.0494902 0.0173429 0.0041052 0.000663727 7.49391e-05 5.94384e-06 3.25237e-07 1.19278e-08 2.85685e-10 4.38499e-12
 1.04785e-11 1.13785e-09 7.28466e-08 2.74969e-06 6.11973e-05 0.000803249 0.00622257 0.0285283 0.0781567 0.132282 0.153201 0.150431 0.147844 0.133861 0.0962202 0.0498415 0.0176169 0.00417777 0.000670097 7.3583e-05 5.53917e-06 2.8286e-07 9.64337e-09 2.15811e-10 3.11829e-12
 1.01288e-11 1.09987e-09 7.04159e-08 2.65798e-06 5.91592e-05 0.000776626 0.00601956 0.0276451 0.0761453 0.130897 0.157053 0.160603 0.156527 0.133192 0.0888579 0.0433858 0.0147805 0.00344243 0.000548578 5.99635e-05 4.45784e-06 2.21544e-07 7.22693e-09 1.52396e-10 2.05226e-12
 9.98625e-12 1.0844e-09 6.9425e-08 2.6206e-06 5.83287e-05 0.000765779 0.00593663 0.0272776 0.0752159 0.129566 0.15591 0.160195 0.157913 0.136194 0.0906572 0.0429672 0.0138498 0.00300022 0.000442198 4.50123e-05 3.16101e-06 1.50311e-07 4.71974e-09 9.57013e-11 1.23213e-12
 1.12306e-11 1.21951e-09 7.80757e-08 2.94714e-06 6.55967e-05 0.000861178 0.00667535 0.0306534 0.0843093 0.143833 0.167981 0.162596 0.150307 0.123638 0.0791376 0.036091 0.0111775 0.00231563 0.000323163 3.073e-05 1.99392e-06 8.72935e-08 2.53284e-09 4.78052e-11 5.77106e-13
 1.05575e-11 1.14643e-09 7.33974e-08 2.77063e-06 6.16733e-05 0.000809883 0.00628272 0.0289185 0.080083 0.139148 0.168987 0.17127 0.159115 0.125348 0.0755523 0.0325835 0.00963504 0.00191881 0.000257653 2.34435e-05 1.4407e-06 5.90475e-08 1.58792e-09 2.75919e-11 3.05745e-13
 1.18716e-11 1.28913e-09 8.25333e-08 3.11547e-06 6.93474e-05 0.000910557 0.00706075 0.0324504 0.0893917 0.152737 0.177659 0.168133 0.148711 0.115538 0.0688493 0.0287573 0.00804342 0.00148707 0.000183289 1.52734e-05 8.63991e-07 3.28261e-08 8.21722e-10 1.32903e-11 1.36671e-13
 1.05727e-11 1.14809e-09 7.3505e-08 2.77483e-06 6.17753e-05 0.000811528 0.00630179 0.0290813 0.08104 0.142679 0.176598 0.179987 0.162132 0.120001 0.0666784 0.0262082 0.00700656 0.00124993 0.000148459 1.17819e-05 6.24229e-07 2.19017e-08 5.02573e-10 7.44217e-12 7.02217e-14
 9.38118e-12 1.01871e-09 6.52225e-08 2.46227e-06 5.48238e-05 0.000720453 0.00559972 0.0259053 0.0726604 0.130036 0.166811 0.180041 0.172422 0.13341 0.0750716 0.0287389 0.0072164 0.00117528 0.000125165 8.86107e-06 4.21591e-07 1.34363e-08 2.82509e-10 3.84484e-12 3.33067e-14
 9.73661e-12 1.05731e-09 6.76943e-08 2.55563e-06 5.69044e-05 0.000747839 0.00581289 0.0268867 0.0753097 0.134031 0.169407 0.178873 0.16881 0.130143 0.0733042 0.0281687 0.00713394 0.00117631 0.000126317 8.86226e-06 4.06202e-07 1.21091e-08 2.33139e-10 2.87638e-12 2.25555e-14
 9.64629e-12 1.04751e-09 6.70685e-08 2.53216e-06 5.6391e-05 0.000741399 0.00576883 0.0267512 0.0753771 0.135776 0.174501 0.185174 0.170633 0.125828 0.0674734 0.0247878 0.0060494 0.000970158 0.000102236 7.08331e-06 3.20965e-07 9.40785e-09 1.76074e-10 2.07971e-12 1.53611e-14
 9.43052e-12 1.02409e-09 6.55707e-08 2.47577e-06 5.51436e-05 0.000725268 0.00564827 0.0262448 0.0742734 0.134929 0.175639 0.188368 0.173408 0.125882 0.0655112 0.0230704 0.00534697 0.000809486 8.0348e-05 5.25361e-06 2.25854e-07 6.32102e-09 1.13541e-10 1.29035e-12 9.16554e-15
#spawning biomass
 9497.22 8248.45 6795.67 7273.48 11528.3 18493.4 25771.2 37339.6 56352.2 72359.2 92294.4 129053 143130 174785 174748 157376 157672 150888 161735 162627 169916 185627 202642 251425 295888 292248 279565 240378 258094 306689 493738 494754 437111 358937 283411 220612 172695 138098 114045 97765.7 86962.6 79897.5 75325 72374.1 70472.3 69287.6 68549.5 68089.7 67803.3 67624.9 67513.8 67444.5 67401.4 67374.5 67357.8 67347.3 67340.9 67336.8 67334.3 67332.7 67331.7 67331.1 67330.7 67330.5 67330.4 67330.3 67330.2 67330.2 67330.2 67330.1 67330.1 67330.1 67330.1 67330.1 67330.1 67330.1 67330.1 67330.1 67330.1 67330.1 67330.1 67330.1 67330.1 67330.1 67330.1 67330.1 67330.1 67330.1 67330.1 67330.1 67330.1 67330.1 67330.1 67330.1 67330.1 67330.1 67330.1 67330.1 67330.1 67330.1 67330.1 67330.1 67330.1 67330.1 67330.1 67330.1 67330.1 67330.1 67330.1 67330.1 67330.1 67330.1 67330.1 67330.1 67330.1 67330.1 67330.1 67330.1 67330.1 67330.1 67330.1 67330.1 67330.1 67330.1 67330.1 67330.1 67330.1 67330.1 67330.1 0 0 0 0 0 0 0 0 0 0 0 0 0 0 0 0 0 0 0 0 0 0 0 0 0
