SBPRF35
0.0628122
Curr Bio
515638
B35
229739
F35
49056.8
FOFL
49056.8
OFL
539865
Bzero
10858.1
#pred survey bio
 7843.39 7999.58 12012.4 18670.8 25637.5 28143.7 38220.1 43157.3 48051.9 65654.5 73964.9 99654.4 130341 121673 116039 91918.4 98169.2 99105 87336.1 101614 108245 97750.7 133336 122889 125575 112461 98815.6 104958 118633 2.78444e+06 620420 208369 67213.6 35306.1 28362.3 26864.2 26543.8 26475.8 26461.5 26458.5 26457.9 26457.8 26457.8 26457.8 26457.8 26457.8 26457.8 26457.8 26457.8 26457.8 26457.8 26457.8 26457.8 26457.8 26457.8 26457.8 26457.8 26457.8 26457.8 26457.8 26457.8 26457.8 26457.8 26457.8 26457.8 26457.8 26457.8 26457.8 26457.8 26457.8 26457.8 26457.8 26457.8 26457.8 26457.8 26457.8 26457.8 26457.8 26457.8 26457.8 26457.8 26457.8 26457.8 26457.8 26457.8 26457.8 26457.8 26457.8 26457.8 26457.8 26457.8 26457.8 26457.8 26457.8 26457.8 26457.8 26457.8 26457.8 26457.8 26457.8 26457.8 26457.8 26457.8 26457.8 26457.8 26457.8 26457.8 26457.8 26457.8 26457.8 26457.8 26457.8 26457.8 26457.8 26457.8 26457.8 26457.8 26457.8 26457.8 26457.8 26457.8 26457.8 26457.8 26457.8 26457.8 26457.8 26457.8 26457.8 26457.8 0 0 0 0 0 0 0 0 0 0 0 0 0 0 0 0 0 0 0 0 0 0 0 0 0
#obs survey bio
 6740.66 6518.18 15955.7 20948.4 26538.4 26262.8 31189.5 40934.8 43121.6 58071.2 65588.9 89865.1 104902 127656 131529 93145 100669 96389.6 103973 82855.4 95049.9 102943 134052 128629 107673 121374 127199 103884 125966
#pred catch bio
 6038.57 5595.01 6390.39 11690.9 16501.7 17864.4 24532.7 24774.4 30689 38179.4 48005.5 68038.7 73853.4 100556 103148 93262.1 93664 81910 84919.4 85639.9 78901.3 88579.7 94640.8 107370 112119 124823 113768 101061 107810 539865 6606.92 6606.92 6606.92 6606.92 6606.92 6606.92 6606.92 6606.92 6606.92 6606.92 6606.92 6606.92 6606.92 6606.92 6606.92 6606.92 6606.92 6606.92 6606.92 6606.92 6606.92 6606.92 6606.92 6606.92 6606.92 6606.92 6606.92 6606.92 6606.92 6606.92 6606.92 6606.92 6606.92 6606.92 6606.92 6606.92 6606.92 6606.92 6606.92 6606.92 6606.92 6606.92 6606.92 6606.92 6606.92 6606.92 6606.92 6606.92 6606.92 6606.92 6606.92 6606.92 6606.92 6606.92 6606.92 6606.92 6606.92 6606.92 6606.92 6606.92 6606.92 6606.92 6606.92 6606.92 6606.92 6606.92 6606.92 6606.92 6606.92 6606.92 6606.92 6606.92 6606.92 6606.92 6606.92 6606.92 6606.92 6606.92 6606.92 6606.92 6606.92 6606.92 6606.92 6606.92 6606.92 6606.92 6606.92 6606.92 6606.92 6606.92 6606.92 6606.92 6606.92 6606.92 6606.92 6606.92 6606.92 6606.92 6606.92 0 0 0 0 0 0 0 0 0 0 0 0 0 0 0 0 0 0 0 0 0 0 0 0 0
#obs catch bio
 6171.26 5775.88 6417.46 11746.3 16792.2 17955.9 24796.2 24783.7 30986.1 38174.4 47730.1 68657.7 73043.1 100439 102572 94924.5 92764.8 81617.7 84003.2 85078.8 78057.5 87615.6 93380.2 106531 110010 122918 112408 99812.7 107487
#pred cpue bio
 7867.32 7827.09 11364.3 17989.2 24736.8 26801.8 36484.7 40920.4 45030.6 60043.4 68636.6 91924.4 118000 113844 111259 87099.2 91845.3 92084.6 80683.3 94185.9 97872.9 88299.9 120573 109679 112659 102965 90895.2 95226.5 107071 2.52018e+06 636033 211292 62931.5 30711.5 23757.8 22259.5 21939.1 21871.1 21856.8 21853.8 21853.2 21853 21853 21853 21853 21853 21853 21853 21853 21853 21853 21853 21853 21853 21853 21853 21853 21853 21853 21853 21853 21853 21853 21853 21853 21853 21853 21853 21853 21853 21853 21853 21853 21853 21853 21853 21853 21853 21853 21853 21853 21853 21853 21853 21853 21853 21853 21853 21853 21853 21853 21853 21853 21853 21853 21853 21853 21853 21853 21853 21853 21853 21853 21853 21853 21853 21853 21853 21853 21853 21853 21853 21853 21853 21853 21853 21853 21853 21853 21853 21853 21853 21853 21853 21853 21853 21853 21853 21853 0 0 0 0 0 0 0 0 0 0 0 0 0 0 0 0 0 0 0 0 0 0 0 0 0
#obs cpue bio
 7702.27 7236.7 7769.14 13913.6 20220.1 23874.8 40258.3 41226.5 41566.6 73203.4 76377.8 92463.8 185588 109999 105694 64128.1 100828 104055 73775.8 128983 140886 88499.6 161024 119004 177479 120373 80930.3 118055 115492
#pred surv len freq
 2.55465e-27 2.56615e-27 1.45038e-26 2.52016e-20 6.17786e-15 1.83061e-10 6.55693e-07 0.00028389 0.0148578 0.0939952 0.072362 0.0370691 0.231317 0.214859 0.0692539 0.104741 0.0453548 0.035137 0.0211825 0.0157564 0.0120853 0.0102305 0.0100523 0.00879131 0.00266999
 2.55934e-27 2.57871e-27 2.5252e-26 4.78742e-20 1.17358e-14 3.47752e-10 1.24559e-06 0.000539293 0.0282247 0.178557 0.136928 0.0367689 0.183677 0.171385 0.0710243 0.119089 0.0399142 0.0157532 0.00691017 0.00385355 0.00240011 0.00173259 0.0015012 0.0013069 0.000434114
 2.56275e-27 2.5871e-27 3.18116e-26 6.17089e-20 1.51272e-14 4.48246e-10 1.60554e-06 0.000695138 0.036381 0.230157 0.176415 0.0422417 0.197581 0.182617 0.0441287 0.0548867 0.019932 0.0101206 0.00309136 0.000889926 0.000364488 0.000199319 0.000142044 0.000115455 3.96099e-05
 2.56087e-27 2.58194e-27 2.71778e-26 5.19332e-20 1.27308e-14 3.77237e-10 1.3512e-06 0.000585017 0.0306177 0.193697 0.148602 0.0440026 0.230523 0.213051 0.0502213 0.0609583 0.0192766 0.00577641 0.00190839 0.000587062 0.00012216 3.61263e-05 1.8021e-05 1.24928e-05 4.22753e-06
 2.56079e-27 2.5819e-27 2.72915e-26 5.21738e-20 1.27898e-14 3.78984e-10 1.35746e-06 0.000587727 0.0307595 0.194594 0.149266 0.0426711 0.219924 0.203601 0.0545525 0.0732012 0.0227629 0.00607295 0.00158911 0.0003273 7.20192e-05 1.21277e-05 2.72839e-06 1.33066e-06 4.19608e-07
 2.5621e-27 2.58532e-27 3.01966e-26 5.83019e-20 1.4292e-14 4.23498e-10 1.5169e-06 0.000656759 0.0343724 0.21745 0.166722 0.0428994 0.209397 0.193615 0.047845 0.0604338 0.0191459 0.00570211 0.00146365 0.000252319 3.75564e-05 5.27452e-06 6.22333e-07 1.29019e-07 3.34084e-08
 2.56182e-27 2.58448e-27 2.93795e-26 5.65778e-20 1.38694e-14 4.10974e-10 1.47204e-06 0.000637337 0.0333559 0.211019 0.161826 0.0437589 0.219378 0.202692 0.0470477 0.0563097 0.0175823 0.00484516 0.00127176 0.000239343 3.23515e-05 3.19812e-06 2.59895e-07 2.09023e-08 2.94688e-09
 2.56249e-27 2.58629e-27 3.09617e-26 5.99156e-20 1.46876e-14 4.35219e-10 1.55888e-06 0.000674936 0.0353237 0.223468 0.171326 0.0433784 0.209808 0.193856 0.0454004 0.0547536 0.0167494 0.00403821 0.00101491 0.000179436 2.55276e-05 2.46615e-06 1.44284e-07 6.21563e-09 3.05623e-10
 2.56355e-27 2.58912e-27 3.34267e-26 6.51156e-20 1.59623e-14 4.72991e-10 1.69418e-06 0.000733513 0.0383894 0.242863 0.186129 0.0430034 0.196553 0.181534 0.0415662 0.0491177 0.0151444 0.00385068 0.000944318 0.00014842 1.97413e-05 1.89879e-06 1.09671e-07 3.35146e-09 6.61149e-11
 2.56545e-27 2.59413e-27 3.77266e-26 7.41861e-20 1.81858e-14 5.38878e-10 1.93017e-06 0.000835691 0.043737 0.276693 0.211959 0.0428701 0.177391 0.163585 0.0335676 0.035379 0.0107532 0.00250312 0.000612431 9.91948e-05 1.23046e-05 1.06663e-06 5.96297e-08 1.75123e-09 2.27089e-11
 2.56423e-27 2.59071e-27 3.46074e-26 6.76055e-20 1.65727e-14 4.91078e-10 1.75896e-06 0.000761562 0.0398574 0.252149 0.193245 0.0445582 0.203386 0.187404 0.0347372 0.0320348 0.00950681 0.00185452 0.00043018 6.4669e-05 8.06527e-06 6.81834e-07 3.43033e-08 9.53222e-10 1.14338e-11
 2.56477e-27 2.59227e-27 3.60614e-26 7.06729e-20 1.73246e-14 5.13359e-10 1.83877e-06 0.000796116 0.0416658 0.26359 0.201964 0.0434893 0.189126 0.174407 0.0353703 0.0367361 0.0107086 0.00172343 0.000368769 4.70885e-05 5.39326e-06 4.37568e-07 2.16298e-08 5.49399e-10 6.13626e-12
 2.5661e-27 2.5958e-27 3.91079e-26 7.70996e-20 1.89e-14 5.60042e-10 2.00598e-06 0.000868511 0.0454547 0.287559 0.220263 0.0432705 0.174604 0.160832 0.0298161 0.0274967 0.00807405 0.00142315 0.000300644 3.184e-05 3.14704e-06 2.20428e-07 1.01896e-08 2.51154e-10 2.59983e-12
 2.5635e-27 2.58871e-27 3.2795e-26 6.37819e-20 1.56354e-14 4.63304e-10 1.65948e-06 0.00071849 0.0376032 0.237889 0.182369 0.0454136 0.217536 0.200397 0.0358645 0.0313225 0.00909806 0.00144574 0.000302712 3.46538e-05 3.2008e-06 1.83815e-07 7.16815e-09 1.60491e-10 1.59003e-12
 2.56124e-27 2.58262e-27 2.74474e-26 5.25008e-20 1.28699e-14 3.8136e-10 1.36597e-06 0.000591411 0.0309523 0.195814 0.150261 0.0466292 0.249346 0.229859 0.043064 0.0403032 0.0114792 0.00140425 0.000265695 2.71455e-05 2.51073e-06 1.46048e-07 4.81178e-09 8.86112e-11 7.79949e-13
 2.56246e-27 2.58602e-27 3.05504e-26 5.90473e-20 1.44747e-14 4.28912e-10 1.53629e-06 0.000665155 0.0348118 0.22023 0.168877 0.0449033 0.223133 0.205863 0.0423036 0.0446066 0.0127303 0.00156389 0.000286023 2.28928e-05 1.81423e-06 9.75413e-08 3.23852e-09 5.28858e-11 3.80872e-13
 2.5635e-27 2.58867e-27 3.27421e-26 6.36702e-20 1.5608e-14 4.62492e-10 1.65657e-06 0.000717232 0.0375373 0.237472 0.182054 0.0455929 0.219123 0.201828 0.0355267 0.0301831 0.00862066 0.00111819 0.000208214 1.6423e-05 1.16888e-06 4.90959e-08 1.43449e-09 2.27521e-11 1.49826e-13
 2.56406e-27 2.59017e-27 3.40501e-26 6.64295e-20 1.62844e-14 4.82536e-10 1.72836e-06 0.000748314 0.0391641 0.247763 0.189909 0.0453943 0.212092 0.195297 0.0335891 0.0274033 0.00770265 0.000788576 0.000134592 1.11295e-05 8.07057e-07 3.19751e-08 7.59924e-10 9.98262e-12 6.15981e-14
 2.56454e-27 2.5915e-27 3.52412e-26 6.89423e-20 1.69004e-14 5.00788e-10 1.79374e-06 0.000776621 0.0406455 0.257135 0.197057 0.0448808 0.203162 0.187094 0.0328004 0.0276707 0.0077984 0.000827166 0.000140081 9.53877e-06 6.34753e-07 2.61573e-08 6.06867e-10 6.78613e-12 3.39908e-14
 2.56422e-27 2.59056e-27 3.43464e-26 6.70544e-20 1.64376e-14 4.87075e-10 1.74462e-06 0.000755354 0.0395325 0.250094 0.191693 0.0457035 0.213191 0.196213 0.0319677 0.0234792 0.0065834 0.000666191 0.000110674 7.65667e-06 4.80357e-07 1.64947e-08 3.73504e-10 4.17405e-12 1.85406e-14
 2.56615e-27 2.59587e-27 3.9116e-26 7.71165e-20 1.89042e-14 5.60164e-10 2.00641e-06 0.000868701 0.0454647 0.287622 0.220317 0.0436706 0.177611 0.163524 0.0287991 0.0244803 0.00686345 0.000662221 0.000107121 7.19317e-06 4.45782e-07 1.51274e-08 2.99973e-10 3.02631e-12 1.33285e-14
 2.56615e-27 2.59581e-27 3.89992e-26 7.68699e-20 1.88437e-14 5.58374e-10 2e-06 0.000865924 0.0453193 0.286703 0.219625 0.0442613 0.182592 0.167981 0.0270473 0.0193731 0.00547505 0.000635784 0.00011125 7.2087e-06 4.31753e-07 1.42373e-08 2.78661e-10 2.58376e-12 1.00513e-14
 2.56605e-27 2.59552e-27 3.87245e-26 7.62902e-20 1.87016e-14 5.54162e-10 1.98492e-06 0.000859393 0.0449775 0.28454 0.217978 0.0445379 0.185854 0.170947 0.026771 0.0179933 0.00500738 0.000454399 7.20857e-05 5.415e-06 3.5069e-07 1.1128e-08 2.10392e-10 1.90493e-12 6.99842e-15
 2.56698e-27 2.59809e-27 4.10386e-26 8.11723e-20 1.98984e-14 5.89625e-10 2.11194e-06 0.000914389 0.0478558 0.302749 0.231864 0.043448 0.167804 0.154385 0.0255611 0.0194024 0.00542087 0.00050753 8.00951e-05 4.93261e-06 2.96619e-07 1.08307e-08 2.09806e-10 1.82697e-12 6.51195e-15
 2.56655e-27 2.59682e-27 3.98257e-26 7.86132e-20 1.92711e-14 5.71036e-10 2.04536e-06 0.000885561 0.0463471 0.293205 0.224594 0.0445835 0.181552 0.166883 0.0243434 0.0134856 0.00373292 0.000331622 5.08732e-05 3.14171e-06 1.77429e-07 5.3873e-09 1.07701e-10 1.01969e-12 3.57321e-15
 2.56511e-27 2.59292e-27 3.63668e-26 7.13162e-20 1.74823e-14 5.18032e-10 1.8555e-06 0.000803362 0.0420451 0.265989 0.203831 0.0456848 0.204521 0.188069 0.0279259 0.016315 0.00446998 0.000303071 3.79934e-05 2.22561e-06 1.21426e-07 3.60007e-09 6.30799e-11 5.53093e-13 2.08171e-15
 2.56473e-27 2.59184e-27 3.538e-26 6.92344e-20 1.6972e-14 5.0291e-10 1.80134e-06 0.000779911 0.0408177 0.258225 0.197911 0.0462752 0.213173 0.195982 0.0280351 0.0145734 0.00396338 0.000235946 2.52822e-05 1.15251e-06 4.83247e-08 1.33478e-09 2.26231e-11 1.81886e-13 6.13873e-16
 2.56577e-27 2.5947e-27 3.79397e-26 7.46344e-20 1.82957e-14 5.42135e-10 1.94184e-06 0.000840741 0.0440014 0.278365 0.213273 0.0452281 0.194412 0.178736 0.0261888 0.0147038 0.00399988 0.000225589 2.24039e-05 9.17952e-07 3.10608e-08 6.30429e-10 8.76902e-12 6.6321e-14 2.09781e-16
 2.56617e-27 2.59582e-27 3.89718e-26 7.68119e-20 1.88295e-14 5.57952e-10 1.99849e-06 0.00086527 0.0452851 0.286486 0.219465 0.0446089 0.185349 0.170448 0.0260746 0.0165291 0.00453793 0.000309337 3.78628e-05 1.51875e-06 4.78131e-08 8.29941e-10 8.77888e-12 4.95568e-14 1.38477e-16
#obs surv len freq
 1.08901e-41 1.51147e-33 2.53581e-26 5.14257e-20 1.26064e-14 3.73551e-10 1.338e-06 0.000579307 0.0303186 0.191805 0.147171 0.0402322 0.173397 0.146686 0.103551 0.101325 0.0436665 0.0169816 0.00378936 0.000471736 2.42241e-05 3.71589e-07 1.27352e-09 7.91935e-13 7.81861e-17
 1.60623e-41 2.22935e-33 3.74019e-26 7.58503e-20 1.85938e-14 5.50969e-10 1.97348e-06 0.000854449 0.0447184 0.282902 0.216748 0.040758 0.126959 0.102411 0.0757285 0.0683115 0.0283619 0.0100281 0.0019959 0.000211806 8.80176e-06 1.03636e-07 2.62608e-10 1.18137e-13 8.33716e-18
 1.53552e-41 2.1312e-33 3.57553e-26 7.25111e-20 1.77752e-14 5.26713e-10 1.8866e-06 0.000816832 0.0427498 0.270448 0.207465 0.0499566 0.176471 0.128677 0.056702 0.0428554 0.01725 0.0055397 0.000975557 8.68939e-05 2.88181e-06 2.58795e-08 4.83536e-11 1.5705e-14 7.90861e-19
 1.07544e-41 1.49264e-33 2.50421e-26 5.07849e-20 1.24493e-14 3.68896e-10 1.32133e-06 0.000572088 0.0299408 0.189417 0.145822 0.0564586 0.230136 0.163032 0.09807 0.0659355 0.016052 0.00391581 0.000601086 4.44001e-05 1.15829e-06 7.85176e-09 1.07711e-11 2.52295e-15 9.06163e-20
 1.50443e-41 2.08805e-33 3.50314e-26 7.10429e-20 1.74153e-14 5.16048e-10 1.8484e-06 0.000800294 0.0418842 0.264973 0.20332 0.0472769 0.142387 0.104219 0.103724 0.068789 0.0187869 0.00349377 0.000325435 1.82544e-05 3.69402e-07 1.87111e-09 1.87135e-12 3.15059e-16 8.06364e-21
 1.1997e-41 1.66511e-33 2.79356e-26 5.66529e-20 1.38878e-14 4.1152e-10 1.474e-06 0.000638191 0.0334004 0.211304 0.162896 0.0650086 0.231371 0.14411 0.0785048 0.0497472 0.0190113 0.0037067 0.000290817 9.95842e-06 1.34624e-07 4.95991e-10 3.58979e-13 4.32248e-17 7.85847e-22
 1.37605e-41 1.90987e-33 3.20421e-26 6.49807e-20 1.59292e-14 4.72013e-10 1.69067e-06 0.000732003 0.0383101 0.242364 0.18649 0.057906 0.175024 0.116605 0.109928 0.0570432 0.0128707 0.00249684 0.000222624 6.36621e-06 5.41853e-08 1.24851e-10 6.18226e-14 5.25334e-18 6.75267e-23
 1.19245e-41 1.65504e-33 2.77667e-26 5.63102e-20 1.38038e-14 4.09031e-10 1.46508e-06 0.000634331 0.0331983 0.210028 0.162362 0.0721249 0.226824 0.133275 0.0942598 0.0499448 0.0150787 0.00212447 0.000139998 3.92702e-06 2.80151e-08 4.2763e-11 1.30535e-14 7.17302e-19 6.27199e-24
 1.5115e-41 2.09787e-33 3.51961e-26 7.13769e-20 1.74972e-14 5.18475e-10 1.85709e-06 0.000804056 0.0420811 0.266223 0.205093 0.0643376 0.166782 0.104064 0.0967279 0.0425834 0.00979048 0.00142654 8.40974e-05 1.68109e-06 9.94195e-09 1.24604e-11 2.7118e-15 9.59715e-20 5.30492e-25
 1.52182e-41 2.11218e-33 3.54362e-26 7.18639e-20 1.76166e-14 5.22012e-10 1.86976e-06 0.000809542 0.0423682 0.268042 0.2071 0.0778453 0.197929 0.103426 0.0660712 0.028461 0.00709969 0.000805985 3.95628e-05 6.78033e-07 2.93088e-09 2.73451e-12 4.64251e-16 1.2359e-20 4.78511e-26
 1.09759e-41 1.52338e-33 2.55579e-26 5.18309e-20 1.27057e-14 3.76494e-10 1.34854e-06 0.000583871 0.0305575 0.193331 0.151133 0.097341 0.258562 0.136054 0.0947907 0.0316196 0.00543664 0.000565051 2.34248e-05 3.07975e-07 1.0493e-09 7.25594e-13 8.78915e-17 1.70768e-21 4.92343e-27
 1.66319e-41 2.30839e-33 3.87281e-26 7.85397e-20 1.92531e-14 5.70504e-10 2.04345e-06 0.000884745 0.046304 0.292943 0.226187 0.0712446 0.144794 0.0942466 0.0898799 0.0285984 0.00457131 0.000333656 1.01832e-05 1.0708e-07 2.73559e-10 1.40399e-13 1.25296e-17 1.74436e-22 3.55368e-28
 1.33933e-41 1.8589e-33 3.11869e-26 6.32464e-20 1.55041e-14 4.59415e-10 1.64555e-06 0.000712466 0.0372876 0.235917 0.184818 0.110485 0.242674 0.106503 0.0572198 0.0201876 0.00392845 0.00025999 5.91389e-06 4.23823e-08 7.88328e-11 2.97331e-14 1.91653e-18 1.92314e-23 2.8175e-29
 1.11767e-41 1.55125e-33 2.60255e-26 5.27792e-20 1.29382e-14 3.83382e-10 1.37321e-06 0.000594554 0.0311166 0.196884 0.155619 0.112146 0.235788 0.137662 0.103331 0.0237598 0.00289449 0.000199461 4.43361e-06 2.44421e-08 3.08393e-11 7.92289e-15 3.60615e-19 2.58115e-24 2.68933e-30
 8.74725e-42 1.21406e-33 2.03684e-26 4.13067e-20 1.01258e-14 3.00047e-10 1.07472e-06 0.000465317 0.0243529 0.154107 0.124196 0.123175 0.248765 0.160144 0.125088 0.0348142 0.00468343 0.000205519 3.46995e-06 1.737e-08 1.76945e-11 3.21786e-15 9.8466e-20 4.76913e-25 3.43675e-31
 1.42151e-41 1.97296e-33 3.31005e-26 6.71272e-20 1.64554e-14 4.87605e-10 1.74652e-06 0.000756184 0.0395757 0.250403 0.196285 0.0949564 0.160253 0.125585 0.100199 0.0278805 0.00391865 0.000182538 2.4257e-06 8.25319e-09 6.54291e-12 9.58676e-16 2.21362e-20 7.56137e-26 3.70844e-32
 9.74864e-42 1.35305e-33 2.27002e-26 4.60355e-20 1.12851e-14 3.34397e-10 1.19775e-06 0.000518587 0.0271408 0.171786 0.141641 0.16217 0.272887 0.126358 0.0721721 0.0220429 0.00313553 0.000143996 1.86848e-06 5.37514e-09 3.01791e-12 3.08748e-16 5.29851e-21 1.37837e-26 5.04859e-33
 1.43669e-41 1.99403e-33 3.3454e-26 6.7844e-20 1.66311e-14 4.92811e-10 1.76517e-06 0.000764258 0.0399983 0.253103 0.200343 0.108131 0.161612 0.135673 0.0836295 0.0150595 0.00161246 7.21533e-05 8.7566e-07 2.27743e-09 1.08454e-12 8.46786e-17 1.02242e-21 1.84324e-27 4.79856e-34
 1.00653e-41 1.39699e-33 2.34375e-26 4.75307e-20 1.16516e-14 3.45258e-10 1.23666e-06 0.00053543 0.0280225 0.177423 0.149957 0.184021 0.261671 0.120585 0.0611464 0.0152073 0.00139071 3.96562e-05 3.86227e-07 8.7624e-10 3.55694e-13 2.29704e-17 2.19988e-22 2.98341e-28 5.57014e-35
 1.29077e-41 1.7915e-33 3.00562e-26 6.09533e-20 1.4942e-14 4.42758e-10 1.58589e-06 0.000686635 0.0359359 0.22746 0.184603 0.132599 0.181503 0.151807 0.0734544 0.0110232 0.000900671 2.51461e-05 1.7319e-07 2.75166e-10 8.73256e-14 4.55269e-18 3.49027e-23 3.73029e-29 5.38702e-36
 1.41389e-41 1.96239e-33 3.29231e-26 6.67675e-20 1.63673e-14 4.84992e-10 1.73716e-06 0.000752131 0.0393638 0.249205 0.204937 0.159257 0.187281 0.101376 0.0475646 0.00961472 0.000635002 1.25426e-05 7.29578e-08 8.93162e-11 1.95637e-14 7.18946e-19 4.10003e-24 3.35119e-30 3.71973e-37
 1.12673e-41 1.56383e-33 2.62365e-26 5.32071e-20 1.30431e-14 3.8649e-10 1.38435e-06 0.000599374 0.0313693 0.198733 0.172428 0.196675 0.225461 0.123028 0.0448101 0.00646128 0.000425705 8.01243e-06 3.42611e-08 3.10178e-11 5.19779e-15 1.39017e-19 5.50732e-25 3.12239e-31 2.46239e-38
 1.37225e-41 1.90459e-33 3.19534e-26 6.48009e-20 1.58852e-14 4.70707e-10 1.686e-06 0.000729978 0.0382046 0.241962 0.202651 0.160262 0.179277 0.126994 0.0442745 0.00538393 0.000254234 3.81137e-06 1.43308e-08 1.02258e-11 1.23359e-15 2.38108e-20 6.90929e-26 2.83634e-32 1.58146e-39
 1.35547e-41 1.8813e-33 3.15627e-26 6.40086e-20 1.5691e-14 4.64952e-10 1.66538e-06 0.000721053 0.0377379 0.23915 0.2071 0.194003 0.188102 0.096816 0.0320429 0.00415525 0.000167927 1.83012e-06 4.96665e-09 2.77141e-12 2.64613e-16 3.83749e-21 7.99578e-27 2.32841e-33 9.26749e-41
 1.1884e-41 1.64943e-33 2.76725e-26 5.61193e-20 1.3757e-14 4.07645e-10 1.46012e-06 0.000632181 0.0330871 0.20988 0.190426 0.213646 0.20656 0.113027 0.0297079 0.00292327 0.000107571 1.03334e-06 2.11281e-09 8.27006e-13 5.65208e-17 6.10538e-22 9.60665e-28 2.08367e-34 6.03109e-42
 1.06306e-41 1.47545e-33 2.47538e-26 5.02002e-20 1.2306e-14 3.64649e-10 1.30611e-06 0.000565503 0.029598 0.187961 0.178089 0.221336 0.217445 0.129676 0.0324448 0.00280576 7.70292e-05 5.75572e-07 9.68639e-10 2.95297e-13 1.4565e-17 1.09766e-22 1.21114e-28 1.87994e-35 3.96333e-43
 1.04602e-41 1.4518e-33 2.4357e-26 4.93954e-20 1.21087e-14 3.58803e-10 1.28517e-06 0.000556437 0.0291241 0.185117 0.179156 0.220985 0.217099 0.132827 0.0323716 0.0026978 6.36188e-05 3.63164e-07 4.4597e-10 1.02525e-13 3.87665e-18 2.18804e-23 1.74414e-29 1.90542e-36 2.7987e-44
 1.27156e-41 1.76484e-33 2.96089e-26 6.00463e-20 1.47196e-14 4.3617e-10 1.56229e-06 0.000676418 0.0354032 0.224738 0.205044 0.199914 0.192143 0.112748 0.0270548 0.00222627 5.08759e-05 2.66922e-07 2.77333e-10 5.09567e-14 1.52654e-18 6.95807e-24 4.55556e-30 4.0969e-37 4.90547e-45
 1.27159e-41 1.76488e-33 2.96095e-26 6.00475e-20 1.47199e-14 4.36178e-10 1.56232e-06 0.000676431 0.0354039 0.224742 0.205048 0.199923 0.192309 0.113096 0.0266792 0.00207697 4.39383e-05 2.09159e-07 1.94271e-10 3.15351e-14 8.27419e-19 3.28539e-24 1.86849e-30 1.45772e-37 1.5127e-45
#pred catch len freq
 2.55466e-27 2.56587e-27 1.39289e-26 2.39875e-20 5.88024e-15 1.74242e-10 6.24106e-07 0.000270214 0.014142 0.0894672 0.0689501 0.0399459 0.255608 0.236906 0.0666442 0.0930766 0.0393155 0.0292289 0.017484 0.0129559 0.00992901 0.00840382 0.00825725 0.00722142 0.0021932
 2.55893e-27 2.5774e-27 2.38959e-26 4.50127e-20 1.10343e-14 3.26966e-10 1.17114e-06 0.000507058 0.0265376 0.167885 0.12881 0.0387945 0.204795 0.190549 0.0685888 0.10866 0.0359782 0.0135225 0.00587589 0.00326114 0.00202913 0.00146451 0.0012689 0.00110466 0.000366936
 2.56149e-27 2.5836e-27 2.86385e-26 5.50148e-20 1.34862e-14 3.9962e-10 1.43137e-06 0.00061973 0.0324344 0.20519 0.157375 0.0438028 0.222838 0.2058 0.0459766 0.05324 0.0190432 0.00927663 0.00281758 0.000806096 0.000329683 0.000180239 0.000128442 0.000104399 3.58169e-05
 2.55993e-27 2.57928e-27 2.47216e-26 4.67514e-20 1.14605e-14 3.39596e-10 1.21638e-06 0.000526644 0.0275627 0.17437 0.13387 0.0456106 0.25311 0.233699 0.0503461 0.0560299 0.0175517 0.00501406 0.00164073 0.000501954 0.000104319 3.08348e-05 1.53806e-05 1.06623e-05 3.6081e-06
 2.56006e-27 2.57977e-27 2.52865e-26 4.79436e-20 1.17528e-14 3.48256e-10 1.24739e-06 0.000540074 0.0282655 0.178816 0.137245 0.0443291 0.240987 0.222797 0.0535895 0.0661574 0.0203974 0.00518156 0.00134339 0.000274837 6.03713e-05 1.0162e-05 2.28594e-06 1.11486e-06 3.51559e-07
 2.56122e-27 2.58282e-27 2.78769e-26 5.34078e-20 1.30923e-14 3.87948e-10 1.38956e-06 0.000601628 0.031487 0.199196 0.152809 0.0444609 0.231055 0.213405 0.0478126 0.0553623 0.0173718 0.00492997 0.0012553 0.000214975 3.19395e-05 4.48295e-06 5.28879e-07 1.09643e-07 2.83911e-08
 2.56101e-27 2.58217e-27 2.72244e-26 5.20311e-20 1.27548e-14 3.77947e-10 1.35374e-06 0.000586119 0.0306754 0.194061 0.148902 0.0452934 0.240135 0.221644 0.0467355 0.0508139 0.0157224 0.00412538 0.00107315 0.000200652 2.70774e-05 2.67504e-06 2.17355e-07 1.74805e-08 2.46446e-09
 2.56147e-27 2.58341e-27 2.83278e-26 5.43588e-20 1.33254e-14 3.94856e-10 1.41431e-06 0.000612341 0.0320477 0.202743 0.155525 0.0448985 0.232477 0.214607 0.046032 0.0509616 0.0154712 0.00355772 0.00088561 0.000155555 2.20917e-05 2.13298e-06 1.24774e-07 5.37497e-09 2.64287e-10
 2.56272e-27 2.58675e-27 3.12383e-26 6.04984e-20 1.48305e-14 4.39453e-10 1.57405e-06 0.000681502 0.0356674 0.225642 0.173002 0.0444325 0.216652 0.199902 0.0415979 0.0445567 0.0136219 0.00329745 0.000801229 0.000125087 1.66057e-05 1.59619e-06 9.21801e-08 2.81686e-09 5.55685e-11
 2.56446e-27 2.59136e-27 3.52097e-26 6.8876e-20 1.68841e-14 5.00307e-10 1.79202e-06 0.000775874 0.0406065 0.256888 0.196857 0.0441865 0.198019 0.18249 0.0345583 0.0328739 0.00991374 0.00219954 0.000532858 8.57376e-05 1.0616e-05 9.19646e-07 5.14046e-08 1.50962e-09 1.95757e-11
 2.56333e-27 2.5882e-27 3.23103e-26 6.27593e-20 1.53847e-14 4.55875e-10 1.63287e-06 0.00070697 0.0370003 0.234074 0.179464 0.0458556 0.222941 0.205306 0.0353132 0.0288389 0.0084963 0.00157856 0.00036188 5.40333e-05 6.72555e-06 5.68204e-07 2.85821e-08 7.94209e-10 9.52642e-12
 2.56408e-27 2.59031e-27 3.42433e-26 6.68373e-20 1.63844e-14 4.85498e-10 1.73897e-06 0.000752908 0.0394045 0.249284 0.19106 0.044717 0.206129 0.189935 0.0351731 0.0323771 0.00938119 0.00143805 0.00030338 3.84716e-05 4.39627e-06 3.5643e-07 1.76161e-08 4.47434e-10 4.99737e-12
 2.56508e-27 2.59296e-27 3.65325e-26 7.16664e-20 1.75681e-14 5.20576e-10 1.86461e-06 0.000807307 0.0422515 0.267295 0.204809 0.04453 0.195046 0.179581 0.0310559 0.0256025 0.00747004 0.0012566 0.000262297 2.75972e-05 2.72066e-06 1.90418e-07 8.80067e-09 2.16911e-10 2.24535e-12
 2.56325e-27 2.58793e-27 3.20234e-26 6.21538e-20 1.52363e-14 4.51477e-10 1.61712e-06 0.00070015 0.0366433 0.231816 0.177748 0.0463807 0.228143 0.210008 0.0343641 0.0254821 0.00734744 0.00110846 0.000228604 2.59857e-05 2.39431e-06 1.37386e-07 5.35636e-09 1.1992e-10 1.18807e-12
 2.56128e-27 2.58258e-27 2.73043e-26 5.21985e-20 1.27958e-14 3.79164e-10 1.3581e-06 0.000588006 0.0307741 0.194686 0.149416 0.0476413 0.257641 0.237278 0.0400909 0.0316615 0.00896369 0.00104291 0.00019343 1.96204e-05 1.80963e-06 1.05179e-07 3.46457e-09 6.37979e-11 5.61537e-13
 2.56296e-27 2.58723e-27 3.14922e-26 6.10334e-20 1.49616e-14 4.43339e-10 1.58797e-06 0.000687529 0.0359828 0.227638 0.174548 0.0457863 0.225868 0.208101 0.0375234 0.0331503 0.00940407 0.00109601 0.000196385 1.56095e-05 1.2326e-06 6.62095e-08 2.19774e-09 3.58875e-11 2.58451e-13
 2.56371e-27 2.58916e-27 3.30915e-26 6.4407e-20 1.57886e-14 4.67844e-10 1.67574e-06 0.000725532 0.0379717 0.24022 0.184163 0.0462557 0.222684 0.204928 0.0326795 0.0229144 0.00649832 0.00079999 0.00014617 1.14514e-05 8.12195e-07 3.40816e-08 9.95502e-10 1.57884e-11 1.03968e-13
 2.56387e-27 2.58958e-27 3.34545e-26 6.51728e-20 1.59763e-14 4.73407e-10 1.69566e-06 0.000734158 0.0384232 0.243076 0.186343 0.0462232 0.220905 0.203271 0.0321144 0.0220379 0.00615938 0.000602336 0.000100475 8.25149e-06 5.96426e-07 2.36084e-08 5.60913e-10 7.36776e-12 4.54622e-14
 2.56479e-27 2.59208e-27 3.56762e-26 6.98597e-20 1.71253e-14 5.07452e-10 1.81761e-06 0.000786955 0.0411864 0.260557 0.199679 0.0454524 0.20567 0.189235 0.0300444 0.0208529 0.00584009 0.0005898 9.76004e-05 6.60287e-06 4.37601e-07 1.80153e-08 4.17848e-10 4.67211e-12 2.34015e-14
 2.56402e-27 2.58994e-27 3.37335e-26 6.57612e-20 1.61206e-14 4.77681e-10 1.71097e-06 0.000740786 0.0387701 0.245271 0.188023 0.0464627 0.221547 0.203783 0.0307541 0.0188103 0.00524149 0.00050667 8.22534e-05 5.65404e-06 3.53366e-07 1.21222e-08 2.74397e-10 3.06625e-12 1.36197e-14
 2.5657e-27 2.5946e-27 3.793e-26 7.46143e-20 1.82908e-14 5.41989e-10 1.94131e-06 0.000840515 0.0439895 0.27829 0.213206 0.0445697 0.189449 0.174316 0.0283079 0.0206471 0.00576054 0.000532455 8.41594e-05 5.61622e-06 3.46713e-07 1.17542e-08 2.33005e-10 2.35049e-12 1.03519e-14
 2.56612e-27 2.59567e-27 3.88239e-26 7.64999e-20 1.8753e-14 5.55686e-10 1.99037e-06 0.000861755 0.0451012 0.285323 0.218579 0.0448035 0.187453 0.172347 0.0256503 0.0150919 0.00423423 0.000467966 8.02238e-05 5.16623e-06 3.08148e-07 1.01511e-08 1.98615e-10 1.84141e-12 7.16322e-15
 2.56549e-27 2.59393e-27 3.72609e-26 7.32025e-20 1.79447e-14 5.31734e-10 1.90458e-06 0.000824611 0.0431572 0.273025 0.209199 0.0454203 0.198737 0.182727 0.0269031 0.0153317 0.00424262 0.000369468 5.7195e-05 4.26834e-06 2.75492e-07 8.73373e-09 1.65066e-10 1.4944e-12 5.49009e-15
 2.567e-27 2.59808e-27 4.098e-26 8.10483e-20 1.9868e-14 5.88725e-10 2.10871e-06 0.000912993 0.0477827 0.302287 0.231519 0.043942 0.171805 0.157961 0.0240647 0.0150944 0.00419184 0.00037524 5.77415e-05 3.5341e-06 2.11594e-07 7.71832e-09 1.49469e-10 1.30144e-12 4.63868e-15
 2.56656e-27 2.59681e-27 3.97806e-26 7.85178e-20 1.92477e-14 5.70343e-10 2.04287e-06 0.000884487 0.0462908 0.292849 0.224328 0.0449388 0.184443 0.169466 0.0232705 0.0103922 0.00285355 0.000242621 3.62372e-05 2.22391e-06 1.2506e-07 3.79331e-09 7.58054e-11 7.17642e-13 2.51472e-15
 2.56588e-27 2.59495e-27 3.81205e-26 7.50157e-20 1.83892e-14 5.44905e-10 1.95176e-06 0.000845036 0.0442261 0.279787 0.214364 0.0455259 0.195911 0.180031 0.0248046 0.0112278 0.00305099 0.000199019 2.40321e-05 1.39823e-06 7.5931e-08 2.24884e-09 3.93885e-11 3.45328e-13 1.2997e-15
 2.56554e-27 2.59401e-27 3.72589e-26 7.3198e-20 1.79436e-14 5.31701e-10 1.90446e-06 0.00082456 0.0431545 0.273008 0.209195 0.046017 0.20328 0.186774 0.0249766 0.00992356 0.00267401 0.000153871 1.5799e-05 7.15877e-07 2.98397e-08 8.23164e-10 1.3946e-11 1.12112e-13 3.78372e-16
 2.56594e-27 2.59511e-27 3.82631e-26 7.53166e-20 1.8463e-14 5.4709e-10 1.95959e-06 0.000848426 0.0444035 0.280909 0.21522 0.0454935 0.195064 0.179246 0.0246298 0.0110258 0.0029781 0.000163021 1.55202e-05 6.3249e-07 2.12697e-08 4.3113e-10 5.99353e-12 4.53241e-14 1.43361e-16
 2.56623e-27 2.59593e-27 3.90168e-26 7.69065e-20 1.88527e-14 5.5864e-10 2.00095e-06 0.000866336 0.0453409 0.286839 0.219741 0.0450072 0.188187 0.172964 0.0246612 0.0126779 0.00345856 0.000227326 2.68794e-05 1.07328e-06 3.35793e-08 5.82106e-10 6.15357e-12 3.47316e-14 9.70467e-17
#obs catch len freq
 5.04142e-42 6.99716e-34 1.17392e-26 2.38068e-20 5.83597e-15 1.7293e-10 6.19408e-07 0.000268182 0.0140356 0.0887945 0.0685285 0.0399748 0.218959 0.18685 0.143608 0.143013 0.0637158 0.0255204 0.00592137 0.00076851 4.14595e-05 6.6766e-07 2.38696e-09 1.53724e-12 1.5623e-16
 5.77837e-42 8.01999e-34 1.34552e-26 2.72869e-20 6.68906e-15 1.98209e-10 7.09952e-07 0.000307385 0.0160873 0.101774 0.0785518 0.0437878 0.223491 0.181748 0.14265 0.130428 0.0559638 0.0204456 0.004268 0.000474987 2.06965e-05 2.55236e-07 6.74326e-10 3.14273e-13 2.28411e-17
 1.08096e-41 1.5003e-33 2.51707e-26 5.10456e-20 1.25132e-14 3.7079e-10 1.32811e-06 0.000575026 0.0300945 0.190388 0.146264 0.045304 0.182314 0.141276 0.113742 0.0952932 0.0391864 0.0129378 0.00239054 0.000224729 7.84534e-06 7.36842e-08 1.43228e-10 4.81541e-14 2.49764e-18
 1.11419e-41 1.54643e-33 2.59445e-26 5.26149e-20 1.28979e-14 3.82189e-10 1.36894e-06 0.000592704 0.0310197 0.196242 0.151074 0.0583545 0.2376 0.164136 0.0771103 0.0546284 0.0216563 0.00645376 0.00104613 8.17734e-05 2.25748e-06 1.60554e-08 2.29062e-11 5.54559e-15 2.04949e-19
 7.87248e-42 1.09265e-33 1.83314e-26 3.71758e-20 9.11321e-15 2.70041e-10 9.67243e-07 0.000418783 0.0219174 0.13866 0.107369 0.0647625 0.273459 0.184328 0.116401 0.0713001 0.0169139 0.00388902 0.000545252 3.50053e-05 7.53533e-07 4.01964e-09 4.1932e-12 7.30321e-16 1.92243e-20
 1.26034e-41 1.74927e-33 2.93476e-26 5.95163e-20 1.45897e-14 4.3232e-10 1.5485e-06 0.000670448 0.0350886 0.221983 0.170728 0.0529878 0.172793 0.122307 0.124843 0.0751589 0.0198005 0.0033381 0.000286793 1.40121e-05 2.32139e-07 9.19919e-10 6.97078e-13 8.70712e-17 1.63111e-21
 1.03668e-41 1.43884e-33 2.41395e-26 4.89545e-20 1.20006e-14 3.556e-10 1.2737e-06 0.000551469 0.0288617 0.182593 0.141349 0.0737608 0.260446 0.153688 0.0860341 0.0507603 0.0185036 0.00321836 0.000224801 6.65907e-06 7.42091e-08 2.1328e-10 1.16586e-13 1.03947e-17 1.38155e-22
 1.27381e-41 1.76797e-33 2.96613e-26 6.01526e-20 1.47457e-14 4.36942e-10 1.56506e-06 0.000677615 0.0354637 0.224358 0.173052 0.064361 0.192502 0.124026 0.116739 0.0546118 0.0119219 0.00211782 0.000164046 3.93537e-06 2.73146e-08 4.93355e-11 1.84639e-14 1.16023e-18 1.08914e-23
 1.14615e-41 1.59078e-33 2.66886e-26 5.41239e-20 1.32678e-14 3.9315e-10 1.4082e-06 0.000609702 0.0319094 0.201876 0.156547 0.0796875 0.238918 0.134252 0.0949255 0.046402 0.0131265 0.00164558 9.68237e-05 2.25795e-06 1.28335e-08 1.52119e-11 3.51581e-15 1.43087e-19 9.13278e-25
 1.51252e-41 2.09928e-33 3.52198e-26 7.14251e-20 1.7509e-14 5.18825e-10 1.85835e-06 0.000804599 0.0421095 0.266405 0.205552 0.0695353 0.171119 0.103738 0.0938934 0.0375297 0.00819099 0.00106634 5.41418e-05 9.04178e-07 4.26128e-09 4.09958e-12 6.71367e-16 1.76076e-20 7.11743e-26
 1.55506e-41 2.15832e-33 3.62103e-26 7.34338e-20 1.80014e-14 5.33416e-10 1.91061e-06 0.000827227 0.0432938 0.2739 0.211959 0.0830321 0.196553 0.0982102 0.0615636 0.0244348 0.00563437 0.000565902 2.40964e-05 3.38773e-07 1.15934e-09 8.30616e-13 1.05678e-16 2.07821e-21 5.88841e-27
 1.15402e-41 1.60171e-33 2.68719e-26 5.44957e-20 1.3359e-14 3.95851e-10 1.41787e-06 0.000613891 0.0321286 0.203275 0.159301 0.104109 0.2544 0.129033 0.0864755 0.0260645 0.00419837 0.000386219 1.36258e-05 1.46754e-07 3.93232e-10 2.07507e-13 1.88062e-17 2.69401e-22 5.67067e-28
 1.72467e-41 2.39373e-33 4.01598e-26 8.14433e-20 1.99649e-14 5.91596e-10 2.119e-06 0.000917453 0.0480159 0.303776 0.234807 0.0748169 0.140366 0.0903208 0.0802576 0.0231181 0.00338063 0.000215974 5.65313e-06 4.82615e-08 9.644e-11 3.76662e-14 2.5071e-18 2.56929e-23 3.81777e-29
 1.40211e-41 1.94603e-33 3.26487e-26 6.62109e-20 1.62308e-14 4.80949e-10 1.72268e-06 0.000745861 0.0390354 0.246981 0.193969 0.116418 0.234019 0.0983527 0.0508446 0.0165926 0.00287387 0.000163658 3.13715e-06 1.82616e-08 2.65408e-11 7.58998e-15 3.64135e-19 2.68535e-24 2.86619e-30
 1.18665e-41 1.64699e-33 2.76317e-26 5.60364e-20 1.37367e-14 4.07043e-10 1.45796e-06 0.000631247 0.033037 0.209042 0.165749 0.118965 0.229187 0.131721 0.0906918 0.0187404 0.0021068 0.000125408 2.29322e-06 1.0111e-08 9.93049e-12 1.93486e-15 6.54721e-20 3.43939e-25 2.60832e-31
 9.45281e-42 1.31199e-33 2.20113e-26 4.46385e-20 1.09426e-14 3.24249e-10 1.16141e-06 0.00050285 0.0263172 0.166546 0.134799 0.131451 0.243342 0.155084 0.110466 0.0280588 0.00330599 0.000124559 1.76135e-06 6.98135e-09 5.46867e-12 7.50799e-16 1.70733e-20 6.06795e-26 3.17982e-32
 1.5078e-41 2.09272e-33 3.51098e-26 7.12019e-20 1.74543e-14 5.17203e-10 1.85254e-06 0.000802085 0.041978 0.26561 0.208606 0.0990994 0.153623 0.119627 0.0859462 0.0219055 0.00269307 0.00010578 1.14744e-06 3.10609e-09 1.89429e-12 2.08289e-16 3.56147e-21 8.92422e-27 3.18553e-33
 1.0518e-41 1.45983e-33 2.44916e-26 4.96685e-20 1.21757e-14 3.60787e-10 1.29228e-06 0.000559513 0.0292828 0.18536 0.153602 0.170155 0.261047 0.117826 0.0624639 0.0174681 0.00214977 8.30009e-05 8.68491e-07 1.95398e-09 8.39459e-13 6.44723e-17 8.17464e-22 1.55551e-27 4.14275e-34
 1.53098e-41 2.1249e-33 3.56495e-26 7.22966e-20 1.77226e-14 5.25155e-10 1.88102e-06 0.000814416 0.0426234 0.269725 0.21394 0.11159 0.153649 0.126522 0.0687609 0.0112619 0.00107135 4.00488e-05 3.88676e-07 7.84048e-10 2.8308e-13 1.65032e-17 1.4707e-22 1.93811e-28 3.66038e-35
 1.0901e-41 1.51299e-33 2.53836e-26 5.14774e-20 1.26191e-14 3.73927e-10 1.33934e-06 0.00057989 0.0303494 0.192182 0.163268 0.190917 0.247667 0.110993 0.0516338 0.0114948 0.000892467 2.14839e-05 1.68352e-07 2.94366e-10 9.0036e-14 4.31856e-18 3.04155e-23 3.01188e-29 4.08276e-36
 1.3886e-41 1.92729e-33 3.23343e-26 6.55732e-20 1.60745e-14 4.76317e-10 1.70609e-06 0.000738678 0.0386597 0.244721 0.199162 0.136367 0.173 0.139525 0.0592103 0.00803248 0.000568745 1.30064e-05 7.12762e-08 8.767e-11 2.09273e-14 8.06901e-19 4.53222e-24 3.52669e-30 3.69112e-37
 1.50902e-41 2.09442e-33 3.51382e-26 7.12596e-20 1.74684e-14 5.17622e-10 1.85404e-06 0.000802734 0.0420123 0.266001 0.219388 0.161328 0.173717 0.0909439 0.0385642 0.0068534 0.000380487 6.22867e-06 2.86444e-08 2.68422e-11 4.4167e-15 1.1999e-19 4.9997e-25 2.96566e-31 2.37935e-38
 1.21992e-41 1.69316e-33 2.84063e-26 5.76075e-20 1.41218e-14 4.18455e-10 1.49884e-06 0.000648945 0.0339638 0.215215 0.187507 0.200471 0.21149 0.110223 0.0356276 0.00459323 0.000255563 3.88149e-06 1.30388e-08 9.03494e-12 1.1321e-15 2.23307e-20 6.46377e-26 2.65728e-32 1.51094e-39
 1.47351e-41 2.04513e-33 3.43113e-26 6.95826e-20 1.70574e-14 5.05441e-10 1.81041e-06 0.000783844 0.0410239 0.259858 0.218187 0.161701 0.168139 0.112114 0.034371 0.00367102 0.000145992 1.77799e-06 5.20076e-09 2.8155e-12 2.53506e-16 3.6028e-21 7.62257e-27 2.26783e-33 9.12565e-41
 1.4535e-41 2.01737e-33 3.38455e-26 6.8638e-20 1.68258e-14 4.98579e-10 1.78583e-06 0.000773202 0.0404675 0.256508 0.222745 0.194071 0.173374 0.0843543 0.0248317 0.00278022 9.30254e-05 8.1741e-07 1.72798e-09 7.2966e-13 5.17437e-17 5.51314e-22 8.37338e-28 1.76587e-34 5.0647e-42
 1.28602e-41 1.7849e-33 2.99455e-26 6.07288e-20 1.4887e-14 4.41128e-10 1.58005e-06 0.000684107 0.0358051 0.227201 0.206737 0.214587 0.192516 0.0978763 0.0225978 0.00193536 5.88269e-05 4.48969e-07 7.09363e-10 2.09807e-13 1.06366e-17 8.41662e-23 9.62802e-29 1.51113e-35 3.154e-43
 1.15953e-41 1.60935e-33 2.70001e-26 5.47557e-20 1.34227e-14 3.9774e-10 1.42464e-06 0.00061682 0.0322844 0.20512 0.194861 0.223337 0.20506 0.112285 0.0245769 0.00181781 4.10473e-05 2.43831e-07 3.15036e-10 7.21574e-14 2.63573e-18 1.45463e-23 1.16533e-29 1.30563e-36 1.97951e-44
 1.14338e-41 1.58694e-33 2.66242e-26 5.39934e-20 1.32358e-14 3.92202e-10 1.4048e-06 0.000608232 0.0318348 0.202237 0.191035 0.215932 0.209152 0.119998 0.0271253 0.00203383 4.20678e-05 2.05572e-07 2.11589e-10 4.01461e-14 1.24141e-18 5.6989e-24 3.67853e-30 3.24107e-37 3.82605e-45
 1.38093e-41 1.91665e-33 3.21557e-26 6.52111e-20 1.59857e-14 4.73687e-10 1.69667e-06 0.000734599 0.0384481 0.243963 0.218122 0.191889 0.178994 0.102207 0.0237727 0.00182933 3.84166e-05 1.81926e-07 1.68367e-10 2.72581e-14 7.13792e-19 2.83012e-24 1.60788e-30 1.25344e-37 1.29997e-45
#spawning biomass
 14588.1 20767.4 40566.9 57590.3 77969.7 92750.9 124862 146473 173426 266802 283097 390805 555366 448927 376456 316461 362839 378924 342516 393709 464927 422548 574600 556106 559272 461550 398064 447391 515638 520476 6281.22 6281.22 6281.22 6281.22 6281.22 6281.22 6281.22 6281.22 6281.22 6281.22 6281.22 6281.22 6281.22 6281.22 6281.22 6281.22 6281.22 6281.22 6281.22 6281.22 6281.22 6281.22 6281.22 6281.22 6281.22 6281.22 6281.22 6281.22 6281.22 6281.22 6281.22 6281.22 6281.22 6281.22 6281.22 6281.22 6281.22 6281.22 6281.22 6281.22 6281.22 6281.22 6281.22 6281.22 6281.22 6281.22 6281.22 6281.22 6281.22 6281.22 6281.22 6281.22 6281.22 6281.22 6281.22 6281.22 6281.22 6281.22 6281.22 6281.22 6281.22 6281.22 6281.22 6281.22 6281.22 6281.22 6281.22 6281.22 6281.22 6281.22 6281.22 6281.22 6281.22 6281.22 6281.22 6281.22 6281.22 6281.22 6281.22 6281.22 6281.22 6281.22 6281.22 6281.22 6281.22 6281.22 6281.22 6281.22 6281.22 6281.22 6281.22 6281.22 6281.22 6281.22 6281.22 6281.22 6281.22 6281.22 6281.22 0 0 0 0 0 0 0 0 0 0 0 0 0 0 0 0 0 0 0 0 0 0 0 0 0
