SBPRF35
0.185482
Curr Bio
199929
B35
193588
F35
1.27619
FOFL
1.27619
OFL
90332.3
Bzero
52994.1
#pred survey bio
 20005 16864.5 17594.1 19609.5 22375.2 27672 31230.2 37427.2 51877.2 65976.6 82021.1 97974.8 139489 168590 157830 127893 115808 114459 106654 107071 115562 120650 126271 137799 143528 152623 141449 139493 154360 5.07989e+06 4.32777e+06 2.47458e+06 1.2435e+06 774836 591685 506082 459647 432408 415905 405796 399587 395774 393435 391995 391108 390577 390258 390066 389950 389880 389838 389813 389798 389788 389783 389779 389777 389776 389775 389775 389775 389774 389774 389774 389774 389774 389774 389774 389774 389774 389774 389774 389774 389774 389774 389774 389774 389774 389774 389774 389774 389774 389774 389774 389774 389774 389774 389774 389774 389774 389774 389774 389774 389774 389774 389774 389774 389774 389774 389774 389774 389774 389774 389774 389774 389774 389774 389774 389774 389774 389774 389774 389774 389774 389774 389774 389774 389774 389774 389774 389774 389774 389774 389774 389774 389774 389774 389774 389774 0 0 0 0 0 0 0 0 0 0 0 0 0 0 0 0 0 0 0 0 0 0 0 0 0
#obs survey bio
 17303.4 10940.6 16641 13436.5 13777.2 23905.1 27953.5 26168.8 39889.3 59253.9 47078.2 115712 136312 124765 92201.4 104586 62868.6 65590.9 56921.5 90821.6 76921.9 114490 119009 171268 139998 157080 127864 107364 130012
#pred catch bio
 9961.99 7559.95 7598.69 9494.69 10003.4 13780.2 16629.4 18927.8 29399.2 36019.9 51382.1 56055.7 81037.8 106711 110572 91587.5 79462 81328.8 75535.1 73746.5 81109.6 86301.3 88723.4 102225 104386 118569 107103 103496 68989.3 90332.3 101343 52641 18993.5 9586.82 7494.67 7067.53 6984.6 6969.05 6966.2 6965.69 6965.6 6965.59 6965.58 6965.58 6965.58 6965.58 6965.58 6965.58 6965.58 6965.58 6965.58 6965.58 6965.58 6965.58 6965.58 6965.58 6965.58 6965.58 6965.58 6965.58 6965.58 6965.58 6965.58 6965.58 6965.58 6965.58 6965.58 6965.58 6965.58 6965.58 6965.58 6965.58 6965.58 6965.58 6965.58 6965.58 6965.58 6965.58 6965.58 6965.58 6965.58 6965.58 6965.58 6965.58 6965.58 6965.58 6965.58 6965.58 6965.58 6965.58 6965.58 6965.58 6965.58 6965.58 6965.58 6965.58 6965.58 6965.58 6965.58 6965.58 6965.58 6965.58 6965.58 6965.58 6965.58 6965.58 6965.58 6965.58 6965.58 6965.58 6965.58 6965.58 6965.58 6965.58 6965.58 6965.58 6965.58 6965.58 6965.58 6965.58 6965.58 6965.58 6965.58 6965.58 6965.58 6965.58 6965.58 6965.58 6965.58 0 0 0 0 0 0 0 0 0 0 0 0 0 0 0 0 0 0 0 0 0 0 0 0 0
#obs catch bio
 6910.9 7557.69 7568.91 9582.15 10069.7 13736 16647.8 18738.5 29030.8 35418.4 51852.6 55270.3 78353.2 103696 112579 92254.2 80377 80582 74384.2 72729.8 78997.4 82531.3 85171.1 96599.3 99249.7 113215 104410 100896 67656
#pred cpue bio
 14068.3 11099.4 11106.6 12246.7 13038.2 16234.2 18320.1 20384 27191.5 34261.9 44236.5 48887.7 68475.1 89853.7 89759.7 70422.1 59238.4 59490.5 55100.9 53421.1 57471.2 60096.4 61702.2 67312.6 68298.1 73749.2 68306.6 67036.9 71553.5 2.84691e+06 3.43924e+06 2.32458e+06 1.13414e+06 661331 477061 391239 344762 317513 301009 290900 284690 280878 278539 277099 276212 275681 275361 275169 275054 274984 274942 274917 274901 274892 274886 274883 274881 274880 274879 274879 274878 274878 274878 274878 274878 274878 274878 274878 274878 274878 274878 274878 274878 274878 274878 274878 274878 274878 274878 274878 274878 274878 274878 274878 274878 274878 274878 274878 274878 274878 274878 274878 274878 274878 274878 274878 274878 274878 274878 274878 274878 274878 274878 274878 274878 274878 274878 274878 274878 274878 274878 274878 274878 274878 274878 274878 274878 274878 274878 274878 274878 274878 274878 274878 274878 274878 274878 274878 274878 0 0 0 0 0 0 0 0 0 0 0 0 0 0 0 0 0 0 0 0 0 0 0 0 0
#obs cpue bio
 7372.52 15339.8 11334 15878.9 16679.3 24719.8 22150.3 35636.9 45040.9 46689.8 55618.9 74933.7 116462 157980 89038.5 99876.4 72299.8 149915 126961 83878.6 137124 150264 118900 153168 137927 137759 100964 138519 119284
#pred surv len freq
 2.56351e-27 2.58925e-27 3.39025e-26 6.61207e-20 1.62087e-14 4.80293e-10 1.72033e-06 0.000744836 0.0389821 0.246611 0.188942 0.0398627 0.170673 0.157672 0.0373607 0.0458975 0.0197963 0.0153366 0.00950433 0.00726691 0.00571598 0.00494519 0.00495672 0.00439043 0.00133955
 2.56475e-27 2.59273e-27 3.69966e-26 7.2648e-20 1.78088e-14 5.27706e-10 1.89015e-06 0.000818364 0.0428302 0.270956 0.207515 0.0388579 0.14998 0.139084 0.0435127 0.0643747 0.0217907 0.00899709 0.00406923 0.00235662 0.00152157 0.00113229 0.00100821 0.000894199 0.000299043
 2.56561e-27 2.59499e-27 3.88887e-26 7.66391e-20 1.87872e-14 5.56697e-10 1.994e-06 0.000863324 0.0451833 0.285842 0.218889 0.0393556 0.145776 0.134942 0.0380133 0.0529993 0.0202553 0.0117106 0.00374225 0.00117476 0.000506415 0.000289593 0.000214584 0.000179235 6.21007e-05
 2.56559e-27 2.59487e-27 3.87237e-26 7.62908e-20 1.87018e-14 5.54167e-10 1.98493e-06 0.0008594 0.0449779 0.284543 0.217906 0.0398956 0.150577 0.139301 0.0375146 0.0506979 0.0185321 0.00969938 0.00369983 0.001305 0.000296326 9.50193e-05 5.03034e-05 3.63467e-05 1.24824e-05
 2.56736e-27 2.59955e-27 4.27396e-26 8.47622e-20 2.07784e-14 6.15702e-10 2.20534e-06 0.000954829 0.0499723 0.316138 0.242028 0.039662 0.131851 0.121856 0.0314786 0.0412486 0.014524 0.00677913 0.00239301 0.000828591 0.000222067 4.20803e-05 1.05913e-05 5.54119e-06 1.78932e-06
 2.56663e-27 2.59748e-27 4.08285e-26 8.07303e-20 1.97901e-14 5.86415e-10 2.10044e-06 0.00090941 0.0475952 0.301101 0.230565 0.0409112 0.149411 0.137921 0.0318039 0.0379251 0.0131873 0.00590761 0.00196372 0.000607066 0.000153013 3.10272e-05 4.33269e-06 1.03761e-06 2.81561e-07
 2.56664e-27 2.5975e-27 4.08563e-26 8.07888e-20 1.98044e-14 5.8684e-10 2.10196e-06 0.000910069 0.0476297 0.301319 0.23073 0.0407767 0.148272 0.136933 0.032796 0.0403951 0.0132995 0.00482911 0.00153844 0.000446644 0.000100623 1.88066e-05 2.46598e-06 2.54387e-07 4.07599e-08
 2.56843e-27 2.6023e-27 4.50239e-26 8.95806e-20 2.19596e-14 6.50702e-10 2.33071e-06 0.00100911 0.052813 0.334109 0.255759 0.0401901 0.126223 0.116443 0.0265745 0.0313494 0.0103368 0.00376578 0.00109552 0.000263449 5.5001e-05 9.20694e-06 1.09181e-06 8.20955e-08 5.46886e-09
 2.56888e-27 2.60343e-27 4.59229e-26 9.14767e-20 2.24244e-14 6.64475e-10 2.38004e-06 0.00103047 0.0539309 0.341182 0.261168 0.0407199 0.126455 0.116482 0.0234254 0.024136 0.00782284 0.00265932 0.000769861 0.000180083 3.17556e-05 4.62113e-06 4.85887e-07 3.13285e-08 1.14843e-09
 2.56871e-27 2.60287e-27 4.53592e-26 9.02872e-20 2.21328e-14 6.55835e-10 2.34909e-06 0.00101707 0.0532296 0.336745 0.257791 0.0414565 0.134432 0.123731 0.0226674 0.0205533 0.00628706 0.00155906 0.000419633 9.08758e-05 1.55894e-05 1.98838e-06 1.74877e-07 9.76069e-09 2.74088e-10
 2.56792e-27 2.60078e-27 4.35447e-26 8.64594e-20 2.11945e-14 6.28031e-10 2.2495e-06 0.000973948 0.0509729 0.322469 0.246894 0.0416946 0.143901 0.132548 0.0256785 0.0251932 0.00757246 0.00163196 0.000392496 6.45402e-05 9.95281e-06 1.19528e-06 9.29515e-08 4.28999e-09 1.00765e-10
 2.5696e-27 2.60531e-27 4.75192e-26 9.4844e-20 2.32499e-14 6.88935e-10 2.46765e-06 0.0010684 0.0559161 0.35374 0.270758 0.0407948 0.120286 0.110687 0.0205425 0.018983 0.00569064 0.00120694 0.00027895 3.87159e-05 4.74237e-06 4.59655e-07 3.25402e-08 1.31534e-09 2.54642e-11
 2.56975e-27 2.60567e-27 4.77981e-26 9.54322e-20 2.3394e-14 6.93207e-10 2.48295e-06 0.00107502 0.0562629 0.355934 0.272437 0.0410326 0.120917 0.111193 0.0192531 0.0159139 0.00474468 0.00097625 0.000224121 3.06346e-05 3.39138e-06 2.59326e-07 1.41773e-08 4.99416e-10 8.36234e-12
 2.56775e-27 2.60021e-27 4.29523e-26 8.52095e-20 2.08881e-14 6.18951e-10 2.21698e-06 0.000959867 0.050236 0.317807 0.243349 0.0426247 0.153469 0.141205 0.0240795 0.0193582 0.00566692 0.000991845 0.000218614 2.89507e-05 3.15637e-06 2.25132e-07 9.84272e-09 2.62683e-10 3.69892e-12
 2.56629e-27 2.59634e-27 3.95995e-26 7.81366e-20 1.91542e-14 5.67575e-10 2.03296e-06 0.000880193 0.0460661 0.291427 0.223212 0.0429809 0.170328 0.156924 0.0297946 0.0284272 0.00828751 0.00135099 0.000283784 3.23013e-05 3.31901e-06 2.29641e-07 9.44345e-09 2.04941e-10 2.17649e-12
 2.56729e-27 2.59904e-27 4.19944e-26 8.31891e-20 2.03928e-14 6.04275e-10 2.16441e-06 0.000937108 0.0490448 0.310271 0.237589 0.042235 0.154551 0.142365 0.0272357 0.0262636 0.00774847 0.00142026 0.000302204 3.15549e-05 2.9139e-06 1.77073e-07 6.9282e-09 1.40865e-10 1.23413e-12
 2.56879e-27 2.60304e-27 4.54641e-26 9.05083e-20 2.2187e-14 6.57441e-10 2.35484e-06 0.00101956 0.0533599 0.33757 0.258427 0.0418179 0.136736 0.125776 0.0215627 0.0175034 0.00512158 0.000889813 0.000190255 2.16778e-05 1.976e-06 1.073e-07 3.65352e-09 6.83931e-11 5.57207e-13
 2.56819e-27 2.60138e-27 4.39476e-26 8.7309e-20 2.14027e-14 6.34202e-10 2.2716e-06 0.000983518 0.0514738 0.325637 0.249328 0.0426173 0.149212 0.137209 0.0221617 0.0159862 0.00458612 0.000654906 0.000131915 1.44214e-05 1.35373e-06 7.73261e-08 2.42926e-09 3.94961e-11 2.89749e-13
 2.56838e-27 2.6019e-27 4.44233e-26 8.83125e-20 2.16488e-14 6.41491e-10 2.29771e-06 0.000994822 0.0520654 0.32938 0.252183 0.0423909 0.145484 0.133792 0.0219705 0.0164065 0.00465274 0.000563372 0.00010433 9.50817e-06 8.19596e-07 4.60984e-08 1.51604e-09 2.36822e-11 1.52393e-13
 2.56917e-27 2.60404e-27 4.63119e-26 9.22967e-20 2.26254e-14 6.70432e-10 2.40138e-06 0.0010397 0.0544143 0.34424 0.263521 0.0418383 0.133313 0.122555 0.0198791 0.0144685 0.00411127 0.00051538 9.47407e-05 7.42908e-06 5.52669e-07 2.62794e-08 8.20856e-10 1.31216e-11 8.30631e-14
 2.56915e-27 2.60398e-27 4.62448e-26 9.21551e-20 2.25907e-14 6.69403e-10 2.39769e-06 0.00103811 0.0543308 0.343712 0.26312 0.0419993 0.134819 0.123911 0.019496 0.0132543 0.00375835 0.000466019 8.57055e-05 6.91757e-06 4.92921e-07 1.96594e-08 5.12717e-10 7.41223e-12 4.68848e-14
 2.56907e-27 2.60375e-27 4.60354e-26 9.17134e-20 2.24824e-14 6.66195e-10 2.3862e-06 0.00103313 0.0540704 0.342064 0.261864 0.0421348 0.136733 0.12566 0.0195057 0.012835 0.00361345 0.000406064 7.17933e-05 5.70977e-06 4.08437e-07 1.6306e-08 3.74651e-10 4.45001e-12 2.46695e-14
 2.56947e-27 2.60482e-27 4.69792e-26 9.37043e-20 2.29705e-14 6.80656e-10 2.438e-06 0.00105556 0.0552442 0.34949 0.26753 0.0418682 0.130723 0.12011 0.0184428 0.0118085 0.00331061 0.000350552 5.97623e-05 4.33856e-06 2.94295e-07 1.16116e-08 2.67266e-10 2.92586e-12 1.34777e-14
 2.56945e-27 2.60476e-27 4.69189e-26 9.35771e-20 2.29393e-14 6.79732e-10 2.43469e-06 0.00105413 0.0551692 0.349015 0.267168 0.0419323 0.131465 0.120783 0.0183592 0.0114485 0.00320567 0.000335463 5.65741e-05 3.90287e-06 2.48927e-07 8.96331e-09 1.99111e-10 2.16554e-12 9.44509e-15
 2.56988e-27 2.60591e-27 4.79242e-26 9.56979e-20 2.34592e-14 6.95137e-10 2.48987e-06 0.00107802 0.0564195 0.356925 0.273206 0.0417804 0.126067 0.115765 0.0167952 0.00914687 0.00253729 0.000237135 3.77267e-05 2.53004e-06 1.55937e-07 5.2496e-09 1.07081e-10 1.09052e-12 4.66844e-15
 2.56953e-27 2.60497e-27 4.70795e-26 9.39158e-20 2.30223e-14 6.82193e-10 2.4435e-06 0.00105794 0.0553689 0.350279 0.268136 0.0421039 0.132091 0.121308 0.0174899 0.00933471 0.00257581 0.000218532 3.25704e-05 1.9864e-06 1.13835e-07 3.68984e-09 7.12483e-11 6.66856e-13 2.64172e-15
 2.56944e-27 2.60471e-27 4.68281e-26 9.33854e-20 2.28923e-14 6.7834e-10 2.4297e-06 0.00105197 0.0550561 0.3483 0.266629 0.042349 0.135015 0.123964 0.0172119 0.00803283 0.00219725 0.000166128 2.26746e-05 1.24812e-06 6.40275e-08 1.86022e-09 3.37199e-11 2.99397e-13 1.09832e-15
 2.56963e-27 2.60523e-27 4.73057e-26 9.4393e-20 2.31393e-14 6.85659e-10 2.45591e-06 0.00106332 0.0556502 0.352058 0.269494 0.0420554 0.130768 0.120083 0.0171958 0.00897174 0.00245684 0.00017687 2.30588e-05 1.1611e-06 5.3213e-08 1.3629e-09 2.19113e-11 1.76847e-13 6.1168e-16
 2.57038e-27 2.60729e-27 4.91451e-26 9.82735e-20 2.40906e-14 7.13846e-10 2.55688e-06 0.00110703 0.057938 0.366531 0.280535 0.0413841 0.117902 0.108237 0.0155866 0.00828565 0.00228023 0.000182708 2.57391e-05 1.25237e-06 5.39197e-08 1.23299e-09 1.74345e-11 1.22582e-13 3.79201e-16
#obs surv len freq
 1.24761e-41 1.7316e-33 2.90511e-26 5.89151e-20 1.44423e-14 4.27953e-10 1.53286e-06 0.000663675 0.0347341 0.219739 0.168522 0.0416978 0.170092 0.142432 0.0894366 0.0847007 0.0333084 0.0119793 0.00241119 0.0002691 1.22878e-05 1.68061e-07 5.20001e-10 2.96583e-13 2.72478e-17
 1.5606e-41 2.16601e-33 3.63394e-26 7.36955e-20 1.80656e-14 5.35316e-10 1.91742e-06 0.000830175 0.043448 0.274865 0.210652 0.0426961 0.142228 0.113306 0.0739514 0.064427 0.0241955 0.00786256 0.00139916 0.000132233 4.8876e-06 5.1564e-08 1.18411e-10 4.89223e-14 3.21186e-18
 1.2921e-41 1.79335e-33 3.00872e-26 6.10163e-20 1.49574e-14 4.43216e-10 1.58753e-06 0.000687345 0.0359729 0.227576 0.174782 0.0517374 0.203957 0.149949 0.073333 0.0554284 0.019822 0.00578147 0.000898846 7.06227e-05 2.07308e-06 1.66982e-08 2.83882e-11 8.4973e-15 3.98742e-19
 1.55638e-41 2.16016e-33 3.62411e-26 7.34963e-20 1.80167e-14 5.33869e-10 1.91223e-06 0.000827931 0.0433306 0.274123 0.210257 0.0473842 0.149849 0.109673 0.0849397 0.0597228 0.0156632 0.00369853 0.000496404 3.20074e-05 7.33716e-07 4.44628e-09 5.55202e-12 1.20143e-15 4.03188e-20
 1.54029e-41 2.13782e-33 3.58664e-26 7.27363e-20 1.78304e-14 5.28349e-10 1.89246e-06 0.000819369 0.0428825 0.271289 0.208334 0.0552795 0.179713 0.118558 0.0639379 0.0417495 0.0142173 0.00292612 0.000277587 1.38971e-05 2.4545e-07 1.10518e-09 1.0028e-12 1.55807e-16 3.7281e-21
 1.34988e-41 1.87355e-33 3.14327e-26 6.37448e-20 1.56263e-14 4.63036e-10 1.65852e-06 0.000718081 0.0375815 0.237755 0.182976 0.0612536 0.205507 0.131101 0.0832317 0.0465085 0.0110237 0.00213753 0.000198428 7.0914e-06 8.82833e-08 2.89187e-10 1.88935e-13 2.09121e-17 3.54543e-22
 1.56774e-41 2.17592e-33 3.65055e-26 7.40324e-20 1.81482e-14 5.37764e-10 1.92618e-06 0.00083397 0.0436467 0.276125 0.212246 0.0581511 0.165698 0.104945 0.0827937 0.0435623 0.0103486 0.00153683 0.000107945 3.35158e-06 3.04915e-08 6.74654e-11 3.05978e-14 2.3844e-18 2.84632e-23
 1.73244e-41 2.40451e-33 4.03407e-26 8.18101e-20 2.00548e-14 5.9426e-10 2.12854e-06 0.000921586 0.0482321 0.305134 0.234601 0.0628476 0.163468 0.092755 0.0563683 0.0274889 0.0071343 0.000988879 5.59465e-05 1.24588e-06 8.69224e-09 1.40477e-11 4.31275e-15 2.26337e-19 1.85539e-24
 1.65598e-41 2.29839e-33 3.85602e-26 7.81993e-20 1.91696e-14 5.68032e-10 2.0346e-06 0.00088091 0.0461033 0.291669 0.224723 0.0712681 0.184853 0.0980528 0.0551751 0.0223106 0.00437918 0.000552812 2.94656e-05 5.21433e-07 2.56489e-09 2.94759e-12 6.49869e-16 2.36685e-20 1.31033e-25
 1.53161e-41 2.12577e-33 3.56642e-26 7.23263e-20 1.77299e-14 5.2537e-10 1.88179e-06 0.000814751 0.0426408 0.269767 0.208438 0.0784884 0.199706 0.104865 0.0669386 0.0240169 0.00393594 0.000371345 1.53417e-05 2.32011e-07 8.98549e-10 7.31396e-13 1.10906e-16 2.81543e-21 1.09206e-26
 1.46618e-41 2.03496e-33 3.41406e-26 6.92365e-20 1.69725e-14 5.02926e-10 1.8014e-06 0.000779944 0.0408192 0.258246 0.200077 0.0842 0.203869 0.107394 0.0751187 0.0251261 0.0040456 0.00031304 9.30626e-06 1.00305e-07 2.98271e-10 1.86604e-13 2.04967e-17 3.60284e-22 9.56419e-28
 1.88368e-41 2.61443e-33 4.38625e-26 8.89522e-20 2.18056e-14 6.4614e-10 2.31437e-06 0.00100204 0.0524428 0.331779 0.25584 0.0729315 0.140597 0.073602 0.0525378 0.0164558 0.00262223 0.000183129 4.52403e-06 3.48063e-08 7.01975e-11 3.1081e-14 2.5093e-18 3.22954e-23 6.11565e-29
 1.56749e-41 2.17557e-33 3.64997e-26 7.40206e-20 1.81453e-14 5.37678e-10 1.92587e-06 0.000833837 0.0436397 0.276099 0.215028 0.102304 0.213952 0.0904164 0.0432976 0.0123863 0.00191575 0.000122906 2.70835e-06 1.68862e-08 2.46967e-11 7.37802e-15 4.01358e-19 3.59075e-24 4.8476e-30
 1.27334e-41 1.76731e-33 2.96503e-26 6.01302e-20 1.47402e-14 4.36779e-10 1.56447e-06 0.000677363 0.0354505 0.224301 0.176571 0.113787 0.233515 0.119226 0.0777177 0.0169287 0.00172744 9.3334e-05 1.81083e-06 9.54013e-09 1.11044e-11 2.45355e-15 9.27541e-20 5.58371e-25 5.06538e-31
 1.14735e-41 1.59245e-33 2.67166e-26 5.41808e-20 1.32818e-14 3.93564e-10 1.40968e-06 0.000610343 0.031943 0.20212 0.160393 0.117371 0.227251 0.135338 0.0981462 0.0239264 0.00278948 0.000107386 1.43876e-06 6.02867e-09 5.65877e-12 9.76909e-16 2.77408e-20 1.20542e-25 7.63343e-32
 1.56056e-41 2.16596e-33 3.63384e-26 7.36936e-20 1.80651e-14 5.35302e-10 1.91737e-06 0.000830153 0.0434469 0.274896 0.215277 0.100854 0.165505 0.104035 0.073656 0.0190001 0.002401 9.7039e-05 1.11593e-06 3.17607e-09 2.0957e-12 2.72539e-16 5.89653e-21 1.92621e-26 8.99867e-33
 1.40687e-41 1.95264e-33 3.27597e-26 6.64359e-20 1.6286e-14 4.82584e-10 1.72854e-06 0.000748396 0.0391682 0.247856 0.197645 0.135892 0.2151 0.0972536 0.0516714 0.0129809 0.00161498 6.66767e-05 7.64295e-07 1.93046e-09 9.4571e-13 8.34254e-17 1.25041e-21 2.94705e-27 1.01244e-33
 1.46338e-41 2.03108e-33 3.40755e-26 6.91045e-20 1.69401e-14 5.01968e-10 1.79797e-06 0.000778457 0.0407414 0.257819 0.205599 0.130144 0.190191 0.107393 0.0567222 0.0096826 0.000893464 3.34804e-05 3.59317e-07 8.4091e-10 3.60855e-13 2.5414e-17 2.76241e-22 4.4693e-28 1.04792e-34
 1.43892e-41 1.99713e-33 3.35059e-26 6.79493e-20 1.6657e-14 4.93577e-10 1.76791e-06 0.000765445 0.0400605 0.25354 0.204402 0.144293 0.195644 0.101846 0.0495011 0.00920243 0.000725711 1.84573e-05 1.53212e-07 3.05899e-10 1.13027e-13 6.7277e-18 5.96358e-23 7.5012e-29 1.29972e-35
 1.55932e-41 2.16424e-33 3.63096e-26 7.36351e-20 1.80508e-14 5.34878e-10 1.91585e-06 0.000829495 0.0434126 0.274766 0.221312 0.141328 0.174911 0.094787 0.0415704 0.00659889 0.000471333 1.06236e-05 6.35633e-08 8.85501e-11 2.48916e-14 1.1825e-18 8.43542e-24 8.47775e-30 1.15681e-36
 1.50256e-41 2.08546e-33 3.49879e-26 7.09547e-20 1.73937e-14 5.15407e-10 1.8461e-06 0.0007993 0.0418324 0.264823 0.216904 0.160511 0.184865 0.0899736 0.0348114 0.00515861 0.000313322 5.85056e-06 2.90414e-08 3.05849e-11 5.96117e-15 1.97553e-19 1.02869e-24 7.80529e-31 8.15943e-38
 1.54976e-41 2.15096e-33 3.60868e-26 7.31834e-20 1.794e-14 5.31596e-10 1.90409e-06 0.000824405 0.0431465 0.273174 0.224689 0.160227 0.172607 0.0900886 0.0312168 0.00382801 0.000194358 3.00578e-06 1.1789e-08 9.68419e-12 1.43596e-15 3.43751e-20 1.24236e-25 6.50438e-32 4.77514e-39
 1.55573e-41 2.15925e-33 3.62258e-26 7.34652e-20 1.80091e-14 5.33644e-10 1.91143e-06 0.000827581 0.0433128 0.274295 0.228502 0.170707 0.170152 0.0830075 0.0260719 0.00299562 0.000125835 1.51618e-06 4.62593e-09 2.90709e-12 3.24003e-16 5.78334e-21 1.53955e-26 5.81157e-33 3.00695e-40
 1.59309e-41 2.21111e-33 3.70959e-26 7.52297e-20 1.84417e-14 5.46461e-10 1.95733e-06 0.000847458 0.0443533 0.280948 0.235935 0.173985 0.162016 0.0781032 0.0215941 0.00213806 7.68927e-05 7.61201e-07 1.76924e-09 8.24479e-13 6.79735e-17 8.92899e-22 1.73836e-27 4.78137e-34 1.79684e-41
 1.58635e-41 2.20175e-33 3.69389e-26 7.49114e-20 1.83637e-14 5.44149e-10 1.94905e-06 0.000843872 0.044166 0.279874 0.238908 0.184306 0.160056 0.0724964 0.017761 0.00154149 4.54834e-05 3.60584e-07 6.58715e-10 2.32032e-13 1.39724e-17 1.3238e-22 1.85751e-28 3.68436e-35 9.97596e-43
 1.37239e-41 1.90478e-33 3.19567e-26 6.48075e-20 1.58868e-14 4.70755e-10 1.68617e-06 0.000730053 0.0382098 0.242422 0.218753 0.217016 0.183225 0.0809468 0.0173821 0.00128275 3.10837e-05 1.95322e-07 2.73366e-10 7.26821e-14 3.2612e-18 2.2615e-23 2.28484e-29 3.23283e-36 6.22661e-44
 1.39985e-41 1.9429e-33 3.25962e-26 6.61044e-20 1.62047e-14 4.80175e-10 1.71991e-06 0.000744662 0.0389749 0.24736 0.223457 0.205202 0.176833 0.088712 0.0175607 0.00113153 2.2323e-05 1.09882e-07 1.17344e-10 2.32877e-14 7.68781e-19 3.89628e-24 2.86376e-30 2.93022e-37 4.0523e-45
 1.46835e-41 2.03798e-33 3.41913e-26 6.93393e-20 1.69977e-14 5.03673e-10 1.80408e-06 0.000781104 0.040882 0.259411 0.232063 0.202587 0.168882 0.078352 0.0159545 0.00106531 1.93827e-05 8.21999e-08 7.29418e-11 1.18308e-14 3.16691e-19 1.29448e-24 7.64515e-31 6.27576e-38 6.96096e-46
 1.46837e-41 2.038e-33 3.41917e-26 6.934e-20 1.69979e-14 5.03679e-10 1.80409e-06 0.000781112 0.0408825 0.259414 0.232066 0.202591 0.168969 0.0785256 0.0157549 0.000997115 1.68414e-05 6.49122e-08 5.14952e-11 7.38523e-15 1.73457e-19 6.18999e-25 3.18039e-31 2.26542e-38 2.1764e-46
#pred catch len freq
 2.55774e-27 2.57394e-27 2.07772e-26 3.84334e-20 9.42149e-15 2.79176e-10 9.9996e-07 0.000432945 0.0226588 0.143346 0.110096 0.0402319 0.228876 0.21183 0.0548683 0.0724166 0.0312758 0.0242403 0.0149577 0.0113954 0.0089437 0.0077302 0.00774572 0.00686035 0.00209313
 2.55856e-27 2.57639e-27 2.30141e-26 4.31524e-20 1.05783e-14 3.13454e-10 1.12274e-06 0.000486103 0.0254409 0.160947 0.123515 0.0389585 0.209763 0.195083 0.0684461 0.107245 0.0363464 0.0150433 0.00678144 0.00391149 0.00251959 0.00187301 0.00166717 0.00147854 0.000494459
 2.55938e-27 2.57851e-27 2.47521e-26 4.68183e-20 1.14769e-14 3.40082e-10 1.21812e-06 0.000527398 0.0276021 0.174619 0.133971 0.0399743 0.210146 0.195043 0.0612773 0.0911279 0.0348872 0.0202204 0.00644869 0.00201445 0.000866037 0.000494628 0.000366363 0.000305985 0.000106016
 2.55973e-27 2.57934e-27 2.53488e-26 4.80766e-20 1.17854e-14 3.49222e-10 1.25085e-06 0.000541572 0.0283439 0.179312 0.13757 0.0409325 0.21491 0.199258 0.0587994 0.0842857 0.0308252 0.0161267 0.00613249 0.00215428 0.000487986 0.000156196 8.26447e-05 5.97085e-05 2.05052e-05
 2.56146e-27 2.58387e-27 2.91853e-26 5.61694e-20 1.37692e-14 4.08007e-10 1.46141e-06 0.000632736 0.0331151 0.209496 0.16062 0.0410925 0.199933 0.185223 0.0524824 0.0733036 0.0258317 0.0120615 0.00424604 0.00146366 0.00039136 7.40611e-05 1.8625e-05 9.74257e-06 3.14595e-06
 2.5611e-27 2.58269e-27 2.79681e-26 5.36009e-20 1.31396e-14 3.8935e-10 1.39459e-06 0.000603803 0.0316009 0.199916 0.153334 0.0428931 0.218755 0.202298 0.0501914 0.0637302 0.022162 0.00990624 0.00328349 0.00101014 0.000253969 5.14268e-05 7.17659e-06 1.71813e-06 4.66211e-07
 2.56132e-27 2.58329e-27 2.84943e-26 5.4711e-20 1.34117e-14 3.97414e-10 1.42347e-06 0.000616308 0.0322553 0.204057 0.156492 0.042682 0.214929 0.198839 0.0509058 0.0661571 0.0217731 0.00787211 0.00250008 0.000722147 0.00016228 3.0284e-05 3.96831e-06 4.09246e-07 6.55674e-08
 2.56327e-27 2.58847e-27 3.29574e-26 6.41258e-20 1.57197e-14 4.65802e-10 1.66842e-06 0.000722364 0.0378059 0.239171 0.183299 0.0423235 0.193367 0.178728 0.0434834 0.0542733 0.0178895 0.00648979 0.00188302 0.000450382 9.37801e-05 1.56742e-05 1.8574e-06 1.39624e-07 9.3002e-09
 2.56437e-27 2.59125e-27 3.52311e-26 6.89217e-20 1.68953e-14 5.00638e-10 1.7932e-06 0.000776388 0.0406334 0.257058 0.196972 0.0431992 0.190425 0.175672 0.0367748 0.0397018 0.0128528 0.00433241 0.00125006 0.000290738 5.11343e-05 7.42807e-06 7.80436e-07 5.03053e-08 1.84388e-09
 2.56406e-27 2.5903e-27 3.4283e-26 6.69211e-20 1.64049e-14 4.86107e-10 1.74115e-06 0.000753853 0.0394539 0.249597 0.191293 0.0443633 0.203274 0.187355 0.0357045 0.0342726 0.0104811 0.00258 0.000692149 0.000149035 2.54993e-05 3.24688e-06 2.8533e-07 1.59204e-08 4.47008e-10
 2.56367e-27 2.58927e-27 3.34076e-26 6.50745e-20 1.59522e-14 4.72693e-10 1.69311e-06 0.000733051 0.0383652 0.24271 0.186032 0.0442783 0.206323 0.190263 0.0379279 0.0385984 0.0115914 0.00247056 0.000591988 9.67233e-05 1.48707e-05 1.78269e-06 1.38519e-07 6.39084e-09 1.50092e-10
 2.5654e-27 2.59393e-27 3.74855e-26 7.36771e-20 1.8061e-14 5.35181e-10 1.91693e-06 0.000829957 0.043437 0.274794 0.210519 0.0434678 0.182952 0.168597 0.0323103 0.0312405 0.00936011 0.00196621 0.000453004 6.24884e-05 7.63162e-06 7.38168e-07 5.22108e-08 2.10971e-09 4.08372e-11
 2.56569e-27 2.59465e-27 3.80611e-26 7.48912e-20 1.83587e-14 5.44e-10 1.94852e-06 0.000843634 0.0441527 0.279323 0.213983 0.0438387 0.18334 0.168827 0.0300168 0.0259502 0.00773305 0.00157483 0.000360326 4.89494e-05 5.40363e-06 4.12325e-07 2.25193e-08 7.92938e-10 1.32752e-11
 2.56357e-27 2.58887e-27 3.29189e-26 6.40432e-20 1.56994e-14 4.65202e-10 1.66628e-06 0.000721433 0.0377572 0.238863 0.183116 0.0455708 0.218208 0.200966 0.0350447 0.0293153 0.00857783 0.00148461 0.000325931 4.28917e-05 4.66275e-06 3.31893e-07 1.44961e-08 3.86685e-10 5.44404e-12
 2.56238e-27 2.58573e-27 3.02426e-26 5.83976e-20 1.43155e-14 4.24193e-10 1.51939e-06 0.000657837 0.0344288 0.217807 0.167036 0.0454953 0.228931 0.211079 0.0407886 0.0398589 0.0116098 0.00186753 0.000390505 4.41611e-05 4.52282e-06 3.12269e-07 1.28289e-08 2.7828e-10 2.95474e-12
 2.56365e-27 2.58918e-27 3.32969e-26 6.4841e-20 1.5895e-14 4.70997e-10 1.68703e-06 0.000730421 0.0382276 0.241839 0.185372 0.0445968 0.209211 0.19287 0.0373491 0.036609 0.0107862 0.00194778 0.000412648 4.28072e-05 3.93973e-06 2.38869e-07 9.33631e-09 1.89736e-10 1.66196e-12
 2.56526e-27 2.59347e-27 3.69847e-26 7.26203e-20 1.7802e-14 5.27505e-10 1.88943e-06 0.000818053 0.0428139 0.270853 0.207524 0.0443702 0.191923 0.176704 0.0306354 0.0253687 0.00741475 0.00126962 0.000270211 3.05869e-05 2.77966e-06 1.50601e-07 5.12232e-09 9.5838e-11 7.8064e-13
 2.56474e-27 2.59199e-27 3.56175e-26 6.97359e-20 1.70949e-14 5.06553e-10 1.81439e-06 0.000785561 0.0411134 0.260095 0.199323 0.0452699 0.204531 0.188226 0.0306377 0.0224671 0.00643975 0.000906156 0.000181509 1.97118e-05 1.84432e-06 1.05121e-07 3.2991e-09 5.36089e-11 3.93189e-13
 2.56495e-27 2.59257e-27 3.61484e-26 7.08558e-20 1.73694e-14 5.14688e-10 1.84353e-06 0.000798176 0.0417737 0.264272 0.202509 0.0449973 0.200219 0.184278 0.0305026 0.0231473 0.00656005 0.000783185 0.000144147 1.30527e-05 1.12098e-06 6.29077e-08 2.06672e-09 3.22681e-11 2.07593e-13
 2.56578e-27 2.59483e-27 3.81409e-26 7.50592e-20 1.83999e-14 5.45221e-10 1.95289e-06 0.000845526 0.0442518 0.279949 0.21447 0.0444326 0.187517 0.172547 0.0282331 0.0209283 0.00594305 0.000734678 0.000134288 1.04666e-05 7.75582e-07 3.67909e-08 1.14788e-09 1.83394e-11 1.16067e-13
 2.56588e-27 2.59506e-27 3.83228e-26 7.54429e-20 1.84939e-14 5.48008e-10 1.96287e-06 0.000849849 0.044478 0.281381 0.215566 0.0445836 0.187897 0.172847 0.0273713 0.018889 0.00535235 0.000654145 0.000119586 9.59291e-06 6.81027e-07 2.70972e-08 7.05816e-10 1.01977e-11 6.44878e-14
 2.56589e-27 2.59508e-27 3.83265e-26 7.54506e-20 1.84958e-14 5.48064e-10 1.96307e-06 0.000849936 0.0444826 0.281409 0.215589 0.0446848 0.18865 0.173518 0.0270626 0.0180146 0.0050683 0.000561377 9.85874e-05 7.7922e-06 5.5528e-07 2.21168e-08 5.07567e-10 6.02484e-12 3.33904e-14
 2.56629e-27 2.59617e-27 3.92886e-26 7.74802e-20 1.89933e-14 5.62806e-10 2.01588e-06 0.000872798 0.0456791 0.288979 0.221365 0.0444292 0.182647 0.16797 0.0259298 0.0168281 0.00471542 0.000492407 8.33684e-05 6.01631e-06 4.06434e-07 1.59982e-08 3.67802e-10 4.024e-12 1.85308e-14
 2.56659e-27 2.59696e-27 3.99837e-26 7.89466e-20 1.93528e-14 5.73458e-10 2.05403e-06 0.000889317 0.0465437 0.294448 0.225539 0.0442812 0.178588 0.164209 0.0249827 0.0156161 0.00436904 0.000450321 7.53727e-05 5.16879e-06 3.28262e-07 1.17915e-08 2.61605e-10 2.84345e-12 1.23984e-14
 2.56703e-27 2.59814e-27 4.10055e-26 8.1102e-20 1.98812e-14 5.89115e-10 2.11011e-06 0.000913597 0.0478144 0.302487 0.231676 0.0441924 0.1736 0.159553 0.023182 0.0126838 0.00351627 0.000323999 5.1122e-05 3.40824e-06 2.09162e-07 7.02455e-09 1.43102e-10 1.45639e-12 6.23287e-15
 2.567e-27 2.59804e-27 4.09051e-26 8.08902e-20 1.98293e-14 5.87576e-10 2.1046e-06 0.000911211 0.0476895 0.301697 0.231074 0.0442855 0.174732 0.160582 0.0230972 0.0122308 0.00337199 0.000281917 4.16097e-05 2.52315e-06 1.43908e-07 4.65325e-09 8.97341e-11 8.39307e-13 3.32384e-15
 2.56673e-27 2.59727e-27 4.01985e-26 7.93996e-20 1.94639e-14 5.76749e-10 2.06582e-06 0.00089442 0.0468107 0.296138 0.226836 0.044734 0.181122 0.166422 0.0230942 0.0107548 0.00294004 0.000219401 2.96356e-05 1.62263e-06 8.28195e-08 2.40027e-09 4.34487e-11 3.85512e-13 1.41379e-15
 2.56683e-27 2.59759e-27 4.04974e-26 8.00302e-20 1.96184e-14 5.8133e-10 2.08223e-06 0.000901524 0.0471825 0.29849 0.228628 0.0444553 0.177742 0.16335 0.0234024 0.0122286 0.00334721 0.000238029 3.07057e-05 1.5386e-06 7.01379e-08 1.792e-09 2.87668e-11 2.32008e-13 8.022e-16
 2.56575e-27 2.59465e-27 3.79083e-26 7.45682e-20 1.82795e-14 5.41654e-10 1.94012e-06 0.000839996 0.0439624 0.278118 0.213084 0.0451459 0.193919 0.178302 0.0264816 0.0154832 0.00427051 0.000341336 4.79917e-05 2.32713e-06 9.97701e-08 2.27659e-09 3.21437e-11 2.25833e-13 6.98351e-16
#obs catch len freq
 5.9939e-42 8.31913e-34 1.39571e-26 2.83047e-20 6.93855e-15 2.05602e-10 7.36433e-07 0.00031885 0.0166873 0.10557 0.0813816 0.0424863 0.227552 0.192068 0.131475 0.126956 0.0517315 0.0192349 0.00404503 0.000470335 2.24698e-05 3.22361e-07 1.0429e-09 6.18232e-13 5.87126e-17
 6.85162e-42 9.5096e-34 1.59543e-26 3.2355e-20 7.93146e-15 2.35024e-10 8.41816e-07 0.000364477 0.0190753 0.120677 0.0930274 0.0461553 0.229764 0.184514 0.129134 0.114394 0.0446795 0.0150842 0.00283592 0.000282617 1.09563e-05 1.20758e-07 2.88945e-10 1.23878e-13 8.3983e-18
 1.03337e-41 1.43425e-33 2.40625e-26 4.87982e-20 1.19623e-14 3.54465e-10 1.26964e-06 0.000549709 0.0287696 0.182006 0.139929 0.048234 0.202412 0.154425 0.109937 0.0889401 0.0330036 0.0100009 0.00164974 0.000138028 4.29113e-06 3.61979e-08 6.39537e-11 1.98031e-14 9.57804e-19
 8.81942e-42 1.22408e-33 2.05364e-26 4.16475e-20 1.02094e-14 3.02523e-10 1.08359e-06 0.000469156 0.0245538 0.155337 0.119898 0.0600938 0.262325 0.183079 0.0957856 0.0673915 0.0236864 0.00639987 0.000914764 6.30587e-05 1.54366e-06 9.87403e-09 1.28548e-11 2.87568e-15 9.92593e-20
 1.21245e-41 1.6828e-33 2.82325e-26 5.72549e-20 1.40354e-14 4.15893e-10 1.48966e-06 0.000644973 0.0337553 0.213548 0.164247 0.0540016 0.193802 0.136026 0.110635 0.070763 0.0180827 0.00397782 0.000486913 2.72891e-05 5.17367e-07 2.47477e-09 2.35683e-12 3.80181e-16 9.37055e-21
 1.28497e-41 1.78345e-33 2.9921e-26 6.06793e-20 1.48748e-14 4.40768e-10 1.57876e-06 0.000683548 0.0357742 0.226321 0.174314 0.0635565 0.219794 0.1375 0.0771147 0.046552 0.0152948 0.00283716 0.000245597 1.0658e-05 1.54478e-07 5.45978e-10 3.765e-13 4.35095e-17 7.63542e-22
 1.17474e-41 1.63046e-33 2.73544e-26 5.54742e-20 1.35989e-14 4.02959e-10 1.44333e-06 0.000624913 0.0327055 0.206909 0.159776 0.0695128 0.23507 0.142745 0.0927694 0.0470288 0.0107793 0.00191517 0.000157207 4.8071e-06 4.91137e-08 1.25818e-10 6.22795e-14 5.11742e-18 6.3554e-23
 1.45851e-41 2.02432e-33 3.39622e-26 6.88746e-20 1.68838e-14 5.00298e-10 1.79199e-06 0.000775868 0.0406058 0.256889 0.197868 0.0647 0.18451 0.112153 0.0890307 0.042475 0.00962244 0.00128483 8.08157e-05 2.11721e-06 1.55749e-08 2.69214e-11 9.24352e-15 5.34012e-19 4.66498e-24
 1.6773e-41 2.32799e-33 3.90568e-26 7.92065e-20 1.94165e-14 5.75347e-10 2.0608e-06 0.000892255 0.0466971 0.295425 0.227507 0.0689005 0.175328 0.0946529 0.0576982 0.0257634 0.00631625 0.000777617 3.8623e-05 7.25542e-07 4.07669e-09 5.10318e-12 1.18373e-15 4.60557e-20 2.76146e-25
 1.64223e-41 2.2793e-33 3.824e-26 7.755e-20 1.90105e-14 5.63315e-10 2.0177e-06 0.000873595 0.0457205 0.28925 0.223238 0.0771597 0.190442 0.0959877 0.0536167 0.0196302 0.00364901 0.000411904 1.89701e-05 2.78493e-07 1.09768e-09 9.75975e-13 1.62086e-16 4.37107e-21 1.7708e-26
 1.55633e-41 2.16008e-33 3.62399e-26 7.34937e-20 1.80161e-14 5.33851e-10 1.91217e-06 0.000827902 0.0433291 0.274124 0.212165 0.0839537 0.19938 0.100189 0.0624858 0.0201805 0.00309394 0.000258913 9.29934e-06 1.15803e-07 3.54971e-10 2.22367e-13 2.53733e-17 4.76508e-22 1.35172e-27
 1.51946e-41 2.10891e-33 3.53813e-26 7.17525e-20 1.75893e-14 5.21203e-10 1.86686e-06 0.000808287 0.0423026 0.267633 0.207679 0.0891679 0.199246 0.101207 0.0681153 0.0205681 0.003058 0.000206682 5.29017e-06 4.70068e-08 1.10443e-10 5.28514e-14 4.35197e-18 5.65403e-23 1.09746e-28
 1.92887e-41 2.67715e-33 4.49147e-26 9.10861e-20 2.23287e-14 6.6164e-10 2.36989e-06 0.00102608 0.0537009 0.339741 0.262255 0.0761944 0.135883 0.068998 0.0468407 0.0133013 0.00193752 0.000117328 2.45558e-06 1.54119e-08 2.45327e-11 8.30802e-15 5.01683e-19 4.76202e-24 6.58998e-30
 1.62262e-41 2.25209e-33 3.77836e-26 7.66243e-20 1.87835e-14 5.56591e-10 1.99362e-06 0.000863167 0.0451748 0.285816 0.223051 0.107234 0.205549 0.0828227 0.0380806 0.00993638 0.00139165 7.70872e-05 1.42332e-06 7.1554e-09 8.19022e-12 1.86718e-15 7.59651e-20 5.00757e-25 4.93238e-31
 1.33703e-41 1.85571e-33 3.11333e-26 6.31378e-20 1.54775e-14 4.58626e-10 1.64272e-06 0.000711243 0.0372237 0.235527 0.185963 0.120107 0.225709 0.11241 0.0678571 0.0131998 0.00123153 5.76582e-05 9.30234e-07 3.91978e-09 3.54242e-12 5.94143e-16 1.67662e-20 7.43725e-26 4.92268e-32
 1.21873e-41 1.69151e-33 2.83786e-26 5.75513e-20 1.4108e-14 4.18047e-10 1.49738e-06 0.000648312 0.0339301 0.214703 0.170955 0.124063 0.220045 0.129251 0.0855082 0.0188913 0.00193958 6.35889e-05 7.13807e-07 2.38858e-09 1.73081e-12 2.25697e-16 4.76851e-21 1.52492e-26 7.04845e-33
 1.63727e-41 2.27242e-33 3.81246e-26 7.73159e-20 1.89531e-14 5.61614e-10 2.01161e-06 0.000870958 0.0455825 0.288416 0.226322 0.104678 0.157289 0.0976497 0.0627396 0.0147667 0.00162855 5.54659e-05 5.20667e-07 1.17852e-09 6.01298e-13 5.8923e-17 9.45515e-22 2.2679e-27 7.72413e-34
 1.4856e-41 2.06191e-33 3.45929e-26 7.01537e-20 1.71974e-14 5.09589e-10 1.82526e-06 0.000790277 0.04136 0.26174 0.209363 0.140479 0.202501 0.0890613 0.043581 0.0100024 0.00108243 3.75204e-05 3.46981e-07 6.86514e-10 2.57758e-13 1.71182e-17 1.90153e-22 3.28345e-28 8.20531e-35
 1.5463e-41 2.14616e-33 3.60063e-26 7.302e-20 1.79e-14 5.30409e-10 1.89984e-06 0.000822565 0.0430499 0.272442 0.217878 0.133901 0.178856 0.0986975 0.0465629 0.00718518 0.000585289 1.84024e-05 1.58451e-07 2.88074e-10 9.39061e-14 4.94846e-18 3.97916e-23 4.71809e-29 8.04321e-36
 1.52528e-41 2.11699e-33 3.55169e-26 7.20276e-20 1.76567e-14 5.23201e-10 1.87402e-06 0.000811386 0.0424649 0.268777 0.217355 0.14763 0.182758 0.0925518 0.0404343 0.00674962 0.000455674 9.73597e-06 6.51666e-08 1.0069e-10 2.80994e-14 1.2445e-18 8.12696e-24 7.47757e-30 9.4247e-37
 1.64675e-41 2.28558e-33 3.83454e-26 7.77636e-20 1.90628e-14 5.64867e-10 2.02326e-06 0.000876002 0.0458467 0.290194 0.23437 0.143301 0.162133 0.0850396 0.0332164 0.00472712 0.000288917 5.36973e-06 2.56368e-08 2.76932e-11 5.87373e-15 2.06848e-19 1.08273e-24 7.93278e-31 7.85501e-38
 1.59211e-41 2.20974e-33 3.70729e-26 7.51831e-20 1.84303e-14 5.46122e-10 1.95612e-06 0.000846933 0.0443255 0.280635 0.230552 0.162007 0.17046 0.0798136 0.0275385 0.00362924 0.000186952 2.86979e-06 1.12684e-08 9.12196e-12 1.33894e-15 3.28761e-20 1.25322e-25 6.90938e-32 5.22495e-39
 1.64108e-41 2.27772e-33 3.82134e-26 7.74961e-20 1.89972e-14 5.62923e-10 2.0163e-06 0.000872988 0.0456892 0.289308 0.238612 0.160755 0.158736 0.0790821 0.0242025 0.00262701 0.000112724 1.42151e-06 4.3873e-09 2.75813e-12 3.0661e-16 5.42691e-21 1.43565e-26 5.45868e-33 2.89325e-40
 1.64778e-41 2.28701e-33 3.83694e-26 7.78123e-20 1.90748e-14 5.6522e-10 2.02453e-06 0.000876551 0.0458759 0.290571 0.242708 0.170279 0.155601 0.0720131 0.0199906 0.00201155 7.06688e-05 6.91256e-07 1.65191e-09 7.91063e-13 6.59014e-17 8.67572e-22 1.68768e-27 4.62557e-34 1.72936e-41
 1.6856e-41 2.3395e-33 3.925e-26 7.95983e-20 1.95126e-14 5.78194e-10 2.071e-06 0.00089667 0.0469291 0.297317 0.250273 0.172498 0.147513 0.0668664 0.01626 0.00140294 4.19562e-05 3.34017e-07 6.04718e-10 2.141e-13 1.31586e-17 1.2721e-22 1.80681e-28 3.60326e-35 9.77434e-43
 1.67934e-41 2.33081e-33 3.91042e-26 7.93025e-20 1.94401e-14 5.76045e-10 2.0633e-06 0.000893338 0.0467552 0.296347 0.253518 0.181849 0.145107 0.0613358 0.0131807 0.000988085 2.40876e-05 1.52783e-07 2.16181e-10 5.76093e-14 2.58039e-18 1.79645e-23 1.83622e-29 2.63728e-36 5.14907e-44
 1.46786e-41 2.03729e-33 3.41798e-26 6.93159e-20 1.6992e-14 5.03503e-10 1.80347e-06 0.000780839 0.0408684 0.259385 0.234616 0.214953 0.167392 0.0683609 0.0128147 0.000811202 1.61389e-05 8.06203e-08 8.70166e-11 1.74438e-14 5.80635e-19 2.95409e-24 2.17255e-30 2.22464e-37 3.08746e-45
 1.49774e-41 2.07877e-33 3.48756e-26 7.07271e-20 1.73379e-14 5.13754e-10 1.84018e-06 0.000796737 0.0417001 0.26456 0.23486 0.197137 0.167147 0.0785466 0.0143996 0.00083692 1.44863e-05 6.11161e-08 5.4807e-11 9.00407e-15 2.43542e-19 1.00416e-24 5.97485e-31 4.93215e-38 5.48904e-46
 1.55931e-41 2.16422e-33 3.63093e-26 7.36345e-20 1.80506e-14 5.34873e-10 1.91583e-06 0.000829488 0.0434142 0.27539 0.242564 0.194053 0.157722 0.0710732 0.0140582 0.00087951 1.47453e-05 5.65061e-08 4.46413e-11 6.3838e-15 1.49628e-19 5.33164e-25 2.73631e-31 1.94741e-38 1.86962e-46
#spawning biomass
 23392.7 20182.5 21300 23802.5 27648.2 34109.2 38504.2 46968.7 65620.4 83575.2 103048 125191 178778 212207 195758 159884 147122 144838 135156 136705 147622 154056 161874 176654 184941 196039 181671 179368 199929 274931 215052 97898.8 38818.5 22948.4 19436 18719.3 18580.1 18554 18549.3 18548.4 18548.3 18548.2 18548.2 18548.2 18548.2 18548.2 18548.2 18548.2 18548.2 18548.2 18548.2 18548.2 18548.2 18548.2 18548.2 18548.2 18548.2 18548.2 18548.2 18548.2 18548.2 18548.2 18548.2 18548.2 18548.2 18548.2 18548.2 18548.2 18548.2 18548.2 18548.2 18548.2 18548.2 18548.2 18548.2 18548.2 18548.2 18548.2 18548.2 18548.2 18548.2 18548.2 18548.2 18548.2 18548.2 18548.2 18548.2 18548.2 18548.2 18548.2 18548.2 18548.2 18548.2 18548.2 18548.2 18548.2 18548.2 18548.2 18548.2 18548.2 18548.2 18548.2 18548.2 18548.2 18548.2 18548.2 18548.2 18548.2 18548.2 18548.2 18548.2 18548.2 18548.2 18548.2 18548.2 18548.2 18548.2 18548.2 18548.2 18548.2 18548.2 18548.2 18548.2 18548.2 18548.2 18548.2 18548.2 18548.2 18548.2 0 0 0 0 0 0 0 0 0 0 0 0 0 0 0 0 0 0 0 0 0 0 0 0 0
