SBPRF35
0.18548
Curr Bio
197001
B35
196094
F35
0.856868
FOFL
0.856868
OFL
94312.6
Bzero
52994.1
#pred survey bio
 17930.9 14875.7 15129.9 16735 18506.5 23097.3 25837.6 29830.6 41092.2 52067.2 65816.6 76085.3 108315 136407 131297 104485 91212.5 91185 84627.2 83587.5 90320.3 94668.8 98224.5 107592 110899 119294 110312 108569 122524 4.60962e+06 4.47823e+06 2.50029e+06 1.35122e+06 829630 598462 490063 434633 403972 386086 375343 368802 364800 362348 360837 359906 359348 359012 358810 358688 358615 358571 358544 358528 358518 358512 358509 358507 358505 358504 358504 358504 358503 358503 358503 358503 358503 358503 358503 358503 358503 358503 358503 358503 358503 358503 358503 358503 358503 358503 358503 358503 358503 358503 358503 358503 358503 358503 358503 358503 358503 358503 358503 358503 358503 358503 358503 358503 358503 358503 358503 358503 358503 358503 358503 358503 358503 358503 358503 358503 358503 358503 358503 358503 358503 358503 358503 358503 358503 358503 358503 358503 358503 358503 358503 358503 358503 358503 358503 358503 0 0 0 0 0 0 0 0 0 0 0 0 0 0 0 0 0 0 0 0 0 0 0 0 0
#obs survey bio
 17303.4 10940.6 16641 13436.5 13777.2 23905.1 27953.5 26168.8 39889.3 59253.9 47078.2 115712 136312 124765 92201.4 104586 62868.6 65590.9 56921.5 90821.6 76921.9 114490 119009 171268 139998 157080 127864 107364 130012
#pred catch bio
 9479.99 7469.84 7537.25 9402.68 9947.19 13690.4 16537 18870 29266.8 35846.4 50978 55950.4 80761.5 105583 109247 90873.3 79053.3 80844 74971.8 73433.4 80671 85819.9 88213.2 101634 103646 117533 106230 102578 68657.6 94312.6 100741 45492.3 20584.3 11272.1 8157.25 7188.11 6901.18 6819.18 6796.35 6790.11 6788.43 6787.98 6787.86 6787.83 6787.82 6787.82 6787.82 6787.82 6787.82 6787.82 6787.82 6787.82 6787.82 6787.82 6787.82 6787.82 6787.82 6787.82 6787.82 6787.82 6787.82 6787.82 6787.82 6787.82 6787.82 6787.82 6787.82 6787.82 6787.82 6787.82 6787.82 6787.82 6787.82 6787.82 6787.82 6787.82 6787.82 6787.82 6787.82 6787.82 6787.82 6787.82 6787.82 6787.82 6787.82 6787.82 6787.82 6787.82 6787.82 6787.82 6787.82 6787.82 6787.82 6787.82 6787.82 6787.82 6787.82 6787.82 6787.82 6787.82 6787.82 6787.82 6787.82 6787.82 6787.82 6787.82 6787.82 6787.82 6787.82 6787.82 6787.82 6787.82 6787.82 6787.82 6787.82 6787.82 6787.82 6787.82 6787.82 6787.82 6787.82 6787.82 6787.82 6787.82 6787.82 6787.82 6787.82 6787.82 6787.82 0 0 0 0 0 0 0 0 0 0 0 0 0 0 0 0 0 0 0 0 0 0 0 0 0
#obs catch bio
 6910.9 7557.69 7568.91 9582.15 10069.7 13736 16647.8 18738.5 29030.8 35418.4 51852.6 55270.3 78353.2 103696 112579 92254.2 80377 80582 74384.2 72729.8 78997.4 82531.3 85171.1 96599.3 99249.7 113215 104410 100896 67656
#pred cpue bio
 17812.8 14360.6 14494.6 16040.3 17270.3 21898.3 24452 27289 37326.9 47567.4 60846.2 68026.3 96360 126987 125085 98027.7 82760.2 83813.1 77559 75319 81220.7 85527.1 87775.6 96336 98023.5 106626 98626 96726.3 106092 4.39654e+06 4.80086e+06 2.50972e+06 1.3446e+06 822324 591127 482726 427296 396635 378748 368006 361465 357463 355010 353500 352569 352010 351675 351473 351351 351278 351234 351207 351191 351181 351175 351172 351169 351168 351167 351167 351167 351166 351166 351166 351166 351166 351166 351166 351166 351166 351166 351166 351166 351166 351166 351166 351166 351166 351166 351166 351166 351166 351166 351166 351166 351166 351166 351166 351166 351166 351166 351166 351166 351166 351166 351166 351166 351166 351166 351166 351166 351166 351166 351166 351166 351166 351166 351166 351166 351166 351166 351166 351166 351166 351166 351166 351166 351166 351166 351166 351166 351166 351166 351166 351166 351166 351166 351166 351166 0 0 0 0 0 0 0 0 0 0 0 0 0 0 0 0 0 0 0 0 0 0 0 0 0
#obs cpue bio
 7372.52 15339.8 11334 15878.9 16679.3 24719.8 22150.3 35636.9 45040.9 46689.8 55618.9 74933.7 116462 157980 89038.5 99876.4 72299.8 149915 126961 83878.6 137124 150264 118900 153168 137927 137759 100964 138519 119284
#pred surv len freq
 2.56026e-27 2.58035e-27 2.59544e-26 4.93534e-20 1.20984e-14 3.58497e-10 1.28407e-06 0.000555955 0.0290967 0.184074 0.141236 0.0427765 0.226365 0.208967 0.0446885 0.0496815 0.0207013 0.015118 0.0091903 0.00695083 0.00545841 0.00474425 0.004799 0.00428448 0.00131151
 2.56211e-27 2.5857e-27 3.09362e-26 5.98637e-20 1.46749e-14 4.34842e-10 1.55753e-06 0.000674352 0.0352932 0.223275 0.171113 0.0393096 0.178993 0.166054 0.0518003 0.0765921 0.0271167 0.0130749 0.00601376 0.00348561 0.0022397 0.00166936 0.00149977 0.00134367 0.000451367
 2.56301e-27 2.58796e-27 3.2717e-26 6.36195e-20 1.55956e-14 4.62124e-10 1.65525e-06 0.00071666 0.0375074 0.237283 0.181836 0.0409937 0.184274 0.170354 0.0421403 0.0536704 0.0231273 0.0170563 0.00615035 0.00232338 0.001032 0.000590928 0.000440653 0.000372403 0.00012978
 2.56307e-27 2.58805e-27 3.27202e-26 6.36259e-20 1.55971e-14 4.62171e-10 1.65542e-06 0.000716733 0.0375112 0.237307 0.181864 0.0415803 0.188719 0.174435 0.0425526 0.0534038 0.0202918 0.0119643 0.00574738 0.00262743 0.000739383 0.000261401 0.000139769 0.000102187 3.53471e-05
 2.56495e-27 2.59301e-27 3.69629e-26 7.25758e-20 1.77911e-14 5.27182e-10 1.88828e-06 0.000817551 0.0427877 0.270687 0.20735 0.0414308 0.169675 0.156674 0.0360352 0.0429505 0.0161912 0.00923214 0.00369637 0.00163716 0.000609841 0.000149287 4.33274e-05 2.31331e-05 7.53331e-06
 2.56413e-27 2.59067e-27 3.47865e-26 6.79839e-20 1.66654e-14 4.93827e-10 1.7688e-06 0.000765825 0.0400805 0.253561 0.194296 0.0429134 0.190129 0.175395 0.0366022 0.0394847 0.0144328 0.00761786 0.0029859 0.00119563 0.00039417 0.000113923 2.17647e-05 6.06375e-06 1.67258e-06
 2.56422e-27 2.59092e-27 3.50168e-26 6.84698e-20 1.67845e-14 4.97356e-10 1.78145e-06 0.000771298 0.040367 0.255373 0.195678 0.0427497 0.187914 0.173408 0.0373096 0.0415617 0.0144988 0.00662761 0.00245188 0.000920039 0.00027897 7.24001e-05 1.40781e-05 2.07525e-06 3.72071e-07
 2.56625e-27 2.59634e-27 3.97113e-26 7.83729e-20 1.92122e-14 5.69291e-10 2.03911e-06 0.000882855 0.0462054 0.292308 0.223871 0.0421199 0.163313 0.150545 0.0303386 0.0313982 0.0111025 0.0052863 0.00181387 0.000598705 0.000166969 3.93628e-05 6.96621e-06 8.16963e-07 7.65213e-08
 2.56672e-27 2.5975e-27 4.06312e-26 8.03131e-20 1.96878e-14 5.83384e-10 2.08958e-06 0.00090471 0.0473493 0.299545 0.229406 0.0427462 0.16419 0.151173 0.0271805 0.0239951 0.00820877 0.00353692 0.00123187 0.000406975 9.96473e-05 2.09316e-05 3.30263e-06 3.37961e-07 2.0024e-08
 2.56653e-27 2.59688e-27 3.99991e-26 7.89794e-20 1.93608e-14 5.73697e-10 2.05488e-06 0.000889687 0.046563 0.29457 0.225622 0.0436063 0.173394 0.159535 0.0262907 0.019827 0.00642728 0.00224977 0.000730354 0.000225163 5.54417e-05 1.05129e-05 1.43683e-06 1.28156e-07 5.96604e-09
 2.56588e-27 2.59516e-27 3.85005e-26 7.58182e-20 1.85859e-14 5.50734e-10 1.97264e-06 0.000854076 0.0446993 0.28278 0.216622 0.0437864 0.181088 0.16671 0.0289243 0.0240154 0.00751488 0.00216935 0.000629766 0.000161333 3.61904e-05 6.6629e-06 8.26261e-07 6.28909e-08 2.47023e-09
 2.56755e-27 2.59966e-27 4.24436e-26 8.41363e-20 2.0625e-14 6.11156e-10 2.18906e-06 0.000947778 0.0496033 0.313804 0.240298 0.0429459 0.158057 0.145375 0.0236532 0.0173671 0.00554113 0.00178719 0.000491318 0.000103998 1.92844e-05 3.07784e-06 3.58657e-07 2.44249e-08 8.12139e-10
 2.5678e-27 2.6003e-27 4.29837e-26 8.52755e-20 2.09043e-14 6.19431e-10 2.2187e-06 0.000960611 0.0502749 0.318053 0.243543 0.043007 0.156242 0.143654 0.0225283 0.0152237 0.00472106 0.00131997 0.000370601 8.41228e-05 1.35684e-05 1.73261e-06 1.6899e-07 1.05011e-08 3.07516e-10
 2.56564e-27 2.5944e-27 3.7731e-26 7.41944e-20 1.81878e-14 5.38939e-10 1.93039e-06 0.000835784 0.0437419 0.276724 0.212014 0.0448629 0.192517 0.177066 0.0273053 0.017703 0.00540382 0.00137341 0.000362503 7.39186e-05 1.2474e-05 1.49175e-06 1.14665e-07 5.8492e-09 1.52692e-10
 2.56424e-27 2.59067e-27 3.4491e-26 6.73597e-20 1.65124e-14 4.89292e-10 1.75256e-06 0.000758793 0.0397125 0.251232 0.192557 0.0453133 0.209615 0.192969 0.0323926 0.0253016 0.00769901 0.00186778 0.000475921 8.81189e-05 1.34258e-05 1.56392e-06 1.14584e-07 4.64057e-09 9.8672e-11
 2.56514e-27 2.5931e-27 3.66356e-26 7.18838e-20 1.76214e-14 5.22155e-10 1.87027e-06 0.000809756 0.0423797 0.268106 0.205431 0.0446981 0.195888 0.180284 0.0298223 0.022648 0.00713033 0.00213428 0.000552701 9.75239e-05 1.37788e-05 1.43434e-06 9.86899e-08 3.73544e-09 6.38404e-11
 2.56693e-27 2.59791e-27 4.08419e-26 8.07571e-20 1.97966e-14 5.86609e-10 2.10114e-06 0.000909712 0.047611 0.301201 0.23069 0.0439269 0.172273 0.158381 0.0239277 0.0147092 0.00458344 0.00133092 0.000365997 7.68515e-05 1.08114e-05 1.04572e-06 6.41231e-08 2.23581e-09 3.48605e-11
 2.56636e-27 2.59631e-27 3.93678e-26 7.76472e-20 1.90343e-14 5.6402e-10 2.02022e-06 0.00087468 0.0457776 0.289602 0.221847 0.0447891 0.185047 0.170077 0.0243388 0.012691 0.00379745 0.000871226 0.000229102 4.78194e-05 7.63714e-06 8.03298e-07 4.62913e-08 1.44037e-09 2.0438e-11
 2.5665e-27 2.59669e-27 3.97083e-26 7.83654e-20 1.92103e-14 5.69237e-10 2.03891e-06 0.00088277 0.046201 0.292281 0.22389 0.0446547 0.182589 0.16782 0.0241534 0.0128312 0.00376168 0.000726042 0.000172746 2.93705e-05 4.49545e-06 5.09498e-07 3.27474e-08 9.82491e-10 1.25002e-11
 2.56729e-27 2.59885e-27 4.16352e-26 8.24305e-20 2.02068e-14 5.98765e-10 2.14468e-06 0.000928563 0.0485976 0.307442 0.235457 0.0440036 0.169507 0.155765 0.0223213 0.0116886 0.00343284 0.000674154 0.000154552 2.21307e-05 2.82825e-06 2.81704e-07 1.89056e-08 6.26117e-10 7.84302e-12
 2.5674e-27 2.59913e-27 4.1865e-26 8.29153e-20 2.03257e-14 6.02287e-10 2.15729e-06 0.000934024 0.0488834 0.30925 0.236838 0.044028 0.168723 0.155019 0.0217854 0.0106539 0.00311802 0.000603606 0.000138529 1.9913e-05 2.29502e-06 1.86038e-07 1.05864e-08 3.54247e-10 4.81249e-12
 2.5672e-27 2.59858e-27 4.13638e-26 8.18578e-20 2.00665e-14 5.94605e-10 2.12978e-06 0.000922112 0.04826 0.305306 0.23383 0.0442932 0.172854 0.158805 0.0219778 0.0101384 0.00294042 0.000531827 0.000119939 1.70376e-05 1.96586e-06 1.50129e-07 7.00143e-09 1.95511e-10 2.61268e-12
 2.56769e-27 2.5999e-27 4.25432e-26 8.43459e-20 2.06764e-14 6.12678e-10 2.19451e-06 0.000950139 0.0497269 0.314586 0.24091 0.043899 0.16488 0.151457 0.0208571 0.00943159 0.00271818 0.000464349 0.000101898 1.36144e-05 1.53739e-06 1.1647e-07 5.183e-09 1.20963e-10 1.34523e-12
 2.56761e-27 2.59968e-27 4.23374e-26 8.39116e-20 2.05699e-14 6.09524e-10 2.18321e-06 0.000945247 0.0494708 0.312966 0.239675 0.0440079 0.166576 0.153011 0.0209324 0.00921194 0.00264777 0.00044362 9.58131e-05 1.21187e-05 1.30324e-06 9.40547e-08 4.11633e-09 9.16551e-11 8.68158e-13
 2.56817e-27 2.60121e-27 4.36815e-26 8.67471e-20 2.1265e-14 6.3012e-10 2.25698e-06 0.000977188 0.0511425 0.323542 0.247745 0.0436986 0.158553 0.145584 0.0191947 0.00711961 0.00202948 0.000331335 7.08485e-05 8.77979e-06 9.11681e-07 6.19515e-08 2.56447e-09 5.54368e-11 4.99608e-13
 2.56771e-27 2.59993e-27 4.25363e-26 8.43313e-20 2.06728e-14 6.12572e-10 2.19413e-06 0.000949975 0.0497183 0.314532 0.240872 0.0441431 0.166764 0.153139 0.0201251 0.00733748 0.0020623 0.000287902 5.86785e-05 7.09237e-06 7.23929e-07 4.76466e-08 1.86123e-09 3.78641e-11 3.28044e-13
 2.56771e-27 2.59992e-27 4.25162e-26 8.42887e-20 2.06624e-14 6.12263e-10 2.19302e-06 0.000949495 0.0496931 0.314373 0.240753 0.0442895 0.167962 0.15421 0.0196958 0.00608965 0.00169793 0.000233259 4.60599e-05 4.82719e-06 4.6575e-07 2.98697e-08 1.13197e-09 2.18078e-11 1.77524e-13
 2.56785e-27 2.60031e-27 4.28762e-26 8.50484e-20 2.08486e-14 6.17781e-10 2.21279e-06 0.000958052 0.050141 0.317206 0.242913 0.0440686 0.164763 0.151286 0.0196901 0.00681078 0.0018888 0.00022536 4.23044e-05 4.33688e-06 3.87297e-07 2.19974e-08 7.98318e-10 1.48885e-11 1.15178e-13
 2.56899e-27 2.60344e-27 4.56683e-26 9.09386e-20 2.22925e-14 6.60567e-10 2.36604e-06 0.0010244 0.0536136 0.339175 0.259671 0.0429837 0.144734 0.132861 0.0174718 0.0063918 0.00178841 0.00023451 4.45873e-05 4.01977e-06 3.38791e-07 1.82121e-08 5.8744e-10 1.0169e-11 7.57701e-14
#obs surv len freq
 1.24761e-41 1.7316e-33 2.90511e-26 5.89151e-20 1.44423e-14 4.27953e-10 1.53286e-06 0.000663675 0.0347341 0.219739 0.168522 0.0416978 0.170092 0.142432 0.0894366 0.0847007 0.0333084 0.0119793 0.00241119 0.0002691 1.22878e-05 1.68061e-07 5.20001e-10 2.96583e-13 2.72478e-17
 1.5606e-41 2.16601e-33 3.63394e-26 7.36955e-20 1.80656e-14 5.35316e-10 1.91742e-06 0.000830175 0.043448 0.274865 0.210652 0.0426961 0.142228 0.113306 0.0739514 0.064427 0.0241955 0.00786256 0.00139916 0.000132233 4.8876e-06 5.1564e-08 1.18411e-10 4.89223e-14 3.21186e-18
 1.2921e-41 1.79335e-33 3.00872e-26 6.10163e-20 1.49574e-14 4.43216e-10 1.58753e-06 0.000687345 0.0359729 0.227576 0.174782 0.0517374 0.203957 0.149949 0.073333 0.0554284 0.019822 0.00578147 0.000898846 7.06227e-05 2.07308e-06 1.66982e-08 2.83882e-11 8.4973e-15 3.98742e-19
 1.55638e-41 2.16016e-33 3.62411e-26 7.34963e-20 1.80167e-14 5.33869e-10 1.91223e-06 0.000827931 0.0433306 0.274123 0.210257 0.0473842 0.149849 0.109673 0.0849397 0.0597228 0.0156632 0.00369853 0.000496404 3.20074e-05 7.33716e-07 4.44628e-09 5.55202e-12 1.20143e-15 4.03188e-20
 1.54029e-41 2.13782e-33 3.58664e-26 7.27363e-20 1.78304e-14 5.28349e-10 1.89246e-06 0.000819369 0.0428825 0.271289 0.208334 0.0552795 0.179713 0.118558 0.0639379 0.0417495 0.0142173 0.00292612 0.000277587 1.38971e-05 2.4545e-07 1.10518e-09 1.0028e-12 1.55807e-16 3.7281e-21
 1.34988e-41 1.87355e-33 3.14327e-26 6.37448e-20 1.56263e-14 4.63036e-10 1.65852e-06 0.000718081 0.0375815 0.237755 0.182976 0.0612536 0.205507 0.131101 0.0832317 0.0465085 0.0110237 0.00213753 0.000198428 7.0914e-06 8.82833e-08 2.89187e-10 1.88935e-13 2.09121e-17 3.54543e-22
 1.56774e-41 2.17592e-33 3.65055e-26 7.40324e-20 1.81482e-14 5.37764e-10 1.92618e-06 0.00083397 0.0436467 0.276125 0.212246 0.0581511 0.165698 0.104945 0.0827937 0.0435623 0.0103486 0.00153683 0.000107945 3.35158e-06 3.04915e-08 6.74654e-11 3.05978e-14 2.3844e-18 2.84632e-23
 1.73244e-41 2.40451e-33 4.03407e-26 8.18101e-20 2.00548e-14 5.9426e-10 2.12854e-06 0.000921586 0.0482321 0.305134 0.234601 0.0628476 0.163468 0.092755 0.0563683 0.0274889 0.0071343 0.000988879 5.59465e-05 1.24588e-06 8.69224e-09 1.40477e-11 4.31275e-15 2.26337e-19 1.85539e-24
 1.65598e-41 2.29839e-33 3.85602e-26 7.81993e-20 1.91696e-14 5.68032e-10 2.0346e-06 0.00088091 0.0461033 0.291669 0.224723 0.0712681 0.184853 0.0980528 0.0551751 0.0223106 0.00437918 0.000552812 2.94656e-05 5.21433e-07 2.56489e-09 2.94759e-12 6.49869e-16 2.36685e-20 1.31033e-25
 1.53161e-41 2.12577e-33 3.56642e-26 7.23263e-20 1.77299e-14 5.2537e-10 1.88179e-06 0.000814751 0.0426408 0.269767 0.208438 0.0784884 0.199706 0.104865 0.0669386 0.0240169 0.00393594 0.000371345 1.53417e-05 2.32011e-07 8.98549e-10 7.31396e-13 1.10906e-16 2.81543e-21 1.09206e-26
 1.46618e-41 2.03496e-33 3.41406e-26 6.92365e-20 1.69725e-14 5.02926e-10 1.8014e-06 0.000779944 0.0408192 0.258246 0.200077 0.0842 0.203869 0.107394 0.0751187 0.0251261 0.0040456 0.00031304 9.30626e-06 1.00305e-07 2.98271e-10 1.86604e-13 2.04967e-17 3.60284e-22 9.56419e-28
 1.88368e-41 2.61443e-33 4.38625e-26 8.89522e-20 2.18056e-14 6.4614e-10 2.31437e-06 0.00100204 0.0524428 0.331779 0.25584 0.0729315 0.140597 0.073602 0.0525378 0.0164558 0.00262223 0.000183129 4.52403e-06 3.48063e-08 7.01975e-11 3.1081e-14 2.5093e-18 3.22954e-23 6.11565e-29
 1.56749e-41 2.17557e-33 3.64997e-26 7.40206e-20 1.81453e-14 5.37678e-10 1.92587e-06 0.000833837 0.0436397 0.276099 0.215028 0.102304 0.213952 0.0904164 0.0432976 0.0123863 0.00191575 0.000122906 2.70835e-06 1.68862e-08 2.46967e-11 7.37802e-15 4.01358e-19 3.59075e-24 4.8476e-30
 1.27334e-41 1.76731e-33 2.96503e-26 6.01302e-20 1.47402e-14 4.36779e-10 1.56447e-06 0.000677363 0.0354505 0.224301 0.176571 0.113787 0.233515 0.119226 0.0777177 0.0169287 0.00172744 9.3334e-05 1.81083e-06 9.54013e-09 1.11044e-11 2.45355e-15 9.27541e-20 5.58371e-25 5.06538e-31
 1.14735e-41 1.59245e-33 2.67166e-26 5.41808e-20 1.32818e-14 3.93564e-10 1.40968e-06 0.000610343 0.031943 0.20212 0.160393 0.117371 0.227251 0.135338 0.0981462 0.0239264 0.00278948 0.000107386 1.43876e-06 6.02867e-09 5.65877e-12 9.76909e-16 2.77408e-20 1.20542e-25 7.63343e-32
 1.56056e-41 2.16596e-33 3.63384e-26 7.36936e-20 1.80651e-14 5.35302e-10 1.91737e-06 0.000830153 0.0434469 0.274896 0.215277 0.100854 0.165505 0.104035 0.073656 0.0190001 0.002401 9.7039e-05 1.11593e-06 3.17607e-09 2.0957e-12 2.72539e-16 5.89653e-21 1.92621e-26 8.99867e-33
 1.40687e-41 1.95264e-33 3.27597e-26 6.64359e-20 1.6286e-14 4.82584e-10 1.72854e-06 0.000748396 0.0391682 0.247856 0.197645 0.135892 0.2151 0.0972536 0.0516714 0.0129809 0.00161498 6.66767e-05 7.64295e-07 1.93046e-09 9.4571e-13 8.34254e-17 1.25041e-21 2.94705e-27 1.01244e-33
 1.46338e-41 2.03108e-33 3.40755e-26 6.91045e-20 1.69401e-14 5.01968e-10 1.79797e-06 0.000778457 0.0407414 0.257819 0.205599 0.130144 0.190191 0.107393 0.0567222 0.0096826 0.000893464 3.34804e-05 3.59317e-07 8.4091e-10 3.60855e-13 2.5414e-17 2.76241e-22 4.4693e-28 1.04792e-34
 1.43892e-41 1.99713e-33 3.35059e-26 6.79493e-20 1.6657e-14 4.93577e-10 1.76791e-06 0.000765445 0.0400605 0.25354 0.204402 0.144293 0.195644 0.101846 0.0495011 0.00920243 0.000725711 1.84573e-05 1.53212e-07 3.05899e-10 1.13027e-13 6.7277e-18 5.96358e-23 7.5012e-29 1.29972e-35
 1.55932e-41 2.16424e-33 3.63096e-26 7.36351e-20 1.80508e-14 5.34878e-10 1.91585e-06 0.000829495 0.0434126 0.274766 0.221312 0.141328 0.174911 0.094787 0.0415704 0.00659889 0.000471333 1.06236e-05 6.35633e-08 8.85501e-11 2.48916e-14 1.1825e-18 8.43542e-24 8.47775e-30 1.15681e-36
 1.50256e-41 2.08546e-33 3.49879e-26 7.09547e-20 1.73937e-14 5.15407e-10 1.8461e-06 0.0007993 0.0418324 0.264823 0.216904 0.160511 0.184865 0.0899736 0.0348114 0.00515861 0.000313322 5.85056e-06 2.90414e-08 3.05849e-11 5.96117e-15 1.97553e-19 1.02869e-24 7.80529e-31 8.15943e-38
 1.54976e-41 2.15096e-33 3.60868e-26 7.31834e-20 1.794e-14 5.31596e-10 1.90409e-06 0.000824405 0.0431465 0.273174 0.224689 0.160227 0.172607 0.0900886 0.0312168 0.00382801 0.000194358 3.00578e-06 1.1789e-08 9.68419e-12 1.43596e-15 3.43751e-20 1.24236e-25 6.50438e-32 4.77514e-39
 1.55573e-41 2.15925e-33 3.62258e-26 7.34652e-20 1.80091e-14 5.33644e-10 1.91143e-06 0.000827581 0.0433128 0.274295 0.228502 0.170707 0.170152 0.0830075 0.0260719 0.00299562 0.000125835 1.51618e-06 4.62593e-09 2.90709e-12 3.24003e-16 5.78334e-21 1.53955e-26 5.81157e-33 3.00695e-40
 1.59309e-41 2.21111e-33 3.70959e-26 7.52297e-20 1.84417e-14 5.46461e-10 1.95733e-06 0.000847458 0.0443533 0.280948 0.235935 0.173985 0.162016 0.0781032 0.0215941 0.00213806 7.68927e-05 7.61201e-07 1.76924e-09 8.24479e-13 6.79735e-17 8.92899e-22 1.73836e-27 4.78137e-34 1.79684e-41
 1.58635e-41 2.20175e-33 3.69389e-26 7.49114e-20 1.83637e-14 5.44149e-10 1.94905e-06 0.000843872 0.044166 0.279874 0.238908 0.184306 0.160056 0.0724964 0.017761 0.00154149 4.54834e-05 3.60584e-07 6.58715e-10 2.32032e-13 1.39724e-17 1.3238e-22 1.85751e-28 3.68436e-35 9.97596e-43
 1.37239e-41 1.90478e-33 3.19567e-26 6.48075e-20 1.58868e-14 4.70755e-10 1.68617e-06 0.000730053 0.0382098 0.242422 0.218753 0.217016 0.183225 0.0809468 0.0173821 0.00128275 3.10837e-05 1.95322e-07 2.73366e-10 7.26821e-14 3.2612e-18 2.2615e-23 2.28484e-29 3.23283e-36 6.22661e-44
 1.39985e-41 1.9429e-33 3.25962e-26 6.61044e-20 1.62047e-14 4.80175e-10 1.71991e-06 0.000744662 0.0389749 0.24736 0.223457 0.205202 0.176833 0.088712 0.0175607 0.00113153 2.2323e-05 1.09882e-07 1.17344e-10 2.32877e-14 7.68781e-19 3.89628e-24 2.86376e-30 2.93022e-37 4.0523e-45
 1.46835e-41 2.03798e-33 3.41913e-26 6.93393e-20 1.69977e-14 5.03673e-10 1.80408e-06 0.000781104 0.040882 0.259411 0.232063 0.202587 0.168882 0.078352 0.0159545 0.00106531 1.93827e-05 8.21999e-08 7.29418e-11 1.18308e-14 3.16691e-19 1.29448e-24 7.64515e-31 6.27576e-38 6.96096e-46
 1.46837e-41 2.038e-33 3.41917e-26 6.934e-20 1.69979e-14 5.03679e-10 1.80409e-06 0.000781112 0.0408825 0.259414 0.232066 0.202591 0.168969 0.0785256 0.0157549 0.000997115 1.68414e-05 6.49122e-08 5.14952e-11 7.38523e-15 1.73457e-19 6.18999e-25 3.18039e-31 2.26542e-38 2.1764e-46
#pred catch len freq
 2.55844e-27 2.57538e-27 2.15297e-26 4.0019e-20 9.81017e-15 2.90693e-10 1.04121e-06 0.000450805 0.0235935 0.14926 0.114677 0.0443558 0.257043 0.237206 0.048413 0.0510716 0.0211957 0.0153854 0.00934514 0.00706565 0.00554827 0.00482232 0.00487796 0.00435497 0.00133309
 2.56006e-27 2.58014e-27 2.60286e-26 4.95106e-20 1.21369e-14 3.59639e-10 1.28817e-06 0.000557727 0.0291894 0.184661 0.14165 0.040673 0.210069 0.19474 0.0570536 0.0813627 0.0287323 0.0137574 0.00632155 0.0036625 0.00235321 0.00175395 0.00157576 0.00141175 0.000474237
 2.56088e-27 2.58218e-27 2.76e-26 5.28247e-20 1.29493e-14 3.83712e-10 1.37439e-06 0.00059506 0.0311433 0.197022 0.151118 0.0425386 0.217612 0.201095 0.047147 0.0573746 0.0246241 0.0180544 0.00650627 0.00245656 0.00109106 0.000624737 0.000465864 0.000393709 0.000137205
 2.56125e-27 2.58309e-27 2.83096e-26 5.43213e-20 1.33162e-14 3.94583e-10 1.41333e-06 0.000611918 0.0320256 0.202603 0.155388 0.043032 0.218368 0.201756 0.0466762 0.055939 0.0211864 0.0124098 0.00595628 0.0027219 0.000765913 0.000270774 0.00014478 0.000105851 3.66145e-05
 2.56299e-27 2.58767e-27 3.22303e-26 6.25919e-20 1.53436e-14 4.5466e-10 1.62851e-06 0.000705085 0.0369016 0.23345 0.178941 0.0429352 0.201084 0.185626 0.0406002 0.0460848 0.0173165 0.00980873 0.00392408 0.00173721 0.000647059 0.000158396 4.59707e-05 2.45444e-05 7.99291e-06
 2.56242e-27 2.58601e-27 3.06395e-26 5.92354e-20 1.45208e-14 4.30279e-10 1.54119e-06 0.000667275 0.0349227 0.220931 0.169405 0.0443827 0.218799 0.201795 0.0402409 0.0411411 0.0149908 0.00785896 0.00307782 0.00123186 0.000406082 0.000117363 2.24219e-05 6.24685e-06 1.72309e-06
 2.56278e-27 2.58699e-27 3.15093e-26 6.10704e-20 1.49707e-14 4.43608e-10 1.58893e-06 0.000687945 0.0360046 0.227775 0.174625 0.0440486 0.212589 0.19612 0.0402582 0.0425696 0.0148092 0.0067221 0.00248457 0.000931851 0.000282527 7.33218e-05 1.42573e-05 2.10166e-06 3.76807e-07
 2.56481e-27 2.59241e-27 3.62155e-26 7.09982e-20 1.74044e-14 5.15722e-10 1.84723e-06 0.00079978 0.0418576 0.264803 0.202888 0.0433789 0.187636 0.172938 0.0333654 0.032666 0.0115165 0.00544544 0.0018669 0.000615888 0.000171745 4.04878e-05 7.16529e-06 8.40309e-07 7.8708e-08
 2.56574e-27 2.59481e-27 3.82216e-26 7.52299e-20 1.84417e-14 5.46461e-10 1.95733e-06 0.000847449 0.0443524 0.280586 0.214945 0.043717 0.181738 0.167308 0.028988 0.0240541 0.00820443 0.00351 0.00122136 0.000403299 9.87381e-05 2.07401e-05 3.2724e-06 3.34867e-07 1.98407e-08
 2.56537e-27 2.59371e-27 3.71553e-26 7.29801e-20 1.78902e-14 5.30118e-10 1.89879e-06 0.000822106 0.043026 0.272195 0.208554 0.0447271 0.193915 0.178408 0.0284887 0.0200878 0.00649322 0.00225621 0.000731661 0.000225445 5.55058e-05 1.05248e-05 1.43845e-06 1.283e-07 5.97277e-09
 2.56524e-27 2.5934e-27 3.69129e-26 7.24687e-20 1.77648e-14 5.26404e-10 1.88549e-06 0.000816345 0.0427246 0.270288 0.207094 0.0445222 0.193381 0.177993 0.0298248 0.0232271 0.00725088 0.00207761 0.000602398 0.000154233 3.45938e-05 6.36879e-06 7.89785e-07 6.01145e-08 2.36118e-09
 2.56672e-27 2.59736e-27 4.03839e-26 7.9791e-20 1.95598e-14 5.79592e-10 2.076e-06 0.00089883 0.0470415 0.297598 0.227936 0.0437951 0.173204 0.159298 0.0251356 0.0172418 0.00548584 0.00175634 0.000482327 0.000102034 1.89177e-05 3.01922e-06 3.51824e-07 2.39596e-08 7.96667e-10
 2.56702e-27 2.59817e-27 4.10739e-26 8.12465e-20 1.99166e-14 5.90164e-10 2.11387e-06 0.000915225 0.0478996 0.303026 0.232082 0.0438016 0.170342 0.156613 0.0238783 0.0150393 0.00465115 0.00129076 0.000361953 8.2112e-05 1.32425e-05 1.69093e-06 1.64925e-07 1.02484e-08 3.00118e-10
 2.56496e-27 2.59252e-27 3.60333e-26 7.06129e-20 1.73099e-14 5.12923e-10 1.8372e-06 0.000795439 0.0416304 0.263366 0.201826 0.0456178 0.20542 0.188914 0.0283563 0.0171161 0.00521064 0.00131445 0.000346486 7.06097e-05 1.19141e-05 1.42474e-06 1.09513e-07 5.58641e-09 1.45832e-10
 2.56397e-27 2.58989e-27 3.37719e-26 6.58425e-20 1.61405e-14 4.78272e-10 1.71309e-06 0.000741702 0.038818 0.245574 0.188244 0.0457947 0.216309 0.199083 0.0323429 0.0236479 0.00717954 0.0017288 0.000439912 8.14016e-05 1.24006e-05 1.44445e-06 1.0583e-07 4.28603e-09 9.11334e-11
 2.56514e-27 2.59308e-27 3.65965e-26 7.18012e-20 1.76012e-14 5.21555e-10 1.86812e-06 0.000808825 0.042331 0.267798 0.2052 0.0449404 0.197894 0.182082 0.0291778 0.0207229 0.00650729 0.00193339 0.000500127 8.81932e-05 1.24587e-05 1.29687e-06 8.92306e-08 3.3774e-09 5.77213e-11
 2.56688e-27 2.59776e-27 4.06877e-26 8.04318e-20 1.97169e-14 5.84246e-10 2.09267e-06 0.000906047 0.0474192 0.299987 0.229766 0.0441313 0.174477 0.160378 0.0236183 0.013499 0.00419379 0.00120874 0.000332008 6.96735e-05 9.80038e-06 9.47899e-07 5.81242e-08 2.02664e-09 3.15991e-11
 2.56643e-27 2.59648e-27 3.95037e-26 7.79339e-20 1.91046e-14 5.66102e-10 2.02768e-06 0.000877909 0.0459466 0.290671 0.222664 0.0448697 0.185086 0.170085 0.0238206 0.0115068 0.00343245 0.000781632 0.000205241 4.28133e-05 6.83676e-06 7.19088e-07 4.14382e-08 1.28936e-09 1.82953e-11
 2.56656e-27 2.59684e-27 3.98321e-26 7.86267e-20 1.92744e-14 5.71134e-10 2.04571e-06 0.000885713 0.046355 0.293255 0.224635 0.0447392 0.182708 0.167902 0.0236394 0.0116384 0.00340226 0.000651844 0.000154832 2.63081e-05 4.0261e-06 4.56288e-07 2.93272e-08 8.79877e-10 1.11946e-11
 2.5673e-27 2.59886e-27 4.16302e-26 8.24199e-20 2.02043e-14 5.98688e-10 2.1444e-06 0.000928443 0.0485914 0.307403 0.235428 0.0441225 0.170432 0.156591 0.0219586 0.0106535 0.00311972 0.000608153 0.000139195 1.99191e-05 2.54517e-06 2.53498e-07 1.70125e-08 5.6342e-10 7.05765e-12
 2.5675e-27 2.59938e-27 4.20804e-26 8.33695e-20 2.0437e-14 6.05586e-10 2.16911e-06 0.000939141 0.0491512 0.310944 0.238132 0.0440576 0.168039 0.154365 0.0212599 0.00962017 0.00280679 0.000539361 0.000123581 1.77531e-05 2.04574e-06 1.65823e-07 9.436e-09 3.15751e-10 4.28952e-12
 2.56738e-27 2.59907e-27 4.17895e-26 8.27559e-20 2.02866e-14 6.01128e-10 2.15314e-06 0.000932228 0.0487894 0.308656 0.236387 0.0442403 0.170655 0.156758 0.021286 0.00907645 0.00262401 0.000471135 0.000106064 1.50572e-05 1.73705e-06 1.3265e-07 6.1862e-09 1.72746e-10 2.30846e-12
 2.56781e-27 2.60022e-27 4.28163e-26 8.49221e-20 2.08176e-14 6.16863e-10 2.2095e-06 0.00095663 0.0500665 0.316735 0.242551 0.0438938 0.163688 0.150338 0.0203211 0.00849127 0.00243933 0.000413693 9.06139e-05 1.2099e-05 1.36602e-06 1.03483e-07 4.60501e-09 1.07474e-10 1.19521e-12
 2.56803e-27 2.60082e-27 4.33479e-26 8.60435e-20 2.10925e-14 6.25009e-10 2.23868e-06 0.000969262 0.0507277 0.320917 0.245742 0.0437309 0.160206 0.147126 0.0197662 0.00803453 0.00230178 0.000382865 8.25356e-05 1.04327e-05 1.12172e-06 8.09502e-08 3.54278e-09 7.88841e-11 7.4719e-13
 2.5685e-27 2.6021e-27 4.44681e-26 8.84067e-20 2.16718e-14 6.42175e-10 2.30016e-06 0.000995883 0.0521209 0.329731 0.252468 0.0434769 0.153547 0.140961 0.0183058 0.00625656 0.0017766 0.000287961 6.14551e-05 7.6109e-06 7.90153e-07 5.36906e-08 2.22249e-09 4.80441e-11 4.32983e-13
 2.56838e-27 2.60176e-27 4.41607e-26 8.77582e-20 2.15129e-14 6.37464e-10 2.28329e-06 0.000988578 0.0517386 0.327313 0.250623 0.0436098 0.155855 0.143082 0.0185257 0.00622257 0.0017423 0.000241531 4.91162e-05 5.93278e-06 6.05449e-07 3.98467e-08 1.55653e-09 3.16652e-11 2.74339e-13
 2.56823e-27 2.60133e-27 4.37675e-26 8.69285e-20 2.13095e-14 6.31437e-10 2.2617e-06 0.000979231 0.0512494 0.324218 0.248265 0.0438762 0.15954 0.146446 0.0184715 0.00525263 0.00145799 0.000198903 3.91866e-05 4.10425e-06 3.95907e-07 2.53892e-08 9.62163e-10 1.85364e-11 1.50893e-13
 2.56825e-27 2.6014e-27 4.3837e-26 8.70751e-20 2.13454e-14 6.32503e-10 2.26552e-06 0.000980883 0.0513359 0.324765 0.248681 0.0437752 0.158478 0.145487 0.0186704 0.00594614 0.00164258 0.000194671 3.64478e-05 3.73409e-06 3.3339e-07 1.89346e-08 6.87156e-10 1.28153e-11 9.91395e-14
 2.5673e-27 2.5988e-27 4.15203e-26 8.21878e-20 2.01474e-14 5.97002e-10 2.13836e-06 0.000925829 0.0484545 0.306537 0.234775 0.0445938 0.174478 0.160223 0.0207577 0.00699631 0.00195023 0.00025397 4.81732e-05 4.34038e-06 3.65717e-07 1.96585e-08 6.34085e-10 1.09764e-11 8.17863e-14
#obs catch len freq
 5.9939e-42 8.31913e-34 1.39571e-26 2.83047e-20 6.93855e-15 2.05602e-10 7.36433e-07 0.00031885 0.0166873 0.10557 0.0813816 0.0424863 0.227552 0.192068 0.131475 0.126956 0.0517315 0.0192349 0.00404503 0.000470335 2.24698e-05 3.22361e-07 1.0429e-09 6.18232e-13 5.87126e-17
 6.85162e-42 9.5096e-34 1.59543e-26 3.2355e-20 7.93146e-15 2.35024e-10 8.41816e-07 0.000364477 0.0190753 0.120677 0.0930274 0.0461553 0.229764 0.184514 0.129134 0.114394 0.0446795 0.0150842 0.00283592 0.000282617 1.09563e-05 1.20758e-07 2.88945e-10 1.23878e-13 8.3983e-18
 1.03337e-41 1.43425e-33 2.40625e-26 4.87982e-20 1.19623e-14 3.54465e-10 1.26964e-06 0.000549709 0.0287696 0.182006 0.139929 0.048234 0.202412 0.154425 0.109937 0.0889401 0.0330036 0.0100009 0.00164974 0.000138028 4.29113e-06 3.61979e-08 6.39537e-11 1.98031e-14 9.57804e-19
 8.81942e-42 1.22408e-33 2.05364e-26 4.16475e-20 1.02094e-14 3.02523e-10 1.08359e-06 0.000469156 0.0245538 0.155337 0.119898 0.0600938 0.262325 0.183079 0.0957856 0.0673915 0.0236864 0.00639987 0.000914764 6.30587e-05 1.54366e-06 9.87403e-09 1.28548e-11 2.87568e-15 9.92593e-20
 1.21245e-41 1.6828e-33 2.82325e-26 5.72549e-20 1.40354e-14 4.15893e-10 1.48966e-06 0.000644973 0.0337553 0.213548 0.164247 0.0540016 0.193802 0.136026 0.110635 0.070763 0.0180827 0.00397782 0.000486913 2.72891e-05 5.17367e-07 2.47477e-09 2.35683e-12 3.80181e-16 9.37055e-21
 1.28497e-41 1.78345e-33 2.9921e-26 6.06793e-20 1.48748e-14 4.40768e-10 1.57876e-06 0.000683548 0.0357742 0.226321 0.174314 0.0635565 0.219794 0.1375 0.0771147 0.046552 0.0152948 0.00283716 0.000245597 1.0658e-05 1.54478e-07 5.45978e-10 3.765e-13 4.35095e-17 7.63542e-22
 1.17474e-41 1.63046e-33 2.73544e-26 5.54742e-20 1.35989e-14 4.02959e-10 1.44333e-06 0.000624913 0.0327055 0.206909 0.159776 0.0695128 0.23507 0.142745 0.0927694 0.0470288 0.0107793 0.00191517 0.000157207 4.8071e-06 4.91137e-08 1.25818e-10 6.22795e-14 5.11742e-18 6.3554e-23
 1.45851e-41 2.02432e-33 3.39622e-26 6.88746e-20 1.68838e-14 5.00298e-10 1.79199e-06 0.000775868 0.0406058 0.256889 0.197868 0.0647 0.18451 0.112153 0.0890307 0.042475 0.00962244 0.00128483 8.08157e-05 2.11721e-06 1.55749e-08 2.69214e-11 9.24352e-15 5.34012e-19 4.66498e-24
 1.6773e-41 2.32799e-33 3.90568e-26 7.92065e-20 1.94165e-14 5.75347e-10 2.0608e-06 0.000892255 0.0466971 0.295425 0.227507 0.0689005 0.175328 0.0946529 0.0576982 0.0257634 0.00631625 0.000777617 3.8623e-05 7.25542e-07 4.07669e-09 5.10318e-12 1.18373e-15 4.60557e-20 2.76146e-25
 1.64223e-41 2.2793e-33 3.824e-26 7.755e-20 1.90105e-14 5.63315e-10 2.0177e-06 0.000873595 0.0457205 0.28925 0.223238 0.0771597 0.190442 0.0959877 0.0536167 0.0196302 0.00364901 0.000411904 1.89701e-05 2.78493e-07 1.09768e-09 9.75975e-13 1.62086e-16 4.37107e-21 1.7708e-26
 1.55633e-41 2.16008e-33 3.62399e-26 7.34937e-20 1.80161e-14 5.33851e-10 1.91217e-06 0.000827902 0.0433291 0.274124 0.212165 0.0839537 0.19938 0.100189 0.0624858 0.0201805 0.00309394 0.000258913 9.29934e-06 1.15803e-07 3.54971e-10 2.22367e-13 2.53733e-17 4.76508e-22 1.35172e-27
 1.51946e-41 2.10891e-33 3.53813e-26 7.17525e-20 1.75893e-14 5.21203e-10 1.86686e-06 0.000808287 0.0423026 0.267633 0.207679 0.0891679 0.199246 0.101207 0.0681153 0.0205681 0.003058 0.000206682 5.29017e-06 4.70068e-08 1.10443e-10 5.28514e-14 4.35197e-18 5.65403e-23 1.09746e-28
 1.92887e-41 2.67715e-33 4.49147e-26 9.10861e-20 2.23287e-14 6.6164e-10 2.36989e-06 0.00102608 0.0537009 0.339741 0.262255 0.0761944 0.135883 0.068998 0.0468407 0.0133013 0.00193752 0.000117328 2.45558e-06 1.54119e-08 2.45327e-11 8.30802e-15 5.01683e-19 4.76202e-24 6.58998e-30
 1.62262e-41 2.25209e-33 3.77836e-26 7.66243e-20 1.87835e-14 5.56591e-10 1.99362e-06 0.000863167 0.0451748 0.285816 0.223051 0.107234 0.205549 0.0828227 0.0380806 0.00993638 0.00139165 7.70872e-05 1.42332e-06 7.1554e-09 8.19022e-12 1.86718e-15 7.59651e-20 5.00757e-25 4.93238e-31
 1.33703e-41 1.85571e-33 3.11333e-26 6.31378e-20 1.54775e-14 4.58626e-10 1.64272e-06 0.000711243 0.0372237 0.235527 0.185963 0.120107 0.225709 0.11241 0.0678571 0.0131998 0.00123153 5.76582e-05 9.30234e-07 3.91978e-09 3.54242e-12 5.94143e-16 1.67662e-20 7.43725e-26 4.92268e-32
 1.21873e-41 1.69151e-33 2.83786e-26 5.75513e-20 1.4108e-14 4.18047e-10 1.49738e-06 0.000648312 0.0339301 0.214703 0.170955 0.124063 0.220045 0.129251 0.0855082 0.0188913 0.00193958 6.35889e-05 7.13807e-07 2.38858e-09 1.73081e-12 2.25697e-16 4.76851e-21 1.52492e-26 7.04845e-33
 1.63727e-41 2.27242e-33 3.81246e-26 7.73159e-20 1.89531e-14 5.61614e-10 2.01161e-06 0.000870958 0.0455825 0.288416 0.226322 0.104678 0.157289 0.0976497 0.0627396 0.0147667 0.00162855 5.54659e-05 5.20667e-07 1.17852e-09 6.01298e-13 5.8923e-17 9.45515e-22 2.2679e-27 7.72413e-34
 1.4856e-41 2.06191e-33 3.45929e-26 7.01537e-20 1.71974e-14 5.09589e-10 1.82526e-06 0.000790277 0.04136 0.26174 0.209363 0.140479 0.202501 0.0890613 0.043581 0.0100024 0.00108243 3.75204e-05 3.46981e-07 6.86514e-10 2.57758e-13 1.71182e-17 1.90153e-22 3.28345e-28 8.20531e-35
 1.5463e-41 2.14616e-33 3.60063e-26 7.302e-20 1.79e-14 5.30409e-10 1.89984e-06 0.000822565 0.0430499 0.272442 0.217878 0.133901 0.178856 0.0986975 0.0465629 0.00718518 0.000585289 1.84024e-05 1.58451e-07 2.88074e-10 9.39061e-14 4.94846e-18 3.97916e-23 4.71809e-29 8.04321e-36
 1.52528e-41 2.11699e-33 3.55169e-26 7.20276e-20 1.76567e-14 5.23201e-10 1.87402e-06 0.000811386 0.0424649 0.268777 0.217355 0.14763 0.182758 0.0925518 0.0404343 0.00674962 0.000455674 9.73597e-06 6.51666e-08 1.0069e-10 2.80994e-14 1.2445e-18 8.12696e-24 7.47757e-30 9.4247e-37
 1.64675e-41 2.28558e-33 3.83454e-26 7.77636e-20 1.90628e-14 5.64867e-10 2.02326e-06 0.000876002 0.0458467 0.290194 0.23437 0.143301 0.162133 0.0850396 0.0332164 0.00472712 0.000288917 5.36973e-06 2.56368e-08 2.76932e-11 5.87373e-15 2.06848e-19 1.08273e-24 7.93278e-31 7.85501e-38
 1.59211e-41 2.20974e-33 3.70729e-26 7.51831e-20 1.84303e-14 5.46122e-10 1.95612e-06 0.000846933 0.0443255 0.280635 0.230552 0.162007 0.17046 0.0798136 0.0275385 0.00362924 0.000186952 2.86979e-06 1.12684e-08 9.12196e-12 1.33894e-15 3.28761e-20 1.25322e-25 6.90938e-32 5.22495e-39
 1.64108e-41 2.27772e-33 3.82134e-26 7.74961e-20 1.89972e-14 5.62923e-10 2.0163e-06 0.000872988 0.0456892 0.289308 0.238612 0.160755 0.158736 0.0790821 0.0242025 0.00262701 0.000112724 1.42151e-06 4.3873e-09 2.75813e-12 3.0661e-16 5.42691e-21 1.43565e-26 5.45868e-33 2.89325e-40
 1.64778e-41 2.28701e-33 3.83694e-26 7.78123e-20 1.90748e-14 5.6522e-10 2.02453e-06 0.000876551 0.0458759 0.290571 0.242708 0.170279 0.155601 0.0720131 0.0199906 0.00201155 7.06688e-05 6.91256e-07 1.65191e-09 7.91063e-13 6.59014e-17 8.67572e-22 1.68768e-27 4.62557e-34 1.72936e-41
 1.6856e-41 2.3395e-33 3.925e-26 7.95983e-20 1.95126e-14 5.78194e-10 2.071e-06 0.00089667 0.0469291 0.297317 0.250273 0.172498 0.147513 0.0668664 0.01626 0.00140294 4.19562e-05 3.34017e-07 6.04718e-10 2.141e-13 1.31586e-17 1.2721e-22 1.80681e-28 3.60326e-35 9.77434e-43
 1.67934e-41 2.33081e-33 3.91042e-26 7.93025e-20 1.94401e-14 5.76045e-10 2.0633e-06 0.000893338 0.0467552 0.296347 0.253518 0.181849 0.145107 0.0613358 0.0131807 0.000988085 2.40876e-05 1.52783e-07 2.16181e-10 5.76093e-14 2.58039e-18 1.79645e-23 1.83622e-29 2.63728e-36 5.14907e-44
 1.46786e-41 2.03729e-33 3.41798e-26 6.93159e-20 1.6992e-14 5.03503e-10 1.80347e-06 0.000780839 0.0408684 0.259385 0.234616 0.214953 0.167392 0.0683609 0.0128147 0.000811202 1.61389e-05 8.06203e-08 8.70166e-11 1.74438e-14 5.80635e-19 2.95409e-24 2.17255e-30 2.22464e-37 3.08746e-45
 1.49774e-41 2.07877e-33 3.48756e-26 7.07271e-20 1.73379e-14 5.13754e-10 1.84018e-06 0.000796737 0.0417001 0.26456 0.23486 0.197137 0.167147 0.0785466 0.0143996 0.00083692 1.44863e-05 6.11161e-08 5.4807e-11 9.00407e-15 2.43542e-19 1.00416e-24 5.97485e-31 4.93215e-38 5.48904e-46
 1.55931e-41 2.16422e-33 3.63093e-26 7.36345e-20 1.80506e-14 5.34873e-10 1.91583e-06 0.000829488 0.0434142 0.27539 0.242564 0.194053 0.157722 0.0710732 0.0140582 0.00087951 1.47453e-05 5.65061e-08 4.46413e-11 6.3838e-15 1.49628e-19 5.33164e-25 2.73631e-31 1.94741e-38 1.86962e-46
#spawning biomass
 22317.9 19324.9 20214.9 22491 26074.3 32081.3 35981.3 43767.2 61332.5 77633.6 96429.1 116675 167466 199474 185137 150525 137937 136129 126798 127900 138668 144648 152086 166257 174230 185064 171283 169141 197001 282062 219211 101212 48014 28125.3 21472.8 19402.9 18790.1 18615 18566.2 18552.9 18549.3 18548.3 18548.1 18548 18548 18548 18548 18548 18548 18548 18548 18548 18548 18548 18548 18548 18548 18548 18548 18548 18548 18548 18548 18548 18548 18548 18548 18548 18548 18548 18548 18548 18548 18548 18548 18548 18548 18548 18548 18548 18548 18548 18548 18548 18548 18548 18548 18548 18548 18548 18548 18548 18548 18548 18548 18548 18548 18548 18548 18548 18548 18548 18548 18548 18548 18548 18548 18548 18548 18548 18548 18548 18548 18548 18548 18548 18548 18548 18548 18548 18548 18548 18548 18548 18548 18548 18548 18548 18548 0 0 0 0 0 0 0 0 0 0 0 0 0 0 0 0 0 0 0 0 0 0 0 0 0
