SBPRF35
0.819782
Curr Bio
190620
B35
1.6212e+06
F35
0.21134
FOFL
0
OFL
0
Bzero
234224
#pred survey bio
 21599.6 23355.6 21338.8 21802.6 31622.9 48523.3 63285.5 83689.6 100809 128697 158590 184668 217151 241854 242356 213938 219183 226706 195915 202457 218630 227618 194555 215125 233095 198943 212739 178485 4.21582e+06 8.40721e+06 9.83058e+06 9.59409e+06 8.58845e+06 7.33244e+06 6.1176e+06 5.07506e+06 4.23983e+06 3.59889e+06 3.12053e+06 2.76981e+06 2.51544e+06 2.33197e+06 2.19916e+06 2.09987e+06 2.02946e+06 1.97899e+06 1.94242e+06 1.91562e+06 1.89575e+06 1.88085e+06 1.86956e+06 1.86092e+06 1.85424e+06 1.84904e+06 1.84495e+06 1.84171e+06 1.83914e+06 1.83709e+06 1.83544e+06 1.83411e+06 1.83304e+06 1.83217e+06 1.83147e+06 1.83089e+06 1.83043e+06 1.83005e+06 1.82974e+06 1.82948e+06 1.82928e+06 1.82911e+06 1.82897e+06 1.82886e+06 1.82877e+06 1.82869e+06 1.82863e+06 1.82858e+06 1.82854e+06 1.8285e+06 1.82848e+06 1.82845e+06 1.82843e+06 1.82842e+06 1.82841e+06 1.8284e+06 1.82839e+06 1.82838e+06 1.82838e+06 1.82837e+06 1.82837e+06 1.82836e+06 1.82836e+06 1.82836e+06 1.82836e+06 1.82836e+06 1.82836e+06 1.82836e+06 1.82835e+06 1.82835e+06 1.82835e+06 1.82835e+06 1.82835e+06 1.82835e+06 1.82835e+06 1.82835e+06 1.82835e+06 1.82835e+06 1.82835e+06 1.82835e+06 1.82835e+06 1.82835e+06 1.82835e+06 1.82835e+06 1.82835e+06 1.82835e+06 1.82835e+06 1.82835e+06 1.82835e+06 1.82835e+06 1.82835e+06 1.82835e+06 1.82835e+06 1.82835e+06 1.82835e+06 1.82835e+06 1.82835e+06 1.82835e+06 1.82835e+06 1.82835e+06 0 0 0 0 0 0 0 0 0 0 0 0 0 0 0 0 0 0 0 0 0 0 0 0 0
#obs survey bio
 19884.1 12667.7 29443.3 23119.1 32725.2 35721.8 59829 83509.2 87736.5 102869 171802 216238 226612 160385 139296 222678 197300 235561 202589 242469 265607 263066 252232 152196 434333 229439 223329 156776
#pred catch bio
 11036.6 13884.6 12684.4 9752.31 17541.2 34752.6 44441.8 63753.4 79005.5 102886 130341 150528 180049 212771 230119 201601 208449 228441 194311 204790 222948 248109 208671 235638 273834 229415 257978 214216 0 71989.8 80452 77513.1 68493 57576.2 47195.3 38422.9 31512.9 26315.2 22528.5 19832.2 17944.6 16639.7 15743.1 15118.6 14704.8 14430.5 14248.7 14128.3 14048.4 13995.5 13960.4 13937.2 13921.8 13911.6 13904.8 13900.3 13897.3 13895.4 13894.1 13893.2 13892.6 13892.2 13892 13891.8 13891.7 13891.6 13891.6 13891.6 13891.5 13891.5 13891.5 13891.5 13891.5 13891.5 13891.5 13891.5 13891.5 13891.5 13891.5 13891.5 13891.5 13891.5 13891.5 13891.5 13891.5 13891.5 13891.5 13891.5 13891.5 13891.5 13891.5 13891.5 13891.5 13891.5 13891.5 13891.5 13891.5 13891.5 13891.5 13891.5 13891.5 13891.5 13891.5 13891.5 13891.5 13891.5 13891.5 13891.5 13891.5 13891.5 13891.5 13891.5 13891.5 13891.5 13891.5 13891.5 13891.5 13891.5 13891.5 13891.5 13891.5 13891.5 13891.5 13891.5 13891.5 13891.5 13891.5 13891.5 0 0 0 0 0 0 0 0 0 0 0 0 0 0 0 0 0 0 0 0 0 0 0 0 0
#obs catch bio
 13250.2 15746.6 13756.1 9698.46 17633 34727.6 42168.2 61695 82450.3 102657 124277 136500 155830 221362 248781 194999 204382 218125 183594 199998 202904 206750 182079 233597 226999 207858 237946 209996
#pred cpue bio
 20152.6 22495.5 19594.9 20524.7 28006.5 42331.5 54871.9 73912.9 86626.2 110029 136812 158302 187779 208759 208103 180568 182048 189700 162391 163695 175864 184736 153197 166859 180416 149924 160409 132902 3.11816e+06 8.74411e+06 9.84174e+06 9.57516e+06 8.56728e+06 7.31112e+06 6.09627e+06 5.05373e+06 4.21851e+06 3.57757e+06 3.0992e+06 2.74849e+06 2.49412e+06 2.31064e+06 2.17784e+06 2.07855e+06 2.00813e+06 1.95767e+06 1.9211e+06 1.89429e+06 1.87442e+06 1.85953e+06 1.84824e+06 1.8396e+06 1.83292e+06 1.82771e+06 1.82362e+06 1.82039e+06 1.81782e+06 1.81576e+06 1.81411e+06 1.81279e+06 1.81171e+06 1.81085e+06 1.81014e+06 1.80957e+06 1.8091e+06 1.80872e+06 1.80841e+06 1.80816e+06 1.80795e+06 1.80778e+06 1.80765e+06 1.80753e+06 1.80744e+06 1.80737e+06 1.8073e+06 1.80725e+06 1.80721e+06 1.80718e+06 1.80715e+06 1.80713e+06 1.80711e+06 1.8071e+06 1.80708e+06 1.80707e+06 1.80706e+06 1.80706e+06 1.80705e+06 1.80705e+06 1.80704e+06 1.80704e+06 1.80704e+06 1.80704e+06 1.80703e+06 1.80703e+06 1.80703e+06 1.80703e+06 1.80703e+06 1.80703e+06 1.80703e+06 1.80703e+06 1.80703e+06 1.80703e+06 1.80703e+06 1.80703e+06 1.80703e+06 1.80703e+06 1.80703e+06 1.80703e+06 1.80703e+06 1.80703e+06 1.80703e+06 1.80703e+06 1.80703e+06 1.80703e+06 1.80703e+06 1.80703e+06 1.80703e+06 1.80703e+06 1.80703e+06 1.80703e+06 1.80703e+06 1.80703e+06 1.80703e+06 1.80703e+06 1.80703e+06 1.80703e+06 1.80703e+06 1.80703e+06 0 0 0 0 0 0 0 0 0 0 0 0 0 0 0 0 0 0 0 0 0 0 0 0 0
#obs cpue bio
 18442.6 15245.4 20859.9 13154.6 30877 69246.9 68023.1 87232.6 71886.8 148436 169280 211055 319305 207087 280727 217127 210364 234970 191740 147594 223004 358417 187143 218844 244194 172103 216868 154908
#pred surv len freq
 1.09652e-11 1.19017e-09 7.61705e-08 2.87444e-06 6.39602e-05 0.00083921 0.00649389 0.0296597 0.0802912 0.131517 0.142975 0.135414 0.139712 0.126697 0.0854287 0.0479791 0.0269492 0.0156601 0.00949681 0.00620911 0.00446207 0.00356305 0.0029951 0.00227391 0.00131757
 8.19227e-12 8.89192e-10 5.69082e-08 2.14754e-06 4.7786e-05 0.000627004 0.00485236 0.0221751 0.0602037 0.100017 0.115258 0.125319 0.146793 0.144397 0.109889 0.0736884 0.0455385 0.0244593 0.0120026 0.00602188 0.00332528 0.00212095 0.00153791 0.00109563 0.000628441
 1.20097e-11 1.30353e-09 8.34259e-08 3.14824e-06 7.00524e-05 0.000919129 0.00711173 0.032468 0.0877073 0.142167 0.147651 0.123324 0.112709 0.103539 0.0824974 0.0616536 0.043564 0.0271682 0.0147192 0.00693295 0.00299698 0.00136575 0.00074102 0.000449027 0.000241958
 1.01452e-11 1.10117e-09 7.04747e-08 2.6595e-06 5.91776e-05 0.000776463 0.00600854 0.0274475 0.0743647 0.12231 0.135289 0.133804 0.143742 0.132646 0.0909036 0.0533007 0.0328112 0.0212371 0.0130674 0.00702889 0.00317922 0.00124325 0.000476845 0.000207706 9.41576e-05
 1.41008e-11 1.53051e-09 9.79522e-08 3.69641e-06 8.22498e-05 0.00107916 0.00834958 0.0381108 0.102833 0.165738 0.167688 0.128653 0.104473 0.0904498 0.0702542 0.0505185 0.0331079 0.0188084 0.010059 0.00540067 0.0026914 0.00113286 0.000397432 0.000127489 4.17726e-05
 1.45822e-11 1.58276e-09 1.01296e-07 3.82261e-06 8.5058e-05 0.00111601 0.00863485 0.039417 0.106413 0.171955 0.176056 0.140213 0.118307 0.0978189 0.0630657 0.0339642 0.0190721 0.0114902 0.00656165 0.00332308 0.00152973 0.000648117 0.000236928 7.12103e-05 1.82512e-05
 1.4653e-11 1.59044e-09 1.01788e-07 3.84116e-06 8.54707e-05 0.00112142 0.00867684 0.0396103 0.106958 0.173026 0.178036 0.144036 0.123927 0.102577 0.0641748 0.0313255 0.0142888 0.00653891 0.00304535 0.00147332 0.000681638 0.00027856 9.85219e-05 2.93128e-05 7.03504e-06
 1.37393e-11 1.49127e-09 9.54412e-08 3.60166e-06 8.01415e-05 0.00105151 0.00813607 0.0371464 0.100369 0.162886 0.170035 0.143829 0.131027 0.11161 0.0709814 0.0353783 0.0162273 0.00696078 0.00269632 0.000999275 0.000376026 0.000141124 4.83602e-05 1.39671e-05 3.24124e-06
 1.50192e-11 1.63019e-09 1.04332e-07 3.93716e-06 8.76068e-05 0.00114945 0.00889359 0.0405978 0.109597 0.177068 0.181137 0.143843 0.120754 0.0990921 0.0624587 0.0311239 0.0143599 0.0062291 0.00240785 0.000832306 0.000259906 7.58919e-05 2.15001e-05 5.66164e-06 1.25747e-06
 1.51805e-11 1.6477e-09 1.05453e-07 3.97946e-06 8.8548e-05 0.0011618 0.00898915 0.0410342 0.110778 0.179001 0.183228 0.145753 0.122386 0.0995255 0.0607395 0.0280509 0.011734 0.00480349 0.00182994 0.000632845 0.000193416 5.11529e-05 1.18495e-05 2.48084e-06 4.68534e-07
 1.47659e-11 1.6027e-09 1.02572e-07 3.87076e-06 8.61295e-05 0.00113007 0.00874375 0.0399164 0.107794 0.174446 0.17982 0.146273 0.126545 0.104248 0.0635542 0.028954 0.0117068 0.0045056 0.00157378 0.000502753 0.000147389 3.81231e-05 8.36875e-06 1.53164e-06 2.3565e-07
 1.5041e-11 1.63256e-09 1.04483e-07 3.94288e-06 8.77341e-05 0.00115112 0.00890657 0.0406582 0.109776 0.177489 0.182179 0.146202 0.124229 0.101505 0.0618002 0.0281867 0.0113959 0.00434879 0.0014779 0.00044609 0.000120588 2.88002e-05 5.97075e-06 1.03842e-06 1.46017e-07
 1.46527e-11 1.59041e-09 1.01786e-07 3.84109e-06 8.54692e-05 0.00112141 0.00867675 0.0396113 0.106979 0.173205 0.1789 0.146441 0.127719 0.105557 0.0643015 0.0291652 0.011692 0.004438 0.00150396 0.000449929 0.000118341 2.67488e-05 5.13399e-06 8.25472e-07 1.08336e-07
 1.47369e-11 1.59955e-09 1.02371e-07 3.86317e-06 8.59605e-05 0.00112785 0.0087266 0.0398383 0.107585 0.174127 0.179578 0.146298 0.126824 0.104592 0.0638118 0.0290945 0.0117418 0.00446405 0.00150556 0.000447291 0.000116836 2.60633e-05 4.84995e-06 7.37788e-07 8.99764e-08
 1.49374e-11 1.62131e-09 1.03763e-07 3.91571e-06 8.71296e-05 0.00114319 0.00884526 0.0403795 0.10904 0.176425 0.181682 0.147307 0.126753 0.10366 0.0620685 0.0270231 0.0101785 0.00369103 0.00122811 0.000364617 9.50283e-05 2.10681e-05 3.88218e-06 5.79929e-07 6.83178e-08
 1.56106e-11 1.69438e-09 1.0844e-07 4.09219e-06 9.10564e-05 0.00119471 0.00924375 0.0421957 0.113903 0.183968 0.187914 0.148397 0.12301 0.0982184 0.0572174 0.0233242 0.00778867 0.00249628 0.000757195 0.000210073 5.27632e-05 1.15524e-05 2.11862e-06 3.14403e-07 3.65955e-08
 1.62249e-11 1.76106e-09 1.12708e-07 4.25323e-06 9.46398e-05 0.00124172 0.00960737 0.0438523 0.118331 0.190766 0.193199 0.148284 0.117903 0.0921158 0.0532277 0.0214786 0.00699442 0.00212744 0.000588974 0.000144089 3.20565e-05 6.43004e-06 1.12037e-06 1.62394e-07 1.87086e-08
 1.59276e-11 1.72879e-09 1.10642e-07 4.1753e-06 9.29058e-05 0.00121897 0.00943143 0.043051 0.116193 0.187514 0.190818 0.148827 0.121124 0.0955874 0.0550014 0.0217318 0.0067709 0.00196024 0.000522075 0.000121658 2.49235e-05 4.4473e-06 6.83896e-07 8.97325e-08 9.71685e-09
 1.62678e-11 1.76572e-09 1.13006e-07 4.26448e-06 9.48901e-05 0.001245 0.00963279 0.0439687 0.118649 0.191311 0.193899 0.149188 0.118937 0.0926158 0.0525696 0.020074 0.00580206 0.0015281 0.000378137 8.30565e-05 1.61075e-05 2.71055e-06 3.84263e-07 4.5149e-08 4.33664e-09
 1.7154e-11 1.86191e-09 1.19162e-07 4.4968e-06 0.000100059 0.00131282 0.0101573 0.0463581 0.125033 0.201081 0.201351 0.148549 0.110832 0.083278 0.0469101 0.0179846 0.00525246 0.00138436 0.000331076 6.75138e-05 1.19568e-05 1.85796e-06 2.46168e-07 2.70083e-08 2.38631e-09
 1.73121e-11 1.87906e-09 1.2026e-07 4.53822e-06 0.000100981 0.00132492 0.0102508 0.0467845 0.126175 0.202854 0.202824 0.148832 0.109989 0.0820039 0.0457106 0.0170337 0.00466039 0.00113098 0.000258107 5.18683e-05 8.99782e-06 1.3264e-06 1.62088e-07 1.62989e-08 1.33001e-09
 1.70057e-11 1.84581e-09 1.18131e-07 4.45791e-06 9.9194e-05 0.00130147 0.0100695 0.0459584 0.123969 0.199482 0.200277 0.149134 0.112917 0.0853231 0.047651 0.017658 0.00474729 0.00111322 0.000241558 4.5325e-05 7.3252e-06 1.03e-06 1.21916e-07 1.17288e-08 8.94068e-10
 1.79743e-11 1.95094e-09 1.2486e-07 4.71181e-06 0.000104844 0.00137559 0.0106428 0.0485702 0.130949 0.210193 0.208574 0.148856 0.104693 0.07552 0.0412426 0.0147436 0.00362557 0.000734827 0.000141181 2.47544e-05 3.79347e-06 5.01191e-07 5.53635e-08 5.00961e-09 3.64161e-10
 1.84275e-11 2.00012e-09 1.28008e-07 4.83061e-06 0.000107487 0.00141027 0.010911 0.0497921 0.134213 0.215188 0.212377 0.14851 0.100519 0.0707235 0.0383522 0.013698 0.0033684 0.000676994 0.000125059 2.00348e-05 2.69589e-06 3.1604e-07 3.20925e-08 2.71329e-09 1.84439e-10
 1.8483e-11 2.00615e-09 1.28393e-07 4.84516e-06 0.000107811 0.00141452 0.0109439 0.0499418 0.134614 0.21581 0.212892 0.148601 0.10021 0.0702665 0.0379326 0.0133743 0.00317117 0.000595011 0.000102938 1.59269e-05 2.08131e-06 2.30016e-07 2.11174e-08 1.58083e-09 9.63099e-11
 1.92149e-11 2.08559e-09 1.33477e-07 5.03702e-06 0.00011208 0.00147053 0.011377 0.0519153 0.139887 0.223893 0.219112 0.148256 0.0937914 0.062724 0.033149 0.0113626 0.00249105 0.00039115 5.37323e-05 7.04392e-06 8.30796e-07 8.5518e-08 7.4714e-09 5.31271e-10 2.9952e-11
 1.92016e-11 2.08415e-09 1.33386e-07 5.03356e-06 0.000112003 0.00146952 0.0113692 0.0518796 0.139792 0.223745 0.21899 0.148235 0.0938657 0.0628344 0.0332511 0.0114412 0.00253734 0.000408343 5.69642e-05 7.08864e-06 7.20802e-07 6.03404e-08 4.39864e-09 2.7732e-10 1.44621e-11
 1.95242e-11 2.11916e-09 1.35626e-07 5.11811e-06 0.000113884 0.0014942 0.0115601 0.0527493 0.142116 0.227307 0.22173 0.148078 0.0910297 0.0595048 0.0311431 0.0105597 0.00224376 0.000323211 3.78596e-05 4.13873e-06 4.03252e-07 3.31354e-08 2.25744e-09 1.23248e-10 5.33705e-12
#obs surv len freq
 3.52724e-11 3.26893e-09 1.78633e-07 5.75581e-06 0.000109356 0.00122515 0.00809555 0.031591 0.0732887 0.10461 0.106683 0.110407 0.128932 0.132932 0.116009 0.0885901 0.0554857 0.0272098 0.0105814 0.00328317 0.000795452 0.000145472 1.929e-05 1.78063e-06 1.10578e-07
 2.33535e-11 2.08747e-09 1.10021e-07 3.41916e-06 6.26557e-05 0.000677091 0.00431749 0.0162952 0.036999 0.0546689 0.0686532 0.0990965 0.139995 0.162803 0.159991 0.128479 0.0771221 0.0343167 0.0120699 0.00348945 0.000802518 0.000138486 1.71061e-05 1.46023e-06 8.36825e-08
 1.46179e-10 1.25807e-08 6.38424e-07 1.9103e-05 0.000337039 0.00350631 0.0215091 0.0778162 0.166178 0.210468 0.162216 0.0870982 0.0527765 0.0539605 0.0608185 0.0526063 0.0315425 0.0134089 0.00434121 0.0011246 0.000231542 3.63708e-05 4.14831e-06 3.28212e-07 1.73822e-08
 1.29933e-10 1.07494e-08 5.24365e-07 1.50825e-05 0.000255803 0.00255835 0.0150934 0.0526244 0.109486 0.142643 0.140745 0.147013 0.1547 0.121028 0.0658718 0.0287902 0.0121219 0.00487213 0.00165052 0.000432561 8.43258e-05 1.20103e-05 1.22644e-06 8.7336e-08 4.20273e-09
 2.0151e-10 1.60008e-08 7.49159e-07 2.0682e-05 0.000336669 0.00323162 0.0182949 0.0611482 0.121332 0.147043 0.123857 0.103287 0.106169 0.109448 0.0977013 0.0666453 0.0305942 0.0089265 0.00169462 0.000236547 2.93465e-05 3.36464e-06 3.07437e-07 1.98395e-08 8.59126e-10
 3.30944e-10 2.51857e-08 1.13016e-06 2.9903e-05 0.00046653 0.00429196 0.0232886 0.0746234 0.142118 0.166223 0.13772 0.114281 0.108566 0.0936057 0.0681734 0.0409829 0.0183961 0.00575892 0.00125556 0.000193997 2.13023e-05 1.67334e-06 9.7823e-08 4.4456e-09 1.54075e-10
 3.67525e-10 2.67702e-08 1.14975e-06 2.91168e-05 0.00043479 0.00382869 0.0198912 0.061119 0.112499 0.132001 0.123963 0.129611 0.137572 0.119666 0.0851077 0.0483285 0.0196067 0.00526906 0.000941043 0.00011889 1.14132e-05 8.42417e-07 4.54805e-08 1.70581e-09 4.35125e-11
 6.01715e-10 4.18955e-08 1.72001e-06 4.16372e-05 0.000594329 0.00500261 0.02484 0.0729004 0.127731 0.140447 0.118222 0.110249 0.11633 0.111805 0.0897843 0.0539186 0.0216144 0.00550979 0.000901501 9.93435e-05 7.85156e-06 4.63209e-07 2.03714e-08 6.51341e-10 1.46647e-11
 9.11922e-10 6.06213e-08 2.37618e-06 5.4919e-05 0.00074845 0.00601505 0.0285211 0.0799924 0.13446 0.144339 0.124651 0.120996 0.121787 0.104132 0.0737727 0.0405062 0.0154318 0.00386618 0.000643657 7.41109e-05 6.06883e-06 3.51432e-07 1.40819e-08 3.85247e-10 7.17498e-12
 1.24407e-09 7.88706e-08 2.94831e-06 6.49863e-05 0.000844637 0.006474 0.029283 0.0784292 0.126565 0.133543 0.120532 0.125062 0.128759 0.111291 0.0787428 0.0417355 0.0148102 0.00333426 0.000478052 4.56799e-05 3.11059e-06 1.57953e-07 5.92015e-09 1.56595e-10 2.80141e-12
 1.8732e-09 1.13137e-07 4.02912e-06 8.46073e-05 0.00104763 0.00765011 0.0329694 0.0841743 0.129785 0.132126 0.117826 0.122162 0.125764 0.110013 0.0781919 0.0406669 0.0139904 0.00306613 0.000434055 4.1394e-05 2.7698e-06 1.31521e-07 4.3646e-09 9.95347e-11 1.54698e-12
 2.79935e-09 1.60916e-07 5.4542e-06 0.000109006 0.00128463 0.00892866 0.0366328 0.089137 0.131686 0.131283 0.119782 0.126359 0.127023 0.106691 0.0720698 0.0352187 0.0112405 0.0022436 0.000281219 2.29897e-05 1.29974e-06 5.33277e-08 1.5955e-09 3.37309e-11 4.85822e-13
 3.54643e-09 1.93848e-07 6.24768e-06 0.000118732 0.00133056 0.00879508 0.0343401 0.0797794 0.114315 0.117322 0.120881 0.1388 0.140973 0.117185 0.0770916 0.0359812 0.0108189 0.00201199 0.00023137 1.69121e-05 8.24753e-07 2.82399e-08 6.95548e-10 1.21909e-11 1.48435e-13
 5.34425e-09 2.77534e-07 8.49834e-06 0.000153442 0.00163371 0.0102601 0.0380665 0.0840849 0.114869 0.113556 0.114965 0.132307 0.138861 0.121037 0.0808617 0.0367689 0.010517 0.00183893 0.000197072 1.32665e-05 5.85649e-07 1.77924e-08 3.82166e-10 5.76105e-12 5.95381e-14
 7.84022e-09 3.86531e-07 1.12365e-05 0.000192606 0.00194688 0.0116094 0.0409228 0.0861463 0.113739 0.113728 0.121348 0.140085 0.140732 0.115734 0.0727292 0.0311297 0.00840147 0.0013921 0.000142423 9.25223e-06 3.9832e-07 1.18117e-08 2.43844e-10 3.4425e-12 3.24578e-14
 1.30694e-08 6.11279e-07 1.68582e-05 0.000274144 0.00262891 0.0148721 0.0497327 0.0992995 0.124223 0.11733 0.118596 0.132529 0.132048 0.107874 0.0658487 0.0267924 0.00678523 0.0010444 9.79535e-05 5.72022e-06 2.16393e-07 5.56994e-09 1.00963e-10 1.28786e-12 1.12703e-14
 1.81702e-08 8.05767e-07 2.10692e-05 0.000324854 0.00295378 0.0158482 0.0503265 0.0960053 0.117848 0.117648 0.130121 0.145355 0.135673 0.102144 0.0577501 0.0219373 0.00521495 0.000756762 6.72722e-05 3.74977e-06 1.36231e-07 3.36047e-09 5.74144e-11 6.72373e-13 5.27259e-15
 2.6038e-08 1.09422e-06 2.71137e-05 0.000396165 0.00341372 0.0173603 0.0522893 0.0949372 0.112526 0.112571 0.127478 0.144963 0.139343 0.10719 0.0598665 0.0219019 0.00497751 0.000694896 6.05037e-05 3.39681e-06 1.27913e-07 3.30741e-09 5.83315e-11 6.84772e-13 5.23948e-15
 4.05753e-08 1.61518e-06 3.79116e-05 0.000524719 0.00428312 0.0206363 0.058929 0.101759 0.116179 0.115121 0.129666 0.143768 0.13392 0.0991865 0.052891 0.0184544 0.00403635 0.0005536 4.89243e-05 2.89343e-06 1.17436e-07 3.25826e-09 6.03621e-11 7.30262e-13 5.69968e-15
 5.93977e-08 2.239e-06 4.97656e-05 0.000652252 0.00504204 0.0230128 0.0623455 0.102843 0.115191 0.117781 0.135932 0.147381 0.131764 0.0927399 0.0465564 0.0151903 0.00308967 0.00039157 3.17762e-05 1.72523e-06 6.51734e-08 1.73001e-09 3.1628e-11 3.86924e-13 3.0944e-15
 8.91714e-08 3.18223e-06 6.69624e-05 0.000830894 0.00608118 0.026285 0.0675149 0.106142 0.115491 0.118502 0.136927 0.146581 0.129147 0.0883536 0.0422897 0.0129963 0.00247421 0.000292107 2.19468e-05 1.09393e-06 3.76177e-08 9.04798e-10 1.50076e-11 1.67727e-13 1.24011e-15
 1.35121e-07 4.56445e-06 9.09176e-05 0.0010679 0.00739891 0.0302848 0.0737754 0.110743 0.117763 0.121935 0.140015 0.1452 0.122874 0.0800478 0.0362036 0.0104855 0.00188497 0.000211322 1.51964e-05 7.29389e-07 2.40963e-08 5.49845e-10 8.50715e-12 8.7391e-14 5.88036e-16
 1.80388e-07 5.76772e-06 0.000108742 0.00120901 0.00793037 0.0307567 0.0712728 0.103541 0.112593 0.126186 0.149562 0.152103 0.124193 0.077099 0.0328654 0.0089129 0.00149398 0.000155498 1.03296e-05 4.56256e-07 1.38863e-08 2.93938e-10 4.25478e-12 4.11112e-14 2.60233e-16
 2.57519e-07 7.79357e-06 0.000139079 0.00146365 0.00908853 0.0333852 0.0734474 0.102311 0.109855 0.124944 0.149115 0.152993 0.125767 0.076684 0.0313326 0.00805359 0.00127777 0.000126458 8.04626e-06 3.42111e-07 9.98659e-09 2.00203e-10 2.70431e-12 2.41273e-14 1.40383e-16
 3.90907e-07 1.11984e-05 0.000189164 0.00188444 0.0110779 0.0385459 0.0805266 0.107596 0.113772 0.129209 0.15053 0.148774 0.116989 0.0675927 0.0259966 0.00627606 0.000936081 8.73574e-05 5.26534e-06 2.13028e-07 5.93096e-09 1.13345e-10 1.45648e-12 1.23234e-14 6.76874e-17
 5.2153e-07 1.41435e-05 0.000226173 0.00213312 0.0118759 0.0391952 0.0782112 0.102609 0.113545 0.13701 0.159246 0.151785 0.113751 0.0620896 0.0224441 0.00508525 0.000712522 6.26233e-05 3.56615e-06 1.36617e-07 3.60027e-09 6.49731e-11 7.86547e-13 6.26102e-15 3.23319e-17
 6.15484e-07 1.58031e-05 0.000239269 0.00213686 0.0112719 0.0353433 0.0678138 0.0894349 0.108001 0.141978 0.169408 0.16277 0.120936 0.0636772 0.021738 0.00459146 0.000593302 4.74578e-05 2.41999e-06 8.19067e-08 1.90445e-09 3.07039e-11 3.37831e-13 2.47728e-15 1.18729e-17
 9.08153e-07 2.20793e-05 0.000316544 0.00267694 0.0133728 0.0397276 0.0723538 0.091166 0.106681 0.138142 0.165908 0.162523 0.120802 0.0617083 0.0200584 0.00401053 0.000491606 3.75656e-05 1.84564e-06 6.03785e-08 1.34382e-09 2.02911e-11 2.0412e-13 1.3445e-15 5.7411e-18
#pred catch len freq
 8.90288e-12 9.66323e-10 6.18445e-08 2.33382e-06 5.1931e-05 0.000681391 0.00527325 0.024098 0.0654186 0.108632 0.124931 0.134949 0.155505 0.146039 0.0985481 0.0546086 0.0302163 0.0174249 0.0105389 0.00688463 0.0049464 0.00394961 0.00332001 0.00252058 0.0014605
 6.65337e-12 7.22159e-10 4.62181e-08 1.74413e-06 3.88097e-05 0.000509239 0.00394151 0.0180247 0.0491034 0.0829214 0.101703 0.124727 0.158238 0.158726 0.120092 0.0793401 0.0484843 0.0259118 0.0126875 0.00635883 0.00350999 0.00223854 0.00162315 0.00115635 0.000663272
 1.0301e-11 1.11808e-09 7.15568e-08 2.70033e-06 6.0086e-05 0.000788374 0.00610037 0.0278591 0.0753717 0.123098 0.132182 0.121505 0.123581 0.117998 0.0937688 0.069074 0.048328 0.0300177 0.0162367 0.00764239 0.00330268 0.00150488 0.000816485 0.000494752 0.000266597
 7.9285e-12 8.60562e-10 5.50759e-08 2.0784e-06 4.62475e-05 0.000606825 0.00469648 0.0214692 0.058377 0.0977008 0.115841 0.133159 0.160488 0.153259 0.105036 0.0607148 0.0368174 0.0236657 0.0145311 0.00781129 0.00353236 0.00138125 0.000529757 0.000230751 0.000104604
 1.2263e-11 1.33104e-09 8.51861e-08 3.21466e-06 7.15304e-05 0.000938522 0.0072618 0.0331536 0.0895657 0.145231 0.151069 0.126752 0.116284 0.106201 0.0826278 0.0586225 0.0380438 0.0215195 0.0114861 0.00616121 0.00306948 0.0012919 0.000453215 0.000145383 4.76354e-05
 1.34678e-11 1.4618e-09 9.3555e-08 3.53048e-06 7.85578e-05 0.00103073 0.00797526 0.0364118 0.0983795 0.159615 0.166429 0.140306 0.127384 0.108702 0.0701972 0.0373135 0.0206147 0.0123178 0.00701663 0.00355087 0.00163418 0.000692304 0.000253074 7.60624e-05 1.94948e-05
 1.34528e-11 1.46017e-09 9.34506e-08 3.52654e-06 7.84701e-05 0.00102958 0.00796648 0.0363741 0.0983092 0.159757 0.16777 0.144421 0.134164 0.114702 0.0719686 0.0347492 0.0156009 0.00706736 0.00327817 0.00158374 0.00073242 0.000299281 0.000105848 3.14921e-05 7.55806e-06
 1.28074e-11 1.39012e-09 8.89674e-08 3.35735e-06 7.47056e-05 0.00098019 0.00758449 0.0346335 0.0936542 0.15259 0.1621 0.144227 0.139133 0.121149 0.0770398 0.0379495 0.0171405 0.00728392 0.00281068 0.00103998 0.000391085 0.000146745 5.02839e-05 1.45225e-05 3.37012e-06
 1.42644e-11 1.54826e-09 9.90884e-08 3.73929e-06 8.3204e-05 0.00109169 0.00844684 0.0385625 0.104158 0.168731 0.174719 0.144192 0.127359 0.106845 0.0673566 0.0331729 0.0150702 0.00647633 0.00249403 0.000860788 0.000268628 7.84195e-05 2.22143e-05 5.84958e-06 1.2992e-06
 1.45069e-11 1.57458e-09 1.00773e-07 3.80286e-06 8.46186e-05 0.00111025 0.00859044 0.0392179 0.105925 0.171568 0.177536 0.146161 0.12843 0.106547 0.0650771 0.0297499 0.0122468 0.00495734 0.00187984 0.000648997 0.000198224 5.24119e-05 1.21401e-05 2.54161e-06 4.80006e-07
 1.41974e-11 1.54099e-09 9.8623e-08 3.72173e-06 8.28133e-05 0.00108656 0.00840726 0.0383835 0.103699 0.168178 0.175039 0.14668 0.131741 0.11024 0.0671973 0.0303088 0.0120625 0.00458984 0.00159535 0.000508652 0.000148999 3.85283e-05 8.45689e-06 1.54772e-06 2.38122e-07
 1.4445e-11 1.56787e-09 1.00343e-07 3.78665e-06 8.42579e-05 0.00110551 0.00855385 0.0390514 0.105483 0.170917 0.177159 0.146607 0.129644 0.107765 0.0656274 0.0296356 0.0117947 0.00445034 0.00150508 0.000453408 0.000122463 2.92382e-05 6.06084e-06 1.05404e-06 1.48212e-07
 1.41211e-11 1.53271e-09 9.80935e-08 3.70174e-06 8.23686e-05 0.00108073 0.00836214 0.0381781 0.10315 0.167346 0.174437 0.146843 0.13261 0.111182 0.0676998 0.0304025 0.0119973 0.00450191 0.00151809 0.000453264 0.000119119 2.69154e-05 5.16532e-06 8.30473e-07 1.08991e-07
 1.45124e-11 1.57519e-09 1.00812e-07 3.80432e-06 8.46511e-05 0.00111067 0.00859374 0.0392332 0.105969 0.171664 0.177747 0.146617 0.129118 0.107122 0.0651904 0.0294132 0.0116844 0.00439219 0.00147414 0.000437098 0.000114076 2.5439e-05 4.73319e-06 7.19993e-07 8.78048e-08
 1.51501e-11 1.6444e-09 1.05241e-07 3.97147e-06 8.83704e-05 0.00115947 0.00897117 0.0409532 0.110574 0.178793 0.183576 0.147443 0.12525 0.101717 0.0605966 0.0261225 0.00968471 0.00346773 0.0011473 0.000339892 8.8507e-05 1.96156e-05 3.61409e-06 5.39855e-07 6.35959e-08
 1.57531e-11 1.70985e-09 1.0943e-07 4.12956e-06 9.18879e-05 0.00120562 0.00932813 0.0425802 0.114932 0.185553 0.189175 0.148468 0.121971 0.0968929 0.0562346 0.0227448 0.0074835 0.00236391 0.000711807 0.000196935 4.94105e-05 1.0814e-05 1.98292e-06 2.94251e-07 3.42493e-08
 1.64061e-11 1.78072e-09 1.13966e-07 4.30072e-06 9.56965e-05 0.00125558 0.00971459 0.0443409 0.119638 0.192775 0.19478 0.148312 0.116488 0.0903653 0.0519978 0.0208227 0.00668381 0.00200377 0.000550555 0.000134283 2.98358e-05 5.98132e-06 1.04199e-06 1.51023e-07 1.73982e-08
 1.64532e-11 1.78584e-09 1.14294e-07 4.31309e-06 9.59716e-05 0.00125919 0.00974251 0.0444683 0.119981 0.193323 0.195306 0.148636 0.116602 0.090232 0.0515502 0.0202147 0.00621132 0.00177135 0.000467855 0.000108664 2.22305e-05 3.96439e-06 6.09492e-07 7.99633e-08 8.65871e-09
 1.6674e-11 1.8098e-09 1.15827e-07 4.37096e-06 9.72594e-05 0.00127609 0.0098732 0.0450639 0.121576 0.195798 0.197356 0.14901 0.115396 0.0884462 0.0499141 0.0189428 0.00540714 0.00140182 0.000343489 7.51451e-05 1.45498e-05 2.44675e-06 3.46774e-07 4.07401e-08 3.91301e-09
 1.76196e-11 1.91244e-09 1.22396e-07 4.61884e-06 0.000102775 0.00134845 0.0104329 0.0476135 0.128387 0.206223 0.205308 0.148332 0.106752 0.0784839 0.0438699 0.0167054 0.00481707 0.00125017 0.000296179 6.01621e-05 1.06365e-05 1.65148e-06 2.18737e-07 2.39957e-08 2.12004e-09
 1.78049e-11 1.93256e-09 1.23683e-07 4.66742e-06 0.000103856 0.00136263 0.0105425 0.0481133 0.129725 0.208294 0.206996 0.148553 0.105596 0.0768802 0.0425152 0.0157505 0.00426065 0.00101766 0.000229694 4.59434e-05 7.95517e-06 1.17175e-06 1.4314e-07 1.43916e-08 1.1743e-09
 1.78942e-11 1.94225e-09 1.24304e-07 4.69083e-06 0.000104377 0.00136947 0.0105954 0.0483542 0.130369 0.209284 0.207776 0.14857 0.104904 0.0760245 0.0419158 0.0154298 0.0041025 0.000946971 0.000203166 3.79334e-05 6.11798e-06 8.59429e-07 1.01685e-07 9.7809e-09 7.45541e-10
 1.86543e-11 2.02475e-09 1.29584e-07 4.89008e-06 0.00010881 0.00142763 0.0110453 0.0504038 0.135847 0.217691 0.214294 0.148372 0.0984813 0.0683515 0.0368774 0.0131137 0.00319725 0.000638311 0.000120943 2.10622e-05 3.2192e-06 4.24854e-07 4.69096e-08 4.24388e-09 3.08476e-10
 1.91508e-11 2.07863e-09 1.33032e-07 5.02022e-06 0.000111706 0.00146562 0.0113391 0.0517423 0.139423 0.223163 0.218461 0.147991 0.0939056 0.0630945 0.0337099 0.0119689 0.00291775 0.000577765 0.000105291 1.67551e-05 2.24836e-06 2.63223e-07 2.67124e-08 2.25787e-09 1.53467e-10
 1.95162e-11 2.1183e-09 1.35571e-07 5.11602e-06 0.000113838 0.00149359 0.0115554 0.0527276 0.142056 0.227198 0.221566 0.147818 0.090699 0.0593272 0.0313215 0.0109658 0.00257984 0.000477264 8.1367e-05 1.24908e-05 1.62716e-06 1.79574e-07 1.64756e-08 1.23301e-09 7.51106e-11
 2.00305e-11 2.17412e-09 1.39144e-07 5.25084e-06 0.000116838 0.00153295 0.0118598 0.0541144 0.145762 0.23288 0.225945 0.147595 0.0862181 0.0540461 0.0279505 0.00952361 0.00207756 0.000322802 4.36424e-05 5.65381e-06 6.63436e-07 6.81563e-08 5.94969e-09 4.22925e-10 2.38405e-11
 2.02184e-11 2.19451e-09 1.40448e-07 5.30008e-06 0.000117933 0.00154732 0.011971 0.0546208 0.147114 0.234948 0.227508 0.147416 0.0844335 0.0520222 0.0267683 0.00914115 0.00201576 0.000320801 4.40653e-05 5.42498e-06 5.49073e-07 4.58684e-08 3.33982e-09 2.10447e-10 1.09723e-11
 2.04311e-11 2.2176e-09 1.41926e-07 5.35585e-06 0.000119174 0.0015636 0.0120969 0.0551944 0.148647 0.237298 0.229319 0.147324 0.08258 0.0498371 0.0253723 0.00854308 0.00180807 0.00025836 2.98197e-05 3.21455e-06 3.11024e-07 2.54868e-08 1.73427e-09 9.46331e-11 4.09693e-12
#obs catch len freq
 3.44675e-11 3.19433e-09 1.74556e-07 5.62445e-06 0.00010686 0.00119717 0.00791036 0.0308609 0.0715044 0.101417 0.100876 0.0999355 0.116796 0.129257 0.125425 0.102582 0.0646427 0.0308673 0.0117869 0.00370334 0.000925316 0.000174054 2.35341e-05 2.20672e-06 1.39374e-07
 4.16626e-11 3.72404e-09 1.96277e-07 6.09974e-06 0.000111776 0.00120782 0.00769888 0.0290001 0.0651703 0.0916581 0.0977827 0.112628 0.138279 0.142404 0.123136 0.0926476 0.0567785 0.0271955 0.0103157 0.00310837 0.00072678 0.00012735 1.60635e-05 1.40152e-06 8.18379e-08
 2.83777e-11 2.44228e-09 1.23937e-07 3.70848e-06 6.54325e-05 0.000680859 0.00418148 0.0152207 0.0335606 0.0496145 0.0666285 0.102833 0.146309 0.168266 0.16295 0.12779 0.074548 0.0323133 0.0110968 0.00311897 0.000691537 0.000114126 1.33908e-05 1.07946e-06 5.81273e-08
 2.18878e-18 9.62149e-16 2.49385e-13 3.81145e-11 3.43486e-09 1.82537e-07 5.72132e-06 0.000105828 0.00115739 0.00752784 0.0296434 0.0742797 0.131953 0.188457 0.217172 0.182411 0.105713 0.0435906 0.0137301 0.0034527 0.000685572 0.000103036 1.11592e-05 8.33098e-07 4.14259e-08
 1.37545e-10 1.09217e-08 5.11353e-07 1.4117e-05 0.000229807 0.00220617 0.0124984 0.0419305 0.0848249 0.112683 0.128925 0.16364 0.183059 0.141241 0.0750835 0.0324382 0.0135655 0.00535658 0.00176275 0.00044554 8.33426e-05 1.13331e-05 1.09856e-06 7.38236e-08 3.33516e-09
 2.87289e-10 2.18634e-08 9.8108e-07 2.59584e-05 0.00040499 0.00372581 0.0202167 0.0647827 0.123402 0.144515 0.120678 0.103845 0.108677 0.11112 0.0970833 0.0639288 0.0280998 0.00784127 0.00143139 0.000194405 2.36013e-05 2.61283e-06 2.27028e-07 1.38167e-08 5.61497e-10
 4.83865e-10 3.52443e-08 1.5137e-06 3.83337e-05 0.000572416 0.00504032 0.026178 0.0803101 0.146623 0.165419 0.135208 0.113933 0.108188 0.0917281 0.0655768 0.0383654 0.0166026 0.00499567 0.00104681 0.000155259 1.63275e-05 1.22714e-06 6.86001e-08 2.96744e-09 9.70582e-11
 5.48297e-10 3.81761e-08 1.56731e-06 3.79408e-05 0.000541572 0.00455877 0.022642 0.0665399 0.117398 0.13334 0.124454 0.130688 0.136323 0.115926 0.0806435 0.0443565 0.0172559 0.00443366 0.000759051 9.23308e-05 8.53765e-06 6.03526e-07 3.09825e-08 1.09938e-09 2.64417e-11
 9.1356e-10 6.07301e-08 2.38045e-06 5.50176e-05 0.00074979 0.00602569 0.0285683 0.0800786 0.134209 0.142127 0.117731 0.109987 0.114765 0.108272 0.084624 0.0488241 0.018663 0.00453014 0.000707347 7.46534e-05 5.66214e-06 3.19983e-07 1.34187e-08 4.06962e-10 8.64688e-12
 1.41799e-09 8.9897e-08 3.3605e-06 7.40716e-05 0.000962712 0.00737876 0.0333691 0.0892854 0.143369 0.147874 0.124626 0.11898 0.116839 0.0975872 0.0673825 0.035644 0.0129733 0.00310012 0.000493219 5.43531e-05 4.25346e-06 2.34499e-07 8.91385e-09 2.30701e-10 4.05388e-12
 1.94796e-09 1.17652e-07 4.18993e-06 8.79841e-05 0.00108944 0.0079554 0.0342844 0.0875224 0.134874 0.136955 0.121084 0.123543 0.124033 0.104678 0.0719394 0.03657 0.0123458 0.00263922 0.000360038 3.28657e-05 2.14419e-06 1.04135e-07 3.71217e-09 9.28535e-11 1.56404e-12
 3.00079e-09 1.72496e-07 5.84667e-06 0.00011685 0.00137706 0.00957069 0.0392591 0.0954289 0.140261 0.1368 0.118163 0.119121 0.119235 0.101733 0.0700064 0.0348202 0.0113817 0.00236828 0.000319031 2.9027e-05 1.85341e-06 8.37452e-08 2.63492e-09 5.67975e-11 8.32075e-13
 4.5512e-09 2.48768e-07 8.01775e-06 0.00015237 0.00170748 0.0112848 0.0440283 0.101898 0.143319 0.1365 0.119767 0.121859 0.118692 0.0970575 0.0633452 0.0295396 0.00893579 0.00168808 0.000200618 1.56057e-05 8.42154e-07 3.29691e-08 9.37266e-10 1.87322e-11 2.5399e-13
 5.90543e-09 3.06677e-07 9.39072e-06 0.000169555 0.00180525 0.0113372 0.0420584 0.0928544 0.126521 0.12371 0.121757 0.134059 0.131709 0.106414 0.0674423 0.029961 0.00852095 0.00149662 0.000162739 1.128e-05 5.23281e-07 1.70636e-08 3.99367e-10 6.62503e-12 7.60553e-14
 9.00036e-09 4.43727e-07 1.28991e-05 0.000221104 0.00223488 0.0133248 0.0469343 0.0984303 0.127678 0.119841 0.115356 0.127258 0.129453 0.109402 0.0700283 0.0301877 0.00814796 0.00134322 0.000135876 8.65586e-06 3.62681e-07 1.04735e-08 2.13487e-10 3.04314e-12 2.96341e-14
 1.33983e-08 6.26661e-07 1.72824e-05 0.000281042 0.00269506 0.0152464 0.0509847 0.101803 0.127365 0.120253 0.120985 0.133227 0.129438 0.103067 0.0619979 0.0251387 0.00639853 0.000999247 9.64926e-05 5.93241e-06 2.42313e-07 6.81939e-09 1.3327e-10 1.77471e-12 1.57378e-14
 2.23602e-08 9.91573e-07 2.59276e-05 0.000399757 0.00363462 0.0194948 0.0618053 0.116956 0.138423 0.122965 0.11657 0.124065 0.119523 0.0942889 0.0549057 0.0211124 0.0050335 0.000728884 6.43809e-05 3.54907e-06 1.27126e-07 3.10476e-09 5.33535e-11 6.42998e-13 5.29601e-15
 3.13405e-08 1.31705e-06 3.26351e-05 0.000476836 0.00410869 0.0208902 0.0628572 0.113554 0.131632 0.123126 0.127475 0.135509 0.12212 0.0887472 0.0478711 0.0171832 0.00384423 0.000524651 4.39153e-05 2.31039e-06 7.94323e-08 1.85622e-09 2.99931e-11 3.31088e-13 2.43994e-15
 4.52734e-08 1.8022e-06 4.23011e-05 0.000585469 0.0047788 0.0230196 0.0656659 0.11282 0.126047 0.11774 0.12472 0.135333 0.125697 0.0929993 0.0493599 0.0170293 0.00364044 0.000478261 3.9267e-05 2.08443e-06 7.43317e-08 1.81795e-09 3.02293e-11 3.33496e-13 2.39261e-15
 7.12026e-08 2.68398e-06 5.96559e-05 0.000781865 0.00604342 0.0275708 0.0745269 0.121634 0.130375 0.119499 0.124919 0.131847 0.118508 0.0842605 0.0426467 0.0140307 0.00288936 0.000373658 3.12199e-05 1.74884e-06 6.7173e-08 1.75814e-09 3.06208e-11 3.4741e-13 2.53856e-15
 1.05401e-07 3.7614e-06 7.91492e-05 0.000982095 0.00718717 0.0310521 0.0795931 0.123903 0.129612 0.121421 0.129456 0.133479 0.114992 0.0775543 0.0368983 0.011339 0.0021691 0.000258914 1.98485e-05 1.02093e-06 3.65529e-08 9.1708e-10 1.57828e-11 1.81121e-13 1.35511e-15
 1.59301e-07 5.38125e-06 0.000107187 0.00125896 0.00872164 0.035678 0.0866671 0.128392 0.129827 0.121057 0.128836 0.131183 0.111223 0.0727102 0.0329132 0.0095148 0.00170212 0.000189091 1.34055e-05 6.32237e-07 2.05847e-08 4.67732e-10 7.30322e-12 7.65922e-14 5.30053e-16
 2.43268e-07 7.77822e-06 0.000146646 0.00163033 0.0106911 0.0414087 0.0953486 0.134583 0.132038 0.12288 0.129367 0.127454 0.103628 0.0643979 0.0275165 0.00749393 0.00126594 0.00013358 9.06563e-06 4.11524e-07 1.28539e-08 2.7656e-10 4.02116e-12 3.87164e-14 2.4367e-16
 3.30726e-07 1.00091e-05 0.000178615 0.00187963 0.0116688 0.0428163 0.093703 0.127517 0.126546 0.126405 0.137712 0.133233 0.104388 0.0617018 0.0248176 0.0063238 0.000995399 9.74412e-05 6.10422e-06 2.54872e-07 7.33409e-09 1.46413e-10 1.99179e-12 1.80321e-14 1.06694e-16
 4.79912e-07 1.37481e-05 0.000232231 0.00231333 0.0135954 0.047242 0.0980722 0.127495 0.123608 0.124034 0.135948 0.13276 0.104457 0.0604392 0.0232576 0.00561338 0.000836352 7.78712e-05 4.67329e-06 1.87727e-07 5.17378e-09 9.76518e-11 1.23799e-12 1.03405e-14 5.62181e-17
 7.29729e-07 1.97895e-05 0.000316453 0.00298422 0.0166045 0.0546482 0.10764 0.133733 0.126492 0.125841 0.13452 0.12644 0.0950011 0.052012 0.0188267 0.00426687 0.000597639 5.2476e-05 2.98333e-06 1.14013e-07 2.9954e-09 5.38595e-11 6.49102e-13 5.13802e-15 2.63489e-17
 9.99969e-07 2.56748e-05 0.000388716 0.00347078 0.0182895 0.0570708 0.107119 0.129448 0.12565 0.131786 0.14084 0.127632 0.0912353 0.0471266 0.0160226 0.0034074 0.000448333 3.70743e-05 1.99108e-06 7.20194e-08 1.78978e-09 3.03688e-11 3.44604e-13 2.56503e-15 1.23618e-17
 1.2249e-06 2.978e-05 0.000426935 0.00361002 0.0180229 0.0533888 0.0959845 0.115027 0.119601 0.137235 0.15182 0.138835 0.0981215 0.0487622 0.0156325 0.00309581 0.000375226 2.81994e-05 1.35419e-06 4.32445e-08 9.48587e-10 1.43931e-11 1.48556e-13 1.01892e-15 4.55709e-18
#spawning biomass
 22504.8 24207.8 22133.3 22712.4 32960.9 50989 66757.5 88193.9 106411 136085 167679 195322 229596 255718 256526 226884 232662 240643 208141 215305 232630 242126 207277 229322 248528 212365 227081 190620 187643 417111 466127 449165 397107 334101 274188 223559 183679 153681 131826 116265 105371 97839.1 92664.3 89060.6 86672.1 85089.2 84040 83344.7 82883.9 82578.5 82376.1 82241.9 82153 82094.1 82055 82029.1 82012 82000.6 81993.1 81988.1 81984.7 81982.6 81981.1 81980.1 81979.5 81979.1 81978.8 81978.6 81978.5 81978.4 81978.3 81978.3 81978.3 81978.3 81978.3 81978.3 81978.3 81978.2 81978.2 81978.2 81978.2 81978.2 81978.2 81978.2 81978.2 81978.2 81978.2 81978.2 81978.2 81978.2 81978.2 81978.2 81978.2 81978.2 81978.2 81978.2 81978.2 81978.2 81978.2 81978.2 81978.2 81978.2 81978.2 81978.2 81978.2 81978.2 81978.2 81978.2 81978.2 81978.2 81978.2 81978.2 81978.2 81978.2 81978.2 81978.2 81978.2 81978.2 81978.2 81978.2 81978.2 81978.2 81978.2 81978.2 81978.2 81978.2 81978.2 81978.2 0 0 0 0 0 0 0 0 0 0 0 0 0 0 0 0 0 0 0 0 0 0 0 0 0
