SBPRF35
0.224663
Curr Bio
27855.4
B35
65800.4
F35
0.519587
FOFL
0.230343
OFL
7928.76
Bzero
64189.3
#pred survey bio
 6428.69 6853.94 7859.79 10142.1 13407.1 16682.2 15682.6 15236.8 25797.6 38960.2 37770.7 46050.9 70622.3 82675.1 72255.2 63839 58636 63140.5 59285.1 61576.3 61860.3 66043.1 72788.1 75028.9 87013.5 86040 77816.4 83448.7 3.19715e+06 2.29915e+06 1.88383e+06 1.41902e+06 1.13432e+06 983178 907153 869430 850453 840582 835210 832139 830303 829163 828433 827957 827644 827437 827298 827205 827142 827100 827072 827053 827040 827031 827025 827021 827018 827016 827015 827014 827014 827013 827013 827013 827013 827013 827013 827013 827013 827013 827013 827013 827013 827013 827013 827013 827013 827013 827013 827013 827013 827013 827013 827013 827013 827013 827013 827013 827013 827013 827013 827013 827013 827013 827013 827013 827013 827013 827013 827013 827013 827013 827013 827013 827013 827013 827013 827013 827013 827013 827013 827013 827013 827013 827013 827013 827013 827013 827013 827013 827013 827013 827013 827013 827013 827013 827013 827013 0 0 0 0 0 0 0 0 0 0 0 0 0 0 0 0 0 0 0 0 0 0 0 0 0
#obs survey bio
 5182.43 7390.59 6466.98 16365.2 14365.7 16786.6 19969.2 16666.7 41527 27292.1 28803.9 82184.4 96846.9 69216.9 57211.9 66223.7 56919.3 42077.5 92378.1 46648.1 48597.4 47045.7 73307.6 68043.1 106964 83325.9 75151.1 76057.1
#pred catch bio
 2869.95 3346.79 3589.26 4635.77 5698.83 8354.47 8737.66 7138.71 8920.12 20201.4 21540 19234.8 32471.2 46392.7 40441.5 38777.6 30161.2 36862.2 31325.8 33682.9 34526.5 33870.4 41224.7 37866.4 46501.9 49531.5 42802.1 44456.7 7928.76 28549.3 25715 18110.6 13495.1 11187.1 10120.3 9649.63 9448.05 9363.41 9328.33 9313.93 9308.05 9305.66 9304.69 9304.3 9304.14 9304.08 9304.05 9304.04 9304.04 9304.03 9304.03 9304.03 9304.03 9304.03 9304.03 9304.03 9304.03 9304.03 9304.03 9304.03 9304.03 9304.03 9304.03 9304.03 9304.03 9304.03 9304.03 9304.03 9304.03 9304.03 9304.03 9304.03 9304.03 9304.03 9304.03 9304.03 9304.03 9304.03 9304.03 9304.03 9304.03 9304.03 9304.03 9304.03 9304.03 9304.03 9304.03 9304.03 9304.03 9304.03 9304.03 9304.03 9304.03 9304.03 9304.03 9304.03 9304.03 9304.03 9304.03 9304.03 9304.03 9304.03 9304.03 9304.03 9304.03 9304.03 9304.03 9304.03 9304.03 9304.03 9304.03 9304.03 9304.03 9304.03 9304.03 9304.03 9304.03 9304.03 9304.03 9304.03 9304.03 9304.03 9304.03 9304.03 9304.03 9304.03 9304.03 9304.03 0 0 0 0 0 0 0 0 0 0 0 0 0 0 0 0 0 0 0 0 0 0 0 0 0
#obs catch bio
 3430.1 3400.02 3602.19 4631.78 5620.4 8276.14 8787.43 7211.54 8496.12 19478.5 22441.1 18492.6 30407.4 46614.5 40626.9 40274.5 29911.5 38573.9 31082.8 33397.3 35058.2 33806.8 41998.8 37766 46296.1 50163.3 43005.5 44936
#pred cpue bio
 3986.97 3721.49 3899.54 4925.8 6415.02 8744.32 8834.67 7453.18 10299.2 20137.5 20142.5 19132.1 32886.4 43122.3 38535 33656.5 27586 32103.4 28863.8 31184.3 30781.5 31063.1 36495.3 35469.5 42613.9 44610.2 39352.8 39515.5 1.55946e+06 1.71272e+06 1.63911e+06 1.20125e+06 917645 766541 690516 652793 633817 623946 618573 615503 613667 612527 611797 611321 611008 610800 610662 610569 610506 610464 610436 610416 610403 610395 610389 610385 610382 610380 610379 610378 610377 610377 610377 610377 610377 610376 610376 610376 610376 610376 610376 610376 610376 610376 610376 610376 610376 610376 610376 610376 610376 610376 610376 610376 610376 610376 610376 610376 610376 610376 610376 610376 610376 610376 610376 610376 610376 610376 610376 610376 610376 610376 610376 610376 610376 610376 610376 610376 610376 610376 610376 610376 610376 610376 610376 610376 610376 610376 610376 610376 610376 610376 610376 610376 610376 610376 610376 610376 0 0 0 0 0 0 0 0 0 0 0 0 0 0 0 0 0 0 0 0 0 0 0 0 0
#obs cpue bio
 4276.46 3379.15 3674.47 4115.13 6583.24 9514.23 6803.93 7334.4 18704.1 26000.3 18585 27717.7 60386.1 30618.3 36967.5 27548.7 22358.2 23529.9 30083.6 36405.8 35627 32701.3 36003.1 37462.9 37293.3 39773.2 37386.1 38148.1
#pred surv len freq
 2.14315e-27 2.1672e-27 5.99925e-27 1.31104e-21 7.79728e-17 1.06614e-12 3.35142e-09 2.42208e-06 0.000402425 0.0153724 0.135001 0.272572 0.1271 0.0289473 0.0946607 0.133076 0.052733 0.0383732 0.0328731 0.019725 0.0149502 0.0114195 0.0103719 0.00883789 0.00358108
 2.14329e-27 2.1683e-27 6.14967e-27 1.36211e-21 8.10099e-17 1.10767e-12 3.48196e-09 2.51643e-06 0.0004181 0.0159711 0.140259 0.28319 0.132105 0.0315192 0.107166 0.150508 0.0567484 0.0328357 0.0254274 0.0102868 0.00558414 0.00327316 0.00232361 0.00171163 0.000670587
 2.14426e-27 2.1708e-27 6.41418e-27 1.45181e-21 8.6345e-17 1.18061e-12 3.71127e-09 2.68215e-06 0.000445635 0.017023 0.149496 0.301839 0.140738 0.0317937 0.103222 0.144836 0.053337 0.0269972 0.0199025 0.00642502 0.00239674 0.000861162 0.000389599 0.000217645 7.74715e-05
 2.14443e-27 2.17121e-27 6.45564e-27 1.46586e-21 8.71804e-17 1.19204e-12 3.74718e-09 2.7081e-06 0.000449947 0.0171877 0.150943 0.304759 0.142095 0.0319903 0.103542 0.145243 0.0529188 0.0250322 0.0180934 0.00543157 0.00172688 0.00043867 0.000103988 3.23882e-05 9.13852e-06
 2.14466e-27 2.17176e-27 6.51242e-27 1.48512e-21 8.83257e-17 1.2077e-12 3.79641e-09 2.74368e-06 0.000455858 0.0174135 0.152926 0.308763 0.143943 0.0319146 0.101873 0.142875 0.0518738 0.0239675 0.0171767 0.00495872 0.00146314 0.000329506 5.41878e-05 7.80312e-06 1.2179e-06
 2.14269e-27 2.16694e-27 6.00534e-27 1.31312e-21 7.80962e-17 1.06783e-12 3.35673e-09 2.42592e-06 0.000403062 0.0153967 0.135215 0.273005 0.127465 0.0333346 0.12132 0.170344 0.0623525 0.0303809 0.0220047 0.00640664 0.0018967 0.000408501 5.92295e-05 5.75072e-06 4.01004e-07
 2.14097e-27 2.16277e-27 5.56969e-27 1.16537e-21 6.93089e-17 9.47676e-13 2.97903e-09 2.15296e-06 0.00035771 0.0136643 0.120001 0.242288 0.113297 0.0342109 0.135927 0.191044 0.0711681 0.0384886 0.0283415 0.00820293 0.00240855 0.000518629 7.34334e-05 6.35199e-06 2.98323e-07
 2.14475e-27 2.17207e-27 6.55519e-27 1.49967e-21 8.91914e-17 1.21953e-12 3.83362e-09 2.77057e-06 0.000460326 0.0175841 0.154425 0.311789 0.145305 0.0309123 0.0948427 0.133111 0.0504099 0.0297597 0.0222655 0.00661945 0.00201508 0.00043283 6.0659e-05 5.14431e-06 2.19485e-07
 2.14758e-27 2.17892e-27 7.26753e-27 1.74125e-21 1.03559e-16 1.41598e-12 4.45117e-09 3.21687e-06 0.000534478 0.0204167 0.179301 0.362012 0.168478 0.0296948 0.0722726 0.101078 0.0360994 0.0148309 0.010504 0.00335445 0.00112895 0.000252904 3.65139e-05 3.09389e-06 1.29503e-07
 2.1423e-27 2.16591e-27 5.8831e-27 1.27159e-21 7.56265e-17 1.03406e-12 3.25057e-09 2.3492e-06 0.000390316 0.0149098 0.130939 0.264372 0.123531 0.0348491 0.133167 0.186855 0.0656298 0.0234506 0.0158369 0.0044399 0.00127491 0.000301307 4.7854e-05 4.25407e-06 1.81035e-07
 2.14252e-27 2.16656e-27 5.96996e-27 1.30114e-21 7.7384e-17 1.05809e-12 3.32611e-09 2.40379e-06 0.000399386 0.0152563 0.133981 0.270515 0.126299 0.0329471 0.119705 0.168176 0.0630953 0.0354413 0.0258755 0.00650168 0.00146651 0.000292322 4.17508e-05 3.89724e-06 1.7755e-07
 2.14703e-27 2.17759e-27 7.12747e-27 1.69374e-21 1.00733e-16 1.37735e-12 4.32972e-09 3.1291e-06 0.000519895 0.0198597 0.174408 0.352135 0.163926 0.0300783 0.077591 0.108598 0.0390873 0.0170016 0.0120594 0.00351415 0.00100982 0.000185751 2.0745e-05 1.63038e-06 7.15254e-08
 2.14456e-27 2.17144e-27 6.46754e-27 1.46984e-21 8.74169e-17 1.19527e-12 3.75735e-09 2.71545e-06 0.000451168 0.0172343 0.151352 0.305586 0.142517 0.0330455 0.109734 0.153789 0.053457 0.0173062 0.0113561 0.00311889 0.000846496 0.000177921 2.31894e-05 1.6377e-06 5.85397e-08
 2.14257e-27 2.16664e-27 5.96898e-27 1.30077e-21 7.73616e-17 1.05778e-12 3.32515e-09 2.40309e-06 0.000399271 0.0152519 0.133943 0.270437 0.126293 0.0337525 0.124645 0.174998 0.0635783 0.0294754 0.0207984 0.00510212 0.00108685 0.000208112 2.7159e-05 2.15452e-06 7.98756e-08
 2.14199e-27 2.16519e-27 5.81591e-27 1.24884e-21 7.42734e-17 1.01556e-12 3.19242e-09 2.30717e-06 0.000383333 0.014643 0.128596 0.259642 0.121322 0.0342714 0.131066 0.184042 0.0666722 0.0303306 0.0215164 0.00577962 0.00144975 0.000254006 2.6737e-05 1.94281e-06 7.48759e-08
 2.14258e-27 2.16668e-27 5.97831e-27 1.30396e-21 7.75512e-17 1.06037e-12 3.3333e-09 2.40899e-06 0.000400249 0.0152893 0.134271 0.2711 0.126584 0.0333217 0.121815 0.171071 0.0630142 0.0319058 0.0230739 0.00621572 0.0015943 0.000304908 3.51039e-05 2.30095e-06 7.62309e-08
 2.14456e-27 2.17148e-27 6.47486e-27 1.47234e-21 8.75657e-17 1.1973e-12 3.76374e-09 2.72007e-06 0.000451935 0.0172636 0.15161 0.306106 0.142744 0.03269 0.107408 0.15057 0.053148 0.0198287 0.0134716 0.00359802 0.000910753 0.000174272 2.08176e-05 1.47288e-06 4.92392e-08
 2.14281e-27 2.16716e-27 6.01732e-27 1.31713e-21 7.83348e-17 1.07109e-12 3.36698e-09 2.43333e-06 0.000404294 0.0154437 0.135628 0.273839 0.127884 0.034226 0.12651 0.17751 0.0628705 0.0241268 0.0163904 0.00408169 0.000896128 0.000166163 1.98048e-05 1.42625e-06 5.00667e-08
 2.14393e-27 2.16994e-27 6.31399e-27 1.41778e-21 8.43207e-17 1.15293e-12 3.62426e-09 2.61927e-06 0.000435187 0.0166239 0.145992 0.294763 0.137514 0.0330555 0.113058 0.158575 0.0565467 0.0229143 0.0157321 0.0038431 0.000795092 0.000135197 1.42668e-05 9.82587e-07 3.46008e-08
 2.14304e-27 2.16776e-27 6.08281e-27 1.33936e-21 7.96567e-17 1.08916e-12 3.4238e-09 2.47439e-06 0.000411116 0.0157044 0.137916 0.27846 0.130004 0.0338029 0.122534 0.171939 0.061352 0.0249935 0.0172563 0.00441999 0.00101244 0.000172585 1.70644e-05 1.05996e-06 3.41308e-08
 2.14366e-27 2.16929e-27 6.24864e-27 1.39563e-21 8.30034e-17 1.13492e-12 3.56765e-09 2.57835e-06 0.000428389 0.0163642 0.143711 0.290158 0.135381 0.0329532 0.113821 0.159707 0.057696 0.0257419 0.0181079 0.00464092 0.00107287 0.000191811 2.0406e-05 1.26139e-06 3.76762e-08
 2.14459e-27 2.17154e-27 6.48195e-27 1.47475e-21 8.77089e-17 1.19926e-12 3.7699e-09 2.72452e-06 0.000452674 0.0172919 0.151858 0.306607 0.142973 0.0326289 0.106884 0.149839 0.0530052 0.0201402 0.0137114 0.00357606 0.000857378 0.000154635 1.67803e-05 1.09215e-06 3.39363e-08
 2.14316e-27 2.16802e-27 6.10815e-27 1.34794e-21 8.01674e-17 1.09615e-12 3.44575e-09 2.49025e-06 0.000413752 0.015805 0.138801 0.280245 0.130834 0.0339103 0.122652 0.172072 0.060942 0.02338 0.0158929 0.00398614 0.000884919 0.000160206 1.79664e-05 1.19482e-06 3.83335e-08
 2.14458e-27 2.17154e-27 6.48388e-27 1.47541e-21 8.77483e-17 1.1998e-12 3.77159e-09 2.72574e-06 0.000452878 0.0172996 0.151926 0.306745 0.14303 0.0324543 0.105776 0.148313 0.0529359 0.0216064 0.0148695 0.00366488 0.000775383 0.000133432 1.40992e-05 9.36709e-07 3.08317e-08
 2.14377e-27 2.16953e-27 6.2703e-27 1.40295e-21 8.3439e-17 1.14088e-12 3.58637e-09 2.59188e-06 0.000430637 0.01645 0.144465 0.291681 0.136097 0.033267 0.115278 0.16169 0.0574352 0.0225801 0.0154853 0.00401368 0.000943718 0.000163402 1.65086e-05 1.03681e-06 3.29258e-08
 2.14246e-27 2.16633e-27 5.9321e-27 1.28823e-21 7.66162e-17 1.04759e-12 3.29311e-09 2.37994e-06 0.000395424 0.0151049 0.132652 0.267832 0.125109 0.034286 0.128687 0.18062 0.0645316 0.0265454 0.0183421 0.00463711 0.00104499 0.000188113 2.04968e-05 1.29384e-06 3.93071e-08
 2.14326e-27 2.1683e-27 6.14372e-27 1.36004e-21 8.08866e-17 1.10598e-12 3.47666e-09 2.51259e-06 0.000417464 0.0159468 0.140046 0.282759 0.131974 0.0333255 0.118324 0.166053 0.059935 0.0265714 0.0186482 0.00472503 0.00106363 0.000186994 1.99538e-05 1.30946e-06 4.15562e-08
 2.14464e-27 2.17169e-27 6.50102e-27 1.48123e-21 8.80945e-17 1.20454e-12 3.78647e-09 2.73649e-06 0.000454665 0.0173679 0.152526 0.307955 0.143583 0.0322755 0.10432 0.146277 0.0524342 0.0221195 0.0154283 0.00406684 0.000992058 0.000177617 1.88554e-05 1.21482e-06 3.86507e-08
#obs surv len freq
 8.66992e-40 4.24333e-33 4.77466e-27 1.23516e-21 7.34596e-17 1.00443e-12 3.15742e-09 2.28188e-06 0.000379137 0.0144825 0.127186 0.256795 0.119928 0.0321744 0.119121 0.167522 0.065043 0.0432501 0.033854 0.0127597 0.00543281 0.00165116 0.000365339 4.94727e-05 3.41569e-06
 1.03522e-39 5.06669e-33 5.70112e-27 1.47483e-21 8.77134e-17 1.19932e-12 3.77008e-09 2.72465e-06 0.000452704 0.0172927 0.151865 0.306621 0.142904 0.030589 0.0944262 0.132587 0.0510191 0.0325784 0.0252622 0.00922895 0.0037878 0.00111252 0.000238381 3.14571e-05 2.1116e-06
 9.70969e-40 4.75222e-33 5.34727e-27 1.38329e-21 8.22694e-17 1.12489e-12 3.53609e-09 2.55554e-06 0.000424606 0.0162194 0.142439 0.287591 0.13419 0.0328251 0.113812 0.159701 0.0577382 0.0259545 0.0189397 0.00664984 0.00260644 0.000735112 0.000150461 1.91054e-05 1.24392e-06
 1.05054e-39 5.14167e-33 5.78549e-27 1.49665e-21 8.90115e-17 1.21707e-12 3.82587e-09 2.76497e-06 0.000459403 0.0175486 0.154112 0.311158 0.14503 0.0313526 0.0977204 0.137098 0.0508709 0.0269034 0.0197324 0.00570583 0.00174787 0.000457553 8.85137e-05 1.06888e-05 6.66699e-07
 9.85053e-40 4.82115e-33 5.42484e-27 1.40336e-21 8.34628e-17 1.1412e-12 3.58738e-09 2.59261e-06 0.000430765 0.0164547 0.144505 0.291763 0.13612 0.0328716 0.112839 0.158304 0.0569246 0.0246031 0.0175483 0.00543887 0.00174834 0.000380605 5.899e-05 6.47117e-06 3.81195e-07
 8.14617e-40 3.98699e-33 4.48622e-27 1.16054e-21 6.90218e-17 9.43749e-13 2.96668e-09 2.14403e-06 0.000356233 0.0136077 0.119502 0.241284 0.112855 0.0347981 0.139814 0.196434 0.0718588 0.0348683 0.0251213 0.00701556 0.00197126 0.000440086 6.53702e-05 5.88058e-06 2.94687e-07
 7.92414e-40 3.87832e-33 4.36395e-27 1.12891e-21 6.71406e-17 9.18026e-13 2.88582e-09 2.08559e-06 0.000346524 0.0132368 0.116245 0.234707 0.109769 0.033592 0.134434 0.18911 0.0728172 0.0465557 0.0351488 0.0102915 0.00303244 0.000620359 8.34738e-05 7.23007e-06 3.20269e-07
 1.32864e-39 6.50277e-33 7.31702e-27 1.89285e-21 1.12575e-16 1.53925e-12 4.83866e-09 3.49691e-06 0.000581016 0.0221941 0.194908 0.393524 0.182963 0.0274588 0.0491256 0.0685669 0.0261925 0.0161532 0.0123417 0.0041533 0.00146774 0.000319171 4.3129e-05 3.43937e-06 1.40771e-07
 1.10445e-39 5.40554e-33 6.0824e-27 1.57346e-21 9.35796e-17 1.27953e-12 4.02222e-09 2.90687e-06 0.00048298 0.0184492 0.162021 0.327127 0.152461 0.0326557 0.100862 0.14116 0.047306 0.00961446 0.00532841 0.00173367 0.000616328 0.000152907 2.41859e-05 2.03421e-06 8.06797e-08
 6.36027e-40 3.11291e-33 3.5027e-27 9.06115e-22 5.389e-17 7.36849e-13 2.31629e-09 1.67399e-06 0.000278136 0.0106244 0.0933037 0.18839 0.088548 0.0387101 0.179637 0.252362 0.0888584 0.0324114 0.0214671 0.00459275 0.000659881 0.000131055 2.16696e-05 2.08472e-06 9.17798e-08
 1.22788e-39 6.00961e-33 6.76211e-27 1.74929e-21 1.04037e-16 1.42252e-12 4.4717e-09 3.23171e-06 0.000536953 0.0205109 0.180127 0.363681 0.16918 0.0278314 0.060395 0.0846692 0.0348809 0.0289488 0.0221765 0.00563145 0.00123078 0.000181886 1.43611e-05 1.06744e-06 4.99776e-08
 1.18168e-39 5.7835e-33 6.50768e-27 1.68348e-21 1.00123e-16 1.369e-12 4.30345e-09 3.11011e-06 0.00051675 0.0197392 0.173349 0.349998 0.162983 0.0312594 0.085445 0.119473 0.0402412 0.00887234 0.00523734 0.00197139 0.000754645 0.000141784 1.37011e-05 7.15241e-07 1.98356e-08
 8.80063e-40 4.3073e-33 4.84664e-27 1.25378e-21 7.4567e-17 1.01957e-12 3.20502e-09 2.31628e-06 0.000384853 0.0147009 0.129103 0.260668 0.12185 0.0356897 0.139414 0.195561 0.0673532 0.0197597 0.0123093 0.0026709 0.000421694 9.54354e-05 1.50259e-05 1.03178e-06 2.86955e-08
 9.29329e-40 4.54842e-33 5.11796e-27 1.32397e-21 7.87413e-17 1.07665e-12 3.38444e-09 2.44594e-06 0.000406397 0.0155238 0.13633 0.275259 0.128506 0.0332996 0.120427 0.169097 0.062113 0.0308915 0.0219737 0.0051175 0.000910778 0.000130377 1.13024e-05 8.86807e-07 3.49562e-08
 7.3747e-40 3.6094e-33 4.06136e-27 1.05064e-21 6.24852e-17 8.54372e-13 2.68573e-09 1.94098e-06 0.000322497 0.012319 0.108185 0.218435 0.102345 0.0362416 0.155513 0.218505 0.0788695 0.0349999 0.0248702 0.00709779 0.00194504 0.000321612 2.66169e-05 1.33946e-06 3.9416e-08
 1.12567e-39 5.50938e-33 6.19924e-27 1.60369e-21 9.53772e-17 1.30411e-12 4.09948e-09 2.9627e-06 0.000492258 0.0188036 0.165133 0.33341 0.155263 0.0298997 0.0821446 0.115216 0.0441408 0.0275552 0.0205708 0.00558095 0.00146081 0.000290924 3.41596e-05 1.98777e-06 4.94343e-08
 8.69669e-40 4.25643e-33 4.7894e-27 1.23897e-21 7.36863e-17 1.00753e-12 3.16717e-09 2.28892e-06 0.000380308 0.0145273 0.127578 0.257589 0.120426 0.0356819 0.140294 0.196805 0.0678113 0.0200332 0.0130093 0.00417106 0.0013786 0.000275323 3.32968e-05 2.39091e-06 7.62983e-08
 9.56432e-40 4.68107e-33 5.26722e-27 1.36258e-21 8.10377e-17 1.10804e-12 3.48315e-09 2.51728e-06 0.000418249 0.0159766 0.140306 0.283286 0.132198 0.0328056 0.114992 0.161452 0.0596235 0.0306309 0.0219158 0.00514413 0.00100401 0.000211204 3.04508e-05 2.31047e-06 8.15065e-08
 1.00982e-39 4.94237e-33 5.56123e-27 1.43864e-21 8.55611e-17 1.16989e-12 3.67757e-09 2.65779e-06 0.000441595 0.0168684 0.148138 0.299098 0.139503 0.0326427 0.109231 0.153203 0.0549298 0.0232272 0.0163748 0.00475111 0.00133719 0.000227623 2.26162e-05 1.73288e-06 6.84858e-08
 8.62022e-40 4.219e-33 4.74729e-27 1.22808e-21 7.30384e-17 9.98668e-13 3.13932e-09 2.2688e-06 0.000376964 0.0143995 0.126457 0.255324 0.119355 0.0350434 0.13708 0.19242 0.0682757 0.0266067 0.0182588 0.00487078 0.00124593 0.000251359 3.05334e-05 1.94297e-06 6.28592e-08
 1.11983e-39 5.48079e-33 6.16707e-27 1.59536e-21 9.48822e-17 1.29734e-12 4.07821e-09 2.94733e-06 0.000489703 0.018706 0.164276 0.33168 0.154492 0.0306814 0.0874383 0.122559 0.0451213 0.0227695 0.0163819 0.00421186 0.000984102 0.00018254 2.16948e-05 1.58574e-06 5.35803e-08
 8.88811e-40 4.35011e-33 4.89482e-27 1.26624e-21 7.53082e-17 1.0297e-12 3.23688e-09 2.3393e-06 0.000388678 0.014847 0.130386 0.263259 0.123035 0.0353642 0.136646 0.191678 0.0662246 0.0201388 0.0130292 0.00373242 0.00105147 0.000193874 2.10503e-05 1.44274e-06 5.04183e-08
 1.00084e-39 4.89843e-33 5.51179e-27 1.42585e-21 8.48005e-17 1.15949e-12 3.64488e-09 2.63416e-06 0.000437669 0.0167184 0.146821 0.296439 0.138259 0.0322547 0.107664 0.151105 0.0557124 0.0283498 0.0202739 0.00481309 0.000946955 0.000179524 2.22961e-05 1.52092e-06 4.95926e-08
 1.03327e-39 5.05712e-33 5.69035e-27 1.47204e-21 8.75478e-17 1.19706e-12 3.76296e-09 2.7195e-06 0.000451849 0.01726 0.151578 0.306042 0.14271 0.0325579 0.106621 0.149479 0.0530113 0.0205807 0.0142323 0.0041069 0.00114959 0.000196608 1.89476e-05 1.28767e-06 4.47926e-08
 8.76137e-40 4.28808e-33 4.82502e-27 1.24819e-21 7.42344e-17 1.01502e-12 3.19073e-09 2.30595e-06 0.000383136 0.0146353 0.128527 0.259505 0.121288 0.0350324 0.135753 0.190518 0.0671799 0.0248381 0.0167731 0.00431086 0.00102544 0.000202983 2.45216e-05 1.54019e-06 4.65455e-08
 9.25053e-40 4.52749e-33 5.09441e-27 1.31787e-21 7.83789e-17 1.07169e-12 3.36887e-09 2.43469e-06 0.000404527 0.0154524 0.135703 0.273992 0.127918 0.0332382 0.120434 0.16912 0.0622925 0.031519 0.0226527 0.00573042 0.00128536 0.000228137 2.55333e-05 1.82011e-06 6.07688e-08
 9.68943e-40 4.7423e-33 5.33612e-27 1.3804e-21 8.20977e-17 1.12254e-12 3.52871e-09 2.5502e-06 0.00042372 0.0161856 0.142142 0.286991 0.13392 0.0330323 0.115258 0.161735 0.058434 0.0261072 0.0185933 0.00535806 0.00151274 0.000274239 2.84962e-05 1.84907e-06 6.16929e-08
 1.12763e-39 5.51895e-33 6.21001e-27 1.60647e-21 9.55428e-17 1.30637e-12 4.1066e-09 2.96785e-06 0.000493112 0.0188363 0.16542 0.333989 0.155574 0.0310572 0.0890362 0.124719 0.0446276 0.0185822 0.0129686 0.00353798 0.000939846 0.000190527 2.36245e-05 1.57027e-06 4.88429e-08
#pred catch len freq
 2.13554e-27 2.14773e-27 3.91905e-27 6.05453e-22 3.60085e-17 4.92352e-13 1.54772e-09 1.11854e-06 0.000185844 0.0070991 0.0623446 0.125882 0.059334 0.0303137 0.147209 0.207709 0.0860792 0.0734738 0.0641246 0.038871 0.0295938 0.0226226 0.0205505 0.0175113 0.00709551
 2.13589e-27 2.15011e-27 4.23663e-27 7.13259e-22 4.24202e-17 5.8002e-13 1.8233e-09 1.31771e-06 0.000218935 0.00836316 0.0734457 0.148296 0.0698877 0.0354102 0.171575 0.24166 0.0937231 0.0620473 0.0489677 0.0199482 0.0108857 0.00638629 0.00453436 0.00334017 0.00130863
 2.13676e-27 2.15246e-27 4.48767e-27 7.98376e-22 4.74824e-17 6.49238e-13 2.04089e-09 1.47496e-06 0.000245062 0.00936119 0.0822104 0.165992 0.0781179 0.0367167 0.174219 0.245189 0.0925321 0.0536968 0.0404608 0.0131387 0.00493265 0.00177453 0.00080306 0.000448636 0.000159694
 2.13701e-27 2.15307e-27 4.54752e-27 8.1865e-22 4.86882e-17 6.65724e-13 2.09271e-09 1.51241e-06 0.000251285 0.0095989 0.0842981 0.170207 0.0800849 0.0372058 0.175935 0.24752 0.0922078 0.0498836 0.0368989 0.0111359 0.00356381 0.000906499 0.000214975 6.69617e-05 1.88937e-05
 2.13701e-27 2.15307e-27 4.545e-27 8.17788e-22 4.86369e-17 6.65023e-13 2.09051e-09 1.51082e-06 0.00025102 0.00958879 0.0842093 0.170028 0.0800077 0.0373574 0.176915 0.248886 0.0925096 0.0494062 0.0363193 0.0105431 0.00313413 0.000706905 0.000116307 1.67504e-05 2.61444e-06
 2.13554e-27 2.14947e-27 4.16873e-27 6.90167e-22 4.10468e-17 5.61242e-13 1.76427e-09 1.27504e-06 0.000211847 0.0080924 0.0710679 0.143496 0.0677742 0.0382263 0.190216 0.267709 0.100164 0.0554919 0.0410618 0.0120126 0.003579 0.000771822 0.000111954 1.08712e-05 7.58077e-07
 2.13434e-27 2.14659e-27 3.87285e-27 5.89846e-22 3.50803e-17 4.79661e-13 1.50782e-09 1.08971e-06 0.000181053 0.0069161 0.0607376 0.12264 0.0581372 0.0383668 0.19736 0.277934 0.10589 0.0643905 0.0482498 0.0140241 0.00414139 0.000892804 0.000126459 1.09399e-05 5.13807e-07
 2.13734e-27 2.15401e-27 4.66352e-27 8.5808e-22 5.10332e-17 6.97789e-13 2.19351e-09 1.58525e-06 0.000263388 0.0100612 0.0883582 0.178404 0.0838058 0.0353761 0.162295 0.228546 0.0889649 0.0597062 0.045449 0.0135778 0.0041594 0.000894538 0.000125416 1.06375e-05 4.53867e-07
 2.14019e-27 2.16081e-27 5.35781e-27 1.09347e-21 6.5033e-17 8.89211e-13 2.79525e-09 2.02013e-06 0.000335642 0.0128213 0.112597 0.227342 0.10643 0.0353581 0.147435 0.207177 0.07563 0.036244 0.0264779 0.00851431 0.00288661 0.000647542 9.35368e-05 7.92667e-06 3.31801e-07
 2.13549e-27 2.14919e-27 4.11596e-27 6.72154e-22 3.99755e-17 5.46594e-13 1.71823e-09 1.24177e-06 0.000206318 0.00788119 0.0692131 0.139752 0.066126 0.0404319 0.204809 0.287931 0.102579 0.0412985 0.028703 0.00808325 0.00233542 0.000552668 8.78061e-05 7.80639e-06 3.32214e-07
 2.13593e-27 2.15047e-27 4.28134e-27 7.284e-22 4.33207e-17 5.92333e-13 1.86201e-09 1.34568e-06 0.000223582 0.00854069 0.0750048 0.151444 0.0714111 0.0372198 0.181677 0.255815 0.0979575 0.0609734 0.0451723 0.0113819 0.0025812 0.000515233 7.36135e-05 6.8721e-06 3.13083e-07
 2.14007e-27 2.16054e-27 5.32903e-27 1.08371e-21 6.44524e-17 8.81272e-13 2.77029e-09 2.0021e-06 0.000332645 0.0127068 0.111592 0.225312 0.105493 0.0353876 0.148227 0.20832 0.0764419 0.0378272 0.0274963 0.00805208 0.0023285 0.000428852 4.79169e-05 3.76652e-06 1.65244e-07
 2.1374e-27 2.15385e-27 4.60485e-27 8.37975e-22 4.98375e-17 6.81439e-13 2.14211e-09 1.54811e-06 0.000257216 0.00982549 0.086288 0.174225 0.0820186 0.0392317 0.187092 0.262875 0.0926101 0.0339829 0.0230689 0.00636632 0.0017395 0.000366153 4.77422e-05 3.37209e-06 1.2054e-07
 2.13602e-27 2.15059e-27 4.2779e-27 7.27157e-22 4.32467e-17 5.91322e-13 1.85883e-09 1.34338e-06 0.000223201 0.00852612 0.0748768 0.151186 0.0713433 0.0385938 0.190142 0.267507 0.0988197 0.0508702 0.0365663 0.00899509 0.00192683 0.000369512 4.82392e-05 3.8272e-06 1.41891e-07
 2.13542e-27 2.14911e-27 4.12229e-27 6.74375e-22 4.01076e-17 5.484e-13 1.7239e-09 1.24587e-06 0.000206999 0.00790723 0.0694417 0.140213 0.0662887 0.0390861 0.196455 0.276398 0.101844 0.051663 0.0373806 0.0100763 0.0025414 0.000445812 4.69448e-05 3.4117e-06 1.3149e-07
 2.13645e-27 2.15168e-27 4.40027e-27 7.687e-22 4.57175e-17 6.25105e-13 1.96503e-09 1.42013e-06 0.000235952 0.00901322 0.0791546 0.159823 0.0753011 0.03766 0.181839 0.255877 0.0956965 0.0528686 0.0387784 0.0104741 0.00269786 0.000516445 5.94743e-05 3.89871e-06 1.29168e-07
 2.13787e-27 2.15505e-27 4.73738e-27 8.8296e-22 5.2513e-17 7.18021e-13 2.25711e-09 1.63122e-06 0.000271025 0.010353 0.0909202 0.183577 0.0863048 0.0382339 0.178182 0.250415 0.0895725 0.037187 0.0258925 0.00694037 0.00176645 0.000338429 4.04414e-05 2.86164e-06 9.56685e-08
 2.13659e-27 2.1519e-27 4.4034e-27 7.69665e-22 4.57749e-17 6.2589e-13 1.96749e-09 1.42191e-06 0.000236249 0.00902454 0.079254 0.160024 0.0754573 0.039344 0.192058 0.269993 0.096751 0.0407038 0.028225 0.0070473 0.00155462 0.00028862 3.44113e-05 2.47837e-06 8.70022e-08
 2.13725e-27 2.15353e-27 4.58056e-27 8.29783e-22 4.93503e-17 6.74778e-13 2.12117e-09 1.53298e-06 0.000254702 0.00972944 0.0854445 0.172522 0.0812003 0.038409 0.182583 0.256697 0.0928823 0.0418871 0.0294021 0.00720352 0.00149888 0.000255265 2.69479e-05 1.85622e-06 6.53669e-08
 2.13644e-27 2.15156e-27 4.37255e-27 7.59225e-22 4.5154e-17 6.174e-13 1.94081e-09 1.40263e-06 0.000233044 0.00890213 0.078179 0.157853 0.074442 0.0390286 0.190787 0.268273 0.0971251 0.0439815 0.0310362 0.007975 0.0018368 0.000313527 3.10118e-05 1.92659e-06 6.20384e-08
 2.13718e-27 2.15343e-27 4.57561e-27 8.28131e-22 4.92521e-17 6.73434e-13 2.11695e-09 1.52993e-06 0.000254195 0.00971007 0.0852743 0.172178 0.0810222 0.0378973 0.179563 0.252528 0.0925984 0.0455828 0.032657 0.00839373 0.00195018 0.000349085 3.715e-05 2.29669e-06 6.86015e-08
 2.13788e-27 2.15507e-27 4.74079e-27 8.84121e-22 5.2582e-17 7.18965e-13 2.26008e-09 1.63336e-06 0.000271381 0.0103666 0.0910397 0.183819 0.0864132 0.038151 0.177603 0.249616 0.0895141 0.0378746 0.0264146 0.00691302 0.00166672 0.000301002 3.26757e-05 2.127e-06 6.60938e-08
 2.13679e-27 2.15238e-27 4.45487e-27 7.87129e-22 4.68135e-17 6.40091e-13 2.01213e-09 1.45418e-06 0.000241609 0.0092293 0.0810522 0.163655 0.0771283 0.0391446 0.189746 0.266737 0.0956386 0.0404079 0.0280646 0.00705875 0.00157493 0.000285493 3.20274e-05 2.13015e-06 6.83438e-08
 2.13776e-27 2.15481e-27 4.71638e-27 8.75859e-22 5.20907e-17 7.12247e-13 2.23896e-09 1.6181e-06 0.000268845 0.0102697 0.090189 0.182101 0.0856095 0.0378938 0.176551 0.248201 0.0899664 0.0410675 0.0289176 0.00714977 0.00152182 0.000262302 2.77278e-05 1.84242e-06 6.06451e-08
 2.13713e-27 2.15324e-27 4.54823e-27 8.1881e-22 4.86977e-17 6.65854e-13 2.09312e-09 1.5127e-06 0.000251334 0.00960078 0.0843145 0.170241 0.0801541 0.0386364 0.184659 0.259594 0.0935009 0.040843 0.0286529 0.00745115 0.00176151 0.000305394 3.08657e-05 1.93877e-06 6.15712e-08
 2.13611e-27 2.15075e-27 4.28653e-27 7.30046e-22 4.34186e-17 5.93671e-13 1.86621e-09 1.34872e-06 0.000224087 0.00855999 0.0751743 0.151787 0.0716478 0.0393058 0.194307 0.273241 0.0989581 0.0449144 0.0316657 0.00802833 0.00181844 0.000327761 3.57249e-05 2.25537e-06 6.85202e-08
 2.13666e-27 2.15213e-27 4.43807e-27 7.81475e-22 4.64772e-17 6.35493e-13 1.99768e-09 1.44373e-06 0.000239874 0.00916301 0.08047 0.162479 0.0765547 0.0383454 0.185222 0.260512 0.0955198 0.0469988 0.0336327 0.00854736 0.0019345 0.000340558 3.63539e-05 2.38601e-06 7.57233e-08
 2.1381e-27 2.15566e-27 4.80874e-27 9.07197e-22 5.39545e-17 7.37731e-13 2.31907e-09 1.676e-06 0.000278464 0.0106371 0.093416 0.188616 0.0886039 0.0374255 0.171728 0.24142 0.0877891 0.0409611 0.0291482 0.00770769 0.00188977 0.000338737 3.59718e-05 2.3179e-06 7.37484e-08
#obs catch len freq
 4.07408e-40 1.99398e-33 2.24366e-27 5.80413e-22 3.45193e-17 4.7199e-13 1.4837e-09 1.07228e-06 0.00017816 0.00680549 0.0597658 0.120677 0.0571367 0.0358762 0.182744 0.257653 0.102906 0.0767977 0.0611902 0.0237837 0.0104264 0.00322172 0.000727758 0.00010122 7.22307e-06
 4.19787e-40 2.05456e-33 2.31183e-27 5.98048e-22 3.55682e-17 4.8633e-13 1.52878e-09 1.10486e-06 0.000183573 0.00701226 0.0615817 0.124344 0.0588438 0.0361985 0.183607 0.258802 0.102428 0.0737671 0.0582955 0.0220014 0.00937184 0.00284343 0.000627847 8.48795e-05 5.85297e-06
 5.74448e-40 2.81153e-33 3.16358e-27 8.18387e-22 4.86725e-17 6.65509e-13 2.09203e-09 1.51192e-06 0.000251207 0.00959579 0.0842702 0.170151 0.0799801 0.0350982 0.163085 0.229707 0.0899135 0.0618835 0.0484362 0.017709 0.00726817 0.00213079 0.000455567 6.00146e-05 4.02346e-06
 5.20928e-40 2.54958e-33 2.86883e-27 7.42139e-22 4.41378e-17 6.03504e-13 1.89712e-09 1.37105e-06 0.000227802 0.00870176 0.0764189 0.1543 0.0727761 0.0384068 0.188059 0.264501 0.0966851 0.0467633 0.0345913 0.0121529 0.00476236 0.00134063 0.000273779 3.47031e-05 2.25654e-06
 6.01656e-40 2.94469e-33 3.31341e-27 8.57147e-22 5.09778e-17 6.97029e-13 2.19112e-09 1.58352e-06 0.000263105 0.0100503 0.0882615 0.17821 0.0837625 0.0366117 0.169896 0.239051 0.0898346 0.0509509 0.0377728 0.0109252 0.00334513 0.000873985 0.000168677 2.03325e-05 1.26651e-06
 5.46237e-40 2.67345e-33 3.00821e-27 7.78196e-22 4.62822e-17 6.32826e-13 1.98929e-09 1.43767e-06 0.00023887 0.00912454 0.0801318 0.161797 0.076247 0.0385457 0.186649 0.262458 0.0952681 0.0439664 0.0317611 0.00984381 0.00316199 0.000687174 0.000106217 1.16284e-05 6.84026e-07
 4.07672e-40 1.99527e-33 2.24511e-27 5.8079e-22 3.45418e-17 4.72296e-13 1.48467e-09 1.07297e-06 0.000178276 0.00680991 0.0598046 0.120757 0.0573189 0.039755 0.206401 0.290459 0.107357 0.0554861 0.0404046 0.0112814 0.00316626 0.000705557 0.000104554 9.38743e-06 4.69648e-07
 3.93983e-40 1.92828e-33 2.16973e-27 5.61288e-22 3.33819e-17 4.56437e-13 1.43481e-09 1.03694e-06 0.00017229 0.00658124 0.0577965 0.116702 0.0553643 0.0376243 0.194616 0.274245 0.107029 0.0726149 0.0552245 0.0161609 0.00475555 0.000971164 0.000130332 1.12668e-05 4.98345e-07
 9.78243e-40 4.78782e-33 5.38733e-27 1.39365e-21 8.28857e-17 1.13331e-12 3.56258e-09 2.57468e-06 0.000427787 0.0163409 0.143506 0.289745 0.135126 0.0312337 0.103448 0.145353 0.0562116 0.0366916 0.028237 0.00949358 0.00334979 0.000727108 9.80079e-05 7.80104e-06 3.18794e-07
 6.91387e-40 3.38386e-33 3.80757e-27 9.84983e-22 5.85806e-17 8.00985e-13 2.5179e-09 1.81969e-06 0.000302345 0.0115492 0.101425 0.204787 0.0961527 0.039356 0.178638 0.250662 0.084237 0.0179061 0.0101648 0.00330525 0.00117264 0.000290283 4.58068e-05 3.84618e-06 1.52326e-07
 2.99333e-40 1.46503e-33 1.64847e-27 4.26444e-22 2.53623e-17 3.46783e-13 1.09011e-09 7.87828e-07 0.000130899 0.00500017 0.0439115 0.0886704 0.0426217 0.0434083 0.238373 0.3352 0.118751 0.0456282 0.030601 0.0065458 0.000938174 0.000185773 3.06349e-05 2.94202e-06 1.29358e-07
 8.5201e-40 4.17e-33 4.69215e-27 1.21381e-21 7.21901e-17 9.8707e-13 3.10286e-09 2.24244e-06 0.000372585 0.0142323 0.124988 0.252358 0.117837 0.0311251 0.114055 0.1607 0.0671207 0.0582107 0.0447718 0.011356 0.00247504 0.000365235 2.87472e-05 2.12982e-06 9.95589e-08
 7.91675e-40 3.8747e-33 4.35988e-27 1.12786e-21 6.70779e-17 9.1717e-13 2.88313e-09 2.08365e-06 0.000346201 0.0132244 0.116137 0.23449 0.109814 0.0374796 0.158231 0.221962 0.0749766 0.0172472 0.0103864 0.00390415 0.00149165 0.000279835 2.6976e-05 1.40565e-06 3.89005e-08
 4.89563e-40 2.39607e-33 2.6961e-27 6.97456e-22 4.14803e-17 5.67168e-13 1.7829e-09 1.2885e-06 0.000214087 0.00817784 0.0718178 0.145012 0.0686023 0.0416173 0.210459 0.295666 0.102231 0.0312984 0.0197641 0.00428671 0.000674336 0.000152089 2.38948e-05 1.63859e-06 4.55115e-08
 5.25395e-40 2.57144e-33 2.89343e-27 7.48503e-22 4.45163e-17 6.0868e-13 1.91339e-09 1.38281e-06 0.000229756 0.00877638 0.0770742 0.155623 0.0733864 0.0383695 0.187434 0.263703 0.0976474 0.050964 0.0365411 0.00850409 0.00150947 0.000215714 1.86383e-05 1.4583e-06 5.74178e-08
 3.7572e-40 1.83889e-33 2.06915e-27 5.35268e-22 3.18344e-17 4.35278e-13 1.3683e-09 9.88874e-07 0.000164303 0.00627616 0.0551172 0.111294 0.0529871 0.040908 0.216291 0.304279 0.110574 0.051392 0.0368351 0.0104978 0.00286915 0.000473707 3.91048e-05 1.96342e-06 5.76526e-08
 7.2106e-40 3.52909e-33 3.97099e-27 1.02726e-21 6.10948e-17 8.35362e-13 2.62597e-09 1.89779e-06 0.000315321 0.0120448 0.105778 0.213574 0.100027 0.0343345 0.145336 0.204544 0.0792038 0.0519102 0.0389902 0.0105659 0.00275826 0.000548173 6.42113e-05 3.73082e-06 9.26476e-08
 4.77944e-40 2.33921e-33 2.63211e-27 6.80902e-22 4.04958e-17 5.53707e-13 1.74058e-09 1.25792e-06 0.000209006 0.00798375 0.0701133 0.141571 0.0670077 0.0415209 0.210907 0.296307 0.102515 0.0316554 0.0208423 0.00667234 0.00219976 0.000438464 5.2878e-05 3.78975e-06 1.20785e-07
 5.48588e-40 2.68496e-33 3.02116e-27 7.81544e-22 4.64814e-17 6.35549e-13 1.99785e-09 1.44385e-06 0.000239898 0.0091638 0.0804765 0.162492 0.0765422 0.0378393 0.182127 0.256254 0.0954397 0.0514867 0.0371245 0.00870758 0.00169439 0.000355473 5.11241e-05 3.87242e-06 1.36408e-07
 6.00552e-40 2.93928e-33 3.30733e-27 8.55575e-22 5.08842e-17 6.9575e-13 2.1871e-09 1.58062e-06 0.000262622 0.0100318 0.0880995 0.177883 0.0836676 0.0381065 0.179119 0.251798 0.0908869 0.0403367 0.0287109 0.00831987 0.00233601 0.000397027 3.93252e-05 3.00566e-06 1.18623e-07
 4.72094e-40 2.31058e-33 2.5999e-27 6.72569e-22 4.00002e-17 5.4693e-13 1.71928e-09 1.24253e-06 0.000206448 0.00788604 0.0692552 0.139838 0.0661651 0.040416 0.204685 0.287768 0.102697 0.0418888 0.029036 0.00773646 0.00197295 0.000397133 4.81209e-05 3.05665e-06 9.8706e-08
 7.18943e-40 3.51873e-33 3.95933e-27 1.02424e-21 6.09154e-17 8.32908e-13 2.61825e-09 1.89222e-06 0.000314395 0.0120095 0.105467 0.212947 0.099788 0.0356934 0.15382 0.216278 0.0802702 0.0424773 0.030796 0.00790932 0.00184273 0.000341075 4.04205e-05 2.94864e-06 9.9496e-08
 4.90066e-40 2.39854e-33 2.69887e-27 6.98173e-22 4.1523e-17 5.67751e-13 1.78473e-09 1.28983e-06 0.000214307 0.00818625 0.0718916 0.145161 0.0686588 0.0412887 0.208407 0.292806 0.101618 0.0323804 0.0212465 0.00607988 0.0017086 0.000314473 3.40501e-05 2.32878e-06 8.12541e-08
 5.91161e-40 2.89332e-33 3.25561e-27 8.42196e-22 5.00886e-17 6.84871e-13 2.1529e-09 1.5559e-06 0.000258515 0.00987496 0.0867219 0.175102 0.0823532 0.0373483 0.17533 0.246647 0.0917007 0.0489867 0.0353061 0.00837533 0.00164303 0.000310735 3.84923e-05 2.62101e-06 8.53287e-08
 6.27401e-40 3.07069e-33 3.45519e-27 8.93826e-22 5.31592e-17 7.26856e-13 2.28488e-09 1.65129e-06 0.000274363 0.0104803 0.0920382 0.185835 0.0873466 0.0381727 0.177127 0.248911 0.0887903 0.0361111 0.0252289 0.00727035 0.00202986 0.000346596 3.33037e-05 2.25792e-06 7.84274e-08
 4.807e-40 2.35269e-33 2.64729e-27 6.84828e-22 4.07293e-17 5.569e-13 1.75062e-09 1.26518e-06 0.000210211 0.00802978 0.0705175 0.142386 0.06735 0.040591 0.204985 0.288143 0.102177 0.0396057 0.0270447 0.00694419 0.0016471 0.000325309 3.92024e-05 2.45806e-06 7.4158e-08
 5.20972e-40 2.54979e-33 2.86907e-27 7.42201e-22 4.41415e-17 6.03555e-13 1.89728e-09 1.37117e-06 0.000227822 0.00870249 0.0764253 0.154313 0.0727755 0.0382313 0.186986 0.263092 0.0977099 0.0518973 0.0375909 0.00950018 0.00212513 0.000376425 4.20085e-05 2.98841e-06 9.96407e-08
 5.61798e-40 2.74961e-33 3.09391e-27 8.00364e-22 4.76007e-17 6.50853e-13 2.04596e-09 1.47862e-06 0.000245675 0.00938447 0.0824144 0.166405 0.0783697 0.0383341 0.183968 0.258693 0.09413 0.0441299 0.0317109 0.00912633 0.00257016 0.000465117 4.81979e-05 3.12083e-06 1.03954e-07
#spawning biomass
 3290.83 2815.95 2827.68 3526.99 4571.98 6298.81 6453.17 5443.17 7195.52 14110.2 14652.8 13430 22727.7 30771.2 27546.5 24277.1 19260.4 22530.7 20282.1 21995.3 21852 21705.2 25595.3 24897.9 29921.7 31525.3 27941.7 27855.4 31002.1 62770.5 67122 48053.8 34740.8 27985.9 24859.2 23479.4 22888.5 22640.3 22537.5 22495.3 22478 22471 22468.2 22467 22466.6 22466.4 22466.3 22466.3 22466.3 22466.3 22466.3 22466.3 22466.3 22466.3 22466.3 22466.3 22466.3 22466.3 22466.3 22466.3 22466.3 22466.3 22466.3 22466.3 22466.3 22466.3 22466.3 22466.3 22466.3 22466.3 22466.3 22466.3 22466.3 22466.3 22466.3 22466.3 22466.3 22466.3 22466.3 22466.3 22466.3 22466.3 22466.3 22466.3 22466.3 22466.3 22466.3 22466.3 22466.3 22466.3 22466.3 22466.3 22466.3 22466.3 22466.3 22466.3 22466.3 22466.3 22466.3 22466.3 22466.3 22466.3 22466.3 22466.3 22466.3 22466.3 22466.3 22466.3 22466.3 22466.3 22466.3 22466.3 22466.3 22466.3 22466.3 22466.3 22466.3 22466.3 22466.3 22466.3 22466.3 22466.3 22466.3 22466.3 22466.3 22466.3 22466.3 22466.3 0 0 0 0 0 0 0 0 0 0 0 0 0 0 0 0 0 0 0 0 0 0 0 0 0
