SBPRF35
0.819782
Curr Bio
194325
B35
931776
F35
0.232946
FOFL
0
OFL
0
Bzero
234224
#pred survey bio
 11395.5 8437.5 7024.51 7779.78 11648 18416.6 24489 36345.7 59802.3 87088.5 115273 158313 177922 209291 204951 185353 207002 204752 206576 191408 200657 210781 240094 270066 268406 284387 296555 281414 215132 2.97343e+06 4.57227e+06 5.14195e+06 5.04213e+06 4.60861e+06 4.07298e+06 3.56402e+06 3.13583e+06 2.79976e+06 2.54709e+06 2.36227e+06 2.22936e+06 2.13471e+06 2.06759e+06 2.01951e+06 1.98398e+06 1.95905e+06 1.94134e+06 1.92859e+06 1.91927e+06 1.91237e+06 1.9072e+06 1.90327e+06 1.90024e+06 1.8979e+06 1.89606e+06 1.89461e+06 1.89345e+06 1.89253e+06 1.89179e+06 1.89119e+06 1.89071e+06 1.89032e+06 1.89e+06 1.88974e+06 1.88953e+06 1.88936e+06 1.88922e+06 1.88911e+06 1.88901e+06 1.88894e+06 1.88888e+06 1.88882e+06 1.88878e+06 1.88875e+06 1.88872e+06 1.8887e+06 1.88868e+06 1.88866e+06 1.88865e+06 1.88864e+06 1.88863e+06 1.88863e+06 1.88862e+06 1.88862e+06 1.88861e+06 1.88861e+06 1.88861e+06 1.8886e+06 1.8886e+06 1.8886e+06 1.8886e+06 1.8886e+06 1.8886e+06 1.8886e+06 1.8886e+06 1.8886e+06 1.8886e+06 1.8886e+06 1.8886e+06 1.8886e+06 1.8886e+06 1.88859e+06 1.88859e+06 1.88859e+06 1.88859e+06 1.88859e+06 1.88859e+06 1.88859e+06 1.88859e+06 1.88859e+06 1.88859e+06 1.88859e+06 1.88859e+06 1.88859e+06 1.88859e+06 1.88859e+06 1.88859e+06 1.88859e+06 1.88859e+06 1.88859e+06 1.88859e+06 1.88859e+06 1.88859e+06 1.88859e+06 1.88859e+06 1.88859e+06 1.88859e+06 1.88859e+06 1.88859e+06 0 0 0 0 0 0 0 0 0 0 0 0 0 0 0 0 0 0 0 0 0 0 0 0 0
#obs survey bio
 11825.5 7175.82 5848.03 6798.66 16908.1 19255.3 23359 55448.6 54839.6 75204.4 115129 165709 159369 177371 269111 133321 259936 198766 181207 164946 215050 242016 221493 179612 219672 261929 246429 248031 177546
#pred catch bio
 5712.15 3843.05 3478.05 3243.81 5347.21 12158.9 15853.8 22117.1 37060.9 59654.8 73159.6 111943 121384 146846 154410 126092 150439 143319 154235 137191 145765 150448 168086 199086 195502 204483 220655 216336 194219 0 39665 44725.9 43362.2 39028.2 33866.2 29055.2 25074.5 22005.3 19745.8 18134.9 17012.5 16243.5 15723.2 15372.7 15134.3 14979.7 14879.4 14814.4 14772.2 14744.8 14727.1 14715.5 14708.1 14703.2 14700.1 14698.1 14696.7 14695.9 14695.3 14695 14694.7 14694.6 14694.5 14694.4 14694.4 14694.4 14694.3 14694.3 14694.3 14694.3 14694.3 14694.3 14694.3 14694.3 14694.3 14694.3 14694.3 14694.3 14694.3 14694.3 14694.3 14694.3 14694.3 14694.3 14694.3 14694.3 14694.3 14694.3 14694.3 14694.3 14694.3 14694.3 14694.3 14694.3 14694.3 14694.3 14694.3 14694.3 14694.3 14694.3 14694.3 14694.3 14694.3 14694.3 14694.3 14694.3 14694.3 14694.3 14694.3 14694.3 14694.3 14694.3 14694.3 14694.3 14694.3 14694.3 14694.3 14694.3 14694.3 14694.3 14694.3 14694.3 14694.3 14694.3 14694.3 14694.3 14694.3 14694.3 14694.3 0 0 0 0 0 0 0 0 0 0 0 0 0 0 0 0 0 0 0 0 0 0 0 0 0
#obs catch bio
 4253.74 3595.67 3923.38 2976.36 4272.53 9562.98 12109.1 16749.6 28767 53833.8 59765.8 94520.4 107013 141889 143756 120799 137383 129061 154604 135530 130856 132957 161056 195257 180876 203434 205052 206335 210441
#pred cpue bio
 9781.12 7700.75 5816.53 4942.37 7725.64 10853.9 13037.6 18280.2 30050.4 47987.5 58353.1 89015.4 98632 119577 131752 106747 124428 119714 129257 110813 115083 117094 128876 153517 151946 155911 170746 162469 139895 1.19621e+06 4.40856e+06 5.01831e+06 4.91781e+06 4.48426e+06 3.94863e+06 3.43967e+06 3.01149e+06 2.67541e+06 2.42274e+06 2.23792e+06 2.10502e+06 2.01037e+06 1.94324e+06 1.89516e+06 1.85963e+06 1.83471e+06 1.817e+06 1.80424e+06 1.79492e+06 1.78803e+06 1.78285e+06 1.77892e+06 1.7759e+06 1.77355e+06 1.77171e+06 1.77026e+06 1.76911e+06 1.76818e+06 1.76744e+06 1.76685e+06 1.76636e+06 1.76597e+06 1.76566e+06 1.7654e+06 1.76519e+06 1.76502e+06 1.76488e+06 1.76476e+06 1.76467e+06 1.76459e+06 1.76453e+06 1.76448e+06 1.76444e+06 1.7644e+06 1.76437e+06 1.76435e+06 1.76433e+06 1.76432e+06 1.7643e+06 1.76429e+06 1.76428e+06 1.76428e+06 1.76427e+06 1.76427e+06 1.76426e+06 1.76426e+06 1.76426e+06 1.76426e+06 1.76425e+06 1.76425e+06 1.76425e+06 1.76425e+06 1.76425e+06 1.76425e+06 1.76425e+06 1.76425e+06 1.76425e+06 1.76425e+06 1.76425e+06 1.76425e+06 1.76425e+06 1.76425e+06 1.76425e+06 1.76425e+06 1.76425e+06 1.76425e+06 1.76425e+06 1.76425e+06 1.76425e+06 1.76425e+06 1.76425e+06 1.76425e+06 1.76425e+06 1.76425e+06 1.76425e+06 1.76425e+06 1.76425e+06 1.76425e+06 1.76425e+06 1.76425e+06 1.76425e+06 1.76425e+06 1.76425e+06 1.76425e+06 1.76425e+06 1.76425e+06 1.76425e+06 1.76425e+06 1.76425e+06 0 0 0 0 0 0 0 0 0 0 0 0 0 0 0 0 0 0 0 0 0 0 0 0 0
#obs cpue bio
 8899.86 8424.07 6587.82 8148.4 14608.5 18520.7 29234 40690.2 70434.1 97589.9 121965 185160 158876 144958 174667 128406 197684 144312 177405 131407 185852 162545 152042 248199 257795 172903 291948 220389 157082
#pred surv len freq
 8.46582e-12 9.19287e-10 5.88536e-08 2.22143e-06 4.94352e-05 0.000648633 0.0050189 0.022925 0.0621381 0.102541 0.115174 0.118486 0.133373 0.131155 0.103272 0.0740905 0.050452 0.0313563 0.0186133 0.0111865 0.00707034 0.00488159 0.00362255 0.00253741 0.00140643
 5.62896e-12 6.11238e-10 3.9132e-08 1.47704e-06 3.287e-05 0.000431303 0.00333803 0.0152649 0.0416182 0.0706302 0.0883062 0.112101 0.145872 0.150027 0.120102 0.0885422 0.0637494 0.0425266 0.0258776 0.0144261 0.0077065 0.00429031 0.00262898 0.00164848 0.000879291
 1.07272e-11 1.16485e-09 7.45746e-08 2.81482e-06 6.26398e-05 0.000821863 0.00635821 0.0290174 0.0783066 0.126451 0.12932 0.103344 0.0912552 0.0898587 0.0867269 0.0803659 0.0658203 0.0468176 0.0302442 0.0177095 0.00925445 0.00445818 0.00216453 0.00110902 0.000530792
 1.57703e-11 1.71247e-09 1.09634e-07 4.13812e-06 9.20879e-05 0.00120823 0.00934688 0.0426485 0.114975 0.184721 0.184397 0.134853 0.0999482 0.0776231 0.0506653 0.0303337 0.0216163 0.0174982 0.013149 0.00847393 0.00468885 0.002247 0.00096138 0.000393721 0.000155323
 1.38412e-11 1.50299e-09 9.62225e-08 3.63192e-06 8.08234e-05 0.00106045 0.00820425 0.0374487 0.101148 0.164043 0.171001 0.144146 0.130545 0.110031 0.0681188 0.0321704 0.0143615 0.00713859 0.00427688 0.00288711 0.00180137 0.000936532 0.000401688 0.00014674 4.75221e-05
 1.56739e-11 1.702e-09 1.08964e-07 4.11283e-06 9.15252e-05 0.00120085 0.00929001 0.0423937 0.114352 0.184231 0.186322 0.142638 0.113731 0.0914927 0.0584996 0.0303902 0.0145585 0.00631573 0.00247182 0.00103073 0.000520328 0.00027726 0.000127895 4.71606e-05 1.39079e-05
 1.62687e-11 1.76659e-09 1.13099e-07 4.26891e-06 9.49986e-05 0.00124642 0.00964265 0.0440046 0.118721 0.191461 0.194514 0.151012 0.121789 0.0944793 0.0517086 0.0173985 0.00348103 0.000411354 2.8691e-05 1.18853e-06 3.2119e-08 1.68269e-09 5.11775e-10 1.88771e-10 5.57781e-11
 1.69075e-11 1.83595e-09 1.17539e-07 4.43651e-06 9.87283e-05 0.00129535 0.010021 0.0457279 0.123322 0.198495 0.199845 0.150451 0.115801 0.0876524 0.0476615 0.0160149 0.00320323 0.00037845 2.63716e-05 1.08352e-06 2.62482e-08 3.74934e-10 3.159e-12 1.57244e-14 4.82332e-17
 1.69172e-11 1.837e-09 1.17607e-07 4.43906e-06 9.87849e-05 0.0012961 0.0100268 0.0457541 0.123392 0.198602 0.199926 0.150442 0.11571 0.0875487 0.0476 0.0159938 0.00319902 0.000377956 2.63379e-05 1.08225e-06 2.62276e-08 3.75163e-10 3.17676e-12 1.60895e-14 5.04577e-17
 1.58479e-11 1.72089e-09 1.10173e-07 4.15848e-06 9.2541e-05 0.00121418 0.00939332 0.0428691 0.115689 0.186826 0.191002 0.151383 0.125736 0.0989779 0.0543752 0.01831 0.00366385 0.000432907 3.01669e-05 1.23948e-06 3.00273e-08 4.28975e-10 3.61607e-12 1.80236e-14 5.3515e-17
 1.68382e-11 1.82842e-09 1.17057e-07 4.41833e-06 9.83236e-05 0.00129004 0.00997999 0.045541 0.122823 0.197732 0.199267 0.150512 0.116451 0.0883931 0.0481005 0.016165 0.00323335 0.000382011 2.66196e-05 1.0937e-06 2.64935e-08 3.78374e-10 3.186e-12 1.58171e-14 4.63021e-17
 1.55872e-11 1.69258e-09 1.08361e-07 4.09007e-06 9.10188e-05 0.00119421 0.00923888 0.0421657 0.113811 0.183956 0.188826 0.151612 0.12818 0.101764 0.056027 0.0188747 0.00377718 0.000446305 3.11004e-05 1.27781e-06 3.09537e-08 4.42096e-10 3.72323e-12 1.84962e-14 5.42717e-17
 1.57711e-11 1.71256e-09 1.09639e-07 4.13834e-06 9.20929e-05 0.0012083 0.00934786 0.0426621 0.115136 0.185981 0.190362 0.15145 0.126455 0.0997981 0.0548614 0.0184762 0.00369721 0.00043685 3.04415e-05 1.25073e-06 3.02973e-08 4.32697e-10 3.64337e-12 1.80869e-14 5.29378e-17
 1.53735e-11 1.66937e-09 1.06875e-07 4.03399e-06 8.97709e-05 0.00117784 0.00911227 0.0415891 0.112271 0.181602 0.187043 0.1518 0.130183 0.104049 0.0573811 0.0193376 0.00387008 0.000457288 3.18658e-05 1.30925e-06 3.1715e-08 4.52949e-10 3.81403e-12 1.89363e-14 5.54479e-17
 1.35638e-11 1.47287e-09 9.42943e-08 3.55914e-06 7.92039e-05 0.0010392 0.0080402 0.0367066 0.0992342 0.161674 0.17194 0.153391 0.14715 0.123391 0.0688474 0.0232574 0.00465677 0.000550293 3.83476e-05 1.57557e-06 3.81662e-08 5.4508e-10 4.58969e-12 2.27854e-14 6.66979e-17
 1.52646e-11 1.65755e-09 1.06118e-07 4.00542e-06 8.91349e-05 0.00116949 0.00904775 0.0412953 0.111487 0.180403 0.186134 0.151895 0.131204 0.105213 0.0580712 0.0195735 0.00391743 0.000462885 3.22559e-05 1.32528e-06 3.21032e-08 4.58491e-10 3.86059e-12 1.91659e-14 5.61032e-17
 1.46482e-11 1.59062e-09 1.01833e-07 3.84369e-06 8.5536e-05 0.00112228 0.00868262 0.0396323 0.107046 0.173615 0.18099 0.152437 0.136983 0.1118 0.0619764 0.0209085 0.00418536 0.000494562 3.44637e-05 1.41601e-06 3.43032e-08 4.90016e-10 4.12923e-12 2.05567e-14 6.07765e-17
 1.50531e-11 1.63459e-09 1.04648e-07 3.94993e-06 8.79001e-05 0.00115329 0.00892248 0.0407247 0.109963 0.178074 0.184369 0.152081 0.133187 0.107473 0.0594111 0.0200315 0.00400935 0.000473753 3.30133e-05 1.3564e-06 3.2857e-08 4.69256e-10 3.95122e-12 1.96154e-14 5.74147e-17
 1.40188e-11 1.52228e-09 9.74577e-08 3.67854e-06 8.18609e-05 0.00107406 0.00830977 0.0379343 0.102512 0.166685 0.175737 0.152991 0.142884 0.118527 0.0659642 0.0222717 0.00445896 0.000526908 3.67178e-05 1.50861e-06 3.65443e-08 5.21928e-10 4.39507e-12 2.1825e-14 6.39472e-17
 1.51919e-11 1.64966e-09 1.05613e-07 3.98636e-06 8.87109e-05 0.00116393 0.00900473 0.0410994 0.110963 0.179603 0.185528 0.151959 0.131885 0.105989 0.0585313 0.0197308 0.00394899 0.000466617 3.2516e-05 1.33596e-06 3.2362e-08 4.62186e-10 3.89168e-12 1.93197e-14 5.65477e-17
 1.53214e-11 1.66372e-09 1.06513e-07 4.02032e-06 8.94666e-05 0.00117385 0.0090814 0.0414485 0.111896 0.181028 0.186608 0.151846 0.130672 0.104605 0.0577113 0.0194504 0.00389273 0.000459966 3.20524e-05 1.31692e-06 3.19007e-08 4.55597e-10 3.83619e-12 1.90441e-14 5.57399e-17
 1.57442e-11 1.70963e-09 1.09452e-07 4.13127e-06 9.19356e-05 0.00120624 0.00933189 0.0425893 0.114942 0.185685 0.190137 0.151474 0.126708 0.100086 0.0550322 0.0185346 0.00370893 0.000438235 3.0538e-05 1.25469e-06 3.03934e-08 4.3407e-10 3.65492e-12 1.81441e-14 5.31047e-17
 1.61709e-11 1.75596e-09 1.12418e-07 4.24323e-06 9.4427e-05 0.00123892 0.00958466 0.0437405 0.118016 0.190383 0.193698 0.151099 0.122707 0.0955256 0.0523287 0.0176104 0.00352344 0.000416307 2.90098e-05 1.1919e-06 2.88723e-08 4.12346e-10 3.47201e-12 1.72361e-14 5.04471e-17
 1.54423e-11 1.67684e-09 1.07353e-07 4.05204e-06 9.01726e-05 0.00118311 0.00915302 0.0417747 0.112767 0.18236 0.187617 0.151739 0.129538 0.103313 0.0569453 0.0191886 0.00384018 0.000453753 3.16194e-05 1.29913e-06 3.14697e-08 4.49441e-10 3.78436e-12 1.87867e-14 5.49854e-17
 1.54973e-11 1.68283e-09 1.07736e-07 4.0665e-06 9.04942e-05 0.00118733 0.00918566 0.0419234 0.113164 0.182966 0.188077 0.151691 0.129022 0.102724 0.0565962 0.0190692 0.00381623 0.000450921 3.14221e-05 1.29102e-06 3.12733e-08 4.46637e-10 3.76074e-12 1.86694e-14 5.46421e-17
 1.59116e-11 1.72781e-09 1.10616e-07 4.1752e-06 9.29131e-05 0.00121906 0.00943107 0.043041 0.116148 0.187528 0.191534 0.151327 0.125138 0.0982968 0.0539715 0.018172 0.00363615 0.000429631 2.99384e-05 1.23006e-06 2.97966e-08 4.25546e-10 3.58315e-12 1.77878e-14 5.20619e-17
 1.52681e-11 1.65793e-09 1.06142e-07 4.00635e-06 8.91557e-05 0.00116977 0.00904986 0.0413049 0.111512 0.180442 0.186163 0.151892 0.131171 0.105175 0.0580487 0.0195658 0.00391588 0.000462703 3.22432e-05 1.32476e-06 3.20905e-08 4.58308e-10 3.85901e-12 1.91573e-14 5.60699e-17
 1.52306e-11 1.65386e-09 1.05882e-07 3.9965e-06 8.89365e-05 0.00116689 0.00902762 0.0412036 0.111242 0.180029 0.18585 0.151925 0.131523 0.105576 0.0582865 0.0196471 0.0039322 0.000464632 3.23776e-05 1.33028e-06 3.22243e-08 4.60218e-10 3.8751e-12 1.92371e-14 5.63037e-17
 1.33621e-11 1.45097e-09 9.28923e-08 3.50622e-06 7.80262e-05 0.00102375 0.00792072 0.0361624 0.0977813 0.159453 0.170256 0.153568 0.149041 0.125547 0.0701252 0.0236942 0.00474444 0.000560658 3.90699e-05 1.60525e-06 3.88851e-08 5.55346e-10 4.67609e-12 2.32135e-14 6.79417e-17
#obs surv len freq
 8.39574e-12 9.11678e-10 5.83664e-08 2.20304e-06 4.90258e-05 0.000643249 0.00497675 0.022721 0.0614277 0.100113 0.106774 0.0972307 0.101699 0.108672 0.105421 0.0949264 0.0767585 0.0543621 0.0339998 0.0184702 0.008219 0.00276602 0.000655105 0.000103654 1.05805e-05
 1.05013e-12 1.14032e-10 7.30043e-09 2.75561e-07 6.13288e-06 8.05099e-05 0.000624556 0.00288947 0.00832768 0.0176796 0.0378495 0.0821002 0.137432 0.166029 0.161769 0.139399 0.104867 0.0688084 0.0402281 0.0203578 0.00833614 0.00256883 0.000558017 8.11314e-05 7.60974e-06
 1.54611e-11 1.67889e-09 1.07484e-07 4.05698e-06 9.02821e-05 0.00118451 0.00916261 0.0417887 0.112394 0.178455 0.168295 0.0984341 0.0490887 0.0496407 0.0728667 0.08102 0.0639044 0.0391666 0.0205233 0.00932896 0.00346298 0.000969829 0.000191494 2.53435e-05 2.16873e-06
 1.38048e-11 1.49904e-09 9.59696e-08 3.62238e-06 8.06114e-05 0.00105767 0.00818317 0.037359 0.10097 0.164086 0.171745 0.144226 0.126157 0.100756 0.0600433 0.0317445 0.0217871 0.0161764 0.00954141 0.00423126 0.00142456 0.000356571 6.31849e-05 7.54404e-06 5.8456e-07
 1.1292e-11 1.22618e-09 7.8501e-08 2.96303e-06 6.59386e-05 0.000865169 0.00669416 0.0305692 0.0827163 0.135119 0.144407 0.129096 0.126539 0.122295 0.100075 0.0667682 0.0341304 0.0133972 0.0047972 0.00175428 0.000555965 0.000129503 2.077e-05 2.22244e-06 1.54514e-07
 1.32463e-11 1.43839e-09 9.20868e-08 3.47583e-06 7.73499e-05 0.00101488 0.00785196 0.0358431 0.0968075 0.156722 0.161048 0.128173 0.109151 0.101223 0.086097 0.0618286 0.0344248 0.014083 0.00430938 0.00106319 0.000229535 4.25717e-05 6.01608e-06 5.82719e-07 3.6627e-08
 1.16949e-11 1.26993e-09 8.13021e-08 3.06876e-06 6.82917e-05 0.000896059 0.00693363 0.0316712 0.0857829 0.140601 0.151587 0.136529 0.130768 0.119324 0.0909867 0.0580935 0.0300857 0.0120021 0.00364853 0.000847407 0.000149748 2.02177e-05 2.09188e-06 1.60729e-07 8.61415e-09
 1.30553e-11 1.41766e-09 9.07596e-08 3.42573e-06 7.62355e-05 0.00100027 0.00773942 0.035338 0.0955329 0.15519 0.161231 0.131316 0.113656 0.104698 0.0869275 0.0596095 0.0312342 0.0120495 0.00348369 0.000769493 0.000127786 1.54158e-05 1.31578e-06 7.83672e-08 3.22374e-09
 1.18636e-11 1.28825e-09 8.2475e-08 3.11303e-06 6.92773e-05 0.000909008 0.00703433 0.0321393 0.0871247 0.143146 0.155011 0.139384 0.131135 0.117572 0.0887221 0.0555988 0.0277947 0.0105684 0.00302341 0.000648764 0.000102384 1.15421e-05 9.03057e-07 4.78088e-08 1.67873e-09
 1.21237e-11 1.31649e-09 8.4283e-08 3.18128e-06 7.07961e-05 0.000928938 0.00718851 0.0328418 0.0889923 0.14587 0.156284 0.136663 0.126224 0.116456 0.0922694 0.0580363 0.0268413 0.00878982 0.00209647 0.000383339 5.41454e-05 5.64774e-06 4.11982e-07 2.02052e-08 6.49419e-10
 1.26328e-11 1.37177e-09 8.7822e-08 3.31486e-06 7.3769e-05 0.000967957 0.00749074 0.0342268 0.0927785 0.152198 0.163094 0.141471 0.127175 0.112604 0.0850474 0.0511062 0.0227396 0.00714168 0.00158909 0.000257803 3.10062e-05 2.74153e-06 1.73607e-07 7.60521e-09 2.22522e-10
 1.08296e-11 1.17596e-09 7.52863e-08 2.84171e-06 6.32405e-05 0.000829858 0.00642364 0.0293804 0.079959 0.133181 0.150107 0.144939 0.143191 0.129618 0.0958177 0.0551002 0.0230845 0.00671859 0.00136255 0.000198731 2.12464e-05 1.64605e-06 8.993e-08 3.37419e-09 8.50189e-11
 1.12417e-11 1.22072e-09 7.81514e-08 2.94985e-06 6.56471e-05 0.000861433 0.00666776 0.0304898 0.0828796 0.137286 0.151571 0.140057 0.135107 0.126375 0.0985722 0.0581503 0.0239256 0.00658901 0.00122421 0.000159072 1.49016e-05 1.00793e-06 4.8146e-08 1.57885e-09 3.46585e-11
 8.53576e-12 9.26883e-10 5.93401e-08 2.23984e-06 4.98482e-05 0.000654221 0.00506702 0.0232261 0.0637226 0.109176 0.133397 0.147497 0.160617 0.150528 0.111495 0.062202 0.0244998 0.00652903 0.00117649 0.00014659 1.28433e-05 7.88976e-07 3.34571e-08 9.62206e-10 1.8456e-11
 8.97516e-12 9.74598e-10 6.23948e-08 2.35513e-06 5.24136e-05 0.000687855 0.00532634 0.0243911 0.0666437 0.112363 0.130828 0.134696 0.146135 0.148985 0.121641 0.0714362 0.0281465 0.00726195 0.00124421 0.000146092 1.20254e-05 6.92561e-07 2.73505e-08 7.23628e-10 1.25833e-11
 1.00273e-11 1.08884e-09 6.97091e-08 2.63122e-06 5.85584e-05 0.000768518 0.00595138 0.0272583 0.0745002 0.125543 0.145018 0.144118 0.145389 0.135979 0.103752 0.0594649 0.0240692 0.00668216 0.00126651 0.000163495 1.42305e-05 8.24323e-07 3.14613e-08 7.85379e-10 1.27244e-11
 9.51938e-12 1.0337e-09 6.61785e-08 2.49798e-06 5.55947e-05 0.000729695 0.00565272 0.0259214 0.0711319 0.121396 0.144848 0.150917 0.155139 0.141538 0.102233 0.0543153 0.0200684 0.00505404 0.000880543 0.000108372 9.39579e-06 5.5787e-07 2.19197e-08 5.55097e-10 8.91027e-12
 8.5794e-12 9.31625e-10 5.9644e-08 2.25135e-06 5.01074e-05 0.000657746 0.00509723 0.0234026 0.0644706 0.111329 0.136786 0.1493 0.160042 0.150541 0.110835 0.0592162 0.0217961 0.00543106 0.000924633 0.000109018 8.90831e-06 4.97786e-07 1.86403e-08 4.57798e-10 7.22552e-12
 9.64951e-12 1.04783e-09 6.70834e-08 2.53216e-06 5.63568e-05 0.000739753 0.00573175 0.0262954 0.0722059 0.123165 0.145867 0.149363 0.15277 0.141565 0.103193 0.0540813 0.0193895 0.00469862 0.000778407 8.91597e-05 7.03108e-06 3.75121e-07 1.32635e-08 3.05289e-10 4.50813e-12
 1.05377e-11 1.14428e-09 7.32584e-08 2.76526e-06 6.1546e-05 0.000807912 0.00626077 0.0287327 0.0789531 0.134713 0.158595 0.157723 0.151778 0.130432 0.0885889 0.0439486 0.0151705 0.00358145 0.000580496 6.48627e-05 4.95521e-06 2.54193e-07 8.58305e-09 1.87451e-10 2.60991e-12
 1.07607e-11 1.16849e-09 7.48085e-08 2.8238e-06 6.28509e-05 0.000825113 0.0063957 0.0293725 0.0808581 0.138523 0.164045 0.16304 0.153951 0.127495 0.0821573 0.0381044 0.0121299 0.00261084 0.000384142 3.9232e-05 2.77942e-06 1.34007e-07 4.28358e-09 8.86896e-11 1.1685e-12
 1.05361e-11 1.1441e-09 7.32477e-08 2.76493e-06 6.15432e-05 0.000808054 0.0062659 0.0288084 0.0795461 0.137312 0.165054 0.166691 0.157582 0.128384 0.0803338 0.0357939 0.0108369 0.00219117 0.000297947 2.76511e-05 1.7617e-06 7.63675e-08 2.21132e-09 4.19057e-11 5.1012e-13
 1.07552e-11 1.1679e-09 7.47718e-08 2.82249e-06 6.28264e-05 0.000824972 0.00639841 0.0294313 0.081336 0.140519 0.168578 0.168651 0.157055 0.125728 0.0767505 0.0330162 0.00955903 0.00183195 0.00023372 2.01112e-05 1.17385e-06 4.61496e-08 1.20371e-09 2.04852e-11 2.24091e-13
 1.01112e-11 1.09797e-09 7.02954e-08 2.6536e-06 5.90725e-05 0.000775888 0.00602237 0.0277625 0.0771899 0.135422 0.167588 0.173838 0.163707 0.128772 0.0762615 0.0317717 0.0089343 0.0016675 0.000206858 1.71649e-05 9.52877e-07 3.50856e-08 8.45643e-10 1.31639e-11 1.30782e-13
 9.96805e-12 1.08243e-09 6.93011e-08 2.61612e-06 5.82418e-05 0.000765099 0.00594104 0.0274143 0.07639 0.134608 0.167742 0.175337 0.165975 0.130188 0.0756467 0.030308 0.00805056 0.00140017 0.000160556 1.23002e-05 6.33297e-07 2.17554e-08 4.90616e-10 7.13502e-12 6.59109e-14
 9.60569e-12 1.04309e-09 6.67832e-08 2.52118e-06 5.61344e-05 0.00073764 0.00573244 0.0265073 0.0742499 0.132384 0.168345 0.179243 0.169672 0.130854 0.0742268 0.0290142 0.00753635 0.00128339 0.000143525 1.06022e-05 5.17918e-07 1.66297e-08 3.47251e-10 4.66006e-12 3.97374e-14
 1.01018e-11 1.09696e-09 7.02331e-08 2.65146e-06 5.90374e-05 0.000775837 0.00602974 0.0278791 0.0780002 0.138353 0.173336 0.179955 0.166239 0.125598 0.0695596 0.026379 0.00661978 0.00108769 0.000117376 8.36357e-06 3.93122e-07 1.20814e-08 2.39595e-10 3.02664e-12 2.40878e-14
 8.92775e-12 9.69486e-10 6.2074e-08 2.3437e-06 5.22006e-05 0.000686548 0.00534735 0.0248652 0.0705821 0.129423 0.171926 0.189178 0.177182 0.130061 0.0688076 0.0248772 0.00596619 0.000938694 9.70014e-05 6.60698e-06 2.96096e-07 8.65448e-09 1.62886e-10 1.94846e-12 1.46455e-14
 9.45923e-12 1.0272e-09 6.57697e-08 2.48324e-06 5.53076e-05 0.000727336 0.00566251 0.0262883 0.0742405 0.134297 0.173918 0.186725 0.173879 0.127885 0.0668476 0.0233351 0.00528653 0.000772293 7.32617e-05 4.56121e-06 1.87321e-07 5.04995e-09 8.82586e-11 9.8516e-13 6.92799e-15
#pred catch len freq
 3.65978e-13 3.9741e-11 2.54429e-09 9.60421e-08 2.13816e-06 2.81123e-05 0.000219806 0.00105718 0.00359461 0.0117933 0.0402069 0.105199 0.177409 0.193519 0.155697 0.112257 0.0765551 0.0475976 0.028255 0.0169807 0.0107324 0.00741001 0.00549885 0.00385167 0.00213489
 1.90613e-13 2.06985e-11 1.32517e-09 5.00263e-08 1.11413e-06 1.46761e-05 0.000115836 0.000582143 0.0023053 0.00965175 0.0377389 0.102523 0.174347 0.190849 0.154855 0.114635 0.0826686 0.0551706 0.0335729 0.0187158 0.00999796 0.00556598 0.00341068 0.00213863 0.00114074
 5.45287e-13 5.92117e-11 3.79081e-09 1.43089e-07 3.18482e-06 4.18246e-05 0.000325082 0.00151885 0.00458277 0.011312 0.0300206 0.0725742 0.124354 0.150418 0.151176 0.140956 0.115556 0.0822059 0.0531042 0.0310945 0.0162489 0.00782764 0.00380045 0.00194721 0.00093196
 1.32144e-12 1.43493e-10 9.1866e-09 3.46756e-07 7.7175e-06 0.000101319 0.000786287 0.00364546 0.0106204 0.0234666 0.0536286 0.119194 0.190103 0.194149 0.135038 0.0818944 0.0585203 0.0473959 0.0356171 0.0229536 0.0127008 0.00608647 0.0026041 0.00106647 0.000420725
 1.00439e-12 1.09065e-10 6.98249e-09 2.63565e-07 5.86643e-06 7.70487e-05 0.000599176 0.00280675 0.00856579 0.0218323 0.0598376 0.144283 0.233547 0.234359 0.15073 0.0717634 0.032115 0.0159777 0.00957422 0.00646304 0.00403248 0.00209649 0.000899206 0.000328487 0.000106381
 6.37766e-12 6.92538e-10 4.4337e-08 1.67351e-06 3.72422e-05 0.000488681 0.00378245 0.0173052 0.0472904 0.0811274 0.105273 0.141264 0.186255 0.180827 0.120646 0.0630874 0.0302112 0.0130972 0.00512449 0.00213664 0.00107857 0.000574722 0.000265108 9.77571e-05 2.88291e-05
 8.34308e-12 9.05959e-10 5.80004e-08 2.18923e-06 4.87189e-05 0.00063926 0.00494735 0.0226208 0.0616238 0.104181 0.128368 0.157981 0.196097 0.179192 0.101927 0.034566 0.00692657 0.000818762 5.71099e-05 2.36572e-06 6.38994e-08 3.33696e-09 1.01372e-09 3.73903e-10 1.10481e-10
 8.31041e-12 9.02411e-10 5.77732e-08 2.18066e-06 4.85281e-05 0.000636757 0.00492799 0.0225326 0.0613884 0.103821 0.128096 0.15801 0.196404 0.179542 0.102134 0.0346365 0.0069405 0.000820288 5.71642e-05 2.34872e-06 5.68976e-08 8.12737e-10 6.84768e-12 3.40849e-14 1.04529e-16
 8.82633e-12 9.58434e-10 6.13598e-08 2.31603e-06 5.15407e-05 0.00067628 0.00523363 0.0239246 0.0651051 0.109503 0.132401 0.157557 0.191567 0.174027 0.0988647 0.033519 0.00671624 0.000793782 5.53185e-05 2.27313e-06 5.50877e-08 7.87976e-10 6.67215e-12 3.37897e-14 1.05934e-16
 8.88105e-12 9.64376e-10 6.17402e-08 2.33039e-06 5.18602e-05 0.000680472 0.00526604 0.0240722 0.0654993 0.110106 0.132858 0.157509 0.191054 0.173442 0.098518 0.0334004 0.00669243 0.000790961 5.51205e-05 2.26477e-06 5.48661e-08 7.83824e-10 6.60726e-12 3.29319e-14 9.77738e-17
 9.24074e-12 1.00343e-09 6.42408e-08 2.42478e-06 5.39605e-05 0.000708027 0.00547914 0.0250427 0.0680906 0.114067 0.13586 0.157192 0.187681 0.169598 0.0962389 0.0326213 0.00653606 0.000772473 5.38317e-05 2.21177e-06 5.35774e-08 7.6518e-10 6.44301e-12 3.19866e-14 9.3636e-17
 9.15322e-12 9.93931e-10 6.36324e-08 2.40181e-06 5.34495e-05 0.000701323 0.00542729 0.0248066 0.0674601 0.113103 0.13513 0.157269 0.188502 0.170533 0.0967934 0.0328109 0.00657411 0.000776971 5.41452e-05 2.22466e-06 5.38904e-08 7.69689e-10 6.48214e-12 3.22017e-14 9.44854e-17
 8.60068e-12 9.33931e-10 5.97912e-08 2.25682e-06 5.02231e-05 0.000658994 0.00509995 0.0233158 0.0634795 0.107018 0.130518 0.157755 0.193682 0.176439 0.100294 0.0340077 0.00681431 0.000805368 5.61242e-05 2.30596e-06 5.5859e-08 7.97763e-10 6.71728e-12 3.33467e-14 9.76013e-17
 8.492e-12 9.22129e-10 5.90356e-08 2.22831e-06 4.95884e-05 0.000650668 0.00503556 0.0230225 0.0626966 0.105821 0.129611 0.157851 0.194701 0.177601 0.100983 0.0342431 0.00686155 0.000810954 5.65135e-05 2.32196e-06 5.62467e-08 8.03307e-10 6.76419e-12 3.35836e-14 9.83367e-17
 6.91421e-12 7.50801e-10 4.8067e-08 1.8143e-06 4.03754e-05 0.000529798 0.00410086 0.0187656 0.0513301 0.0884461 0.116443 0.159238 0.209494 0.194465 0.11098 0.0376607 0.00754744 0.000892043 6.21647e-05 2.55415e-06 6.18711e-08 8.83629e-10 7.44035e-12 3.69375e-14 1.08124e-16
 7.36604e-12 7.99864e-10 5.12081e-08 1.93286e-06 4.30137e-05 0.000564412 0.00436853 0.0199846 0.0545851 0.0934218 0.120214 0.158841 0.205258 0.189636 0.108117 0.036682 0.00735102 0.000868821 6.05464e-05 2.48766e-06 6.02604e-08 8.60625e-10 7.24666e-12 3.5976e-14 1.0531e-16
 7.9682e-12 8.65252e-10 5.53942e-08 2.09086e-06 4.65299e-05 0.000610541 0.00472526 0.0216093 0.0589231 0.100053 0.12524 0.158311 0.199612 0.183199 0.104302 0.0353777 0.00708926 0.000837875 5.83899e-05 2.39909e-06 5.81186e-08 8.30213e-10 6.99597e-12 3.48277e-14 1.02964e-16
 7.73188e-12 8.3959e-10 5.37513e-08 2.02885e-06 4.51499e-05 0.000592437 0.00458526 0.0209717 0.0572206 0.0974505 0.123267 0.158519 0.201828 0.185725 0.105799 0.0358896 0.00719199 0.00085002 5.9236e-05 2.43382e-06 5.89562e-08 8.41998e-10 7.08977e-12 3.51964e-14 1.03021e-16
 7.51284e-12 8.15805e-10 5.22286e-08 1.97138e-06 4.3871e-05 0.000575658 0.0044555 0.0203807 0.0556427 0.0950384 0.121439 0.158712 0.203881 0.188066 0.107187 0.036364 0.00728721 0.000861277 6.00206e-05 2.46606e-06 5.97376e-08 8.53175e-10 7.18445e-12 3.56764e-14 1.04531e-16
 8.69192e-12 9.43839e-10 6.04255e-08 2.28077e-06 5.07559e-05 0.000665984 0.005154 0.023562 0.0641369 0.108023 0.13128 0.157675 0.192827 0.175464 0.0997163 0.0338101 0.00677464 0.000800679 5.57974e-05 2.29253e-06 5.55338e-08 7.93119e-10 6.67819e-12 3.31529e-14 9.70368e-17
 9.30945e-12 1.0109e-09 6.47185e-08 2.44281e-06 5.43618e-05 0.000713291 0.00551984 0.0252281 0.0685856 0.114823 0.136434 0.157132 0.187037 0.168863 0.0958036 0.0324725 0.00650619 0.000768942 5.35855e-05 2.20165e-06 5.33324e-08 7.61678e-10 6.41344e-12 3.18384e-14 9.31874e-17
 9.71693e-12 1.05514e-09 6.75512e-08 2.54973e-06 5.67411e-05 0.000744507 0.00576124 0.0263275 0.0715211 0.119311 0.139834 0.156774 0.183217 0.164508 0.0932217 0.0315899 0.00632906 0.000748 5.21261e-05 2.14169e-06 5.18797e-08 7.40932e-10 6.23875e-12 3.0971e-14 9.06467e-17
 1.01292e-11 1.09991e-09 7.04172e-08 2.6579e-06 5.91484e-05 0.000776089 0.00600547 0.0274398 0.074491 0.123851 0.143275 0.156411 0.179352 0.160102 0.0906096 0.0306969 0.00614984 0.000726812 5.06495e-05 2.08102e-06 5.04101e-08 7.19943e-10 6.06202e-12 3.00937e-14 8.80789e-17
 9.91416e-12 1.07656e-09 6.89224e-08 2.60148e-06 5.78928e-05 0.000759616 0.00587808 0.0268596 0.0729419 0.121483 0.14148 0.1566 0.181368 0.1624 0.091972 0.0311627 0.00624332 0.000737863 5.14196e-05 2.11266e-06 5.11766e-08 7.3089e-10 6.1542e-12 3.05513e-14 8.94183e-17
 9.72545e-12 1.05607e-09 6.76104e-08 2.55196e-06 5.67908e-05 0.000745159 0.00576628 0.0263505 0.0715824 0.119404 0.139905 0.156766 0.183137 0.164417 0.0931678 0.0315714 0.00632536 0.000747562 5.20956e-05 2.14043e-06 5.18494e-08 7.40498e-10 6.2351e-12 3.09529e-14 9.05935e-17
 1.02334e-11 1.11123e-09 7.11418e-08 2.68525e-06 5.9757e-05 0.000784073 0.00606721 0.027721 0.0752418 0.124998 0.144145 0.156319 0.178374 0.158988 0.0899492 0.0304712 0.00610454 0.000721456 5.02762e-05 2.06568e-06 5.00386e-08 7.14637e-10 6.01734e-12 2.98718e-14 8.74296e-17
 9.81095e-12 1.06535e-09 6.82048e-08 2.5744e-06 5.72901e-05 0.000751709 0.00581693 0.0265811 0.0721984 0.120346 0.140619 0.156691 0.182335 0.163503 0.092626 0.0313862 0.00628819 0.000743168 5.17893e-05 2.12785e-06 5.15446e-08 7.36145e-10 6.19844e-12 3.07709e-14 9.0061e-17
 1.0523e-11 1.14268e-09 7.31552e-08 2.76125e-06 6.14482e-05 0.000806261 0.00623879 0.0285024 0.0773284 0.128188 0.146562 0.156065 0.175659 0.155892 0.0881141 0.0298438 0.00597863 0.00070657 4.92388e-05 2.02306e-06 4.90061e-08 6.99891e-10 5.89317e-12 2.92555e-14 8.56255e-17
 1.13273e-11 1.23001e-09 7.87464e-08 2.97229e-06 6.61445e-05 0.000867873 0.00671525 0.0306724 0.0831223 0.137045 0.153274 0.155358 0.168118 0.147296 0.0830182 0.0281017 0.005629 0.000665236 4.63581e-05 1.9047e-06 4.6139e-08 6.58944e-10 5.5484e-12 2.75439e-14 8.0616e-17
#obs catch len freq
 6.23191e-12 6.76712e-10 4.33237e-08 1.63526e-06 3.63906e-05 0.000477475 0.00369448 0.0168741 0.0457203 0.0753232 0.0841645 0.086633 0.102843 0.118043 0.12049 0.111023 0.0894513 0.0638212 0.0416175 0.0238631 0.011045 0.00380299 0.000914387 0.000146552 1.51402e-05
 5.79208e-12 6.28952e-10 4.02661e-08 1.51985e-06 3.38224e-05 0.000443787 0.00343415 0.0156923 0.0426102 0.0708937 0.0821956 0.0910585 0.112383 0.12637 0.123454 0.110558 0.0885019 0.0619364 0.0381137 0.0201871 0.00864824 0.0027675 0.000617225 9.13231e-05 8.67402e-06
 5.00332e-13 5.43303e-11 3.47831e-09 1.31296e-07 2.9226e-06 3.83974e-05 0.000299036 0.00140952 0.00440133 0.0118063 0.0337017 0.08283 0.141986 0.171542 0.16645 0.142171 0.105731 0.0685196 0.0393569 0.0193733 0.00762536 0.0022326 0.000456396 6.20114e-05 5.40944e-06
 8.12127e-12 8.81875e-10 5.64583e-08 2.13102e-06 4.74228e-05 0.000622196 0.00481308 0.0219552 0.0591006 0.0942445 0.0910105 0.0612103 0.0529895 0.0869372 0.135533 0.1484 0.114954 0.0693424 0.0356568 0.0157562 0.00561671 0.00149329 0.000277335 3.42894e-05 2.72814e-06
 1.04722e-11 1.13716e-09 7.2802e-08 2.74792e-06 6.11519e-05 0.000802389 0.00620929 0.0283745 0.0770282 0.127708 0.144509 0.146328 0.152482 0.129142 0.0776987 0.0415033 0.0284995 0.0206722 0.0118216 0.00506307 0.00163402 0.000388175 6.46917e-05 7.21487e-06 5.19715e-07
 1.06633e-11 1.15791e-09 7.41302e-08 2.79805e-06 6.22674e-05 0.000817013 0.00632197 0.0288779 0.078236 0.128454 0.139829 0.130266 0.13209 0.12835 0.10414 0.0682662 0.0341471 0.0131851 0.00466353 0.0016593 0.000502602 0.000110802 1.67012e-05 1.66945e-06 1.07916e-07
 1.29732e-11 1.40874e-09 9.01888e-08 3.40418e-06 7.57558e-05 0.000993973 0.00769046 0.0351109 0.0948848 0.153956 0.159453 0.129332 0.112168 0.104219 0.0878706 0.06198 0.0336715 0.0134057 0.00398984 0.000956559 0.000199263 3.51571e-05 4.67014e-06 4.22323e-07 2.46795e-08
 1.12065e-11 1.21689e-09 7.79065e-08 2.94059e-06 6.54398e-05 0.000858655 0.00664469 0.0303607 0.0823364 0.135609 0.14858 0.138274 0.135578 0.123796 0.0935527 0.0587633 0.0297316 0.0115394 0.00339867 0.000760742 0.000128876 1.65792e-05 1.62058e-06 1.16558e-07 5.80882e-09
 1.28678e-11 1.39729e-09 8.9456e-08 3.37653e-06 7.51407e-05 0.00098592 0.00762869 0.0348382 0.0942416 0.153445 0.16059 0.13284 0.116353 0.106941 0.0877626 0.0589685 0.0300982 0.0112805 0.00315729 0.000671007 0.000106468 1.2196e-05 9.82843e-07 5.49474e-08 2.10876e-09
 1.18891e-11 1.29101e-09 8.26519e-08 3.11971e-06 6.94262e-05 0.000910975 0.00704991 0.0322165 0.0873906 0.143874 0.156558 0.141463 0.132477 0.117476 0.0875038 0.0538036 0.0262152 0.00967262 0.00267287 0.000550647 8.28937e-05 8.86015e-06 6.53677e-07 3.24771e-08 1.06571e-09
 1.22366e-11 1.32875e-09 8.50677e-08 3.2109e-06 7.14555e-05 0.000937602 0.00725589 0.0331549 0.0898865 0.14755 0.158548 0.13879 0.127203 0.115875 0.0903015 0.0554442 0.024892 0.00789734 0.00182108 0.000320159 4.31334e-05 4.26042e-06 2.92682e-07 1.34602e-08 4.04233e-10
 1.2796e-11 1.38949e-09 8.89566e-08 3.35769e-06 7.47225e-05 0.00098048 0.00758801 0.0346766 0.094042 0.154457 0.165824 0.143575 0.127607 0.111299 0.0826035 0.048431 0.0208958 0.00634372 0.00136059 0.000211798 2.42949e-05 2.03565e-06 1.21416e-07 4.98416e-09 1.36131e-10
 1.10358e-11 1.19836e-09 7.67204e-08 2.89584e-06 6.44456e-05 0.000845689 0.00654663 0.0299494 0.0815578 0.136032 0.153497 0.14742 0.143479 0.127733 0.0926543 0.0519085 0.0210577 0.00591668 0.00115542 0.000161536 1.64528e-05 1.20702e-06 6.21173e-08 2.18525e-09 5.14149e-11
 1.14843e-11 1.24706e-09 7.98377e-08 3.01351e-06 6.70641e-05 0.000880043 0.00681224 0.0311563 0.0847343 0.140505 0.155201 0.142586 0.135494 0.124532 0.0950394 0.054441 0.0216382 0.00574328 0.00102624 0.000127735 1.13959e-05 7.29636e-07 3.28188e-08 1.00901e-09 2.06897e-11
 8.76396e-12 9.51665e-10 6.09267e-08 2.29973e-06 5.11818e-05 0.000671748 0.0052034 0.0238597 0.065521 0.112445 0.137394 0.150554 0.161174 0.148369 0.107537 0.0582616 0.0221593 0.00568578 0.000983802 0.000117216 9.76772e-06 5.6772e-07 2.26725e-08 6.1152e-10 1.09597e-11
 9.18896e-12 9.97815e-10 6.38813e-08 2.41125e-06 5.3663e-05 0.000704276 0.00545407 0.0249837 0.0683188 0.115383 0.134543 0.137899 0.147652 0.147783 0.11759 0.0668106 0.025367 0.00629462 0.0010348 0.000116098 9.08068e-06 4.94244e-07 1.83653e-08 4.55556e-10 7.40412e-12
 1.02815e-11 1.11645e-09 7.14764e-08 2.69794e-06 6.00439e-05 0.000788042 0.00610323 0.0279622 0.0764803 0.129047 0.149073 0.147032 0.145918 0.133881 0.0997111 0.0553834 0.0216114 0.00576221 0.0010445 0.000128352 1.05881e-05 5.79071e-07 2.07917e-08 4.86585e-10 7.36695e-12
 9.7441e-12 1.0581e-09 6.77409e-08 2.55697e-06 5.69084e-05 0.000746976 0.00578744 0.0265501 0.0729298 0.124688 0.148865 0.153965 0.155689 0.139209 0.0980068 0.050401 0.0179435 0.00434193 0.000724123 8.48246e-05 6.95675e-06 3.88838e-07 1.43348e-08 3.39774e-10 5.09425e-12
 8.81444e-12 9.57148e-10 6.12781e-08 2.31305e-06 5.14817e-05 0.000675829 0.00523831 0.0240618 0.0663604 0.114802 0.141064 0.152681 0.160916 0.14821 0.106188 0.0548359 0.0194232 0.00464275 0.000755277 8.46547e-05 6.54023e-06 3.43839e-07 1.20644e-08 2.76737e-10 4.06979e-12
 9.89817e-12 1.07483e-09 6.88123e-08 2.59744e-06 5.78108e-05 0.000758883 0.00588093 0.0269912 0.0741879 0.126748 0.150143 0.152602 0.153459 0.139036 0.0984558 0.0498129 0.017172 0.00398836 0.000630619 6.85683e-05 5.1053e-06 2.55998e-07 8.47594e-09 1.82124e-10 2.5041e-12
 1.08047e-11 1.17326e-09 7.51145e-08 2.83534e-06 6.31073e-05 0.00082846 0.00642111 0.0294812 0.0810848 0.138534 0.162981 0.160593 0.151633 0.12728 0.0839885 0.0402283 0.0133455 0.00301643 0.000465957 4.93518e-05 3.55517e-06 1.71218e-07 5.40856e-09 1.10187e-10 1.4277e-12
 1.10295e-11 1.19768e-09 7.66776e-08 2.89438e-06 6.44235e-05 0.000845823 0.0065575 0.0301298 0.083024 0.142421 0.168494 0.165806 0.153452 0.123944 0.0774845 0.0346575 0.0105951 0.00218285 0.000306103 2.9625e-05 1.9772e-06 8.93742e-08 2.66903e-09 5.14919e-11 6.30816e-13
 1.08102e-11 1.17387e-09 7.51538e-08 2.83691e-06 6.31476e-05 0.000829194 0.0064313 0.0295846 0.0817755 0.141343 0.169654 0.169487 0.156898 0.124529 0.0755031 0.032408 0.00941285 0.00181992 0.000235687 2.07224e-05 1.24374e-06 5.05354e-08 1.36619e-09 2.40986e-11 2.72432e-13
 1.10242e-11 1.19711e-09 7.6642e-08 2.89313e-06 6.44013e-05 0.000845736 0.00656109 0.0301967 0.0835434 0.144527 0.173162 0.171416 0.156276 0.121743 0.0719156 0.029771 0.00826211 0.00151291 0.000183697 1.4967e-05 8.22703e-07 3.03147e-08 7.38255e-10 1.16951e-11 1.18794e-13
 1.03922e-11 1.12849e-09 7.22499e-08 2.72743e-06 6.07193e-05 0.00079762 0.00619297 0.0285681 0.0795265 0.139688 0.172454 0.176656 0.162638 0.124392 0.0712435 0.0285462 0.00768826 0.00136948 0.000161465 1.26715e-05 6.61989e-07 2.28411e-08 5.14089e-10 7.45167e-12 6.87682e-14
 1.02409e-11 1.11206e-09 7.11986e-08 2.68782e-06 5.98416e-05 0.000786232 0.00610727 0.0282023 0.07869 0.13885 0.172666 0.178298 0.164947 0.125621 0.0704713 0.0271233 0.00689643 0.00114454 0.000124733 9.03467e-06 4.37402e-07 1.40641e-08 2.95866e-10 4.00398e-12 3.43529e-14
 9.87402e-12 1.07223e-09 6.86499e-08 2.59173e-06 5.77097e-05 0.00075848 0.00589686 0.0272912 0.0765591 0.136693 0.173389 0.182246 0.168499 0.126098 0.0690155 0.0258978 0.00643302 0.00104401 0.000110811 7.73188e-06 3.55056e-07 1.0672e-08 2.07892e-10 2.59547e-12 2.05438e-14
 1.03743e-11 1.12656e-09 7.21292e-08 2.72314e-06 6.06384e-05 0.000797028 0.00619704 0.028677 0.0803474 0.142708 0.178371 0.182843 0.164863 0.120696 0.0644138 0.0234297 0.00561887 0.000879133 8.99497e-05 6.04689e-06 2.66878e-07 7.67086e-09 1.41856e-10 1.66707e-12 1.23189e-14
 9.1972e-12 9.98756e-10 6.39495e-08 2.41464e-06 5.37873e-05 0.000707615 0.0055147 0.0256726 0.073001 0.13401 0.177289 0.192119 0.175408 0.124729 0.0635738 0.0220365 0.00504694 0.00075545 7.39426e-05 4.74687e-06 1.99558e-07 5.45026e-09 9.55689e-11 1.0627e-12 7.41212e-15
#spawning biomass
 10960.1 8250.29 6684.19 6971.76 10551.6 16274.6 21251.6 31218.9 51358.5 76064 99126.1 138808 155577 184077 184671 163278 183917 180907 185069 168786 176615 184384 208671 237294 235647 248148 261223 248018 194325 102664 216321 240815 233602 210679 183378 157933 136879 120646 108696 100176 94239 90171.8 87420.2 85566.2 84305.3 83487.6 82957.2 82613.2 82390.1 82245.3 82151.5 82090.6 82051.1 82025.5 82008.9 81998.1 81991.1 81986.6 81983.7 81981.8 81980.5 81979.7 81979.2 81978.9 81978.6 81978.5 81978.4 81978.3 81978.3 81978.3 81978.3 81978.3 81978.3 81978.2 81978.2 81978.2 81978.2 81978.2 81978.2 81978.2 81978.2 81978.2 81978.2 81978.2 81978.2 81978.2 81978.2 81978.2 81978.2 81978.2 81978.2 81978.2 81978.2 81978.2 81978.2 81978.2 81978.2 81978.2 81978.2 81978.2 81978.2 81978.2 81978.2 81978.2 81978.2 81978.2 81978.2 81978.2 81978.2 81978.2 81978.2 81978.2 81978.2 81978.2 81978.2 81978.2 81978.2 81978.2 81978.2 81978.2 81978.2 81978.2 81978.2 81978.2 81978.2 81978.2 81978.2 81978.2 81978.2 0 0 0 0 0 0 0 0 0 0 0 0 0 0 0 0 0 0 0 0 0 0 0 0 0
