SBPRF35
0.819782
Curr Bio
127494
B35
660196
F35
0.212611
FOFL
0
OFL
0
Bzero
234224
#pred survey bio
 16047.9 17049.4 21326.9 24983.2 28414.8 33725.2 41684.3 50530.5 54030.7 56865.6 67103.7 70644.3 90796.8 86657.3 96742.2 111710 117205 116940 104098 104754 113386 117565 122498 121401 135772 143024 135487 124068 3.64842e+06 5.61573e+06 6.1372e+06 5.94347e+06 5.37888e+06 4.70151e+06 4.05784e+06 3.51144e+06 3.07705e+06 2.7457e+06 2.49962e+06 2.31997e+06 2.19017e+06 2.09677e+06 2.02887e+06 1.97877e+06 1.94333e+06 1.918e+06 1.89969e+06 1.88631e+06 1.87641e+06 1.869e+06 1.8634e+06 1.85912e+06 1.85582e+06 1.85324e+06 1.85123e+06 1.84963e+06 1.84837e+06 1.84736e+06 1.84654e+06 1.84589e+06 1.84536e+06 1.84494e+06 1.84459e+06 1.84431e+06 1.84408e+06 1.84389e+06 1.84374e+06 1.84362e+06 1.84352e+06 1.84343e+06 1.84337e+06 1.84331e+06 1.84326e+06 1.84323e+06 1.8432e+06 1.84317e+06 1.84315e+06 1.84314e+06 1.84312e+06 1.84311e+06 1.8431e+06 1.84309e+06 1.84309e+06 1.84308e+06 1.84308e+06 1.84308e+06 1.84307e+06 1.84307e+06 1.84307e+06 1.84307e+06 1.84307e+06 1.84307e+06 1.84306e+06 1.84306e+06 1.84306e+06 1.84306e+06 1.84306e+06 1.84306e+06 1.84306e+06 1.84306e+06 1.84306e+06 1.84306e+06 1.84306e+06 1.84306e+06 1.84306e+06 1.84306e+06 1.84306e+06 1.84306e+06 1.84306e+06 1.84306e+06 1.84306e+06 1.84306e+06 1.84306e+06 1.84306e+06 1.84306e+06 1.84306e+06 1.84306e+06 1.84306e+06 1.84306e+06 1.84306e+06 1.84306e+06 1.84306e+06 1.84306e+06 1.84306e+06 1.84306e+06 1.84306e+06 1.84306e+06 1.84306e+06 0 0 0 0 0 0 0 0 0 0 0 0 0 0 0 0 0 0 0 0 0 0 0 0 0
#obs survey bio
 14580.1 12172.3 18695.5 25975.6 39429.5 31345 58546 51192.4 48282.4 62198 58628.8 73161.7 81221.3 109684 99101.7 148528 101915 122612 144667 119223 113342 154360 150013 147366 109663 165419 156882 93139.8
#pred catch bio
 10025.1 10974.7 14792.5 17761.4 19244.6 22411.4 28567.8 37328.6 41006.9 41437.7 52668 47979.8 72864.9 66167.1 73219.9 87468.2 92524.2 98398.4 84559.5 84291.5 95155.9 97996.3 105284 101354 117415 128103 123509 95548 0 46123.9 50067.1 48007.3 42900.3 36948 31386.4 26736.2 23099.9 20379.5 18405.9 17005.5 16027.9 15353.2 14888.3 14567.9 14355.8 14215.4 14122.5 14061 14020.3 13993.3 13975.5 13963.7 13955.9 13950.7 13947.3 13945 13943.5 13942.5 13941.9 13941.4 13941.1 13940.9 13940.8 13940.7 13940.7 13940.6 13940.6 13940.6 13940.6 13940.6 13940.6 13940.6 13940.6 13940.6 13940.6 13940.6 13940.6 13940.6 13940.6 13940.6 13940.6 13940.6 13940.6 13940.6 13940.6 13940.6 13940.6 13940.6 13940.6 13940.6 13940.6 13940.6 13940.6 13940.6 13940.6 13940.6 13940.6 13940.6 13940.6 13940.6 13940.6 13940.6 13940.6 13940.6 13940.6 13940.6 13940.6 13940.6 13940.6 13940.6 13940.6 13940.6 13940.6 13940.6 13940.6 13940.6 13940.6 13940.6 13940.6 13940.6 13940.6 13940.6 13940.6 13940.6 13940.6 13940.6 13940.6 13940.6 0 0 0 0 0 0 0 0 0 0 0 0 0 0 0 0 0 0 0 0 0 0 0 0 0
#obs catch bio
 13232.2 11446.6 14916.4 18590.6 17090.6 21127.5 26537.3 35001.6 38301.4 38214.5 50890.2 43456.9 69117.4 58125.4 69081.1 81783.3 87340.2 94359.8 74453.7 75265.2 91349.1 87522.3 95597.4 87640.6 115748 125337 119167 92125.7
#pred cpue bio
 14393 14575.2 18194.9 21183.5 24237.3 28849.1 35310.9 42950.2 45974.9 47782.6 56320 59075.5 77074.7 72762.9 80641.8 93305.8 98940.7 98616.4 87071.5 87282.4 93137.5 96705.3 100971 99066.4 110099 116046 110510 99924 3.06897e+06 5.57699e+06 6.09846e+06 5.90473e+06 5.34014e+06 4.66277e+06 4.0191e+06 3.4727e+06 3.03831e+06 2.70696e+06 2.46088e+06 2.28123e+06 2.15142e+06 2.05803e+06 1.99013e+06 1.94003e+06 1.90459e+06 1.87926e+06 1.86095e+06 1.84756e+06 1.83766e+06 1.83026e+06 1.82466e+06 1.82038e+06 1.81707e+06 1.8145e+06 1.81249e+06 1.81089e+06 1.80963e+06 1.80861e+06 1.8078e+06 1.80715e+06 1.80662e+06 1.8062e+06 1.80585e+06 1.80557e+06 1.80534e+06 1.80515e+06 1.805e+06 1.80488e+06 1.80477e+06 1.80469e+06 1.80462e+06 1.80457e+06 1.80452e+06 1.80449e+06 1.80446e+06 1.80443e+06 1.80441e+06 1.80439e+06 1.80438e+06 1.80437e+06 1.80436e+06 1.80435e+06 1.80435e+06 1.80434e+06 1.80434e+06 1.80433e+06 1.80433e+06 1.80433e+06 1.80433e+06 1.80433e+06 1.80432e+06 1.80432e+06 1.80432e+06 1.80432e+06 1.80432e+06 1.80432e+06 1.80432e+06 1.80432e+06 1.80432e+06 1.80432e+06 1.80432e+06 1.80432e+06 1.80432e+06 1.80432e+06 1.80432e+06 1.80432e+06 1.80432e+06 1.80432e+06 1.80432e+06 1.80432e+06 1.80432e+06 1.80432e+06 1.80432e+06 1.80432e+06 1.80432e+06 1.80432e+06 1.80432e+06 1.80432e+06 1.80432e+06 1.80432e+06 1.80432e+06 1.80432e+06 1.80432e+06 1.80432e+06 1.80432e+06 1.80432e+06 1.80432e+06 1.80432e+06 0 0 0 0 0 0 0 0 0 0 0 0 0 0 0 0 0 0 0 0 0 0 0 0 0
#obs cpue bio
 22025 16614.9 21906.6 17172.8 36506.6 33181.9 35165.4 53986.4 67152.6 59604.5 71874.9 82144.2 110924 100912 86368 94557.6 134988 118047 111004 114588 101599 122779 123545 144900 121370 114196 119136 149918
#pred surv len freq
 1.1992e-11 1.30219e-09 8.33672e-08 3.1467e-06 7.00254e-05 0.000918773 0.00710823 0.0324471 0.0876546 0.142292 0.148965 0.127389 0.11859 0.105508 0.0754491 0.0483644 0.0315689 0.0209008 0.0142583 0.0102958 0.0080209 0.00682357 0.00598781 0.00465545 0.00272873
 1.36066e-11 1.47752e-09 9.45919e-08 3.57037e-06 7.94537e-05 0.00104247 0.00806513 0.0368121 0.0994058 0.161039 0.167039 0.138789 0.123987 0.105682 0.0694072 0.0378894 0.0206602 0.0116628 0.00672375 0.00403289 0.00259865 0.00187089 0.00147184 0.00109609 0.000641925
 1.32063e-11 1.43405e-09 9.18089e-08 3.46533e-06 7.71162e-05 0.00101181 0.00782807 0.0357342 0.0965522 0.156875 0.164865 0.142409 0.13306 0.114776 0.0737649 0.0376887 0.01827 0.00873234 0.00408677 0.00196206 0.000998371 0.000562458 0.000362562 0.000242136 0.000136243
 1.33963e-11 1.45468e-09 9.31297e-08 3.51518e-06 7.82256e-05 0.00102636 0.00794065 0.0362474 0.0979289 0.159032 0.16676 0.14311 0.132697 0.11405 0.0731066 0.0370751 0.0175583 0.00791298 0.00328196 0.00129523 0.00050716 0.000209612 9.90595e-05 5.31066e-05 2.68703e-05
 1.30337e-11 1.4153e-09 9.06091e-08 3.42004e-06 7.61084e-05 0.000998587 0.00772586 0.0352694 0.0953209 0.155073 0.163894 0.143871 0.13679 0.11846 0.075402 0.0374535 0.0172781 0.00762556 0.00307017 0.00112861 0.000379625 0.000120217 3.90916e-05 1.4464e-05 5.79148e-06
 1.29666e-11 1.40801e-09 9.01424e-08 3.40243e-06 7.57163e-05 0.000993443 0.00768604 0.0350872 0.0948225 0.154214 0.162765 0.142365 0.135035 0.117594 0.0764883 0.0397987 0.0192696 0.00862457 0.00341782 0.00122064 0.000391009 0.000110689 2.81909e-05 6.9804e-06 1.85709e-06
 1.34993e-11 1.46587e-09 9.38461e-08 3.54222e-06 7.88273e-05 0.00103426 0.00800166 0.0365247 0.0986614 0.160088 0.167242 0.141977 0.130129 0.111838 0.072794 0.038282 0.0189665 0.00881212 0.00365138 0.00133975 0.000426837 0.000116471 2.71242e-05 5.43233e-06 9.8564e-07
 1.32506e-11 1.43885e-09 9.21167e-08 3.47695e-06 7.73747e-05 0.0010152 0.00785432 0.0358543 0.0968803 0.157437 0.16559 0.143363 0.134245 0.1157 0.0739187 0.0372066 0.0175865 0.00803483 0.00337576 0.00128102 0.000424392 0.000118605 2.73435e-05 5.12931e-06 7.84071e-07
 1.3122e-11 1.42489e-09 9.12229e-08 3.44321e-06 7.66239e-05 0.00100535 0.00777818 0.0355081 0.0959628 0.156092 0.164853 0.144407 0.136908 0.118188 0.0746886 0.0364965 0.016473 0.00715569 0.00286445 0.00105698 0.000351816 0.000101116 2.40555e-05 4.56636e-06 6.74644e-07
 1.37045e-11 1.48815e-09 9.52726e-08 3.59607e-06 8.00255e-05 0.00104998 0.00812331 0.0370804 0.100168 0.162573 0.170026 0.144756 0.132787 0.112951 0.0708772 0.0342623 0.0151745 0.0064049 0.00245512 0.000858391 0.000272001 7.60512e-05 1.81238e-05 3.51341e-06 5.29106e-07
 1.37545e-11 1.49358e-09 9.56202e-08 3.60919e-06 8.03175e-05 0.00105381 0.00815293 0.0372153 0.100528 0.163128 0.170464 0.14477 0.132413 0.112507 0.0706005 0.0341388 0.0150968 0.00632651 0.00238417 0.000808692 0.000245057 6.4976e-05 1.47916e-05 2.8006e-06 4.21985e-07
 1.38362e-11 1.50245e-09 9.61882e-08 3.63063e-06 8.07946e-05 0.00106007 0.00820138 0.0374368 0.101131 0.164141 0.171686 0.146186 0.133926 0.113191 0.0695648 0.0319796 0.0132153 0.00530705 0.00196871 0.000660997 0.000196643 5.04632e-05 1.09714e-05 1.97636e-06 2.86325e-07
 1.3251e-11 1.43891e-09 9.21201e-08 3.47707e-06 7.73775e-05 0.00101524 0.00785462 0.0358559 0.0968877 0.157475 0.165748 0.1438 0.135 0.116541 0.0745494 0.0373586 0.017072 0.00709625 0.00254515 0.000812164 0.000233757 5.88059e-05 1.24889e-05 2.17169e-06 3.00889e-07
 1.3657e-11 1.48298e-09 9.4942e-08 3.58359e-06 7.97478e-05 0.00104634 0.00809517 0.0369529 0.0998372 0.162148 0.170101 0.146096 0.135214 0.114786 0.0706637 0.0325962 0.0136291 0.00561309 0.00214329 0.000723374 0.000208192 5.04875e-05 1.03283e-05 1.74516e-06 2.34855e-07
 1.40146e-11 1.52182e-09 9.7428e-08 3.67742e-06 8.18359e-05 0.00107373 0.00830702 0.0379176 0.102411 0.166067 0.172993 0.145534 0.131516 0.110856 0.0687856 0.0324105 0.0137366 0.00547426 0.0019531 0.000634069 0.000186563 4.70983e-05 9.72789e-06 1.60559e-06 2.08851e-07
 1.39072e-11 1.51016e-09 9.66819e-08 3.64926e-06 8.12092e-05 0.00106551 0.00824344 0.0376282 0.10164 0.1649 0.172167 0.145818 0.132804 0.112166 0.0693319 0.0323411 0.0135779 0.00542999 0.00195186 0.000623085 0.000175261 4.27497e-05 8.85994e-06 1.49366e-06 1.9554e-07
 1.3371e-11 1.45194e-09 9.29543e-08 3.50856e-06 7.80782e-05 0.00102443 0.00792579 0.0361816 0.0977781 0.159005 0.167741 0.146425 0.138044 0.118056 0.072714 0.033347 0.0136339 0.00533211 0.00189078 0.000600803 0.00016866 4.04895e-05 8.12877e-06 1.33608e-06 1.74333e-07
 1.34451e-11 1.45998e-09 9.3469e-08 3.52799e-06 7.85106e-05 0.0010301 0.00796964 0.036381 0.0983075 0.159789 0.168208 0.145946 0.136723 0.116869 0.0724675 0.0338119 0.0141179 0.00554656 0.00193586 0.000600736 0.000165586 3.93541e-05 7.83139e-06 1.2654e-06 1.61167e-07
 1.37478e-11 1.49285e-09 9.55735e-08 3.60742e-06 8.02783e-05 0.0010533 0.00814903 0.0371989 0.100504 0.163248 0.171332 0.147324 0.136393 0.115306 0.0698769 0.0308724 0.0119445 0.00449091 0.00156304 0.000487995 0.000133521 3.11395e-05 6.08058e-06 9.68858e-07 1.218e-07
 1.39457e-11 1.51434e-09 9.69492e-08 3.65935e-06 8.14338e-05 0.00106846 0.00826626 0.0377327 0.101927 0.165403 0.172868 0.146837 0.134078 0.112948 0.068902 0.0310126 0.0122355 0.00454189 0.00150063 0.000442677 0.000117816 2.73076e-05 5.29403e-06 8.30924e-07 1.02659e-07
 1.45809e-11 1.58331e-09 1.01365e-07 3.82603e-06 8.51428e-05 0.00111712 0.00864257 0.0394467 0.106506 0.172429 0.178314 0.146675 0.128723 0.106543 0.064675 0.0290541 0.0114794 0.00430204 0.00144095 0.000424105 0.000109134 2.40973e-05 4.50876e-06 6.95714e-07 8.50028e-08
 1.44379e-11 1.56779e-09 1.00371e-07 3.78851e-06 8.4308e-05 0.00110616 0.0085579 0.0390618 0.105488 0.170945 0.177553 0.147992 0.131882 0.109294 0.0651172 0.0277274 0.0100531 0.00352892 0.00115442 0.00033986 8.80746e-05 1.93757e-05 3.53251e-06 5.23947e-07 6.18452e-08
 1.43561e-11 1.5589e-09 9.98024e-08 3.76704e-06 8.38303e-05 0.0010999 0.00850943 0.0388409 0.104896 0.170024 0.176775 0.147803 0.132265 0.109962 0.0658595 0.0283718 0.0104053 0.00359281 0.00110937 0.000303597 7.49846e-05 1.62416e-05 2.95623e-06 4.3522e-07 5.02284e-08
 1.47591e-11 1.60266e-09 1.02604e-07 3.87278e-06 8.61834e-05 0.00113077 0.00874818 0.0399286 0.107805 0.174512 0.180374 0.148097 0.129474 0.106303 0.0630195 0.0265808 0.00943035 0.00318433 0.000979042 0.000265066 6.28574e-05 1.27954e-05 2.20878e-06 3.16334e-07 3.6099e-08
 1.50303e-11 1.63211e-09 1.04489e-07 3.94395e-06 8.7767e-05 0.00115155 0.00890885 0.0406603 0.109758 0.177494 0.182618 0.147805 0.126854 0.103369 0.0613621 0.0261021 0.00937519 0.00316839 0.000956451 0.00025236 5.87354e-05 1.17378e-05 1.95506e-06 2.65741e-07 2.88626e-08
 1.49611e-11 1.6246e-09 1.04008e-07 3.92579e-06 8.7363e-05 0.00114624 0.00886787 0.040474 0.109266 0.176784 0.182284 0.148537 0.128524 0.104782 0.0615053 0.0253004 0.00857129 0.00276431 0.000823162 0.000216992 5.00167e-05 9.79187e-06 1.59365e-06 2.11183e-07 2.21419e-08
 1.47071e-11 1.59702e-09 1.02243e-07 3.85915e-06 8.588e-05 0.00112679 0.00871743 0.0397891 0.10744 0.174017 0.180308 0.149156 0.131513 0.107921 0.0629966 0.025339 0.00818398 0.00248474 0.000697013 0.000173758 3.86335e-05 7.4506e-06 1.1993e-06 1.56177e-07 1.60002e-08
 1.52157e-11 1.65225e-09 1.05778e-07 3.9926e-06 8.88498e-05 0.00116575 0.00901874 0.0411615 0.111107 0.179642 0.184666 0.149022 0.127226 0.102815 0.059668 0.0238213 0.00757129 0.00223957 0.000604497 0.000142481 2.96703e-05 5.38539e-06 8.28744e-07 1.05103e-07 1.05883e-08
#obs surv len freq
 1.28208e-11 1.39219e-09 8.91292e-08 3.36419e-06 7.48655e-05 0.000982275 0.0075995 0.0346886 0.0936889 0.151877 0.157851 0.131894 0.120212 0.109463 0.0834407 0.0548239 0.0313263 0.0146365 0.00543172 0.0015851 0.000354517 5.87714e-05 6.98476e-06 5.76124e-07 3.20504e-08
 1.38752e-11 1.50668e-09 9.6459e-08 3.64085e-06 8.10223e-05 0.00106306 0.00822447 0.0375406 0.101376 0.16416 0.169529 0.138075 0.119972 0.103666 0.0736908 0.0442349 0.0232892 0.0102292 0.00360804 0.00100452 0.000213951 3.35574e-05 3.74617e-06 2.88775e-07 1.49618e-08
 1.25632e-11 1.36422e-09 8.73385e-08 3.2966e-06 7.33616e-05 0.00096256 0.00744754 0.0340066 0.0919867 0.150093 0.159867 0.141504 0.134127 0.118012 0.0813724 0.0458768 0.0221923 0.0088242 0.00279172 0.000701117 0.000136865 1.99244e-05 2.07441e-06 1.4906e-07 7.17988e-09
 1.41748e-11 1.53922e-09 9.85418e-08 3.71947e-06 8.27719e-05 0.00108602 0.00840233 0.038356 0.103609 0.167892 0.173393 0.139969 0.118659 0.100916 0.0720666 0.0430315 0.0212867 0.00819575 0.00240126 0.000541772 9.37565e-05 1.21237e-05 1.13323e-06 7.39935e-08 3.26703e-09
 1.26096e-11 1.36925e-09 8.76606e-08 3.30876e-06 7.36325e-05 0.000966127 0.00747554 0.0341417 0.0924254 0.151209 0.162127 0.144271 0.134992 0.116235 0.0790706 0.044306 0.0212543 0.00828913 0.00249292 0.000562011 9.26775e-05 1.09535e-05 9.1364e-07 5.28594e-08 2.0757e-09
 1.32288e-11 1.4365e-09 9.19657e-08 3.47126e-06 7.72487e-05 0.00101357 0.00784254 0.0358144 0.096899 0.158043 0.167059 0.14254 0.127172 0.108988 0.0770039 0.0450542 0.0215977 0.00803597 0.00227627 0.000491007 7.88581e-05 9.06522e-06 7.20481e-07 3.86394e-08 1.37453e-09
 1.31943e-11 1.43275e-09 9.17257e-08 3.4622e-06 7.70473e-05 0.00101094 0.00782259 0.0357305 0.0967489 0.158265 0.168854 0.146533 0.131159 0.109619 0.0740255 0.0412782 0.019254 0.00712316 0.00200434 0.000420079 6.41115e-05 6.95013e-06 5.22421e-07 2.65638e-08 8.9209e-10
 1.31784e-11 1.43102e-09 9.16149e-08 3.45802e-06 7.69545e-05 0.00100974 0.00781361 0.0356955 0.096714 0.158533 0.170068 0.148675 0.132822 0.109829 0.0731234 0.0397345 0.0177098 0.00617571 0.00163755 0.000326553 4.77801e-05 4.95326e-06 3.527e-07 1.68391e-08 5.28659e-10
 1.30198e-11 1.4138e-09 9.05126e-08 3.41642e-06 7.6029e-05 0.000997606 0.00772013 0.0352752 0.095639 0.15711 0.169489 0.149305 0.133512 0.11029 0.0739369 0.0405176 0.018014 0.00617849 0.00158744 0.000301906 4.16651e-05 4.06074e-06 2.72119e-07 1.2233e-08 3.60844e-10
 1.35704e-11 1.47358e-09 9.43401e-08 3.56089e-06 7.92442e-05 0.0010398 0.00804679 0.0367687 0.0996826 0.163597 0.175408 0.151148 0.130487 0.104799 0.0688258 0.0369666 0.0160943 0.00540852 0.00135848 0.000250519 3.31208e-05 3.05486e-06 1.91893e-07 8.0408e-09 2.20608e-10
 1.32685e-11 1.4408e-09 9.22414e-08 3.48168e-06 7.74819e-05 0.0010167 0.00786881 0.0359686 0.0976441 0.160999 0.175008 0.154583 0.135165 0.107123 0.0683027 0.0352986 0.0147661 0.00478176 0.00115948 0.000206243 2.62165e-05 2.3122e-06 1.37868e-07 5.44001e-09 1.39533e-10
 1.21633e-11 1.32079e-09 8.45581e-08 3.19168e-06 7.10291e-05 0.000932073 0.00721508 0.0330024 0.0898154 0.149417 0.166921 0.155613 0.142803 0.116064 0.0755298 0.0395524 0.0164304 0.00518477 0.00121154 0.00020646 2.50603e-05 2.1052e-06 1.19216e-07 4.45145e-09 1.0759e-10
 1.29855e-11 1.41007e-09 9.02739e-08 3.40743e-06 7.58305e-05 0.000995079 0.00770266 0.0352279 0.095795 0.158719 0.174394 0.155826 0.136172 0.108015 0.0699075 0.0364363 0.014916 0.0045902 0.00103558 0.000168612 1.9383e-05 1.5335e-06 8.15535e-08 2.85593e-09 6.46809e-11
 1.24623e-11 1.35326e-09 8.66374e-08 3.27018e-06 7.27772e-05 0.000955064 0.00739437 0.0338416 0.0922511 0.154088 0.173128 0.160546 0.142957 0.111495 0.0695078 0.0347646 0.0137769 0.00414253 0.000913926 0.000144419 1.59359e-05 1.1976e-06 5.99937e-08 1.9671e-09 4.15515e-11
 1.27092e-11 1.38007e-09 8.83534e-08 3.33496e-06 7.42193e-05 0.000974007 0.00754142 0.0345185 0.0941074 0.157084 0.175561 0.16014 0.139945 0.108894 0.0686098 0.0343858 0.0133462 0.00386243 0.000815274 0.000123342 1.30431e-05 9.37315e-07 4.46659e-08 1.38401e-09 2.74535e-11
 1.17267e-11 1.27338e-09 8.15235e-08 3.07718e-06 6.84845e-05 0.000898837 0.00696184 0.0319044 0.0873412 0.147737 0.171055 0.165267 0.149708 0.115829 0.0710415 0.0345405 0.0130694 0.00369534 0.000757189 0.000109907 1.1038e-05 7.49287e-07 3.36635e-08 9.82618e-10 1.83374e-11
 1.13704e-11 1.23469e-09 7.90467e-08 2.98371e-06 6.64055e-05 0.000871605 0.0067522 0.0309617 0.0849022 0.144232 0.168457 0.164535 0.15067 0.118789 0.0747027 0.036742 0.0137106 0.00375313 0.000738808 0.000102737 9.85315e-06 6.35349e-07 2.69468e-08 7.38546e-10 1.28938e-11
 1.21662e-11 1.32111e-09 8.45791e-08 3.19255e-06 7.10539e-05 0.000932633 0.00722513 0.0331284 0.0907837 0.153645 0.176773 0.166462 0.14552 0.110397 0.0672809 0.0322115 0.0117431 0.00313752 0.000598096 7.96328e-05 7.24342e-06 4.4048e-07 1.75653e-08 4.51673e-10 7.38157e-12
 1.18796e-11 1.28999e-09 8.25874e-08 3.1174e-06 6.93837e-05 0.000910802 0.00705824 0.0323942 0.0890198 0.151788 0.1774 0.170088 0.148978 0.111215 0.0660737 0.0307109 0.0108697 0.00282403 0.000523248 6.74436e-05 5.89789e-06 3.41985e-07 1.29012e-08 3.11818e-10 4.76812e-12
 1.22292e-11 1.32795e-09 8.50179e-08 3.20916e-06 7.14272e-05 0.000937666 0.00726711 0.0333584 0.0916738 0.15609 0.181029 0.170206 0.145841 0.107674 0.0636031 0.0291623 0.0100529 0.00252066 0.000448596 5.54018e-05 4.63291e-06 2.56214e-07 9.1854e-09 2.10065e-10 3.02543e-12
 1.2551e-11 1.3629e-09 8.72556e-08 3.29366e-06 7.33102e-05 0.00096247 0.00746114 0.0342704 0.0943183 0.161029 0.187094 0.17435 0.145113 0.102445 0.0573995 0.0249534 0.00819204 0.00196065 0.00033231 3.89167e-05 3.07469e-06 1.60298e-07 5.41088e-09 1.16401e-10 1.57525e-12
 1.13385e-11 1.23124e-09 7.88271e-08 2.9756e-06 6.62372e-05 0.000869866 0.00674924 0.0310827 0.0862058 0.150264 0.182694 0.181119 0.156486 0.11018 0.0598746 0.0247626 0.00763548 0.00170599 0.000269658 2.94935e-05 2.17929e-06 1.06275e-07 3.35272e-09 6.73331e-11 8.49875e-13
 1.28196e-11 1.39207e-09 8.91238e-08 3.36426e-06 7.48859e-05 0.000983303 0.00762539 0.0350523 0.0965991 0.165058 0.190823 0.174639 0.142332 0.0996601 0.0552865 0.0231038 0.00700815 0.00150203 0.000223643 2.27824e-05 1.55914e-06 7.03001e-08 2.05112e-09 3.81289e-11 4.4577e-13
 1.17982e-11 1.28116e-09 8.20247e-08 3.09643e-06 6.89336e-05 0.000905511 0.00703026 0.0324232 0.0901696 0.157664 0.190962 0.184599 0.152339 0.102102 0.0530305 0.0210104 0.00618376 0.0013008 0.000189083 1.85192e-05 1.19844e-06 5.04359e-08 1.36205e-09 2.33304e-11 2.50861e-13
 1.18754e-11 1.28955e-09 8.25623e-08 3.11678e-06 6.93897e-05 0.000911589 0.00707883 0.0326574 0.0908351 0.158623 0.191063 0.183118 0.151151 0.102636 0.0537379 0.0209039 0.00587261 0.00116393 0.00015968 1.4859e-05 9.16737e-07 3.66976e-08 9.36619e-10 1.50422e-11 1.50531e-13
 1.07064e-11 1.16262e-09 7.44377e-08 2.81029e-06 6.25799e-05 0.00082262 0.00639834 0.0296467 0.0833926 0.149509 0.189008 0.191065 0.161013 0.10749 0.0544115 0.0204314 0.00554189 0.00105401 0.000137167 1.19768e-05 6.89355e-07 2.57277e-08 6.1336e-10 9.21856e-12 8.63712e-14
 1.19504e-11 1.29771e-09 8.30867e-08 3.13676e-06 6.9845e-05 0.000917896 0.00713355 0.0329657 0.091979 0.161281 0.194433 0.184581 0.149799 0.100097 0.0513281 0.0192461 0.00510435 0.000935015 0.000116185 9.6267e-06 5.2254e-07 1.82755e-08 4.06082e-10 5.66739e-12 4.92185e-14
 1.18138e-11 1.28289e-09 8.21401e-08 3.10126e-06 6.90676e-05 0.000908116 0.00706596 0.0327474 0.0919693 0.163363 0.200451 0.191215 0.15051 0.0947394 0.0456131 0.0163075 0.00419162 0.000748198 9.01033e-05 7.16118e-06 3.69159e-07 1.21688e-08 2.53463e-10 3.30234e-12 2.66837e-14
#pred catch len freq
 1.03171e-11 1.12031e-09 7.17235e-08 2.70721e-06 6.02453e-05 0.00079046 0.00611588 0.0279255 0.0755536 0.123565 0.133642 0.125126 0.128386 0.118679 0.0856035 0.0549528 0.035875 0.023752 0.0162034 0.0117004 0.00911507 0.00775441 0.00680464 0.00529052 0.00310097
 1.20969e-11 1.31358e-09 8.40967e-08 3.17423e-06 7.06382e-05 0.000926818 0.0071707 0.0327374 0.0885105 0.144257 0.153695 0.138054 0.134919 0.119376 0.0790905 0.0432441 0.0235848 0.013314 0.00767568 0.00460386 0.00296656 0.00213577 0.00168022 0.00125128 0.000732807
 1.19698e-11 1.29978e-09 8.32128e-08 3.14087e-06 6.98959e-05 0.000917082 0.0070955 0.0323972 0.0876323 0.143162 0.154088 0.142234 0.142704 0.126603 0.081896 0.0418934 0.0203116 0.00970829 0.00454352 0.00218134 0.00110995 0.00062532 0.000403084 0.000269198 0.00015147
 1.22707e-11 1.33245e-09 8.53046e-08 3.21982e-06 7.16528e-05 0.000940132 0.00727378 0.0332097 0.0898097 0.146554 0.156975 0.14302 0.141591 0.124929 0.0805697 0.040906 0.0193757 0.0087321 0.0036217 0.00142931 0.00055966 0.00023131 0.000109314 5.86041e-05 2.96519e-05
 1.17041e-11 1.27093e-09 8.13661e-08 3.07117e-06 6.83447e-05 0.000896732 0.00693816 0.0316814 0.0857315 0.140341 0.152369 0.143859 0.147442 0.131417 0.0842045 0.0418773 0.0193223 0.00852787 0.00343345 0.00126215 0.000424545 0.000134442 4.37172e-05 1.61755e-05 6.47677e-06
 1.15624e-11 1.25554e-09 8.03807e-08 3.03397e-06 6.75171e-05 0.000885873 0.00685414 0.0312977 0.0846932 0.138641 0.150525 0.142165 0.145999 0.13109 0.0858644 0.0447344 0.0216631 0.00969595 0.0038424 0.00137227 0.000439583 0.000124439 3.16929e-05 7.84755e-06 2.08778e-06
 1.22288e-11 1.3279e-09 8.50136e-08 3.20884e-06 7.14084e-05 0.000936925 0.00724894 0.0330958 0.0894957 0.145993 0.156148 0.141741 0.139961 0.123974 0.0812616 0.0427899 0.0212035 0.00985161 0.00408211 0.00149779 0.000477188 0.00013021 3.03238e-05 6.07314e-06 1.10191e-06
 1.22879e-11 1.33431e-09 8.5424e-08 3.22433e-06 7.17532e-05 0.000941449 0.00728397 0.0332563 0.0899364 0.146767 0.157229 0.143309 0.141887 0.125025 0.0802882 0.0404513 0.0191227 0.00873679 0.00367068 0.00139294 0.000461469 0.000128967 2.97323e-05 5.57743e-06 8.52571e-07
 1.22841e-11 1.33391e-09 8.53982e-08 3.22336e-06 7.17315e-05 0.000941166 0.0072818 0.033247 0.0899202 0.146812 0.157605 0.144439 0.143683 0.126397 0.0802259 0.0392344 0.0177108 0.00769349 0.00307973 0.00113642 0.000378257 0.000108715 2.58635e-05 4.90955e-06 7.25348e-07
 1.27005e-11 1.37912e-09 8.82926e-08 3.33261e-06 7.41627e-05 0.000973062 0.00752848 0.0343709 0.0929267 0.151454 0.161353 0.14483 0.14096 0.122834 0.0775165 0.0375119 0.0166162 0.00701356 0.00268843 0.000939965 0.000297849 8.32783e-05 1.98461e-05 3.84729e-06 5.79387e-07
 1.31058e-11 1.42314e-09 9.11106e-08 3.43897e-06 7.65297e-05 0.00100412 0.00776863 0.0354648 0.0958502 0.155944 0.164861 0.144819 0.137696 0.118895 0.0748933 0.0362406 0.0160279 0.00671678 0.00253125 0.000858579 0.000260174 6.89843e-05 1.57041e-05 2.97337e-06 4.48016e-07
 1.25545e-11 1.36327e-09 8.72778e-08 3.2943e-06 7.33103e-05 0.000961879 0.00744204 0.033978 0.0918892 0.149961 0.160678 0.146457 0.144632 0.125996 0.0779862 0.0358999 0.0148384 0.00595898 0.00221055 0.000742197 0.000220799 5.66623e-05 1.23192e-05 2.21914e-06 3.21498e-07
 1.2706e-11 1.37972e-09 8.83308e-08 3.33405e-06 7.41947e-05 0.000973481 0.0075317 0.0343849 0.0929564 0.151435 0.161021 0.143792 0.139365 0.121863 0.0781871 0.0392033 0.0179164 0.00744727 0.00267105 0.00085234 0.00024532 6.17148e-05 1.31066e-05 2.27912e-06 3.15773e-07
 1.28688e-11 1.39739e-09 8.94624e-08 3.37676e-06 7.51453e-05 0.000985953 0.00762821 0.034826 0.0941538 0.153427 0.163328 0.146254 0.141782 0.122645 0.0758366 0.035012 0.0146411 0.00602996 0.00230247 0.000777097 0.000223654 5.42371e-05 1.10954e-05 1.87477e-06 2.52297e-07
 1.31975e-11 1.43309e-09 9.1748e-08 3.46303e-06 7.7065e-05 0.00101114 0.00782297 0.0357128 0.0965193 0.157024 0.165958 0.145658 0.138267 0.118974 0.0741852 0.0349873 0.0148308 0.00591039 0.00210871 0.000684585 0.000201426 5.08506e-05 1.05029e-05 1.7335e-06 2.2549e-07
 1.32529e-11 1.4391e-09 9.21328e-08 3.47755e-06 7.73882e-05 0.00101538 0.00785577 0.0358623 0.0969211 0.157658 0.166539 0.145934 0.138237 0.118683 0.0736461 0.0343791 0.0144352 0.00577287 0.00207511 0.000662431 0.000186328 4.54492e-05 9.41942e-06 1.58798e-06 2.07888e-07
 1.27431e-11 1.38375e-09 8.85891e-08 3.3438e-06 7.44117e-05 0.000976329 0.00755379 0.0344871 0.0932506 0.152059 0.162351 0.146566 0.143302 0.124342 0.076845 0.0352643 0.0144192 0.00563931 0.00199972 0.000635417 0.000178377 4.28222e-05 8.5971e-06 1.41306e-06 1.84377e-07
 1.3182e-11 1.43141e-09 9.16399e-08 3.45895e-06 7.69742e-05 0.00100995 0.00781377 0.035671 0.0964103 0.156877 0.165945 0.145993 0.13891 0.119492 0.0742044 0.0346321 0.014461 0.00568137 0.00198291 0.000615337 0.000169611 4.03106e-05 8.02174e-06 1.29616e-06 1.65084e-07
 1.3286e-11 1.4427e-09 9.23629e-08 3.48624e-06 7.75815e-05 0.00101792 0.00787543 0.0359527 0.0971745 0.158143 0.167383 0.147471 0.140327 0.119974 0.0728994 0.0322245 0.0124686 0.00468801 0.00163164 0.000509414 0.000139382 3.25063e-05 6.34746e-06 1.01138e-06 1.27146e-07
 1.34371e-11 1.4591e-09 9.34132e-08 3.52588e-06 7.84637e-05 0.00102949 0.00796492 0.0363601 0.0982594 0.159778 0.168512 0.146978 0.138379 0.118072 0.0722467 0.0325372 0.0128382 0.00476565 0.00157456 0.000464486 0.00012362 2.86529e-05 5.55485e-06 8.71861e-07 1.07716e-07
 1.43215e-11 1.55514e-09 9.95615e-08 3.75795e-06 8.36279e-05 0.00109724 0.00848887 0.0387466 0.104636 0.16956 0.176092 0.146748 0.130918 0.109156 0.0663797 0.0298303 0.0117867 0.00441723 0.00147953 0.000435461 0.000112056 2.47425e-05 4.62949e-06 7.14342e-07 8.72789e-08
 1.4138e-11 1.53522e-09 9.82863e-08 3.70982e-06 8.25568e-05 0.00108319 0.00838023 0.0382525 0.103326 0.167632 0.174999 0.148114 0.134478 0.112354 0.0670725 0.0285711 0.0103597 0.00363655 0.00118963 0.000350227 9.0761e-05 1.99667e-05 3.64026e-06 5.39929e-07 6.37315e-08
 1.42346e-11 1.54571e-09 9.89579e-08 3.73517e-06 8.3121e-05 0.00109059 0.00843746 0.0385131 0.10402 0.168682 0.175739 0.14785 0.133313 0.111199 0.0666542 0.0287186 0.0105328 0.00363684 0.00112297 0.000307317 7.59034e-05 1.64406e-05 2.99246e-06 4.40553e-07 5.08439e-08
 1.4475e-11 1.57181e-09 1.00629e-07 3.79824e-06 8.45246e-05 0.00110901 0.00857989 0.0391621 0.105757 0.171374 0.177957 0.14822 0.131944 0.109211 0.0648716 0.0273727 0.00971193 0.00327944 0.00100828 0.000272983 6.47348e-05 1.31776e-05 2.27475e-06 3.25782e-07 3.71772e-08
 1.4951e-11 1.6235e-09 1.03938e-07 3.92314e-06 8.73039e-05 0.00114547 0.00886186 0.0404463 0.109187 0.176618 0.181942 0.147838 0.127541 0.10418 0.0618801 0.0263256 0.00945565 0.00319559 0.000964661 0.000254526 5.92396e-05 1.18386e-05 1.97184e-06 2.68022e-07 2.91103e-08
 1.50946e-11 1.6391e-09 1.04937e-07 3.96083e-06 8.81427e-05 0.00115647 0.00894698 0.0408344 0.110229 0.178258 0.183418 0.148472 0.127351 0.103407 0.0606375 0.0249385 0.00844837 0.00272465 0.000811354 0.000213879 4.92992e-05 9.6514e-06 1.57079e-06 2.08153e-07 2.18243e-08
 1.49585e-11 1.62431e-09 1.0399e-07 3.92511e-06 8.73477e-05 0.00114605 0.00886634 0.0404673 0.109252 0.176791 0.182436 0.14902 0.129286 0.105319 0.0613673 0.0246747 0.00796893 0.00241943 0.000678692 0.000169191 3.7618e-05 7.25476e-06 1.16777e-06 1.52072e-07 1.55796e-08
 1.45413e-11 1.57902e-09 1.0109e-07 3.81565e-06 8.49119e-05 0.00111409 0.00861922 0.0393419 0.106247 0.172199 0.178959 0.149398 0.133218 0.109805 0.0640368 0.0255905 0.00813502 0.00240638 0.000649521 0.000153093 3.18802e-05 5.7865e-06 8.9047e-07 1.12932e-07 1.13769e-08
#obs catch len freq
 9.82303e-12 1.06667e-09 6.82888e-08 2.57757e-06 5.73605e-05 0.000752618 0.00582336 0.0265959 0.0720306 0.118351 0.130352 0.127625 0.137866 0.134958 0.105772 0.0706493 0.0405798 0.0189213 0.00703112 0.00207269 0.000470232 7.88903e-05 9.46149e-06 7.884e-07 4.44924e-08
 1.13528e-11 1.23278e-09 7.89238e-08 2.97899e-06 6.62935e-05 0.000869819 0.00672994 0.0307296 0.0831273 0.135738 0.145352 0.131587 0.130432 0.122266 0.0936063 0.0612739 0.0345789 0.0158554 0.0057449 0.00162659 0.000350581 5.56326e-05 6.28847e-06 4.90535e-07 2.56831e-08
 1.26436e-11 1.37294e-09 8.7897e-08 3.31768e-06 7.38307e-05 0.000968713 0.00749503 0.034221 0.0925351 0.150745 0.159493 0.138718 0.129462 0.114625 0.0816249 0.0487604 0.0253462 0.0109178 0.00375592 0.00101319 0.000207624 3.11247e-05 3.30051e-06 2.40346e-07 1.17086e-08
 1.14556e-11 1.24394e-09 7.96381e-08 3.00595e-06 6.68938e-05 0.000877714 0.00679163 0.0310233 0.0840596 0.138174 0.151325 0.142934 0.143356 0.127894 0.0879816 0.0492463 0.0234757 0.00913991 0.00281809 0.000685521 0.000128673 1.78847e-05 1.76668e-06 1.19794e-07 5.4205e-09
 1.31175e-11 1.4244e-09 9.11915e-08 3.44204e-06 7.65982e-05 0.00100503 0.00777626 0.0355083 0.0960401 0.156492 0.165111 0.140996 0.127088 0.11035 0.0787652 0.0465956 0.0226337 0.00850729 0.00242371 0.000528916 8.79515e-05 1.08552e-05 9.62281e-07 5.92496e-08 2.45542e-09
 1.17437e-11 1.27523e-09 8.16413e-08 3.08157e-06 6.85769e-05 0.000899811 0.00696302 0.031813 0.0862614 0.142068 0.155956 0.146106 0.142551 0.123717 0.0837739 0.0465025 0.0219229 0.00833983 0.00243205 0.000528502 8.35304e-05 9.411e-06 7.44161e-07 4.05956e-08 1.49591e-09
 1.2514e-11 1.35887e-09 8.6996e-08 3.28368e-06 7.30746e-05 0.000958823 0.00741947 0.0338931 0.091822 0.150553 0.162098 0.144184 0.133439 0.115215 0.0809551 0.0467641 0.0219514 0.00795412 0.0021843 0.00045395 6.97619e-05 7.62795e-06 5.73764e-07 2.89938e-08 9.6793e-10
 1.26333e-11 1.37182e-09 8.78254e-08 3.31499e-06 7.37716e-05 0.000967981 0.00749074 0.0342258 0.0927944 0.152548 0.165432 0.148518 0.136454 0.11426 0.0765807 0.0421508 0.0192496 0.00692564 0.00188466 0.000379737 5.53855e-05 5.70581e-06 4.05438e-07 1.9399e-08 6.10745e-10
 1.26446e-11 1.37305e-09 8.7904e-08 3.31796e-06 7.3838e-05 0.000968866 0.00749801 0.0342659 0.0929684 0.153175 0.167024 0.150834 0.13798 0.114149 0.0753334 0.0403345 0.0175733 0.00595416 0.00152611 0.000292327 4.08169e-05 4.01485e-06 2.6992e-07 1.21158e-08 3.56301e-10
 1.26119e-11 1.3695e-09 8.76769e-08 3.30939e-06 7.36476e-05 0.000966383 0.00747919 0.0341862 0.0928081 0.153172 0.167576 0.1515 0.13772 0.113458 0.075277 0.0405727 0.0175998 0.00585414 0.00145119 0.000264703 3.48225e-05 3.21701e-06 2.03325e-07 8.58391e-09 2.36957e-10
 1.32429e-11 1.43802e-09 9.20635e-08 3.47496e-06 7.73325e-05 0.00101474 0.00785355 0.0358976 0.0974371 0.160566 0.174208 0.153333 0.134035 0.107165 0.0695738 0.0367129 0.0155788 0.00507085 0.00122689 0.000216624 2.72579e-05 2.38018e-06 1.40883e-07 5.53972e-09 1.4213e-10
 1.29688e-11 1.40826e-09 9.01579e-08 3.40304e-06 7.57326e-05 0.000993777 0.00769219 0.0351747 0.0956173 0.158355 0.174231 0.15696 0.138511 0.109047 0.0686468 0.034823 0.0141866 0.00444544 0.00103711 0.000176389 2.13099e-05 1.77692e-06 9.97197e-08 3.68911e-09 8.84294e-11
 1.20078e-11 1.30391e-09 8.34775e-08 3.1509e-06 7.01223e-05 0.000920205 0.00712407 0.0325997 0.0888419 0.148417 0.167478 0.158092 0.145134 0.116692 0.0748094 0.0383588 0.0154847 0.00472065 0.00105989 0.00017248 1.98729e-05 1.57642e-06 8.3924e-08 2.93501e-09 6.62383e-11
 1.28726e-11 1.39781e-09 8.94895e-08 3.37783e-06 7.51725e-05 0.000986477 0.00763694 0.0349405 0.0951287 0.158175 0.175236 0.158155 0.138096 0.108295 0.0689707 0.0351444 0.0139595 0.00414393 0.000896901 0.00013926 1.51787e-05 1.13285e-06 5.65857e-08 1.85432e-09 3.9181e-11
 1.2391e-11 1.34552e-09 8.61417e-08 3.25148e-06 7.2362e-05 0.000949655 0.00735351 0.0336697 0.0919085 0.154098 0.174512 0.163007 0.144469 0.111141 0.0681122 0.0332908 0.0127931 0.00370614 0.000783126 0.000117817 1.2309e-05 8.71657e-07 4.09759e-08 1.25635e-09 2.47437e-11
 1.26981e-11 1.37887e-09 8.8277e-08 3.33209e-06 7.41564e-05 0.000973223 0.00753638 0.0345101 0.0942015 0.15775 0.177397 0.162504 0.141013 0.108083 0.0668222 0.0326503 0.0122663 0.0034163 0.000690009 9.92754e-05 9.92668e-06 6.7132e-07 2.99868e-08 8.68142e-10 1.60463e-11
 1.17562e-11 1.27659e-09 8.1729e-08 3.08496e-06 6.86587e-05 0.000901176 0.0069812 0.0320102 0.0877603 0.148973 0.173466 0.167792 0.15038 0.114398 0.0687891 0.0325863 0.0119227 0.00323918 0.000634012 8.7395e-05 8.29075e-06 5.29141e-07 2.22633e-08 6.06609e-10 1.05396e-11
 1.1472e-11 1.24572e-09 7.97531e-08 3.0104e-06 6.70008e-05 0.000879473 0.00681443 0.0312635 0.0858475 0.146271 0.171471 0.167072 0.150941 0.11682 0.071871 0.0343544 0.0123737 0.00325073 0.000610596 8.0534e-05 7.28633e-06 4.41246e-07 1.75107e-08 4.4768e-10 7.27227e-12
 1.22724e-11 1.33265e-09 8.53182e-08 3.22047e-06 7.16769e-05 0.00094087 0.00729032 0.0334446 0.0917699 0.155738 0.17976 0.168806 0.145536 0.108306 0.0645283 0.030002 0.0105452 0.0026998 0.000490297 6.18379e-05 5.30106e-06 3.02486e-07 1.12772e-08 2.70289e-10 4.10738e-12
 1.20117e-11 1.30434e-09 8.35062e-08 3.15211e-06 7.0158e-05 0.000921039 0.00713912 0.0327843 0.0902167 0.154237 0.180694 0.172419 0.148659 0.108729 0.0630852 0.0284498 0.009699 0.00241179 0.000425121 5.1831e-05 4.26613e-06 2.31872e-07 8.17144e-09 1.83981e-10 2.61465e-12
 1.24094e-11 1.34752e-09 8.62708e-08 3.25649e-06 7.24825e-05 0.000951596 0.00737664 0.0338793 0.0932173 0.159043 0.184621 0.172382 0.145112 0.104788 0.0603386 0.0267951 0.00888479 0.00212974 0.000360176 4.20264e-05 3.30393e-06 1.7108e-07 5.72399e-09 1.21848e-10 1.63002e-12
 1.27564e-11 1.3852e-09 8.86838e-08 3.34761e-06 7.45133e-05 0.000978352 0.00758598 0.0348629 0.0960599 0.164284 0.190845 0.176273 0.143851 0.0991766 0.054116 0.022769 0.00718281 0.00164141 0.000264045 2.91845e-05 2.16568e-06 1.05624e-07 3.3246e-09 6.65181e-11 8.35512e-13
 1.15566e-11 1.25492e-09 8.0344e-08 3.03292e-06 6.75162e-05 0.000886772 0.00688255 0.0317194 0.088097 0.153842 0.186838 0.183185 0.154953 0.106449 0.0562675 0.0224946 0.00665868 0.00141943 0.000212784 2.19466e-05 1.52174e-06 6.93642e-08 2.03901e-09 3.8061e-11 4.45625e-13
 1.30583e-11 1.418e-09 9.07842e-08 3.42699e-06 7.62852e-05 0.00100178 0.0077706 0.0357395 0.0985969 0.168688 0.194796 0.176481 0.140821 0.096038 0.0516824 0.0208238 0.00605289 0.00123621 0.000174417 1.67449e-05 1.0748e-06 4.52734e-08 1.2301e-09 2.12408e-11 2.30217e-13
 1.205e-11 1.30851e-09 8.37764e-08 3.16263e-06 7.04117e-05 0.000925063 0.00718455 0.0331592 0.0923353 0.161641 0.195255 0.186283 0.150219 0.0980519 0.0494379 0.0188883 0.00532081 0.00106443 0.000146343 1.34917e-05 8.18405e-07 3.21687e-08 8.08906e-10 1.28686e-11 1.28249e-13
 1.21529e-11 1.31969e-09 8.44927e-08 3.18974e-06 7.10185e-05 0.000933131 0.00724861 0.0334641 0.0931863 0.162864 0.195539 0.184856 0.148956 0.0983064 0.0498291 0.0186535 0.00501175 0.000944358 0.000122454 1.07127e-05 6.18685e-07 2.31068e-08 5.48809e-10 8.18473e-12 7.59234e-14
 1.09861e-11 1.19301e-09 7.63844e-08 2.8839e-06 6.42252e-05 0.000844431 0.00657112 0.0304754 0.0858433 0.154003 0.193784 0.192824 0.1585 0.102839 0.0503835 0.0181899 0.00471161 0.000850661 0.000104528 8.57585e-06 4.61844e-07 1.60713e-08 3.56246e-10 4.96755e-12 4.311e-14
 1.22483e-11 1.33007e-09 8.51595e-08 3.21513e-06 7.1596e-05 0.000941083 0.00731662 0.0338367 0.0945116 0.165798 0.199078 0.186242 0.147349 0.0954652 0.047247 0.016998 0.00429975 0.000747 8.75596e-05 6.81042e-06 3.45627e-07 1.12654e-08 2.32677e-10 3.01204e-12 2.4221e-14
#spawning biomass
 16282.2 17400.2 21770.2 25521.2 29005.7 34415.1 42587.2 51603.4 55170.3 58152.1 68631.2 72282.8 92738.9 88624.5 99023.7 114317 119790 119534 106509 107229 116258 120521 125549 124568 139415 146852 139028 127494 155433 266644 289355 277531 248216 214048 182122 155429 134556 118940 107611 99571.8 93959.9 90087.1 87418.8 85579.4 84361.9 83556.1 83022.6 82669.5 82435.8 82281.1 82178.7 82110.9 82066.1 82036.4 82016.7 82003.7 81995.1 81989.4 81985.6 81983.1 81981.5 81980.4 81979.7 81979.2 81978.9 81978.7 81978.5 81978.4 81978.4 81978.3 81978.3 81978.3 81978.3 81978.3 81978.2 81978.2 81978.2 81978.2 81978.2 81978.2 81978.2 81978.2 81978.2 81978.2 81978.2 81978.2 81978.2 81978.2 81978.2 81978.2 81978.2 81978.2 81978.2 81978.2 81978.2 81978.2 81978.2 81978.2 81978.2 81978.2 81978.2 81978.2 81978.2 81978.2 81978.2 81978.2 81978.2 81978.2 81978.2 81978.2 81978.2 81978.2 81978.2 81978.2 81978.2 81978.2 81978.2 81978.2 81978.2 81978.2 81978.2 81978.2 81978.2 81978.2 81978.2 81978.2 81978.2 81978.2 0 0 0 0 0 0 0 0 0 0 0 0 0 0 0 0 0 0 0 0 0 0 0 0 0
