SBPRF35
0.352084
Curr Bio
29097.8
B35
100083
F35
0.376141
FOFL
0.117692
OFL
5062.39
Bzero
100595
#pred survey bio
 7460.01 6535.22 7546.79 9286.4 11504.2 13546.1 13348.1 13015.8 21038.3 33801.5 34787.1 39893.9 65056.3 72538.1 59940.5 53319.6 49077.6 52815.4 50517.7 50937.1 53484.7 55606.5 64074.7 64509.7 67539.4 69126.1 64452 62873 73913.1 2.93192e+06 2.42567e+06 2.37316e+06 1.99933e+06 1.65637e+06 1.4196e+06 1.27253e+06 1.18557e+06 1.13528e+06 1.10632e+06 1.08953e+06 1.07962e+06 1.07363e+06 1.0699e+06 1.0675e+06 1.06591e+06 1.06484e+06 1.0641e+06 1.06358e+06 1.06321e+06 1.06294e+06 1.06274e+06 1.0626e+06 1.0625e+06 1.06242e+06 1.06236e+06 1.06232e+06 1.06229e+06 1.06227e+06 1.06225e+06 1.06224e+06 1.06223e+06 1.06222e+06 1.06222e+06 1.06221e+06 1.06221e+06 1.06221e+06 1.06221e+06 1.0622e+06 1.0622e+06 1.0622e+06 1.0622e+06 1.0622e+06 1.0622e+06 1.0622e+06 1.0622e+06 1.0622e+06 1.0622e+06 1.0622e+06 1.0622e+06 1.0622e+06 1.0622e+06 1.0622e+06 1.0622e+06 1.0622e+06 1.0622e+06 1.0622e+06 1.0622e+06 1.0622e+06 1.0622e+06 1.0622e+06 1.0622e+06 1.0622e+06 1.0622e+06 1.0622e+06 1.0622e+06 1.0622e+06 1.0622e+06 1.0622e+06 1.0622e+06 1.0622e+06 1.0622e+06 1.0622e+06 1.0622e+06 1.0622e+06 1.0622e+06 1.0622e+06 1.0622e+06 1.0622e+06 1.0622e+06 1.0622e+06 1.0622e+06 1.0622e+06 1.0622e+06 1.0622e+06 1.0622e+06 1.0622e+06 1.0622e+06 1.0622e+06 1.0622e+06 1.0622e+06 1.0622e+06 1.0622e+06 1.0622e+06 1.0622e+06 1.0622e+06 1.0622e+06 1.0622e+06 1.0622e+06 1.0622e+06 0 0 0 0 0 0 0 0 0 0 0 0 0 0 0 0 0 0 0 0 0 0 0 0 0
#obs survey bio
 6560.21 7590.51 8037.35 9547.33 14896.2 17821.6 10487.9 17536.8 39955.3 35200.1 52661.2 71411.1 83907.4 83607.4 44403.3 69428.1 52361.8 44794.3 47526.9 40776.7 57145.8 102292 68019.9 94918.8 69154.8 47968.2 61172.6 84622.9 69652
#pred catch bio
 4671.56 3668.77 4161.52 5302.01 6474.33 8021.11 8811.11 7584.95 8718.79 20205.4 23904.1 19104.2 38970 50433.2 40277.8 37891.1 30488.8 36109.2 33629.2 32836.2 36140 33185.4 42979.7 42394.6 43065.3 46800.2 45060.5 40837 47109.4 5062.39 26358.3 27947 23031.1 18366.7 15240.3 13369 12311.2 11733.6 11425.2 11263 11178.5 11134.8 11112.4 11100.8 11094.9 11091.9 11090.3 11089.6 11089.2 11089 11088.9 11088.8 11088.8 11088.8 11088.8 11088.7 11088.7 11088.7 11088.7 11088.7 11088.7 11088.7 11088.7 11088.7 11088.7 11088.7 11088.7 11088.7 11088.7 11088.7 11088.7 11088.7 11088.7 11088.7 11088.7 11088.7 11088.7 11088.7 11088.7 11088.7 11088.7 11088.7 11088.7 11088.7 11088.7 11088.7 11088.7 11088.7 11088.7 11088.7 11088.7 11088.7 11088.7 11088.7 11088.7 11088.7 11088.7 11088.7 11088.7 11088.7 11088.7 11088.7 11088.7 11088.7 11088.7 11088.7 11088.7 11088.7 11088.7 11088.7 11088.7 11088.7 11088.7 11088.7 11088.7 11088.7 11088.7 11088.7 11088.7 11088.7 11088.7 11088.7 11088.7 11088.7 11088.7 11088.7 11088.7 11088.7 11088.7 0 0 0 0 0 0 0 0 0 0 0 0 0 0 0 0 0 0 0 0 0 0 0 0 0
#obs catch bio
 3710.82 3649.53 4104.79 5289.49 6400.89 7891.31 8910.2 7731.48 8358.53 19439.3 23931.3 18453.3 37680.9 49686.6 40275 38735.5 30177.3 35954.2 34119.6 32978.4 36141.2 32201.3 43158.3 41442.6 42684.4 47598.4 45777.3 40987.6 47409.8
#pred cpue bio
 5405.83 4277.53 4815.28 5843.78 7112.04 8702.28 9035.18 8045.04 11442.5 21541.7 22939.8 22378.1 39032.7 46639.6 39359.8 34429 29884.3 33648.1 31352.8 31752.5 33397 33689.5 40494.7 39752.5 41816.6 44160.8 40805.1 38034.1 43875.8 1.8037e+06 1.97393e+06 2.17637e+06 1.84335e+06 1.50135e+06 1.26392e+06 1.11666e+06 1.02966e+06 979354 950399 933605 923696 917705 913977 911580 909989 908917 908176 907656 907284 907016 906821 906679 906574 906497 906440 906398 906367 906344 906326 906314 906304 906297 906292 906288 906286 906284 906282 906281 906280 906279 906279 906279 906278 906278 906278 906278 906278 906278 906278 906278 906278 906278 906278 906278 906278 906278 906278 906278 906278 906278 906278 906277 906277 906277 906277 906277 906277 906277 906277 906277 906277 906277 906277 906277 906277 906277 906277 906277 906277 906277 906277 906277 906277 906277 906277 906277 906277 906277 906277 906277 906277 906277 906277 906277 906277 906277 906277 906277 906277 0 0 0 0 0 0 0 0 0 0 0 0 0 0 0 0 0 0 0 0 0 0 0 0 0
#obs cpue bio
 3712.01 4621.62 5303.92 5499.82 6795.53 8129.86 8193.24 5682.88 20169 21330.4 20005.1 22951.9 39397.9 48573.9 38228.8 25019.6 28114.1 47473 22709.8 35278.2 42786.2 29443.9 31377 47536.7 34370.9 44477.7 37656.3 31780.5 43736.4
#pred surv len freq
 2.14245e-27 2.16517e-27 5.77184e-27 1.23389e-21 7.33844e-17 1.0034e-12 3.1542e-09 2.27955e-06 0.000378744 0.0144678 0.127057 0.256533 0.11966 0.0282704 0.0953607 0.134186 0.054597 0.0438469 0.0383113 0.0239487 0.0186834 0.0146295 0.0135724 0.0117209 0.0047754
 2.14242e-27 2.16616e-27 5.92577e-27 1.28618e-21 7.6494e-17 1.04592e-12 3.28786e-09 2.37615e-06 0.000394793 0.0150808 0.132441 0.267404 0.124813 0.0316728 0.112861 0.158622 0.0607465 0.0379671 0.0297525 0.0121312 0.00659035 0.00384823 0.0027721 0.00207888 0.000821377
 2.14304e-27 2.16795e-27 6.13292e-27 1.35651e-21 8.06766e-17 1.10311e-12 3.46764e-09 2.50607e-06 0.00041638 0.0159054 0.139682 0.282024 0.131541 0.0308401 0.103372 0.145352 0.0576218 0.0417392 0.0326461 0.0113939 0.00458317 0.00161607 0.000714714 0.000403136 0.000145193
 2.14321e-27 2.16837e-27 6.17513e-27 1.3708e-21 8.1527e-17 1.11474e-12 3.50419e-09 2.53249e-06 0.000420769 0.0160731 0.141155 0.284997 0.13293 0.0312303 0.104859 0.14735 0.0570024 0.0373027 0.0292084 0.0111428 0.00463032 0.00127153 0.000305876 9.29257e-05 2.63216e-05
 2.14365e-27 2.16943e-27 6.28349e-27 1.40755e-21 8.37121e-17 1.14461e-12 3.59811e-09 2.60036e-06 0.000432047 0.0165039 0.144938 0.292635 0.13646 0.0311871 0.102293 0.143694 0.0552069 0.0349885 0.0269832 0.00954059 0.00379073 0.00108645 0.000219771 3.33739e-05 5.15155e-06
 2.1421e-27 2.16562e-27 5.8806e-27 1.27088e-21 7.5584e-17 1.03348e-12 3.24875e-09 2.34788e-06 0.000390097 0.0149014 0.130865 0.264223 0.123373 0.0324828 0.118766 0.166933 0.0636674 0.0389685 0.0298426 0.0103418 0.00394607 0.001062 0.000206996 2.56412e-05 2.02182e-06
 2.1404e-27 2.16155e-27 5.4635e-27 1.12946e-21 6.71733e-17 9.18475e-13 2.88724e-09 2.08661e-06 0.000346688 0.0132432 0.116303 0.234822 0.109786 0.0326182 0.128454 0.180813 0.0716121 0.0516669 0.0402274 0.013551 0.00498866 0.00129808 0.000238572 2.73576e-05 1.68806e-06
 2.14421e-27 2.17086e-27 6.44456e-27 1.46223e-21 8.69645e-17 1.18908e-12 3.7379e-09 2.70139e-06 0.000448832 0.0171451 0.150569 0.304004 0.141664 0.0298079 0.0904465 0.127133 0.051212 0.0394255 0.0311957 0.0112404 0.00438228 0.00110767 0.00019347 2.0932e-05 1.17696e-06
 2.14697e-27 2.17749e-27 7.12536e-27 1.69307e-21 1.00693e-16 1.3768e-12 4.32799e-09 3.12785e-06 0.000519688 0.0198517 0.174339 0.351994 0.163838 0.0294533 0.0738171 0.103359 0.0382809 0.0200778 0.0152629 0.005898 0.00249348 0.000676549 0.000122609 1.28159e-05 6.79153e-07
 2.14168e-27 2.16448e-27 5.74638e-27 1.22528e-21 7.28723e-17 9.96398e-13 3.13219e-09 2.26364e-06 0.000376101 0.0143668 0.12617 0.254744 0.11905 0.0340731 0.131331 0.184462 0.0673956 0.03248 0.0237967 0.00781424 0.00290129 0.000846616 0.000169927 1.88763e-05 1.00093e-06
 2.14171e-27 2.16476e-27 5.80484e-27 1.24525e-21 7.40599e-17 1.01264e-12 3.18324e-09 2.30054e-06 0.00038223 0.0146009 0.128226 0.258895 0.120868 0.0313679 0.113567 0.159874 0.0648894 0.0512402 0.0396599 0.0117256 0.00362851 0.000888213 0.000164632 1.96143e-05 1.11876e-06
 2.14643e-27 2.17621e-27 6.99468e-27 1.64876e-21 9.80583e-17 1.34077e-12 4.21474e-09 3.046e-06 0.000506089 0.0193322 0.169777 0.342783 0.159577 0.0294035 0.0762897 0.106932 0.0407527 0.024869 0.0192197 0.00710306 0.00274367 0.000607236 9.01325e-05 9.30034e-06 5.28166e-07
 2.1439e-27 2.16993e-27 6.3214e-27 1.42033e-21 8.44727e-17 1.15501e-12 3.6308e-09 2.62399e-06 0.000435972 0.0166538 0.146255 0.295294 0.137732 0.032338 0.108517 0.152258 0.0553908 0.0259704 0.0190809 0.00664641 0.00258515 0.000706317 0.000121392 1.10335e-05 5.27388e-07
 2.14177e-27 2.16477e-27 5.78654e-27 1.23895e-21 7.36852e-17 1.00751e-12 3.16713e-09 2.28889e-06 0.000380296 0.0145271 0.127577 0.257585 0.120328 0.033107 0.124577 0.175107 0.0663645 0.0393192 0.0293239 0.00845504 0.00255989 0.000652187 0.000120435 1.27889e-05 6.16123e-07
 2.14118e-27 2.16337e-27 5.64398e-27 1.19062e-21 7.08108e-17 9.68212e-13 3.04359e-09 2.19961e-06 0.000365462 0.0139604 0.122601 0.247538 0.11568 0.0330403 0.127199 0.178888 0.0688631 0.0439925 0.0334216 0.0103436 0.00329426 0.000696869 0.000102663 1.06398e-05 5.64265e-07
 2.14229e-27 2.16613e-27 5.94168e-27 1.29163e-21 7.68184e-17 1.05036e-12 3.30181e-09 2.38622e-06 0.000396468 0.0151448 0.133002 0.268538 0.125334 0.0315954 0.112049 0.157592 0.0621212 0.0439745 0.0340808 0.0112324 0.00391537 0.000883345 0.000126492 1.08535e-05 5.11549e-07
 2.14374e-27 2.16958e-27 6.2919e-27 1.41036e-21 8.38796e-17 1.1469e-12 3.60531e-09 2.60557e-06 0.000432911 0.0165369 0.145228 0.293221 0.136755 0.0318379 0.106089 0.148942 0.0556768 0.0307298 0.0231159 0.00780591 0.00283238 0.000679 0.000105455 9.22073e-06 3.92169e-07
 2.14208e-27 2.16551e-27 5.86318e-27 1.26494e-21 7.52308e-17 1.02865e-12 3.23357e-09 2.33691e-06 0.000388274 0.0148318 0.130254 0.262988 0.122823 0.0330349 0.122509 0.172147 0.0647034 0.0367494 0.0274589 0.00848838 0.00280551 0.000690504 0.000114605 1.08011e-05 4.81125e-07
 2.14334e-27 2.16863e-27 6.19698e-27 1.37819e-21 8.19662e-17 1.12074e-12 3.52307e-09 2.54613e-06 0.000423036 0.0161597 0.141915 0.286532 0.133654 0.0316034 0.106674 0.149878 0.057552 0.0363419 0.0275151 0.00838739 0.00266046 0.000598896 9.28744e-05 9.04301e-06 4.30426e-07
 2.14281e-27 2.1673e-27 6.04903e-27 1.32797e-21 7.89794e-17 1.0799e-12 3.39469e-09 2.45335e-06 0.000407621 0.0155708 0.136744 0.276092 0.128868 0.032681 0.116399 0.16348 0.0608928 0.0329376 0.0245712 0.00794967 0.00270589 0.000602393 8.76513e-05 7.89329e-06 3.68946e-07
 2.14307e-27 2.16798e-27 6.12751e-27 1.35462e-21 8.05646e-17 1.10158e-12 3.46282e-09 2.50259e-06 0.000415802 0.0158834 0.139488 0.281633 0.131399 0.0318743 0.109804 0.154285 0.0590392 0.0366763 0.0276904 0.00840011 0.0026781 0.000625215 9.58231e-05 8.4037e-06 3.6771e-07
 2.14386e-27 2.16986e-27 6.32048e-27 1.42005e-21 8.44558e-17 1.15478e-12 3.63007e-09 2.62346e-06 0.000435885 0.0166505 0.146226 0.295235 0.137685 0.0318065 0.105291 0.147814 0.0552582 0.0304942 0.0227792 0.00726687 0.00243004 0.000538931 7.94683e-05 7.20745e-06 3.18927e-07
 2.14248e-27 2.1665e-27 5.96894e-27 1.30082e-21 7.73648e-17 1.05783e-12 3.32529e-09 2.4032e-06 0.000399288 0.0152525 0.133948 0.270448 0.126255 0.0325897 0.117543 0.165159 0.0624079 0.0364422 0.0273806 0.0085666 0.00283622 0.000660059 0.000100286 8.82746e-06 3.88744e-07
 2.14351e-27 2.16906e-27 6.24007e-27 1.3928e-21 8.28351e-17 1.13262e-12 3.56041e-09 2.57312e-06 0.00042752 0.016331 0.14342 0.28957 0.135059 0.0316218 0.105871 0.148715 0.0567009 0.034622 0.0261584 0.00813823 0.00265802 0.000605017 9.19164e-05 8.34318e-06 3.68484e-07
 2.14305e-27 2.16787e-27 6.10935e-27 1.34843e-21 8.01963e-17 1.09654e-12 3.44699e-09 2.49115e-06 0.000413901 0.0158107 0.138851 0.280346 0.130828 0.0325201 0.114134 0.160282 0.0596836 0.0322255 0.0239912 0.00765515 0.00257649 0.000584676 8.73339e-05 7.8395e-06 3.50416e-07
 2.14216e-27 2.16574e-27 5.89011e-27 1.27409e-21 7.57753e-17 1.03609e-12 3.25697e-09 2.35382e-06 0.000391084 0.0149391 0.131196 0.264891 0.123687 0.0326236 0.119425 0.167858 0.063991 0.0390399 0.0294092 0.00893384 0.00284493 0.000657457 0.000100692 9.00302e-06 3.97752e-07
 2.14261e-27 2.16687e-27 6.01117e-27 1.31516e-21 7.82178e-17 1.06949e-12 3.36195e-09 2.42969e-06 0.00040369 0.0154207 0.135425 0.273429 0.127616 0.0321298 0.113836 0.159987 0.0612851 0.0382741 0.0290804 0.00924094 0.00307612 0.000682691 0.000100388 9.06911e-06 4.04565e-07
 2.14393e-27 2.17005e-27 6.34047e-27 1.42683e-21 8.48592e-17 1.1603e-12 3.64741e-09 2.63599e-06 0.000437967 0.01673 0.146924 0.296645 0.138333 0.0317057 0.104251 0.146355 0.054831 0.0306137 0.0228806 0.00723195 0.00241505 0.000553981 8.27232e-05 7.2309e-06 3.17007e-07
 2.14439e-27 2.17114e-27 6.45217e-27 1.46471e-21 8.71119e-17 1.1911e-12 3.74424e-09 2.70597e-06 0.000449593 0.0171741 0.150824 0.30452 0.141971 0.0316304 0.101417 0.142312 0.0527503 0.0277393 0.0204534 0.0062349 0.00199007 0.000455352 6.93089e-05 6.20591e-06 2.70741e-07
#obs surv len freq
 8.6975e-40 4.25682e-33 4.78985e-27 1.23909e-21 7.36932e-17 1.00762e-12 3.16747e-09 2.28913e-06 0.000380343 0.0145286 0.12759 0.257612 0.120307 0.032218 0.119142 0.16754 0.0649038 0.0427284 0.0333541 0.0124406 0.00525017 0.00159621 0.000354687 4.82785e-05 3.34045e-06
 1.03488e-39 5.06502e-33 5.69924e-27 1.47434e-21 8.76845e-17 1.19893e-12 3.76884e-09 2.72375e-06 0.000452554 0.017287 0.151814 0.30652 0.142857 0.0305937 0.0944858 0.132672 0.0510672 0.0326525 0.0253054 0.00919385 0.00374316 0.0010884 0.000231826 3.06594e-05 2.06738e-06
 9.69705e-40 4.74604e-33 5.34031e-27 1.38149e-21 8.21623e-17 1.12342e-12 3.53148e-09 2.55221e-06 0.000424054 0.0161983 0.142253 0.287217 0.134016 0.0328081 0.113821 0.159719 0.0578193 0.0262248 0.0191779 0.00675352 0.00265068 0.00074315 0.000150595 1.89715e-05 1.23384e-06
 1.0491e-39 5.1346e-33 5.77753e-27 1.49459e-21 8.8889e-17 1.2154e-12 3.82061e-09 2.76116e-06 0.000458771 0.0175245 0.1539 0.31073 0.144832 0.0313518 0.0978449 0.137277 0.0509765 0.0270796 0.0198865 0.00577947 0.00178518 0.000468893 9.05435e-05 1.08438e-05 6.70741e-07
 9.85699e-40 4.82432e-33 5.4284e-27 1.40428e-21 8.35175e-17 1.14195e-12 3.58973e-09 2.59431e-06 0.000431048 0.0164655 0.1446 0.291954 0.136208 0.0328608 0.112715 0.15813 0.0568629 0.0245797 0.0175361 0.00544576 0.00175686 0.000384635 6.00537e-05 6.59449e-06 3.86346e-07
 8.14301e-40 3.98544e-33 4.48448e-27 1.16009e-21 6.8995e-17 9.43383e-13 2.96553e-09 2.1432e-06 0.000356095 0.0136024 0.119456 0.24119 0.112812 0.0348089 0.139908 0.196565 0.07189 0.0348316 0.0250883 0.00700668 0.00196986 0.00044082 6.58057e-05 5.95952e-06 2.99795e-07
 7.95244e-40 3.89217e-33 4.37953e-27 1.13294e-21 6.73803e-17 9.21304e-13 2.89613e-09 2.09304e-06 0.000347761 0.013284 0.11666 0.235545 0.110158 0.0336229 0.13437 0.189008 0.0726193 0.045964 0.0346451 0.0101123 0.00296609 0.000606238 8.16403e-05 7.09642e-06 3.16125e-07
 1.32946e-39 6.50679e-33 7.32155e-27 1.89402e-21 1.12644e-16 1.54021e-12 4.84165e-09 3.49907e-06 0.000581375 0.0222078 0.195029 0.393767 0.183076 0.027467 0.0491024 0.0685314 0.0261421 0.0160124 0.0122122 0.00408155 0.00143083 0.00030986 4.17048e-05 3.32339e-06 1.36312e-07
 1.10456e-39 5.40607e-33 6.08299e-27 1.57361e-21 9.35887e-17 1.27966e-12 4.02261e-09 2.90715e-06 0.000483027 0.018451 0.162037 0.327159 0.152476 0.0326545 0.100846 0.141137 0.0472989 0.00961533 0.00532727 0.00172694 0.000610327 0.000150327 2.35962e-05 1.97527e-06 7.81473e-08
 6.38282e-40 3.12395e-33 3.51511e-27 9.09327e-22 5.4081e-17 7.39461e-13 2.3245e-09 1.67992e-06 0.000279121 0.0106621 0.0936344 0.189058 0.0888575 0.0387306 0.179562 0.252246 0.0886838 0.0319206 0.0210698 0.00450224 0.000643218 0.000126859 2.08034e-05 1.98522e-06 8.68552e-08
 1.23155e-39 6.02759e-33 6.78234e-27 1.75453e-21 1.04348e-16 1.42678e-12 4.48508e-09 3.24138e-06 0.000538559 0.0205723 0.180666 0.364769 0.169684 0.0278668 0.0602838 0.0844972 0.0346133 0.0281875 0.021538 0.00542761 0.0011668 0.000171501 1.34399e-05 9.8842e-07 4.58765e-08
 1.18103e-39 5.7803e-33 6.50409e-27 1.68255e-21 1.00067e-16 1.36824e-12 4.30107e-09 3.1084e-06 0.000516464 0.0197283 0.173254 0.349805 0.162894 0.0312717 0.0855783 0.119661 0.0403072 0.00889505 0.00524442 0.00195175 0.000738888 0.000137658 1.31262e-05 6.79166e-07 1.86501e-08
 8.82277e-40 4.31813e-33 4.85883e-27 1.25693e-21 7.47546e-17 1.02213e-12 3.21309e-09 2.3221e-06 0.000385821 0.0147379 0.129428 0.261323 0.122153 0.0356834 0.139179 0.195224 0.0671696 0.0194847 0.0120916 0.00262031 0.000410632 9.168e-05 1.42609e-05 9.69066e-07 2.66493e-08
 9.23844e-40 4.52158e-33 5.08775e-27 1.31615e-21 7.82765e-17 1.07029e-12 3.36447e-09 2.43151e-06 0.000403998 0.0154322 0.135526 0.273634 0.127754 0.0332802 0.120798 0.169638 0.0625525 0.0318477 0.0227437 0.00529744 0.000942746 0.000134772 1.15857e-05 8.96432e-07 3.49573e-08
 7.35841e-40 3.60143e-33 4.05239e-27 1.04831e-21 6.23472e-17 8.52485e-13 2.67979e-09 1.93669e-06 0.000321784 0.0122917 0.107946 0.217952 0.10212 0.0361822 0.155295 0.218211 0.0789388 0.0355815 0.0253957 0.00734147 0.00205074 0.000340259 2.81644e-05 1.41246e-06 4.1112e-08
 1.12028e-39 5.48299e-33 6.16954e-27 1.596e-21 9.49203e-17 1.29786e-12 4.07984e-09 2.94851e-06 0.000489899 0.0187135 0.164342 0.331813 0.154523 0.0298618 0.0823949 0.115587 0.044532 0.0285334 0.0213987 0.00587469 0.00157385 0.000318764 3.80697e-05 2.22795e-06 5.53896e-08
 8.74416e-40 4.27966e-33 4.81554e-27 1.24574e-21 7.40885e-17 1.01303e-12 3.18446e-09 2.30141e-06 0.000382383 0.0146066 0.128275 0.258995 0.121076 0.0356732 0.139818 0.196123 0.0674234 0.0194194 0.0125143 0.00403682 0.00134696 0.000272358 3.36564e-05 2.46159e-06 7.95002e-08
 9.55968e-40 4.6788e-33 5.26466e-27 1.36192e-21 8.09983e-17 1.10751e-12 3.48146e-09 2.51605e-06 0.000418046 0.0159688 0.140238 0.283148 0.132135 0.0328164 0.115099 0.161603 0.0596769 0.0306499 0.0219155 0.00510925 0.000979551 0.00020649 3.01308e-05 2.32484e-06 8.36501e-08
 1.01427e-39 4.96413e-33 5.58572e-27 1.44497e-21 8.5938e-17 1.17505e-12 3.69377e-09 2.66949e-06 0.00044354 0.0169427 0.148791 0.300415 0.140112 0.0326625 0.108955 0.1528 0.0545945 0.022485 0.0157531 0.00454213 0.0012652 0.000213442 2.09188e-05 1.60641e-06 6.43222e-08
 8.63192e-40 4.22473e-33 4.75373e-27 1.22975e-21 7.31376e-17 1.00002e-12 3.14359e-09 2.27188e-06 0.000377475 0.0144191 0.126628 0.255671 0.119516 0.0350452 0.136986 0.192286 0.0681976 0.0264783 0.0181365 0.00478769 0.00119951 0.000239588 2.87911e-05 1.812e-06 5.82089e-08
 1.11678e-39 5.46585e-33 6.15026e-27 1.59102e-21 9.46236e-17 1.29381e-12 4.06709e-09 2.9393e-06 0.000488368 0.0186551 0.163829 0.330776 0.154075 0.0306871 0.0877456 0.122999 0.0453711 0.0231642 0.0166998 0.00429698 0.00100357 0.000184274 2.15015e-05 1.5513e-06 5.18618e-08
 8.89964e-40 4.35576e-33 4.90117e-27 1.26789e-21 7.54059e-17 1.03104e-12 3.24108e-09 2.34234e-06 0.000389183 0.0148663 0.130556 0.2636 0.123192 0.0353349 0.136365 0.191283 0.0661094 0.0201739 0.0130736 0.00376493 0.00106909 0.000197405 2.13535e-05 1.44466e-06 4.96819e-08
 1.00464e-39 4.91703e-33 5.53273e-27 1.43126e-21 8.51226e-17 1.1639e-12 3.65872e-09 2.64417e-06 0.000439332 0.0167819 0.147379 0.297565 0.13878 0.0322837 0.107502 0.15086 0.0554184 0.0275775 0.0196447 0.00465604 0.000913049 0.000173667 2.16839e-05 1.47888e-06 4.7862e-08
 1.03635e-39 5.07222e-33 5.70735e-27 1.47644e-21 8.78092e-17 1.20063e-12 3.7742e-09 2.72762e-06 0.000453198 0.0173116 0.15203 0.306956 0.143133 0.0325859 0.106516 0.14932 0.0527977 0.019997 0.0137265 0.0039021 0.00106775 0.000181568 1.74503e-05 1.18878e-06 4.14512e-08
 8.74964e-40 4.28234e-33 4.81856e-27 1.24652e-21 7.41349e-17 1.01366e-12 3.18645e-09 2.30286e-06 0.000382623 0.0146157 0.128355 0.259157 0.121128 0.0350537 0.135987 0.190849 0.0672984 0.0248868 0.0167928 0.00427757 0.000995886 0.000193595 2.29466e-05 1.4302e-06 4.31638e-08
 9.27099e-40 4.53751e-33 5.10567e-27 1.32079e-21 7.85523e-17 1.07406e-12 3.37632e-09 2.44007e-06 0.000405422 0.0154866 0.136003 0.274598 0.128199 0.0332561 0.12036 0.169008 0.0621402 0.0311018 0.0223075 0.00563065 0.00125493 0.000220219 2.40887e-05 1.68065e-06 5.53009e-08
 9.71416e-40 4.75441e-33 5.34974e-27 1.38393e-21 8.23073e-17 1.1254e-12 3.53772e-09 2.55672e-06 0.000424802 0.0162269 0.142504 0.287724 0.134259 0.0330337 0.115046 0.16143 0.0582472 0.0257832 0.0183161 0.00524321 0.00146503 0.000264385 2.72259e-05 1.73739e-06 5.66921e-08
 1.12928e-39 5.52706e-33 6.21913e-27 1.60883e-21 9.56832e-17 1.30829e-12 4.11263e-09 2.97221e-06 0.000493837 0.0188639 0.165663 0.33448 0.155801 0.0310649 0.0889352 0.124572 0.0445048 0.0183104 0.012739 0.00345533 0.000907493 0.00018238 2.23885e-05 1.47632e-06 4.53587e-08
 1.12928e-39 5.52706e-33 6.21913e-27 1.60883e-21 9.56832e-17 1.30829e-12 4.11263e-09 2.97221e-06 0.000493837 0.0188639 0.165663 0.33448 0.155801 0.0310649 0.0889352 0.124572 0.0445048 0.0183104 0.012739 0.00345533 0.000907493 0.00018238 2.23885e-05 1.47632e-06 4.53587e-08
#pred catch len freq
 2.13889e-27 2.15602e-27 4.79112e-27 9.01231e-22 5.35996e-17 7.32879e-13 2.30382e-09 1.66497e-06 0.000276633 0.0105672 0.0928016 0.187373 0.0877076 0.028851 0.119747 0.168824 0.070099 0.0602354 0.0529856 0.0331461 0.0258271 0.0201717 0.0186857 0.0161288 0.00657071
 2.13849e-27 2.15651e-27 4.912e-27 9.42342e-22 5.60446e-17 7.66311e-13 2.40891e-09 1.74092e-06 0.000289252 0.0110492 0.0970349 0.195921 0.0918375 0.0335937 0.146132 0.205732 0.0802053 0.0543139 0.0430086 0.0175752 0.00955253 0.00556543 0.00400239 0.00299974 0.00118508
 2.13902e-27 2.15817e-27 5.11392e-27 1.01092e-21 6.01233e-17 8.22079e-13 2.58422e-09 1.86762e-06 0.000310302 0.0118533 0.104097 0.210178 0.0983942 0.0326691 0.136192 0.191883 0.0776881 0.0608893 0.0480393 0.0168005 0.00676652 0.00238139 0.00105091 0.000592263 0.000213274
 2.13934e-27 2.15896e-27 5.19315e-27 1.03777e-21 6.17199e-17 8.4391e-13 2.65284e-09 1.91722e-06 0.000318543 0.0121681 0.106861 0.21576 0.100996 0.0332397 0.137993 0.19427 0.0764649 0.0538704 0.0425641 0.0162604 0.00676054 0.00185341 0.000444855 0.000134963 3.82157e-05
 2.1398e-27 2.16005e-27 5.30375e-27 1.07526e-21 6.39498e-17 8.74399e-13 2.74869e-09 1.98648e-06 0.000330051 0.0126077 0.110722 0.223554 0.104602 0.0333063 0.136051 0.191481 0.0748163 0.0510897 0.0397745 0.0140828 0.00559897 0.00160212 0.000323508 4.90635e-05 7.56808e-06
 2.13832e-27 2.15642e-27 4.91896e-27 9.44729e-22 5.61866e-17 7.68252e-13 2.41501e-09 1.74533e-06 0.000289985 0.0110772 0.0972807 0.196418 0.0921054 0.0346143 0.152215 0.214273 0.0829885 0.0545413 0.0421599 0.0146239 0.00558138 0.00149958 0.00029172 3.60957e-05 2.84418e-06
 2.13694e-27 2.15314e-27 4.58761e-27 8.32407e-22 4.95064e-17 6.76911e-13 2.12788e-09 1.53782e-06 0.000255507 0.0097602 0.0857146 0.173066 0.0812968 0.034276 0.157188 0.221541 0.0890566 0.0679963 0.0532627 0.0179296 0.00659143 0.00171159 0.00031389 3.59509e-05 2.2168e-06
 2.14045e-27 2.16176e-27 5.49823e-27 1.1413e-21 6.78775e-17 9.28104e-13 2.91751e-09 2.10849e-06 0.000350322 0.0133821 0.117522 0.237284 0.110881 0.0314884 0.120815 0.170196 0.0698796 0.0575001 0.0458063 0.0165148 0.00643849 0.00162471 0.000283213 3.0606e-05 1.71977e-06
 2.14305e-27 2.16792e-27 6.122e-27 1.35276e-21 8.04536e-17 1.10006e-12 3.45805e-09 2.49914e-06 0.000415229 0.0158615 0.139296 0.281245 0.131222 0.0319374 0.110306 0.15494 0.0584837 0.0340275 0.0262982 0.0102176 0.00433611 0.0011757 0.0002128 2.22233e-05 1.17697e-06
 2.13801e-27 2.15552e-27 4.80459e-27 9.05844e-22 5.3874e-17 7.3663e-13 2.31561e-09 1.6735e-06 0.000278049 0.0106213 0.0932766 0.188334 0.0884427 0.0365988 0.166766 0.234527 0.0866746 0.0448189 0.0332361 0.0109226 0.0040554 0.00118126 0.000236681 2.62648e-05 1.39188e-06
 2.1384e-27 2.15673e-27 4.96799e-27 9.61441e-22 5.71805e-17 7.81842e-13 2.45773e-09 1.77621e-06 0.000295114 0.0112732 0.0990015 0.199892 0.0936485 0.0329361 0.140924 0.198664 0.0817083 0.0675052 0.0524734 0.0154889 0.00477897 0.00116692 0.000215746 2.56719e-05 1.4634e-06
 2.14263e-27 2.16696e-27 6.02777e-27 1.32083e-21 7.85545e-17 1.07409e-12 3.37643e-09 2.44015e-06 0.000405428 0.0154871 0.136008 0.274606 0.12814 0.0315798 0.110124 0.154807 0.0601387 0.0400804 0.0313428 0.0116208 0.00449926 0.000994934 0.000147417 1.51933e-05 8.62267e-07
 2.14038e-27 2.16131e-27 5.41477e-27 1.11281e-21 6.61832e-17 9.04937e-13 2.84468e-09 2.05586e-06 0.000341578 0.013048 0.114589 0.231362 0.10827 0.0348745 0.143271 0.201339 0.0739808 0.0369658 0.0274662 0.00956744 0.00371834 0.00101402 0.000173964 1.57944e-05 7.54359e-07
 2.13861e-27 2.15706e-27 4.97742e-27 9.64516e-22 5.73634e-17 7.84343e-13 2.46559e-09 1.78189e-06 0.000296058 0.0113092 0.0993182 0.200532 0.094027 0.0351388 0.154177 0.216963 0.0829604 0.0513299 0.0385005 0.0110805 0.00334286 0.000849362 0.000156471 1.65959e-05 7.99032e-07
 2.13784e-27 2.15522e-27 4.79172e-27 9.01565e-22 5.36195e-17 7.33151e-13 2.30467e-09 1.66559e-06 0.000276736 0.0105711 0.092836 0.187444 0.0879704 0.034976 0.157128 0.221247 0.0861637 0.0579575 0.0443083 0.0136967 0.00435328 0.000919118 0.000135053 1.39763e-05 7.40717e-07
 2.1392e-27 2.15861e-27 5.15582e-27 1.0251e-21 6.09668e-17 8.33613e-13 2.62047e-09 1.89382e-06 0.000314656 0.0120196 0.105557 0.213127 0.0997809 0.0332922 0.139108 0.195903 0.0779607 0.0572962 0.0445764 0.0146505 0.00508811 0.0011452 0.000163575 1.4015e-05 6.59972e-07
 2.14029e-27 2.16115e-27 5.40672e-27 1.11012e-21 6.60234e-17 9.02752e-13 2.83781e-09 2.05089e-06 0.000340753 0.0130165 0.114312 0.230803 0.107983 0.0340964 0.138689 0.195024 0.073714 0.0431325 0.032722 0.0110431 0.00400187 0.000957557 0.000148405 1.29607e-05 5.50825e-07
 2.13887e-27 2.15767e-27 5.04014e-27 9.85781e-22 5.86281e-17 8.01635e-13 2.51995e-09 1.82118e-06 0.000302586 0.0115586 0.101508 0.204953 0.096071 0.0351416 0.152862 0.215056 0.0815555 0.0484925 0.0364633 0.0112516 0.00370751 0.000910298 0.000150735 1.41886e-05 6.31574e-07
 2.14008e-27 2.16069e-27 5.36471e-27 1.09591e-21 6.51779e-17 8.91191e-13 2.80147e-09 2.02463e-06 0.00033639 0.0128499 0.112848 0.227848 0.106597 0.0335885 0.13648 0.192045 0.0745177 0.0493265 0.0375624 0.0114316 0.00361621 0.000812234 0.000125642 1.22171e-05 5.81101e-07
 2.13942e-27 2.15901e-27 5.17872e-27 1.03278e-21 6.14231e-17 8.39852e-13 2.64008e-09 1.908e-06 0.000317011 0.0121096 0.106347 0.214723 0.100581 0.0349467 0.148727 0.209172 0.0787017 0.0449615 0.0338134 0.0109293 0.00371371 0.000825194 0.000119792 1.07731e-05 5.03168e-07
 2.13986e-27 2.16014e-27 5.30558e-27 1.07584e-21 6.39846e-17 8.74875e-13 2.75018e-09 1.98756e-06 0.000330231 0.0126146 0.110782 0.223676 0.104679 0.033867 0.139438 0.196201 0.0758171 0.049274 0.0374111 0.0113285 0.00360064 0.000838616 0.000128228 1.1231e-05 4.91034e-07
 2.14028e-27 2.16113e-27 5.40358e-27 1.10906e-21 6.59598e-17 9.01883e-13 2.83508e-09 2.04892e-06 0.000340425 0.013004 0.114202 0.230581 0.107882 0.0341417 0.139033 0.195516 0.0739956 0.0435643 0.032852 0.0104818 0.00350359 0.000775797 0.000114149 1.034e-05 4.57223e-07
 2.1392e-27 2.15851e-27 5.12995e-27 1.01626e-21 6.04406e-17 8.26417e-13 2.59785e-09 1.87748e-06 0.00031194 0.0119159 0.104646 0.211288 0.0989829 0.034687 0.148177 0.208476 0.0795468 0.0487509 0.0368673 0.0115165 0.00380296 0.000883098 0.000133863 1.17677e-05 5.17823e-07
 2.14023e-27 2.16105e-27 5.40022e-27 1.10794e-21 6.58936e-17 9.00977e-13 2.83223e-09 2.04686e-06 0.000340083 0.012991 0.114087 0.230349 0.107757 0.0336683 0.136213 0.191629 0.0738293 0.0473459 0.0359965 0.0111824 0.00364325 0.000827493 0.000125416 1.1369e-05 5.01755e-07
 2.13963e-27 2.15953e-27 5.23327e-27 1.05128e-21 6.25235e-17 8.54898e-13 2.68738e-09 1.94218e-06 0.00032269 0.0123265 0.108252 0.218569 0.102354 0.0348066 0.146712 0.206326 0.0776244 0.0443211 0.0332713 0.0106076 0.0035645 0.000807345 0.000120321 1.07867e-05 4.81797e-07
 2.13889e-27 2.15777e-27 5.05477e-27 9.90768e-22 5.89247e-17 8.0569e-13 2.5327e-09 1.83039e-06 0.000304116 0.011617 0.102021 0.205989 0.0965317 0.034648 0.149536 0.21045 0.081041 0.0518456 0.0392934 0.0119175 0.00378463 0.00087265 0.000133335 1.19062e-05 5.25616e-07
 2.13951e-27 2.15929e-27 5.21731e-27 1.04591e-21 6.22042e-17 8.50532e-13 2.67366e-09 1.93226e-06 0.000321042 0.0122636 0.1077 0.217453 0.101809 0.0340527 0.142447 0.200454 0.0774558 0.0503433 0.0384359 0.0121838 0.00404142 0.000894809 0.000131236 1.18392e-05 5.27736e-07
 2.14067e-27 2.16209e-27 5.50437e-27 1.14324e-21 6.7993e-17 9.29684e-13 2.92247e-09 2.11208e-06 0.000350919 0.0134049 0.117722 0.237688 0.111158 0.0338821 0.135306 0.190249 0.071958 0.0422293 0.0317858 0.0100322 0.00334216 0.000765028 0.000113973 9.94948e-06 4.3585e-07
 2.14113e-27 2.16318e-27 5.61533e-27 1.18086e-21 7.02303e-17 9.60273e-13 3.01863e-09 2.18157e-06 0.000362465 0.0138459 0.121596 0.245509 0.114774 0.0339063 0.133097 0.187071 0.0699822 0.0387508 0.028799 0.00876854 0.00279252 0.000637619 9.68271e-05 8.65879e-06 3.77472e-07
#obs catch len freq
 4.10345e-40 2.00836e-33 2.25984e-27 5.84598e-22 3.47682e-17 4.75393e-13 1.4944e-09 1.08001e-06 0.000179445 0.00685456 0.0601967 0.121547 0.0575428 0.0359781 0.183104 0.258137 0.102753 0.075703 0.0602387 0.0234309 0.0102974 0.00320083 0.000726405 0.000101113 7.20555e-06
 4.21412e-40 2.06252e-33 2.32078e-27 6.00364e-22 3.57059e-17 4.88213e-13 1.5347e-09 1.10913e-06 0.000184284 0.00703941 0.0618201 0.124825 0.0590702 0.0363011 0.184088 0.259464 0.102449 0.073087 0.0576096 0.0215174 0.00908519 0.00275746 0.000611462 8.30925e-05 5.7422e-06
 5.72541e-40 2.80219e-33 3.15307e-27 8.1567e-22 4.85109e-17 6.63299e-13 2.08509e-09 1.5069e-06 0.000250373 0.00956393 0.0839904 0.169586 0.0797194 0.035112 0.163339 0.23007 0.0901053 0.0621555 0.048627 0.0176826 0.00719992 0.00208972 0.000444134 5.8637e-05 3.94894e-06
 5.19137e-40 2.54081e-33 2.85897e-27 7.39587e-22 4.3986e-17 6.0143e-13 1.8906e-09 1.36634e-06 0.000227019 0.00867184 0.0761562 0.15377 0.0725293 0.0383663 0.187972 0.264389 0.0967862 0.0472526 0.0350256 0.0123426 0.00484348 0.0013554 0.000274048 3.44629e-05 2.23841e-06
 6.00502e-40 2.93904e-33 3.30706e-27 8.55504e-22 5.088e-17 6.95693e-13 2.18692e-09 1.58049e-06 0.0002626 0.010031 0.0880923 0.177868 0.0836038 0.0365913 0.169874 0.239026 0.0898967 0.051203 0.0380038 0.0110474 0.00341063 0.000894095 0.000172248 2.05919e-05 1.27199e-06
 5.46867e-40 2.67653e-33 3.01168e-27 7.79093e-22 4.63356e-17 6.33555e-13 1.99159e-09 1.43932e-06 0.000239146 0.00913506 0.0802241 0.161983 0.0763327 0.038534 0.186521 0.262278 0.0952041 0.0439421 0.0317512 0.00986008 0.0031786 0.000694705 0.000108173 1.18546e-05 6.93543e-07
 4.09034e-40 2.00194e-33 2.25261e-27 5.8273e-22 3.46571e-17 4.73874e-13 1.48963e-09 1.07656e-06 0.000178871 0.00683265 0.0600043 0.12116 0.0575054 0.039756 0.206285 0.290293 0.107248 0.0552853 0.040241 0.0112353 0.00315468 0.000704615 0.000104932 9.48452e-06 4.76338e-07
 3.96663e-40 1.94139e-33 2.18448e-27 5.65105e-22 3.36089e-17 4.59541e-13 1.44457e-09 1.04399e-06 0.000173461 0.006626 0.0581895 0.117495 0.0557339 0.0376962 0.194816 0.274508 0.106873 0.0717603 0.0544873 0.015895 0.00465583 0.000949927 0.000127584 1.10683e-05 4.92333e-07
 9.7939e-40 4.79343e-33 5.39365e-27 1.39529e-21 8.29829e-17 1.13464e-12 3.56675e-09 2.5777e-06 0.000428288 0.0163601 0.143674 0.290085 0.135284 0.0312603 0.103508 0.145431 0.0561589 0.0364129 0.0279744 0.00934105 0.00326959 0.000706774 9.48889e-05 7.54727e-06 3.09075e-07
 6.9388e-40 3.39606e-33 3.8213e-27 9.88536e-22 5.87919e-17 8.03873e-13 2.52698e-09 1.82626e-06 0.000303435 0.0115908 0.101791 0.205526 0.0964927 0.039319 0.17819 0.250031 0.0840206 0.0178457 0.0101217 0.00327878 0.00115628 0.000284162 4.44969e-05 3.71855e-06 1.46903e-07
 3.02642e-40 1.48122e-33 1.66669e-27 4.31158e-22 2.56426e-17 3.50616e-13 1.10216e-09 7.96536e-07 0.000132346 0.00505543 0.0443968 0.0896502 0.0430761 0.0434449 0.238302 0.335083 0.118497 0.044857 0.0299758 0.00640395 0.000912481 0.000179414 2.93421e-05 2.79505e-06 1.22129e-07
 8.56188e-40 4.19045e-33 4.71516e-27 1.21977e-21 7.25441e-17 9.91909e-13 3.11808e-09 2.25344e-06 0.000374412 0.0143021 0.125601 0.253595 0.118413 0.0312249 0.114291 0.161006 0.0668579 0.0569273 0.0436789 0.0109949 0.00235717 0.000345968 2.70277e-05 1.98129e-06 9.18125e-08
 7.93281e-40 3.88256e-33 4.36872e-27 1.13015e-21 6.7214e-17 9.19031e-13 2.88898e-09 2.08787e-06 0.000346903 0.0132512 0.116372 0.234965 0.110034 0.0374597 0.157966 0.221589 0.0748506 0.0172163 0.0103499 0.00384606 0.00145309 0.000270311 2.57121e-05 1.3279e-06 3.63876e-08
 4.87524e-40 2.38609e-33 2.68487e-27 6.9455e-22 4.13075e-17 5.64805e-13 1.77547e-09 1.28314e-06 0.000213195 0.00814377 0.0715186 0.144408 0.0683256 0.0416858 0.211059 0.296506 0.102433 0.0310718 0.0195628 0.00423805 0.00066193 0.000147302 2.28648e-05 1.55168e-06 4.26152e-08
 5.19038e-40 2.54033e-33 2.85842e-27 7.39446e-22 4.39776e-17 6.01315e-13 1.89024e-09 1.36608e-06 0.000226976 0.00867019 0.0761417 0.153741 0.0725132 0.0382954 0.18755 0.263895 0.0981316 0.0524717 0.0377678 0.00879087 0.00156042 0.000222706 1.90823e-05 1.47236e-06 5.73504e-08
 3.71245e-40 1.81699e-33 2.0445e-27 5.28894e-22 3.14553e-17 4.30095e-13 1.35201e-09 9.77098e-07 0.000162346 0.00620141 0.0544608 0.109968 0.0523716 0.0408326 0.21623 0.304215 0.110849 0.0524485 0.0377691 0.0109045 0.00303875 0.000503476 4.15707e-05 2.08013e-06 6.04178e-08
 7.20699e-40 3.52732e-33 3.969e-27 1.02674e-21 6.10642e-17 8.34943e-13 2.62465e-09 1.89684e-06 0.000315163 0.0120388 0.105725 0.213467 0.0999711 0.0341709 0.14437 0.20321 0.0791017 0.0530541 0.0400095 0.0109687 0.00292983 0.000592096 7.05419e-05 4.12203e-06 1.02329e-07
 4.8102e-40 2.35426e-33 2.64905e-27 6.85284e-22 4.07564e-17 5.5727e-13 1.75178e-09 1.26602e-06 0.000210351 0.00803513 0.0705645 0.142482 0.0674308 0.0415748 0.210962 0.296366 0.102294 0.0308035 0.0201377 0.0064864 0.00215898 0.000435694 5.36899e-05 3.91946e-06 1.26427e-07
 5.52639e-40 2.70478e-33 3.04347e-27 7.87316e-22 4.68246e-17 6.40242e-13 2.01261e-09 1.45451e-06 0.00024167 0.00923147 0.0810708 0.163692 0.0770958 0.0378108 0.181592 0.255494 0.0951118 0.0511722 0.0368602 0.00858638 0.00164072 0.000344878 5.01968e-05 3.86633e-06 1.3891e-07
 6.04797e-40 2.96006e-33 3.33071e-27 8.61623e-22 5.12439e-17 7.00668e-13 2.20256e-09 1.59179e-06 0.000264478 0.0101027 0.0887223 0.17914 0.0842521 0.0381904 0.179252 0.251962 0.0906121 0.0391704 0.0277167 0.00798177 0.00221803 0.00037361 3.6502e-05 2.79602e-06 1.11799e-07
 4.71139e-40 2.3059e-33 2.59463e-27 6.71207e-22 3.99192e-17 5.45823e-13 1.7158e-09 1.24001e-06 0.00020603 0.00787007 0.069115 0.139555 0.0660356 0.0404528 0.204995 0.288202 0.102818 0.0418303 0.0289496 0.0076338 0.00190699 0.000380054 4.55583e-05 2.86216e-06 9.17726e-08
 7.15589e-40 3.50231e-33 3.94086e-27 1.01946e-21 6.06313e-17 8.29023e-13 2.60604e-09 1.88339e-06 0.000312928 0.0119535 0.104975 0.211954 0.099328 0.0356732 0.153997 0.216538 0.0805303 0.0431109 0.0313151 0.00804892 0.00187448 0.000343464 3.9961e-05 2.87741e-06 9.60639e-08
 4.94015e-40 2.41786e-33 2.72061e-27 7.03797e-22 4.18575e-17 5.72325e-13 1.79911e-09 1.30022e-06 0.000216033 0.0082522 0.0724708 0.14633 0.0691968 0.0412173 0.207619 0.291697 0.101251 0.0323233 0.0212323 0.006107 0.00172961 0.000318782 3.43869e-05 2.32148e-06 7.9709e-08
 5.98511e-40 2.9293e-33 3.29609e-27 8.52668e-22 5.07114e-17 6.93386e-13 2.17967e-09 1.57525e-06 0.00026173 0.00999775 0.0878002 0.177279 0.0833617 0.0374008 0.174994 0.246145 0.0911304 0.0475198 0.0341119 0.00807811 0.00157916 0.00029961 3.73111e-05 2.54011e-06 8.20779e-08
 6.30095e-40 3.08388e-33 3.47003e-27 8.97664e-22 5.33874e-17 7.29977e-13 2.29469e-09 1.65838e-06 0.000275541 0.0105253 0.0924334 0.186633 0.0877188 0.0382608 0.177424 0.249309 0.0886563 0.035181 0.0244066 0.00692933 0.00189123 0.000321081 3.07676e-05 2.09099e-06 7.28035e-08
 4.8168e-40 2.35749e-33 2.65268e-27 6.86224e-22 4.08123e-17 5.58034e-13 1.75419e-09 1.26775e-06 0.000210639 0.00804614 0.0706613 0.142677 0.067484 0.0405892 0.204886 0.288003 0.102116 0.0395452 0.0269749 0.00686444 0.00159335 0.00030904 3.65382e-05 2.27334e-06 6.8492e-08
 5.23964e-40 2.56444e-33 2.88555e-27 7.46465e-22 4.43951e-17 6.07022e-13 1.90818e-09 1.37905e-06 0.00022913 0.00875249 0.0768643 0.1552 0.0731868 0.0382705 0.186958 0.263038 0.0974948 0.0511909 0.0370038 0.00933094 0.00207383 0.000363189 3.9613e-05 2.75807e-06 9.0628e-08
 5.65588e-40 2.76816e-33 3.11478e-27 8.05764e-22 4.79218e-17 6.55244e-13 2.05977e-09 1.4886e-06 0.000247333 0.00944779 0.0829705 0.167528 0.0788892 0.0383473 0.18371 0.258318 0.093852 0.0435587 0.0312197 0.00892511 0.00248731 0.000448075 4.60153e-05 2.93018e-06 9.5457e-08
 7.33557e-40 3.59025e-33 4.03981e-27 1.04506e-21 6.21537e-17 8.49839e-13 2.67148e-09 1.93068e-06 0.000320786 0.0122536 0.107611 0.217276 0.101818 0.0364612 0.157202 0.220863 0.0793917 0.0341928 0.0240135 0.00650515 0.00170335 0.000341561 4.18207e-05 2.75281e-06 8.44463e-08
#spawning biomass
 4353.96 3090.14 3426.42 4096.46 4914.69 6112.83 6595.01 5648.84 7240.9 14777 16601.6 14577 25918.4 32531.5 27945.6 24491.7 20223.4 23320.6 21603.5 21698 23055.7 22699.7 28015.5 27229 28461.3 30804.8 28414.4 25624.7 29097.8 34753.8 75635.5 94201.2 78776.7 61821.8 50387.7 43545.1 39677.7 37566 36438.5 35845.5 35536.6 35376.9 35294.7 35252.5 35230.8 35219.8 35214.2 35211.4 35209.9 35209.2 35208.8 35208.6 35208.5 35208.4 35208.4 35208.4 35208.4 35208.4 35208.4 35208.4 35208.4 35208.4 35208.4 35208.4 35208.4 35208.4 35208.4 35208.4 35208.4 35208.4 35208.4 35208.4 35208.4 35208.4 35208.4 35208.4 35208.4 35208.4 35208.4 35208.4 35208.4 35208.4 35208.4 35208.4 35208.4 35208.4 35208.4 35208.4 35208.4 35208.4 35208.4 35208.4 35208.4 35208.4 35208.4 35208.4 35208.4 35208.4 35208.4 35208.4 35208.4 35208.4 35208.4 35208.4 35208.4 35208.4 35208.4 35208.4 35208.4 35208.4 35208.4 35208.4 35208.4 35208.4 35208.4 35208.4 35208.4 35208.4 35208.4 35208.4 35208.4 35208.4 35208.4 35208.4 35208.4 35208.4 35208.4 35208.4 35208.4 0 0 0 0 0 0 0 0 0 0 0 0 0 0 0 0 0 0 0 0 0 0 0 0 0
