SBPRF35
0.209198
Curr Bio
140140
B35
197311
F35
1.0775
FOFL
0.701111
OFL
22912.6
Bzero
59770.4
#pred survey bio
 14152.9 15066.9 16566.5 18612.1 22047.7 25859 28943.4 33647.3 47532 65463.5 79814 98864.3 136563 168340 151205 124537 113089 107905 108337 111066 113551 115442 122929 132114 141450 140213 121028 107836 3.52712e+06 2.51377e+06 1.7286e+06 1.00973e+06 695609 567772 510183 480400 463281 452843 446305 442167 439539 437870 436805 436120 435696 435431 435266 435164 435099 435059 435034 435018 435009 435002 434999 434996 434995 434994 434993 434993 434993 434992 434992 434992 434992 434992 434992 434992 434992 434992 434992 434992 434992 434992 434992 434992 434992 434992 434992 434992 434992 434992 434992 434992 434992 434992 434992 434992 434992 434992 434992 434992 434992 434992 434992 434992 434992 434992 434992 434992 434992 434992 434992 434992 434992 434992 434992 434992 434992 434992 434992 434992 434992 434992 434992 434992 434992 434992 434992 434992 434992 434992 434992 434992 434992 434992 434992 434992 0 0 0 0 0 0 0 0 0 0 0 0 0 0 0 0 0 0 0 0 0 0 0 0 0
#obs survey bio
 11473 12102.3 14461 19756.9 17102.8 29827.6 20240.8 24255.2 41855.8 52559.4 90332.8 99823 133148 96507.9 95587.4 98199 88296.4 80943.6 75167.6 112584 115098 87309.5 96809.6 137022 105936 123131 114271 71142.4
#pred catch bio
 6225.09 7078.55 7877.38 9153.64 11241.3 13864.7 17450 19052.8 26682.8 38787.6 48852 59295.2 80249.8 114891 109581 91281.4 83907.6 78560.9 78563.5 81663.4 85882 87619 94719.4 102451 111055 116293 98170.8 87840.8 22912.6 55115.3 36891.8 17075.2 10093.3 8120.52 7608.31 7482.01 7451.96 7445 7443.42 7443.06 7442.99 7442.97 7442.96 7442.96 7442.96 7442.96 7442.96 7442.96 7442.96 7442.96 7442.96 7442.96 7442.96 7442.96 7442.96 7442.96 7442.96 7442.96 7442.96 7442.96 7442.96 7442.96 7442.96 7442.96 7442.96 7442.96 7442.96 7442.96 7442.96 7442.96 7442.96 7442.96 7442.96 7442.96 7442.96 7442.96 7442.96 7442.96 7442.96 7442.96 7442.96 7442.96 7442.96 7442.96 7442.96 7442.96 7442.96 7442.96 7442.96 7442.96 7442.96 7442.96 7442.96 7442.96 7442.96 7442.96 7442.96 7442.96 7442.96 7442.96 7442.96 7442.96 7442.96 7442.96 7442.96 7442.96 7442.96 7442.96 7442.96 7442.96 7442.96 7442.96 7442.96 7442.96 7442.96 7442.96 7442.96 7442.96 7442.96 7442.96 7442.96 7442.96 7442.96 7442.96 7442.96 7442.96 7442.96 7442.96 0 0 0 0 0 0 0 0 0 0 0 0 0 0 0 0 0 0 0 0 0 0 0 0 0
#obs catch bio
 6963.54 7256.61 7923.75 9133.87 11257.3 13651 17645.9 19202.3 26289.6 38075.4 47778.4 57222.6 76253.3 111286 110096 91067.8 82050.1 77840.1 77160.1 78531.7 81552.2 85079.8 92091.9 98426.5 106302 109936 94378.9 86006.2
#pred cpue bio
 9620.15 9846 10472.7 11664.8 13143 15366.1 17235.7 17988.2 24253.2 34444.7 43367.3 51585.7 68417.6 92336.6 87262.9 69870.6 59638.9 55700.9 55730.4 56734.8 57405.1 57009 59340.2 62875.4 67273.9 68701.6 59336.6 53416.1 1.68563e+06 1.97661e+06 1.62346e+06 907239 586055 456763 398901 369063 351932 341492 334953 330815 328187 326518 325453 324768 324343 324079 323914 323811 323747 323707 323682 323666 323656 323650 323646 323644 323642 323641 323641 323640 323640 323640 323640 323640 323640 323640 323640 323640 323640 323640 323640 323640 323640 323640 323640 323640 323640 323640 323640 323640 323640 323640 323640 323640 323640 323640 323640 323640 323640 323640 323640 323640 323640 323640 323640 323640 323640 323640 323640 323640 323640 323640 323640 323640 323640 323640 323640 323640 323640 323640 323640 323640 323640 323640 323640 323640 323640 323640 323640 323640 323640 323640 323640 323640 323640 323640 323640 323640 0 0 0 0 0 0 0 0 0 0 0 0 0 0 0 0 0 0 0 0 0 0 0 0 0
#obs cpue bio
 7075.6 6075.03 12500.2 14921.6 14750.5 20497.8 17823.4 21241.3 42413.7 56553.4 60035.4 113245 141814 197156 108520 115042 104803 78911.9 110928 128127 128826 102264 119098 127913 172176 192192 109468 114712
#pred surv len freq
 2.56478e-27 2.59259e-27 3.67303e-26 7.20857e-20 1.76709e-14 5.23621e-10 1.87552e-06 0.00081203 0.0424987 0.268859 0.205934 0.0401666 0.161048 0.148667 0.0336149 0.0395498 0.0167679 0.0126064 0.00765895 0.00574389 0.00442905 0.00375573 0.00368753 0.00322073 0.000977597
 2.56527e-27 2.59406e-27 3.80947e-26 7.49641e-20 1.83765e-14 5.4453e-10 1.95041e-06 0.000844455 0.0441957 0.279594 0.214116 0.039181 0.147802 0.13695 0.0409034 0.0589417 0.0198497 0.00803551 0.00358742 0.00203847 0.0012845 0.000931734 0.000807563 0.000702007 0.000232999
 2.56565e-27 2.59501e-27 3.88275e-26 7.65097e-20 1.87554e-14 5.55757e-10 1.99063e-06 0.000861866 0.0451069 0.285359 0.218531 0.0400351 0.151199 0.139834 0.036873 0.0491121 0.0182323 0.00982145 0.0031073 0.000960026 0.000404736 0.000224376 0.000160519 0.000130339 4.46728e-05
 2.56566e-27 2.59499e-27 3.87673e-26 7.63824e-20 1.87242e-14 5.54832e-10 1.98732e-06 0.000860432 0.0450319 0.284884 0.218174 0.0403666 0.153973 0.142368 0.0368853 0.0484353 0.0169987 0.00786768 0.00285443 0.000954209 0.0002128 6.62332e-05 3.35572e-05 2.32999e-05 7.87726e-06
 2.56699e-27 2.59853e-27 4.18317e-26 8.28467e-20 2.03089e-14 6.01788e-10 2.1555e-06 0.000933251 0.048843 0.308994 0.236578 0.0399547 0.137908 0.127454 0.032634 0.0424628 0.0147113 0.00648851 0.00215244 0.000671856 0.000168549 3.08472e-05 7.41575e-06 3.66775e-06 1.15667e-06
 2.56644e-27 2.59691e-27 4.02764e-26 7.95653e-20 1.95045e-14 5.77952e-10 2.07013e-06 0.000896286 0.0469084 0.296756 0.227256 0.0414197 0.155606 0.143575 0.031687 0.0362121 0.0123179 0.00511092 0.00164524 0.000476269 0.000107951 2.00372e-05 2.64848e-06 5.8961e-07 1.53846e-07
 2.56644e-27 2.59695e-27 4.03317e-26 7.96821e-20 1.95331e-14 5.78801e-10 2.07317e-06 0.000897603 0.0469773 0.297191 0.227585 0.0411765 0.153525 0.14174 0.0329272 0.0394632 0.0126916 0.00413298 0.00126177 0.000343048 7.26104e-05 1.22042e-05 1.43862e-06 1.36264e-07 2.0333e-08
 2.56873e-27 2.60302e-27 4.55884e-26 9.07712e-20 2.22515e-14 6.5935e-10 2.36168e-06 0.00102252 0.0535149 0.33855 0.259156 0.0406067 0.127007 0.117046 0.0245215 0.0264895 0.00846835 0.00267859 0.00073904 0.000160456 3.11996e-05 4.83998e-06 5.12178e-07 3.41542e-08 2.04283e-09
 2.56924e-27 2.60433e-27 4.66458e-26 9.30014e-20 2.27982e-14 6.75551e-10 2.41971e-06 0.00104764 0.0548298 0.346868 0.265516 0.0411098 0.126367 0.116276 0.0211249 0.0189163 0.00585466 0.00156688 0.000419456 8.59941e-05 1.37621e-05 1.81361e-06 1.73648e-07 9.89107e-09 3.16817e-10
 2.56848e-27 2.60223e-27 4.47726e-26 8.90496e-20 2.18294e-14 6.46845e-10 2.31689e-06 0.00100312 0.0524999 0.332129 0.254273 0.0418223 0.139689 0.128544 0.0228511 0.0197501 0.00588433 0.00119973 0.000292242 5.16388e-05 7.77463e-06 8.73345e-07 6.81958e-08 3.40289e-09 8.36179e-11
 2.56782e-27 2.60046e-27 4.32221e-26 8.57788e-20 2.10276e-14 6.23086e-10 2.23179e-06 0.00096628 0.0505716 0.31993 0.244962 0.0421213 0.148505 0.136723 0.0250889 0.0227904 0.00673735 0.0012708 0.000285595 3.90318e-05 5.01407e-06 4.98812e-07 3.33369e-08 1.34313e-09 2.77969e-11
 2.56883e-27 2.60323e-27 4.56908e-26 9.09867e-20 2.23043e-14 6.60916e-10 2.36729e-06 0.00102495 0.053642 0.339354 0.25978 0.0412425 0.131407 0.120976 0.0228572 0.021668 0.00644511 0.0012761 0.000285186 3.57012e-05 3.83687e-06 2.99291e-07 1.69924e-08 5.75865e-10 9.60713e-12
 2.56946e-27 2.60489e-27 4.7116e-26 9.39932e-20 2.30413e-14 6.82755e-10 2.44551e-06 0.00105881 0.0554145 0.350567 0.268342 0.0411959 0.125037 0.115004 0.0201084 0.016905 0.00504641 0.00104614 0.000238019 3.09343e-05 3.20679e-06 2.14046e-07 9.37399e-09 2.58207e-10 3.55684e-12
 2.56732e-27 2.59904e-27 4.19063e-26 8.30029e-20 2.03472e-14 6.02923e-10 2.15957e-06 0.00093501 0.0489351 0.309577 0.237071 0.0429819 0.160599 0.147773 0.0250538 0.0199268 0.00584153 0.00103864 0.000231113 3.13176e-05 3.34853e-06 2.24009e-07 8.61319e-09 1.835e-10 1.9924e-12
 2.56611e-27 2.59579e-27 3.90661e-26 7.70114e-20 1.88784e-14 5.59401e-10 2.00368e-06 0.000867517 0.0454027 0.28723 0.220016 0.0435367 0.176803 0.162806 0.0291518 0.0254781 0.00735761 0.00109415 0.000225306 2.627e-05 2.75923e-06 1.91947e-07 7.47231e-09 1.43203e-10 1.21605e-12
 2.567e-27 2.59822e-27 4.12423e-26 8.16023e-20 2.00038e-14 5.92749e-10 2.12313e-06 0.000919233 0.0481093 0.304353 0.233077 0.0427086 0.161325 0.148562 0.0273458 0.0249483 0.00724786 0.00114435 0.000232555 2.28103e-05 2.09011e-06 1.30885e-07 5.19177e-09 1.01161e-10 7.86741e-13
 2.56822e-27 2.60148e-27 4.40653e-26 8.75574e-20 2.14636e-14 6.36006e-10 2.27807e-06 0.000986316 0.0516202 0.326564 0.250032 0.0423793 0.146907 0.135129 0.0226521 0.0176299 0.00510839 0.000806281 0.000165088 1.6827e-05 1.44254e-06 7.50682e-08 2.60124e-09 4.96004e-11 3.90988e-13
 2.5684e-27 2.60191e-27 4.43871e-26 8.82359e-20 2.163e-14 6.40935e-10 2.29572e-06 0.000993959 0.0520202 0.329094 0.251971 0.0427832 0.148618 0.136591 0.0207662 0.0129589 0.00366275 0.000445315 8.39479e-05 8.45732e-06 7.34928e-07 3.79295e-08 1.12684e-09 1.82483e-11 1.36225e-13
 2.56851e-27 2.60223e-27 4.46746e-26 8.88425e-20 2.17787e-14 6.45341e-10 2.3115e-06 0.00100079 0.0523779 0.331357 0.253696 0.0426202 0.146166 0.134348 0.020746 0.0134739 0.00376658 0.000377283 6.34127e-05 5.0859e-06 4.0058e-07 2.05849e-08 6.11879e-10 8.86175e-12 5.58595e-14
 2.56866e-27 2.60261e-27 4.50143e-26 8.95591e-20 2.19543e-14 6.50546e-10 2.33015e-06 0.00100886 0.0528003 0.334029 0.255735 0.0425287 0.144037 0.13238 0.020338 0.0130398 0.00365237 0.000380229 6.37855e-05 4.29388e-06 2.7985e-07 1.16499e-08 3.28641e-10 4.73451e-12 2.74977e-14
 2.56881e-27 2.60303e-27 4.53703e-26 9.03102e-20 2.21384e-14 6.56002e-10 2.34969e-06 0.00101733 0.0532431 0.336831 0.257874 0.0425215 0.142479 0.130918 0.0196331 0.0118014 0.00329301 0.000328818 5.42694e-05 3.7461e-06 2.33569e-07 7.84868e-09 1.76298e-10 2.24303e-12 1.27395e-14
 2.5692e-27 2.60407e-27 4.62773e-26 9.22236e-20 2.26075e-14 6.69901e-10 2.39947e-06 0.00103888 0.0543712 0.343967 0.263321 0.0423782 0.137562 0.126348 0.0182426 0.00978199 0.00270577 0.000240889 3.72421e-05 2.45656e-06 1.5021e-07 5.04127e-09 9.81676e-11 9.75674e-13 4.67601e-15
 2.56959e-27 2.60512e-27 4.72052e-26 9.4181e-20 2.30873e-14 6.84119e-10 2.4504e-06 0.00106093 0.0555252 0.351268 0.268892 0.0421573 0.131966 0.12117 0.0170587 0.00838676 0.0023022 0.000182681 2.59951e-05 1.54437e-06 8.65311e-08 2.77211e-09 5.33145e-11 4.85442e-13 1.85833e-15
 2.56978e-27 2.60563e-27 4.7638e-26 9.5094e-20 2.33111e-14 6.90751e-10 2.47415e-06 0.00107121 0.0560635 0.354673 0.271492 0.0421403 0.130011 0.119338 0.0162229 0.00694356 0.00188987 0.000134901 1.75458e-05 9.36033e-07 4.64656e-08 1.3186e-09 2.35259e-11 2.07166e-13 7.46516e-16
 2.56976e-27 2.60556e-27 4.75739e-26 9.49588e-20 2.3278e-14 6.89769e-10 2.47064e-06 0.00106969 0.0559838 0.354169 0.271108 0.0422188 0.130877 0.120123 0.0161021 0.00647064 0.00175048 0.000112168 1.31033e-05 6.35455e-07 2.78675e-08 6.89883e-10 1.07791e-11 8.51473e-14 2.90962e-16
 2.56915e-27 2.60387e-27 4.60626e-26 9.17705e-20 2.24964e-14 6.66609e-10 2.38768e-06 0.00103378 0.0541041 0.342277 0.262037 0.04281 0.141749 0.130123 0.0172886 0.0066583 0.00179515 0.000108777 1.18767e-05 5.24274e-07 2.00206e-08 4.35952e-10 5.91742e-12 4.01699e-14 1.21105e-16
 2.56908e-27 2.60369e-27 4.58915e-26 9.14094e-20 2.24079e-14 6.63986e-10 2.37829e-06 0.00102971 0.0538912 0.34093 0.261011 0.0429546 0.14357 0.131781 0.0171679 0.00596633 0.00159774 8.83443e-05 8.54514e-06 3.55271e-07 1.22338e-08 2.33939e-10 2.74351e-12 1.59909e-14 4.12936e-17
 2.56893e-27 2.60328e-27 4.55385e-26 9.06648e-20 2.22254e-14 6.58578e-10 2.35892e-06 0.00102132 0.0534522 0.338153 0.258891 0.042982 0.145269 0.133368 0.0178143 0.00703918 0.00189344 0.000103459 9.79511e-06 3.80526e-07 1.15203e-08 2.0152e-10 2.09546e-12 1.04555e-14 2.30833e-17
#obs surv len freq
 1.24764e-41 1.73164e-33 2.90519e-26 5.89167e-20 1.44427e-14 4.27964e-10 1.5329e-06 0.000663692 0.034735 0.219744 0.168528 0.0417603 0.170495 0.142725 0.0892765 0.0844446 0.0330817 0.0118791 0.00238848 0.000264742 1.1897e-05 1.59575e-07 4.85281e-10 2.72998e-13 2.48144e-17
 1.55898e-41 2.16376e-33 3.63015e-26 7.36187e-20 1.80468e-14 5.34758e-10 1.91542e-06 0.00082931 0.0434028 0.274579 0.210432 0.0426146 0.141855 0.11308 0.0742976 0.0648599 0.0245035 0.0079831 0.00142184 0.000134266 4.9277e-06 5.12709e-08 1.1587e-10 4.71857e-14 3.06107e-18
 1.28976e-41 1.7901e-33 3.00326e-26 6.09056e-20 1.49303e-14 4.42412e-10 1.58465e-06 0.000686097 0.0359076 0.227163 0.174465 0.0516385 0.20356 0.149716 0.0735987 0.055876 0.0203546 0.00601138 0.000944308 7.44683e-05 2.18437e-06 1.74882e-08 2.94207e-11 8.69968e-15 4.03484e-19
 1.55381e-41 2.15658e-33 3.61812e-26 7.33747e-20 1.79869e-14 5.32986e-10 1.90907e-06 0.000826561 0.0432589 0.27367 0.20991 0.0473246 0.149702 0.109631 0.0852429 0.0600721 0.0159612 0.00383721 0.000526477 3.43992e-05 7.92735e-07 4.80306e-09 5.97314e-12 1.28358e-15 4.271e-20
 1.54214e-41 2.14039e-33 3.59095e-26 7.28238e-20 1.78519e-14 5.28984e-10 1.89474e-06 0.000820355 0.0429341 0.271616 0.208584 0.0553285 0.17984 0.118578 0.0636407 0.041446 0.0140234 0.00289378 0.000278888 1.42593e-05 2.55415e-07 1.1569e-09 1.05079e-12 1.62951e-16 3.88395e-21
 1.3486e-41 1.87176e-33 3.14027e-26 6.3684e-20 1.56114e-14 4.62594e-10 1.65694e-06 0.000717396 0.0375457 0.237528 0.182804 0.0612873 0.205736 0.131245 0.0833111 0.0465196 0.0109818 0.00211905 0.000196664 7.12078e-06 9.04023e-08 3.00322e-10 1.97618e-13 2.19329e-17 3.71916e-22
 1.56669e-41 2.17446e-33 3.64811e-26 7.39829e-20 1.8136e-14 5.37404e-10 1.92489e-06 0.000833413 0.0436175 0.27594 0.212102 0.0580415 0.165289 0.104842 0.0832183 0.0439118 0.010523 0.00156683 0.000109928 3.41628e-06 3.13919e-08 7.05764e-11 3.24499e-14 2.55077e-18 3.05949e-23
 1.73092e-41 2.40241e-33 4.03054e-26 8.17384e-20 2.00372e-14 5.9374e-10 2.12668e-06 0.000920778 0.0481899 0.304867 0.234398 0.0628681 0.163624 0.0928388 0.0564173 0.0275883 0.00721937 0.00100792 5.74264e-05 1.2805e-06 8.94438e-09 1.4546e-11 4.51528e-15 2.39808e-19 1.98505e-24
 1.65709e-41 2.29993e-33 3.85861e-26 7.82518e-20 1.91825e-14 5.68413e-10 2.03596e-06 0.000881501 0.0461343 0.291865 0.22487 0.0712244 0.184644 0.0979586 0.055161 0.0222975 0.00437554 0.000555122 2.98325e-05 5.31609e-07 2.62352e-09 3.01889e-12 6.67641e-16 2.44629e-20 1.36537e-25
 1.53219e-41 2.12658e-33 3.56778e-26 7.23538e-20 1.77367e-14 5.25571e-10 1.88251e-06 0.000815061 0.0426571 0.26987 0.208521 0.07864 0.200179 0.104878 0.0664686 0.0237472 0.00384644 0.000360507 1.48712e-05 2.26062e-07 8.80786e-10 7.19797e-13 1.09353e-16 2.77998e-21 1.08091e-26
 1.46445e-41 2.03256e-33 3.41004e-26 6.91549e-20 1.69525e-14 5.02334e-10 1.79928e-06 0.000779025 0.0407711 0.257941 0.199839 0.0840425 0.203469 0.107528 0.0757615 0.0254233 0.00411682 0.000317994 9.4064e-06 1.01213e-07 3.01911e-10 1.89826e-13 2.09404e-17 3.69145e-22 9.81611e-28
 1.88166e-41 2.61162e-33 4.38153e-26 8.88566e-20 2.17822e-14 6.45445e-10 2.31188e-06 0.00100096 0.0523864 0.331422 0.255569 0.0729489 0.140722 0.0737284 0.0527339 0.0166146 0.00267855 0.000188409 4.67228e-06 3.58663e-08 7.21561e-11 3.19685e-14 2.58866e-18 3.34377e-23 6.35252e-29
 1.56913e-41 2.17785e-33 3.65379e-26 7.40981e-20 1.81643e-14 5.38241e-10 1.92789e-06 0.000834711 0.0436854 0.276388 0.21525 0.102354 0.214018 0.0902721 0.0429883 0.0122109 0.00187263 0.000120446 2.66891e-06 1.67007e-08 2.44241e-11 7.28051e-15 3.95486e-19 3.53962e-24 4.78707e-30
 1.27188e-41 1.76528e-33 2.96163e-26 6.00612e-20 1.47233e-14 4.36278e-10 1.56268e-06 0.000676585 0.0354098 0.224044 0.17637 0.113685 0.233343 0.119451 0.0781214 0.0170569 0.00174592 9.40559e-05 1.82485e-06 9.6591e-09 1.12934e-11 2.50067e-15 9.45228e-20 5.68285e-25 5.14925e-31
 1.14901e-41 1.59475e-33 2.67553e-26 5.42592e-20 1.3301e-14 3.94133e-10 1.41172e-06 0.000611226 0.0319892 0.202412 0.160609 0.117261 0.226965 0.135185 0.0980815 0.0239705 0.00280419 0.000108238 1.45082e-06 6.07387e-09 5.71239e-12 9.89713e-16 2.81917e-20 1.2272e-25 7.77522e-32
 1.55654e-41 2.16038e-33 3.62449e-26 7.35038e-20 1.80186e-14 5.33924e-10 1.91243e-06 0.000828016 0.0433351 0.274188 0.214745 0.100945 0.165809 0.104362 0.0740297 0.0192126 0.0024434 9.93297e-05 1.14783e-06 3.27506e-09 2.162e-12 2.81272e-16 6.09558e-21 1.99614e-26 9.34812e-33
 1.40728e-41 1.95321e-33 3.27692e-26 6.64552e-20 1.62907e-14 4.82724e-10 1.72904e-06 0.000748614 0.0391795 0.247928 0.197696 0.135837 0.215001 0.0972798 0.0516865 0.01296 0.0016143 6.69779e-05 7.71718e-07 1.95795e-09 9.62214e-13 8.5018e-17 1.27494e-21 3.00585e-27 1.03346e-33
 1.46288e-41 2.03038e-33 3.40639e-26 6.90808e-20 1.69343e-14 5.01796e-10 1.79735e-06 0.000778191 0.0407275 0.257731 0.205502 0.129757 0.189663 0.107756 0.0572272 0.0098958 0.000925081 3.49041e-05 3.76921e-07 8.87058e-10 3.82396e-13 2.7027e-17 2.9453e-22 4.77298e-28 1.1201e-34
 1.43954e-41 1.99798e-33 3.35203e-26 6.79785e-20 1.66641e-14 4.93788e-10 1.76867e-06 0.000765773 0.0400776 0.25365 0.204521 0.144723 0.196134 0.101337 0.0489938 0.00906163 0.000715399 1.83462e-05 1.53393e-07 3.07813e-10 1.14241e-13 6.82667e-18 6.07133e-23 7.65757e-29 1.32973e-35
 1.55689e-41 2.16086e-33 3.62529e-26 7.35202e-20 1.80226e-14 5.34043e-10 1.91285e-06 0.0008282 0.0433449 0.274337 0.220959 0.14103 0.174733 0.0954752 0.0420791 0.00671854 0.000481612 1.08946e-05 6.56572e-08 9.22246e-11 2.60808e-14 1.24423e-18 8.90643e-24 8.97814e-30 1.22833e-36
 1.50522e-41 2.08914e-33 3.50497e-26 7.10801e-20 1.74245e-14 5.16318e-10 1.84937e-06 0.000800713 0.0419064 0.26529 0.217266 0.16058 0.184768 0.0894589 0.0345096 0.00510173 0.00030974 5.78908e-06 2.87871e-08 3.04359e-11 5.96654e-15 1.98889e-19 1.04046e-24 7.92202e-31 8.3044e-38
 1.55211e-41 2.15423e-33 3.61417e-26 7.32947e-20 1.79673e-14 5.32405e-10 1.90699e-06 0.00082566 0.0432121 0.27359 0.22502 0.160369 0.172579 0.0896048 0.030868 0.00373899 0.000188152 2.89623e-06 1.13432e-08 9.32206e-12 1.38461e-15 3.32453e-20 1.20629e-25 6.34226e-32 4.67419e-39
 1.55564e-41 2.15913e-33 3.62239e-26 7.34613e-20 1.80082e-14 5.33615e-10 1.91132e-06 0.000827538 0.0433105 0.274281 0.228501 0.17079 0.170223 0.082971 0.0260005 0.00296874 0.000123551 1.47248e-06 4.46124e-09 2.79483e-12 3.11212e-16 5.55674e-21 1.48083e-26 5.59965e-33 2.90401e-40
 1.59431e-41 2.21279e-33 3.71241e-26 7.5287e-20 1.84557e-14 5.46877e-10 1.95882e-06 0.000848104 0.0443871 0.281163 0.236123 0.174164 0.162014 0.0777511 0.021379 0.0020948 7.45818e-05 7.30127e-07 1.67845e-09 7.75308e-13 6.35722e-17 8.32752e-22 1.61931e-27 4.45265e-34 1.67378e-41
 1.58764e-41 2.20354e-33 3.6969e-26 7.49724e-20 1.83786e-14 5.44591e-10 1.95064e-06 0.000844559 0.0442019 0.280102 0.239107 0.184473 0.16002 0.0721497 0.0175525 0.0015036 4.37906e-05 3.42547e-07 6.18567e-10 2.15697e-13 1.28756e-17 1.21149e-22 1.69159e-28 3.34469e-35 9.03908e-43
 1.37324e-41 1.90597e-33 3.19766e-26 6.4848e-20 1.58967e-14 4.71049e-10 1.68722e-06 0.000730509 0.0382337 0.242572 0.218843 0.216884 0.183135 0.080938 0.0173562 0.00127452 3.05956e-05 1.89862e-07 2.62505e-10 6.9047e-14 3.07001e-18 2.11238e-23 2.11975e-29 2.98191e-36 5.71607e-44
 1.40306e-41 1.94736e-33 3.26709e-26 6.6256e-20 1.62419e-14 4.81276e-10 1.72385e-06 0.00074637 0.0390643 0.247926 0.223929 0.205405 0.176484 0.0880053 0.0173102 0.00110481 2.16076e-05 1.05276e-07 1.11167e-10 2.18204e-14 7.13266e-19 3.58425e-24 2.61524e-30 2.65909e-37 3.65698e-45
 1.46897e-41 2.03884e-33 3.42057e-26 6.93686e-20 1.70049e-14 5.03886e-10 1.80484e-06 0.000781433 0.0408993 0.259522 0.232239 0.20305 0.168904 0.0778556 0.0156935 0.00103399 1.85918e-05 7.7936e-08 6.84643e-11 1.10006e-14 2.91804e-19 1.18263e-24 6.93067e-31 5.65005e-38 6.22866e-46
#pred catch len freq
 2.55791e-27 2.57431e-27 2.09781e-26 3.88568e-20 9.52527e-15 2.82251e-10 1.01098e-06 0.000437714 0.0229084 0.144925 0.111319 0.0413301 0.236375 0.218636 0.0540927 0.0688652 0.0291348 0.0217749 0.0131346 0.00979389 0.00752641 0.00637241 0.00625323 0.00546098 0.00165756
 2.55844e-27 2.57599e-27 2.25587e-26 4.21913e-20 1.03427e-14 3.06472e-10 1.09773e-06 0.000475276 0.0248742 0.157362 0.120794 0.0399663 0.219344 0.203766 0.0671254 0.102017 0.0343012 0.0137664 0.00610472 0.00344531 0.00216304 0.00156638 0.00135681 0.0011793 0.000391409
 2.55897e-27 2.57725e-27 2.34864e-26 4.41476e-20 1.08223e-14 3.20683e-10 1.14863e-06 0.000497314 0.0260276 0.164658 0.12639 0.0415123 0.227177 0.210565 0.0605548 0.0854733 0.0316494 0.0169064 0.00532611 0.00163171 0.000684958 0.000378973 0.000270929 0.000219957 7.53871e-05
 2.55912e-27 2.57758e-27 2.37006e-26 4.45993e-20 1.0933e-14 3.23963e-10 1.16038e-06 0.000502401 0.0262939 0.166343 0.127685 0.0420769 0.230564 0.213628 0.0600091 0.083339 0.0291799 0.0133749 0.00482586 0.00160223 0.000355973 0.000110486 5.59263e-05 3.88237e-05 1.31253e-05
 2.56065e-27 2.58163e-27 2.71769e-26 5.19324e-20 1.27306e-14 3.7723e-10 1.35118e-06 0.000585007 0.0306172 0.193693 0.148566 0.0418953 0.214512 0.19866 0.0545672 0.0746468 0.0257901 0.0112454 0.00371108 0.00114938 0.000287277 5.24633e-05 1.25951e-05 6.22736e-06 1.9638e-06
 2.56038e-27 2.58066e-27 2.60863e-26 4.96308e-20 1.21664e-14 3.60512e-10 1.29129e-06 0.000559081 0.0292603 0.185109 0.142047 0.0440871 0.235772 0.217886 0.0508806 0.061337 0.0208074 0.00852485 0.00272991 0.000784068 0.000177036 3.27854e-05 4.32875e-06 9.63142e-07 2.51294e-07
 2.56085e-27 2.58193e-27 2.72157e-26 5.20135e-20 1.27505e-14 3.7782e-10 1.35329e-06 0.000585921 0.030665 0.193996 0.148825 0.0436565 0.227732 0.210545 0.0510278 0.0634492 0.0203487 0.00652009 0.0019789 0.000533589 0.000112505 1.88649e-05 2.22129e-06 2.10289e-07 3.13738e-08
 2.56336e-27 2.58855e-27 3.28925e-26 6.39884e-20 1.5686e-14 4.64804e-10 1.66485e-06 0.000720816 0.0377249 0.238659 0.182927 0.0434907 0.202512 0.186929 0.0406519 0.045704 0.0145721 0.00453458 0.00124476 0.000267883 5.18732e-05 8.0276e-06 8.48522e-07 5.6555e-08 3.38196e-09
 2.56409e-27 2.59036e-27 3.43193e-26 6.69978e-20 1.64237e-14 4.86663e-10 1.74315e-06 0.000754716 0.0394991 0.249883 0.191513 0.0444831 0.204031 0.188018 0.0351788 0.0329128 0.010166 0.00267525 0.000712251 0.000144756 2.30748e-05 3.03249e-06 2.89999e-07 1.65101e-08 5.28721e-10
 2.56337e-27 2.58836e-27 3.25142e-26 6.31896e-20 1.54902e-14 4.59002e-10 1.64407e-06 0.000711818 0.037254 0.23568 0.180681 0.0452978 0.217842 0.200716 0.0365879 0.0329058 0.00978981 0.00196135 0.000474891 8.31599e-05 1.24687e-05 1.39688e-06 1.08931e-07 5.43242e-09 1.33461e-10
 2.56269e-27 2.58656e-27 3.09495e-26 5.98889e-20 1.4681e-14 4.35025e-10 1.55819e-06 0.000674636 0.035308 0.223369 0.171283 0.0455017 0.225996 0.20831 0.0391909 0.0369238 0.0109005 0.00202001 0.000451378 6.1132e-05 7.81766e-06 7.75464e-07 5.17566e-08 2.08396e-09 4.31184e-11
 2.56384e-27 2.58972e-27 3.3774e-26 6.58475e-20 1.61417e-14 4.78308e-10 1.71322e-06 0.000741758 0.0388209 0.245592 0.188236 0.0444427 0.206026 0.189929 0.0367932 0.0360872 0.0107172 0.00208413 0.000463251 5.74768e-05 6.15033e-06 4.78222e-07 2.71107e-08 9.18167e-10 1.53136e-11
 2.56461e-27 2.59173e-27 3.54806e-26 6.94474e-20 1.70242e-14 5.04458e-10 1.80688e-06 0.000782311 0.0409433 0.259019 0.198491 0.0445747 0.199825 0.18405 0.0328945 0.0286803 0.00854788 0.0017402 0.00039382 5.07288e-05 5.23733e-06 3.48491e-07 1.5238e-08 4.19408e-10 5.77568e-12
 2.56271e-27 2.5865e-27 3.08072e-26 5.95883e-20 1.46074e-14 4.32842e-10 1.55037e-06 0.00067125 0.0351308 0.222248 0.170441 0.0463578 0.233102 0.214674 0.0368136 0.0298982 0.00874982 0.00152458 0.000336983 4.52463e-05 4.81803e-06 3.2134e-07 1.23373e-08 2.62629e-10 2.85054e-12
 2.56166e-27 2.58371e-27 2.83797e-26 5.44675e-20 1.33521e-14 3.95645e-10 1.41713e-06 0.000613565 0.0321118 0.203149 0.155862 0.0466697 0.245719 0.226427 0.0408943 0.0362321 0.0104475 0.00152217 0.000311083 3.59379e-05 3.75723e-06 2.60584e-07 1.01298e-08 1.93986e-10 1.64669e-12
 2.56275e-27 2.5867e-27 3.10533e-26 6.01077e-20 1.47347e-14 4.36615e-10 1.56388e-06 0.000677101 0.035437 0.224185 0.171909 0.0456567 0.226736 0.208957 0.0386572 0.0355324 0.0103041 0.00159227 0.000321304 3.12329e-05 2.84757e-06 1.77735e-07 7.03933e-09 1.37061e-10 1.06558e-12
 2.56437e-27 2.59099e-27 3.47623e-26 6.79319e-20 1.66527e-14 4.93449e-10 1.76745e-06 0.000765239 0.0400498 0.253367 0.194187 0.0453209 0.208528 0.191964 0.032175 0.0250338 0.00723912 0.00111711 0.000227034 2.29309e-05 1.95676e-06 1.01486e-07 3.51071e-09 6.68876e-11 5.2708e-13
 2.56449e-27 2.59124e-27 3.48952e-26 6.82119e-20 1.67213e-14 4.95483e-10 1.77474e-06 0.000768393 0.0402149 0.254411 0.194995 0.0459951 0.213091 0.196005 0.0298292 0.0186637 0.00526809 0.000627261 0.000117162 1.16962e-05 1.01161e-06 5.20407e-08 1.54358e-09 2.49745e-11 1.86363e-13
 2.5646e-27 2.59156e-27 3.51928e-26 6.88397e-20 1.68752e-14 5.00043e-10 1.79107e-06 0.000775465 0.040585 0.256753 0.196779 0.0457984 0.21034 0.193495 0.0299144 0.019485 0.0054415 0.000534594 8.89125e-05 7.06972e-06 5.53718e-07 2.836e-08 8.41655e-10 1.21792e-11 7.67385e-14
 2.56488e-27 2.59231e-27 3.58563e-26 7.02395e-20 1.72184e-14 5.10211e-10 1.82749e-06 0.000791234 0.0414103 0.261973 0.200763 0.0456181 0.206169 0.189641 0.029126 0.018659 0.00522017 0.000532656 8.8461e-05 5.90773e-06 3.82681e-07 1.58743e-08 4.46995e-10 6.434e-12 3.73534e-14
 2.56529e-27 2.5934e-27 3.68036e-26 7.22377e-20 1.77082e-14 5.24726e-10 1.87948e-06 0.000813743 0.0425884 0.269426 0.206452 0.0454737 0.201074 0.184904 0.0276518 0.0164913 0.0045957 0.000449658 7.34132e-05 5.02654e-06 3.11606e-07 1.04348e-08 2.33919e-10 2.97311e-12 1.68788e-14
 2.56583e-27 2.59484e-27 3.80585e-26 7.48851e-20 1.83572e-14 5.43956e-10 1.94836e-06 0.000843565 0.0441492 0.2793 0.213988 0.0452823 0.194322 0.178627 0.0257044 0.0136325 0.00376622 0.000328843 5.02252e-05 3.28649e-06 1.99748e-07 6.68105e-09 1.29857e-10 1.28923e-12 6.17558e-15
 2.56646e-27 2.59654e-27 3.95537e-26 7.80393e-20 1.91304e-14 5.66868e-10 2.03043e-06 0.000879097 0.0460088 0.291064 0.222965 0.0449094 0.185177 0.170168 0.023849 0.0115324 0.00316168 0.000246283 3.45679e-05 2.03809e-06 1.13445e-07 3.62171e-09 6.95211e-11 6.32359e-13 2.4195e-15
 2.56676e-27 2.59735e-27 4.02482e-26 7.95043e-20 1.94895e-14 5.77509e-10 2.06854e-06 0.0008956 0.0468725 0.296528 0.227137 0.0448522 0.181811 0.167025 0.0226047 0.00948819 0.0025791 0.000180953 2.31806e-05 1.22787e-06 6.05223e-08 1.71148e-09 3.04723e-11 2.68049e-13 9.65415e-16
 2.56682e-27 2.59751e-27 4.03817e-26 7.97858e-20 1.95585e-14 5.79554e-10 2.07587e-06 0.000898771 0.0470384 0.297578 0.227939 0.044881 0.181466 0.16669 0.0222393 0.00873972 0.0023612 0.000148941 1.71074e-05 8.24153e-07 3.58705e-08 8.84904e-10 1.37955e-11 1.0885e-13 3.71757e-16
 2.56644e-27 2.59645e-27 3.94354e-26 7.77896e-20 1.90692e-14 5.65054e-10 2.02393e-06 0.000876284 0.0458615 0.290133 0.22226 0.0452863 0.188541 0.173189 0.0228667 0.00853448 0.00229722 0.000137096 1.46977e-05 6.44867e-07 2.44265e-08 5.30037e-10 7.17754e-12 4.86654e-14 1.4663e-16
 2.56618e-27 2.59573e-27 3.87825e-26 7.64121e-20 1.87315e-14 5.55048e-10 1.98809e-06 0.000860766 0.0450494 0.284995 0.218342 0.045629 0.193901 0.1781 0.0230922 0.00781309 0.00208919 0.000113994 1.08126e-05 4.4696e-07 1.5263e-08 2.90872e-10 3.40259e-12 1.98076e-14 5.11165e-17
 2.56602e-27 2.5953e-27 3.84085e-26 7.56231e-20 1.85381e-14 5.49317e-10 1.96756e-06 0.000851879 0.0445843 0.282053 0.216096 0.0456332 0.195512 0.179614 0.0238605 0.00918181 0.00246651 0.000133023 1.23481e-05 4.77219e-07 1.43216e-08 2.49665e-10 2.58934e-12 1.29032e-14 2.84672e-17
#obs catch len freq
 6.01109e-42 8.34299e-34 1.39971e-26 2.83858e-20 6.95846e-15 2.06192e-10 7.38545e-07 0.000319764 0.0167352 0.105873 0.0816119 0.0424376 0.227097 0.191712 0.131448 0.127021 0.0519105 0.0193118 0.00403738 0.000461809 2.15997e-05 3.0397e-07 9.68418e-10 5.6744e-13 5.34249e-17
 6.81821e-42 9.46322e-34 1.58765e-26 3.21972e-20 7.89278e-15 2.33877e-10 8.37711e-07 0.0003627 0.0189823 0.120089 0.0925799 0.0462422 0.230547 0.185093 0.129189 0.114324 0.0444859 0.0149991 0.00281623 0.000278522 1.06219e-05 1.14852e-07 2.70256e-10 1.14337e-13 7.67174e-18
 1.02626e-41 1.42438e-33 2.38969e-26 4.84625e-20 1.188e-14 3.52026e-10 1.2609e-06 0.000545926 0.0285716 0.180754 0.13897 0.0481205 0.202271 0.154465 0.110844 0.0898764 0.0335586 0.0101934 0.00168296 0.00014064 4.33902e-06 3.6096e-08 6.27874e-11 1.9172e-14 9.1662e-19
 8.76963e-42 1.21717e-33 2.04205e-26 4.14124e-20 1.01518e-14 3.00815e-10 1.07747e-06 0.000466508 0.0244151 0.15446 0.119226 0.0599737 0.262017 0.182966 0.0962915 0.0680916 0.0243887 0.00667148 0.000963103 6.6611e-05 1.62881e-06 1.03533e-08 1.33396e-11 2.94901e-15 1.00643e-19
 1.21406e-41 1.68504e-33 2.827e-26 5.73311e-20 1.4054e-14 4.16447e-10 1.49164e-06 0.000645831 0.0338002 0.213832 0.164461 0.0538801 0.193099 0.135613 0.110663 0.0709582 0.0183818 0.00411936 0.000515237 2.92413e-05 5.57022e-07 2.66328e-09 2.52594e-12 4.04699e-16 9.89303e-21
 1.2866e-41 1.78572e-33 2.99592e-26 6.07566e-20 1.48937e-14 4.41329e-10 1.58077e-06 0.000684419 0.0358197 0.226609 0.174536 0.063627 0.220023 0.137553 0.0767743 0.0462142 0.0150902 0.00280911 0.000247264 1.09551e-05 1.60905e-07 5.71815e-10 3.9465e-13 4.55213e-17 7.95879e-22
 1.1707e-41 1.62485e-33 2.72602e-26 5.52831e-20 1.3552e-14 4.01571e-10 1.43836e-06 0.000622761 0.0325928 0.206197 0.159235 0.0696027 0.23567 0.143116 0.0930246 0.0471203 0.010755 0.00190168 0.000156208 4.84361e-06 5.04472e-08 1.30976e-10 6.5274e-14 5.37752e-18 6.67983e-23
 1.45688e-41 2.02206e-33 3.39242e-26 6.87976e-20 1.68649e-14 4.99739e-10 1.78998e-06 0.000775001 0.0405605 0.256602 0.197646 0.0645823 0.184131 0.112119 0.0895398 0.0428553 0.00979277 0.00131054 8.23331e-05 2.16022e-06 1.60589e-08 2.81982e-11 9.81064e-15 5.71557e-19 5.01641e-24
 1.67605e-41 2.32625e-33 3.90277e-26 7.91474e-20 1.9402e-14 5.74918e-10 2.05926e-06 0.00089159 0.0466623 0.295205 0.22734 0.068918 0.175448 0.094712 0.0577345 0.025861 0.00639267 0.000792858 3.96411e-05 7.45485e-07 4.19479e-09 5.28503e-12 1.2393e-15 4.87807e-20 2.95279e-25
 1.64547e-41 2.2838e-33 3.83156e-26 7.77032e-20 1.9048e-14 5.64428e-10 2.02169e-06 0.000875321 0.0458108 0.289821 0.223669 0.0770387 0.189901 0.0957296 0.0535002 0.0195794 0.00363958 0.00041307 1.91799e-05 2.83463e-07 1.12064e-09 9.97703e-13 1.66208e-16 4.50871e-21 1.84101e-26
 1.55498e-41 2.15821e-33 3.62085e-26 7.34301e-20 1.80005e-14 5.33388e-10 1.91051e-06 0.000827185 0.0432916 0.273887 0.211993 0.0841809 0.200118 0.100309 0.0621322 0.019972 0.00302655 0.000251667 9.03072e-06 1.13059e-07 3.48589e-10 2.19201e-13 2.50574e-17 4.71228e-22 1.33982e-27
 1.51731e-41 2.10592e-33 3.53312e-26 7.1651e-20 1.75644e-14 5.20465e-10 1.86422e-06 0.000807144 0.0422427 0.267255 0.207385 0.0890296 0.198955 0.101423 0.0687419 0.0208306 0.00311361 0.000209987 5.34861e-06 4.7463e-08 1.1188e-10 5.38017e-14 4.44873e-18 5.796e-23 1.1269e-28
 1.92821e-41 2.67622e-33 4.48992e-26 9.10546e-20 2.2321e-14 6.61411e-10 2.36907e-06 0.00102572 0.0536823 0.339623 0.262164 0.0761637 0.135829 0.0690306 0.0469567 0.0134212 0.00197734 0.000120589 2.53222e-06 1.58551e-08 2.51803e-11 8.53366e-15 5.16826e-19 4.92311e-24 6.83457e-30
 1.62326e-41 2.25298e-33 3.77984e-26 7.66544e-20 1.87909e-14 5.56809e-10 1.9944e-06 0.000863507 0.0451925 0.285928 0.223142 0.107333 0.205748 0.0827286 0.0378284 0.00979567 0.00136139 7.56341e-05 1.40413e-06 7.08281e-09 8.10533e-12 1.84383e-15 7.49123e-20 4.94003e-25 4.87415e-31
 1.33561e-41 1.85374e-33 3.11004e-26 6.30709e-20 1.54611e-14 4.58141e-10 1.64099e-06 0.00071049 0.0371842 0.235278 0.185767 0.120008 0.225566 0.112656 0.0682197 0.0133043 0.00124463 5.80991e-05 9.37765e-07 3.97014e-09 3.60343e-12 6.056e-16 1.70869e-20 7.57003e-26 5.00473e-32
 1.21988e-41 1.69311e-33 2.84054e-26 5.76056e-20 1.41213e-14 4.18441e-10 1.49879e-06 0.000648923 0.0339621 0.214905 0.171103 0.123968 0.219827 0.129146 0.0854864 0.0189371 0.00195079 6.41218e-05 7.19957e-07 2.40741e-09 1.74804e-12 2.28748e-16 4.84759e-21 1.55295e-26 7.18172e-33
 1.63364e-41 2.26739e-33 3.80401e-26 7.71446e-20 1.89111e-14 5.6037e-10 2.00715e-06 0.000869028 0.0454815 0.287777 0.225843 0.104775 0.157572 0.0979586 0.0630689 0.0149384 0.00165782 5.67921e-05 5.35609e-07 1.21519e-09 6.20268e-13 6.08075e-17 9.77349e-22 2.34988e-27 8.02248e-34
 1.48503e-41 2.06112e-33 3.45796e-26 7.01267e-20 1.71907e-14 5.09393e-10 1.82456e-06 0.000789973 0.0413441 0.261639 0.209288 0.140494 0.20255 0.0891547 0.0436228 0.00999375 0.00108317 3.77341e-05 3.50732e-07 6.96969e-10 2.62481e-13 1.74589e-17 1.94036e-22 3.35157e-28 8.38186e-35
 1.54665e-41 2.14664e-33 3.60144e-26 7.30365e-20 1.7904e-14 5.30529e-10 1.90027e-06 0.000822751 0.0430596 0.272504 0.217887 0.133462 0.178299 0.0990136 0.0469768 0.00734749 0.000605998 1.91832e-05 1.66185e-07 3.03791e-10 9.94696e-14 5.25981e-18 4.24019e-23 5.0357e-29 8.59221e-36
 1.52508e-41 2.11671e-33 3.55122e-26 7.2018e-20 1.76544e-14 5.23131e-10 1.87377e-06 0.000811277 0.0424592 0.268742 0.217373 0.148112 0.183264 0.0921002 0.0400276 0.00664876 0.000449648 9.68769e-06 6.52977e-08 1.01393e-10 2.84188e-14 1.26348e-18 8.27756e-24 7.63653e-30 9.64593e-37
 1.64493e-41 2.28306e-33 3.83031e-26 7.76778e-20 1.90418e-14 5.64244e-10 2.02103e-06 0.000875036 0.0457961 0.289873 0.234094 0.142986 0.161969 0.0856648 0.0336248 0.00481315 0.000295196 5.50754e-06 2.64873e-08 2.88431e-11 6.15343e-15 2.17592e-19 1.14282e-24 8.3978e-31 8.33706e-38
 1.59499e-41 2.21373e-33 3.714e-26 7.53191e-20 1.84636e-14 5.4711e-10 1.95966e-06 0.000848465 0.0444056 0.281142 0.230938 0.16202 0.170277 0.0793075 0.0272839 0.00358738 0.000184743 2.83862e-06 1.11667e-08 9.07544e-12 1.33971e-15 3.30833e-20 1.26687e-25 7.00854e-32 5.31441e-39
 1.64334e-41 2.28084e-33 3.82659e-26 7.76024e-20 1.90233e-14 5.63696e-10 2.01907e-06 0.000874186 0.0457519 0.289705 0.238927 0.16087 0.158659 0.0786244 0.0239125 0.00256373 0.000109068 1.36931e-06 4.22073e-09 2.65469e-12 2.95611e-16 5.24758e-21 1.39356e-26 5.3205e-33 2.83077e-40
 1.64795e-41 2.28725e-33 3.83734e-26 7.78204e-20 1.90768e-14 5.65279e-10 2.02474e-06 0.000876642 0.0458807 0.290601 0.242738 0.17033 0.155626 0.0719578 0.0199246 0.00199195 6.93204e-05 6.70862e-07 1.59244e-09 7.60304e-13 6.32842e-17 8.33362e-22 1.62281e-27 4.45519e-34 1.66935e-41
 1.68694e-41 2.34136e-33 3.92811e-26 7.96613e-20 1.9528e-14 5.78651e-10 2.07263e-06 0.000897379 0.0469662 0.297552 0.250472 0.172632 0.147449 0.0665311 0.0160843 0.00137332 4.06577e-05 3.20106e-07 5.73312e-10 2.01251e-13 1.23033e-17 1.18613e-22 1.68265e-28 3.35457e-35 9.10188e-43
 1.68052e-41 2.33245e-33 3.91316e-26 7.93581e-20 1.94537e-14 5.76449e-10 2.06475e-06 0.000893964 0.0467879 0.296555 0.253701 0.181996 0.145041 0.0610211 0.0130157 0.000962998 2.31721e-05 1.4505e-07 2.02922e-10 5.3543e-14 2.37784e-18 1.64423e-23 1.67247e-29 2.39446e-36 4.66591e-44
 1.4689e-41 2.03874e-33 3.42041e-26 6.93653e-20 1.70041e-14 5.03862e-10 1.80475e-06 0.000781396 0.0408975 0.259568 0.234724 0.214793 0.167284 0.068338 0.0127904 0.000805472 1.58724e-05 7.83116e-08 8.35195e-11 1.65672e-14 5.46561e-19 2.75956e-24 2.016e-30 2.05257e-37 2.83521e-45
 1.50098e-41 2.08326e-33 3.4951e-26 7.088e-20 1.73754e-14 5.14865e-10 1.84416e-06 0.000798459 0.0417903 0.265131 0.235323 0.197274 0.166767 0.0778953 0.0141886 0.000816898 1.40176e-05 5.85433e-08 5.19219e-11 8.43825e-15 2.26027e-19 9.24125e-25 5.45894e-31 4.47814e-38 4.95639e-46
#spawning biomass
 17020.6 18408.1 20423.5 23001.9 27582.6 32369.3 36223.4 43109.5 61455 84127.7 101904 127283 177184 214465 190539 157928 145252 139157 139817 143534 147032 150136 160540 172966 185205 182586 157578 140140 131833 132627 76343.1 38538.2 25753.1 22155.1 21221.3 20991 20936.2 20923.5 20920.7 20920 20919.9 20919.8 20919.8 20919.8 20919.8 20919.8 20919.8 20919.8 20919.8 20919.8 20919.8 20919.8 20919.8 20919.8 20919.8 20919.8 20919.8 20919.8 20919.8 20919.8 20919.8 20919.8 20919.8 20919.8 20919.8 20919.8 20919.8 20919.8 20919.8 20919.8 20919.8 20919.8 20919.8 20919.8 20919.8 20919.8 20919.8 20919.8 20919.8 20919.8 20919.8 20919.8 20919.8 20919.8 20919.8 20919.8 20919.8 20919.8 20919.8 20919.8 20919.8 20919.8 20919.8 20919.8 20919.8 20919.8 20919.8 20919.8 20919.8 20919.8 20919.8 20919.8 20919.8 20919.8 20919.8 20919.8 20919.8 20919.8 20919.8 20919.8 20919.8 20919.8 20919.8 20919.8 20919.8 20919.8 20919.8 20919.8 20919.8 20919.8 20919.8 20919.8 20919.8 20919.8 20919.8 20919.8 20919.8 20919.8 0 0 0 0 0 0 0 0 0 0 0 0 0 0 0 0 0 0 0 0 0 0 0 0 0
