SBPRF35
0.154171
Curr Bio
174331
B35
178530
F35
1.10671
FOFL
1.10671
OFL
68816.3
Bzero
44048.7
#pred survey bio
 4509.72 5597.2 9216.36 14957.4 26963.1 35671 31440.9 35994 62024.6 84335.5 96691.1 128104 173161 198761 188567 170872 146028 164938 156030 157595 166649 171936 181320 187598 223345 219598 189877 207339 5.11001e+06 4.13625e+06 2.24031e+06 1.14275e+06 725895 565871 495382 459741 440082 428779 422173 418295 416017 414680 413894 413430 413165 413012 412924 412873 412844 412827 412818 412812 412809 412807 412806 412805 412805 412805 412805 412805 412805 412805 412804 412804 412804 412804 412804 412804 412804 412804 412804 412804 412804 412804 412804 412804 412804 412804 412804 412804 412804 412804 412804 412804 412804 412804 412804 412804 412804 412804 412804 412804 412804 412804 412804 412804 412804 412804 412804 412804 412804 412804 412804 412804 412804 412804 412804 412804 412804 412804 412804 412804 412804 412804 412804 412804 412804 412804 412804 412804 412804 412804 412804 412804 412804 412804 412804 412804 0 0 0 0 0 0 0 0 0 0 0 0 0 0 0 0 0 0 0 0 0 0 0 0 0
#obs survey bio
 3698.05 5201.32 7575.54 12455.1 29518.3 25707.9 23449.2 28073.6 54526.2 75544.8 63424.9 116436 119108 140170 71331.6 146185 136068 148406 119239 179964 77161.4 137223 142486 155618 125664 145488 178386 166916
#pred catch bio
 1703.69 1998.14 3501.26 5381.11 8613.58 16094.5 15462.5 13880 26700.9 39586.1 43740.8 61559.1 85985.2 103141 100033 99373.4 69977.2 93854.2 87748.7 84325.2 98100.7 100816 107637 98564.5 130972 141016 105948 110458 68816.3 82029.2 43015.1 16971.2 8945.14 6921.35 6452.01 6348.57 6326.56 6321.99 6321.06 6320.88 6320.84 6320.83 6320.83 6320.83 6320.83 6320.83 6320.83 6320.83 6320.83 6320.83 6320.83 6320.83 6320.83 6320.83 6320.83 6320.83 6320.83 6320.83 6320.83 6320.83 6320.83 6320.83 6320.83 6320.83 6320.83 6320.83 6320.83 6320.83 6320.83 6320.83 6320.83 6320.83 6320.83 6320.83 6320.83 6320.83 6320.83 6320.83 6320.83 6320.83 6320.83 6320.83 6320.83 6320.83 6320.83 6320.83 6320.83 6320.83 6320.83 6320.83 6320.83 6320.83 6320.83 6320.83 6320.83 6320.83 6320.83 6320.83 6320.83 6320.83 6320.83 6320.83 6320.83 6320.83 6320.83 6320.83 6320.83 6320.83 6320.83 6320.83 6320.83 6320.83 6320.83 6320.83 6320.83 6320.83 6320.83 6320.83 6320.83 6320.83 6320.83 6320.83 6320.83 6320.83 6320.83 6320.83 6320.83 6320.83 0 0 0 0 0 0 0 0 0 0 0 0 0 0 0 0 0 0 0 0 0 0 0 0 0
#obs catch bio
 2271.93 2047.61 3381.57 5257.9 7771.52 15251.1 16220.2 13220.9 25477.6 36616.5 40945.9 61528.5 84448.4 99903.6 105096 99468.6 63050.7 90559.1 85017.3 76723.2 96963.4 101372 103992 89449.6 124589 135439 98570.6 106452
#pred cpue bio
 2918.2 2909.33 4344.35 6982.46 12229.9 19698.9 18476.9 17314.9 27981.9 40738.9 48402.6 60843.8 79066.9 96387.7 97291.9 88379 71897.6 82075.4 74791.3 74091 79758.7 77050.1 81173.2 83777.4 102658 101277 85022.8 94973.7 2.44158e+06 3.0892e+06 2.01159e+06 993411 580891 421106 350631 314992 295333 284030 277424 273545 271267 269931 269145 268681 268415 268263 268175 268124 268095 268078 268068 268063 268060 268058 268057 268056 268056 268055 268055 268055 268055 268055 268055 268055 268055 268055 268055 268055 268055 268055 268055 268055 268055 268055 268055 268055 268055 268055 268055 268055 268055 268055 268055 268055 268055 268055 268055 268055 268055 268055 268055 268055 268055 268055 268055 268055 268055 268055 268055 268055 268055 268055 268055 268055 268055 268055 268055 268055 268055 268055 268055 268055 268055 268055 268055 268055 268055 268055 268055 268055 268055 268055 268055 268055 268055 268055 268055 268055 0 0 0 0 0 0 0 0 0 0 0 0 0 0 0 0 0 0 0 0 0 0 0 0 0
#obs cpue bio
 2271.05 2931.41 7072.23 9141.26 22966.7 20912.6 21731.9 30536.7 38248.8 67375.8 82102.4 64668.4 123058 155409 163747 143395 122986 99501.5 106492 108140 144304 98414.6 129418 155805 203251 186274 120702 138996
#pred surv len freq
 1.58553e-11 1.72095e-09 1.1014e-07 4.15635e-06 9.2484e-05 0.00121343 0.00938815 0.0428446 0.115515 0.185438 0.184123 0.131918 0.0947174 0.0737918 0.0511264 0.0327911 0.0217421 0.0148081 0.0104481 0.00778003 0.006212 0.00537586 0.00476344 0.00372121 0.00218674
 1.78515e-11 1.93761e-09 1.24007e-07 4.67962e-06 0.000104127 0.00136619 0.0105699 0.0482335 0.129988 0.208219 0.204596 0.140787 0.0930961 0.0672925 0.042803 0.0235956 0.012722 0.00675079 0.00361339 0.00210011 0.00136875 0.00101027 0.000810247 0.000609492 0.000358643
 1.85368e-11 2.01199e-09 1.28767e-07 4.85928e-06 0.000108125 0.00141864 0.0109756 0.0500836 0.134955 0.216023 0.211536 0.14357 0.0920279 0.0642989 0.0389812 0.0195388 0.00920124 0.00411799 0.0017139 0.000711551 0.000323136 0.00017497 0.000114141 7.7582e-05 4.40722e-05
 1.83294e-11 1.98948e-09 1.27326e-07 4.80489e-06 0.000106915 0.00140276 0.0108528 0.0495249 0.13347 0.21381 0.210144 0.144698 0.0954675 0.0676982 0.0403573 0.0191361 0.00825328 0.0033152 0.00117831 0.000384345 0.000122507 4.181e-05 1.76917e-05 9.30811e-06 4.75709e-06
 1.88847e-11 2.04976e-09 1.31184e-07 4.95048e-06 0.000110154 0.00144526 0.0111815 0.0510222 0.137469 0.219927 0.214789 0.144231 0.0902973 0.0618283 0.0369415 0.0180251 0.00801745 0.00320671 0.00107879 0.000314363 8.26509e-05 2.01476e-05 5.01834e-06 1.53086e-06 5.74225e-07
 1.47452e-11 1.60045e-09 1.02429e-07 3.86535e-06 8.6009e-05 0.00112849 0.00873147 0.0398596 0.107629 0.174092 0.179048 0.144637 0.124214 0.102778 0.0643549 0.0313123 0.0138181 0.00559651 0.0019444 0.000579269 0.000147639 3.18495e-05 5.97462e-06 1.06325e-06 2.13413e-07
 1.4265e-11 1.54833e-09 9.90929e-08 3.73946e-06 8.32078e-05 0.00109173 0.00844707 0.0385607 0.104115 0.168348 0.172877 0.13911 0.11965 0.101886 0.0698904 0.0406817 0.0214342 0.0093458 0.00323241 0.000941569 0.000238813 5.14169e-05 9.14801e-06 1.33868e-06 1.68799e-07
 1.86446e-11 2.0237e-09 1.29516e-07 4.88754e-06 0.000108754 0.00142688 0.0110393 0.0503728 0.135712 0.217051 0.211683 0.141398 0.0878396 0.0610055 0.0391267 0.0222702 0.0119758 0.00569561 0.00227535 0.000757486 0.00020428 4.41843e-05 7.76844e-06 1.10474e-06 1.24622e-07
 1.8878e-11 2.04903e-09 1.31137e-07 4.94872e-06 0.000110115 0.00144475 0.0111776 0.0510045 0.137426 0.219898 0.214946 0.144819 0.0912136 0.062338 0.0364314 0.0169371 0.00729116 0.00310365 0.00123589 0.000442115 0.000134764 3.31552e-05 6.35286e-06 9.31572e-07 1.04102e-07
 1.74156e-11 1.89029e-09 1.20978e-07 4.56535e-06 0.000101585 0.00133283 0.010312 0.0470615 0.126893 0.203774 0.202647 0.145873 0.104635 0.077952 0.0461843 0.0207602 0.0081819 0.00297534 0.000942991 0.000270933 7.47524e-05 1.88832e-05 3.98207e-06 6.5139e-07 7.90305e-08
 1.69702e-11 1.84195e-09 1.17885e-07 4.44861e-06 9.8987e-05 0.00129875 0.0100484 0.0458597 0.123671 0.198755 0.198382 0.144764 0.106539 0.0812461 0.049734 0.0239204 0.010259 0.00386798 0.00117534 0.000294554 6.51117e-05 1.31086e-05 2.42403e-06 3.9336e-07 5.10936e-08
 1.81867e-11 1.97399e-09 1.26335e-07 4.76748e-06 0.000106082 0.00139184 0.0107683 0.0491395 0.132433 0.212168 0.20862 0.143909 0.0954292 0.0683696 0.0417925 0.0208784 0.00949719 0.00381291 0.00124985 0.000337716 7.58341e-05 1.39162e-05 2.12198e-06 2.7895e-07 3.17423e-08
 1.84718e-11 2.00493e-09 1.28316e-07 4.84223e-06 0.000107746 0.00141366 0.0109371 0.0499095 0.134504 0.215451 0.211678 0.145524 0.0955967 0.0672056 0.0391951 0.0176368 0.00703919 0.00262854 0.000857156 0.000240019 5.71347e-05 1.1128e-05 1.72712e-06 2.1121e-07 2.04409e-08
 1.72103e-11 1.86801e-09 1.19552e-07 4.51154e-06 0.000100387 0.00131712 0.0101905 0.0465082 0.125417 0.201537 0.201047 0.146369 0.107055 0.0805141 0.0474421 0.0208462 0.00788683 0.00272217 0.000793652 0.000195541 4.28742e-05 8.26657e-06 1.3309e-06 1.70219e-07 1.66533e-08
 1.61363e-11 1.75144e-09 1.12092e-07 4.23e-06 9.41228e-05 0.00123494 0.00955482 0.0436114 0.117666 0.189572 0.191425 0.145518 0.11441 0.0902333 0.0550868 0.0257549 0.0105823 0.00382801 0.00110632 0.000256663 5.06742e-05 8.62377e-06 1.25522e-06 1.5391e-07 1.52074e-08
 1.63939e-11 1.7794e-09 1.13881e-07 4.29753e-06 9.56254e-05 0.00125465 0.00970726 0.0443052 0.119512 0.192331 0.193206 0.144269 0.110422 0.0863929 0.0537918 0.0265567 0.0117648 0.00454699 0.00140415 0.000349988 7.21137e-05 1.20434e-05 1.61814e-06 1.77227e-07 1.58216e-08
 1.71158e-11 1.85775e-09 1.18896e-07 4.48677e-06 9.98361e-05 0.00130989 0.0101346 0.0462529 0.124729 0.20043 0.199941 0.14558 0.106604 0.0806083 0.0483434 0.0222207 0.00902936 0.00333901 0.00103622 0.000267873 5.82196e-05 1.0308e-05 1.44641e-06 1.584e-07 1.33736e-08
 1.71491e-11 1.86137e-09 1.19127e-07 4.49549e-06 0.00010003 0.00131244 0.0101542 0.0463419 0.124959 0.200719 0.19985 0.144535 0.104748 0.0792429 0.0485977 0.0236071 0.0102774 0.00393691 0.00121988 0.000311491 6.80308e-05 1.24545e-05 1.84567e-06 2.14566e-07 1.89601e-08
 1.7509e-11 1.90043e-09 1.21628e-07 4.58984e-06 0.00010213 0.00133998 0.0103673 0.0473136 0.127568 0.204822 0.203517 0.14604 0.104142 0.0772229 0.045528 0.0202567 0.00785478 0.00279996 0.000849069 0.00021587 4.66591e-05 8.39346e-06 1.23381e-06 1.45795e-07 1.34052e-08
 1.78071e-11 1.93279e-09 1.23698e-07 4.668e-06 0.000103869 0.0013628 0.0105438 0.0481176 0.129719 0.208136 0.206154 0.146184 0.101972 0.0744839 0.0435494 0.0191162 0.00721275 0.00245479 0.000689637 0.0001584 3.14676e-05 5.42381e-06 7.81987e-07 9.11324e-08 8.32588e-09
 1.7495e-11 1.89892e-09 1.2153e-07 4.58618e-06 0.000102048 0.00133891 0.0103591 0.047276 0.127468 0.204676 0.203439 0.14616 0.104449 0.0775291 0.0456652 0.0202188 0.00771869 0.00264729 0.000742579 0.000167428 3.16688e-05 5.03693e-06 6.65214e-07 7.26382e-08 6.40306e-09
 1.85676e-11 2.01533e-09 1.28981e-07 4.86735e-06 0.000108304 0.00142099 0.0109939 0.0501684 0.135202 0.216569 0.212779 0.146272 0.0959846 0.0671053 0.038403 0.0164104 0.00594932 0.00195365 0.000532166 0.000116723 2.14504e-05 3.30194e-06 4.15073e-07 4.21232e-08 3.41371e-09
 1.84004e-11 1.99719e-09 1.2782e-07 4.82352e-06 0.000107329 0.0014082 0.010895 0.0497181 0.134004 0.214777 0.211616 0.147059 0.0985305 0.0695433 0.039192 0.0158696 0.00521898 0.00156004 0.000397169 8.16491e-05 1.40549e-05 2.05159e-06 2.4725e-07 2.40833e-08 1.85633e-09
 1.84474e-11 2.00228e-09 1.28146e-07 4.83583e-06 0.000107603 0.00141179 0.0109227 0.0498447 0.134342 0.215293 0.212003 0.147004 0.0980713 0.0690392 0.0389256 0.0158104 0.00521414 0.00154326 0.000377926 7.17969e-05 1.1105e-05 1.46339e-06 1.62e-07 1.47169e-08 1.07269e-09
 1.81289e-11 1.96771e-09 1.25933e-07 4.75233e-06 0.000105745 0.00138742 0.0107342 0.0489853 0.13204 0.211718 0.209022 0.146401 0.0997193 0.0715691 0.0413446 0.0177619 0.00645056 0.00208665 0.000541407 0.000107865 1.72615e-05 2.25398e-06 2.34638e-07 1.94374e-08 1.29e-09
 1.7945e-11 1.94776e-09 1.24656e-07 4.70413e-06 0.000104673 0.00137335 0.0106254 0.0484899 0.13072 0.209724 0.207636 0.146973 0.102067 0.073935 0.0423008 0.017549 0.00601849 0.00187124 0.000486592 0.000100587 1.69887e-05 2.33318e-06 2.51713e-07 2.10248e-08 1.35023e-09
 1.83327e-11 1.98984e-09 1.2735e-07 4.80578e-06 0.000106934 0.00140302 0.0108549 0.0495358 0.133519 0.214048 0.211127 0.147329 0.0994876 0.0704871 0.0395456 0.0157317 0.00498356 0.00141923 0.000341315 6.45768e-05 9.99533e-06 1.31358e-06 1.42812e-07 1.23549e-08 8.22573e-10
 1.81137e-11 1.96607e-09 1.25828e-07 4.74836e-06 0.000105657 0.00138626 0.0107252 0.0489447 0.131934 0.211573 0.209 0.146703 0.100302 0.0720267 0.0413245 0.0173932 0.00609465 0.00190054 0.000475455 9.01393e-05 1.36106e-05 1.70113e-06 1.73178e-07 1.41687e-08 9.2333e-10
#obs surv len freq
 1.29034e-11 1.40054e-09 8.96347e-08 3.38254e-06 7.5266e-05 0.000987542 0.00764131 0.0348907 0.0943053 0.153208 0.160336 0.135991 0.124845 0.111676 0.081566 0.0503446 0.026908 0.0117594 0.00407413 0.00111266 0.000234052 3.66339e-05 4.12779e-06 3.24657e-07 1.73288e-08
 1.83831e-11 1.99531e-09 1.277e-07 4.819e-06 0.000107229 0.00140688 0.0108847 0.0496706 0.133852 0.214266 0.209521 0.140703 0.0878799 0.0622327 0.0423798 0.0255505 0.0133579 0.0056754 0.00189712 0.000495355 9.87579e-05 1.45416e-05 1.53192e-06 1.12095e-07 5.54438e-09
 1.56208e-11 1.69549e-09 1.08511e-07 4.09488e-06 9.11166e-05 0.00119551 0.00925036 0.0422332 0.114076 0.184617 0.189394 0.149356 0.120486 0.0935379 0.0556008 0.0252077 0.00993637 0.00357711 0.00110381 0.000273209 5.16376e-05 7.16197e-06 7.05859e-07 4.80472e-08 2.20134e-09
 1.80661e-11 1.96091e-09 1.25498e-07 4.73591e-06 0.00010538 0.00138264 0.0106975 0.0488236 0.131655 0.211327 0.208924 0.145251 0.0955945 0.0676435 0.0426578 0.0222742 0.00954959 0.00315494 0.000778723 0.0001497 2.33099e-05 2.85732e-06 2.58273e-07 1.6293e-08 6.91673e-10
 1.66175e-11 1.80367e-09 1.15435e-07 4.35616e-06 9.69304e-05 0.00127179 0.00984062 0.044927 0.121322 0.19599 0.198976 0.150515 0.112478 0.0826156 0.0482144 0.0218491 0.00835967 0.00270038 0.000687046 0.000131047 1.82757e-05 1.84578e-06 1.35208e-07 7.14005e-09 2.6468e-10
 7.24398e-12 7.86266e-10 5.0321e-08 1.89898e-06 4.22565e-05 0.000554532 0.00429421 0.0196774 0.0540261 0.0937075 0.122243 0.156191 0.188347 0.170123 0.108626 0.0530046 0.0209351 0.00644856 0.0014842 0.000256303 3.34043e-05 3.1993e-06 2.1635e-07 1.00335e-08 3.14212e-10
 1.59387e-11 1.73e-09 1.1072e-07 4.17822e-06 9.2971e-05 0.00121984 0.00943825 0.0430816 0.116222 0.186821 0.185492 0.130914 0.0921911 0.0797293 0.0694018 0.0491216 0.0249944 0.00873678 0.00212168 0.000367218 4.56251e-05 4.02351e-06 2.4805e-07 1.05254e-08 3.01539e-10
 1.80341e-11 1.95743e-09 1.25275e-07 4.72751e-06 0.000105194 0.00138022 0.0106796 0.0487555 0.131612 0.21207 0.212171 0.151116 0.0996374 0.0656507 0.0367665 0.0175776 0.00799538 0.00323995 0.000994905 0.000210058 2.94264e-05 2.71607e-06 1.6553e-07 6.66581e-09 1.7661e-10
 1.59571e-11 1.73199e-09 1.10847e-07 4.18305e-06 9.30794e-05 0.00122131 0.00945132 0.0431732 0.116828 0.190138 0.197573 0.156753 0.120579 0.0861753 0.0479068 0.0204019 0.00707694 0.00203309 0.00048232 9.35896e-05 1.38974e-05 1.43998e-06 9.77611e-08 4.22299e-09 1.14805e-10
 1.46484e-11 1.58995e-09 1.01757e-07 3.84e-06 8.54465e-05 0.00112119 0.00867743 0.0396548 0.107484 0.176033 0.186901 0.156306 0.12839 0.0968754 0.0578864 0.0271291 0.0100159 0.00277956 0.000562058 8.41282e-05 9.58221e-06 8.28443e-07 5.21518e-08 2.25486e-09 6.36439e-11
 1.42302e-11 1.54455e-09 9.88512e-08 3.73036e-06 8.30073e-05 0.0010892 0.00843049 0.0385364 0.104549 0.171757 0.183962 0.156341 0.130122 0.0992325 0.060741 0.0296112 0.0114212 0.00331105 0.000693663 0.000103424 1.08531e-05 7.93376e-07 4.02387e-08 1.41278e-09 3.39562e-11
 1.67492e-11 1.81797e-09 1.1635e-07 4.39072e-06 9.77006e-05 0.00128196 0.00992103 0.045321 0.122619 0.199133 0.204166 0.154022 0.109069 0.0757455 0.0451021 0.0219231 0.00848703 0.00248637 0.000531155 8.10616e-05 8.64052e-06 6.27332e-07 3.04028e-08 9.70412e-10 2.02262e-11
 1.52845e-11 1.65899e-09 1.06175e-07 4.00676e-06 8.91584e-05 0.00116994 0.00905614 0.0414053 0.112386 0.184691 0.196909 0.162723 0.126561 0.0878035 0.0476319 0.0202258 0.00697452 0.00190822 0.000394343 5.92551e-05 6.26789e-06 4.52793e-07 2.17822e-08 6.84139e-10 1.38118e-11
 1.28868e-11 1.39874e-09 8.95196e-08 3.37824e-06 7.51745e-05 0.000986538 0.00763914 0.0349727 0.0953887 0.159486 0.179355 0.165715 0.144938 0.108416 0.062596 0.027906 0.00956976 0.00243541 0.000450579 6.06201e-05 5.88113e-06 4.00236e-07 1.84697e-08 5.61483e-10 1.10024e-11
 1.22023e-11 1.32445e-09 8.47648e-08 3.19882e-06 7.11828e-05 0.000934196 0.00723491 0.033138 0.090521 0.152008 0.172753 0.162473 0.145569 0.113759 0.0707017 0.0342738 0.0125405 0.00331405 0.000618174 8.06864e-05 7.29593e-06 4.50971e-07 1.87956e-08 5.20613e-10 9.42662e-12
 1.36501e-11 1.48159e-09 9.4822e-08 3.57835e-06 7.9628e-05 0.001045 0.008092 0.0370425 0.100939 0.167847 0.184496 0.161072 0.133073 0.0996961 0.0613973 0.0300906 0.011314 0.00311447 0.000607447 8.19977e-05 7.49516e-06 4.55277e-07 1.81213e-08 4.67669e-10 7.75549e-12
 1.35235e-11 1.46785e-09 9.39428e-08 3.54519e-06 7.88918e-05 0.00103541 0.00801958 0.0367384 0.100346 0.168016 0.187752 0.16748 0.13783 0.0986129 0.0563784 0.0255988 0.00911875 0.00244575 0.00047485 6.4623e-05 5.98205e-06 3.66855e-07 1.46012e-08 3.71427e-10 5.96991e-12
 1.40292e-11 1.52274e-09 9.74557e-08 3.67777e-06 8.18427e-05 0.00107416 0.00832009 0.0381171 0.104094 0.173987 0.192787 0.168 0.134024 0.0938114 0.0526289 0.0230527 0.00771509 0.00191171 0.000343224 4.3838e-05 3.88106e-06 2.31089e-07 9.0084e-09 2.25119e-10 3.5498e-12
 1.41507e-11 1.53593e-09 9.83004e-08 3.70967e-06 8.25542e-05 0.00108356 0.00839423 0.038474 0.105192 0.176273 0.196015 0.170504 0.133819 0.091117 0.0494755 0.0209189 0.00674258 0.00159868 0.000271099 3.22407e-05 2.6367e-06 1.45196e-07 5.27451e-09 1.24031e-10 1.8565e-12
 1.41581e-11 1.53674e-09 9.83521e-08 3.71165e-06 8.26001e-05 0.00108424 0.00840114 0.0385267 0.105485 0.177333 0.198214 0.172744 0.134236 0.0896067 0.0473886 0.0193436 0.00596494 0.00134449 0.00021571 2.41449e-05 1.84633e-06 9.43854e-08 3.16398e-09 6.8443e-11 9.42647e-13
 1.43605e-11 1.5587e-09 9.97584e-08 3.76475e-06 8.37837e-05 0.00109984 0.00852341 0.039103 0.107154 0.18037 0.201548 0.174183 0.132703 0.0864899 0.0445817 0.0176274 0.00522002 0.00112077 0.000170031 1.78804e-05 1.27806e-06 6.0833e-08 1.8922e-09 3.78537e-11 4.8061e-13
 1.4794e-11 1.60575e-09 1.0277e-07 3.87843e-06 8.63153e-05 0.00113313 0.00878237 0.0402997 0.110458 0.185799 0.20643 0.175073 0.129161 0.0813522 0.0405456 0.0154475 0.00438661 0.00089891 0.000129439 1.28371e-05 8.60006e-07 3.81683e-08 1.10258e-09 2.04239e-11 2.39573e-13
 1.45595e-11 1.58031e-09 1.01142e-07 3.81707e-06 8.49536e-05 0.0011154 0.00864826 0.039725 0.109173 0.184806 0.207832 0.178569 0.131485 0.0809352 0.0388431 0.0141203 0.00380788 0.000739254 0.000100579 9.39166e-06 5.9014e-07 2.44743e-08 6.58324e-10 1.13187e-11 1.22897e-13
 1.45029e-11 1.57417e-09 1.00749e-07 3.80231e-06 8.4629e-05 0.00111127 0.00861882 0.0396189 0.109064 0.185226 0.20922 0.179957 0.131601 0.0800615 0.0378278 0.0134029 0.00347276 0.000639613 8.18421e-05 7.14953e-06 4.1905e-07 1.61804e-08 4.04577e-10 6.45581e-12 6.49512e-14
 1.44072e-11 1.56379e-09 1.00086e-07 3.77736e-06 8.40785e-05 0.00110421 0.00856735 0.0394193 0.108749 0.185489 0.210839 0.181899 0.131994 0.0789506 0.0365047 0.0125992 0.00316199 0.000560326 6.84145e-05 5.64979e-06 3.10345e-07 1.11571e-08 2.58658e-10 3.81764e-12 3.54807e-14
 1.32156e-11 1.43446e-09 9.18107e-08 3.46523e-06 7.71428e-05 0.00101354 0.00787268 0.0363314 0.10101 0.175549 0.207238 0.188313 0.141773 0.0852875 0.0387904 0.0129989 0.00314122 0.000533043 6.20467e-05 4.86236e-06 2.52176e-07 8.51429e-09 1.84416e-10 2.53106e-12 2.17898e-14
 1.33185e-11 1.44563e-09 9.25266e-08 3.49233e-06 7.77503e-05 0.00102164 0.00793732 0.036642 0.101892 0.176866 0.207649 0.18678 0.139928 0.0849539 0.0392563 0.0132445 0.00316387 0.000521556 5.8235e-05 4.34013e-06 2.12784e-07 6.76131e-09 1.3733e-10 1.76189e-12 1.4137e-14
 1.34854e-11 1.46376e-09 9.36881e-08 3.53631e-06 7.87369e-05 0.00103484 0.00804386 0.0371728 0.103569 0.180242 0.211644 0.188439 0.137655 0.0808249 0.036145 0.0118691 0.00277614 0.000448816 4.8919e-05 3.52611e-06 1.65437e-07 4.98399e-09 9.53011e-11 1.14533e-12 8.57881e-15
#pred catch len freq
 1.05066e-11 1.14039e-09 7.29848e-08 2.75422e-06 6.12851e-05 0.000804104 0.00622199 0.0284122 0.0768355 0.125227 0.133239 0.119322 0.117459 0.108609 0.0817961 0.0567404 0.0398422 0.0278873 0.0199147 0.0149021 0.0119184 0.010319 0.00914437 0.00714374 0.00419799
 1.32712e-11 1.44046e-09 9.21891e-08 3.47893e-06 7.74107e-05 0.00101567 0.00785874 0.0358785 0.0969194 0.157093 0.163098 0.135822 0.122094 0.105905 0.0728437 0.0430562 0.0246509 0.0135067 0.00734195 0.00429845 0.00280899 0.00207483 0.0016643 0.00125197 0.000736699
 1.45203e-11 1.57604e-09 1.00866e-07 3.80639e-06 8.4697e-05 0.00111127 0.00859827 0.039251 0.10598 0.171374 0.176022 0.141658 0.121363 0.101446 0.0660281 0.0351125 0.0175131 0.00810402 0.0034274 0.00143523 0.000654402 0.000354832 0.000231551 0.000157396 8.94128e-05
 1.41713e-11 1.53815e-09 9.84417e-08 3.71488e-06 8.2661e-05 0.00108456 0.00839172 0.0383111 0.103483 0.167664 0.173747 0.143742 0.127451 0.107427 0.0684173 0.0343325 0.0157352 0.00656547 0.00237648 0.000783123 0.000251006 8.58758e-05 3.6369e-05 1.91384e-05 9.78135e-06
 1.47238e-11 1.59813e-09 1.0228e-07 3.85973e-06 8.58839e-05 0.00112684 0.00871873 0.0398005 0.107457 0.173716 0.178201 0.14282 0.121622 0.101175 0.0653178 0.0339772 0.0160971 0.00668127 0.00228801 0.000673932 0.000178338 4.36123e-05 1.08783e-05 3.32021e-06 1.24556e-06
 1.02502e-11 1.11256e-09 7.12036e-08 2.68701e-06 5.97897e-05 0.000784499 0.00607091 0.0277367 0.075207 0.124168 0.139512 0.143085 0.157999 0.145209 0.0949296 0.0485077 0.0225996 0.00946164 0.00333888 0.00100328 0.000256935 5.55598e-05 1.04346e-05 1.858e-06 3.73018e-07
 9.81667e-12 1.06551e-09 6.81922e-08 2.57337e-06 5.7261e-05 0.000751318 0.00581407 0.0265616 0.0719982 0.118689 0.132549 0.134261 0.148033 0.140518 0.101537 0.0623407 0.0342507 0.0152432 0.00532777 0.00156352 0.00039845 8.59893e-05 1.53153e-05 2.24225e-06 2.82797e-07
 1.46109e-11 1.58587e-09 1.01495e-07 3.83012e-06 8.52251e-05 0.0011182 0.00865173 0.0394923 0.106593 0.17206 0.175299 0.137501 0.114278 0.0962742 0.0670756 0.0407349 0.0230249 0.0112268 0.00453987 0.00152191 0.000411966 8.92771e-05 1.57129e-05 2.23572e-06 2.52266e-07
 1.53822e-11 1.66959e-09 1.06854e-07 4.03233e-06 8.97244e-05 0.00117723 0.00910848 0.0415771 0.112219 0.181128 0.184463 0.144333 0.118567 0.0959696 0.0597053 0.0291047 0.013203 0.00581486 0.00235134 0.000847068 0.000259027 6.38164e-05 1.22357e-05 1.79477e-06 2.00595e-07
 1.36401e-11 1.48051e-09 9.47522e-08 3.57565e-06 7.9563e-05 0.00104392 0.00807743 0.0368804 0.0996741 0.161947 0.169938 0.145942 0.135126 0.115068 0.0714573 0.03342 0.0138146 0.00519313 0.0016725 0.000484857 0.000134463 3.40413e-05 7.18425e-06 1.17554e-06 1.4264e-07
 1.29087e-11 1.40112e-09 8.96715e-08 3.38392e-06 7.52968e-05 0.000987946 0.00764447 0.0349066 0.0943812 0.153682 0.162833 0.143844 0.137831 0.120202 0.0774141 0.0390103 0.0175752 0.00682647 0.00210322 0.000531575 0.000118194 2.38722e-05 4.42081e-06 7.17796e-07 9.3253e-08
 1.46836e-11 1.59376e-09 1.02001e-07 3.84919e-06 8.56494e-05 0.00112377 0.00869493 0.039692 0.107167 0.173263 0.177816 0.142721 0.121804 0.101517 0.0657294 0.034359 0.0163154 0.00671234 0.00222541 0.000605359 0.000136495 2.51029e-05 3.83211e-06 5.04061e-07 5.73739e-08
 1.52526e-11 1.65552e-09 1.05953e-07 3.99834e-06 8.89681e-05 0.00116731 0.00903177 0.0412284 0.111296 0.17979 0.183807 0.145634 0.121667 0.0988843 0.0606859 0.0283345 0.0117985 0.00453624 0.00149963 0.000422855 0.000101039 1.97157e-05 3.06268e-06 3.747e-07 3.62716e-08
 1.37187e-11 1.48903e-09 9.52976e-08 3.59624e-06 8.0021e-05 0.00104993 0.00812393 0.0370927 0.100248 0.162882 0.170927 0.146793 0.135808 0.115235 0.0707299 0.0321157 0.0126586 0.00450164 0.00133133 0.000330546 7.28265e-05 1.40768e-05 2.26876e-06 2.903e-07 2.84071e-08
 1.24059e-11 1.34654e-09 8.61782e-08 3.2521e-06 7.23636e-05 0.000949464 0.00734687 0.0335514 0.0907682 0.148212 0.158956 0.145175 0.143922 0.126545 0.0803456 0.0389526 0.0166751 0.0061918 0.00181102 0.000423087 8.39451e-05 1.43269e-05 2.08824e-06 2.56216e-07 2.53227e-08
 1.30579e-11 1.41731e-09 9.0708e-08 3.42304e-06 7.61672e-05 0.000999364 0.00773277 0.0353086 0.0954529 0.155303 0.163972 0.143416 0.135973 0.118283 0.0765546 0.0390793 0.0179043 0.00705688 0.00219881 0.000550959 0.000113918 1.90616e-05 2.56363e-06 2.80928e-07 2.50861e-08
 1.32992e-11 1.4435e-09 9.23841e-08 3.48629e-06 7.75746e-05 0.00101783 0.00787564 0.0359607 0.0972111 0.158127 0.166777 0.145377 0.137013 0.11786 0.0740249 0.0354275 0.0150853 0.00575398 0.00181174 0.000472069 0.000103091 1.82982e-05 2.57072e-06 2.81698e-07 2.37911e-08
 1.39349e-11 1.5125e-09 9.67999e-08 3.65293e-06 8.12825e-05 0.00106648 0.00825185 0.0376739 0.10178 0.165058 0.171756 0.143912 0.129668 0.110168 0.0704406 0.0353867 0.0159401 0.00623158 0.00194902 0.000500421 0.000109686 2.01184e-05 2.98407e-06 3.47054e-07 3.06733e-08
 1.44087e-11 1.56392e-09 1.00091e-07 3.77712e-06 8.40459e-05 0.00110273 0.00853232 0.0389532 0.105219 0.170494 0.176748 0.146347 0.129566 0.107969 0.0662053 0.0303341 0.0121825 0.00445215 0.001366 0.000349406 7.57926e-05 1.36597e-05 2.00974e-06 2.37588e-07 2.18496e-08
 1.46209e-11 1.58696e-09 1.01565e-07 3.83275e-06 8.52836e-05 0.00111897 0.00865792 0.0395256 0.106751 0.172866 0.178689 0.146629 0.128303 0.106242 0.0648025 0.029342 0.0114936 0.00401904 0.0011436 0.000264476 5.2782e-05 9.12105e-06 1.31661e-06 1.53517e-07 1.40287e-08
 1.45887e-11 1.58346e-09 1.01341e-07 3.8243e-06 8.50956e-05 0.0011165 0.00863885 0.0394386 0.106518 0.172503 0.17838 0.146546 0.128437 0.106478 0.0650629 0.029578 0.0116502 0.00408543 0.0011579 0.0002625 4.98327e-05 7.94276e-06 1.05009e-06 1.14724e-07 1.01154e-08
 1.60265e-11 1.73953e-09 1.1133e-07 4.20123e-06 9.34827e-05 0.00122654 0.00948991 0.0433164 0.116888 0.188461 0.190973 0.146894 0.117391 0.0927035 0.0552425 0.0241934 0.00903097 0.00303262 0.000834945 0.000184125 3.39566e-05 5.23785e-06 6.59102e-07 6.69217e-08 5.42475e-09
 1.58725e-11 1.72281e-09 1.1026e-07 4.16086e-06 9.25845e-05 0.00121476 0.0093988 0.0429019 0.115789 0.186845 0.190066 0.148072 0.120427 0.0954077 0.0557771 0.0230573 0.00779167 0.00238679 0.000615385 0.000127275 2.19918e-05 3.21746e-06 3.88201e-07 3.7833e-08 2.91691e-09
 1.5468e-11 1.6789e-09 1.07449e-07 4.05481e-06 9.02246e-05 0.0011838 0.00915934 0.041811 0.112873 0.182366 0.186577 0.148125 0.12377 0.0994599 0.0585234 0.0244013 0.00833502 0.00254466 0.000633026 0.000121166 1.88384e-05 2.49135e-06 2.76329e-07 2.51258e-08 1.83217e-09
 1.54302e-11 1.6748e-09 1.07187e-07 4.0449e-06 9.00041e-05 0.0011809 0.00913693 0.0417083 0.11259 0.181863 0.18585 0.147026 0.122402 0.0987324 0.0592702 0.0261013 0.00976596 0.00323083 0.000847129 0.000169665 2.72532e-05 3.56759e-06 3.71887e-07 3.08289e-08 2.04681e-09
 1.56125e-11 1.69459e-09 1.08454e-07 4.09271e-06 9.10679e-05 0.00119486 0.0092449 0.0422006 0.113912 0.183942 0.187706 0.147781 0.122078 0.0976733 0.0576604 0.024362 0.00855065 0.00271071 0.000711711 0.000147806 2.50372e-05 3.44466e-06 3.71968e-07 3.10841e-08 1.99677e-09
 1.55399e-11 1.68671e-09 1.07949e-07 4.07366e-06 9.06441e-05 0.0011893 0.00920192 0.0420052 0.113395 0.183197 0.18736 0.148564 0.123857 0.0991845 0.0578291 0.0235177 0.00767998 0.00225151 0.000549897 0.000104794 1.62966e-05 2.14842e-06 2.33963e-07 2.02563e-08 1.34914e-09
 1.50429e-11 1.63277e-09 1.04497e-07 3.94339e-06 8.77455e-05 0.00115127 0.00890776 0.0406644 0.109803 0.177613 0.182682 0.147548 0.126318 0.103074 0.0616714 0.0266994 0.00969824 0.0031118 0.000789134 0.000150608 2.28521e-05 2.86618e-06 2.92351e-07 2.39427e-08 1.56106e-09
#obs catch len freq
 1.09031e-11 1.18343e-09 7.57396e-08 2.85818e-06 6.35986e-05 0.00083447 0.00645736 0.0294954 0.0798672 0.13089 0.142186 0.133602 0.137161 0.128821 0.0960268 0.0603141 0.0327792 0.0145651 0.00514012 0.0014314 0.000306983 4.89748e-05 5.62262e-06 4.50285e-07 2.44513e-08
 1.12134e-11 1.21711e-09 7.78949e-08 2.93952e-06 6.54084e-05 0.00085822 0.00664123 0.0303368 0.082156 0.134661 0.14608 0.135996 0.137128 0.126686 0.0930221 0.0572668 0.0302664 0.0129916 0.0043984 0.00116659 0.000236709 3.5503e-05 3.8093e-06 2.8367e-07 1.4265e-08
 1.72306e-11 1.87022e-09 1.19694e-07 4.51686e-06 0.000100506 0.00131869 0.0102027 0.0465651 0.125568 0.201625 0.199825 0.140767 0.0963483 0.0725309 0.0501502 0.0301656 0.0155707 0.00648707 0.00211548 0.000535567 0.000102836 1.44894e-05 1.45172e-06 1.0047e-07 4.67775e-09
 1.43962e-11 1.56257e-09 1.00004e-07 3.77386e-06 8.39736e-05 0.00110181 0.00852589 0.0389373 0.105316 0.171461 0.180105 0.151483 0.131546 0.10478 0.0622342 0.0280671 0.0109665 0.00388169 0.00116825 0.000279973 5.08851e-05 6.74383e-06 6.3135e-07 4.06052e-08 1.74973e-09
 1.71675e-11 1.86337e-09 1.19256e-07 4.50034e-06 0.000100138 0.00131388 0.0101659 0.046405 0.125225 0.201646 0.201952 0.146381 0.103177 0.0758328 0.0480498 0.0248885 0.0104852 0.00338279 0.000813189 0.00015167 2.27452e-05 2.66311e-06 2.28383e-07 1.35972e-08 5.42415e-10
 1.57547e-11 1.71003e-09 1.09442e-07 4.13e-06 9.18983e-05 0.00120578 0.00933039 0.0426078 0.115177 0.186866 0.192839 0.15256 0.120453 0.0902344 0.0525045 0.0235876 0.00889233 0.00280663 0.000693075 0.000127602 1.70906e-05 1.64958e-06 1.14808e-07 5.72339e-09 1.99181e-10
 6.55988e-12 7.12014e-10 4.55689e-08 1.71965e-06 3.82667e-05 0.000502207 0.0038901 0.0178464 0.0492315 0.0868891 0.118574 0.159462 0.195318 0.175387 0.110879 0.0534293 0.0206928 0.00620886 0.00138637 0.000231163 2.89032e-05 2.63927e-06 1.69312e-07 7.41614e-09 2.18395e-10
 1.52857e-11 1.65912e-09 1.06184e-07 4.00705e-06 8.91623e-05 0.00116987 0.00905203 0.0413251 0.111553 0.179764 0.18019 0.130995 0.0969209 0.0860422 0.0745464 0.0516808 0.0255769 0.00867095 0.00203652 0.000339383 4.03852e-05 3.39355e-06 1.98369e-07 7.94295e-09 2.13835e-10
 1.75758e-11 1.90769e-09 1.22092e-07 4.60738e-06 0.000102521 0.00134516 0.0104088 0.0475276 0.128385 0.207406 0.209393 0.152767 0.10392 0.0691987 0.0385958 0.0183307 0.00821058 0.00322974 0.000953686 0.00019266 2.57371e-05 2.25792e-06 1.30312e-07 4.94998e-09 1.23243e-10
 1.55062e-11 1.68306e-09 1.07716e-07 4.06487e-06 9.04501e-05 0.00118683 0.00918517 0.0419691 0.113687 0.185726 0.195321 0.159036 0.125104 0.0894059 0.0491505 0.0206177 0.00700603 0.00196107 0.000450901 8.4051e-05 1.18783e-05 1.16444e-06 7.45509e-08 3.02982e-09 7.73205e-11
 1.42763e-11 1.54956e-09 9.91716e-08 3.74245e-06 8.32764e-05 0.00109274 0.00845798 0.0386644 0.104923 0.172537 0.185398 0.1586 0.132257 0.0994062 0.0586659 0.0269979 0.00971116 0.00261048 0.000509529 7.33099e-05 7.97588e-06 6.53726e-07 3.87537e-08 1.57073e-09 4.14535e-11
 1.39324e-11 1.51223e-09 9.67826e-08 3.6523e-06 8.12709e-05 0.00106645 0.00825514 0.0377479 0.102533 0.169109 0.183129 0.158611 0.133369 0.101088 0.0610627 0.0291973 0.0109572 0.00307139 0.000619171 8.83938e-05 8.83794e-06 6.12698e-07 2.93258e-08 9.66497e-10 2.16975e-11
 1.65589e-11 1.79731e-09 1.15028e-07 4.34082e-06 9.65909e-05 0.00126742 0.00980912 0.0448196 0.121351 0.197536 0.203859 0.155728 0.111219 0.0768038 0.0451061 0.0214824 0.00808406 0.00228772 0.000469587 6.84783e-05 6.93802e-06 4.76676e-07 2.17773e-08 6.52931e-10 1.27391e-11
 1.51316e-11 1.6424e-09 1.05114e-07 3.9667e-06 8.82677e-05 0.00115829 0.00896678 0.04101 0.111429 0.18369 0.197341 0.164837 0.12833 0.0879707 0.046947 0.0195398 0.006557 0.00173286 0.000343749 4.92873e-05 4.94747e-06 3.37599e-07 1.52816e-08 4.50162e-10 8.50073e-12
 1.27817e-11 1.38733e-09 8.87896e-08 3.35071e-06 7.45627e-05 0.000978553 0.00757842 0.0347111 0.0948129 0.159165 0.180535 0.168203 0.146511 0.108033 0.0612484 0.0266639 0.00886466 0.00217529 0.000386321 4.96115e-05 4.56549e-06 2.93105e-07 1.27059e-08 3.61654e-10 6.61804e-12
 1.21602e-11 1.31988e-09 8.44728e-08 3.18782e-06 7.0939e-05 0.000931043 0.00721164 0.0330477 0.0904048 0.152388 0.174454 0.164975 0.146882 0.113094 0.0689421 0.0325549 0.0115189 0.00292815 0.000522931 6.50186e-05 5.57235e-06 3.24936e-07 1.27206e-08 3.29657e-10 5.56683e-12
 1.36587e-11 1.48253e-09 9.4882e-08 3.58063e-06 7.96798e-05 0.00104573 0.00809868 0.0370877 0.101175 0.168704 0.186381 0.163216 0.133833 0.0987081 0.0595898 0.0284349 0.0103311 0.00273127 0.000508798 6.52566e-05 5.64157e-06 3.2284e-07 1.20632e-08 2.91318e-10 4.5073e-12
 1.35797e-11 1.47395e-09 9.43335e-08 3.55996e-06 7.92216e-05 0.00103979 0.00805476 0.0369158 0.100949 0.169477 0.190138 0.169546 0.137892 0.0968599 0.054233 0.0239817 0.00825609 0.0021255 0.000393668 5.08133e-05 4.43944e-06 2.5595e-07 9.54653e-09 2.26974e-10 3.40199e-12
 1.41134e-11 1.53188e-09 9.80411e-08 3.69989e-06 8.23363e-05 0.0010807 0.00837199 0.0383711 0.104901 0.175743 0.195327 0.169914 0.133782 0.0917964 0.0503268 0.0214191 0.00691755 0.00164449 0.000281618 3.40986e-05 2.84587e-06 1.59039e-07 5.79912e-09 1.35204e-10 1.985e-12
 1.42697e-11 1.54885e-09 9.91274e-08 3.74091e-06 8.3251e-05 0.00109277 0.00846698 0.0388244 0.106261 0.178433 0.198822 0.172267 0.133126 0.0887109 0.0470155 0.0192929 0.00599248 0.00136088 0.000219809 2.47604e-05 1.90805e-06 9.85604e-08 3.34593e-09 7.33079e-11 1.02002e-12
 1.4309e-11 1.55312e-09 9.94009e-08 3.75126e-06 8.34836e-05 0.00109591 0.00849307 0.0389659 0.106797 0.179866 0.201268 0.174379 0.133152 0.0868453 0.0447608 0.0177076 0.00525569 0.00113338 0.000173003 1.83217e-05 1.31894e-06 6.32072e-08 1.9793e-09 3.98787e-11 5.10316e-13
 1.45362e-11 1.57778e-09 1.00979e-07 3.81087e-06 8.48123e-05 0.00111342 0.00863029 0.0396113 0.108653 0.183179 0.204745 0.175652 0.131291 0.0834859 0.0418778 0.0160251 0.00456173 0.000935953 0.000134949 1.34144e-05 9.01931e-07 4.0216e-08 1.16787e-09 2.17515e-11 2.5653e-13
 1.49895e-11 1.62698e-09 1.04129e-07 3.92975e-06 8.74599e-05 0.00114824 0.0089012 0.0408631 0.112103 0.188803 0.209671 0.176315 0.127438 0.0781927 0.0378696 0.0139457 0.00380228 0.000743702 0.000101663 9.52126e-06 5.99531e-07 2.49102e-08 6.71478e-10 1.15753e-11 1.26079e-13
 1.47754e-11 1.60374e-09 1.02642e-07 3.87374e-06 8.6218e-05 0.00113211 0.0087797 0.0403484 0.11099 0.188087 0.211255 0.179672 0.129402 0.0774987 0.0361031 0.0126729 0.00327802 0.000606779 7.82897e-05 6.89703e-06 4.07005e-07 1.57914e-08 3.96148e-10 6.33586e-12 6.38595e-14
 1.47362e-11 1.5995e-09 1.02372e-07 3.86359e-06 8.59966e-05 0.00112935 0.00876108 0.0402934 0.111022 0.188719 0.212762 0.18096 0.129301 0.0764428 0.0350049 0.0119576 0.00296819 0.000520767 6.31434e-05 5.20036e-06 2.86046e-07 1.0326e-08 2.40653e-10 3.57037e-12 3.33312e-14
 1.46579e-11 1.591e-09 1.01828e-07 3.84319e-06 8.55481e-05 0.00112364 0.00872041 0.0401451 0.110849 0.189199 0.214495 0.182769 0.129438 0.0751575 0.0336396 0.0111798 0.00268458 0.000452617 5.23109e-05 4.06941e-06 2.09664e-07 7.04417e-09 1.52159e-10 2.0873e-12 1.79939e-14
 1.34849e-11 1.46369e-09 9.36825e-08 3.53598e-06 7.87234e-05 0.00103448 0.00803811 0.0371203 0.103311 0.179644 0.21128 0.189231 0.13888 0.081073 0.0356709 0.0114993 0.00265614 0.000428392 4.71525e-05 3.47758e-06 1.69033e-07 5.33042e-09 1.07533e-10 1.37142e-12 1.095e-14
 1.36025e-11 1.47647e-09 9.45016e-08 3.56699e-06 7.94186e-05 0.00104374 0.0081119 0.037473 0.104303 0.181109 0.211781 0.187729 0.137025 0.0806131 0.0359605 0.0116487 0.00265618 0.000415773 4.38631e-05 3.07425e-06 1.4116e-07 4.18672e-09 7.91597e-11 9.43316e-13 7.01775e-15
#spawning biomass
 4060.39 4794.03 7731.6 12565.9 22412.1 31767.6 28288.2 30212.7 51537.2 71940 83223 108010 144854 170044 164377 148548 125264 141573 132835 133393 141876 143356 151514 156619 187815 185183 158816 174331 189210 184023 85279.6 35186.8 20271.8 16527.5 15659.6 15468.4 15427.7 15419.2 15417.5 15417.2 15417.1 15417.1 15417.1 15417.1 15417.1 15417.1 15417.1 15417.1 15417.1 15417.1 15417.1 15417.1 15417.1 15417.1 15417.1 15417.1 15417.1 15417.1 15417.1 15417.1 15417.1 15417.1 15417.1 15417.1 15417.1 15417.1 15417.1 15417.1 15417.1 15417.1 15417.1 15417.1 15417.1 15417.1 15417.1 15417.1 15417.1 15417.1 15417.1 15417.1 15417.1 15417.1 15417.1 15417.1 15417.1 15417.1 15417.1 15417.1 15417.1 15417.1 15417.1 15417.1 15417.1 15417.1 15417.1 15417.1 15417.1 15417.1 15417.1 15417.1 15417.1 15417.1 15417.1 15417.1 15417.1 15417.1 15417.1 15417.1 15417.1 15417.1 15417.1 15417.1 15417.1 15417.1 15417.1 15417.1 15417.1 15417.1 15417.1 15417.1 15417.1 15417.1 15417.1 15417.1 15417.1 15417.1 15417.1 15417.1 0 0 0 0 0 0 0 0 0 0 0 0 0 0 0 0 0 0 0 0 0 0 0 0 0
