SBPRF35
0.0418769
Curr Bio
1.94845e+06
B35
1.11486e+06
F35
9.65804e+07
FOFL
9.65804e+07
OFL
3.04031e+06
Bzero
4567.86
#pred survey bio
 31373.8 20239.1 19939.5 24970 41710.4 76874.9 102068 151202 183034 221305 179160 179401 209016 208956 226296 234963 165389 240029 231093 254132 230896 267410 272710 224853 270034 281947 233412 248151 5.61992e+06 300112 27965.1 11885.6 11415.8 11403.9 11403.6 11403.6 11403.6 11403.6 11403.6 11403.6 11403.6 11403.6 11403.6 11403.6 11403.6 11403.6 11403.6 11403.6 11403.6 11403.6 11403.6 11403.6 11403.6 11403.6 11403.6 11403.6 11403.6 11403.6 11403.6 11403.6 11403.6 11403.6 11403.6 11403.6 11403.6 11403.6 11403.6 11403.6 11403.6 11403.6 11403.6 11403.6 11403.6 11403.6 11403.6 11403.6 11403.6 11403.6 11403.6 11403.6 11403.6 11403.6 11403.6 11403.6 11403.6 11403.6 11403.6 11403.6 11403.6 11403.6 11403.6 11403.6 11403.6 11403.6 11403.6 11403.6 11403.6 11403.6 11403.6 11403.6 11403.6 11403.6 11403.6 11403.6 11403.6 11403.6 11403.6 11403.6 11403.6 11403.6 11403.6 11403.6 11403.6 11403.6 11403.6 11403.6 11403.6 11403.6 11403.6 11403.6 11403.6 11403.6 11403.6 11403.6 11403.6 11403.6 11403.6 11403.6 0 0 0 0 0 0 0 0 0 0 0 0 0 0 0 0 0 0 0 0 0 0 0 0 0
#obs survey bio
 27080.1 26681.2 13356 28133.1 39478 76162.1 103395 153405 234423 262604 156004 180213 223617 211909 193652 234443 195438 207466 255376 269892 201181 224772 257094 208460 314036 264602 233785 209038
#pred catch bio
 30338 16640.8 13898.2 9428.97 16938.8 27172.6 50111.3 68007.7 99012.4 143100 122384 130100 161236 188789 162043 173432 165657 159799 200272 193511 193905 163489 188568 230270 181981 227604 250756 230552 3.04031e+06 6611.8 6611.8 6611.8 6611.8 6611.8 6611.8 6611.8 6611.8 6611.8 6611.8 6611.8 6611.8 6611.8 6611.8 6611.8 6611.8 6611.8 6611.8 6611.8 6611.8 6611.8 6611.8 6611.8 6611.8 6611.8 6611.8 6611.8 6611.8 6611.8 6611.8 6611.8 6611.8 6611.8 6611.8 6611.8 6611.8 6611.8 6611.8 6611.8 6611.8 6611.8 6611.8 6611.8 6611.8 6611.8 6611.8 6611.8 6611.8 6611.8 6611.8 6611.8 6611.8 6611.8 6611.8 6611.8 6611.8 6611.8 6611.8 6611.8 6611.8 6611.8 6611.8 6611.8 6611.8 6611.8 6611.8 6611.8 6611.8 6611.8 6611.8 6611.8 6611.8 6611.8 6611.8 6611.8 6611.8 6611.8 6611.8 6611.8 6611.8 6611.8 6611.8 6611.8 6611.8 6611.8 6611.8 6611.8 6611.8 6611.8 6611.8 6611.8 6611.8 6611.8 6611.8 6611.8 6611.8 6611.8 6611.8 6611.8 0 0 0 0 0 0 0 0 0 0 0 0 0 0 0 0 0 0 0 0 0 0 0 0 0
#obs catch bio
 16156.5 16392.3 14017.5 9806.16 16713.2 27062.4 50647.1 67250.4 98199.7 142830 122800 130346 160029 189785 159341 173055 168168 156615 201769 191817 195980 160905 187284 235421 178618 227124 253472 229778
#pred cpue bio
 29821.3 18168.9 17995.9 22072.1 33895.7 62691.9 82167.6 122099 148795 181409 146285 143759 166119 166719 180640 186653 130159 188213 180561 198391 179374 206442 209849 172428 206232 214589 177535 188383 4.25747e+06 257326 24678.2 9135.92 8667.43 8655.51 8655.21 8655.2 8655.2 8655.2 8655.2 8655.2 8655.2 8655.2 8655.2 8655.2 8655.2 8655.2 8655.2 8655.2 8655.2 8655.2 8655.2 8655.2 8655.2 8655.2 8655.2 8655.2 8655.2 8655.2 8655.2 8655.2 8655.2 8655.2 8655.2 8655.2 8655.2 8655.2 8655.2 8655.2 8655.2 8655.2 8655.2 8655.2 8655.2 8655.2 8655.2 8655.2 8655.2 8655.2 8655.2 8655.2 8655.2 8655.2 8655.2 8655.2 8655.2 8655.2 8655.2 8655.2 8655.2 8655.2 8655.2 8655.2 8655.2 8655.2 8655.2 8655.2 8655.2 8655.2 8655.2 8655.2 8655.2 8655.2 8655.2 8655.2 8655.2 8655.2 8655.2 8655.2 8655.2 8655.2 8655.2 8655.2 8655.2 8655.2 8655.2 8655.2 8655.2 8655.2 8655.2 8655.2 8655.2 8655.2 8655.2 8655.2 8655.2 8655.2 8655.2 8655.2 0 0 0 0 0 0 0 0 0 0 0 0 0 0 0 0 0 0 0 0 0 0 0 0 0
#obs cpue bio
 34754.2 19746.3 16924 19897.1 39412.8 64972.1 79688.7 126714 118888 162772 157450 141913 165076 159151 219740 203586 94590.9 245530 158620 195884 193357 261255 237337 165254 189317 240714 165490 227399
#pred surv len freq
 4.65669e-12 5.05439e-10 3.2348e-08 1.22072e-06 2.71629e-05 0.000356416 0.00275863 0.0126147 0.034357 0.0579545 0.0708262 0.0866728 0.112 0.120662 0.108618 0.0932087 0.0760548 0.0580334 0.0433558 0.0327692 0.0258628 0.0218656 0.0189414 0.0145719 0.00848832
 6.97466e-12 7.57032e-10 4.845e-08 1.82836e-06 4.06837e-05 0.000533822 0.00413151 0.0188872 0.0513658 0.0860455 0.102425 0.119104 0.147429 0.151427 0.12351 0.0893706 0.0557062 0.0272926 0.0112389 0.00477464 0.00247148 0.0016127 0.00122036 0.000892583 0.000517904
 4.48236e-12 4.86517e-10 3.11371e-08 1.17502e-06 2.61464e-05 0.000343096 0.00265628 0.0121641 0.0333673 0.0581871 0.0796644 0.115963 0.162886 0.173552 0.143454 0.104697 0.0652834 0.0312245 0.011512 0.00351438 0.000959144 0.000289692 0.00013178 7.94992e-05 4.36288e-05
 1.34217e-11 1.4568e-09 9.32351e-08 3.5184e-06 7.82888e-05 0.00102718 0.00794729 0.036271 0.0978188 0.157257 0.157264 0.116205 0.0912305 0.085732 0.0827478 0.0735594 0.0515728 0.0264764 0.0104195 0.00331742 0.000848381 0.000175901 3.45536e-05 9.48589e-06 3.81392e-06
 1.88401e-11 2.04492e-09 1.30874e-07 4.93879e-06 0.000109894 0.00144185 0.0111551 0.0509011 0.137135 0.219334 0.213929 0.1429 0.0884674 0.0602203 0.0364047 0.0187995 0.00984664 0.0053349 0.00261171 0.00102211 0.000301269 6.70796e-05 1.16143e-05 1.69228e-06 2.73569e-07
 1.68937e-11 1.83365e-09 1.17353e-07 4.42854e-06 9.85405e-05 0.0012929 0.0100031 0.0456545 0.123136 0.198038 0.198342 0.146482 0.109774 0.0837343 0.0495133 0.0217437 0.00819931 0.00282299 0.000841885 0.000233057 6.54047e-05 1.67121e-05 3.35773e-06 5.01096e-07 5.6996e-08
 1.90387e-11 2.06646e-09 1.32253e-07 4.99083e-06 0.000111052 0.00145704 0.0112726 0.0514374 0.138579 0.221635 0.216135 0.144267 0.0891496 0.0605117 0.0362106 0.0177406 0.00772788 0.00281586 0.000761008 0.000153355 2.57201e-05 4.04098e-06 6.35639e-07 9.44492e-08 1.14217e-08
 1.79889e-11 1.95252e-09 1.24961e-07 4.71564e-06 0.000104929 0.00137671 0.0106514 0.048608 0.131032 0.210178 0.20786 0.146542 0.101057 0.073072 0.0421986 0.0180167 0.0064919 0.00210742 0.000560616 0.00011682 1.94929e-05 2.57263e-06 2.65442e-07 2.30858e-08 1.90825e-09
 1.7496e-11 1.89903e-09 1.21537e-07 4.58644e-06 0.000102054 0.00133899 0.0103596 0.0472783 0.127471 0.204649 0.203267 0.145663 0.1037 0.077087 0.0460087 0.0210372 0.00832414 0.00282754 0.000724185 0.000135104 1.97366e-05 2.39553e-06 2.3755e-07 1.8597e-08 1.13679e-09
 1.64167e-11 1.78187e-09 1.1404e-07 4.3035e-06 9.57583e-05 0.00125639 0.00972079 0.0443677 0.119691 0.192702 0.193967 0.145827 0.112639 0.0878561 0.0531994 0.0244815 0.00976157 0.00335491 0.000877529 0.00016924 2.53642e-05 3.00795e-06 2.73287e-07 1.89238e-08 1.0269e-09
 1.70027e-11 1.84548e-09 1.1811e-07 4.45711e-06 9.91763e-05 0.00130124 0.0100676 0.0459478 0.123913 0.199173 0.198945 0.145543 0.107492 0.0818292 0.0494128 0.0229166 0.00922145 0.00315833 0.000805128 0.00014702 2.04752e-05 2.28653e-06 2.00533e-07 1.34206e-08 6.83056e-10
 1.90736e-11 2.07026e-09 1.32496e-07 5e-06 0.000111256 0.00145972 0.0112934 0.0515326 0.138844 0.222127 0.216933 0.145631 0.090945 0.0615348 0.0353692 0.015677 0.00597276 0.00196938 0.000492399 8.84475e-05 1.20153e-05 1.29105e-06 1.07095e-07 6.66661e-09 3.14373e-10
 1.96112e-11 2.1286e-09 1.3623e-07 5.14091e-06 0.000114391 0.00150085 0.0116115 0.0529827 0.142728 0.228147 0.221897 0.146464 0.0878803 0.0570666 0.0313406 0.0126221 0.00412007 0.00119088 0.000276035 4.66125e-05 5.87544e-06 5.85659e-07 4.58497e-08 2.71763e-09 1.21167e-10
 1.90612e-11 2.0689e-09 1.3241e-07 4.99673e-06 0.000111183 0.00145876 0.011286 0.0514999 0.138768 0.222097 0.217337 0.147039 0.0931846 0.0630512 0.0347954 0.0136836 0.00423635 0.00115185 0.000252082 3.91645e-05 4.29128e-06 3.57999e-07 2.39208e-08 1.25376e-09 5.03107e-11
 1.90218e-11 2.06463e-09 1.32136e-07 4.9864e-06 0.000110953 0.00145575 0.0112627 0.0513937 0.138483 0.221658 0.216986 0.147014 0.0934651 0.0634174 0.0350793 0.0138598 0.00432597 0.00118213 0.00025672 3.87156e-05 3.96498e-06 2.95123e-07 1.71127e-08 7.67637e-10 2.56792e-11
 1.96781e-11 2.13587e-09 1.36695e-07 5.15845e-06 0.000114782 0.00150597 0.0116512 0.0531632 0.143209 0.228882 0.222446 0.146378 0.0872129 0.0563309 0.0309433 0.0125292 0.00412317 0.00118953 0.000267807 4.18274e-05 4.53445e-06 3.66063e-07 2.27886e-08 1.04792e-09 3.4036e-11
 2.05186e-11 2.2271e-09 1.42534e-07 5.37879e-06 0.000119685 0.0015703 0.0121487 0.0554298 0.149269 0.238193 0.229722 0.146345 0.0803912 0.0480208 0.0252656 0.00968162 0.0028917 0.000756849 0.000161556 2.45836e-05 2.60536e-06 2.05116e-07 1.25623e-08 5.79628e-10 1.92667e-11
 2.07802e-11 2.25549e-09 1.44351e-07 5.44735e-06 0.00012121 0.00159031 0.0123035 0.0561352 0.151156 0.241101 0.23204 0.146482 0.0784917 0.0455793 0.0234276 0.00858075 0.00232549 0.000538455 0.000105345 1.50072e-05 1.44845e-06 9.85406e-08 5.12539e-09 2.08603e-10 6.38044e-12
 2.11825e-11 2.29916e-09 1.47146e-07 5.55282e-06 0.000123557 0.0016211 0.0125416 0.0572199 0.154053 0.245529 0.235385 0.146089 0.0746543 0.0412332 0.0208965 0.0077723 0.00220512 0.000542556 0.000110528 1.60601e-05 1.57431e-06 1.09193e-07 5.76874e-09 2.33219e-10 6.84387e-12
 2.11903e-11 2.30001e-09 1.472e-07 5.55487e-06 0.000123602 0.0016217 0.0125462 0.0572411 0.154111 0.245631 0.235528 0.146294 0.0749026 0.0413563 0.0207413 0.007443 0.00193816 0.00042415 7.9636e-05 1.11075e-05 1.0534e-06 6.97304e-08 3.47798e-09 1.33975e-10 3.80296e-12
 2.16699e-11 2.35206e-09 1.50532e-07 5.6806e-06 0.0001264 0.0016584 0.0128301 0.0585342 0.157565 0.250918 0.239554 0.14593 0.0704863 0.0362773 0.0176724 0.00632575 0.00166473 0.000370425 7.0186e-05 9.73895e-06 9.02022e-07 5.67816e-08 2.6322e-09 9.44998e-11 2.54496e-12
 2.22095e-11 2.41063e-09 1.5428e-07 5.82205e-06 0.000129547 0.00169969 0.0131494 0.0599892 0.161453 0.256874 0.244126 0.145637 0.0656942 0.0306762 0.0141609 0.00489676 0.0012127 0.000246095 4.33746e-05 5.81397e-06 5.27982e-07 3.24406e-08 1.45013e-09 4.98499e-11 1.28102e-12
 2.24966e-11 2.44179e-09 1.56274e-07 5.89729e-06 0.000131222 0.00172166 0.0133193 0.060763 0.16352 0.260038 0.246537 0.145425 0.0630603 0.0276423 0.012321 0.00421908 0.00104175 0.000211019 3.71935e-05 5.00552e-06 4.59792e-07 2.89454e-08 1.34327e-09 4.79493e-11 1.26488e-12
 2.27713e-11 2.47161e-09 1.58183e-07 5.96932e-06 0.000132824 0.00174268 0.0134819 0.0615039 0.1655 0.263071 0.248866 0.145275 0.0606195 0.0247897 0.0105331 0.003492 0.000812004 0.000147835 2.35268e-05 2.98609e-06 2.63062e-07 1.56128e-08 6.64077e-10 2.17026e-11 5.40581e-13
 2.30949e-11 2.50673e-09 1.60431e-07 6.05414e-06 0.000134712 0.00176745 0.0136735 0.0623764 0.167831 0.266641 0.251597 0.145069 0.0577012 0.0214022 0.008442 0.00267834 0.00057739 8.9536e-05 1.1655e-05 1.28892e-06 1.03769e-07 5.46828e-09 1.8798e-10 4.52067e-12 8.28773e-14
 2.33801e-11 2.53769e-09 1.62412e-07 6.12891e-06 0.000136375 0.00178927 0.0138423 0.0631453 0.169885 0.269783 0.253981 0.144827 0.0550366 0.0183572 0.00662959 0.00205129 0.000446431 7.19134e-05 9.89257e-06 1.13772e-06 9.32909e-08 4.97647e-09 1.74074e-10 4.29446e-12 8.02053e-14
 2.34243e-11 2.54248e-09 1.62719e-07 6.14049e-06 0.000136633 0.00179265 0.0138684 0.0632644 0.170203 0.270271 0.254359 0.144812 0.0546566 0.0179065 0.00633793 0.00192217 0.000399268 5.72617e-05 6.57801e-06 6.56778e-07 5.03647e-08 2.59043e-09 8.66445e-11 1.98645e-12 3.3899e-14
 2.35745e-11 2.55879e-09 1.63762e-07 6.17987e-06 0.000137509 0.00180415 0.0139573 0.0636695 0.171285 0.271927 0.255619 0.144694 0.0532678 0.016312 0.00537827 0.00157738 0.000318118 4.25812e-05 4.27139e-06 3.69323e-07 2.59703e-08 1.26035e-09 3.86508e-11 7.43969e-13 9.46084e-15
#obs surv len freq
 4.37773e-11 4.05713e-09 2.21705e-07 7.14364e-06 0.000135723 0.00152052 0.0100465 0.0391871 0.0907013 0.127951 0.12426 0.11565 0.124123 0.12144 0.0997631 0.0715403 0.0425251 0.0200757 0.00776625 0.00250874 0.000650647 0.000127795 1.80953e-05 1.77697e-06 1.17292e-07
 2.99594e-11 2.67794e-09 1.41142e-07 4.38631e-06 8.03785e-05 0.000868604 0.00553839 0.0208972 0.0473765 0.0694962 0.0851681 0.117852 0.156045 0.160896 0.135584 0.0990466 0.0591615 0.0276736 0.0103207 0.00310338 0.000736105 0.000132461 1.72801e-05 1.56435e-06 9.4862e-08
 1.29523e-11 1.11472e-09 5.65682e-08 1.69266e-06 2.98664e-05 0.000310833 0.00191087 0.00699219 0.0158318 0.0261245 0.0446166 0.0834826 0.132362 0.170982 0.186444 0.159721 0.100371 0.047085 0.0173298 0.00505652 0.00113468 0.000188561 2.24171e-05 1.84491e-06 1.0194e-07
 2.7115e-10 2.24323e-08 1.09427e-06 3.14747e-05 0.000533809 0.00533824 0.0314774 0.109445 0.224407 0.271501 0.19446 0.0842507 0.025983 0.0124059 0.012611 0.0119918 0.00849285 0.00453047 0.00183688 0.000556654 0.000123443 1.96171e-05 2.17954e-06 1.64917e-07 8.29752e-09
 1.6338e-10 1.29731e-08 6.07402e-07 1.67686e-05 0.00027297 0.00262046 0.0148432 0.0497573 0.100244 0.130678 0.141499 0.168483 0.180708 0.130499 0.0580179 0.016462 0.00387078 0.00127625 0.000525898 0.00017602 4.16784e-05 6.74865e-06 7.34024e-07 5.28194e-08 2.47854e-09
 4.44354e-10 3.38165e-08 1.51745e-06 4.01502e-05 0.000626398 0.00576245 0.0312605 0.100047 0.189338 0.214469 0.154533 0.0901131 0.0645393 0.0565278 0.0464282 0.0295897 0.0126764 0.00339855 0.000571346 6.77567e-05 7.65603e-06 9.47441e-07 9.83289e-08 6.97719e-09 3.17942e-10
 5.36941e-10 3.91103e-08 1.67974e-06 4.25385e-05 0.000635206 0.00559323 0.0290503 0.0891322 0.162826 0.184194 0.15171 0.127171 0.111825 0.0767769 0.0379815 0.0152977 0.00556726 0.00171974 0.00040207 6.56865e-05 7.17244e-06 5.26587e-07 2.81842e-08 1.23271e-09 4.40738e-11
 7.41012e-10 5.15942e-08 2.11819e-06 5.12761e-05 0.000731914 0.00616064 0.0305886 0.0897487 0.157041 0.171492 0.140149 0.120925 0.110789 0.0839931 0.0510127 0.0252208 0.00929419 0.00233995 0.000402618 5.11791e-05 5.17604e-06 4.05355e-07 2.24506e-08 8.25985e-10 1.99467e-11
 1.03324e-09 6.86859e-08 2.69229e-06 6.22251e-05 0.000848017 0.00681517 0.0323133 0.0906046 0.152091 0.162178 0.136611 0.125965 0.11681 0.086673 0.0515823 0.0252073 0.00932078 0.00241806 0.000436846 5.62334e-05 5.20859e-06 3.45109e-07 1.62911e-08 5.44443e-10 1.25734e-11
 1.2546e-09 7.95382e-08 2.97327e-06 6.55365e-05 0.000851795 0.00652916 0.0295394 0.0792115 0.128601 0.139257 0.13401 0.144045 0.138563 0.101174 0.0586151 0.0274144 0.00946593 0.00224272 0.000365446 4.28842e-05 3.73943e-06 2.38582e-07 1.07046e-08 3.26736e-10 6.65266e-12
 2.38647e-09 1.44137e-07 5.13313e-06 0.00010779 0.00133467 0.00974565 0.0419887 0.107047 0.163849 0.161324 0.129934 0.117284 0.106188 0.0794592 0.0486833 0.023265 0.00778492 0.0017183 0.000252356 2.59052e-05 1.94864e-06 1.0834e-07 4.34121e-09 1.21328e-10 2.29683e-12
 3.86468e-09 2.22155e-07 7.52986e-06 0.00015049 0.00177348 0.0123253 0.0505468 0.12272 0.179289 0.170078 0.134641 0.118058 0.0978619 0.0627786 0.0318274 0.0130259 0.00395922 0.000826389 0.000117287 1.16751e-05 8.34723e-07 4.25714e-08 1.51523e-09 3.69844e-11 6.11311e-13
 5.15917e-09 2.82e-07 9.08881e-06 0.000172725 0.00193558 0.0127926 0.0499163 0.115585 0.162963 0.156533 0.138312 0.133938 0.110963 0.0680166 0.0324226 0.012312 0.0034127 0.000632004 7.65e-05 6.26248e-06 3.67265e-07 1.59655e-08 5.06927e-10 1.12902e-11 1.7004e-13
 7.20446e-09 3.74137e-07 1.14564e-05 0.000206851 0.00220233 0.0138305 0.0512983 0.113147 0.15345 0.147054 0.137146 0.137787 0.115178 0.0729505 0.036742 0.0143294 0.00389551 0.000687005 7.77439e-05 5.8219e-06 3.0223e-07 1.12043e-08 2.95742e-10 5.45114e-12 6.89586e-14
 1.07501e-08 5.29989e-07 1.54067e-05 0.000264088 0.00266936 0.0159157 0.0560671 0.117654 0.153001 0.144427 0.136978 0.137211 0.112392 0.0704658 0.0352758 0.0134599 0.00353014 0.000600404 6.62173e-05 4.89796e-06 2.51849e-07 9.08499e-09 2.25807e-10 3.78072e-12 4.20713e-14
 1.72831e-08 8.08361e-07 2.22934e-05 0.000362529 0.00347643 0.0196651 0.0657349 0.130989 0.162278 0.147373 0.135571 0.130306 0.101584 0.0605601 0.0287465 0.0103393 0.0025429 0.00040382 4.14031e-05 2.83979e-06 1.35895e-07 4.61348e-09 1.09328e-10 1.75854e-12 1.87672e-14
 2.59011e-08 1.1486e-06 3.00336e-05 0.000463065 0.00421027 0.0225839 0.0716237 0.135762 0.161833 0.14646 0.137976 0.130859 0.0975864 0.0551905 0.0247644 0.00839304 0.00194276 0.00029053 2.80814e-05 1.81503e-06 8.15253e-08 2.57957e-09 5.66082e-11 8.41012e-13 8.30696e-15
 4.03118e-08 1.69405e-06 4.1977e-05 0.000613327 0.00528458 0.026864 0.0807585 0.145239 0.16492 0.143813 0.131921 0.122145 0.0907978 0.0527844 0.0243567 0.00826239 0.00188631 0.00028094 2.77449e-05 1.8749e-06 8.79481e-08 2.8264e-09 6.07855e-11 8.60546e-13 7.95743e-15
 5.55267e-08 2.21035e-06 5.18814e-05 0.000718065 0.00586112 0.0282339 0.0805499 0.13846 0.154845 0.143545 0.143503 0.132711 0.0928107 0.0495684 0.0209533 0.00657188 0.00139984 0.000195825 1.83097e-05 1.18607e-06 5.4223e-08 1.7269e-09 3.72584e-11 5.31306e-13 4.91921e-15
 8.0612e-08 3.03867e-06 6.75395e-05 0.000885194 0.00684231 0.0312199 0.0844503 0.138281 0.150072 0.140553 0.14297 0.131466 0.0925115 0.0507807 0.0217299 0.00663939 0.0013386 0.000174323 1.50072e-05 8.896e-07 3.72752e-08 1.09765e-09 2.21586e-11 2.99253e-13 2.65341e-15
 1.29614e-07 4.6255e-06 9.7332e-05 0.0012077 0.00883802 0.0381803 0.0978094 0.151839 0.156811 0.140606 0.136758 0.119994 0.0810714 0.0429211 0.017617 0.00512706 0.000984459 0.000122852 1.02107e-05 5.84712e-07 2.33968e-08 6.45966e-10 1.20365e-11 1.48814e-13 1.2068e-15
 1.903e-07 6.42843e-06 0.000128045 0.00150395 0.0104189 0.0426227 0.103553 0.153487 0.155165 0.142166 0.139561 0.118203 0.0757539 0.0378846 0.0146727 0.00403877 0.000738605 8.87868e-05 7.19734e-06 4.04667e-07 1.58466e-08 4.24121e-10 7.58094e-12 8.89976e-14 6.78183e-16
 2.69606e-07 8.62036e-06 0.000162523 0.00180687 0.0118494 0.0459072 0.10584 0.150216 0.150048 0.142164 0.141906 0.118511 0.0752588 0.0375161 0.0142659 0.0037894 0.000665901 7.74169e-05 6.12764e-06 3.37917e-07 1.29415e-08 3.36763e-10 5.82304e-12 6.58442e-14 4.80941e-16
 4.00999e-07 1.21358e-05 0.000216567 0.002279 0.0141479 0.0519076 0.113544 0.154125 0.151042 0.144284 0.141673 0.112916 0.0677133 0.0316764 0.0112186 0.00275177 0.000441657 4.62729e-05 3.26874e-06 1.61483e-07 5.64266e-09 1.36952e-10 2.24395e-12 2.42247e-14 1.69178e-16
 5.97947e-07 1.71295e-05 0.000289349 0.00288229 0.0169389 0.0588557 0.122133 0.158403 0.151508 0.143952 0.138027 0.10596 0.0613968 0.0277299 0.00937443 0.00217075 0.000326833 3.19637e-05 2.09139e-06 9.45488e-08 2.98365e-09 6.48149e-11 9.48954e-13 9.2055e-15 5.83779e-17
 7.43609e-07 2.0166e-05 0.000322478 0.00304125 0.0169275 0.0558002 0.110719 0.141788 0.145741 0.155725 0.154068 0.114603 0.0633158 0.0271156 0.00864145 0.0018792 0.0002654 2.43441e-05 1.49265e-06 6.30394e-08 1.84787e-09 3.7014e-11 4.9565e-13 4.36242e-15 2.4932e-17
 1.21562e-06 3.12116e-05 0.000472542 0.00421918 0.0222317 0.069349 0.129955 0.155864 0.146965 0.1436 0.135081 0.100132 0.0571391 0.025142 0.00792614 0.00165128 0.0002198 1.88589e-05 1.077e-06 4.22406e-08 1.1478e-09 2.12881e-11 2.63572e-13 2.14013e-15 1.125e-17
 1.45652e-06 3.54113e-05 0.000507672 0.0042929 0.0214369 0.0635666 0.114785 0.139642 0.148252 0.16355 0.154072 0.106056 0.0544975 0.0216223 0.00627841 0.00123243 0.000157759 1.32699e-05 7.52556e-07 2.92452e-08 7.73839e-10 1.36731e-11 1.58516e-13 1.1926e-15 5.77793e-18
#pred catch len freq
 6.01981e-12 6.53392e-10 4.1817e-08 1.57805e-06 3.5114e-05 0.00046074 0.00356587 0.016301 0.0443265 0.0742071 0.0881212 0.101985 0.125789 0.129094 0.106465 0.0821707 0.0620162 0.0447827 0.0322057 0.0238564 0.0186701 0.015739 0.0136237 0.0104792 0.00610411
 7.6374e-12 8.28967e-10 5.30538e-08 2.00209e-06 4.45495e-05 0.000584543 0.00452395 0.0206785 0.0562005 0.0938463 0.110345 0.12511 0.151378 0.151563 0.117701 0.0799258 0.0476206 0.0226421 0.00902618 0.00371093 0.00188455 0.00122187 0.000923277 0.000675126 0.000391713
 4.74258e-12 5.14762e-10 3.29447e-08 1.24324e-06 2.76643e-05 0.000363013 0.00281044 0.0128689 0.0352863 0.0614169 0.0835665 0.120506 0.167783 0.175881 0.140358 0.0979423 0.0591888 0.0277356 0.010016 0.00299456 0.000804208 0.000240202 0.000108676 6.54849e-05 3.59328e-05
 1.32924e-11 1.44276e-09 9.23364e-08 3.48449e-06 7.75342e-05 0.00101728 0.00787073 0.0359224 0.0968901 0.155855 0.156294 0.116627 0.0929368 0.0875257 0.0836315 0.0735776 0.0512283 0.0261137 0.0101834 0.00321394 0.000816908 0.000168681 3.30275e-05 9.04725e-06 3.63529e-06
 1.87485e-11 2.03497e-09 1.30238e-07 4.91477e-06 0.00010936 0.00143483 0.0111009 0.0506542 0.136478 0.218341 0.213241 0.143196 0.089669 0.0614748 0.0370054 0.0187935 0.00960998 0.00510513 0.00246749 0.000958511 0.000281274 6.24299e-05 1.07836e-05 1.56861e-06 2.53287e-07
 1.67005e-11 1.81268e-09 1.16011e-07 4.37791e-06 9.74139e-05 0.00127811 0.00988881 0.0451338 0.121745 0.195914 0.196745 0.146695 0.111656 0.0858509 0.0507279 0.0221064 0.00822683 0.00279764 0.000824953 0.000225362 6.2571e-05 1.59077e-05 3.18984e-06 4.75607e-07 5.40672e-08
 1.90666e-11 2.0695e-09 1.32447e-07 4.99816e-06 0.000111215 0.00145918 0.0112892 0.0515129 0.138784 0.221971 0.216502 0.144611 0.089448 0.0605804 0.0358671 0.0171527 0.00725623 0.00259352 0.000692342 0.00013761 2.26993e-05 3.5159e-06 5.48321e-07 8.11679e-08 9.80267e-09
 1.79456e-11 1.94782e-09 1.2466e-07 4.7043e-06 0.000104676 0.0013734 0.0106258 0.0484914 0.130723 0.209716 0.207569 0.146774 0.101758 0.0737308 0.0423895 0.0178357 0.00626753 0.00198902 0.00052108 0.00010709 1.76375e-05 2.30606e-06 2.365e-07 2.04743e-08 1.6868e-09
 1.7584e-11 1.90857e-09 1.22148e-07 4.6095e-06 0.000102567 0.00134572 0.0104117 0.0475158 0.128109 0.205654 0.204171 0.146054 0.103585 0.0766088 0.0452327 0.0201713 0.00770376 0.00254943 0.000643224 0.000118318 1.69913e-05 2.03095e-06 1.99439e-07 1.55268e-08 9.45983e-10
 1.67217e-11 1.81498e-09 1.16158e-07 4.38345e-06 9.75373e-05 0.00127973 0.00990132 0.0451906 0.121895 0.196127 0.196825 0.146414 0.111075 0.0854395 0.0508702 0.0225912 0.0085661 0.00283641 0.000726235 0.000137446 2.01837e-05 2.3544e-06 2.11716e-07 1.45642e-08 7.86633e-10
 1.73589e-11 1.88414e-09 1.20585e-07 4.55049e-06 0.000101254 0.0013285 0.0102785 0.0469088 0.126487 0.203166 0.20225 0.146138 0.105527 0.0789116 0.0467244 0.0208312 0.00793994 0.00261592 0.000653076 0.000117144 1.59709e-05 1.74904e-06 1.51445e-07 1.00588e-08 5.09461e-10
 1.93963e-11 2.10529e-09 1.34738e-07 5.08459e-06 0.000113138 0.00148441 0.0114844 0.052403 0.141174 0.225729 0.219856 0.145973 0.0888645 0.058696 0.0330257 0.014073 0.00505792 0.00159384 0.000388898 6.85351e-05 9.10802e-06 9.58974e-07 7.84854e-08 4.8463e-09 2.27279e-10
 1.99379e-11 2.16407e-09 1.385e-07 5.22656e-06 0.000116297 0.00152585 0.0118049 0.0538639 0.145084 0.231775 0.224768 0.146568 0.0854059 0.0539524 0.0290804 0.0113477 0.00349584 0.000953188 0.000213565 3.52923e-05 4.34831e-06 4.23617e-07 3.26261e-08 1.91517e-09 8.48629e-11
 1.95492e-11 2.12187e-09 1.358e-07 5.12465e-06 0.00011403 0.00149611 0.0115749 0.0528159 0.142286 0.227505 0.221575 0.147057 0.0892813 0.0582636 0.0314808 0.0119753 0.00347437 0.000879009 0.000184319 2.8e-05 3.0031e-06 2.44008e-07 1.59171e-08 8.21377e-10 3.26588e-11
 1.93144e-11 2.09639e-09 1.34169e-07 5.06312e-06 0.000112661 0.00147814 0.0114359 0.0521829 0.140594 0.224907 0.219555 0.147098 0.0912344 0.0606168 0.0330545 0.0127276 0.00377878 0.000978795 0.000206176 3.06273e-05 3.09284e-06 2.25782e-07 1.28226e-08 5.66619e-10 1.87845e-11
 1.99953e-11 2.1703e-09 1.38899e-07 5.2416e-06 0.000116632 0.00153025 0.0118389 0.0540186 0.145497 0.232405 0.225236 0.146486 0.084821 0.0533125 0.0287416 0.0112782 0.00350892 0.000958577 0.00020952 3.2205e-05 3.43376e-06 2.71419e-07 1.65746e-08 7.52886e-10 2.42799e-11
 2.09675e-11 2.27582e-09 1.45652e-07 5.49646e-06 0.000122303 0.00160465 0.0124143 0.0566402 0.152504 0.243161 0.23359 0.146278 0.0766724 0.0435341 0.0222581 0.00823438 0.00229632 0.000553982 0.000112403 1.66752e-05 1.72932e-06 1.32561e-07 7.91498e-09 3.59116e-10 1.18217e-11
 2.09547e-11 2.27443e-09 1.45563e-07 5.4931e-06 0.000122228 0.00160367 0.0124067 0.0566058 0.152414 0.243033 0.233543 0.146455 0.0770447 0.043834 0.0222582 0.00801874 0.002095 0.000460469 8.67719e-05 1.21401e-05 1.15723e-06 7.74634e-08 3.94985e-09 1.58133e-10 4.78792e-12
 2.14803e-11 2.33148e-09 1.49214e-07 5.63088e-06 0.000125294 0.00164389 0.0127178 0.0580228 0.156199 0.248823 0.237943 0.146021 0.0721527 0.0382342 0.0189119 0.00684502 0.00183851 0.000421365 8.18941e-05 1.16403e-05 1.12322e-06 7.63252e-08 3.93652e-09 1.56159e-10 4.53141e-12
 2.14181e-11 2.32472e-09 1.48782e-07 5.61457e-06 0.000124931 0.00163912 0.012681 0.0578552 0.155752 0.248148 0.237472 0.14621 0.0729405 0.0390312 0.0192394 0.00678115 0.00169779 0.000349455 6.24951e-05 8.5112e-06 7.95533e-07 5.17516e-08 2.5257e-09 9.54914e-11 2.67951e-12
 2.19116e-11 2.3783e-09 1.52211e-07 5.74396e-06 0.00012781 0.0016769 0.0129731 0.0591859 0.159307 0.253589 0.241615 0.145835 0.0683957 0.0338043 0.0160811 0.00563137 0.00141652 0.000294352 5.2911e-05 7.16221e-06 6.54254e-07 4.05195e-08 1.8366e-09 6.45097e-11 1.71224e-12
 2.22943e-11 2.41984e-09 1.54869e-07 5.84428e-06 0.000130042 0.00170618 0.0131996 0.0602178 0.162064 0.257812 0.24485 0.145607 0.0649655 0.0298116 0.0136009 0.00464836 0.00112161 0.00021763 3.68619e-05 4.84224e-06 4.35026e-07 2.64141e-08 1.16123e-09 3.92463e-11 9.96859e-13
 2.26082e-11 2.4539e-09 1.57049e-07 5.92655e-06 0.000131873 0.0017302 0.0133854 0.061064 0.164324 0.261271 0.247487 0.145374 0.0620839 0.0264932 0.0115897 0.00390901 0.000936048 0.000179854 3.02333e-05 3.97096e-06 3.59973e-07 2.23372e-08 1.01692e-09 3.56433e-11 9.29136e-13
 2.29762e-11 2.49385e-09 1.59606e-07 6.02303e-06 0.000134019 0.00175836 0.0136032 0.0620563 0.166976 0.265331 0.250593 0.14514 0.0587651 0.0226406 0.00921119 0.00298317 0.00066883 0.00011334 1.6649e-05 2.0166e-06 1.73831e-07 1.01365e-08 4.2104e-10 1.34025e-11 3.27379e-13
 2.31641e-11 2.51424e-09 1.60911e-07 6.07228e-06 0.000135115 0.00177274 0.0137144 0.062563 0.168329 0.267404 0.252179 0.14502 0.0570692 0.0206728 0.0079974 0.00251197 0.000533661 7.99582e-05 9.87519e-06 1.049e-06 8.292e-08 4.33065e-09 1.47423e-10 3.49006e-12 6.27471e-14
 2.3462e-11 2.54657e-09 1.6298e-07 6.15036e-06 0.000136853 0.00179553 0.0138907 0.063366 0.170474 0.270685 0.25467 0.144769 0.0542886 0.017494 0.00610384 0.00185497 0.000395102 6.0759e-05 7.83114e-06 8.60241e-07 6.91315e-08 3.64982e-09 1.26145e-10 3.05444e-12 5.58283e-14
 2.35503e-11 2.55616e-09 1.63594e-07 6.17352e-06 0.000137368 0.00180229 0.013943 0.0636042 0.171111 0.27166 0.255415 0.144711 0.0534894 0.0165676 0.00553376 0.00163522 0.000333092 4.57886e-05 4.8592e-06 4.48751e-07 3.30327e-08 1.66941e-09 5.50863e-11 1.23806e-12 2.058e-14
 2.36574e-11 2.56778e-09 1.64338e-07 6.20158e-06 0.000137992 0.00181049 0.0140063 0.0638928 0.171882 0.272839 0.256312 0.144626 0.0524977 0.0154301 0.0048507 0.00139168 0.000277064 3.61243e-05 3.41878e-06 2.74507e-07 1.84162e-08 8.77016e-10 2.66784e-11 5.09426e-13 6.38646e-15
#obs catch len freq
 4.71763e-11 4.37214e-09 2.38919e-07 7.6983e-06 0.000146261 0.00163858 0.0108263 0.0422243 0.0976758 0.137389 0.131735 0.11873 0.122965 0.11568 0.090136 0.0624999 0.0378899 0.019034 0.00788239 0.0026646 0.000709306 0.00014247 2.06998e-05 2.09048e-06 1.41777e-07
 6.02125e-11 5.38213e-09 2.83667e-07 8.81558e-06 0.000161541 0.00174552 0.0111241 0.0418586 0.0935523 0.128027 0.122839 0.116283 0.125565 0.121349 0.0985327 0.0696545 0.0405542 0.0187381 0.00709601 0.00223207 0.000558842 0.000105072 1.4137e-05 1.31078e-06 8.1256e-08
 4.21401e-11 3.62672e-09 1.84043e-07 5.50699e-06 9.71646e-05 0.001011 0.00620747 0.0225652 0.0494122 0.0707943 0.0870698 0.121419 0.15827 0.160102 0.133179 0.0957323 0.0558897 0.0255151 0.00927966 0.00270947 0.000619803 0.000106727 1.32218e-05 1.12928e-06 6.42717e-08
 1.8872e-11 1.56128e-09 7.61611e-08 2.19068e-06 3.7157e-05 0.000371752 0.00219746 0.00774023 0.0169607 0.0275898 0.0473465 0.087713 0.136483 0.173766 0.186018 0.15505 0.0945932 0.0431853 0.0154662 0.00436915 0.000942751 0.000149621 1.68767e-05 1.30989e-06 6.79095e-08
 3.90265e-10 3.09888e-08 1.4509e-06 4.00548e-05 0.000652019 0.00625825 0.0354189 0.118199 0.232619 0.270148 0.185819 0.0775751 0.023664 0.0119621 0.0122721 0.0113572 0.00780912 0.00404308 0.00158537 0.000462371 9.81794e-05 1.48576e-05 1.56311e-06 1.11414e-07 5.25663e-09
 2.43688e-10 1.85453e-08 8.32186e-07 2.20189e-05 0.000343535 0.00316079 0.017161 0.0551609 0.106763 0.1348 0.14408 0.169493 0.175907 0.121783 0.0519007 0.0142593 0.00337233 0.0011424 0.000462062 0.000148312 3.34331e-05 5.12996e-06 5.26526e-07 3.56131e-08 1.56512e-09
 6.59409e-10 4.80308e-08 2.06287e-06 5.22408e-05 0.000780077 0.00686848 0.0356632 0.109251 0.197957 0.214988 0.149491 0.0858812 0.0616743 0.0536325 0.0431244 0.0265076 0.0108503 0.00277227 0.00044603 5.14672e-05 5.76413e-06 6.93306e-07 6.81647e-08 4.53781e-09 1.93258e-10
 8.09102e-10 5.63351e-08 2.31282e-06 5.59877e-05 0.000799166 0.00672667 0.033398 0.0979753 0.171287 0.186239 0.149542 0.123827 0.106062 0.0702818 0.0338032 0.0133965 0.00478974 0.00143607 0.000322599 5.03036e-05 5.22719e-06 3.65788e-07 1.87367e-08 7.82503e-10 2.64067e-11
 1.13062e-09 7.51596e-08 2.94604e-06 6.80897e-05 0.000927936 0.00745727 0.0353531 0.0990607 0.165706 0.173805 0.138448 0.117844 0.105324 0.0776721 0.0461002 0.0221439 0.00784255 0.00188989 0.000312322 3.83437e-05 3.73871e-06 2.79566e-07 1.4659e-08 5.08423e-10 1.1552e-11
 1.60366e-09 1.01668e-07 3.80052e-06 8.37705e-05 0.00108877 0.00834482 0.0377355 0.100936 0.161808 0.165552 0.135518 0.122155 0.10977 0.0790953 0.0459926 0.021838 0.00776756 0.00193081 0.000334321 4.12319e-05 3.64987e-06 2.30416e-07 1.03315e-08 3.26606e-10 7.09997e-12
 1.9903e-09 1.20209e-07 4.281e-06 8.98966e-05 0.00111313 0.00812875 0.0350392 0.089551 0.138779 0.144299 0.13479 0.140404 0.130148 0.092134 0.0520555 0.0235807 0.00780702 0.00176785 0.000275888 3.10669e-05 2.59351e-06 1.5754e-07 6.69354e-09 1.92687e-10 3.68851e-12
 3.7696e-09 2.1669e-07 7.34461e-06 0.000146787 0.00172984 0.0120219 0.0492991 0.11965 0.174503 0.164323 0.127746 0.11175 0.0978577 0.0712242 0.0424614 0.0195321 0.00623431 0.00130988 0.000183578 1.80391e-05 1.29877e-06 6.88395e-08 2.61601e-09 6.90078e-11 1.228e-12
 6.11857e-09 3.34441e-07 1.0779e-05 0.000204844 0.00229546 0.0151696 0.0591585 0.136604 0.18996 0.172034 0.130839 0.110309 0.0877538 0.0544044 0.0268357 0.0106229 0.00309101 0.000615084 8.3305e-05 7.92305e-06 5.40321e-07 2.61828e-08 8.82031e-10 2.03097e-11 3.15684e-13
 8.28902e-09 4.3046e-07 1.3181e-05 0.00023799 0.00253382 0.0159108 0.0589877 0.129811 0.17411 0.159624 0.135216 0.125268 0.0992895 0.0587096 0.0271764 0.00995821 0.00263432 0.000463203 5.32742e-05 4.15856e-06 2.33084e-07 9.66277e-09 2.91005e-10 6.11454e-12 8.65236e-14
 1.17212e-08 5.77866e-07 1.67985e-05 0.000287944 0.00291045 0.0173519 0.0611041 0.127987 0.164977 0.150643 0.134159 0.128591 0.102992 0.0631031 0.0308109 0.0115313 0.00297865 0.000497382 5.33476e-05 3.79739e-06 1.87724e-07 6.61848e-09 1.65553e-10 2.8811e-12 3.42991e-14
 1.76619e-08 8.2608e-07 2.27821e-05 0.000370475 0.0035526 0.0200954 0.0671622 0.133726 0.165045 0.147878 0.133005 0.126583 0.0993261 0.0602589 0.0291874 0.0106587 0.00265238 0.000427037 4.4654e-05 3.13915e-06 1.53445e-07 5.24772e-09 1.23193e-10 1.9422e-12 2.0303e-14
 2.83489e-08 1.25715e-06 3.28719e-05 0.000506824 0.00460801 0.0247142 0.0783288 0.147994 0.173809 0.149428 0.129817 0.118232 0.0881968 0.0508287 0.023312 0.00801335 0.00186764 0.000280423 2.72311e-05 1.77405e-06 8.07139e-08 2.59893e-09 5.81745e-11 8.80563e-13 8.81749e-15
 4.22299e-08 1.77466e-06 4.39743e-05 0.000642509 0.00553598 0.0281409 0.0845807 0.151968 0.171802 0.147548 0.131805 0.118709 0.0847304 0.0463012 0.0200566 0.00649108 0.00142286 0.000201068 1.83948e-05 1.12832e-06 4.81289e-08 1.4427e-09 2.98793e-11 4.17538e-13 3.86884e-15
 6.61241e-08 2.6322e-06 6.17828e-05 0.000855093 0.00697906 0.0336064 0.0956966 0.162998 0.175113 0.143907 0.124004 0.10868 0.0774459 0.0435256 0.0193263 0.0062409 0.00134847 0.000190026 1.77921e-05 1.1409e-06 5.06827e-08 1.53696e-09 3.10919e-11 4.1311e-13 3.57862e-15
 9.21071e-08 3.47197e-06 7.71702e-05 0.00101141 0.00781746 0.0356594 0.0963284 0.156707 0.165443 0.14375 0.134349 0.11735 0.0785118 0.0404774 0.0164627 0.00491665 0.000991211 0.000131205 1.16351e-05 7.15747e-07 3.10127e-08 9.32354e-10 1.89149e-11 2.52855e-13 2.18937e-15
 1.34849e-07 4.81232e-06 0.000101263 0.00125648 0.00919471 0.0397166 0.101687 0.157434 0.160791 0.140162 0.13264 0.115251 0.0777619 0.0411757 0.016878 0.00489064 0.000930939 0.000114521 9.33876e-06 5.25377e-07 2.08665e-08 5.80294e-10 1.10199e-11 1.3955e-13 1.15715e-15
 2.1467e-07 7.25165e-06 0.000144442 0.00169651 0.0117518 0.0480538 0.116494 0.17092 0.165902 0.138076 0.124672 0.103325 0.0669385 0.0341545 0.013409 0.00369789 0.000670338 7.90406e-05 6.22174e-06 3.37701e-07 1.27814e-08 3.326e-10 5.82244e-12 6.74598e-14 5.11527e-16
 3.14214e-07 1.00466e-05 0.000189413 0.00210576 0.0138078 0.0534615 0.122892 0.172062 0.163188 0.13846 0.126247 0.101062 0.0620877 0.029905 0.0110734 0.0028885 0.000498982 5.6718e-05 4.35596e-06 2.31997e-07 8.58144e-09 2.16146e-10 3.62471e-12 3.9827e-14 2.83454e-16
 4.54218e-07 1.37465e-05 0.000245307 0.00258137 0.0160226 0.0587442 0.128066 0.171216 0.158843 0.136894 0.125638 0.0990096 0.0602681 0.0288726 0.0104657 0.00263051 0.000436595 4.80155e-05 3.6008e-06 1.87959e-07 6.79142e-09 1.66128e-10 2.69238e-12 2.8467e-14 1.94019e-16
 6.74677e-07 1.93275e-05 0.000326476 0.00325201 0.0191087 0.0663444 0.13718 0.175106 0.158503 0.136812 0.123306 0.0926935 0.0532256 0.0238912 0.00805342 0.00186651 0.000282502 2.79587e-05 1.87037e-06 8.75454e-08 2.89066e-09 6.60239e-11 1.01423e-12 1.02349e-14 6.66553e-17
 1.00529e-06 2.72626e-05 0.00043595 0.00411092 0.022869 0.075193 0.147431 0.179429 0.157468 0.13411 0.117739 0.0852412 0.0472696 0.0204482 0.00656716 0.00143525 0.000203627 1.87942e-05 1.16298e-06 4.97349e-08 1.48116e-09 3.02617e-11 4.15421e-13 3.76878e-15 2.23e-17
 1.28344e-06 3.29529e-05 0.000498904 0.00445452 0.0234706 0.0731971 0.137021 0.163593 0.152008 0.144772 0.131797 0.0926461 0.048962 0.0200552 0.00606498 0.00124408 0.000165513 1.43228e-05 8.3006e-07 3.3133e-08 9.15678e-10 1.72339e-11 2.16196e-13 1.77838e-15 9.4793e-18
 2.06194e-06 5.01298e-05 0.000718651 0.00607566 0.030309 0.0894573 0.158165 0.17683 0.150365 0.129998 0.112073 0.0785656 0.0428674 0.0179733 0.00535691 0.00105059 0.000131602 1.06456e-05 5.74266e-07 2.12752e-08 5.44776e-10 9.48944e-12 1.1002e-13 8.34533e-16 4.08978e-18
#spawning biomass
 56855.9 55648.2 49772.2 88598.2 236955 408374 599686 853965 998801 1.14108e+06 950996 1.0694e+06 1.29553e+06 1.26065e+06 1.36188e+06 1.46112e+06 1.08163e+06 1.59741e+06 1.57115e+06 1.73209e+06 1.61673e+06 1.9335e+06 2.00524e+06 1.6814e+06 2.05956e+06 2.18731e+06 1.81601e+06 1.94845e+06 1.93776e+06 4187.69 4187.69 4187.69 4187.69 4187.69 4187.69 4187.69 4187.69 4187.69 4187.69 4187.69 4187.69 4187.69 4187.69 4187.69 4187.69 4187.69 4187.69 4187.69 4187.69 4187.69 4187.69 4187.69 4187.69 4187.69 4187.69 4187.69 4187.69 4187.69 4187.69 4187.69 4187.69 4187.69 4187.69 4187.69 4187.69 4187.69 4187.69 4187.69 4187.69 4187.69 4187.69 4187.69 4187.69 4187.69 4187.69 4187.69 4187.69 4187.69 4187.69 4187.69 4187.69 4187.69 4187.69 4187.69 4187.69 4187.69 4187.69 4187.69 4187.69 4187.69 4187.69 4187.69 4187.69 4187.69 4187.69 4187.69 4187.69 4187.69 4187.69 4187.69 4187.69 4187.69 4187.69 4187.69 4187.69 4187.69 4187.69 4187.69 4187.69 4187.69 4187.69 4187.69 4187.69 4187.69 4187.69 4187.69 4187.69 4187.69 4187.69 4187.69 4187.69 4187.69 4187.69 4187.69 4187.69 4187.69 4187.69 4187.69 0 0 0 0 0 0 0 0 0 0 0 0 0 0 0 0 0 0 0 0 0 0 0 0 0
