SBPRF35
0.178135
Curr Bio
153998
B35
192885
F35
0.897658
FOFL
0.796115
OFL
51577.6
Bzero
50895.7
#pred survey bio
 4099.7 5002.68 9060.16 16308.7 29392.3 35155.7 30168.6 36107.2 59423.6 89921 105691 122058 173943 204611 188743 151668 150445 150234 146741 142461 154338 152577 180148 217233 191237 179342 191248 181361 6.98093e+06 4.00776e+06 2.41062e+06 1.33363e+06 856888 656579 567303 523345 499581 485886 477711 472751 469722 467868 466728 466024 465602 465349 465196 465105 465049 465016 464996 464984 464976 464972 464969 464968 464967 464966 464966 464965 464965 464965 464965 464965 464965 464965 464965 464965 464965 464965 464965 464965 464965 464965 464965 464965 464965 464965 464965 464965 464965 464965 464965 464965 464965 464965 464965 464965 464965 464965 464965 464965 464965 464965 464965 464965 464965 464965 464965 464965 464965 464965 464965 464965 464965 464965 464965 464965 464965 464965 464965 464965 464965 464965 464965 464965 464965 464965 464965 464965 464965 464965 464965 464965 464965 464965 464965 464965 0 0 0 0 0 0 0 0 0 0 0 0 0 0 0 0 0 0 0 0 0 0 0 0 0
#obs survey bio
 3472.16 3459.87 6132.69 15339.5 30109.9 23822.8 20356.9 28533.3 54886.6 100321 103715 125583 184651 165001 150956 101094 136749 120512 78642.1 111285 156481 124627 121305 240017 142998 87407.1 163214 126810
#pred catch bio
 1688.74 1803.65 3112.23 5723.05 12133.9 17883.5 15543.6 16329.5 24087.7 43311.9 55544.2 54841.3 86828.8 111354 112850 85511 84966.4 85575.5 87647 82503.5 95172.8 84788.6 94320.6 136902 120925 103194 118590 96298.8 51577.6 73647.8 44119.6 20276.2 11016.6 8008.04 7106.39 6849.65 6779.13 6760.26 6755.3 6754.02 6753.69 6753.61 6753.59 6753.58 6753.58 6753.58 6753.58 6753.58 6753.58 6753.58 6753.58 6753.58 6753.58 6753.58 6753.58 6753.58 6753.58 6753.58 6753.58 6753.58 6753.58 6753.58 6753.58 6753.58 6753.58 6753.58 6753.58 6753.58 6753.58 6753.58 6753.58 6753.58 6753.58 6753.58 6753.58 6753.58 6753.58 6753.58 6753.58 6753.58 6753.58 6753.58 6753.58 6753.58 6753.58 6753.58 6753.58 6753.58 6753.58 6753.58 6753.58 6753.58 6753.58 6753.58 6753.58 6753.58 6753.58 6753.58 6753.58 6753.58 6753.58 6753.58 6753.58 6753.58 6753.58 6753.58 6753.58 6753.58 6753.58 6753.58 6753.58 6753.58 6753.58 6753.58 6753.58 6753.58 6753.58 6753.58 6753.58 6753.58 6753.58 6753.58 6753.58 6753.58 6753.58 6753.58 6753.58 6753.58 0 0 0 0 0 0 0 0 0 0 0 0 0 0 0 0 0 0 0 0 0 0 0 0 0
#obs catch bio
 2051.62 1892.96 3079.25 5236.27 10954 18063.1 17314.7 16224.6 22185.7 38247.9 52619.6 49925.7 74958.1 106448 106735 82779.1 86100.7 80667.3 84523.1 77089.6 94052.1 76907.8 84825.5 115234 102813 100703 103710 91150.8
#pred cpue bio
 2768.39 2695.37 4357.82 8065.52 14412.8 20021 17966.8 17774.5 27581.8 45759.5 55697.7 61132.4 86534.7 105693 103618 81574.4 76864.6 76913.5 75339 70349.8 74592.8 73059.7 86529.9 107718 94450.3 85574.3 93938.3 87879.3 3.5847e+06 3.14747e+06 2.20923e+06 1.19075e+06 717037 516878 427610 383653 359888 346193 338019 333058 330029 328175 327035 326331 325910 325656 325504 325412 325357 325323 325303 325291 325284 325279 325277 325275 325274 325273 325273 325273 325273 325273 325273 325273 325273 325273 325272 325272 325272 325272 325272 325272 325272 325272 325272 325272 325272 325272 325272 325272 325272 325272 325272 325272 325272 325272 325272 325272 325272 325272 325272 325272 325272 325272 325272 325272 325272 325272 325272 325272 325272 325272 325272 325272 325272 325272 325272 325272 325272 325272 325272 325272 325272 325272 325272 325272 325272 325272 325272 325272 325272 325272 325272 325272 325272 325272 325272 325272 0 0 0 0 0 0 0 0 0 0 0 0 0 0 0 0 0 0 0 0 0 0 0 0 0
#obs cpue bio
 2025.44 2763.91 7848.6 19053.9 19431.5 16251.2 18662.2 29246.4 46811.1 75308.2 58428.4 97621.6 158843 113646 175125 125234 78094 138918 151579 121670 77465.4 144375 187337 236258 218172 141108 258051 135892
#pred surv len freq
 1.5421e-11 1.6738e-09 1.07123e-07 4.0425e-06 8.99506e-05 0.00118019 0.00913106 0.0416728 0.112375 0.180556 0.180023 0.130986 0.0967087 0.0767393 0.0536387 0.034674 0.0231248 0.0157917 0.0111544 0.00831153 0.00664168 0.00575425 0.00510489 0.00399163 0.00234702
 1.78482e-11 1.93725e-09 1.23983e-07 4.67875e-06 0.000104108 0.00136593 0.0105679 0.0482245 0.129963 0.208179 0.204548 0.140732 0.0930264 0.0672154 0.0427347 0.0235591 0.0127423 0.00682064 0.00369698 0.00217216 0.00142494 0.00105533 0.000848073 0.000638764 0.000376162
 1.88236e-11 2.04313e-09 1.3076e-07 4.93446e-06 0.000109798 0.00144058 0.0111453 0.0508571 0.137023 0.219207 0.214054 0.143656 0.0898499 0.0615662 0.03701 0.018433 0.00864943 0.00389282 0.00164741 0.00070085 0.000326366 0.000179878 0.000118313 8.06658e-05 4.58828e-05
 1.80525e-11 1.95943e-09 1.25403e-07 4.73233e-06 0.0001053 0.00138158 0.010689 0.0487784 0.131474 0.21074 0.207734 0.144668 0.0976422 0.0703536 0.0421638 0.0200547 0.00870317 0.00354373 0.00129123 0.000436156 0.000144782 5.15853e-05 2.259e-05 1.20765e-05 6.20155e-06
 1.83529e-11 1.99204e-09 1.2749e-07 4.81107e-06 0.000107052 0.00140456 0.0108668 0.0495879 0.133632 0.214005 0.210038 0.143844 0.0939805 0.0666246 0.0406079 0.0203092 0.00930487 0.00381707 0.00131938 0.000398306 0.00010933 2.80613e-05 7.42033e-06 2.38918e-06 9.20821e-07
 1.48885e-11 1.616e-09 1.03424e-07 3.9029e-06 8.68446e-05 0.00113945 0.00881629 0.0402465 0.108669 0.175738 0.180567 0.1454 0.124225 0.10215 0.0630838 0.0297639 0.0126425 0.00501897 0.001745 0.000527079 0.000137638 3.07956e-05 6.07767e-06 1.15681e-06 2.49587e-07
 1.45239e-11 1.57643e-09 1.00892e-07 3.80733e-06 8.47181e-05 0.00111155 0.00860039 0.0392605 0.106002 0.171386 0.175924 0.141323 0.120963 0.101687 0.0674221 0.0368761 0.0182638 0.00762346 0.00253291 0.000710888 0.000177299 3.84849e-05 7.03069e-06 1.07356e-06 1.44224e-07
 1.86737e-11 2.02685e-09 1.29718e-07 4.89515e-06 0.000108923 0.00142911 0.0110565 0.0504516 0.135928 0.217432 0.212216 0.142178 0.0888255 0.0616395 0.0388602 0.0213072 0.0109444 0.00496112 0.00187452 0.00059075 0.000152344 3.18608e-05 5.50792e-06 7.87687e-07 9.13148e-08
 1.88743e-11 2.04862e-09 1.31112e-07 4.94774e-06 0.000110093 0.00144446 0.0111754 0.050995 0.137406 0.219913 0.215181 0.145557 0.0923881 0.0632024 0.0363065 0.0160639 0.00638125 0.00251167 0.000931973 0.000311375 8.90882e-05 2.07123e-05 3.78706e-06 5.36863e-07 5.90032e-08
 1.72891e-11 1.87657e-09 1.201e-07 4.5322e-06 0.000100847 0.00132316 0.0102372 0.0467203 0.125979 0.202353 0.201457 0.145617 0.105267 0.0789544 0.0471822 0.0215874 0.00869591 0.00317802 0.000984305 0.000268922 6.95144e-05 1.64348e-05 3.25945e-06 5.05238e-07 5.8659e-08
 1.67601e-11 1.81915e-09 1.16425e-07 4.39353e-06 9.77614e-05 0.00128267 0.00992402 0.0452932 0.122158 0.196434 0.196597 0.144863 0.108376 0.0833817 0.051047 0.024445 0.0104612 0.00398335 0.00124192 0.000321212 7.18205e-05 1.40918e-05 2.46463e-06 3.74781e-07 4.5846e-08
 1.7745e-11 1.92605e-09 1.23267e-07 4.65171e-06 0.000103506 0.00135804 0.010507 0.0479492 0.129258 0.207348 0.20514 0.144873 0.100457 0.0736972 0.044382 0.021048 0.00895776 0.00343967 0.001101 0.000294677 6.67709e-05 1.25343e-05 1.94037e-06 2.51207e-07 2.72663e-08
 1.78869e-11 1.94145e-09 1.24253e-07 4.68892e-06 0.000104334 0.0013689 0.010591 0.0483319 0.130281 0.208914 0.20634 0.144789 0.0991835 0.072204 0.0434339 0.0206556 0.0088459 0.00343339 0.00112022 0.000308868 7.26211e-05 1.41345e-05 2.22142e-06 2.77258e-07 2.71966e-08
 1.69553e-11 1.84034e-09 1.17781e-07 4.44471e-06 9.89002e-05 0.00129761 0.0100396 0.0458204 0.123575 0.198674 0.198652 0.145859 0.108317 0.0824487 0.0492663 0.0223372 0.00892044 0.00328695 0.00104014 0.000281643 6.612e-05 1.30904e-05 2.11866e-06 2.72229e-07 2.69449e-08
 1.56543e-11 1.69913e-09 1.08744e-07 4.10366e-06 9.13117e-05 0.00119806 0.00926959 0.042312 0.114194 0.184254 0.187352 0.145807 0.118721 0.0952212 0.0581284 0.0269177 0.0109546 0.00399471 0.00119962 0.000299981 6.56428e-05 1.24756e-05 1.99234e-06 2.58164e-07 2.61133e-08
 1.62434e-11 1.76306e-09 1.12836e-07 4.25807e-06 9.47474e-05 0.00124313 0.0096182 0.0439 0.118435 0.190736 0.192244 0.145216 0.11308 0.0888404 0.0544238 0.0257527 0.0108031 0.0040194 0.00121357 0.000299533 6.28089e-05 1.11199e-05 1.64559e-06 2.01865e-07 1.99263e-08
 1.73362e-11 1.88168e-09 1.20427e-07 4.54455e-06 0.000101122 0.00132676 0.010265 0.0468469 0.126313 0.202831 0.201655 0.145037 0.104003 0.0778993 0.0471015 0.0222437 0.0093718 0.00353989 0.00110215 0.000283443 6.13103e-05 1.09017e-05 1.56777e-06 1.81527e-07 1.67331e-08
 1.70244e-11 1.84783e-09 1.18261e-07 4.46281e-06 9.9303e-05 0.0013029 0.0100805 0.0460069 0.124077 0.199473 0.199415 0.146312 0.108459 0.0822568 0.0486656 0.0215155 0.00824853 0.00291576 0.000882369 0.000225535 4.94375e-05 9.04691e-06 1.33944e-06 1.56715e-07 1.41745e-08
 1.70093e-11 1.8462e-09 1.18157e-07 4.45886e-06 9.92152e-05 0.00130175 0.0100716 0.0459661 0.123966 0.199289 0.199198 0.146078 0.108232 0.0822101 0.0489512 0.0219717 0.00855659 0.00299255 0.000859432 0.000202376 4.12963e-05 7.30224e-06 1.07987e-06 1.28731e-07 1.19147e-08
 1.76693e-11 1.91784e-09 1.22741e-07 4.63188e-06 0.000103065 0.00135225 0.0104622 0.0477461 0.128727 0.206621 0.205014 0.146335 0.103309 0.0759815 0.0443944 0.0193578 0.00723714 0.00245863 0.000696777 0.000161376 3.16031e-05 5.21158e-06 7.14094e-07 8.07683e-08 7.34155e-09
 1.79952e-11 1.95321e-09 1.25005e-07 4.7173e-06 0.000104966 0.00137719 0.0106551 0.048625 0.131078 0.210245 0.207904 0.146512 0.100957 0.072966 0.0421416 0.0180123 0.00651962 0.00214549 0.00059055 0.000132383 2.51442e-05 4.03668e-06 5.32809e-07 5.68521e-08 4.82672e-09
 1.79915e-11 1.9528e-09 1.24979e-07 4.71633e-06 0.000104944 0.00137691 0.0106529 0.0486155 0.131058 0.21026 0.208138 0.147245 0.102105 0.0737461 0.0418585 0.016995 0.005608 0.00168634 0.000434085 9.10353e-05 1.61355e-05 2.44274e-06 3.07722e-07 3.15493e-08 2.56776e-09
 1.81086e-11 1.96552e-09 1.25793e-07 4.74702e-06 0.000105627 0.00138587 0.0107222 0.0489308 0.131894 0.211495 0.208855 0.146426 0.0999187 0.0717897 0.0414645 0.0177908 0.00645051 0.00208806 0.000545395 0.000110821 1.85533e-05 2.63224e-06 3.10267e-07 2.98669e-08 2.30323e-09
 1.76056e-11 1.91092e-09 1.22299e-07 4.61517e-06 0.000102693 0.00134738 0.0104245 0.0475742 0.128267 0.205911 0.204442 0.14628 0.103741 0.0765627 0.0448674 0.0196714 0.00740282 0.00251237 0.000700315 0.000155854 2.83818e-05 4.15904e-06 4.7933e-07 4.36879e-08 3.15504e-09
 1.74346e-11 1.89235e-09 1.2111e-07 4.57033e-06 0.000101696 0.00133429 0.0103233 0.0471138 0.127044 0.204103 0.203374 0.147424 0.106861 0.0793943 0.0455201 0.018631 0.00623122 0.0019065 0.000501215 0.000108117 1.96807e-05 3.00106e-06 3.6805e-07 3.51551e-08 2.55242e-09
 1.8092e-11 1.96371e-09 1.25677e-07 4.74267e-06 0.00010553 0.0013846 0.0107124 0.0488864 0.13178 0.211357 0.208927 0.147018 0.100954 0.0725451 0.0413105 0.0170002 0.00573573 0.00174009 0.000436314 8.57518e-05 1.39688e-05 1.96478e-06 2.33369e-07 2.25653e-08 1.70717e-09
 1.7623e-11 1.91281e-09 1.2242e-07 4.61974e-06 0.000102795 0.00134871 0.0104348 0.0476217 0.128399 0.206156 0.20484 0.146961 0.104642 0.0770941 0.0444886 0.0186769 0.00652092 0.00205009 0.000530275 0.000107502 1.77443e-05 2.41131e-06 2.64481e-07 2.3439e-08 1.67675e-09
 1.78228e-11 1.93449e-09 1.23807e-07 4.6721e-06 0.00010396 0.001364 0.0105531 0.0481604 0.12984 0.208381 0.206626 0.147111 0.103262 0.0752777 0.0430689 0.0177744 0.00603049 0.00185133 0.000474984 9.66843e-05 1.61755e-05 2.24053e-06 2.48869e-07 2.17351e-08 1.47518e-09
#obs surv len freq
 1.28371e-11 1.39335e-09 8.91742e-08 3.36516e-06 7.48793e-05 0.000982469 0.00760207 0.0347116 0.0938237 0.152444 0.159621 0.135608 0.124804 0.111946 0.0821348 0.0510349 0.027468 0.0120844 0.00421295 0.00115599 0.000243801 3.82023e-05 4.30655e-06 3.38842e-07 1.80951e-08
 1.83707e-11 1.99396e-09 1.27613e-07 4.81574e-06 0.000107156 0.00140593 0.0108774 0.049637 0.133762 0.214121 0.209381 0.140615 0.0878454 0.0622576 0.0424743 0.0256883 0.0134883 0.00576417 0.00194099 0.000510776 0.000102538 1.51782e-05 1.6046e-06 1.17649e-07 5.82521e-09
 1.56028e-11 1.69354e-09 1.08386e-07 4.09016e-06 9.10116e-05 0.00119413 0.00923971 0.0421845 0.113945 0.184409 0.1892 0.149253 0.120478 0.0936176 0.0557597 0.025393 0.0100824 0.00366093 0.00113998 0.000284807 5.43242e-05 7.59897e-06 7.54458e-07 5.16552e-08 2.37669e-09
 1.8053e-11 1.95948e-09 1.25407e-07 4.73246e-06 0.000105303 0.00138163 0.0106897 0.0487881 0.13156 0.211183 0.208813 0.145256 0.0956998 0.0677632 0.0427351 0.0223142 0.00957242 0.00316871 0.000785507 0.000152123 2.39136e-05 2.96007e-06 2.6997e-07 1.71664e-08 7.3375e-10
 1.66378e-11 1.80587e-09 1.15576e-07 4.36147e-06 9.70486e-05 0.00127334 0.00985261 0.0449816 0.121468 0.196215 0.199154 0.15053 0.112346 0.0824408 0.0480704 0.0217529 0.00830634 0.00267786 0.000680343 0.000129743 1.81276e-05 1.83903e-06 1.35647e-07 7.2225e-09 2.69944e-10
 7.22902e-12 7.84642e-10 5.02171e-08 1.89506e-06 4.21692e-05 0.000553387 0.00428535 0.0196369 0.0539172 0.093533 0.122073 0.156089 0.188331 0.170214 0.108808 0.0531873 0.0210446 0.00649089 0.00149538 0.000258414 3.36952e-05 3.22925e-06 2.18695e-07 1.01708e-08 3.19908e-10
 1.59707e-11 1.73346e-09 1.10942e-07 4.18659e-06 9.31573e-05 0.00122228 0.00945716 0.0431678 0.116454 0.187184 0.185815 0.131039 0.0921062 0.0794846 0.0690777 0.0488458 0.0248433 0.00868266 0.00210854 0.000364979 4.53545e-05 4.00038e-06 2.46673e-07 1.04704e-08 3.00164e-10
 1.8022e-11 1.95612e-09 1.25192e-07 4.72435e-06 0.000105123 0.00137929 0.0106725 0.0487232 0.131527 0.211945 0.212099 0.151183 0.0998072 0.0657949 0.0368107 0.0175513 0.00795584 0.00321583 0.000986128 0.000208053 2.91346e-05 2.68865e-06 1.63849e-07 6.59824e-09 1.74834e-10
 1.59482e-11 1.73103e-09 1.10786e-07 4.18073e-06 9.30277e-05 0.00122063 0.00944607 0.0431493 0.116763 0.190037 0.197481 0.156712 0.120597 0.0862482 0.0480076 0.0204839 0.00711748 0.00204554 0.000484767 9.3908e-05 1.39254e-05 1.44163e-06 9.78257e-08 4.22468e-09 1.14836e-10
 1.46769e-11 1.59304e-09 1.01955e-07 3.84747e-06 8.56126e-05 0.00112337 0.00869428 0.0397315 0.107689 0.17635 0.187159 0.156351 0.128234 0.0966255 0.0576436 0.0269634 0.00993929 0.00275583 0.000556904 8.32787e-05 9.47073e-06 8.17202e-07 5.13495e-08 2.21709e-09 6.25207e-11
 1.42317e-11 1.54472e-09 9.88621e-08 3.73077e-06 8.30164e-05 0.00108932 0.00843142 0.0385407 0.104561 0.171778 0.183992 0.156377 0.130151 0.0992291 0.0607032 0.0295658 0.0113912 0.00329841 0.000690152 0.000102782 1.07753e-05 7.86971e-07 3.98716e-08 1.39805e-09 3.35528e-11
 1.67608e-11 1.81923e-09 1.16431e-07 4.39375e-06 9.77681e-05 0.00128285 0.00992788 0.0453524 0.122704 0.199271 0.20431 0.154123 0.109094 0.0756614 0.044939 0.0217706 0.00839891 0.00245235 0.000522158 7.94427e-05 8.44578e-06 6.11904e-07 2.9605e-08 9.43631e-10 1.9644e-11
 1.52985e-11 1.66051e-09 1.06273e-07 4.01043e-06 8.924e-05 0.00117101 0.00906441 0.0414428 0.112486 0.18484 0.197015 0.162708 0.126455 0.0876917 0.0475555 0.0201785 0.00694717 0.00189592 0.000390537 5.84792e-05 6.16513e-06 4.4402e-07 2.13036e-08 6.67601e-10 1.34527e-11
 1.29259e-11 1.40298e-09 8.97912e-08 3.38849e-06 7.54025e-05 0.00098953 0.0076623 0.0350783 0.0956732 0.159939 0.179779 0.165916 0.144849 0.108058 0.0621324 0.0275567 0.00940269 0.00238167 0.000438435 5.8666e-05 5.66114e-06 3.83423e-07 1.76213e-08 5.33831e-10 1.04298e-11
 1.2262e-11 1.33092e-09 8.51793e-08 3.21446e-06 7.15309e-05 0.000938763 0.00727026 0.0332995 0.0909573 0.152711 0.173441 0.162857 0.14551 0.113234 0.0699459 0.0336587 0.0122214 0.003204 0.000592618 7.67074e-05 6.88304e-06 4.2253e-07 1.75017e-08 4.82123e-10 8.68841e-12
 1.36743e-11 1.48422e-09 9.49901e-08 3.5847e-06 7.97692e-05 0.00104685 0.00810635 0.0371082 0.101118 0.168144 0.184813 0.161302 0.13313 0.0995155 0.0610496 0.0297586 0.0111152 0.00303627 0.000587216 7.8587e-05 7.12357e-06 4.29283e-07 1.69603e-08 4.34733e-10 7.16515e-12
 1.35584e-11 1.47164e-09 9.41857e-08 3.55436e-06 7.90957e-05 0.00103809 0.00804026 0.0368326 0.100598 0.168405 0.188077 0.167562 0.137677 0.0983299 0.0560748 0.0253655 0.00899039 0.00239632 0.000461892 6.23716e-05 5.72826e-06 3.48591e-07 1.37721e-08 3.47902e-10 5.55544e-12
 1.39705e-11 1.51637e-09 9.70483e-08 3.6624e-06 8.15007e-05 0.00106968 0.0082854 0.0379592 0.103673 0.173339 0.192259 0.167909 0.134361 0.0943622 0.0531413 0.0233676 0.00784373 0.00194651 0.000349369 4.45236e-05 3.92638e-06 2.32617e-07 9.01747e-09 2.24053e-10 3.51295e-12
 1.41875e-11 1.53993e-09 9.85561e-08 3.71932e-06 8.27689e-05 0.00108638 0.00841601 0.0385732 0.105457 0.176684 0.196359 0.17058 0.133613 0.0907545 0.0491342 0.0207141 0.00666207 0.00157744 0.000267248 3.17523e-05 2.59317e-06 1.42503e-07 5.16201e-09 1.20962e-10 1.80341e-12
 1.42036e-11 1.54168e-09 9.86682e-08 3.72358e-06 8.28656e-05 0.00108772 0.00842808 0.0386497 0.105816 0.177858 0.198691 0.172923 0.134043 0.0891427 0.0468929 0.019018 0.0058256 0.0013048 0.000208164 2.31941e-05 1.76766e-06 9.01434e-08 3.01592e-09 6.51215e-11 8.95168e-13
 1.44027e-11 1.56329e-09 1.00052e-07 3.77582e-06 8.40299e-05 0.00110307 0.0085484 0.0392169 0.10746 0.180851 0.20197 0.174316 0.132502 0.0860719 0.0441545 0.01735 0.00510063 0.00108637 0.000163433 1.70482e-05 1.20991e-06 5.72512e-08 1.77254e-09 3.53337e-11 4.47396e-13
 1.47822e-11 1.60448e-09 1.02688e-07 3.87535e-06 8.62466e-05 0.00113223 0.00877542 0.0402682 0.110376 0.185678 0.206351 0.175102 0.129272 0.0814671 0.0406089 0.0154611 0.00438192 0.000894863 0.000128232 1.26421e-05 8.41425e-07 3.70971e-08 1.0649e-09 1.96139e-11 2.28936e-13
 1.45481e-11 1.57907e-09 1.01063e-07 3.81407e-06 8.4887e-05 0.00111453 0.00864151 0.0396944 0.109092 0.184685 0.207744 0.178575 0.13157 0.0810412 0.0389224 0.0141591 0.00381994 0.000741462 0.000100773 9.39014e-06 5.88199e-07 2.42965e-08 6.50538e-10 1.11298e-11 1.20243e-13
 1.45356e-11 1.57772e-09 1.00977e-07 3.8109e-06 8.48201e-05 0.00111378 0.0086382 0.0397072 0.109301 0.185593 0.209526 0.180009 0.131381 0.0797133 0.0375381 0.0132528 0.00342253 0.00062855 8.02235e-05 6.99215e-06 4.08937e-07 1.57547e-08 3.92965e-10 6.25318e-12 6.2719e-14
 1.44526e-11 1.56872e-09 1.00402e-07 3.78926e-06 8.43435e-05 0.00110769 0.0085942 0.0395414 0.109074 0.185986 0.211235 0.181936 0.13168 0.0784964 0.0361378 0.0124087 0.00309711 0.000545812 6.62921e-05 5.44861e-06 2.98091e-07 1.0681e-08 2.46939e-10 3.63604e-12 3.37205e-14
 1.31924e-11 1.43194e-09 9.1649e-08 3.45913e-06 7.7007e-05 0.00101176 0.00785893 0.036269 0.100845 0.175301 0.207057 0.188332 0.141968 0.08552 0.0389431 0.0130584 0.00315455 0.000534535 6.20701e-05 4.84905e-06 2.5061e-07 8.43139e-09 1.82003e-10 2.49027e-12 2.13806e-14
 1.338e-11 1.45231e-09 9.29542e-08 3.50847e-06 7.81093e-05 0.00102636 0.00797385 0.0368093 0.102346 0.177596 0.208309 0.186948 0.13948 0.084196 0.0386449 0.0129502 0.00307443 0.000503983 5.59831e-05 4.15233e-06 2.02676e-07 6.41364e-09 1.29768e-10 1.65886e-12 1.32653e-14
 1.35025e-11 1.46562e-09 9.38073e-08 3.54081e-06 7.88371e-05 0.00103615 0.00805401 0.037219 0.103692 0.180435 0.211809 0.188482 0.137563 0.0806502 0.0359764 0.0117695 0.00273952 0.000440469 4.77385e-05 3.4224e-06 1.59771e-07 4.79161e-09 9.12488e-11 1.09256e-12 8.15568e-15
#pred catch len freq
 1.01165e-11 1.09805e-09 7.02752e-08 2.65197e-06 5.90099e-05 0.000774255 0.00599111 0.0273601 0.0740205 0.120881 0.129746 0.119011 0.120092 0.111981 0.0842415 0.058154 0.0406467 0.0283549 0.0202033 0.0151039 0.012082 0.0104704 0.00928937 0.00726363 0.00427092
 1.31734e-11 1.42984e-09 9.15099e-08 3.4533e-06 7.68404e-05 0.00100819 0.00780088 0.0356149 0.0962163 0.156025 0.162319 0.136009 0.123154 0.106997 0.0732987 0.0429879 0.0245025 0.0134768 0.00739346 0.00436683 0.00286975 0.00212634 0.0017089 0.00128715 0.000757994
 1.4608e-11 1.58556e-09 1.01475e-07 3.82937e-06 8.52084e-05 0.00111798 0.00865016 0.0394876 0.106614 0.172364 0.176868 0.141892 0.121009 0.100796 0.0652837 0.0344223 0.0170592 0.00792273 0.00340079 0.00145685 0.000680446 0.000375386 0.00024696 0.000168383 9.57767e-05
 1.36019e-11 1.47636e-09 9.44866e-08 3.56563e-06 7.934e-05 0.00104099 0.00805474 0.0367758 0.0993779 0.161357 0.168816 0.143755 0.13204 0.11297 0.0721125 0.0361268 0.0165675 0.00697992 0.00258317 0.000879516 0.000293121 0.000104607 4.58324e-05 2.45045e-05 1.25838e-05
 1.43598e-11 1.55862e-09 9.97517e-08 3.76432e-06 8.3761e-05 0.00109899 0.0085033 0.0388188 0.10483 0.169657 0.174922 0.142478 0.124019 0.104355 0.0678109 0.0356026 0.0170708 0.0071849 0.00251264 0.000763496 0.000210337 5.40774e-05 1.43095e-05 4.60838e-06 1.77621e-06
 1.06456e-11 1.15548e-09 7.39504e-08 2.79066e-06 6.20962e-05 0.00081476 0.006305 0.0288042 0.078074 0.12868 0.14356 0.144793 0.157427 0.143087 0.0916149 0.0448177 0.0198546 0.0080975 0.00284951 0.000865758 0.000226757 5.08061e-05 1.00331e-05 1.9102e-06 4.12174e-07
 1.01799e-11 1.10493e-09 7.07156e-08 2.66859e-06 5.93799e-05 0.00077912 0.00602919 0.027544 0.0746549 0.12302 0.137149 0.138262 0.15125 0.141184 0.0977714 0.0558105 0.0286791 0.0121978 0.00408819 0.00115382 0.000288784 6.27895e-05 1.14787e-05 1.75324e-06 2.3556e-07
 1.5e-11 1.62811e-09 1.04199e-07 3.93213e-06 8.7495e-05 0.00114798 0.00888212 0.0405432 0.109419 0.176536 0.179454 0.139662 0.11451 0.0949439 0.0641563 0.0369227 0.019703 0.00910447 0.00346998 0.00109871 0.000284049 5.9479e-05 1.02888e-05 1.47184e-06 1.70649e-07
 1.51386e-11 1.64315e-09 1.05161e-07 3.96846e-06 8.83032e-05 0.00115859 0.00896431 0.0409211 0.110476 0.178541 0.182885 0.145809 0.122813 0.100007 0.0610243 0.0281453 0.0117435 0.00478653 0.00180396 0.000606694 0.000174083 4.05219e-05 7.41294e-06 1.05113e-06 1.15536e-07
 1.3414e-11 1.45596e-09 9.31813e-08 3.51637e-06 7.8244e-05 0.00102661 0.00794357 0.0362703 0.0980407 0.159417 0.167861 0.145624 0.13647 0.117003 0.0731854 0.0347058 0.0145602 0.00546653 0.00171427 0.000471503 0.000122356 2.8977e-05 5.75035e-06 8.91531e-07 1.03516e-07
 1.30023e-11 1.41127e-09 9.03213e-08 3.40845e-06 7.58425e-05 0.000995106 0.00769985 0.0351592 0.0950604 0.154757 0.163828 0.144348 0.137836 0.119747 0.0764798 0.0379037 0.0168158 0.00654506 0.00206068 0.000535805 0.000120192 2.36227e-05 4.1347e-06 6.28931e-07 7.69438e-08
 1.37872e-11 1.49647e-09 9.57737e-08 3.6142e-06 8.04207e-05 0.00105517 0.00816442 0.0372758 0.100719 0.163455 0.170637 0.144355 0.131518 0.112002 0.0711155 0.0351505 0.0156235 0.00616181 0.00199614 0.000537658 0.000122276 2.29959e-05 3.56293e-06 4.61455e-07 5.00958e-08
 1.43093e-11 1.55314e-09 9.94009e-08 3.75108e-06 8.34664e-05 0.00109513 0.00847347 0.0386839 0.104484 0.169242 0.175168 0.144365 0.127326 0.106863 0.0675588 0.0333209 0.0148154 0.00588427 0.00193975 0.000537697 0.000126804 2.47162e-05 3.88702e-06 4.85287e-07 4.76091e-08
 1.34187e-11 1.45647e-09 9.3214e-08 3.51761e-06 7.82714e-05 0.00102697 0.00794637 0.0362833 0.0980786 0.159501 0.168054 0.146041 0.137057 0.117334 0.0728906 0.0340386 0.0140678 0.00530621 0.00169707 0.000461934 0.000108756 2.15608e-05 3.49164e-06 4.48761e-07 4.44227e-08
 1.21917e-11 1.32329e-09 8.46905e-08 3.19596e-06 7.11144e-05 0.000933076 0.00722013 0.0329743 0.0892301 0.145887 0.157327 0.1458 0.146584 0.12922 0.0813985 0.0386896 0.016221 0.00603144 0.00182719 0.000459016 0.000100727 1.91709e-05 3.06346e-06 3.97058e-07 4.01666e-08
 1.26389e-11 1.37183e-09 8.77971e-08 3.31319e-06 7.3723e-05 0.000967299 0.0074848 0.0341797 0.0924461 0.150775 0.160886 0.144922 0.141647 0.123942 0.0787692 0.0384121 0.0166464 0.00632028 0.00192556 0.000477565 0.000100444 1.78117e-05 2.63785e-06 3.23694e-07 3.19568e-08
 1.40456e-11 1.52451e-09 9.75686e-08 3.68194e-06 8.19279e-05 0.00107494 0.00831736 0.0379729 0.102587 0.166354 0.173047 0.144825 0.130166 0.109985 0.06927 0.0336922 0.0146394 0.00563659 0.00176999 0.000457216 9.91581e-05 1.76552e-05 2.54059e-06 2.94254e-07 2.71281e-08
 1.37105e-11 1.48815e-09 9.52413e-08 3.59411e-06 7.99737e-05 0.00104931 0.00811912 0.0370708 0.10019 0.162792 0.170857 0.146793 0.135864 0.115275 0.0707046 0.0320751 0.012684 0.00458482 0.0014018 0.000360085 7.91488e-05 1.45037e-05 2.14864e-06 2.51461e-07 2.27469e-08
 1.38969e-11 1.50838e-09 9.65358e-08 3.64296e-06 8.10607e-05 0.00106357 0.00822942 0.0375731 0.10153 0.164829 0.172342 0.146435 0.133834 0.11315 0.069738 0.0320641 0.0128361 0.00457544 0.00132541 0.000313477 6.41445e-05 1.13591e-05 1.6809e-06 2.00434e-07 1.85532e-08
 1.46388e-11 1.5889e-09 1.0169e-07 3.83745e-06 8.53882e-05 0.00112034 0.00866855 0.0395742 0.106884 0.173089 0.178958 0.146939 0.128628 0.106364 0.0645202 0.0288193 0.011085 0.00384522 0.00110031 0.000256033 5.02819e-05 8.30457e-06 1.13872e-06 1.28838e-07 1.17126e-08
 1.53683e-11 1.66808e-09 1.06757e-07 4.02867e-06 8.96432e-05 0.00117617 0.00910031 0.0415415 0.112145 0.181193 0.185386 0.147225 0.123194 0.0994976 0.0595134 0.0259525 0.00961707 0.00322248 0.000894569 0.000201348 3.83365e-05 6.16284e-06 8.13952e-07 8.68752e-08 7.37662e-09
 1.49342e-11 1.62097e-09 1.03742e-07 3.91489e-06 8.71113e-05 0.00114295 0.00884343 0.0403718 0.109028 0.176478 0.182073 0.148466 0.128582 0.105022 0.0619147 0.0256896 0.00872414 0.00269179 0.000702045 0.000148118 2.63459e-05 3.99649e-06 5.03934e-07 5.16879e-08 4.20761e-09
 1.48434e-11 1.61111e-09 1.03111e-07 3.89108e-06 8.65815e-05 0.001136 0.00878964 0.040126 0.108361 0.175375 0.180824 0.147197 0.127386 0.104668 0.0631425 0.0278556 0.0104427 0.00346633 0.000915995 0.000187178 3.14575e-05 4.47392e-06 5.27995e-07 5.0854e-08 3.92267e-09
 1.49462e-11 1.62227e-09 1.03825e-07 3.91803e-06 8.71812e-05 0.00114387 0.00885048 0.040403 0.109099 0.176485 0.181579 0.146817 0.125971 0.103237 0.0625357 0.0279739 0.0107711 0.0037165 0.00104384 0.000233152 4.25531e-05 6.24355e-06 7.20021e-07 6.56465e-08 4.74164e-09
 1.47673e-11 1.60285e-09 1.02582e-07 3.87114e-06 8.61379e-05 0.00113018 0.00874467 0.0399218 0.107825 0.17463 0.180631 0.148477 0.12994 0.106664 0.0630173 0.026229 0.00896583 0.00279649 0.000742365 0.000160843 2.9352e-05 4.48199e-06 5.50025e-07 5.25521e-08 3.81606e-09
 1.52078e-11 1.65066e-09 1.05642e-07 3.98661e-06 8.87073e-05 0.00116389 0.00900537 0.0411094 0.110997 0.179481 0.184307 0.148084 0.125802 0.101972 0.060286 0.0253398 0.008781 0.00272519 0.00069101 0.000136511 2.23115e-05 3.14489e-06 3.73931e-07 3.61731e-08 2.73719e-09
 1.49085e-11 1.61817e-09 1.03563e-07 3.90815e-06 8.69613e-05 0.00114098 0.0088282 0.0403021 0.108836 0.176146 0.181624 0.147844 0.127844 0.104667 0.0623967 0.0266942 0.00953928 0.00305587 0.000797568 0.000162365 2.68702e-05 3.65735e-06 4.01483e-07 3.5595e-08 2.54686e-09
 1.45234e-11 1.57638e-09 1.00888e-07 3.8072e-06 8.47152e-05 0.00111151 0.0086003 0.0392639 0.106064 0.171911 0.178437 0.148262 0.13158 0.108866 0.0647973 0.0274054 0.00960238 0.00302956 0.000787806 0.000161363 2.71007e-05 3.76259e-06 4.18418e-07 3.6563e-08 2.48224e-09
#obs catch len freq
 1.08594e-11 1.17868e-09 7.54355e-08 2.84671e-06 6.33432e-05 0.00083112 0.00643145 0.0293773 0.0795502 0.130394 0.141753 0.133456 0.137299 0.12913 0.0964113 0.060665 0.033002 0.0146622 0.00517025 0.00143847 0.000308302 4.91794e-05 5.64864e-06 4.52759e-07 2.461e-08
 1.11444e-11 1.20962e-09 7.74153e-08 2.92142e-06 6.50057e-05 0.000852937 0.00660036 0.0301503 0.0816539 0.133862 0.14532 0.135558 0.137032 0.126945 0.0936431 0.0580364 0.0308872 0.0133463 0.00454643 0.00121141 0.000246429 3.70014e-05 3.97195e-06 2.95891e-07 1.48868e-08
 1.71957e-11 1.86643e-09 1.19451e-07 4.50773e-06 0.000100303 0.00131602 0.0101821 0.046471 0.125316 0.20123 0.19948 0.140647 0.0964425 0.0727414 0.0504096 0.0304236 0.0157745 0.0066109 0.00217179 0.000554095 0.00010712 1.51717e-05 1.52533e-06 1.05774e-07 4.9299e-09
 1.43811e-11 1.56093e-09 9.98992e-08 3.76989e-06 8.38855e-05 0.00110065 0.00851694 0.0388964 0.105206 0.171283 0.179927 0.15136 0.131492 0.104823 0.0623866 0.0282643 0.0111247 0.00397167 0.00120623 0.000291773 5.35125e-05 7.15182e-06 6.74411e-07 4.36242e-08 1.88771e-09
 1.71622e-11 1.86279e-09 1.19218e-07 4.49893e-06 0.000100107 0.00131347 0.0101627 0.0463906 0.125186 0.201588 0.201909 0.146387 0.103222 0.0758776 0.0480716 0.0248982 0.0104958 0.00339306 0.000819256 0.000153939 2.33051e-05 2.75516e-06 2.38376e-07 1.43035e-08 5.74444e-10
 1.57643e-11 1.71107e-09 1.09508e-07 4.1325e-06 9.19541e-05 0.00120652 0.00933604 0.0426336 0.115247 0.186973 0.19293 0.152585 0.120415 0.0901633 0.0524247 0.0235193 0.00884951 0.00278776 0.00068748 0.000126556 1.69832e-05 1.64655e-06 1.15382e-07 5.7988e-09 2.03443e-10
 6.55249e-12 7.11212e-10 4.55176e-08 1.71772e-06 3.82236e-05 0.000501642 0.00388572 0.0178263 0.0491768 0.0867966 0.118464 0.159351 0.195239 0.175411 0.11102 0.0535897 0.0207908 0.00624632 0.00139605 0.000232935 2.91386e-05 2.66252e-06 1.71052e-07 7.51303e-09 2.22192e-10
 1.53215e-11 1.66301e-09 1.06432e-07 4.01644e-06 8.93713e-05 0.00117262 0.00907323 0.0414217 0.111813 0.18017 0.180549 0.13113 0.0968157 0.0857585 0.0741829 0.0513813 0.025418 0.00861583 0.00202358 0.00033726 4.01391e-05 3.37348e-06 1.97235e-07 7.90008e-09 2.12818e-10
 1.75596e-11 1.90593e-09 1.2198e-07 4.60314e-06 0.000102427 0.00134393 0.0103993 0.0474842 0.128271 0.207238 0.209292 0.152845 0.10413 0.0693781 0.0386567 0.0183097 0.00817328 0.00320722 0.000945759 0.000190923 2.54957e-05 2.23635e-06 1.2906e-07 4.90247e-09 1.22069e-10
 1.55042e-11 1.68284e-09 1.07702e-07 4.06435e-06 9.04384e-05 0.00118668 0.00918398 0.0419636 0.113672 0.185698 0.195279 0.158982 0.125061 0.0894183 0.0492161 0.0206836 0.00703978 0.00197115 0.000452734 8.42542e-05 1.18908e-05 1.16467e-06 7.45302e-08 3.02819e-09 7.72688e-11
 1.4304e-11 1.55256e-09 9.9364e-08 3.74972e-06 8.3438e-05 0.00109486 0.00847437 0.0387391 0.105122 0.172844 0.18565 0.158645 0.132106 0.0991605 0.0584266 0.0268369 0.00963866 0.00258869 0.000504947 7.25814e-05 7.8844e-06 6.4498e-07 3.81659e-08 1.54479e-09 4.07317e-11
 1.39416e-11 1.51323e-09 9.68468e-08 3.65473e-06 8.13249e-05 0.00106715 0.00826061 0.0377728 0.102599 0.169213 0.183219 0.158639 0.133335 0.101014 0.0609768 0.0291285 0.0109192 0.00305705 0.000615514 8.77714e-05 8.76723e-06 6.07247e-07 2.90344e-08 9.55656e-10 2.14232e-11
 1.65707e-11 1.79859e-09 1.1511e-07 4.34391e-06 9.66596e-05 0.00126832 0.0098161 0.0448515 0.121438 0.197678 0.204007 0.155831 0.111239 0.0767111 0.0449371 0.0213302 0.00799919 0.00225618 0.000461597 6.71083e-05 6.78166e-06 4.64964e-07 2.12068e-08 6.34947e-10 1.23733e-11
 1.51549e-11 1.64492e-09 1.05275e-07 3.97279e-06 8.84031e-05 0.00116006 0.00898051 0.0410723 0.111594 0.183935 0.197511 0.164799 0.128141 0.08778 0.0468239 0.0194725 0.00652361 0.0017196 0.000340021 4.85849e-05 4.86084e-06 3.30695e-07 1.49299e-08 4.38825e-10 8.27128e-12
 1.28309e-11 1.39267e-09 8.91312e-08 3.3636e-06 7.48496e-05 0.000982317 0.00760753 0.0348438 0.0951692 0.159725 0.181032 0.168381 0.146322 0.107574 0.0607299 0.0263017 0.00870049 0.00212496 0.000375497 4.79618e-05 4.39035e-06 2.80529e-07 1.21114e-08 3.43548e-10 6.2684e-12
 1.22231e-11 1.32671e-09 8.49095e-08 3.2043e-06 7.13057e-05 0.000935854 0.00724887 0.0332177 0.0908641 0.153126 0.175165 0.165346 0.146772 0.112515 0.0681653 0.031952 0.0112194 0.00282936 0.000501078 6.17894e-05 5.25552e-06 3.0438e-07 1.18433e-08 3.05262e-10 5.13073e-12
 1.36856e-11 1.48544e-09 9.50687e-08 3.58768e-06 7.98366e-05 0.00104778 0.0081146 0.0371606 0.101373 0.16903 0.186718 0.163439 0.133855 0.0984883 0.0592216 0.0281049 0.0101434 0.00266112 0.0004916 6.25166e-05 5.36027e-06 3.04349e-07 1.12894e-08 2.70805e-10 4.16455e-12
 1.36077e-11 1.47699e-09 9.45278e-08 3.56729e-06 7.93848e-05 0.00104193 0.00807132 0.0369912 0.101151 0.169792 0.190412 0.169636 0.137788 0.0966283 0.0539673 0.0237742 0.00814344 0.00208346 0.000383115 4.90718e-05 4.25406e-06 2.43406e-07 9.01288e-09 2.1282e-10 3.16943e-12
 1.40613e-11 1.52622e-09 9.76792e-08 3.68623e-06 8.20324e-05 0.00107671 0.00834117 0.0382308 0.104526 0.175165 0.194851 0.169823 0.134082 0.0922991 0.0507935 0.0216998 0.00702847 0.00167324 0.000286442 3.46052e-05 2.87705e-06 1.5999e-07 5.802e-09 1.34511e-10 1.96383e-12
 1.43107e-11 1.5533e-09 9.9412e-08 3.75165e-06 8.349e-05 0.00109591 0.00849121 0.0389346 0.106555 0.178884 0.199187 0.172321 0.132872 0.0883112 0.0466644 0.0190935 0.00591777 0.00134209 0.000216569 2.43718e-05 1.87553e-06 9.66831e-08 3.27311e-09 7.14685e-11 9.90608e-13
 1.43571e-11 1.55834e-09 9.97351e-08 3.76388e-06 8.37643e-05 0.00109959 0.00852155 0.0390958 0.107146 0.180416 0.201754 0.174532 0.132914 0.0863513 0.0442668 0.0173995 0.00513012 0.00109938 0.000166882 1.7594e-05 1.26233e-06 6.0347e-08 1.88608e-09 3.79324e-11 4.84496e-13
 1.45766e-11 1.58216e-09 1.0126e-07 3.82146e-06 8.50478e-05 0.00111651 0.00865419 0.0397203 0.108946 0.183639 0.205149 0.175774 0.131087 0.0830755 0.0414716 0.0157709 0.00445692 0.000907183 0.000129719 1.27922e-05 8.54059e-07 3.78602e-08 1.09439e-09 2.03106e-11 2.38882e-13
 1.49776e-11 1.62569e-09 1.04046e-07 3.92665e-06 8.7391e-05 0.00114734 0.00889422 0.0408315 0.11202 0.188683 0.209595 0.176347 0.127551 0.0783047 0.0379283 0.0139572 0.00379788 0.00074029 0.000100711 9.37711e-06 5.86677e-07 2.4218e-08 6.48778e-10 1.11212e-11 1.2054e-13
 1.47666e-11 1.60279e-09 1.02581e-07 3.87143e-06 8.61666e-05 0.00113143 0.00877448 0.0403248 0.110927 0.187992 0.211183 0.179672 0.129466 0.0775844 0.0361683 0.0127043 0.00328742 0.000608395 7.84155e-05 6.89388e-06 4.05575e-07 1.56747e-08 3.9146e-10 6.23082e-12 6.24941e-14
 1.47703e-11 1.60319e-09 1.02608e-07 3.87251e-06 8.61951e-05 0.00113195 0.00878121 0.040385 0.111266 0.189095 0.213066 0.180991 0.129056 0.0760878 0.034726 0.0118203 0.00292448 0.000511632 6.18803e-05 5.0848e-06 2.7909e-07 1.00527e-08 2.33723e-10 3.45825e-12 3.21882e-14
 1.47012e-11 1.5957e-09 1.0213e-07 3.85456e-06 8.5801e-05 0.00112696 0.00874603 0.0402616 0.111159 0.189672 0.214867 0.182793 0.129126 0.0747219 0.0333002 0.0110107 0.00262962 0.000440941 5.06972e-05 3.92546e-06 2.01441e-07 6.7456e-09 1.45311e-10 1.98867e-12 1.71072e-14
 1.34652e-11 1.46156e-09 9.3546e-08 3.53083e-06 7.86087e-05 0.00103297 0.00802649 0.0370675 0.103171 0.179433 0.211122 0.189246 0.139049 0.0812747 0.0358004 0.0115478 0.00266641 0.000429434 4.71554e-05 3.46722e-06 1.67955e-07 5.27801e-09 1.06121e-10 1.34931e-12 1.07444e-14
 1.36633e-11 1.48307e-09 9.49238e-08 3.58293e-06 7.97731e-05 0.0010484 0.00814797 0.0376382 0.104751 0.181826 0.212415 0.187859 0.136552 0.0798722 0.0353923 0.011388 0.00258082 0.000401742 4.21671e-05 2.94142e-06 1.3447e-07 3.97215e-09 7.48186e-11 8.88414e-13 6.58728e-15
#spawning biomass
 3723.95 4304.67 7594.6 13841.2 24828.3 31339.3 27099.6 30394.5 49565.9 77240.8 91667.7 104107 148002 176713 166350 132568 129212 129527 126570 121435 130739 129127 152284 185392 163478 151530 163021 153998 172157 180960 96914.1 45892.2 26645.7 20411.9 18544.2 18012.5 17866.4 17827.3 17817.1 17814.4 17813.7 17813.6 17813.5 17813.5 17813.5 17813.5 17813.5 17813.5 17813.5 17813.5 17813.5 17813.5 17813.5 17813.5 17813.5 17813.5 17813.5 17813.5 17813.5 17813.5 17813.5 17813.5 17813.5 17813.5 17813.5 17813.5 17813.5 17813.5 17813.5 17813.5 17813.5 17813.5 17813.5 17813.5 17813.5 17813.5 17813.5 17813.5 17813.5 17813.5 17813.5 17813.5 17813.5 17813.5 17813.5 17813.5 17813.5 17813.5 17813.5 17813.5 17813.5 17813.5 17813.5 17813.5 17813.5 17813.5 17813.5 17813.5 17813.5 17813.5 17813.5 17813.5 17813.5 17813.5 17813.5 17813.5 17813.5 17813.5 17813.5 17813.5 17813.5 17813.5 17813.5 17813.5 17813.5 17813.5 17813.5 17813.5 17813.5 17813.5 17813.5 17813.5 17813.5 17813.5 17813.5 17813.5 17813.5 17813.5 0 0 0 0 0 0 0 0 0 0 0 0 0 0 0 0 0 0 0 0 0 0 0 0 0
