SBPRF35
0.339978
Curr Bio
110622
B35
327459
F35
0.390058
FOFL
0.157906
OFL
13512.5
Bzero
97136.6
#pred survey bio
 8820.88 10072.3 8819.21 9242.95 12743.2 19221.5 26841.9 33719.1 45870.8 56376.5 75954.2 98076.5 110721 124347 138568 122975 108308 98210.5 109682 119219 118494 119946 111740 113260 134357 126856 122793 112953 110714 4.98459e+06 4.80652e+06 4.09103e+06 3.12569e+06 2.30769e+06 1.73031e+06 1.35943e+06 1.13299e+06 998005 917959 870082 840921 822734 811098 803420 798159 794646 792263 790624 789488 788695 788138 787747 787470 787275 787137 787039 786970 786921 786886 786862 786844 786832 786823 786817 786813 786810 786807 786806 786805 786804 786803 786803 786803 786802 786802 786802 786802 786802 786802 786802 786802 786802 786802 786802 786802 786802 786802 786802 786802 786802 786802 786802 786802 786802 786802 786802 786802 786802 786802 786802 786802 786802 786802 786802 786802 786802 786802 786802 786802 786802 786802 786802 786802 786802 786802 786802 786802 786802 786802 786802 786802 786802 786802 786802 786802 786802 786802 786802 786802 0 0 0 0 0 0 0 0 0 0 0 0 0 0 0 0 0 0 0 0 0 0 0 0 0
#obs survey bio
 6801.03 6568.18 9052.07 7795.25 14726.5 18059 34586.5 38835.7 63560.7 68543.2 108792 107473 107006 93992.7 129861 116682 96644.7 99762.5 126018 128207 102447 104984 101203 89964.8 130231 123473 202510 111387 107621
#pred catch bio
 1946.38 3608.96 3165.1 2605.88 4227.02 8835.17 14411.2 16454.4 26710.5 32365.7 45650.1 66565.2 75713.6 83005.4 105095 97523.4 89084.3 72968.3 83797.6 98729.2 101097 107666 98640.4 96196.6 125696 119039 117765 113962 97370.9 13512.5 61906.5 51027.6 37462.5 26446.9 18996.2 14451.7 11856.6 10439.6 9690.18 9302.83 9106.06 9007.38 8958.38 8934.17 8922.21 8916.46 8913.71 8912.38 8911.75 8911.44 8911.3 8911.23 8911.19 8911.18 8911.17 8911.16 8911.16 8911.16 8911.16 8911.16 8911.16 8911.16 8911.16 8911.16 8911.16 8911.16 8911.16 8911.16 8911.16 8911.16 8911.16 8911.16 8911.16 8911.16 8911.16 8911.16 8911.16 8911.16 8911.16 8911.16 8911.16 8911.16 8911.16 8911.16 8911.16 8911.16 8911.16 8911.16 8911.16 8911.16 8911.16 8911.16 8911.16 8911.16 8911.16 8911.16 8911.16 8911.16 8911.16 8911.16 8911.16 8911.16 8911.16 8911.16 8911.16 8911.16 8911.16 8911.16 8911.16 8911.16 8911.16 8911.16 8911.16 8911.16 8911.16 8911.16 8911.16 8911.16 8911.16 8911.16 8911.16 8911.16 8911.16 8911.16 8911.16 8911.16 8911.16 8911.16 8911.16 0 0 0 0 0 0 0 0 0 0 0 0 0 0 0 0 0 0 0 0 0 0 0 0 0
#obs catch bio
 3865.62 3908.78 3624.95 2677.39 4323.11 9048.56 14137.8 15766.4 25270.8 31436 40989.2 63875.1 74385.7 80588.4 113554 100722 96077.4 71169 74493.1 94201.9 90131.9 105379 86933.6 88769.4 116245 107473 97125.5 94279.7 92691.3
#pred cpue bio
 8070.29 9638.44 8120.94 8240.43 11088.9 16179.7 22425.4 28240 38418.5 46087.2 61714.1 79938.1 89251.3 101076 113591 100250 86026.5 77009.5 87256.1 92805.7 91357.2 90497.9 84319.6 84532.8 99500.6 93028.7 89893.8 82150.6 75224.8 3.74247e+06 4.76384e+06 4.04835e+06 3.08301e+06 2.26501e+06 1.68762e+06 1.31674e+06 1.0903e+06 955324 875278 827400 798240 780053 768417 760739 755477 751965 749581 747943 746807 746013 745457 745065 744789 744594 744456 744358 744289 744240 744205 744180 744163 744151 744142 744136 744131 744128 744126 744124 744123 744122 744122 744121 744121 744121 744121 744121 744121 744121 744121 744121 744121 744121 744121 744121 744121 744121 744121 744121 744121 744121 744121 744121 744121 744121 744121 744121 744121 744121 744121 744121 744121 744121 744121 744121 744121 744121 744121 744121 744121 744121 744121 744121 744121 744121 744121 744121 744121 744121 744121 744121 744121 744121 744121 744121 744121 744121 744121 744121 744121 0 0 0 0 0 0 0 0 0 0 0 0 0 0 0 0 0 0 0 0 0 0 0 0 0
#obs cpue bio
 9370.28 6864.32 5742.51 8086.9 11380.6 19683.2 23372.6 27413.4 38061.5 36880.8 79208.5 72713.1 91806.4 140040 84170.6 103533 69532.8 86031.8 143087 95362.1 173974 105618 166689 131522 151616 141285 128692 172116 81822.3
#pred surv len freq
 9.69934e-12 1.05323e-09 6.74289e-08 2.54511e-06 5.6638e-05 0.000743136 0.00574992 0.0262591 0.0711078 0.116799 0.128673 0.126285 0.135738 0.128701 0.0953945 0.0629398 0.0403855 0.0244183 0.0142613 0.00843444 0.00522737 0.0035267 0.00256029 0.00176571 0.00096992
 5.96864e-12 6.48123e-10 4.14935e-08 1.56617e-06 3.48534e-05 0.000457322 0.00353913 0.0161783 0.0440222 0.0740222 0.0894903 0.107295 0.136035 0.142793 0.121824 0.0961254 0.0696942 0.0442223 0.0253503 0.013582 0.00707117 0.00383761 0.00228647 0.00140084 0.00073663
 1.03479e-11 1.12366e-09 7.19375e-08 2.71528e-06 6.04248e-05 0.000792803 0.00613347 0.0279936 0.0755693 0.122237 0.125974 0.103113 0.0935535 0.091615 0.0859785 0.0791901 0.067497 0.0507914 0.0334056 0.0189099 0.00937545 0.00431782 0.00201952 0.00100149 0.00046857
 1.20673e-11 1.31037e-09 8.38909e-08 3.16646e-06 7.04652e-05 0.000924541 0.00715278 0.0326487 0.088175 0.142941 0.148727 0.124834 0.113477 0.0995195 0.0707804 0.0474818 0.0367391 0.0307841 0.0240462 0.0160753 0.00891796 0.00412474 0.00167559 0.000653188 0.000248361
 1.30325e-11 1.41517e-09 9.06005e-08 3.41972e-06 7.6101e-05 0.000998482 0.00772471 0.0352565 0.0951804 0.153994 0.158815 0.129767 0.114369 0.100017 0.0723794 0.0470973 0.03017 0.0193282 0.0134152 0.00972469 0.00631009 0.00333009 0.00140272 0.000489801 0.000150637
 1.43169e-11 1.55465e-09 9.95299e-08 3.75676e-06 8.36013e-05 0.00109688 0.00848582 0.0387261 0.10449 0.168596 0.171708 0.134684 0.111921 0.0941269 0.0655146 0.040569 0.0250294 0.0149709 0.00865793 0.00511393 0.00314539 0.0018147 0.000858479 0.000313914 8.94102e-05
 1.4182e-11 1.53999e-09 9.85919e-08 3.72135e-06 8.28134e-05 0.00108655 0.00840604 0.0383655 0.103565 0.167493 0.172404 0.139862 0.121178 0.101932 0.0668436 0.0365246 0.0197543 0.010798 0.00578081 0.00301058 0.00154294 0.000791898 0.00037988 0.000149603 4.43772e-05
 1.38773e-11 1.50691e-09 9.6474e-08 3.64141e-06 8.10346e-05 0.00106322 0.0082256 0.0375444 0.101381 0.16422 0.170252 0.141233 0.125884 0.107051 0.0698616 0.0372298 0.0189256 0.00925931 0.0043065 0.00196877 0.000882774 0.000384651 0.000161678 6.14718e-05 1.88116e-05
 1.39454e-11 1.51431e-09 9.69472e-08 3.65927e-06 8.1432e-05 0.00106843 0.00826587 0.0377269 0.101857 0.164852 0.170262 0.13964 0.122923 0.104836 0.0702286 0.0394597 0.0210232 0.0102993 0.00452789 0.0018441 0.000708674 0.000260898 9.22804e-05 3.0525e-05 8.76597e-06
 1.48724e-11 1.61497e-09 1.03392e-07 3.90252e-06 8.68449e-05 0.00113944 0.00881513 0.0402302 0.108566 0.175309 0.179179 0.142075 0.119199 0.0982836 0.0631347 0.0330694 0.0166662 0.00819638 0.00372579 0.0015239 0.000549984 0.00017699 5.21554e-05 1.42531e-05 3.51472e-06
 1.50145e-11 1.6304e-09 1.04379e-07 3.9398e-06 8.76748e-05 0.00115033 0.00889936 0.0406146 0.109602 0.17698 0.180869 0.143349 0.120068 0.0984779 0.0622427 0.0313405 0.0148395 0.00679818 0.00290891 0.00116507 0.000423341 0.000133561 3.59162e-05 8.31761e-06 1.68573e-06
 1.48221e-11 1.6095e-09 1.03042e-07 3.88931e-06 8.65511e-05 0.00113559 0.00878538 0.0400958 0.108221 0.174903 0.179463 0.144074 0.12275 0.101237 0.0635197 0.0312712 0.0142868 0.00625931 0.00251865 0.00093745 0.000320638 9.80764e-05 2.58241e-05 5.63522e-06 1.00348e-06
 1.5172e-11 1.6475e-09 1.05474e-07 3.98113e-06 8.85944e-05 0.0011624 0.00899273 0.041041 0.110757 0.178875 0.182946 0.14532 0.121865 0.0991945 0.060906 0.0285859 0.012231 0.00508224 0.00195539 0.000690392 0.000220952 6.28712e-05 1.56033e-05 3.26353e-06 5.51654e-07
 1.47914e-11 1.60617e-09 1.02829e-07 3.88127e-06 8.63722e-05 0.00113324 0.00876727 0.0400143 0.108017 0.174702 0.179857 0.145898 0.125826 0.103603 0.063407 0.029249 0.0121008 0.0047951 0.00173423 0.000573138 0.000172614 4.61026e-05 1.06552e-05 2.07681e-06 3.30515e-07
 1.44861e-11 1.57302e-09 1.00706e-07 3.80116e-06 8.45895e-05 0.00110986 0.00858639 0.03919 0.105809 0.171264 0.176948 0.145172 0.127176 0.105873 0.0657853 0.0313327 0.0134856 0.00542301 0.00192391 0.000607243 0.000171635 4.26944e-05 9.18683e-06 1.66591e-06 2.46458e-07
 1.46179e-11 1.58733e-09 1.01623e-07 3.83574e-06 8.53591e-05 0.00111995 0.00866452 0.0395467 0.106774 0.172846 0.178668 0.146763 0.12854 0.106185 0.0642218 0.0286502 0.0113126 0.00436619 0.00156561 0.000503228 0.000140967 3.36293e-05 6.78356e-06 1.14161e-06 1.56468e-07
 1.55757e-11 1.69134e-09 1.08281e-07 4.08707e-06 9.0952e-05 0.00119333 0.00923197 0.0421319 0.113687 0.183498 0.187157 0.147287 0.121668 0.0974404 0.0577991 0.0248576 0.00917811 0.00326215 0.00107452 0.000323904 8.88992e-05 2.12551e-05 4.23837e-06 6.84968e-07 8.80959e-08
 1.59622e-11 1.73331e-09 1.10968e-07 4.18849e-06 9.32089e-05 0.00122294 0.00946099 0.0431756 0.116484 0.187853 0.190852 0.148241 0.120025 0.094663 0.054898 0.0222949 0.00740376 0.00235847 0.000711146 0.000195985 4.91425e-05 1.0954e-05 2.10707e-06 3.3561e-07 4.23048e-08
 1.54928e-11 1.68233e-09 1.07704e-07 4.0653e-06 9.04675e-05 0.00118697 0.00918283 0.0419081 0.113091 0.182595 0.186513 0.147499 0.122678 0.0985604 0.0584541 0.0250167 0.00904321 0.00302217 0.000876053 0.000218228 4.88511e-05 9.80311e-06 1.71561e-06 2.54111e-07 3.0653e-08
 1.62844e-11 1.76829e-09 1.13208e-07 4.27303e-06 9.50902e-05 0.00124762 0.00965183 0.0440443 0.118797 0.191339 0.193248 0.147152 0.115778 0.0904079 0.053204 0.0227381 0.0082775 0.00284755 0.000873754 0.000230549 5.17577e-05 9.68499e-06 1.51744e-06 2.00555e-07 2.19351e-08
 1.65166e-11 1.79351e-09 1.14822e-07 4.33396e-06 9.6446e-05 0.00126541 0.00978943 0.0446718 0.120484 0.194006 0.195703 0.148371 0.115771 0.0893698 0.0511403 0.0202432 0.00639596 0.00193338 0.000563205 0.00014957 3.49455e-05 6.84521e-06 1.08476e-06 1.3654e-07 1.35692e-08
 1.71857e-11 1.86616e-09 1.19473e-07 4.50952e-06 0.000100353 0.00131667 0.0101858 0.0464774 0.125309 0.201417 0.201492 0.148348 0.110367 0.0828227 0.0467275 0.0180583 0.00539453 0.00148533 0.000382507 8.84579e-05 1.87113e-05 3.55867e-06 5.75088e-07 7.47382e-08 7.49147e-09
 1.71345e-11 1.8606e-09 1.19117e-07 4.49608e-06 0.000100054 0.00131274 0.0101555 0.0463395 0.124945 0.200897 0.201277 0.148978 0.111737 0.0839601 0.0468041 0.017349 0.00469013 0.00112506 0.000258944 5.41824e-05 1.01451e-05 1.6844e-06 2.43466e-07 2.99483e-08 2.99087e-09
 1.74812e-11 1.89825e-09 1.21527e-07 4.58705e-06 0.000102078 0.0013393 0.0103609 0.0472749 0.127442 0.20471 0.204146 0.148607 0.10839 0.0802001 0.0446588 0.016711 0.00461897 0.00112637 0.000250761 4.7568e-05 7.79646e-06 1.13551e-06 1.44016e-07 1.54907e-08 1.38064e-09
 1.77256e-11 1.92479e-09 1.23227e-07 4.6512e-06 0.000103506 0.00135803 0.0105057 0.0479343 0.129202 0.207394 0.206146 0.14828 0.105927 0.0774743 0.0431577 0.0163394 0.00465314 0.00118411 0.000273139 5.29868e-05 8.63257e-06 1.18403e-06 1.34133e-07 1.25565e-08 9.70806e-10
 1.79616e-11 1.95041e-09 1.24867e-07 4.71311e-06 0.000104883 0.0013761 0.0106455 0.0485714 0.130908 0.210042 0.208354 0.148731 0.104715 0.075601 0.0413503 0.0148735 0.00373155 0.000790753 0.000162257 3.0916e-05 5.17854e-06 7.30939e-07 8.32426e-08 7.50727e-09 5.31427e-10
 1.80061e-11 1.95525e-09 1.25177e-07 4.7248e-06 0.000105143 0.00137952 0.0106719 0.0486916 0.13123 0.210537 0.208745 0.148745 0.104379 0.0751842 0.041057 0.0147124 0.00364443 0.000744317 0.000140895 2.34568e-05 3.36733e-06 4.31179e-07 4.81071e-08 4.40676e-09 3.15016e-10
 1.81814e-11 1.97428e-09 1.26395e-07 4.77079e-06 0.000106167 0.00139295 0.0107757 0.0491647 0.132494 0.212477 0.210254 0.148717 0.102927 0.0734347 0.0398865 0.0141501 0.00341174 0.000662617 0.000119228 1.90569e-05 2.5786e-06 2.97773e-07 2.89759e-08 2.34629e-09 1.5669e-10
 1.98691e-11 2.15754e-09 1.38128e-07 5.21364e-06 0.000116022 0.00152223 0.0117755 0.0537183 0.144655 0.231088 0.224459 0.147563 0.0876037 0.0557195 0.0290347 0.0100148 0.00226854 0.000387201 6.00412e-05 8.67725e-06 1.09642e-06 1.19468e-07 1.09457e-08 8.14818e-10 4.8495e-11
#obs surv len freq
 2.43585e-11 2.35334e-09 1.34047e-07 4.50161e-06 8.91292e-05 0.00104046 0.00716216 0.0290947 0.0700404 0.102156 0.100303 0.0913359 0.0993825 0.106185 0.102686 0.0935387 0.0768126 0.0551382 0.0346699 0.0187121 0.00819939 0.0027095 0.000631381 9.86878e-05 9.99059e-06
 4.92011e-12 4.58483e-10 2.5189e-08 8.1591e-07 1.55827e-05 0.000175529 0.00116814 0.00463464 0.0114814 0.0214397 0.0427512 0.0879791 0.138458 0.159215 0.152784 0.133039 0.102221 0.0692434 0.0417666 0.0214797 0.00879632 0.00268453 0.000575424 8.25675e-05 7.65783e-06
 9.23802e-11 8.28872e-09 4.38465e-07 1.36748e-05 0.000251446 0.00272589 0.0174227 0.0656582 0.145931 0.191591 0.150041 0.0752498 0.0388547 0.0467116 0.0683696 0.0731553 0.0564703 0.0349799 0.019011 0.00897477 0.00340951 0.000962097 0.000189445 2.48767e-05 2.10868e-06
 9.89361e-11 8.53324e-09 4.33922e-07 1.30091e-05 0.000229947 0.00239645 0.0147287 0.0534495 0.115264 0.152698 0.14364 0.134458 0.135138 0.106034 0.0584295 0.0301711 0.0214779 0.0160862 0.00952452 0.00430724 0.00149256 0.000382808 6.87734e-05 8.2476e-06 6.38069e-07
 1.4122e-10 1.16905e-08 5.70573e-07 1.64183e-05 0.000278539 0.00278612 0.016434 0.0572169 0.118169 0.148591 0.128361 0.107205 0.108201 0.10688 0.0916332 0.0633191 0.0319538 0.0121835 0.0044009 0.00167161 0.000546 0.000130218 2.13191e-05 2.31775e-06 1.62765e-07
 2.15624e-10 1.71074e-08 8.00222e-07 2.20686e-05 0.000358825 0.00343992 0.0194474 0.0649079 0.128644 0.156039 0.132611 0.111697 0.109331 0.0987638 0.0772277 0.0524399 0.0284893 0.0117027 0.00367744 0.0009416 0.000211805 4.07754e-05 5.92541e-06 5.85799e-07 3.7409e-08
 2.99285e-10 2.27261e-08 1.01743e-06 2.68549e-05 0.000417912 0.00383454 0.0207502 0.0663198 0.126151 0.148488 0.127622 0.114742 0.11595 0.103848 0.079378 0.0515657 0.0264121 0.0103693 0.00318947 0.000769072 0.000142333 2.01232e-05 2.17153e-06 1.72675e-07 9.49464e-09
 4.42279e-10 3.2102e-08 1.37374e-06 3.46592e-05 0.000515557 0.00452171 0.02339 0.0714752 0.130126 0.147337 0.12401 0.111666 0.11285 0.102111 0.0797563 0.0520961 0.0262766 0.0100388 0.00297535 0.000684326 0.000118369 1.48671e-05 1.32252e-06 8.20639e-08 3.50584e-09
 6.12779e-10 4.24628e-08 1.73481e-06 4.17866e-05 0.000593427 0.0049691 0.0245443 0.0716718 0.12517 0.138456 0.120673 0.117482 0.120952 0.106954 0.0808272 0.0507815 0.0245909 0.00903925 0.00257872 0.000567888 9.3129e-05 1.09327e-05 8.89111e-07 4.8812e-08 1.77451e-09
 9.93703e-10 6.56659e-08 2.55836e-06 5.87657e-05 0.000795851 0.00635507 0.0299342 0.0833518 0.138764 0.146077 0.120639 0.111842 0.112709 0.100392 0.0758682 0.0453278 0.0197305 0.00626477 0.00153713 0.00030032 4.51867e-05 4.94252e-06 3.74624e-07 1.90207e-08 6.31538e-10
 1.3276e-09 8.35735e-08 3.10176e-06 6.78718e-05 0.000875632 0.00666131 0.0299013 0.0794715 0.127309 0.133712 0.121147 0.126117 0.127736 0.107111 0.0750359 0.0417283 0.016918 0.00492645 0.00107293 0.000180383 2.32055e-05 2.20857e-06 1.49325e-07 6.89224e-09 2.09979e-10
 2.03784e-09 1.22084e-07 4.31208e-06 8.97958e-05 0.0011025 0.00798191 0.0340992 0.0862671 0.131646 0.132162 0.115684 0.118548 0.121999 0.107713 0.0784457 0.0428583 0.0162137 0.00424288 0.00080903 0.00011765 1.30272e-05 1.06218e-06 6.15116e-08 2.45278e-09 6.55161e-11
 2.79135e-09 1.58998e-07 5.33958e-06 0.000105722 0.00123419 0.00849657 0.03453 0.0832833 0.122472 0.123792 0.118672 0.130426 0.131764 0.110337 0.0760513 0.0397243 0.0145717 0.00373634 0.000692609 9.46634e-05 9.43982e-06 6.72231e-07 3.35153e-08 1.14631e-09 2.63073e-11
 3.69358e-09 1.99867e-07 6.37637e-06 0.000119936 0.00133013 0.00870001 0.0336076 0.0772281 0.109425 0.11121 0.114487 0.133159 0.139212 0.121552 0.0855272 0.0440421 0.0156756 0.00390559 0.000707707 9.44644e-05 9.08703e-06 6.10576e-07 2.79541e-08 8.5599e-10 1.72674e-11
 5.24395e-09 2.69359e-07 8.15724e-06 0.000145647 0.00153332 0.00952117 0.0349336 0.0764271 0.104254 0.106017 0.11424 0.136123 0.143518 0.125966 0.0868348 0.0425147 0.0141061 0.00324123 0.000541554 6.73788e-05 6.12369e-06 3.9165e-07 1.70478e-08 4.9221e-10 9.2425e-12
 9.0442e-09 4.40676e-07 1.26593e-05 0.000214409 0.00214116 0.0126118 0.0438894 0.0910295 0.117426 0.111978 0.112649 0.128264 0.132918 0.115661 0.0782535 0.0374168 0.0122225 0.00279188 0.00046084 5.52472e-05 4.7148e-06 2.79586e-07 1.1279e-08 3.03219e-10 5.32263e-12
 1.33478e-08 6.16555e-07 1.67909e-05 0.000269602 0.00255247 0.0142557 0.047081 0.0930593 0.11659 0.114381 0.122843 0.138568 0.133674 0.106759 0.0671962 0.0305101 0.00966006 0.00217851 0.000358433 4.26907e-05 3.57419e-06 2.04382e-07 7.80924e-09 1.95939e-10 3.18159e-12
 1.89449e-08 8.29167e-07 2.1396e-05 0.000325517 0.00292023 0.0154568 0.0484161 0.0911109 0.110506 0.109926 0.123024 0.141003 0.137833 0.110817 0.0681632 0.0294815 0.00879537 0.00187029 0.000292753 3.35555e-05 2.72517e-06 1.51419e-07 5.59868e-09 1.34853e-10 2.08151e-12
 3.00582e-08 1.246e-06 3.04518e-05 0.000438793 0.00372834 0.0186922 0.0554776 0.0990727 0.114757 0.110785 0.121457 0.136323 0.131802 0.105162 0.064036 0.0276761 0.00840414 0.00183192 0.000288665 3.23164e-05 2.50867e-06 1.3221e-07 4.63843e-09 1.06252e-10 1.56122e-12
 4.64606e-08 1.82348e-06 4.21947e-05 0.000575667 0.00463138 0.0219902 0.0618725 0.105249 0.118405 0.115878 0.12881 0.139713 0.12722 0.0944469 0.0530193 0.02096 0.00581341 0.00117405 0.000176214 1.92285e-05 1.4635e-06 7.49692e-08 2.52126e-09 5.47128e-11 7.56324e-13
 6.63328e-08 2.46435e-06 5.39782e-05 0.000697102 0.00530919 0.0238712 0.0636985 0.103495 0.114346 0.115972 0.133163 0.143372 0.12829 0.0927642 0.0500423 0.0188667 0.00496655 0.00094316 0.000131531 1.32765e-05 9.40993e-07 4.5426e-08 1.45359e-09 3.01231e-11 3.96888e-13
 1.03032e-07 3.62276e-06 7.51016e-05 0.00091796 0.00661711 0.0281644 0.0712017 0.109997 0.117102 0.117126 0.132782 0.140545 0.123881 0.0869314 0.0444659 0.0156314 0.00379965 0.000663789 8.52363e-05 7.9312e-06 5.1759e-07 2.29702e-08 6.7633e-10 1.29484e-11 1.58511e-13
 1.32913e-07 4.4228e-06 8.67707e-05 0.00100376 0.00684899 0.0276165 0.0664012 0.0993161 0.108809 0.120817 0.144303 0.149575 0.12677 0.085861 0.0429818 0.0151109 0.00373993 0.00066226 8.36429e-05 7.38728e-06 4.46831e-07 1.81856e-08 4.89499e-10 8.56388e-12 9.58483e-14
 1.99979e-07 6.2976e-06 0.000116926 0.00128007 0.00826642 0.0315523 0.0718791 0.102256 0.107921 0.117692 0.139986 0.147711 0.128103 0.085742 0.040676 0.0132265 0.00301791 0.000501023 6.07922e-05 5.23049e-06 3.07208e-07 1.19609e-08 3.02566e-10 4.90349e-12 5.03741e-14
 2.91219e-07 8.67946e-06 0.000152517 0.0015803 0.00966034 0.03493 0.075642 0.103809 0.110258 0.124415 0.146077 0.146717 0.120383 0.0768257 0.0352599 0.0112711 0.00254522 0.000413136 4.79116e-05 3.88146e-06 2.14365e-07 7.89142e-09 1.89593e-10 2.91726e-12 2.83155e-14
 3.70282e-07 1.04455e-05 0.000173733 0.00170397 0.00986295 0.0338175 0.0699179 0.0942053 0.105409 0.129055 0.154833 0.154246 0.124172 0.0764119 0.0334131 0.0101737 0.00220593 0.000346877 3.90692e-05 3.05553e-06 1.61052e-07 5.5925e-09 1.25735e-10 1.80482e-12 1.63481e-14
 6.10845e-07 1.63118e-05 0.000256819 0.00238437 0.0130635 0.0423849 0.0827999 0.104755 0.108609 0.124313 0.145448 0.146024 0.118123 0.0711553 0.0298848 0.00868536 0.00179554 0.000268873 2.8805e-05 2.14305e-06 1.07492e-07 3.5476e-09 7.55374e-11 1.02157e-12 8.66959e-15
 8.06797e-07 2.03969e-05 0.00030404 0.00267281 0.0138731 0.0427487 0.0802031 0.101672 0.114742 0.141113 0.159393 0.145895 0.106898 0.0592877 0.0233089 0.00640904 0.0012593 0.000179022 1.81308e-05 1.27008e-06 5.98362e-08 1.85293e-09 3.70107e-11 4.69523e-13 3.73639e-15
 1.13039e-06 2.70592e-05 0.000381918 0.0031792 0.0156289 0.0456553 0.081538 0.0998683 0.112012 0.138519 0.158655 0.149079 0.109703 0.0583494 0.021145 0.00521931 0.000910608 0.000115802 1.06746e-05 6.90368e-07 3.02323e-08 8.71618e-10 1.62019e-11 1.91132e-13 1.41369e-15
#pred catch len freq
 6.67045e-12 7.24331e-10 4.63724e-08 1.75033e-06 3.89516e-05 0.000511097 0.00395536 0.0180827 0.0492279 0.0829625 0.101105 0.122607 0.154232 0.153593 0.115014 0.0760095 0.0487802 0.0294943 0.0172258 0.0101878 0.00631401 0.00425982 0.00309251 0.00213276 0.00117154
 4.02263e-12 4.36809e-10 2.7965e-08 1.05554e-06 2.34902e-05 0.000308239 0.00238611 0.010924 0.0299502 0.0521655 0.0712224 0.103394 0.145527 0.157024 0.13467 0.106339 0.0771047 0.0489245 0.0280459 0.0150262 0.00782306 0.00424567 0.0025296 0.0015498 0.000814958
 7.59878e-12 8.25137e-10 5.2826e-08 1.99392e-06 4.43721e-05 0.000582194 0.00450455 0.0205692 0.0556664 0.0911692 0.0992534 0.0950439 0.102791 0.107937 0.102756 0.0948139 0.0808246 0.0608208 0.0400019 0.0226438 0.0112268 0.00517044 0.0024183 0.00119925 0.000561096
 8.94072e-12 9.70855e-10 6.21551e-08 2.34605e-06 5.22082e-05 0.000685016 0.0053003 0.0242077 0.0655794 0.107933 0.119885 0.119929 0.130568 0.122723 0.0886568 0.0596305 0.0461519 0.0386717 0.0302075 0.0201941 0.0112029 0.0051816 0.00210491 0.00082055 0.000311997
 1.00455e-11 1.09083e-09 6.98357e-08 2.63595e-06 5.86596e-05 0.000769658 0.00595502 0.0271932 0.0736023 0.120615 0.131576 0.125991 0.132336 0.12422 0.091349 0.0595978 0.0381884 0.0244656 0.0169809 0.0123095 0.00798731 0.00421522 0.00177556 0.00061999 0.000190676
 1.18749e-11 1.28948e-09 8.25535e-08 3.11599e-06 6.9342e-05 0.000909809 0.00703903 0.0321345 0.0868564 0.141368 0.149729 0.132404 0.127905 0.115023 0.0813404 0.0505061 0.0311696 0.018644 0.0107821 0.00636863 0.0039171 0.00225993 0.00106911 0.000390933 0.000111347
 1.20986e-11 1.31376e-09 8.41082e-08 3.17467e-06 7.06479e-05 0.000926946 0.0071717 0.0327425 0.0885311 0.144346 0.154047 0.139013 0.136544 0.121133 0.0804396 0.0440539 0.0238335 0.0130281 0.00697469 0.00363233 0.0018616 0.000955445 0.000458334 0.000180499 5.35422e-05
 1.15557e-11 1.25481e-09 8.0334e-08 3.03221e-06 6.74778e-05 0.000885356 0.00685011 0.0312785 0.0846303 0.13845 0.149914 0.14062 0.143557 0.128964 0.0852425 0.0455318 0.023153 0.0113278 0.00526856 0.00240859 0.00107998 0.000470581 0.000197796 7.52044e-05 2.3014e-05
 1.20779e-11 1.31151e-09 8.39641e-08 3.16923e-06 7.05269e-05 0.000925359 0.00715943 0.0326865 0.0883798 0.144101 0.153797 0.138855 0.136697 0.122179 0.082749 0.0465852 0.0248256 0.0121623 0.00534692 0.00217767 0.000836862 0.00030809 0.000108973 3.60465e-05 1.03516e-05
 1.30316e-11 1.41508e-09 9.05947e-08 3.4195e-06 7.60962e-05 0.000998427 0.00772457 0.0352624 0.0952857 0.154886 0.163095 0.141702 0.133386 0.11578 0.0753033 0.0395338 0.0199302 0.00980186 0.00445559 0.0018224 0.000657713 0.000211659 6.23715e-05 1.70449e-05 4.20318e-06
 1.33283e-11 1.44729e-09 9.2657e-08 3.49734e-06 7.78285e-05 0.00102115 0.00790036 0.036064 0.0974396 0.158289 0.166217 0.143235 0.133421 0.114787 0.0733982 0.0370381 0.0175426 0.00803671 0.00343888 0.00137733 0.000500469 0.000157894 4.24597e-05 9.83297e-06 1.99285e-06
 1.35522e-11 1.47161e-09 9.42136e-08 3.55609e-06 7.9136e-05 0.00103831 0.00803304 0.0366688 0.0990626 0.160834 0.168465 0.144087 0.132962 0.113641 0.0719214 0.0354653 0.0162067 0.00710061 0.00285718 0.00106345 0.000363734 0.000111259 2.92951e-05 6.39264e-06 1.13835e-06
 1.3961e-11 1.51599e-09 9.70553e-08 3.66336e-06 8.15229e-05 0.00106962 0.00827526 0.0377729 0.102024 0.165471 0.172518 0.145498 0.131861 0.111206 0.0688786 0.0323821 0.0138588 0.00575873 0.00221568 0.00078229 0.000250363 7.12401e-05 1.76802e-05 3.69795e-06 6.25085e-07
 1.34595e-11 1.46155e-09 9.35695e-08 3.53178e-06 7.8595e-05 0.00103121 0.00797821 0.0364202 0.0984139 0.159966 0.168414 0.146168 0.136934 0.116903 0.0721746 0.0333495 0.0138008 0.00546887 0.00197792 0.000653673 0.000196869 5.25808e-05 1.21524e-05 2.36864e-06 3.76957e-07
 1.36928e-11 1.48687e-09 9.5191e-08 3.59299e-06 7.99569e-05 0.00104908 0.00811637 0.037049 0.100088 0.162481 0.170109 0.145269 0.133696 0.113732 0.0710377 0.033868 0.0145789 0.00586275 0.00207992 0.000656483 0.000185553 4.61564e-05 9.93178e-06 1.80099e-06 2.66443e-07
 1.40649e-11 1.52728e-09 9.77778e-08 3.69063e-06 8.21298e-05 0.00107759 0.00833687 0.0380544 0.102787 0.166731 0.173934 0.146923 0.133225 0.111756 0.0678436 0.030288 0.0119607 0.00461636 0.00165531 0.000532062 0.000149044 3.55562e-05 7.17225e-06 1.20702e-06 1.65433e-07
 1.52552e-11 1.65653e-09 1.06053e-07 4.00296e-06 8.90802e-05 0.00116877 0.00904207 0.0412669 0.111376 0.179956 0.184423 0.147409 0.124429 0.100703 0.0598928 0.0257716 0.00951641 0.00338242 0.00111414 0.000335846 9.21769e-05 2.20388e-05 4.39463e-06 7.10223e-07 9.13439e-08
 1.51655e-11 1.6468e-09 1.05429e-07 3.97943e-06 8.85567e-05 0.00116191 0.00898899 0.0410258 0.110742 0.179057 0.184097 0.14865 0.12705 0.102882 0.0600658 0.0244265 0.00811353 0.00258464 0.000779345 0.00021478 5.38553e-05 1.20045e-05 2.30914e-06 3.67795e-07 4.63618e-08
 1.47929e-11 1.60633e-09 1.02839e-07 3.88165e-06 8.63808e-05 0.00113336 0.0087682 0.0400196 0.108046 0.174862 0.180551 0.14778 0.128731 0.105705 0.0630345 0.0270061 0.0097641 0.00326315 0.000945908 0.000235629 5.27464e-05 1.05848e-05 1.85241e-06 2.74374e-07 3.30973e-08
 1.60204e-11 1.73962e-09 1.11372e-07 4.20374e-06 9.35483e-05 0.00122739 0.0094954 0.0433318 0.116894 0.188422 0.190998 0.147257 0.118059 0.0931012 0.0549298 0.0234877 0.00855112 0.00294171 0.000902646 0.000238172 5.34692e-05 1.00052e-05 1.56762e-06 2.07186e-07 2.26604e-08
 1.64127e-11 1.78223e-09 1.141e-07 4.3067e-06 9.58394e-05 0.00125745 0.00972788 0.0443914 0.119735 0.192859 0.194824 0.14843 0.116695 0.0904473 0.0518121 0.0205135 0.00648163 0.00195929 0.000570752 0.000151575 3.54138e-05 6.93693e-06 1.09929e-06 1.38369e-07 1.37511e-08
 1.7343e-11 1.88324e-09 1.20567e-07 4.5508e-06 0.000101271 0.00132872 0.010279 0.0469018 0.126443 0.203152 0.20282 0.148251 0.108955 0.0811827 0.0457125 0.0176589 0.00527481 0.00145235 0.000374014 8.64939e-05 1.82959e-05 3.47965e-06 5.62319e-07 7.30788e-08 7.32514e-09
 1.72073e-11 1.8685e-09 1.19623e-07 4.51518e-06 0.000100479 0.00131832 0.0101986 0.046536 0.12547 0.2017 0.201889 0.148926 0.111074 0.0831948 0.0463368 0.0171727 0.0046423 0.00111358 0.000256302 5.36295e-05 1.00416e-05 1.66722e-06 2.40982e-07 2.96427e-08 2.96035e-09
 1.73686e-11 1.88602e-09 1.20745e-07 4.55752e-06 0.000101421 0.00133068 0.0102942 0.0469712 0.126631 0.203469 0.203199 0.148684 0.109411 0.0813813 0.0453825 0.016987 0.00469551 0.00114504 0.000254918 4.83566e-05 7.92572e-06 1.15433e-06 1.46404e-07 1.57475e-08 1.40353e-09
 1.80713e-11 1.96232e-09 1.2563e-07 4.74189e-06 0.000105524 0.00138451 0.0107105 0.048867 0.131693 0.211206 0.209058 0.148053 0.102803 0.0738555 0.0409317 0.01548 0.00440752 0.00112157 0.000258713 5.01882e-05 8.17662e-06 1.12149e-06 1.27048e-07 1.18933e-08 9.19531e-10
 1.83081e-11 1.98805e-09 1.27276e-07 4.80405e-06 0.000106907 0.00140265 0.0108508 0.0495065 0.133406 0.213862 0.211263 0.14847 0.101531 0.0719398 0.0391342 0.0140601 0.00352669 0.000747313 0.000153342 2.92175e-05 4.89404e-06 6.90782e-07 7.86693e-08 7.09483e-09 5.02231e-10
 1.84535e-11 2.00383e-09 1.28287e-07 4.8422e-06 0.000107756 0.00141379 0.0109369 0.0498988 0.134454 0.215468 0.212498 0.148405 0.100264 0.0704539 0.0381967 0.0136664 0.00338431 0.000691158 0.000130832 2.17814e-05 3.12681e-06 4.00381e-07 4.4671e-08 4.092e-09 2.92516e-10
 1.88542e-11 2.04734e-09 1.31073e-07 4.94733e-06 0.000110096 0.00144449 0.0111743 0.0509799 0.137341 0.219891 0.215894 0.148193 0.0967218 0.0663101 0.0355908 0.0125939 0.00303504 0.000589404 0.000106053 1.69511e-05 2.29367e-06 2.64869e-07 2.5774e-08 2.08703e-09 1.39376e-10
 1.99025e-11 2.16117e-09 1.3836e-07 5.2224e-06 0.000116217 0.00152479 0.0117953 0.0538084 0.144896 0.231455 0.224738 0.147535 0.0872939 0.0553647 0.028822 0.00993934 0.00225135 0.000384264 5.95857e-05 8.61141e-06 1.08811e-06 1.18562e-07 1.08626e-08 8.08635e-10 4.8127e-11
#obs catch len freq
 1.60476e-11 1.5504e-09 8.83115e-08 2.96571e-06 5.87196e-05 0.000685487 0.0047193 0.0191852 0.0463686 0.0690321 0.0739979 0.0821707 0.104824 0.121352 0.124122 0.114729 0.0920779 0.0653259 0.0421926 0.0237457 0.0107531 0.0036389 0.000865444 0.000137873 1.42038e-05
 1.67345e-11 1.55941e-09 8.56734e-08 2.77506e-06 5.29962e-05 0.000596756 0.00396376 0.015565 0.0365687 0.0545838 0.0650121 0.0870288 0.118876 0.133188 0.129212 0.116942 0.0948898 0.0672041 0.0415538 0.0218737 0.0092372 0.00290648 0.000638611 9.34381e-05 8.80854e-06
 1.47721e-12 1.32542e-10 7.01145e-09 2.18692e-07 4.02319e-06 4.37301e-05 0.000283485 0.00114938 0.00352845 0.0115456 0.0381523 0.0921059 0.146614 0.166483 0.158366 0.136459 0.103502 0.0692353 0.0410332 0.0205242 0.00808173 0.0023456 0.000473704 6.35918e-05 5.49025e-06
 2.04024e-11 1.7597e-09 8.94823e-08 2.68271e-06 4.7419e-05 0.000494183 0.0030371 0.0110178 0.0237216 0.0312241 0.029331 0.0329117 0.0617022 0.122352 0.183512 0.190802 0.143678 0.0875304 0.0467678 0.0214853 0.00784088 0.00210138 0.000389507 4.78289e-05 3.77299e-06
 4.35864e-11 3.60819e-09 1.76104e-07 5.06745e-06 8.59758e-05 0.000860286 0.00508401 0.0178793 0.0388915 0.0615654 0.0996644 0.168148 0.211418 0.169875 0.0925662 0.0487474 0.0352816 0.0258584 0.014823 0.00647232 0.00215083 0.000523808 8.8558e-05 9.92783e-06 7.14616e-07
 1.68926e-10 1.34024e-08 6.26915e-07 1.72892e-05 0.000281114 0.002695 0.015238 0.0508927 0.101227 0.125028 0.114351 0.111972 0.12439 0.124166 0.104901 0.0704655 0.0344209 0.0128829 0.00464911 0.00173488 0.000543141 0.00012266 1.88782e-05 1.91824e-06 1.25334e-07
 2.8105e-10 2.13415e-08 9.55441e-07 2.52187e-05 0.000392451 0.00360095 0.0194871 0.0622983 0.118657 0.140583 0.123871 0.116311 0.120404 0.108644 0.0839563 0.0558616 0.0294721 0.0117268 0.00357719 0.000893186 0.000195386 3.60151e-05 4.93484e-06 4.56011e-07 2.70886e-08
 3.58703e-10 2.60357e-08 1.11415e-06 2.81098e-05 0.000418137 0.00366746 0.0189757 0.0580608 0.106418 0.124484 0.11732 0.124394 0.134346 0.120177 0.0905862 0.0575 0.0285823 0.0108864 0.00324536 0.000754882 0.000134145 1.81347e-05 1.85808e-06 1.38961e-07 7.1284e-09
 5.86685e-10 4.06546e-08 1.66094e-06 4.00072e-05 0.000568158 0.00475754 0.0235002 0.068636 0.119988 0.133361 0.118146 0.117819 0.123323 0.110767 0.0851313 0.0541705 0.0264568 0.00978831 0.0028068 0.000621396 0.000102785 1.2272e-05 1.03238e-06 6.0278e-08 2.41034e-09
 8.7474e-10 5.78046e-08 2.25208e-06 5.17305e-05 0.00070058 0.00559452 0.0263569 0.0734665 0.122959 0.132711 0.118681 0.121172 0.125056 0.108878 0.0807878 0.0493818 0.0231371 0.00823073 0.00226918 0.000480238 7.51683e-05 8.37011e-06 6.42221e-07 3.31122e-08 1.12605e-09
 1.47402e-09 9.27909e-08 3.44386e-06 7.53573e-05 0.000972196 0.00739557 0.0331893 0.0881 0.14023 0.143039 0.118967 0.113408 0.11388 0.0997345 0.0736432 0.0425188 0.0178072 0.00545766 0.00129614 0.000244101 3.51049e-05 3.64121e-06 2.60126e-07 1.23901e-08 3.8451e-10
 2.01083e-09 1.20466e-07 4.25493e-06 8.86057e-05 0.00108789 0.00787638 0.0336532 0.0852028 0.130514 0.133188 0.121401 0.127297 0.12657 0.10387 0.0710358 0.0381577 0.0148583 0.00416159 0.000873694 0.000141305 1.73887e-05 1.57242e-06 1.00353e-07 4.34776e-09 1.23797e-10
 3.14437e-09 1.79106e-07 6.01487e-06 0.000119092 0.00139025 0.00957031 0.0388797 0.0936 0.13637 0.132515 0.115704 0.118622 0.119899 0.103603 0.0732363 0.0383904 0.0138788 0.00348022 0.000638275 8.92045e-05 9.44224e-06 7.31302e-07 3.99983e-08 1.49876e-09 3.7456e-11
 4.34444e-09 2.35086e-07 7.49997e-06 0.00014107 0.00156449 0.0102323 0.0395134 0.0906441 0.127355 0.125107 0.119733 0.130307 0.128527 0.105173 0.0703731 0.0352893 0.0123761 0.00303852 0.000539993 7.05948e-05 6.70425e-06 4.52671e-07 2.13067e-08 6.85025e-10 1.47186e-11
 5.92948e-09 3.04571e-07 9.22362e-06 0.000164686 0.00173374 0.0107649 0.0394827 0.0862201 0.116568 0.114636 0.116161 0.132099 0.134557 0.114585 0.0778843 0.0383686 0.0130401 0.00311025 0.000540021 6.88368e-05 6.29033e-06 3.9959e-07 1.72278e-08 4.95086e-10 9.34416e-12
 8.47236e-09 4.12813e-07 1.18589e-05 0.000200853 0.00200582 0.0118154 0.0411341 0.0854811 0.111291 0.109666 0.116168 0.135071 0.138765 0.118506 0.0785864 0.0366889 0.0115986 0.00254842 0.000408057 4.85217e-05 4.1905e-06 2.53249e-07 1.03689e-08 2.80564e-10 4.92269e-12
 1.46623e-08 6.77273e-07 1.84444e-05 0.00029615 0.00280373 0.0156565 0.0516647 0.101699 0.125005 0.115054 0.113294 0.125817 0.127117 0.107471 0.0698231 0.0318238 0.00990903 0.00216297 0.0003412 3.89561e-05 3.1518e-06 1.76452e-07 6.69444e-09 1.68638e-10 2.76506e-12
 2.17341e-08 9.51241e-07 2.4546e-05 0.000373439 0.00335005 0.0177295 0.0554974 0.104086 0.124322 0.117791 0.123188 0.134642 0.126252 0.097983 0.05931 0.0257085 0.00776973 0.00167566 0.000263305 2.98131e-05 2.36085e-06 1.27151e-07 4.55991e-09 1.07063e-10 1.62258e-12
 3.08552e-08 1.27904e-06 3.12592e-05 0.000450428 0.00382719 0.0191877 0.0569467 0.101682 0.117702 0.113353 0.123608 0.137412 0.130653 0.101773 0.0599705 0.0247052 0.00702914 0.00142961 0.00021385 2.33102e-05 1.78998e-06 9.35848e-08 3.24345e-09 7.30028e-11 1.05037e-12
 4.99574e-08 1.96072e-06 4.53703e-05 0.000618987 0.00497969 0.0236391 0.0664419 0.112446 0.123764 0.114248 0.120341 0.13039 0.122496 0.0945503 0.0551322 0.0227219 0.00658544 0.00137048 0.000205573 2.18106e-05 1.59792e-06 7.91801e-08 2.60276e-09 5.56856e-11 7.62213e-13
 7.70133e-08 2.86114e-06 6.26692e-05 0.000809331 0.00616352 0.0277032 0.0738005 0.11895 0.127128 0.118804 0.126523 0.132201 0.116774 0.0837283 0.0449407 0.0169238 0.0044819 0.000866086 0.000124035 1.28349e-05 9.20854e-07 4.42665e-08 1.39235e-09 2.81848e-11 3.62653e-13
 1.11899e-07 3.93451e-06 8.15643e-05 0.000996945 0.00718619 0.0305807 0.0772356 0.118774 0.124132 0.118945 0.129625 0.134083 0.116215 0.0809651 0.041686 0.0149548 0.00375383 0.000680807 9.04648e-05 8.65774e-06 5.78806e-07 2.62345e-08 7.85094e-10 1.51675e-11 1.85849e-13
 1.7164e-07 5.71145e-06 0.000112052 0.00129615 0.00884233 0.0356187 0.0852285 0.124652 0.125678 0.119127 0.128643 0.131113 0.111874 0.07543 0.0367337 0.0122677 0.00284067 0.000473744 5.79502e-05 5.11037e-06 3.14401e-07 1.30957e-08 3.60585e-10 6.43631e-12 7.32777e-14
 2.27347e-07 7.15944e-06 0.000132928 0.00145523 0.00939697 0.0358568 0.0815661 0.115255 0.118648 0.123116 0.138887 0.138256 0.113337 0.0737774 0.0352168 0.0117833 0.00277795 0.000468113 5.60649e-05 4.67648e-06 2.66179e-07 1.016e-08 2.55656e-10 4.16926e-12 4.33914e-14
 3.43011e-07 1.02231e-05 0.000179639 0.00186125 0.0113753 0.0410885 0.0885391 0.118866 0.117451 0.119147 0.133859 0.135837 0.113609 0.0726953 0.0327625 0.0101245 0.00220234 0.000348703 4.01833e-05 3.26409e-06 1.80088e-07 6.56174e-09 1.549e-10 2.33737e-12 2.23148e-14
 5.01199e-07 1.41386e-05 0.000235153 0.00230618 0.013343 0.0456562 0.0934876 0.120848 0.119492 0.124711 0.138049 0.133241 0.105427 0.0643777 0.0281088 0.00854642 0.00183787 0.000283702 3.11682e-05 2.38154e-06 1.23551e-07 4.25677e-09 9.54058e-11 1.36587e-12 1.23097e-14
 6.49139e-07 1.73343e-05 0.000272918 0.00253384 0.0138824 0.0450407 0.0879766 0.111215 0.11478 0.129317 0.146398 0.140158 0.108572 0.0637892 0.0265149 0.00768142 0.00158704 0.000237343 2.53017e-05 1.86343e-06 9.21103e-08 2.98968e-09 6.26575e-11 8.36499e-13 7.03375e-15
 1.07321e-06 2.7132e-05 0.00040442 0.00355467 0.0184362 0.056601 0.104413 0.123643 0.117321 0.122307 0.134577 0.129666 0.100581 0.0576719 0.0229933 0.00635442 0.00125104 0.000178048 1.80444e-05 1.26367e-06 5.94109e-08 1.83146e-09 3.63223e-11 4.56509e-13 3.594e-15
 1.44281e-06 3.45377e-05 0.000487462 0.00405737 0.0199365 0.0581085 0.102725 0.120863 0.122996 0.137127 0.145543 0.127664 0.089715 0.0474091 0.0177062 0.00463041 0.000866057 0.000116911 1.11906e-05 7.37366e-07 3.25445e-08 9.40958e-10 1.74997e-11 2.06241e-13 1.52196e-15
#spawning biomass
 8817.4 10069.5 8816.77 9239.28 12737.4 19211.5 26826.5 33699.4 45844.4 56341.8 75906.3 98014.3 110649 124266 138479 122894 108233 98141.1 109607 119135 118409 119857 111656 113175 134254 126758 122698 112865 110622 142309 225681 186398 137312 97451.8 70491.1 54046.7 44656.1 39528.7 36816.7 35415.1 34703.1 34346 34168.7 34081.1 34037.8 34017 34007 34002.2 33999.9 33998.8 33998.3 33998 33997.9 33997.9 33997.8 33997.8 33997.8 33997.8 33997.8 33997.8 33997.8 33997.8 33997.8 33997.8 33997.8 33997.8 33997.8 33997.8 33997.8 33997.8 33997.8 33997.8 33997.8 33997.8 33997.8 33997.8 33997.8 33997.8 33997.8 33997.8 33997.8 33997.8 33997.8 33997.8 33997.8 33997.8 33997.8 33997.8 33997.8 33997.8 33997.8 33997.8 33997.8 33997.8 33997.8 33997.8 33997.8 33997.8 33997.8 33997.8 33997.8 33997.8 33997.8 33997.8 33997.8 33997.8 33997.8 33997.8 33997.8 33997.8 33997.8 33997.8 33997.8 33997.8 33997.8 33997.8 33997.8 33997.8 33997.8 33997.8 33997.8 33997.8 33997.8 33997.8 33997.8 33997.8 33997.8 33997.8 33997.8 0 0 0 0 0 0 0 0 0 0 0 0 0 0 0 0 0 0 0 0 0 0 0 0 0
