SBPRF35
0.112876
Curr Bio
282.012
B35
393.88
F35
1.82266
FOFL
1.82266
OFL
105.035
Bzero
32247.4
#pred survey bio
 1534.96 1185.47 903.234 731.985 617.401 552.49 514.714 488.783 473.165 464.581 463.807 463.472 460.587 457.776 458.629 459.154 460.476 455.226 453.007 455.807 456.24 454.992 459.008 457.315 463.47 466.403 463.466 464.367 464.573 467.58 464.698 463.577 460.95 458.487 451.817 448.145 448.443 441.024 437.871 436.188 432.339 422.426 404.054 374.542 349.991 328.052 308.736 289.314 274.436 267.281 255.453 251.971 247.244 243.757 240.142 238.096 224.131 215.796 212.236 213.806 209.17 206.992 200.285 193.567 192.058 188.011 186.698 188.836 186.666 182.861 176.407 181.635 191.374 194.655 194.164 199.406 193.201 204.438 205.16 203.379 203.919 202.878 209.621 206.95 213.293 210.726 212.46 206.388 216.823 209.117 205.148 219.533 218.69 220.714 214.786 187.611 138.649 22.6621 24.6015 23.9469 24.9682 29.372 113.326 7568.42 25749.7 62313.4 105904 134498 146944 153022 156627 158944 160465 161469 162129 162564 162849 163036 163158 163237 163287 163320 163342 163356 163365 163370 163374 163377 163378 163379 163380 163380 163381 163381 163381 163381 163381 163381 163381 163381 163381 163381 163381 163381 163381 163381 163381 163381 163381 163381 163381 163381 163381 163381 163381 163381 163381 163381 163381 163381 163381 163381 163381 163381 163381 163381 163381 163381 163381 163381 163381 163381 163381 163381 163381 163381 163381 163381 163381 163381 163381 163381 163381 163381 163381 163381 163381 163381 163381 163381 163381 163381 163381 163381 163381 163381 163381 163381 163381 163381 163381 163381 163381 0 0 0 0 0 0 0 0 0 0 0 0 0 0 0 0 0 0 0 0 0 0 0 0 0
#obs survey bio
 1005.98 844.453 653.879 970.764 432.08 390.414 531.529 432.154 412.85 504.014 327.33 389.971 418.24 436.401 354.659 373.021 339.178 405.561 607.516 393.743 461.963 595.615 376.186 532.258 495.049 391.279 443.556 410.228 729.357 293.592 434.909 560.662 563.013 364.612 352.632 305.374 367.767 402.667 430.401 427.01 435.917 563.559 480.721 400.632 421.164 323.474 329.671 270.353 232.483 194.373 259.976 214.231 223.729 264.363 236.795 368.913 168.031 188.845 242.03 270.205 261.767 208.278 157.874 187.412 189.123 154.422 185.139 233.619 164.827 145.211 257.346 217.441 162.692 191.967 198.251 178.706 209.233 263.507 266.888 209.248 273.644 220.155 302.876 186.648 256.951 214.487 165.578 221.644 149.565 261.774 306.664 185.43 163.095 202.426 350.076 218.214 187.395 37.8999 32.0126 41.7956 46.372 43.6547 38.7535
#pred catch bio
 163.572 179.224 127.537 112.128 88.3557 77.3565 76.3387 72.6487 69.4587 62.8094 62.6132 65.2139 65.0304 61.1111 62.0024 61.6404 69.8441 67.2716 61.5986 63.6914 65.2449 59.1094 65.8516 57.2408 60.452 66.8903 62.4433 62.7707 58.7492 64.7571 62.5346 63.7682 62.7618 66.7509 62.8077 57.4611 65.5866 60.4494 57.9638 59.2582 65.1096 74.6376 89.2788 87.2494 88.3108 89.397 93.5553 92.0028 86.1114 94.7457 87.9787 92.3678 93.8607 96.3288 95.149 109.339 102.912 98.3466 93.4901 102.044 99.6368 105.82 106.492 100.496 104.059 101.573 99.2963 108.069 114.889 123.539 114.078 115.039 130.911 142.863 141.962 162.586 146.172 167.654 177.079 178.192 182.782 175.35 191.651 181.467 192.801 185.625 197.563 178.234 202.895 196.232 176.498 202.527 198.496 206.428 217.833 210.328 262.261 44.2976 48.7111 46.3915 47.6894 46.4147 39.6801 105.035 383.984 1089.23 2575.72 3537.22 3754.91 3786.5 3790.46 3790.93 3790.98 3790.99 3790.99 3790.99 3790.99 3790.99 3790.99 3790.99 3790.99 3790.99 3790.99 3790.99 3790.99 3790.99 3790.99 3790.99 3790.99 3790.99 3790.99 3790.99 3790.99 3790.99 3790.99 3790.99 3790.99 3790.99 3790.99 3790.99 3790.99 3790.99 3790.99 3790.99 3790.99 3790.99 3790.99 3790.99 3790.99 3790.99 3790.99 3790.99 3790.99 3790.99 3790.99 3790.99 3790.99 3790.99 3790.99 3790.99 3790.99 3790.99 3790.99 3790.99 3790.99 3790.99 3790.99 3790.99 3790.99 3790.99 3790.99 3790.99 3790.99 3790.99 3790.99 3790.99 3790.99 3790.99 3790.99 3790.99 3790.99 3790.99 3790.99 3790.99 3790.99 3790.99 3790.99 3790.99 3790.99 3790.99 3790.99 3790.99 3790.99 3790.99 3790.99 3790.99 3790.99 3790.99 3790.99 3790.99 3790.99 3790.99 3790.99 0 0 0 0 0 0 0 0 0 0 0 0 0 0 0 0 0 0 0 0 0 0 0 0 0
#obs catch bio
 0 182.7 130.089 114.746 90.0896 79.3312 78.6775 74.8345 71.7365 64.5903 64.4142 67.2459 66.8805 62.5804 63.6467 63.099 72.4677 69.5565 63.1955 65.6291 67.2165 60.4409 67.7428 58.5353 61.9365 69.0404 64.0857 64.544 59.9382 66.6592 64.0801 65.3824 64.3204 68.7297 64.3808 58.7363 67.4446 62.0207 59.2841 60.6035 66.7551 76.5021 91.9643 89.4626 90.1408 91.3077 95.9924 94.4046 87.8195 97.3235 89.143 94.5277 95.7389 97.4407 97.317 111.416 103.697 99.3424 94.1368 102.498 99.3747 106.01 107.609 101.367 104.994 102.017 99.519 107.957 114.199 123.389 113.633 112.117 126.806 139.41 139.139 157.54 142.312 158.234 168.924 168.256 173.821 165.658 182.451 174.751 186.45 176.002 187.199 168.925 196.871 185.616 163.027 192.228 190.139 193.709 198.815 198.572 238.541 37.9627 41.8893 39.3043 39.9817 40.1629 38.6624
#pred cpue bio
 1573.94 1198.36 895.181 713.215 592.679 524.572 484.961 457.674 441.279 432.435 432.33 432.866 430.449 427.612 428.177 427.923 428.836 422.985 420.773 424.275 425.197 423.988 428.176 425.502 431.814 435.153 432.185 433.429 433.875 437.662 434.756 433.564 431.065 429.459 423.188 419.831 420.688 412.903 410.104 409.171 405.951 396.249 377.326 345.63 318.846 294.532 273.053 251.438 234.719 226.297 212.126 206.939 200.456 195.067 189.909 188.145 174.133 165.011 160.012 160.834 155.478 152.886 145.374 137.703 135.913 131.576 129.351 129.9 124.976 117.211 106.745 108.436 114.069 112.306 107.187 108.344 99.2806 105.312 102.001 96.9059 94.8458 93.0955 97.136 93.2301 97.4069 96.682 98.8962 92.4112 98.9216 93.8023 90.6807 99.1543 96.6922 99.0188 96.0216 82.1856 61.449 3.01386 3.45676 3.34153 3.58576 4.09582 13.1884 1865.5 7170.19 20830.6 53808.2 86797.5 102091 109240 113275 115774 117373 118409 119084 119525 119812 120000 120123 120202 120253 120286 120307 120321 120330 120336 120340 120342 120344 120345 120346 120346 120347 120347 120347 120347 120347 120347 120347 120347 120347 120347 120347 120347 120347 120347 120347 120347 120347 120347 120347 120347 120347 120347 120347 120347 120347 120347 120347 120347 120347 120347 120347 120347 120347 120347 120347 120347 120347 120347 120347 120347 120347 120347 120347 120347 120347 120347 120347 120347 120347 120347 120347 120347 120347 120347 120347 120347 120347 120347 120347 120347 120347 120347 120347 120347 120347 120347 120347 120347 120347 120347 120347 0 0 0 0 0 0 0 0 0 0 0 0 0 0 0 0 0 0 0 0 0 0 0 0 0
#obs cpue bio
 743.687 590.323 492.922 407.319 526.862 234.849 244.047 320.375 232.892 265.331 372.898 317.222 410.626 349.475 306.76 405.073 172.852 349.325 306.079 229.484 323.022 280.704 329.649 222.645 287.029 244.471 362.428 294.531 324.979 270.254 403.581 267.614 228.02 304.981 450.26 357.178 383.432 264.247 361.034 310.712 286.37 314.913 269.305 268.265 262.901 207.399 165.157 183.949 219.085 195.346 231.673 131.764 186.574 194.249 98.4687 152.662 223.777 139.165 132.801 144.781 144.996 133.667 128.706 126.462 129.935 154.298 124.23 128.162 164.541 137.044 87.7629 177.133 211.66 154.254 144.515 224.694 140.092 284.608 156.955 239.819 155.402 201.741 142.736 155.983 155.765 264.611 270.722 200.311 194.803 253.45 254.485 189.141 249.891 366.94 288.554 130.62 141.252 23.2889 27.4345 27.8924 32.5105 35.3957 28.5321
#pred surv len freq
 5.73319e-027 5.76408e-021 1.2376e-015 3.625e-011 1.44844e-007 7.89527e-005 0.00587086 0.0595537 0.0824122 0.0159013 0.0138956 0.0721997 0.0533026 0.0226465 0.0675172 0.0448216 0.0560069 0.0576191 0.0626742 0.0648407 0.0688285 0.072403 0.0810485 0.0743864 0.0239925
 6.30616e-027 6.77721e-021 1.45513e-015 4.26215e-011 1.70303e-007 9.28299e-005 0.00690276 0.0700212 0.0968974 0.0186778 0.0156163 0.0810287 0.0597981 0.0247741 0.0732631 0.0476846 0.0552452 0.0553694 0.0571888 0.058017 0.0610616 0.0633644 0.0684043 0.0641289 0.0224633
 6.78354e-027 7.62203e-021 1.63652e-015 4.79345e-011 1.91532e-007 0.000104402 0.00776323 0.0787497 0.108976 0.0210184 0.0180469 0.0937181 0.069123 0.0275234 0.0803437 0.0517788 0.0575567 0.0557164 0.0526544 0.0503114 0.0507739 0.0518048 0.0545255 0.0509732 0.0185377
 7.18618e-027 8.33518e-021 1.78965e-015 5.24195e-011 2.09453e-007 0.00011417 0.0084896 0.086118 0.119173 0.0229732 0.0192732 0.100014 0.0737896 0.0300249 0.0882568 0.0563733 0.0602828 0.0574964 0.0520165 0.0460671 0.0426492 0.041263 0.0422961 0.038987 0.0143424
 7.53526e-027 8.95366e-021 1.92244e-015 5.6309e-011 2.24994e-007 0.000122642 0.00911953 0.092508 0.128015 0.024671 0.0204359 0.106004 0.0781869 0.0311909 0.0910993 0.0584231 0.0635397 0.059859 0.0518777 0.0441022 0.0375361 0.0327302 0.0316412 0.0284891 0.0104477
 7.73078e-027 9.30029e-021 1.99686e-015 5.8489e-011 2.33705e-007 0.000127389 0.00947258 0.0960893 0.132971 0.0256274 0.0212791 0.110387 0.0814088 0.0321846 0.0937138 0.0598553 0.0639818 0.0605759 0.053218 0.0439255 0.0353536 0.0277777 0.0239959 0.0205942 0.00746097
 7.84704e-027 9.50652e-021 2.04114e-015 5.9786e-011 2.38887e-007 0.000130214 0.00968264 0.0982201 0.13592 0.0261951 0.0217283 0.112713 0.0831272 0.032932 0.0959534 0.0611641 0.0647972 0.0609999 0.0529224 0.044065 0.0348239 0.0253396 0.0190961 0.0149152 0.00527384
 7.93698e-027 9.66605e-021 2.0754e-015 6.07892e-011 2.42896e-007 0.000132399 0.00984512 0.0998683 0.138201 0.026634 0.0220649 0.114455 0.0844093 0.0333778 0.0971915 0.0619381 0.0655363 0.0614565 0.0526341 0.0432846 0.0341019 0.0241169 0.0161203 0.010943 0.00368909
 7.98373e-027 9.74905e-021 2.09322e-015 6.13112e-011 2.44981e-007 0.000133536 0.00992966 0.100726 0.139387 0.0268636 0.0222906 0.115632 0.0852758 0.0336834 0.0980443 0.0624488 0.0659222 0.061778 0.0527675 0.0429648 0.033349 0.0232988 0.014497 0.00839832 0.00260974
 8.00306e-027 9.78345e-021 2.1006e-015 6.15275e-011 2.45846e-007 0.000134007 0.00996469 0.101081 0.139879 0.0269588 0.0223867 0.116133 0.0856471 0.0338774 0.0986549 0.0628283 0.0662765 0.0620747 0.0529319 0.0430114 0.0330824 0.0227196 0.0135887 0.00686387 0.00190564
 7.96696e-027 9.7197e-021 2.08692e-015 6.11266e-011 2.44244e-007 0.000133134 0.00989977 0.100423 0.138968 0.0267865 0.0223698 0.116066 0.0856 0.0339236 0.0988546 0.063033 0.0668582 0.062721 0.0536792 0.043648 0.0335194 0.022773 0.0132227 0.00603968 0.0014818
 7.93578e-027 9.66464e-021 2.07509e-015 6.07804e-011 2.4286e-007 0.00013238 0.00984369 0.0998538 0.138181 0.0266356 0.0222764 0.115587 0.0852521 0.0339369 0.0990413 0.0631829 0.0671644 0.0631233 0.0543111 0.0443146 0.0341049 0.0230981 0.0131452 0.00558905 0.00122687
 7.95389e-027 9.69677e-021 2.08199e-015 6.09824e-011 2.43668e-007 0.00013282 0.00987641 0.100186 0.13864 0.0267203 0.0222008 0.11517 0.0849455 0.0338324 0.098754 0.0630388 0.0671939 0.0631608 0.0543609 0.0445001 0.0343987 0.0233412 0.0131529 0.00532385 0.00107051
 7.9907e-027 9.76195e-021 2.09599e-015 6.13923e-011 2.45306e-007 0.000133713 0.0099428 0.100859 0.139572 0.0268968 0.0222254 0.115278 0.0850188 0.0336865 0.0981589 0.062664 0.0668232 0.0628621 0.0542236 0.0444089 0.0344198 0.0234672 0.0131989 0.00518217 0.000978033
 8.03586e-027 9.84189e-021 2.11315e-015 6.18951e-011 2.47314e-007 0.000134808 0.0100242 0.101685 0.140715 0.0271122 0.0222173 0.115205 0.0849607 0.0335495 0.097648 0.062299 0.066257 0.0623852 0.0540034 0.0443647 0.0344737 0.0235856 0.0133062 0.00514326 0.000930467
 8.04172e-027 9.85223e-021 2.11537e-015 6.19601e-011 2.47574e-007 0.00013495 0.0100347 0.101792 0.140863 0.0271445 0.0223932 0.116142 0.0856436 0.0335933 0.0975533 0.0621797 0.0658547 0.0619243 0.0534613 0.0440087 0.0343261 0.0235677 0.0133467 0.00513147 0.000905136
 8.00374e-027 9.78501e-021 2.10094e-015 6.15374e-011 2.45885e-007 0.000134029 0.00996629 0.101097 0.139902 0.0269647 0.0224501 0.116471 0.085893 0.0338699 0.09853 0.0627078 0.0659663 0.0619279 0.0532681 0.0437451 0.0341366 0.023538 0.0133876 0.00514761 0.00089641
 8.03237e-027 9.83566e-021 2.11181e-015 6.18559e-011 2.47158e-007 0.000134723 0.0100179 0.101621 0.140626 0.0271013 0.0224496 0.11645 0.0858833 0.0340403 0.0991958 0.0631227 0.0663474 0.0620216 0.0526548 0.0429531 0.0333346 0.0229789 0.013128 0.00506242 0.000877619
 8.02976e-027 9.83103e-021 2.11082e-015 6.18268e-011 2.47041e-007 0.000134659 0.0100132 0.101573 0.140559 0.0270903 0.0225095 0.116772 0.0861169 0.0340123 0.0989991 0.0630909 0.0667535 0.0624456 0.0529838 0.042825 0.0328753 0.0225209 0.0128748 0.0049851 0.000864548
 7.99606e-027 9.77141e-021 2.09802e-015 6.14518e-011 2.45543e-007 0.000133843 0.00995243 0.100957 0.139707 0.0269272 0.0224188 0.116309 0.0857797 0.0340069 0.0991084 0.0631676 0.0668756 0.062777 0.0538226 0.0436115 0.0332832 0.0225268 0.012804 0.00496762 0.000863908
 7.98774e-027 9.75671e-021 2.09486e-015 6.13594e-011 2.45174e-007 0.000133641 0.00993746 0.100805 0.139497 0.0268858 0.0223518 0.115956 0.0855208 0.0339436 0.0989631 0.0631135 0.0669974 0.0628862 0.0539288 0.0440136 0.033785 0.0227228 0.0127632 0.00493484 0.000860303
 8.01771e-027 9.80976e-021 2.10625e-015 6.1693e-011 2.46507e-007 0.000134368 0.0099915 0.101353 0.140255 0.0270281 0.0223187 0.115759 0.085374 0.0338346 0.0985962 0.062881 0.0667592 0.0626884 0.0538155 0.0439165 0.03388 0.0229096 0.012764 0.0048886 0.000851513
 8.03639e-027 9.84284e-021 2.11335e-015 6.1901e-011 2.47338e-007 0.000134821 0.0100252 0.101695 0.140728 0.027116 0.0222678 0.115475 0.0851595 0.0336227 0.0978564 0.0624514 0.0665069 0.0625702 0.053999 0.0442049 0.0341875 0.0232449 0.0129777 0.00492421 0.00085292
 8.0609e-027 9.88616e-021 2.12266e-015 6.21735e-011 2.48427e-007 0.000135414 0.0100693 0.102142 0.141348 0.0272375 0.0224497 0.116431 0.0858581 0.0337007 0.0978871 0.0623491 0.065829 0.0618455 0.0532668 0.0436903 0.033899 0.0231275 0.0129783 0.0049106 0.000844006
 8.00707e-027 9.79092e-021 2.10221e-015 6.15745e-011 2.46034e-007 0.00013411 0.0099723 0.101158 0.139986 0.0269797 0.0224137 0.116275 0.0857483 0.0338235 0.0984069 0.0626829 0.0661911 0.0621677 0.053501 0.0439112 0.0341652 0.0234148 0.0132042 0.00500775 0.00085621
 7.97296e-027 9.73058e-021 2.08925e-015 6.11951e-011 2.44517e-007 0.000133283 0.00991084 0.100535 0.139123 0.0268146 0.022322 0.115806 0.0854097 0.0338787 0.0987531 0.0629516 0.066696 0.0626201 0.0537872 0.0440806 0.0342859 0.0235692 0.0133621 0.00509057 0.000869476
 7.988e-027 9.75719e-021 2.09496e-015 6.13624e-011 2.45186e-007 0.000133648 0.00993795 0.10081 0.139504 0.0268862 0.0223166 0.115767 0.0853811 0.0338712 0.0987356 0.0629595 0.0667919 0.0626774 0.0537163 0.043877 0.034008 0.023363 0.0132972 0.00509409 0.000872081
 7.98509e-027 9.75205e-021 2.09386e-015 6.13301e-011 2.45057e-007 0.000133577 0.00993271 0.100757 0.13943 0.0268715 0.0222834 0.115592 0.08525 0.0337761 0.0984173 0.062801 0.0668365 0.0628262 0.0540754 0.0441713 0.0341494 0.0233776 0.0133122 0.00512557 0.000881304
 7.95761e-027 9.70341e-021 2.08342e-015 6.10242e-011 2.43835e-007 0.000132911 0.00988317 0.100254 0.138735 0.0267412 0.0223185 0.115797 0.0854009 0.0338098 0.0984895 0.0628265 0.0667704 0.0628143 0.0542332 0.0444571 0.0344337 0.0235093 0.0133497 0.00515266 0.000890291
 7.92991e-027 9.65444e-021 2.0729e-015 6.07162e-011 2.42604e-007 0.00013224 0.00983329 0.0997483 0.138035 0.0266052 0.0221648 0.114994 0.0848154 0.0337811 0.0986048 0.0629326 0.0670345 0.0631157 0.0546261 0.0449451 0.0349888 0.0239449 0.0135613 0.0052303 0.000906894
 7.96922e-027 9.72401e-021 2.08784e-015 6.11537e-011 2.44352e-007 0.000133193 0.00990415 0.100467 0.139029 0.0267923 0.022144 0.114856 0.0847106 0.0336464 0.0981222 0.0626556 0.066883 0.0629325 0.0543412 0.0447115 0.0349001 0.0240056 0.0136146 0.00524062 0.000909657
 7.94988e-027 9.68976e-021 2.08049e-015 6.09383e-011 2.43491e-007 0.000132724 0.00986926 0.100113 0.13854 0.0267033 0.0222753 0.115571 0.0852312 0.0336586 0.0979685 0.0625352 0.0666566 0.0627839 0.0543818 0.0447086 0.0348838 0.0240726 0.0137169 0.00528119 0.000916107
 7.90119e-027 9.60357e-021 2.06198e-015 6.03963e-011 2.41326e-007 0.000131544 0.00978148 0.0992227 0.137307 0.0264714 0.0222986 0.115728 0.0853553 0.0339398 0.0990114 0.0631009 0.0667866 0.0628225 0.0543008 0.0447157 0.034909 0.0240887 0.013781 0.00532333 0.000923151
 7.88091e-027 9.56772e-021 2.05428e-015 6.01708e-011 2.40425e-007 0.000131053 0.00974496 0.0988523 0.136795 0.0263704 0.0221287 0.114833 0.0847041 0.0339448 0.0992844 0.0633848 0.0675928 0.0634931 0.0545598 0.0448307 0.0350085 0.0241812 0.0138538 0.00537352 0.000933311
 7.90944e-027 9.61821e-021 2.06512e-015 6.04884e-011 2.41694e-007 0.000131744 0.00979639 0.099374 0.137517 0.0265064 0.022121 0.114773 0.0846548 0.0337876 0.098694 0.0630776 0.0675957 0.063587 0.0547717 0.0447739 0.0347763 0.0240052 0.0137683 0.00535587 0.000933015
 7.91881e-027 9.6348e-021 2.06869e-015 6.05927e-011 2.4211e-007 0.000131971 0.00981329 0.0995454 0.137754 0.0265517 0.0221451 0.114895 0.084741 0.0337026 0.0983298 0.0628171 0.0671955 0.0633473 0.0549561 0.0450854 0.0349513 0.0239908 0.0137504 0.00535945 0.000936492
 7.90213e-027 9.6053e-021 2.06235e-015 6.04072e-011 2.41369e-007 0.000131567 0.00978324 0.0992406 0.137332 0.0264708 0.0220901 0.114612 0.0845333 0.0336453 0.0981871 0.0627271 0.0671064 0.0633147 0.0551082 0.0455296 0.035542 0.0243704 0.0139047 0.0054206 0.000949519
 7.91259e-027 9.62378e-021 2.06632e-015 6.05234e-011 2.41834e-007 0.00013182 0.00980206 0.0994315 0.137596 0.0265237 0.0222096 0.115245 0.0849978 0.0337759 0.0985138 0.0628581 0.0668779 0.0629344 0.0544212 0.0449307 0.0352407 0.0243243 0.0138547 0.00538586 0.000944473
 7.8989e-027 9.59955e-021 2.06112e-015 6.0371e-011 2.41225e-007 0.000131489 0.00977739 0.0991812 0.13725 0.0264571 0.0221623 0.115001 0.0848222 0.0338306 0.0987948 0.0630584 0.0671864 0.0631994 0.0545398 0.0448503 0.0351034 0.0243552 0.0139428 0.00540881 0.000947499
 7.87863e-027 9.5637e-021 2.05342e-015 6.01455e-011 2.40324e-007 0.000130997 0.00974087 0.0988108 0.136737 0.0263586 0.0220913 0.114634 0.0845529 0.0337516 0.0985934 0.0630084 0.0675028 0.0635867 0.0550336 0.0452338 0.0352892 0.024444 0.0140704 0.00547184 0.000956969
 7.84295e-027 9.50056e-021 2.03986e-015 5.97485e-011 2.38737e-007 0.000130133 0.00967656 0.0981584 0.135835 0.0261887 0.0221063 0.114738 0.0846294 0.0337833 0.0986869 0.0630644 0.0675488 0.0637074 0.0553503 0.0455965 0.0355862 0.0245721 0.0141475 0.00552721 0.000967117
 7.82545e-027 9.46957e-021 2.03321e-015 5.95536e-011 2.37959e-007 0.000129708 0.009645 0.0978383 0.135392 0.0261063 0.0221548 0.115009 0.0848341 0.0339974 0.0994385 0.0634718 0.0676372 0.0636453 0.0549956 0.0453165 0.0354247 0.0244546 0.0140454 0.00549931 0.000964811
 7.88738e-027 9.57912e-021 2.05673e-015 6.02425e-011 2.40711e-007 0.000131209 0.00975658 0.0989702 0.136958 0.026405 0.0222806 0.115641 0.0853018 0.0342215 0.100127 0.0638344 0.0676484 0.0633214 0.0538758 0.043974 0.0341825 0.0236009 0.0135393 0.00529775 0.000931771
 8.06131e-027 9.88676e-021 2.12278e-015 6.21772e-011 2.48442e-007 0.000135423 0.0100699 0.102149 0.141356 0.0272466 0.0227425 0.117998 0.0870277 0.0345647 0.10079 0.0640297 0.0667755 0.0619655 0.0514174 0.041105 0.0313077 0.0214151 0.0122661 0.00479371 0.000843867
 8.2317e-027 1.01881e-020 2.18749e-015 6.40726e-011 2.56015e-007 0.000139551 0.0103769 0.105262 0.145665 0.0280717 0.0232242 0.120463 0.0888328 0.0349193 0.101467 0.064231 0.0659002 0.0606888 0.0492333 0.0384573 0.0284243 0.0189636 0.0107495 0.00419201 0.000737712
 8.37269e-027 1.04375e-020 2.24103e-015 6.56407e-011 2.62281e-007 0.000142966 0.0106308 0.107839 0.14923 0.0287589 0.0237989 0.123445 0.0910193 0.0354285 0.102596 0.0646696 0.0650337 0.0593572 0.0469071 0.0358125 0.0256247 0.0164787 0.00909435 0.00351471 0.000617497
 8.49989e-027 1.06624e-020 2.28933e-015 6.70554e-011 2.67933e-007 0.000146047 0.0108599 0.110163 0.152446 0.0293778 0.0242753 0.12591 0.092833 0.036025 0.104208 0.0654063 0.0644331 0.058219 0.0446111 0.0331803 0.0229327 0.0141573 0.00749298 0.0028286 0.000493916
 8.66024e-027 1.0946e-020 2.35022e-015 6.8839e-011 2.7506e-007 0.000149932 0.0111488 0.113093 0.156501 0.0301551 0.0247612 0.128404 0.094664 0.0365132 0.105394 0.0659005 0.0637117 0.0569134 0.0420086 0.0302689 0.0200725 0.0118468 0.00596088 0.00216067 0.00037124
 8.78905e-027 1.11739e-020 2.39914e-015 7.02717e-011 2.80785e-007 0.000153052 0.0113809 0.115447 0.159759 0.0307813 0.0252199 0.130774 0.0964005 0.0368939 0.106199 0.0661961 0.062994 0.0557919 0.0399871 0.0278957 0.0176529 0.00989234 0.00470073 0.00161308 0.00026882
 8.90488e-027 1.13788e-020 2.44314e-015 7.15605e-011 2.85935e-007 0.000155859 0.0115896 0.117564 0.162689 0.0313377 0.0253631 0.131463 0.0969065 0.0370252 0.106511 0.066282 0.0625477 0.0551512 0.038904 0.0265626 0.0161551 0.0085605 0.00381231 0.00122463 0.000194964
 9.07305e-027 1.16762e-020 2.507e-015 7.34312e-011 2.93409e-007 0.000159934 0.0118925 0.120637 0.166941 0.032154 0.0259138 0.134299 0.0989749 0.0372016 0.106392 0.065905 0.0607333 0.053016 0.0362066 0.0241773 0.0142257 0.0071718 0.00297874 0.000886336 0.000132925
 9.11003e-027 1.17416e-020 2.52103e-015 7.38421e-011 2.95051e-007 0.000160829 0.0119591 0.121312 0.167876 0.0323385 0.0262378 0.136008 0.100231 0.0375794 0.107371 0.0663189 0.0601799 0.0522176 0.0349362 0.0228008 0.0129777 0.00628291 0.00244841 0.000670219 9.34816e-005
 9.23249e-027 1.19582e-020 2.56755e-015 7.52047e-011 3.00496e-007 0.000163796 0.0121798 0.123551 0.170973 0.0329261 0.0263609 0.136586 0.100658 0.0377723 0.107951 0.0664769 0.059343 0.0510621 0.0331658 0.0211795 0.0116643 0.00541837 0.00199868 0.000504607 6.48231e-005
 9.32406e-027 1.21202e-020 2.60232e-015 7.62231e-011 3.04565e-007 0.000166015 0.0123447 0.125224 0.173289 0.0333722 0.026726 0.138479 0.102036 0.0377893 0.107483 0.0660862 0.0584907 0.0499966 0.0316259 0.0196944 0.0104638 0.00466951 0.00163437 0.000383647 4.52813e-005
 9.25515e-027 1.19981e-020 2.5761e-015 7.54552e-011 3.01497e-007 0.000164342 0.0122203 0.123962 0.171543 0.0330576 0.0273057 0.141626 0.10435 0.0385188 0.109418 0.0669677 0.0577737 0.049047 0.0303699 0.0184913 0.00946756 0.00404476 0.00134475 0.000295161 3.21462e-005
 9.14614e-027 1.18052e-020 2.53468e-015 7.4242e-011 2.96649e-007 0.0001617 0.0120239 0.121969 0.168785 0.0325356 0.0272394 0.141343 0.104173 0.0393416 0.112681 0.068891 0.0590495 0.0498109 0.0300338 0.0179588 0.00893117 0.00365745 0.00115284 0.000237293 2.39856e-005
 9.36148e-027 1.21862e-020 2.6165e-015 7.66383e-011 3.06224e-007 0.000166919 0.012412 0.125906 0.174233 0.0335631 0.0272322 0.141163 0.104037 0.0392142 0.112234 0.0684504 0.0578363 0.0482246 0.0276739 0.0159732 0.00760378 0.00299258 0.000894875 0.000172689 1.62656e-005
 9.56364e-027 1.25439e-020 2.6933e-015 7.88878e-011 3.15213e-007 0.000171818 0.0127763 0.129602 0.179347 0.0345356 0.0275328 0.142638 0.105089 0.0386268 0.109545 0.0667403 0.0560559 0.0465525 0.026209 0.0146612 0.00660842 0.00246895 0.000701014 0.000127009 1.11633e-005
 9.60971e-027 1.26253e-020 2.71078e-015 7.93998e-011 3.17258e-007 0.000172933 0.0128592 0.130443 0.180511 0.0347676 0.0280225 0.145227 0.106978 0.0387799 0.109404 0.0663264 0.0541148 0.0447537 0.025 0.0138185 0.00602759 0.00212337 0.000565927 9.6251e-005 7.90515e-006
 9.58236e-027 1.25769e-020 2.70038e-015 7.90954e-011 3.16042e-007 0.00017227 0.0128099 0.129943 0.179819 0.0346364 0.0279959 0.145103 0.106901 0.0391589 0.110904 0.0671439 0.0543197 0.04472 0.024528 0.0134707 0.0058153 0.00198072 0.000494746 7.8281e-005 6.00482e-006
 9.64004e-027 1.26789e-020 2.72228e-015 7.97368e-011 3.18605e-007 0.000173667 0.0129138 0.130997 0.181277 0.0349177 0.0282382 0.146362 0.10782 0.0392671 0.110966 0.0670276 0.0534605 0.0436528 0.0231006 0.0123891 0.00521023 0.00174368 0.000417729 6.14604e-005 4.3747e-006
 9.66631e-027 1.27254e-020 2.73226e-015 8.00291e-011 3.19773e-007 0.000174304 0.0129611 0.131477 0.181941 0.0350454 0.0283316 0.146844 0.108175 0.0393845 0.111283 0.0671255 0.0530733 0.0431767 0.022478 0.0117928 0.00477373 0.00154837 0.000360873 5.03849e-005 3.3259e-006
 9.79243e-027 1.29485e-020 2.78017e-015 8.14323e-011 3.25379e-007 0.00017736 0.0131884 0.133782 0.185131 0.0356535 0.0285789 0.148084 0.109076 0.0393679 0.110864 0.0665818 0.0512033 0.0412584 0.0206897 0.0106044 0.00414294 0.00128585 0.000287983 3.86946e-005 2.40527e-006
 9.87483e-027 1.30942e-020 2.81145e-015 8.23486e-011 3.29041e-007 0.000179356 0.0133368 0.135287 0.187215 0.0360581 0.0290334 0.150461 0.110809 0.0394799 0.110624 0.0661252 0.0493036 0.0392763 0.0187739 0.00929591 0.00346294 0.00102944 0.000219137 2.81252e-005 1.66901e-006
 9.85571e-027 1.30603e-020 2.80417e-015 8.21355e-011 3.28189e-007 0.000178892 0.0133022 0.134937 0.18673 0.0359691 0.0291275 0.150978 0.111196 0.0398025 0.111725 0.0666822 0.0492061 0.0390062 0.0182029 0.00877281 0.00310733 0.00087663 0.000176836 2.14719e-005 1.2137e-006
 9.99324e-027 1.33037e-020 2.85644e-015 8.36663e-011 3.34306e-007 0.000182226 0.0135502 0.137452 0.19021 0.0366236 0.029048 0.150462 0.110813 0.0395956 0.111066 0.0661472 0.0481015 0.0378849 0.0171492 0.0080772 0.00274766 0.000733797 0.000138943 1.58569e-005 8.46892e-007
 1.0099e-026 1.34908e-020 2.89661e-015 8.4843e-011 3.39007e-007 0.000184789 0.0137407 0.139385 0.192885 0.0371327 0.0292223 0.151325 0.111426 0.0391716 0.109182 0.0649838 0.0470543 0.0369541 0.0164651 0.00761793 0.00250251 0.000640167 0.000113889 1.21121e-005 6.06406e-007
 1.01817e-026 1.36372e-020 2.92804e-015 8.57637e-011 3.42686e-007 0.000186794 0.0138899 0.140898 0.194978 0.0375281 0.0292411 0.151371 0.111453 0.0389949 0.108482 0.0644308 0.0459771 0.0360508 0.0160561 0.00738474 0.00237924 0.000588045 9.94187e-005 9.86813e-006 4.59434e-007
 1.0426e-026 1.40695e-020 3.02087e-015 8.84825e-011 3.5355e-007 0.000192716 0.0143302 0.145365 0.20116 0.0386993 0.0294444 0.152298 0.112109 0.0384895 0.106258 0.062729 0.0428622 0.0331757 0.0140278 0.00630394 0.00199046 0.00048001 7.79321e-005 7.29349e-006 3.15926e-007
 1.06659e-026 1.44939e-020 3.11198e-015 9.11513e-011 3.64214e-007 0.000198528 0.0147624 0.149749 0.207227 0.0398612 0.0301245 0.155778 0.114626 0.0380686 0.10364 0.0605966 0.0384632 0.029129 0.0112409 0.00475632 0.00139809 0.000324951 5.10319e-005 4.55751e-006 1.85346e-007
 1.08668e-026 1.48491e-020 3.18825e-015 9.33852e-011 3.7314e-007 0.000203394 0.0151242 0.153419 0.212306 0.0408425 0.0310326 0.160504 0.118062 0.0380465 0.10221 0.0589053 0.0330576 0.0241772 0.00805556 0.0030719 0.000789184 0.000166275 2.45454e-005 2.10125e-006 8.11873e-008
 1.09448e-026 1.49872e-020 3.21789e-015 9.42534e-011 3.76609e-007 0.000205285 0.0152648 0.154845 0.214279 0.0412123 0.0309329 0.159919 0.11764 0.0381489 0.102766 0.0590565 0.0322589 0.0232681 0.00707446 0.0024721 0.000543274 9.8642e-005 1.28146e-005 1.01745e-006 3.74355e-008
 1.10417e-026 1.51587e-020 3.25473e-015 9.53324e-011 3.8092e-007 0.000207635 0.0154396 0.156618 0.216732 0.0416702 0.0307418 0.158834 0.116833 0.037669 0.101217 0.0582755 0.0323975 0.0234019 0.00702737 0.0023813 0.000471605 7.37958e-005 7.99809e-006 5.49793e-007 1.8613e-008
 1.11851e-026 1.54123e-020 3.30918e-015 9.69273e-011 3.87293e-007 0.000211108 0.0156979 0.159238 0.220358 0.0423682 0.0312908 0.161676 0.118883 0.0371698 0.0984801 0.0562903 0.029206 0.0207817 0.00596768 0.00195527 0.000368279 5.23946e-005 4.79873e-006 2.70566e-007 7.86383e-009
 1.12946e-026 1.56061e-020 3.35077e-015 9.81456e-011 3.92161e-007 0.000213762 0.0158952 0.16124 0.223128 0.0429084 0.0319842 0.165314 0.121526 0.0370957 0.0971598 0.0549091 0.0252555 0.0174002 0.00440158 0.00131022 0.000226433 2.99562e-005 2.4675e-006 1.165e-007 2.75921e-009
 1.13704e-026 1.57401e-020 3.37955e-015 9.89884e-011 3.95529e-007 0.000215598 0.0160317 0.162624 0.225044 0.0432696 0.0319729 0.165203 0.121446 0.0371041 0.0972178 0.0547203 0.0240034 0.0162576 0.00372065 0.000999927 0.000149696 1.75596e-005 1.30968e-006 5.5032e-008 1.08861e-009
 1.16325e-026 1.62039e-020 3.47914e-015 1.01906e-010 4.07185e-007 0.000221951 0.0165041 0.167417 0.231676 0.0445359 0.03257 0.168225 0.123606 0.0360365 0.0922308 0.0513549 0.019623 0.0127824 0.00254737 0.000587512 7.41363e-005 7.20672e-006 4.51614e-007 1.67104e-008 2.90498e-010
 1.16653e-026 1.62619e-020 3.4916e-015 1.0227e-010 4.08643e-007 0.000222746 0.0165632 0.168016 0.232505 0.0446854 0.0322967 0.166742 0.122529 0.0360838 0.0928291 0.0517059 0.0198425 0.0129049 0.00247237 0.000536368 5.94496e-005 4.83221e-006 2.44616e-007 7.41925e-009 1.10951e-010
 1.17738e-026 1.64539e-020 3.53282e-015 1.03478e-010 4.13467e-007 0.000225376 0.0167588 0.17 0.23525 0.0452191 0.0329184 0.169996 0.124871 0.0353995 0.0892652 0.0494062 0.0173183 0.0109746 0.00196534 0.000389304 3.96326e-005 2.81173e-006 1.16625e-007 2.8013e-009 3.35837e-011
 1.20023e-026 1.68583e-020 3.61963e-015 1.06021e-010 4.23627e-007 0.000230914 0.0171706 0.174177 0.241031 0.0463127 0.0330371 0.17048 0.125195 0.0345973 0.0860181 0.0471837 0.014287 0.00863745 0.00138715 0.000231375 2.10177e-005 1.28638e-006 4.60399e-008 9.03495e-010 8.47442e-012
 1.19354e-026 1.67396e-020 3.59416e-015 1.05274e-010 4.20645e-007 0.000229288 0.0170497 0.172951 0.239335 0.0460153 0.0339278 0.17529 0.12869 0.034514 0.0843454 0.0460538 0.012824 0.00750996 0.00110013 0.000151901 1.1996e-005 5.94245e-007 1.79373e-008 2.96608e-010 2.27429e-012
 1.20457e-026 1.69349e-020 3.63609e-015 1.06503e-010 4.25553e-007 0.000231963 0.0172486 0.174969 0.242127 0.046535 0.0336514 0.173738 0.127557 0.0343993 0.0843315 0.0458502 0.0117029 0.00662252 0.000917171 0.000109706 7.70487e-006 3.03191e-007 7.35729e-009 9.76328e-011 6.18201e-013
 1.20294e-026 1.69061e-020 3.6299e-015 1.06321e-010 4.24829e-007 0.000231569 0.0172193 0.174671 0.241715 0.0464545 0.0335416 0.173162 0.127138 0.0344093 0.0845345 0.0460944 0.0124888 0.00722243 0.000992984 0.000115908 7.77375e-006 2.69129e-007 5.46408e-009 5.6685e-011 2.8191e-013
 1.21724e-026 1.71591e-020 3.68423e-015 1.07913e-010 4.31187e-007 0.000235035 0.017477 0.177286 0.245332 0.0471422 0.0337475 0.174169 0.127843 0.0336056 0.0811423 0.0440549 0.0109319 0.00611098 0.000825137 9.15095e-005 5.95143e-006 1.91301e-007 3.52188e-009 3.07611e-011 1.20944e-013
 1.1934e-026 1.67371e-020 3.59363e-015 1.05259e-010 4.20583e-007 0.000229255 0.0170472 0.172926 0.239299 0.0460175 0.034276 0.177153 0.130046 0.0345336 0.0838944 0.0455903 0.0115279 0.00648991 0.0008693 9.40555e-005 6.04951e-006 1.89431e-007 3.3416e-009 2.68209e-011 9.18026e-014
 1.18624e-026 1.66103e-020 3.5664e-015 1.04461e-010 4.17397e-007 0.000227518 0.016918 0.171616 0.237486 0.0456758 0.0342843 0.177245 0.130131 0.0350602 0.0859023 0.0466274 0.0114848 0.00639618 0.00084935 8.94441e-005 5.65238e-006 1.69894e-007 2.91503e-009 2.25101e-011 7.21655e-014
 1.19711e-026 1.68029e-020 3.60775e-015 1.05672e-010 4.22236e-007 0.000230155 0.0171142 0.173605 0.24024 0.0461746 0.0334772 0.172855 0.126934 0.0349324 0.0866403 0.047181 0.0124356 0.00711298 0.000955848 0.000104219 6.62158e-006 1.98609e-007 3.34583e-009 2.49924e-011 7.75558e-014
 1.22716e-026 1.73348e-020 3.72195e-015 1.09018e-010 4.35602e-007 0.000237441 0.0176559 0.179101 0.247844 0.0476107 0.0335347 0.172965 0.126953 0.0332104 0.0799512 0.0433951 0.0107005 0.00596164 0.000790391 8.27994e-005 5.21018e-006 1.54441e-007 2.57684e-009 1.89151e-011 5.69987e-014
 1.19597e-026 1.67827e-020 3.6034e-015 1.05545e-010 4.21728e-007 0.000229878 0.0170936 0.173396 0.23995 0.04614 0.0342593 0.177047 0.129962 0.0343449 0.0831955 0.0452381 0.0115932 0.00656219 0.000883738 9.7018e-005 6.16571e-006 1.84399e-007 3.08507e-009 2.26034e-011 6.74952e-014
 1.20012e-026 1.6856e-020 3.61916e-015 1.06007e-010 4.23572e-007 0.000230883 0.0171683 0.174154 0.241 0.0463406 0.0343651 0.177586 0.130353 0.0343223 0.0829519 0.0448823 0.0102924 0.00555506 0.00072221 7.11047e-005 4.41946e-006 1.29927e-007 2.15563e-009 1.57024e-011 4.66805e-014
 1.23263e-026 1.74315e-020 3.74271e-015 1.09626e-010 4.38032e-007 0.000238766 0.0177544 0.1801 0.249227 0.0478701 0.0334811 0.172642 0.126718 0.0331832 0.0799325 0.0432144 0.00972789 0.00519851 0.000652367 5.6288e-005 3.3108e-006 8.77891e-008 1.39257e-009 9.95846e-012 2.9337e-014
 1.22184e-026 1.72405e-020 3.7017e-015 1.08425e-010 4.33232e-007 0.000236149 0.0175599 0.178127 0.246496 0.0473568 0.0335513 0.173089 0.12705 0.0334138 0.0807046 0.0438839 0.0112505 0.00636085 0.000831812 8.29726e-005 4.9386e-006 1.24214e-007 1.85307e-009 1.22944e-011 3.50185e-014
 1.21427e-026 1.71064e-020 3.67291e-015 1.07581e-010 4.29862e-007 0.000234312 0.0174233 0.176741 0.244579 0.0470157 0.0343626 0.177479 0.130243 0.033404 0.0794334 0.0429887 0.00993539 0.00538222 0.000703181 7.02258e-005 4.27145e-006 1.15182e-007 1.71569e-009 1.06329e-011 2.80375e-014
 1.19788e-026 1.68164e-020 3.61064e-015 1.05757e-010 4.22575e-007 0.00023034 0.0171279 0.173745 0.240433 0.0462356 0.0344442 0.178024 0.130674 0.0343938 0.0831057 0.0449629 0.010297 0.00554979 0.000708459 6.52841e-005 3.92784e-006 1.07339e-007 1.66017e-009 1.08287e-011 2.79421e-014
 1.20531e-026 1.69479e-020 3.63889e-015 1.06585e-010 4.25881e-007 0.000232142 0.0172619 0.175104 0.242313 0.0465849 0.0342278 0.176817 0.129788 0.0341665 0.0825646 0.0446507 0.0101192 0.00542483 0.000682095 5.92278e-005 3.43662e-006 8.60996e-008 1.29264e-009 8.56574e-012 2.30545e-014
 1.10981e-026 1.52569e-020 3.27581e-015 9.59499e-011 3.83388e-007 0.00020898 0.0155396 0.157633 0.218137 0.042136 0.0386228 0.200958 0.147422 0.0363642 0.0842956 0.0452786 0.00863883 0.00422549 0.000503613 3.44612e-005 1.8351e-006 3.99516e-008 5.37774e-010 3.23888e-012 8.4742e-015
 1.06418e-026 1.44492e-020 3.10238e-015 9.08699e-011 3.63089e-007 0.000197915 0.0147168 0.149287 0.206588 0.0399737 0.0392662 0.204701 0.150249 0.0393331 0.0947105 0.0504598 0.00729805 0.00288681 0.000318962 1.33244e-005 5.61739e-007 8.98846e-009 9.41222e-011 4.73275e-013 1.08256e-015
 2.03153e-026 3.15749e-020 6.77943e-015 1.98573e-010 7.93437e-007 0.000432492 0.0321598 0.326227 0.451437 0.0854642 0.0117756 0.051264 0.0374071 0.00373212 8.15703e-005 1.64258e-005 1.17413e-006 1.15148e-008 1.54051e-011 2.81654e-015 7.96504e-020 2.79784e-024 2.56783e-027 2.47337e-027 2.47199e-027
 1.99422e-026 3.09142e-020 6.63758e-015 1.94418e-010 7.76835e-007 0.000423443 0.0314869 0.319401 0.441992 0.083726 0.013492 0.0606915 0.0442873 0.00441334 7.63829e-005 8.80675e-006 6.25166e-007 6.13089e-009 8.20209e-012 1.49717e-015 3.76303e-020 2.24721e-025 2.47909e-027 2.47354e-027 2.47211e-027
 1.9991e-026 3.10006e-020 6.65614e-015 1.94961e-010 7.79007e-007 0.000424627 0.0315749 0.320294 0.443227 0.0839534 0.013268 0.059461 0.0433893 0.00432363 7.39839e-005 8.18013e-006 5.8028e-007 5.69069e-009 7.61316e-012 1.38954e-015 3.46673e-020 1.39595e-025 2.47631e-027 2.47351e-027 2.4721e-027
 1.97844e-026 3.06349e-020 6.57761e-015 1.92661e-010 7.69816e-007 0.000419617 0.0312024 0.316515 0.437998 0.0829911 0.0142151 0.0646637 0.0471863 0.0047042 8.89928e-005 1.33936e-005 9.54391e-007 9.35967e-009 1.25216e-011 2.28557e-015 5.73086e-020 3.04872e-025 2.47971e-027 2.47361e-027 2.47216e-027
 2e-026 3.10166e-020 6.65957e-015 1.95062e-010 7.79409e-007 0.000424846 0.0315912 0.320459 0.443456 0.0839954 0.0132234 0.0592166 0.0432111 0.00431058 9.19258e-005 1.7762e-005 1.26915e-006 1.24466e-008 1.66515e-011 3.04005e-015 7.75196e-020 7.51697e-025 2.49341e-027 2.47351e-027 2.47209e-027
 2.10786e-026 3.29263e-020 7.06961e-015 2.07072e-010 8.27398e-007 0.000451004 0.0335363 0.34019 0.47076 0.0890195 0.00825038 0.0319024 0.0232778 0.00235463 0.000175576 7.59991e-005 5.45938e-006 5.35436e-008 7.18678e-011 1.64717e-014 6.92586e-018 1.74995e-021 6.56832e-026 2.47333e-027 2.47175e-027
#obs surv len freq
 nan nan nan nan nan nan nan nan nan nan nan nan nan nan nan nan nan nan nan nan nan nan nan nan nan
 4.91973e-027 7.74327e-021 1.66256e-015 4.8697e-011 1.94579e-007 0.000106063 0.00788674 0.0800025 0.11071 0.0213572 0.0185069 0.0961336 0.0708913 0.0278549 0.080939 0.0516755 0.0551964 0.0534004 0.0508791 0.0493106 0.0500621 0.0510333 0.0539499 0.0510203 0.0190843
 5.29362e-027 8.33175e-021 1.78892e-015 5.2398e-011 2.09367e-007 0.000114123 0.00848613 0.0860826 0.119124 0.02298 0.0198971 0.103352 0.0762155 0.0299756 0.0871249 0.0554416 0.0582969 0.0549224 0.0483164 0.0437227 0.0421387 0.0421187 0.0442621 0.0417981 0.0156304
 5.55134e-027 8.73738e-021 1.87601e-015 5.49489e-011 2.1956e-007 0.000119679 0.00889927 0.0902735 0.124923 0.0240972 0.0208039 0.108053 0.0796817 0.0313279 0.0910455 0.0579687 0.0610951 0.0573327 0.0494086 0.041927 0.0369106 0.0345926 0.0355818 0.0334553 0.0125026
 5.71082e-027 8.98839e-021 1.9299e-015 5.65275e-011 2.25868e-007 0.000123117 0.00915494 0.092867 0.128512 0.0247915 0.0214836 0.111596 0.0822913 0.0322722 0.0937091 0.0596399 0.0627431 0.0588878 0.0507147 0.0423522 0.0349604 0.0294413 0.0283764 0.0262804 0.00980306
 5.81371e-027 9.15033e-021 1.96467e-015 5.75459e-011 2.29937e-007 0.000125336 0.00931987 0.0945401 0.130827 0.0252383 0.0218754 0.113632 0.0837961 0.0329527 0.0957728 0.0609058 0.0638484 0.0598622 0.0514363 0.042905 0.0347849 0.0269704 0.0231391 0.0204766 0.00759101
 5.88806e-027 9.26736e-021 1.9898e-015 5.82819e-011 2.32878e-007 0.000126939 0.00943907 0.0957492 0.132501 0.025559 0.0220732 0.114647 0.0845448 0.0332587 0.0966747 0.0615321 0.0647501 0.0606785 0.0520093 0.0433014 0.0349863 0.0262247 0.0199819 0.0161039 0.0058584
 5.89991e-027 9.286e-021 1.9938e-015 5.83992e-011 2.33347e-007 0.000127194 0.00945806 0.0959418 0.132767 0.0256138 0.0222519 0.115596 0.0852417 0.0334475 0.0971403 0.0618535 0.0652117 0.0612144 0.0526987 0.0438338 0.0353289 0.0261986 0.0184413 0.0130782 0.00455525
 5.92424e-027 9.32429e-021 2.00203e-015 5.864e-011 2.34309e-007 0.000127718 0.00949706 0.0963374 0.133315 0.0257178 0.0222794 0.115729 0.0853448 0.0336352 0.0978288 0.0622387 0.0653669 0.0613556 0.052877 0.0441215 0.0355949 0.0262693 0.0177135 0.0110676 0.00358321
 5.94707e-027 9.36022e-021 2.00974e-015 5.8866e-011 2.35212e-007 0.000128211 0.00953365 0.0967087 0.133828 0.0258151 0.0222938 0.115793 0.0853896 0.0335872 0.097627 0.062192 0.0656996 0.0616475 0.0530171 0.0442727 0.0358236 0.0264533 0.0174408 0.00984442 0.00290452
 5.95055e-027 9.3657e-021 2.01092e-015 5.89004e-011 2.35349e-007 0.000128286 0.00953924 0.0967653 0.133907 0.0258324 0.0223925 0.116318 0.0857741 0.0336496 0.0977203 0.0622075 0.0655155 0.0615479 0.0531362 0.0443162 0.0358453 0.0265364 0.017325 0.00909972 0.0024434
 5.9481e-027 9.36184e-021 2.01009e-015 5.88761e-011 2.35252e-007 0.000128233 0.00953531 0.0967254 0.133851 0.0258215 0.0223729 0.116215 0.0857017 0.0337264 0.098046 0.0623924 0.065602 0.0615858 0.0531043 0.0444206 0.0359711 0.0266275 0.0173284 0.00868992 0.00215381
 5.95928e-027 9.37945e-021 2.01387e-015 5.89869e-011 2.35695e-007 0.000128474 0.00955324 0.0969073 0.134103 0.0258688 0.0223673 0.116178 0.0856741 0.0336995 0.0979531 0.0623695 0.0657458 0.0616903 0.0530772 0.0443379 0.0359544 0.0266591 0.017313 0.00844561 0.00197367
 5.94943e-027 9.36394e-021 2.01054e-015 5.88893e-011 2.35305e-007 0.000128261 0.00953744 0.096747 0.133881 0.0258273 0.02238 0.116252 0.0857269 0.0336747 0.0978366 0.0623085 0.0657475 0.0617696 0.0533213 0.0445018 0.0360321 0.0267475 0.0173695 0.00833593 0.00187409
 5.96716e-027 9.39184e-021 2.01653e-015 5.90648e-011 2.36006e-007 0.000128644 0.00956586 0.0970353 0.13428 0.0259034 0.0224106 0.116405 0.0858411 0.0337557 0.0981059 0.0624136 0.0655444 0.0615149 0.0530089 0.04431 0.0358823 0.0265976 0.0172758 0.00821653 0.00180344
 5.96479e-027 9.38811e-021 2.01573e-015 5.90414e-011 2.35913e-007 0.000128593 0.00956206 0.0969968 0.134227 0.0258937 0.0224262 0.11649 0.0859026 0.0337491 0.0980576 0.0624222 0.0657357 0.0616507 0.0529745 0.0442214 0.0358308 0.0265689 0.0172376 0.00815859 0.00176557
 5.96012e-027 9.38077e-021 2.01415e-015 5.89952e-011 2.35728e-007 0.000128492 0.00955458 0.0969209 0.134122 0.0258742 0.022438 0.116556 0.0859522 0.0337931 0.0982087 0.0624969 0.0657155 0.0616654 0.0530722 0.0442134 0.0357414 0.0265049 0.0171909 0.00810963 0.001741
