SBPRF35
0.0831715
Curr Bio
93109.5
B35
102226
F35
1.71459
FOFL
1.71459
OFL
57385
Bzero
23763.1
#pred survey bio
 10851.2 9778.81 6116.04 5902.49 9595.52 15197.4 22150.6 27507.9 38823.6 45944.9 64447.5 87759.4 106156 131844 124470 112309 131774 125138 110268 96123.8 107095 123986 111640 114843 119855 114990 113221 117592 128148 3.17253e+06 1.97814e+06 693506 394585 307391 272834 257105 249690 246186 244539 243770 243413 243248 243172 243138 243122 243114 243111 243110 243109 243109 243109 243109 243109 243109 243109 243109 243109 243109 243109 243109 243109 243109 243109 243109 243109 243109 243109 243109 243109 243109 243109 243109 243109 243109 243109 243109 243109 243109 243109 243109 243109 243109 243109 243109 243109 243109 243109 243109 243109 243109 243109 243109 243109 243109 243109 243109 243109 243109 243109 243109 243109 243109 243109 243109 243109 243109 243109 243109 243109 243109 243109 243109 243109 243109 243109 243109 243109 243109 243109 243109 243109 243109 243109 243109 243109 243109 243109 243109 243109 0 0 0 0 0 0 0 0 0 0 0 0 0 0 0 0 0 0 0 0 0 0 0 0 0
#obs survey bio
 7714.04 6564.88 4385.91 4521.96 13253.5 11016.2 21499.2 21912.8 45979.4 40821.3 49142.8 66928.5 92916.5 95844.7 92209.2 105083 97630.6 93339.3 77983.6 70034.6 99201.6 101882 95591 105552 102283 115057 74028.1 122246 94408.7
#pred catch bio
 2780.15 4520.82 3113.82 2494.57 3838.42 6427.07 11286.1 13562.3 22474.9 25242.1 37003 54764.3 61322.2 88772.7 91777.3 78576.2 96118.4 94057.9 88321.1 76119.3 85984.1 106679 94320.4 97610.7 106003 100192 101394 105528 102975 57385 50035.8 11408.7 5615.46 4934.31 4862.48 4855.42 4854.76 4854.7 4854.69 4854.69 4854.69 4854.69 4854.69 4854.69 4854.69 4854.69 4854.69 4854.69 4854.69 4854.69 4854.69 4854.69 4854.69 4854.69 4854.69 4854.69 4854.69 4854.69 4854.69 4854.69 4854.69 4854.69 4854.69 4854.69 4854.69 4854.69 4854.69 4854.69 4854.69 4854.69 4854.69 4854.69 4854.69 4854.69 4854.69 4854.69 4854.69 4854.69 4854.69 4854.69 4854.69 4854.69 4854.69 4854.69 4854.69 4854.69 4854.69 4854.69 4854.69 4854.69 4854.69 4854.69 4854.69 4854.69 4854.69 4854.69 4854.69 4854.69 4854.69 4854.69 4854.69 4854.69 4854.69 4854.69 4854.69 4854.69 4854.69 4854.69 4854.69 4854.69 4854.69 4854.69 4854.69 4854.69 4854.69 4854.69 4854.69 4854.69 4854.69 4854.69 4854.69 4854.69 4854.69 4854.69 4854.69 4854.69 4854.69 4854.69 4854.69 0 0 0 0 0 0 0 0 0 0 0 0 0 0 0 0 0 0 0 0 0 0 0 0 0
#obs catch bio
 3510.17 4980.81 3816.34 2637.55 3881.78 6267.7 11211 13103.7 22379.2 24687.7 36473.4 52737.5 56042.9 86707.8 93756.4 72782.2 95903.4 85726.4 89076.3 69696.7 76058.6 104612 83634.8 83669.5 92552.3 88145.6 85730.6 90139.8 99091.2
#pred cpue bio
 7996.96 7916.21 4640.22 3722.67 5763.57 9405 13780.8 16774.6 23197.9 26887.3 37106.5 49981.5 59640.3 76769.8 70416.3 59927 69869.8 67022.6 58380.4 48246.4 52705.3 60206.6 52700.6 54439.1 56485.8 52953.4 52666.9 53484.2 58115.2 1.5569e+06 1.87011e+06 621941 323122 235929 201371 185642 178227 174723 173077 172307 171950 171785 171710 171675 171659 171652 171648 171647 171646 171646 171646 171646 171646 171646 171646 171646 171646 171646 171646 171646 171646 171646 171646 171646 171646 171646 171646 171646 171646 171646 171646 171646 171646 171646 171646 171646 171646 171646 171646 171646 171646 171646 171646 171646 171646 171646 171646 171646 171646 171646 171646 171646 171646 171646 171646 171646 171646 171646 171646 171646 171646 171646 171646 171646 171646 171646 171646 171646 171646 171646 171646 171646 171646 171646 171646 171646 171646 171646 171646 171646 171646 171646 171646 171646 171646 171646 171646 171646 171646 0 0 0 0 0 0 0 0 0 0 0 0 0 0 0 0 0 0 0 0 0 0 0 0 0
#obs cpue bio
 5414.91 7432.27 3020.73 4057.91 5157.56 13901.9 16391.1 22088.5 21827.2 30567.2 52760.8 81663.1 101490 105784 89763 89315.7 91707.1 138439 75407.2 96353.3 92588.6 78112.1 100901 109384 112904 86842.2 156405 96104.7 87647.5
#pred surv len freq
 1.78059e-11 1.9335e-09 1.23785e-07 4.67225e-06 0.000103974 0.00136417 0.0105529 0.048143 0.129672 0.207402 0.202652 0.136636 0.0868262 0.0617424 0.0407899 0.0249144 0.0156642 0.0100985 0.00671854 0.00471735 0.00355934 0.00292814 0.00249779 0.00190635 0.00110569
 1.36852e-11 1.48605e-09 9.51383e-08 3.591e-06 7.99126e-05 0.0010485 0.00811174 0.0370253 0.0999877 0.162031 0.1683 0.140407 0.125956 0.107146 0.0694607 0.0367306 0.0190936 0.0102193 0.00559276 0.00321303 0.00199086 0.0013744 0.00103951 0.000753091 0.000434146
 1.60704e-11 1.74506e-09 1.1172e-07 4.21687e-06 9.38404e-05 0.00123122 0.00952477 0.0434604 0.117166 0.18826 0.188031 0.137862 0.103129 0.0821719 0.056604 0.0344866 0.0196458 0.00984767 0.00443741 0.00198837 0.000945225 0.000500964 0.000305532 0.00019573 0.000107466
 1.99858e-11 2.17022e-09 1.3894e-07 5.24428e-06 0.000116704 0.00153118 0.0118446 0.0540307 0.145459 0.232072 0.224002 0.143502 0.0803709 0.0500001 0.0290123 0.014417 0.00709898 0.00359859 0.00172622 0.000737755 0.000283937 0.000108785 4.7096e-05 2.35475e-05 1.14277e-05
 2.05651e-11 2.23312e-09 1.42966e-07 5.39626e-06 0.000120086 0.00157555 0.0121878 0.0555951 0.149654 0.238632 0.229696 0.145375 0.0786548 0.0465856 0.0250794 0.0105094 0.00389566 0.00148453 0.000584502 0.000232795 8.81436e-05 2.98524e-05 9.42373e-06 3.17817e-06 1.17435e-06
 2.00167e-11 2.17358e-09 1.39155e-07 5.25239e-06 0.000116884 0.00153354 0.011863 0.0541157 0.145704 0.232592 0.225115 0.145847 0.0837988 0.0525203 0.028732 0.0118826 0.00417202 0.00139341 0.00042999 0.00012552 3.7215e-05 1.10597e-05 3.0701e-06 7.80362e-07 1.9535e-07
 1.99418e-11 2.16544e-09 1.38633e-07 5.23271e-06 0.000116446 0.0015278 0.0118186 0.0539132 0.145161 0.231747 0.224396 0.145657 0.0841144 0.0530745 0.0293395 0.0124305 0.0045334 0.00154572 0.000462857 0.000120119 2.80939e-05 6.12549e-06 1.2966e-06 2.64931e-07 5.01021e-08
 2.0247e-11 2.19858e-09 1.40755e-07 5.31281e-06 0.000118229 0.00155118 0.0119994 0.0547372 0.147366 0.235154 0.227158 0.145979 0.0821502 0.0504013 0.0271417 0.0109289 0.00366758 0.0011757 0.000349044 9.15901e-05 2.08973e-05 4.05165e-06 6.73678e-07 1.00163e-07 1.38104e-08
 2.05781e-11 2.23454e-09 1.43057e-07 5.3997e-06 0.000120162 0.00157655 0.0121956 0.0556307 0.149753 0.238814 0.229989 0.145873 0.0793314 0.0470634 0.024993 0.00997561 0.00328916 0.00101659 0.000284121 6.95398e-05 1.51879e-05 2.89427e-06 4.61676e-07 6.01793e-08 6.4408e-09
 2.086e-11 2.26514e-09 1.45017e-07 5.47365e-06 0.000121808 0.00159814 0.0123626 0.0563915 0.151789 0.241961 0.232547 0.146192 0.0775515 0.0446211 0.0229632 0.00856634 0.00246156 0.000652796 0.000166393 3.85015e-05 7.92148e-06 1.41266e-06 2.13207e-07 2.66344e-08 2.66411e-09
 2.11094e-11 2.29223e-09 1.46751e-07 5.5391e-06 0.000123264 0.00161725 0.0125103 0.0570646 0.153586 0.244712 0.234644 0.146014 0.0752789 0.0420061 0.0213822 0.00798218 0.00229902 0.000597748 0.000141445 2.87281e-05 5.15365e-06 8.32145e-07 1.16709e-07 1.36391e-08 1.28406e-09
 2.12567e-11 2.30822e-09 1.47775e-07 5.57775e-06 0.000124124 0.00162853 0.0125976 0.057462 0.154649 0.246346 0.235935 0.146055 0.0741566 0.0406003 0.0203696 0.00741778 0.00202374 0.000490885 0.000111208 2.19847e-05 3.74147e-06 5.45381e-07 6.7033e-08 6.93947e-09 5.95247e-10
 2.1438e-11 2.32791e-09 1.49035e-07 5.62531e-06 0.000125183 0.00164242 0.012705 0.0579512 0.155957 0.248357 0.237514 0.146077 0.072733 0.038844 0.0191401 0.00676655 0.00171875 0.000371795 7.5808e-05 1.37842e-05 2.18336e-06 3.01095e-07 3.49626e-08 3.31862e-09 2.53115e-10
 2.0912e-11 2.2708e-09 1.45378e-07 5.48731e-06 0.000122112 0.00160213 0.0123934 0.0565321 0.152166 0.242553 0.23307 0.146389 0.0774359 0.0443194 0.0225486 0.00812818 0.00213418 0.000481663 9.88011e-05 1.69857e-05 2.42952e-06 3.0072e-07 3.19057e-08 2.81475e-09 2.00586e-10
 2.13319e-11 2.31639e-09 1.48297e-07 5.59748e-06 0.000124563 0.00163429 0.0126421 0.057665 0.155193 0.247192 0.236644 0.146212 0.0737916 0.0400202 0.0197942 0.00693714 0.00171248 0.000351164 6.74174e-05 1.148e-05 1.65837e-06 2.01384e-07 1.99533e-08 1.59204e-09 1.02461e-10
 2.21142e-11 2.40133e-09 1.53736e-07 5.80275e-06 0.000129131 0.00169422 0.0131056 0.0597758 0.16083 0.255823 0.243252 0.145743 0.0667891 0.0318742 0.0147341 0.00492588 0.00110054 0.00018429 2.79932e-05 4.02714e-06 5.17529e-07 5.85016e-08 5.64187e-09 4.42727e-10 2.72984e-11
 2.21931e-11 2.40991e-09 1.54285e-07 5.82347e-06 0.000129592 0.00170027 0.0131524 0.0599889 0.161399 0.256694 0.243918 0.145691 0.0660748 0.0310474 0.0142264 0.00473076 0.00104479 0.000169463 2.40635e-05 3.07923e-06 3.28596e-07 2.96846e-08 2.37236e-09 1.64721e-10 9.4943e-12
 2.20615e-11 2.39562e-09 1.5337e-07 5.78893e-06 0.000128824 0.00169019 0.0130744 0.0596338 0.160451 0.255246 0.242827 0.145829 0.0673432 0.0324764 0.0150492 0.00498259 0.00107381 0.000163457 2.10816e-05 2.4924e-06 2.50007e-07 2.07008e-08 1.43558e-09 8.20153e-11 3.83046e-12
 2.22077e-11 2.41149e-09 1.54386e-07 5.8273e-06 0.000129678 0.00170139 0.013161 0.0600283 0.161505 0.256858 0.244053 0.145716 0.0659959 0.0309288 0.0141153 0.00464324 0.000990985 0.000147135 1.81263e-05 2.02793e-06 1.90217e-07 1.44208e-08 9.11476e-10 4.76265e-11 1.99021e-12
 2.28401e-11 2.48016e-09 1.58782e-07 5.99323e-06 0.00013337 0.00174984 0.0135356 0.0617345 0.166061 0.263825 0.249348 0.145207 0.0601374 0.0242149 0.0100852 0.0032051 0.000658426 8.88227e-05 9.09886e-06 8.42435e-07 7.05233e-08 4.96654e-09 2.92215e-10 1.41075e-11 5.39362e-13
 2.30561e-11 2.50362e-09 1.60284e-07 6.04991e-06 0.000134632 0.00176638 0.0136636 0.0623174 0.167617 0.266205 0.251155 0.145027 0.0581287 0.0219166 0.00871111 0.00272114 0.000550957 7.16224e-05 6.70969e-06 5.42705e-07 3.94314e-08 2.35781e-09 1.15324e-10 4.7775e-12 1.64413e-13
 2.31982e-11 2.51904e-09 1.61271e-07 6.08719e-06 0.000135461 0.00177727 0.0137478 0.0627006 0.168641 0.26777 0.252342 0.144909 0.056806 0.0204042 0.00780806 0.0024046 0.000481745 6.09948e-05 5.33871e-06 3.86342e-07 2.52545e-08 1.36982e-09 5.90659e-11 2.08889e-12 6.03899e-14
 2.3486e-11 2.5503e-09 1.63272e-07 6.16272e-06 0.000137142 0.00179932 0.0139183 0.0634772 0.170714 0.27094 0.254747 0.144663 0.0541191 0.0173352 0.00598038 0.00176969 0.00034701 4.19339e-05 3.21291e-06 1.76517e-07 8.40982e-09 3.68309e-10 1.37125e-11 4.23739e-13 1.07747e-14
 2.34445e-11 2.54579e-09 1.62984e-07 6.15182e-06 0.000136899 0.00179614 0.0138937 0.0633652 0.170415 0.270483 0.254401 0.1447 0.0545085 0.017779 0.00624337 0.00185948 0.000364937 4.40122e-05 3.34581e-06 1.79559e-07 8.11479e-09 3.22363e-10 1.00668e-11 2.3849e-13 4.57567e-15
 2.35023e-11 2.55206e-09 1.63386e-07 6.16698e-06 0.000137237 0.00180056 0.0139279 0.0635211 0.170832 0.271119 0.254883 0.144649 0.0539672 0.0171618 0.0058772 0.00173396 0.000339501 4.09005e-05 3.10252e-06 1.65587e-07 7.41358e-09 2.91354e-10 8.95211e-12 2.04517e-13 3.62686e-15
 2.37257e-11 2.57633e-09 1.64939e-07 6.22561e-06 0.000138542 0.00181768 0.0140603 0.064124 0.172441 0.27358 0.256749 0.144454 0.0518748 0.0147751 0.00446056 0.00124752 0.000240314 2.85085e-05 2.07122e-06 9.81781e-08 3.54593e-09 1.14114e-10 3.16981e-12 6.94538e-14 1.20158e-15
 2.36296e-11 2.56589e-09 1.64271e-07 6.20039e-06 0.00013798 0.00181032 0.0140033 0.0638646 0.171749 0.272521 0.255946 0.144539 0.0527759 0.0158025 0.00506967 0.00145581 0.000282168 3.34778e-05 2.42272e-06 1.13341e-07 3.96479e-09 1.21134e-10 3.12459e-12 6.05376e-14 8.75708e-16
 2.38413e-11 2.58888e-09 1.65743e-07 6.25595e-06 0.000139217 0.00182654 0.0141288 0.0644359 0.173274 0.274853 0.257714 0.144353 0.0507915 0.0135398 0.00372785 0.000996476 0.000189529 2.23322e-05 1.59736e-06 7.22009e-08 2.33001e-09 6.39219e-11 1.52952e-12 2.83684e-14 3.92206e-16
 2.38682e-11 2.5918e-09 1.65929e-07 6.263e-06 0.000139374 0.0018286 0.0141447 0.0645084 0.173468 0.275149 0.257938 0.14433 0.0505398 0.0132527 0.00355742 0.000937976 0.000177618 2.08515e-05 1.4759e-06 6.44942e-08 1.90316e-09 4.50385e-11 9.46833e-13 1.61268e-14 2.0527e-16
#obs surv len freq
 3.87118e-11 3.74005e-09 2.13034e-07 7.1542e-06 0.000141649 0.00165354 0.0113818 0.0462246 0.111127 0.16092 0.152762 0.125846 0.11909 0.105461 0.0734168 0.044177 0.0251691 0.0131215 0.00605436 0.00241451 0.000790996 0.000199252 3.62442e-05 4.53025e-06 3.75412e-07
 2.68854e-11 2.50533e-09 1.37642e-07 4.45838e-06 8.51432e-05 0.000958748 0.00636837 0.0250114 0.0588113 0.0881187 0.106006 0.141393 0.181198 0.167844 0.110119 0.0597133 0.0305942 0.0145685 0.00614866 0.00222322 0.000656028 0.000149224 2.47116e-05 2.83095e-06 2.15518e-07
 9.94702e-11 8.92487e-09 4.72116e-07 1.47243e-05 0.000270745 0.00293515 0.0187616 0.0707327 0.157555 0.209286 0.173874 0.110054 0.07788 0.0636373 0.048805 0.0334878 0.0192132 0.00878736 0.00330897 0.00105466 0.000275763 5.57734e-05 8.24257e-06 8.47841e-07 5.83547e-08
 1.21749e-10 1.05009e-08 5.33977e-07 1.60088e-05 0.000282968 0.00294896 0.0181227 0.0657312 0.141349 0.184561 0.16337 0.133827 0.121922 0.0922363 0.0474512 0.0177426 0.00637637 0.00262481 0.00102682 0.000320452 7.59803e-05 1.34966e-05 1.74812e-06 1.58651e-07 9.70576e-09
 2.10308e-10 1.74098e-08 8.49713e-07 2.44505e-05 0.000414806 0.00414906 0.0244708 0.0851479 0.175306 0.216866 0.173731 0.116628 0.0881803 0.0624629 0.0329126 0.0133247 0.00459127 0.00134973 0.000340602 7.96865e-05 1.67461e-05 2.75607e-06 3.2349e-07 2.60098e-08 1.39965e-09
 2.53474e-10 2.01104e-08 9.4069e-07 2.59425e-05 0.000421812 0.00404377 0.0228617 0.0763128 0.15134 0.184114 0.158048 0.133576 0.121629 0.0868324 0.0414995 0.0140366 0.00395713 0.00102227 0.000228856 4.18431e-05 6.21432e-06 7.54669e-07 7.2498e-08 5.10884e-09 2.45924e-10
 4.26646e-10 3.23972e-08 1.4504e-06 3.82829e-05 0.000595751 0.00546613 0.0295749 0.0944461 0.178866 0.205897 0.161201 0.11726 0.0948876 0.0646248 0.0312072 0.0113722 0.00348029 0.000880029 0.000172144 2.60744e-05 3.13667e-06 2.95944e-07 2.11764e-08 1.119e-09 4.25034e-11
 5.58133e-10 4.0511e-08 1.73359e-06 4.37381e-05 0.000650605 0.00570614 0.0295163 0.0901873 0.164107 0.185277 0.153643 0.131144 0.11568 0.0765333 0.0335843 0.0104599 0.00270156 0.00062321 0.000120239 1.80552e-05 2.02627e-06 1.65354e-07 9.67507e-09 4.02929e-10 1.17962e-11
 9.08222e-10 6.29357e-08 2.57123e-06 6.19333e-05 0.00087953 0.00736449 0.0363677 0.106067 0.184052 0.19724 0.152628 0.119207 0.0978401 0.0616004 0.0261526 0.008009 0.00201505 0.000428687 7.2239e-05 9.38814e-06 9.4453e-07 7.16881e-08 3.90868e-09 1.46979e-10 3.71864e-12
 1.25246e-09 8.27648e-08 3.22454e-06 7.40678e-05 0.00100308 0.00800987 0.0377284 0.10505 0.174834 0.183671 0.149576 0.130245 0.110062 0.0660925 0.0254517 0.00660082 0.00132703 0.000232746 3.47329e-05 4.10185e-06 3.68747e-07 2.45038e-08 1.16919e-09 3.90923e-11 8.94241e-13
 2.02749e-09 1.27632e-07 4.73696e-06 0.000103652 0.00133723 0.0101721 0.0456416 0.121045 0.191765 0.191163 0.14617 0.118488 0.0941735 0.0537872 0.0199177 0.00504748 0.000995645 0.000164093 2.138e-05 2.08604e-06 1.53415e-07 8.58002e-09 3.5503e-10 1.04128e-11 2.09027e-13
 2.89355e-09 1.73348e-07 6.12277e-06 0.000127502 0.00156543 0.011333 0.0484051 0.122324 0.185605 0.181333 0.14486 0.125996 0.100092 0.0544801 0.0187517 0.00427183 0.00073032 0.000104879 1.24003e-05 1.12074e-06 7.50117e-08 3.66548e-09 1.27872e-10 3.11861e-12 5.24313e-14
 4.57114e-09 2.60376e-07 8.74412e-06 0.00017313 0.00202106 0.0139118 0.0564983 0.135782 0.196093 0.182941 0.14055 0.117509 0.0890007 0.0461597 0.0152702 0.00340866 0.000581355 8.17875e-05 9.0072e-06 7.2506e-07 4.23195e-08 1.8117e-09 5.61385e-11 1.2195e-12 1.80404e-14
 5.21349e-09 2.82112e-07 9.00025e-06 0.00016929 0.00187747 0.0122799 0.0474341 0.10897 0.154147 0.155153 0.153023 0.157465 0.12344 0.0617682 0.0194022 0.00409992 0.000662238 8.86042e-05 9.34896e-06 7.24684e-07 4.04566e-08 1.6186e-09 4.54887e-11 8.76051e-13 1.13767e-14
 9.76733e-09 5.01705e-07 1.51936e-05 0.000271278 0.00285579 0.017729 0.064972 0.14129 0.187112 0.169018 0.140378 0.125416 0.0908641 0.0433036 0.0133216 0.00288251 0.000493871 6.84268e-05 7.08339e-06 5.2006e-07 2.71473e-08 1.0156e-09 2.67862e-11 4.83954e-13 5.8516e-15
 1.42068e-08 6.92221e-07 1.98854e-05 0.000336795 0.0033633 0.0198083 0.0688978 0.142518 0.181427 0.163717 0.143438 0.130782 0.0911761 0.0406491 0.0113768 0.00213994 0.000307981 3.70866e-05 3.59006e-06 2.599e-07 1.36068e-08 5.03406e-10 1.27833e-11 2.17533e-13 2.44828e-15
 2.19863e-08 1.01558e-06 2.76576e-05 0.000444078 0.00420413 0.0234745 0.0774289 0.152067 0.184796 0.162094 0.140729 0.124808 0.0830116 0.0352898 0.00954802 0.00178371 0.000259386 3.05461e-05 2.71757e-06 1.7264e-07 7.84094e-09 2.57884e-10 6.05677e-12 9.8244e-14 1.06634e-15
 2.92063e-08 1.27828e-06 3.2985e-05 0.000501828 0.00450179 0.0238244 0.074568 0.139774 0.166395 0.154839 0.151597 0.140137 0.0915375 0.0385242 0.0109492 0.00235128 0.000406291 5.33071e-05 4.91923e-06 3.13184e-07 1.39367e-08 4.34537e-10 9.31978e-12 1.34576e-13 1.29209e-15
 4.39478e-08 1.82176e-06 4.45232e-05 0.000641553 0.00545109 0.0273278 0.0810849 0.14459 0.16619 0.155017 0.153776 0.137884 0.0848095 0.0329459 0.00839171 0.00156976 0.000241407 3.03575e-05 2.89262e-06 1.98918e-07 9.59734e-09 3.15125e-10 6.85501e-12 9.73119e-14 8.95813e-16
 7.90288e-08 3.10171e-06 7.17722e-05 0.000979175 0.00787691 0.0373812 0.104909 0.176225 0.187391 0.153902 0.131376 0.106739 0.0620172 0.0235176 0.00614537 0.00123733 0.000200744 2.46479e-05 2.16134e-06 1.34935e-07 6.06399e-09 1.93543e-10 4.24284e-12 6.18231e-14 5.84367e-16
 1.05165e-07 3.907e-06 8.55773e-05 0.00110517 0.00841641 0.0378269 0.100738 0.162097 0.171723 0.154459 0.14761 0.121007 0.0662752 0.0226924 0.00503564 0.000807585 0.000106067 1.16145e-05 9.86541e-07 6.13715e-08 2.70147e-09 8.16417e-11 1.65542e-12 2.22346e-14 1.96158e-16
 1.50162e-07 5.27991e-06 0.000109455 0.00133785 0.00964351 0.0410379 0.103648 0.159363 0.166026 0.154866 0.151975 0.121375 0.0637292 0.0212099 0.0047527 0.00080126 0.000108085 1.10962e-05 8.13038e-07 4.22002e-08 1.58285e-09 4.28545e-11 8.12222e-13 1.03813e-14 8.69307e-17
 2.37248e-07 7.89459e-06 0.000154882 0.00179158 0.0122218 0.0492263 0.117718 0.171639 0.170416 0.152413 0.142522 0.107547 0.0532837 0.0167928 0.00359387 0.000585661 7.71179e-05 7.79521e-06 5.67059e-07 2.90543e-08 1.04084e-09 2.56209e-11 4.24513e-13 4.6754e-15 3.40318e-17
 3.47541e-07 1.09445e-05 0.000203203 0.00222451 0.0143627 0.0547704 0.124209 0.172996 0.168264 0.152711 0.142019 0.102608 0.0480088 0.0142454 0.00286768 0.000439046 5.42972e-05 5.16918e-06 3.56311e-07 1.74401e-08 6.01467e-10 1.43133e-11 2.28759e-13 2.40372e-15 1.63705e-17
 5.0114e-07 1.49359e-05 0.000262453 0.00271927 0.0166185 0.0600132 0.12917 0.172406 0.165812 0.154063 0.142384 0.0983471 0.0434197 0.0121143 0.00228689 0.000326907 3.75824e-05 3.31665e-06 2.11433e-07 9.55917e-09 3.05059e-10 6.74983e-12 1.00904e-13 9.97337e-16 6.41731e-18
 6.67071e-07 1.88178e-05 0.000312979 0.00306945 0.01776 0.0607848 0.124599 0.161688 0.160548 0.161239 0.151699 0.101224 0.0428227 0.0116458 0.00221768 0.000327456 3.80579e-05 3.25377e-06 1.95042e-07 8.16431e-09 2.39461e-10 4.85528e-12 6.64614e-14 6.01819e-16 3.55392e-18
 1.12649e-06 3.00812e-05 0.000473602 0.00439666 0.0240785 0.0779674 0.150874 0.183036 0.165043 0.147104 0.126113 0.0788127 0.0317638 0.00841906 0.00161271 0.000243648 2.86318e-05 2.44067e-06 1.4547e-07 6.03149e-09 1.72583e-10 3.33862e-12 4.27413e-14 3.57108e-16 1.93109e-18
 1.26515e-06 3.19847e-05 0.000476764 0.00419096 0.0217468 0.0669184 0.124741 0.15389 0.160479 0.172517 0.155993 0.0938904 0.0351503 0.00838378 0.00138927 0.000179186 1.87033e-05 1.4948e-06 8.65587e-08 3.53769e-09 9.97768e-11 1.89126e-12 2.35649e-14 1.9022e-16 9.84627e-19
 1.60386e-06 3.83931e-05 0.000541894 0.00451108 0.0221811 0.0648585 0.116304 0.144148 0.162044 0.184003 0.16358 0.0942711 0.0339649 0.00799801 0.00135538 0.000179309 1.82067e-05 1.32695e-06 6.73608e-08 2.3991e-09 6.02607e-11 1.04976e-12 1.23271e-14 9.51009e-17 4.72824e-19
#pred catch len freq
 1.41827e-11 1.54007e-09 9.85968e-08 3.72154e-06 8.28175e-05 0.0010866 0.00840624 0.0383624 0.103501 0.166934 0.169707 0.132305 0.108935 0.0910568 0.0630653 0.0390203 0.0246554 0.0159209 0.0105959 0.00744014 0.00561377 0.00461824 0.0039395 0.00300668 0.00174389
 1.04234e-11 1.13186e-09 7.24626e-08 2.7351e-06 6.08662e-05 0.000798615 0.00617927 0.028222 0.0764509 0.125799 0.139594 0.139169 0.150141 0.137243 0.0905687 0.0481765 0.0251325 0.0134726 0.00737611 0.0042378 0.00262584 0.00181275 0.00137106 0.000993284 0.000572614
 1.32791e-11 1.44195e-09 9.23151e-08 3.48444e-06 7.75413e-05 0.00101738 0.00787101 0.0359261 0.0970136 0.157167 0.163052 0.135673 0.122149 0.106979 0.0755583 0.0463378 0.0264622 0.0132759 0.00598349 0.00268125 0.0012746 0.000675531 0.000411998 0.000263934 0.000144914
 1.78742e-11 1.94092e-09 1.24259e-07 4.69017e-06 0.000104373 0.0013694 0.0105935 0.0483318 0.130226 0.208655 0.205604 0.143219 0.0968561 0.0701754 0.0428239 0.0215482 0.0106568 0.00541108 0.00259672 0.00110986 0.00042715 0.000163654 7.08503e-05 3.54243e-05 1.71916e-05
 1.86225e-11 2.02219e-09 1.29462e-07 4.88655e-06 0.000108743 0.00142674 0.011037 0.0503533 0.135651 0.217164 0.213122 0.146084 0.0953329 0.0662877 0.0377062 0.0160161 0.0059669 0.00227992 0.000898501 0.000357918 0.000135522 4.58984e-05 1.44891e-05 4.88648e-06 1.80557e-06
 1.79396e-11 1.94803e-09 1.24714e-07 4.70734e-06 0.000104755 0.00137442 0.0106324 0.0485108 0.130731 0.209646 0.20744 0.146737 0.101846 0.0737712 0.0422794 0.0176849 0.00623681 0.00208835 0.000645096 0.000188359 5.58483e-05 1.65972e-05 4.60728e-06 1.17109e-06 2.93161e-07
 1.82017e-11 1.97648e-09 1.26536e-07 4.77611e-06 0.000106285 0.0013945 0.0107877 0.0492177 0.132617 0.212518 0.209557 0.146315 0.0991011 0.0707936 0.0407355 0.0174248 0.00637606 0.00217768 0.000652502 0.00016936 3.96114e-05 8.63669e-06 1.82814e-06 3.7354e-07 7.06416e-08
 1.85485e-11 2.01415e-09 1.28948e-07 4.86713e-06 0.000108311 0.00142107 0.0109932 0.0501541 0.135124 0.216399 0.212743 0.14681 0.0970658 0.0678846 0.0381793 0.0155334 0.0052316 0.00168049 0.00049932 0.00013105 2.99013e-05 5.79737e-06 9.63941e-07 1.43319e-07 1.97607e-08
 1.93387e-11 2.09995e-09 1.34441e-07 5.07446e-06 0.000112925 0.0014816 0.0114613 0.0522862 0.14082 0.22513 0.219478 0.146503 0.0902527 0.0598501 0.0330472 0.0133111 0.00440044 0.00136175 0.000380772 9.3206e-05 2.03568e-05 3.87925e-06 6.18791e-07 8.06591e-08 8.63268e-09
 1.96036e-11 2.12871e-09 1.36282e-07 5.14396e-06 0.000114471 0.00150189 0.0116182 0.0530014 0.142735 0.228103 0.221955 0.147003 0.088885 0.0577566 0.0310535 0.0117044 0.0033733 0.0008961 0.000228602 5.29088e-05 1.08861e-05 1.94133e-06 2.92997e-07 3.66019e-08 3.6611e-09
 2.00249e-11 2.17446e-09 1.39211e-07 5.25452e-06 0.000116932 0.00153417 0.0118678 0.0541382 0.145771 0.232749 0.225499 0.14671 0.0850553 0.0533428 0.0283739 0.0107031 0.00309133 0.000804873 0.000190586 3.87167e-05 6.94572e-06 1.1215e-06 1.57289e-07 1.83814e-08 1.73053e-09
 2.03857e-11 2.21364e-09 1.4172e-07 5.3492e-06 0.000119038 0.00156181 0.0120816 0.0551119 0.148373 0.236742 0.228606 0.146654 0.0820694 0.0497447 0.0259657 0.00954465 0.00260986 0.000633659 0.00014362 2.83961e-05 4.83263e-06 7.04424e-07 8.65804e-08 8.96304e-09 7.68821e-10
 2.04742e-11 2.22325e-09 1.42335e-07 5.37242e-06 0.000119555 0.00156859 0.012134 0.0553508 0.149012 0.237733 0.229422 0.14679 0.0815649 0.0490127 0.0253103 0.00904887 0.0023049 0.000499294 0.000101894 1.85333e-05 2.93577e-06 4.04855e-07 4.70105e-08 4.46218e-09 3.40336e-10
 2.01204e-11 2.18483e-09 1.39875e-07 5.27958e-06 0.000117489 0.00154148 0.0119244 0.0543961 0.146462 0.233825 0.226416 0.146957 0.0846638 0.0526553 0.0276263 0.0100295 0.00263751 0.000595573 0.000122197 2.10092e-05 3.00498e-06 3.7194e-07 3.94613e-08 3.48129e-09 2.48085e-10
 2.08333e-11 2.26224e-09 1.44831e-07 5.46664e-06 0.000121652 0.0015961 0.0123468 0.0563197 0.1516 0.241696 0.232461 0.146592 0.0783771 0.0452917 0.0229816 0.00810266 0.00200238 0.000410621 7.88213e-05 1.34206e-05 1.93859e-06 2.35404e-07 2.33236e-08 1.86093e-09 1.19767e-10
 2.16666e-11 2.35274e-09 1.50624e-07 5.68531e-06 0.000126518 0.00165994 0.0128405 0.0585683 0.157606 0.250893 0.239507 0.14611 0.0709442 0.0366314 0.0175828 0.0059345 0.00132847 0.00022254 3.38052e-05 4.86323e-06 6.24953e-07 7.06422e-08 6.81256e-09 5.34589e-10 3.29624e-11
 2.18262e-11 2.37007e-09 1.51734e-07 5.7272e-06 0.00012745 0.00167217 0.012935 0.058999 0.158756 0.252652 0.240848 0.145994 0.0694846 0.0349497 0.0165609 0.00555449 0.0012288 0.000199348 2.83033e-05 3.6213e-06 3.86412e-07 3.49058e-08 2.78952e-09 1.93683e-10 1.11635e-11
 2.17203e-11 2.35857e-09 1.50998e-07 5.69941e-06 0.000126832 0.00166405 0.0128723 0.0587133 0.157993 0.251488 0.239975 0.146115 0.0705212 0.0361098 0.0172179 0.0057418 0.00123918 0.000188645 2.43238e-05 2.87502e-06 2.88351e-07 2.3874e-08 1.65557e-09 9.45815e-11 4.41732e-12
 2.19872e-11 2.38755e-09 1.52853e-07 5.76944e-06 0.00012839 0.0016845 0.0130304 0.0594334 0.159916 0.254429 0.24221 0.145902 0.0680513 0.0332779 0.0155162 0.00513225 0.00109647 0.000162778 2.00428e-05 2.24129e-06 2.10183e-07 1.59328e-08 1.00699e-09 5.26158e-11 2.19868e-12
 2.26765e-11 2.4624e-09 1.57645e-07 5.95031e-06 0.000132415 0.0017373 0.0134387 0.0612932 0.164883 0.262024 0.247982 0.145347 0.0616663 0.0259603 0.0111233 0.00356399 0.000733383 9.89478e-05 1.0132e-05 9.37583e-07 7.84625e-08 5.52487e-09 3.25043e-10 1.56919e-11 5.99926e-13
 2.293e-11 2.48993e-09 1.59407e-07 6.01683e-06 0.000133895 0.00175672 0.0135889 0.0619771 0.166709 0.264816 0.250102 0.145137 0.0593083 0.0232627 0.00951091 0.00299676 0.000607872 7.90368e-05 7.40162e-06 5.98309e-07 4.34526e-08 2.59776e-09 1.27048e-10 5.26295e-12 1.81115e-13
 2.31406e-11 2.51279e-09 1.60871e-07 6.07207e-06 0.000135125 0.00177285 0.0137136 0.0625452 0.168226 0.267135 0.251861 0.144959 0.0573454 0.0210195 0.00817341 0.0025302 0.000507464 6.42542e-05 5.62147e-06 4.0647e-07 2.65517e-08 1.43971e-09 6.20716e-11 2.19504e-12 6.34565e-14
 2.3434e-11 2.54465e-09 1.62911e-07 6.14906e-06 0.000136838 0.00179533 0.0138875 0.0633368 0.17034 0.270367 0.254313 0.144709 0.0546066 0.0178912 0.00631014 0.00188266 0.000369855 4.47087e-05 3.42501e-06 1.8807e-07 8.95299e-09 3.9187e-10 1.45861e-11 4.50687e-13 1.14594e-14
 2.33932e-11 2.54022e-09 1.62627e-07 6.13836e-06 0.0001366 0.0017922 0.0138633 0.0632268 0.170046 0.269918 0.253973 0.144745 0.0549893 0.0183273 0.00656858 0.00197086 0.000387448 4.67401e-05 3.55269e-06 1.90563e-07 8.6052e-09 3.41639e-10 1.06659e-11 2.52656e-13 4.84712e-15
 2.34759e-11 2.5492e-09 1.63202e-07 6.16006e-06 0.000137083 0.00179854 0.0139123 0.0634499 0.170641 0.270828 0.254663 0.144672 0.0542145 0.0174437 0.00604441 0.00179122 0.000351069 4.22998e-05 3.20805e-06 1.71117e-07 7.65414e-09 3.00597e-10 9.23329e-12 2.10915e-13 3.74005e-15
 2.37015e-11 2.5737e-09 1.64771e-07 6.21926e-06 0.0001384 0.00181582 0.0140459 0.0640586 0.172267 0.273313 0.256547 0.144476 0.0521018 0.0150339 0.00461402 0.00130002 0.000250887 2.97729e-05 2.16298e-06 1.02493e-07 3.699e-09 1.18938e-10 3.30216e-12 7.23395e-14 1.25139e-15
 2.36131e-11 2.5641e-09 1.64156e-07 6.19605e-06 0.000137884 0.00180905 0.0139936 0.06382 0.17163 0.272339 0.255808 0.144553 0.0529309 0.0159791 0.0051744 0.00149164 0.000289379 3.43386e-05 2.48483e-06 1.16207e-07 4.06183e-09 1.23982e-10 3.19624e-12 6.19119e-14 8.95498e-16
 2.38309e-11 2.58775e-09 1.6567e-07 6.25322e-06 0.000139156 0.00182574 0.0141226 0.0644078 0.173199 0.274738 0.257627 0.144362 0.0508892 0.0136512 0.00379386 0.00101905 0.000194069 2.28727e-05 1.63596e-06 7.39266e-08 2.3841e-09 6.53422e-11 1.56242e-12 2.89701e-14 4.00477e-16
 2.38273e-11 2.58736e-09 1.65645e-07 6.25228e-06 0.000139135 0.00182546 0.0141205 0.0643981 0.173173 0.274699 0.257597 0.144366 0.0509229 0.0136895 0.00381639 0.00102654 0.000195417 2.29661e-05 1.62587e-06 7.10425e-08 2.09572e-09 4.95658e-11 1.04143e-12 1.77332e-14 2.25691e-16
#obs catch len freq
 3.29728e-11 3.18559e-09 1.81452e-07 6.0936e-06 0.00012065 0.00140842 0.00969514 0.0393859 0.0948341 0.138458 0.136436 0.124249 0.129463 0.1197 0.0863587 0.0545502 0.0327213 0.0180788 0.00896547 0.00383464 0.00131985 0.000342209 6.34507e-05 8.07425e-06 6.8221e-07
 5.19208e-11 4.83826e-09 2.65813e-07 8.60995e-06 0.000164425 0.00185134 0.0122918 0.048159 0.111791 0.157022 0.14749 0.12558 0.12256 0.107757 0.0740216 0.0442915 0.0250548 0.0128977 0.00585156 0.0022783 0.000721465 0.000173865 2.99866e-05 3.52868e-06 2.73794e-07
 3.64113e-11 3.26697e-09 1.7282e-07 5.38991e-06 9.91099e-05 0.00107459 0.00687363 0.0260118 0.0591125 0.086798 0.106237 0.145756 0.184884 0.166765 0.107181 0.05764 0.0293297 0.0137857 0.00571234 0.00201333 0.000573849 0.00012487 1.96046e-05 2.11363e-06 1.50591e-07
 1.40417e-10 1.2111e-08 6.15852e-07 1.84634e-05 0.000326354 0.00340103 0.0208981 0.0757438 0.162263 0.207716 0.167948 0.10683 0.0779488 0.0640601 0.048753 0.0329931 0.0185239 0.00828255 0.00305251 0.00094795 0.000239347 4.62992e-05 6.48752e-06 6.28109e-07 4.04597e-08
 1.73836e-10 1.43906e-08 7.02352e-07 2.02102e-05 0.000342871 0.00342962 0.0202302 0.0704414 0.145566 0.183556 0.160056 0.133489 0.122059 0.0898734 0.0447773 0.016465 0.00595466 0.00244624 0.00093405 0.000281648 6.41978e-05 1.08965e-05 1.33856e-06 1.144e-07 6.55253e-09
 3.05956e-10 2.42742e-08 1.13546e-06 3.13138e-05 0.000509144 0.00488085 0.02759 0.0920205 0.1817 0.216187 0.168656 0.113584 0.0863936 0.0598842 0.0306914 0.0121811 0.00412385 0.00118711 0.000294418 6.7647e-05 1.37539e-05 2.15954e-06 2.39885e-07 1.8152e-08 9.14826e-10
 3.74382e-10 2.84286e-08 1.27272e-06 3.35933e-05 0.000522775 0.00479667 0.025956 0.0829454 0.157647 0.18477 0.15574 0.132253 0.118758 0.0818538 0.0377247 0.0124351 0.00345494 0.000877278 0.000191391 3.39495e-05 4.87854e-06 5.70001e-07 5.21594e-08 3.4668e-09 1.56336e-10
 6.37008e-10 4.6236e-08 1.97858e-06 4.99191e-05 0.000742543 0.0065123 0.0336812 0.10283 0.186322 0.205957 0.157079 0.113938 0.0910082 0.0599757 0.0280316 0.00998199 0.0029909 0.000734708 0.000139057 2.03808e-05 2.36571e-06 2.14045e-07 1.45946e-08 7.30344e-10 2.61011e-11
 8.47726e-10 5.87436e-08 2.39996e-06 5.78079e-05 0.000820948 0.00687409 0.033949 0.0990596 0.172319 0.186925 0.151393 0.127945 0.109764 0.0696927 0.0294087 0.00890752 0.00225999 0.000510115 9.54133e-05 1.38006e-05 1.48412e-06 1.15555e-07 6.42719e-09 2.53393e-10 6.98961e-12
 1.39315e-09 9.20623e-08 3.58677e-06 8.23882e-05 0.00111576 0.0089093 0.0419576 0.116718 0.193331 0.198483 0.148921 0.114084 0.0906655 0.0547098 0.0223343 0.00664765 0.00163564 0.000338282 5.50846e-05 6.90502e-06 6.67652e-07 4.83783e-08 2.50224e-09 8.88309e-11 2.11402e-12
 1.94761e-09 1.22604e-07 4.55034e-06 9.95689e-05 0.00128455 0.00977148 0.0438474 0.116332 0.184672 0.185867 0.146778 0.124517 0.101063 0.0578746 0.021303 0.0053306 0.00104638 0.000179397 2.59537e-05 2.95261e-06 2.54451e-07 1.61261e-08 7.30339e-10 2.30753e-11 4.96676e-13
 3.16641e-09 1.89695e-07 6.70015e-06 0.000139525 0.00171304 0.0124012 0.0529566 0.133685 0.201755 0.192237 0.1418 0.111303 0.0847094 0.0460873 0.0163117 0.0039888 0.000766034 0.00012255 1.53772e-05 1.44113e-06 1.01733e-07 5.44019e-09 2.13929e-10 5.92964e-12 1.12e-13
 4.56939e-09 2.60277e-07 8.74079e-06 0.000173064 0.00202029 0.0139065 0.056477 0.135733 0.196038 0.182954 0.140702 0.11774 0.0891202 0.0460762 0.0151084 0.00330676 0.00054914 7.67204e-05 8.75373e-06 7.59062e-07 4.85907e-08 2.26224e-09 7.48739e-11 1.72618e-12 2.73406e-14
 7.23722e-09 3.9162e-07 1.24939e-05 0.000235001 0.00260611 0.0170419 0.0657516 0.150148 0.206186 0.183414 0.135111 0.108151 0.0778536 0.0383213 0.01208 0.0025932 0.000429209 5.84665e-05 6.18104e-06 4.75793e-07 2.65398e-08 1.08329e-09 3.18584e-11 6.5376e-13 9.1017e-15
 8.52755e-09 4.38023e-07 1.32651e-05 0.000236845 0.00249338 0.0154809 0.0567673 0.123827 0.166454 0.159538 0.149893 0.14628 0.108509 0.0514434 0.0153811 0.0031227 0.000489145 6.33471e-05 6.41462e-06 4.75029e-07 2.52872e-08 9.61709e-10 2.55877e-11 4.64909e-13 5.68027e-15
 1.5785e-08 7.69118e-07 2.20944e-05 0.000374207 0.00373682 0.0220059 0.0765014 0.157823 0.198312 0.16996 0.133667 0.112769 0.0771922 0.0348639 0.0102312 0.00213366 0.000354216 4.72396e-05 4.67069e-06 3.2681e-07 1.62516e-08 5.77739e-10 1.44188e-11 2.45543e-13 2.78981e-15
 2.31647e-08 1.07001e-06 2.91399e-05 0.000467879 0.0044294 0.0247309 0.0815483 0.159914 0.192926 0.164659 0.135789 0.116401 0.0764988 0.032243 0.00857344 0.00154652 0.000215569 2.51203e-05 2.33402e-06 1.61317e-07 8.03504e-09 2.81647e-10 6.74911e-12 1.08059e-13 1.14169e-15
 3.56888e-08 1.562e-06 4.0306e-05 0.000613203 0.00550059 0.0291019 0.0909544 0.169262 0.194864 0.161661 0.132178 0.110259 0.0691322 0.027793 0.00715326 0.00128358 0.000180445 2.04386e-05 1.73539e-06 1.04962e-07 4.53876e-09 1.41826e-10 3.1506e-12 4.81162e-14 4.89954e-16
 4.86635e-08 2.01724e-06 4.93005e-05 0.000710386 0.0060357 0.0302525 0.0896712 0.159099 0.178806 0.155708 0.141593 0.122409 0.0753625 0.0300917 0.00819039 0.00169806 0.000282429 3.53499e-05 3.09829e-06 1.87302e-07 7.91039e-09 2.33431e-10 4.72135e-12 6.41061e-14 5.77481e-16
 7.32635e-08 2.87543e-06 6.65363e-05 0.00090775 0.00730258 0.0346615 0.0973588 0.164225 0.177898 0.154692 0.142114 0.11905 0.0689245 0.025339 0.00615861 0.00111102 0.000165257 1.99569e-05 1.81418e-06 1.18545e-07 5.4123e-09 1.67473e-10 3.42291e-12 4.55635e-14 3.92669e-16
 1.29477e-07 4.81022e-06 0.000105361 0.00136063 0.0103607 0.0465402 0.123608 0.196307 0.196423 0.149533 0.116886 0.0881039 0.0481327 0.0173126 0.00433352 0.000841413 0.000131094 1.53437e-05 1.27946e-06 7.59659e-08 3.24048e-09 9.77377e-11 2.01533e-12 2.75202e-14 2.43112e-16
 1.75653e-07 6.17621e-06 0.000128035 0.00156492 0.0112791 0.0479736 0.12086 0.183609 0.182064 0.150123 0.130837 0.0996197 0.0512446 0.016574 0.00350009 0.000539724 6.84824e-05 7.2041e-06 5.83885e-07 3.44998e-08 1.43621e-09 4.08888e-11 7.78813e-13 9.80457e-15 8.08993e-17
 2.53557e-07 8.43731e-06 0.000165529 0.00191472 0.0130612 0.0525929 0.125606 0.182029 0.176397 0.149125 0.132791 0.0984936 0.0486157 0.0153159 0.00327582 0.000530738 6.86291e-05 6.7065e-06 4.66473e-07 2.29995e-08 8.18941e-10 2.09675e-11 3.73929e-13 4.47832e-15 3.50312e-17
 3.97522e-07 1.25184e-05 0.000232424 0.00254434 0.0164255 0.062597 0.141519 0.19429 0.178746 0.143713 0.121163 0.0847219 0.0394385 0.0117656 0.00240373 0.0003764 4.75024e-05 4.57141e-06 3.15533e-07 1.53158e-08 5.18435e-10 1.20177e-11 1.86988e-13 1.92995e-15 1.31396e-17
 5.85283e-07 1.74437e-05 0.000306517 0.00317568 0.0194042 0.0700097 0.150032 0.196316 0.175532 0.141475 0.118074 0.0790038 0.0347229 0.00974863 0.00187172 0.000275003 3.25631e-05 2.95037e-06 1.92981e-07 8.9498e-09 2.91622e-10 6.53163e-12 9.79164e-14 9.62571e-16 6.12035e-18
 8.46849e-07 2.38891e-05 0.00039732 0.00389632 0.0225361 0.0769962 0.156522 0.195761 0.171656 0.140416 0.116449 0.0745644 0.0309273 0.00816105 0.00146783 0.000201042 2.20972e-05 1.85399e-06 1.12069e-07 4.79865e-09 1.44668e-10 3.01281e-12 4.22469e-14 3.90627e-16 2.34602e-18
 1.15064e-06 3.0726e-05 0.000483753 0.00449087 0.0245936 0.0796222 0.153958 0.186144 0.165975 0.145305 0.123124 0.0763828 0.0304053 0.00783435 0.00142333 0.000201027 2.22455e-05 1.8022e-06 1.02236e-07 4.04826e-09 1.12087e-10 2.13811e-12 2.74453e-14 2.32447e-16 1.2811e-18
 1.89027e-06 4.77881e-05 0.000712299 0.00626018 0.0324532 0.0994165 0.181502 0.205211 0.165867 0.127371 0.0971436 0.0562085 0.0213099 0.00535695 0.000979521 0.000141338 1.57836e-05 1.27396e-06 7.18192e-08 2.81263e-09 7.57995e-11 1.37659e-12 1.65017e-14 1.28843e-16 6.49947e-19
 2.25402e-06 5.3956e-05 0.000761515 0.00633787 0.0311287 0.0905471 0.158572 0.179313 0.162246 0.149653 0.12227 0.0685479 0.024143 0.00544785 0.000859287 0.00010586 1.0527e-05 7.98353e-07 4.37616e-08 1.68863e-09 4.48095e-11 7.96502e-13 9.28311e-15 6.99528e-17 3.3742e-19
#spawning biomass
 9466.15 8917.25 5411.87 4834.88 7714.82 12366 18060.8 22253.9 31157.4 36580.8 50990.3 69149.1 83216.5 104779 97833.2 86367.9 101102 96368.6 84557.8 72309.6 80007.2 92195.9 82213.9 84693.2 88214.8 83976.4 82964.8 85522.3 93109.5 102946 81200.6 18764.3 9529.55 8444.04 8329.56 8318.31 8317.26 8317.16 8317.15 8317.15 8317.15 8317.15 8317.15 8317.15 8317.15 8317.15 8317.15 8317.15 8317.15 8317.15 8317.15 8317.15 8317.15 8317.15 8317.15 8317.15 8317.15 8317.15 8317.15 8317.15 8317.15 8317.15 8317.15 8317.15 8317.15 8317.15 8317.15 8317.15 8317.15 8317.15 8317.15 8317.15 8317.15 8317.15 8317.15 8317.15 8317.15 8317.15 8317.15 8317.15 8317.15 8317.15 8317.15 8317.15 8317.15 8317.15 8317.15 8317.15 8317.15 8317.15 8317.15 8317.15 8317.15 8317.15 8317.15 8317.15 8317.15 8317.15 8317.15 8317.15 8317.15 8317.15 8317.15 8317.15 8317.15 8317.15 8317.15 8317.15 8317.15 8317.15 8317.15 8317.15 8317.15 8317.15 8317.15 8317.15 8317.15 8317.15 8317.15 8317.15 8317.15 8317.15 8317.15 8317.15 8317.15 8317.15 8317.15 8317.15 8317.15 0 0 0 0 0 0 0 0 0 0 0 0 0 0 0 0 0 0 0 0 0 0 0 0 0
